O=C1C=CC2C(=C1)CCC1C2CCC2C(C(=O)CSc3nc4ccccc4s3)CCC21
O=C1C=C2CCC3C(CCC4C(C(=O)CSc5nc6ccccc6s5)CCC43)C2C1
O=C1C=C2CCC3C(CCCC(=O)CSc4nc5ccccc5s4)CCCC3C2C1
O=C1C=C2CCCC(CCCCCCCC(=O)CSc3nc4ccccc4s3)C2C1
O=C1C=C2CCCC(CCCCCCCCCSc3nc4ccccc4s3)C2C1
O=C1C=C2CCCC(CCCCCCCCCSc3nc4ccccc4s3)C2C1
O=C1C=C2CCCC(CCCCCCCCCSc3nc4ccccc4s3)C2C1
O=C1C=C2CCCC(CCCCCCCCCSc3nc4ccccc4s3)C2C1
O=C1C=C2CCCC(CCCCCCCCCCc3nc4ccccc4s3)C2C1
O=C1C=C2CCCC(CCCCCCCCCCc3nc4ccccc4s3)C2C1
O=C1C=C2CCCC(CCCC3CCC(CCCc4nc5ccccc5s4)C3)C2C1
O=C1C=C2CCCC(CCCC3CCC(CCCCSc4ccccc4)C3)C2C1
O=C1C=C2CCCC(CCCC3CCC(CCCCSc4ccccc4)C3)C2C1
O=C1C=C2CCCC(CCCC3CCC(CCCSc4ccccc4)C3)C2C1
O=C1C=C2CCCC(CCCC3CCC(CCCCc4ccccc4)C3)C2C1
C=C1C=C2CCCC(CCCC3CCC(CCCCc4ccccc4)C3)C2C1
C=C1C=C2CCCC(CCCC3CCC(CCCCc4ccccc4)CC3)C2C1
C=C1C=C2CCCC(CCCC3CCC(CCCCc4ccccc4)CC3)C2C1
C=C1C=C2CCCC(CCCC3CCC(CCCc4ccccc4)CC3)C2C1
N=C1C=C2CCCC(CCCC3CCC(CCCc4ccccc4)CC3)C2C1
N=C1C=C2CCCC(CCCC3CCC(CCc4ccccc4)CC3)C2C1
N=C1C=C2CCCC(CCCC3CCC(CCc4ccccc4)CC3)C2C1
N=C1C=C2CCCC(CCCC3CCCC(CCc4ccccc4)CC3)C2C1
N=C1C=C2CCCC(CCCC3CCCC(Cc4ccccc4)CC3)C2C1
N=C1C=C2CCCC(CCCC3CCCC(c4ccccc4)CC3)C2C1
N=C1C=C2CCCC(CCCC3CCCN(c4ccccc4)CC3)C2C1
N=C1C=C2CCCC(CCCC3CCCN(c4ccccc4)CCC3)C2C1
N=C1C=C2CCCC(CCCC3CCCN(c4ccccc4)CCC3)C2C1
C=C1C=C2CCCC(CCCC3CCCN(c4ccccc4)CCC3)C2C1
C=C1C=C2CCCC(CCCC3CCCN(c4ccccc4)CC3)C2C1
C=C1C=C2CCCC(CCCC3CCCN(c4ccccc4)CC3)C2C1
C=C1C=C2CCCC(CCCC3CCN(c4ccccc4)CC3)C2C1
C1=C2CCCC(CCCC3CCN(c4ccccc4)CC3)C2CC1=C1CN1
C1=C2CCCC(CCCC3CCCN(c4ccccc4)CC3)C2CC1=C1CN1
C1=C2CCCC(CCCC3CCCN(c4ccccc4)CC3)C2CC1=C1CCN1
C1=C2CCCC(CCCC3CCCN(c4ccccc4)CC3)C2CC1=C1CCN1
C1=C2CCCC(CCCC3CCCN(c4ccccc4)C3)C2CC1=C1CCN1
C1=C2CCCC(CCCC3CCCN(c4ccccc4)C3)C2CC1=C1CCN1
C1=C2CCCC(CCCC3CCN(c4ccccc4)C3)C2CC1=C1CCN1
C1=C2CCCC(CCCC3CCN(c4ccccc4)C3)C2CC1=C1CCN1
C1=C2CCCC(CCCC3CCCN(c4ccccc4)C3)C2CC1=C1CCN1
C1=C2CCCC(CCCC3CCCN(c4ccccc4)CC3)C2CC1=C1CCN1
C1=C2CCCC(CCCC3CCCCN(c4ccccc4)CC3)C2CC1=C1CCN1
C1=C2CCCC(CCCC3CCCCN(c4ccccc4)CC3)C2CC1=C1CN1
C1=C2CCCC(CCCC3CCCN(c4ccccc4)CC3)C2CC1=C1CN1
C1=C2CCCC(CCCC3CCCN(c4ccccc4)C3)C2CC1=C1CN1
C1=C2CCCC(CCCC3CCCN(c4ccccc4)C3)C2CC1=C1CN1
C1=C2CCCC(CCCC3CCN(c4ccccc4)C3)C2CC1=C1CN1
C1=C2CCCC(CCCC3CCN(c4ccccc4)C3)C2CC1=C1CN1
C1=C2CCCCC(CCCC3CCN(c4ccccc4)C3)C2CC1=C1CN1
C1=C2CCCCC(CCCC3CCN(c4ccccc4)CC3)C2CC1=C1CN1
C1=C2CCCCC(CCCC3CCCN(c4ccccc4)CC3)C2CC1=C1CN1
C1=C2CCCCCC(CCCC3CCCN(c4ccccc4)CC3)C2CC1=C1CN1
C1=C2CCCCCC(CCCC3CCCN(c4ccccc4)CC3)C2CC1=C1CN1
C1=C2CCCCCC(CCCC3CCCN(c4ccccc4)CC3)C2CC1=C1NN1
C1=C2CCCCCC(CCCC3CCCN(c4ccccc4)CC3)C2CC1=C1NN1
C1=C2CCCCC(CCCC3CCCN(c4ccccc4)CC3)C2CC1=C1NN1
C1=C2CCCCC(CCCC3CCN(c4ccccc4)CC3)C2CC1=C1NN1
C1=C2CCCCC(CCCC3CCN(c4ccccc4)CC3)C2CC1=C1NNN1
C1=C2CCCCC(CCCC3CCCN(c4ccccc4)CC3)C2CC1=C1NNN1
C1=C2CCCCC(CCCC3CCCN(c4ccccc4)CC3)C2CC1=C1N=NN1
C1=C2CCCCCC(CCCC3CCCN(c4ccccc4)CC3)C2CC1=C1N=NN1
C1=C2CCCCCC(CCCC3CCCCN(c4ccccc4)CC3)C2CC1=C1N=NN1
C1=C2CCCCCC(CCCC3CCCCN(c4ccccc4)CC3)C2CC1=C1NN1
C1=C2CCCCCC(CCCC3CCCCN(c4ccccc4)CC3)C2CC1=C1NN1
C1=C2CCCCCC(CCCC3CCCCN(c4ccccc4)CC3)C2CC1=C1NN1
C1=C2CCCCC(CCCC3CCCCN(c4ccccc4)CC3)C2CC1=C1NN1
C1=C2CCCCC(CCCC3CCCCN(c4ccccc4)C3)C2CC1=C1NN1
C1=C2CCCCC(CCCC3CCCCN(c4ccccc4)C3)C2CC1=C1NN1
C1=C2CCCCC(CCCC3CCCCN(c4ccccc4)C3)C2CC1=C1NN1
C1=C2CCCCC(CCCC3CCCCN(c4ccccc4)C3)C2CC1=C1NN1
C1=C2CCCCC(CCCC3CCCN(c4ccccc4)C3)C2CC1=C1NN1
C1=C2CCCCC(CCCC3CCN(c4ccccc4)C3)C2CC1=C1NN1
C1=C2CCCCC(CCCC3CCN(c4ccccc4)C3)C2CC1=C1NCN1
C1=C2CCCCC(CCCC3CCN(c4ccccc4)C3)C2CC1=C1CCN1
C=C1C=C2CCCCC(CCCC3CCN(c4ccccc4)C3)C2C1
C=C1C=C2CCCCC(CCCC3CN(c4ccccc4)C3)C2C1
C=C1C=C2CCCCC(CCCC3CN(c4ccccc4)C3)C2C1
C1=CCC2C(=C1)CCCCC2CCCC1CN(c2ccccc2)C1
C1=C2CCCCC(CCCC3CN(c4ccccc4)C3)C2CC=C1N1CCC1
C1=C2CCCCC(CCCC3CCN(c4ccccc4)C3)C2CC=C1N1CCC1
C1=C2CCCCC(CCCC3CCN(c4ccccc4)C3)C2CC=C1N1CC1
C1=C2CCCCCC(CCCC3CCN(c4ccccc4)C3)C2CC=C1N1CC1
C1=C2CCCCCC(CCCC3CCN(c4ccccc4)C3)C2CC=C1N1CCC1
C1=C2CCCCCC(CCCC3CCN(c4ccccc4)CC3)C2CC=C1N1CCC1
C1=C2CCCCCC(CCCC3CCN(c4ccccc4)CC3)C2CC=C1N1CCCC1
C1=C2CCCCC(CCCC3CCN(c4ccccc4)CC3)C2CC=C1N1CCCC1
C1=C2CCCCC(CCCC3CCCN(c4ccccc4)CC3)C2CC=C1N1CCCC1
C1=C2CCCCC(CCCC3CCCN(c4ccccc4)CC3)C2CC=C1N1CCCC1
C1=C2CCCC(CCCC3CCCN(c4ccccc4)CC3)C2CC=C1N1CCCC1
C1=C2CCCC(CCCC3CCCN(c4ccccc4)CC3)C2CC=C1N1CCCC1
C1=C2CCCC(CCCC3CCCN(c4ccccc4)C3)C2CC=C1N1CCCC1
C1=C2CCCC(CCCC3CCCN(c4ccccc4)C3)C2CC=C1N1CCC1
C1=C2CCCC(CCCC3CCCN(c4ccccc4)C3)C2CC=C1N1CCC1
C1=C2CCCC(CCCC3CCCN(c4ccccc4)C3)C2CC=C1N1CCC1
C1=C2CCCC(CCCC3CCCN(c4ccccc4)CC3)C2CC=C1N1CCC1
C1=C2CCCC(CCCC3CCCN(c4ccccc4)CC3)C2CC=C1N1CCC1
C1=C2CCCC(CCCC3CCCN(c4ccccc4)CC3)C2CC2=C1NCCC2
C1=C2CCCC(CCCC3CCCN(c4ccccc4)CC3)C2CC2=C1NCC2
C1=C2CCCC(CCCC3CCN(c4ccccc4)CC3)C2CC2=C1NCC2
C1=C2CCCC(CCCC3CCN(c4ccccc4)CC3)C2Cc2cc[nH]c21
C1=C2CCCC(CCCC3CCN(c4ccccc4)CC3)C2CC2=C1NCC2
C1=C2CCCC(CCCC3CCN(c4ccccc4)CC3)C2CC2=C1NCC2
C1=C2CCCC(CCCC3CCN(c4ccccc4)CC3)C2CC2=C1NCC2
C1=C2CCCC(CCCC3CCN(c4ccccc4)CC3)C2Cc2cc[nH]c21
C1=C2CCCC(CCCC3CCN(c4ccccc4)CC3)C2Cc2cc[nH]c21
C1=C2CCCC(CCCC3CCN(c4ccccc4)CC3)C2Cc2cc[nH]c21
C1=C2CCCC(CCCC3CCN(c4ccccc4)CC3)C2Cc2cn[nH]c21
C1=C2CCCC(CCCC3CCN(c4ccccc4)C3)C2Cc2cn[nH]c21
C1=C2CCCC(CCCC3CCCN(c4ccccc4)C3)C2Cc2cn[nH]c21
C1=C2CCCC(CCCC3CCCN(c4ccccc4)C3)C2Cc2cn[nH]c21
C1=C2CCCC(CCCC3CCN(c4ccccc4)C3)C2Cc2cn[nH]c21
C1=C2CCCC(CCCC3CCN(c4ccccc4)C3)C2Cc2cn[nH]c21
C1=C2CCCC(CCCC3CCN(c4ccccc4)C3)C2Cc2cn[nH]c21
C1=C2CCCC(CCCC3CCN(c4ccccc4)C3)C2Cc2cn[nH]c21
C1=C2CCCC(CCCC3CCN(c4ccccc4)CC3)C2Cc2cn[nH]c21
C1=C2CCCC(CCCC3CCN(c4ccccc4)CC3)C2Cc2cn[nH]c21
C1=C2CCCC(CCCC3CCN(c4ccccc4)CC3)C2Cc2cn[nH]c21
C1=C2CCCC(CCCC3CCN(c4ccccc4)CC3)C2Cc2cn[nH]c21
C1=C2CCCC(CCCC3CCN(c4ccccc4)CC3)C2Cc2cn[nH]c21
C1=C2CCCC(CCCC3CCN(c4ccccc4)C3)C2Cc2cn[nH]c21
C1=C2CCCC(CCCC3CCN(c4ccccc4)C3)C2Cc2cn[nH]c21
C1=C2CCCCC(CCCC3CCN(c4ccccc4)C3)C2Cc2cn[nH]c21
C1=C2CCCCC(CCCC3CCN(c4ccccc4)CC3)C2Cc2cn[nH]c21
C1=C2CCCCC(CCCC3CCCN(c4ccccc4)CC3)C2Cc2cn[nH]c21
C1=C2CCCCC(CCCC3CCCCN(c4ccccc4)CC3)C2Cc2cn[nH]c21
C1=C2CCCCCC(CCCC3CCCCN(c4ccccc4)CC3)C2Cc2cn[nH]c21
C1=C2CCCCCC(CCCC3CCCCN(c4ccccc4)CC3)C2Cc2cn[nH]c21
C1=C2CCCCCC(CCCC3CCCCN(c4ccccc4)CC3)C2Cc2cn[nH]c21
C1=C2CCCCCC(CCCC3CCCCN(c4ccccc4)CC3)C2Cc2cn[nH]c21
C1=C2CCCCC(CCCC3CCCCN(c4ccccc4)CC3)C2Cc2cn[nH]c21
C1=C2CCCCC(CCCC3CCCCN(c4ccccc4)CC3)C2Cc2cn[nH]c21
C1=C2CCCCC(CCCC3CCCCN(c4ccccc4)CC3)C2Cc2cn[nH]c21
C1=C2CCCCC(CCCC3CCCCN(c4ccccc4)CC3)C2Cc2cn[nH]c21
C1=C2CCCCC(CCCC3CCCCN(c4ccccc4)CC3)C2Cc2cn[nH]c21
C1=C2CCCCCC(CCCC3CCCCN(c4ccccc4)CC3)C2Cc2cn[nH]c21
C1=C2CCCCCC(CCCC3CCCCN(c4ccccc4)CC3)C2Cc2cn[nH]c21
C1=C2CCCCCC(CCCC3CCCCN(c4ccccc4)C3)C2Cc2cn[nH]c21
C1=C2CCCCCC(CCCC3CCCCN(c4ccccc4)C3)C2Cc2cn[nH]c21
C1=C2CCCCC(CCCC3CCCCN(c4ccccc4)C3)C2Cc2cn[nH]c21
C1=C2CCCCC(CCCC3CCCCN(c4ccccc4)C3)C2Cc2cn[nH]c21
C1=C2CCCCC(CCCC3CCCCN(c4ccccc4)CC3)C2Cc2cn[nH]c21
C1=C2CCCCC(CCCC3CCCN(c4ccccc4)CC3)C2Cc2cn[nH]c21
C1=C2CCCCC(CCCC3CCCN(c4ccccc4)CCC3)C2Cc2cn[nH]c21
C1=C2CCCCCC(CCCC3CCCN(c4ccccc4)CCC3)C2Cc2cn[nH]c21
C1=C2CCCCCC(CCCC3CCCN(c4ccccc4)CC3)C2Cc2cn[nH]c21
C1=C2CCCCCC(CCCC3CCCN(c4ccccc4)CC3)C2Cc2cn[nH]c21
C1=C2CCCCC(CCCC3CCCN(c4ccccc4)CC3)C2Cc2cn[nH]c21
C1=C2CCCCC(CCCC3CCCN(c4ccccc4)CC3)C2Cc2cn[nH]c21
C1=C2CCCC(CCCC3CCCN(c4ccccc4)CC3)C2Cc2cn[nH]c21
C1=C2CCCC(CCCC3CCCN(c4ccccc4)CC3)C2Cc2cn[nH]c21
C1=C2CCCC(CCCC3CCCCN(c4ccccc4)CC3)C2Cc2cn[nH]c21
C1=C2CCCC(CCCC3CCCCN(c4ccccc4)CC3)C2Cc2cn[nH]c21
C1=C2CCCC(CCCC3CCCN(c4ccccc4)CC3)C2Cc2cn[nH]c21
C1=C2CCCC(CCCC3CCCN(c4ccccc4)CC3)C2Cc2cn[nH]c21
C1=C2CCCC(CCCC3CCCCN(c4ccccc4)CC3)C2Cc2cn[nH]c21
C1=C2CCCC(CCCC3CCCCN(c4ccccc4)CC3)C2Cc2cn[nH]c21
C1=C2CCCC(CCCC3CCCCN(c4ccccc4)C3)C2Cc2cn[nH]c21
C1=C2CCCC(CCCC3CCCCN(c4ccccc4)C3)C2Cc2cn[nH]c21
C1=C2CCCC(CCCC3CCCCN(c4ccccc4)C3)C2Cc2cn[nH]c21
C1=C2CCCC(CCCC3CCCN(c4ccccc4)C3)C2Cc2cn[nH]c21
C1=C2CCCC(CCCC3CCN(c4ccccc4)C3)C2Cc2cn[nH]c21
C1=C2CCCC(CCCC3CCN(c4ccccc4)CC3)C2Cc2cn[nH]c21
C1=C2CCCCC(CCCC3CCN(c4ccccc4)CC3)C2Cc2cn[nH]c21
C1=C2CCCCC(CCCC3CCN(c4ccccc4)CC3)C2Cc2cn[nH]c21
C1=C2CCCC(CCCC3CCN(c4ccccc4)CC3)C2Cc2cn[nH]c21
C1=C2CCCC(CCCC3CCCN(c4ccccc4)CC3)C2Cc2cn[nH]c21
C1=C2CCCC(CCCC3CCCN(c4ccccc4)CCC3)C2Cc2cn[nH]c21
C1=C2CCCC(CCCC3CCCN(c4ccccc4)CCC3)C2Cc2cn[nH]c21
C1=C2CCCC(CCCC3CCCN(c4ccccc4)CC3)C2Cc2cn[nH]c21
C1=C2CCCC(CCCC3CCCN(c4ccccc4)CC3)C2Cc2cn[nH]c21
C1=C2CCCC(CCCC3CCCN(c4ccccc4)CC3)C2Cc2cnn(CCC3CCO3)c21
C1=C2CCCC(CCCC3CCCN(c4ccccc4)CC3)C2Cc2cnn(CCC3CO3)c21
C1=C2CCCC(CCCC3CCCN(c4ccccc4)CC3)C2Cc2cnn(CC3CO3)c21
C1=C2CCCC(CCCC3CCCC(c4ccccc4)CC3)C2Cc2cnn(CC3CO3)c21
C1=C2CCCC(CCCC3CCCC(Cc4ccccc4)CC3)C2Cc2cnn(CC3CO3)c21
C1=C2CCCC(CCCC3CCCC(Cc4ccccc4)CC3)C2Cc2cn[nH]c21
C1=C2CCCC(CCCC3CCCC(Cc4ccccc4)CC3)C2Cc2cn[nH]c21
C1=C2CCCC(CCCC3CCCC(c4ccccc4)CC3)C2Cc2cn[nH]c21
C1=C2CCCC(CCCC3CCCC(c4ccccc4)CC3)C2Cc2cn[nH]c21
C1=C2CCCC(CCCC3CCCCCC3)C2Cc2cnn(CCCc3ccccc3)c21
C1=C2CCCC(CCCC3CCCCC3)C2Cc2cnn(CCCc3ccccc3)c21
C1=C2CCCC(CCCC3CCCC3)C2Cc2cnn(CCCc3ccccc3)c21
C1=C2CCCC(CCCC3CCC3)C2Cc2cnn(CCCc3ccccc3)c21
C1=C2CCCC(CCCC3CCC3)C2Cc2cnn(CCCc3ccccc3)c21
C1=C2CCCC(CCCC3CC3)C2Cc2cnn(CCCc3ccccc3)c21
C1=C2CCCC(CCCC3CC3)C2Cc2cnn(CCc3ccccc3)c21
C1=C2CCCC(CCCC3CC3)C2Cc2cnn(Cc3ccccc3)c21
C1=C2CCCC(CCCC3CC3)C2Cc2cnn(-c3ccccc3)c21
C1=C2CCCCC(CCCC3CC3)C2Cc2cnn(-c3ccccc3)c21
C1=C2CCCCC(CCCC3CC3)C2Cc2cnn(-c3ccccc3)c21
C1=C2CCCCC(CCCC3CC3)C2Cc2cnn(-c3ccccc3)c21
C1=C2CCCC(CCCC3CC3)C2Cc2cnn(-c3ccccc3)c21
O=C1C=CC2C(=C1)CCC1C2CCC2C(C(=O)CSc3nc4ccccc4s3)CCC21
O=C1C=CC2C(=C1)CCC1C2CCC2C(C(=O)CSc3nc4ccccc4s3)CCCC21
O=C1C=CC2C(=C1)CCC1C2CCC2C(C(=O)CSc3nc4ccccc4s3)CCCC21
O=C1C=CC2C(=C1)CCC1C2CCC2C(C(=O)CSc3nc4ccccc4s3)CCCC21
O=C1C=C2CCC3C(CCC4C(C(=O)CSc5nc6ccccc6s5)CCCC43)C2C1
O=C1C=C2CCC3CC(CC(=O)CSc4nc5ccccc5s4)CCC3C2C1
O=C(CSc1nc2ccccc2s1)CC1CCC2CCCCC2C1
O=C(CCCCC1CCCCC1)CSc1nc2ccccc2s1
O=C(CCCCC1CCCCC1)CSc1nc2ccccc2s1
O=C(CSc1nc2ccccc2s1)CC1CCCCCCC1
O=C(CSc1nc2ccccc2s1)CC1CCCCCCC1
O=C(CSc1nc2ccccc2[nH]1)CC1CCCCCCC1
O=C(CSc1nc2ccccc2[nH]1)CC1CCCCCCC1
O=C(CSc1nc2ccccc2[nH]1)CC1CCCCCCC1
O=C(CCc1nc2ccccc2[nH]1)CC1CCCCCCC1
O=C(CCc1cc2ccccc2[nH]1)CC1CCCCCCC1
O=C(CCc1cc2ccccc2[nH]1)CC1CCCCCCC1
O=C(CCc1cc2ccccc2[nH]1)CC1CCCCCCC1
c1ccc2[nH]c(CCC3CCCCCCC3)cc2c1
c1ccc2[nH]c(CCC3CCCCCCC3)cc2c1
c1ccc2[nH]c(CCC3CCCCCCC3)cc2c1
c1ccc2[nH]c(CCC3CCCCCCC3)cc2c1
c1ccc2[nH]c(CCC3CCCCCCC3)cc2c1
c1ccc2[nH]c(CCC3CCCCCCC3)cc2c1
c1ccc2[nH]c(CCC3CCCCCCC3)cc2c1
c1ccc2[nH]c(CCC3CCCCCCC3)cc2c1
c1ccc2[nH]c(CCC3CCCCCCC3)cc2c1
c1ccc2[nH]c(CCC3CCCCCCC3)cc2c1
c1ccc2[nH]c(CCC3CCCCCCC3)cc2c1
c1cc2cc(CCC3CCCCCCC3)[nH]c2cn1
c1cc2cc(CCC3CCCCCCC3)[nH]c2cn1
c1cc2cc(CCC3CCCCCCC3)[nH]c2cn1
c1cc2cc(CCC3CCCCCCC3)[nH]c2cn1
c1cc2cc(CCC3CCCCCC3)[nH]c2cn1
c1cc2cc(CCC3CCCCCC3)[nH]c2cn1
c1cc2cc(CCC3CCCCCC3)[nH]c2cn1
c1cc2cc(CCC3CCCCCC3)[nH]c2cn1
c1cc2cc(CCC3CCCCCC3)[nH]c2cn1
c1cc2cc(CCC3CCCCCC3)[nH]c2cn1
c1cc2cc(CCC3CCCCCC3)[nH]c2cn1
c1cc2cc(CCC3CCCCC3)[nH]c2cn1
c1cc2cc(CCC3CCCCC3)[nH]c2cn1
c1cc2cc(CCC3CCCCC3)[nH]c2cn1
c1cc2cc(CCC3CCCCC3)[nH]c2cn1
c1cc2cc(CCC3CCCC3)[nH]c2cn1
c1cc2cc(CCC3CCCC3)[nH]c2cn1
c1cc2cc(CCC3CCCC3)[nH]c2cn1
c1cc2cc(CCC3CCCCC3)[nH]c2cn1
c1cc2cc(CCC3CCCCC3)[nH]c2cn1
c1cc2cc(CCC3CCCCC3)[nH]c2cn1
c1cc2cc(CCC3CCCCC3)[nH]c2cn1
c1cc2cc(CCC3CCCCC3)[nH]c2cn1
c1cc2cc(CCC3CCCCC3)[nH]c2cn1
c1cc2cc(CCC3CCCCC3)[nH]c2cn1
c1cc2cc(CCC3CCCCC3)[nH]c2cn1
c1cc2cc(CCC3CCCCC3)[nH]c2cn1
c1cc2cc(CCC3CCCCC3)[nH]c2cn1
c1cc2cc(CCC3CCCCC3)[nH]c2cn1
c1cc2cc(CCC3CCCCC3)[nH]c2cn1
c1cc2cc(CCC3CCCC3)[nH]c2cn1
c1cc2cc(CCC3CCCC3)[nH]c2cn1
c1cc2cc(CCC3CCCC3)[nH]c2cn1
c1cc2cc(CCC3CCCC3)[nH]c2cn1
c1cc2cc(CCC3CCCC3)[nH]c2cn1
c1cc2cc(CCC3CCCC3)[nH]c2cn1
c1cc2cc(CCC3CCCC3)[nH]c2cn1
c1cc2cc(CCC3CCCC3)[nH]c2cn1
c1cc2cc(CCC3CCCC3)[nH]c2cn1
c1cc2cc(CC(CCC3CCO3)C3CCCC3)[nH]c2cn1
c1cc2cc(CC(CCC3CO3)C3CCCC3)[nH]c2cn1
c1cc2cc(CCC3CCCC3)[nH]c2cn1
c1cc2cc(CCC3CCCC3)[nH]c2cn1
c1cc2cc(CCC3CCCC3)[nH]c2cn1
c1cc2cc(CC(CCC3CO3)C3CCCC3)[nH]c2cn1
c1cc2cc(CC(CCC3CO3)C3CCCC3)[nH]c2cn1
c1cc2cc(CC(CCC3CO3)C3CCCCC3)[nH]c2cn1
c1cc2cc(CC(CCC3CC3)C3CCCCC3)[nH]c2cn1
c1cc2cc(CC(CCC3CC3)C3CCCCC3)[nH]c2cn1
c1cc2cc(CC(CCC3CC3)C3CCCCCC3)[nH]c2cn1
c1cc2cc(CC(CCC3CC3)C3CCCCCC3)[nH]c2cn1
C=C1CC1CCC(Cc1cc2ccncc2[nH]1)C1CCCCCC1
c1cc2cc(CC(CCC3CC3)C3CCCCCC3)[nH]c2cn1
c1cc2cc(CC(CCC3CC3)C3CCCCCC3)[nH]c2cn1
c1cc2cc(CC(CCC3CC3)C3CCCCCC3)[nH]c2cn1
c1cc2cc(CC(CCC3CC3)C3CCCCCC3)[nH]c2cn1
c1cc2cc(CC(CCC3CC3)C3CCCCC3)[nH]c2cn1
c1cc2cc(CC(CCC3CC3)C3CCCCC3)[nH]c2cn1
c1cc2cc(CC(CCC3CC3)C3CCCCC3)[nH]c2cn1
c1cc2cc(CC(CCC3CC3)C3CCCC3)[nH]c2cn1
c1cc2cc(CC(CCC3CC3)C3CCCC3)[nH]c2cn1
C1=CC1CCC(Cc1cc2ccncc2[nH]1)C1CCCC1
C1=CC(CCC(Cc2cc3ccncc3[nH]2)C2CCCC2)O1
C1=CC(CCC(Cc2cc3ccncc3[nH]2)C2CCCCC2)O1
C1=C(CCC(Cc2cc3ccncc3[nH]2)C2CCCCC2)O1
C1=C(CCC(Cc2cc3ccncc3[nH]2)C2CCCC2)O1
C1=C(CCC(Cc2cc3ccncc3[nH]2)C2CCCC2)O1
C1=C(CCC(Cc2cc3ccncc3[nH]2)C2CCCC2)N1
C1=C(CCC(Cc2cc3ccncc3[nH]2)C2CCCC2)N1
C1=C(CCC(Cc2cc3ccncc3[nH]2)C2CCCCC2)N1
C1=C(CCC(Cc2cc3ccncc3[nH]2)C2CCCCC2)C1
C1=C(CCC(Cc2cc3ccncc3[nH]2)C2CCCCC2)C1
C1=C(CCC(Cc2cc3ccncc3[nH]2)C2CCCCC2)C1
c1cc2cc(CCC3CCCCC3)[nH]c2cn1
c1cc2cc(CCC3CCCCC3)[nH]c2cn1
c1cc2cc(CCC3CCCCC3)[nH]c2cn1
c1cc2cc(CCC3CCCCC3)[nH]c2cn1
c1cc2cc(CCC3CCCCC3)[nH]c2cn1
C1=CC(CCC(Cc2cc3ccncc3[nH]2)C2CCCCC2)=C1
C1=C2C1=C2CCC(Cc1cc2ccncc2[nH]1)C1CCCCC1
C1=C2C1=C2CCC(Cc1cc2ccncc2[nH]1)C1CCCCC1
C1=C2C1=C2CCC(Cc1cc2ccncc2[nH]1)C1CCCCC1
C1=C2C1=C2CCC(Cc1cc2ccncc2[nH]1)C1CCCC1
C1=C2C1=C2CCC(Cc1cc2ccncc2[nH]1)C1CCCC1
C1=C2C1=C2CCC(Cc1cc2ccncc2[nH]1)C1CCCC1
C1=CC(CCC(Cc2cc3ccncc3[nH]2)C2CCCC2)=C1
C1=CC(CCC(Cc2cc3ccncc3[nH]2)C2CCCC2)=C1
C1=CC(CCC(Cc2cc3ccncc3[nH]2)C2CCCC2)=C1
C1=CC(CCCC(Cc2cc3ccncc3[nH]2)C2CCCC2)=C1
C1=CC(NCCC(Cc2cc3ccncc3[nH]2)C2CCCC2)=C1
C1=CC(CCC(Cc2cc3ccncc3[nH]2)C2CCCC2)=C1
C1=CC(CCC(Cc2cc3ccncc3[nH]2)C2CCCCC2)=C1
c1cc2cc(CC(CCc3cc[nH]c3)C3CCCCC3)[nH]c2cn1
c1cc2cc(CC(CCCc3cc[nH]c3)C3CCCCC3)[nH]c2cn1
c1cc2cc(CC(CCCc3cc[nH]c3)C3CCCCCC3)[nH]c2cn1
c1cc2cc(CC(CCc3cc[nH]c3)C3CCCCCC3)[nH]c2cn1
c1cc2cc(CC(CCc3cc[nH]c3)C3CCCCCC3)[nH]c2cn1
c1cc2cc(CC(CCc3cc[nH]c3)C3CCCCCC3)[nH]c2cn1
c1cc2cc(CC(CCc3cc[nH]c3)C3CCCCC3)[nH]c2cn1
c1cc2cc(CC(CCc3cc[nH]c3)C3CCCCC3)[nH]c2cn1
c1cc2cc(CC(CCc3cc[nH]c3)C3CCCCC3)[nH]c2cn1
c1cc2cc(CC(CCc3cc[nH]c3)C3CCCCC3)[nH]c2cn1
c1cc2cc(CC(CCc3cc[nH]c3)C3CCCCCC3)[nH]c2cn1
c1cc2cc(CC(CCc3cc[nH]c3)C3CCCCCC3)[nH]c2cn1
c1cc2cc(CC(CCc3cc[nH]c3)C3CCCCCC3)[nH]c2cn1
c1cc2cc(CC(CCc3cc[nH]c3)C3CCCCC3)[nH]c2cn1
c1cc2cc(CC(CCc3cc[nH]c3)C3CCCC3)[nH]c2cn1
c1cc2cc(CC(CCc3cc[nH]c3)C3CCCC3)[nH]c2cn1
c1cc2cc(CC(CCc3cc[nH]c3)C3CCCC3)[nH]c2cn1
c1cc2cc(CC(CCc3cc[nH]c3)C3CCCCC3)[nH]c2cn1
c1cc2cc(CC(CCc3cc[nH]c3)C3CCCCC3)[nH]c2cn1
c1cc2cc(CC(CCc3cc[nH]c3)C3CCCCC3)[nH]c2cn1
c1cc2cc(CC(CCc3cc[nH]c3)C3CCCCC3)[nH]c2cn1
c1cc2cc(CC(CCc3cc[nH]c3)C3CCCCCC3)[nH]c2cn1
c1cc2cc(CC(CCc3cc[nH]c3)C3CCCCCC3)[nH]c2cn1
c1cc2cc(CC(CCc3cc[nH]c3)C3CCCCCC3)[nH]c2cn1
c1cc2cc(CC(CCc3cc[nH]c3)C3CCCCCCC3)[nH]c2cn1
c1cc2cc(CC(CCc3cc[nH]c3)C3CCCCCCC3)[nH]c2cn1
c1cc2cc(CC(CCc3cc[nH]c3)C3CCCCCCC3)[nH]c2cn1
c1cc2cc(CC(CCc3cc[nH]c3)C3CCCCCCC3)[nH]c2cn1
c1cc2cc(CC(CCc3cc[nH]c3)C3CCCCCC3)[nH]c2cn1
c1cc2cc(CC(CCc3cc[nH]c3)C3CCCCCC3)[nH]c2cn1
c1cc2cc(CC(CCc3cc[nH]c3)C3CCCCC3)[nH]c2cn1
c1cc2cc(CC(CCc3cc[nH]c3)C3CCCC3)[nH]c2cn1
c1cc2cc(CC(CCc3cc[nH]c3)C3CCCC3)[nH]c2cn1
c1cc2cc(CC(CCc3cc[nH]c3)C3CCCC3)[nH]c2cn1
c1cc2cc(CC(CCc3cc[nH]c3)C3CCCC3)[nH]c2cn1
c1cc2cc(CC(CCc3cc[nH]c3)C3CCCC3)[nH]c2cn1
c1cc2cc(CC(CCc3cc[nH]c3)C3CCCC3)[nH]c2cn1
C=C1c2c(CCC(Cc3cc4ccncc4[nH]3)C3CCCC3)ccn21
c1cc2cc(CC(CCc3cc[nH]c3)C3CCCC3)[nH]c2cn1
c1ccc(CCC(Cc2cc3ccncc3[nH]2)C2CCCC2)cc1
c1ccc(CCC(Cc2cc3ccncc3[nH]2)C2CCCC2)cc1
c1ccc(CCC(Cc2cc3ccncc3[nH]2)C2CCCCC2)cc1
c1ccc(CCC(Cc2cc3ccncc3[nH]2)C2CCCCC2)cc1
c1ccc(CCC(Cc2cc3ccncc3[nH]2)C2CCCC2)cc1
O=C1C=CC2C(=C1)CCC1C2CCC2C(C(=O)CSc3nc4ccccc4s3)CCC21
O=C1C=CC2C(=C1)CCC1C2CCC2C(C(=O)CSc3nc4ccccc4s3)CCC21
O=C1C=CC2C(=C1)CCC1C2CCC2C(C(=O)CSc3nc4ccccc4s3)CCC21
O=C1C=CC2C(=C1)CCC1C2CCC2C(C(=O)CSc3nc4ccccc4s3)CCC21
O=C1C=CC2C(=C1)CCC1C2CCC2C(C(=O)CSc3nc4ccccc4s3)CCC21
O=C1C=CC2C(=C1)CCC1C2CCC2C(C(=O)CSc3nc4ccccc4s3)CC21
O=C1C=CC2C1CCC1C2CCC2C(C(=O)CSc3nc4ccccc4s3)CC21
O=C(CSc1nc2ccccc2s1)C1CC2C3CCCCC3CCC12
O=C(CSc1nc2ccccc2s1)C1CC2C3CCCCC3CCC12
O=C1CCC2C(CCC3C(C(=O)CSc4nc5ccccc5s4)CC23)C1
O=C1CCC2C(CCC3C(C(=O)CSc4cc5ccccc5s4)CC23)C1
O=C1CCC2C(CCC3C(C(=O)CSC=Cc4ccccc4)CC23)C1
O=C(CSC=Cc1ccccc1)C1CC2C3CCCCC3CCC12
O=C(CSC=Cc1ccccc1)C1CC2C3CCCCC3CCC12
O=C(CSC=Cc1ccccc1)C1CC2C3CCCC3CCC12
O=C(CSC=Cc1ccccc1)C1CC2C3CCCC3CCC12
O=C(CSC=Cc1ccccc1)C1CC(C2CCCC2)C1
O=C(CSC=Cc1ccccc1)C1CC(C2CCC2)C1
C(=C1CC(C2CCC2)C1)c1ccccc1
C(=C1CC(C2CCC2)C1)c1ccccc1
C(=C1CC(C2CCC2)C1)c1ccccc1
C(=C1CC(C2CCC2)C1)c1ccccc1
C(=C1CC(C2CC3CCC32)C1)c1ccccc1
C=C1CC2CC(C3CC(=Cc4ccccc4)C3)C12
C=C1CC2CC(C3C4C(=Cc5ccccc5)C43)C12
C(=C1C2C1C2C1CC2CCC21)c1ccccc1
C(=C1C2C1C2C1CC2COCC21)c1ccccc1
C(=C1C2C1C2C1CC2COC21)c1ccccc1
C(=C1NC2C1C2C1CC2COC21)c1ccccc1
C(=C1NC2CC12C1CC2COC21)c1ccccc1
C(=C1NC2CC12C1CCC2COC21)c1ccccc1
C(=C1NC2CC12C1(C2CCO2)CC1)c1ccccc1
C(=C1NC2CC12C1(C2CO2)CC1)c1ccccc1
C(=C1NCC1C1(C2CO2)CC1)c1ccccc1
C1=CC1(C1CO1)C1CNC1=Cc1ccccc1
C1=CC1(C1CO1)C1CNC1=Cc1ccccc1
C1=CC1(C1CO1)C1CNC1=Cc1ccccc1
C1=CC1(C1CO1)C1NC1=Cc1ccccc1
C(=C1NC1C1=CC1C1CO1)c1ccccc1
C(=C1NC1C1=CC1C1CO1)c1ccccc1
C(=C1NC1C1=CC1C1CO1)c1ccccc1
C(=C1NC1C1=CC1C1CO1)c1ccccc1
C(=C1NC1C1=CC1C1CO1)c1ccccc1
C(=C1NC1C1=CC1C1CCO1)c1ccccc1
C(=C1NC1C1=CC1C1CCO1)c1ccccc1
C(=C1NC1C1=CC1=C1CCO1)c1ccccc1
C(=C1NC1C1=CC1=C1CCO1)c1ccccc1
C1=CC(=C2C=C2C2NC2=Cc2ccccc2)O1
C1=CC(=C2C=C2C2NC2=Cc2ccccc2)O1
C1=CC(=C2C=C2C2NC2=Cc2ccccc2)O1
C1=CC(=C2C=C2C2NC2=Cc2ccccc2)O1
C1=CC(=C2C=C2C2NC2=Cc2ccccc2)O1
C1=CC(=C2C=C2C2NC2=Cc2ccccc2)O1
C1=CC(=C2C=C2C2NC2=Cc2cccnc2)O1
C1=CC(=C2C=C2C2NC2=Cc2cccnc2)O1
C1=CC(=C2C=C2C2NC2=Cc2cccnc2)O1
C1=CC(=C2C=C2C2NC2=Cc2cccnc2)O1
C1=CC(=C2C=C2C2NC2=Cc2cccnc2)OC1
C1=CC(=C2C=C2C2NC2=Cc2cccnc2)OC1
C1=C(C2CN2)C1=c1ccc(=Cc2cccnc2)o1
C1=C(C2CN2)C1=c1ccc(=Cc2cccnc2)o1
C1=C(C2CN2)C1=c1ccc(=Cc2cccnc2)o1
C1=C(C2CN2)C1=c1ccc(=Cc2cccnc2)o1
C1=C(C2CN2)C1=c1ccc(=Cc2cccnc2)o1
C1=C(C2CN2)C1=c1ccc(=Cc2cccnc2)o1
C1=C(CC2CN2)C1=c1ccc(=Cc2cccnc2)o1
C1=C(CC2CN2)C1=c1ccc(=Cc2cccnc2)o1
O=C1NC1CC1=CC1=c1ccc(=Cc2cccnc2)o1
O=C1NC1CC1=CC1=c1ccc(=Cc2cccnc2)o1
O=C1NC1CC1=CC1=c1ccc(=Cc2cccnc2)o1
O=C1NC1CC1=CC1=c1ccc(=Cc2cccnc2)o1
O=C1NC1CC1=CC1=c1ccc(=Cc2cccnc2)o1
O=C1NC1CC1=CC1=c1ccc(=Cc2cccnc2)o1
O=C1CC1CC1=CC1=c1ccc(=Cc2cccnc2)o1
O=C1CC1C(=O)C1=CC1=c1ccc(=Cc2cccnc2)o1
O=C1CC1C(=O)C1=CC1=c1ccc(=Cc2cccnc2)o1
O=C(CC1=CC1=c1ccc(=Cc2cccnc2)o1)C1CC1=O
O=C(CC1=CC1=c1ccc(=Cc2cccnc2)o1)C1CC1
C1=C(C2CC2)C1=c1ccc(=Cc2cccnc2)o1
C1=C(C2CCC2)C1=c1ccc(=Cc2cccnc2)o1
C1=C(C2CCC2)NC1=c1ccc(=Cc2cccnc2)o1
C1=C(CC2CCC2)NC1=c1ccc(=Cc2cccnc2)o1
C1=C(CC2CCC2)NC1=c1ccc(=Cc2cccnc2)o1
C1=C(C2CCC2)NC1=c1ccc(=Cc2cccnc2)o1
C1=CC(=c2ccc(=Cc3cccnc3)o2)N1
C1=CC(=c2ccc(=Cc3cccnc3)o2)N1
C1=CC(=c2ccc(=Cc3cccnc3)o2)NCC1
C1=CC(=c2ccc(=Cc3cccnc3)o2)NCC1
C1=CC(=c2ccc(=Cc3cccnc3)o2)NCC1
C1=CC(=c2ccc(=Cc3cccnc3)o2)NC1
C1=CC(=c2ccc(=Cc3cccnc3)o2)NC1
C1=CC(=c2ccc(=Cc3cccnc3)o2)NC1
C1=CC(=c2ccc(=Cc3cccnc3)o2)NC1
C1=CC(=c2ccc(=Cc3cccnc3)o2)NC1
C1=CC(=c2ccc(=Cc3cccnc3)o2)NC1
C1=CC(=c2ccc(=Cc3cccnc3)o2)NC1
C1=CC(=c2ccc(=Cc3cccnc3)o2)NC1
C1=CC(=c2ccc(=Cc3cccnc3)o2)NC1
C1=CC(=c2ccc(=Cc3cccnc3)o2)NC1
C1=CC(=c2ccc(=Cc3cccnc3)o2)NC1
C1=CC(=c2ccc(=Cc3cccnc3)o2)NC1
C1=CC(=c2ccc(=Cc3cccnc3)o2)NC1
C1=CC(=c2ccc(=Cc3cccnc3)o2)NC1
C1=CC(=c2ccc(=Cc3cccnc3)o2)NC1
C1=CC(=c2ccc(=Cc3cccnc3)o2)NC1
C1=CC(=c2ccc(=Cc3cccnc3)o2)NC1
C1=CC(=c2ccc(=Cc3cccnc3)o2)NC1
C1=CC(=C2C=CC(=Cc3cccnc3)OC2)NC1
C1=CC(=C2C=CC(=Cc3cccnc3)OC2)NC1
C1=CC(=C2C=CCOC2=Cc2cccnc2)NC1
C1=CC(=C2C=CCOC2=Cc2cccnc2)NC1
C1=CC(=C2C=CCN2)C(=Cc2cccnc2)OCC1
C1=CC(=C2C=CCN2)C(=Cc2cccnc2)OCC1
C1=CC(=C2C=CCN2)C(=Cc2cccnc2)OCC1
O=C1C=CC(=C2C=CCN2)C(=Cc2cccnc2)OC1
O=C1C=CC(=C2C=CCN2)C(=Cc2cccnc2)OC1
O=c1ccc(=C2C=CCN2)c(=Cc2cccnc2)o1
O=C1CC=CC(=C2C=CCN2)C(=Cc2cccnc2)O1
O=C1CCC=CC(=C2C=CCN2)C(=Cc2cccnc2)O1
O=C1CCC=CC(=C2C=CCN2)C(=Cc2cccnc2)O1
O=C1CCC=CC(=C2C=CCN2)C(=Cc2cccnc2)O1
C1=CC(=c2ccoc2=Cc2cccnc2)NC1
C1=CC(=c2ccoc2=Cc2cccnc2)NC1
C1=CC(=c2ccoc2=Cc2cccnc2)NC1
C1=CC(=c2ccoc2=Cc2cccnc2)NC1
C1=CC(=c2ccoc2=Cc2cccnc2)NC1
C1=CC(=c2ccoc2=Cc2cccnc2)NC1
C1=CC(=c2ccoc2=Cc2cccnc2)NC1
C1=CC(=c2ccoc2=Cc2cccnc2)NC1
C1=CC(=c2ccoc2=Cc2cccnc2)NC1
C1=CC(=c2ccoc2=Cc2cccnc2)NC1
C1=CC(=c2ccoc2=Cc2cccnc2)NC1
C1=CC(=c2ccoc2=Cc2cccnc2)NC1
C1=CC(=c2ccoc2=Cc2cccnc2)NC1
C1=CC(=c2ccoc2=Cc2cccnc2)NC1
C1=CCC(=Cc2cccnc2)C(=C2C=CCN2)C=C1
C1=CC(=c2ccccc2=Cc2cccnc2)NC1
C1=CC(=c2ccccc2=Cc2cccnc2)NC1
C1=CC(=c2ccccc2=Cc2cccnc2)NC1
C1=CC(=c2ccccc2=Cc2cccnc2)NC1
C1=CC(=c2ccccc2=Cc2cccnc2)NC1
C1=CC(=Cc2ccccc2-c2cccnc2)NC1
C1=CC(=Cc2c(-c3cccnc3)ccc3c2O3)NC1
C1=CC(=Cc2c(-c3cccnc3)ccc3c2C3)NC1
C1=CC(=Cc2ccccc2-c2cccnc2)NC1
C1=CC(=Cc2ccccc2-c2cccnc2)NC1
C1=CC(=Cc2ccccc2-c2cccnc2)NC1
C1=CCNC(c2ccccc2-c2cccnc2)=C1
C1=CCNC(c2ccccc2-c2cccnc2)=C1
C1=CCNC(c2ccccc2-c2cccnc2)=C1
C1=CCNC(c2ccccc2-c2cccnc2)=C1
C1=CCNC(c2ccccc2-c2cccnc2)=C1
C1=CCNC(c2ccccc2-c2cccnc2)=C1
C1=CCNC(c2ccccc2-c2cccnc2)=C1
C1=CCNC(c2ccccc2-c2cccnc2)=C1
C1=CCNC(c2ccccc2-c2cccnc2)=C1
C=C1CC(=Cc2ccccc2-c2cccnc2)C=CCN1
C=C1NCC=CC1=Cc1ccccc1-c1cccnc1
C=C1NCC=CC1=Cc1ccccc1-c1cccnc1
C=C1NCC=CC1=Cc1ccccc1-c1cccnc1
C1=CC(=Cc2ccccc2-c2cccnc2)C(=C2CC2)NC1
C1=CC(=Cc2ccccc2-c2cccnc2)OC(=C2CC2)NC1
C=C1NCC=CC(=Cc2ccccc2-c2cccnc2)O1
C=C1NCC=CC(=Cc2ccccc2-c2cccnc2)O1
C=C1NCC=CC(=Cc2cccc(-c3cccnc3)c2)O1
C=C1NCC=CC(=Cc2cccc(-c3cccnc3)c2)O1
C=C1NCC=CC(=Cc2cccc(-c3cccnc3)c2)O1
C=C1NCC=CC(=Cc2cccc(-c3cccnc3)c2)O1
C=C1NCC=CC(=Cc2cccc(-c3cccnc3)c2)O1
C=C1NCC=CC(=Cc2cccc(-c3cccnc3)c2)O1
C=C1COC(=Cc2cccc(-c3cccnc3)c2)C=CCN1
C=C1COC(=Cc2cccc(-c3cccnc3)c2)C=CCN1
C=C1NCC=CC(=Cc2cccc(-c3cccnc3)c2)O1
C=C1NCC=CC(=Cc2cccc(-c3cccnc3)c2)O1
C=C1NCC=CC(=Cc2cccc(-c3cccnc3)c2)O1
C=C1NCC=CC(=Cc2cccc(-c3cccnc3)c2)O1
C=C1NCC=CC(=Cc2cccc(-c3cccnc3)c2)O1
C=C1NCC=CC(=Cc2cccc(-c3cccnc3)c2)O1
C=C1NCC=CC(=Cc2cccc(-c3cccnc3)c2)O1
C=C1NCC=CC(=Cc2cccc(-c3cccnc3)c2)O1
C=C1NCC=CC(=Cc2cccc(-c3cccnc3)c2)O1
C=C1NCC=CC(=Cc2cccc(-c3cccnc3)c2)O1
C=C1NCC=CC(=Cc2cccc(-c3cccnc3)c2)O1
C1=CC(=Cc2cccc(-c3cccnc3)c2)OC(=CC2CO2)NC1
C1=CC(=Cc2cccc(-c3cccnc3)c2)OC(=CC2CO2)NC1
C=C1NCC=CC(=Cc2cccc(-c3cccnc3)c2)O1
C=C1NCC=CC(=Cc2cccc(-c3cccnc3)c2)O1
C1=CC(=Cc2cccc(-c3cccnc3)c2)OC(=C2C=CC2)NC1
C1=CC(=Cc2cccc(-c3cccnc3)c2)OCC(=C2C=CC2)NC1
C1=CC(=Cc2cccc(-c3cccnc3)c2)OCC(=C2C=CC2)NC1
C1=CC(=Cc2cccc(-c3cccnc3)c2)OC2C(=C3C=CC32)NC1
C1=CCC2OC(=Cc3cccc(-c4cccnc4)c3)C=CCNC2=C1
C1=CC(=Cc2cccc(-c3cccnc3)c2)Oc2ccccc2NC1
C1=CC(=Cc2cccc(-c3cccnc3)c2)Oc2ccccc2NC1
C1=CC(=Cc2cccc(-c3cccnc3)c2)Oc2ccccc2NC1
C1=CC(=Cc2cccc(-c3cccnc3)c2)Oc2ccccc2NC1
C1=CC(=Cc2cccc(-c3cccnc3)c2)Oc2ccccc2NC1
C1=CC(=Cc2cccc(-c3cccnc3)c2)Oc2ccccc2NC1
C1=CC(=Cc2cccc(-c3cccnc3)c2)Oc2ccccc2NC1
C1=CC(=Cc2cccc(-c3cccnc3)c2)Oc2ccccc2NC1
C1=CC(=Cc2cccc(-c3cccnc3)c2)Oc2ccccc2NC1
C1=CC(=Cc2cccc(-c3cccnc3)c2)Oc2ccccc2NC1
C1=CC(=Cc2cccc(-c3cccnc3)c2)Oc2ccccc2NC1
C1=CC(=Cc2cccc(-c3cccnc3)c2)Oc2ccccc2NC1
C1=CC(=Cc2cccc(-c3cccnc3)c2)Oc2ccccc2NC1
C1=CC(=Cc2cccc(-c3cccnc3)c2)Oc2ccccc2NC1
C1=CC(=Cc2cccc(-c3cccnc3)c2)Oc2ccccc2NC1
C1=CC(=Cc2cccc(-c3cccnc3)c2)Oc2ccccc2NC1
N=C1CC=CC(=Cc2cccc(-c3cccnc3)c2)Oc2ccccc21
N=C1CC=CC(=Cc2cccc(-c3cccnc3)c2)Oc2ccccc21
C=C1CC=CC(=Cc2cccc(-c3cccnc3)c2)Oc2ccccc21
C=C1CC=CC(=Cc2cccc(-c3cccnc3)c2)Oc2ccccc21
C=C1CC=CC(=Cc2cccc(-c3cccnc3)c2)Oc2ccccc21
C=C1CC=CC(=Cc2cccc(-c3cccnc3)c2)Oc2ccccc21
C=C1CC=CC(=Cc2cccc(-c3cccnc3)c2)Oc2ccccc21
C=C1CC=CC(=Cc2cccc(-c3cccnc3)c2)Oc2ccccc21
C=C1C=CC(=Cc2cccc(-c3cccnc3)c2)Oc2ccccc21
C1=CC2=CC(=Cc3cccc(-c4cccnc4)c3)Oc3ccccc3C2=C1
C=C1C=CC(=Cc2cccc(-c3cccnc3)c2)Oc2ccccc21
C1=Cc2ccccc2OC1=Cc1cccc(-c2cccnc2)c1
C1=Cc2ccccc2OC1=Cc1cccc(-c2cccnc2)c1
C1=CC2=C(C1)C(=Cc1cccc(-c3cccnc3)c1)Oc1ccccc12
C1=CC2=C1C(=Cc1cccc(-c3cccnc3)c1)Oc1ccccc12
C(=C1Oc2ccccc2-c2[nH]ccc21)c1cccc(-c2cccnc2)c1
C(=C1Oc2ccccc2-c2[nH]ccc21)c1cccc(-c2cccnc2)c1
C1=CC2=C(C1)c1ccccc1OC2=Cc1cccc(-c2cccnc2)c1
C1=CC2=C(CC1)c1ccccc1OC2=Cc1cccc(-c2cccnc2)c1
C1=CC2=C(CC1)c1ccccc1OC2=Cc1cccc(-c2cccnc2)c1
C1=CC2=C(CC1)c1ccccc1OC2=Cc1cccc(-c2cccnc2)c1
C(=C1Oc2ccccc2C2=C1C=C1CC1C2)c1cccc(-c2cccnc2)c1
C(=C1Oc2ccccc2C2=C1C=C1CC1C2)c1cccc(-c2cccnc2)c1
C1=CC2=C(CC1)c1ccccc1OC2=Cc1cccc(-c2cccnc2)c1
C1=CC2CCCC2C2=C1C(=Cc1cccc(-c3cccnc3)c1)Oc1ccccc12
C1=CC2=C(CC1)c1ccccc1OC2=Cc1cccc(-c2cccnc2)c1
C1=CC2=C(CC1)c1ccccc1OC2=Cc1cccc(-c2cccnc2)c1
C1=CC2=C(CC1)c1ccccc1OC2=Cc1cccc(-c2cccnc2)c1
C1=CC2=C(CC1)c1ccccc1OC2=Cc1cccc(-c2cccnc2)c1
C(=C1Oc2ccccc2-c2ccccc21)c1cccc(-c2cccnc2)c1
C(=C1Oc2ccccc2-c2ccccc21)c1cccc(-c2cccnc2)c1
C(=C1Oc2ccccc2-c2ccccc21)c1cccc(-c2cccnc2)c1
C(=C1Oc2ccccc2-c2ccccc21)c1cccc(-c2cccnc2)c1
C(=C1Oc2ccccc2-c2ccccc21)c1cccc(-c2cccnc2)c1
C(=C1Oc2ccccc2-c2ccccc21)c1cccc(-c2cccnc2)c1
C(=C1Oc2ccccc2-c2ccccc21)c1cccc(-c2cccnc2)c1
C(=C1Oc2ccccc2-c2ccccc21)c1cccc(-c2cccnc2)c1
C(=C1Oc2ccccc2-c2ccccc21)c1cccc(-c2cccnc2)c1
C(=C1Oc2ccccc2-c2ccccc21)c1cccc(-c2cccnc2)c1
C(=C1Oc2ccccc2-c2ccccc21)c1cccc(-c2cccnc2)c1
C(=C1Oc2ccccc2-c2ccc(C3CC3)cc21)c1cccc(-c2cccnc2)c1
C(=C1Oc2ccccc2-c2ccc(C3CC3)cc21)c1cccc(-c2cccnc2)c1
C(=C1Oc2ccccc2-c2ccc(C3CC3)cc21)c1cccc(-c2cccnc2)c1
C(=C1Oc2ccccc2-c2ccc3c(c21)C1CC31)c1cccc(-c2cccnc2)c1
C(=C1Oc2ccccc2-c2ccc3c(c21)C1CCC31)c1cccc(-c2cccnc2)c1
C(=C1Oc2ccccc2-c2ccc3c(c21)CC3)c1cccc(-c2cccnc2)c1
C(=C1Oc2ccccc2-c2ccc3c(c21)C1CC31)c1cccc(-c2cccnc2)c1
C(=C1Oc2ccccc2-c2ccc3c(c21)C1CC31)c1cccc(-c2cccnc2)c1
C(=C1Oc2ccccc2-c2ccc(C3CC3)cc21)c1cccc(-c2cccnc2)c1
C(=C1Oc2ccccc2-c2ccc(C3CC3)cc21)c1cccc(-c2cccnc2)c1
C(=C1Oc2ccccc2-c2ccc(C3CC3)cc21)c1cccc(-c2cccnc2)c1
C(=C1Oc2ccccc2-c2ccc(C3CN3)cc21)c1cccc(-c2cccnc2)c1
C(=C1Oc2ccccc2-c2ccc(C3CN3)cc21)c1cccc(-c2cccnc2)c1
C(=C1Oc2ccccc2-c2ccc(NC3CN3)cc21)c1cccc(-c2cccnc2)c1
C(=C1Oc2ccccc2-c2ccccc21)c1cccc(-c2cccnc2)c1
C(=C1Oc2ccccc2-c2ccc3c(c21)CCCN3)c1cccc(-c2cccnc2)c1
C(=C1Oc2ccccc2-c2ccc3c(c21)CCCN3)c1cccc(-c2cccnc2)c1
C(=C1Oc2ccccc2-c2ccc3c(c21)CCCN3)c1cccc(-c2cccnc2)c1
C1=Cc2c(ccc3c2C(=Cc2cccc(-c4cccnc4)c2)Oc2ccccc2-3)NC1
C1=Cc2c(ccc3c2C(=Cc2cccc(-c4cccnc4)c2)Oc2ccccc2-3)NC1
C1=Cc2c(ccc3c2C(=Cc2cccc(-c4cccnc4)c2)Oc2ccccc2-3)NC1
O=C1C=CC2C(=C1)CCC1C2CCC2C(C(=O)CSc3nc4ccccc4s3)CCC21
O=C1C=CC2C(=C1)CCC1C2CCC2C(C(=O)CCSc3nc4ccccc4s3)CCC21
O=C1C=C2CCC3C(CCC4C(C(=O)CCSc5nc6ccccc6s5)CCC43)C2C1
O=C1C=C2CCC3C(CCC4C(C(=O)CCCSc5nc6ccccc6s5)CCC43)C2C1
O=C1C=C2CCC3C(CCC4C(C(=O)CCCCc5nc6ccccc6s5)CCC43)C2C1
O=C1C=C2CCC3C(CCC4C(C(=O)CCCCCSc5ccccc5)CCC43)C2C1
O=C1C=C2CCC3C(CCC4C(C(=O)CCCCSc5ccccc5)CCC43)C2C1
O=C1C=C2CCC3C(CCC4C(C(=O)CCCCSc5ccccc5)CCC43)C2C1
O=C1C=C2CCC3C(CCC4C(C(=O)CCCCCc5ccccc5)CCC43)C2C1
O=C1C=C2CCC3C(CCC4C(C(=O)CCCCCc5ccccc5)CCC43)C2C1
C=C1C=C2CCC3C(CCC4C(C(=O)CCCCCc5ccccc5)CCC43)C2C1
C=C1C=C2CCC3C(CCC4C(C(=O)CCCCCc5ccccc5)CCC43)C2C1
C=C1C=C2CCC3C(CCC4C(C(=O)CCCCCc5ccccc5)CCC43)C2C1
C=C1C=C2CCC3C(CCC4C(C(=O)CCCCCCCc5ccccc5)CCC43)C2C1
C=C1C=C2CCC3C(CCC4C(C(=O)CCCCCCc5ccccc5)CCC43)C2C1
C=C1C=C2CCC3C(CCC4C(C(=O)CCCCCc5ccccc5)CCC43)C2C1
C=C1C=C2CCC3C(CCC4C(C(=O)CCCCc5ccccc5)CCC43)C2C1
C=C1C=C2CCC3C(CCC4C(C(=O)CCCc5ccccc5)CCC43)C2C1
C=C1C=C2CCC3C(CCC4C(C(=O)CCOc5ccccc5)CCC43)C2C1
C=C1C=C2CCC3C(CCC4C(C(=O)COc5ccccc5)CCC43)C2C1
C=C1C=C2CCC3C4CCCC4CCC3C2C1c1ccccc1
C=C1C=C2CCC3C4CCCC4CCC3C2Cc2ccccc21
C=C1CCC2C3CCCC3CCC2C1Cc1ccccc1
C=C1CCC2C3CCCC3CCC2C1Cc1ccccc1
C=C1CCC2C3CCCC3CCC2C1CCc1ccccc1
C1=C2CCC3C4CCCC4CCC3C2CC(c2ccccc2)C1
C1=C2CCC3C4CCCC4CCC3C2CC1c1ccccc1
C1=C2CCC3C4CCCC4CCC3C2CC1c1ccccc1
C1=C2CCC3C4CCCC4CCC3C2CC(c2ccccc2)C1
C1=C2CCC3C4CCCC4CCC3C2CC(c2ccccc2)C1
C1=C2CCC3C4CCCC4CCC3C2CN(c2ccccc2)C1
C1=C2CCC3C4CCCC4CCC3C2CCN(c2ccccc2)C1
C1=C2CCC3C4CCCC4CCC3C2CCN(c2ccccc2)C1
c1ccc(N2CCC3C(CCC4C5CCCC5CCC34)C2)cc1
c1ccc(N2CC3CCC4C5CCCC5CCC4C3C2)cc1
c1ccc(N2CC3CCC4C5CCCC5CCC4C3C2)cc1
c1ccc(N2CCC3CCC4C5CCCC5CCC4C3C2)cc1
c1ccc(N2CCC3CCCC4C5CCCC5CCC4C3C2)cc1
c1ccc(N2CCC3CCCC4C5CCCC5CCC4C3C2)cc1
c1ccc(N2CCC3CCCC4C5CCCC5CCC4C3C2)cc1
c1ccc(N2CCC3CCCC4C5CCCC5CCC4C3C2)cc1
C1=C2CCCC3C4CCCC4CCC3C2CN(c2ccccc2)C1
C1=C2CCCC3C4CCCC4CCC3C2CN(c2ccccc2)C1
C1=C2CCCC3C4CCCC4CCC3C2CN1c1ccccc1
C1=C2CCCC3C4CCCC4CCC3C2CN(c2ccccc2)C1
C1=C(C2CCCCC3C4CCCC4CCC23)N(c2ccccc2)C1
C1=C(C2CCCC3C4CCCC4CCC23)N(c2ccccc2)C1
C1=C(C2CCC3C4CCCC4CCC23)N(c2ccccc2)C1
C1=C(C2CCC3C4CCCC4CCC23)CN(c2ccccc2)C1
C1=C(C2CCC3C4CCCC4CCC23)CCN(c2ccccc2)C1
C1=C(C2CCCC3C4CCCC4CCC23)CCN(c2ccccc2)C1
C1=C(C2CCCC3C4CCCC4CCC23)CCN(c2ccccc2)C1
C1=C(C2CCCC3C4CCCC4CCC23)CN(c2ccccc2)C1
C1=C(C2CCCC3C4CCCC4CCC23)CN1c1ccccc1
C1=C(C2CCCC3C4CCCC4CCC23)CN1c1ccccc1
C1=C(C2CCCC3C4CCCC4CCC23)CN1c1ccccc1
C=C1C(C2CCCC3C4CCCC4CCC23)=CN1c1ccccc1
C=C1CN(c2ccccc2)C=C1C1CCCC2C3CCCC3CCC12
C1=C(C2CCCC3C4CCCC4CCC23)CCN1c1ccccc1
C1=C(C2CCCC3C4CCCC4CCC23)CCN1c1ccccc1
C1=C(C2CCCC3C4CCCC4CCC23)CCN1c1ccccc1
c1ccc(N2CCC(C3CCCC4C5CCCC5CCC34)=N2)cc1
c1ccc(N2CCC(C3CCC4C5CCCC5CCC34)=N2)cc1
c1ccc(-n2ccc(C3CCC4C5CCCC5CCC34)n2)cc1
c1ccc(-n2ccc(C3CC4C5CCCC5CCC34)n2)cc1
c1ccc(-n2ccc(C3CC4C5CCCC5CCC34)n2)cc1
c1ccc(-n2ccc(C3CC4C5CCCC5CCC34)n2)cc1
c1ccc(-n2ccc(C3CCC4C5CCCC5CCC34)n2)cc1
c1ccc(-n2ccc(C3CCC4C5CCCC5CCC34)n2)cc1
c1ccc(-n2ccc(C3CCC4C5CCCC5CCC34)n2)cc1
c1ccc(-n2ccc(C3CCC4C5CCCC5CCC34)n2)cc1
c1ccc(-n2ccc(C3CCC4C5CCCC5CCC34)n2)cc1
c1ccc(-n2ccc(C3CCC4C5CCCC5CCC34)n2)cc1
c1ccc(-n2ccc(C3CCC4C5CCCC5CCC34)n2)cc1
c1ccc(-n2ccc(C3CCC4C5CCCC5CCC34)n2)cc1
c1ccc(-n2ccc(C3CCC4C5CCCC5CCC34)n2)cc1
c1ccc(-n2nccc2CCC2CCC3C4CCCC4CCC23)cc1
c1ccc(-n2nccc2CCC2CC3C4CCCC4CCC23)cc1
c1ccc(-n2nccc2CC2CC3C4CCCC4CCC23)cc1
c1ccc(-n2nccc2C2CC3C4CCCC4CCC23)cc1
c1ccc(-n2nccc2C2CCC3C4CCCC4CCC23)cc1
c1ccc(-n2nccc2C2CCC3C4CCCC4CCC23)cc1
c1ccc(-n2nccc2C2CCC3C4CCCC4CCC23)cc1
c1ccc(-n2nccc2C2CCC3C4CCCC4CCC23)cc1
c1ccc(-n2nccc2C2CCC3C4CCCC4CCC23)cc1
c1ccc(-n2nccc2CC2CCC3C4CCCC4CCC23)cc1
c1ccc(-n2nccc2CC2CCC3C4CCCC4CCC23)cc1
c1ccc(-n2nccc2CC2CCC3C4CCCC4CCC23)cc1
c1ccc(-n2nccc2CC2CCC3C4CCCC4CCC23)cc1
c1ccc(-n2nccc2CC2CCC3C4CCCC4CCC23)cc1
c1ccc(-n2nccc2CC2CCC3C4CCCC4CCC23)cc1
c1ccc(-n2ncc3c2CC2C(CCC3)CC3C4CCCC4CCC23)cc1
c1ccc(-n2ncc3c2CC2C(CC3)CC3C4CCCC4CCC23)cc1
c1ccc(-n2ncc3c2CC2C(C3)CC3C4CCCC4CCC23)cc1
c1ccc(-n2ncc3c2C2C(C3)CC3C4CCCC4CCC32)cc1
c1ccc(-n2ncc3c2C2C3CC3C4CCCC4CCC32)cc1
c1ccc(-n2ncc3c2C2C3CCC3C4CCCC4CCC32)cc1
c1ccc(-n2ncc3c2CC2CCC4CCCC4C2CCC3)cc1
c1ccc(-n2ncc3c2CC2CCC4CCCC4C2CCC3)cc1
c1ccc(-n2ncc3c2CC2CCC4CCCC4C2CCC3)cc1
c1ccc(-n2ncc3c2CC2CCC4CCCC4C2CCC3)cc1
c1ccc(-n2ncc3c2CC2CCC4CCCC4C2CCC3)cc1
c1ccc(-n2ncc3c2CC2CCC4CCCC4C2CC3)cc1
c1ccc(-n2ncc3c2CC2CCC4CCCC4C2CC3)cc1
c1ccc(-n2ncc3c2CC2CCC4CCCC4C2CC3)cc1
c1ccc(-n2ncc3c2CCC2CCC4CCCC4C2CC3)cc1
c1ccc(-n2ncc3c2CCC2CCC4CCCC4C2CC3)cc1
c1ccc(-n2ncc3c2CCC2CCC4CCCC4C2CC3)cc1
c1ccc(-n2ncc3c2CCC2CCC4CCCC4C2CC3)cc1
c1ccc(-n2ncc3c2CCC2CCC4CCCC4C2CC3)cc1
c1ccc(-n2ncc3c2CCC2CCC4CCCC4C2CC3)cc1
c1ccc(-n2ncc3c2CCC2CCC4CCCC4C2CC3)cc1
c1ccc(-n2ncc3c2CCC2CCC4CCCC4C2CC3)cc1
c1ccc(-n2ncc3c2CCC2CCC4CCCC4C2CC3)cc1
c1ccc(-n2ncc3c2CCC2CCC4CCCC4C2CC3)cc1
c1ccc(-n2ncc3c2CCC2CCC4CCCC4C2CC3)cc1
c1ccc(-n2ncc3c2CCC2CCC4CCCC4C2CC3)cc1
c1ccc(-n2ncc3c2NCC2CCC4CCCC4C2CC3)cc1
c1ccc(-n2ncc3c2NCC2CCC4CCCC4C2CC3)cc1
c1ccc(-n2ncc3c2NCC2CCC4CCCC4C2CC3)cc1
c1ccc(-n2ncc3c2NCC2CCC4CCCC4C2CC3)cc1
c1ccc(-n2ncc3c2NCC2CCC4CCCC4C2CC3)cc1
c1ccc(-n2ncc3c2NCC2CCC4CCCC4C2CC3)cc1
c1ccc(-n2ncc3c2NCC2CCC4CCCC4C2CC3)cc1
c1ccc(-n2ncc3c2CCC2CCC4CCCC4C2CC3)cc1
c1ccc(-n2ncc3c2C2NCCC2C2CCC4CCCC4C2CC3)cc1
c1ccc(-n2ncc3c2CCC2CCC4CCCC4C2CC3)cc1
c1ccc(-n2ncc3c2CCC2CCC4CCCC4C2C3)cc1
c1ccc(-n2ncc3c2CCC2CCC4CCCC4C2C3)cc1
c1ccc(-n2ncc3c2CCC2CCC4CCCC4C2C3)cc1
c1ccc(-n2ncc3c2CCCC2CCC4CCCC4C2C3)cc1
C1=Cc2c(cnn2-c2ccccc2)CC2C(C1)CCC1CCCC12
C1=Cc2c(cnn2-c2ccccc2)CC2C(C1)CCC1CCCC12
C1=CC(C2CCC3CCCC3C2)Cc2cnn(-c3ccccc3)c21
C1=CC(C2CCC3CCCC3C2)Cc2cnn(-c3ccccc3)c21
C1=CC(C2CCC3CCCC32)Cc2cnn(-c3ccccc3)c21
C1=CC(C2CCC3CCCC32)Cc2cnn(-c3ccccc3)c21
C1=CC(C2CCC3CCCC32)Cc2cnn(-c3ccccc3)c21
C1=CC(C2CCC3CCCC32)Cc2cnn(-c3ccccc3)c21
c1ccc(-n2ncc3c2CC(C2CCC4CCCC42)C3)cc1
C=C1c2c(cnn2-c2ccccc2)CC1C1CCC2CCCC21
C=C1c2c(cnn2-c2ccccc2)CC1C1CCC2CCCC21
C=C1c2c(cnn2-c2ccccc2)CCC1C1CCC2CCCC21
C=C1c2c(cnn2-c2ccccc2)CCC1C1CCC2CCCC21
c1ccc(-n2ncc3c2CC(C2CCC4CCCC42)CC3)cc1
c1ccc(-n2ncc3c2CC(C2CCC4CCCC42)CCC3)cc1
c1ccc(-n2ncc3c2CC(C2CCC4CCCC42)CCC3)cc1
c1ccc(-n2ncc3c2CC(C2CCC4CCCC42)CCC3)cc1
c1ccc(-n2ncc3c2CCC(C2CCC4CCCC42)CCC3)cc1
c1ccc(-n2ncc3c2CCC(C2CCC4CCCC42)CCC3)cc1
c1ccc(-n2ncc3c2CCC(C2CCC4CCCC42)CC3)cc1
C1=CC(C2CCC3CCCC32)CCc2cnn(-c3ccccc3)c21
C1=CC(C2CCC3CCCC32)CCc2cnn(-c3ccccc3)c21
C1=CC(C2CCC3CCCC32)CCc2cnn(-c3ccccc3)c21
C1=CC(C2CCC3CCCC32)CCc2cnn(-c3ccccc3)c21
C1=CC(C2CCC3CCCC32)CCc2cnn(-c3ccccc3)c21
C1=CC(C2CCC3CCCC32)CCc2cnn(-c3ccccc3)c21
C1=CC(C2CCC3CCCC32)Cc2cnn(-c3ccccc3)c21
C1=CC(C2CC3CCCC32)Cc2cnn(-c3ccccc3)c21
C1=C2CCC(C3CCCC3)C2Cc2cnn(-c3ccccc3)c21
C1=C2CCC(C3CCC3)C2Cc2cnn(-c3ccccc3)c21
C1=C2CCC(C3CCC3)C2Cc2cnn(-c3ccccc3)c21
C1=C2CCC(C3CCCC3)C2Cc2cnn(-c3ccccc3)c21
C1=C2CC(C3CCCC3)C2Cc2cnn(-c3ccccc3)c21
C1=C2CC(C3CCCC3)C2Cc2cnn(-c3ccccc3)c21
C1=C2CC(C3CCCC3)C2Cc2cnn(-c3ccccc3)c21
C1=C2CCC(C3CCCC3)C2Cc2cnn(-c3ccccc3)c21
C1=C2CCC(C3CCC3)C2Cc2cnn(-c3ccccc3)c21
C1=C2CCC(C3CCCC3)C2Cc2cnn(-c3ccccc3)c21
C1=C2CC3C4CCCC4C3C2Cc2cnn(-c3ccccc3)c21
C1=C2CCC3C4CCCC4C3C2Cc2cnn(-c3ccccc3)c21
C1=C2CCC3C4CCCC4C3C2Cc2cnn(-c3ccccc3)c21
C1=C2CCC3C4CCCCC4C3C2Cc2cnn(-c3ccccc3)c21
C1=C2CCC3C4CCCCC4C3C2Cc2cnn(-c3ccccc3)c21
C1=C2CCC3C4CCCCC4CC3C2Cc2cnn(-c3ccccc3)c21
C1=C2CCC3C4CCCCC4CCC3C2Cc2cnn(-c3ccccc3)c21
C1=C2CCC3C4CCCC4CCC3C2Cc2cnn(-c3ccccc3)c21
C1=C2CCCC3C4CCCC4CCC3C2Cc2cnn(-c3ccccc3)c21
C1=C2CCCC3C4CCCC4CCC3C2Cc2cnn(-c3ccccc3)c21
C1=C2CCC3C4CCCC4CCC3C2Cc2cnn(-c3ccccc3)c21
O=C1C=CC2C(=C1)CCC1C2CCC2C(C(=O)CSc3nc4ccccc4s3)CCC21
O=C1C=CC2C(=C1)CCC1C2CC2C(C(=O)CSc3nc4ccccc4s3)CCC21
O=C1C=CC2C(=C1)CCC1C2CC2C(C(=O)CSc3nc4ccccc4s3)CCC21
O=C1C=CC2C(=C1)CCC1CC(CC(=O)CSc3nc4ccccc4s3)CC12
O=C1C=CC2C(=C1)CCC1CC(CC(=O)CSc3nc4ccccc4s3)CC12
O=C1C=CC2C(=C1)CCCC2CCCC(=O)CSc1nc2ccccc2s1
O=C1C=CCC(CCCCCCCC(=O)CSc2nc3ccccc3s2)=C1
O=C1C=CC(CCCCCCCC(=O)CSc2nc3ccccc3s2)=C1
O=C(CCCCCCCC1=CC=CC1=O)CSc1nc2ccccc2s1
O=C(CCCCCCCCC1=CC=CC1=O)CSc1nc2ccccc2s1
O=C(CCCCCCCCC1=CC=CC1=O)Sc1nc2ccccc2s1
O=C(CCCCCCCCC1=CC=CC1=O)Cc1nc2ccccc2s1
O=C(CCCCCCCCNC1=CC=CC1=O)Cc1nc2ccccc2s1
O=C1C=CC=C1NCCCCCCCCC(=O)c1nc2ccccc2s1
O=C(CCCCCCCCNC1=CC=CC1=O)CSc1ccccc1
O=C(CCCCCCCCNC1=CC=CC1=O)CSc1ccccc1
O=C(CCCCCCCCNC1=CC=CC1=O)CSc1ccccc1
O=C(CCCCCCCNC1=CC=CC1=O)CSc1ccccc1
O=C(CCCCCCCNC1=CC=CC1=O)CSc1ccccc1
O=C(CCCCCCNC1=CC=CC1=O)CSc1ccccc1
O=C(CCCCCCNC1=CC=CC1=O)CCc1ccccc1
O=C(CCCCCCNC1=CC=CC1=O)Cc1ccccc1
O=C1C=CC=C1NCCCCCCC(=O)c1ccccc1
O=C1C=CC=C1NCCCCCCOC(=O)c1ccccc1
O=C1C=CC=C1NCCCCCCOC(=O)c1ccccc1
O=C1C=CC=C1NCCCCCCNC(=O)c1ccccc1
O=C1C=CC=C1NCCCCCCNC(=O)c1ccccc1
O=C1C=CC=C1NCCCCCCNC(=O)c1ccccc1
O=C1C=CC=C1NCCCCCCNC(=O)c1ccccc1
O=C1C=CC=C1NCCCCCCNC(=O)c1ccccc1
O=C1C=CC=C1NCCCCCCCNC(=O)c1ccccc1
O=C1C=CC=C1NCCCCCCCCNC(=O)c1ccccc1
O=C1C=CC=C1NCCCCNCCNC(=O)c1ccccc1
O=C1C=CC=C1NCCCCCCCNC(=O)c1ccccc1
O=C1C=CC=C1NCCCCCCCNC(=O)c1ccccc1
O=C1C=CC=C1NCCCCCCCNC(=O)c1ccccc1
O=C1C=CC=C1NCCCCCCNC(=O)c1ccccc1
O=C1C=CC=C1NCCCCCCNC(=O)c1ccccc1
O=C1C=CC=C1NCCCCCNC(=O)c1ccccc1
O=C1C=CC=C1NCCCCNC(=O)c1ccccc1
O=C1C=CC=C1NCCCNC(=O)c1ccccc1
O=C1C=CC=C1NCCCNC(=O)c1ccccc1
C=C1C=CC=C1NCCCNC(=O)c1ccccc1
C=C1C=CC=C1NCCCNC(=O)c1ccccc1
C=C1C=CC=C1NCCCNC(=O)c1ccccc1
C=C1C=CC=C1NCCCNC(=O)c1ccccc1
C=C1C=CC=C1NCCCNC(=O)c1ccccc1
C=C1C=CC=C1NCCCNC(=O)c1ccccc1
O=C(NCCCNc1ccc2cc1-2)c1ccccc1
O=C(NCCCNc1ccc2cc1-2)c1ccccc1
O=C(NCCCNc1ccc2cc1-2)c1ccccc1
O=C(NCCCNc1ccc2cc1-2)c1ccccc1
O=C(NCCCNc1ccccc1)c1ccccc1
O=C(NCCCNc1ccccc1)c1ccccc1
O=C(NCCCNc1cccc2c1C2)c1ccccc1
C=C1c2cccc(NCCCNC(=O)c3ccccc3)c21
C=C1c2cccc(NCCCNC(=O)c3ccccc3)c21
O=C(NCCCNc1cccc2c1C=CC2)c1ccccc1
O=C(NCCCNc1cccc2c1C=CC2)c1ccccc1
O=C(NCCCNc1cccc2c1C=CC2)c1ccccc1
O=C(NCCCNc1cccc2[nH]ccc12)c1ccccc1
O=C(NCCCNc1cccc2[nH]ccc12)c1ccccc1
O=C(NCCCNc1cccc2[nH]ccc12)c1ccccc1
O=C(NCCCNc1cccc2[nH]ccc12)c1ccccc1
O=C(NCCCNc1cccc2[nH]ccc12)c1ccccc1
O=C(NCCCNc1cccc2[nH]ccc12)c1ccccc1
O=C(NCCCNc1cccc2[nH]ccc12)c1ccccc1
O=C(NCCCNc1cccc2[nH]ncc12)c1ccccc1
O=C(NCCCNc1cccc2[nH]ncc12)c1ccccc1
O=C(NCCCNc1cccc2[nH]ncc12)c1ccccc1
O=C(NCCCNc1cccc2[nH]ncc12)c1ccccc1
O=C(NCCCNc1cccc2[nH]ncc12)c1ccccc1
O=C(NCCCNc1cccc2[nH]ncc12)c1ccccc1
O=C(NCCCNc1cccc2[nH]ncc12)c1ccccc1
O=C(NCCCNc1cccc2c1cnn2C1=CCC1)c1ccccc1
O=C(NCCCNc1cccc2c1cnn2C1=CCCC1)c1ccccc1
O=C(NCCCNc1cccc2c1cnn2C1=CCCC1)c1ccccc1
O=C(NCCCNc1cccc2c1cnn2C1=CCCC1)c1ccccc1
O=C(NCCCNc1cccc2c1cnn2C1=CCCC1)c1ccccc1
O=C(NCCCNc1cccc2c1cnn2C1=CCCC1)c1ccccc1
O=C(NCCCNc1cccc2c1cnn2C1=CCC1)c1ccccc1
O=C(NCCCNc1cccc2c1cnn2C1=CCC1)c1ccccc1
C=C1CC=C1n1ncc2c(NCCCNC(=O)c3ccccc3)cccc21
O=C(NCCCNc1cccc2c1cnn2C1=CCC1)c1ccccc1
O=C(NCCCNc1cccc2c1cnn2C1=CCC1)c1ccccc1
O=C(NCCCNc1cccc2c1cnn2C1=CC=C1)c1ccccc1
O=C(NCCCNc1cccc2c1cnn2C1=CC=C1)c1ccccc1
O=C(NCCCNc1cccc2c1cnn2C1=CC=C1)c1ccccc1
O=C(NCCCNc1cccc2c1cnn2C1=CC=C1)c1ccccc1
O=C(NCCCNc1cccc2c1cnn2C1=CC=C1)c1ccccc1
O=C(NCCCNc1cccc2c1cnn2C1=C2CCC2=C1)c1ccccc1
O=C(NCCCNc1cccc2c1cnn2-c1cc2ccc1-2)c1ccccc1
O=C(NCCCNc1cccc2c1cnn2-c1cc2ccc1-2)c1ccccc1
O=C(NCCCNc1cccc2c1cnn2-c1ccccc1)c1ccccc1
O=C(NCCCNc1cccc2c1cnn2-c1ccccc1)c1ccccc1
O=C(NCCCNc1cccc2c1cnn2-c1ccccc1)c1ccccc1
O=C(NCCCNc1cccc2c1cnn2-c1ccccc1)c1ccccc1
O=C(NCCCNc1cccc2c1cnn2-c1ccccc1)c1ccccc1
O=C1C=CC2C(=C1)CCC1C2CCC2C1CCC2(OC(=O)c1ccco1)C(=O)CSc1nc2ccccc2s1
O=C1C=C2CCC3C(CCC4C3CCC4(OC(=O)c3ccco3)C(=O)CSc3nc4ccccc4s3)C2C1
O=C1C=C2CCC3C(CCC4C(C(=O)CSc5nc6ccc(OC(=O)c7ccco7)cc6s5)CCC43)C2C1
O=C(Oc1ccc2nc(SCC(=O)C3CCC4C3CCC3C5CCC=C5CCC34)sc2c1)c1ccco1
O=C(Oc1ccc2nc(SCCC3CCC4C3CCC3C5CCC=C5CCC34)sc2c1)c1ccco1
O=C(Oc1ccc2nc(SCCC3CCC4C3CCC3C5CCC=C5CCC34)sc2c1)c1ccco1
O=C(Oc1ccc2nc(NCCC3CCC4C3CCC3C5CCC=C5CCC34)sc2c1)c1ccco1
O=C(Oc1ccc2nc(NCCCCCC3CCCC4C5CCC=C5CCC34)sc2c1)c1ccco1
O=C(Oc1ccc2nc(NCCCCC3CCCC4C5CCC=C5CCC34)sc2c1)c1ccco1
O=C(Oc1ccc2nc(NCCCC3CCCC4C5CCC=C5CCC34)sc2c1)c1ccco1
O=C(Oc1ccc2nc(NCCCC3CCCC4C5CCC=C5CCC34)sc2c1)c1ccco1
O=C(Oc1ccc2nc(NCCCC3CCCC4C5CCC=C5CCC34)sc2c1)c1ccco1
O=C(Oc1ccc2nc(NCCCC3NCCC4C5CCC=C5CCC34)sc2c1)c1ccco1
O=C(Oc1ccc2nc(NCCCC3NCCC4C5CCC=C5CCC34)sc2c1)c1ccco1
O=C(Oc1ccc2nc(NCCCC3NCCC4C5CCC=C5CCC34)sc2c1)c1ccco1
O=C(Oc1ccc2nc(NCCCC3CC(C4C=CCC4)CCN3)sc2c1)c1ccco1
O=C(Oc1ccc2nc(NCCCC3CC(C4C=CC4)CCN3)sc2c1)c1ccco1
O=C(Oc1ccc2nc(NCCCC3CC(C4C=C4)CCN3)sc2c1)c1ccco1
O=C(Oc1ccc2nc(NCCCC3CC(C4C=C4)CCN3)sc2c1)c1ccco1
O=C(Oc1ccc2nc(NCCCC3CC(C4C=C4)CCN3)sc2c1)c1ccco1
O=C(Oc1ccc2nc(NCCCC3CC(C4C=C4)CN3)sc2c1)c1ccco1
O=C(Oc1ccc2nc(NCCCC3CC(N4C=C4)CN3)sc2c1)c1ccco1
O=C(Oc1ccc2nc(NCCCC3CC(N4C=C4)CCN3)sc2c1)c1ccco1
O=C(OOc1ccc2nc(NCCCC3CC(N4C=C4)CCN3)sc2c1)c1ccco1
O=C(OCOc1ccc2nc(NCCCC3CC(N4C=C4)CCN3)sc2c1)c1ccco1
O=C(OCOc1ccc2nc(NCCCC3CC(N4C=C4)CCN3)sc2c1)c1ccco1
O=C(OCOc1ccc2nc(NCCCC3CC(N4C=C4)CN3)sc2c1)c1ccco1
O=C(OCOc1ccc2nc(NCCCC3CCC(N4C=C4)C3)sc2c1)c1ccco1
O=C(OCOc1ccc2nc(NCCCC3CCC(N4C=C4)C3)sc2c1)c1ccco1
O=C(NCOc1ccc2nc(NCCCC3CCC(N4C=C4)C3)sc2c1)c1ccco1
O=C(NCOc1ccc2nc(NCCCC3CCC(N4C=C4)C3)sc2c1)c1ccco1
O=C(NCOc1ccc2nc(NCCCC3CCC3N3C=C3)sc2c1)c1ccco1
O=C(NCOc1ccc2nc(NCCCC3CCC3N3C=C3)sc2c1)c1ccco1
O=C(NCOc1ccc2nc(NCCCC3(N4C=C4)CC3)sc2c1)c1ccco1
O=C(NCOc1ccc2nc(NCCCC3(N4C=C4)CC3)sc2c1)c1ccco1
O=C(NCOc1ccc2nc(NCCCC3(N4C=C4)CC3)sc2c1)c1ccco1
O=C(NCOc1ccc2nc(NCCCC3(N4C=C4)CC3)sc2c1)c1ccco1
O=C(NCOc1ccc2nc(NCCCC3(N4C=C4)CC3)[nH]c2c1)c1ccco1
O=C(NCOc1ccc2nc(NCCCC3(N4C=C4)CC3)[nH]c2c1)c1ccco1
O=C(NCOc1ccc2cc(NCCCC3(N4C=C4)CC3)[nH]c2c1)c1ccco1
O=C(NCOc1ccc2cc(CCCCC3(N4C=C4)CC3)[nH]c2c1)c1ccco1
O=C(NCOc1ccc2cc(CCCC3(N4C=C4)CC3)[nH]c2c1)c1ccco1
O=C(NCOc1ccc2cc(CCCC3(N4C=C4)CC3)[nH]c2c1)c1ccco1
O=C(NCOc1ccc2cc(CCCC3(N4C=C4)CC3)[nH]c2c1)c1ccco1
O=C(NC(NCCC1(N2C=C2)CC1)Oc1ccc2cc[nH]c2c1)c1ccco1
O=C(NC(NCCC1(N2C=C2)CC1)Oc1ccc2cc[nH]c2c1)c1ccco1
O=C(NC(NCCC1(N2C=C2)CC1)Oc1ccc2cc[nH]c2c1)c1ccco1
O=C(NC(NCCC1(N2C=C2)CC1)Oc1ccc2cc[nH]c2c1)c1ccco1
O=C(NC(NCCC1(N2C=C2)CC1)Oc1ccc2[nH]ccc2c1)c1ccco1
O=C(NC(NCCC1(N2C=C2)CC1)Oc1ccc2[nH]ccc2c1)c1ccco1
O=C(NC(NCCC1(N2C=C2)CC1)Oc1ccc2[nH]ccc2c1)c1ccco1
O=C(NC(NCCC1(N2C=C2)CC1)Oc1ccc2[nH]ccc2c1)c1ccco1
O=C(NC(NCCC1(N2C=C2)CC1)Oc1ccc2[nH]ncc2c1)c1ccco1
O=C(NC(NCCCN1C=C1)Oc1ccc2[nH]ncc2c1)c1ccco1
O=C(NC(NCCCN1C=C1)Oc1ccc2[nH]ncc2c1)c1ccco1
O=C(NC(NCCN1C=C1)Oc1ccc2[nH]ncc2c1)c1ccco1
O=C(NC(NCCN1C=C1)Oc1ccc2[nH]ncc2c1)c1ccco1
O=C(NC(NCCN1C=C1)Oc1ccc2[nH]ncc2c1)c1ccco1
O=C(NC(NCCN1C=C1)Oc1ccc2[nH]ncc2c1)c1ccco1
O=C(NC(NCCN1C=C1)Oc1ccc2[nH]ncc2c1)c1ccco1
O=C(NC(NCCN1C=C1)Oc1ccc2[nH]ncc2c1)c1ccco1
O=C(NC(NCCN1C=C1)Oc1ccc2[nH]ncc2c1)c1ccco1
O=C(NC(NCCN1C=C1)Oc1ccc2[nH]ncc2c1)c1ccco1
O=C(NC(NCN1C=C1)Oc1ccc2[nH]ncc2c1)c1ccco1
O=C(NC(NCN1C=C1)Oc1ccc2[nH]ncc2c1)c1ccco1
O=C(NCOc1ccc2[nH]ncc2c1)c1ccco1
O=C(NCOc1ccc2[nH]ncc2c1)c1ncco1
O=C(NCOc1ccc2[nH]ncc2c1)c1ncco1
O=C(NCOc1ccc2[nH]ncc2c1)c1ncco1
O=C(NCOc1ccc2[nH]ncc2c1)c1ncco1
O=C(NCOc1ccc2[nH]ncc2c1)c1ncco1
O=C(NCOc1ccc2[nH]ncc2c1)c1nnco1
O=C(NCOc1ccc2[nH]ncc2c1)c1nnco1
O=C(NCOc1ccc2[nH]ncc2c1)c1nnco1
O=C(NCOc1ccc2[nH]ncc2c1)c1nnco1
O=C(NCOc1ccc2[nH]ncc2c1)c1nnco1
O=C(NCOc1ccc2[nH]ncc2c1)c1nnco1
O=C(NCOc1ccc2[nH]ncc2c1)c1nnco1
O=C(NCOc1ccc2[nH]ncc2c1)c1nnco1
O=C(NCOc1ccc2[nH]ncc2c1)c1nnco1
O=C(NCOc1ccc2[nH]ncc2c1)c1nnco1
O=C(NCOc1ccc2[nH]ncc2c1)c1nnco1
O=C(NCOc1ccc2c(cnn2C2=CC2)c1)c1nnco1
O=C(NCOc1ccc2c(cnn2C2=CC2)c1)c1nnco1
O=C(NCOc1ccc2c(cnn2C2=C3CC32)c1)c1nnco1
O=C(NCOc1ccc2c(cnn2C2=C3CC32)c1)c1nnco1
O=C(NCOc1ccc2c(cnn2C2=C3NC32)c1)c1nnco1
O=C(NCCOc1ccc2c(cnn2C2=C3NC32)c1)c1nnco1
O=C(NCCOc1ccc2c(cnn2C2=C3NC32)c1)c1nnco1
O=C(NCCOc1ccc2c(cnn2C2=C3CC32)c1)c1nnco1
O=C(NCCOc1ccc2c(cnn2C2=C3CC32)c1)c1nnco1
O=C(NCCOc1ccc2c(cnn2C2=C3CC32)c1)c1nnco1
O=C(NCCOc1ccc2c(cnn2C2=C3C=C32)c1)c1nnco1
O=C(NCCOc1ccc2c(cnn2C2=C3C=C32)c1)c1nnco1
O=C(NCCOc1ccc2c(cnn2C2=CC=C2)c1)c1nnco1
O=C(NCCOc1ccc2c(cnn2C2=CC=C2)c1)c1nnco1
O=C(NCCOc1ccc2c(cnn2C2=CC=C2)c1)c1nnco1
O=C(NCCOc1ccc2c(cnn2C2=CC=C2)c1)c1nnco1
O=C(NCCOc1ccc2c(cnn2C2=CCC=C2)c1)c1nnco1
O=C(NCCOc1ccc2c(cnn2C2=CCC=C2)c1)c1nnco1
O=C(NCCOc1ccc2c(cnn2C2=CCC=C2)c1)c1nnco1
O=C(NCCOc1ccc2c(cnn2C2=CCCC=C2)c1)c1nnco1
O=C(NCCOc1ccc2c(cnn2C2=CCCCC=C2)c1)c1nnco1
O=C(NCCOc1ccc2c(cnn2C2=CCC=CC=C2)c1)c1nnco1
O=C(NCCOc1ccc2c(cnn2-c2ccccc2)c1)c1nnco1
O=C(NCCOc1ccc2c(cnn2-c2ccccc2)c1)c1nnco1
O=C(NCCOc1ccc2c(cnn2-c2ccccc2)c1)c1nnco1
O=C(NCCOc1ccc2c(cnn2-c2ccccc2)c1)c1nnco1
O=C(NCCOc1ccc2c(cnn2-c2ccccc2)c1)c1nnco1
O=C(NCCOc1ccc2c(cnn2-c2ccccc2)c1)c1nnco1
O=C(NCCOc1ccc2c(cnn2-c2ccccc2)c1)c1nnco1
O=C(NCCOc1ccc2c(cnn2-c2ccccc2)c1)c1nnco1
O=C(NCCOc1ccc2c(cnn2-c2ccccc2)c1)c1nnco1
O=C(NCCOc1ccc2c(cnn2-c2ccccc2)c1)c1nnco1
O=C(NCCOc1ccc2c(cnn2-c2ccccc2)c1)c1nnco1
O=C(NCCOc1ccc2c(cnn2-c2ccccc2)c1)c1nnco1
O=C(NCCOc1ccc2c(cnn2-c2ccccc2)c1)c1nnco1
O=C(NCCOc1ccc2c(cnn2-c2ccccc2)c1)c1nnco1
O=C(NCCOc1ccc2c(cnn2-c2ccccc2)c1)c1nnco1
O=C(NCCOc1ccc2c(cnn2-c2ccccc2)c1)c1nnco1
O=C(NCCOc1ccc2c(cnn2-c2ccccc2)c1)c1nnco1
O=C(NCCOc1ccc2c(cnn2-c2ccccc2)c1)c1nnco1
O=C(NCCOc1ccc2c(cnn2-c2ccccc2)c1)c1nnco1
O=C(NCCOc1ccc2c(cnn2-c2ccccc2)c1)c1nnco1
O=C(NCCOc1ccc2c(cnn2-c2ccccc2)c1)c1nnco1
O=C(NCC(Oc1ccc2c(cnn2-c2ccccc2)c1)C1=CN1)c1nnco1
O=C(NCC(Oc1ccc2c(cnn2-c2ccccc2)c1)C1=CN1)c1nnco1
O=C(NCC(Oc1ccc2c(cnn2-c2ccccc2)c1)C1=CN1)c1nnco1
O=C(NCC(Oc1ccc2c(cnn2-c2ccccc2)c1)C1=CN1)c1nnco1
O=C(NCC(Oc1ccc2c(cnn2-c2ccccc2)c1)C1=CN1)c1nnco1
O=C(NCC(Oc1ccc2c(cnn2-c2ccccc2)c1)C1=CN1)c1nnco1
O=C(NCC(Oc1ccc2c(cnn2-c2ccccc2)c1)C1=CN1)c1nnco1
O=C(NCC(Oc1ccc2c(cnn2-c2ccccc2)c1)C1=CN1)c1nnco1
O=C(NCCOc1ccc2c(cnn2-c2ccccc2)c1)c1nnco1
O=C(NCCOc1ccc2c(cnn2-c2ccccc2)c1)c1nnco1
O=C(NCCOc1ccc2c(cnn2-c2ccccc2)c1)c1nnco1
O=C(NCC(Oc1ccc2c(cnn2-c2ccccc2)c1)C1=CCN1)c1nnco1
O=C(NCC(Oc1ccc2c(cnn2-c2ccccc2)c1)C1=CCNC1)c1nnco1
O=C(NCC(Oc1ccc2c(cnn2-c2ccccc2)c1)C1=CCN=C1)c1nnco1
O=C(NCC(Oc1ccc2c(cnn2-c2ccccc2)c1)C1=CCN=C1)c1nnco1
N=C1C=C(C(CNC(=O)c2nnco2)Oc2ccc3c(cnn3-c3ccccc3)c2)C=N1
N=C1C=C(C(CNC(=O)c2nnco2)Oc2ccc3c(cnn3-c3ccccc3)c2)C=N1
O=C(NCC(Oc1ccc2c(cnn2-c2ccccc2)c1)c1cnc2nc1-2)c1nnco1
O=C(NCC(Oc1ccc2c(cnn2-c2ccccc2)c1)c1cnc2nc1-2)c1nnco1
O=C(NCC(Oc1ccc2c(cnn2-c2ccccc2)c1)c1cncnc1)c1nnco1
O=C(NCC(Oc1ccc2c(cnn2-c2ccccc2)c1)c1cccnc1)c1nnco1
O=C(NCC(Oc1ccc2c(cnn2-c2ccccc2)c1)c1ccccc1)c1nnco1
O=C1C=CC2C(=C1)CCC1C2CCC2C1CCC2(OC(=O)c1ccco1)C(=O)CSc1nc2ccccc2s1
O=C1C=CC2C(=C1)CCC1C2CCC2C1CCC2(OC(=O)c1ccco1)C(=O)CSc1nc2ccccc2s1
O=C1C=CC2C(=C1)CCC1C2CCC2C(C(=O)CSc3nc4ccc(OC(=O)c5ccco5)cc4s3)CCC21
O=C1C=CC2C(=C1)CC1C2CCC2C(C(=O)CSc3nc4ccc(OC(=O)c5ccco5)cc4s3)CCC21
O=C1C=CC2C(=C1)CC1C2CCC2C(CCSc3nc4ccc(OC(=O)c5ccco5)cc4s3)CCC21
O=C1C=CC(C2CCC3C(CCSc4nc5ccc(OC(=O)c6ccco6)cc5s4)CCC3C2)C=C1
O=C1C=CC(C2CCC3C(CCSc4nc5ccc(OC(=O)c6ccco6)cc5s4)CCC3C2)C1
O=C(Oc1ccc2nc(SCCC3CCC4CCCCC43)sc2c1)c1ccco1
O=C(Oc1ccc2nc(SCCC3CCCC3)sc2c1)c1ccco1
O=C(Oc1ccc2nc(SCCC3CCCC3)sc2c1)c1ccco1
O=C(Oc1ccc2nc(SCCC3CCCC3)sc2c1)c1ccco1
O=C(Oc1ccc2nc(SCCC3CCCC3)sc2c1)c1ccco1
O=C(Oc1ccc2nc(SCCC3CCCC3)sc2c1)c1ccco1
O=C(Oc1ccc2nc(SCCC3CCCC3)sc2c1)c1ccco1
c1coc(COc2ccc3nc(SCCC4CCCC4)sc3c2)c1
C1=CCC(COc2ccc3nc(SCCC4CCCC4)sc3c2)=C1
C1=CC(COc2ccc3nc(SCCC4CCCC4)sc3c2)=C1
C1=CC(COc2ccc3nc(SCCC4CCCC4)sc3c2)=C1
C1=CC(COc2ccc3nc(SCCC4CCCC4)sc3c2)=C1
C1=CC(COc2ccc3nc(SCCC4CCCC4)sc3c2)=C1
O=C(NCCC1=CC=C1)C1CCCC1CCSc1nc2ccccc2s1
O=C(NCCC1=CC=C1)C1CCCC1CCSc1nc2ccccc2s1
O=C(NCCC1=CC=C1)C1CCCC1CCSc1nc2ccccc2s1
O=C(NCCC1=CC=C1)C1CCCC1CCSc1nc2ccccc2s1
O=C(NCCC1=CC=C1)C1CCCC1CCSc1nc2ccccc2s1
O=C(CCCCSc1nc2ccccc2s1)NCCC1=CC=C1
O=C(CCCCSc1nc2ccccc2s1)NCCC1=CC=C1
O=C(CCCCSc1nc2ccccc2s1)NCCC1=CC=C1
O=C(CCCCSc1nc2ccccc2s1)NCCC1=CC=C1
O=C(CCCCSc1nc2ccccc2s1)NCCC1=CC=C1
O=C(CCCSc1nc2ccccc2s1)NCCC1=CC=C1
O=C(CCCSc1nc2ccccc2[nH]1)NCCC1=CC=C1
O=C(CC1CSc2nc3ccccc3n21)NCCC1=CC=C1
O=C(CC1Sc2nc3ccccc3n21)NCCC1=CC=C1
O=C(CCn1cnc2ccccc21)NCCC1=CC=C1
O=C(CCn1cnc2ccccc21)NCCC1=CC=C1
O=C(CCn1cnc2ccccc21)NCCC1=CC=C1
O=C(Cn1cnc2ccccc21)NCCC1=CC=C1
O=C(Cn1cnc2ccccc21)NCCC1=CC=C1
O=C(Cn1cnc2ccccc21)NCCC1=CC=C1
O=C(Cn1cnc2cccnc21)NCCC1=CC=C1
O=C(CNC=Nc1cccnc1)NCCC1=CC=C1
O=C(CNCNc1cccnc1)NCCC1=CC=C1
O=C(CNCNc1cccnc1)NCCC1=CC=C1
O=C(CCCNc1cccnc1)NCCC1=CC=C1
O=C(CCNc1cccnc1)NCCC1=CC=C1
C1=CC(CCCCc2cccnc2)=C1
C1=CC(CCCCc2cccnc2)=C1
C1=CC(CCCc2cccnc2)=C1
C1=CC(CCCc2cccnc2)=C1
C1=CC(CCCc2cccnc2)=C1
C1=CC(CCCc2cccnc2)=C1
C1=CC(CCCc2cccnc2)=C1
C1=CC(CCCc2cccnc2)=C1
C1=CC(CCCc2cccnc2)=C1
C1=CC(CCCc2cccnc2)=C1
C1=CC(CCCc2cccnc2)=C1
C1=CC(CCCc2cccnc2)=C1
C1=CC(CCCc2cccnc2)=C1
C1=CC(CCCc2cccnc2)=C1
C1=CC(CCCc2cccnc2)=C1
C1=CC(CCCc2cccnc2)=C1
C1=CC(CCCc2cccnc2)=C1
C1=CC(CCCc2cccnc2)=C1
C1=CC(CCCc2cccnc2)=C1
C1=CC(CCCc2cccnc2)=C1
C1=CC(CCCc2cccnc2)=C1
C1=CC(CCCc2cccnc2)=C1
C1=CC(CCC(OCCCC2CC2)c2cccnc2)=C1
C1=CC(CCC(OCCCC2CCC2)c2cccnc2)=C1
C1=CC(CCC(OCCCC2CCC2)c2cccnc2)=C1
C1=CC(CCC(OCCCC2CCCC2)c2cccnc2)=C1
C1=CC(CCC(OCCCCC2CCCC2)c2cccnc2)=C1
C1=CC(CCC(OCCCCC2CCCC2)c2cccnc2)=C1
C1=CC(CCC(OCCCC2CCCC2)c2cccnc2)=C1
C1=CC(CCC(OCCCC2CCCC2)c2cccnc2)=C1
C1=CC(CCC(OCCCC2CCCCC2)c2cccnc2)=C1
C1=CC(CCC(OCCCC2CCCCC2)c2cccnc2)=C1
C1=CC(CCC(OCCCC2CCCCCC2)c2cccnc2)=C1
C1=CC(CCC(OCCCN2CCCCCC2)c2cccnc2)=C1
C1=CC(CCC(OCCCN2CCCCC2)c2cccnc2)=C1
C1=CC(CCC(OCCCCN2CCCCC2)c2cccnc2)=C1
C1=CC(CCC(OCCCCN2CCCCC2)c2cccnc2)=C1
C1=CC(CCC(OCCCCN2CCCC2)c2cccnc2)=C1
C1=CC(CCC(OCCCCN2CCCC2)c2cccnc2)=C1
C1=CC(CCC(OCCCCN2CCCC2)c2cccnc2)=C1
C1=CC(CCC(OCCCCN2CCCC2)c2cccnc2)=C1
C1=CC(CCC(OCCCCN2CCC2)c2cccnc2)=C1
C1=CC(CCC(OCCCCCN2CCC2)c2cccnc2)=C1
C1=CC(CCC(OCCCCCCN2CCC2)c2cccnc2)=C1
C1=CC(CCC(OCCCCCN2CCC2)c2cccnc2)=C1
C1=CC(CCC(OCCCCCN2CCCC2)c2cccnc2)=C1
C1=CC(CCC(OCCCCCN2CCCCC2)c2cccnc2)=C1
C1=CC(CCC(OCCCCCCN2CCCCC2)c2cccnc2)=C1
C1=CC(CCC(OCCCCCCN2CCCCCC2)c2cccnc2)=C1
C1=CC(CCC(OCCCCCCN2CCCCCC2)c2cccnc2)=C1
C1=CC(CCC(OCCCCCN2CCCCCC2)c2cccnc2)=C1
C1=CC(CCC(OCCCCCN2CCCCCC2)c2cccnc2)=C1
C1=CC(CCC(OC2CC2CCN2CCCCCC2)c2cccnc2)=C1
C1=CC(CCC(OCCCCN2CCCCCC2)c2cccnc2)=C1
C1=CC(CCC(OCCCCCN2CCCCCC2)c2cccnc2)=C1
C1=CC(CCC(OCCOCCN2CCCCCC2)c2cccnc2)=C1
C1=CC(CCC(OCOCCN2CCCCCC2)c2cccnc2)=C1
C1=CC(CCC(OC2CC(CN3CCCCCC3)O2)c2cccnc2)=C1
C1=CC(CCC(OC2CC(CN3CCCCC3)O2)c2cccnc2)=C1
C1=CC(CCC(OCCCCN2CCCCC2)c2cccnc2)=C1
C1=CC(CCC(OCCCCCN2CCCCC2)c2cccnc2)=C1
C1=CC(CCC(OCCCCCN2CCCC2)c2cccnc2)=C1
C1=CC(CCC(OCCCCN2CCCC2)c2cccnc2)=C1
O=C(CCCN1CCCC1)OC(CCC1=CC=C1)c1cccnc1
O=C(CCCN1CCC1)OC(CCC1=CC=C1)c1cccnc1
O=C(CCCOC(CCC1=CC=C1)c1cccnc1)N1CCC1
O=C(C1CC1OC(CCC1=CC=C1)c1cccnc1)N1CCC1
O=C(CCOC(CCC1=CC=C1)c1cccnc1)N1CCC1
O=C(CCOC(CCC1=CC=C1)c1cccnc1)N1CCC1
O=C(CCOC(CCC1=CC=C1)c1cccnc1)N1CCCC1
O=C(CCCOC(CCC1=CC=C1)c1cccnc1)N1CCCC1
O=C(CCOC(CCC1=CC=C1)c1cccnc1)N1CCCC1
O=C(CCOC(CCC1=CC=C1)c1cccnc1)N1CCCCC1
O=C(CCOC(CCC1=CC=C1)c1cccnc1)N1CCCCC1
O=C(CCOC(CCC1=CC=C1)c1cccnc1)N1CCCCC1
O=C(CCOC(CCC1=CC=C1)c1cccnc1)N1CCCC1
O=C(CC(=O)N1CCCC1)OC(CCC1=CC=C1)c1cccnc1
O=C(CC(=O)N1CCCCC1)OC(CCC1=CC=C1)c1cccnc1
O=C(CC(=O)N1CCCCC1)OC(CCC1=CC=C1)c1cccnc1
O=C(CC(=O)N1CCCCC1)OC(CCC1=CC=C1)c1cccnc1
O=C(CC(=O)N1CCCCCC1)OC(CCC1=CC=C1)c1cccnc1
O=C(CC(=O)OC(CCC1=CC=C1)c1cccnc1)CN1CCCCCC1
O=C(CC(=O)OC(CCC1=CC=C1)c1cccnc1)CN1CCCCCC1
O=C(CN1CCCCCC1)C(=O)OC(CCC1=CC=C1)c1cccnc1
O=C(CN1CCCCCC1)C(=O)OC(CCC1=CC=C1)c1cccnc1
O=C(CCN1CCCCCC1)OC(CCC1=CC=C1)c1cccnc1
O=C(CN1CCCCCC1)OC(CCC1=CC=C1)c1cccnc1
O=C(OC(CCC1=CC=C1)c1cccnc1)N1CCCCCC1
O=C(OC(CCC1=CC=C1)c1cccnc1)N1CCCCCC1
O=C(OC(CCC1=CC=C1)c1cccnc1)N1CCCCC1
O=C(OC(CCC1=CC=C1)c1cccnc1)N1CCCC1
O=C(OC(CCC1=CCC=C1)c1cccnc1)N1CCCC1
O=C(OC(CCC1=CCCC=C1)c1cccnc1)N1CCCC1
O=C(OC(CCc1ccccc1)c1cccnc1)N1CCCC1
O=C(OC(CCc1ccccc1)c1cccnc1)N1CCCC1
C=C(OC(CCc1ccccc1)c1cccnc1)N1CCCC1
C=C(OC(CCc1ccccc1)c1cccnc1)N1CCCCC1
C1=C(OC(CCc2ccccc2)c2cccnc2)NCCCC1
C1=C(OC(CCc2ccccc2)c2cccnc2)NCCC1
C1=C(OC(CCc2ccccc2)c2cccnc2)NCCC1
C1=C(OC(CCc2ccccc2)c2cccnc2)NCC1
C1=C(OC(CCc2ccccc2)c2cccnc2)NCC1
C1=C(OC(CCc2ccccc2)c2cccnc2)NCC1
C1=C(OC(CCc2ccccc2)c2cccnc2)NCC1
C1=C(OC(CCc2ccccc2)c2cccnc2)NCC1
C1=C(CN2CCC=C2OC(CCc2ccccc2)c2cccnc2)C1
C1=CC1CN1CCC=C1OC(CCc1ccccc1)c1cccnc1
C1=CC1Cn1cccc1OC(CCc1ccccc1)c1cccnc1
C1=CC1c1ccc(OC(CCc2ccccc2)c2cccnc2)[nH]1
c1ccc(CCC(Oc2ccc[nH]2)c2cccnc2)cc1
c1ccc(CCC(Oc2cc[nH]c2)c2cccnc2)cc1
c1ccc(CCC(Oc2cc[nH]c2)c2cccnc2)cc1
c1ccc(CCC(Oc2cc[nH]c2)c2cccnc2)cc1
c1ccc(CCC(Oc2cc[nH]c2)c2cccnc2)cc1
C1=CC(OC(CCc2ccccc2)c2cccnc2)=CC1
C1=CC(OC(CCc2ccccc2)c2cccnc2)=CC1
C1=CC(OC(CCc2ccccc2)c2cccnc2)=C1
C1=CC(OC(CCc2ccccc2)c2cccnc2)=C1
C1=CC(OC(CCc2ccccc2)c2cccnc2)=C1
C1=CC(OC(CCc2ccccc2)c2cccnc2)=C1
C1=CC(OC(CCc2ccccc2)c2cccnc2)=C1
C1=CC(OC(CCc2ccccc2)c2cccnc2)=C1
C1=CC(OC(CCc2ccccc2)c2cccnc2)=C1
C1=CC(OC(CCc2ccccc2)c2cccnc2)=C1
C1=CC(OC(CCc2ccccc2)c2cccnc2)=C1
C1=CC(OC(CCc2ccccc2)c2cccnc2)=C1
C1=CC(OC(CCc2ccccc2)c2cccnc2)=C1
C1=CC(OC(CCc2ccccc2)c2cccnc2)=C1
C1=CC(OC(CCc2ccccc2)c2cccnc2)=C1
C1=CC(OC(CCc2ccccc2)c2cccnc2)=CCC1
C1=CC(OC(CCc2ccccc2)c2cccnc2)=CC1
C1=CC(OC(CCc2ccccc2)c2cccnc2)=CC1
C1=CC(OC(CCc2ccccc2)c2cccnc2)=CCCCC1
C1=CCCC=CC(OC(CCc2ccccc2)c2cccnc2)=C1
C1=CCCC=CC(OC(CCc2ccccc2)c2cccnc2)=C1
C1=CCCC=CC(OC(CCc2ccccc2)c2cccnc2)=C1
C1=CCC=CC(OC(CCc2ccccc2)c2cccnc2)=C1
C1=CCC=CC(OC(CCc2ccccc2)c2cccnc2)=C1
C1=CCC=CC(OC(CCc2ccccc2)c2cccnc2)=C1
c1ccc(CCC(Oc2ccccc2)c2cccnc2)cc1
c1ccc(CCC(Oc2ccccc2)c2cccnc2)cc1
c1ccc(CCC(Oc2ccccc2)c2cccnc2)cc1
c1ccc(CCC(Oc2ccccc2)c2cccnc2)cc1
c1ccc(CCC(Oc2ccccc2)c2cccnc2)cc1
c1ccc(CCC(Oc2ccccc2)c2cccnc2)cc1
c1ccc(CCC(Oc2ccccc2)c2cccnc2)cc1
c1ccc(CCC(Oc2ccccc2)c2cccnc2)cc1
c1ccc(CCC(Oc2ccc3c(c2)CNCCN3)c2cccnc2)cc1
c1ccc(CCC(Oc2ccc(N3CC3)cc2)c2cccnc2)cc1
c1ccc(CCC(Oc2ccc(N3CC3)cc2)c2cccnc2)cc1
c1ccc(CCC(Oc2ccc(N3CC3)cc2)c2cccnc2)cc1
c1ccc(CCC(Oc2ccc3c(c2)CC2CN32)c2cccnc2)cc1
c1ccc(CCC(Oc2ccc3c(c2)CC2CN32)c2cccnc2)cc1
c1ccc(CCC(Oc2ccc3c(c2)cc2n3C2)c2cccnc2)cc1
c1ccc(CCC(Oc2ccc3c(c2)cc2n3NC2)c2cccnc2)cc1
c1ccc(CCC(Oc2ccc3c(c2)cc2n3NC2)c2cccnc2)cc1
c1ccc(CCC(Oc2ccc3[nH]ccc3c2)c2cccnc2)cc1
c1ccc(CCC(Oc2ccc3[nH]ccc3c2)c2cccnc2)cc1
c1ccc(CCC(Oc2ccc3[nH]ccc3c2)c2cccnc2)cc1
c1ccc(CCC(Oc2ccc3[nH]ccc3c2)c2cccnc2)cc1
c1ccc(CCC(Oc2ccc3[nH]ccc3c2)c2cccnc2)cc1
c1ccc(CCC(Oc2ccc3[nH]ccc3c2)c2cccnc2)cc1
c1ccc(CCC(Oc2ccc3[nH]ncc3c2)c2cccnc2)cc1
c1ccc(CCC(Oc2ccc3c(cnn3CN3CCN3)c2)c2cccnc2)cc1
c1ccc(CCC(Oc2ccc3c(cnn3CN3CCN3)c2)c2cccnc2)cc1
c1ccc(CCC(Oc2ccc3c(cnn3CN3CN3)c2)c2cccnc2)cc1
c1ccc(CCC(Oc2ccc3[nH]ncc3c2)c2cccnc2)cc1
c1ccc(CCC(Oc2ccc3[nH]ncc3c2)c2cccnc2)cc1
c1ccc(CCC(Oc2ccc3[nH]ncc3c2)c2cccnc2)cc1
c1ccc(CCC(Oc2ccc3[nH]ncc3c2)c2cccnc2)cc1
C1=CN1Cn1ncc2cc(OC(CCc3ccccc3)c3cccnc3)ccc21
C1=CN1Cn1ncc2cc(OC(CCc3ccccc3)c3cccnc3)ccc21
C1=C(n2ncc3cc(OC(CCc4ccccc4)c4cccnc4)ccc32)N1
C1=C(n2ncc3cc(OC(CCc4ccccc4)c4cccnc4)ccc32)CN1
C1=C(n2ncc3cc(OC(CCc4ccccc4)c4cccnc4)ccc32)CN1
C1=C(n2ncc3cc(OC(CCc4ccccc4)c4cccnc4)ccc32)CN1
C1=C(n2ncc3cc(OC(CCc4ccccc4)c4cccnc4)ccc32)CCN1
C1=C(n2ncc3cc(OC(CCc4ccccc4)c4cccnc4)ccc32)CCN1
c1ccc(CCC(Oc2ccc3c(cnn3-c3cc[nH]c3)c2)c2cccnc2)cc1
c1ccc(CCC(Oc2ccc3c(cnn3-c3cc[nH]c3)c2)c2cccnc2)cc1
c1ccc(CCC(Oc2ccc3c(cnn3-c3cc[nH]c3)c2)c2cccnc2)cc1
c1ccc(CCC(Oc2ccc3c(cnn3-c3cc[nH]c3)c2)c2cccnc2)cc1
c1ccc(CCC(Oc2ccc3c(cnn3-c3cc[nH]c3)c2)c2cccnc2)cc1
C1=CC(n2ncc3cc(OC(CCc4ccccc4)c4cccnc4)ccc32)=CC1
C1=CC(n2ncc3cc(OC(CCc4ccccc4)c4cccnc4)ccc32)=CC1
C1=CC(n2ncc3cc(OC(CCc4ccccc4)c4cccnc4)ccc32)=CC1
C1=CC(n2ncc3cc(OC(CCc4ccccc4)c4cccnc4)ccc32)=CCC1
c1ccc(CCC(Oc2ccc3c(cnn3-c3ccccc3)c2)c2cccnc2)cc1
c1ccc(CCC(Oc2ccc3c(cnn3-c3ccccc3)c2)c2cccnc2)cc1
c1ccc(CCC(Oc2ccc3c(cnn3-c3ccccc3)c2)c2cccnc2)cc1
c1ccc(CCC(Oc2ccc3c(cnn3-c3ccccc3)c2)c2cccnc2)cc1
c1ccc(CCC(Oc2ccc3c(cnn3-c3ccccc3)c2)c2cccnc2)cc1
c1ccc(CCC(Oc2ccc3c(cnn3-c3ccccc3)c2)c2cccnc2)cc1
c1ccc(CCC(Oc2ccc3c(cnn3-c3ccccc3)c2)c2cccnc2)cc1
c1ccc(CCC(Oc2ccc3c(cnn3-c3ccccc3)c2)c2cccnc2)cc1
c1ccc(CCC(Oc2ccc3c(cnn3-c3ccccc3)c2)c2cccnc2)cc1
c1ccc(CCC(Oc2ccc3c(cnn3-c3ccccc3)c2)c2cccnc2)cc1
c1ccc(CCC(Oc2ccc3c(cnn3-c3ccccc3)c2)c2cccnc2)cc1
c1ccc(CCC(Oc2ccc3c(cnn3-c3ccccc3)c2)c2cccnc2)cc1
c1ccc(CCC(Oc2ccc3c(cnn3-c3ccccc3)c2)c2cccnc2)cc1
c1ccc(CCC(Oc2ccc3c(cnn3-c3ccccc3)c2)c2cccnc2)cc1
c1ccc(CCC(Oc2ccc3c(cnn3-c3ccccc3)c2)c2cccnc2)cc1
O=C1C=CC2C(=C1)CCC1C2CCC2C1CCC2(OC(=O)c1ccco1)C(=O)CSc1nc2ccccc2s1
O=C1C=CC2C(=C1)CCC1C2CCC2C1CCC2(OC(=O)c1ccco1)C(=O)CSc1nc2ccccc2s1
O=C1C=CC2C(=C1)CCC1C2CCC2C(C(=O)CSc3nc4ccc(OC(=O)c5ccco5)cc4s3)CCC21
O=C1C=CC2C(=C1)CCC1C2CCC2C(C(=O)CSc3nc4ccc(OCc5ccco5)cc4s3)CCC21
O=C1C=CC2C(=C1)CCC1C2CCC2C(C(=O)CSc3nc4ccc(OCc5ccco5)cc4s3)CCC21
O=C1C=CC2C(=C1)CCC1CC(CC(=O)CSc3nc4ccc(OCc5ccco5)cc4s3)CCC12
O=C1C=CC2C(=C1)CCC1CC(CC(=O)CSc3nc4ccc(OCc5ccco5)cc4s3)CCCC12
O=C1C=CC2C(=C1)CCC1CC(CC(=O)CSc3nc4ccc(OCc5ccco5)cc4s3)CCCC12
O=C1C=CCC(CCC2CCCCC(CC(=O)CSc3nc4ccc(OCc5ccco5)cc4s3)C2)=C1
O=C1C=CCC(CCC2CCCCC(NCC(=O)CSc3nc4ccc(OCc5ccco5)cc4s3)C2)=C1
O=C1C=CCC(CCC2CCCCC(NCC(=O)Sc3nc4ccc(OCc5ccco5)cc4s3)C2)=C1
O=C1C=CCC(CCC2CCCCCC(NCC(=O)Sc3nc4ccc(OCc5ccco5)cc4s3)C2)=C1
O=C1C=CCC(CCC2CCCCCC(NCC(=O)Nc3nc4ccc(OCc5ccco5)cc4s3)C2)=C1
O=C1C=CCC(CCC2CCCCCC(NCC(=O)Nc3nc4ccc(OCc5ccco5)cc4s3)C2)=C1
O=C1C=CCC(CCC2CCCCCC(NCC(=O)Nc3nc4ccc(OCc5ccco5)cc4s3)C2)=C1
O=C1C=CC(CCC2CCCCCC(NCC(=O)Nc3nc4ccc(OCc5ccco5)cc4s3)C2)=C1
O=C1C=CC(CCC2CCCCCC(NCC(=O)Nc3nc4ccc(OCc5ccco5)cc4s3)C2)=C1
O=C1C=CC(CCC2CCCCCC(NCC(=O)Nc3nc4ccc(OCc5ccco5)cc4s3)C2)=C1
O=C1C=CC(CCC2CCCCCC(NCC(=O)Nc3nc4ccc(OCc5ccco5)cc4s3)C2)=C1
O=C1C=CC(CCCC(Oc2ccc3nc(NC(=O)CNC4CCCCCCC4)sc3c2)c2ccco2)=C1
O=C1C=CC(CCC(Oc2ccc3nc(NC(=O)CNC4CCCCCCC4)sc3c2)c2ccco2)=C1
O=C1C=CC(CCC(Oc2ccc3nc(NC(=O)NC4CCCCCCC4)sc3c2)c2ccco2)=C1
O=C1C=CC(CCC(Oc2ccc3nc(CC(=O)NC4CCCCCCC4)sc3c2)c2ccco2)=C1
O=C1C=CC(CCC(Oc2ccc3nc(C(=O)NC4CCCCCCC4)sc3c2)c2ccco2)=C1
O=C1C=CC(CCC(Oc2ccc3nc(C(=O)NC4CCCCCCC4)sc3c2)c2ccco2)=C1
O=C1C=CC(CCC(Oc2ccc3nc(C(=O)NC4CCCCCC4)sc3c2)c2ccco2)=C1
O=C1C=CC(CCC(Oc2ccc3nc(C(=O)NC4CCCCCC4)sc3c2)c2ccco2)=C1
O=C1C=CC(CCC(Oc2ccc3nc(C(=O)NC4CCCCC4)sc3c2)c2ccco2)=C1
O=C1C=CC(CCC(Oc2ccc3ncsc3c2)c2ccco2)=C1C(=O)NC1CCCCC1
O=C(NC1CCCCC1)C1=C(CCC(Oc2ccc3ncsc3c2)c2ccco2)C=CC1
O=C(NC1CCCCC1)C1=C(CCC(Oc2ccc3ncsc3c2)c2ccco2)N=CC1
O=C(NC1CCCCC1)C1=C(CCC(Oc2ccc3ncsc3c2)c2ccco2)N=C1
O=C(NC1CCCCC1)C1=C(CCC(Oc2ccccc2)c2ccco2)N=C1
O=C(NC1CCCCC1)C1=C(CCC(Oc2ccccc2)c2ccco2)N=C1
O=C(NC1CCCCC1)C1=C(CCC(Oc2ccccc2)c2ccco2)N=C1
O=C(NC1CCCCC1)C1=C(CCC(Oc2ccccc2)c2ccco2)N=C1
O=C(NC1CCCCCC1)C1=C(CCC(Oc2ccccc2)c2ccco2)N=C1
O=C(NC1CCCCCC1)C1=C(CCC(Oc2ccccc2)c2ccco2)N=C1
O=C(NC1CCCCCC1)C1=C(CCC(Oc2ccccc2)C2=CC=C2)N=C1
O=C(NC1CCCCCC1)C1=C(CCC(Oc2ccccc2)C2=CC=C2)N=C1
O=C(NC1CCCCCCC1)C1=C(CCC(Oc2ccccc2)C2=CC=C2)N=C1
O=C(NC1CCCCCCC1)C1=C(CNCC(Oc2ccccc2)C2=CC=C2)N=C1
O=C(NC1CCCCCCC1)C1=C(CNCC(Oc2ccccc2)C2=CC=C2)N=C1
O=C(NC1CCCCCC1)C1=C(CNCC(Oc2ccccc2)C2=CC=C2)N=C1
O=C(NC1CCCCCC1)C1=C(CNCC(Oc2ccccc2)C2=CC=C2)N=C1
O=C(NC1CCCCCC1)C1=C(CNCC(Oc2ccccc2)C2=CC=C2)N=C1
O=C(NC1CCCCCC1)C1=C(CNCC(Oc2ccccc2)C2=CC=C2)N=C1
O=C(NC1CCCCCCC1)C1=C(CNCC(Oc2ccccc2)C2=CC=C2)N=C1
O=C(NC1CCCCCCC1)C1=C(CNCC(Oc2ccccc2)C2=CC=C2)N=C1
O=C(NC1CCCCCCC1)C1=C(CCNCC(Oc2ccccc2)C2=CC=C2)N=C1
O=C(NC1CCCCCCC1)C1=C(CCNCC(Oc2ccccc2)C2=CC=C2)N=C1
O=C(CC1=C(CNC2CCCCCCC2)C=N1)NCC(Oc1ccccc1)C1=CC=C1
O=C(CC1=C(NC2CCCCCCC2)C=N1)NCC(Oc1ccccc1)C1=CC=C1
O=C(CC=CNC1CCCCCCC1)NCC(Oc1ccccc1)C1=CC=C1
O=C(CC=CNC1CCCCCC1)NCC(Oc1ccccc1)C1=CC=C1
O=C(CC=CNC1CCCCCC1)NCC(Oc1ccccc1)C1=CC=C1
O=C(CC=CNC1CCCCC1)NCC(Oc1ccccc1)C1=CC=C1
O=C(CCNC1CCCCC1)NCC(Oc1ccccc1)C1=CC=C1
C=C(CC(=O)NCC(Oc1ccccc1)C1=CC=C1)NC1CCCCC1
O=C(CC(=O)NC1CCCCC1)NCC(Oc1ccccc1)C1=CC=C1
O=C(CC(=O)NC1CCCCCC1)NCC(Oc1ccccc1)C1=CC=C1
O=C(NC1CCCCCC1)C1=CC(COc2ccccc2)=C1
O=C(NC1CCCCCC1)C1=CC(COc2ccccc2)=C1
O=C(NC1CCCCCC1)C1=CC(COc2ccccc2)=C1
O=C(NC1CCCCCC1)C1=CC(COc2ccccc2)=C1
O=C(NC1CCCCCC1)C1=CC(COc2ccccc2)=C1
O=C(NC1CCCCC1)C1=CC(COc2ccccc2)=C1
O=C(NC1CCCCC1)C1=CC(COc2ccccc2)=C1
O=C(NC1CCCCCC1)C1=CC(COc2ccccc2)=C1
O=C(NC1CCCCCC1)C1=CC(COc2ccccc2)=C1
O=C(NC1CCCCCC1)C1=CC(COc2ccccc2)=C1
O=C(NC1CCCCCC1)C1=C(COc2ccccc2)C=C1
O=C(NC1CCCCCC1)C1=C(COc2ccccc2)C=N1
O=C(NC1CCCCCC1)C1=C(COc2ccccc2)CC=N1
O=C(NC1CCCCCC1)C1=C(COc2ccccc2)CC=N1
O=C(NC1CCCCC1)C1=C(COc2ccccc2)CC=N1
O=C(NC1CCCCC1)C1=C(COc2ccccc2)CC=N1
O=C(NC1CCCC1)C1=C(COc2ccccc2)CC=N1
O=C(NC1CCCC1)C1=C(COc2ccccc2)CCC=N1
O=C(NC1CCCC1)C1=C(COc2ccccc2)CCCC=N1
O=C(NC1CCCC1)C1=C(COc2ccccc2)CCCOC=N1
O=C(NC1CCCC1)C1=C(COc2ccccc2)CCCOC=N1
O=C(NC1CCCC1)C1=C(COc2ccccc2)CCOC=N1
O=C(NC1CCCCC1)C1=C(COc2ccccc2)CCOC=N1
O=C(NC1CCCCC1)C1=C(COc2ccccc2)C=COC=N1
O=C(NC1CCCCC1)c1ncccc1COc1ccccc1
O=C(NC1CCCCC1)c1ncccc1COc1ccccc1
O=C(NC1CCCCC1)c1ncccc1COc1ccccc1
O=C(NC1CCCCC1)c1ccc(OOCCOc2ccccc2)cn1
O=C(NC1CCCCC1)c1ccc(OOCCCOc2ccccc2)cn1
O=C(NC1CCCCC1)c1ccc(OCCCOc2ccccc2)cn1
O=C(NC1CCCCC1)c1ccc(OCCc2ccccc2)cn1
O=C(NC1CCCCC1)c1ccc(OCc2ccccc2)cn1
O=C(NC1CCCCC1)c1ccc(OCc2ccccc2)cn1
O=C(NC1CCCCC1)c1ccc(OCc2ccccc2)cn1
c1ccc(CNCc2[nH]c3ccccc3c2-c2ccccc2)cc1
c1ccc(CNCc2[nH]c3ccccc3c2-c2ccccc2)cc1
c1ccc(CNCC2(c3ccccc3)Nc3ccccc32)cc1
c1ccc(CNC2(c3ccccc3)Nc3ccccc32)cc1
c1ccc(CCC2(c3ccccc3)Nc3ccccc32)cc1
c1ccc(CC2c3cccc4c3C2(c2ccccc2)N4)cc1
c1ccc(CC23CCCc4ccc5c(c42)C3(c2ccccc2)N5)cc1
c1ccc(CC23CCCCc4ccc5c(c42)C3(c2ccccc2)N5)cc1
c1ccc(CC23CCCCc4cccc(c42)C3c2ccccc2)cc1
c1ccc(CC23CCCCc4cccc(c42)C3c2ccccc2)cc1
c1ccc(CC23CCCCCc4cccc(c42)C3c2ccccc2)cc1
c1ccc(CC23CCCCc4cccc(c42)C3c2ccccc2)cc1
c1ccc(CC23CCCCc4cccc(c42)C3c2cccnc2)cc1
c1ccc(CC23CCCCc4cccc(c42)C3c2cccnc2)cc1
c1ccc(CC23CCCCc4cccc(c42)C3c2cccnc2)cc1
c1ccc(CC2(Cc3cccnc3)CCCCc3ccccc32)cc1
c1ccc(CC2(C3c4ccncc43)CCCCc3ccccc32)cc1
c1ccc(CC2(C3c4ccncc43)CCCCc3ccccc32)cc1
c1ccc(CC2(C3c4ccncc43)CCCCc3ccccc32)cc1
c1ccc(CC2(C3c4ccncc43)CCCCc3ccccc32)cc1
c1ccc(CC2(C3c4ccncc43)CCCCc3ccccc32)cc1
C1=NC=C2C1C2C1(Cc2ccccc2)CCCCc2ccccc21
C1=NC=C2C1C2C1(Cc2ccccc2)CCCCc2ccccc21
C1=NC=C2C1C2C1(Cc2ccccc2)CCCCc2ccccc21
C1=NC=C2C1C2C1(Cc2ccccc2)CCCCc2ccccc21
C1=NC=C2C1C2C1(Cc2ccccc2)CCCCc2ccccc21
C1=CC(C2(Cc3ccccc3)CCCCc3ccccc32)C=N1
C1=CC(C2(Cc3ccccc3)CCCCc3ccccc32)C=N1
C1=CN=CC(C2(Cc3ccccc3)CCCCc3ccccc32)C1
C1=CNCC(C2(Cc3ccccc3)CCCCc3ccccc32)C=N1
C1=CNC(C2(Cc3ccccc3)CCCCc3ccccc32)C=N1
c1ccc(CC2(c3cnccn3)CCCCc3ccccc32)cc1
c1ccc(CC2(c3cnccn3)CCCCc3ccccc32)cc1
c1ccc(CC2(c3cnccn3)CCCc3ccccc32)cc1
c1ccc(CC2(Cc3cnccn3)CCCc3ccccc32)cc1
c1ccc(CC2(Cc3cnccn3)CCCc3ccccc32)cc1
c1ccc(CC23c4ccccc4CCC2CC3c2cnccn2)cc1
c1ccc(CC23c4ccccc4CCC2CC3c2cnccn2)cc1
c1ccc(CC23CC(c4cnccn4)CC2CCc2ccccc23)cc1
c1ccc(CC23CCC(c4cnccn4)CC2CCc2ccccc23)cc1
c1ccc(CC23CCC(c4cnccn4)CC2CCCc2ccccc23)cc1
c1ccc(CC23CCC(Nc4cnccn4)CC2CCCc2ccccc23)cc1
c1ccc(CC23CCC(Nc4cnccn4)CC2CCCc2ccccc23)cc1
c1ccc(CC23CCC(Nc4cnccn4)CC2CCCc2ccccc23)cc1
c1ccc(CC23CCC(Nc4cnccn4)CC2CCc2ccccc23)cc1
c1ccc(CC23CCC(CNc4cnccn4)CC2CCc2ccccc23)cc1
c1ccc(CC23CCC(CNc4cnccn4)CC2CCc2ccccc23)cc1
c1ccc(CC23CCC(CNc4cnccn4)CC2CCc2ccccc23)cc1
c1ccc(CC23CCC(CNc4cnccn4)CC2CCc2ccccc23)cc1
c1ccc(CC23CCC(CNc4cnccn4)CC2CCc2ccccc23)cc1
c1ccc(CC23CCC(CNc4cnccn4)CC2CCc2ccccc23)cc1
c1ccc(CC23CCC(CNc4cnccn4)CC2CCc2ccccc23)cc1
O=C(Nc1cnccn1)c1ccc2c(c1)CCC1CCCCC21Cc1ccccc1
O=C(Nc1cnccn1)c1ccc2c(c1)CCC1CCCCC21Cc1ccccc1
O=C(Nc1cnccn1)c1ccc2c(c1)CCC1CCCCC21Cc1ccccc1
O=C(Nc1cnccn1)c1ccc2c(c1)CCC1CCCCC21Cc1ccccc1
O=C(Nc1cnccn1)c1ccc2c(c1)CCC1CCCCC21Cc1ccccc1
O=C(Nc1cnccn1)c1ccc2c(c1)CCC1CCCCC21Cc1ccccc1
O=C(Nc1cnccn1)c1ccc2c(c1)CCC1CCCCC21Cc1ccccc1
O=C(Nc1cnccn1)c1ccc2c(c1)CCC1CCCCC21Cc1ccccc1
O=C(Nc1cnccn1)c1ccc2c(c1)CCC1CCCCC21Cc1ccccc1
O=C(Nc1cnccn1)c1ccc2c(c1)CCC1CCCCC21Cc1ccccc1
O=C(Nc1cnccn1)c1ccc2c(c1)CCC1CCCCC21Cc1ccccc1
c1ccc(CNCc2[nH]c3ccccc3c2-c2ccccc2)cc1
c1ccc(CNCC2(c3ccccc3)Nc3ccccc32)cc1
c1ccc(CNCC2(c3ccccc3)Nc3ccccc32)cc1
c1ccc(CCCC2(c3ccccc3)Nc3ccccc32)cc1
c1ccc(CC2Cc3ccccc3C(c3ccccc3)C2)cc1
c1ccc(CC2Cc3ccccc3C(c3ccccc3)C2)cc1
c1ccc(CC2Cc3ccccc3C(c3ccccc3)C2)cc1
c1ccc(CC2Cc3ccccc3C(c3ccccc3)C2)cc1
c1ccc(CC2CCc3ccccc3C(c3ccccc3)C2)cc1
c1ccc(CC2CCc3ccccc3C(c3ccccc3)C2)cc1
c1ccc(CC2CCc3ccccc3C(c3ccccc3)C2)cc1
c1ccc(CC2CCc3ccccc3C(c3ccccc3)C2)cc1
c1ccc(CC2CCc3ccccc3C(c3ccccc3)C2)cc1
c1ccc(CC2CCc3ccccc3C(c3ccccc3)C2)cc1
c1ccc(CC2CCc3ccccc3C(c3ccccc3)C2)cc1
c1ccc(CC2CCc3ccccc3C(c3ccccc3)C2)cc1
c1ccc(CC2CCc3ccccc3C(c3ccccc3)C2)cc1
c1ccc(CC2CCc3ccccc3C(c3ccccc3)C2)cc1
c1ccc(CC2CCc3ccccc3C(c3ccccc3)C2)cc1
c1ccc(CC2CCc3ccccc3C(c3ccccc3)C2)cc1
c1ccc(CCC2CCc3ccccc3C(c3ccccc3)C2)cc1
c1ccc(CCC2CCc3ccccc3C(c3cccnc3)C2)cc1
c1ccc(CCC2CCc3ccccc3C(c3cccnc3)C2)cc1
c1ccc(CCC2CCc3ccccc3C(Cc3cccnc3)C2)cc1
c1ccc(CCC2CCc3ccccc3C(Cc3cccnc3)C2)cc1
c1ccc(CCC2CCc3ccccc3C(Cc3cccnc3)C2)cc1
c1ccc(CCC2CCc3ccccc3C(Cc3cccnc3)C2)cc1
c1ccc(CCC2CCc3ccccc3C(Cc3cccnc3)C2)cc1
c1ccc(CCC2CCc3ccccc3C(Cc3cccnc3)C2)cc1
c1ccc(CC2C3CCc4ccccc4C(Cc4cccnc4)C32)cc1
c1ccc(CC2C3CCCc4ccccc4C(Cc4cccnc4)C32)cc1
c1ccc(CC2C3CCCc4ccccc4C(Cc4cccnc4)C32)cc1
O=C(NCc1cccnc1)c1ccc2c(c1)CCCC1C(Cc3ccccc3)C1C2
O=C(NCc1cccnc1)c1ccc2c(c1)CCCC1C(Cc3ccccc3)C1C2
O=C(NCc1cccnc1)c1ccc2c(c1)CCCC1C(Cc3ccccc3)C1C2
O=C(NCc1cccnc1)c1ccc2c(c1)CCCC1C(Cc3ccccc3)C1C2
O=C(NCc1cccnc1)c1ccc2c(c1)CCCC1C(Cc3ccccc3)C1C2
O=C(NCc1cccnc1)c1ccc2c(c1)CCCC1C(Cc3ccccc3)C1C2
O=C(NCc1cccnc1)c1ccc2c(c1)CCCC1C(Cc3ccccc3)CC1C2
O=C(NCc1cccnc1)c1ccc2c(c1)CCC1C(Cc3ccccc3)CC1C2
O=C(NCc1cccnc1)c1ccc2c(c1)CCC1C(Cc3ccccc3)CC1C2
O=C(NCc1cccnc1)c1ccc2c(c1)CCC1C(CC2)CC1Cc1ccccc1
O=C(NCc1cccnc1)c1ccc2c(c1)CCC1C(CC2)CCC1Cc1ccccc1
O=C(NCc1cccnc1)c1ccc2c(c1)CCC1C(Cc3ccccc3)CCC1C2
O=C(NCc1cccnc1)c1ccc2c(c1)CCC1CC(Cc3ccccc3)CCC1C2
O=C(NCc1cccnc1)c1ccc2c(c1)CCC1CC(Cc3ccccc3)CCC1C2
O=C(NCc1cccnc1)c1ccc2c(c1)CCC1CC(Cc3ccccc3)CCC1C2
O=C(NCc1cccnc1)c1ccc2c(c1)CCC1CC(Cc3ccccc3)CC1C2
O=C(NCc1cccnc1)c1ccc2c(c1)CCC1CC(Cc3ccccc3)CC1C2
O=C(NCc1cccnc1)c1ccc2c(c1)CCC1CC(Cc3ccccc3)CC1C2
O=C(NCc1cccnc1)c1ccc2c(c1)CCC1CC(Cc3ccccc3)CCC1C2
O=C(NCc1cccnc1)c1ccc2c(c1)CCC1CC(Cc3ccccc3)CCC1C2
O=C(NCc1cccnc1)c1ccc2c(c1)CCC1CCC(Cc3ccccc3)CCC1C2
O=C(NCc1cccnc1)c1ccc2c(c1)CCC1CCC(Cc3ccccc3)CCC1C2
O=C(NCc1cccnc1)c1ccc2c(c1)CCC1CCC(Cc3ccccc3)CCC1C2
O=C(NCc1cccnc1)c1ccc2c(c1)CCC1CCC(Cc3ccccc3)CCC21
O=C(NCc1cccnc1)c1ccc2c(c1)CCC1CC(Cc3ccccc3)CCC21
O=C(NCc1cccnc1)c1ccc2c(c1)CCC1CC(Cc3ccccc3)CCC21
O=C(NCc1cccnc1)c1ccc2c(c1)CCC1CC(Cc3ccccc3)CCCC21
O=C(NCc1cccnc1)c1ccc2c(c1)CCC1CC(Cc3ccccc3)CCCC21
O=C(NCc1cccnc1)c1ccc2c(c1)CCC1CC(Cc3ccccc3)CCCC21
O=C(NCc1cccnc1)c1ccc2c(c1)CCC1CC(Cc3ccccc3)CCC21
O=C(NCc1cccnc1)c1ccc2c(c1)CCC1CCC(Cc3ccccc3)CCC21
O=C(NCc1cccnc1)c1ccc2c(c1)CCC1CCC(Cc3ccccc3)CCC21
O=C(NCc1cccnc1)c1ccc2c(c1)CCC1CCC(Cc3ccccc3)CCC21
O=C(NCc1cccnc1)c1ccc2c(c1)CCC1CC(Cc3ccccc3)CCC21
O=C(NCc1cccnc1)c1ccc2c(c1)CCC1CC(CCc3ccccc3)CCC21
O=C(NCc1cccnc1)c1ccc2c(c1)CCC1CC(CCc3ccccc3)CCCC21
O=C(NCc1cccnc1)c1ccc2c(c1)CCC1CC(CCc3ccccc3)CCCC21
O=C(NCc1cccnc1)c1ccc2c(c1)CCC1CC(CCc3ccccc3)CCCC21
O=C(NCc1cccnc1)c1ccc2c(c1)CCC1CC(Cc3ccccc3)CCCC21
O=C(NCc1cccnc1)c1ccc2c(c1)CCC1CC(Cc3ccccc3)CCCC21
O=C(NCc1cccnc1)c1ccc2c(c1)CCC1CC(Cc3ccccc3)CCCC21
O=C(NCc1cccnc1)c1ccc2c(c1)CCC1CC(Cc3ccccc3)CCCCC21
O=C(NCc1cccnc1)c1ccc2c(c1)CCC1CC(Cc3ccccc3)CCCCC21
O=C(NCc1cccnc1)c1ccc2c(c1)CCC1CC(Cc3ccccc3)CCCCC21
O=C(NCc1cccnc1)c1ccc2c(c1)CCC1CC(Cc3ccccc3)CCCC21
O=C(NCc1cccnc1)c1ccc2c(c1)CCC1CC(Cc3ccccc3)CCC21
O=C(NCc1cccnc1)c1ccc2c(c1)CCC1CC(Cc3ccccc3)CCC21
O=C(NCc1cccnc1)c1ccc2c(c1)CCC1CC(Cc3ccccc3)CCC21
O=C(NCc1cccnc1)c1ccc2c(c1)CCC1CC(Cc3ccccc3)CCC21
O=C(NCc1cccnc1)c1ccc2c(c1)CCC1CC(Cc3ccccc3)CCC21
O=C(NCc1cccnc1)c1ccc2c(c1)CCC1CC(Cc3ccccc3)CCC21
O=C(NCc1cccnc1)c1ccc2c(c1)CCC1CC(Cc3ccccc3)CCC21
O=C(NCc1cccnc1)c1ccc2c(c1)CCC1CCCCCC21CCCCc1ccccc1
O=C(NCc1cccnc1)c1ccc2c(c1)CCC1CCCCC21CCCCc1ccccc1
O=C(NCc1cccnc1)c1ccc2c(c1)CCC1CCCCC21CCCc1ccccc1
O=C(NCc1cccnc1)c1ccc2c(c1)CCC1CCCCC21CCCc1ccccc1
O=C(NCc1cccnc1)c1ccc2c(c1)CCC1CCCCC21CCc1ccccc1
O=C(NCc1cccnc1)c1ccc2c(c1)CCC1CCCCC21Cc1ccccc1
c1ccc(CNCc2[nH]c3ccccc3c2-c2ccccc2)cc1
c1ccc(CNCc2[nH]c3ccccc3c2-c2ccccc2)cc1
c1ccc(-c2[nH]c3ccccc3c2-c2ccccc2)cc1
c1ccc(-c2[nH]c3ccccc3c2-c2ccccc2)cc1
c1ccc(-c2[nH]c3ccccc3c2-c2ccccc2)cc1
c1ccc(-c2[nH]c3ccccc3c2-c2ccccc2)cc1
c1ccc(-c2[nH]c3ccccc3c2-c2ccccc2)cc1
c1ccc(-c2[nH]c3ccccc3c2-c2ccccc2)cc1
c1ccc(-c2[nH]c3ccccc3c2-c2ccccc2)cc1
c1ccc(-c2ccc(-c3c[nH]c4ccccc34)cc2)cc1
c1ccc(Cc2ccc(-c3ccccc3)cc2)cc1
c1ccc(Cc2ccc(-c3ccccc3)cc2)cc1
c1ccc(Cc2ccc(-c3ccccc3)cc2)cc1
c1ccc(Cc2ccc(-c3ccccc3)cc2)cc1
c1ccc(Cc2ccc(-c3ccccc3)cc2)cc1
c1ccc(Cc2ccc(-c3ccccc3)cc2)cc1
c1ccc(Cc2ccc(-c3ccccc3)cc2)cc1
c1ccc(NCCc2ccc(-c3ccccc3)cc2)cc1
c1ccc(NCCc2ccc(-c3ccccc3)cc2)cc1
c1ccc(CCCc2cccc(-c3ccccc3)c2)cc1
c1ccc(CCCc2cccc(-c3ccccc3)c2)cc1
c1ccc(CCCc2cccc(-c3ccccc3)c2)cc1
c1ccc(CCCc2cccc(-c3ccccc3)c2)cc1
c1ccc(CCCc2cccc(-c3ccccc3)c2)cc1
c1ccc(CCCCc2cccc(-c3ccccc3)c2)cc1
O=S(=O)(CCCCc1ccccc1)NCCc1ccc(-c2ccccc2)cc1
O=S(=O)(CCCc1ccccc1)NCCc1ccc(-c2ccccc2)cc1
O=S(=O)(CCCCc1ccccc1)NCCc1ccc(-c2ccccc2)cc1
O=S(=O)(NCCc1ccc(-c2ccccc2)cc1)c1ccccc1
O=S(=O)(NCCc1ccc(-c2ccccc2)cc1)c1ccccc1
O=S(=O)(NCCc1ccc(-c2ccccc2)cc1)c1ccccc1
O=S(=O)(NCCc1ccc(-c2ccccc2)cc1)c1ccccc1
O=S(=O)(NCCc1ccc(-c2ccccc2)cc1)c1ccccc1
O=S(=O)(NCCc1ccc(-c2ccccc2)cc1)c1ccccc1
O=S(=O)(NCCc1ccc(-c2ccccc2)cc1)c1ccccc1
O=S(=O)(NCCc1ccc(-c2ccccc2)cc1)c1ccccc1
O=S(=O)(NCCc1ccc(-c2ccccc2)cc1)c1ccccc1
O=S(=O)(NCCc1ccc(-c2ccccc2)cc1)c1ccccc1
O=S(=O)(NCCc1ccc(-c2ccccc2)cc1)c1ccccc1
O=S(=O)(NCCc1ccc(-c2ccccc2)cc1)c1ccccc1
O=S(=O)(NCCc1ccc(-c2ccccc2)cc1)c1ccccc1
O=S(=O)(NCCc1ccc(-c2ccccc2)cc1)c1ccccc1
O=S(=O)(NCCc1ccc(-c2ccccc2)cc1)c1ccccc1
O=S(=O)(NCCc1ccc(-c2ccccc2)cc1)c1ccccc1
O=S(=O)(NCCc1ccc(-c2ccccc2)cc1)c1ccccc1
O=S(=O)(NCCc1ccc(-c2ccccc2)cc1)c1ccccc1
O=S(=O)(NCCc1ccc(-c2ccccc2)cc1)c1ccccc1
O=S(=O)(NCCc1ccc(-c2ccccc2)cc1)c1ccccc1
O=S(=O)(NCCc1ccc2c(c1)C=CC=CC=C2)c1ccccc1
O=S(=O)(NCCc1ccc2c(c1)C=CC1=C(C=C2)C1)c1ccccc1
O=S(=O)(NCCc1ccc2c(c1)C=CC1=C(C=C2)C1)c1ccccc1
O=S(=O)(NCCc1ccc2c(c1)C=CCC=C2)c1ccccc1
O=S(=O)(NCCc1ccc2ccccc2c1)c1ccccc1
O=S(=O)(NCCc1ccc2ccccc2c1)c1ccccc1
c1ccc(CNCc2[nH]c3ccccc3c2-c2ccccc2)cc1
c1ccc(CNCc2[nH]c3ccccc3c2-c2ccccc2)cc1
c1ccc(-c2c(C3NCc4ccccc43)[nH]c3ccccc23)cc1
c1ccc(-c2c(C3CCc4ccccc43)[nH]c3ccccc23)cc1
c1ccc(-c2c(C3CCc4ccccc43)[nH]c3ccccc23)cc1
c1ccc(C2=C(C3CCc4ccccc43)COc3ccccc32)cc1
c1ccc(C2=C(C3CCc4ccccc43)COc3ccccc32)cc1
c1ccc(C2=C(C3CCc4ccccc43)CCOc3ccccc32)cc1
c1ccc(C2=C(C3CCc4ccccc43)CCOc3ccccc32)cc1
c1ccc(C2=C(C3CCc4ccccc43)CCOc3ccccc32)cc1
c1ccc(C2=C(C3CCc4ccccc43)CCOc3ccccc32)cc1
c1ccc(C2=C(C3CCc4ccccc43)CCOc3ccccc32)cc1
c1ccc(C2=C(C3CCc4ccccc43)CCOc3ccccc32)cc1
c1ccc(C2=C(C3CCc4ccccc43)CCOc3ccccc32)cc1
c1ccc(CC2=C(c3ccccc3)c3ccccc3OCC2)cc1
c1ccc(CC2=C(c3ccccc3)c3ccccc3OCC2)cc1
c1ccc(CC2=C(c3ccccc3)c3ccccc3OCC2)cc1
c1ccc(C2=C(c3ccccc3)c3ccccc3OCC2)cc1
c1ccc(C2=C(c3ccccc3)c3ccccc3OCC2)cc1
c1ccc(C2=C(c3ccccc3)c3ccccc3OCC2)cc1
c1ccc(C2=C(c3ccccc3)c3ccccc3OCC2)cc1
c1ccc(C2=C(c3ccccc3)c3ccccc3OCC2)cc1
c1ccc(C2=C(c3ccccc3)c3ccccc3OCC2)cc1
c1ccc(C2=C(c3ccccc3)c3ccccc3OCC2)cc1
c1ccc2c(c1)OCCc1c-2c2ccccc2c2ccccc12
c1ccc2c(c1)OCCc1c-2c2ccccc2c2ccccc12
c1ccc2c(c1)OCCc1c-2c2ccccc2c2ccccc12
c1cc2c(c(-c3cc4ccccc4c4ccccc34)c1)OCC2
c1cc2c(c(-c3cc4ccccc4c4ccccc34)c1)OCC2
c1cc2c(c(-c3cc4ccccc4c4ccccc34)c1)OCC2
c1cc2c(c(-c3cc4ccccc4c4ccccc34)c1)OCC2
c1cc2c(c(-c3cc4ccccc4c4ccccc34)c1)OCC2
c1cc2c(c(-c3cc4ccccc4c4ccccc34)c1)OCC2
c1cc2c(c(-c3cc4ccccc4c4ccccc34)c1)OCC2
c1cc2c(c(-c3cc4ccccc4c4ccccc34)c1)OCC2
c1cc2c(c(-c3cc4ccccc4c4ccccc34)c1)OCC2
c1cc2c(c(-c3cc4ccccc4c4ccccc34)c1)OCC2
c1cc2c(c(Cc3cccc4ccc5ccccc5c34)c1)OCC2
c1cc2c(c(Cc3cccc4ccc5ccccc5c34)c1)OCC2
c1cc2c(c(CCc3cccc4ccc5ccccc5c34)c1)OCC2
c1cc2c(c(CCc3cccc4ccc5ccccc5c34)c1)OCC2
c1cc2c(c(CCc3cccc4ccc5ccccc5c34)c1)OCC2
O=C(CCCCc1cccc2c1OCC2)Nc1ccc2c(ccc3ccccc32)c1
O=C(CCCc1cccc2c1OCC2)Nc1ccc2c(ccc3ccccc32)c1
C=c1ccc2cc(NC(=O)CCCc3cccc4c3OCC4)ccc2c1=C
C=C1C=Cc2cc(NC(=O)CCCc3cccc4c3OCC4)ccc2C1=O
C=C1C=Cc2cc(NC(=O)CCCc3cccc4c3OCC4)ccc2C1=O
C=C1C=Cc2cc(NC(=O)CCCc3cccc4c3OCC4)ccc2C1=O
O=C(CCCc1cccc2c1OCC2)Nc1ccc2c(c1)C=CCC2=O
O=C(CCCc1cccc2c1OCC2)Nc1ccc2c(c1)C=CCC2=O
O=C(CCCc1cccc2c1OCC2)Nc1ccc2c(c1)C=C1CC1C2=O
O=C(CCCc1cccc2c1OCC2)Nc1ccc2c(c1)C=C1CC1C2=O
O=C(CCCc1cccc2c1OCC2)Nc1ccc2c(c1)C=CCC2=O
O=C(CCCc1cccc2c1OCC2)Nc1ccc2c(c1)C=NCC2=O
O=C(CCCc1cccc2c1OCC2)Nc1ccc2c(=O)[nH]ncc2c1
O=C(CCCc1cccc2c1OCC2)Nc1ccc2c(=O)[nH]ncc2c1
O=C(CCCc1cccc2c1OCC2)Nc1ccc2c(c1)C=NNOC2=O
O=C(Nc1ccc2c(c1)C=NNOC2=O)OCCCc1cccc2c1OCC2
O=C(Nc1ccc2c(c1)C=NNOC2=O)OCCCc1cccc2c1OCC2
O=C(Nc1ccc2c(=O)oncc2c1)OCCCc1cccc2c1OCC2
O=C(Nc1ccc2c(=O)oncc2c1)OCCCc1cccc2c1OCC2
O=C(CCCCc1cccc2c1OCC2)Nc1ccc2c(=O)oncc2c1
O=C(CCCc1cccc2c1OCC2)Nc1ccc2c(=O)oncc2c1
O=C(CCCc1cccc2c1OCC2)Nc1ccc2c(=O)oncc2c1
O=C(CCCc1cccc2c1OCC2)Nc1ccc2c(=O)oncc2c1
O=C(CCCc1cccc2c1OCC2)Nc1ccc2c(=O)oncc2c1
O=C(CCCc1cccc2c1OCC2)Nc1ccc2c(=O)oncc2c1
O=C(CCCc1cccc2c1OCC2)Nc1ccc2c(=O)oncc2c1
O=C(CCCc1cccc2c1OCC2)Nc1ccc2c(=O)oncc2c1
O=C(CCCc1cccc2c1OCC2)Nc1ccc2c(=O)oncc2c1
O=C(CCCc1cccc2c1OCC2)Nc1ccc2c(=O)oncc2c1
O=C(CCCc1cccc2c1OCC2)Nc1ccc2c(=O)oncc2c1
O=C(CCCc1cccc2c1OCC2)Nc1ccc2c(=O)oncc2c1
O=C(CCCc1cccc2c1OCC2)Nc1ccc2c(=O)oncc2c1
O=C(CCCc1cccc2c1OCC2)Nc1ccc2c(=O)oncc2c1
O=C(CCCc1cccc2c1OCC2)Nc1ccc2c(=O)oncc2c1
O=C(CCCc1cccc2c1OCC2)Nc1ccc2c(=O)oncc2c1
O=C(CCCc1cccc2c1OCC2)Nc1ccc2c(=O)oncc2c1
O=C(CCCc1cccc2c1OCC2)Nc1ccc2c(=O)oncc2c1
O=C(CCCc1cccc2c1OCC2)Nc1ccc2c(=O)oncc2c1
O=C(CCCc1cccc2c1OCC2)Nc1ccc2c(=O)oncc2c1
O=C(CCCc1cccc2c1OCC2)Nc1ccc2c(=O)oncc2c1
O=C(CCCc1cccc2c1OCC2)Nc1ccc2c(=O)oncc2c1
O=C(CCCc1cccc2c1OCC2)Nc1ccc2c(=O)oncc2c1
O=C(CCCc1cccc2c1OCC2)Nc1ccc2c(=O)oncc2c1
c1ccc(CNCc2[nH]c3ccccc3c2-c2ccccc2)cc1
c1ccc(CNCc2[nH]c3ccccc3c2-c2ccccc2)cc1
c1ccc(-c2c(CN3Cc4ccccc4C3)[nH]c3ccccc23)cc1
c1ccc(-c2c(CN3Cc4ccccc4C3)[nH]c3ccccc23)cc1
c1ccc(-c2c(CN3Cc4ccccc4C3)[nH]c3cccnc23)cc1
c1ccc(-c2c(CN3Cc4ccccc4C3)[nH]c3cccnc23)cc1
c1ccc(-c2c(CN3CCc4ccccc4C3)[nH]c3cccnc23)cc1
c1ccc(-c2c(C3NCCc4ccccc43)[nH]c3cccnc23)cc1
c1ccc(-c2c(C3NCCc4ccccc43)[nH]c3cccnc23)cc1
c1ccc(-c2c(C3NCCc4ccccc43)[nH]c3cccnc23)cc1
c1ccc(C2(C3NCCc4ccccc43)Nc3cccnc32)cc1
c1ccc(C(c2ccccn2)C2NCCc3ccccc32)cc1
c1ccc(C(c2ccccn2)C2NCCc3ccccc32)cc1
c1ccc(C(c2ccccn2)C2NCCCc3ccccc32)cc1
c1ccc(C(c2ccccn2)C2NCCCc3ccccc32)cc1
c1ccc(C(c2ccccn2)C2NCCCc3ccccc32)cc1
c1ccc(C(c2ccccn2)C2NCCCc3ccccc32)cc1
c1ccc(C(c2ccccn2)C2NCCCc3ccccc32)cc1
c1ccc(C(c2ccccn2)C2NCCCc3ccccc32)cc1
c1ccc(C(c2ccccn2)C2NCCCc3ccccc32)cc1
c1ccc(C(c2ccccn2)C2NCCCc3ccccc32)cc1
c1ccc(C(c2cccnc2)C2NCCCc3ccccc32)cc1
c1ccc(C(c2cccnc2)C2NCCCc3ccccc32)cc1
c1ccc(C(c2cccnc2)C2NCCCc3ccccc32)cc1
c1ccc(C(c2cccnc2)C2NCCCc3ccccc32)cc1
C=C(c1ccn[nH]1)C(c1ccccc1)C1NCCCc2ccccc21
C=C(c1ccn[nH]1)C(c1ccccc1)C1NCCCc2ccccc21
C=C(c1ccn[nH]1)C(c1ccccc1)C1NCCCc2ccccc21
C=C(c1ccn[nH]1)C(c1ccccc1)C1NCCCc2ccccc21
C=C(c1ccn[nH]1)C(c1ccccc1)C1CCCCc2ccccc21
C=C(c1ccn[nH]1)C(c1ccccc1)C1CCCCc2ccccc21
C=C(c1ccn[nH]1)C(c1ccccc1)C1CCCc2ccccc21
O=C(c1ccn[nH]1)C(c1ccccc1)C1CCCc2ccccc21
O=C(c1ccn[nH]1)C(Cc1ccccc1)C1CCCc2ccccc21
O=C(c1ccn[nH]1)C(Cc1ccccc1)CC1CCCc2ccccc21
O=C(CCC1CCCc2ccccc21)c1ccn[nH]1
O=C(NCCC1CCCc2ccccc21)c1ccn[nH]1
O=C(NCCC1CCCc2ccccc21)c1ccn[nH]1
O=C(NCCC1CCCc2ccccc21)c1ccn[nH]1
O=C(NCCCC1CCCc2ccccc21)c1ccn[nH]1
O=C(NCCCC1CCCc2ccccc21)c1ccn[nH]1
O=C(NCCCC1CCCc2ccccc21)c1ccn[nH]1
O=C(NCCCC1CCCc2ccccc21)c1ccn[nH]1
O=C(NCCCC1CCCc2ccccc21)c1ccn[nH]1
O=C(NCCCC1CCCc2ccccc21)c1ccn[nH]1
O=C(NCCCC1CCCc2ccccc21)c1ccn[nH]1
O=C(NCCCC1CCCc2ccccc21)c1ccn[nH]1
O=C(NCCCC1CCCc2ccccc21)c1ccn[nH]1
O=C(NCCCC1CCCc2ccccc21)c1ccn[nH]1
O=C(NCCCC1CCCc2ccccc21)c1ccn[nH]1
O=C(NCCCC1CCCc2ccccc21)c1ccn[nH]1
O=C(NCCCC1CCCc2ccccc21)c1ccn[nH]1
O=C(NCCCC1CCCc2ccccc21)c1ccn[nH]1
c1ccc2c(c1)CCC1CCCCC21
c1ccc(C2CCCCC2)cc1
c1ccc(C2CCCCC2)cc1
c1ccc(C2CCCCC2)cc1
c1ccc(C2CCC3OC3C2)cc1
c1ccc(C2CCC3OC3C2)cc1
c1ccc(C2CCC3OC3C2)cc1
c1ccc(C2CCC3OC3C2)cc1
c1ccc(C2CCCOCC2)cc1
c1ccc(C2CCCOCC2)cc1
c1ccc(C2CCCOCC2)cc1
c1ccc(C2CCCOC2)cc1
c1ccc(CC2CCCOC2)cc1
c1ccc(CNC2CCCOC2)cc1
c1ccc(CNC2CCCOC2)cc1
c1ccc(CNC2CCCOOC2)cc1
c1ccc(CNCC2CCCOO2)cc1
c1ccc(CNCC2CCCOO2)cc1
c1ccc(OCCC2CCCOO2)cc1
c1ccc(OCCC2CCCOO2)cc1
c1ccc(OCC2CCCOO2)cc1
c1ccc(OCC2CCCO2)cc1
c1ccc(OCC2CCCO2)cc1
c1ccc(OCC2CCCO2)cc1
c1ccc(OCC2CCCOO2)cc1
c1ccc(OCC2CCCOO2)cc1
c1ccc(OCCC2CCCOO2)cc1
c1ccc(OCCC2CCCOO2)cc1
c1ccc(OCCC2CCCOO2)cc1
O=C(Nc1ccccc1)OCC1CCCOO1
O=C(Nc1ccccc1)OCC1CCCOO1
O=C(Nc1ccccc1)OC1C2CCOOC21
O=C(Nc1ccccc1)OC1C2CCOC21
O=C(Nc1ccccc1)OC1C2CCCOC21
O=C(Nc1ccc2c(c1)OCC2)OC1C2CCCOC21
O=C(Nc1ccc2c(c1)OCC2)OC1C2CCOC21
O=C(Nc1ccc2c(c1)OCO2)OC1C2CCOC21
O=C(Nc1ccc2c(c1)OCO2)OC1CCCOC1
O=C(Nc1ccc2c(c1)OCO2)OC1CCCOC1
O=C(Nc1ccc2c(c1)OCO2)OC1CCCOC1
O=C(Nc1ccc2c(c1)OCO2)OC1CCCOC1
O=C(Nc1ccc2c(c1)OCO2)OC1CCCOC1
O=C(Nc1ccc2c(c1)OCO2)OC1CC=COC1
O=C(Nc1ccc2c(c1)OCO2)OC1CC=COC1
O=C(Nc1ccc2c(c1)OCO2)OC1CC=CONC1
O=C(Nc1ccc2c(c1)OCO2)OC1CC=CCONC1
O=C(Nc1ccc2c(c1)OCO2)OC1CC=CCONC1
O=C(Nc1ccc2c(c1)OCO2)OC1CC=CCCNC1
O=C(Nc1ccc2c(c1)OCO2)OC1CC=C2CC2NC1
O=C(Nc1ccc2c(c1)OCO2)OC1CC=CCNC1
O=C(Nc1ccc2c(c1)OCO2)OC1CC=C=CCNC1
O=C(Nc1ccc2c(c1)OCO2)OC1CC=C=CNC1
O=C(Nc1ccc2c(c1)OCO2)OC1CC=C=CNC1
O=C(Nc1ccc2c(c1)OCO2)OC1CC=C=CNC1
O=C(Nc1ccc2c(c1)OCO2)OC1CC=C=CNC1
O=C(Nc1ccc2c(c1)OCO2)OC1CC=CNC1
O=C(Nc1ccc2c(c1)OCO2)OC1CC=C(C2CO2)NC1
O=C(Nc1ccc2c(c1)OCO2)OC1CC=C(C2=CO2)NC1
O=C(Nc1ccc2c(c1)OCO2)OC1CC=C(C2=CC2)NC1
O=C(Nc1ccc2c(c1)OCO2)OC1CC=C(C2=CCC2)NC1
O=C(Nc1ccc2c(c1)OCO2)OC1CC=C(C2=CC=C2)NC1
O=C(Nc1ccc2c(c1)OCO2)OC1CC=C(C2=CC=C2)NC1
O=C(Nc1ccc2c(c1)OCO2)OC1CC=C(C2=CC=C2)NC1
O=C(Nc1ccc2c(c1)OCO2)OC1CC=C(C2=CC=C2)NC1
O=C(Nc1ccc2c(c1)OCO2)OC1CNC2=C(CCC3=C2C=C3)C1
O=C(Nc1ccc2c(c1)OCO2)OC1CNC2=C(CC3=C2C=C3)C1
O=C(Nc1ccc2c(c1)OCO2)OC1CNC2=C(COC3=C2C=C3)C1
O=C(Nc1ccc2c(c1)OCO2)OC1CC=C(C2=CC=C2)NC1
O=C(Nc1ccc2c(c1)OCO2)OC1CC=C(C2=CC=C2)NC1
O=C(Nc1ccc2c(c1)OCO2)OC1CC=C(C2=CC=C2)NC1
O=C(Nc1ccc2c(c1)OCO2)OC1CC=C(C2=CC=C2)NC1
O=C(Nc1ccc2c(c1)OCO2)OC1CNC2=C(CCC=CC=C2)C1
O=C(Nc1ccc2c(c1)OCO2)OC1CNC2=C(CCC=CC=C2)C1
O=C(Nc1ccc2c(c1)OCO2)OC1CNC2=C(CCC=CC=C2)C1
O=C(Nc1ccc2c(c1)OCO2)OC1CNC2=C(CCC=CC=C2)C1
O=C(Nc1ccc2c(c1)OCO2)OC1CNC2=C(C=CC=CC=C2)C1
O=C(Nc1ccc2c(c1)OCO2)OC1CNC2=C(C=CC=CC=C2)C1
O=C(Nc1ccc2c(c1)OCO2)OC1CNC2=C(C=CC=CC=C2)C1
O=C(Nc1ccc2c(c1)OCO2)OC1CNC2=C(C=CC=CC=C2)C1
O=C(Nc1ccc2c(c1)OCO2)OC1CNC2=C(C=C3C=C3C=C2)C1
O=C(Nc1ccc2c(c1)OCO2)OC1CNC2=C(C=CCC=C2)C1
O=C(Nc1ccc2c(c1)OCO2)OC1CNC2=C(C=CCC=C2)C1
O=C(Nc1ccc2c(c1)OCO2)OC1CNC2=C(C=CCC=C2)C1
O=C(Nc1ccc2c(c1)OCO2)OC1CNc2ccccc2C1
O=C(Nc1ccc2c(c1)OCO2)OC1CNc2ccccc2C1
O=C(Nc1ccc2c(c1)OCO2)OC1CNc2ccccc2C1
O=C(Nc1ccc2c(c1)OCO2)OC1CNc2ccccc2C1
O=C(Nc1ccc2c(c1)OCO2)OC1CNc2ccccc2C1
O=C(Nc1ccc2c(c1)OCO2)OC1CNc2ccccc2C1
O=C(Nc1ccc2c(c1)OCO2)OC1CNc2ccccc2C1
O=C(Nc1ccc2c(c1)OCO2)OC1CNc2ccccc2C1
O=C(Nc1ccc2c(c1)OCO2)OC1CNc2ccccc2C1
O=C(Nc1ccc2c(c1)OCO2)OC1CNc2ccccc2C1
O=C(Nc1ccc2c(c1)OCO2)OC1CNc2ccccc2C1
O=C(Nc1ccc2c(c1)OCO2)OC1CNc2ccccc2C1
O=C(Nc1ccc2c(c1)OCO2)OC1CNc2ccccc2C1
O=C(Nc1ccc2c(c1)OCO2)OC1CNc2ccc(C3CCO3)cc2C1
O=C(Nc1ccc2c(c1)OCO2)OC1CNc2ccc(C3CCO3)cc2C1
O=C(Nc1ccc2c(c1)OCO2)OC1CNc2ccc(C3CO3)cc2C1
O=C(Nc1ccc2c(c1)OCO2)OC1CNc2ccc(C3CO3)cc2C1
O=C(Nc1ccc2c(c1)OCO2)OC1CNc2ccc(CC3CO3)cc2C1
O=C(Nc1ccc2c(c1)OCO2)OC1CNc2ccc(CC3CO3)cc2C1
O=C(Nc1ccc2c(c1)OCO2)OC1CNc2ccc(CC3CC3)cc2C1
O=C(Nc1ccc2c(c1)OCO2)OC1CNc2ccc(CC3CC3)cc2C1
O=C(Nc1ccc2c(c1)OCO2)OC1CNc2ccc(CC34CC3O4)cc2C1
O=C(Nc1ccc2c(c1)OCO2)OC1CNc2ccc(CC34CC3O4)cc2C1
O=C(Nc1ccc2c(c1)OCO2)OC1CNc2ccc(NC34CC3O4)cc2C1
O=C(Nc1ccc2c(c1)OCO2)OC1CNc2ccc(NC3CC3)cc2C1
O=C(Nc1ccc2c(c1)OCO2)OC1CNc2ccc(ONC3CC3)cc2C1
O=C(Nc1ccc2c(c1)OCO2)OC1CNc2ccc(ONC3CC3)cc2C1
O=C(Nc1ccc2c(c1)OCO2)OC1CNc2ccccc2C1
O=C(Nc1ccc2c(c1)OCO2)OC1CNc2ccccc2C1
O=C(Nc1ccc2c(c1)OCO2)OC1CNc2ccccc2C1
O=C(Nc1ccc2c(c1)OCO2)OC1CNc2ccccc2C1
O=C(Nc1ccc2c(c1)OCO2)OC1CNc2ccccc2C1
O=C(Nc1ccc2c(c1)OCO2)OC1CNc2ccccc2C1
O=C(Nc1ccc2c(c1)OCO2)OC1CNc2ccccc2C1
O=C(Nc1ccc2c(c1)OCO2)OC1CNc2ccccc2C1
O=C(Nc1ccc2c(c1)OCO2)OC1CNc2ccccc2C1
O=C(Nc1ccc2c(c1)OCO2)OC1CNc2ccccc2C1
O=C(Nc1ccc2c(c1)OCO2)OC1CNc2ccccc2C1
O=C(Nc1ccc2c(c1)OCO2)OC1CNc2ccccc2C1
O=C(Nc1ccc2c(c1)OCO2)OC1CNc2ccccc2C1
O=C(Nc1ccc2c(c1)OCO2)OC1CNc2ccccc2C1
O=C(Nc1ccc2c(c1)OCO2)OC1CNc2ccccc2C1
O=C(Nc1ccc2c(c1)OCO2)OC1CNc2ccccc2C1
O=C(Nc1ccc2c(c1)OCO2)OC1CNc2ccccc2C1
O=C(Nc1ccc2c(c1)OCO2)OC1CNc2ccccc2C1
O=C(Nc1ccc2c(c1)OCO2)OC1CNc2ccc(C=C3CC3=O)cc2C1
O=C(Nc1ccc2c(c1)OCO2)OC1CNc2ccc(C=C3CC3=O)cc2C1
O=C(Nc1ccc2c(c1)OCO2)OC1CNc2ccc(C=C3NC3=O)cc2C1
O=C(Nc1ccc2c(c1)OCO2)OC1CNc2ccc(C=C3CN3)cc2C1
O=C(Nc1ccc2c(c1)OCO2)OC1CNc2ccccc2C1
O=C(Nc1ccc2c(c1)OCO2)OC1CNc2ccccc2C1
O=C(Nc1ccc2c(c1)OCO2)OC1CNc2ccccc2C1
O=C(Nc1ccc2c(c1)OCO2)OC1CNc2ccccc2C1
O=C(Nc1ccc2c(c1)OCO2)OC1CNc2ccccc2C1
O=C(Nc1ccc2c(c1)OCO2)OC1CNc2ccccc2C1
O=C(Nc1ccc2c(c1)OCO2)OC1CNc2ccccc2C1
O=C(Nc1ccc2c(c1)OCO2)OC1CNc2ccccc2C1
O=C(Nc1ccc2c(c1)OCO2)OC1CNc2ccccc2C1
O=C(Nc1ccc2c(c1)OCO2)OC1CNc2ccccc2C1
O=C(Nc1ccc2c(c1)OCO2)OC1CNc2ccccc2C1
O=C(Nc1ccc2c(c1)OCO2)OC1CNc2ccccc2C1
O=C(Nc1ccc2c(c1)OCO2)OC1CNc2ccccc2C1
O=C(Nc1ccc2c(c1)OCO2)OC1CNc2ccccc2C1
O=C(Nc1ccc2c(c1)OCO2)OC1CNc2ccccc2C1
C=C1C=C1OCc1ccc2c(c1)CC(OC(=O)Nc1ccc3c(c1)OCO3)CN2
C=C1C=C1OCc1ccc2c(c1)CC(OC(=O)Nc1ccc3c(c1)OCO3)CN2
O=C(Nc1ccc2c(c1)OCO2)OC1CNc2ccc(CC=C3C=C3)cc2C1
O=C(Nc1ccc2c(c1)OCO2)OC1CNc2ccc(CC3=C4C=C43)cc2C1
O=C(Nc1ccc2c(c1)OCO2)OC1CNc2ccc(CC3=C4C=C43)cc2C1
O=C(Nc1ccc2c(c1)OCO2)OC1CNc2ccc(CC3=CC=C3)cc2C1
O=C(Nc1ccc2c(c1)OCO2)OC1CNc2ccc(CC3=CC=C3)cc2C1
O=C(Nc1ccc2c(c1)OCO2)OC1CNc2ccc(CC3=CC=C3)cc2C1
O=C(Nc1ccc2c(c1)OCO2)OC1CNc2ccc(CC3=CC=C3)cc2C1
O=C(Nc1ccc2c(c1)OCO2)OC1CNc2ccc(CC3=CC=C3)cc2C1
O=C(Nc1ccc2c(c1)OCO2)OC1CNc2ccc(CC3=CC=C3)cc2C1
O=C(Nc1ccc2c(c1)OCO2)OC1CNc2ccc(CC3=CC=C3)cc2C1
O=C(Nc1ccc2c(c1)OCO2)OC1CNc2ccc(C3=CC=C3)cc2C1
O=C(Nc1ccc2c(c1)OCO2)OC1CNc2ccc(C3=CC=C3)cc2C1
O=C(Nc1ccc2c(c1)OCO2)OC1CNc2ccc(C3=CC=C3)cc2C1
O=C(Nc1ccc2c(c1)OCO2)OC1CNc2ccc(C3=CC=C3)cc2C1
O=C(Nc1ccc2c(c1)OCO2)OC1CNc2ccc(C3=CC=C3)cc2C1
O=C(Nc1ccc2c(c1)OCO2)OC1CNc2ccc(C3=CC=C3)cc2C1
O=C(Nc1ccc2c(c1)OCO2)OC1CNc2ccc(C3=CC=C3)cc2C1
O=C(Nc1ccc2c(c1)OCO2)OC1CNc2ccc(C3=CC=C3)cc2C1
O=C(Nc1ccc2c(c1)OCO2)OC1CNc2ccc3c4c(ccc3c2C1)C=C4
O=C(Nc1ccc2c(c1)OCO2)OC1CNc2ccc3ccccc3c2C1
O=C(Nc1ccc2c(c1)OCO2)OC1CNc2ccc3ccccc3c2C1
O=C(Nc1ccc2c(c1)OCO2)OC1CNc2ccc3ccccc3c2C1
O=C(Nc1ccc2c(c1)OCO2)OC1CNc2ccc3c(C4CC4)cccc3c2C1
O=C(Nc1ccc2c(c1)OCO2)OC1CNc2ccc3c(C4CC4)cccc3c2C1
O=C(Nc1ccc2c(c1)OCO2)OC1CNc2ccc3c(C4=CC4)cccc3c2C1
O=C(Nc1ccc2c(c1)OCO2)OC1CNc2ccc3c(C4=CC4)cccc3c2C1
O=C(Nc1ccc2c(c1)OCO2)OC1CNc2ccc3c(C4=CN4)cccc3c2C1
O=C(Nc1ccc2c(c1)OCO2)OC1CNc2ccc3c(C4=CN4)cccc3c2C1
O=C(Nc1ccc2c(c1)OCO2)OC1CNc2ccc3c(C4=CCN4)cccc3c2C1
O=C(Nc1ccc2c(c1)OCO2)OC1CNc2ccc3c(C4=CCN4)cccc3c2C1
O=C(Nc1ccc2c(c1)OCO2)OC1CNc2ccc3c(C4=CCCN4)cccc3c2C1
O=C(Nc1ccc2c(c1)OCO2)OC1CNc2ccc3c(-c4ccc[nH]4)cccc3c2C1
O=C(Nc1ccc2c(c1)OCO2)OC1CNc2ccc(-c3cccc4cc[nH]c34)cc2C1
O=C(NCc1ccc2c(c1)OCO2)OC1CNc2ccc(-c3cccc4cc[nH]c34)cc2C1
O=C(NCc1ccc2c(c1)OCO2)OC1CNc2ccc(-c3cccc4cc[nH]c34)cc2C1
O=C(Nc1ccc2c(c1)OCO2)OC1CNc2ccc(-c3cccc4cc[nH]c34)cc2C1
c1ccc2c(c1)CCC1CCCCC21
c1ccc2c(c1)CCCC2
c1ccc2c(c1)CCCCC2
c1ccc2c(c1)CCCCC2
c1ccc2c(c1)CCCCC2
c1ccc2c(c1)CCCCC2
c1ccc2c(c1)CCCCC2
c1ccc2c(c1)CCCCC2
c1ccc2c(c1)CCCCC2
c1ccc2c(c1)CCCCC2
c1ccc2c(c1)CCCCC2
c1ccc2c(c1)CCCCC2
c1ccc2c(c1)CCCCC2
c1ccc2c(c1)CCCCC2
c1ccc2c(c1)CCCCC2
c1ccc2c(c1)CCCCC2
c1ccc2c(c1)CCCCC2
c1ccc2c(c1)CCCCC2
c1ccc2c(c1)CCCCC2
c1ccc2c(c1)CCCCC2
c1ccc2c(c1)CCCCC2
c1ccc2c(c1)CCCCC2
c1ccc2c(c1)CCCCC2
c1ccc2c(c1)CCCCC2
c1ccc2c(c1)CCCCC2
O=C(CCC1CCCCc2ccccc21)NC1CCC1
O=C(CCC1CCCCc2ccccc21)NC1CC1
O=C(CCC1CCCCCc2ccccc21)NC1CC1
O=C(CCC1CCCCCc2ccccc21)NC1CC1
O=C(CCC1CCCCCc2ccccc21)NC1=CC1
O=C(CCC1CCCCCc2ccccc21)NC1=CC1
O=C(CCC1CCCCc2ccccc21)NC1=CC1
O=C(CCC1CCCCc2ccccc21)NC1=CNC1
O=C(CCC1CCCCc2ccccc21)NC1=CNC1
O=C(CCC1CCCCc2ccccc21)NC1=CN=C1
O=C(CCC1CCCCc2ccccc21)NCC1=CN=C1
O=C(CCC1CCCCc2ccccc21)NCC1=CN=C1
O=C(CCC1CCCCc2ccccc21)NCC1=CN=C1
O=C(CCC1CCCCc2ccccc21)NCc1cnoc1
O=C(CCC1CCCCc2ccccc21)NCc1cnoc1
O=C(CCC1CCCCc2ccccc21)NCc1cnoc1
O=C(CCC1CCCCc2ccccc21)NCc1cnoc1
O=C(CCC1CCCCc2ccccc21)NNCc1cnoc1
O=C(CCC1CCCCc2ccccc21)NCCc1cnoc1
O=C(CCC1CCCCc2ccccc21)NCCc1cnoc1C1CC1
O=C(CCC1CCCCc2ccccc21)NCCc1cnoc1
O=C(CCC1CCCCc2ccccc21)NCCc1cnoc1
O=C(CCC1CCCCCc2ccccc21)NCCc1cnoc1
O=C(CCC1CCCCCc2ccccc21)NCCc1cnoc1
O=C(CCC1CCCCCc2ccccc21)NCCc1cnoc1
O=C(CCC1CCCCCc2ccccc21)NCCc1cnoc1
O=C(CCC1CCCCCc2ccccc21)NCc1ccon1
O=C(CCC1CCCCc2ccccc21)NCc1ccon1
O=C(CCC1CCCCc2ccccc21)NCc1ccno1
O=C(CCC1CCCCc2ccccc21)NCc1ccno1
O=C(CCC1CCCCc2ccccc21)NCc1ccno1
O=C(CCC1CCCCc2ccccc21)NCc1ccon1
O=C(CCC1CCCCc2ccccc21)Nc1ccon1
O=C(CCC1CCCCc2ccccc21)Nc1ccon1
O=C(CCC1CCCCc2ccccc21)Nc1ccon1
O=C(CCC1CCCCc2ccccc21)Nc1ccon1
O=C(CCC1CCCCc2ccccc21)Nc1ccon1
O=C(CCC1CCCCc2ccccc21)Nc1ccon1
O=C(CCC1CCCCc2ccccc21)Nc1ccon1
O=C(CCC1CCCCc2ccccc21)Nc1ccon1
O=C(CCC1CCCCc2ccccc21)Nc1ccon1
O=C(CCC1CCCCc2ccccc21)Nc1ccon1
O=C(CCC1CCCCc2ccccc21)Nc1ccon1
O=C(CCC1CCCCCc2ccccc21)Nc1ccon1
O=C(CCC1CCCCCc2ccccc21)Nc1ccon1
O=C(CCC1CCCCCc2ccccc21)Nc1ccon1
O=C(CCC1CCCCCc2ccccc21)Nc1ccon1
O=C(CCC1CCCCCc2ccccc21)Nc1ccon1
O=C(CCC1CCCCCc2ccccc21)Nc1ccon1
O=C(CCC1CCCCCc2ccccc21)Nc1ccon1
O=C(CCC1CCCCCc2ccccc21)Nc1ccon1
O=C(CCC1CCCCc2ccccc21)Nc1ccon1
O=C(CCC1CCCCc2ccccc21)Nc1ccon1
O=C(CCC1CCCCc2ccccc21)Nc1ccon1
O=C(CCC1CCCCc2ccccc21)Nc1ccon1
O=C(CCC1CCCCc2ccccc21)Nc1ccon1
O=C(CCC1CCCCc2ccccc21)Nc1ccon1
O=C(CCC1CCCCc2ccccc21)Nc1ccon1
O=C(CCC1CCCCc2ccccc21)Nc1ccon1
O=C(CCC1CCCCc2ccccc21)Nc1ccoc1
O=C(CCC1CCCCc2ccccc21)Nc1ccccc1
O=C(CCC1CCCCc2ccccc21)Nc1ccccc1
O=C(CCC1CCCCc2ccccc21)Nc1ccccc1
O=C(CCC1CCCCCc2ccccc21)Nc1ccccc1
O=C(CCC1CCCCCc2ccccc21)Nc1ccccc1
O=C(CCC1CCCCCc2ccccc21)Nc1ccccc1
O=C(CCC1CCCCCc2ccccc21)Nc1ccccc1
O=C(CCC1CCCCCc2ccccc21)Nc1ccccc1
O=C(CCC1CCCCCc2ccccc21)Nc1ccccc1
O=C(CCC1CCCCCc2ccccc21)Nc1ccc2c(c1)OCC2
O=C(CCC1CCCCCc2ccccc21)Nc1ccc2c(c1)OCC2
O=C(CCC1CCCCc2ccccc21)Nc1ccc2c(c1)OCC2
O=C(CCC1CCCCc2ccccc21)Nc1ccc2c(c1)OCC2
O=C(CCC1CCCCc2ccccc21)Nc1ccc2c(c1)CCC2
O=C(CCC1CCCCc2ccccc21)Nc1ccc2c(c1)CCC2
O=C(CCC1CCCCc2ccccc21)Nc1ccc2c(c1)C=CC2
O=C(CCC1CCCCc2ccccc21)Nc1ccc2c(c1)C=C2
O=C(CCC1CCCCc2ccccc21)Nc1ccc2c(c1)C=C2
O=C(CCC1CCCCc2ccccc21)Nc1ccc2c(c1)C=C2
O=C(CCC1CCCCc2ccccc21)Nc1ccc2c(c1)C1=C2CO1
O=C(CCC1CCCCc2ccccc21)Nc1ccc2c(c1)C1=C2COC1
O=C(CCC1CCCCCc2ccccc21)Nc1ccc2c(c1)C1=C2COC1
O=C(CCC1CCCCCc2ccccc21)Nc1ccc2c(c1)C1=C2CCOC1
O=C(CCC1CCCCCc2ccccc21)Nc1ccc2c(c1)C1=C2CCCOC1
O=C(CCC1CCCCCc2ccccc21)Nc1ccc2c(c1)C=C2
O=C(CCC1CCCCCc2ccccc21)Nc1ccc2c(c1)C=C2
O=C(CCC1CCCCCc2ccccc21)Nc1ccc2c(c1)C=C2
O=C(CCC1CCCCc2ccccc21)Nc1ccc2c(c1)C=C2
O=C(CCC1CCCCc2ccccc21)Nc1ccc2c(c1)C=C2
O=C(CCC1CCCCc2ccccc21)Nc1ccc2c(c1)C=C2
O=C(CCC1CCCCc2ccccc21)Nc1ccc2c(c1)C=C2
O=C(CCC1CCCCc2ccccc21)Nc1ccc2c(c1)C=C2
O=C(CCC1CCCCc2ccccc21)Nc1ccc2c(c1)C=C2
O=C(CCC1CCCCc2ccccc21)Nc1ccc2c(c1)C=C2
O=C(CCC1CCCCc2ccccc21)Nc1ccc2c(=O)occc2c1
O=C(CCC1CCCCCc2ccccc21)Nc1ccc2c(=O)occc2c1
O=C(CCC1CCCCCc2ccccc21)Nc1ccc2c(=O)occc2c1
O=C(CCC1CCCCCc2ccccc21)Nc1ccc2c(=O)oncc2c1
O=C(CCC1CCCCCc2ccccc21)Nc1ccc2c(=O)oncc2c1
O=C(CCC1CCCCc2ccccc21)Nc1ccc2c(=O)oncc2c1
O=C(Nc1ccccc1)OC1CNc2ccc(-c3cccc4cc[nH]c34)cc2C1
O=C(Nc1ccccc1)OC1CNc2ccc(-c3cccc4cc[nH]c34)cc2C1
O=C(Nc1ccccc1)Oc1cc2cccc(-c3ccc4c(c3)CCCN4)c2[nH]1
O=C(Nc1ccccc1)Oc1cc2cccc(-c3ccc4c(c3)CCCN4)c2[nH]1
O=C(Nc1ccccc1)Oc1cc2cccc(-c3ccc4c(c3)CCCCN4)c2[nH]1
O=C(Nc1ccccc1)Oc1cc2cccc(-c3ccc4c(c3)CCCCN4)c2[nH]1
O=C(Nc1ccccc1)Oc1cc2cccc(-c3ccc4c(c3)CCCCN4)c2[nH]1
O=C(Cc1ccccc1)Oc1cc2cccc(-c3ccc4c(c3)CCCCN4)c2[nH]1
O=C(Cc1ccccc1)Oc1cc2cccc(-c3ccc4c(c3)CCCCN4)c2[nH]1
O=C(Cc1ccccc1)Oc1cc2cccc(-c3ccc4c(c3)CCCCN4)c2[nH]1
O=C(Cc1ccccc1)Oc1cc2cccc(-c3ccc4c(c3)CCCCN4)c2[nH]1
O=C(Cc1ccccc1)OC=Cc1cccc(-c2ccc3c(c2)CCCCN3)c1
O=C(Cc1ccccc1)OC=Cc1cccc(-c2ccc3c(c2)CCCCN3)c1
O=C(CSc1ccccc1)OC=Cc1cccc(-c2ccc3c(c2)CCCCN3)c1
O=C(CSc1ccccc1)OC=Cc1cccc(-c2ccc3c(c2)CCCCN3)c1
O=C(CSc1ccccc1)OC=Cc1cccc(-c2ccc3c(c2)CCCCN3)c1
O=C(CSc1ccccc1)OC=Cc1cccc(-c2ccc3c(c2)CCCCNC3)c1
O=C(CSc1ccccc1)OCc1cccc(-c2ccc3c(c2)CCCCNC3)c1
O=C(CSc1ccccc1)OOCc1cccc(-c2ccc3c(c2)CCCCNC3)c1
O=C(CSc1ccccc1)OOCc1cccc(-c2ccc3c(c2)CCCCNC3)c1
O=C(CSc1cccnc1)OOCc1cccc(-c2ccc3c(c2)CCCCNC3)c1
O=C(COCc1cccc(-c2ccc3c(c2)CCCCNC3)c1)CSc1cccnc1
O=C(COCc1cccc(-c2ccc3c(c2)CCCCNC3)c1)CSc1ccccn1
O=C(CSc1ccccn1)C(OCc1ccccc1)c1ccc2c(c1)CCCCNC2
O=C(COCc1ccccc1)CSc1cccc(-c2ccc3c(c2)CCCCNC3)n1
O=C(CSc1cccc(-c2ccc3c(c2)CCCCNC3)n1)OOCc1ccccc1
O=C(CSc1cccc(-c2ccc3c(c2)CCCCNC3)n1)OOCc1ccccc1
O=C(CSc1cccc(-c2ccc3c(c2)CCCCNC3)n1)OCc1ccccc1
O=C(CSc1cccc(-c2ccc3c(c2)CCCCNC3)n1)OCc1ccccc1
O=C(CSc1cccc(-c2ccc3c(c2)CCCCNC3)n1)OCc1ccccc1
O=C(CSc1cccc(-c2ccc3c(c2)CCCCNC3)n1)OCc1ccccc1
O=C(CSc1cccc(-c2ccc3c(c2)CCCCNC3)n1)OCc1ccccc1
O=C(CSc1cccc(-c2ccc3c(c2)CCCCN3)n1)OCc1ccccc1
O=C(CSc1cccc(-c2ccc3c(c2)CCCCN3)n1)OCC1C=CC=C1
O=C(CSc1cccc(-c2ccc3c(c2)NCCCC3)n1)OCC1C=CC=C1
O=C(CSc1cccc(-c2ccc3c(c2)CCCCC3)n1)OCC1C=CC=C1
O=C(CSc1cccc(-c2ccc3c(c2)CCCCC3)n1)OCC1C=CC=C1
O=C(CSc1cccc(-c2ccc3c(c2)CCCCC3)n1)OC1C=CC=C1
O=C(CSc1cccc(-c2ccc3c(c2)CCCCC3)n1)CC1C=CC=C1
O=C(CSc1cccc(-c2ccc3c(c2)CCCCCC3)n1)CC1C=CC=C1
O=C(CSc1cccc(-c2ccc3c(c2)CCCCCC3)n1)C1C=CC=C1
O=C(CSc1cccc(-c2ccc3c(c2)CCCCCC3)n1)C1C=CC1
O=C(CSc1cccc(-c2ccc3c(c2)CCCCCC3)n1)C1C=C1
O=C(CSc1cccc(-c2ccc3c(c2)CCCCCC3)n1)C1CC1
O=C(CSc1cccc(-c2ccc3c(c2)CCCCCC3)n1)C1CC1
O=C(CSc1cccc(-c2ccc3c(c2)CCCCCC3)n1)C1CC1
O=C(CSc1cccc(-c2ccc3c(c2)CCCCCC3)n1)C1C2CC21
O=C(CSc1cccc(-c2ccc3c(c2)CCCCCC3)n1)C1C2CC21
O=C(CSc1cccc(-c2ccc3c(c2)CCCCCC3)n1)C1CC2CC21
O=C(CSc1cccc(-c2ccc3c(c2)CCCCCC3)n1)C1CCC2CC21
O=C(CSc1cccc(-c2ccc3c(c2)CCCCCC3)n1)C1CCC2CC21
O=C(CSc1cccc(-c2ccc3c(c2)CCCCC3)n1)C1CCC2CC21
O=C(CSc1cccc(-c2ccc3c(c2)CCCCC3)n1)C1CCC2CCC21
O=C(CSc1cccc(-c2ccc3c(c2)CCCCC3)n1)C1CCC2CCC21
O=C(CSc1cccc(-c2ccc3c(c2)CCCCC3)n1)C1CCC2CCC21
O=C(CSc1cccc(-c2ccc3c(c2)CCCCC3)n1)C1CCC2CCC21
O=C(CSc1cccc(-c2ccccc2)n1)C1CCC2CCC21
O=C(CSc1cccc(-c2ccccc2)n1)C1CCC2CCC21
O=C(CSc1cccc(-c2ccccc2)n1)C1CCC2CCC21
O=C(CSc1cccc(-c2ccccc2)n1)C1CCC2CCC21
O=C(CSc1cccc(-c2ccccc2)n1)C1CCC2CCC21
O=C(CSc1cccc(-c2ccccc2)n1)C1CCC2CCC21
O=C(CSC1=NC(c2ccccc2)=CC1)C1CCC2CCC21
O=C(CSC1=NC(c2ccccc2)=CCS1)C1CCC2CCC21
O=C(CSC1=NC(c2ccccc2)=CCS1)C1CCC2CCC21
O=C(CSC1=NC(c2ccccc2)=CCCS1)C1CCC2CCC21
C=C1N=C(SCC(=O)C2CCC3CCC32)Sc2ccccc21
C=C1N=C(SCC(=O)C2CCC3CCC32)Sc2ccccc21
O=C(CSC1=NC(=C2CC2)c2ccccc2S1)C1CCC2CCC21
C=C1N=C(SCC(=O)C2CCC3CCC32)Sc2ccccc21
C=C1N=C(SCC(=O)C2CCC3CCC32)Sc2ccccc21
C=C1N=C(SCC(=O)C2CCC3CCC32)Sc2ccccc21
C=C1N=C(SCC(=O)C2CCC3CCC32)Sc2ccccc21
C=C1N=C(SCC(=O)C2CCC3CCC32)Sc2ccccc21
C=C1N=C(SCC(=O)C2CCC3CCC32)Sc2ccccc21
C=C1N=C(SCC(=O)C2CCC3CCC32)Sc2ccccc21
C=C1N=C(SCC(=O)C2CCC3CCC32)Sc2ccccc21
O=C(CSC1=NCc2ccccc2S1)C1CCC2CCC21
O=C(CSC1=NCc2ccccc2S1)C1CCC2CCC21
O=C(CSc1nc(=S)c2ccccc2s1)C1CCC2CCC21
O=C(CSc1nc(=S)c2ccccc2s1)C1CCC2CCC21
O=C(CSC1=NCc2ccccc2S1)C1CCC2CCC21
O=C(CSc1nc2ccccc2s1)C1CCC2CCC21
O=C(CSc1nc2ccccc2s1)C1CCCC2CCC21
O=C(CSc1nc2ccccc2s1)C1CCCC2CCC21
O=C(CSc1nc2ccccc2s1)C1CCCCC2CCC21
O=C(CSc1nc2ccccc2s1)C1CCCCC2CCC21
O=C(CSc1nc2ccccc2s1)C1CCCCC2CCC21
O=C(CSc1nc2ccccc2s1)C1CCCCC2CCC21
O=C(CSc1nc2ccccc2s1)C1CCCCC2CCC21
O=C(CSc1nc2ccccc2s1)C1CCCCCC2CCC21
O=C(CSc1nc2ccccc2s1)C1CCC(C2CC2)CCC2CCC21
O=C(CSc1nc2ccccc2s1)C1CCC(C2CC2)CCC2CCC21
O=C(CSc1nc2ccccc2s1)C1CCC2C(CC3CCC31)C1CC21
O=C(CSc1nc2ccccc2s1)C1CCC2C(CC3CCC31)C1CC21
O=C(CSc1nc2ccccc2s1)C1CCC2C3CCC3C2CC2CCC21
O=C(CSc1nc2ccccc2s1)C1CCC2C3CCC3C2CC2CCC21
O=C(CSc1nc2ccccc2s1)C1CCC2C3CCC3C2CC2CCC21
O=C(CSc1nc2ccccc2s1)C1CCC2C(CC3CCC31)C1CC21
O=C(CSc1nc2ccccc2s1)C1CCC2CCC2CC2CCC21
O=C(CSc1nc2ccccc2s1)C1CCC2CCC2CC2CCC21
O=C(CSc1nc2ccccc2s1)C1CCC2CCC2C2CCC12
O=C(CSc1nc2ccccc2s1)C1CCC2CCC2C2CCC12
O=C(CSc1nc2ccccc2s1)C1CCC2CCCC2C2CCC12
O=C(CSc1nc2ccccc2s1)C1CCC2CCCCC2C2CCC12
O=C(CSc1nc2ccccc2s1)C1CCC2CCCCC2C2CCC12
O=C(CSc1nc2ccccc2s1)C1CCC2C3CC3CCC2C2CCC12
O=C(CSc1nc2ccccc2s1)C1CCC2C3CCC3CCC2C2CCC12
O=C(CSc1nc2ccccc2s1)C1CCC2C3CCC3CCC2C2CCC12
O=C(CSc1nc2ccccc2s1)C1CCC2C3CC=C3CCC2C2CCC12
O=C(CSc1nc2ccccc2s1)C1CCC2C3CC=C3CCC2C2CCC12
O=C(CSc1nc2ccccc2s1)C1CCC2C3CCC=C3CCC2C2CCC12
O=C(CSc1nc2ccccc2s1)C1CCC2C3CCC=C3CCC2C2CCC12
N=C1C=C2CCC3C(CCC(C(=O)CSc4nc5ccccc5s4)C4CCC43)C2C1
O=C1C=C2CCC3C(CCC(C(=O)CSc4nc5ccccc5s4)C4CCC43)C2C1
O=C1C=C2CCC3C(CCC(C(=O)CSc4nc5ccccc5s4)C4CCC43)C2CN1
O=C1C=C2CCC3C(CCC(C(=O)CSc4nc5ccccc5s4)C4CCC43)C2CC1
O=C1C=C2CCC3C(CCC(C(=O)CSc4nc5ccccc5s4)C4CCC43)C2CC1
O=C1C=C2CCC3C(CCC(C(=O)CSc4nc5ccccc5s4)C4CCC43)C2C1
O=C1C=C2CCC3C(CCC(C(=O)CSc4nc5ccccc5s4)C4CCC43)C2C1
O=C1C=C2CCC3C(CCC(C(=O)CSc4nc5ccccc5s4)C4CCC43)C2CC1
O=C1C=C2CCC3C(CCC(C(=O)CSc4nc5ccccc5s4)C4CCC43)C2CC1
O=C1C=C2CCC3C(CCC(C(=O)CSc4nc5ccccc5s4)C4CCC43)C2CC1
O=C1C=CC2C(=C1)CCC1C2CCC(C(=O)CSc2nc3ccccc3s2)C2CCC21
O=C1C=CC2C(=C1)CCC1C2CCC(C(=O)CSc2nc3ccccc3s2)C2CCC21
O=C1C=CC2C(=C1)CCC1C2CCC(C(=O)CSc2nc3ccccc3s2)C2CCC21
O=C1C=CC2C(=C1)CCC1C2CCC(C(=O)CSc2nc3ccccc3s2)C2CCC21
O=C1C=CC2C(=C1)CCC1C3CCC3OC(C(=O)CSc3nc4ccccc4s3)CCC21
O=C1C=CC2C(=C1)CCC1C3CC3OC(C(=O)CSc3nc4ccccc4s3)CCC21
O=C1C=CC2C(=C1)CCC1C3CC3OC(C(=O)CSc3nc4ccccc4s3)CCC21
O=C1C=CC2C(=C1)CCC1C3CC3CC(C(=O)CSc3nc4ccccc4s3)CCC21
O=C1C=CC2C(=C1)CCC1CCCC(C(=O)CSc3nc4ccccc4s3)CCC12
O=C1C=CC2C(=C1)CCC1CCCC(C(=O)CSc3nc4ccccc4s3)CCC12
O=C1C=CC2C(=C1)CCC1CCC(C(=O)CSc3nc4ccccc4s3)CCC12
O=C1C=CC2C(=C1)CCC1CC(C(=O)CSc3nc4ccccc4s3)CCC12
O=C1C=CC2C(=C1)CCC1CC(C(=O)CSc3nc4ccccc4s3)CCC12
O=C1C=CC2C(=C1)CCC1C2CCC2(C(=O)CSc3nc4ccccc4s3)OCC12
O=C1C=CC2C(=C1)CCC1C2CCC2(C(=O)CSc3nc4ccccc4s3)OCC12
O=C1C=CC2C(=C1)CCC1C2CCC2(C(=O)CSc3nc4ccccc4s3)CCC12
O=C1C=CC2C(=C1)CCC1C2CCC2C(C(=O)CSc3nc4ccccc4s3)CC21
O=C1C=CC2C(=C1)CCC1C2CCC2C(C(=O)CSc3nc4ccccc4s3)CC21
O=C1C=CC2C(=C1)CCC1C2CCC2C(C(=O)CSc3nc4ccccc4s3)CC21
O=C1C=CC2C(=C1)CCCC1C2CCC2C(C(=O)CSc3nc4ccccc4s3)CC21
O=C1C=CC2C(=C1)CCCC1C2CCC2C(C(=O)CSc3nc4ccccc4s3)CCC21
O=C1C=CC2C(=C1)CCCC1C2CCC2C(C(=O)CSc3nc4ccccc4s3)CCC21
O=C1C=CC2C(=C1)CCCC1C2CCC2C(C(=O)CSc3nc4ccccc4s3)CCC21
O=C1C=CC2C(=C1)CCC1C2CCC2C(C(=O)CSc3nc4ccccc4s3)CCC21
O=C(Nc1ccccc1)OC1CNc2ccc(-c3cccc4cc[nH]c34)cc2C1
O=C(Nc1ccccc1)OC1CNc2ccc(-c3cccc4cc[nH]c34)cc2C1
O=C(Nc1ccccc1)OC1CNc2ccc(-c3ccccc3)cc2C1
O=C(Nc1ccccc1)OC1CNc2ccc(-c3ccccc3)cc2C1
O=C(Nc1ccccc1)OC1CNc2ccc(-c3ccccc3)cc2C1
O=C(Nc1ccccc1)OC1CNc2ccc(-c3ccccc3)cc2C1
O=C(Nc1ccccc1)OC1CNc2ccc(-c3ccccc3)cc2C1
O=C(Nc1ccccc1)OC1CNc2ccc(-c3ccccc3)cc2C1
O=C(Nc1ccccc1)OC1CNc2ccc(-c3ccccc3)cc2C1
O=C(Nc1ccccc1)OC1CNc2ccc(-c3ccccc3)cc2C1
O=C(Nc1ccccc1)OC1CNc2ccc(-c3ccccc3)cc2C1
O=C(CC1CNc2ccc(-c3ccccc3)cc2C1)Nc1ccccc1
O=C(CC1CNc2ccc(-c3ccccc3)cc2C1)Nc1ccccc1
O=C(CC1CNc2ccc(-c3ccccc3)cc2C1)Nc1ccccc1
O=C(CC1CNc2ccc(-c3cccc(C=C4CC4)c3)cc2C1)Nc1ccccc1
C(=C1CC1)c1cccc(-c2ccc3c(c2)CC(CCNc2ccccc2)CN3)c1
C(=C1CC1)c1cccc(-c2cnc3c(c2)CC(CCNc2ccccc2)CN3)c1
C(=C1CC1)c1cccc(-c2cnc3c(c2)CC(CNc2ccccc2)CN3)c1
C(=C1CC1)c1cccc(-c2cnc3c(c2)CC(Nc2ccccc2)CN3)c1
C(=C1CC1)c1cccc(-c2cnc3c(c2)CC(Nc2ccccc2)CN3)c1
C(=C1CC1)c1cccc(-c2cnc3c(c2)CC(Nc2ccccc2)CN3)c1
C(=C1CC1)c1cccc(-c2cnc3c(c2)C(Nc2ccccc2)CN3)c1
C(=C1CC1)c1cccc(-c2cncc(C3(Nc4ccccc4)CN3)c2)c1
C(=C1CC1)c1cccc(-c2cncc(C3(Nc4ccccc4)CN3)c2)c1
C(=C1CC1)c1cccc(-c2cncc(C3COc4ccccc4N3)c2)c1
C(=C1CC1C1COc2ccccc2N1)c1cccc(-c2cccnc2)c1
C(=C1CC(C2COc3ccccc3N2)C1)c1cccc(-c2cccnc2)c1
C(=C1CC(C2COc3ccccc3N2)C1)c1cccc(-c2cccnc2)c1
C(=C1CC(C2COc3ccccc3N2)C1)c1cccc(-c2cccnc2)c1
C(=C1CC(C2COc3ccccc3N2)C1)c1cccc(-c2cccnc2)c1
C(=C1CC(C2COc3ccccc3N2)C1)c1cccc(-c2cccnc2)c1
C(=C1C=C(C2COc3ccccc3N2)C1)c1cccc(-c2cccnc2)c1
C(=C1C=C1C1COc2ccccc2N1)c1cccc(-c2cccnc2)c1
C(=C1C=C(C2COc3ccccc3N2)O1)c1cccc(-c2cccnc2)c1
C(=C1OC2=C1c1ccccc1OCC2)c1cccc(-c2cccnc2)c1
C(=C1OC=C1c1ccccc1)c1cccc(-c2cccnc2)c1
C(=C1OC=C1c1ccccc1)c1cccc(-c2cccnc2)c1
C(=C1OC=C1c1ccccc1)c1cccc(-c2cccnc2)c1
C(=C1OC=C1c1ccccc1)c1cccc(-c2cccnc2)c1
C(=C1OC=C1c1ccccc1)c1cccc(-c2cccnc2)c1
C(=C1OC=C1c1ccccc1)c1cccc(-c2cccnc2)c1
C(=C1OC=C1c1ccccc1)c1cccc(-c2cccnc2)c1
C(=C1OC=C1c1ccccc1)c1cccc(-c2cccnc2)c1
C=c1c(=Cc2cccc(-c3cccnc3)c2)oc2ccccc12
C=c1c(=Cc2cccc(-c3cccnc3)c2)oc2ccccc12
C=c1c(=Cc2cccc(-c3cccnc3)c2)oc2ccccc12
C=c1c(=Cc2cccc(-c3cccnc3)c2)oc2ccccc12
C=c1c(=Cc2cccc(-c3cccnc3)c2)oc2ccccc12
C1=CC(=c2c(=Cc3cccc(-c4cccnc4)c3)oc3ccccc23)CCC1
C1=CC(=c2c(=Cc3cccc(-c4cccnc4)c3)oc3ccccc23)CCC1
C1=CC(=c2c(=Cc3cccc(-c4cccnc4)c3)oc3ccccc23)CC1
C1=CC(=c2c(=Cc3cccc(-c4cccnc4)c3)oc3ccccc23)CC1
C1=CC(=c2c(=Cc3cccc(-c4cccnc4)c3)oc3ccccc23)CC1
C1=CC(=C2Cc3ccccc3OC2=Cc2cccc(-c3cccnc3)c2)CC1
C(=C1Oc2ccccc2C2=CCCC=C12)c1cccc(-c2cccnc2)c1
C(=C1Oc2ccccc2C2=CCCC=C12)c1cccc(-c2cccnc2)c1
C(=C1Oc2ccccc2C2=CCCC=C12)c1cccc(-c2cccnc2)c1
C(=C1Oc2ccccc2C2=CCCC=C12)c1cccc(-c2cccnc2)c1
C(=C1Oc2ccccc2C2=CCCC=C12)c1cccc(-c2cccnc2)c1
C(=C1Oc2ccccc2C2=CCC=C12)c1cccc(-c2cccnc2)c1
C(=C1Oc2ccccc2C2=CCC(C3CC3)=C12)c1cccc(-c2cccnc2)c1
C(=C1Oc2ccccc2C2=CCC(C3CC3)=C12)c1cccc(-c2cccnc2)c1
C(=C1Oc2ccccc2C2=CC3NCCCC3=C12)c1cccc(-c2cccnc2)c1
C(=C1Oc2ccccc2C2=CCC=C12)c1cccc(-c2cccnc2)c1
C(=C1Oc2ccccc2C2=CC(NC3CC3)C=C12)c1cccc(-c2cccnc2)c1
C(=C1Oc2ccccc2C2=CCNC3CC3=C12)c1cccc(-c2cccnc2)c1
C(=C1Oc2ccccc2C2=CCNCC=C12)c1cccc(-c2cccnc2)c1
C(=C1Oc2ccccc2C2=CCNC=C12)c1cccc(-c2cccnc2)c1
C(=C1Oc2ccccc2C2=CCNC=C12)c1cccc(-c2cccnc2)c1
C(=C1Oc2ccccc2C2=CCNNC=C12)c1cccc(-c2cccnc2)c1
C(=C1Oc2ccccc2C2=CCNNC=C12)c1cccc(-c2cccnc2)c1
C(=C1Oc2ccccc2C2=CCNCC=C12)c1cccc(-c2cccnc2)c1
C(=C1Oc2ccccc2C2=CCNCC=C12)c1cccc(-c2cccnc2)c1
C(=C1Oc2ccccc2C2=CNCC=C12)c1cccc(-c2cccnc2)c1
C(=C1Oc2ccccc2C2=CCCC=C12)c1cccc(-c2cccnc2)c1
C(=C1Oc2ccccc2-c2ccccc21)c1cccc(-c2cccnc2)c1
C(=C1Oc2ccccc2-c2ccccc21)c1cccc(-c2cccnc2)c1
C(=C1Oc2ccccc2-c2ccccc21)c1cccc(-c2cccnc2)c1
C(=C1Oc2ccccc2-c2ccccc21)c1cccc(-c2cccnc2)c1
C(=C1Oc2ccccc2-c2ccccc21)c1cccc(-c2cccnc2)c1
C(=C1Oc2ccccc2-c2ccccc21)c1cccc(-c2cccnc2)c1
C(=C1Oc2ccccc2-c2ccccc21)c1cccc(-c2cccnc2)c1
C(=C1Oc2ccccc2-c2ccccc21)c1cccc(-c2cccnc2)c1
C(=C1Oc2ccccc2-c2cccc(-n3[nH][nH]3)c21)c1cccc(-c2cccnc2)c1
C(=C1Oc2ccccc2-c2cccc(-n3[nH][nH]3)c21)c1cccc(-c2cccnc2)c1
C(=C1Oc2ccccc2-c2ccccc21)c1cccc(-c2cccnc2)c1
C(=C1Oc2ccccc2-c2ccccc21)c1cccc(-c2cccnc2)c1
C(=C1Oc2ccccc2-c2cccc(N3CCN3)c21)c1cccc(-c2cccnc2)c1
C(=C1Oc2ccccc2-c2ccc3c(c21)NCCN3)c1cccc(-c2cccnc2)c1
C(=C1Oc2ccccc2-c2ccc3c(c21)CCCN3)c1cccc(-c2cccnc2)c1
C(=C1Oc2ccccc2-c2ccc3c(c21)CCCN3)c1cccc(-c2cccnc2)c1
C(=C1Oc2ccccc2-c2ccc3c(c21)CCN3)c1cccc(-c2cccnc2)c1
C(=C1Oc2ccccc2-c2ccc3c(c21)C1CC1N3)c1cccc(-c2cccnc2)c1
C(=C1Oc2ccccc2-c2ccc3c(c21)CCN3)c1cccc(-c2cccnc2)c1
C(=C1Oc2ccccc2-c2ccc3c(c21)CCN3)c1cccc(-c2cccnc2)c1
C(=C1Oc2ccccc2-c2ccc3c(c21)CCN3)c1cccc(-c2cccnc2)c1
C(=C1Oc2ccccc2-c2ccc3[nH]ccc3c21)c1cccc(-c2cccnc2)c1
C(=C1Oc2ccccc2-c2ccc3[nH]ccc3c21)c1cccc(-c2cccnc2)c1
C(=C1Oc2ccccc2-c2ccc3[nH]ccc3c21)c1cccc(-c2cccnc2)c1
C(=C1Oc2ccccc2-c2ccc3[nH]ccc3c21)c1cccc(-c2cccnc2)c1
C(=C1Oc2ccccc2-c2ccc3[nH]ccc3c21)c1cccc(-c2cccnc2)c1
C(=C1Oc2ccccc2-c2ccc3[nH]ccc3c21)c1cccc(-c2cccnc2)c1
C(=C1Oc2ccccc2-c2ccc3[nH]ccc3c21)c1cccc(-c2cccnc2)c1
C(=C1Oc2ccccc2-c2ccc3[nH]ccc3c21)c1cccc(-c2cccnc2)c1
C(=C1Oc2ccccc2-c2ccc3[nH]ccc3c21)c1cccc(-c2cccnc2)c1
C(=C1Oc2ccccc2-c2ccc3[nH]ccc3c21)c1cccc(-c2cccnc2)c1
C(=C1Oc2ccccc2-c2ccc3[nH]ccc3c21)c1cccc(-c2cccnc2)c1
C(=C1Oc2ccccc2-c2ccc3[nH]ccc3c21)c1cccc(-c2cccnc2)c1
C(=C1Oc2ccccc2-c2ccc3[nH]ccc3c21)c1cccc(-c2cccnc2)c1
C(=C1Oc2ccccc2-c2ccc3[nH]ccc3c21)c1cccc(-c2cccnc2)c1
C(=C1Oc2ccccc2-c2ccc3[nH]ccc3c21)c1cccc(-c2cccnc2)c1
C(=C1Oc2ccccc2-c2ccc3[nH]ccc3c21)c1cccc(-c2cccnc2)c1
C(=C1Oc2ccccc2-c2ccc3[nH]ccc3c21)c1cccc(-c2cccnc2)c1
C(=C1Oc2ccccc2-c2ccc3[nH]ccc3c21)c1cccc(-c2cccnc2)c1
C(=C1Oc2ccccc2-c2ccc3[nH]cc(OC4CN4)c3c21)c1cccc(-c2cccnc2)c1
C(=C1Oc2ccccc2-c2ccc3[nH]cc(CC4CN4)c3c21)c1cccc(-c2cccnc2)c1
C(=C1Oc2ccccc2-c2ccc3[nH]cc(C4CN4)c3c21)c1cccc(-c2cccnc2)c1
C(=C1Oc2ccccc2-c2ccc3[nH]cc(C4CN4)c3c21)c1cccc(-c2cccnc2)c1
C(=C1Oc2ccccc2-c2ccc3[nH]ccc3c21)c1cccc(-c2cccnc2)c1
C(=C1Oc2ccccc2-c2ccc3[nH]ccc3c21)c1cccc(-c2cccnc2)c1
C(=C1Oc2ccccc2-c2ccc3[nH]ccc3c21)c1cccc(-c2cccnc2)c1
C(=C1Oc2ccccc2-c2ccc3[nH]ccc3c21)c1cccc(-c2cccnc2)c1
C(=C1Oc2ccccc2-c2ccc3[nH]ccc3c21)c1cccc(-c2cccnc2)c1
C(=C1Oc2ccccc2-c2ccc3[nH]ccc3c21)c1cccc(-c2cccnc2)c1
C(=C1Oc2ccccc2-c2ccc3[nH]ccc3c21)c1cccc(-c2cccnc2)c1
C(=C1Oc2ccccc2-c2ccc3[nH]c4c(c3c21)CCCC4)c1cccc(-c2cccnc2)c1
C(=C1Oc2ccccc2-c2ccc3[nH]c4c(c3c21)CCC4)c1cccc(-c2cccnc2)c1
C(=C1Oc2ccccc2-c2ccc3[nH]c4c(c3c21)CCC4)c1cccc(-c2cccnc2)c1
C(=C1Oc2ccccc2-c2ccc3[nH]c4c(c3c21)CCC4)c1cccc(-c2cccnc2)c1
C(=C1Oc2ccccc2-c2ccc3[nH]c4c(c3c21)CCCC4)c1cccc(-c2cccnc2)c1
C(=C1Oc2ccccc2-c2ccc3[nH]ccc3c21)c1cccc(-c2cccnc2)c1
C(=C1Oc2ccccc2-c2ccc3[nH]ccc3c21)c1cccc(-c2cccnc2)c1
C(=C1Oc2ccccc2-c2ccc3[nH]ccc3c21)c1cccc(-c2cccnc2)c1
C(=C1Oc2ccccc2-c2ccc3[nH]ccc3c21)c1cccc(-c2cccnc2)c1
C(=C1Oc2ccccc2-c2ccc3[nH]ccc3c21)c1cccc(-c2cccnc2)c1
C(=C1Oc2ccccc2-c2ccc3[nH]ccc3c21)c1cccc(-c2cccnc2)c1
C(=C1Oc2ccccc2-c2ccc3[nH]ccc3c21)c1cccc(-c2cccnc2)c1
C(=C1Oc2ccccc2-c2ccc3[nH]ccc3c21)c1cccc(-c2cccnc2)c1
C(=C1Oc2ccccc2-c2ccc3[nH]ccc3c21)c1cccc(-c2cccnc2)c1
C(=C1Oc2ccccc2-c2ccc3[nH]ccc3c21)c1cccc(-c2cccnc2)c1
O=C1CC=Cc2c(ccc3c2C(=Cc2cccc(-c4cccnc4)c2)Oc2ccccc2-3)N1
C1=Cc2c(ccc3c2C(=Cc2cccc(-c4cccnc4)c2)Oc2ccccc2-3)NCC1
C1=Cc2c(ccc3c2C(=Cc2cccc(-c4cccnc4)c2)Oc2ccccc2-3)NCC1
C1=Cc2c(ccc3c2C(=Cc2cccc(-c4cccnc4)c2)Oc2ccccc2-3)NC1
C1=Cc2c(ccc3c2C(=Cc2cccc(-c4cccnc4)c2)Oc2ccccc2-3)NC1
O=C(Nc1ccccc1)OC1CNc2ccc(-c3cccc4cc[nH]c34)cc2C1
O=C(Nc1ccccc1)OCCc1cccc(-c2cccc3cc[nH]c23)c1
O=C(Nc1ccccc1)OCCc1cccc(-c2cccc3cc[nH]c23)c1
O=C(Nc1ccccc1)OCCc1cccc(-c2cccc3cc[nH]c23)c1
O=C(Nc1ccccc1)OCCc1cccc(-c2cccc3cc[nH]c23)c1
O=C(Nc1ccccc1)OCCc1cccc(-c2cccc3cc[nH]c23)c1
N=C1Cc2cc(NC(=O)OCCc3cccc(-c4cccc5cc[nH]c45)c3)ccc21
N=C1Cc2cc(NC(=O)OCCc3cccc(-c4cccc5cc[nH]c45)c3)ccc21
N=C1Cc2cc(NC(=O)OCCc3cccc(-c4ccccc4)c3)ccc21
N=C1Cc2cc(NC(=O)OCCc3cccc(-c4ccccc4)c3)ccc21
N=C1OCc2cc(NC(=O)OCCc3cccc(-c4ccccc4)c3)ccc21
N=C1OCc2cc(NC(=O)OCCc3cccc(-c4ccccc4)c3)ccc21
N=C1OCc2cc(NC(=O)OCCc3cccc(-c4ccccc4)c3)ccc21
O=C(Nc1ccc2c(c1)COC2=O)OCCc1cccc(-c2ccccc2)c1
O=C(Nc1ccc2c(c1)COC2=O)OCCc1cccc(C2=CCC=C2)c1
O=C(Nc1ccc2c(c1)COC2=O)OCCc1cccc(C2=CC=C2)c1
O=C(Nc1ccc2c(c1)COC2=O)OCCc1cccc(C2=CC2)c1
O=C(Nc1ccc2c(c1)COC2=O)OCCc1cccc(C2=CC2)c1
O=C1OCc2cc(NC(=O)C3C=C3c3ccccc3)ccc21
O=C(CCc1ccccc1)Nc1ccc2c(c1)COC2=O
O=C(CCc1ccccc1)Nc1ccc2c(c1)COC2=O
O=C(Cc1ccccc1)Nc1ccc2c(c1)COC2=O
O=C(Cc1ccccc1)Nc1ccc2c(c1)COC2=O
O=C(Cc1ccccc1)Nc1ccc2c(c1)COC2=O
O=C(Cc1ccccc1)Nc1ccc2c(c1)COC2=O
O=C(Cc1ccccc1)Nc1ccc2c(c1)COC2=O
O=C(Cc1ccccc1)Nc1ccc2c(c1)COC2=O
O=C(Cc1ccccc1)Nc1ccc2c(c1)COC2=O
O=C(Cc1ccccc1)Nc1ccc2c(c1)COC2=O
O=C(Cc1ccccc1)Nc1ccc2c(c1)COC2=O
O=C(Cc1ccccc1)Nc1ccc2c(c1)COC2=O
O=C(Cc1ccccc1)Nc1ccc2c(c1)COC2=O
O=C(Cc1ccccc1)Nc1ccc2c(c1)COC2=O
O=C(Cc1ccccc1)Nc1ccc2c(c1)COC2=O
O=C(Cc1ccccc1)Nc1ccc2c(c1)COC2=O
O=C(Cc1ccccc1)Nc1ccc2c(c1)COC2=O
O=C(CCc1ccccc1)Nc1ccc2c(c1)COC2=O
O=C(NCCCc1ccccc1)Nc1ccc2c(c1)COC2=O
O=C(NCCCc1ccccc1)Nc1ccc2c(c1)COC2=O
O=C(CNCCCc1ccccc1)Nc1ccc2c(c1)COC2=O
O=C(C=NCCCc1ccccc1)Nc1ccc2c(c1)COC2=O
O=C(C=CCCCc1ccccc1)Nc1ccc2c(c1)COC2=O
O=C(C=CCCCc1ccccc1)Nc1ccc2c(c1)COC2=O
O=C(C=CCCCc1ccccc1)Nc1ccc2c(c1)COC2=O
O=C(C=CCCCc1ccccc1)Nc1ccc2c(c1)COC2=O
O=C(CCCCc1ccccc1)Nc1ccc2c(c1)COC2=O
O=C(CCCCc1ccccc1)Nc1ccc2c(c1)COC2=O
O=C(CCCCc1ccccc1)Nc1ccc2c(c1)COC2=O
O=C(CCCCc1ccccc1)Nc1ccc2c(c1)COC2=O
O=C(CCCc1ccccc1)Nc1ccc2c(c1)COC2=O
O=C(CCCc1ccccc1)Nc1ccc2c(c1)COC2=O
O=C(CCCc1ccccc1)Nc1ccc2c(c1)COC2=O
O=C(CCCc1ccccc1)Nc1ccc2c(c1)COC2=O
O=C(CCCc1ccccc1)Nc1ccc2c(c1)COC2=O
O=C(CCCc1ccccc1)Nc1ccc2c(c1)COC2=O
O=C(CCCc1ccccc1)Nc1ccc2c(c1)COC2=O
O=C(CCCc1ccccc1)Nc1ccc2c(c1)COC2=O
O=C(CCCc1ccccc1)Nc1ccc2c(c1)COC2=O
O=C(CCCc1ccccc1)Nc1ccc2c(c1)COC2=O
O=C(CCCc1ccccc1)Nc1ccc2c(c1)COC2=O
O=C(CCCc1ccccc1)Nc1ccc2c(c1)COC2=O
O=C(CCCc1ccccc1)Nc1ccc2c(c1)COC2=O
O=C(Nc1ccccc1)OC1CNc2ccc(-c3cccc4cc[nH]c34)cc2C1
O=C(Nc1ccccc1)OCC1CNc2ccc(-c3cccc4cc[nH]c34)cc2C1
O=C(Nc1ccccc1)OCC1CNc2ccc(-c3cccc4cc[nH]c34)cc2C1
O=C(Nc1ccccc1)OCC1CNc2ccc(-c3ccccc3)cc2C1
O=C(Nc1ccccc1)OCC1CNc2ccc(-c3ccccc3)cc2C1
O=C(Nc1ccccc1)OCC1CNc2ccc(-c3ccncc3)cc2C1
O=C(Nc1ccccc1)OCC1CNc2ccc(-c3ccncc3)cc2C1
O=C(CCC1CNc2ccc(-c3ccncc3)cc2C1)Nc1ccccc1
O=C(CCC1CNc2ccc(-c3ccncc3)cc2C1)Nc1ccccc1
O=C(CCC1CNc2ccc(-c3ccncc3)cc2C1)Nc1ccccc1
O=C(CC1CNc2ccc(-c3ccncc3)cc2C1)Nc1ccccc1
O=C(CC1CNc2ccc(-c3ccncc3)cc2C1)Nc1ccccc1
O=C(CC1CNc2ccc(-c3ccncc3)cc2C1)Nc1ccccc1
O=C(CC1CNc2ccc(-c3ccncc3)cc2C1)Nc1ccccc1
O=C(CC1CCc2cc(-c3ccncc3)ccc2NC1)Nc1ccccc1
O=C(CC1CCc2ccccc2NC1)Nc1cccc(CCc2ccncc2)c1
O=C(CC1CCc2ccccc2NC1)Nc1cccc(CCc2ccncc2)c1
O=C(CC1CCc2ccccc2NC1)Nc1cccc(CCc2ccncc2)c1
O=C(Nc1cccc(CCc2ccncc2)c1)C1CCc2ccccc2NC1
O=C(Nc1cccc(CCc2ccncc2)c1)C1CCc2ccccc2CC1
O=C(CCCc1ccccc1)Nc1cccc(CCc2ccncc2)c1
O=C1CCC(c2ccccc2)N1c1cccc(CCc2ccncc2)c1
c1ccc(C2CCCN2c2cccc(CCc3ccncc3)c2)cc1
c1ccc(C2CCCN2c2cccc(CCc3ccncc3)c2)cc1
c1ccc(C2CCCN2c2cccc(CCc3ccncc3)c2)cc1
c1ccc(C2CCCCN2c2cccc(CCc3ccncc3)c2)cc1
c1ccc(C2CCCCN2c2cccc(CCc3ccncc3)c2)cc1
c1ccc(C2CCCCN2c2cccc(CCc3ccncc3)c2)cc1
c1ccc(C2CCCCN2c2cccc(CCNc3ccncc3)c2)cc1
c1ccc(C2CCCCN2c2cccc(CCNc3ccncc3)c2)cc1
c1ccc(C2CCCCN2c2cccc(CCNc3ccncc3)c2)cc1
c1ccc(CCC2CCCN(c3cccc(CCNc4ccncc4)c3)C2)cc1
c1ccc(CCC2CCN(c3cccc(CCNc4ccncc4)c3)C2)cc1
c1ccc(CCC2CCN(c3cccc(CCNc4ccncc4)c3)C2)cc1
c1ccc(NCCC2CCN(c3cccc(CCNc4ccncc4)c3)C2)cc1
c1ccc(NCCC2CCN(c3cccc(CCNc4ccncc4)c3)C2)cc1
c1ccc(NCCC2CCN(c3cccc(CCNc4ccncc4)c3)C2)cc1
c1ccc(NCCC2CCN(c3cccc(CCNc4ccncc4)c3)C2)cc1
c1ccc(NCC(Cc2cccc(CCNc3ccncc3)c2)C2CCNC2)cc1
c1ccc(NCC(Cc2cccc(CCNc3ccncc3)c2)C2CCNC2)cc1
c1ccc(NC(Cc2cccc(CCNc3ccncc3)c2)C2CCNC2)cc1
c1ccc(NC(Cc2cccc(CCNc3ccncc3)c2)C2CCCC2)cc1
c1ccc(CC(Cc2cccc(CCNc3ccncc3)c2)C2CCCC2)cc1
c1ccc(CC(Cc2cccc(CCNc3ccncc3)c2)C2CCC2)cc1
c1ccc(CCC(Cc2cccc(CCNc3ccncc3)c2)C2CCC2)cc1
c1ccc(CCC(Cc2cccc(CCNc3ccncc3)c2)C2CC2)cc1
c1ccc(CCC(Cc2cccc(CCNc3ccncc3)c2)C2CC2)cc1
c1ccc(CCC(CCc2cccc(CCNc3ccncc3)c2)C2CC2)cc1
c1ccc(CCC(CCc2cccc(CCNc3ccncc3)c2)C2CC2)cc1
c1ccc(CCC(CCc2cccc(CCNc3ccncc3)c2)C2CC2)cc1
c1ccc(CCC(CCc2cccc(CCNc3ccncc3)c2)C2CC2)cc1
c1ccc(CCC(CCc2cccc(CNc3ccncc3)c2)C2CC2)cc1
c1ccc(CCC(Cc2cccc(CNc3ccncc3)c2)C2CC2)cc1
c1ccc(CCC(Cc2cccc(CCNc3ccncc3)c2)C2CC2)cc1
c1ccc(CCC(Cc2cccc(CCNc3ccncc3)c2)C2CC2)cc1
c1ccc(CCC(Cc2cccc(CCNc3ccncc3)c2)C2CC2)cc1
c1ccc(CCC(Cc2cccc(CCNc3ccncc3)c2)C2CC2)cc1
c1ccc(CCC(Cc2cccc(CCNc3ccncc3)c2)C2CC2)cc1
c1ccc(CCC(Cc2cccc(CNc3ccncc3)c2)C2CC2)cc1
c1ccc(CCC(Cc2cccc(CNc3ccncc3)c2)C2CC2)cc1
c1ccc(CCC(Cc2cccc(CNc3ccncc3)c2)C2CC2)cc1
c1ccc(CCC(Cc2cccc(Nc3ccncc3)c2)C2CC2)cc1
c1ccc(CCC(Cc2cccc3c2Cc2cnccc2N3)C2CC2)cc1
c1ccc(CCC(Cc2cccc3c2Cc2cnccc2N3)C2CC2)cc1
c1ccc(CCC(Cc2cccc3[nH]c4ccncc4c23)C2CC2)cc1
C1=C(CC(CCc2ccccc2)C2CC2)c2c([nH]c3ccncc23)C1
C(=CCC(CCc1ccccc1)C1CC1)Cc1cc2cnccc2[nH]1
c1ccc(CCC(CCCc2cc3cnccc3[nH]2)C2CC2)cc1
c1ccc(CCC(CCCc2cc3cnccc3[nH]2)C2CC2)cc1
c1ccc(CCC(CCc2cc3cnccc3[nH]2)C2CC2)cc1
c1ccc(CCC(Cc2cc3cnccc3[nH]2)C2CC2)cc1
c1ccc(CN2Cc3ccccc3-c3ccccc32)cc1
c1ccc(CN2Cc3ccccc3-c3ccccc32)cc1
c1ccc(CN2Cc3ccccc3-c3ccccc32)cc1
C1=CC(CN2Cc3ccccc3-c3ccccc32)C=C1
C1=CC(CN2Cc3ncccc3-c3ccccc32)C=C1
C1=CC(N2Cc3ncccc3-c3ccccc32)C=C1
C1=CC(Nc2ccccc2-c2cccnc2)C=C1
C1=CC(Nc2ccccc2Cc2cccnc2)C=C1
c1ccc(Cc2cccnc2)cc1
c1ccc(Cc2cccnc2)cc1
c1ccc(OCc2cccnc2)cc1
c1ccc(OCc2cccnc2)cc1
c1cncc(COc2ccccc2NCC2CC2)c1
c1cncc(COc2ccccc2C2CC2)c1
c1cncc(COc2ccccc2C2CC2)c1
c1cncc(COc2ccccc2C2CC2)c1
c1cncc(COc2ccccc2C2CC2)c1
c1cncc(COc2ccccc2C2CC2)c1
c1cncc(COc2ccccc2C2CC2)c1
c1cncc(COc2ccccc2C2CC2)c1
c1cncc(COc2ccc(OC[SH]3CC3)cc2C2CC2)c1
c1cncc(COc2ccc(OC[SH]3CC3)cc2C2CC2)c1
c1cncc(COc2ccc(OC[SH]3CC3)cc2C2CC2)c1
c1cncc(COc2ccc(OC[SH]3CC3)c(C3CC3)c2)c1
c1cncc(COc2ccc(OCC3CC3)c(C3CC3)c2)c1
c1cncc(COc2ccc(OCC3CC3)c(C3CC3)c2)c1
c1cncc(COc2ccc(OCC3CC3)c(C3CC3)c2)c1
c1cncc(COc2ccc(OC3CC3)c(C3CC3)c2)c1
c1cncc(COc2ccc(CC3CC3)c(C3CC3)c2)c1
c1cncc(COc2ccc(C3CC3)c(C3CC3)c2)c1
c1cncc(COc2cccc(C3CC3)c2)c1
c1cncc(COc2ccc(C3CC3)cc2)c1
c1cncc(COc2ccc3c(c2)CCCC2CC32)c1
c1cncc(COc2ccc3c(c2)CC2CCCC32)c1
c1cncc(COc2ccc3c(c2)CC2CCCCC32)c1
c1cncc(COc2ccc3c(c2)CC2CCCCCC32)c1
c1cncc(COc2ccc3c(c2)CCC2CCCCCC32)c1
c1cncc(COc2ccc3c(c2)CCC2CCCCCC32)c1
c1cncc(COc2ccc3c(c2)CCC2CCCCC32)c1
c1cncc(COc2ccc3c(c2)CCC2CCCCCC32)c1
c1cncc(COc2ccc3c(c2)CCC2CCCCCC32)c1
c1cncc(COc2ccc3c(c2)CCC2CCCCCC32)c1
c1cncc(COc2ccc3c(c2)CCC2CCCCCC32)c1
c1cncc(COc2ccc3c(c2)CCC2CC4CCCC4CCC32)c1
c1cncc(COc2ccc3c(c2)CCC2CC4CCCC4CCC32)c1
c1cncc(COc2ccc3c(c2)CCC2CC4CCCC4CCC32)c1
c1cncc(COc2ccc3c(c2)CCC2CC4CCCCC4CCC32)c1
c1cncc(COc2ccc3c(c2)CCC2CC4CCCC4CCC32)c1
c1cncc(COc2ccc3c(c2)CCC2CC4CCCCC4CCC32)c1
c1cncc(COc2ccc3c(c2)CCC2CC4CCCCC4CCC32)c1
c1cncc(COc2ccc3c(c2)CCC2CC4CCCCC4CCC32)c1
c1cncc(COc2ccc3c(c2)CCC2CCC4CCCCC4CCC32)c1
c1cncc(COc2ccc3c(c2)CCC2CCC4CCCCC4CCC32)c1
c1cncc(COc2ccc3c(c2)CCC2CCC4CCCC4CCC32)c1
c1cncc(COc2ccc3c(c2)CCC2CCC4CCC4CCC32)c1
c1cncc(COc2ccc3c(c2)CCC2CCC4CC4CCC32)c1
c1cncc(COc2ccc3c(c2)CCC2CCC4CCC4CCC32)c1
c1cncc(COc2ccc3c(c2)CCC2CCC4CCC4CCC32)c1
c1cncc(COc2ccc3c(c2)CCC2CC4CCC4CCC32)c1
c1cncc(COc2ccc3c(c2)CCC2CC4CCC4CCC32)c1
c1cncc(COc2ccc3c(c2)CCC2CC4CCC4CCC32)c1
c1cncc(COc2ccc3c(c2)CCC2CC4CC4CCC32)c1
c1cncc(COc2ccc3c(c2)CCC2CC4CC4CCCC32)c1
c1cncc(COc2ccc3c(c2)CCC2CC4CC4CCCC32)c1
c1cncc(COc2ccc3c(c2)CCC2CC4CC4CCCC32)c1
c1cncc(COc2ccc3c(c2)CCC2CC4CC4CCCC32)c1
c1cncc(COc2ccc3c(c2)CCC2CC4CC4CCC32)c1
c1cncc(COc2ccc3c(c2)CCC2CC4CC4CC32)c1
c1cncc(COc2ccc3c(c2)CCC2CCCCC32)c1
c1cncc(COc2ccc3c(c2)CCC2CCCCC32)c1
c1cncc(COc2ccc3c(c2)CCC2CCCCC32)c1
c1cncc(COc2ccc3c(c2)CCC2CCCCC32)c1
c1cncc(COc2ccc3c(c2)CCC2CCCCC32)c1
c1cncc(COc2ccc3c(c2)CCC2CCCCC32)c1
c1cncc(COc2ccc3c(c2)CCC2CCCCC32)c1
c1cncc(COc2ccc3c(c2)CCC2CCCCC32)c1
c1cncc(COc2ccc3c(c2)CCC2CCCCC32)c1
c1cncc(COc2ccc3c(c2)CCC2CCCCC32)c1
c1ccc(CN2Cc3ccccc3-c3ccccc32)cc1
c1ccc(CN2Cc3ccccc3-c3ccccc32)cc1
c1ccc(Cn2c3ccccc3c3ccccc32)cc1
c1ccc(Cn2c3ccccc3c3ccccc32)cc1
c1ccc(Cn2c3ccccc3c3ccccc32)cc1
c1ccc(Cn2c3ccccc3c3ccccc32)cc1
O=S1CN(c2ccc3c4ccccc4n(Cc4ccccc4)c3c2)O1
O=S1CN(c2ccc3c4ccccc4n(Cc4ccccc4)c3c2)O1
O=c1son1-c1ccc2c3ccccc3n(Cc3ccccc3)c2c1
c1ccc(Cn2c3ccccc3c3ccccc32)cc1
c1ccc(Cn2c3ccccc3c3ccccc32)cc1
c1ccc(Cn2c3ccccc3c3ccccc32)cc1
c1ccc(Cn2c3ccccc3c3ccccc32)cc1
c1ccc(Cn2c3ccccc3c3ccccc32)cc1
c1ccc(Cn2c3ccccc3c3ccccc32)cc1
c1ccc(Cn2c3ccccc3c3ccccc32)cc1
c1ccc(Cn2c3ccccc3c3ccccc32)cc1
c1ccc(Cn2c3ccccc3c3ccccc32)cc1
c1ccc(Cn2c3ccccc3c3ccccc32)cc1
c1ccc(Cn2c3ccccc3c3ccccc32)cc1
c1ccc(CCn2c3ccccc3c3ccccc32)cc1
c1ccc(CCn2c3ccccc3c3ccccc32)cc1
c1ccc(CC2c3ccccc3N2c2ccccc2)cc1
c1ccc(CC2c3ccccc3N2c2ccccc2)cc1
c1ccc(CC2c3ccccc3N2c2ccccc2)cc1
c1ccc(CC2c3ccccc3N2c2ccccc2)cc1
c1ccc(CC2NN(c3ccccc3)c3ccccc32)cc1
c1ccc(Cc2nn(-c3ccccc3)c3ccccc23)cc1
c1ccc(Cc2nn(-c3ccccc3)c3ccccc23)cc1
c1ccc(Cc2nn(-c3ccccc3)c3ccccc23)cc1
c1ccc(COc2nn(-c3ccccc3)c3ccccc23)cc1
c1ccc(COc2nn(-c3ccccc3)c3ccccc23)cc1
c1ccc(COc2nn(-c3ccccc3)c3ccccc23)cc1
c1ccc(COc2nn(-c3ccccc3)c3ccccc23)cc1
c1ccc(COCCOc2ccc3c(cnn3-c3ccccc3)c2)cc1
c1ccc(COCCOc2ccc3c(cnn3-c3ccccc3)c2)cc1
c1ccc(COCCOc2ccc3c(cnn3-c3ccccc3)c2)cc1
c1ccc(COCCOc2ccc3c(cnn3-c3ccccc3)c2)cc1
c1ccc(COCCOc2ccc3c(cnn3-c3ccccc3)c2)cc1
c1ccc(COCCOc2ccc3c(cnn3-c3ccccc3)c2)cc1
c1ccc(COCCOc2ccc3c(cnn3-c3ccccc3)c2)cc1
c1ccc(COCCOc2ccc3c(cnn3-c3ccccc3)c2)cc1
c1ccc(COCCOc2ccc3c(cnn3-c3ccccc3)c2)cc1
c1ccc(COCCOc2ccc3c(cnn3-c3ccccc3)c2)cc1
c1ccc(COCCOc2ccc3c(cnn3-c3ccccc3)c2)cc1
c1ccc(COCCOc2ccc3c(cnn3-c3ccccc3)c2)cc1
c1ccc(COCCOc2ccc3c(cnn3-c3ccccc3)c2)cc1
c1ccc(COCCOc2ccc3c(cnn3-c3ccccc3)c2)cc1
c1ccc(COCCOc2ccc3c(cnn3-c3ccccc3)c2)cc1
c1ccc(COCCOc2ccc3c(cnn3-c3ccccc3)c2)cc1
c1ccc(COCCOc2ccc3c(cnn3-c3ccccc3)c2)cc1
c1ccc(COCCOc2ccc3c(cnn3-c3ccccc3)c2)cc1
C(=COc1ccc2c(cnn2-c2ccccc2)c1)OCc1ccccc1
c1ccc(COc2o[nH]c2Oc2ccc3c(cnn3-c3ccccc3)c2)cc1
c1ccc(COc2o[nH]c2COc2ccc3c(cnn3-c3ccccc3)c2)cc1
c1ccc(COC2=C(COc3ccc4c(cnn4-c4ccccc4)c3)CO2)cc1
c1ccc(COC2=C(COc3ccc4c(cnn4-c4ccccc4)c3)CO2)cc1
c1ccc(COC2=C(NCOc3ccc4c(cnn4-c4ccccc4)c3)CO2)cc1
c1ccc(COC2=C(CNCOc3ccc4c(cnn4-c4ccccc4)c3)O2)cc1
c1ccc(COC2=C(CCOc3ccc4c(cnn4-c4ccccc4)c3)O2)cc1
c1ccc(COC2=C(CCOc3ccc4c(cnn4-c4ccccc4)c3)O2)cc1
c1ccc(COC2=C(CCOc3ccc4c(cnn4-c4ccccc4)c3)O2)cc1
c1ccc(COC2=C(NCOc3ccc4c(cnn4-c4ccccc4)c3)O2)cc1
c1ccc(COC2=C(NCOc3ccc4c(cnn4-c4ccccc4)c3)O2)cc1
c1ccc(COC2=C(NCOc3ccc4c(cnn4-c4ccccc4)c3)O2)cc1
c1ccc(COC2=C(NCCOc3ccc4c(cnn4-c4ccccc4)c3)O2)cc1
c1ccc(COC2=C(NCCOc3ccc4c(cnn4-c4ccccc4)c3)O2)cc1
c1ccc(COC2=C(NCCOc3ccc4c(cnn4-c4ccccc4)c3)O2)cc1
O=C(CCCOc1ccc2c(cnn2-c2ccccc2)c1)NCC(OC1=CO1)c1ccccc1
O=C(CCOc1ccc2c(cnn2-c2ccccc2)c1)NCC(OC1=CO1)c1ccccc1
O=C(CCOc1ccc2c(cnn2-c2ccccc2)c1)NCC(OC1=CO1)c1ccccc1
O=C(CCOc1ccc2c(cnn2-c2ccccc2)c1)NCC(OC1=CO1)c1ccccc1
O=C(CCOc1ccc2c(cnn2-c2ccccc2)c1)NCC(OC1=CO1)c1ccccc1
O=C(CCOc1ccc2c(cnn2-c2ccccc2)c1)NCC(OC1=CO1)c1ccccc1
O=C(CCOc1ccc2c(cnn2-c2ccccc2)c1)NCC(OC1=CO1)c1ccccc1
O=C(CCCOc1ccc2c(cnn2-c2ccccc2)c1)NCC(OC1=CO1)c1ccccc1
O=C(CCCOc1ccc2c(cnn2-c2ccccc2)c1)NCC(OC1=CO1)c1ccccc1
O=C(CCCOc1ccc2c(cnn2-c2ccccc2)c1)NCC(OC1=CO1)c1ccccc1
O=C(CCCOc1ccc2c(cnn2-c2ccccc2)c1)NCC(OC1=CO1)c1ccccc1
O=C(CCCOc1ccc2c(cnn2-c2ccccc2)c1)NCC(OC1=CO1)c1ccccc1
O=C(CCCOc1ccc2c(cnn2-c2ccccc2)c1)NCC(OC1=CO1)c1ccccc1
O=C(CCCOc1ccc2c(cnn2-c2ccccc2)c1)NCC(OC1=CO1)c1ccccc1
O=C(CCCOc1ccc2c(cnn2-c2ccccc2)c1)NCC(OC1=CO1)c1ccccc1
O=C(CCCOc1ccc2c(cnn2-c2ccccc2)c1)NCC(OC1=CO1)c1ccccc1
O=C(CCCOc1ccc2c(cnn2-c2ccccc2)c1)NCC(OC1=CO1)c1ccccc1
O=C(CCCOc1ccc2c(cnn2-c2ccccc2)c1)NCC(OC1=CO1)c1ccccc1
O=C(CCOc1ccc2c(cnn2-c2ccccc2)c1)NCC(OC1=CO1)c1ccccc1
O=C(CCOc1ccc2c(cnn2-c2ccccc2)c1)NCC(OC1=CO1)c1ccccc1
O=C(CCOc1ccc2c(cnn2-c2ccccc2)c1)NCC(OC1=CO1)c1ccccc1
O=C(CCOc1ccc2c(cnn2-c2ccccc2)c1)NCC(OC1=CO1)c1ccccc1
O=C(CCOc1ccc2c(cnn2-c2ccccc2)c1)NCC(OC1=CO1)c1ccccc1
O=C(CCOc1ccc2c(cnn2-c2ccccc2)c1)NCC(OC1=CO1)c1ccccc1
O=C(CCOc1ccc2c(cnn2-c2ccccc2)c1)NCC(OC1=CO1)c1ccccc1
O=C(CCOc1ccc2c(cnn2-c2ccccc2)c1)NCC(OC1=CO1)c1ccccc1
O=C(CCOc1ccc2c(cnn2-c2ccccc2)c1)NCC(OC1=CO1)c1ccccc1
O=C(CCOc1ccc2c(cnn2-c2ccccc2)c1)NCC(OC1=CO1)c1ccccc1
O=C(NCOc1ccc2c(cnn2-c2ccccc2)c1)NCC(OC1=CO1)c1ccccc1
O=C(NCOc1ccc2c(cnn2-c2ccccc2)c1)NCC(OC1=CO1)c1ccccc1
O=C(NCOc1ccc2c(cnn2-c2ccccc2)c1)NCC(OC1=CO1)c1ccccc1
O=C(CCOc1ccc2c(cnn2-c2ccccc2)c1)NCC(OC1=CO1)c1ccccc1
O=C(CCOc1ccc2c(cnn2-c2ccccc2)c1)NCC(OC1=CO1)c1ccccc1
O=C(CCOc1ccc2c(cnn2-c2ccccc2)c1)NCC(OC1=CO1)c1ccccc1
O=C(CCCOc1ccc2c(cnn2-c2ccccc2)c1)NCC(OC1=CO1)c1ccccc1
O=C(CCOc1ccc2c(cnn2-c2ccccc2)c1)NCC(OC1=CO1)c1ccccc1
O=C(CC(=O)Oc1ccc2c(cnn2-c2ccccc2)c1)NCC(OC1=CO1)c1ccccc1
O=C(NCC(=O)Oc1ccc2c(cnn2-c2ccccc2)c1)NCC(OC1=CO1)c1ccccc1
O=C(NCC(=O)Oc1ccc2c(cnn2-c2ccccc2)c1)NCC(OC1=CO1)c1ccccc1
O=C(CCC(=O)Oc1ccc2c(cnn2-c2ccccc2)c1)NCC(OC1=CO1)c1ccccc1
C=C(CCC(=O)NCC(OC1=CO1)c1ccccc1)Oc1ccc2c(cnn2-c2ccccc2)c1
O=C(CCCOc1ccc2c(cnn2-c2ccccc2)c1)NCC(OC1=CO1)c1ccccc1
O=C(CCCOc1ccc2c(cnn2-c2ccccc2)c1)NCC(OC1=CO1)c1ccccc1
O=C(CCOc1ccc2c(cnn2-c2ccccc2)c1)NCC(OC1=CO1)c1ccccc1
O=C(CCOc1ccc2c(cnn2-c2ccccc2)c1)NCC(OC1=CO1)c1ccccc1
O=C(C=COc1ccc2c(cnn2-c2ccccc2)c1)NCC(OC1=CO1)c1ccccc1
O=C(C=COc1ccc2c(cnn2-c2ccccc2)c1)NCC(OC1=CO1)c1ccccc1
O=C(C=COc1ccc2c(cnn2-c2ccccc2)c1)NCC(OC1=CO1)c1ccccc1
O=C(NCC(OC1=CO1)c1ccccc1)C1=C(Oc2ccc3c(cnn3-c3ccccc3)c2)CC1
O=C(NCC(OC1=CO1)c1ccccc1)C1=C(COc2ccc3c(cnn3-c3ccccc3)c2)CC1
O=C(NCC(OC1=CO1)c1ccccc1)C1=C(COc2ccc3c(cnn3-c3ccccc3)c2)CC1
O=C(NCC(OC1=CO1)c1ccccc1)C1=C(CCOc2ccc3c(cnn3-c3ccccc3)c2)CC1
O=C(NCC(OC1=CO1)c1ccccc1)C1=C(CCOc2ccc3c(cnn3-c3ccccc3)c2)CO1
O=C(NCC(OC1=CO1)c1ccccc1)C1=C(CCOc2ccc3c(cnn3-c3ccccc3)c2)CO1
O=C(NCC(OC1=CO1)c1ccccc1)C1=C(COc2ccc3c(cnn3-c3ccccc3)c2)CO1
O=C(NCC(OC1=CO1)c1ccccc1)C1=C(COc2ccc3c(cnn3-c3ccccc3)c2)CO1
O=C(NCC(OC1=CO1)c1ccccc1)C1=C(COc2ccc3c(cnn3-c3ccccc3)c2)CO1
O=C(NCC(OC1=CO1)c1ccccc1)C1=C(COc2ccc3c(cnn3-c3ccccc3)c2)CO1
O=C(NCC(OC1=CO1)c1ccccc1)C1=C(COc2ccc3c(cnn3-c3ccccc3)c2)O1
O=C(NCC(OC1=CC1)c1ccccc1)C1=C(COc2ccc3c(cnn3-c3ccccc3)c2)O1
O=C(NCCc1ccccc1)C1=C(COc2ccc3c(cnn3-c3ccccc3)c2)O1
O=C(NCCc1ccccc1)C1=C(COc2ccc3c(cnn3-c3ccccc3)c2)O1
O=C(NCCc1ccccc1)C1=C(COc2ccc3c(cnn3-c3ccccc3)c2)O1
O=C(NCCc1ccccc1)C1=C(COc2ccc3c(cnn3-c3ccccc3)c2)O1
O=C(NCCc1ccccc1)C1=C(COc2ccc3c(cnn3-c3ccccc3)c2)O1
O=C(NCC(Oc1ccc2c(cnn2-c2ccccc2)c1)c1ccccc1)C1=CO1
O=C(NCC(Oc1ccc2c(cnn2-c2ccccc2)c1)c1ccccc1)C1=CO1
O=C(NCC(Oc1ccc2c(cnn2-c2ccccc2)c1)c1ccccc1)C1=CO1
O=C(NCC(Oc1ccc2c(cnn2-c2ccccc2)c1)c1ccccc1)C1=CO1
O=C(NCC(Oc1ccc2c(cnn2-c2ccccc2)c1)c1ccccc1)C1=C(CC2CC2)O1
O=C(NCC(Oc1ccc2c(cnn2-c2ccccc2)c1)c1ccccc1)C1=C=C(CC2CC2)O1
O=C(NCC(Oc1ccc2c(cnn2-c2ccccc2)c1)c1ccccc1)C1=C=CO1
O=C(NCC(Oc1ccc2c(cnn2-c2ccccc2)c1)c1ccccc1)C1=C=CO1
O=C(NCC(Oc1ccc2c(cnn2-c2ccccc2)c1)c1ccccc1)C1=CO1
O=C(NCC(Oc1ccc2c(cnn2-c2ccccc2)c1)c1ccccc1)C1=CO1
O=C(NCC(Oc1ccc2c(cnn2-c2ccccc2)c1)c1ccccc1)C1=CO1
O=C(NCC(Oc1ccc2c(cnn2-c2ccccc2)c1)c1ccccc1)C1=NCCO1
O=C(NCC(Oc1ccc2c(cnn2-c2ccccc2)c1)c1ccccc1)C1=NCCO1
O=C(NCC(Oc1ccc2c(cnn2-c2ccccc2)c1)c1ccccc1)C1=NC2CC2O1
O=C(NCC(Oc1ccc2c(cnn2-c2ccccc2)c1)c1ccccc1)C1=NC2CN2O1
O=C(NCC(Oc1ccc2c(cnn2-c2ccccc2)c1)c1ccccc1)C1=NCNO1
O=C(NCC(Oc1ccc2c(cnn2-c2ccccc2)c1)c1ccccc1)C1=NCNO1
O=C(NCC(Oc1ccc2c(cnn2-c2ccccc2)c1)c1ccccc1)C1=NCCNO1
O=C(NCC(Oc1ccc2c(cnn2-c2ccccc2)c1)c1ccccc1)C1=NCCNO1
O=C(NCC(Oc1ccc2c(cnn2-c2ccccc2)c1)c1ccccc1)C1=NC=CNO1
O=C(NCC(Oc1ccc2c(cnn2-c2ccccc2)c1)c1ccccc1)C1=NC=CNO1
O=C(NCC(Oc1ccc2c(cnn2-c2ccccc2)c1)c1ccccc1)C1=NC=CCO1
O=C(NCC(Oc1ccc2c(cnn2-c2ccccc2)c1)c1ccccc1)c1ncco1
O=C(NCC(Oc1ccc2c(cnn2-c2ccccc2)c1)c1ccccc1)c1ncco1
O=C(NCC(Oc1ccc2c(cnn2-c2ccccc2)c1)c1ccccc1)c1nnco1
O=C(NCC(Oc1ccc2c(cnn2-c2ccccc2)c1)c1ccccc1)c1nnco1
O=C(NCC(Oc1ccc2c(cnn2-c2ccccc2)c1)c1ccccc1)c1nnco1
c1ccc(CN2Cc3ccccc3-c3ccccc32)cc1
c1ccc(CN2Cc3ccccc3-c3ccccc32)cc1
c1ccc(C2C3c4ccccc4-c4ccccc4N23)cc1
c1ccc(C2C3c4ccccc4-c4ccccc4N23)cc1
c1ccc(C2C3c4ccccc4-c4ccccc4N23)cc1
c1ccc(C2C3Oc4ccccc4-c4ccccc4N32)cc1
c1ccc(C2C3Oc4ccccc4-c4ccccc4N32)cc1
c1ccc(C2C3Oc4ccccc4-c4ccccc4N32)cc1
c1ccc(C2C3Oc4ccccc4-c4ccccc4C32)cc1
c1ccc(CC2Oc3ccccc3-c3ccccc32)cc1
c1ccc(C2Oc3ccccc3-c3ccccc32)cc1
c1ccc(C2Oc3ccccc3-c3ccccc32)cc1
c1ccc(C2Oc3ccccc3-c3ccccc32)cc1
c1ccc(C2Oc3ccccc3-c3ccccc32)cc1
c1ccc(C2Oc3ccccc3-c3ccccc32)cc1
c1ccc(C2Oc3ccccc3-c3ccccc32)cc1
c1ccc(C2Oc3ccccc3-c3ccccc32)cc1
c1ccc(C2Oc3ccccc3-c3ccccc32)cc1
c1ccc(CN2Cc3ccccc3-c3ccccc32)cc1
c1ccc(Cn2c3ccccc3c3ccccc32)cc1
c1ccc(Cn2c3ccccc3c3ccccc32)cc1
c1ccc(Cn2c3ccccc3c3ccccc32)cc1
c1ccc(Cn2c3ccccc3c3ccccc32)cc1
c1ccc(Cn2c3ccccc3c3cc4cc-4c32)cc1
c1ccc(Cn2c3ccccc3c3cc4cc-4c32)cc1
c1ccc(Cn2c3ccccc3c3cc4cc-4c32)cc1
c1ccc(Cn2c3ccccc3c3cc4cc-4c32)cc1
c1ccc(Cn2c3ccccc3c3cc4cc-4c32)cc1
c1ccc(Cn2c3ccccc3c3cc4cc-4c32)cc1
c1ccc(Cn2cc3cc-3ccc3ccccc32)cc1
c1ccc(Cn2cc3cc-3ccc3ccccc32)cc1
c1ccc(Cn2cc3cc-3ccc3ccccc32)cc1
c1ccc(Cn2cc3cc-3ccc3ccccc32)cc1
c1ccc(Cn2cc3cc-3ccc3ccccc32)cc1
c1ccc(Cn2cc3cc-3ccc3ccccc32)cc1
c1ccc(Cn2cc3nc-3ccc3ccccc32)cc1
c1ccc(Cn2cc3nc-3ccc3ccccc32)cc1
c1ccc(Cn2cc3nc-3ncc3ccccc32)cc1
c1ccc(Cn2cc3nc-3ncc3ccccc32)cc1
c1ccc(Cn2cc3nc-3ncc3ccccc32)cc1
C1=CN(Cc2ccccc2)c2ccccc2C=NC1
C1=CN(Cc2ccccc2)c2ccccc2C=NC1
C1=CN(Cc2ccccc2)c2ccccc2C=N1
C1=NCN(Cc2ccccc2)c2ccccc21
C1=NCN(CCc2ccccc2)c2ccccc21
C1=NCN(CCc2ccccc2)c2ccccc21
C1=NCN(CCc2ccccc2)c2ccccc21
C1=NCN(CCSc2ccccc2)c2ccccc21
C1=NCN(CCSc2ccccc2)c2ccccc21
C1=NCN(CCSc2ccccc2)c2ccccc21
C1=NCN(CCCSc2ccccc2)c2ccccc21
C1=NCN(CCCSc2ccccc2)c2ccccc21
C1=NCN(CCCSc2ccccc2)c2ccccc21
C1=NCN(CCCSc2ccccc2)c2ccccc21
C1=NCN(CCCSc2ccccc2)c2ccccc21
O=C(CCSc1ccccc1)NCCOc1ccc2c(c1)C=NCN2
O=C(CCSc1ccccc1)NCCOc1ccc2c(c1)C=NCN2
O=C(CCSc1ccccc1)NCCOc1ccc2c(c1)C=NCN2
O=C(CSc1ccccc1)NCCOc1ccc2c(c1)C=NCN2
O=C(CSc1ccccc1)NCCOc1ccc2c(c1)C=NCN2
O=C(CSc1ccccc1)NCCOc1ccc2c(c1)C=NCN2
O=C(CSc1ccccc1)NCCOc1ccc2c(c1)C=NCN2
O=C(CSc1ccccc1)NCCOc1ccc2c(c1)C=NCN2
O=C(CSc1ccccc1)NCCOc1ccc2c(c1)C=NCN2
O=C(CCSc1ccccc1)NCCOc1ccc2c(c1)C=NCN2
O=C(CCSc1ccccc1)NCCOc1ccc2c(c1)C=NCN2
O=C(CCSc1ccccc1)NCCOc1ccc2c(c1)C=NCN2
O=C(CCSc1ccccc1)NCCOc1ccc2c(c1)C=NCN2
O=C(CCSc1ccccc1)NCCOc1ccc2c(c1)C=NNN2
O=C(CCCSc1ccccc1)NCCOc1ccc2c(c1)C=NNN2
O=C(CCCSc1ccccc1)NCCOc1ccc2[nH]ncc2c1
O=C(CCCSc1ccccc1)NCCOc1ccc2[nH]ncc2c1
O=C(CCCSc1ccccc1)NCCOc1ccc2[nH]ncc2c1
O=C(CCSc1ccccc1)NCCOc1ccc2[nH]ncc2c1
O=C(CCSc1ccccc1)NCCOc1ccc2[nH]ncc2c1
O=C(CCSc1ccccc1)NCCOc1ccc2[nH]ncc2c1
O=C(CCSc1ccccc1)NCCOc1ccc2[nH]ncc2c1
O=C(CCSc1ccccc1)NCCOc1ccc2[nH]ncc2c1
O=C(CCSc1ccccc1)NCCOc1ccc2[nH]ncc2c1
O=C(CCSc1ccccc1)NCCOc1ccc2c(cnn2C2=CN2)c1
O=C(CCSc1ccccc1)NCCOc1ccc2c(cnn2C2=CN2)c1
O=C(CCSc1ccccc1)NCCOc1ccc2c(cnn2C2=CN2)c1
O=C(CCSc1ccccc1)NCCOc1ccc2c(cnn2C2=CN2)c1
O=C(CCSc1ccccc1)NCCOc1ccc2c(cnn2C2=CN2)c1
O=C(CCSc1ccccc1)NCCOc1ccc2c(cnn2C2=CC2)c1
O=C(CCSc1ccccc1)NCCOc1ccc2c(cnn2C2=CC2)c1
O=C(CSc1ccccc1)NCCOc1ccc2c(cnn2C2=CC2)c1
O=C(CSc1ccccc1)NCCOc1ccc2c(cnn2C2=CC2)c1
O=C(CSc1ccccc1)NCCOc1ccc2c(cnn2C2=CC2)c1
O=C(CSc1ccccc1)NCCOc1ccc2c(cnn2C2=CCC2)c1
O=C(CSc1ccccc1)NCCOc1ccc2c(cnn2C2=CC=C2)c1
O=C(CCc1ccccc1)NCCOc1ccc2c(cnn2C2=CC=C2)c1
C1=CC(n2ncc3cc(OCc4ccccc4)ccc32)=C1
C1=CC(n2ncc3cc(OCc4ccccc4)ccc32)=C1
C1=CC(n2ncc3cc(OCc4ccccc4)ccc32)=C1
C1=CC(n2ncc3cc(OCc4ccccc4)ccc32)=C1
C1=CC(n2ncc3cc(OCc4ccccc4)ccc32)=C1
C1=CC(n2ncc3cc(OCc4ccccc4)ccc32)=C1
C1=CC(n2ncc3cc(OCc4ccccc4)ccc32)=C1
C1=CC(n2ncc3cc(OCc4ccccc4)ccc32)=C1
C1=CC(n2ncc3cc(OCc4ccccc4)ccc32)=C1
C1=CC(n2ncc3cc(OCc4ccccc4)ccc32)=C1
C1=CC(n2ncc3cc(OCc4ccccc4)ccc32)=C1
C1=CC(n2ncc3cc(OCc4ccccc4)ccc32)=C1
C1=CC(n2ncc3cc(OCc4ccccc4)ccc32)=C1
C1=CC(n2ncc3cc(OCc4ccccc4)ccc32)=C1
C1=CC(n2ncc3cc(OCc4ccccc4)ccc32)=C1
C1=CC(n2ncc3cc(OCc4ccccc4)ccc32)=C1
C1=CC(n2ncc3cc(OCc4ccccc4)ccc32)=C1
C1=CC(n2ncc3cc(OCc4ccccc4)ccc32)=C1
C1=CC(n2ncc3cc(OCc4ccccc4)ccc32)=C1
C1=CC(n2ncc3cc(OCc4ccccc4)ccc32)=C1
C1=CC(n2ncc3cc(OCc4ccccc4)ccc32)=C1
C1=CC(n2ncc3cc(OCc4ccccc4)ccc32)=C1
C1=CC(n2ncc3cc(OCc4ccccc4)ccc32)=CCC1
C1=CC(n2ncc3cc(OCc4ccccc4)ccc32)=CCC1
C1=CC(n2ncc3cc(OCc4ccccc4)ccc32)=CCC1
C1=CC(n2ncc3cc(OCc4ccccc4)ccc32)=CC1
C1=CC(n2ncc3cc(OCc4ccccc4)ccc32)=CC1
C=C1C=CC(n2ncc3cc(OCc4ccccc4)ccc32)=C1
C=C1C=CC(n2ncc3cc(OCc4ccccc4)ccc32)=C1
c1ccc(COc2ccc3c(cnn3-c3ccccc3)c2)cc1
c1ccc(COc2ccc3c(cnn3-c3ccccc3)c2)cc1
c1ccc(COc2ccc3c(cnn3-c3ccccc3)c2)cc1
c1ccc(COc2ccc3c(cnn3-c3ccccc3)c2)cc1
c1ccc(COc2ccc3c(cnn3-c3ccccc3)c2)cc1
c1ccc(CN2Cc3ccccc3-c3ccccc32)cc1
c1ccc(CN(Cc2ccccc2)c2ccccc2)cc1
c1ccc(CN2Cc3cccc(c3)-c3ccccc32)cc1
c1ccc(CN2Cc3cccc(c3)-c3ccccc32)cc1
c1ccc(CN2Cc3cccc(c3)-c3ccccc32)cc1
c1ccc(N2Cc3cccc(c3)-c3ccccc32)cc1
c1ccc(N2Cc3cc(c4cc3-4)-c3ccccc32)cc1
c1ccc(N2Cc3cc(c4cc3-4)-c3ccccc32)cc1
C1=CC1=C1C=Cc2ccccc2N(c2ccccc2)C1
C=C1C=Cc2ccccc2N(c2ccccc2)C1
C=C1C=Cc2ccccc2N(c2ccccc2)C1
C1=Cc2ccccc2N(c2ccccc2)CC1
C1=NCCN(c2ccccc2)c2ccccc21
C1=NCCN(c2ccccc2)c2ccccc21
C1=NCCN(c2ccccc2)c2ccccc21
C1=NCN(c2ccccc2)c2ccccc21
C1=NCN(c2ccccc2)c2ccccc21
C1=NCN(c2ccccc2)c2ccccc21
C1=NCN(c2ccccc2)c2ccccc21
C1=NCN(c2ccccc2)c2ccccc21
C1=NCN(c2ccccc2)c2ccccc21
C1=NCN(c2ccccc2)c2ccccc21
C1=NCN(c2ccccc2)c2ccccc21
C1=NCN(c2ccccc2)c2ccccc21
C1=NCN(c2ccccc2)c2ccccc21
C1=NCN(c2ccccc2)c2ccccc21
C1=NCN(c2ccccc2)c2ccccc21
C1=NCN(c2ccccc2)c2ccccc21
C1=NCN(c2ccccc2)c2ccccc21
C1=NCN(c2ccccc2)c2ccccc21
C1=NCN(c2ccccc2)c2ccccc21
C1=NCN(c2ccccc2)c2ccccc21
C1=NCN(c2ccccc2)c2ccccc21
C1=NCN(c2ccccc2)c2ccccc21
C1=NCN(c2ccccc2)c2ccccc21
C1=NNN(c2ccccc2)c2ccccc21
C1=NNN(c2ccccc2)c2ccccc21
C1=NNN(c2ccccc2)c2ccccc21
C1=NNN(c2ccccc2)c2ccccc21
c1ccc(-n2ncc3ccccc32)cc1
c1ccc(-n2ncc3ccccc32)cc1
c1ccc(-n2ncc3ccccc32)cc1
c1ccc(-n2ncc3ccccc32)cc1
c1ccc(-n2ncc3ccccc32)cc1
c1ccc(-n2ncc3ccccc32)cc1
c1ccc(-n2ncc3ccccc32)cc1
c1ccc(-n2ncc3ccccc32)cc1
c1ccc(-n2ncc3ccccc32)cc1
c1ccc(-n2ncc3ccccc32)cc1
c1ccc(-n2ncc3ccccc32)cc1
c1ccc(-n2ncc3ccccc32)cc1
c1ccc(-n2ncc3ccccc32)cc1
c1ccc(-n2ncc3ccccc32)cc1
c1ccc(-n2ncc3ccccc32)cc1
c1ccc(-n2ncc3ccccc32)cc1
c1ccc(-n2ncc3ccccc32)cc1
C=C1NC1C(=O)NCCCNc1cccc2c1cnn2-c1ccccc1
C=C1NC1C(=O)NCCCNc1cccc2c1cnn2-c1ccccc1
C=C1N2CC12C(=O)NCCCNc1cccc2c1cnn2-c1ccccc1
O=C(NCCCNc1cccc2c1cnn2-c1ccccc1)C12C=C1N2
O=C(NCCCNc1cccc2c1cnn2-c1ccccc1)C1C=CN1
O=C(NCCCNc1cccc2c1cnn2-c1ccccc1)C1C=CN1
O=C(NCCCNc1cccc2c1cnn2-c1ccccc1)C1CN1
O=C(NCCCNc1cccc2c1cnn2-c1ccccc1)C1CN1
c1ccc(-n2ncc3ccccc32)cc1
c1ccc(-n2ncc3ccccc32)cc1
c1ccc(-n2ncc3ccccc32)cc1
c1ccc(-n2ncc3ccccc32)cc1
c1ccc(-n2ncc3ccccc32)cc1
c1ccc(-n2ncc3ccccc32)cc1
O=C(NCCCNc1cccc2c1cnn2-c1ccccc1)C1=CCN1
O=C(NCCCNc1cccc2c1cnn2-c1ccccc1)C1=CCCN1
O=C(NCCCNc1cccc2c1cnn2-c1ccccc1)C1=CCCN1
O=C(NCCCNc1cccc2c1cnn2-c1ccccc1)c1ccc[nH]1
O=C(NCCCNc1cccc2c1cnn2-c1ccccc1)C1=CC=CCN1
O=C(NCCCNc1cccc2c1cnn2-c1ccccc1)c1ccccn1
O=C(NCCCNc1cccc2c1cnn2-c1ccccc1)c1ccccc1
O=C(NCCCNc1cccc2c1cnn2-c1ccccc1)c1ccccc1
O=C(NCCCNc1cccc2c1cnn2-c1ccccc1)c1ccccc1
O=C(NCCCNc1cccc2c1cnn2-c1ccccc1)c1ccccc1
O=C(NCCCNc1cccc2c1cnn2-c1ccccc1)c1ccccc1
O=C(NCCCNc1cccc2c1cnn2-c1ccccc1)c1ccccc1
O=C(NCCCNc1cccc2c1cnn2-c1ccccc1)c1ccccc1
O=C(NCCCNc1cccc2c1cnn2-c1ccccc1)c1ccccc1
O=C(Nc1cnccn1)c1ccc2c(c1)CCC1CCCCC21Cc1ccccc1
O=C(Nc1cnccn1)c1ccc2c(c1)CCC1CCCCC21Cc1ccccc1
O=C(Nc1cnccn1)c1ccc2c(c1)CCC1CCCCC21Cc1ccccc1
O=C(Nc1cnccn1)c1ccc2c(c1)CCC1CCCCC(c3ccccc3)C21
O=C(Nc1cnccn1)c1ccc2c(c1)CCC1CCCCC(c3ccccc3)C21
O=C(Nc1cccnc1)c1ccc2c(c1)CCC1CCCCC(c3ccccc3)C21
O=C(Nc1cccnc1)c1ccc2c(c1)CCC1CCCCCC21
O=C(Nc1cccnc1)c1ccc2c(c1)CCC1CCCCCC21
O=C(Nc1cccnc1)c1ccc2c(c1)CCC1CCCCCC21
O=C(Nc1cccnc1)c1ccc2c(c1)CCC1CCCCCC21
O=C(Nc1cccnc1)c1ccc2c(c1)CCC1C2CCCC2CCC21
O=C(Nc1cccnc1)c1ccc2c(c1)CCC1C2CCCC2CCC21
O=C(Nc1cccnc1)c1ccc2c(c1)CCC1C2CCCC2CCC21
O=C(Nc1cccnc1)c1ccc2c(c1)CCC1C2CCCC2CCC21
O=C(Nc1cccnc1)c1ccc2c(c1)CCCC1C2CCCC2CCC21
O=C(Nc1cccnc1)c1ccc2c(c1)CCCC1C2CCCC2CCC21
O=C(Nc1cccnc1)c1ccc2c(c1)CCC1C2CCCC2CCC21
O=C(Nc1cccnc1)c1ccc2c(c1)CCC1C2CCCC2CCC21
O=C(Nc1cccnc1)c1ccc2c(c1)CCC1C2CCCC2CCC21
O=C(Nc1cccnc1)c1ccc2c(c1)CCC1C2CCC2CCC21
O=C(Nc1cccnc1)c1ccc2c(c1)CCC1C2CCC2CCC21
O=C(Nc1cccnc1)c1ccc2c(c1)CCC1C2CCC2CCC21
O=C(Nc1cccnc1)c1ccc2c(c1)CCC1C2CCC2CCC21
O=C(Nc1cccnc1)c1ccc2c(c1)CCC1C2CCC2CCC21
O=C(Nc1cccnc1)c1ccc2c(c1)CCC1C2CCC2CCC21
O=C(Nc1cccnc1)c1ccc2c(c1)CCC1C2CCC2CCC21
O=C(Nc1cccnc1)c1ccc2c(c1)CCC1C2CCC2CCCC21
O=C(Nc1cccnc1)c1ccc2c(c1)CCC1C2CCC2C(C3CO3)CCC12
O=C(Nc1cccnc1)c1ccc2c(c1)CCC1C2CCC2CCCC21
O=C(Nc1cccnc1)c1ccc2c(c1)CCC1C2CCC2CCCC21
O=C(Nc1cccnc1)c1ccc2c(c1)CCC1C2CCC2CCCC21
O=C(Nc1cccnc1)c1ccc2c(c1)CCC1C2CCC2CCCC21
O=C(Nc1cccnc1)c1ccc2c(c1)CCC1C2CCC2CCCC21
O=C(Nc1cccnc1)c1ccc2c(c1)CCC1C2CCC2CCCC21
O=C(Nc1cccnc1)c1ccc2c(c1)CCC1C2CCC2CCCC21
O=C(Nc1cccnc1)c1ccc2c(c1)CCC1C2CCC2CCCC21
O=C(Nc1cccnc1)c1ccc2c(c1)CCC1C2CCC2CCCC21
O=C(Nc1cccnc1)c1ccc2c(c1)CCC1C2CCC2CCCC21
O=C(Nc1cccnc1)c1ccc2c(c1)CCC1C2CCC2CCCC21
O=C(Nc1cccnc1)c1ccc2c(c1)CCC1C2CCC2CCCC21
O=C(Nc1cccnc1)c1ccc2c(c1)CCC1C2CCC2CCCC21
O=C(Nc1cccnc1)c1ccc2c(c1)CCC1C2CCC2CCCC21
O=C(Nc1cccnc1)c1ccc2c(c1)CCC1C2CCC2CCCC21
O=C(Nc1cccnc1)c1ccc2c(c1)CCC1C2CCC2CCCC21
O=C(Nc1cccnc1)c1ccc2c(c1)CCC1C2CCC2CCCC21
O=C(Nc1cccnc1)c1ccc2c(c1)CCC1C2CCC2CCCC21
O=C(Nc1cccnc1)c1ccc2c(c1)CCC1C2CCC2CCCC21
O=C(Nc1cccnc1)c1ccc2c(c1)CCC1C2CCC2C(CC3CC3)CCC21
O=C(Nc1cccnc1)c1ccc2c(c1)CCC1C2CCC2C(CC3CCC3)CCC21
O=C(Nc1cccnc1)c1ccc2c(c1)CCC1C2CCC2C(CC3CCC3)CCC21
O=C(Nc1cccnc1)c1ccc2c(c1)CCC1C2CCC2C(CC3CC3)CCC21
O=C(Nc1cccnc1)c1ccc2c(c1)CCC1C2CCC2CCCC21
O=C(Nc1cccnc1)c1ccc2c(c1)CCC1C2CCC2CCCC21
O=C(Nc1cccnc1)c1ccc2c(c1)CCC1C2CCC2CCCC21
O=C(Nc1cccnc1)c1ccc2c(c1)CCC1C2CCC2C(C3CCC3)CCC12
O=C(Nc1cccnc1)c1ccc2c(c1)CCC1C2CCC2C(C3CCC3)CCC12
O=C(Nc1cccnc1)c1ccc2c(c1)CCC1C2CCC2C(C3CCC3)CCC12
O=C(Nc1cccnc1)c1ccc2c(c1)CCC1C2CCC2C(C3CC3)CCC12
O=C(Nc1cccnc1)c1ccc2c(c1)CCC1C2CCC2C(C3=CC3)CCC21
O=C(Nc1cccnc1)c1ccc2c(c1)CCC1C2CCC2C(C3=CC3)CCC21
O=C(Nc1cccnc1)c1ccc2c(c1)CCC1C2CCC2C(C3=CC3)CCC21
O=C(Nc1cccnc1)c1ccc2c(c1)CCC1C2CCC2C(C3=CC3)CCC21
O=C(Nc1cccnc1)c1ccc2c(c1)CCC1C2CCC2CCCC21
O=C(Nc1cccnc1)c1ccc2c(c1)CCC1C2CCC2CCCC21
O=C(Nc1cccnc1)c1ccc2c(c1)CCC1C2CCC2CCCC21
O=C(Nc1cccnc1)c1ccc2c(c1)CCC1C2CCC2CCCC21
O=C(Nc1cnccn1)c1ccc2c(c1)CCC1CCCCC21Cc1ccccc1
O=C(Nc1cnccn1)c1ccc2c(c1)CCC1CCCCC21Cc1ccccc1
O=C(Nc1ccccn1)c1ccc2c(c1)CCC1CCCCC21Cc1ccccc1
O=C(Nc1cc(-c2ccccc2)ccn1)c1ccc2c(c1)CCC1CCCCC21
O=C(Nc1cc(-c2ccccc2)ccn1)c1ccc2c(c1)CCC1CCCCC21
O=C(Nc1cc(-c2ccccc2)ccn1)c1ccc2c(c1)CCC1CCCCC21
O=C(Nc1cccc(-c2ccccc2)c1)c1ccc2c(c1)CCC1CCCCC21
O=C(Nc1cccc(-c2ccccc2)c1)c1ccc2c(c1)CCC1CCCCC21
O=C(Nc1cccc(-c2ccccc2)c1)c1ccc2c(c1)CCC1CCCCC21
O=C(Nc1cccc(-c2ccccc2)c1)c1ccc(C2CCCCC2)cc1
O=C(Nc1cccc(-c2ccccc2)c1)c1ccc(C2CCCOC2)cc1
O=C(Nc1cccc(-c2ccccc2)c1)c1ccc(C2CCOC2)cc1
O=C(Nc1cccc(-c2ccccc2)c1)c1ccc(C2COC2)cc1
c1ccc(-c2cccc(NCCc3ccccc3C3COC3)c2)cc1
c1ccc(-c2cccc(NCCc3ccccc3C3COC3)c2)cc1
c1ccc(-c2cccc(CCCc3ccccc3C3COC3)c2)cc1
c1ccc(-c2cccc(CCc3ccccc3C3COC3)c2)cc1
c1ccc(-c2cccc(Cc3ccccc3C3COC3)c2)cc1
c1ccc(-c2cccc(Cc3ccccc3CC3COC3)c2)cc1
c1ccc(-c2cccc(-c3ccccc3CCC3COC3)c2)cc1
c1ccc(-c2cccc(-c3ccccc3CCC3CO3)c2)cc1
c1ccc(-c2cccc(-c3ccccc3CC3CO3)c2)cc1
c1ccc(-c2cccc(-c3ccccc3C3CO3)c2)cc1
c1ccc(-c2cccc(-c3ccccc3NC3CO3)c2)cc1
c1ccc(-c2cccc(-c3ccccc3NC3CO3)c2)cc1
c1ccc(-c2cccc(-c3ccccc3N3CO3)c2)cc1
c1ccc(-c2ccc3c(c2)-c2ccccc2N2OC2CO3)cc1
c1ccc(-c2ccc3c(c2)-c2ccccc2NCCO3)cc1
c1ccc(-c2ccc3c(c2)-c2ccccc2NCCO3)cc1
c1ccc(-c2ccc3c(c2)-c2ccccc2NCCO3)cc1
c1ccc(-c2ccc3c(c2)-c2ccccc2NCCO3)cc1
c1ccc(-c2ccc3occ[nH]c4ccccc4c3c2)cc1
c1ccc(-c2ccc3occ[nH]c4ccccc4c3c2)cc1
c1ccc(-c2ccc3occ[nH]c4ccccc4c3c2)cc1
c1ccc(-c2ccc3occ[nH]c4ccccc4c3c2)cc1
c1ccc(-c2ccc3occ[nH]c4ccccc4c3c2)cc1
c1ccc(-c2ccc3occ[nH]c4ccccc4c3c2)cc1
c1ccc(-c2ccc3occ[nH]c4ccccc4c3c2)cc1
c1ccc(-c2ccc3occ[nH]c4ccccc4c3c2)cc1
c1ccc(-c2ccc3occ[nH]c4ccccc4c3c2)cc1
c1ccc(-c2ccc3occ[nH]c4ccccc4c3c2)cc1
c1ccc(-c2ccc3occ[nH]c4ccccc4c3c2)cc1
c1ccc(-c2ccc3occ[nH]c4ccccc4c3c2)cc1
c1ccc(-c2ccc3occ[nH]c4ccccc4c3c2)cc1
c1ccc(-c2ccc3occ[nH]c4ccccc4c3c2)cc1
c1ccc(-c2ccc3occ[nH]c4ccccc4c3c2)cc1
c1ccc(-c2ccc3occ[nH]c4ccccc4c3c2)cc1
c1ccc(-c2ccc3occ[nH]c4ccccc4c3c2)cc1
c1ccc(-c2ccc3occ[nH]c4ccccc4c3c2)cc1
C(=C1CCCO1)c1ccc2c(c1)[nH]ccoc1ccc(-c3ccccc3)cc12
C(=C1CC1)c1ccc2c(c1)[nH]ccoc1ccc(-c3ccccc3)cc12
C(=C1CC1)c1ccc2c(c1)[nH]ccoc1ccc(-c3ccccc3)cc12
C(=C1CC1)c1ccc2c(c1)[nH]ccoc1ccc(-c3ccccc3)cc12
C(=C1CC1)c1ccc2c(c1)[nH]ccoc1ccc(-c3ccccc3)cc12
C(=C1CC1)c1ccc2c(c1)[nH]ccoc1ccc(-c3ccccc3)cc12
C(=C1CC1)c1ccc2c(c1)[nH]ccoc1ccc(-c3ccccc3)cc12
C(=C1CC1)c1ccc2c(c1)[nH]ccoc1ccc(-c3ccccc3)cc12
C(=C1CCC1)c1ccc2c(c1)[nH]ccoc1ccc(-c3ccccc3)cc12
C(=C1CCC1)c1ccc2c(c1)[nH]ccoc1ccc(-c3ccccc3)cc12
C(=C1CCC1)c1ccc2c(c1)[nH]ccoc1ccc(-c3ccccc3)cc12
C(=C1CC1)c1ccc2c(c1)[nH]ccoc1ccc(-c3ccccc3)cc12
C(=C1CC1)c1ccc2c(c1)[nH]ccoc1ccc(-c3ccccc3)cc12
C(=C1CCN1)c1ccc2c(c1)[nH]ccoc1ccc(-c3ccccc3)cc12
C(=C1CCN1)c1ccc2c(c1)[nH]ccoc1ccc(-c3ccccc3)cc12
C(=C1CCN1)c1ccc2c(c1)[nH]ccoc1ccc(-c3ccccc3)cc12
C(=C1CN1)c1ccc2c(c1)[nH]ccoc1ccc(-c3ccccc3)cc12
C(=C1CN1)c1ccc2c(c1)[nH]ccoc1ccc(Oc3ccccc3)cc12
C(=C1NC1Cc1ccccc1)c1ccc2c(c1)[nH]ccoc1ccccc12
C(=C(c1ccccc1)C1CN1)c1ccc2c(c1)[nH]ccoc1ccccc12
C(=C(c1ccccc1)C1CN1)c1ccc2c(c1)[nH]ccoc1ccccc12
C(=Cc1ccc2c(c1)[nH]ccoc1ccccc12)c1ccccc1
c1ccc(C2=C(c3ccc4c(c3)[nH]ccoc3ccccc34)C2)cc1
c1ccc(C2=C(c3ccc4c(c3)[nH]ccoc3ccccc34)C2)cc1
c1ccc(C2=C(c3ccc4c(c3)[nH]ccoc3ccccc34)C2)cc1
c1ccc(C2=C(c3ccc4c(c3)[nH]c3c(oc5ccccc54)C3)C2)cc1
c1ccc(C2=C(c3ccc4c(c3)[nH]c3c(oc5ccccc54)CC3)C2)cc1
c1ccc(C2=C(c3ccc4c(c3)[nH]ccoc3ccccc34)C2)cc1
c1ccc(C2=C(c3ccc4c(c3)[nH]ccoc3ccccc34)C2)cc1
c1ccc(C2=C(c3ccc4c(c3)[nH]ccoc3ccccc34)C2)cc1
c1ccc(C2=C(c3ccc4c(c3)[nH]ccoc3ccccc34)C2)cc1
c1ccc(C2=C(c3ccc4c(c3)[nH]ccoc3ccccc34)C2)cc1
C1=C(c2ccc3c(c2)[nH]cc(-c2ccccc2)oc2ccccc23)C1
C1=C(c2ccc3c(c2)[nH]cc(-c2ccccc2)oc2ccccc23)C1
C1=C(c2ccc3c(c2)[nH]cc(-c2ccccc2)oc2ccccc23)C1
c1ccc(-c2c[nH]c3ccccc3c3ccccc3o2)cc1
C(=C1CCC1)c1ccc2c(c1)[nH]cc(-c1ccccc1)oc1ccccc12
C(=C1CC1)c1ccc2c(c1)[nH]cc(-c1ccccc1)oc1ccccc12
C(=C1CC1)c1ccc2c(c1)[nH]cc(-c1ccccc1)oc1ccccc12
C(=C1CCC1)c1ccc2c(c1)[nH]cc(-c1ccccc1)oc1ccccc12
C(=C1CC1)c1ccc2c(c1)[nH]cc(-c1ccccc1)oc1ccccc12
C(=C1CC1)c1ccc2c(c1)[nH]cc(-c1ccccc1)oc1ccccc12
C(=C1CC1)c1ccc2c(c1)[nH]cc(-c1ccccc1)oc1ccccc12
C(=C1CN1)c1ccc2c(c1)[nH]cc(-c1ccccc1)oc1ccccc12
C(=C1CN1)c1ccc2c(c1)[nH]cc(-c1ccccc1)oc1ccccc12
C(=C1CN1)c1ccc2c(c1)[nH]cc(-c1ccccc1)oc1ccccc12
C(=C1CN1)c1ccc2c(c1)[nH]cc(-c1ccccc1)oc1ccccc12
C(=C1CN1)c1ccc2c(c1)[nH]cc(-c1ccccc1)oc1ccccc12
C(=C1CN1)c1ccc2c(c1)[nH]cc(-c1ccccc1)oc1ccccc12
C(=C1CN1)c1ccc2c(c1)[nH]cc(-c1ccccc1)oc1ccccc12
C(=C1CN1)c1ccc2c(c1)[nH]cc(-c1ccccc1)oc1ccccc12
C(=C1CN1)c1ccc2c(c1)[nH]cc(-c1ccccc1)oc1ccccc12
C(=C1CN1)c1ccc2c(c1)[nH]cc(-c1ccccc1)oc1ccccc12
C(=C1CN1)c1ccc2c(c1)[nH]cc(-c1ccccc1)oc1ccccc12
C(=C1CN1)c1ccc2c(c1)[nH]cc(-c1ccccc1)oc1ccccc12
C(=C1CN1)c1ccc2c(c1)[nH]cc(-c1ccccc1)oc1ccccc12
C(=C1CN1)c1ccc2c(c1)[nH]cc(-c1ccccc1)oc1ccccc12
C(=C1CN1)c1ccc2c(c1)[nH]cc(-c1ccccc1)oc1ccccc12
C(=C1CN1)c1ccc2c(c1)[nH]cc(-c1ccccc1)oc1ccccc12
C(=C1CN1)c1ccc2c(c1)[nH]cc(-c1ccccc1)oc1ccccc12
C(=C1CN1)c1ccc2c(c1)[nH]cc(-c1ccccc1)oc1ccccc12
C(=C1CN1)c1ccc2c(c1)CC=C(c1ccccc1)Oc1ccccc1-2
C(=C1CN1)c1ccc2c(c1)C=C(c1ccccc1)Oc1ccccc1-2
C(=C1CN1)c1ccc2c(c1)C=C(c1ccccc1)Oc1ccccc1-2
C(=C1CN1)c1ccc2c(c1)C(=Cc1ccccc1)Oc1ccccc1-2
C(=C1Oc2ccccc2-c2ccc(C3CN3)cc21)c1ccccc1
C(=C1Oc2ccccc2-c2ccc(C3CN3)cc21)c1ccccc1
C(=C1Oc2ccccc2-c2ccc(C3CN3)cc21)c1ccccc1
C(=C1Oc2ccccc2-c2ccc(NC3CN3)cc21)c1ccccc1
C(=C1Oc2ccccc2-c2ccc(NC3CN3)cc21)c1ccccc1
C(=C1Oc2ccccc2-c2ccc(NC3CN3)cc21)c1ccccc1
C(=C1Oc2ccccc2-c2ccc(NC3CN3)cc21)c1ccccc1
C(=C1Oc2ccccc2-c2ccc(NC3CN3)cc21)c1ccccc1
C(=C1Oc2ccccc2-c2ccc(NC3CC3)cc21)c1ccccc1
C1=CC1Nc1ccc2c(c1)C(=Cc1ccccc1)Oc1ccccc1-2
C1=CC1Nc1ccc2c(c1)C(=Cc1ccccc1)Oc1ccccc1-2
C1=CC1Nc1ccc2c(c1)C(=Cc1ccccc1)Oc1ccccc1-2
C1=CC1Nc1ccc2c(c1)C(=Cc1ccccc1)Oc1ccccc1-2
C1=Cc2c(ccc3c2C(=Cc2ccccc2)Oc2ccccc2-3)NC1
C1=Cc2c(ccc3c2C(=Cc2ccccc2)Oc2ccccc2-3)NC1
C1=Cc2c(ccc3c2C(=Cc2ccccc2)Oc2ccccc2-3)NC1
C1=Cc2c(ccc3c2C(=Cc2ccccc2)Oc2ccccc2-3)NC1
C1=Cc2c(ccc3c2C(=Cc2ccccc2)Oc2ccccc2-3)NC1
C1=Cc2c(ccc3c2C(=Cc2ccccc2)Oc2ccccc2-3)NC1
C(=C1Oc2ccccc2-c2ccc3[nH]ccc3c21)c1ccccc1
C(=C1Oc2ccccc2-c2ccc3[nH]ccc3c21)c1ccccc1
C(=C1Oc2ccccc2-c2ccc3[nH]ccc3c21)c1ccccc1
C(=C1Oc2ccccc2-c2ccc3[nH]ccc3c21)c1ccccc1
C(=C1Oc2ccccc2-c2ccc3[nH]ccc3c21)c1ccccc1
C(=C1Oc2ccccc2-c2ccc3[nH]cc(C4CNC4)c3c21)c1ccccc1
C(=C1Oc2ccccc2-c2ccc3[nH]cc(C4CNC4)c3c21)c1ccccc1
C(=C1Oc2ccccc2-c2ccc3[nH]cc(C4CN4)c3c21)c1ccccc1
C(=C1Oc2ccccc2-c2ccc3[nH]cc(C4CN4)c3c21)c1ccccc1
C(=C1Oc2ccccc2-c2ccc3[nH]ccc3c21)c1ccccc1
C(=C1Oc2ccccc2-c2ccc3[nH]ccc3c21)c1ccccc1
C(=C1Oc2ccccc2-c2ccc3[nH]ccc3c21)c1ccccc1
C(=C1Oc2ccccc2-c2ccc3[nH]ccc3c21)c1ccccc1
C1=CC(c2cccc3c2C(=Cc2ccccc2)Oc2ccccc2-3)=C1
C1=CC(c2cccc3c2C(=Cc2ccccc2)Oc2ccccc2-3)=C1
C(=C1Oc2ccccc2-c2ccc3ccccc3c21)c1ccccc1
C(=C1Oc2ccccc2-c2ccc3ccccc3c21)c1ccccc1
C(=C1Oc2ccccc2-c2ccc3ccccc3c21)c1ccccc1
C(=C1Oc2ccccc2-c2ccc3ccccc3c21)c1ccccc1
C(=C1Oc2ccccc2-c2ccc3ccccc3c21)c1ccccc1
C(=C1Oc2ccccc2-c2ccc3ccccc3c21)c1ccccc1
C(=C1Oc2ccccc2-c2ccc3ccccc3c21)c1ccccc1
C(=C1Oc2ccccc2-c2ccc3ccccc3c21)c1ccccc1
C(=C1Oc2ccccc2-c2ccc3ccccc3c21)c1ccccc1
C(=C1Oc2ccccc2-c2ccc3ccccc3c21)c1ccccc1
C(=C1Oc2ccccc2-c2ccc3ccccc3c21)c1ccccc1
C(=C1Oc2ccccc2-c2ccc3ccccc3c21)c1ccccc1
C(=C1Oc2ccccc2-c2cccc(-c3ccccc3)c21)c1ccccc1
C(=C1Oc2ccccc2-c2ccccc21)c1ccc(-c2ccccc2)cc1
C(=C1Oc2ccccc2-c2ccccc21)c1ccc(-c2ccccc2)cc1
C(=C1Oc2ccccc2C2=CCCC=C12)c1ccc(-c2ccccc2)cc1
C(=C1Oc2ccccc2C2=CCCC=C12)c1ccc(-c2ccccc2)cc1
C(=C1Oc2ccccc2C2=CCCC=C12)c1ccc(-c2ccccc2)cc1
C(=C1Oc2ccccc2C2=CCCCC=C12)c1ccc(-c2ccccc2)cc1
C1=CCC=C2C(=Cc3ccc(-c4ccccc4)cc3)Oc3ccccc3C2=C1
C1=CCC=C2C(=Cc3ccc(-c4ccccc4)cc3)Oc3ccccc3C2=C1
C(=C1Oc2ccccc2-c2ccccc21)c1ccc(-c2ccccc2)cc1
C(=C1Oc2ccccc2-c2ccccc21)c1ccc(-c2ccccc2)cc1
C(=C1Oc2ccccc2-c2ccccc21)c1ccc(-c2ccccc2)cc1
C(=C1Oc2ccccc2-c2ccccc21)c1ccc(-c2ccccc2)cc1
C(=C1Oc2ccccc2-c2ccccc21)c1ccc(-c2ccccc2)cc1
C(=C1Oc2ccccc2-c2ccccc21)c1ccc(-c2ccccc2)cc1
C(=C1Oc2ccccc2-c2ccccc21)c1ccc(-c2ccccc2)cc1
C(=C1Oc2ccccc2-c2ccccc21)c1ccc(-c2ccccc2)cc1
C(=C1Oc2ccccc2-c2ccccc21)c1ccc(-c2ccccc2)cc1
C(=C1Oc2ccccc2-c2ccccc21)c1ccc(-c2ccccc2)cc1
C(=C1Oc2ccccc2-c2ccccc21)c1ccc(-c2ccccc2)cc1
C(=C1Oc2ccccc2-c2ccccc21)c1ccc(-c2ccccc2)cc1
C(=C1Oc2ccccc2-c2ccccc21)c1ccc(-c2ccccc2)cc1
C(=C1Oc2ccccc2-c2ccc3c(c21)CCCN3)c1ccc(-c2ccccc2)cc1
C(=C1Oc2ccccc2-c2ccc3c(c21)CCCN3)c1ccc(-c2ccccc2)cc1
C(=C1Oc2ccccc2-c2ccc3c(c21)CCCN3)c1ccc(-c2ccccc2)cc1
C=C1CCNc2ccc3c(c21)C(=Cc1ccc(-c2ccccc2)cc1)Oc1ccccc1-3
C=C1CCNc2ccc3c(c21)C(=Cc1ccc(-c2ccccc2)cc1)Oc1ccccc1-3
C(=C1Oc2ccccc2-c2ccc3c(c21)CCCN3)c1ccc(-c2ccccc2)cc1
C1=Cc2c(ccc3c2C(=Cc2ccc(-c4ccccc4)cc2)Oc2ccccc2-3)NC1
O=C(Nc1cnccn1)c1ccc2c(c1)CCC1CCCCC21Cc1ccccc1
O=C(Nc1cnc(Cc2ccccc2)cn1)c1ccc2c(c1)CCC1CCCCC21
O=C(Nc1cnc(-c2ccccc2)cn1)c1ccc2c(c1)CCC1CCCCC21
O=C(Nc1cnc(-c2ccccc2)cn1)c1ccc2c(c1)CCCC2
O=C1c2cc3c(cc2N1c1cnc(-c2ccccc2)cn1)CCCC3
O=C1c2cc3c(cc2N1c1cnc(-c2ccccc2)cn1)CCCC3
O=C1c2cc3c(cc2N1c1cnc(-c2ccccc2)cn1)CCCCC3
O=C1c2cc3c(cc2N1c1cnc(-c2ccccc2)cn1)CCCCC3
O=C1c2cc3c(cc2N1c1cnc(-c2ccccc2)cn1)CCCCC3
O=C1c2cc3c(cc2N1c1cnc(-c2ccccc2)cn1)CCCCC3
O=C1c2cc3c(cc2N1c1ccc(-c2ccccc2)nc1)CCCCC3
O=C1c2cc3c(cc2N1c1ccc(-c2ccccc2)nc1)CCCCC3
O=C1C2=C(C=C3CCCCCC3C=C2)N1c1ccc(-c2ccccc2)nc1
O=C1C2=C(C=C3CCCCCC3C=C2)N1c1ccc(-c2ccccc2)nc1
O=C1C2=C(C=C3CCCCCC3C=C2)N1c1ccc(-c2ccccc2)cc1
C1=CC2CCCCCC2=CC2=C1CN2c1ccc(-c2ccccc2)cc1
C1=CC2CCCCCC2=CC2=C1N2c1ccc(-c2ccccc2)cc1
C1=CC2=C(C=C3CCCCCC3C1)N2c1ccc(-c2ccccc2)cc1
C1=CC2=C(C=C3CCCCC3C1)N2c1ccc(-c2ccccc2)cc1
C1=CC2=C(C=C3CCCCC3C1)N2c1ccc(-c2ccccc2)cc1
C1=CC2=C(C=C3CCCCC3C1)N2c1ccc(-c2ccccc2)cc1
C1=CC2=C(C=C3CCCCC3C1)N2c1ccc(-c2ccccc2)cc1
C1=CC2=C(C=C3CCCCC3C1)N2c1ccc(-c2ccccc2)cc1
C1=CC2=C(C=C3CCCCC3C1)N2c1ccc(-c2ccccc2)cc1
C1=CC2=C(C=C3CCCCC3C1)N2c1ccc(-c2ccccc2)cc1
C1=CC2=C(C=C3CCCCC3C1)N2c1ccc(-c2ccccc2)cc1
C1=C2CCCCC2CCC2=C1N2c1ccc(-c2ccccc2)cc1
C1=C2CCCCC2CCC2=C1N2c1ccc(-c2ccccc2)cc1
C1=C2CCCCC2CCC2=C1N2c1ccc(-c2ccccc2)cc1
C1=C2CCCCC2CC2=C1N2c1ccc(-c2ccccc2)cc1
C1=C2CCCCC2CC2=C1N(c1ccc(-c3ccccc3)cc1)C2
C1=C2CCCCC2CC2=C1N(c1ccc(-c3ccccc3)cc1)CC2
C1=C2CCCCC2CC2=C1N(c1ccc(-c3ccccc3)cc1)CC2
C1=C2CCCCC2CC2=C1N(c1ccc(-c3ccccc3)cc1)C2
C1=C2CCCCC2CC2=C1N(c1ccc(-c3ccccc3)cc1)C2
C1=C2CCCCC2CC2=C1N(c1ccc(-c3ccccc3)cc1)C2
S=C1C2=C(C=C3CCCCC3C2)N1c1ccc(-c2ccccc2)cc1
S=C1C2=C(C=C3CCCCCC3C2)N1c1ccc(-c2ccccc2)cc1
S=C1C2=C(C=C3CCCCCCC3C2)N1c1ccc(-c2ccccc2)cc1
S=C1CN(c2ccc(-c3ccccc3)cc2)C2=C1CC1CCCCCCC1=C2
S=C1CN(c2ccc(-c3ccccc3)cc2)C2=C1CC1CCCCCCC1=C2
C1=C2CCCCCCC2CC2=C1N(c1ccc(-c3ccccc3)cc1)CC2
C1=C2CCCCCC2CC2=C1N(c1ccc(-c3ccccc3)cc1)CC2
C1=C2CCCCC2CC2=C1N(c1ccc(-c3ccccc3)cc1)CC2
C1=C2CCCCC2CC2=C1N(c1ccc(-c3ccccc3)cc1)CC2
C1=C2CCCCC2CC2=C1N(c1ccc(-c3ccccc3)cc1)CC2
C1=C2CCCCC2Cc2ccn(-c3ccc(-c4ccccc4)cc3)c21
C1=C2CCCCC2Cc2ccn(-c3ccc(-c4ccccc4)cc3)c21
C1=C2CCCCC2Cc2ccn(-c3ccc(-c4ccccc4)cc3)c21
C1=C2CCCCC2Cc2ccn(-c3ccc(-c4ccccc4)cc3)c21
C1=C2CCCCC2Cc2cnn(-c3ccc(-c4ccccc4)cc3)c21
C1=C2CCCCC2Cc2cnn(-c3ccc(-c4ccccc4)cc3)c21
C1=C2CCCC(CC3CC3)C2Cc2cnn(-c3ccc(-c4ccccc4)cc3)c21
C1=C2CCCC(CC3CC3)C2Cc2cnn(-c3ccc(-c4ccccc4)cc3)c21
C1=C2CCCC(CC3CC3)C2Cc2cnn(-c3ccc(-c4ccccc4)cc3)c21
C1=C2CCCC(CC3CC3)C2Cc2cnn(-c3ccc(-c4ccccc4)cc3)c21
C1=C2CCCC(CC3CCC3)C2Cc2cnn(-c3ccc(-c4ccccc4)cc3)c21
C1=C2CCCC(CC3CCC3)C2Cc2cnn(-c3ccc(-c4ccccc4)cc3)c21
C1=C2CCCC(CC3CC3)C2Cc2cnn(-c3ccc(-c4ccccc4)cc3)c21
C1=C2CCCC(CC3CC3)C2Cc2cnn(-c3ccc(-c4ccccc4)cc3)c21
C1=CC1CC1CCCC2=Cc3c(cnn3-c3ccc(-c4ccccc4)cc3)CC21
C1=CC1CC1CCCC2=Cc3c(cnn3-c3ccc(-c4ccccc4)cc3)CC21
C1=C(CC2CCCC3=Cc4c(cnn4-c4ccc(-c5ccccc5)cc4)CC32)C1
C1=C(CC2CCCC3=Cc4c(cnn4-c4ccc(-c5ccccc5)cc4)CC32)C1
C1=C(CC2CCCC3=Cc4c(cnn4-c4ccc(-c5ccccc5)cc4)CC32)CC1
C1=C(CC2CCCC3=Cc4c(cnn4-c4ccc(-c5ccccc5)cc4)CC32)CC1
C1=C(CC2CCCC3=Cc4c(cnn4-c4ccc(-c5ccccc5)cc4)CC32)CC1
C1=C2CCCC(CC3=C(c4ccccc4)CC3)C2Cc2cnn(-c3ccccc3)c21
C1=C2CCCC(CC3=C(c4ccccc4)CC3)C2Cc2cnn(-c3ccccc3)c21
C1=C2CCCC(CC3=C(c4ccccc4)CC3)C2Cc2cnn(-c3ccccc3)c21
C1=C2CCCC(CC3=C(c4ccccc4)CC3)C2Cc2cnn(-c3ccccc3)c21
C1=C2CCCC(CCC3=C(c4ccccc4)CC3)C2Cc2cnn(-c3ccccc3)c21
C1=C2CCCC(CCC3=C(c4ccccc4)C3)C2Cc2cnn(-c3ccccc3)c21
C1=C2CCCC(CCC3=C(c4ccccc4)C3)C2Cc2cnn(-c3ccccc3)c21
C1=C2CCCC(CCC3=C(c4ccccc4)C3)C2Cc2cnn(-c3ccccc3)c21
C1=C(c2cccc(CC3CCCC4=Cc5c(cnn5-c5ccccc5)CC43)c2)C1
C1=C(c2cccc(CC3CCCC4=Cc5c(cnn5-c5ccccc5)CC43)c2)CO1
C1=C(c2cccc(CC3CCCC4=Cc5c(cnn5-c5ccccc5)CC43)c2)O1
C1=C2CCCC(Cc3ccccc3)C2Cc2cnn(-c3ccccc3)c21
C1=C2CCCC(Cc3ccccc3)C2Cc2cnn(-c3ccccc3)c21
C1=C2CCCC(Cc3cc4ccc3-4)C2Cc2cnn(-c3ccccc3)c21
C1=C2CCCC(Cc3cc4c5ccc5c34)C2Cc2cnn(-c3ccccc3)c21
C1=C2CCCC(Cc3cc4c5ccc5c34)C2Cc2cnn(-c3ccccc3)c21
C1=C(CC2CCCC3=Cc4c(cnn4-c4ccccc4)CC32)c2ccccc21
C1=C(CC2CCCC3=Cc4c(cnn4-c4ccccc4)CC32)c2ccccc21
C1=C(CC2CCCC3=Cc4c(cnn4-c4ccccc4)CC32)c2ccccc21
C1=C(CC2CCCC3=Cc4c(cnn4-c4ccccc4)CC32)c2ccccc21
C1=C2CCCC(Cc3cc4ccccc4s3)C2Cc2cnn(-c3ccccc3)c21
C1=C2CCCC(Cc3cc4ccccc4s3)C2Cc2cnn(-c3ccccc3)c21
O=C(Nc1cnccn1)c1ccc2c(c1)CCC1CCCCC21Cc1ccccc1
O=C(Nc1cnccn1)c1ccc2c(c1)CCC1CCCCC21Cc1ccccc1
O=C(Nc1cnccn1)c1ccc2c(c1)CCC1CCCCC21Cc1ccccc1
c1ccc(CC23CCCCC2CCc2cc(-c4cnccn4)ccc23)cc1
c1ccc(CC23CCCCC2CCc2cc(-c4cnccn4)ccc23)cc1
c1ccc(CC23CCCCC2CCc2cc(-c4ccccn4)ccc23)cc1
c1ccc(CC23CCCCC2CCc2cc(-c4ccccc4)ccc23)cc1
c1ccc(CC23CCCCC2CCc2cc(-c4ccccc4)ccc2N3)cc1
c1ccc(CC23CCCCC2CCc2cc(-c4ccccc4)ccc2N3)cc1
c1ccc(-c2ccc3c(c2)CCC2CCCCC2(c2ccccc2)N3)cc1
c1ccc(-c2ccc3c(c2)CCC2CCCCC2(c2ccccc2)N3)cc1
c1ccc(-c2ccc3c(c2)CCC2CCCCC2(c2ccccc2)N3)cc1
c1ccc(-c2ccc3c(c2)CCC2CCCCC2(c2ccccc2)N3)cc1
c1ccc(-c2ccc3c(c2)CCC2CCCCCC2(c2ccccc2)N3)cc1
c1ccc(-c2ccc3c(c2)CCC2CCCCCC2(c2ccccc2)CN3)cc1
c1ccc(-c2ccc3c(c2)CCC2CCCCCC2(c2ccccc2)CN3)cc1
c1ccc(-c2ccc3c(c2)CCC2CCCCCC2(c2ccccc2)CN3)cc1
c1ccc(-c2ccc3c(c2)CCC2CCCCCC2(c2ccccc2)CN3)cc1
c1ccc(-c2ccc3c(c2)CC2CCCCCC2(c2ccccc2)CN3)cc1
c1ccc(-c2ccc3c(c2)CC2CCCCNC2(c2ccccc2)CN3)cc1
c1ccc(-c2ccc3c(c2)CC2CCCCNC2(c2ccccc2)CN3)cc1
c1ccc(-c2ccc3c(c2)CC2CCCCNC2(c2ccccc2)CN3)cc1
c1ccc(-c2ccc3c(c2)CC2CCCCNC2(c2ccccc2)CN3)cc1
c1ccc(-c2ccc3c(c2)CC2CCCCNC2(c2ccccc2)CN3)cc1
c1ccc(-c2ccc3c(c2)CC2CCCCNC2(c2ccccc2)CN3)cc1
c1ccc(-c2ccc3c(c2)CC2CCCCNC2(c2ccccc2)CN3)cc1
c1ccc(-c2ccc3c(c2)CC2CCCCNC2(c2ccccc2)CN3)cc1
c1ccc(-c2ccc3c(c2)CC2CCCCNC2(c2ccccc2)CN3)cc1
c1ccc(-c2ccc3c(c2)CC2CCCCNC2(c2ccccc2)CN3)cc1
c1ccc(C23CNc4ccc(-c5ccc6c(c5)N6)cc4CC2CCCCN3)cc1
c1ccc(C23CNc4ccc(-c5ccc6c(c5)N6)cc4CC2CCCCN3)cc1
c1ccc(C23CNc4ccc(-c5ccc6c(c5)N6)cc4CC2CCCCN3)cc1
c1ccc(C2CNc3ccc(-c4ccc5c(c4)N5)cc3C3CCCCC23)cc1
c1ccc(C2CNc3ccc(-c4ccc5c(c4)N5)cc3C3CCCCC23)cc1
c1ccc(C2CNc3ccc(-c4ccc5c(c4)N5)cc3N3CCCCC23)cc1
c1ccc(C2Nc3ccc(-c4ccc5c(c4)N5)cc3N3CCCCC23)cc1
c1ccc(C2Nc3ccc(-c4ccc5c(c4)N5)cc3N3CCCCC23)cc1
c1ccc(C2Nc3ccc(-c4ccc5c(c4)N5)cc3N3CCCCC23)cc1
c1ccc(C2Nc3ccc(-c4ccc5c(c4)N5)cc3N3CCCCCC23)cc1
c1ccc(C2Nc3ccc(-c4ccc5c(c4)N5)cc3N3CCCCCCC23)cc1
c1ccc(C2CN(C3CCCC3)c3cc(-c4ccc5c(c4)N5)ccc3N2)cc1
c1ccc(C2CN(C3CCC3)c3cc(-c4ccc5c(c4)N5)ccc3N2)cc1
c1ccc2c(c1)CNc1ccc(-c3ccc4c(c3)N4)cc1N2C1CCC1
c1ccc2c(c1)CNc1ccc(-c3ccc4c(c3)N4)cc1N2C1CCC1
c1ccc2c(c1)CNc1ccc(-c3ccc4c(c3)N4)cc1N2C1CCC1
c1ccc2c(c1)CNc1ccc(-c3ccc4c(c3)CN4)cc1N2C1CCC1
c1ccc2c(c1)CNc1ccc(-c3ccc4c(c3)CN4)cc1N2C1CCCC1
c1ccc2c(c1)CNc1ccc(-c3ccc4c(c3)CN4)cc1N2C1CCCC1
c1ccc2c(c1)CNc1ccc(-c3ccc4c(c3)CN4)cc1N2C1CCCC1
c1ccc2c(c1)CNc1ccc(-c3ccc4c(c3)CN4)cc1N2C1CCCC1
c1ccc2c(c1)Nc1ccc(-c3ccc4c(c3)CN4)cc1N2C1CCCC1
c1ccc2c(c1)Nc1ccc(-c3ccc4c(c3)N4)cc1N2C1CCCC1
c1ccc2c(c1)Nc1ccc(-c3ccc4c(c3)N4)cc1N2C1CCCC1
c1ccc2c(c1)Nc1ccc(-c3ccc4c(c3)N4)cc1N2C1CCCC1
C1=CC2=C(C1)N(C1CCCC1)c1cc(-c3ccc4c(c3)N4)ccc1N2
c1cc2c([nH]1)N(C1CCCC1)c1cc(-c3ccc4c(c3)N4)ccc1N2
C1=CN(C2CCCC2)c2cc(-c3ccc4c(c3)N4)ccc2N1
C1=CN(C2CCCCC2)c2cc(-c3ccc4c(c3)N4)ccc2N1
C1=CN(C2CCCCC2)c2cc(-c3ccc4c(c3)N4)ccc2N1
c1cc2c(cc1-c1ccc3c(c1)N(C1CCCCC1)C1=C(CCN1)N3)N2
c1cc2c(cc1-c1ccc3c(c1)N(C1CCCC1)C1=C(CCN1)N3)N2
C1=NC2=C(C1)Nc1ccc(-c3ccc4c(c3)N4)cc1N2C1CCCC1
C1=CC2=C(C1)Nc1ccc(-c3ccc4c(c3)N4)cc1N2C1CCCC1
C1=CN(C2CCCC2)c2cc(-c3ccc4c(c3)N4)ccc2N1
C1=CN(C2CCCC2)c2cc(-c3ccc4c(c3)N4)ccc2N1
C1=CN(C2CCCC2)c2cc(-c3ccc4c(c3)N4)ccc2N1
C1=CN(C2CCCC2)c2cc(-c3ccc4c(c3)N4)ccc2N1
C1=CN(C2CCCCC2)c2cc(-c3ccc4c(c3)N4)ccc2N1
C1=CN(C2CCCCC2)c2cc(-c3ccc4c(c3)N4)ccc2N1
C1=CN(C2CCCCC2)c2cc(-c3ccc4c(c3)N4)ccc2NC1
C1=CN(C2CCCC2)c2cc(-c3ccc4c(c3)N4)ccc2NC1
C1=CN(C2CCCC2)c2cc(-c3ccc4c(c3)N4)ccc2NC1
C1=CN(C2CCCC2)c2cc(-c3ccc4c(c3)N4)ccc2NC1
C1=CN(C2CCCCC2)c2cc(-c3ccc4c(c3)N4)ccc2NC1
C1=CN(C2CCCCC2)c2cc(-c3ccc4c(c3)N4)ccc2NC1
C1=CN(C2CCCCC2)c2cc(-c3ccc4c(c3)N4)ccc2NCC1
c1ccn(C2CCCCC2)c2cc(-c3ccc4c(c3)N4)ccc2[nH]c1
c1ccn(C2CCCCC2)c2cc(-c3ccc4c(c3)N4)ccc2[nH]c1
c1ccn(C2CCCCC2)c2cc(-c3ccc4c(c3)N4)ccc2[nH]c1
c1ccn(C2CCCCC2)c2cc(-c3ccc4c(c3)N4)ccc2[nH]c1
c1ccn(C2CCCCC2)c2cc(-c3ccc4c(c3)N4)ccc2[nH]c1
c1ccn(C2CCCCC2)c2cc(-c3ccc4c(c3)N4)ccc2[nH]c1
c1cc2c(cc1-c1ccc3[nH]c4c(ccn(C5CCCCC5)c3c1)CCCC4)N2
c1cc2c(cc1-c1ccc3[nH]c4c(ccn(C5CCCCC5)c3c1)CCC4)N2
c1cc2c(cc1-c1ccc3[nH]c4c(ccn(C5CCCC5)c3c1)CCC4)N2
c1cc2c(cc1-c1ccc3[nH]c4c(ccn(C5CCCC5)c3c1)CC4)N2
c1ccn(C2CCCC2)c2cc(-c3ccc4c(c3)N4)ccc2[nH]c1
c1ccn(C2CCCC2)c2cc(-c3ccc4c(c3)N4)ccc2[nH]c1
c1ccn(C2CCCC2)c2cc(-c3ccc4c(c3)N4)ccc2[nH]c1
c1ccn(C2CCCCC2)c2cc(-c3ccc4c(c3)N4)ccc2[nH]c1
c1ccn(C2CCCCC2)c2cc(-c3ccc4c(c3)CN4)ccc2[nH]c1
c1ccn(C2CCCCC2)c2cc(-c3ccc4c(c3)CN4)ccc2[nH]c1
c1ccn(C2CCCC2)c2cc(-c3ccc4c(c3)CN4)ccc2[nH]c1
c1ccc(-c2ccc3[nH]ccccn(C4CCCC4)c3c2)cc1
c1ccc(-c2ccc3[nH]ccccn(C4CCCC4)c3c2)cc1
c1ccn(C2CCCC2)c2cc(-c3ccc[nH]3)ccc2[nH]c1
c1ccn(C2CCCC2)c2cc(-c3ccc[nH]3)ccc2[nH]c1
c1ccn(C2CCCC2)c2cc(-c3ccc[nH]3)ccc2[nH]c1
c1ccn(C2CCCC2)c2cc(-c3ccc[nH]3)ccc2[nH]c1
C1=CN(C2CCCC2)c2cc(-c3ccc[nH]3)ccc2NC1
C1=CN(C2CCCCC2)c2cc(-c3ccc[nH]3)ccc2NC1
C=C1C=CN(C2CCCCC2)c2cc(-c3ccc[nH]3)ccc2N1
C=C1C=CN(C2CCCCC2)c2cc(-c3ccc[nH]3)ccc2N1
C=C1C=CN(C2CCCC2)c2cc(-c3ccc[nH]3)ccc2N1
C=C1C=CN(C2CCCC2)c2cc(-c3ccc[nH]3)ccc2N1
N=C1C=CN(C2CCCC2)c2cc(-c3ccc[nH]3)ccc2N1
S=C1C=CN(C2CCCC2)c2cc(-c3ccc[nH]3)ccc2N1
S=C1C=CN(C2CCCC2)c2cc(-c3ccc[nH]3)ccc2N1
S=c1[nH]ccn(C2CCCC2)c2cc(-c3ccc[nH]3)ccc2[nH]1
S=c1[nH]ccn(C2CCCC2)c2cc(-c3ccc[nH]3)ccc2[nH]1
S=C1NCN(C2CCCC2)c2cc(-c3ccc[nH]3)ccc2N1
S=C1NCN(C2CCCC2)c2cc(-c3ccc[nH]3)ccc2N1
S=C1NCNc2ccc(-c3ccc[nH]3)cc2N1C1CCCC1
S=C1NCNc2ccc(-c3ccc[nH]3)cc2N1C1CCCC1
S=c1[nH][nH][nH]c2ccc(-c3ccc[nH]3)cc2n1C1CCCC1
S=C1NNc2ccc(-c3ccc[nH]3)cc2N1C1CCCC1
S=C1NNc2ccc(-c3ccc[nH]3)cc2N1C1CCCC1
S=C1NNc2ccc(-c3ccc[nH]3)cc2N1C1CCC1
S=c1[nH]c2ccc(-c3ccc[nH]3)cc2n1C1CCC1
S=c1[nH]c2ccc(-c3ccc[nH]3)cc2n1C1CCCC1
O=C(Nc1cnccn1)c1ccc2c(c1)CCC1CCCCC21Cc1ccccc1
O=C(Nc1cnccn1)c1ccc2c(c1)CCC1CCCCC21Cc1ccccc1
O=C(Nc1cnccn1)c1cccc(CCC2CCCCC2Cc2ccccc2)c1
O=C(Nc1cnccn1)c1cccc(CCCCCCCCCc2ccccc2)c1
O=C(Nc1cnccn1)c1cccc(CCCCCCCCCc2ccccc2)c1
O=C(Nc1cnccn1)c1cccc(CCCCCCCCCc2ccccc2)c1
O=C(Nc1cnccn1)c1cccc(CCCCCCCCCc2ccccc2)c1
O=C(Nc1cnccn1)c1cccc(CCCCCCCCCc2ccccc2)c1
O=C(Nc1cnccn1)c1cccc(CCCCCCCCCc2ccccc2)c1
O=C(Nc1cnccn1)c1cccc(CCCCCCCCCc2ccccc2)c1
O=C(NCc1cnccn1)c1cccc(CCCCCCCCCc2ccccc2)c1
O=C(c1ccccc1)N(CCCCCCCCCc1ccccc1)Cc1cnccn1
O=C(c1ccccc1)N(CCCCCCCCCc1ccccc1)CCc1cnccn1
O=C(c1ccccc1)N(CCCCCCCCCc1ccccc1)CCc1ccccn1
O=C(c1ccccc1)N(CCCCCCCCCc1ccccc1)CCc1ccccn1
O=C(c1ccccc1)N(CCCCCCCCCc1ccccc1)CCc1ccccn1
O=C(c1ccccc1)N(CCCCCCNCCc1ccccc1)CCc1ccccn1
O=C(c1ccccc1)N(CCCCCNCCc1ccccc1)CCc1ccccn1
O=C(c1ccccc1)N(CCCCNCCc1ccccc1)CCc1ccccn1
O=C(c1ccccc1)N(CCCCNCCc1ccccc1)CCc1ccccn1
O=C(c1ccccc1)N(CCCNCCc1ccccc1)CCc1ccccn1
O=C(c1ccccc1)N(CCCNCCc1ccccc1)CCC1=CCC=N1
O=C(NCCCNCCc1ccccc1)c1ccccc1
O=C(NCCCNCc1ccccc1)c1ccccc1
C=C(NCCCNC(=O)c1ccccc1)c1ccccc1
C=C(Cc1ccccc1)NCCCNC(=O)c1ccccc1
C=C(Cc1ccccc1)NCCCNC(=O)c1ccccc1
C=C(Cc1ccccc1)NCCCNC(=O)c1ccccc1
O=C(NCCCNCCc1ccccc1)c1ccccc1
O=C(NCCCNCNc1ccccc1)c1ccccc1
O=C(NCCCNCCNc1ccccc1)c1ccccc1
O=C(NCCCNC1CCN(c2ccccc2)C1)c1ccccc1
O=C(NCCCNC12CC1CN(c1ccccc1)C2)c1ccccc1
O=C(NCCCNC12CC1CN2c1ccccc1)c1ccccc1
O=C(NCCCNC1CCN1c1ccccc1)c1ccccc1
O=C(NCCCNC1CN1c1ccccc1)c1ccccc1
O=C(NCCCNC1CN1c1ccccc1)c1ccccc1
O=C(NCCCNCC1CN1c1ccccc1)c1ccccc1
O=C(NCCCNC=C1CN1c1ccccc1)c1ccccc1
O=C(NCCCNC=C1CN1c1ccccc1)c1ccccc1
O=C(NCCCNC=C1CN1c1ccccc1)c1ccccc1
O=C(NCCCNC=C1CN1c1ccccc1)c1ccccc1
O=C(NCCCNC=C1CNN1c1ccccc1)c1ccccc1
O=C(NCCCNC=C1C=NN1c1ccccc1)c1ccccc1
O=C(NCCCNC=C1C=NN1c1ccccc1)c1ccccc1
O=C(NCCCNC=C1C=NN1c1ccccc1)c1ccccc1
O=C(NCCCNc1cnn(-c2ccccc2)c1)c1ccccc1
O=C(NCCCNc1cnn(-c2ccccc2)c1)c1ccccc1
O=C(NCCCNCc1cnn(-c2ccccc2)c1)c1ccccc1
O=C(NCCCNCc1cnn(-c2ccccc2)c1)c1ccccc1
O=C(NCCCNC1CCNc2c1cnn2-c1ccccc1)c1ccccc1
O=C(NCCCNCc1cnn(-c2ccccc2)c1)c1ccccc1
C=C(NCCCNC(=O)c1ccccc1)c1cnn(-c2ccccc2)c1
C=C(NCCCNC(=O)c1ccccc1)c1cnn(-c2ccccc2)c1
C=C(NCCCNC(=O)c1ccccc1)c1cnn(-c2ccccc2)c1
C=C(NCCCNC(=O)c1ccccc1)c1cnn(-c2ccccc2)c1
C=C(NCCCNC(=O)c1ccccc1)c1cnn(-c2ccccc2)c1
C=C(NCCCNC(=O)c1ccccc1)c1cnn(-c2ccccc2)c1
O=C(NCCCNC(=O)c1cnn(-c2ccccc2)c1)c1ccccc1
O=C(NCCCNC(=O)c1cnn(-c2ccccc2)c1)c1ccccc1
O=C(NCCCNC(=O)c1cnn(-c2ccccc2)c1)c1ccccc1
O=C(NCCCNC(=O)c1cnn(-c2ccccc2)c1)c1ccccc1
O=C(NCCCNC(=O)c1cnn(-c2ccccc2)c1)c1ccccc1
O=C(NCCCNC(=O)c1cnn(-c2ccccc2)c1)c1ccccc1
O=C(NCCCNC(=O)c1cnn(-c2ccccc2)c1)c1ccccc1
O=C(NCCCNC(=O)c1cnn(-c2ccccc2)c1)c1ccccc1
O=C(Nc1cnccn1)c1ccc2c(c1)CCC1CCCCC21Cc1ccccc1
O=C(Nc1cnccn1)c1ccc2c(c1)CCCC2Cc1ccccc1
O=C(Nc1cnccn1)c1ccc2c(c1)CCCC2Cc1cccnc1
O=C(Nc1cnccn1)c1ccc(CCc2cccnc2)cc1
O=C(Nc1ccccn1)c1ccc(CCc2cccnc2)cc1
O=C(Cc1cccnc1)c1ccc(CCc2cccnc2)cc1
O=C(Cc1cccnc1)c1ccc(CCCCCc2cccnc2)cc1
O=C(Cc1cccnc1)c1ccc(CCCCc2cccnc2)cc1
O=C(Cc1cccnc1)c1ccc(CCCCc2cccnc2)cc1
O=C(c1ccc(CCCCc2cccnc2)cc1)c1cccnc1
O=C(c1ccc(CCCCc2cccnc2)cc1)c1cccnc1
c1cncc(CCCCc2cccc(-c3cccnc3)c2)c1
c1cncc(CCCCc2cccc(-c3cccnc3)c2)c1
c1cncc(CCCCc2cccc(-c3cccnc3)c2)c1
c1cncc(CCCCc2cccc(-c3cccnc3)c2)c1
c1cncc(-c2cccc(CCCCc3cncnc3)c2)c1
c1cncc(-c2cccc(CCCCc3cncnc3)c2)c1
c1cncc(-c2cccc(CCCCc3ccncn3)c2)c1
c1cncc(-c2cccc(CCCCc3ccncn3)c2)c1
c1cncc(-c2cccc(CCCCc3ccncn3)c2)c1
c1cncc(-c2cccc(CCCCc3ccncc3)c2)c1
c1cncc(-c2cccc(CCCCc3ccncc3)c2)c1
c1cncc(-c2cccc(CCCCc3ccncc3)c2)c1
c1cncc(-c2cccc(CCCCc3ccncc3)c2)c1
c1cncc(-c2cccc(CCCCc3ccncc3)c2)c1
c1cncc(-c2cccc(CCCCc3ccncc3)c2)c1
c1cncc(-c2cccc(CCCCc3ccncc3)c2)c1
c1cncc(-c2cccc(CCCCc3ccncc3)c2)c1
c1cncc(-c2cccc(CCCCc3ccncc3)c2)c1
c1cncc(-c2cccc(CCCCc3ccncc3)c2)c1
c1cncc(-c2cccc(CCCCc3ccncc3)c2)c1
c1cncc(-c2cccc(CCCCc3ccncc3)c2)c1
c1cncc(-c2cccc(CCCCc3ccncc3)c2)c1
c1cncc(-c2cccc(CCCCc3ccncc3)c2)c1
c1cncc(-c2cccc(CCCCc3ccncc3)c2)c1
c1cncc(-c2cccc(CCCCc3ccncc3)c2)c1
C=C(c1cnccc1CCCCc1cccc(-c2cccnc2)c1)C1CC1
C=C(c1cnccc1CCCCc1cccc(-c2cccnc2)c1)C1CC1
c1cncc(-c2cccc(CCCCc3ccncc3)c2)c1
c1cncc(-c2cccc(CCCCc3ccncc3)c2)c1
c1cncc(-c2cccc(CCCCc3ccncc3)c2)c1
c1cncc(-c2cccc(CCCCc3ccncc3)c2)c1
c1cncc(-c2cccc(CCCCc3ccncc3)c2)c1
c1cncc(-c2cccc(CCCCc3ccncc3)c2)c1
c1cncc(-c2cccc(CCCCc3ccncc3)c2)c1
c1cncc(-c2cccc(CCCCc3ccncc3)c2)c1
c1cncc(-c2cccc(CCCCc3ccncc3)c2)c1
c1cncc(-c2cccc(CCCCc3ccncc3)c2)c1
c1cncc(-c2cccc(CCCCc3ccncc3)c2)c1
c1cncc(-c2cccc(CCCCc3ccncc3)c2)c1
c1cncc(-c2cccc(CCCCc3ccncc3)c2)c1
c1cncc(-c2cccc(CCCCc3ccncc3)c2)c1
c1cncc(-c2cccc(CCCCc3ccncc3)c2)c1
c1cncc(-c2cccc(CCCCc3ccncc3)c2)c1
c1cncc(-c2cccc(CCCCc3ccncc3)c2)c1
O=C(CC1CC1)Nc1cnccc1CCCCc1cccc(-c2cccnc2)c1
O=C(CC1CC1)Nc1cnccc1CCCCc1cccc(-c2cccnc2)c1
O=C(Nc1cnccc1CCCCc1cccc(-c2cccnc2)c1)C1C2CC21
O=C(Nc1cnccc1CCCCc1cccc(-c2cccnc2)c1)C1C2CCC21
O=C(Nc1cnccc1CCCCc1cccc(-c2cccnc2)c1)C1C2CCC21
O=C(Nc1cnccc1CCCCc1cccc(-c2cccnc2)c1)C1C2CC21
O=C(CC12CC1C2)Nc1cnccc1CCCCc1cccc(-c2cccnc2)c1
O=C(Nc1cnccc1CCCCc1cccc(-c2cccnc2)c1)C12CC1C2
O=C(Nc1cnccc1CCCCc1cccc(-c2cccnc2)c1)C12CC1C2
O=C(Nc1cnccc1CCCCc1cccc(-c2cccnc2)c1)C1CC1
O=C(Nc1cnccc1CCCCc1cccc(-c2cccnc2)c1)C1CCC1
c1cncc(-c2cccc(CCCCc3ccncc3)c2)c1
c1cncc(-c2cccc(CCCCc3ccncc3)c2)c1
O=C(Nc1cnccc1CCCCc1cccc(-c2cccnc2)c1)C1CN1
O=C(CC1CN1)Nc1cnccc1CCCCc1cccc(-c2cccnc2)c1
O=C(Nc1cnccc1CCCCc1cccc(-c2cccnc2)c1)C1CN1
O=C(Nc1cnccc1CCCCc1cccc(-c2cccnc2)c1)C1CN1
O=C(Nc1cnccc1CCCCc1cccc(-c2cccnc2)c1)C1CC1
O=C(Nc1cnccc1CCCCc1cccc(-c2cccnc2)c1)C1CC1
O=C(Nc1cnccc1CCCCc1cccc(-c2cccnc2)c1)C1CC1
O=C(Nc1cnccc1CCCCc1cccc(-c2cccnc2)c1)C1CC1
c1cncc(-c2cccc(CCCCc3ccncc3)c2)c1
c1cncc(-c2cccc(CCCCc3ccncc3)c2)c1
c1cncc(-c2cccc(CCCCc3ccncc3)c2)c1
O=C(CC1CCC1)Nc1cnccc1CCCCc1cccc(-c2cccnc2)c1
O=C(Nc1cnccc1CCCCc1cccc(-c2cccnc2)c1)C1CCC1
O=C(Nc1cnccc1CCCCc1cccc(-c2cccnc2)c1)C1CCC1
O=C(Nc1cnccc1CCCCc1cccc(-c2cccnc2)c1)C1C=CC1
O=C(Nc1cnccc1CCCCc1cccc(-c2cccnc2)c1)C1C=CC1
O=C(Nc1cnccc1CCCCc1cccc(-c2cccnc2)c1)C1=CCC1
O=C(Nc1cnccc1CCCCc1cccc(-c2cccnc2)c1)C1=CCC1
O=C(Nc1cnccc1CCCCc1cccc(-c2cccnc2)c1)C1=CC1
O=c1cc1CNc1cnccc1CCCCc1cccc(-c2cccnc2)c1
O=c1cc1CNc1cnccc1CCCCc1cccc(-c2cccnc2)c1
O=c1cc1Nc1cnccc1CCCCc1cccc(-c2cccnc2)c1
O=c1cc1Nc1cnccc1CCCCCc1cccc(-c2cccnc2)c1
c1cncc(-c2cccc(CCCCc3c[nH]c4cnccc34)c2)c1
c1cncc(-c2cccc(CCCCc3c[nH]c4cnccc34)c2)c1
c1cncc(-c2cccc(CCCCc3c[nH]c4cnccc34)c2)c1
c1cncc(-c2cccc(CCCCOCc3cc4ccncc4[nH]3)c2)c1
c1cncc(-c2cccc(CCCOCc3cc4ccncc4[nH]3)c2)c1
c1cncc(-c2cccc(CCCOc3cc4ccncc4[nH]3)c2)c1
c1cncc(-c2cccc(CCCCc3cc4ccncc4[nH]3)c2)c1
O=C(Nc1cnccn1)c1ccc2c(c1)CCC1CCCCC21Cc1ccccc1
O=C(Nc1cccnc1)c1ccc2c(c1)CCC1CCCCC21Cc1ccccc1
O=C(Nc1cccnc1)c1ccc2c(c1)CCC1CCCCC21Cc1ccccc1
O=C(Nc1cccnc1)c1ccc2c(c1)CCCC2Cc1ccccc1
O=C(Nc1cccnc1)c1ccc(C(Cc2ccccc2)C2CCC2)cc1
O=C(Nc1cccnc1)c1ccc(C(Cc2ccccc2)C2CCC2)cc1
O=C(Nc1cccnc1)c1ccc(C(Cc2ccccc2)C2CCC2)cc1
O=C(Nc1cccnc1)c1ccc(C(Cc2ccccc2)C2CCC2)cc1
O=C(Nc1cccnc1)c1ccc(C(Cc2ccccc2)C2CCC2)cc1
O=C(Nc1cccnc1)c1ccc(C(Cc2ccccc2)C2CCC2)cc1
c1ccc(CC(c2ccc(CNc3cccnc3)cc2)C2CCC2)cc1
c1ccc(CC(c2ccc(CNc3ccncc3)cc2)C2CCC2)cc1
c1ccc(CC(c2ccc(CNc3ccncc3)cc2)C2CCC2)cc1
c1ccc(CC(OC2CCC2)c2ccc(CNc3ccncc3)cc2)cc1
c1ccc(CC(OC2CCC2CNc2ccncc2)c2ccccc2)cc1
c1ccc(CC(OC2CCC2CNc2ccncc2)c2ccccc2)cc1
c1ccc(C(Cc2cc3ccc2-3)OC2CCC2CNc2ccncc2)cc1
c1ccc(C(Cc2cc3ccc2-3)OC2CCC2Nc2ccncc2)cc1
c1ccc(C(Cc2cc3ccc2-3)OC2CCC2Nc2ccncc2)cc1
c1ccc(C(Cc2cc3ccc2-3)C2CCC2Nc2ccncc2)cc1
c1ccc(C(Cc2cc3ccc2-3)C2CCC2Nc2ccncc2)cc1
c1ccc(C(Cc2cc3cc(Nc4ccncc4)c2-3)C2CCC2)cc1
c1ccc(C(Cc2cc3cc(Nc4ccncc4)c2-3)C2CCC2)cc1
c1ccc(C(Cc2cc3cc(Nc4ccncc4)c2-3)C2CCC2)cc1
c1ccc(C(Cc2cc3cc(Nc4ccncc4)c2-3)C2CC2)cc1
c1ccc(C(Cc2cc3cc(Nc4ccncc4)c2-3)C2CC2)cc1
c1ccc(C(Cc2cc3c4c([nH]c5ccncc54)c2-3)C2CC2)cc1
C1=CC(c2cc3cnccc3[nH]2)=C1CC(c1ccccc1)C1CC1
C(=Cc1cc2cnccc2[nH]1)CC(c1ccccc1)C1CC1
C(=Cc1cc2cnccc2[nH]1)CC(c1ccccc1)C1CC1
c1ccc(C(CCCc2cc3cnccc3[nH]2)C2CC2)cc1
c1ccc(C(CCc2cc3cnccc3[nH]2)C2CC2)cc1
c1ccc(C(CCc2cc3cnccc3[nH]2)C2CCC2)cc1
c1ccc(C(C2CCC2)C(Cc2cc3cnccc3[nH]2)C2CC2)cc1
c1ccc(C(C2CC2)C(Cc2cc3cnccc3[nH]2)C2CC2)cc1
c1ccc(CC(Cc2cc3cnccc3[nH]2)C2CC2)cc1
c1ccc(CC(Cc2cc3cnccc3[nH]2)C2CC2)cc1
c1ccc(CC(Cc2cc3cnccc3[nH]2)C2CC2)cc1
c1ccc(CC(Cc2cc3cnccc3[nH]2)C2CC2)cc1
c1ccc(CC(OCc2cc3cnccc3[nH]2)C2CC2)cc1
c1ccc(CC(CCc2cc3cnccc3[nH]2)C2CC2)cc1
c1ccc(CCC(CCc2cc3cnccc3[nH]2)C2CC2)cc1
c1ccc(CCC(Cc2cc3cnccc3[nH]2)C2CC2)cc1
O=C(Nc1cnccn1)c1ccc2c(c1)CCC1CCCCC21Cc1ccccc1
O=C(Nc1cnccn1)c1ccc2c(c1)CCCC2Cc1ccccc1
O=C(Nc1cnccn1)c1ccc2c(c1)CCCC2Cc1ccccc1
O=C(Nc1cnccn1)c1ccc2c(c1)CCCC2Cc1ccccc1
O=C(Nc1cnccn1)c1cccc(CC2CCCc3ccccc32)c1
O=C(Nc1cnccn1)c1cccc(CC2CCCc3ccccc32)c1
O=C(Nc1cnccn1)c1cccc(CC2CCCCc3ccccc32)c1
O=C(Nc1cccnc1)c1cccc(CC2CCCCc3ccccc32)c1
O=C(Nc1cccnc1)c1cccc(CC2CCCCc3ccccc32)c1
O=C(Nc1cccnc1)c1cccc(CC2CCCCc3ccccc32)c1
O=C(Nc1cccnc1)c1cccc(CC2CCCCc3ccccc32)c1
O=C(Nc1cccnc1)c1cccc(CC2CCCCCc3ccccc32)c1
O=C(Nc1cccnc1)c1cccc(CC2CCCCCc3ccccc32)c1
O=C(Nc1cccnc1)C1=CC=CC1CC1CCCCCc2ccccc21
O=C(Nc1cccnc1)C1=CC=C1CC1CCCCCc2ccccc21
O=C(Nc1cccnc1)C1=CC(CCC2CCCCCc3ccccc32)=C1
O=C(Nc1cccnc1)C1=CC(CCC2CCCCCc3ccccc32)=C1
O=C(CC=CCCC1CCCCCc2ccccc21)Nc1cccnc1
C(=Cc1ccccn1)CCC1CCCCCc2ccccc21
C(=Cc1ccccc1)CCC1CCCCCc2ccccc21
C(=Cc1ccccc1)CCC1CCCCc2ccccc21
C(CCC1CCCCc2ccccc21)=C1Cc2ccccc21
C(CCC1CCCCc2ccccc21)=C1c2ccccc21
C=C1c2ccc(NC(=O)CCCC3CCCCc4ccccc43)cc21
C=C1Cc2ccc(NC(=O)CCCC3CCCCc4ccccc43)cc21
C=C1Cc2ccc(NC(=O)CCC3CCCCc4ccccc43)cc21
C=C1Cc2ccc(NC(=O)CCC3CCCCc4ccccc43)cc21
N=C1Cc2ccc(NC(=O)CCC3CCCCc4ccccc43)cc21
C=C1Cc2ccc(NC(=O)CCC3CCCCc4ccccc43)cc21
C=C1Cc2ccc(NC(=O)CCC3CCCCc4ccccc43)cc21
C=C1CCc2ccc(NC(=O)CCC3CCCCc4ccccc43)cc21
C=C1CCc2ccc(NC(=O)CCC3CCCCc4ccccc43)cc21
C=C1OCc2ccc(NC(=O)CCC3CCCCc4ccccc43)cc21
O=C(CCC1CCCCc2ccccc21)Nc1ccc2c(c1)C=CCC2
O=C(CCC1CCCCc2ccccc21)Nc1ccc2c(c1)C=CCCC2
O=C(CCC1CCCCc2ccccc21)Nc1ccc2c(c1)C=CC=CC2
O=C(CCC1CCCCc2ccccc21)Nc1ccc2ccccc2c1
O=C(CCC1CCCCc2ccccc21)Nc1ccc2ccccc2c1
O=C(CCC1CCCCc2ccccc21)Nc1ccc2ccccc2c1
O=C(CCC1CCCCc2ccccc21)Nc1ccc2c(c1)CC=C2
O=C(CCC1CCCCc2ccccc21)Nc1ccc2c(c1)CN=C2
O=C(CCC1CCCCc2ccccc21)Nc1ccc2c(c1)CON=C2
O=C(CCC1CCCCCc2ccccc21)Nc1ccc2c(c1)CON=C2
O=C(CCC1CCCCCc2ccccc21)Nc1ccc2c(c1)CCON=C2
O=C(CCC1CCCCc2ccccc21)Nc1ccc2c(c1)CCON=C2
O=C(CCC1CCCc2ccccc21)Nc1ccc2c(c1)CCON=C2
O=C(CCC1CCCc2ccccc21)Nc1ccc2c(c1)CON=C2
O=C(CCC1CCCc2ccccc21)Nc1ccc2c(c1)CON=C2
O=C(CCC1CCCCc2ccccc21)Nc1ccc2c(c1)CON=C2
O=C(CCC1CCCCc2ccccc21)Nc1ccc2c(c1)CON=C2
O=C(CCC1CCCCCc2ccccc21)Nc1ccc2c(c1)CON=C2
O=C(CCC1CCCCCc2ccccc21)Nc1ccc2cnoc(=O)c2c1
O=C(CCC1CCCCCc2ccccc21)Nc1ccc2cnoc(=O)c2c1
O=C(CCC1CCCCCc2ccccc21)Nc1ccc2c(=O)oncc2c1
O=C(CCC1CCCCCc2ccccc21)Nc1ccc2c(=O)oncc2c1
O=C(CCC1CCCCc2ccccc21)Nc1ccc2c(=O)oncc2c1
O=C1C=CC2C(=C1)CCC1C2CCC2C(C(=O)CSc3ccccn3)CCC21
O=C1C=CC2C(=C1)CCC1C2CCC2C(C(=O)CSc3ccccn3)CCC21
O=C1C=CC2C(=C1)CCC1C2CCC2C(C(=O)CSc3ccccn3)CCC21
O=C1C=CC2C(=C1)CCCC1C2CCC2C(C(=O)CSc3ccccn3)CCC21
O=C1C=CC2C(=C1)CCCC1C2CCC2C(C(=O)CSc3ccccc3)CCC21
O=C1C=CC2C(=C1)CCCC1C2CCC2C(C(=O)CSc3ccccc3)CCC21
O=C1C=CC2C(=C1)CCCC1C2CCC2C(C(=O)CCc3ccccc3)CCC21
O=C1C=CC2C(=C1)CCC1C2CCC2C(C(=O)CCc3ccccc3)CCC21
O=C1C=CC2C(=C1)CCC1C2CCC2C(C(=O)Cc3ccccc3)CCC21
O=C1C=CC2C(=C1)CCC1C(CCCC(=O)Cc3ccccc3)CCCC21
O=C1C=CC(C2CCCC(CCCC(=O)Cc3ccccc3)C2)C=C1
O=C1C=CC(C2CCCC(CCCC(=O)Cc3ccccc3)C2)C=C1
O=C1C=CC(C2CCC(CCCC(=O)Cc3ccccc3)C2)C=C1
O=C1C=CC(C2CCC(CCCNC(=O)Cc3ccccc3)C2)C=C1
O=C(Cc1ccccc1)NCCCC1CCC(C2C=CCC=C2)C1
O=C(Cc1ccccc1)NCCCC1CCC(C2C=CCC=N2)C1
O=C(Cc1ccccc1)NCCCC1CCCC(C2C=CCC=N2)C1
O=C(Cc1ccccc1)NCCCC1CCCC(C2C=CCC=N2)C1
O=C(Cc1ccccc1)NCCC1CCCC(C2C=CCC=N2)C1
O=C(Cc1ccccc1)NCCC1CCCC(C2C=CCC=N2)C1
O=C(Cc1ccccc1)NCC1CCCC(C2C=CCC=N2)C1
O=C(Cc1ccccc1)NCC1CCCC(N2C=CCC=N2)C1
O=C(Cc1ccccc1)NCC1CCC(N2C=CCC=N2)C1
O=C(Cc1ccccc1)NCCCCN1C=CCC=N1
O=C(Cc1ccccc1)NCCCN1C=CCC=N1
O=C(Cc1ccccc1)NCCN1C=CCC=N1
O=C(Cc1ccccc1)NCCN1C=CCC=N1
O=C(CCc1ccccc1)NCCN1C=CCC=N1
O=C(CCc1ccccc1)NCCN1C=CCC=N1
O=C(NCCN1C=CCC=N1)c1ccccc1
O=C(NCCN1C=CCC=N1)c1ccccc1
O=C(NCCN1C=CCC=N1)c1ccccc1
O=C(NCCn1cccn1)c1ccccc1
O=C(NCCn1cccn1)c1ccccc1
O=C(NCCn1cccn1)c1ccccc1
O=C(NCCn1cccn1)c1ccccc1
O=C(NCCn1cccn1)c1ccccc1
O=C(NCCn1cccn1)c1ccccc1
O=C(NCCn1cccn1)c1ccccc1
O=C(NCCn1cccn1)c1ccccc1
O=C(NCCn1cccn1)c1ccccc1
O=C(NCCOn1cccn1)c1ccccc1
O=C(NCCOn1cccn1)c1ccccc1
O=C(NCC(On1cccn1)C1=CC1)c1ccccc1
O=C(NCC(On1cccn1)C1=CC1)c1ccccc1
O=C(NCC(On1cccn1)C1=CCC1)c1ccccc1
O=C(NCC(OOn1cccn1)C1=CCC1)c1ccccc1
O=C(NCC(OCn1cccn1)C1=CCC1)c1ccccc1
O=C(NCC(OCn1cccn1)C1=CC=C1)c1ccccc1
O=C(NCC(Oc1cc[nH]n1)C1=CC=C1)c1ccccc1
O=C(NCC(OC1=NNC1)C1=CC=C1)c1ccccc1
O=C(NCC(OC1=NNCC1)C1=CC=C1)c1ccccc1
O=C(NCC(Oc1cc[nH]n1)C1=CC=C1)c1ccccc1
O=C(NCC(Oc1cc[nH]c1)C1=CC=C1)c1ccccc1
O=C(NCC(Oc1cc[nH]c1)C1=CC=C1)c1ccccc1
O=C(NCC(Oc1cc[nH]c1)C1=CC=C1)c1ccccc1
O=C(NCC(Oc1cn[nH]c1)C1=CC=C1)c1ccccc1
O=C(NCC(Oc1cn[nH]c1)C1=CC=C1)c1ccccc1
O=C(NCC(Oc1cn[nH]c1)C1=CC=C1)c1ccccc1
O=C(NCC(Oc1cn[nH]c1)C1=CC=C1)c1ccccc1
O=C(NCC(Oc1cn[nH]c1)C1=CC=C1)c1ccccc1
O=C(NCC(Oc1cn[nH]c1)C1=CC=C1)c1ccccc1
O=C(NCC(Oc1cn[nH]c1)C1=CC=C1)c1ccccc1
O=C(NCC(Oc1cn[nH]c1)C1=CC=C1)c1ccccc1
O=C(NCC(Oc1cnn(C2C=C2)c1)C1=CC=C1)c1ccccc1
O=C(NCC(Oc1cnn(C2C=CC2)c1)C1=CC=C1)c1ccccc1
O=C(NCC(Oc1cnn(C2=CC=C2)c1)C1=CC=C1)c1ccccc1
O=C(NCC(Oc1cnn(C2=CC=C2)c1)C1=CC=C1)c1ccccc1
O=C(NCC(Oc1cnn(C2=CC=C2)c1)C1=CC=C1)c1ccccc1
O=C(NCC(Oc1cnn(C2=CC=C2)c1)C1=CC=C1)c1ccccc1
O=C(NCC(Oc1cn[nH]c2ccc-2c1)C1=CC=C1)c1ccccc1
O=C(NCC(Oc1cn[nH]c2ccc-2c1)C1=CC=C1)c1ccccc1
O=C(NCC(Oc1cn[nH]c2ccc-2c1)C1=CC=C1)c1ccccc1
O=C(NCC(Oc1cn[nH]c2ccc-2c1)C1=CC=C1)c1ccccc1
O=C(NCC(Oc1cn[nH]c2ccc-2c1)C1=CC=C1)c1ccccc1
O=C(NCC(Oc1cnn(C2=CC2)c2ccc-2c1)C1=CC=C1)c1ccccc1
O=C(NCC(Oc1cnn(C2=CC2)c2ccc-2c1)C1=CC=C1)c1ccccc1
O=C(NCC(Oc1cnn(C2=CC2)c2ccc-2c1)C1=CC=C1)c1ccccc1
O=C(NCC(Oc1cnn(C2=CC2)c2ccc-2c1)C1=CC=C1)c1ccccc1
O=C(NCC(Oc1cnn(C2=CC2)c2ccc-2c1)C1=CC=C1)c1ccccc1
O=C(NCC(Oc1cnn(C2=CCC2)c2ccc-2c1)C1=CC=C1)c1ccccc1
O=C(NCC(Oc1cnn(C2=CCCC2)c2ccc-2c1)C1=CC=C1)c1ccccc1
O=C(NCC(Oc1cnn(C2=CCCC2)c2ccc-2c1)C1=CC=C1)c1ccccc1
O=C(NCC(Oc1cnn(C2=CCCC2)c2ccc-2c1)C1=CC=C1)c1ccccc1
O=C(NCC(Oc1cnn(C2=CCCC2)c2ccc-2c1)C1=CC=C1)c1ccccc1
O=C(NCC(Oc1cnn(C2=CCCC2)c2ccc-2c1)C1=CC=C1)c1ccccc1
O=C(NCC(Oc1cnn(C2=CCCC2)c2ccc-2c1)C1=CC=C1)c1ccccc1
O=C(NCC(Oc1cnn(C2=CCC=C2)c2ccc-2c1)C1=CC=C1)c1ccccc1
O=C(NCC(Oc1cnn(C2=CCC=C2)c2ccc-2c1)C1=CC=C1)c1ccccc1
O=C(NCC(Oc1cnn(C2=CCC=C2)c2ccc-2c1)C1=CC=C1)c1ccccc1
O=C(NCC(Oc1cnn(C2=CCC=C2)c2ccc-2c1)C1=CC=C1)c1ccccc1
O=C(NCC(Oc1cnn(C2=CCC=C2)c2ccc-2c1)C1=CC=C1)c1ccccc1
O=C(NCC(Oc1cnn(C2=CCCC=C2)c2ccc-2c1)C1=CC=C1)c1ccccc1
O=C(NCC(Oc1cnn(C2=CCCC=C2)c2ccc-2c1)C1=CC=C1)c1ccccc1
O=C(NCC(Oc1cnn(C2=CCCC=C2)c2ccc-2c1)C1=CC=C1)c1ccccc1
O=C(NCC(Oc1cnn(C2=CCCC=C2)c2ccc-2c1)C1=CC=C1)c1ccccc1
O=C(NCC(Oc1cnn(-c2ccccc2)c2ccc-2c1)C1=CC=C1)c1ccccc1
O=C(NCC(Oc1cnn(-c2ccccc2)c2ccc-2c1)C1=CCC=C1)c1ccccc1
O=C(NCC(Oc1cnn(-c2ccccc2)c2ccc-2c1)C1=CCC=C1)c1ccccc1
O=C(NCC(Oc1cnn(-c2ccccc2)c2ccc-2c1)C1=CCC=C1)c1ccccc1
O=C(NCC(Oc1cnn(-c2ccccc2)c2ccc-2c1)C1=CCC=C1)c1ccccc1
O=C(NCC(Oc1cnn(-c2ccccc2)c2ccc-2c1)C1=CCC=C1)c1ccccc1
O=C(NCC(Oc1cc2n(-c3ccccc3)ncccc1-2)C1=CCC=C1)c1ccccc1
O=C(NCC(Oc1ccc2cnn(-c3ccccc3)c2c1)C1=CCC=C1)c1ccccc1
O=C(NCC(Oc1ccc2cnn(-c3ccccc3)c2c1)C1=CC=C1)c1ccccc1
O=C(NNCC(Oc1ccc2cnn(-c3ccccc3)c2c1)C1=CC=C1)c1ccccc1
O=C(NNCC(Oc1ccc2cnn(-c3ccccc3)c2c1)C1=CC=C1)c1ccccc1
O=C(NNCC(Oc1ccc2c(cnn2-c2ccccc2)c1)C1=CC=C1)c1ccccc1
O=C(NNCC(Oc1ccc2c(cnn2-c2ccccc2)c1)C1=CCC=C1)c1ccccc1
O=C(NCC(Oc1ccc2c(cnn2-c2ccccc2)c1)C1=CCC=C1)c1ccccc1
O=C(NCC(Oc1ccc2c(cnn2-c2ccccc2)c1)C1=CCC=C1)c1ccccc1
O=C(NCC(Oc1ccc2c(cnn2-c2ccccc2)c1)C1=CCCC=C1)c1ccccc1
O=C(NCC(Oc1ccc2c(cnn2-c2ccccc2)c1)c1ccccc1)c1ccccc1
O=C(NCC(Oc1ccc2c(cnn2-c2ccccc2)c1)c1ccccc1)c1ccccc1
O=C1C=CC2C(=C1)CCC1C2CCC2C(C(=O)CSc3ccccn3)CCC21
O=C1C=CC2C(=C1)CCC1C2CCC2C(C(=O)CSc3ccccn3)CCC21
O=C1C=CC2C(=C1)CCC1C2CCC2C(C(=O)CSc3ccccn3)CCC21
O=C1C=CC2C(=C1)CCC1C2CCC2C(C(=O)CSc3ccccn3)CCC21
O=C1C=CC2C(=C1)CCC1C2CCC2C(C(=O)CSc3ccccn3)CCC21
O=C1C=CC2C(=C1)CCC1C2CCC2C(C(=O)CSc3ccccn3)CC21
O=C1C=CC2C(=C1)CCC1CC(CC(=O)CSc3ccccn3)CCC12
O=C1C=CC2C(=C1)CCC1CC(CC(=O)CSc3ccccn3)CCCC12
O=C1C=CC2C(=C1)CCC1CC(CC(=O)CSc3ccccn3)CCCC12
O=C1C=CC2C(=C1)CCC1CC(CC(=O)CSc3cccnc3)CCCC12
O=C1C=C2CCC3CC(CC(=O)CSc4cccnc4)CCCC3C2C1
O=C1C=C2CCC3CC(CC(=O)CSc4cccnc4)CCCC3C2C1
O=C1C=C2CCC3CC(CC(=O)CCc4cccnc4)CCCC3C2C1
O=C1C=C2CCC3CC(CC(=O)CCc4cccnc4)CCCCC3C2C1
O=C1C=C2CCC3CC(CC(=O)CCc4cccnc4)CCCCC3C2C1
O=C1C=C2CCC3CC(CCCCc4cccnc4)CCCCC3C2C1
O=C1C=C2CCC3CC(CCCNc4cccnc4)CCCCC3C2C1
O=C1C=C2CCC3CC(CCNc4cccnc4)CCCCC3C2C1
O=C1C=CC(C2CCCCC(CCNc3cccnc3)CC2)C1
O=C1C=CC(CC(CNc2cccnc2)C2CCCCCCC2)C1
c1cncc(NCCC2CCCCCCC2)c1
c1cncc(NCCC2CCCCCCC2)c1
C1=C(CCC(CNc2cccnc2)C2CCCCCCC2)CCC1
C1=C(CCC(CNc2cccnc2)C2CCCCCCC2)CC1
C1=C(CCC(CNc2cccnc2)C2CCCCCCC2)CC1
C1=C(CCC(CNc2cccnc2)C2CCCCCCC2)CC1
C1=C(CCC(CNc2cccnc2)C2CCCCCCC2)CCC1
C1=C(CCC(CNc2cccnc2)C2CCCCCCC2)CCC1
C1=C(CCC(CNc2cccnc2)C2CCCCCC2)CCC1
C1=CC(CCC(CNc2cccnc2)C2CCCCCC2)=CC1
C1=CC(CCC(CNc2cccnc2)C2CCCCCCC2)=CC1
C1=CC(CCC(CNc2cccnc2)C2CCCCCCC2)=CC1
C1=CC(CCC(CNc2cccnc2)C2CCCCCCC2)=CC1
C1=CC(CCC(CNc2cccnc2)C2CCCCCCC2)=C1
C1=CC(CCC(CNc2cccnc2)C2CCCCCCC2)=C1
C1=CC(CCC(CNc2cccnc2)C2CCCCCCC2)=C1
C1=CC(CCC(CNc2cccnc2)C2CCCCCCC2)=C1
C1=CC(CCC(CNc2cccnc2)C2CCCCCCC2)=C1
C1=CC(CCC(CNc2cccnc2)C2CCCCCCC2)=C1
C1=CC(CCC(CNc2cccnc2)C2CCCCCCC2)=C1
C1=CC(CCC(CNc2cccnc2)C2CCCCCC2)=C1
C1=CC(CCC(CNc2cccnc2)C2CCCCCC2)=C1
C1=C(CCC(CNc2cccnc2)C2CCCCCC2)C(C2CCN2)=C1
C1=C(CCC(CNc2cccnc2)C2CCCCC2)C(C2CCN2)=C1
C1=C(CCC(CNc2cccnc2)C2CCCCC2)C(C2CNC2)=C1
C1=C(CCC(CNc2cccnc2)C2CCCCCC2)C(C2CNC2)=C1
C1=C(CCC(CNc2cccnc2)C2CCCCCC2)C(C2CN2)=C1
C1=C(CCC(CNc2cccnc2)C2CCCCCC2)C(C2CC2)=C1
C1=C(CCC(CNc2cccnc2)C2CCCCC2)C(C2CC2)=C1
C1=C(CCC(CNc2cccnc2)C2CCCCC2)C(C2CC2)=C1
C1=C(CCC(CNc2cccnc2)C2CCCC2)C(C2CC2)=C1
C1=CC(CCC(CNc2cccnc2)C2CCCC2)=C1
C1=CC(CCC(CNc2cccnc2)C2CCCC2)=C1
C=C1C=CC=C1CCC(CNc1cccnc1)C1CCCC1
C=C1C=CC=C1CCC(CCc1cccnc1)C1CCCC1
C=C1C=CC=C1CCC(Cc1cccnc1)C1CCCC1
C=C1C=CC=C1CCC(Cc1cccnc1)C1CCCCC1
C=C1C=CC=C1CCC(Cc1cccnc1)C1CCCCCC1
C=C1C=CC=C1CCC(Cc1cccnc1)C1CCCCCC1
C=C1C=CC=C1CCC(Cc1cccnc1)C1CCCCC1
C=C1C=CC=C1CCC(Cc1cccnc1)C1CCCC1
C=C1C=CC=C1CCC(Cc1cccnc1)C1CCCC1
c1ccc(CCC(Cc2cccnc2)C2CCCC2)cc1
c1ccc(CCC(Cc2cccnc2)C2CCC2)cc1
c1ccc(CCC(Cc2cccnc2)C2CCC2)cc1
c1ccc(CCC(Cc2cccnc2)C2CCC2)cc1
c1ccc(CCC(Cc2cccnc2)C2CCC2)cc1
c1ccc(CCC(Cc2cccnc2)C2CCC2)cc1
c1ccc(CCC(Cc2cccnc2)C2CCC2)cc1
c1ccc(CCC(Cc2cccnc2)C2CCC2)cc1
c1ccc(CCC(Cc2cccnc2)C2CCC2)cc1
c1ccc(CCC(Cc2cccnc2)C2CCC2)cc1
c1ccc(CCC(Cc2cccnc2)C2CCC2)cc1
c1ccc(CCC(Cc2cccnc2)C2CCC2)cc1
c1ccc(CCC(Cc2cccnc2)C2CCC2)cc1
c1ccc(CCC(Cc2cccnc2)C2CCC2)cc1
c1ccc(CCC(Cc2cccnc2)C2CCC2)cc1
c1ccc(CCC(Cc2cccnc2)C2CCCC2)cc1
c1ccc(CCC(Cc2cccnc2)C2CCCCC2)cc1
c1ccc(CCC(Cc2cccnc2)C2CCCCC2)cc1
c1ccc(CCC(Cc2cccnc2)C2CCCCC2)cc1
c1ccc(CCC(Cc2cccnc2)C2CCCC2)cc1
c1ccc(CCC(Cc2cccnc2)C2CCCC2)cc1
c1ccc(CCC(Cc2cccnc2)C2CCCC2)cc1
c1ccc(CCC(Cc2cnccc2C2CN2)C2CCCC2)cc1
c1ccc(CCC(Cc2cnccc2C2CCN2)C2CCCC2)cc1
c1ccc(CCC(Cc2cnccc2C2CCN2)C2CCCC2)cc1
c1ccc(CCC(Cc2cnccc2C2CCN2)C2CCCC2)cc1
c1ccc(CCC(Cc2cnccc2C2CCN2)C2CCCCC2)cc1
C1=CC(c2ccncc2CC(CCc2ccccc2)C2CCCCC2)N1
C1=C(CC(CCc2ccccc2)C2CCCCC2)NC1c1ccncc1
C1=C(CC(CCc2ccccc2)C2CCCCC2)NC(c2ccncc2)N1
C1=C(CC(CCc2ccccc2)C2CCCCC2)NC(c2ccncc2)C1
C1=C(CC(CCc2ccccc2)C2CCCCC2)NC(c2ccncc2)C1
C1=C(CC(CCc2ccccc2)C2CCCCC2)NC1c1ccncc1
C1=C(CC(CCc2ccccc2)C2CCCCC2)NC1Nc1ccncc1
C1=C(CC(CCc2ccccc2)C2CCCCCC2)NC1Nc1ccncc1
C1=C(CC(CCc2ccccc2)C2CCCCCCC2)NC1Nc1ccncc1
C1=C(CC(CCc2ccccc2)C2CCCCCCC2)NC1Cc1ccncc1
C1=C(CC(CCc2ccccc2)C2CCCCCCC2)NC1Cc1ccncc1
c1ccc(CCC(CC2=C(Cc3ccncc3)N2)C2CCCCCCC2)cc1
c1ccc(CCC(CC2=C(Cc3ccncc3)N2)C2CCCCCC2)cc1
C1=C(CC(CCc2ccccc2)C2CCCCCC2)NNc2cnccc2C1
C1=C(CC(CCc2ccccc2)C2CCCCCC2)Nc2cnccc2C1
C1=C(CC(CCc2ccccc2)C2CCCCC2)Nc2cnccc2C1
C1=C(CC(CCc2ccccc2)C2CCCC2)Nc2cnccc2C1
c1ccc(CCC(Cc2cc3ccncc3[nH]2)C2CCCC2)cc1
O=C1C=CC2C(=C1)CCC1C2CCC2C(C(=O)CSc3ccccn3)CCC21
O=C1C=CC2C(=C1)CCC1C2CCC2C(C(=O)CSc3ccccn3)CCC21
O=C1C=CC2C(=C1)CCC1C2CCC2C(C(=O)CSc3ccccn3)CCC21
O=C1C=CC2C(=C1)CCC1C2CCC2C(C(=O)CSc3ccccn3)CC21
O=C1C=CC2C(=C1)CCC1C2CCC2C(OC(=O)CSc3ccccn3)CC21
O=C1C=CC2C(=C1)CCC1C2CCC2C(OC(=O)CSc3ccccn3)CC21
O=C1C=C2CCC3C(CCC4C(OC(=O)CSc5ccccn5)CC43)C2C1
O=C1C=C2CC3C(CCC4C(OC(=O)CSc5ccccn5)CC43)C2C1
O=C1C=C2CC3C(CCC4C(OC(=O)CNc5ccccn5)CC43)C2C1
O=C1C=C2CC3C(CCC4C(OC(=O)Nc5ccccn5)CC43)C2C1
O=C1C=C2CC3C(CCC4C(OC(=O)Nc5ccccc5)CC43)C2C1
O=C1C=CC(C2CCC3C(C2)CC3OC(=O)Nc2ccccc2)C1
O=C1C=CC(C2CCC3C(C2)CC3OC(=O)Nc2ccccc2)C1
O=C1C=CC(C2CCC3C(OC(=O)Nc4ccccc4)CC23)C1
O=C1C=CCC2C(CC3C(OC(=O)Nc4ccccc4)CC23)O1
O=C1C=CCC2C(CO1)CC1C(OC(=O)Nc3ccccc3)CC21
O=C1C=CCC2C(CO1)CC1C(OC(=O)Nc3ccccc3)CC21
O=C1C=CCC2C(CO1)C1C(OC(=O)Nc3ccccc3)CC21
O=C1C=CCC2C(CO1)C1C(OC(=O)Nc3ccccc3)CC21
O=C(Nc1ccccc1)OC1CC2C3CC=C3C(=O)OCCC12
O=C(Nc1ccccc1)OC1CC2C3=CC=C3C(=O)OCCC12
O=C(Nc1ccccc1)OC1CC2C3=CC=C3C(=O)OCCC12
O=C(Nc1ccccc1)OC1CC2c3c[nH]cc3C(=O)OCCC12
O=C(Nc1ccccc1)OC1CC2c3c[nH]cc3C(=O)OCCC12
O=C(Nc1ccccc1)OC1CC2CC(=C3C=CN3)C(=O)OCCC21
O=C(Nc1ccccc1)OC1CC2CC(=C3C=CN3)C(=O)OCCC21
O=C(Nc1ccccc1)OC1CC2C(=C3C=CN3)C(=O)OCCC12
O=C(Nc1ccccc1)OC1CC2C(=C3C=CN3)C(=O)OCCC12
O=C1CC(=C2C=CN2)C2CC(OC(=O)Nc3ccccc3)C2CCO1
O=C1CC(=C2C=CN2)C2CC(OC(=O)Nc3ccccc3)C2CCO1
O=C1CC(=C2C=CN2)C2CC(OC(=O)Nc3ccccc3)C2CO1
O=C(Nc1ccccc1)OC1CC2C(=C3C=CN3)CCOCC12
O=C(Nc1ccccc1)OC1CC2C(=C3C=CN3)CCOCC12
O=C(Nc1ccccc1)OC1CC2C(=C3C=CN3)COCOCC12
O=C(Nc1ccccc1)OC1CC2C(=C3C=CN3)COCOCC12
O=C(Nc1ccccc1)OC1CC2C(=C3C=CN3)COCOCC12
O=C(Nc1ccccc1)OC1CC2C(=C3C=CN3)OCOCC12
O=C(Nc1ccccc1)OC1CC2C(=C3C=CN3)OCOCC12
O=C(Nc1ccccc1)OC1CC2C(=C3C=CN3)OCOCC12
O=C(Nc1ccccc1)OC1CC2C(=C3C=CN3)OCOCC12
O=C(Nc1ccccc1)OC1CC2C(=C3C=CN3)OCCOCC12
O=C(Nc1ccc2c(c1)OCO2)OC1CC2C(=C3C=CN3)OCCOCC12
O=C(Nc1ccc2c(c1)OCO2)OC1CC2C(=C3C=CN3)CCCOCC12
O=C(Nc1ccc2c(c1)OCO2)OC1CC2C(=C3C=CN3)CCCC12
O=C(Nc1ccc2c(c1)OCO2)OC1CC2C(=C3C=CN3)CCCC12
O=C(Nc1ccc2c(c1)OCO2)OC1CC2C(=C3C=CN3)CCCC12
O=C(Nc1ccc2c(c1)OCO2)OC1CC2C(=C3C=CN3)CCCC12
O=C(Nc1ccc2c(c1)OCO2)OC1CC2C(=C3C=CN3)CCC12
O=C(Nc1ccc2c(c1)OCO2)OC1CC2C(=C3C=CN3)CCCOC12
O=C(Nc1ccc2c(c1)OCO2)OC1CC2C(=C3C=CN3)CCOC12
O=C(Nc1ccc2c(c1)OCO2)OC1CC2C(=C3C=CN3)CCOC12
O=C(Nc1ccc2c(c1)OCO2)OC1CC2C(=C3C=CN3)C=COC12
O=C(Nc1ccc2c(c1)OCO2)OC1CC2C(=C3C=CN3)C=CCC12
O=C(Nc1ccc2c(c1)OCO2)OC1CC2C(=C3C=CN3)C=CC12
O=C(Nc1ccc2c(c1)OCO2)OC1CC2C(=C3C=CN3)C=CC12
O=C(Nc1ccc2c(c1)OCO2)OC1CC2C(=C3C=CN3)C=CC12
O=C(Nc1ccc2c(c1)OCO2)OC1CC2C(=C3C=CN3)C=CC12
O=C(Nc1ccc2c(c1)OCO2)OC1CC2C(=C3C=CN3)C=CC12
O=C(Nc1ccc2c(c1)OCO2)OC1CC2C(=C3C=CN3)C=CC12
O=C(Nc1ccc2c(c1)OCO2)OC1CC2C(=C3C=CN3)C=CC12
O=C(Nc1ccc2c(c1)OCO2)OC1CC2C(=C3C=CN3)C=CC12
O=C(Nc1ccc2c(c1)OCO2)OC1CC2CC(=C3C=CN3)C=CC21
O=C(Nc1ccc2c(c1)OCO2)OC1CC2CC(=C3C=CN3)C=CC21
O=C(Nc1ccc2c(c1)OCO2)OC1CC2CC(=C3C=CN3)C=CC21
O=C(Nc1ccc2c(c1)OCO2)OC1CC=CC(=C2C=CN2)CCC1
O=C(Nc1ccc2c(c1)OCO2)OC1CC=CC(=C2C=CN2)CCC1
O=C(Nc1ccc2c(c1)OCO2)OC1CCCC=CC(=C2C=CN2)C1
O=C(Nc1ccc2c(c1)OCO2)OC1CCCC=CC(=C2C=CN2)C1
O=C(Nc1ccc2c(c1)OCO2)OC1CCCC=CC(=C2C=CN2)C1
O=C(Nc1ccc2c(c1)OCO2)OC1CCCC=CC(=C2C=CN2)C1
O=C(Nc1ccc2c(c1)OCO2)OC1CCCC=CC(=C2C=CN2)C1
O=C(Nc1ccc2c(c1)OCO2)OC1CCCC=CC(=C2C=CN2)C1
O=C(Nc1ccc2c(c1)OCO2)OC1CCCC=CC(=C2C=CN2)C1
O=C(Nc1ccc2c(c1)OCO2)OC1CC(=C2C=CN2)C=CC2NC2C1
O=C(Nc1ccc2c(c1)OCO2)OC1CCC=CC(=C2C=CN2)C1
O=C(Nc1ccc2c(c1)OCO2)OC1CCC=CC(=C2C=CN2)C1
O=C(Nc1ccc2c(c1)OCO2)OC1CCC=CC(=C2C=CN2)C1
O=C(Nc1ccc2c(c1)OCO2)OC1CCCC=CC(=C2C=CN2)C1
O=C(Nc1ccc2c(c1)OCO2)OC1CCCC=CC(=C2C=CN2)C1
O=C(Nc1ccc2c(c1)OCO2)OC1CCC=CC(=C2C=CN2)C1
N=C1C=CC(=C2C=CN2)CC(OC(=O)Nc2ccc3c(c2)OCO3)C1
N=C1C=CC(=C2C=CN2)CC(OC(=O)Nc2ccc3c(c2)OCO3)C1
N=C1C=CC(=C2C=CN2)CC(OC(=O)Nc2ccc3c(c2)OCO3)C1
C=C1C=CC(=C2C=CN2)CC(OC(=O)Nc2ccc3c(c2)OCO3)C1
C=C1C=CC(=C2C=CN2)CC(OC(=O)Nc2ccc3c(c2)OCO3)C1
O=C(Nc1ccc2c(c1)OCO2)OC1CCC=CC(=C2C=CN2)C1
O=C(Nc1ccc2c(c1)OCO2)OC1CCC=CC(=C2C=CN2)C1
O=C(Nc1ccc2c(c1)OCO2)OC1CNC=CC(=C2C=CN2)C1
O=C(Nc1ccc2c(c1)OCO2)OC1CNC=CC(=C2C=C2)C1
O=C(Nc1ccc2c(c1)OCO2)OC1CNC=CC(=C2C=C2)C1
O=C(Nc1ccc2c(c1)OCO2)OC1CNC=CC(=C2C=C2)C1
O=C(Nc1ccc2c(c1)OCO2)OC1CNC=CC(=C2C=C2)C1
O=C(Nc1ccc2c(c1)OCO2)OC1CNC=CC(=C2C=C2)C1
O=C(Nc1ccc2c(c1)OCO2)OC1CNC=CC(=C2C=C2)C1
O=C(Nc1ccc2c(c1)OCO2)OC1CNC=CC(=C2C=C2)C1
O=C(Nc1ccc2c(c1)OCO2)OC1CNC=CC(=C2C=C2)C1
O=C(Nc1ccc2c(c1)OCO2)OC1CNC=CC(=C2C=C2)C1
O=C(Nc1ccc2c(c1)OCO2)OC1CNC=CC(=C2C=C2)C1
O=C(Nc1ccc2c(c1)OCO2)OC1CNC(C2C=C2)=CC(=C2C=C2)C1
O=C(Nc1ccc2c(c1)OCO2)OC1CNC(CC2C=C2)=CC(=C2C=C2)C1
O=C(Nc1ccc2c(c1)OCO2)OC1CNC(CC2CC2)=CC(=C2C=C2)C1
O=C(Nc1ccc2c(c1)OCO2)OC1CNC=CC(=C2C=C2)C1
O=C(Nc1ccc2c(c1)OCO2)OC1CNC=CC(=C2C=C2)C1
O=C(Nc1ccc2c(c1)OCO2)OC1CNC=CC(=C2C=C2)C1
O=C(Nc1ccc2c(c1)OCO2)OC1CNC(CCC2COC2)=CC(=C2C=C2)C1
O=C(Nc1ccc2c(c1)OCO2)OC1CNC(CC2COC2)=CC(=C2C=C2)C1
O=C(Nc1ccc2c(c1)OCO2)OC1CNC(CC2=COC2)=CC(=C2C=C2)C1
O=C(Nc1ccc2c(c1)OCO2)OC1CNC(C2=COC2)=CC(=C2C=C2)C1
O=C(Nc1ccc2c(c1)OCO2)OC1CNC(CC2=CO2)=CC(=C2C=C2)C1
O=C(Nc1ccc2c(c1)OCO2)OC1CNC=CC(=C2C=C2)C1
O=C(Nc1ccc2c(c1)OCO2)OC1CNC=CC(=C2C=C2)C1
O=C(Nc1ccc2c(c1)OCO2)OC1CNC=CC(=C2C=C2)C1
O=C(Nc1ccc2c(c1)OCO2)OC1CNC=CC(=C2C=C2)C1
O=C(Nc1ccc2c(c1)OCO2)OC1CNC=CC(=C2C=C2)C1
O=C(Nc1ccc2c(c1)OCO2)OC1CNC=CC(=C2C=C2)C1
O=C(Nc1ccc2c(c1)OCO2)OC1CNC=CC(=C2C=C2)C1
O=C(Nc1ccc2c(c1)OCO2)OC1CNc2cccc(c2)C1
O=C(Nc1ccc2c(c1)OCO2)OC1CNc2cccc(c2)C1
O=C(Nc1ccc2c(c1)OCO2)OC1CNc2cccc(c2)C1
O=C(Nc1ccc2c(c1)OCO2)OC1CNc2cccc(c2)C1
O=C(Nc1ccc2c(c1)OCO2)OC1CNc2cccc(c2)C1
O=C(Nc1ccc2c(c1)OCO2)OC1CNc2cccc(c2)C1
O=C(Nc1ccc2c(c1)OCO2)OC1CNc2cccc(c2)C1
O=C(Nc1ccc2c(c1)OCO2)OC1CNc2cccc(c2)C1
O=C(Nc1ccc2c(c1)OCO2)OC1CNc2ccccc2C1
O=C(Nc1ccc2c(c1)OCO2)OC1CNc2ccccc2C1
O=C(Nc1ccc2c(c1)OCO2)OC1CNc2ccccc2C1
O=C(Nc1ccc2c(c1)OCO2)OC1CNc2ccccc2C1
O=C(Nc1ccc2c(c1)OCO2)OC1CNc2ccccc2C1
O=C(Nc1ccc2c(c1)OCO2)OC1CNc2ccccc2C1
O=C(Nc1ccc2c(c1)OCO2)OC1CNc2cc3c(cc2C1)CN3
O=C(Nc1ccc2c(c1)OCO2)OC1CNc2cc3c(cc2C1)CN3
O=C(Nc1ccc2c(c1)OCO2)OC1CNc2ccccc2C1
O=C(Nc1ccc2c(c1)OCO2)OC1CNc2ccccc2C1
O=C(Nc1ccc2c(c1)OCO2)OC1CNc2ccccc2C1
O=C(Nc1ccc2c(c1)OCO2)OC1CNc2ccccc2C1
O=C(Nc1ccc2c(c1)OCO2)OC1CNc2ccccc2C1
O=C(Nc1ccc2c(c1)OCO2)OC1CNc2ccccc2C1
O=C(Nc1ccc2c(c1)OCO2)OC1CNc2ccc(CC3CO3)cc2C1
C=C(c1ccc2c(c1)CC(OC(=O)Nc1ccc3c(c1)OCO3)CN2)C1CO1
O=C(Nc1ccc2c(c1)OCO2)OC1CNc2ccc(CC3CO3)cc2C1
O=C(Nc1ccc2c(c1)OCO2)OC1CNc2ccc(CC3CO3)cc2C1
O=C(Nc1ccc2c(c1)OCO2)OC1CNc2ccc(CCC3CO3)cc2C1
O=C(Nc1ccc2c(c1)OCO2)OC1CNc2ccc(CCC3CO3)cc2C1
O=C(Nc1ccc2c(c1)OCO2)OC1CNc2ccccc2C1
O=C(Nc1ccc2c(c1)OCO2)OC1CNc2ccccc2C1
O=C(Nc1ccc2c(c1)OCO2)OC1CNc2ccccc2C1
O=C(Nc1ccc2c(c1)OCO2)OC1CNc2ccccc2C1
O=C(Nc1ccc2c(c1)OCO2)OC1CNc2ccccc2C1
O=C(Nc1ccc2c(c1)OCO2)OC1CNc2ccccc2C1
O=C(Nc1ccc2c(c1)OCO2)OC1CNc2cc3c(cc2C1)C=CCC3
O=C(Nc1ccc2c(c1)OCO2)OC1CNc2cc3c(cc2C1)C=CCC3
O=C(Nc1ccc2c(c1)OCO2)OC1CNc2cc3c(cc2C1)C=CCC3
O=C(Nc1ccc2c(c1)OCO2)OC1CNc2cc3c(cc2C1)C=CCC3
O=C(Nc1ccc2c(c1)OCO2)OC1CNc2cc3c(cc2C1)C=CCC3
O=C(Nc1ccc2c(c1)OCO2)OC1CNc2cc3c(cc2C1)C1=C(CC1)CC3
O=C(Nc1ccc2c(c1)OCO2)OC1CNc2cc3ccc4c(c3cc2C1)CC4
O=C(Nc1ccc2c(c1)OCO2)OC1CNc2cc3ccc4c(c3cc2C1)CC4
O=C(Nc1ccc2c(c1)OCO2)OC1CNc2cc3ccc4c(c3cc2C1)CCC4
O=C(Nc1ccc2c(c1)OCO2)OC1CNc2cc3ccc4c(c3cc2C1)CCC4
O=C(Nc1ccc2c(c1)OCO2)OC1CNc2cc3ccccc3cc2C1
O=C(Nc1ccc2c(c1)OCO2)OC1CNc2cc3ccccc3cc2C1
O=C(Nc1ccc2c(c1)OCO2)OC1CNc2cc3ccc4c(c3cc2C1)CC4
O=C(Nc1ccc2c(c1)OCO2)OC1CNc2cc3ccccc3cc2C1
O=C(Nc1ccc2c(c1)OCO2)OC1CNc2cc3ccccc3cc2C1
O=C(Nc1ccc2c(c1)OCO2)OC1CNc2cc3ccccc3cc2C1
O=C(Nc1ccc2c(c1)OCO2)OC1CNc2cc3cccc(C4CC4)c3cc2C1
O=C(Nc1ccc2c(c1)OCO2)OC1CNc2cc3cccc(C4CC4)c3cc2C1
O=C(Nc1ccc2c(c1)OCO2)OC1CNc2cc3ccccc3cc2C1
O=C(Nc1ccc2c(c1)OCO2)OC1CNc2cc3ccccc3cc2C1
O=C(Nc1ccc2c(c1)OCO2)OC1CNc2cc3ccccc3cc2C1
O=C(Nc1ccc2c(c1)OCO2)OC1CNc2cc3cccc(CC4CC4)c3cc2C1
O=C(Nc1ccc2c(c1)OCO2)OC1CNc2cc3cccc(CC4CC4)c3cc2C1
O=C(Nc1ccc2c(c1)OCO2)OC1CNc2cc3cccc(CC4CC4)c3cc2C1
O=C(Nc1ccc2c(c1)OCO2)OC1CNc2cc3cccc(C4CC4)c3cc2C1
O=C(Nc1ccc2c(c1)OCO2)OC1CNc2cc3cccc(C4CC4)c3cc2C1
O=C(Nc1ccc2c(c1)OCO2)OC1CNc2cc3cccc(C4=CC4)c3cc2C1
O=C(Nc1ccc2c(c1)OCO2)OC1CNc2cc3cccc(CC4=CC4)c3cc2C1
O=C(Nc1ccc2c(c1)OCO2)OC1CNc2cc3cccc(CC4=CCO4)c3cc2C1
O=C(Nc1ccc2c(c1)OCO2)OC1CNc2cc3cccc(C4=COC4)c3cc2C1
O=C(Nc1ccc2c(c1)OCO2)OC1CNc2cc3cccc(C4=COCC4)c3cc2C1
O=C(Nc1ccc2c(c1)OCO2)OC1CNc2ccc(-c3cccc4c3CCO4)cc2C1
O=C(Nc1ccc2c(c1)OCO2)OC1CNc2ccc(-c3cccc4c3CCO4)cc2C1
O=C(Nc1ccc2c(c1)OCO2)OC1CNc2ccc(-c3cccc4c3CO4)cc2C1
O=C(Nc1ccc2c(c1)OCO2)OC1CNc2ccc(-c3ccccc3)cc2C1
O=C(Nc1ccc2c(c1)OCO2)OC1CNc2ccc(-c3ccccc3)cc2C1
O=C(Nc1ccc2c(c1)OCO2)OC1CNc2ccc(-c3ccccc3)cc2C1
O=C(Nc1ccc2c(c1)OCO2)OC1CNc2ccc(-c3ccccc3)cc2C1
O=C(Nc1ccc2c(c1)OCO2)OC1CNc2ccc(-c3ccccc3)cc2C1
O=C(Nc1ccc2c(c1)OCO2)OC1CNc2ccc(-c3ccccc3)cc2C1
O=C(Nc1ccc2c(c1)OCO2)OC1CNc2ccc(-c3ccccc3)cc2C1
O=C(Nc1ccc2c(c1)OCCO2)OC1CNc2ccc(-c3ccccc3)cc2C1
O=C(Nc1ccc2c(c1)OCCO2)OC1CNc2ccc(-c3ccccc3)cc2C1
O=C(Nc1ccc2c(c1)OCCO2)OC1CNc2ccc(-c3ccccc3)cc2C1
O=C(Nc1ccc2c(c1)OCO2)OC1CNc2ccc(-c3ccccc3)cc2C1
O=C(Nc1ccc2c(c1)OCO2)OC1CNc2ccc(-c3ccccc3)cc2C1
O=C(Nc1ccc2c(c1)OCO2)OC1CNc2ccc(-c3ccccc3)cc2C1
O=C(Nc1ccc2c(c1)OCO2)OC1CNc2ccc(-c3ccccc3)cc2C1
O=C(Nc1ccc2c(c1)OCO2)OC1CNc2ccc(-c3ccccc3)cc2C1
O=C(Nc1ccc2c(c1)OCO2)OC1CNc2ccc(-c3ccccc3)cc2C1
O=C(Nc1ccc2c(c1)OCO2)OC1CNc2ccc(-c3ccccc3)cc2C1
O=C(Nc1ccc2c(c1)OCO2)OC1CNc2ccc(-c3ccccc3)cc2C1
O=C(Nc1ccc2c(c1)OCO2)OC1CNc2ccc(-c3ccccc3)cc2C1
O=C(Nc1ccc2c(c1)OCO2)OC1CNc2ccc(-c3ccccc3)cc2C1
O=C(Nc1ccc2c(c1)OCO2)OC1CNc2ccc(-c3ccccc3)cc2C1
O=C(Nc1ccc2c(c1)OCO2)OC1CNc2ccc(-c3ccccc3)cc2C1
O=C(Nc1ccc2c(c1)OCO2)OC1CNc2ccc(-c3cccc4cc[nH]c34)cc2C1
O=C(Nc1ccc2c(c1)OCO2)OC1CNc2ccc(-c3cccc4cc[nH]c34)cc2C1
O=C1C=CC2C(=C1)CCC1C2CCC2C(C(=O)CSc3ccccn3)CCC21
O=C1C=CC2C(=C1)CCC1C2CCC2C(C(=O)CSc3ccccn3)CCC21
O=C1C=C2CCC3C(CCC4C(C(=O)CSc5ccccn5)CCC43)C2C1
O=C1C=C2CCC3C(CCC4C(C(=O)CSc5ccccn5)CCC43)C2C1
O=C1C=C2CCC3C(CCC4C(C(=O)CSCc5ccccn5)CCC43)C2C1
O=C1C=C2CCC3C(CCC4C(C(=O)CSCc5ccccn5)CCC43)C2C1
O=C1C=C2CCC3C(CC4C(C(=O)CSCc5ccccn5)CCC43)C2C1
O=C1C=C2CCC3C(CC4C(C(=O)CCCc5ccccn5)CCC43)C2C1
O=C1C=C2CCC3C(CC4C(C(=O)CCCc5ccccn5)CCC43)C2C1
O=C1C=C2CCC3C(CC4C(C(=O)Cc5cccnc5)CCC43)C2C1
O=C1C=C2CCC3C(CC4C(C(=O)c5cccnc5)CCC43)C2C1
O=C1C=C2CCC3C(CC4C(C(=O)c5cccnc5)CCC43)C2C1
O=C1C=C2CCC3C(CC4C(Cc5cccnc5)CCC43)C2C1
O=C1C=C2CCC3C(CC4C(c5cccnc5)CCC43)C2C1
O=C1C=C2CC3C(CC4C(c5cccnc5)CCC43)C2C1
O=C1C=CC(C2CC3CCC(c4cccnc4)C3C2)C1
O=C1C=CC(C2CC3CCC(c4cccnc4)C3C2)CC1
O=C1C=CC(C2CC3CCC(c4cccnc4)C3C2)CC1
O=C1C=CC(C2CCC3CCC(c4cccnc4)C3C2)CC1
O=C1C=CC(C2CCC3CC(c4cccnc4)C3C2)CC1
O=C1C=CC(C2CCC3CC(c4cccnc4)C3C2)CCC1
O=C1C=CC(C2CCC3CC(c4cccnc4)C3C2)CCC1
O=C1C=CC(C2CCC3CC(c4cccnc4)C3C2)CC1
O=C1C=CC(C2CCC3CC(c4ccccc4)C3C2)CC1
O=C1C=CC(C2CCC3CC(c4ccccc4)C3C2)CC1
O=C1C=CC(C2CCC3CC(c4ccccc4)C3C2)CC1
O=C1C=CC(C2CCC3CC(c4ccccc4)C3CC2)CC1
O=C1C=CC(C2CCC3C(C2)CC3c2ccccc2)CC1
O=C1C=CC(C2CCC3C(C2)CC3c2ccccc2)CC1
O=C1C=CC(C2CCC3CC(c4ccccc4)C3CC2)CC1
O=C1C=CC(C2CCC3CC(c4ccccc4)C3CC2)CC1
O=C1CCC(C2CCC3CC(c4ccccc4)C3CC2)C1
O=C1CCC(C2CCC3CC(c4ccccc4)C3CC2)C1
O=C1CCC1C1CCC2CC(c3ccccc3)C2CC1
O=C1CCC1C1CCC2CC(c3ccccc3)C2CC1
O=C1CCC1C1CCC2CC(c3ccccc3)C2C1
O=C1CCC1C1CCCC2CC(c3ccccc3)C2C1
O=C1CCCC1C1CCCC2CC(c3ccccc3)C2C1
O=C1CCCC1C1CCC2CC(c3ccccc3)C2C1
O=C1CCCC1C1CCC2CC(c3ccccc3)C2C1
O=C1CCCC1C1CCC2CC(c3ccccc3)C2C1
O=C1CCCC1C1CCc2ccccc2C2CCC2C1
O=C1CCC1C1CCc2ccccc2C2CCC2C1
O=C1CCC1C1CCc2ccccc2C2CCC2C1
O=C1CCC1C1CCc2ccccc2C2CC2C1
O=C1CCC1C1CCCc2ccccc2CC1
O=C1CCC1C1CCCc2ccccc2CC1
O=C1CCC1C1CCCc2ccccc2CC1
O=C1CCC1C1CCCc2ccccc2CC1
O=C1CCC1C1CCCc2ccccc2CC1
O=C1CCC1C1CCc2ccccc2CC1
O=C1CCC1C1CCc2ccccc2CC1
O=C1CNCC1C1CCc2ccccc2CC1
O=C1CNCC1C1CCc2ccccc2CC1
O=C1CCCC1C1CCc2ccccc2CC1
O=C1CCCC1C1CCc2ccccc2CC1
O=C1CCCC1C1CCc2ccccc2CC1
O=C1CCC1C1CCc2ccccc2CC1
O=C1CCC1C1CCc2ccccc2CC1
O=C1CCC1C1CCc2ccccc2CC1
O=C1CCC1C1CCc2ccccc2CC1
O=C1CCC1C1CCc2ccccc2CC1
O=C1CCCC1C1CCc2ccccc2CC1
O=C1CCCCC1C1CCc2ccccc2CC1
O=C1CCCCC1C1CCc2ccccc2CC1
C=C1CCCCC1C1CCc2ccccc2CC1
C=C1CCCC1C1CCc2ccccc2CC1
C=C1CCCC1C1CCc2ccccc2CC1
c1ccc2c(c1)CCC(C1CCCC1)CC2
c1ccc2c(c1)CCC(C1CCC1)CC2
c1ccc2c(c1)CCC(C1CCC1)CC2
c1ccc2c(c1)CCC(C1CC1)CC2
c1ccc2c(c1)CCC(C1CC1)CC2
c1ccc2c(c1)CCC(C1CC1)CC2
c1ccc2c(c1)CCC(C1CC1)CC2
c1ccc2c(c1)CCC(C1CC1)CC2
c1ccc2c(c1)CCC(C1CC1)CC2
c1ccc2c(c1)CCC(C1CC1)CC2
c1ccc2c(c1)CCC(C1CC1)CC2C1CO1
c1ccc2c(c1)CCC(C1CCC1)CC2C1CO1
c1ccc2c(c1)CCC(C1CCC1)CC2C1CC1
c1ccc2c(c1)CCC(C1CCC1)CC2C1CC1
c1ccc2c(c1)CCC(C1CCC1)CC2C1CC1
c1ccc2c(c1)CCC(C1CCC1)CC2C1CCC1
c1ccc2c(c1)CCC(C1CCC1)CC2C1CCC1
c1ccc2c(c1)CCC(C1CCC1)CC2C1CCCC1
c1ccc2c(c1)CCC(C1CC1)CC2C1CCCC1
c1ccc2c(c1)CCCC(C1CC1)CC2C1CCCC1
c1ccc2c(c1)CCCC(C1CC1)CC2C1CCCC1
c1ccc2c(c1)CCCC(C1CC1)CC2C1CCCCC1
c1ccc2c(c1)CCC(C1CC1)CC2C1CCCCC1
c1ccc2c(c1)CCC(C1CC1)CC2C1CCCCCC1
c1ccc2c(c1)CCC(C1CC1)CC2C1CCCCCCC1
c1ccc2c(c1)CCC(C1CC1)CC2C1CCCCCCC1
c1ccc2c(c1)CCC(C1CC1)CC2C1CCCCCC1
c1ccc2c(c1)CCC(C1CC1)CC2C1CCCCCC1
c1ccc2c(c1)CCC(C1CC1)CC2C1CCCCCCC1
c1ccc2c(c1)CCC(C1CC1)CC2C1CCCCCCC1
c1ccc2c(c1)CCC(C1CC1)CC2C1CCCCCC1
c1ccc2c(c1)CCC(C1CC1)CC2C1CCCCC1
c1ccc2c(c1)CCC(C1CC1)CC2C1CCCCC1
c1ccc2c(c1)CCC(C1CC1)CC2C1CCCCC1
c1ccc2c(c1)CCC(C1CC1)CC2C1CCCC1
c1ccc2c(c1)CCC(C1CC1)CC2C1CCCC1
c1ccc2c(c1)CCC(C1CC1)CC2C1CCCCC1
c1ccc2c(c1)CCC(C1CC1)CC2C1CCCCC1
c1ccc2c(c1)CCC(C1CC1)CC2C1CCCC1
c1ccc2c(c1)CCC(C1CC1)CC2C1CCCC1
c1ccc2c(c1)CCC(C1CC1)CCC2C1CCCC1
c1ccc2c(c1)CCC(C1CC1)CCC2C1CCCC1
c1ccc2c(c1)CCC(C1CC1)CCC2C1CCC1
c1ccc2c(c1)CCC(C1CC1)CCC2C1CCC1
c1ccc2c(c1)CCC(C1CC1)CCC2C1CCC1
c1ccc2c(c1)CCC(C1CC1)CCC2C1CCC1
c1ccc2c(c1)CCC(C1CC1)CCC2C1CC1
c1ccc2c(c1)CCC(C1CC1)CCC2C1CC1
c1ccc2c(c1)CCC(C1CC1)CCC2C1CC1
c1ccc2c(c1)CCC(C1CC1)CCC2C1CCC1
c1ccc2c(c1)CCC(C1CC1)CCC2C1CCC1
c1ccc2c(c1)CCC(C1CC1)CCC2C1CCC1
c1ccc2c(c1)CCCCCC2C1CCC1
c1ccc2c(c1)CCCCCC2C1CCC1
c1ccc2c(c1)CCCCCC2C1CCCC1
c1ccc2c(c1)CCCCCC2C1CCCC1
c1ccc2c(c1)CCCCCC2C1CCCC1
c1ccc2c(c1)CCCCCC2C1CCCC1
c1ccc2c(c1)CCCCCC2C1CCCC1
c1ccc2c(c1)CCCCCC2C1CCC1
c1ccc2c(c1)CCCCCC2C1CCC1
c1ccc2c(c1)CCC1CCCC2CC1
c1ccc2c(c1)CCC1CCCCCC21
c1ccc2c(c1)CCC1OCCC21
c1ccc2c(c1)CCC1OCCC21
c1ccc2c(c1)CCC1CCCC21
c1ccc2c(c1)CCC1CCCC21
c1ccc2c(c1)CCC1CCCC21
c1ccc2c(c1)CCC1CCCC21
c1ccc2c(c1)CCC1CCCC21
c1ccc2c(c1)CCC1CCCC21
c1ccc2c(c1)CCC1CCCC21
c1ccc2c(c1)CCC1CCCC21
c1ccc2c(c1)CCC1CCCC21
c1ccc2c(c1)CCC1CCCC21
c1ccc2c(c1)CCC1CCCC21
c1ccc2c(c1)CCC1CCCC21
c1ccc2c(c1)CCC1CCCC21
c1ccc2c(c1)CCC1CCCC21
c1ccc2c(c1)CCC1CCCC21
c1ccc2c(c1)CCC1CCCC21
c1ccc2c(c1)CCC1CCCC21
c1ccc2c(c1)CCC1CCCC21
c1ccc2c(c1)CCC1CCCC21
c1ccc2c(c1)CCC1CCCC21
c1ccc2c(c1)CCC1CCCC21
c1ccc2c(c1)CCC1CCCC21
c1ccc2c(c1)CCC1CCCC21
c1ccc2c(c1)CCC1CCCC21
c1ccc2c(c1)CCC1CCCC21
c1ccc2c(c1)CCC1CCCC21
c1ccc2c(c1)CCC1CCCC21
c1ccc2c(c1)CCC1CC(C3=NCC3)CC21
c1ccc2c(c1)CCC1CC(C3=NC3)CC21
c1ccc2c(c1)CCC1CC(C3=NC3)CC21
c1ccc2c(c1)CCC1CC(C3=NCC3)CC21
C1=CC(C2CC3CCc4ccccc4C3C2)=N1
c1ccc2c(c1)CCC1CC(c3nccs3)CC21
c1ccc2c(c1)CCC1CC(c3nccs3)CC21
c1ccc2c(c1)CCC1CC(c3nccs3)CCC21
c1ccc2c(c1)CCC1CC(c3nccs3)CCCC21
c1ccc2c(c1)CCC1CC(c3nccs3)CCCC21
c1ccc2c(c1)CCC1CC(c3nccs3)CCC21
c1ccc2c(c1)CCC1CC(c3nccs3)CCC21
c1ccc2c(c1)CCC1CC(c3nccs3)CCCC21
c1ccc2c(c1)CCC1CC(c3nccs3)CCC21
O=C1C=CC2C(=C1)CCC1C2CCC2C(C(=O)CSc3ccccn3)CCC21
O=C1C=CC2C(=C1)CCC1C2CCC2C(C(=O)CSc3ccccn3)CCC21
O=C1C=CC2C(=C1)CCC1C2CCC2C(C(=O)CSc3ccccn3)CCC21
O=C1C=CC2C(=C1)CCC1C2CCC2C(C(=O)CSc3ccccn3)CCC21
O=C1C=CC2C(=C1)CCC1C2CCC2C(C(=O)CSc3ccccn3)CCC21
O=C1C=CC2C(=C1)CCC1C2CCC2C(C(=O)CSc3ccccn3)CCC21
O=C1C=C2CCC3C(CCC4C(C(=O)CSc5ccccn5)CCC43)C2C1
O=C(CSc1ccccn1)C1CCC2C1CCC1C3CC(=O)C3CCC21
O=C(CSc1ccccc1)C1CCC2C1CCC1C3CC(=O)C3CCC21
O=C(CSc1ccccc1)C1CCC2C1CC1C3CC(=O)C3CCC21
O=C(CSc1ccccc1)CC1CC2CCC3C(=O)CC3C2C1
O=C(CSc1ccccc1)CC1CC2CCC3C(=O)C3C2C1
O=C(CSc1ccccc1)CC1CC2CCC3C(=O)C3C2C1
O=C(CNc1ccccc1)CC1CC2CCC3C(=O)C3C2C1
O=C(CNc1ccccc1)CC1CC2CCC3C(=O)C3C2C1
O=C(CNc1ccccc1)CC1CC2CCC3C(=O)C3C2C1
O=C(CNc1ccccc1)CC1CC2CC3C(=O)C3C2C1
O=C(CC1CC2CC3C(=O)C3C2C1)Nc1ccccc1
O=C(CC1CC2CC3C(=O)C3C2C1)Nc1ccccc1
O=C(CC1CC2CC3C(=O)C3OC2C1)Nc1ccccc1
O=C(CCC1CCC2OC3C(=O)C3CC12)Nc1ccccc1
O=C(CCC1CCC2OC3C(=O)C3CC12)Nc1ccccc1
O=C(CCC1CCC2OC3C(=O)C3CC12)Nc1ccccc1
O=C(CCC1CCC2OC3C(=O)C3CC12)Nc1ccccc1
O=C(CCC1CCC2OC3C(=O)C3OC12)Nc1ccccc1
O=C(CCC1CCC2OC3C(=O)C3OC12)Nc1ccccc1
O=C(CCC1CCC2OC3C(=O)C3OC12)Nc1ccccc1
O=C(CCC1CC2OC3C(=O)C3OC12)Nc1ccccc1
O=C(CCC1CCOC2C(=O)C2OC1)Nc1ccccc1
O=C(CCC1CCOC2C(=O)C2OC1)Nc1ccccc1
O=C(CCC1COC2C(=O)C2OC1)Nc1ccccc1
O=C(CCC1COC2C(=O)C2OC1)Nc1ccccc1
O=C(CCCC1OC2C(=O)C2O1)Nc1ccccc1
O=C(CCCC1OC2C(=O)C2O1)Nc1ccccc1
O=C(CCCC1OC2C(=O)C2O1)Nc1ccccc1
O=C(CCCC1OC2C(=O)C2O1)Nc1ccccc1
O=C(CCCC1OC2C(=O)C2O1)Nc1ccccc1
O=C(CCCC1OC2C(=O)C2O1)Nc1ccccc1
O=C(CCCC1OC2C(=O)C2O1)Nc1ccccc1
O=C(CCCC1OC2C(=O)C2O1)Nc1ccccc1
O=C(CCCC1OC2C(=O)C2O1)Nc1ccccc1
O=C(CCCC1OC2C(=O)C2O1)Nc1ccccc1
O=C(CCCC1OC2C(=O)C2O1)Nc1ccccc1
O=C(CCCC1OC2C(=O)C2O1)Nc1ccccc1
O=C(CCCC1OC2C(=O)C2O1)Nc1ccccc1
O=C(CCCC1OC2C(=O)C2O1)Nc1ccccc1
O=C(CCCC1OC2C(=O)C2O1)Nc1ccccc1
O=C(CCCC1OC2C(=O)C2O1)Nc1ccccc1
O=C1C2OC(CCCCCc3ccccc3)OC12
O=C1C2OC(CCCCCc3ccccc3)OC12
O=C1C2OC(CCCCCc3ccccc3)OC12
O=C1C2OC(CCCCCc3ccccc3)OC12
O=C1C2OC(CCCCCc3ccccc3)OC12
O=C1COC(CCCCCc2ccccc2)OC1
O=C1COC(CCCCCc2ccccc2)OC1
O=C1COC(NC(=O)CCCc2ccccc2)OC1
O=C1COC(NC(=O)CCCc2ccccc2)OC1
O=C1COC(CNC(=O)CCCc2ccccc2)OC1
O=C1COC(CNC(=O)CCCc2ccccc2)OC1
O=C(CCCc1ccccc1)NCC1OCOCC1=O
O=C(CCCc1ccccc1)NCC1OCOCC1=O
O=C(CCCc1ccccc1)NCC1OCOC1=O
O=C(CCCc1ccccc1)NC=C1OCOC1=O
O=C(CCCc1ccccc1)NC=C1OCOC1=O
O=C(CCCc1ccccc1)NC=C1OCOC1=O
O=C(CCCc1ccccc1)NCC1OCOC1=O
O=C(CCCc1ccccc1)NCCC1OCOC1=O
O=C(CCCc1ccccc1)NCC1OCOC1=O
O=C(CCCc1ccccc1)NCC1CC(=O)OCO1
O=C(CCCc1ccccc1)NCC1COCOC(=O)C1
O=C(CCCc1ccccc1)NC1CCOCOC1=O
O=C(CCCc1ccccc1)NC1COCOC1=O
O=C(CCCc1ccccc1)NC1COCOC1=O
O=C(CCCc1ccccc1)NC1COCOC1=O
O=C(CCCc1ccccc1)NC1=COCOC1=O
O=C(CCCc1ccccc1)NC1=COCOC1=O
O=C(CCCc1ccccc1)NC1=CCCOC1=O
O=C(CCCc1ccccc1)NC1=CCCOC1=O
O=C(CCCc1ccccc1)Nc1cccoc1=O
O=C(CCCc1ccccc1)Nc1cccoc1=O
O=C(CCCc1ccccc1)NC1=CCOC1=O
O=C(CCCc1ccccc1)NC1=CCOC1=O
O=C(CCCc1ccccc1)NC1=CCOC1=O
O=C(CCCc1ccccc1)NC1=CCOC1=O
O=C(CCCc1ccccc1)NC1=CCOC1=O
O=C(CCCc1ccccc1)NC1=CCOC1=O
O=C(CCCc1ccccc1)NC1=CCOC1=O
O=C(CCCc1ccccc1)NC1=CCOC1=O
O=C(CCCc1ccccc1)NC1=CCOC1=O
O=C(CCCc1ccccc1)NC1=CCOC1=O
O=C(CCCc1ccccc1)NC1=CCOC1=O
O=C(CCCc1ccccc1)NC1=CCOC1=O
O=C(CCCc1ccccc1)NC1=C(CCC2CCC2)COC1=O
O=C(CCCc1ccccc1)NC1=C(CC2CCC2)COC1=O
O=C(CCCc1ccccc1)NC1=C(CC2CCC2)COC1=O
O=C(CCCc1ccccc1)NC1=C(CC2CCCC2)COC1=O
O=C(CCCc1ccccc1)NC1=CCOC1=O
O=C(CCCc1ccccc1)NC1=CCOC1=O
O=C(CCCc1ccccc1)NC1=CCOC1=O
O=C(CCCc1ccccc1)NC1=CCOC1=O
O=C(CCCc1ccccc1)NC1=C(CCC2CCC2)COC1=O
O=C(CCCc1ccccc1)NC1=C(CC2CCC2)COC1=O
O=C(CCCc1ccccc1)NC1=C(CC2CCCC2)COC1=O
O=C(CCCc1ccccc1)NC1=C(CC2CCCCC2)COC1=O
O=C(CCCc1ccccc1)NC1=C(C2CCCCC2)COC1=O
O=C(CCCc1ccccc1)NC1=C(C2CCCC2)COC1=O
O=C(CCCc1ccccc1)NC1=C(C2CCC2)COC1=O
O=C(CCCc1ccccc1)NC1=CCOC1=O
O=C(CCCc1ccccc1)NC1=CCOC1=O
O=C(CCCc1ccccc1)NC1=CCOC1=O
O=C(CCCc1ccccc1)NC1=CCOC1=O
O=C(CCCc1ccccc1)NC1=CCOC1=O
O=C(CCCc1ccccc1)NC1=CCOC1=O
O=C(CCCc1ccccc1)NC1=CCOC1=O
O=C(CCCc1ccccc1)NC1=CCOC1=O
O=C(CCCc1ccccc1)NC1=CCOC1=O
O=C(CCCc1ccccc1)NC1=CCOC1=O
O=C(CCCc1ccccc1)NC1=CCOC1=O
O=C(CCCc1ccccc1)NC1=CCOC1=O
O=C(CCCc1ccccc1)NC1=CCOC1=O
O=C(CCCc1ccccc1)NC1=CCOC1=O
O=C(CCCc1ccccc1)NC1=CCOC1=O
O=C(CCCc1ccccc1)NC1=CCOC1=O
O=C(CCCc1ccccc1)NC1=CCOC1=O
O=C(CCCc1ccccc1)NC1=CCOC1=O
O=C(CCCc1ccccc1)NC1=CCOC1=O
O=C(CCCc1ccccc1)NC1=CCOC1=O
O=C(CCCc1ccccc1)NC1=CC(=O)OC1
O=C(CCCc1ccccc1)NC1=CC(=O)OC1
O=C(CCCc1ccccc1)NC1=CC(=O)OC1
O=C(CCCc1ccccc1)NC1=CC(=O)OC1
O=C(CCCc1ccccc1)NC1=CC(=O)OC1
O=C(CCCc1ccccc1)NC1=CC(=O)OC1
O=C(CCCc1ccccc1)NC1=CC(=O)OC1
O=C(CCCc1ccccc1)NC1=CC(=O)OC1
O=C(CCCc1ccccc1)NC1=CC(=O)OC1
O=C(CCCc1ccccc1)NC1=CC(=O)OC1
O=C(CCCc1ccccc1)NC1=CC(=O)OC1
O=C(CCCc1ccccc1)NC1=CC(=O)OC1
O=C(CCCc1ccccc1)NC1=CC(=O)OC1
O=C(CCCc1ccccc1)NC1=CC(=O)OC1
O=C(CCCc1ccccc1)NC1=CC(=O)OC1
O=C(CCCc1ccccc1)NC1=CC(=O)OC1
O=C(CCCc1ccccc1)NC1=C(C2CCNC2)C(=O)OC1
O=C(CCCc1ccccc1)NC1=C(C2CCCNC2)C(=O)OC1
O=C(CCCc1ccccc1)NC1=C(C2CCCN2)C(=O)OC1
O=C(CCCc1ccccc1)NC1=C(C2CCN2)C(=O)OC1
O=C(CCCc1ccccc1)NC1=C(C2CCN2)COC1=O
O=C(CCCc1ccccc1)NC1=C2CCCNC2OC1=O
O=C(CCCc1ccccc1)NC1=CCOC1=O
O=C(CCCc1ccccc1)NC1=CCOC1=O
O=C(CCCc1ccccc1)NC1=CCOC1=O
O=C(CCCc1ccccc1)NC1=CCOC1=O
O=C(CCCc1ccccc1)NC1=CCOC1=O
O=C(CCCc1ccccc1)NC1=CCOC1=O
O=C(CCCc1ccccc1)NC1=CCOC1=O
O=C(CCCc1ccccc1)NC1=CCCOC1=O
O=C(CCCc1ccccc1)NC1=CCCOC1=O
O=C(CCCc1ccccc1)NC1=CCCOC(=O)O1
O=C(CCCc1ccccc1)NC1=CCOC(=O)O1
O=C(CCCc1ccccc1)NC1=CCOC(=O)O1
O=C(CCCc1ccccc1)NC1=COC(=O)OC1
O=C(CCCc1ccccc1)NC1=COC(=O)CC1
O=C(CCCc1ccccc1)NC1=CCOC(=O)CC1
O=C(CCCc1ccccc1)NC1=CCOC(=O)C=C1
O=C1C=CC(NC(=O)CCCc2ccccc2)=CCC1
O=C(CCCc1ccccc1)NC1=CCCCC=C1
O=C(CCCc1ccccc1)NC1=CCCCC=C1
O=C(CCCc1ccccc1)NC1=CCCCC=C1
O=C(CCCc1ccccc1)NC1=CCCC=C1
O=C(CCCc1ccccc1)NC1=CCCC=C1
O=C(CCCc1ccccc1)Nc1ccccc1
O=C(CCCc1ccccc1)Nc1ccccc1
O=C(CCCc1ccccc1)Nc1ccccc1
O=C(CCCc1ccccc1)Nc1ccccc1
O=C(CCCc1ccccc1)Nc1ccc2c(c1)CC2
O=C(CCCc1ccccc1)Nc1ccc2c(c1)CCO2
O=C(CCCc1ccccc1)Nc1ccc2c(c1)CCO2
O=C(CCCc1ccccc1)Nc1ccc2c(c1)CCO2
O=C(CCCc1ccccc1)Nc1ccc2c(c1)CO2
O=C(CCCc1ccccc1)Nc1ccc2c(c1)C(=O)O2
O=C(CCCc1ccccc1)Nc1ccc2c(c1)C(=O)OC2
O=C(CCCc1ccccc1)Nc1ccc2c(c1)COC2=O
O=C(NCc1cccnc1)c1ccc2c(c1)CCC1CCCCC21Cc1ccccc1
O=C(NCc1cccnc1)c1ccc2c(c1)CCC1CCCC21Cc1ccccc1
O=C(NCc1cccnc1)c1ccc2c(c1)CCC1CCCC21Cc1ccccc1
O=C(NCc1cccnc1)c1ccc2c(c1)CCCC2Cc1ccccc1
O=C(Nc1cccnc1)c1ccc2c(c1)CCCC2Cc1ccccc1
O=C(Nc1cccnc1)c1ccc2c(c1)CCCC2Cc1ccccc1
O=C(Nc1ccccc1)c1ccc2c(c1)CCCC2Cc1ccccc1
O=C(Nc1ccccc1)Nc1ccc2c(c1)CCCC2Cc1ccccc1
O=C(Nc1ccccc1)Nc1ccc2c(c1)CCCCC2Cc1ccccc1
O=C(Nc1ccccc1)Nc1ccc2c(c1)CCCCC2Cc1ccccc1
O=C(Nc1ccccc1)Nc1ccc2c(c1)CCCCCC2Cc1ccccc1
O=C(Nc1ccccc1)Nc1ccc2c(c1)CCCCCC2Cc1ccccc1
c1ccc(CCCCCCC2CCCCc3ccccc3C2Cc2ccccc2)cc1
c1ccc(CCCCCC2CCCCc3ccccc3C2Cc2ccccc2)cc1
c1ccc(CCCCCC2CCCCc3ccccc3C2Cc2ccccc2)cc1
c1ccc(CCCCCC2CCCCc3ccccc3C2Cc2ccccc2)cc1
c1ccc(CCCCCC2CCCCc3ccccc3C2Cc2ccccc2)cc1
c1ccc(CCCCC2CCCCc3ccccc3C2Cc2ccccc2)cc1
c1ccc(CCCCC2CCCc3ccccc3C2Cc2ccccc2)cc1
c1ccc(CCCCC2CCCc3ccccc3C2Cc2ccccc2)cc1
c1ccc(CCCCC2CCCc3ccccc3C2Cc2ccccc2)cc1
c1ccc(CCCCC2CCCc3ccccc3C2Cc2ccccc2)cc1
c1ccc(CCCCC2CCCCc3ccccc3C2Cc2ccccc2)cc1
c1ccc(CCCCC2CCCCc3ccccc3C2Cc2ccccc2)cc1
c1ccc(CCCCC2CCCCc3ccccc3C2Cc2ccccc2)cc1
c1ccc(CCCCC2CCCCc3ccccc3C2Cc2ccccc2)cc1
c1ccc(CCCCC2CCCCc3ccccc3C2Cc2ccccc2)cc1
c1ccc(CCCCC2CCCCc3ccccc3C2Cc2ccccc2)cc1
c1ccc(CCCCC2CCCCc3ccccc3C2Cc2ccccc2)cc1
O=C(CCCc1ccccc1)Nc1ccc2c(c1)CCCCC(CCCCc1ccccc1)C2
O=C(CCCc1ccccc1)Nc1ccc2c(c1)CC(CCCCc1ccccc1)CCCC2
O=C(Nc1ccc2c(c1)CCCCCC2)C(CCc1ccccc1)CCc1ccccc1
O=C(Nc1ccc2c(c1)CCCCCC2)C(CCc1ccccc1)Cc1ccccc1
O=C(Nc1ccc2c(c1)CCCCCC2)C(CCc1ccccc1)CC1C=CC=C1
O=C(Nc1ccc2c(c1)CCCCCC2)C(CCc1ccccc1)CC1C=CC=C1
O=C(Nc1ccc2c(c1)CCCCCC2)C(CCc1ccccc1)CC1C=CC1
O=C(Nc1ccc2c(c1)CCCCCC2)C(CCc1ccccc1)CC1C=CC1
O=C(Nc1ccc2c(c1)CCCCCC2)C(CCc1ccccc1)CC1CC1
O=C(Nc1ccc2c(c1)CCCCCC2)C(CCc1ccccc1)CC1CCC1
O=C(Nc1ccc2c(c1)CCCCCC2)C(CCc1ccccc1)CC1CCC1
O=C(Nc1ccc2c(c1)CCCCCC2)C(CCc1ccccc1)CC1CCCC1
O=C(Nc1ccc2c(c1)CCCCCC2)C(CCc1ccccc1)CC1CCCC1
O=C(Nc1ccc2c(c1)CCCCC2)C(CCc1ccccc1)CC1CCCC1
O=C(Nc1ccc2c(c1)CCCCC2)C(CCc1ccccc1)CC1CCCCC1
O=C(Nc1ccc2c(c1)CCCCC2)C(CCc1ccccc1)CC1CCCCCC1
O=C(Nc1ccc2c(c1)CCCCC2)C(CCc1ccccc1)CC1CCCCCC1
O=C(Nc1ccc2c(c1)CCCC2)C(CCc1ccccc1)CC1CCCCCC1
O=C(Nc1ccc2c(c1)CCC2)C(CCc1ccccc1)CC1CCCCCC1
O=C(Nc1ccc2c(c1)CCC2)C(CCc1ccccc1)CC1CCCCCC1
O=C(Nc1ccc2c(c1)CC2)C(CCc1ccccc1)CC1CCCCCC1
C=C1Cc2cc(NC(=O)C(CCc3ccccc3)CC3CCCCCC3)ccc21
C=C1CCc2cc(NC(=O)C(CCc3ccccc3)CC3CCCCCC3)ccc21
C=C1OCc2cc(NC(=O)C(CCc3ccccc3)CC3CCCCCC3)ccc21
O=C1OCc2cc(NC(=O)C(CCc3ccccc3)CC3CCCCCC3)ccc21
O=C1OCc2cc(NC(=O)C(CCc3ccccc3)CC3CCCCC3)ccc21
O=C(NCc1cccnc1)c1ccc2c(c1)CCC1CCCCC21Cc1ccccc1
O=C(NCc1cccnc1)c1ccc2c(c1)CCCC2Cc1ccccc1
O=C(NCc1cccnc1)c1ccc2c(c1)CCCC2Cc1ccccc1
O=C(NCc1cccnc1)c1ccc2c(c1)CCCC2Cc1ccccc1
O=C(NCOc1cccnc1)c1ccc2c(c1)CCCC2Cc1ccccc1
O=C(NCOc1cccnc1)c1ccc2c(c1)CCCC2Cc1ccccc1
O=C(NCOc1cccnc1)c1ccc2c(c1)CCCC2Cc1ccccc1
O=C(NCOc1cccnc1)c1ccc2c(c1)CCCC2Cc1ccccc1
O=C(NCOc1cccnc1)c1ccc2c(c1)CCCC2Cc1ccccc1
O=C(NCOc1cccnc1)c1ccc2c(c1)CCCC2Cc1ccccc1
O=C(NCOc1cccnc1)c1ccc2c(c1)CCCC2Cc1ccccc1
O=C(NCOc1ccccc1)c1ccc2c(c1)CCCC2Cc1ccccc1
O=C(NCOc1ccccc1)c1ccc2c(c1)CCCC2Cc1ccccc1
O=C(NCOc1ccccc1)c1ccc2c(c1)CCCC2Cc1ccccc1
O=C(NCOc1ccccc1)C1=CC2C(=C1)CCCC2Cc1ccccc1
O=C(NCOc1ccccc1)C1C=C2CCCC(Cc3ccccc3)C21
O=C(NCOc1ccccc1)C1C2CCCC(Cc3ccccc3)C21
O=C(NCOc1ccccc1)C1CCCC(Cc2ccccc2)C1
O=C(NCOc1ccccc1)C1CCCC(Cc2ccccc2)OC1
O=C(NCOc1ccccc1)C1CCCC(Cc2ccccc2)C1
O=C(NCOc1ccccc1)C1CCCC(Cc2ccccc2)CC1
O=C(NCOc1ccccc1)C1CCCC(Cc2ccccc2)CC1
O=C(NCOc1ccccc1)C1CCCC(Cc2ccccc2)CCC1
O=C(NCOc1ccccc1)C1CCCC(Cc2ccccc2)CCC1
O=C(NCOc1ccccc1)C1CCCC(Cc2ccccc2)CCC1
O=C(NCOc1ccccc1)C1CCCC(Cc2ccccc2)CCC1
O=C(NCOc1ccccc1)C1CCCC(Cc2ccccc2)CCC1
O=C(NCOc1ccccc1)C1CCCC(Cc2ccccc2)CCC1
O=C(NCOc1ccccc1)C1CCCC(Cc2ccccc2)CCC1
O=C(NCOc1ccccc1)C1CCCC(Cc2ccccc2)CCC1
O=C(NCCOc1ccccc1)C1CCCC(Cc2ccccc2)CCC1
O=C(NCCOc1ccccc1)C1CCCC(Cc2ccccc2)CCC1
O=C(NCCOc1ccccc1)C1CCCC(Cc2ccccc2)CCC1
O=C(NCCOc1ccccc1)C1CCCC(Cc2ccccc2)CCC1
O=C(NCCOc1ccccc1)C1CCCC(Cc2ccccc2)CCC1
O=C(NCC(Oc1ccccc1)N1CC1)C1CCCC(Cc2ccccc2)CCC1
O=C(NCC(Oc1ccccc1)N1CC1)C1CCCC(Cc2ccccc2)CCC1
O=C(NCC(Oc1ccccc1)N1CC1)C1CCCC(Cc2ccccc2)CCC1
O=C(NCC(Oc1ccccc1)N1CC1)C1CCCC(Cc2ccccc2)CCC1
O=C(NCC(Oc1ccccc1)N1CC1)C1CCCC(Cc2ccccc2)CCC1
O=C(NCC(Oc1ccccc1)N1C=C1)C1CCCC(Cc2ccccc2)CCC1
O=C(NCC(Oc1ccccc1)N1C=C1)C1CCCC(Cc2ccccc2)CCC1
O=C(NCC(Oc1ccccc1)N1C=C1)C1CCCC(Cc2ccccc2)CCC1
O=C(NCC(Oc1ccccc1)C1=CN1)C1CCCC(Cc2ccccc2)CCC1
O=C(NCC(Oc1ccccc1)C1=CN1)C1CCCC(Cc2ccccc2)CCC1
O=C(NCC(Oc1ccccc1)C1=CN1)C1CCCC(Cc2ccccc2)CCC1
O=C(NCC(Oc1ccccc1)C1=CN1)C1CCCC(Cc2ccccc2)CCC1
O=C(NCC(Oc1ccccc1)C1=CCN1)C1CCCC(Cc2ccccc2)CCC1
O=C(NCC(Oc1ccccc1)C1=CCN1)C1CCCC(Cc2ccccc2)CCC1
O=C(NCC(Oc1ccccc1)C1=CCC1)C1CCCC(Cc2ccccc2)CCC1
O=C(NCC(Oc1ccccc1)C1=CCC1)C1CCCC(Cc2ccccc2)CCC1
O=C(NCC(Oc1ccccc1)C1=CCC1)C1CCCC(Cc2ccccc2)CCC1
O=C(NCC(Oc1ccccc1)C1=CC=C1)C1CCCC(Cc2ccccc2)CCC1
O=C(NCC(Oc1ccccc1)C1=CC=C1)C1CCCC(Cc2ccccc2)CCC1
O=C(NCC(Oc1ccccc1)C1=CC=C1)C1CCCC(Cc2ccccc2)CCC1
O=C(NCC(Oc1ccccc1)C1=CC(CCc2ccccc2)=C1)C1CCCCCCC1
O=C(NCC(Oc1ccccc1)C1=CC(CCc2ccccc2)=C1)C1CCCCCCC1
O=C(NCC(Oc1ccccc1)C1=CC(CCc2ccccc2)=C1)C1CCCCCCC1
O=C(NCC(Oc1ccccc1)C1=CC(CCc2ccccc2)=C1)C1CCCCCC1
O=C(NCC(Oc1ccccc1)C1=CC(CCc2ccccc2)=C1)C1CCCCC1
O=C(NCC(Oc1ccccc1)C1=CC(CCc2ccccc2)=C1)C1CCC2CC2C1
O=C(NCC(Oc1ccccc1)C1=CC(CCc2ccccc2)=C1)C1CCCCC1
O=C(NCC(Oc1ccccc1)C1=CC(CCc2ccccc2)=C1)C1CCCCC1
O=C(NCC(Oc1ccccc1)C1=CC(CCc2ccccc2)=C1)C1CCCC1
O=C(NCC(Oc1ccccc1)C1=CC(CCc2ccccc2)=C1)C1CCCC1
O=C(NCC(Oc1ccccc1)C1=CC(CCc2ccccc2)=C1)C1CCCC1
O=C(NCC(Oc1ccccc1)C1=CC(CCc2ccccc2)=C1)C1CCC1
O=C(NCC(Oc1ccccc1)C1=CC(CCc2ccccc2)=C1)C1CC1
O=C(NCC(Oc1ccccc1)C1=CC(CCc2ccccc2)=C1)C1CC1
O=C(NCC(Oc1ccccc1)C1=CC(COCc2ccccc2)=C1)C1CC1
O=C(NCC(Oc1ccccc1)C1=CC(COCc2ccccc2)=C1)C1CC1
O=C(NCC(Oc1ccccc1)C1=CC(COCc2ccccc2)=C1)C1CC1
O=C(NCC(Oc1ccccc1)C1=CC(OOCc2ccccc2)=C1)C1CC1
O=C(NCC(Oc1ccccc1)C1=CC(OOCc2ccccc2)=C1)C1CC1
O=C(NCC(Oc1ccccc1)C1=CC(OOCc2ccccc2)=C1)C1CC1
O=C(NCC(Oc1ccccc1)C1=CC(OOCc2ccccc2)=C1)C1CC1
O=C(NCC(Oc1ccccc1)C1=CC(OCc2ccccc2)=C1)C1CC1
O=C(NCC(Oc1ccccc1)C1=CC(OCc2ccccc2)=C1)C1CC1
O=C(NCC(Oc1ccccc1)C1=CC(OCc2ccccc2)=C1)C1CC1
O=C(NCC(Oc1ccccc1)C1=CC(OCc2ccccc2)=C1)C1CC1
O=C(NCC(Oc1ccccc1)C1=CC(OCc2ccccc2)=C1)C1CC1
O=C(NCC(Oc1ccccc1)C1=CC(OCc2ccccc2)=C1)C1CC1
O=C(NCC(Oc1ccccc1)C1=CC(OCc2ccccc2)=C1)C1CC1
O=C(NCC(Oc1ccccc1)C1=CC(OCc2ccccc2)=C1)C1CC1
O=C(NCC(Oc1ccccc1)C1=CC(OC(CN2CN2)c2ccccc2)=C1)C1CC1
O=C(NCC(Oc1ccccc1)C1=CC(OC(CN2CN2)c2ccccc2)=C1)C1CC1
O=C(NCC(Oc1ccccc1)C1=CC(OC(CC2CN2)c2ccccc2)=C1)C1CC1
O=C(NCC(Oc1ccccc1)C1=CC(OC(CCN2CC2)c2ccccc2)=C1)C1CC1
O=C(NCC(Oc1ccccc1)C1=CCC(OC(CCN2CC2)c2ccccc2)=C1)C1CC1
O=C(NCC(Oc1ccccc1)C1=CCC(OC(CN2CC2)c2ccccc2)=C1)C1CC1
O=C(NCC(Oc1ccccc1)C1=CCC(OC(CN2CC2)c2ccccc2)=C1)C1CC1
O=C(NCC(Oc1ccccc1)C1=CC(OC(CN2CC2)c2ccccc2)=C1)C1CC1
O=C(NCC(Oc1ccccc1)C1=CC(OC(CN2CO2)c2ccccc2)=C1)C1CC1
O=C(NCC(Oc1ccccc1)C1=CC(OC(CN2CO2)c2ccccc2)=C1)C1CC1
O=C(NCC(Oc1ccccc1)C1=CC(OC(CN2CO2)c2ccccc2)=C1)C1CC1
O=C(NCC(Oc1ccccc1)C1=CC(OC(CN2CO2)c2ccccc2)=C1)C1CC1
O=C(NCC(Oc1ccccc1)C1=CC(OC(CN2COC2)c2ccccc2)=C1)C1CC1
O=C(NCC(Oc1ccccc1)C1=CC(OCc2ccccc2)=C1)C1CC1
O=C(NCC(Oc1ccccc1)C1=CC(OCc2ccccc2)=C1)C1CC1
O=C(NCC(Oc1ccccc1)C1=CC(OCc2ccccc2)=C1)C1CC1
O=C(NCC(Oc1ccccc1)C1=CC(OCc2ccccc2)=C1)C1CC1
O=C(NCC(Oc1ccccc1)C1=CC(OCc2ccccc2)=C1)C1CC1
O=C(NCC(Oc1ccccc1)C1=CC(OCc2ccccc2)=C1)C1CC1
O=C(NCC(Oc1ccccc1)C1=CC(OCc2ccccc2)=C1)C1CC1
O=C(NCC(Oc1ccccc1)C1=CC(OCc2ccccc2)=C1)C1CC1
O=C(NCC(Oc1ccccc1)C1=CC(OCc2ccccc2)=C1)C1CC1
O=C(NCC(Oc1ccccc1)C1=CC(OCc2ccccc2)=C1)C1CC1
O=C(NCC(Oc1ccccc1)C1=CC(OCc2ccccc2)=C1)C1CC1
O=C(NCC(Oc1ccccc1)C1=CC(OCc2ccccc2)=C1)C1CC1
O=C(NCC(Oc1ccccc1)C1=CC(OCc2ccccc2)=C1)C1CC1
O=C(NCC(Oc1ccccc1)C1=CC(OC(CNC(=O)C2CC2)c2ccccc2)=C1)C1CC1
O=C(NCC(Oc1ccccc1)C1=CC(OC(CNC(=O)C2CC2)c2ccccc2)=C1)C1CC1
O=C(NCC(Oc1ccccc1)C1=CC(OC(CNC(=O)C2CCC2)c2ccccc2)=C1)C1CC1
O=C(NCC(Oc1ccccc1)C1=CC(OC(CNC(=O)C2CCC2)c2ccccc2)=C1)C1CC1
O=C(NCC(Oc1ccccc1)C1=CC(OC(CNC(=O)C2CC2)c2ccccc2)=C1)C1CC1
O=C(NCC(Oc1ccccc1)C1=CC(OC(CNC(=O)C2CN2)c2ccccc2)=C1)C1CC1
O=C(NCC(Oc1ccccc1)C1=CC(OC(CNC(=O)C2CN2)c2ccccc2)=C1)C1CC1
O=C(NCC(Oc1ccccc1)C1=CC(OC(CNC(=O)C2CNC2)c2ccccc2)=C1)C1CC1
O=C(NCC(Oc1ccccc1)C1=CC(OC(CNC(=O)C2CNC2)c2ccccc2)=C1)C1CC1
O=C(NCC(Oc1ccccc1)C1=CC(OC(CNC(=O)C2CCNC2)c2ccccc2)=C1)C1CC1
O=C(NCCC1=CC(OC(CNC(=O)C2CCN(c3ccccc3)C2)c2ccccc2)=C1)C1CC1
O=C(NCCC1=CC(OC(CNC(=O)C2CCN(c3ccccc3)C2)c2ccccc2)=C1)C1CC1
O=C(NCCC1=CC(OC(CNC(=O)C2CCN(c3ccccc3)CC2)c2ccccc2)=C1)C1CC1
O=C(NCCC1=CC(OC(CNC(=O)C2CCN(c3ccccc3)CC2)c2ccccc2)=C1)C1CC1
O=C(NCCC1=CC(OC(CNC(=O)C2CCN(c3ccccc3)CC2)c2ccccc2)=C1)C1CC1
O=C(NCCC1=CC(OC(CNC(=O)C2CCN(c3ccccc3)CC2)c2ccccc2)=C1)C1CC1
O=C(NCC1=CC(OC(CNC(=O)C2CCN(c3ccccc3)CC2)c2ccccc2)=C1)C1CC1
O=C(NCC1=CC(OC(CNC(=O)C2CCN(c3ccccc3)CC2)c2ccccc2)=CC1)C1CC1
O=C(NCC1=CC(OC(CNC(=O)C2CCN(c3ccccc3)CC2)c2ccccc2)=CCC1)C1CC1
O=C(NCC1=CC(OC(CNC(=O)C2CCN(c3ccccc3)CC2)c2ccccc2)=CCC1)C1CC1
O=C(NCC1=CC(OC(CNC(=O)C2CCN(c3ccccc3)CC2)c2ccccc2)=CCC1)C1CC1
O=C(NCc1cccc(OC(CNC(=O)C2CCN(c3ccccc3)CC2)c2ccccc2)c1)C1CC1
O=C(NCCc1cccc(OC(CNC(=O)C2CCN(c3ccccc3)CC2)c2ccccc2)c1)C1CC1
O=C(NCCc1cccc(OC(CNC(=O)C2CCN(c3ccccc3)CC2)c2ccccc2)c1)C1CC1
O=C(NCCc1cccc(OC(CNC(=O)C2CCN(c3ccccc3)CC2)c2ccccc2)c1)C1CC1
O=C(NCC(Oc1ccc2c(c1)CCN2C(=O)C1CC1)c1ccccc1)C1CCN(c2ccccc2)CC1
O=C(NCC(Oc1ccc2c(c1)CCN2)c1ccccc1)C1CCN(c2ccccc2)CC1
O=C(NCC(Oc1ccc2c(c1)CN2)c1ccccc1)C1CCN(c2ccccc2)CC1
O=C(NCC(Oc1ccc2c(c1)CN2)c1ccccc1)C1CCN(c2ccccc2)CC1
O=C(NCC(Oc1ccc2c(c1)CN2)c1ccccc1)C1CCN(c2ccccc2)CC1
O=C(NCC(Oc1ccc2c(c1)CCN2)c1ccccc1)C1CCN(c2ccccc2)CC1
O=C(NCC(Oc1ccc2c(c1)CC1CCN21)c1ccccc1)C1CCN(c2ccccc2)CC1
O=C(NCC(Oc1ccc(N2CCC2)cc1)c1ccccc1)C1CCN(c2ccccc2)CC1
O=C(NCC(Oc1ccc(N2CCC2)cc1)c1ccccc1)C1CCN(c2ccccc2)CC1
O=C(NCC(Oc1ccc(N2C=CC2)cc1)c1ccccc1)C1CCN(c2ccccc2)CC1
O=C(NCC(Oc1ccc(N2C=C2)cc1)c1ccccc1)C1CCN(c2ccccc2)CC1
O=C(NCC(Oc1ccc(N2C=C2)cc1)c1ccccc1)C1CCN(c2ccccc2)CC1
O=C(NCC(Oc1ccc(N2C=C2)cc1)c1ccccc1)C1CCN(c2ccccc2)CC1
O=C(NCC(Oc1ccc(N2C=N2)cc1)c1ccccc1)C1CCN(c2ccccc2)CC1
O=C(NCC(Oc1ccc(N2CC=N2)cc1)c1ccccc1)C1CCN(c2ccccc2)CC1
O=C(NCC(Oc1ccc(N2CCC=N2)cc1)c1ccccc1)C1CCN(c2ccccc2)CC1
O=C(NCC(Oc1ccc2c(c1)C=CCCN2)c1ccccc1)C1CCN(c2ccccc2)CC1
O=C(NCC(Oc1ccc2c(c1)C=NCCN2)c1ccccc1)C1CCN(c2ccccc2)CC1
O=C(NCC(Oc1ccc2c(c1)C=NCCN2)c1ccccc1)C1CCN(c2ccccc2)CC1
O=C(NCC(Oc1ccc2c(c1)C=NCCN2)c1ccccc1)C1CCN(c2ccccc2)CC1
O=C(NCC(Oc1ccc2c(c1)C=NCCN2)c1ccccc1)C1CCN(c2ccccc2)CC1
O=C(NCC(Oc1ccc2c(c1)C=NNN2)c1ccccc1)C1CCN(c2ccccc2)CC1
O=C(NCC(Oc1ccc2c(c1)C=NNN2)c1ccccc1)C1CCN(c2ccccc2)CC1
O=C(NCC(Oc1ccc2c(c1)C=NNN2)c1ccccc1)C1CCN(c2ccccc2)CC1
O=C(NCC(Oc1ccc2c(c1)C=NNN2)c1ccccc1)C1CCN(c2ccccc2)CC1
O=C(NCC(Oc1ccc2c(c1)C=NNN2)c1ccccc1)C1CCN(c2ccccc2)CC1
O=C(NCC(Oc1ccc2c(c1)C=NNN2C1CC1)c1ccccc1)C1CCN(c2ccccc2)CC1
O=C(NCC(Oc1ccc2c(c1)C=NNN2C1CC1)c1ccccc1)C1CCN(c2ccccc2)CC1
O=C(NCC(Oc1ccc2c(c1)C=NNN2C1CC1)c1ccccc1)C1CCN(c2ccccc2)CC1
O=C(NCC(Oc1ccc2c(c1)C=NNN2C1CC1)c1ccccc1)C1CCN(c2ccccc2)CC1
O=C(NCC(Oc1ccc2c(cnn2C2CC2)c1)c1ccccc1)C1CCN(c2ccccc2)CC1
O=C(NCC(Oc1ccc2c(cnn2C2CC2)c1)c1ccccc1)C1CCN(c2ccccc2)CC1
O=C(NCC(Oc1ccc2c(cnn2C2CC2)c1)c1ccccc1)C1CCN(c2ccccc2)CC1
O=C(NCC(Oc1ccc2c(cnn2C2=CC2)c1)c1ccccc1)C1CCN(c2ccccc2)CC1
O=C(NCC(Oc1ccc2c(cnn2C2=CC2)c1)c1ccccc1)C1CC2C(C1)N2c1ccccc1
O=C(NCC(Oc1ccc2c(cnn2C2=CC2)c1)c1ccccc1)C1CC2C(C1)N2c1ccccc1
O=C(NCC(Oc1ccc2c(cnn2C2=CC2)c1)c1ccccc1)C1CCC2C(C1)N2c1ccccc1
O=C(NCC(Oc1ccc2c(cnn2C2=CC2)c1)c1ccccc1)C1CCC2C(CC1)N2c1ccccc1
O=C(NCC(Oc1ccc2c(cnn2C2=CC2)c1)c1ccccc1)C1CCC2C(CC1)N2c1ccccc1
O=C(NCC(Oc1ccc2c(cnn2C2=CC2)c1)c1ccccc1)C1CCC2C(C1)N2c1ccccc1
O=C(NCC(Oc1ccc2c(cnn2C2=CC2)c1)c1ccccc1)C1CCC2C(C1)N2c1ccccc1
O=C(NCC(Oc1ccc2c(cnn2C2=CC2)c1)c1ccccc1)C1CCC2C(C1)N2c1ccccc1
O=C(NCC(Oc1ccc2c(cnn2C2=CC2)c1)c1ccccc1)C1CCC2C(CC1)N2c1ccccc1
O=C(NCC(Oc1ccc2c(cnn2C2=CC2)c1)c1ccccc1)C1CCC2C(CC1)N2c1ccccc1
O=C(NCC(Oc1ccc2c(cnn2C2=CC2)c1)c1ccccc1)C1CCC2C(C1)N2c1ccccc1
O=C(NCC(Oc1ccc2c(cnn2C2=CC2)c1)c1ccccc1)C1CCCN(c2ccccc2)CC1
O=C(NCC(Oc1ccc2c(cnn2C2=CC2)c1)c1ccccc1)C1CCCCN(c2ccccc2)CC1
O=C(NCC(Oc1ccc2c(cnn2C2=CC2)c1)c1ccccc1)C1CCCCN(c2ccccc2)CC1
O=C(NCC(Oc1ccc2c(cnn2C2=CC2)c1)c1ccccc1)C1CCCN(c2ccccc2)CC1
O=C(NCC(Oc1ccc2c(cnn2C2=CC2)c1)c1ccccc1)C1CCCN(c2ccccc2)CC1
O=C(NCC(Oc1ccc2c(cnn2C2=CC2)c1)c1ccccc1)C1CCCN(c2ccccc2)CC1
O=C(NCC(Oc1ccc2c(cnn2C2=CC2)c1)c1ccccc1)C1CCCN(c2ccccc2)CC1
O=C(NCC(Oc1ccc2c(cnn2C2=CC2)c1)c1ccccc1)C1CCCN(c2ccccc2)CC1
O=C(NCC(Oc1ccc2c(cnn2C2=CC2)c1)c1ccccc1)C1CCCCN(c2ccccc2)CC1
O=C(NCC(Oc1ccc2c(cnn2C2=CC2)c1)c1ccccc1)C1CCCCN(c2ccccc2)CC1
O=C(NCC(Oc1ccc2c(cnn2C2=CC2)c1)c1ccccc1)C1CCCCN(c2ccccc2)C1
O=C(NCC(Oc1ccc2c(cnn2C2=CC2)c1)c1ccccc1)C1CCCCN(c2ccccc2)C1
O=C(NCC(Oc1ccc2c(cnn2C2=CC2)c1)c1ccccc1)C1CCCCN(c2ccccc2)C1
O=C(NCC(Oc1ccc2c(cnn2C2=CC2)c1)c1ccccc1)C1CCCCN(c2ccccc2)C1
O=C(NCC(Oc1ccc2c(cnn2C2=CC2)c1)c1ccccc1)C1CCCCN(c2ccccc2)CC1
O=C(NCC(Oc1ccc2c(cnn2C2=CCC2)c1)c1ccccc1)C1CCCCN(c2ccccc2)CC1
O=C(NCC(Oc1ccc2c(cnn2C2=CC=C2)c1)c1ccccc1)C1CCCCN(c2ccccc2)CC1
O=C(NCC(Oc1ccc2c(cnn2C2=CCC=C2)c1)c1ccccc1)C1CCCCN(c2ccccc2)CC1
O=C(NCC(Oc1ccc2c(cnn2C2=CCC=C2)c1)c1ccccc1)C1CCCCN(c2ccccc2)C1
O=C(NCC(Oc1ccc2c(cnn2C2=CCC=C2)c1)c1ccccc1)C1CCCCN(c2ccccc2)C1
O=C(NCC(Oc1ccc2c(cnn2C2=CCC=C2)c1)c1ccccc1)C1CCCCN(c2ccccc2)C1
O=C(NCC(Oc1ccc2c(cnn2C2=CCC=C2)c1)c1ccccc1)C1CCCCN(c2ccccc2)CC1
O=C(NCC(Oc1ccc2c(cnn2C2=CCC=C2)c1)c1ccccc1)C1CCCCN(c2ccccc2)CC1
O=C(NCC(Oc1ccc2c(cnn2C2=CCC=C2)c1)c1ccccc1)C1CCCCN(c2ccccc2)CC1
O=C(NCC(Oc1ccc2c(cnn2C2=CCC=C2)c1)c1ccccc1)C1CCCCN(c2ccccc2)C1
O=C(NCC(Oc1ccc2c(cnn2C2=CC=C2)c1)c1ccccc1)C1CCCCN(c2ccccc2)C1
O=C(NCC(Oc1ccc2c(cnn2C2=CC=C2)c1)c1ccccc1)C1CCCCN(c2ccccc2)C1
O=C(NCC(Oc1ccc2c(cnn2C2=CC=C2)c1)c1ccccc1)C1CCCCN(c2ccccc2)C1
O=C(NCC(Oc1ccc2c(cnn2C2=CC=C2)c1)c1ccccc1)C1CCCCN(c2ccccc2)CC1
O=C(NCC(Oc1ccc2c(cnn2C2=CC=C2)c1)c1ccccc1)C1CCCCN(c2ccccc2)CC1
O=C(NCC(Oc1ccc2c(cnn2C2=CC=C2)c1)c1ccccc1)C1CCCCN(c2ccccc2)CC1
O=C(NCC(Oc1ccc2c(cnn2C2=CC=C2)c1)c1ccccc1)C1CCCCN(c2ccccc2)CC1
O=C(NCC(Oc1ccc2c(cnn2C2=CC=C2)c1)c1ccccc1)C1CCCCN(c2ccccc2)CC1
O=C(NCC(Oc1ccc2c(cnn2C2=CC=C2)c1)c1ccccc1)C1CCCCN(c2ccccc2)CC1
O=C(NCC(Oc1ccc2c(cnn2C2=CCC=C2)c1)c1ccccc1)C1CCCCN(c2ccccc2)CC1
O=C(NCC(Oc1ccc2c(cnn2C2=CCC=C2)c1)c1ccccc1)C1CCCCN(c2ccccc2)C1
O=C(NCC(Oc1ccc2c(cnn2C2=CCCC=C2)c1)c1ccccc1)C1CCCCN(c2ccccc2)C1
O=C(NCC(Oc1ccc2c(cnn2-c2ccccc2)c1)c1ccccc1)C1CCCCN(c2ccccc2)C1
O=C(NCC(Oc1ccc2c(cnn2-c2ccccc2)c1)c1ccccc1)C1CCCCN(c2ccccc2)C1
O=C(NCC(Oc1ccc2c(cnn2-c2ccccc2)c1)c1ccccc1)C1CCCCN(c2ccccc2)C1
O=C(NCC(Oc1ccc2c(cnn2-c2ccccc2)c1)c1ccccc1)C1CCCNN(c2ccccc2)C1
O=C(NCC(Oc1ccc2c(cnn2-c2ccccc2)c1)c1ccccc1)C1CCCN(c2ccccc2)C1
O=C(NCC(Oc1ccc2c(cnn2-c2ccccc2)c1)c1ccccc1)C1CCCN(c2ccccc2)CC1
O=C(NCC(Oc1ccc2c(cnn2-c2ccccc2)c1)c1ccccc1)C1CCCN(c2ccccc2)CC1
O=C(NCC(Oc1ccc2c(cnn2-c2ccccc2)c1)c1ccccc1)C1CCCN(c2ccccc2)CC1
O=C(NCC(Oc1ccc2c(cnn2-c2ccccc2)c1)c1ccccc1)C1CCCN(c2ccccc2)CC1
O=C(NCC(Oc1ccc2c(cnn2-c2ccccc2)c1)c1ccccc1)C1CCCC(c2ccccc2)CC1
O=C(NCC(Oc1ccc2c(cnn2-c2ccccc2)c1)c1ccccc1)C1CCCC(c2ccccc2)CC1
O=C(NCC(Oc1ccc2c(cnn2-c2ccccc2)c1)c1ccccc1)C1CCCC(C2=C=CC=C2)CC1
O=C(NCC(Oc1ccc2c(cnn2-c2ccccc2)c1)c1ccccc1)C1CCCC(C2=C=CC2)CC1
O=C(NCC(Oc1ccc2c(cnn2-c2ccccc2)c1)c1ccccc1)C1CCC(C2=C=CC2)CC1
O=C(NCC(Oc1ccc2c(cnn2-c2ccccc2)c1)c1ccccc1)C1CCCCC1
O=C(NCC(Oc1ccc2c(cnn2-c2ccccc2)c1)c1ccccc1)C1CCCCC1
O=C(NCC(Oc1ccc2c(cnn2-c2ccccc2)c1)c1ccccc1)C1CCCCC1
C=C1CCC(C(=O)NCC(Oc2ccc3c(cnn3-c3ccccc3)c2)c2ccccc2)CC1
O=C(NCC(Oc1ccc2c(cnn2-c2ccccc2)c1)c1ccccc1)C1CCCCC1
O=C(NCC(Oc1ccc2c(cnn2-c2ccccc2)c1)c1ccccc1)C1CCCC1
O=C(NCC(Oc1ccc2c(cnn2-c2ccccc2)c1)c1ccccc1)C1CCC1
O=C(NCC(Oc1ccc2c(cnn2-c2ccccc2)c1)c1ccccc1)C1CC1
O=C(NCc1cccnc1)c1ccc2c(c1)CCC1CCCCC21Cc1ccccc1
O=C(Nc1cccnc1)c1ccc2c(c1)CCC1CCCCC21Cc1ccccc1
O=C(Nc1ccccc1)c1ccc2c(c1)CCC1CCCCC21Cc1ccccc1
O=C(Nc1ccccc1)c1ccc2c(c1)CCC1CCCCC21Cc1c2cccc1-2
O=C(Nc1ccccc1)c1ccc2c(c1)CCC1CCCCC21Cc1c2cccc1-2
O=C(Nc1ccccc1)c1ccc(C2(Cc3c4cccc3-4)CCCCC2)cc1
O=C(Nc1ccccc1)c1ccc(C2CCCC(c3c4cccc3-4)C2)cc1
O=C(Nc1ccccc1)c1ccc(C2CCCC(c3c4cccc3-4)C2)cc1
c1ccc(NCc2ccc(C3CCCC(c4c5cccc4-5)C3)cc2)cc1
c1ccc(NCc2ccc(C3CCCC(c4c5cccc4-5)C3)cc2)cc1
c1ccc(NCc2ccc(C3CCCC(c4c5cccc4-5)C3)cc2)cc1
c1ccc(NCc2ccc(C3CCC4CCNc5ccc6c(c5-6)C4C3)cc2)cc1
c1ccc(NCc2ccc(C3CCC4CCNc5ccc6c(c5-6)C4C3)cc2)cc1
c1ccc(NCc2ccc(C3CCC4CCNc5ccc6c(c5-6)C4C3)cc2)cc1
c1ccc(NCc2ccc(C3CCC4CCNc5ccc6c(c5-6)C4C3)cc2)cc1
c1ccc(Nc2ccc(C3CCC4CCNc5ccc6c(c5-6)C4C3)cc2)cc1
c1ccc(Nc2ccc(C3CCC4CCNc5ccc6c(c5-6)C4C3)cc2)cc1
c1ccc(Nc2ccc(C3CCC4CCNc5ccc6c(c5-6)C4C3)cc2)cc1
C1=C2CCC(c3ccc(Nc4ccccc4)cc3)CC2c2c3ccc(c2-3)NC1
C1=C2CCC(c3ccc(Nc4ccccc4)cc3)CC2c2c3ccc(c2-3)NC1
C1=C2CCC(c3ccc(Nc4ccccc4)cc3)CC2c2c3ccc(c2-3)NC1
C1=C2CC(c3ccc(Nc4ccccc4)cc3)CC2c2c3ccc(c2-3)NC1
C1=C2CC(c3ccc(Nc4ccccc4)cc3)CC2c2c3ccc(c2-3)NC1
C1=C2C(c3ccc(Nc4ccccc4)cc3)CC2c2c3ccc(c2-3)NC1
C1=C2C(c3ccc(Nc4ccccc4)cc3)CC2c2c3ccc(c2-3)NC1
C1=C2C(c3ccc(Nc4ccccc4)cc3)CCC2c2c3ccc(c2-3)NC1
C1=C2C(c3ccc(Nc4ccccc4)cc3)CCC2c2c3ccc(c2-3)NC1
C1=C2C(c3ccccc3Cc3ccccc3)CCC2c2c3ccc(c2-3)NC1
C1=C2C(c3ccccc3Cc3ccccc3)CCC2c2c3ccc(c2-3)NC1
C1=C2C(c3ccccc3-c3ccccc3)CCC2c2c3ccc(c2-3)NC1
C1=C2C(c3ccccc3-c3ccccc3)CCC2c2c3ccc(c2-3)NC1
C1=C2C(c3ccccc3-c3ccccc3)CCC2c2c3ccc(c2-3)NC1
C1=C2C(c3ccccc3-c3ccccc3)CCC2c2c3ccc(c2-3)NC1
C1=C2C(c3ccccc3-c3ccccc3)CCCC2c2c3ccc(c2-3)NC1
C1=C2C(c3ccccc3-c3ccccc3)CCCC2c2c3ccc(c2-3)NC1
C1=C2C(c3ccccc3-c3ccccc3)CCC2c2c3ccc(c2-3)NC1
C1=C(Cc2ccccc2-c2ccccc2)Cc2c3ccc(c2-3)NC1
C1=C(c2ccccc2-c2ccccc2)Cc2c3ccc(c2-3)NC1
C1=C(c2ccccc2-c2ccccc2)Cc2c3ccc(c2-3)NC1
C1=C(c2ccccc2-c2ccccc2)Cc2c3ccc(c2-3)NC1
C1=C(c2cc3c(cc2-c2ccccc2)C3)Cc2c3ccc(c2-3)NC1
C1=C(c2ccccc2-c2ccccc2)Cc2c3ccc(c2-3)NC1
C1=C2c3ccccc3-c3ccccc3CCC2c2c3ccc(c2-3)NC1
C1=C2c3ccccc3-c3ccccc3CCC2c2c3ccc(c2-3)NC1
C1=C2c3ccccc3-c3ccccc3CCC2c2c3ccc(c2-3)NC1
C1=C2c3ccccc3-c3ccccc3OCC2c2c3ccc(c2-3)NC1
C1=C2c3ccccc3-c3ccccc3OCC2c2c3ccc(c2-3)NC1
C1=C2c3ccccc3-c3ccccc3OCC2c2c3ccc(c2-3)NC1
C1=C2c3ccccc3-c3ccccc3OCC2c2c3ccc(c2-3)NC1
C1=C2c3ccccc3-c3ccccc3OC2c2c3ccc(c2-3)NC1
c1ccc2c(c1)OC1c3c4ccc(c3-4)NCC1c1ccccc1-2
c1ccc2c(c1)OC1c3c4ccc(c3-4)NCC1c1ccccc1-2
c1ccc2c(c1)OC1c3c4ccc(c3-4)NCC1c1ccccc1-2
c1ccc2c(c1)OC1c3c4ccc(c3-4)NCC1c1ccccc1-2
c1ccc2c(c1)OC1c3c4ccc(c3-4)NCC1c1ccccc1-2
c1ccc2c(c1)OC1c3c4ccc(c3-4)NCC1c1ccccc1-2
c1ccc2c(c1)OC1c3c4ccc(c3-4)NCC1c1ccccc1-2
c1ccc2c(c1)OC1c3c4ccc(c3-4)NCC1c1ccccc1-2
c1ccc2c(c1)OC1c3c4ccc(c3-4)NCC1c1ccccc1-2
c1ccc2c(c1)OC1c3c4ccc(c3-4)NCCC1c1ccccc1-2
c1ccc2c(c1)OC1c3c4ccc(c3-4)NCCC1c1ccccc1-2
c1ccc2c(c1)OC1c3c4ccc(c3-4)NCCC1c1ccccc1-2
c1ccc2c(c1)OC1c3c4ccc(c3-4)NCCC1c1ccccc1-2
c1ccc2c(c1)OC1c3c4ccc(c3-4)NCCC1c1ccccc1-2
c1ccc2c(c1)OC1c3c4ccc(c3-4)NC(C3CCC3)CC1c1ccccc1-2
c1ccc2c(c1)OC1c3c4ccc(c3-4)NC(C3CCC3)CC1c1ccccc1-2
c1ccc2c(c1)OC1c3c4ccc(c3-4)NC(C3CCCC3)CC1c1ccccc1-2
c1ccc2c(c1)OC1c3c4ccc(c3-4)NC(C3CCCC3)CC1c1ccccc1-2
c1ccc2c(c1)OC1c3c4ccc(c3-4)NC(C3CCCC3)C1c1ccccc1-2
c1ccc2c(c1)OC1c3c4ccc(c3-4)NC(C3CCCC3)C1c1ccccc1-2
c1ccc2c(c1)OC1c3c4ccc(c3-4)NC(C3CCC3)C1c1ccccc1-2
c1ccc2c(c1)OC1c3c4ccc(c3-4)NC(C3CCC3)C1c1ccccc1-2
c1ccc2c(c1)OC1c3c4ccc(c3-4)NC(C3CCC3)C1c1ccccc1-2
c1ccc2c(c1)OC1c3c4ccc(c3-4)NC(C3CCC3)CC1c1ccccc1-2
c1ccc2c(c1)OC1c3c4ccc(c3-4)NC(C3CCC3)CC1c1ccccc1-2
c1ccc2c(c1)OC1c3c4ccc(c3-4)NC(C3CCC3)C1c1ccccc1-2
c1ccc2c(c1)OC1c3c4ccc(c3-4)NC(C3CCC3)C1c1ccccc1-2
c1ccc2c(c1)OC1c3c4ccc(c3-4)NC(C3CCC3)CC1c1ccccc1-2
c1ccc2c(c1)OC1c3c4ccc(c3-4)NC(C3CCC3)CC1c1ccccc1-2
c1ccc2c(c1)OC1c3c4ccc(c3-4)NC(C3CCC3)C1c1ccccc1-2
c1ccc2c(c1)OC1c3c4ccc(c3-4)NC(C3CCCC3)C1c1ccccc1-2
c1ccc2c(c1)OC1c3c4ccc(c3-4)NC(C3CCCC3)C1c1ccccc1-2
c1ccc2c(c1)OC1c3c4ccc(c3-4)NC(C3CCCC3)C1c1ccccc1-2
c1ccc2c(c1)OC1c3c4ccc(c3-4)NC(C3CCCC3)C1c1ccccc1-2
c1ccc2c(c1)OC1c3c4ccc(c3-4)NC(C3CCCC3)CC1c1ccccc1-2
c1ccc2c(c1)OC1c3c4ccc(c3-4)NCCC1c1ccccc1-2
c1ccc2c(c1)OC1c3c4ccc(c3-4)NC3CCCCCC3C1c1ccccc1-2
c1ccc2c(c1)OC1c3c4ccc(c3-4)NC3CCCCCC3C1c1ccccc1-2
c1ccc2c(c1)OC1c3c4ccc(c3-4)NC3CCCCCC3C1c1ccccc1-2
c1ccc2c(c1)OC1c3c4ccc(c3-4)NC3CCCCCCC3C1c1ccccc1-2
c1ccc2c(c1)OC(c1c3cccc1-3)C(C1CCCCCCC1)c1ccccc1-2
C1=CC(C2c3ccccc3-c3ccccc3OC2c2c3cccc2-3)CCCCC1
C1=CC(C2c3ccccc3-c3ccccc3OC2c2c3cccc2-3)CCCC1
C1=CC(C2c3ccccc3-c3ccccc3OC2c2c3cccc2-3)CCC1
C1=CC(C2c3ccccc3-c3ccccc3OC2c2c3cccc2-3)CCC1
C1=CC(C2c3ccccc3-c3ccccc3OC2c2c3cccc2-3)CC1
C1=CC(C2Oc3ccccc3-c3ccccc3C2C2C=CCC2)C=C1
C1=CC(C2c3ccccc3-c3ccccc3OC2C2C=CC2)CC1
C1=CC(C2Oc3ccccc3-c3ccccc3C2C2C=CCC2)CC1
C1=CC(C2Oc3ccccc3-c3ccccc3C2C2C=CC2)CC1
C1=CC(C2Oc3ccccc3-c3ccccc3C2C2C=C2)CC1
C1=CC(C2Oc3ccccc3-c3ccccc3C2=C2C=C2)CC1
C1=CC(C2Oc3ccccc3-c3ccccc3C2=C2CC2)CC1
C1=CC(C2Oc3ccccc3-c3ccccc3C2=C2CC2)CC1
C1=CC(C2Oc3ccccc3-c3ccccc3C2=C2CC2)CC1
C1=CC(C2Oc3ccccc3-c3ccccc3C2=C2CO2)CC1
C1=CC(C2Oc3ccccc3-c3ccccc3C2=C2CO2)CC1
C1=CC(C2Oc3ccccc3-c3ccccc3C2=C2CO2)CC1
C1=CC(C2Oc3ccccc3-c3ccccc3C2=C2CCO2)CC1
C1=CC(C2Oc3ccccc3-c3ccccc3C2=C2CCO2)CC1
C1=CC(C2Oc3ccccc3-c3ccccc3C2=C2CO2)CC1
C1=CC(C2Oc3ccccc3-c3ccccc3C2=C2CO2)CC1
C1=CC(C2Oc3ccccc3-c3ccccc3C2=C2COC2)CC1
C1=CC(C2Oc3ccccc3-c3ccccc3C2=C2CC2)CC1
C1=CC(C2Oc3ccccc3-c3ccccc3C2=C2CC2)CC1
C1=CC(C2Oc3ccccc3-c3cccc4c3C2=C4)CC1
C1=CC(C2Oc3ccccc3-c3cccc4c3C2=C4)CC1
C1=CC(C2Oc3ccccc3-c3cccc4c3C2=C4)CC1
C1=CC(C2Oc3ccccc3-c3cccc4[nH]cc2c34)CC1
C1=CC(C2Oc3ccccc3-c3cccc4[nH]cc2c34)CC1
C1=CC(C2Oc3ccccc3-c3cccc4[nH]cc2c34)CC1
C1=CC(C2Oc3ccccc3-c3cccc4[nH]cc2c34)CC1
C1=CC(C2Oc3ccccc3-c3cccc4[nH]cc2c34)CC1
C1=CC(C2Oc3ccccc3-c3cccc4[nH]cc2c34)CC1
C1=CC(C2Oc3ccccc3-c3cccc4[nH]cc2c34)CC1
C1=CC(C2Oc3ccccc3-c3cccc4[nH]cc2c34)CC1
C1=CC(C2Oc3ccccc3-c3cccc4[nH]cc2c34)CC1
C1=CC(C2Oc3ccccc3-c3cccc4[nH]cc2c34)CC1
C1=CC(C2Oc3ccccc3-c3cccc4[nH]cc2c34)CC1
C1=CC(C2Oc3ccccc3-c3cccc4[nH]cc2c34)CC1
C1=CC(C2Oc3ccccc3-c3cccc4[nH]cc2c34)CC1
C1=CC(C2Oc3ccccc3-c3cccc4[nH]cc2c34)CC1
C1=CC(C2Oc3ccccc3-c3cccc4[nH]cc2c34)CC1
C1=CC(C2Oc3ccccc3-c3cccc4[nH]cc2c34)CC1
C1=CC(C2Oc3ccccc3-c3cccc4[nH]cc2c34)CC1
C1=CC(C2Oc3ccccc3-c3cccc4[nH]cc2c34)CC1
C1=CC(C2Oc3ccccc3-c3cccc4[nH]cc2c34)CC1
C1=CC(C2Oc3ccccc3-c3ccccc3C2=C2CC2)CC1
C1=CC(C2Oc3ccccc3-c3ccccc3C2=C2CN2)CC1
C1=CC(C2Oc3ccccc3-c3ccccc3C2=C2CN2)CC1
C1=CC(C2Oc3ccccc3-c3ccccc3C2=C2CN2)CC1
C1=CC(C2Oc3ccccc3-c3ccccc3C2=C2CN2)CC1
C1=CC(C2Oc3ccccc3-c3ccccc3C2=C2CN2)CC1
C1=CC(C2Oc3ccccc3-c3ccccc3C2=C2CN2)CC1
C1=CC(C2Oc3ccccc3-c3ccccc3C2=C2CN2)CC1
C1=CC(C2Oc3ccccc3-c3ccccc3C2=C2CN2)CC1
C1=CC(C2Oc3ccccc3-c3ccccc3C2=C2CNC2)CC1
C1=CC(C2Oc3ccccc3-c3ccccc3C2=C2CNC2)CC1
C1=CC(C2Oc3ccccc3-c3ccccc3C2=C2CN2)CC1
C1=CC(C2Oc3ccccc3-c3ccccc3C2=C2CN2)CC1
C1=CC(C2Oc3ccccc3-c3ccccc3C2=C2CNC2)CC1
C1=CC(C2Oc3ccccc3-c3ccccc3C2=C2CNC2)CC1
C1=CC(C2Oc3ccccc3-c3ccccc3C2=C2CCN2)CC1
C1=CC(C2Oc3ccccc3-c3ccccc3C2=C2CN2)CC1
C1=CC(C2Oc3ccccc3-c3ccccc3C2=C2CN2)CC1
C1=CC(C2Oc3ccccc3-c3ccccc3C2=C2CN2)CC1
C1=CC(C2Oc3ccccc3-c3ccccc3C2=C2CN2)CC1
C1=CC(C2Oc3ccccc3-c3ccccc3C2=C2CN2)CC1
C1=CC(C2Oc3ccccc3-c3ccccc3C2=C2CN2)CC1
C1=CC(C2Oc3ccccc3-c3ccccc3C2=C2CN2)CC1
C1=CC(C2Oc3ccccc3-c3ccccc3C2=C2CN2)CC1
C1=CC(C2Oc3ccccc3-c3ccccc3C2=C2CN2)CC1
C1=CC(C2Oc3ccccc3-c3ccccc3C2=C2CN2)CC1
C1=CC(C2Oc3ccccc3-c3ccccc3C2=C2NCN2)CC1
C1=CC(C2Oc3ccccc3-c3ccccc3C2=C2NCN2)CC1
C1=CC(C2Oc3ccccc3-c3ccccc3C2=C2NCN2)CC1
C1=CC(C2Oc3ccccc3-c3ccccc3C2=C2NCN2)CC1
C1=CC(C2Oc3ccccc3-c3ccccc3C2=C2NCN2)CC1
C1=CC(C2Oc3ccccc3-c3ccccc3C2=C2NCN2)CC1
C1=CC(C2Oc3ccccc3-c3ccccc3C2=C2NCN2)CC1
C1=CC(C2Oc3ccccc3-c3ccccc3C2=C2NCN2)CC1
C1=CC(C2Oc3ccccc3-c3ccccc3C2=C2NCN2)CC1
C1=CC(C2Oc3ccccc3-c3ccccc3C2=C2NCN2)CC1
C1=CC(C2Oc3ccccc3-c3ccccc3C2=C2NCN2)CC1
C1=CC(C2Oc3ccccc3-c3ccccc3C2=C2NCN2)CC1
C1=CC(C2Oc3ccccc3-c3ccccc3C2=C2NCN2)CC1
C1=CC(C2Oc3ccccc3-c3ccccc3C2=C2NCN2)CC1
C1=CC(C2Oc3ccccc3-c3ccccc3C2=C2NCN2)CC1
C1=CC(C2Oc3ccccc3-c3ccccc3C2=C2NCN2)CC1
C1=CC(C2Oc3ccccc3-c3ccccc3C2=C2NCN2)CC1
C1=CC(C2Oc3ccccc3-c3ccccc3C2=C2NCN2)CC1
C1=CC(C2Oc3ccccc3-c3ccccc3C2=C2NCN2)CC1
C1=CC(C2Oc3ccccc3-c3ccccc3C2=C2NCN2)CC1
C1=CC(C2Oc3ccccc3-c3ccccc3C2=C2NCN2)CC1
C1=CC(C2Oc3ccccc3-c3ccccc3C2=C2NCN2)CC1
C1=CC(C2Oc3ccccc3-c3ccccc3C2=C2NCN2)CC1
C1=CC(C2Oc3ccccc3-c3ccccc3C2=C2NCN2)CC1
C1=CC(C2Oc3ccccc3-c3ccccc3C2=C2CCN2)CC1
C1=CC(C2Oc3ccccc3-c3ccccc3C2=C2CCN2)CC1
C1=CC(C2Oc3ccccc3-c3ccccc3C2=C2CN2)CC1
C1=CC(C2Oc3ccccc3-c3ccccc3C2=C2CN2)CC1
C1=CC(C2Oc3ccccc3-c3ccccc3C2=C2C3CN23)CC1
C1=CC(C2Oc3ccccc3-c3ccccc3C2=C2C3CN23)CC1
C1=CC(C2Oc3ccccc3-c3ccccc3C2=C2CC3CN23)CC1
C1=CC(C2Oc3ccccc3-c3ccccc3C2=C2C3CCN23)CC1
C1=CC(C2Oc3ccccc3-c3ccccc3C2=C2C3CCC23)CC1
C1=CC(C2Oc3ccccc3-c3ccccc3C2=C2CC3CC23)CC1
C1=CC(C2Oc3ccccc3-c3ccccc3C2=C2CCC2)CC1
O=C1CCCC=C2c3c1cccc3-c1ccccc1OC2C1C=CCC1
O=C1CCCC=C2c3c1cccc3-c1ccccc1OC2C1C=CCC1
O=C1CCC=C2c3c1cccc3-c1ccccc1OC2C1C=CCC1
O=C1CCC=C2c3c1cccc3-c1ccccc1OC2C1C=CCC1
O=C1CC=C2c3c1cccc3-c1ccccc1OC2C1C=CCC1
O=C1C=C2c3c1cccc3-c1ccccc1OC2C1C=CCC1
O=C1C=C2c3c1cccc3-c1ccccc1OC2C1C=CCC1
O=C1CC=C2c3c1cccc3-c1ccccc1OC2C1C=CCC1
O=C1CC=C2c3c1cccc3-c1ccccc1OC2C1C=CCC1
O=C1CC=C2c3c1cccc3-c1ccccc1OC2C1C=CCC1
O=C1CC=C2c3c1cccc3-c1ccccc1OC2C1C=CCC1
C1=CC(C2Oc3ccccc3-c3cccc4c3C2=CCC4)CC1
C1=CC(C2Oc3ccccc3-c3cccc4c3C2=CCC4)CC1
C1=CC(C2Oc3ccccc3-c3cccc4c3C2=CCC4)CC1
C1=CC(C2Oc3ccccc3-c3cccc4cccc2c34)CC1
C1=CC(C2Oc3ccccc3-c3cccc4cccc2c34)CC1
C1=CC(C2Oc3ccccc3-c3cccc4cccc2c34)CC1
C1=CC(C2Oc3ccccc3-c3cccc4cccc2c34)CC1
C1=CC(C2Oc3ccccc3-c3cccc4cccc2c34)CC1
C1=CC(C2Oc3ccccc3-c3cccc4cccc2c34)CC1
C1=CC(C2Oc3ccccc3-c3cccc4cccc2c34)CC1
C1=CC(C2Oc3ccccc3-c3cccc4cccc2c34)CC1
C1=CC(C2Oc3ccccc3-c3cccc4cccc2c34)CC1
C1=CC(C2Oc3ccccc3-c3cccc4cccc2c34)CC1
C1=CC(C2Oc3ccccc3-c3cccc4cccc2c34)CC1
C1=CC(C2Oc3ccccc3-c3cccc4cccc2c34)CC1
C1=CC(C2Oc3ccccc3-c3cccc4cccc2c34)CC1
C1=CC(C2Oc3ccccc3-c3cccc4cccc2c34)CC1
C1=CC(C2Oc3ccccc3-c3cccc4cccc2c34)CC1
C1=CC(C2Oc3ccccc3-c3cccc4cccc2c34)CC1
C1=CC(C2Oc3ccccc3-c3cccc4cccc2c34)CC1
C1=CC(C2Oc3ccccc3-c3cccc4cccc2c34)CC1
C1=CC(C2Oc3ccccc3-c3cccc4cccc2c34)CC1
C1=CC(C2Oc3ccccc3-c3cccc4cccc2c34)CC1
C1=CC(C2Oc3ccccc3-c3cccc4cccc2c34)CC1
C1=CC(C2Oc3ccccc3-c3cccc4cccc2c34)CC1
C1=CC(C2Oc3ccccc3-c3cccc4cccc2c34)CC1
C1=CC(C2Oc3ccccc3-c3cccc4cccc2c34)CC1
C1=CC(C2Oc3ccccc3-c3cccc4cccc2c34)CC1
C1=CC(C2Oc3ccccc3-c3cccc4cccc2c34)CC1
C1=CC(C2Oc3ccccc3-c3cccc4cccc2c34)CC1
C=C1c2c(ccc3[nH]ccc23)-c2ccccc2OC1C1C=CCC1
C=C1c2c(ccc3[nH]ccc23)-c2ccccc2OC1C1C=CCC1
C=C1c2c(ccc3[nH]ccc23)-c2ccccc2OC1C1C=CCC1
C=C1c2c(ccc3[nH]ccc23)-c2ccccc2OC1C1C=CCC1
C=C1c2c(ccc3c2CN3)-c2ccccc2OC1C1C=CCC1
C=C1c2c(ccc3c2CN3)-c2ccccc2OC1C1C=CCC1
C1=CC(C2Cc3c(ccc4c3CN4)-c3ccccc3O2)CC1
C1=CC(C2Cc3c(ccc4c3CN4)-c3ccccc3O2)CC1
C1=CC(C2Oc3ccccc3-c3ccc4c(c32)CN4)CC1
C1=CC(C2Oc3ccccc3-c3ccc4c(c32)CCN4)CC1
C1=CC(C2Oc3ccccc3-c3ccc4c(c32)OCCN4)CC1
C1=CC(C2Oc3ccccc3-c3ccc4c(c32)CCCN4)CC1
C1=CC(C2Oc3ccccc3-c3ccc4c(c32)C=CCN4)CC1
C1=CC(C2Oc3ccccc3-c3ccc4c(c32)C=CCN4)CC1
O=C(NCc1cccnc1)c1ccc2c(c1)CCC1CCCCC21Cc1ccccc1
O=C(NCc1cccnc1)c1ccc2c(c1)CCC1CCCCCC21Cc1ccccc1
O=C(NCc1cccnc1)c1ccc2c(c1)CCC(CCC1CCO1)C2Cc1ccccc1
O=C(NCc1cccnc1)c1ccc2c(c1)CCC(CCC1CCO1)C2Cc1ccccc1
O=C(Nc1cccnc1)c1ccc2c(c1)CCC(CCC1CCO1)C2Cc1ccccc1
O=C(Nc1cccnc1)c1ccc2c(c1)CCC(CCC1CCO1)C2Cc1ccccc1
O=C(Nc1cccnc1)c1ccc2c(c1)CCC(CCC1CCO1)C2OCc1ccccc1
O=C(Nc1cccnc1)c1ccc2c(c1)CCC(CCC1CCO1)C2OCc1ccccc1
O=C(Nc1cccnc1)c1ccc2c(c1)CCC(C1CC3OCC31)C2OCc1ccccc1
O=C(Nc1cccnc1)c1ccc2c(c1)CCC(C1CC3OCC31)C2OCc1ccccc1
O=C(Nc1cccnc1)c1ccc2c(c1)CCC(C1CCC3OCC31)C2OCc1ccccc1
O=C(Nc1ccccc1)c1ccc2c(c1)CCC(C1CCC3OCC31)C2OCc1ccccc1
O=C(Nc1ccccc1)c1ccc2c(c1)CCC(C1CCC3OCCC31)C2OCc1ccccc1
O=C(Nc1ccccc1)c1ccc2c(c1)CCC(C1CCC3OCCC31)C2OCc1ccccc1
O=C(Nc1ccccc1)c1ccc2c(c1)CCC(C1CCC3OCCC31)C(OCc1ccccc1)C2
O=C(Nc1ccccc1)c1ccc2c(c1)CCC(C1CCC3OCCC31)C(OCc1ccccc1)C2
O=C(Nc1ccccc1)c1ccc2c(c1)CCC(C1CCC3OCCC31)C(OCc1ccccc1)C2
O=C(CNc1ccccc1)c1ccc2c(c1)CCC(C1CCC3OCCC31)C(OCc1ccccc1)C2
c1ccc(COC2Cc3ccccc3CCC2C2CCC3OC(c4ccccc4)CC32)cc1
c1ccc(COC2Cc3ccccc3CCC2C2CCC3OC(c4ccccc4)CC32)cc1
c1ccc(COC2Cc3ccccc3CCC2C2CCC3OC(c4ccccc4)CC32)cc1
c1ccc(COC2Cc3ccccc3CCC2C2CCC3OC(c4ccccc4)CC32)cc1
c1ccc(COC2Cc3ccccc3CCC2C2CCC3CC(c4ccccc4)CC32)cc1
c1ccc(COC2Cc3ccccc3CCC2C2CCC3C(c4ccccc4)CC32)cc1
c1ccc(COC2Cc3ccccc3CCC2C2CCC3C(c4ccccc4)CC32)cc1
c1ccc(COC2Cc3ccccc3CCC2C2CCC3C(c4ccccc4)CC32)cc1
c1ccc(COC2Cc3ccccc3CCC2C2CCC3C(c4ccccc4)CC32)cc1
c1ccc(COC2CCc3ccccc3CCC2C2CCC3C(c4ccccc4)CC32)cc1
C1=CC(C2CC3C2CCC3C2CCc3ccccc3CCC2OCc2ccccc2)C=C1
C1=CC(C2CC3C2CCC3C2CCc3ccccc3CCC2OCc2ccccc2)C1
c1ccc(COC2CCc3ccccc3CCC2C2CCC3C(C4CC4)CC32)cc1
c1ccc(COC2CCc3ccccc3CCC2C2CCC3C(CC4CC4)CC32)cc1
c1ccc(COC2CCc3ccccc3CCC2C2CCC3CCC32)cc1
c1ccc(COC2CCc3ccccc3CCC2C2CCC3CCC32)cc1
c1ccc(COC2CCc3ccccc3CCC2C2CCC3CCC32)cc1
c1ccc(COC2CCc3ccccc3CCC2C2CCC3OCCC32)cc1
c1ccc(COC2CCc3ccccc3CCC2C2CCC3CCCC32)cc1
c1ccc(COC2CCc3ccccc3CCC2C2CCC3CCCC32)cc1
c1ccc(COC2CCc3ccccc3CCC2C2CCC3CCCC32)cc1
c1ccc(COC2CCc3ccccc3CCC2C2CCC3CCCC32)cc1
c1ccc(COC2CCc3ccccc3CCC2C2CCC3CCCC32)cc1
c1ccc(COC2CCc3ccccc3CCC2C2CCC3CCCC32)cc1
c1ccc(COC2CCc3ccccc3CCC2C2CCC3CCCCC32)cc1
c1ccc(COC2CCc3ccccc3CCC2C2CCC3CCCCC32)cc1
c1ccc(COC2CCc3ccccc3CCC2C2CCC3CCCCC32)cc1
c1ccc(COC2CCc3ccccc3CCC2C2CCC3CCCCC32)cc1
c1ccc(COC2CCC3CCC(C4CCCc5ccccc5CC4)C3C2)cc1
c1ccc(COC2CCCC3CCC(C4CCCc5ccccc5CC4)C3C2)cc1
c1ccc(COC2CCCC3CCC(C4CCCc5ccccc5CC4)C3C2)cc1
c1ccc(COC2CCCC3CCC(C4CCCc5ccccc5CC4)C3C2)cc1
c1ccc(COC2CCCC3CCC(C4CCCc5ccccc5CC4)C3C2)cc1
c1ccc(COC2CCCC3CCC(C4CCCc5ccccc5CC4)C3C2)cc1
c1ccc(COC2CCCC3CCC(C4CCCc5ccccc5CC4)C3C2)cc1
c1ccc(COC2CCC3CCC(C4CCCc5ccccc5CC4)C3C2)cc1
c1ccc(COC2CCC3CCC(C4CCCc5ccccc5CC4)C3C2)cc1
c1ccc(COC2CCC3CCC(C4CCCc5ccccc5CC4)C3C2)cc1
c1ccc(COC2CC3CCC(C4CCCc5ccccc5CC4)C3C2)cc1
c1ccc(COC2CC3C(C4CCCc5ccccc5CC4)CCC3C2C2CO2)cc1
c1ccc(COC2CC3C(C4CCCc5ccccc5CC4)CCC3C2C2COC2)cc1
c1ccc(COC2CC3C(C4CCCc5ccccc5CC4)CCC3C2C2CC2)cc1
c1ccc(COC2CC3C(C4CCc5ccccc5CC4)CCC3C2C2CC2)cc1
O=C1CC1C1C(OCc2ccccc2)CC2C(C3CCc4ccccc4CC3)CCC21
O=C1CC1C1C(OCc2ccccc2)CC2C(C3CCc4ccccc4CC3)CCC21
O=C1CC1C1C(OCc2ccccc2)CC2C(C3CCc4ccccc4CC3)CCC21
O=C1CC1C1C(OCc2ccccc2)CC2C(C3CCc4ccccc4CC3)CCC21
O=C1CCC1C1C(OCc2ccccc2)CC2C(C3CCc4ccccc4CC3)CCC21
O=C1CCC1C1C(OCc2ccccc2)CC2C(C3CCc4ccccc4CC3)CCC21
O=C1CC1C1C(OCc2ccccc2)CC2C(C3CCc4ccccc4CC3)CCC21
O=C1CC1C1C(OCc2ccccc2)CC2C(C3CCc4ccccc4CC3)CCC21
O=C1CC1C1C(OCc2ccccc2)CC2C(C3CCc4ccccc4C3)CCC21
O=C1CCC1C1C(OCc2ccccc2)CC2C(C3CCc4ccccc4C3)CCC21
O=C1CCC1C1C(OCc2ccccc2)CC2C(C3CCc4ccccc4C3)CCC21
O=C1CC1C1C(OCc2ccccc2)CC2C(C3CCc4ccccc4C3)CCC21
O=C1CC1C1C(OCc2ccccc2)CC2C(C3CCc4ccccc4CC3)CCC21
O=C1CC1C1C(OCc2ccccc2)CC2C(C3CCc4ccccc4CC3)CCC21
O=C1CC1C1C(OCc2ccccc2)CC2C(C3CCc4ccccc4CC3)CCC21
O=C1CC1C1C(OCc2ccccc2)CC2C(C3CCc4ccccc4CC3)CCC21
O=C1CC1C1C(OCc2ccccc2)CC2C(C3CCc4ccccc4CC3)CCC21
O=C1CC1C1C(OCc2ccccc2)CC2C(C3CCc4ccccc4CC3)CCC21
O=C1CC1C1C(OCc2ccccc2)CC2C(C3CCc4ccccc4C3)CCC21
O=C1CC1C1C(OCc2ccccc2)CC2C(C3CCc4ccccc4C3)CCC21
O=C1CC1C1C(OCc2ccccc2)CC2C(C3CCc4ccccc4CC3)CCC21
O=C1CC1C1C(OCc2ccccc2)CC2C(C3CCc4ccccc4CC3)CCC21
O=C1CC1C1C(OCc2ccccc2)CC2C(C3CCc4ccccc4CC3)CCC21
O=C1CC1C1C(OCc2ccccc2)CC2C(C3CCc4ccccc4CC3)CCC21
O=C1CC1C1C(OCc2ccccc2)CC2C(C3CCc4ccccc4C3)CCC21
O=C1CC1C1C(OCc2ccccc2)CC2C(C3CCc4ccccc4C3)CCCC21
O=C1CC1C1C(OCc2ccccc2)CC2C(C3Cc4ccccc4C3)CCCC21
O=C1CC1C1C(OCc2ccccc2)CC2C(C3Cc4ccccc4C3)CCC21
O=C1CC1C1C(OCc2ccccc2)CC2C(C3Cc4ccccc4C3)CCC21
O=C1CC1C1C(OCc2ccccc2)CC2C(C3Cc4ccccc4C3)CCC21
O=C1CCC1C1C(OCc2ccccc2)CC2C(C3Cc4ccccc4C3)CCC21
O=C1CCC1C1CC2CCC(C3Cc4ccccc4C3)C2CC1OCc1ccccc1
O=C1CCC1C1CC2CCC(C3Cc4ccccc4C3)C2CC1OCc1ccccc1
O=C1CCC1C1CC2CCC(C3Cc4ccccc4C3)C2CC1OCc1ccccc1
O=C1CCC1C1CC2CCC(C3CCc4ccccc4C3)C2CC1OCc1ccccc1
O=C1CC1C1CC2CCC(C3CCc4ccccc4C3)C2CC1OCc1ccccc1
O=C1CC1C1CC2CCC(C3CCc4ccccc4C3)C2CC1OCc1ccccc1
O=C1CC1C1CC2CCC(C3CCc4ccccc4C3)C2CC1OCc1ccccc1
O=C1CC1C1CC2c3ccccc3CCC2C2CCCC2CC1OCc1ccccc1
O=C1CC1C1CC2c3ccccc3CCC2C2CCCC2CC1OCc1ccccc1
O=C1CC1C1CC2c3ccccc3CCC2C2CCCC2CC1OCc1ccccc1
O=C1CC1C1CC2Cc3ccccc3CCC2C2CCCC2CC1OCc1ccccc1
O=C1CC1C1CC2Cc3ccccc3CC2C2CCCC2CC1OCc1ccccc1
O=C1CC1C1CC2CCc3ccccc3CC2C2CCCC2CC1OCc1ccccc1
O=C1CC1C1CC2CCc3ccccc3CC2C2CCCC2CC1OCc1ccccc1
O=C1CC1C1CC2CCc3ccccc3CCC2C2CCCC2CC1OCc1ccccc1
O=C1CC1C1CC2CCc3ccccc3CCC2C2CCCC2CC1OCc1ccccc1
O=C1CC1C1CC2CCc3ccccc3CCC2C2CCCC2CC1OCc1ccccc1
O=C1CC1C1C(OCc2ccccc2)CC2CCCC2C2CCc3ccccc3CCC21
O=C1CC1C1CC(CCc2ccccc2)C2CCCC2CC1OCc1ccccc1
O=C1CC1C1C(OCc2ccccc2)CC2CCCC2C2CCc3ccccc3CCC21
O=C1CC1C1C(OCc2ccccc2)CC2CCCC2C2CCc3ccccc3CCC21
O=C1CC1C1C(OCc2ccccc2)CC2CCCC2C2CCc3ccccc3CCC21
O=C1CC1C1C(OCc2ccccc2)CC2CCCC2C2CCc3ccccc3CCC21
O=C1CC1C1C(OCc2ccccc2)CC2CCCC2C2CCc3ccccc3CCC21
O=C1CC1C1C(OCc2ccccc2)CC2CCCC2C2CCc3ccccc3CCC21
O=C1CC1C1C(OCc2ccccc2)CC2CCCC2C2Cc3ccccc3CCC21
O=C1CC1C1C(OCc2ccccc2)CC2CCCC2C2Cc3ccccc3CCC21
O=C1CC1C1C(OCc2ccccc2)CC2CCCC2C2Cc3ccccc3CC21
O=C1CC1C1C(OCc2ccccc2)CC2CCCC2C2CCc3ccccc3CC21
O=C1CC1C1C(OCc2ccccc2)CC2CCCC2C2CCc3ccccc3C21
O=C1CC1C1C(OCc2ccccc2)CC2CCCC2C2CCc3ccccc3C21
O=C1CC1C1C(OCc2ccccc2)CC2CCCC2C2CCc3ccccc3C21
O=C1CC1C1C(OCc2ccccc2)CC2CCCC2C2CCc3ccccc3C21
O=C1CC1C1CC2c3ccccc3CCC2C2CCCC2CC1OCc1ccccc1
O=C1CC1C1CC2c3ccccc3CCC2C2CCCC2CC1OCc1ccccc1
O=C1CC1C1CC2c3ccccc3CCC2C2CCCC2CC1OCc1ccccc1
O=C1CC1C1CC2c3ccccc3CCC2C2CCCC2CC1OCc1ccccc1
O=C1CC1C1C(OCc2ccccc2)CC2CCCC2C2CCc3ccccc3C21
c1ccc(COC2CC3CCCC3C3CCc4ccccc4C3C2)cc1
c1ccc(COC2CC3CCCC3C3CCc4ccccc4C3C2)cc1
c1ccc(COC2CC3CCCC3C3CCc4ccccc4C23)cc1
c1ccc(CCC2CC(OCc3ccccc3)CC3CCCC32)cc1
O=C1CC2C(OCc3ccccc3)CC3CCCC3C2CCc2ccccc21
O=C1CC2C(OCc3ccccc3)CC3CCCC3C2CCc2ccccc21
O=C1CC2C(OCc3ccccc3)CC3CCCC3C2Cc2ccccc21
O=C1CC2C(OCc3ccccc3)CC3CCCC3C2Cc2ccccc21
O=C1c2ccccc2CC2C3CCCC3CC(OCc3ccccc3)C12
O=C1c2ccccc2CC2C3CCCC3CC(OCc3ccccc3)C12
O=C1c2ccccc2CC2C3CCCC3CC(OCc3ccccc3)C12
O=C1c2ccccc2CCC2C3CCCC3CC(OCc3ccccc3)C12
O=C1c2ccccc2CCC2C3CCCC3CC(OCc3ccccc3)C12
O=C1c2ccccc2CCC2C3CCCC3CC(OCc3ccccc3)C12
O=C1c2ccccc2CCC2C3CCCC3CC(OCc3ccccc3)C12
O=C1c2ccccc2CCCC2C3CCCC3CC(OCc3ccccc3)C12
O=C1c2ccccc2CCCC2C3CCCC3CC(OCc3ccccc3)C12
O=C1c2ccccc2CCCC2C3CCCC3CC(OCc3ccccc3)C12
O=C1c2ccccc2CCCC2C3CCCC3CC(OCc3ccccc3)C12
O=C1c2ccccc2CCC2C3CCCC3CC(OCc3ccccc3)C12
O=C1c2ccccc2CC2C3CCCC3CC(OCc3ccccc3)C12
O=C1c2ccccc2CC2C3CCCC3CC(OCc3ccccc3)C12
O=C1c2ccccc2CC2C3CCCC3CC(OCc3ccccc3)C12
O=C1CC2C(OCc3ccccc3)CC3CCCC3C2Cc2ccccc21
c1ccc(COC2CC3CCCC3C3Cc4ccccc4CCC23)cc1
c1ccc(COC2CC3CCCC3C3Cc4ccccc4CCC23)cc1
c1ccc(COC2CC3CCCC3C3Cc4ccccc4CC23)cc1
c1ccc(COC2CC3CCCC3C3Cc4ccccc4CC23)cc1
c1ccc(COC2CC3CCCC3C3Cc4ccccc4C23)cc1
c1ccc(COC2CC3CCCC3C3Cc4ccccc4C23)cc1
c1ccc(COC2CC3CCCC3C3c4ccccc4C23)cc1
C1=CCC2C(OCc3ccccc3)CC3CCCC3C2CC=C1
C1=CCC2C3CCCC3CC(OCc3ccccc3)C2CC1
c1ccc(COC2CC3CCCC3C3CCCCCC23)cc1
c1ccc(COC2CC3CCCC3C3CCCCCC23)cc1
c1ccc(COC2CC3CCCC3C3CCCCC23)cc1
c1ccc(COC2CC3CCCC3C3CCCCC23)cc1
c1ccc(COC2CC3CCCC3C3CCCCC23)cc1
c1ccc(COC2CC3CCCC3C3CCCC23)cc1
c1ccc(COC2CC3CCCC3C3CCCC23)cc1
c1ccc(COC2CC3CCCC3C3CCCC23)cc1
c1ccc(COC2CC3CCCC3C3CCC23)cc1
c1ccc(COC2CC3CCCC3C3CC23)cc1
c1ccc(COC2CC3CCCC3C3CC23)cc1
c1ccc(COC2CC3CCCC3C3CC23)cc1
c1ccc(COC2CC3CCCC3C3CC23)cc1
c1ccc(COC2CC3CCCC3C3CC23)cc1
c1ccc(COC2CC3CCCC3C3CC23)cc1
c1ccc(COC2CC3CCCC3C3CC23)cc1
c1ccc(COC2CC3CCCC3C3CC23)cc1
c1ccc(COC2CC3CCCC3C3CC23)cc1
c1ccc(COC2CC3CCCC3C3CC23)cc1
c1ccc(COC2CC3CCCC3C3CC23)cc1
c1ccc(COC2CC3CCCC3C3CC23)cc1
c1ccc(COC2CC3CCCC3C3CC23)cc1
c1ccc(COC2CC3CCCC3C3CCC23)cc1
c1ccc(COC2CC3CCCC3C3CCC23)cc1
c1ccc(COC2CC3CCCC3C3CCC23)cc1
c1ccc(COC2CC3CCCC3C3CCC23)cc1
c1ccc(COC2CC3CCCC3C3CCCC23)cc1
c1ccc(COC2CC3CCCC3C3CCCC23)cc1
c1ccc(COC2CC3CCCC3C3CCCC23)cc1
c1ccc(COC2CC3CCCC3C3CCCCC23)cc1
c1ccc(COC2CC3CCCC3C3CCCCC23)cc1
c1ccc(COC2CC3CCCC3C3CCCCCC23)cc1
c1ccc(COC2CC3CCCC3C3CCCCCC23)cc1
c1ccc(COC2CC3CCCC3C3CCCCCCC23)cc1
c1ccc(COC2CC3CCCC3C3CCCCCCC23)cc1
c1ccc(COC2CC3CCCC3C3CCCCCC23)cc1
c1ccc(COC2CC3CCCC3C3CCCCCC23)cc1
c1ccc(COC2CC3CCCC3C3CCCCC23)cc1
c1ccc(COC2CC3CCCC3C3CCCCC23)cc1
c1ccc(COC2CC3CCCC3C3CCCCC23)cc1
c1ccc(COC2CC3CCCC3C3CCCCC23)cc1
c1ccc(COC2CC3CCCC3C3CCCCCC23)cc1
c1ccc(COC2CC3CCCC3C3CCCCCC23)cc1
c1ccc(COC2CC3CCCC3C3CCCCCC23)cc1
c1ccc(COC2CC3CCCC3C3CCCCC23)cc1
c1ccc(COC2CC3CCCC3C3CCCC23)cc1
c1ccc(COC2CC3CCCC3C3CCCC23)cc1
c1ccc(COC2CC3CCCC3C3CCCC23)cc1
c1ccc(COC2CC3CCCC3C3CCCCC23)cc1
c1ccc(COC2CC3CCCC3C3CCCCCC23)cc1
c1ccc(COC2CC3CCCC3C3CCCCCC23)cc1
c1ccc(COC2CC3CCCC3C3CCCCCC23)cc1
c1ccc(COC2CC3CCCC3C3CCCCC23)cc1
c1ccc(COC2CC3CCCC3C3CCCCC23)cc1
c1ccc(COC2CC3CCCC3C3CCCCC23)cc1
c1ccc(COC2CC3CCCC3C3CCCCC23)cc1
c1ccc(COC2CC3CCCC3C3CCCCC23)cc1
c1ccc(COC2CC3CCCC3C3CCCCC23)cc1
c1ccc(COC2CC3CCCC3C3CCCCCC23)cc1
c1ccc(COC2CC3CCCC3C3CCCCCC23)cc1
O=C1CC2CCCC3C4CCCC4CC(OCc4ccccc4)C3C2C1
O=C1C=C2CCCC3C4CCCC4CC(OCc4ccccc4)C3C2C1
O=C1C=C2CCC3C4CCCC4CC(OCc4ccccc4)C3C2C1
O=C1C=C2CCC3C4CCCC4CC(OCc4ccccc4)C3C2CC1
O=C(NCc1cccnc1)c1ccc2c(c1)CCC1CCCCC21Cc1ccccc1
O=C(NCc1cccnc1)c1ccc2c(c1)CCC1CCCCC21Cc1ccccc1
O=C(NCc1cccnc1)c1ccc(C2(Cc3ccccc3)CCCCC2)cc1
O=C(NCc1cccnc1)c1ccc(C2(Cc3ccccc3)CCCCC2)cc1
O=C(NCc1cccnc1)c1ccc(C2(Cc3ccccc3)CCCCC2)cc1
O=C(NCc1cccnc1)c1ccc(C2(Cc3ccccc3)CCCCC2)cc1
O=C(NCc1cccnc1)c1ccc(C2(Cc3ccccc3)CCCCC2)cc1
c1ccc(CC2(c3cccc(-c4cccnc4)c3)CCCCC2)cc1
c1ccc(CC2(c3cccc(-c4cccnc4)c3)CCCCC2)cc1
c1ccc(CC2CCC(c3cccc(-c4cccnc4)c3)CC2)cc1
c1ccc(C2CCC(c3cccc(-c4cccnc4)c3)CC2)cc1
c1ccc(C2CCC(c3cccc(-c4cccnc4)c3)C2)cc1
c1ccc(C2CCc3cccc(-c4cccnc4)c3CC2)cc1
c1ccc(C2CCc3cccc(-c4cccnc4)c3CN2)cc1
c1ccc(C2CCc3cccc(-c4cccnc4)c3N2)cc1
c1ccc(C2CCc3cccc(-c4cccnc4)c3N2)cc1
c1ccc(C2CCc3cccc(-c4cccnc4)c3N2)cc1
c1ccc(C2CCc3cccc(-c4cccnc4)c3N2)cc1
c1ccc(C2CCc3cccc(-c4cccnc4)c3N2)cc1
c1ccc(C2CCc3cccc(-c4cccnc4)c3N2)cc1
c1ccc(C2CCc3cccc(-c4cccnc4)c3N2)cc1
c1ccc(C2CCc3cccc(-c4cccnc4)c3N2)cc1
c1ccc(C2CCc3cccc(-c4cccnc4)c3N2)cc1
c1ccc(C2CCc3cccc(-c4cccnc4)c3N2)cc1
c1ccc(CC2CCc3cccc(-c4cccnc4)c3N2)cc1
c1ccc(Cc2ccc(-c3cccnc3)c3c2CCCN3)cc1
c1ccc(-c2ccc(-c3cccnc3)c3c2CCCN3)cc1
c1ccc(-c2ccc(-c3ccccc3)c3c2CCCN3)cc1
c1ccc(-c2ccc(-c3ccccc3)c3c2CCCN3)cc1
c1ccc(-c2ccc(-c3ccccc3)c3c2CCCN3)cc1
c1ccc(-c2ccccc2-c2cccc3c2CCCN3)cc1
c1ccc(-c2ccccc2-c2cccc3c2CCCN3)cc1
c1ccc(-c2ccccc2-c2cccc3c2CCCN3)cc1
c1ccc(-c2cccc3c2-c2c-3ccc3c2CCCN3)cc1
c1ccc2cc3c4c5c(ccc4c-3cccc2c1)NCCC5
c1ccc2cc3c4c5c(ccc4c-3cccc2c1)NCCC5
c1ccc2cc3c4c5c(ccc4c-3cccc2c1)NCCC5
c1ccc2cc3c4c5c(ccc4c-3cccc2c1)NCCC5
c1ccc2cc3c4c5c(ccc4c-3cccc2c1)NCCC5
c1ccc2cc3c4c5c(ccc4c-3cccc2c1)NCCC5
c1ccc2cc3c4c5c(ccc4c-3cccc2c1)NCCC5
c1ccc2cc3c4c5c(ccc4c-3cccc2c1)NCCC5
c1ccc2cc3c4c5c(ccc4c-3cccc2c1)NCCC5
c1ccc2cc3c4c5c(ccc4c-3cccc2c1)NCCC5
c1ccc2cc3c4c5c(ccc4c-3cccc2c1)NCCC5
c1ccc2cc3c4c5c(ccc4c-3cccc2c1)NCCC5
c1ccc2cc3c4c5c(ccc4c-3cccc2c1)NCCC5
c1ccc2cc3c4c5c(ccc4c-3cccc2c1)NCCC5
c1cccc2c3c4c(ccc3c-2cc1)NCCC4
c1cccc2c3c4c(ccc3c-2cc1)NCCC4
c1cccc2c3c4c(ccc3c-2cc1)NCCC4
c1cccc2c3c4c(ccc3c-2cc1)NCCC4
c1cccc2c3c4c(ccc3c-2cc1)NCCC4
c1cccc2c3c4c(ccc3c-2cc1)NCCC4
c1cccc2c3c4c(ccc3c-2cc1)NCCC4
c1cccc2c3c4c(ccc3c-2cc1)NCCC4
c1cccc2c3c4c(ccc3c-2cc1)NCCC4
c1cccc2c3c4c(ccc3c-2cc1)NCCC4
c1cccc2c3c4c(ccc3c-2cc1)NCCC4
c1cccc2c3c4c(ccc3c-2cc1)NCCC4
c1cccc2c3c4c(ccc3c-2cc1)NCCC4
c1cccc2c3c4c(ccc3c-2cc1)NCCC4
c1cccc2c3c4c(ccc3c-2cc1)NCCC4
c1cccc2c3c4c(ccc3c-2cc1)NCCC4
c1cccc2c3c4c(ccc3c-2cc1)NCCC4
c1ccc2c(c1)ccc1c3c(ccc12)NCCC3
c1ccc2c(c1)ccc1c3c(ccc12)NCCC3
c1ccc2c(c1)ccc1c3c(ccc12)NCCC3
c1ccc2c(c1)ccc1c3c(ccc12)NCCC3
c1ccc2c(c1)ccc1c3c(ccc12)NCCC3
c1ccc2c(c1)ccc1c3c(ccc12)NCCC3
c1ccc(-c2ccc3c(c2)CCCN3)cc1
c1ccc(-c2ccc3c(c2)CCCN3)cc1
c1ccc(-c2ccc3c(c2)CCCN3)cc1
c1ccc(-c2ccc3c(c2)CCCN3)cc1
c1cc2c(c(-c3ccc4c(c3)CCCN4)c1)CCCC2
c1cc2c(c(-c3ccc4c(c3)CCCN4)c1)CCC2
c1cc2c(c(-c3ccc4c(c3)CCCN4)c1)NCC2
c1cc(-c2ccc3c(c2)CCCN3)c2[nH]ccc2c1
O=C(NCc1cccnc1)c1ccc2c(c1)CCC1CCCCC21Cc1ccccc1
O=C(NCc1cccnc1)c1ccc(C2(Cc3ccccc3)CCCCC2)cc1
O=C(NCc1cccnc1)c1ccc(CCc2ccccc2)cc1
O=C(NCc1cccnc1)c1ccc(CCc2ccccc2)cc1
O=C(NCc1cccnc1)c1ccc(CCc2ccccc2)cc1
O=C(NCc1cccnc1)c1ccc(CCc2ccccc2)cc1
O=C(NCc1cccnc1)c1ccc(CCc2ccccc2)cc1
O=C(NCc1cccnc1)c1ccc(CCc2ccccc2)cc1
O=C(NCc1cccnc1)c1ccc(CCc2ccccc2)cc1
O=C(NCc1cccnc1)c1ccc(CCc2ccccc2)cc1
O=C(NCCc1cccnc1)c1ccc(CCc2ccccc2)cc1
O=C(NCCCc1cccnc1)c1ccc(CCc2ccccc2)cc1
O=C(NCCCc1cnccc1CCc1ccccc1)c1ccccc1
O=C(NCCCc1cnccc1CCc1ccccc1)c1ccccc1
O=C(NCCCc1cnccc1CCc1ccccc1)c1ccccc1
O=C(NCCc1cnccc1CCc1ccccc1)c1ccccc1
O=C(NCCc1cnccc1CCc1ccccc1)c1ccccc1
O=C(NCCc1cnccc1CCc1ccccc1)c1ccccc1
O=C(NCCc1cnccc1CCc1ccccc1)c1ccccc1
O=C(NCCc1cnccc1CCc1ccccc1)c1ccccc1
O=C(NCCc1cnccc1CCc1ccccc1)c1ccccc1
O=C(NCCc1cnccc1CCc1ccccc1)c1ccccc1
O=C(NCCc1cnccc1CCc1ccccc1)c1ccccc1
O=C(NCCc1cnccc1CCc1ccccc1)c1ccccc1
O=C(NCCc1cnccc1CCc1ccccc1)c1ccccc1
O=C(NCCc1cnccc1CCc1ccccc1)c1ccccc1
O=C(NCCc1cnccc1Cc1ccccc1)c1ccccc1
O=C(NCCc1cnccc1Cc1ccccc1)c1ccccc1
O=C(NCCc1cnccc1Cc1ccccc1)c1ccccc1
O=C(c1ccccc1)N(CCCNCc1ccccc1)CCc1cccnc1
O=C(c1ccccc1)N(CCCNCc1ccccc1)CCc1cccnc1
O=C(c1ccccc1)N(CCCNCc1ccccc1)CCc1cccnc1
O=C(c1ccccc1)N(CCCNCc1ccccc1)Cc1cccnc1
O=C(c1ccccc1)N(CCCNCc1ccccc1)CC1=CCN=C1
O=C(c1ccccc1)N(CCCNCc1ccccc1)CC1=CN=C1
O=C(c1ccccc1)N(CCCNCc1ccccc1)CC1=CN=C1
O=C(NCCCNCc1ccccc1)c1ccccc1
O=C(NCCCNCc1ccccc1)c1ccccc1
O=C(NCCCNCc1ccccc1)c1ccccc1
O=C(NCCCNc1ccccc1)c1ccccc1
O=C(NCCCNc1ccccc1)c1ccccc1
O=C(NCCCNc1ccccc1)c1ccccc1
O=C(NCCCNc1ccccc1)c1ccccc1
O=C(NCCCNNc1ccccc1)c1ccccc1
O=C(NCCCNNc1ccccc1)c1ccccc1
O=C(NCCCN1CN1c1ccccc1)c1ccccc1
O=C(NCCCNC1NN1c1ccccc1)c1ccccc1
O=C(NCCCNC1NN1c1ccccc1)c1ccccc1
O=C(NCCCNC1NNN1c1ccccc1)c1ccccc1
O=C(NCCCNC1NNN1c1ccccc1)c1ccccc1
O=C(NCCCNc1n[nH]n1-c1ccccc1)c1ccccc1
O=C(NCCCNc1n[nH]n1-c1ccccc1)c1ccccc1
O=C(NCCCNC1=NNCN1c1ccccc1)c1ccccc1
O=C(NCCCNC1=NNCN1c1ccccc1)c1ccccc1
O=C(NCCCNC1=NCCN1c1ccccc1)c1ccccc1
O=C(NCCCNc1nccn1-c1ccccc1)c1ccccc1
O=C(NCCCNc1ncnn1-c1ccccc1)c1ccccc1
O=C(NCCCNc1ccnn1-c1ccccc1)c1ccccc1
O=C(NCCCNc1ccnn1-c1ccccc1)c1ccccc1
O=C(NCCCNc1ccnn1-c1ccccc1)c1ccccc1
O=C(NCCCCc1cnn(-c2ccccc2)c1)c1ccccc1
O=C(NCCCCNc1cnn(-c2ccccc2)c1)c1ccccc1
O=C(NCCCCNCc1cnn(-c2ccccc2)c1)c1ccccc1
O=C(NCCCNCc1cnn(-c2ccccc2)c1)c1ccccc1
O=C(NCCCNCc1cnn(-c2ccccc2)c1)c1ccccc1
C=C(NCCCNC(=O)c1ccccc1)c1cnn(-c2ccccc2)c1
C=C(NCCCCNC(=O)c1ccccc1)c1cnn(-c2ccccc2)c1
O=C(NCCCCNC(=O)c1cnn(-c2ccccc2)c1)c1ccccc1
O=C(NCCCNC(=O)c1cnn(-c2ccccc2)c1)c1ccccc1
O=C(CSc1ccc2ccccc2c1)C1CCC2C1CCC1C3Cc4cnn(-c5ccccc5)c4C=C3CCC12
O=C(CSc1ccc2ccccc2c1)C1CCC2C1CCC1C3Cc4cnn(-c5ccccc5)c4C=C3CCC12
O=C(CSc1ccc2ccccc2c1)C1CCC2C1CCC1C(Cc3cnn(-c4ccccc4)c3)CCCC12
O=C(CSc1ccc2ccccc2c1)C1CCC2C1CCC1C(Cc3cnn(-c4ccccc4)c3)CCCC12
O=C(CSc1ccc2ccccc2c1)C1CCC2C1CCC1C(Cc3cnn(-c4ccccc4)c3)CCC12
O=C(CNc1ccc2ccccc2c1)C1CCC2C1CCC1C(Cc3cnn(-c4ccccc4)c3)CCC12
O=C(CNc1ccc2c(-c3cnn(-c4ccccc4)c3)cccc2c1)C1CCC2C3CCCC3CCC12
O=C(CNc1ccc2c(-c3cnn(-c4ccccc4)c3)cccc2c1)C1CCC2C3CCCC3CCC12
O=C(CNc1ccc2c(-c3cnn(-c4ccccc4)c3)cccc2c1)C1CCC2C3CCCC3CCC12
O=C(CNc1ccc2c(-c3cnn(-c4ccccc4)c3)cccc2c1)C1CCC2C3CCCC3CCC12
O=C(Nc1ccc2c(-c3cnn(-c4ccccc4)c3)cccc2c1)C1CCC2C3CCCC3CCC12
O=C(Nc1ccc2c(-c3cnn(-c4ccccc4)c3)cccc2c1)C1CC2C3CCCC3CCC12
O=C(Nc1ccc2c(-c3cnn(-c4ccccc4)c3)cccc2c1)C1CC2C3CCCC3CCC12
O=C(Nc1ccc2c(-c3cnn(-c4ccccc4)c3)cccc2c1)C1CC2C3CCCC3CCC12
O=C(Nc1ccc2c(-c3cnn(-c4ccccc4)c3)cccc2c1)OC1CC2C3CCCC3CCC12
O=C(Nc1ccc2c(-c3cnn(-c4ccccc4)c3)cccc2c1)OC1CC2C3CCCC3CCC12
O=C(Nc1ccc2c(-c3cnn(-c4ccccc4)c3)cccc2c1)OC1CC2C3CCCC3CCC12
O=C(Nc1ccc(-c2cccc3nn(-c4ccccc4)cc23)cc1)OC1CC2C3CCCC3CCC12
O=C(Nc1ccc(-c2cccc3nn(-c4ccccc4)cc23)cc1)OC1CC2C3CCC3CCC12
O=C(Nc1ccc(-c2cccc3nn(-c4ccccc4)cc23)cc1)OC1CC2C3CC3CCC12
O=C(Nc1ccc(-c2cccc3nn(-c4ccccc4)cc23)cc1)OC1CC2C3CC3CC12
O=C(Nc1ccc(-c2cccc3n[nH]cc23)cc1)OC1CC2C1CC1(c3ccccc3)CC21
O=C(Nc1ccc(-c2cccc3n[nH]cc23)cc1)OC1CC2C3CC3(c3ccccc3)C12
O=C(Nc1ccc(-c2cccc3n[nH]cc23)cc1)OC1CC2CC(c3ccccc3)C21
O=C(Nc1ccc(-c2cccc3n[nH]cc23)cc1)OC1CC2c3ccccc3CC12
O=C(Nc1ccc(-c2cccc3c[nH]cc23)cc1)OC1CC2c3ccccc3CC12
O=C(Nc1ccc(-c2cccc3c[nH]cc23)cc1)OC1CC2c3ccccc3CC12
O=C(Nc1ccc(-c2cccc3c[nH]cc23)cc1)OC1CC2c3ccccc3CC12
O=C(Nc1ccc(Cc2[nH]cc3ccccc23)cc1)OC1CC2c3ccccc3CC12
O=C(Nc1ccc(-c2cccc3cc[nH]c23)cc1)OC1CC2c3ccccc3CC12
O=C(Nc1ccc(-c2cccc3cc[nH]c23)cc1)OC1CCc2ccccc2CC1
O=C(Nc1ccc(-c2cccc3cc[nH]c23)cc1)OC1CCc2ccccc2C1
O=C(Nc1ccc(-c2cccc3cc[nH]c23)cc1)OC1Cc2ccccc2C1
O=C(Nc1ccc(-c2cccc3cc[nH]c23)cc1)OC1Cc2ccccc2C1
O=C(Nc1ccc(-c2cccc3cc[nH]c23)cc1)OC1Cc2ccccc2C1
O=C(Nc1ccc(-c2cccc3cc[nH]c23)cc1)OC1Cc2ccccc2C1
O=C(Nc1ccc(-c2cccc3cc[nH]c23)cc1)OC1Cc2ccccc2C1
O=C(Nc1ccc(-c2cccc3cc[nH]c23)cc1)OC1Cc2ccccc2C1
O=C(Nc1ccc(-c2cccc3cc[nH]c23)cc1)OC1Cc2ccccc2C1
O=C(Nc1ccc(-c2cccc3cc[nH]c23)cc1)OC1Cc2ccccc2C1
O=C(Nc1ccc(-c2cccc3cc[nH]c23)cc1)OC1Cc2ccccc2C1
O=C(Nc1ccccc1)OC1Cc2ccc(-c3cccc4cc[nH]c34)cc2C1
O=C(Nc1ccccc1)OC1Cc2ccc(-c3cccc4cc[nH]c34)cc2C1
O=C(Nc1ccccc1)OC1Cc2ccc(-c3cccc4cc[nH]c34)cc2C1
O=C(Nc1cccnc1)OC1Cc2ccc(-c3cccc4cc[nH]c34)cc2C1
O=C(Nc1cccnc1)OC1Cc2ccc(-c3cccc4cc[nH]c34)cc2C1
O=C(Nc1ccccc1)OC1Cc2ccc(-c3cccc4cc[nH]c34)cc2C1
O=C(Nc1ccccc1)OC1Cc2ccc(-c3cccc4cc[nH]c34)cc2C1
O=C(Nc1ccccc1)OC1Cc2ccc(-c3cccc4cc[nH]c34)cc2C1
O=C(Nc1ccccc1)OC1Cc2ccc(-c3cccc4cc[nH]c34)cc2C1
O=C(Nc1ccccc1)OC1Cc2ccc(-c3cccc4cc[nH]c34)cc2C1
O=C(Nc1ccccc1)OC1Cc2ccc(-c3cccc4cc[nH]c34)cc2C1
O=C(Nc1ccccc1)OC1Cc2ccc(-c3cccc4cc[nH]c34)cc2C1
O=C(Nc1ccccc1)OC1Cc2ccc(-c3cccc4cc[nH]c34)cc2C1
O=C(Nc1ccccc1)OC1CCc2ccc(-c3cccc4cc[nH]c34)cc2C1
O=C(Nc1ccccc1)OC1CCc2ccc(-c3cccc4cc[nH]c34)cc2C1
O=C(Nc1ccccc1)OC1CCc2ccc(-c3cccc4cc[nH]c34)cc2C1
O=C(Nc1ccccc1)OC1CCc2ccc(-c3cccc4cc[nH]c34)cc2C1
O=C(Nc1ccccc1)OC1CCc2ccc(-c3cccc4cc[nH]c34)cc2C1
O=C(Nc1ccccc1)OC1CCc2ccc(-c3cccc4cc[nH]c34)cc2C1
O=C(Nc1ccccc1)OC1CCc2ccc(-c3cccc4cc[nH]c34)cc2C1
O=C(Nc1ccccc1)OC1CCc2ccc(-c3cccc4cc[nH]c34)cc2C1
O=C(Nc1ccccc1)OC1CCc2ccc(-c3cccc4cc[nH]c34)cc2C1
O=C(Nc1ccccc1)OC1CCc2ccc(-c3cccc4cc[nH]c34)cc2C1
O=C(Nc1ccccc1)OC1CCc2ccc(-c3cccc4cc[nH]c34)cc2C1
O=C(Nc1ccccc1)OC1CCc2ccc(-c3cccc4cc[nH]c34)cc2C1
O=C(Nc1ccccc1)OC1CCc2ccc(-c3cccc4cc[nH]c34)cc2C1
O=C(Nc1ccccc1)OC1Cc2ccc(-c3cccc4cc[nH]c34)cc2C1
O=C(Nc1ccccc1)OC1Cc2ccc(-c3cccc4cc[nH]c34)cc2C1
O=C(Nc1ccccc1)OC1CCc2ccc(-c3cccc4cc[nH]c34)cc2C1
O=C(Nc1ccccc1)OC1CCc2ccc(-c3cccc4cc[nH]c34)cc2C1
O=C(Nc1ccccc1)OC1CCc2ccc(-c3cccc4cc[nH]c34)cc2C1
O=C(Nc1ccccc1)OC1CCc2ccc(-c3cccc4cc[nH]c34)cc2C1
O=C(Nc1ccccc1)OC1Cc2ccc(-c3cccc4cc[nH]c34)cc2C1
O=C(Nc1ccccc1)OC1Cc2ccc(-c3cccc4cc[nH]c34)cc2C1
O=C(Nc1ccccc1)OC1Cc2ccc(-c3cccc4cc[nH]c34)cc2C1
O=C(Nc1ccccc1)OC1Cc2ccc(-c3cccc4cc[nH]c34)cc2C1
O=C(Nc1ccccc1)OC1Cc2ccc(-c3cccc4cc[nH]c34)cc2C1
O=C(Nc1ccccc1)OC1Cc2ccc(-c3cccc4cc[nH]c34)cc2C1
O=C(Nc1ccccc1)OC1Cc2ccc(-c3cccc4cc[nH]c34)cc2C1
O=C(Nc1ccc(C2CC2)cc1)OC1Cc2ccc(-c3cccc4cc[nH]c34)cc2C1
O=C(Nc1ccc(C2CC2)cc1)OC1Cc2ccc(-c3cccc4cc[nH]c34)cc2C1
O=C(Nc1ccccc1)OC1Cc2ccc(-c3cccc4cc[nH]c34)cc2C1
O=C(Nc1ccccc1)OC1Cc2ccc(-c3cccc4cc[nH]c34)cc2C1
O=C(Nc1ccccc1)OC1Cc2ccc(-c3cccc4cc[nH]c34)cc2C1
O=C(Nc1ccccc1)OC1Cc2ccc(-c3cccc4cc[nH]c34)cc2C1
O=C(Nc1ccccc1)OC1Cc2ccc(-c3cccc4cc[nH]c34)cc2C1
O=C(Nc1ccccc1)OC1Cc2ccc(-c3cccc4cc[nH]c34)cc2C1
O=C(Nc1ccccc1)OC1Cc2cc(-c3cccc4cc[nH]c34)cc3c2C1C3
O=C(Nc1ccccc1)OC1Cc2cc(-c3cccc4cc[nH]c34)cc3c2C1C3
O=C(Nc1ccccc1)OC1Cc2ccc(-c3cccc4cc[nH]c34)cc2C1
O=C(Nc1ccccc1)OC1CNc2ccc(-c3cccc4cc[nH]c34)cc2C1
O=C(CSc1ccc2ccccc2c1)C1CCC2C1CCC1C3Cc4cnn(-c5ccccc5)c4C=C3CCC12
O=C(CSc1ccc2ccccc2c1)C1CCC2C1CCC1C3Cc4cnn(-c5ccccc5)c4C=C3CCC12
O=C(CSc1ccc2ccccc2c1)C1CCC2C1CCC1C3Cc4cnn(-c5ccccc5)c4C3CCC21
O=C(CCc1ccc2ccccc2c1)C1CCC2C1CCC1C3Cc4cnn(-c5ccccc5)c4C3CCC21
O=C(CCc1ccc2ccccc2c1)C1CCC2C1CCC1C3Cc4cnn(-c5ccccc5)c4C3CCC21
O=C(COc1ccc2ccccc2c1)C1CCC2C1CCC1C3Cc4cnn(-c5ccccc5)c4C3CCC21
O=C(COc1ccc2ccccc2c1)C1CCC(C2CCC3c4c(cnn4-c4ccccc4)CC3C2)C1
O=C(CCCCC1CCC2c3c(cnn3-c3ccccc3)CC2C1)COc1ccc2ccccc2c1
O=C(CCCCC1CCC(c2ccnn2-c2ccccc2)CC1)COc1ccc2ccccc2c1
O=C(CCCCC1CCC(c2ccnn2-c2ccccc2)CC1)COc1ccc2ccccc2c1
c1ccc(-n2nccc2C2CCC(c3ccc4ccccc4c3)CC2)cc1
c1ccc(-n2nccc2C2CCC(c3ccc4ccccc4c3)CC2)cc1
c1ccc(-n2nccc2C2CCC(c3ccc4ccccc4c3)CC2)cc1
c1ccc(-n2nccc2C2CCC(c3ccc4ccccc4c3)CC2)cc1
c1ccc(-n2nccc2C2CCC(c3ccc4ccccc4c3)CC2)cc1
c1ccc(-n2nccc2C2CCC(c3ccc4ccccc4c3)CC2)cc1
c1ccc(-n2nccc2C2CCC(c3ccc4ccccc4c3)CC2)cc1
c1ccc(-n2nccc2C2CCC(c3ccc4ccccc4c3)CC2)cc1
c1ccc(-n2nccc2C2CCC(c3ccc4ccccc4c3)CC2)cc1
c1ccc(-n2cccc2C2CCC(c3ccc4ccccc4c3)CC2)cc1
c1ccc(Cn2cccc2C2CCC(c3ccc4ccccc4c3)CC2)cc1
C1=C(C2CCC(c3ccc4ccccc4c3)CC2)N(Cc2ccccc2)C1
C1=C(C2CCC(c3ccc4ccccc4c3)CC2)N(Cc2ccccc2)C1
O=C(CCC1=CCN1Cc1ccccc1)NCOc1ccc2cc(C3CCCCC3)ccc2c1
O=C(CCC1=CCN1Cc1ccccc1)NCOc1ccc2cc(C3CCCC3)ccc2c1
O=C(CCC1=CCN1Cc1ccccc1)NCOc1ccc2cc(C3CCCC3)ccc2c1
O=C(CC1=CCN1Cc1ccccc1)NCOc1ccc2cc(C3CCCC3)ccc2c1
O=C(CC1=CCN1Cc1ccccc1)NCOc1ccc2cc(C3CCC3)ccc2c1
O=C(CC1=CCN1Cc1ccccc1)NCOc1ccc2cc(C3CCC3)ccc2c1
O=C(CC1=CCN1Cc1ccccc1)NCOc1ccc2cc(C3CC3)ccc2c1
O=C(CC1=CCN1Cc1ccccc1)NCOc1ccc(C=CC2CC2)cc1
O=C(CC1=CCN1Cc1ccccc1)NCOc1ccc(C=CC2CC2)cc1
O=C(CC1=CCN1Cc1ccc(C2CC2)cc1)NCOc1ccc(C=CC2CC2)cc1
O=C(CC1=CCN1Cc1ccc(C2CC2)cc1)NCOc1ccc(C=CC2CC2)cc1
O=C(CC1=CCN1Cc1ccc(C2CC2)cc1)NCOc1ccc(CC2CC2)cc1
O=C(CC1=CCN1Cc1ccc(C2CC2)cc1)NCOc1ccc(CC2CCC2)cc1
O=C(CC1=CCN1Cc1ccc(C2CC2)cc1)NCOc1ccc(CC2CCCC2)cc1
O=C(CC1=CCN1Cc1ccc(C2CC2)cc1)NCOc1ccc(CC2CCCC2)cc1
O=C(CC1=CCN1Cc1ccc(C2CC2)cc1)NCOc1ccc(COC2CCCC2)cc1
O=C(CC1=CCN1Cc1ccc(C2CC2)cc1)NCOc1ccc(COC2CCCC2)cc1
O=C(CC1=CCN1Cc1ccc(C2CC2)cc1)NCC(OC1CCCC1)c1ccccc1
O=C(CC1=CCN1Cc1ccc(C2CC2)cc1)NCC(OC1CCCC1)c1ccccc1
O=C(CC1=CCN1Cc1ccc(C2CCC2)cc1)NCC(OC1CCCC1)c1ccccc1
O=C(CC1=CCN1Cc1ccc(C2CCC2)cc1)NCC(OC1CCCC1)c1ccccc1
C=C(CC(=O)NCC(OC1CCCC1)c1ccccc1)N1Cc2ccc(C3CCC3)cc2C1
C=C(CC(=O)NCC(OC1CCCC1)c1ccccc1)N1Cc2ccc(C3CCC3)cc2C1
C=C(CC(=O)NCC(OC1CCCC1)c1ccccc1)N1Cc2ccc(C3CC3)cc2C1
O=C(CC(=O)N1Cc2ccc(C3CC3)cc2C1)NCC(OC1CCCC1)c1ccccc1
O=C(CC(=O)N1Cc2ccc(C3CC3)cc2C1)NCC(OC1CCC1)c1ccccc1
O=C(CC(=O)N1CCc2ccc(C3CC3)cc2C1)NCC(OC1CCC1)c1ccccc1
O=C(CC(=O)N1CCCc2ccc(C3CC3)cc2C1)NCC(OC1CCC1)c1ccccc1
O=C(CC(=O)N1CCCc2ccc(C3CC3)cc2C1)NCC(OC1CC1)c1ccccc1
O=C(CC(=O)N1CCc2ccc(C3CC3)cc2C1)NCC(OC1CC1)c1ccccc1
O=C(CC(=O)N1CC(c2ccc(C3CC3)cc2)C1)NCC(OC1CC1)c1ccccc1
O=C(CC(=O)N1CC(c2ccc(C3CC3)cc2)C1)NCC(OC1CCC1)c1ccccc1
O=C(CC(=O)N1CCC(c2ccc(C3CC3)cc2)C1)NCC(OC1CCC1)c1ccccc1
O=C(CC(=O)N1CCCC(c2ccc(C3CC3)cc2)C1)NCC(OC1CCC1)c1ccccc1
O=C(CC(=O)N1CCCC(Oc2ccc(C3CC3)cc2)C1)NCC(OC1CCC1)c1ccccc1
O=C(CC(=O)N1CCCC(Oc2ccc(C3CC3)cc2)C1)NCC(OCC1CCC1)c1ccccc1
O=C(CC(=O)N1CCCC(Oc2ccc(C3CC3)cc2)C1)NCC(OCC1CCC1)c1ccccc1
O=C(CC(=O)N1CCCC(Oc2ccc(C3CC3)cc2)C1)NCC(OCC1CC1)c1ccccc1
O=C(CC(=O)N1CCCC(Oc2ccc(C3CC3)cc2)C1)NCC(OCC1CO1)c1ccccc1
O=C(CC(=O)N1CCCC(Oc2ccc(C3CC3)cc2)C1)NCC(OCCC1CO1)c1ccccc1
O=C(CC(=O)N1CCCC(Oc2ccc(C3CC3)cc2)C1)NCC(OCCC1CO1)c1ccccc1
O=C(CC(=O)N1CCCC(Oc2ccc(C3CC3)cc2)C1)NCCc1ccccc1
O=C(CC(=O)N1CCCC(Oc2ccc(C3CC3)cc2)C1)NCC(OC1CCOC1)c1ccccc1
O=C(CC(=O)N1CCCC(Oc2ccc(C3CC3)cc2)C1)NCCc1ccccc1
O=C(CC(=O)N1CCCC(Oc2ccc(C3CC3)cc2)C1)NCCc1ccccc1
O=C(CC(=O)N1CCCC(Oc2ccc(C3CC3)cc2)C1)NCCc1ccccc1
O=C(CC(=O)N1CCCC(OCc2ccc(C3CC3)cc2)C1)NCCc1ccccc1
O=C(CCN1CCCC(OC(=O)c2ccc(C3CC3)cc2)C1)NCCc1ccccc1
O=C(CCN1CCCC(OC(=O)c2ccc(C3CC3)cc2)C1)NCCc1ccccc1
O=C(CCN1CCCC(OC(=O)c2ccc(C3CC3)cc2)C1)NCCc1ccccc1
O=C(CCN1CCCC(OC(=O)c2ccc(C3CC3)cc2)C1)NCCc1ccccc1
O=C(CCN1CCCC(OC(=O)c2ccc(C3CC3)cc2)C1)NCCc1ccccc1
C=C(CC(=O)NCCc1ccccc1)N1CCCC(OC(=O)c2ccc(C3CC3)cc2)C1
C=C(CC(=O)NCCc1ccccc1)N1CCCC(OC(=O)c2ccc(C3CC3)cc2)C1
C=C(CC(=O)NCCc1ccccc1)N1CCCC(OC(=O)c2ccc(C3CC3)cc2)C1
O=C(CC(=O)N1CCCC(OC(=O)c2ccc(C3CC3)cc2)C1)NCCc1ccccc1
O=C(CC(=O)N1CCCC(OC(=O)c2ccc(C3CC3)cc2)C1)NCCc1ccccc1
O=C(CC(=O)N1CCCC(OC(=O)c2ccc(C3CC3)cc2)C1)NCCc1ccccc1
O=C(CC(=O)N1CCCC(OC(=O)c2ccc(C3CC3)cc2)C1)NCCc1ccccc1
O=C(CC(=O)N1CCCC(OC(=O)c2ccc(C3CC3)cc2)C1)NCCc1ccccc1
O=C(CC(=O)N1CCCC(OC(=O)c2ccc(C3CC3)cc2)C1)NCCc1ccccc1
O=C(CC(=O)N1CCCC(OC(=O)c2ccc(C3CC3)cc2)C1)NCCc1ccccc1
O=C(CCC(=O)N1CCCC(OC(=O)c2ccc(C3CC3)cc2)C1)NCCc1ccccc1
O=C(CCC(=O)N1CCCC(OC(=O)c2ccc(C3CC3)cc2)C1)NCCc1ccccc1
O=C(CCC(=O)N1CCCC(OC(=O)c2ccc(C3CC3)cc2)C1)NCCc1ccccc1
O=C(OC1CCCN(C(=O)CCOc2ccccc2)C1)c1ccc(C2CC2)cc1
O=C(OC1CCCN(C(=O)CCOc2ccccc2)C1)c1ccc(C2CC2)cc1
O=C(OC1CCCN(C(=O)CCOc2ccccc2)C1)c1ccc(C2CC2)cc1
O=C(OC1CCCCN(C(=O)CCOc2ccccc2)C1)c1ccc(C2CC2)cc1
O=C(OC1CCCCN(C(=O)C2CC2Oc2ccccc2)C1)c1ccc(C2CC2)cc1
O=C(OC1CCCCCN(C(=O)C2CC2Oc2ccccc2)C1)c1ccc(C2CC2)cc1
O=C(OC1CCCCCN(C(=O)C2CC(Oc3ccccc3)C2)C1)c1ccc(C2CC2)cc1
O=C(OC1CCCCN(C(=O)C2CC(Oc3ccccc3)C2)C1)c1ccc(C2CC2)cc1
O=C(OC1CCCCN(C(=O)C2CCC(Oc3ccccc3)C2)C1)c1ccc(C2CC2)cc1
O=C(OC1CCCCN(C(=O)C2CCC(Oc3ccccc3)C2)C1)c1ccc(C2CC2)cc1
O=C(OC1CCCN(C(=O)C2CCC(Oc3ccccc3)C2)C1)c1ccc(C2CC2)cc1
O=C(OC1CCCN(C(=O)C2CCCC(Oc3ccccc3)C2)C1)c1ccc(C2CC2)cc1
O=C(OC1CCCN(C(=O)C2CCCC(Oc3ccccc3)C2)C1)c1ccc(C2CC2)cc1
O=C(OC1CCCN(C(=O)C2CCCC(Oc3ccccc3)CC2)C1)c1ccc(C2CC2)cc1
O=C(OC1CCCCN(C(=O)C2CCCC(Oc3ccccc3)CC2)C1)c1ccc(C2CC2)cc1
O=C(OC1CCCCN(C(=O)C2CCC(Oc3ccccc3)CC2)C1)c1ccc(C2CC2)cc1
O=C(OC1CCCCN(C(=O)C2CCC(Oc3ccccc3)CC2)C1)c1ccc(C2CC2)cc1
O=C(OC1CCCCN(C(=O)C2CCC(Oc3ccccc3)CC2)C1)c1ccc(C2CC2)cc1
O=C(OC1CCCCN(C(=O)C2CCC(Oc3ccccc3)COC2)C1)c1ccc(C2CC2)cc1
O=C(OC1CCCN(C(=O)C2CCC(Oc3ccccc3)COC2)C1)c1ccc(C2CC2)cc1
O=C(OC1CCCN(C(=O)C2CCC(Oc3ccccc3)COC2)C1)c1ccc(C2CC2)cc1
O=C(OC1CCCN(C(=O)C2CCCC(Oc3ccccc3)CC2)C1)c1ccc(C2CC2)cc1
O=C(OC1CCCN(C(=O)C2CCCC(Oc3ccccc3)CC2)C1)c1ccc(C2CC2)cc1
O=C(OC1CCCN(C(=O)C2CCCC(Oc3ccccc3)CC2)C1)c1ccc(C2CC2)cc1
O=C(OC1CCCN(C(=O)C2CCCC(Oc3ccccc3)CC2)C1)c1ccc(C2CC2)cc1
O=C(OC1CCCN(C(=O)C2CCCC(Oc3ccc(COCC4CCO4)cc3)CC2)C1)c1ccc(C2CC2)cc1
O=C(OC1CCCN(C(=O)C2CCCC(Oc3ccc(COCC4CCC4)cc3)CC2)C1)c1ccc(C2CC2)cc1
O=C(OC1CCCN(C(=O)C2CCCC(Oc3ccc(COCC4CCCC4)cc3)CC2)C1)c1ccc(C2CC2)cc1
O=C(OC1CCCN(C(=O)C2CCC(Oc3ccc(COCC4CCCC4)cc3)CC2)C1)c1ccc(C2CC2)cc1
O=C(OC1CCCN(C(=O)C2CCC(Oc3ccc(COCC4CCCC4)cc3)C2)C1)c1ccc(C2CC2)cc1
O=C(OC1CCCN(C(=O)C2CC(Oc3ccc(COCC4CCCC4)cc3)C2)C1)c1ccc(C2CC2)cc1
O=C(OC1CCCN(C(=O)C2CC(COc3ccc(COCC4CCCC4)cc3)C2)C1)c1ccc(C2CC2)cc1
O=C(OC1CCCN(C(=O)C2CC(COc3ccc(COC4CCCC4)cc3)C2)C1)c1ccc(C2CC2)cc1
O=C(OC1CCCCN(C(=O)C2CC(COc3ccc(COC4CCCC4)cc3)C2)C1)c1ccc(C2CC2)cc1
O=C(OC1CCCCN(C(=O)C2CCC(COc3ccc(COC4CCCC4)cc3)C2)C1)c1ccc(C2CC2)cc1
O=C(OC1CCCCN(C(=O)C2CCC(COc3ccc(COC4CCCC4)cc3)CC2)C1)c1ccc(C2CC2)cc1
O=C(OC1CCCCN(C(=O)C2CCC(Oc3ccc(COC4CCCC4)cc3)CC2)C1)c1ccc(C2CC2)cc1
O=C(OC1CCCCN(C(=O)C2CCC(Oc3ccc(COC4CCC4)cc3)CC2)C1)c1ccc(C2CC2)cc1
O=C(OC1CCCCN(C(=O)C2CCC(Oc3ccc(COC4CCC4)cc3)CC2)C1)c1ccc(C2CC2)cc1
O=C(OC1CCCN(C(=O)C2CCC(Oc3ccc(COC4CCC4)cc3)CC2)C1)c1ccc(C2CC2)cc1
O=C(OC1CCCN(C(=O)C2CCC(Oc3ccc(COC4CC4)cc3)CC2)C1)c1ccc(C2CC2)cc1
O=C(OC1CCCN(C(=O)C2CCC(COc3ccc(COC4CC4)cc3)CC2)C1)c1ccc(C2CC2)cc1
O=C(OC1CCCN(C(=O)C2CCC(COc3ccccc3)CC2)C1)c1ccc(C2CC2)cc1
O=C(OC1CCCN(C(=O)C2CCC(COc3ccccc3)CC2)C1)c1ccc(C2CC2)cc1
O=C(OC1CCCN(C(=O)C2CCC(COc3ccccc3)CC2)C1)c1ccc(C2CC2)cc1
O=C(OC1CCCN(C(=O)C2CCC(COc3ccccc3)CC2)C1)c1ccc(C2CC2)cc1
O=C(OC1CCCN(C(=O)C2CCC(CCOCc3ccccc3)CC2)C1)c1ccc(C2CC2)cc1
O=C(OC1CCCN(C(=O)C2CCC(CCOCc3ccccc3)CC2)C1)c1ccc(C2CC2)cc1
O=C(OC1CCCN(C(=O)C2CCC(COCc3ccccc3)CC2)C1)c1ccc(C2CC2)cc1
O=C(OC1CCCN(C(=O)C2CCC(COCc3ccccc3)CC2)C1)c1ccc(C2CC2)cc1
O=C(OC1CCCCN(C(=O)C2CCC(COCc3ccccc3)CC2)C1)c1ccc(C2CC2)cc1
O=C(OC1CCCCCN(C(=O)C2CCC(COCc3ccccc3)CC2)C1)c1ccc(C2CC2)cc1
O=C(OC1CCCCCN(C(=O)C2CCC(COCc3ccccc3)CC2)C1)c1ccc(C2CC2)cc1
O=C(OC1CCCCCN(C(=O)C2CCC(OCc3ccccc3)CC2)C1)c1ccc(C2CC2)cc1
O=C(OC1CCCCCN(C(=O)C2CCCC(OCc3ccccc3)CC2)C1)c1ccc(C2CC2)cc1
O=C(OC1CCCCCN(C(=O)C2CCCC(OCc3ccc(OC4CC4)cc3)CC2)C1)c1ccc(C2CC2)cc1
O=C(OC1CCCCCN(C(=O)C2CCCCC(OCc3ccc(OC4CC4)cc3)CC2)C1)c1ccc(C2CC2)cc1
O=C(OC1CCCCCN(C(=O)C2CCCCC(OCc3ccccc3)CC2)C1)c1ccc(C2CC2)cc1
O=C(OC1CCCCN(C(=O)C2CCCCC(OCc3ccccc3)CC2)C1)c1ccc(C2CC2)cc1
O=C(OC1CCCN(C(=O)C2CCCCC(OCc3ccccc3)CC2)C1)c1ccc(C2CC2)cc1
O=C(OC1CCCN(C(=O)C2CCCCC(OCc3ccccc3)CC2)C1)c1ccc(C2CC2)cc1
O=C(OC1CCCN(C(=O)C2CCCCC(OCc3ccccc3)C2)C1)c1ccc(C2CC2)cc1
O=C(OC1CCCN(C(=O)C2CCCCC(OOCc3ccccc3)C2)C1)c1ccc(C2CC2)cc1
O=C(OC1CCCN(C(=O)C2CCCCC(OOCc3ccccc3)C2)C1)c1ccc(C2CC2)cc1
O=C(OC1CCCN(C(=O)C2CCCCC(OOCc3ccccc3)C2)C1)c1ccc(C2CC2)cc1
O=C(OC1CCCN(C(=O)C2CCCCC(OOCc3ccccc3)CC2)C1)c1ccc(C2CC2)cc1
O=C(OC1CCCN(C(=O)C2CCCC(OOCc3ccccc3)CC2)C1)c1ccc(C2CC2)cc1
O=C(OC1CCCN(C(=O)C2CCCC(OCc3ccccc3)CC2)C1)c1ccc(C2CC2)cc1
O=C(OC1CCCN(C(=O)C2CCCC(OCc3ccccc3)CC2)C1)c1ccc(C2CC2)cc1
O=C1CC(OCc2ccccc2)CCC(C(=O)N2CCCC(OC(=O)c3ccc(C4CC4)cc3)C2)C1
O=C1CC(C(=O)N2CCCC(OC(=O)c3ccc(C4CC4)cc3)C2)CCC(OCc2ccccc2)O1
O=C1CC(C(=O)N2CCCC(OC(=O)c3ccc(C4CC4)cc3)C2)CC(OCc2ccccc2)O1
O=C1CC(C(=O)N2CCCC(OC(=O)c3ccc(C4CC4)cc3)C2)CC(OCc2ccccc2)O1
O=C1CC(C(=O)N2CCCC(OC(=O)c3ccc(C4CC4)cc3)C2)C(OCc2ccccc2)O1
O=C1CC(C(=O)N2CC(OCc3ccccc3)CC(OC(=O)c3ccc(C4CC4)cc3)C2)CO1
O=C1CC(C(=O)N2CC(OC(=O)c3ccc(C4CC4)cc3)CC2OCc2ccccc2)CO1
O=C1CC(C(=O)N2CCC(OC(=O)c3ccc(C4CC4)c(OCc4ccccc4)c3)C2)CO1
O=C1CC(C(=O)N2CCCC(OC(=O)c3ccc(C4CC4)c(OCc4ccccc4)c3)C2)CO1
O=C1CC(C(=O)N2CCCC(OC(=O)c3cccc(OCc4ccccc4)c3)C2)CO1
O=C1CC(C(=O)N2CCCC(OC(=O)c3cccc(OCc4ccccc4)c3)C2)CO1
O=C1CC(C(=O)N2CCCC(OC(=O)c3cccc(OCc4ccccc4)c3)C2)CO1
O=C1CC(C(=O)N2CCCC(OC(=O)c3cccc(OCc4ccccc4)c3)C2)CO1
O=C1CC(C(=O)N2CCCC(OC(=O)c3cccc(OCc4ccccc4)c3)C2)CO1
O=C1CC(C(=O)N2CCCC(OC(=O)c3cccc(OCc4ccccc4)c3)C2)CO1
O=C1CC(C(=O)N2CCCC(OC(=O)c3cccc(OCc4ccccc4)c3)C2)CO1
O=C1CC(C(=O)N2CCCC(OC(=O)c3cccc(OCc4ccccc4)c3)C2)CO1
O=C1CC(C(=O)N2CCCC(OC(=O)c3cccc(OCc4ccccc4)c3)C2)CO1
O=C1CC(C(=O)N2CCCC(OC(=O)c3cccc(OCc4ccccc4)c3)C2)CO1
O=C1CC(C(=O)N2CCCC(OC(=O)c3cccc(OCc4ccccc4)c3)C2)CO1
O=C1CC(C(=O)N2CCCC(OC(=O)c3ccc(OCc4ccccc4)cc3)C2)CO1
O=C1CC(C(=O)N2CCCC(OC(=O)c3ccc(OCc4ccc(C5CC5)cc4)cc3)C2)CO1
O=C1CC(C(=O)N2CCCC(OC(=O)c3ccc(OCc4ccc(C5CC5)cc4)cc3)C2)CO1
O=C1CC(C(=O)N2CCCC(OC(=O)c3ccc(OCc4ccc(C5CC5)cc4)cc3)C2)CO1
O=C(CSc1ccc2ccccc2c1)C1CCC2C1CCC1C3Cc4cnn(-c5ccccc5)c4C=C3CCC12
O=C(CSc1ccc2ccccc2c1)C1CCC2C1CCC1C3Cc4cnn(-c5ccccc5)c4C=C3CCC12
O=C(CSc1ccc2ccccc2c1)C1CCC2C1CCC1C3Cc4cnn(-c5ccccc5)c4C=C3CCC12
O=C(CSc1ccc2ccccc2c1)C1CCC2C1CCCC1C3Cc4cnn(-c5ccccc5)c4C=C3CCC12
O=C(CSc1ccc2ccccc2c1)C1CCC2C1CCCCC1C3Cc4cnn(-c5ccccc5)c4C=C3CCC12
O=C(CNc1ccc2ccccc2c1)C1CCC2C1CCCCC1C3Cc4cnn(-c5ccccc5)c4C=C3CCC12
O=C(Nc1ccc2ccccc2c1)C1CCC2C1CCCCC1C3Cc4cnn(-c5ccccc5)c4C=C3CCC12
O=C(Nc1ccc2ccccc2c1)C1CCC2CC(C3C=Cc4c(cnn4-c4ccccc4)C3)CCCCC21
O=C(Nc1ccc2ccccc2c1)C1CCC2CC(C3C=Cc4c(cnn4-c4ccccc4)C3)CCCCC21
O=C(Nc1ccc2ccccc2c1)C1CCC2CC(C3C=Cc4c(cnn4-c4ccccc4)C3)CCCC21
O=C(Nc1ccc2ccccc2c1)C1CC2CC(C3C=Cc4c(cnn4-c4ccccc4)C3)CCCC21
O=C(Nc1ccc2ccccc2c1)C1CC2CC(C3C=Cc4c(cnn4-c4ccccc4)C3)CCCC21
O=C(Nc1ccc2ccccc2c1)C1CC2CC(C3C=Cc4c(cnn4-c4ccccc4)C3)CCCC21
O=C(Nc1ccc2ccccc2c1)C1CC2CC(CCc3cnn(-c4ccccc4)c3)CCCC21
O=C(Nc1ccc2ccccc2c1)C1CC2CC(CCc3cnn(-c4ccccc4)c3)CCCC21
O=C(Nc1ccc2ccccc2c1)C1(CCc2cnn(-c3ccccc3)c2)CC2CCCCCC21
O=C(Nc1ccc2ccccc2c1)C1(CCc2cnn(-c3ccccc3)c2)CC2CCCCC21
O=C(Nc1ccc2ccccc2c1)C1(CCc2cnn(-c3ccccc3)c2)CC2CCCCC21
O=C(Nc1ccc2ccccc2c1)C1(CCc2cnn(-c3ccccc3)c2)CC2CCCCC21
O=C(Nc1ccc2ccccc2c1)C1(CCc2cnn(-c3ccccc3)c2)CC2CCCCC21
O=C(CC1(CNc2ccc3ccccc3c2)CC2CCCCC21)c1cnn(-c2ccccc2)c1
O=C(CC1(CNc2ccc3ccccc3c2)CC2CCCCC21)c1cnn(-c2ccccc2)c1
O=C(CC1(CNc2ccc3ccccc3c2)CC2CCCCC21)c1cnn(-c2ccccc2)c1
O=C(CC1(CNc2ccc3ccccc3c2)CC2CCCCC21)c1cnn(-c2ccccc2)c1
O=C(CC1(CNC2=Cc3ccccc3C2)CC2CCCCC21)c1cnn(-c2ccccc2)c1
O=C(CC1(CNC2=Cc3ccccc3C2)C2CCCCC21)c1cnn(-c2ccccc2)c1
O=C(CC1(CNC2Cc3ccccc32)C2CCCCC21)c1cnn(-c2ccccc2)c1
O=C(CC1(CNC2Cc3ccccc32)C2CCCCC21)c1cnn(-c2ccccc2)c1
O=C(CC(CNC1Cc2ccccc21)C1CCCCC1)c1cnn(-c2ccccc2)c1
O=C(CC(CNC1Cc2ccccc21)C1CCCC1)c1cnn(-c2ccccc2)c1
O=C(CC1(C2CCCC2)CN1C1Cc2ccccc21)c1cnn(-c2ccccc2)c1
O=C(CC1(C2CCCC2)CN1C1CCc2ccccc21)c1cnn(-c2ccccc2)c1
O=C(NCC1(C2CCCC2)CN1C1CCc2ccccc21)c1cnn(-c2ccccc2)c1
O=C(NCCC1(C2CCCC2)CN1C1CCc2ccccc21)c1cnn(-c2ccccc2)c1
O=C(NCCC1(C2CCCC2)CN1C1CCCc2ccccc21)c1cnn(-c2ccccc2)c1
O=C(NCCC1(C2CCCC2)CN1C1CCCc2ccccc21)c1cnn(-c2ccccc2)c1
O=C(NCCCC1(C2CCCC2)CN1C1CCCc2ccccc21)c1cnn(-c2ccccc2)c1
O=C(NCCCC1CN1C1(C2CCCC2)CCCc2ccccc21)c1cnn(-c2ccccc2)c1
O=C(NCCCC1CN1C1(C2CCC2)CCCc2ccccc21)c1cnn(-c2ccccc2)c1
O=C(NCCCC1CN1CC1(C2CCC2)CCCc2ccccc21)c1cnn(-c2ccccc2)c1
O=C(NCCCCNCC1(C2CCC2)CCCc2ccccc21)c1cnn(-c2ccccc2)c1
O=C(NCCCCCCC1(C2CCC2)CCCc2ccccc21)c1cnn(-c2ccccc2)c1
O=C(NCCCCCC1(C2CCC2)CCCc2ccccc21)c1cnn(-c2ccccc2)c1
O=C(NCCCCC1(C2CCC2)CCCc2ccccc21)c1cnn(-c2ccccc2)c1
O=C(NCCCCC1(C2CCCC2)CCCc2ccccc21)c1cnn(-c2ccccc2)c1
O=C(NCCCCC1(C2CCCC2)CCCc2ccccc21)c1cnn(-c2ccccc2)c1
O=C(NCCCC1(C2CCCC2)CCCc2ccccc21)c1cnn(-c2ccccc2)c1
O=C(NCCCC1(C2CCCC2)CCCc2ccccc21)c1cnn(-c2ccccc2)c1
O=C(NCCCC1(C2CCCC2)CCCc2ccccc21)c1cnn(-c2ccccc2)c1
O=C(NCCCC1(C2CCCC2)CCCc2ccccc21)c1cnn(-c2ccccc2)c1
O=C(NCCCC1(C2CCCC2)CCCc2ccccc21)c1cnn(-c2ccccc2)c1
O=C(NCCCC1(C2CCCC2)CCCc2ccccc21)c1cnn(-c2ccccc2)c1
O=C(NCCCC1(C2CCCC2)CCCc2ccccc21)c1cnn(-c2ccccc2)c1
O=C(NCCCC1(C2CCCC2)CCCc2ccccc21)c1cnn(-c2ccccc2)c1
O=C(NCCCC1(C2CCCCC2)CCCc2ccccc21)c1cnn(-c2ccccc2)c1
O=C(NCCCC1(C2CCCCC2)CCCCc2ccccc21)c1cnn(-c2ccccc2)c1
O=C(NCCCC1(C2CCCC2)CCCCc2ccccc21)c1cnn(-c2ccccc2)c1
O=C(NCCCC1(C2CCCC2)CCCCc2ccccc21)c1cnn(-c2ccccc2)c1
O=C(NCCCC1(C2CCCC2)CCCc2ccccc21)c1cnn(-c2ccccc2)c1
O=C(CSc1ccc2ccccc2c1)C1CCC2C1CCC1C3Cc4cnn(-c5ccccc5)c4C=C3CCC12
O=C(CSc1ccc2ccccc2c1)C1CCC2C1CCC1C3Cc4cnn(-c5ccccc5)c4C=C3CCC12
O=C(CSc1ccc2ccccc2c1)C1CCC2C1CCC1C3Cc4cnn(-c5ccccc5)c4C=C3CCC12
O=C(CCc1ccc2ccccc2c1)C1CCC2C1CCC1C3Cc4cnn(-c5ccccc5)c4C=C3CCC12
O=C(Cc1ccc2ccccc2c1)C1CCC2C1CCC1C3Cc4cnn(-c5ccccc5)c4C=C3CCC12
C1=C2CCC3C(CCC4C(CCc5ccc6ccccc6c5)CCC43)C2Cc2cnn(-c3ccccc3)c21
C1=C2CCC3C(CCCCCc4ccc5ccccc5c4)CCCC3C2Cc2cnn(-c3ccccc3)c21
C1=C2CCC3C(CCCCCc4ccc5ccccc5c4)CCCC3C2Cc2cnn(-c3ccccc3)c21
C1=C2CCCC(CCCCCCCCCc3ccc4ccccc4c3)C2Cc2cnn(-c3ccccc3)c21
C1=C2CCCC(CCCCCCCCc3ccc4ccccc4c3)C2Cc2cnn(-c3ccccc3)c21
C1=C2CCCC(CCCCCCCc3ccc4ccccc4c3)C2Cc2cnn(-c3ccccc3)c21
C1=C2CCCC(CCCCCCc3ccc4ccccc4c3)C2Cc2cnn(-c3ccccc3)c21
C1=C2CCCC(CCCCCc3ccc4ccccc4c3)C2Cc2cnn(-c3ccccc3)c21
C1=C2CCCC(CCCCCc3ccc4ccccc4c3)C2Cc2cnn(-c3ccccc3)c21
C1=C2CCCC(CCCCCc3ccc4ccccc4c3)C2Cc2cnn(-c3ccccc3)c21
C1=C2CCCC(CCCCc3ccc4ccccc4c3)C2Cc2cnn(-c3ccccc3)c21
C1=C2CCCC(CCCCc3ccc4ccccc4c3)C2Cc2cnn(-c3ccccc3)c21
C1=C2CCC(CCCCc3ccc4ccccc4c3)C2Cc2cnn(-c3ccccc3)c21
C1=C2CCCCCC(Cc3ccc4ccccc4c3)C2Cc2cnn(-c3ccccc3)c21
C1=C2CCCCCC(Cc3ccc4ccccc4c3)C2Cc2cnn(-c3ccccc3)c21
C1=C2CCCCC(Cc3ccc4ccccc4c3)C2Cc2cnn(-c3ccccc3)c21
C1=C2CCCCC(Cc3ccccc3)C2Cc2cnn(-c3ccccc3)c21
C1=C2CCCCC(Cc3ccccc3)C2Cc2cnn(-c3ccccc3)c21
C1=C2CCCCC(Cc3ccccc3)C2Cc2cnn(-c3ccccc3)c21
C1=C2CCCCC(Cc3ccccc3)C2Cc2cnn(-c3ccccc3)c21
C1=C2CCCC(Cc3ccccc3)C2Cc2cnn(-c3ccccc3)c21
C1=C2CCCC(Cc3ccccc3)C2Cc2cnn(-c3ccccc3)c21
O=C(CSc1ccc2ccccc2c1)C1CCC2C1CCC1C3Cc4cnn(-c5ccccc5)c4C=C3CCC12
O=C(CSc1ccc2ccccc2c1)C1CCC2C1CCC1C3Cc4cnn(-c5ccccc5)c4C=C3CCC12
O=C(CSc1ccc2ccccc2c1)C1CCC2C1CCC1C3Cc4cnn(-c5ccccc5)c4C=C3CCC12
O=C(COc1ccc2ccccc2c1)C1CCC2C1CCC1C3Cc4cnn(-c5ccccc5)c4C=C3CCC12
O=C(COc1ccc2ccccc2c1)C1CCC2C1CCC1C3Cc4cnn(-c5ccccc5)c4C=C3CCC12
O=C(CCCC1CCCC2C3Cc4cnn(-c5ccccc5)c4C=C3CCC12)COc1ccc2ccccc2c1
O=C(CCCC1CCCC2C3Cc4cnn(-c5ccccc5)c4C=C3CCC12)Oc1ccc2ccccc2c1
O=C(CCCC1CCCC2C3Cc4cnn(-c5ccccc5)c4C=C3CCC12)Oc1ccc2ccccc2c1
O=C(CCCC1CCCC2C3Cc4cnn(-c5ccccc5)c4C=C3CCC12)Oc1ccc2ccccc2c1
O=C(CCCCCCCC1CCCC2=Cc3c(cnn3-c3ccccc3)CC21)Oc1ccc2ccccc2c1
O=C(CCCCCCOc1ccc2ccccc2c1)CC1CCCC2=Cc3c(cnn3-c3ccccc3)CC21
O=C(CCCCCCOc1ccc2ccccc2c1)CC1OCCCC2=Cc3c(cnn3-c3ccccc3)CC21
O=C(CCCCCCOc1ccc2ccccc2c1)CC1OCCCC2=Cc3c(cnn3-c3ccccc3)CC21
O=C(CCCCCOc1ccc2ccccc2c1)CC1OCCCC2=Cc3c(cnn3-c3ccccc3)CC21
O=C(CCCCCOc1ccc2ccccc2c1)CC1OCCCC2=Cc3c(cnn3-c3ccccc3)CC21
O=C(CCCCCOc1ccc2ccccc2c1)CC1OCCCC2=Cc3c(cnn3-c3ccccc3)CC21
O=C(CCCCCOc1ccc2ccccc2c1)CC1OCCCC2=Cc3c(cnn3-c3ccccc3)CC21
C=C1CCCOC(CC(=O)CCCCCOc2ccc3ccccc3c2)C1Cc1cnn(-c2ccccc2)c1
C=C1CCCOC(CC(=O)Cc2cccc3ccccc23)C1Cc1cnn(-c2ccccc2)c1
C=C1CCCOC(CC(=O)Cc2cccc3ccccc23)C1Cc1cnn(-c2ccccc2)c1
C=C1CCOC(CC(=O)Cc2cccc3ccccc23)C1Cc1cnn(-c2ccccc2)c1
O=C(Cc1cccc2ccccc12)CC1OCCCC1Cc1cnn(-c2ccccc2)c1
O=C(Cc1cccc2ccccc12)CC1OCCCC1Cc1cnn(-c2ccccc2)c1
O=C(Cc1cccc2ccccc12)CC1OCCCC1Cc1cnn(-c2ccccc2)c1
O=C(Cc1cccc2ccccc12)CC1OCCCC1Cc1cnn(-c2ccccc2)c1
O=C(Cc1cccc2ccccc12)CC1OCCC1Cc1cnn(-c2ccccc2)c1
O=C(Cc1cccc2ccccc12)CC1OCCC1Cc1cnn(-c2ccccc2)c1
O=C(Cc1cccc2ccccc12)CC1OCC1Cc1cnn(-c2ccccc2)c1
O=C(Cc1cccc2cc3c(cc12)OCCCCC3)CC1OCC1Cc1cnn(-c2ccccc2)c1
O=C(CCCCc1cnn(-c2ccccc2)c1)Cc1cccc2cc3c(cc12)OCCCCC3
O=C(CCCCc1cnn(-c2ccccc2)c1)Cc1cccc2cc3c(cc12)OCCCCC3
O=C(CCCCCc1cnn(-c2ccccc2)c1)Cc1cccc2cc3c(cc12)OCCCCC3
O=C(CCCCCc1cnn(-c2ccccc2)c1)Cc1cccc2cc3c(cc12)OCCCC3
O=C(CCCCCc1cnn(-c2ccccc2)c1)Cc1cccc2c3c(ccc12)CCCCO3
O=C(CCCCCc1cnn(-c2ccccc2)c1)Cc1cccc2c3c(ccc12)CCCO3
O=C(CCCCCc1cnn(-c2ccccc2)c1)Cc1cccc2c3c(ccc12)CCO3
O=C(CCCCCCc1cnn(-c2ccccc2)c1)Cc1cccc2c3c(ccc12)CCO3
O=C(CCCCCCc1cnn(-c2ccccc2)c1)Cc1cccc2c3c(ccc12)CCO3
O=C(CCCCCCc1cnn(-c2ccccc2)c1)Cc1cccc2c3c(ccc12)CCO3
O=C(CCCCCCc1cnn(-c2ccccc2)c1)Cc1cccc2c3c(ccc12)CCO3
O=C(CCCCCCc1cnn(-c2ccccc2)c1)Cc1cccc2c3c(ccc12)CCO3
c1ccc(-n2cc(CCCCCCCCc3cccc4c5c(ccc34)CCO5)cn2)cc1
c1ccc(-n2cc(CCCCCCCc3cccc4c5c(ccc34)CCO5)cn2)cc1
c1ccc(-n2cc(CCCCCCc3cccc4c5c(ccc34)CCO5)cn2)cc1
c1ccc(-n2cc(CCCCCc3cccc4c5c(ccc34)CCO5)cn2)cc1
c1ccc(-n2cc(CCCCc3cccc4c5c(ccc34)CCO5)cn2)cc1
c1ccc(-n2cc(CCCCc3cccc4c5c(ccc34)CCO5)cn2)cc1
c1ccc(-n2cc(CCCCc3cccc4c5c(ccc34)CCO5)cn2)cc1
c1ccc(-n2cc(CCCCc3cccc4c5c(ccc34)CCO5)cn2)cc1
c1ccc(-n2cc(CCCc3cccc4c5c(ccc34)CCO5)cn2)cc1
c1ccc(-n2ccc(CCCc3cccc4c5c(ccc34)CCO5)c2)cc1
C1=C(CCCc2cccc3c4c(ccc23)CCO4)CN1c1ccccc1
c1ccc(N2CC2CCCc2cccc3c4c(ccc23)CCO4)cc1
c1ccc(NCCCCc2cccc3c4c(ccc23)CCO4)cc1
c1ccc2c(c1)N2CCCCc1cccc2c3c(ccc12)CCO3
c1ccc2c(c1)N2CCCCc1cccc2c3c(ccc12)CCO3
C1=CC=CN(CCCCc2cccc3c4c(ccc23)CCO4)C=C1
C1=Cc2cn(CCCCc3cccc4c5c(ccc34)CCO5)cc21
C1=Cc2cn(CCCc3cccc4c5c(ccc34)CCO5)cc21
C(C=Cc1cccc2c1OCC2)=CCCCn1cc2c(c1)C=C2
C(C=Cc1cccc2c1OCC2)=CCCCn1cccc1
C(=CCCc1cccc2c1OCC2)CCCn1cccc1
C(=CCCc1cccc2c1OCC2)CCCn1cccc1
c1cc(CCCCCCCn2cccc2)c2c(c1)CCO2
c1cc(CCCCCCn2cccc2)c2c(c1)CCO2
c1cc(CCCCCCn2cccc2)c2c(c1)CCO2
c1cc(CCCCCn2cccc2)c2c(c1)CCO2
c1cc(CCCCCn2cccc2)c2c(c1)CCO2
c1cc(CCCCn2cccc2)c2c(c1)CCO2
c1cc(CCCCCn2cccc2)c2c(c1)CCO2
c1cc(CCCCCn2cccc2)c2c(c1)CCO2
c1cc(CCCCCn2cccc2)c2c(c1)CCO2
c1cc(CCCCCn2cccc2)c2c(c1)CCO2
c1cc(CCCCCn2cccc2)c2c(c1)CCO2
c1cc(CCCCCn2cccc2)c2c(c1)CCO2
c1cc(CCCCCn2cccc2)c2c(c1)CCO2
c1cc(CCCCCCn2cccc2)c2c(c1)CCO2
c1cc(CCCCCn2cccc2)c2c(c1)CCO2
c1cc(CCCCn2cccc2)c2c(c1)CCO2
c1cc(CCCCn2cccc2)c2c(c1)CCO2
c1cc(CCCCn2cccc2)c2c(c1)CCO2
c1cc(CCCCn2cccc2)c2c(c1)CCO2
c1cc(CCCCn2cccc2)c2c(c1)CCO2
c1cc(CCCCn2cccc2)c2c(c1)CCO2
c1cc(CCCCn2cccc2)c2c(c1)CCO2
c1cc(CCCCn2cccc2)c2c(c1)CCO2
c1cc(CCCCn2cccc2)c2c(c1)CCO2
c1cc(CCCCn2cccc2)c2c(c1)CCO2
c1cc(CCCCn2cccc2)c2c(c1)CCO2
c1cc(CCCCn2cccc2)c2c(c1)CCO2
c1cc(CCCCn2cccc2)c2c(c1)CCO2
O=c1ccn(CCCCc2cccc3c2OCC3)cc1
O=c1ccn(CCCCc2cccc3c2OCC3)cc1
C1=Cc2c(ccc3c2COc2ccccc2-3)NC1
C=C1CC1c1c(-c2ccccc2)ccc2c1C=CCN2
C=C1CC1c1c(-c2ccccc2)ccc2c1C=CCN2
C=C1CC1c1c(-c2ccccc2)ccc2c1C=CCN2
C=C1CC1c1c(-c2ccccc2)ccc2c1C=CCNC2
C1=Cc2c(ccc(-c3ccccc3)c2C2CC2)CNC1
C1=Cc2c(ccc(-c3ccccc3)c2C2CC2)CNC1
C1=C2CC2NCc2ccc(-c3ccccc3)c(C3CC3)c21
C1=C2CC2NCc2ccc(-c3ccccc3)c(C3CC3)c21
C1=C2CC2NCc2ccc(-c3ccccc3)c(C3CC3)c21
C1=C2CC2NCc2ccc(-c3ccccc3)c(C3CC3)c21
C1=C2CC2(Cc2ccccc2)NCc2cccc(C3CC3)c21
C1=C2CC2(CCc2ccccc2)NCc2cccc(C3CC3)c21
C1=C2CC2(COCc2ccccc2)NCc2cccc(C3CC3)c21
C1=C2CC2(COCc2ccccc2)NCc2cccc(C3CC3)c21
C1=C2CC2NCc2cccc(C3CC3OCc3ccccc3)c21
C1=C2CCC2NCc2cccc(C3CC3OCc3ccccc3)c21
C1=C2CCCC2NCc2cccc(C3CC3OCc3ccccc3)c21
C1=C2CCCC2NCc2cccc(C3CCC3OCc3ccccc3)c21
C1=C2CCCC2NCCc2cccc(C3CCC3OCc3ccccc3)c21
C1=C2CCCC2NCCc2cccc(C3CCC3OCc3ccccc3)c21
C1=C2CC(C3CCC3OCc3ccccc3)CC2NCCc2ccccc21
C1=C2CC(C3CCC3OCc3ccccc3)CC2NCCc2ccccc21
c1ccc(COC2CCC2C2CC3NCCc4ccccc4C3C2)cc1
c1ccc(COC2CCC2C2CCC3NCCc4ccccc4C3C2)cc1
c1ccc(COC2CCC2C2CCC3NCCc4ccccc4C3C2)cc1
c1ccc(COC2CCC2C2CCC3NCCc4ccccc4C3C2)cc1
c1ccc(COC2CCC2C2CC3c4ccccc4CCNC3C3CC23)cc1
c1ccc(COC2CCC2C2CC3c4ccccc4CCNC3C3CCC23)cc1
c1ccc(COC2CCC2C2CCC3c4ccccc4CCNC3C3CCC23)cc1
c1ccc(COC2CCC2C2CCC3c4ccccc4CCNC3C3CCC23)cc1
c1ccc(COC2CCC2C2CCC3c4ccccc4CCCC3C3CCC23)cc1
c1ccc(COC2CCC2C2CCC3c4ccccc4CCCCC3C3CCC23)cc1
c1ccc(COC2CCC2C2CCC3c4ccccc4CCCC3C3CCC23)cc1
c1ccc(COC2CCC2C2CCC3c4ccccc4CCC3C3CCC23)cc1
c1ccc(COC2CCC2C2CCC3c4ccccc4CCC3C3CCC23)cc1
c1ccc(COC2CCC2C2CCC3c4ccccc4CCC3C3CCC23)cc1
c1ccc(COC2CC2C2CCC3c4ccccc4CCC3C3CCC23)cc1
c1ccc(COC2CC2C2CCC3c4ccccc4CCC3C3CCC23)cc1
c1ccc(COC2CC2C2CCC3c4ccccc4CCC3C3CCC23)cc1
c1ccc(COC2CC2C2CCC3c4ccccc4CCC3C3CCC23)cc1
c1ccc(COC2CC2C2CCC3c4ccccc4CCC3C3CCC23)cc1
c1ccc(COC2CC2C2CCC3c4ccccc4CCC3C3CCC23)cc1
c1ccc(COC2CCC2C2CCC3c4ccccc4CCC3C3CCC23)cc1
c1ccc(COC2CCC2C2CCC3c4ccccc4CCC3C3CCC23)cc1
c1ccc(COC2CCC2C2CCC3c4ccccc4CCC3C3CCC23)cc1
c1ccc(COC2CC(C3CCC3)C3CCC3C3CCc4ccccc4C23)cc1
c1ccc(COC2CC(C3CC3)C3CCC3C3CCc4ccccc4C23)cc1
c1ccc(COC2CC(C3CC3)C3CCC3C3CCc4ccccc4C23)cc1
c1ccc(COC2CC(C3CC3)C3CCC3C3CCc4ccccc4C23)cc1
c1ccc(COC2CC(C3CC3)C3CCC3C3CCc4ccccc4C23)cc1
c1ccc(COC2CC(C3CC3)C3CCC3C3CCc4ccccc4C23)cc1
c1ccc(COC2CC(C3CC3)C3CCC3C3CCc4ccccc4C23)cc1
c1ccc(COC2CC(C3CC3)C3CCC3C3CCc4ccccc4C23)cc1
c1ccc(COC2CC(C3CC3)C3CCC3C3CCc4ccccc4C23)cc1
c1ccc(COC2CC(C3CC3)C3CCC3C3CCc4ccccc4C23)cc1
c1ccc(COC2CC(C3CC3)C3CCC3C3CCc4ccccc4C23)cc1
c1ccc(COC2CC(C3CC3)C3CCC3C3CCc4ccccc4C23)cc1
c1ccc(COC2CC(C3CC3)C3CCC3C3CCc4ccccc4C23)cc1
c1ccc(COC2CCC3CCC3C3CCc4ccccc4C23)cc1
c1ccc(COC2CCC3CCC3C3CCc4ccccc4C23)cc1
c1ccc(COC2CCC3CCC3C3CCc4ccccc4C23)cc1
c1ccc(COC2CCC3CCC3C3CCc4ccccc4C23)cc1
c1ccc(COC2CCC3CCC3C3CCc4ccccc4C23)cc1
O=C(NC1CC1)c1ccc2c(c1)CCC1C3CCC3CCC(OCc3ccccc3)C21
O=C(NC1CC1)c1ccc2c(c1)CCC1C3CCC3CCC(OCc3ccccc3)C21
O=C(NC1=CC1)c1ccc2c(c1)CCC1C3CCC3CCC(OCc3ccccc3)C21
O=C(NC1=CC1)c1ccc2c(c1)CCC1C3CCC3CCC(OCc3ccccc3)C21
O=C(NC1=CC1)c1ccc2c(c1)CCC1C3CCC3CCC(OCc3ccccc3)C21
O=C(NC1=CC1)c1ccc2c(c1)CCC1C3CCC3CCC(OCc3ccccc3)C21
O=C(NC1=CC1)c1ccc2c(c1)CCC1C3CCC3CCC(OCc3ccccc3)C21
O=C(NC1=CCC1)c1ccc2c(c1)CCC1C3CCC3CCC(OCc3ccccc3)C21
O=C(NC1=CCC1)c1ccc2c(c1)CCC1C3CCC3CCC(OCc3ccccc3)C21
O=C(NC1=CC=C1)c1ccc2c(c1)CCC1C3CCC3CCC(OCc3ccccc3)C21
O=C(NC1=CC=C1)c1ccc2c(c1)CCC1C3CCC3CCC(OCc3ccccc3)C21
O=C(NC1=CC=C1)c1ccc2c(c1)CCC1C3CCC3CCC(OCc3ccccc3)C21
O=C(NC1=CC=C1)c1ccc2c(c1)CCC1C3CCC3CCC(OCc3ccccc3)C21
O=C(NC1=CC=C1)c1ccc2c(c1)CCC1C3CCC3CCC(OCc3ccccc3)C21
O=C(NC1=CC=C1)c1ccc2c(c1)CCC1C3CCC3CCC(OCc3ccccc3)C21
O=C(Nc1cc[nH]c1)c1ccc2c(c1)CCC1C3CCC3CCC(OCc3ccccc3)C21
O=C(Nc1cn[nH]c1)c1ccc2c(c1)CCC1C3CCC3CCC(OCc3ccccc3)C21
O=C(Nc1cn[nH]c1)c1ccc2c(c1)CCC1C3CCC3CCC(OCc3ccccc3)C21
O=C(Nc1cn[nH]c1)c1ccc2c(c1)CCC1C3CCC3CCC(OCc3ccccc3)C21
O=C(NC1=CCNN=C1)c1ccc2c(c1)CCC1C3CCC3CCC(OCc3ccccc3)C21
O=C(Nc1ccnnc1)c1ccc2c(c1)CCC1C3CCC3CCC(OCc3ccccc3)C21
O=C(Nc1ccnnc1)c1ccc2c(c1)CCC1C3CCC3CCCC(OCc3ccccc3)C21
O=C(Nc1cccnc1)c1ccc2c(c1)CCC1C3CCC3CCCC(OCc3ccccc3)C21
O=C(Nc1cccnc1)c1ccc2c(c1)CCC1C3CCCCC3CC(OCc3ccccc3)C21
O=C(Nc1cccnc1)c1ccc2c(c1)CCC1C3CCCCC3CC(OCc3ccccc3)C21
O=C(Nc1cccnc1)c1ccc2c(c1)CCC1C3CCCCC3CC(OCc3ccccc3)C21
O=C(Nc1cccnc1)c1ccc2c(c1)CCC1C3CCCCC3CC(OCc3ccccc3)C21
O=C(Nc1cccnc1)c1ccc2c(c1)CCC1C3CCCC3CC(OCc3ccccc3)C21
O=C(Nc1cccnc1)c1ccc2c(c1)CCC1C3CC4CCC4C3CC(OCc3ccccc3)C21
O=C(Nc1cccnc1)c1ccc2c(c1)CCC1C3CC4CCCC4C3CC(OCc3ccccc3)C21
O=C(Nc1cccnc1)c1ccc2c(c1)CCC1C3CCCC3CC(OCc3ccccc3)C21
O=C(Nc1cccnc1)c1ccc2c(c1)CCC1C3CCCC3CC(OCc3ccccc3)C21
O=C(Nc1cccnc1)c1ccc2c(c1)CCC1C3CCC(C4CC4)C3CC(OCc3ccccc3)C21
O=C(Nc1cccnc1)c1ccc2c(c1)CCC1C3CCC(C4CC4)C3CC(OCc3ccccc3)C21
O=C(Nc1cccnc1)c1ccc2c(c1)CCC1C3CCC(C4CCC4)C3CC(OCc3ccccc3)C21
O=C(Nc1cccnc1)c1ccc2c(c1)CCC1C3CCC(C4CCC4)C3CC(OCc3ccccc3)C21
O=C(Nc1cccnc1)c1ccc2c(c1)CCC1C3CCC(C4CCC4)C3CC(OCc3ccccc3)C21
O=C(Nc1cccnc1)c1ccc2c(c1)CCC1C3CCC(C4CC4)C3CC(OCc3ccccc3)C21
O=C(Nc1cccnc1)c1ccc2c(c1)CCC1C3CCC(C4CC4)C3CC(OCc3ccccc3)C21
O=C(Nc1cccnc1)c1ccc2c(c1)CCC1C3CCC(C4CC4)C3CC(OCc3ccccc3)C21
O=C(Nc1cccnc1)c1ccc2c(c1)CCC1C3CCCC3CC(OCc3ccccc3)C21
O=C(Nc1cccnc1)c1ccc2c(c1)CCC1C3CCCC3CC(OCc3ccccc3)C21
O=C(Nc1cccnc1)c1ccc2c(c1)CCC1C3CCCC3CC(OCc3ccccc3)C21
O=C(Nc1cccnc1)c1ccc2c(c1)CCC1C3CCCC3CC(OCc3ccccc3)C21
O=C(Nc1cccnc1)c1ccc2c(c1)CCC1C3CCCC3CC(OCc3ccccc3)C21
O=C(Nc1cccnc1)c1ccc2c(c1)CCC1C3CCCC3CC(OCc3ccccc3)C21
O=C(Nc1cccnc1)c1ccc2c(c1)CCC1C3CCCC3CC(OCc3ccccc3)C21
O=C(Nc1cccnc1)c1ccc2c(c1)CCC1C3CCCC3CC(OCc3ccccc3)C21
O=C(Nc1cccnc1)c1ccc2c(c1)CCC1C3CCCC3CC(OCc3ccccc3)C21
O=C(Nc1cccnc1)c1ccc2c(c1)CCC1C3CCC3CC(OCc3ccccc3)C21
O=C(Nc1cccnc1)c1ccc2c(c1)CCC1C3CCC3CC(OCc3ccccc3)C21
O=C(Nc1cccnc1)c1ccc2c(c1)CCC1C3CCCC3CC(OCc3ccccc3)C21
O=C(Nc1cccnc1)c1ccc2c(c1)CCCC1C3CCCC3CC(OCc3ccccc3)C21
O=C(Nc1cccnc1)c1ccc2c(c1)CCCC1C3CCCC3CC(OCc3ccccc3)C21
O=C(Nc1cccnc1)c1ccc2c(c1)CCC1C3CCCC3CC(OCc3ccccc3)C21
C1=Cc2c(ccc3c2COc2ccccc2-3)NC1
C1=Cc2cc(-c3ccccc3)ccc2NC1
C1=CC(Nc2ccc(-c3ccccc3)cc2)C1
C1=CC(Nc2ccc(-c3ccccc3)cc2)C1
C1=CC(Nc2ccc(-c3ccccc3)cc2)C1
C1=CC(Nc2ccc(-c3ccccc3)cc2)C1
C1=CC(Nc2ccc(-c3ccccc3)cc2)C1
c1ccc(-c2ccccc2)cc1
c1ccc(Nc2ccccc2)cc1
c1ccc(Nc2ccc(NC3CC3)cc2)cc1
c1ccc(Nc2ccc(NC3CC3)cc2)cc1
c1ccc(Nc2ccc(NCC3CC3)cc2)cc1
C1=CC(NCC2CC2)C=C1Nc1ccccc1
C1=CC(NCC2CCC2)C=C1Nc1ccccc1
C1=CC(NCC2CCC2)C=C1Nc1ccccc1
C1=CC(NCC2CCC2)C2=C1N(c1ccccc1)C2
C1=CC(NCC2CCC2)C2=C1N(c1ccccc1)CC2
C1=CC(NCC2CCC2)c2ccn(-c3ccccc3)c21
C1=Cc2c(ccn2-c2ccccc2)C(NCC2CCC2)C1
C1=Cc2c(cnn2-c2ccccc2)C(NCC2CCC2)C1
C1=Cc2c(cnn2-c2ccccc2)C(NCC2CCC2)C1
C1=C(CCC2CCC2)c2c(cnn2-c2ccccc2)CC1
C1=C(CCC2CCC2)c2c(cnn2-c2ccccc2)CC1
C1=C(CCC2CCC2)c2c(cnn2-c2ccccc2)CC1
C1=C(CCC2CCC2)c2c(cnn2-c2ccccc2)CC1
C1=C(CCC2CCC2)c2c(cnn2-c2ccccc2)C1
C1=C(CCC2CCC2)c2c(cnn2-c2ccccc2)C1
C1=C(CCC2CCC2)c2c(cnn2-c2ccccc2)C1
C1=C(CCC2CCC2)c2c(cnn2-c2ccccc2)C1
C1=C(CCC2CCC2)c2c(cnn2-c2ccccc2)C1
c1ccc(-n2ncc3[nH]cc(CCC4CCC4)c32)cc1
c1ccc(-n2ncc3[nH]cc(CCC4CCC4)c32)cc1
c1ccc(-n2ncc3[nH]cc(CCC4CCC4)c32)cc1
c1ccc(-n2ncc3[nH]cc(CCC4CCC4)c32)cc1
c1ccc(-n2ncc3[nH]cc(CCC4CCC4)c32)cc1
c1ccc(-n2ncc3[nH]cc(CCC4CCC4)c32)cc1
c1ccc(-n2ncc3[nH]cc(CCC4CCC4)c32)cc1
c1ccc(-n2ncc3[nH]cc(CCC4CCC4)c32)cc1
c1ccc(-n2ncc3[nH]cc(CCC4CCC4)c32)cc1
c1ccc(-n2ncc3[nH]cc(CCC4CCC4)c32)cc1
c1ccc(-n2ncc3[nH]cc(CCC4CCC4)c32)cc1
c1ccc(-n2ncc3[nH]cc(CCC4CCC4)c32)cc1
c1ccc(-n2ncc3[nH]cc(CCC4CCC4)c32)cc1
c1ccc(-n2ncc3[nH]cc(CCC4CCC4)c32)cc1
c1ccc(-n2ncc3[nH]cc(CCC4CCC4)c32)cc1
c1ccc(-n2ncc3[nH]cc(CCC4CCC4)c32)cc1
c1ccc(-n2ncc3[nH]cc(CCC4CCC4)c32)cc1
c1ccc(-n2ncc3[nH]cc(CCC4CCC4)c32)cc1
c1ccc(-n2ncc3[nH]cc(CCC4CCC4)c32)cc1
c1ccc(-n2ncc3[nH]cc(CCC4CCC4)c32)cc1
c1ccc(-n2ncc3[nH]cc(CCC4CCC4)c32)cc1
c1ccc(-n2ncc3[nH]cc(CCC4CCC4)c32)cc1
c1ccc(-n2ncc3[nH]cc(CCC4CCC4)c32)cc1
c1ccc(-n2ncc3[nH]cc(CCC4CCC4)c32)cc1
c1ccc(-n2ncc3[nH]cc(CCC4CCC4)c32)cc1
c1ccc(-n2ncc3[nH]cc(CCC4CCC4)c32)cc1
c1ccc(-n2ncc3[nH]cc(CCC4CCC4)c32)cc1
c1ccc(-n2ncc3[nH]cc(CCC4CCC4)c32)cc1
c1ccc(-n2ncc3[nH]cc(CCC4CCC4)c32)cc1
c1ccc(-n2ncc3[nH]cc(CCC4CCC4)c32)cc1
c1ccc(-n2ncc3[nH]cc(CCC4CCC4)c32)cc1
c1ccc(-n2ncc3[nH]cc(CCC4CCC4)c32)cc1
c1ccc(-n2ncc3[nH]cc(CCC4CCC4)c32)cc1
c1ccc(-n2ncc3[nH]cc(CCC4CCC4)c32)cc1
c1ccc(-n2ncc3[nH]cc(CCC4CCC4)c32)cc1
O=C(NCCCCC1(CCc2c[nH]c3cnn(-c4ccccc4)c23)CCC1)C1CN1
O=C(NCCCCC1(CCc2c[nH]c3cnn(-c4ccccc4)c23)CCC1)C1CON1
c1ccc(-n2ncc3[nH]cc(CCC4CCC4)c32)cc1
c1ccc(-n2ncc3[nH]cc(CCC4CCC4)c32)cc1
c1ccc(-n2ncc3[nH]cc(CCC4CCC4)c32)cc1
c1ccc(-n2ncc3[nH]cc(CCC4CCC4)c32)cc1
O=C(NCCCCC1(CCc2c[nH]c3cnn(-c4ccccc4)c23)CCC1)C1=CC1
O=C(NCCCC1(CCc2c[nH]c3cnn(-c4ccccc4)c23)CCC1)C1=CC1
O=C(NCCCC1(CCc2c[nH]c3cnn(-c4ccccc4)c23)CC1)C1=CC1
O=C(NCCCC1(CCc2c[nH]c3cnn(-c4ccccc4)c23)CC1)C1=CN1
O=C(NCCCC1(CCc2c[nH]c3cnn(-c4ccccc4)c23)CCC1)C1=CN1
O=C(NCCCC1(CCc2c[nH]c3cnn(-c4ccccc4)c23)CCC1)C1=CCN1
O=C(NCCCC1(CCc2c[nH]c3cnn(-c4ccccc4)c23)CCC1)C1=CCN1
C1=C(C2(CCc3c[nH]c4cnn(-c5ccccc5)c34)CCC2)CN1
C1=C(C2(CCc3c[nH]c4cnn(-c5ccccc5)c34)CCC2)CN1
C1=C(C2(CCc3c[nH]c4cnn(-c5ccccc5)c34)CCC2)CC1
C1=C(C2(CCc3c[nH]c4cnn(-c5ccccc5)c34)CCC2)CC1
C1=C(C2(CCc3c[nH]c4cnn(-c5ccccc5)c34)CCC2)CC1
C1=C(C2(CCc3c[nH]c4cnn(-c5ccccc5)c34)CCC2)C1
C1=C(C2(CCc3c[nH]c4cnn(-c5ccccc5)c34)CCC2)C1
C1=C(C2(CCc3c[nH]c4cnn(-c5ccccc5)c34)CCC2)C1
C1=C(C2(CCc3c[nH]c4cnn(-c5ccccc5)c34)CCC2)C1
C1=C(C2(CCc3c[nH]c4cnn(-c5ccccc5)c34)CCC2)C1
C1=C(C2(CCc3c[nH]c4cnn(-c5ccccc5)c34)CCC2)C1
C1=C(C2(CCc3c[nH]c4cnn(-c5ccccc5)c34)CCC2)C1
C1=C(C2(CCc3c[nH]c4cnn(-c5ccccc5)c34)CCC2)C1
C1=C(C2(CCc3c[nH]c4cnn(-c5ccccc5)c34)CCC2)C1
C1=C(C2(CCc3c[nH]c4cnn(-c5ccccc5)c34)CCC2)CC1
C1=CC(C2(CCc3c[nH]c4cnn(-c5ccccc5)c34)CCC2)=C1
C1=CC(C2(CCc3c[nH]c4cnn(-c5ccccc5)c34)CCC2)=C1
C1=CC(C2(CCc3c[nH]c4cnn(-c5ccccc5)c34)CCC2)=C1
C1=CC(C2(CCc3c[nH]c4cnn(-c5ccccc5)c34)CCC2)=C1
C1=CC(C2(CCc3c[nH]c4cnn(-c5ccccc5)c34)CCC2)=C1
C1=CC(C2(CCc3c[nH]c4cnn(-c5ccccc5)c34)CCC2)=C1
C1=CC(C2(CCc3c[nH]c4cnn(-c5ccccc5)c34)CCC2)=C1
C1=CC(C2(CCc3c[nH]c4cnn(-c5ccccc5)c34)CCC2)=C1
C1=CC(C2(CCc3c[nH]c4cnn(-c5ccccc5)c34)CCC2)=C1
C1=CC(C2(CCc3c[nH]c4cnn(-c5ccccc5)c34)CCC2)=C1
C1=CC(C2(CCc3c[nH]c4cnn(-c5ccccc5)c34)CCC2)=C1
C1=CC(C2(CCc3c[nH]c4cnn(-c5ccccc5)c34)CCC2)=C1
C1=CC(C2(CCc3c[nH]c4cnn(-c5ccccc5)c34)CCC2)=C1
C=C(CCC1(C2=CC=C2)CCC1)c1ccnn1-c1ccccc1
C=C(CCC1(C2=CC=C2)CCC1)c1ccnn1-c1ccccc1
C=C(CCC1(C2=CC=C2)CCC1)c1ccnn1-c1ccccc1
C=C(CCC1(C2=CC=C2)CCC1)c1ccnn1-c1ccccc1
C1=CC(C2(CCCc3ccnn3-c3ccccc3)CCC2)=C1
C1=CC(C2(CCCc3ccnn3-c3ccccc3)CCC2)=C1
C1=CC(C2(CCCc3ccnn3-c3ccccc3)CCC2)=C1
C1=CC(C2(CCCc3ccnn3-c3ccccc3)CCC2)=C1
O=C(NCCCCNc1ccnn1-c1ccccc1)C1=CC(C2CCC2)=C1
O=C(NCCCNc1ccnn1-c1ccccc1)C1=CC(C2CCC2)=C1
O=C(NCCCNc1ccnn1-c1ccccc1)C1=CC(C2CCC2)=C1
O=C(NCCCCNc1ccnn1-c1ccccc1)C1=CC(C2CCC2)=C1
O=C(NCCCCCNc1ccnn1-c1ccccc1)C1=CC(C2CCC2)=C1
O=C(NCCCCCNc1ccnn1-c1ccccc1)C1=CC(C2CCC2)=C1
O=C(NCCCCCNc1ccnn1-c1ccccc1)C1=CC(C2CCC2)=C1
O=C(NCCCCCNc1ccnn1-c1ccccc1)C1=CC(C2CC2)=C1
O=C(NCCCCCNc1cnn(-c2ccccc2)c1)C1=CC(C2CC2)=C1
O=C(NCCCCNc1cnn(-c2ccccc2)c1)C1=CC(C2CC2)=C1
O=C(NCCCC1CN1c1cnn(-c2ccccc2)c1)C1=CC(C2CC2)=C1
O=C(NCCCC1CC1c1cnn(-c2ccccc2)c1)C1=CC(C2CC2)=C1
O=C(NCCCC1CC1c1cnn(-c2ccccc2)c1)C1=CC(C2CCC2)=C1
O=C(NCCCCCc1cnn(-c2ccccc2)c1)C1=CC(C2CCC2)=C1
O=C(NCCCCCc1cnn(-c2ccccc2)c1)C1=CC(C2CCC2)=C1
O=C(NCCCCc1cnn(-c2ccccc2)c1)C1=CC(C2CCC2)=C1
O=C(NCCCCc1cnn(-c2ccccc2)c1)C1=CC(C2CCC2)=C1
O=C(NCCCc1cnn(-c2ccccc2)c1)C1=CC(C2CCC2)=C1
C=C(CCNC(=O)C1=CC(C2CCC2)=C1)c1cnn(-c2ccccc2)c1
O=C(NCCC(=O)c1cnn(-c2ccccc2)c1)C1=CC(C2CCC2)=C1
O=C(NCCC(=O)c1cnn(-c2ccccc2)c1)C1=CC(C2CCC2)=C1
O=C(NCCC(=O)c1cnn(-c2ccccc2)c1)C1=CC(C2CCCC2)=C1
O=C(NCC(=O)c1cnn(-c2ccccc2)c1)C1=CC(C2CCCC2)=C1
O=C(NC(=O)c1cnn(-c2ccccc2)c1)C1=CC(C2CCCC2)=C1
O=C(NCC1=CC(C2CCCC2)=C1)c1cnn(-c2ccccc2)c1
O=C(NCOCCC1(C2=CC=C2)CCCC1)c1cnn(-c2ccccc2)c1
O=C(NCOCCC1(C2=CC=C2)CCC1)c1cnn(-c2ccccc2)c1
O=C(NCCCCC1(C2=CC=C2)CCC1)c1cnn(-c2ccccc2)c1
O=C(NCCCCC1(C2=CC=C2)CCC1)c1cnn(-c2ccccc2)c1
O=C(NCCCC1(C2=CC=C2)CCC1)c1cnn(-c2ccccc2)c1
O=C(NCCCC1(C2=CC=C2)CCC1)c1cnn(-c2ccccc2)c1
O=C(NCCCC1(C2=CC=C2)CCC1)c1cnn(-c2ccccc2)c1
O=C(NCCCC1(C2=CC=C2)CCC1)c1cnn(-c2ccccc2)c1
O=C(NCCCC1(C2=CC=C2)CCC1)c1cnn(-c2ccccc2)c1
O=C(NCCCC1(C2=CC=C2)CCC1)c1cnn(-c2ccccc2)c1
O=C(NCCCC1(C2=CCC=C2)CCC1)c1cnn(-c2ccccc2)c1
O=C(NCCCC1(C2=CCCC=C2)CCC1)c1cnn(-c2ccccc2)c1
O=C(NCCCC1(C2=CCCC=C2)CCCC1)c1cnn(-c2ccccc2)c1
O=C(NCCCC1(C2=CCCC=C2)CCCCC1)c1cnn(-c2ccccc2)c1
O=C(NCCCC1(c2ccccc2)CCCCC1)c1cnn(-c2ccccc2)c1
O=C(NCCCC1(c2ccccc2)CC=CCC1)c1cnn(-c2ccccc2)c1
O=C(NCCCC1(c2ccccc2)CC=CCC1)c1cnn(-c2ccccc2)c1
O=C(NCCCC1(c2ccccc2)CCCC1)c1cnn(-c2ccccc2)c1
O=C(NCCCC1(c2ccccc2)CCC1)c1cnn(-c2ccccc2)c1
C1=Cc2c(ccc3c2COc2ccccc2-3)NC1
C1=Cc2c(COc3ccccc3)cccc2NC1
c1ccc(COc2ccccc2)cc1
c1ccc(COc2ccccc2)cc1
c1ccc(COc2ccccc2)cc1
c1ccc(COc2ccccc2)cc1
C=C1CCCC(c2ccccc2)Oc2ccccc21
c1ccc(C2CCCCc3ccccc3O2)cc1
c1ccc(N2CCCCc3ccccc3O2)cc1
c1ccc(N2CCCCc3ccccc3O2)cc1
C1=CON(c2ccccc2)CCCC1
c1ccc(N2CCCCCO2)cc1
c1ccc(N2CCCCCO2)cc1
C1=C(C2CCCCN(c3ccccc3)O2)CC1
C1=C(C2CCCCN(c3ccccc3)O2)CCC1
C1=C(C2CCCCN(c3ccccc3)O2)CCC1
C1=C(C2CCCCN(c3ccccc3)C2)CCC1
C1=C(C2CCCCN(c3ccccc3)C2)CCC1
C1=C(C2CCCCN(c3ccccc3)C2)CCCS1
C1=C(C2CCCN(c3ccccc3)C2)CCCS1
C1=C(C2CCN(c3ccccc3)C2)CCCS1
C1=C(C2CCN(c3ccccc3)C2)CCCS1
C1=C(C2CCCN(c3ccccc3)C2)CCCS1
C1=C(C2CCCCN(c3ccccc3)C2)CCCS1
C1=CSC=C(C2CCCCN(c3ccccc3)C2)C1
C1=CSC=C(C2CCCCCN(c3ccccc3)C2)C1
c1ccc(N2CCCCCC(c3ccsc3)C2)cc1
c1ccc(N2CCCCCC2c2ccsc2)cc1
c1ccc(N2CCCCCC2c2ccsc2)cc1
c1ccc(N2CCCCC2c2ccsc2)cc1
c1ccc(N2CCCCC2c2ccsc2)cc1
c1ccc(N2CCCCC2Cc2ccsc2)cc1
c1ccc(N2CCCCC2Cc2ccsc2)cc1
c1ccc(N2CCCCC2Cc2ccsc2)cc1
c1ccc(N2CCCCC2Cc2ccsc2)cc1
c1ccc(N2CCCCC2Cc2ccsc2)cc1
c1ccc(N2CCCCCC2Cc2ccsc2)cc1
c1ccc(N2CCCCCC2Cc2ccsc2)cc1
c1ccc(N2CCCCCC2Cc2ccsc2)cc1
c1ccc(N2CCCCCC2Cc2ccsc2)cc1
c1ccc(N2CCCCCC2Cc2ccsc2)cc1
c1ccc(N2CCCCCC2Cc2ccsc2)cc1
c1ccc(N2CCCCCC2Cc2ccsc2)cc1
c1ccc(N2CCCCC2Cc2ccsc2)cc1
c1ccc(N2CCCCC2Cc2ccsc2)cc1
c1ccc(N2CCCCC2Cc2ccsc2)cc1
c1ccc(N2CCCCC2Cc2ccsc2)cc1
c1ccc(N2CCCCC2Cc2ccsc2)cc1
c1ccc(N2CCCCC2Cc2ccsc2)cc1
c1ccc(N2CCCCC2Cc2ccsc2)cc1
c1ccc(N2CCCCC2Cc2ccsc2)cc1
O=C1CCCC(Cc2ccsc2)N1c1ccccc1
O=C1CCCC(Cc2ccsc2)N1c1ccccc1
O=C1CCCCC(Cc2ccsc2)N1c1ccccc1
O=C1CCCCC(Cc2ccsc2)N1c1ccccc1
O=C1CCCCC(Cc2ccsc2)N1c1ccccc1
O=C1CCCCC(CCc2ccsc2)N1c1ccccc1
O=C1CCCCC(CCc2ccsc2)N1c1ccccc1
O=C1CCCCC(CCc2ccsc2)N1c1ccccc1
O=C1CCCCC(CCc2ccsc2)N1c1ccccc1
O=C1CCCC2CCC(Cc3ccsc3)C2N1c1ccccc1
O=C1CCCC2CCCC(Cc3ccsc3)C2N1c1ccccc1
O=C1CCCC2CCCC(Cc3ccsc3)C2N1c1ccccc1
O=C1CCCC2CCCCC(Cc3ccsc3)C2N1c1ccccc1
O=C1CCCC2CCCCC(Cc3ccsc3)C2N1c1ccccc1
O=C1CCCC2CCCCC(Cc3ccsc3)C2N1c1ccccc1
O=C1CCC=C2CCCCC(Cc3ccsc3)C2N1c1ccccc1
O=C1CCC=C2CCCCC(Cc3ccsc3)C2CN1c1ccccc1
O=C1CCC=C2CCCCC(Cc3ccsc3)C2CN1c1ccccc1
C1=C2CCCCC(Cc3ccsc3)C2CN(c2ccccc2)CCC1
C1=C2CCCCC(Cc3ccsc3)C2CN(c2ccccc2)CC1
C1=C2CCCCCC(Cc3ccsc3)C2CN(c2ccccc2)CC1
C1=C2CCCCCC(Cc3ccsc3)C2CN(c2ccccc2)CC1
C1=C2CCCCCC(Cc3ccsc3)C2CN(c2ccccc2)CC1
C1=C2CCCCCC(Cc3ccsc3)C2CCN(c2ccccc2)CC1
C1=C2CCCCCC(Cc3ccsc3)C2CCN(c2ccccc2)C1
C1=C2CCCCCC(Cc3ccsc3)C2CN(c2ccccc2)C1
C1=C2CCCCCC(Cc3ccsc3)C2CN(c2ccccc2)C1
C1=C2CCCCCC(Cc3ccsc3)C2CN(c2ccccc2)CC1
C1=C2CCCCC(Cc3ccsc3)C2CN(c2ccccc2)CC1
C1=C2CCCCC(Cc3ccsc3)C2CN(c2ccccc2)CC1
C1=C2CCCCC(Cc3ccsc3)C2CN(c2ccccc2)CC1
C1=C2CCCCC(Cc3ccsc3)C2CN(c2ccccc2)CC1
C1=C2CCCCC(Cc3ccsc3)C2CN(c2ccccc2)C1
C1=C2CCCC(Cc3ccsc3)C2CN(c2ccccc2)C1
C1=C2CCCC(Cc3ccsc3)C2CN1c1ccccc1
C1=C2CCCC(Cc3ccsc3)C2CN(c2ccccc2)C1
C1=C2CCCC(Cc3ccsc3)C2CN(c2ccccc2)CC1
C1=C2CCCC(Cc3ccsc3)C2CN(c2ccccc2)CC1
C1=C2CCCC(Cc3ccsc3)C2CN(c2ccccc2)CC1
C1=C2CCCC(Cc3ccsc3)C2CCN(c2ccccc2)CC1
C1=C2CCCC(Cc3ccsc3)C2CCN(c2ccccc2)CC1
C1=C2CCCC(Cc3ccsc3)C2CCN(c2ccccc2)C1
C1=C2CCCC(Cc3ccsc3)C2CCN(c2ccccc2)C1
C1=C2CCCC(Cc3ccsc3)C2CCCN(c2ccccc2)C1
C1=C2CCCC(Cc3ccsc3)C2CCCN(c2ccccc2)C1
C1=C2CCC(Cc3ccsc3)C2CCCN(c2ccccc2)C1
C1=C(C2CCCC2Cc2ccsc2)CCN(c2ccccc2)C1
c1ccc(N2CCC3=C(CCCC(Cc4ccsc4)C3)C2)cc1
c1ccc(N2CCC3=C2CCCC(Cc2ccsc2)C3)cc1
c1ccc(-n2ccc3c2CCCC(Cc2ccsc2)C3)cc1
c1ccc(-n2ccc3c2CCCC(Cc2ccsc2)C3)cc1
c1ccc(-n2ccc3c2CCCC(Cc2ccsc2)CC3)cc1
c1ccc(-n2ncc3c2CCCC(Cc2ccsc2)CC3)cc1
C1=Cc2c(cnn2-c2ccccc2)CCC(Cc2ccsc2)C1
C1=Cc2c(cnn2-c2ccccc2)CCC(Cc2ccsc2)C1
C1=Cc2c(cnn2-c2ccccc2)CCC(Cc2ccsc2)C1
C1=Cc2c(cnn2-c2ccccc2)CCC(Cc2ccsc2)C1
C1=Cc2c(cnn2-c2ccccc2)CCC(Cc2ccsc2)C1
C1=Cc2c(cnn2-c2ccccc2)CCC(Cc2ccsc2)C1
C1=Cc2c(cnn2-c2ccccc2)CCC(Cc2ccsc2)C1
C1=C2CCC2C(Cc2ccsc2)CCc2cnn(-c3ccccc3)c21
C1=C2CCCC2C(Cc2ccsc2)CCc2cnn(-c3ccccc3)c21
C1=C2CCCC2C(Cc2ccsc2)Cc2cnn(-c3ccccc3)c21
C1=C2CCCC2C(Cc2ccsc2)Cc2cnn(-c3ccccc3)c21
C1=C2CCCC2C(Cc2ccsc2)Cc2cnn(-c3ccccc3)c21
C1=C2CCCCC2C(Cc2ccsc2)Cc2cnn(-c3ccccc3)c21
C1=C2CCCCC2C(Cc2ccsc2)Cc2cnn(-c3ccccc3)c21
C1=C2CCCC(Cc3ccsc3)C2CCc2cnn(-c3ccccc3)c21
C1=C2CCCC(Cc3ccsc3)C2Cc2cnn(-c3ccccc3)c21
C1=C2CCCC(Cc3ccsc3)C2Cc2cnn(-c3ccccc3)c21
C1=Cc2c(ccc3c2COc2ccccc2-3)NC1
C1=Cc2c(ccc3c2COc2ccccc2-3)NC1
C1=Cc2c(ccc3c2CCc2ccccc2-3)NC1
C1=Cc2c(ccc3c2CCCc2ccccc2-3)NC1
C1=Cc2c(ccc3c2CCCc2ccccc2-3)NC1
c1ccc2c(c1)CCCc1c-2ccc2c1CCN2
c1ccc2c(c1)CCCc1cccc3c1C2CN3
c1ccc2c(c1)CCCc1cccc3c1C2CN3
c1ccc2c(c1)CCCc1cccc3c1C2CN3
c1ccc2c(c1)CCCc1cccc3c1C2CN3
c1ccc2c(c1)CCCc1cccc3c1C2CN3
c1ccc2c(c1)CCCc1ccccc1C2
c1ccc2c(c1)CCCc1ccccc1C2
c1ccc2c(c1)CCCc1ccccc1C2
c1ccc2c(c1)CCCc1ccccc1C2
C1=CC2=C(C1)Cc1ccccc1CCC2
C1=CC2=CCc3ccccc3CCC2CC1
C1=CC2Cc3ccccc3CCC2CC1
C1=CC2Cc3ccccc3CCC2CC1
C1=CC2Cc3ccccc3CCC2CC1
C1=CC2Cc3ccccc3CCC2CC1
C1=CC2Cc3ccccc3CCC2C1
c1ccc2c(c1)CCC1CCC1C2
c1ccc2c(c1)CCC1CCC1CC2
c1ccc2c(c1)CCC1CCC1CC2
c1ccc2c(c1)CCC1CCC1CC2
c1ccc2c(c1)CCC1CCCC1CC2
c1ccc2c(c1)CCC1CCCC1C1CC21
c1ccc2c(c1)CCC1CCCC1C1CCC21
c1ccc2c(c1)CCC1CCCCC1C1CCC21
c1ccc2c(c1)CCC1CCCCC1C1CCCC21
c1ccc2c(c1)CCC1CCCCC1CC2C1CC1
c1ccc2c(c1)CCC1CCCCCC1CC2C1CC1
c1ccc2c(c1)CCC1CCCCCC1CC2C1CCC1
c1ccc2c(c1)CCC1CCCCC1CC2C1CCC1
c1ccc2c(c1)CCC1CCCCC1CC2C1CCC1
c1ccc2c(c1)CCC1CCCCC1CC2C1CCC1
c1ccc2c(c1)CCC1CCCCCC1CC2C1CCC1
c1ccc2c(c1)CCC1CCCCCC1CC2C1CC1
c1ccc2c(c1)CCC1CCCCC1CC2C1CC1
c1ccc2c(c1)CCC1CCCC1CC2C1CC1
c1ccc2c(c1)CCC1CCCC1CC2C1CC1
c1ccc2c(c1)CCC1CCC1CC2C1CC1
c1ccc2c(c1)CCCCCC2C1CC1
c1ccc2c(c1)CCCCCC2C1CC1
c1ccc2c(c1)CCC1CCCC2CC1
c1ccc2c(c1)CCC1CCCCCC21
c1ccc2c(c1)CCC1CCCCCC21
c1ccc2c(c1)CCC1CCCCC21
c1ccc2c(c1)CCC1CCCCCC21
c1ccc2c(c1)CCC1CCCCCC21
c1ccc2c(c1)CCC1CC3CC3CC21
c1ccc2c(c1)CCC1CC3SCC3CC21
c1ccc2c(c1)CCC1CCCCC21
c1ccc2c(c1)CCC1CCCCC21
c1ccc2c(c1)CCC1CCCCC21
c1ccc2c(c1)CCC1CCCCC21
c1ccc2c(c1)CCC1CCCC21
c1ccc2c(c1)CCC1CCCC21
c1ccc2c(c1)CCC1CCCC21
c1ccc2c(c1)CCC1CCCC21
c1ccc2c(c1)CCC1CCCC21
c1ccc2c(c1)CCC1CCCC21
c1ccc2c(c1)CCC1CCCC21
c1ccc2c(c1)CCC1CC(C3CO3)CC21
c1ccc2c(c1)CCC1CC(C3CO3)CC21
c1ccc2c(c1)CCC1CC(C3CO3)CC21
c1ccc2c(c1)CCC1CC(C3CO3)CC21
c1ccc2c(c1)CCC1CC(C3NO3)CC21
c1ccc2c(c1)CCC1CC(C3NO3)CC21
c1ccc2c(c1)CCC1CC(C3CN3)CC21
c1ccc2c(c1)CCC1CC(C3CN3)CC21
c1ccc2c(c1)CCC1CC(C3CN3)CC21
c1ccc2c(c1)CCC1CC(C3C4CN43)CC21
c1ccc2c(c1)CCC1CC(C3=C4CN43)CC21
c1ccc2c(c1)CCC1CC(CN3CC3)CC21
C1=CN1CC1CC2CCc3ccccc3C2C1
c1ccc2c(c1)CCC1CC(CN3CC3)CC21
c1ccc2c(c1)CCC1CC(CN3CC3)CC21
c1ccc2c(c1)CCC1CC(CN3CC3)CC21
c1ccc2c(c1)CCC1CC(CN3CC3)CC21
c1ccc2c(c1)CCC1CC(CN3CC3)CC21
c1ccc2c(c1)CCC1CCCC21
c1ccc2c(c1)CCC1CC(C3CCN3)CC21
c1ccc2c(c1)CCC1CC(C3CCN3)CC21
c1ccc2c(c1)CCC1CC(C3CCN3)CC21
c1ccc2c(c1)CCC1CC(C3CCN3)CC21
c1ccc2c(c1)CCC1CC(C3CN3)CC21
c1ccc2c(c1)CCC1CC(C3CN3)CC21
c1ccc2c(c1)CCC1CCCC21
c1ccc2c(c1)CCC1CCCC21
c1ccc2c(c1)CCC1CCCCCC21
c1ccc2c(c1)CCC1CCCCCC21
c1ccc2c(c1)CCC1CCNCCC21
c1ccc2c(c1)CCC1CCNCCC21
c1ccc2c(c1)CCC1CCNCCC21
c1ccc2c(c1)CCC1CCNCCC21
c1ccc2c(c1)CCC1CCCC21
c1ccc2c(c1)CCC1CCCC21
c1ccc2c(c1)CCC1CCCC21
c1ccc2c(c1)CCC1CCCC21
c1ccc2c(c1)CCC1CCCC21
c1ccc2c(c1)CCC1CCCC21
c1ccc2c(c1)CCC1CCCC21
c1ccc2c(c1)CCC1CCCC21
c1ccc2c(c1)CCC1CCCC21
c1ccc2c(c1)CCC1CCCC21
c1ccc2c(c1)CCC1CCCC21
c1ccc2c(c1)CCC1CCCC21
c1ccc2c(c1)CCC1CCCC21
c1ccc2c(c1)CCC1CCCC21
O=C1CC1C1CC2CCc3ccccc3C2C1
O=C1CC(C2CC3CCc4ccccc4C3C2)C1
O=C1CC(C2CC3CCc4ccccc4C3C2)C1
c1ccc2c(c1)CCC1CCCC21
c1ccc2c(c1)CCC1CCCC21
c1ccc2c(c1)CCC1CC(C3CCCC3)CC21
c1ccc2c(c1)CCC1CC(C3CCCC3)CC21
c1ccc2c(c1)CCC1CC(C3CCCC3)CC21
c1ccc2c(c1)CCC1CC(C3CCCC3)CC21
c1ccc2c(c1)CCC1CC(C3CCCCC3)CC21
c1ccc2c(c1)CCC1CC(C3CCCC3)CC21
O=C1CCC(C2CC3CCc4ccccc4C3C2)C1
O=C1CCC(C2CC3CCc4ccccc4C3C2)C1
O=C1CC(C2CC3CCc4ccccc4C3C2)C1
O=C1CC1C1CC2CCc3ccccc3C2C1
C=C1CC1C1CC2CCc3ccccc3C2C1
c1ccc2c(c1)CCC1CCCC21
c1ccc2c(c1)CCC1CCCC21
c1ccc2c(c1)CCC1CCCC21
c1ccc2c(c1)CCC1CCCC21
c1ccc2c(c1)CCC1CCCC21
c1ccc2c(c1)CCC1CCCC21
c1ccc2c(c1)CCC1CCCC21
c1ccc2c(c1)CCC1CCCC21
c1ccc2c(c1)CCC1CCCC21
c1ccc2c(c1)CCC1CCCC21
c1ccc2c(c1)CCC1CCCC21
c1ccc2c(c1)CCC1CCCC21
c1ccc2c(c1)CCC1CCCC21
C1=CC(C2CC3CCc4ccccc4C3C2)N1
C1=CC(C2CC3CCc4ccccc4C3C2)=N1
c1ccc2c(c1)CCC1CC(c3ncc[nH]3)CC21
c1ccc2c(c1)CCC1CC(c3nccs3)CC21
c1ccc2c(c1)CCC1CC(c3nccs3)CC21
c1ccc2c(c1)CCCC1CC(c3nccs3)CC21
c1ccc2c(c1)CCCC1CC(c3nccs3)CC21
c1ccc2c(c1)CCCC1CC(c3nccs3)CCC21
c1ccc2c(c1)CCCC1CC(c3nccs3)CCC21
c1ccc2c(c1)CCCC1CC(c3nccs3)CCC21
c1ccc2c(c1)CCCC1CC(c3nccs3)CCC21
c1ccc2c(c1)CCCC1CC(c3nccs3)CCC21
c1ccc2c(c1)CCC1CC(c3nccs3)CCC21
c1ccc2c(c1)CCC1CC(c3nccs3)CCC21
c1ccc2c(c1)CCC1CC(c3nccs3)CCC21
C1=Cc2c(ccc3c2COc2ccccc2-3)NC1
C1=Cc2cc(-c3ccccc3)ccc2NC1
C1=Cc2cc(-c3ccccc3)ccc2NC1
C1=Cc2cc(-c3ccccc3)ccc2NC1
C1=COc2cc(-c3ccccc3)ccc2NC1
C1=COc2cc(-c3ccccc3)ccc2NC1
C1=COc2cc(-c3ccccc3)ccc2N1
C1=COc2cc(-c3ccccc3)ccc2N1
C1=COc2cc(-c3ccccc3)ccc2N1
C1=COc2cc(-c3ccccc3)ccc2N1
C1=COc2cc(-c3ccccc3)ccc2N1
C1=COc2cc(-c3ccccc3)ccc2N1
C1=COc2cc(-c3ccncc3)ccc2N1
C1=COc2cc(-c3ccncc3)ccc2N1
C1=COc2cc(-c3ccncc3)ccc2N1
C1=COc2cc(-c3ccncc3)ccc2N1
C1=COc2cc(-c3ccncc3)ccc2N1
C1=COc2cc(-c3ccncc3)ccc2N1
C1=COc2cc(-c3ccncc3)ccc2N1
C1=COc2cc(-c3cccnc3)ccc2N1
C1=COc2cc(-c3cccnc3)ccc2N1
C1=COc2cc(-c3cccnc3)ccc2N1
C1=CNc2ccc(-c3cccnc3)cc2C1
c1cncc(-c2ccc3[nH]ccc3c2)c1
c1cncc(-c2ccc3[nH]ccc3c2)c1
c1cncc(-c2ccc3cc[nH]c3c2)c1
c1cncc(-c2ccc3cc[nH]c3c2)c1
c1cncc(-c2ccc3cc[nH]c3c2)c1
c1cncc(-c2ccc3cc[nH]c3c2)c1
c1cncc(-c2ccc3cc[nH]c3c2)c1
c1cncc(-c2ccc3cc[nH]c3c2)c1
c1cncc(-c2ccc3cc[nH]c3c2)c1
c1cncc(-c2ccc3cc[nH]c3c2)c1
c1cncc(-c2ccc3cc[nH]c3c2)c1
c1cncc(-c2ccc3cc[nH]c3c2)c1
c1cncc(-c2ccc3cc[nH]c3c2)c1
c1cncc(-c2ccc3cc[nH]c3c2)c1
c1cncc(-c2ccc3cc[nH]c3c2)c1
c1cncc(-c2ccc3cc[nH]c3c2)c1
c1cncc(-c2ccc3cc[nH]c3c2)c1
c1cncc(-c2ccc3cc[nH]c3c2)c1
c1cncc(-c2ccc3cc[nH]c3c2)c1
c1cncc(-c2ccc3cc[nH]c3c2)c1
c1cncc(-c2ccc3cc[nH]c3c2)c1
c1cncc(-c2ccc3cc[nH]c3c2)c1
c1cncc(-c2ccc3cc[nH]c3c2)c1
c1cncc(-c2ccc3cc[nH]c3c2)c1
c1cncc(-c2ccc3cc[nH]c3c2)c1
c1cncc(-c2ccc3cc[nH]c3c2)c1
c1cncc(-c2ccc3cc[nH]c3c2)c1
c1cncc(-c2ccc3cc[nH]c3c2)c1
c1cncc(-c2ccc3cc[nH]c3c2)c1
c1cncc(-c2ccc3cc[nH]c3c2)c1
c1cncc(-c2ccc3cc[nH]c3c2)c1
c1cncc(-c2ccc3cc[nH]c3c2)c1
c1cncc(-c2ccc3cc[nH]c3c2)c1
c1cncc(-c2ccc3cc[nH]c3c2)c1
c1cncc(-c2ccc3cc[nH]c3c2)c1
c1cncc(-c2ccc3cc[nH]c3c2)c1
c1cncc(-c2ccc3cc[nH]c3c2)c1
c1cncc(-c2ccc3cc[nH]c3c2)c1
c1cncc(-c2ccc3cc[nH]c3c2)c1
c1cncc(-c2ccc3cc[nH]c3c2)c1
c1cncc(-c2ccc3cc[nH]c3c2)c1
c1cncc(-c2ccc3cc[nH]c3c2)c1
c1cncc(-c2ccc3cc[nH]c3c2)c1
c1cncc(-c2ccc3cc[nH]c3c2)c1
c1cncc(-c2ccc3cc[nH]c3c2)c1
c1cncc(-c2ccc3cc[nH]c3c2)c1
c1cncc(-c2ccc3cc[nH]c3c2)c1
c1cncc(-c2ccc3cc[nH]c3c2)c1
c1cncc(-c2ccc3cc[nH]c3c2)c1
c1cncc(-c2ccc3cc[nH]c3c2)c1
c1cncc(-c2ccc3cc[nH]c3c2)c1
c1cncc(-c2ccc3cc[nH]c3c2)c1
c1cncc(-c2ccc3cc[nH]c3c2)c1
c1cncc(-c2ccc3cc[nH]c3c2)c1
c1cncc(-c2ccc3cc[nH]c3c2)c1
c1cncc(-c2ccc3cc[nH]c3c2)c1
c1cncc(-c2ccc3cc[nH]c3c2)c1
c1cncc(-c2ccc3cc[nH]c3c2)c1
c1cncc(-c2ccc3cc[nH]c3c2)c1
c1cncc(-c2ccc3cc[nH]c3c2)c1
c1cncc(-c2ccc3cc[nH]c3c2)c1
c1cncc(-c2ccc3cc[nH]c3c2)c1
c1cncc(-c2ccc3cc[nH]c3c2)c1
C1=C(CCCCc2cc3ccc(-c4cccnc4)cc3[nH]2)CCC1
C1=C(CCCCc2cc3ccc(-c4cccnc4)cc3[nH]2)CCC1
C1=C(CCCCc2cc3ccc(-c4cccnc4)cc3[nH]2)CCC1
C1=C(CCCCc2cc3ccc(-c4cccnc4)cc3[nH]2)CCC1
C1=C(CCCCc2cc3ccc(-c4cccnc4)cc3[nH]2)CCC1
C1=C(CCCCc2cc3ccc(-c4cccnc4)cc3[nH]2)CC1
c1cncc(-c2ccc3cc[nH]c3c2)c1
c1cncc(-c2ccc3cc[nH]c3c2)c1
C1=C(CCCCc2cc3ccc(-c4cccnc4)cc3[nH]2)C1
C1=C(CCCCc2cc3ccc(-c4cccnc4)cc3[nH]2)C1
C1=C(CCCCc2cc3ccc(-c4cccnc4)cc3[nH]2)C1
C1=C(CCCCc2cc3ccc(-c4cccnc4)cc3[nH]2)C1
C1=C(CCCCc2cc3ccc(-c4cccnc4)cc3[nH]2)CC1
C1=C(CCCCc2cc3ccc(-c4cccnc4)cc3[nH]2)CC1
C1=C(CCCCc2cc3ccc(-c4cccnc4)cc3[nH]2)CC1
C1=C(CCCCc2cc3ccc(-c4cccnc4)cc3[nH]2)CC1
C1=C(CCCCc2cc3ccc(-c4cccnc4)cc3[nH]2)CC1
C1=C(CCCCc2cc3ccc(-c4cccnc4)cc3[nH]2)C1
C1=C(CCCCc2cc3ccc(-c4cccnc4)cc3[nH]2)OC1
C1=C(CCCCc2cc3ccc(-c4cccnc4)cc3[nH]2)OC1
C1=C(CCCCc2cc3ccc(-c4cccnc4)cc3[nH]2)CC1
C1=C(CCCCc2cc3ccc(-c4cccnc4)cc3[nH]2)CC1
C1=C(CCCCc2cc3ccc(-c4cccnc4)cc3[nH]2)CC1
C1=C(CCCCc2cc3ccc(-c4cccnc4)cc3[nH]2)CC1
C1=C(CCCCc2cc3ccc(-c4cccnc4)cc3[nH]2)CC1
C1=C(CCCCc2cc3ccc(-c4cccnc4)cc3[nH]2)C1
C1=C(CCCCc2cc3ccc(-c4cccnc4)cc3[nH]2)C1
C1=CCCC(CCCCc2cc3ccc(-c4cccnc4)cc3[nH]2)=C1
c1ccc(CCCCc2cc3ccc(-c4cccnc4)cc3[nH]2)cc1
c1ccc(CCCCc2cc3ccc(-c4cccnc4)cc3[nH]2)cc1
c1ccc(CCCCc2cc3ccc(-c4cccnc4)cc3[nH]2)cc1
c1ccc(CCCCc2cc3ccc(-c4cccnc4)cc3[nH]2)cc1
c1ccc(CCCCc2cc3ccc(-c4cccnc4)cc3[nH]2)cc1
c1ccc(CCCCc2cc3ccc(-c4cccnc4)cc3[nH]2)cc1
c1ccc(CCCCc2cc3ccc(-c4cccnc4)cc3[nH]2)cc1
c1ccc(CCCCc2cc3ccc(-c4cccnc4)cc3[nH]2)cc1
c1ccc(CCCCc2cc3ccc(-c4cccnc4)cc3[nH]2)cc1
c1ccc(CCCCc2cc3ccc(-c4cccnc4)cc3[nH]2)cc1
c1ccc(CCCCc2cc3ccc(-c4cccnc4)cc3[nH]2)cc1
c1ccc(CCCCc2cc3ccc(-c4cccnc4)cc3[nH]2)cc1
c1ccc(CCCCc2cc3ccc(-c4cccnc4)cc3[nH]2)cc1
c1ccc(CCCCc2cc3ccc(-c4cccnc4)cc3[nH]2)cc1
c1ccc(CCCCc2cc3ccc(-c4cccnc4)cc3[nH]2)cc1
c1ccc(CCCCc2cc3ccc(-c4cccnc4)cc3[nH]2)cc1
c1ccc(CCCCc2cc3ccc(-c4cccnc4)cc3[nH]2)cc1
c1ccc(CCCCc2cc3ccc(-c4cccnc4)cc3[nH]2)cc1
c1ccc(CCCCc2cc3ccc(-c4cccnc4)cc3[nH]2)cc1
c1ccc(CCCCc2cc3ccc(-c4cccnc4)cc3[nH]2)cc1
c1ccc(CCCCc2cc3ccc(-c4cccnc4)cc3[nH]2)cc1
c1ccc(CCCCc2cc3ccc(-c4cccnc4)cc3[nH]2)cc1
c1ccc(CCCCc2cc3ccc(-c4cccnc4)cc3[nH]2)cc1
c1ccc(CCCCc2cc3ccc(-c4cccnc4)cc3[nH]2)cc1
c1ccc(CCCCc2cc3ccc(-c4cccnc4)cc3[nH]2)cc1
c1ccc(CCCCc2cc3ccc(-c4cccnc4)cc3[nH]2)cc1
c1ccc(CCCCc2cc3ccc(-c4cccnc4)cc3[nH]2)cc1
c1ccc(CCCCc2cc3ccc(-c4cccnc4)cc3[nH]2)cc1
c1ccc(CCCCc2cc3ccc(-c4cccnc4)cc3[nH]2)cc1
c1cncc(-c2cccc(CCCCc3cc4ccccc4[nH]3)c2)c1
c1cncc(-c2cccc(CCCCc3cc4ccccc4[nH]3)c2)c1
c1cncc(-c2cccc(CCCCc3cc4ccccc4[nH]3)c2)c1
c1cncc(-c2cccc(CCCCc3cc4ccncc4[nH]3)c2)c1
c1cncc(-c2cccc(CCCCc3cc4ccncc4[nH]3)c2)c1
c1cncc(-c2cccc(CCCCc3cc4ccncc4[nH]3)c2)c1
c1cncc(-c2cccc(CCCCc3cc4ccncc4[nH]3)c2)c1
c1cncc(COc2ccc3c(c2)CCC2CCCCC32)c1
c1cncc(COc2ccc3c(c2)CCC2CCCCC32)c1
c1cncc(COc2ccc3c(c2)CCCC3)c1
c1cncc(COc2ccc3c(c2)CCCC3)c1
c1cncc(COc2ccc3c(c2)CCCC3)c1
c1cncc(COc2ccc3c(c2)CCCC3)c1
c1cncc(-c2cccc3c2CCCC3)c1
c1cncc(-c2cccc(CC3CCC3)c2)c1
c1cncc(-c2cccc3c2C3C2CCC2)c1
c1cncc(-c2cccc3c2C3C2CCC2)c1
c1cncc(-c2cccc3c2C3C2CCCC2)c1
c1cncc(-c2cccc3c2C3C2CCCC2)c1
c1cncc(-c2cccc3c2C3C2CCCC2)c1
c1cncc(-c2cccc3c2C3CCCC2CCCC2)c1
c1cncc(-c2cccc3c2C3CCCC2CCCC2)c1
c1cncc(-c2cccc(CCCCC3CCCC3)c2)c1
c1cncc(-c2cccc(CCCC3CCCC3)c2)c1
c1cncc(-c2cccc(CCCC3CCCCC3)c2)c1
c1cncc(-c2cccc(CCCC3CCCCC3)c2)c1
c1cncc(-c2cccc(CCCC3CCCCC3)c2)c1
c1cncc(-c2cccc(CCCC3CCCCCC3)c2)c1
c1cncc(-c2cccc(CCCC3CCCCCC3)c2)c1
c1cncc(-c2cccc(CCCC3CCCCCC3)c2)c1
c1cncc(-c2cccc(CCCC3CCCCCC3)c2)c1
c1cncc(-c2cccc(CCC(CC3CN3)C3CCCCCC3)c2)c1
c1cncc(-c2cccc(CCC(CC3CN3)C3CCCCC3)c2)c1
c1cncc(-c2cccc(CCC(CC3CN3)C3CCCCC3)c2)c1
c1cncc(-c2cccc(CCC(CC3CN3)C3CCCCC3)c2)c1
c1cncc(-c2cccc(CCC(CC3CN3)C3CCCCC3)c2)c1
c1cncc(-c2cccc(CCC(CC3CN3)C3CCCCC3)c2)c1
C1=C(CC(CCc2cccc(-c3cccnc3)c2)C2CCCCC2)N1
C1=C(CC(CCc2cccc(-c3cccnc3)c2)C2CCCCC2)N1
C1=C(CC(CCc2cccc(-c3ccncc3)c2)C2CCCCC2)N1
C1=C(CC(CCc2cccc(-c3ccncc3)c2)C2CCCCC2)N1
C1=C(CC(CCc2cccc(-c3ccncc3)c2)C2CCCC2)N1
C1=C(CC(CCc2cccc(-c3ccncc3)c2)C2CCCC2)N1
C1=C(CC(CCc2cccc(-c3ccncc3)c2)C2CCCC2)N1
C1=C(CC(CCc2cccc(-c3ccncc3)c2)C2CCCC2)N1
C1=C(CC(CCc2cccc(-c3ccncc3)c2)C2CCCCC2)N1
C1=C(CC(CCc2cccc(-c3ccncc3)c2)C2CCCCC2)N1
C1=C(CC(CCc2cccc(-c3ccncc3)c2)C2CCCC2)N1
C1=C(CC(CCc2cccc(-c3ccncc3)c2)C2CCCC2)N1
C1=C(CC(CCc2cccc(-c3ccncc3)c2)C2CCC2)N1
C1=C(CC(CCc2cccc(-c3ccncc3)c2)C2CCC2)N1
C1=C(CC(CCc2cccc(-c3ccncc3)c2)C2CCC2)N1
C1=C(CC(CCc2cccc(Cc3ccncc3)c2)C2CCC2)N1
C1=C(CC(CCc2cccc(Cc3ccncc3)c2)C2CCCC2)N1
C1=C(CC(CCc2cccc(-c3ccncc3)c2)C2CCCC2)N1
C1=C(CC(CCc2cccc(-c3ccncc3)c2)C2CCCC2)N1
C1=C(CC(CCc2cccc(-c3ccncc3)c2)C2CCCC2)N1
C1=C(CC(CCc2cccc(-c3ccncc3)c2)C2CCCC2)N1
C1=C(CC(CCc2cccc(-c3ccncc3)c2)C2CCCCC2)N1
C1=C(CC(CCc2cccc(-c3ccncc3)c2)C2CCCCC2)N1
C1=C(CC(CCc2cccc(-c3ccncc3)c2)C2CCCCC2)N1
C1=C(CC(CCc2cccc(-c3ccncc3)c2)C2CCCCCC2)N1
C1=C(CC(CCc2cccc(-c3ccncc3)c2)C2CCCCCC2)N1
C1=C(CC(CCc2cccc(-c3ccncc3)c2)C2CCCCCC2)N1
C1=C(CC(CCc2cccc(-c3ccncc3)c2)C2CCCCC2)N1
C1=C(CC(CCc2cccc(-c3ccncc3)c2)C2CCCCC2)N1
C1=C(CC(CCc2cccc(-c3ccncc3)c2)C2CCCCC2)NC1
C1=C(CC(CCc2cccc(-c3ccncc3)c2)C2CCCCC2)NC1
C1=C(CC(CCc2cccc(-c3ccncc3)c2)C2CCCCC2)NC1
C1=C(CC(CCc2cccc(-c3ccncc3)c2)C2CCCC2)NC1
C=C1C=C(CC(CCc2cccc(-c3ccncc3)c2)C2CCCC2)N1
C=C1C=C(CC(CCc2cccc(-c3ccncc3)c2)C2CCCC2)N1
O=C1C=C(CC(CCc2cccc(-c3ccncc3)c2)C2CCCC2)N1
O=C1C=C(CC(CCc2cccc(-c3ccncc3)c2)C2CCCC2)N1
O=C1C=C(CC(CCc2cccc(-c3ccncc3)c2)C2CCC2)N1
O=C1C=C(CC(CCc2cccc(-c3ccncc3)c2)C2CCC2)N1
O=C1C=C(CC(CCc2cccc(-c3ccncc3)c2)C2CCC2)N1
O=C1C=C(CC(CCc2cccc(-c3ccncc3)c2)C2CCCC2)N1
O=C1C=C(CC(CCc2cccc(-c3ccncc3)c2)C2CCCC2)N1
O=C1C=C(CC(CCc2cccc(-c3ccncc3)c2)C2CCCCC2)N1
O=C1C=C(CC(CCc2cccc(-c3ccncc3)c2)C2CCCCC2)N1
O=C1C=C(CC(CCc2cccc(-c3ccncc3)c2)C2CCCCC2)N1
O=C1C=C(CC(CCc2cccc(-c3ccncc3)c2)C2CCCCC2)N1
O=C1C=C(CC(CCc2cccc(-c3ccncc3)c2)C2CCCCC2)N1
O=C1C=C(CC(CCc2cccc(-c3ccncc3)c2)C2CCCC2)N1
O=C1C=C(CC(CCc2cccc(-c3ccncc3)c2)C2CCCC2)N1
O=C1C=C(CC(CCc2cccc(-c3ccncc3)c2)C2CCCC2)N1
O=C1C=C(CC(CCc2cccc(-c3ccncc3)c2)C2CCCC2)N1
O=C1C=C(CC(CCc2cccc(-c3ccncc3)c2)C2CCCCC2)N1
O=C1C=C(CC(CCc2cccc(-c3ccncc3)c2)C2CCCCC2)N1
O=C1C=C(CC(CCc2cccc(-c3ccncc3)c2)C2CCCC2)N1
O=C1C=C(CC(CCc2cccc(Oc3ccncc3)c2)C2CCCC2)N1
O=C1C=C(CC(CCc2cccc(OCc3ccncc3)c2)C2CCCC2)N1
O=C1C=C(CC(CCc2cccc(OCc3ccncc3)c2)C2CCCC2)N1
O=C1C=C(CC(CCc2cccc(OCc3ccncc3)c2)C2CCCCC2)N1
O=C1C=C(CC(CCc2cccc(OCc3ccncc3)c2)C2CCCCC2)N1
O=C1C=C(CC(CCc2cccc(Oc3ccncc3)c2)C2CCCCC2)N1
O=C1C=C(CC(CCc2cccc(Oc3ccncc3)c2)C2CCCCC2)N1
O=C1C=C(CC(CCc2cccc(Oc3ccncc3)c2)C2CCCCC2)N1
O=C1C=C(CC(CCc2cccc(COc3ccncc3)c2)C2CCCCC2)N1
O=C1C=C(CC(CCc2cccc(COc3ccncc3)c2)C2CCCCCC2)N1
O=C1C=C(CC(CCc2cccc(COc3ccncc3)c2)C2CCCCCC2)N1
O=C1C=C(CC(CCc2cccc(COc3ccncc3)c2)C2CCCCCC2)N1
O=C1C=C(CC(CCc2cccc(CNc3cccnc3)c2)C2CCCCCC2)N1
C=C1C=C(CC(CCc2cccc(CNc3cccnc3)c2)C2CCCCCC2)N1
C=C1C=C(CC(CCc2cccc(CNc3cccnc3)c2)C2CCCCCC2)N1
C(Nc1cccnc1)=C1C=C(CC(CCc2ccccc2)C2CCCCCC2)N1
C(Nc1cccnc1)=C1C=C(CC(CCc2ccccc2)C2CCCCCC2)N1
C(Nc1cccnc1)=C1C=C(CC(CCc2ccccc2)C2CCCCCC2)N1
C(Nc1cccnc1)=C1C=C(CC(CCc2ccccc2)C2CCCCCC2)N1
C(Nc1cccnc1)=C1C=C(CC(CCc2ccccc2)C2CCCCCC2)N1
C(Nc1cccnc1)=C1C=C(CC(CCc2ccccc2)C2CCCCC2)N1
C(Nc1cccnc1)=C1C=C(CC(CCc2ccccc2)C2CCCCC2)N1
C(Nc1cccnc1)=C1C=C(CC(CCc2ccccc2)C2CCCC2)N1
C(Nc1cccnc1)=C1C=C(CC(CCc2ccccc2)C2CCCC2)N1
C(Nc1cccnc1)=C1C=C(CC(CCc2ccccc2)C2CCCC2)N1
C(Nc1cccnc1)=C1C=C(CC(CCc2ccccc2)C2CCCC2)N1
C(Nc1cccnc1)=C1C=C(CC(CCc2ccccc2)C2CCCC2)N1
C(Nc1cccnc1)=C1C=C(CC(CCc2ccccc2)C2CCCC2)N1
C(Nc1cccnc1)=C1C=C(CC(CCc2ccccc2)C2CCC2)N1
c1ccc(CCC(Cc2cc3ccncc3[nH]cc[nH]2)C2CCC2)cc1
c1ccc(CCC(Cc2cc3ccncc3[nH]c3c([nH]2)CCC3)C2CCC2)cc1
c1ccc(CCC(Cc2cc3ccncc3[nH]cc[nH]2)C2CCC2)cc1
c1ccc(CCC(Cc2cc3ccncc3[nH]cc[nH]2)C2CCC2)cc1
c1ccc(CCC(Cc2cc3ccncc3[nH]cc[nH]2)C2CCC2)cc1
c1ccc(CCC(Cc2cc3ccncc3[nH]cc[nH]2)C2CCC2)cc1
c1ccc(CCC(Cc2cc3ccncc3[nH]cc[nH]2)C2CCC2)cc1
c1ccc(CCC(Cc2cc3ccncc3[nH]cc[nH]2)C2CCC2)cc1
c1ccc(CCC(Cc2cc3ccncc3[nH]cc[nH]2)C2CCC2)cc1
c1ccc(CCC(Cc2cc3ccncc3[nH]cc[nH]2)C2CCC2)cc1
c1ccc(CCC(Cc2cc3ccncc3[nH]cc[nH]2)C2CCC2)cc1
c1ccc(CCC(Cc2cc3ccncc3[nH]cc[nH]2)C2CCC2)cc1
c1ccc(CCC(Cc2cc3ccncc3[nH]cc[nH]2)C2CCC2)cc1
c1ccc(CCC(Cc2cc3ccncc3[nH]cc[nH]2)C2CCC2)cc1
c1ccc(CCC(Cc2cc3ccncc3[nH]cc[nH]2)C2CCC2)cc1
c1ccc(CCC(Cc2cc3ccncc3[nH]nc[nH]2)C2CCC2)cc1
c1ccc(CCC(Cc2cc3ccncc3[nH]nc[nH]2)C2CCC2)cc1
c1ccc(CCC(Cc2cc3ccncc3[nH]nc[nH]2)C2CCC2)cc1
c1ccc(CCC(Cc2cc3ccncc3[nH]nc[nH]2)C2CCC2)cc1
c1ccc(CCC(Cc2cc3ccncc3[nH]nc[nH]2)C2CCC2)cc1
c1ccc(CCC(Cc2cc3ccncc3[nH]nc[nH]2)C2CCC2)cc1
c1ccc(CCC(Cc2cc3ccncc3[nH]nc[nH]2)C2CCCC2)cc1
c1ccc(CCC(Cc2cc3ccncc3[nH]nc[nH]2)C2CCCCC2)cc1
c1ccc(CCC(Cc2cc3ccncc3[nH]nc[nH]2)C2CCCCCC2)cc1
c1ccc(CCC(Cc2cc3ccncc3[nH]nc[nH]2)C2CCCCCC2)cc1
c1ccc(CCC(Cc2cc3ccncc3[nH]nc[nH]2)C2CCCCCC2)cc1
c1ccc(CCC(Cc2cc3ccncc3[nH]nc[nH]2)C2CCCCCC2)cc1
c1ccc(CCC(Cc2cc3ccncc3[nH]nc[nH]2)C2CCCCCC2)cc1
c1ccc(CCC(Cc2cc3ccncc3[nH]nc[nH]2)C2CCCCCC2)cc1
c1ccc(CCC(Cc2cc3ccncc3[nH]nc[nH]2)C2CCCCCCC2)cc1
c1ccc(CCC(Cc2cc3ccncc3[nH]cc[nH]2)C2CCCCCCC2)cc1
c1ccc(CCC(Cc2c[nH]ccc3ccncc3[nH]2)C2CCCCCCC2)cc1
c1ccc(CCC(Cc2c[nH]ccc3ccncc3[nH]2)C2CCCCCCC2)cc1
c1ccc(CCC(Cc2c[nH]ccc3ccncc3[nH]2)C2CCCCCCC2)cc1
c1ccc(CCC(Cc2c[nH]ccc3ccncc3[nH]2)C2CCCCCCC2)cc1
c1ccc(CCC(Cc2c[nH]ccc3ccncc3[nH]2)C2CCCCCC2)cc1
c1ccc(CCC(Cc2c[nH]ccc3ccncc3[nH]2)C2CCCCC2)cc1
c1ccc(CCC(Cc2c[nH]ccc3ccncc3[nH]2)C2CCCCC2)cc1
c1ccc(CCC(Cc2c[nH]ccc3ccncc3[nH]2)C2CCCCC2)cc1
C1=Cc2ccncc2NC(CC(CCc2ccccc2)C2CCCCC2)=CC1
C1=Cc2ccncc2NC(CC(CCc2ccccc2)C2CCCCC2)=C1
C1=Cc2ccncc2NC(CC(CCc2ccccc2)C2CCCC2)=C1
C1=Cc2ccncc2NC(CC(CCc2ccccc2)C2CCCC2)=C1
C1=Cc2ccncc2NC(CC(CCc2ccccc2)C2CCCC2)=C1
C1=Cc2ccncc2NC(CC(CCc2ccccc2)C2CCC2)=C1
C1=C(CC(CCc2ccccc2)C2CCC2)Nc2cnccc2C1
C1=C(CC(CCc2ccccc2)C2CCC2)Nc2cnccc2C1
c1ccc(CCC(Cc2cc3ccncc3[nH]2)C2CCC2)cc1
c1ccc(CCC(Cc2cc3ccncc3[nH]2)C2CCCC2)cc1
c1cncc(COc2ccc3c(c2)CCC2CCCCC32)c1
c1cncc(COc2ccc3c(c2)CCC2CCCCC32)c1
c1ccc(COc2ccc3c(c2)CCC2CCCCC32)cc1
c1ccc(COc2ccc3c(c2)CCC2CCCCC32)cc1
c1ccc(COc2ccc(C3CCCCC3)cc2)cc1
c1ccc(COc2ccc(C3CCCCCC3)cc2)cc1
c1ccc(COc2ccc(C3CCCCCC3)cc2)cc1
c1ccc(COc2ccc(C3CCCCCC3)cc2)cc1
c1ccc(COc2ccc(C3CCCCCCC3)cc2)cc1
c1ccc(CCc2ccc(C3CCCCCCC3)cc2)cc1
c1ccc(NCc2ccc(C3CCCCCCC3)cc2)cc1
c1ccc(NCc2ccc(C3CCCCCCC3)cc2)cc1
c1ccc(NCc2ccc(C3CCCCCCC3)cc2)cc1
c1ccc(NCc2ccc(C3CCCCCCC3)cc2)cc1
c1ccc(NCc2ccc(C3CCCCCCC3)cc2)cc1
c1ccc(N2Cc3ccc(C4CCCCCCC4)cc32)cc1
c1ccc(N2CCc3ccc(C4CCCCCCC4)cc32)cc1
c1ccc(N2CCc3ccc(C4CCCCCCC4)cc32)cc1
c1ccc(N2CCCc3ccc(C4CCCCCCC4)cc32)cc1
c1ccc(N2CCCc3ccc(C4CCCCCCC4)cc32)cc1
c1ccc(N2CCCCc3ccc(C4CCCCCCC4)cc32)cc1
c1ccc(N2CCCCc3ccc(C4CCCCCCC4)cc32)cc1
c1ccc(N2CCCCc3ccc(C4CCCCCCC4)cc32)cc1
c1ccc(N2CCCCc3ccc(C4CCCCCCC4)cc32)cc1
c1ccc(N2CCCCc3ccc(C4CCCCCCC4)cc32)cc1
c1ccc(N2CCCCCc3ccc(C4CCCCCCC4)cc32)cc1
c1ccc(N2CCCCCc3ccc(C4CCCCCCC4)cc32)cc1
c1ccc(N2CCCCc3ccc(C4CCCCCCC4)cc32)cc1
c1ccc(N2CCCCc3ccc(C4CCCCCCC4)cc32)cc1
c1ccc(N2CCCc3ccc(C4CCCCCCC4)cc32)cc1
c1ccc(N2CCCc3ccc(C4CCCCCCC4)cc32)cc1
c1ccc(N2CCCc3ccc(C4CCCCCCC4)cc32)cc1
c1ccc(N2CCCc3ccc(C4CCCCCCC4)cc32)cc1
c1ccc(N2CCCc3ccc(C4CCCCCC4)cc32)cc1
c1ccc(N2CCc3ccc(C4CCCCCC4)cc32)cc1
c1ccc(-n2ccc3ccc(C4CCCCCC4)cc32)cc1
c1ccc(-n2ccc3ccc(C4CCCCCCC4)cc32)cc1
c1ccc(-n2cnc3ccc(C4CCCCCCC4)cc32)cc1
c1ccc(-n2cnc3ccc(C4CCCCCCC4)cc32)cc1
c1ccc(-n2nnc3ccc(C4CCCCCCC4)cc32)cc1
c1ccc(-n2nnc3ccc(C4CCCCCCC4)cc32)cc1
c1ccc(-n2nnc3ccc(C4CCCCCC4)cc32)cc1
c1ccc(-n2nnc3ccc(C4CCCCCC4)cc32)cc1
c1ccc(-n2ncc3ccc(C4CCCCCC4)cc32)cc1
c1ccc(-n2ncc3ccc(C4CCCCCC4)cc32)cc1
c1ccc(-n2ncc3ccc(C4CCCCCC4)cc32)cc1
c1ccc(-n2ncc3ccc(C4CCCCCCC4)cc32)cc1
c1ccc(-n2ncc3ccc(C4CCCCCCC4)cc32)cc1
c1ccc(-n2ncc3ccc(C4CCCCCCC4)cc32)cc1
c1ccc(-n2ncc3ccc(C4CCCCCCC4)cc32)cc1
c1ccc(-n2ncc3ccc(C4CCCCCCC4)cc32)cc1
c1ccc(-n2ncc3ccc(C4CCCCCCC4)cc32)cc1
c1ccc(-n2ncc3ccc(C4CCCCCCC4)cc32)cc1
c1ccc(-n2ncc3ccc(C4CCCCCCC4)cc32)cc1
c1ccc(-n2ncc3ccc(C4CCCCCCC4)cc32)cc1
c1ccc(-n2ncc3ccc(C4CCCCCCC4)cc32)cc1
c1ccc(-n2ncc3ccc(C4CCCCCCC4)cc32)cc1
c1ccc(-n2ncc3ccc(C4CCCCCCC4)cc32)cc1
c1ccc(-n2ncc3ccc(C4CCCCCCC4)cc32)cc1
c1ccc(-n2ncc3ccc(C4CCCCCCC4)cc32)cc1
c1ccc(-n2ncc3ccc(C4CCCCCCC4)cc32)cc1
c1ccc(-n2ncc3ccc(C4CCCCCCC4)cc32)cc1
c1ccc(-n2ncc3ccc(C4CCCCCCC4)cc32)cc1
c1ccc(-n2ncc3ccc(C4CCCCCCC4)cc32)cc1
c1ccc(-n2ncc3ccc(C4CCCCCCC4)cc32)cc1
c1ccc(-n2ncc3ccc(C4CCCCCCC4)cc32)cc1
c1ccc(-n2ncc3ccc(C4CCCCCCC4)cc32)cc1
c1ccc(-n2ncc3ccc(C4CCCCCCC4)cc32)cc1
c1ccc(-n2ncc3ccc(C4CCCCCCC4)cc32)cc1
c1ccc(-n2ncc3ccc(C4CCCCCCC4)cc32)cc1
c1ccc(-n2ncc3ccc(C4CCCCCCC4)cc32)cc1
c1ccc(-n2ncc3ccc(C4CCCCCCC4)cc32)cc1
c1ccc(-n2ncc3ccc(C4CCCCCCC4)cc32)cc1
c1ccc(-n2ncc3ccc(C4CCCCCCC4)cc32)cc1
c1ccc(-n2ncc3ccc(C4CCCCCCC4)cc32)cc1
c1ccc(-n2ncc3ccc(C4CCCCCCC4)cc32)cc1
c1ccc(-n2ncc3ccc(C4CCCCCCC4)cc32)cc1
c1ccc(-n2ncc3ccc(C4CCCCCCC4)cc32)cc1
c1ccc(-n2ncc3ccc(C4CCCCCCC4)cc32)cc1
c1ccc(-n2ncc3ccc(C4CCCCCCC4)cc32)cc1
c1ccc(-n2ncc3ccc(C4CCCCCCC4)cc32)cc1
c1ccc(-n2ncc3ccc(C4CCCCCCC4)cc32)cc1
c1ccc(-n2ncc3ccc(C4CCCCCCC4)cc32)cc1
c1ccc(-n2ncc3ccc(C4CCCCCCC4)cc32)cc1
c1ccc(-n2ncc3ccc(C4CCCCCCC4)cc32)cc1
c1ccc(-n2ncc3ccc(C4CCCCCCC4)cc32)cc1
c1ccc(-n2ncc3ccc(C4CCCCCCC4)cc32)cc1
c1ccc(-n2ncc3ccc(C4CCCCCCC4)cc32)cc1
c1ccc(-n2ncc3ccc(C4CCCCCCC4)cc32)cc1
c1ccc(-n2ncc3ccc(C4CCCCCCC4)cc32)cc1
c1ccc(-n2ncc3ccc(C4CCCCCCC4)cc32)cc1
c1ccc(-n2ncc3ccc(C4CCCCCCC4)cc32)cc1
O=C(NCCCCC1CCCC(c2ccc3cnn(-c4ccccc4)c3c2)CCC1)N1CCC1
O=C(NCCCCC1CCCC(c2ccc3cnn(-c4ccccc4)c3c2)CC1)N1CCC1
O=C(NCCCCC1CCCC(c2ccc3cnn(-c4ccccc4)c3c2)CC1)N1CCC1
c1ccc(-n2ncc3ccc(C4CCCCCC4)cc32)cc1
c1ccc(-n2ncc3ccc(C4CCCCCC4)cc32)cc1
c1ccc(-n2ncc3ccc(C4CCCCCC4)cc32)cc1
c1ccc(-n2ncc3ccc(C4CCCCCC4)cc32)cc1
c1ccc(-n2ncc3ccc(C4CCCCCC4)cc32)cc1
c1ccc(-n2ncc3ccc(C4CCCCCC4)cc32)cc1
c1ccc(-n2ncc3ccc(C4CCCCCC4)cc32)cc1
c1ccc(-n2ncc3ccc(C4CCCCCC4)cc32)cc1
c1ccc(-n2ncc3ccc(C4CCCCCC4)cc32)cc1
c1ccc(-n2ncc3ccc(C4CCCCCC4)cc32)cc1
c1ccc(-n2ncc3ccc(C4CCCCCC4)cc32)cc1
c1ccc(-n2ncc3ccc(C4CCCCCC4)cc32)cc1
c1ccc(-n2ncc3ccc(C4CCCCCC4)cc32)cc1
c1ccc(-n2ncc3ccc(C4CCCCCC4)cc32)cc1
c1ccc(-n2ncc3ccc(C4CCCCCC4)cc32)cc1
c1ccc(-n2ncc3ccc(C4CCCCCC4)cc32)cc1
c1ccc(-n2ncc3ccc(C4CCCCCC4)cc32)cc1
c1ccc(-n2ncc3ccc(C4CCCCCC4)cc32)cc1
c1ccc(-n2ncc3ccc(C4CCCCCCC4)cc32)cc1
c1ccc(-n2ncc3ccc(C4CCCCCCC4)cc32)cc1
c1ccc(-n2ncc3ccc(C4CCCCCCC4)cc32)cc1
c1ccc(-n2ncc3ccc(C4CCCCCCC4)cc32)cc1
c1ccc(-n2ncc3ccc(C4CCCCCCC4)cc32)cc1
c1ccc(-n2ncc3ccc(C4CCCCCCC4)cc32)cc1
c1ccc(-n2ncc3ccc(C4CCCCCCC4)cc32)cc1
c1ccc(-n2ncc3ccc(C4CCCCCCC4)cc32)cc1
c1ccc(-n2ncc3ccc(C4CCCCCCC4)cc32)cc1
c1ccc(-n2ncc3ccc(C4CCCCCCC4)cc32)cc1
c1ccc(-n2ncc3ccc(C4CCCCCCC4)cc32)cc1
c1ccc(-n2ncc3ccc(C4CCCCCCC4)cc32)cc1
c1ccc(-n2ncc3ccc(C4CCCCCC4)cc32)cc1
c1ccc(-n2ncc3ccc(C4CCCCCC4)cc32)cc1
c1ccc(-n2ncc3ccc(C4CCCCCCC4)cc32)cc1
c1ccc(-n2ncc3ccc(C4CCCCCCC4)cc32)cc1
c1ccc(-n2ncc3ccc(C4CCCCCCC4)cc32)cc1
c1ccc(-n2ncc3ccc(C4CCCCCCC4)cc32)cc1
c1ccc(-n2ncc3ccc(C4CCCCCCC4)cc32)cc1
c1ccc(-n2ncc3ccc(C4CCCCCCC4)cc32)cc1
c1ccc(-n2ncc3ccc(C4CCCCCCC4)cc32)cc1
c1ccc(-n2ncc3ccc(C4CCCCCCC4)cc32)cc1
c1ccc(-n2ncc3ccc(C4CCCCCCC4)cc32)cc1
c1ccc(-n2ncc3ccc(C4CCCCCCC4)cc32)cc1
c1ccc(-n2ncc3ccc(C4CCCCCCC4)cc32)cc1
c1ccc(-n2ncc3ccc(C4CCCCCCC4)cc32)cc1
c1ccc(-n2ncc3ccc(C4CCCCCCC4)cc32)cc1
c1ccc(-n2ncc3ccc(C4CCCCCCC4)cc32)cc1
c1ccc(-n2ncc3ccc(C4CCCCCCC4)cc32)cc1
c1ccc(-n2ncc3ccc(C4CCCCCCC4)cc32)cc1
c1ccc(-n2ncc3ccc(C4CCCCCCC4)cc32)cc1
c1ccc(-n2ncc3ccc(C4CCCCCCC4)cc32)cc1
c1ccc(-n2ncc3ccc(C4CCCCCCC4)cc32)cc1
c1ccc(-n2ncc3ccc(C4CCCCCCC4)cc32)cc1
c1ccc(-n2ncc3ccc(C4CCCCCCC4)cc32)cc1
c1ccc(-n2ncc3ccc(C4CCCCCCC4)cc32)cc1
c1ccc(-n2ncc3ccc(C4CCCCCCC4)cc32)cc1
c1ccc(-n2ncc3ccc(C4CCCCCCC4)cc32)cc1
c1ccc(-n2ncc3ccc(C4CCCCCCC4)cc32)cc1
c1ccc(-n2ncc3ccc(C4CCCCCCC4)cc32)cc1
c1ccc(-n2ncc3ccc(C4CCCCCCC4)cc32)cc1
c1ccc(-n2ncc3ccc(C4CCCCCCC4)cc32)cc1
c1ccc(-n2ncc3ccc(C4CCCCCCC4)cc32)cc1
c1ccc(-n2ncc3ccc(C4CCCCCCC4)cc32)cc1
c1ccc(-n2ncc3ccc(C4CCCCCCC4)cc32)cc1
c1ccc(-n2ncc3ccc(C4CCCCCCC4)cc32)cc1
c1ccc(-n2ncc3ccc(C4CCCCCCC4)cc32)cc1
c1ccc(-n2ncc3ccc(C4CCCCCCC4)cc32)cc1
c1ccc(-n2ncc3ccc(C4CCCCCCC4)cc32)cc1
c1ccc(-n2ncc3ccc(C4CCCCCCC4)cc32)cc1
c1ccc(-n2ncc3ccc(C4CCCCCCC4)cc32)cc1
c1ccc(-n2ncc3ccc(C4CCCCCCC4)cc32)cc1
c1ccc(-n2ncc3ccc(C4CCCCCCC4)cc32)cc1
c1ccc(-n2ncc3ccc(C4CCCCCCC4)cc32)cc1
c1ccc(-n2ncc3ccc(C4CCCCCC4)cc32)cc1
c1ccc(-n2ncc3ccc(C4CCCCCC4)cc32)cc1
c1ccc(-n2ncc3ccc(C4CCCCCC4)cc32)cc1
c1ccc(-n2ncc3ccc(C4CCCCCC4)cc32)cc1
c1ccc(-n2ncc3ccc(C4CCCCCC4)cc32)cc1
c1ccc(-n2ncc3ccc(C4CCCCCC4)cc32)cc1
c1ccc(-n2ncc3ccc(C4CCCCCC4)cc32)cc1
c1ccc(-n2ncc3ccc(C4CCCCCC4)cc32)cc1
c1ccc(-n2ncc3ccc(C4CCCCCC4)cc32)cc1
c1ccc(-n2ncc3ccc(C4CCCCCC4)cc32)cc1
c1ccc(-n2ncc3ccc(C4CCCCCC4)cc32)cc1
c1ccc(-n2ncc3ccc(C4CCCCCC4)cc32)cc1
c1ccc(-n2ncc3cccc(C4CCCCCC4)c32)cc1
c1ccc(-n2ncc3cccc(C4CCCCCC4)c32)cc1
c1ccc(-n2ncc3cccc(C4CCCCCC4)c32)cc1
c1ccc(-n2ncc3cccc(C4CCCCCC4)c32)cc1
c1ccc(-n2ncc3cccc(C4CCCCCC4)c32)cc1
c1ccc(-n2ncc3cccc(C4CCCCCC4)c32)cc1
c1ccc(-n2ncc3cccc(C4CCCCCC4)c32)cc1
c1ccc(-n2ncc3cccc(C4CCCCCCC4)c32)cc1
c1ccc(-n2ncc3cccc(C4CCCCCCC4)c32)cc1
c1ccc(-n2ncc3cccc(C4CCCCCCC4)c32)cc1
c1ccc(-n2ncc3cccc(C4CCCCCCC4)c32)cc1
c1ccc(-n2ncc3cccc(C4CCCCCCC4)c32)cc1
c1ccc(-n2ncc3cccc(C4CCCCCCC4)c32)cc1
c1ccc(-n2ncc3cccc(C4CCCCCCC4)c32)cc1
c1ccc(-n2ncc3cccc(C4CCCCCCC4)c32)cc1
c1ccc(-n2ncc3cccc(C4CCCCCCC4)c32)cc1
c1ccc(-n2ncc3cccc(C4CCCCCCC4)c32)cc1
c1ccc(-n2ncc3cccc(C4CCCCCCC4)c32)cc1
c1ccc(-n2ncc3cccc(C4CCCCCCC4)c32)cc1
c1ccc(-n2ncc3cccc(C4CCCCCCC4)c32)cc1
c1ccc(-n2ncc3cccc(C4CCCCCCC4)c32)cc1
c1ccc(-n2ncc3cccc(C4CCCCCCC4)c32)cc1
c1ccc(-n2ncc3cccc(C4CCCCCCC4)c32)cc1
c1ccc(-n2ncc3cccc(C4CCCCCCC4)c32)cc1
c1ccc(-n2ncc3cccc(C4CCCCCCC4)c32)cc1
c1ccc(-n2ncc3cccc(C4CCCCCCC4)c32)cc1
c1ccc(-n2ncc3cccc(C4CCCCCCC4)c32)cc1
c1ccc(-n2ncc3cccc(C4CCCCCCC4)c32)cc1
c1ccc(-n2ncc3cccc(C4CCCCCCC4)c32)cc1
c1ccc(-n2ncc3cccc(C4CCCCCCC4)c32)cc1
c1ccc(-n2ncc3cccc(C4CCCCCCC4)c32)cc1
c1ccc(-n2ncc3cccc(C4CCCCCCC4)c32)cc1
c1ccc(-n2ncc3cccc(C4CCCCCCC4)c32)cc1
c1ccc(-n2ncc3cccc(C4CCCCCCC4)c32)cc1
c1ccc(-n2ncc3cccc(C4CCCCCCC4)c32)cc1
c1ccc(-n2ncc3cccc(C4CCCCCCC4)c32)cc1
c1ccc(-n2ncc3cccc(C4CCCCCCC4)c32)cc1
c1ccc(-n2ncc3cccc(C4CCCCCCC4)c32)cc1
c1ccc(-n2ncc3cccc(C4CCCCCCC4)c32)cc1
c1ccc(-n2ncc3cccc(C4CCCCCCC4)c32)cc1
c1ccc(-n2ncc3cccc(C4CCCCCCC4)c32)cc1
c1ccc(-n2ncc3cccc(C4CCCCCCC4)c32)cc1
c1ccc(-n2ncc3cccc(C4CCCCCCC4)c32)cc1
c1ccc(-n2ncc3cccc(C4CCCCCCC4)c32)cc1
c1ccc(-n2ncc3cccc(C4CCCCCCC4)c32)cc1
c1ccc(-n2ncc3cccc(C4CCCCCCC4)c32)cc1
c1ccc(-n2ncc3cccc(C4CCCCCCC4)c32)cc1
c1ccc(-n2ncc3cccc(C4CCCCCCC4)c32)cc1
c1ccc(-n2ncc3cccc(C4CCCCCCC4)c32)cc1
c1ccc(-n2ncc3cccc(C4CCCCCCC4)c32)cc1
c1ccc(-n2ncc3cccc(C4CCCCCCC4)c32)cc1
c1ccc(-n2ncc3cccc(C4CCCCCCC4)c32)cc1
c1ccc(-n2ncc3cccc(C4CCCCCCC4)c32)cc1
c1ccc(-n2ncc3cccc(C4CCCCCCC4)c32)cc1
c1ccc(-n2ncc3cccc(C4CCCCCCC4)c32)cc1
c1ccc(-n2ncc3cccc(C4CCCCCCC4)c32)cc1
c1ccc(-n2ncc3cccc(C4CCCCCCC4)c32)cc1
c1ccc(-n2ncc3cccc(C4CCCCCCC4)c32)cc1
c1ccc(-n2ncc3cccc(C4CCCCCCC4)c32)cc1
c1ccc(-n2ncc3cccc(C4CCCCCCC4)c32)cc1
c1ccc(-n2ncc3cccc(C4CCCCCCC4)c32)cc1
c1ccc(-n2ncc3cccc(C4CCCCCCC4)c32)cc1
c1ccc(-n2ncc3cccc(C4CCCCCCC4)c32)cc1
c1ccc(-n2ncc3cccc(C4CCCCCCC4)c32)cc1
c1ccc(-n2ncc3cccc(C4CCCCCCC4)c32)cc1
c1ccc(-n2ncc3cccc(C4CCCCCCC4)c32)cc1
c1ccc(-n2ncc3cccc(C4CCCCCCC4)c32)cc1
c1ccc(-n2ncc3cccc(C4CCCCCCC4)c32)cc1
c1ccc(-n2ncc3cccc(C4CCCCCCC4)c32)cc1
c1ccc(-n2ncc3cccc(C4CCCCCCC4)c32)cc1
c1ccc(-n2ncc3cccc(C4CCCCCCC4)c32)cc1
c1ccc(-n2ncc3cccc(C4CCCCCCC4)c32)cc1
c1ccc(-n2ncc3cccc(C4CCCCCCC4)c32)cc1
c1ccc(-n2ncc3cccc(C4CCCCCCC4)c32)cc1
c1ccc(-n2ncc3cccc(C4CCCCCCC4)c32)cc1
c1ccc(-n2ncc3cccc(C4CCCCCCC4)c32)cc1
c1ccc(-n2ncc3cccc(C4CCCCCCC4)c32)cc1
c1ccc(-n2ncc3cccc(C4CCCCCCC4)c32)cc1
c1ccc(-n2ncc3cccc(C4CCCCCCC4)c32)cc1
c1ccc(-n2ncc3cccc(C4CCCCCCC4)c32)cc1
c1ccc(-n2ncc3cccc(C4CCCCCCC4)c32)cc1
c1ccc(-n2ncc3cccc(C4CCCCCCC4)c32)cc1
c1ccc(-n2ncc3cccc(C4CCCCCCC4)c32)cc1
c1ccc(-n2ncc3cccc(C4CCCCCCC4)c32)cc1
c1ccc(-n2ncc3cccc(C4CCCCCCC4)c32)cc1
c1ccc(-n2ncc3cccc(C4CCCCCCC4)c32)cc1
c1ccc(-n2ncc3cccc(C4CCCCCCC4)c32)cc1
c1ccc(-n2ncc3cccc(C4CCCCCCC4)c32)cc1
c1ccc(-n2ncc3cccc(C4CCCCCCC4)c32)cc1
c1ccc(-n2ncc3cccc(C4CCCCCCC4)c32)cc1
c1ccc(-n2ncc3cccc(C4CCCCCCC4)c32)cc1
c1ccc(-n2ncc3cccc(C4CCCCCCC4)c32)cc1
c1ccc(-n2ncc3cccc(C4CCCCCCC4)c32)cc1
c1ccc(-n2ncc3cccc(C4CCCCCCC4)c32)cc1
c1ccc(-n2ncc3cccc(C4CCCCCCC4)c32)cc1
c1ccc(-n2ncc3cccc(C4CCCCCCC4)c32)cc1
c1ccc(-n2ncc3cccc(C4CCCCCCC4)c32)cc1
c1ccc(-n2ncc3cccc(C4CCCCCCC4)c32)cc1
c1ccc(-n2ncc3cccc(C4CCCCCCC4)c32)cc1
c1ccc(-n2ncc3cccc(C4CCCCCCC4)c32)cc1
c1ccc(-n2ncc3cccc(C4CCCCCCC4)c32)cc1
c1ccc(-n2ncc3cccc(C4CCCCCCC4)c32)cc1
c1ccc(-n2ncc3cccc(C4CCCCCCC4)c32)cc1
c1ccc(-n2ncc3cccc(C4CCCCCCC4)c32)cc1
c1ccc(-n2ncc3cccc(C4CCCCCCC4)c32)cc1
c1ccc(-n2ncc3cccc(C4CCCCCC4)c32)cc1
c1ccc(-n2ncc3cccc(C4CCCCCC4)c32)cc1
c1ccc(-n2ncc3cccc(C4CCCCC4)c32)cc1
c1ccc(-n2ncc3cccc(C4CCCC4)c32)cc1
c1ccc(-n2ncc3cccc(C4CCCC4)c32)cc1
c1ccc(-n2ncc3cccc(C4CCCC4)c32)cc1
c1ccc(-n2ncc3cccc(C4CCC4)c32)cc1
c1ccc(-n2ncc3cccc(C4CCC4)c32)cc1
c1ccc(-n2ncc3cccc(C4CCC4)c32)cc1
c1ccc(-n2ncc3cccc(C4CCC4)c32)cc1
c1ccc(-n2ncc3cccc(C4CCC4)c32)cc1
c1ccc(-n2ncc3cccc(C4CCC4)c32)cc1
c1ccc(-n2ncc3cccc(C4CCC4)c32)cc1
c1ccc(-n2ncc3cccc(C4CCC4)c32)cc1
c1ccc(-n2ncc3cccc(C4CCC4)c32)cc1
c1ccc(-n2ncc3cccc(C4CCC4)c32)cc1
c1ccc(-n2ncc3cccc(C4CCCC4)c32)cc1
c1ccc(-n2ncc3cccc(C4CCCC4)c32)cc1
c1ccc(-n2ncc3cccc(C4CCCC4)c32)cc1
c1ccc(-n2ncc3cccc(C4CCC4)c32)cc1
c1ccc(-n2ncc3cccc(C4CCC4)c32)cc1
c1ccc(-n2ncc3cccc(C4CCC4)c32)cc1
c1ccc(-n2ncc3cccc(C4CCC4)c32)cc1
c1ccc(-n2ncc3cccc(C4CCC4)c32)cc1
c1ccc(-n2ncc3cccc(C4CCC4)c32)cc1
c1ccc(-n2ncc3cccc(C4CCC4)c32)cc1
c1ccc(-n2ncc3cccc(C4CCCC4)c32)cc1
c1ccc(-n2ncc3cccc(C4CCCC4)c32)cc1
c1ccc(-n2ncc3cccc(C4CCCC4)c32)cc1
c1ccc(-n2ncc3cccc(C4CCCC4)c32)cc1
c1ccc(-n2ncc3cccc(C4CCC4)c32)cc1
c1ccc(-n2ncc3cccc(C4CCC4)c32)cc1
c1ccc(-n2ncc3cccc(C4CCC4)c32)cc1
c1ccc(-n2ncc3cccc(C4CCC4)c32)cc1
c1ccc(-n2ncc3cccc(C4CCC4)c32)cc1
c1ccc(-n2ncc3cccc(C4CCC4)c32)cc1
c1ccc(-n2ncc3cccc(C4CCC4)c32)cc1
c1ccc(-n2ncc3cccc(C4CCC4)c32)cc1
O=C(NCCCC1(c2cccc3cnn(-c4ccccc4)c23)CCC1)NCCC1CC1
O=C(NCCCC1(c2cccc3cnn(-c4ccccc4)c23)CCC1)NCC1CC1
O=C(NCCCC1(c2cccc3cnn(-c4ccccc4)c23)CCC1)NCC1CC1
O=C(NCCCC1(c2cccc3cnn(-c4ccccc4)c23)CCC1)NCC1CC1
O=C(NCCCC1(c2cccc3cnn(-c4ccccc4)c23)CCC1)NC1CC1
O=C(CC1CC1)NCCCC1(c2cccc3cnn(-c4ccccc4)c23)CCC1
O=C(CC1CC1)NCCCC1(c2cccc3cnn(-c4ccccc4)c23)CCC1
O=C(CC1C=C1)NCCCC1(c2cccc3cnn(-c4ccccc4)c23)CCC1
O=C(NCCCC1(c2cccc3cnn(-c4ccccc4)c23)CCC1)C1=CC1
O=C(NCCCC1(c2cccc3cnn(-c4ccccc4)c23)CCC1)C1=CC1
O=C(NCCCC1(c2cccc3cnn(-c4ccccc4)c23)CCC1)C1=CC1
O=C(NCCCC1(c2cccc3cnn(-c4ccccc4)c23)CCC1)C1=CCC1
O=C(NCCCC1(c2cccc3cnn(-c4ccccc4)c23)CCC1)C1=CCC1
O=C(NCCCC1(c2cccc3cnn(-c4ccccc4)c23)CCC1)C1=CC=C1
O=C(NCCCC1(c2cccc3cnn(-c4ccccc4)c23)CCC1)C1=CCC1
O=C(NCCCC1(c2cccc3cnn(-c4ccccc4)c23)CCC1)C1=CC=C1
O=C(NCCCC1(c2cccc3cnn(-c4ccccc4)c23)CCC1)C1=CC=C1
O=C(NCCCC1(c2cccc3cnn(-c4ccccc4)c23)CCC1)C1=CC=C1
O=C(NCCCC1(c2cccc3cnn(-c4ccccc4)c23)CCC1)C1=CC=C1
O=C(NCCCC1(c2cccc3cnn(-c4ccccc4)c23)CCC1)C1=CC=C1
O=C(NCCCC1(c2cccc3cnn(-c4ccccc4)c23)CCC1)c1cc[nH]c1
O=C(NCCCC1(c2cccc3cnn(-c4ccccc4)c23)CCC1)c1cc[nH]c1
O=C(NCCCC1(c2cccc3cnn(-c4ccccc4)c23)CCCC1)c1cc[nH]c1
O=C(NCCCC1(c2cccc3cnn(-c4ccccc4)c23)CCCC1)c1cc[nH]c1
O=C(NCCCC1(c2cccc3cnn(-c4ccccc4)c23)CCCC1)c1cc[nH]c1
O=C(NCCCC1(c2cccc3cnn(-c4ccccc4)c23)CCC1)c1cc[nH]c1
O=C(NCCCC1(c2cccc3cnn(-c4ccccc4)c23)CCC1)c1cc[nH]c1
O=C(NCCCCC1(c2cccc3cnn(-c4ccccc4)c23)CCC1)c1cc[nH]c1
O=C(NCCCCC1(c2cccc3cnn(-c4ccccc4)c23)CCC1)c1cc[nH]c1
O=C(NCCCC1(c2cccc3cnn(-c4ccccc4)c23)CCC1)c1cc[nH]c1
O=C(NCCCC1(c2cccc3cnn(-c4ccccc4)c23)CCC1)c1cn[nH]c1
O=C(NCCCC1(c2cccc3cnn(-c4ccccc4)c23)CCC1)c1cn[nH]c1
O=C(NCCCC1(c2cccc3cnn(-c4ccccc4)c23)CCC1)c1cn[nH]c1
O=C(NCCCC1(c2cccc3cnn(-c4ccccc4)c23)CCC1)c1cn[nH]c1
O=C(NCCCC1(c2cccc3cnn(-c4ccccc4)c23)CCC1)c1cn[nH]c1
O=C(NCCCC1(c2cccc3cnn(-c4ccccc4)c23)CCC1)c1cn[nH]c1
O=C(NCCCC1(c2cccc3cnn(-c4ccccc4)c23)CCC1)c1cn[nH]c1
O=C(NCCCC1(c2cccc3cnn(-c4ccccc4)c23)CCC1)c1cn[nH]c1
O=C(NCCCC1(c2cccc3cnn(-c4ccccc4)c23)CCC1)c1cn[nH]c1
O=C(NCCCC1(c2cccc3cnn(-c4ccccc4)c23)CCC1)c1cn[nH]c1
O=C(NCCCC1(c2cccc3cnn(-c4ccccc4)c23)CC1)c1cn[nH]c1
O=C(NCCCC1(c2cccc3cnn(-c4ccccc4)c23)CC1)c1cn[nH]c1
O=C(NCCCC1(c2cccc3cnn(-c4ccccc4)c23)CCC1)c1cn[nH]c1
O=C(NCCCC1(c2cccc3cnn(-c4ccccc4)c23)CCC1)c1cn[nH]c1
O=C(NCCCC1(c2cccc3cn[nH]c23)CCC1)c1cnn(-c2ccccc2)c1
O=C(NCCCC1(c2cccc3cn[nH]c23)CCCC1)c1cnn(-c2ccccc2)c1
O=C(NCCCC1(c2ccccc2)CCCC1)c1cnn(-c2ccccc2)c1
O=C(NCCCC1(c2ccccc2)CCCC1)c1cnn(-c2ccccc2)c1
O=C(NCCCC1(c2ccccc2)CCCC1)c1cnn(-c2ccccc2)c1
O=C(NCCCC1(c2ccccc2)CCCC1)c1cnn(-c2ccccc2)c1
O=C(NCCCC1(c2ccccc2)CCC1)c1cnn(-c2ccccc2)c1
O=C(NCCCC1(c2ccccc2)CCC1)c1cnn(-c2ccccc2)c1
O=C(NCCCC1(c2ccccc2)CCC1)c1cnn(-c2ccccc2)c1
O=C(NCCCC1(c2ccccc2)CCC1)c1cnn(-c2ccccc2)c1
O=C(NCCCC1(c2ccccc2)CCC1)c1cnn(-c2ccccc2)c1
O=C(NCCCC1(c2ccccc2)CCC1)c1cnn(-c2ccccc2)c1
O=C(NCCCC1(c2ccccc2)CCC1)c1cnn(-c2ccccc2)c1
O=C(NCCCC1(c2ccccc2)CCC1)c1cnn(-c2ccccc2)c1
c1cncc(COc2ccc3c(c2)CCC2CCCCC32)c1
c1cncc(COc2ccc3c(c2)OCC2CCCCC32)c1
c1cncc(COc2ccc(C3CCCCC3)cc2)c1
c1cncc(COc2ccc(C3CCCCC3)cc2)c1
c1ccc(OCc2cccnc2)cc1
c1ccc(OCc2cccnc2)cc1
c1ccc(COCc2cccnc2)cc1
c1ccc(CCCCOCc2cccnc2)cc1
c1ccc(CCCCOCc2cccnc2)cc1
c1ccc(CCCCOCc2cccnc2)cc1
c1ccc(CCCCOCc2cccnc2)cc1
c1ccc(CCCCOCc2cccnc2)cc1
c1ccc(CCCC2OCc3cccnc32)cc1
c1ccc(CCCC2OCc3cccnc32)cc1
c1ccc(CCCCc2ccccn2)cc1
c1ccc(CCCCc2ccccn2)cc1
c1ccc(CCCCc2ccccn2)cc1
c1ccc(CCCCc2ccccn2)cc1
c1ccc(CCCc2ccccn2)cc1
c1ccc(CCCc2ncccc2N2CO2)cc1
c1ccc(CCCc2ncccc2N2COC2)cc1
c1ccc(CCCc2ncccc2N2CCOC2)cc1
c1ccc(CCCc2ccc(N3CCOC3)cn2)cc1
c1ccc(CCCc2ccc(N3CCOC3)cn2)cc1
c1ccc(CCCc2ccc(N3CCOCC3)cn2)cc1
c1ccc(CCCc2ccc(N3CCOCC3)cc2)cc1
c1ccc(CCCc2ccc(N3CCOCC3)nc2)cc1
c1ccc(CCCc2ccc(N3CCOCC3)nc2)cc1
c1ccc(CCCCc2ccc(N3CCOCC3)nc2)cc1
c1ccc(CCCCc2ccc(N3CCOCC3)nc2)cc1
c1ccc(CCCc2ccc(N3CCOCC3)nc2)cc1
c1ccc(CCCc2ccc(N3CCOCC3)nc2)cc1
c1ccc(CCCc2ccc(N3CCOCC3)nc2)cc1
c1ccc(CCCNc2ccc(N3CCOCC3)nc2)cc1
c1ccc(CCCNc2ccc(N3CCOCC3)nc2)cc1
c1ccc(CCCNc2ccc(N3CCOCC3)nc2)cc1
c1ccc(CCCNc2ccc(N3CCOCC3)nc2)cc1
c1ccc(CCCNc2ccc(N3CCOCC3)nc2)cc1
c1ccc(CCCCCNc2ccc(N3CCOCC3)nc2)cc1
c1ccc(CCCCCNc2ccc(N3CCOCC3)nc2)cc1
c1ccc(CCCCCNc2ccc(N3CCOCC3)nc2)cc1
c1ccc(CCCCNc2ccc(N3CCOCC3)nc2)cc1
c1ccc(CCCCNc2ccc(N3CCOCC3)nc2)cc1
c1ccc(CCCCNc2ccc(N3CCOCC3)nc2)cc1
c1ccc(CCCCNc2ccc(N3CCOCC3)nc2)cc1
c1ccc(CCCCCNc2ccc(N3CCOCC3)nc2)cc1
c1ccc(CCCCCNc2ccc(N3CCOCC3)nc2)cc1
c1ccc(CCCCCNc2ccc(N3CCOCC3)nc2)cc1
c1ccc(CCCCCNc2ccc(N3CCOCC3)nc2)cc1
c1ccc(CCCCCNc2ccc(N3CCOCC3)nc2)cc1
c1ccc(CCCCCNc2ccc(N3CCOCC3)nc2)cc1
c1ccc(CCCCCNc2ccc(N3CCOCC3)nc2)cc1
c1ccc(CCCCCCc2ccc(N3CCOCC3)nc2)cc1
c1ccc(CCCCCCc2ccc(N3CCOCC3)nc2)cc1
c1ccc(CCCCCCc2ccc(N3CCOCC3)nc2)cc1
c1ccc(CCCCCCc2ccc(N3CCOCC3)nc2)cc1
c1ccc(CCCCCCc2ccc(N3CCOCC3)nc2)cc1
c1ccc(CCCCCCc2ccc(N3CCOCC3)nc2)cc1
c1ccc(CCCCCc2ccnc(N3CCOCC3)c2)cc1
c1ccc(CCCCCc2ccnc(N3CCOCC3)c2)cc1
c1ccc(CCCCCc2ccnc(N3CCOCC3)c2)cc1
c1ccc(CCCCCc2ccnc(N3CCOCC3)c2)cc1
c1ccc(CCCCCc2ccnc(N3CCOCC3)c2)cc1
c1ccc(CCCCC2CCc3cnc(N4CCOCC4)cc32)cc1
c1ccc(CCCCC2CCc3cnc(N4CCOCC4)cc32)cc1
c1ccc(CCCCC2Cc3cnc(N4CCOCC4)cc3C2)cc1
c1ccc(CCCCC2Cc3cc(N4CCOCC4)ncc32)cc1
c1ccc(CCCCC2Cc3cc(N4CCOCC4)ncc3N2)cc1
c1ccc(CCCCCC2Cc3cc(N4CCOCC4)ncc3N2)cc1
c1ccc(CCCCCC2Nc3cnc(N4CCOCC4)cc32)cc1
c1ccc(CCCCCC2Nc3cnc(N4CCOCC4)cc32)cc1
c1ccc(CCCCCCC2Nc3cnc(N4CCOCC4)cc32)cc1
C(=CC1Nc2cnc(N3CCOCC3)cc21)CCCCc1ccccc1
C(CCCCc1ccccc1)=C1Nc2cnc(N3CCOCC3)cc21
C(CCCCc1ccccc1)=C1Nc2cnc(N3CCOCC3)cc21
C(CCCCCc1ccccc1)=C1Nc2cnc(N3CCOCC3)cc21
C(CCCCCc1ccccc1)=C1Nc2cnc(N3CCOCC3)cc21
c1ccc(CCCCCc2cc3cc(N4CCOCC4)ncc3[nH]2)cc1
c1ccc(CCCCc2cc3cc(N4CCOCC4)ncc3[nH]2)cc1
c1cncc(COc2ccc3c(c2)CCC2CCCCC32)c1
c1cncc(COc2ccc3c(c2)CCCC3)c1
c1ccc(COc2ccc3c(c2)CCCC3)cc1
c1ccc(COc2ccc3c(c2)CCCC3)cc1
c1ccc(COc2ccc3c(c2)CCCC3)cc1
c1ccc(COc2ccccc2)cc1
c1ccc(COc2ccccc2)cc1
c1ccc(CCc2ccccc2)cc1
c1ccc(CCCc2ccccc2)cc1
c1ccc(CCCc2ccccc2)cc1
c1ccc(CCc2ccccc2)cc1
c1ccc(CCc2ccccc2)cc1
c1ccc(CCCc2ccccc2)cc1
c1ccc(CCCCc2ccccc2)cc1
c1ccc(CCCCc2ccccc2)cc1
c1ccc(CCCc2ccccc2)cc1
c1ccc(CCCc2ccccc2)cc1
c1ccc(CCCc2ccccc2)cc1
c1ccc(CCCc2ccccc2)cc1
c1ccc(CCCCc2ccccc2)cc1
c1ccc(CCCCc2ccccc2)cc1
c1ccc(CCCCc2ccccc2)cc1
c1ccc(CCCCc2ccccc2)cc1
c1ccc(CCCCc2ccccc2)cc1
c1ccc(CCCc2ccccc2)cc1
c1ccc(CCCc2ccccc2)cc1
c1ccc(CCCc2ccccc2)cc1
c1ccc(CCc2ccccc2)cc1
c1ccc(CCc2ccccc2)cc1
c1ccc(CCc2ccccc2)cc1
c1ccc(CCc2ccccc2)cc1
c1ccc(CCc2ccccc2)cc1
c1ccc(CCc2ccccc2)cc1
c1ccc(CCc2ccccc2)cc1
c1ccc(CCCc2ccccc2)cc1
c1ccc(CCCc2ccccc2)cc1
c1ccc(CCCc2ccccc2)cc1
c1ccc(CCCc2ccccc2)cc1
c1ccc(CCCc2ccccc2)cc1
c1ccc(CCCCc2ccccc2)cc1
c1ccc(CCCCc2ccccc2)cc1
c1ccc(CCCCc2ccccc2)cc1
c1ccc(CCCCc2ccccc2)cc1
c1ccc(CCCCc2ccccc2)cc1
c1ccc(CCCCc2ccccc2)cc1
c1ccc(CCCCc2ccccc2)cc1
c1ccc(CCCCc2ccccc2)cc1
c1ccc(CCCCc2ccccc2)cc1
c1ccc(CCCCc2ccccc2)cc1
c1ccc(CCCCc2ccccc2)cc1
c1ccc(CCCCc2ccccc2)cc1
c1ccc(CCCCc2ccccc2)cc1
c1ccc(CCCCc2ccccc2)cc1
c1cncc(COc2ccc3c(c2)CCC2CCCCC32)c1
c1cncc(COc2ccc(C3CCCCC3)cc2)c1
c1ccc(OCc2cccnc2)cc1
c1ccc(OCc2cccnc2)cc1
c1ccc(OCc2cccnc2)cc1
c1ccc(OCc2cccnc2)cc1
c1ccc(COc2ccccc2)cc1
c1ccc(COc2ccccc2)cc1
c1ccc(COc2ccccc2)cc1
c1ccc(Cc2ccccc2)cc1
c1ccc(Cc2ccccc2)cc1
c1ccc(Cc2ccccc2)cc1
c1ccc(CCCCc2ccccc2)cc1
c1ccc(CCCCc2ccccc2)cc1
c1ccc(CCCCc2ccccc2)cc1
c1ccc(CCCCc2ccccc2)cc1
c1ccc(CCCNc2ccccc2)cc1
c1ccc(CCCNc2ccccc2)cc1
c1ccc(CCCNc2ccccc2)cc1
c1ccc(CCCNc2ccccc2)cc1
c1ccc(CCCN2c3ccccc32)cc1
c1ccc(CCCN2c3ccccc32)cc1
c1ccc(CCCN2c3ccccc32)cc1
c1ccc(CCCN2c3ccccc32)cc1
c1ccc(CCCN2c3ccccc32)cc1
c1ccc(CCCN2c3ccccc32)cc1
c1ccc(CCCN2c3ccccc32)cc1
c1ccc(CCCN2c3ccccc32)cc1
c1ccc(CCCN2c3ccccc32)cc1
c1ccc(CCCN2c3ccccc32)cc1
c1ccc(CCCN2c3ccccc32)cc1
c1ccc(CCCCN2c3ccccc32)cc1
c1ccc(CCCCN2c3ccccc32)cc1
c1ccc(CCCCN2c3ccccc32)cc1
c1ccc(CCCCN2c3ccccc32)cc1
c1ccc(CCCCN2c3ccccc32)cc1
c1ccc(CCCCN2c3ccccc32)cc1
c1ccc(CCCCN2Cc3ccccc32)cc1
c1ccc(CCCCN2CCc3ccccc32)cc1
c1ccc(CCCCN2CCc3ccccc32)cc1
c1ccc(CCCCn2ccc3ccccc32)cc1
c1ccc(CCCCn2ccc3ccccc32)cc1
c1ccc(CCCCn2ccc3ccccc32)cc1
c1ccc(CCCCn2ccc3ccccc32)cc1
c1ccc(CCCCn2ccc3ccccc32)cc1
c1ccc(CCCCn2ccc3ccccc32)cc1
c1ccc(CCCCn2ccc3ccccc32)cc1
c1ccc(CCCCn2ccc3ccccc32)cc1
c1ccc(CCCCn2ccc3ccccc32)cc1
c1ccc(CCCCn2ccc3ccccc32)cc1
c1ccc(CCCCn2ccc3ccccc32)cc1
c1ccc(CCCCn2ccc3ccccc32)cc1
c1ccc(CCCCn2ccc3ccccc32)cc1
c1ccc(CCCCn2ccc3ccccc32)cc1
c1ccc(CCCCn2ccc3ccccc32)cc1
c1ccc(CCCCn2ccc3ccccc32)cc1
c1ccc(CCCCn2ccc3ccccc32)cc1
c1ccc(CCCCn2ccc3ccccc32)cc1
c1ccc(CCCCn2ccc3ccccc32)cc1
c1ccc(CCCCn2ccc3ccccc32)cc1
c1ccc(CCCCn2ccc3ccccc32)cc1
c1ccc(CCCCn2ccc3ccccc32)cc1
c1ccc(CCCCn2ccc3ccccc32)cc1
c1ccc(CCCCn2ccc3ccccc32)cc1
c1ccc(CCCCn2ccc3ccccc32)cc1
c1ccc(CCCCn2ccc3ccccc32)cc1
c1ccc(CCCCn2ccc3ccccc32)cc1
c1ccc(CCCCn2ccc3ccccc32)cc1
c1ccc(CCCCn2ccc3ccccc32)cc1
c1ccc(CCCCn2ccc3ccccc32)cc1
c1ccc(CCCCn2ccc3ccccc32)cc1
c1ccc(CCCCn2ccc3ccccc32)cc1
c1ccc(CCCCn2ccc3ccccc32)cc1
c1ccc(CCCCn2ccc3ccccc32)cc1
c1ccc(CCCCn2ccc3ccccc32)cc1
C1=CN(CCCCc2ccccc2)c2ccccc2C1
O=c1ccn(CCCCc2ccccc2)c2ccccc12
O=c1ccn(CCCCc2ccccc2)c2ccccc12
O=c1ccn(CCCCc2ccccc2)c2ccccc12
O=c1ccn(CCCCc2ccccc2)c2ccccc12
O=c1ccn(CCCCc2ccccc2)c2ccccc12
O=C1C=CC2C(=C1)CCC1C2CCC2C(C(=O)CSc3nnc(-c4ccccc4)o3)CCC21
O=C1C=C2CCC3C(CCC4C(C(=O)CSc5nnc(-c6ccccc6)o5)CCC43)C2C1
O=C1C=C2CCC3C(CCC4C(C(=O)CSc5nnc(-c6ccccc6)o5)CC43)C2C1
O=C1C=C2CCC3C(CCC(=O)CSc4nnc(-c5ccccc5)o4)CCCC3C2C1
O=C1C=C2CCC3C(CCC(=O)CSc4nnc(-c5ccccc5)o4)CCCC3C2C1
O=C1C=C2CCCC(CCCCCCC(=O)CSc3nnc(-c4ccccc4)o3)C2C1
O=C1C=C2CCCC(CCCCCCC(=O)CSc3nnc(-c4ccccc4)o3)C2C1
O=C1C=C2CCCC(CCCCCC(=O)CSc3nnc(-c4ccccc4)o3)C2C1
O=C1C=C2CCCC(CCCCCC(=O)CSc3nnc(-c4ccccc4)o3)C2C1
O=C1C=C2CCCC(CCCCCC(=O)CSc3nnc(-c4ccccc4)o3)C2C1
O=C1C=C2CCCC(CCCCCC(=O)CCc3nnc(-c4ccccc4)o3)C2C1
O=C1C=C2CCCC(CCCCCCCCc3nnc(-c4ccccc4)o3)C2C1
O=C1C=C2CCCC(CCCCCCCCc3nnc(-c4ccccc4)o3)C2C1
O=C1C=C2CCCC(CCCCCCCCc3nnc(-c4ccccc4)o3)C2C1
N=C(CCCCCCCCC1CCCC2=CC(=O)CC21)OCc1ccccc1
N=C(CCCCCCCC1CCCC2=CC(=O)CC21)OCc1ccccc1
N=C(CCCCCCCC1CCCC2=CC(=O)CC21)OCc1ccccc1
N=C(CCCCCCCC1CCCC2=CC(=O)CC21)Oc1ccccc1
O=C1C=C2CCCC(CCCc3ccccc3)C2C1
O=C1C=C2CCCC(CCCc3ccccc3)C2C1
O=C1C=C2CCCC(CCCc3ccccc3)C2C1
O=C1C=C2CCCC(CCCc3ccccc3)C2C1
O=C1C=C2CCCC(CC3CCCCCCC3c3ccccc3)C2C1
O=C1C=C2CCCC(CC3CCCCCCN3c3ccccc3)C2C1
O=C1C=C2CCCC(CC3CCCCCN3c3ccccc3)C2C1
O=C1C=C2CCCC(CC3CCCCN3c3ccccc3)C2C1
O=C1C=C2CCCC(CC3CCCN3c3ccccc3)C2C1
O=C1C=C2CCCC(CC3CCCCN3c3ccccc3)C2C1
O=C1C=C2CCCC(CC3=CCCCN3c3ccccc3)C2C1
O=C1C=C2CCCC(CC3=CCCN3c3ccccc3)C2C1
O=C1C=C2CCCC(Cc3cccn3-c3ccccc3)C2C1
O=C1C=C2CCCC(Cc3cccn3-c3ccccc3)C2C1
O=C1C=C2CCCC(Cc3cccn3-c3ccccc3)C2C1
O=C1C=C2CCCC(Cc3cccn3-c3ccccc3)C2C1
O=C1C=C2CCCC(Cc3ccnn3-c3ccccc3)C2C1
O=C1C=C2CCCC(Cc3ccnn3-c3ccccc3)C2C1
C=C1C=C2CCCC(Cc3ccnn3-c3ccccc3)C2C1
C=C1C=C2CCCC(Cc3ccnn3-c3ccccc3)C2C1
C=C1C=C2CCCC(Cc3ccnn3-c3ccccc3)C2C1
C=C1C=C2CCCC(Cc3ccnn3-c3ccccc3)C2C1
C=C1C=C2CCCC(Cc3ccnn3-c3ccccc3)C2C1
C=C1C=C2CCCC(Cc3ccnn3-c3ccccc3)C2C1
C=C1C=C2CCCC(Cc3ccnn3-c3ccccc3)C2C1
C=C1C=C2CCCC(Cc3ccnn3-c3ccccc3)C2C1
C=C1C=C2CCCC(Cc3ccnn3-c3ccccc3)C2C1
C=C1C=C2CCCC(Cc3ccnn3-c3ccccc3)C2C1
N=C1C=C2CCCC(Cc3ccnn3-c3ccccc3)C2C1
N=C1C=C2CCCC(Cc3ccnn3-c3ccccc3)C2C1
N=C1C=C2CCCC(Cc3ccnn3-c3ccccc3)C2C1
N=C1C=C2CCCC(Cc3ccnn3-c3ccccc3)C2C1
N=C1C=C2CCCC(Cc3ccnn3-c3ccccc3)C2C1
N=C1C=C2CCCC(Cc3ccnn3-c3ccccc3)C2C1
N=C1C=C2CCCC(Cc3ccnn3-c3ccccc3)C2C1
N=C1C=C2CCCC(Cc3ccnn3-c3ccccc3)C2C1
N=C1C=C2CCCC(Cc3ccnn3-c3ccccc3)C2C1
N=C1C=C2CCCC(Cc3ccnn3-c3ccccc3)C2C1
N=C1C=C2CCCC(Cc3ccnn3-c3ccccc3)C2C1
N=C1C=C2CCCCC(Cc3ccnn3-c3ccccc3)C2C1
N=C1C=C2CCCCC(Cc3ccnn3-c3ccccc3)C2C1
N=C1C=C2CCCCC(Cc3ccnn3-c3ccccc3)C2C1
N=C1C=C2CCCCC(Cc3ccnn3-c3ccccc3)C2C1
C1=C2CCCCC(Cc3ccnn3-c3ccccc3)C2CC1=NC1CC1
C1=C2CCCCC(Cc3ccnn3-c3ccccc3)C2CC1=C1CC1
C1=C2CCCCC(Cc3ccnn3-c3ccccc3)C2CC1=C1CC1
C1=C2CCCCC(Cc3ccnn3-c3ccccc3)C2CC1=C1CC1
C1=C2CCCCCC(Cc3ccnn3-c3ccccc3)C2CC1=C1CC1
C1=C2CCCCCC(Cc3ccnn3-c3ccccc3)C2CC1=C1CC1
C1=C2CCCCC(Cc3ccnn3-c3ccccc3)C2CC1=C1CC1
C1=C2CCCC(Cc3ccnn3-c3ccccc3)C2CC1=C1CC1
C1=C2CCCC(Cc3ccnn3-c3ccccc3)C2CC1=C1CC1
C1=C2CCCC(Cc3ccnn3-c3ccccc3)C2CC1=C1CCC1
C1=C2CCCC(Cc3ccnn3-c3ccccc3)C2CC1=C1CC1
C=C1C=C2CCCC(Cc3ccnn3-c3ccccc3)C2C1
C=C1C=C2CCCC(Cc3ccnn3-c3ccccc3)C2C1
C=C1C=C2CCCC(Cc3ccnn3-c3ccccc3)C2C1
O=C1COC1=C1C=C2CCCC(Cc3ccnn3-c3ccccc3)C2C1
O=C1COC1=C1C=C2CCCC(Cc3ccnn3-c3ccccc3)C2C1
O=C1CCOC1=C1C=C2CCCC(Cc3ccnn3-c3ccccc3)C2C1
O=C1CCCC1=C1C=C2CCCC(Cc3ccnn3-c3ccccc3)C2C1
O=C1CCCC1=C1C=C2CCCC(Cc3ccnn3-c3ccccc3)C2C1
O=C1CCCC1=C1C=C2CCCC(Cc3ccnn3-c3ccccc3)C2C1
O=C1CCCCC1=C1C=C2CCCC(Cc3ccnn3-c3ccccc3)C2C1
O=C1CCCCCC1=C1C=C2CCCC(Cc3ccnn3-c3ccccc3)C2C1
O=C1CCCCCC1=C1C=C2CCCC(Cc3ccnn3-c3ccccc3)C2C1
O=C1CCCCCC1=C1C=C2CCCC(Cc3ccnn3-c3ccccc3)C2C1
O=C1CCCCC1=C1C=C2CCCC(Cc3ccnn3-c3ccccc3)C2C1
O=C1CCCCC1=C1C=C2CCCC(Cc3ccnn3-c3ccccc3)C2C1
O=C1CCCC1=C1C=C2CCCC(Cc3ccnn3-c3ccccc3)C2C1
O=C1CCC1=C1C=C2CCCC(Cc3ccnn3-c3ccccc3)C2C1
O=C1CCC1=C1C=C2CCCC(Cc3ccnn3-c3ccccc3)C2C1
O=C1CC1=C1C=C2CCCC(Cc3ccnn3-c3ccccc3)C2C1
O=C1CC1C=C1C=C2CCCC(Cc3ccnn3-c3ccccc3)C2C1
O=C1CC1C=C1C=C2CCCC(Cc3ccnn3-c3ccccc3)C2C1
O=C1CC1C=C1C=C2CCCC(Cc3ccnn3-c3ccccc3)C2C1
O=C1CC1C1=CCC2C(=C1)CCCC2Cc1ccnn1-c1ccccc1
C1=C(C2CC2)C=C2CCCC(Cc3ccnn3-c3ccccc3)C2C1
C1=C(C2CC2)C=C2CCCC(Cc3ccnn3-c3ccccc3)C2C1
C1=C(C2CC2)C=C2CCCC(Cc3ccnn3-c3ccccc3)C2C1
C1=C(C2CC2)C=C2CCCC(Cc3ccnn3-c3ccccc3)C2C1
C1=C(C2CC2)C=C2CCCC(Cc3ccnn3-c3ccccc3)C2C1
C1=C(C2=CC2)C=C2CCCC(Cc3ccnn3-c3ccccc3)C2C1
C1=CCC2C(=C1)CCCC2Cc1ccnn1-c1ccccc1
C=C1CC2=C1C=C1CCCC(Cc3ccnn3-c3ccccc3)C1C2
C=C1CC2=C1C=C1CCCC(Cc3ccnn3-c3ccccc3)C1C2
C1=C2CCCC(Cc3ccnn3-c3ccccc3)C2CC2=C1CC2
C1=C2CCCC(Cc3ccnn3-c3ccccc3)C2CC2=C1CC2
C1=C2CCCC(Cc3ccnn3-c3ccccc3)C2CC2=C1CC2
C1=C2CCCC(Cc3ccnn3-c3ccccc3)C2CC2=C1C2
C1=C2CCCC(Cc3ccnn3-c3ccccc3)C2CC2=C1C2
C1=C2CCCC(Cc3ccnn3-c3ccccc3)C2CC2=C1N2
C1=C2CCCC(Cc3ccnn3-c3ccccc3)C2CC2=C1N2
C1=C2CCCC(Cc3ccnn3-c3ccccc3)C2CC2=C1NC2
C1=C2CCCC(Cc3ccnn3-c3ccccc3)C2CC2=C1NC2
C1=C2CCCC(Cc3ccnn3-c3ccccc3)C2CC2=C1NC2
C1=C2CCCCC(Cc3ccnn3-c3ccccc3)C2CC2=C1NC2
C1=C2CCCCC(Cc3ccnn3-c3ccccc3)C2CC2=C1NC2
C1=C2CCCC(Cc3ccnn3-c3ccccc3)C2CC2=C1NC2
C1=CCC2C(=C1)CCCC2Cc1ccnn1-c1ccccc1
C1=C2CCCC(Cc3ccnn3-c3ccccc3)C2CC2=C1NCC2
C1=C2CCCC(Cc3ccnn3-c3ccccc3)C2CC2=C1NCC2
C1=C2CCCC(Cc3ccnn3-c3ccccc3)C2Cc2cc[nH]c21
C1=C2CCCCC(Cc3ccnn3-c3ccccc3)C2Cc2cc[nH]c21
C1=C2CCCCCC(Cc3ccnn3-c3ccccc3)C2Cc2cc[nH]c21
C1=C2CCCCCC(Cc3ccnn3-c3ccccc3)C2Cc2cn[nH]c21
C1=C2CCCCCC(Cc3ccnn3-c3ccccc3)C2Cc2cn[nH]c21
C1=C2CCCCC(Cc3ccnn3-c3ccccc3)C2Cc2cn[nH]c21
C1=C2CCCC(Cc3ccnn3-c3ccccc3)C2Cc2cn[nH]c21
C1=C2CCCC(Cc3ccn[nH]3)C2Cc2cnn(-c3ccccc3)c21
C1=C2CCCC(Cc3ccn[nH]3)C2Cc2cnn(-c3ccccc3)c21
C1=C2CCCC(Cc3ccc[nH]3)C2Cc2cnn(-c3ccccc3)c21
C1=C2CCCC(Cc3ccc[nH]3)C2Cc2cnn(-c3ccccc3)c21
C1=C2CCCC(Cc3ccc[nH]3)C2Cc2cnn(-c3ccccc3)c21
C1=C2CCCC(Cc3ccc[nH]3)C2Cc2cnn(-c3ccccc3)c21
C1=C2CCCC(Cc3ccc[nH]3)C2Cc2cnn(-c3ccccc3)c21
C1=C2CCCC(Cc3ccc[nH]3)C2Cc2cnn(-c3ccccc3)c21
C1=C2CCCC(Cc3ccc[nH]3)C2Cc2cnn(-c3ccccc3)c21
C1=C2CCCC(Cc3ccc[nH]3)C2Cc2cnn(-c3ccccc3)c21
C1=C2CCCC(Cc3ccc[nH]3)C2Cc2cnn(-c3ccccc3)c21
C1=C2CCCC(Cc3ccc[nH]3)C2Cc2cnn(-c3ccccc3)c21
C1=C2CCCC(Cc3ccc[nH]3)C2Cc2cnn(-c3ccccc3)c21
C1=C2CCCC(Cc3ccc[nH]3)C2Cc2cnn(-c3ccccc3)c21
C1=C2CCCC(Cc3ccc[nH]3)C2Cc2cnn(-c3ccccc3)c21
C1=C2CCCC(Cc3ccc[nH]3)C2Cc2cnn(-c3ccccc3)c21
C1=C2CCCC(Cc3ccc[nH]3)C2Cc2cnn(-c3ccccc3)c21
C1=C2CCCC(Cc3ccc[nH]3)C2Cc2cnn(-c3ccccc3)c21
C1=C2CCCC(Cc3ccc[nH]3)C2Cc2cnn(-c3ccccc3)c21
C1=C2CCCC(Cc3ccc[nH]3)C2Cc2cnn(-c3ccccc3)c21
C1=C2CCCC(Cc3ccc[nH]3)C2Cc2cnn(-c3ccccc3)c21
C1=C2CCCC(Cc3ccc[nH]3)C2Cc2cnn(-c3ccccc3)c21
C1=C2CCCCC(Cc3ccc[nH]3)C2Cc2cnn(-c3ccccc3)c21
C1=C2CCCCCC(Cc3ccc[nH]3)C2Cc2cnn(-c3ccccc3)c21
C1=C2CCCCCC(Cc3ccc[nH]3)C2Cc2cnn(-c3ccccc3)c21
C1=C2CCCCCC(Cc3ccco3)C2Cc2cnn(-c3ccccc3)c21
C1=C2CCCCCC(Cc3ccco3)C2Cc2cnn(-c3ccccc3)c21
C1=C2CCCCCC(Cc3ccco3)C2Cc2cnn(-c3ccccc3)c21
C1=C2CCCCC(Cc3ccco3)C2Cc2cnn(-c3ccccc3)c21
C1=C2CCCCC(Cc3ccco3)C2Cc2cnn(-c3ccccc3)c21
C1=C2CCCC(Cc3ccco3)C2Cc2cnn(-c3ccccc3)c21
C1=C2CCCC(Cc3ccco3)C2Cc2cnn(-c3ccccc3)c21
C1=C2CCCC(Cc3ccco3)C2Cc2cnn(-c3ccccc3)c21
C1=C2CCCCC(Cc3ccco3)C2Cc2cnn(-c3ccccc3)c21
C1=C2CCCCCC(Cc3ccco3)C2Cc2cnn(-c3ccccc3)c21
C1=C2CCCCCC(Cc3ccco3)C2Cc2cnn(-c3ccccc3)c21
C1=C2CCCCCC(Cc3ccco3)C2Cc2cnn(-c3ccccc3)c21
C1=C2CCCCCC(Cc3ccoc3)C2Cc2cnn(-c3ccccc3)c21
C1=CC(CC2CCCCCC3=Cc4c(cnn4-c4ccccc4)CC32)=CC1
C1=CC(CC2CCCCCC3=Cc4c(cnn4-c4ccccc4)CC32)=CCC1
C1=C2CCCCCC(Cc3ccccc3)C2Cc2cnn(-c3ccccc3)c21
C1=C2CCCCC(Cc3ccccc3)C2Cc2cnn(-c3ccccc3)c21
C1=C2CCCC(Cc3ccccc3)C2Cc2cnn(-c3ccccc3)c21
C1=C2CCCC(Cc3ccccc3)C2Cc2cnn(-c3ccccc3)c21
C1=C2CCCC(Cc3ccccc3)C2Cc2cnn(-c3ccccc3)c21
C1=C2CCCC(Cc3ccccc3)C2Cc2cnn(-c3ccccc3)c21
C1=C2CCCCC(Cc3ccccc3)C2Cc2cnn(-c3ccccc3)c21
C1=C2CCCCC(Cc3ccccc3)C2Cc2cnn(-c3ccccc3)c21
C1=C2CCCCC(Cc3ccccc3)C2Cc2cnn(-c3ccccc3)c21
C1=C2CCCCC(Cc3ccccc3)C2Cc2cnn(-c3ccccc3)c21
C1=C2CCCCC(Cc3ccccc3)C2Cc2cnn(-c3ccccc3)c21
C1=C2CCCC(Cc3ccccc3)C2Cc2cnn(-c3ccccc3)c21
C1=C2CCCC(Cc3ccccc3)C2Cc2cnn(-c3ccccc3)c21
O=C1C=CC2C(=C1)CCC1C2CCC2C(C(=O)CSc3nccc4ccccc34)CCC21
O=C1C=C2CCC3C(CCC4C(C(=O)CSc5nccc6ccccc56)CCC43)C2C1
O=C1C=C2CCC3C(CCC4C(C(=O)CSc5nccc6ccccc56)CCC43)C2C1
O=C1C=C2CCC3C(CCC4C(C(=O)CSc5nccc6ccccc56)CCC43)C2C1
O=C1C=C(CCC2CCCC3C(C(=O)CSc4nccc5ccccc45)CCC23)CC1
O=C1C=C(CCCCCCC2CCCC2C(=O)CSc2nccc3ccccc23)CC1
O=C1C=C(CCCCCCC2CCCC2C(=O)CSc2nccc3ccccc23)CC1
O=C1C=C(CCCCCCC2CCCC2C(=O)CCc2nccc3ccccc23)CC1
O=C1C=C(CCCCCCC2CCCC2C(=O)NCc2nccc3ccccc23)CC1
O=C1C=C(CCCCCCC2CCCC2C(=O)NCc2nccc3ccccc23)CC1
O=C(NCc1nccc2ccccc12)C1CCCC1
O=C(Nc1nccc2ccccc12)C1CCCC1
O=C(Nc1nccc2ccccc12)C1CCC1
O=C(Nc1nccc2ccccc12)OC1CCC1
O=C(Nc1cccc2ccccc12)OC1CCC1
O=C(Nc1cccc2ccccc12)OC1CC1
O=C(Nc1cccc2ccccc12)OC1CC1
O=C(Nc1cccc2ccccc12)OC1CC1
O=C(Nc1cccc2ccccc12)OC1CC1
O=C(Nc1cccc2ccccc12)OC1CC1
O=C(Nc1cccc2ccccc12)OC1CC1
O=C(Nc1cccc2ccccc12)OC1CC1
O=C(Nc1cccc2ccccc12)OC1CC1CC1CCCC1
O=C(Nc1cccc2ccccc12)OC1CC1CC1CCC1
O=C(Nc1cccc2ccccc12)OC1CC1CC1CCC1
O=C(NC1=CC=CNc2ccccc21)OC1CC1CC1CCC1
O=C(NC1=CC=CNc2ccccc21)OC1CC1CC1CCC1
O=C(NC1=CC=CNc2ccccc21)OC1CC1CC1CC1
O=C(NC1=CC=CNc2ccccc21)OC1CC1
O=C(NC1=CC=CNc2ccccc21)OC1CC1
O=C(NC1=CC=CNc2ccccc21)OC1CC1
O=C(NC1=CC=CNc2ccccc21)OC1CC1
O=C(NC1=CC=CNc2ccccc21)OC1CC1
O=C(NC1=CC=CNc2ccccc21)OC1CC1
O=C(NC1=CC=CNc2ccccc21)OC1CC1
O=C(NC1=CC=CNc2ccccc21)OC1CC1=O
O=C(NC1=CC=CNc2ccccc21)OC1CC1=O
O=C(NC1=CC=CNc2ccccc21)OC1CC1
O=C(NC1=CC=CNc2ccccc21)OC1CC1
O=C(NC1=CC=CNc2ccccc21)OC1CC1
O=C(NC1=CC=CNc2ccccc21)OC1CC1
O=C(NC1=CC=CNc2ccccc21)OC1CC1
O=C(NC1=CC=CNc2ccccc21)OC1CC1
O=C(NC1=CC=CNc2ccccc21)OC1CC1
O=C(NC1=CC=CNc2ccccc21)OC1CC1
O=C(NC1=CC=CNc2ccccc21)OC1CC1
O=C(NC1=CC=CNc2ccccc21)OC1CCC1
O=C(NC1=CC=CNc2ccccc21)OC1CCC1
O=C(NC1=CC=CNc2ccccc21)OC1CCC1
O=C(NC1=CC=CNc2ccccc21)OC1CCC1
O=C(NC1=CC=CNc2ccccc21)OC1CCC1
O=C(NC1=CC=CNc2ccccc21)OC1CCC1
O=C(NC1=CC=CNc2ccccc21)OC1CCC1
O=C(NC1=CC=CNc2ccccc21)OC1CCC1
O=C(NC1=CC=CNc2ccccc21)OC1CC1
O=C(Nc1cccc2c1NC=CC=C2)OC1CC1
O=C(Nc1cccc2c1NC=CC=C2)OC1CC1
O=C(Nc1cccc2c1NC=CC=C2)OC1CC1
O=C(Nc1cccc2c1NC=CC=C2)OC1CC1
O=C(Nc1cccc2c1NC=CC=C2)OC1CC1
O=C(Nc1cccc2c1NC=CC=C2)OC1CC1
O=C(Nc1cccc(-c2ccc[nH]2)c1)OC1CC1
O=C(Nc1cccc(-c2ccc[nH]2)c1)OC1CC1
O=C(Nc1cccc(-c2ccc[nH]2)c1)OC1CCC1
O=C(Nc1cccc(-c2ccc[nH]2)c1)OC1CCC1
O=C(Nc1cccc(-c2ccc[nH]2)c1)OC1CC1
O=C(Nc1cccc(-c2ccc[nH]2)c1)OC1CC1=O
O=C1CC(OC(=O)Nc2cccc(-c3ccc[nH]3)c2)C1
O=C1CC(OC(=O)Nc2cccc(-c3ccc[nH]3)c2)C1
O=C1CC(OC(=O)Nc2cccc(-c3ccc[nH]3)c2)C1
O=C1CC(OC(=O)Nc2cccc(-c3ccc[nH]3)c2)C1
O=C1CC(OC(=O)Nc2cccc(-c3ccc[nH]3)c2)C1
O=C(Nc1ccccc1)OC1CC(=O)C1Cc1ccc[nH]1
O=C1CC(Cc2ccc[nH]2)C(OC(=O)Nc2ccccc2)C1
O=C1CC(CCc2ccc[nH]2)C(OC(=O)Nc2ccccc2)C1
O=C(Nc1ccccc1)OC1CC(=O)C(Cc2ccc[nH]2)C1
O=C(Nc1ccccc1)OC1CC(=O)C(c2ccc[nH]2)C1
O=C(Nc1ccccc1)OC1CC(=O)C(c2ccc[nH]2)C1
O=C(Nc1ccccc1)OC1CC(=O)C(c2ccc[nH]2)C1
O=C(Nc1ccccc1)OC1CCC(c2ccc[nH]2)C(=O)C1
O=C(Nc1ccccc1)OC1CCC(c2ccc[nH]2)C(=O)C1
O=C1CC(OC(=O)Nc2ccccc2)CC(c2ccc[nH]2)C1
O=C1C=C(c2ccc[nH]2)CC(OC(=O)Nc2ccccc2)C1
O=C1C=C(c2ccc[nH]2)CC(OC(=O)Nc2ccccc2)C1
O=C1C=C(c2ccc[nH]2)CC(OC(=O)Nc2ccccc2)C1
O=C(Nc1ccccc1)OC1CCC=C(c2ccc[nH]2)C1
O=C(Nc1ccccc1)OC1CCC=C(c2ccc[nH]2)C1
O=C(Nc1ccccc1)OC1CCC=C(c2ccc[nH]2)C1
O=C(Nc1ccccc1)OC1CCC=C(c2ccc[nH]2)C1
O=C(Nc1ccccc1)OC1CCC=C(c2ccc[nH]2)C1
O=C(Nc1ccccc1)OC1CNCC=C(c2ccc[nH]2)C1
O=C(Nc1ccccc1)OC1CNCC=C(c2ccc[nH]2)C1
O=C(Nc1ccccc1)OC1CNCC=C(c2ccc[nH]2)C1
O=C(Nc1ccccc1)OC1CNCC=C(c2ccc[nH]2)C1
O=C(Nc1ccccc1)OC1CNCC=C(c2ccc[nH]2)C1
O=C(Nc1ccccc1)OC1CNCC=C(c2ccc[nH]2)C1
O=C(Nc1ccccc1)OC1CNCC=C(c2ccc[nH]2)C1
O=C(Nc1ccccc1)OC1CNCC=C(c2ccc[nH]2)C1
O=C(Nc1ccccc1)OC1CNCC=C(c2ccc[nH]2)C1
O=C(Nc1ccccc1)OC1CNCC=C(c2ccc[nH]2)C1
O=C(Nc1ccccc1)OC1CNCC=C(c2ccc[nH]2)C1
O=C(Nc1ccccc1)OC1CNCC=C(c2ccc[nH]2)C1
O=C(Nc1ccccc1)OC1CNCC=C(c2ccc[nH]2)C1
O=C(Nc1ccccc1)OC1CNCC=C(c2ccc[nH]2)C1
O=C(Nc1ccccc1)OC1CNC=C(c2ccc[nH]2)C1
O=C(Nc1ccccc1)OC1CNC=C(c2ccc[nH]2)C1
O=C(Nc1ccccc1)OC1CNC=C(c2ccc[nH]2)C1
O=C(Nc1ccccc1)OC1CNC=C(c2ccc[nH]2)C1
O=C(Nc1ccccc1)OC1CNC(N2CCCC2)=C(c2ccc[nH]2)C1
O=C(Nc1ccccc1)OC1CNC(N2CCCC2)=C(c2ccc[nH]2)C1
O=C(Nc1ccccc1)OC1CNC(N2CCCCC2)=C(c2ccc[nH]2)C1
O=C(Nc1ccccc1)OC1CNC(NC2CCC2)=C(c2ccc[nH]2)C1
O=C(Nc1ccccc1)OC1CNC=C(c2ccc[nH]2)C1
O=C(Nc1ccccc1)OC1CNC=C(c2ccc[nH]2)C1
O=C(Nc1ccccc1)OC1CNC=C(c2ccc[nH]2)C1
O=C(Nc1ccccc1)OC1CNC=C(c2ccc[nH]2)C1
O=C(Nc1ccccc1)OC1CNC=C(c2ccc[nH]2)C1
O=C(Nc1ccccc1)OC1CNC=C(c2ccc[nH]2)C1
O=C(Nc1ccccc1)OC1CNC=C(c2ccc[nH]2)C1
O=C(Nc1ccccc1)OC1CNC=C(c2ccc[nH]2)C1
O=C(Nc1ccccc1)OC1CNC=C(c2ccc[nH]2)C1
O=C(Nc1ccccc1)OC1CNC=C(c2ccc[nH]2)C1
O=C(Nc1ccccc1)OC1CNC=C(c2ccc[nH]2)C1
O=C(Nc1ccccc1)OC1CNC=C(c2ccc[nH]2)C1
O=C(Nc1ccccc1)OC1CNC=C(c2ccc[nH]2)C1
O=C(Nc1ccccc1)OC1CNC=C(c2ccc[nH]2)C1
O=C(Nc1ccccc1)OC1CNC=C(c2ccc[nH]2)C1
O=C(Nc1ccccc1)OC1CNC=C(c2ccc[nH]2)C1
O=C(Nc1ccccc1)OC1CNC=C(c2ccc[nH]2)C1
O=C(Nc1ccccc1)OC1CNC=C(c2ccc[nH]2)C1
O=C(Nc1ccccc1)OC1CNC=C(c2ccc[nH]2)C1
O=C(Nc1ccccc1)OC1CNC=C(c2ccc[nH]2)C1
O=C(Nc1ccccc1)OC1CNC=C(c2ccc[nH]2)C1
O=C(Nc1ccccc1)OC1CNC=C(c2ccc[nH]2)C1
O=C(Nc1ccccc1)OC1CNC=C(c2ccc[nH]2)C1
O=C(Nc1ccccc1)OC1CNC=C(c2ccc[nH]2)C1
O=C(Nc1ccccc1)OC1CNC=C(c2ccc[nH]2)C1
O=C(Nc1ccccc1)OC1CNC=C(c2ccc[nH]2)C1
O=C(Nc1ccccc1)OC1CNC=C(c2ccc[nH]2)C1
O=C(Nc1ccccc1)OC1CNC=C(c2ccc[nH]2)C1
O=C(Nc1ccccc1)OC1CNC=C(c2ccc[nH]2)C1
O=C(Nc1ccccc1)OC1CNC=C(c2ccc[nH]2)C1
O=C(Nc1ccccc1)OC1CNC=C(c2ccc[nH]2)C1
O=C(Nc1ccccc1)OC1CNC=C(c2ccc[nH]2)C1
O=C(Nc1ccccc1)OC1CNC=C(c2ccc[nH]2)C1
O=C(Nc1ccccc1)OC1CNC=C(c2ccc[nH]2)C1
O=C(Nc1ccccc1)OC1CNC=C(c2ccc[nH]2)C1
O=C(Nc1ccccc1)OC1CNC=C(c2ccc[nH]2)C1
O=C(Nc1ccccc1)OC1CNC=C(c2ccc[nH]2)C1
O=C(Nc1ccccc1)OC1CNC=C(c2ccc[nH]2)C1
O=C(Nc1ccccc1)OC1CNC=C(c2ccc[nH]2)C1
O=C(Nc1ccccc1)OC1CNC=C(c2ccc[nH]2)C1
O=C(Nc1ccccc1)OC1CNC=C(c2ccc[nH]2)C1
O=C(Nc1ccccc1)OC1CNC=C(c2ccc[nH]2)C1
O=C(Nc1ccccc1)OC1CNC=C(c2ccc[nH]2)C1
O=C(Nc1ccccc1)OC1CNC=C(c2ccc[nH]2)C1
O=C(Nc1ccccc1)OC1CNC=C(c2ccc[nH]2)C1
O=C(Nc1ccccc1)OC1CNC=C(c2ccc[nH]2)C1
O=C(Nc1ccccc1)OC1CNC=C(c2ccc[nH]2)C1
O=C(Nc1ccccc1)OC1CNC=C(c2ccc[nH]2)C1
O=C(Nc1ccccc1)OC1CNC=C(c2ccc[nH]2)C1
O=C(Nc1ccccc1)OC1CNC=C(c2ccc[nH]2)C1
O=C(Nc1ccccc1)OC1CNC=C(c2ccc[nH]2)C1
O=C(Nc1ccccc1)OC1CNC=C(c2ccc[nH]2)C1
O=C(Nc1ccccc1)OC1CNC=C(c2ccc[nH]2)C1
O=C(Nc1ccccc1)OC1CNC=C(c2ccc[nH]2)C1
O=C(Nc1ccccc1)OC1CNC=C(c2ccc[nH]2)C1
O=C(Nc1ccccc1)OC1CNC=C(c2ccc[nH]2)C1
O=C(Nc1ccccc1)OC1CNC=C(c2ccc[nH]2)C1
O=C(Nc1ccccc1)OC1CNC=C(c2ccc[nH]2)C1
O=C(Nc1ccccc1)OC1CNC=C(c2ccc[nH]2)C1
O=C(Nc1ccccc1)OC1CNC=C(c2ccc[nH]2)C1
O=C(Nc1ccccc1)OC1CNC(C(=O)NC2CC2)=C(c2ccc[nH]2)C1
O=C(Nc1ccccc1)OC1CNC(C(=O)NC2CCC2)=C(c2ccc[nH]2)C1
O=C(Nc1ccccc1)OC1CNC(C(=O)NC2CCCC2)=C(c2ccc[nH]2)C1
O=C(Nc1ccccc1)OC1CNC(C(=O)N2CCCCCC2)=C(c2ccc[nH]2)C1
O=C(Nc1ccccc1)OC1CNC(C(=O)N2CCCCC2)=C(c2ccc[nH]2)C1
O=C(Nc1ccccc1)OC1CNC(CC(=O)N2CCCCC2)=C(c2ccc[nH]2)C1
O=C(Nc1ccccc1)OC1CNC(CC(=O)N2CCCC2)=C(c2ccc[nH]2)C1
O=C(CC1=C(c2ccc[nH]2)CC(OC(=O)Nc2ccccc2)CN1)NC1CCC1
O=C(CC1=C(c2ccc[nH]2)CC(OC(=O)Nc2ccccc2)CN1)NC1COC1
O=C(Nc1ccccc1)OC1CNC=C(c2ccc[nH]2)C1
O=C(CC1=C(c2ccc[nH]2)CC(OC(=O)Nc2ccccc2)CN1)NC1CC1
O=C(Nc1ccccc1)OC1CNC=C(c2ccc[nH]2)C1
O=C(Nc1ccccc1)OC1CNC=C(c2ccc[nH]2)C1
O=C(Nc1ccccc1)OC1CNC=C(c2ccc[nH]2)C1
O=C(Nc1ccccc1)OC1CNC=C(c2ccc[nH]2)C1
O=C(Nc1ccccc1)OC1CNC=C(c2ccc[nH]2)C1
O=C(Nc1ccccc1)OC1CNC=C(c2ccc[nH]2)C1
O=C(Nc1ccccc1)OC1CNC=C(c2ccc[nH]2)C1
O=C(Nc1ccccc1)OC1CNC=C(c2ccc[nH]2)C1
O=C(Nc1ccccc1)OC1CNC=C(c2ccc[nH]2)C1
O=C(Nc1ccccc1)OC1CNC=C(c2ccc[nH]2)C1
O=C(Nc1ccccc1)OC1CNC=C(c2ccc[nH]2)C1
O=C(Nc1ccccc1)OC1CNC=C(c2ccc[nH]2)C1
O=C(Nc1ccccc1)OC1CNC=C(c2ccc[nH]2)C1
O=C(Nc1ccccc1)OC1CNC(CCC2CCOCC2)=C(c2ccc[nH]2)C1
O=C(Nc1ccccc1)OC1CNC(CC2CCOCC2)=C(c2ccc[nH]2)C1
O=C(Nc1ccccc1)OC1CNC=C(c2ccc[nH]2)C1
O=C(Nc1ccccc1)OC1CNC=C(c2ccc[nH]2)C1
O=C(Nc1ccccc1)OC1CNC=C(c2ccc[nH]2)C1
O=C(Nc1ccccc1)OC1CNC(CC2CCO2)=C(c2ccc[nH]2)C1
O=C(Nc1ccccc1)OC1CNC(CC2CCO2)=C(c2ccc[nH]2)C1
O=C(Nc1ccccc1)OC1CNC(CC2CO2)=C(c2ccc[nH]2)C1
O=C(Nc1ccccc1)OC1CNC(CC2CO2)=C(c2ccc[nH]2)C1
O=C(Nc1ccccc1)OC1CNC(CC2=CO2)=C(c2ccc[nH]2)C1
O=C(Nc1ccccc1)OC1CNC(CC2=CC2)=C(c2ccc[nH]2)C1
O=C(Nc1ccccc1)OC1CNC(C2=CC2)=C(c2ccc[nH]2)C1
O=C(Nc1ccccc1)OC1CNC(C2=CC2)=C(c2ccc[nH]2)C1
O=C(Nc1ccccc1)OC1CNc2ccc3cc[nH]c3c2C1
O=C(Nc1ccccc1)OC1CNc2c(C3CO3)cc3cc[nH]c3c2C1
O=C(Nc1ccccc1)OC1CNc2c(C3CO3)cc3cc[nH]c3c2C1
O=C(Nc1ccccc1)OC1CNc2ccc3cc[nH]c3c2C1
O=C(Nc1ccccc1)OC1CNc2ccc3cc[nH]c3c2C1
O=C(Nc1ccccc1)OC1CNc2ccc3cc[nH]c3c2C1
O=C(Nc1ccccc1)OC1CNc2ccc3cc[nH]c3c2C1
O=C(Nc1ccccc1)OC1CNc2ccc3c(c2C1)CNC=C3
O=C(Nc1ccccc1)OC1CNc2ccc3c(c2C1)CCC=C3
O=C(Nc1ccccc1)OC1CNc2ccc3c(c2C1)CCCC=C3
O=C(Nc1ccccc1)OC1CNc2ccc3c(c2C1)CCCC=C3
O=C(Nc1ccccc1)OC1CNc2ccc3c(c2C1)CCC=C3
O=C(Nc1ccccc1)OC1CNc2ccc3c(c2C1)CC=C3
O=C(Nc1ccccc1)OC1CNc2ccc3c(c2C1)CCC=C3
O=C(Nc1ccccc1)OC1CNc2ccc3c(c2C1)CCC=C3
O=C(Nc1ccccc1)OC1CNc2ccc3c(c2C1)CCC=C3
O=C(Nc1ccccc1)OC1CNc2ccc3c(c2C1)CCC=C3
O=C(Nc1ccccc1)OC1CNc2ccc3c(c2C1)CCC=C3
O=C(Nc1ccccc1)OC1CNc2ccc3c(c2C1)CCC=C3
O=C(Nc1ccccc1)OC1CNc2ccc3ccccc3c2C1
O=C(Nc1ccccc1)OC1CNc2ccc3ccccc3c2C1
O=C(Nc1ccccc1)OC1CNc2ccc3ccccc3c2C1
O=C(Nc1ccccc1)OC1CNc2ccc3ccccc3c2C1
O=C(Nc1ccccc1)OC1CNc2ccc3ccccc3c2C1
O=C(Nc1ccccc1)OC1CNc2ccc3cc4cc-4c3c2C1
O=C(Nc1ccccc1)OC1CNc2ccc3cc4cc-4c3c2C1
O=C(Nc1ccccc1)OC1CNc2ccc3cc4cc-4c3c2C1
O=C(Nc1ccccc1)OC1CNc2ccc3cc4cc-4c3c2C1
O=C(Nc1ccccc1)OC1CNc2ccc3ccccc3c2C1
O=C(Nc1ccccc1)OC1CNc2ccc3ccccc3c2C1
O=C(Nc1ccccc1)OC1CNc2ccc3c(C4C=N4)cccc3c2C1
O=C(Nc1ccccc1)OC1CNc2ccc3c(C4=NC4)cccc3c2C1
O=C(Nc1ccccc1)OC1CNc2ccc3c(C4=NCC4)cccc3c2C1
O=C(Nc1ccccc1)OC1CNc2ccc3c(C4=NCC4)cccc3c2C1
O=C(Nc1ccccc1)OC1CNc2ccc3c(C4=NCC4)cccc3c2C1
O=C(Nc1ccccc1)OC1CNc2ccc3c(C4=CCC4)cccc3c2C1
O=C(Nc1ccccc1)OC1CNc2ccc3c(C4=CCC4)cccc3c2C1
O=C(Nc1ccccc1)OC1CNc2ccc3c(C4=CCC4)cccc3c2C1
O=C(Nc1ccccc1)OC1CNc2ccc3c(CC4=CC4)cccc3c2C1
O=C(Nc1ccccc1)OC1CNc2ccc3c(CCC4=CC4)cccc3c2C1
O=C(Nc1ccccc1)OC1CNc2ccc3ccccc3c2C1
O=C(Nc1ccccc1)OC1CNc2ccc3ccccc3c2C1
O=C(Nc1ccccc1)OC1CNc2ccc3c(CC4CC4)cccc3c2C1
O=C(Nc1ccccc1)OC1CNc2ccc3c(CC4CC4)cccc3c2C1
O=C(Nc1ccccc1)OC1CNc2ccc3c(CC4CC4)cccc3c2C1
O=C(Nc1ccccc1)OC1CNc2ccc3c(CC4CC4)cccc3c2C1
O=C(Nc1ccccc1)OC1CNc2ccc3c(C4CC4)cccc3c2C1
O=C(Nc1ccccc1)OC1CNc2ccc3c(C4CC4)cccc3c2C1
O=C(Nc1ccccc1)OC1CNc2ccc3c(C4CC4)cccc3c2C1
O=C(Nc1ccccc1)OC1CNc2ccc3ccccc3c2C1
O=C(Nc1ccccc1)OC1CNc2ccc3ccccc3c2C1
O=C(Nc1ccccc1)OC1CNc2ccc3ccccc3c2C1
O=C(Nc1ccccc1)OC1CNc2ccc3ccccc3c2C1
O=C(Nc1ccccc1)OC1CNc2ccc3ccccc3c2C1
O=C(Nc1ccccc1)OC1CNc2ccc3ccccc3c2C1
O=C(Nc1ccccc1)OC1CNc2ccc3ccccc3c2C1
O=C(Nc1ccccc1)OC1CNc2ccc3ccccc3c2C1
O=C(Nc1ccccc1)OC1CNc2ccc3ccccc3c2C1
O=C(Nc1ccccc1)OC1CNc2ccc3c(C4CCC4)cccc3c2C1
O=C(Nc1ccccc1)OC1CNc2ccc3c(C4CCC4)cccc3c2C1
O=C(Nc1ccccc1)OC1CNc2ccc3c(C4CCCC4)cccc3c2C1
O=C(Nc1ccccc1)OC1CNc2ccc3c(C4CCC4)cccc3c2C1
O=C(Nc1ccccc1)OC1CNc2ccc3c(C4CCN4)cccc3c2C1
O=C(Nc1ccccc1)OC1CNc2ccc3c(C4=NCC4)cccc3c2C1
O=C(Nc1ccccc1)OC1CNc2ccc3c(C4=NCN4)cccc3c2C1
O=C(Nc1ccccc1)OC1CNc2ccc3c(C4=NC=N4)cccc3c2C1
O=C(Nc1ccccc1)OC1CNc2ccc3c(C4=CC=N4)cccc3c2C1
O=C(Nc1ccccc1)OC1CNc2ccc3c(C4=CC=C4)cccc3c2C1
O=C(Nc1ccccc1)OC1CNc2ccc3c(-c4ccc[nH]4)cccc3c2C1
O=C(Nc1ccccc1)OC1CNc2ccc3c(-c4ccc[nH]4)cccc3c2C1
O=C(Nc1ccccc1)OC1CNc2ccc(-c3cccc4cc[nH]c34)cc2C1
O=C(Nc1ccccc1)OC1CNc2ccc(-c3cccc4cc[nH]c34)cc2C1
O=C(Nc1ccccc1)OC1CNc2ccc(-c3cccc4cc[nH]c34)cc2C1
O=C(Nc1ccccc1)OC1CCc2cc(-c3cccc4cc[nH]c34)ccc2NC1
O=C(Nc1ccccc1)OC1CCc2cc(-c3cccc4cc[nH]c34)ccc2NC1
O=C(Nc1ccccc1)OC1CNc2ccc(-c3cccc4cc[nH]c34)cc2C1
O=C(Nc1ccccc1)OC1CNc2ccc(-c3cccc4cc[nH]c34)cc2C1
O=C1C=CC2C(=C1)CCC1C2CCC2C(C(=O)CSc3nccc4ccccc34)CCC21
O=C1C=CC2C(=C1)CCC1C2CCC2C(C(=O)CSc3nccc4ccccc34)CCC21
O=C1C=CC2C(=C1)CCC1C2CCC2C(C(=O)CSc3nccc4ccccc34)CCC21
O=C1C=CC2C(=C1)CCC1C2CCC2C(C(=O)CSc3nccc4ccccc34)CCC21
O=C1C=CC2C(=C1)CCC1C2CCC2C(C(=O)CSc3nccc4ccccc34)CC21
O=C1C=CC2C(=C1)CCC1C2CCC2C(C(=O)CSc3nccc4ccccc34)CC21
O=C(CSc1nccc2ccccc12)C1CC2C3CCCCC3CCC12
O=C(CSc1nccc2ccccc12)C1CC2C3CCCCC3CCC12
O=C(CSc1nccc2ccccc12)C1CC2CCCCC21
O=C(CSc1nccc2ccccc12)C1CCCCCCC1
O=C(CSc1nccc2ccccc12)C1CCCCCCC1
O=C(CSc1nccc2ccccc12)C1CCCCCCC1
O=C(CSc1nccc2ccccc12)C1CCCCCCC1
O=C(CSc1nccc2ccccc12)C1CCCCCCC1
c1ccc2c(SCCCC3CCCCCCC3)nccc2c1
c1ccc2c(SCCCC3CCCCCCC3)nccc2c1
c1ccc2c(SCCCC3CCCCCCC3)nccc2c1
c1ccc2c(CCCCC3CCCCCCC3)nccc2c1
c1ccc2c(CCCC3CCCCCCC3)nccc2c1
c1ccc2c(CCCC3CCCCCCC3)cccc2c1
c1ccc2c(CCCC3CCCCCC3)cccc2c1
c1ccc2c(CCCC3CCCCCC3)cccc2c1
c1ccc2c(CCCC3CCCCC3)cccc2c1
c1ccc2c(CCCC3CCCCC3)cccc2c1
c1ccc2c(CCCC3CCCCC3)cccc2c1
c1ccc2c(CCCC3CCCCC3)cccc2c1
c1ccc2c(CCCC3CCCCC3)cccc2c1
c1ccc2c(CCCC3CCCCC3)cccc2c1
c1ccc2c(CCCC3CCCCCC3)cccc2c1
c1ccc(CCCC2CCCCCC2)c2cccc-2c1
c1ccc(CCCC2CCCCCC2)c2cccc-2c1
c1ccc(CCCC2CCCCCC2)c2cccc-2c1
c1ccc(CCCC2CCCCCC2)c2cccc-2c1
c1ccc(CCCC2CCCCCCC2)c2cccc-2c1
c1ccc(CCCC2CCCCCCC2)c2cccc-2c1
c1ccc(CCCC2CCCC3CC3C2)c2cccc-2c1
c1ccc(CCCC2CCCC3CC3C2)c2cccc-2c1
c1ccc(CCCC2CCCCCC2)c2cccc-2c1
c1ccc(CCCC2CCCCCC2)c2cccc-2c1
c1ccc(CCCC2CCCCC2)c2cccc-2c1
c1ccc(CCCC2CCCC2)c2cccc-2c1
c1ccc(CCCC2CCCC2)c2cccc-2c1
c1ccc(CCCC2CCCC2)c2cccc-2c1
c1ccc(CCCC2CCCC2)c2cccc-2c1
c1ccc(CCCC2CCCC2)c2cccc-2c1
c1ccc(CCCC2CCCC2)c2cccc-2c1
c1ccc(CCC(CC2CCN2)C2CCCC2)c2cccc-2c1
c1ccc(CCC(CC2CN2)C2CCCC2)c2cccc-2c1
c1ccc(CCC(CC2CN2)C2CCCC2)c2cccc-2c1
c1ccc(CCC(CC2CN2)C2CCC2)c2cccc-2c1
c1ccc(CCC(CC2CC2)C2CCC2)c2cccc-2c1
C1=C(CC(CCc2ccccc3cccc2-3)C2CCC2)C1
C1=C(CC(CCc2ccccc3cccc2-3)C2CCCC2)C1
C1=C(CC(CCc2ccccc3cccc2-3)C2CCCC2)C1
C1=C(CC(CCc2ccccc3cccc2-3)C2CCCCC2)C1
C1=C(CC(CCc2ccccc3cccc2-3)C2CCCCC2)C1
c1ccc(CCC(CC2=C3CC32)C2CCCCC2)c2cccc-2c1
C1=C(CC(CCc2ccccc3cccc2-3)C2CCCCC2)C1
C1=C(CC(CCc2ccccc3cccc2-3)C2CCCCC2)NC1
C1=C(CC(CCc2ccccc3cccc2-3)C2CCCCCC2)NC1
C1=C(CC(CCc2ccccc3cccc2-3)C2CCCCCC2)NC1
C1=C(CC(CCc2ccccc3cccc2-3)C2CCCCCCC2)NC1
C1=C(CC(CCc2ccccc3cccc2-3)C2CCCCCCC2)NC1
C1=C(CC(CCc2ccccc3cccc2-3)C2CCCCCC2)NC1
C1=C(CC(CCc2ccccc3cccc2-3)C2CCCCCC2)NC1
C1=C(CC(CCc2ccccc3cccc2-3)C2CCCCCC2)NC1
C1=C(CC(CCc2ccccc3cccc2-3)C2CCCCC2)NC1
C1=C(CC(CCc2ccccc3cccc2-3)C2CCCCC2)NC1
C1=C(CC(CCc2ccccc3cccc2-3)C2CCCCC2)NC1
C1=C(CC(CCc2ccccc3cccc2-3)C2CCCC2)NC1
C1=C(CC(CCc2ccccc3cccc2-3)C2CCCC2)NC1
c1ccc(CCC(Cc2c[nH][nH]2)C2CCCC2)c2cccc-2c1
c1ccc(CCC(Cc2c[nH][nH]2)C2CCCC2)c2cccc-2c1
c1ccc(CCC(Cc2c[nH][nH]2)C2CCCCC2)c2cccc-2c1
c1ccc(CCC(Cc2c[nH][nH]2)C2CCCCC2)c2cccc-2c1
c1ccc(CCC(Cc2c[nH][nH]2)C2CCCCC2)c2cccc-2c1
c1ccc(CCC(Cc2c[nH][nH]2)C2CCCCC2)c2cccc-2c1
c1ccc(CCC(Cc2c[nH][nH]2)C2CCCC2)c2cccc-2c1
c1ccc(CCC(Cc2c[nH][nH]2)C2CCCC2)c2cccc-2c1
c1ccc(CCC(Cc2c[nH][nH]2)C2CCCC2)c2cccc-2c1
c1ccc(CCC(Cc2c[nH][nH]2)C2CCCC2)c2cccc-2c1
c1ccc(CCC(Cc2c[nH][nH]2)C2CCCC2)c2cccc-2c1
c1ccc(CCC(Cc2c[nH][nH]2)C2CCCC2)c2cccc-2c1
c1ccc(CCC(Cc2c[nH][nH]2)C2CCCCC2)c2cccc-2c1
c1ccc(CCC(Cc2c[nH][nH]2)C2CCCCC2)c2cccc-2c1
c1ccc(CCC(Cc2c[nH][nH]2)C2CCCCC2)c2cccc-2c1
c1ccc(CCC(Cc2c[nH][nH]2)C2CCCC2)c2cccc-2c1
c1ccc(CCC(Cc2c[nH][nH]2)C2CCCC2)c2cccc-2c1
c1ccc(CCC(Cc2c[nH][nH]2)C2CCCC2)c2cccc-2c1
c1ccc(CCC(Cc2c[nH][nH]2)C2CCCC2)c2cccc-2c1
c1ccc(CCC(Cc2c[nH][nH]2)C2CCCCC2)c2cccc-2c1
c1ccc(CCC(Cc2c[nH][nH]2)C2CCCCC2)c2cccc-2c1
c1ccc(CCC(Cc2c[nH][nH]2)C2CCCCCC2)c2cccc-2c1
c1ccc(CCC(Cc2c[nH][nH]2)C2CCCCCC2)c2cccc-2c1
C1=C(CC(CCc2ccccc3cccc2-3)C2CCCCCC2)NC1
C1=C(CC(CCc2ccccc3cccc2-3)C2CCCCC2)NC1
C1=C(CC(CCc2ccccc3cccc2-3)C2CCCCC2)NC1
C1=C(CC(CCc2ccccc3cccc2-3)C2CCCCC2)N1
O=c1cc(CC(CCc2ccccc3cccc2-3)C2CCCCC2)[nH][nH]1
O=C1CC=C(CC(CCc2ccccc3cccc2-3)C2CCCCC2)NN1
O=C1CC=C(CC(CCc2ccccc3cccc2-3)C2CCCC2)NN1
O=c1cc(CC(CCc2ccccc3cccc2-3)C2CCCC2)[nH][nH]1
O=C1C=C(CC(CCc2ccccc3cccc2-3)C2CCCC2)CN1
O=C1C=C(CC(CCc2ccccc3cccc2-3)C2CCCC2)CCN1
C=C1C=C(CC(CCc2ccccc3cccc2-3)C2CCCC2)CCN1
C1=C2NCCC(CC(CCc3ccccc4cccc3-4)C3CCCC3)=C12
C1=C2NCC(CC(CCc3ccccc4cccc3-4)C3CCCC3)=C12
C1=CNCC(CC(CCc2ccccc3cccc2-3)C2CCCC2)=C1
c1cncc(CC(CCc2ccccc3cccc2-3)C2CCCC2)c1
c1cncc(CC(CCc2ccccc3cccc2-3)C2CCCC2)c1
c1cncc(CC(CCc2ccccc3cccc2-3)C2CCCCC2)c1
c1cncc(CC(CCc2ccccc3cccc2-3)C2CCCCC2)c1
c1cncc(CC(CCc2ccccc3cccc2-3)C2CCCCC2)c1
c1cncc(CC(CCc2ccccc3cccc2-3)C2CCCCC2)c1
c1cncc(CC(CCc2ccccc3cccc2-3)C2CCCCC2)c1
c1cncc(CC(CCc2ccccc3cccc2-3)C2CCCCC2)c1
c1cncc(CC(CCc2ccccc3cccc2-3)C2CCCCC2)c1
c1cncc(CC(CCc2ccccc3cccc2-3)C2CCCCC2)c1
c1cncc(CC(CCc2ccccc3cccc2-3)C2CCCCC2)c1
c1cncc(CC(CCc2ccccc3cccc2-3)C2CCCCC2)c1
c1cncc(CC(CCc2ccccc3cccc2-3)C2CCCCC2)c1
c1cncc(CC(CCc2ccccc3cccc2-3)C2CCCCC2)c1
c1ccc(CCC(Cc2cnccc2NC2CN2)C2CCCCC2)c2cccc-2c1
c1ccc(CCC(Cc2cnccc2NC2CN2)C2CCCCC2)c2cccc-2c1
c1ccc(CCC(Cc2cnccc2CC2CN2)C2CCCCC2)c2cccc-2c1
c1ccc(CCC(Cc2cnccc2CC2CN2)C2CCCCC2)c2cccc-2c1
c1ccc(CCC(Cc2cnccc2CC2CN2)C2CCCC2)c2cccc-2c1
c1ccc(CCC(Cc2cnccc2CC2CN2)C2CCCC2)c2cccc-2c1
c1ccc(CCC(Cc2cnccc2CC2CN2)C2CCC2)c2cccc-2c1
c1ccc(CCC(Cc2cnccc2CC2CN2)C2CCC2)c2cccc-2c1
c1ccc(CCC(Cc2cnccc2CC2CN2)C2CCC2)c2cccc-2c1
c1ccc(CCC(Cc2cnccc2CC2CN2)C2CCCC2)c2cccc-2c1
c1ccc(CCC(Cc2cnccc2CC2CN2)C2CCCC2)c2cccc-2c1
c1ccc(CCC(Cc2cnccc2CC2CN2)C2CCC2)c2cccc-2c1
c1ccc(CCC(Cc2cnccc2C2CN2)C2CCC2)c2cccc-2c1
c1ccc(CCC(Cc2cnccc2C2CN2)C2CCCC2)c2cccc-2c1
c1ccc(CCC(Cc2cnccc2C2CCN2)C2CCCC2)c2cccc-2c1
C1=C(c2ccncc2CC(CCc2ccccc3cccc2-3)C2CCCC2)NC1
C1=C(c2ccncc2CC(CCc2ccccc3cccc2-3)C2CCCC2)NC1
C1=C(c2ccncc2CC(CCc2ccccc3cccc2-3)C2CCCC2)N1
C1=C(c2ccncc2CC(CCc2ccccc3cccc2-3)C2CCCCC2)N1
C1=C(c2ccncc2NCC(CCc2ccccc3cccc2-3)C2CCCCC2)N1
C1=C(c2ccncc2NCC(CCc2ccccc3cccc2-3)C2CCCCCC2)N1
C1=C(Oc2ccncc2NCC(CCc2ccccc3cccc2-3)C2CCCCCC2)N1
c1ccc(CCC(CC2=C(Oc3ccncc3)N2)C2CCCCCC2)c2cccc-2c1
c1ccc(CCC(CC2=C(Oc3ccncc3)N2)C2CCCCC2)c2cccc-2c1
c1ccc(CCC(CC2=C(Oc3ccncc3)N2)C2CCCCC2)c2cccc-2c1
c1ccc(CCC(CC2=C(Oc3ccncc3)N2)C2CCCC2)c2cccc-2c1
c1ccc(CCC(Cc2coc3ccncc3[nH][nH]2)C2CCCC2)c2cccc-2c1
c1ccc(CCC(Cc2coc3ccncc3[nH][nH]2)C2CCC2)c2cccc-2c1
C1=C(CC(CCc2ccccc3cccc2-3)C2CCC2)Nc2cnccc2O1
c1ccc(CCC(Cc2cc3ccncc3[nH]2)C2CCC2)c2cccc-2c1
c1ccc(CCC(Cc2cc3ccncc3[nH]2)C2CCC2)c2cccc-2c1
c1ccc(CCC(Cc2cc3ccncc3[nH]2)C2CCC2)c2cccc-2c1
c1ccc(CCC(Cc2cc3ccncc3[nH]2)C2CCCC2)c2cccc-2c1
c1ccc(CCC(Cc2cc3ccncc3[nH]2)C2CCCC2)c2cccc-2c1
c1ccc(CCC(Cc2cc3ccncc3[nH]2)C2CCCC2)c2nccc-2c1
c1ccc(CCC(Cc2cc3ccncc3[nH]2)C2CCCC2)c2nccc-2c1
c1ccc(CCC(Cc2cc3ccncc3[nH]2)C2CCCC2)c2nccc-2c1
c1ccc(CCC(Cc2cc3ccncc3[nH]2)C2CCC2)c2nccc-2c1
N=c1cccccc1CCC(Cc1cc2ccncc2[nH]1)C1CCC1
N=c1cccccc1CCC(Cc1cc2ccncc2[nH]1)C1CCC1
N=c1cccccc1CCC(Cc1cc2ccncc2[nH]1)C1CCC1
c1cncc(CCC(Cc2cc3ccncc3[nH]2)C2CCC2)c1
c1cncc(CCC(Cc2cc3ccncc3[nH]2)C2CCC2)c1
c1cncc(CCC(Cc2cc3ccncc3[nH]2)C2CCC2)c1
c1ccc(CCC(Cc2cc3ccncc3[nH]2)C2CCC2)cc1
c1ccc(CCC(Cc2cc3ccncc3[nH]2)C2CCC2)cc1
c1ccc(CCC(Cc2cc3ccncc3[nH]2)C2CCCC2)cc1
O=C1C=CC2C(=C1)CCC1C2CCC2C(C(=O)CSc3nccc4ccccc34)CCC21
O=C1C=CC2C(=C1)CCCC1C2CCC2C(C(=O)CSc3nccc4ccccc34)CCC21
O=C1C=CC2C(=C1)CCCC1C2CCC2C(C(=O)CSc3nccc4ccccc34)CCC21
O=C1C=CC2C(=C1)CCCC1C2CCC2C(C(=O)CSc3cccc4ccccc34)CCC21
O=C1C=CC2C(=C1)CCCC1C2CCC2C(C(=O)CSc3cccc4ccccc34)CCC21
O=C1C=CC2C(=C1)CCCC1C2CCC2C(C(=O)CSc3cccc4ccccc34)CCC21
O=C1C=CC2C(=C1)CCCC1C2CCC2C(OC(=O)CSc3cccc4ccccc34)CCC21
O=C1C=CC2C(=C1)CCCC1C2CCC2C(OC(=O)CSc3cccc4ccccc34)CCC21
O=C1C=CC2C(=C1)CCCC1CC3CCC(OC(=O)CSc4cccc5ccccc45)C3CCC12
O=C1C=CC2C(=C1)CCCC1CC3CCC(OC(=O)COc4cccc5ccccc45)C3CCC12
O=C1C=CC2C(=C1)CCCC1CC3CCC(OC(=O)c4ccc5ccccc5c4)C3CCC12
O=C1C=CC2C(=C1)CCCC1CC3CCC(OC(=O)c4ccc5ccccc5c4)C3CC12
O=C1C=CC2C(=C1)CCCC1CC3CC(OC(=O)c4ccc5ccccc5c4)C3CC12
O=C1C=CC2C(=C1)CCCC1CC3C(CC12)C3OC(=O)c1ccc2ccccc2c1
O=C1C=CC2C(=C1)CCCC1CCC(COC(=O)c3ccc4ccccc4c3)CC12
O=C1C=CC2C(=C1)CCCC1CC(COC(=O)c3ccc4ccccc4c3)CC12
O=C1C=CC2C(=C1)CCCC1CC(COCc3ccc4ccccc4c3)CC12
O=C1C=CC2C(=C1)CCCC1CC(COCc3ccc4ccccc4c3)CC12
C1=CC2C(=CC1)CCCC1CC(COCc3ccc4ccccc4c3)CC12
C1=CC2C(=C1)CCCC1CC(COCc3ccc4ccccc4c3)CC12
C1=CC2C(=C1)CCCC1CC(COc3ccc4ccccc4c3)CC12
C1=C2CCCC3CCCC3C2C(c2ccc3ccccc3c2)=C1
C1=C2CCCCC(C3CC3)C2C(c2ccc3ccccc3c2)=C1
C1=C(C2CCCCC3=CC=C(c4ccc5ccccc5c4)C32)C1
C1=C(C2CCCCC3=CC=C(c4ccc5ccccc5c4)C32)C1
C1=C(C2CCCCC3=CC=C(c4ccc5ccccc5c4)C3O2)C1
C1=C(C2CCCC3=CC=C(c4ccc5ccccc5c4)C3O2)C1
C1=C(C2CCCC3=CC=C(c4ccc5ccccc5c4)C3O2)C1
C1=C(C2CCCC3=CC=C(c4ccc5ccccc5c4)C3O2)C1
C1=C(C2CCCC3C=C(c4ccc5ccccc5c4)C3O2)C1
C1=C(C2CCCCC3C=C(c4ccc5ccccc5c4)C3O2)C1
C1=C(C2CCCCC3=C(c4ccc5ccccc5c4)C3O2)C1
C1=C(C2CCCCC3=C(c4ccc5ccccc5c4)C3O2)NC1
C1=C(C2CCCCC3=C(c4ccc5ccccc5c4)C3O2)NC1
C1=C(C2CCCC3=C(c4ccc5ccccc5c4)C3O2)NC1
C1=C(C2CCC3C=C(c4ccc5ccccc5c4)C3O2)NC1
C1=C(C2CCC3C=C(c4cccc5ccccc45)C3O2)NC1
C1=C(C2CCC3C=C(c4cccc5ccccc45)C3O2)NC1
C1=C(C2CCC3C=C(c4cccc5ccccc45)C3C2)NC1
C1=C(C2CCC3C=C(c4cccc5ccccc45)C3CC2)NC1
C1=C(C2CCCC3C=C(c4cccc5ccccc45)C3CC2)NC1
C1=C(C2=C(c3cccc4ccccc34)C3CCCCCCC23)NC1
C1=C(C2=C(c3cccc4ccccc34)C3CCCCCC23)NC1
C1=C(C2=C(c3cccc4ccccc34)C3CCCCCC23)NC1
C1=C(C2=C(c3cccc4ccccc34)C3CCCCCCC23)NC1
C1=C(C2=C(c3cccc4ccccc34)C3CCCCCCC23)NC1
C1=C(C2=C(c3cccc4ccccc34)C3OCCCCCC23)NC1
C1=C(C2=C(c3cccc4ccccc34)C3OCCCCC23)NC1
C1=C(C2=C(c3cccc4ccccc34)C3OCCCCC3O2)NC1
C1=C(C2=C(c3cccc4ccccc34)C3OCCCCC3C2)NC1
C1=C(C2=C(c3cccc4ccccc34)C3OCCCCCC3C2)NC1
C1=C(C2=C(c3cccc4ccccc34)C3OCCCCCC3C2)NC1
C1=C(C2=C(c3cccc4ccccc34)C3OCCCCC3C2)NC1
C1=C(C2=C(c3cccc4ccccc34)C3OCCCCC3CC2)NC1
C1=C(C2=C(c3cccc4ccccc34)C3OCCCCCC3CC2)NC1
C1=CC2CCCCCOC2C(c2cccc3ccccc23)=C1C1=CCN1
C1=CC2CCCCCOC2C(c2cccc3ccccc23)=C1C1=CCN1
C1=CC2CCCCCOC2C(c2cccc3ccccc23)=C1C1=CCN1
C1=CC2CCCCCOC2C(c2cccc3ccccc23)=C1C1=CCN1
C1=CC2CCCCCOC2C(c2cccc3ccccc23)=C1C1=CCN1
C1=CC2CCCCCOC2C(c2cccc3ccccc23)=C1C1=CCN1
C1=CC2CCCCCOC2C(c2cccc3ccccc23)=C1C1=CCN1
C1=CC2CCCCOC2C(c2cccc3ccccc23)=C1C1=CCN1
C1=CC2CCCCOC2C(c2cccc3ccccc23)=C1C1=CCN1
C1=CC2CCCCOC2C(c2cccc3ccccc23)=C1C1=CCN1
C1=CC2CCCCOC2C(c2cccc3ccccc23)=C1C1=CCN1
C1=CC2CCCOC2C(c2cccc3ccccc23)=C1C1=CCN1
C1=CC2CCCOC2C(c2cccc3ccccc23)=C1C1=CCN1
C1=CC2CCCOC2C(c2cccc3ccccc23)=C1C1=CCN1
C1=CC2CCCOC2C(c2cccc3ccccc23)=C1C1=CCN1
C1=CC2CCCOC2C(c2cccc3ccccc23)=C1C1=CCN1
C1=CC2CCCOC2C(c2cccc3ccccc23)=C1C1=CCN1
C1=CC2CCCOC2C(c2cccc3ccccc23)=C1C1=CCN1
C1=CC2CCCCOC2C(c2cccc3ccccc23)=C1C1=CCN1
C1=CC2CCCCOC2C(c2cccc3ccccc23)=C1C1=CCN1
C1=CC2CCCCOC2C(c2cccc3ccccc23)=C1C1=CCN1
C1=CC2CCCCOC2C(c2cccc3ccccc23)=C1C1=CCN1
C1=CC2CCCCOC2C(c2cccc3ccccc23)=C1C1=CCN1
C1=CC2=C(c3cccc4ccccc34)C3OCCCCC3C=C2NC1
C1=CC2=C(c3cccc4ccccc34)C3OCCCCCC3C=C2NC1
C1=CC2=C(c3cccc4ccccc34)C3OCCCCCC3C=C2NC1
C1=CC2=C(c3cccc4ccccc34)C3OCCCCC3C=C2NC1
C1=CC2=C(c3cccc4ccccc34)C3OCCCC3C=C2NC1
C1=CC2=C(c3cccc4ccccc34)C3OCCCC3C=C2NC1
C1=CC2=C(c3cccc4ccccc34)C3OCCCC3C=C2NC1
C1=CC2=C(c3cccc4ccccc34)C3OCCCC3C=C2NC1
C1=CC2=C(c3cccc4ccccc34)C3OCCCC3C=C2NC1
C1=CC2=C(c3cccc4ccccc34)C3OCCCC3C=C2NC1
C1=CC2=C(c3cccc4ccccc34)C3OCCCC3C=C2NC1
C1=CC2=C(c3cccc4ccccc34)C3OCCCC3C=C2NC1
C1=CC2=C(c3cccc4ccccc34)C3OCCCC3C=C2NC1
C1=CC2=C(c3cccc4ccccc34)C3OCCCC3C=C2NC1
C1=CC2=C(c3cccc4ccccc34)C3OCCCC3C=C2NC1
C1=CC2=C(c3cccc4ccccc34)C3OCCCC3C=C2NC1
C1=CC2=C(c3cccc4ccccc34)C3OCCCC3C=C2NC1
C1=CC2=C(c3cccc4ccccc34)C3OCCCC3CC=C2NC1
C1=CC2=C(c3cccc4ccccc34)C3OCCCC3CC=C2NC1
C1=CC2=C(c3cccc4ccccc34)C3OCCCC3CC=C2NC1
C1=CC2=C(c3cccc4ccccc34)C3OCCCC3CC=C2NC1
C1=CC2=C(c3cccc4ccccc34)C3OCCCCC3CC=C2NC1
C1=CC2=C(c3cccc4ccccc34)C3OCCCCC3CC=C2NC1
C1=Cc2c(cc3ccc4ccccc4c3c2C2CCCCCO2)NC1
C1=Cc2c(cc3ccc4ccccc4c3c2C2CCCCCO2)NC1
C1=Cc2c(ccc(-c3ccccc3)c2C2CCCCCO2)NC1
C1=Cc2c(ccc(-c3ccccc3)c2CC2CCCCC2)NC1
C1=Cc2c(ccc(-c3ccccc3)c2CC2CCCCCC2)NC1
C1=Cc2c(ccc(-c3ccccc3)c2CC2CCCCCC2)NC1
C1=Cc2c(ccc(-c3ccccc3)c2CC2CCCCCCC2)NC1
C1=Cc2c(ccc3c2C(C2CCCCCCC2)OCCc2ccccc2-3)NC1
C1=Cc2c(ccc3c2C(C2CCCCCC2)OCCc2ccccc2-3)NC1
C1=Cc2c(ccc3c2C(C2CCCCCC2)OCc2ccccc2-3)NC1
C1=Cc2c(ccc3c2C(C2CCCCCC2)Oc2ccccc2-3)NC1
C1=Cc2c(ccc3c2C(C2CCCCCC2)Oc2ccccc2-3)NC1
C1=Cc2c(ccc3c2C(C2CCCCCCC2)Oc2ccccc2-3)NC1
C1=Cc2c(ccc3c2C(C2CCCCCCC2)Oc2ccccc2-3)NC1
C1=CC(C2Oc3ccccc3-c3ccc4c(c32)C=CCN4)CCCCC1
C1=CC(C2Oc3ccccc3-c3ccc4c(c32)C=CCN4)CCCCC1
C1=CC(C2Oc3ccccc3-c3ccc4c(c32)C=CCN4)CCCC1
C1=CC(C2Oc3ccccc3-c3ccc4c(c32)C=CCN4)CCC1
O=C1C=CC2C(=C1)CCC1C2CCC2C(C(=O)CSc3nccc4ccccc34)CCC21
O=C1C=CC2C(=C1)CCC1C2CCC2C(C(=O)CSc3nccc4ccccc34)CCC21
O=C1C=CC2C(=C1)CCC1C2CCC2C(C(=O)CSc3nccc4ccccc34)CCC21
O=C1C=C2CCC3C(CCC4C(C(=O)CSc5nccc6ccccc56)CCC43)C2C1
O=C1C=C2CCC3C(CCC4C(C(=O)COc5nccc6ccccc56)CCC43)C2C1
O=C(COc1nccc2ccccc12)C1CCC2C1CCC1C3CCC=C3CCC12
O=C(COc1nccc2ccccc12)C1CCC2C1CCC1C3CCC=C3CCC12
O=C(COc1ccc2cnccc2c1)C1CCC2C1CCC1C3CCC=C3CCC12
O=C(COc1ccc2cnccc2c1)C(C1CC1)C1CCC2C(CCC3=CCCC32)C1
O=C(COc1ccc2cnccc2c1)C(NC1CC1)C1CCC2C(CCC3=CCCC32)C1
O=C(COc1ccc2cnccc2c1)C(NC1CC1)C1CCCC(CCC2=CCCC2)C1
O=C(COc1ccc2cnccc2c1)C(NC1CC1)C1CCCC(CCC2=CCCC2)C1
O=C(COc1ccc2cnccc2c1)C(NC1CC1)C1CCCC(CCC2=CCCC2)C1
O=C(COc1ccc2cnccc2c1)C(NC1CC1)C1CCCC(CCC2=CCCOC2)C1
O=C(COc1ccc2cnccc2c1)C(NC1CC1)C1CCCC(CCC2CCOC2)C1
O=C(COc1ccc2cnccc2c1)C(NC1CC1)C1CCCC(CCCC2CCOC2)C1
O=C(COc1ccc2cnccc2c1)C(NC1CC1)C1CCCC(CCCNC2CCOC2)C1
O=C(COc1ccc2cnccc2c1)C(CCCCCCCCNC1CCOC1)NC1CC1
O=C(COc1ccc2cnccc2c1)C(CCCCCCCCNC1CCOC1)NC1CC1
O=C(COc1ccc2cnccc2c1)C(CCCCCCCCNC1CCOC1)CC1CC1
O=C(COc1ccc2cnccc2c1)C(CCCCCCCCCNC1CCOC1)CC1CC1
O=C(COc1ccc2cnccc2c1)C(CCCCCCCCCNC1CCOC1)C1CC1
O=C(CCCCCCCCCCNC1CCOC1)COc1ccc2cnccc2c1
O=C(CCCCCCCCCCNC1CCOC1)COc1ccc2cnccc2c1
O=C(CCCCCCCCCCNC1CCOC1)COc1ccc2cnccc2c1
O=C(CCCCCCCCCCNC1CCOC1)COc1ccc2cnccc2c1
O=C(CCCCCCCCCCNC1CCOC1)COc1ccc2cnccc2c1
O=C(CCCCCCCCCNC1CCOC1)COc1ccc2cnccc2c1
O=C(CCCCCCCCCNC1CCOC1)COc1ccc2cnccc2c1
O=C(CCCCCCCCCNC1CCOC1)COc1ccc2cnccc2c1
O=C(CCCCCCCCNC1CCOC1)COc1ccc2cnccc2c1
O=C(CCCCCCCNC1CCOC1)COc1ccc2cnccc2c1
O=C(CCCCCCCNC1CCOC1)COc1cccc(C2=CN=C2)c1
O=C(CCCCCCCNC1CCOC1)COc1cccc(C2=CN=C2)c1
O=C(CCCCCCCNC1CCOC1)COc1cccc(C2=CN=C2)c1
O=C(CCCCCCCNC1CCOC1)COc1cccc(C2=CN=C2)c1
O=C(CCCCCCCNC1CCOC1)COc1cccc(C2=CN=C2)c1
O=C(CCCCCCNC1CCOC1)COc1cccc(C2=CN=C2)c1
O=C(CCCCCNC1CCOC1)COc1cccc(C2=CN=C2)c1
O=C(CCCCCNC1CCOC1)COc1cccc(C2=CN=C2)c1
O=C(CCCCCNC1CCOC1)COc1cccc(C2=CN=C2)c1
O=C(CCCCNC1CCOC1)COc1cccc(C2=CN=C2)c1
O=C(CCCCNC1CCOC1)COc1cccc(C2=CN=C2)c1
O=C(CCCCNC1CCOC1)COc1cccc(C2=NC=C2)c1
O=C(CCCCNC1CCOC1)COc1cccc(C2=CC=C2)c1
O=C(CCCCNC1CCOC1)COc1cccc(C2=CC=C2)c1
O=C(CCCCNC1CCOC1)COc1cccc(-c2ccco2)c1
O=C(CCCCNC1CCOC1)COc1cccc(C2=CCO2)c1
O=C(CCCCNC1CCOC1)COc1cccc(C2=CCCO2)c1
O=C(CCCCNC1CCOC1)COc1cccc(C2=CCCO2)c1
N=C(CCCC(=O)COc1cccc(C2=CCCO2)c1)NC1CCOC1
N=C(CCCC(=O)COc1cccc(C2=CCCO2)c1)NC1CCOC1
N=C(CCCC(=O)COc1cccc(C2=CCCO2)c1)NC1CCOC1
N=C(CCCC(=O)COc1cccc(C2=CCO2)c1)NC1CCOC1
N=C(CCCC(=O)COc1cccc(C2=CCO2)c1)NC1CCOC1
O=C(CCCC(=O)NC1CCOC1)COc1cccc(C2=CCO2)c1
O=C(CCCC(=O)NC1CCOC1)COc1cccc(C2=CCCO2)c1
O=C(CCCC(=O)NC1CCOC1)COc1cccc(C2=CCCO2)c1
O=C(CCCC(=O)NC1CCOC1)COc1cccc(C2=CCCO2)c1
O=C(CCCCC(=O)NC1CCOC1)COc1cccc(C2=CCCO2)c1
O=C(CCCCC(=O)NC1CCOC1)COc1cccc(C2=CCCO2)c1
O=C(CCCCC(=O)NC1CCOC1)COc1cccc(C2=CCO2)c1
O=C(CCCC(=O)NC1CCOC1)COc1cccc(C2=CCO2)c1
O=C(CCCC(=O)NC1CCOC1)COc1cccc(C2=CCO2)c1
O=C(CCCC(=O)NC1CCOC1)COc1cccc(C2=CCO2)c1
O=C(CCC(=O)NC1CCOC1)COc1cccc(C2=CCO2)c1
O=C(CCC(=O)NC1CCOC1)COc1cccc(C2=CCCO2)c1
O=C(CCC(=O)NC1CCOC1)COc1cccc(C2=CCCO2)c1
O=C(CCC(=O)NC1CCOC1)COc1cccc(C2=CCCO2)c1
O=C(CCC(=O)NC1CCOC1)COc1cccc(C2=CCCO2)c1
O=C(CCC(=O)NC1CCOC1)COc1cccc(C2=CCCO2)c1
O=C(CCC(=O)NC1CCOC1)COc1cccc(C2=CCCO2)c1
O=C(CCC(=O)NC1CCOC1)COc1cccc(C2=CCCO2)c1
O=C(CCC(=O)NC1CCOC1)COc1cccc(C2=CCCCO2)c1
O=C(CCC(=O)NC1CCOC1)COc1cccc(C2=CCCCCO2)c1
O=C(CCC(=O)NC1CCOC1)COc1cccc(C2=CCCCCO2)c1
O=C(CCC(=O)NC1CCOC1)COc1cccc(C2=CCCCCO2)c1
O=C(CCC(=O)NC1CCOC1)COc1cccc(C2=CCCCCO2)c1
O=C(CCC(=O)NC1CCOC1)COc1cccc(C2=CCCCCO2)c1
O=C(CCC(=O)NC1CCOC1)COc1cccc(C2=CCCCCO2)c1
O=C(CCC(=O)NC1CCOC1)COc1cccc(C2=CCCCCO2)c1
O=C(CCC(=O)NC1CCOC1)COc1cccc(C2=CCCCO2)c1
O=C(CCC(=O)NC1CCOC1)COc1cccc(C2=CCCCCO2)c1
O=C(CCC(=O)NC1CCOC1)COc1cccc(C2=CCCCCO2)c1
O=C(CCC(=O)NC1CCOC1)COc1cccc(C2=CCCCCO2)c1
O=C(CCC(=O)NC1CCOC1)COc1cccc(C2=CCCCCO2)c1
O=C(CCC(=O)NC1CCOC1)COc1cccc(C2=CCCCCO2)c1
O=C(CCC(=O)NC1CCOC1)COc1cccc(C2=CCCCCO2)c1
O=C(CCC(=O)NC1CCOC1)COc1cccc(C2=CCNCCO2)c1
O=C(CCC(=O)NC1CCOC1)COc1cccc(C2=CCNCCO2)c1
O=C(CCC(=O)NC1CCOC1)COc1cccc(C2=CCNCCO2)c1
O=C(CCC(=O)NC1CCOC1)COc1cccc(C2=CCNCCO2)c1
O=C(CCC(=O)NC1CCOC1)COc1cccc(C2=CCNCCO2)c1
O=C(CCC(=O)NC1CCOC1)COc1cccc(C2=CCNCCO2)c1
O=C(CCC(=O)NC1CCOC1)COc1cccc(C2=CCNCCO2)c1
O=C(CCC(=O)NC1CCOC1)COc1cccc(C2=CNCCO2)c1
O=C(CCC(=O)NC1CCOC1)COc1cccc(C2=CNCCO2)c1
O=C(CCC(=O)NC1CCOC1)COc1ccc2c(c1)C=CNCCO2
O=C(CCC(=O)NC1CCOC1)COc1ccc2c(c1)C=NNCCO2
O=C(CCC(=O)NC1CCCOC1)COc1ccc2c(c1)C=NNCCO2
O=C(CCC(=O)NC1CCCOC1)COc1ccc2c(c1)C=NNCCO2
O=C(CCC(=O)NC1CCCOC1)COc1ccc2c(c1)C=NNCCO2
O=C(CCC(=O)NC1CCCOC1)COc1ccc2c(c1)C=NNCCO2
O=C(CCC(=O)NC1CCCOC1)COc1ccc2c(c1)C=NNCCO2
O=C(CCC(=O)NC1CCOC1)COc1ccc2c(c1)C=NNCCO2
O=C(CCC(=O)NC1CCOC1)COc1ccc2c(c1)C=NNCCO2
O=C(CCC(=O)NC1CCOC1)COc1ccc2c(c1)C=NNCCO2
O=C(CCC(=O)NC1CCOC1)COc1ccc2c(c1)C=NNCCO2
O=C(CCC(=O)NC1CCOC1)COc1ccc2c(c1)C=NNCCO2
O=C(CCC(=O)NC1CCOC1)COc1ccc2c(c1)C=NNCO2
O=C(CCC(=O)NC1CCOC1)COc1ccc2c(c1)C=NNCO2
O=C(CCC(=O)NC1CCOC1)COc1ccc2c(c1)C=NNCO2
O=C(CCC(=O)NC1CCOC1)COc1ccc2c(c1)C=NNCCO2
O=C(CCC(=O)NC1CCOC1)COc1ccc2c(c1)C=NNCCO2
O=C(CCC(=O)NC1CCOC1)COc1ccc2c(c1)OCCNN=C2
O=C(CCC(=O)NC1CCOC1)COc1ccc2c(c1)OCNN=C2
O=C(CCC(=O)NC1CCOC1)COc1ccc2c(c1)OCNN=C2
O=C(CCC(=O)NC1CCOC1)COc1ccc2c(c1)OCNN=C2
O=C(CCC(=O)NC1CCOC1)COc1ccc2c(c1)C=NNCO2
O=C(CCC(=O)NC1CCOC1)COc1ccc2c(c1)C=NNCO2
O=C(CCC(=O)NC1CCOC1)COc1ccc2c(c1)C=NNCO2
O=C(CCC(=O)NC1CCOC1)COc1ccc2c(c1)C=NNCO2
O=C(CCC(=O)NC1CCOC1)COc1ccc2c(c1)C=NNCO2
O=C(CCC(=O)NC1CCOC1)COc1ccc2c(c1)C=NNCO2
O=C(CCC(=O)NC1CCOC1)COc1ccc2c(c1)C=NNCO2
O=C(CCC(=O)NC1CCOC1)COc1ccc2c(c1)C=NNCC2
O=C(CCC(=O)NC1CCOC1)COc1ccc2c(c1)C=NNC2
O=C(CCC(=O)NC1CCOC1)COc1ccc2[nH]ncc2c1
O=C(CCC(=O)NC1CCOC1)COc1ccc2[nH]ncc2c1
O=C(CCC(=O)NC1CCOC1)COc1ccc2[nH]ncc2c1
O=C(CCC(=O)NC1CCOC1)COc1ccc2[nH]ncc2c1
O=C(CCC(=O)NC1CCOC1)COc1ccc2c(cnn2C2CC2)c1
O=C(CCC(=O)NC1CCCOC1)COc1ccc2c(cnn2C2CC2)c1
O=C(CCC(=O)NC1CCCOC1)COc1ccc2c(cnn2C2=CC2)c1
O=C(CCC(=O)NC1CCOC1)COc1ccc2c(cnn2C2=CC2)c1
O=C(CCC(=O)NC1CCOC1)COc1ccc2c(cnn2C2=CCC2)c1
O=C(CCC(=O)NC1CCOC1)COc1ccc2c(cnn2C2=CCC2)c1
O=C(CCC(=O)NC1CCOC1)COc1ccc2c(cnn2C2=CC=C2)c1
O=C(CCC(=O)NC1CCOC1)COc1ccc2c(cnn2C2=CC=C2)c1
O=C(CCC(=O)NC1CCOC1)COc1ccc2c(cnn2C2=CC=C2)c1
O=C(CCC(=O)NC1CCOC1)COc1ccc2c(cnn2C2=CC=C2)c1
O=C(CCC(=O)NC1CCOC1)COc1ccc2c(cnn2C2=CC=C2)c1
O=C(CCC(=O)NC1CCOC1)COc1ccc2c(cnn2C2=CC=C2)c1
O=C(CCC(=O)NC1CCOC1)COc1ccc2c(cnn2C2=CC=C2)c1
O=C(NC1CCOC1)C1=CC(n2ncc3ccccc32)=C1
O=C(NC1CCOC1)C1=CC(n2ncc3ccccc32)=C1
O=C(NC1CCOC1)C1=CC(n2ncc3ccccc32)=C1
O=C(NC1CCOC1)C1=CC(n2ncc3ccccc32)=C1
O=C(NC1CCOC1)C1=CC(n2ncc3ccccc32)=C1
O=C(NC1CCOC1)C1=CC(n2ncc3ccccc32)=C1
O=C(NC1CCOC1)C1=CC(n2ncc3ccccc32)=C1
O=C(NC1CCOC1)C1=CC(n2ncc3ccccc32)=C1
O=C(NC1CCOC1)C1=CC(n2ncc3ccccc32)=C1
O=C(NC1CCOC1)C1=CC(n2ncc3ccccc32)=C1
O=C(NC1CCOC1)C1=CC(n2ncc3ccccc32)=C1
O=C(NC1CCOC1)C1=CC(n2ncc3ccccc32)=C1
O=C(NC1CCOC1)C1=CC(n2ncc3ccccc32)=C1
O=C(NC1CCOC1)C1=CC(n2ncc3ccccc32)=C1
O=C(NC1CCOC1)C1=CC(n2ncc3ccccc32)=C1
O=C(NC1CCOC1)C1=CC(n2ncc3ccccc32)=C1
O=C(NC1CCOC1)C1=CC(n2ncc3ccccc32)=C1
O=C(NC1CCOC1)C1=CC(n2ncc3ccccc32)=C1
O=C(NC1CCOC1)C1=CC(n2ncc3ccccc32)=C1
O=C(NC1CCOC1)C1=CC(n2ncc3ccccc32)=C1
O=C(NC1CCOC1)C1=CC(n2ncc3ccccc32)=C1
O=C(NC1CCOC1)C1=CC(n2ncc3ccccc32)=C1
O=C(NC1CCOC1)C1=CCCC(n2ncc3ccccc32)=C1
O=C(NC1CCOC1)c1cccc(-n2ncc3ccccc32)c1
O=C(NC1CCOC1)c1cccc(-n2ncc3ccccc32)c1
O=C(NC1CCOC1)c1cccc(-n2ncc3ccccc32)c1
O=C(NC1CCOC1)c1cccc(-n2ncc3ccccc32)c1
O=C(NC1CCOC1)c1cccc(-n2ncc3ccccc32)c1
O=C(NC1CCOC1)c1cccc(-n2ncc3ccccc32)c1
O=C(NC1CCOCC1)c1cccc(-n2ncc3ccccc32)c1
O=C(NC1CCOCC1)c1cccc(-n2ncc3ccccc32)c1
O=C(NC1CCOC1)c1cccc(-n2ncc3ccccc32)c1
O=C(NC1CCOC1)c1cccc(-n2ncc3ccccc32)c1
O=C(NC1CCOC1)c1cccc(-n2ncc3ccccc32)c1
O=C(NC1CCOC1)c1cccc(-n2ncc3ccccc32)c1
O=C(NC1CCOC1)c1cccc(-n2ncc3ccccc32)c1
O=C(NC1CCOC1)c1cccc(-n2ncc3ccccc32)c1
O=C(NC1CCOC1)c1cccc(-n2ncc3ccccc32)c1
O=C(NC1CCOC1)c1cccc(-n2ncc3ccccc32)c1
O=C(NC1CCOC1)c1cccc(-n2ncc3ccccc32)c1
O=C(NC1CCOC1)c1cccc(-n2ncc3ccccc32)c1
O=C(NC1CCOC1)c1cccc(-n2ncc3ccccc32)c1
O=C(NC1CCOC1)c1cccc(-n2ncc3ccccc32)c1
O=C(NC1CCOC1)c1cccc(-n2ncc3ccccc32)c1
O=C(NC1CCOC1)c1cccc(-n2ncc3ccccc32)c1
O=C(NC1CCOC1)c1cccc(-n2ncc3ccccc32)c1
O=C(NC1CCOC1)c1cccc(-n2ncc3ccccc32)c1
O=C(NC1CCOC1)c1cccc(-n2ncc3ccccc32)c1
O=C(NC1CCOC1)c1cccc(-n2ncc3ccccc32)c1
O=C(NC1CCOC1)c1cccc(-n2ncc3ccccc32)c1
O=C(NC1CCOC1)c1cccc(-n2ncc3ccccc32)c1
O=C(NC1CCOC1)c1cccc(-n2ncc3cc(OCC4CNC4)ccc32)c1
O=C(NC1CCOC1)c1cccc(-n2ncc3ccccc32)c1
O=C(NC1CCOC1)c1cccc(-n2ncc3ccccc32)c1
O=C(NC1CCOC1)c1cccc(-n2ncc3cc(OCC4CNNC4)ccc32)c1
O=C(NC1CCOC1)c1cccc(-n2ncc3cc(OCC4CNNC4)ccc32)c1
O=C(NC1CCOC1)c1cccc(-n2ncc3cc(OCC4CNNC4)ccc32)c1
O=C(NC1CCOC1)c1cccc(-n2ncc3cc(OCC4=CNNC4)ccc32)c1
O=C(NC1CCOC1)c1cccc(-n2ncc3cc(OCC4=CNC4)ccc32)c1
O=C(NC1CCOC1)c1cccc(-n2ncc3cc(OCC4=CCC4)ccc32)c1
O=C(NC1CCOC1)c1cccc(-n2ncc3cc(OCC4=CCC4)ccc32)c1
O=C(NC1CCOC1)c1cccc(-n2ncc3cc(OCC4=CCC4)ccc32)c1
O=C(NC1CCOC1)c1cccc(-n2ncc3cc(OCC4=CCC4)ccc32)c1
O=C(NC1CCOC1)c1cccc(-n2ncc3cc(OCC4=CCC4)ccc32)c1
O=C(NC1CCOC1)c1cccc(-n2ncc3cc(OCC4=CCCC4)ccc32)c1
O=C(NC1CCOC1)c1cccc(-n2ncc3cc(OCC4=CCCC4)ccc32)c1
O=C(NC1CCOC1)c1cccc(-n2ncc3cc(OCC4=CCCC4)ccc32)c1
O=C(NC1CCOC1)c1cccc(-n2ncc3cc(OCC4=CCC4)ccc32)c1
O=C(NC1CCOC1)c1cccc(-n2ncc3cc(OCC4=CCC4)ccc32)c1
O=C(NC1CCOC1)c1cccc(-n2ncc3cc(OCC4=CC4)ccc32)c1
O=C(NC1CCOC1)c1cccc(-n2ncc3cc(OCC4=CC4)ccc32)c1
O=C(NC1CCOC1)c1cccc(-n2ncc3cc(OCC4=CC4)ccc32)c1
O=C(NC1CCOC1)c1cccc(-n2ncc3cc(OCC4=CC4)ccc32)c1
O=C(NC1CCOC1)c1cccc(-n2ncc3cc(OCC4=CC4)ccc32)c1
O=C(NC1CCOC1)c1cccc(-n2ncc3cc(OCC4=CC4)ccc32)c1
O=C(NC1CCOC1)c1cccc(-n2ncc3cc(OCC4=CC4)ccc32)c1
O=C(NC1CCOC1)c1cccc(-n2ncc3cc(OCC4=CC4)ccc32)c1
O=C(NC1CCOC1)c1cccc(-n2ncc3cc(OCC4=CC4)ccc32)c1
O=C(NC1CCOC1)c1cccc(-n2ncc3cc(OCC4=CC4)ccc32)c1
O=C(NC1CCOC1)c1cccc(-n2ncc3cc(OCC4=CCC4)ccc32)c1
O=C(NC1CCOC1)c1cccc(-n2ncc3cc(OCC4=CC=C4)ccc32)c1
O=C(NC1CCOC1)c1cccc(-n2ncc3cc(OCC4=CC=C4)ccc32)c1
O=C(NC1CCOC1)c1cccc(-n2ncc3cc(OCC4=CC=C4)ccc32)c1
O=C(NC1CCOC1)c1cccc(-n2ncc3cc(OCC4=CC=C4)ccc32)c1
O=C(NC1CCOC1)c1cccc(-n2ncc3cc(OCC4=CC=C4)ccc32)c1
O=C(NC1CCOC1)c1cccc(-n2ncc3cc(OCc4cc5cnc4-5)ccc32)c1
O=C(NC1CCOC1)c1cccc(-n2ncc3cc(OCc4cc5ccc4-5)ccc32)c1
O=C(NC1CCOC1)c1cccc(-n2ncc3cc(OCc4cc5ccc4-5)ccc32)c1
O=C(NC1CCOC1)c1cccc(-n2ncc3cc(OCc4ccccc4)ccc32)c1
O=C(NC1CCOC1)c1cccc(-n2ncc3cc(OCc4ccccc4)ccc32)c1
O=C(NC1CCOC1)c1cccc(-n2ncc3cc(OCc4ccccc4)ccc32)c1
O=C(NC1CCOC1)c1cccc(-n2ncc3cc(OCc4ccccc4)ccc32)c1
O=C(NC1CCOC1)c1cccc(-n2ncc3cc(OCc4ccccc4)ccc32)c1
O=C(NC1CCOC1)c1cccc(-n2ncc3cc(OCc4ccccc4)ccc32)c1
O=C(NC1CCOC1)c1cccc(-n2ncc3cc(OCc4ccc5c(c4)OCCC5)ccc32)c1
O=C(NC1CCOC1)c1cccc(-n2ncc3cc(OCc4ccc5c(c4)OCCC5)ccc32)c1
O=C(NC1CCOC1)c1cccc(-n2ncc3cc(OCc4ccc5c(c4)OCCC5)ccc32)c1
O=C(NC1CCOC1)c1cccc(-n2ncc3cc(OCc4ccc5c(c4)OCCO5)ccc32)c1
O=C(NC1CCOC1)c1cccc(-n2ncc3cc(OCc4ccc5c(c4)OCCO5)ccc32)c1
O=C1C=CC2C(=C1)CCC1C2CCC2C(C(=O)CSc3nccc4ccccc34)CCC21
O=C1C=CC2C(=C1)CCC1C2CCC2C(C(=O)CSc3cccc4ccccc34)CCC21
O=C1C=CC2C(=C1)CCC1C2CCC2C(C(=O)CSc3ccc4cccccc3-4)CCC21
O=C1C=CC2C(=C1)CCC1C2CCC2C(C(=O)CSc3ccc4cccccc3-4)CCC21
O=C1C=CC2C(=C1)CCC1C2CCC2C(C(=O)CSc3ccc4cccccc3-4)CCC21
O=C1C=CC2C(=C1)CCC1C2CCC2C(C(=O)CSc3ccc4cccccc3-4)CCC21
O=C1C=CC2C(=C1)CCC1C2CCC2C(C(=O)CSc3ccc4cccccc3-4)CCC21
O=C1C=CC2C(=C1)CCC1C2CCC2C(C(=O)CNc3ccc4cccccc3-4)CCC21
O=C1C=CC2C(=C1)CCC1C2CCC2C(CCNc3ccc4cccccc3-4)CCC21
O=C1C=CC(C2CCC3C(CCNc4ccc5cccccc4-5)CCC3C2)C=C1
O=C1C=CC(C2CCC(CCCNc3ccc4cccccc3-4)CC2)C=C1
O=C1C=CC(C2CCC(CCNc3ccc4cccccc3-4)CC2)C=C1
O=C1C=CC(C2CCC(CCNc3ccc4cccccc3-4)CC2)C1
O=C1C=CC1C1CCC(CCNc2ccc3cccccc2-3)CC1
O=C1C=CC(C2CCC(CCNc3ccc4cccccc3-4)CC2)N1
O=C1C=CC(C2CCC(CCNc3ccc4cccccc3-4)CC2)N1
O=C1CC(C2CCC(CCNc3ccc4cccccc3-4)CC2)N1
O=C1CC(C2CCC(CCNc3ccc4cccccc3-4)CC2)N1
O=C1CC(C2CCC(CCNc3ccc4cccccc3-4)CC2)N1
O=C1CC(C2CCC(CCNc3ccc4cccccc3-4)CC2)N1
O=C1CC(C2CCC(CCNc3ccc4cccccc3-4)CC2)N1
O=C1CC(C2CCC(CCNc3ccc4cccccc3-4)CC2)N1
O=C1CC(C2CCC(CCNc3ccc4cccccc3-4)CC2)N1
O=C1CC(CCCCC(CNc2ccc3cccccc2-3)C2CCCCC2)N1
O=C1NC1CCCCC(CNc1ccc2cccccc1-2)C1CCCCC1
O=C1NC1CCCCC(CNc1ccc2cccccc1-2)C1CCCCC1
O=C1NC1CCCC(CNc1ccc2cccccc1-2)C1CCCCC1
O=C1NC1CCC(CNc1ccc2cccccc1-2)C1CCCCC1
O=C1NC1CCC(CNc1ccc2cccccc1-2)C1CCCCC1
O=C1NC1CC(CNc1ccc2cccccc1-2)C1CCCCC1
O=C1NC1CC(CNc1ccc2cccccc1-2)C1CCCCC1
O=C1NC1CC(CNc1ccc2cccccc1-2)C1CCCCC1
O=C1NC1CC(CNc1ccc2cccccc1-2)C1CCCCC1
O=C1NC1CC(CNc1ccc2cccccc1-2)C1CCCCC1
O=C1NC1CC(CNc1ccc2ccnccc1-2)C1CCCCC1
O=C1NC1CC(CNc1ccc2ccnccc1-2)C1CCCCCC1
O=C1NC1CC(CNc1ccc2cccccc1-2)C1CCCCCC1
O=C1NC1CC(CNc1ccc2cccccc1-2)C1CCCCCC1
O=C1NC1CC(CNc1ccc2cccccc1-2)C1CCCCC1
O=C1NC1CC(CNc1ccc2cccccc1-2)C1CCCCC1
O=C1NC1CC(CNc1ccc2cccccc1-2)C1CCCCC1
O=C1NC1CC(CCNc1ccc2cccccc1-2)C1CCCCC1
O=C1NC1CC(CCNc1ccc2cccccc1-2)C1CCCCC1
O=C1NC1CC(CCNc1ccc2cccccc1-2)C1CCCCC1
O=C1NC1CC(CCNc1ccc2cccccc1-2)C1CCCCC1
O=C1NC1CC(CCNc1ccc2cccccc1-2)C1CCCCC1
O=C1NC1CC(CCNc1ccc2cccccc1-2)C1CCCC1
O=C1NC1CC(CCNc1ccc2cccccc1-2)C1CCC1
O=C1NC1CC(CNc1ccc2cccccc1-2)C1CCC1
O=C1NC1CC(CNc1ccc2cccccc1-2)C1CCC1
O=C1NC1CC(CNc1ccc2cccccc1-2)C1CCC1
O=C1NC1CC(CNc1ccc2cccccc1-2)C1CCC1
O=C1NC1CC(CNc1ccc2cccccc1-2)C1CCC1
O=C1NC1CC(CNc1ccc2cccccc1-2)C1CC1
O=C1NC1CC(CCNc1ccc2cccccc1-2)C1CC1
O=C1NC1CC(CCNc1ccc2cccccc1-2)C1CC1
O=C1NC1CC(CNc1ccc2cccccc1-2)C1CC1
O=C1NC1CC(CNc1ccc2cccccc1-2)C1CC1
O=C1NC1CC(CNc1ccc2cccccc1-2)C1CC1
O=C1NC1CC(CNc1ccc2cccccc1-2)C1CC1
O=C1NC1CCC(CNc1ccc2cccccc1-2)C1CC1
O=C1NC1CCC(CNc1ccc2cccccc1-2)C1CC1
O=C1NC1CCC(CNc1ccc2cccccc1-2)C1CC1
O=C1NC1CCC(CNc1ccc2cccccc1-2)C1CC1
O=C1NC1CC(CNc1ccc2cccccc1-2)C1CC1
O=C1NC1C(CNc1ccc2cccccc1-2)C1CC1
O=C1NC1C(Nc1ccc2cccccc1-2)C1CC1
O=C1NC1C(Nc1ccc2cccccc1-2)C1CC1
O=C1NC1CNc1ccc2cccccc1-2
O=C1NC1CNc1ccc2cccccc1-2
O=C1NC1C1Cc2ccccc3ccc(c2-3)N1
O=C1NC1C1Nc2ccc3ccccc1c2-3
O=C1NC1CNc1ccc2cccccc1-2
O=C1NC1CNc1ccc2cccccc1-2
O=C1NC1Nc1ccc2cccccc1-2
O=C1NC1Nc1ccc2cccccc1-2
O=C1NC1Nc1ccc2cccccc1-2
O=C1NC1Nc1ccc2cccc3c(c1-2)C3
O=C1NC1Nc1ccc2cccc3c(c1-2)C3
O=C1NC1Nc1ccc2cccc3c(c1-2)CS3
O=C1NC1Nc1ccc2cccc3c(c1-2)CS3
O=C1NC1Nc1ccc2cccc3c(c1-2)CS3
O=C1NC1Nc1ccc2cccc3c(c1-2)CCS3
O=C1NC1Nc1ccc2cccc3c(c1-2)CCS3
O=C1NC1Nc1ccc2cccc3sccc3c1-2
O=C1NC1Nc1ccc2ccc3ccsc3cc1-2
O=C1NC1Nc1ccc2ccc3ccsc3cc1-2
O=C1NC1Nc1ccc2ccc3ccsc3cc1-2
O=C1NC1Nc1ccc2ccc3ccsc3cc1-2
O=C1NC1NNc1ccc2ccc3ccsc3cc1-2
O=C1NC1NNc1ccc2ccc3ccsc3cc1-2
O=C1NC1NNc1ccc2ccc3ccsc3cc1-2
O=C1NC1NNc1ccc2ccc3sccc3cc1-2
O=C1NC1CNNc1ccc2ccc3sccc3cc1-2
O=C1NC1CCNNc1ccc2ccc3sccc3cc1-2
O=C1NC1CCNNc1ccc2cc3ccsc3ccc1-2
O=C1NC1CNNc1ccc2cc3ccsc3ccc1-2
O=C1NC1CNc1ccc2cc3ccsc3ccc1-2
O=C1NC1CNc1ccc2cc3ccsc3ccc1-2
O=C(Nc1ccc2cc3ccsc3ccc1-2)C1NC1=O
O=C(Nc1cc2ccc3ccsc3ccc1-2)C1NC1=O
O=C1NC1CNc1cc2ccc3ccsc3ccc1-2
O=C1NC1CNc1cc2ccc3ccsc3ccc1-2
O=C1NC1CCc1cc2ccc3ccsc3ccc1-2
O=C1NC1Cc1cc2ccc3ccsc3ccc1-2
O=C1NC1c1cc2ccc3ccsc3ccc1-2
O=C1NC1c1cc2ccc3ccsc3ccc1-2
O=C1NC1c1cc2ccc3ccsc3ccc1-2
O=C1NC1c1cc2ccc3ccsc3ccc1-2
O=C1NC1c1cc2cccc3sccc3cc1-2
O=C1NC1C1=Cc2ccc(-c3cccs3)cc21
O=C1NC1C1=Cc2ccc(-c3cccs3)cc21
O=C1NC1C1=Cc2ccc(-c3cccs3)cc21
O=C1NC1C1=Cc2ccc(-c3cccs3)cc21
O=C1NC1c1c[nH]c2ccc(-c3cccs3)cc12
O=C1CC1c1c[nH]c2ccc(-c3cccs3)cc12
O=C1CC1C1Nc2ccc(-c3cccs3)cc21
O=C1CC1C1Nc2ccc(-c3cccs3)cc21
O=C1CC1C1Nc2ccc(-c3cccs3)cc21
O=C1CCC1C1Nc2ccc(-c3cccs3)cc21
O=C1NCC1C1Nc2ccc(-c3cccs3)cc21
c1csc(-c2ccc3c(c2)CN3)c1
c1csc(-c2ccc3c(c2)CN3)c1
c1csc(-c2ccc3c(c2)CN3)c1
c1csc(-c2ccc3c(c2)CN3)c1
c1csc(-c2ccc3c(c2)CN3)c1
c1csc(-c2ccc3c(c2)CN3)c1
c1csc(-c2ccc3c(c2)CN3)c1
c1csc(-c2ccc3c(c2)CN3)c1
c1csc(-c2ccc3c(c2)CN3)c1
O=C1CNc2ccc(-c3cccs3)cc2C1
O=C1CNc2ccc(-c3cccs3)cc2C1
O=C1CNc2ccc(-c3cccs3)cc2C1
O=C1CNc2ccc(-c3cccs3)cc2C1
O=C1CNc2ccc(-c3cccs3)cc2C1
O=C1C=CC2C(=C1)CCC1C2CCC2C(C(=O)CSc3nccc4ccccc34)CCC21
O=C1C=CC2C(=C1)CCCC1C2CCC2C(C(=O)CSc3nccc4ccccc34)CCC21
O=C1C=C2CCCC3C(CCC4C(C(=O)CSc5nccc6ccccc56)CCC43)C2C1
O=C1C=C2CCC3C(CCC4C(C(=O)CSc5nccc6ccccc56)CCC43)C2C1
O=C1C=C2CCC3C(CCC4C(C(=O)CSc5nccc6ccccc56)CCC43)C2C1
O=C(CSc1nccc2ccccc12)C1CCC2C3CCCCC3CCC12
O=C(CSc1nccc2ccccc12)C1CCC2C3CCCCC3CCC12
O=C(CSc1nccc2ccccc12)C1CCC2C3CCCCC3CCC12
O=C(CSc1nccc2ccccc12)C1CCC2C3CCCCC3CCC12
O=C(CSc1nccc2ccccc12)C1CCC2CCCCC21
O=C(CSc1nccc2ccccc12)C1CCC2CCCCC21
O=C(CSc1nccc2ccccc12)C1CCC2CCCCC21
O=C(CSc1nccc2ccccc12)C1CCCC1
O=C(CSc1cccc2ccccc12)C1CCCC1
c1ccc2ccccc2c1
c1ccc2ccccc2c1
c1ccc2ccccc2c1
c1ccc2ccccc2c1
c1ccc2ccccc2c1
c1ccc2ccccc2c1
c1ccc2ccccc2c1
c1ccc2ccccc2c1
c1ccc2ccccc2c1
c1ccc2ccccc2c1
c1ccc2ccccc2c1
c1ccc2ccccc2c1
c1ccc2ccccc2c1
c1ccc2ccccc2c1
c1ccc2ccccc2c1
c1ccc2ccccc2c1
c1ccc2ccccc2c1
c1ccc2ccccc2c1
c1ccc2ccccc2c1
c1ccc2ccccc2c1
c1ccc2ccccc2c1
c1ccc2ccccc2c1
c1ccc2ccccc2c1
c1ccc2ccccc2c1
c1ccc2ccccc2c1
c1ccc2ncccc2c1
c1ccc2ncccc2c1
c1ccc2ncccc2c1
c1ccc2ncccc2c1
c1ccc2ncccc2c1
c1ccc2ncccc2c1
c1ccc2ncccc2c1
c1ccc2ncccc2c1
c1ccc2ncccc2c1
c1ccc2ccccc2c1
c1ccc2ccccc2c1
c1ccc2ccccc2c1
c1ccc2ccccc2c1
c1ccc2ccccc2c1
c1ccc2ccccc2c1
c1ccc2ccccc2c1
c1ccc2ccccc2c1
c1ccc2ccccc2c1
c1ccc2ccccc2c1
c1ccc2ccccc2c1
c1ccc2ccccc2c1
c1ccc2ccccc2c1
c1ccc2ccccc2c1
c1ccc2ccccc2c1
c1ccc2ccccc2c1
c1ccc2ccccc2c1
c1ccc2ccccc2c1
c1ccc2ccccc2c1
c1ccc2ccccc2c1
c1ccc2ccccc2c1
c1ccc2ccccc2c1
c1ccc2ccccc2c1
c1ccc2ccccc2c1
c1ccc2ccccc2c1
c1ccc2ccccc2c1
c1ccc2ccccc2c1
c1ccc2ccccc2c1
c1ccc2ccccc2c1
c1ccc2ccccc2c1
c1ccc2ccccc2c1
c1ccc2ccccc2c1
c1ccc2ccccc2c1
c1ccc2ccccc2c1
c1ccc2ccccc2c1
c1ccc2ccccc2c1
c1ccc2ccccc2c1
c1ccc2ccccc2c1
c1ccc2ccccc2c1
c1ccc2ccccc2c1
c1ccc2ccccc2c1
c1ccc2ccccc2c1
c1ccc2ccccc2c1
c1ccc2ccccc2c1
c1ccc2ccccc2c1
c1ccc2ccccc2c1
c1ccc2ccccc2c1
c1ccc2ccccc2c1
c1ccc2ccccc2c1
c1ccc2ccccc2c1
c1ccc2ccccc2c1
c1ccc2ccccc2c1
c1ccc2ccccc2c1
c1ccc2ccccc2c1
c1ccc2ccccc2c1
c1ccc2ccccc2c1
c1ccc2ccccc2c1
c1ccc2ccccc2c1
c1ccc2ccccc2c1
c1ccc2ccccc2c1
c1ccc2ccccc2c1
c1ccc2ccccc2c1
c1ccc2c(NCCCNC3CCC3)cccc2c1
c1ccc2ccccc2c1
c1ccc2ccccc2c1
c1ccc2ccccc2c1
c1ccc2ccccc2c1
c1ccc2ccccc2c1
c1ccc2ccccc2c1
c1ccc2ccccc2c1
c1ccc2ccccc2c1
c1ccc2ccccc2c1
c1ccc2ccccc2c1
c1ccc2ccccc2c1
c1ccc2ccccc2c1
c1ccc2ccccc2c1
c1ccc2ccccc2c1
c1ccc2ccccc2c1
c1ccc2ccccc2c1
c1ccc2ccccc2c1
c1ccc2c(NCCCNC3CN3)cccc2c1
c1ccc2c(NCCCNC34CN3O4)cccc2c1
c1ccc2c(NCCCNC34CN3O4)cccc2c1
c1ccc2c(NCCCNC3C4NN34)cccc2c1
c1ccc2c(NCCCNC3C4CN43)cccc2c1
c1ccc2c(NCCCNC3C4CN43)cccc2c1
c1ccc2c(NCCCNCN3CC3)cccc2c1
c1ccc2c(NCCCNCN3CC3)cccc2c1
C=C(NCCCNc1cccc2ccccc12)N1CC1
N=C(NCCCNc1cccc2ccccc12)N1CC1
c1ccc2ccccc2c1
c1ccc2ccccc2c1
c1ccc2c(NCCCNC3CN3)cccc2c1
c1ccc2c(NCCCNC3CN3)cccc2c1
c1ccc2c(NCCCNC3CN3)cccc2c1
c1ccc2c(NCCCNC3CN3)cccc2c1
c1ccc2c(NCCCNC3CN3)cccc2c1
O=C1NC1NCCCNc1cccc2ccccc12
c1ccc2ccccc2c1
c1ccc2ccccc2c1
c1ccc2ccccc2c1
c1ccc2ccccc2c1
c1ccc2ccccc2c1
c1ccc2ccccc2c1
c1ccc2ccccc2c1
c1ccc2ccccc2c1
O=C(NCCCNc1cccc2ccccc12)C1=CC1
O=C(CC1=CC1)NCCCNc1cccc2ccccc12
O=C(CC1=CC1)NCCCNc1cccc2ccccc12
O=C(CCC1=CC1)NCCCNc1cccc2ccccc12
O=C(CCCC1=CC1)NCCCNc1cccc2ccccc12
O=C(CNCCC1=CC1)NCCCNc1cccc2ccccc12
c1ccc2ccccc2c1
c1ccc2ccccc2c1
c1ccc2ccccc2c1
c1ccc2ccccc2c1
c1ccc2ccccc2c1
c1ccc2ccccc2c1
c1ccc2ccccc2c1
c1ccc2ccccc2c1
c1ccc2ccccc2c1
c1ccc2ccccc2c1
c1ccc2ccccc2c1
c1ccc2ccccc2c1
c1ccc2ccccc2c1
c1ccc2ccccc2c1
c1ccc2ccccc2c1
O=C(NCCCNc1cccc2ccccc12)C1NN1
O=C(CN1CN1)NCCCNc1cccc2ccccc12
O=C(CN1CN1)NCCCNc1cccc2ccccc12
O=C(CN1CC1)NCCCNc1cccc2ccccc12
O=C(CN1CC1)NCCCNc1cccc2ccccc12
O=C(NCCCNc1cccc2ccccc12)OC1CN1
O=C(NCCCNc1cccc2ccccc12)OC1CN1
O=C(CN1CC1)NCCCNc1cccc2ccccc12
O=C(CN1CC1)NCCCNc1cccc2ccccc12
O=C(CN1CC1)NCCCNc1cccc2ccccc12
O=C(CN1CC1=O)NCCCNc1cccc2ccccc12
O=C(CCN1CC1=O)NCCCNc1cccc2ccccc12
O=C(CCN1CC1=O)NCCCNc1cccc2ccccc12
O=C(CN1CC1=O)NCCCNc1cccc2ccccc12
O=C(CN1CC1=O)NCCCNc1cccc2ccccc12
O=C(CN1CC1=O)NCCCNc1cccc2ccccc12
O=C(CN1CC1=O)NCCCNc1cccc2ccccc12
O=C1CN1C(=O)NCCCNc1cccc2ccccc12
C=C(NCCCNc1cccc2ccccc12)N1CC1=O
C=C(NCCCNc1cccc2ccccc12)N1CC1=O
C=C(NCCCNc1cccc2ccccc12)N1CC1=O
C=C(NCCCNc1cccc2ccccc12)N1CC1=O
C=C(NCCCNc1cccc2ccccc12)N1CC1
C=C(NCCCNc1cccc2ccccc12)C1CC1
C=C(NCCCNc1cccc2ccccc12)C1CC1
c1ccc2ccccc2c1
c1ccc2ccccc2c1
c1ccc2ccccc2c1
c1ccc2ccccc2c1
c1ccc2ccccc2c1
c1ccc2ccccc2c1
c1ccc2ccccc2c1
c1ccc2ccccc2c1
c1ccc2ccccc2c1
c1ccc2ccccc2c1
c1ccc2ccccc2c1
c1ccc2ccccc2c1
c1ccc2ccccc2c1
c1ccc2ccccc2c1
c1ccc2ccccc2c1
c1ccc2ccccc2c1
c1ccc2ccccc2c1
c1ccc2ccccc2c1
c1ccc2ccccc2c1
c1ccc2ccccc2c1
c1ccc2ccccc2c1
c1ccc2ccccc2c1
c1ccc2ccccc2c1
c1ccc2ccccc2c1
c1ccc2ccccc2c1
c1ccc2ccccc2c1
c1ccc2ccccc2c1
c1ccc2ccccc2c1
c1ccc2ccccc2c1
c1ccc2ccccc2c1
c1ccc2ccccc2c1
c1ccc2ccccc2c1
c1ccc2ccccc2c1
c1ccc2ccccc2c1
c1ccc2ccccc2c1
c1ccc2ccccc2c1
c1ccc2ccccc2c1
c1ccc2ccccc2c1
c1ccc2ccccc2c1
c1ccc2ccccc2c1
c1ccc2ccccc2c1
c1ccc2ccccc2c1
c1ccc2ccccc2c1
c1ccc2ccccc2c1
c1ccc2ccccc2c1
c1ccc2ccccc2c1
c1ccc2ccccc2c1
c1ccc2ccccc2c1
c1ccc2ccccc2c1
c1ccc2ccccc2c1
c1ccc2c(NCCCNNC3CN3)cccc2c1
c1ccc2c(NCCCNNC3CN3)cccc2c1
c1ccc2c(NCCCNNC3CN3)cccc2c1
c1ccc2c(NCCCNNC3CC3)cccc2c1
c1ccc2c(NCCCNNCC3CC3)cccc2c1
c1ccc2c(NCCCNNC3C4CC43)cccc2c1
c1ccc2c(NCCCNNC3C4CCC43)cccc2c1
c1ccc2c(NCCCNNC3C4CCC43)cccc2c1
c1ccc2c(NCCCNNC3C4CCC43)cccc2c1
c1ccc2c(NCCCNNC3CCC3)cccc2c1
c1ccc2c(NCCCNNC3CCC3)cccc2c1
c1ccc2c(NCCCNNC3CC3)cccc2c1
c1ccc2ccccc2c1
c1ccc2ccccc2c1
c1ccc2ccccc2c1
c1ccc2ccccc2c1
c1ccc2ccccc2c1
c1ccc2c(NCCCNC3NN3)cccc2c1
c1ccc2c(NCCCNC3NN3)cccc2c1
c1ccc2c(NCCCNC3CN3)cccc2c1
c1ccc2c(NCCCNC3CN3)cccc2c1
c1ccc2c(NCCCNC3C4CNN43)cccc2c1
c1ccc2c(NCCCNC3C4CCN43)cccc2c1
c1ccc2c(NCCCNC3C4CCN43)cccc2c1
c1ccc2c(NCCCNCC3CCN3)cccc2c1
c1ccc2c(NCCCNCC3CN3)cccc2c1
c1ccc2c(NCCCNCC3CN3)cccc2c1
c1ccc2ccccc2c1
c1ccc2ccccc2c1
c1ccc2ccccc2c1
c1ccc2ccccc2c1
c1ccc2ccccc2c1
c1ccc2ccccc2c1
c1ccc2ccccc2c1
c1ccc2ccccc2c1
c1ccc2ccccc2c1
c1ccc2ccccc2c1
c1ccc2ccccc2c1
c1ccc2ccccc2c1
c1ccc2ccccc2c1
c1ccc2ccccc2c1
c1ccc2ccccc2c1
c1ccc2ccccc2c1
c1ccc2ccccc2c1
c1ccc2ccccc2c1
c1ccc2ccccc2c1
c1ccc2c(NCCCNCC3CC3)cccc2c1
c1ccc2c(NCCCNCC3CC3)cccc2c1
c1ccc2c(NCCCNCN3CC3)cccc2c1
c1ccc2c(NCCCNCN3CC3)cccc2c1
c1ccc2c(NCCCNCN3CC3)cccc2c1
c1ccc2c(NCCCNCN3CC3)cccc2c1
c1ccc2c(NCCCNCN3CC3)cccc2c1
c1ccc2c(NCCCNCN3CC3)cccc2c1
c1ccc2c(NCCCNCN3CC3)cccc2c1
c1ccc2c(NCCCNCN3CC3)cccc2c1
c1ccc2ccccc2c1
c1ccc2ccccc2c1
c1ccc2ccccc2c1
c1ccc2ccccc2c1
c1ccc2ccccc2c1
c1ccc2ccccc2c1
c1ccc2ccccc2c1
c1ccc2ccccc2c1
c1ccc2c(NCCCNCC3CNC3)cccc2c1
c1ccc2c(NCCCNCC3CNC3)cccc2c1
c1ccc2c(NCCCNCC3CNC3)cccc2c1
c1ccc2c(NCCCNCC3CN3)cccc2c1
c1ccc2c(NCCCNCC3CN3)cccc2c1
c1ccc2c(NCCCNCC3CN3)cccc2c1
c1ccc2c(NCCCNCC3CN3)cccc2c1
c1ccc2c(NCCCNCC3CN3)cccc2c1
c1ccc2ccccc2c1
c1ccc2ccccc2c1
c1ccc2ccccc2c1
c1ccc2ccccc2c1
c1ccc2ccccc2c1
c1ccc2ccccc2c1
c1ccc2ccccc2c1
c1ccc2c(NCCCNCC3=NNC3)cccc2c1
c1ccc2c(NCCCNCC3=NN3)cccc2c1
c1ccc2c(NCCCNCCC3=NN3)cccc2c1
C(=CC1=NN1)NCCCNc1cccc2ccccc12
C(=CC1=NN1)NCCCNc1cccc2ccccc12
C(NCCCNc1cccc2ccccc12)=C1C2=NN12
C(NCCCNc1cccc2ccccc12)=C1C2=NN12
C(=CN1C=N1)NCCCNc1cccc2ccccc12
C(=CN1C=N1)NCCCNc1cccc2ccccc12
C(NCCCNc1cccc2ccccc12)=C1C2=NN12
C(NCCCNc1cccc2ccccc12)=C1C2=NN12
c1ccc2c(NCCCNc3c4cnn3-4)cccc2c1
c1ccc2c(NCCCCc3c4cnn3-4)cccc2c1
c1ccc2c(NCCCCCc3c4cnn3-4)cccc2c1
c1ccc2c(NCCCNCc3c4cnn3-4)cccc2c1
c1ccc2c(NCCCNCc3c4cnn3-4)cccc2c1
c1ccc2c(NCCCNCc3c4cnn3-4)cccc2c1
c1ccc2c(NCCCNCCc3c4cnn3-4)cccc2c1
c1ccc2c(NCCCNCCc3c4cnn3-4)cccc2c1
c1ccc2c(NCCCNCCc3c4cnn3-4)cccc2c1
c1ccc2c(NCCCNCCc3c4cnn3-4)cccc2c1
c1ccc2c(NCCCNCCc3c4cnn3-4)cccc2c1
c1ccc2c(NCCCNCCc3c4cnn3-4)cccc2c1
c1ccc2c(NCCCNCCCc3c4cnn3-4)cccc2c1
c1ccc2c(NCCCNCCCc3c4cnn3-4)cccc2c1
c1ccc2c(NCCCNCCCc3c4cnn3-4)cccc2c1
c1ccc2c(NCCCNCCCc3c4cnn3-4)cccc2c1
c1ccc2c(NCCCNCCCc3c4cnn3-4)cccc2c1
O=C(NCCCCCCc1c2cnn1-2)c1cccc2ccccc12
O=C(NCCCCCc1c2cnn1-2)c1cccc2ccccc12
O=C(NCCCCCc1c2cnn1-2)c1cccc2ccccc12
O=C(NCCCCCc1c2cnn1-2)c1cccc2ccccc12
O=C(NCCCCc1c2cnn1-2)c1cccc2ccccc12
O=C(NCCCCc1c2cnn1-2)c1cccc2ccccc12
O=C(NCCCCc1c2cnn1-2)c1cccc2ccccc12
O=C(NCCCCc1c2cnn1-2)c1cccc2ccccc12
O=C(NCCCc1c2cnn1-2)c1cccc2ccccc12
O=C(NCCc1c2cnn1-2)c1cccc2ccccc12
O=C(NCCc1c2cnn1-2)c1cccc2ccccc12
c1ccc2c(NCCCNCCc3c4cnn3-4)cccc2c1
c1ccc2c(NCCCNCCc3c4cnn3-4)cccc2c1
c1ccc2c(NCCCNCCc3c4cnn3-4)cccc2c1
c1ccc2c(NCCCNCCc3c4cnn3-4)cccc2c1
c1ccc2c(NCCCNCCc3c4cnn3-4)cccc2c1
c1ccc2c(NCCCNCCc3c4cnn3-4)cccc2c1
c1ccc2c(NCCCNCCc3c4cnn3-4)cccc2c1
c1ccc2c(NCCCNCCc3c4cnn3-4)cccc2c1
c1ccc2c(NCCCNCCc3c4cnn3-4)cccc2c1
c1ccc2c(NCCCNCCc3c4cnn3-4)cccc2c1
c1ccc2c(NCCCNCCc3c4cnn3-4)cccc2c1
c1ccc2c(NCCCNCCCc3c4cnn3-4)cccc2c1
c1ccc2c(NCCCNCCCc3c4cnn3-4)cccc2c1
c1ccc2c(NCCCNCCCCc3c4cnn3-4)cccc2c1
c1ccc2c(NCCCNCCCCc3c4cnn3-4)cccc2c1
c1ccc2c(NCCCNCCCCc3c4cnn3-4)cccc2c1
c1ccc2c(NCCCNCCCc3c4cnn3-4)cccc2c1
c1ccc2c(NCCCNCCCc3c4cnn3-4)cccc2c1
C(=CNCCCNc1cccc2ccccc12)Cc1c2cnn1-2
C(=CNCCCNc1cccc2ccccc12)Cc1c2cnn1-2
C(=Cc1c2cnn1-2)NCCCNc1cccc2ccccc12
C(=Cc1c2cnn1-2)NCCCNc1cccc2ccccc12
C(=Cc1c2cnn1-2)NCCCNc1cccc2ccccc12
C(=Cc1c2cnn1-2)NCCCNc1cccc2ccccc12
C(=Cc1c2cnn1-2)NCCCNc1cccc2ccccc12
c1ccc2c(NCCCNCCc3c4cnn3-4)cccc2c1
c1ccc2c(NCCCNCCc3c4cnn3-4)cccc2c1
O=C(Cc1c2cnn1-2)NCCCNc1cccc2ccccc12
O=C(Cc1c2cnn1-2)NCCCNc1cccc2ccccc12
O=C(Cc1c2cnn1-2)NCCCNc1cccc2ccccc12
O=C(Cc1c2cnn1-2)NCCCNc1cccc2ccccc12
O=C(Cc1c2cnn1-2)NCCCNc1cccc2c(C(=O)NCCC3CC3)cccc12
O=C(Cc1c2cnn1-2)NCCCNc1cccc2c(C(=O)NCCC3CC3)cccc12
O=C(Cc1c2cnn1-2)NCCCNc1cccc2c(C(=O)NCCC3CC3)cccc12
O=C(Cc1c2cnn1-2)NCCCNc1cccc2c(C(=O)NCCCC3CC3)cccc12
O=C(NCCCC1CC1)c1cccc2c(NCCCNC(=O)c3c4cnn3-4)cccc12
O=C(NCCCCCC1CC1)c1cccc2c(NCCCNC(=O)c3c4cnn3-4)cccc12
O=C(NCCCCCC1CC1)c1cccc2c(NCCCNC(=O)c3c4cnn3-4)cccc12
O=C(NCCCCCN1CC1)c1cccc2c(NCCCNC(=O)c3c4cnn3-4)cccc12
O=C(NCCCCCN1CC1)c1cccc2c(NCCCNC(=O)c3c4cnn3-4)cccc12
O=C(NCCCCN1CC1)c1cccc2c(NCCCNC(=O)c3c4cnn3-4)cccc12
O=C(NCCCN1CC1)c1cccc2c(NCCCNC(=O)c3c4cnn3-4)cccc12
O=C(NCCCN1CC1)c1cccc2c(NCCCNC(=O)c3c4cnn3-4)cccc12
O=C(NCCCNc1cccc2ccccc12)c1c2cnn1-2
O=C(NCCCNc1cccc2ccccc12)c1c2cnn1-2
O=C(NCCCNc1cccc2ccccc12)c1c2cnn1-2
O=C(NCCCNc1cccc2ccccc12)c1c2cnn1-2
O=C(NCCCNc1cccc2ccccc12)c1c2cnn1-2
O=C(NCCCNc1cccc2ccccc12)c1c2cnn1-2
O=C(NCCCNc1cccc2ccccc12)c1c2cnn1-2
O=C(NCCCNc1cccc2ccccc12)c1c2cnn1-2
O=C(NCCCNc1cccc2ccccc12)c1c2cnn1-2
O=C(NCCCNc1cccc2ccccc12)c1c2cnn1-2
O=C(NCCCNc1cccc2c(C(=O)C3CN3)cccc12)c1c2cnn1-2
O=C(NCCCNc1cccc2ccccc12)c1c2cnn1-2
O=C(NCCCNc1cccc2ccccc12)c1c2cnn1-2
O=C(NCCCNc1cccc2ccccc12)c1c2cnn1-2
O=C(NCCCNc1cccc2ccccc12)c1c2cnn1-2
O=C(NCCCNc1cccc2ccccc12)c1c2cnn1-2
O=C(NCCCNc1cccc2ccccc12)c1c2cnn1-2
O=C(NCCCNc1cccc2c(C3=NN3)cccc12)c1c2cnn1-2
O=C(NCCCNc1cccc2c1ccccc1nn2-1)c1c2cnn1-2
O=C(Cc1c2cnn1-2)NCCCNc1cccc2c1ccccc1nn2-1
O=C(Cc1c2cnn1-2)NCCCNc1cccc2c1ccccc1nn2-1
O=C(Cc1c2cnn1-2)NCCCNc1cccc2c1cccc1cnn2-1
O=C(CC1=CN1)NCCCNc1cccc2c1cccc1cnn2-1
O=C(CC1=CN1)NCCCNc1cccc2c1cccc1cnn2-1
O=C(CC1=CN1)NCCCNc1cccc2c1cccc1cnn2-1
O=C(CC1=CN1)NCCCNc1cccc2c1cccc1cnn2-1
O=C(CC1=CN1)NCCCNc1cccc2c1cccc1cnn2-1
O=C(NCCCNc1cccc2c1cccc1cnn2-1)C1=CNC1
O=C(NCCCNc1cccc2c1cccc1cnn2-1)C1=CCC1
O=C(NCCCNc1cccc2c1cccc1cnn2-1)C1=CC1
O=C(NCCCNc1cccc2c1cccc1cnn2-1)C1=C2NCC21
O=C(NCCCNc1cccc2c1cccc1cnn2-1)c1c2c[nH]c1-2
O=C(NCCCNc1cccc2c1cccc1cnn2-1)C1=C2CC=C21
O=C(NCCCNc1cccc2c1cccc1cnn2-1)C1=CCC=C1
O=C(NCCCNc1cccc2c1cccc1cnn2-1)C1=CC=CC1
O=C(NCCCNc1cccc2c1cccc1cnn2-1)C1=CC=CCC1
O=C(NCCCNc1cccc2c1cccc1cnn2-1)c1ccccc1
O=C(NCCCNc1cccc2c1cccc1cnn2-1)c1ccc2cc1-2
O=C(NCCCNc1cccc2c1cccc1cnn2-1)c1cc2cc-2c1
O=C(NCCCNc1cccc2c1cccc1cnn2-1)c1cc2cc-2c1
O=C(NCCCNc1cccc2c1cccc1cnn2-1)c1ccccc1
O=C(NCCCNc1cccc2c1cccc1cnn2-1)c1ccccc1
O=C(NCCCNc1cccc2c1cccc1cnn2-1)c1ccccc1
O=C(NCCCNc1cccc2c1cccc1cnn2-1)c1ccccc1
O=C(NCCCNc1cccc2c1cccc1cnn2-1)c1ccccc1
O=C(NCCCNc1cccc2c1cccc1cnn2-1)c1ccc2c(c1)CC2
O=C(NCCCNc1cccc2c1cccc1cnn2-1)c1ccccc1
O=C(NCCCNc1cccc2c1cccc1cnn2-1)c1ccccc1
O=C(NCCCNc1cccc2c1cccc1cnn2-1)c1ccccc1
O=C(NCCCNc1cccc2c1cccc1cnn2-1)c1ccccc1
O=C(NCCCNc1cccc2c1cccc1cnn2-1)c1ccccc1
O=C(NCCCNc1cccc2c1cccc1cnn2-1)c1ccccc1
O=C(NCCCNc1cccc2c1cccc1cnn2-1)c1ccccc1
O=C(NCCCNc1cccc2c1cccc1cnn2-1)c1ccccc1
O=C(NCCCNc1cccc2c1cccc1cnn2-1)c1ccccc1
O=C(NCCCNc1cccc2c1cccc1cnn2-1)c1ccccc1
O=C(NCCCNc1cccc2c1cccc1cnn2-1)c1ccccc1
O=C(NCCCNc1cccc2c1cccc1cnn2-1)c1ccccc1
O=C(NCCCNc1cccc2c1cccc1cnn2-1)c1ccccc1
O=C(NCCCNc1cccc2c1cccc1cnn2-1)c1ccccc1
O=C(NCCCNc1cccc2c1cccc1cnn2-1)c1ccccc1
O=C(NCCCNc1cccc2c1cccc1cnn2-1)c1ccccc1
O=C(NCCCNc1cccc2c1cccc1cnn2-1)c1ccccc1
O=C(NCCCNc1cccc2c1cccc1cnn2-1)c1ccccc1
O=C(NCCCNc1cccc2c1cccc1cnn2-1)c1ccccc1
O=C(NCCCNc1cccc2c1cccc1cnn2-1)c1ccccc1
O=C(NCCCNc1cccc2c1cccc1cnn2-1)c1ccccc1
O=C(NCCCNc1cccc2c1cccc1cnn2-1)c1ccccc1
O=C(NCCCNc1cccc2c1cccc1cnn2-1)c1ccccc1
O=C(NCCCNc1cccc2c1cccc1cnn2-1)c1ccccc1
O=C(NCCCNc1cccc2c1cccc1cnn2-1)c1ccccc1
O=C(NCCCNc1cccc2c1cccc1cnn2-1)c1ccccc1
O=C(NCCCNc1cccc2c1cccc1cnn2-1)c1ccccc1
O=C(NCCCNc1cccc2c1cccc1cnn2-1)c1ccccc1
O=C(NCCCNc1cccc2c1cccc1cnn2-1)c1ccccc1
O=C(NCCCNc1cccc2c1cccc1cnn2-1)c1ccccc1
O=C(NCCCNc1cccc2c1cccc1cnn2-1)c1ccccc1
O=C(NCCCNc1cccc2c1cccc1cnn2-1)c1ccccc1
O=C(NCCCNc1cccc2c1cccc1cnn2-1)c1ccccc1
O=C(NCCCNc1cccc2c1cccc1cnn2-1)c1ccccc1
O=C(NCCCNc1cccc2c1cccc1cnn2-1)c1ccccc1
O=C(NCCCNc1cccc2c1cccc1cnn2-1)c1ccccc1
O=C(NCCCNc1cccc2c1cccc1cnn2-1)c1ccccc1
O=C(NCCCNc1cccc2c1cccc1cnn2-1)c1ccccc1
O=C(NCCCNc1cccc2c1cccc1cnn2-1)c1ccccc1
O=C(NCCCNc1cccc2c1cccc1cnn2-1)c1ccccc1
O=C(NCCCNc1cccc2c1ccc1ccnn12)c1ccccc1
O=C(NCCCNc1cccc2c1ccc1ccnn12)c1ccccc1
O=C(NCCCNc1cccc2c1ccc1ccnn12)c1ccccc1
O=C(NCCCNc1cccc2c1ccc1ccnn12)c1ccccc1
O=C(NCCCNc1cccc2c1ccc1ccnn12)c1ccccc1
O=C(NCCCNc1cccc2c1ccc1ccnn12)c1ccccc1
O=C(NCCCNc1cccc(-n2ncc3c2C=C3)c1)c1ccccc1
O=C(NCCCNc1cccc2c1cnn2C1=CC=C1)c1ccccc1
O=C(NCCCNc1cccc2[nH]ncc12)c1ccccc1
O=C(NCCCNc1cccc2[nH]ncc12)c1ccccc1
O=C(NCCCNc1cccc2c1cnn2C1=CCC1)c1ccccc1
O=C(NCCCNc1cccc2c1cnn2C1=CCNC1)c1ccccc1
O=C(NCCCNc1cccc2c1cnn2C1=CCNC1)c1ccccc1
O=C(NCCCNc1cccc2c1cnn2C1=CCNC1)c1ccccc1
O=C(NCCCNc1cccc2c1cnn2C1=CCNC1)c1ccccc1
O=C(NCCCNc1cccc2c1cnn2C1=CCNC1)c1ccccc1
O=C(NCCCNc1cccc2c1cnn2C1=CCNC1)c1ccccc1
O=C(NCCCNc1cccc2c1cnn2C1=CCCC1)c1ccccc1
O=C(NCCCNc1cccc2c1cnn2C1=CCCC1)c1ccccc1
O=C(NCCCNc1cccc2c1cnn2C1=CCCC1)c1ccccc1
O=C(NCCCNc1cccc2c1cnn2C1=CCCC1)c1ccccc1
O=C(NCCCNc1cccc2c1cnn2C1=CCC2CCC12)c1ccccc1
O=C(NCCCNc1cccc2c1cnn2C1=CCCC1)c1ccccc1
O=C(NCCCNc1cccc2c1cnn2C1=CCCC1)c1ccccc1
O=C(NCCCNc1cccc2c1cnn2C1=CCCC1)c1ccccc1
O=C(NCCCNc1cccc2c1cnn2C1=CCC1)c1ccccc1
O=C(NCCCNc1cccc2c1cnn2C1=CCC1)c1ccccc1
O=C(NCCCNc1cccc2c1cnn2C1=CCC1)c1ccccc1
O=C(NCCCNc1cccc2c1cnn2C1=CC=C1)c1ccccc1
O=C(NCCCNc1cccc2c1cnn2C1=CC=C1)c1ccccc1
O=C(NCCCNc1cccc2c1cnn2C1=CC=C1)c1ccccc1
O=C(NCCCNc1cccc2c1cnn2C1=CC=C1)c1ccccc1
O=C(NCCCNc1cccc2c1cnn2C1=CC=C1)c1ccccc1
O=C(NCCCNc1cccc2c1cnn2C1=CC=C1)c1ccccc1
O=C(NCCCNc1cccc2c1cnn2C1=CC=C1)c1ccccc1
O=C(NCCCNc1cccc2c1cnn2C1=CC=C1)c1ccccc1
O=C(NCCCNc1cccc2c1cnn2-c1ccccc1)c1ccccc1
O=C(NCCCNc1cccc2c1cnn2-c1ccccc1)c1ccccc1
O=C(NCCCNc1cccc2c1cnn2-c1ccccc1)c1ccccc1
O=C1C=CC2C(=C1)CCC1C2CCC2C(OC(=O)NCc3ccccc3)CCC21
O=C1C=CC2C(=C1)CCC1C2CCC2C(OC(=O)NCc3ccccc3)CCC21
O=C1C=CC2C(=C1)CCC1C2CCC2C(OC(=O)NCc3ccccc3)CCC21
O=C1C=CC2C(=C1)CCC1C2CCC2C(OC(=O)NCc3ccccc3)CCC21
O=C1C=CC2C(=C1)CCC1C2CCC2C(OC(=O)NCc3ccccc3)CCC21
O=C1C=CC2C(=C1)OCCC1C2CCC2C(OC(=O)NCc3ccccc3)CCC21
C=C1OCCC2C(CCC3C(OC(=O)NCc4ccccc4)CCC32)C1c1cc1=O
C=C1OCCC2C(CCC3C(OC(=O)NCc4ccccc4)CCC32)C1c1cc1=O
O=C(NCc1ccccc1)OC1CCC2C1CCC1C(c3cc3=O)C(=O)OCCC12
O=C(NCc1ccccc1)OC1CCC2C1CCC1C(c3cc3=O)C(=O)OCCC12
O=C(NCc1ccccc1)OC1CCC2C1CCC1C(c3cc3=O)C(=O)OCC12
O=C(NCc1ccccc1)OC1CCC2C1CCC1C(c3cc3=O)C(=O)OCC12
O=C(NCc1ccccc1)OC1CCC2C1CCC1C(c3cc3=O)C(=O)OCC12
O=C(NCc1ccccc1)OC1CCC2C1CCC1C(c3cc3=O)C(=O)OCC12
O=C(NCc1ccccc1)OC1CCC2C1CCC1C(c3cc3=O)C(=O)OCC12
O=C(NCc1ccccc1)OCC1CCC2C(COC(=O)C2c2cc2=O)C1
O=C(NCc1ccccc1)OCC1CCC2C(COC(=O)C2c2cc2=O)C1
O=C1OCC2CC(CNCc3ccccc3)CCC2C1c1cc1=O
O=C1OCC2CC(CNCc3ccccc3)CCC2C1c1cc1=O
O=C(NCC1CCC2C(COC(=O)C2c2cc2=O)C1)Oc1ccccc1
O=C(NCC1CCC2C(COC(=O)C2c2cc2=O)C1)Oc1ccccc1
O=C1OCC2CC(c3ccccc3)CCC2C1c1cc1=O
O=C1OCC2CC(c3ccccc3)CCC2C1c1cc1=O
O=C1OCC2CC(c3ccccc3)CCC2C1c1cc1=O
O=C1CC1C1C(=O)OCC2CC(c3ccccc3)CCC21
O=C1CC2C(COC(=O)C2C2CC2=O)CC1c1ccccc1
O=C1OCC2C(COC(=O)C2C2CC2=O)CC1c1ccccc1
O=C1OCC2C(COC(=O)C2C2CC2=O)CC1c1ccccc1
O=C1OCC2C(COC(=O)C2C2CC2=O)CC1c1ccccc1
O=C1OCC2C(COC(=O)C2C2CC2=O)CC1c1ccccc1
O=C1OCC2C(COC(=O)C2C2CC2=O)CC1c1ccccc1
O=C1OCC2C(COC(=O)C2C2CC2=O)CC1c1ccccc1
O=C1OCC2C(COC(=O)C2C2CC2=O)CC1c1ccccc1
O=C1OCC2C(COC(=O)C2C2CC2)CC1c1ccccc1
O=C1CC(c2ccccc2)CC2COC(=O)C(C3CC3)C2CO1
O=C1CC(c2ccccc2)CC2COC(=O)C(C3CC3)C2CO1
O=C1CC(c2ccccc2)CC2COC(=O)C(C3CC3)C2CO1
O=C1CC(c2ccccc2)C2COC(=O)C(C3CC3)C2CO1
O=C1CC2COC(=O)CC(c3ccccc3)C2CO1
O=C1CC2COC(=O)CC(c3ccccc3)C2CO1
O=C1CC2COC(=O)CC(c3ccccc3)C2CO1
O=C1CC2COC(=O)CC(c3ccccc3)C2CO1
O=C1CC2COC(=O)CC(c3ccccc3)C2CO1
O=C1CC(c2ccccc2)C2C(=O)OCCC2CO1
O=C1CC(c2ccccc2)C2C(=O)CCCC2CO1
O=C1CC(c2ccccc2)C2C(=O)CCC2CO1
O=C1CC(c2ccccc2)C2C(=O)OCC2CO1
O=C1CC(c2ccccc2)C2C(=O)OCC2CO1
O=C1CC(c2ccccc2)C2C(=O)OCC2CO1
O=C1OCC2COC(=O)C2C(c2ccccc2)C1=O
O=C1CCC2COC(=O)C2C(c2ccccc2)C1=O
C=C1CCC2COC(=O)C2C(c2ccccc2)C1=O
C=C1CC2COC(=O)C2C(c2ccccc2)C1=O
C=C1CC2COC(=O)C2C(c2ccccc2)C1=O
C=C1CC2COC(=O)C2C(c2ccccc2)C1=C
O=C1OCC2CC3=CC=C3C(c3ccccc3)C12
O=C1OCC2CC3=CC=C3C(c3ccccc3)C12
O=C1OCC2CC3=CC=C3C(c3ccccc3)C12
O=C1OCC2CC3=CC=C3C(c3ccccc3)C12
O=C1OCC2CC3=CC=C3C(c3ccccc3)C12
O=C1OCC2CC3=CC=C3C(c3ccccc3)C12
O=C1OCC2CC3=C4CC4=C3C(c3ccccc3)C12
O=C1OCC2CC3=C4CC4=C3C(c3ccccc3)C12
O=C1OCC2CC3=C4CC4=C3C(c3ccccc3)C12
O=C1OCC2CC3=C4CC4=C3C(c3ccccc3)C12
O=C1OCC2CC3=CCC=C3C(c3ccccc3)C12
O=C1OCC2CC3=CC=C3C(c3ccccc3)C12
O=C1OCC2Cc3ccccc3C(c3ccccc3)C12
O=C1OCC2Cc3ccccc3C(c3ccccc3)C12
O=C1OCC2Cc3ccccc3C(c3ccccc3)C12
O=C1OCC2Cc3ccc4c(c3C(c3ccccc3)C12)C4
O=C1OCC2Cc3ccc4c(c3C(c3ccccc3)C12)C4
O=C1OCC2Cc3ccccc3C(c3ccccc3)C12
O=C1OCC2Cc3cc4c(cc3C(c3ccccc3)C12)CO4
O=C1OCC2Cc3cc4c(cc3C(c3ccccc3)C12)CO4
O=C1OCC2Cc3cc4c(cc3C(c3ccccc3)C12)OCO4
O=C1C=CC2C(=C1)CCC1C2CCC2C(OC(=O)NCc3ccccc3)CCC21
O=C1C=CC2C(=C1)CCC1C2CCC2C(OCC(=O)NCc3ccccc3)CCC21
O=C1C=CC2C(=C1)CCC1C2CCC2C(OCC(=O)NCc3ccccc3)CCC21
O=C1C=CC2C(=C1)CCC1C2CCC2C(OCC(=O)NCc3ccccc3)CCC21
O=C1C=CC2C(=C1)CCC1C2CCC2C(OCC(=O)NCc3ccccc3)CCC21
C=C1CCC2C(CCC3C(OCC(=O)NCc4ccccc4)CCC23)C1
O=C(COC1CCC2C3CCCCC3CCC12)NCc1ccccc1
c1ccc(CNCCOC2CCC3C4CCCCC4CCC23)cc1
c1ccc(CNCCOC2CCC3C4CCCCC4CCC23)cc1
c1ccc(CNCCOCCCC2CCCC3CCCCC32)cc1
c1ccc(CNCCOCCCCCCCC2CCCCC2)cc1
c1ccc(CNCCOCCCCCCCC2CCCCCC2)cc1
c1ccc(CN2CCOCC(CCCCCC3CCCCCC3)C2)cc1
c1ccc(CN2CCOCC(CCCCCC3CCCCCC3)CC2)cc1
c1ccc(CN2CCOCC(CCCCCC3CCCCCC3)CC2)cc1
c1ccc(CN2CCOCC(CCCCCC3CCCCCNC3)CC2)cc1
O=C(c1ccccc1)N1CCOCC(CCCCCC2CCCCCNC2)CC1
O=C(c1ccccc1)N1CCOCC(CCCCCC2CCCCCNC2)CC1
O=C(c1ccccc1)N1CCOCC(CCCCCC2CCCCCNC2)CC1
O=C(c1ccccc1)N1CCOCC(CCCCCC2CCCCCN2)CC1
O=C(c1ccccc1C1CCCCCN1)N1CCCCOCC1
O=C(c1ccccc1C1CCCCCN1)N1CCCCOCC1
O=C(c1ccccc1C1CCCCCN1)N1CCCCOCC1
O=C(c1ccccc1C1CCCCCN1)N1CCCCOCC1
O=C(c1cccc(C2CCC2)c1C1CCCCCN1)N1CCCCOCC1
O=C(c1cccc(OCCC2CCC2)c1C1CCCCCN1)N1CCCCOCC1
O=C(c1cccc(OCC2CCC2)c1C1CCCCCN1)N1CCCCOCC1
O=C(c1cccc(OCC2CC2)c1C1CCCCCN1)N1CCCCOCC1
O=C(c1cccc(OCC2CC2)c1C1CCCCN1)N1CCCCOCC1
O=C(c1cccc(OC2CC2)c1C1CCCCN1)N1CCCCOCC1
O=C(c1ccccc1C1CCCCN1)N1CCCCOCC1
O=C(c1ccccc1C1CCCCN1)N1CCCCOCC1
O=C(c1ccccc1C1CCCCN1)N1CCCCOCC1
O=C(c1ccccc1C1CCCCN1)N1CCCCOCC1
O=C(c1ccccc1C1CCCCN1)N1CCCCOCC1
O=C(c1ccccc1C1CCCCN1)N1CCCCCCC1
O=C(c1ccccc1C1COCCCN1)N1CCCCCCC1
O=C(c1ccccc1C1COCCCN1)N1CCCCCC1
O=C(c1ccccc1C1COCCCN1)N1CCCCCC1
O=C(c1ccccc1C1COCCCN1)N1CCCCCC1
O=C(c1ccccc1C1COCCN1)N1CCCCCC1
O=C(c1ccccc1C1COCN1)N1CCCCCC1
O=C(c1ccccc1C1COCN1)N1CCCCC1
O=C(c1ccccc1C1COCNO1)N1CCCCC1
O=C(c1ccccc1C1COCNOC1)N1CCCCC1
O=C(c1ccccc1C1COCNOC1)N1CCCC1
O=C(c1ccccc1C1CCOCNOC1)N1CCCC1
O=C(c1ccccc1C1CCOCNOC1)N1CCCCC1
O=C(c1ccccc1C1CCOCNOC1)N1CCCCC1
O=C(c1ccccc1C1CCOCNO1)N1CCCCC1
O=C(c1ccccc1C1CCOCNO1)N1CCCCCC1
O=C(c1ccccc1C1CCOCNO1)N1CCCCCCC1
O=C(c1ccccc1C1=CCOCNO1)N1CCCCCCC1
O=C(c1ccccc1C1=CCOCNO1)N1CCCCCCC1
O=C(c1ccccc1C1=CCOCNO1)N1CCCCCCC1
O=C(c1ccccc1C1=CCOCNO1)N1CCCCCCC1
O=C(c1ccccc1C1=CCOCNO1)N1CCCCCCC1
O=C(c1ccccc1C1=CNCOCNO1)N1CCCCCCC1
O=C(c1ccccc1C1=CNCOCNO1)N1CCCCCCC1
O=C(c1ccccc1C1=CNCONO1)N1CCCCCCC1
O=C(c1ccccc1C1=CNCONO1)N1CCCCCC1
O=C(c1ccccc1C1=CNCONO1)N1CCCCCC1
O=C(c1ccccc1C1=CNCONO1)N1CCCCCCC1
O=C(c1ccccc1C1=CNCONO1)N1CCCCCCC1
O=C(c1ccccc1C1=CNCONO1)N1CCCCCCC1
O=C(c1ccccc1C1=CNCNNO1)N1CCCCCCC1
O=C(c1ccccc1C1=CNCNNO1)N1CCCCCC1
O=C(c1ccccc1C1=CNCNNO1)N1CCCCCC1
O=C(c1ccccc1C1=CNCNO1)N1CCCCCC1
O=C(c1ccccc1C1=CNCNO1)N1CCCCCC1
O=C(c1ccccc1C1=CNCNO1)N1CCCCC1
O=C(c1ccccc1C1=CNCNO1)N1CCCCC1
O=C(c1ccccc1C1=CNCNO1)N1CCCCC1
O=C(c1ccccc1C1=CNCNO1)N1CCCCC1
O=C(c1ccccc1C1=CNCNO1)N1CCCCC1
O=C(c1ccccc1C1=CNCNO1)N1CCCCC1
O=C(c1ccccc1C1=CNCNO1)N1CCCCCC1
O=C(c1ccccc1C1=CNCNO1)N1CCCCCC1
O=C(c1ccccc1C1=CNCCO1)N1CCCCCC1
O=C(c1ccccc1C1=CNCCO1)N1CCCCC1
C=C1CNC=C(c2ccccc2C(=O)N2CCCCC2)O1
C=C1CNC=C(c2ccccc2C(=O)N2CCCCC2)O1
C=C1CNC=C(c2ccccc2C(=O)N2CCCCC2)O1
C=C1CNC=C(c2ccccc2C(=O)N2CCCCCC2)O1
C=C1CNC=C(c2ccccc2C(=O)N2CCCCCC2)O1
C=C1CNC=C(c2ccccc2C(=O)N2CCCCCC2)O1
C=C1CNC=C(c2ccccc2C(=O)N2CCCCCCC2)O1
O=C(c1ccccc1C1=CNCC=CCO1)N1CCCCCCC1
O=C(c1ccccc1C1=CNCC=CCO1)N1CCCCCCC1
O=C(c1ccccc1C1=CNCC=CCO1)N1CCCCCCC1
O=C(c1ccccc1C1=CNCC=CCO1)N1CCCCCC1
O=C(c1ccccc1C1=CNCC=CO1)N1CCCCCC1
O=C(c1ccccc1C1=CNCC=CO1)N1CCCCCC1
O=C(c1ccccc1C1=CNCC=CO1)N1CCCCCC1
O=C(c1ccccc1C1=CNCC=CO1)N1CCCCC1
O=C(c1ccccc1C1=CNCC=CO1)N1CCCCC1
O=C(c1ccccc1C1=CNCC=CO1)N1CCCCC1
O=C(c1ccccc1C1=CNCC=CO1)N1CCCCC1
O=C(c1ccccc1C1=CNCC=CO1)N1CCCCC1
O=C(c1ccccc1C1=CNCC=CO1)N1CCCCCC1
O=C(c1ccccc1C1=CNCC=CO1)N1CCCCCC1
O=C(c1ccccc1C1=CNCC=CO1)N1CCCCCC1
O=C(c1ccccc1C1=CNCC=CO1)N1CCCCCC1
O=C(c1ccccc1C1=CNCC=CO1)N1CCCCCC1
O=C(c1ccccc1C1=CNCC=CO1)N1CCCCCC1
O=C(c1ccccc1C1=CNCC=CO1)N1CCCCCC1
O=C(c1ccccc1C1=CNCC=CO1)N1CCCCC1
O=C(c1ccccc1C1=CNCC=CO1)N1CCCCC1
O=C(c1ccccc1C1=CNCC=CO1)N1CCCCCC1
O=C(c1ccccc1C1=CNCC=CO1)N1CCCCCC1
O=C(c1ccccc1C1=CNCC=CO1)N1CCCCCC1
O=C(c1ccccc1C1=CNCC=CO1)N1CCCCCC1
O=C(c1ccccc1C1=CNCC=CO1)N1CCCCCCC1
O=C(c1ccccc1C1=CNCC=CO1)N1CCCCCCC1
O=C(c1ccccc1C1=CNCC=CO1)N1CCCCCCC1
O=C(c1ccccc1C1=CNCC=CO1)N1CCCCCC1
O=C(c1ccccc1C1=CNCC=CO1)N1CCCCCC1
O=C(c1ccccc1C1=CNCC=CO1)N1CCCCCC1
O=C(c1ccccc1C1=CNCC=CO1)N1CCCCCC1
O=C(c1ccccc1C1=CNCC=CO1)N1CCCCC1
O=C(c1ccccc1C1=CNCC=C(C=CC2CC2)O1)N1CCCCC1
O=C(c1ccccc1C1=CNCC=C(C=CC2CC2)O1)N1CCCCC1
O=C(c1ccccc1C1=CNCC=C(C=CC2CCC2)O1)N1CCCCC1
O=C(c1ccccc1C1=CNCC=C(C=CC2CCC2)O1)N1CCCCC1
O=C(c1ccccc1C1=CNCC=C(C=CC2CCCC2)O1)N1CCCCC1
O=C(c1ccccc1C1=CNCC=C(C=C2CCCC2)O1)N1CCCCC1
O=C(c1ccccc1C1=CNCC=C(C=C2CCCC2)O1)N1CCCCC1
O=C(c1ccccc1C1=CNCC=C(C=C2CC=CC2)O1)N1CCCCC1
O=C(c1ccccc1C1=CNCC=C(C=C2C=CC2)O1)N1CCCCC1
O=C(c1ccccc1C1=CNCC=C(C=C2C=CC2)O1)N1CCCCC1
O=C(c1ccccc1C1=CNCC=C(C=C2C=C2)O1)N1CCCCC1
O=C(c1ccccc1C1=C(C=C2C=C2)NCC=CO1)N1CCCCC1
O=C(c1ccccc1C1=C(C=C2C=C2)NCC=CO1)N1CCCCC1
O=C(c1ccccc1C1=C(CC=C2C=C2)NCC=CO1)N1CCCCC1
O=C(c1ccccc1C1=C(CC=C2C=C2)NCC=CC1)N1CCCCC1
O=C(c1ccccc1C1=C(CC=C2C=C2)NCC=C1)N1CCCCC1
O=C(c1ccccc1C1=C(CC=C2C=C2)NCC=C1)N1CCCCCC1
O=C(c1ccccc1C1=C(CC=C2C=C2)NCC=C1)N1CCCCCC1
O=C(c1ccccc1C1=C(CC=C2C3=C2C3)NCC=C1)N1CCCCCC1
O=C(c1ccccc1C1=C(CC=C2C3=C2OC3)NCC=C1)N1CCCCCC1
O=C(c1ccccc1C1=C(CCC=C2C3=C2OC3)NCC=C1)N1CCCCCC1
O=C(c1ccccc1C1=C(CCC=C2C3=C2CC3)NCC=C1)N1CCCCCC1
O=C(c1ccccc1C1=C(CCC=C2C3=C2C3)NCC=C1)N1CCCCCC1
O=C(c1ccccc1C1=C(CCCC2C3=C2C3)NCC=C1)N1CCCCCC1
O=C(c1ccccc1C1=C(CCCC2CC2)NCC=C1)N1CCCCCC1
O=C(c1ccccc1C1=C(CCC2CC2)NCC=C1)N1CCCCCC1
O=C(c1ccccc1C1=C(CCC2CC2)NCC=C1)N1CCCCCCC1
O=C(c1ccccc1C1=C(CC2CC2)NCC=C1)N1CCCCCCC1
O=C(c1ccccc1C1=C(CC2CS2)NCC=C1)N1CCCCCCC1
O=C(c1ccccc1C1=C(CC2COS2)NCC=C1)N1CCCCCCC1
O=C(c1ccccc1C1=C(Cc2cos2)NCC=C1)N1CCCCCCC1
O=C(c1ccccc1C1=C(c2cos2)NCC=C1)N1CCCCCCC1
O=C(c1ccccc1C1=C(c2cos2)NCC=C1)N1CCCCCCC1
O=C(c1ccccc1C1=C(C2=COC2)NCC=C1)N1CCCCCCC1
O=C(c1ccccc1C1=C2OC=C2CNCC=C1)N1CCCCCCC1
O=C(c1ccccc1C1=C2OC=C2NCC=C1)N1CCCCCCC1
O=C(c1ccccc1C1=C2ONC=C2NCC=C1)N1CCCCCCC1
O=C(c1ccccc1C1=C2OOC=C2NCC=C1)N1CCCCCCC1
O=C(c1ccccc1C1=C2COC=C2NCC=C1)N1CCCCCCC1
O=C(c1ccccc1C1=C2CNC=C2NCC=C1)N1CCCCCCC1
O=C(c1ccccc1C1=C2NC=C2NCC=C1)N1CCCCCCC1
C=C1C=C(c2ccccc2C(=O)N2CCCCCCC2)C=CCN1
C=C1C=C(c2ccccc2C(=O)N2CCCCCC2)C=CCN1
O=C(c1ccccc1C1=CC=CNCC=C1)N1CCCCCC1
O=C(c1ccccc1C1=CC=CNCC=C1)N1CCCCCC1
O=C(c1ccccc1C1=CC=CNCC=C1)N1CCCCCC1
O=C(c1ccccc1C1=CC=CNCC=C1)N1CCCCC1
O=C(c1ccccc1C1=CC=CNCC=C1)N1CCCCC1
O=C(c1ccccc1C1=CC=CNCC=C1)N1CCCCC1
O=C(c1ccccc1C1=CC=CNCC=C1)N1CCCCC1
O=C(c1ccccc1C1=CC=CNCC=C1)N1CCCCC1
O=C(c1ccccc1C1=CC=CNCC=C1)N1CCCCCC1
O=C(c1ccccc1C1=CC=CNCC=C1)N1CCCCCC1
O=C(c1ccccc1C1=CC=CNCC=C1)N1CCCCCC1
O=C(c1ccccc1C1=CC=CNCC=C1)N1CCCCCC1
O=C(c1ccccc1C1=CC=CNCC=C1)N1CCCCCC1
O=C(c1ccccc1C1=CC=CNCC=C1)N1CCCCC1
O=C(c1ccccc1C1=CC=CNCC=C1)N1CCCCC1
O=C(c1ccccc1C1=CC=CNCC=C1)N1CCCC1
O=C(c1ccccc1C1=CC=CNCC=C1)N1CCCC1
O=C(c1ccccc1C1=CC=CNCC=C1)N1CCCC1
O=C(c1ccccc1C1=CC=C(C2CCC2)NCC=C1)N1CCCC1
O=C(c1ccccc1C1=CC=C(C2CCOC2)NCC=C1)N1CCCC1
O=C(c1ccccc1C1=CC=C(C2CCOC2)NCC=C1)N1CCCC1
O=C(c1ccccc1C1=CC=C(C2CCOC2)NCC=C1)N1CCCCC1
O=C(c1ccccc1C1=CC=CNCC=C1)N1CCCCC1
O=C(c1ccccc1C1=CC=CNCC=C1)N1CCCCC1
O=C(c1ccccc1C1=CC=CNCC=C1)N1CCCCC1
O=C(c1ccccc1C1=CC=CNCC=C1)N1CCCCC1
O=C(c1ccccc1C1=CC=C(C2=CCC2)NCC=C1)N1CCCCC1
O=C(c1ccccc1C1=CC=C(C2=CC=C2)NCC=C1)N1CCCCC1
O=C(c1ccccc1C1=CC=C(C2=CC=C2)NCC=C1)N1CCCCCC1
O=C(c1ccccc1C1=CC=C(C2=CC=C2)NCC=C1)N1CCCCCCC1
O=C(c1ccccc1C1=CC=C(c2cccs2)NCC=C1)N1CCCCCCC1
O=C(c1ccccc1C1=CC=C(c2cccs2)NCC=C1)N1CCCCCCC1
O=C(c1ccccc1C1=CC=C(c2cccs2)NCC=C1)N1CCCCCCC1
O=C(c1ccsc1C1=CC=C(c2ccccc2)C=CCN1)N1CCCCCCC1
O=C(c1ccsc1C1=CC=C(c2ccccc2)C=CCN1)N1CCCCCCC1
O=C(c1ccsc1C1=CC=C(c2ccccc2)C=CCN1)N1CCCCCCC1
O=C(c1ccsc1C1=CC=C(c2ccccc2)C=CCN1)N1CCCCCC1
O=C(c1ccsc1C1=CC=C(c2ccccc2)C=CCN1)N1CCCCCC1
O=C(c1ccsc1C1=CC=C(c2ccccc2)C=CCN1)N1CCCCCC1
O=C(c1ccsc1C1=CC=C(c2ccccc2)C=CCN1)N1CCCCCC1
O=C(c1ccsc1C1=CC=C(c2ccccc2)C=CCN1)N1CCCCCC1
O=C(c1ccsc1C1=CC=C(c2ccccc2)C=CCN1)N1CCCCCCC1
O=C(c1ccsc1C1=CC=C(c2ccccc2)C=CCN1)N1CCCCCCC1
O=C(c1ccsc1C=C1C=C(c2ccccc2)C=CCN1)N1CCCCCCC1
O=C(c1ccsc1C=C1C=C(c2ccccc2)C=CCN1)N1CCCCCC1
O=C(c1ccsc1C=C1C=C(c2ccccc2)C=CCN1)N1CCCCC1
O=C(c1ccsc1C=C1C=C(c2ccccc2)C=CCN1)N1CCCCC1
O=C(c1ccsc1C=C1NCC=CC2=C1COc1ccccc12)N1CCCCC1
O=C(c1ccsc1C=C1NCC=CC2=C1COc1ccccc12)N1CCCCC1
O=C(c1ccsc1C=C1NCC=CC2=C1COc1ccccc12)N1CCCC1
O=C(c1ccsc1C=C1NCC=CC2=C1COc1ccccc12)N1CCCC1
O=C(c1ccsc1C=C1NCC=CC2=C1COc1ccccc12)N1CCCCC1
O=C(c1ccsc1C=C1Oc2ccccc2C2=C1CNCC=C2)N1CCCCC1
O=C(c1ccsc1C=C1Oc2ccccc2C2=C1CNCC=C2)N1CCCCCC1
O=C(c1ccsc1C=C1Oc2ccccc2C2=C1NCC=C2)N1CCCCCC1
O=C(c1ccsc1C=C1Oc2ccccc2C2=C1NCC=C2)N1CCCCCC1
O=C(c1ccsc1C=C1Oc2ccccc2C2=C1NCC=C2)N1CCCCC1
O=C(c1ccsc1C=C1Oc2ccccc2C2=C1NCC=C2)N1CCCC1
O=C(c1ccsc1C=C1Oc2ccccc2C2=C1NCC=C2)N1CCC1
O=C(c1ccsc1C=C1Oc2ccccc2C2=C1NCC=C2)N1CCC1
O=C(c1ccsc1C=C1Oc2ccccc2C2=C1NCC=C2)N1CCCC1
O=C(c1ccsc1C=C1Oc2ccccc2C2=C1NCC=C2)N1CCCCC1
O=C(c1ccsc1C=C1Oc2ccccc2C2=C1NCC=C2)N1CCCCC1
O=C(c1ccsc1C=C1Oc2ccccc2C2=C1NCC2)N1CCCCC1
O=C(c1ccsc1C=C1Oc2ccccc2C2=C1NCC2)N1CCCCC1
O=C(c1ccsc1C=C1Oc2ccccc2C2=C1NC2)N1CCCCC1
O=C(c1ccsc1C=C1Oc2ccccc2C2=C1NC2)N1CCCCC1
O=C(c1ccsc1C=C1Oc2ccccc2C2=C1NCC2)N1CCCCC1
O=C(c1ccsc1C=C1Oc2ccccc2C2=C1CCC2)N1CCCCC1
O=C(c1ccsc1C=C1Oc2ccccc2C2=C1CC2)N1CCCCC1
O=C(c1ccsc1C=C1Oc2ccccc2C2=C1CC2)N1CCCCC1
O=C(c1ccsc1C=C1Oc2ccccc2C2=C1CC2)N1CCCCC1
O=C(c1ccsc1C=C1Oc2ccccc2C2=C1CC2)N1CCCCC1
O=C(c1ccsc1C=C1Oc2ccccc2C2=C1CC2)N1CCCCCC1
O=C(c1ccsc1C=C1C=Cc2ccccc2O1)N1CCCCCC1
O=C(c1ccsc1C=C1C=Cc2ccccc2O1)N1CCCCCC1
O=C(c1ccsc1C=C1C=C(C2CC2)c2ccccc2O1)N1CCCCCC1
O=C(c1ccsc1C=C1Oc2ccccc2C2=C1CCC2)N1CCCCCC1
O=C(c1ccsc1C=C1Oc2ccccc2C2=C1CCC2)N1CCCCC1
O=C(c1ccsc1C=C1Oc2ccccc2C2=C1C=CC2)N1CCCCC1
O=C(c1ccsc1C=C1Oc2ccccc2C2=C1C=CC2)N1CCCCC1
O=C(c1ccsc1C=C1Oc2ccccc2C2=C1C=CC2)N1CCCCCC1
O=C(c1ccsc1C=C1Oc2ccccc2C2=C1C=CC2)N1CCCCCC1
O=C(c1ccsc1C=C1Oc2ccccc2C2=C1C=CC2)N1CCCCCC1
O=C(c1ccsc1C=C1Oc2ccccc2C2=C1C=CC2)N1CCCCCC1
O=C(c1ccsc1C=C1Oc2ccccc2C2=C1C=CC2)N1CCCCC1
O=C(c1ccsc1C=C1Oc2ccccc2C2=C1C=C2)N1CCCCC1
O=C(c1ccsc1C=C1Oc2ccccc2C2=C1C=C2)N1CCCCCC1
O=C(c1ccsc1C=C1Oc2ccccc2C2=C1C=C2)N1CCCCCCC1
O=C(c1ccsc1C=C1Oc2ccccc2C2=C1C1=C2CCC1)N1CCCCCCC1
O=C(c1ccsc1C=C1Oc2ccccc2C2=C1C1=C2CCC1)N1CCCCCCC1
O=C(c1ccsc1C=C1Oc2ccccc2C2=C1C1=C2C=CC1)N1CCCCCCC1
O=C(c1ccsc1C=C1Oc2ccccc2C2=C1C1=C2CC1)N1CCCCCCC1
O=C(c1ccsc1C=C1Oc2ccccc2C2=C1C1=C2CC1)N1CCCCCC1
O=C(c1ccsc1C=C1Oc2ccccc2C2=C1C1=C2C1)N1CCCCCC1
O=C(c1ccsc1C=C1Oc2ccccc2C2=C1C=C2)N1CCCCCC1
O=C(c1ccsc1C=C1Oc2ccccc2C2=C1C=C2)N1CCCCCC1
O=C(c1ccsc1C=C1Oc2ccccc2C2=C1C=C2)N1CCCCCCC1
O=C(c1ccsc1C=C1Oc2ccccc2C2=CC=C12)N1CCCCCCC1
O=C(c1ccsc1C=C1Oc2ccccc2C2=CC=C12)N1CCCCCC1
O=C(c1ccsc1C=C1Oc2ccccc2C2=CC=C12)N1CCCCC1
O=C(c1ccsc1C=C1Oc2ccccc2C2=CCC=C12)N1CCCCC1
O=C(c1ccsc1C=C1Oc2ccccc2C2=CCC=C12)N1CCCCC1
O=C(c1ccsc1C=C1Oc2ccccc2C2=CCC=C12)N1CCCCC1
O=C(c1ccsc1C=C1Oc2ccccc2C2=CCC=C12)N1CCCCC1
O=C(c1ccsc1C=C1Oc2ccccc2C2=CCC=C12)N1CCCCC1
O=C(c1ccsc1C=C1Oc2ccccc2C2=CCC=C12)N1CCCCC1
O=C(c1ccsc1C=C1Oc2ccccc2C2=CCC=C12)N1CCCCC1
O=C(c1ccsc1C=C1Oc2ccccc2C2=CCC=C12)N1CCCCCC1
O=C(c1ccsc1C=C1Oc2ccccc2C2=CCC=C12)N1CCCCCC1
O=C(c1ccsc1C=C1Oc2ccccc2C2=CCC=C12)N1CCCCCC1
O=C(c1ccsc1C=C1Oc2ccccc2C2=CCC=C12)N1CCCCCC1
O=C(c1ccsc1C=C1Oc2ccccc2C2=CCC=C12)N1CCCCCC1
O=C(c1ccsc1C=C1Oc2ccccc2C2=CCC=C12)N1CCCCC1
O=C(c1ccsc1C=C1Oc2ccccc2C2=CCC=C12)N1CCCCC1
O=C(c1ccsc1C=C1Oc2ccccc2C2=CCC=C12)N1CCCCCC1
O=C(c1ccsc1C=C1Oc2ccccc2C2=CCC=C12)N1CCCCCC1
O=C(c1ccsc1C=C1Oc2ccccc2C2=CCC=C12)N1CCCCCC1
O=C(c1ccsc1C=C1Oc2ccccc2C2=CCC=C12)N1CCCCCC1
O=C(c1ccsc1C=C1Oc2ccccc2C2=CCC=C12)N1CCCCCC1
O=C(c1ccsc1C=C1Oc2ccccc2-c2c[nH]cc21)N1CCCCCC1
O=C(c1ccsc1C=C1Oc2ccccc2-c2c[nH]cc21)N1CCCCCCC1
O=C(c1ccsc1C=C1Oc2ccccc2-c2c[nH]cc21)N1CCCCCCC1
O=C(c1ccsc1C=C1Oc2ccccc2-c2c[nH]cc21)N1CCCCCCC1
O=C(c1ccsc1C=C1Oc2ccccc2-c2c[nH]cc21)N1CCCCCC1
O=C(c1ccsc1C=C1Oc2ccccc2C2=CCNC=C12)N1CCCCCC1
O=C(c1ccsc1C=C1Oc2ccccc2C2=CCNC=C12)N1CCCCCC1
O=C(c1ccsc1C=C1Oc2ccccc2C2=CCCC=C12)N1CCCCCC1
O=C(c1ccsc1C=C1Oc2ccccc2C2=CCCC=C12)N1CCCCCC1
O=C(c1ccsc1C=C1Oc2ccccc2C2=CCCC=C12)N1CCCCCC1
O=C(c1ccsc1C=C1Oc2ccccc2C2=CCCC=C12)N1CCCCCC1
O=C(c1ccsc1C=C1Oc2ccccc2-c2ccccc21)N1CCCCCC1
O=C(c1ccsc1C=C1Oc2ccccc2-c2ccccc21)N1CCCCC1
O=C(c1ccsc1C=C1Oc2ccccc2-c2ccccc21)N1CCCCC1
O=C(c1ccsc1C=C1Oc2ccccc2-c2ccccc21)N1CCCCC1
O=C(c1ccsc1C=C1Oc2ccccc2-c2ccccc21)N1CCCCC1
O=C(c1ccsc1C=C1Oc2ccccc2-c2ccccc21)N1CCCCC1
O=C(c1ccsc1C=C1Oc2ccccc2-c2ccccc21)N1CCCCC1
O=C(c1ccsc1C=C1Oc2ccccc2-c2ccccc21)N1CCCCC1
O=C(c1ccsc1C=C1Oc2ccccc2-c2ccccc21)N1CCCCC1
O=C(c1ccsc1C=C1Oc2ccccc2-c2ccccc21)N1CCCCC1
O=C(c1ccsc1C=C1Oc2ccccc2-c2ccccc21)N1CCCCC1
O=C(c1ccsc1C=C1Oc2ccccc2-c2ccccc21)N1CCCCC1
O=C(c1ccsc1C=C1Oc2ccccc2-c2ccccc21)N1CCCCC1
O=C(c1ccsc1C=C1Oc2ccccc2-c2ccccc21)N1CCCCC1
O=C(c1ccsc1C=C1Oc2ccccc2-c2ccccc21)N1CCCCC1
O=C(c1ccsc1C=C1Oc2ccccc2-c2ccccc21)N1CCCCC1
O=C(c1ccsc1C=C1Oc2ccccc2-c2ccccc21)N1CCCCC1
O=C(c1ccsc1C=C1Oc2ccccc2-c2ccccc21)N1CCCCC1
O=C(c1ccsc1C=C1Oc2ccccc2-c2cccc(NC3CN3)c21)N1CCCCC1
O=C(c1ccsc1C=C1Oc2ccccc2-c2cccc(NC3CN3)c21)N1CCCCC1
O=C(c1ccsc1C=C1Oc2ccccc2-c2cccc(NC3CC3)c21)N1CCCCC1
O=C(c1ccsc1C=C1Oc2ccccc2-c2cccc(NC3CC3)c21)N1CCCCC1
O=C(c1ccsc1C=C1Oc2ccccc2-c2cccc(NC3CCC3)c21)N1CCCCC1
O=C(c1ccsc1C=C1Oc2ccccc2-c2cccc(NC34CC3C4)c21)N1CCCCC1
O=C(c1ccsc1C=C1Oc2ccccc2-c2cccc(NC34CC3C4)c21)N1CCCCCC1
O=C(c1ccsc1C=C1Oc2ccccc2-c2cccc(NC3CC3)c21)N1CCCCCC1
O=C(c1ccsc1C=C1Oc2ccccc2-c2cccc(CC3CC3)c21)N1CCCCCC1
O=C(c1ccsc1C=C1Oc2ccccc2-c2cccc(C3C4CC43)c21)N1CCCCCC1
O=C(c1ccsc1C=C1Oc2ccccc2-c2cccc(C3C4NC43)c21)N1CCCCCC1
O=C(c1ccsc1C=C1Oc2ccccc2-c2cccc(C3=C4NC43)c21)N1CCCCCC1
O=C(c1ccsc1C=C1Oc2ccccc2-c2cccc(C3=C4NC43)c21)N1CCCCCC1
O=C(c1ccsc1C=C1Oc2ccccc2-c2cccc(C3=C4NC43)c21)N1CCCCCCC1
O=C(c1ccsc1C=C1Oc2ccccc2-c2cccc(C3=C4NC43)c21)N1CCCCCCC1
O=C(c1ccsc1C=C1Oc2ccccc2-c2cccc(C3=CC3)c21)N1CCCCCCC1
O=C(c1ccsc1C=C1Oc2ccccc2-c2cccc(C3=CC3)c21)N1CCCCCC1
O=C(c1ccsc1C=C1Oc2ccccc2-c2cccc(C3=CC3)c21)N1CCCCCC1
O=C(c1ccsc1C=C1Oc2ccccc2-c2cccc(C3=CC3)c21)N1CCCCC1
O=C(c1ccsc1C=C1Oc2ccccc2-c2cccc(C3=CC3)c21)N1CCCCC1
O=C(c1ccsc1C=C1Oc2ccccc2-c2cccc(C3=CC3)c21)N1CCCCC1
O=C(c1ccsc1C=C1Oc2ccccc2-c2cccc(C3=CC3)c21)N1CCCCC1
O=C(c1ccsc1C=C1Oc2ccccc2-c2cccc(C3=CC3)c21)N1CCCCC1
O=C(c1ccsc1C=C1Oc2ccccc2-c2cccc(C3=CC3)c21)N1CCCCC1
O=C(c1ccsc1C=C1Oc2ccccc2-c2ccc3[nH]ccc3c21)N1CCCCC1
O=C(c1ccsc1C=C1Oc2ccccc2-c2ccc3[nH]ccc3c21)N1CCCC1
O=C(c1ccsc1C=C1Oc2ccccc2-c2ccc3[nH]ccc3c21)N1CCCC1
O=C(c1ccsc1C=C1Oc2ccccc2-c2ccc3[nH]ccc3c21)N1CCCC1
O=C(c1ccsc1C=C1Oc2ccccc2-c2ccc3[nH]ccc3c21)N1CCCCC1
O=C(c1ccsc1C=C1Oc2ccccc2-c2ccc3[nH]ccc3c21)N1CCCCC1
O=C(c1ccsc1C=C1Oc2ccccc2-c2ccc3[nH]ccc3c21)N1CCCCC1
O=C(c1ccsc1C=C1Oc2ccccc2-c2ccc3[nH]ccc3c21)N1CCCCC1
O=C(c1ccsc1C=C1Oc2ccccc2-c2ccc3[nH]ccc3c21)N1CCCCC1
O=C(c1ccsc1C=C1Oc2ccccc2-c2ccc3[nH]ccc3c21)N1CCCCC1
O=C(c1ccsc1C=C1Oc2ccccc2-c2ccc3[nH]ccc3c21)N1CCCCCC1
O=C(c1ccsc1C=C1Oc2ccccc2-c2ccc3[nH]ccc3c21)N1CCCCCC1
O=C(c1ccsc1C=C1Oc2ccccc2-c2ccc3[nH]ccc3c21)N1CCCCCC1
O=C(c1ccsc1C=C1Oc2ccccc2-c2ccc3[nH]ccc3c21)N1CCCCCC1
O=C(c1ccsc1C=C1Oc2ccccc2-c2ccc3[nH]ccc3c21)N1CCCCCC1
O=C(c1ccsc1C=C1Oc2ccccc2-c2ccc3[nH]ccc3c21)N1CCCCC1
O=C(c1ccsc1C=C1Oc2ccccc2-c2ccc3[nH]ccc3c21)N1CCCCC1
O=C(c1ccsc1C=C1Oc2ccccc2-c2ccc3[nH]ccc3c21)N1CCCCC1
O=C(c1ccsc1C=C1Oc2ccccc2-c2ccc3[nH]ccc3c21)N1CCCCC1
O=C(c1ccsc1C=C1Oc2ccccc2-c2ccc3[nH]ccc3c21)N1CCCCC1
O=C(c1ccsc1C=C1Oc2ccccc2-c2ccc3[nH]ccc3c21)N1CCCCC1
O=C(c1ccsc1C=C1Oc2ccccc2-c2ccc3[nH]ccc3c21)N1CCCCC1
O=C(c1ccsc1C=C1Oc2ccccc2-c2ccc3[nH]ccc3c21)N1CCCCC1
O=C(c1ccsc1C=C1Oc2ccccc2-c2ccc3[nH]ccc3c21)N1CCCCC1
O=C(c1ccsc1C=C1Oc2ccccc2-c2ccc3c(c21)C=CCN3)N1CCCCC1
O=C1C=CC2C(=C1)CCC1C2CCC2C(OC(=O)NCc3ccccc3)CCC21
O=C1C=CC2C(=C1)CCC1C2CCC2C(OC(=O)NCc3ccccc3)CCC21
O=C1C=CC2C(=C1)CCC1C2CCC2C(OC(=O)NCc3ccccc3)CCC21
O=C1C=CC2C(=C1)CCC1C2CCC2C(OC(=O)NCc3ccccc3)CCC21
O=C1C=CC2C(=C1)CCC1C2CCC2C(OC(=O)NCc3ccccc3)CCC21
O=C1C=CC2C(=C1)CCC1C2CCC2C(OC(=O)NCc3ccccc3)CCC21
O=C1C=CC2C(=C1)CCC1C2CCC2C(OC(=O)NCc3ccccc3)CCC21
O=C1C=CC2C(=C1)CCC1CC(COC(=O)NCc3ccccc3)CCC12
O=C(NCc1ccccc1)OCC1CCC2C(CCC3=CCC=CC32)C1
O=C(NCc1ccccc1)OCC1CCC(C2C=CCC=C2)CC1
O=C(NCc1ccccc1)OCC1CCC(C2C=CCC=C2)CC1
O=C(NCc1ccccc1)OCC1CCC(C2C=CCC=C2)CC1
O=C(NCc1ccccc1)OCC1CCC(C2C=CCC=C2)CC1
O=C(NCc1ccccc1)OCC1CCC(C2C=CCC=C2)CC1
O=C(NCc1ccccc1)OCC1CCC(C2C=CCC=C2)CC1
O=C(NCc1ccccc1)OCC1CCC(C2C=CCC=C2)CC1
O=C(NCc1ccccc1)OCC1CCC(C2C=CCC=C2)CC1
O=C(NCc1ccccc1)OCC1CCC(C2C=CCC=C2)CC1
O=C(NCc1ccccc1)OCC1CCC(C2C=CCC=C2)CC1
O=C(NCc1ccccc1)OCC1CCC(C2C=CCC=C2)CC1
O=C(NCc1ccccc1)OCC1CCC(C2C=CCC=C2)CC1
O=C(NCc1ccccc1)OCC1CCC(C2C=CCC=C2)CC1
O=C(NCc1ccccc1)OCN1CCC(C2C=CCC=C2)CC1
O=C(NCCc1ccccc1)OCN1CCC(C2C=CCC=C2)CC1
O=C(NCCc1ccccc1)OCN1CCC(C2C=CCC=C2)CC1
O=C(NCCc1ccccc1)OCN1CCC(C2C=CCC=C2)CC1
O=C(NCCc1ccccc1)OCN1CCC(C2C=CCC=C2)CC1
O=C(NCCc1ccccc1)OCN1CCC(C2C=CCC=C2)CC1
O=C(NCCc1ccccc1)OCN1CCC(C2C=CCC=C2)CC1
O=C(CCN1CCC(C2C=CCC=C2)CC1)NCCc1ccccc1
O=C(CN1CCC(C2C=CCC=C2)CC1)NCCc1ccccc1
O=C(CN1CCC(C2C=CCCC=C2)CC1)NCCc1ccccc1
O=C(CN1CCC(C2C=CCCC=C2)CC1)NCCc1ccccc1
O=C(CN1CCC(C2C=CCC=C2)CC1)NCCc1ccccc1
O=C(CN1CCC(C2C=CCC=C2)CC1)NCCc1ccccc1
O=C(CCN1CCC(C2C=CCC=C2)CC1)NCCc1ccccc1
O=C(CCN1CCC(C2C=CCC=C2)CC1)NCCc1ccccc1
O=C(CCN1CCC(C2C=CCC=C2)CC1)NCCc1ccccc1
O=C(CCN1CCC(C2C=CCC=C2)CC1)NCCc1ccccc1
O=C(CCN1CCC(C2C=CCC=C2)CC1)NCCc1ccccc1
O=C(CCN1CCC(C2C=CCC=C2)CC1)NCCc1ccccc1
O=C(CCN1CCC(C2C=CCC=C2)CC1)NCCc1ccccc1
O=C(CCN1CCC(C2C=CCC=C2)CC1)NCCc1ccccc1
C1=CC(C2CCN(COCc3ccccc3)CC2)C=CC1
C1=CC(C2CCCN(COCc3ccccc3)CC2)C=CC1
C1=CC(C2CCCN(COCc3ccccc3)CC2)C=CC1
C1=CC(C2CCN(COCc3ccccc3)CC2)C=CC1
C1=C2CC2=CC1C1CCN(COCc2ccccc2)CC1
C1=C2CC2=CC1C1CCN(COCc2ccccc2)CC1
C1=CC(C2CCN(COCc3ccccc3)CC2)C=CC1
C1=CC(C2CCNCC2)C=C(OCc2ccccc2)C1
C1=CC(C2CCNCC2)C=C1OCc1ccccc1
C1=CC(C2CCNCC2)C=C1OCc1ccccc1
C1=CC(C2CCNCC2)C=C1OCc1ccccc1
C1=C(OCc2ccccc2)C=C1C1CCNCC1
C1=C(OCc2ccccc2)C=C1C1=CCNCC1
C1=C(OCc2ccccc2)C=C1C1=CCNC1
C1=C(OCc2ccccc2)C=C1C1=CCN2CC12
C1=C(OCc2ccccc2)C=C1C1=CCNC1
C1=C(OCc2ccccc2)C=C1C1=CCNC1
C1=C(OCc2ccccc2)C=C1C1=CCN1
C1=C(OCc2ccccc2)C=C1C1=CCN1
C1=C(OCc2ccccc2)C=C1C1=CCN1
C1=C(OCc2ccccc2)C=C1C1=CCN1
C1=C(OCc2ccccc2)C=C1C1=CCN1
C1=C(OCc2ccccc2)C=C1C1=CCCN1
C1=C(OCc2ccccc2)C=C1C1=CCCCN1
C1=C(OCc2ccccc2)C=C1C1=CCCCN1
C1=C(OCc2ccccc2)C=C1C1=CCCCN1
C1=C(OCc2ccccc2)C=C1C1=CCCCN1
C=C(C1=CC(OCc2ccccc2)=C1)N1CC1
C=C(C1=CC(OCc2ccccc2)=C1)N1CC1
C1=C(CN2CC2)C=C1OCc1ccccc1
C1=CC(N2CC2)CC=C1OCc1ccccc1
c1ccc(COc2ccc(N3CC3)cc2)cc1
c1ccc(COc2ccc(N3CCC3)cc2)cc1
C1=CN(c2ccc(OCc3ccccc3)cc2)C1
C1=CN(c2ccc(OCc3ccccc3)cc2)C1
C1=CN(c2ccc(OCc3ccccc3)cc2)C1
C1=CN(c2ccc(OCc3ccccc3)cc2)C1
c1ccc(COc2ccc3[nH]ccc3c2)cc1
c1ccc(COc2ccc3[nH]ccc3c2)cc1
c1ccc(COc2ccc3[nH]ccc3c2)cc1
c1ccc(COc2ccc3[nH]ccc3c2)cc1
c1ccc(COc2ccc3[nH]ncc3c2)cc1
c1ccc(COc2ccc3[nH]ncc3c2)cc1
c1ccc(COc2ccc3[nH]ncc3c2)cc1
c1ccc(COc2ccc3[nH]ncc3c2)cc1
c1ccc(COc2ccc3[nH]ncc3c2)cc1
c1ccc(COc2ccc3[nH]ncc3c2)cc1
c1ccc(COc2ccc3[nH]ncc3c2)cc1
C1=C(n2ncc3cc(OCc4ccccc4)ccc32)OC1
C1=C(n2ncc3cc(OCc4ccccc4)ccc32)CC1
C1=C(n2ncc3cc(OCc4ccccc4)ccc32)CCC1
C1=CC(n2ncc3cc(OCc4ccccc4)ccc32)=CC1
C1=CC(n2ncc3cc(OCc4ccccc4)ccc32)=C1
C1=CC(n2ncc3cc(OCc4ccccc4)ccc32)=C1
C1=CC(n2ncc3cc(OCc4ccccc4)ccc32)=C1
C1=CC(n2ncc3cc(OCc4ccccc4)ccc32)=C1
C1=CC(n2ncc3cc(OCc4ccccc4)ccc32)=C1
C1=CC(n2ncc3cc(OCc4ccccc4)ccc32)=C1
C1=CC(n2ncc3cc(OCc4ccccc4)ccc32)=C1
C1=CC(n2ncc3cc(OCc4ccccc4)ccc32)=C1
C1=CC(n2ncc3cc(OCc4ccccc4)ccc32)=C1
C1=CC(n2ncc3cc(OCc4ccccc4)ccc32)=C1
C1=CC(n2ncc3cc(OCc4ccccc4)ccc32)=C1
C1=CC(n2ncc3cc(OCc4ccccc4)ccc32)=CCC1
C1=CC(n2ncc3cc(OCc4ccccc4)ccc32)=CCC1
C1=CC(n2ncc3cc(OCc4ccccc4)ccc32)=CCC1
c1ccc(COc2ccc3c(cnn3-c3ccccc3)c2)cc1
c1ccc(COc2ccc3c(cnn3-c3ccccc3)c2)cc1
c1ccc(COc2ccc3c(cnn3-c3ccccc3)c2)cc1
c1ccc(COc2ccc3c(cnn3-c3ccccc3)c2)cc1
c1ccc(COc2ccc3c(cnn3-c3ccccc3)c2)cc1
c1ccc(COc2ccc3c(cnn3-c3ccccc3)c2)cc1
c1ccc(COc2ccc3c(cnn3-c3ccccc3)c2)cc1
c1ccc(COc2ccc3c(cnn3-c3ccccc3)c2)cc1
O=S(=O)(Nc1ccc2c(c1)C(c1ccccc1)Oc1ccccc1-2)c1cccs1
O=S(=O)(NC1=CC=C2c3ccccc3OC(c3ccccc3)C12)c1cccs1
O=S(=O)(NC1=CC=C2c3ccccc3OC(c3ccccc3)C12)c1ccco1
O=S(=O)(NC1=CC=CC1C(Oc1ccccc1)c1ccccc1)c1ccco1
C=C(CC(Oc1ccccc1)c1ccccc1)NS(=O)(=O)c1ccco1
C=C(CC(Oc1ccccc1)c1ccccc1)NS(=O)(=O)C1=CCCO1
O=S(=O)(NCCC(Oc1ccccc1)c1ccccc1)C1=CCCO1
O=S(=O)(NCCC(Oc1ccccc1)c1ccccc1)C1=CCCO1
O=S(=O)(NCCC(Oc1ccccc1)c1ccccc1)C1=CCCO1
O=S(=O)(NCCC(Oc1ccccc1)c1ccccc1)C1=CCCO1
O=S(=O)(NCCC(Oc1ccccc1)c1ccccc1)C1=CCCO1
O=S(=O)(NCCC(Oc1ccccc1)c1ccc(C2CC2)cc1)C1=CCCO1
O=S(NCCC(Oc1ccccc1)c1ccc(C2CC2)cc1)C1=CCCO1
O=S(NCC(Oc1ccccc1)c1ccc(C2CC2)cc1)C1=CCCO1
O=C(NCC(Oc1ccccc1)c1ccc(C2CC2)cc1)C1=CCCO1
O=C(CC1=CCCO1)NCC(Oc1ccccc1)c1ccc(C2CC2)cc1
O=C(CC1=CCCO1)NCC(Oc1ccccc1)c1ccc(C2CC2)cc1
O=C(CC1=CCCO1)NCC(Oc1ccccc1)c1ccc(C2CC2)cc1
O=C(CC1=CCO1)NCC(Oc1ccccc1)c1ccc(C2CC2)cc1
O=C(CC1=CCO1)NCC(Oc1ccccc1)c1ccc(C2CC2)cc1
c1ccc(OCc2ccc(C3CC3)cc2)cc1
c1ccc(OCc2ccc(C3CC3)cc2)cc1
c1ccc(OCc2ccc(C3CC3)cc2)cc1
c1ccc(OCc2ccc(C3CC3)cc2)cc1
c1ccc(OCc2ccc(C3CC3)cc2)cc1
c1ccc(OCc2ccc(C3CC3)cc2)cc1
c1ccc(OCc2ccc(C3CC3)cc2)cc1
O=C(OC1CO1)c1ccc(OCc2ccc(C3CC3)cc2)cc1
O=C(OC1CCO1)c1ccc(OCc2ccc(C3CC3)cc2)cc1
O=C(OC1CCC1)c1ccc(OCc2ccc(C3CC3)cc2)cc1
O=C(OC1CCC1)c1ccc(OCc2ccc(C3CC3)cc2)cc1
O=C(OC1CCC1)c1ccc(OCc2ccc(C3CC3)cc2)cc1
O=C(OC1CCC1)c1ccc(OCc2ccc(C3CC3)cc2)cc1
O=C(OC1CCCC1)c1ccc(OCc2ccc(C3CC3)cc2)cc1
O=C(OC1CCCCC1)c1ccc(OCc2ccc(C3CC3)cc2)cc1
O=C(OC1CCCCC1)c1ccc(OCc2ccc(C3CC3)cc2)cc1
O=C(OC1CCCCC1)c1ccc(OCc2ccc(C3CC3)cc2)cc1
O=C(OC1CCCCCC1)c1ccc(OCc2ccc(C3CC3)cc2)cc1
O=C(OC1CCCCCCC1)c1ccc(OCc2ccc(C3CC3)cc2)cc1
O=C(OC1CCCCCCC1)c1ccc(OCc2ccc(C3CC3)cc2)cc1
O=C(OC1CCCCCCC1)c1ccc(OCc2ccc(C3CC3)cc2)cc1
O=C(OC1CCCCCCC1)c1ccc(OCc2ccc(C3CC3)cc2)cc1
O=C(OC1CCCCCCC1)c1ccc(OCc2ccc(C3CC3)cc2)cc1
O=C(OC1CCCCCCC1)c1ccc(OCc2ccc(C3CC3)cc2)cc1
O=C(OC1CCCCCCC1)c1ccc(OCc2ccc(C3CC3)cc2)cc1
O=C(OC1CCCCCCC1)c1ccc(OCc2ccc(C3CC3)cc2)cc1
O=C(OC1CCCNCCC1)c1ccc(OCc2ccc(C3CC3)cc2)cc1
O=C(OC1CCCNCC1)c1ccc(OCc2ccc(C3CC3)cc2)cc1
O=C(OC1CCCNCC1)c1ccc(OCc2ccc(C3CC3)cc2)cc1
O=C(OC1CCCNCC1)c1ccc(OCc2ccc(C3CC3)cc2)cc1
O=C(OC1CCCNCC1)c1ccc(OCc2ccc(C3CC3)cc2)cc1
O=C(OC1CCCNCC1)c1ccc(OCc2ccc(C3CC3)cc2)cc1
O=C(OC1CCCNC1)c1ccc(OCc2ccc(C3CC3)cc2)cc1
O=C(OC1CCCNC1)c1ccc(OCc2ccc(C3CC3)cc2)cc1
O=C(OC1CCCNC1)c1ccc(OCc2ccc(C3CC3)cc2)cc1
O=C(OC1CCCNC1)c1ccc(OCc2ccc(C3CC3)cc2)cc1
O=C(OC1CCCNC1)c1ccc(OCc2ccc(C3CC3)cc2)cc1
O=C(OC1CCCNC1)c1ccc(OCc2ccc(C3CC3)cc2)cc1
O=C(OC1CCCNC1)c1ccc(OCc2ccc(C3CC3)cc2)cc1
O=C(OC1CCCNC1)c1ccc(OCc2ccc(C3CC3)cc2)cc1
O=C(OC1CCCNC1)c1ccc(OCc2ccc(C3CC3)cc2)cc1
O=C(OC1CCCNC1)c1ccc(OCc2ccc(C3CC3)cc2)cc1
O=C(OC1CCCNC1)c1ccc(OCc2ccc(C3CC3)cc2)cc1
O=C(OC1CCCNC1)c1ccc(OCc2ccc(C3CC3)cc2)cc1
O=C(OC1CCCNC1)c1ccc(OCc2ccc(C3CC3)cc2)cc1
O=C(OC1CCCCNC1)c1ccc(OCc2ccc(C3CC3)cc2)cc1
O=C(OC1CCCCNC1)c1ccc(OCc2ccc(C3CC3)cc2)cc1
O=C(OC1CCCCNC1)c1ccc(OCc2ccc(C3CC3)cc2)cc1
O=C(OC1CCCCNC1)c1ccc(OCc2ccc(C3CC3)cc2)cc1
O=C(OC1CCCCN(C(=O)C2CO2)C1)c1ccc(OCc2ccc(C3CC3)cc2)cc1
O=C(OC1CCCCCN(C(=O)C2CO2)C1)c1ccc(OCc2ccc(C3CC3)cc2)cc1
O=C(OC1CCCCCN(C(=O)C2COC2)C1)c1ccc(OCc2ccc(C3CC3)cc2)cc1
O=C(OC1CCCCCN(C(=O)C2COC2)C1)c1ccc(OCc2ccc(C3CCC3)cc2)cc1
O=C(OC1CCCCCN(C(=O)C2COC2)C1)c1ccc(OCc2ccc(C3CCCC3)cc2)cc1
O=C(OC1CCCCCN(C(=O)C2CCC2)C1)c1ccc(OCc2ccc(C3CCCC3)cc2)cc1
O=C(OC1CCCCCN(C(=O)C2CCCC2)C1)c1ccc(OCc2ccc(C3CCCC3)cc2)cc1
O=C(OC1CCCCCN(C(=O)C2CCCCC2)C1)c1ccc(OCc2ccc(C3CCCC3)cc2)cc1
O=C(OC1CCCCN(C(=O)C2CCCCC2)C1)c1ccc(OCc2ccc(C3CCCC3)cc2)cc1
O=C(OC1CCCN(C(=O)C2CCCCC2)C1)c1ccc(OCc2ccc(C3CCCC3)cc2)cc1
O=C(OC1CCCN(C(=O)C2CCCCC2)C1)c1ccc(OCc2ccc(C3CCC3)cc2)cc1
O=C(OC1CCCN(C(=O)C2CCCCCC2)C1)c1ccc(OCc2ccc(C3CCC3)cc2)cc1
O=C(OC1CCCN(C(=O)C2CCCCCC2)C1)c1ccc(OCc2ccc(C3CCC3)cc2)cc1
O=C(OC1CCCN(C(=O)C2CCCCC2)C1)c1ccc(OCc2ccc(C3CCC3)cc2)cc1
O=C(OC1CCCN(C(=O)C2CCCCC2)C1)c1ccc(OCc2ccc(C3CC3)cc2)cc1
O=C(OC1CCCN(C(=O)C2CCCC2)C1)c1ccc(OCc2ccc(C3CC3)cc2)cc1
O=C(OC1CCCN(C(=O)C2CCC2)C1)c1ccc(OCc2ccc(C3CC3)cc2)cc1
N=C1CC(C(=O)N2CCCC(OC(=O)c3ccc(OCc4ccc(C5CC5)cc4)cc3)C2)C1
O=C1CC(C(=O)N2CCCC(OC(=O)c3ccc(OCc4ccc(C5CC5)cc4)cc3)C2)C1
O=C1CC(C(=O)N2CCCCC(OC(=O)c3ccc(OCc4ccc(C5CC5)cc4)cc3)C2)C1
O=C1CC(C(=O)N2CCCCCC(OC(=O)c3ccc(OCc4ccc(C5CC5)cc4)cc3)C2)C1
O=C1CC(C(=O)N2CCCCCC(OC(=O)c3ccc(OCc4ccc(C5CC5)cc4)cc3)C2)CO1
O=C1CC(C(=O)N2CCCCCC(OC(=O)c3ccc(OCc4ccc(C5CC5)cc4)cc3)C2)CCO1
O=C1CC(C(=O)N2CCCCC(OC(=O)c3ccc(OCc4ccc(C5CC5)cc4)cc3)C2)CCO1
O=C1CC(C(=O)N2CCCC(OC(=O)c3ccc(OCc4ccc(C5CC5)cc4)cc3)C2)CCO1
O=C1CC(C(=O)N2CCCC(OC(=O)c3ccc(OCc4ccc(C5CC5)cc4)cc3)C2)CO1
O=S(=O)(Nc1ccc2c(c1)C(c1ccccc1)Oc1ccccc1-2)c1cccs1
O=S(Nc1ccc2c(c1)C(c1ccccc1)Oc1ccccc1-2)c1cccs1
O=S(Nc1ccc2c(c1)C(Cc1ccccc1)Oc1ccccc1-2)c1cccs1
O=S(Nc1ccc2c(c1)C(=Cc1ccccc1)Oc1ccccc1-2)c1cccs1
O=S(Nc1ccc2c(c1)C(=Cc1ccccc1)Oc1ccccc1-2)c1cccs1
O=C(Nc1ccc2c(c1)C(=Cc1ccccc1)Oc1ccccc1-2)c1cccs1
O=c1[nH]c2ccc3c(c2c2ccsc12)C(=Cc1ccccc1)Oc1ccccc1-3
C(=C1Oc2ccccc2-c2ccc3c(c21)-c1ccsc1CN3)c1ccccc1
C(=C1Oc2ccccc2-c2ccc3c(c21)-c1ccsc1CN3)c1ccccc1
C(=C1Oc2ccccc2-c2ccc3[nH]c4sccc4c3c21)c1ccccc1
C(=C1Oc2ccccc2-c2ccc3[nH]c4sccc4c3c21)c1ccccc1
C(=C1Oc2ccccc2-c2ccc3[nH]c4sccc4c3c21)c1ccccc1
C(=C1Oc2ccccc2-c2ccc3[nH]c4c(c3c21)CCS4)c1ccccc1
C(=C1Oc2ccccc2-c2ccc3[nH]c4c(c3c21)CCS4)c1ccccc1
C(=C1Oc2ccccc2-c2ccc3[nH]c4c(c3c21)CCS4)c1cccnc1
C(=C1Oc2ccccc2-c2ccc3[nH]c4c(c3c21)CCC4)c1cccnc1
C(=C1Oc2ccccc2-c2ccc3[nH]c4c(c3c21)CCCC4)c1cccnc1
C(=C1Oc2ccccc2-c2ccc3[nH]c4c(c3c21)CCCC4)c1cccnc1
C(=C1Oc2ccccc2-c2ccc3[nH]c4c(c3c21)CCC4)c1cccnc1
C(=C1Oc2ccccc2-c2ccc3[nH]ccc3c21)c1cccnc1
C(=C1Oc2ccccc2-c2ccc3[nH]ccc3c21)c1cccnc1
C(=C1Oc2ccccc2-c2ccc3[nH]ccc3c21)c1cccnc1
C(=C1Oc2ccccc2-c2ccc3[nH]ccc3c21)c1cccnc1
C(=C1Oc2ccccc2-c2ccc3[nH]ccc3c21)c1cccnc1
C(=C1Oc2ccccc2-c2ccc3[nH]ccc3c21)c1cccnc1
C(=C1Oc2ccccc2-c2ccc3[nH]ccc3c21)c1cccnc1
C(=C1Oc2ccccc2-c2ccc3[nH]ccc3c21)c1cccnc1
C(=C1Oc2ccccc2-c2ccc3[nH]ccc3c21)c1cccnc1
C(=C1Oc2ccccc2-c2ccc3[nH]ccc3c21)c1cccnc1
C(=C1Oc2ccccc2-c2ccc3[nH]ccc3c21)c1cccnc1
C(=C1Oc2ccccc2-c2ccc3[nH]ccc3c21)c1cccnc1
C(=C1Oc2ccccc2-c2ccc3[nH]ccc3c21)c1cccnc1
C1=CC(c2cc3c4c(ccc3[nH]2)-c2ccccc2OC4=Cc2cccnc2)=C1
C(=C1Oc2ccccc2-c2ccc3[nH]c4c5ccc-5c4c3c21)c1cccnc1
C(=C1Oc2ccccc2-c2ccc3[nH]c4c5ccc-5c4c3c21)c1cccnc1
C(=C1Oc2ccccc2-c2cccc(-c3cc4ccc3-4)c21)c1cccnc1
C(=C1Oc2ccccc2-c2cccc(-c3cc4ccc3-4)c21)c1cccnc1
C(=C1Oc2ccccc2-c2cccc(-c3ccccc3)c21)c1cccnc1
C(=C1Oc2ccccc2-c2cccc(-c3ccccc3)c21)c1cccnc1
C(=C1Oc2ccccc2-c2cccc(-c3ccccc3)c21)c1cccnc1
C(=C1Oc2ccccc2-c2cccc(-c3ccccc3)c21)c1cccnc1
C(=C1Oc2ccccc2-c2cccc(-c3ccccc3)c21)c1cccnc1
C(=C1Oc2ccccc2-c2cccc(-c3ccccc3)c21)c1cccnc1
C(=C1Oc2ccccc2-c2cccc(-c3cccnc3)c21)c1cccnc1
C(=C1Oc2ccccc2-c2cccc(-c3cccnc3)c21)c1cccnc1
C(=C1Oc2ccccc2-c2cccc(-c3cccnc3)c21)c1cccnc1
C(=C1Oc2ccccc2-c2cccc(-c3cccnc3)c21)c1cccnc1
C(=C1Oc2ccccc2-c2cccc(-c3cccnc3)c21)c1ccccc1
C(=C1Oc2ccccc2-c2ccccc21)c1cccc(-c2cccnc2)c1
C(=C1Oc2ccccc2-c2ccccc21)c1cccc(-c2cccnc2)c1
C(=C1Oc2ccccc2-c2ccccc21)c1cccc(-c2cccnc2)c1
C(=C1Oc2ccccc2-c2ccccc21)c1cccc(-c2cccnc2)c1
C(=C1Oc2ccccc2-c2ccccc21)c1cccc(-c2cccnc2)c1
C(=C1Oc2ccccc2-c2ccccc21)c1cccc(-c2cccnc2)c1
C(=C1Oc2ccccc2-c2ccc3c(c21)CCCN3)c1cccc(-c2cccnc2)c1
C(=C1Oc2ccccc2-c2ccc3c(c21)CCCN3)c1cccc(-c2cccnc2)c1
C(=C1Oc2ccccc2-c2ccc3c(c21)CCN3)c1cccc(-c2cccnc2)c1
C(=C1Oc2ccccc2-c2ccc3c(c21)CCN3)c1cccc(-c2cccnc2)c1
C(=C1Oc2ccccc2-c2ccc3c(c21)C1CC1N3)c1cccc(-c2cccnc2)c1
C(=C1Oc2ccccc2-c2ccc3c(c21)CC1CC1N3)c1cccc(-c2cccnc2)c1
C(=C1Oc2ccccc2-c2ccc3c(c21)CC1CC1N3)c1cccc(-c2cccnc2)c1
C(=C1Oc2ccccc2-c2ccc3c(c21)C1CC1N3)c1cccc(-c2cccnc2)c1
C(=C1Oc2ccccc2-c2ccc3c(c21)C1CC1CN3)c1cccc(-c2cccnc2)c1
C(=C1Oc2ccccc2-c2ccc3c(c21)C1CC1CN3)c1cccc(-c2cccnc2)c1
C(=C1Oc2ccccc2-c2ccc3c(c21)CCCN3)c1cccc(-c2cccnc2)c1
C(=C1Oc2ccccc2-c2ccc3c(c21)CCN3)c1cccc(-c2cccnc2)c1
C(=C1Oc2ccccc2-c2ccc3c(c21)CCN3)c1cccc(-c2cccnc2)c1
C(=C1Oc2ccccc2-c2ccc3c(c21)CCN3)c1cccc(-c2cccnc2)c1
C(=C1Oc2ccccc2-c2ccc3c(c21)CCN3)c1cccc(-c2cccnc2)c1
C(=C1Oc2ccccc2-c2ccc3c(c21)CCN3)c1cccc(-c2cccnc2)c1
C(=C1Oc2ccccc2-c2ccc3c(c21)CCN3)c1cccc(-c2cccnc2)c1
C(=C1Oc2ccccc2-c2ccc3c(c21)CCN3)c1cccc(-c2cccnc2)c1
C(=C1Oc2ccccc2-c2ccc3[nH]ccc3c21)c1cccc(-c2cccnc2)c1
C(=C1Oc2ccccc2-c2ccc3[nH]ccc3c21)c1cccc(-c2cccnc2)c1
C(=C1Oc2ccccc2-c2ccc3[nH]ccc3c21)c1cccc(-c2cccnc2)c1
C(=C1Oc2ccccc2-c2ccc3[nH]c4c(c3c21)CCO4)c1cccc(-c2cccnc2)c1
C(=C1Oc2ccccc2-c2ccc3[nH]ccc3c21)c1cccc(-c2cccnc2)c1
C(=C1Oc2ccccc2-c2ccc3[nH]ccc3c21)c1cccc(-c2cccnc2)c1
C(=C1Oc2ccccc2-c2ccc3[nH]ccc3c21)c1cccc(-c2cccnc2)c1
C(=C1Oc2ccccc2-c2ccc3[nH]ccc3c21)c1cccc(-c2cccnc2)c1
C(=C1Oc2ccccc2-c2ccc3[nH]ccc3c21)c1cccc(-c2cccnc2)c1
C(=C1Oc2ccccc2-c2ccc3[nH]ccc3c21)c1cccc(-c2cccnc2)c1
C(=C1Oc2ccccc2-c2ccc3[nH]ccc3c21)c1cccc(-c2cccnc2)c1
C(=C1Oc2ccccc2-c2ccc3[nH]ccc3c21)c1cccc(-c2cccnc2)c1
C(=C1Oc2ccccc2-c2ccc3[nH]ccc3c21)c1cccc(-c2cccnc2)c1
C(=C1Oc2ccccc2-c2ccc3[nH]ccc3c21)c1cccc(-c2cccnc2)c1
C(=C1Oc2ccccc2-c2ccc3[nH]ccc3c21)c1cccc(-c2cccnc2)c1
C(=C1Oc2ccccc2-c2ccc3[nH]ccc3c21)c1cccc(-c2cccnc2)c1
C(=C1Oc2ccccc2-c2ccc3[nH]ccc3c21)c1cccc(-c2cccnc2)c1
C(=C1Oc2ccccc2-c2ccc3[nH]ccc3c21)c1cccc(-c2cccnc2)c1
C1=Cc2c(ccc3c2C(=Cc2cccc(-c4cccnc4)c2)Oc2ccccc2-3)NCC1
C1=Cc2c(ccc3c2C(=Cc2cccc(-c4cccnc4)c2)Oc2ccccc2-3)NC1
C1=Cc2c(ccc3c2C(=Cc2cccc(-c4cccnc4)c2)Oc2ccccc2-3)NC1
C1=Cc2c(ccc3c2C(=Cc2cccc(-c4cccnc4)c2)Oc2ccccc2-3)NC1
C1=Cc2c(ccc3c2C(=Cc2cccc(-c4cccnc4)c2)Oc2ccccc2-3)NC1
C1=Cc2c(ccc3c2C(=Cc2cccc(-c4cccnc4)c2)Oc2ccccc2-3)NC1
C1=Cc2c(ccc3c2C(=Cc2cccc(-c4cccnc4)c2)Oc2ccccc2-3)NC1
O=S(=O)(Nc1ccc2c(c1)C(c1ccccc1)Oc1ccccc1-2)c1cccs1
O=S(=O)(Nc1ccc(-c2ccccc2)c(Cc2ccccc2)c1)c1cccs1
C=C(C=C(Cc1ccccc1)Cc1ccccc1)NS(=O)(=O)c1cccs1
C=C(C=C(Cc1ccccc1)Cc1ccccc1)NS(=O)(=O)c1cccs1
C=C(C=C(Cc1ccccc1)Cc1ccccc1)NS(=O)(=O)c1cccs1
O=S(=O)(NCC=C(Cc1ccccc1)Cc1ccccc1)c1cccs1
O=S(=O)(NCC=C(Cc1ccccc1)Cc1ccccc1)c1cccs1
O=S(=O)(NCC=C(Cc1ccccc1)Cc1ccccc1)c1cccs1
O=S(=O)(NCCC=C(Cc1ccccc1)Cc1ccccc1)c1cccs1
O=S(=O)(NCCC=C(Cc1ccccc1)Cc1ccccc1)c1cccs1
O=S(=O)(NCCC=C(CCc1ccccc1)Cc1ccccc1)c1cccs1
O=S(=O)(NCCC=CCCc1ccccc1)c1ccc(-c2ccccc2)s1
c1ccc(-c2ccsc2-c2ccccc2)cc1
c1ccc(-c2ccsc2-c2ccccc2)cc1
c1ccc(-c2ccsc2-c2ccccc2)cc1
C1=CC(c2ccccc2)=C(c2ccccc2)C1
C1=CC(c2ccccc2)=C(c2ccccc2)C1
C1=CC(c2ccccc2)=C1c1ccccc1
C1=CC(c2ccccc2)=C1c1ccccc1
C1=CC(c2ccccc2)=C1c1ccccc1
O=S(=O)(NCCN1CCC1)C1=CC(c2ccccc2)=C1c1ccccc1
O=S(=O)(NCCN1CCCC1)C1=CC(c2ccccc2)=C1c1ccccc1
O=S(=O)(NCCN1CCCC1)C1=CC(c2ccccc2)=C1c1ccccc1
O=S(=O)(NCCN1CCCC1)C1=CC(c2ccccc2)=C1c1ccccc1
O=S(=O)(NCCN1C2CCC21)C1=CC(c2ccccc2)=C1c1ccccc1
O=S(=O)(NCCN1C2CCC21)C1=CC(c2ccccc2)=C1c1ccccc1
O=S(=O)(NCCN1C2CCC21)C1=CC(c2ccccc2)=C1c1ccccc1
O=S(=O)(NCCN1C2CCC21)C1=CC(c2ccccc2)=C1c1ccccc1
O=S(=O)(NCCN1C2CCC21)C1=CC(c2ccccc2)=C1c1ccccc1
O=S(=O)(NCCN1C2CCC21)C1=CC(c2ccccc2)=C1c1ccccc1
O=S(=O)(NCCN1C2=C1CC2)C1=CC(c2ccccc2)=C1c1ccccc1
O=S(=O)(NCCN1C2=C1CC2)C1=CC(c2ccccc2)=C1c1ccccc1
O=S(=O)(NCCN1C=C1)C1=CC(c2ccccc2)=C1c1ccccc1
O=S(=O)(NCCN1C=C1)C1=CC(c2ccccc2)=C1c1ccccc1
O=S(=O)(NCCN1C=C1)C1=CC(c2ccccc2)=C1c1ccccc1
O=S(=O)(NCCN1C=C1)C1=CC(c2ccccc2)=C1c1ccccc1
O=S(=O)(NCCN1C=C1c1ccccc1)C1=CC(c2ccccc2)=C1
O=S(=O)(NCCn1ccc2ccccc21)C1=CC(c2ccccc2)=C1
O=S(=O)(NCCn1ccc2ccccc21)C1=CC(c2ccccc2)=C1
O=S(=O)(NCCn1ccc2ccccc21)C1=CC(c2ccccc2)=C1
O=S(=O)(NCCn1ccc2ccccc21)C1=CC(c2ccccc2)=C1
O=S(=O)(NCCn1ccc2ccccc21)C1=CC(c2ccccc2)=C1
O=S(=O)(NCCn1ccc2ccccc21)C1=C(c2ccccc2)C=C1
O=S(=O)(NCCn1ccc2ccccc21)C1=C(c2ccccc2)C=C1
O=S(=O)(NCCn1ccc2ccccc21)c1cc2c3ccccc3c1-2
O=S(=O)(NCCn1ccc2ccccc21)C1=CC(c2ccccc2)=C1
O=S(=O)(NCCn1ccc2ccccc21)c1ccccc1C1=CC=C1
O=S(=O)(NCCn1ccc2ccccc21)c1ccccc1C1=CCC1
O=S(=O)(NCCn1ccc2ccccc21)c1ccccc1C1=CCC1
O=S(=O)(NCCn1ccc2ccccc21)c1ccccc1C1=CCC1
O=S(=O)(NCCn1ccc2ccccc21)c1ccccc1C1=CCS1
O=S(=O)(NCCn1ccc2ccccc21)c1ccccc1
O=S(=O)(NCCn1ccc2ccccc21)c1ccccc1
O=S(=O)(NCCn1ccc2ccccc21)c1ccccc1
O=S(=O)(NCCn1ccc2ccccc21)c1ccccc1
O=S(=O)(NCCn1ccc2ccccc21)c1ccccc1
O=S(=O)(NCCn1ccc2ccccc21)c1ccccc1
O=S(=O)(Nc1ccc2c(c1)C(c1ccccc1)Oc1ccccc1-2)c1cccs1
O=S(=O)(Nc1ccc2c(c1)C(c1ccccc1)Oc1ccccc1-2)c1cccs1
O=S(=O)(Nc1ccc2c(c1)C(c1ccccc1)Oc1ccccc1-2)c1cccs1
O=S(=O)(Nc1ccc2c(c1)C(c1ccccc1)Oc1ccccc1-2)C1=C=CS1
O=S(=O)(Nc1ccc(-c2ccccc2)c(Cc2ccccc2)c1)C1=C=CS1
O=S(=O)(Nc1ccccc1Cc1ccccc1-c1ccccc1)C1=C=CS1
O=S(=O)(Nc1ccccc1Cc1ccccc1-c1ccccc1)C1=CS1
O=S(Nc1ccccc1Cc1ccccc1-c1ccccc1)C1=CS1
O=C(Nc1ccccc1Cc1ccccc1-c1ccccc1)C1=CS1
c1ccc(Cc2ccccc2-c2ccccc2)cc1
c1ccc(Cc2ccccc2-c2ccccc2)cc1
c1ccc(Cc2ccccc2Oc2ccccc2)cc1
O=C1C=CC=CC=C(CCc2ccccc2Oc2ccccc2)N1
O=C1C=CC=CC=C(CCc2ccccc2Oc2ccccc2)N1
O=C1NC(CCc2ccccc2Oc2ccccc2)=CC=C2C=C12
O=C1NC(CCc2ccccc2Oc2ccccc2)=CC=C2C=C12
O=C1CC=CC=C(CCc2ccccc2Oc2ccccc2)N1
O=c1cccc(CCc2ccccc2Oc2ccccc2)[nH]1
O=c1cccc(CCc2ccccc2Oc2ccccc2)[nH]1
O=c1cccc(CCc2ccccc2Oc2ccccc2)[nH]1
O=c1[nH]c(CCc2ccccc2)ccc1-c1ccccc1
O=c1[nH]c(CCc2ccccc2)ccc1-c1ccccc1
C1=C(CCc2ccccc2)NCC(c2ccccc2)=C1
c1ccc(CCc2ccc(-c3ccccc3)[nH]2)cc1
c1ccc(CCc2ccc(-c3ccccc3)[nH]2)cc1
c1ccc(CCc2ccc(-c3ccccc3)[nH]2)cc1
c1ccc(CCc2ccc(-c3ccccc3)[nH]2)cc1
c1ccc(CCc2ccc(-c3ccccc3)[nH]2)cc1
c1ccc(CCc2ccc(-c3ccccc3)[nH]2)cc1
c1ccc(CCc2ccc(-c3ccccc3)[nH]2)cc1
c1ccc(CCc2ccc(-c3ccccc3)[nH]2)cc1
c1ccc(CCc2ccc(-c3ccccc3)[nH]2)cc1
c1ccc(CCc2ccc(-c3ccccc3)[nH]2)cc1
c1ccc(CCc2ccc(-c3ccccc3)[nH]2)cc1
c1ccc(CCc2ccc(-c3ccccc3)[nH]2)cc1
c1ccc(CCc2ccc(-c3ccccc3)[nH]2)cc1
c1ccc(CCc2ccc(-c3ccccc3)[nH]2)cc1
c1ccc(CCCc2cccc(-c3ccc[nH]3)c2)cc1
c1ccc(CCCCc2ccc(-c3ccccc3)[nH]2)cc1
c1ccc(CCCCc2ccc(-c3ccccc3)[nH]2)cc1
c1ccc(CCCCc2ccc(-c3ccccc3)[nH]2)cc1
c1ccc(CCCCc2ccc(-c3ccccc3)[nH]2)cc1
c1ccc(CCCCc2ccc(-c3ccccc3)[nH]2)cc1
c1ccc(CCCCc2ccc(-c3ccccc3)[nH]2)cc1
c1ccc(CCCCc2ccc(-c3ccccc3)[nH]2)cc1
c1ccc(CCCCc2ccc(-c3ccccc3)[nH]2)cc1
c1ccc(CCCCc2ccc(-c3ccccc3)[nH]2)cc1
c1ccc(CCCCc2ccc(-c3ccccc3)[nH]2)cc1
c1ccc(CCCCc2ccc(-c3ccccc3)[nH]2)cc1
c1ccc(CCCCc2ccc(-c3ccccc3)[nH]2)cc1
c1ccc(CCCCc2ccc(-c3ccccc3)[nH]2)cc1
c1ccc(CCCCc2ccc(-c3ccccc3)[nH]2)cc1
c1ccc(CCCCc2ccc(-c3ccccc3)[nH]2)cc1
c1ccc(CCCCc2ccc(-c3ccccc3)[nH]2)cc1
c1ccc(CCCCc2ccc(-c3ccccc3)[nH]2)cc1
c1ccc(CCCCc2ccc(-c3ccccc3)[nH]2)cc1
c1ccc(CCCCc2ccc(-c3ccccc3)[nH]2)cc1
c1ccc(CCCCc2ccc(-c3ccccc3)[nH]2)cc1
c1ccc(CCCCc2ccc(-c3ccccc3)[nH]2)cc1
c1ccc(CCCCc2ccc(-c3ccccc3)[nH]2)cc1
c1ccc(CCCCc2ccc(-c3ccccc3)[nH]2)cc1
c1ccc(CCCCc2ccc(-c3ccccc3)[nH]2)cc1
c1ccc(CCCCc2ccc(-c3cccc(C4CCC4)c3)[nH]2)cc1
c1ccc(CCCCc2ccc(-c3cccc(C4CCC4)c3)[nH]2)cc1
c1ccc(CCCCc2ccc(-c3cccc(C4CCC4)c3)[nH]2)cc1
c1ccc(CCCCc2ccc(-c3cccc(C4CCC4)c3)[nH]2)cc1
c1ccc(CCCCc2ccc(-c3ccccc3)[nH]2)cc1
c1ccc(CCCCc2ccc(-c3ccccc3)[nH]2)cc1
c1ccc(CCCCc2ccc(-c3ccccc3)[nH]2)cc1
c1ccc(CCCCc2ccc(-c3ccccc3)[nH]2)cc1
c1ccc(CCCCc2ccc(-c3ccccc3)[nH]2)cc1
c1ccc(CCCCc2ccc(-c3ccccc3)[nH]2)cc1
c1ccc(CCCCc2ccc(-c3ccccc3)[nH]2)cc1
c1ccc(CCCCc2ccc(-c3ccccc3)[nH]2)cc1
c1ccc(CCCCc2ccc(-c3ccccc3)[nH]2)cc1
c1ccc(CCCCc2ccc(-c3ccccc3)[nH]2)cc1
c1ccc(CCCCc2ccc(-c3ccccc3)[nH]2)cc1
c1ccc(CCCCc2ccc(-c3ccccc3)[nH]2)cc1
c1ccc(CCCCc2ccc(-c3ccccc3)[nH]2)cc1
c1ccc(CCCCc2ccc(-c3ccccc3)[nH]2)cc1
c1ccc(CCCCc2ccc(-c3ccccc3)[nH]2)cc1
c1ccc(CCCCc2ccc(-c3ccccc3)[nH]2)cc1
c1ccc(CCCCc2ccc(-c3ccccc3)[nH]2)cc1
c1ccc(CCCCc2ccc(-c3ccccc3)[nH]2)cc1
c1ccc(CCCCc2ccc(-c3ccccc3)[nH]2)cc1
c1ccc(CCCCc2ccc(-c3ccccc3)[nH]2)cc1
c1ccc(CCCCc2ccc(-c3ccccc3)[nH]2)cc1
C1=C(c2ccccc2)NC1CCCCc1ccccc1
c1ccc(CCCCC2=C(c3ccccc3)N2)cc1
c1ccc(CCCCc2cc3ccccc3[nH]2)cc1
O=C1C=C2CCC3C(CCC4C3CCC4(OC(=O)c3ccco3)C(=O)CSc3nccs3)C2CC1
O=C1C=C2CCC3C(CCC4C3CCC4(OC(=O)c3ccco3)C(=O)CSc3nccs3)C2CC1
O=C1C=C2CCC3C(CCC4C3CCC4(OC(=O)c3ccco3)C(=O)CSc3nccs3)C2CC1
O=C(OC1(C(=O)CSc2nccs2)CCC2C3CCC4C(=O)CCC4C3CCC21)c1ccco1
O=C(OC1(C(=O)CSc2nccs2)CCC2C3CCC4C(=O)CCC4C3CCC21)c1ccco1
O=C1CCC2C(CCC3C2CCC2C3CCC2(OC(=O)c2ccco2)C(=O)CSc2nccs2)C1
O=C(OC1(C(=O)CSc2nccs2)CCC2C3CCC4CCCCC4C3CCC21)c1ccco1
O=C(OC(C(=O)CSc1nccs1)C1CCC2C(CCC3CCCCC32)C1)c1ccco1
O=C(OC(C(=O)CSc1nccs1)C1CCC2C(CCC3CCCCC32)C1)c1ccco1
O=C(OC(C(=O)CSc1nccs1)C1CCC2C(CCC3CCCCC32)C1)c1ccco1
O=C(CSc1nc(C(=O)c2ccco2)cs1)CC1CCC2C(CCC3CCCCC32)C1
O=C(CSc1nc(C(=O)c2ccco2)cs1)CC1CCCC(CCC2CCCCC2)C1
O=C(CSc1nc(Cc2ccco2)cs1)CC1CCCC(CCC2CCCCC2)C1
O=C(CSc1nc(Cc2ccco2)cs1)CC1(CCCC2CCCCC2)CCCCC1
O=C(CSC1=NC(Cc2ccco2)S1)CC1(CCCC2CCCCC2)CCCCC1
O=C(CC1(CCCC2CCCCC2)CCCCC1)NSC1=NC(Cc2ccco2)S1
O=C(CC1CCC(CCCC2CCCCC2)CC1)NSC1=NC(Cc2ccco2)S1
O=C(CC1CCC(CCCC2CCCCC2)CC1)NSC1=NC(Cc2ccco2)C1
O=C(CCC1CCC(CCCC2CCCCC2)CC1)NSC1=NC(Cc2ccco2)C1
O=C(CCC1CCC(CCCC2CCCCCC2)CC1)NSC1=NC(Cc2ccco2)C1
O=C(CCC1CCC(CCCC2CCCCCC2)CC1)NSCCCCc1ccco1
O=C(CCC1CCC(CCCC2CCCCCCC2)CC1)NSCCCCc1ccco1
O=C(CCC1CCC(CCCC2CCCCCCC2)CC1)Nc1ccoc1
O=C(CCC1CCC(CCCC2CCCCCC2)CC1)Nc1ccoc1
O=C(CCC1CCC(CCCC2CCCCCC2)CC1)Nc1ccoc1
O=C(CCC1CCC(CCCC2CCCCCC2)CC1)Nc1ccoc1
O=C(CCC1CCC(CCCC2CCCCCC2)CC1)Nc1ccoc1
O=C(CCC1CCC(CCCC2CCCCCC2)CC1)Nc1ccoc1
O=C(CCC1CCC(CCCC2CCCCCC2)CC1)Nc1ccoc1
O=C(CCC1CCC(CCCC2CCCCCC2)CC1)Nc1ccoc1
O=C(CCC1CCC(CCCC2CCCCCC2)CC1)Nc1ccoc1
O=C(CCC1CCC(CCCC2CCCCCC2)CC1)Nc1ccoc1
O=C(CCC1CCC(CCCC2CCCCC2)CC1)Nc1ccoc1
O=C(CCC1CCC(CCCC2CCCCC2)CC1)Nc1ccoc1
O=C(CCC1CCC(CCCC2CCCCC2)CC1)Nc1ccoc1
O=C(CCC1CCC(CCCCC2CCCCC2)CC1)Nc1ccoc1
O=C(CCC1CCCC(CCCCC2CCCCC2)CC1)Nc1ccoc1
O=C(CCC1CCCC(CCCCC2CCCC2)CC1)Nc1ccoc1
O=C(CCC1CCCC(CCCCC2CCCC2)CCC1)Nc1ccoc1
O=C(CCC1CCCC(CCCCC2CCCC2)CCC1)Nc1ccoc1
O=C(CCC1CCCC(CCCCC2CCCC2)CC1)Nc1ccoc1
O=C(CCC1CCCC(CCCC2CCCC2)CC1)Nc1ccoc1
O=C(CCC1CCCC(CCCC2CCCC2)CC1)Nc1ccoc1
O=C(CCC1CCCC(CCCC2CCCC2)CC1)NC1=CC=C1
O=C(CCC1CCCC(CCCC2CCCC2)CC1)NC1=CC=C1
O=C(CCC1CCCCC(CCCC2CCCC2)CC1)NC1=CC=C1
O=C(CCC1CCCCC(CCCC2CCCC2)CC1)NC1=CC=C1
O=C(CCC1CCCCC(CCCC2CCCC2)CC1)NC1=CC=C1
O=C(CCC1CCCCC(CCCC2CCCC2)CC1)NC1=CC=C1
O=C(CCC1CCCCC(CCCCC2CCCC2)CC1)NC1=CC=C1
O=C(CCC1CCCC(CCCCC2CCCC2)CC1)NC1=CC=C1
O=C(CCC1CCCC(CCCCC2CCC2)CC1)NC1=CC=C1
O=C(CCC1CCCC(CCCCC2CCC2)CCC1)NC1=CC=C1
O=C(CCC1CCCC(CCCCC2CCCC2)CCC1)NC1=CC=C1
O=C(CCC1CCCC(CCCCC2CCCC2)CCC1)NC1=CC=C1
O=C(CCC1CCCC(CCCCC2CCOC2)CCC1)NC1=CC=C1
O=C(CCC1CCCC(CCCCC2CCOC2)CCC1)NC1=CC=C1
O=C(CCC1CCCC(CCCCC2CCOC2)CC1)NC1=CC=C1
O=C(CCC1CCCC(CCCCC2CCOC2)CC1)NC1=CC=C1
O=C(CCC1CCCC(CCCCC2CCOC2)CCC1)NC1=CC=C1
O=C(NC1=CC=C1)C(CCCCCCCC1CCOC1)CC1CCCCCCC1
O=C(NC1=CC=C1)C(CCCCCCCC1CCCOC1)CC1CCCCCCC1
O=C(NC1=CC=C1)C(CCCCCCC1CCCOC1)CC1CCCCCCC1
O=C(NC1=CC=C1)C(CCCCCCC1CCCCO1)CC1CCCCCCC1
O=C(NC1=CC=C1)C(CCCCCCC1CCCCO1)CC1CCCCCC1
O=C(NC1=CC=C1)C(CCCCCCC1CCCCO1)CC1CCCCC1
O=C(NC1=CC=C1)C(CCCCCCC1CCCO1)CC1CCCCC1
O=C(NC1=CC=C1)C(CCCCCCC1CCO1)CC1CCCCC1
O=C(NC1=CC=C1)C(CCCCCCC1CCOC1)CC1CCCCC1
O=C(NC1=CC=C1)C(CCCCCCC1CCOC1)CC1CCCCC1
O=C(NC1=CC=C1)C(CCCCCC1CCOC1)CC1CCCCC1
O=C(NC1=CC=C1)C(CCCCCC1CCOC1)CC1CCCCCC1
O=C(NC1=CC=C1)C(CCCCCC1CCOC1)CC1CCCCCC1
O=C(NC1=CC=C1)C(CCCCCC1CCCO1)CC1CCCCCC1
O=C(NC1=CC=C1)C(CCCCCC1CCO1)CC1CCCCCC1
O=C(NC1=CC=C1)C(CCCOCC1CCO1)CC1CCCCCC1
O=C(NC1=CC=C1)C(CCCOCC1CCC1)CC1CCCCCC1
O=C(CCC1CCCCCC1)NC1=CC=C1
O=C(CCC1CCCCCCC1)NC1=CC=C1
O=C(CCC1CCCCCCC1)NC1=CC=C1
O=C(CCC1CCCCCCC1)NC1=CC=C1
O=C(CCC1CCCCCCC1)NC1=CC=C1
O=C(CCC1CCCCCCC1)NC1=CC=C1
O=C(CCC1CCCCCC1)NC1=CC=C1
O=C(CCC1CCCCCC1)NC1=CC=C1
O=C(CCC1CCCCCC1)NC1=CC=C1
O=C(CCC1CCCCCC1)NC1=CC=C1
O=C(CCC1CCCCCC1)NC1=CC=C1
O=C(CCC1CCCCCC1)NC1=CC=C1
O=C(NC1=CC=C1)C(CCOC1CCOC1)CC1CCCCCC1
O=C(CCC1CCCCCC1)NC1=CC=C1
O=C(CCC1CCCCCC1)NC1=CC=C1
O=C(CCC1CCCCC1)NC1=CC=C1
O=C(CCC1CCCCC1)NC1=CC=C1
O=C(CCC1CCCCC1)NC1=CC=C1
O=C(CCC1CCCCC1)NC1=CC=C1
O=C(CCC1CCCCC1)NC1=CC=C1
O=C(CCC1CCCCC1)NC1=CC=C1
O=C(CCC1CCCCC1)NC1=CC=C1
O=C(CCC1CCCCC1)NC1=CC=C1
O=C(CCC1CCCCC1)NC1=CC=C1
O=C(CCC1CCCCC1)NC1=CC=C1
O=C(CCC1CCCCC1)NC1=CC=C1
O=C(CCC1CCCCC1)NC1=CC=C1
O=C(CCC1CCCCC1)NC1=CC=C1
O=C(CCC1CCCCCC1)NC1=CC=C1
O=C(CCC1CCCCCC1)NC1=CC=C1
O=C(CCC1CCCCCC1)NC1=CC=C1
O=C(CCC1CCCCC1)NC1=CC=C1
O=C(CCC1CCCCC1)NC1=CC=C1
O=C(CCC1CCCCCC1)NC1=CC=C1
O=C(CCC1CCCCCC1)NC1=CC=C1
O=C(CCC1CCCCCC1)NC1=CC=C1
O=C(CCC1CCCCCC1)NC1=CC=C1
O=C(CCC1CCCCCC1)NC1=CC=C1
O=C(CCC1CCCCCC1)NC1=CC=C1
O=C(CCC1CCCCCC1)NC1=CC=C1
O=C(CCC1CCCCCC1)NC1=CC=C1
O=C(CCC1CCCCCC1)NC1=CC=C1
O=C(CCC1CCCCC1)NC1=CC=C1
O=C(CCC1CCCCC1)NC1=CC=C1
O=C(CCC1CCCCC1)NC1=CC=C1
O=C(CCC1CCCCC1)NC1=CC=C1
O=C(CCC1CCCCC1)NC1=CC=C1
O=C(CCC1CCCCCC1)NC1=CC=C1
O=C(CCC1CCCCCC1)NC1=CC=C1
O=C(CCC1CCCCCC1)NC1=CC=C1
O=C(CCC1CCCCC1)NC1=CC=C1
O=C(CCC1CCCCC1)NC1=CC=C1
O=C(CCC1CCCCC1)NC1=CC=C1
O=C(CCC1CCCCC1)NC1=CC=C1
O=C(CCC1CCCCC1)NC1=CC=C1
O=C(CCC1CCCCCC1)NC1=CC=C1
O=C(CCC1CCCCCC1)NC1=CC=C1
O=C(CCC1CCCCCC1)NC1=CC=C1
O=C(CCC1CCCCCC1)NC1=CC=C1
O=C(CCC1CCCCCC1)NC1=CC=C1
O=C(CCC1CCCCCC1)NC1=CC=C1
O=C(CCC1CCCCCC1)NC1=CC=C1
O=C(CCC1CCCCCC1)NC1=CC=C1
O=C(CCC1CCCCCC1)NC1=CC=C1
O=C(CCC1CCCCCCC1)NC1=CC=C1
O=C(CCC1CCCCCCC1)NC1=CC=C1
O=C(CCC1CCCCCCC1)NC1=CC=C1
O=C(CCC1CCCCCCC1)NC1=CC=C1
O=C(CCC1CCCCCCC1)NC1=CC=C1
O=C(CCC1CCCCCCC1)NC1=CC=C1
O=C(CCC1CCCCCCC1)NC1=CC=C1
O=C(CCC1CCCCCC1)NC1=CC=C1
O=C(CCC1CCCCCC1)NC1=CC=C1
O=C(CCC1CCCCCC1)NC1=CC=C1
O=C(CCC1CCCCCC1)Nc1ccccc1
O=C(CCC1CCCCCC1)Nc1ccc2c(c1)C2
O=C(CCC1CCCCC1)Nc1ccc2c(c1)C2
O=C(CCC1CCCCC1)Nc1ccc2c(c1)C2
O=C(CCC1CCCCC1)Nc1ccc2c(c1)CC2
O=C(CCC1CCCCC1)Nc1ccc2c(c1)CC2
O=C(CCC1CCCCC1)Nc1ccc2c(c1)CO2
O=C(Nc1ccc2c(c1)CO2)C(CCC1CO1)CC1CCCCC1
O=C(Nc1ccc2c(c1)CO2)C(CCC1CO1)CC1CCCCC1
O=C(Nc1ccc2c(c1)CO2)C(CCC1OO1)CC1CCCCC1
O=C(Nc1ccc2c(c1)CO2)C(CCC1OO1)CC1CCCCC1
O=C(Nc1ccc2c(c1)CO2)C(CCC1OO1)CC1CCCCC1
O=C(Nc1ccc2c(c1)CO2)C(CCC1CO1)CC1CCCCC1
O=C(Nc1ccc2c(c1)CO2)C(CCC1CCO1)CC1CCCCC1
O=C(Nc1ccc2c(c1)CO2)C(CCC1=CCO1)CC1CCCCC1
O=C(Nc1ccc2c(c1)CO2)C(CCC1=CCO1)CC1CCCCCC1
O=C(Nc1ccc2c(c1)CO2)C(CCC1=CO1)CC1CCCCCC1
O=C(Nc1ccc2c(c1)CO2)C(CCC1=COC1)CC1CCCCCC1
O=C(Nc1ccc2c(c1)CO2)C(CCC1=COC1)CC1CCCCC1
O=C(Nc1ccc2c(c1)CO2)C(CCC1=COC1)CC1CCCCC1
O=C(Nc1ccc2c(c1)CO2)C(CCC1=CCOC1)CC1CCCCC1
O=C(Nc1ccc2c(c1)CO2)C(CCC1=CCOC1)CC1CCCCCC1
O=C(Nc1ccc2c(c1)CO2)C(CCC1=CCOC1)CC1CCCCCCC1
O=C(Nc1ccc2c(c1)CO2)C(CCC1=CCCC1)CC1CCCCCCC1
O=C(Nc1ccc2c(c1)CO2)C(CCC1=CCCC1)CC1CCCCCC1
O=C(Nc1ccc2c(c1)CO2)C(CCC1=CC=CC1)CC1CCCCCC1
O=C(Nc1ccc2c(c1)CO2)C(CCC1=CC=CC1)CC1CCCCCC1
O=C(Nc1ccc2c(c1)CO2)C(CCC1=CC=C1)CC1CCCCCC1
O=C(Nc1ccc2c(c1)CC2)C(CCC1=CC=C1)CC1CCCCCC1
O=C(Nc1ccc2c(c1)CC2)C(CCC1=CC=C1)CC1CCCCCC1
O=C(Nc1ccc2c(c1)CC2)C(CCC1=CC=C1)CC1CCCCC1
O=C(Nc1ccc2c(c1)CC2)C(CCC1=CC=C1)CC1CCCC1
O=C(Nc1ccc2c(c1)CCC2)C(CCC1=CC=C1)CC1CCCC1
O=C(Nc1ccc2c(c1)CCC2)C(CCC1=CC=C1)CC1CCCC1
O=C(Nc1ccc2c(c1)CCC2)C(CCC1=CC=C1)CC1CCCCC1
O=C(Nc1ccc2c(c1)CCC2)C(CCC1=CC=C1)CC1CCCCC1
C=C1CCc2cc(NC(=O)C(CCC3=CC=C3)CC3CCCCC3)ccc21
C=C1CCc2cc(NC(=O)C(CCC3=CC=C3)CC3CCCC3)ccc21
O=C1CCc2cc(NC(=O)C(CCC3=CC=C3)CC3CCCC3)ccc21
O=C1CCc2cc(NC(=O)C(CCC3=CC=C3)CC3CCCC3)ccc21
O=C1COCc2cc(NC(=O)C(CCC3=CC=C3)CC3CCCC3)ccc21
O=C1COCc2cc(NC(=O)C(CCCC3=CC=C3)CC3CCCC3)ccc21
O=C1OCc2cc(NC(=O)C(CCCC3=CC=C3)CC3CCCC3)ccc21
O=C1OCc2cc(NC(=O)C(CCCC3=CC=C3)CC3CCCC3)ccc21
O=C1OCc2cc(NC(=O)C(CCCCC3=CC=C3)CC3CCCC3)ccc21
O=C1OCc2cc(NC(=O)C(CCCCCC3=CC=C3)CC3CCCC3)ccc21
O=C1OCc2cc(NC(=O)C(CCC3=CC=C3)CC3CCCC3)ccc21
O=C1OCc2cc(NC(=O)C(CCC3=CC=C3)CC3CCCC3)ccc21
O=C1OCc2cc(NC(=O)C(CCC3=CC=C3)CC3CCCC3)ccc21
O=C1OCc2cc(NC(=O)C(CC3CCCC3)CC(CC3CC3)C3=CC=C3)ccc21
O=C1OCc2cc(NC(=O)C(CCC3=CC=C3)CC3CCCC3)ccc21
O=C1OCc2cc(NC(=O)C(CCC3=CC=C3)CC3CCCCC3)ccc21
O=C1OCc2cc(NC(=O)C(CCC3=CC=C3)CC3CCCCC3)ccc21
O=C1OCc2cc(NC(=O)C(CCC3=CC=C3)CC3CCCCCC3)ccc21
O=C1OCc2cc(NC(=O)C(CCC3=CC=C3)CC3CCCCCC3)ccc21
O=C1OCc2cc(NC(=O)C(CCC3=CC=C3)CC3CCCCCC3)ccc21
O=C1OCc2cc(NC(=O)C(CCC3=CC=C3)CC3CCCCC3)ccc21
O=C1OCc2cc(NC(=O)C(CCC3=CC=C3)CC3CCCC3)ccc21
O=C1OCc2cc(NC(=O)C(CCC3=CC=C3)CC3CCCC3)ccc21
O=C1OCc2cc(NC(=O)C(CCC3=CC=C3)CC3CCCC3)ccc21
O=C1OCc2cc(NC(=O)C(CCC3=CC=C3)CC3CCCC3)ccc21
O=C1OCc2cc(NC(=O)C(CCC3=CC=C3)CC3CCCC3)ccc21
O=C1OCc2cc(NC(=O)C(CCC3=CC=C3)CC3CCCCC3)ccc21
O=C1OCc2cc(NC(=O)C(CCC3=CC=C3)CC3CCCCC3)ccc21
O=C1OCc2cc(NC(=O)C(CCC3=CC=C3)CC3CCCCC3)ccc21
O=C1OCc2cc(NC(=O)C(CCc3ccccc3)CC3CCCCC3)ccc21
O=C1C=C2CCC3C(CCC4C3CCC4(OC(=O)c3ccco3)C(=O)CSc3nccs3)C2CC1
O=C1C=C2CCC3C(CCC4C3CCC4(OC(=O)c3ccco3)C(=O)CSc3nccs3)C2CC1
O=C1C=C2CCC3C(CCC4C3CCC4(OC(=O)c3ccco3)C(=O)CSc3nccs3)C2CC1
O=C1C=C2CCC3C(CCC(OC(=O)c4ccco4)C(=O)CSc4nccs4)CCCC3C2CC1
O=C1C=C2CCC3C(CCC(OC(=O)c4ccco4)C(=O)CSc4nccs4)CCCC3C2CC1
O=C1C=C2CCC3C(CCC(OC(=O)c4ccco4)C(=O)CSc4nccs4)CCCC3C2C1
O=C(OC(CCC1CCCC2C1CCC1C(=O)CC12)C(=O)CSc1nccs1)c1ccco1
O=C(OC(CCC1CCCC2C1CCC1C(=O)CC12)C(=O)CSc1nccs1)c1ccco1
O=C(OC(CCCCCCC1CCCC2C(=O)CC12)C(=O)CSc1nccs1)c1ccco1
O=C(OC(CCCCCCC1CCCC2C(=O)CC12)C(=O)CSc1nccs1)c1ccco1
O=C(OC(CCCCCCC1CCCC2C(=O)CC12)C(=O)CSc1nccs1)c1ccco1
O=C(OC(CCCCCCC1CCCC2C(=O)CC12)C(=O)Sc1nccs1)c1ccco1
O=C1CCCCC(CCCCCCC(OC(=O)c2ccco2)C(=O)Sc2nccs2)CC1
O=C1CCCCC(CCCCCCC(OC(=O)c2ccco2)C(=O)SC2=NCS2)CC1
O=C1CCCCC(NCCCCCCC(OC(=O)c2ccco2)C(=O)SC2=NCS2)CC1
O=C1CCCCC(NCCCCCCCOC(=O)c2ccco2)CC1
O=C1CCCCC(NCCCCCCCOC(=O)c2ccco2)CO1
O=C1CCCCC(NCCCCCCOC(=O)c2ccco2)CO1
O=C1CCCCC(NCCCCCCOC(=O)c2ccco2)CO1
O=C1CCCCC(NCCCCCCOC(=O)c2ccco2)CO1
O=C1CCCCC(NCCCCCCOC(=O)c2ccco2)CO1
O=C1CCCCC(NCCCCCCOC(=O)c2ccco2)CO1
O=C1CCCCC(NCCCCCCOC(=O)c2ccco2)CO1
O=C1CCCCC(NCCCCCCOC(=O)c2ccco2)CO1
O=C1CCCCC(N2CCCC2CCOC(=O)c2ccco2)CO1
O=C1CCCCC(N2CCCC2CCOC(=O)c2ccco2)CO1
O=C1CCCCC(N2CCCC2CCOC(=O)c2ccco2)CO1
O=C1CCCCC(N2CCCC2CCOC(=O)c2ccco2)CO1
O=C1CCCCC(N2CCCC2CCOC(=O)c2ccco2)CO1
O=C1CCCCC(N2CCCC2CCOC(=O)c2ccco2)CO1
O=C1CCCCC(N2CCCC2CCOC(=O)c2ccco2)CO1
O=C1CC(CCOC(=O)c2ccco2)CCC(N2CCCC2)CO1
O=C1CC(CCOC(=O)c2ccco2)CCC(N2CCCC2)CO1
O=C1CC(CCOC(=O)c2ccco2)CCC(N2CCCC2)CO1
O=C1CC(CCOC(=O)c2ccoc2)CCC(N2CCCC2)CO1
O=C1CC(CCOC(=O)c2ccoc2)CCC(N2CCCC2)CO1
O=C1CC(CCOC(=O)c2ccoc2)CCC(N2CCCC2)CO1
O=C1CC(CCOC(=O)c2ccoc2)CCC(N2CCCC2)CO1
O=C1CC(CCOC(=O)c2ccoc2)CCC(N2CCCC2)CO1
O=C1CC(c2ccco2)CCC(N2CCCC2)CO1
O=C1CC(c2ccco2)CCC(N2CCCC2)CO1
O=C1CC(c2occc2C(=O)OC2CCCCNC2)CCC(N2CCCC2)CO1
O=C1CC(c2occc2C(=O)OC2CCCCNC2)CCCCO1
O=C1CC(c2occc2C(=O)OC2CCCNC2)CCCCO1
O=C1CC(c2occc2C(=O)OC2CCCNC2)CCCCO1
O=C1CC(c2occc2C(=O)OC2CCCNC2)CCCCO1
O=C1CC(c2occc2C(=O)OC2CCCNC2)CCCCO1
O=C1CC(c2occc2C(=O)OC2CCCNC2)CCCCO1
O=C1CC(c2occc2C(=O)OC2CCCNC2)CCCCO1
O=C1CC(c2occc2C(=O)OC2CCCNC2)CCCCO1
O=C1CC(c2occc2C(=O)OC2CCCNC2)CCCCO1
O=C1CC(c2occc2C(=O)OC2CCCNC2)CCCO1
O=C1CC(c2occc2C(=O)OC2CCCNC2)CCCO1
O=C1CC(c2[nH]ccc2C(=O)OC2CCCNC2)CCCO1
O=C1CC(c2[nH]ccc2C(=O)OC2CCCNC2)CCCO1
O=C1CC(c2[nH]ccc2C(=O)OC2CCCNC2)CCCO1
O=C1CC(c2[nH]ccc2C(=O)OC2CCCNC2)CCO1
O=C1CC(c2[nH]ccc2C(=O)OC2CCCNC2)CCO1
O=C1CC(Cn2ccc(C(=O)OC3CCCNC3)c2)CCO1
O=C1CC(n2ccc(C(=O)OC3CCCNC3)c2)CCO1
O=C1CC(C2C=CC(C(=O)OC3CCCNC3)=C2)CCO1
O=C1CC(C2=CC(C(=O)OC3CCCNC3)=C2)CCO1
O=C1CC(C2=CC(C(=O)OC3CCCNC3)=C2)CCO1
O=C1CC(CC(=O)N2CCCC(OC(=O)C3=CC=C3)C2)CCO1
O=C1CC(C(=O)N2CCCC(OC(=O)C3=CC=C3)C2)CCO1
O=C1CC(C(=O)N2CCCC(OC(=O)C3=CC=C3)C2)CCO1
O=C1CC(C(=O)N2CCCC(OC(=O)C3=CC=C3)C2)CCCO1
O=C1CC(C(=O)N2CCCC(OC(=O)C3=CC=C3)C2)CCCO1
O=C1CC(C(=O)N2CCCC(OC(=O)C3=CC=C3)C2)CCCCO1
O=C1CC(C(=O)N2CCCC(OC(=O)C3=CC=C3)C2)CCCCO1
O=C1CC(C(=O)N2CCCC(OC(=O)C3=CC=C3)C2)CCCCO1
O=C1CC(C(=O)N2CCCC(OC(=O)C3=CC=C3)C2)CCCCO1
O=C1CC(C(=O)N2CCCC(OC(=O)C3=CC=C3)C2)CCCO1
O=C1CC(C(=O)N2CCCC(OC(=O)C3=CC=C3)C2)CCCO1
O=C1CC(C(=O)N2CCCC(OC(=O)C3=CC=C3)C2)CCCO1
O=C1CC(C(=O)N2CCCC(OC(=O)C3=CC=C3)C2)CCCO1
O=C1CC(C(=O)N2CCCC(OC(=O)C3=CC=C3)C2)CCCO1
O=C1CC(C(=O)N2CCCC(OC(=O)C3=CC=C3)C2)CCCO1
O=C1CC(C(=O)N2CCCC(OC(=O)C3=CC=C3)C2)CCCO1
O=C1CC(C(=O)N2CCCC(OC(=O)C3=CC=C3)C2)CCCO1
O=C1CC(C(=O)N2CCCC(OC(=O)C3=CC=C3)C2)CCCO1
O=C1CC(C(=O)N2CCCC(OC(=O)C3=CC=C3)C2)CCCO1
O=C1CC(C(=O)N2CCCC(OC(=O)C3=CC=C3)C2)CCCO1
O=C1CC(C(=O)N2CCCC(OC(=O)C3=CC=C3)C2)CCCO1
O=C1CC(C(=O)N2CCCC(OC(=O)C3=CC=C3)C2)CCCO1
O=C1CC(C(=O)N2CCCC(OC(=O)C3=CC=C3)C2)CCCO1
O=C1CC(C(=O)N2CCCC(OC(=O)C3=CC=C3)C2)CCCO1
O=C1CC(C(=O)N2CCCC(OC(=O)C3=CC=C3)C2)CCCO1
O=C1CC(C(=O)N2CCCC(OC(=O)C3=CC=C3)C2)CCCCO1
O=C1CC(C(=O)N2CCCC(OC(=O)C3=CC=C3)C2)CCCCO1
O=C1CC(C(=O)N2CCCC(OC(=O)C3=CC=C3)C2)CCCCO1
O=C1CC(C(=O)N2CCCC(OC(=O)C3=CC=C3)C2)CCCCO1
O=C1CC(C(=O)N2CCCC(OC(=O)C3=CC=C3)C2)CCCCO1
O=C1CC(C(=O)N2CCCC(OC(=O)C3=CC=C3)C2)CCCCO1
O=C1CC(C(=O)N2CCCC(OC(=O)C3=CC=C3)C2)CCCO1
O=C1CC(C(=O)N2CCCC(OC(=O)C3=CC=C3)C2)CCCO1
O=C1CC(C(=O)N2CCCC(OC(=O)C3=CC=C3)C2)CCCO1
O=C1CC(C(=O)N2CCCC(OC(=O)C3=CC=C3)C2)CCCCO1
O=C1CC(C(=O)N2CCCC(OC(=O)C3=CC=C3)C2)CCCCO1
O=C1CC(C(=O)N2CCCC(OC(=O)C3=CC=C3)C2)CCCO1
O=C1CC(C(=O)N2CCCC(OC(=O)C3=CC=C3)C2)CCCO1
O=C1CC(C(=O)N2CCCC(OC(=O)C3=CC=C3)C2)CCCO1
O=C1CC(C(=O)N2CCCC(OC(=O)C3=CC=C3)C2)CCCCO1
O=C1CC(C(=O)N2CCCC(OC(=O)C3=CC=C3)C2)CCCCO1
O=C1CC(C(=O)N2CCCC(OC(=O)C3=CC=C3)C2)CCCCO1
O=C1CC(C(=O)N2CCCC(OC(=O)C3=CC=C3)C2)CCCO1
O=C1CC(C(=O)N2CCCC(OC(=O)C3=CC=C3)C2)CCCO1
O=C1CC(C(=O)N2CCCC(OC(=O)C3=CC=C3)C2)CCCO1
O=C1CC(C(=O)N2CCCC(OC(=O)C3=CC=C3)C2)CCCO1
O=C1CC(C(=O)N2CCCC(OC(=O)C3=CC=C3)C2)CCCO1
O=C1CC(C(=O)N2CCCC(OC(=O)C3=CC=C3)C2)CCCO1
O=C1CC(C(=O)N2CCCC(OC(=O)C3=CC=C3)C2)CCCO1
O=C1CC(C(=O)N2CCCC(OC(=O)C3=CC=C3)C2)CCCO1
O=C1CC(C(=O)N2CCCC(OC(=O)C3=CC=C3)C2)CCCCO1
O=C1CC(C(=O)N2CCCC(OC(=O)C3=CC=C3)C2)CCCCO1
O=C1CC(C(=O)N2CCCC(OC(=O)C3=CC=C3)C2)CCCCO1
O=C1CC(C(=O)N2CCCC(OC(=O)C3=CC=C3)C2)CCCCO1
O=C1CC(C(=O)N2CCCC(OC(=O)C3=CC=C3)C2)CCCCO1
O=C1CC(C(=O)N2CCCC(OC(=O)C3=CC=C3)C2)CCCCO1
O=C1CC(C(=O)N2CCCC(OC(=O)C3=CC=C3)C2)CCCCO1
O=C1CC(C(=O)N2CCCC(OC(=O)C3=CC=C3)C2)CCCCO1
O=C1CC(C(=O)N2CCCC(OC(=O)C3=CC=C3)C2)CCCCO1
O=C1CC(C(=O)N2CCCC(OC(=O)C3=CC=C3)C2)CCCCO1
O=C1CC(C(=O)N2CCCC(OC(=O)C3=CC=C3)C2)CCCCO1
O=C1CC(C(=O)N2CCCC(OC(=O)C3=CC=C3)C2)CCCCO1
O=C1CC(C(=O)N2CCCC(OC(=O)C3=CC=C3)C2)CCCCO1
O=C1CC(C(=O)N2CCCC(OC(=O)C3=CC=C3)C2)CCCCO1
O=C1CC(C(=O)N2CCCC(OC(=O)C3=CC=C3)C2)CCCCO1
O=C1CC(C(=O)N2CCCC(OC(=O)C3=CC=C3)C2)CCCCO1
O=C1CC(C(=O)N2CCCC(OC(=O)C3=CC=C3)C2)CCCCO1
O=C1CC(C(=O)N2CCCC(OC(=O)C3=CC=C3)C2)CCCCO1
O=C1CC(C(=O)N2CCCC(OC(=O)C3=CC=C3)C2)CCCCO1
O=C1CC(C(=O)N2CCCCC(OC(=O)C3=CC=C3)C2)CCCCO1
O=C1CC(C(=O)N2CCCCC(OC(=O)C3=CC=C3)C2)CCCCO1
O=C1CC(C(=O)N2CCCCC(OC(=O)C3=CC=C3)C2)CCCO1
O=C1CC(C(=O)N2CCCC(OC(=O)C3=CC=C3)C2)CCCO1
O=C1CC(C(=O)N2CCCC(OC(=O)C3=CC=C3)C2)CCCO1
O=C1CC(C(=O)N2CCCC(OC(=O)C3=CC=C3)C2)CCCO1
O=C1CC(C(=O)N2CCCC(OC(=O)C3=CC=C3)C2)CCCO1
O=C1CC(C(=O)N2CCCC(OC(=O)C3=CC=C3)C2)CCCO1
O=C1CC(C(=O)N2CCCC(OC(=O)C3=CC=C3)C2)CCCO1
O=C1CC(C(=O)N2CCCC(OC(=O)C3=CC=C3)C2)CCCCO1
O=C1CC(C(=O)N2CCCC(OC(=O)C3=CC=C3)C2)CCCCO1
O=C1CC(C(=O)N2CCCCC(OC(=O)C3=CC=C3)C2)CCCCO1
O=C1CC(C(=O)N2CCCCC(OC(=O)C3=CC=C3)C2)CCCCO1
O=C1CC(C(=O)N2CCCCC(OC(=O)C3=CC=C3)C2)CCCCO1
O=C1CC(C(=O)N2CCCCC(OC(=O)C3=CC=C3)C2)CO1
O=C1CC(C(=O)N2CCCCC(OC(=O)C3=CC=C3)C2)CO1
O=C1CC(C(=O)N2CCCCC(OC(=O)C3=CC=C3)C2)CO1
O=C1CC(C(=O)N2CCCCC(OC(=O)C3=CC=C3)C2)CO1
O=C1CC(C(=O)N2CCCCCC(OC(=O)C3=CC=C3)C2)CO1
O=C1CC(C(=O)N2CCCCCC(OC(=O)C3=CC=C3)C2)CO1
O=C1CC(C(=O)N2CCCCC(OC(=O)C3=CC=C3)C2)CO1
O=C1CC(C(=O)N2CCCC(OC(=O)C3=CC=C3)C2)CO1
O=C1CC(C(=O)N2CCCC(OC(=O)C3=CC=C3)C2)CO1
O=C1CC(C(=O)N2CCCC(OC(=O)C3=CC=C3)C2)CO1
O=C1CC(C(=O)N2CCCC(OC(=O)C3=CC=C3)C2)CO1
O=C1CC(C(=O)N2CCCC(OC(=O)C3=CC=C3)C2)CO1
O=C1CC(C(=O)N2CCCC(OC(=O)C3=CC=C3)C2)CO1
C=C(OC1CCCN(C(=O)C2COC(=O)C2)C1)C1=CC=C1
C=C(OC1CCCN(C(=O)C2COC(=O)C2)C1)C1=CC=C1
C=C(OC1CCCN(C(=O)C2COC(=O)C2)C1)C1=CC=C1
O=C1CC(C(=O)N2CCCC(Oc3ccccc3)C2)CO1
O=C1CC(C(=O)N2CCCC(Oc3ccccc3)C2)CO1
O=C1CC(C(=O)N2CCCC(Oc3ccccc3)C2)CO1
O=C1CC(C(=O)N2CCCC(Oc3ccccc3)C2)CO1
O=C1CC(C(=O)N2CCCC(Oc3ccccc3)C2)CO1
O=C1CC(C(=O)N2CCCC(Oc3ccccc3)C2)CO1
O=C1CC(C(=O)N2CCCC(Oc3ccccc3)C2)CO1
O=C1CC(C(=O)N2CCCC(Oc3ccccc3)C2)CO1
O=C1CC(C(=O)N2CCCC(Oc3ccccc3)C2)CO1
O=C1CC(C(=O)N2CCCC(Oc3ccccc3)C2)CO1
O=C1CC(C(=O)N2CCCC(Oc3ccccc3)C2)CO1
O=C1CC(C(=O)N2CCCC(Oc3ccccc3)C2)CO1
O=C1CC(C(=O)N2CCCC(Oc3ccc(COC4=CCC4)cc3)C2)CO1
O=C1CC(C(=O)N2CCCC(Oc3ccc(COC4=CC=C4)cc3)C2)CO1
O=C1CC(C(=O)N2CCCC(Oc3ccc(COC4=CC=C4)cc3)C2)CO1
O=C1CC(C(=O)N2CCCC(Oc3ccc(COC4=CC=C4)cc3)C2)CO1
O=C1CC(C(=O)N2CCCC(Oc3ccc(COC4=CC=C4)cc3)C2)CO1
O=C1CC(C(=O)N2CCCC(Oc3ccc(COc4cc[nH]c4)cc3)C2)CO1
O=C1CC(C(=O)N2CCCC(Oc3ccc(COc4cc[nH]c4)cc3)C2)CO1
O=C1CC(C(=O)N2CCCC(Oc3ccc(COc4cc[nH]c4)cc3)C2)CO1
O=C1CC(C(=O)N2CCCC(Oc3ccc(COc4cc[nH]c4)cc3)C2)CO1
O=C1CC(C(=O)N2CCCCC(Oc3ccc(COc4cc[nH]c4)cc3)C2)CO1
O=C1CC(C(=O)N2CCCCC(Oc3ccc(COc4cc[nH]c4)cc3)C2)CO1
O=C1CC(C(=O)N2CCCCC(Oc3ccc(COC4=CCC=C4)cc3)C2)CO1
O=C1CC(C(=O)N2CCCCC(Oc3ccc(COC4=CCC=C4)cc3)C2)CO1
O=C1CC(C(=O)N2CCCCCC(Oc3ccc(COC4=CCC=C4)cc3)C2)CO1
O=C1CC(C(=O)N2CCCCCC(Oc3ccc(COC4=CC=C4)cc3)C2)CO1
O=C1CC(C(=O)N2CCCCCC(Oc3ccc(COC4=CC=C4)cc3)C2)CO1
O=C1CC(C(=O)N2CCCC(c3ccc(COC4=CC=C4)cc3)CCC2)CO1
O=C1CC(C(=O)N2CCCC(c3ccc(COC4=CC=C4)cc3)CC2)CO1
O=C1CC(C(=O)N2CCCC(c3ccc(COC4=CC=C4)cc3)CC2)CO1
O=C1CC(C(=O)N2CCCC(c3ccc(COC4=CC=C4)cc3)CCC2)CO1
O=C1CC(C(=O)N2CCCC(c3ccc(COC4=CC=C4)cc3)CC2)CO1
O=C1CC(C(=O)N2CCCC(c3ccc(COC4=CC=C4)cc3)CC2)CO1
O=C1CC(C(=O)N2CCCC(c3ccc(COC4=CC=C4)cc3)CC2)CO1
O=C1CC(C(=O)N2CCCC(c3ccc(COC4=CC=C4)cc3)C2)CO1
O=C1CC(C(=O)N2CCCCC(c3ccc(COC4=CC=C4)cc3)C2)CO1
O=C1CC(C(=O)N2CCCCC(c3ccc(COC4=CCC=C4)cc3)C2)CO1
O=C1CC(C(=O)N2CCCC(c3ccc(COC4=CCC=C4)cc3)C2)CO1
O=C1CC(C(=O)N2CCCC(c3ccc(COC4=CCCC=C4)cc3)C2)CO1
O=C1CC(C(=O)N2CCCCC(c3ccc(COC4=CCCC=C4)cc3)C2)CO1
O=C1CC(C(=O)N2CCCCC(c3ccc(COc4ccccc4)cc3)C2)CO1
O=C1CC(C(=O)N2CCCCC(c3ccc(COc4ccccc4)cc3)C2)CO1
O=C1CC(C(=O)N2CCCCC(c3ccc(COc4ccccc4)cc3)C2)CO1
O=C1CC(C(=O)N2CCCC(c3ccc(COc4ccccc4)cc3)C2)CO1
O=C1CC(C(=O)N2CCCC(c3ccc(COc4ccccc4)cc3)C2)CO1
O=C1CC(C(=O)N2CCCC(c3ccc(COc4ccccc4)cc3)C2)CO1
O=C1CC(C(=O)N2CCCC(c3ccc(COc4ccccc4)cc3)C2)CO1
O=C1CC(C(=O)N2CCCC(c3ccc(COc4ccccc4)cc3)C2)CO1
O=C1CC(C(=O)N2CCCC(c3ccc(COc4ccccc4)cc3)C2)CO1
O=C1CC(C(=O)N2CCCC(c3ccc(COc4ccccc4)cc3)C2)CO1
O=C1CC(C(=O)N2CCCC(c3ccc(COc4ccccc4)cc3)C2)CO1
O=C1CC(C(=O)N2CCCC(c3ccc(COc4ccccc4)cc3)C2)CO1
O=C1CC(C(=O)N2CCCC(c3ccc(COc4ccccc4)cc3)C2)CO1
O=C1CC(C(=O)N2CCCC(c3ccc(COc4ccccc4)cc3)C2)CO1
O=C1CC(C(=O)N2CCCC(c3ccc(COc4ccccc4)cc3)C2)CO1
O=C1CC(C(=O)N2CCCC(c3ccc(COc4ccccc4)cc3)C2)CO1
O=C1CC(C(=O)N2CCCC(c3ccc(COc4ccccc4)cc3)C2)CO1
O=C1CC(C(=O)N2CCCC(c3ccc(COc4ccccc4)cc3)C2)CO1
O=C1CC(C(=O)N2CCCC(OC(=O)c3ccc(OCc4ccccc4)cc3)C2)CO1
O=C1CC(C(=O)N2CCCC(OC(=O)c3ccc(OCc4ccccc4)cc3)C2)CO1
O=C1CC(C(=O)N2CCCC(OC(=O)c3ccc(OCc4ccccn4)cc3)C2)CO1
O=C1CC(C(=O)N2CCCC(OC(=O)c3ccc(OCc4ccccn4)cc3)C2)CO1
O=C1CC(C(=O)N2CCCC(OC(=O)c3ccc(OCc4ccccc4)cc3)C2)CO1
O=C1CC(C(=O)N2CCCC(OC(=O)c3ccc(OCc4ccccc4)cc3)C2)CO1
O=C1CC(C(=O)N2CCCCC(OC(=O)c3ccc(OCc4ccccc4)cc3)C2)CO1
O=C1CC(C(=O)N2CCCCC(OC(=O)c3ccc(OCc4ccccc4)cc3)C2)CO1
O=C1CC(C(=O)N2CCCCC(OC(=O)c3ccc(OCc4ccccc4)cc3)C2)CO1
O=C1CC(C(=O)N2CCCCC(OC(=O)c3ccc(OCc4ccccc4)cc3)C2)CO1
O=C1CC(C(=O)N2CCCC(OC(=O)c3ccc(OCc4ccccc4)cc3)C2)CO1
O=C1CC(C(=O)N2CCCC(OC(=O)c3ccc(OCc4ccc(C5CC5)cc4)cc3)C2)CO1
O=C1C=C2CCC3C(CCC4C3CCC4(OC(=O)c3ccco3)C(=O)CSc3nccs3)C2CC1
O=C1C=C2CCC3C(CCC4C3CCC4(OC(=O)c3ccco3)C(=O)CSc3nccs3)C2CC1
O=C1C=C2CCC3C(CCC4C3CCC4(OC(=O)c3ccco3)C(=O)CSc3nccs3)C2CC1
O=C1C=C2CCC3C(CCC4C3CCC4(OC(=O)c3ccco3)C(=O)CSc3nccs3)C2CCC1
O=C1C=C2CCC3C(CCC4C3CCC4(OCc3ccco3)C(=O)CSc3nccs3)C2CCC1
O=C1C=C2CCC3C(CCC4C3CC(C(=O)CSc3nccs3)C4OCc3ccco3)C2CCC1
O=C1C=C2CCC3C(CCC4C(OCc5ccco5)C(C(=O)CSc5nccs5)C34)C2CCC1
O=C1C=C2CC3C(CCC4C(OCc5ccco5)C(C(=O)CSc5nccs5)C34)C2CCC1
O=C1C=CC(C2CCC3C(C2)C(C(=O)CSc2nccs2)C3OCc2ccco2)CCC1
O=C1C=CC(C2CCC3C(C2)C(OC(=O)CSc2nccs2)C3OCc2ccco2)CCC1
O=C1C=CC(C2CCC3C(C2)C(OC(=O)CNc2nccs2)C3OCc2ccco2)CCC1
O=C(CNc1nccs1)OC1CC2CCC(C3C=C(Cc4ccco4)C(=O)CCC3)CC21
O=C(Nc1nccs1)OC1CC2CCC(C3C=C(Cc4ccco4)C(=O)CCC3)CC21
O=C(Nc1nccs1)OC1CC2CCC(C3C=C(Cc4ccco4)C(=O)CCC3)CC21
O=C(Nc1nccs1)OC1CC2CCC(C3C=C(Cc4ccco4)C(=O)CCC3)CC21
O=C(Nc1nccs1)OC1CC2CCC(C3C=C(Cc4ccco4)C(=O)CCC3)CC21
O=C(Nc1nccs1)OC1CCCCC(C2C=C(Cc3ccco3)C(=O)CCC2)CC1
O=C(Nc1nccs1)OC1CCCCC(C2C=C(Cc3ccco3)C(=O)CCC2)C1
O=C(CC1CCCCC(C2C=C(Cc3ccco3)C(=O)CCC2)C1)Nc1nccs1
O=C(CC1CCCCC(C2C=C(Cc3ccco3)C(=O)CCC2)C1)Nc1nccs1
O=C(CC1CCCCC(C2C=C(Cc3ccco3)C(=O)CCC2)C1)Nc1nccs1
O=C(CC1CCCCC(C2C=C(Cc3ccco3)C(=O)CCC2)C1)Nc1nccs1
O=C(CC1CCCCC(C2C=C(Cc3ccco3)C(=O)CCC2)CC1)Nc1nccs1
O=C(CC1CCCCC(C2C=C(Cc3ccco3)C(=O)CCC2)CC1)Nc1nccs1
O=C(CC1CCCCC(C2C=C(Cc3ccco3)C(=O)CCC2)CC1)Nc1nccs1
O=C(CC1CCCCC(C2C=C(Cc3ccco3)C(=O)CCC2)CC1)Nc1nccs1
O=C(CC1CCCCC(C2C=C(Cc3ccco3)C(=O)CCC2)CC1)Nc1nccs1
O=C(CCC1=C(Cc2ccco2)C(=O)CCCC1C1CCCCCCC1)Nc1nccs1
O=C(CC1=C(Cc2ccco2)C(=O)CCCC1C1CCCCCCC1)Nc1nccs1
O=C(CCC1(C2CCCCCCC2)C=C(Cc2ccco2)C(=O)CCC1)Nc1nccs1
O=C(CCC1(C2CCCCCC2)C=C(Cc2ccco2)C(=O)CCC1)Nc1nccs1
O=C(CCC1(C2CCCCC2)C=C(Cc2ccco2)C(=O)CCC1)Nc1nccs1
O=C(CCC1(C2CCCC2)C=C(Cc2ccco2)C(=O)CCC1)Nc1nccs1
O=C(CCC1(C2CCCC2)C=C(Cc2ccco2)C(=O)CCC1)Nc1nccs1
O=C(CCC1(C2CCCC2)C=C(Cc2ccco2)C(=O)CCC1)Nc1nccs1
O=C(CCC1(C2CCCC2)C=C(Cc2ccco2)C(=O)CCC1)Nc1nccs1
O=C(CCC1(C2CCCC2)C=C(Cc2ccco2)C(=O)CCC1)Nc1nccs1
O=C(CCC1(C2CCCC2)C=C(c2ccco2)C(=O)CCC1)Nc1nccs1
O=C(CCC1(C2CCCC2)C=C(c2ccco2)C(=O)CCC1)Nc1nccs1
O=C(CCC1(C2CCCC2)C=C(c2ccco2)C(=O)CCCC1)Nc1nccs1
O=C(CCC1(C2CCCC2)C=C(c2ccco2)C(=O)CCCC1)Nc1nccs1
O=C(CCC1(C2CCCC2)C=C(c2ccco2)CCCCC1)Nc1nccs1
O=C(CCC1(C2CCCC2)C=C(c2ccco2)CCCC1)Nc1nccs1
O=C(CCC1(C2CCCC2)CCCCC1=Cc1ccco1)Nc1nccs1
O=C(CCC1(C2CCCC2)CCCCC1=Cc1ccco1)Nc1nccs1
O=C(CCC1(C2CCCCC2)CCCCC1=Cc1ccco1)Nc1nccs1
O=C(CCC1(C2CCCCCC2)CCCCC1=Cc1ccco1)Nc1nccs1
O=C(CCC1(C2CCCCCC2)CCCCC1=Cc1ccco1)Nc1nccs1
O=C(CCC1(C2CCCCCCC2)CCCCC1=Cc1ccco1)Nc1nccs1
O=C(CCC1(C2CCCCCCC2)CCCc2ccccc21)Nc1nccs1
O=C(CCC1(C2CCCCCCC2)CCCc2ccccc21)Nc1nccs1
O=C(CCC1(C2CCCCCC2)CCCc2ccccc21)Nc1nccs1
O=C(CCC1(C2CCCCCC2)CCCc2ccccc21)Nc1nccs1
O=C(CCC1(C2CCCCCC2)CCCc2ccccc21)Cc1cscn1
O=C(CCC1(C2CCCCCC2)CCCc2ccccc21)c1ccsc1
O=C(CCC1(C2CCCCCC2)CCCc2ccccc21)Nc1ccsc1
O=C(CCC1(C2CCCCCC2)CCCc2ccccc21)Nc1ccsc1
O=C(CCC1(C2CCCCCC2)CCCc2ccccc21)NC1=NC=C1
O=C(CCC1(C2CCCCCC2)CCCc2ccccc21)NC1=NC=C1
O=C(CCC1(C2CCCCCCC2)CCCc2ccccc21)NC1=NC=C1
O=C(CCC1(C2CCCCCCC2)CCCc2ccccc21)NC1=NC=C1
O=C(CCC1(C2CCCCCC2)CCCc2ccccc21)NC1=NC=C1
O=C(CCC1(C2CCCCCC2)CCCc2ccccc21)NC1=NC=C1
O=C(CCC1(C2CCCCCC2)CCCc2ccccc21)NC1=NC=C1
O=C(CCC1(C2CCCCC2)CCCc2ccccc21)NC1=NC=C1
O=C(CCC1(C2CCCCC2)CCCc2ccccc21)Nc1ccon1
O=C(CCC1(C2CCCCC2)CCCc2ccccc21)Nc1ccon1
O=C(CCC1(C2CCCCCC2)CCCc2ccccc21)Nc1ccon1
O=C(CCC1(C2CCCCCC2)CCCc2ccccc21)Nc1ccon1
O=C(CCC1(C2CCCCCC2)CCCc2ccccc21)Nc1ccon1
O=C(CCC1(C2CCCCCC2)CCCc2ccccc21)Nc1ccon1
O=C(CCC1(C2CCCCCC2)CCCc2ccccc21)Nc1ccon1
O=C(CCC1(C2CCCCCC2)CCCc2ccccc21)Nc1ccon1
O=C(CCC1(C2CCCCC2)CCCc2ccccc21)Nc1ccon1
O=C(CCC1(C2CCCCC2)CCCc2ccccc21)Nc1ccon1
O=C(CCC1(C2CCCCC2)CCCc2ccccc21)Nc1ccon1
O=C(CCC1(C2CCCC2)CCCc2ccccc21)Nc1ccon1
O=C(CCC1(C2CCCC2)CCCc2ccccc21)Nc1ccon1
O=C(CCC1(C2CCCC2)CCCc2ccccc21)Nc1ccon1
O=C(CCC1(C2CCCC2)CCCc2ccccc21)Nc1ccon1
O=C(CCC1(C2CCCC2)CCCc2ccccc21)Nc1ccon1
O=C(CCC1(C2CCCC2)CCCc2ccccc21)Nc1ccon1
O=C(CCC1(C2CCCCC2)CCCc2ccccc21)Nc1ccon1
O=C(CCC1(C2CCCCC2)CCCc2ccccc21)Nc1ccon1
O=C(CCC1(C2CCCCC2)CCCc2ccccc21)Nc1ccon1
O=C(CCC1(C2CCCCC2)CCCc2ccccc21)Nc1ccoc1
O=C(CCC1(C2CCCCC2)CCCc2ccccc21)Nc1ccoc1
O=C(CCC1(C2CCCCC2)CCCc2ccccc21)Nc1ccoc1
O=C(CCC1(C2CCCC2)CCCc2ccccc21)Nc1ccoc1
O=C(CCC1(C2CCCC2)CCCc2ccccc21)Nc1ccoc1
O=C(CCC1(C2CCCC2)CCCc2ccccc21)Nc1ccoc1
O=C(CCC1(C2CCCCC2)CCCc2ccccc21)Nc1ccoc1
O=C(CCC1(C2CCCCC2)CCCc2ccccc21)Nc1ccoc1
O=C(CCC1(C2CCCCCC2)CCCc2ccccc21)Nc1ccoc1
O=C(CCC1(C2CCCCCC2)CCCc2ccccc21)Nc1ccc(=O)oc1
O=C(CCC1(C2CCCCCCC2)CCCc2ccccc21)Nc1ccc(=O)oc1
O=C(CCC1(C2CCCCCCC2)CCCc2ccccc21)Nc1ccc(=O)oc1
O=C(CCC1(C2CCCCCC2)CCCc2ccccc21)Nc1ccc(=O)oc1
O=C(CCC1(C2CCCCCC2)CCCc2ccccc21)Nc1ccc(=O)on1
O=C(CCC1(C2CCCCC2)CCCc2ccccc21)Nc1ccc(=O)on1
O=C(CCC1(C2CCCCC2)CCCc2ccccc21)Nc1ccc(=O)on1
O=C(CCC1(C2CCCCC2)CCCc2ccccc21)Nc1ccc(=O)on1
O=C(CCC1(C2CCCCC2)CCCc2ccccc21)Nc1ccc(=O)on1
O=C(CCC1(C2CCCCC2)CCCCc2ccccc21)Nc1ccc(=O)on1
O=C(CCC1(C2CCCCCC2)CCCCc2ccccc21)Nc1ccc(=O)on1
O=C(CCC1(C2CCCCCC2)CCCCc2ccccc21)Nc1ccc(=O)on1
O=C(CCC1(C2CCCCCC2)CCCCc2ccccc21)Nc1ccc(=O)on1
O=C(CCC1(C2CCCCCCC2)CCCCc2ccccc21)Nc1ccc(=O)on1
O=C(CCC1(C2CCCCCCC2)CCCCc2ccccc21)Nc1ccc(=O)on1
O=C(CCC1(C2CCCCCCC2)CCCCc2ccccc21)Nc1cc(C2CC2)c(=O)on1
O=C(CCC1(C2CCCCCC2)CCCCc2ccccc21)Nc1cc(C2CC2)c(=O)on1
O=C(CCC1(C2CCCCC2)CCCCc2ccccc21)Nc1cc(C2CC2)c(=O)on1
O=C(CCC1(C2CCCCC2)CCCCCc2ccccc21)Nc1cc(C2CC2)c(=O)on1
O=C(CCC1(C2CCCCC2)CCCCCc2ccccc21)Nc1ccc(=O)on1
O=C(CCC1(C2CCCCC2)CCCCc2ccccc21)Nc1ccc(=O)on1
O=C(CCC1(C2CCCCC2)CCCCc2ccccc21)Nc1ccc(=O)on1
O=C(CCC1(C2CCCCC2)CCCCc2ccccc21)Nc1ccc(=O)on1
O=C(CCC1(C2CCCCC2)CCCCc2ccccc21)Nc1ccc(=O)on1
O=C(CCC1(C2CCCCC2)CCCCc2ccccc21)Nc1ccc(=O)on1
O=C(CCC1(C2CCCC2)CCCCc2ccccc21)Nc1ccc(=O)on1
O=C(CCC1(C2CCCC2)CCCCCc2ccccc21)Nc1ccc(=O)on1
O=C(CCC1(C2CCCC2)CCCCCc2ccccc21)Nc1ccc(=O)on1
O=C(CCC1(C2CCCCC2)CCCCCc2ccccc21)Nc1ccc(=O)on1
O=C(CCC1(C2CCCCC2)CCCCc2ccccc21)Nc1ccc(=O)on1
O=C(CCC1(C2CCCCC2)CCCc2ccccc21)Nc1ccc(=O)on1
O=C(CCC1(C2CCCC2)CCCc2ccccc21)Nc1ccc(=O)on1
O=C(CCC1(C2CCCC2)CCCc2ccccc21)Nc1ccc(=O)on1
O=C(CCC1(C2CCCC2)CCCc2ccccc21)Nc1ccc(=O)on1
O=C(CCC1(C2CCCC2)CCCc2ccccc21)Nc1ccccc1
O=C(CCC1(C2CCCC2)CCCc2ccccc21)Nc1ccccc1
O=C(CCC1(C2CCCC2)CCCc2ccccc21)Nc1ccccc1
O=C(CCC1(C2CCCCC2)CCCc2ccccc21)Nc1ccccc1
O=C(CCC1(C2CCCCC2)CCCc2ccccc21)Nc1ccc2c(c1)C(=O)C2
O=C(CCC1(C2CCCCC2)CCCCc2ccccc21)Nc1ccc2c(c1)C(=O)C2
O=C(CCC1(C2CCCCC2)CCCCc2ccccc21)Nc1ccc2c(c1)C(=O)C2
O=C(CCC1(C2CCCC2)CCCCc2ccccc21)Nc1ccc2c(c1)C(=O)C2
O=C(CCC1(C2CCCC2)CCCCc2ccccc21)Nc1ccc2c(c1)C(=O)CC2
O=C(CCC1(C2CCCC2)CCCCc2ccccc21)Nc1ccc2c(c1)C(=O)CC2
O=C(CCC1(C2CCCC2)CCCc2ccccc21)Nc1ccc2c(c1)C(=O)CC2
O=C(CCC1(C2CCCC2)CCCc2ccccc21)Nc1ccc2c(c1)C(=O)CC2
O=C(CCC1(C2CCCC2)CCCc2ccccc21)Nc1ccc2c(c1)C(=O)C=C2
O=C(CCC1(C2CCCC2)CCCc2ccccc21)Nc1ccc2c(c1)C(=O)N=C2
O=C(CCC1(C2CCCOC2)CCCc2ccccc21)Nc1ccc2c(c1)C(=O)N=C2
O=C(CCC1(C2CCCOC2)CCCc2ccccc21)Nc1ccc2cnoc(=O)c2c1
O=C(CCC1(C2CCCOCC2)CCCc2ccccc21)Nc1ccc2cnoc(=O)c2c1
O=C(CCC1(C2CCCOCCC2)CCCc2ccccc21)Nc1ccc2cnoc(=O)c2c1
O=C(CCC1(C2CCCOCCC2)CCCCc2ccccc21)Nc1ccc2cnoc(=O)c2c1
O=C(CCC1(C2CCCCCCC2)CCCCc2ccccc21)Nc1ccc2cnoc(=O)c2c1
O=C(CCC1(C2CCCCCCC2)CCCCc2ccccc21)Nc1ccc2c(=O)oncc2c1
O=C(CCC1(C2CCCCCC2)CCCCc2ccccc21)Nc1ccc2c(=O)oncc2c1
O=C(CCC1(C2CCCCC2)CCCCc2ccccc21)Nc1ccc2c(=O)oncc2c1
O=C(CCC1(C2CCCCC2)CCCc2ccccc21)Nc1ccc2c(=O)oncc2c1
O=C(CCC1(C2CCCC2)CCCc2ccccc21)Nc1ccc2c(=O)oncc2c1
O=C1C=C2CCC3C(CCC4C3CCC4(OC(=O)c3ccco3)C(=O)CSc3nccs3)C2CC1
O=C1C=C2CCC3C(CCC4C3CCC4(OC(=O)c3ccco3)C(=O)CSc3nccs3)C2CC1
O=C1C=C2CCC3C(CCC4C3CCC4(OC(=O)c3ccco3)C(=O)CSc3nccs3)C2CC1
O=C1C=C2CCC3C(CCC4C3CCC4(OCc3ccco3)C(=O)CSc3nccs3)C2CC1
O=C1C=C2CCC3C(CCC4C3CCC4(OCc3ccco3)C(=O)CCc3nccs3)C2CC1
O=C1C=C2CCC3C(CCC4C3CCC4(OCc3ccco3)C(=O)Cc3nccs3)C2CC1
O=C1C=C2CCC3C(CCC4C3CCC4(OCc3ccco3)C(=O)c3nccs3)C2CC1
O=C1C=C2CCC3C(CCC4C3CCC4(OCc3ccco3)C(=O)c3cncs3)C2CC1
O=C1C=C2CCC3C(CCC4C3CCC4(OCc3ccco3)C(=O)c3cccs3)C2CC1
O=C1C=C2CCC3C(CCC4C3CCC4(OCc3ccco3)C(=O)c3cccs3)C2CC1
O=C1C=C2CCC3C(CCC4C3CCC4(Cc3cccs3)OCc3ccco3)C2CC1
O=C1C=C2CCC3C(CCC4C(OCc5ccco5)Cc5sccc5CCC43)C2CC1
O=C1C=C2CCC3C(CCc4ccsc4)C(COCc4ccco4)CCC3C2CC1
O=C1C=C2CCC3C(CCc4ccsc4)C(COCc4ccco4)CCC3C2CC1
O=C1C=C2CCC3C(CCC(COCc4ccco4)C3OCc3ccsc3)C2CC1
O=C1C=C2CCC3C(CCC(COCc4ccco4)C3OCc3ccsc3)C2CC1
O=C1C=C2CCC3C(CCC(CCc4ccco4)C3OCc3ccsc3)C2CC1
O=C1C=C2CCC3C(CCC(c4ccco4)C3OCc3ccsc3)C2CC1
O=C1C=C2CCC3C(CCC(c4ccco4)C3OCc3ccsc3)C2CC1
O=C1C=C2CCC3C(CCC(C4=CCO4)C3OCc3ccsc3)C2CC1
O=C1C=C2CCC3C(CCC(C4=CCO4)C3OCc3ccsc3)C2CC1
O=C1C=C2CCC3C(CCC(C4=CCO4)C3OCc3ccsc3)C2CC1
O=C1C=C2CCC3C(CCC(C4=CCO4)C3OCc3ccsc3)C2CC1
O=C1C=C2CCC3C(CCC(C4CO4)C3OCc3ccsc3)C2CC1
O=C1C=C2CCC3C(OCc4ccsc4)CCCC3C2CC1
O=C1C=C2CCC3C(OCc4ccsc4)CCCCCC3C2CC1
O=C1C=C2CCC3C(OCc4ccsc4)CC4CCC4C3C2CC1
O=C1C=C2CCC3C(OCc4ccsc4)CC4CCC4C3C2CC1
O=C1C=C2CCC3C(OCc4ccsc4)CC4CCC4C3C2CC1
O=C1C=C2CCC3C(OCc4ccsc4)CCC4CCC4C3C2CC1
O=C1C=C2CCC3C(OCc4ccsc4)CCC4CCCC4C3C2CC1
O=C1C=C2CCC3C(OCc4ccsc4)CCC4CCCC4C3C2CC1
O=C1C=C2CCC3C(OCc4ccsc4)CC4CCCC4C3C2CC1
O=C1C=C2CCC3C(OCc4ccsc4)CC4CCCC4C3C2CC1
O=C1C=C2CCC3C(OCc4ccsc4)CC4CCCC4C3C2CC1
O=C1C=C2CCC3C(OCc4ccsc4)CC4CCC4C3C2CC1
O=C1C=C2CCC3C(OCc4ccsc4)CC4CCOC4C3C2CC1
O=C1C=C2CCC3C(OCc4ccsc4)CCCC3C2CC1
O=C1C=C2CCC3C(OCc4ccsc4)CCCC3C2CC1
O=C1C=C2CCC3C(OCc4ccsc4)CC4CCOC4C3C2CC1
O=C1C=C2CCC3C(OCc4ccsc4)CCCC3C2CC1
O=C1C=C2CCC3C(OCc4ccsc4)CCCC3C2CC1
O=C1C=C2CCC3C(OCc4ccsc4)CCCCC3C2CC1
O=C1C=C2CCC3C(OCc4ccsc4)CCCCC3C2CC1
O=C1C=C2CCC3C(OCc4ccsc4)CCCCC3C2CC1
O=C1C=C2CCC3C(OCc4ccsc4)CCCCC3C2CC1
O=C1C=C2CCC3C(OCc4ccsc4)CCCCC3C2CC1
O=C1C=C2CCC3C(OCc4ccsc4)CCCC3C2CC1
O=C1C=C2CCC3C(OCc4ccsc4)CCCC3C2CC1
O=C1C=C2CCC3C(OCc4ccsc4)CCCC3C2CC1
O=C1C=C2CCC3C(OCc4ccsc4)CCCC3C2CC1
O=C1C=C2CCC3C(OCc4ccsc4)CCCCC3C2CC1
O=C1C=C2CCC3C(OCc4ccsc4)CCCC3C2CC1
O=C1C=C2CCC3CCCC(OCc4ccsc4)C3C2CC1
O=C1C=C2CCC3C4OCCOC4CC(OCc4ccsc4)C3C2CC1
O=C1C=C2CCC3C4OCCCOC4CC(OCc4ccsc4)C3C2CC1
O=C1C=C2CCC3C4COCCCOC4CC(OCc4ccsc4)C3C2CC1
O=C1C=C2CCC3C4COCCCOC4CC(OCc4ccsc4)C3C2CC1
O=C1C=C2CCC3C4CCCCCOC4CC(OCc4ccsc4)C3C2CC1
O=C1C=C2CCC3CCCC(OCc4ccsc4)C3C2CC1
O=C1C=C2CCC3CCCCC(OCc4ccsc4)C3C2CC1
O=C1C=C2CCC3CCCCCC(OCc4ccsc4)C3C2CC1
O=C1C=C2CCC3CCCCCC(OCc4ccsc4)C3C2CC1
O=C1C=C2CCC3CCCCCC(OCc4ccsc4)C3C2CC1
O=C1C=C2CCC3CCCCC(OCc4ccsc4)C3C2CC1
O=C1C=C2CCC3CCCCC(OCc4ccsc4)C3C2CC1
O=C1C=C2CCC3CCCCC(OCc4ccsc4)C3C2CC1
O=C1C=C2CCC3CCCCC(OCc4ccsc4)C3C2CC1
O=C1C=C2CCC3CCCCC(OCc4ccsc4)C3C2CC1
O=C1C=C2CCC3CCCCC(OCc4ccsc4)C3C2CC1
O=C1C=C2CCC3CCCCC(OCc4ccsc4)C3C2CC1
O=C1C=C2CCC3CCCCC(OCc4ccsc4)C3C2CC1
O=C1C=C2CCC3CCCC(OCc4ccsc4)C3C2CC1
O=C1C=C2CCC3CCCC(OCc4ccsc4)C3C2CC1
O=C1C=C2CCC3CCCC(OCc4ccsc4)C3C2CC1
O=C1C=C2CCC3CCCC(OCc4ccsc4)C3C2CC1
O=C1C=C2CCC3CCCC(OCc4ccsc4)C3C2CC1
O=C1C=C2CCC3CCCC(OCc4ccsc4)C3C2CC1
O=C1C=C2CCC3CCCC(OCc4ccsc4)C3C2CC1
O=C1C=C2CCC3CCCC(OCc4ccsc4)C3C2CC1
O=C1C=C2CCC3C4CCC4CC(OCc4ccsc4)C3C2CC1
O=C1C=C2CCC3C4CCCC4CC(OCc4ccsc4)C3C2CC1
O=C1C=C2CCC3C4CCCC4CC(OCc4ccsc4)C3C2CC1
O=C1C=C2CCC3C4CCC4CC(OCc4ccsc4)C3C2CC1
O=C1C=C2CCC3C4CCC4CC(OCc4ccsc4)C3C2CC1
O=C1C=C2CCC3C4CCC4CC(OCc4ccsc4)C3C2CC1
O=C1C=C2CCC3C4CCC4CC(OCc4ccsc4)C3C2CC1
O=C1C=C2CCC3C4CCC4CC(OCc4ccsc4)C3C2CC1
O=C1C=C2CCC3C4CCC4CCC(OCc4ccsc4)C3C2CC1
O=C1C=C2CCC3C4CCC4CCC(OCc4ccsc4)C3C2CC1
O=C1C=C2CCC3C4CCC4CCC(OCc4ccsc4)C3C2CC1
O=C1C=C2CCC3C4CCC4CCC(OCc4ccsc4)C3C2CC1
O=C1C=C2CCC3C4CCC4CCC(OCc4ccsc4)C3C2CC1
O=C1C=C2CCC3C4CCCC4CCC(OCc4ccsc4)C3C2CC1
O=C1C=C2CCC3C4CCCC4CCC(OCc4ccsc4)C3C2CC1
O=C1C=C2CCC3C4CCCC4CCC(OCc4ccsc4)C3C2CC1
O=C1C=C2CCC3C4CCC4CCC(OCc4ccsc4)C3C2CC1
O=C1C=C2CCC3C4CCC4CC(OCc4ccsc4)C3C2CC1
O=C1C=C2CCC3C4CCC4CC(OCc4ccsc4)C3C2CC1
O=C1C=C2CCC3C4CCCC4CC(OCc4ccsc4)C3C2CC1
O=C1C=C2CCC3C4CCCC4CC(OCc4ccsc4)C3C2CC1
O=C1C=C2CCC3C4CCCC4CC(OCc4ccsc4)C3C2CC1
O=C1C=C2CCC3C4CCCC4CC(OCc4ccsc4)C3C2CC1
O=C1C=C2CCC3C4CCCC4CC(OCc4ccsc4)C3C2CC1
O=C1C=C2CCC3C4CCC4CC(OCc4ccsc4)C3C2CC1
O=C1C=C2CCC3C4CCC4CC(OCc4ccsc4)C3C2CC1
O=C1C=C2CCCC3C4CCC4CC(OCc4ccsc4)C3C2CC1
O=C1C=C2CCCC3C4CCC4CC(OCc4ccccc4)C3C2CC1
O=C1C=C2CCCC3C4CCC4CC(OCc4ccccc4)C3C2CC1
O=C1C=C2CCCC3CCCC(OCc4ccccc4)C3C2CC1
O=C1C=C2CCC3CCCC(OCc4ccccc4)C3C2CC1
O=C1C=C2CCC3CCCC(OCc4ccccc4)C3C2CC1
O=C1C=C2CCC3CCCC(OCc4ccccc4)C3C2CC1
O=C1C=C2CCC3CCCC(OCc4ccccc4)C3C2CC1
O=C1C=C2CCC3CCCC(OCc4ccccc4)C3C2CC1
O=C1C=C2CCC3C4CCC4CC(OCc4ccccc4)C3C2CC1
O=C1C=C2CCC3C4CCC4CC(OCc4ccccc4)C3C2CC1
O=C1C=C2CCC3C4CCC4CC(OCc4ccccc4)C3C2CC1
O=C1C=C2CCC3C4CCC4CC(OCc4ccccc4)C3C2CC1
O=C1C=C2CCC3C4CC(C5CC5)C4CC(OCc4ccccc4)C3C2CC1
O=C1C=C2CCC3C4CC(C5CCC5)C4CC(OCc4ccccc4)C3C2CC1
O=C1C=C2CCC3C4CCC(C5CCC5)C4CC(OCc4ccccc4)C3C2CC1
O=C1C=C2CCC3C4CCC(C5CCCC5)C4CC(OCc4ccccc4)C3C2CC1
O=C1C=C2CCC3C4CCC(C5CCCC5)C4CC(OCc4ccccc4)C3C2CC1
O=C1C=C2CCC3C4CCC(C5CCC5)C4CC(OCc4ccccc4)C3C2CC1
O=C1C=C2CCC3C4CCCC4CC(OCc4ccccc4)C3C2CC1
O=C1C=C2CCC3C4CCCC4CC(OCc4ccccc4)C3C2CC1
O=C1C=C2CCC3C4CCC(C5CC5)C4CC(OCc4ccccc4)C3C2CC1
O=C1C=C2CCC3C4CCC(C5CC5)C4CC(OCc4ccccc4)C3C2CC1
O=C1C=C2CCC3C4CCCC(C5CC5)C4CC(OCc4ccccc4)C3C2CC1
O=C1C=C2CCC3C4CCCCC(C5CC5)C4CC(OCc4ccccc4)C3C2CC1
O=C1C=C2CCC3C4CCCCCC4CC(OCc4ccccc4)C3C2CC1
O=C1C=C2CCC3C4CCCCC4CC(OCc4ccccc4)C3C2CC1
O=C1C=C2CCC3C4CCCCC4CC(OCc4ccccc4)C3C2CC1
O=C1C=C2CCC3C4CCCCC4CC(OCc4ccccc4)C3C2CC1
O=C1C=C2CCC3C4CCCCC4CC(OCc4ccccc4)C3C2CC1
O=C1C=C2CCC3C4CCCCC4CC(OCc4ccccc4)C3C2CC1
O=C1C=C2CCC3C4CCCCCC4CC(OCc4ccccc4)C3C2CC1
O=C1C=C2CCC3C4CCCCCC4CC(OCc4ccccc4)C3C2CC1
O=C1C=C2CCC3C4CCCCCC4CC(OCc4ccccc4)C3C2CC1
O=C1C=C2CCC3C4CCCCC4CC(OCc4ccccc4)C3C2CC1
O=C1C=C2CCC3C4CCCCC4CC(OCc4ccccc4)C3C2CC1
O=C1C=C2CCC3C4CCCC4CC(OCc4ccccc4)C3C2CC1
O=C1C=C2CCC3C4CCCC4CC(OCc4ccccc4)C3C2CC1
O=C1C=C2CCC3C4CCCC4CC(OCc4ccccc4)C3C2CC1
O=C1C=C2CCC3C4CCCC4CC(OCc4ccccc4)C3C2CC1
O=C1C=C2CCC3C(CCC4C3CCC4(OC(=O)c3ccco3)C(=O)CSc3nccs3)C2CC1
O=C(OC1(C(=O)CSc2nccs2)CCC2C3CCCCC3CCC21)c1ccco1
O=C(OC1(C(=O)CSc2nccs2)CCC2C3CCCCC3CCC21)c1ccco1
O=C(OC(CCC1CCCC2CCCCC21)C(=O)CSc1nccs1)c1ccco1
O=C(OC(CCC1CCCC2CCCCC21)C(=O)CSc1nccs1)c1ccco1
O=C(OC(CCC1CCCC2CCCCC21)C(=O)CSc1nccs1)c1ccco1
O=C(OC(CCC1CCC2CCCCC21)C(=O)CSc1nccs1)c1ccco1
O=C(OC(CCC1CCCC1)C(=O)CSc1nccs1)c1ccco1
O=C(CSc1nccs1)NC(CCC1CCCC1)OC(=O)c1ccco1
O=C(CSc1nccs1)NCCCC1CCC(CCCOC(=O)c2ccco2)C1
O=C(CSc1nccs1)NCCCC1CCC(CCCOC(=O)c2ccco2)C1
O=C(CSc1nccs1)NCCCC1CCC(CCCOC(=O)c2ccco2)C1
O=C(CSc1nccs1)NCCCC1CCC(CCCOC(=O)c2ccco2)C1
O=C(CSc1nccs1)NCCCC1CCC(C2CCOC(=O)c3occc32)C1
O=C(CSc1nccs1)NCCCC1CCC(C2CCOC(=O)c3occc32)C1
O=C(CSc1nccs1)NCCCC1CCC(C2CCOC(=O)c3occc32)C1
O=C(CSc1nccs1)NCCC1CCC(C2CCOC(=O)c3occc32)C1
O=C(CC1CCC(C2CCOC(=O)c3occc32)C1)NCCSc1nccs1
O=C(CC1CCC(C2CCOC(=O)c3occc32)C1)NCCSc1nccs1
O=C(CC1CCC(C2CCOC(=O)c3occc32)C1)NCCCSc1nccs1
O=C(CC1CCC(C2CCOC(=O)c3occc32)C1)NCCCCc1nccs1
O=C(CC1CCC(C2CCOC(=O)c3occc32)CC1)NCCCCc1nccs1
O=C(CC1CCC(C2CCOC(=O)c3occc32)CC1)NCCCCc1cccs1
O=C(CC1CCC(C2C=CC(=O)OCC2)CC1)NCCCCc1cccs1
O=C(CC1CCC(C2C=CC(=O)OCC2)CC1)NCCCc1cccs1
O=C(CC1CCC(C2C=CC(=O)OCC2)CC1)NCCCc1cccs1
O=C(CC1CCC(C2C=CC(=O)OCC2)CC1)NCCCc1cccs1
O=C(CC1CCC(C2C=CC(=O)OCC2)CC1)NCCCc1cccs1
O=C(CC1CCC(C2C=CC(=O)OC2)CC1)NCCCc1cccs1
O=C(CC1CCC(C2=CC(=O)OC2)CC1)NCCCc1cccs1
O=C(CC1CCC(C2=CC(=O)OC2)CC1)NCCc1cccs1
O=C(CC1CCCC(C2=CC(=O)OC2)CC1)NCCc1cccs1
O=C(CC1CCCC(C2=CC(=O)OC2)CC1)NC=Cc1cccs1
O=C(CC1CCCC(C2=CC(=O)OC2)CC1)Nc1ccccc1
O=C(CCCCCC1=CC(=O)OC1)Nc1ccccc1
O=C(CCCCCC1=CC(=O)OC1)Nc1ccccc1
O=C(CCCCCC1=CC(=O)OC1)Nc1ccccc1
O=C(CCCCCC1=CC(=O)OC1)Nc1ccccc1
O=C(CCCCCC1=CC(=O)OC1)Nc1ccccc1
O=C(CCCCC1=CC(=O)OC1)Nc1ccccc1
O=C(CCCCC1=CC(=O)OC1)Nc1ccccc1
O=C(CCCCC1=CC(=O)OC1)Nc1ccccc1
O=C(CCCCC1=CC(=O)OC1)Nc1ccccc1
O=C(CCCCC1=CC(=O)OC1)Nc1ccccc1
O=C(CCCCC1=CC(=O)OC1)Nc1ccccc1
O=C(CCCCC1=CC(=O)OC1)Nc1ccccc1
O=C(CCCCC1=C=CC(=O)OC1)Nc1ccccc1
O=C(CCCC1=C=CC(=O)OC1)Nc1ccccc1
O=C(CCCC1=C=CC(=O)OC1)Nc1ccccc1
O=C(CCCC1=C=CC(=O)OC1)Nc1ccccc1
O=C(CCCC1=C=CC(=O)OC1)Nc1ccccc1
O=C(CCCC1=C=CC(=O)OC1)Nc1ccccc1
O=C(CCCC1=C=CC(=O)OC1)Nc1ccccc1
O=C(CCCC1=CC(=O)OC1)Nc1ccccc1
O=C(CCCC1=CC(=O)OC1)Nc1ccccc1
O=C(CCCC1=CC(=O)OC1)Nc1ccccc1
O=C1C=C(CCCc2ccccc2)CO1
O=C1C=C(CCCc2ccccc2)CO1
O=C1C=C(CCCc2ccccc2)CO1
O=C1C=C(CCCc2ccccc2)CO1
O=C1C=C(CCCc2ccccc2)CO1
O=C1C=C(CCCc2ccccc2)CO1
O=C1C=C(CCCc2ccccc2)CO1
O=C1C=C(CCCc2ccccc2)CO1
O=C1C=C(CCCc2ccccc2)CO1
O=C1C=C(CCCc2ccccc2)CO1
O=C1C=C(CCCc2ccccc2)CO1
O=C1C=C(CCCc2ccccc2)CO1
O=C1C=C(CCCc2ccccc2)CO1
O=C1OCC=C1CCCc1ccccc1
O=C1OCC=C1CCCc1ccccc1
O=C1OCC=C1CCCc1ccccc1
O=C1OCC=C1CCCc1ccccc1
O=C1OCC=C1CCCc1ccccc1
O=C1OCC=C1CCCc1ccccc1
O=C1OCC=C1CCCc1ccccc1
O=C(CCCC1=CCOC1=O)Nc1ccccc1
O=C(CCCC1=CCOC1=O)Nc1ccccc1
O=C(CCCC1=CCOC1=O)Nc1ccccc1
O=C(CCCC1=CCOC1=O)Nc1ccccc1
O=C(CCCC1=CCOC1=O)Nc1ccccc1
O=C(CCCC1=CCOC1=O)Nc1ccccc1
O=C(CCCC1=CCOC1=O)Nc1ccccc1
O=C(CCCC1=CCOC1=O)Nc1ccccc1
O=C(CCCC1=CCOC1=O)Nc1ccccc1
O=C(CCCC1=CCOC1=O)Nc1ccccc1
O=C(CCCC1=CCOC1=O)Nc1ccccc1
O=C(CCCC1=CCOC1=O)Nc1ccccc1
O=C(CCCC1=CCOC1=O)Nc1ccccc1
O=C(CCCC1=CCOC1=O)Nc1ccccc1
O=C(CCCC1=CCOC1=O)Nc1ccccc1
O=C(CCCC1=CCOC1=O)Nc1ccccc1
O=C(CCCC1=CCOC1=O)Nc1ccccc1
O=C(CCCC1=CCOC1=O)Nc1ccccc1
O=C(CCCC1=CCOC1=O)Nc1ccccc1
O=C(CCCC1=CCOC1=O)Nc1ccccc1
O=C(CCCC1=CCOC1=O)Nc1ccc2c(c1)COC2
O=C(CCCC1=CCOC1)Nc1ccc2c(c1)C(=O)OC2
O=C(CCCC1=CCOCC1)Nc1ccc2c(c1)C(=O)OC2
O=C(CCCC1=CCOCC1)Nc1ccc2c(c1)C(=O)OC2
O=C(CCCC1=CCCOCC1)Nc1ccc2c(c1)C(=O)OC2
O=C(CCCC1=CCCOCC1)Nc1ccc2c(c1)COC2=O
O=C(CCCC1=CCCOCC1)Nc1ccc2c(c1)COC2=O
O=C(CCCC1=CC2COCC12)Nc1ccc2c(c1)COC2=O
O=C(CCCC1=CC2=C1COC2)Nc1ccc2c(c1)COC2=O
O=C(CCCC1=CC=C1)Nc1ccc2c(c1)COC2=O
O=C(CCCC1=CC=C1)Nc1ccc2c(c1)COC2=O
O=C(CCCC1=CC=C1)Nc1ccc2c(c1)COC2=O
O=C(CCCC1=CC=C1)Nc1ccc2c(c1)COC2=O
O=C(CCCC1=CCCC=C1)Nc1ccc2c(c1)COC2=O
O=C(CCCc1ccccc1)Nc1ccc2c(c1)COC2=O
O=C(CCCc1ccccc1)Nc1ccc2c(c1)COC2=O
O=C(CCCc1ccccc1)Nc1ccc2c(c1)COC2=O
O=C(CCCc1ccccc1)Nc1ccc2c(c1)COC2=O
O=C(CCCc1ccccc1)Nc1ccc2c(c1)COC2=O
C(=NOCc1ccccc1)c1c(-c2cccc3cc[nH]c23)ccc2c1CCCN2
C(=NOCc1ccccc1)c1ccccc1-c1cccc2cc[nH]c12
C(=NOCc1ccccc1)c1ccccc1-c1ccccc1
C(=NOCc1ccccc1)c1ccccc1-c1ccccc1
C(=NOCc1ccccc1)c1ccccc1-c1ccccc1
c1ccc(-c2ccccc2-c2ccccc2)cc1
c1ccc(-c2ccccc2-c2ccccn2)cc1
c1ccc(-c2c(-c3ccccn3)ccc3c2CCOCCN3)cc1
c1ccc(-c2c(-c3ccccn3)ccc3c2CCOCCN3)cc1
c1ccc(-c2c(-c3ccccn3)ccc3c2CCOCCN3)cc1
c1ccc(-c2c(-c3ccccn3)ccc3c2CCOCCN3)cc1
c1ccc(-c2c(-c3ccccn3)ccc3c2CCOCN3)cc1
c1ccc(-c2c(-c3ccccn3)ccc3c2CCOCN3)cc1
c1ccc(-c2c(-c3ccccn3)ccc3c2CCOCN3)cc1
c1ccc(-c2c(-c3ccccn3)ccc3c2CCOCN3)cc1
c1ccc(-c2c(-c3ccccn3)ccc3c2CCOCN3)cc1
c1ccc(-c2c(-c3ccccn3)ccc3c2CCOCNC3)cc1
c1ccc(-c2c(-c3ccccn3)ccc3c2CCOCNC3)cc1
c1ccc(-c2c(-c3ccccn3)ccc3c2COCNC3)cc1
c1ccc(-c2c(-c3ccccn3)ccc3c2COCNC3)cc1
c1ccc(-c2c(-c3ccccn3)ccc3c2COCNC3)cc1
c1ccc(-c2c(-c3ccccn3)ccc3c2COCNC3)cc1
c1ccc(-c2c(-c3ccccn3)ccc3c2COCNC3)cc1
c1ccc(-c2c(-c3ccccn3)ccc3c2OCNC3)cc1
c1ccc(-c2c(-c3ccccn3)ccc3c2OCNC3)cc1
c1ccc(-c2c(-c3ccccn3)ccc3c2OCNC3)cc1
c1ccc(-c2c(-c3ccccn3)ccc3c2OCNC3)cc1
c1ccc(-c2c(-c3ccccn3)ccc3c2OCNC3)cc1
c1ccc(-c2c(Cc3ccccn3)ccc3c2OCNC3)cc1
c1ccc(-c2c(Cc3ccccn3)ccc3c2OCNC3)cc1
c1ccc(-c2c(Cc3ccccn3)ccc3c2OCNC3)cc1
c1ccc(-c2c(Cc3ccccn3)ccc3c2OCNC3)cc1
c1ccc(-c2c(Cc3ccccn3)ccc3c2OCNC3)cc1
c1ccc(-c2c(CCc3cccnc3)ccc3c2OCNC3)cc1
c1ccc(-c2c(CCc3cccnc3)ccc3c2OCNC3)cc1
c1ccc(-c2c(Cc3cccnc3)ccc3c2OCNC3)cc1
c1ccc(C2=C(Cc3cccnc3)CC3=C2OCNC3)cc1
c1ccc(C2=C(Cc3cccnc3)CC3=C2OCNC3)cc1
c1ccc(C2=C(Cc3cccnc3)C3=C2OCNC3)cc1
c1ccc(C2=C(Cc3cccnc3)C3=C2OCNC3)cc1
c1ccc(C2=C(Cc3cccnc3)C3=C2OCNC3)cc1
c1ccc(C2=C(Cc3cccnc3)C3=C2OCNN3)cc1
O=C(CCc1cccnc1)NCc1ccc(C2=CC3=C2OCNN3)cc1
O=C(Cc1cccnc1)NCc1ccc(C2=CC3=C2OCNN3)cc1
O=C(NCc1ccc(C2=CC3=C2OCNN3)cc1)c1cccnc1
O=C(NCc1ccc(C2=CC3=C2OCNN3)cc1)c1cccnc1
O=C(NCc1ccc(C2=CC3=C2OCNN3)cc1)c1cccnc1
O=C(NCc1ccc(C2=CC3=C2OCNN3)cc1)c1cccnc1
O=C(NCc1ccc(-c2cc3[nH]ncoc2=3)cc1)c1cccnc1
O=C(NCc1ccc(-c2cc3[nH]ncoc2=3)cc1)c1cccnc1
O=C(NCc1ccc(C2=CC3=C2CC=NN3)cc1)c1cccnc1
O=C(NCc1ccc(C2=Cc3[nH]ncc32)cc1)c1cccnc1
O=C(NCc1ccc(C2=Cc3[nH]ncc32)cc1)c1cccnc1
O=C(NCc1ccc(C2=Cc3[nH]ncc32)cc1)c1cccnc1
O=C(NCc1ccc(C2=Cc3[nH]ncc32)cc1)c1cccnc1
O=C(NCc1ccc(C2=Cc3[nH]ncc32)cc1)c1cnc2c(c1)CC2
O=C(NCc1ccc(C2=Cc3[nH]ncc32)cc1)c1cnc2c(c1)CC2
O=C(NCc1ccc(C2=Cc3[nH]ncc32)cc1)c1cnc2c(c1)CN2
O=C(NCc1ccc(C2=Cc3[nH]ncc32)cc1)c1cnc2c(c1)CN2
O=C(NCc1ccc(C2=Cc3[nH]ncc32)cc1)c1cnc2c(c1)CN2
O=C(NCc1ccc(C2=Cc3[nH]ncc32)cc1)c1cnc2c(c1)CN2
O=C(NCc1ccc(C2=Cc3[nH]ncc32)cc1)c1cnc2c(c1)CN2
O=C(NCc1ccc(C2=Cc3[nH]ncc32)cc1)c1cnc2c(c1)C1CN21
O=C(NCc1ccc(C2=Cc3[nH]ncc32)cc1)c1cnc2c(c1)C1CN21
O=C(NCc1ccc(C2=Cc3[nH]ncc32)cc1)c1cnc2c(c1)c1cn2-1
O=C(NCc1ccc(C2=Cc3[nH]ncc32)cc1)c1cnc2c(c1)c1cn2-1
O=C(NCc1ccc(C2=Cc3[nH]ncc32)cc1)c1cnc2c(c1)c1cn2-1
O=C(NCc1ccc(C2=Cc3[nH]ncc32)cc1)c1cnc2[nH]ccc2c1
O=C(NCc1ccc(C2=Cc3[nH]ncc32)cc1)c1cnc2[nH]ccc2c1
O=C(NCc1ccc(C2=Cc3[nH]ncc32)cc1)c1cnc2[nH]ccc2c1
O=C(NCc1ccc(C2=Cc3[nH]ncc32)cc1)c1cnc2[nH]ccc2c1
O=C(NCc1ccc(C2=Cc3[nH]ncc32)cc1)c1cnc2c(c1)C=CON2
O=C(NCc1ccc(C2=Cc3[nH]ncc32)cc1)c1cnc2c(c1)C=CON2
O=C(NCc1ccc(C2=Cc3[nH]ncc32)cc1)c1cnc2c(c1)C=CON2
O=C(NCc1ccc(C2=Cc3[nH]ncc32)cc1)c1cnc2c(c1)C=CON2
O=C(NCc1ccc(C2=Cc3[nH]ncc32)cc1)c1cnc2[nH]ncc2c1
O=C(NCc1ccc(C2=Cc3[nH]ncc32)cc1)c1cnc2[nH]ncc2c1
O=C(NCc1ccc(C2=Cc3[nH]ccc32)cc1)c1cnc2[nH]ncc2c1
O=C(NCc1ccc(C2=Cc3[nH]ccc32)cc1)c1cnc2[nH]ncc2c1
O=C(NCc1ccc(C2=Cc3[nH]ccc32)cc1)c1cnc2[nH]ncc2c1
O=C(NCc1ccc(C2=Cc3[nH]ccc32)cc1)c1cnc2[nH]ncc2c1
O=C(NCc1ccc(C2=Cc3[nH]c#cc32)cc1)c1cnc2[nH]ncc2c1
O=C(NCc1ccc(C2=Cc3[nH]c#cc32)cc1)c1cnc2[nH]ncc2c1
O=C(NCc1ccc(C2=CC=C2)cc1)c1cnc2[nH]ncc2c1
O=C(NCc1ccc(-c2ccoc2)cc1)c1cnc2[nH]ncc2c1
O=C(NCc1ccc(-c2ccoc2)cc1)c1cnc2[nH]ncc2c1
O=C(NCc1ccc(-c2ccoc2)cc1)c1cnc2[nH]ncc2c1
O=C(NCc1ccc(-c2ccoc2)cc1)c1cnc2[nH]ncc2c1
O=C(NCc1ccc(-c2ccoc2)cc1)c1cnc2[nH]ncc2c1
O=C(NCc1ccc(-c2ccoc2)cc1)c1cnc2[nH]ncc2c1
O=C(NCc1ccc(-c2cnoc2)cc1)c1cnc2[nH]ncc2c1
O=C(NCc1ccc(-c2cnoc2)cc1)c1cnc2[nH]ncc2c1
C(=NOCc1ccccc1)c1c(-c2cccc3cc[nH]c23)ccc2c1CCCN2
C(=NOCc1ccccc1)c1c(-c2cccc3cc[nH]c23)ccc2c1CCCN2
C(=NOCc1ccccc1)c1c(-c2cccc3cc[nH]c23)ccc2c1CCCN2
C(=NOCc1ccccc1)c1c(-c2cccc3cc[nH]c23)ccc2c1CCCN2
C(=NOCc1ccccc1)c1c(-c2cccc3cc[nH]c23)ccc2c1CCCC2
C(=NOCc1ccccc1)c1c(-c2cccc3cc[nH]c23)ccc2c1CCCC2
C(=NOCc1ccccc1)c1c(-c2cccc3cc[nH]c23)ccc2c1CCC2
N=C(OCc1ccccc1)c1c(-c2cccc3cc[nH]c23)ccc2c1CCC2
N=C(OCc1ccccc1)c1c(-c2ccccc2)ccc2c1CCC2
O=C(OCc1ccccc1)c1c(-c2ccccc2)ccc2c1CCC2
O=C(CC1CCc2ccc(-c3ccccc3)cc21)OCc1ccccc1
O=C(OCc1ccccc1)C1CCc2ccc(-c3ccccc3)cc21
O=C(OCc1ccccc1)C1CCc2ccc(-c3ccccc3)cc21
O=C(OCc1ccccc1)C1CCc2ccc(-c3ccccc3)cc21
O=C(OCc1ccccc1)C1CCc2ccc(-c3ccccc3)cc21
O=C(OCc1ccccc1)C1CCc2ccc(-c3ccccc3)cc21
O=C(OCc1ccccc1)C1CCc2ccc(-c3ccccc3)cc21
O=C(OCc1ccccc1)C1CCc2ccc(Nc3ccccc3)cc21
O=C(OCc1ccccc1)C1CCc2ccc(Nc3ccccc3)cc21
O=C(OCc1ccccc1)C1CCC2=C1CC=C(Nc1ccccc1)C=C2
O=C(OCc1ccccc1)C1CCC2=C1CC=C1C(=C2)N1c1ccccc1
O=C(OCc1ccccc1)C1CCC2=C1CC=C1C(=C2)N1c1ccccc1
O=C(OCc1ccccc1)C1CCC2=C1CC=C1C(=C2)N1c1ccccc1
O=C(OCc1ccccc1)C1CCC2=C1CC=C1C(=C2)N1c1ccccc1
O=C(OCc1ccccc1)C1CCc2cc3c(cc21)N3c1ccccc1
O=C(OCc1ccccc1)C1Cc2cc3c(cc2C1)N3c1ccccc1
O=C(OCc1ccccc1)C1CC2=C(C1)C1C(=C2)N1c1ccccc1
O=C(OCc1ccccc1)C1CCC=C2C(CC1)N2c1ccccc1
O=C(OCc1ccccc1)C1CCC=C2C(CC1)N2c1ccccc1
O=C(OCc1ccccc1)C1CCC2C(CC1)N2c1ccccc1
O=C(NCCc1ccccc1)C1CCC2C(CC1)N2c1ccccc1
O=C(NCCc1ccccc1)C1CCCC2C(CC1)N2c1ccccc1
O=C(NCCc1ccccc1)C1CCCC2C(CC1)CN2c1ccccc1
O=C(NCCc1ccccc1)C1CCC2CN(c3ccccc3)C2CC1
O=C(NCCc1ccccc1)C1CCC2CN(c3ccccc3)C2CC1
O=C(NCCc1ccccc1)C1CCCC2C(CC1)CN2c1ccccc1
O=C(NCCc1ccccc1)C1CCCC2CN(c3ccccc3)CC2CC1
O=C(NCCc1ccccc1)C1CCCC2CN(c3ccccc3)NCC2CC1
O=C(NCCc1ccccc1)C1CCCC2CN(c3ccccc3)N=CC2CC1
O=C(NCCc1ccccc1)C1CCCCC(C2=NN2c2ccccc2)CC1
O=C(NCCc1ccccc1)C1CCCCC(C2=NN2c2ccccc2)CC1
O=C(NCCc1ccccc1)C1CCCC(C2=NN2c2ccccc2)CC1
O=C(NCCc1ccccc1)C1CCC(C2=NN2c2ccccc2)CC1
O=C(NCCc1ccccc1)C1CCC(C2=NN2c2ccccc2)CC1
O=C(NCCc1ccccc1)C1CCC(C2=NN2c2ccccc2)CC1
O=C(NCCc1ccccc1)C1CCC(C2=NN2c2ccccc2)CC1
O=C(NCCc1ccccc1)C1CCC(C2=NN2c2ccccc2)CC1
O=C(NCCc1ccccc1)C1CCC(C2=NN2c2ccccc2)CC1
O=C(NCC(OCNC1=NN1c1ccccc1)c1ccccc1)C1CCCCC1
O=C(NCC(OCCC1=NN1c1ccccc1)c1ccccc1)C1CCCCC1
O=C(NCC(OCCC1=NN1c1ccccc1)c1ccccc1)C1CCCC1
O=C(NCC(OC=CC1=NN1c1ccccc1)c1ccccc1)C1CCCC1
O=C(NCC(OC=CC1=NN1c1ccccc1)c1ccccc1)C1CCCCC1
O=C(NCC(OC=CC1=NN1c1ccccc1)c1ccccc1)C1CCCCCC1
O=C(NCC(OC=C1C=NN1c1ccccc1)c1ccccc1)C1CCCCCC1
O=C(NCC(OC=C1C=NN1c1ccccc1)c1ccccc1)C1CCCCCC1
O=C(NCC(Oc1cnn(-c2ccccc2)c1)c1ccccc1)C1CCCCCC1
O=C(NCC(Oc1cnn(-c2ccccc2)c1)c1ccccc1)C1CCCCCC1
O=C(NCC(Oc1cnn(-c2ccccc2)c1)c1ccccc1)C1CCCCCCC1
O=C(NCC(OC1=CCN(c2ccccc2)N=C1)c1ccccc1)C1CCCCCCC1
O=C(NCC(OC1=CCN(c2ccccc2)N=C1)c1ccccc1)C1CCCCCC1
O=C(NCC(OC1=CCN(c2ccccc2)N=C1)c1ccccc1)C1CCCCCC1
O=C(NCC(OC1=CCN(c2ccccc2)N=C1)c1ccccc1)C1CCC=CCC1
C=C1C=C(OC(CNC(=O)C2CCC=CCC2)c2ccccc2)C=NN1c1ccccc1
C=C1C=C(OC(CNC(=O)C2CCCCC2)c2ccccc2)C=NN1c1ccccc1
C=C1C=C(OC(CNC(=O)C2CCCCC2)c2ccccc2)C=NN1c1ccccc1
C=C1C=C(OC(CNC(=O)C2CCCC2)c2ccccc2)C=NN1c1ccccc1
C=C1C=C(OC(CNC(=O)C2CCC2)c2ccccc2)C=NN1c1ccccc1
C=C1C=C(OC(CNC(=O)C2CC2)c2ccccc2)C=NN1c1ccccc1
C=C1C=C(OC(CNC(=O)C2CC2)c2ccccc2)C=NN1c1ccccc1
C=C1C=C(OC(CNC(=O)C2CC2)c2ccccc2)C=NN1c1ccccc1
C=C1C=C(OC(CNC(=O)C2CC2)c2ccccc2)C=NN(c2ccccc2)C1
C=C1CC=C(OC(CNC(=O)C2CC2)c2ccccc2)C=NN1c1ccccc1
C=C1CC=C(OC(CNC(=O)C2CC2)c2ccccc2)C=NN1c1ccccc1
O=C(NCC(OC1=CC=CN(c2ccccc2)N=C1)c1ccccc1)C1CC1
O=C(NCC(OC1=CCC=CN(c2ccccc2)N=C1)c1ccccc1)C1CC1
O=C(NCC(OC1=CCC=CN(c2ccccc2)N=C1)c1ccccc1)C1CC1
O=C(NCC(OC1=CCC=CN(c2ccccc2)N=C1)c1ccccc1)C1CC1
O=C(NCC(OC1=CC=CN(c2ccccc2)N=C1)c1ccccc1)C1CC1
O=C(NCC(OC1=CC=CN(c2ccccc2)N=C1)c1ccccc1)C1CC1
O=C(NCC(OC1=CC=CN(c2ccccc2)N=C1)c1ccccc1)C1CC1
O=C(NCC(OC1=CC=CN(c2ccccc2)N=C1)c1ccccc1)C1CC1
O=C(NCC(OC1=CC=CN(c2ccccc2)N=C1)c1ccccc1)C1CC1
O=C(NCC(OC1=CC=CN(c2ccccc2)N=C1)c1ccccc1)C1CC1
O=C(NCC(OC1=CC=CN(c2ccccc2)N=C1)c1ccccc1)C1CC1
O=C(NCC(OC1=CC=CN(c2ccccc2)N=C1)c1ccccc1)C1CC1
O=C(NCC(OC1=CC=CN(c2ccccc2)N=C1)c1ccccc1)C1CC1
O=C(NCC(OC1=CCC=CN(c2ccccc2)N=C1)c1ccccc1)C1CC1
O=C(NCC(OC1=CCC=CN(c2ccccc2)N=C1)c1ccccc1)C1CC1
O=C(NCC(OC1=CCC=CN(c2ccccc2)N=C1)c1ccccc1)C1CC1
O=C(NCC(OC1=CCC=CN(c2ccccc2)N=C1)c1ccccc1)C1CC1
O=C(NCC(OC1=CC=CN(c2ccccc2)N=C1)c1ccccc1)C1CC1
O=C(NCC(OC1=CC=CN(c2ccccc2)N=C1)c1ccccc1)C1CC1
O=C(NCC(OC1=CC=CN(c2ccccc2)N=C1)c1ccccc1)C1CC1
O=C(NCC(OC1=CC=CN(c2ccccc2)N=C1)c1ccccc1)C1CC1
O=C(NCC(OC1=CC=CN(c2ccccc2)N=C1)c1ccccc1)C1CC1
O=C(NCC(OC1=CC=CN(c2ccccc2)N=C1)c1ccccc1)C1CC1
O=C(NCC(OC1=CC=CN(c2ccccc2)N=C1)c1ccccc1)C1CC1
O=C(NCC(OC1=CC=CN(c2ccccc2)N=C1)c1ccccc1)C1CC1
O=C(NCC(OC1=CC=CN(c2ccccc2)N=C1)c1ccccc1)C1CC1
O=C(NCC(OC1=CC=CN(c2ccccc2)N=C1)c1ccccc1)C1CC1
O=C(NCC(OC1=CC=CN(c2ccccc2)N=C1)c1ccccc1)C1CC1
O=C(NCC(OC1=CC=CN(c2ccccc2)N=C1)c1ccccc1)C1CC1
O=C(NCC(OC1=CC=CN(c2ccccc2)N=C1)c1ccccc1)C1CC1
O=C(NCC(OC1=CC=CN(c2ccccc2)N=C1)c1ccccc1)C1CC1
O=C(NCC(OC1=CC=CN(c2ccccc2)N=C1)c1ccccc1)C1CC1
O=C(NCC(OC1=CC=CN(c2ccccc2)N=C1)c1ccccc1)C1CC1
O=C(NCC(OC1=CC=CN(c2ccccc2)N=C1)c1ccccc1)C1CC1
O=C(NCC(OC1=CC=CN(c2ccccc2)N=C1)c1ccccc1)C1CC1
O=C(NCC(OC1=CC=CN(c2ccccc2)N=C1)c1ccccc1)C1CC1
O=C(NCC(OC1=CC=CN(c2ccccc2)N=C1)c1ccccc1)C1CC1
O=C(NCC(OC1=CC=CN(c2ccccc2)N=C1)c1ccccc1)C1CC1
O=C(NCC(OC1=CC=CN(c2ccccc2)N=C1)c1ccccc1)C1CC1
O=C(NCC(OC1=CC=CN(c2ccccc2)N=C1)c1ccccc1)C1CC1
O=C(NCC(OC1=CC=CN(c2ccccc2)N=C1)c1ccccc1)C1CC1
C=C1C=C(OC(CNC(=O)C2CC2)c2ccccc2)C=NN(c2ccccc2)C1=C
C=C1C=C(OC(CNC(=O)C2CC2)c2ccccc2)C=NN(c2ccccc2)C1=C
O=C(NCC(OC1=CC2=CCC=C2N(c2ccccc2)N=C1)c1ccccc1)C1CC1
O=C(NCC(Oc1cnn(-c2ccccc2)c2ccc-2c1)c1ccccc1)C1CC1
O=C(NCC(Oc1cnn(-c2ccccc2)c2ccc-2c1)c1ccccc1)C1CCC1
O=C(NCC(Oc1cnn(-c2ccccc2)c2ccc-2c1)c1ccccc1)C1CCCC1
O=C(NCC(OC1=CC2=CCC=C2N(c2ccccc2)N=C1)c1ccccc1)C1CCCC1
O=C(NCC(OC1=CC2=CCC=C2N(c2ccccc2)N=C1)c1ccccc1)C1CCCC1
O=C(NCC(OC1=CC2=CCCC=C2N(c2ccccc2)N=C1)c1ccccc1)C1CCCC1
O=C(NCC(OC1=Cc2ccccc2N(c2ccccc2)N=C1)c1ccccc1)C1CCCC1
O=C(NCC(OC1=Cc2ccccc2N(c2ccccc2)N=C1)c1ccccc1)C1CCCC1
O=C(NCC(Oc1ccc2c(c1)C=CC=NN2c1ccccc1)c1ccccc1)C1CCCC1
O=C(NCC(Oc1ccc2c(c1)C=CC=NN2c1ccccc1)c1ccccc1)C1CCCCC1
O=C(NCC(Oc1ccc2c(c1)C=CC=NN2c1ccccc1)c1ccccc1)C1CCCCC1
O=C(NCC(Oc1ccc2c(c1)C=C=NN2c1ccccc1)c1ccccc1)C1CCCCC1
O=C(NCC(Oc1ccc2c(cnn2-c2ccccc2)c1)c1ccccc1)C1CCCCC1
O=C(NCC(Oc1ccc2c(cnn2-c2ccccc2)c1)c1ccccc1)C1CCCC1
O=C(NCC(Oc1ccc2c(cnn2-c2ccccc2)c1)c1ccccc1)C1CCCC1
O=C(NCC(Oc1ccc2c(cnn2-c2ccccc2)c1)c1ccccc1)C1CCCC1
O=C(NCC(Oc1ccc2c(cnn2-c2ccccc2)c1)c1ccccc1)C1CCC1
O=C(NCC(Oc1ccc2c(cnn2-c2ccccc2)c1)c1ccccc1)C1CC1
C(=NOCc1ccccc1)c1c(-c2cccc3cc[nH]c23)ccc2c1CCCN2
C(=NOCc1ccccc1)c1ccccc1-c1cccc2cc[nH]c12
C1=Cc2cccc(-c3ccccc3C=NOCc3ccccc3)c2C1
C(=NOCc1ccccc1)c1ccccc1-c1cccc2c1CCC2
C(=NOCc1ccccc1)c1ccccc1-c1cccc2c1CCC2
C(=NOCc1ccccc1)c1c(CCC2CN2)cccc1-c1cccc2c1CCC2
C(=NOCc1ccccc1)c1c(CCC2CN2)cccc1-c1cccc2c1CCC2
C(=NOCc1ccccc1)c1c(CCC2CN2)cccc1-c1cccc2c1CCC2
C(=NOCc1ccc(-c2cccc3c2CCC3)cc1)c1ccccc1CCC1CN1
C(=NOc1ccc(-c2cccc3c2CCC3)cc1)c1ccccc1CCC1CN1
C(=NOc1ccc(-c2cccc3c2CCCC3)cc1)c1ccccc1CCC1CN1
C(=NOC1CCCc2cccc(-c3ccccc3)c21)c1ccccc1CCC1CN1
C(=NOC1CCCc2cccc(-c3ccccc3)c21)c1ccccc1CCC1CN1
C(=NCC1CCCc2cccc(-c3ccccc3)c21)c1ccccc1CCC1CN1
C(=NCC1CCCc2cccc(-c3ccccc3CCCC3CN3)c21)c1ccccc1
C(=NC1CCCc2cccc(-c3ccccc3CCCC3CN3)c21)c1ccccc1
C(=NNC1CCCc2cccc(-c3ccccc3CCCC3CN3)c21)c1ccccc1
C(=NNC1CCCc2cccc(-c3ccccc3CCCC3CN3)c21)c1ccccc1
C(=NNC1CCCc2cccc(-c3ccccc3CCC3CN3)c21)c1ccccc1
c1ccc(-c2cccc3c2C(n2ncc4ccccc42)CCC3)c(CCC2CN2)c1
c1ccc(-c2cccc3c2C(n2ncc4ccccc42)CCC3)c(CCC2CN2)c1
c1ccc(-c2cccc3c2C(n2ncc4ccccc42)CCC3)c(CCC2CC2)c1
c1ccc(-c2cccc3c2C(n2ncc4ccccc42)CCC3)c(CC2CC2)c1
c1ccc(-c2cccc3c2C(n2ncc4ccccc42)CCC3)c(CC2CC2)c1
c1ccc(-c2cccc3c2C(n2ncc4ccccc42)CCC3)c(CC2CC2)c1
c1ccc(-c2cccc3c2C(Cn2ncc4ccccc42)CCC3)c(CC2CC2)c1
c1ccc(-c2cccc3c2C(Cn2ncc4ccccc42)CCC3)c(CC2CC2)c1
c1ccc(-c2cccc3c2C(Cn2ncc4ccccc42)CCC3)c(CC2COC2)c1
c1ccc(-c2cc(-n3ncc4ccccc43)cc3c2CCCC3)c(CC2COC2)c1
c1ccc(-c2cc(-n3ncc4ccccc43)cc3c2CCCCC3)c(CC2COC2)c1
c1ccc(-c2cc(-n3ncc4ccccc43)cc3c2CCCCC3)c(CC2CCC2)c1
c1ccc(-c2cc(-n3ncc4ccccc43)cc3c2CCCCCC3)c(CC2CCC2)c1
c1ccc(-c2cc(-n3ncc4ccccc43)cc3c2CCCCCC3)c(CC2CC2)c1
c1ccc(-c2cc(-n3ncc4ccccc43)cc3c2CCCCCC3)c(CC2CC2)c1
c1ccc(-c2cc(-n3ncc4ccccc43)cc3c2CCCCCC3)c(CC2CC2)c1
c1ccc(-c2cc(-n3ncc4ccccc43)cc3c2CCCCC3)c(CC2CC2)c1
c1ccc(-c2cc(-n3ncc4ccccc43)cc3c2CCCCC3)c(CC2CC2)c1
c1ccc(-c2cc(-n3ncc4ccccc43)cc3c2CCCCCC3)c(CC2CC2)c1
c1ccc(-c2cc(-n3ncc4ccccc43)cc3c2CCCCCC3)c(CC2CC2)c1
c1ccc(-c2cc(-n3ncc4ccccc43)cc3c2CCCCC3)c(CC2CC2)c1
c1ccc(-c2cc(-n3ncc4ccccc43)cc3c2CCCC3)c(CC2CC2)c1
c1ccc(-n2ncc3c4c(c(-c5ccccc5CC5CC5)cc32)CCCC4)cc1
c1ccc(-n2ncc3c4c(c(-c5ccccc5CC5CC5)cc32)CCCC4)cc1
c1ccc(-n2ncc3c4c(c(-c5ccccc5CC5CC5)cc32)CCC4)cc1
c1ccc(-n2ncc3c4c(c(-c5ccccc5CC5CC5)cc32)CCC4)cc1
c1ccc(-n2ncc3c4c(c(-c5ccccc5CC5CC5)cc32)CC4)cc1
C1=C(c2ccccc2CC2CC2)CCCCc2cnn(-c3ccccc3)c21
C1=C(c2ccccc2CC2CC2)CCCc2cnn(-c3ccccc3)c21
C1=C(c2ccccc2CC2CC2)CCCCc2cnn(-c3ccccc3)c21
C1=C(c2ccccc2CC2CC2)CCCCc2cnn(-c3ccccc3)c21
C1=C(c2ccccc2CC2CC2)CCCCc2cnn(-c3ccccc3)c21
C1=C(c2ccccc2CC2CC2)CCCCc2cnn(-c3ccccc3)c21
C1=C(c2ccccc2CC2CCC2)CCCCc2cnn(-c3ccccc3)c21
C1=C(c2ccccc2CC2CCCC2)CCCCc2cnn(-c3ccccc3)c21
C1=C(c2ccccc2CC2CCCCC2)CCCCc2cnn(-c3ccccc3)c21
C1=C(c2ccccc2CC2CCCCCC2)CCCCc2cnn(-c3ccccc3)c21
C1=C(c2ccccc2CC2CCCCCC2)CCCc2cnn(-c3ccccc3)c21
C1=C(c2ccccc2CC2CCCCCC2)CCc2cnn(-c3ccccc3)c21
C1=C(c2ccccc2CC2CCCCCC2)CCc2cnn(-c3ccccc3)c21
C1=C(c2ccccc2CC2CCCCCC2)CCc2cnn(-c3ccccc3)c21
C1=C(c2ccccc2CC2CCCCCCC2)CCc2cnn(-c3ccccc3)c21
C1=C(c2ccccc2CC2CCCCCC2)CCc2cnn(-c3ccccc3)c21
C1=C(c2ccccc2CC2CCCCCC2)CCCc2cnn(-c3ccccc3)c21
C1=C(c2ccccc2CC2CCCCCC2)CCCc2cnn(-c3ccccc3)c21
C1=C(c2ccccc2CC2CCCCCC2)CCc2cnn(-c3ccccc3)c21
C1=C(c2ccccc2CC2CCCCCC2)CCc2cnn(-c3ccccc3)c21
C1=C(c2ccccc2CC2CCCCCC2)Cc2cnn(-c3ccccc3)c21
C1=C(c2ccccc2CC2CCCCC2)Cc2cnn(-c3ccccc3)c21
C1=C(c2ccccc2CC2CCCCC2)Cc2cnn(-c3ccccc3)c21
C1=C(c2ccccc2CC2CCCCC2)Cc2cnn(-c3ccccc3)c21
C1=C(c2ccccc2CC2CCCCCC2)Cc2cnn(-c3ccccc3)c21
C1=C(c2ccccc2CC2CCCCCC2)Cc2cnn(-c3ccccc3)c21
C1=C(c2ccccc2CC2CCCCCC2)CCc2cnn(-c3ccccc3)c21
C1=C(c2ccccc2CC2CCCCCCC2)CCc2cnn(-c3ccccc3)c21
C1=C(c2ccccc2CC2CCCCCCC2)CCc2cnn(-c3ccccc3)c21
C1=C(c2ccccc2CC2CCCCCCC2)CCc2cnn(-c3ccccc3)c21
C1=C(c2ccccc2CC2CCCCCCC2)CCc2cnn(-c3ccccc3)c21
C1=C(c2ccccc2CC2CCCCCCC2)CCc2cnn(-c3ccccc3)c21
C1=C(c2ccccc2CC2CCCCCCC2)NCCc2cnn(-c3ccccc3)c21
C1=C(c2ccccc2CC2CCCCCCC2)CCCc2cnn(-c3ccccc3)c21
C1=C(c2ccccc2CC2CCCCCCC2)CCCc2cnn(-c3ccccc3)c21
C1=C(c2ccccc2CC2CCCCCC2)CCCc2cnn(-c3ccccc3)c21
C1=C(c2ccccc2CC2CCCCC2)CCCc2cnn(-c3ccccc3)c21
C1=C(c2ccccc2CC2CCCC2)CCCc2cnn(-c3ccccc3)c21
C1=C(c2ccccc2CC2CCCC2)CCCc2cnn(-c3ccccc3)c21
C1=C(C2CCC(Cc3ccccc3)C2)CCCc2cnn(-c3ccccc3)c21
C1=C(C2CCC(Cc3ccccc3)C2)CCCc2cnn(-c3ccccc3)c21
C1=C(C2CCCC(Cc3ccccc3)C2)CCCc2cnn(-c3ccccc3)c21
C1=C(C2CCCC(Cc3ccccc3)C2)CCCCc2cnn(-c3ccccc3)c21
C1=C(C2CCC(Cc3ccccc3)C2)CCCCc2cnn(-c3ccccc3)c21
C1=C(C2CCC(Cc3ccccc3)C2)CCCCc2cnn(-c3ccccc3)c21
C1=C(C2CCC(Cc3ccccc3)C2)CCCCc2cnn(-c3ccccc3)c21
C1=C(C2CCC(Cc3ccccc3)C2)CCCCc2cnn(-c3ccccc3)c21
C1=C(C2CC(Cc3ccccc3)C2)CCCCc2cnn(-c3ccccc3)c21
C1=C(C2CC2Cc2ccccc2)CCCCc2cnn(-c3ccccc3)c21
C1=C(C2CC2Cc2ccccc2)CCCCc2cnn(-c3ccccc3)c21
C1=C(C2CC2Cc2ccccc2)CCCCc2cnn(-c3ccccc3)c21
C1=C(C2CC2Cc2ccccc2)CCCCc2cnn(-c3ccccc3)c21
C1=C(C2CCC2Cc2ccccc2)CCCCc2cnn(-c3ccccc3)c21
C1=C(C2CCC2Cc2ccccc2)CCCCc2cnn(-c3ccccc3)c21
C1=C(C2CCC2Cc2ccccc2)CCCc2cnn(-c3ccccc3)c21
C1=C(C2CCC2Cc2ccccc2)CCCc2cnn(-c3ccccc3)c21
C1=C(C2CCC2Cc2ccccc2)CCCc2cnn(-c3ccccc3)c21
C1=C(C2CCC2Cc2ccccc2)CCCc2cnn(-c3ccccc3)c21
C1=C(C2CCC2Cc2ccccc2)CCCc2cnn(-c3ccccc3)c21
C1=C(C2CCC2Cc2ccccc2)CCCc2cnn(-c3ccccc3)c21
C1=C(C2CCC2Cc2ccccc2)CCc2cnn(-c3ccccc3)c21
C1=C(C2CCC2Cc2ccccc2)CCc2cnn(-c3ccccc3)c21
C1=C(C2CCCC2Cc2ccccc2)CCc2cnn(-c3ccccc3)c21
C1=C(C2CCCCC2Cc2ccccc2)CCc2cnn(-c3ccccc3)c21
C1=C(C2CCCCC2Cc2ccccc2)Cc2cnn(-c3ccccc3)c21
C1=C2CCCC(Cc3ccccc3)C2CCc2cnn(-c3ccccc3)c21
C1=C2CCCC(Cc3ccccc3)C2CCc2cnn(-c3ccccc3)c21
C1=C2CCCC(Cc3ccccc3)C2CCc2cnn(-c3ccccc3)c21
C1=C2CCCC(Cc3ccccc3)C2Cc2cnn(-c3ccccc3)c21
C1=C2CCCC(Cc3ccccc3)C2Cc2cnn(-c3ccccc3)c21
C1=C2CCCC(Cc3ccccc3)C2Cc2cnn(-c3ccccc3)c21
C1=C2CCCC(Cc3ccccc3)C2Cc2cnn(-c3ccccc3)c21
C1=C2CCCC(Cc3ccccc3)C2Cc2cnn(-c3ccccc3)c21
C1=C2CCCC(Cc3ccccc3)C2Cc2cnn(-c3ccccc3)c21
C1=C2CCCC(Cc3ccccc3)C2Cc2cnn(-c3ccccc3)c21
C1=C2CCCC(Cc3ccccc3)C2Cc2cnn(-c3ccccc3)c21
C1=C2CCCC(Cc3ccccc3)C2Cc2cnn(-c3ccccc3)c21
C1=C2CCCC(Cc3ccccc3)C2Cc2cnn(-c3ccccc3)c21
C1=C2CCCC(Cc3ccccc3)C2Cc2cnn(-c3ccccc3)c21
C1=C2CCCC(Cc3ccccc3C3CCO3)C2Cc2cnn(-c3ccccc3)c21
C1=C2CCCC(Cc3ccccc3CC3CCO3)C2Cc2cnn(-c3ccccc3)c21
C1=C2CCCC(Cc3ccccc3CC3CCO3)C2Cc2cnn(-c3ccccc3)c21
C1=C2CCCC(Cc3ccccc3)C2Cc2cnn(-c3ccccc3)c21
C1=C2CCCC(Cc3ccccc3)C2Cc2cnn(-c3ccccc3)c21
C1=C2CCCC(Cc3ccccc3)C2Cc2cnn(-c3ccccc3)c21
C1=C2CCCC(Cc3ccccc3)C2Cc2cnn(-c3ccccc3)c21
C1=C2CCCC(Cc3ccccc3)C2Cc2cnn(-c3ccccc3)c21
C1=C2CCCC(Cc3ccccc3)C2Cc2cnn(-c3ccccc3)c21
C1=C2CCCC(Cc3ccccc3)C2Cc2cnn(-c3ccccc3)c21
C1=C2CCCC(Cc3ccccc3)C2Cc2cnn(-c3ccccc3)c21
C1=C2CCCC(Cc3ccccc3)C2Cc2cnn(-c3ccccc3)c21
C1=C2CCCC(Cc3ccccc3)C2Cc2cnn(-c3ccccc3)c21
C1=C2CCCC(Cc3ccccc3)C2Cc2cnn(-c3ccccc3)c21
C1=C2CCCC(Cc3ccccc3)C2Cc2cnn(-c3ccccc3)c21
C1=C2CCCC(Cc3ccccc3)C2Cc2cnn(-c3ccccc3)c21
C1=C2CCCC(Cc3ccccc3)C2Cc2cnn(-c3ccccc3)c21
C1=C2CCCC(Cc3ccccc3)C2Cc2cnn(-c3ccccc3)c21
C1=C2CCCC(Cc3ccccc3)C2Cc2cnn(-c3ccccc3)c21
C1=C2CCCC(Cc3ccccc3)C2Cc2cnn(-c3ccccc3)c21
C1=C2CCCC(Cc3ccccc3)C2Cc2cnn(-c3ccccc3)c21
C1=C2CCCC(Cc3ccccc3)C2Cc2cnn(-c3ccccc3)c21
C1=C2CCCC(Cc3ccccc3)C2Cc2cnn(-c3ccccc3)c21
C1=C2CCCC(Cc3ccccc3)C2Cc2cnn(-c3ccccc3)c21
C1=C2CCCC(Cc3ccccc3)C2Cc2cnn(-c3ccccc3)c21
C1=C2CCCC(Cc3ccccc3C3CN3)C2Cc2cnn(-c3ccccc3)c21
C1=C2CCCC(Cc3ccccc3C3CN3)C2Cc2cnn(-c3ccccc3)c21
O=C1NC1c1ccccc1CC1CCCC2=Cc3c(cnn3-c3ccccc3)CC21
O=C1NC1c1ccccc1CC1CCCCC2=Cc3c(cnn3-c3ccccc3)CC21
O=C1NC1c1ccccc1CC1CCCCCC2=Cc3c(cnn3-c3ccccc3)CC21
O=C1NC1c1ccccc1CC1CCCCCC2=Cc3c(cnn3-c3ccccc3)CC21
O=C1NC1c1ccccc1CC1CCCCCC2=Cc3c(cnn3-c3ccccc3)CC21
C1=C2CCCCCC(Cc3ccccc3C3CN3)C2Cc2cnn(-c3ccccc3)c21
C1=C2CCCCC(Cc3ccccc3C3CN3)C2Cc2cnn(-c3ccccc3)c21
O=C1NC1c1ccccc1CC1CCCCC2=Cc3c(cnn3-c3ccccc3)CC21
C1=C2CCCCC(Cc3ccccc3)C2Cc2cnn(-c3ccccc3)c21
C1=C2CCCCC(Cc3ccccc3)C2Cc2cnn(-c3ccccc3)c21
C1=C2CCCCC(Cc3ccccc3)C2Cc2cnn(-c3ccccc3)c21
C1=C2CCCCC(Cc3ccccc3)C2Cc2cnn(-c3ccccc3)c21
C1=C2CCCCC(Cc3ccccc3)C2Cc2cnn(-c3ccccc3)c21
C1=C2CCCCC(Cc3ccccc3)C2Cc2cnn(-c3ccccc3)c21
C1=C2CCCCC(Cc3ccccc3)C2Cc2cnn(-c3ccccc3)c21
C1=C2CCCCC(Cc3ccccc3)C2Cc2cnn(-c3ccccc3)c21
C1=C2CCCCC(Cc3ccccc3)C2Cc2cnn(-c3ccccc3)c21
C1=C2CCCC(Cc3ccccc3)C2Cc2cnn(-c3ccccc3)c21
C1=C2CCCC(Cc3ccccc3)C2Cc2cnn(-c3ccccc3)c21
C1=C2CCCC(Cc3ccccc3)C2Cc2cnn(-c3ccccc3)c21
C1=C2CCCC(Cc3ccccc3)C2Cc2cnn(-c3ccccc3)c21
C1=C2CCCC(Cc3ccccc3)C2Cc2cnn(-c3ccccc3)c21
C1=C2CCCC(Cc3ccccc3)C2Cc2cnn(-c3ccccc3)c21
C1=C2CCCC(Cc3ccccc3)C2Cc2cnn(-c3ccccc3)c21
C1=C2CCCC(Cc3ccccc3)C2Cc2cnn(-c3ccccc3)c21
C1=C2CCCC(Cc3ccccc3)C2Cc2cnn(-c3ccccc3)c21
C1=C2CCCC(Cc3ccccc3)C2Cc2cnn(-c3ccccc3)c21
C1=C2CCCC(Cc3ccccc3)C2Cc2cnn(-c3ccccc3)c21
C1=C2CCCC(Cc3ccccc3)C2Cc2cnn(-c3ccccc3)c21
C1=C2CCCC(Cc3ccccc3)C2Cc2cnn(-c3ccccc3)c21
C1=C2CCCC(Cc3ccccc3)C2Cc2cnn(-c3ccccc3)c21
C1=C2CCCC(Cc3ccccc3)C2Cc2cnn(-c3ccccc3)c21
C1=C2CCCC(Cc3ccccc3)C2Cc2cnn(-c3ccccc3)c21
C1=C2CCCC(Cc3ccccc3)C2Cc2cnn(-c3ccccc3)c21
C1=C2CCCC(Cc3ccccc3)C2Cc2cnn(-c3ccccc3)c21
C1=C2CCCC(Cc3ccccc3)C2Cc2cnn(-c3ccccc3)c21
C1=C2CCCC(Cc3ccccc3)C2Cc2cnn(-c3ccccc3)c21
C1=C2CCCC(Cc3ccccc3)C2Cc2cnn(-c3ccccc3)c21
C1=C2CCCC(Cc3ccccc3)C2Cc2cnn(-c3ccccc3)c21
C1=C2CCCC(Cc3ccccc3)C2Cc2cnn(-c3ccccc3)c21
C1=C2CCCC(Cc3ccccc3)C2Cc2cnn(-c3ccccc3)c21
C1=C2CCCC(Cc3ccccc3)C2Cc2cnn(-c3ccccc3)c21
C1=C2CCCC(Cc3ccccc3)C2Cc2cnn(-c3ccccc3)c21
C1=C2CCCC(Cc3ccccc3)C2Cc2cnn(-c3ccccc3)c21
C1=C2CCCC(Cc3ccccc3)C2Cc2cnn(-c3ccccc3)c21
C1=C2CCCC(Cc3ccccc3)C2Cc2cnn(-c3ccccc3)c21
C1=C2CCCC(Cc3ccccc3)C2Cc2cnn(-c3ccccc3)c21
C1=C2CCCC(Cc3ccccc3)C2Cc2cnn(-c3ccccc3)c21
C1=C2CCCC(Cc3ccccc3)C2Cc2cnn(-c3ccccc3)c21
C1=C2CCCC(Cc3ccccc3)C2Cc2cnn(-c3ccccc3)c21
C1=C2CCCC(Cc3ccccc3)C2Cc2cnn(-c3ccccc3)c21
O=C(Nc1ccccc1CC1CCCC2=Cc3c(cnn3-c3ccccc3)CC21)C1CN1
O=C(Nc1ccccc1CC1CCCC2=Cc3c(cnn3-c3ccccc3)CC21)C1CN1
O=C(Cc1ccccc1CC1CCCC2=Cc3c(cnn3-c3ccccc3)CC21)C1CN1
O=C(c1ccccc1CC1CCCC2=Cc3c(cnn3-c3ccccc3)CC21)C1CN1
O=C(c1ccccc1CC1CCCC2=Cc3c(cnn3-c3ccccc3)CC21)C1CCN1
C=C(c1ccccc1CC1CCCC2=Cc3c(cnn3-c3ccccc3)CC21)C1CCN1
C=C(c1ccccc1CC1CCCC2=Cc3c(cnn3-c3ccccc3)CC21)N1CCC1
C=C(c1ccccc1CC1CCCCC2=Cc3c(cnn3-c3ccccc3)CC21)N1CCC1
C1=C2CCCCC(Cc3ccccc3)C2Cc2cnn(-c3ccccc3)c21
C1=C2CCCCC(Cc3ccccc3)C2Cc2cnn(-c3ccccc3)c21
C1=C2CCCCC(Cc3ccccc3)C2Cc2cnn(-c3ccccc3)c21
C1=C2CCCCC(Cc3ccccc3)C2Cc2cnn(-c3ccccc3)c21
C1=C2CCCCC(Cc3ccccc3)C2Cc2cnn(-c3ccccc3)c21
C1=C2CCCCC(Cc3ccccc3)C2Cc2cnn(-c3ccccc3)c21
C1=C2CCCCC(Cc3ccccc3)C2Cc2cnn(-c3ccccc3)c21
C1=C2CCCCC(Cc3ccccc3)C2Cc2cnn(-c3ccccc3)c21
C1=C2CCCCC(Cc3ccccc3)C2Cc2cnn(-c3ccccc3)c21
C1=C2CCCC(Cc3ccccc3)C2Cc2cnn(-c3ccccc3)c21
C1=C2CCCC(Cc3cccc4sccc34)C2Cc2cnn(-c3ccccc3)c21
C1=C2CCCC(Cc3cccc4sccc34)C2Cc2cnn(-c3ccccc3)c21
C1=C2CCCC(Cc3csc4ccccc34)C2Cc2cnn(-c3ccccc3)c21
C1=C2CCCC(Cc3csc4ccccc34)C2Cc2cnn(-c3ccccc3)c21
C1=C2CCCCC(Cc3csc4ccccc34)C2Cc2cnn(-c3ccccc3)c21
C1=C2CCCCC(Cc3csc4ccccc34)C2Cc2cnn(-c3ccccc3)c21
C1=C2CCCCC(Cc3csc4ccccc34)C2Cc2cnn(-c3ccccc3)c21
C1=C2CCCC(Cc3csc4ccccc34)C2Cc2cnn(-c3ccccc3)c21
C(=NOCc1ccccc1)c1c(-c2cccc3cc[nH]c23)ccc2c1CCCN2
C(=NOCc1ccccc1)c1c(-c2cccc3cc[nH]c23)ccc2c1CCCN2
C(=NOCc1ccccc1)c1c(-c2cccc3cc[nH]c23)ccc2c1CCCN2
c1ccc(Cn2ccc3cccc(-c4ccc5c(c4)CCCN5)c32)cc1
c1ccc(Cn2ccc3cccc(-c4ccc5c(c4)CCCN5)c32)cc1
c1ccc(Cn2ccc3cccc(-c4ccc5c(c4)CCCN5)c32)cc1
c1ccc(Cn2ccc3cccc(-c4ccc5c(c4)CCCN5)c32)cc1
c1ccc(Cn2ccc3cccc(-c4ccc5c(c4)CCCCN5)c32)cc1
c1ccc(Cn2ccc3cccc(-c4ccc5c(c4)CCCCN5)c32)cc1
N=C1CCCCc2cccc(-c3cccc4ccn(Cc5ccccc5)c34)c21
N=C1CCCCc2cccc(-c3cccc4ccn(Cc5ccccc5)c34)c21
N=C1CCCCc2cccc(-c3cccc4ccn(Cc5ccccc5)c34)c21
N=C1CCCCc2cccc(-c3cccc4ccn(Cc5ccccc5)c34)c21
N=C1CCCCc2cccc(-c3cccc4ccn(Cc5ccccc5)c34)c21
O=C1CCCCc2cccc(-c3cccc4ccn(Cc5ccccc5)c34)c21
O=C1CCCCc2cccc(-c3cccc4ccn(Cc5ccccc5)c34)c21
O=C1CCCCc2cccc(-c3cccc4c3ccn4Cc3ccccc3)c21
O=C1CCCCc2cccc(-c3cccc4c3ccn4Cc3ccccc3)c21
O=C1CCCCc2cccc(-c3cccc4c3ccn4Cc3ccccc3)c21
O=C1CCCCc2cccc(-c3cccc4c3ccn4Cc3ccccc3)c21
O=C1CCCCc2cccc(-c3cccc4c3ccn4Cc3ccccc3)c21
O=C1CCCCc2cccc(-c3cccc4c3ccn4Cc3ccccc3)c21
O=C1c2ccccc2CCCC1CCCc1cccc2c1ccn2Cc1ccccc1
O=C1c2ccccc2CCCC1CCCc1cccc2c1ccn2Cc1ccccc1
O=C1c2ccccc2CCCC1CCc1cccc2c1ccn2Cc1ccccc1
C=C(CCC1CCCc2ccccc2C1=O)c1ccn(Cc2ccccc2)c1
C=C(CCC1CCCc2ccccc2C1=O)c1ccn(Cc2ccccc2)c1
O=C1c2ccccc2CCCC1CCCc1ccn(Cc2ccccc2)c1
O=C1c2ccccc2CCCC1CCCc1ccn(Cc2ccccc2)c1
O=C1c2ccccc2CCCC1CCCc1ccn(Cc2ccccc2)c1
O=C1c2ccccc2CCCC1CCCc1ccn(Cc2ccccc2)c1
O=C1c2ccccc2CCCC1CCCc1ccn(Cc2ccccc2)c1
O=C1c2ccccc2CCCC1CCCc1ccn(Cc2ccccc2)c1
O=C1c2ccccc2CCCC1CCc1ccn(Cc2ccccc2)c1
O=C1c2ccccc2CCCC1CCCc1ccn(Cc2ccccc2)c1
O=C1c2ccccc2CCCC1CCCCc1ccn(Cc2ccccc2)c1
O=C1c2ccccc2CCCC1CCCCc1ccn(Cc2ccccc2)c1
O=C1c2ccccc2CCCC1CCCCc1ccn(Cc2ccccc2)c1
O=C1c2ccccc2CCCC1CCCc1ccn(Cc2ccccc2)c1
O=C1c2ccccc2CCCC1CCCc1ccn(Cc2ccccc2)c1
O=C1c2ccccc2CCCC1CCCc1ccn(Cc2ccccc2)c1
O=C1c2ccccc2CCCC1CCCc1ccn(Cc2ccccc2)c1
O=C1c2ccccc2CCCC1CCc1ccn(Cc2ccccc2)c1
O=C1c2ccccc2CCCC1CCc1ccn(-c2ccccc2)c1
O=C1c2ccccc2CCCC1CCc1ccn(-c2ccccc2)c1
O=C1c2ccccc2CCCC1CCc1ccn(-c2ccccc2)c1
O=C1c2ccccc2CCCC1CCc1ccn(-c2ccccc2)c1
O=C1c2ccccc2CCCC1CCc1ccn(-c2ccccc2)c1
O=C1c2ccccc2CCCC1CCc1ccn(-c2ccccc2)c1
O=C1c2ccccc2CCCC1CCc1ccn(-c2ccccc2)c1
O=C1c2ccccc2CCCC1CCc1ccn(-c2ccccc2)c1
O=C1c2ccccc2CCCC1CCc1ccn(-c2ccccc2)c1
O=C1c2ccccc2CCCC1CCc1ccn(-c2ccccc2)c1
O=C1c2ccccc2CCCC1CCc1ccn(-c2ccccc2)c1
O=C1c2ccccc2CCCC1CCc1ccn(-c2ccccc2)c1
O=C1c2ccccc2CCCC1CCc1ccn(-c2ccccc2)c1
O=C1c2ccccc2CCCC1CCC1C=CN1c1ccccc1
O=C1c2ccccc2CCCC1CCCn1ccc2ccccc21
O=C1c2ccccc2CCCC1CCCn1ccc2ccccc21
O=C1c2ccccc2CCCC1CCCn1ccc2ccccc21
O=C1c2ccccc2CCCC1CCCn1ccc2ccccc21
O=C1c2ccccc2CCCC1CCCn1ccc2ccccc21
O=C1c2ccccc2CCCC1CCCn1ccc2ccccc21
O=C1c2ccccc2CCCC1CCCn1ccc2ccccc21
O=C1c2ccccc2CCCC1CCCn1ccc2ccccc21
O=C1c2ccccc2CCC1CCCn1ccc2ccccc21
O=C1c2ccccc2CCC1CCCn1ccc2ccccc21
O=C1c2ccccc2CCC1CCCn1ccc2ccccc21
O=C1c2ccccc2CCC1CCCn1ccc2ccccc21
O=C1c2ccccc2CCC1CCCn1ccc2ccccc21
O=C1c2ccccc2CCC1CCCn1ccc2ccccc21
O=C1c2ccccc2CCC1CCCn1ccc2ccccc21
O=C1c2ccccc2CCC1CCCn1ccc2ccccc21
O=C1c2ccccc2CCCC1CCCn1ccc2ccccc21
O=C1c2ccccc2CCCC1CCCn1ccc2ccccc21
c1ccc2c(c1)CCCC(CCCn1ccc3ccccc31)C2
c1ccc2c(c1)CCCC2CCCn1ccc2ccccc21
c1ccc2c(c1)CCCC2CCCn1ccc2ccccc21
c1ccc2c(c1)CCCCC2CCCn1ccc2ccccc21
c1ccc2c(c1)CCCCC2CCCn1ccc2ccccc21
c1ccc2c(c1)CCCCC2CCCn1ccc2ccccc21
c1ccc2c(c1)CCCCC2CCCn1ccc2ccccc21
c1ccc2c(c1)CCCCC2CCCn1ccc2ccccc21
c1ccc2c(c1)CCCCC2CCCn1ccc2ccccc21
c1ccc2c(c1)CCCCC2CCCn1ccc2ccccc21
c1ccc2c(c1)CCCCC2CCCn1ccc2ccccc21
c1ccc2c(c1)CCCCC2CCCn1ccc2ccccc21
c1ccc2c(c1)CCCC2CCCn1ccc2ccccc21
c1ccc2c(c1)CCCC2CCCn1ccc2ccccc21
c1ccc2c(c1)CCCC2CCCn1ccc2ccccc21
c1ccc2c(c1)CCCC2CCCn1ccc2ccccc21
c1ccc2c(c1)CCCC2CCCn1ccc2ccccc21
c1ccc2c(c1)CCCC2CCCn1ccc2ccccc21
c1ccc2c(c1)CCCC2CCCn1ccc2ccccc21
c1ccc2c(c1)CCCC2CCCn1ccc2ccccc21
c1ccc2c(c1)CCCC2CCCn1ccc2ccccc21
c1ccc2c(c1)CCCC2CCCn1ccc2ccccc21
c1ccc2c(c1)CCCCC2CCCn1ccc2ccccc21
c1ccc2c(c1)CCCCC2CCCn1ccc2ccccc21
c1ccc2c(c1)CCCC2CCCn1ccc2ccccc21
c1ccc2c(c1)CCCC2CCCn1ccc2ccccc21
c1ccc2c(c1)CCCCC2CCCn1ccc2ccccc21
c1ccc2c(c1)CCCCC2CCCn1ccc2ccccc21
c1ccc2c(c1)CCCCC2CCCn1ccc2ccccc21
c1ccc2c(c1)CCCCC2CCCn1ccc2ccccc21
c1ccc2c(c1)CCCCC2CCCn1ccc2ccccc21
c1ccc2c(c1)CCCCC2CCCn1ccc2ccccc21
c1ccc2c(c1)CCCCC2CCCn1ccc2ccccc21
c1ccc2c(c1)CCCCC2CCCn1ccc2ccccc21
c1ccc2c(c1)CCCC2CCCn1ccc2ccccc21
c1ccc2c(c1)CCCC2CCCn1ccc2ccccc21
c1ccc2c(c1)CCCC2CCCn1ccc2ccccc21
c1ccc2c(c1)CCCC2CCCn1ccc2ccccc21
c1ccc2c(c1)CCCC2CCCn1ccc2ccccc21
c1ccc2c(c1)CCCCC2CCCn1ccc2ccccc21
c1ccc2c(c1)CCCCC2CCCn1ccc2ccccc21
c1ccc2c(c1)CCCCC2CCCn1ccc2ccccc21
c1ccc2c(c1)CCCC2CCCn1ccc2ccccc21
c1ccc2c(c1)CCCC2CCCn1ccc2ccccc21
c1ccc2c(c1)CCCC2CCCn1ccc2ccccc21
c1ccc2c(c1)CCCCC2CCCn1ccc2ccccc21
c1ccc2c(c1)CCCCC2CCCn1ccc2ccccc21
c1ccc2c(c1)CCCCC2CCCn1ccc2ccccc21
c1ccc2c(c1)CCCCC2CCCn1ccc2ccccc21
c1ccc2c(c1)CCCCC2CCCn1ccc2ccccc21
c1ccc2c(c1)CCCCC2CCCn1ccc2ccccc21
c1ccc2c(c1)CCCC2CCCn1ccc2ccccc21
c1ccc2c(c1)CCCC2CCCn1ccc2ccccc21
c1ccc2c(c1)CCCC2CCCn1ccc2ccccc21
c1ccc2c(c1)CCCC2CCCn1ccc2ccccc21
c1ccc2c(c1)CCCC2CCCn1ccc2ccccc21
c1ccc2c(c1)CCCC2CCCn1ccc2ccccc21
c1ccc2c(c1)CCCC2CCCn1ccc2ccccc21
c1ccc2c(c1)CCCC2CCCn1ccc2ccccc21
c1ccc2c(c1)CCCC2CCCn1ccc2ccccc21
c1ccc2c(c1)CCCC2CCCn1ccc2ccccc21
c1ccc2c(c1)CCCC2CCCn1ccc2ccccc21
c1ccc2c(c1)CCCC2CCCn1ccc2ccccc21
c1ccc2c(c1)CCCC2CCCn1ccc2ccccc21
c1ccc2c(c1)CCCC2CCCn1ccc2ccccc21
c1ccc2c(c1)CCCCC2CCCn1ccc2ccccc21
c1ccc2c(c1)CCCCC2CCCn1ccc2ccccc21
c1ccc2c(c1)CCCCC2CCCn1ccc2ccccc21
c1ccc2c(c1)CCCCC2CCCn1ccc2ccccc21
c1ccc2c(c1)CCCCC2CCCn1ccc2ccccc21
c1ccc2c(c1)CCCCC2CCCn1ccc2ccccc21
c1ccc2c(c1)CCCCC2CCCn1ccc2ccccc21
O=c1ccn(CCCC2CCCCc3ccccc32)c2ccccc12
O=c1ccn(CCCC2CCCc3ccccc32)c2ccccc12
C(=NOCc1ccccc1)c1c(-c2cccc3cc[nH]c23)ccc2c1CCCN2
C(=NOCc1ccccc1)c1c(-c2cccc3cc[nH]c23)ccc2c1CCCN2
C(=NOCc1ccccc1)c1c(-c2ccccc2)ccc2c1CCCN2
C(=NOCc1ccccc1)c1c(-c2ccccc2)ccc2c1CCCN2
C(=NOCc1ccccc1)c1c(-c2ccccc2)ccc2c1CCCN2
C(=NOCc1ccccc1)c1c(-c2ccccc2)ccc2c1CCCN2
C(=NOCc1ccccc1)c1cc2c(cc1-c1ccccc1)CCCCCN2
C(=NOc1ccccc1)c1cc2c(cc1-c1ccccc1)CCCCCN2
C(=NOc1ccccc1)c1cc2c(cc1Cc1ccccc1)CCCCCN2
c1ccc(Cc2cc3c(cc2-c2noc4ccccc24)NCCCCC3)cc1
c1ccc(Cc2cc3c(cc2-c2noc4ccccc24)CCCCCC3)cc1
c1ccc(CC2CCCCc3ccc(-c4noc5ccccc45)cc3C2)cc1
c1ccc(CC2CCCCc3ccc(-c4noc5ccccc45)cc32)cc1
c1ccc(CC2CCCCc3ccc(-c4noc5ccccc45)cc32)cc1
c1ccc(-c2noc3ccccc23)c(CC2CCCCc3ccccc32)c1
c1cc(NCCC2CCCCc3ccccc32)cc(-c2noc3ccccc23)c1
c1cc(NCCC2CCCCc3ccccc32)cc(-c2noc3ccccc23)c1
c1cc(NCCC2CCCCc3ccccc32)cc(-c2noc3ccccc23)c1
c1cc(NCCC2CCCCc3ccccc32)cc(-c2noc3ccccc23)c1
c1cc(Cc2noc3ccccc23)cc(NCCC2CCCCc3ccccc32)c1
c1cc(NCCC2CCCCc3ccccc32)cc(-c2ccc3cnoc3c2)c1
c1cc(NNCCC2CCCCc3ccccc32)cc(-c2ccc3cnoc3c2)c1
c1cc(NNCCC2CCCCc3ccccc32)cc(-c2ccc3cnoc3c2)c1
c1cc(NCCCC2CCCCc3ccccc32)cc(-c2ccc3cnoc3c2)c1
c1cc(NCCCC2CCCCc3ccccc32)cc(-c2ccc3cnoc3c2)c1
c1cc(NCCCC2CCCCc3ccccc32)cc(-c2ccc3cnoc3c2)c1
c1cc(NCCCC2CCCCc3ccccc32)cc(-c2ccc3cnoc3c2)c1
O=C(CCC1CCCCc2ccccc21)Nc1cccc(-c2ccc3cnoc3c2)c1
O=C(CCC1CCCCc2ccccc21)Nc1cccc(-c2ccc3cnoc3c2)c1
O=C(CCC1CCCCc2ccccc21)Nc1cccc(-c2ccc3cnoc3c2)c1
O=C(CCC1CCCCc2ccccc21)Nc1cccc(-c2ccc3cnoc3c2)c1
O=C(CCC1CCCCc2ccccc21)Nc1cccc(-c2ccc3cnoc3c2)c1
O=C(CCC1CCCCc2ccccc21)Nc1cccc(Cc2ccc3cnoc3c2)c1
O=C(CCC1CCCCc2ccccc21)Nc1cccc(Cc2ccc3cnoc3c2)c1
O=C(CCC1CCCCCc2ccccc21)Nc1cccc(Cc2ccc3cnoc3c2)c1
O=C(CCC1CCCCCc2ccccc21)Nc1cccc(Cc2ccc3cnoc3c2)c1
O=C(CCC1CCCCCc2ccccc21)Nc1cccc(Cc2ccc3cnoc3c2)c1
O=C(CCC1CCCCc2ccccc21)Nc1cccc(Cc2ccc3cnoc3c2)c1
O=C(CCC1CCCCc2ccccc21)Nc1cccc(Cc2ccc3cnoc3c2)c1
O=C(CCC1CCCCc2ccccc21)Nc1cccc(CCc2ccc3cnoc3c2)c1
O=C(CCC1CCCCCc2ccccc21)Nc1cccc(CCc2ccc3cnoc3c2)c1
O=C(CCC1CCCCCc2ccccc21)Nc1cccc(CCc2ccc3cnoc3c2)c1
O=C(CCC1CCCCCc2ccccc21)Nc1cccc(CCc2ccc3cnoc3c2)c1
O=C(CCC1CCCCCc2ccccc21)Nc1cccc(CCc2ccc3cnoc3c2)c1
O=C(CCC1CCCCCc2ccccc21)Nc1cccc(COCc2ccc3cnoc3c2)c1
O=C(CCC1CCCCCc2ccccc21)Nc1cccc(COCc2ccc3cnoc3c2)c1
O=C(CCC1CCCCCc2ccccc21)Nc1cccc(COCCc2ccc3cnoc3c2)c1
O=C(CCC1CCCCCc2ccccc21)Nc1cccc(COCCc2ccc3cnoc3c2)c1
O=C(CCC1CCCCCc2ccccc21)Nc1cccc(COCCCc2ccc3cnoc3c2)c1
O=C(CCC1CCCCCc2ccccc21)Nc1cccc(OCCCc2ccc3cnoc3c2)c1
O=C(CCC1CCCCCc2ccccc21)Nc1cccc(OCCCCc2noc3ccccc23)c1
O=C(CCC1CCCCCc2ccccc21)Nc1ccc2onc(CCCCOc3ccccc3)c2c1
O=C(CCC1CCCCCc2ccccc21)Nc1ccc2onc(CCCCCc3ccccc3)c2c1
O=C(CCC1CCCCCc2ccccc21)Nc1ccc2onc(CCCCCCc3ccccc3)c2c1
O=C(CCC1CCCCCc2ccccc21)Nc1ccc2onc(CCCCCCCc3ccccc3)c2c1
O=C(CCC1CCCCCc2ccccc21)Nc1ccc2onc(CCCCCCCc3ccccc3)c2c1
O=C(CCC1CCCCCc2ccccc21)Nc1ccc2onc(CCCCCCc3ccccc3)c2c1
O=C(CCC1CCCCCc2ccccc21)Nc1ccc2onc(CCCCCc3ccccc3)c2c1
O=C(CCC1CCCCCc2ccccc21)Nc1ccc2onc(CCCCc3ccccc3)c2c1
O=C(CCC1CCCCCc2ccccc21)Nc1ccc2onc(CCCCc3ccccc3)c2c1
O=C(CCC1CCCCCc2ccccc21)Nc1ccc2onc(CCCCc3ccccc3)c2c1
O=C(CCC1CCCCCc2ccccc21)Nc1ccc2onc(CCCCc3ccccc3)c2c1
O=C(CCC1CCCCCc2ccccc21)Nc1ccc2onc(CCCc3ccccc3)c2c1
O=C(CCC1CCCCCc2ccccc21)Nc1ccc2onc(CCc3ccccc3)c2c1
O=C(CCC1CCCCCc2ccccc21)Nc1ccc2onc(CCc3ccccc3)c2c1
O=C(CCC1CCCCCc2ccccc21)Nc1ccc2onc(CCc3ccccc3)c2c1
O=C(CCC1CCCCCc2ccccc21)Nc1ccc2onc(Cc3ccccc3)c2c1
O=C(CCC1CCCCc2ccccc21)Nc1ccc2onc(Cc3ccccc3)c2c1
O=C(CCC1CCCCc2ccccc21)Nc1ccc2onc(-c3ccccc3)c2c1
O=C(CCC1CCCCc2ccccc21)Nc1ccc2onc(-c3ccccc3)c2c1
O=C(CCC1CCCCc2ccccc21)Nc1ccc2onc(-c3ccccc3)c2c1
O=C(CCC1CCCCc2ccccc21)Nc1ccc2onc(-c3ccccc3)c2c1
O=C(CCC1CCCCc2ccccc21)Nc1ccc2onc(-c3ccccc3)c2c1
O=C(CCC1CCCCc2ccccc21)Nc1ccc2onc(C3C=CC=C3)c2c1
O=C(CCC1CCCCc2ccccc21)Nc1ccc2onc(C3=CC=C3)c2c1
O=C(CCC1CCCCc2ccccc21)Nc1ccc2onc(C3C=CC3)c2c1
O=C(CCC1CCCCc2ccccc21)Nc1ccc2onc(C3CCC3)c2c1
O=C(CCC1CCCCc2ccccc21)Nc1ccc2onc(C3CCC3)c2c1
O=C(CCC1CCCCCc2ccccc21)Nc1ccc2onc(C3CCC3)c2c1
O=C(CCC1CCCCCc2ccccc21)Nc1ccc2c(C3CCC3)noc2c1
O=C(CCC1CCCCCc2ccccc21)Nc1ccc2c(C3CC3)noc2c1
C=C1CC1c1noc2cc(NC(=O)CCC3CCCCCc4ccccc43)ccc12
C=C1CC1c1noc2cc(NC(=O)CCC3CCCCCc4ccccc43)ccc12
C=C1CC1c1noc2cc(NC(=O)CCC3CCCCc4ccccc43)ccc12
C=C1CC1c1noc2cc(NC(=O)CCC3CCCCc4ccccc43)ccc12
C=C1CC1c1noc2cc(NC(=O)CCC3CCCCc4ccccc43)ccc12
C=C1CC1c1noc2cc(NC(=O)CCC3CCCc4ccccc43)ccc12
C=C1CC1c1noc2ccc(NC(=O)CCC3CCCc4ccccc43)cc12
O=C(CCC1CCCc2ccccc21)Nc1ccc2oncc2c1
O=C(CCC1CCCc2ccccc21)Nc1ccc2oncc2c1
O=C(CCC1CCCCc2ccccc21)Nc1ccc2oncc2c1
O=C(CCC1CCCCc2ccccc21)Nc1ccc2oncc2c1
O=C(CCC1CCCCc2ccccc21)Nc1ccc2oncc2c1
O=C(CCC1CCCCc2ccccc21)Nc1ccc2oncc2c1
O=C(CCC1CCCCc2ccccc21)Nc1ccc2c(c1)C=NOC2
O=C(CCC1CCCCc2ccccc21)Nc1ccc2c(c1)C=NOC2
O=C(CCC1CCCCc2ccccc21)Nc1ccc2c(c1)C=NOC2
O=C(CCC1CCCCCc2ccccc21)Nc1ccc2c(c1)C=NOC2
C=C1ON=Cc2cc(NC(=O)CCC3CCCCCc4ccccc43)ccc21
C=C1ON=Cc2cc(NC(=O)CCC3CCCCc4ccccc43)ccc21
C=C1ON=Cc2cc(NC(=O)CCC3CCCc4ccccc43)ccc21
C=C1ON=Cc2cc(NC(=O)CCC3CCCc4ccccc43)ccc21
C=C1ON=Cc2cc(NC(=O)CCC3CCc4ccccc43)ccc21
O=C(CCC1CCc2ccccc21)Nc1ccc2c(=O)oncc2c1
O=C(CCC1CCCc2ccccc21)Nc1ccc2c(=O)oncc2c1
O=C(CCC1CCCCc2ccccc21)Nc1ccc2c(=O)oncc2c1
O=C(NCc1ccc(-c2cnoc2)cc1)c1cnc2[nH]ncc2c1
O=C(NCc1ccc2c(c1)Cc1nocc1-2)c1cnc2[nH]ncc2c1
O=C(NCc1ccc2c(c1)CC1=NOC12)c1cnc2[nH]ncc2c1
c1cc2c(cc1CNCc1cnc3[nH]ncc3c1)CC1=NOC12
c1cc2c(cc1CNCc1cnc3[nH]ncc3c1)CCC2
c1cc2c(cc1CNCc1cnc3[nH]ncc3c1)CCC2
c1cc2c(cc1COCc1cnc3[nH]ncc3c1)CCC2
c1nc2[nH]ncc2cc1COc1ccc2c(c1)CCC2
c1nc2[nH]ncc2cc1COc1ccc2c(c1)CCC2
c1nc2[nH]ncc2cc1COc1ccc2c(c1)CC1CC21
c1nc2[nH]ncc2cc1COc1ccc2c(c1)CC1CC21
c1nc2[nH]ncc2cc1COc1ccc2c(c1)CCC1CC21
C1=NNCc2ncc(COc3ccc4c(c3)CCC3CC43)cc21
c1cncc(COc2ccc3c(c2)CCC2CC32)c1
c1cncc(COc2ccc3c(c2)CCC2CC32)c1
c1cncc(COc2ccc3c(c2)CCC2CC32)c1
c1cncc(COc2ccc3c(c2)CCC2CC32)c1
c1cncc(COc2ccc3c(c2)CCC2CC32)c1
c1cncc(CCOc2ccc3c(c2)CCC2CC32)c1
c1cncc(CCOc2ccc3c(c2)CCC2CC32)c1
c1cncc(CCOc2ccc3c(c2)CCCC2CC32)c1
c1cncc(CCOc2ccc3c(c2)CCCC2CCC32)c1
c1cncc(COc2ccc3c(c2)CCCC2CCC32)c1
c1cncc(COc2ccc3c(c2)CCCC2CCCC32)c1
c1cncc(COc2ccc3c(c2)CCCC2CCCC32)c1
c1cncc(COc2ccc3c(c2)CCC2CCCC32)c1
c1cncc(COc2ccc3c(c2)CCC2CCCC32)c1
c1cncc(COc2ccc3c(c2)CCC2CCCC32)c1
c1cncc(COc2ccc3c(c2)CCC2CCCC32)c1
c1cncc(COc2ccc3c(c2)CCC2CCCCC32)c1
c1cncc(COc2ccc3c(c2)CCC2CCCCC32)c1
c1cncc(COc2ccc3c(c2)CCC2CCCCC32)c1
c1cncc(COc2ccc3c(c2)CCC2CCCCC32)c1
c1cncc(COc2ccc3c(c2)CCC2CCCCC32)c1
c1cncc(COc2ccc3c(c2)CCC2CCCCC32)c1
c1cncc(COc2ccc3c(c2)CCC2CCCCC32)c1
c1cncc(COc2ccc3c(c2)CCC2CCCCC32)c1
c1cncc(COc2ccc3c(c2)CCC2CCCCC32)c1
c1cncc(COc2ccc3c(c2)CCC2CCCCC32)c1
c1cncc(COc2ccc3c(c2)CCC2CCCCC32)c1
c1cncc(COc2ccc3c(c2)CCC2CCCCC32)c1
c1cncc(COc2ccc3c(c2)CCC2CCCCC32)c1
c1cncc(COc2ccc3c(c2)CCC2CCCCC32)c1
c1cncc(COc2ccc3c(c2)CCC2CCCCC32)c1
c1cncc(COc2ccc3c(c2)CCC2CCCCC32)c1
c1cncc(COc2ccc3c(c2)CCC2CCCCC32)c1
c1cncc(COc2ccc3c(c2)CCC2CCCCC32)c1
c1cncc(COc2ccc3c(c2)CCC2CCCCC32)c1
c1cncc(COc2ccc3c(c2)CCC2CCCCC32)c1
c1cncc(COc2ccc3c(c2)CCC2CCCCC32)c1
O=C(NCc1ccc(-c2cnoc2)cc1)c1cnc2[nH]ncc2c1
O=C(NCc1ccc(-c2cnoc2)cc1)c1cnc2[nH]ncc2c1
O=C(NCc1ccc(-c2cnoc2)cc1)c1cnc2c(c1)C=NC2
O=C(NCCc1nocc1-c1ccccc1)c1cnc2c(c1)C=NC2
C=C(C=C1C=NCC1)C(=O)NCCc1nocc1-c1ccccc1
C=C(C=CC1=NCCC1)C(=O)NCCc1nocc1-c1ccccc1
O=C(CC=CC1=NCCC1)NCCc1nocc1-c1ccccc1
O=C(CCC1=NCCC1)NCCc1nocc1-c1ccccc1
O=C(CCC1=NCCC1)NCCc1nocc1-c1ccccc1
O=C(CCC1=NCCC1)NCc1nocc1-c1ccccc1
N=C1CCCC(C(=O)NCc2nocc2-c2ccccc2)C1
N=C1CCCC(C(=O)NCc2cocc2-c2ccccc2)C1
N=C1CCCC(C(=O)NCC2COC=C2c2ccccc2)C1
N=C1CCCC(C(=O)CNCC2COC=C2c2ccccc2)C1
O=C(CNCC1COC=C1c1ccccc1)C1CCCCC1
O=C(CNCC1COC=C1c1ccccc1)C1CCCCC1
O=C(CNC1COC=C1c1ccccc1)C1CCCCC1
O=C(CNC1COC=C1c1ccccc1)C1CCCCC1
O=C(CNc1cocc1-c1ccccc1)C1CCCCC1
O=C(CNc1conc1-c1ccccc1)C1CCCCC1
O=C(CSc1conc1-c1ccccc1)C1CCCCC1
O=C(CSc1conc1-c1ccccc1)C1CCCC2NC21
O=C(CSc1conc1-c1ccccc1)C1CCCC2CC21
O=C(CSc1conc1-c1ccccc1)C1CCCC2CC21
O=C(CSc1conc1-c1ccccc1)C1CCCC2CC21
O=C(CSc1conc1-c1ccccc1)C1CCCC2CCC21
O=C(CSc1conc1-c1ccccc1)C1CCCC2CCC21
O=C(CSc1conc1-c1ccccc1)C1CCCC2CC21
O=C(CSC1=CCN=C1c1ccccc1)C1CCCC2CC21
O=C(CSC1=CCN=C1c1ccccc1)C1CCCCC2CC21
O=C(CSC1=CCN=C1c1ccccc1)C1CCCCC2CCC21
O=C(CSC1=CCN=C1c1ccccc1)C1CCCCC2CCC21
O=C(CSC1=CCN=C1c1ccccc1)C1CCCC2CCC21
O=C(CSC1=CCN=C1c1ccccc1)C1CCC2CCC21
O=C(CSC1=CCN=C1c1ccccc1)C1CCC2CCC21
O=C(CSC1=CC=C1c1ccccc1)C1CCC2CCC21
O=C(CSC1=CC=C1c1ccccc1)C1CCC2CCC21
O=C(CSC1=CC=C1c1ccccc1)C1CCC2CCC21
O=C(CSC1=CN=C1c1ccccc1)C1CCC2CCC21
O=C(CSC1=CN=C1c1ccccc1)C1CCC2CCC21
O=C(CSC1=CN=C(c2ccccc2)C1)C1CCC2CCC21
O=C(CSC1=CN=C(c2ccccc2)C1)C1CCC2CCC21
O=C(CSC1=CN=C(c2ccccc2)C1)C1CCC2CCC21
O=C(CSC1=CN=C(c2ccccc2)C1)C1CCC2CCC21
O=C(CSC1=CN=C(c2ccccc2)CO1)C1CCC2CCC21
O=C(CSC1=CN=C(c2ccccc2)OCO1)C1CCC2CCC21
O=C(CSC1=CN=C(c2ccccc2)OCO1)C1CCC2CCC21
O=C(CSC1=CN=C(c2ccccc2)OCO1)C1CCC2CCC21
O=C(CSC1=CN=C(c2ccccc2)OCC1)C1CCC2CCC21
O=C(CSC1=NN=C(c2ccccc2)OCC1)C1CCC2CCC21
O=C(CSC1=NN=C(c2ccccc2)OCC1)C1CCC2CCC21
O=C(CSC1=NN=C(c2ccccc2)OC1)C1CCC2CCC21
O=C(CSC1=NN=C(c2ccccc2)OC1)C1CCC2CCC21
O=C(CSC1=NN=C(c2ccccc2)OC1)C1CCC2CCCC21
O=C(CSc1nnc(-c2ccccc2)o1)C1CCC2CCCC21
O=C(CSc1nnc(-c2ccccc2)o1)C1CCC2CCCCC21
O=C(CSc1nnc(-c2ccccc2)o1)C1CCC2CCCCC21
O=C(CSc1nnc(-c2ccccc2)o1)C1CCC2CCCCC21
O=C(CSc1nnc(-c2ccccc2)o1)C1CCC2CCCCC21
O=C(CSc1nnc(-c2ccccc2)o1)C1CCC2CCCCC21
O=C(CSc1nnc(-c2ccccc2)o1)C1CCC2CCCCC21
O=C(CSc1nnc(-c2ccccc2)o1)C1CCC2C3CC3CCC12
O=C(CSc1nnc(-c2ccccc2)o1)C1CCC2C3CCC3CCC12
O=C(CSc1nnc(-c2ccccc2)o1)C1CCC2C3CCC3CCC12
O=C(CSc1nnc(-c2ccccc2)o1)C1CCC2C3CCCC3CCC12
O=C(CSc1nnc(-c2ccccc2)o1)C1CCC2C3CCCC3CCC12
O=C(CSc1nnc(-c2ccccc2)o1)C1CCC2C3CCCC3CCC12
O=C(CSc1nnc(-c2ccccc2)o1)C1CCC2C3CCC3CCC12
O=C(CSc1nnc(-c2ccccc2)o1)C1CCC2C3CCC3CCC12
O=C(CSc1nnc(-c2ccccc2)o1)C1CCC2C3CCC3CCC12
O=C(CSc1nnc(-c2ccccc2)o1)C1CCC2C3CCC3CCC12
O=C(CSc1nnc(-c2ccccc2)o1)C1CCC2C3CCC3CCC12
O=C(CSc1nnc(-c2ccccc2)o1)C1CCC2C3CCC3CCC12
O=C(CSc1nnc(-c2ccccc2)o1)C1CCC2C3CCC3CCC12
O=C(CSc1nnc(-c2ccccc2)o1)C1CCC2C3CCCC3CCC12
O=C(CSc1nnc(-c2ccccc2)o1)C1CCC2C3CCCCC3CCC12
O=C(CSc1nnc(-c2ccccc2)o1)C1CCC2C3CCCCC3CCC12
O=C(CSc1nnc(-c2ccccc2)o1)C1CCC2C3CCCCC3CCC12
O=C(CSc1nnc(-c2ccccc2)o1)C1CCC2C3CCCCCC3CCC12
O=C(CSc1nnc(-c2ccccc2)o1)C1CCC2C3CCCCCC3CCC12
O=C(CSc1nnc(-c2ccccc2)o1)C1CCC2C3CCCCCC3CCC12
O=C(CSc1nnc(-c2ccccc2)o1)C1CCC2C3CCCCCC3CCC12
O=C(CSc1nnc(-c2ccccc2)o1)C1CCC2C3CCCCC3CCC12
O=C(CSc1nnc(-c2ccccc2)o1)C1CCC2C3CCCCC3CCC12
O=C(CSc1nnc(-c2ccccc2)o1)C1CCC2C1CCC1C(C3CCO3)CCCC12
O=C(CSc1nnc(-c2ccccc2)o1)C1CCC2C1CCC1C(C3CCC3)CCCC12
O=C(CSc1nnc(-c2ccccc2)o1)C1CCC2C1CCC1C(C3CCC3)CCCCC12
O=C(CSc1nnc(-c2ccccc2)o1)C1CCC2C1CCC1C(C3CCC3)CCCCC12
O=C(CSc1nnc(-c2ccccc2)o1)C1CCC2C1CCC1C(C3CC3)CCCCC12
O=C(CSc1nnc(-c2ccccc2)o1)C1CCC2C1CCC1C(C3CC3)CCCCC12
O=C(CSc1nnc(-c2ccccc2)o1)C1CCC2C3CCCCCC3CCC12
O=C(CSc1nnc(-c2ccccc2)o1)C1CCC2C3CCCCCC3CCC12
O=C(CSc1nnc(-c2ccccc2)o1)C1CCC2C1CCC1C3CC3CCCC12
O=C(CSc1nnc(-c2ccccc2)o1)C1CCC2C1CCC1C3CC3CCCC12
O=C(CSc1nnc(-c2ccccc2)o1)C1CCC2C1CCC1C3CC3CCCC12
O=C(CSc1nnc(-c2ccccc2)o1)C1CCC2C3CCCCCC3CCC12
O=C(CSc1nnc(-c2ccccc2)o1)C1CCC2C1CCC1C3CCCC3CCCC12
O=C(CSc1nnc(-c2ccccc2)o1)C1CCC2C1CCC1C3CCCC3CCC12
O=C(CSc1nnc(-c2ccccc2)o1)C1CCC2C1CCC1C3CCCC3CCC12
O=C(CSc1nnc(-c2ccccc2)o1)C1CCC2C1CCC1C3CCCCC3CCC12
O=C(CSc1nnc(-c2ccccc2)o1)C1CCC2C1CCC1C3CCCCC3CC12
O=C(CSc1nnc(-c2ccccc2)o1)C1CCC2C1CCC1C3CCCCC3CC12
O=C1CCC2CC3C(CCC4C(C(=O)CSc5nnc(-c6ccccc6)o5)CCC43)C2C1
O=C1CC2CC3C(CCC4C(C(=O)CSc5nnc(-c6ccccc6)o5)CCC43)C2C1
O=C1CC2CCC3C(CCC4C(C(=O)CSc5nnc(-c6ccccc6)o5)CCC43)C2C1
O=C1CCC2CCC3C(CCC4C(C(=O)CSc5nnc(-c6ccccc6)o5)CCC43)C2C1
O=C1CCC2CCC3C(CCC4C(C(=O)CSc5nnc(-c6ccccc6)o5)CCC43)C2CC1
O=C1CCC2C(CCC3C2CCC2C(C(=O)CSc4nnc(-c5ccccc5)o4)CCC23)C1
O=C1CCC2C(CCC3C2CCC2C(C(=O)CSc4nnc(-c5ccccc5)o4)CCC23)C1
O=C1C=C2CCC3C(CCC4C(C(=O)CSc5nnc(-c6ccccc6)o5)CCC43)C2CC1
O=C1C=C2CCC3C(CCC4C(C(=O)CCSc5nnc(-c6ccccc6)o5)CCC43)C2CC1
O=C1C=CC2C(=C1)CCC1C2CCC2C(C(=O)CCSc3nnc(-c4ccccc4)o3)CCC21
O=C1C=CC2C(=C1)CCC1C2CCC2C(C(=O)CSc3nnc(-c4ccccc4)o3)CCC21
O=C(NCc1ccc(-c2cnoc2)cc1)c1cnc2[nH]ncc2c1
O=C(NCc1ccc(-c2cnoc2)cc1)C1C=c2cn[nH]c2=NC1
O=C(NCc1ccc(-c2cnoc2)cc1)C1C=c2cn[nH]c2=NC1
O=C(CC=C1C=NNC1)NCc1ccc(-c2cnoc2)cc1
O=C(CC=C1C=NNC1)NCc1ccc(-c2cnoc2)cc1
O=C(CC=C1C=NNC1)NCc1ccc(-c2cnoc2)cc1
O=C(CC=C1C=NNC1)NCc1ccc(Oc2cnoc2)cc1
O=C(CC1C=NNC1)NCc1ccc(Oc2cnoc2)cc1
O=C(CC1C=NNC1)NCc1ccc(Oc2cnoc2)cc1
N=C1CNCC1CC(=O)NCc1ccc(Oc2cnoc2)cc1
O=C(CC1CCNC1)NCc1ccc(Oc2cnoc2)cc1
O=C(CC1CCNC1)NCCc1ccc(Oc2cnoc2)cc1
O=C(CC1CCNC1)NCCc1ccc(Oc2cnoc2)cc1
O=C(CC1CCNC1)NCCc1ccc(Oc2cnoc2)cc1
O=C(CC1CCNC1)NCCc1ccc(Oc2cnoc2)cc1
O=C(CC1CCNC1)NCCc1ccc(Oc2cnoc2)cc1
O=C(CC1CCNC1)NCCc1ccc(Oc2cnoc2)cc1
O=C(CC1CCNC1)NCCc1ccc(OC2C=NO2)cc1
O=C(CC1CCNC1)NCCc1ccc(OC2C=NO2)cc1
O=C(CC1CCCNC1)NCCc1ccc(OC2C=NO2)cc1
O=C(CC1CCCNC1)NCCc1ccccc1
O=C(CC1CCCNC1)NCCc1ccccc1
O=C(CC1CCCNC1)NCCc1ccccc1
O=C(CC1CCCNC1)NCCc1ccccc1
O=C(CC1CCCNC1)NCCc1ccccc1
O=C(COC1CCCNC1)NCCc1ccccc1
O=C(COC1CCCNC1)NCCc1ccccc1
O=C(COC1CCCNC1)NCCc1ccccc1
O=C(COC1CCCNC1)NCCc1ccccc1
O=C(COC1CCCNC1)NCCc1ccccc1
O=C(COC1CCCNC1)NCCc1ccccc1
O=C(COC1CCCNC1)NCCc1ccccc1
O=C(CCOC1CCCNC1)NCCc1ccccc1
O=C(CCOC1CCCNC1)NCCc1ccccc1
O=C(CCOC1CCCNC1)NCCc1ccccc1
O=C(CCC(=O)N1CCCCC1)NCCc1ccccc1
O=C(CC(=O)N1CCCCC1)NCCc1ccccc1
O=C(CC(=O)N1CCCCC1)NCCc1ccccc1
O=C(CC(=O)N1CCCCC1)NCCc1ccccc1
O=C(CC(=O)N1CCCCC1)NCCc1ccccc1
O=C(CC(=O)N1CCCCC1)NCCc1ccccc1
O=C(CC(=O)N1CCCCC1)NCCc1ccccc1
O=C(CC(=O)N1CCCCC1)NCCc1ccccc1
O=C(CC(=O)N1CCCCC1)NCCc1ccccc1
O=C(CC(=O)N1CCCCC1)NCCc1ccccc1
O=C(CC(=O)N1CCCCC1)NCCc1ccccc1
O=C(CC(=O)N1CCCCC1)NCCc1ccccc1
O=C(CC(=O)N1CCCCC1)NCCc1ccccc1
O=C(CC(=O)N1CCCCC1)NCCc1ccccc1
O=C(CC(=O)N1CCCCC1)NCCc1ccccc1
O=C(CC(=O)N1CCCCC1)NCCc1ccccc1
O=C(CC(=O)N1CCCCC1)NCCc1ccccc1
O=C(CC(=O)N1CCCC(OC(=O)C2CON2)C1)NCCc1ccccc1
O=C(CC(=O)N1CCCC(OC(=O)C2COC2)C1)NCCc1ccccc1
O=C(CC(=O)N1CCCC(OC(=O)C2COC2)C1)NCCc1ccccc1
O=C(CC(=O)N1CCCC(OC(=O)C2COC2)C1)NCCc1ccccc1
O=C(CC(=O)N1CCCC(OC(=O)C2CCOC2)C1)NCCc1ccccc1
O=C1CC(C(=O)OC2CCCN(C(=O)CCNCCc3ccccc3)C2)CO1
O=C(CCNCCc1ccccc1)CN1CCCC(OC(=O)C2COC(=O)C2)C1
O=C(CCCN1CCCC(OC(=O)C2COC(=O)C2)C1)NCCc1ccccc1
O=C(CCCN1CCCC(OC(=O)C2COC(=O)C2)C1)NCCc1ccccc1
O=C(CCN1CCCC(OC(=O)C2COC(=O)C2)C1)NCCc1ccccc1
O=C(CCN1CCCC(OC(=O)C2COC(=O)C2)C1)NCCc1ccccc1
O=C(CCN1CCCC(OC(=O)C2COC(=O)C2)C1)NCCc1ccccc1
O=C1CC(C(=O)OC2CCCN(COCc3ccccc3)C2)CO1
O=C1CC(C(=O)OC2CCCN(COCc3ccccc3)C2)CO1
O=C1CC(C(=O)OC2CCCN(CCCc3ccccc3)C2)CO1
O=C1CC(C(=O)OC2CCCN(CCCc3ccccc3)C2)CO1
O=C1CC(C(=O)OC2CCCN(CCCc3ccccc3)C2)CO1
O=C1CC(C(=O)OC2CCCN(CCCc3ccccc3)CC2)CO1
O=C1CC(C(=O)OC2CCCN(CCCc3ccccc3)CC2)CO1
O=C1CC(C(=O)OC2CCCN(CCCc3ccccc3)CC2)CO1
O=C1CC(C(=O)OC2CCCN(CCCc3ccccc3)CC2)CO1
O=C1CC(C(=O)OC2CCCN(CCCc3ccccc3)CCC2)CO1
O=C1CC(C(=O)OC2CCCN(CCOCc3ccccc3)CCC2)CO1
O=C1CC(C(=O)OC2CCCN(CCOCc3ccccc3)CCC2)CO1
O=C1CC(C(=O)OC2CCCN(CCCOCc3ccccc3)CCC2)CO1
O=C1CC(C(=O)OC2CCCN(CCCOCc3ccccc3)CC2)CO1
O=C1CC(C(=O)OC2CCCN(CCCOCc3ccccc3)C2)CO1
O=C1CC(C(=O)OC2CCCN(CCOCc3ccccc3)C2)CO1
O=C1CC(C(=O)OC2CCCN(CCCOCc3ccccc3)C2)CO1
O=C1CC(C(=O)OC2CCCN(CCCOCc3ccccc3)C2)CO1
O=C(COCc1ccccc1)CN1CCCC(OC(=O)C2COC(=O)C2)C1
O=C1CC(C(=O)OC2CCCN(CC(=O)OCc3ccccc3)C2)CO1
O=C1CC(C(=O)OC2CCCCN(CC(=O)OCc3ccccc3)C2)CO1
O=C1CC(C(=O)OC2CCCCCN(CC(=O)OCc3ccccc3)C2)CO1
O=C1CC(C(=O)OC2CCCCCN(C(=O)COCc3ccccc3)C2)CO1
O=C1CC(C(=O)OC2CCCCN(C(=O)COCc3ccccc3)C2)CO1
O=C1CC(C(=O)OC2CCCCN(C(=O)COCc3ccccc3)C2)CO1
O=C1CC(C(=O)OC2CCCCN(C(=O)COCc3ccccc3)C2)CO1
O=C1CC(C(=O)OC2CCCCN(C(=O)COCc3ccccc3)C2)CO1
O=C1CC(C(=O)OC2CCCCN(C(=O)COCc3ccccc3)C2)CO1
O=C1CC(C(=O)OC2CCCN(C(=O)COCc3ccccc3)C2)CO1
O=C1CC(C(=O)OC2CCCN(C(=O)COCc3ccccc3)C2)CCO1
O=C1CC(C(=O)OC2CCCN(C(=O)COCc3ccccc3)C2)CCO1
O=C1CC(C(=O)OC2CCCN(C(=O)COCc3ccccc3)C2)CCO1
O=C1CC(C(=O)OC2CCCN(C(=O)COCc3ccccc3)C2)CCO1
C=C(OCc1ccccc1)C(=O)N1CCCC(OC(=O)C2CCOC(=O)C2)C1
O=C1CC(C(=O)OC2CCCN(C(=O)COCc3ccccc3)C2)CCO1
O=C1CC(C(=O)OC2CCCN(C(=O)OCc3ccccc3)C2)CCO1
O=C1CC(C(=O)OC2CCCN(C(=O)OCc3ccccc3)C2)CCO1
C=C(OC1CCCN(C(=O)OCc2ccccc2)C1)C1CCOC(=O)C1
C=C(OC1CCCN(C(=O)OCc2ccccc2)C1)C1CCOC(=O)C1
C=C(OC1CCCN(C(=O)OCc2ccccc2)C1)C1CCOC(=O)C1
C=C(OC1CCCCN(C(=O)OCc2ccccc2)C1)C1CCOC(=O)C1
C=C(OC1CCCCN(C(=O)OCc2ccccc2)C1)C1CCOC(=O)C1
C=C(OC1CCCCN(C(=O)OCc2ccccc2)C1)C1COC(=O)C1
C=C(OC1CCCCN(C(=O)COCc2ccccc2)C1)C1COC(=O)C1
C=C(OC1CCCCN(C(=O)COCc2ccccc2)C1)C1COC(=O)C1
C=C(OC1CCCCN(C(=O)COCc2ccccc2)C1)C1COC(=O)C1
C=C(OC1CCCCN(C(=O)COCc2ccccc2)C1)C1COC(=O)C1
C=C(OC1CCCCN(C(=O)COCc2ccccc2)C1)C1COC(=O)C1
C=C(OC1CCCCN(C(=O)COCc2ccccc2)C1)C1COC(=O)C1
C=C(OC1CCCCN(C(=O)COCc2ccccc2)C1)C1COC(=O)C1
C=C(OC1CCCN(C(=O)COCc2ccccc2)C1)C1COC(=O)C1
C=C(OC1CCCN(C(=O)OCc2ccccc2)C1)C1COC(=O)C1
C=C(OC1CCCN(C(=O)OCc2ccccc2)C1)C1COC(=O)C1
O=C1CC(C(OC2CCCN(C(=O)OCc3ccccc3)C2)=C2CCC2)CO1
O=C1CC(C(OC2CCCN(C(=O)OCc3ccccc3)C2)=C2CCC2)CO1
O=C1CC(C(OC2CCCN(C(=O)OCc3ccccc3)C2)=C2CC2)CO1
O=C1CC(C(OC2CCCN(C(=O)OCc3ccccc3)C2)=C2CC2)CO1
O=C1CC(C(OC2CCCN(C(=O)OCc3ccccc3)C2)=C2CC2)CO1
O=C1CC(C(OC2CCCN(C(=O)OCc3ccccc3)CC2)=C2CC2)CO1
O=C1CC(C(OC2CCCN(C(=O)OCc3ccccc3)CCC2)=C2CC2)CO1
O=C1CC(C(OC2CCCN(C(=O)OCc3ccccc3)CCC2)=C2CC2)CO1
C=C(OC1CCCN(C(=O)OCc2ccccc2)CCC1)C1COC(=O)C1
C=C(OC1CCCN(C(=O)OCc2ccccc2)CCC1)C1COC(=O)C1
C=C(OC1CCCN(C(=O)OCc2ccccc2)CCC1)C1COC(=O)C1
C=C(OC1CCCN(C(=O)OCc2ccccc2)CCC1)C1COC(=O)C1
C=C(OC1CCCN(C(=O)OCc2ccccc2)CC1)C1COC(=O)C1
O=C1CC(C=CCOC2CCCN(C(=O)OCc3ccccc3)CC2)CO1
O=C1CC(C=CCOC2CCCN(C(=O)OCc3ccccc3)CCC2)CO1
O=C1CC(C=COC2CCCN(C(=O)OCc3ccccc3)CCC2)CO1
O=C1CC(C=CCOC2CCCN(C(=O)OCc3ccccc3)CCC2)CO1
O=C1CC(C=CCOC2CCCN(C(=O)OCc3ccccc3)CCC2)CO1
O=C1CC(C=CCOC2CCCN(C(=O)OCc3ccccc3)CCC2)CO1
O=C1CC(C=CCOC2CCCN(C(=O)OCc3ccccc3)CCC2)CO1
O=C1CC(C=CCOC2CCCN(C(=O)OCc3ccccc3)CC2)CO1
O=C1CC(C=CCOC2CCCN(C(=O)OCc3ccccc3)CC2)CO1
O=C1CC(C=COC2CCCN(C(=O)OCc3ccccc3)CC2)CO1
O=C1CC(C=COC2CCCN(C(=O)OCc3ccccc3)CC2)CO1
O=C1CC(C=COC2CCCN(C(=O)COCc3ccccc3)CC2)CO1
O=C1CC(C=COC2CCCN(C(=O)CCOCc3ccccc3)CC2)CO1
O=C1CC(C=COC2CCCN(C(=O)CCOCc3ccccc3)CC2)CO1
O=C1CC(C=COC2CCCN(C(=O)CCOCc3ccccc3)C2)CO1
O=C1CC(C=COC2CCCN(C(=O)CCOCc3ccccc3)C2)CO1
O=C1CC(C=COC2CCCN(C(=O)COCc3ccccc3)C2)CO1
O=C1CC(C=COC2CCCN(C(=O)COCc3ccccc3)C2)CO1
O=C1CC(C=COC2CCCN(C(=O)COCc3ccccc3)C2)CO1
O=C1CC(C(=COC2CCCNC2)OCc2ccccc2)CO1
O=C1CC(C(=COC2CCCNC2)OCc2ccccc2)CO1
O=C1CC(C(=COC2CCCNC2)OCc2ccccc2)CO1
O=C1CC(C(=COC2CCCNC2)OCc2ccccc2)CO1
O=C1CC(C(=COC2CCCNC2)OCc2ccccc2)CO1
O=C1CC(C(=COC2CCCNC2)OCc2ccccc2)CO1
O=C1CC(C(=COC2CCCNC2)OCc2ccccc2)CO1
O=C1CC(C(=COC2CCCCNC2)OCc2ccccc2)CO1
O=C1CC(C(=COC2CCCCNC2)OCc2ccccc2)CO1
O=C1CC(C(=COC2CCCCNC2)OCc2ccccc2)CO1
O=C1CC(C(=COC2CCCCNC2)OCc2ccccc2)CO1
O=C1CC(C(=O)N2CCCCC(OC=COCc3ccccc3)C2)CO1
O=C1CC(C(=O)N2CCCCC(OCCOCc3ccccc3)C2)CO1
O=C1CC(C(=O)N2CCCCC(OC(=O)COCc3ccccc3)C2)CO1
O=C1CC(C(=O)N2CCCCC(OC(=O)COCc3ccccc3)C2)CO1
O=C1CC(C(=O)N2CCCCC(OC(=O)COCc3ccccc3)C2)CO1
O=C1CC(C(=O)N2CCCCC(OC(=O)COCc3ccccc3)C2)CO1
O=C1CC(C(=O)N2CCCCC(OC(=O)CCOCc3ccccc3)C2)CO1
O=C1CC(C(=O)N2CCCCC(OC(=O)CCOCc3ccccc3)C2)CO1
O=C1CC(C(=O)N2CCCCC(OC(=O)CCOCc3ccccc3)C2)CO1
O=C1CC(C(=O)N2CCCCC(OC(=O)CCCOCc3ccccc3)C2)CO1
O=C1CC(C(=O)N2CCCCC(OC(=O)CCCOCc3ccccc3)C2)CO1
O=C1CC(C(=O)N2CCCCC(OC(=O)CCCCOCc3ccccc3)C2)CO1
O=C1CC(C(=O)N2CCCC(OC(=O)CCCCOCc3ccccc3)C2)CO1
O=C1CC(C(=O)N2CCCC(OC(=O)CCCCCOCc3ccccc3)C2)CO1
O=C(CCCCC(=O)OC1CCCN(C(=O)C2COC(=O)C2)C1)OCc1ccccc1
O=C(CCCC(=O)OC1CCCN(C(=O)C2COC(=O)C2)C1)OCc1ccccc1
O=C(COCCC(=O)OC1CCCN(C(=O)C2COC(=O)C2)C1)OCc1ccccc1
O=C(COCCC(=O)OC1CCCN(C(=O)C2COC(=O)C2)C1)OCc1ccccc1
O=C(CCCCC(=O)OC1CCCN(C(=O)C2COC(=O)C2)C1)OCc1ccccc1
O=C(CCCCC(=O)OC1CCCN(C(=O)C2COC(=O)C2)C1)OCc1ccccc1
O=C(CCCC(=O)OC1CCCN(C(=O)C2COC(=O)C2)C1)OCc1ccccc1
O=C(CCCC(=O)OC1CCCN(C(=O)C2COC(=O)C2)C1)OCc1ccccc1
O=C(CCCC(=O)OC1CCCN(C(=O)C2COC(=O)C2)C1)OCc1ccccc1
O=C(CCCC(=O)OC1CCCN(C(=O)C2COC(=O)C2)C1)OCc1ccccc1
O=C(CCCCC(=O)OC1CCCN(C(=O)C2COC(=O)C2)C1)OCc1ccccc1
O=C(CCCCC(=O)OC1CCCN(C(=O)C2COC(=O)C2)C1)OCc1ccccc1
O=C1CC(C(=O)N2CCCC(OC(=O)CCCCCOCc3ccccc3)C2)CO1
O=C1CC(C(=O)N2CCCC(OC(=O)CCCCCOCc3ccccc3)C2)CO1
O=C1CC(C(=O)N2CCCC(OC(=O)NCCCCOCc3ccccc3)C2)CO1
O=C1CC(C(=O)N2CCCC(OC(=O)NCCCCOCc3ccccc3)C2)CO1
O=C1CC(C(=O)N2CCCC(OC(=O)NCCCCCOCc3ccccc3)C2)CO1
O=C1CC(C(=O)N2CCCC(OC(=O)NCCCCCOCc3ccccc3)C2)CO1
O=C1CC(C(=O)N2CCCC(OC(=O)CCCCCCOCc3ccccc3)C2)CO1
O=C1CC(C(=O)N2CCCC(OC(=O)CCCCCCOCc3ccccc3)C2)CO1
O=C1CC(C(=O)N2CCCC(OC(=O)CCCCCCCOCc3ccccc3)C2)CO1
O=C1CC(C(=O)N2CCCC(OC(=O)CCCCCCOCc3ccccc3)C2)CO1
O=C1CC(C(=O)N2CCCC(OC(=O)CCCCCCCOCc3ccccc3)C2)CO1
O=C1CC(C(=O)N2CCCC(OC(=O)CCCCCCCOCc3ccccc3)C2)CO1
O=C1CC(C(=O)N2CCCC(OC(=O)CCCCCCCOCc3ccccc3)C2)CO1
O=C1CC(C(=O)N2CCCC(OC(=O)CCCCCCOCc3ccccc3)C2)CO1
C=C(CCCCCCOCc1ccccc1)OC1CCCN(C(=O)C2COC(=O)C2)C1
C=C(CCCCCCCOCc1ccccc1)OC1CCCN(C(=O)C2COC(=O)C2)C1
C=C(CCCCCCCOCc1ccccc1)OC1CCCN(C(=O)C2COC(=O)C2)C1
C=C(CCCCCCOCc1ccccc1)OC1CCCN(C(=O)C2COC(=O)C2)C1
C=C(CCCCCOCc1ccccc1)OC1CCCN(C(=O)C2COC(=O)C2)C1
C=C(CCCCCOCc1ccccc1)OC1CCCN(C(=O)C2COC(=O)C2)C1
C=C(CCCCOCc1ccccc1)OC1CCCN(C(=O)C2COC(=O)C2)C1
C=C(CCCOCc1ccccc1)OC1CCCN(C(=O)C2COC(=O)C2)C1
C=C(C=CCOCc1ccccc1)OC1CCCN(C(=O)C2COC(=O)C2)C1
C=C(C=CCOCc1ccccc1)OC1CCCN(C(=O)C2COC(=O)C2)C1
O=C1CC(C(=O)N2CCCC(OCC=CCOCc3ccccc3)C2)CO1
O=C1CC(C(=O)N2CCCC(OC=CCOCc3ccccc3)C2)CO1
O=C1CC(C(=O)N2CCCC(OC=CCOCc3ccccc3)C2)CO1
O=C1CC(C(=O)N2CCCC(OC=COCc3ccccc3)C2)CO1
O=C1CC(C(=O)N2CCCC(OC=COCc3ccccc3)C2)CO1
O=C1CC(C(=O)N2CCCC(OC=COCc3ccccc3)C2)CO1
O=C1CC(C(=O)N2CCCC(OC=COCc3ccccc3)C2)CO1
O=C1CC(C(=O)N2CCCC(OC=COCc3ccccc3)C2)CO1
O=C1CC(C(=O)N2CCCC(OC=COCc3ccccc3)C2)CO1
O=C1CC(C(=O)N2CCCC(OC(=COCc3ccccc3)CC3CO3)C2)CO1
O=C1CC(C(=O)N2CCCC(OC(=COCc3ccccc3)CC3CO3)C2)CO1
O=C1CC(C(=O)N2CCCC(OC(=COCc3ccccc3)CCC3CO3)C2)CO1
O=C1CC(C(=O)N2CCCC(OC(=COCc3ccccc3)CCC3CC3)C2)CO1
O=C1CC(C(=O)N2CCCC(OC(=COCc3ccccc3)CCC3CC3)C2)CO1
O=C1CC(C(=O)N2CCCC(OC(=COCc3ccccc3)CCCC3CC3)C2)CO1
O=C1CC(C(=O)N2CCCC(OC=COCc3ccccc3)C2)CO1
O=C1CC(C(=O)N2CCCC(OC=COCc3ccccc3)C2)CO1
O=C1CC(C(=O)N2CCCC(OC=COCc3ccccc3)C2)CO1
O=C1CC(C(=O)N2CCCC(OC=COCc3ccccc3)C2)CO1
O=C1CC(C(=O)N2CCCC(OC=COCc3ccccc3)C2)CO1
O=C1CC(C(=O)N2CCCC(OC=COCc3ccccc3)C2)CO1
O=C1CC(C(=O)N2CCCC(OC=COCc3ccccc3)C2)CO1
O=C1CC(C(=O)N2CCCC(OC=COCc3ccccc3)C2)CO1
O=C1CC(C(=O)N2CCCC(OC=COCc3ccccc3)C2)CO1
O=C1CC(C(=O)N2CCCCC(OC=COCc3ccccc3)C2)CO1
O=C1CC(C(=O)N2CCCCC(OC=COCc3ccccc3)C2)CO1
O=C1CC(C(=O)N2CCCCC(OC=COCc3ccccc3)C2)CO1
O=C1CC(C(=O)N2CCCCC(OC=COCc3ccccc3)C2)CO1
O=C1CC(C(=O)N2CCCCC(OC=COCc3ccccc3)C2)CO1
O=C1CC(C(=O)N2CCCC(OC=COCc3ccccc3)C2)CO1
O=C1CC(C(=O)N2CCCC(OC=COCc3ccccc3)C2)CO1
O=C1CC(C(=O)N2CCCCC(OC=COCc3ccccc3)C2)CO1
O=C1CC(C(=O)N2CCCCC(OC3=C(OCc4ccccc4)CCOCC3)C2)CO1
O=C1CC(C(=O)N2CCCCC(OC=COCc3ccccc3)C2)CO1
O=C1CC(C(=O)N2CCCCC(OC=COCc3ccccc3)C2)CO1
O=C1CC(C(=O)N2CCCCCC(OC=COCc3ccccc3)C2)CO1
O=C1CC(C(=O)N2CCCCCC(OC=COCc3ccccc3)C2)CO1
O=C1CC(C(=O)N2CCCCCC(OC=COCc3ccccc3)C2)CO1
C=C(COCc1ccccc1)OC1CCCCCN(C(=O)C2COC(=O)C2)C1
C=C(COCc1ccccc1)OC1CCCCN(C(=O)C2COC(=O)C2)C1
C=C(COCc1ccccc1)OC1CCCCN(C(=O)C2COC(=O)C2)C1
C=C(COCc1ccccc1)OC1CCCCN(C(=O)C2COC(=O)C2)C1
C=C(COCc1ccccc1)OC1CCCCN(C(=O)C2COC(=O)C2)C1
O=C1CC(C(=O)N2CCCCC(OC3=CCC3OCc3ccccc3)C2)CO1
C=C(COCc1ccccc1)OC1CCCCN(C(=O)C2COC(=O)C2)C1
C=C(COCc1ccccc1)OC1CCCCN(C(=O)C2COC(=O)C2)C1
C=C(COCc1ccccc1)OC1CCCCN(C(=O)C2COC(=O)C2)C1
C=C(COCc1ccccc1)OC1CCCCN(C(=O)C2COC(=O)C2)C1
C=C(COCc1ccccc1)OC1CCCCN(C(=O)C2COC(=O)C2)C1
C=C(COCc1ccccc1)OC1CCCCN(C(=O)C2COC(=O)C2)C1
C=C(COCc1ccccc1)OC1CCCCN(C(=O)C2COC(=O)C2)C1
C=C(OCc1ccccc1)OC1CCCCN(C(=O)C2COC(=O)C2)C1
C=C(OCc1ccccc1)OC1CCCCN(C(=O)C2COC(=O)C2)C1
C=C(OCc1ccccc1)OC1CCCCN(C(=O)C2COC(=O)C2)C1
C=C(OCc1ccccc1)OC1CCCCN(C(=O)C2COC(=O)C2)C1
C=C(OCc1ccccc1)OC1CCCCN(C(=O)C2COC(=O)C2)C1
C=C(OCc1ccccc1)OC1CCCCN(C(=O)C2COC(=O)C2)C1
C=C(OCc1ccccc1)OC1CCCN(C(=O)C2COC(=O)C2)C1
C=C(OCc1ccccc1)OC1CCCN(C(=O)C2COC(=O)C2)C1
C=C(OCc1ccccc1)OC1CCCN(C(=O)C2COC(=O)C2)C1
C=C(OCc1ccccc1)OC1CCCN(C(=O)C2COC(=O)C2)C1
C=C(OCc1ccccc1)OC1CCCN(C(=O)C2COC(=O)C2)C1
C=C(OCc1ccccc1)OC1CCCN(C(=O)C2COC(=O)C2)C1
C=C(OCc1ccccc1)OC1CCCN(C(=O)C2COC(=O)C2)C1
C=C(OCc1ccccc1)OC1CCCN(C(=O)C2COC(=O)C2)C1
C=C(OCc1ccccc1)OC1CCCN(C(=O)C2COC(=O)C2)C1
C=C(OCc1ccccc1)OC1CCCCN(C(=O)C2COC(=O)C2)C1
C=C(OCc1ccccc1)OC1CCCCN(C(=O)C2COC(=O)C2)C1
C=C(OCc1ccccc1)OC1CCCCN(C(=O)C2COC(=O)C2)C1
C=C(OCc1ccccc1)OC1CCCCN(C(=O)C2COC(=O)C2)C1
C=C(OCc1ccccc1)OC1CCCCN(C(=O)C2COC(=O)C2)C1
C=C(OCc1ccccc1)OC1CCCCN(C(=O)C2COC(=O)C2)C1
C=C(OCc1ccccc1)OC1CCCCN(C(=O)C2COC(=O)C2)C1
O=C1CC(C(=O)N2CCCCC(OC=COCc3ccccc3)C2)CO1
O=C1CC(C(=O)N2CCCC(OC=COCc3ccccc3)C2)CO1
O=C1CC(C(=O)N2CCCC(OC(=COCc3ccccc3)CN3CC3)C2)CO1
O=C1CC(C(=O)N2CCCC(OC=COCc3ccccc3)C2)CO1
O=C1CC(C(=O)N2CCCCC(OC=COCc3ccccc3)C2)CO1
O=C1CC(C(=O)N2CCCCC(OC=COCc3ccccc3)C2)CO1
O=C1CC(C(=O)N2CCCCC(OC=COCc3ccccc3)C2)CO1
O=C1CC(C(=O)N2CCCCC(OC=COCc3ccccc3)C2)CO1
O=C1CC(C(=O)N2CCCCC(OC=COCc3ccccc3)C2)CO1
O=C1CC(C(=O)N2CCCCC(OC=COCc3ccccc3)C2)CO1
O=C1CC(C(=O)N2CCCCCC(OC=COCc3ccccc3)C2)CO1
O=C1CC(C(=O)N2CCCCCC(OC=COCc3ccccc3)C2)CO1
O=C1CC(C(=O)N2CCCCCC(OC=COCc3ccccc3)C2)CO1
O=C1CC(C(=O)N2CCCCCC(OC=COCc3ccccc3)C2)CO1
O=C1CC(C(=O)N2CCCCCC(OC=COCc3ccccc3)C2)CO1
O=C1CC(C(=O)N2CCCCCC(OC=COCc3ccccc3)C2)CO1
O=C1CC(C(=O)N2CCCCCC(OC=COCc3ccccc3)C2)CO1
O=C1CC(C(=O)N2CCCCCC(OC=COCc3ccccc3)C2)CO1
O=C1CC(C(=O)N2CCCCC(OC=COCc3ccccc3)C2)CO1
O=C1CC(C(=O)N2CCCCC(OC=COCc3ccccc3)C2)CO1
O=C1CC(C(=O)N2CCCC(OC=COCc3ccccc3)C2)CO1
O=C1CC(C(=O)N2CCCC(OC=COCc3ccccc3)C2)CO1
O=C1CC(C(=O)N2CCCC(OC=COCc3ccccc3)C2)CO1
O=C1CC(C(=O)N2CCCC(OC(=COCc3ccccc3)CN3CC3)C2)CO1
O=C1CC(C(=O)N2CCCC(OC(=COCc3ccccc3)CCN3CC3)C2)CO1
O=C1CC(C(=O)N2CCCC(OC(=COCc3ccccc3)CCN3CC3)C2)CO1
O=C1CC(C(=O)N2CCCC(OC=COCc3ccccc3)C2)CO1
O=C1CC(C(=O)N2CCCC(OC=COCc3ccccc3)C2)CO1
C=C(CCCCNCc1ccccc1)OC1CCCN(C(=O)C2COC(=O)C2)C1
C=C(CCCNCc1ccccc1)OC1CCCN(C(=O)C2COC(=O)C2)C1
C=C(CCNCc1ccccc1)OC1CCCN(C(=O)C2COC(=O)C2)C1
C=C(CNCc1ccccc1)OC1CCCN(C(=O)C2COC(=O)C2)C1
C=C(CNCOc1ccccc1)OC1CCCN(C(=O)C2COC(=O)C2)C1
C=C(CNCOc1ccccc1)OC1CCCN(C(=O)C2COC(=O)C2)C1
C=C(CCCOc1ccccc1)OC1CCCN(C(=O)C2COC(=O)C2)C1
C=C(CCCOc1ccccc1)OC1CCCN(C(=O)C2COC(=O)C2)C1
C=C(CCOc1ccccc1)OC1CCCN(C(=O)C2COC(=O)C2)C1
C=C(CCOc1ccccc1)OC1CCCN(C(=O)C2COC(=O)C2)C1
C=C(CCOc1ccccc1)OC1CCCN(C(=O)C2COC(=O)C2)C1
O=C1CC(C(=O)N2CCCC(OCCCOc3ccccc3)C2)CO1
O=C1CC(C(=O)N2CCCC(OCCCCOc3ccccc3)C2)CO1
O=C1CC(C(=O)N2CCCC(OCCCCOc3ccccc3)C2)CO1
O=C1CC(C(=O)N2CCCC(OC=CCCOc3ccccc3)C2)CO1
O=C1CC(C(=O)N2CCCC(OC=CCCOc3ccccc3)C2)CO1
O=C1CC(C(=O)N2CCCC(OC=C=CCOc3ccccc3)C2)CO1
O=C1CC(C(=O)N2CCCC(OC=C=CCOc3ccccc3)C2)CO1
O=C1CC(C(=O)N2CCCC(OC=CCCOc3ccccc3)C2)CO1
O=C1CC(C(=O)N2CCCC(OC=CCOc3ccccc3)C2)CO1
O=C1CC(C(=O)N2CCCC(OC=CCOc3ccccc3)C2)CO1
O=C1CC(C(=O)N2CCCC(OC=CCOc3ccccc3)C2)CO1
O=C1CC(C(=O)N2CCCC(OC=CCOc3ccccc3)C2)CO1
O=C1CC(C(=O)N2CCCC(OC=CCOc3ccccc3)C2)CO1
O=C1CC(C(=O)N2CCCC(OC3=C(COc4ccccc4)CNC3)C2)CO1
O=C1CC(C(=O)N2CCCC(OC3=C(COc4ccccc4)CNC3)C2)CO1
O=C1CC(C(=O)N2CCCCC(OC3=C(COc4ccccc4)CNC3)C2)CO1
O=C1CC(C(=O)N2CCCCC(OC3=C(COc4ccccc4)CCNC3)C2)CO1
O=C1CC(C(=O)N2CCCCCC(OC3=C(COc4ccccc4)CCNC3)C2)CO1
O=C1CC(C(=O)N2CCCCCC(OC3=C(COc4ccccc4)CCCC3)C2)CO1
O=C1CC(C(=O)N2CCCCC(OC3=C(COc4ccccc4)CCCC3)C2)CO1
O=C1CC(C(=O)N2CCCCC(OCC3=C(COc4ccccc4)CCCC3)C2)CO1
O=C1CC(C(=O)N2CCCCC(OCC3=C(COc4ccccc4)CCCC3)C2)CO1
O=C1CC(C(=O)N2CCCC(OCC3=C(COc4ccccc4)CCCC3)C2)CO1
O=C1CC(C(=O)N2CCCC(OCC3=C(COc4ccccc4)CCC3)C2)CO1
O=C1CC(C(=O)N2CCCC(OCC3=C(COc4ccccc4)CCC3)C2)CO1
O=C1CC(C(=O)N2CCCC(OCC3=C(COc4ccccc4)CC3)C2)CO1
O=C1CC(C(=O)N2CCCC(OCC3=C(COc4ccccc4)CC3)C2)CO1
O=C1CC(C(=O)N2CCCC(OCC3=C(COc4ccccc4)CC3)C2)CO1
O=C1CC(C(=O)N2CCCC(OCC3=C(COc4ccccc4)C3)C2)CO1
O=C1CC(C(=O)N2CCCC(OC3=C(COc4ccccc4)C3)C2)CO1
O=C1CC(C(=O)N2CCCC(OC3=C(COc4ccccc4)C3)C2)CO1
O=C1CC(C(=O)N2CCCC(OC3=C(COc4ccccc4)C3)C2)CO1
O=C1CC(C(=O)N2CCCC(OC3=C(COc4ccccc4)C3)C2)CO1
O=C1CC(C(=O)N2CCCC(OC3=C(COc4ccccc4)C3)C2)CO1
O=C1CC(C(=O)N2CCCCC(OC3=C(COc4ccccc4)C3)C2)CO1
O=C1CC(C(=O)N2CCCCCC(OC3=C(COc4ccccc4)C3)C2)CO1
O=C1CC(C(=O)N2CCCCCC(OC3=C(COc4ccccc4)C3)C2)CO1
O=C1CC(C(=O)N2CCCCCC(OC3=C(COc4ccccc4)C3)C2)CO1
O=C1CC(C(=O)N2CCCCCC(OC3=C(COc4ccccc4)C3)C2)CO1
O=C1CC(C(=O)N2CCCCCC(OC3=C(COc4ccccc4)CC3)C2)CO1
O=C1CC(C(=O)N2CCCCC(OC3=C(COc4ccccc4)CC3)C2)CO1
O=C1CC(C(=O)N2CCCCC(OC3=C(COc4ccccc4)CC3)C2)CO1
O=C1CC(C(=O)N2CCCC(OC3=C(COc4ccccc4)CC3)C2)CO1
O=C1CC(C(=O)N2CCCC(OC3=C(COc4ccccc4)CC3)C2)CO1
O=C1CC(C(=O)N2CCCC(OC3=C(COc4ccccc4)CN3)C2)CO1
O=C1CC(C(=O)N2CCCCC(OC3=C(COc4ccccc4)CN3)C2)CO1
O=C1CC(C(=O)N2CCCCC(OC3=C(COc4ccccc4)CN3)C2)CO1
O=C1CC(C(=O)N2CCCCC(OC3=C(COc4ccccc4)CN3)C2)CO1
O=C1CC(C(=O)N2CCCCCC(OC3=C(COc4ccccc4)CN3)C2)CO1
O=C1CC(C(=O)N2CCCCCC(OC3=C(COc4ccccc4)CN3)C2)CO1
O=C1CC(C(=O)N2CCCCCC(OCC3=C(COc4ccccc4)CN3)C2)CO1
O=C1CC(C(=O)N2CCCCCC(OCCC3=C(COc4ccccc4)CN3)C2)CO1
O=C1CC(C(=O)N2CCCCC(OCCC3=C(COc4ccccc4)CN3)C2)CO1
O=C1CC(C(=O)N2CCCCC(OCCC3=C(COc4ccccc4)CN3)C2)CO1
O=C1CC(C(=O)N2CCCCC(OCCC3=C(COc4ccccc4)CN3)C2)CO1
O=C1CC(C(=O)N2CCCCC(OCCC3=C(COc4ccccc4)CC3)C2)CO1
O=C1CC(C(=O)N2CCCCCC(OCCC3=C(COc4ccccc4)CC3)C2)CO1
O=C1CC(C(=O)N2CCCCCC(OCCC3=C(COc4ccccc4)CC3=O)C2)CO1
O=C1CC(C(=O)N2CCCCC(OCCC3=C(COc4ccccc4)CC3=O)C2)CO1
O=C1CC(C(=O)N2CCCCC(OCC(=O)C3=C(COc4ccccc4)CC3)C2)CO1
O=C1CC(C(=O)N2CCCCC(OCC(=O)C3=C(COc4ccccc4)CC3)C2)CO1
O=C1CC(C(=O)N2CCCC(OCC(=O)C3=C(COc4ccccc4)CC3)C2)CO1
O=C1CC(C(=O)N2CCCC(OC(=O)CC3=C(COc4ccccc4)CC3)C2)CO1
O=C1CC(C(=O)N2CCCC(OC(=O)CC3=C(COc4ccccc4)CC3)C2)CO1
O=C1CC(C(=O)N2CCCC(OC(=O)CCC3=C(COc4ccccc4)CC3)C2)CO1
O=C1CC(C(=O)N2CCCC(OC(=O)CCC3=C(COc4ccccc4)C3)C2)CO1
O=C1CC(C(=O)N2CCCC(OC(=O)CCC3=C(COc4ccccc4)C3)C2)CO1
O=C1CC(C(=O)N2CCCC(OC(=O)Cc3ccc(OCC4=CC4)cc3)C2)CO1
O=C1CC(C(=O)N2CCCC(OC(=O)c3ccc(OCC4=CC4)cc3)C2)CO1
O=C1CC(C(=O)N2CCCC(OC(=O)c3ccc(OCC4=CC4)cc3)C2)CO1
O=C1CC(C(=O)N2CCCC(OC(=O)c3ccccc3)C2)CO1
O=C1CC(C(=O)N2CCCC(OC(=O)c3ccccc3)C2)CO1
O=C1CC(C(=O)N2CCCC(OC(=O)c3ccccc3)C2)CO1
O=C1CC(C(=O)N2CCCC(OC(=O)c3ccccc3)C2)CO1
O=C1CC(C(=O)N2CCCC(OC(=O)c3ccccc3)C2)CO1
O=C1CC(C(=O)N2CCCC(OC(=O)c3ccc(OCC4=CCC4)cc3)C2)CO1
O=C1CC(C(=O)N2CCCC(OC(=O)c3ccc(OCC4=CCC4)cc3)C2)CO1
O=C1CC(C(=O)N2CCCC(OC(=O)c3ccc(OCC4=CCC4)cc3)C2)CO1
O=C1CC(C(=O)N2CCCC(OC(=O)c3ccc(OCC4=CCC4)cc3)C2)CO1
O=C1CC(C(=O)N2CCCC(OC(=O)c3ccc(OCC4=CCC4)cc3)C2)CO1
O=C1CC(C(=O)N2CCCC(OC(=O)c3ccc(OCC4=CCC4)cc3)C2)CO1
O=C1CC(C(=O)N2CCCC(OC(=O)c3ccc(OCC4=CCC4)cc3)C2)CO1
O=C1CC(C(=O)N2CCCC(OC(=O)c3ccc(OCC4=CC4)cc3)C2)CO1
O=C1CC(C(=O)N2CCCC(OC(=O)c3ccc(OCC4=CC4)cc3)C2)CO1
O=C1CC(C(=O)N2CCCC(OC(=O)c3ccc(OCC4=CC4)cc3)C2)CO1
O=C1CC(C(=O)N2CCCC(OC(=O)c3ccc(OCC4=CC4)cc3)C2)CO1
O=C1CC(C(=O)N2CCCC(OC(=O)c3ccc(OCC4=CC4)cc3)C2)CO1
O=C1CC(C(=O)N2CCCCC(OC(=O)c3ccc(OCC4=CC4)cc3)C2)CO1
O=C1CC(C(=O)N2CCCCC(OC(=O)c3ccc(OCC4=CC4)cc3)C2)CO1
O=C1CC(C(=O)N2CCCCC(OC(=O)c3ccc(OCC4=CC4)cc3)C2)CO1
O=C1CC(C(=O)N2CCCCC(OC(=O)c3ccc(OCC4=CC4)cc3)C2)CO1
O=C1CC(C(=O)N2CCCCC(OC(=O)c3ccc(OCC4=CC4)cc3)C2)CO1
O=C1CC(C(=O)N2CCCCC(OC(=O)c3ccc(OCC4=CC4)cc3)C2)CO1
O=C1CC(C(=O)N2CCCCC(OC(=O)c3ccc(OCC4=CC4)cc3)C2)CO1
O=C1CC(C(=O)N2CCCC(OC(=O)c3ccc(OCC4=CC4)cc3)C2)CO1
O=C1CC(C(=O)N2CCCC(OC(=O)c3ccc(OCC4=CCCC4)cc3)C2)CO1
O=C1CC(C(=O)N2CCCC(OC(=O)c3ccc(OCC4=CCCCC4)cc3)C2)CO1
O=C1CC(C(=O)N2CCCC(OC(=O)c3ccc(OCC4=CCCC=C4)cc3)C2)CO1
O=C1CC(C(=O)N2CCCC(OC(=O)c3ccc(OCC4=CCCC=C4)cc3)C2)CO1
O=C1CC(C(=O)N2CCCC(OC(=O)c3ccc(OCc4ccccc4)cc3)C2)CO1
O=C1CC(C(=O)N2CCCC(OC(=O)c3ccc(OCc4ccccc4)cc3)C2)CO1
O=C(NCc1ccc(-c2cnoc2)cc1)c1cnc2[nH]ncc2c1
O=C(NCc1ccc(-c2cnoc2)cc1)c1cnc2[nH]ncc2c1
O=C(NCc1ccc(-c2cnoc2)cc1)c1cnc2[nH]ncc2c1
O=C(NC(c1ccccc1)c1cnoc1)c1cnc2[nH]ncc2c1
O=C(NC(c1ccccc1)c1cnoc1)c1cnc2[nH]ncc2c1
O=C(NC(Cc1ccccc1)c1cnoc1)c1cnc2[nH]ncc2c1
O=C(NC(Cc1ccccc1)c1cnoc1)c1ccc2[nH]ncc2c1
O=C(NCCc1ccccc1)c1ccc2[nH]ncc2c1
O=C(NCCc1ccccc1)c1ccc2[nH]ncc2c1
O=C(NCCc1ccccc1)c1ccc2[nH]ncc2c1
O=C(NCCc1ccccc1)Oc1ccc2[nH]ncc2c1
O=C(NCCc1ccccc1)Oc1ccc2[nH]ncc2c1
O=C(NCCc1ccccc1)Oc1ccc2[nH]ncc2c1
O=C(NCCc1ccccc1)Oc1ccc2[nH]ncc2c1
O=C(COc1ccc2[nH]ncc2c1)NCCc1ccccc1
O=C(COc1ccc2[nH]ncc2c1)NCCc1ccccc1
O=C(COc1ccc2[nH]ncc2c1)NCCc1ccccc1
O=C(COc1ccc2[nH]ncc2c1)NCCc1ccccc1
O=C(COc1ccc2[nH]ncc2c1)NCCc1ccccc1
O=C(COc1ccc2[nH]ncc2c1)NCCc1ccccc1
c1ccc(CCCCOc2ccc3[nH]ncc3c2)cc1
c1ccc(CCCCOc2ccc3[nH]ncc3c2)cc1
c1ccc(CCCCOc2ccc3[nH]ncc3c2)cc1
c1ccc(CCCCOc2ccc3[nH]ncc3c2)cc1
c1ccc(CCCCOc2ccc3[nH]ncc3c2)cc1
c1ccc(CCCCOc2ccc3[nH]ncc3c2)cc1
c1ccc(CCCCOc2ccc3[nH]ncc3c2)cc1
c1ccc(CCCCOc2ccc3[nH]ncc3c2)cc1
c1ccc(CCCCOc2ccc3[nH]ncc3c2)cc1
c1ccc(CCCCOc2ccc3[nH]ncc3c2)cc1
c1ccc(CCCCOc2ccc3[nH]ncc3c2)cc1
c1ccc(CCCCOc2ccc3[nH]ncc3c2)cc1
c1ccc(CCCCOc2ccc3[nH]ncc3c2)cc1
c1ccc(CCCCOc2ccc3[nH]ncc3c2)cc1
c1ccc(CCCCOc2ccc3[nH]ncc3c2)cc1
c1ccc(CCCCOc2ccc3[nH]ncc3c2)cc1
c1ccc(CCCCOc2ccc3[nH]ncc3c2)cc1
c1ccc(CCCCOc2ccc3[nH]ncc3c2)cc1
c1ccc(CCCCOc2ccc3[nH]ncc3c2)cc1
c1ccc(CCCCOc2ccc3[nH]ncc3c2)cc1
c1ccc(CCCCOc2ccc3[nH]ncc3c2)cc1
c1ccc(CCCCOc2ccc3[nH]ncc3c2)cc1
c1ccc(CCCCOc2ccc3[nH]ncc3c2)cc1
c1ccc(CCCCOc2ccc3[nH]ncc3c2)cc1
c1ccc(CCCCOc2ccc3[nH]ncc3c2)cc1
c1ccc(CCCCOc2ccc3[nH]ncc3c2)cc1
C1=C(n2ncc3cc(OCCCCc4ccccc4)ccc32)CC1
C1=C(n2ncc3cc(OCCCCc4ccccc4)ccc32)CC1
C1=CC(n2ncc3cc(OCCCCc4ccccc4)ccc32)=C1
C1=CC(n2ncc3cc(OCCCCc4ccccc4)ccc32)=C1
C1=CC(n2ncc3cc(OCCCCc4ccccc4)ccc32)=C1
C1=CC(n2ncc3cc(OCCCc4ccccc4)ccc32)=C1
C1=CC(n2ncc3cc(OCCCc4ccccc4)ccc32)=C1
C1=CC(n2ncc3cc(OCCCc4ccccc4)ccc32)=C1
C1=CC(n2ncc3cc(OCCCc4ccccc4)ccc32)=C1
C1=CC(n2ncc3cc(OCCCc4ccccc4)ccc32)=C1
C1=CC(n2ncc3cc(OCCCc4ccccc4)ccc32)=C1
C1=CC(n2ncc3cc(OCCCc4ccccc4)ccc32)=C1
C1=CC(n2ncc3cc(OCCCc4ccccc4)ccc32)=C1
C1=CC(n2ncc3cc(OCCCc4ccccc4)ccc32)=C1
C1=CC(n2ncc3cc(OCCCc4ccccc4)ccc32)=C1
C1=CC(n2ncc3cc(OCCCc4ccccc4)ccc32)=C1
C1=CC(n2ncc3cc(OCCCc4ccccc4)ccc32)=C1
C1=CC(n2ncc3cc(OCCCc4ccccc4)ccc32)=C1
C1=CC(n2ncc3cc(OCCCc4ccccc4)ccc32)=C1
C1=CC(n2ncc3cc(OCCCc4ccccc4)ccc32)=C1
C1=CC(n2ncc3cc(OCCCc4ccccc4)ccc32)=C1
C1=CC(n2ncc3cc(OCCCc4ccccc4)ccc32)=C1
C1=CC(n2ncc3cc(OCCCc4ccccc4)ccc32)=C1
C1=CC(n2ncc3cc(OCCCc4ccccc4)ccc32)=C1
C1=CC(n2ncc3cc(OCCCc4ccccc4)ccc32)=C1
C1=CC(n2ncc3cc(OCCCc4ccccc4)ccc32)=C1
C1=CC(n2ncc3cc(OCCCc4ccccc4)ccc32)=C1
C1=CC(n2ncc3cc(OCCCc4ccccc4)ccc32)=C1
C1=CC(n2ncc3cc(OCCCc4ccccc4)ccc32)=C1
C1=CC(n2ncc3cc(OCCCc4ccccc4)ccc32)=C1
C1=CC(n2ncc3cc(OCCCc4ccccc4)ccc32)=C1
C1=CC(n2ncc3cc(OCCCc4ccccc4)ccc32)=C1
C1=CC(n2ncc3cc(OCCCc4ccccc4)ccc32)=C1
C1=CC(n2ncc3cc(OCCCc4ccccc4)ccc32)=C1
C1=CC(n2ncc3cc(OCCCc4ccccc4)ccc32)=C1
C1=CC(n2ncc3cc(OCCCc4ccccc4)ccc32)=C1
C1=CC(n2ncc3cc(OCCCc4ccccc4)ccc32)=C1
C1=CC(n2ncc3cc(OCCCc4ccccc4)ccc32)=CCC1
c1ccc(CCCOc2ccc3c(cnn3-c3ccccc3)c2)cc1
c1ccc(CCCOc2ccc3c(cnn3-c3ccccc3)c2)cc1
c1ccc(CCCOc2ccc3c(cnn3-c3ccccc3)c2)cc1
c1ccc(CCCOc2ccc3c(cnn3-c3ccccc3)c2)cc1
c1ccc(CCCOc2ccc3c(cnn3-c3ccccc3)c2)cc1
c1ccc(CCCOc2ccc3c(cnn3-c3ccccc3)c2)cc1
C1=C(C(CCc2ccccc2)Oc2ccc3c(cnn3-c3ccccc3)c2)CC1
C1=C(C(CCc2ccccc2)Oc2ccc3c(cnn3-c3ccccc3)c2)CC1
C1=C(C(CCc2ccccc2)Oc2ccc3c(cnn3-c3ccccc3)c2)CC1
C1=CC(C(CCc2ccccc2)Oc2ccc3c(cnn3-c3ccccc3)c2)=C1
C1=CC(C(CCc2ccccc2)Oc2ccc3c(cnn3-c3ccccc3)c2)=C1
C1=CC(C(CCc2ccccc2)Oc2ccc3c(cnn3-c3ccccc3)c2)=C1
C1=CC(C(CCc2ccccc2)Oc2ccc3c(cnn3-c3ccccc3)c2)=C1
C1=CC(C(CCc2ccccc2)Oc2ccc3c(cnn3-c3ccccc3)c2)=C1
C1=CC(C(CCc2ccccc2)Oc2ccc3c(cnn3-c3ccccc3)c2)=C1
C1=CC(C(CCc2ccccc2)Oc2ccc3c(cnn3-c3ccccc3)c2)=C1
C1=CC(C(CCc2ccccc2)Oc2ccc3c(cnn3-c3ccccc3)c2)=CC1
C1=CC(C(CCc2ccccc2)Oc2ccc3c(cnn3-c3ccccc3)c2)=CC1
C1=CC(C(CCc2ccccc2)Oc2ccc3c(cnn3-c3ccccc3)c2)=C1
C1=CC(C(CCc2ccccc2)Oc2ccc3c(cnn3-c3ccccc3)c2)=C1
C1=CC(C(CCc2ccccc2)Oc2ccc3c(cnn3-c3ccccc3)c2)=C1
C1=CC(C(CCc2ccccc2)Oc2ccc3c(cnn3-c3ccccc3)c2)=C1
C1=CC(C(CCc2ccccc2)Oc2ccc3c(cnn3-c3ccccc3)c2)=C1
C1=CC(C(CCc2ccccc2)Oc2ccc3c(cnn3-c3ccccc3)c2)=C1
C1=CC(C(CCc2ccccc2)Oc2ccc3c(cnn3-c3ccccc3)c2)=C1
C1=CC(C(CCc2ccccc2)Oc2ccc3c(cnn3-c3ccccc3)c2)=C1
C1=CC(C(CCc2ccccc2)Oc2ccc3c(cnn3-c3ccccc3)c2)=C1
C1=CC(C(CCc2ccccc2)Oc2ccc3c(cnn3-c3ccccc3)c2)=C1
C1=CC(C(CCc2ccccc2)Oc2ccc3c(cnn3-c3ccccc3)c2)=C1
C1=CC(C(CCc2ccccc2)Oc2ccc3c(cnn3-c3ccccc3)c2)=C1
C1=CC(C(CCc2ccccc2)Oc2ccc3c(cnn3-c3ccccc3)c2)=C1
C1=CC(C(CCc2ccccc2)Oc2ccc3c(cnn3-c3ccccc3)c2)=C1
C1=CC(C(CCc2ccccc2)Oc2ccc3c(cnn3-c3ccccc3)c2)=C1
C1=CC(C(CCc2ccccc2)Oc2ccc3c(cnn3-c3ccccc3)c2)=C1
C1=C2CCCC2=C1C(CCc1ccccc1)Oc1ccc2c(cnn2-c2ccccc2)c1
C1=C2CCC2=C1C(CCc1ccccc1)Oc1ccc2c(cnn2-c2ccccc2)c1
C1=C2CCC2=C1C(CCc1ccccc1)Oc1ccc2c(cnn2-c2ccccc2)c1
C1=C2CCC2=C1C(CCc1ccccc1)Oc1ccc2c(cnn2-c2ccccc2)c1
c1ccc(CCC(Oc2ccc3c(cnn3-c3ccccc3)c2)c2cc3ccc2-3)cc1
c1ccc(CCC(Oc2ccc3c(cnn3-c3ccccc3)c2)c2ccccc2)cc1
c1ccc(CCC(Oc2ccc3c(cnn3-c3ccccc3)c2)c2ccccc2)cc1
c1ccc(CCC(Oc2ccc3c(cnn3-c3ccccc3)c2)c2ccccc2)cc1
c1ccc(CCC(Oc2ccc3c(cnn3-c3ccccc3)c2)c2ccccc2)cc1
c1ccc(CCC(Oc2ccc3c(cnn3-c3ccccc3)c2)c2ccccc2)cc1
c1ccc(CCC(Oc2ccc3c(cnn3-c3ccccc3)c2)c2ccccc2)cc1
c1ccc(CCC(Oc2ccc3c(cnn3-c3ccccc3)c2)c2ccccc2)cc1
c1ccc(CCC(Oc2ccc3c(cnn3-c3ccccc3)c2)c2ccccc2)cc1
c1ccc(CCC(Oc2ccc3c(cnn3-c3ccccc3)c2)c2ccccc2)cc1
c1ccc(CCC(Oc2ccc3c(cnn3-c3ccccc3)c2)c2ccccc2)cc1
c1ccc(CCC(Oc2ccc3c(cnn3-c3ccccc3)c2)c2ccccc2)cc1
c1ccc(CCC(Oc2ccc3c(cnn3-c3ccccc3)c2)c2ccccc2)cc1
c1ccc(CCC(Oc2ccc3c(cnn3-c3ccccc3)c2)c2ccccc2)cc1
c1ccc(CCC(Oc2ccc3c(cnn3-c3ccccc3)c2)c2ccccc2)cc1
c1ccc(CCC(Oc2ccc3c(cnn3-c3ccccc3)c2)c2ccccc2)cc1
c1ccc(CCC(Oc2ccc3c(cnn3-c3ccccc3)c2)c2ccccc2)cc1
c1ccc(CCC(Oc2ccc3c(cnn3-c3ccccc3)c2)c2ccccc2)cc1
c1ccc(CCC(Oc2ccc3c(cnn3-c3ccccc3)c2)c2ccccc2)cc1
c1ccc(CCC(Oc2ccc3c(cnn3-c3ccccc3)c2)c2ccccc2)cc1
c1ccc(CCC(Oc2ccc3c(cnn3-c3ccccc3)c2)c2ccccc2)cc1
c1ccc(CCC(Oc2ccc3c(cnn3-c3ccccc3)c2)c2cccnc2)cc1
c1ccc(CCC(Oc2ccc3c(cnn3-c3ccccc3)c2)c2cccnc2)cc1
c1ccc(CCC(Oc2ccc3c(cnn3-c3ccccc3)c2)c2cccnc2)cc1
c1ccc(CCC(Oc2ccc3c(cnn3-c3ccccc3)c2)c2cccnc2)cc1
c1ccc(CCC(Oc2ccc3c(cnn3-c3ccccc3)c2)c2cccnc2)cc1
O=C(NCc1ccc(-c2cnoc2)cc1)c1cnc2[nH]ncc2c1
O=C(NCc1ccc(-c2cnoc2)cc1)c1cnc2c(c1)C=NC2
O=C(NCCC=Cc1cccc2nocc12)c1cnc2c(c1)C=NC2
O=C(NCCC=Cc1cccc2nocc12)c1cccnc1
O=C(NCCC=Cc1cccc2nocc12)c1cccnc1
O=C(NCCC=Cc1cccc2nocc12)c1cccnc1
C=C(CNC(=O)c1cccnc1)c1cccc2nocc12
c1ccc(CNc2cccc3nocc23)nc1
c1ccc(CNc2cccc3nocc23)nc1
c1ccc(CNc2cccc3nocc23)nc1
c1ccc(CNc2cccc3nocc23)nc1
c1ccc(CNc2cccc3nocc23)nc1
c1ccc(CNc2cccc3nocc23)nc1
c1ccc(CNc2cccc3nocc23)nc1
c1ccc(CNc2cccc3nocc23)nc1
c1ccc(CNc2cccc3nocc23)nc1
c1ccc(CNc2cccc3nocc23)nc1
c1ccc(CNc2cccc3nocc23)nc1
c1ccc(CNc2cccc3nocc23)nc1
c1ccc(CNc2cccc3nocc23)nc1
c1ccc(CNc2cccc3nocc23)nc1
c1ccc(CNc2cccc3nocc23)nc1
c1ccc(CNc2cccc3nocc23)nc1
c1ccc(CNc2cccc3nocc23)nc1
c1ccc(CNc2cccc3nocc23)nc1
c1ccc(CNc2cccc3nocc23)nc1
c1ccc(CNc2cccc3nocc23)nc1
c1ccc(CNc2cccc3nocc23)nc1
c1ccc(CNc2cccc3nocc23)nc1
c1ccc(CNc2cccc3nocc23)nc1
c1ccc(CNc2cccc3nocc23)nc1
c1ccc(CNc2cccc3nocc23)cc1
c1ccc(CNc2cccc3nocc23)cc1
c1ccc(CNc2cccc3nocc23)cc1
c1ccc(CNc2cccc3nocc23)cc1
c1ccc(CNc2cccc3nocc23)cc1
c1ccc(CNc2cccc3nocc23)cc1
c1ccc(CNc2cccc3nocc23)cc1
c1ccc(CNc2cccc3nocc23)cc1
c1ccc(CNc2cccc3nocc23)cc1
c1ccc(CNc2cccc3nocc23)cc1
c1ccc(CNc2cccc3nocc23)cc1
c1ccc(CNc2cccc3nocc23)cc1
c1ccc(CNc2cccc3nocc23)cc1
c1ccc(CNc2cccc3nocc23)cc1
c1ccc(CNc2cccc3nocc23)cc1
c1ccc(CNc2cccc3nocc23)cc1
c1ccc(CNc2cccc3nocc23)cc1
c1ccc(CNc2cccc3nocc23)cc1
c1ccc(CNc2cccc3nocc23)cc1
c1ccc(CNc2cccc3nocc23)cc1
c1ccc(CNc2cccc3nocc23)cc1
c1ccc(CNc2cccc3nocc23)cc1
c1ccc(CNc2cccc3n[nH]cc23)cc1
c1ccc(CNc2cccc3n[nH]cc23)cc1
c1ccc(CNc2cccc3n[nH]cc23)cc1
c1ccc(CNc2cccc3n[nH]cc23)cc1
c1ccc(CNc2cccc3n[nH]cc23)cc1
c1ccc(CNc2cccc3n[nH]cc23)cc1
c1ccc(CNc2cccc3n[nH]cc23)cc1
c1ccc(CNc2cccc3n[nH]cc23)cc1
c1ccc(CNc2cccc3n[nH]cc23)cc1
c1ccc(CNc2cccc3n[nH]cc23)cc1
c1ccc(CNc2cccc3n[nH]cc23)cc1
c1ccc(CNc2cccc3n[nH]cc23)cc1
c1ccc(CNc2cccc3n[nH]cc23)cc1
c1ccc(CNc2cccc3n[nH]cc23)cc1
c1ccc(CNc2cccc3n[nH]cc23)cc1
c1ccc(CNc2cccc3n[nH]cc23)cc1
c1ccc(CNc2cccc3n[nH]cc23)cc1
c1ccc(CNc2cccc3n[nH]cc23)cc1
c1ccc(CNc2cccc3n[nH]cc23)cc1
c1ccc(CNc2cccc3n[nH]cc23)cc1
c1ccc(CNc2cccc3n[nH]cc23)cc1
c1ccc(CNc2cccc3n[nH]cc23)cc1
c1ccc(CNc2cccc3n[nH]cc23)cc1
c1ccc(CNc2cccc3n[nH]cc23)cc1
c1ccc(CNc2cccc3n[nH]cc23)cc1
c1ccc(CNc2cccc3n[nH]cc23)cc1
c1ccc(CNc2cccc3n[nH]cc23)cc1
c1ccc(CNc2cccc3n[nH]cc23)cc1
c1ccc(CNc2cccc3n[nH]cc23)cc1
c1ccc(CNc2cccc3n[nH]cc23)cc1
c1ccc(CNc2cccc3n[nH]cc23)cc1
c1ccc(CNc2cccc3n[nH]cc23)cc1
c1ccc(CNc2cccc3n[nH]cc23)cc1
c1ccc(CNc2cccc3n[nH]cc23)cc1
c1ccc(CNc2cccc3n[nH]cc23)cc1
c1ccc(CNc2cccc3n[nH]cc23)cc1
c1ccc(CNc2cccc3n[nH]cc23)cc1
c1ccc(CNc2cccc3n[nH]cc23)cc1
c1ccc(CNc2cccc3n[nH]cc23)cc1
c1ccc(CNc2cccc3n[nH]cc23)cc1
c1ccc(CNc2cccc3n[nH]cc23)cc1
c1ccc(CNc2cccc3n[nH]cc23)cc1
c1ccc(CNc2cccc3n[nH]cc23)cc1
c1ccc(CNc2cccc3n[nH]cc23)cc1
c1ccc(CNc2cccc3n[nH]cc23)cc1
S=c1nc2cccc(NCc3ccccc3)c2c[nH]1
S=c1nc2cccc(NCc3ccccc3)c2c[nH]1
S=c1nc2cccc(NCc3ccccc3)c2c[nH]1
S=c1nc2cccc(NCc3ccccc3)c2c[nH]1
S=c1nc2cccc(NCc3ccccc3)c2c[nH]1
N=c1nc2cccc(NCc3ccccc3)c2c[nH]1
N=c1nc2cccc(NCc3ccccc3)c2c[nH]1
c1ccc(CNc2cccc3ncncc23)cc1
c1ccc(CNc2cccc3ncccc23)cc1
c1ccc(CNc2cccc3ncccc23)cc1
c1ccc(CNc2cccc3ncccc23)cc1
c1ccc(CNc2cccc3ncccc23)cc1
c1ccc(CNc2cccc3ncccc23)cc1
c1ccc(CNc2cccc3ncccc23)cc1
c1ccc(CNc2cccc3ncccc23)cc1
O=C(NCc1ccc(-c2cnoc2)cc1)c1cnc2[nH]ncc2c1
O=C(CCc1ccc(-c2cnoc2)cc1)c1cnc2[nH]ncc2c1
c1cc(-c2cnoc2)ccc1CCCc1cnc2[nH]ncc2c1
C1=C(c2ccc(CCCc3cnc4[nH]ncc4c3)cc2)C1
C(CCCc1cnc2[nH]ncc2c1)=NOC1=C(c2ccccc2)C1
C(CSCc1cnc2[nH]ncc2c1)=NOC1=C(c2ccccc2)C1
C(CSCc1cnc2[nH]ncc2c1)=NOC1=C(c2ccccc2)C1
C(CSCc1cnc2[nH]ncc2c1)=NOCCCc1ccccc1
C(CSCc1cnc2[nH]ncc2c1)=NOCCCc1ccccc1
C(CSCCc1cnc2[nH]ncc2c1)=NOCCCc1ccccc1
C(CSCCc1ccc2[nH]ncc2c1)=NOCCCc1ccccc1
C(CSCCc1ccc2[nH]ncc2c1)=NOCCCc1ccccc1
C(CSCCc1ccc2[nH]ncc2c1)=NOCCCc1ccccc1
C(CSCCc1ccc2[nH]ccc2c1)=NOCCCc1ccccc1
C1=Cc2cc(CCSCC=NOCCCc3ccccc3)ccc2NC1
C1=Cc2cc(CCSCC=NOCCCc3ccccc3)ccc2NC1
C1=Cc2cc(CCSCC=NOCCCc3ccccc3)ccc2NC1
C1=Cc2cc(CCSCC=NOCCCc3ccccc3)ccc2NC1
C1=C(CCCc2ccccc2)c2ccccc2NC1
C1=C(CCCc2ccccc2)c2ccccc2NC1
C1=C(CCCc2ccccc2)c2ccccc2NC1
C1=C(CCCCc2ccccc2)c2ccccc2NC1
C1=C(CSCCCc2ccccc2)c2ccccc2NC1
C1=C(CSCCCc2ccccc2)c2ccccc2NC1
C1=C(CSCCc2ccccc2)c2ccccc2NC1
C1=C(CSCCc2ccccc2)c2ccccc2NC1
C1=C(CSCCc2ccccc2)c2ccccc2NC1
C1=C(CSCCc2ccccc2)c2ccccc2NC1
C1=C(CSCCc2ccccc2)c2ccccc2NC1
C1=C(CSCCc2ccccc2)c2ccccc2NC1
C1=C(Cc2ccc3c(c2)C(CSCCc2ccccc2)=CCN3)C1
C1=CC1Cc1ccc2c(c1)C(CSCCc1ccccc1)=CCN2
C1=CC1Cc1ccc2c(c1)C(CSCCc1ccccc1)=CCN2
C1=CC(Cc2ccc3c(c2)C(CSCCc2ccccc2)=CCN3)C1
C1=CC(OCc2ccc3c(c2)C(CSCCc2ccccc2)=CCN3)C1
C1=CC1OCc1ccc2c(c1)C(CSCCc1ccccc1)=CCN2
C1=CC1Oc1ccc2c(c1)C(CSCCc1ccccc1)=CCN2
C1=C(c2ccc3c(c2)C(CSCCc2ccccc2)=CCN3)C1
O=c1cc1-c1ccc2c(c1)C(CSCCc1ccccc1)=CCN2
O=C1C=C(c2ccc3c(c2)C(CSCCc2ccccc2)=CCN3)C1
C1=C(c2ccc3c(c2)C(CSCCc2ccccc2)=CCN3)CC1
C1=C(c2ccc3c(c2)C(CSCCc2ccccc2)=CCN3)CC1
C1=C(c2ccc3c(c2)C(CSCCc2ccccc2)=CCN3)CCC1
C1=C(c2ccc3c(c2)C(CSCCc2ccccc2)=CCN3)CCC1
C1=C(c2ccc3c(c2)C(CSCCc2ccccc2)=CCN3)CCCC1
C1=C(c2ccc3c(c2)C(CSCCc2ccccc2)=CCN3)CCC1
C1=C(c2ccc3c(c2)C(CSCCc2ccccc2)=CCN3)CCC1
C1=C(c2ccc3c(c2)C(CSCCc2ccccc2)=CCN3)CC1
C1=C(c2ccc3c(c2)C(CSCCc2ccccc2)=CCN3)CC1
C1=CC(c2ccc3c(c2)C(CSCCc2ccccc2)=CCN3)=C1
C1=CC(c2ccc3c(c2)C(CSCCc2ccccc2)=CCN3)=C1
C1=CC(c2ccc3c(c2)C(CSCCc2ccccc2)=CCN3)=C1
C1=CC(c2ccc3c(c2)C(CSCCCc2ccccc2)=CCN3)=C1
C1=CC(c2ccc3c(c2)C(CSCCCc2ccccc2)=CCN3)=C1
C1=CC(c2ccc3c(c2)C(CSCCCc2ccccc2)=CCN3)=C1
C1=CC(c2ccc3c(c2)C(CSCCCc2ccccc2)=CCN3)=C1
C1=CC(c2ccc3c(c2)C(CSCCCc2ccccc2)=CCN3)=C1
C1=CC(c2ccc3c(c2)C(CSCCCCc2ccccc2)=CCN3)=C1
C1=CC(c2ccc3c(c2)C(CSCCCCc2ccccc2)=CCN3)=C1
C1=CC(c2ccc3c(c2)C(CSCCCCc2ccccc2)=CCN3)=C1
C1=CC(c2ccc3c(c2)C(CSCCCCCc2ccccc2)=CCN3)=C1
C1=CC(c2ccc3c(c2)C(CSCCCCCc2ccccc2)=CCN3)=CC1
C1=CC(c2ccc3c(c2)C(CSCCCCCc2ccccc2)=CCN3)=CCC1
C1=CC(c2ccc3c(c2)C(CSCCCCCCc2ccccc2)=CCN3)=CCC1
C1=C(CSCCCCCCc2ccccc2)c2cc(-c3ccccc3)ccc2NC1
C1=C(CSCCCCCc2ccccc2)c2cc(-c3ccccc3)ccc2NC1
C1=C(CSCCCCc2ccccc2)c2cc(-c3ccccc3)ccc2NC1
C1=C(CSCCCCc2ccccc2)c2cc(-c3ccccc3)ccc2NC1
C1=C(CSCCCc2ccccc2)c2cc(-c3ccccc3)ccc2NC1
C1=C(CSCCCc2ccccc2)c2cc(-c3ccccc3)ccc2NC1
C1=C(CSCCc2ccccc2)c2cc(-c3ccccc3)ccc2NC1
O=S(=O)(NC1CCN(c2cccc3c2cnn3-c2ccccc2)C1)c1ccccc1
O=S(NC1CCN(c2cccc3c2cnn3-c2ccccc2)C1)c1ccccc1
O=S(NC1CCN(c2cccc3[nH]ncc23)C1)c1cccc(-c2ccccc2)c1
O=S(NC1CCN(c2cccc3[nH]ncc23)C1)c1cccc(-c2ccccc2)c1
O=S(NC1CCN(c2cccc3[nH]ccc23)C1)c1cccc(-c2ccccc2)c1
O=S(NC1CCN(c2cccc3cc[nH]c23)C1)c1cccc(-c2ccccc2)c1
O=S(NC1CN(c2cccc3cc[nH]c23)C1)c1cccc(-c2ccccc2)c1
O=C(NC1CN(c2cccc3cc[nH]c23)C1)c1cccc(-c2ccccc2)c1
O=C(NC1CN(c2cccc3cc[nH]c23)C1)c1cccc(-c2ccccc2)c1
O=C(NC1CNC1)c1cccc(-c2cccc(-c3cccc4cc[nH]c34)c2)c1
O=C(NC1CNC1)c1cccc(-c2cccc(-c3cccc4cc[nH]c34)c2)c1
O=C(NC1CNC1)c1cccc(-c2cccc(-c3cccc4cc[nH]c34)c2)c1
O=C(NC1CNC1)c1cccc(-c2cccc(-c3cccc4cc[nH]c34)c2)c1
O=C(NC1CNC1)c1cccc(-c2ccccc2-c2cccc3cc[nH]c23)c1
O=C(NC1CNC1)c1cccc(-c2ccccc2-c2cccc3cc[nH]c23)c1
O=C(NC1CNC1)c1cccc(-c2ccccc2-c2cccc3cc[nH]c23)c1
O=C(NC1CNC1)c1cccc(-c2ccccc2-c2cccc3cc[nH]c23)c1
O=C(NC1CNC1)c1cccc(-c2ccccc2-c2cccc3cc[nH]c23)c1
O=C(CC1CNC1)c1cccc(-c2ccccc2-c2cccc3cc[nH]c23)c1
O=C(CC1CNC1)c1cccc(-c2ccccc2-c2cccc3cc[nH]c23)c1
O=C(CC1CN1)c1cccc(-c2ccccc2-c2cccc3cc[nH]c23)c1
O=C(c1cccc(-c2ccccc2-c2cccc3cc[nH]c23)c1)C1CN1
O=C(c1cccc(-c2ccccc2-c2cccc3cc[nH]c23)c1)C1CC1
O=C(c1cccc(-c2ccccc2-c2cccc3cc[nH]c23)c1)C1CC1
N=C(c1cccc(-c2ccccc2-c2cccc3cc[nH]c23)c1)C1CC1
c1cc(CC2CC2)cc(-c2ccccc2-c2cccc3cc[nH]c23)c1
c1cc(CC2CC2)cc(-c2ccccc2-c2cccc3cc[nH]c23)c1
c1cc(CC2CC2)cc(-c2ccccc2-c2cccc3cc[nH]c23)c1
c1cc(CC2CC2)cc(-c2ccccc2-c2cccc3cc[nH]c23)c1
c1cc(CC2CC2)cc(-c2ccccc2-c2cccc3cc[nH]c23)c1
c1cc(CC2CC2)cc(-c2ccccc2-c2cccc3cc[nH]c23)c1
c1ccc(-c2cccc3cc[nH]c23)c(-c2cccc3c2CCCC3)c1
c1ccc(-c2cccc3cc[nH]c23)c(-c2cccc3c2CCC3)c1
c1ccc(-c2cccc3cc[nH]c23)c(-c2cccc3c2CCCC3)c1
c1ccc(-c2cccc3cc[nH]c23)c(-c2cccc3c2CCCCC3)c1
c1ccc(-c2cccc3cc[nH]c23)c(-c2cccc3c2CCCCC3)c1
c1ccc(-c2cccc3cc[nH]c23)c(-c2cccc3c2CCCC3)c1
c1ccc(-c2cccc3cc[nH]c23)c(-c2cccc3c2CCCCC3)c1
c1ccc(-c2cccc3cc[nH]c23)c(-c2cccc3c2CCCCC3)c1
c1ccc(-c2cccc3cc[nH]c23)c(-c2cccc3c2CCCCC3)c1
c1ccc(-c2cccc3cc[nH]c23)c(-c2cccc3c2CCCC3)c1
c1ccc(-c2cccc3cc[nH]c23)c(-c2cccc3c2CCCC3)c1
c1ccc(-c2cccc3cc[nH]c23)c(-c2cccc3c2CCC3)c1
c1ccc(-c2cccc3cc[nH]c23)c(-c2cccc3c2CC3)c1
c1ccc(-c2cccc3cc[nH]c23)c(-c2cccc3c2CC3)c1
c1ccc(-c2cc(-c3cccc4cc[nH]c34)cc3c2CC3)cc1
c1ccc(-c2cc(-c3cccc4cc[nH]c34)cc3c2CC3)cc1
c1ccc(-c2cc(-c3cccc4cc[nH]c34)cc3c2CC3)cc1
c1ccc(-c2cc(-c3cccc4cc[nH]c34)cc3c2CC3)cc1
c1ccc(-c2cc(-c3cccc4cc[nH]c34)cc3c2CC3)cc1
c1ccc(-c2cc(-c3cccc4cc[nH]c34)cc3c2CC3)cc1
c1ccc(-c2cc(-c3cccc4cc[nH]c34)cc3c2CC3)cc1
c1ccc(-c2cc(-c3cccc4cc[nH]c34)cc3c2CC3)cc1
c1ccc(-c2cc(-c3cccc4cc[nH]c34)cc3c2CC3)cc1
c1ccc(-c2cc(-c3cccc4cc[nH]c34)cc3c2CC3)cc1
c1ccc(Oc2cc(-c3cccc4cc[nH]c34)cc3c2CC3)cc1
c1ccc(Oc2cc(-c3cccc4cc[nH]c34)cc3c2CC3)cc1
c1ccc(Oc2cc(-c3cccc4cc[nH]c34)cc3c2CC3)cc1
c1ccc(OCc2cc(-c3cccc4cc[nH]c34)cc3c2CC3)cc1
c1ccc(Cc2cc(-c3cccc4cc[nH]c34)cc3c2CC3)cc1
c1ccc(Cc2cc(-c3cccc4cc[nH]c34)cc3c2CC3)cc1
c1ccc(Cc2cc(-c3cccc4cc[nH]c34)cc3c2CC3)cc1
c1ccc(Cc2cc(-c3cccc4cc[nH]c34)cc3c2CC3)cc1
c1ccc(Cc2cc(-c3cccc4cc[nH]c34)cc3c2CC3)cc1
c1ccc(Cc2cc(-c3cccc4cc[nH]c34)cc3c2CC3)cc1
c1ccc(Cc2cc(-c3cccc4cc[nH]c34)cc3c2CC3)cc1
c1ccc(Cc2cc(-c3cccc4cc[nH]c34)cc3c2CC3)cc1
c1ccc(CCc2cc(-c3cccc4cc[nH]c34)cc3c2CC3)cc1
c1ccc(Cc2cc(-c3cccc4cc[nH]c34)cc3c2CC3)cc1
c1ccc(Cc2cc(-c3cccc4cc[nH]c34)cc3c2CC3)cc1
c1ccc(C2Cc3ccc(-c4cccc5cc[nH]c45)cc32)cc1
c1ccc(C2Cc3ccc(-c4cccc5cc[nH]c45)cc32)cc1
c1ccc(C2Cc3ccc(-c4cccc5cc[nH]c45)cc32)cc1
c1ccc(C2CCc3ccc(-c4cccc5cc[nH]c45)cc32)cc1
c1ccc(C2CCc3ccc(-c4cccc5cc[nH]c45)cc32)cc1
c1ccc(C2CCc3ccc(-c4cccc5cc[nH]c45)cc32)cc1
c1ccc(C2CCc3ccc(-c4cccc5cc[nH]c45)cc32)cc1
c1ccc(C2Cc3ccc(-c4cccc5cc[nH]c45)cc32)cc1
c1ccc(C2Cc3ccc(-c4cccc5cc[nH]c45)cc32)cc1
c1ccc(C2Cc3ccc(-c4cccc5cc[nH]c45)cc32)cc1
c1ccc(C2Cc3ccc(-c4cccc5cc[nH]c45)cc32)cc1
c1ccc(C2Cc3ccc(-c4cccc5cc[nH]c45)cc32)cc1
c1ccc(C2Cc3ccc(-c4cccc5cc[nH]c45)cc32)cc1
c1cc(-c2ccc3c(c2)CC3)c2[nH]ccc2c1
c1cc(-c2ccc3c(c2)CC3)c2[nH]ccc2c1
c1cc(-c2ccc3c(c2)CC3)c2[nH]ccc2c1
c1cc(-c2ccc3c(c2)CC3)c2[nH]ccc2c1
c1cc(-c2ccc3c(c2)CCC3)c2[nH]ccc2c1
c1cc(-c2ccc3c(c2)CCC3)c2[nH]ccc2c1
c1cc(-c2ccc3c(c2)CC3)c2[nH]ccc2c1
c1cc(-c2ccc3c(c2)CC3)c2[nH]ccc2c1
c1cc(-c2ccc3c(c2)CC3)c2[nH]ccc2c1
c1cc(-c2ccc3c(c2)CC3)c2[nH]ccc2c1
c1cc(-c2ccc3c(c2)CC3)c2[nH]ccc2c1
c1cc(-c2ccc3c(c2)CCC3)c2[nH]ccc2c1
c1cc(-c2ccc3c(c2)CCC3)c2[nH]ccc2c1
c1cc(-c2ccc3c(c2)CCC3)c2[nH]ccc2c1
c1cc(-c2ccc3c(c2)CCC3)c2[nH]ccc2c1
c1cc(-c2ccc3c(c2)CCC3)c2[nH]ccc2c1
c1cc(-c2ccc3c(c2)CCC3)c2[nH]ccc2c1
c1cc(-c2ccc3c(c2)CCCN3)c2[nH]ccc2c1
c1cc(-c2ccc3c(c2)CCCN3)c2[nH]ccc2c1
c1cc(-c2ccc3c(c2)CCCN3)c2[nH]ccc2c1
O=S(=O)(NC1CCN(c2cccc3c2cnn3-c2ccccc2)C1)c1ccccc1
O=S(=O)(NC1CCC(c2cccc3c2cnn3-c2ccccc2)C1)c1ccccc1
O=S(=O)(NC1CCC(C2C=Cc3c2cnn3-c2ccccc2)C1)c1ccccc1
O=S(=O)(NC1CCC(C2C=Cc3c2cnn3-c2ccccc2)C1)c1ccccc1
O=S(=O)(NC1CCC(C2C=Cc3c(cnn3-c3ccccc3)C2)C1)c1ccccc1
O=S(=O)(NC1CCC(C2C=Cc3c(cnn3-c3ccccc3)C2)C1)c1ccccc1
O=S(=O)(NC1CCC1C1C=Cc2c(cnn2-c2ccccc2)C1)c1ccccc1
O=S(=O)(NC1CCC1C1C=Cc2c(cnn2-c2ccccc2)C1)c1ccccc1
O=S(=O)(c1ccccc1)N1CC2=Cc3c(cnn3-c3ccccc3)CC2C2CCC21
O=S(=O)(c1ccccc1)N1CC2=Cc3c(cnn3-c3ccccc3)CC2C2CCC21
O=S(=O)(c1ccccc1)N1CC2=Cc3c(cnn3-c3ccccc3)CC2C2CCC21
O=S(=O)(c1ccccc1)N1CC2=Cc3c(cnn3-c3ccccc3)CC2C2CCC21
O=S(=O)(c1ccccc1)N1CC2=Cc3c(cnn3-c3ccccc3)CC2C2CCC21
O=S(=O)(c1ccccc1)N1CC2=Cc3c(cnn3-c3ccccc3)CC2C2CCC21
O=S(=O)(c1ccccc1)C1CC2=Cc3c(cnn3-c3ccccc3)CC2C2CCC21
C=S(=O)(c1ccccc1)C1CC2=Cc3c(cnn3-c3ccccc3)CC2C2CCC21
C=S(=O)(c1ccccc1)C1CC2=Cc3c(cnn3-c3ccccc3)CC2C2CCC21
C=S(=O)(c1ccccc1)C1CCC2=Cc3c(cnn3-c3ccccc3)CC2C2CCC21
O=S(c1ccccc1)C1CCC2=Cc3c(cnn3-c3ccccc3)CC2C2CCC21
O=S(c1ccccc1)C1CCCC2=Cc3c(cnn3-c3ccccc3)CC2C2CCC21
O=C(c1ccccc1)C1CCCC2=Cc3c(cnn3-c3ccccc3)CC2C2CCC12
O=C(C1C=CC=C1)C1CCCC2=Cc3c(cnn3-c3ccccc3)CC2C2CCC12
O=C(C1C=CC=C1)C1CCC2=Cc3c(cnn3-c3ccccc3)CC2C2CCC12
O=C(C1=CC=C1)C1CCC2=Cc3c(cnn3-c3ccccc3)CC2C2CCC12
C1=C2CCCC3CCC3C2Cc2cnn(-c3ccccc3)c21
C1=C2CCCC3CCC3C2Cc2cnn(-c3ccccc3)c21
C1=C2CCCC3CCCC3C2Cc2cnn(-c3ccccc3)c21
C1=C2CCCC3CCCC3C2Cc2cnn(-c3ccccc3)c21
C1=C2CCCC3CCCC3C2Cc2cnn(-c3ccccc3)c21
C1=C2CCCC3CCCC3C2Cc2cnn(-c3ccccc3)c21
C1=C2CCC3C4CCC(C2Cc2cnn(-c5ccccc5)c21)C34
C1=C2CCC3C4CCC(C2Cc2cnn(-c5ccccc5)c21)C34
C1=C2CCCC3CCCC3C2Cc2cnn(-c3ccccc3)c21
C1=C2CCC3CCCC3C2Cc2cnn(-c3ccccc3)c21
C1=C2CCC3CCCC3C2Cc2cnn(-c3ccccc3)c21
C1=C2CCC3CCCC3C2Cc2cnn(-c3ccccc3)c21
C1=C2CCC3CCCC3C2Cc2cnn(-c3ccccc3)c21
C1=C2CCC3CCCCC3C2Cc2cnn(-c3ccccc3)c21
C1=C2CCC3CCCCCC3C2Cc2cnn(-c3ccccc3)c21
C1=C2CCC3CCCCCC3C2Cc2cnn(-c3ccccc3)c21
C1=C2CCC3CCCCCCC3C2Cc2cnn(-c3ccccc3)c21
C1=C2CCCC3CCCCCCC3C2Cc2cnn(-c3ccccc3)c21
C1=C2CCCC3CCCCCCC3C2Cc2cnn(-c3ccccc3)c21
C1=C2CCCC3CCCCCC3C2Cc2cnn(-c3ccccc3)c21
C1=C2CCC3CCCCCC3C2Cc2cnn(-c3ccccc3)c21
C1=C2CCC3C4CC4CCCC3C2Cc2cnn(-c3ccccc3)c21
C1=C2CCC3C4CC4CCCC3C2Cc2cnn(-c3ccccc3)c21
C1=C2CCC3C4CC4CCCC3C2Cc2cnn(-c3ccccc3)c21
C1=C2CCC3C4CC4CCCCC3C2Cc2cnn(-c3ccccc3)c21
C1=C2CCC3CCCCCCC3C2Cc2cnn(-c3ccccc3)c21
C1=C2CCC3CCCCCC3C2Cc2cnn(-c3ccccc3)c21
C1=C2CCC3CCCCCC3C2Cc2cnn(-c3ccccc3)c21
C1=C2CCC3CCCCCC3C2Cc2cnn(-c3ccccc3)c21
C1=C2CCC3CCCCCC3C2Cc2cnn(-c3ccccc3)c21
C1=C2CCC3CCCCCC3C2Cc2cnn(-c3ccccc3)c21
C1=C2CCC3CCCCC3C2Cc2cnn(-c3ccccc3)c21
C1=C2CCC3CCCCC3C2Cc2cnn(-c3ccccc3)c21
C1=C2CCC3C4CCC4CCC3C2Cc2cnn(-c3ccccc3)c21
C1=C2CCC3C4CCC4CCC3C2Cc2cnn(-c3ccccc3)c21
C1=C2CCC3C4CCC4CCC3C2Cc2cnn(-c3ccccc3)c21
C1=C2CCC3C4CCC4CCC3C2Cc2cnn(-c3ccccc3)c21
C1=C2CCC3C4CCC4CCC3C2Cc2cnn(-c3ccccc3)c21
C1=C2CCC3C4CCC4CCC3C2Cc2cnn(-c3ccccc3)c21
C1=C2CCC3C4CCCC4CCC3C2Cc2cnn(-c3ccccc3)c21
C1=C2CCC3C4CCCCC4CCC3C2Cc2cnn(-c3ccccc3)c21
C1=C2CCC3C4CCCCC4CCC3C2Cc2cnn(-c3ccccc3)c21
C1=C2CCC3C4CCCCC4CCC3C2Cc2cnn(-c3ccccc3)c21
C1=C2CCC3C4CCCCC4CCC3C2Cc2cnn(-c3ccccc3)c21
C1=C2CCC3C4CCCC4CCC3C2Cc2cnn(-c3ccccc3)c21
O=S(=O)(NC1CCN(c2cccc3c2cnn3-c2ccccc2)C1)c1ccccc1
O=S(=O)(NC1CCN(c2cccc3c2cnn3-c2ccccc2)C1)c1ccccc1
O=S(=O)(NCCNc1cccc2c1cnn2-c1ccccc1)c1ccccc1
O=S(=O)(NCCNc1cccc2c1cnn2-c1ccccc1)c1ccccc1
O=S(=O)(NCCCc1cccc2c1cnn2-c1ccccc1)c1ccccc1
O=S(=O)(NCCCc1cccc2c1cnn2-c1ccccc1)c1ccccc1
O=S(=O)(NCCCc1cccc2c1cnn2-c1ccccc1)c1ccccc1
O=S(=O)(NCCCc1cccc(-n2ncc3ccccc32)c1)c1ccccc1
O=S(=O)(NCCCc1cccc(-n2ncc3ccccc32)c1)c1ccccc1
O=S(=O)(NCCCc1cccc(-n2ncc3ccccc32)c1)c1ccccc1
O=S(=O)(NCCCc1cccc(-n2ncc3ccccc32)c1)c1ccccc1
O=S(=O)(NCCCc1cccc(-n2ncc3ccccc32)c1)c1ccccc1
O=S(NCCCc1cccc(-n2ncc3ccccc32)c1)c1ccccc1
O=C(NCCCc1cccc(-n2ncc3ccccc32)c1)c1ccccc1
O=C(NCCCC1=CCC(n2ncc3ccccc32)=C1)c1ccccc1
O=C(Cc1ccccc1)NCCCC1=CCC(n2ncc3ccccc32)=C1
O=C(Cc1ccccc1)NCCCC1=CCC(n2ncc3ccccc32)=C1
O=C(Cc1ccccc1)NCCC1=CCC(n2ncc3ccccc32)=C1
O=C(Cc1ccccc1)NCCC1=CC(n2ncc3ccccc32)=C1
O=C(Cc1ccccc1)NCCC1=CC(n2ncc3ccccc32)=C1
O=C(Cc1ccccc1)NCCC1=CC(n2ncc3ccccc32)=C1
O=C(Cc1ccccc1)NCCC1=CCC(n2ncc3ccccc32)=C1
O=C(CCc1ccccc1)NCCC1=CCC(n2ncc3ccccc32)=C1
O=C(CCc1ccccc1)NCCC1=CC(n2ncc3ccccc32)=C1
C1=C(CCc2ccccc2)C=C1n1ncc2ccccc21
C1=C(Cc2ccccc2)C=C1n1ncc2ccccc21
c1ccc(CC2=C3C2=C3n2ncc3ccccc32)cc1
c1ccc(CCC2=C3C2=C3n2ncc3ccccc32)cc1
C1=C2C1=C2n1ncc2cc(OCCCc3ccccc3)ccc21
C1=C2C1=C2n1ncc2cc(OCCc3ccccc3)ccc21
C1=C2C1=C2n1ncc2cc(OCc3ccccc3)ccc21
C1=C2C1=C2n1ncc2cc(OCc3ccccc3)ccc21
c1ccc(COc2ccc3c(cnn3C3=C4CC43)c2)cc1
c1ccc(COc2ccc3c(cnn3C3=C4CC43)c2)cc1
c1ccc(COc2ccc3c(cnn3C3=C4NCC43)c2)cc1
c1ccc(COc2ccc3c(cnn3C3=C4NCC43)c2)cc1
c1ccc(COc2ccc3c(cnn3C3=C4NCC4S3)c2)cc1
C1=C(n2ncc3cc(OCc4ccccc4)ccc32)SC1
C1=C(n2ncc3cc(OCc4ccccc4)ccc32)SC1
C=C1C=C(n2ncc3cc(OCc4ccccc4)ccc32)S1
C=C1C=C(n2ncc3cc(OCc4ccccc4)ccc32)S1
c1ccc(COc2ccc3c(cnn3-c3cccs3)c2)cc1
c1ccc(COc2ccc3c(cnn3-c3cccs3)c2)cc1
c1ccc(COc2ccc3c(cnn3-c3cccs3)c2)cc1
c1ccc(COc2ccc3c(cnn3-c3cccs3)c2)cc1
c1ccc(COc2ccc3c(cnn3-c3cccs3)c2)cc1
c1ccc(COc2ccc3c(cnn3-c3ccns3)c2)cc1
c1ccc(COc2ccc3c(cnn3-c3ccns3)c2)cc1
O=S(=O)(NC1CCN(c2cccc3c2cnn3-c2ccccc2)C1)c1ccccc1
O=S(=O)(NC1CCN(c2cccc3c2cnn3-c2ccccc2)C1)c1ccccc1
O=S(=O)(NC1CCC(c2cccc3c2cnn3-c2ccccc2)C1)c1ccccc1
O=S(=O)(NCCCc1cccc2c1cnn2-c1ccccc1)c1ccccc1
O=S(=O)(NCCc1cccc2c1cnn2-c1ccccc1)c1ccccc1
O=S(=O)(NCCc1cccc2c1cnn2-c1ccccc1)c1ccccc1
O=S(=O)(NCCc1cccc(Nc2ccccc2)c1)c1ccccc1
O=S(=O)(NCCc1cccc(Nc2ccccc2)c1)c1ccccc1
O=S(=O)(NCCc1cccc(Nc2ccccc2)c1)c1ccccc1
O=S(=O)(NCCc1cccc(N2c3ccccc32)c1)c1ccccc1
O=S(=O)(NCCc1ccc2ccccc3cn-3c2c1)c1ccccc1
O=S(=O)(NCCc1ccc2ccccc3cn-3c2c1)c1ccccc1
O=S(=O)(NCCc1ccc2c(c1)C1C=C1C=CC=C2)c1ccccc1
O=S(=O)(NCCc1ccc2c(c1)C=CC=CC=C2)c1ccccc1
O=S(=O)(NCCc1ccc2c(c1)C=CCC=C2)c1ccccc1
O=S(=O)(NCCc1ccc2ccccc2c1)c1ccccc1
C1=C2CCCC(CCCC3CC3)C2Cc2cnn(-c3ccccc3)c21
C1=C2CCC(CCCC3CC3)C2Cc2cnn(-c3ccccc3)c21
C1=C2CC(CCCC3CC3)C2Cc2cnn(-c3ccccc3)c21
C1=C2CC(CCCC3CC3)C2Cc2cnn(-c3ccccc3)c21
C1=c2c(cnn2-c2ccccc2)=C2CC(CCCC3CC3)C2C1
C1=c2c(cnn2-c2ccccc2)=C2CC(CCCC3CC3)C2C1
C1=c2cnn(-c3ccccc3)c2=CCCC(CCCC2CC2)C1
C1=c2cnn(-c3ccccc3)c2=CCCC(CCCC2CC2)C1
C1=c2cnn(-c3ccccc3)c2=CCCC1CCCC1CC1
C1=c2cnn(-c3ccccc3)c2=CCC1CCCC1CC1
c1ccc(-n2ncc3cc(CCCC4CC4)ccc32)cc1
c1ccc(-n2ncc3cc(CC4CC4)ccc32)cc1
c1ccc(-n2ncc3cc(CC4CC4)ccc32)cc1
c1ccc(-n2ncc3ccccc32)cc1
c1ccc(-n2ncc3ccccc32)cc1
c1ccc(-n2ncc3ccccc32)cc1
c1ccc(-n2ncc3ccccc32)cc1
c1ccc(-n2ncc3ccccc32)cc1
c1ccc(-n2ncc3ccccc32)cc1
c1ccc(-n2ncc3ccccc32)cc1
c1ccc(-n2ncc3ccccc32)cc1
c1ccc(-n2ncc3ccccc32)cc1
c1ccc(-n2ncc3ccccc32)cc1
c1ccc(-n2ncc3ccccc32)cc1
c1ccc(-n2ncc3ccccc32)cc1
c1ccc(-n2ncc3ccccc32)cc1
c1ccc(-n2ncc3ccccc32)cc1
c1ccc(-n2ncc3ccccc32)cc1
c1ccc(-n2ncc3ccccc32)cc1
c1ccc(-n2ncc3ccccc32)cc1
c1ccc(-n2ncc3ccccc32)cc1
c1ccc(-n2ncc3ccccc32)cc1
c1ccc(-n2ncc3ccccc32)cc1
c1ccc(-n2ncc3ccccc32)cc1
c1ccc(-n2ncc3ccccc32)cc1
c1ccc(-n2ncc3ccccc32)cc1
c1ccc(-n2ncc3ccccc32)cc1
c1ccc(-n2ncc3ccccc32)cc1
c1ccc(-n2ncc3ccccc32)cc1
c1ccc(-n2ncc3ccccc32)cc1
c1ccc(-n2ncc3ccccc32)cc1
c1ccc(-n2ncc3ccccc32)cc1
c1ccc(-n2ncc3ccccc32)cc1
C1=C(Cc2ccc3c(cnn3-c3ccccc3)c2)N1
C1=C(Cc2ccc3c(cnn3-c3ccccc3)c2)N1
C1=C(Cc2ccc3c(cnn3-c3ccccc3)c2)N1
C1=C(Cc2ccc3c(cnn3-c3ccccc3)c2)C1
C1=C(Cc2ccc3c(cnn3-c3ccccc3)c2)C1
C1=CCC=1Cc1ccc2c(cnn2-c2ccccc2)c1
C1=C(Cc2ccc3c(cnn3-c3ccccc3)c2)CC1
C=C1CC=C1Cc1ccc2c(cnn2-c2ccccc2)c1
C=C1CC=C1Cc1ccc2c(cnn2-c2ccccc2)c1
C=C1CC=C1Cc1ccc2c(cnn2-c2ccccc2)c1
C1=C(Cc2ccc3c(cnn3-c3ccccc3)c2)C2=CC12
C1=C(Cc2ccc3c(cnn3-c3ccccc3)c2)C2=CC12
C1=C(Cc2ccc3c(cnn3-c3ccccc3)c2)C2=CC2C1
c1ccc(-n2ncc3cc(Cc4ccc5cc4-5)ccc32)cc1
c1ccc(Cc2ccc3c(cnn3-c3ccccc3)c2)cc1
c1ccc(-n2ncc3cc(Cc4cccnc4)ccc32)cc1
c1ccc(-n2ncc3cc(Cc4cccnc4)ccc32)cc1
c1ccc(-n2ncc3cc(Cc4cccnc4)ccc32)cc1
c1ccc(-n2ncc3cc(Cc4cccnc4)ccc32)cc1
c1ccc(-n2ncc3cc(Cc4cccnc4)ccc32)cc1
c1ccc(-n2ncc3cc(Cc4cccnc4)ccc32)cc1
c1ccc(-n2ncc3cc(Cc4cccnc4)ccc32)cc1
c1ccc(-n2ncc3cc(Cc4ccncc4)ccc32)cc1
C1=C2CCCC(CCCC3CC3)C2Cc2cnn(-c3ccccc3)c21
C1=C2CCCC(CCCC3CN3)C2Cc2cnn(-c3ccccc3)c21
C1=C2CCCC(CCOC3CN3)C2Cc2cnn(-c3ccccc3)c21
C1=C2CCCC(CC3CN3)C2Cc2cnn(-c3ccccc3)c21
C1=C2CCCC(CCC3CN3)C2Cc2cnn(-c3ccccc3)c21
C1=C2CCCCC2Cc2cnn(-c3ccccc3)c21
C1=C2CCCCC2Cc2cnn(-c3ccccc3)c21
C1=C2CCCCC2Cc2cnn(-c3ccccc3)c21
C1=C2CCCCC2Cc2cnn(-c3ccccc3)c21
C1=C2CCCC(CC3CNC3)C2Cc2cnn(-c3ccccc3)c21
C1=C(CC2CCCC3=Cc4c(cnn4-c4ccccc4)CC32)CN1
C1=C(CC2CCC3=Cc4c(cnn4-c4ccccc4)CC32)CN1
C1=C(CC2CCC3=Cc4c(cnn4-c4ccccc4)CC32)CC1
C1=CC(CC2CCC3=Cc4c(cnn4-c4ccccc4)CC32)=C1
C1=CC(CC2CCCC3=Cc4c(cnn4-c4ccccc4)CC32)=C1
C1=CC(CC2CCCCC3=Cc4c(cnn4-c4ccccc4)CC32)=C1
C1=CC(CC2CCCCC3=Cc4c(cnn4-c4ccccc4)CC32)=C1
C1=CC(CC2CCCCCC3=Cc4c(cnn4-c4ccccc4)CC32)=C1
C1=CC(CC2CCCCCC3=Cc4c(cnn4-c4ccccc4)CC32)=CC1
C1=CC(CC2CCCCC3=Cc4c(cnn4-c4ccccc4)CC32)=CC1
C1=CC(CC2CCCCC3=Cc4c(cnn4-c4ccccc4)CC32)=CCC1
C1=C2CCCCC(Cc3ccccc3)C2Cc2cnn(-c3ccccc3)c21
C1=C2CCCC(Cc3ccccc3)C2Cc2cnn(-c3ccccc3)c21
C1=C2CCCC(CCc3ccccc3)C2Cc2cnn(-c3ccccc3)c21
C1=C2CCCC(CCc3ccccc3)C2Cc2cnn(-c3ccccc3)c21
C1=C2CCCC(Cc3ccccc3)C2Cc2cnn(-c3ccccc3)c21
C1=C2CCCC(Cc3ccccc3)C2Cc2cnn(-c3ccccc3)c21
C1=C2CCCC(Cc3ccccc3)C2Cc2cnn(-c3ccccc3)c21
C1=C2CCCC(Cc3ccccc3)C2Cc2cnn(-c3ccccc3)c21
C1=C2CCCC(Cc3ccccc3)C2Cc2cnn(-c3ccccc3)c21
C1=C2CCCC(Cc3ccccc3)C2Cc2cnn(-c3ccccc3)c21
C1=C2CCCC(Cc3ccccc3)C2Cc2cnn(-c3ccccc3)c21
C1=C2CCCC(Cc3ccccc3)C2Cc2cnn(-c3ccccc3)c21
C1=C2CCCC(Cc3ccccc3)C2Cc2cnn(-c3ccccc3)c21
C1=C2CCCC(Cc3ccccc3)C2Cc2cnn(-c3ccccc3)c21
C1=C2CCCC(CCCC3CC3)C2Cc2cnn(-c3ccccc3)c21
C1=C2CCCC(CCCC3CC3)C2Cc2cnn(Oc3ccccc3)c21
C1=C2CC(Oc3ccccc3)CC(CCCC3CC3)C2Cc2cn[nH]c21
C1=C2CC(Oc3ccccc3)CC(CCCC3CC3)C2Cc2cn[nH]c21
C1=C(CCOc2ccccc2)C(CCCCC2CC2)Cc2cn[nH]c21
C1=C(CCOc2ccccc2)C(CCCCC2CC2)Cc2cn[nH]c21
C1=C(CCOc2ccccc2)C(CCCCC2CC2)Cc2cn[nH]c21
C1=C(CCOc2ccccc2)CCc2cn[nH]c21
C1=C(CCOc2ccccc2)CCc2cc[nH]c21
C1=C(CCOc2ccccc2)Cc2cc[nH]c21
C1=Cc2[nH]c(-c3ccccc3)cc2C1
c1ccc(-c2ccc[nH]2)cc1
c1ccc(-c2ccc[nH]2)cc1
c1ccc(-c2ccc[nH]2)cc1
c1ccc(-c2ccc[nH]2)cc1
c1ccc(-c2ccc[nH]2)cc1
c1ccc(-c2ccc[nH]2)cc1
c1ccc(-c2ccc[nH]2)cc1
c1ccc(-c2ccc[nH]2)cc1
c1ccc(-c2ccc[nH]2)cc1
c1ccc(-c2ccc[nH]2)cc1
c1ccc(-c2ccc[nH]2)cc1
c1ccc(-c2ccc[nH]2)cc1
c1ccc(-c2ccc[nH]2)cc1
c1ccc(-c2ccc[nH]2)cc1
c1ccc(-c2ccc[nH]2)cc1
c1ccc(-c2ccc[nH]2)cc1
c1ccc(-c2ccc[nH]2)cc1
c1ccc(-c2ccc[nH]2)cc1
c1ccc(-c2ccc[nH]2)cc1
c1ccc(CCCCc2ccc[nH]2)cc1
c1ccc(CCCCc2ccc[nH]2)cc1
c1ccc(CCCCc2ccc[nH]2)cc1
C=C1C=C(CCCCc2ccccc2)N1
C=C1C=C(CCCCc2ccccc2)N1
C1=C(CCCCc2ccccc2)NC1
C1=C(CCCCc2ccccc2)NC1
C1=C(CCCCc2ccccc2)NC1
C1=C(CCCCc2ccccc2)NC1
C1=C(CCCCc2ccccc2)NCC1
C1=C(CCCCc2ccccc2)NCC1
C1=C(CCCCc2ccccc2)NCC1
C1=C(CCCCc2ccccc2)NCC1
c1ccc(CCCCc2ccc[nH]2)cc1
c1ccc(CCCCc2ccc[nH]2)cc1
c1ccc(CCCCc2ccc[nH]2)cc1
c1ccc(CCCCc2ccc[nH]2)cc1
c1ccc(CCCCc2ccc[nH]2)cc1
c1ccc(CCCCc2ccc[nH]2)cc1
c1ccc(CCCCc2ccc[nH]2)cc1
c1ccc(CCCCc2ccc[nH]2)cc1
c1ccc(CCCCc2ccc(C3CN3)[nH]2)cc1
c1ccc(CCCCc2ccc(C3CN3)[nH]2)cc1
c1ccc(CCCCc2ccc(C3=NC3)[nH]2)cc1
c1ccc(CCCCc2ccc(C3=NC3)[nH]2)cc1
c1ccc(CCCCc2ccc[nH]2)cc1
c1ccc(CCCCc2ccc[nH]2)cc1
c1ccc(CCCCc2ccc[nH]2)cc1
c1ccc(CCCCc2ccc[nH]2)cc1
c1ccc(CCCCc2ccc[nH]2)cc1
c1ccc(CCCCc2ccc[nH]2)cc1
c1ccc(CCCCc2ccc(C3CCC3)[nH]2)cc1
c1ccc(CCCCc2ccc[nH]2)cc1
c1ccc(CCCCc2ccc[nH]2)cc1
c1ccc(CCCCc2ccc[nH]2)cc1
c1ccc(CCCCc2ccc[nH]2)cc1
c1ccc(CCCCc2ccc[nH]2)cc1
c1ccc(CCCCc2ccc[nH]2)cc1
c1ccc(CCCCc2ccc[nH]2)cc1
c1ccc(CCCCc2ccc[nH]2)cc1
c1ccc(CCCCc2ccc[nH]2)cc1
c1ccc(CCCCc2ccc[nH]2)cc1
c1ccc(CCCCc2ccc[nH]2)cc1
c1ccc(CCCCc2ccc[nH]2)cc1
c1ccc(CCCCc2cc3c([nH]2)CC3)cc1
c1ccc(CCCCc2ccc[nH]2)cc1
c1ccc(CCCCc2ccc[nH]2)cc1
c1ccc(CCCCc2ccc[nH]2)cc1
c1ccc(CCCCc2ccc[nH]2)cc1
c1ccc(CCCCc2ccc[nH]2)cc1
c1ccc(CCCCc2ccc[nH]2)cc1
c1ccc(CCCCc2ccc[nH]2)cc1
c1ccc(CCCCc2ccc[nH]2)cc1
c1ccc(CCCCc2ccc[nH]2)cc1
c1ccc(CCCCc2ccc[nH]2)cc1
C1=Cc2[nH]c(CCCCc3ccccc3)cc2CC1
c1ccc(CCCCc2cc3ccccc3[nH]2)cc1
c1ccc(CCCCc2cc3ccccc3[nH]2)cc1
c1ccc(CCCCc2cc3ccccc3[nH]2)cc1
c1ccc(CCCCc2cc3ccccc3[nH]2)cc1
c1ccc(CCCCc2cc3ccccc3[nH]2)cc1
c1ccc(CCCCc2cc3ccccc3[nH]2)cc1
c1ccc(CCCCc2cc3ccccc3[nH]2)cc1
c1ccc(CCCCc2cc3ccccc3[nH]2)cc1
c1ccc(CCCCc2cc3ccccc3[nH]2)cc1
c1ccc(CCCCc2cc3ccccc3[nH]2)cc1
c1ccc(CCCCc2cc3ccccc3[nH]2)cc1
c1ccc(CCCCc2cc3ccccc3[nH]2)cc1
c1ccc(CCCCc2cc3ccccc3[nH]2)cc1
c1ccc(CCCCc2cc3ccccc3[nH]2)cc1
c1ccc(CCCCc2cc3ccccc3[nH]2)cc1
c1ccc(CCCCc2cc3ccccc3[nH]2)cc1
c1ccc(CCCCc2cc3ccccc3[nH]2)cc1
c1ccc(CCCCc2cc3ccccc3[nH]2)cc1
c1ccc(CCCCc2cc3ccccc3[nH]2)cc1
c1ccc(CCCCc2cc3ccccc3[nH]2)cc1
c1ccc2[nH]c(CCCCc3ccc4c(c3)C4)cc2c1
c1ccc(CCCCc2cc3ccccc3[nH]2)cc1
c1ccc(CCCCc2cc3ccccc3[nH]2)cc1
C1=C2CCCC(CCCC3CC3)C2Cc2cnn(-c3ccccc3)c21
C1=C2CCCC(CCCC3CC3)C2Cc2cnn(-c3ccccc3)c21
C1=C2CCCC(CCCC3CC3)C2C(Cc2ccccc2)c2cn[nH]c21
C1=C2CCCC(CCCC3CC3)C2C(Cc2ccccc2)c2cn[nH]c21
C1=C(CCCCCCCC2CC2)CC(Cc2ccccc2)c2cn[nH]c21
C1=CC(Cc2ccccc2)CC(CCCCCCCC2CC2)=C1
C1=CC(Cc2ccccc2)CC(CCCCCCCC2CC2)=C1
C1=CC(Cc2ccccc2)CC(CCCCCCCC2CC2)=C1
O=C(CCCCC1CC1)CCC1=CC=CC(Cc2ccccc2)C1
O=C(CCCCC1CC1)CCC1=CC=CC(Cc2ccccc2)C1
C=C(CCCc1ccccc1)CCC(=O)CCCCC1CC1
C=C(CCCc1ccccc1)CCC(=O)CCCCC1CC1
C=C(CCCc1ccccc1)CCC(=O)CCCCC1CC1
O=C(CCCCCCc1ccccc1)CCCCC1CC1
O=C1CCC(CCCc2ccccc2)CCCC1CCCC1CC1
O=C1CCC(CCCc2ccccc2)CCC1CCCC1CC1
O=C1OCC(CCCc2ccccc2)CCC1CCCC1CC1
O=C1OCC(CCCc2ccccc2)CCC1CC1CC1
O=C1OCC(CCCc2ccccc2)CCC1CC1CC1
O=C1OCC(CCCc2ccccc2)CCC1CC1CC1
O=C1OCC(CCCc2ccccc2)CCC1CC1CC1
O=C1OCC(CCCc2ccccc2)CCC1CC1=CC1
C=C1C=C1CC1CCC(CCCc2ccccc2)COC1=O
C=C1C=C1CC1CC(CCCc2ccccc2)COC1=O
C=C1C=C1CC1CCC(CCCc2ccccc2)COC1=O
O=C1OCC(CCCc2ccccc2)CCC1CC1=C2C=C21
O=C1OCC(CCCc2ccccc2)CC1CC1=C2C=C21
O=C1OCC(CCCc2ccccc2)CC1CC1=C2C=C21
O=C1OCC(CCCc2ccccc2)CC1CC1=C2C=C21
O=C1OCC(NCCCc2ccccc2)CC1CC1=C2C=C21
O=C1OCC(NCCCc2ccccc2)CC1CC1=CC=C1
O=C1OCCCC1CC1=CC(NCCCc2ccccc2)=C1
O=C1OCCCC1CC1=CC(NCCCc2ccccc2)=C1
O=C1OCCC1CC1=CC(NCCCc2ccccc2)=C1
O=C1OCCC1CC1=CC(NCCCc2ccccc2)=C1
O=C1OCCC1CC1=CC(NCCCCc2ccccc2)=C1
O=C(CCCc1ccccc1)NC1=CC(CC2CCOC2)=C1
O=C(CCCc1ccccc1)NC1=CC(CC2CCOC2)=C1
O=C(CCCc1ccccc1)NC1=CC(CC2CCOC2)=C1
O=C(CCCc1ccccc1)NC1=CC(CC2CCO2)=C1
O=C(CCCc1ccccc1)NC1=CC(CC2CCO2)=C1
O=C(CCCc1ccccc1)NC1=CC(C2CCO2)=C1
O=C(CCCc1ccccc1)NC1=CC(C2CCO2)=C1
O=C(NC1=CC=C1)C(CCc1ccccc1)CCC1CCO1
O=C(NC1=CC=C1)C(CCc1ccccc1)CCC1CCO1
O=C(NC1=CC=C1)C(CCc1ccccc1)CCC1C=CO1
O=C(NC1=CC=C1)C(CCc1ccccc1)CCC1C=CO1
O=C(NC1=CC=C1)C(CCc1ccccc1)CCC1C=CO1
O=C(NC1=CC=C1)C(CCC1=COC1)CCc1ccccc1
O=C(NC1=CC=C1)C(CCC1=COC1)CCc1ccccc1
O=C(NC1=CC1)C(CCC1=COC1)CCc1ccccc1
O=C(NC1=CC1)C(CCC1=COC1)CCc1ccccc1
O=C(CCCc1ccccc1)NC1=CC1
O=C(CCCc1ccccc1)NC1=COC1
O=C(CCCc1ccccc1)NC1=COC1
O=C(CCCc1ccccc1)NC1=COC1
O=C(CCCc1ccccc1)NC1=COC1
O=C(CCCc1ccccc1)NC1=COC1
O=C(CCCc1ccccc1)NC1=COC1
O=C(CCCc1ccccc1)NC1=COC1
O=C(CCCc1ccccc1)NC1=COCO1
O=C(CCCc1ccccc1)NC1=COCO1
O=C(CCCc1ccccc1)NC1=COCO1
O=C(CCCc1ccccc1)NC1=COCO1
O=C(CCCc1ccccc1)NC1=COCO1
O=C(CCCc1ccccc1)NC1=COCOC1
O=C(CCCc1ccccc1)NC1=COCOC1
O=C(CCCc1ccccc1)NC1=COCOC1
O=C(CCCc1ccccc1)NC1=COCOC1
O=C(CCCc1ccccc1)NC1=COCOC1
O=C(CCCCc1ccccc1)NC1=COCOC1
O=C(CCCCc1ccccc1)NC1=COCOC1
O=C(CCCc1ccccc1)NC1=COCOC1
O=C(CCCc1ccccc1)NC1=COC(=O)OC1
O=C(CCCc1ccccc1)NC1=CCC(=O)OC1
O=C(CCCc1ccccc1)NC1=CCC(=O)OC1
O=C(CCCc1ccccc1)NC1=CC(=O)OC1
O=C(CCCc1ccccc1)NC1=CC(=O)OC1
O=C(CCCc1ccccc1)NC1=CC(=O)OC1
O=C(CCCc1ccccc1)NC1=CC(=O)OC1
O=C(CCCc1ccccc1)NC1=CC(=O)OC1
O=C(CCCc1ccccc1)NC1=CC(=O)OC1
O=C(CCCc1ccccc1)NC1=CC(=O)OC1
O=C(CCCc1ccccc1)NC1=CC(=O)OC1
O=C(CCCc1ccccc1)NC1=CC(=O)OC1
O=C(CCCc1ccccc1)NC1=CC(=O)OC1
O=C(CCCc1ccccc1)NC1=CC(=O)OC1
O=C(CCCc1ccccc1)NC1=CC(=O)OC1
O=C(CCCc1ccccc1)NC1=CC(=O)OC1
O=C(CCCc1ccccc1)NC1=CC(=O)OC1
O=C(CCCc1ccccc1)NC1=CC(=O)OC1
O=C(CCCc1ccccc1)NC1=CC(=O)OC1
O=C(CCCc1ccccc1)NC1=CC(=O)OC1
O=C(CCCc1ccccc1)NC1=CC(=O)OC1
O=C(CCCc1ccccc1)NC1=CC(=O)OC1
O=C(CCCc1ccccc1)NC1=CC(=O)OC1
O=C(CCCc1ccccc1)NC1=C(C2CN2)C(=O)OC1
O=C(CCCc1ccccc1)NC1=C(C2=CN2)C(=O)OC1
O=C(CCCc1ccccc1)NC1=C(C2=CC2)C(=O)OC1
O=C(CCCc1ccccc1)NC1=C(C2=CCC2)C(=O)OC1
O=C(CCCc1ccccc1)NC1=C(C2=CC=C2)C(=O)OC1
O=C(CCCc1ccccc1)NC=C1C(=O)OCC2=CC=C21
O=C(CCCc1ccccc1)NC=C1C(=O)OCC2=CC=C21
O=C(CCCc1ccccc1)Nc1c2cccc1C(=O)OC2
O=C(CCCc1ccccc1)Nc1c2cccc1C(=O)OC2
O=C(CCCc1ccccc1)Nc1ccc2cc1COC2=O
O=C(CCCc1ccccc1)Nc1ccc2cc1COC2=O
O=C(CCCc1ccccc1)Nc1ccc2cc1COC2=O
O=C(CCCc1ccccc1)Nc1ccc2cc1COC2=O
O=C(CCCc1ccccc1)Nc1ccc2c(c1)CCOC2=O
O=C(CCCCc1ccccc1)Nc1ccc2c(c1)CCOC2=O
O=C(CCCCc1ccccc1)Nc1ccc2c(c1)COC2=O
O=C(CCCCc1ccccc1)Nc1ccc2c(c1)COC2=O
O=C(CCCCc1ccccc1)Nc1ccc2c(c1)COC2=O
O=C(CCCCCc1ccccc1)Nc1ccc2c(c1)COC2=O
O=C(CCCCc1ccccc1)Nc1ccc2c(c1)COC2=O
O=C(CCCc1ccccc1)Nc1ccc2c(c1)COC2=O
O=C(CCCc1ccccc1)Nc1ccc2c(c1)COC2=O
O=C(CCCc1ccccc1)Nc1ccc2c(c1)COC2=O
O=C(CCCc1ccccc1)Nc1ccc2c(c1)COC2=O
O=C(CCCc1ccccc1)Nc1ccc2c(c1)COC2=O
O=C(CCCc1ccccc1)Nc1ccc2c(c1)COC2=O
O=C(CCCc1ccccc1)Nc1ccc2c(c1)COC2=O
O=C(CCCc1ccccc1)Nc1ccc2c(c1)COC2=O
O=C(CCCc1ccccc1)Nc1ccc2c(c1)COC2=O
O=C(CCCc1ccccc1)Nc1ccc2c(c1)COC2=O
O=C1OCc2cc(NC(=O)C(CCc3ccccc3)CCC3CCC3)ccc21
O=C1OCc2cc(NC(=O)C(CCc3ccccc3)CCC3CCC3)ccc21
O=C1OCc2cc(NC(=O)C(CCC3=CCC3)CCc3ccccc3)ccc21
O=C1OCc2cc(NC(=O)C(CCC3=CCCC3)CCc3ccccc3)ccc21
O=C1OCc2cc(NC(=O)C(CCC3=CC=CC3)CCc3ccccc3)ccc21
O=C1OCc2cc(NC(=O)C(CCC3=CCC=C3)CCc3ccccc3)ccc21
O=C1OCc2cc(NC(=O)C(CCC3=CCCC=C3)CCc3ccccc3)ccc21
O=C1OCc2cc(NC(=O)C(CCc3ccccc3)CCc3ccccc3)ccc21
O=S(=O)(NCCOc1ccc2c(cnn2-c2ccccc2)c1)c1ccccc1
O=S(=O)(NCCOc1ccc2c(cnn2-c2ccccc2)c1)c1ccccc1
O=S(NCCOc1ccc2c(cnn2-c2ccccc2)c1)c1ccccc1
O=C(NCCOc1ccc2c(cnn2-c2ccccc2)c1)c1ccccc1
O=C(NCCOc1ccc2c(cnn2-c2ccccc2)c1)c1ccccc1
O=C(NCCOc1ccc2c(cnn2-c2ccccc2)c1)c1ccccc1
O=C(NCCOc1ccc2c(cnn2-c2ccccc2)c1)c1ccccc1
O=C(NCCOc1ccc2c(cnn2-c2ccccc2)c1)c1ccccc1
O=C(NCCOc1ccc2c(cnn2-c2ccccc2)c1)c1ccccc1
O=C(NCCOc1ccc2c(cnn2-c2ccccc2)c1)c1ccccc1
O=C(NCCOc1ccc2c(cnn2-c2ccccc2)c1)c1ccccc1
O=C(NCCOc1ccc2c(cnn2-c2ccccc2)c1)c1ccccc1
O=C(NCCOc1ccc2c(cnn2-c2ccccc2)c1)c1ccccc1
O=C(NCC(Oc1ccc2c(cnn2-c2ccccc2)c1)C1=CCCO1)c1ccccc1
O=C(NCC(Oc1ccc2c(cnn2-c2ccccc2)c1)C1=CCCC1)c1ccccc1
O=C(NCC(Oc1ccc2c(cnn2-c2ccccc2)c1)C1=CCC=C1)c1ccccc1
O=C(NCC(Oc1ccc2c(cnn2-c2ccccc2)c1)C1=CCC=C1)c1ccccc1
O=C(NCC(Oc1ccc2c(cnn2-c2ccccc2)c1)C1=CCCC=C1)c1ccccc1
O=C(NCC(Oc1ccc2c(cnn2-c2ccccc2)c1)C1=CCCC=C1)c1ccccc1
O=C(NCC(Oc1ccc2c(cnn2-c2ccccc2)c1)C1=CC2CC2=C1)c1ccccc1
O=C(NCC(Oc1ccc2c(cnn2-c2ccccc2)c1)c1cc2cc-2c1)c1ccccc1
O=C(NCC(Oc1ccc2c(cnn2-c2ccccc2)c1)c1cc2cc-2c1)c1ccccc1
O=C(NCC(Oc1ccc2c(cnn2-c2ccccc2)c1)c1ccccc1)c1ccccc1
O=C(NCC(Oc1ccc2c(cnn2-c2ccccc2)c1)c1ccccc1)c1ccccc1
O=C(NCC(Oc1ccc2c(cnn2-c2ccccc2)c1)c1ccccc1)c1ccccc1
O=C(NCC(Oc1ccc2c(cnn2-c2ccccc2)c1)c1ccccc1)c1ccccc1
O=C(NCC(Oc1ccc2c(cnn2-c2ccccc2)c1)c1ccccc1)c1ccccc1
O=C(NCC(Oc1ccc2c(cnn2-c2ccccc2)c1)c1ccccc1)c1ccccc1
O=C(NCC(Oc1ccc2c(cnn2-c2ccccc2)c1)c1ccccc1)C1=CC=CC=CO1
O=C(NCC(Oc1ccc2c(cnn2-c2ccccc2)c1)c1ccccc1)C1=CC=CC=CO1
O=C(NCC(Oc1ccc2c(cnn2-c2ccccc2)c1)c1ccccc1)C1=CC=CC=CO1
O=C(NCC(Oc1ccc2c(cnn2-c2ccccc2)c1)c1ccccc1)C1=CC=CC=CO1
O=C(NCC(Oc1ccc2c(cnn2-c2ccccc2)c1)c1ccccc1)C1=NC=CC=CO1
O=C(NCC(Oc1ccc2c(cnn2-c2ccccc2)c1)c1ccccc1)C1=NC=CC=CO1
O=C(NCC(Oc1ccc2c(cnn2-c2ccccc2)c1)c1ccccc1)C1=NN=CC=CO1
O=C(NCC(Oc1ccc2c(cnn2-c2ccccc2)c1)c1ccccc1)C1=NN=CCO1
O=C(NCC(Oc1ccc2c(cnn2-c2ccccc2)c1)c1ccccc1)c1nnco1
O=S(=O)(NCCOc1ccc2c(cnn2-c2ccccc2)c1)c1ccccc1
c1ccc(COc2ccc3c(cnn3-c3ccccc3)c2)cc1
c1ccc(COc2ccc3c(cnn3-c3ccccc3)c2)cc1
c1ccc(COc2ccc3c(cnn3-c3ccccc3)c2)cc1
c1ccc(COc2ccc3c(cnn3-c3ccccc3)c2)cc1
c1ccc(COc2ccc3c(cnn3-c3ccccc3)c2)cc1
c1ccc(COc2ccc3c(cnn3-c3ccccc3)c2)cc1
c1ccc(COc2ccc3c(cnn3-c3ccccc3)c2)cc1
c1ccc(COc2ccc3c(cnn3-c3ccccc3)c2)cc1
c1ccc(COc2ccc3c(cnn3-c3ccccc3)c2)cc1
c1ccc(COc2ccc3c(cnn3-c3ccccc3)c2)cc1
c1ccc(COc2ccc3c(cnn3-c3ccccc3)c2)cc1
c1ccc(COc2ccc3c(cnn3-c3ccccc3)c2)cc1
c1ccc(COc2ccc3c(cnn3-c3ccccc3)c2)cc1
c1ccc(COc2ccc3c(cnn3-c3ccccc3)c2)cc1
c1ccc(COc2ccc3c(cnn3-c3ccccc3)c2)cc1
c1ccc(COc2ccc3c(cnn3-c3ccccc3)c2)cc1
O=C(NCC(Oc1ccc2c(cnn2-c2ccccc2)c1)c1ccccc1)C1=CC1
O=C(NCC(Oc1ccc2c(cnn2-c2ccccc2)c1)c1ccccc1)C1=CC1
O=C(NCC(Oc1ccc2c(cnn2-c2ccccc2)c1)c1ccccc1)C1=CC1
O=C(NCC(Oc1ccc2c(cnn2-c2ccccc2)c1)c1ccccc1)C1=C=CC1
O=C(NCC(Oc1ccc2c(cnn2-c2ccccc2)c1)c1ccccc1)C1=C=CC1
O=C(NCC(Oc1ccc2c(cnn2-c2ccccc2)c1)c1ccccc1)C1=C=CC1
O=C(NCC(Oc1ccc2c(cnn2-c2ccccc2)c1)c1ccccc1)C1=CC1
O=C(NCC(Oc1ccc2c(cnn2-c2ccccc2)c1)c1ccccc1)C1=C2CC21
O=C(NCC(Oc1ccc2c(cnn2-c2ccccc2)c1)c1ccccc1)C1=C2CC21
O=C(NCC(Oc1ccc2c(cnn2-c2ccccc2)c1)c1ccccc1)C1=C2CC21
O=C(NCC(Oc1ccc2c(cnn2-c2ccccc2)c1)c1ccccc1)C1=C2CCC21
O=C(NCC(Oc1ccc2c(cnn2-c2ccccc2)c1)c1ccccc1)C1=C2CCC21
O=C(NCC(Oc1ccc2c(cnn2-c2ccccc2)c1)c1ccccc1)C1=C2CC=C21
O=C(NCC(Oc1ccc2c(cnn2-c2ccccc2)c1)c1ccccc1)C1=CCC=C1
O=C(NCC(Oc1ccc2c(cnn2-c2ccccc2)c1)c1ccccc1)C1=CCCC=C1
O=C(NCC(Oc1ccc2c(cnn2-c2ccccc2)c1)c1ccccc1)c1ccccc1
O=S(=O)(NCCOc1ccc2c(cnn2-c2ccccc2)c1)c1ccccc1
O=S(=O)(NCCOc1ccc2c(cnn2-c2ccccc2)c1)c1ccccc1
O=S(=O)(NCCOc1ccc2c(cnn2-c2ccccc2)c1)c1cccnc1
O=S(=O)(NCCOCc1ccc2c(cnn2-c2ccccc2)c1)c1cccnc1
O=S(=O)(NC1CC1OCc1ccc2c(cnn2-c2ccccc2)c1)c1cccnc1
O=S(NC1CC1OCc1ccc2c(cnn2-c2ccccc2)c1)c1cccnc1
O=C(NC1CC1OCc1ccc2c(cnn2-c2ccccc2)c1)c1cccnc1
O=C(NC1CC1OCc1ccc2c(cnn2-c2ccccc2)c1)c1cccnc1
O=C(NC1CC1OCc1ccc2c(cnn2-c2ccccc2)c1)c1cccnc1
O=C(NC1CC1OCc1ccc2c(c1)C=NN(c1ccccc1)C2)c1cccnc1
O=C(NC1CC1OCc1ccc2c(c1)OC=NN(c1ccccc1)C2)c1cccnc1
O=C(Nc1cccnc1)NC1CC1OCc1ccc2c(c1)OC=NN(c1ccccc1)C2
O=C(Nc1cccnc1)NC1CC1OCc1ccc2c(c1)CC=NN(c1ccccc1)C2
O=C(Nc1cccnc1)NC1CC1OCc1ccc2c(c1)CC=NN(Cc1ccccc1)C2
O=C(Nc1cccnc1)NC1CC1OCc1ccc2c(c1)CCC=NN(Cc1ccccc1)C2
O=C(Nc1cccnc1)NC1CC1OCc1ccc2c(c1)CCC1=NN(Cc3ccccc3)C12
O=C(Nc1cccnc1)NC1CC1OCc1ccc2c(c1)CCC1=CN(Cc3ccccc3)C12
O=C(Nc1cccnc1)NC1CC1OCc1ccc2c(c1)CCC1CN(Cc3ccccc3)C21
O=C(Nc1cccnc1)NC1CC1OCc1ccc2c(c1)CCC1CC(Cc3ccccc3)C21
O=C(Nc1cccnc1)NC1CC1OCc1ccc2c(c1)CCC1CC(Cc3ccccc3)C21
O=C(Nc1cccnc1)NC1CC1OCc1ccc2c(c1)CCC1CCC(Cc3ccccc3)C21
O=C(Nc1cccnc1)NC1CC1OCc1ccc2c(c1)CCC1CCC(Cc3ccccc3)C21
O=C(Nc1cccnc1)NC1CC1OCc1ccc2c(c1)CCC1CCC(Cc3ccccc3)C21
O=C(Nc1cccnc1)NC1CC1OCc1ccc2c(c1)CCC1CCC(Cc3ccccc3)C21
O=C(Nc1cccnc1)NC1CC1OCc1ccc2c(c1)CCC1CCC(OCc3ccccc3)C21
O=C(CC1CC1OCc1ccc2c(c1)CCC1CCC(OCc3ccccc3)C21)Nc1cccnc1
O=C(CC1CC1OCc1ccc2c(c1)CCC1CCC(OCc3ccccc3)C21)Nc1cccnc1
O=C(Nc1cccnc1)C1CC1OCc1ccc2c(c1)CCC1CCC(OCc3ccccc3)C21
O=C(CC1CC(OCc2ccccc2)C2c3ccc(COC4CC4)cc3CCC12)Nc1cccnc1
O=C(Nc1cccnc1)C1(C2CC(OCc3ccccc3)C3c4ccc(COC5CC5)cc4CCC32)CC1
O=C(Nc1cccnc1)C1(C2CC(OCc3ccccc3)C3c4ccccc4CCC32)CC1
O=C(Nc1cccnc1)C1(C2CC(OCc3ccccc3)C3c4ccccc4CCC32)CC1
O=C(Nc1cccnc1)C1(C2CC(OCc3ccccc3)C3c4ccccc4CCC32)CC1
O=C(Nc1cccnc1)C1(C2CC(OCc3ccccc3)C3c4ccccc4CCC32)CC1
O=C(Nc1cccnc1)C1(C2CC(OCc3ccccc3)C3c4ccccc4CCC32)CC1
O=C(Nc1cccnc1)C1(C2CC(OCc3ccccc3)C3c4ccccc4CCC32)CC1
O=C(Nc1cccnc1)C1(C2CC(OCc3ccccc3)C3c4ccccc4CCC32)CC1
O=C(Nc1cccnc1)C1(C2CC(OCc3ccccc3)C3c4ccccc4CCC32)CC1
O=C(Nc1cccnc1)C12CCC(OCc3ccccc3)C3c4ccccc4CCC3C1C2
O=C(Nc1cccnc1)C12CC(OCc3ccccc3)C3c4ccccc4CCC3C1C2
O=C(Nc1cccnc1)C12CC(OCc3ccccc3)C3c4ccccc4CCC3C1C2
O=C(Nc1cccnc1)C12CC(OCc3ccccc3)C3c4ccccc4CCC3C1C2
O=C(CC12CC(OCc3ccccc3)C3c4ccccc4CCC3C1C2)Nc1cccnc1
O=C(CC12CCC1C1CCc3ccccc3C1C(OCc1ccccc1)C2)Nc1cccnc1
O=C(CC12CCC1C1CCc3ccccc3C1C(OCc1ccccc1)C2)Nc1cccnc1
O=C(CC12CCC1C1CCc3ccccc3C1C(OCc1ccccc1)C2)Nc1cccnc1
O=C(CC=Cc1ccc2c(c1)CCC1C3CCC3CC(OCc3ccccc3)C21)Nc1cccnc1
O=C(CC=Cc1ccc2c(c1)CCC1C3CCC3CC(OCc3ccccc3)C21)Nc1cccnc1
O=C(C=Cc1ccc2c(c1)CCC1C3CCC3CC(OCc3ccccc3)C21)Nc1cccnc1
O=C(C=Cc1ccc2c(c1)CCC1C3CCC3CC(OCc3ccccc3)C21)Nc1cccnc1
C=C(C(=O)Nc1cccnc1)c1ccc2c(c1)CCC1C3CCC3CC(OCc3ccccc3)C21
C=C(C(=O)Nc1cccnc1)c1ccc2c(c1)CCC1C3CCC3CC(OCc3ccccc3)C21
C=C(C(=O)Nc1cccnc1)c1ccc2c(c1)CCC1C3CCC3CC(OCc3ccccc3)C21
C=C(C(=O)Nc1cccnc1)c1ccc2c(c1)CCC1C3CC3CC(OCc3ccccc3)C21
O=C(Cc1ccc2c(c1)CCC1C3CC3CC(OCc3ccccc3)C21)Nc1cccnc1
O=C(Nc1cccnc1)c1ccc2c(c1)CCC1C3CC3CC(OCc3ccccc3)C21
O=C(Nc1cccnc1)c1ccc2c(c1)CCC1C3CC3CC(OCc3ccccc3)C21
O=C(Nc1cccnc1)c1ccc2c(c1)CCC1C3CCC3CC(OCc3ccccc3)C21
O=C(Nc1cccnc1)c1ccc2c(c1)CCC1C3CCC3CC(OCc3ccccc3)C21
O=C(Nc1cccnc1)c1ccc2c(c1)CCC1C3CCC3CC(OCc3ccccc3)C21
O=C(Nc1cccnc1)c1ccc2c(c1)CCC1C3CCC3CC(OCc3ccccc3)C21
O=C(Nc1cccnc1)c1ccc2c(c1)CCC1C3CCCC3CC(OCc3ccccc3)C21
O=C(Nc1cccnc1)c1ccc2c(c1)CCC1C3CCCC3CC(OCc3ccccc3)C21
O=C(Nc1cccnc1)c1ccc2c(c1)CCC1C3CCCC3CC(OCc3ccccc3)C21
O=C(Nc1cccnc1)c1ccc2c(c1)CCC1C3CCCC3CC(OCc3ccccc3)C21
O=C(Nc1cccnc1)c1ccc2c(c1)CCC1C3CCCC3CC(OCc3ccccc3)C21
O=C(Nc1cccnc1)c1ccc2c(c1)CCC1C3CCCC3CC(OCc3ccccc3)C21
O=S(=O)(NCCOc1ccc2c(cnn2-c2ccccc2)c1)c1ccccc1
O=S(=O)(NCCOc1ccc2c(cnn2-c2ccccc2)c1)c1ccccc1
O=S(=O)(NCCOc1ccc2c(cnn2-c2ccccc2)c1)c1ccccc1
O=S1(=O)NC(COc2ccc3c(cnn3-c3ccccc3)c2)CCCc2ccccc21
C=C1CCCC(COc2ccc3c(cnn3-c3ccccc3)c2)NS(=O)(=O)C1=C
C=C1CCCC(COc2ccc3c(cnn3-c3ccccc3)c2)NS(=O)(=O)C1
C=C1CCCC(COc2ccc3c(cnn3-c3cc4ccc3-4)c2)NS(=O)(=O)C1
O=S1(=O)CCCCCC(COc2ccc3c(cnn3-c3cc4ccc3-4)c2)N1
O=S1(=O)CCCCCC(COc2ccc3c(cnn3-c3cc4ccc3-4)c2)N1
O=S1(=O)CCCCCC(COc2ccc3c(cnn3-c3cc4ccc3-4)c2)N1
C=S1(=O)CCCCCC(COc2ccc3c(cnn3-c3cc4ccc3-4)c2)N1
C=S1CCCCCC(COc2ccc3c(cnn3-c3cc4ccc3-4)c2)N1
C=S1CCCCCC(COc2ccc3c(ccn3-c3cc4ccc3-4)c2)N1
c1cc2c(ccn2-c2cc3ccc2-3)cc1OCC1CCCCCSN1
c1cc2c(cc1OCC1CCCCCSN1)CN2c1cc2ccc1-2
c1cc2c(cc1OCC1CCCCCSN1)CN2c1cc2ccc1-2
c1cc2c(cc1OCC1CCCCCSN1)CN2c1cc2ccc1-2
c1cc2c(cc1OCC1CCCCCSN1)CN2c1cc2ccc1-2
c1cc2c(cc1OCC1CCCCCSN1c1cc3ccc1-3)CN2
c1cc2c(cc1OCC1CCCCCSN1c1cc3ccc1-3)CN2
c1cc2c(cc1OCC1CCCCCCN1c1cc3ccc1-3)CN2
c1cc2c(cc1OCC1CCCCCCN1c1cc3ccc1-3)CN2
c1cc2c(cc1OCC1CCCCCCN1c1cc3ccc1-3)CN2
C=C1CCCCCC(COc2ccc3c(c2)CN3)N1c1cc2ccc1-2
C=C1CCCCCC(COc2ccc3c(c2)CN3)N1c1cc2ccc1-2
S=C1CCCCCC(COc2ccc3c(c2)CN3)N1c1cc2ccc1-2
S=C1CCCCC(COc2ccc3c(c2)CN3)N1c1cc2ccc1-2
S=C1CCCCC(COc2ccc3c(c2)CN3)N1c1cc2ccc1-2
S=C1NCCCCC(COc2ccc3c(c2)CN3)N1c1cc2ccc1-2
S=C1NCCCCC(COc2ccc3c(c2)CN3)N1c1cc2ccc1-2
S=C1NCCCCC(COc2ccc3c(c2)CN3)N1c1cc2ccc1-2
S=C1NCCCCC(CCc2ccc3c(c2)CN3)N1c1cc2ccc1-2
S=C1NCCCCC(CCCc2ccc3c(c2)CN3)N1c1cc2ccc1-2
S=C1NCCCCC(CCCc2ccc3c(c2)CN3)N1c1cc2ccc1-2
S=C1NCCCCC(CCNCc2ccc3c(c2)CN3)N1c1cc2ccc1-2
S=C1NCCCCC(CCNc2ccc3c(c2)CN3)N1c1cc2ccc1-2
S=C1N(Cc2ccc3c(c2)CN3)CCCCCN1c1cc2ccc1-2
S=C1N(Cc2ccc3c(c2)CN3)CCCCC2CCNc3cc4cc(c3-4)N12
S=C1N(Cc2ccc3c(c2)CN3)CCCCC2CCNc3cc4cc(c3-4)N12
S=C1N(Cc2ccc3c(c2)CN3)CCCCC2CCNc3cc4cc(c3-4)N12
S=C1N(Cc2ccc3c(c2)CN3)CCCCC2CCNc3cc4cc(c3-4)N12
S=C1N(Cc2ccc3c(c2)CN3)CCCCC2CCNc3cc4cc(c3-4)N12
S=C1N(Cc2ccc3c(c2)CN3)CCCCC2CCNc3cc4cc(c3-4)N12
S=C1N(Cc2ccc3c(c2)CN3)CCCC2CCNc3cc4cc(c3-4)N12
S=C1NCCCC2CCN(Cc3ccc4c(c3)CN4)c3cc4cc(c3-4)N12
S=C1NCCCC2CCC(Cc3ccc4c(c3)CN4)c3cc4cc(c3-4)N12
S=C1NCCCC2CCC(c3ccc4c(c3)CN4)c3cc4cc(c3-4)N12
S=C1NCCCC2CCC(c3ccc4c(c3)N4)c3cc4cc(c3-4)N12
S=C1NCCCC2CC(c3ccc4c(c3)N4)c3cc4cc(c3-4)N12
S=C1NCCCC2CCc3c(-c4ccc5c(c4)N5)c4cc(c3-4)N12
S=C1NCCCC2CCCc3c(-c4ccc5c(c4)N5)c4cc(c3-4)N12
S=C1NCCCC2CCCc3c(-c4ccc5c(c4)N5)c4cc(c3-4)N12
S=C1NCCCC2CCCc3c(-c4ccc5c(c4)N5)c4cc(c3-4)N12
S=C1NCCCC2CCCc3c(-c4ccc5c(c4)N5)c4cc(c3-4)N12
S=C1NCCCCC2CCCc3c(-c4ccc5c(c4)N5)c4cc(c3-4)N12
S=C1NCCCCC2CCC3c4c(-c5ccc6c(c5)N6)ccc(c43)N12
S=C1NCCCC2CCC3c4c(-c5ccc6c(c5)N6)ccc(c43)N12
S=C1NCCCC2CCCC3c4c(-c5ccc6c(c5)N6)ccc(c43)N12
S=C1NCCCC2CCCC3c4cc(-c5ccc6c(c5)N6)cc(c43)N12
S=C1NCCCC2CCCC3c4cc(-c5ccc6c(c5)N6)cc(c43)N12
S=C1NCCCCC2CCCC3c4cc(-c5ccc6c(c5)N6)cc(c43)N12
S=C1NCCCCC2CCCC3c4cc(-c5ccc6c(c5)N6)cc(c43)N12
S=C1NCCCCC2CCCC3c4cc(-c5ccc6c(c5)N6)cc(c43)N12
S=C1NCCCCC2CCC3c4cc(-c5ccc6c(c5)N6)cc(c43)N12
S=C1NCCCCC2CCC3c4cc(-c5ccc6c(c5)N6)cc(c43)N12
S=C1NCCCCC2CCCc3ccc(-c4ccc5c(c4)N5)cc3N12
S=C1NCCCCC2CCCc3ccc(-c4ccc5c(c4)N5)cc3N12
S=C1NCCCCC2CCCc3ccc(-c4ccc5c(c4)N5)cc3N12
S=C1NCCCCC2CCCNc3ccc(-c4ccc5c(c4)N5)cc3N12
S=C1NCCCCC2CCCNc3ccc(-c4ccc5c(c4)N5)cc3N12
S=C1NCCCCC2CCCNc3ccc(-c4ccc5c(c4)N5)cc3N12
S=C1NCCCCC2CCCNc3ccc(-c4ccc5c(c4)N5)cc3N12
S=C1NCCCCC2CCCNc3ccc(-c4ccc5c(c4)N5)cc3N12
S=C1NCCCC2CCCNc3ccc(-c4ccc5c(c4)N5)cc3N12
S=C1NCCCC2CCCNc3ccc(-c4ccc5c(c4)N5)cc3N12
S=C1NCCCC2CCCNc3ccc(-c4ccc5c(c4)N5)cc3N12
S=C1NCCCC2CCNc3ccc(-c4ccc5c(c4)N5)cc3N12
S=C1NCCCC2CCNc3ccc(-c4ccc5c(c4)CN5)cc3N12
S=C1NCCCC2CCCNc3ccc(-c4ccc5c(c4)CN5)cc3N12
S=C1NCCCC2CCCNc3ccc(-c4ccc5c(c4)CN5)cc3N12
S=C1NCCCC2CCCNc3ccc(-c4ccc5c(c4)CN5)cc3N12
S=C1NCCCC2CCCNc3ccc(-c4ccc5c(c4)CN5)cc3N12
S=C1NCCCC2CCCNc3ccc(-c4ccc5c(c4)CCN5)cc3N12
S=C1NCCCCC2CCCNc3ccc(-c4ccc5c(c4)CCN5)cc3N12
S=C1NCCCCC2CCCNc3ccc(-c4ccc5c(c4)CCN5)cc3N12
S=C1NCCCCC2CCCNc3ccc(-c4ccc5c(c4)CN5)cc3N12
S=C1NCCCCC2CCCNc3ccc(-c4ccc5c(c4)CN5)cc3N12
S=C1NCCCCC2CCCNc3ccc(-c4ccc5c(c4)CN5)cc3N12
S=C1NCCCCC2CCNc3ccc(-c4ccc5c(c4)CN5)cc3N12
N=C1Nc2ccc(-c3ccc4c(c3)N3C(=S)NCCCCC3CCN4)cc21
N=C1Nc2ccc(-c3ccc4c(c3)N3C(=S)NCCCCC3CCCN4)cc21
N=c1[nH]c2ccc(-c3ccc4c(c3)N3C(=S)NCCCCC3CCCN4)cc2[nH]1
N=c1[nH]c2ccc(-c3ccc4c(c3)N3C(=S)NCCCC3CCCN4)cc2[nH]1
S=C1NCCCC2CCCNc3ccc(-c4ccc5[nH]c(=S)[nH]c5c4)cc3N12
S=C1CCCCC2CCCNc3ccc(-c4ccc5[nH]c(=S)[nH]c5c4)cc3N12
S=C1NCCCCC2CCCNc3ccc(-c4ccc5[nH]c(=S)[nH]c5c4)cc3N12
S=C1NCCCCC2CCCNc3ccc(-c4ccc5[nH]c(=S)[nH]c5c4)cc3N12
S=C1NCCCCC2CCCNc3ccc(-c4ccc5[nH]c(=S)[nH]c5c4)cc3N12
S=C1NCCCC2CCCNc3ccc(-c4ccc5[nH]c(=S)[nH]c5c4)cc3N12
S=C1NCCC2CCCNc3ccc(-c4ccc5[nH]c(=S)[nH]c5c4)cc3N12
S=C1NCCC2CCCNc3ccc(-c4ccc5[nH]c(=S)[nH]c5c4)cc3N12
S=C1NCCC2CCCNc3ccc(-c4ccc5[nH]c(=S)[nH]c5c4)cc3N12
S=C1NCCC2CCCNc3ccc(-c4ccc5[nH]c(=S)n(C6CC6)c5c4)cc3N12
S=C1NCC2CCCNc3ccc(-c4ccc5[nH]c(=S)n(C6CC6)c5c4)cc3N12
S=C1NCC2CCCNc3ccc(-c4ccc5[nH]c(=S)n(C6CCC6)c5c4)cc3N12
S=C1NCC2CCNc3ccc(-c4ccc5[nH]c(=S)n(C6CCC6)c5c4)cc3N12
S=C1NCC2CCNc3ccc(-c4ccc5[nH]c(=S)n(C6CCCC6)c5c4)cc3N12
S=c1[nH]c2ccc(-c3ccc4c(c3)NCCCN4)cc2n1C1CCCC1
S=c1[nH]c2ccc(-c3ccc4c(c3)NCCN4)cc2n1C1CCCC1
S=c1[nH]c2ccc(-c3ccc4c(c3)NCCN4)cc2n1C1CCCC1
S=c1[nH]c2ccc(-c3ccc4c(c3)NCCN4)cc2n1C1CCCC1
S=c1[nH]c2ccc(-c3ccc4c(c3)NCN4)cc2n1C1CCCC1
S=c1[nH]c2ccc(-c3ccc4c(c3)NCN4)cc2n1C1CCCC1
S=c1[nH]c2ccc(-c3ccc4c(c3)NCN4)cc2n1C1CCCCC1
S=c1[nH]c2ccc(-c3ccc4c(c3)NCN4)cc2n1C1CCCCCC1
S=c1[nH]c2ccc(-c3ccc4c(c3)NCN4)cc2n1C1CCCCCC1
S=c1[nH]c2ccc(-c3ccccc3)cc2n1C1CCCCCC1
C=C1C=CC=C(c2ccc3[nH]c(=S)n(C4CCCCCC4)c3c2)N1
C=C1C=CC=C(c2ccc3[nH]c(=S)n(C4CCCCC4)c3c2)N1
C=C1C=CC=C(c2ccc3[nH]c(=S)n(C4CCCCC4)c3c2)N1
C=C1C=CC=C(c2ccc3[nH]c(=S)n(C4CCCC4)c3c2)N1
C=C1C=CC=C(c2ccc3[nH]c(=S)n(C4CCCC4)c3c2)N1
S=c1[nH]c2ccc(-c3ccc[nH]3)cc2n1C1CCCC1
S=c1[nH]c2ccc(-c3ccc[nH]3)cc2n1C1CCCC1
S=c1[nH]c2ccc(-c3ccc[nH]3)cc2n1C1CCCC1
O=S(=O)(NCCOc1ccc2c(cnn2-c2ccccc2)c1)c1ccccc1
O=S(=O)(NCCOc1ccc2c(c1)C=NN(c1ccccc1)C2)c1ccccc1
O=S(=O)(NCCC1c2ccccc2C=NN1c1ccccc1)c1ccccc1
O=S(=O)(c1ccccc1)N1CC1CC1c2ccccc2C=NN1c1ccccc1
O=S(=O)(c1ccccc1)N1CCC1CC1c2ccccc2C=NN1c1ccccc1
O=S(=O)(c1ccccc1)N1CCC1CC1c2ccccc2C=NN1c1ccccc1
O=S(=O)(c1ccccc1)N1CCC(CC2c3ccccc3C=NN2c2ccccc2)C1
O=S(=O)(c1ccccc1)N1CCC(CC2c3ccccc3C=NN2c2ccccc2)C1
O=S(=O)(c1ccccc1)N1CCC(C2c3ccccc3C=NN2c2ccccc2)C1
O=S(=O)(c1ccccc1)N1CCC(C2CN(c3ccccc3)N=Cc3ccccc32)C1
O=S(=O)(c1ccccc1)N1CCC(C2CN(c3ccccc3)N=Cc3ccccc32)C1
O=S(=O)(c1ccccc1)N1CCC(C2CN(c3ccccc3)C=Cc3ccccc32)C1
O=S(=O)(c1ccccc1)N1CCC(C2CN(c3ccccc3)C=Cc3ccccc32)C1
O=S(=O)(c1ccccc1)N1CCC(C2CN(c3ccccc3)Cc3ccccc32)C1
O=S(=O)(c1ccccc1)N1CCC(C2CN(c3ccccc3)Cc3ccccc32)C1
O=S(=O)(c1ccccc1)N1CCC(C2CN(c3ccccc3)CCc3ccccc32)C1
O=S(=O)(c1ccccc1)N1CCC(C2CC(c3ccccc3)CCc3ccccc32)C1
O=S(=O)(c1ccccc1)N1CCC(C2CC(c3ccccc3)CCc3ccccc32)C1
O=S(=O)(c1ccccc1)N1CC(C2CC(c3ccccc3)CCc3ccccc32)C1
O=S(=O)(c1ccccc1)N1CC(C2CC(C3C=CC=C3)CCc3ccccc32)C1
O=S(=O)(c1ccccc1)N1CC(C2CC(C3C=CC=C3)CCc3ccccc32)C1
O=S(=O)(c1ccccc1)N1CC(C2CC(C3=CC=C3)CCc3ccccc32)C1
O=S(=O)(c1ccccc1)N1CC(C2CC(C3=CC=C3)CCc3ccccc32)C1
O=S(=O)(Cc1ccccc1)N1CC(C2CC(C3=CC=C3)CCc3ccccc32)C1
O=S(=O)(Cc1ccccc1)N1CC(C2CC(c3cccs3)CCc3ccccc32)C1
O=S(=O)(CCc1ccccc1)N1CC(C2CC(c3cccs3)CCc3ccccc32)C1
O=S(=O)(Cc1ccccc1)N1CC(C2CC(c3cccs3)CCc3ccccc32)C1
O=S(=O)(Cc1ccccc1)N1CC(C2CC(c3nccs3)CCc3ccccc32)C1
O=S(=O)(Cc1ccccc1)C1CC(C2CC(c3nccs3)CCc3ccccc32)C1
O=S(Cc1ccccc1)C1CC(C2CC(c3nccs3)CCc3ccccc32)C1
O=C(Cc1ccccc1)C1CC(C2CC(c3nccs3)CCc3ccccc32)C1
O=C(Cc1ccccc1)C1CC(C2CC(c3nccs3)CCc3ccccc32)C1
c1ccc(CCC2CC(C3CC(c4nccs4)CCc4ccccc43)C2)cc1
c1ccc(CC2CC(C3CC(c4nccs4)CCc4ccccc43)C2)cc1
c1ccc(CC2(c3nccs3)CCc3ccccc3C(C3CCC3)C2)cc1
c1ccc(CC2(c3nccs3)CCc3ccccc3C(C3CCC3)C2)cc1
c1ccc(CC2(c3nccs3)CCc3ccccc3C(C3CCC3)C2)cc1
c1ccc(CC2(c3nccs3)CCCc3ccccc3C(C3CCC3)C2)cc1
c1ccc(CC2(c3nccs3)CCCc3ccccc3C(C3CC3)C2)cc1
c1ccc(C2(c3nccs3)CCCc3ccccc3C(C3CC3)C2)cc1
C1=CC(C2(c3nccs3)CCCc3ccccc3C(C3CC3)C2)C=C1
c1ccc2c(c1)CCCC(c1nccs1)CC2C1CC1
c1ccc2c(c1)CCCC(c1nccs1)CC2C1CC1
c1ccc2c(c1)CCCC(c1nccs1)CC2C1CC1
c1ccc2c(c1)CCCC(c1nccs1)CC2C1CC1
c1ccc2c(c1)CCCC(c1nccs1)CC2C1CCC1
c1ccc2c(c1)CCC1CCCCC1(c1nccs1)CC2C1CCC1
c1ccc2c(c1)CCC(C1CC1)C(c1nccs1)CC2C1CCC1
c1ccc2c(c1)CCCC(c1nccs1)CC2C1CCC1
c1ccc2c(c1)CCCC(c1nccs1)CC2C1CCC1
c1ccc2c(c1)CCCC(c1nccs1)CC2C1CCCC1
c1ccc2c(c1)CCCC(c1nccs1)CC2C1CCCC1
c1ccc2c(c1)CCCC(c1nccs1)CC2C1CCC1
c1ccc2c(c1)CCC(C1CO1)C(c1nccs1)CC2C1CCC1
c1ccc2c(c1)CCCC(c1nccs1)CC2C1CCC1
c1ccc2c(c1)CCCC(c1nccs1)CC2C1CCC1
c1ccc2c(c1)CCCC(c1nccs1)CC2C1CCC1
c1ccc2c(c1)CCCC(c1nccs1)CC2C1CCC1
c1ccc2c(c1)CCCC(c1nccs1)CC2C1CCC1
c1ccc2c(c1)CCCC(c1nccs1)CC2C1CCC1
c1ccc2c(c1)CCCC(c1nccs1)CC2C1CCC1
c1ccc2c(c1)CCCC(c1nccs1)CC2C1CCCC1
c1ccc2c(c1)CCCC(c1nccs1)CC2C1CCCCC1
c1ccc2c(c1)CCCC(c1nccs1)CC2C1CCCCC1
c1ccc2c(c1)CCCC(c1nccs1)CC2C1CCCCC1
c1ccc2c(c1)CCCC(c1nccs1)CC2C1CCCCC1
c1ccc2c(c1)CCCCCC2C1CCCC(c2nccs2)C1
c1ccc2c(c1)CCCCCC2C1CCCC(c2nccs2)C1
c1ccc2c(c1)CCCCCC2C1CCC2CC2(c2nccs2)C1
c1ccc2c(c1)CCCCCC2C1CCC2CC2(c2nccs2)C1
c1ccc2c(c1)CCCCCC2C1CCC2CC2(c2nccs2)C1
c1ccc2c(c1)CCCCC2C1CCC2CC2(c2nccs2)C1
c1ccc2c(c1)CCCC2C1CCC2CC2(c2nccs2)C1
c1ccc2c(c1)CCC1CC3(c4nccs4)CC3CCCC21
c1ccc2c(c1)CCC1CC3(c4nccs4)CC3CCC21
c1ccc2c(c1)CCC1CC3(c4nccs4)CC3CC21
c1ccc2c(c1)CCC1CC3(c4nccs4)CC3CC21
c1ccc2c(c1)CCC1CC3(c4nccs4)CC3CC21
c1ccc2c(c1)CCC1CC3(c4nccs4)CC3CC21
c1ccc2c(c1)CCC1CC3(c4nccs4)CC3CC21
c1ccc2c(c1)CCC1CC(c3nccs3)CCC21
c1ccc2c(c1)CCC1CC(c3nccs3)CCC21
c1ccc2c(c1)CCC1CC(c3nccs3)CCC21
O=S(=O)(NCCOc1ccc2c(cnn2-c2ccccc2)c1)c1ccccc1
c1ccc(COc2ccc3c(cnn3-c3ccccc3)c2)cc1
c1ccc(-n2ncc3cc4c(cc32)-c2ccccc2CO4)cc1
c1ccc(-n2ncc3cc4c(cc32)-c2ccccc2CCO4)cc1
c1ccc(-n2ncc3cc4c(cc32)-c2ccccc2CCO4)cc1
c1ccc(-c2c3c(cc4[nH]ncc24)-c2ccccc2CCO3)cc1
c1ccc(-c2c3c(cc4[nH]ccc24)-c2ccccc2CCO3)cc1
c1ccc(-c2c3c(cc4[nH]ccc24)-c2ccccc2CCO3)cc1
c1ccc(-c2c3c(cc4[nH]ccc24)-c2ccccc2CCO3)cc1
c1ccc(-c2c3c(cc4[nH]ccc24)-c2ccccc2CCO3)cc1
c1ccc(-c2c3c(cc4[nH]ccc24)-c2ccccc2CCO3)cc1
c1ccc(-c2c3c(cc4[nH]ccc24)-c2ccccc2CCO3)cc1
c1ccc(-c2c3c(cc4[nH]ccc24)-c2ccccc2CCO3)cc1
c1ccc(-c2c3c(cc4[nH]ccc24)-c2ccccc2CCO3)cc1
c1ccc(-c2c3c(cc4[nH]ccc24)-c2ccccc2CCO3)cc1
c1ccc(-c2c3c(cc4[nH]ccc24)-c2ccccc2CCO3)cc1
c1ccc(-c2c3c(cc4[nH]ccc24)-c2ccccc2CCO3)cc1
c1ccc(-c2c3c(cc4[nH]ccc24)-c2ccccc2CCO3)cc1
c1ccc(-c2c3c(cc4[nH]ccc24)-c2ccccc2CCO3)cc1
c1ccc(-c2c3c(cc4[nH]ccc24)-c2ccccc2CCO3)cc1
c1ccc(-c2c3c(cc4[nH]ccc24)-c2ccccc2CCO3)cc1
c1ccc(-c2c3c(cc4[nH]ccc24)-c2ccccc2CCO3)cc1
c1ccc(-c2c3c(cc4[nH]ccc24)-c2ccccc2CCO3)cc1
c1ccc(-c2c3c(cc4[nH]ccc24)-c2ccccc2CCO3)cc1
c1ccc(-c2c3c(cc4[nH]ccc24)-c2ccccc2CCO3)cc1
c1ccc(-c2c3c(cc4[nH]ccc24)-c2ccccc2CCO3)cc1
c1ccc(CCCc2cc3cc4c(cc3[nH]2)-c2ccccc2CCO4)cc1
c1ccc(CCc2cc3cc4c(cc3[nH]2)-c2ccccc2CCO4)cc1
c1ccc(CCc2cc3cc4c(cc3[nH]2)-c2ccccc2CCO4)cc1
c1ccc(CCc2cc3cc4c(cc3[nH]2)-c2ccccc2CCO4)cc1
c1ccc(CCc2cc3cc4c(cc3[nH]2)-c2ccccc2CCO4)cc1
c1ccc(CCc2cc3cc4c(cc3[nH]2)-c2ccccc2CCO4)cc1
c1ccc(CCc2cc3cc4c(cc3[nH]2)-c2ccccc2CCO4)cc1
c1ccc(CCc2cc3cc4c(cc3[nH]2)-c2ccccc2CCO4)cc1
c1ccc(CCc2cc3cc4c(cc3[nH]2)-c2ccccc2CCO4)cc1
c1ccc(CCc2cc3cc4c(cc3[nH]2)-c2ccccc2CCO4)cc1
c1ccc(CCc2cc3cc4c(cc3[nH]2)-c2ccccc2CCO4)cc1
c1ccc(CCc2cc3cc4c(cc3[nH]2)-c2ccccc2CCO4)cc1
c1ccc(CCc2cc3cc4c(cc3[nH]2)-c2ccccc2CCO4)cc1
c1ccc(CCc2cc3cc4c(cc3[nH]2)-c2ccccc2CCO4)cc1
c1ccc(CCc2cc3cc4c(cc3[nH]2)-c2ccccc2CCO4)cc1
c1ccc(CCc2cc3cc4c(cc3[nH]2)-c2ccccc2CCO4)cc1
c1ccc(CCc2cc3cc4c(cc3[nH]2)-c2ccccc2CCO4)cc1
c1ccc(CCc2cc3cc4c(cc3[nH]2)-c2ccccc2CCO4)cc1
c1ccc2c(c1)CCOc1cc3cc(CCc4cccc5c4OC5)[nH]c3cc1-2
c1ccc2c(c1)CCOc1cc3cc(CCc4cccc5c4OCC5)[nH]c3cc1-2
c1ccc2c(c1)COc1cc3cc(CCc4cccc5c4OCC5)[nH]c3cc1-2
c1ccc2c(c1)COc1cc3cc(CCc4cccc5c4OCC5)[nH]c3cc1-2
c1ccc(-c2ccc3cc(CCc4cccc5c4OCC5)[nH]c3c2)cc1
c1ccc(-c2ccc3cc(CCc4cccc5c4OCC5)[nH]c3c2)cc1
c1ccc(-c2ccc3cc(CCc4cccc5c4OCC5)[nH]c3c2)cc1
c1ccc(-c2ccc3cc(CCc4cccc5c4OCC5)[nH]c3c2)cc1
c1ccc(-c2ccc3cc(CCc4cccc5c4OCC5)[nH]c3c2)cc1
c1cc2c(c(CCc3cc4ccccc4[nH]3)c1)OCC2
c1cc2c(c(CCc3cc4ccccc4[nH]3)c1)OCC2
c1cc2c(c(CCc3cc4ccccc4[nH]3)c1)OCC2
c1cc2c(c(CCc3cc4ccccc4[nH]3)c1)OCC2
c1cc2c(c(CCc3cc4ccccc4[nH]3)c1)OCC2
c1cc2c(c(CCc3cc4ccccc4[nH]3)c1)OCC2
c1cc2c(c(CCc3cc4ccccc4[nH]3)c1)OCC2
c1cc2c(c(CCc3cc4ccccc4[nH]3)c1)OCC2
c1cc(CCCc2cc3ccccc3[nH]2)c2c(c1)CCO2
c1cc(CCCc2cc3ccccc3[nH]2)c2c(c1)CCO2
c1cc(CCCc2cc3ccccc3[nH]2)c2c(c1)CCO2
c1cc(CCCc2cc3ccccc3[nH]2)c2c(c1)CCO2
c1cc2c(c(CCc3cc4ccccc4[nH]3)c1)OCC2
c1cc2c(c(CCc3cc4ccccc4[nH]3)c1)OCC2
c1cc2c(c(CCc3cc4ccccc4[nH]3)c1)OCC2
c1cc2c(c(CCc3cc4ccccc4[nH]3)c1)OCC2
c1cc2c(c(CCc3cc4ccccc4[nH]3)c1)OCC2
c1cc2c(c(CCc3cc4ccccc4[nH]3)c1)OCC2
c1cc(CCCc2cc3ccccc3[nH]2)c2c(c1)CCO2
c1cc(CCCc2cc3ccccc3[nH]2)c2c(c1)CCO2
c1cc(CCCc2cc3ccccc3[nH]2)c2c(c1)CCO2
c1cc(CCCCc2cc3ccccc3[nH]2)c2c(c1)CCO2
c1cc(CCCCc2cc3ccccc3[nH]2)c2c(c1)CCO2
c1cc(CCCc2cc3ccccc3[nH]2)c2c(c1)CCO2
c1cc(CCCc2cc3ccccc3[nH]2)c2c(c1)CCO2
c1cc(CCCc2cc3ccccc3[nH]2)c2c(c1)CCO2
c1cc(CCCc2cc3ccccc3[nH]2)c2c(c1)CCO2
c1cc(CCCc2cc3ccccc3[nH]2)c2c(c1)CCO2
c1cc(CCCc2cc3ccccc3[nH]2)c2c(c1)CCO2
c1cc(CCCc2cc3ccccc3[nH]2)c2c(c1)CCO2
c1cc(CCCc2cc3ccccc3[nH]2)c2c(c1)CCO2
c1cc(CCCc2cc3ccccc3[nH]2)c2c(c1)CCO2
c1cc(CCCc2cc3ccccc3[nH]2)c2c(c1)CCO2
c1cc(CCCc2cc3ccccc3[nH]2)c2c(c1)CCO2
c1cc(CCCc2cc3ccccc3[nH]2)c2c(c1)CCO2
c1cc(CCCc2cc3ccccc3[nH]2)c2c(c1)CCO2
c1cc(CCCc2cc3ccccc3[nH]2)c2c(c1)CCO2
c1cc(CCCc2cc3ccccc3[nH]2)c2c(c1)CCO2
c1cc(CCCc2cc3ccccc3[nH]2)c2c(c1)CCO2
c1cc(CCCc2cc3ccccc3[nH]2)c2c(c1)CCO2
c1cc(CCCc2cc3ccccc3[nH]2)c2c(c1)CCO2
c1cc(CCCc2cc3ccccc3[nH]2)c2c(c1)CCO2
c1cc(CCCc2cc3ccccc3[nH]2)c2c(c1)CCO2
c1cc(CCCc2cc3ccccc3[nH]2)c2c(c1)CCO2
c1cc(CCCc2cc3ccccc3[nH]2)c2c(c1)CCO2
c1cc(CCCCc2cc3ccccc3[nH]2)c2c(c1)CCO2
c1cc(CCCCc2cc3ccccc3[nH]2)c2c(c1)CCO2
c1cc(CCCCc2cc3ccccc3[nH]2)c2c(c1)CCO2
c1cc(CCCCc2cc3ccccc3[nH]2)c2c(c1)CCO2
O=S(=O)(NCCOc1ccc2c(cnn2-c2ccccc2)c1)c1ccccc1
O=S(=O)(NCCOc1ccc2n(-c3ccccc3)nccc1-2)c1ccccc1
O=S(=O)(NCc1ccccc1-n1nccc2cccc1-2)c1ccccc1
O=S(=O)(CCc1ccccc1-n1nccc2cccc1-2)c1ccccc1
c1ccc(CCCc2ccccc2-n2nccc3cccc2-3)cc1
c1ccc(CCCc2ccccc2-n2nccc3cccc2-3)cc1
c1ccc(CCCCc2ccccc2-n2nccc3cccc2-3)cc1
c1ccc(CCCCc2ccccc2-n2nccc3cccc2-3)cc1
c1ccc(CCCCc2ccccc2-n2nccc3cccc2-3)cc1
c1ccc(CCCCc2ccccc2-n2nccc3cccc2-3)cc1
c1ccc(CCCCc2ccccc2-n2nccc3cccc2-3)cc1
c1ccc(CCCCc2ccccc2-n2nccc3cccc2-3)cc1
c1ccc(CCCCc2ccccc2-n2nccc3cccc2-3)cc1
c1ccc(CCCCc2ccccc2-n2nccc3cccc2-3)cc1
c1ccc(CCCCc2ccccc2-n2nccc3cccc2-3)cc1
c1ccc(CCCCCc2ccccc2-n2nccc3cccc2-3)cc1
c1ccc(CCCc2ccccc2-n2nccc3cccc2-3)cc1
c1ccc(CCCc2ccccc2-n2nccc3cccc2-3)cc1
c1ccc(OCCCc2ccccc2-n2nccc3cccc2-3)cc1
c1ccc(CCCCc2ccccc2-n2nccc3cccc2-3)cc1
c1ccc(CCCCc2ccccc2-n2nccc3cccc2-3)cc1
c1ccc(CCCCc2ccccc2-n2nccc3cccc2-3)cc1
c1ccc(CCCCCc2ccccc2-n2nccc3cccc2-3)cc1
c1ccc(CCCCCc2ccccc2Cn2nccc3cccc2-3)cc1
c1ccc(CCCCc2ccccc2Cn2nccc3cccc2-3)cc1
c1ccc(CCCCc2ccccc2Cn2nccc3cccc2-3)cc1
c1ccc(CCCCc2ccccc2-n2nccc3cccc2-3)cc1
c1ccc(CCCc2ccccc2-n2nccc3cccc2-3)cc1
c1ccc(CCCc2ccccc2-n2cccc3cccc2-3)cc1
c1ccc(CCCCc2ccccc2-n2cccc3cccc2-3)cc1
c1ccc(CCCCc2ccccc2-n2cccc3cccc2-3)cc1
c1ccc(CCCCCc2ccccc2-n2cccc3cccc2-3)cc1
c1ccc(CCCCCc2ccccc2-n2cccc3cccc2-3)cc1
c1ccc(CNCCCc2ccccc2-n2cccc3cccc2-3)cc1
c1ccc(CNCCCc2ccccc2-c2ccc3cccc-3[nH]2)cc1
c1ccc(CNCCCc2ccccc2-c2ccc3cccc-3[nH]2)cc1
c1ccc(CNCCCc2ccccc2-c2ccc3cccc-3[nH]2)cc1
c1ccc(CNCCCc2ccccc2-c2ccc3cccc-3[nH]2)cc1
c1ccc(CNCCCc2ccccc2-c2ccc3cccc-3[nH]2)cc1
c1ccc(CNCCCCc2ccccc2-c2ccc3cccc-3[nH]2)cc1
c1ccc(CNCCCCc2ccccc2-c2ccc3cccc-3o2)cc1
c1ccc(CNCCCc2ccccc2-c2ccc3cccc-3o2)cc1
c1ccc(CCCCCc2ccccc2-c2ccc3cccc-3o2)cc1
c1ccc(CCCCc2ccccc2-c2ccc3cccc-3o2)cc1
c1ccc(CCCCc2ccccc2-c2ccc3cccc-3o2)cc1
c1ccc(CCCCc2ccccc2-c2ccc3cccc-3o2)cc1
c1ccc(CCCc2ccccc2-c2ccc3cccc-3o2)cc1
c1ccc(CCCc2ccccc2-c2ccc3cccc-3o2)cc1
c1ccc(CCCc2ccccc2-c2ccc3cccc-3o2)cc1
c1ccc(CCCc2ccccc2-c2ccc3cccc-3o2)cc1
c1ccc(CCCc2ccccc2-c2ccc3cccc-3o2)cc1
c1ccc(CCCc2ccccc2-c2ccc3cccc-3o2)cc1
c1ccc(CCCc2ccccc2-c2ccc3cccc-3o2)cc1
c1ccc(CCCc2ccccc2-c2ccc3cccc-3o2)cc1
c1ccc(CCCc2ccccc2-c2ccc3cccc-3o2)cc1
c1ccc(CCCc2ccccc2-c2ccc3cccc-3o2)cc1
c1ccc(CCCc2ccccc2-c2ccc3cccc-3o2)cc1
c1ccc(CCCc2ccccc2-c2ccc3cccc-3o2)cc1
c1ccc(CC(Cc2ccccc2-c2ccc3cccc-3o2)C2CCCC2)cc1
c1ccc(CCCc2ccccc2-c2ccc3cccc-3o2)cc1
c1ccc(CCCc2ccccc2-c2ccc3cccc-3o2)cc1
c1ccc(CCCc2ccccc2-c2ccc3cccc-3o2)cc1
c1ccc(CCCc2ccccc2-c2ccc3cccc-3o2)cc1
c1ccc(CCCc2ccccc2-c2ccc3cccc-3o2)cc1
c1ccc(CCCc2ccccc2-c2ccc3cccc-3o2)cc1
c1ccc(CCCc2ccccc2-c2ccc3cccc-3o2)cc1
c1ccc(CCCc2ccccc2-c2ccc3cccc-3o2)cc1
c1ccc(CCCc2ccccc2-c2ccc3cccc-3o2)cc1
c1ccc(CCCc2ccccc2-c2ccc3cccc-3o2)cc1
c1ccc(CCCc2ccccc2-c2ccc3cccc-3o2)cc1
c1ccc(CCCc2ccccc2-c2ccc3cccc-3o2)cc1
c1ccc(CCCc2ccccc2Cc2ccc3cccc-3o2)cc1
c1ccc(CCCc2ccccc2Cc2ccc3cccc-3o2)cc1
c1ccc(CCCc2ccccc2-c2ccc3cccc-3o2)cc1
c1ccc(CCCCc2ccccc2-c2ccc3cccc-3o2)cc1
c1ccc(CCCCc2ccccc2-c2ccc3cccc-3o2)cc1
c1ccc(CCCCc2ccccc2-c2ccc3cccc-3o2)cc1
c1ccc(CCCc2ccccc2-c2ccc3cccc-3o2)cc1
c1ccc(CCCc2ccccc2-c2ccc3cccc-3o2)cc1
c1ccc(CCCc2ccccc2-c2ccc3cccc-3o2)cc1
c1ccc(CCCc2ccccc2-c2ccc3cccc-3o2)cc1
c1ccc(CCCc2ccccc2-c2ccc3cccc-3o2)cc1
c1ccc(CCCc2ccccc2-c2ccc3cccc-3o2)cc1
c1ccc(CCCc2ccccc2-c2ccc3cccc-3o2)cc1
c1ccc(CCCc2ccccc2-c2ccc3cccc-3o2)cc1
c1ccc(CCCc2ccccc2-c2ccc3cccc-3o2)cc1
c1ccc(CCCc2ccccc2-c2ccc3cccc-3o2)cc1
c1ccc(CCCc2ccccc2-c2ccc3cccc-3o2)cc1
c1ccc(CCCc2ccccc2-c2ccc3cccc-3o2)cc1
c1ccc(CCCCc2ccccc2-c2ccc3cccc-3o2)cc1
c1ccc(CCOCc2ccccc2-c2ccc3cccc-3o2)cc1
c1ccc(CCCCc2ccccc2-c2ccc3cccc-3o2)cc1
c1ccc(CCCCc2ccccc2-c2ccc3cccc-3o2)cc1
c1ccc(CCCCc2ccccc2-c2ccc3cccc-3o2)cc1
C(=CCc1ccccc1-c1ccc2cccc-2o1)Cc1ccccc1
c1ccc(CCc2ccccc2-c2ccc3cccc-3o2)cc1
c1ccc(CCc2ccccc2-c2ccc3cccc-3o2)cc1
c1ccc(CCc2ccccc2-c2ccc3cccc-3o2)cc1
c1ccc(CCc2ccccc2-c2ccc3cccc-3o2)cc1
c1ccc(CCc2ccccc2-c2ccc3cccc-3o2)cc1
c1ccc(CCc2ccccc2-c2ccc3cccc-3o2)cc1
c1ccc(CCc2ccccc2-c2ccc3cccc-3o2)cc1
c1ccc(CCc2ccccc2-c2ccc3cccc-3o2)cc1
c1ccc(CCc2ccccc2-c2ccc3cccc-3o2)cc1
c1ccc(CCc2ccccc2-c2ccc3cccc-3o2)cc1
c1ccc(CCc2ccccc2-c2ccc3cccc-3o2)cc1
c1ccc(CCc2ccccc2-c2ccc3cccc-3o2)cc1
c1ccc(CCc2ccccc2-c2ccc3cccc-3o2)cc1
c1ccc(CCc2ccccc2-c2ccc3cccc-3o2)cc1
c1ccc(CCc2ccccc2-c2ccc3cccc-3o2)cc1
c1ccc(CCc2ccccc2-c2ccc3cccc-3o2)cc1
c1ccc(CCc2ccccc2-c2ccc3cccc-3o2)cc1
c1ccc(CCc2ccccc2-c2ccc3cccc-3o2)cc1
c1ccc(CCc2ccccc2-c2ccc3cccc-3o2)cc1
c1ccc(CCc2ccccc2-c2ccc3cccc-3o2)cc1
c1ccc(CCc2ccccc2-c2ccc3cccc-3o2)cc1
c1ccc(CCc2ccccc2-c2ccc3cccc-3o2)cc1
c1ccc(CCc2ccccc2-c2ccc3cccc-3o2)cc1
c1ccc(CCc2ccccc2-c2ccc3cccc-3o2)cc1
c1ccc(CCc2ccccc2-c2ccc3cccc-3o2)cc1
c1ccc(CCc2ccccc2-c2ccc3cccc-3o2)cc1
c1ccc(CCc2ccccc2-c2ccc3cccc-3o2)cc1
c1ccc(CCc2ccccc2-c2ccc3cccc-3o2)cc1
c1ccc(CCCc2ccccc2-c2ccc3cccc-3o2)cc1
c1ccc(CCCc2ccccc2-c2ccc3cccc-3o2)cc1
c1ccc(CCCc2ccccc2-c2ccc3cccc-3o2)cc1
c1ccc(CCCc2ccccc2-c2ccc3cccc-3o2)cc1
c1ccc(CCCc2ccccc2-c2ccc3cccc-3o2)cc1
c1ccc(CCCc2ccccc2-c2ccc3cccc-3o2)cc1
c1ccc(CCCc2ccccc2-c2ccc3cccc-3o2)cc1
c1ccc(CCCc2ccccc2-c2ccc3cccc-3o2)cc1
c1ccc(CCCc2ccccc2-c2ccc3cccc-3o2)cc1
c1ccc(CCCc2ccccc2-c2ccc3cccc-3o2)cc1
c1ccc(CCCc2ccccc2-c2ccc3cccc-3o2)cc1
C(=Cc1c2cccc1-2)c1ccccc1CCCc1ccccc1
C(=Cc1c2cccc1-2)c1ccccc1CCCc1ccccc1
c1ccc(CCCc2ccccc2CCc2c3cccc2-3)cc1
c1ccc(CCCc2ccccc2CCc2c3cccc2-3)cc1
c1ccc(CC(CCc2c3cccc2-3)Cc2ccccc2)cc1
c1ccc(CC(CCc2c3cccc2-3)Cc2ccccc2)cc1
c1ccc(CC(Cc2ccccc2)Cc2c3cccc2-3)cc1
c1ccc(CC(Cc2ccccc2)Cc2c3cccc2-3)cc1
c1ccc(CC(Cc2ccccc2)c2c3cccc2-3)cc1
c1ccc(CC(Cc2ccccc2)c2c3cccc2-3)cc1
c1ccc(CC(Cc2ccccc2)c2c3cccc2-3)cc1
c1ccc(CCC(Cc2ccccc2)c2c3cccc2-3)cc1
c1ccc(CCC(Cc2ccccc2)c2c3cccc2-3)cc1
C1=CC(C(CCc2ccccc2)Cc2ccccc2)C=C1
c1ccc(CCCCc2ccccc2)cc1
c1ccc(CCCCc2ccccc2)cc1
c1ccc(CCCCc2ccccc2)cc1
c1ccc(CCCCc2ccccc2)cc1
c1ccc(CCCCc2ccccc2)cc1
c1ccc(CCCCc2ccccc2)cc1
c1ccc(CCCCc2ccccc2)cc1
c1ccc(CCCCc2ccccc2)cc1
c1ccc(CCCCc2ccccc2)cc1
c1ccc(CCCCc2ccccc2)cc1
c1ccc(CCCCc2ccccc2)cc1
c1ccc(CCCCc2ccccc2)cc1
c1ccc(CCCCc2ccccc2)cc1
c1ccc(CCCCc2ccccc2)cc1
c1ccc(CCCCc2ccccc2)cc1
c1ccc(CCCCc2ccccc2)cc1
c1ccc(CCCCc2ccccc2)cc1
c1ccc(CCCCc2ccccc2)cc1
c1ccc(CCCCc2ccccc2)cc1
c1ccc(CCCCc2ccccc2)cc1
c1ccc(CCCCc2ccccc2)cc1
c1ccc(CCCCc2ccccc2)cc1
c1ccc(CCCCc2ccccc2)cc1
O=S(=O)(NCCOc1ccc2c(cnn2-c2ccccc2)c1)c1ccccc1
O=S(=O)(NCC1Oc2ccc3c(cnn3-c3ccccc3)c21)c1ccccc1
O=S(=O)(NCCc1cccc2c1cnn2-c1ccccc1)c1ccccc1
c1ccc(Cc2cccc3c2cnn3-c2ccccc2)cc1
c1ccc(Cc2cccc3c2cnn3-c2ccccc2)cc1
c1ccc(Cc2cccc3c2cnn3-c2ccccc2)cc1
c1ccc(Cc2cccc3c2cnn3-c2ccccc2)cc1
c1ccc(Cc2cccc3c2cnn3-c2ccccc2)cc1
c1ccc(Cc2cccc3c2cnn3-c2ccccc2)cc1
c1ccc(Cc2cccc3c2cnn3-c2ccccc2)cc1
c1ccc(Cc2cccc3c2cnn3-c2ccccc2)cc1
c1ccc(Cc2cccc3c2cnn3-c2ccccc2)cc1
c1ccc(Cc2cccc3c2cnn3-c2ccccc2)cc1
c1ccc(Cc2cccc3c2cnn3-c2ccccc2)cc1
c1ccc(Cc2cccc3c2cnn3-c2ccccc2)cc1
c1ccc(Cc2cccc3c2cnn3-c2ccccc2)cc1
c1ccc(Cc2cccc3c2cnn3-c2ccccc2)cc1
c1ccc(Cc2cccc3c2cnn3-c2ccccc2)cc1
c1ccc(Cc2cccc3c2cnn3-c2ccccc2)cc1
c1ccc(Cc2cccc3c2cnn3-c2ccccc2)cc1
c1ccc(Cc2cccc3c2cnn3-c2ccccc2)cc1
c1ccc(Cc2cccc3c2cnn3-c2ccccc2)cc1
c1ccc(Cc2cccc3c2cnn3-c2ccccc2)cc1
c1ccc(NCc2cccc3c2cnn3-c2ccccc2)cc1
c1ccc(NCc2cccc3c2cnn3-c2ccccc2)cc1
c1ccc(NCc2cccc3c2cnn3-c2ccccc2)cc1
c1ccc(NCc2ccc3cnn(-c4ccccc4)c3c2)cc1
c1ccc(NCCc2ccc3cnn(-c4ccccc4)c3c2)cc1
c1ccc(NCCc2cccc3c2cnn3-c2ccccc2)cc1
c1ccc(NCCCc2cccc3c2cnn3-c2ccccc2)cc1
c1ccc(NCCCc2cccc3c2cnn3-c2ccccc2)cc1
c1ccc(NCCNc2cccc3c2cnn3-c2ccccc2)cc1
c1ccc(NCCNc2cccc3c2cnn3-c2ccccc2)cc1
c1ccc(NCCNc2cccc3c2cnn3-c2ccccc2)cc1
c1ccc(NCCNc2cccc3c2cnn3-c2ccccc2)cc1
c1ccc(NCCNc2cccc3c2cnn3-c2ccccc2)cc1
c1ccc(NCCNc2cccc3c2cnn3-c2ccccc2)cc1
c1ccc(NCCCNc2cccc3c2cnn3-c2ccccc2)cc1
c1ccc(NCCCCNc2cccc3c2cnn3-c2ccccc2)cc1
c1ccc(NCCCCNc2cccc3c2cnn3-c2ccccc2)cc1
c1ccc(NCCCCNc2cccc3c2cnn3-c2ccccc2)cc1
c1ccc(NCCCCNc2cccc3c2cnn3-c2ccccc2)cc1
c1ccc(NCCCCCNc2cccc3c2cnn3-c2ccccc2)cc1
c1ccc(NCCCCCNc2cccc3c2cnn3-c2ccccc2)cc1
c1ccc(NCCCCCNc2cccc3c2cnn3-c2ccccc2)cc1
c1ccc(NCCCCCNc2cccc3c2cnn3-c2ccccc2)cc1
c1ccc(NCCCCNc2cccc3c2cnn3-c2ccccc2)cc1
c1ccc(NCCCNc2cccc3c2cnn3-c2ccccc2)cc1
c1ccc(NCCCNc2cccc3c2cnn3-c2ccccc2)cc1
c1ccc(NCCCNc2cccc3c2cnn3-c2ccccc2)cc1
c1ccc(NCCCNc2cccc3c2cnn3-c2ccccc2)cc1
c1ccc(NCCCNc2cccc3c2cnn3-c2ccccc2)cc1
c1ccc(NCCCCNc2cccc3c2cnn3-c2ccccc2)cc1
c1ccc(NCCCCNc2cccc3c2cnn3-c2ccccc2)cc1
c1ccc(NCCCNc2cccc3c2cnn3-c2ccccc2)cc1
c1ccc(NCCNc2cccc3c2cnn3-c2ccccc2)cc1
c1ccc(NCCNc2cccc3c2cnn3-c2ccccc2)cc1
c1ccc(NCCNc2cccc3c2cnn3-c2ccccc2)cc1
c1ccc(CCCNc2cccc3c2cnn3-c2ccccc2)cc1
c1ccc(CCCNc2cccc3c2cnn3-c2ccccc2)cc1
c1ccc(CCCNc2cccc3c2cnn3-c2ccccc2)cc1
c1ccc(CCNc2cccc3c2cnn3-c2ccccc2)cc1
c1ccc(CCNc2cccc3c2cnn3-c2ccccc2)cc1
c1ccc(CCNc2cccc3c2cnn3-c2ccccc2)cc1
O=C(CCNc1cccc2c1cnn2-c1ccccc1)NCCCNc1ccccc1
O=C(CCNc1cccc2c1cnn2-c1ccccc1)NCCCNc1ccccc1
O=C(CCNc1cccc2c1cnn2-c1ccccc1)NCCCNc1ccccc1
O=C(NCCCNc1ccccc1)c1cccc(-n2ncc3ccccc32)c1
O=C(NCCCNc1cccc(-n2ncc3ccccc32)c1)c1ccccc1
O=C(NCCCNc1cccc(-n2ncc3ccccc32)c1)c1ccccc1
O=C(NCCCNc1cccc(-n2ncc3ccccc32)c1)c1ccccc1
O=C(NCCCNc1cccc(-n2ncc3ccccc32)c1)c1ccccc1
O=C(NCCCNc1cccc(-n2ncc3ccccc32)c1)c1ccccc1
O=C(NCCCNc1cccc(-n2ncc3ccccc32)c1)c1ccccc1
O=C(NCCCNc1cccc(-n2ncc3ccccc32)c1)c1ccccc1
O=C(NCCCNNCNc1cccc2c1cnn2-c1ccccc1)c1ccccc1
O=C(NCCCNCNc1cccc2c1cnn2-c1ccccc1)c1ccccc1
O=C(NCCCNNc1cccc2c1cnn2-c1ccccc1)c1ccccc1
O=C(NCCCNNc1cccc2c1cnn2-c1ccccc1)c1ccccc1
O=C(NCCCNc1cccc2c1cnn2-c1ccccc1)c1ccccc1
O=C(NCCCNc1cccc2c1cnn2-c1ccccc1)c1ccccc1
O=S(=O)(NCCOc1ccc2c(cnn2-c2ccccc2)c1)c1ccccc1
O=S(=O)(NCCOc1ccc2c(cnn2-c2ccccc2)c1)c1ccccc1
O=S(=O)(NCCOc1ccc2c(cnn2-c2ccccc2)c1)c1ccccc1
O=S(=O)(NCCOc1ccc2c(cnn2-c2ccccc2)c1)c1ccccc1
O=S(NCCOc1ccc2c(cnn2-c2ccccc2)c1)c1ccccc1
O=C(NCCOc1ccc2c(cnn2-c2ccccc2)c1)c1ccccc1
O=C(NCCOc1ccc2c(cnn2C2=CCC=C2)c1)c1ccccc1
O=C(NCCOc1ccc2c(cnn2C2=CCC2)c1)c1ccccc1
O=C(NCCOc1ccc2c(cnn2C2=CCC2)c1)c1ccccn1
O=C(NCCOc1ccc2c(cnn2C2CC2)c1)c1ccccn1
O=C(NCCOc1ccc(NC2CC2)cc1)c1ccccn1
O=C(NCCOc1ccc(NNC2CC2)cc1)c1ccccn1
O=C(NCCOc1ccc(NNC2CC2)cc1)c1ccccn1
O=C(NCCOc1ccc(CNC2CC2)cc1)c1ccccn1
O=C(NCCOc1ccc(CNC2CC2)cc1)c1ccccn1
O=C(NCCOc1ccc(CNC2CCC2)cc1)c1ccccn1
O=C(NCCOc1ccc(CNC2CCC2)cc1)c1ccccn1
O=C(NCCCOc1ccc(CNC2CCC2)cc1)c1ccccn1
O=C(NCCCOc1ccc(CNC2CCC2)cc1)c1ccccn1
N=C(NC1CCC1)c1ccc(OCCCNC(=O)c2ccccn2)cc1
N=C(NC1CCCC1)c1ccc(OCCCNC(=O)c2ccccn2)cc1
N=C(NC1CCCCC1)c1ccc(OCCCNC(=O)c2ccccn2)cc1
N=C(NC1CCCCC1)c1ccc(OCCCNC(=O)c2ccccn2)cc1
N=C(NC1CCCCC1)c1ccc(OCCCNC(=O)c2ccccn2)cn1
N=C(NC1CCCCC1)c1ccc(OCCCNC(=O)c2ccccn2)cn1
N=C(NC1CCCCC1)c1ccc(OCCNC(=O)c2ccccn2)cn1
O=C(NCCOc1ccc(C(=O)NC2CCCCC2)nc1)c1ccccn1
O=C(NCCCOc1ccc(C(=O)NC2CCCCC2)nc1)c1ccccn1
O=C(NCCCOc1ccc(C(=O)NC2CCCCC2)nc1)c1ccccc1
O=C(NC1CCCCC1)c1ccc(OCCCNCc2ccccc2)cn1
O=C(NC1CCCCC1)c1ccc(OCCNNCc2ccccc2)cn1
O=C(NC1CCCCC1)c1ccc(OCCNNCc2ccccc2)cn1
O=C(NC1CCCCC1)c1ccc(OCCNCc2ccccc2)cn1
O=C(NC1CCCCC1)c1ccc(OCc2ccccc2)cn1
O=C(NC1CCCCC1)c1ccc(OCc2ccccc2)cn1
O=C(NC1CCCCC1)c1ccc(OCc2ccccc2)cn1
O=C(NC1CCCCC1)c1ccc(OCc2ccccc2)cn1
O=C(NC1CCCCC1)c1ccc(OCc2ccccc2)cn1
O=C(NC1CCCCC1)c1ccc(OCc2ccccc2)cn1
O=C(NC1CCCCC1)c1ccc(OCc2ccccc2)cn1
O=C(NC1CCCCCC1)c1ccc(OCc2ccccc2)cn1
O=C(NC1CCCCCC1)c1ccc(OCc2ccccc2)cn1
O=C(NC1CCCCCC1)c1ccc(OCc2ccccc2)cn1
O=C(NC1CCCCCC1)c1ccc(OCc2ccccc2)cn1
O=C(NC1CCCCCCC1)c1ccc(OCc2ccccc2)cn1
O=C(NC1CCCCCCC1)c1ccc(OCc2ccccc2)cn1
O=C(NC1CCCCCCC1)c1ccc(OCc2ccccc2)cn1
O=C(NC1CCCCCC1)c1ccc(OCc2ccccc2)cn1
O=C(NC1CCCCC1)c1ccc(OCc2ccccc2)cn1
O=C(NC1CCCC1)c1ccc(OCc2ccccc2)cn1
O=C(NC1CCCC1)c1ccc(OCc2ccccc2)cn1
O=C(NC1CCCC1)c1ccc(OCc2ccccc2)cn1
O=C(NC1CCCCC1)c1ccc(OCc2ccccc2)cn1
O=C(NC1CCCCCC1)c1ccc(OCc2ccccc2)cn1
O=C(NC1CCCCCC1)c1ccc(OCc2ccccc2)cn1
O=C(NC1CCCCCC1)c1ccc(OCc2ccccc2)cn1
O=C(NC1CCCCC1)c1ccc(OCc2ccccc2)cn1
O=S(=O)(NCCOc1ccc2c(cnn2-c2ccccc2)c1)c1ccccc1
O=S(=O)(NCCOc1ccc2c(cnn2-c2ccccc2)c1)c1ccccc1
O=S1(=O)NC(COc2ccc3c(cnn3-c3ccccc3)c2)CCc2ccccc21
O=S1(=O)NC(COc2ccc3c(cnn3-c3ccccc3)c2)CCc2ccccc21
O=S1(=O)NC(COc2ccc3c(cnn3-c3ccccc3)c2)CCc2ccccc21
O=S1(=O)NC(Oc2ccc3c(cnn3-c3ccccc3)c2)CCc2ccccc21
O=S1(=O)NC(Oc2ccc3c(cnn3-c3ccccc3)c2)CCCc2ccccc21
O=S1(=O)NC(Oc2ccc3c(cnn3-c3ccccc3)c2)CCCc2ccccc21
O=S1(=O)NC(Cc2ccc3c(cnn3-c3ccccc3)c2)CCCc2ccccc21
O=S1(=O)NC(c2ccc3c(cnn3-c3ccccc3)c2)CCCc2ccccc21
O=S1(=O)NC(c2ccc3c(cnn3Cc3ccccc3)c2)CCCc2ccccc21
O=S1(=O)NC(c2ccc3c(cnn3Cc3ccccc3)c2)CCCc2ccccc21
O=S1(=O)NC(c2ccc3c(cnn3Cc3ccccc3)c2)CCCc2ccccc21
O=S1NC(c2ccc3c(cnn3Cc3ccccc3)c2)CCCc2ccccc21
O=S1CC(c2ccc3c(cnn3Cc3ccccc3)c2)CCCc2ccccc21
O=S1CC(c2ccc3c(cnn3Cc3ccccc3)c2)CCCc2ccccc21
c1ccc(Cn2ncc3cc(C4CCCc5ccccc5SC4)ccc32)cc1
c1ccc(Cn2ncc3cc(C4CCCc5ccccc5SC4)ccc32)cc1
c1ccc(Cn2ncc3cc(C4CCCc5ccccc5CC4)ccc32)cc1
c1ccc(Cn2ncc3cc(C4CCCc5ccccc5C4)ccc32)cc1
c1ccc(Cn2ncc3cc(C4CCCc5ccccc5CC4)ccc32)cc1
c1ccc(Cn2ncc3cc(C4CCCc5ccccc5CC4)ccc32)cc1
c1ccc(Cn2ncc3cc(CCC4CCCCCc5ccccc54)ccc32)cc1
c1ccc(Cn2ncc3cc(CCC4CCCCCc5ccccc54)ccc32)cc1
c1ccc(Cn2ncc3cc(CCC4CCCCc5ccccc54)ccc32)cc1
c1ccc(Cn2ncc3cc(CCC4CCCCc5ccccc54)ccc32)cc1
c1ccc(Cn2ncc3cc(CCC4CCCc5ccccc54)ccc32)cc1
c1ccc(CCn2ncc3cc(CCC4CCCc5ccccc54)ccc32)cc1
c1ccc2c(c1)CCCC2CCc1ccc2[nH]ncc2c1
c1ccc2c(c1)CCCC2CCc1ccc2[nH]ncc2c1
c1ccc2c(c1)CCCC2CCc1ccc2[nH]ncc2c1
c1ccc2c(c1)CCCC2CCc1ccc2[nH]ncc2c1
c1ccc2c(c1)CCCC2CCc1ccc2[nH]ncc2c1
c1ccc2c(c1)CCCC2CCc1ccc2[nH]ncc2c1
c1ccc2c(c1)CCCC2CCc1ccc2[nH]ncc2c1
c1ccc2c(c1)CCCC2CCc1ccc2[nH]ncc2c1
c1ccc2c(c1)CCCC2CCc1ccc2[nH]ncc2c1
c1ccc2c(c1)CCCC2CCc1ccc2[nH]ncc2c1
c1ccc2c(c1)CCCC2CCc1ccc2[nH]ncc2c1
c1ccc2c(c1)CCCC2CCc1ccc2[nH]ncc2c1
c1ccc2c(c1)CCCC2CCc1ccc2[nH]ncc2c1
c1ccc2c(c1)CCCC2CCc1ccc2[nH]ncc2c1
c1ccc2c(c1)CCCC2CCc1ccc2[nH]ncc2c1
c1ccc2c(c1)CCCC2CCc1ccc2[nH]ncc2c1
c1ccc2c(c1)CCCC2CCc1ccc2[nH]ncc2c1
c1ccc2c(c1)CCCC2CCc1ccc2[nH]ncc2c1
c1ccc2c(c1)CCCC2CCc1ccc2[nH]ncc2c1
c1ccc2c(c1)CCCC2CCc1ccc2[nH]ncc2c1
c1ccc2c(c1)CCCC2CCc1ccc2[nH]ncc2c1
c1ccc2c(c1)CCCC2CCc1ccc2[nH]ncc2c1
c1ccc2c(c1)CCCC2CCc1ccc2[nH]ncc2c1
O=C(NCCCCC1CCCc2ccccc21)c1ccc2cn[nH]c2c1
O=C(NCCCCC1CCCc2ccccc21)c1ccc2cn[nH]c2c1
O=C(NCCCCC1CCCc2ccccc21)c1ccc2cn[nH]c2c1
O=C(NCCCCC1CCCc2ccccc21)c1ccc2cn[nH]c2c1
O=C(NCCCCC1CCCc2ccccc21)c1ccc2cn[nH]c2c1
O=C(NCCCC1CCCc2ccccc21)c1ccc2cn[nH]c2c1
O=C(NCCCC1CCCc2ccccc21)c1ccc2cn[nH]c2c1
O=C(NCCCC1CCCc2ccccc21)c1ccc2cn[nH]c2c1
O=C(NCCCC1CCCc2ccccc21)c1ccc2cn[nH]c2c1
O=C(NCCCC1CCCc2ccccc21)c1ccc2cn[nH]c2c1
O=C(NCCCC1CCCc2ccccc21)c1ccc2cn[nH]c2c1
O=C(NCCCC1CCCc2ccccc21)c1ccc2cn[nH]c2c1
O=C(NCCCC1CCCc2ccccc21)c1ccc2cn[nH]c2c1
O=C(NCCCC1CCCc2ccccc21)c1ccc2cn[nH]c2c1
O=C(NCCCC1CCCc2ccccc21)c1ccc2cn[nH]c2c1
O=C(NCCCC1CCCc2ccccc21)c1ccc2cn[nH]c2c1
O=C(NCCCC1CCCc2ccccc21)c1ccc2cn[nH]c2c1
O=C(NCCCC1CCCc2ccccc21)c1ccc2cn[nH]c2c1
O=C(NCCCC1CCCc2ccccc21)c1ccc2cn[nH]c2c1
O=C(NCCCC1CCCc2ccccc21)c1ccc2cn[nH]c2c1
O=C(NCCCC1CCCc2ccccc21)c1ccc2cn[nH]c2c1
O=C(NCCCC1CCCc2ccccc21)c1ccc2cn[nH]c2c1
O=C(NCCCC1CCCc2ccccc21)c1ccc2cn[nH]c2c1
O=C(NCCCC1CCCCc2ccccc21)c1ccc2cn[nH]c2c1
O=C(NCCCC1CCCCc2ccccc21)c1ccc2cn[nH]c2c1
O=C(NCCCC1CCCCc2ccccc21)c1ccc2cn[nH]c2c1
O=C(NCCCC1CCCCc2ccccc21)c1ccc2cn[nH]c2c1
O=C(NCCCC1CCCc2ccccc21)c1ccc2cn[nH]c2c1
O=C(NCCCC1CCCc2ccccc21)c1ccc2cn[nH]c2c1
O=C(NCCCC1CCCc2ccccc21)c1ccc2cn[nH]c2c1
O=C(NCCCC1CCCc2ccccc21)c1ccc2cn[nH]c2c1
O=C(NCCCC1CCCc2ccccc21)c1ccc2cn[nH]c2c1
O=C(NCCCC1CCCc2ccccc21)c1ccc2cn[nH]c2c1
O=C(NCCCC1CCCc2ccccc21)c1ccc2cn[nH]c2c1
O=C(NCCCC1CCc2ccccc21)c1ccc2cn[nH]c2c1
O=C(NCCCC1CCc2ccccc21)c1ccc2cn[nH]c2c1
O=C(NCCCC1CCc2ccccc21)c1ccc2cn[nH]c2c1
O=C(NCCCC1CCCc2ccccc21)c1ccc2cn[nH]c2c1
O=C(NCCCC1CCCCc2ccccc21)c1ccc2cn[nH]c2c1
O=C(NCCCC1CCCCc2ccccc21)c1ccc2cn[nH]c2c1
O=C(NCCCC1CCCc2ccccc21)c1ccc2cn[nH]c2c1
O=C(NCCCC1CCCc2ccccc21)c1cccc2[nH]ncc12
O=C(NCCCC1CCCc2ccccc21)C1=CCc2[nH]ncc21
O=C(NCCCC1CCCc2ccccc21)C1=CCc2[nH]ncc21
O=C(NCCCC1CCCc2ccccc21)C1=Cc2n[nH]cc21
O=C(NCCCC1CCCc2ccccc21)C1=Cc2n[nH]cc21
O=C(Cc1cn[nH]c1)NCCCC1CCCc2ccccc21
O=C(Cc1cn[nH]c1)NCCCC1CCCc2ccccc21
O=C(Cc1cn[nH]c1)NCCCC1CCCCc2ccccc21
O=C(Cc1cn[nH]c1)NCCCC1CCCCc2ccccc21
O=C(NCCCC1CCCCc2ccccc21)c1cn[nH]c1
O=C(Cc1ccn[nH]1)NCCCC1CCCCc2ccccc21
O=C(Cc1ccn[nH]1)NCCCC1CCCCc2ccccc21
O=C(Cc1ccn[nH]1)NCCCC1CCCCc2ccccc21
O=C(NCCCC1CCCCc2ccccc21)c1ccn[nH]1
O=C(NCCCC1CCCCc2ccccc21)c1ccn[nH]1
O=C(NCCCC1CCCCc2ccccc21)c1ccn[nH]1
O=C(NCCCC1CCCc2ccccc21)c1ccn[nH]1
O=C(NCCCC1CCCc2ccccc21)c1ccn[nH]1
O=C(NCCCC1CCCc2ccccc21)c1ccn[nH]1
O=C(NCCCC1CCCc2ccccc21)c1ccn[nH]1
O=C(NCCCC1CCCc2ccccc21)c1ccn[nH]1
O=C(NCCCC1CCCc2ccccc21)c1ccn[nH]1
c1ccc(CN(Cc2ccc(Oc3ccccc3)cc2)c2ccccc2)cc1
O=C(CCCOc1cccc(Oc2ccc(CN(Cc3ccccc3)c3ccccc3)cc2)c1)N1CC1
O=C(CCCOc1cccc(Oc2ccc(CN(Cc3ccccc3)c3ccccc3)cc2)c1)N1CCC1
O=C(CCCOc1cccc(Oc2ccc(CN(Cc3ccccc3)C3=CC=CC3)cc2)c1)N1CCC1
O=C(CCCOc1cccc(Oc2ccc(CN(Cc3ccccc3)C3=CC=CC3)cc2)c1)N1CCC1
O=C(CCCOc1cccc(Oc2ccc(CN(Cc3ccccc3)C3=CC=CC3)cc2)c1)N1CCC1
O=C(CCCSc1cccc(Oc2ccc(CN(Cc3ccccc3)C3=CC=CC3)cc2)c1)N1CCC1
O=C(CCSc1cccc(Oc2ccc(CN(Cc3ccccc3)C3=CC=CC3)cc2)c1)N1CCC1
O=C(CSc1cccc(Oc2ccc(CN(Cc3ccccc3)C3=CC=CC3)cc2)c1)N1CCC1
O=C(CSc1cccc(Oc2ccc(CN(Cc3ccccc3)C3=CC=CC3)cc2)c1)N1CCCC1
O=C(CSc1cccc(Oc2ccc(CN(Cc3ccccc3)C3=CC=CC3)cc2)c1)N1CCCC1
O=C(CSc1cccc(Oc2ccc(CN(Cc3ccccc3)C3=CC=CC3)cc2)n1)N1CCCC1
O=C(CSc1cccc(Oc2ccc(CN(Cc3ccccc3)NC3C=CC=C3)cc2)n1)N1CCCC1
O=C(CSc1cccc(Oc2ccc(CN(Cc3ccccc3)NC3C=CC=C3)cc2)n1)N1CCCC1
O=C(CSc1cccc(Oc2ccc(CN(Cc3ccccc3)CC3C=CC=C3)cc2)n1)N1CCCC1
O=C(CSc1cccc(Oc2ccc(CN(Cc3ccccc3)CC3C=CC=C3)cc2)n1)N1CCCC1
O=C(CSc1cccc(Oc2ccc(CN(Cc3ccccc3)CC3C=CC=C3)cc2)n1)N1CCCC1
O=C(CSc1cccc(Oc2ccc(CN(Cc3ccccc3)CC3C=CC=C3)cc2)n1)N1CCCC1
O=C(CSc1cccc(Oc2ccc(CN(Cc3ccccc3)CC3C=CC=C3)cc2)n1)N1CCCC1
O=C(CSc1cccc(Oc2ccc(CN(Cc3ccccc3)CC3C=CC=C3)cc2)n1)N1CCCC1
O=C(CSc1cccc(Oc2ccc3c(c2)CCSC(C2C=CC=C2)N(Cc2ccccc2)C3)n1)N1CCCC1
O=C(CSc1cccc(Oc2ccc3c(c2)CCCC(C2C=CC=C2)N(Cc2ccccc2)C3)n1)N1CCCC1
O=C(CSc1cccc(Oc2ccc3c(c2)CCCC(C2C=CC=C2)C(Cc2ccccc2)C3)n1)N1CCCC1
O=C(CSc1cccc(Oc2ccc3c(c2)CCCC(C2C=CC=C2)C(Cc2ccccc2)C3)n1)N1CCCC1
O=C(CSc1cccc(Oc2ccc3c(c2)CCC(C2C=CC=C2)C(Cc2ccccc2)C3)n1)N1CCCC1
O=C(CSc1cccc(Oc2ccc3c(c2)CCC(C2C=CC=C2)C(Cc2ccccc2)C3)n1)N1CCCCC1
O=C(CSc1cccc(Oc2ccc3c(c2)CCC(C2C=CC=C2)C(Cc2ccccc2)CC3)n1)N1CCCCC1
O=C(CSc1cccc(Oc2ccc3c(c2)CCC(C2C=CC=C2)C(Cc2ccccc2)CC3)n1)N1CCCC1
O=C(CSc1cccc(Oc2ccc3c(c2)CCC(C2C=CC=C2)C(C2c4ccccc42)CC3)n1)N1CCCC1
O=C(CSc1cccc(Oc2ccc3c(c2)CCC(C2C=CC=C2)C(C2c4ccccc42)CC3)n1)N1CCCC1
O=C(CSc1cccc(Oc2ccc3c(c2)CCC(C2C=CC=C2)C(C2c4ccccc42)CC3)n1)N1CCC1
O=C(CSc1cccc(Oc2ccc3c(c2)CCC(C2C=CC=C2)C(C2c4ccccc42)CC3)n1)N1CCC1
O=C(CSc1cccc(Oc2ccc3c(c2)CCC(C2C=CC=C2)C(C2Sc4ccccc42)CC3)n1)N1CCC1
O=C(CSc1cccc(Oc2ccc3c(c2)CCC(C2C=CC=C2)C(C2Sc4ccccc42)CC3)n1)N1CC1
O=C(CSc1cccc(Oc2ccc3c(c2)CCC(C2C=CC2)C(C2Sc4ccccc42)CC3)n1)N1CC1
O=C(CSc1cccc(Oc2ccc3c(c2)CCC(C2CCC2)C(C2Sc4ccccc42)CC3)n1)N1CC1
O=C(CSc1cccc(Oc2ccc3c(c2)CCC(C2CCC2)C(C2Sc4ccccc42)CC3)n1)N1CC1
O=C(CSc1cccc(Oc2ccc3c(c2)CCC(C2CCCC2)C(C2Sc4ccccc42)CC3)n1)N1CC1
O=C(CSc1cccc(Oc2ccc3c(c2)CCC(C2CCCC2)C(C2Sc4ccccc42)CC3)n1)N1CC1
O=C(CSc1cccc(Oc2ccc3c(c2)CCC(C2CCCC2)C(C2Sc4ccccc42)CC3)n1)N1CC1
O=C(CSc1cccc(Oc2ccc3c(c2)CCC(C2CCCC2)C(C2Sc4ccccc42)CC3)n1)N1CC1
O=C(CSc1cccc(Oc2ccc3c(c2)CCC(C2CCC2)C(C2Sc4ccccc42)CC3)n1)N1CC1
O=C(CSc1cccc(Oc2ccc3c(c2)CCC(C2CCC2)C(C2Sc4ccccc42)CC3)n1)N1CC1
O=C(CSc1cccc(Oc2ccc3c(c2)CCC(C2CCC2)C(C2Sc4ccccc42)CC3)n1)N1CC1
O=C(CSc1cccc(Oc2ccc3c(c2)CCC(C2CC2)C(C2Sc4ccccc42)CC3)n1)N1CC1
O=C(CSc1cccc(Oc2ccc3c(c2)CCC(C2CC2)C(C2Sc4ccccc42)CC3)n1)N1CC1
O=C(CSc1cccc(Oc2ccc3c(c2)CCC(C2C4CC42)C(C2Sc4ccccc42)CC3)n1)N1CC1
O=C(CSc1cccc(Oc2ccc3c(c2)CCC(C2C4CCC42)C(C2Sc4ccccc42)CC3)n1)N1CC1
O=C(CSc1cccc(Oc2ccc3c(c2)CCC(C2C4CCC42)C(C2Sc4ccccc42)CC3)n1)N1CC1
c1ccc(Oc2ccc3c(c2)CCC(C2C4CCC42)C(C2Sc4ccccc42)CC3)nc1
c1ccc(Oc2ccc3c(c2)CCC(C2C4CCC42)C(C2Sc4ccccc42)CC3)nc1
c1ccc(Oc2ccc3c(c2)CCC(C2C4CCC42)C(C2Sc4ccccc42)CC3)nc1
c1ccc(Oc2ccc3c(c2)CCC(C2C4CCC42)C(C2Sc4ccccc42)CC3)nc1
c1ccc(Oc2ccc3c(c2)CCC(C2C4CCC42)C(C2Sc4ccccc42)CC3)nc1
c1ccc(Oc2ccc3c(c2)CC(C2C4CCC42)C(C2Sc4ccccc42)CC3)nc1
c1ccc(Oc2ccc3c(c2)CC(C2C4CCC42)C(C2Sc4ccccc42)CC3)nc1
c1ccc(Oc2ccc3c(c2)CC(C2C4CCC42)C(C2Sc4ccccc42)CC3)nc1
c1ccc(Oc2ccc3c(c2)CC(C2C4CCC42)C(C2Sc4ccccc42)CC3)nc1
c1ccc(Oc2ccc3c(c2)CC(C2C4CC42)C(C2Sc4ccccc42)CC3)nc1
c1ccc(Oc2ccc3c(c2)CC(C2C4CC42)C(C2Sc4ccccc42)CC3)nc1
c1ccc(Oc2ccc3c(c2)CCC(C2C4CC42)C(C2Sc4ccccc42)CC3)nc1
c1ccc(Sc2ccc3c(c2)CCC(C2C4CC42)C(C2Sc4ccccc42)CC3)nc1
c1ccc(Sc2ccc3c(c2)CCC(C2C4CCC42)C(C2Sc4ccccc42)CC3)nc1
c1ccc(Cc2ccc3c(c2)CCC(C2C4CCC42)C(C2Sc4ccccc42)CC3)nc1
c1ccc(Cc2ccc3c(c2)CCC(C2C4CCC42)C(C2Sc4ccccc42)CC3)nc1
c1ccc(Cc2ccc3c(c2)CCC(C2C4CCC42)C(C2Sc4ccccc42)CC3)nc1
c1ccc(Cc2ccc3c(c2)CCC(C2C4CCC42)C(C2Sc4ccccc42)CC3)nc1
c1ccc(-c2ccc3c(c2)CCC(C2C4CCC42)C(C2Sc4ccccc42)CC3)nc1
c1ccc(-c2ccc3c(c2)CCC(C2C4CCC42)C(C2Sc4ccccc42)CC3)nc1
c1ccc(-c2ccc3c(c2)CCC(C2C4CCC42)C(C2Sc4ccccc42)CO3)nc1
c1ccc(-c2ccc3c(c2)CCC(C2C4CCC42)C(C2Sc4ccccc42)CO3)nc1
c1ccc(-c2ccc3c(c2)CCC(C2C4CCC42)C(C2Sc4ccccc42)CO3)nc1
c1ccc(-c2ccc3c(c2)CCC(C2C4CCC42)C(C2Sc4ccccc42)CO3)nc1
c1ccc(-c2ccc3c(c2)CCC(C2C4CCC42)C(C2Sc4ccccc42)CO3)nc1
c1ccc(-c2ccc3c(c2)CCC(C2C4CCC42)C(C2Sc4ccccc42)CC3)nc1
c1ccc(-c2ccc3c(c2)CCC(C2C4CCC42)C(C2Sc4ccccc42)CC3)nc1
c1ccc(-c2ccc3c(c2)CCC(C2C4CCC42)C(C2Sc4ccccc42)CC3)nc1
c1ccc(-c2ccc3c(c2)CCC(C2C4CCC42)C(C2Sc4ccccc42)CC3)nc1
c1ccc(-c2ccc3c(c2)CCC(C2C4CCC42)C(C2Sc4ccccc42)CC3)nc1
c1ccc(-c2ccc3c(c2)CCC(C2C4CCC42)C(C2CSc4ccccc42)CC3)nc1
c1ccc(-c2ccc3c(c2)CCC(C2C4CCC42)C2CCSc4ccccc4C2C3)nc1
c1ccc(-c2ccc3c(c2)CCC(C2C4CCC42)C2CCSc4ccccc4C32)nc1
c1ccc(-c2ccc3c(c2)CCC(C2C4CCC42)C2CCSc4ccccc4C32)nc1
c1ccc(-c2ccc3c(c2)CCC(C2C4CCC42)C2CCSc4ccccc4C32)nc1
c1ccc(-c2ccc3c(c2)CCC(C2C4CCC42)C2CCSc4ccccc4C32)nc1
c1ccc(-c2ccc3c(c2)CC(C2C4CCC42)C2CCSc4ccccc4C32)nc1
c1ccc(-c2ccc3c(c2)CC(C2C4CCC42)C2CCSc4ccccc4C32)nc1
c1ccc(-c2ccc3c(c2)CC(C2C4CCC42)C2CSc4ccccc4C32)nc1
c1ccc(-c2ccc3c(c2)CCC(C2C4CCC42)C2CSc4ccccc4C32)nc1
c1ccc(-c2ccc3c(c2)CCC(C2C4CCC42)C2CSc4ccccc4C32)nc1
c1ccc(-c2ccc3c(c2)CCC2C4CCCC4C4Sc5ccccc5C3C24)nc1
c1ccc(-c2ccc3c(c2)CCC2C4CCCC4C4Sc5ccccc5CC3C24)nc1
c1ccc(-c2ccc3c(c2)CCC2C4CCC4C4Sc5ccccc5CC3C24)nc1
c1ccc(-c2ccc3c(c2)CCC2C4CCC4C4Sc5ccccc5CC3C24)nc1
c1ccc(-c2ccc3c(c2)CCC2C4CCC4C4Sc5ccccc5CC3C24)nc1
c1ccc(-c2ccc3c(c2)CCC2C4CCC4C4Sc5ccccc5CC3C24)nc1
c1ccc(-c2ccc3c(c2)CCC2C4CCC4C4Sc5ccccc5CC3C24)nc1
c1ccc(-c2ccc3c(c2)CCC2C4CCC4C4CSc5ccccc5CC3C24)nc1
c1ccc(-c2ccc3c(c2)CCC2C4CCC4C4CSc5ccccc5CC3C24)nc1
c1ccc(-c2ccc3c(c2)CCC2C4CCC4C4CSc5ccccc5CC(C3)C24)nc1
c1ccc(-c2ccc3c(c2)CCC2C4CCC4C4CSc5ccccc5CC(C3)C24)nc1
c1ccc(-c2ccc3c(c2)CCC2C4CCC4C4CSc5ccccc5CC(C3)C24)nc1
c1ccc(-c2ccc3c(c2)CCC2C4CCC4C4CSc5ccccc5CC3C24)nc1
c1ccc(-c2ccc3c(c2)CCC2C4CCC4C4CSc5ccccc5CC3C24)nc1
c1ccc(-c2ccc3c(c2)CCC2C4CCC4C4CSCc5ccccc5C3C24)nc1
c1ccc(C2c3ccc(-c4ccccn4)cc3CCC3C4CCC4CC23)cc1
c1ccc(C2c3ccc(-c4ccccn4)cc3CCC3C4CCC4CC23)cc1
c1ccc(C2c3ccc(-c4ccccn4)cc3CCC3C4CCC4CC23)cc1
c1ccc(C2c3ccc(-c4ccccn4)cc3CCC3C4CCC4CC23)cc1
c1ccc(C2c3ccc(-c4ccccn4)cc3CCC3C4CCC4CC23)cc1
c1ccc(C2c3ccc(-c4ccccn4)cc3CCC3C4CCC4CC23)cc1
c1ccc(C2c3ccc(-c4ccccn4)cc3CCC3C4CCC4CC23)cc1
c1ccc(C2c3ccc(-c4ccccn4)cc3CCC3C4CCC4CC23)cc1
c1ccc(C2c3ccc(-c4ccccn4)cc3CCC3C4CCC4CC23)cc1
c1ccc(C2c3ccc(-c4ccccn4)cc3CCC3C4CCC4CC23)cc1
c1ccc(C2c3ccc(-c4ccccn4)cc3CCC3C4CCC4CC23)cc1
c1ccc(C2c3ccc(-c4ccccn4)cc3CCC3C4CCC4CC23)cc1
c1ccc(C2c3ccc(-c4ccccn4)cc3CCC3C4CCC4CC23)cc1
c1ccc(C2c3ccc(-c4ccccn4)cc3CCC3C4CCC4CC23)cc1
c1ccc(C2c3ccc(-c4ccccn4)cc3CCC3C4CCC4CC23)cc1
c1ccc(C2c3ccc(-c4ccccn4)cc3CCC3C4CCC4CC23)cc1
c1ccc(C2c3ccc(-c4ccccn4)cc3CCC3C4CCC4CC23)cc1
c1ccc(C2c3ccc(-c4ccccn4)cc3CCC3C4CCC4CC23)cc1
c1ccc(C2c3ccc(-c4ccccn4)cc3CCC3C4CCC4CC23)cc1
c1ccc(C2c3ccc(-c4ccccn4)cc3CCC3C4CCC4CC23)cc1
c1ccc(C2c3ccc(-c4ccccn4)cc3CCC3C4CCC4CC23)cc1
c1ccc(C2c3ccc(-c4ccccn4)cc3CCC3C4CCC4CC23)cc1
c1ccc(C2c3ccc(-c4ccccn4)cc3CCC3C4CCC4CC23)cc1
c1ccc(C2c3ccc(-c4ccccn4)cc3CCC3C4CCC4CC23)cc1
c1ccc(C2c3ccc(-c4ccccn4)cc3CCC3C4CCC4CC23)cc1
c1ccc(C2c3ccc(-c4ccccn4)cc3CCC3C4CCC4CC23)cc1
c1ccc(C2c3ccc(-c4ccccn4)cc3CCC3C4CCC4CC23)cc1
c1ccc(C2c3ccc(-c4ccccn4)cc3CCC3C4CCC4CC23)cc1
c1ccc(C2c3ccc(-c4ccccn4)cc3CCC3C4CCC4CC23)cc1
C1=CC(C2c3ccc(-c4ccccn4)cc3CCC3C4CCC4CC32)C=C1
C1=CC(C2c3ccc(-c4ccccn4)cc3CCC3C4CCC4CC32)C1
C1=CC(C2c3ccc(-c4ccccn4)cc3CCC3C4CCC4CC32)C1
C1=CC(C2c3ccc(-c4ccccn4)cc3CCC3C4CCC4CC32)C1
C1=CC(C2c3ccc(-c4ccccn4)cc3CCC3C4CCC4CC32)C1
C1=CC(C2c3ccc(-c4ccccn4)cc3CCC3C4CCC4CC32)C1
c1ccc(-c2ccc3c(c2)CCC2C4CCC4CC2C3C2CC2)nc1
c1ccc(-c2ccc3c(c2)CCC2C4CCC4CC2C3C2CC2)nc1
C1=C(C2c3ccc(-c4ccccn4)cc3CCC3C4CCC4CC23)C1
c1ccc(-c2ccc3c(c2)CCC2C(C3)CC3CCC32)nc1
c1ccc(-c2ccc3c(c2)CCC2C(C3)CC3CCC32)nc1
c1ccc(-c2ccc3c(c2)CCC2C(C3)CC3CCC32)nc1
c1ccc(-c2ccc3c(c2)CCC2C(C3)CC3CCC32)nc1
c1ccc(-c2ccc3c(c2)CCC2C(C3)CC3CCC32)nc1
c1ccc(-c2ccc3c(c2)CCC2C(C3)CC3CCC32)nc1
c1ccc(-c2ccc3c(c2)CCC2C(C3)CC3CCC32)nc1
c1ccc(-c2ccc3c(c2)CCC2C(C3)CC3CCC32)nc1
c1ccc(-c2ccc3c(c2)CCC2C(CC3)CC3CCC32)nc1
c1ccc(-c2ccc3c(c2)CCC2C(CC3)CC3CCC32)nc1
c1ccc(-c2ccc3c(c2)CCC2C4CCC4C4CCC(C3)C24)nc1
c1ccc(-c2ccc3c(c2)CCC2C4CCC4C4CCC(C3)C24)nc1
O=C(CSc1cccc(-c2ccc3c(c2)CCC2C4CCC4C4CCC(C3)C24)n1)OC1CSC1
O=C(CSc1cccc(-c2ccc3c(c2)CCC2C4CCC4C4CCC(C3)C24)n1)OC1CCC1
O=C(CSc1cccc(-c2ccc3c(c2)CCC2C4CCC4C4CCC(C3)C24)n1)OC1CCC1
O=C(CSc1cccc(-c2ccc3c(c2)CCC2C4CCC4C4CCC(C3)C24)n1)OC1CCC1
O=C(CSc1cccc(-c2ccc3c(c2)CCC2C4CCC4C4CCC3C24)n1)OC1CCC1
O=C(CSc1cccc(-c2ccc3c(c2)CCC2C4CCC4C4CCC3C24)n1)OC1CCC1
O=C(CSc1cccc(-c2ccc3c(c2)CCC2C4CCC4C4CCC3C24)n1)OC1C2CC21
O=C(CSc1cccc(-c2ccc3c(c2)CCC2C4CCC4C4CCC3C24)n1)OC1C2CC21
O=C(CSc1cccc(-c2ccc3c(c2)CCC2C4CCC4C4CCC3C24)n1)OC1C2CC21
O=C(CSc1cccc(-c2ccc3c(c2)CCC2C4CCC4C4CCC3C24)n1)C1C2CC21
O=C(CSc1cccc(-c2ccc3c(c2)CCC2C4CCC4C4CCC3C24)n1)C1C2CC21
O=C(CSc1cccc(-c2ccc3c(c2)CCC2C4CCC4C4CCC3C24)n1)C1CCC1
O=C(CSc1cccc(-c2ccc3c(c2)CCC2C(C3)CC3CCC32)n1)C1CCC1
O=C(CSc1cccc(-c2ccc3c(c2)CCC2C4CCC4C2C3)n1)C1CCC1
O=C(CSc1cccc(-c2ccc3c(c2)CCC2C4CCC4C2C3)n1)C1CCC1
O=C(CSc1cccc(-c2ccc3c(c2)CCC2C4CCC4C2C3)n1)C1CC1
O=C(CSc1cccc(-c2ccc3c(c2)CCC2C4CCC4C2C3)n1)C1CC1
O=C(CSc1cccc(-c2ccc3c(c2)CCC2C4CCC4C2C3)n1)C1CC1
O=C(CSc1cccc(-c2ccc3c(c2)CCC2C4CCC4C2C3)n1)C1CC1
O=C(CSc1cccc(-c2ccc3c(c2)CCC2C4CCC4C2C3)n1)C1CCC1
O=C(CSc1cccc(-c2ccc3c(c2)CCC2C4CCC4C2C3)n1)C1CCCC1
O=C(CSc1cccc(-c2ccc3c(c2)CCC2C4CCC4C2C3)n1)C1CCC1
O=C(CSc1cccc(-c2ccc3c(c2)CCC2C4CCC4C2C3)n1)C1CCC1
O=C(CSc1cccc(-c2ccc3c(c2)CCC2C4CCC4C2C3)n1)C1CCCC1
O=C(CSc1cccc(-c2ccc3c(c2)CCC2C4CCC4C2C3)n1)C1CCCC1
O=C(CSc1cccc(-c2ccc3c(c2)CCC2C4CCC4C2C3)n1)C1CC2CC21
O=C(CSc1cccc(-c2ccc3c(c2)CCC2C4CCC4C2C3)n1)C1CC2CC21
O=C(CSc1cccc(-c2ccc3c(c2)CCC2C4CCC4C2C3)n1)C1CC2CCC21
O=C(CSc1cccc(-c2ccc3c(c2)CCC2C(CC3)C3CCC23)n1)C1CC2CCC21
O=C(CSc1cccc(-c2ccc3c(c2)CCC2C(CC3)C3CCC23)n1)C1CC2CC21
O=C(CSc1cccc(-c2ccc3c(c2)CCC2C(CC3)C3CCC23)n1)C1CCC2CC21
O=C(CSc1cccc(-c2ccc3c(c2)CCC2C(CC3)C3CCC23)n1)C1CCC2CC21
O=C(CSc1cccc(-c2ccc3c(c2)CCC2C(CC3)C3CCC23)n1)C1CCC2CC21
O=C(CSc1cccc(-c2ccc3c(c2)CCC2C(CC3)C3CC23)n1)C1CCC2CC21
O=C(CSc1cccc(-c2ccc3c(c2)CCC2CCC2CC3)n1)C1CCC2CC21
O=C(CSc1cccc(-c2ccc3c(c2)CCC2CCC2CC3)n1)C1CCC2CC21
O=C(CSc1cccc(-c2ccc3c(c2)CCC2CCC2CC3)n1)C1CCC2CC21
O=C(CSc1cccc(-c2ccc3c(c2)CCC2CCC2CC3)n1)C1CCC2CCC21
O=C(CSc1cccc(-c2ccc3c(c2)CCC2CC2CC3)n1)C1CCC2CCC21
O=C(CSc1cccc(-c2ccc3c(c2)CCCCC3)n1)C1CCC2CCC21
O=C(CSc1cccc(-c2ccc3c(c2)CCCCC3)n1)C1CCC2CCC21
O=C(CSc1cccc(-c2ccc3c(c2)CCCCC3)n1)C1CCC2CCC21
O=C(CSc1cccc(-c2ccc3c(c2)CCCCC3)n1)C1CCC2CCC21
O=C(CSc1cccc(-c2ccc3c(c2)CCCC3)n1)C1CCC2CCC21
O=C(CSc1cccc(-c2ccc3c(c2)CCC3)n1)C1CCC2CCC21
O=C(CSc1cccc(-c2ccc3c(c2)CCC3)n1)C1CCC2CCC21
O=C(CSc1cccc(-c2cccc(C3CC3)c2)n1)C1CCC2CCC21
O=C(CSc1cccc(-c2cccc(C3CC3)c2)n1)C1CCC2CCC21
O=C(CSc1cccc(-c2ccccc2)n1)C1CCC2CCC21
O=C(CSc1cccc(-c2ccccc2)n1)C1CCC2CCC21
O=C(CSC1=NC(c2ccccc2)=CC=CS1)C1CCC2CCC21
O=C(CSC1=NC(c2ccccc2)=CC=CS1)C1CCC2CCC21
O=C(CSC1=NC(c2ccccc2)=CC=CS1)C1CCC2CCC21
O=C(CSC1=NC(c2ccccc2)=CC=CS1)C1CCC2CCC21
C=C1N=C(SCC(=O)C2CCC3CCC32)Sc2ccccc21
C=C1N=C(SCC(=O)C2CCC3CCC32)Sc2ccccc21
C=C1N=C(SCC(=O)C2CCC3CCC32)Sc2ccccc21
C=C1N=C(SCC(=O)C2CCC3CCC32)Sc2ccccc21
C=C1N=C(SCC(=O)C2CCC3CCC32)Sc2ccccc21
C=C1N=C(SCC(=O)C2CCC3CCC32)Sc2ccccc21
C=C1N=C(SCC(=O)C2CCC3CCC32)Sc2ccccc21
C=C1N=C(SCC(=O)C2CCC3CCC32)Sc2ccccc21
C=C1N=C(SCC(=O)C2CCC3CCC32)Sc2ccccc21
C=C1N=C(SCC(=O)C2CCC3CCC32)Sc2ccccc21
C=C1N=C(SCC(=O)C2CCC3CCC32)Sc2ccccc21
C=C1N=C(SCC(=O)C2CCC3CCC32)Sc2ccccc21
O=C(CSC1=NCc2ccccc2S1)C1CCC2CCC21
O=C(CSc1nc2ccccc2s1)C1CCC2CCC21
O=C(CSc1nc2ccccc2s1)C1CCC2CCC21
O=C(CSc1nc2ccccc2s1)C1CC2CCC21
O=C(CSc1nc2ccccc2s1)C1CC2CCC21
O=C(CSc1nc2ccccc2s1)C1CCC2CCC21
O=C(CSc1nc2ccccc2s1)C1CCCC2CCC21
O=C(CSc1nc2ccccc2s1)C1CCCCC2CCC21
O=C(CSc1nc2ccccc2s1)C1CCCCC2CCC21
O=C(CSc1nc2ccccc2s1)C1CCCCC2CCC21
O=C(CSc1nc2ccccc2s1)C1CCCCC2CCC21
O=C(CSc1nc2ccccc2s1)C1CCCCC2CCC21
O=C(CSc1nc2ccccc2s1)C1CC2CCCCCC21
O=C(CSc1nc2ccccc2s1)C1CC2CCCCCC21
O=C(CSc1nc2ccccc2s1)C1CCC2CCCCCC21
O=C(CSc1nc2ccccc2s1)C1CCC2CCCCCC21
O=C(CSc1nc2ccccc2s1)C1CCC2C3CCC(CCC12)C3
O=C(CSc1nc2ccccc2s1)C1CCC2C3CCC3CCC12
O=C(CSc1nc2ccccc2s1)C1CCC2C3CCCC3CCC12
O=C(CSc1nc2ccccc2s1)C1CCC2C3CCCCC3CCC12
O=C(CSc1nc2ccccc2s1)C1CCC2C3CCC3CCC12
O=C(CSc1nc2ccccc2s1)C1CCC2C3CCCC3CCC12
O=C(CSc1nc2ccccc2s1)C1CCC2C3CCCCC3CCC12
O=C(CSc1nc2ccccc2s1)C1CCC2C1CCC1C3CCC3CCC12
O=C(CSc1nc2ccccc2s1)C1CCC2C1CCC1C3CCC3CCC12
O=C(CSc1nc2ccccc2s1)C1CCC2C1CCC1C3CCC3CCC12
O=C(CSc1nc2ccccc2s1)C1CCC2C1CCC1C3CCC3CCC12
O=C(CSc1nc2ccccc2s1)C1CCC2C1CCC1C3CCC3CCC12
O=C(CSc1nc2ccccc2s1)C1CCC2C1CCC1C3CCC3CCC12
O=C(CSc1nc2ccccc2s1)C1CCC2C1CCC1C3CC=C3CCC12
O=C(CSc1nc2ccccc2s1)C1CCC2C1CCC1C3CC=C3CCC12
O=C(CSc1nc2ccccc2s1)C1CCC2C1CCC1C3CC=C3CCC12
O=C(CSc1nc2ccccc2s1)C1CCC2C1CCC1C3CC=C3CCC12
O=C(CSc1nc2ccccc2s1)C1CCC2C1CCC1C3CCC=C3CCC12
O=C(CSc1nc2ccccc2s1)C1CCC2C1CCC1C3CCC=C3CCC12
O=C(CSc1nc2ccccc2s1)C1CCC2C1CCC1C3CCC=C3CCC12
O=C(CSc1nc2ccccc2s1)C1CCC2C1CCC1C3CC=C3CCC12
O=C(CSc1nc2ccccc2s1)C1CCC2C1CCC1C3CC=C3CCC12
O=C(CSc1nc2ccccc2s1)C1CCC2C1CCC1C3CC=C3CCC12
O=C(CSc1nc2ccccc2s1)C1CCC2C1CCC1C3COC=C3CCC12
C=C1CCC2C(CCC3C(C(=O)CSc4nc5ccccc5s4)CCC23)C1
C=C1CCC2C(CCC3C(C(=O)CSc4nc5ccccc5s4)CCC23)C1
C=C1CCC2C(CCC3C(C(=O)CSc4nc5ccccc5s4)CCC23)C1
C=C1CCC2C(CCC3C(C(=O)CSc4nc5ccccc5s4)CCC23)C1
C=C1CCC2C(CCC3C(C(=O)CSc4nc5ccccc5s4)CCC23)C1
C=C1CCC2C(CCC3C(C(=O)CSc4nc5ccccc5s4)CCC23)C1
C=C1CCC2C(CCC3C(C(=O)CSc4nc5ccccc5s4)CCC23)C1
C=C1CCC2C3CCC(C(=O)CSc4nc5ccccc5s4)C3CCC2C1C1CN1
C=C1CCC2C3CCC(C(=O)CSc4nc5ccccc5s4)C3CCC2C1C1CN1
O=C(CSc1nc2ccccc2s1)C1CCC2C1CCC1C2CCC(=O)C1C1CN1
O=C(CSc1nc2ccccc2s1)C1CCC2C1CCC1C2CCCC(=O)C1C1CN1
O=C(CSc1nc2ccccc2s1)C1CCC2C1CCC1C2CCCC(=O)C1C1CN1
O=C(CSc1nc2ccccc2s1)C1CCC2C1CCC1C2CCCC(=O)C1C1CC1
O=C(CSc1nc2ccccc2s1)C1CCC2C1CCC1C2CCCC(=O)C1C1CC1
O=C(CSc1nc2ccccc2s1)C1CCC2C1CCC1C2CCCC(=O)C1C1CC1
O=C(CSc1nc2ccccc2s1)C1CCC2C1CCC1C2CCCC(=O)C1C1CC1
O=C(CSc1nc2ccccc2s1)C1CCC2C1CCC1C2CCCC(=O)C1C1CC1
O=C(CSc1nc2ccccc2s1)C1CCC2C1CCC1C2CCC(=O)C1C1CC1
O=C(CSc1nc2ccccc2s1)C1CCC2C1CCC1C2CCC(=O)C1C1CC1
O=C(CSc1nc2ccccc2s1)C1CCC2C1CCC1C2CCC(=O)C1C1CC1
O=C1CCC2C(CCC3C(C(=O)CSc4nc5ccccc5s4)CCC23)C1
O=C1CCC2C(CCC3C(C(=O)CSc4nc5ccccc5s4)CCC23)C1
O=C1CCC2C(CCC3C(C(=O)CSc4nc5ccccc5s4)CCC23)C1
O=C1CCC2C(CCC3C(C(=O)CSc4nc5ccccc5s4)CCC23)C1
O=C1CCC2C(CCC3C(C(=O)CSc4nc5ccccc5s4)CCC23)C1
O=C1CCC2C(CCC3C(C(=O)CSc4nc5ccccc5s4)CCC23)C1
O=C1CCC2C(CCC3C(C(=O)CSc4nc5ccccc5s4)CCC23)C1
O=C1CCC2C(CCC3C(C(=O)CSc4nc5ccccc5s4)CCC23)C1
C=C1CCC2C(CCC3C(C(=O)CSc4nc5ccccc5s4)CCC23)C1
C=C1CCC2C(CCC3C(C(=O)CSc4nc5ccccc5s4)CCC23)C1
C=C1CCC2C(CCC3C(C(=O)CSc4nc5ccccc5s4)CCC23)C1
O=C(CSc1nc2ccccc2s1)C1CCC2C1CCC1C3C(=O)CCC=C3CCC12
O=C1C=C2CCC3C(CCC4C(C(=O)CSc5nc6ccccc6s5)CCC43)C2CC1
O=C1C=C2CCC3C(CCC4C(C(=O)CSc5nc6ccccc6s5)CCC43)C2CC1
O=C1C=C2CCCC3C(CCC4C(C(=O)CSc5nc6ccccc6s5)CCC43)C2CC1
O=C1C=CC2C(=C1)CCCC1C2CCC2C(C(=O)CSc3nc4ccccc4s3)CCC21
O=C1C=CC2C(=C1)CCCC1C2CCC2C(C(=O)CSc3nc4ccccc4s3)CCC21
O=C1C=CC2C(=C1)CCCC1C2CCC2C(C(=O)CSc3nc4ccccc4s3)CCC21
O=C1C=CC2C(=C1)CCC1C2CCC2C(C(=O)CSc3nc4ccccc4s3)CCC21
c1ccc(CN(Cc2ccc(Oc3ccccc3)cc2)c2ccccc2)cc1
c1ccc(CN(Cc2ccc(Oc3ccccc3)cc2)c2ccccc2)cc1
c1ccc(CN(Cc2cccc(-c3ccccc3)c2)c2ccccc2)cc1
c1ccc(CN(Cc2cccc(-c3ccccc3)c2)c2ccccc2)cc1
c1ccc(CN(Cc2cccc(-c3ccccc3)c2)c2ccccc2)cc1
c1ccc(CN(Cc2cccc(-c3ccccc3)c2)c2ccccc2)cc1
c1ccc(CN(Cc2cccc(-c3ccccc3)c2)c2ccncc2)cc1
c1ccc(CN(c2ccncc2)c2cccc(-c3ccccc3)c2)cc1
c1ccc(CN2c3ccncc3Cc3ccc(-c4ccccc4)cc32)cc1
c1ccc(-c2ccc3c(c2)N(c2ccccc2)c2ccncc2C3)cc1
c1ccc(-c2ccc3c(c2)N(c2ccccc2)c2ccncc2C3)cc1
c1ccc(-c2ccc3c4cnccc4n(-c4ccccc4)c3c2)cc1
c1ccc(-c2ccc3c4cnccc4n(-c4ccccc4)c3c2)cc1
c1ccc(-c2ccc3c4cnccc4n(-c4ccccc4)c3c2)cc1
c1ccc(-c2ccc3c4cnccc4n(-c4ccccc4)c3c2)cc1
c1ccc(-c2ccc3c4cnccc4n(-c4ccccc4)c3c2)cc1
c1ccc(-c2ccc3c4cnccc4n(-c4ccccc4)c3c2)cc1
c1ccc(-c2ccc3c4cnccc4n(-c4ccccc4)c3c2)cc1
c1ccc(-c2ccc3c4cnccc4n(-c4ccccc4)c3c2)cc1
c1ccc(-c2ccc3c4cnccc4n(-c4ccccc4)c3c2)cc1
c1ccc(-c2ccc3c4cnccc4n(-c4ccccc4)c3c2)cc1
c1ccc(-c2ccc3c4cnccc4n(-c4ccccc4)c3c2)cc1
c1ccc(-c2ccc3c4cnccc4n(-c4ccccc4)c3c2)cc1
c1ccc(-n2c3ccncc3c3ccc(-c4ccccn4)cc32)cc1
c1ccc(-n2c3ccncc3c3ccc(-c4ccccn4)cc32)cc1
c1ccc(-n2c3ccncc3c3ccc(-c4ccccn4)cc32)cc1
c1ccc(-n2c3ccncc3c3ccc(-c4ccccn4)cc32)cc1
c1ccc(-n2c3ccncc3c3ccc(-c4ccccn4)cc32)cc1
c1ccc(-n2c3ccncc3c3ccc(-c4ccccn4)cc32)cc1
c1ccc(-n2c3ccncc3c3ccc(-c4ccccn4)cc32)cc1
c1ccc(-n2c3ccncc3c3ccc(-c4ccccn4)cc32)cc1
c1ccc(-n2c3ccncc3c3ccc(-c4ccccn4)cc32)cc1
c1ccc(-n2c3ccncc3c3ccc(-c4ccccn4)cc32)cc1
c1ccc(-n2c3ccncc3c3ccc(-c4ccccn4)cc32)cc1
c1ccc(-n2c3ccncc3c3ccc(-c4ccccn4)cc32)cc1
c1ccc(-n2c3ccncc3c3ccc(-c4ccccn4)cc32)cc1
c1ccc(-n2c3ccncc3c3ccc(-c4ccccn4)cc32)cc1
c1ccc(-n2c3ccccc3c3ccc(-c4ccccn4)cc32)cc1
c1ccc(-n2c3ccccc3c3ccc(-c4ccccn4)cc32)cc1
c1ccc(-n2c3ccccc3c3ccc(OCc4ccncc4)cc32)cc1
c1ccc(-n2c3ccccc3c3ccc(OCc4ccncc4)cc32)cc1
c1ccc(-n2c3ccccc3c3ccc(OCc4ccncc4)cc32)cc1
c1ccc(-n2c3ccccc3c3ccc(CCc4ccncc4)cc32)cc1
c1ccc(-n2c3ccccc3c3ccc(Cc4ccncc4)cc32)cc1
c1ccc(-n2c3ccccc3c3ccc(Cc4ccncc4)cc32)cc1
C1=c2c(n(-c3ccccc3)c3cc(Cc4ccncc4)ccc23)=CC1
C1=c2c(n(-c3ccccc3)c3cc(Cc4ccncc4)ccc23)=C1
C1=C2Cc3ccc(Cc4ccncc4)cc3N(c3ccccc3)C2=C1
C1=C2Cc3ccc(Cc4ccncc4)cc3N(c3ccccc3)C2=C1
C1=CCc2ccc(Cc3ccncc3)cc2N(c2ccccc2)C=C1
C1=Cc2ccc(Cc3ccncc3)cc2N(c2ccccc2)C=C1
C1=Cc2ccc(Cc3ccncc3)cc2N(c2ccccc2)N=C1
C1=NN(c2ccccc2)c2cc(Cc3ccncc3)ccc2C1
c1ccc(-n2ncc3ccc(Cc4ccncc4)cc32)cc1
c1ccc(-n2ncc3cc(Cc4ccncc4)ccc32)cc1
c1ccc(-n2ncc3cc(CCc4ccncc4)ccc32)cc1
c1ccc(-n2ncc3cc(Cc4ccncc4)ccc32)cc1
c1ccc(-n2ncc3cc(Cc4ccncc4)ccc32)cc1
c1ccc(-n2ncc3cc(Cc4ccncc4)ccc32)cc1
c1ccc(-n2ncc3cc(Cc4ccncc4)ccc32)cc1
c1ccc(-n2ncc3cc(Cc4ccncc4)ccc32)cc1
c1ccc(CN(Cc2ccc(Oc3ccccc3)cc2)c2ccccc2)cc1
c1ccc(CN(Cc2ccc(Oc3ccccc3)cc2)c2ccccc2)cc1
c1ccc(CN(Cc2ccc(Oc3ccccc3)cc2)c2ccccc2)cc1
c1ccc(CN(Cc2ccc(Oc3ccccc3)cc2)c2ccccc2)cc1
c1ccc(Oc2ccc3c(c2)-c2ccccc2CN(c2ccccc2)C3)cc1
O=S(=O)(CCOc1ccccc1)Nc1cccc(N2Cc3ccccc3-c3ccccc3C2)c1
O=S(=O)(CCOc1ccccc1)Nc1cccc(N2Cc3ccccc3-c3ccccc3C2)c1
O=S(=O)(CCOc1ccccc1)Nc1cccc(N2Cc3ccccc3-c3ccccc3C2)c1
O=S(=O)(CCOc1ccccc1)Nc1cccc(N2Cc3ccccc3-c3ccccc3C2)c1
O=S(=O)(CCOc1ccccc1)Nc1cccc(N2Cc3ccccc3-c3ccccc3C2)c1
O=S(=O)(CCOc1ccccc1)Nc1cccc(N2Cc3ccccc3-c3ccccc3C2)c1
c1ccc(Oc2ccc3c(c2)CN(c2ccccc2)Cc2ccccc2-3)cc1
O=S(=O)(Nc1cccc(N2Cc3ccccc3-c3ccc(Oc4ccccc4)cc3C2)c1)C1CC1
O=S(=O)(Nc1cccc(N2Cc3ccccc3-c3ccc(Oc4ccccc4)cc3C2)c1)C1CC1
O=S(=O)(Nc1cccc(N2Cc3ccccc3-c3ccc(Oc4ccccc4)cc3C2)c1)C1CC1
O=S(=O)(Nc1cccc(N2Cc3ccccc3-c3ccc(Oc4ccccc4)cc3C2)c1)C1CC1
O=S(=O)(Nc1cccc(N2Cc3ccccc3-c3ccc(Oc4ccccc4)cc3C2)c1)C1CC1
O=S(=O)(Nc1cccc(N2CCc3ccccc3-c3ccc(Oc4ccccc4)cc3C2)c1)C1CC1
O=S(=O)(Nc1cccc(N2CCc3ccccc3-c3ccc(Cc4ccccc4)cc3C2)c1)C1CC1
O=S(=O)(Nc1cccc(N2CCc3ccccc3-c3ccc(-c4ccccc4)cc3C2)c1)C1CC1
O=S(=O)(Nc1cccc(N2Cc3ccccc3-c3ccc(-c4ccccc4)cc3C2)c1)C1CC1
O=S(=O)(Nc1cccc(N2Cc3ccccc3-c3ccc(-c4cccnc4)cc3C2)c1)C1CC1
O=S(=O)(Nc1cccc(N2Cc3ccccc3-c3ccc(-c4cccnc4)cc3C2)c1)C1CC1
O=S(=O)(Nc1cccc(N2Cc3cc(-c4cccnc4)ccc3-c3ccccc32)c1)C1CC1
O=S(=O)(Nc1cccc(-n2c3ccccc3c3ccc(-c4cccnc4)cc32)c1)C1CC1
O=S(=O)(Nc1cccc(Nc2cc(-c3cccnc3)ccc2-c2ccccc2)c1)C1CC1
O=S(=O)(Nc1cccc(Nc2cc(-c3cccnc3)ccc2-c2ccccc2)c1)C1CC1
O=S(=O)(Nc1cccc2c1CN2c1cc(-c2cccnc2)ccc1-c1ccccc1)C1CC1
O=S(=O)(Nc1cccc2c1C(c1ccccc1)N2c1cccc(-c2cccnc2)c1)C1CC1
O=S(=O)(Nc1cccc2c1C(c1ccccc1)N2c1cccc(-c2cccnc2)c1)C1CC1
O=S(=O)(Nc1cccc2c1C(c1ccccc1)N2c1cccc(-c2cccnc2)c1)C1CC1
O=S(=O)(Nc1cccc2c1n(-c1ccccc1)n2-c1cccc(-c2cccnc2)c1)C1CC1
O=S(=O)(Nc1cccc2c1n(-c1ccccc1)n2-c1cccc(-c2cccnc2)c1)C1CC1
O=S(=O)(Nc1cccc2c1n(-c1ccccc1)n2-c1cccc(-c2cccnc2)c1)C1CC1
O=S(=O)(Nc1cccc2c1n(-c1ccccc1)n2-c1cccc(-c2cccnc2)c1)C1CC1
O=S(=O)(Nc1cccc2c1n(-c1ccccc1)n2-c1cccc(-c2cccnc2)c1)C1CC1
O=S(=O)(Nc1cccc2c1n(-c1ccccc1)n2-c1cccc(-c2cccnc2)c1)C1CC1
O=S(=O)(Nc1cccc2c1n(-c1ccccc1)n2-c1cccc(-c2cccnc2)c1)C1CC1
O=S(=O)(Nc1cccc2c1n(-c1ccccc1)n2-c1cccc(-c2cccnc2)c1)C1CC1
O=S(=O)(Nc1cccc2c1n(-c1ccccc1)n2-c1cccc(-c2cccnc2)c1)C1CC1
O=S(=O)(Nc1cccc2c1n(-c1ccccc1)n2-c1cccc(-c2cccnc2)c1)C1CC1
O=S(=O)(Nc1cccc2c1n(-c1ccccc1)n2-c1cccc(-c2cccnc2)c1)C1CC1
O=S(=O)(Nc1cccc2c1n(-c1ccccc1)n2-c1cccc(-c2ccccc2)c1)C1CC1
O=S(=O)(Nc1cccc2c1n(-c1ccccc1)n2-c1cccc(-c2ccccc2)c1)C1CC1
O=S(=O)(Nc1cccc2c1n(-c1ccccc1)n2-c1cccc(-c2cc3ccc2-3)c1)C1CC1
O=S(=O)(Nc1cccc2c1n(-c1ccccc1)n2-c1cccc(C2C3=CC=C32)c1)C1CC1
C=C1CC1c1cccc(-n2c3cccc(NS(=O)(=O)C4CC4)c3n2-c2ccccc2)c1
O=S(=O)(Nc1cccc2c1n(-c1ccccc1)n2-c1ccccc1)C1CC1
O=S(=O)(Nc1cccc2c1n(-c1ccccc1)n2-c1cccc(CC2=CC2)c1)C1CC1
O=S(=O)(Nc1cccc2c1n(-c1ccccc1)n2-c1cccc(C2=CC2)c1)C1CC1
O=S(=O)(Nc1cccc2c1n(-c1ccccc1)n2-c1ccccc1)C1CC1
O=S(=O)(Nc1cccc2c1n(-c1ccccc1)n2C1=CCC=C1)C1CC1
O=S(=O)(Nc1cccc2c1n(-c1ccccc1)n2C1=CCC=C1)C1CC1
O=S(=O)(Nc1cccc2c1n(-c1ccccc1)n2C1=CCC1)C1CC1
O=S(=O)(Nc1cccc2c1n(-c1ccccc1)n2C1CC1)C1CC1
O=S(=O)(Nc1cccc2c1n(-c1ccccc1)n2C1C2CC21)C1CC1
O=S(=O)(Nc1cccc2c1n(-c1ccccc1)n2C1C2CC21)C1CC1
O=S(=O)(Nc1cccc2c1n(-c1ccccc1)n2CC1CC1)C1CC1
O=S(=O)(Nc1cccc2c1n(-c1ccccc1)n2C1CC1)C1CC1
O=S(=O)(Nc1cccc2c1n(-c1ccccc1)n2N1CC1)C1CC1
O=S(=O)(Nc1cccc2[nH]n(-c3ccccc3)c12)C1CC1
O=S(=O)(Nc1cccc2[nH]n(-c3ccccc3)c12)C1CC1
O=S(=O)(NCc1cccc2[nH]n(-c3ccccc3)c12)C1CC1
O=S(=O)(NCc1cccc2[nH]n(-c3ccccc3)c12)C1CC1
O=S(=O)(NCc1cccc2[nH]n(-c3ccccc3)c12)C1CC1
O=S(=O)(NCNc1cccc2[nH]n(-c3ccccc3)c12)C1CC1
O=S(=O)(NCCNc1cccc2[nH]n(-c3ccccc3)c12)C1CC1
O=S(=O)(NCCNc1cccc2c1[nH]n2Nc1ccccc1)C1CC1
O=S(=O)(NCCNc1cccc2c1NNN2c1ccccc1)C1CC1
O=S(=O)(NCCNc1cccc2c1NNN2c1ccccc1)C1CCC1
O=S(=O)(NCCNc1cccc2c1CNN2c1ccccc1)C1CCC1
O=S(=O)(NCCNc1cccc2c1cnn2-c1ccccc1)C1CCC1
O=S(=O)(NCCNc1cccc2c1cnn2-c1ccccc1)C1CC1
c1ccc(CN(Cc2ccc(Oc3ccccc3)cc2)c2ccccc2)cc1
c1ccc(CN(Cc2ccc(Oc3ccccc3)cc2)c2ccccc2)cc1
O=C(CCCOc1ccccc1)NCCOc1ccc(CN(Cc2ccccc2)c2ccccc2)cc1
O=C(CCCc1ccccc1)NCCOc1ccc(CN(Cc2ccccc2)c2ccccc2)cc1
O=C1CCCc2ccccc2N1CCOc1ccc(CN(Cc2ccccc2)c2ccccc2)cc1
O=C1CCCc2ccccc2N1CCOc1ccc(CN(Cc2ccccc2)c2ccccc2)cc1
O=C1CCCc2ccccc2N1CCOc1ccc(Cc2ccccc2NCc2ccccc2)cc1
O=C1CCc2ccccc2N1CCOc1ccc(Cc2ccccc2NCc2ccccc2)cc1
O=C1CCc2ccccc2N1CCOc1ccc(Cc2ccccc2NCc2ccccc2)cc1
O=C1CCc2ccccc2N1CCOc1ccc(-c2ccccc2NCc2ccccc2)cc1
O=C1CCc2ccccc2N1CCc1ccccc1-c1ccccc1NCc1ccccc1
O=C1CCc2ccccc2N1CCc1ccccc1-c1ccccc1NCc1ccccc1
O=C1CCc2ccccc2N1CCc1ccccc1-c1ccccc1NCc1ccccc1
O=C1Cc2ccccc2N1CCc1ccccc1-c1ccccc1NCc1ccccc1
O=C1c2ccccc2N1CCc1ccccc1-c1ccccc1NCc1ccccc1
O=C1c2ccccc2N1CCc1ccccc1-c1ccccc1NCc1ccccc1
O=C1c2ccccc2N1CCc1ccccc1-c1ccccc1NCc1ccccc1
O=C1c2ccccc2N1CCc1ccccc1-c1ccccc1NCc1ccccc1
O=C1c2ccccc2N1CCc1ccccc1-c1ccccc1NCc1ccccc1
O=C1c2ccccc2N1CCc1ccccc1-c1ccccc1NCc1ccccc1
C=C1c2ccccc2N1CCc1ccccc1-c1ccccc1NCc1ccccc1
c1ccc(CNc2ccccc2-c2ccccc2CCn2ccc3ccccc32)cc1
c1ccc(CNc2ccccc2-c2ccccc2CCn2ccc3ccccc32)cc1
c1ccc(Nc2ccccc2-c2ccccc2CCn2ccc3ccccc32)cc1
c1ccc(Cc2ccccc2-c2ccccc2CCn2ccc3ccccc32)cc1
c1ccc(Cc2ccccc2-c2ccccc2CCn2ccc3ccccc32)cc1
c1ccc(Cc2ccccc2-c2ccccc2CCn2ccc3ccccc32)cc1
c1ccc(Cc2ccccc2-c2ccccc2CCn2ccc3ccccc32)cc1
c1ccc(CCC(Cn2ccc3ccccc32)c2ccccc2-c2ccccc2)cc1
c1ccc(CCC(Cn2ccc3ccccc32)c2ccccc2-c2ccccc2)cc1
c1ccc(CCC(Cn2ccc3ccccc32)c2ccccc2-c2ccccc2)cc1
c1ccc(CCC(Cn2ccc3ccccc32)c2ccccc2-c2ccccc2)cc1
c1ccc(CCC(Cn2ccc3ccccc32)c2ccccc2-c2ccccc2)cc1
c1ccc(CCC(Cn2ccc3ccccc32)c2ccccc2-c2ccccc2)cc1
c1ccc(CCC(Cn2ccc3ccccc32)Nc2ccccc2-c2ccccc2)cc1
c1ccc(CCC(Cn2ccc3ccccc32)Nc2ccccc2-c2ccccc2)cc1
c1ccc(CCC(Cc2ccccc2-c2ccccc2)Cn2ccc3ccccc32)cc1
c1ccc(CCC(Cc2ccccc2-c2ccccc2)Cn2ccc3ccccc32)cc1
O=S(=O)(CCC(CCc1ccccc1)Cn1ccc2ccccc21)c1ccc(-c2ccccc2)cc1
O=S(=O)(CCC(CCc1ccccc1)Cn1ccc2ccccc21)c1ccc(-c2ccccc2)cc1
O=S(=O)(CC(CCc1ccccc1)Cn1ccc2ccccc21)c1ccc(-c2ccccc2)cc1
O=S(=O)(CC(CCc1ccccc1)Cn1ccc2ccccc21)c1ccc(-c2ccccc2)cc1
O=S(=O)(CC(CCc1ccccc1)Cn1ccc2ccccc21)c1ccc(-c2ccccc2)cc1
O=S(=O)(CC(CCc1ccccc1)Cn1ccc2ccccc21)c1ccc(-c2ccccc2)cc1
O=S(=O)(CC(CCc1ccccc1)Cn1ccc2ccccc21)c1ccc(-c2ccccc2)cc1
O=S(=O)(c1ccc(-c2ccccc2)cc1)C(CCc1ccccc1)Cn1ccc2ccccc21
O=S(=O)(c1ccc(-c2ccccc2)cc1)C(CCc1ccccc1)Cn1ccc2ccccc21
O=S(=O)(c1ccc(-c2ccccc2)cc1)C(CCc1ccccc1)Cn1ccc2ccccc21
O=S(c1ccc(-c2ccccc2)cc1)C(CCc1ccccc1)Cn1ccc2ccccc21
O=S(c1ccc(-c2ccccc2)cc1)C(CCc1ccccc1)Cn1ccc2ccccc21
O=C(c1ccc(-c2ccccc2)cc1)C(CCc1ccccc1)Cn1ccc2ccccc21
O=C(c1ccc(-c2ccccc2)cc1)C(CCc1ccccc1)Cn1ccc2ccccc21
O=C(c1ccc(-c2ccccc2)cc1)C(CCc1ccccc1)Cn1ccc2ccccc21
O=C(c1ccc(-c2ccccc2)cc1)C(CCc1ccccc1)Cn1ccc2ccccc21
O=C(c1ccccc1-c1ccccc1)C(CCc1ccccc1)Cn1ccc2ccccc21
O=C(c1ccccc1-c1ccccc1)C(CCc1ccccc1)Cn1ccc2ccccc21
O=C(c1ccccc1-c1ccccc1)C(CCc1ccccc1)Cn1ccc2ccccc21
O=C(c1ccccc1-c1ccccc1)C(CCc1ccccc1)Cn1ccc2ccccc21
O=C(c1ccccc1-c1ccccc1)C(CCc1ccccc1)Cn1ccc2ccccc21
O=C(c1ccccc1-c1ccccc1)C(CCc1ccccc1)Cn1ccc2ccccc21
c1ccc(CCC(Cc2ccccc2-c2ccccc2)Cn2ccc3ccccc32)cc1
c1ccc(CCC(Cn2ccc3ccccc32)c2ccccc2-c2ccccc2)cc1
c1ccc(CCC(Cn2ccc3ccccc32)c2ccccc2-c2ccccc2)cc1
c1ccc(CCC(Cn2ccc3ccccc32)c2ccccc2-c2ccccc2)cc1
c1ccc(CCC(Cn2ccc3ccccc32)c2ccccc2-c2ccccc2)cc1
c1ccc(CCC(Cn2ccc3ccccc32)c2ccccc2-c2ccccc2)cc1
c1ccc(CCC(Cn2ccc3ccccc32)c2ccccc2-c2ccccc2)cc1
c1ccc(CCC(Cn2ccc3ccccc32)c2ccccc2-c2ccccc2)cc1
c1ccc(CCC(Cn2ccc3ccccc32)c2ccccc2-c2ccccc2)cc1
c1ccc(CCC(Cn2ccc3ccccc32)c2ccccc2-c2ccccc2)cc1
c1ccc(CCC(Cn2ccc3ccccc32)c2ccccc2-c2ccccc2)cc1
c1ccc(CCC(Cn2ccc3ccccc32)Oc2ccccc2-c2ccccc2)cc1
c1ccc(CCC(Cn2ccc3ccccc32)Oc2ccccc2-c2ccccc2)cc1
c1ccc(CCC(Cn2ccc3ccccc32)Oc2ccccc2-c2ccccc2)cc1
c1ccc(CCC(Cn2ccc3ccccc32)Oc2ccccc2-c2ccccc2)cc1
c1ccc(CCC(Cn2ccc3ccccc32)Oc2ccccc2-c2ccccc2)cc1
c1ccc(CCC(Cn2ccc3ccccc32)Oc2ccccc2-c2ccccc2)cc1
c1ccc(CCC(Cn2ccc3ccccc32)Oc2ccccc2-c2ccccc2)cc1
c1ccc(CCC(Cn2ccc3ccccc32)Oc2ccccc2-c2ccccc2)cc1
c1ccc(CCC(Cn2ccc3ccccc32)Oc2ccccc2-c2ccccc2)cc1
c1ccc(CCC(Cn2ccc3ccccc32)Oc2ccccc2-c2ccccc2)cc1
c1ccc(CCCCn2ccc3ccc(-c4ccccc4-c4ccccc4)cc32)cc1
c1ccc(CCCCn2ccc3ccc(-c4ccccc4-c4ccccc4)cc32)cc1
c1ccc(CCCCn2ccc3ccc(-c4ccccc4-c4ccccc4)cc32)cc1
c1ccc(CCCCn2ccc3ccc(-c4ccccc4-c4ccccc4)cc32)cc1
c1ccc(CCCCn2ccc3ccc(-c4ccccc4-c4ccccc4)cc32)cc1
c1ccc(CCCCn2ccc3ccc(-c4ccccc4-c4ccccc4)cc32)cc1
c1ccc(CCCCn2ccc3ccc(-c4ccccc4-c4ccccc4)cc32)cc1
c1ccc(CCCCn2ccc3ccc(-c4ccccc4-c4ccccc4)cc32)cc1
c1ccc(CCCCn2ccc3ccc(-c4ccccc4-c4ccccc4)cc32)cc1
c1ccc(CCCCn2ccc3ccc(-c4ccccc4-c4ccccc4)cc32)cc1
c1ccc(CCCCn2ccc3ccc(-c4ccccc4-c4ccccc4)cc32)cc1
c1ccc(CCCCn2ccc3ccc(-c4ccccc4-c4ccccc4)cc32)cc1
c1ccc(CCCCn2ccc3ccc(-c4ccccc4-c4ccccc4)cc32)cc1
c1ccc(CCCCn2ccc3ccc(-c4ccccc4-c4ccccc4)cc32)cc1
c1ccc(CCCCn2ccc3ccc(-c4ccccc4-c4ccccc4)cc32)cc1
c1ccc(CCCCn2ccc3ccc(-c4ccccc4-c4ccccc4)cc32)cc1
c1ccc(CCCCn2ccc3ccc(-c4ccccc4-c4ccccc4)cc32)cc1
c1ccc(CCCCn2ccc3ccc(-c4ccccc4-c4ccccc4)cc32)cc1
c1ccc(CCCCn2ccc3ccc(-c4ccccc4-c4ccccc4)cc32)cc1
c1ccc(CCCCn2ccc3ccc(-c4ccccc4-c4ccc(CN5CCCC5)cc4)cc32)cc1
c1ccc(CCCCn2ccc3ccc(-c4ccccc4-c4ccc(CN5CCCC5)cc4)cc32)cc1
c1ccc(CCCCn2ccc3ccc(-c4ccccc4-c4ccc(CN5CCC5)cc4)cc32)cc1
c1ccc(CCCCn2ccc3ccc(-c4ccccc4-c4ccc(N5CCC5)cc4)cc32)cc1
c1ccc(CCCCn2ccc3ccc(-c4ccccc4-c4ccc(N5CC5)cc4)cc32)cc1
c1ccc(CCCCn2ccc3ccc(-c4ccccc4-c4ccc(N5CC5)cc4)cc32)cc1
c1ccc(CCCCn2ccc3ccc(-c4ccccc4-c4ccc(N5CC5)cc4)cc32)cc1
c1ccc(CCCCn2ccc3ccc(-c4ccccc4-c4ccc(N5CCC5)cc4)cc32)cc1
c1ccc(CCCCn2ccc3ccc(-c4ccccc4-c4ccc(N5CCC5)cc4)cc32)cc1
c1ccc(CCCCn2ccc3ccc(-c4ccccc4-c4ccc(N5CCC5)cc4)cc32)cc1
c1ccc(CCCCn2ccc3ccc(-c4ccccc4-c4ccc(N5CCC5)cc4)cc32)cc1
c1ccc(CCCCn2ccc3ccc(-c4ccccc4-c4ccc(N5CCC5)cc4)cc32)cc1
c1ccc(CCCCn2ccc3ccc(-c4ccccc4-c4ccccc4)cc32)cc1
c1ccc(CCCCn2ccc3ccc(-c4ccccc4-c4ccccc4)cc32)cc1
c1ccc(CCCCn2ccc3ccc(-c4ccccc4-c4ccccc4)cc32)cc1
c1ccc(CCCCn2ccc3ccc(-c4ccccc4-c4ccccc4)cc32)cc1
c1ccc(CCCCn2ccc3ccc(-c4ccccc4-c4ccccc4)cc32)cc1
c1ccc(CCCCn2ccc3c(-c4ccccc4-c4ccccc4)cccc32)cc1
c1ccc(CCCCn2ccc3c(-c4ccccc4-c4ccccc4)cccc32)cc1
c1ccc(CCCCn2ccc3c(-c4ccccc4-c4ccccc4)cccc32)cc1
c1ccc(CCCCn2ccc3c(-c4ccccc4-c4ccccc4)cccc32)cc1
c1ccc(CCCCn2ccc3c(-c4ccccc4-c4ccccc4)cccc32)cc1
c1ccc(CCCCn2ccc3c(-c4ccccc4-c4ccccc4)cccc32)cc1
c1ccc(CCCCn2ccc3c(-c4ccccc4-c4ccccc4)cccc32)cc1
c1ccc(CCCCn2ccc3c(-c4ccccc4-c4ccccc4)cccc32)cc1
c1ccc(CCCCn2ccc3c(-c4ccccc4-c4ccccc4)cccc32)cc1
c1ccc(CCCCn2ccc3c(-c4ccccc4-c4ccccc4)cccc32)cc1
c1ccc(CCCCn2ccc3c(-c4ccccc4-c4ccccc4)cccc32)cc1
c1ccc(CCCCn2ccc3c(-c4ccccc4-c4ccccc4)cccc32)cc1
c1ccc(CCCCn2ccc3c(-c4ccccc4-c4ccccc4)cccc32)cc1
c1ccc(CCCCn2ccc3c(-c4ccccc4-c4ccccc4)cccc32)cc1
c1ccc(CCCCn2ccc3c(-c4ccccc4-c4ccccc4)cccc32)cc1
c1ccc(CCCCn2ccc3c(-c4ccccc4-c4ccccc4)cccc32)cc1
c1ccc(CCCCn2ccc3c(-c4ccccc4-c4ccccc4)cccc32)cc1
c1ccc(CCCCn2ccc3c(-c4ccccc4-c4ccccc4)cccc32)cc1
c1ccc(CCCCn2ccc3c(-c4ccccc4-c4ccccc4)cccc32)cc1
c1ccc(CCCCn2ccc3c(-c4ccccc4-c4ccccc4)cccc32)cc1
c1ccc(CCCCn2ccc3c(-c4ccccc4-c4ccccc4)cccc32)cc1
c1ccc(CCCCn2ccc3c(-c4ccccc4-c4ccccc4)cccc32)cc1
c1ccc(CCCCn2ccc3c(-c4ccccc4-c4ccccc4)cccc32)cc1
c1ccc(CCCCn2ccc3c(-c4ccccc4-c4ccccc4)cccc32)cc1
c1ccc(CCCCn2ccc3c(-c4ccccc4-c4ccccc4)cccc32)cc1
c1ccc(CCCCn2ccc3c(-c4ccccc4-c4ccccc4)cccc32)cc1
c1ccc(CCCCn2ccc3c(-c4ccccc4-c4ccccc4)cccc32)cc1
c1ccc(CCCCn2ccc3c(-c4ccccc4-c4ccccc4)cccc32)cc1
c1ccc(CCCCn2ccc3c(-c4ccccc4-c4ccccc4)cccc32)cc1
c1ccc(CCCCn2ccc3cc(-c4ccccc4-c4ccccc4)ccc32)cc1
c1ccc(CCCCn2ccc3cc(-c4ccccc4-c4ccccc4)ccc32)cc1
c1ccc(CCCCn2ccc3cc(-c4ccccc4-c4ccccc4)ccc32)cc1
c1ccc(CCCCn2ccc3cc(-c4ccccc4-c4cc5ccc4-5)ccc32)cc1
c1ccc(CCCCn2ccc3ccc(-c4ccccc4-c4cc5ccc4-5)cc32)cc1
c1ccc(CCCCn2ccc3ccc(-c4ccccc4-c4ccccc4)cc32)cc1
c1ccc(CCCCn2ccc3ccc(-c4ccccc4-c4ccccc4)cc32)cc1
c1ccc(CCCCn2ccc3ccc(-c4ccccc4-c4ccccc4)cc32)cc1
c1ccc(CCCCn2ccc3ccc(-c4ccccc4-c4ccccc4)cc32)cc1
c1ccc(CCCCn2ccc3ccc(-c4ccccc4-c4ccccc4)cc32)cc1
c1ccc(CCCCn2ccc3ccc(-c4ccccc4-c4ccccc4)cc32)cc1
c1ccc(CCCCn2ccc3ccc(-c4ccccc4-c4ccccc4)cc32)cc1
c1ccc(CCCCn2ccc3ccc(-c4ccccc4-c4ccccc4)cc32)cc1
c1ccc(CCCCn2ccc3ccc(-c4ccccc4-c4ccccc4)cc32)cc1
c1ccc(CCCCn2ccc3ccc(-c4ccccc4-c4ccccc4)cc32)cc1
c1ccc(CCCCn2ccc3ccc(-c4ccccc4-c4ccccc4)cc32)cc1
c1ccc(CCCCn2ccc3ccc(-c4ccccc4-c4ccccc4)cc32)cc1
c1ccc(CCCCn2ccc3ccc(-c4ccccc4-c4ccccc4)cc32)cc1
c1ccc(CCCCn2ccc3ccc(-c4ccccc4-c4ccccc4)cc32)cc1
c1ccc(CCCCn2ccc3ccc(-c4ccccc4-c4ccccc4)cc32)cc1
c1ccc(CCCCn2ccc3ccc(-c4ccccc4-c4ccccc4)cc32)cc1
c1ccc(CCCCn2ccc3ccc(-c4ccccc4-c4ccccc4)cc32)cc1
c1ccc(CCCCn2ccc3ccc(-c4ccccc4-c4ccccc4)cc32)cc1
c1ccc(CCCCn2ccc3ccc(-c4ccccc4-c4ccccc4)cc32)cc1
c1ccc(CCCCn2ccc3ccc(-c4ccccc4-c4ccccc4)cc32)cc1
c1ccc(CCCCn2ccc3ccc(-c4ccccc4-c4ccccc4)cc32)cc1
c1ccc(CCCCn2ccc3ccc(-c4ccccc4-c4ccccc4)cc32)cc1
c1ccc(CCCCn2ccc3ccc(-c4ccccc4-c4ccccc4)cc32)cc1
c1ccc(CCCCn2ccc3ccc(-c4ccccc4-c4ccccc4)cc32)cc1
c1ccc(CCCCn2ccc3ccc(-c4ccccc4-c4ccccc4)cc32)cc1
c1ccc(CCCCn2ccc3ccc(-c4ccccc4-c4ccccc4)cc32)cc1
c1ccc(CCCCn2ccc3ccc(-c4ccccc4-c4ccccc4)cc32)cc1
c1ccc(CCCCn2ccc3ccc(-c4ccccc4-c4ccccc4)cc32)cc1
c1ccc(CCCCn2ccc3cc(-c4ccccc4-c4ccccc4)ccc32)cc1
c1ccc(CCCCn2ccc3cc(-c4ccccc4-c4ccccc4)ccc32)cc1
c1ccc(CCCCn2ccc3cc(-c4ccccc4-c4ccccc4)ccc32)cc1
c1ccc(CCCCn2ccc3cc(-c4ccccc4-c4ccccc4)ccc32)cc1
c1ccc(CCCCn2ccc3cc(-c4ccccc4-c4ccccc4)ccc32)cc1
c1ccc(CCCCn2ccc3cc(-c4ccccc4-c4ccccc4)ccc32)cc1
c1ccc(CCCCn2ccc3cc(-c4ccccc4-c4ccccc4)ccc32)cc1
c1ccc(CCCCn2ccc3cc(-c4ccccc4Cc4ccccc4)ccc32)cc1
O=C(OCc1ccccc1-c1ccc2c(ccn2CCCCc2ccccc2)c1)c1ccccc1
O=C(OCc1ccccc1-c1ccc2c(ccn2CCCCc2ccccc2)c1)c1ccccc1
O=C(OCc1ccccc1-c1ccc2c(ccn2CCCCc2ccccc2)c1)c1ccccc1
O=C(OCc1ccccc1-c1cn(CCCCc2ccccc2)c2ccccc12)c1ccccc1
O=C(OCc1ccccc1-c1cn(CCCCc2ccccc2)c2ccccc12)c1ccccc1
O=C(Oc1ccccc1-c1cn(CCCCc2ccccc2)c2ccccc12)c1ccccc1
O=C(Oc1ccccc1-c1cn(CCCCc2ccccc2)c2ccccc12)c1ccccc1
O=C(Oc1ccccc1-c1cn(CCCCc2ccccc2)c2ccccc12)c1ccccc1
O=C(Oc1ccccc1-c1cn(CCCCc2ccccc2)c2ccccc12)c1ccc2c(c1)CCC2
O=C(Oc1ccccc1-c1cn(CCCCc2ccccc2)c2ccccc12)c1ccc2c(c1)CC2
O=C(Oc1ccccc1-c1cn(CCCCc2ccccc2)c2ccccc12)c1ccc2c(c1)CC2
O=C(Oc1ccc(-c2cn(CCCCc3ccccc3)c3ccccc23)cc1)c1ccc2c(c1)CC2
O=C(Oc1ccc(-c2cn(CCCCc3ccccc3)c3ccccc23)cc1)c1ccc2c(c1)C2
O=C(Oc1ccc(-c2cn(CCCCc3ccccc3)c3ccccc23)cc1)c1ccc2c(c1)C2
O=C(Oc1ccc(-c2cn(CCCCc3ccccc3)c3ccccc23)cc1)c1ccccc1
O=C(Oc1ccc(-c2cn(CCCCc3ccccc3)c3ccccc23)cc1)c1ccccc1
O=C(Cc1ccc(-c2cn(CCCCc3ccccc3)c3ccccc23)cc1)c1ccccc1
O=C(Cc1ccc(-c2cn(CCCCc3ccccc3)c3ccccc23)cc1)c1ccccc1
O=C(c1ccccc1)c1ccc(-c2cn(CCCCc3ccccc3)c3ccccc23)cc1
O=C(c1ccccc1)c1ccc(-c2cn(CCCCc3ccccc3)c3ccccc23)cc1
O=C(c1ccccc1)c1ccc(-c2cn(CCCCc3ccccc3)c3ccccc23)cc1
O=C(c1ccccc1)c1ccc(-c2cn(CCCCc3ccccc3)c3ccccc23)cc1
O=C(c1ccccc1)c1ccc(-c2cn(CCCCc3ccccc3)c3ccccc23)cc1
O=C(c1ccccc1)c1ccc(-c2cn(CCCCc3ccccc3)c3ccccc23)cc1
O=C(c1ccccc1)c1ccc(-c2cn(CCCCc3ccccc3)c3ccccc23)cc1
O=C(c1ccccc1)c1ccc(Cc2cn(CCCCc3ccccc3)c3ccccc23)cc1
O=C(c1ccccc1)c1ccc(Cc2cn(CCCCc3ccccc3)c3ccccc23)cc1
O=C(c1ccccc1)c1ccc(Cc2cn(CCCCc3ccccc3)c3ccccc23)cc1
O=C(c1ccc(Cc2ccccc2)cc1)c1cn(CCCCc2ccccc2)c2ccccc12
O=C(c1ccc(Cc2ccccc2)cc1)c1cn(CCCCc2ccccc2)c2ccccc12
O=C(c1ccc(CCc2ccccc2)cc1)c1cn(CCCCc2ccccc2)c2ccccc12
O=C(c1ccc(CCc2ccccc2)cc1)c1cn(CCCCc2ccccc2)c2ccccc12
O=C(c1ccc(CCc2ccccc2)cc1)c1cn(CCCCc2ccccc2)c2ccccc12
O=C(c1ccc(Cc2ccccc2)cc1)c1cn(CCCCc2ccccc2)c2ccccc12
O=C(c1ccc(Cc2ccccc2)cc1)c1cn(CCCCc2ccccc2)c2ccccc12
O=C(c1ccc(-c2ccccc2)cc1)c1cn(CCCCc2ccccc2)c2ccccc12
O=C(c1ccc(-c2ccccc2)cc1)c1cn(CCCCc2ccccc2)c2ccccc12
O=C(c1ccc(-c2ccccc2)cc1)c1cn(CCCCc2ccccc2)c2ccccc12
O=C(c1ccc(-c2ccccc2)cc1)c1cn(CCCCc2ccccc2)c2ccccc12
O=C(c1ccc(-c2ccccc2)cc1)c1cn(CCCCc2ccccc2)c2ccccc12
O=C(c1ccc(-c2ccccc2)cc1)c1cn(CCCCc2ccccc2)c2ccccc12
O=C(Cc1cn(CCCCc2ccccc2)c2ccccc12)c1ccc(-c2ccccc2)cc1
O=C(Cc1ccc(-c2ccccc2)cc1)c1cn(CCCCc2ccccc2)c2ccccc12
O=C(Oc1ccccc1-c1ccccc1)c1cn(CCCCc2ccccc2)c2ccccc12
O=C(Oc1ccccc1-c1ccccc1)c1cn(CCCCc2ccccc2)c2ccccc12
O=C(Oc1ccccc1-c1ccccc1)c1cn(CCCCc2ccccc2)c2ccccc12
O=C(OCc1ccccc1-c1ccccc1)c1cn(CCCCc2ccccc2)c2ccccc12
O=C(OCc1ccccc1-c1ccccc1)c1cn(CCCCc2ccccc2)c2ccccc12
O=C(OCc1ccccc1-c1ccccc1)c1cn(CCCCc2ccccc2)c2ccccc12
O=C(OCc1ccccc1-c1ccccc1)c1cn(CCCCc2ccccc2)c2ccccc12
O=C(OCc1cccc(-c2ccccc2)c1)c1cn(CCCCc2ccccc2)c2ccccc12
O=C(Oc1ccc(-c2ccccc2)cc1)c1cn(CCCCc2ccccc2)c2ccccc12
O=C(Oc1ccc(-c2ccccc2)cc1)c1cn(CCCCc2ccccc2)c2ccccc12
O=C(Oc1ccc(Cc2ccccc2)cc1)c1cn(CCCCc2ccccc2)c2ccccc12
O=C(Oc1ccc(Cc2ccccc2)cc1)c1cn(CCCCc2ccccc2)c2ccccc12
O=C(Oc1ccc(Cc2ccccc2)cc1)c1cn(CCCCc2ccccc2)c2ccccc12
O=C(OCc1ccc(Cc2ccccc2)cc1)c1cn(CCCCc2ccccc2)c2ccccc12
O=C(OCc1ccc(Cc2ccccc2)cc1)c1cn(CCCCc2ccccc2)c2ccccc12
O=C(OCc1ccc(-c2ccccc2)cc1)c1cn(CCCCc2ccccc2)c2ccccc12
O=C(OCc1ccc(-c2ccccc2)cc1)c1cn(CCCCc2ccccc2)c2ccccc12
O=C(OCc1ccc(-c2ccccc2)cc1)c1cn(CCCCc2ccccc2)c2ccccc12
O=C(OCc1ccc(-c2ccccc2)cc1)c1cn(CCCCc2ccccc2)c2ccccc12
O=C(OCc1ccc(-c2ccccc2)cc1)c1cn(CCCCc2ccccc2)c2ccccc12
O=C(OCc1ccc(-c2ccccc2)cc1)c1cn(CCCCc2ccccc2)c2ccccc12
O=C(OCc1ccc(-c2ccccc2)cc1)c1cn(CCCCc2ccccc2)c2ccccc12
O=C(OCc1ccc(-c2ccccc2)cc1)c1cn(CCCCc2ccccc2)c2ccccc12
O=C(OCc1cn(CCCCc2ccccc2)c2ccccc12)c1ccc(-c2ccccc2)cc1
O=C(OCc1cn(CCCCc2ccccc2)c2ccccc12)c1ccc(-c2ccccc2)cc1
O=C(OCc1cn(CCCCc2ccccc2)c2ccccc12)c1ccc(-c2ccccc2)cc1
O=C(OCc1cn(CCCCc2ccccc2)c2ccccc12)c1ccc(-c2ccccc2)cc1
O=C(OCc1cn(CCCCc2ccccc2)c2ccccc12)c1ccc(-c2ccccc2)cc1
O=C(OCc1cn(CCCCc2ccccc2)c2ccccc12)c1ccc(-c2ccccc2)cc1
O=C(Oc1cn(CCCCc2ccccc2)c2ccccc12)c1ccc(-c2ccccc2)cc1
O=C(Oc1cn(CCCCc2ccccc2)c2ccccc12)c1ccc(-c2ccccc2)cc1
O=C(Oc1cn(CCCCc2ccccc2)c2ccccc12)c1ccc(-c2ccccc2)cc1
O=C(Cc1cn(CCCCc2ccccc2)c2ccccc12)c1ccc(-c2ccccc2)cc1
O=C(Cc1cn(CCCCc2ccccc2)c2ccccc12)c1ccc(-c2ccccc2)cc1
O=C(CCc1cn(CCCCc2ccccc2)c2ccccc12)c1ccc(-c2ccccc2)cc1
O=C(CCc1cn(CCCCc2ccccc2)c2ccccc12)c1ccc(-c2ccccc2)cc1
O=C(CCc1cn(CCCCc2ccccc2)c2ccccc12)c1ccc(-c2ccccc2)cc1
O=C(CCc1cn(CCCCc2ccccc2)c2ccccc12)c1ccc(-c2ccccc2)cc1
O=C(CCc1cccc2c1ccn2CCCCc1ccccc1)c1ccc(-c2ccccc2)cc1
O=C(Cc1cccc2c1ccn2CCCCc1ccccc1)c1ccc(-c2ccccc2)cc1
O=C(Cc1cccc2c1ccn2CCCCc1ccccc1)c1ccc(-c2ccccc2)cc1
O=C(c1ccc(-c2ccccc2)cc1)c1cccc2c1ccn2CCCCc1ccccc1
O=C(c1ccc(-c2ccccc2)cc1)c1cccc2c1ccn2CCCCc1ccccc1
O=C(Cc1cccc2c1ccn2CCCCc1ccccc1)c1ccc(-c2ccccc2)cc1
O=C(Cc1cccc2c1ccn2CCCCc1ccccc1)c1ccc(-c2ccccc2)cc1
O=C(Cc1cccc2c1ccn2CCCCc1ccccc1)Oc1ccc(-c2ccccc2)cc1
O=C(Oc1ccc(-c2ccccc2)cc1)c1cccc2c1ccn2CCCCc1ccccc1
O=C(Oc1ccc(-c2ccccc2)cc1)c1cccc2c1ccn2CCCCc1ccccc1
O=C(Oc1ccc(-c2ccccc2)cc1)c1cccc2c1ccn2CCCCc1ccccc1
O=C(Nc1ccc(-c2ccccc2)cc1)c1cccc2c1ccn2CCCCc1ccccc1
O=C(Nc1ccc(-c2ccccc2)cc1)c1cccc2c1ccn2CCCCc1ccccc1
O=C(Nc1ccc(-c2ccccc2)cc1)c1cccc2c1ccn2CCCCc1ccccc1
O=C(Nc1ccc(-c2ccccc2)cc1)c1cccc2c1ccn2CCCCc1ccccc1
O=C(Nc1ccc(C2C=CC=C2)cc1)c1cccc2c1ccn2CCCCc1ccccc1
O=C(Nc1ccc(C2=CC=C2)cc1)c1cccc2c1ccn2CCCCc1ccccc1
O=C(Nc1ccc(C2C=C2)cc1)c1cccc2c1ccn2CCCCc1ccccc1
O=C(Nc1ccccc1)c1cccc2c1ccn2CCCCc1ccccc1
O=C(Nc1ccccc1)c1cccc2c1ccn2CCCCc1ccccc1
O=C(Cc1ccccc1)c1cccc2c1ccn2CCCCc1ccccc1
O=C(Cc1ccccc1)c1cccc2c1ccn2CCCCc1ccccc1
O=C(Cc1ccccc1)c1cccc2c1ccn2CCCCc1ccccc1
O=C(Cc1ccccc1)c1cccc2c1ccn2CCCCc1ccccc1
O=C(c1ccccc1)c1cccc2c1ccn2CCCCc1ccccc1
O=C(c1ccccc1)c1cccc2c1ccn2CCCCc1ccccc1
O=C(c1ccccc1)c1cccc2c1ccn2CCCCc1ccccc1
O=C(c1ccccc1)c1cccc2c1ccn2CCCCc1ccccc1
O=C(c1ccccc1)c1cccc2c1ccn2CCCCc1ccccc1
O=C(c1cccc2c1ccn2CCCCc1ccccc1)C1C=CC=C1
O=C(C1=CC=C1)c1cccc2c1ccn2CCCCc1ccccc1
O=C(C1=CC1)c1cccc2c1ccn2CCCCc1ccccc1
c1ccc(CCCCn2ccc3ccccc32)cc1
c1ccc(CCCCn2ccc3ccccc32)cc1
c1ccc(CCCCn2ccc3ccccc32)cc1
c1ccc(CCCCn2ccc3ccccc32)cc1
c1ccc(CCCCn2ccc3ccccc32)cc1
c1ccc(CCCCn2ccc3ccccc32)cc1
c1ccc(CCCCn2ccc3ccccc32)cc1
c1ccc(CCCCn2ccc3ccccc32)cc1
c1ccc(CCCCn2ccc3ccccc32)cc1
c1ccc(CCCCn2ccc3ccccc32)cc1
c1ccc(CCCCn2ccc3ccccc32)cc1
c1ccc(CCCCn2ccc3ccccc32)cc1
c1ccc(CCCCn2ccc3ccccc32)cc1
c1ccc(CCCCn2ccc3ccccc32)cc1
c1ccc(CCCCn2ccc3ccccc32)cc1
c1ccc(CCCCn2ccc3ccccc32)cc1
c1ccc(CCCCn2ccc3ccccc32)cc1
O=C1C=CN(CCCCc2ccccc2)c2ccccc2CC1
O=C1C=CN(CCCCc2ccccc2)c2ccccc2CC1
O=C1C=CN(CCCCc2ccccc2)c2ccccc2C1
O=c1ccn(CCCCc2ccccc2)c2ccccc12
c1ccc(CN(Cc2ccc(Oc3ccccc3)cc2)c2ccccc2)cc1
c1ccc(CN(Cc2ccc(Oc3ccccc3)cc2)c2ccccc2)cc1
c1ccc(CN(Cc2ccc(Oc3ccccc3)cc2)c2ccccc2)cc1
c1ccc(CN(Cc2ccc(Oc3ccccc3)cc2)c2ccccc2)cc1
c1ccc(Cc2ccccc2Oc2ccc(CNc3ccccc3)cc2)cc1
c1ccc(Cc2ccccc2Oc2ccc(CNc3ccccc3)cc2)cc1
c1ccc(Cc2ccccc2Oc2ccc(CNc3ccccc3)cc2)cc1
c1ccc(CNc2ccccc2Oc2ccc(CNc3ccccc3)cc2)cc1
c1ccc(CNc2ccncc2Oc2ccc(CNc3ccccc3)cc2)cc1
c1ccc(CNc2ccncc2Oc2ccc(CNc3ccccc3)cc2)cc1
c1ccc(CNc2ccncc2Oc2ccc(CNc3ccccc3)cc2)cc1
c1ccc(CNc2ccncc2Oc2ccc(CNc3ccccc3)cc2)cc1
c1ccc(CNc2ccncc2Cc2ccc(CNc3ccccc3)cc2)cc1
c1ccc(CNc2ccncc2-c2ccc(CNc3ccccc3)cc2)cc1
c1ccc(Cn2c3ccncc3c3ccc(CNc4ccccc4)cc32)cc1
c1ccc(NCc2ccc3c(c2)N(c2ccncc2)C3c2ccccc2)cc1
c1ccc(NCc2ccc3c(c2)N(c2ccncc2)C3c2ccccc2)cc1
c1ccc(NCc2ccc3c(c2)n(-c2ccncc2)n3-c2ccccc2)cc1
c1ccc(NCc2ccc3c(c2)n(-c2ccncc2)n3-c2ccccc2)cc1
c1ccc(NCc2ccc3c(c2)n(-c2ccncc2)n3-c2ccccc2)cc1
c1ccc(NCc2ccc3c(c2)n(-c2ccncc2)n3-c2ccccc2)cc1
c1ccc(NCc2ccc3c(c2)n(-c2ccncc2)n3-c2ccccc2)cc1
c1ccc(NCc2ccc3c(c2)n(-c2ccncc2)n3-c2ccccc2)cc1
c1ccc(NCc2ccc3c(c2)n(-c2ccncc2)n3-c2ccccc2)cc1
c1ccc(NCc2ccc3c(c2)n(-c2ccncc2)n3-c2ccccc2)cc1
c1ccc(NCc2ccc3c(c2)n(-c2ccccc2)n3-c2ccccc2)cc1
c1ccc(NCc2ccc3c(c2)n(-c2ccccc2)n3-c2ccccc2)cc1
c1ccc(NCCc2ccccc2-n2c3ccccc3n2-c2ccccc2)cc1
c1ccc(NCCc2ccccc2-n2c3ccccc3n2-c2ccccc2)cc1
c1ccc(NCCc2ccccc2-n2c3ccccc3n2-c2ccccc2)cc1
c1ccc(NCCc2ccccc2-n2c3ccccc3n2-c2ccccc2)cc1
c1ccc(NCCc2ccccc2-n2c3ccccc3n2-c2ccccc2)cc1
c1ccc(NCCc2ccccc2-n2c3ccccc3n2-c2ccccc2)cc1
c1ccc(NCCc2ccccc2-n2c3ccccc3n2-c2ccccc2)cc1
c1ccc(NCCc2ccccc2-n2c3ccccc3n2-c2ccccc2)cc1
c1ccc(NCCc2ccccc2-n2c3ccccc3n2-c2ccccc2)cc1
c1ccc(NCCc2ccccc2-n2c3ccccc3n2-c2ccccc2)cc1
c1ccc(NCCc2ccccc2-n2c3ccccc3n2-c2ccccc2)cc1
c1ccc(NCCc2ccccc2-n2c3ccccc3n2-c2ccccc2)cc1
c1ccc(NCCc2ccccc2-n2c3ccccc3n2-c2ccccc2)cc1
c1ccc(NCCc2ccccc2-n2c3ccccc3n2-c2ccccc2)cc1
c1ccc(NCCc2ccccc2-n2c3ccccc3n2-c2ccccc2)cc1
c1ccc(NCCc2ccccc2-n2c3ccccc3n2-c2ccccc2)cc1
c1ccc(NCCc2ccccc2-n2c3ccccc3n2-c2ccccc2)cc1
c1ccc(NCCc2ccccc2-n2c3ccccc3n2-c2ccccc2)cc1
c1ccc(NCCc2ccccc2-n2c3ccccc3n2-c2ccccc2)cc1
c1ccc(NCCc2ccccc2-n2c3ccccc3n2-c2ccccc2)cc1
c1ccc(NCCc2ccccc2-n2c3ccccc3n2-c2ccccc2)cc1
c1ccc(NCCc2ccccc2-n2c3ccccc3n2-c2ccccc2)cc1
c1ccc(NCCc2ccccc2-n2c3ccccc3n2-c2ccccc2)cc1
c1ccc(NCCc2ccccc2-n2c3ccccc3n2-c2ccccc2)cc1
c1ccc(NCCc2ccccc2-n2c3ccccc3n2-c2ccccc2)cc1
c1ccc(NCCc2ccccc2-n2c3ccccc3n2-c2ccccc2)cc1
c1ccc(NCCc2ccccc2-n2c3ccccc3n2-c2ccccc2)cc1
c1ccc(NCCc2ccccc2-n2c3cccnc3n2-c2ccccc2)cc1
c1ccc(NCCc2ccccc2-n2c3cccnc3n2-c2ccccc2)cc1
c1ccc(NCc2ccccc2-n2c3cccnc3n2-c2ccccc2)cc1
c1ccc(CNc2cccc(-n3c4cccnc4n3-c3ccccc3)c2)cc1
c1ccc(CCNc2cccc(-n3c4cccnc4n3-c3ccccc3)c2)cc1
c1ccc(CCNc2cccc(-n3c4cccnc4n3-c3ccccc3)c2)cc1
c1ccc(CCNc2cccc(-n3c4cccnc4n3-c3ccccc3)c2)cc1
c1ccc(CCNc2cccc(-n3c4cccnc4n3-c3ccccc3)c2)cc1
c1ccc(CCNc2cccc(-n3c4ccccc4n3-c3ccccc3)c2)cc1
c1ccc(CCNc2cccc(-n3c4ccccc4n3-c3ccccc3)c2)cc1
c1ccc(CCNc2cccc(-n3c4ccccc4n3-c3ccccc3)c2)cc1
c1ccc(CCNc2cccc(-n3c4ccccc4n3-c3ccccc3)c2)cc1
c1ccc(CCNc2cccc(-n3c4ccccc4n3-c3ccccc3)c2)cc1
c1ccc(CCNc2cccc(-n3c4ccccc4n3-c3ccccc3)c2)cc1
c1ccc(CCNc2cccc(-n3c4ccccc4n3-c3ccccc3)c2)cc1
c1ccc(CCNc2cccc(-n3c4ccccc4n3-c3ccccc3)c2)cc1
c1ccc(CCNc2cccc(-n3c4ccccc4n3-c3ccccc3)c2)cc1
c1ccc(CCNc2cccc(-n3c4ccccc4n3-c3ccccc3)c2)cc1
c1ccc(CCNc2cccc(-n3c4ccccc4n3-c3ccccc3)c2)cc1
c1ccc(CCNc2cccc(-n3c4ccccc4n3-c3ccccc3)c2)cc1
c1ccc(CCNc2cccc(-n3c4ccccc4n3-c3ccccc3)c2)cc1
c1ccc(CCNc2cccc(-n3c4ccccc4n3-c3ccccc3)c2)cc1
c1ccc(CCNc2cccc(-n3c4ccccc4n3-c3ccccc3)c2)cc1
c1ccc(CCNc2cccc(-n3c4ccccc4n3-c3ccccc3)c2)cc1
c1ccc(CCNc2cccc(-n3c4ccccc4n3-c3ccccc3)c2)cc1
c1ccc(CCNc2cccc(-n3c4ccccc4n3-c3ccccc3)c2)cc1
c1ccc(CCNc2cccc(-n3c4ccccc4n3-c3ccccc3)c2)cc1
c1ccc(CCNc2cccc(-n3c4ccccc4n3-c3ccccc3)c2)cc1
c1ccc(CCNc2cccc(-n3c4ccccc4n3-c3ccccc3)c2)cc1
c1ccc(CCNc2cccc(-n3c4ccccc4n3-c3ccccc3)c2)cc1
c1ccc(CCNc2cccc(-n3c4ccccc4n3-c3ccccc3)c2)cc1
c1ccc(CCNc2cccc(-n3c4ccccc4n3-c3ccccc3)c2)cc1
c1ccc(CCNc2cccc(-n3c4ccccc4n3-c3ccccc3)c2)cc1
c1ccc(CCNc2cccc(-n3c4ccccc4n3-c3ccccc3)c2)cc1
c1ccc(CCNc2cccc(-n3c4ccccc4n3-c3ccccc3)c2)cc1
c1ccc(CCNc2cccc(-n3c4ccccc4n3-c3ccccc3)c2)cc1
c1ccc(CCNc2cccc3c2cnn3-c2ccccc2Nc2ccccc2)cc1
c1ccc(CCNc2cccc3c2cnn3-c2ccccc2Nc2ccccc2)cc1
c1ccc(CCNc2cccc3c2cnn3-c2ccccc2Nc2ccccc2)cc1
O=C(NCNc1ccccc1)c1ccccc1CCNc1cccc2c1cnn2-c1ccccc1
O=C(NCNc1ccccc1)c1ccccc1CCNc1cccc2c1cnn2-c1ccccc1
O=C(NCNNc1ccccc1)c1ccccc1CCNc1cccc2c1cnn2-c1ccccc1
O=C(NCNNc1ccccc1)c1ccccc1CCNc1cccc2c1cnn2-c1ccccc1
O=C(NCNc1ccccc1)c1ccccc1CCNc1cccc2c1cnn2-c1ccccc1
O=C(NCNc1ccccc1)c1ccccc1CCNc1cccc2c1cnn2-c1ccccc1
O=C(NCNc1ccccc1)c1ccccc1CCNc1cccc2c1cnn2-c1ccccc1
O=C(NCNC1C=CC=C1)c1ccccc1CCNc1cccc2c1cnn2-c1ccccc1
O=C(NCNC1=CC=C1)c1ccccc1CCNc1cccc2c1cnn2-c1ccccc1
O=C(NCNC1C=C1)c1ccccc1CCNc1cccc2c1cnn2-c1ccccc1
c1ccc(CCNc2cccc3c2cnn3-c2ccccc2)cc1
c1ccc(CCNc2cccc3c2cnn3-c2ccccc2)cc1
c1ccc(CCNc2cccc3c2cnn3-c2ccccc2)cc1
c1ccc(CCNc2cccc3c2cnn3-c2ccccc2)cc1
c1ccc(CCNc2cccc3c2cnn3-c2ccccc2)cc1
c1ccc(CCNc2cccc3c2cnn3-c2ccccc2)cc1
c1ccc(CCNc2cccc3c2cnn3-c2ccccc2)cc1
c1ccc(CCNc2cccc3c2cnn3-c2ccccc2)cc1
c1ccc(CCNc2cccc3c2cnn3-c2ccccc2)cc1
c1ccc(CCNc2cccc3c2cnn3-c2ccccc2)cc1
c1ccc(CCNc2cccc3c2cnn3-c2ccccc2)cc1
c1ccc(CCNc2cccc3c2cnn3-c2ccccc2)cc1
c1ccc(CCNc2cccc3c2cnn3-c2ccccc2)cc1
c1ccc(CCNc2cccc3c2cnn3-c2ccccc2)cc1
c1ccc(CCNc2cccc3c2cnn3-c2ccccc2)cc1
c1ccc(CCNc2cccc3c2cnn3-c2ccccc2)cc1
O=C(NCCCNc1cccc2c1cnn2-c1ccccc1)c1ccccc1
O=C(NCCCNc1cccc2c1cnn2-c1ccccc1)c1ccccc1
O=C(NCCCNc1cccc2c1cnn2-c1ccccc1)c1ccccc1
O=C(NCCCNc1cccc2c1cnn2-c1ccccc1)c1ccccc1
O=C(NCCCNc1cccc2c1cnn2-c1ccccc1)c1ccccc1
O=C(NCCCNc1cccc2c1cnn2-c1ccccc1)c1ccccc1
O=C(NCCCCNc1cccc2c1cnn2-c1ccccc1)c1ccccc1
O=C(NCCCCNc1cccc2c1cnn2-c1ccccc1)c1ccccc1
O=C(NCCCNc1cccc2c1cnn2-c1ccccc1)c1ccccc1
O=C(NCCCNc1cccc2c1cnn2-c1ccccc1)c1ccccc1
O=C(NCCCNc1cccc2c1cnn2-c1ccccc1)c1ccccc1
O=C(NCCCNc1cccc2c1cnn2-c1ccccc1)c1ccccc1
O=C(NCCCNc1cccc2c1cnn2-c1ccccc1)c1ccccc1
O=C(NCCCNc1cccc2c1cnn2-c1ccccc1)c1ccccc1
O=C(NCCCNc1cccc2c1cnn2-c1ccccc1)c1ccccc1
O=C(NCCCNc1cccc2c1cnn2-c1ccccc1)c1ccccc1
O=C(NCCCNc1cccc2c1cnn2-c1ccccc1)c1ccccc1
O=C(NCCCNc1cccc2c1cnn2-c1ccccc1)c1ccccc1
O=C(NCCCNc1cccc2c1cnn2-c1ccccc1)c1ccccc1
O=C(NCCCNc1cccc2c1cnn2-c1ccccc1)c1ccccc1
O=C(NCCCNc1cccc2c1cnn2-c1ccccc1)c1ccccc1
O=C(NCCCNc1cccc2c1cnn2-c1ccccc1)c1ccccc1
c1ccc(CN(Cc2ccccc2)c2ccccc2)cc1
C1=CC(N(Cc2ccccc2)Cc2ccccc2)=CC1
C1=CC(N(Cc2ccccc2)Cc2ccccc2)=CC1
C1=CCN(Cc2ccccc2)C(c2ccccc2)=CC1
C1=CCCN(Cc2ccccc2)C(c2ccccc2)=CC1
C1=CCCN(Cc2ccccc2)C(c2ccccc2)=CC1
C1=C(c2ccccc2)N(Cc2ccccc2)CCCC1
C1=C(c2ccccc2)N(Cc2ccccc2)CCCC1
C1=C(c2ccccc2)N(Cc2ccccc2)CCCC1
C1=C(c2ccccc2)N(Cc2ccccc2)CCCC1
C1=C(c2ccccc2)N(Cc2ccccc2)CCCC1
C1=C(c2ccccc2)N(Cc2ccccc2)CCCC1
C1=C(c2ccccc2)N(CCc2ccccc2)CCCC1
C1=C(c2ccccc2)N(CCc2ccccc2)CCCCC1
C1=C(c2ccccc2)N(CCc2ccccc2)CCCCC1
C1=C(c2ccccc2)N(CCc2ccccc2)CCCCC1
C1=C(c2ccccc2)N(CCc2ccccc2)CCCCC1
C1=C(c2ccccc2)N(CCc2ccccc2)CCCCC1
C1=C(c2ccccc2)N(CCc2ccccc2)CCCCC1
C1=C(c2ccccc2)N(CCc2ccccc2)CCCC1
C1=C(c2ccccc2)N(CCc2ccccc2)CCCC1
C1=C(c2ccccc2)N(CCc2ccccc2)CCCCC1
C1=C(c2ccccc2)N(CCc2ccccc2)CCCCC1
C1=C(c2ccccc2)N(CCc2ccccc2)CCCCC1
C1=C(c2ccccc2)N(CCc2ccccc2)CCCCC1
C1=CCCCCN(CCc2ccccc2)C=1c1ccccc1
C1=C(c2ccccc2)N(CCc2ccccc2)CCCC1
C1=C(c2ccccc2)N(CCc2ccccc2)CCCC1
C1=C(c2ccccc2)N(CCc2ccccc2)CCCC1
C1=C(Oc2ccccc2)N(CCc2ccccc2)CCCC1
C1=C(Cc2ccccc2)N(CCc2ccccc2)CCCC1
C1=C(Cc2ccccc2)N(CCc2ccccc2)CCCC1
C1=C(OCOc2ccccc2)N(CCc2ccccc2)CCCC1
C1=C(OCOc2ccccc2)N(CCc2ccccc2)CCCC1
C1=C(OCOc2ccccc2)N(CCc2ccccc2)CCCC1
C1=CN(CCc2ccccc2)CCCC1CCOc1ccccc1
C1=CN(CCc2ccccc2)CCCCC1CCOc1ccccc1
C1=CN(CCc2ccccc2)CCCCC1CCOc1ccccc1
C1=CN(CCc2ccccc2)CCCC1CCOc1ccccc1
C1=CN(CCc2ccccc2)CCCC1COc1ccccc1
C1=CN(CCc2ccccc2)CCCC1COc1ccccc1
C1=CN(CCc2ccccc2)CCCC1COc1ccccc1
C1=CN(CCc2ccccc2)CCCC1COc1ccccc1
C1=CN(CCc2ccccc2)CCCC1COc1ccccc1
C1=CN(CCc2ccccc2)CCCC1COc1ccccc1
C1=CN(CCc2ccccc2)CCCC1COc1ccccc1
C1=CN(CCc2ccccc2)CCCC1COc1ccccc1
C1=CN(CCc2ccccc2)CCCC1COc1ccccc1
C1=CN(CCc2ccccc2)CCCC1COc1ccccc1
C1=CN(CCc2ccccc2)CCCC1COc1ccccc1
C1=CN(CCc2ccccc2)CCCC1COc1ccccc1
C1=CN(CCc2ccccc2)CCCC1COc1ccccc1
C1=CN(CCc2ccccc2)CCCC1COc1ccccc1
C1=CN(CCc2ccccc2)CCCC1COc1ccccc1
C1=CN(CCc2ccccc2)CCCC1COc1ccccc1
C1=CN(CCc2ccccc2)CCCC1COc1ccccc1
C1=CN(CCc2ccccc2)CCCC1COc1ccccc1
C1=CN(CCc2ccccc2)CCCC1COc1ccccc1
C1=CN(CCc2ccccc2)CCCC1COc1ccccc1
C1=CN(CCc2ccccc2)CCCC1COc1ccccc1
C1=CN(CCc2ccccc2)CCCC1COc1ccccc1
C1=CN(CCc2ccccc2)CCCC1COc1ccccc1
C1=CN(CCc2ccccc2)CCCC1COc1ccccc1
C1=CN(CCc2ccccc2)CCCC1COc1ccccc1
C1=CN(CCc2ccccc2)CCCCC1COc1ccccc1
C1=CN(CCc2ccccc2)CCCCC1COc1ccccc1
C1=CN(CCc2ccccc2)CCCCC1COc1ccccc1
C1=CN(CCc2ccccc2)CCCCC1COc1ccccc1
C1=CN(CCc2ccccc2)CCCCC1COc1ccccc1
C1=CN(CCc2ccccc2)CCCCC1COc1ccccc1
C1=CN(CCc2ccccc2)CCCC1COc1ccccc1
C1=CN(CCc2ccccc2)CCCC1COc1ccccc1
C1=CN(CCc2ccccc2)CCCC1COc1ccccc1
C1=CN(CCc2ccccc2)CCCC1COc1ccccc1
C1=CN(CCc2ccccc2)CCCC1COc1ccccc1
C1=CN(CCc2ccccc2)CCCC1COc1ccccc1
C1=CN(CCc2ccccc2)CCCC1COc1ccccc1
C1=CN(CCc2ccccc2)CCCC1COc1ccccc1
C1=CN(CCc2ccccc2)CCCC1COc1ccccc1
C1=CN(CCc2ccccc2)CCCC1COc1ccccc1
C1=CN(CCc2ccccc2)CCCC1COc1ccccc1
C1=CN(CCc2ccccc2)CCCC1COc1ccccc1
C1=CN(CCc2ccccc2)CCCC1COc1ccccc1
C1=CN(CCc2ccccc2)CCCC1COc1ccccc1
C1=CN(CCc2ccccc2)CCCC1COc1ccccc1
C1=CN(CCc2ccccc2)CCCC1COc1ccccc1
C1=CN(CCc2ccccc2)CCCC1COc1ccccc1
C1=CN(CCc2ccccc2)CCCC1COc1ccccc1
C1=CN(CCc2ccccc2)CCCC1COc1ccccc1
C1=CN(CCc2ccccc2)CCCC1COc1ccccc1
C1=CN(CCc2ccccc2)CCCC1COc1ccccc1
C1=CN(CCc2ccccc2)CCCC1COc1ccccc1
C1=CN(CCc2ccccc2)CCCC1COc1ccccc1
C1=CN(CCc2ccccc2)CCCC1COc1ccccc1
C1=CN(CCc2ccccc2)CCCC1COc1ccccc1
C1=CN(CCc2ccccc2)CCCC1COc1ccccc1
C1=CN(CCc2ccccc2)CCCC1COc1ccccc1
C1=CN(CCc2ccccc2)CCCC1COc1ccccc1
C1=CN(CCc2ccccc2)CCCC1COc1ccccc1
C1=CN(CCc2ccccc2)CCCC1COc1ccccc1
C1=CN(CCc2ccccc2)CCCC1COc1ccccc1
C1=CN(CCc2ccccc2)CCCC1COc1ccccc1
C1=CN(CCc2ccccc2)CCCC1COc1ccccc1
c1ccc(CCN2CCCC(COc3ccccc3)C2)cc1
c1ccc(CCN2CCCC(COc3ccccc3)C2)cc1
c1ccc(CCN2CCCC(COc3ccccc3)C2)cc1
c1ccc(CCN2CCCC(COc3ccccc3)C2)cc1
c1ccc(CCN2CCCC(COc3ccccc3)C2)cc1
c1ccc(CCN2CCCC(COc3ccccc3)C2)cc1
c1ccc(CCN2CCCC(COc3ccccc3)C2)cc1
c1ccc(CCN2CCCC(COc3ccccc3)C2)cc1
c1ccc(CCN2CCCC(COc3ccccc3)C2)cc1
c1ccc(CCN2CCCC(COc3ccccc3)C2)cc1
c1ccc(CCN2CCCC(COc3ccccc3)C2)cc1
c1ccc(CCN2CCCC(COc3ccccc3)C2)cc1
c1ccc(CCN2CCCC(COc3ccccc3)C2)cc1
c1ccc(CCN2CCCC(COc3ccccc3)C2)cc1
c1ccc(CCN2CCCC(COc3ccccc3)C2)cc1
c1ccc(CCN2CCCC(COc3ccccc3)C2)cc1
c1ccc(CN2CCCC(COc3ccccc3)C2)cc1
c1ccc(CN2CCCC(COc3ccccc3)C2)cc1
c1ccc(CN2CCCC(CCOc3ccccc3)C2)cc1
c1ccc(CN2CCCC(CCOc3ccccc3)C2)cc1
c1ccc(CN2CCCC(CCOc3ccccc3)C2)cc1
c1ccc(CN2CCCC(CCOc3ccccc3)C2)cc1
c1ccc(CN2CCCC(CCCOc3ccccc3)C2)cc1
c1ccc(CN2CCCC2CCCOc2ccccc2)cc1
C=C(c1ccccc1)N1CCCC1CCCOc1ccccc1
C=C(c1ccccc1)N1CCCC1CCOc1ccccc1
C=C(c1ccccc1)N1CCCC1COc1ccccc1
C=C(c1ccccc1)N1CCCC1COc1ccccc1
O=C(c1ccccc1)N1CCCC1COc1ccccc1
O=C(c1ccccc1)N1CCCC1COc1ccccc1
O=C(c1ccccc1)N1CCCC1COc1ccccc1
O=C(c1ccccc1)N1CCCC1COc1ccccc1
O=C(c1ccccc1)N1CCCC1COc1ccccc1
O=C(c1ccccc1)N1CCCC1COc1ccccc1
O=C(c1ccccc1)N1CCCC1COc1ccccc1
O=C(c1ccccc1)N1CCCC1COc1ccc2c(c1)C2
O=C(c1ccccc1)N1CCCC1COc1ccccc1
O=C(c1ccccc1)N1CCCCC1COc1ccccc1
O=C(c1ccccc1)N1CCCCC1CCOc1ccccc1
O=C(c1ccccc1)N1CCCC1CCOc1ccccc1
O=C(c1cccc(CCCCOc2ccccc2)c1)N1CCCC1
O=C(c1cccc(CCCOc2ccccc2)c1)N1CCCC1
O=C(c1cccc(CCCOc2ccccc2)c1)N1CCCC1
O=C(c1cccc(CCOc2ccccc2)c1)N1CCCC1
O=C(c1cccc(OCCc2ccccc2)c1)N1CCCC1
O=C(c1cccc(OCCc2ccccc2)c1)N1CCCC1
O=C(c1cccc(OCCc2ccccc2)c1)N1CCCC1
O=C(c1cccc(OCCc2ccccc2)c1)N1CCCC1
O=C(c1cccc(OCCc2ccccc2)c1)N1CCCC1
O=C(c1cccc(OCCc2ccccc2)c1)N1CCCC1
O=C(c1cccc(OCCc2ccccc2)c1)N1CCCC1
O=C(c1cccc(OCCc2ccccc2)c1)N1CCCC1
O=C(c1cccc(OCCc2ccccc2)c1)N1CCCC1
O=C(c1cccc(OCCc2ccccc2)c1)N1CCCC1C1CC1
O=C(c1cccc(OCCc2ccccc2)c1)N1CCCC1
O=C(c1cccc(OCCc2ccccc2)c1)N1CCCC1
O=C(c1cccc(OCCc2ccccc2)c1)N1CCCC1
O=C(c1cccc(OCCc2ccccc2)c1)N1CCCC1
O=C(c1cccc(OCCc2ccccc2)c1)N1CCCC1
O=C(c1cccc(OCCc2ccccc2)c1)N1CCCC1
O=C(c1cccc(OCCc2ccccc2)c1)N1CCCC1
O=C(c1cccc(OCCc2ccccc2)c1)N1CCCC1
O=C(c1cccc(OCCc2ccccc2)c1)N1CCCC1
O=C(c1cccc(OCCc2ccccc2)c1)N1CCCC1
O=C(c1cccc(OCCc2ccccc2)c1)N1CCCC1
O=C(c1cccc(OCCc2ccccc2)c1)N1CCCC1
O=C(c1cccc(OCCc2ccccc2)c1)N1CCCC1
O=C(c1cccc(OCCc2ccccc2)c1)N1CCCC1
O=C(c1cccc(OCCc2ccccc2)c1)N1CCCC1
O=C(c1cccc(OCc2ccccc2)c1)N1CCCC1
O=C(c1cccc(OCc2ccccc2)c1)N1CCCC1
O=C(c1cccc(OCc2ccccc2)c1)N1CCCC1
O=C(c1cccc(OCc2ccccc2)c1)N1CCCC1
O=C(c1cccc(OCc2ccccc2)c1)N1CCCC1
O=C(c1cccc(OCc2ccccc2)c1)N1CCCC1
O=C(c1cccc(OCc2ccccc2)c1)N1CCCC1
O=C(c1cc(OCc2ccccc2)ccc1N1CCO1)N1CCCC1
O=C(c1cc(OCc2ccccc2)ccc1N1CCO1)N1CCCC1
O=C(c1cc(OCc2ccccc2)ccc1N1CCO1)N1CCCC1
O=C(c1cc(OCc2ccccc2)ccc1N1CCO1)N1CCCC1
O=C(c1cc(OCc2ccccc2)ccc1N1CCO1)N1CCCC1
O=C(c1cc(OCc2ccccc2)ccc1N1CO1)N1CCCC1
O=C(c1cc(OCc2ccccc2)ccc1N1CO1)N1CCCC1
O=C(c1cc(OCc2ccccc2)ccc1N1CCO1)N1CCCC1
O=C(c1cc(OCc2ccccc2)ccc1N1CCC1)N1CCCC1
O=C(c1cc(OCc2ccccc2)ccc1N1CCC1)N1CCCC1
O=C(c1cc(OCc2ccccc2)ccc1N1CCCC1)N1CCCC1
O=C(c1cc(OCc2ccccc2)ccc1N1CCCC1)N1CCCC1
O=C(c1cc(OCc2ccccc2)ccc1N1CCCCC1)N1CCCC1
O=C(c1cc(OCc2ccccc2)ccc1N1CC=CCC1)N1CCCC1
O=C(c1cc(OCc2ccccc2)ccc1N1C=CCC1)N1CCCC1
O=C(c1cc(OCc2ccccc2)ccc1N1C=CCC1)N1CCCC1
O=C(c1cc(OCc2ccccc2)ccc1N1C=CC1)N1CCCC1
O=C(c1cc(OCc2ccccc2)ccc1N1C=CC1)N1CCCC1
O=C(c1cc(OCc2ccccc2)ccc1N1C=CC1)N1CCCC1
O=C(c1cc(OCc2ccccc2)ccc1N1C=C1)N1CCCC1
O=C(c1cc(OCc2ccccc2)ccc1N1C=C1)N1CCCC1
O=C(c1cc(OCc2ccccc2)ccc1N1C=C1)N1CCCC1
O=C(c1cc(OCc2ccccc2)ccc1N1C=N1)N1CCCC1
O=C(c1cc(OCc2ccccc2)ccc1N1C=N1)N1CCCC1
O=C(c1cc(OCc2ccccc2)ccc1N1C=N1)N1CCCC1
O=C(c1cc(OCc2ccccc2)ccc1N1C=N1)N1CCCC1
O=C(c1cc(OCc2ccccc2)ccc1N1C=N1)N1CCCC1
O=C(c1cc(OCc2ccccc2)ccc1N1C=N1)N1CCCC1
O=C(c1cc(OCc2ccccc2)ccc1N1C=N1)N1CCCC1
O=C(c1cccc(OCc2cccc(N3C=N3)c2)c1)N1CCCC1
O=C(c1cccc(OCc2cccc(N3C=N3)c2)c1)N1CCCC1
O=C(c1cccc(OCc2cccc(N3C=N3)c2)c1)N1CCCC1
O=C(c1cccc(OCc2cccc(N3N=C3CC3CCC3)c2)c1)N1CCCC1
O=C(c1cccc(OCc2cccc(N3N=C3CC3CCCC3)c2)c1)N1CCCC1
O=C(c1cccc(OCc2cccc(N3N=C3CC3CCCC3)c2)c1)N1CCCC1
O=C(c1cccc(OCc2cccc(N3N=C3C3CCCC3)c2)c1)N1CCCC1
O=C(c1cccc(OCc2cccc(N3C=N3)c2)c1)N1CCCC1
O=C(c1cccc(OCc2cccc(N3C=N3)c2)c1)N1CCCC1
O=C(c1cccc(OCc2cccc(N3C=N3)c2)c1)N1CCCC1
O=C(c1cccc(OCc2cccc(N3N=C3C3CO3)c2)c1)N1CCCC1
O=C(c1cccc(OCc2cccc(N3N=C3C3CCO3)c2)c1)N1CCCC1
O=C(c1cccc(OCc2cccc(N3N=C3C3CCO3)c2)c1)N1CCCC1
O=C(c1cccc(OCc2cccc(N3N=C3C3CCO3)c2)c1)N1CCCC1
O=C(c1cccc(OCc2cccc(N3C=N3)c2)c1)N1CCCC1
O=C(c1cccc(OCc2cccc(N3C=N3)c2)c1)N1CCCC1
O=C(c1cccc(OCc2cccc(N3C=N3)c2)c1)N1CCCC1
O=C(c1cccc(OCc2cccc(N3C=N3)c2)c1)N1CCCC1
O=C(c1cccc(OCc2cccc(N3C=N3)c2)c1)N1CCCCC1
O=C(c1cccc(OCc2cccc(N3C=N3)c2)c1)N1CCCCC1
O=C(c1cccc(OCc2cccc(N3C=N3)c2)c1)N1CCCCC1
O=C(c1cccc(OCc2cccc(N3C=N3)c2)c1)N1CCCCC1
O=C(c1cccc(OCc2cccc(N3C=N3)c2)c1)N1CCCCC1
O=C(c1cccc(OCc2cccc(N3C=N3)c2)c1)N1CCCCC1
O=C(c1cccc(OCc2cccc(N3C=N3)c2)c1)N1CCCCCC1
O=C(c1cccc(OCc2cccc(N3C=N3)c2)c1)N1CCCCCC1
O=C(c1cccc(OCc2cccc(N3C=N3)c2)c1)N1CCCCC1
O=C(c1cccc(OCc2cccc(N3C=N3)c2)c1)N1CCCCC1
O=C(c1cccc(OCc2cccc(N3C=N3)c2)c1)N1CCCC1
O=C(c1cccc(OCc2cccc(N3C=N3)c2)c1)N1CCCC1
O=C(c1cccc(OCc2cccc(N3C=N3)c2)c1)N1CCCC1
O=C(c1cccc(OCc2cccc(N3C=N3)c2)c1)N1CCCC1
O=C(c1cccc(OCc2cccc(N3C=N3)c2)c1)N1CCCC1
O=C(c1cccc(OCc2cccc(-n3cccn3)c2)c1)N1CCCC1
O=C(c1cccc(OCc2cccc(N3CCC=N3)c2)c1)N1CCCC1
O=C(c1cccc(OCc2cccc(N3CCC=N3)c2)c1)N1CCCC1
O=C(c1cccc(OCc2cccc(N3CCC=N3)c2)c1)N1CCCC1
O=C(c1cccc(OCc2cccc(-n3cccn3)c2)c1)N1CCCC1
O=C(c1cccc(OCc2cccc(-n3cccn3)c2)c1)N1CCCCC1
O=C(c1cccc(OCc2cccc(-n3cccn3)c2)c1)N1CCCCC1
O=C(c1cccc(OCc2cccc(-n3cccn3)c2)c1)N1CCCCCC1
O=C(c1cccc(OCc2cccc(-n3cccn3)c2)c1)N1CCCCCC1
O=C(c1cccc(OCc2cccc(-n3cccn3)c2)c1)N1CCCCCC1
O=C(c1cccc(OCc2cccc(-n3cccn3)c2)c1)N1CCCCCC1
O=C(c1cccc(OCc2cccc(-n3cccn3)c2)c1)N1CCCCCC1
O=C(c1cccc(OCc2cccc(-n3cccn3)c2)c1)N1CCCCCC1
O=C(c1cccc(OCc2cccc(-n3cccn3)c2)c1)N1CCCCC1
O=C(c1cccc(OCc2cccc(-n3cccn3)c2)c1)N1CCCCC1
O=C(c1cccc(OCc2cccc(-n3cccn3)c2)c1)N1CCCCC1
O=C(c1cccc(OCc2cccc(-n3cccn3)c2)c1)N1CCCCC1
O=C(c1cccc(OCc2cccc(-n3cccn3)c2)c1)N1CCCCC1
O=C(c1cccc(OCc2cccc(-n3cccn3)c2)c1)N1CCCCC1
O=C(c1cccc(OCc2cccc(-n3cccn3)c2)c1)N1CCCC1
O=C(c1cccc(OCc2cccc(-n3cccn3)c2)c1)N1CCCC1
O=C(c1cccc(OCc2cccc(-n3cccn3)c2)c1)N1CCCC1
O=C(c1cccc(OCc2cccc(-n3cccn3)c2)c1)N1CCCC1
O=C(c1cccc(OCc2cccc(-n3nccc3NN3CC3)c2)c1)N1CCCC1
O=C(c1cccc(OCc2cccc(-n3nccc3CN3CC3)c2)c1)N1CCCC1
O=C(c1cccc(OCc2cccc(-n3nccc3CN3CC3)c2)c1)N1CCCC1
O=C(c1cccc(OCc2cccc(-n3nccc3CN3CC3)c2)c1)N1CCCC1
O=C(c1cccc(OCc2cccc(-n3nccc3N3CC3)c2)c1)N1CCCC1
O=C(c1cccc(OCc2cccc(-n3nccc3N3CC3)c2)c1)N1CCCC1
O=C(c1cccc(OCc2cccc(-n3nccc3N3CC3)c2)c1)N1CCCC1
O=C(c1cccc(OCc2cccc(-n3nccc3N3CC3)c2)c1)N1CCCC1
O=C(c1cccc(OCc2cccc(-n3cccn3)c2)c1)N1CCCC1
O=C(c1cccc(OCc2cccc(-n3cccn3)c2)c1)N1CCCC1
O=C(c1cccc(OCc2cccc(-n3cccn3)c2)c1)N1CCCC1
O=C(c1cccc(OCc2cccc(-n3cccn3)c2)c1)N1CCCC1
O=C(c1cccc(OCc2cccc(-n3cccn3)c2)c1)N1CCCC1
O=C(c1cccc(OCc2cccc(-n3cccn3)c2)c1)N1CCCC1
O=C(c1cccc(OCc2cccc(-n3cccn3)c2)c1)N1CCCC1
O=C(c1cccc(OCc2cccc(-n3cccn3)c2)c1)N1CCCC1
O=C(c1cccc(OCc2cccc(-n3cccn3)c2)c1)N1CCCC1
O=C(c1cccc(OCc2cccc(-n3cccn3)c2)c1)N1CCCC1
O=C(c1cccc(OCc2cccc(-n3cccn3)c2)c1)N1CCCC1
O=C(c1cccc(OCc2cccc(-n3cccn3)c2)c1)N1CCCC1
O=C(c1cccc(OCc2cccc(-n3cccn3)c2)c1)N1CCCC1
O=C(c1cccc(OCc2cccc(-n3cccn3)c2)c1)N1CCCC1
O=C(c1cccc(OCc2cccc(-n3cccn3)c2)c1)N1CCCC1
O=C(c1cccc(OCc2cccc(-n3cccn3)c2)c1)N1CCCC1
O=C(c1cccc(OCc2cccc(-n3cccn3)c2)c1)N1CCCC1
O=C(c1cccc(OCc2cccc(-n3cccn3)c2)c1)N1CCCC1
O=C(c1cccc(OCc2cccc(-n3cccn3)c2)c1)N1CCCC1
O=C(c1cccc(OCc2cccc(-n3cccn3)c2)c1)N1CCCC1
O=C(c1cccc(OCc2cccc(-n3cccn3)c2)c1)N1CCCC1
O=C(c1cccc(OCc2cccc(-n3cccn3)c2)c1)N1CCCC1
O=C(c1cccc(OCc2cccc(-n3cccn3)c2)c1)N1CCCC1
O=C(c1cccc(OCc2cccc(-n3cccn3)c2)c1)N1CCCC1
O=C(c1cccc(OCc2cccc(-n3cccn3)c2)c1)N1CCCC1
O=C(c1cccc(OCc2cccc(-n3ncc4c3CCCCC4)c2)c1)N1CCCC1
O=C(c1cccc(OCc2cccc(-n3ncc4c3CCCC4)c2)c1)N1CCCC1
O=C(c1cccc(OCc2cccc(-n3ncc4c3CCOC4)c2)c1)N1CCCC1
O=C(c1cccc(OCc2cccc(-n3ncc4c3COC4)c2)c1)N1CCCC1
O=C(c1cccc(OCc2cccc(-n3ncc4c3COC4)c2)c1)N1CCCC1
O=C(c1cccc(OCc2cccc(-n3ncc4c3COC4)c2)c1)N1CCCC1
O=C(c1cccc(OCc2cccc(-n3ncc4c3COC4)c2)c1)N1CCCC1
O=C(c1cccc(OCc2cccc(-n3ncc4c3CCOC4)c2)c1)N1CCCC1
O=C(c1cccc(OCc2cccc(-n3cccn3)c2)c1)N1CCCC1
O=C(c1cccc(OCc2cccc(-n3cccn3)c2)c1)N1CCCC1
O=C(c1cccc(OCc2cccc(-n3cccn3)c2)c1)N1CCCC1
O=C(c1cccc(OCc2cccc(-n3cccn3)c2)c1)N1CCCC1
O=C(c1cccc(OCc2cccc(-n3cccn3)c2)c1)N1CCCC1
O=C(c1cccc(OCc2cccc(-n3cccn3)c2)c1)N1CCCC1
O=C(c1cccc(OCc2cccc(-n3cccn3)c2)c1)N1CCCC1
O=C(c1cccc(OCc2cccc(-n3cccn3)c2)c1)N1CCCC1
O=C(c1cccc(OCc2cccc(-n3cccn3)c2)c1)N1CCCC1
O=C(c1cccc(OCc2cccc(-n3cccn3)c2)c1)N1CCCC1
O=C(c1cccc(OCc2cccc(-n3cccn3)c2)c1)N1CCCC1
O=C(c1cccc(OCc2cccc(-n3cccn3)c2)c1)N1CCCC1
O=C(c1cccc(OCc2cccc(-n3cccn3)c2)c1)N1CCCC1
O=C(c1cccc(OCc2cccc(-n3cccn3)c2)c1)N1CCCC1
O=C(c1cccc(OCc2cccc(-n3cccn3)c2)c1)N1CCCC1
O=C(c1cccc(OCc2cccc(-n3cc(N4CCC4)cn3)c2)c1)N1CCCC1
O=C(c1cccc(OCc2cccc(-n3cc(N4CCCC4)cn3)c2)c1)N1CCCC1
O=C(c1cccc(OCc2cccc(-n3cc(CN4CCCC4)cn3)c2)c1)N1CCCC1
O=C(c1cccc(OCc2cccc(-n3cc(CN4CCCC4)cn3)c2)c1)N1CCCC1
O=C(c1cccc(OCc2cccc(-n3cc(CN4CCCC4)cn3)c2)c1)N1CCCC1
O=C(c1cccc(OCc2cccc(-n3cc(CN4CCCC4)cn3)c2)c1)N1CCCC1
O=C(c1cccc(OCc2cccc(-n3cc(CN4CCCC4)cn3)c2)c1)N1CCCC1
O=C(c1cccc(OCc2cccc(-n3cc(CN4CCC4)cn3)c2)c1)N1CCCC1
O=C(c1cccc(OCc2cccc(-n3cc(CN4CC4)cn3)c2)c1)N1CCCC1
O=C(c1cccc(OCc2cccc(-n3cc(CN4CC4)cn3)c2)c1)N1CCCC1
O=C(c1cc(OCc2ccccc2)ccc1-n1cc(CN2CC2)cn1)N1CCCC1
O=C(c1cc(OCc2ccccc2)ccc1-n1cc(CN2CC2)cn1)N1CCCC1
O=C(c1cc(OCc2ccccc2)ccc1-n1cc(CN2CC2)cn1)N1CCCC1
O=C(c1cc(OCc2ccccc2)ccc1-n1cc(CN2CC2)cn1)N1CCCC1
O=C(c1cc(OCc2ccccc2)ccc1-n1cc(CN2CC2)cn1)N1CCCC1
O=C(c1cc(OCc2ccccc2)ccc1-n1cc(CN2CCC2)cn1)N1CCCC1
O=C(c1cc(OCc2ccccc2)ccc1-n1cc(CN2CCC2)cn1)N1CCCC1
O=C(c1cc(OCc2ccccc2)ccc1-n1cc(N2CCC2)cn1)N1CCCC1
O=C(c1cc(OCc2ccccc2)ccc1-n1cc(N2CCC2)cn1)N1CCCC1
O=C(c1cc(OCc2ccccc2)ccc1-n1cc(N2CCC2)cn1)N1CCCC1
O=C(c1cc(OCc2ccccc2)ccc1-n1cc(C2CCC2)cn1)N1CCCC1
O=C(c1cc(OCc2ccccc2)ccc1-n1cc(C2CC2)cn1)N1CCCC1
O=C(c1cc(OCc2ccccc2)ccc1-n1cccn1)N1CCCC1
O=C(c1cc(OCc2ccccc2)ccc1-n1cccn1)N1CCCC1
O=C(c1cc(OCc2ccccc2)ccc1-n1cccn1)N1CCCC1
O=C(c1cc(OCc2ccccc2)ccc1-n1cccn1)N1CCCC1
O=C(c1cc(OCc2ccccc2)ccc1-n1cccn1)N1CCCC1
O=C(c1cc(OCc2ccccc2)ccc1-n1cccn1)N1CCCC1
O=C(c1cc(OCc2ccccc2)ccc1-n1cccn1)N1CCCC1
O=C(c1cc(OCc2ccccc2)ccc1-n1cccn1)N1CCCC1
O=C(c1cc(OCc2ccccc2)ccc1-n1cccn1)N1CCCC1
O=C(c1cc(OCc2ccccc2)ccc1-n1cccn1)N1CCCC1
O=C(c1cc(OCc2ccccc2)ccc1-n1cccn1)N1CCCC1
O=C(c1cc(OCc2ccccc2)ccc1-n1cccn1)N1CCCC1
O=C(c1cc(OCc2ccccc2)ccc1-n1cccn1)N1CCCC1
O=C(c1cc(OCc2ccccc2)ccc1-n1cccn1)N1CCCC1
O=C(c1cc(OCc2ccccc2)ccc1-n1cccn1)N1CCCC1
O=C(c1cc(OCc2ccccc2)ccc1-n1cccn1)N1CCCC1
O=C(c1cc(OCc2ccccc2)ccc1-n1cccn1)N1CCCC1
O=C(c1cc(OCc2ccccc2)ccc1-n1cccn1)N1CCCC1
O=C(c1cc(OCc2ccccc2)ccc1-n1cccn1)N1CCCC1
O=C(c1cc(OCc2ccccc2)ccc1-n1cccn1)N1CCCC1
O=C(c1cc(OCc2ccccc2)ccc1-n1cccn1)N1CCCC1
O=C(c1cc(OCc2ccccc2)ccc1-n1cccn1)N1CCCC1
O=C(c1cc(OCc2ccccc2)ccc1-n1cccn1)N1CCCC1
O=C(c1cnn(-c2ccc(OCc3ccccc3)cc2)c1)N1CCCC1
O=C(c1cnn(-c2ccc(OCc3ccccc3)cc2)c1)N1CCCC1
O=C(c1cnn(-c2ccc(OCc3ccccc3)cc2)c1)N1CCCC1
O=C(c1cnn(-c2ccc(OCc3ccccc3)cc2)c1)N1CCCC1
O=C(c1cnn(-c2ccc(OCc3ccccc3)cc2)c1)N1CCCC1
O=C(c1cnn(-c2ccc(OCc3ccccc3)cc2)c1)N1CCCCC1
O=C(C=Cn1ncc2cc(OCc3ccccc3)ccc21)N1CCCCC1
O=C(Cn1ncc2cc(OCc3ccccc3)ccc21)N1CCCCC1
O=C(Cn1ncc2cc(OCc3ccccc3)ccc21)N1CCCCCC1
O=C(NCn1ncc2cc(OCc3ccccc3)ccc21)N1CCCCCC1
O=C(NCn1ncc2cc(OCc3ccccc3)ccc21)N1CCCCC1
O=C(NCn1ncc2cc(OCc3ccccc3)ccc21)N1CCCCC1
O=C(NCn1ncc2cc(OCc3ccccc3)ccc21)N1CCCC1
O=C(NCn1ncc2cc(OCc3ccccc3)ccc21)N1CCCC1
O=C(CCn1ncc2cc(OCc3ccccc3)ccc21)N1CCCC1
O=C(CCCn1ncc2cc(OCc3ccccc3)ccc21)N1CCCC1
O=C(CC1NC1n1ncc2cc(OCc3ccccc3)ccc21)N1CCCC1
O=C(CC1N=C1n1ncc2cc(OCc3ccccc3)ccc21)N1CCCC1
O=C(CC1C=C1n1ncc2cc(OCc3ccccc3)ccc21)N1CCCC1
O=C(CCC1C=C1n1ncc2cc(OCc3ccccc3)ccc21)N1CCCC1
O=C(CCC1C=C1n1ncc2cc(OCc3ccccc3)ccc21)N1CCCC1
O=C(CC1C=C1n1ncc2cc(OCc3ccccc3)ccc21)N1CCCC1
O=C(CC1C=C1n1ncc2cc(OCc3ccccc3)ccc21)N1CCCCC1
O=C(CC1C=C1n1ncc2cc(OCc3ccccc3)ccc21)N1CCCCC1
O=C(CNC1C=C1n1ncc2cc(OCc3ccccc3)ccc21)N1CCCCC1
O=C(CNC1C=C1n1ncc2cc(OCc3ccccc3)ccc21)N1CCCCC1
O=C(CNC1C=C1n1ncc2cc(OCc3ccccc3)ccc21)N1CCCCC1
O=C(CNC1C=C1n1ncc2cc(OCc3ccccc3)ccc21)N1CCCCCC1
O=C(CNC1C=C1n1ncc2cc(OCc3ccccc3)ccc21)N1CCCCCC1
O=C(CNC1C=C1n1ncc2cc(OCc3ccccc3)ccc21)N1CCCCC1
O=C(CNC1C=C1n1ncc2cc(OCc3ccccc3)ccc21)N1CCCCC1
O=C(CCC1C=C1n1ncc2cc(OCc3ccccc3)ccc21)N1CCCCC1
O=C(CCC1C=C1n1ncc2cc(OCc3ccccc3)ccc21)N1CCCC1
O=C(CC1=C(n2ncc3cc(OCc4ccccc4)ccc32)C1)N1CCCC1
O=C(CC1=C(n2ncc3cc(OCc4ccccc4)ccc32)C1)N1CCCC1
O=C(CC1=C(n2ncc3cc(OCc4ccccc4)ccc32)C1)N1CCCC1
O=C(CC1=C(n2ncc3cc(OCc4ccccc4)ccc32)C1)N1CCCCC1
O=C(CC1=C(n2ncc3cc(OCc4ccccc4)ccc32)C1)N1CCCCC1
O=C(CC1=C(n2ncc3cc(OCc4ccccc4)ccc32)C1)N1CCCCCC1
O=C(CC1=C(n2ncc3cc(OCc4ccccc4)ccc32)CC1)N1CCCCCC1
O=C(CC1=C(n2ncc3cc(OCc4ccccc4)ccc32)CC1)N1CCCCCCC1
O=C(CC1=C(n2ncc3cc(OCc4ccccc4)ccc32)C1)N1CCCCCCC1
O=C(CNC1=C(n2ncc3cc(OCc4ccccc4)ccc32)C1)N1CCCCCCC1
O=C(CNC1=C(n2ncc3cc(OCc4ccccc4)ccc32)C1)N1CCCCCC1
O=C(CN1C=C1n1ncc2cc(OCc3ccccc3)ccc21)N1CCCCCC1
O=C(CN1C=C1n1ncc2cc(OCc3ccccc3)ccc21)N1CCCCC1
O=C(CN1C=C1n1ncc2cc(OCc3ccccc3)ccc21)N1CCCCC1
O=C(OCN1C=C1n1ncc2cc(OCc3ccccc3)ccc21)N1CCCCC1
O=C(CCN1C=C1n1ncc2cc(OCc3ccccc3)ccc21)N1CCCCC1
O=C(CCN1C=C1n1ncc2cc(OCc3ccccc3)ccc21)N1CCCCCC1
O=C(CCN1CC=C1n1ncc2cc(OCc3ccccc3)ccc21)N1CCCCCC1
O=C(CN1CC=C1n1ncc2cc(OCc3ccccc3)ccc21)N1CCCCCC1
O=C(CN1CC=C1n1ncc2cc(OCc3ccccc3)ccc21)N1CCCCC1
O=C(CN1CC=C1n1ncc2cc(OCc3ccccc3)ccc21)N1CCCCC1
O=C(CCN1CC=C1n1ncc2cc(OCc3ccccc3)ccc21)N1CCCCC1
O=C(CCN1CC=C1n1ncc2cc(OCc3ccccc3)ccc21)N1CCCC1
O=C(CCCN1CC=C1n1ncc2cc(OCc3ccccc3)ccc21)N1CCCC1
O=C(CCCN1CC=C(n2ncc3cc(OCc4ccccc4)ccc32)C1)N1CCCC1
O=C(CCCN1CC=C(n2ncc3cc(OCc4ccccc4)ccc32)C1)N1CCCC1
O=C(CCCN1CC=C(n2ncc3cc(OCc4ccccc4)ccc32)C1)N1CCCC1
O=C(CCCCN1CC=C(n2ncc3cc(OCc4ccccc4)ccc32)C1)N1CCCC1
O=C(CCCCN1CC=C(n2ncc3cc(OCc4ccccc4)ccc32)C1)N1CCCC1
O=C(CCCN1CC=C(n2ncc3cc(OCc4ccccc4)ccc32)C1)N1CCCC1
O=C(CCN1CC=C(n2ncc3cc(OCc4ccccc4)ccc32)C1)N1CCCC1
O=C(CCN1C=C(n2ncc3cc(OCc4ccccc4)ccc32)C1)N1CCCC1
O=C(CC1=C(n2ncc3cc(OCc4ccccc4)ccc32)CN1)N1CCCC1
O=C(CC1=C(n2ncc3cc(OCc4ccccc4)ccc32)CN1)N1CCCCC1
O=C(CC1=C(n2ncc3cc(OCc4ccccc4)ccc32)CN1)N1CCCCCC1
O=C(CC1=C(n2ncc3cc(OCc4ccccc4)ccc32)CN1)N1CCCCCC1
O=C(C1=C(n2ncc3cc(OCc4ccccc4)ccc32)CN1)N1CCCCCC1
O=C(C1=C(n2ncc3cc(OCc4ccccc4)ccc32)CN1)N1CCCCCC1
O=C(C1=C(n2ncc3cc(OCc4ccccc4)ccc32)CCN1)N1CCCCCC1
O=C(C1=C(n2ncc3cc(OCc4ccccc4)ccc32)CCN1)N1CCCCCC1
O=C(C1=C(n2ncc3cc(OCc4ccccc4)ccc32)CCNC1)N1CCCCCC1
O=C(C1=C(n2ncc3cc(OCc4ccccc4)ccc32)CCNC1)N1CCCCC1
O=C(C1=C(n2ncc3cc(OCc4ccccc4)ccc32)CCNC1)N1CCCC1
O=C(C1=C(n2ncc3cc(OCc4ccccc4)ccc32)CCNC1)N1CCCC1
O=C(C1=C(n2ncc3cc(OCc4ccccc4)ccc32)CCNC1)N1CCCC1
O=C(C1=C(n2ncc3cc(OCc4ccccc4)ccc32)CNC1)N1CCCC1
O=C(C1=C(n2ncc3cc(OCc4ccccc4)ccc32)CN1)N1CCCC1
O=C(c1[nH][nH]c1-n1ncc2cc(OCc3ccccc3)ccc21)N1CCCC1
O=C(c1[nH][nH]c1-n1ncc2cc(OCc3ccccc3)ccc21)N1CCCC1
O=C(C1=C(n2ncc3cc(OCc4ccccc4)ccc32)NC1)N1CCCC1
O=C(C1=C(n2ncc3cc(OCc4ccccc4)ccc32)NC1)N1CCCC1
O=C(C1=C(n2ncc3cc(OCc4ccccc4)ccc32)CC1)N1CCCC1
O=C(C1=C(n2ncc3cc(OCc4ccccc4)ccc32)C=C1)N1CCCC1
O=C(C1=C(n2ncc3cc(OCc4ccccc4)ccc32)C=C1)N1CCCC1
O=C(C1=C(n2ncc3cc(OCc4ccccc4)ccc32)C=C1)N1CCCC1
O=C(c1cc[nH]c1-n1ncc2cc(OCc3ccccc3)ccc21)N1CCCC1
O=C(c1cc[nH]c1-n1ncc2cc(OCc3ccccc3)ccc21)N1CCCC1
O=C(c1cc[nH]c1-n1ncc2cc(OCc3ccccc3)ccc21)N1CCCC1
O=C(c1cc[nH]c1-n1ncc2cc(OCc3ccccc3)ccc21)N1CCCC1
O=C(c1cc[nH]c1-n1ncc2cc(OCc3ccccc3)ccc21)N1CCCCC1
O=C(c1cc[nH]c1-n1ncc2cc(OCc3ccccc3)ccc21)N1CCCCC1
O=C(c1cc[nH]c1-n1ncc2cc(OCc3ccccc3)ccc21)N1CCCCCC1
O=C(c1cc[nH]c1-n1ncc2cc(OCc3ccccc3)ccc21)N1CCCCCC1
O=C(c1cc[nH]c1-n1ncc2cc(OCc3ccccc3)ccc21)N1CCCCCC1
O=C(c1cc[nH]c1-n1ncc2cc(OCc3ccccc3)ccc21)N1CCCCCC1
O=C(c1cccc(COc2ccc3c(cnn3-c3ccc[nH]3)c2)c1)N1CCCCCC1
O=C(c1cccc(COc2ccc3c(cnn3-c3ccc[nH]3)c2)c1)N1CCCCC1
O=C(c1cccc(COc2ccc3c(cnn3-c3ncc[nH]3)c2)c1)N1CCCCC1
O=C(c1cccc(COc2ccc3c(cnn3-c3ncc[nH]3)c2)c1)N1CCCCC1
O=C(c1cccc(COc2ccc3c(cnn3-c3ncc[nH]3)c2)c1)N1CCCCC1
O=C(c1cccc(COc2ccc3c(cnn3C3=NCN3)c2)c1)N1CCCCC1
O=C(c1cccc(COc2ccc3c(cnn3C3=NCN3)c2)c1)N1CCCCC1
O=C(c1cccc(COc2ccc3c(cnn3C3=NCN3)c2)c1)N1CCCCC1
O=C(c1cccc(COc2ccc3c(cnn3C3=NCN3)c2)c1)N1CCCCC1
O=C(c1cccc(COc2ccc3c(cnn3C3=NCN3)c2)c1)N1CCCCC1
O=C(c1cccc(COc2ccc3c(cnn3C3=CCN3)c2)c1)N1CCCCC1
O=C(c1cccc(COc2ccc3c(cnn3C3=CCN3)c2)c1)N1CCCCC1
O=C(c1cccc(COc2ccc3c(cnn3C3=CN3)c2)c1)N1CCCCC1
O=C(c1cccc(COc2ccc3c(cnn3C3=CN3)c2)c1)N1CCCCC1
O=C(c1cccc(COc2ccc3c(cnn3C3=C(CCC4CC4)N3)c2)c1)N1CCCCC1
O=C(c1cccc(COc2ccc3c(cnn3C3=C(CCC4CC4)C3)c2)c1)N1CCCCC1
O=C(c1cccc(COc2ccc3c(cnn3C3=C(CCN4CC4)C3)c2)c1)N1CCCCC1
O=C(c1cccc(COc2ccc3c(cnn3C3=C(CN4CC4)C3)c2)c1)N1CCCCC1
O=C(c1cccc(COc2ccc3c(cnn3C3=C(N4CC4)C3)c2)c1)N1CCCCC1
O=C(c1cccc(COc2ccc3c(cnn3C3=C(N4CC4)CC3)c2)c1)N1CCCCC1
O=C(c1cccc(COc2ccc3c(cnn3C3=C(N4CC4)C=C3)c2)c1)N1CCCCC1
O=C(CCN1CC1)NCC(Oc1ccc2c(cnn2C2=CC=C2)c1)c1cccc(C(=O)N2CCCCC2)c1
O=C(CCN1CC1)NCC(Oc1ccc2c(cnn2C2=CC=C2)c1)c1cccc(C(=O)N2CCCCCC2)c1
O=C(c1cccc(COc2ccc3c(cnn3C3=CC=C3)c2)c1)N1CCCCCC1
O=C(c1cccc(COc2ccc3c(cnn3C3=CC=C3)c2)c1)N1CCCCCC1
O=C(c1cccc(COc2ccc3c(cnn3C3=CC=C3)c2)c1)N1CCCCCC1
O=C(c1cccc(COc2ccc3c(cnn3C3=CC=C3)c2)c1)N1CCCCCC1
O=C(c1cccc(COc2ccc3c(cnn3C3=CC=C3)c2)c1)N1CCCCC1
O=C(c1cccc(COc2ccc3c(cnn3C3=CC=C3)c2)c1)N1CCCCC1
O=C(c1cccc(COc2ccc3c(cnn3C3=CC=C3)c2)c1)N1CCCCC1
O=C(c1cccc(COc2ccc3c(cnn3C3=CC=C3)c2)c1)N1CCCCC1
O=C(c1cccc(COc2ccc3c(cnn3C3=CC=C3)c2)c1)N1CCCCCC1
O=C(c1cccc(COc2ccc3c(cnn3C3=CC=C3)c2)c1)N1CCCCCC1
O=C(c1cccc(COc2ccc3c(cnn3C3=CC=C3)c2)c1)N1CCCCCC1
O=C(c1cccc(COc2ccc3c(cnn3C3=CC=C3)c2)c1)N1CCCCC1
O=C(c1cccc(COc2ccc3c(cnn3C3=CC=C3)c2)c1)N1CCCCC1
O=C(c1cccc(COc2ccc3c(cnn3C3=CC=C3)c2)c1)N1CCCCC1
O=C(c1cccc(COc2ccc3c(cnn3C3=CC=C3)c2)c1)N1CCCCC1
O=C(c1cccc(COc2ccc3c(cnn3C3=CC=C3)c2)c1)N1CCCCC1
O=C(c1cccc(COc2ccc3c(cnn3C3=CC=C3)c2)c1)N1CCCCCC1
O=C(c1cccc(COc2ccc3c(cnn3C3=CC=C3)c2)c1)N1CCCCCC1
O=C(c1cccc(COc2ccc3c(cnn3C3=CC=C3)c2)c1)N1CCCCC1
O=C(c1cccc(COc2ccc3c(cnn3C3=CC=C3)c2)c1)N1CCCCC1
O=C(c1cccc(COc2ccc3c(cnn3C3=CC=C3)c2)c1)N1CCCCC1
O=C(c1cccc(COc2ccc3c(cnn3C3=CC=C3)c2)c1)N1CCCCC1
O=C(c1cccc(COc2ccc3c(cnn3C3=CC=C3)c2)c1)N1CCCCC1
O=C(c1cccc(COc2ccc3c(cnn3C3=CC=C3)c2)c1)N1CCCCC1
O=C(c1cccc(COc2ccc3c(cnn3C3=CC=C3)c2)c1)N1CCCCC1
O=C(c1cccc(COc2ccc3c(cnn3C3=CC=C3)c2)c1)N1CCCCC1
O=C(c1cccc(COc2ccc3c(cnn3C3=CC=C3)c2)c1)N1CCCCC1
O=C(c1cccc(COc2ccc3c(cnn3C3=CC=C3)c2)c1)N1CCCCC1
O=C(c1cccc(COc2ccc3c(cnn3C3=CC=C3)c2)c1)N1CCCCC1
O=C(c1cccc(COc2ccc3c(cnn3C3=CC=C3)c2)c1)N1CCCCC1
O=C(c1cccc(COc2ccc3c(cnn3C3=CC=C3)c2)c1)N1CCCCC1
O=C(c1cccc(COc2ccc3c(cnn3C3=CC=C3)c2)c1)N1CCCCC1
O=C(c1cccc(COc2ccc3c(cnn3C3=CC=C3)c2)c1)N1CCCCC1
O=C(c1cccc(COc2ccc3c(cnn3C3=CC=C3)c2)c1)N1CCCCCC1
O=C(c1cccc(COc2ccc3c(cnn3C3=CC=C3)c2)c1)N1CCCCCC1
O=C(c1cccc(COc2ccc3c(cnn3C3=CC=C3)c2)c1)N1CCCCCC1
O=C(c1cccc(COc2ccc3c(cnn3C3=CC=C3)c2)c1)N1CCCCCC1
O=C(c1cccc(COc2ccc3c(cnn3C3=CC=C3)c2)c1)N1CCCCCC1
O=C(c1cccc(COc2ccc3c(cnn3C3=CC=C3)c2)c1)N1CCCCC1
O=C(c1cccc(COc2ccc3c(cnn3C3=CC=C3)c2)c1)N1CCCCC1
O=C(c1cccc(COc2ccc3c(cnn3C3=CCCC=C3)c2)c1)N1CCCCC1
O=C(c1cccc(COc2ccc3c(cnn3-c3ccccc3)c2)c1)N1CCCCC1
O=C(c1cccc(COc2ccc3c(cnn3-c3ccccc3)c2)c1)N1CCCC1
O=C(c1cccc(COc2ccc3c(cnn3-c3ccccc3)c2)c1)N1CCCC1
O=C(c1cccc(-n2ncc3cc(OCc4ccccc4)ccc32)c1)N1CCCC1
O=C(c1cccc(-n2ncc3cc(OCc4ccccc4)ccc32)c1)N1CCCC1
O=C(c1cccc(-n2ncc3cc(OCc4ccccc4)ccc32)c1)N1CCCC1
O=C(c1cccc(-n2ncc3cc(OCc4ccccc4)ccc32)c1)N1CCCC1
O=C(c1cccc(-n2ncc3cc(OCc4ccccc4)ccc32)c1)N1CCCC1
O=C(c1cccc(-n2ncc3cc(OCc4ccccc4)ccc32)c1)N1CCCC1
O=C(c1cccc(-n2ncc3cc(OCc4ccccc4)ccc32)c1)N1CCCC1
O=C(c1cccc(-n2ncc3cc(OCc4ccccc4)ccc32)c1)N1CCCC1
O=C(c1cccc(-n2ncc3cc(OCc4ccccc4)ccc32)c1)N1CCCC1
O=C(c1cccc(-n2ncc3cc(OCc4ccccc4)ccc32)c1)N1CCCC1
c1ccc(CN(Cc2ccccc2)c2ccccc2)cc1
c1ccc(CC(Cc2ccccc2)c2ccccc2)cc1
c1ccc(CC2c3cccc(c3)C2c2ccccc2)cc1
c1ccc(CC2c3cccc(c3)C2c2ccccc2)cc1
c1ccc(CC2c3ccccc3C2c2ccccc2)cc1
c1ccc(CC2c3ccccc3C2c2ccccc2)cc1
c1ccc(CC2c3ccccc3OC2c2ccccc2)cc1
C1=CCC(CC2c3ccccc3OC2c2ccccc2)=C1
c1ccc(C2Cc3ccccc3O2)cc1
C=C1c2ccccc2OC1c1ccccc1
C=C1c2ccccc2OC1c1ccccc1
C=C1c2ccccc2OC1c1ccccc1
C=C1c2ccccc2OC1c1ccccc1
C=C1c2ccccc2OC1c1ccccc1
C=C1c2ccccc2OC1c1ccccc1
C=C1c2ccccc2OC1c1ccccc1
C=C1c2ccccc2OC1c1ccccc1
C=C1c2ccccc2OC1c1ccccc1
C=C1c2ccccc2OC1c1ccccc1
C=C1c2ccccc2OC1c1ccccc1
C=C1c2ccccc2OC1c1ccccc1
C=C1c2ccccc2OC1c1ccccc1
C=C1c2ccccc2OC1c1ccccc1
C=C1c2ccccc2OC1c1ccccc1
C=C1c2ccccc2OC1c1ccccc1
C=C1c2ccccc2OC1c1ccccc1
C=C1c2ccccc2OC1c1ccccc1
C=C1c2ccccc2OC1c1ccccc1
C=C1c2ccccc2OC1c1ccccc1
C=C1c2ccccc2OC1c1ccccc1
C=C1c2ccccc2OC1c1ccccc1
C=C1c2ccccc2OC1c1ccccc1
C=C1c2ccccc2OC1c1ccccc1
C=C1c2ccccc2OC1c1ccccc1
C=C1c2ccccc2OC1c1ccccc1
C=C1c2ccccc2OC1c1ccccc1
C=C1c2ccccc2OC1c1ccccc1
C=C1c2ccccc2OC1c1ccccc1
C=C1c2ccccc2OC1c1ccccc1
C=C1c2ccccc2OC1c1ccccc1
C=C1c2ccccc2OC1c1ccccc1
C=C1c2ccccc2OC1c1ccccc1
C=C1c2ccccc2OC1c1ccccc1
C=C1c2ccccc2OC1c1ccccc1
C1=CC(c2ccccc2)Oc2ccccc21
C1=CC(c2ccccc2)Oc2ccccc21
c1ccc(C2Oc3ccccc3C3=C2C3)cc1
C1=CC(c2ccccc2)Oc2ccccc21
C1=CC(c2ccccc2)Oc2ccccc21
C1=CC(c2ccccc2)Oc2ccccc21
C1=CC(c2ccccc2)Oc2ccccc2O1
C1=CC(c2ccccc2)Oc2ccccc2O1
C1=CC(c2ccccc2)Oc2ccccc2C1
c1ccc(C2Oc3ccccc3CC3=C2CC3)cc1
c1ccc(C2Oc3ccccc3C3=C2CC3)cc1
c1ccc(C2Oc3ccccc3C3=C2C2CC32)cc1
c1ccc(C2Oc3ccccc3C3=C2C2CC32)cc1
c1ccc(C2Oc3ccccc3C3=C2CC3)cc1
c1ccc(C2Oc3ccccc3C3=C2C3)cc1
C1=C(C2Oc3ccccc3-c3ccccc32)C1
C1=C(C2Oc3ccccc3-c3ccccc32)C1
C1=C(C2Oc3ccccc3-c3ccccc32)CC1
C1=C(C2Oc3ccccc3-c3ccccc32)CCC1
C1=C(C2Oc3ccccc3-c3ccccc32)CCCC1
C1=C(C2Oc3ccccc3-c3ccccc32)CCCC1
C1=C(C2Oc3ccccc3-c3ccccc32)CCC1
C1=CC(C2Oc3ccccc3-c3ccccc32)=CC1
C1=CC(C2Oc3ccccc3-c3ccccc32)=CC1
C1=CC(C2Oc3ccccc3-c3ccccc32)=CCC1
c1ccc(C2Oc3ccccc3-c3ccccc32)cc1
c1ccc(C2Oc3ccccc3-c3ccccc32)cc1
c1ccc(CN(Cc2ccccc2)c2ccccc2)cc1
c1ccc(CNCc2cccc(-c3ccccc3)c2)cc1
c1ccc(-c2cccc3c2-c2ccccc2CNC3)cc1
c1ccc(-c2cccc3c2-c2ccccc2CNC3)cc1
c1ccc(-c2cccc3c2-c2ccccc2CNO3)cc1
c1ccc(-c2cccc3c2-c2ccccc2CCO3)cc1
c1ccc(-c2cccc3c2-c2ccccc2CO3)cc1
c1ccc(-c2cccc3c2-c2ccccc2CO3)cc1
c1ccc(-c2cccc3c2-c2ccccc2CO3)cc1
c1ccc(-c2cccc3c2-c2ccccc2CO3)cc1
c1ccc(-c2cccc3c2-c2ccccc2CO3)cc1
O=S1(=O)Cc2ccc(-c3cccc4c3-c3ccccc3CO4)cc2N1
O=S1(=O)Cc2ccc(-c3cccc4c3-c3ccccc3CO4)c3c2N1C3
c1ccc2c(c1)COc1cccc(-c3cccc4c3CN4)c1-2
c1ccc2c(c1)COc1cccc(-c3cccc4c3CN4)c1-2
c1ccc2c(c1)COc1cccc(-c3cccc4c3CC4)c1-2
c1ccc2c(c1)COc1cccc(-c3cccc4c3CC4)c1-2
c1ccc2c(c1)COc1cccc(-c3cccc4c3CC4)c1-2
C1=CCCCCC(c2cccc3c2-c2ccccc2CO3)=C1
C1=CC(c2cccc3c2-c2ccccc2CO3)CCCC1
C1=CC(c2cccc3c2-c2ccccc2NCO3)CCCC1
C1=CC(Cc2cccc3c2-c2ccccc2NCO3)CCCC1
C1=CC(Cc2cccc3c2-c2ccccc2NCO3)CCCC1
C1=CC(C2Nc3ccccc3-c3ccccc3O2)CCCC1
C1=CC(C2Nc3ccccc3-c3ccccc3O2)CCCC1
C1=CC(C2Cc3ccccc3-c3ccccc3O2)CCCC1
C1=CC(C2Oc3ccccc3-c3ccccc32)CCCC1
C1=CC(C2Oc3ccccc3C3=C2C=CC3)CCCC1
C1=CC(C2Oc3ccccc3C3=C2C=CC3)CCCC1
C1=CC(C2Oc3ccccc3C3=C2C=CC3)CCCC1
C1=CC(C2Oc3ccccc3C3=C2C=CC3)CCCC1
C1=CC(C2Oc3ccccc3C3=C2C=CC3)CCCC1
C1=CC(C2Oc3ccccc3C3=C2C=CC3)CCCC1
C1=CC(C2Oc3ccccc3C3=C2C=CC3)CCCC1
C1=CC(C2Oc3ccccc3C3=C2C=C3)CCCC1
C1=CC(C2Oc3ccccc3C3=C2C=C3)CCC1
C1=CC(C2Oc3ccccc3C3=C2C=C3)CCC1
C1=CC(C2Oc3ccccc3C3=CC=C32)CCC1
C1=CC(C2Oc3ccccc3C3=CC=C32)CCC1
C1=CC(C2Oc3ccccc3C3=CCOC=C32)CCC1
C1=CC(C2Oc3ccccc3C3=CCOC=C32)CCC1
C1=CC(C2Oc3ccccc3C3=CCOC=C32)CCC1
C1=CC(C2Oc3ccccc3C3=CCOC=C32)CCC1
C1=CC(C2Oc3ccccc3C3=CCOC=C32)CCC1
C1=CC(C2Oc3ccccc3C3=CCOC=C32)CCC1
C1=CC(C2Oc3ccccc3C3=CCCC=C32)CCC1
C1=CC(C2Oc3ccccc3C3=CCCC=C32)CCC1
C1=CC(C2Oc3ccccc3C3=CCC=C32)CCC1
C1=CC(C2Oc3ccccc3C3=CCC=C32)CCC1
C1=CC(C2Oc3ccccc3C3=CCC=C32)CCC1
C1=CC(C2Oc3ccccc3C3=CCC=C32)CCCC1
C1=CC(C2Oc3ccccc3C3=CCC=C32)CCCC1
C1=CC(C2Oc3ccccc3C3=CCC=C32)CCCC1
C1=CC(C2Oc3ccccc3C3=CCNC=C32)CCCC1
C1=CC(C2Oc3ccccc3C3=CCNC=C32)CCC1
C1=CC(C2Oc3ccccc3C3=CCNC=C32)CCC1
C1=CC(C2Oc3ccccc3C3=CCNC=C32)CCC1
C1=CC(C2Oc3ccccc3C3=CCNC=C32)CCC1
C1=CC(C2Oc3ccccc3C3=CCNC=C32)CCC1
C1=CC(C2Oc3ccccc3C3=CCNC=C32)CCC1
C1=CC(C2Oc3ccccc3C3=CCNC=C32)CCC1
C1=CC(C2Oc3ccccc3C3=CCNC=C32)CCCC1
C1=CC(C2Oc3ccccc3C3=CCNC=C32)CCCC1
C1=CC(C2Oc3ccccc3C3=CCNC=C32)CCCC1
C1=CC(C2Oc3ccccc3C3=CCNC=C32)CCCC1
C1=CC(C2Oc3ccccc3C3=CCNC=C32)CCCC1
C=C1C=C2C(=CN1)C(C1C=CCCCC1)Oc1ccccc12
C=C1C=C2C(=CN1)C(C1C=CCCCC1)Oc1ccccc12
C1=CC(C2Oc3ccccc3C3=CCNC=C32)CCCC1
C1=CC(C2Oc3ccccc3C3=CCCC=C32)CCCC1
C1=CC(C2Oc3ccccc3-c3ccccc32)CCCC1
C1=CC(C2Oc3ccccc3-c3ccccc32)CCCC1
C1=CC(C2Oc3ccccc3-c3ccccc32)CCCC1
C1=CC(C2Oc3ccccc3-c3ccccc32)CCCC1
C1=CC(C2Oc3ccccc3-c3ccccc32)CCC1
C1=CC(C2Oc3ccccc3-c3cccc(C4CC4)c32)CCC1
C1=CC(C2Oc3ccccc3-c3cccc(C4CC4)c32)CCC1
C1=CC(C2Oc3ccccc3-c3cccc(C4CC4)c32)CCCC1
C1=CC(C2Oc3ccccc3-c3ccccc32)CCCC1
C1=CC(C2Oc3ccccc3-c3ccccc32)CCCC1
C1=CC(C2Oc3ccccc3-c3ccc4c(c32)CCN4)CCCC1
C1=CC(C2Oc3ccccc3-c3ccc4c(c32)CCN4)CCCC1
C1=CC(C2Oc3ccccc3-c3ccc4c(c32)CCN4)CCCC1
C1=CC(C2Oc3ccccc3-c3ccc4c(c32)CCCN4)CCCC1
C1=CC(C2Oc3ccccc3-c3ccc4c(c32)C=CCN4)CCCC1
C1=CC(C2Oc3ccccc3-c3ccc4c(c32)C=CCN4)CCC1
c1ccc(CN(Cc2ccccc2)c2ccccc2)cc1
c1ccc(CN(c2ccccc2)c2ccccc2)cc1
c1ccc(N2Cc3ccccc3-c3ccc2cc3)cc1
c1ccc(N2Cc3ccccc3-c3ccc2cc3)cc1
c1ccc(N2Cc3ccccc3-c3ccc2cc3)cc1
c1ccc(N2c3ccc(cc3)-c3ccccc32)cc1
c1ccc(N2c3ccc(cc3)-c3ccccc32)cc1
c1ccc(N2c3ccc(cc3)-c3ccccc32)cc1
c1ccc(N2c3ccccc3-c3ccc2c2c3C2)cc1
c1ccc(N2c3ccccc3-c3ncc2c2c3C2)cc1
C1=NC=C(C2=CC2)N(c2ccccc2)c2ccccc21
C1=NC=C(C2=CC2)N(c2ccccc2)c2ccccc21
C1=CN(c2ccccc2)c2ccccc2C=N1
C1=NCN(c2ccccc2)c2ccccc21
C1=NNN(c2ccccc2)c2ccccc21
C1=NNN(c2ccccc2)c2ccccc21
C1=NNN(c2ccccc2)c2ccccc21
C1=NNCN(c2ccccc2)c2ccccc21
C1=CN2N=Cc3ccccc3N(c3ccccc3)C12
C1=NN2CC2N(c2ccccc2)c2ccccc21
C1=NN2CC2NN(c2ccccc2)c2ccccc21
c1ccc(-n2nc3n(ncc4ccccc42)C3)cc1
c1ccc(-n2nc3n(ncc4ccccc42)CC3)cc1
c1ccc(-n2nc[nH]ncc3ccccc32)cc1
c1ccc(-n2nc[nH]ncc3ccccc32)cc1
c1ccc(-n2nc[nH]ncc3ccccc32)cc1
c1ccc(-n2nc[nH]ncc3ccccc32)cc1
c1ccc(-n2nc[nH]ncc3ccccc32)cc1
c1ccc(-n2nc[nH]ncc3ccccc32)cc1
c1ccc(-n2nc[nH]ncc3ccccc32)cc1
c1ccc(-n2nc[nH]ncc3ccccc32)cc1
c1ccc(-n2nc3n(ncc4ccccc42)CC3)cc1
c1ccc(-n2nc[nH]ncc3ccccc32)cc1
c1ccc(-n2nc[nH]ncc3ccccc32)cc1
c1ccc(-n2nc[nH]ncc3ccccc32)cc1
c1ccc(-n2nc[nH]ncc3ccccc32)cc1
c1ccc(-n2nc[nH]ncc3ccccc32)cc1
c1ccc(-n2nc[nH]ncc3ccccc32)cc1
c1ccc(-n2nc[nH]ncc3ccccc32)cc1
c1ccc(-n2nc[nH]ncc3ccccc32)cc1
c1ccc(-n2nc[nH]ncc3ccccc32)cc1
c1ccc(-n2nc[nH]ncc3ccccc32)cc1
c1ccc(-n2nc[nH]ncc3ccccc32)cc1
c1ccc(-n2nc[nH]ncc3ccccc32)cc1
c1ccc(-n2nc[nH]ncc3ccccc32)cc1
c1ccc(-n2nc[nH]ncc3ccccc32)cc1
c1ccc(-n2nc[nH]ncc3ccccc32)cc1
c1ccc(-n2nc[nH]ncc3ccccc32)cc1
c1ccc(-n2nc[nH]ncc3ccccc32)cc1
c1ccc(-n2nc[nH]ncc3ccccc32)cc1
c1ccc(-n2nc[nH]ncc3ccccc32)cc1
c1ccc(-n2nc[nH]ncc3ccccc32)cc1
c1ccc(-n2nc[nH]ncc3ccccc32)cc1
c1ccc(-n2nc[nH]ncc3ccccc32)cc1
c1ccc(-n2nc[nH]ncc3ccccc32)cc1
c1ccc(-n2nc[nH]ncc3ccccc32)cc1
c1ccc(-n2nc[nH]ncc3ccccc32)cc1
c1ccc(-n2nc[nH]ncc3ccccc32)cc1
c1ccc(-n2nc[nH]ncc3ccccc32)cc1
c1ccc(-n2nc[nH]ncc3ccccc32)cc1
c1ccc(-n2nc[nH]ncc3ccccc32)cc1
c1ccc(-n2nc[nH]ncc3ccccc32)cc1
c1ccc(-n2nc[nH]ncc3ccccc32)cc1
c1ccc(-n2nc[nH]ncc3ccccc32)cc1
c1ccc(-n2nc[nH]ncc3ccccc32)cc1
c1ccc(-n2nc[nH]ncc3ccccc32)cc1
c1ccc(-n2nc[nH]ncc3ccccc32)cc1
c1ccc(-n2nc[nH]ncc3ccccc32)cc1
c1ccc(-n2nc[nH]ncc3ccccc32)cc1
c1ccc(-n2nc[nH]ncc3ccccc32)cc1
c1ccc(-n2nc[nH]ncc3ccccc32)cc1
c1ccc(-n2nc[nH]ncc3ccccc32)cc1
c1ccc(-n2nc[nH]ncc3ccccc32)cc1
c1ccc(-n2ncn(C3CC3)ncc3ccccc32)cc1
C1=CC1n1cnn(-c2ccccc2)c2ccccc2cn1
C1=C(n2cnn(-c3ccccc3)c3ccccc3cn2)C1
C1=C(n2cnn(-c3ccccc3)c3ccccc3cn2)C1
C1=C(n2cnn(-c3ccccc3)c3ccccc3cn2)C1
C1=C(n2cnn(-c3ccccc3)c3ccccc3cn2)CC1
C1=C(n2cnn(-c3ccccc3)c3ccccc3cn2)C1
C1=C(n2cnn(-c3ccccc3)c3ccccc3cn2)CN1
C1=C(n2cnn(-c3ccccc3)c3ccccc3cn2)CN1
C1=C(n2cnn(-c3ccccc3)c3ccccc3cn2)CC1
C1=CC(n2cnn(-c3ccccc3)c3ccccc3cn2)=C1
C1=CC(n2cnn(-c3ccccc3)c3ccccc3cn2)=CC1
C1=CC(n2cnn(-c3ccccc3)c3ccccc3cn2)=CC1
C1=CC(n2cnn(-c3ccccc3)c3ccccc3cn2)=CCC1
C1=CC(n2cnn(-c3ccccc3)c3ccccc3cn2)=CCC1
C1=CC(n2cnn(-c3ccccc3)c3ccccc3cn2)=CCC1
C1=CC(n2cnn(-c3ccccc3)c3ccccc3cn2)=CCC1
C1=CC(n2cnn(-c3ccccc3)c3ccccc3cn2)=CCC1
C1=CC(n2cnn(-c3ccccc3)c3ccccc3cn2)=CC1
C1=CC(n2cnn(-c3ccccc3)c3ccccc3cn2)=CC1
C1=CC(n2cnn(-c3ccccc3)c3ccccc3cn2)=CCC1
C1=CC(n2cnn(-c3ccccc3)c3ccccc3cn2)=CCC1
C1=CC2CCC2C=C1n1cnn(-c2ccccc2)c2ccccc2cn1
c1ccc(-n2ncn(-c3ccc4c(c3)CC4)ncc3ccccc32)cc1
c1ccc(-n2cnn(-c3ccccc3)c3ccccc3cn2)cc1
c1ccc(-n2cnn(-c3ccccc3)c3ccccc3cn2)cc1
c1ccc(-n2cnn(-c3ccccc3)c3ccccc3cn2)cc1
c1ccc(-n2cnn(-c3ccccc3)c3ccccc3cn2)cc1
c1ccc(-n2cnn(-c3ccccc3)c3ccccc3cn2)cc1
c1ccc(-n2cnn(-c3ccccc3)c3ccccc3cn2)cc1
c1ccc(-n2cnn(-c3ccccc3)c3ccccc3cn2)cc1
c1ccc(-n2cnn(-c3ccccc3)c3ccccc3cn2)cc1
c1ccc(-n2cnn(-c3ccccc3)c3ccccc3cn2)cc1
c1ccc(-n2cnn(-c3ccccc3)c3ccccc3cn2)cc1
c1ccc(-n2cnn(-c3ccccc3)c3ccccc3cn2)cc1
c1ccc(-n2ncc3ccccc3n(-c3ccccc3)nc2C2CON2)cc1
c1ccc(-n2ncc3ccccc3n(-c3ccccc3)nc2C2NO2)cc1
c1ccc(-n2cnn(-c3ccccc3)c3ccccc3cn2)cc1
c1ccc(-n2cnn(-c3ccccc3)c3ccccc3cn2)cc1
c1ccc(-n2cnn(-c3ccccc3)c3ccccc3cn2)cc1
c1ccc(-n2cnn(-c3ccccc3)c3ccccc3cn2)cc1
c1ccc(-n2cnn(-c3ccccc3)c3ccccc3cn2)cc1
c1ccc(-n2cnn(-c3ccccc3)c3ccccc3cn2)cc1
c1ccc(-n2cnn(-c3ccccc3)c3ccccc3cn2)cc1
c1ccc(-n2cnn(-c3ccccc3)c3ccccc3cn2)cc1
c1ccc(-n2cnn(-c3ccccc3)c3ccccc3cn2)cc1
c1ccc(-n2cnn(-c3ccccc3)c3ccccc3cn2)cc1
c1ccc(-n2cnn(-c3ccccc3)c3ccccc3cn2)cc1
c1ccc(-n2cnn(-c3ccccc3)c3ccccc3cn2)cc1
c1ccc(-n2cnn(-c3ccccc3)c3ccccc3cn2)cc1
c1ccc(-n2cnn(-c3ccccc3)c3ccccc3cn2)cc1
c1ccc(-n2cnn(-c3ccccc3)c3ccccc3cn2)cc1
c1ccc(-n2cnn(-c3ccccc3)c3ccccc3cn2)cc1
c1ccc(-n2cnn(-c3ccccc3)c3ccccc3cn2)cc1
c1ccc(-n2cnn(-c3ccccc3)c3ccccc3cn2)cc1
c1ccc(-n2cnn(-c3ccccc3)c3ccccc3cn2)cc1
c1ccc(-n2cnn(-c3ccccc3)c3ccccc3cn2)cc1
c1ccc(-n2cnn(-c3ccccc3)c3ccccc3cn2)cc1
c1ccc(-n2cnn(-c3ccccc3)c3ccccc3cn2)cc1
c1ccc(-n2cnn(-c3ccccc3)c3ccccc3cn2)cc1
c1ccc(-n2cnn(-c3ccccc3)c3ccccc3cn2)cc1
c1ccc(-n2cnn(-c3ccccc3)c3ccccc3cn2)cc1
c1ccc(-n2cnn(-c3ccccc3)c3ccccc3cn2)cc1
c1ccc(-n2cnn(-c3ccccc3)c3ccccc3cn2)cc1
c1ccc(-n2cnn(-c3ccccc3)c3ccccc3cn2)cc1
c1ccc(-n2cnn(-c3ccccc3)c3ccccc3cn2)cc1
c1ccc(-n2cnn(-c3ccccc3)c3ccccc3cn2)cc1
c1ccc(-n2cnn(-c3ccccc3)c3ccccc3cn2)cc1
c1ccc(-n2cnn(-c3ccccc3)c3ccccc3cn2)cc1
c1ccc(-c2ccc3cnn(-c4ccccc4)cn[nH]c3c2)cc1
c1ccc(-c2ccc3cnn(-c4ccccc4)cn[nH]c3c2)cc1
C1=NCc2cc(-c3ccccc3)ccc2C=NN1c1ccccc1
C1=NCc2cc(-c3ccccc3)ccc2C=NN1c1ccccc1
C1=NCc2ccc(-c3ccccc3)cc2C=NN1c1ccccc1
C1=NCc2ccc(-c3ccccc3)cc2C=NN1c1ccccc1
C1=CN(c2ccccc2)N=Cc2cc(-c3ccccc3)ccc2C1
C1=NN(c2ccccc2)CCc2ccc(-c3ccccc3)cc21
C1=NN(c2ccccc2)CCc2ccc(-c3ccccc3)cc21
C1=NN(c2ccccc2)Cc2ccc(-c3ccccc3)cc21
c1ccc(-c2ccc3c(cnn3-c3ccccc3)c2)cc1
c1ccc(CN(Cc2ccccc2)c2ccccc2)cc1
c1ccc(N2Cc3ccccc3-c3ccccc3C2)cc1
c1ccc(N2Cc3ccccc3-c3ccccc3C2)cc1
c1ccc(N2Cc3ccccc3-c3ccccc3C2)cc1
c1ccc(N2Cc3ccccc3-c3ccccc3C2)cc1
c1ccc(N2Cc3ccccc3-c3ccccc3C2)cc1
c1ccc(N2Cc3ccccc3-c3ccccc3C2)cc1
c1ccc(N2CCc3ccccc3-c3ccccc3C2)cc1
c1ccc(N2CCc3ccccc3-c3ccccc3C2)cc1
c1ccc(N2CCc3ccccc3-c3ccccc3C2)cc1
c1ccc(N2CCc3ccccc3-c3ccccc3C2)cc1
c1ccc(N2Cc3ccccc3-c3ccccc3CN2)cc1
c1ccc(N2Cc3ccccc3-c3ccccc3CN2)cc1
c1ccc(N2Cc3ccccc3-c3ccccc3C2)cc1
C1=CNC2=C(C=C1)CN(c1ccccc1)Cc1ccccc12
C1=CNC2=C(C=C1)CN(c1ccccc1)Cc1ccccc12
C1=CNC2=C(C=C1)CN(c1ccccc1)COc1ccccc12
C1=CNC2=C(C=C1)CN(Cc1ccccc1)COc1ccccc12
C1=CNC2=C(C=C1)CC(Cc1ccccc1)COc1ccccc12
C1=CNC2=C(C=C1)CC(Cc1ccccc1)COc1ccccc12
C1=CNC2=C(C=C1)CC(Cc1ccccc1)COc1ccccc12
C1=CNC2=C(C=C1)CC(Cc1ccccc1)COc1ccccc12
C1=CNC2=C(C=C1)CC(Cc1ccccc1)COc1ccccc12
O=C(Nc1ccccc1)OC1COc2ccccc2C2=C(C=CC=CN2)C1
O=C(Nc1ccccc1)OC1COc2ccccc2C2=C(C=CC=CN2)C1
O=C(Nc1ccccc1)OC1COc2ccccc2C2=C(C=CC=CN2)C1
O=C(Nc1ccccc1)OC1COc2ccccc2C2=C(C=CC=CN2)C1
O=C(Nc1ccccc1)OC1COc2ccccc2C2=C(C=CC=CN2)C1
O=C(Nc1ccccc1)OC1COc2ccccc2C2=C(C=CC=CN2)C1
O=C(Nc1ccccc1)OC1COc2ccccc2C2=C(C=CC=CN2)C1
O=C(Nc1ccccc1)OC1COc2ccccc2C2=C(C=CC=CN2)C1
O=C(Nc1ccccc1)OC1COc2ccccc2C2=C(C=CC=CN2)C1
O=C(Nc1ccccc1)OC1COc2ccccc2C2=C(C=CC=CN2)C1
O=C(Nc1ccccc1)OC1COc2ccccc2C2=C(C=CC=CN2)C1
O=C(Nc1ccccc1)OC1COc2ccccc2C2=C(C=CC=CN2)C1
O=C(Nc1ccccc1)OC1COc2ccccc2C2=C(C=CC=CN2)C1
O=C(Nc1ccccc1)OC1CCc2ccccc2C2=C(C=CC=CN2)C1
O=C(Nc1ccccc1)OC1CC2=C(NC=CC=C2)c2ccccc2C1
O=C(Nc1ccc2c(c1)OCO2)OC1CC2=C(NC=CC=C2)c2ccccc2C1
O=C(Nc1ccc2c(c1)OCO2)OC1CC2=C(NCC=C2)c2ccccc2C1
O=C(Nc1ccc2c(c1)OCO2)OC1CNc2ccccc2C2=C(C=CCN2)C1
O=C(Nc1ccc2c(c1)OCO2)OC1CNc2ccccc2C2=C(C=CCN2)C1
O=C(Nc1ccc2c(c1)OCO2)OC1CNc2ccccc2C2=C(C=CCN2)C1
O=C(Nc1ccc2c(c1)OCO2)OC1CNc2ccccc2C2=C(C=CCN2)C1
O=C(Nc1ccc2c(c1)OCO2)OC1CNc2ccccc2-c2[nH]ccc2C1
O=C(Nc1ccc2c(c1)OCO2)OC1CNc2ccccc2-c2c(cc3n2CC3)C1
O=C(Nc1ccc2c(c1)OCO2)OC1CNc2ccccc2C2=C(C=C3CCC32)C1
O=C(Nc1ccc2c(c1)OCO2)OC1CNc2ccccc2C2=C(C=C3CCC32)C1
O=C(Nc1ccc2c(c1)OCO2)OC1CNc2ccccc2C2=C(C=C3CC32)C1
O=C(Nc1ccc2c(c1)OCO2)OC1CNc2ccccc2C2=C(C=CCC2)C1
O=C(Nc1ccc2c(c1)OCO2)OC1CNc2ccccc2C2=C(C=CCC2)C1
O=C(Nc1ccc2c(c1)OCO2)OC1CNc2ccccc2C2=C(C=CCC2)C1
O=C(Nc1ccc2c(c1)OCO2)OC1CNc2ccccc2C2=C(C=CCC2)C1
O=C(Nc1ccc2c(c1)OCO2)OC1CNc2ccccc2C2=C(C=CCC2)C1
O=C(Nc1ccc2c(c1)OCO2)OC1CNc2ccccc2-c2ccccc2C1
O=C(Nc1ccc2c(c1)OCO2)OC1CNc2ccccc2-c2ccccc2C1
O=C(Nc1ccc2c(c1)OCO2)OC1CNc2ccccc2-c2ccccc2C1
O=C(Nc1ccc2c(c1)OCO2)OC1CNc2ccccc2-c2ccccc2C1
O=C(Nc1ccc2c(c1)OCO2)OC1CNc2ccccc2-c2ccccc2C1
O=C(Nc1ccc2c(c1)OCO2)OC1CNc2ccccc2-c2ccccc2C1
O=C(Nc1ccc2c(c1)OCO2)OC1CNc2ccccc2-c2ccccc2C1
O=C(Nc1ccc2c(c1)OCO2)OC1CNc2ccccc2-c2ccccc2C1
O=C(Nc1ccc2c(c1)OCO2)OC1CNc2ccccc2-c2ccccc2C1
O=C(Nc1ccc2c(c1)OCO2)OC1CNc2ccccc2-c2ccccc2C1
O=C(Nc1ccc2c(c1)OCO2)OC1CNc2ccccc2-c2ccccc2C1
O=C(Nc1ccc2c(c1)OCO2)OC1CNc2ccccc2-c2ccccc2C1
O=C(Nc1ccc2c(c1)OCO2)OC1CNc2ccccc2-c2ccccc2C1
O=C(Nc1ccc2c(c1)OCO2)OC1CNc2ccccc2-c2ccccc2C1
O=C(Nc1ccc2c(c1)OCO2)OC1CNc2ccccc2-c2ccccc2C1
O=C(Nc1ccc2c(c1)OCO2)OC1CNc2ccccc2-c2ccccc2C1
O=C(Nc1ccc2c(c1)OCO2)OC1CNc2ccccc2-c2ccccc2C1
O=C(Nc1ccc2c(c1)OCO2)OC1CNc2ccccc2-c2ccccc2C1
O=C(Nc1ccc2c(c1)OCO2)OC1CNc2ccccc2-c2ccccc2C1
O=C(Nc1ccc2c(c1)OCO2)OC1CNc2ccccc2-c2ccccc2C1
O=C(Nc1ccc2c(c1)OCO2)OC1CNc2ccccc2-c2ccccc2C1
O=C(Nc1ccc2c(c1)OCO2)OC1CNc2ccccc2-c2ccccc2C1
O=C(Nc1ccc2c(c1)OCO2)OC1CNc2c(cccc2N2CCOC2)-c2ccccc2C1
O=C(Nc1ccc2c(c1)OCO2)OC1CNc2c(cccc2N2CCCC2)-c2ccccc2C1
O=C(Nc1ccc2c(c1)OCO2)OC1CNc2c(cccc2N2CCCC2)-c2ccccc2C1
O=C(Nc1ccc2c(c1)OCO2)OC1CNc2c(cccc2N2CCCC2)-c2ccccc2C1
O=C(Nc1ccc2c(c1)OCO2)OC1CNc2c(cccc2N2CCCC2)-c2ccccc2C1
O=C(Nc1ccc2c(c1)OCO2)OC1CNc2c(cccc2N2CCCC2)-c2ccccc2C1
O=C(Nc1ccc2c(c1)OCO2)OC1CNc2c(cccc2N2CCC2)-c2ccccc2C1
O=C(Nc1ccc2c(c1)OCO2)OC1CNc2ccccc2-c2ccccc2C1
O=C(Nc1ccc2c(c1)OCO2)OC1CNc2ccccc2-c2ccccc2C1
O=C(Nc1ccc2c(c1)OCO2)OC1CNc2ccccc2-c2ccccc2C1
O=C(Nc1ccc2c(c1)OCO2)OC1CNc2ccccc2-c2ccccc2C1
O=C(Nc1ccc2c(c1)OCO2)OC1CNc2ccccc2-c2ccccc2C1
O=C(Nc1ccc2c(c1)OCO2)OC1CNc2ccccc2-c2ccccc2C1
O=C(Nc1ccc2c(c1)OCO2)OC1CNc2ccccc2-c2ccccc2C1
O=C(Nc1ccc2c(c1)OCO2)OC1CNc2ccccc2-c2ccccc2C1
O=C(Nc1ccc2c(c1)OCO2)OC1CNc2ccccc2-c2ccccc2C1
O=C(Nc1ccc2c(c1)OCO2)OC1CNc2ccccc2-c2ccccc2C1
O=C(Nc1ccc2c(c1)OCO2)OC1CNc2ccccc2-c2ccccc2C1
O=C(Nc1ccc2c(c1)OCO2)OC1CNc2ccccc2-c2ccccc2C1
O=C(Nc1ccc2c(c1)OCO2)OC1CNc2ccccc2-c2ccccc2C1
O=C(Nc1ccc2c(c1)OCO2)OC1CNc2ccccc2-c2ccccc2C1
O=C(Nc1ccc2c(c1)OCO2)OC1CNc2ccccc2-c2ccccc2C1
O=C(Nc1ccc2c(c1)OCO2)OC1CNc2ccccc2-c2ccccc2C1
O=C(Nc1ccc2c(c1)OCO2)OC1CNc2ccccc2-c2ccccc2C1
O=C(Nc1ccc2c(c1)OCO2)OC1CNc2ccccc2-c2ccccc2C1
O=C(Nc1ccc2c(c1)OCO2)OC1CNc2ccccc2-c2ccccc2C1
O=C(Nc1ccc2c(c1)OCO2)OC1CNc2ccccc2-c2ccccc2C1
O=C(Nc1ccc2c(c1)OCO2)OC1CNc2ccccc2-c2ccccc2C1
O=C(Nc1ccc2c(c1)OCO2)OC1CNc2ccccc2-c2ccc3cc[nH]c3c2C1
O=C(Nc1ccc2c(c1)OCO2)OC1CNc2ccccc2-c2ccc3cc[nH]c3c2C1
O=C(Nc1ccc2c(c1)OCO2)OC1CNc2ccccc2-c2ccc3cc[nH]c3c2C1
O=C(Nc1ccc2c(c1)OCO2)OC1CNc2ccccc2-c2ccc3cc[nH]c3c2C1
O=C(Nc1ccc2c(c1)OCO2)OC1CNc2ccccc2-c2ccc3cc[nH]c3c2C1
O=C(Nc1ccc2c(c1)OCO2)OC1CNc2ccccc2-c2ccc3cc[nH]c3c2C1
O=C(Nc1ccc2c(c1)OCO2)OC1CNc2ccccc2-c2ccc3cc[nH]c3c2C1
O=C(Nc1ccc2c(c1)OCO2)OC1CNc2ccccc2-c2ccc3cc[nH]c3c2C1
O=C(Nc1ccc2c(c1)OCO2)OC1CNc2ccccc2-c2ccc3cc[nH]c3c2C1
O=C(Nc1ccc2c(c1)OCO2)OC1CNc2ccccc2-c2ccc3cc[nH]c3c2C1
O=C(Nc1ccc2c(c1)OCO2)OC1CNc2ccccc2-c2ccc3cc[nH]c3c2C1
O=C(Nc1ccc2c(c1)OCO2)OC1CNc2ccccc2-c2ccc3cc[nH]c3c2C1
O=C(Nc1ccc2c(c1)OCO2)OC1CNc2ccccc2-c2ccc3cc[nH]c3c2C1
O=C(Nc1ccc2c(c1)OCO2)OC1CNc2ccccc2-c2ccc3cc[nH]c3c2C1
O=C(Nc1ccc2c(c1)OCO2)OC1CNc2ccccc2-c2ccc3cc[nH]c3c2C1
O=C(Nc1ccc2c(c1)OCCO2)OC1CNc2ccccc2-c2ccc3cc[nH]c3c2C1
O=C(Nc1ccc2c(c1)OCCO2)OC1CNc2ccccc2-c2ccc3cc[nH]c3c2C1
O=C(Nc1ccc2c(c1)OCCO2)OC1CNc2ccccc2-c2ccc3cc[nH]c3c2C1
O=C(Nc1ccc2c(c1)OCO2)OC1CNc2ccccc2-c2ccc3cc[nH]c3c2C1
O=C(Nc1ccc2c(c1)OCO2)OC1CNc2ccccc2-c2ccc3cc[nH]c3c2C1
O=C(Nc1ccc2c(c1)OCO2)OC1CNc2ccccc2-c2ccc3cc[nH]c3c2C1
O=C(Nc1ccc2c(c1)OCO2)OC1CNc2ccccc2-c2ccc3cc[nH]c3c2C1
O=C(Nc1ccc2c(c1)OCO2)OC1CNc2ccccc2-c2ccc3cc[nH]c3c2C1
O=C(Nc1ccc2c(c1)OCO2)OC1CNc2ccccc2-c2ccc3cc[nH]c3c2C1
O=C(Nc1ccc2c(c1)OCO2)OC1CNc2ccccc2-c2ccc3cc[nH]c3c2C1
O=C(Nc1ccc2c(c1)OCO2)OC1CNc2ccccc2-c2ccc3cc[nH]c3c2C1
O=C(Nc1ccc2c(c1)OCO2)OC1CNc2ccccc2-c2ccc3cc[nH]c3c2C1
O=C(Nc1ccc2c(c1)OCO2)OC1CNc2ccccc2-c2ccc3cc[nH]c3c2C1
O=C(Nc1ccc2c(c1)OCO2)OC1CNc2ccccc2-c2ccc3cc[nH]c3c2C1
O=C(Nc1ccc2c(c1)OCO2)OC1CNc2ccccc2-c2ccc3cc[nH]c3c2C1
O=C(Nc1ccc2c(c1)OCO2)OC1CNc2ccccc2-c2ccc3cc[nH]c3c2C1
O=C(Nc1ccc2c(c1)OCO2)OC1CNc2ccccc2-c2ccc3cc[nH]c3c2C1
O=C(Nc1ccc2c(c1)OCO2)OC1CNc2c(cccc2-c2ccc3cc[nH]c3c2)C1
O=C(Nc1ccc2c(c1)OCO2)OC1CNc2c(cccc2-c2ccc3cc[nH]c3c2)C1
O=C(Nc1ccc2c(c1)OCO2)OC1CNc2c(cccc2-c2ccc3cc[nH]c3c2)C1
O=C(Nc1ccc2c(c1)OCO2)OC1CNc2cccc(-c3ccc4cc[nH]c4c3)c2C1
O=C(Nc1ccc2c(c1)OCO2)OC1CNc2cccc(-c3ccc4cc[nH]c4c3)c2C1
O=C(Nc1ccc2c(c1)OCO2)OC1CNc2cccc(-c3ccc4cc[nH]c4c3)c2C1
O=C(Nc1ccc2c(c1)OCO2)OC1CNc2cccc(-c3ccc4cc[nH]c4c3)c2C1
O=C(Nc1ccc2c(c1)OCO2)OC1CNc2cccc(Cc3cccc4cc[nH]c34)c2C1
O=C(Nc1ccc2c(c1)OCO2)OC1CNc2cccc(Cc3cccc4cc[nH]c34)c2C1
O=C(Nc1ccc2c(c1)OCO2)OC1CNc2cccc(Cc3cccc4cc[nH]c34)c2C1
O=C(Nc1ccc2c(c1)OCO2)OC1CNc2cccc(-c3cccc4cc[nH]c34)c2C1
O=C(Nc1ccc2c(c1)OCO2)OC1CNc2cccc(-c3cccc4cc[nH]c34)c2C1
O=C(Nc1ccc2c(c1)OCO2)OC1CNc2cccc(-c3cccc4cc[nH]c34)c2C1
O=C(Nc1ccc2c(c1)OCO2)OC1CNc2cccc(-c3cccc4cc[nH]c34)c2C1
O=C(Nc1ccc2c(c1)OCO2)OC1CNc2cccc(-c3cccc4cc[nH]c34)c2C1
O=C(Nc1ccc2c(c1)OCO2)OC1CNc2cccc(-c3cccc4cc[nH]c34)c2C1
O=C(Nc1ccc2c(c1)OCCO2)OC1CNc2cccc(-c3cccc4cc[nH]c34)c2C1
O=C(Nc1ccc2c(c1)OCCO2)OC1CNc2cccc(-c3cccc4cc[nH]c34)c2C1
O=C(Nc1ccc2c(c1)OCCO2)OC1CNc2cccc(-c3cccc4cc[nH]c34)c2C1
O=C(Nc1ccc2c(c1)OCCO2)OC1CNc2cccc(-c3cccc4cc[nH]c34)c2C1
O=C(Nc1ccc2c(c1)OCCCO2)OC1CNc2cccc(-c3cccc4cc[nH]c34)c2C1
O=C(Nc1ccc2c(c1)OCCCO2)OC1CNc2cccc(-c3cccc4cc[nH]c34)c2C1
O=C(Nc1ccc2c(c1)OCCO2)OC1CNc2cccc(-c3cccc4cc[nH]c34)c2C1
O=C(Nc1ccc2c(c1)OCCO2)OC1CNc2cccc(-c3cccc4cc[nH]c34)c2C1
O=C(Nc1ccc2c(c1)OCCO2)OC1CNc2cccc(-c3cccc4cc[nH]c34)c2C1
O=C(Nc1ccc2c(c1)OCCO2)OC1CNc2cccc(-c3cccc4cc[nH]c34)c2C1
O=C(Nc1ccc2c(c1)OCO2)OC1CNc2cccc(-c3cccc4cc[nH]c34)c2C1
O=C(Nc1ccc2c(c1)OCO2)OC1CNc2cccc(-c3cccc4cc[nH]c34)c2C1
O=C(Nc1ccc2c(c1)OCO2)OC1CNc2cccc(-c3cccc4cc[nH]c34)c2C1
O=C(Nc1ccc2c(c1)OCO2)OC1CNc2cccc(-c3cccc4cc[nH]c34)c2C1
O=C(Nc1ccc2c(c1)OCO2)OC1CNc2cccc(-c3cccc4cc[nH]c34)c2C1
O=C(Nc1ccc2c(c1)OCO2)OC1CNc2cccc(-c3cccc4cc[nH]c34)c2C1
O=C(Nc1ccc2c(c1)OCO2)OC1CNc2cccc(-c3cccc4cc[nH]c34)c2C1
O=C(Nc1ccc2c(c1)OCO2)OC1CNc2cccc(-c3cccc4cc[nH]c34)c2C1
O=C(Nc1ccc2c(c1)OCO2)OC1CNc2cccc(-c3cccc4cc[nH]c34)c2C1
O=C(Nc1ccc2c(c1)OCO2)OC1CNc2cccc(-c3cccc4cc[nH]c34)c2C1
O=C(Nc1ccc2c(c1)OCO2)OC1CNc2cccc(-c3cccc4cc[nH]c34)c2C1
O=C(Nc1ccc2c(c1)OCO2)OC1CNc2cccc(-c3cccc4cc[nH]c34)c2C1
O=C(Nc1ccc2c(c1)OCO2)OC1CNc2cccc(-c3cccc4cc[nH]c34)c2C1
O=C(Nc1ccc2c(c1)OCO2)OC1CNc2cccc(-c3cccc4cc[nH]c34)c2C1
O=C(Nc1ccc2c(c1)OCO2)OC1CNc2cccc(-c3cccc4cc[nH]c34)c2C1
O=C(Nc1ccc2c(c1)OCO2)OC1CNc2cccc(-c3cccc4cc[nH]c34)c2C1
O=C(Nc1ccc2c(c1)OCO2)OC1CNc2cccc(-c3cccc4cc[nH]c34)c2C1
O=C(Nc1ccc2c(c1)OCO2)OC1CNc2cccc(-c3cccc4cc[nH]c34)c2C1
O=C(Nc1ccc2c(c1)OCO2)OC1CNc2cccc(-c3cccc4cc[nH]c34)c2C1
O=C(Nc1ccc2c(c1)OCO2)OC1CNc2cccc(-c3cccc4cc[nH]c34)c2C1
O=C(Nc1ccc2c(c1)OCO2)OC1CNc2cccc(-c3cccc4cc[nH]c34)c2C1
O=C(Nc1ccc2c(c1)OCO2)OC1CNc2cccc(-c3cccc4cc[nH]c34)c2C1
O=C(Nc1ccc2c(c1)OCO2)OC1CNc2cccc(-c3cccc4cc[nH]c34)c2C1
O=C(Nc1ccc2c(c1)OCO2)OC1CNc2cccc(-c3cccc4cc[nH]c34)c2C1
O=C(Nc1ccc2c(c1)OCO2)OC1CNc2cccc(-c3cccc4cc[nH]c34)c2C1
O=C(Nc1ccc2c(c1)OCO2)OC1CNc2cccc(-c3cccc4cc[nH]c34)c2C1
O=C(Nc1ccc2c(c1)OCO2)OC1CCc2cccc(-c3cccc4cc[nH]c34)c2C1
O=C(Nc1ccc2c(c1)OCO2)OC1CCc2cccc(-c3cccc4cc[nH]c34)c2C1
O=C(Nc1ccc2c(c1)OCO2)OC1CCc2cccc(-c3cccc4cc[nH]c34)c2C1
O=C(Nc1ccc2c(c1)OCO2)OC1Cc2cccc(-c3cccc4cc[nH]c34)c2C1
O=C(Nc1ccc2c(c1)OCO2)OC1Cc2cccc(-c3cccc4cc[nH]c34)c2C1
O=C(Nc1ccc2c(c1)OCO2)OC1Cc2cccc(-c3cccc4cc[nH]c34)c2C1
O=C(Nc1ccc2c(c1)OCO2)OC1Cc2cccc(-c3cccc4cc[nH]c34)c2C1
O=C(Nc1ccc2c(c1)OCO2)OC1Cc2cccc(-c3cccc4cc[nH]c34)c2C1
O=C(Nc1ccc2c(c1)OCO2)OC1Cc2cccc(-c3cccc4cc[nH]c34)c2C1
O=C(Nc1ccc2c(c1)OCO2)OC1Cc2cccc(-c3cccc4cc[nH]c34)c2C1
O=C(Nc1ccc2c(c1)OCO2)OC1Cc2ccc(-c3cccc4cc[nH]c34)cc2C1
O=C(Nc1ccc2c(c1)OCO2)OC1Cc2ccc(-c3cccc4cc[nH]c34)cc2C1
O=C(Nc1ccc2c(c1)OCO2)OC1Cc2ccc(-c3cccc4cc[nH]c34)cc2C1
O=C(Nc1ccc2c(c1)OCO2)OC1Cc2ccc(-c3cccc4cc[nH]c34)cc2C1
O=C(Nc1ccc2c(c1)OCO2)OC1Cc2ccc(-c3cccc4cc[nH]c34)cc2C1
O=C(Nc1ccc2c(c1)OCO2)OC1Cc2ccc(-c3cccc4cc[nH]c34)cc2C1
O=C(Nc1ccc2c(c1)OCO2)OC1Cc2ccc(-c3cccc4cc[nH]c34)cc2C1
O=C(Nc1ccc2c(c1)OCO2)OC1Cc2cc(-c3cccc4cc[nH]c34)cc3c2C1C3
O=C(Nc1ccc2c(c1)OCO2)OC1Cc2cc(-c3cccc4cc[nH]c34)cc3c2C1C3
O=C(Nc1ccc2c(c1)OCO2)OC1Cc2ccc(-c3cccc4cc[nH]c34)cc2C1
O=C(Nc1ccc2c(c1)OCO2)OC1CNc2ccc(-c3cccc4cc[nH]c34)cc2C1
O=C(Nc1ccc2c(c1)OCO2)OC1CNc2ccc(-c3cccc4cc[nH]c34)cc2C1
O=C(Nc1ccc2c(c1)OCO2)OC1CNc2ccc(-c3cccc4cc[nH]c34)cc2C1
O=C(Nc1ccc2c(c1)OCO2)OC1CNc2ccc(-c3cccc4cc[nH]c34)cc2C1
O=C(Nc1ccc2c(c1)OCO2)OC1CNc2ccc(-c3cccc4cc[nH]c34)cc2C1
c1ccc(CN(Cc2ccccc2)c2ccccc2)cc1
c1ccc(CN(c2ccccc2)c2ccccc2)cc1
c1ccc(CN(c2ccccc2)c2cccnc2)cc1
c1ccc(CN(c2ccccc2)c2cccnc2)cc1
c1ccc(CN(c2ccccc2)c2cccnc2)cc1
c1ccc(CCc2ccccc2Nc2cccnc2)cc1
C1=CC(CCc2ccccc2Nc2cccnc2)=CCC1
C1=CC(CCc2ccccc2Nc2cccnc2)=CCC1
C1=C(CCc2ccccc2Nc2cccnc2)CCCC1
C1=C(CCc2ccccc2Nc2cccnc2)CCCCC1
C1=C(CCc2ccccc2NCc2cccnc2)CCCCC1
C1=C(CCOc2ccccc2NCc2cccnc2)CCCCC1
C1=C(CCOc2ccccc2NCCc2cccnc2)CCCCC1
C1=C(CCOc2ccccc2NCCc2cccnc2)CCCCCC1
C1=C(CCOc2ccccc2NCNc2cccnc2)CCCCCC1
C1=C(CCOc2ccccc2NCCNc2cccnc2)CCCCCC1
C1=C(CCOc2ccccc2NCCNc2cccnc2)CCCCCC1
C1=C(CCOc2ccccc2NCCNc2cccnc2)CCCCCC1
C1=C(CCOc2ccccc2NCCNc2cccnc2)CCCCCC1
C1=C(CCOc2ccccc2NCCNc2cccnc2)CCCCCC1
C1=C(COc2ccccc2NCCNc2cccnc2)CCCCCC1
C1=C(Oc2ccccc2NCCNc2cccnc2)CCCCCC1
C1=C(Oc2ccccc2NCCNc2cccnc2)CCCCCC1
C1=C(Oc2ccccc2NCCNc2cccnc2)CCCCCC1
C1=C(Oc2ccccc2NCCNc2cccnc2)CCCCCC1
c1cncc(NCCNc2ccccc2OC2CCCCCC2)c1
c1cncc(NCCNc2ccccc2OC2CCCCC2)c1
c1cncc(NCCNc2ccccc2OC2CCCCC2)c1
c1cncc(NCCNc2cccc3c2OC2CCCCC2CN3)c1
c1cncc(NCCNc2cccc3c2OC2CCCCC2CN3)c1
c1cncc(NCCNc2cccc3c2OC2CCCCC2CN3)c1
c1cncc(NCCNc2cccc3c2ON2CCCCC2CN3)c1
c1cncc(NCCNc2cccc3c2ON2CCCCCC2CN3)c1
c1cncc(NCCNc2cccc3c2ON2CCCCCC2CN3)c1
c1cncc(NCCNc2cccc3c2ON(C2CCCCC2)CCN3)c1
c1cncc(NCCNc2cccc3c2CN(C2CCCCC2)CCN3)c1
c1cncc(NCCNc2cccc3c2CN(C2CCCCC2)CCN3)c1
c1cncc(NCCNc2cccc3c2CN(C2CCCC2)CCN3)c1
c1cncc(NCCNc2cccc3c2CN(C2CCCC2)CCN3)c1
c1cncc(NCCNc2cccc3c2CN(C2CCCC2)CN3)c1
c1cncc(NCCNc2cccc3c2CCN(C2CCCC2)CN3)c1
C1=CN(C2CCCC2)CNc2cccc(NCCNc3cccnc3)c21
C1=CN(C2CCCCC2)CNc2cccc(NCCNc3cccnc3)c21
C1=CN(C2CCCCC2)CNc2cccc(NCCNc3cccnc3)c21
C1=CN(C2CCCC2)CNc2cccc(NCCNc3cccnc3)c21
C1=CN(C2CCC2)CNc2cccc(NCCNc3cccnc3)c21
C1=CN(C2CCC2)NCNc2cccc(NCCNc3cccnc3)c21
c1cncc(NCCNc2cccc3[nH]cnn(C4CCC4)ccc23)c1
c1cncc(NCCNc2cccc3[nH]cnn(C4CCC4)ccc23)c1
c1cncc(NCCNc2ccccc2-c2cnn(C3CCC3)c2)c1
c1cncc(NCCNc2ccccc2-c2cnn(C3CCCC3)c2)c1
c1cncc(NCCNc2ccccc2-c2cnn(C3CCCC3)c2)c1
c1cncc(NCCNc2ccccc2-c2cnn(C3CCC3)c2)c1
c1cncc(NCCNc2ccccc2Cc2cnn(C3CCC3)c2)c1
c1cncc(NCCNc2ccccc2Cc2cnn(C3CCCC3)c2)c1
c1cncc(NCCNc2ccccc2Cc2cnn(C3CCCCC3)c2)c1
c1cncc(NCCNc2ccccc2Cc2cnn(C3CCCCC3)c2)c1
c1cncc(NCCNc2ccccc2Cc2cnn(C3CCCCC3)c2)c1
c1cncc(NCCNc2ccccc2Cc2cnn(C3CCCCC3)c2)c1
c1cncc(NCCNc2ccccc2Cc2cnn(C3CCCCC3)c2)c1
c1cncc(NCCNc2ccccc2Cc2cnn(C3CCCC3)c2)c1
c1cncc(NCCNc2ccccc2Cc2cnn(C3CCCC3)c2)c1
c1cncc(NCCNc2ccccc2Cc2cnn(C3CCCC3)c2)c1
c1cncc(NCCNc2ccccc2Cc2cnn(C3CCCC3)c2)c1
c1cncc(NCCNc2ccccc2Cc2cnn(C3CCCCC3)c2)c1
c1cncc(NCCNc2ccccc2Cc2cnn(C3CCCCC3)c2)c1
c1cncc(NCCNc2ccccc2Cc2cnn(C3CCCCCC3)c2)c1
c1cncc(NCCNc2ccccc2CCc2cnn(C3CCCCCC3)c2)c1
c1cncc(NCCNc2ccccc2CCc2cnn(C3CCCCC3)c2)c1
c1cncc(NCCNc2ccccc2CCc2cnn(C3CCCCC3)c2)c1
c1cncc(NCCNc2ccccc2CCc2cnn(C3CCCCC3)c2)c1
O=S(=O)(Cc1cnn(C2CCCCC2)c1)Nc1cccc(NCCNc2cccnc2)c1
O=S(=O)(Cc1cccc(NCCNc2cccnc2)c1)Cc1cnn(C2CCCCC2)c1
O=S(=O)(Cc1cccc(NCCNc2cccnc2)c1)c1cnn(C2CCCCC2)c1
O=S(=O)(Cc1cccc(NCCNc2cccnc2)c1)c1cnn(C2CCCC2)c1
O=S(=O)(Cc1cccc(NCCNc2cccnc2)c1)c1cnn(C2CCCC2)c1
O=S(=O)(NCc1cccc(NCCNc2cccnc2)c1)c1cnn(C2CCCC2)c1
O=S(=O)(NCc1cccc(NCCNc2cccnc2)c1)c1cnn(C2CCCC2)c1
O=S(=O)(NCCc1cccc(NCCNc2cccnc2)c1)c1cnn(C2CCCC2)c1
O=S(=O)(NCCCC(CNc1ccccc1)Nc1cccnc1)c1cnn(C2CCCC2)c1
O=S(=O)(NCCCC(CNc1ccccc1)Nc1cccnc1)c1cnn(C2CCCCC2)c1
O=S(=O)(NCCCCCNc1cccc(-c2cccnc2)c1)c1cnn(C2CCCCC2)c1
O=S(=O)(NCCCCCNc1cccc(-c2cccnc2)c1)c1cnn(C2CCCC2)c1
O=S(=O)(NCCCCNc1cccc(-c2cccnc2)c1)c1cnn(C2CCCC2)c1
O=S(=O)(NCCCCNc1cccc(-c2cccnc2)c1)c1cnn(C2CCCC2)c1
O=S(=O)(NCCCCNc1cccc(-c2cccnc2)c1)c1cnn(C2CCCC2)c1
O=S(=O)(NCCCCNc1cccc(-c2cccnc2)c1)c1cnn(C2CCCC2)c1
O=S(=O)(NCCCNc1cccc(-c2cccnc2)c1)c1cnn(C2CCCC2)c1
O=S(=O)(NCCCNc1cccc(-c2cccnc2)c1)c1cnn(C2CCCC2)c1
O=S(=O)(NCCCNc1cccc(-c2cccnc2)c1)c1cnn(C2CCCC2)c1
O=S(=O)(NCCNc1cccc(-c2cccnc2)c1)c1cnn(C2CCCC2)c1
O=S(=O)(NCCNc1cccc(-c2cccnc2)c1)c1cnn(C2CCCC2)c1
O=S(=O)(NCCNc1cccc(-c2cccnc2)c1)c1cnn(C2CCC2)c1
O=S(=O)(NCCNc1cccc(-c2cccnc2)c1)c1cnn(C2CCC2)c1
O=S(=O)(NCCNc1cccc(-c2cccnc2)c1)c1cnn(C2CCCC2)c1
O=S(=O)(NCCNc1cccc(Nc2cccnc2)c1)c1cnn(C2CCCC2)c1
O=S(=O)(NCCNc1cccc(Nc2cccnc2)c1)c1cnn(C2CCC2)c1
O=S(=O)(NCCNc1cccc2c1CNN2c1cccnc1)c1cnn(C2CCC2)c1
O=S(=O)(NCCNc1cccc2c1CCN2c1cccnc1)c1cnn(C2CCC2)c1
O=S(=O)(NCCNc1cccc2c1CCN2c1cccnc1)c1cnn(C2CCC2)c1
O=S(=O)(NCCNc1cccc2c1ccn2-c1cccnc1)c1cnn(C2CCC2)c1
O=S(=O)(NCCNc1cccc2c1ccn2-c1cccnc1)c1cnn(C2CCC2)c1
O=S(=O)(NCCNc1cccc2c1ccn2-c1cccnc1)c1cnn(C2CCCC2)c1
O=S(=O)(NCCNc1cccc2c1cnn2-c1cccnc1)c1cnn(C2CCCC2)c1
c1ccc(CN(Cc2ccccc2)c2ccccc2)cc1
O=C(c1ccccc1)N(Cc1ccccc1)c1ccccc1
O=C(c1ccccc1)N(Cc1ccccc1)c1ccccc1
O=C(c1ccccc1)N(Cc1ccccc1)c1ccccc1
O=C(c1ccccc1)N(Cc1ccccc1)Cc1ccccc1
O=C(c1ccccc1)N(Cc1ccccc1)Cc1ccccc1
O=C(c1ccccc1)N(Cc1ccccc1)Cc1ccccc1
O=C(c1ccccc1)N(Cc1ccccc1)Cc1ccccc1
O=C(c1ccccc1)N(Cc1ccccc1)Cc1ccccc1
O=C(c1ccccc1)N(Cc1ccccc1)Cc1ccccc1
O=C(c1ccccc1)N(Cc1ccccc1)Cc1ccccc1
O=C(c1ccccc1)N(CCc1ccccc1)Cc1ccccc1
O=C(NCc1cccc(Nc2ccccc2)c1)c1ccccc1
O=C(NCc1cc2cc(c1)N(c1ccccc1)C2)c1ccccc1
O=C(NCc1cc2cc(c1)N(c1ccccc1)C2)c1ccccc1
O=C(NCC1=CC2=CC1N(c1ccccc1)C2)c1ccccc1
O=C(NCC1=CC2=C1N(c1ccccc1)C2)c1ccccc1
O=C(NCC1=CC2=C1N(c1ccccc1)C2)c1ccccc1
O=C(NCCC1=CC2=C1N(c1ccccc1)C2)c1ccccc1
O=C(NCCC1=CC2=C1N(c1ccccc1)C2)c1ccccc1
O=C(NCCC1=CC2=C1N(c1ccccc1)C2)c1ccccc1
O=C(NCCC1=CC2=C1N(c1ccccc1)C2)c1ccccc1
O=C(NCCC1=CC2=C1N(c1ccccc1)C2)c1ccccc1
O=C(NCCC1=CC2=C1N(c1ccccc1)CC2)c1ccccc1
O=C(NCCC1=Cc2ccn(-c3ccccc3)c21)c1ccccc1
O=C(NCCC1=Cc2ccn(-c3ccccc3)c21)c1ccccc1
O=C(NCCC1=Cc2ccn(-c3ccccc3)c21)c1ccccc1
O=C(NCCC1=Cc2cnn(-c3ccccc3)c21)c1ccccc1
O=C(NCCNC1=Cc2cnn(-c3ccccc3)c21)c1ccccc1
O=C(NCCNC1=Nc2cnn(-c3ccccc3)c21)c1ccccc1
O=C(NCCNC1=Nc2cnn(-c3ccccc3)c21)c1ccccc1
O=C(NCCNCc1ccnn1-c1ccccc1)c1ccccc1
O=C(NCCNNCc1ccnn1-c1ccccc1)c1ccccc1
O=C(NCCCNNCc1ccnn1-c1ccccc1)c1ccccc1
O=C(NCCCNNCc1ccnn1-c1ccccc1)c1ccccc1
O=C(NCCCNNCc1ccnn1-c1ccccc1)c1ccccc1
O=C(NCCCNCc1ccnn1-c1ccccc1)c1ccccc1
O=C(NCCCNc1ccnn1-c1ccccc1)c1ccccc1
O=C(NCCCNc1ccnn1-c1ccccc1)c1ccccc1
O=C(NCCCNc1cnn(-c2ccccc2)c1)c1ccccc1
O=C(NCCNc1cnn(-c2ccccc2)c1)c1ccccc1
O=C(NCCNc1cnn(-c2ccccc2)c1)c1ccccc1
O=C(NCCNc1cnn(-c2ccccc2)c1)c1ccccc1
O=C(NCCNc1cnn(-c2ccccc2)c1)c1ccccc1
O=C(NCCCc1cnn(-c2ccccc2)c1)c1ccccc1
O=C(NCCCc1cnn(-c2ccccc2)c1)c1ccccc1
O=C(NCCCNc1cnn(-c2ccccc2)c1)c1ccccc1
O=C(NCCCNc1cnn(-c2ccccc2)c1)c1ccccc1
O=C(NCCCCc1cnn(-c2ccccc2)c1)c1ccccc1
O=C(NCCCCc1cnn(-c2ccccc2)c1)c1ccccc1
O=C(NCCCCc1cnn(-c2ccccc2)c1)c1ccccc1
O=C(NCCCCCc1cnn(-c2ccccc2)c1)c1ccccc1
O=C(NCCCC=Cc1cnn(-c2ccccc2)c1)c1ccccc1
C=C(NCCCNC(=O)c1ccccc1)c1cnn(-c2ccccc2)c1
C=C(NCCCNC(=O)c1ccccc1)c1cnn(-c2ccccc2)c1
C=C(NCCCNC(=O)c1ccccc1)c1cnn(-c2ccccc2)c1
O=C(NCCCNC(=O)c1cnn(-c2ccccc2)c1)c1ccccc1
O=C(NCCCNC(=O)c1cnn(-c2ccccc2)c1)c1ccccc1
O=C(NCCCNC(=O)c1cnn(-c2ccccc2)c1)c1ccccc1
O=C(NCCCNC(=O)c1cnn(-c2ccccc2)c1)c1ccccc1
O=C(NCCCNC(=O)c1cnn(-c2ccccc2)c1)c1ccccc1
c1ccc(CN(Cc2ccccc2)c2ccccc2)cc1
c1ccc(CN2Cc3ccccc3Cc3ccccc32)cc1
c1ccc(CN2Cc3ccccc3Cc3ccccc32)cc1
c1ccc(CN2Cc3ccccc3OCc3ccccc32)cc1
c1ccc(CN2Cc3ccccc3OCc3ccccc32)cc1
C=C1CCOc2ccccc2CN1Cc1ccccc1
C=C1CCOc2ccccc2CN1Cc1ccccc1
C=C1CCOc2ccccc2CN1Cc1ccccc1
C=C1CCOc2ccccc2CN1Cc1ccccc1
C=C1CCOc2ccccc2CN1Cc1ccccc1
C=C1CCOc2ccccc2CN1Cc1ccccc1
C=C1CCOc2ccccc2CN1Cc1ccccc1
C=C1CCOc2ccccc2CN1Cc1ccccc1
C=C1CCOc2ccccc2CN1Cc1ccccc1
C=C1CCOc2ccccc2CN1CCc1ccccc1
C=C1CCOc2ccccc2CN1CCc1ccccc1
O=C1CCOc2ccccc2CN1CCc1ccccc1
O=C1CCOc2ccccc2CN1Cc1ccccc1
O=C1CCOc2ccccc2CN1Cc1ccccc1
O=C1CCOc2ccccc2CN1Cc1ccccc1
O=C1CCOc2ccccc2CN1Cc1ccccc1
O=C1CCOc2ccccc2CN1CC1=CC=CC1
O=C1CCOc2ccccc2CN1CC1=CC=C1
O=C1CCOc2ccccc2CN1CC1=C=C1
O=C1CCOc2ccccc2CN1CCC1=C=C1
O=C1CCOc2ccccc2CN1
O=C1CCOc2ccccc2CN1
O=C1CCOc2ccccc2CN1
O=C1CCOc2ccccc2CN1
O=C1CCOc2ccccc2CN1
O=C1CCOc2ccccc2CN1
O=C1CCOc2ccccc2CN1
O=C1CCOc2ccccc2CN1
O=C1CCOc2ccccc2CN1
O=C1CCOc2ccccc2CN1
O=C1CCOc2ccccc2CN1
O=C1CCOc2ccccc2CN1
O=C1CCOc2ccccc2CN1
O=C1CCOc2ccccc2CN1
O=C1CCOc2ccccc2CN1
O=C1CCOc2ccccc2CN1
O=C1CCOc2ccccc2CN1
O=C1CCOc2ccccc2CN1
O=C1CCOc2ccccc2CN1
O=C1CCOc2ccccc2CN1
O=C1CCOc2ccccc2CN1
O=C1CCOc2ccccc2CN1
O=C1CCOc2ccccc2CN1
O=C1CCOc2ccccc2CN1
O=C1CCOc2ccccc2CN1
O=C1CCOc2ccccc2CN1
O=C1CCOc2ccccc2CN1
O=C1CCOc2ccccc2CN1
O=C1CCOc2ccccc2CN1
O=C1CCOc2ccccc2CN1
O=C1CCOc2ccccc2CN1
O=C1CCOc2ccccc2CC1
O=C1CCOc2ccccc2CC1
O=C1CCOc2ccccc2CC1
O=C1CCOc2ccccc2C1
O=C1CCOc2ccccc2C1
O=C1CCOc2ccccc2C1
O=C1CCOc2ccccc2C1
O=C1CCOc2ccccc2C1
O=C1CCOc2ccccc2C1
O=C1CCOc2ccccc2C1
c1ccc2c(c1)CCCCO2
c1ccc2c(c1)CCCCO2
c1ccc2c(c1)CCCCO2
c1ccc2c(c1)CCCO2
c1ccc2c(c1)CCCO2
c1ccc2c(c1)CCO2
c1ccc2c(c1)CCO2
c1ccc2c(c1)CCO2
c1ccc2c(c1)CCO2
c1ccc2c(c1)CCO2
c1ccc2c(c1)CCO2
c1ccc2c(c1)CCO2
c1cc(CCCCn2[nH]o2)c2c(c1)CCO2
c1cc(CCCCN2NCO2)c2c(c1)CCO2
c1cc(CCCCN2CCN2)c2c(c1)CCO2
c1cc(CCCCN2CCC2)c2c(c1)CCO2
c1cc(CCCCN2CCCC2)c2c(c1)CCO2
C1=CCN(CCCCc2cccc3c2OCC3)C1
C1=CN(CCCCc2cccc3c2OCC3)C1
C1=CN(CCCCc2cccc3c2OCC3)CC1
c1cc(CCCCn2cccc2)c2c(c1)CCO2
c1cc(CCCCn2cccc2)c2c(c1)CCO2
c1cc(CCCCn2cccc2)c2c(c1)CCO2
c1cc(CCCCn2cccc2)c2c(c1)CCO2
c1cc(CCCCn2cccc2)c2c(c1)CCCO2
c1cc(CCCCn2cccc2)c2c(c1)CCCO2
c1cc2c(c(CCCCn3cccc3)c1)OCCCC2
c1cc2c(c(CCCCn3cccc3)c1)OCCCC2
c1cc(CCCCn2cccc2)c2c(c1)CCCO2
c1cc(CCCCn2cccc2)c2c(c1)CCCO2
c1cc(CCCCn2cccc2)c2c(c1)CCO2
c1cc(CCCCn2cccc2)c2c(c1)CCO2
c1cc(CCCCn2cccc2)c2c(c1)CCO2
c1cc(CCCCn2cccc2)c2c(c1)CCO2
c1cc(CCCCn2cccc2)c2c(c1)CCO2
c1cc(CCCCn2cccc2)c2c(c1)CCO2
c1cc(CCCCn2cccc2)c2c(c1)CCO2
c1cc(CCCCn2cccc2)c2c(c1)CCO2
c1cc(CCCCn2cccc2)c2c(c1)CCO2
c1cc(CCCCn2cccc2)c2c(c1)CCO2
c1cc(CCCCn2cccc2)c2c(c1)CCO2
c1cc(CCCCn2cccc2)c2c(c1)CCO2
c1cc(CCCCn2cccc2)c2c(c1)CCO2
c1cc(CCCCn2cccc2)c2c(c1)CCO2
c1cc(CCCCn2cccc2)c2c(c1)CCO2
c1cc(CCCCn2cccc2)c2c(c1)CCO2
c1cc(CCCCn2cccc2)c2c(c1)CCO2
c1cc(CCCCn2cccc2)c2c(c1)CCO2
c1cc(CCCCn2cccc2)c2c(c1)CCO2
c1cc(CCCCn2cccc2)c2c(c1)CCO2
c1cc(CCCCn2cccc2)c2c(c1)CCO2
c1cc(CCCCn2cccc2)c2c(c1)CCO2
c1cc(CCCCn2cccc2)c2c(c1)CCO2
c1cc(CCCCn2cccc2)c2c(c1)CCO2
c1cc(CCCCn2cccc2)c2c(c1)CCO2
c1cc(CCCCn2cccc2)c2c(c1)CCO2
c1cc(CCCCn2cccc2)c2c(c1)CCO2
c1cc(CCCCn2cccc2)c2c(c1)CCO2
c1cc(CCCCn2cccc2)c2c(c1)CCO2
O=c1ccn(CCCCc2cccc3c2OCC3)cc1
O=c1ccn(CCCCc2cccc3c2OCC3)cc1
O=c1ccn(CCCCc2cccc3c2OCC3)cc1
O=C1OCc2cc(NC(=O)C(CCc3ccccc3)CC3CCCCC3)ccc21
O=C1OCc2cc(NC(=O)C3CC4CCCCC4C3Cc3ccccc3)ccc21
O=C1OCc2cc(NC(=O)C3CC4CCCCC4C3Cc3ccccc3)ccc21
O=C1OCc2cc(N3C(=O)C4CC5CCCCC5C43Cc3ccccc3)ccc21
O=C1OCc2cc(N3C(=O)CC3(Cc3ccccc3)C3CCCCC3)ccc21
O=C1Oc2cc(N3C(=O)CC3(Cc3ccccc3)C3CCCCC3)ccc21
O=C1CC(Cc2ccccc2)(C2CCCCC2)N1c1ccccc1
O=C1CC(Cc2ccccc2)(C2CCCCC2)N1c1ccccc1
O=C1CC(Cc2ccccc2)N1c1ccccc1
O=C1CC(Cc2ccccc2)N1c1ccccc1
O=C1CC(Cc2ccccc2)N1c1ccccc1
O=C1CC(Cc2ccccc2)N1c1ccccc1
O=C1CC(Cc2ccccc2)N1c1ccccc1
O=C1CC(Cc2ccccc2)N1c1ccccc1
O=C1CC(Cc2ccccc2)N1c1ccccc1
O=C1CC(Cc2cccnc2)N1c1ccccc1
O=C1CC(Cc2cccnc2)N1c1ccccc1
O=C1CC(Cc2cccnc2)N1c1ccccc1
O=C1CC(Cc2ccncc2)N1c1ccccc1
O=C1CC(Cc2ccncc2)N1c1ccccc1
O=C1CC(Cc2ccncc2)N1c1ccccc1
N=C1CC(Cc2ccncc2)N1c1ccccc1
N=C1CC(Cc2ccncc2)N1c1ccccc1
N=C1C(Cc2ccncc2)N1c1ccccc1
C=C1C(Cc2ccncc2)N1c1ccccc1
C1=C2N(c3ccccc3)C2(Cc2ccncc2)CC1
C1=C2N(c3ccccc3)C2(Cc2ccncc2)CC1
C1=C2N(c3ccccc3)C2(Cc2ccncc2)CC1
C1=C2C(C(Cc3ccncc3)C1)N2c1ccccc1
C1=C2N(c3ccccc3)C2(Cc2ccncc2)C1
C1=C2N(c3ccccc3)C2(Cc2ccncc2)C1
C1=C2N(c3ccccc3)C12Cc1ccncc1
c1ccc(N2C3=NCC32Cc2ccncc2)cc1
N=C1C(Cc2ccncc2)N1c1ccccc1
N=C1C(Cc2ccncc2)N1c1ccccc1
N=C1N(Cc2ccncc2)N1c1ccccc1
N=C1N(CCc2ccncc2)N1c1ccccc1
c1ccc(N2N=C2NCCc2ccncc2)cc1
c1ccc(N2N=C2CCc2ccncc2)cc1
c1ccc(N2N=C2CCc2ccncc2)cc1
c1ccc(N2N=C2Cc2ccncc2)cc1
c1ccc(N2N=C2Cc2ccncc2)cc1
c1ccc(N2N=C2CCc2ccncc2)cc1
c1ccc(N2N=C2CCc2ccncc2)cc1
c1ccc(N2N=C2Cc2ccncc2)cc1
c1ccc(N2N=C2Cc2ccncc2)cc1
c1ccc(N2N=C2Cc2ccncc2)cc1
c1ccc(N2N=C2Cc2ccncc2)cc1
c1ccc(N2N=C2Cc2ccncc2)cc1
c1ccc(N2N=C2Cc2ccncc2)cc1
c1ccc(N2N=C2Cc2ccncc2)cc1
c1ccc(N2N=C2Cc2ccncc2)cc1
c1ccc(N2N=C2Cc2ccncc2)cc1
c1ccc(N2N=C2Cc2ccncc2)cc1
c1ccc(N2N=C2Cc2ccncc2)cc1
c1ccc(N2N=C2Cc2ccncc2)cc1
c1ccc(N2CC(Cc3ccncc3)=N2)cc1
c1ccc(N2CC(Cc3ccncc3)=N2)cc1
c1ccc(N2CN=C(Cc3ccncc3)C2)cc1
C1=C(Cc2ccncc2)CN(c2ccccc2)C1
C1=C(Cc2ccncc2)CN(c2ccccc2)C1
C1=C(Cc2ccncc2)CN(c2ccccc2)C1
C1=C(Cc2ccncc2)CN(c2ccccc2)C1
C1=C(Cc2ccncc2)CN(c2ccccc2)C1
C1=C(Cc2ccncc2)CN(c2ccccc2)CC1
C1=C(Cc2ccncc2)CN(c2ccccc2)CC1
C1=C(Cc2ccncc2)CN(c2ccccc2)C1
C1=C(Cc2ccncc2)CN1c1ccccc1
C1=C(Cc2ccncc2)NCN1c1ccccc1
C1=C(Cc2ccncc2)NCN1c1ccccc1
c1ccc(-n2cnc(Cc3ccncc3)c2)cc1
c1ccc(-n2cc(Cc3ccncc3)nn2)cc1
c1ccc(-n2cc(Cc3ccncc3)nn2)cc1
c1ccc(-n2cc(Cc3ccncc3)cn2)cc1
c1ccc(-n2cc(Cc3ccncc3)cn2)cc1
c1ccc(-n2cc(Cc3ccncc3)cn2)cc1
c1ccc(-n2nccc2Cc2ccncc2)cc1
c1ccc(-n2nccc2Cc2ccncc2)cc1
c1ccc(-n2nccc2Cc2ccncc2)cc1
c1ccc(-n2nccc2Cc2ccncc2)cc1
c1ccc(-n2nccc2Cc2ccncc2)cc1
c1ccc(-n2nccc2Cc2ccncc2)cc1
c1ccc(-n2nccc2Cc2ccncc2)cc1
c1ccc(-n2nccc2Cc2ccncc2)cc1
c1ccc(-n2nccc2Cc2ccncc2)cc1
c1ccc(-n2nccc2Cc2ccncc2)cc1
c1ccc(-n2nccc2Cc2ccncc2)cc1
c1ccc(-n2nccc2Cc2ccncc2)cc1
c1ccc(-n2nccc2Cc2ccncc2)cc1
c1ccc(-n2nccc2Cc2ccncc2)cc1
c1ccc(-n2ncc(C3CC3)c2Cc2ccncc2)cc1
c1ccc(-n2ncc(C3CC3)c2Cc2ccncc2)cc1
c1ccc(-n2ncc(C3CC3)c2Cc2ccncc2)cc1
c1ccc(-n2nccc2Cc2ccncc2)cc1
c1ccc(-n2nccc2Cc2ccncc2)cc1
c1ccc(-n2nccc2Cc2ccncc2)cc1
c1ccc(-n2nccc2Cc2ccncc2)cc1
c1ccc(-n2nccc2Cc2ccncc2)cc1
c1ccc(-n2nccc2Cc2ccncc2)cc1
c1ccc(-n2nccc2Cc2ccncc2)cc1
c1ccc(-n2nccc2Cc2ccncc2)cc1
c1ccc(-n2nccc2Cc2ccncc2)cc1
c1ccc(-n2nccc2Cc2ccncc2)cc1
c1ccc(-n2nccc2Cc2ccncc2)cc1
c1ccc(-n2nccc2Cc2ccncc2)cc1
c1ccc(-n2nccc2Cc2ccncc2)cc1
c1ccc(-n2nccc2Cc2ccncc2)cc1
c1ccc(-n2nccc2Cc2ccncc2)cc1
c1ccc(-n2nccc2Cc2ccncc2)cc1
c1ccc(-n2nccc2Cc2ccncc2)cc1
c1ccc(-n2nccc2Cc2ccncc2)cc1
c1ccc(-n2nccc2Cc2ccncc2)cc1
c1ccc(-n2nccc2Cc2ccncc2)cc1
c1ccc(-n2nccc2Cc2ccncc2)cc1
C=C(c1cnn(-c2ccccc2)c1Cc1ccncc1)N1CC1
C=C(c1cnn(-c2ccccc2)c1Cc1ccncc1)N1CC1
c1ccc(-n2nccc2Cc2ccncc2)cc1
c1ccc(-n2nccc2Cc2ccncc2)cc1
C1=C(c2cnn(-c3ccccc3)c2Cc2ccncc2)NC1
C1=C(c2cnn(-c3ccccc3)c2Cc2ccncc2)C1
N=c1cc1-c1cnn(-c2ccccc2)c1Cc1ccncc1
c1ccc(-n2ncc(N=c3cc3)c2Cc2ccncc2)cc1
c1ccc(-n2ncc3cc-3ncc2Cc2ccncc2)cc1
c1ccc(-n2ncc3cc-3ncc2Cc2ccncc2)cc1
c1ccc(-n2ncc3cc-3ncc2Cc2ccncc2)cc1
c1ccc(-n2ncc3cc-3ccc2Cc2ccncc2)cc1
c1ccc(-n2ncc3cc-3ccc2Cc2ccncc2)cc1
c1ccc(-n2ncc3cc-3ccc2Cc2ccncc2)cc1
c1ccc(-n2ncc3cc-3ccc2Cc2ccncc2)cc1
c1ccc(-n2ncc3cc-3ccc2Cc2ccncc2)cc1
c1ccc(-n2ncc3cc-3ccc2Cc2ccncc2)cc1
c1ccc(-n2ncc3cc-3ccc2Cc2ccncc2)cc1
c1ccc(-n2ncc3cc-3ccc2Cc2ccncc2)cc1
c1ccc(-n2ncc3ccc-3cc2Cc2ccncc2)cc1
c1ccc(-n2ncc3ccc-3cc2Cc2ccncc2)cc1
c1ccc(-n2ncc3ccc-3cc2Cc2ccncc2)cc1
c1ccc(-n2ncc3ccc-3cc2Cc2ccncc2)cc1
c1ccc(-n2ncc3ccc-3cc2Cc2ccncc2)cc1
c1ccc(-n2ncc3ccc-3cc2Cc2ccncc2)cc1
c1ccc(-n2ncc3ccc-3cc2Cc2ccncc2)cc1
c1ccc(-n2ncc3ccc-3cc2Cc2ccncc2)cc1
c1ccc(-n2ccc3c(Cc4ccncc4)cc-3cn2)cc1
c1ccc(-n2ncc3cc(Cc4ccncc4)ccc32)cc1
c1ccc(-n2ncc3cc(Cc4ccncc4)ccc32)cc1
O=C1CC(C(=O)N2CCCC(OC(=O)c3ccc(OCc4ccccc4)cc3)C2)CO1
O=C1CC(C(=O)N2CC2CCCOC(=O)c2ccc(OCc3ccccc3)cc2)CO1
O=C(OCCCC1CN1)c1ccc(OCc2ccccc2)cc1
O=C(OCCCC1CN1)c1ccc(OCc2ccccc2)cc1
O=C(OCCCC1CNC1)c1ccc(OCc2ccccc2)cc1
c1ccc(COc2cccc(CCC3CNC3)c2)cc1
c1ccc(COc2cccc(CCC3CNC3)c2)cc1
c1ccc(COc2cccc(CCC3CNC3)c2)cc1
c1ccc(COc2cccc(CCC3CNC3)c2)cc1
c1ccc(COc2cccc(CCC3CN3)c2)cc1
c1ccc(COc2cccc(CCC3CN3)c2)cc1
c1ccc(COc2cccc(CCC3CN3)c2)cc1
c1ccc(COc2ccccc2)cc1
c1ccc(COc2ccccc2)cc1
c1ccc(COc2ccccc2)cc1
c1ccc(COc2ccccc2)cc1
c1ccc(COc2ccccc2)cc1
c1ccc(COc2ccc3c(c2)CNC3)cc1
c1ccc(COc2ccc3c(c2)NC3)cc1
c1ccc(COc2ccc3c(c2)N3)cc1
c1ccc(COc2ccc3c(c2)N3)cc1
c1ccc(COc2ccc3c(c2)N3)cc1
c1ccc(COc2ccc3c(c2)N3)cc1
c1ccc(COc2ccc3c(c2)N3)cc1
c1ccc(COc2ccc3c(c2)N3)cc1
c1ccc(COc2ccc3c(c2)CN3)cc1
c1ccc(COc2ccc3c(c2)CCN3)cc1
c1ccc(COc2ccc3[nH]ccc3c2)cc1
c1ccc(COc2ccc3[nH]ccc3c2)cc1
c1ccc(COc2ccc3[nH]ccc3c2)cc1
c1ccc(COc2ccc3[nH]ncc3c2)cc1
c1ccc(COc2ccc3[nH]ncc3c2)cc1
c1ccc(COc2ccc3[nH]ncc3c2)cc1
c1ccc(COc2ccc3[nH]ncc3c2)cc1
c1ccc(COc2ccc3[nH]ncc3c2)cc1
c1ccc(COc2ccc3[nH]ncc3c2)cc1
c1ccc(COc2ccc3[nH]ncc3c2)cc1
c1ccc(COc2ccc3[nH]ncc3c2)cc1
C1=C(n2ncc3cc(OCc4ccccc4)ccc32)CC1
C1=C(n2ncc3cc(OCc4ccccc4)ccc32)CC1
C1=C(n2ncc3cc(OCc4ccccc4)ccc32)CCC1
C1=C(n2ncc3cc(OCc4ccccc4)ccc32)CCC1
C1=CC(n2ncc3cc(OCc4ccccc4)ccc32)=CC1
C1=CC(n2ncc3cc(OCc4ccccc4)ccc32)=CC1
C1=CC(n2ncc3cc(OCc4ccccc4)ccc32)=CCC1
C1=CC(n2ncc3cc(OCc4ccccc4)ccc32)=CCC1
C1=CC(n2ncc3cc(OCc4ccccc4)ccc32)=CCC1
C1=CC(n2ncc3cc(OCc4ccccc4)ccc32)=CCC1
C1=CC(n2ncc3cc(OCc4ccccc4)ccc32)=CCC1
c1ccc(COc2ccc3c(cnn3-c3ccccc3)c2)cc1
O=C1CC(C(=O)N2CCCC(OC(=O)c3ccc(OCc4ccccc4)cc3)C2)CO1
O=C1CC(C(=O)N2CCCC(OC(=O)c3ccc(OCc4ccccc4)cc3)C2)CO1
O=C1CC(C(=O)N2CCCC(OC(=O)c3ccc(OCc4ccccc4)cc3)C2)CO1
O=C1CC(C(=O)NCC2OC(=O)c3ccc(OCc4ccccc4)cc32)CO1
O=C1CC(C(=O)NCC2OC(=O)c3ccc(OCc4ccccc4)cc32)CO1
O=C1CC(C(=O)NCC2OC(=O)c3ccc(OCc4ccccc4)cc32)O1
O=C1OC(CNC(=O)C2CCO2)c2cc(OCc3ccccc3)ccc21
O=C1OC(CNC(=O)C2CCO2)c2cc(OCc3ccccc3)ccc21
O=C1OC(CNC(=O)C2CCO2)c2cc(OCc3ccccc3)ccc21
O=C1OC(CNC(=O)C2CCO2)c2cc(OCc3ccccc3)ccc21
O=C1OC(CNC(=O)C2CCO2)c2cc(OCc3ccccc3)ccc21
O=C1OC(CNC(=O)C2CCO2)c2cc(OCc3ccccc3)ccc21
O=C1OC(CNC(=O)C2CCO2)c2cc(OCc3ccccc3)ccc21
O=C1OC(CNC(=O)C2CCO2)c2cc(OCc3ccccc3)ccc21
O=C1OC(CNC(=O)C2CCO2)c2cc(OCc3ccccc3)ccc21
O=C1OC(CNC(=O)C2CCO2)c2cc(OCc3ccccc3)ccc21
O=C1OC(CNC(=O)C2CCO2)c2cc(OCc3ccccc3)ccc21
O=C1OC(CNC(=O)C2CCC2)c2cc(OCc3ccccc3)ccc21
O=C1OC(CNC(=O)C2CCNC2)c2cc(OCc3ccccc3)ccc21
O=C1OC(CNC(=O)C2CCNC2)c2cc(OCc3ccccc3)ccc21
O=C1OC(CNC(=O)C2CCNC2)c2cc(OCc3ccccc3)ccc21
O=C1OC(CNC(=O)C2CCNC2)c2cc(OCc3ccccc3)ccc21
O=C1OC(CNC(=O)C2CCNC2)c2cc(OCc3ccccc3)ccc21
O=C1COC(CNC(=O)C2CCNC2)c2cc(OCc3ccccc3)ccc21
O=C1COC(CNC(=O)C2CCN2)c2cc(OCc3ccccc3)ccc21
O=C1COC(CNC(=O)C2CCN2)c2cc(OCc3ccccc3)ccc21
O=C1CCC(CNC(=O)C2CCN2)c2cc(OCc3ccccc3)ccc21
O=C1CCC(CNCC2CCN2)c2cc(OCc3ccccc3)ccc21
O=C1CCCc2cc(OCc3ccccc3NCC3CCN3)ccc21
O=C1CCCc2cc(OCc3ccccc3NCC3CCN3)ccc21
O=C1CCCc2cc(OCc3ccccc3NCC3CCN3)ccc21
O=C1CCCc2cc(OCc3ccccc3NCC3CCN3)ccc21
O=C1CCCc2cc(OCc3ccccc3NCC3CCN3)ccc21
O=C1CCCc2cc(CCc3ccccc3NCC3CCN3)ccc21
O=C1CCCc2cc(Cc3ccccc3NCC3CCN3)ccc21
O=C1CCCc2cc(Cc3ccccc3NCC3CCN3)ccc21
O=C1CCCc2cc(-c3ccccc3NCC3CCN3)ccc21
O=C1CCCc2cc(-c3ccccc3NCCC3CCN3)ccc21
O=C1CCCc2cc(-c3ccccc3NCCC3CCN3)ccc21
c1ccc(-c2ccc3c(c2)CCCC3)c(NCCC2CCN2)c1
c1ccc(-c2ccc3c(c2)CCCC3)c(NCC2CCN2)c1
c1ccc(-c2ccc3c(c2)CCCC3)c(NCC2CN2)c1
c1ccc(-c2ccc3c(c2)CCCC3)cc1
c1ccc(-c2ccc3c(c2)CCCN3)cc1
c1ccc(-c2ccc3c(c2)CCCN3)cc1
c1ccc(-c2ccc3c(c2)CCCN3)cc1
c1ccc(-c2ccc3c(c2)CCCN3)cc1
c1ccc(-c2ccc3c(c2)CCCN3)cc1
c1ccc(-c2ccc3c(c2)CCCN3)cc1
c1ccc(-c2ccc3c(c2)CCCN3)cc1
c1ccc(-c2ccc3c(c2)CCCN3)cc1
c1ccc(-c2ccc3c(c2)CCCN3)cc1
c1ccc(-c2ccc3c(c2)CCCN3)cc1
c1ccc(-c2ccc3c(c2)CCCN3)cc1
c1ccc(-c2ccc3c(c2)CCCN3)cc1
c1ccc(-c2ccc3c(c2)CCCN3)cc1
c1ccc(-c2ccc3c(c2)CCCN3)cc1
c1ccc(-c2ccc3c(c2)CCCN3)cc1
c1ccc(-c2ccc3c(c2)CCCN3)cc1
c1ccc(-c2ccc3c(c2)CCCN3)cc1
c1ccc(-c2ccc3c(c2)CCCN3)cc1
c1ccc(-c2ccc3c(c2)CCCN3)cc1
c1ccc(-c2ccc3c(c2)CCCN3)c(Nc2ccn[nH]2)c1
c1ccc(-c2ccc3c(c2)CCCN3)c(Nn2cccn2)c1
c1ccc(-n2cccn2)c(-c2ccc3c(c2)CCCN3)c1
C1=NN(c2ccccc2-c2ccc3c(c2)CCCN3)C1
C1=NN1c1ccccc1-c1ccc2c(c1)CCCN2
C1=NN1c1ccccc1Cc1ccc2c(c1)CCCN2
c1ccc2c(-c3ccc4c(c3)CCCN4)c[nH]c2c1
c1ccc2c(-c3ccc4c(c3)CCCN4)c[nH]c2c1
O=C1CC(C(=O)N2CCCC(OC(=O)c3ccc(OCc4ccccc4)cc3)C2)CO1
O=C1CC(CN2CCCC(OC(=O)c3ccc(OCc4ccccc4)cc3)C2)CO1
O=C1CC(CNCC2Cc3cc(OCc4ccccc4)ccc3C(=O)O2)CO1
O=C1CC(CNCC2Cc3cc(CCc4ccccc4)ccc3C(=O)O2)CO1
O=C1CC(CNCC2Cc3cc(CCc4ccccc4)ccc3C(=O)O2)CO1
O=C1CC(CNCC2Cc3cc(CCc4ccccc4)ccc3C(=O)O2)CO1
O=C1OC(CNCC2COC2=O)Cc2cc(CCc3ccccc3)ccc21
O=C1OCC(CNCC2COC2=O)Cc2cc(CCc3ccccc3)ccc21
O=C1OCCCc2cc(CCc3ccccc3)ccc21
O=C1OCCOCc2cc(CCc3ccccc3)ccc21
O=C1OCCOCc2cc(CCc3ccccc3)ccc21
O=C1OCCOCc2cc(CCc3ccccc3)ccc21
O=C1OCCOCc2cc(CCc3ccccc3)ccc21
O=C1OCCOCc2cc(CCc3ccccc3)ccc21
O=C1OCCOCc2cc(CCc3ccccc3)ccc21
O=C1OCCOCc2cc(CCc3ccccc3)ccc21
O=C1OCCOCc2cc(CCc3ccccc3)ccc21
O=C1OCCOCc2cc(CCc3ccccc3)ccc21
O=C1OCCOCc2cc(NCCc3ccccc3)ccc21
O=C1OCCOCc2cc(NCCc3ccccc3)ccc21
O=C1OCCOCc2cc(NCCc3ccccc3)ccc21
O=C1OCCOCc2cc(NCCc3ccccc3)ccc21
O=C1OCCOCc2cc(NCCc3ccccc3)ccc21
O=C1OCCOCc2cc(NCCc3ccccc3)ccc21
O=C1OCCOCc2cc(NCCc3ccccc3)ccc21
O=C(CCCc1ccccc1)NCCC1COC(=O)c2ccccc2CO1
O=C(CCCc1ccccc1)NCC1COC(=O)c2ccccc2CO1
O=C(CCCc1ccccc1)NCC1COC(=O)c2ccccc2CO1
O=C(CCCc1ccccc1)NCCNc1ccc2c(c1)COCCOC2=O
O=C(CCCc1ccccc1)NCCNc1ccc2c(c1)COCCOC2=O
O=C(CCCc1ccccc1)NCCNc1ccc2c(c1)COCOC2=O
O=C(CCCc1ccccc1)NCCCNc1ccc2c(c1)COCOC2=O
O=C(CCCc1ccccc1)NCCCNc1ccc2c(c1)COCOC2=O
O=C(CCNCCCCc1ccccc1)Nc1ccc2c(c1)COCOC2=O
O=C(CCCCCc1ccccc1)Nc1ccc2c(c1)COCOC2=O
O=C(CCCCCc1ccccc1)Nc1ccc2c(c1)COCOC2=O
O=C(CCCCCc1ccccc1)Nc1ccc2c(c1)COCOC2=O
O=C(CCCc1ccccc1)Nc1ccc2c(c1)COCOC2=O
O=C(CCCc1ccccc1)Nc1ccc2c(c1)COCOC2=O
O=C(CCCc1ccccc1)Nc1ccc2c(c1)CCCOC2=O
O=C(CCCc1ccccc1)Nc1ccc2c(c1)CCCOC2=O
O=C(CCCc1ccccc1)Nc1ccc2c(c1)CCOC2=O
O=C(CCCc1ccccc1)Nc1ccc2c(c1)COC2=O
O=C(CCCc1ccccc1)Nc1ccc2c(c1)COC2=O
O=C(CCCc1ccccc1)Nc1ccc2c(c1)COC2=O
O=C(CCCc1ccccc1)Nc1ccc2c(c1)COC2=O
O=C(CCCc1ccccc1)Nc1ccc2c(c1)COC2=O
O=C(CCCc1ccccc1)Nc1ccc2c(c1)COC2=O
O=C(CCCc1ccccc1)Nc1ccc2c(c1)COC2=O
O=C(CCCc1ccccc1)Nc1ccc2c(c1)COC2=O
O=C(CCCc1ccccc1)Nc1ccc2c(c1)COC2=O
O=C(CCCc1ccccc1)Nc1ccc2c(c1)COC2=O
O=C(CCCc1ccccc1)Nc1ccc2c(c1)COC2=O
O=C(CCCc1ccccc1)Nc1ccc2c(c1)COC2=O
O=C(CCCc1ccccc1)Nc1ccc2c(c1)COC2=O
O=C(CCCc1ccccc1)Nc1ccc2c(c1)COC2=O
O=C(CCCc1ccccc1)Nc1ccc2c(c1)COC2=O
O=C(CCCc1ccccc1)Nc1ccc2c(c1)COC2=O
O=C(CCCc1ccccc1)Nc1ccc2c(c1)COC2=O
O=C(CCCc1ccccc1)Nc1ccc2c(c1)COC2=O
O=C(CCCc1ccccc1)Nc1ccc2c(c1)COC2=O
O=C(CCCc1ccccc1)Nc1ccc2c(c1)COC2=O
O=C(CCCc1ccccc1)Nc1ccc2c(c1)COC2=O
O=C(CCCc1ccccc1)Nc1ccc2c(c1)COC2=O
O=C1OCc2cc(NC(=O)C(CCC3=CCC3)CCc3ccccc3)ccc21
O=C1OCc2cc(NC(=O)C(CCC3=CCC3)CCc3ccccc3)ccc21
O=C1OCc2cc(NC(=O)C(CCC3=CCC3)CCc3ccccc3)ccc21
O=C1OCc2cc(NC(=O)C(CCC3=CCC3)CCc3ccccc3)ccc21
O=C1OCc2cc(NC(=O)C(CCC3=CCC3)CCc3ccccc3)ccc21
O=C1OCc2cc(NC(=O)C(CCC3=CCC3)CCc3ccccc3)ccc21
O=C1OCc2cc(NC(=O)C(CCC3=CCCC3)CCc3ccccc3)ccc21
O=C1OCc2cc(NC(=O)C(CCC3=CCCC3)CCc3ccccc3)ccc21
O=C1OCc2cc(NC(=O)C(CCC3=CCCC3)CCc3ccccc3)ccc21
O=C1OCc2cc(NC(=O)C(CCC3=CCC=C3)CCc3ccccc3)ccc21
O=C1OCc2cc(NC(=O)C(CCC3=CCC=C3)CCc3ccccc3)ccc21
O=C1OCc2cc(NC(=O)C(CCC3=CCCC=C3)CCc3ccccc3)ccc21
O=C1OCc2cc(NC(=O)C(CCc3ccccc3)CCc3ccccc3)ccc21
O=C(NCC(Oc1ccc2c(cnn2-c2ccccc2)c1)c1ccccc1)C1CC1
O=C(NCC(Oc1ccc2c(cnn2-c2ccccc2)c1)C1=CC=CCC=C1)C1CC1
O=C(NCC(Oc1ccc2c(cnn2-c2ccccc2)c1)c1ccccc1)C1CC1
O=C(NCC(Cc1ccccc1)Oc1ccc2c(cnn2-c2ccccc2)c1)C1CC1
c1ccc(CCOc2ccc3c(cnn3-c3ccccc3)c2)cc1
c1ccc(CCOc2ccc3c(cnn3-c3ccccc3)c2)cc1
c1ccc(CCCOc2ccc3c(cnn3-c3ccccc3)c2)cc1
c1ccc(CCCOc2ccc3c(cnn3-c3ccccc3)c2)cc1
c1ccc(CCCOc2ccc3c(cnn3-c3ccccc3)c2)cc1
c1ccc(CCCOc2ccc3c(cnn3-c3ccccc3)c2)cc1
c1ccc(CCCOc2ccc3c(cnn3-c3ccccc3)c2)cc1
c1ccc(CCCOc2ccc3c(cnn3-c3ccccc3)c2)cc1
c1ccc(CCCOc2ccc3c(cnn3-c3ccccc3)c2)cc1
c1ccc(CCCOc2ccc3c(cnn3-c3ccccc3)c2)cc1
c1ccc(CCCOc2ccc3c(cnn3-c3ccccc3)c2)cc1
c1ccc(CCCOc2ccc3c(cnn3-c3ccccc3)c2)cc1
c1ccc(CCC(Oc2ccc3c(cnn3-c3ccccc3)c2)C2CC2)cc1
c1ccc(CCC(Oc2ccc3c(cnn3-c3ccccc3)c2)C2CCC2)cc1
C1=C(C(CCc2ccccc2)Oc2ccc3c(cnn3-c3ccccc3)c2)CC1
C1=C(C(CCc2ccccc2)Oc2ccc3c(cnn3-c3ccccc3)c2)CC1
C1=C(C(CCc2ccccc2)Oc2ccc3c(cnn3-c3ccccc3)c2)CC1
C1=CCCC=1C(CCc1ccccc1)Oc1ccc2c(cnn2-c2ccccc2)c1
C1=CCCC=1C(CCc1ccccc1)Oc1ccc2c(cnn2-c2ccccc2)c1
C1=CCCC=1C(CCc1ccccc1)Oc1ccc2c(cnn2-c2ccccc2)c1
C1=C(C(CCc2ccccc2)Oc2ccc3c(cnn3-c3ccccc3)c2)CC1
O=C1C=C(C(CCc2ccccc2)Oc2ccc3c(cnn3-c3ccccc3)c2)C1
O=C1C=C(C(CCc2ccccc2)Oc2ccc3c(cnn3-c3ccccc3)c2)C1
O=C1C=C(C(CCc2ccccc2)Oc2ccc3c(cnn3-c3ccccc3)c2)CC1
O=C1C=CC(C(CCc2ccccc2)Oc2ccc3c(cnn3-c3ccccc3)c2)=C1
C1=CC(C(CCc2ccccc2)Oc2ccc3c(cnn3-c3ccccc3)c2)=CC1
C1=CC(C(CCc2ccccc2)Oc2ccc3c(cnn3-c3ccccc3)c2)=CCC1
c1ccc(CCC(Oc2ccc3c(cnn3-c3ccccc3)c2)c2ccccc2)cc1
c1ccc(CCC(Oc2ccc3c(cnn3-c3ccccc3)c2)c2cccnc2)cc1
c1ccc(CCC(Oc2ccc3c(cnn3-c3ccccc3)c2)c2cccnc2)cc1
O=C(NCC(Oc1ccc2c(cnn2-c2ccccc2)c1)c1ccccc1)C1CC1
c1ccc(C(CNCC2CC2)Oc2ccc3c(cnn3-c3ccccc3)c2)cc1
c1ccc(-n2ncc3cc4c(cc32)-c2ccccc2C(CNCC2CC2)O4)cc1
c1ccc(-n2ncc3ccc(-c4ccccc4CCNCC4CC4)cc32)cc1
c1ccc(-n2ncc3ccc(-c4ccccc4CCC4CC4)cc32)cc1
c1ccc(-n2ncc3ccc(-c4ccccc4CCC4CC4)cc32)cc1
c1ccc(-n2ncc3c(-c4ccccc4CCC4CC4)cccc32)cc1
c1ccc(-n2ncc3c(-c4ccccc4CCC4CC4)cccc32)cc1
c1ccc(-n2ncc3c(-c4ccccc4CCC4CC4)cccc32)cc1
c1ccc(-n2ncc3c(-c4ccccc4CC4CCCC4)cccc32)cc1
C1=C(c2ccccc2CC2CCCC2)c2cnn(-c3ccccc3)c2C1
C1=C(c2ccccc2CC2CCCC2)c2cnn(-c3ccccc3)c21
C1=C(c2ccccc2CC2CCCC2)Cc2cnn(-c3ccccc3)c21
C1=C(c2ccccc2CC2CCCC2)Cc2cnn(-c3ccccc3)c21
C1=C(c2ccccc2CC2CCCC2C2CC2)Cc2cnn(-c3ccccc3)c21
C1=C(c2ccccc2CC2CCCC2C2CC2)CCc2cnn(-c3ccccc3)c21
C1=C(c2ccccc2CC2CCCC2)CCc2cnn(-c3ccccc3)c21
C1=C(c2ccccc2CC2CCCCC2)CCc2cnn(-c3ccccc3)c21
C1=C(c2ccccc2CC2CCCCCC2)CCc2cnn(-c3ccccc3)c21
C1=C(c2ccccc2CC2CCCCCC2)CCc2cnn(-c3ccccc3)c21
C1=C(c2ccccc2CC2CCCCCC2)CCc2cnn(-c3ccccc3)c21
C1=C(c2ccccc2CC2CCCCCC2)SCCc2cnn(-c3ccccc3)c21
C1=C(c2ccccc2CC2CCCCCC2)SCCc2cnn(-c3ccccc3)c21
C1=C(c2ccccc2CC2CCCCCC2)SCCc2cnn(-c3ccccc3)c21
C1=C(c2ccccc2CC2CCCCCC2)SCCc2cnn(-c3ccccc3)c21
C1=C(C2CCCCCC2Cc2ccccc2)SCCc2cnn(-c3ccccc3)c21
C1=C(C2CCCCCC2Cc2ccccc2)SCCCc2cnn(-c3ccccc3)c21
C1=C(C2CCCCCC2Cc2ccccc2)CCCCc2cnn(-c3ccccc3)c21
C1=C(C2CCCCCC2Cc2ccccc2)CCCCc2cnn(-c3ccccc3)c21
C1=C(C2CCCCCC2Cc2ccccc2)CCCCc2cnn(-c3ccccc3)c21
C1=C(C2CCCCC2Cc2ccccc2)CCCCc2cnn(-c3ccccc3)c21
C1=C(C2CCCCC2Cc2ccccc2)CCCCc2cnn(-c3ccccc3)c21
C1=C(C2CCCCC2Cc2ccccc2)CCCCc2cnn(-c3ccccc3)c21
C1=C(C2CCCCC2Cc2ccccc2)CCCCc2cnn(-c3ccccc3)c21
C1=C(C2CCCCC2Cc2ccccc2)CCCCc2cnn(-c3ccccc3)c21
C1=C(C2CCCCC2Cc2ccccc2)CCCCc2cnn(-c3ccccc3)c21
C1=C(C2CCCCC2Cc2ccccc2)CCCc2cnn(-c3ccccc3)c21
C1=C(C2CCCC2Cc2ccccc2)CCCc2cnn(-c3ccccc3)c21
C1=C(C2CCCC2Cc2ccccc2)CCCc2cnn(-c3ccccc3)c21
C1=C(C2CCCC2Cc2ccccc2)CCCc2cnn(-c3ccccc3)c21
C1=C(C2CCCC2Cc2ccccc2)CCCc2cnn(-c3ccccc3)c21
C1=C(C2CCCC2Cc2ccccc2)CCCc2cnn(-c3ccccc3)c21
C1=C(C2CCCC2Cc2ccccc2)CCCc2cnn(-c3ccccc3)c21
C1=C(C2CCCCC2Cc2ccccc2)CCCc2cnn(-c3ccccc3)c21
C1=C(C2CCCCCC2Cc2ccccc2)CCCc2cnn(-c3ccccc3)c21
C1=C(C2CCCCCC2Cc2ccccc2)CCCc2cnn(-c3ccccc3)c21
C1=C(C2CCCCCC2Cc2ccccc2C2CC2)CCCc2cnn(-c3ccccc3)c21
C1=C(C2CCCCC2Cc2ccccc2C2CC2)CCCc2cnn(-c3ccccc3)c21
C1=C(C2CCCCC2Cc2ccccc2C2CC2)CCc2cnn(-c3ccccc3)c21
C1=C2CCCC(Cc3ccccc3C3CC3)C2CCCc2cnn(-c3ccccc3)c21
C1=C2CCCC(Cc3ccccc3)C2CCCc2cnn(-c3ccccc3)c21
C1=C2CCCC(Cc3ccccc3)C2CCc2cnn(-c3ccccc3)c21
C1=C2CCCC(Cc3ccccc3)C2CCc2cnn(-c3ccccc3)c21
C1=C2CCCC(Cc3ccccc3)C2CCc2cnn(-c3ccccc3)c21
C1=C2CCCC(Cc3ccccc3)C2Cc2cnn(-c3ccccc3)c21
C1=C2CCCC(Cc3ccccc3)C2Cc2cnn(-c3ccccc3)c21
C1=C2CCCC(Cc3ccccc3)C2Cc2cnn(-c3ccccc3)c21
C1=C2CCCC(Cc3ccccc3)C2Cc2cnn(-c3ccccc3)c21
C1=C2CCCC(Cc3ccccc3)C2Cc2cnn(-c3ccccc3)c21
C1=C2CCCC(Cc3ccccc3)C2Cc2cnn(-c3ccccc3)c21
C1=C2CCCC(Cc3ccccc3)C2Cc2cnn(-c3ccccc3)c21
C1=C2CCCC(Cc3ccccc3)C2Cc2cnn(-c3ccccc3)c21
C1=C2CCCC(Cc3ccccc3)C2Cc2cnn(-c3ccccc3)c21
C1=C2CCCC(Cc3ccccc3)C2Cc2cnn(-c3ccccc3)c21
C1=C2CCCC(Cc3ccccc3)C2Cc2cnn(-c3ccccc3)c21
C1=C2CCCC(Cc3ccccc3)C2Cc2cnn(-c3ccccc3)c21
C1=C2CCCC(Cc3ccccc3)C2Cc2cnn(-c3ccccc3)c21
C1=C2CCCC(Cc3ccccc3)C2Cc2cnn(-c3ccccc3)c21
C1=C2CCCC(Cc3ccccc3)C2Cc2cnn(-c3ccccc3)c21
C1=C2CCCC(Cc3ccccc3)C2Cc2cnn(-c3ccccc3)c21
C1=C2CCCC(Cc3ccccc3)C2Cc2cnn(-c3ccccc3)c21
C1=C2CCCC(Cc3ccccc3)C2Cc2cnn(-c3ccccc3)c21
C1=C2CCCC(Cc3ccccc3)C2Cc2cnn(-c3ccccc3)c21
C1=C2CCCC(Cc3ccccc3)C2Cc2cnn(-c3ccccc3)c21
C1=C2CCCC(Cc3ccccc3)C2Cc2cnn(-c3ccccc3)c21
C1=Cc2cc(CC3CCCC4=Cc5c(cnn5-c5ccccc5)CC43)ccc21
C1=C2CCCC(Cc3cc4c5ccc5c34)C2Cc2cnn(-c3ccccc3)c21
C1=C2CCCC(Cc3cc4c5ccc5c34)C2Cc2cnn(-c3ccccc3)c21
C1=C(CC2CCCC3=Cc4c(cnn4-c4ccccc4)CC32)c2ccccc21
C1=C(CC2CCCC3=Cc4c(cnn4-c4ccccc4)CC32)c2ccccc21
C1=C(CC2CCCC3=Cc4c(cnn4-c4ccccc4)CC32)c2ccccc21
C1=C2CCCC(Cc3csc4ccccc34)C2Cc2cnn(-c3ccccc3)c21
C1=C2CCCC(Cc3csc4ccccc34)C2Cc2cnn(-c3ccccc3)c21
C1=C2CCCC(Cc3csc4ccccc34)C2Cc2cnn(-c3ccccc3)c21
O=C(NCC(Oc1ccc2c(cnn2-c2ccccc2)c1)c1ccccc1)C1CC1
O=C(NCC(Oc1ccc2c(cnn2-c2ccccc2)c1)c1ccccc1)C1CC1
O=C(NCC(Oc1ccc2c(cnn2-c2ccccc2)c1)c1ccccc1)C1CC1
O=C(NCC(Oc1ccc2c(cnn2-c2ccccc2)c1)C1=CC=COC=C1)C1CC1
O=C(NCC(Oc1ccc2c(cnn2-c2ccccc2)c1)c1ccc2c(c1)O2)C1CC1
O=C(NCC(Oc1ccc2c(cnn2-c2ccccc2)c1)c1ccc2c(c1)OC2)C1CC1
O=C(NCC(Oc1ccc2c(cnn2-c2ccccc2)c1)c1ccc2c(c1)OCC2)C1CC1
O=C(NCC(Oc1ccc2c(cnn2-c2ccccc2)c1)c1ccc2c(c1)OCCO2)C1CC1
O=C(NCC(Oc1ccc2c(cnn2-c2ccccc2)c1)c1ccc2c(c1)OCCO2)C1CCC1
O=C(NCC(Oc1ccc2c(cnn2-c2ccccc2)c1)c1ccc2c(c1)OCCO2)C1CCCC1
O=C(NCC(Oc1ccc2c(cnn2-c2ccccc2)c1)c1ccc2c(c1)OCCO2)C1CCCC1
c1ccc(-n2ncc3cc(OC(CNCC4CCCC4)c4ccc5c(c4)OCCO5)ccc32)cc1
c1ccc(-n2ncc3cc(OC(CNCC4CCOC4)c4ccc5c(c4)OCCO5)ccc32)cc1
c1ccc(-n2ncc3cc(OC(CNC4CCOC4)c4ccc5c(c4)OCCO5)ccc32)cc1
c1ccc(-n2ncc3cc(OC(CNC4CCOC4)c4ccc5c(c4)OCCO5)ccc32)cc1
c1ccc(-n2ncc3cc(OC(CNC4CCCOC4)c4ccc5c(c4)OCCO5)ccc32)cc1
c1ccc(-n2ncc3cc(OC(CNC4CCCOC4)c4ccc5c(c4)OCCO5)ccc32)cc1
c1ccc(-n2ncc3cc(OC(CNC4CCOCOC4)c4ccc5c(c4)OCCO5)ccc32)cc1
c1ccc(-n2ncc3cc(OC(CNC4CCCOCC4)c4ccc5c(c4)OCCO5)ccc32)cc1
c1ccc(-n2ncc3cc(OC(CNC4CCOCC4)c4ccc5c(c4)OCCO5)ccc32)cc1
c1ccc(-n2ncc3cc(OC(CNC4CCOCC4)c4ccc5c(c4)OCCO5)ccc32)cc1
O=C(NC1CCOCC1)c1cccc(-n2ncc3cc(OCc4ccc5c(c4)OCCO5)ccc32)c1
O=C(NC1CCOCC1)c1cccc(-n2ncc3cc(OCc4ccc5c(c4)OCCO5)ccc32)c1
O=C(NC1CCOC1)c1cccc(-n2ncc3cc(OCc4ccc5c(c4)OCCO5)ccc32)c1
O=C(NC1CCOC1)c1cccc(-n2ncc3cc(OCc4ccc5c(c4)OCCO5)ccc32)c1
O=C(NC1CCOC1)c1cccc(-n2ncc3cc(OCc4ccc5c(c4)OCCO5)ccc32)c1
O=C(NC1CCOC1)c1cccc(-n2ncc3cc(OCc4ccc5c(c4)OCCO5)ccc32)c1
O=C(NC1CCOC1)c1cccc(-n2ncc3cc(OCc4ccc5c(c4)OCCO5)ccc32)c1
O=C(NC1CCOC1)c1cccc(-n2ncc3cc(OCc4ccc5c(c4)OCCO5)ccc32)c1
O=C(NC1CCOC1)c1cccc(-n2ncc3cc(OCc4ccc5c(c4)OCCO5)ccc32)c1
O=C(NC1CCOC1)c1cccc(-n2ncc3cc(OCc4ccc5c(c4)OCCO5)ccc32)c1
O=C(NC1CCOC1)c1cccc(-n2ncc3cc(OCc4ccc5c(c4)OCCO5)ccc32)c1
O=C(NC1CCOC1)c1cccc(-n2ncc3cc(OCc4ccc5c(c4)OCCO5)ccc32)c1
O=C(NC1CCOC1)c1cccc(-n2ncc3cc(OCc4ccc5c(c4)OCCO5)ccc32)c1
O=C(NC1CCOC1)c1cccc(-n2ncc3cc(OCc4ccc5c(c4)OCCO5)ccc32)c1
O=C(NC1CCOC1)c1cccc(-n2ncc3cc(OCc4ccc5c(c4)OCCO5)ccc32)c1
O=C(NC1CCOC1)c1cccc(-n2ncc3cc(OCc4ccc5c(c4)OCCO5)ccc32)c1
O=C(NC1CCOC1)c1cccc(-n2ncc3cc(OCc4ccc5c(c4)OCCO5)ccc32)c1
O=C(NC1CCOC1)c1cccc(-n2ncc3cc(OCc4ccc5c(c4)OCCO5)ccc32)c1
O=C(NC1CCOC1)c1cccc(-n2ncc3cc(OCc4ccc5c(c4)OCCCO5)ccc32)c1
O=C(NC1CCOC1)c1cccc(-n2ncc3cc(OCc4ccc5c(c4)OCCCO5)ccc32)c1
O=C(NC1CCOC1)c1cccc(-n2ncc3cc(OCc4ccc5c(c4)OCCO5)ccc32)c1
O=C(NC1CCOC1)c1cccc(-n2ncc3cc(OCc4ccc5c(c4)OCCO5)ccc32)c1
O=C(NC1CCOC1)c1cccc(-n2ncc3cc(OCc4ccc5c(c4)OCCO5)ccc32)c1
O=C(NC1CCOC1)c1cccc(-n2ncc3cc(OCc4ccc5c(c4)OCCO5)ccc32)c1
O=C(NC1CCOC1)c1cccc(-n2ncc3cc(OCc4ccc5c(c4)OCCO5)ccc32)c1
O=C(NC1CCOC1)c1cccc(-n2ncc3cc(OCc4ccc5c(c4)OCCO5)ccc32)c1
O=C(NC1CCOC1)c1cccc(-n2ncc3cc(OCc4ccc5c(c4)OCCO5)ccc32)c1
O=C(NC1CCOC1)c1cccc(-n2ncc3cc(OCc4ccc5c(c4)OCCCO5)ccc32)c1
O=C(NC1CCOC1)c1cccc(-n2ncc3cc(OCc4ccc5c(c4)OCCCO5)ccc32)c1
O=C(NC1CCOC1)c1cccc(-n2ncc3cc(OCc4ccc5c(c4)OCCCCO5)ccc32)c1
O=C(NC1CCOC1)c1cccc(-n2ncc3cc(OCc4ccc5c(c4)OCCCCO5)ccc32)c1
O=C(NC1CCOC1)c1cccc(-n2ncc3cc(OCc4ccc5c(c4)OCCCO5)ccc32)c1
O=C(NC1CCOC1)c1cccc(-n2ncc3cc(OCc4ccc5c(c4)OCCCO5)ccc32)c1
O=C(NC1CCOC1)c1cccc(-n2ncc3cc(OCc4ccc5c(c4)OCCCO5)ccc32)c1
O=C(NC1CCOC1)c1cccc(-n2ncc3cc(OCc4ccc5c(c4)OCCO5)ccc32)c1
O=C(NCC(Oc1ccc2c(cnn2-c2ccccc2)c1)c1ccccc1)C1CC1
O=C(NCC(Oc1ccc2c(cnn2-c2ccccc2)c1)c1ccccc1)C1CC1
O=C(NCc1c(OCc2ccccc2)ccc2c1cnn2-c1ccccc1)C1CC1
c1ccc(COc2ccc3c(cnn3-c3ccccc3)c2C2CC2)cc1
c1ccc(COc2ccc3c(cnn3-c3ccccc3)c2)cc1
O=C(Cc1cccc2c1cnn2-c1ccccc1)Nc1ccccc1
O=C(Cc1ccccc1)Cc1cccc2c1cnn2-c1ccccc1
c1ccc(CCCc2cccc3c2cnn3-c2ccccc2)cc1
c1ccc(CCCc2cccc(Nc3ccccc3)c2)cc1
c1ccc(CCCc2cccc(Nc3ccccc3)c2)cc1
c1ccc(CCCc2cccc(Nc3ccccc3)c2)cc1
c1ccc(CCCc2cccc(Nc3ccccc3)c2)cc1
c1ccc(CCCc2cccc(Nc3ccccc3)c2)cc1
c1ccc(CCCc2cccc(Cc3ccccc3)c2)cc1
c1ccc(CCCCc2cccc(Cc3ccccc3)c2)cc1
c1ccc(CCCCc2cccc(Cc3ccccc3)c2)cc1
c1ccc(CCCCc2cccc(Cc3ccccc3)c2)cc1
c1ccc(CCCCc2cccc(C3Oc4ccccc43)c2)cc1
c1ccc(CCCCc2cccc(C3Cc4ccccc43)c2)cc1
c1ccc(CCCCc2cccc(CCc3ccccc3)c2)cc1
c1ccc(CCCCc2cccc(CCc3ccccc3)c2)cc1
c1ccc(CCC(Cc2ccccc2)Cc2ccccc2)cc1
c1ccc(CCC(Cc2ccccc2)c2ccccc2)cc1
c1ccc(CCC(Cc2ccccc2)c2ccccc2)cc1
c1ccc(CCC(Cc2ccccc2)c2ccccc2)cc1
c1ccc(CCC(Cc2ccccc2)c2ccccc2)cc1
c1ccc(CCC(Cc2ccccc2)c2ccccc2)cc1
c1ccc(CCC(Cc2ccccc2)c2ccccc2)cc1
c1ccc(CCC(Cc2ccccc2)Cc2ccccc2)cc1
c1ccc(CCC(Cc2ccccc2)Cc2ccccc2)cc1
c1ccc(CCC(Cc2ccccc2)Cc2ccccc2)cc1
c1ccc(CCC(Cc2ccccc2)Cc2ccccc2)cc1
c1ccc(CCC(Cc2ccccc2)Cc2ccccc2)cc1
c1ccc(CCC(Cc2ccccc2)Cc2ccccc2)cc1
c1ccc(CCC(Cc2ccccc2)Cc2ccccc2)cc1
c1ccc(CCC(Cc2ccccc2)Cc2ccccc2)cc1
c1ccc(CCC(Cc2ccccc2)Cc2ccccc2)cc1
C1=CC(CC(CCc2ccccc2)Cc2ccccc2)C=C1
C1=CC(CC(CCc2ccccc2)Cc2ccccc2)C=C1
C1=CC(CC(CCc2ccccc2)Cc2ccccc2)=C1
C1=C(CC(CCc2ccccc2)Cc2ccccc2)C1
c1ccc(CCCCc2ccccc2)cc1
c1ccc(CCCCc2ccccc2)cc1
c1ccc(CCCCc2ccccc2)cc1
c1ccc(CCCCc2ccccc2)cc1
O=C(NCC(Oc1ccc2c(cnn2-c2ccccc2)c1)c1ccccc1)C1CC1
c1ccc(COc2ccc3c(cnn3-c3ccccc3)c2)cc1
c1ccc(COc2ccc3c(cnn3-c3ccccc3)c2)cc1
c1ccc(COc2ccc3c(cnn3-c3ccccc3)c2)cc1
O=C(Cc1ccccc1)NCC(Oc1ccc2[nH]ncc2c1)c1ccccc1
c1ccc(CCNCC(Oc2ccc3[nH]ncc3c2)c2ccccc2)cc1
c1ccc(CCNCC(Cc2ccc3[nH]ncc3c2)c2ccccc2)cc1
c1ccc(CCNCC(c2ccccc2)n2ncc3ccccc32)cc1
c1ccc(CCNCC(c2ccccc2)n2ncc3ccccc32)cc1
c1ccc(CCNCC(c2ccccc2)n2ccc3ccccc32)cc1
c1ccc(CCCCC(c2ccccc2)n2ccc3ccccc32)cc1
c1ccc(CCCCC(c2ccc3cc2-3)n2ccc3ccccc32)cc1
c1ccc(CCCCC(c2ccc3cc2-3)n2ccc3ccccc32)cc1
c1ccc(CCC(CCn2ccc3ccccc32)Cc2ccc3cc2-3)cc1
c1ccc(CCC(CCn2ccc3ccccc32)Cc2ccc3cc2-3)cc1
c1ccc(CCC(Cc2ccc3cc2-3)Cn2ccc3ccccc32)cc1
C1=CC1=CCC(CCc1ccccc1)Cn1ccc2ccccc21
C1=CC1CC(CCc1ccccc1)Cn1ccc2ccccc21
C1=C(C(CCc2ccccc2)Cn2ccc3ccccc32)C1
c1ccc(CCCCn2ccc3ccccc32)cc1
c1ccc(CCCCn2ccc3ccccc32)cc1
c1ccc(CCCCn2ccc3ccccc32)cc1
c1ccc(CCCCn2ccc3ccccc32)cc1
c1ccc(CCCCn2ccc3ccccc32)cc1
c1ccc(CCCCn2ccc3ccccc32)cc1
c1ccc(CCCCn2ccc3ccccc32)cc1
c1ccc(CCCCn2ccc3ccccc32)cc1
c1ccc(CCCCn2ccc3ccccc32)cc1
O=c1ccn(CCCCc2ccccc2)c2ccccc12
O=c1ccn(CCCCc2ccccc2)c2ccccc12
O=c1ccn(CCCCc2ccccc2)c2ccccc12
O=C(NCC(Oc1ccc2c(cnn2-c2ccccc2)c1)c1ccccc1)C1CC1
O=C(NCC(Oc1ccc2c(c1)C=NNc1ccccc1-2)c1ccccc1)C1CC1
O=C(NCC(Oc1ccc2c(c1)C=NNc1ccccc1-2)c1ccccc1)C1CCC1
O=C(NCC(Oc1ccc2c(c1)C=NNc1ccccc1-2)c1ccccc1)C1CCC1
O=C(NCC(Oc1ccc2c(cnc3ccccc32)c1)c1ccccc1)C1CCC1
O=C(NCC(Oc1ccc2c(cnc3ccccc32)c1)c1ccccc1)NC1CCC1
O=C(NCC(Oc1ccc2c(cnc3ccccc32)c1)c1ccccc1)NC1CCCC1
O=C(NCC(Oc1ccc2c(cnc3ccccc32)c1)c1ccccc1)NC1CCCCC1
O=C(NCC(Oc1ccc2c3c(ncc2c1)=CCC=3)c1ccccc1)NC1CCCCC1
O=C(NCC(Oc1ccc2c(c1)C=NC1=CCC12)c1ccccc1)NC1CCCCC1
O=C(NCC(Oc1ccc2c(c1)C=NC1=CCC12)c1ccccc1)NC1CCCCCC1
O=C(NCC(Oc1ccc2c(c1)C=NC1=CCC12)c1ccccc1)NC1CCCCCCC1
O=C(NCC(Oc1ccc2c(c1)C=NC1=CC12)c1ccccc1)NC1CCCCCCC1
C=C1Cc2ccc(OC(CNC(=O)NC3CCCCCCC3)c3ccccc3)cc2C=N1
O=C(NCC(Oc1ccccc1)c1ccccc1)NC1CCCCCCC1
O=C(NCC(Oc1cccnc1)c1ccccc1)NC1CCCCCCC1
O=C(NCC(Oc1cccnc1)c1ccccc1)NC1CCCCCC1
O=C(NCC(Oc1cccnc1)c1ccccc1)NC1CCCCCC1
O=C(NCC(Oc1cccnc1)c1ccccc1)NC1CCCCCC1
O=C(NCC(Oc1cccnc1)c1ccccc1)NC1CCCCCC1
O=C(NCC(Oc1cccnc1)c1ccccc1)NC1CCCCCC1
O=C(NCC(Oc1cccnc1)c1ccccc1)NC1CCCCCCC1
O=C(NCC(Oc1cccnc1)c1ccccc1)NC1CCCCCCC1
O=C(NCC(Oc1cccnc1)c1ccccc1)NC1CCCCCCC1
O=C(NCC(Oc1cccnc1)c1ccccc1)NC1CCCCCCC1
O=C(NCC(Oc1cccnc1)c1ccccc1)NC1CCCCCCC1
O=C(NCC(Oc1cccnc1)c1ccccc1)NC1CCCCCCC1
O=C(NCC(Oc1cccnc1)c1ccccc1)NC1CCCCCCC1
O=C(NCC(Oc1cccnc1)c1ccccc1)NC1CCCCCCC1
O=C(NCC(Oc1cccnc1)c1ccccc1)NC1CCCCCC1
O=C(NCC(Oc1cccnc1)c1ccccc1)NC1CCCCCC1
O=C(NCC(Oc1ccc(C(=O)NC2CC2)nc1)c1ccccc1)NC1CCCCCC1
O=C(NCC(Oc1ccc(C(=O)NC2CCC2)nc1)c1ccccc1)NC1CCCCCC1
O=C(NCC(Oc1ccc(C(=O)NC2CCC2)nc1)c1ccccc1)NC1CCCCCC1
O=C(NCC(Oc1ccc(C(=O)NC2CCC2)nc1)c1ccccc1)NC1CCCCCC1
O=C(CNC1CCCCCC1)NCC(Oc1ccc(C(=O)NC2CCC2)nc1)c1ccccc1
O=C(CNC1CCCCCC1)NCC(Oc1ccc(C(=O)NC2CCC2)nc1)c1ccccc1
O=C(CNC1CCCCCC1)NCC(Oc1ccc(C(=O)NC2CCC2)nc1)c1ccccc1
O=C(CNC1CCCCCC1)NCC(Oc1ccc(C(=O)NC2CCC2)nc1)c1ccccc1
O=C(CNC1CCCCC1)NCC(Oc1ccc(C(=O)NC2CCC2)nc1)c1ccccc1
O=C(CNC1CCCCC1)NCC(Oc1ccc(C(=O)NC2CCCC2)nc1)c1ccccc1
O=C(CNC1CCCCC1)NCC(Oc1ccc(C(=O)NC2CCCCC2)nc1)c1ccccc1
O=C(CNC1CCCC1)NCC(Oc1ccc(C(=O)NC2CCCCC2)nc1)c1ccccc1
O=C(CNC1CCCC1)NCC(Oc1ccc(C(=O)NC2CCCCC2)nc1)c1ccccc1
O=C(CNC1CCC1)NCC(Oc1ccc(C(=O)NC2CCCCC2)nc1)c1ccccc1
O=C(CNC1CC1)NCC(Oc1ccc(C(=O)NC2CCCCC2)nc1)c1ccccc1
O=C(CNC1CC1)NCC(Oc1ccc(C(=O)NC2CCCCC2)nc1)c1ccccc1
O=C(CN1C2CC21)NCC(Oc1ccc(C(=O)NC2CCCCC2)nc1)c1ccccc1
O=C(CN1CC1)NCC(Oc1ccc(C(=O)NC2CCCCC2)nc1)c1ccccc1
O=C(CN1CC1)NCC(Oc1ccc(C(=O)NC2CCCCC2)nc1)c1ccccc1
O=C(NC1CCCCC1)c1ccc(OCc2ccccc2)cn1
O=C(NC1CCCCCC1)c1ccc(OCc2ccccc2)cn1
O=C(NC1CCCCCC1)c1ccc(OCc2ccccc2)cn1
O=C(NC1CCCCCCC1)c1ccc(OCc2ccccc2)cn1
O=C(NC1CCCCCCC1)c1ccc(OCc2ccccc2)cn1
O=C(NC1CCCCCC1)c1ccc(OCc2ccccc2)cn1
O=C(NC1CCCCC1)c1ccc(OCc2ccccc2)cn1
O=C(NC1CCCCC1)c1ccc(OCc2ccccc2)cn1
O=C(NC1CCCCCC1)c1ccc(OCc2ccccc2)cn1
O=C(NC1CCCCCC1)c1ccc(OCc2ccccc2)cn1
O=C(NC1CCCCC1)c1ccc(OCc2ccccc2)cn1
O=C(NCC(Oc1ccc2c(cnn2-c2ccccc2)c1)c1ccccc1)C1CC1
O=C(NCC(Oc1ccc2c(cnn2C2=C=CC=C2)c1)c1ccccc1)C1CC1
O=C(NCC(Nc1ccc2c(cnn2C2=C=CC=C2)c1)c1ccccc1)C1CC1
O=C(NCC(Nc1ccc2c(cnn2C2=C=CC=C2)c1)c1ccccc1)C1CC1
C1=CC=CC=1n1ncc2cc(NCc3ccccc3)ccc21
C1=CC(c2ccccc2)=CC=1n1ncc2ccccc21
C1=CC2=C(C=1n1ncc3ccccc31)c1ccccc12
C1=CC2=C(C=1n1ncc3ccccc31)c1ccccc1C2
C1=CC2=C(C=1n1ncc3ccccc31)c1ccccc1C2
C1=CC2=C(C=1n1ncc3ccccc31)c1ccccc1C2
C1=CC2=C(C=1n1ncc3ccccc31)c1ccccc1CO2
C1=CC2=C(C=1n1ncc3ccccc31)c1ccccc1CCO2
C1=CC2=C(C=1n1ncc3ccccc31)c1ccccc1CCO2
C1=CC2=C(C=1n1ncc3ccccc31)c1ccccc1CCO2
C1=CC2=C(C=1n1ncc3ccccc31)c1ccccc1CCO2
C1=CC2=C(C=1n1ncc3ccccc31)c1ccccc1CCO2
C1=CC2=C(C=1n1ncc3ccccc31)c1ccccc1CCO2
C1=CC2=C(C=1n1ncc3ccccc31)c1ccccc1CCO2
C1=CC2=C(C=1n1ncc3ccccc31)c1ccccc1CCO2
C1=CC2=C(C=1n1ncc3ccccc31)c1ccccc1CCO2
C1=CC2=C(C=1n1ncc3ccccc31)c1ccccc1CCO2
C1=CC2=C(C=1n1ncc3ccccc31)c1ccccc1CCO2
C1=CC2=C(C=1n1ncc3ccccc31)c1ccccc1CCO2
C1=CC2=C(C=1n1ncc3ccccc31)c1ccccc1CCO2
C1=C(n2ncc3ccccc32)C2=C1OCCc1ccccc12
C1=C(Cn2ncc3ccccc32)C2=C1c1ccccc1CCO2
C1=C(Cn2ncc3ccccc32)C2=C1c1ccccc1CCO2
C1=C(Cn2ncc3ccccc32)C2=C1c1ccccc1CCO2
C1=C(Cn2ncc3ccccc32)C2=C1c1ccccc1CCO2
C1=C(n2ncc3ccccc32)C2=C1c1ccccc1CCO2
C1=C(n2ncc3ccccc32)C2=C1c1ccccc1CCO2
C1=C(n2ncc3ccccc32)C2=C1c1ccccc1CCO2
c1ccc2c(c1)CCOC1=C2C1n1ncc2ccccc21
O=C(CCC1C2=C1c1ccccc1CCO2)Nc1ccc2[nH]ncc2c1
O=C(CCC1C2=C1c1ccccc1CCO2)Nc1ccc2oncc2c1
O=C(CCCC1=Cc2ccccc2CCO1)Nc1ccc2oncc2c1
O=C(CCC1=Cc2ccccc2CCO1)Nc1ccc2oncc2c1
O=C(CCC1=Cc2ccccc2CCO1)Nc1ccc2oncc2c1
O=C(CCC1=Cc2ccccc2CCO1)Nc1ccc2oncc2c1
O=C(CCCc1cccc2c1C=COCC2)Nc1ccc2oncc2c1
O=C(CCCc1cccc2c1C=COCC2)Nc1ccc2oncc2c1
O=C(CCCc1cccc2c1C=COCC2)Nc1ccc2oncc2c1
O=C(CCCc1cccc2c1OC=COCC2)Nc1ccc2oncc2c1
O=C(CCCc1cccc2c1OCCOCC2)Nc1ccc2oncc2c1
O=C(CCCc1cccc2c1OCCOCC2)Nc1ccc2oncc2c1
O=C(CCCc1cccc2c1OCCOCC2)Nc1ccc2oncc2c1
O=C(CCCc1cccc2c1OCCOCC2)Nc1ccc2oncc2c1
O=C(CCCc1cccc2c1OCCOCC2)Nc1ccc2oncc2c1
O=C(CCCc1cccc2c1OCOCC2)Nc1ccc2oncc2c1
O=C(CCCc1cccc2c1OCCCC2)Nc1ccc2oncc2c1
O=C(CCCc1cccc2c1OCCCC2)Nc1ccc2oncc2c1
O=C(CCCc1cccc2c1OCCC2)Nc1ccc2oncc2c1
O=C(CCCc1cccc2c1OCC2)Nc1ccc2oncc2c1
O=C(CCCc1cccc2c1OCC2)Nc1ccc2c(c1)C=NOC2
O=c1oncc2cc(NCCCCc3cccc4c3OCC4)ccc12
O=c1oncc2cc(NCCCCc3cccc4c3OCC4)ccc12
O=c1oncc2cc(NCCCCc3cccc4c3OCC4)ccc12
O=c1oncc2cc(NCCCCc3cccc4c3OCC4)ccc12
O=c1oncc2cc(NCCCCCc3cccc4c3OCC4)ccc12
O=c1oncc2cc(NCCCCCc3cccc4c3OCC4)ccc12
O=c1oncc2cc(NCCCCCc3cccc4c3OCC4)ccc12
O=C(CCCCc1cccc2c1OCC2)Nc1ccc2c(=O)oncc2c1
O=C(CCCCc1cccc2c1OCC2)Nc1ccc2c(=O)oncc2c1
O=C(CCCCc1cccc2c1OCC2)Nc1ccc2c(=O)oncc2c1
O=C(CCCCc1cccc2c1OCC2)Nc1ccc2c(=O)oncc2c1
O=C(CCCCc1cccc2c1OCC2)Nc1ccc2c(=O)oncc2c1
O=C(CCCc1cccc2c1OCC2)Nc1ccc2c(=O)oncc2c1
O=C(CCCc1cccc2c1OCC2)Nc1ccc2c(=O)oncc2c1
O=C(CCCc1cccc2c1OCC2)Nc1ccc2c(=O)oncc2c1
O=C(CCCc1cccc2c1OCC2)Nc1ccc2c(=O)oncc2c1
O=C(CCCc1cccc2c1OCC2)Nc1ccc2c(=O)oncc2c1
O=C(CCCc1cccc2c1OCC2)Nc1ccc2c(=O)oncc2c1
O=C(CCCc1cccc2c1OCC2)Nc1ccc2c(=O)oncc2c1
O=C(CCCc1cccc2c1OCC2)Nc1ccc2c(=O)oncc2c1
O=C(CCCc1cccc2c1OCC2)Nc1ccc2c(=O)oncc2c1
O=C(CCCc1cccc2c1OCC2)Nc1ccc2c(=O)oncc2c1
O=C(Nc1ccc2c(=O)oncc2c1)C(CCc1ccccc1)Cc1ccccc1
O=C(CC(CCc1ccccc1)Cc1ccccc1)Nc1ccc2c(=O)oncc2c1
O=C(Nc1ccc2c(=O)oncc2c1)C1C(Cc2ccccc2)C1Cc1ccccc1
O=C(Nc1ccccc1)C1C(Cc2ccccc2)C1Cc1ccccc1
O=C(Nc1ccccc1)c1ccc(CC2CC2Cc2ccccc2)cc1
O=C(Nc1ccccc1)c1ccc(CC2CC2Cc2ccccc2)cc1
O=C(Nc1ccccc1)c1ccc2c(c1)CC2C1CC1Cc1ccccc1
O=C(Nc1ccccc1)c1ccc2c(c1)CCC2C1CC1Cc1ccccc1
O=C(Nc1ccccc1)c1ccc2c(c1)CCC2C1CC(Cc2ccccc2)C1
O=C(Nc1ccccc1)c1ccc2c(c1)CCC2C1CC(Cc2ccccc2)C1
O=C(Nc1ccc2c(c1)C=NC2)c1ccc2c(c1)CCC2C1CC(Cc2ccccc2)C1
O=C(Nc1ccc2c(c1)C=N2)c1ccc2c(c1)CCC2C1CC(Cc2ccccc2)C1
O=C(Nc1ccc2c(c1)C=N2)c1ccc2c(c1)CCC2(Cc1ccccc1)C1CCC1
O=C(Nc1ccc2c(c1)C=N2)c1ccc2c(c1)CC1CCCCC21Cc1ccccc1
O=C(Nc1cc2c(cn1)N=C2)c1ccc2c(c1)CC1CCCCC21Cc1ccccc1
O=C(Nc1cc2c(cn1)N=C2)c1ccc2c(c1)CCC1CCCCC21Cc1ccccc1
O=C(Nc1cc2c(cn1)C=C2)c1ccc2c(c1)CCC1CCCCC21Cc1ccccc1
O=C(Nc1cc2c(cn1)C=C2)c1ccc2c(c1)CCC1CCCCC21Cc1ccccc1
O=C(Nc1cc2c(cn1)C2)c1ccc2c(c1)CCC1CCCCC21Cc1ccccc1
O=C(Nc1ccccn1)c1ccc2c(c1)CCC1CCCCC21Cc1ccccc1
O=C(Nc1ccccn1)c1ccc2c(c1)CCC1CCCCC21Cc1ccccc1
O=C(Nc1ccccn1)c1ccc2c(c1)CCC1CCCCC21Cc1ccccc1
O=C(Nc1cnccn1)c1ccc2c(c1)CCC1CCCCC21Cc1ccccc1
O=C(Nc1cnccn1)c1ccc2c(c1)CCC1CCCCC21Cc1ccccc1
O=C(Nc1cnccn1)c1ccc2c(c1)CCC1CCCCC21Cc1ccccc1
O=C(Nc1cnccn1)c1ccc2c(c1)CCC1CCCCC21Cc1ccccc1
O=C(Nc1cnccn1)c1ccc2c(c1)CCC1CCCCC21Cc1ccccc1
O=C(Nc1cnccn1)c1ccc2c(c1)CCC1CCCCC21Cc1ccccc1
O=C(Nc1cnccn1)c1ccc2c(c1)CCC1CCCCC21Cc1ccccc1
O=C(Nc1cnccn1)c1ccc2c(c1)CCC1CCCCC21Cc1ccccc1
O=C(Nc1cnccn1)c1ccc2c(c1)CCC1CCCCC21Cc1ccccc1
O=C(Nc1cnccn1)c1ccc2c(c1)CCC1CCCCC21Cc1ccccc1
O=C(Nc1cnccn1)c1ccc2c(c1)CCC1CCCCC21Cc1ccccc1
O=C(Nc1cnccn1)c1ccc2c(c1)CCC1CCCCC21Cc1ccccc1
O=C(Nc1ccc2c(=O)oncc2c1)C(CCc1ccccc1)Cc1ccccc1
O=C(Nc1ccc2c(=O)oncc2c1)C(CCc1ccccc1)Cc1ccccc1
O=C(Nc1ccc2c(=O)oncc2c1)C(CCc1cc2ccc1-2)Cc1ccccc1
O=C(Nc1ccc2c(=O)oncc2c1)C(CCc1cc2ccc1-2)Cc1ccccc1
O=C(Nc1ccc2c(=O)oncc2c1)C(CCc1cc2ccc1-2)Cc1cccnc1
O=C(Nc1ccccc1)C(CCc1cc2ccc1-2)Cc1cccnc1
C=C(Nc1ccccc1)C(CCc1cc2ccc1-2)Cc1cccnc1
c1cncc(CC(CCc2cc3ccc2-3)c2cc3ccccc3[nH]2)c1
c1cncc(CC(CCc2cc3ccc2-3)C2Nc3ccccc32)c1
c1cncc(CC(CCc2cc3ccc2-3)C2Cc3ccccc3N2)c1
c1cncc(CC(CCc2cc3ccc2-3)C2Cc3ccccc3C2)c1
c1cncc(CC(CCc2cc3ccc2-3)C2Cc3ccccc3C2)c1
c1cncc(CC(CCc2cc3ccc2-3)C2Cc3ccccc3C2)c1
c1cncc(CC(CCc2cc3ccc2-3)C2Cc3ccccc3C2)c1
C1=CC2CC(C(CCc3cc4ccc3-4)Cc3cccnc3)CC2=C1
c1cncc(CC(CCc2cc3ccc2-3)C2CCCC2)c1
c1cncc(CC(CCc2cc3ccc2-3)C2CCC2)c1
c1cncc(CC(CCc2cc3ccc2-3)C2CCC2)c1
c1cncc(CC(CCc2cc3ccc2-3)C2CCC2)c1
c1cncc(CC(CCc2cc3ccc2-3)C2CCC2)c1
c1cncc(CC(CCc2cc3ccc2-3)C2CCC2)c1
C1=C(CCC(Cc2cccnc2)C2CCC2)c2ccccc21
C1=C(CCC(Cc2cccnc2)C2CCC2)c2ccccc21
C1=C(CCC(Cc2cccnc2)C2CCC2)c2ccccc21
C1=C(CCC(Cc2cccnc2)C2CCCC2)c2ccccc21
C1=C(CCC(Cc2cccnc2)C2CCCCC2)c2ccccc21
C1=C(CCC(Cc2cccnc2)C2CCCCC2)c2ccccc21
C1=C(CCC(Cc2cccnc2)C2CCCCC2)c2ccccc21
C1=C(CCC(Cc2cccnc2)C2CCCCC2)c2ccccc21
C1=C(CCC(Cc2cccnc2)C2CCCCC2)c2ccccc21
C1=C(CCC(Cc2cccnc2)C2CCCCC2)Cc2ccccc21
C1=C(CCC(Cc2cccnc2)C2CCCC2)Cc2ccccc21
c1cncc(CC(CCc2cc3ccccc3[nH]2)C2CCCC2)c1
c1cncc(CC(CCc2cc3ccccc3[nH]2)C2CCCCC2)c1
c1cncc(CC(CCc2cc3ccccc3[nH]2)C2CCCCCC2)c1
c1cncc(CC(CCCc2cc3ccccc3[nH]2)C2CCCCCC2)c1
c1cncc(CC(CCCc2cc3ccccc3[nH]2)C2CCCCCC2)c1
c1cncc(CC(CCCc2cc3ccccc3[nH]2)C2CCCCCCC2)c1
c1cncc(CC(CCCc2cc3ccccc3[nH]2)C2CCCCCCC2)c1
c1cncc(CC(CCCc2cc3ccncc3[nH]2)C2CCCCCCC2)c1
c1ccc(CC(CCCc2cc3ccncc3[nH]2)C2CCCCCCC2)cc1
c1ccc(CC(CCCc2cc3ccncc3[nH]2)C2CCCCCCC2)cc1
c1ccc(CC(CCCc2cc3ccncc3[nH]2)C2CCCCCC2)cc1
c1ccc(CC(CCCc2cc3ccncc3[nH]2)C2CCCCCC2)cc1
c1ccc(CC(CCCc2cc3ccncc3[nH]2)C2CCCCCC2)cc1
c1ccc(CC(CCCc2cc3ccncc3[nH]2)C2CCCCCC2)cc1
c1ccc(C(CCCc2cc3ccncc3[nH]2)C2CCCCCC2)cc1
c1ccc(C(CCCc2cc3ccncc3[nH]2)C2CCCCCC2)cc1
c1ccc(C(CCCc2cc3ccncc3[nH]2)C2CCCCCCC2)cc1
c1ccc(CC2CCCCC(CCc3cc4ccncc4[nH]3)CC2)cc1
c1ccc(CC2CCCCC(CCc3cc4ccncc4[nH]3)CC2)cc1
c1ccc(CC2CCCCC(CCc3cc4ccncc4[nH]3)CC2)cc1
c1ccc(CC2CCCC(CCc3cc4ccncc4[nH]3)CC2)cc1
c1ccc(CCC(Cc2cc3ccncc3[nH]2)C2CCCCCC2)cc1
c1ccc(CCC(Cc2cc3ccncc3[nH]2)C2CCCCCC2)cc1
c1ccc(CCC(Cc2cc3ccncc3[nH]2)C2CCCCC2)cc1
c1ccc(CCC(Cc2cc3ccncc3[nH]2)C2CCCCC2)cc1
c1ccc(CCC(Cc2cc3ccncc3[nH]2)C2CCCCC2)cc1
c1ccc(CCC(Cc2cc3ccncc3[nH]2)C2CCCC2)cc1
O=C1CC(C(=O)N2CCCC(OC(=O)c3ccc(OC(CNC(=O)C4CCCO4)c4ccc(C5CC5)cc4)cc3)C2)CO1
O=C1CC(C(=O)NCCCCOC(=O)c2ccc(OC(CNC(=O)C3CCCO3)c3ccc(C4CC4)cc3)cc2)CO1
O=C1CC(C(=O)NCCCCOC(=O)c2ccc(OC(CNC(=O)C3CCCO3)C3(c4ccccc4)CC3)cc2)CO1
O=C1CC(C(=O)NCCCCOC(=O)c2ccc(OC(CNC(=O)C3CCCO3)C3(c4ccccc4)CC3)cc2)CO1
O=C1CC(C(=O)NCCCCOC(=O)c2ccc(OC(CNC(=O)C3CCCO3)C3(c4ccccc4)CC3)cc2)CO1
O=C1CC(C(=O)NCCCCOC(=O)c2ccc(OC(CNC(=O)C3CCCO3)Cc3ccccc3)cc2)CO1
O=C1CC(C(=O)NCCCCOC(=O)c2ccc(OC(CNC(=O)C3CCCO3)Cc3cccnc3)cc2)CO1
O=C1CC(CNCCCCOC(=O)c2ccc(OC(CNC(=O)C3CCCO3)Cc3cccnc3)cc2)CO1
O=C1CC(CNCCCCOC(=O)c2ccc(OC(CNC(=O)C3CCCO3)Cc3cccnc3)cc2)CO1
O=C1CC(CNCCCCOC(=O)c2ccc(OC(CNCC3CCCO3)Cc3cccnc3)cc2)CO1
O=C(OCCCCNCC1CCOC1)c1ccc(OC(CNCC2CCCO2)Cc2cccnc2)cc1
c1ccc(OC(CNCC2CCCO2)Cc2cnccc2CC2CCOC2)cc1
c1ccc(OC(CNCC2CCCO2)Cc2cnccc2CC2CCOC2)cc1
c1ccc(OC(CNCC2CCCO2)Cc2cnccc2CC2CCNC2)cc1
c1ccc(OC(CNCC2CCCO2)Cc2cnccc2CC2CCCC2)cc1
c1ccc(OC(CNCC2CCCO2)Cc2cnccc2CC2CCCC2)cc1
c1ccc(OC(CNCC2CCO2)Cc2cnccc2CC2CCCC2)cc1
c1ccc(OC(CNCC2CCO2)Cc2cnccc2CC2CCCC2)cc1
c1ccc(OC(CNCC2CCO2)Cc2cnccc2CC2CCCC2)cc1
c1ccc(OC(CNCC2CCO2)Cc2cnccc2CC2CCCC2)cc1
c1ccc(OC(CNCC2CCO2)Cc2cnccc2CC2CCCC2)cc1
c1ccc(OC(CNCC2CCO2)Cc2cnccc2CC2CCCCC2)cc1
c1ccc(OC(CNCC2CCO2)Cc2cnccc2CC2CCCCC2)cc1
c1ccc(OC(CNCC2CCO2)Cc2cnccc2CC2CCCCC2)cc1
c1ccc(OC(CNCC2CCO2)Cc2cnccc2CC2CCCCC2)cc1
c1ccc(OC(CNCC2CCO2)Cc2cnccc2CC2CCCC2)cc1
c1ccc(OCCc2cnccc2CC2CCCC2)cc1
c1ccc(OCCNc2cnccc2CC2CCCC2)cc1
c1ccc(CCCCNCCCNc2cnccc2CC2CCCC2)cc1
c1ccc(CCCCNCCCNc2cnccc2CC2CCCC2)cc1
c1ccc(CCCCNCCCNc2cnccc2CC2CCCC2)cc1
c1ccc(CCCCCNc2cnccc2CC2CCCC2)cc1
c1ccc(CCCCNc2cnccc2CC2CCCC2)cc1
c1ccc(CCCCNc2cnccc2CC2CCCC2)cc1
c1ccc(CCCCNc2cnccc2CC2CCCC2)cc1
c1ccc(CCCCNc2cnccc2CC2CCCCC2)cc1
c1ccc(CCC(c2ccncc2)C2CCCCC2)cc1
c1ccc(CCC(c2ccncc2)C2CCCC2)cc1
c1ccc(CCC(Cc2ccncc2)C2CCCC2)cc1
c1ccc(CCC(Cc2ccncc2)C2CCCC2)cc1
c1ccc(CCC(Cc2ccncc2NCC2CC2)C2CCCC2)cc1
c1ccc(CCC(Cc2ccncc2NCC2CC2)C2CCCC2)cc1
c1ccc(CCC(Cc2ccncc2NCC2CC2)C2CCCC2)cc1
c1ccc(CCC(Cc2ccncc2NCC2CC2)C2CCCC2)cc1
c1ccc(CCC(Cc2ccncc2NCC2CC2)C2CCCC2)cc1
c1ccc(CCC(Cc2ccncc2NCC2CC2)C2CCCC2)cc1
c1ccc(CCC(Cc2ccncc2NCC2CC2)C2CCCCC2)cc1
c1ccc(CCC(Cc2ccncc2NC2CC2)C2CCCCC2)cc1
c1ccc(CCC(Cc2ccncc2NC2CCN2)C2CCCCC2)cc1
c1ccc(CCC(Cc2ccncc2NC2CCN2)C2CCCCC2)cc1
c1ccc(CCC(Cc2ccncc2NC2CCN2)C2CCCCCC2)cc1
c1ccc(CCC(Cc2ccncc2NC2CCN2)C2CCCCCC2)cc1
c1ccc(CCC(Cc2ccncc2NC2CCN2)C2CCCCC2)cc1
c1ccc(CCC(Cc2ccncc2NC2CCN2)C2CCCCC2)cc1
c1ccc(CCC(Cc2ccncc2NC2CCN2)C2CCCCC2)cc1
c1ccc(CCC(Cc2ccncc2NC2CCN2)C2CCCCCC2)cc1
c1ccc(CCC(Cc2ccncc2NC2CCN2)C2CCCCCC2)cc1
c1ccc(CCC(Cc2ccncc2NC2CCN2)C2CCCCCC2)cc1
c1ccc(CCC(Cc2ccncc2NC2CCN2)C2CCCCC2)cc1
c1ccc(CCC(Cc2ccncc2NC2CNN2)C2CCCCC2)cc1
c1ccc(CCC(Cc2ccncc2)C2CCCCC2)cc1
c1ccc(CCC(Cc2ccncc2)C2CCCCCC2)cc1
c1ccc(CCC(Cc2ccncc2NC2CC2)C2CCCCCC2)cc1
c1ccc(CCC(Cc2ccncc2NC2CC2)C2CCCCCC2)cc1
c1ccc(CCC(Cc2ccncc2NC2CC2)C2CCCCC2)cc1
c1ccc(CCC(Cc2ccncc2NC2CC2)C2CCCCC2)cc1
c1ccc(CCC(Cc2ccncc2NC2CC2)C2CCCCCC2)cc1
c1ccc(CCC(Cc2ccncc2NC2CC2)C2CCCCCC2)cc1
c1ccc(CCC(Cc2ccncc2NC2CC2)C2CCCCC2)cc1
c1ccc(CCC(Cc2ccncc2NC2C3CC32)C2CCCCC2)cc1
c1ccc(CCC(Cc2ccncc2NC2C3CC32)C2CCCCC2)cc1
c1ccc(CCC(Cc2ccncc2NC2C3CC32)C2CCCC2)cc1
c1ccc(CCC(Cc2ccncc2NC2C3CC32)C2CCCC2)cc1
c1ccc(CCC(Cc2ccncc2NCC2CC2)C2CCCC2)cc1
c1ccc(CCC(Cc2ccncc2NCC2CC2)C2CCCC2)cc1
c1ccc(CCC(Cc2ccncc2NCC2CC2)C2CCCC2)cc1
c1ccc(CCC(Cc2ccncc2NCC2CC2)C2CCCC2)cc1
c1ccc(CCC(Cc2ccncc2NCC2CC2)C2CCCCC2)cc1
c1ccc(CCC(Cc2ccncc2NCC2CC2)C2CCCCC2)cc1
c1ccc(CCC(Cc2ccncc2NCC2CC2)C2CCCCC2)cc1
c1ccc(CCC(Cc2ccncc2NCC2CN2)C2CCCCC2)cc1
c1ccc(CCC(Cc2ccncc2NCC2CN2)C2CCCC2)cc1
c1ccc(CCC(Cc2ccncc2NCC2CN2)C2CCCC2)cc1
c1ccc(CCC(Cc2ccncc2NCC2CN2)C2CCCC2)cc1
c1ccc(CCC(Cc2ccncc2NCC2CN2)C2CCCC2)cc1
C1=C(CNc2cnccc2CC(CCc2ccccc2)C2CCCC2)N1
C1=C(CNc2cnccc2CC(CCc2ccccc2)C2CCCCC2)N1
C1=C(CNc2cnccc2CC(CCc2ccccc2)C2CCCCC2)N1
C1=C(CCNc2cnccc2CC(CCc2ccccc2)C2CCCCC2)N1
C1=C(CCCc2cnccc2CC(CCc2ccccc2)C2CCCCC2)N1
C1=C(CCc2cnccc2CC(CCc2ccccc2)C2CCCCC2)N1
c1ccc(CCC(Cc2ccncc2C2CC3=C2N3)C2CCCCC2)cc1
c1ccc(CCC(Cc2ccncc2NC2CC3=C2N3)C2CCCCC2)cc1
C1=C(CNc2cnccc2CC(CCc2ccccc2)C2CCCCC2)N1
C1=C(CNc2cnccc2CC(CCc2ccccc2)C2CCCCC2)N1
C1=C(CNc2cnccc2CC(CCc2ccccc2)C2CCCCCC2)N1
C1=C(CNc2cnccc2CC(CCc2ccccc2)C2CCCCCC2)N1
C1=C(CNc2cnccc2CC(CCc2ccccc2)C2CCCCCCC2)N1
C1=C(CNc2cnccc2CC(CCc2ccccc2)C2CCCCCCC2)N1
C1=CC(Nc2cnccc2CC(CCc2ccccc2)C2CCCCCCC2)N1
C1=CC(Nc2cnccc2CC(CCc2ccccc2)C2CCCCCCC2)N1
C1=CC(Nc2cnccc2CC(CCc2ccccc2)C2CCCCCC2)N1
C1=C(CC(CCc2ccccc2)C2CCCCCC2)NC1Nc1cccnc1
C1=C(CC(CCc2ccccc2)C2CCCCCC2)CC1Nc1cccnc1
C1=C(CC(CCc2ccccc2)C2CCCCCC2)C1Nc1cccnc1
C1=C(CC(CCc2ccccc2)C2CCCCC2)C1Nc1cccnc1
C1=C(CC(CCc2ccccc2)C2CCCCC2)CNc2cnccc21
C1=C(CC(CCc2ccccc2)C2CCCCC2)CNc2cnccc21
C1=C(CC(CCc2ccccc2)C2CCCC2)CNc2cnccc21
c1ccc(CCC(Cc2cc3ccncc3[nH]2)C2CCCC2)cc1
O=C1CC(C(=O)N2CCCC(OC(=O)c3ccc(OC(CNC(=O)C4CCCO4)c4ccc(C5CC5)cc4)cc3)C2)CO1
O=C1CC(C(=O)N2CCCC(OC(=O)c3ccc(OC(CNC(=O)C4CCCO4)c4ccc(C5CC5)cc4)cc3)C2)CO1
O=C1CC(C(=O)N2CCCC(OC(=O)c3ccc(OC(CNC(=O)C4CCCO4)c4ccc(C5CC5)cc4)cc3)C2)CO1
O=C1CC(CN2CCCC(OC(=O)c3ccc(OC(CNC(=O)C4CCCO4)c4ccc(C5CC5)cc4)cc3)C2)CO1
O=C(OC1CCCN(C2C3COC(=O)C32)C1)c1ccc(OC(CNC(=O)C2CCCO2)c2ccc(C3CC3)cc2)cc1
O=C(OC1CCN(C2C3COC(=O)C32)C1)c1ccc(OC(CNC(=O)C2CCCO2)c2ccc(C3CC3)cc2)cc1
O=C(NCC(Oc1ccc(COC2CCN(C3C4COC(=O)C43)C2)cc1)c1ccc(C2CC2)cc1)C1CCCO1
O=C(NCC(Oc1ccc(OC2CCN(C3C4COC(=O)C43)C2)cc1)c1ccc(C2CC2)cc1)C1CCCO1
O=C(NCCc1ccc(C2CC2)cc1Oc1ccc(OC2CCN(C3C4COC(=O)C43)C2)cc1)C1CCCO1
O=C(NCCc1ccc(C2CC2)cc1Oc1ccc(OC2CCN(C3C4COC(=O)C43)C2)cc1)C1CCO1
O=C(NCCc1ccc(C2CC2)cc1Oc1ccc(OC2CCN(C3C4COC(=O)C43)C2)cc1)C1CO1
O=C(NCCc1ccc(C2CC2)cc1Oc1ccc(OC2CCN(C3C4COC(=O)C43)C2)cc1)C1CO1
O=C1OCC2C1C2N1CCC(Oc2ccc(Oc3cccc(C4CC4)c3)cc2)C1
O=C1OCC2C1C2N1CCC(Oc2ccc(Oc3cccc(C4CC4)c3)cc2)C1
O=C1OCC2C1C2N1CCC(Oc2ccc(Oc3cccc(C4CC4)c3)cc2)C1
O=C1OCC2C1C2N1CCC(Oc2ccc(Oc3cccc(C4CC4)c3)cc2)C1
O=C1OCC2C1C2N1CCC(Oc2ccc(Oc3cccc(C4CC4)c3)cc2)C1
O=C1OCC2C1C2N1CCC(Oc2ccc(Oc3cccc(C4CC4)c3)cc2)C1
O=C1OCC2C1C2N1CCC(Oc2ccc(Oc3cccc(C4CC4)c3)cc2)C1
O=C1OCC2C1C2N1CCC(Oc2ccc(Oc3cccc(C4CC4)c3)cc2)C1
O=C1OCC2C1C2N1CCC(Oc2ccc(Oc3cccc(C4CC4)c3)cc2)C1
O=C1OCC2C1C2N1CCC(Oc2ccc(Oc3cccc(C4CC4)c3)cc2)C1
O=C1OCC2C1C2N1CCCOc2ccc(Oc3cccc(C4CC4)c3)cc2C1
O=C1OCC2C1C2C1CCCOc2ccc(Oc3cccc(C4CC4)c3)cc2C1
O=C1OCC2C1C2C1CCCOc2ccc(Oc3cccc(C4CC4)c3)cc2C1
O=C1OCC2C1C2C1CCCOc2ccc(Oc3cccc(C4CC4)c3)cc2C1
O=C1OCC2C1C2C1CCOc2ccc(Oc3cccc(C4CC4)c3)cc2C1
O=C1OCC2C1C2C1COc2ccc(Oc3cccc(C4CC4)c3)cc2C1
O=C1OCC2C1C2C1COc2ccc(Oc3cccc(C4CC4)c3)cc2C1
O=C1OCC2C1C2C1COc2ccc(Oc3cccc(C4CC4)c3)cc2C1
O=C1OCC2C1C2C1COc2ccc(Oc3cccc(C4CC4)c3)cc21
O=C1OCC2C1C2C1COc2ccc(Oc3cccc(C4CC4)c3)cc2O1
O=C1OCC2C1C2C1Oc2ccc(Oc3cccc(C4CC4)c3)cc2O1
O=C1OCC2C1C2C1Oc2ccc(Oc3cccc(C4CC4)c3)cc2O1
O=C1OCC2C(COc3cc(Oc4ccc5c(c4)OCO5)cc(C4CC4)c3)C12
O=C1OCC2C(CCOc3cc(Oc4ccc5c(c4)OCO5)cc(C4CC4)c3)C12
O=C1OCC2C(CCOc3cc(Oc4ccc5c(c4)OCO5)cc(C4CC4)c3)C12
O=C1OCC2C(COc3cc(Oc4ccc5c(c4)OCO5)cc(C4CC4)c3)C12
O=C1OCC2C(COc3cccc(C4CC4c4ccc5c(c4)OCO5)c3)C12
O=C1OCC2C(Oc3cccc(C4CC4c4ccc5c(c4)OCO5)c3)C12
O=C1OCC2C(Oc3cccc(C4CC4c4ccc5c(c4)OCO5)c3)C12
O=C1OCC2C(Oc3cccc(C4CCC4c4ccc5c(c4)OCO5)c3)C12
O=C1OCC2C(Oc3cccc(C4OCC4c4ccc5c(c4)OCO5)c3)C12
O=C1OCC2C(Oc3cccc(C4OCC4c4ccc5c(c4)OCO5)c3)C12
O=C1OCC2C(Oc3cccc(C4Cc5cc6c(cc54)OCO6)c3)C12
O=C1CC(COc2cccc(C3Cc4cc5c(cc43)OCO5)c2)CO1
O=C1CC(COc2cccc(C3Cc4cc5c(cc43)OCO5)c2)CO1
O=C1CC(COc2cccc(C3Cc4cc5c(cc43)OCO5)c2)CO1
O=C1CC(COc2cccc(C3Cc4cc5c(cc43)OCO5)c2)CO1
O=C1CC(COC2c3cc4c(cc3C2c2ccccc2)OCO4)CO1
O=C1CC(CCC2c3cc4c(cc3C2c2ccccc2)OCO4)CO1
O=C1CC(CC2c3cc4c(cc3C2c2ccccc2)OCO4)CO1
O=C1OCCC1C1c2cc3c(cc2C1c1ccccc1)OCO3
O=C1OCCC1C1c2cc3c(cc2C1c1ccccc1)OCO3
O=C1CC(C2c3cc4c(cc3C2c2ccccc2)OCO4)CCO1
O=C1CC(C2c3cc4c(cc3C2c2ccccc2)OCO4)CCO1
O=C1CC(C2c3cc4c(cc3C2c2ccccc2)OCO4)CCO1
O=C1CC2CC(c3ccccc3)c3cc4c(cc3CC2CO1)OCO4
O=C1CC2C(CO1)Cc1cc3c(cc1C2c1ccccc1)OCO3
O=C1CC2C(CO1)Cc1cc3c(cc1C2c1ccccc1)OCO3
O=C1CC2C(CCO1)Cc1cc3c(cc1C2c1ccccc1)OCO3
O=C1OCCC2Cc3cc4c(cc3C(c3ccccc3)C12)OCO4
O=C1OCC2Cc3cc4c(cc3C(c3ccccc3)C12)OCO4
O=C1CC(C(=O)N2CCCC(OC(=O)c3ccc(OC(CNC(=O)C4CCCO4)c4ccc(C5CC5)cc4)cc3)C2)CO1
O=C1CC(C(=O)N2CCCC(OC(=O)c3ccc(OC(CNC(=O)C4CCCO4)C4CC4c4ccccc4)cc3)C2)CO1
O=C1CC(C(=O)N2CCCC(OC(=O)c3ccc(OC(CNC(=O)C4CCCO4)C4=C(c5ccccc5)C4)cc3)C2)CO1
O=C1CC(C(=O)N2CCCC(OC(=O)c3ccc(OC(CNC(=O)C4CCCO4)C4=C(c5ccccc5)C4)cc3)C2)CO1
O=C1CCC(C(=O)N2CCCC(OC(=O)c3ccc(OC(CNC(=O)C4CCCO4)C4=C(c5ccccc5)C4)cc3)C2)CO1
O=C1CCC(CN2CCCC(OC(=O)c3ccc(OC(CNC(=O)C4CCCO4)C4=C(c5ccccc5)C4)cc3)C2)CO1
O=C(OC1CCC(=O)N(CC2CCCOC2)C1)c1ccc(OC(CNC(=O)C2CCCO2)C2=C(c3ccccc3)C2)cc1
O=C(OC1CCC(=O)N(CC2CCCOC2)C1)c1ccc(OC(CNCC2CCCO2)C2=C(c3ccccc3)C2)cc1
O=C(OC1CCC(=O)N(CC2CCCOC2)C1)c1ccc(OC(CNCC2CCO2)C2=C(c3ccccc3)C2)cc1
O=C(OC1CCC(=O)N(CC2CCCOC2)C1)c1ccc(OC(CNCC2CCO2)C2=C(c3ccccc3)C2)cc1
O=C(OC1CCCC(=O)N(CC2CCCOC2)C1)c1ccc(OC(CNCC2CCO2)C2=C(c3ccccc3)C2)cc1
O=C(OC1CCCC(=O)N(CC2CCCOC2)C1)c1ccc(OC(CCCc2ccccc2)CNCC2CCO2)cc1
O=C(OC1CCCC(=O)N(CC2CCCOC2)C1)c1ccc(OC(CCCc2ccccc2)C2CCCCN2)cc1
O=C(OC1CCCC(=O)N(CC2CCCOC2)C1)c1ccc(OC(CCCc2ccccc2)C2CCCCN2)cc1
O=C(OC1CCCC(=O)N(CC2CCCOC2)C1)c1ccc(OC(CCCc2ccccc2)C2CCCN2)cc1
O=C(OC1CCCC(=O)N(CC2CCCOC2)C1)c1ccc(OC(CCCc2ccccc2)C2CCCN2)cc1
O=C(OC1CCCC(=O)N(CC2CCCOC2)C1)c1ccc(OC(CCCc2ccccc2)C2CCN2)cc1
O=C(OC1CCCC(=O)N(CC2CCCOC2)C1)c1ccc(OC(CCCc2ccccc2)C2CN2)cc1
O=C(OC1CCCC(=O)N(CC2CCCOC2)C1)c1ccc(OC(CCCc2ccccc2)C2CN2)cc1
O=C(CC1CCCC(=O)N(CC2CCCOC2)C1)c1ccc(OC(CCCc2ccccc2)C2CN2)cc1
O=C(c1ccc(OC(CCCc2ccccc2)C2CN2)cc1)C1CCCC(=O)N(CC2CCCOC2)C1
O=C(c1ccc(OC(CCc2ccccc2)C2CN2)cc1)C1CCCC(=O)N(CC2CCCOC2)C1
O=C(c1ccc(OC(CCc2ccccc2)C2CN2)cc1)C1CCCC(=O)N(CC2CCOC2)C1
O=C(c1ccc(OC(CCc2ccccc2)C2CN2)cc1)C1CCCC(=O)N(CC2CCOC2)C1
O=C(c1cccc(OC(CCc2ccccc2)C2CN2)c1)C1CCCC(=O)N(CC2CCOC2)C1
C=C(c1cccc(OC(CCc2ccccc2)C2CN2)c1)C1CCCC(=O)N(CC2CCOC2)C1
O=C1CCCC(Cc2cccc(OC(CCc3ccccc3)C3CN3)c2)CN1CC1CCOC1
O=C1CCCC(c2cccc(OC(CCc3ccccc3)C3CN3)c2)CN1CC1CCOC1
O=C1CCCC(c2cccc(OC(CCc3ccccc3)C3CN3)c2)CN1CC1COC1
O=C1CCCC(c2cccc(OC(CCc3ccccc3)C3CN3)c2)CN1CC1COC1
O=C1CCCC(c2cccc(OC(CCCc3ccccc3)C3CN3)c2)CN1CC1COC1
O=C1CCCC(c2cccc(OC(CCCc3ccccc3)C3CN3)c2)CN1CC1CO1
O=C1CCCC(c2cccc(OC(CCc3ccccc3)C3CN3)c2)CN1CC1CO1
O=C1CCCC(c2cccc(OCC3CN3c3ccccc3)c2)CN1CC1CO1
O=C1CCCC(c2cccc(OCC3CCN3c3ccccc3)c2)CN1CC1CO1
O=C1CCCC(c2cccc(CCC3CCN3c3ccccc3)c2)CN1CC1CO1
O=C1CCCC(c2cccc(CCC3CCN3c3ccccc3)c2)CN1CC1CO1
O=C1CCCC(c2cccc(CCC3CCN3c3ccccc3)c2)CCN1CC1CO1
O=C1CCCC(c2cccc(CC3CCN3c3ccccc3)c2)CCN1CC1CO1
O=C1CCCC(c2cccc(C3CCN3c3ccccc3)c2)CCN1CC1CO1
O=C1CCCC(c2cccc(C3CCN3c3ccccc3)c2)CN1CC1CO1
O=C1CCCC(c2cccc(C3CCCN3c3ccccc3)c2)CN1CC1CO1
O=C1CCCC(c2ccc3c(c2)CN3c2ccccc2)CN1CC1CO1
O=C1CCCC(c2ccc3c(c2)CN3c2ccccc2)CN1CC1CO1
O=C1CCCC(c2ccc3c(c2)CN3c2ccccc2)CCN1CC1CO1
O=C1CCCC(c2ccc3c(c2)OCN3c2ccccc2)CCN1CC1CO1
O=C1CCCC(c2ccc3c(c2)OCN3c2ccccc2)CCN1CC1CO1
O=C1CCCC(c2ccc3c(c2)CCN3c2ccccc2)CCN1CC1CO1
O=C1CCCC(c2ccc3c(c2)CCN3c2ccccc2)CCN1CC1CO1
O=C1CCCC(c2ccc3c(c2)CCN3c2ccccc2)CCN1
O=C1CCCC(c2ccc3c(c2)CCN3c2ccccc2)CCN1
O=C1CCCC(c2ccc3c(c2)CCN3c2ccccc2)CCN1
O=C1CCCC(c2ccc3c(c2)CCN3c2ccccc2)CCN1
O=C1CCCC(c2ccc3c(c2)CCN3c2ccccc2)CCN1
O=C1CCCC(c2ccc3c(c2)CCN3c2ccccc2)CCN1
O=C1CCCC(c2ccc3c(c2)CCN3c2ccccc2)CCN1
O=C1CCCC(c2ccc3c(c2)CCN3c2ccccc2)CCC1
O=C1CCCC(c2ccc3c(c2)CCCN3c2ccccc2)CCC1
O=C1CCCC(c2ccc3c(c2)CCCCN3c2ccccc2)CCC1
O=C1CCCC(c2ccc3c(c2)CCCCCN3c2ccccc2)CCC1
O=C1CCCC(c2ccc3c(c2)CCCCCN3c2ccccc2)CC1
c1ccc(N2CCCCCc3cc(C4CCCCCC4)ccc32)cc1
c1ccc(N2CCCCCc3cc(C4CCCCC4)ccc32)cc1
c1ccc(N2CCCCCc3cc(C4CCCCC4)ccc32)cc1
c1ccc(N2CCCCCc3cc(C4CCCCC4)ccc32)cc1
c1ccc(N2CCCCCc3cc(C4CCCCC4)ccc32)cc1
c1ccc(N2CCCCCc3cc(C4CCCCC4)ccc32)cc1
c1ccc(N2CCCCCc3cc(C4CCCCC4)ccc32)cc1
c1ccc(N2CCCCCc3cc(C4CCCCC4)ccc32)cc1
c1ccc(N2CCCCCc3cc(C4CCCCC4)ccc32)cc1
c1ccc(N2CCCCCc3cc(C4CCCCC4)ccc32)cc1
c1ccc(N2CCCCCc3cc(C4CCCCC4)ccc32)cc1
c1ccc(N2CCCCCc3cc(C4CCCCC4)ccc32)cc1
c1ccc(N2CCCCCc3cc(C4CCCCC4)ccc32)cc1
c1ccc(N2CCCCCc3cc(C4CCCCC4)ccc32)cc1
c1ccc(N2CCCCCc3cc(C4CCCCC4)ccc32)cc1
c1ccc(N2CCCCCc3cc(C4CCCCC4)ccc32)cc1
c1ccc(N2CCCCCc3cc(C4CCCC4)ccc32)cc1
c1ccc(N2CCCCCc3cc(C4CCCC4)ccc32)cc1
c1ccc(N2CC(CC3CNC3)CCCc3cc(C4CCCC4)ccc32)cc1
c1ccc(N2CCCCCc3cc(C4CCCC4)ccc32)cc1
c1ccc(N2CCCCCc3cc(C4CCCC4)ccc32)cc1
c1ccc(N2CCCCCc3cc(C4CCC4)ccc32)cc1
c1ccc(N2CCCCCc3cc(C4CC4)ccc32)cc1
c1ccc(N2CCCCCc3cc(C4CC4)ccc32)cc1
c1ccc(N2CCCCCc3cc(C4CC4)ccc32)cc1
c1ccc(N2CCCCCc3cc(C4CC4)ccc32)cc1
c1ccc(N2CCCCCc3cc(C4CC4)ccc32)cc1
c1ccc(N2CCCCCc3cc(C4CC4)ccc32)cc1
c1ccc(N2CC(CCN3CC3)CCCc3cc(C4CC4)ccc32)cc1
c1ccc(N2CC(CCN3CC3)CCCc3cc(C4CC4)ccc32)cc1
c1ccc(N2CC(CCC3CC3)CCCc3cc(C4CC4)ccc32)cc1
c1ccc(N2CC(CCC3CC3)CCCc3cc(C4CC4)ccc32)cc1
c1ccc(N2CC(CC3CC3)CCCc3cc(C4CC4)ccc32)cc1
c1ccc(N2CC(CC3CC3)CCCc3cc(C4CC4)ccc32)cc1
c1ccc(N2CC(CC3CO3)CCCc3cc(C4CC4)ccc32)cc1
c1ccc(N2CC(CC3CO3)CCCc3cc(C4CC4)ccc32)cc1
c1ccc(N2CC(CCC3CO3)CCCc3cc(C4CC4)ccc32)cc1
c1ccc(N2CCCCCc3cc(C4CC4)ccc32)cc1
c1ccc(N2CCCCCc3cc(C4CC4)ccc32)cc1
c1ccc(N2CCCCCc3cc(C4CC4)ccc32)cc1
c1ccc(N2CC(CC3CC3)CCCc3cc(C4CC4)ccc32)cc1
c1ccc(N2CC(CC3CC3)CCCc3cc(C4CCC4)ccc32)cc1
c1ccc(N2CC(CC3CC3)CCCc3cc(C4CCC4)ccc32)cc1
C1=C(CC2CCCc3cc(C4CCC4)ccc3N(c3ccccc3)C2)C1
C1=C(CC2CCCc3cc(C4CCC4)ccc3N(c3ccccc3)C2)C1
C1=C(CC2CCCc3cc(C4CCC4)ccc3N(c3ccccc3)C2)S1
C1=C(CC2CCCc3cc(C4CC4)ccc3N(c3ccccc3)C2)S1
C1=C(CC2CCCc3cc(C4CC4)ccc3N(c3ccccc3)C2)S1
C1=C(CC2CCCc3ccccc3N(c3ccccc3)C2)S1
C1=C(CC2CCCc3ccccc3N(c3ccccc3)C2)S1
C1=C(CC2CCCc3ccccc3N(c3ccccc3)C2)S1
C1=C(CC2CCCc3ccccc3N(c3ccccc3)C2)S1
c1ccc(N2CC(CC3=NS3)CCCc3ccccc32)cc1
c1ccc(N2CC(CC3=NCS3)CCCc3ccccc32)cc1
c1ccc(N2CC(CC3=NCS3)CCCc3ccccc32)cc1
c1ccc(N2CC(CC3=NCS3)CCCc3ccccc32)cc1
c1ccc(N2CC(CC3=NCCS3)CCCc3ccccc32)cc1
c1ccc(N2CC(CC3=NCCCS3)CCCc3ccccc32)cc1
C1=CSC(CC2CCCc3ccccc3N(c3ccccc3)C2)=NC1
C1=NCC=C(CC2CCCc3ccccc3N(c3ccccc3)C2)S1
c1ccc(N2CC(Cc3cncs3)CCCc3ccccc32)cc1
c1ccc(N2CC(Cc3cncs3)CCCc3ccccc32)cc1
c1ccc(N2CC(Cc3cncs3)CCCc3ccccc32)cc1
c1ccc(N2CC(Cc3cncs3)CCCc3ccccc32)cc1
c1ccc(N2CC(Cc3cncs3)CCCc3ccccc32)cc1
c1ccc(N2CC(Cc3cccs3)CCCc3ccccc32)cc1
c1ccc(N2CC(Cc3cccs3)CCCc3ccccc32)cc1
c1ccc(N2CC(Cc3cccs3)CCCc3ccccc32)cc1
c1ccc(N2CC(Cc3cccs3)CCCc3ccccc32)cc1
c1ccc(N2CC(Cc3cc4c(s3)CCCC4)CCCc3ccccc32)cc1
c1ccc(N2CC(Cc3cc4c(s3)CCCC4)CCCc3ccccc32)cc1
c1ccc(N2CC(Cc3cc4c(s3)CCC4)CCCc3ccccc32)cc1
c1ccc(N2CC(Cc3cc4c(s3)CCCC4)CCCc3ccccc32)cc1
c1ccc(N2CC(Cc3cc4c(s3)CCCC4)CCCc3ccncc32)cc1
c1ccc(N2CC(Cc3cc4c(s3)CCC4)CCCc3ccncc32)cc1
c1ccc(N2CC(Cc3cc4c(s3)CCCC4)CCCc3ccncc32)cc1
c1ccc(N2CC(Cc3cc4c(s3)CCCCC4)CCCc3ccncc32)cc1
c1ccc(N2CC(Cc3cc4c(s3)CCCCC4)CCCc3ccncc32)cc1
c1ccc(N2CC(Cc3cc4c(s3)CCCCC4)CCCc3ccncc32)cc1
c1ccc(N2CC(Cc3cccs3)CCCc3ccncc32)cc1
c1ccc(N2CC(Cc3cccs3)CCCc3ccncc32)cc1
c1ccc(N2CC(Cc3cccs3)CCCc3ccncc32)cc1
c1ccc(N2CC(Cc3cccs3)CCCc3ccncc32)cc1
c1ccc(N2CC(Cc3cccs3)CCCc3ccncc32)cc1
c1ccc(N2CC(Cc3cccs3)CCCc3ccncc32)cc1
c1ccc(N2CC(Cc3cc4c(s3)CC4)CCCc3ccncc32)cc1
c1ccc(N2CC(Cc3cc4c(s3)CCC4)CCCc3ccncc32)cc1
c1ccc(N2CC(Cc3cc4c(s3)CCC4)CCCc3ccncc32)cc1
c1ccc(N2CC(Cc3cc4c(s3)CCC4)CCCc3ccncc32)cc1
c1ccc(N2CC(Cc3cc4c(s3)CC4)CCCc3ccncc32)cc1
c1ccc(N2CC(Cc3cc4c(s3)CC4)CCCc3ccncc32)cc1
c1ccc(N2CC(Cc3cc4c(s3)CC4)CCCc3ccncc32)cc1
c1ccc(N2CC(Cc3cc4c(s3)CC4)CCCc3ccncc32)cc1
c1ccc(N2c3cnccc3CCCC(Cc3cc4c(s3)CC4)C2C2CC2)cc1
c1ccc(N2c3cnccc3CCCC(Cc3cc4c(s3)CCC4)C2C2CC2)cc1
c1ccc(N2CC(Cc3cc4c(s3)CCC4)CCCc3ccncc32)cc1
c1ccc(N2CC(Cc3cc4c(s3)CCC4)CCCc3ccncc32)cc1
c1ccc(N2CC(Cc3cc4c(s3)CCCC4)CCCc3ccncc32)cc1
c1ccc(N2CC(Cc3cc4c(s3)CCCCC4)CCCc3ccncc32)cc1
c1ccc(N2CC(Cc3cc4c(s3)CCCCC4)CCCc3ccncc32)cc1
c1ccc(N2CC(Cc3cc4c(s3)CCCC4)CCCc3ccncc32)cc1
c1ccc(N2CC(Cc3cc4c(s3)CCC4)CCCc3ccncc32)cc1
c1ccc(N2CC(Cc3cc4c(s3)CCC4)CCCc3ccncc32)cc1
c1ccc(N2CC(Cc3cc4c(s3)CCC4)CCCc3ccncc32)cc1
c1ccc(N2CC(Cc3cc4c(s3)CCC4)CCCc3ccncc32)cc1
c1ccc(N2CC(Cc3cc4c(s3)CCC4)CCCc3ccncc32)cc1
c1ccc(N2CC(Cc3cc4c(s3)CC4)CCCc3ccncc32)cc1
c1ccc(N2CC(Cc3cc4c(s3)CC4)CCCc3ccncc32)cc1
c1ccc(N2CC(Cc3cc4c(s3)CC4)CCCc3ccncc32)cc1
c1ccc(N2CC(Cc3cc4c(s3)CC4)CCCc3ccncc32)cc1
c1ccc(N2CC(Cc3cc4c(s3)CC4)CCCc3ccncc32)cc1
c1ccc(N2CC(Cc3cc4c(s3)CC4)CCCc3ccncc32)cc1
c1ccc(N2CC(Cc3cc4c(s3)CCC4)CCCc3ccncc32)cc1
c1ccc(N2CC(Cc3cc4c(s3)CCC4)CCCc3ccncc32)cc1
c1ccc(N2CC(Cc3cc4c(s3)CCCC4)CCCc3ccncc32)cc1
c1ccc(N2CC(Cc3cc4c(s3)CCCC4)CCCc3ccncc32)cc1
c1ccc(N2CC(Cc3cc4c(s3)CCCC4)CCCc3ccncc32)cc1
c1ccc(N2CC(Cc3cc4c(s3)CCCC4)CCCc3ccncc32)cc1
c1ccc(N2CC(Cc3cc4c(s3)CCCC4)CCCc3ccncc32)cc1
c1ccc(N2CC(Cc3cc4c(s3)CCC4)CCCc3ccncc32)cc1
c1ccc(N2CC(Cc3cc4c(s3)CC4)CCCc3ccncc32)cc1
c1ccc(N2CC(Cc3cc4c(s3)CC4)CCCc3ccncc32)cc1
c1ccc(N2CC(Cc3cc4c(s3)CC4)CCCc3ccncc32)cc1
c1ccc(N2CC(Cc3cc4c(s3)C4)CCCc3ccncc32)cc1
c1ccc(N2CC(Cc3cc4c(s3)C4)CCCc3ccncc32)cc1
c1ccc(N2CC(Cc3cc4c(s3)C4)CCCc3ccncc32)cc1
c1ccc(N2CC(Cc3cc4c(s3)CC4)CCCc3ccncc32)cc1
c1ccc(N2CC(Cc3cc4c(s3)CCC4)CCCc3ccncc32)cc1
c1ccc(N2CC(Cc3cc4c(s3)CCCC4)CCCc3ccncc32)cc1
c1ccc(N2CC(Cc3cc4c(s3)CCCC4)CCCc3ccncc32)cc1
c1ccc(N2CC(Cc3cc4c(s3)CCCCC4)CCCc3ccncc32)cc1
c1ccc(N2CC(Cc3cc4c(s3)CCCCC4)CCCc3ccncc32)cc1
c1ccc(N2CC(Cc3cc4c(s3)CCCCCC4)CCCc3ccncc32)cc1
c1ccc(N2CC(Cc3cc4c(s3)CCCCCC4)CCCc3ccncc32)cc1
c1ccc(N2CC(Cc3cc4c(s3)CCCCC4)CCCc3ccncc32)cc1
c1ccc(N2CC(Cc3cc4c(s3)CCCCC4)CCCc3ccncc32)cc1
c1ccc(N2CC(Cc3cc4c(s3)CCCCC4)CCCc3ccncc32)cc1
c1ccc(N2CC(Cc3cc4c(s3)CCCC4)CCCc3ccncc32)cc1
c1ccc(N2CC(Cc3cc4c(s3)CCCC4)CCCc3ccncc32)cc1
c1ccc(N2CC(Cc3cc4c(s3)CCCCC4)CCCc3ccncc32)cc1
c1ccc(N2CC(Cc3cc4c(s3)CCCC4)CCCc3ccncc32)cc1
c1ccc(N2CC(Cc3cc4c(s3)CCCC4)CCCc3ccncc32)cc1
c1ccc(N2CC(Cc3cc4c(s3)CCCC4)CCCc3ccccc32)cc1
c1ccc(N2CC(Cc3cc4c(s3)CCCC4)CCCc3ccccc32)cc1
c1ccc(N2CC(Cc3cc4c(s3)CCC4)CCCc3ccccc32)cc1
c1ccc(N2CC(Cc3cc4c(s3)CC4)CCCc3ccccc32)cc1
c1ccc(N2CC(Cc3cc4c(s3)CC4)CCCc3ccccc32)cc1
c1ccc(N2CC(Cc3cc4c(s3)CC4)CCCc3ccccc32)cc1
c1ccc(N2CC(Cc3cc4c(s3)CC4)CCCc3ccccc32)cc1
c1ccc(N2CC(Cc3cc4c(s3)CC4)CCCc3ccccc32)cc1
c1ccc(N2CC(Cc3cc4c(s3)CC4)CCCc3ccccc32)cc1
c1ccc(N2CC(Cc3cc4c(s3)CC4)CCCc3ccccc32)cc1
c1ccc(N2CC(Cc3cc4c(s3)OC4)CCCc3ccccc32)cc1
c1ccc(N2CC(Cc3cc4c(s3)OC4)CCCc3ccccc32)cc1
c1ccc(N2CC(Cc3cc4c(s3)OC4)CCCc3ccccc32)cc1
c1ccc(N2CC(Cc3cc4c(s3)CC4)CCCc3ccccc32)cc1
c1ccc(N2CC(Cc3cc4c(s3)CC4)CCCc3ccccc32)cc1
c1ccc(N2CC(Cc3cc4c(s3)CC4)CCCc3ccccc32)cc1
c1ccc(N2CC(Cc3cc4c(s3)CC4)CCCc3ccccc32)cc1
c1ccc(N2CC(Cc3cc4c(s3)CC4)CCCc3ccccc32)cc1
c1ccc(N2CC(Cc3cc4c(s3)CC4)CCCc3ccccc32)cc1
c1ccc(N2CC(Cc3cc4c(s3)CC4)CCCc3ccccc32)cc1
c1ccc(N2c3ccccc3CCCC(Cc3cc4c(s3)CC4)C2C2CC2)cc1
c1ccc(N2c3ccccc3CCCC(Cc3cc4c(s3)CC4)C2C2CC2)cc1
c1ccc(N2c3ccccc3CCCC(Cc3cc4c(s3)CC4)C2C2CN2)cc1
c1ccc(N2c3ccccc3CCCC(Cc3cc4c(s3)CC4)C2C2CN2)cc1
c1ccc(N2c3ccccc3CCCC(Cc3cc4c(s3)CC4)C2C2CN2)cc1
c1ccc(N2c3ccccc3CCCC(Cc3cc4c(s3)CC4)C2C2CN2)cc1
c1ccc(N2CC(Cc3cc4c(s3)CC4)CCCc3ccccc32)cc1
c1ccc(N2CC(Cc3cc4c(s3)CC4)CCCc3cnccc32)cc1
c1ccc(N2CC(Cc3cc4c(s3)CCC4)CCCc3cnccc32)cc1
c1ccc(N2CC(Cc3cc4c(s3)CCCC4)CCCc3cnccc32)cc1
c1ccc(N2CC(Cc3cc4c(s3)CCCC4)CCCc3cnccc32)cc1
c1ccc(N2CC(Cc3cc4c(s3)CCCC4)CCCc3cnccc32)cc1
c1ccc(N2CC(Cc3cc4c(s3)CCCC4)CCCc3ccccc32)cc1
c1ccc(N2CC(Cc3cccs3)CCCc3ccccc32)cc1
c1ccc(N2CC(Cc3cccs3)CCCc3ccccc32)cc1
c1ccc(N2CC(Cc3cccs3)CCCc3ccccc32)cc1
c1ccc(N2CC(Cc3cccs3)CCCc3ccccc32)cc1
c1ccc(N2CC(Cc3cccs3)CCCc3ccccc32)cc1
c1ccc(N2CC(Cc3ccc(C4CCN4)s3)CCCc3ccccc32)cc1
c1ccc(N2CC(Cc3ccc(C4=NCC4)s3)CCCc3ccccc32)cc1
c1ccc(N2CC(Cc3ccc(C4=NCC4)s3)CCCc3ccccc32)cc1
c1ccc(N2CC(Cc3ccc(C4=NCC4)s3)CCCc3ccccc32)cc1
c1ccc(N2CC(Cc3ccc(C4=NCC4)s3)CCCc3ccccc32)cc1
c1ccc(N2CC(Cc3ccc(C4=NC4)s3)CCCc3ccccc32)cc1
c1ccc(N2CC(Cc3ccc(C4=NC4)s3)CCCc3ccccc32)cc1
c1ccc(N2CC(Cc3ccc(C4=NCC4)s3)CCCc3ccccc32)cc1
c1ccc(N2CC(Cc3ccc(C4=NCC4)s3)CCCc3ccccc32)cc1
c1ccc(N2CC(Cc3ccc(C4=NCC4)s3)CCCc3ccccc32)cc1
c1ccc(N2CC(Cc3ccc(C4=NCC4)s3)CCCc3ccccc32)cc1
c1ccc(N2CC(Cc3ccc(C4=NC4)s3)CCCc3ccccc32)cc1
c1ccc(N2CC(Cc3ccc(C4=NC4)s3)CCCc3ccccc32)cc1
c1ccc(N2CC(Cc3ccc(C4=NC4)s3)CCCc3ccccc32)cc1
c1ccc(N2CC(Cc3ccc(C4=NC4)s3)CCCc3ccccc32)cc1
c1ccc(N2CC(Cc3ccc(C4=NCC4)s3)CCCc3ccccc32)cc1
C1=CC(c2ccc(CC3CCCc4ccccc4N(c4ccccc4)C3)s2)=N1
C1=CC(c2ccc(CC3CCCc4ccccc4N(c4ccccc4)C3)s2)=C1
C1=CC(c2ccc(CC3CCCc4ccccc4N(c4ccccc4)C3)s2)=C1
C1=CC(c2ccc(CC3CCCc4ccccc4N(c4ccccc4)C3)s2)=C1
C1=CC(c2ccc(CC3CCCc4ccccc4N(c4ccccc4)C3)s2)=C1
c1ccc(N2CC(Cc3cccc4ccc-4s3)CCCc3ccccc32)cc1
c1ccc(N2CC(Cc3cccc4ccc-4s3)CCCc3ccccc32)cc1
c1ccc(N2CC(Cc3cccc4ccc-4s3)CCCc3ccccc32)cc1
c1ccc(N2CC(Cc3cccc4ccc-4s3)CCCc3ccccc32)cc1
c1ccc(N2CC(Cc3cccc4ccc-4s3)CCCc3ccccc32)cc1
c1ccc(N2CC(Cc3cccc4ccc-4s3)CCCc3ccccc32)cc1
c1ccc(N2CC(Cc3cccc4ccc-4s3)CCCc3ccccc32)cc1
c1ccc(N2CC(Cc3cccc4ccc-4s3)CCCc3ccccc32)cc1
c1ccc(N2CC(Cc3cccc4ccc-4s3)CCCc3ccccc32)cc1
c1ccc(N2CC(Cc3cc4ccccc4s3)CCCc3ccccc32)cc1
c1ccc(N2CC(Cc3cc4ccccc4s3)CCCc3ccccc32)cc1
c1ccc(N2CC(Cc3cc4ccccc4s3)CCCc3ccncc32)cc1
c1ccc(N2CC(Cc3cc4ccccc4s3)CCCc3ccncc32)cc1
c1ccc(N2CC(Cc3cc4ccccc4s3)CCCc3ccncc32)cc1
c1ccc(N2CC(Cc3cc4ccccc4s3)CCCc3ccncc32)cc1
c1ccc(N2CC(Cc3cc4ccccc4s3)CCCc3ccncc32)cc1
c1ccc(N2CC(Cc3cc4ccccc4s3)CCCc3ccncc32)cc1
c1ccc(N2CC(Cc3cc4ccccc4s3)CCCc3ccncc32)cc1
c1ccc(N2CC(Cc3cc4ccccc4s3)CCCc3ccncc32)cc1
c1ccc(N2CC(Cc3cc4ccccc4s3)CCCc3ccncc32)cc1
c1ccc(N2CC(Cc3cc4ccccc4s3)CCCc3ccncc32)cc1
c1ccc(N2CC(Cc3cc4ccccc4s3)CCCc3ccncc32)cc1
c1ccc(N2CC(Cc3cc4ccccc4s3)CCCc3ccncc32)cc1
c1ccc(N2CC(Cc3cc4ccccc4s3)CCCc3ccncc32)cc1
c1ccc(N2CC(Cc3cc4ccccc4s3)CCCc3ccncc32)cc1
c1ccc(N2CC(Cc3cc4ccccc4s3)CCCc3ccncc32)cc1
c1ccc(N2CC(Cc3cc4ccccc4s3)CCCc3ccncc32)cc1
c1ccc(N2CC(Cc3cc4ccccc4s3)CCCc3ccncc32)cc1
c1ccc(N2CC(Cc3cc4ccccc4s3)CCCc3ccncc32)cc1
c1ccc(N2CC(Cc3cc4ccccc4s3)CCCc3ccncc32)cc1
c1ccc(N2CC(Cc3cc4ccccc4s3)CCCc3ccncc32)cc1
c1ccc(N2CC(Cc3cc4ccccc4s3)CCCc3ccncc32)cc1
c1ccc(N2CC(Cc3cc4ccccc4s3)CCCc3ccncc32)cc1
c1ccc(N2CC(Cc3cc4ccccc4s3)CCCc3ccncc32)cc1
c1ccc(N2CC(Cc3cc4ccccc4s3)CCCc3ccncc32)cc1
c1ccc(N2CC(Cc3cc4ccccc4s3)CCCc3ccncc32)cc1
c1ccc(N2CC(Cc3cc4ccccc4s3)CCCc3ccncc32)cc1
c1ccc(N2CC(Cc3cc4ccccc4s3)CCCc3ccncc32)cc1
c1ccc(N2CC(Cc3cc4ccccc4s3)CCCc3ccncc32)cc1
c1ccc(N2CC(Cc3cc4ccccc4s3)CCCc3ccncc32)cc1
c1ccc(N2CC(Cc3cc4ccccc4s3)CCCc3ccncc32)cc1
c1ccc(N2CC(Cc3cc4ccccc4s3)CCCc3ccncc32)cc1
c1ccc(N2CC(Cc3cc4ccccc4s3)CCCc3ccncc32)cc1
c1ccc(N2CC(Cc3cc4ccccc4s3)CCCc3ccncc32)cc1
c1ccc(N2CC(Cc3cc4ccccc4s3)CCCc3ccncc32)cc1
c1ccc(N2CC(Cc3cc4ccccc4s3)CCCc3ccncc32)cc1
c1ccc(N2CC(Cc3cc4ccccc4s3)CCCc3ccncc32)cc1
c1ccc(N2CC(Cc3cc4ccccc4s3)CCCc3ccncc32)cc1
c1ccc(N2CC(Cc3cc4ccccc4s3)CCCc3ccncc32)cc1
c1ccc(N2CC(Cc3cc4ccccc4s3)CCCc3ccncc32)cc1
c1ccc(N2CC(Cc3cc4ccccc4s3)CCCc3ccncc32)cc1
c1ccc(N2CC(Cc3cc4ccccc4s3)CCCc3ccncc32)cc1
c1ccc(N2CC(Cc3cc4ccccc4s3)CCCc3ccncc32)cc1
c1ccc(N2CC(Cc3cc4ccccc4s3)CCCc3ccncc32)cc1
c1ccc(N2CC(Cc3cc4ccccc4s3)CCCc3ccncc32)cc1
c1ccc(N2CC(Cc3cc4ccccc4s3)CCCc3ccncc32)cc1
c1ccc(N2CC(Cc3cc4ccccc4s3)CCCc3ccncc32)cc1
c1ccc(N2CC(Cc3cc4ccccc4s3)CCCc3ccncc32)cc1
c1ccc(N2CC(Cc3cc4ccccc4s3)CCCc3ccncc32)cc1
c1ccc(N2CC(Cc3cc4ccccc4s3)CCCc3ccncc32)cc1
c1ccc(N2CC(Cc3cc4ccccc4s3)CCCc3ccncc32)cc1
c1ccc(N2CC(Cc3cc4ccccc4s3)CCCc3ccncc32)cc1
c1ccc(N2CC(Cc3cc4ccccc4s3)CCCc3ccncc32)cc1
O=C1CC1C1C(Cc2cc3ccccc3s2)CCCc2ccncc2N1c1ccccc1
O=C1CC1C1C(Cc2cc3ccccc3s2)CCCc2ccccc2N1c1ccccc1
O=C1CC1C1C(Cc2cc3ccccc3s2)CCCc2ccccc2N1c1ccccc1
c1ccc(N2CC(Cc3cc4ccccc4s3)CCCc3ccccc32)cc1
c1ccc(N2CC(Cc3cc4ccccc4s3)CCCc3ccccc32)cc1
c1ccc(N2CC(Cc3cc4ccccc4s3)CCCc3ccccc32)cc1
c1ccc(N2CC(Cc3cc4ccccc4s3)CCCc3ccccc32)cc1
c1ccc(N2CC(Cc3cc4ccccc4s3)CCCc3ccccc32)cc1
c1ccc(N2CC(Cc3cc4ccccc4s3)CCCc3ccccc32)cc1
c1ccc(N2CC(Cc3cc4ccccc4s3)CCCc3ccccc32)cc1
c1ccc(N2CC(Cc3cc4ccccc4s3)CCCc3cnccc32)cc1
c1ccc(N2CC(Cc3cc4ccccc4s3)CCCc3cnccc32)cc1
c1ccc(N2CC(Cc3cc4ccccc4s3)CCCc3cnccc32)cc1
c1ccc(N2CC(Cc3cc4ccccc4s3)CCCc3cnccc32)cc1
c1ccc(N2CC(Cc3cc4ccccc4s3)CCCc3cnccc32)cc1
c1ccc(N2CC(Cc3cc4ccccc4s3)CCCc3cnccc32)cc1
c1ccc(N2CC(Cc3cc4ccccc4s3)CCCc3cnccc32)cc1
c1ccc(N2CC(Cc3cc4ccccc4s3)CCCc3cnccc32)cc1
c1ccc(N2CC(Cc3cc4ccccc4s3)CCCc3cnccc32)cc1
c1ccc(N2CC(Cc3cc4ccccc4s3)CCCc3cnccc32)cc1
c1ccc(N2CC(Cc3cc4ccccc4s3)CCCc3cnccc32)cc1
c1ccc(N2CC(Cc3cc4ccccc4s3)CCCc3cnccc32)cc1
c1ccc(N2CC(Cc3cc4ccccc4s3)CCCc3cnccc32)cc1
c1ccc(N2CC(Cc3cc4ccccc4s3)CCCc3cnccc32)cc1
c1ccc(N2CC(Cc3cc4ccccc4s3)CCCc3cnccc32)cc1
c1ccc(N2CC(Cc3cc4ccccc4s3)CCCc3cnccc32)cc1
c1ccc(N2CC(Cc3cc4ccccc4s3)CCCc3cnncc32)cc1
c1ccc(N2CC(Cc3cc4ccccc4s3)CCCc3cnncc32)cc1
c1ccc(N2CC(Cc3cc4ccccc4s3)CCCc3cnncc32)cc1
c1ccc(N2CC(Cc3cc4ccccc4s3)CCCc3cnncc32)cc1
c1ccc(N2CC(Cc3cc4ccccc4s3)CCCc3cnncc32)cc1
c1ccc(N2CC(Cc3cc4ccccc4s3)CCCc3cnnnc32)cc1
c1ccc(N2CC(Cc3cc4ccccc4s3)CCCc3cnnnc32)cc1
c1ccc(N2CC(Cc3cc4ccccc4s3)CCCc3cnnnc32)cc1
c1ccc(N2CC(Cc3cc4ccccc4s3)CCCc3cn[nH]c32)cc1
c1ccc(N2CC(Cc3cc4ccccc4s3)CCCc3cn[nH]c32)cc1
c1ccc(N2CC(Cc3cc4ccccc4s3)CCCc3cn[nH]c32)cc1
c1ccc(N2CC(Cc3cc4ccccc4s3)CCCc3cn[nH]c32)cc1
c1ccc(N2CC(Cc3cc4ccccc4s3)CCCc3cn[nH]c32)cc1
c1ccc(N2CC(Cc3cc4ccccc4s3)CCCc3cn[nH]c32)cc1
c1ccc(N2CC(Cc3cc4ccccc4s3)CCCc3cn[nH]c32)cc1
c1ccc(N2CC(Cc3cc4ccccc4s3)CCCc3cn[nH]c32)cc1
c1ccc(N2CC(Cc3cc4ccccc4s3)CCCc3cn[nH]c32)cc1
c1ccc(N2CC(Cc3cc4ccccc4s3)CCCc3cn[nH]c32)cc1
c1ccc(N2CC(Cc3cc4ccccc4s3)CCCc3cn[nH]c32)cc1
c1ccc(N2CC(Cc3cc4ccccc4s3)CCCc3cn[nH]c32)cc1
c1ccc(N2CC(Cc3cc4ccccc4s3)CCCc3cn[nH]c32)cc1
c1ccc(N2CC(Cc3cc4ccccc4s3)CCCc3cn[nH]c32)cc1
c1ccc(N2CC(Cc3cc4ccccc4s3)CCCc3cn[nH]c32)cc1
c1ccc(N2CC(Cc3cc4ccccc4s3)CCCc3cn[nH]c32)cc1
C1=C(C2C(Cc3cc4ccccc4s3)CCCc3cn[nH]c3N2c2ccccc2)C1
C1=C(C2Nc3c(cnn3-c3ccccc3)CCCC2Cc2cc3ccccc3s2)C1
C1=C(C2Nc3c(cnn3-c3ccccc3)CCC2Cc2cc3ccccc3s2)C1
C1=C(C2Cc3c(cnn3-c3ccccc3)CCC2Cc2cc3ccccc3s2)C1
C1=C(C2CCc3c(cnn3-c3ccccc3)CCC2Cc2cc3ccccc3s2)C1
C1=CC(C2=CC2)C(Cc2cc3ccccc3s2)CCc2cnn(-c3ccccc3)c21
C1=Cc2c(cnn2-c2ccccc2)CCC(Cc2cc3ccccc3s2)C1
C1=C2CCC2C(Cc2cc3ccccc3s2)CCc2cnn(-c3ccccc3)c21
C1=C2CCC2C(Cc2cc3ccccc3s2)Cc2cnn(-c3ccccc3)c21
C1=C2CCC2C(Cc2cc3ccccc3s2)Cc2cnn(-c3ccccc3)c21
C1=C2CC(Cc3cc4ccccc4s3)C2CCc2cnn(-c3ccccc3)c21
C1=C2CC(Cc3cc4ccccc4s3)C2CCc2cnn(-c3ccccc3)c21
C1=C2CC(Cc3cc4ccccc4s3)C2CCCc2cnn(-c3ccccc3)c21
C1=C2CCC(Cc3cc4ccccc4s3)C2CCCc2cnn(-c3ccccc3)c21
C1=C2CCC(Cc3cc4ccccc4s3)C2CCc2cnn(-c3ccccc3)c21
C1=C2CCC(Cc3cc4ccccc4s3)C2Cc2cnn(-c3ccccc3)c21
C1=C2CCCC(Cc3cc4ccccc4s3)C2Cc2cnn(-c3ccccc3)c21
O=C1CC(C(=O)N2CCCC(OC(=O)c3ccc(OC(CNC(=O)C4CCCO4)c4ccc(C5CC5)cc4)cc3)C2)CO1
O=C1CC(C(=O)NCCOC(=O)c2ccc(OC(CNC(=O)C3CCCO3)c3ccc(C4CC4)cc3)cc2)CO1
O=C1CC(C(=O)NCCOC(=O)c2ccc(OC(CNC(=O)C3CCCO3)c3ccc(N4CC4)cc3)cc2)CO1
O=C1CC(C(=O)NCCOC(=O)c2ccc(OC(CNC(=O)C3CCCO3)c3ccc(N4CC4)cc3)cc2)CO1
O=C1CC(C(=O)NCCOC(=O)c2ccc(OC(CNC(=O)C3CCCO3)c3ccc(N4CC4)cc3)cc2)CO1
O=C1CC(C(=O)NCCOC(=O)c2ccc(CC(CNC(=O)C3CCCO3)c3ccc(N4CC4)cc3)cc2)CO1
O=C(NCC(Cc1ccccc1)c1ccc(N2CC2)cc1)C1CCCO1
O=C(NCC(Cc1ccccc1)c1ccc(N2CC2)cc1)C1CCCO1
O=C(NCC(Cc1ccccc1)c1ccc(N2CC2)cc1)C1CCCO1
c1ccc(CCc2ccc(N3CC3)cc2)cc1
c1ccc(CCc2ccc(N3CC3)cc2)cc1
c1ccc(CCc2ccc(N3CC3)cc2)cc1
c1ccc(CCc2ccc(N3CC3)cc2)cc1
c1ccc(CCc2ccc(N3CC3)cc2)cc1
c1ccc(CCc2ccc(N3CC3)cc2)cc1
c1ccc(CCc2ccc(N3CC3)cc2)cc1
c1ccc(CCc2ccc(N3CC3)cc2)cc1
c1ccc(CCc2ccc(N3CC3)cc2)cc1
c1ccc(CCc2ccc(N3CC3)cc2)cc1
c1ccc(CCc2ccc(N3CC3)cc2)cc1
c1ccc(CCc2ccc(N3CC3)cc2)cc1
c1ccc(CCc2ccc(N3CC3)cc2)cc1
c1ccc(CCc2ccc(N3CC3)cc2)cc1
c1ccc(CCc2ccc(N3CC3)cc2)cc1
c1ccc(CCc2ccc(N3CC3)cc2)cc1
c1ccc(CCc2ccc(N3CC3)cc2)cc1
c1ccc(CCc2ccc(N3CC3)cc2)cc1
c1ccc(CCc2ccccc2N2CC2)cc1
c1ccc(CCc2ccccc2C2CC2)cc1
c1ccc(CCc2ccccc2)cc1
c1ccc(CCc2ccccc2)cc1
c1ccc(CCc2ccccc2)cc1
c1ccc(CCc2ccccc2)cc1
c1ccc(CCc2ccccc2)cc1
c1ccc(CCc2ccccc2)cc1
c1ccc(CCc2ccccc2)cc1
c1ccc(CCc2ccccc2)cc1
c1ccc(Cc2ccccc2)cc1
c1ccc(Cc2ccccc2)cc1
c1ccc(Cc2ccccc2)cc1
c1ccc(Cc2ccccc2)cc1
c1ccc(Cc2ccccc2)cc1
c1ccc(Cc2ccccc2)cc1
c1ccc(Cc2ccccc2)cc1
c1ccc(Cc2ccccc2)cc1
C=C(c1ccccc1)c1ccccc1
C=C(c1ccccc1)c1ccccc1
C=C(c1ccccc1)c1ccccc1
O=C(NC=C(c1ccccc1)c1ccccc1)NCCCNC(=O)C1CN1
C=C(c1ccccc1)c1ccccc1C(=O)NCCCNC(=O)C1CN1
C=C(c1ccccc1)c1ccccc1C(=O)NCCCNC(=O)C1CN1
C=C(c1ccccc1)c1ccccc1C(=O)NCCCNC(=O)C1CN1
C=C(c1ccccc1)c1ccccc1C(=O)NCCCNC(=O)C1CN1
C=C(c1ccccc1)c1ccccc1
C=C(c1ccccc1)c1ccccc1
C=C(c1ccccc1)c1ccccc1
C=C(c1ccccc1)c1ccccc1
C=C(c1ccccc1)c1ccccc1
C=C(c1ccccc1)c1ccccc1
C=C(c1ccccc1)c1ccccc1
C=C(c1ccccc1)c1ccccc1
C=C(c1ccccc1)c1ccccc1
C=C(c1ccccc1)c1ccccc1
C=C(c1ccccc1)c1ccccc1
C=C(c1ccccc1)c1ccccc1
C=C(c1ccccc1)c1ccccc1
C=C(c1ccccc1)c1ccccc1
C=C(c1ccccc1)c1ccccc1
C=C(c1ccccc1)c1ccccc1
C=C(c1ccccc1)c1ccccc1
N=C(c1ccccc1)c1ccccc1
O=C(c1ccccc1)c1ccccc1
O=C(c1ccccc1)c1ccccc1
O=C(c1ccccc1)c1ccccc1
O=C(c1ccccc1)c1ccccc1
O=C(CNC(=O)c1ccccc1)NCCCNC(=O)c1ccccc1
O=C(CNC(=O)c1ccccc1)NCCCNC(=O)c1ccccc1
O=C(CNC(=O)c1ccccc1)NCCCNC(=O)c1ccccc1
O=C(CCNC(=O)c1ccccc1)NCCCNC(=O)c1ccccc1
O=C(CCNC(=O)c1ccccc1)NCCCNC(=O)c1ccccc1
O=C(CNC(=O)c1ccccc1)NCCCNC(=O)c1ccccc1
O=C(CNC(=O)c1ccccc1)NCCCNC(=O)c1ccccc1
O=C(NCCCNC(=O)c1ccccc1)c1ccccc1
O=C(NCCCNC(=O)c1ccccc1)c1ccccc1
O=C(NCCCNC(=O)c1ccccc1)c1ccccc1
O=C(NCCCNC(=O)c1ccccc1)c1ccccc1
O=C(NCCCNC(=O)c1ccccc1)c1ccccc1
O=C(NCCCNC(=O)c1ccccc1)c1ccccc1
O=C(NCCCNC(=O)c1ccccc1)c1ccccc1
O=C(NCCCNC(=O)c1ccccc1)c1ccccc1
O=C(NCCCNC(=O)c1ccccc1)c1ccccc1
O=C(NCCCNC(=O)c1ccccc1)c1ccccc1
O=C(NCCCNC(=O)c1ccccc1)c1ccccc1
O=C(NCCCNC(=O)c1ccccc1)c1ccccc1
O=C(NCCCNC(=O)c1ccccc1)c1ccccc1
O=C(NCCCNC(=O)c1ccccc1)c1ccccc1
O=C(NCCCNC(=O)c1ccccc1)c1ccccc1
O=C(NCCCNC(=O)c1ccccc1)c1ccccc1
O=C(NCCCNC(=O)c1cn[nH]c1)c1ccccc1
O=C(NCCCNC(=O)c1cn[nH]c1)c1ccccc1
O=C(NCCCNC(=O)c1cn[nH]c1)c1ccccc1
O=C(NCCCNC(=O)c1cn[nH]c1)c1ccccc1
O=C(NCCCNC(=O)c1cn[nH]c1)c1ccccc1
O=C(NCCCNC(=O)c1cn[nH]c1)c1ccccc1
O=C(NCCCNC(=O)c1cn[nH]c1)c1ccccc1
O=C(NCCCNC(=O)c1cn[nH]c1)c1ccccc1
O=C(NCCCNC(=O)c1cn[nH]c1)c1ccccc1
O=C(NCCCNC(=O)c1cn[nH]c1)c1ccccc1
O=C(NCCCNC(=O)c1cn[nH]c1)c1ccccc1
O=C(NCCCNC(=O)c1cnn(C2=NCC2)c1)c1ccccc1
O=C(NCCCNC(=O)c1cnn(C2=NCC2)c1)c1ccccc1
O=C(NCCCNC(=O)c1cnn(C2=NCC2)c1)c1ccccc1
O=C(NCCCNC(=O)c1cnn(C2=CCC2)c1)c1ccccc1
O=C(NCCCNC(=O)c1cnn(C2=CCC2)c1)c1ccccc1
O=C(NCCCNC(=O)c1cnn(C2=CCC2)c1)c1ccccc1
O=C(NCCCNC(=O)c1cnn(C2=CCC2)c1)c1ccccc1
O=C(NCCCNC(=O)c1cnn(C2=CCC2)c1)c1ccccc1
O=C(NCCCNC(=O)c1cnn(C2=CC=C2)c1)c1ccccc1
O=C(NCCCNC(=O)c1cnn(C2=CC=CCC2)c1)c1ccccc1
O=C(NCCCNC(=O)c1cnn(C2=CC=CCC2)c1)c1ccccc1
O=C(NCCCNC(=O)c1cnn(-c2ccccc2)c1)c1ccccc1
O=C(NCCCNC(=O)c1cnn(-c2ccccc2)c1)c1ccccc1
O=C(NCCCNC(=O)c1cnn(-c2ccccc2)c1)c1ccccc1
O=C(NCCCNC(=O)c1cnn(-c2ccccc2)c1)c1ccccc1
O=C(NCCCNC(=O)c1cnn(-c2ccccc2)c1)c1ccccc1
O=C(NCCCNC(=O)c1cnn(-c2ccccc2)c1)c1ccccc1
O=C1CC(C(=O)N2CCCC(OC(=O)c3ccc(OC(CNC(=O)C4CCCO4)c4ccc(C5CC5)cc4)cc3)C2)CO1
O=C1CC(C(=O)N2CCCC(OC(=O)c3ccccc3OC(CNC(=O)C3CCCO3)c3ccc(C4CC4)cc3)C2)CO1
O=C1CC(C(=O)N2CCCC(OC(=O)c3ccccc3OCc3ccc(C4CC4)cc3)C2)CO1
O=C1CC(C(=O)N2CCCC(OC(=O)c3ccccc3OCc3ccc(C4CC4)cc3)C2)CO1
O=C1CC(C(=O)NCCCCOC(=O)c2ccccc2OCc2ccc(C3CC3)cc2)CO1
O=C1CC(C(=O)NCCCCOC(=O)c2ccccc2OCc2ccccc2)CO1
O=C1CC(C(=O)NCCCCOC(=O)c2ccccc2OCc2ccccc2)CO1
O=C1CC(C(=O)NCCCCOC(=O)c2ccccc2OCc2ccccc2)CO1
O=C1CC(C(=O)NCCCCOC(=O)c2ccccc2OCc2ccccc2)CO1
O=C1CC(C(=O)NCCCCOC(=O)c2ccccc2OCc2ccccc2)CO1
O=C(OCCCCNC(=O)C1CCOC1)c1ccccc1OCc1ccccc1
O=C(OCCCCNC(=O)C1CCOC1)c1ccccc1OCCCc1ccccc1
O=C(OCCCCNC(=O)C1CCOC1)c1ccccc1OCCCc1ccccc1
O=C(OCCCCNC(=O)C1CCOC1)c1ccccc1OCCc1ccccc1
c1ccc(CCOc2ccccc2)cc1
c1ccc(CCOc2ccccc2)cc1
c1ccc(CCOc2ccccc2)cc1
O=C(CCc1ccccc1)NCCOc1ccccc1
O=C(CCc1ccccc1)NCCCc1ccccc1
O=C(CCc1ccccc1)NCCCc1ccccc1
O=C(CCc1ccccc1)NCCCc1ccccc1
O=C(CCc1ccccc1)NCCCc1ccccc1
c1ccc(CCCCc2ccccc2)cc1
c1ccc(CCCCc2ccccc2)cc1
c1ccc(CCCCc2ccccc2)cc1
c1ccc(CCCCc2ccccc2)cc1
c1ccc(CCCCc2ccccc2)cc1
c1ccc(CCCCc2ccccc2)cc1
c1ccc(CCCCc2ccccc2)cc1
c1ccc(CCCCc2ccccc2)cc1
c1ccc(CCCCc2ccccc2)cc1
c1ccc(CCCCc2ccccc2)cc1
c1ccc(CCCCc2ccccc2)cc1
c1ccc(CCCCc2ccccc2)cc1
c1ccc(CCCCc2ccccc2)cc1
c1ccc(CCCCc2ccccc2)cc1
c1ccc(CCCCc2ccccc2)cc1
c1ccc(CCCCc2ccccc2)cc1
c1ccc(CCCCc2ccccc2)cc1
c1ccc(CCCCc2ccccc2)cc1
c1ccc(CCCCc2ccccc2)cc1
c1ccc(CCCCc2ccccc2)cc1
c1ccc(CCCCc2ccccc2)cc1
c1ccc(CCCCc2ccccc2)cc1
c1ccc(CCCCc2ccccc2)cc1
c1ccc(CCCCc2ccccc2)cc1
c1ccc(CCCCc2ccccc2)cc1
c1ccc(CCCCc2ccccc2)cc1
c1ccc(CCCCc2ccccc2)cc1
c1ccc(CCCCc2ccccc2)cc1
c1ccc(CCCCc2ccccc2)cc1
c1ccc(CCCCc2ccccc2)cc1
c1ccc(CCCCc2ccccc2)cc1
c1ccc(CCCCc2ccccc2)cc1
c1ccc(CCCCc2ccccc2)cc1
c1ccc(CCCCc2ccccc2)cc1
c1ccc(CCCCc2ccccc2)cc1
c1ccc(CCCCc2ccccc2)cc1
c1ccc(CCCCc2ccccc2)cc1
c1ccc(CCCCc2ccccc2)cc1
c1ccc(CCCCc2ccccc2)cc1
c1ccc(CCCCc2ccccc2)cc1
c1ccc(CCCCc2ccccc2)cc1
c1ccc(CCCCc2ccccc2)cc1
c1ccc(CCCCc2ccccc2)cc1
c1ccc(CCCCc2ccccc2)cc1
c1ccc(CCCCc2ccccc2)cc1
c1ccc(CCCCc2ccccc2)cc1
c1ccc(CCCCc2ccccc2)cc1
c1ccc(CCCCc2ccccc2)cc1
c1ccc(CCCCc2ccccc2)cc1
c1ccc(CCCCc2ccccc2)cc1
c1ccc(CCCCc2ccccc2)cc1
c1ccc(CCCCc2ccccc2)cc1
c1ccc(CCCCc2ccccc2)cc1
c1ccc(CCCCc2ccccc2)cc1
c1ccc(CCCCc2ccccc2)cc1
c1ccc(CCCCc2ccccc2)cc1
c1ccc(CCCCc2ccccc2)cc1
c1ccc(CCCCc2ccccc2)cc1
c1ccc(CCCCc2ccccc2)cc1
c1ccc(CCCCc2ccccc2)cc1
c1ccc(CCCCc2ccccc2)cc1
c1ccc(CCCCc2ccccc2)cc1
c1ccc(CCCCc2ccccc2)cc1
c1ccc(CCCCc2ccccc2)cc1
c1ccc(CCCCc2ccccc2)cc1
c1ccc(CCCCc2ccccc2)cc1
c1ccc(CCCCc2ccccc2)cc1
c1ccc(CCCCc2ccccc2)cc1
c1ccc(CCCCc2ccccc2)cc1
C1=CC(c2ccccc2CCCCc2ccccc2)C1
c1ccc(CCCCc2ccccc2C2CC2)cc1
C1=C(c2ccccc2CCCCc2ccccc2)C1
c1ccc(CCCCc2ccccc2)cc1
c1ccc(CCCCc2ccccc2)cc1
c1ccc(CCCCc2ccccc2)cc1
c1ccc(CCCCc2ccccc2)cc1
c1ccc(CCCCc2ccccc2)cc1
c1ccc(CCCCc2ccccc2)cc1
c1ccc(CCCCc2ccccc2)cc1
c1ccc(CCCCc2ccccc2)cc1
c1ccc(CCCCc2ccccc2)cc1
c1ccc(CCCCc2ccccc2)cc1
c1ccc(CCCCc2ccccc2)cc1
c1ccc(CCCCc2ccccc2)cc1
c1ccc(CCCCc2ccccc2)cc1
O=C(NCC(Oc1ccc2c(cnn2-c2ccccc2)c1)c1ccccc1)c1nnco1
O=C(NCC1Oc2ccc3c(cnn3-c3ccccc3)c2-c2ccccc21)c1nnco1
O=C(NCC1Oc2ccc3c(cnn3-c3ccccc3)c2-c2ccccc21)c1nnco1
O=C(NCC1Oc2ccc3c(cnn3-c3ccccc3)c2-c2ccccc21)c1nnco1
O=C(NCC1Oc2ccc3[nH]ncc3c2-c2cccc(-c3ccccc3)c21)c1nnco1
c1ccc(-c2cccc3c2C(CNCc2nnco2)Oc2ccc4[nH]ncc4c2-3)cc1
c1ccc(-c2cccc3c2C(CNCc2nnco2)Oc2ccc4[nH]ncc4c2-3)cc1
c1ccc(-c2cccc3c2C(CNCc2nnco2)Oc2ccc4[nH]ncc4c2-3)cc1
c1ccc(-c2cccc3c2C(CNCc2nnco2)Oc2ccc4[nH]ncc4c2-3)cc1
c1ccc(-c2cccc3c2C(CNCc2cnco2)Oc2ccc4[nH]ncc4c2-3)cc1
c1ccc(-c2cccc3c2C(CNCCc2ncco2)Oc2ccc4[nH]ncc4c2-3)cc1
c1ccc(-c2cccc3c2C(CNCc2ncco2)Oc2ccc4[nH]ncc4c2-3)cc1
c1ccc(-c2cccc3c2COc2ccc4[nH]ncc4c2-3)cc1
c1ccc(-c2cccc3c2COc2ccc4[nH]ncc4c2-3)cc1
c1ccc(-c2cccc3c2COc2ccc4[nH]ncc4c2-3)cc1
c1ccc(-c2cccc3c2COc2ccc4[nH]ncc4c2-3)cc1
c1ccc(-c2cccc3c2COc2ccc4[nH]ccc4c2-3)cc1
c1ccc(-c2cccc3c2COc2ccc4[nH]ccc4c2-3)cc1
c1ccc(-c2cccc3c2COc2ccc4[nH]ccc4c2-3)cc1
c1ccc(-c2cccc3c2COc2ccc4[nH]ccc4c2-3)cc1
c1ccc(-c2cccc3c2COc2ccc4[nH]ccc4c2-3)cc1
c1ccc(-c2cccc3c2COc2ccc4[nH]ccc4c2-3)cc1
c1ccc(-c2cccc3c2COc2ccc4c(c2-3)CCN4)cc1
c1ccc(-c2cccc3c2COc2ccc4c(c2-3)CCCN4)cc1
c1ccc(-c2cccc3c2COc2ccc4c(c2-3)CCCN4)cc1
c1ccc(-c2cccc3c2COc2ccccc2-3)cc1
c1ccc(-c2cccc3c2COc2ccccc2-3)cc1
c1ccc(-c2cccc3c2COc2ccccc2-3)cc1
c1ccc(-c2cccc3c2COc2ccccc2-3)cc1
c1ccc(-c2cccc3c2COc2ccccc2-3)cc1
c1ccc(-c2cccc3c2COc2ccccc2-3)cc1
c1ccc(-c2ccc3c4c2COc2cccc(c2-4)CCN3)cc1
c1ccc(-c2ccc3c4c2COc2cccc(c2-4)CCN3)cc1
c1ccc(-c2ccc3c4c2COc2cccc(c2-4)CCN3)cc1
c1ccc(-c2ccc3c4c2COc2cccc(c2-4)CCN3)cc1
c1ccc(-c2ccc3c4c2COc2cccc(c2-4)CCN3)cc1
c1ccc(-c2ccc3c4c2COc2cccc(c2-4)CCN3)cc1
c1ccc(-c2ccc3c4c2COc2cccc(c2-4)CCCN3)cc1
c1ccc(-c2ccc3c4c2COc2cccc(c2-4)CCCN3)cc1
c1ccc(-c2ccc3c4c2COc2cccc(c2-4)CCCN3)cc1
c1ccc(-c2ccc3c4c2COc2cccc(c2-4)CCN3)cc1
c1ccc(-c2ccc3c4c2COc2cccc(c2-4)CN3)cc1
c1ccc(-c2ccc3c4c2COc2cccc(c2-4)CN3)cc1
c1ccc(-c2ccc3c4c2COc2cccc(c2-4)CN3)cc1
c1ccc(-c2ccc3c4c2COc2cccc(c2-4)CN3)cc1
c1ccc(-c2ccc3c4c2COc2cccc(c2-4)CN3)cc1
c1ccc(-c2ccc3c4c2COc2cccc(c2-4)CN3)cc1
c1ccc(-c2ccc3c4c2COc2cccc(c2-4)CN3)cc1
c1ccc2c(c1)CNc1ccc3c(c1-2)COc1ccccc1-3
c1ccc2c(c1)CNc1ccc3c(c1-2)COc1ccccc1-3
c1ccc2c(c1)CNc1ccc3c(c1-2)COc1ccccc1-3
c1ccc2c(c1)CNc1ccc3c(c1-2)COc1ccccc1-3
c1ccc2c(c1)CNc1ccc3c(c1-2)COc1ccccc1-3
C1=CC2=C(C1)CNc1ccc3c(c12)COc1ccccc1-3
C1=CC2=C1CNc1ccc3c(c12)COc1ccccc1-3
C1=Cc2c(ccc3c2COc2ccccc2-3)NC1
C1=Cc2c(ccc3c2COc2ccccc2-3)NC1
C1=Cc2c(ccc3c2COc2ccccc2-3)NC1
O=C(NCC(Oc1ccc2c(cnn2-c2ccccc2)c1)c1ccccc1)c1nnco1
O=C(NCC(Oc1ccc2c(cnn2-c2ccccc2)c1)c1ccccc1)c1cnco1
O=C(NCC(Oc1ccc2c(cnn2-c2ccccc2)c1)c1ccccc1)c1cnco1
O=C(NCC(Oc1ccc2c(cnn2Cc2ccccc2)c1)c1ccccc1)c1cnco1
O=C(NCC(Oc1ccc2c(cnn2Cc2ccccc2)c1)c1ccccc1)c1cnco1
O=C(NCC(Oc1ccc2c(cnn2Cc2ccccc2)c1)c1ccccc1)C1=CN=CC1
O=C(NCC(Oc1ccc2c(cnn2Cc2ccccc2)c1)c1ccccc1)C1=CN=C1
O=C(NCc1ccc(COc2ccc3c(cnn3Cc3ccccc3)c2)cc1)C1=CN=C1
O=C(NCc1ccc(COc2ccc3c(cnn3Cc3ccccc3)c2)cc1)C1=CN=C1
O=C(NCc1ccc(COc2ccc3c(cnn3Cc3ccccc3)c2)cc1)C1=CN=C1
O=C(NCc1ccc(COc2cc3cn[nH]c3cc2-c2ccccc2)cc1)C1=CN=C1
O=C(NCc1ccc(CCc2cc3cn[nH]c3cc2-c2ccccc2)cc1)C1=CN=C1
O=C(NCc1ccc(CCc2cc3cn[nH]c3cc2-c2ccccc2)cc1)C1=CN=C1
O=C(NCc1ccc(Cc2cc3cn[nH]c3cc2-c2ccccc2)cc1)C1=CN=C1
O=C(NCc1ccc(Cc2cc3cn[nH]c3cc2-c2ccccc2)cc1)C1=CN=C1
O=C(NCc1ccc(Cc2cc3cn[nH]c3cc2-c2ccccc2)cc1)C1=CN=C1
O=C(NCc1ccc(-c2cc3cn[nH]c3cc2-c2ccccc2)cc1)C1=CN=C1
O=C(NCc1ccc(-c2cc3cn[nH]c3cc2-c2ccccc2)cc1)C1=CN=C1
O=C(NCc1ccc(-c2cc3cn[nH]c3nc2-c2ccccc2)cc1)C1=CN=C1
O=C(NCc1ccc(-c2cc3cn[nH]c3nc2C2=CC=CC2)cc1)C1=CN=C1
O=C(NCc1ccc(-c2cc3cn[nH]c3nc2C2=CCC2)cc1)C1=CN=C1
O=C(NCc1ccc(-c2cc3cn[nH]c3nc2C2=CC2)cc1)C1=CN=C1
O=C(NCc1ccc(-c2cc3cn[nH]c3nc2C2=CC2)cc1)C1=CN=C1
O=C(NCc1ccc(-c2cnc3[nH]ncc3c2)cc1)C1=CN=C1
O=C(NCc1ccc(-c2cnc3[nH]ncc3c2)cc1)C1=CN=C1
O=C(NCc1ccc(-c2cnc3[nH]ncc3c2)cc1)C1=CN=C1
O=C(NCc1ccc(-c2cnc3[nH]ncc3c2)cc1)C1=CN=C1
O=C(NCc1ccc(-c2cnc3[nH]ncc3c2)cc1)C1=CN=C1
O=C(NCc1ccc(-c2cnc3[nH]ncc3c2)cc1)C1=CN=C1
O=C(NCc1ccc(-c2cnc3[nH]ncc3c2)cc1)C1=CN=C1
O=C(NCc1ccc(-c2cnc3[nH]ncc3c2)cc1)C1=CN=C1
O=C(NCc1ccc(-c2cnc3[nH]ncc3c2)cc1)C1=CN=C1
O=C(NCc1ccc(-c2cnc3[nH]ncc3c2)cc1)C1=CN=C1
O=C(NCc1ccc(-c2cnc3[nH]ncc3c2)cc1)C1=CN=C1
O=C(NCc1ccc(-c2cnc3[nH]ncc3c2)cc1)C1=CN=C1
O=C(NCc1ccc(-c2cnc3[nH]ncc3c2)cc1)c1cnoc1
O=C(NCc1ccc(-c2cnc3[nH]ncc3c2)cc1)c1cnoc1
O=C(NCc1ccc(-c2cnc3[nH]ncc3c2)cc1)c1cnoc1
O=C(NCc1ccc(-c2cnc3[nH]ncc3c2)cc1)c1cnoc1
O=C(NCc1ccc(-c2cnc3[nH]ncc3c2)cc1)c1cnoc1
O=C(NCc1ccc(-c2cnc3[nH]ncc3c2)cc1)c1cnoc1
O=C(NCc1ccc(-c2cnc3[nH]ncc3c2)cc1)c1cnoc1
O=C(NCc1ccc(-c2cnc3[nH]ncc3c2)cc1)C1=CON=CN1
O=C(NCc1ccc(-c2cnc3[nH]ncc3c2)cc1)C1=CON=CN1
O=C(NCc1ccc(-c2cnc3[nH]ncc3c2)cc1)C1=CON=CC1
O=C(NCc1ccc(-c2cnc3[nH]ncc3c2)cc1)C1=CON=CC1
O=C(NCc1ccc(-c2cnc3[nH]ncc3c2)cc1)C1=CON=C(C2CC2)C1
O=C(NCc1ccc(-c2cnc3[nH]ncc3c2)cc1)C1=CON=C(C2CC2)C1
O=C(NCc1ccc(-c2cnc3[nH]ncc3c2)cc1)C1=CON=CC1
O=C(NCc1ccc(-c2cnc3[nH]ncc3c2)cc1)C1=CON=CC1
O=C(NCc1ccc(-c2cnc3[nH]ncc3c2)cc1)C1=CON=CC1
O=C(NCc1ccc(-c2cnc3[nH]ncc3c2)cc1)C1=CON=CC1
O=C(NCc1ccc(-c2cnc3[nH]ncc3c2)cc1)C1=CON=CC1
O=C(NCc1ccc(-c2cnc3[nH]ncc3c2)cc1)C1=CON=CC1
C=C1C=NOC=C1C(=O)NCc1ccc(-c2cnc3[nH]ncc3c2)cc1
O=C(NCc1ccc(-c2cnc3[nH]ncc3c2)cc1)C1=CON=CC1
O=C(NCc1ccc(-c2cnc3[nH]ncc3c2)cc1)C1=CON=CCC1
O=C(NCc1ccc(-c2cnc3[nH]ncc3c2)cc1)C1=CON=CCC1
O=C(NCc1ccc(-c2cnc3[nH]ncc3c2)cc1)C1=CON=CCC1
O=C(NCc1ccc(-c2cnc3[nH]ncc3c2)cc1)C1=CON=CCC1
O=C(NCc1ccc(-c2cnc3[nH]ncc3c2)cc1)C1=CON=CCC1
O=C(NCc1ccc(-c2cnc3[nH]ncc3c2)cc1)C1=CON=CCC1
O=C(NCc1ccc(-c2cnc3[nH]ncc3c2)cc1)C1=CON=CCC1
O=C(NCc1ccc(Cc2cnc3[nH]ncc3c2)cc1)C1=CON=CCC1
O=C(NCc1ccc(Cc2cnc3[nH]ncc3c2)cc1)C1=CON=CCC1
N=C1C=NOC=C(C(=O)NCc2ccc(Cc3cnc4[nH]ncc4c3)cc2)C1
N=C1C=NOC=C(C(=O)NCc2ccc(Cc3cnc4[nH]ncc4c3)cc2)C1
N=c1cnocc(C(=O)NCc2ccc(Cc3cnc4[nH]ncc4c3)cc2)c1=O
N=c1cnocc(C(=O)NCc2ccc(Cc3cnc4[nH]ncc4c3)cc2)c1=O
N=c1cnocc(C(=O)NCc2ccc(-c3cnc4[nH]ncc4c3)cc2)c1=O
C=C1C=NOC=C(C(=O)NCc2ccc(-c3cnc4[nH]ncc4c3)cc2)C1=O
C=C1C=NOC=C(C(=O)NCc2ccc(-c3cnc4[nH]ncc4c3)cc2)C1
C=C1C=NOC=C(C(=O)NCc2ccc(-c3cnc4[nH]ncc4c3)cc2)C1
O=C(NCc1ccc(-c2cnc3[nH]ncc3c2)cc1)C1=CON=CC2=CC21
O=C(NCc1ccc(-c2cnc3[nH]ncc3c2)cc1)C1=CON=CC2=CC21
O=C(NCc1ccc(-c2cnc3[nH]ncc3c2)cc1)C1=CON=CC2=CC2C1
O=C(NCc1ccc(-c2cnc3[nH]ncc3c2)cc1)C1=CON=CC2=CC2C1
O=C(NCc1ccc(-c2cnc3[nH]ncc3c2)cc1)c1concc2cc-2c1
O=C(NCc1ccc(-c2cnc3[nH]ncc3c2)cc1)c1concc2cc-2c1
O=C(NCc1ccc(-c2cnc3[nH]ncc3c2)cc1)c1concc2cc-2c1
O=C(NCc1ccc(-c2cnc3[nH]ncc3c2)cc1)c1concc2cc-2c1
O=C(NCc1ccc(-c2cnc3[nH]ncc3c2)cc1)c1concc2cc-2c1
O=C(NCc1ccc(-c2cnc3[nH]ncc3c2)cc1)c1concc2cc-2c1
O=C(NCc1ccc(-c2cnc3[nH]ncc3c2)cc1)c1concc2cc-2c1
O=C(NCc1ccc(-c2cnc3[nH]ncc3c2)cc1)c1concc2cc-2c1
O=C(NCc1ccc(-c2cnc3[nH]ncc3c2)cc1)c1concc2cc-2c1
O=C(NCc1ccc(-c2cnc3[nH]ncc3c2)cc1)c1concc2cc-2c1
O=C(NCc1ccc(-c2cnc3[nH]ncc3c2)cc1)c1concc2cc-2c1
O=C(NCc1ccc(-c2cnc3[nH]ncc3c2)cc1)c1concc2cc-2c1
O=C(NCc1ccc(-c2cnc3[nH]ncc3c2)cc1)c1concc2c3c-2c1CC3
O=C(NCc1ccc(-c2cnc3[nH]ncc3c2)cc1)c1concc2c3c-2c1CC3
O=C(NCc1ccc(-c2cnc3[nH]ncc3c2)cc1)c1concc2c3c-2c1CC3
O=C(NCc1ccc(-c2cnc3[nH]ncc3c2)cc1)c1concc2c3c-2c1C3
O=C(NCc1ccc(-c2cnc3[nH]ncc3c2)cc1)c1concc2c3c-2c1C3
O=C(NCc1ccc(-c2cnc3[nH]ncc3c2)cc1)c1concc2c3c-2c1C3
O=C(NCc1ccc(-c2cnc3[nH]ncc3c2)cc1)c1concc2c3c-2c1C3
O=C(NCc1ccc(-c2cnc3[nH]ncc3c2)cc1)c1concc2c3c-2c1C3
O=C(NCc1ccc(-c2cnc3[nH]ncc3c2)cc1)c1concc2c3c-2c1C3
O=C(NCc1ccc(-c2cnc3[nH]ncc3c2)cc1)c1concc2c3c-2c1CC3
O=C(NCc1ccc(-c2cnc3[nH]ncc3c2)cc1)c1concc2c3c-2c1CC3
O=C(NCc1ccc(-c2cnc3[nH]ncc3c2)cc1)c1concc2c3c-2c1CC3
O=C(NCc1ccc(-c2cnc3[nH]ncc3c2)cc1)c1concc2c3c-2c1CC3
O=C(NCc1ccc(-c2cnc3[nH]ncc3c2)cc1)c1concc2c3c-2c1CC3
O=C(NCc1ccc(-c2cnc3[nH]ncc3c2)cc1)c1concc2c3c-2c1CC3
O=C(NCc1ccc(-c2cnc3[nH]ncc3c2)cc1)c1concc2cc-2c1
O=C(NCc1ccc(-c2cnc3[nH]ncc3c2)cc1)c1concc2cc-2c1
O=C(NCc1ccc(-c2cnc3[nH]ncc3c2)cc1)c1concc2cc-2c1
O=C(NCc1ccc(-c2cnc3[nH]ncc3c2)cc1)c1concc2cc-2c1
O=C(NCc1ccc(-c2cnc3[nH]ncc3c2)cc1)c1concc2c3c-2c1NC3
O=C(NCc1ccc(-c2cnc3[nH]ncc3c2)cc1)c1concc2c3c-2c1NC3
O=C(NCc1ccc(-c2cnc3[nH]ncc3c2)cc1)c1concc2cc-2c1
O=C(NCc1ccc(-c2cnc3[nH]ncc3c2)cc1)c1concc2cc-2c1
O=C(NCc1ccc(-c2cnc3[nH]ncc3c2)cc1)c1concc2cc-2c1
O=C(NCc1ccc(-c2cnc3[nH]ncc3c2)cc1)c1concc2cc-2c1
O=C(NCc1ccc(-c2cnc3[nH]ncc3c2)cc1)c1concc2cc-2c1
O=C(NCc1ccc(-c2cnc3[nH]ncc3c2)cc1)c1concc2cc-2c1
O=C(NCc1ccc(-c2cnc3[nH]ncc3c2)cc1)c1concc2cc-2c1
O=C(NCc1ccc(-c2cnc3[nH]ncc3c2)cc1)c1concc2cc-2c1
O=C(NCc1ccc(-c2cnc3[nH]ncc3c2)cc1)c1concc2cc-2c1
O=C(NCc1ccc(-c2cnc3[nH]ncc3c2)cc1)c1concc2cc-2c1
O=C(NCc1ccc(-c2cnc3[nH]ncc3c2)cc1)c1concc2cc-2c1
O=C(NCc1ccc(-c2cnc3[nH]ncc3c2)cc1)c1c2ccconcc1-2
O=C(NCc1ccc(-c2cnc3[nH]ncc3c2)cc1)c1c2ccconcc1-2
O=C(NCc1ccc(-c2cnc3[nH]ncc3c2)cc1)c1c2ccconcc1-2
O=C(NCc1ccc(-c2cnc3[nH]ncc3c2)cc1)c1c2ccconcc1-2
O=C(NCc1ccc(-c2cnc3[nH]ncc3c2)cc1)c1c2ccconcc1-2
O=C(NCc1ccc(-c2cnc3[nH]ncc3c2)cc1)c1c2ccconcc1-2
O=C(NCc1ccc(-c2cnc3[nH]ncc3c2)cc1)c1c2ccconcc1-2
O=C(NCc1ccc(-c2cnc3[nH]ncc3c2)cc1)C1=C2C=NOC=CC21
O=C(NCc1ccc(-c2cnc3[nH]ncc3c2)cc1)C1=C2CC=NOC=CC21
O=C(NCc1ccc(-c2cnc3[nH]ncc3c2)cc1)C1=C(c2cnoc2)C1
O=C(NCc1ccc(-c2cnc3[nH]ncc3c2)cc1)C1=C(c2cnoc2)CC1
O=C(NCc1ccc(-c2cnc3[nH]ncc3c2)cc1)C1=C(c2cnoc2)CC1
O=C(NCc1ccc(-c2cnc3[nH]ncc3c2)cc1)C1=C(c2cnoc2)CC1
O=C(NCc1ccc(-c2cnc3[nH]ncc3c2)cc1)C1=C(c2cnoc2)CC1
C=C1CC(C(=O)NCc2ccc(-c3cnc4[nH]ncc4c3)cc2)=C1c1cnoc1
O=C(NCc1ccc(-c2cnc3[nH]ncc3c2)cc1)C1=C(c2cnoc2)C2=CC21
O=C(NCc1ccc(-c2cnc3[nH]ncc3c2)cc1)C1=C(c2cnoc2)C=C1
O=C(NCc1ccc(Cc2cnc3[nH]ncc3c2)cc1)C1=C(c2cnoc2)C=C1
O=C(NCc1ccc(Cc2cnc3[nH]ncc3c2)cc1)C1=CC=C1c1cnoc1
O=C(NCc1ccc(Cc2cnc3[nH]ncc3c2)cc1)C1=CC=C1c1cnoc1
O=C(NCc1ccc(Cc2cnc3[nH]ncc3c2)cc1)C1=CC=C1c1cnoc1
O=C(NCc1ccc(Cc2cnc3[nH]ncc3c2)cc1)C1=CC=C1c1cnoc1
O=C(NCc1ccc(Cc2cnc3[nH]ncc3c2)cc1)C1=CC=C1c1cnoc1
O=C(NCc1ccc(-c2cnc3[nH]ncc3c2)cc1)C1=CC=C1c1cnoc1
O=C(NCc1ccc(-c2cnc3[nH]ncc3c2)cc1)C1=CCC=C1c1cnoc1
O=C(NCc1ccc(-c2cnc3[nH]ncc3c2)cc1)C1=CCC=C1c1cnoc1
O=C(NCc1ccc(-c2cnc3[nH]ncc3c2)cc1)C1=CCC=C1c1cnoc1
O=C(NCc1ccc(-c2cnc3[nH]ncc3c2)cc1)C1=CCC=C1c1cnoc1
O=C(NCc1ccc(-c2cnc3[nH]ncc3c2)cc1)C1=CCCC=C1c1cnoc1
O=C(NCc1ccc(-c2cnc3[nH]ncc3c2)cc1)C1=CCCC=C1c1cnoc1
O=C(NCc1ccc(-c2cnc3[nH]ncc3c2)cc1)C1=CCCC=C1c1cnoc1
O=C(NCc1ccc(-c2cnc3[nH]ncc3c2)cc1)C1=CCCC=C1c1cnoc1
O=C(NCc1ccc(-c2cnc3[nH]ncc3c2)cc1)c1ccccc1-c1cnoc1
O=C(NCc1ccc(-c2cnc3[nH]ncc3c2)cc1)c1ccccc1-c1cnoc1
O=C(NCc1ccc(-c2cnc3[nH]ncc3c2)cc1)c1ccccc1-c1cnoc1
O=C(NCc1ccc(-c2cnc3[nH]ncc3c2)cc1)c1ccccc1-c1cnoc1
O=C(NCc1ccc(-c2cnc3[nH]ncc3c2)cc1)c1ccccc1-c1cnoc1
O=C(NCc1ccc(-c2cnc3[nH]ncc3c2)cc1)c1ccccc1-c1cnoc1
O=C(NCc1ccc(-c2cnc3[nH]ncc3c2)cc1)c1ccccc1-c1cnoc1
O=C(NCc1ccc(-c2cnc3[nH]ncc3c2)cc1)c1ccccc1-c1cnoc1
O=C(NCc1ccc(-c2cnc3[nH]ncc3c2)cc1)c1ccccc1-c1cnoc1
O=C(NCc1ccc(-c2cnc3[nH]ncc3c2)cc1)c1ccccc1-c1cnoc1
O=C(NCc1ccc(-c2cnc3[nH]ncc3c2)cc1)c1ccccc1-c1cnoc1
O=C(NCc1ccc(-c2cnc3[nH]ncc3c2)cc1)c1ccccc1-c1cnoc1
O=C(NCc1ccc(-c2cnc3[nH]ncc3c2)cc1)c1cc2c(cc1-c1cnoc1)C2
O=C(NCc1ccc(-c2cnc3[nH]ncc3c2)cc1)c1cc2c(cc1-c1cnoc1)C2
O=C(NCc1ccc(-c2cnc3[nH]ncc3c2)cc1)c1cc2c(cc1-c1cnoc1)C2
O=C(NCc1ccc(-c2cnc3[nH]ncc3c2)cc1)c1cc2c(cc1-c1cnoc1)C2
O=C(NCc1ccc(-c2cnc3[nH]ncc3c2)cc1)c1cc2c(cc1-c1cnoc1)C2
O=C(NCc1ccc(-c2cnc3[nH]ncc3c2)cc1)c1cc2c(cc1-c1cnoc1)C2
O=C(NCc1ccc(-c2cnc3[nH]ncc3c2)cc1)c1cc2c(cc1-c1cnoc1)C2
O=C(NCc1ccc(-c2cnc3[nH]ncc3c2)cc1)c1ccccc1-c1cnoc1
O=C(NCc1ccc(-c2cnc3[nH]ncc3c2)cc1)c1cccc(-c2cnoc2)c1
O=C(NCc1ccc(-c2cnc3[nH]ncc3c2)cc1)c1cccc(-c2cnoc2)c1
O=C(NCc1ccc(-c2cnc3[nH]ncc3c2)cc1)c1cccc(-c2cnoc2)c1
O=C(NCc1ccc(-c2cnc3[nH]ncc3c2)cc1)c1cccc(-c2cnoc2)c1
O=C(NCc1ccc(-c2cnc3[nH]ncc3c2)cc1)c1cccc(-c2cnoc2)c1
O=C(NCc1ccc(-c2cnc3[nH]ncc3c2)cc1)c1cccc(-c2cnoc2)c1
O=C(NCc1ccc(-c2cnc3[nH]ncc3c2)cc1)c1cccc(-c2cnoc2)c1
O=C(NCc1ccc(-c2cnc3[nH]ncc3c2)cc1)c1cccc(-c2cnoc2)c1
O=C(NCc1ccc(-c2cnc3[nH]ncc3c2)cc1)c1cccc(-c2cnoc2)c1
O=C(NCc1ccc(-c2cnc3[nH]ncc3c2)cc1)c1cccc(-c2cnoc2)c1
O=C(NCc1ccc(-c2cnc3[nH]ncc3c2)cc1)c1cccc(-c2cnoc2)c1
O=C(NCc1ccc(-c2cnc3[nH]ncc3c2)cc1)c1cccc(-c2cnoc2)c1
O=C(NCc1ccc(-c2cnc3[nH]ncc3c2)cc1)c1cccc(-c2cnoc2)c1
O=C(NCc1ccc(-c2cnc3[nH]ncc3c2)cc1)c1cccc(-c2cnoc2)c1
O=C(NCc1ccc(-c2cnc3[nH]ncc3c2)cc1)c1cccc(-c2cnoc2)c1
O=C(NCc1ccc(Cc2cnc3[nH]ncc3c2)cc1)c1cccc(-c2cnoc2)c1
O=C(NCc1ccc(Cc2cnc3[nH]ncc3c2)cc1)c1cncc(-c2cnoc2)c1
O=C(NCc1ccc(Cc2cnc3[nH]ncc3c2)cc1)c1cncc(-c2cnoc2)c1
O=C(NCc1ccc(Cc2cnc3[nH]ncc3c2)cc1)c1cncc(-c2cnoc2)c1
O=C(NCc1ccc(Cc2cnc3[nH]ncc3c2)cc1)c1cncc(-c2cnoc2)c1
O=C(NCc1ccc(Cc2cnc3[nH]ncc3c2)cc1)c1cccc(-c2cnoc2)c1
O=C(Cc1ccc(-c2cnoc2)cc1)NCc1ccc(Cc2cnc3[nH]ncc3c2)cc1
O=C(Cc1ccc(-c2cnoc2)cc1)NCc1ccc(Cc2cnc3[nH]ncc3c2)cc1
O=C(NCc1ccc(Cc2cnc3[nH]ncc3c2)cc1)NCc1ccc(-c2cnoc2)cc1
O=C(NCc1ccc(-c2cnoc2)cc1)c1ccccc1Cc1cnc2[nH]ncc2c1
O=C(NCc1ccc(-c2cnoc2)cc1)c1ccccc1Cc1cnc2[nH]ncc2c1
O=C(NCc1ccc(-c2cnoc2)cc1)c1ccccc1-c1cnc2[nH]ncc2c1
C=C(CC(=O)NCc1ccc(-c2cnoc2)cc1)c1cnc2[nH]ncc2c1
C=C(CC(=O)NCc1ccc(-c2cnoc2)cc1)c1cnc2[nH]ncc2c1
C=C(CC(=O)NCc1ccc(-c2cnoc2)cc1)c1cnc2[nH]ncc2c1
C=C(CC(=O)NCc1ccc(-c2cnoc2)cc1)c1cnc2[nH]ncc2c1
C=C(C(=O)NCc1ccc(-c2cnoc2)cc1)c1cnc2[nH]ncc2c1
N=C(C(=O)NCc1ccc(-c2cnoc2)cc1)c1cnc2[nH]ncc2c1
N=C(C(=O)NCc1ccc(-c2cnoc2)cc1)c1cnc2[nH]ncc2c1
O=C(Cc1cnc2[nH]ncc2c1)NCc1ccc(-c2cnoc2)cc1
O=C(NCc1ccc(-c2cnoc2)cc1)c1cnc2[nH]ncc2c1
O=C(NCC(Oc1ccc2c(cnn2-c2ccccc2)c1)c1ccccc1)c1nnco1
O=C(NCC(Oc1ccc2c(cnn2-c2ccccc2)c1)c1ccccc1)c1nnco1
O=C(NCC(Oc1ccc2c(cnn2-c2ccccc2)c1)c1cccnc1)c1nnco1
O=C(NCC(Oc1ccc2c(c1)CNN2c1ccccc1)c1cccnc1)c1nnco1
O=C(NCC(Oc1ccc2c(c1)CNN2c1ccccc1)c1cccnc1)c1nnco1
O=C(NCC(Oc1ccc2c(c1)CNN2c1ccccc1)c1cccnc1)c1nnco1
O=C(NCC(Oc1ccc2c3c1CCC3NN2c1ccccc1)c1cccnc1)c1nnco1
O=C(NCCc1cnccc1Oc1ccc2c3c1CCC3NN2c1ccccc1)c1nnco1
c1ccc(N2NC3CCc4c(Oc5ccncc5)ccc2c43)cc1
c1ccc(N2NC3CCc4c(Oc5ccncc5)ccc2c43)cc1
c1ccc(N2NC3CCc4c(Oc5ccncc5)ccc2c43)cc1
c1ccc(N2NC3CCc4c(Oc5ccncc5)ccc2c43)cc1
c1ccc(N2NC3CCc4c(Oc5ccncc5)ccc2c43)cc1
c1ccc(N2NC3CCc4c(Oc5ccncc5)ccc2c43)cc1
c1ccc(N2NC3CCc4c(Oc5ccncc5)ccc2c43)cc1
c1ccc(N2NC3CCc4c(Oc5ccncc5)ccc2c43)cc1
c1ccc(N2NC3CCc4c(OCc5ccncc5)ccc2c43)cc1
c1ccc(N2NC3CCc4c(OCc5ccncc5)ccc2c43)cc1
c1ccc(N2NC3CCc4c(OCc5ccncc5)ccc2c43)cc1
O=C(CNc1cnccc1COc1ccc2c3c1CCC3NN2c1ccccc1)N1CC1
O=C(CNc1cnccc1COc1ccc2c3c1CCC3NN2c1ccccc1)N1CC1
O=C(CNc1cnccc1COc1ccc2c3c1CCC3NN2c1ccccc1)C1CC1
O=C(CNc1cnccc1COc1ccc2c3c1CCC3NN2c1ccccc1)C1CCC1
O=C(CNc1cnccc1COc1ccc2c3c1CCC3NN2c1ccccc1)C1CCCC1
O=C(CNc1cnccc1COc1ccc(Nc2ccccc2)c2c1CC1NC21)C1CCCC1
O=C(CNc1cnccc1COc1ccc(Nc2ccccc2)c2c1CC1=C2N1)C1CCCC1
O=C(CNc1cnccc1COc1ccc(Nc2ccccc2)c2c1CC1=C2N1)C1CCCCC1
O=C(CNc1cnccc1COc1ccc(Nc2ccccc2)c2c3[nH]c=3c12)C1CCCCC1
O=C(CNc1cnccc1COc1ccc(Nc2ccccc2)c2c3[nH]c=3c12)C1CCCCCC1
O=C(CCNc1cnccc1COc1ccc(Nc2ccccc2)c2c3[nH]c=3c12)C1CCCCCC1
O=C(CCNc1cnccc1COc1ccc(Nc2ccccc2)c2c3[nH]c=3c12)C1CCCCC1
c1ccc(Nc2ccc(OCc3ccncc3NCCCC3CCCCC3)c3c4[nH]c=4c23)cc1
c1ccc(Nc2ccc(OCc3ccncc3NCCCC3CCCCC3)c3c4[nH]c=4c23)cc1
c1ccc(Nc2ccc(OCc3ccncc3NCCC3CCCCC3)c3c4[nH]c=4c23)cc1
c1ccc(Nc2ccc(OCc3ccncc3CCCC3CCCCC3)c3c4[nH]c=4c23)cc1
c1ccc(Nc2ccc(OCc3ccncc3CCCC3CCCC3)c3c4[nH]c=4c23)cc1
c1ccc(Nc2ccc(OCc3ccncc3CCCCC3CCCC3)c3c4[nH]c=4c23)cc1
c1ccc(Nc2ccc(OCc3ccncc3CCCC3CCCC3)c3c4[nH]c=4c23)cc1
c1ccc(Nc2ccc(OCc3ccncc3CCCC3CCC3)c3c4[nH]c=4c23)cc1
c1ccc(Nc2ccc(OCc3ccncc3CCCC3CCC3)c3c4[nH]c=4c23)cc1
c1ccc(Nc2ccc(OCc3ccncc3CCCC3CCC3)c3c2CNC3)cc1
c1ccc(Nc2ccc(OCc3ccncc3CCCC3CCCC3)c3c2CNC3)cc1
c1ccc(Nc2ccc(Oc3ccncc3CCCC3CCCC3)c3c2CNC3)cc1
c1ccc(Nc2ccc(Oc3ccncc3CCCC3CCCC3)c3c2CN3)cc1
c1ccc(Nc2ccc(Oc3ccncc3CCCC3CCCC3)c3c2N3)cc1
c1ccc(Nc2ccc(Cc3ccncc3CCCC3CCCC3)c3c2N3)cc1
c1ccc(Cc2ccc(Cc3ccncc3CCCC3CCCC3)c3c2N3)cc1
c1ccc(Cc2ccc(Cc3ccncc3CCCC3CCCCC3)c3c2N3)cc1
c1ccc(Cc2ccc(-c3ccncc3CCCC3CCCCC3)c3c2N3)cc1
c1ccc(-c2ccc(-c3ccncc3CCCC3CCCCC3)c3c2N3)cc1
C1=C(c2ccccc2)C2=C(N2)C=1c1ccncc1CCCC1CCCCC1
c1ccc(-c2c(-c3ccncc3CCCC3CCCCC3)c3[nH]c2=3)cc1
c1ccc(-c2c(-c3ccncc3CCCC3CCCCC3)c3[nH]c2=3)cc1
c1ccc(-c2c(-c3ccncc3CCCC3CCCCC3)c3[nH]c2=3)cc1
c1ccc(-c2c(-c3ccncc3CCCC3CCCCC3)c3[nH]c2=3)cc1
c1ccc(-c2c(-c3ccncc3CCCC3CCCC3)c3[nH]c2=3)cc1
c1ccc(C2(c3ccncc3CCCC3CCCC3)C3=C2N3)cc1
c1ccc(C2(c3ccncc3CCCC3CCCC3)C3=C2N3)cc1
c1ccc(CCC(CCc2cnccc2C2C3=C2N3)C2CCCC2)cc1
c1ccc(CCC(CCc2cnccc2C2C3=C2N3)C2CCCC2)cc1
c1ccc(CCC(CCc2cnccc2C2C3=C2N3)C2CCCC2)cc1
C1=C(Cc2ccncc2CCC(CCc2ccccc2)C2CCCC2)N1
C1=C(Cc2ccncc2CCC(CCc2ccccc2)C2CCCC2)N1
c1ccc(CCC(CC2=C(Cc3ccncc3)N2)C2CCCC2)cc1
c1ccc(CCC(CC2=C(Cc3ccncc3)N2)C2CCCC2)cc1
C1=C(CC(CCc2ccccc2)C2CCCC2)NCCc2ccncc2C1
C1=C(CC(CCc2ccccc2)C2CCCC2)NCc2ccncc2C1
C1=C(CC(CCc2ccccc2)C2CCCC2)Nc2ccncc2C1
C1=C(CC(CCc2ccccc2)C2CCCC2)Nc2ccncc2C1
C1=C(CC(CCc2ccccc2)C2CCCC2)Nc2ccncc2C1
C1=C(CC(CCc2ccccc2)C2CCCC2)Nc2ccncc2C1
C1=C(CC(CCc2ccccc2)C2CCCC2)Nc2ccncc2C1
c1ccc(CCC(Cc2cc3cnccc3[nH]2)C2CCCC2)cc1
c1ccc(CCC(Cc2cc3cnccc3[nH]2)C2CCCCC2)cc1
c1ccc(CCC(Cc2cc3ccccc3[nH]2)C2CCCCC2)cc1
c1ccc(CCC(Cc2cc3ccccc3[nH]2)C2CCCCC2)cc1
c1ccc(CCC(Cc2cc3ccccc3[nH]2)C2CCCCCC2)cc1
c1ccc(CCCC(Cc2cc3ccccc3[nH]2)C2CCCCCC2)cc1
c1ccc(CCCC(Cc2cc3ccccc3[nH]2)C2CCCCC2)cc1
c1ccc(CCCC(Cc2cc3ccncc3[nH]2)C2CCCCC2)cc1
c1ccc(CCC(Cc2cc3ccncc3[nH]2)C2CCCCC2)cc1
c1ccc(CCC(Cc2cc3ccncc3[nH]2)C2CCCC2)cc1
O=C(NCC(Oc1ccc2c(cnn2-c2ccccc2)c1)c1ccccc1)c1nnco1
O=C(NCCc1ccccc1-c1ccc2c(cnn2-c2ccccc2)c1)c1nnco1
O=C(c1nnco1)N1CCc2c(-c3ccc4c(cnn4-c4ccccc4)c3)cccc21
O=C(c1nnco1)N1CCc2c(-c3ccc(Nc4ccccc4)cc3)cccc21
O=C(c1nnco1)N1CCc2c(-c3ccc(Nc4ccccc4)cc3)cccc21
O=C(c1nnco1)N1CCc2c(-c3ccc(Nc4ccccc4)cc3)cccc21
O=C(c1nnco1)N1CCc2c(-c3ccc4[nH]c5ccccc5c4c3)cccc21
c1cc2c(c(-c3ccc4[nH]c5ccccc5c4c3)c1)CCN2
c1cc2c(c(-c3ccc4[nH]c5ccccc5c4c3)c1)CCN2
c1cc2c(c(-c3ccc4[nH]c5ccccc5c4c3)c1)CCN2
c1cc2c(c(-c3ccc4[nH]c5ccccc5c4c3)c1)CCN2
c1cc2c(c(-c3ccc4[nH]c5ccccc5c4c3)c1)CCN2
c1cc2c(c(-c3ccc4[nH]c5ccccc5c4c3)c1)CCN2
c1cc2c(c(-c3ccc4[nH]c5ccccc5c4c3)c1)CCN2
c1cc2c(c(-c3ccc4[nH]c5ccccc5c4c3)c1)CCN2
O=C(N1CC1)N1CCc2c(-c3ccc4[nH]c5ccccc5c4c3)cccc21
O=C(N1CC1)N1CCc2c(-c3ccc4[nH]ccc5ccc-5c4c3)cccc21
c1cc2c(c(-c3ccc4[nH]ccc5ccc-5c4c3)c1)CCN2
c1cc2c(c(-c3ccc4[nH]ccc5ccc-5c4c3)c1)CCN2
c1cc2c(c(-c3ccc4[nH]ccc5ccc-5c4c3)c1)CCN2
c1cc2c(c(-c3ccc4[nH]ccc5ccc-5c4c3)c1)CCN2
c1cc2c(c(-c3ccc4[nH]ccc5ccc-5c4c3)c1)CCN2
c1cc2c(c(-c3ccc4[nH]ccc5ccc-5c4c3)c1)CCN2
c1cc2c(c(-c3ccc4[nH]ccc5cc-5cc4c3)c1)CCN2
c1cc2c(c(-c3ccc4[nH]ccc5cc-5cc4c3)c1)CCN2
c1cc(-c2ccc3[nH]ccc4cc-4cc3c2)c2c(c1)N1CCC1C2
c1cc(-c2ccc3[nH]ccc4cc-4cc3c2)c2c(c1)N1CCC1C2
c1cc(-c2ccc3[nH]ccc4cc-4cc3c2)c2c(c1)N1CCCC1C2
c1cc2c(c(-c3ccc4[nH]ccc5cc-5cc4c3)c1)CCCCCN2
c1cc2c(c(-c3ccc4[nH]ccc5cc-5cc4c3)c1)CCCCN2
c1cc2c(c(-c3ccc4[nH]ccc5cc-5cc4c3)c1)CCCCN2
c1cc2c(c(-c3ccc4[nH]ccc5cc-5cc4c3)c1)CCCCN2
c1cc2c(c(-c3ccc4[nH]ccc5cc-5cc4c3)c1)CCCN2
c1cc2c(c(-c3ccc4[nH]ccc5cc-5cc4c3)c1)CCCN2
c1cc2c(c(-c3ccc4[nH]ccc5cc-5cc4c3)c1)CCCN2
c1cc2c(c(-c3ccc4[nH]ccc5cc-5cc4c3)c1)CCCN2
c1cc2c(c(-c3ccc4[nH]ccc5cc-5cc4c3)c1)CCCN2
c1cc2c(c(-c3ccc4[nH]ccc5cc-5cc4c3)c1)CCN2
c1cc2c(c(-c3ccc4[nH]ccc5cc-5cc4c3)c1)CCN2
c1cc2c(c(-c3ccc4[nH]ccc5cc-5cc4c3)c1)CCN2
c1cc2c(c(-c3ccc4[nH]ccc5cc-5cc4c3)c1)CCC2
c1cc2c(c(-c3ccc4[nH]ccc5cc-5cc4c3)c1)CC2
c1cc2c(c(-c3ccc4[nH]ccc5cc-5cc4c3)c1)CC2
c1cc2c(c(-c3ccc4[nH]ccc5cc-5cc4c3)c1)CC2
c1cc2c(c(-c3ccc4[nH]ccc5cc-5cc4c3)c1)CCC2
c1cc2c(c(-c3ccc4[nH]ccc5cc-5cc4c3)c1)CCC2
c1cc2c(c(-c3ccc4[nH]ccc5cc-5cc4c3)c1)CCCC2
c1cc2c(c(-c3ccc4[nH]ccc5cc-5cc4c3)c1)CCCC2
c1cc2c(c(-c3ccc4[nH]ccc5nc-5cc4c3)c1)CCCC2
c1cc2c(c(-c3ccc4[nH]ccc5nc-5cc4c3)c1)CCCCC2
c1cc2c(c(-c3ccc4[nH]ccc5nc-5cc4c3)c1)CCCC2
c1cc2c(c(-c3ccc4[nH]ccc5nc-5cc4c3)c1)CCCC2
c1cc2c(c(-c3ccc4[nH]ccc5cc-5cc4c3)c1)CCCC2
c1cc2c(c(-c3ccc4[nH]ccc5cc-5cc4c3)c1)CCCCC2
c1cc2c(c(-c3ccc4[nH]ccc5cc-5cc4c3)c1)CCCCCC2
c1cc2c(c(-c3ccc4[nH]ccc5cc-5cc4c3)c1)CCCCCC2
C1=CNc2ccc(-c3cccc4c3CCCCCC4)cc2C=CC1
C1=CNc2ccc(-c3cccc4c3CCCCCC4)cc2C=C1
C1=CNc2ccc(-c3cccc4c3CCCCCC4)cc2C1
C1=CNc2ccc(-c3cccc4c3CCCCCC4)cc2C1
C1=CNc2ccc(-c3cccc4c3CCCCC4)cc2C1
C1=CNc2ccc(-c3cccc4c3CCCCC4)cc2C1
c1cc2c(c(-c3ccc4[nH]ccc4c3)c1)CCCCC2
c1cc2c(c(-c3ccc4[nH]ccc4c3)c1)CCCCC2
c1cc2c(c(-c3ccc4[nH]ccc4c3)c1)CCCCC2
c1cc2c(c(-c3ccc4[nH]ccc4c3)c1)CCCCC2
c1cc2c(c(-c3ccc4[nH]ccc4c3)c1)CCCCC2
c1cc2c(c(-c3ccc4[nH]ccc4c3)c1)CCCC2
c1cc2c(c(-c3ccc4[nH]ccc4c3)c1)CCCC2
c1cc2c(c(-c3ccc4[nH]ccc4c3)c1)CCCC2
c1cc2c(c(-c3ccc4[nH]ccc4c3)c1)CCCCC2
c1cc2c(c(-c3ccc4[nH]ccc4c3)c1)CCCC2
C1=Cc2cccc(-c3ccc4[nH]ccc4c3)c2CC1
C1=Cc2cccc(-c3ccc4[nH]ccc4c3)c2C1
C1=Cc2cccc(-c3ccc4[nH]ccc4c3)c2C1
C1=Cc2cccc(-c3ccc4[nH]ccc4c3)c2C1
C1=Cc2cccc(-c3ccc4[nH]ccc4c3)c2NC1
c1cc(-c2ccc3[nH]ccc3c2)c2[nH]ccc2c1
c1cc(-c2ccc3[nH]ccc3c2)c2[nH]ccc2c1
c1cc(-c2ccc3c(c2)CCN3)c2[nH]ccc2c1
c1cc(-c2ccc3c(c2)CCN3)c2[nH]ccc2c1
c1cc(-c2ccc3c(c2)CCN3)c2[nH]ccc2c1
c1cc(-c2ccc3c(c2)CCCN3)c2[nH]ccc2c1
c1cc(-c2ccc3c(c2)CCCN3)c2[nH]ccc2c1
c1cc(-c2ccc3c(c2)CCCN3)c2[nH]ccc2c1
c1cc(-c2ccc3c(c2)CCCN3)c2[nH]ccc2c1
c1cc(-c2ccc3c(c2)CCCN3)c2[nH]ccc2c1
O=C(NCC(Oc1ccc2c(cnn2-c2ccccc2)c1)c1ccccc1)c1nnco1
O=C(NCC(Oc1ccc2c(cnn2-c2ccccc2)c1)c1ccccc1)c1nnco1
O=C(NCC(Oc1ccc2c(cnn2-c2ccccc2)c1)C1=CCCC=C1)c1nnco1
O=C(NCC(Oc1ccc2c(cnn2-c2ccccc2)c1)C1=CCCC1)c1nnco1
O=C(NCC(Oc1ccc2c(cnn2-c2ccccc2)c1)C1CCC1)c1nnco1
O=C(c1nnco1)N1CC(C2CCC2)Oc2cc3cnn(-c4ccccc4)c3cc21
O=C(c1nnco1)N1CC(C2CCC2)Oc2cc3cnn(-c4ccccc4)c3cc21
O=C(c1nnco1)C1CC(C2CCC2)Oc2cc3cnn(-c4ccccc4)c3cc21
O=C(c1nnco1)C1c2cc3c(cnn3-c3ccccc3)cc2OC1C1CCC1
O=C(c1nnco1)C1c2cc3c(cnn3-c3ccccc3)cc2CC1C1CCC1
O=C(c1nnco1)C1c2cc3c(cnn3-c3ccccc3)cc2CC1C1CCC1
O=C(c1nnco1)C1c2cc3c(cnn3-c3ccccc3)cc2CCC1C1CCC1
O=C(c1nnco1)C1c2cc3c(cnn3-c3ccccc3)cc2CCC1C1CCC1
O=C(c1nnco1)C1c2cc3c(cnn3-c3ccccc3)cc2CCC1C1CCC1
c1ccc(-n2ncc3cc4c(cc32)CC(C2CCC2)CC4)cc1
c1ccc(-n2ncc3cc4c(cc32)CC(C2CCC2)CC4)cc1
c1ccc(-n2ncc3cc4c(cc32)CC(C2CCC2)CC4)cc1
c1ccc(-n2ncc3cc4c(cc32)CC(C2CCC2)CC4)cc1
c1ccc(-n2ncc3cc4c(cc32)CC(C2CCC2)CC4)cc1
c1ccc(-n2ncc3cc4c(cc32)CC(C2CCC2)CC4)cc1
c1ccc(-n2ncc3cc4c(cc32)C2CC3CCC3C2CC4)cc1
c1ccc(-n2ncc3cc4c(cc32)C2CC3CCC3C2CC4)cc1
c1ccc(-n2ncc3cc4c(cc32)CC2CC3CCC3C2CC4)cc1
c1ccc(-n2ncc3cc4c(cc32)CC2CC3CCC3C2CC4)cc1
c1ccc(-n2ncc3c4c(ccc32)CCC2C(C4)CC3CCC32)cc1
c1ccc(-n2ncc3c4c(ccc32)CCC2C(C4)CC3CCC32)cc1
c1ccc(-n2ncc3c4c(ccc32)CCC2C3CCC3C2C4)cc1
c1ccc(-n2ncc3c4c(ccc32)CCC2C3CCC3C2C4)cc1
C1=C(c2cnn(-c3ccccc3)c2)CC2C(CC1)C1CCC12
C1=C(c2cnn(-c3ccccc3)c2)CC2C(CCC1)C1CCC12
c1ccc(-n2cc(C3CCCC4C5CCC5C4C3)cn2)cc1
c1ccc(-n2cc(C3CCCC4C5CCC5C4C3)cn2)cc1
c1ccc(-n2cc(C3CCC4C5CCC5C4C3)cn2)cc1
c1ccc(-n2cc(CC3CCC4C5CCC5C4C3)cn2)cc1
c1ccc(-n2ncc3c2CCCC2C(CCC4C5CCC5C24)C3)cc1
c1ccc(-n2ncc3c2CCCC2C(CCC4C5CCC5C24)C3)cc1
c1ccc(-n2ncc3c2CCCC2C(CCC4C5CCC5C24)C3)cc1
c1ccc(-n2ncc3c2CCC2C(CCC4C5CCC5C24)C3)cc1
c1ccc(-n2ncc3c2CCC2C(CC3)CCC3C4CCC4C23)cc1
c1ccc(-n2ncc3c2CCC2C(CC3)CC3C4CCC4C23)cc1
c1ccc(-n2ncc3c2CC2C(CC3)CC3C4CCC4C23)cc1
c1ccc(-n2ncc3c2CC2C(CC3)CC3C4CCC4C23)cc1
c1ccc(-n2ncc3c2CC2C(CC3)C3C4CCC4C23)cc1
c1ccc(-n2ncc3c2CC2C(CC3)C3C4CCC4C23)cc1
C1=C2C(CCc3cnn(-c4ccccc4)c31)C1C3CCC3C21
C1=C2C(CCc3cnn(-c4ccccc4)c31)C1C3CCC3C21
C1=C2C(CCc3cnn(-c4ccccc4)c31)C1C3CCC3C21
C1=C2CC3C4CCC4C3C2CCc2cnn(-c3ccccc3)c21
C1=C2CC3C4CCC4C3C2Cc2cnn(-c3ccccc3)c21
C1=C2CCC3C4CCC4C3C2Cc2cnn(-c3ccccc3)c21
C1=C2CCC3CC4CCC4C3C2Cc2cnn(-c3ccccc3)c21
C1=C2CCCC(C3C4CC43)C2Cc2cnn(-c3ccccc3)c21
C1=C2CCCC(C3C4CC43)C2Cc2cnn(-c3ccccc3)c21
C1=C2CCCC(C3CC4CC43)C2Cc2cnn(-c3ccccc3)c21
C1=C2CCCC(C3CC4CCC43)C2Cc2cnn(-c3ccccc3)c21
C1=C2CCCCC(C3CC4CCC43)C2Cc2cnn(-c3ccccc3)c21
C1=C2CCCCC(C3CCC4CCC43)C2Cc2cnn(-c3ccccc3)c21
C1=C2CCCC(C3CCC4CCC43)C2Cc2cnn(-c3ccccc3)c21
C1=C2CCCC(C3CCC4CCC43)C2Cc2cnn(-c3ccccc3)c21
C1=C2CCCC(C3CCC4CCC43)C2Cc2cnn(-c3ccccc3)c21
C1=C2CCCC(C3CCCC3)C2Cc2cnn(-c3ccccc3)c21
C1=C2CCC3CC4CCCC4C3C2Cc2cnn(-c3ccccc3)c21
C1=C2CCC3C4CCCC4C3C2Cc2cnn(-c3ccccc3)c21
C1=C2CCC3C4CCC4C3C2Cc2cnn(-c3ccccc3)c21
C1=C2CCC3C4CC4C3C2Cc2cnn(-c3ccccc3)c21
C1=C2CCC3C4CC4C3C2Cc2cnn(-c3ccccc3)c21
C1=C2CCC3C4CC4C3C2Cc2cnn(-c3ccccc3)c21
C1=C2CCC3C4CCC4C3C2Cc2cnn(-c3ccccc3)c21
C1=C2CCC3C4CCC4CC3C2Cc2cnn(-c3ccccc3)c21
C1=C2CCCC3C4CCC4CC3C2Cc2cnn(-c3ccccc3)c21
C1=C2CCCC3C4CCCC4CC3C2Cc2cnn(-c3ccccc3)c21
C1=C2CCCC3C4CCCC4CC3C2CCc2cnn(-c3ccccc3)c21
C1=C2CCCC3C4CCCC4CC3C2CCc2cnn(-c3ccccc3)c21
C1=C2CCC3C4CCCC4CC3C2CCc2cnn(-c3ccccc3)c21
C1=C2CCC3C4CCCC4CC3C2CCc2cnn(-c3ccccc3)c21
C1=C2CCC3C4CCCC4CCC3C2CCc2cnn(-c3ccccc3)c21
C1=C2CCC3C4CCCC4CCC3C2Cc2cnn(-c3ccccc3)c21
C1=C2CCC3C4CCCC4CCC3C2Cc2cnn(-c3ccccc3)c21
C1=C2CCC3C4CCCC4CCC3C2Cc2cnn(-c3ccccc3)c21
C1=C2CCC3C4CCCC4CCC3C2Cc2cnn(-c3ccccc3)c21
C1=C2CCC3C4CCCC4CCC3C2Cc2cnn(-c3ccccc3)c21
C1=C2CCC3C4CCCC4CCC3C2Cc2cnn(-c3ccccc3)c21
O=C(NCC(Oc1ccc2c(cnn2-c2ccccc2)c1)c1ccccc1)c1nnco1
O=C(NCC(Oc1ccc2c(cnn2C2=CC=CC2)c1)c1ccccc1)c1nnco1
O=C(NCC(Oc1ccc2c(cnn2-c2cccs2)c1)c1ccccc1)c1nnco1
c1ccc(COc2ccc3c(cnn3-c3cccs3)c2)cc1
c1ccc(COc2ccc3c(cnn3-c3cccs3)c2)cc1
c1ccc(COc2ccc3c(cnn3-c3cccs3)c2)cc1
c1ccc(COc2ccc3c(cnn3-c3cccs3)c2)cc1
c1ccc(COc2ccc3c(cnn3-c3cccs3)c2)cc1
c1ccc(COc2ccc3c(cnn3-c3cccs3)c2)cc1
c1ccc(COc2ccc3c(cnn3-c3ccns3)c2)cc1
c1ccc(COc2ccc3c(cnn3-c3ccns3)c2)cc1
c1ccc(COc2ccc3c(cnn3-c3ccns3)c2)cc1
c1ccc(COc2ccc3c(cnn3-c3ccns3)c2)cc1
c1ccc(COc2ccc3c(cnn3-c3ccns3)c2)cc1
c1ccc(COc2ccc3c(cnn3-c3ccns3)c2)cc1
c1ccc(COc2ccc3c(cnn3-c3ccns3)c2)cc1
c1ccc(COc2ccc3c(cnn3-c3ccns3)c2)cc1
c1ccc(COc2ccc3c(cnn3-c3ccns3)c2)cc1
c1ccc(COc2ccc3c(cnn3-c3ccns3)c2)cc1
c1ccc(COc2ccc3c(cnn3-c3ccns3)c2)cc1
c1ccc(COc2ccc3c(cnn3-c3ccns3)c2)cc1
O=C(NCC(Oc1ccc2c(cnn2-c2ccccc2)c1)c1ccccc1)c1nnco1
c1ccc(COc2ccc3c(cnn3-c3ccccc3)c2)cc1
O=C(C=NNOc1ccc2c(cnn2-c2ccccc2)c1)NCCc1ccccc1
O=C(C=NNOc1ccc2c(cnn2-c2ccccc2)c1)N1CCc2ccccc21
O=C(C=NNOc1ccc2c(cnn2-c2ccccc2)c1)N1CCCc2ccccc21
O=C(C=NNOc1ccc2c(cnn2-c2ccccc2)c1)N1CCCc2ccccc21
O=C(C=NNOc1ccc2c(cnn2-c2ccccc2)c1)N1CCCc2ccccc21
O=C(C=NNc1cccc(-n2ncc3ccccc32)c1)N1CCCc2ccccc21
O=C(C=CNc1cccc(-n2ncc3ccccc32)c1)N1CCCc2ccccc21
O=C(C=CNc1cccc(-n2ncc3ccccc32)c1)C1CCCc2ccccc21
O=C(C=CNc1cccc(-n2ncc3ccccc32)c1)C1CCCc2ccccc21
O=C(CCNc1cccc(-n2ncc3ccccc32)c1)C1CCCc2ccccc21
O=C(CCNc1cccc(-n2ncc3ccccc32)c1)C1CCCc2ccccc21
O=C(CCNc1cccc(-n2ncc3ccccc32)c1)C1CCCc2ccccc21
O=C1C(CNc2cccc(-n3ncc4ccccc43)c2)CC2CCc3ccccc3C12
c1cc(NCC2CC3CCc4ccccc4C3C2)cc(-n2ncc3ccccc32)c1
c1cc(NCC2CC3CCc4ccccc4C3C2)cc(-n2ncc3ccccc32)c1
c1cc(NCC2CC3CCc4ccccc4C3C2)cc(-n2ncc3ccccc32)c1
c1cc(NCC2CC3CCc4ccccc4C3C2)cc(-n2ncc3ccccc32)c1
c1ccc2c(c1)CCC1CC(c3ccccc3-n3ncc4ccccc43)CC21
c1ccc2c(c1)CCC1CC(c3ccccc3-n3ncc4ccccc43)CC21
c1ccc2c(c1)CCC1CC(c3ccccc3-n3ncc4ccccc43)CC21
c1ccc2c(c1)CCC1CC(c3ccccc3-n3ncc4ccccc43)CC21
c1ccc2c(c1)CCC1CC(c3ccccc3-n3ncc4ccccc43)CC21
c1ccc2c(c1)CCC1CC(c3ccccc3-n3ncc4ccccc43)CC21
c1ccc2c(c1)CCC1CC(c3ccccc3-n3ncc4ccccc43)CC21
c1ccc2c(c1)CCC1CC(c3ccccc3-n3ncc4cccnc43)CC21
c1ccc(Nc2ccccc2C2CC3CCc4ccccc4C3C2)nc1
c1ccc(Nc2ccccc2C2CC3CCc4ccccc4C3C2)nc1
c1ccc(Nc2ccccc2C2CC3CCc4ccccc4C3C2)nc1
C=C(Nc1ccccn1)C(=C)C1CC2CCc3ccccc3C2C1
C=C(CC1CC2CCc3ccccc3C2C1)Nc1ccccn1
C=C(CC1CC2CCc3ccccc3C2C1)Nc1ccccn1
C=C(CC1CC2CCc3ccccc3C2C1)Nc1ccccn1
c1ccc(NCCC2CC3CCc4ccccc4C3C2)nc1
c1ccc(NCC2CC3CCc4ccccc4C3C2)nc1
c1ccc(NC2CCC3c4ccccc4CCC3C2)nc1
c1ccc(NC2CCC3c4ccccc4CCC3C2)nc1
c1ccc(NC2CCC3c4ccccc4CCC3C2)nc1
c1ccc(NC2CCC3c4ccccc4CCC3C2)nc1
c1ccc(CC2CCC3c4ccccc4CCC3C2)nc1
c1ccc(CC2CCC3c4ccccc4CCC3C2)nc1
c1ccc(CCC2CC3CCc4ccccc4C3C2)nc1
c1ccc(CCC2CC3CCc4ccccc4C3C2)nc1
c1cncc(CCC2CC3CCc4ccccc4C3C2)c1
c1cncc(CCC2CC3CCc4ccccc4C3C2)c1
c1cncc(CCC2CC3CCc4ccccc4C3C2)c1
c1cncc(CCC2CC3CCc4ccccc4C3C2)c1
c1cncc(CC2CC3CCc4ccccc4C3C2)c1
c1ccc2c(c1)CCC1CC(C3CCc4ncccc43)CC21
c1cncc(CC2CC3CCc4ccccc4C3C2)c1
c1cncc(CC2CC3CCc4ccccc4C3C2)c1
c1cncc(CC2CC3CCc4ccccc4C3C2)c1
C=C(CC1CC2CCc3ccccc3C2C1)c1nccs1
c1ccc2c(c1)CCC1CC(CCc3nccs3)CC21
c1ccc2c(c1)CCC1CC(CCc3nccs3)CC21
c1ccc2c(c1)CCC1CC(CCc3nccs3)CC21
c1ccc2c(c1)CCC1CC(CCc3nccs3)CC21
c1ccc2c(c1)CCC1CC(Cc3nccs3)CC21
c1ccc2c(c1)CCC1C(c3nccs3)CCC21
c1ccc2c(c1)CCC1CC(c3nccs3)CCC21
c1ccc2c(c1)CCC1CC(c3nccs3)CCCC21
c1ccc2c(c1)CCC1CC(c3nccs3)CCCC21
c1ccc2c(c1)CCC1CC(c3nccs3)CCCC21
c1ccc2c(c1)CCC1CC(c3nccs3)CCC21
O=C(NCC(Oc1ccc2c(cnn2-c2ccccc2)c1)c1ccccc1)c1nnco1
O=C(CCC(Oc1ccc2c(cnn2-c2ccccc2)c1)c1ccccc1)c1nnco1
O=C(CCC(Oc1ccc2[nH]ncc2c1)c1cccc(-c2ccccc2)c1)c1nnco1
O=C(CCC(Oc1ccc2[nH]ncc2c1)c1cccc(-c2cccnc2)c1)c1nnco1
O=C(CCC(Oc1ccc2[nH]ncc2c1)c1cccc(-c2cccnc2)c1)c1nnco1
O=C(CCC(Oc1ccc2[nH]ncc2c1)c1cccc(-c2cccnc2)c1)c1nnco1
O=C(CCC(Oc1ccc2[nH]ncc2c1)c1cccc(-c2cccnc2)c1)c1cnco1
O=C(CCC(Oc1ccc2[nH]ncc2c1)c1cccc(-c2cccnc2)c1)c1cnco1
O=C(CC(Oc1ccc2[nH]ncc2c1)c1cccc(-c2cccnc2)c1)c1cnco1
O=C(c1cnco1)C(COc1ccc2[nH]ncc2c1)c1cccc(-c2cccnc2)c1
O=C(c1cnco1)C(COc1ccc2[nH]ncc2c1)c1cccc(-c2cccnc2)c1
O=C(Cc1cccc(-c2cccnc2)c1)c1cnc(COc2ccc3[nH]ncc3c2)o1
O=C(Cc1cccc(-c2cccnc2)c1)c1cnc(COc2ccc3[nH]ncc3c2)o1
O=C(Cc1cccc(-c2cccnc2)c1)c1cnc(COc2ccc3[nH]ncc3c2)o1
O=C(Cc1cccc(-c2cccnc2)c1)c1cnc(COc2ccc3[nH]ccc3c2)o1
O=C(Cc1cccc(-c2cccnc2)c1)c1cnc(COc2ccc3[nH]ccc3c2)o1
c1cncc(-c2cccc(CCc3cnc(COc4ccc5[nH]ccc5c4)o3)c2)c1
c1cncc(-c2cccc(CCc3cnc(CNc4ccc5[nH]ccc5c4)o3)c2)c1
c1cncc(-c2cccc(CCc3cnc(Cc4cc5ccccc5[nH]4)o3)c2)c1
c1cncc(-c2cccc(CCc3cnc(Cc4cc5ccccc5[nH]4)o3)c2)c1
c1cncc(-c2cccc(CCC3N=C(Cc4cc5ccccc5[nH]4)O3)c2)c1
c1cncc(-c2cccc(CCC3N=C(Cc4cc5ccccc5[nH]4)O3)c2)c1
c1cncc(-c2cccc(CCCOCCc3cc4ccccc4[nH]3)c2)c1
c1cncc(-c2cccc(CCCCOCCc3cc4ccccc4[nH]3)c2)c1
c1cncc(-c2cccc(CCCCOCc3cc4ccccc4[nH]3)c2)c1
c1cncc(-c2cccc(CCCCOCc3cc4ccncc4[nH]3)c2)c1
c1cncc(-c2cccc(CCCCOCc3cc4ccncc4[nH]3)c2)c1
c1cncc(-c2cccc(CCCCOCc3cc4ccncc4[nH]3)c2)c1
c1cncc(-c2cccc(CCCCOc3cc4ccncc4[nH]3)c2)c1
c1cncc(-c2cccc(CCCCCc3cc4ccncc4[nH]3)c2)c1
c1cncc(-c2cccc(CCCCCc3cc4ccncc4[nH]3)c2)c1
c1cncc(-c2cccc(CCCCc3cc4ccncc4[nH]3)c2)c1
c1cncc(-c2cccc(CCCCc3cc4ccncc4[nH]3)c2)c1
c1cncc(-c2cccc(CCCCc3cc4ccncc4[nH]3)c2)c1
c1cncc(-c2cccc(CCCCc3cc4ccncc4[nH]3)c2)c1
c1cncc(-c2cccc(CCCCc3cc4ccncc4[nH]3)c2)c1
c1cncc(-c2cccc(CCCCc3cc4ccncc4[nH]3)c2)c1
c1cncc(-c2cccc(CCCCc3cc4ccncc4[nH]3)c2)c1
c1cncc(-c2cccc(CCCCc3cc4ccncc4[nH]3)c2)c1
c1cncc(-c2cccc(CCCCc3cc4ccncc4[nH]3)c2)c1
c1cncc(-c2cccc(CCCCc3cc4ccncc4[nH]3)c2)c1
c1cncc(-c2cccc(CCCCc3cc4ccncc4[nH]3)c2)c1
c1cncc(-c2cccc(CCCCc3cc4ccncc4[nH]3)c2)c1
c1cncc(-c2cccc(CCCCc3cc4ccncc4[nH]3)c2)c1
c1cncc(-c2cccc(CCCCc3cc4ccncc4[nH]3)c2)c1
c1cncc(-c2cccc(CCCCc3cc4ccncc4[nH]3)c2)c1
c1cncc(-c2cccc(CCCCc3cc4ccncc4[nH]3)c2)c1
c1cncc(-c2cccc(CCCCc3cc4ccncc4[nH]3)c2)c1
c1cncc(-c2cccc(CCCCc3cc4ccncc4[nH]3)c2)c1
c1cncc(-c2cccc(CCCCCc3cc4ccncc4[nH]3)c2)c1
c1cncc(-c2cccc(CCCCCc3cc4ccncc4[nH]3)c2)c1
c1cncc(-c2cccc(CCCCCc3cc4ccncc4[nH]3)c2)c1
c1cncc(-c2cccc(CCCCc3cc4ccncc4[nH]3)c2)c1
c1cncc(-c2cccc(CCCCc3cc4ccncc4[nH]3)c2)c1
O=C(Nc1cccnc1)c1ccc2c(c1)CCC1C2CCC2CCCC21
O=C(Nc1cccnc1)c1ccc2c(c1)CCC1C2CCC2CCCC21
O=C(Nc1cccnc1)c1ccc2c(c1)CCC1C2CCC2CCCC21
O=C(Nc1cccnc1)c1ccc2c(c1)CCC1C2CCC2CCCC21
O=C(Nc1cccnc1)c1ccc2c(c1)CCC1C2CCC2CCCC21
O=C(Nc1cccnc1)c1ccc2c(c1)CCC1C2CCC2CCCC21
O=C(Nc1cccnc1)c1ccc2c(c1)CCC1C2CCC2CCCC21
O=C(CC1CCC2C1CCC1c3ccccc3CCC12)Nc1cccnc1
O=C(Cc1ccccn1)CC1CCC2C1CCC1c3ccccc3CCC12
O=C(Cc1ccccn1)CC1CCC2C1CCC1c3ccccc3CCC12
O=C(Cc1ccccn1)C1CCC2C1CCC1c3ccccc3CCC12
O=C(Cc1ccccn1)C1CCC2C1CCC1c3c(cc4cc3-4)CCC12
O=C(Cc1ccccn1)C1CCC2C1CCC1c3c(cc4cc3-4)CCC12
O=C(CCc1ccccn1)C1CCC2C1CCC1c3c(cc4cc3-4)CCC12
O=C(CCSc1ccccn1)C1CCC2C1CCC1c3c(cc4cc3-4)CCC12
O=C(CSc1ccccn1)C1CCC2C1CCC1c3c(cc4cc3-4)CCC12
O=C(CSc1ccccn1)C1CCC2C1CCC1c3c(cc4cc3-4)CCC12
O=C(CSc1ccccn1)C1CCC2C1CCC1c3c(cc4cc3-4)CCCC12
O=C(CSc1ccccn1)C1CCC2C1CCC1c3c(cc4cc3-4)CCCC12
O=C(CSc1ccccn1)C1CCC2C1CCC1C(=C3C=C3)CCCCC12
C=C1CCCCC2C1CCC1C(C(=O)CSc3ccccn3)CCC21
C=C1CCCCC2C1CCC1C(C(=O)CSc3ccccn3)CCC21
C=C1CCCC2C1CCC1C(C(=O)CSc3ccccn3)CCC21
C=C1CCCC2C1CCC1C(C(=O)CSc3ccccn3)CCC21
C=C1CCC2C1CCC1C(C(=O)CSc3ccccn3)CCC21
O=C(CSc1ccccn1)C1CCC2C3CCCC3CCC12
O=C(CSc1ccccn1)C1CCC2C3CCCC3CCC12
O=C(CSc1ccccn1)C1CCC2C3CCCC3CCC12
O=C(CSc1ccccn1)C1CCC2C3CCCCC3CCC12
O=C(CSc1ccccn1)C1CCC2C3CCCCC3CCC12
O=C(CSc1ccccn1)C1CCC2C3CCCCCC3CCC12
O=C(CSc1ccccn1)C1CCC2C3CCCCCC3CCC12
O=C(CSc1ccccn1)C1CCC2C1CCC1C(CC3CC3)CCCCC12
O=C(CSc1ccccn1)C1CCC2C1CCC1C(C3CC3)CCCCC12
O=C(CSc1ccccn1)C1CCC2C1CCC1C(C3CC3)CCCCC12
O=C(CSc1ccccn1)C1CCC2C1CCC1C(C3CC3)CCCCCC12
O=C(CSc1ccccn1)C1CCC2C1CCC1C(C3CC3)CCCCCC12
O=C(CSc1ccccn1)C1CCC2C1CCC1C(C3CC3)CCCCCC12
O=C(CSc1ccccn1)C1CCC2C1CCC1C(C3CC3)CCCCCC12
O=C(CSc1ccccn1)C1CCC2C3CCCCCCC3CCC12
O=C(CSc1ccccn1)C1CCC2C3CCCCCC3CCC12
O=C(CSc1ccccn1)C1CCC2C3CCCCCC3CCC12
O=C(CSc1ccccn1)C1CCC2C3CCCCCCC3CCC12
O=C(CSc1ccccn1)C1CCC2C3CCCCCCC3CCC12
O=C(CSc1ccccn1)C1CCC2C3CCCCCCC3CCC12
O=C(CSc1ccccn1)C1CCC2C3CCCCCCC3CCC12
O=C(CSc1ccccn1)C1CCC2C3CCCCCC3CCC12
O=C(CSc1ccccn1)C1CCC2C3CCCCCC3CCC12
O=C(CSc1ccccn1)C1CCC2C3CCCCCC3CCC12
O=C(CSc1ccccn1)C1CCC2C3CCCCCC3CCC12
O=C(CSc1ccccn1)C1CCC2C3CCCCCC3CCC12
O=C(CSc1ccccn1)C1CCC2C1CCC1C2CCCCC1N1CC1
O=C(CSc1ccccn1)C1CCC2C1CCC1C2CCCCC1N1CC1
O=C(CSc1ccccn1)C1CCC2C1CCC1C2CCCCC1N1CC1
O=C(CSc1ccccn1)C1CCC2C1CCC1C2CCCC1N1CC1
O=C(CSc1ccccn1)C1CCC2C3CCCC(N4CC4)CC3CCC12
O=C(CSc1ccccn1)C1CCC2C3CCCC(C4CC4)CC3CCC12
O=C(CSc1ccccn1)C1CCC2C3CCCC(C4COC4)CC3CCC12
O=C(CSc1ccccn1)C1CCC2C3CCCC(C4CCC4)CC3CCC12
O=C(CSc1ccccn1)C1CCC2C1CCC1C(C3CCC3)CCCC12
O=C(CSc1ccccn1)C1CCC2C1CCC1C(C3CC3)CCCC12
O=C(CSc1ccccn1)C1CCC2C1CCCC1C(C3CC3)CCCC12
O=C(CSc1ccccn1)C1CCC2C1CCC1C3CC3C3CCCC2C31
O=C(CSc1ccccn1)C1CCC2C1CCC(C1CC1)C1CCCCC12
O=C(CSc1ccccn1)C1CCC2C1CCC(C1CC1)C1CCCCCC12
O=C(CSc1ccccn1)C1CCC2C1CCC(OC1CC1)C1CCCCCC12
O=C(CSc1ccccn1)C1CCC2C3CCCCCC3CCCC12
O=C(CSc1ccccn1)C1CCC2C3CCCCCC3CCCC12
O=C(CSc1ccccn1)C1CCC2C3CCCCC3CCCC12
O=C(CSc1ccccn1)C1CCC2C3CCCCC3CCCC12
O=C(CSc1ccccn1)C1CCC2C3CCCCC3CCCC12
O=C(CSc1ccccn1)C1CCC2C3CCCCC3CCCC12
O=C(CSc1ccccn1)C1CCC2C3CCCCC3CCCC12
O=C(CSc1ccccn1)C1CCC2C3CCCC3CCCC12
O=C(CSc1ccccn1)C1CCC2C3CCC3CCCC12
O=C(CSc1ccccn1)C1CCC2C3CCC3CCCC12
O=C(CSc1ccccn1)C1CCC2C3CCC3CCCC12
O=C(CSc1ccccn1)C1CCC2C1CCC(CC1COC1)C1CCC12
O=C(CSc1ccccn1)C1CCC2C1CCC(CC1CO1)C1CCC12
O=C(CSc1ccccn1)C1CCC2C1CCC(C1CCO1)C1CCC12
O=C(CSc1ccccn1)C1CCC2C1CCC(C1CCO1)C1CCCC12
O=C(CSc1ccccn1)C1CCC2C3CCCC3CCCC12
O=C(CSc1ccccn1)C1CCC2C3CCCC3CCCC12
O=C(CSc1ccccn1)C1CCC2C3CCCCC3CCCC12
O=C(CSc1ccccn1)C1CCC2C1CCC1CCC3CCCC2C31
O=C(CSc1ccccn1)C1CCC2C1CCC1CCC3CCC2C13
O=C(CSc1ccccn1)C1CCC2C1CCC1C(=O)CC3CCC2C31
O=C(CSc1ccccn1)C1CCC2C1CCC1C(=O)CC3CCCC2C31
O=C(CSc1ccccn1)C1CCC2C3CCCCC3CCCC12
O=C(CSc1ccccn1)C1CCC2C3CCCCC3CCCC12
O=C(CSc1ccccn1)C1CCC2C3CCCCC3CCCC12
O=C(CSc1ccccn1)C1CCC2C3CCCCC3CCCC12
O=C(CSc1ccccn1)C1CCC2C3CCCCC3CCCC12
O=C(CSc1ccccn1)C1CCC2C3CCCCC3CCCC12
O=C(CSc1ccccn1)C1CCC2C3CCCC3CCCCC12
O=C(CSc1ccccn1)C1CCC2C3CCCCC3CCCCC12
O=C(CSc1ccccn1)C1CCC2C(C3CCC3)CCCCCC12
O=C(CSc1ccccn1)C1CCC2C(C3CCC3)CCCCCC12
O=C(CSc1ccccn1)C1CCC2C(C3CCC3)CC3CC3CCC12
O=C(CSc1ccccn1)C1CCC2C(C3CCCC3)CC3CC3CCC12
O=C(CSc1ccccn1)C1CCC2C(C3CCCC3)CCCCCC12
O=C(CSc1ccccn1)C1CCC2C(C3CCCC3)CCCCCC12
O=C(CSc1ccccn1)C1CCC2C(C3CCCCC3)CCCCCC12
O=C(CSc1ccccn1)C1CCC2C(C3CCCCC3)CCCCCC12
O=C(CSc1ccccn1)C1CCC2C(C3CCCCC3)CCCCCC12
O=C(CSc1ccccn1)C1CCC2C(C3CCCC3)CCCCCC12
O=C(CSc1ccccn1)C1CCC2C(C3CCCC3)CCCCCC12
O=C(CSc1ccccn1)C1CCC2C(C3CCCC3)CCCCCC12
O=C(CSc1ccccn1)C1CCC2C(C3CCCCC3)CCCCCC12
O=C(CSc1ccccn1)C1CCC2C(C3CCCCC3)CCCCCC12
O=C(CSc1ccccn1)C1CCC2C(C3CCCCC3)CCCCC12
O=C(CSc1ccccn1)C1CCC2C(C3CCCCC3)CCCCC12
O=C(CSc1ccccn1)C1CCC2C(C3CCCC3)CCCCC12
O=C(CSc1ccccn1)C1CCC2C(C3CCCCC3)CCCCC12
O=C(CSc1ccccn1)C1CCC2C(C3CCCCCC3)CCCCC12
O=C(CSc1ccccn1)C1CCC2C(C3CCCCCC3)CCCC12
O=C(CSc1ccccn1)C1CCC2C(C3CCCCC3)CCCC12
O=C(CSc1ccccn1)C1CCC2C(C3CCCCC3)CCC12
O=C(CSc1ccccn1)C1CCC2C(C3CCCCCC3)CCC12
O=C(CSc1ccccn1)C1CCC2C(C3CCCCCCC3)CCC12
O=C(CSc1ccccn1)C1CCC2C(C3CCCCCCC3)CCC12
O=C(CSc1ccccn1)C1CCC2C(C3CCCCCCC3)CCC12
O=C(CSc1ccccn1)C1CCC2C(C3CCCCCCC3)CCC12
O=C(CSc1ccccn1)C1CCC2C(C3CCCCCC3)CCC12
O=C(CSc1ccccn1)C1CCC2C(C3CCCCCCC3)CCC12
O=C1CCCCC(C2CCC3C(C(=O)CSc4ccccn4)CCC23)CC1
O=C1CCCCC(C2CCC3C(C(=O)CSc4ccccn4)CCC23)C1
O=C1CCCCC(C2CCCC3C(C(=O)CSc4ccccn4)CCC23)C1
O=C1CCCCC(C2CCCCC3C(C(=O)CSc4ccccn4)CCC23)C1
O=C1CCCCC(C2CCCCC3C(C(=O)CSc4ccccn4)CCC23)C1
O=C1CCCCC1C1CCCCC2C(C(=O)CSc3ccccn3)CCC12
O=C1CCCCC1C1CCCCC2C(C(=O)CSc3ccccn3)CCC12
O=C(CSc1ccccn1)C1CCC2C1CCCCC2C1C(=O)CCCC1=O
O=C(CSc1ccccn1)C1CCC2C1CCCCC2C1C(=O)CCCC1=O
O=C(CSc1ccccn1)C1CCC2C1CCCC2C1C(=O)CCCC1=O
O=C1CCCC(C2CCCC3C(C(=O)CSc4ccccn4)CCC32)C1=O
O=C1CCCCC1C1CCCC2C(C(=O)CSc3ccccn3)CCC12
O=C1CCCCCC1C1CCCC2C(C(=O)CSc3ccccn3)CCC12
O=C(CSc1ccccn1)C1CCC2C1CCC1C3CCCCC(=O)C3C21
O=C1CCC2CC2C2CCC3C(C(=O)CSc4ccccn4)CCC3C2C1
O=C1CCCCC2CCC3C(C(=O)CSc4ccccn4)CCC3C2C1
O=C1CCCCC2CCC3C(C(=O)CSc4ccccn4)CCC3C2C1
O=C1CCCC2CCC3C(C(=O)CSc4ccccn4)CCC3C2C1
O=C(CSc1ccccn1)C1CCC2C1CCC1CCCC(=O)C12
O=C(CSc1ccccn1)C1CCC2C1CCC1CCCCC(=O)C12
O=C(CSc1ccccn1)C1CCC2C1CCC1CCCCCC(=O)C12
O=C(CSc1ccccn1)C1CCC2C1CCC1CCCCCC(=O)C12
O=C(CSc1ccccn1)C1CCC2C1CCC1CCCCC(=O)C12
O=C(CSc1ccccn1)C1CCC2C1CCC1CCCCC(=O)C12
O=C(CSc1ccccn1)C1CCC2C1CCC1CCCCCC(=O)C12
O=C1CCCC2C(CC1)CCC1C(C(=O)CSc3ccccn3)CCC21
O=C(CSc1ccccn1)C1CCC2C3CCCCCCC3CCC12
O=C(CSc1ccccn1)C1CCC2C3CC3CCC12
O=C(CSc1ccccn1)C1CCC2C3CC3CCC12
O=C(CSc1ccccn1)C1CCC2C3CC3CCC12
O=C(CSc1ccccn1)C1CCC2C3CC3CCC12
O=C(CSc1ccccn1)C1CCC2C3CC3CCC12
O=C(CSc1ccccn1)C1CCC2C3CC3CCC12
O=C(CSc1ccccn1)C1CCC2C3CC3CCC12
O=C(CSc1ccccn1)C1CCC2C3CC3CCC12
O=C(CSc1ccccn1)C1CCC2C3CC3CCC12
O=C(CSc1ccccn1)C1CCC2C3CCC3CCC12
O=C(CSc1ccccn1)C1CCC2C3CCCC3CCC12
O=C(CSc1ccccn1)C1CCC2C3CCCCC3CCC12
O=C(CSc1ccccn1)C1CCC2C3CCCCC3CCC12
O=C(CSc1ccccn1)C1CCC2C3CCCCC3CCC12
O=C(CSc1ccccn1)C1CCC2C3CCCCC3CCC12
O=C(CSc1ccccn1)C1CCC2C3CCCC3CCC12
O=C(CSc1ccccn1)C1CCC2C3CCCC3CCC12
O=C(CSc1ccccn1)C1CCC2C3CCCC3CCC12
O=C(CSc1ccccn1)C1CCC2C3CCCC3CCC12
O=C(CSc1ccccn1)C1CCC2C3CCCCC3CCC12
O=C(CSc1ccccn1)C1CCC2C3CCCCC3CCC12
O=C(CSc1ccccn1)C1CCC2C3CCCCCC3CCC12
O=C(CSc1ccccn1)C1CCC2C3CCCCCC3CCC12
O=C(CSc1ccccn1)C1CCC2C3CCCCCC3CCC12
O=C(CSc1ccccn1)C1CCC2C3CCCCC3CCC12
O=C(CSc1ccccn1)C1CCC2C3CCCC3CCC12
O=C(CSc1ccccn1)C1CCC2C3CCCC3CCC12
O=C(CSc1ccccn1)C1CCC2C3CCC3CCC12
O=C(CSc1ccccn1)C1CCC2C3CCC3CCC12
O=C(CSc1ccccn1)C1CCC2C3CCC3CCC12
O=C(CSc1ccccn1)C1CCC2C3CCC3CCC12
O=C(CSc1ccccn1)C1CCC2C1CCC1C(CN3CCCC3)CC12
O=C(CSc1ccccn1)C1CCC2C1CCC1C(CN3CCCC3)CC12
O=C(CSc1ccccn1)C1CCC2C1CCC1C2CCCN2CCCC12
O=C1CC2C3CCC(C(=O)CSc4ccccn4)C3CCC2C2CCCN2C1
O=C(CSc1ccccn1)C1CCC2C1CCC1C2CC(=O)N2CCCC12
O=C(CSc1ccccn1)C1CCC2C1CCC1C2CC(=O)N2CCCCC12
O=C(CSc1ccccn1)C1CCC2C1CCC1C2CCC(=O)N2CCCCC12
O=C(CSc1ccccn1)C1CCC2C1CCC1C2CCC(=O)N2CCCCC12
O=C(CSc1ccccn1)C1CCC2C1CCC1C2CCC(=O)N2CCCCCC12
O=C(CSc1ccccn1)C1CCC2C1CCC1C2CCC(=O)N2CCCCCCC12
O=C1CCC2C(CCC3C(C(=O)CSc4ccccn4)CCC23)CN1
O=C1CCC2C(CCC3C(C(=O)CSc4ccccn4)CCC23)CN1
O=C1CCC2C(CCC3C(C(=O)CSc4ccccn4)CCC23)CN1
O=C1CCC2C(CCC3C(C(=O)CSc4ccccn4)CCC23)CN1
O=C1CCC2C(CCC3C(C(=O)CSc4ccccn4)CCC23)CN1
O=C1CCC2C(CCC3C(C(=O)CSc4ccccn4)CCC23)CN1
O=C1CCC2C(CCC3C(C(=O)CSc4ccccn4)CCC23)CN1
O=C1CCC2C(CCC3C(C(=O)CSc4ccccn4)CCC23)CN1
O=C1CCC2C(CCC3C(C(=O)CSc4ccccn4)CCC23)CN1
O=C1CCC2C(CCC3C(C(=O)CSc4ccccn4)CCC23)CN1
O=C1CCC2C(CCC3C(C(=O)CSc4ccccn4)CCC23)CN1
O=C1CCC2C(CCC3C(C(=O)CSc4ccccn4)CCC23)CN1
O=C1CCC2C(CCC3C(C(=O)CSc4ccccn4)CCC23)CN1
O=C1CCC2C(CCC3C(C(=O)CSc4ccccn4)CCC23)CN1
O=C1CCCC2C(CCC3C(C(=O)CSc4ccccn4)CCC23)CN1
O=C1CCCC2C(CCC3C(C(=O)CSc4ccccn4)CCC23)N1
O=C1CCCC2C(CCC3C(C(=O)CSc4ccccn4)CCC23)N1
O=C1CCCC2C(CCC3C(C(=O)CSc4ccccn4)CCC23)N1
O=C1CCCC2C(CCC3C(C(=O)CSc4ccccn4)CCC23)N1
O=C1CCC2C(CCC3C(C(=O)CSc4ccccn4)CCC23)N1
O=C(CSc1ccccn1)C1CCC2C1CCC1C2CCC(=O)N1N1CC1
O=C(CSc1ccccn1)C1CCC2C1CCC1C2CCCC(=O)N1N1CC1
O=C(CSc1ccccn1)C1CCC2C1CCC1C2CCCCC(=O)N1N1CC1
O=C1CCCCC2C(CCC3C(C(=O)CSc4ccccn4)CCC23)N1
O=C1CCCCC2C(CCC3C(C(=O)CSc4ccccn4)CCC23)C1
O=C1CCCCC2C(CCC3C(C(=O)CSc4ccccn4)CCC23)C1
O=C1CCCC2C(CCC3C(C(=O)CSc4ccccn4)CCC23)C1
O=C1CCCC2C(CCC3C(C(=O)CSc4ccccn4)CCC23)C1
O=C1CCCC2C(CCC3C(C(=O)CSc4ccccn4)CCC23)C1
O=C(CSc1ccccn1)C1CCC2C3CCCCCC3CCC12
O=C(CSc1ccccn1)C1CCC2C3CCCCCC3CCC12
O=C(CSc1ccccn1)C1CCC2C1CCC1C(C3CN3)CCCCC12
O=C(CSc1ccccn1)C1CCC2C1CCC1C(C3CN3)CCCCC12
O=C(CSc1ccccn1)C1CCC2C1CCC1C(C3CN3)CCCCC12
O=C(CSc1ccccn1)C1CCC2C1CCC1C(C3CN3)CCCC12
O=C(CSc1ccccn1)C1CCC2C1CCC1C(C3CN3)CCCC12
O=C(CSc1ccccn1)C1CCC2C1CCC1C2CCCCC2CN21
O=C(CSc1ccccn1)C1CCC2C1CCC1C2CCCC2CN21
O=C(CSc1ccccn1)C1CCC2C1CCC1C2CCCC2CCN21
O=C(CSc1ccccn1)C1CCC2C3CCCCNC3CCC12
O=C(CSc1ccccn1)C1CCC2C3CCCCNC3CCC12
O=C(CSc1ccccn1)C1CCC2C3CCCCNC3CCC12
O=C(CSc1ccccn1)C1CCC2C3CCCCCNC3CCC12
O=C1CCCCC2C(CCC3C(C(=O)CSc4ccccn4)CCC23)N1
O=C1CCCCC2C(CCC3C(C(=O)CSc4ccccn4)CCC23)N1
O=C1CCCCC2C(CCC3C(C(=O)CSc4ccccn4)CCC23)N1
O=C(CSc1ccccn1)C1CCC2C1CCC1C2CCC2CC(=O)N21
O=C(CSc1ccccn1)C1CCC2C1CCC1C2CCC2C(=O)N21
O=C(CSc1ccccn1)C1CCC2C1CCC1C2CCC2C(=O)C21
O=C(CSc1ccccn1)C1CCC2C1CCC1C2CCCC2C(=O)C21
O=C(CSc1ccccn1)C1CCC2C1CCC1C2CCCC2CC(=O)C21
O=C(CSc1ccccn1)C1CCC2C3CCCCCC3CCC12
O=C(CSc1ccccn1)C1CCC2C3CCCCCC3CCC12
O=C(CSc1ccccn1)C1CCC2C3CCCCC3CCC12
O=C(CSc1ccccn1)C1CCC2C3CCCC3CCC12
O=C(CSc1ccccn1)C1CCC2C3CCCCC3CCC12
O=C(CSc1ccccn1)C1CCC2C3CCCCCC3CCC12
O=C(CSc1ccccn1)C1CCC2C3CCCCCC3CCC12
O=C(CSc1ccccn1)C1CCC2C1CCC1C(C3CC3=O)CCCCC21
O=C1CCC1C1CCCCC2C1CCC1C(C(=O)CSc3ccccn3)CCC12
O=C1CC(C2CCCCC3C2CCC2C(C(=O)CSc4ccccn4)CCC23)C1
O=C1CC(C2CCCCC3C2CCC2C(C(=O)CSc4ccccn4)CCC23)C1
O=C1CC(C2CCCCCC3C2CCC2C(C(=O)CSc4ccccn4)CCC23)C1
O=C(CSc1ccccn1)C1CCC2C1CCC1C(C3CC3=O)CCCCCC21
O=C(CSc1ccccn1)C1CCC2C1CCC1C(C3CC3=O)CCCCC21
O=C(CSc1ccccn1)C1CCC2C1CCC1C(C3CC3=O)CCCC21
O=C(CSc1ccccn1)C1CCC2C1CCC1C(c3cc3=O)CCCC12
O=C1C=C2CCC3C(CCC4C(C(=O)CSc5ccccn5)CCC43)C2C1
O=C1C=C2CCC3C(CCC4C(C(=O)CSc5ccccn5)CCC43)C2CC1
O=C1C=CC2C(=C1)CCC1C2CCC2C(C(=O)CSc3ccccn3)CCC21
O=C(Nc1cccnc1)c1ccc2c(c1)CCC1C2CCC2CCCC21
O=C(Nc1cccnc1)c1ccc2c(c1)CCC1C2CCC2CCCC21
O=C(Nc1cccnc1)c1ccc(C2CCC34CCCC2C3CCC4)cc1
O=C(Nc1cccnc1)c1ccc(CC2CCCC3CCCC32)cc1
O=C(Nc1cccnc1)c1ccc(CC2CCCC3CCCC32)cc1
O=C(Nc1cccnc1)c1ccc(CC2CCCC3CCC32)cc1
O=C(Nc1cccnc1)c1ccc(CC2CCCN3CCC23)cc1
O=C(Nc1ccccc1)c1ccc(CC2CCCN3CCC23)cc1
O=C(Nc1ccccc1)c1ccc(CC2CCCNC2)cc1
O=C(Nc1ccccc1)c1ccc(CC2CCCNC2)cc1
O=C(Nc1ccccc1)c1ccc(CC2CCCNC2)cc1
O=C(Oc1ccccc1)c1ccc(CC2CCCNC2)cc1
O=C(Oc1ccccc1)c1ccc(CC2CCCNCC2)cc1
O=C(Oc1ccccc1)c1ccc(COC2CCCNCC2)cc1
O=C(Oc1ccccc1)c1ccc(COC2CCCNCC2)cc1
O=C(Oc1ccccc1)c1ccc(COC2CCCNCC2)cc1
O=C(Oc1ccccc1)c1ccc(COC2CCCNC2)cc1
O=C(Oc1ccccc1)c1ccc(COC2CCCNC2)cc1
O=C(Oc1ccccc1)c1ccc(COC2CCCNC2)cc1
O=C(Oc1ccccc1)c1ccc(COC2CCCNC2)cc1
O=C(Oc1ccccc1)c1ccc(COC2CCCNC2)cc1
O=C(Oc1ccccc1)c1ccc(COC2CCCNC2)cc1
O=C(Oc1ccccc1)c1ccc(COC2CCCNC2)cc1
O=C(Oc1ccccc1)c1ccc(COC2CCCNC2)cc1
O=C(Oc1ccccc1)c1ccc(COC2CCCNC2)cc1
O=C(Oc1ccccc1)c1ccc(COC2CCCNC2)cc1
O=C(Oc1ccccc1)c1ccc(COC2CCCNC2)cc1
O=C(Oc1ccccc1)c1ccc(COC2CCCNC2)cc1
O=C(Oc1ccccc1)c1ccc(COC2CCCNC2)cc1
O=C(Oc1ccccc1)c1ccc(COC2CCCNC2)cc1
O=C(Oc1ccccc1)c1ccc(COC2CCCNC2)cc1
O=C(Oc1ccccc1)c1ccc(COC2CCCNC2)cc1
O=C(Oc1ccccc1)c1ccc(COC2CCCNC2)cc1
c1ccc(OCc2ccc(COC3CCCNC3)cc2)cc1
c1ccc(OCc2ccc(COC3CCCNC3)cc2)cc1
O=C(Oc1ccccc1)c1ccc(COC2CCCNC2)cc1
O=C(Oc1ccccc1)c1ccc(COC2CCCNC2)cc1
O=C(Oc1ccccc1)c1ccc(COC2CCCNC2)cc1
O=C(Oc1ccccc1)c1ccc(COC2CCCNC2)cc1
O=C(Oc1ccccc1)c1ccc(COC2CCCNC2)cc1
O=C(Oc1ccccc1)c1ccc(COC2CCCNC2)cc1
O=C(Oc1ccccc1)c1ccc(COC2CCCNC2)cc1
O=C(Oc1ccccc1)c1ccc(COC2CCCNC2)cc1
O=C(Oc1ccccc1)c1ccc(COC2CCCNC2)cc1
O=C(Oc1ccccc1)c1ccc(COC2CCCNC2)cc1
O=C(Oc1ccccc1)c1ccc(COC2CCCNC2)cc1
O=C(OOc1ccccc1)c1ccc(COC2CCCNC2)cc1
O=C(OOc1ccccc1)c1ccc(COC2CCCN(C(=O)C3CC3)C2)cc1
O=C(OOc1ccccc1)c1ccc(COC2CCCN(C(=O)C3CC3)C2)cc1
O=C(OOc1ccccc1)c1ccc(COC2CCCN(C(=O)C3CC3)C2)cc1
O=C(OOc1ccccc1)c1ccc(COC2CCCN(C(=O)C3COC3)C2)cc1
O=C(Oc1ccccc1)c1ccc(COC2CCCN(C(=O)C3COC3)C2)cc1
O=C(Oc1ccccc1)c1ccc(COC2CCCN(C(=O)C3COC3)C2)cc1
O=C(Oc1ccccc1)c1ccc(COC2CCCN(C(=O)C3COC3)C2)cc1
O=C(Oc1ccccc1)c1ccc(COC2CCCN(C(=O)C3CCOC3)C2)cc1
O=C1CC(C(=O)N2CCCC(OCc3ccc(COc4ccccc4)cc3)C2)CO1
O=C1CC(C(=O)N2CCCC(OCc3ccc(COc4ccccc4)cc3)C2)CO1
O=C1CC(C(=O)N2CCCC(OCc3ccc(COc4ccccc4)cc3)C2)CO1
O=C1CC(C(=O)N2CCCC(OCc3ccc(COc4ccccc4)cc3)C2)CO1
O=C1CC(C(=O)N2CCCC(OCc3ccc(COc4ccccc4)cc3)C2)CO1
O=C1CC(C(=O)N2CCCC(OCc3ccc(COc4ccccc4)cc3)C2)CO1
O=C1CC(C(=O)N2CCCC(OCc3ccc(OCc4ccccc4)cc3)C2)CO1
O=C1CC(C(=O)N2CCCC(OCc3ccc(OCc4ccccc4)cc3)C2)CO1
O=C1CC(C(=O)N2CCCC(OCc3ccc(OCc4ccccc4)cc3)C2)CO1
O=C1CC(C(=O)N2CCCC(OCc3ccc(OCc4ccccc4)cc3)C2)CO1
O=C1CC(C(=O)N2CCCC(OCc3ccc(OCc4ccccc4)cc3)C2)CO1
O=C1CC(C(=O)N2CCCC(OC(=O)c3ccc(OCc4ccccc4)cc3)C2)CO1
O=C1CC(C(=O)N2CCCC(OC(=O)c3ccc(OCc4ccccc4)cc3)C2)CO1
O=C1CC(C(=O)N2CCCC(OC(=O)c3ccc(OCc4ccccc4)cc3)C2)CO1
O=C1CC(C(=O)N2CCCC(OC(=O)c3ccc(OCc4ccccc4)cc3)C2)CO1
O=C1CC(C(=O)N2CCCC(OC(=O)c3ccc(OCc4ccccc4)cc3)C2)CO1
O=C1CC(C(=O)N2CCCC(OC(=O)c3ccc(OCc4ccccc4)cc3)C2)CO1
O=C1CC(C(=O)N2CCCC(OC(=O)c3ccc(OCc4ccccc4)cc3)C2)CO1
O=C1CC(C(=O)N2CCCCC(OC(=O)c3ccc(OCc4ccccc4)cc3)C2)CO1
O=C1CC(C(=O)N2CCCCC(OC(=O)c3ccc(OCc4ccccc4)cc3)C2)CO1
O=C1CC(C(=O)N2CCCCC(OC(=O)c3ccc(OCc4ccccc4)cc3)C2)CO1
O=C1CC(C(=O)N2CCCC(OC(=O)c3ccc(OCc4ccccc4)cc3)C2)CO1
O=C1CC(C(=O)N2CCCC(OC(=O)c3ccc(OCc4ccccc4)cc3)C2)CO1
O=C(Nc1cccnc1)c1ccc2c(c1)CCC1C2CCC2CCCC21
O=C(Nc1cccnc1)c1ccc2c(c1)CCC1C2CCC2CCCCC21
O=C(Nc1cccnc1)c1ccc2c(c1)CCCC2C1CC2CCCCC2CO1
O=C(Nc1cccnc1)c1ccc2c(c1)CCCC2C1CC2CCCCC2CO1
O=C(Nc1cccnc1)c1ccc2c(c1)CCCC2C1CC2CCCCC2CO1
O=C(Nc1cccnc1)c1ccc2c(c1)CCCC2C1CC2CCCCC2CO1
O=C(Nc1cccnc1)c1ccc2c(c1)CCCC2C1CC2CCCCC2CO1
O=C(CC1C2CCCCC2COC1C1CCCc2ccccc21)Nc1cccnc1
O=C(CC1C2CCCCC2COC1C1CCCc2ccccc21)Nc1cccnc1
O=C(CC1C2CCCCC2COCC1C1CCCc2ccccc21)Nc1cccnc1
O=C(CC1C2CCCC2COCC1C1CCCc2ccccc21)Nc1cccnc1
O=C(CC1C2CCCC2COCC1C1CCCc2ccccc21)Nc1cccnc1
O=C(CC12c3ccccc3CCCCC1COCC1CCCC12)Nc1cccnc1
O=C(CC12c3ccccc3CCCCC1COC1CCCC12)Nc1cccnc1
O=C(CC12c3ccccc3CCCCC1CCC1CCCC12)Nc1cccnc1
O=C(CC12CC3CCCC3CCC1CCCCc1ccccc12)Nc1cccnc1
O=C(CC12CC3CCCC3CCC1CCCCc1ccccc12)Nc1cccnc1
O=C(CC12CC3CCC3CCC1CCCCc1ccccc12)Nc1cccnc1
O=C(CC12CCCCCC1CCCCc1ccccc12)Nc1cccnc1
O=C(CC12CCCCC1CCCCc1ccccc12)Nc1cccnc1
O=C(CC12CCCCC1CCCCc1ccccc12)Nc1cccnc1
O=C(CC12CCCCC1CCCCc1ccccc12)Nc1cccnc1
O=C(CC12CCCCC1CCCCc1ccccc12)Nc1cccnc1
O=C(CC12CCCCC1CCCCc1ccccc12)Nc1cccnc1
O=C(CC12CCCCCC1CCCCc1ccccc12)Nc1cccnc1
O=C(CC12CCCCCC1CCCCc1ccccc12)Nc1cccnc1
O=C(CC12CCCCC1CCCCc1ccccc12)Nc1cccnc1
O=C(CC12CCCC1CCCCc1ccccc12)Nc1cccnc1
O=C(CC12CCCC1CCCc1ccccc12)Nc1cccnc1
c1ccc(CCCC23CCCC2CCCc2ccccc23)nc1
c1ccc(CCCC23CCCC2CCCc2ccccc23)nc1
O=C(CCCC12CCCC1CCCc1ccccc12)Nc1cccnc1
O=C(CCC12CCCC1CCCc1ccccc12)Nc1cccnc1
O=C(CCC12CCCC1CCCc1ccccc12)Nc1cccnc1
O=C(CCC1(C2CC2)CCCCc2ccccc21)Nc1cccnc1
O=C(CCC1(C2CC2)CCCc2ccccc21)Nc1cccnc1
O=C(CCC1(C2CC2)CCCc2ccccc21)Nc1cccnc1
O=C(CCC1(C2CC2)CCCc2ccccc21)Nc1cccnc1
O=C(CCC1(C2CC2)CCCc2ccccc21)Nc1cccnc1
O=C(CCC1(C2CC2)CCCc2ccccc21)Nc1cccnc1
O=C(CCC1(C2CC2)CCCc2ccccc21)Nc1cccnc1
O=C(CCC1(C2CC2)CCCc2ccccc21)Nc1cccnc1
O=C(CCC1(C2CCC2)CCCc2ccccc21)Nc1cccnc1
O=C(CCC1(C2CCC2)CCCc2ccccc21)Nc1cccnc1
O=C(CCC1(C2CCC2)CCCc2ccccc21)Nc1cccnc1
O=C(CCC1(C2CCC2)CCCc2ccccc21)Nc1cccnc1
O=C(CCC1(C2CCCC2)CCCc2ccccc21)Nc1cccnc1
O=C(CCC1(C2CCCC2)CCCc2ccccc21)Nc1cccnc1
O=C(CCC1(C2CCCC2)CCCc2ccccc21)Nc1cccnc1
O=C(CCC1(C2CCCC2)CCCc2ccccc21)Nc1cccnc1
O=C(CCC1(C2CCCC2)CCCc2ccccc21)Nc1cccnc1
O=C(CCC1(C2CCCCC2)CCCc2ccccc21)Nc1cccnc1
O=C(CCC1(C2CCCCC2)CCCc2ccccc21)Nc1cccnc1
O=C(CCC1(C2CCCC2)CCCc2ccccc21)Nc1cccnc1
O=C(CCC1(C2CCCC2)CCCc2ccccc21)Nc1ccccc1
O=C(CCC1(C2CCCC2)CCCc2ccccc21)Nc1ccccc1
O=C(CCC1(C2CCCCC2)CCCc2ccccc21)Nc1ccccc1
O=C(CCC1(C2CCCCCC2)CCCc2ccccc21)Nc1ccccc1
O=C(CCC1(C2CCCCCC2)CCCc2ccccc21)Nc1ccccc1
O=C(CCC1(C2CCCCCC2)CCCc2ccccc21)Nc1ccccc1
O=C(CCC1(C2CCCCC2)CCCc2ccccc21)Nc1ccccc1
O=C(CCC1(C2CCCC2)CCCc2ccccc21)Nc1ccccc1
O=C(CCC1(C2CCCC2)CCCc2ccccc21)Nc1ccc2c(c1)CC2
O=C(CCC1(C2CCCC2)CCCc2ccccc21)Nc1ccc2c(c1)C=C2
O=C(CCC1(C2CCCC2)CCCCc2ccccc21)Nc1ccc2c(c1)C=C2
O=C(CCC1(C2CCCCC2)CCCCc2ccccc21)Nc1ccc2c(c1)C=C2
O=C(CCC1(C2CCCCC2)CCCCCc2ccccc21)Nc1ccc2c(c1)C=C2
O=C(CCC1(C2CCCCC2)CCCCCc2ccccc21)Nc1ccc2c(c1)C=C2
O=C(CCC1(C2CCCCC2)CCCCc2ccccc21)Nc1ccc2c(c1)C=C2
O=C(CCC1(C2CCCCC2)CCCCc2ccccc21)Nc1ccc2c(c1)C=CC2
O=C(CCC1(C2CCCC2)CCCCc2ccccc21)Nc1ccc2c(c1)C=CC2
O=C(CCC1(C2CCCC2)CCCCc2ccccc21)Nc1ccc2c(c1)C=CC2
O=C(CCC1(C2CCCC2)CCCCc2ccccc21)Nc1ccc2c(c1)C=CCC2
O=C(CCC1(C2CCCCC2)CCCCc2ccccc21)Nc1ccc2c(c1)C=CCC2
O=C(CCC1(C2CCCCC2)CCCCc2ccccc21)Nc1ccc2c(c1)C=CC2
O=C(CCC1(C2CCCCC2)CCCc2ccccc21)Nc1ccc2c(c1)C=CC2
O=C(CCC1(C2CCCCC2)CCCc2ccccc21)Nc1ccc2c(c1)C=NC2
O=C(CCC1(C2CCCCC2)CCCc2ccccc21)Nc1ccc2c(c1)C=NC2
C=C1N=Cc2cc(NC(=O)CCC3(C4CCCCC4)CCCc4ccccc43)ccc21
C=C1N=Cc2cc(NC(=O)CCC3(C4CCCC4)CCCc4ccccc43)ccc21
O=C(CCC1(C2CCCC2)CCCc2ccccc21)Nc1ccc2c(c1)C=NC2=O
O=C(CCC1(C2CCC2)CCCc2ccccc21)Nc1ccc2c(c1)C=NC2=O
O=C(CCC1(C2CCC2)CCCc2ccccc21)Nc1ccc2c(=O)oncc2c1
O=C(CCC1(C2CCCC2)CCCc2ccccc21)Nc1ccc2c(=O)oncc2c1
O=C(Nc1cccnc1)c1ccc2c(c1)CCC1C2CCC2CCCC21
O=C(Nc1cccnc1)c1ccc2c(c1)CCC1C2CC2CCCC21
O=C(Nc1cccnc1)c1ccc2c(c1)CCCC1C2CC2CCCC21
O=C(Nc1cccnc1)c1ccc2c(c1)CCCC1C2CC2CCCC21
O=C(Nc1cccnc1)c1ccc2c(c1)CCCC1C2CC2CCCC21
O=C(Nc1cccnc1)c1ccc2c(c1)CCCC1C2CC2CCCC21
O=C(Nc1cccnc1)c1ccc2c(c1)CCCC1C2CC2CCCC21
O=C(Nc1cccnc1)C12CCCC1C1CCCc3ccccc3C1C2
O=C(Nc1cccnc1)C1CC2CCCc3ccccc3C2C1
O=C(Nc1cccnc1)C1CC2CCCc3ccccc3C2C1
O=C(NCc1cccnc1)C1CC2CCCc3ccccc3C2C1
O=C(NCc1ccccc1)C1CC2CCCc3ccccc3C2C1
O=C(NCc1ccccc1)C1CC2CCCc3ccccc3C2C1
O=C(NCc1ccccc1)C1CC2CCCc3ccccc3C2C1
O=C(NCc1ccccc1)C1CC2CCCc3ccccc3C2C1
O=C(NCc1ccccc1)C1CC2CCCCc3ccccc3C2C1
O=C(NCC1CC2CCCCc3ccccc3C2C1)c1ccccc1
O=C(NCC1CC2CCCCc3ccccc3C2C1)c1ccccc1
O=C(NC1CC2CCCCc3ccccc3C2C1)c1ccccc1
O=C(NC1CC2CCCCc3ccccc3C2C1)c1ccccc1
O=C(NC1CCCC2CCCCc3ccccc3C2C1)c1ccccc1
O=C(NC1CCCC2CCCc3ccccc3C2C1)c1ccccc1
O=C(NC1CCCC2CCCc3ccccc3C2C1)c1ccccc1
O=C(NC1CCCC2CCCc3ccccc3C2C1)c1ccccc1
O=C(NC1CCCC2CCCc3ccccc3C2C1)c1ccccc1
O=C(NC1CCCC2CCCc3ccccc3C2C1)c1ccccc1
O=C(NC12CCCC3CCCc4ccccc4C3C1CC2)c1ccccc1
O=C(NC12CCCC3CCCc4ccccc4C3C1CCC2)c1ccccc1
O=C(NC12CCCCC3CCc4ccccc4C3C1CCC2)c1ccccc1
O=C(NC12CCCCC3CCc4ccccc4C3C1CCCC2)c1ccccc1
O=C(NC12CCCCCC1C1c3ccccc3CCC1CCCC2)c1ccccc1
O=C(NC12CCCCCC1C1c3ccccc3CCCC1CCCC2)c1ccccc1
O=C(NC12CCCCCC1C1Cc3ccccc3CCCC1CCCC2)c1ccccc1
O=C(NC12CCCCCC1C1Cc3ccccc3CCCC1CCCC2)c1ccccc1
O=C(NC12CCCCCC1C1c3ccccc3CCCC1CCCC2)c1ccccc1
O=C(NC12CCCCC3CCCc4ccccc4C3C1CCCC2)c1ccccc1
O=C(NC12CCCCC3CCCc4ccccc4C3C1CCCC2)c1ccccc1
O=C(NC12CCCCC3CCCc4ccccc4C3C1CCCC2)c1ccccc1
O=C(NC12CCCCC3CCCCc4ccccc4C3C1CCCC2)c1ccccc1
O=C(NC12CCCCC3CCCCc4ccccc4C3C1CCCC2)c1ccccc1
O=C(NC1CCCCC2CCCCc3ccccc3C2C1)c1ccccc1
O=C(NC1CCCCC2CCCCc3ccccc3C2C1)c1ccccc1
O=C(NC1CCCCC2CCCCc3ccccc3C2C1)c1ccccc1
O=C(NC1CCCCC2CCCc3ccccc3C2C1)c1ccccc1
O=C(NC1CCCC2CCCc3ccccc3C2C1)c1ccccc1
O=C(NCCC12CCCC1CCCc1ccccc12)c1ccccc1
O=C(NCCC12CCCC1CCCc1ccccc12)c1ccccc1
O=C(NCCCC12CCCC1CCCc1ccccc12)c1ccccc1
O=C(NCCCC12CCCCC1CCCc1ccccc12)c1ccccc1
O=C(NCCCC12CCCCC1CCCc1ccccc12)c1ccccc1
O=C(NCCCC12CCCCC1CCCc1ccccc12)c1ccccc1
O=C(NCCCC12CCCCC1CCCc1ccccc12)c1ccccc1
O=C(NCCCC12CCCCC1CCCc1ccccc12)c1ccccc1
O=C(NCCCC12CCCCC1CCc1ccccc12)c1ccccc1
O=C(NCCCC12CCCCC1CCc1ccccc12)c1ccccc1
O=C(NCCCC12CCCCC1CCc1ccccc12)c1ccccc1
O=C(NCCCC12CCCCC1CCCc1ccccc12)c1ccccc1
O=C(NCCCC12CCCCC1CCCc1ccccc12)c1ccccc1
O=C(NCCCC1(C2CCC2)CCCCc2ccccc21)c1ccccc1
O=C(NCCCC1(C2CCC2)CCCc2ccccc21)c1ccccc1
O=C(NCCCC1(C2CC2)CCCc2ccccc21)c1ccccc1
O=C(NCCCC1(C2CC2)CCCc2ccccc21)c1ccccc1
O=C(NCCCC1(C2CCC2)CCCc2ccccc21)c1ccccc1
O=C(NCCCC1(C2CCC2)CCCc2ccccc21)c1ccccc1
O=C(NCCCC1(C2CCC2)CCCc2ccccc21)c1ccccc1
O=C(NCCCC1(C2CCCC2)CCCc2ccccc21)c1ccccc1
O=C(NCCCC1(C2CCCC2)CCCCc2ccccc21)c1ccccc1
O=C(NCCCC1(C2CCCC2)CCCCCc2ccccc21)c1ccccc1
O=C(NCCCC1(C2CCCCC2)CCCCCc2ccccc21)c1ccccc1
O=C(NCCCC1(C2CCCCCC2)CCCCCc2ccccc21)c1ccccc1
O=C(NCCCC1(C2CCCCCC2)CCCCCc2ccccc21)c1ccccc1
O=C(NCCCC1(C2CCCCCC2)CCCCCc2ccccc21)c1ccccc1
O=C(NCCCC1(C2CCCCCC2)CCCCc2ccccc21)c1ccccc1
O=C(Cc1ccccc1)NCCCC1(C2CCCCCC2)CCCCc2ccccc21
O=C(Cc1ccccc1)NCCCC1(C2CCCCCC2)CCCCc2ccccc21
O=C(Cc1ccccc1)NCCCC1(C2CCCCC2)CCCCc2ccccc21
O=C(Cc1ccccc1)NCCCC1(C2CCCC2)CCCCc2ccccc21
O=C(Cc1ccccc1)NCCCC1(C2CCCC2)CCCCc2ccccc21
O=C(Cc1ccccc1)NCCCC1(C2CCCC2)CCCCCc2ccccc21
O=C(NCCCC1(C2CCCC2)CCCCCc2ccccc21)c1ccccc1
O=C(NCCCC1(C2CCCCC2)CCCCCc2ccccc21)c1ccccc1
O=C(NCCCC1(C2CCCCC2)CCCCCc2ccccc21)c1ccccc1
O=C(NCCCC1(C2CCCCC2)CCCCCc2ccccc21)c1ccccc1
O=C(NCCCC1(C2CCCCC2)CCCCc2ccccc21)c1ccccc1
O=C(NCCCC1(C2CCCCC2)CCCCc2ccccc21)c1ccccc1
O=C(NCCCC1(C2CCCCC2)CCCCc2ccccc21)c1ccccc1
O=C(NCCCC1(C2CCCCC2)CCCc2ccccc21)c1ccccc1
O=C(NCCCC1(C2CCCCC2)CCCc2ccccc21)c1ccccc1
O=C(NCCCC1(C2CCCCC2)CCCc2ccccc21)c1ccccc1
O=C(NCCCC1(C2CCCCC2)CCCc2ccccc21)c1ccccc1
O=C(NCCCC1(C2CCCCC2)CCCc2ccccc21)c1ccccc1
O=C(NCCCC1(C2CCCC2)CCCc2ccccc21)c1ccccc1
O=C(NCCCC1(C2CCCC2)CCCc2ccccc21)c1ccccc1
O=C(NCCCC1(C2CCC2)CCCc2ccccc21)c1ccccc1
O=C(NCCCC1(C2CCC2)CCCc2ccccc21)c1ccccc1N1CC1
O=C(NCCCC1(C2CCC2)CCCc2ccccc21)c1ccccc1N1CC1
O=C(NCCCC1(C2CCC2)CCc2ccccc21)c1ccccc1N1CC1
O=C(NCCCC1(C2CCC2)CCc2ccccc21)c1ccccc1N1C=C1
O=C(NCCCC1(C2CCC2)CCCc2ccccc21)c1ccccc1N1C=C1
O=C(NCCCC1(C2CCC2)CCCc2ccccc21)c1ccccc1
O=C(NCCCC1(C2CCCC2)CCCc2ccccc21)c1ccccc1
O=C(NCCCC1(C2CCCC2)CCc2ccccc21)c1ccccc1
O=C(NCCCC1(C2CCCC2)CCc2ccccc21)c1ccccc1N1C=C1
O=C(CC1=CN1c1ccccc1)NCCCC1(C2CCCC2)CCc2ccccc21
O=C(CC1=CN1c1ccccc1)NCCCC12CCCCCC1Cc1ccccc12
O=C(CC1=CN1c1ccccc1)NCCCC12CCCCCC1CCc1ccccc12
O=C(CC1=CN1c1ccccc1)NCCCC12CCCCC1CCc1ccccc12
O=C(CC1=CN1c1ccccc1)NCCCC12CCCCC1CCc1ccccc12
O=C(CC1=CN1c1ccccc1)NCCCC12CCCC1CCc1ccccc12
O=C(CC1=CN1c1ccccc1)NCCCC12CCCC1CCCc1ccccc12
O=C(CC1=CN1c1ccccc1)NCCCC12CCC1CCCc1ccccc12
O=C(CC1=CN1c1ccccc1)NCCCC12CCC1CCCc1ccccc12
O=C(NCCCC12CCC1CCCc1ccccc12)C1=CN1c1ccccc1
O=C(NCCCC12CCC1CCCc1ccccc12)C1=CN(c2ccccc2)C1
O=C(NCCCC12CCC1CCCc1ccccc12)C1=CN(c2ccccc2)CC1
O=C(NCCCC12CCC1CCCc1ccccc12)c1ccn(-c2ccccc2)c1
O=C(NCCCC12CCC1CCCc1ccccc12)c1cnn(-c2ccccc2)c1
O=C(NCCCC12CCC1CCCc1ccccc12)c1cnn(-c2ccccc2)c1
O=C(NCCCC12CCCC1CCCc1ccccc12)c1cnn(-c2ccccc2)c1
O=C(NCCCC12CCCCC1CCCc1ccccc12)c1cnn(-c2ccccc2)c1
O=C(NCCCC12CCCCCC1CCCc1ccccc12)c1cnn(-c2ccccc2)c1
O=C(NCCCC12CCCCCC1CCCc1ccccc12)c1cnn(-c2ccccc2)c1
O=C(NCCCC12CCCCCCC1CCCc1ccccc12)c1cnn(-c2ccccc2)c1
O=C(NCCCC12CCCCCCC1CCCc1ccccc12)c1cnn(-c2ccccc2)c1
O=C(NCCCC12CCCCCCC1CCCc1ccccc12)c1cnn(-c2ccccc2)c1
O=C(NCCCC12CCCCCCC1CCCc1ccccc12)c1cnn(-c2ccccc2)c1
O=C(NCCCC1(C2CCCCC2)CCCCc2ccccc21)c1cnn(-c2ccccc2)c1
O=C(NCCCC1(C2CCCCC2)CCCCc2ccccc21)c1cnn(-c2ccccc2)c1
O=C(NCCCC1(C2CCCCC2)CCCc2ccccc21)c1cnn(-c2ccccc2)c1
O=C(NCCCC1(C2CCCC2)CCCc2ccccc21)c1cnn(-c2ccccc2)c1
O=C(Nc1cccnc1)c1ccc2c(c1)CCC1C2CCC2CCCC21
O=C(Nc1cccnc1)c1ccc2c(c1)CCC1C2CCC2CCCC21
O=C(NCc1cccnc1)c1ccc2c(c1)CCC1C2CCC2CCCC21
O=C(NCc1ccccc1)c1ccc2c(c1)CCC1C2CCC2CCCC21
O=C(NCc1ccccc1)c1ccc(C2CCC3CCCC3C2)cc1
O=C(NCc1ccccc1)c1ccc(C2CCC3CCCC3C2)cc1
O=C(NCc1ccccc1)c1ccc(C2CCC3CCCC3C2)cc1
O=C(NCc1ccccc1)c1ccc(C2CCC3CCCC3C2)cc1
O=C(NCc1ccccc1)c1ccc(C2CC3CCCC3C2)cc1
O=C(NCc1ccccc1)c1ccc(C2CC3CCCC3C2)cc1
O=C(NCc1ccccc1)c1ccc(C2CC3CCCC3C2)cc1
O=C(NCc1ccccc1)c1ccc(C2CCCC2)cc1
O=C(NCc1ccccc1)OCC1CCC(c2ccccc2)C1
O=C(NCc1ccccc1)OCC1CCC(Cc2ccccc2)C1
O=C(NCc1ccccc1)OC1CCC(Cc2ccccc2)CC1
O=C(NCc1ccccc1)OC1CCC(Cc2ccccc2)CC1
O=C(NCc1ccccc1)OC1CCC(Cc2ccccc2)CC1
O=C(NCc1ccccc1)OC1CCC(Cc2ccccc2)CC1
O=C(NCc1ccccc1)OC1CCC(Cc2ccccc2)CC1
O=C(NCc1ccccc1)OC1CCC(Cc2ccccc2)CC1
O=C(NCc1ccccc1)OC1CCC(Cc2ccccc2)C1
O=C(NCc1ccccc1)OC1CCC(Cc2ccccc2)NC1
O=C(NCc1ccccc1)OC1CCC(c2ccccc2)NC1
O=C(NCc1ccccc1)OC1CCC(c2c3cccc2-3)NC1
O=C(NCc1ccccc1)OC1CCC(c2c3cccc2-3)NC1
O=C(NCc1ccccc1)OC1CCC(c2c3cccc2-3)NC1
O=C(NCc1ccccc1)OC1CCC(C2=C3NC=CC=C32)NC1
O=C(NCc1ccccc1)OC1CCC(C2=C3NC=CC=C32)CC1
O=C(NCc1ccccc1)OC1CCC(C2=C3NC=CC=C32)C1
O=C(NCc1ccccc1)OC1CCC(C=C2C=CC=CN2)C1
O=C(NCc1ccccc1)OC1CCCC=C2NC=CC=C2C1
O=C(NCc1ccccc1)OC1CCCC=C2NC=CC=C2C1
O=C(NCc1ccccc1)OC1CCCC=C2NC=CC=C2C1
O=C(NCc1ccccc1)OC1CCCC=C2NC=CC=C2C1
O=C(NCc1ccccc1)OC1CCCC=C2NC=CC=C2C1
O=C(NCc1ccccc1)OC1CCC=C2NC=CC=C2C1
O=C(NCc1ccccc1)OC1CNC=C2NC=CC=C2C1
O=C(NCc1ccccc1)OC1CNC=C2NC=CC=C2C1
O=C(NCc1ccccc1)OC1CNC=C2NC=CC=C2C1
O=C(NCc1ccccc1)OC1CNC=C2CC=CC=C2C1
C=c1cccc2c1=CNCC(OC(=O)NCc1ccccc1)C2
C=c1cccc2c1=CNCC(OC(=O)NCc1ccccc1)C2
C=c1cccc2c1=CNCC(OC(=O)NCc1ccccc1)C2
C=c1cccc2c1=CNCC(OC(=O)NCc1ccccc1)C2
C=c1cccc2c1=CNCC(OC(=O)NCc1ccccc1)C2
C=c1cccc2c1=CNCC(OC(=O)NCc1ccccc1)C2
C=c1cccc2c1=CNCC(OC(=O)NCc1ccccc1)C2
C=c1cccc2c1=CNCC(OC(=O)NCc1ccccc1)C2
C=c1cccc2c1=CNCC(OC(=O)NCc1ccccc1)C2
O=C(NCc1ccccc1)OC1CNC2=c3c(cccc3=COCC2)C1
O=C(NCc1ccccc1)OC1CNC2=c3c(cccc3=CCCC2)C1
C=c1cccc2c1=CNCC(OC(=O)NCc1ccccc1)C2
O=C(NCc1ccccc1)OC1CNC2=c3c(cccc3=CCC2)C1
O=C(NCc1ccccc1)OC1CNC2=c3c(cccc3=CCC2)C1
O=C(NCc1ccccc1)OC1CNC2=c3c(cccc3=CCC2)C1
O=C(NCc1ccccc1)OC1CNC2=c3c(cccc3=CCC2)C1
O=C(NCc1ccccc1)OC1CNc2cccc3cccc(c23)C1
O=C(NCc1ccccc1)OC1CNc2cccc3cccc(c23)C1
O=C(NCc1ccccc1)OC1CNc2cccc3cccc(c23)C1
O=C(NCc1ccccc1)OC1CNc2cccc3cccc(c23)C1
O=C(NCc1ccccc1)OC1CNc2cccc3cccc(c23)C1
O=C(NCc1ccccc1)OC1CNc2cccc3cccc(c23)C1
O=C(NCc1ccccc1)OC1CNc2cccc3cccc(c23)C1
O=C(NCc1ccccc1)OC1CCc2c(ccc3ccccc23)NC1
O=C(NCc1ccccc1)OC1CNc2ccc3ccccc3c2C1
O=C(NCc1ccccc1)OC1CNc2ccc3ccccc3c2C1
O=C(NCc1ccccc1)OC1CNc2ccc3ccccc3c2C1
O=C(NCc1ccccc1)OC1CNc2ccc(C3=CC=C3)cc2C1
O=C(NCc1ccccc1)OC1CNc2ccc(C3=CC=C3)cc2C1
O=C(NCc1ccccc1)OC1CNc2ccc(C3=CC=C3)cc2C1
O=C(NCc1ccccc1)OC1CNc2ccc(C3=CC=C3)cc2C1
O=C(NCc1ccccc1)OC1CNc2ccc(C3=CC=C3)cc2C1
O=C(NCc1ccccc1)OC1CNc2ccc(C3=CCC=C3)cc2C1
O=C(NCc1ccccc1)OC1CNc2ccc(C3=CCCC=C3)cc2C1
O=C(NCc1ccccc1)OC1CNc2ccc(C3=CCCC=C3)cc2C1
O=C(NCc1ccccc1)OC1CNc2ccc(-c3ccccc3)cc2C1
O=C(NCc1ccccc1)OC1CNc2ccc(-c3ccccc3)cc2C1
O=C(NCc1ccccc1)OC1CNc2ccc(-c3ccccc3)cc2C1
O=C(NCc1ccccc1)OC1CNc2ccc(-c3ccccc3)cc2C1
O=C(NCc1ccccc1)OC1CNc2ccc(-c3ccccc3)cc2C1
O=C(NCc1ccccc1)OC1CNc2ccc(-c3ccccc3)cc2C1
O=C(NCc1ccccc1)OC1CNc2ccc(-c3ccccc3)cc2C1
O=C(NCc1ccccc1)OC1CNc2ccc(-c3ccccc3)cc2C1
O=C(NCc1ccccc1)OC1CNc2ccc(-c3ccccc3)cc2C1
O=C(NCc1ccccc1)OC1CNc2ccc(-c3ccccc3)cc2C1
O=C(NCc1ccccc1)OC1CNc2ccc(-c3ccccc3)cc2C1
O=C(NCc1ccccc1)OC1CNc2ccc(-c3ccccc3)cc2C1
O=C(NCc1ccccc1)OC1CNc2ccc(-c3ccccc3)cc2C1
O=C(NCc1ccccc1)OC1CNc2ccc(-c3ccccc3)cc2C1
O=C(NCc1ccccc1)OC1CNc2ccc(-c3ccccc3)cc2C1
O=C(NCc1ccccc1)OC1CNc2ccc(-c3ccccc3)cc2C1
O=C(NCc1ccccc1)OC1CNc2ccc(-c3ccccc3)cc2C1
O=C(NCc1ccccc1)OC1CNc2ccc(-c3ccccc3)cc2C1
O=C(NCc1ccccc1)OC1CNc2ccc(-c3ccccc3)cc2C1
O=C(NCc1ccccc1)OC1CNc2ccc(-c3ccccc3)cc2C1
O=C(NCc1ccccc1)OC1CNc2ccc(-c3ccccc3)cc2C1
O=C(NCc1ccccc1)OC1CNc2ccc(-c3ccccc3)cc2C1
O=C(NCc1ccccc1)OC1CNc2ccc(-c3ccccc3)cc2C1
O=C(NCc1ccccc1)OC1CNc2ccc(-c3ccccc3)cc2C1
O=C(NCc1ccccc1)OC1CNc2ccc(-c3ccccc3)cc2C1
O=C(NCc1ccccc1)OC1CNc2ccc(-c3ccccc3)cc2C1
O=C(NCc1ccccc1)OC1CNc2ccc(-c3ccccc3)cc2C1
O=C(NCc1ccccc1)OC1CNc2ccc(-c3ccccc3)cc2C1
O=C(NCc1ccccc1)OC1CNc2ccc(-c3ccccc3)cc2C1
O=C(NCc1ccccc1)OC1CNc2ccc(-c3ccccc3)cc2C1
O=C(NCc1ccccc1)OC1CNc2ccc(-c3ccccc3)cc2C1
O=C(NCc1ccccc1)OC1CNc2ccc(-c3ccccc3)cc2C1
O=C(NCc1ccccc1)OC1CNc2ccc(-c3cccc4c3C=CC4)cc2C1
O=C(NCc1ccccc1)OC1CNc2ccc(-c3cccc4[nH]ccc34)cc2C1
O=C(NCc1ccccc1)OC1CNc2ccc(-c3cccc4[nH]ccc34)cc2C1
O=C(NCc1ccccc1)OC1CNc2ccc(-c3cccc4cc[nH]c34)cc2C1
O=C(NCc1ccccc1)OC1CNc2ccc(-c3cccc4cc[nH]c34)cc2C1
O=C(NCc1cccnc1)OC1CNc2ccc(-c3cccc4cc[nH]c34)cc2C1
O=C(NCc1cccnc1)OC1CNc2ccc(-c3cccc4cc[nH]c34)cc2C1
O=C(NCc1cccnc1)OC1CNc2ccc(-c3cccc4cc[nH]c34)cc2C1
O=C(NCc1ccccc1)OC1CNc2ccc(-c3cccc4cc[nH]c34)cc2C1
O=C(Nc1cccnc1)c1ccc2c(c1)CCC1C2CCC2CCCC21
O=C(Nc1cccnc1)c1ccc2c(c1)CCC1C2CCC2CCCC21
O=C(Nc1cccnc1)c1ccc2c(c1)CCC(C1CCCC1)C2
O=C(Nc1cccnc1)c1ccc2c(c1)CCC(C1CCCC1)C2
O=C(Nc1cccnc1)c1ccc2c(c1)CCC(C1CCCC1)C2
O=C(Nc1ccccc1)c1ccc2c(c1)CCC(C1CCCC1)C2
O=C(Nc1ccccc1)c1ccc2c(c1)CCC(C1CCCC1)C2
O=C(Nc1ccccc1)c1ccc2c(c1)CCC(C1CCCC1)C2
O=C(Nc1ccccc1)c1ccc2c(c1)CCC(C1CCCO1)C2
c1ccc(NCc2ccc3c(c2)CCC(C2CCCO2)C3)cc1
c1ccc(Nc2ccc3c(c2)CCC(C2CCCO2)C3)cc1
c1ccc(Nc2ccc3c(c2)CCC(C2CCCO2)C3)cc1
c1ccc(Nc2ccc3c(c2)CCC(C2CCCO2)C3)cc1
c1ccc(Nc2ccc3c(c2)CCC(C2CCCO2)C3)cc1
c1ccc(Nc2ccc3c(c2)CCC(C2CCCO2)C3)cc1
c1ccc(Nc2ccc3c(c2)CCC(C2CCCO2)C3)cc1
c1ccc(Nc2ccc3c(c2)CCC(C2CCO2)C3)cc1
c1ccc(Cc2ccc3c(c2)CCC(C2CCO2)C3)cc1
c1ccc(-c2ccc3c(c2)CCC(C2CCO2)C3)cc1
c1ccc(-c2ccc3c(c2)CCC(C2CCO2)C3)cc1
c1ccc(-c2ccc3c(c2)CCC(C2CCO2)C3)cc1
c1ccc2c(c1)Cc1c-2ccc2c1CCC(C1CCO1)C2
c1ccc2c(c1)Cc1c-2ccc2c1CCC(C1CCO1)C2
c1ccc2c(c1)Cc1c-2ccc2c1CCC(C1CCO1)C2
c1ccc2c(c1)Cc1c-2ccc2c1CCC(C1CCO1)C2
c1ccc2c(c1)OCc1c-2ccc2c1CCC(C1CCO1)C2
c1ccc2c(c1)OCc1c-2ccc2c1CCC(C1CCO1)C2
c1ccc2c(c1)OCc1c-2ccc2c1CCC(C1CCO1)C2
c1ccc2c(c1)OCc1c-2ccc2c1CCC(C1CCO1)C2
c1ccc2c(c1)OCc1c-2ccc2c1CCC(C1CCO1)C2
c1ccc2c(c1)OCc1c-2ccc2c1CCCC(C1CCO1)C2
c1ccc2c(c1)OCc1c-2ccc2c1CCCC(C1CCO1)C2
c1ccc2c(c1)OCc1c-2ccc2c1CCCC(C1CCO1)CN2
c1ccc2c(c1)OCc1c-2ccc2c1CCC(C1CCO1)CN2
c1ccc2c(c1)OCc1c-2ccc2c1CCC(C1CCC1)CN2
c1ccc2c(c1)OCc1c-2ccc2c1CCC(C1CCC1)CN2
C1=CC(C2CCc3c(ccc4c3COc3ccccc3-4)NC2)C1
C1=CC(C2CCc3c(ccc4c3COc3ccccc3-4)NC2)C1
C1=CC(C2CCCc3c(ccc4c3COc3ccccc3-4)NC2)C1
C1=CC(C2CCCc3c(ccc4c3COc3ccccc3-4)NC2)CC1
C1=CC(C2CCCc3c(ccc4c3COc3ccccc3-4)NC2)CC1
C1=CC(C2CCCc3c(ccc4c3COc3ccccc3-4)NC2)CCC1
C1=CC(C2CCCc3c(ccc4c3COc3ccccc3-4)NC2)CCCC1
C1=CC(C2CCc3c(ccc4c3COc3ccccc3-4)NC2)CCCC1
C1=CC(C2CNc3ccc4c(c3C2)COc2ccccc2-4)CCCC1
C1=CC(C2CNc3ccc4c(c32)COc2ccccc2-4)CCCC1
C1=CC(C2CNc3ccc4c(c32)CCOc2ccccc2-4)CCCC1
C1=CC(C2Cc3c(ccc4c3CCN4)-c3ccccc3O2)CCCC1
C1=CC(C2Cc3c(ccc4c3CCN4)-c3ccccc3O2)CCC1
C1=CC(C2Cc3c(ccc4c3CCN4)-c3ccccc3O2)CCC1
C1=CC(C2Cc3c(ccc4c3CCN4)-c3ccccc3O2)CCC1
C1=CC(C2Oc3ccccc3-c3ccc4c(c32)CCN4)CCC1
C1=CC(C2Oc3ccccc3-c3ccc4c(c32)CCN4)CCC1
C1=CC(C2Oc3ccccc3-c3ccc4c(c32)CCN4)CCC1
C1=CC(C2Oc3ccccc3-c3ccc4c(c32)CCCN4)CCC1
C1=CC(C2Oc3ccccc3-c3ccc4c(c32)CCCN4)CCC1
C1=CC(C2Oc3ccccc3-c3ccc4c(c32)CCCN4)CCC1
C1=CC(C2Oc3ccccc3-c3ccc4c(c32)CCN4)CCC1
C1=CC(C2Oc3ccccc3-c3ccc4c(c32)CCN4)CCC1
C1=CC(C2Oc3ccccc3-c3ccc4c(c32)CCN4)CCC1
C1=CC(C2Oc3ccccc3-c3ccc4c(c32)CCN4)CCCC1
C1=CC(C2Oc3ccccc3-c3ccc4c(c32)CCN4)CCCC1
C1=CC(C2Oc3ccccc3-c3ccc4c(c32)CCCN4)CCCC1
C1=CC(C2Oc3ccccc3-c3ccc4c(c32)CCCN4)CCCC1
C1=CC(C2Oc3ccccc3-c3ccc4c(c32)CCCN4)CCCC1
C1=CC(C2Oc3ccccc3-c3ccc4c(c32)CCCCN4)CCCC1
C1=CC(C2Oc3ccccc3-c3ccc4c(c32)CCCCN4)CCCCC1
C1=CC(C2Oc3ccccc3-c3ccc4c(c32)CCCN4)CCCCC1
C1=CC(C2Oc3ccccc3-c3ccc4c(c32)CCN4)CCCCC1
C1=CC(C2Oc3ccccc3-c3ccc4c(c32)CN4)CCCCC1
C1=CC(C2Oc3ccccc3-c3ccc4c(c32)CN4)CCCCC1
C1=CC(C2Oc3ccccc3-c3ccc4c(c32)CN4)CCCCC1
C1=CC(C2Oc3ccccc3-c3ccc4c(c32)CN4)CCCC1
C1=CC(C2Oc3ccccc3-c3ccc4c(c32)CN4)CCCC1
C1=CC(C2Oc3ccccc3-c3ccc4c(c32)CN4)CCCCC1
C1=CC(C2Oc3ccccc3-c3ccc4c(c32)CN4)CCCCC1
C1=CC(C2Oc3ccccc3-c3ccc4c(c32)CN4)CCCC1
C1=CC(C2Oc3ccccc3-c3ccc4c(c32)CCN4)CCCC1
C1=CC(C2Oc3ccccc3-c3ccc4c(c32)CCN4)CCCC1
C1=CC(C2Oc3ccccc3-c3ccc4c(c32)CCN4)CCCC1
C1=CC(C2Oc3ccccc3-c3ccc4c(c32)CCCN4)CCCC1
C1=CC(C2Oc3ccccc3-c3ccc4c(c32)CCCN4)CCCC1
C1=CC(C2Oc3ccccc3-c3ccc4c(c32)C=CCN4)CCCC1
C1=CC(C2Oc3ccccc3-c3ccc4c(c32)C=CCN4)CCC1
O=C(Nc1cccnc1)c1ccc2c(c1)CCC1C2CCC2CCCC21
O=C(Nc1cccnc1)c1ccc2c(c1)OCC1C2CCC2CCCC21
O=C(Nc1cccnc1)c1ccc2c(c1)OCC1C2CCC2CCCC21
O=C(Nc1cccnc1)c1ccc2c(c1)OCC1C2CCC2CCCC21
O=C(Nc1cccnc1)c1ccc2c(c1)OCC1C2CCC2CCCC21
O=C(Nc1ccccc1)c1ccc2c(c1)OCC1C2CCC2CCCC21
O=C(Nc1ccccc1)c1ccc2c(c1)OCC1C2CCC2CCCC21
O=C(Nc1ccccc1)c1ccc2c(c1)OCC1C2CCC2CCCC21
O=C(Nc1ccccc1)c1ccc2c(c1)OCC1C2CCC2CCCC21
O=C(Oc1ccccc1)c1ccc2c(c1)OCC1C2CCC2CCCC21
c1ccc(OCc2ccc3c(c2)OCC2C3CCC3CCCC32)cc1
c1ccc(-c2ccc3c(c2)OCC2C3CCC3CCCC32)cc1
c1ccc(-c2ccc3c(c2)OCC2C3CC3CCCC32)cc1
c1ccc(-c2ccc3c(c2)OCC2C3CC3CCCC32)cc1
c1ccc(-c2ccc3c(c2)OCC2C3CC3CCC32)cc1
c1ccc(C2CC3CC4c5ccccc5OCC4C32)cc1
c1ccc(C2CC3CC4c5ccccc5OCC4C32)cc1
c1ccc(C2CCC2C2COc3ccccc3C2)cc1
c1ccc(C2CCC2C2COc3ccccc3C2)cc1
c1ccc(C2CCC2C2COc3cc4c(cc3C2)CC4)cc1
c1ccc(C2CCC2C2COc3cc4c(cc3C2)CC4)cc1
c1ccc(C2CC2C2COc3cc4c(cc3C2)CC4)cc1
c1ccc(C2CC2C2COc3cc4c(cc3C2)OC4)cc1
c1ccc(C2CC2C2COc3cc4c(cc3C2)OCO4)cc1
c1ccc(C2CC2C2COc3cc4c(cc3C2)OCO4)cc1
O=C1C(c2ccccc2)C1C1COc2cc3c(cc2C1)OCO3
O=C1C(c2ccccc2)CC1C1COc2cc3c(cc2C1)OCO3
O=C1C(c2ccccc2)CC1C1COc2cc3c(cc2C1)OCO3
O=C1C(c2ccccc2)CC1C1COc2cc3c(cc2C1)OCO3
O=C1C(c2ccccc2)CC1C1COc2cc3c(cc2C1)OCO3
O=C1OC(c2ccccc2)CC1C1COc2cc3c(cc2C1)OCO3
O=C1OC(c2ccccc2)CC1C1COc2cc3c(cc2C1)OCO3
O=C1OCC(c2ccccc2)CC1C1COc2cc3c(cc2C1)OCO3
O=C1OCC(c2ccccc2)CC1C1COc2cc3c(cc2C1)OCO3
O=C1OCC(c2ccccc2)C1C1COc2cc3c(cc2C1)OCO3
O=C1OCC(c2ccccc2)C1C1COc2cc3c(cc2C1)OCO3
O=C1OCC(C2COc3cc4c(cc3C2)OCO4)C1c1ccccc1
O=C1OCC(C2COc3cc4c(cc3C2)OCO4)C1c1ccccc1
O=C1OCC(C2Cc3cc4c(cc3O2)OCO4)C1c1ccccc1
O=C1OCC(C2Cc3cc4c(cc3CO2)OCO4)C1c1ccccc1
O=C1OCC(C2Cc3cc4c(cc3CO2)OCO4)C1c1ccccc1
O=C1OCC(C2Cc3cc4c(cc3CCO2)OCO4)C1c1ccccc1
O=C1OCC(C2Cc3cc4c(cc3CCO2)OCO4)C1c1ccccc1
O=C1OCC(C2Cc3cc4c(cc3CCO2)OCO4)C1c1ccccc1
O=C1OCC(C2CCCc3cc4c(cc3C2)OCO4)C1c1ccccc1
O=C1OCC(C2CCc3cc4c(cc3C2)OCO4)C1c1ccccc1
O=C1OCC(C2CCc3cc4c(cc3C2)OCO4)C1c1ccccc1
O=C1OCCC2Cc3cc4c(cc3CC2CC1c1ccccc1)OCO4
O=C1OCCC2Cc3cc4c(cc3CC2CC1c1ccccc1)OCO4
O=C1OCCC2Cc3cc4c(cc3CC2CC1c1ccccc1)OCO4
O=C1OCC2Cc3cc4c(cc3CC2CC1c1ccccc1)OCO4
C=C1C(c2ccccc2)C(=O)OCC2Cc3cc4c(cc3CC12)OCO4
C=C1C(c2ccccc2)C(=O)OCC2Cc3cc4c(cc3CC12)OCO4
O=C1OCC2Cc3cc4c(cc3CC2C(=O)C1c1ccccc1)OCO4
O=C1OCC2Cc3cc4c(cc3CC2C(=O)C1c1ccccc1)OCO4
O=C1OCC2Cc3cc4c(cc3CC2C(=O)C1c1ccccc1)OCO4
O=C1CC(=O)C2C(CO1)Cc1cc3c(cc1C2c1ccccc1)OCO3
O=C1CCOCC2Cc3cc4c(cc3C(c3ccccc3)C12)OCO4
O=C1CCOCC2Cc3cc4c(cc3C(c3ccccc3)C12)OCO4
O=C1COCC2Cc3cc4c(cc3C(c3ccccc3)C12)OCO4
O=C1OCC2Cc3cc4c(cc3C(c3ccccc3)C12)OCO4
O=C(Nc1cccnc1)c1ccc2c(c1)CCC1C2CCC2CCCC21
O=C(Nc1cccnc1)c1ccc2c(c1)CCC1C2CCC2CCCC21
O=C(Nc1ccccc1)c1ccc2c(c1)CCC1C2CCC2CCCC21
O=C(Nc1ccccc1)c1ccc2c(c1)CCC1C2CCC2CCCC21
O=C(Nc1ccccc1)c1ccc2c(c1)CCC1C2CCC2CCCC21
O=C(Nc1ccccc1)c1cc2c3c(c1)COC1CC4CCCC4C(CC2)C31
O=C(Nc1ccccc1)c1ccc2c(c1)COC1CC3CCCC3CC21
O=C(Nc1ccccc1)c1ccc2c(c1)COC1CC3CCCC3CC21
O=C(Nc1ccccc1)c1ccc2c(c1)COC1CC3CCCC3CC21
O=C(Nc1ccccc1)c1ccc2c(c1)COC1CCCCC21
O=C(Nc1ccccc1)c1ccc2c(c1)COC1CCCCC21
O=C(Nc1ccccc1)c1ccc2c(c1)COC1CCCCC21
c1ccc(NCc2ccc3c(c2)COC2CCCCC32)cc1
c1ccc(NCc2ccc3c(c2)COC2CCCCC32)cc1
c1ccc(NCc2cc3c4c(c2)COCC4CCCCC3)cc1
c1ccc(NCc2ccc3c(c2)CCCCCC3)cc1
c1ccc(NCc2ccc3c(c2)CCCCCC3)cc1
c1ccc(NCc2ccc3c(c2)CCCCCC3)cc1
c1ccc(NCc2ccc3c(c2)CCCCCC3)cc1
c1ccc(NCc2ccc3c(c2)CCCCCC3)cc1
c1ccc(NCc2ccc3c(c2)CCCCC3)cc1
c1ccc(NCc2ccc3c(c2)CCCCC3)cc1
c1ccc(NCc2ccc3c(c2)NCCC3)cc1
c1ccc(NCc2ccc3c(c2)NCCC3)cc1
c1ccc(Nc2ccc3c(c2)NCCC3)cc1
c1ccc(Nc2ccc3c(c2)NCCC3)cc1
c1ccc(NCc2cccc3c2CCCN3)cc1
c1ccc2c(c1)CCC(c1cccc3c1CCCN3)N2
c1ccc2c(c1)CC(c1cccc3c1CCCN3)N2
c1ccc2c(c1)CC(c1cccc3c1CCCN3)N2
c1cc2c(c(-c3cc4ccccc4[nH]3)c1)CCCN2
c1cc2c(c(-c3cc4ccccc4[nH]3)c1)CCCN2
c1ccc2c3c([nH]c2c1)-c1c-3ccc2c1CCCN2
c1ccc2c3c([nH]c2c1)Cc1c-3ccc2c1CCCN2
c1ccc2c3c([nH]c2c1)Cc1c-3ccc2c1CCCN2
c1ccc2c(-c3ccc4c(c3)CCCN4)c[nH]c2c1
c1ccc2c(-c3ccc4c(c3)CCCN4)c[nH]c2c1
c1ccc2c(-c3ccc4c(c3)CCCN4)c[nH]c2c1
c1ccc2c(-c3ccc4c(c3)CCCN4)c[nH]c2c1
c1ccc2c(-c3ccc4c(c3)CCCN4)c[nH]c2c1
c1ccc2c(-c3ccc4c(c3)CCCN4)c[nH]c2c1
c1ccc2c(-c3ccc4c(c3)CCCN4)c[nH]c2c1
O=C(Nc1cccnc1)c1ccc2c(c1)CCC1C2CCC2CCCC21
O=C(Nc1cccnc1)c1ccc2c(c1)CCOC1C2CCC2CCCC21
O=C(Nc1cccnc1)c1ccc2c(c1)CCOC(C1CCCC1)C2
O=C(Nc1cccnc1)c1ccc2c(c1)CCOCC2
O=C(Nc1cccnc1)c1ccc2c(c1)CCOCC2
O=C(Nc1cccnc1)c1ccc2c(c1)CCOCC2
O=C(Nc1cccnc1)c1cccc2c1CCOCC2
O=C(Nc1cccnc1)c1cccc2c1CCOCC2
O=C(Nc1cccnc1)c1cccc2c1CCOCC2
O=C(Nc1cccnc1)c1cccc2c1CCOCC2
O=C(Nc1ccccc1)c1cccc2c1CCOCC2
O=C(Nc1ccccc1)c1cccc2c1CCOCC2
O=C(Nc1ccccc1)c1cccc2c1CCOCC2
O=C(Nc1ccccc1)c1cccc2c1CCOCC2
O=C(Nc1ccccc1)c1cccc2c1C(C1CO1)COCC2
O=C(Nc1ccccc1)c1cccc2c1CCOCC2
O=C(CCC1COCCc2ccccc21)Nc1ccccc1
O=C(CCC1COOCCc2ccccc21)Nc1ccccc1
O=C(CCC1COOCCc2ccccc21)Nc1ccccc1
O=C(CCC1COOCCc2ccccc21)Nc1ccccc1
O=C(CCC1COOCCc2ccccc21)Nc1ccccc1
O=C(CCCC1COOCCc2ccccc21)Nc1ccccc1
O=C(CCCC1COOCCc2ccccc21)Nc1ccccc1
O=C(Nc1ccccc1)C(CCC1CC1)CCC1COOCCc2ccccc21
O=C(Nc1ccccc1)C(CCC1CC1)CCC1COOCCc2ccccc21
O=C(CCCC1COOCCc2ccccc21)Nc1ccccc1
O=C(CCCC1COCCc2ccccc21)Nc1ccccc1
O=C(CCCC1COCCc2ccccc21)Nc1ccccc1
O=C(CCC1COCCc2ccccc21)Nc1ccccc1
O=C(CCC1COCCc2ccccc21)Nc1ccccc1
O=C(CCC1COCCc2ccccc21)Nc1ccccc1
O=C(CCC1COCCc2ccccc21)Nc1ccccc1
O=C(CCC1COCCc2ccccc21)Nc1ccccc1
O=C(CCC1COCCc2ccccc21)Nc1ccccc1
O=C(CCC1COCCc2ccccc21)Nc1ccccc1
O=C(CCC1COCCc2ccccc21)Nc1ccccc1
O=C(CCC1COCCc2ccccc21)Nc1ccccc1
O=C(CCC1COCCc2ccccc21)Nc1ccccc1
O=C(CCC1COCCc2ccccc21)Nc1ccccc1
O=C(CCC1COOCCc2ccccc21)Nc1ccccc1
O=C(CCCCc1cccc2c1CCOOCC2)Nc1ccccc1
O=C(CCCc1cccc2c1CCOOCC2)Nc1ccccc1
O=C(CCCc1cccc2c1CCOOCC2)Nc1ccccc1
O=C(CCCc1cccc2c1CCOCC2)Nc1ccccc1
O=C(CCCc1cccc2c1CCOCC2)Nc1ccccc1
O=C(CCCc1cccc2c1CCOCC2)Nc1ccccc1
O=C(CCCc1cccc2c1OCCOCC2)Nc1ccccc1
O=C(CCCc1cccc2c1OCCCCC2)Nc1ccccc1
O=C(CCCc1cccc2c1OCCCC2)Nc1ccccc1
O=C(CCCc1cccc2c1OCCCC2)Nc1ccccc1
O=C(CCCc1cccc2c1OCCCC2)Nc1ccccc1
O=C(CCCc1cccc2c1OCCC2)Nc1ccccc1
O=C(CCCc1cccc2c1OCCC2)Nc1ccccc1
O=C(CCCc1cccc2c1OCCC2)Nc1ccccc1
O=C(CCCc1cccc2c1OCCC2)Nc1ccc2c(c1)CC2
O=C(CCCc1cccc2c1OCCC2)Nc1ccc2c(c1)C2
O=C(CCCc1cccc2c1OCCC2)Nc1ccc2c(c1)OC2
O=C(CCCc1cccc2c1OCC2)Nc1ccc2c(c1)OC2
O=C(CCCc1cccc2c1OCC2)Nc1ccc2c(c1)OC2
O=C(CCCc1cccc2c1OCC2)Nc1ccc2c(c1)CC2
C=C1Cc2cc(NC(=O)CCCc3cccc4c3OCC4)ccc21
C=C1CCc2cc(NC(=O)CCCc3cccc4c3OCC4)ccc21
C=C1CCc2cc(NC(=O)CCCc3cccc4c3OCC4)ccc21
C=C1NCc2cc(NC(=O)CCCc3cccc4c3OCC4)ccc21
C=C1N=Cc2cc(NC(=O)CCCc3cccc4c3OCC4)ccc21
O=C(CCCc1cccc2c1OCC2)Nc1ccc2c(c1)C=NC2=O
O=C(CCCc1cccc2c1OCCC2)Nc1ccc2c(c1)C=NC2=O
O=C(CCCc1cccc2c1OCCC2)Nc1ccc2c(=O)oncc2c1
O=C(CCCc1cccc2c1OCC2)Nc1ccc2c(=O)oncc2c1
O=C(Nc1cccnc1)c1ccc2c(c1)CCC1C2CCC2CCCC21
O=C(Nc1cccnc1)c1ccc2c(c1)CCC1C2CCC2CCCC21
O=C(Nc1cccnc1)c1ccc2c(c1)CCC1C2CCC2CCCC21
O=C(Nc1cccnc1)c1ccc2c(c1)CCC1C2CC2CCCC21
O=C(Nc1cccnc1)c1ccc2c(c1)CCC1CCCC21
O=C(Nc1ccccc1)c1ccc2c(c1)CCC1CCCC21
O=C(NCc1ccccc1)c1ccc2c(c1)CCC1CCCC21
O=C(NCc1ccccc1)c1ccc2c(c1)CCC1CCCC21
O=C(NCc1ccccc1)c1ccc(C2CCCC2)cc1
O=C(NCc1ccccc1)c1ccc(C2CCCC2)cc1
O=C(NCc1ccccc1)c1ccc(C2CCCC2)cc1
O=C(NCc1ccccc1)c1ccc(C2CCCC2)cc1
O=C(NCc1ccccc1)c1ccc(C2CCCC2)cc1
O=C(NCc1ccccc1)c1ccc(C2CCCC2)cc1
O=C(NCc1ccccc1)c1ccc(C2CCCC2)cc1
O=C(NCCc1ccccc1)c1ccc(C2CCCC2)cc1
O=C(NCCc1ccccc1)c1ccc(C2CCCC2)cc1
O=C(NCCc1ccccc1)c1ccc(C2CCCC2)cc1
O=C(NCCc1ccccc1)c1ccc(C2CCCC2)cc1
O=C(NCCc1ccccc1)c1ccc(C2CCCC2)cc1
O=C(NCCc1ccccc1)c1ccc(C2CCCC2)cc1
O=C(NCCc1ccccc1)c1ccc(C2CCCC2)cc1
O=C(NCCc1ccccc1)c1ccc(C2CCCC2)cc1
O=C(NCCc1ccccc1)c1ccc(C2CCCC2)cc1
O=C(NCCc1ccccc1)c1ccc(C2CCCC2)cc1
O=C(NCCc1ccccc1)c1ccc(C2CCCC2)cc1
O=C(NCCc1ccccc1)c1ccc(C2CCCC2)cc1
O=C(NCCc1ccccc1)c1ccc(C2CCCC2)cc1
O=C(NCCc1ccccc1)c1ccc(C2CC3CC3C2)cc1
O=C(NCCc1ccccc1)c1ccc(C2CCCC2)cc1
O=C(NCCc1ccccc1)c1ccc(C2CCC2)cc1
O=C(NCCc1ccccc1)c1ccc(C2CCC2)cc1
O=C(NCCc1ccccc1)c1ccc(C2CC2)cc1
O=C(NCCc1ccccc1)c1ccc(C2CC2)cc1
O=C(NCCc1ccccc1)c1ccc(C2CC2)cc1
O=C(NCCc1ccccc1)c1ccc(C2CC2)cc1
O=C(NCCc1ccccc1)c1ccccc1
O=C(NCCc1ccccc1)c1ccccc1
O=C(NCCc1ccccc1)c1ccccc1
O=C(NCCc1ccccc1)c1ccccc1
O=C(NCCc1ccccc1)c1ccccc1
O=C(NCCc1ccccc1)c1ccccc1
O=C(NCCc1ccccc1)c1ccccc1
O=C(NCCc1ccccc1)c1ccccc1
O=C(NCCc1ccccc1)c1ccccc1
O=C(NCCc1ccccc1)c1ccccc1
O=C(NCCc1ccccc1)c1ccccc1
O=C(NCCc1ccccc1)c1ccccc1
O=C(NCCc1ccccc1)c1ccccc1
O=C(NCCc1ccccc1)NCCc1ccccc1
O=C(NCCc1ccccc1)c1ccccc1
O=C(NCCc1ccccc1)c1ccccc1
O=C(NCCc1ccccc1)c1ccccc1
O=C(NCCc1ccccc1)c1ccccc1
O=C(NCCc1ccccc1)c1ccccc1
O=C(NCCc1ccccc1)c1ccccc1
O=C(NCCc1ccccc1)c1ccccc1
O=C(NCCc1ccccc1)c1ccccc1
O=C(NCCc1ccccc1)c1ccccc1
O=C(NCCc1ccccc1)c1cccnc1
O=C(NCCc1ccccc1)c1cccnc1
O=C(NCCc1ccccc1)c1cccnc1
O=C(NCCc1ccccc1)c1cccnc1
O=C(NCCc1ccccc1)c1cccnc1
O=C(NCCc1ccccc1)c1cccnc1
O=C(NCCc1ccccc1)c1cccnc1
O=C(NCCc1ccccc1)c1cccnc1
O=C(NCCc1ccccc1)c1cccnc1
O=C(NCCc1ccccc1)c1cccnc1
O=C(NCCc1ccccc1)c1cccnc1
O=C(NCCc1ccccc1)c1cccnc1
O=C(NCCc1ccccc1)c1cccnc1
c1ccc(CCCCc2ccncc2)cc1
c1ccc(CCCCc2ccncc2)cc1
c1ccc(CCCCc2ccncc2)cc1
c1ccc(CCCCc2ccncc2)cc1
c1ccc(CCCCc2ccncc2)cc1
c1ccc(CCCCc2ccncc2)cc1
c1ccc(CCCCc2ccncc2)cc1
c1ccc(CCCCc2ccncc2)cc1
c1ccc(CCCCc2ccncc2)cc1
c1ccc(CCCCc2ccncc2)cc1
c1ccc(CCCCc2ccncc2)cc1
c1ccc(CCCCc2ccncc2)cc1
c1ccc(CCCCc2ccncc2)cc1
c1ccc(CCCCc2ccncc2)cc1
c1ccc(CCCCc2ccncc2)cc1
c1ccc(CCCCc2ccncc2)cc1
c1ccc(CCCCc2ccncc2)cc1
c1ccc(CCCCc2ccncc2)cc1
c1ccc(CCCCc2ccncc2)cc1
c1ccc(CCCCc2ccncc2)cc1
c1ccc(CCCCc2ccncc2)cc1
c1ccc(CCCCc2ccncc2)cc1
c1ccc(CCCCc2ccncc2)cc1
c1ccc(CCCCc2ccncc2)cc1
c1ccc(CCCCc2ccncc2)cc1
c1ccc(CCCCc2ccncc2)cc1
c1ccc(CCCCc2ccncc2)cc1
c1ccc(CCCCc2ccncc2)cc1
O=C(NCCCCc1ccccc1)c1cccnc1
O=C(NCCCCc1ccccc1)c1cccnc1
O=C(NCCCCc1ccccc1)c1cccnc1
O=C(NCCCCc1ccccc1)c1cccnc1
O=C(NCCCCc1ccccc1)c1cccnc1
O=C(NCCCCc1ccccc1)c1cccnc1
O=C(NCCCCc1ccccc1)c1cccnc1
O=C(NCCCCc1ccccc1)c1cccnc1
O=C(NCCCCc1ccccc1)c1cccnc1
O=C(NCCCCc1ccccc1)c1cccnc1
O=C(NCCCCc1ccccc1)c1cccnc1
O=C(NCCCCc1ccccc1)c1cccnc1
O=C(NCCCCc1ccccc1)c1cccnc1
O=C(NCCCCc1ccccc1)c1cccnc1
O=C(NCCCCc1ccccc1)c1cccnc1
O=C(NCCCCc1ccccc1)c1cccnc1
O=C(NCCCCc1ccccc1)c1cccnc1
O=C(NCCCCc1ccccc1)c1cccnc1
O=C(NCCCCc1ccccc1)c1cccnc1
O=C(NCCCCc1ccccc1)c1cccnc1
O=C(NCCCCc1ccccc1)c1cccnc1
O=C(NCCCCc1ccccc1)c1cccnc1
O=C(NCCCCc1ccccc1)C1=CC=CCN=C1
O=C(NCCCCc1ccccc1)C1=CCCCN=C1
O=C(NCCCCc1ccccc1)C1=CNCCN=C1
O=C(NCCCCc1ccccc1)C1=CNCCN=C1
O=C(NCCCCc1ccccc1)C1=CNCCN=C1
O=C(NCCCCc1ccccc1)C1=CNCCN=C1
O=C(NCCCCc1ccccc1)C1=CNCCN=C1
O=C(NCCCCc1ccccc1)C1=CNCN=C1
O=C(NCCCCc1ccccc1)C1=CNNN=C1
O=C(NCCCCc1ccccc1)c1cn[nH][nH][nH]c1
O=C(NCCCCc1ccccc1)c1cn[nH][nH][nH]c1
O=C(NCCCCc1ccccc1)c1cn[nH][nH][nH]c1
O=C(NCCCCc1ccccc1)c1cn[nH]n2n(c1)CC2
O=C(NCCCCc1ccccc1)c1cn[nH]n2n(c1)CC2
O=C(NCCCCc1ccccc1)c1cn[nH][nH][nH]c1
O=C(NCCCCc1ccccc1)c1cn[nH][nH][nH]c1
O=C(NCCCCc1ccccc1)c1cn[nH][nH][nH]c1
O=C(NCCCCc1ccccc1)C1=CNNN=C1
O=C(NCCCCc1ccccc1)C1=CNNN=C1
O=C(NCCCCc1ccccc1)C1=CN(C2CCC2)NN=C1
O=C(NCCCCc1ccccc1)c1cnn(C2CCC2)c1
O=C(NCCCCc1ccccc1)c1cnn(C2CC2)c1
O=C(NCCCCc1ccccc1)c1cnn(C2CC2)c1
O=C(NCCCCc1ccccc1)c1cnn(C2CC2)c1
O=C(NCCCCc1ccccc1)c1cnn(C2=CC2)c1
O=C(NCCCCc1ccccc1)c1cnn(C2=CCN2)c1
O=C(NCCCCc1ccccc1)c1cnn(C2=CCN2)c1
O=C(NCCCCc1ccccc1)c1cnn(C2=CCNC2)c1
O=C(NCCCCc1ccccc1)c1cnn(C2=CCCC2)c1
O=C(NCCCCc1ccccc1)c1cnn(C2=CC=CC2)c1
O=C(NCCCCc1ccccc1)c1cnn(C2=CCC=CC2)c1
O=C(NCCCCc1ccccc1)c1cnn(C2=CCC=CC2)c1
O=C(NCCCCc1ccccc1)c1cnn(C2=CCC=C2)c1
O=C(NCCCCc1ccccc1)c1cnn(C2=CCC=C2)c1
O=C(NCCCCc1ccccc1)c1cnn(C2=CCCC=C2)c1
O=C(NCCCCc1ccccc1)c1cnn(C2=CCCC=C2)c1
O=C(NCCCCc1ccccc1)c1cnn(-c2ccccc2)c1
O=C(NCCCCc1ccccc1)c1cnn(-c2ccccc2)c1
O=C(NCCCCc1ccccc1)c1cnn(-c2ccccc2)c1
O=C(NCCCCc1ccccc1)c1cnn(-c2ccccc2)c1
O=C(NCCCCc1ccccc1)c1cnn(-c2ccccc2)c1
O=C1CC(C(=O)N2CCCC(OC(=O)c3ccc(OCc4ccc(C5CC5)cc4)cc3)C2)CO1
O=C1CC(C(=O)N2CCCC(OC(=O)c3ccc(OCc4ccc(C5CC5)cc4)cc3)C2)O1
O=C1CC(C(=O)N2CCCC(OC(=O)c3ccc(OCc4ccc(C5CC5)cc4)cc3)C2)O1
O=C1CC(C(=O)N2CCCC(OC(=O)c3ccc(OCc4ccc(N5CC5)cc4)cc3)C2)O1
O=C1CC(C(=O)N2CCCC(OC(=O)c3ccc(OCc4ccc(N5CC5)cc4)cc3)C2)O1
O=C1CC(C(=O)N2CCCC(OC(=O)c3ccc(OCc4ccc(N5CC5)cc4)cc3)C2)O1
O=C1CC(C(=O)N2CCCC(OC(=O)c3ccc(OCc4ccc(N5CC5)cc4)cc3)C2)O1
O=C1CC(CN2CC(OC(=O)c3ccc(OCc4ccc(N5CC5)cc4)cc3)CCC2=O)O1
O=C1CC(CN2CC(OC(=O)c3ccc(OCc4ccc(N5CC5)cc4)cc3)CCCC2=O)O1
O=C1CC(CN2CC(OC(=O)c3ccc(OCc4ccc(N5CC5)cc4)cc3)CCCC2=O)O1
O=C1CC(CN2CC(OCc3ccc(OCc4ccc(N5CC5)cc4)cc3)CCCC2=O)O1
O=C1CC(CN2CC(OCc3ccc(OCc4ccc(N5CC5)cc4)cc3)CCCC2=O)O1
O=C1CC(CN2CC(OCc3ccc(OCc4ccc(N5CC5)cc4)cc3)CCCC2=O)O1
O=C1CC(CN2CC(OCc3ccc(CCc4ccc(N5CC5)cc4)cc3)CCCC2=O)O1
O=C1CC(CN2CC(OCc3ccc(CCc4ccc(N5CC5)cc4)cc3)CCCC2=O)O1
O=C1CC(CN2CC(OCc3ccc(CCc4ccc(N5CC5)cc4)cc3)CCCC2=O)O1
O=C1CC(CN2CC(OCc3ccc(CCc4ccc(N5CC5)cc4)cc3)CCCC2=O)O1
O=C1CC(CN2CC(OCc3ccc(CCc4ccc(N5CC5)cc4)cc3)CCCC2=O)O1
O=C1CC(CN2CC(OCc3ccc(CCc4ccc(N5CC5)cc4)cc3)CCCC2=O)O1
O=C1CC(CN2CC(OCc3ccc(CCc4ccc(N5CC5)cc4)cc3)CCCC2=O)O1
O=C1CC(CN2CC(OCc3ccc(CCc4ccc(N5CC5)cc4)cc3)CCCC2=O)O1
O=C1CC(CN2CC(OCc3ccc(CCc4ccc(N5CC5)cc4)cc3)CCCC2=O)O1
O=C1CC(CN2CC(OCc3ccc(CCc4ccc(N5CCC5)cc4)cc3)CCCC2=O)O1
O=C1CC(CN2CC(OCc3ccc(CCCc4ccc(N5CCC5)cc4)cc3)CCCC2=O)O1
O=C1CC(CN2CC(OCc3ccc(CCC4CN(c5ccccc5)C4)cc3)CCCC2=O)O1
O=C1CC(CN2CC(OCc3ccc(CCC4CN(c5ccccc5)C4)cc3)CCCC2=O)O1
O=C1CC(CN2CC(OCc3ccc(CCC4CN(c5ccccc5)C4)cc3)CCCC2=O)O1
O=C1CC(CN2CC(OCc3ccc(CC4CN(c5ccccc5)C4)cc3)CCCC2=O)O1
O=C1CC(CN2CC(OCc3ccc4c(c3)CN(c3ccccc3)CCC4)CCCC2=O)O1
O=C1CC(N2CC(OCc3ccc4c(c3)CN(c3ccccc3)CCC4)CCCC2=O)O1
O=C1CC(N2CC(OCc3ccc4c(c3)CN(c3ccccc3)CCC4)CCCC2=O)O1
O=C1CC(N2CC(OCc3ccc4c(c3)CN(c3ccccc3)CCC4)CCCC2=O)C1
O=C1CC1N1CC(OCc2ccc3c(c2)CN(c2ccccc2)CCC3)CCCC1=O
O=C1CC1C1CC(OCc2ccc3c(c2)CN(c2ccccc2)CCC3)CCCC1=O
O=C1CCCC(OCc2ccc3c(c2)CN(c2ccccc2)CCC3)CCC1C1CC1=O
O=C1CCCC(CCc2ccc3c(c2)CN(c2ccccc2)CCC3)CCC1C1CC1=O
O=C1CCCC(CCc2ccc3c(c2)CN(c2ccccc2)CCC3)CCC1C1CC1=O
O=C1CCCC(CCc2ccc3c(c2)CN(c2ccccc2)CCC3)CCC1C1CC1=O
O=C1CCCC(CCc2ccc3c(c2)CN(c2ccccc2)CCC3)CCC1C1CC1=O
O=C1CCCC(Cc2ccc3c(c2)CN(c2ccccc2)CCC3)CCC1C1CC1=O
O=C1CCCC(Cc2ccc3c(c2)CN(c2ccccc2)CCC3)CCC1C1CC1=O
O=C1CC1C1CC(Cc2ccc3c(c2)CN(c2ccccc2)CCC3)CCCC1=O
O=C1CC1C1CC(Cc2ccc3c(c2)CN(c2ccccc2)CC3)CCCC1=O
O=C1CC1C1CC(Cc2cnc3c(c2)CN(c2ccccc2)CC3)CCCC1=O
O=C1CC1C1CC(Cc2cnc3c(c2)CN(c2ccccc2)CC3)CCCC1=O
O=C1CC1C1CC(Cc2cnc3c(c2)CN(c2ccccc2)CC3)CCCC1=O
O=C1CC1C1CC(Cc2cnc3c(c2)CN(c2ccccc2)C3)CCCC1=O
O=C1CC1C1CC(Cc2cnc3c(c2)CN(c2ccccc2)C3)CCCC1=O
O=C1CC1C1C(=O)CCCC1Cc1cnc2c(c1)CN(c1ccccc1)C2
O=C1CC1C1C(=O)CCCC1Cc1cnc2c(c1)CN(c1ccccc1)C2
O=C1CCCC(Cc2cnc3c(c2)CN(c2ccccc2)C3)C(C2CC2=O)C1
O=C1CCCC(Cc2cnc3c(c2)CN3c2ccccc2)C(C2CC2=O)C1
C=C1CCCC(Cc2cnc3c(c2)CN3c2ccccc2)C(C2CC2=O)C1
C=C1CCCC(Cc2cnc3c(c2)CN3c2ccccc2)C1C1CC1=O
C1=C2CCCC(Cc3cnc4c(c3)CN4c3ccccc3)C2C1
C1=C2CCCC(Cc3cnc4c(c3)N4c3ccccc3)C2C1
C1=C2CCCC(Cc3cnc4c(c3)N4c3ccccc3)C2C1
C1=C2CCCC(Cc3cnc4c(c3)N4c3ccccc3)C2C1
O=C1CC=C2CCCC(Cc3cnc4c(c3)N4c3ccccc3)C2C1
O=C1C=C2CCCC(Cc3cnc4c(c3)N4c3ccccc3)C2C1
O=C1C=C2CCCC(Cc3cnc4c(c3)N4c3ccccc3)C2CC1
O=C1C=C2CCCC(Cc3cnc4c(c3)CN4c3ccccc3)C2CC1
O=C1C=C2CCCC(Cc3cnc4c(c3)CN4c3ccccc3)C2CC1
O=C1C=C2CCCC(Cc3cnc4c(c3)CN(c3ccccc3)C4)C2CC1
O=C1C=C2CCCC(Cc3cnc4c(c3)CCN(c3ccccc3)C4)C2CC1
O=C1C=C2CCCC(Cc3cnc4c(c3)CCCN(c3ccccc3)C4)C2CC1
O=C1C=C2CCCC(Cc3cnc4c(c3)CCCN(c3ccccc3)C4)C2CC1
O=C1C=C2CCCC(Cc3cnc4c(c3)CCCN4c3ccccc3)C2CC1
O=C1C=C2CCCC(Cc3cnc4c(c3)CCNN4c3ccccc3)C2CC1
O=C1C=C2CCCC(Cc3cnc4c(c3)CCNN4c3ccccc3)C2CC1
O=C1C=C2CCCC(Cc3cnc4c(c3)CCNN4c3ccccc3)C2C1
O=C1C=C2CCCC(Cc3cnc4c(c3)CNN4c3ccccc3)C2C1
O=C1C=C2CCCC(Cc3cnc4c(c3)CNN4c3ccccc3)C12
O=C1C=C2CCCC(Cc3cnc4c(cnn4-c4ccccc4)c3)C12
O=C1C=C2CCCC(Cc3cnc4c(cnn4-c4ccccc4)c3)C12
O=C1C=C2CCCCC(Cc3cnc4c(cnn4-c4ccccc4)c3)C12
O=C1C=C2CCCCC(Cc3ccc4c(cnn4-c4ccccc4)c3)C12
O=C1C=C2CCCCC(Cc3ccc4c(cnn4-c4ccccc4)c3)C2C1
O=C1C=C2CCCCC(Cc3ccc4c(cnn4-c4ccccc4)c3)C2CC1
O=C1C=C2CCCCC(Cc3ccc4c(cnn4-c4ccccc4)c3)C2CC1
O=C1C=C2CCCCC(Cc3ccc4c(cnn4-c4ccccc4)c3)C2CC1
O=C1C=C2CCCCC(Cc3ccc4c(cnn4-c4ccccc4)c3)C2C1
O=C1C=C2CCCCC(Cc3ccc4c(cnn4-c4ccccc4)c3)C2C1
O=C1C=C2CCCC(Cc3ccc4c(cnn4-c4ccccc4)c3)C2C1
O=C1C=C2CCCC(Cc3ccc4c(cnn4-c4ccccc4)c3)C2C1
O=C1C=C2CCCC(Cc3cccc4c3cnn4-c3ccccc3)C2C1
O=C1C=C2CCCC(Cc3cccc4c3cnn4-c3ccccc3)C2C1
O=C1C=C2CCCC(Cc3cccc4c3cnn4-c3ccccc3)C2C1
O=C1C=C2CCCC(Cc3cccc4c3cnn4-c3ccccc3)C2C1
O=C1C=C2CCCC(Cc3cccc4c3cnn4-c3ccccc3)C2C1
O=C1C=C2CCCC(Cc3cccc4c3cnn4-c3ccccc3)C2C1
O=C1C=C2CCCCC(Cc3cccc4c3cnn4-c3ccccc3)C2C1
O=C1C=C2CCCCC(Cc3cccc4c3cnn4-c3ccccc3)C2C1
O=C1C=C2CCCCC(Cc3cccc4c3cnn4-c3ccccc3)C2C1
O=C1C=C2CCCCC(Cc3cccc4c3cnn4-c3ccccc3)C2C1
O=C1C=C2CCCCC(Cc3cccc4c3cnn4-c3ccccc3)C2C1
O=C1C=C2CCCC(Cc3cccc4c3cnn4-c3ccccc3)C2C1
O=C1C=C2CCCC(Cc3cccc4c3cnn4-c3ccccc3)C2C1
O=C1C=C2CCCC(Cc3cccc4c3cnn4-c3ccccc3)C2C1
O=C1C=C2CCCC(Cc3cccc4c3cnn4-c3ccccc3)C2C1
O=C1C=C2CCCC(Cc3cccc4c3cnn4-c3ccccc3)C2C1
O=C1C=C2CCCC(Cc3cccc4c3cnn4-c3ccccc3)C2C1
O=C1C=C2CCCCC(Cc3cccc4c3cnn4-c3ccccc3)C2C1
O=C1C=C2CCCCC(Cc3cccc4c3cnn4-c3ccccc3)C2C1
O=C1C=C2CCCCCC(Cc3cccc4c3cnn4-c3ccccc3)C2C1
O=C1C=C2CCCCCC(Cc3cccc4c3cnn4-c3ccccc3)C2C1
O=C1C=C2CCCCCC(Cc3cccc4c3cnn4-c3ccccc3)C2C1
O=C1C=C2CCCCCC(Cc3cccc4c3cnn4-c3ccccc3)C2C1
O=C1C=C2CCCCCC(Cc3cccc4c3cnn4-c3ccccc3)C2C1
O=C1C=C2CCCCCC(Cc3cccc4c3cnn4-c3ccccc3)C2C1
O=C1C=C2CCCCCC(Cc3cccc4c3cnn4-c3ccccc3)C2C1
O=C1C=C2CCCCC(Cc3cccc4c3cnn4-c3ccccc3)C2C1
O=C1C=C2CCCCC(Cc3cccc4c3cnn4-c3ccccc3)C2C1
O=C1C=C2CCCCC(Cc3cccc4c3cnn4-c3ccccc3)C2C1
O=C1C=C2CCCC(Cc3cccc4c3cnn4-c3ccccc3)C2C1
O=C1C=C2CCCC(Cc3cccc4c3cnn4-c3ccccc3)C2C1
O=C1C=C2CCCC(Cc3cccc4c3cnn4-c3ccccc3)C2C1
O=C1C=C2CCCC(Cc3cccc4c3cnn4-c3ccccc3)C2C1
O=C1C=C2CCCC(Cc3cccc4c3cnn4-c3ccccc3)C2C1
O=C1C=C2CCCC(Cc3cccc4c3cnn4-c3ccccc3)C2C1
O=C1C=C2CCCC(Cc3cccc4c3cnn4-c3ccccc3)C2C1
O=C1C=C2CCCC(Cc3cccc4c3cnn4-c3ccccc3)C2C1
O=C1C=C2CCCC(Cc3cccc4c3cnn4-c3ccccc3)C2C1
O=C1C=C2CCCC(Cc3cccc4c3cnn4-c3ccccc3)C2C1
O=C1C=C2CCCC(Cc3cc(CN4CCC4)cc4c3cnn4-c3ccccc3)C2C1
O=C1C=C2CCCC(Cc3cc(CN4CC4)cc4c3cnn4-c3ccccc3)C2C1
O=C1C=C2CCCC(Cc3cccc4c3cnn4-c3ccccc3)C2C1
O=C1C=C2CCCC(Cc3cccc4c3cnn4-c3ccccc3)C2C1
O=C1C=C2CCCC(Cc3cccc4c3cnn4-c3ccccc3)C2C1
O=C1C=C2CCCC(Cc3cccc4c3cnn4-c3ccccc3)C2C1
O=C1C=C2CCCC(Cc3cccc4c3cnn4-c3ccccc3)C2C1
O=C1C=C2CCCC(Cc3ccc4cnn(-c5ccccc5)c4c3)C2C1
O=C1C=C2CCCC(Cc3ccc4cnn(-c5ccccc5)c4c3)C2C1
O=C1C=C2CCCC(Cc3ccc4cnn(-c5ccccc5)c4c3)C2C1
O=C1C=C2CCCC(Cc3ccc4cnn(-c5ccccc5)c4c3)C2C1
O=C1C=C2CCCC(Cc3ccc4cnn(-c5ccccc5)c4c3)C2C1
O=C1C=C2CCCC(Cc3ccc4cnn(-c5ccccc5)c4c3)C2C1
O=C1C=C2CCCC(Cc3ccc4cnn(-c5ccccc5)c4c3)C2C1
O=C1C=C2CCCC(Cc3ccc4cnn(-c5ccccc5)c4c3)C2C1
O=C1CC=C2CCCC(Cc3ccc4cnn(-c5ccccc5)c4c3)C2C1
O=C1CC=C2CCCC(Cc3ccc4cnn(-c5ccccc5)c4c3)C2C1
O=C1CC=C2CCCC(Cc3ccc4cnn(-c5ccccc5)c4c3)C2C1
O=C1CC=C2CCCC(Cc3ccc4cnn(-c5ccccc5)c4c3)C2C1
O=C1CC=C2CCCC(Cc3ccc4cnn(-c5ccccc5)c4c3)C2C1
O=C1CC=C2CCCC(Cc3ccc4cnn(-c5ccccc5)c4c3)C2C1
O=C1CC=C2CCCC(Cc3ccc4cnn(-c5ccccc5)c4c3)C2C1
O=C1CCC=C2CCCC(Cc3ccc4cnn(-c5ccccc5)c4c3)C2C1
O=C1CCC=C2CCCC(Cc3ccc4cnn(-c5ccccc5)c4c3)C2C1
O=C1CCC=C2CCCC(Cc3ccc4cnn(-c5ccccc5)c4c3)C2C1
C1=C2CCCC(Cc3ccc4cnn(-c5ccccc5)c4c3)C2CCCC1
C1=C2CCCC(Cc3ccc4cnn(-c5ccccc5)c4c3)C2CCC1
C1=C2CCCC(Cc3ccc4cnn(-c5ccccc5)c4c3)C2CCC1
C1=C2CCCC(Cc3ccc4cnn(-c5ccccc5)c4c3)C2CCC1
C1=C(C2CCCCC2Cc2ccc3cnn(-c4ccccc4)c3c2)CC1
C1=C(C2CCCCC2Cc2ccc3cnn(-c4ccccc4)c3c2)CC1
c1ccc(-n2ncc3ccc(CC4CCCCC4C4CC4)cc32)cc1
C1=CC(CC2CCCCC2C2CC2)=Cc2c(cnn2-c2ccccc2)C1
C1=CC(CC2CCCCC2)=Cc2c(cnn2-c2ccccc2)C1
C1=C(CC2CCCCC2)CCc2cnn(-c3ccccc3)c21
C1=C(C2CCCCC2)CCc2cnn(-c3ccccc3)c21
C1=C(C2CCCCC2)CCCc2cnn(-c3ccccc3)c21
C1=C(C2CCCCC2)CCCc2cnn(-c3ccccc3)c21
C1=C(C2CCCCC2)CCCc2cnn(-c3ccccc3)c21
C1=C(C2CCCCC2)CCCc2cnn(-c3ccccc3)c21
C1=C(C2CCCCC2)CCCc2cnn(-c3ccccc3)c21
C1=C(C2CCCCCC2)CCCc2cnn(-c3ccccc3)c21
C1=C(C2CCCCCC2)CCc2cnn(-c3ccccc3)c21
C1=C2CCCCCC2CCCc2cnn(-c3ccccc3)c21
C1=C2CCCCCC2CCc2cnn(-c3ccccc3)c21
C1=C2CCCCCC2Cc2cnn(-c3ccccc3)c21
C1=C2CCCCCC2Cc2cnn(-c3ccccc3)c21
C1=C2CCCCCC2Cc2cnn(-c3ccccc3)c21
C1=C2CCCCCC2Cc2cnn(-c3ccccc3)c21
C1=C2CCCCCC2Cc2cnn(-c3ccccc3)c21
C1=C2CCCCCC2Cc2cnn(-c3ccccc3)c21
C1=C2CCCCC2Cc2cnn(-c3ccccc3)c21
C1=C2CCCCC2Cc2cnn(-c3ccccc3)c21
C1=C2CCCCC2Cc2cnn(-c3ccccc3)c21
C1=C2CCCCC2Cc2cnn(-c3ccccc3)c21
C1=C(CC2CCCC3=Cc4c(cnn4-c4ccccc4)CC32)C1
C1=C(CC2CCCC3=Cc4c(cnn4-c4ccccc4)CC32)C1
C1=C2CCCC(CC3=C4CC43)C2Cc2cnn(-c3ccccc3)c21
C1=C2C1=C2CC1CCCC2=Cc3c(cnn3-c3ccccc3)CC21
C1=C2C1=C2CC1CCCC2=Cc3c(cnn3-c3ccccc3)CC21
C1=C2C1=C2CC1CCCCC2=Cc3c(cnn3-c3ccccc3)CC21
C1=CC(CC2CCCCC3=Cc4c(cnn4-c4ccccc4)CC32)=C1
C1=CC(CC2CCCCC3=Cc4c(cnn4-c4ccccc4)CC32)=C1
C1=C2CCCCC(Cc3ccsc3)C2Cc2cnn(-c3ccccc3)c21
C1=C2CCCCC(Cc3ccsc3)C2Cc2cnn(-c3ccccc3)c21
C1=C2CCCC(Cc3ccsc3)C2Cc2cnn(-c3ccccc3)c21
O=C1CC(C(=O)N2CCCC(OC(=O)c3ccc(OCc4ccc(C5CC5)cc4)cc3)C2)CO1
O=C1CC(C(=O)N2CCCC(OC(=O)c3ccc(OCc4ccc(C5CC5)cc4)cc3)C2)CO1
O=C(OC1CCCN(C(=O)C2CCOC2)C1)c1ccc(OCc2ccc(C3CC3)cc2)cc1
O=C(OC1CCCN(C(=O)C2CCOC2)C1)c1ccc(OCc2ccc(C3CC3)cc2)cc1
O=C(OC1CCCN(C(=O)C2CCOC2)C1)c1cccc(-c2ccc(C3CC3)cc2)c1
O=C(OC1CCCN(C(=O)C2CCOC2)C1)c1cccc(-c2ccc(C3CC3)cc2)c1
O=C(C1CCOC1)N1CCCC(C2CC2c2ccc(-c3ccccc3)cc2)C1
O=C(C1CCOC1)N1CCCC(C2CC2c2ccc(-c3ccccc3)cc2)C1
O=C(C1CCOC1)N1CCCC(C2CN2c2ccc(-c3ccccc3)cc2)C1
O=C(C1CCOC1)N1CCCC(C2CCN2c2ccc(-c3ccccc3)cc2)C1
O=C(C1CCOC1)N1CCCC(C2CCN2c2ccc(-c3ccccc3)cc2)C1
O=C(C1CCOC1)N1CCNCC(C2CCN2c2ccc(-c3ccccc3)cc2)C1
O=C(C1CCOC1)N1CCNCC(C2CCN2c2ccc(-c3ccccc3)cc2)C1
O=C(C1CCOC1)N1CCNCC(C2CCN2c2ccc(-c3ccccc3)cc2)CC1
O=C(C1CCOC1)N1CCNCC(C2CCN2c2ccc(-c3ccccc3)cn2)CC1
O=C(C1CCOC1)N1CCNCC(C2CCN2c2ccc(-c3ccccc3)cn2)CC1
O=C(C1CCOC1)N1CCNCC(C2CCN2c2ccc(-c3ccccc3)cn2)CC1
O=C(C1CCOC1)N1CCNCC(C2CCN2c2ccc(-c3ccccc3)cn2)C1
O=C(C1CCOC1)N1CCNCC(C2CCCN2c2ccc(-c3ccccc3)cn2)C1
O=C(C1CCOC1)N1CCNCC(c2cc(N3CCCC3)ncc2-c2ccccc2)C1
O=C(N1CCCNCC1)C1(CNCCCc2cc(N3CCCC3)ncc2-c2ccccc2)CCOC1
O=C(N1CCCNCC1)C1(CNCCCc2cc(N3CCCC3)ncc2-c2ccccc2)CCOCC1
O=C(N1CCCNCC1)C1(CNCCc2cc(N3CCCC3)ncc2-c2ccccc2)CCOCC1
O=C(N1CCNCC1)C1(CNCCc2cc(N3CCCC3)ncc2-c2ccccc2)CCOCC1
O=C(N1CCNCC1)C1(CNCCc2cc(N3CCCC3)ncc2-c2ccccc2)CCOCC1
O=C(N1CCNCC1)C1(CCCCc2cc(N3CCCC3)ncc2-c2ccccc2)CCOCC1
O=C(N1CCNCC1)C1(CCCCc2cc(N3CCCC3)ncc2Nc2ccccc2)CCOCC1
c1ccc(Nc2cnc(N3CCCC3)cc2CCCCC2(CN3CCNCC3)CCOCC2)cc1
c1ccc(Nc2cnc(N3CCCCC3)cc2CCCCC2(CN3CCNCC3)CCOCC2)cc1
c1ccc(Nc2cnc(N3CCCOCC3)cc2CCCCC2(CN3CCNCC3)CCOCC2)cc1
c1ccc(Nc2cnc(N3CCOCC3)cc2CCCCC2(CN3CCNCC3)CCOCC2)cc1
c1ccc(Nc2cnc(N3CCOCC3)cc2CCCCC2(CN3CCNCC3)CCOC2)cc1
c1ccc(Nc2cnc(N3CCOCC3)cc2CCCCCCN2CCNCC2)cc1
c1ccc(Nc2cnc(N3CCOCC3)cc2CCCCCCN2CCNCC2)cc1
c1ccc(Nc2cnc(N3CCOCC3)cc2CCCCCCN2CCNCC2)cc1
c1ccc(Nc2cnc(N3CCOCC3)cc2CCCCCN2CCNCC2)cc1
c1ccc(Nc2cnc(N3CCOCC3)cc2CCCCN2CCNCC2)cc1
c1ccc(Nc2cnc(N3CCOCC3)cc2CCCCN2CCCCC2)cc1
c1ccc(Nc2cnc(N3CCOCC3)cc2CCCCN2CCCC2)cc1
c1ccc(Nc2cnc(N3CCOCC3)cc2CCCCN2CCCC2)cc1
c1ccc(Nc2cnc(N3CCOCC3)cc2CCCCN2CCC2)cc1
c1ccc(Nc2cnc(N3CCOCC3)cc2CCCCN2CC2)cc1
c1ccc(Nc2cnc(N3CCOCC3)cc2CCCCN2CC2)cc1
c1ccc(Nc2cnc(N3CCOCC3)cc2CCCC2C3CN23)cc1
c1ccc(Nc2cnc(N3CCOCC3)cc2CCCC2CN2)cc1
c1ccc(Nc2ccc(N3CCOCC3)nc2)cc1
c1ccc(Nc2ccc(N3CCOCC3)nc2)cc1
c1ccc(Nc2ccc(N3CCOCC3)nc2)cc1
c1ccc(Nc2ccc(N3CCOCC3)nc2)cc1
c1ccc(Nc2ccc(N3CCOCC3)nc2)cc1
c1ccc(Nc2ccc(N3CCOCC3)nc2)cc1
c1ccc(Nc2ccc(N3CCOCC3)nc2)cc1
c1ccc(Nc2ccc(N3CCOCC3)nc2)cc1
c1ccc(Nc2ccc(N3CCOCC3)nc2)cc1
c1ccc(NNc2ccc(N3CCOCC3)nc2)cc1
c1ccc(NNc2ccc(N3CCOCC3)nc2)cc1
c1ccc(NNc2ccc(N3CCOCC3)nc2)cc1
c1ccc(NNc2ccc(N3CCOCC3)nc2)cc1
c1ccc(NNc2ccc(N3CCOCC3)nc2)cc1
c1ccc(CCCCCc2ccnc(N3CCOCC3)c2)cc1
c1ccc(CCCCc2ccnc(N3CCOCC3)c2)cc1
c1ccc(CCCCc2ccnc(N3CCOCC3)c2)cc1
c1ccc(CCCCc2ccnc(N3CCOCC3)c2)cc1
c1ccc(CCCCc2ccnc(N3CCOCC3)c2)cc1
c1ccc(CCCCc2ccnc(N3CCOCC3)c2)cc1
c1ccc(CCCCc2ccnc(N3CCOCC3)c2)cc1
c1ccc(CCCCc2ccnc(N3CCOCC3)c2)cc1
c1ccc(CCCCCc2ccnc(N3CCOCC3)c2)cc1
c1ccc(CCCCCc2ccnc(N3CCOCC3)c2)cc1
c1ccc(CCCCCc2ccnc(N3CCCOCC3)c2)cc1
c1ccc(CCCCCc2ccnc(N3CCCOCC3)c2)cc1
c1ccc(CCCCCc2ccnc(N3CCOCC3)c2)cc1
c1ccc(CCCCCc2ccnc(N3CCOCC3)c2)cc1
c1ccc(CCCCCc2ccnc(N3CCOCC3)c2)cc1
c1ccc(CCCCCc2ccnc(N3CCOCC3)c2)cc1
c1ccc(CCCCCc2ccnc(N3CCOCC3)c2)cc1
c1ccc(CCCCCc2ccnc(N3CCOCC3)c2)cc1
c1ccc(CCCCCc2ccnc(N3CCOCC3)c2)cc1
c1ccc(CCCCCc2ccnc(N3CCOCC3)c2)cc1
c1ccc(CCCCC2CCNc3cnc(N4CCOCC4)cc32)cc1
c1ccc(CCCCC2CCNc3cnc(N4CCOCC4)cc32)cc1
c1ccc(CCCCC2CCNc3cnc(N4CCOCC4)cc32)cc1
C1=C(CCCCc2ccccc2)c2cc(N3CCOCC3)ncc2NC1
C1=C(CCCCc2ccccc2)c2cc(N3CCOCC3)ncc2NC1
C1=C(CCCCc2ccccc2)c2cc(N3CCOCC3)ncc2NC1
C1=C(CCCCc2ccccc2)c2cc(N3CCOCC3)ncc2NC1
C1=C(CCCCc2ccccc2)CNc2cnc(N3CCOCC3)cc21
C1=C(CCCCc2ccccc2)CNc2cnc(N3CCOCC3)cc21
c1ccc(CCCCc2cc3cc(N4CCOCC4)ncc3[nH]2)cc1
O=C1CC(C(=O)N2CCCC(OC(=O)c3ccc(OCc4ccc(C5CC5)cc4)cc3)C2)CO1
O=C1CC(C(=O)N2CCCC(OC(=O)c3ccc(OCc4ccc(C5CC5)cc4)cc3)C2)CO1
O=C1CC(C(=O)N2CCCC(OC(=O)c3ccc(OC4CC4c4ccccc4)cc3)C2)CO1
O=C(OC1CCCN(C(=O)C2CCOC2)C1)c1ccc(OC2CC2c2ccccc2)cc1
O=C(OC1CCCN(C(=O)C2CCOC2)C1)c1ccc(OC2CC2c2ccccc2)cc1
O=C(OC1CCCN(C(=O)C2COC2)C1)c1ccc(OC2CC2c2ccccc2)cc1
O=C(OCCCCNC(=O)C1COC1)c1ccc(OC2CC2c2ccccc2)cc1
c1ccc(OC2CC2c2ccccc2)cc1
c1ccc(CCCOc2ccccc2)cc1
c1ccc(CCCCc2ccccc2)cc1
c1ccc(CCCCc2ccccc2)cc1
O=C1CN1CCc1ccc(CCCCc2ccccc2)cc1
O=C1CN1CCc1ccc(CCCCc2ccccc2)cc1
O=C1CN1CCc1ccc(CCCc2ccccc2)cc1
O=C1CC1CCc1ccc(CCCc2ccccc2)cc1
O=C1NCC1CCc1ccc(CCCc2ccccc2)cc1
O=C1NCC1CCc1ccc(CCCc2ccccc2)cc1
O=C1NCC1CCc1ccc(CCCc2ccccc2)cc1
O=C1NCC1CCc1ccc(CCCc2ccccc2)cc1
O=C1NCC1CCc1ccc(CCc2ccccc2)cc1
O=C1NCC1CCc1ccc(Cc2ccccc2)cc1
O=C1NCC1CCc1ccc(-c2ccccc2)cc1
O=C1NCC1CCc1ccc(-c2ccccc2)cc1
O=C1NCC1CCc1ccc(-c2ccccc2)cc1
O=C1NCC1CCc1ccc(-c2ccccc2)cc1
O=C1NCC1CCc1ccc(-c2ccccc2)cc1
O=C1NCC1CCc1ccc(-c2ccccc2)cc1
O=C1NCC1CCc1ccc(-c2ccccc2)cc1
O=C1NCC1CCc1ccc(-c2ccccc2)cc1
O=C1NCC1CCc1ccc(-c2ccccc2)cc1
O=C1NCC1c1ccc(-c2ccccc2)cc1
O=C1NCC1c1ccc(-c2ccccc2)cc1
O=C1NCC1c1ccc(-c2ccccc2)cc1
O=C1NCC1c1ccc(-c2ccccc2)cc1
O=C1NCC1c1ccc(-c2ccccc2)cc1
O=C1NCC1c1ccc(-c2ccccc2)cc1
O=C(Nc1ccc(-c2ccc(C3CNC3=O)cc2)cc1)C1CCCCCC1
O=C(Nc1ccc(-c2ccc(C3CNC3=O)cc2)cc1)C1CCCCC1
O=C1NCC1c1ccc(-c2ccc(NCC3CCCCC3)cc2)cc1
O=C1NCC1c1ccc(-c2ccc(NCC3CCCC3)cc2)cc1
O=C1NCC1c1ccc(-c2ccccc2)cc1
O=C1NCC1c1ccc(-c2ccccc2)cc1
O=C1NCC1c1cccc(-c2ccccc2)c1
O=C1NCC1c1cccc(-c2ccccc2)c1
O=C1NCC1c1cccc(-c2ccccc2)c1
O=C1NCC1c1cccc(-c2ccccc2)c1
O=C1NCC1c1cccc(-c2ccccc2)c1
O=C1NCC1c1cccc(-c2ccccc2)c1
O=C1NCC1c1cccc(-c2ccccc2)c1
O=C1NCC1c1cccc(-c2ccccc2)c1
O=C1NCC1c1cccc(-c2ccccc2)c1
O=C1NCC1c1cccc(-c2ccccc2)c1
O=C1NCC1c1cccc(-c2ccccc2)c1
O=C1NCC1c1cccc(-c2ccccc2)c1
O=C1NCC1c1cccc(-c2ccccc2)c1
O=C1NCC1c1cccc(-c2ccccc2)c1
O=C1NCC1c1cccc(-c2ccccc2)c1
O=C1NCC1c1cccc(-c2ccccc2)c1
O=C1CNc2ccc(-c3ccccc3)cc2C1
O=C1CNc2ccc(-c3ccccc3)cc2C1
O=C1CNc2ccc(-c3ccccc3)cc2C1
O=C1CNc2ccc(-c3ccccc3)cc2C1
O=C1CNc2ccc(-c3ccccc3)cc2C1
O=C1CNc2ccc(-c3ccccc3)cc2C1
O=C1CNc2ccc(-c3ccccc3)cc2C1
O=C1CNc2ccc(-c3ccccc3)cc2C1
O=C1CNc2ccc(-c3ccccc3)cc2C1
O=C1CNc2ccc(-c3ccccc3)cc2C1
O=C1CNc2ccc(-c3ccccc3)cc2C1
O=C1CNc2ccc(-c3ccccc3)cc2C1
O=C1CNc2ccc(-c3ccccc3)cc2C1
O=C1CNc2ccc(-c3ccccc3)cc2C1
O=C1CNc2ccc(-c3ccccc3)cc2C1
O=C1CNc2ccc(-c3ccccc3)cc2C1
O=C1CNc2ccc(-c3ccccc3)cc2C1
O=C1CNc2ccc(-c3ccccc3)cc2C1
O=C1CNc2ccc(-c3ccccc3)cc2C1
O=C1CNc2ccc(-c3ccccc3)cc2C1
O=C1CNc2ccc(-c3ccccc3)cc2C1
O=C1CNc2ccc(-c3cccc4c3N4)cc2C1
O=C1CNc2ccc(-c3cccc4c3N4)cc2C1
O=C1CNc2ccc(-c3ccccc3)cc2C1
O=C1CNc2ccc(-c3ccccc3)cc2C1
O=C1CNc2ccc(C3=CC=CC3)cc2C1
O=C1CNc2ccc(C3=CC=C3)cc2C1
O=C1CNc2ccc(C3=CCC3)cc2C1
O=C1CNc2ccc(C3=CCC3)cc2C1
O=C1CNc2ccc(C3=CCCC3)cc2C1
O=C1CNc2ccc(C3=CCCC3)cc2C1
O=C1CNc2ccc(C3=CCCC3)cc2C1
O=C1CNc2ccc(C3=CCC3)cc2C1
O=C1CNc2ccc(C3=CCCS3)cc2C1
O=C1CNc2ccc(C3=CCCS3)cc2C1
O=C1CNc2ccc(C3=CCCS3)cc2C1
O=C1CNc2ccc(C3=CCS3)cc2C1
O=C1CNc2ccc(C3=CCS3)cc2C1
O=C1CNc2ccc(C3=CCCS3)cc2C1
O=C1CNc2ccc(C3=CCCS3)cc2C1
O=C1CNc2ccc(C3=CCCS3)cc2C1
O=C1CNc2ccc(C3=CCCS3)cc2C1
O=C1CNc2ccc(-c3cccs3)cc2C1
O=C1CNc2ccc(-c3cccs3)cc2C1
O=C1CNc2ccc(-c3cccs3)cc2C1
O=C1CNc2ccc(-c3cccs3)cc2C1
O=C1CNc2ccc(-c3cccs3)cc2C1
O=C1CNc2ccc(-c3cccs3)cc2C1
O=C1CNc2ccc(-c3cccs3)cc2C1
O=C1CNc2ccc(-c3cccs3)cc2C1
O=C1CNc2ccc(-c3cccs3)cc2C1
O=C1CNc2ccc(-c3cccs3)cc2C1
O=C1CNc2ccc(-c3cccs3)cc2C1
O=C1CNc2ccc(-c3sccc3C(=O)CCC3CC3)cc2C1
O=C1CNc2ccc(-c3sccc3CCCC3CC3)cc2C1
O=C1CNc2ccc(-c3sccc3CCCC3CCC3)cc2C1
O=C1CNc2ccc(-c3ccc(CCCC4CCC4)s3)cc2C1
O=C1CNc2ccc(-c3ccc(CCCC4CCCC4)s3)cc2C1
O=C1CNc2ccc(-c3ccc(CCCNC4CCCC4)s3)cc2C1
O=C1CNc2ccc(-c3cccs3)cc2C1
O=C1CNc2ccc(-c3cccs3)cc2C1
O=C1CNc2ccc(-c3cccs3)cc2C1
O=C1CNc2ccc(-c3cccs3)cc2C1
O=C1CNc2ccc(-c3cccs3)cc2C1
O=C1CNc2ccc(-c3cccs3)cc2C1
O=C1CNc2ccc(-c3cccs3)cc2C1
O=C1CNc2ccc(-c3cccs3)cc2C1
O=C1CNc2ccc(-c3cccs3)cc2C1
O=C1CNc2ccc(-c3cccs3)cc2C1
O=C1CNc2ccc(-c3cccs3)cc2C1
O=C1CNc2ccc(-c3cccs3)cc2C1
O=C1CNc2ccc(-c3cccs3)cc2C1
O=C1CNc2ccc(-c3cccs3)cc2C1
O=C1CNc2ccc(-c3cccs3)cc2C1
O=C1CNc2ccc(-c3cccs3)cc2C1
O=C1CNc2ccc(-c3cccs3)cc2C1
O=C1CNc2ccc(-c3cccs3)cc2C1
O=C1CNc2ccc(-c3ccc(C(=O)C4CCC4)s3)cc2C1
O=C1CNc2ccc(-c3cccs3)cc2C1
O=C1CNc2ccc(-c3cccs3)cc2C1
O=C1CNc2ccc(-c3cccs3)cc2C1
O=C1CNc2ccc(-c3cccs3)cc2C1
O=C1CNc2ccc(-c3cccs3)cc2C1
O=C1CNc2ccc(-c3cccs3)cc2C1
O=C1CNc2ccc(-c3cccs3)cc2C1
O=C1CNc2ccc(-c3cccs3)cc2C1
O=C1CNc2ccc(-c3cccs3)cc2C1
O=C1CNc2ccc(-c3cccs3)cc2C1
O=C1CNc2ccc(-c3cccs3)cc2C1
O=C1CNc2ccc(-c3cccs3)cc2C1
O=C1CNc2ccc(-c3cccs3)cc2C1
O=C1CNc2ccc(-c3cccs3)cc2C1
O=C1CNc2ccc(-c3cccs3)cc2C1
O=C1CNc2ccc(-c3cccs3)cc2C1
O=C1CNc2ccc(-c3cccs3)cc2C1
O=C1CNc2ccc(-c3cccs3)cc2C1
O=C1CNc2ccc(-c3cccs3)cc2C1
O=C1CNc2ccc(-c3cccs3)cc2C1
O=C1CNc2ccc(-c3cccs3)cc2C1
O=C1CNc2ccc(-c3cccs3)cc2C1
O=C1CNc2ccc(-c3cccs3)cc2C1
O=C1CNc2ccc(-c3cccs3)cc2C1
O=C1CC(C(=O)N2CCCC(OC(=O)c3ccc(OCc4ccc(C5CC5)cc4)cc3)C2)CO1
O=C1CC(C(=O)N2CCCC(OC(=O)c3ccc(OCc4ccc(C5CC5)cc4)cc3)C2)CO1
O=C1CC(CN2CCCC(OC(=O)c3ccc(OCc4ccc(C5CC5)cc4)cc3)C2)CO1
O=C(OC1CCCNC1)c1ccc(OCc2ccc(C3CC3)cc2)cc1
O=C(OCCN1CCCCC1)c1ccc(OCc2ccc(C3CC3)cc2)cc1
O=C(OCCN1CCCCC1)c1ccc(OCc2ccc(C3CC3)cc2)cc1
O=C(OCCN1CCCCC1)c1ccc(OCc2ccc(C3CC3)cc2)cc1
O=C(OCCN1CCCCC1)c1ccc(OCc2ccc(C3CC3)cc2)cc1
O=C(OCCN1CCCCC1)c1ccc(OCc2ccc(C3CN3)cc2)cc1
O=C(OCCN1CCCCC1)c1cccc(-c2ccc(C3CN3)cc2)c1
O=C(OCCN1CCCCC1)c1cccc(-c2ccc(C3CN3)cc2)c1
O=C(OCCN1CCCCC1)c1cccc(-c2ccc(C3CN3)cc2)c1
O=C(OCCN1CCCCC1)c1cccc(-c2ccc(C3NN3)cc2)c1
O=C(OCCN1CCCCC1)c1cccc(-c2ccc(C3NN3)cc2)c1
O=C(OCCN1CCCCC1)c1cccc(-c2ccc(C3NN3)cc2)c1
O=C(OCCN1CCCCC1)c1cccc(-c2ccc(C3NN3)cc2)c1
O=C(OCCN1CCCCC1)c1cccc(-c2ccc(C3NN3)cc2)c1
O=C(OCCN1CCCCC1)c1cccc(-c2ccc(C3NN3)cc2)c1
O=C(OCCN1CCCCC1)c1cccc(-c2ccc(C3NN3)cc2)c1
O=C(OCCN1CCCCC1)c1cccc(-c2ccc(C3NN3)cc2)c1
O=C(OCCN1CCCCC1)c1cccc(-c2ccc(C3NN3)cc2)c1
O=C(OCCN1CCCCC1)c1cccc(-c2ccc(C3NN3)cc2)c1
O=C(OCCN1CCCCC1)c1cccc(-c2ccc(C3NN3)cc2)c1
O=C(OCCN1CCCCC1)c1cccc(-c2ccc(C3NN3)cc2)c1
O=C(OCCN1CCCCC1)c1cccc(-c2ccc(C3NN3)cc2)c1
O=C(OCCN1CCCCC1)c1cccc(-c2ccc(C3NN3)cc2)c1
O=C(OCCN1CCCCCC1)c1cccc(-c2ccc(C3NN3)cc2)c1
O=C(OCCN1CCCCCC1)c1cccc(-c2ccc3c(c2)NNC3)c1
O=C(OCCN1CCCCCC1)c1cccc(-c2ccc3c(c2)NNC3)c1
O=C(OCCN1CCCCC1)c1cccc(-c2ccc3c(c2)NNC3)c1
O=C(OCCN1CCCCC1)c1cccc(-c2ccc3c(c2)CNN3)c1
O=C(OCCN1CCCCC1)c1cccc(-c2ccc3c(c2)CN3)c1
c1cc(COCCN2CCCCC2)cc(-c2ccc3c(c2)CN3)c1
c1ccc(-c2ccc3c(c2)CN3COCCN2CCCCC2)cc1
c1ccc(-c2ccc3c(c2)CN3COCCN2CCCCCC2)cc1
c1ccc(-c2ccc3c(c2)CN3CCCCN2CCCCCC2)cc1
c1ccc(-c2ccc3c(c2)CN3CCCCN2CCCCC2)cc1
c1ccc(-c2ccc3c(c2)CN3CCCCN2CCCCC2)cc1
c1ccc(-c2ccc3c(c2)CN3CCCCN2CCCCC2)cc1
c1ccc(-c2ccc3c(c2)CN3CCCCN2CCCCC2)cc1
c1ccc(-c2ccc3c(c2)CN3CCCOCC2CCCNC2)cc1
c1ccc(-c2ccc3c(c2)CN3CCOCC2CCCNC2)cc1
c1ccc(-c2ccc3c(c2)CN3CCOCC2CCCCNC2)cc1
c1ccc(-c2ccc3c(c2)CN3CCOCC2CCCCNC2)cc1
c1ccc(-c2ccc3c(c2)CNN3CCOCC2CCCCNC2)cc1
c1ccc(-c2ccc3c(c2)CNN3CCCOCC2CCCCNC2)cc1
c1ccc(-c2ccc3c(c2)CNN3CCCOCC2CCCCNC2)cc1
c1ccc(-c2ccc3c(c2)CNN3CCCCCC2CCCCNC2)cc1
c1cc(-c2ccc3c(c2)CNN3CCCCCC2CCCCNC2)ccc1NC1CCC1
c1cc(-c2ccc3c(c2)CNNN3CCCCCC2CCCCNC2)ccc1NC1CCC1
c1cc(-c2ccc3c(c2)CNNN3CCCCCC2CCCCNC2)ccc1NC1CC1
c1cc(-c2ccc3c(c2)CNNN3CCCCCCC2CCCCNC2)ccc1NC1CC1
c1cc(-c2ccc3c(c2)CNNN3CCCCCCC2CCCNC2)ccc1NC1CC1
c1cc(-c2ccc3c(c2)CNNN3CCCCCCC2CCCNC2)ccc1NC1CC1
c1cc(-c2ccc3c(c2)CNNN3CCCCCCC2CCCNC2)ccc1NC1CCC1
c1cc(-c2ccc3c(c2)CNNN3CCCCCCC2CCCNC2)ccc1NC1CCCC1
c1cc(-c2ccc3c(c2)CNNN3CCCCCC2CCCNC2)ccc1NC1CCCC1
c1cc(-c2ccc3c(c2)CNNN3CCCCCC2CCNC2)ccc1NC1CCCC1
c1cc(-c2ccc3c(c2)CNNN3CCCCC2CCNC2)ccc1NC1CCCC1
c1cc(-c2ccc3c(c2)CNNN3CCCCC2CNC2)ccc1NC1CCCC1
c1cc(-c2ccc3c(c2)CNNN3CCCCC2CNC2)ccc1NC1CCCCC1
c1cc(-c2ccc3c(c2)CNNN3CCCCCCCN2CCC2)ccc1NC1CCCCC1
c1cc(-c2ccc3c(c2)CNNN3CCCCCCCN2CCC2)ccc1NC1CCCC1
c1cc(-c2ccc3c(c2)CNNN3CCCCCCN2CCC2)ccc1NC1CCCC1
c1cc(-c2ccc3c(c2)CNNN3CCCCCCN2CCC2)ccc1NC1CCCCC1
c1cc(-c2ccc3c(c2)CNNN3CCCCCCN2CCC2)ccc1NC1CCCCC1
c1cc(-c2ccc3c(c2)CNNN3CCCCCCN2CC2)ccc1NC1CCCCC1
c1cc(-c2ccc3c(c2)CNNN3CCCCCCN2CC2)ccc1NC1CCCCC1
c1cc(-c2ccc3c(c2)CNN3CCCCCCN2CC2)ccc1NC1CCCCC1
c1cc2c(cc1-c1ccc3c(c1)N3C1CCCCC1)CNN2CCCCCCN1CC1
c1cc2c(cc1-c1ccc3c(c1)N3C1CCCCC1)CNN2CCCCCN1CC1
c1cc2c(cc1-c1ccc3c(c1)N3C1CCCC1)CNN2CCCCCN1CC1
c1cc2c(cc1-c1ccc3c(c1)N3C1CCCC1)CNN2CCCCCN1CC1
c1cc2c(cc1-c1ccc3c(c1)N3C1CCCC1)CNN2CCCCCN1CC1
c1cc2c(cc1-c1ccc3c(c1)N3C1CCCC1)CNN2CCCCCCN1CC1
c1cc(-c2ccc3c(c2)CNN3CCCCCCN2CC2)c2c(c1)N2C1CCCC1
c1cc(-c2ccc3c(c2)CNN3CCCCCCN2CC2)c2c(c1)N2C1CCC1
c1cc2c(cc1-c1ccc3[nH]n(C4CCC4)c3c1)CNN2CCCCCCN1CC1
c1cc2c(cc1-c1ccc3c(c1)N3C1CCC1)CNN2CCCCCCN1CC1
c1cc2c(cc1-c1ccc3c(c1)N3C1CCCC1)CNN2CCCCCCN1CC1
c1cc2c(cc1-c1ccc3c(c1)N3C1CCCC1)CNN2
c1cc2c(cc1-c1ccc3c(c1)N3C1CCCC1)CNN2
c1cc2c(cc1-c1ccc3c(c1)N3C1CCCC1)CNN2
c1cc2c(cc1-c1ccc3c(c1)N3C1CCCC1)CNN2
c1cc2c(cc1-c1ccc3c(c1)N3C1CCCC1)CNN2
c1cc2c(cc1-c1ccc3c(c1)N3C1CCCC1)CNN2
c1cc2c(cc1-c1ccc3c(c1)N3C1CCCC1)CNN2
c1cc2c(cc1-c1ccc3c(c1)N3C1CCCC1)CNN2
c1cc2c(cc1-c1ccc3c(c1)N3C1CCCC1)CNN2
c1cc2c(cc1-c1ccc3c(c1)N3C1CCCC1)CNN2
c1cc2c(cc1-c1ccc3c(c1)N3C1CCCC1)CN2
c1cc2c(cc1-c1ccc3n(C4CCCC4)c-3c[nH]1)CN2
c1cc2c(cc1-c1ccc3n(C4CCCC4)c-3c[nH]1)CN2
c1cc2c(cc1-c1ccc3n(C4CCCCC4)c-3c[nH]1)CN2
c1cc2c(cc1-c1ccc3n(C4CCCCC4)c-3c[nH]1)CNN2
c1cc2c(cc1-c1ccc3n(C4CCCC4)c-3c[nH]1)CNN2
c1cc2c(cc1-c1ccc3n(C4CCCC4)c-3c[nH]1)CNN2
c1cc2c(cc1-c1ccc3n(C4CCCCC4)c-3c[nH]1)CNN2
c1cc2c(cc1-c1ccc3n(C4CCCCCC4)c-3c[nH]1)CNN2
c1cc2c(cc1-c1ccc3n(C4CCCCCC4)c-3c[nH]1)CN2
c1cc2c(cc1-c1ccc3n(C4CCCCCCC4)c-3c[nH]1)CN2
c1cc2c(cc1-c1ccc3n(C4CCCCCCC4)c-3c[nH]1)CN2
c1cc2c(cc1-c1ccc3n(C4CCCCCCC4)c-3c[nH]1)CN2
c1cc2c(cc1-c1ccc3n(C4CCCCCCC4)c-3c[nH]1)N2
c1cc2c(cc1-c1ccc3n(C4CCCCCC4)c-3c[nH]1)N2
c1cc2c(cc1-c1ccc3[nH]c-3c[nH]1)N2C1CCCCCC1
c1cc2c(cc1-c1ccc3[nH]c-3c[nH]1)N2C1CCCCCC1
c1cc2c(cc1-c1ccc3[nH]c-3c[nH]1)N2C1CCCCC1
c1cc2c(cc1-c1ccc3[nH]c-3c[nH]1)N2C1CCCCC1
c1cc2c(cc1-c1ccc3[nH]c-3c[nH]1)N2C1CCCC1
c1cc2c(cc1-c1ccc3[nH]c-3c[nH]1)N2C1CCCC1
c1cc2c(cc1-c1ccc3[nH]c-3c[nH]1)N2C1CCCC1
c1cc2c(cc1-c1ccc3[nH]c-3c[nH]1)N2C1CCCC1
c1cc2c(cc1-c1ccc3[nH]c-3c[nH]1)N2C1CCCC1
c1c[nH]cc[nH]c(-c2ccc3c(c2)N3C2CCCC2)c1
C1=CCC=CNC(c2ccc3c(c2)N3C2CCCC2)=C1
C1=CNC(c2ccc3c(c2)N3C2CCCC2)=CCC1
C1=CNC(c2ccc3c(c2)N3C2CCCC2)=CC1
C1=CNC(c2ccc3c(c2)N3C2CCCNC2)=CC1
c1c[nH]c(-c2ccc3c(c2)N3C2CCCNC2)c1
c1c[nH]c(-c2ccc3c(c2)N3C2CCCCNC2)c1
c1c[nH]c(-c2ccc3c(c2)N3C2CCCCCNC2)c1
c1c[nH]c(-c2ccc3c(c2)N3C2CCCCCNC2)c1
c1c[nH]c(-c2ccc3c(c2)N3C2CCCCNC2)c1
c1c[nH]c(-c2ccc3c(c2)N3C2CCCCCC2)c1
c1c[nH]c(-c2ccc3c(c2)N3C2CCCCCC2)c1
c1c[nH]c(-c2ccc3c(c2)N3C2CCCCCC2)c1
c1c[nH]c(-c2ccc3c(c2)N3C2CCCCCCC2)c1
c1c[nH]c(-c2ccc3c(c2)N3C2CCCCCCC2)c1
c1c[nH]c(-c2ccc3c(c2)N3C2CCCCCCC2)c1
S=C1CCCC(N2c3ccc(-c4ccc[nH]4)cc32)CCC1
S=C1CCCC(N2Cc3ccc(-c4ccc[nH]4)cc32)CCC1
S=C1c2ccc(-c3ccc[nH]3)cc2N1C1CCCCCCC1
S=C1c2ccc(-c3ccc[nH]3)cc2N1C1CCCCCC1
S=C1c2ccc(-c3ccc[nH]3)cc2N1C1CCCCC1
S=c1[nH]c2ccc(-c3ccc[nH]3)cc2n1C1CCCCC1
S=c1[nH]c2ccc(-c3ccc[nH]3)cc2n1C1CCCC1
O=C1CC(C(=O)N2CCCC(OC(=O)c3ccc(OCc4ccc(C5CC5)cc4)cc3)C2)CO1
O=C1CC(C(=O)N2CCCC(OC(=O)c3ccc(OCc4ccc(C5CC5)cc4)cc3)C2)CO1
O=C1CC(C(=O)NCCCCOC(=O)c2ccc(OCc3ccc(C4CC4)cc3)cc2)CO1
O=C1CC(C(=O)NCCCCOC(=O)c2ccc(OCc3ccc(C4CC4)cc3)cc2)CO1
O=C1CC(C(=O)NCCCCOC(=O)c2ccc(OCc3ccccc3)cc2)CO1
O=C1CC(C(=O)NCCCCOC(=O)c2ccc(OCc3ccccc3)cc2)CO1
O=C1CC(C(=O)NCCCCOC(=O)c2ccc(OCc3ccccc3)cc2)CO1
O=C1CC(C(=O)NCCCCOC(=O)c2ccc(OCc3ccccc3)cc2)CO1
c1ccc(COc2ccccc2)cc1
c1ccc(COc2ccccc2)cc1
c1ccc(COc2ccccc2)cc1
c1ccc(COc2ccccc2)cc1
c1ccc(COc2ccccc2)cc1
c1ccc(COc2ccccc2)cc1
c1ccc(COc2ccccc2)cc1
c1ccc(COc2ccccc2)cc1
c1ccc(COc2ccccc2)cc1
c1ccc(COc2ccccc2)cc1
c1ccc(CCCc2ccccc2)cc1
c1ccc(CCCc2ccccc2)cc1
c1ccc(CCc2ccccc2)cc1
c1ccc(CCc2ccccc2)cc1
c1ccc(CCc2ccccc2)cc1
c1ccc(CCc2ccccc2)cc1
c1ccc(CCc2ccccc2)cc1
c1ccc(CCc2ccccc2)cc1
c1ccc(CCc2ccccc2)cc1
c1ccc(CCc2ccccc2)cc1
c1ccc(CCc2ccccc2)cc1
c1ccc(CCc2ccccc2)cc1
c1ccc(CCc2ccccc2)cc1
c1ccc(CCc2ccccc2)cc1
c1ccc(CCc2ccccc2)cc1
c1ccc(CCc2ccccc2)cc1
c1ccc(CCc2ccccc2)cc1
c1ccc(CCc2ccccc2)cc1
c1ccc(CCc2ccccc2)cc1
c1ccc(CCc2ccccc2)cc1
c1ccc(CCOc2ccccc2)cc1
c1ccc(CCOc2ccccc2)cc1
c1ccc(CCCCCc2ccccc2)cc1
c1ccc(CCCCCc2ccccc2)cc1
c1ccc(CCCCCc2ccccc2)cc1
c1ccc(CCCCCc2ccccc2)cc1
c1ccc(CCCCCc2ccccc2)cc1
c1ccc(CCCCCc2ccccc2)cc1
c1ccc(CCCCCc2ccccc2)cc1
c1ccc(CCCCCc2ccccc2)cc1
c1ccc(CCCCCc2ccccc2)cc1
c1ccc(CCCCCc2ccccc2)cc1
c1ccc(CCCCCc2ccccc2)cc1
c1ccc(CCCCCc2ccccc2)cc1
c1ccc(CCCCCc2ccccc2)cc1
c1ccc(CCCCc2ccccc2)cc1
c1ccc(CCCCc2ccccc2)cc1
c1ccc(CCCCc2ccccc2)cc1
c1ccc(CCCCc2ccccc2)cc1
c1ccc(CCCCc2ccccc2)cc1
c1ccc(CCCCc2ccccc2)cc1
c1ccc(CCCCc2ccccc2)cc1
c1ccc(CCCCc2ccccc2)cc1
c1ccc(CCCCc2ccccc2)cc1
c1ccc(CCCCc2ccccc2)cc1
c1ccc(CCCCc2ccccc2)cc1
c1ccc(CCCCc2ccccc2)cc1
c1ccc(CCCCc2ccccc2)cc1
c1ccc(CCCCc2ccccc2)cc1
c1ccc(CCCCc2ccccc2)cc1
c1ccc(CCCCc2ccccc2)cc1
c1ccc(CCCCc2ccccc2)cc1
c1ccc(CCCCc2ccccc2)cc1
c1ccc(CCCCc2ccccc2)cc1
c1ccc(CCCCc2ccccc2OCC2CC2)cc1
c1ccc(CCCCc2ccccc2OCC2CC2)cc1
c1ccc(CCCCc2ccccc2)cc1
c1ccc(CCCCc2ccccc2)cc1
c1ccc(CCCCc2ccccc2)cc1
c1ccc(CCCCc2ccccc2)cc1
c1ccc(CCCCc2ccccc2)cc1
c1ccc(CCCCc2ccccc2)cc1
c1ccc(CCCCc2ccccc2)cc1
c1ccc(CCCCc2ccccc2)cc1
O=C(CCC1(C2CCCC2)CCCc2ccccc21)Nc1ccc2c(=O)oncc2c1
O=C(CCC1(C2CCCC2)CCCc2ccccc21)Nc1ccccc1
O=C(CCC(CCCc1ccccc1)C1CCCC1)Nc1ccccc1
O=C(CC(CCc1ccccc1)CC1CCCC1)Nc1ccccc1
O=C(CC(Cc1ccccc1)CC1CCCC1)Nc1ccccc1
O=C(CC(Cc1ccccc1)CC1CCCC1)Nc1ccccc1
O=C(CC(Cc1ccccc1)CC1CCCC1)Oc1ccccc1
O=C(CC(CC1CCCC1)c1ccccc1)Oc1ccccc1
O=C(CC(CC1CCCC1)c1ccccc1)Oc1ccccc1
O=C1CCC(CC(CCOc2ccccc2)c2ccccc2)C1
O=C1CCC(CC(CCOc2ccccc2)c2ccccc2)C1
O=C1CCC(CC(COc2ccccc2)c2ccccc2)C1
O=C1CCCC(CC(COc2ccccc2)c2ccccc2)C1
C=C(C1CCCC(=O)C1)C(COc1ccccc1)c1ccccc1
C=C(C1CCCC(=O)OC1)C(COc1ccccc1)c1ccccc1
C=C(C1CCCC(=O)OC1)C(COc1ccccc1)c1ccccc1
C=C(C1CCC(=O)OC1)C(COc1ccccc1)c1ccccc1
C=C(C1COC(=O)C1)C(COc1ccccc1)c1ccccc1
C=C(OC(COc1ccccc1)c1ccccc1)C1COC(=O)C1
C=C(OC(COc1ccccc1)c1ccccc1)C1COC(=O)C1
C=C(OC(COc1ccccc1)c1ccccc1)C1COC(=O)C1
C=C(OC(COc1ccc(C(=O)ON2CC2)cc1)c1ccccc1)C1COC(=O)C1
C=C(OC(COc1ccc(C(=O)OC2CC2)cc1)c1ccccc1)C1COC(=O)C1
C=C(OC(COc1ccc(C(=O)OC2CCC2)cc1)c1ccccc1)C1COC(=O)C1
C=C(OC(COc1ccc(C(=O)OC2CCC2)cc1)c1ccccc1)C1COC(=O)C1
C=C(OC(COc1ccc(C(=O)OC2CCC2)cc1)c1ccccc1)C1COC(=O)C1
C=C(OC(COc1ccc(C(=O)OC2CCC2)cc1)c1ccccc1)C1COC(=O)C1
C=C(OC(COc1ccc(C(=O)OC2CCC2)cc1)c1ccccc1)C1COC(=O)C1
C=C(OC(COc1ccc(C(=O)OC2CCC2)cc1)c1ccccc1)C1COC(=O)C1
C=C(OC(COc1ccc(C(=O)OC2CCC2)cc1)c1ccccc1)C1COC(=O)C1
C=C(OC(COc1ccc(C(=O)OC2CCC2)cc1)c1ccccc1)C1COC(=O)C1
C=C(OC(COc1ccc(C(=O)OC2CCCC2)cc1)c1ccccc1)C1COC(=O)C1
C=C(OC(COc1ccc(C(=O)OC2CCCCC2)cc1)c1ccccc1)C1COC(=O)C1
O=C1CC(C(=O)OC(COc2ccc(C(=O)OC3CCCCC3)cc2)c2ccccc2)CO1
O=C1CC(C(=O)OC(COc2ccc(C(=O)OC3CCCCC3)cc2)c2ccccc2)CO1
O=C1CC(C(=O)OC(COc2ccc(C(=O)OC3CCCCCC3)cc2)c2ccccc2)CO1
O=C1CC(C(=O)OC(COc2ccc(C(=O)OC3CCCCCC3)cc2)c2ccccc2)CO1
O=C1CC(C(=O)OC(COc2ccc(C(=O)OC3CCCNCCC3)cc2)c2ccccc2)CO1
O=C1CC(C(=O)OC(COc2ccc(C(=O)OC3CCCNCCC3)cc2)c2ccccc2)CO1
O=C1CC(C(=O)OC(COc2ccc(C(=O)OC3CCCNCCC3)cc2)c2ccccc2)CO1
O=C1CC(C(=O)OC(COc2ccc(C(=O)OC3CCCNCCC3)cc2)c2ccccc2)CO1
O=C1CC(C(=O)OC(COc2ccc(C(=O)OC3CCCNCCC3)cc2)c2ccccc2)CO1
O=C1CC(C(=O)OC(COc2ccc(C(=O)OC3CCCNCC3)cc2)c2ccccc2)CO1
O=C1CC(C(=O)OC(COc2ccc(C(=O)OC3CCCNCC3)cc2)c2ccccc2)CO1
O=C1CC(C(=O)OC(COc2ccc(C(=O)OC3CCCNC3)cc2)c2ccccc2)CO1
O=C1CC(C(=O)OC(COc2ccc(C(=O)OC3CCCNC3)cc2)c2ccccc2)CO1
O=C1CC(C(=O)OC(COc2ccc(C(=O)OC3CCCNCC3)cc2)c2ccccc2)CO1
O=C1CC(C(=O)OC(COc2ccc(C(=O)OC3CCCNCC3)cc2)c2ccccc2)CO1
O=C1CC(C(=O)OC(COc2ccc(C(=O)OC3CCCNCC3)cc2)c2ccccc2)CO1
O=C1CC(C(=O)OC(COc2ccc(C(=O)OC3CCCNCCC3)cc2)c2ccccc2)CO1
O=C1CC(C(=O)OC(COc2ccc(C(=O)OC3CCCNCCC3)cc2)c2ccccc2)CO1
O=C1CC(C(=O)OC(COc2ccc(C(=O)OC3CCCNCC3)cc2)c2ccccc2)CO1
O=C1CC(C(=O)OC(COc2ccc(C(=O)OC3CCCNCC3)cc2)c2ccccc2)CO1
O=C1CC(C(=O)OC(COc2ccc(C(=O)OC3CCCNCC3)cc2)c2ccccc2)CO1
O=C1CC(C(=O)OC(COc2ccc(C(=O)OC3CCCNC3)cc2)c2ccccc2)CO1
O=C1CC(C(=O)OC(COc2ccc(C(=O)OC3CCCNC3)cc2)c2ccccc2)CO1
O=C1CC(C(=O)OC(COc2ccc(C(=O)OC3CCCNC3)cc2)c2ccccc2)CO1
O=C1CC(C(=O)OC(COc2ccc(C(=O)OC3CCCNC3)cc2)c2ccccc2)CO1
O=C1CC(C(=O)OC(COc2ccc(C(=O)OC3CCCNC3)cc2)c2ccccc2)CO1
O=C1CC(C(=O)OC(COc2ccc(C(=O)OC3CCCNC3)cc2)c2ccccc2)CO1
O=C1CC(C(=O)OC(COc2ccc(C(=O)OC3CCCNC3)cc2)c2ccccc2)CO1
O=C1CC(C(=O)OC(COc2ccc(C(=O)OC3CCCNC3)cc2)c2ccccc2)CO1
O=C1CC(C(=O)OC(COc2ccc(C(=O)OC3CCCNC3)cc2)c2ccccc2)CO1
O=C1CC(C(=O)OC(COc2ccc(C(=O)OC3CCCN(C(=O)C4CC4)C3)cc2)c2ccccc2)CO1
O=C1CC(C(=O)OC(COc2ccc(C(=O)OC3CCCN(C(=O)C4CCC4)C3)cc2)c2ccccc2)CO1
O=C1CC(C(=O)OC(COc2ccc(C(=O)OC3CCCCN(C(=O)C4CCC4)C3)cc2)c2ccccc2)CO1
O=C1CC(C(=O)OC(COc2ccc(C(=O)OC3CCCCN(C(=O)C4CCC4)C3)cc2)c2ccccc2)CO1
O=C1CC(C(=O)OC(COc2ccc(C(=O)OC3CCCCN(C(=O)C4CCC4)C3)cc2)c2ccccc2)CO1
O=C1CC(C(=O)OC(COc2ccc(C(=O)OC3CCCCN(C(=O)C4CCCC4)C3)cc2)c2ccccc2)CO1
O=C1CC(C(=O)OC(COc2ccc(C(=O)OC3CCCN(C(=O)C4CCCC4)C3)cc2)c2ccccc2)CO1
O=C1CC(C(=O)OC(COc2ccc(C(=O)OC3CCCN(C(=O)C4CCCC4)C3)cc2)c2ccccc2)CO1
O=C1CC(C(=O)OC(COc2ccc(C(=O)OC3CCCN(C(=O)C4CCCC4)C3)cc2)c2ccccc2)CO1
O=C1CC(C(=O)OC(COc2ccc(C(=O)OC3CCCN(C(=O)C4CCC4)C3)cc2)c2ccccc2)CO1
O=C1CC(C(=O)OC(COc2ccc(C(=O)OC3CCCN(C(=O)C4CCC4)C3)cc2)c2ccccc2)CO1
O=C1CC(C(=O)OC(COc2ccc(C(=O)OC3CCCN(C(=O)C4CCCC4)C3)cc2)c2ccccc2)CO1
O=C1CC(C(=O)OC(COc2ccc(C(=O)OC3CCCN(C(=O)C4CCCC4)C3)cc2)c2ccccc2)CO1
O=C1CC(C(=O)NC(COc2ccc(C(=O)OC3CCCN(C(=O)C4CCCC4)C3)cc2)c2ccccc2)CO1
O=C1CC(C(=O)NC(COc2ccc(C(=O)OC3CCCN(C(=O)C4CCC4)C3)cc2)c2ccccc2)CO1
O=C1CC(C(=O)NC(COc2ccc(C(=O)OC3CCCN(C(=O)C4CC4)C3)cc2)c2ccccc2)CO1
O=C1CC(C(=O)NC(COc2ccc(C(=O)OC3CCCN(C(=O)C4CC4)C3)cc2)c2ccccc2)CO1
O=C1CC(C(=O)NCC(COc2ccc(C(=O)OC3CCCN(C(=O)C4CC4)C3)cc2)c2ccccc2)CO1
O=C1CC(C(=O)NCC(COc2ccc(C(=O)OC3CCCN(C(=O)C4CC4)C3)cc2)c2ccccc2)CO1
O=C1CC(C(=O)NCC(COc2ccc(C(=O)OC3CCCN(C(=O)C4CC4)C3)cc2)c2ccccc2)CO1
O=C1CC(C(=O)NCC(COc2ccc(C(=O)OC3CCCN(C(=O)C4CC4)C3)cc2)c2ccccc2)CO1
O=C1CC(C(=O)NCC(COc2ccc(C(=O)OC3CCCN(C(=O)C4CC4)C3)cc2)c2ccccc2)CO1
O=C1CC(C(=O)NCC(COc2ccc(C(=O)OC3CCCN(C(=O)C4CC4)C3)cc2)c2ccccc2)CO1
O=C1CC(C(=O)NCC(OCOc2ccc(C(=O)OC3CCCN(C(=O)C4CC4)C3)cc2)c2ccccc2)CO1
O=C1CC(C(=O)NCC(OCOc2ccc(C(=O)OC3CCCN(C(=O)C4CC4)C3)cc2)c2ccccc2)CO1
O=C1CC(C(=O)NCC(OCCOc2ccc(C(=O)OC3CCCN(C(=O)C4CC4)C3)cc2)c2ccccc2)CO1
O=C1CC(C(=O)NCC(OCCOc2ccc(C(=O)OC3CCCN(C(=O)C4CC4)C3)cc2)c2ccccc2)CO1
O=C1CC(C(=O)NCC(OCCOc2ccc(C(=O)OC3CCCN(C(=O)C4CCC4)C3)cc2)c2ccccc2)CO1
O=C1CC(C(=O)NCC(OCCOc2ccc(C(=O)OC3CCCN(C(=O)C4CCC4)C3)cc2)c2ccccc2)CO1
O=C1CC(C(=O)NCC(OCCOc2ccc(C(=O)OC3CCCN(C(=O)C4CCC4)C3)cc2)c2ccccc2)CO1
O=C1CC(C(=O)NCC(OCCOc2ccc(C(=O)OC3CCCN(C(=O)C4CCC4)C3)cc2)c2ccccc2)CO1
O=C1CC(C(=O)NCC(OCOc2ccc(C(=O)OC3CCCN(C(=O)C4CCC4)C3)cc2)c2ccccc2)CO1
O=C1CC(C(=O)NCC(OCOc2ccc(C(=O)OC3CCCN(C(=O)C4CCC4)C3)cc2)c2ccccc2)CO1
O=C1CC(C(=O)NCC(OCCc2ccc(C(=O)OC3CCCN(C(=O)C4CCC4)C3)cc2)c2ccccc2)CO1
O=C1CC(C(=O)NCC(OCCc2ccc(C(=O)OC3CCCN(C(=O)C4CC4)C3)cc2)c2ccccc2)CO1
O=C1CC(C(=O)NCC(OCc2ccc(C(=O)OC3CCCN(C(=O)C4CC4)C3)cc2)c2ccccc2)CO1
O=C1CC(C(=O)NCC(OCc2ccc(C(=O)OC3CCCN(C(=O)C4CC4)C3)cc2)c2ccccc2)CO1
O=C1CC(C(=O)NCC(OCc2ccc(C(=O)OC3CCCN(C(=O)C4CC4)C3)cc2)c2ccccc2)CO1
O=C1CC(C(=O)NCC(OCc2ccc(C(=O)OC3CCCN(C(=O)C4CCC4)C3)cc2)c2ccccc2)CO1
O=C1CC(C(=O)NCC(OCc2ccc(C(=O)OC3CCCN(C(=O)C4CCC4)C3)cc2)c2ccccc2)CO1
O=C1CC(C(=O)NCC(Oc2ccc(C(=O)OC3CCCN(C(=O)C4CCC4)C3)cc2)c2ccccc2)CO1
O=C1CC(C(=O)NCC(Oc2ccc(C(=O)OC3CCCN(C(=O)C4CC4)C3)cc2)c2ccccc2)CO1
O=C1CC(C(=O)NCC(Oc2ccc(C(=O)OC3CCCCN(C(=O)C4CC4)C3)cc2)c2ccccc2)CO1
O=C1CC(C(=O)NCC(Oc2ccc(C(=O)OC3CCCCN(C(=O)C4CC4)C3)cc2)c2ccccc2)CO1
O=C1CC(C(=O)NCC(Oc2ccc(C(=O)OC3CCCN(C(=O)C4CC4)C3)cc2)c2ccccc2)CO1
O=C1CC(C(=O)NCC(Oc2ccc(C(=O)OC3CCCN(C(=O)C4CCC4)C3)cc2)c2ccccc2)CO1
C=C1CC(C(=O)N2CCCC(OC(=O)c3ccc(OC(CNC(=O)C4COC(=O)C4)c4ccccc4)cc3)C2)C1
C=C1CC(C(=O)N2CCCC(OC(=O)c3ccc(OC(CNC(=O)C4COC(=O)C4)c4ccccc4)cc3)C2)C1
C=C1CCC(C(=O)N2CCCC(OC(=O)c3ccc(OC(CNC(=O)C4COC(=O)C4)c4ccccc4)cc3)C2)C1
O=C1CCC(C(=O)N2CCCC(OC(=O)c3ccc(OC(CNC(=O)C4COC(=O)C4)c4ccccc4)cc3)C2)C1
O=C1CCCC(C(=O)N2CCCC(OC(=O)c3ccc(OC(CNC(=O)C4COC(=O)C4)c4ccccc4)cc3)C2)C1
O=C1CCCC(C(=O)N2CCCC(OC(=O)c3ccc(OC(CNC(=O)CC4COC(=O)C4)c4ccccc4)cc3)C2)C1
O=C(CC1COC(=O)C1)NCC(Oc1ccc(C(=O)OC2CCCN(C(=O)C3CCOC(=O)C3)C2)cc1)c1ccccc1
O=C(CC1COC(=O)C1)NCC(Oc1ccc(C(=O)OC2CCCN(C(=O)C3COC(=O)C3)C2)cc1)c1ccccc1
O=C1CC(OC(=O)NCC(Oc2ccc(C(=O)OC3CCCN(C(=O)C4COC(=O)C4)C3)cc2)c2ccccc2)CO1
O=C1CC(C(=O)N2CCCC(OC(=O)c3ccc(OC(CNC(=O)OC4CCOC4)c4ccccc4)cc3)C2)CO1
O=C1CC(C(=O)N2CCCC(OC(=O)c3ccc(OC(CNC(=O)OC4CCOCC4)c4ccccc4)cc3)C2)CO1
O=C(CC1CCOCC1)NCC(Oc1ccc(C(=O)OC2CCCN(C(=O)C3COC(=O)C3)C2)cc1)c1ccccc1
O=C(CC1CCOCC1)NCC(Oc1ccc(C(=O)OC2CCCN(C(=O)C3COC(=O)C3)C2)cc1)c1ccccc1
O=C(CC1CCOCC1)NCC(Oc1ccc(C(=O)OC2CCCN(C(=O)C3COC(=O)C3)C2)cc1)c1ccccc1
O=C(CC1CCCCC1)NCC(Oc1ccc(C(=O)OC2CCCN(C(=O)C3COC(=O)C3)C2)cc1)c1ccccc1
O=C(CC1CCCC1)NCC(Oc1ccc(C(=O)OC2CCCN(C(=O)C3COC(=O)C3)C2)cc1)c1ccccc1
O=C(CC1CCC1)NCC(Oc1ccc(C(=O)OC2CCCN(C(=O)C3COC(=O)C3)C2)cc1)c1ccccc1
O=C(CC1CC1)NCC(Oc1ccc(C(=O)OC2CCCN(C(=O)C3COC(=O)C3)C2)cc1)c1ccccc1
O=C(CC1CC1)NCC(Oc1ccc(C(=O)OC2CCCN(C(=O)C3COC(=O)C3)C2)cc1)c1ccccc1
O=C1CC(C(=O)N2CCCC(OC(=O)c3ccc(OCc4ccccc4)cc3)C2)CO1
O=C1CC(C(=O)N2CCCC(OC(=O)c3ccc(OCc4ccccc4)cc3)C2)CO1
O=C1CC(C(=O)N2CCCC(OC(=O)c3ccc(OCc4ccccc4)cc3)C2)CO1
O=C1CC(C(=O)N2CCCC(OC(=O)c3ccc(OCc4ccccc4)cc3)C2)CO1
O=C1CC(C(=O)N2CCCC(OC(=O)c3ccc(OCc4ccccc4)cc3)C2)CO1
O=C1CC(C(=O)N2CCCC(OC(=O)c3ccc(OCc4ccccc4)cc3)C2)CO1
O=C(CCC1(C2CCCC2)CCCc2ccccc21)Nc1ccc2c(=O)oncc2c1
O=C(CCC1(C2CCCC2)CCc2ccccc21)Nc1ccc2c(=O)oncc2c1
O=C(CCC1(C2CCCC2)CCc2ccccc21)Nc1ccc2c(c1)C=NCC2=O
O=C(CCC1(C2CCCC2)NCc2ccccc21)Nc1ccc2c(c1)C=NCC2=O
O=C(CCC1(C2CCCC2)Nc2ccccc21)Nc1ccc2c(c1)C=NCC2=O
O=C(CCCC1(C2CCCC2)Nc2ccccc21)Nc1ccc2c(c1)C=NCC2=O
O=C(CCCC1(C2CCCC2)Nc2ccccc21)Nc1ccc2c(c1)C=CCC2=O
O=C(CCCC1(C2CCCC2)Nc2ccccc21)Nc1ccc2c(c1)C=CC2=O
O=C(CCCC1(C2CCCC2)Nc2ccccc21)Nc1ccc2c(c1)C=CC2=O
O=C(CCc1ccc2c(c1)NC2C1CCCC1)Nc1ccc2c(c1)C=CC2=O
O=C(CCc1ccc2c(c1)NC2C1CCCC1)Nc1ccc2c(=O)ccsc2c1
O=C(CCc1ccc2c(c1)NC2C1CCC1)Nc1ccc2c(=O)ccsc2c1
O=C(CCc1ccc2c(c1)NC2C1CCC1)Nc1ccc2c(=O)ccsc2c1
O=C(CCc1ccc2c(c1)NC2C1CC1)Nc1ccc2c(=O)ccsc2c1
O=C(CCc1ccc2c(c1)NC2)Nc1ccc2c(=O)ccsc2c1
O=C(CCc1ccc2c(c1)NC2)Nc1ccc2c(=O)ccsc2c1
O=c1ccsc2cccc(-c3ccc4c(c3)NC4)c12
O=c1ccsc2cccc(-c3ccc4c(c3)NC4)c12
O=c1ccsc2cccc(-c3ccc4c(c3)NC4)c12
O=c1ccsc2cccc(-c3ccc4c(c3)CN4)c12
O=c1ccsc2cccc(-c3ccc4c(c3)CN4)c12
O=c1ccsc2cccc(-c3ccc4c(c3)CN4)c12
O=c1ccsc2cccc(-c3ccc4c(c3)CN4)c12
O=c1ccsc2cccc(-c3ccc4c(c3)CN4)c12
C1=CSc2cccc(-c3ccc4c(c3)CN4)c2C1
c1cc(-c2ccc3c(c2)CN3)c2ccsc2c1
c1cc(-c2ccc3c(c2)CN3)c2ccsc2c1
c1cc(-c2ccc3c(c2)CN3)c2ccsc2c1
c1cc(-c2ccc3c(c2)CN3)c2ccsc2c1
c1cc(-c2ccc3c(c2)CN3)c2ccsc2c1
c1ccc2sc(-c3ccc4c(c3)CN4)cc2c1
c1ccc2sc(-c3ccc4c(c3)CN4)cc2c1
c1ccc2sc(-c3ccc4c(c3)CN4)cc2c1
c1ccc2sc(-c3ccc4c(c3)CN4)cc2c1
c1ccc2sc(-c3ccc4c(c3)CN4)cc2c1
c1ccc2sc(-c3ccc4c(c3)CN4)cc2c1
c1ccc2sc(-c3ccc4c(c3)CN4)cc2c1
c1ccc2sc(-c3ccc4c(c3)CN4)cc2c1
c1ccc2sc(-c3ccc4c(c3)CN4)cc2c1
c1ccc2sc(-c3ccc4c(c3)CN4)cc2c1
c1ccc2sc(-c3ccc4c(c3)CN4)cc2c1
c1ccc(-c2ccc3c(c2)CN3)sc2cc-2c1
c1ccc(-c2ccc3c(c2)CN3)sc2cc-2c1
c1ccc(-c2ccc3c(c2)CN3)sc2cc-2c1
c1ccc(-c2ccc3c(c2)CN3)sc2cc-2c1
c1ccc(-c2ccc3c(c2)CN3)sc2cc-2c1
c1ccc(-c2ccc3c(c2)CN3)sc2cc-2c1
C1=CC1=Cc1ccc(-c2ccc3c(c2)CN3)s1
c1csc(-c2ccc3c(c2)CN3)c1
c1csc(-c2ccc3c(c2)CN3)c1
c1csc(-c2ccc3c(c2)CN3)c1
c1csc(-c2ccc3c(c2)CN3)c1
c1csc(-c2ccc3c(c2)CN3)c1
c1csc(-c2ccc3c(c2)CN3)c1
c1csc(-c2ccc3c(c2)CN3)c1
c1csc(-c2ccc3c(c2)CN3)c1
c1csc(-c2ccc3c(c2)CN3)c1
c1csc(-c2ccc3c(c2)CN3)c1
c1csc(-c2ccc3c(c2)CN3)c1
c1csc(-c2ccc3c(c2)CN3)c1
c1csc(-c2ccc3c(c2)CN3)c1
c1csc(-c2ccc3c(c2)CN3)c1
c1csc(-c2ccc3c(c2)CN3)c1
c1csc(-c2ccc3c(c2)CN3)c1
c1csc(-c2ccc3c(c2)CN3)c1
c1csc(-c2ccc3c(c2)CN3)c1
c1csc(-c2ccc3c(c2)CN3)c1
c1csc(-c2ccc3c(c2)CN3)c1
c1csc(-c2ccc3c(c2)CN3)c1
c1csc(-c2ccc3c(c2)CN3)c1
c1csc(-c2ccc3c(c2)CN3)c1
c1csc(-c2ccc3c(c2)CN3)c1
c1csc(-c2ccc3c(c2)CN3)c1
c1csc(-c2ccc3c(c2)CN3)c1
c1csc(-c2ccc3c(c2)CN3)c1
c1csc(-c2ccc3c(c2)CN3)c1
c1csc(-c2ccc3c(c2)CN3)c1
c1csc(-c2ccc3c(c2)CN3)c1
c1csc(-c2ccc3c(c2)CN3)c1
c1csc(-c2ccc3c(c2)CN3)c1
c1csc(-c2ccc3c(c2)CN3)c1
c1csc(-c2ccc3c(c2)CN3)c1
O=C(C1CN1)C1Nc2ccc(-c3cccs3)cc21
O=C(C1CNC1)C1Nc2ccc(-c3cccs3)cc21
c1csc(-c2ccc3c(c2)CN3)c1
c1csc(-c2ccc3c(c2)CN3)c1
c1csc(-c2ccc3c(c2)CN3)c1
c1csc(-c2ccc3c(c2)CN3)c1
c1csc(-c2ccc3c(c2)CN3)c1
c1csc(-c2ccc3c(c2)CN3)c1
c1csc(-c2ccc3c(c2)CN3)c1
O=C1CNc2ccc(-c3cccs3)cc2C1
O=C1CNc2ccc(-c3cccs3)cc2C1
O=C(CCC1(C2CCCC2)CCCc2ccccc21)Nc1ccc2c(=O)oncc2c1
O=C(CCC1(C2CCC2)CCCc2ccccc21)Nc1ccc2c(=O)oncc2c1
O=C(CCC1CCCc2ccccc21)Nc1ccc2c(=O)oncc2c1
O=C(CCC1CCCc2ccccc21)NCc1ccc2c(=O)oncc2c1
O=c1oncc2cc(CNCCCC3CCCc4ccccc43)ccc12
O=c1oncc2cc(CNCCCC3CCCc4ccccc43)ccc12
O=c1oncc2cc(CNCCCC3CCCc4ccccc43)ccc12
O=c1oncc2cc(CNCCCC3CCCc4ccccc43)ccc12
c1ccc(CNCCCC2CCCc3ccccc32)cc1
c1ccc(NCCCC2CCCc3ccccc32)cc1
c1ccc(NCCCC2CCCc3ccccc32)cc1
c1ccc(CNCCCC2CCCc3ccccc32)cc1
c1ccc(CNCCCC2CCCc3ccccc32)cc1
O=C(NCCCC1CCCc2ccccc21)c1ccccc1
O=C(NCCCC1CCCc2ccccc21)c1ccccc1
O=C(NCCCC1CCCc2ccccc21)c1ccccc1
O=C(NCCCC1CCCc2ccccc21)c1ccccc1
O=C(NCCCC1CCCc2ccccc21)C1=CC=CC1
O=C(NCCCC1CCCc2ccccc21)c1ccc[nH]1
O=C(NCCCC1CCCc2ccccc21)c1ccc[nH]1
O=C(NCCCC1CCCc2ccccc21)c1ccc[nH]1
O=C(NCCCC1CCCc2ccccc21)c1ccn[nH]1
O=C(NCCCC1CCCCc2ccccc21)c1ccn[nH]1
O=C(NCCCC1CCCCc2ccccc21)c1ccn[nH]1
O=C(NCCCC1CCCCc2ccccc21)c1ccn[nH]1
O=C(NCCCCC1CCCCc2ccccc21)c1ccn[nH]1
O=C(NCCCCCC1CCCCc2ccccc21)c1ccn[nH]1
O=C(NCCCCCC1CCCCc2ccccc21)c1ccn[nH]1
O=C(NCCCCC1CCCCc2ccccc21)c1ccn[nH]1
O=C(NCCCC1CCCCc2ccccc21)c1ccn[nH]1
O=C(NCCCC1CCCc2ccccc21)c1ccn[nH]1
c1ccc(CCC(Oc2ccc3c(cnn3-c3ccccc3)c2)c2cccnc2)cc1
c1ccc(CCC2Oc3ccc4c(cnn4-c4ccccc4)c3-c3ncccc32)cc1
c1ccc(Cc2ccccc2-n2ncc3c4c(ccc32)OCc2cccnc2-4)cc1
c1ccc(Cc2ccccc2-n2ncc3c4c(ccc32)OCCc2cccnc2-4)cc1
c1ccc(Cc2ccccc2-n2ncc3c4c(ccc32)OCCc2cccnc2-4)cc1
c1ccc(Cc2ccccc2-n2ncc3c4c(ccc32)OCCc2cccnc2-4)cc1
c1ccc(Cc2ccccc2-n2ncc3c4c(ccc32)OCCc2cccnc2-4)cc1
c1ccc(Cc2ccccc2-n2ncc3c4c(ccc32)OCc2cccnc2-4)cc1
c1ccc(Cc2ccccc2-n2ncc3c4c(ccc32)OCc2cccnc2-4)cc1
c1ccc(Cc2ccccc2N2NCc3c2ccc2c3-c3ncccc3CO2)cc1
c1ccc(Cc2ccccc2C2NCc3c2ccc2c3-c3ncccc3CO2)cc1
c1ccc(Cc2ccccc2Cc2ccc3c(c2)-c2ncccc2CO3)cc1
c1ccc(Cc2ccccc2Cc2ccc3c(c2)-c2ncccc2CO3)cc1
c1ccc(Cc2ccccc2-c2ccc3c(c2)-c2ncccc2CO3)cc1
c1ccc(Cc2ccccc2-c2ccc3c(c2C2CN2)-c2ncccc2CO3)cc1
c1ccc(Cc2ccccc2-c2ccc3c(c2CC2CN2)-c2ncccc2CO3)cc1
c1ccc(Cc2ccccc2-c2ccc3c(c2CC2CC2)-c2ncccc2CO3)cc1
c1ccc(-c2ccccc2-c2ccc3c(c2CC2CC2)-c2ncccc2CO3)cc1
c1ccc(-c2ccccc2-c2ccc3c(c2CC2CCC2)-c2ncccc2CO3)cc1
c1ccc(-c2ccccc2-c2ccc3c(c2CC2CCC2)-c2ncccc2CO3)cc1
c1ccc(-c2ccccc2-c2ccc3c(c2CC2CCCC2)-c2ncccc2CO3)cc1
c1ccc(-c2ccccc2-c2ccc3c(c2CC2CCCCC2)-c2ncccc2CO3)cc1
c1ccc(-c2ccccc2-c2ccc3c(c2CC2CCCCC2)-c2ncccc2CO3)cc1
c1ccc(-c2ccccc2-c2ccc3c(c2CC2CCCCC2)-c2ncccc2CO3)cc1
c1ccc(-c2ccccc2-c2ccc3c(c2CC2CCCCC2)-c2ccccc2CO3)cc1
c1ccc(-c2ccccc2-c2ccc3c(c2CC2CCCCC2)-c2ccccc2CO3)cc1
C1=CC(c2ccccc2)C(c2ccc3c(c2CC2CCCCC2)-c2ccccc2CO3)=C1
C1=CC(c2ccc3c(c2CC2CCCCC2)-c2ccccc2CO3)C1c1ccccc1
C1=CC1(c1ccccc1)c1ccc2c(c1CC1CCCCC1)-c1ccccc1CO2
c1ccc(Cc2ccc3c(c2CC2CCCCC2)-c2ccccc2CO3)cc1
c1ccc(Cc2ccc3c(c2CC2CCCCC2)-c2ccccc2CO3)cc1
O=C(CCCc1ccccc1)Nc1ccc2c(c1)COc1cccc(CC3CCCCC3)c1-2
O=C(CCCc1ccccc1)Nc1ccc2c(c1)COc1cccc(CC3CCCCC3)c1-2
O=C(CCCc1ccccc1)Nc1ccc2c(c1)COc1cccc(CC3CCCCC3)c1-2
O=C(CCCc1ccccc1)Nc1ccc2c(c1)COc1cccc(CC3CCCCC3)c1-2
O=C(CCCc1ccccc1)Nc1ccc2c(c1)COc1cccc(CC3CCCCC3)c1-2
O=C(CCCc1ccccc1)Nc1ccc2c(c1)COc1cccc(CC3CCCCC3)c1-2
O=C(CCCc1ccccc1)Nc1ccc2c(c1)COC1=CCC(CC3CCCCC3)=C12
O=C(CCCc1ccccc1)Nc1ccc2c(c1)COC1=CC(CC3CCCCC3)=C12
O=C(CCCc1ccccc1)Nc1ccc2c(c1)COC1=CC(CC3CCCCC3)=C12
O=C(Nc1ccc2c(c1)COC1=CC=C12)C(CCc1ccccc1)CCC1CCCCC1
O=C(Nc1ccc2c(c1)COC1=CC=C12)C(CCc1ccccc1)CC1CCCCC1
O=C(Nc1ccc2c(c1)COC1=CC=C12)C(CCc1ccccc1)CC1CCCCC1
C=C1OCc2cc(NC(=O)C(CCc3ccccc3)CC3CCCCC3)ccc2C1=C
C=C1OCc2cc(NC(=O)C(CCc3ccccc3)CC3CCCCC3)ccc2C1=O
O=C1COCc2cc(NC(=O)C(CCc3ccccc3)CC3CCCCC3)ccc21
O=C1OCc2cc(NC(=O)C(CCc3ccccc3)CC3CCCCC3)ccc21
c1ccc(CCC(Oc2ccc3c(cnn3-c3ccccc3)c2)c2cccnc2)cc1
c1ccc(CCC(Oc2ccc3c(cnn3-c3ccccc3)c2)c2cccnc2)cc1
c1ccc(CCC(Oc2ccc3c(cnn3-c3ccccc3)c2)c2cccnc2)cc1
O=C(Cc1ccccc1)NCC(Oc1ccc2c(cnn2-c2ccccc2)c1)c1cccnc1
O=C(Cc1ccccc1)NCC(Oc1ccc2c(cnn2-c2ccccc2)c1)c1cccnc1
O=C(Cc1ccccc1)NCC(Oc1ccc2c(cnn2-c2ccccc2)c1)c1ccccc1
O=C(Cc1ccccc1)NCC(Oc1ccc2c(cnn2-c2ccccc2)c1)c1ccccc1
O=C(Cc1ccccc1)NCC(Oc1ccc2c(cnn2-c2ccccc2)c1)c1ccccc1
O=C(NCC(Oc1ccc2c(cnn2-c2ccccc2)c1)c1ccccc1)c1ccccc1
c1ccc(CCC(Oc2ccc3c(cnn3-c3ccccc3)c2)c2cccnc2)cc1
c1ccc(CCC(Oc2ccc3c(cnn3-c3ccccc3)c2)c2ccccc2)cc1
c1ccc(CCC(Oc2ccc3c(cnn3-c3ccccc3)c2)c2ccccc2)cc1
c1ccc(CCC(Oc2ccc3c(cnn3-c3ccccc3)c2)c2ccccc2)cc1
c1ccc(CCC(Oc2ccc3c(cnn3-c3ccccc3)c2)c2ccccc2)cc1
c1ccc(CC(Oc2ccc3c(cnn3-c3ccccc3)c2)c2ccccc2)cc1
c1ccc(COc2ccc3c(cnn3-c3ccccc3)c2)cc1
c1ccc(COc2ccc3c(cnn3-c3ccccc3)c2)cc1
c1ccc(COc2ccc3c(cnn3-c3ccccc3)c2)cc1
c1ccc(COc2ccc3c(cnn3-c3ccccc3)c2)cc1
c1ccc(COc2ccc3c(cnn3-c3ccccc3)c2)cc1
c1ccc(COc2ccc3c(cnn3-c3ccccc3)c2)cc1
c1ccc(COc2ccc3c(cnn3-c3ccccc3)c2)cc1
c1ccc(COc2ccc3c(cnn3-c3ccccc3)c2)cc1
c1ccc(COc2ccc3c(cnn3-c3ccccc3)c2)cc1
c1ccc(COc2ccc3c(cnn3-c3ccccc3)c2)cc1
c1ccc(COc2ccc3c(cnn3-c3ccccc3)c2)cc1
c1ccc(CCC(Oc2ccc3c(cnn3-c3ccccc3)c2)c2cccnc2)cc1
c1ccc(CCC(Oc2ccc(Nc3ccccc3)cc2)c2cccnc2)cc1
c1ccc(Nc2ccc3c(c2)-c2ccccc2CCC(c2cccnc2)O3)cc1
c1ccc(Nc2ccc3c(c2)-c2ccccc2CCC(c2cccnc2)O3)cc1
c1ccc(Nc2ccc3c(c2)-c2ccccc2CCC(c2cccnc2)O3)cc1
c1ccc(Nc2ccc3c(c2)-c2ccccc2CCC(c2cccnc2)O3)cc1
c1ccc(Nc2ccc3c(c2)-c2ccccc2CCC(c2cccnc2)O3)cc1
c1ccc(Nc2ccc3c(c2)-c2ccccc2CCC(c2cccnc2)O3)cc1
c1ccc(Nc2ccc3c(c2)-c2ccccc2CCC(c2cccnc2)O3)cc1
c1ccc(Nc2ccc3c(c2)-c2ccccc2CCC(c2cccnc2)O3)cc1
c1ccc(Nc2ccc3c(c2)-c2ccccc2CCC(c2cccnc2)O3)cc1
c1ccc(Nc2ccc3c(c2)-c2ccccc2CC2c4ncccc4C2O3)cc1
c1ccc(Nc2ccc3c(c2)-c2ccccc2CC(c2ccccn2)CO3)cc1
c1ccc(Nc2ccc3c(c2)-c2ccccc2CC(c2ccccn2)CO3)cc1
c1ccc(Nc2ccc3c(c2)-c2ccccc2CC(c2ccccn2)CO3)cc1
c1ccc(Nc2ccc3c(c2)-c2ccccc2CC(c2ccccn2)CO3)cc1
c1ccc(Nc2ccc3c(c2)-c2ccccc2CC(c2ccccn2)CO3)cc1
c1ccc(Nc2ccc3c(c2)-c2ccccc2CC(c2ccccn2)CO3)cc1
c1ccc(Nc2ccc3c(c2)-c2ccccc2CC(c2ccccn2)CO3)cc1
c1ccc(Nc2ccc3c(c2)-c2ccccc2CC(c2ccccn2)CO3)cc1
c1ccc(Nc2ccc3c(c2)-c2ccccc2CC(c2ccccn2)CO3)cc1
C1=CC(C2COc3ccc(Nc4ccccc4)cc3-c3ccccc3C2)=NC1
C1=CC(C2COc3ccc(Nc4ccccc4)cc3-c3ccccc3C2)=NC1
C1=CNC(C2COc3ccc(Nc4ccccc4)cc3-c3ccccc3C2)=NC1
C1=CNC(C2COc3ccc(Nc4ccccc4)cc3-c3ccccc3C2)=NC1
c1ccc(Nc2ccc3c(c2)-c2ccccc2CC(C2=NCCN2)CO3)cc1
c1ccc(Nc2ccc3c(c2)-c2ccccc2CC(C2=NCN2)CO3)cc1
c1ccc(Nc2ccc3c(c2)-c2ccccc2CC(C2=NCN2)CO3)cc1
c1ccc(Nc2ccc3c(c2)-c2ccccc2CC(C2=NCN2)CO3)cc1
c1ccc(Nc2ccc3c(c2)-c2ccccc2CC(C2=NCN2)CO3)cc1
c1ccc(CNc2ccc3c(c2)-c2ccccc2CC(C2=NCN2)CO3)cc1
c1ccc(CNc2ccc3c(c2)-c2ccccc2CC(C2=NCN2)CO3)cc1
c1ccc(CNc2ccc3c(c2)-c2ccccc2CC(C2=NCN2)CO3)cc1
c1ccc(CNc2ccc3c(c2)-c2ccccc2CC(C2=NCN2)CO3)cc1
c1ccc(CNc2ccc3c(c2)-c2ccccc2CC(C2=NCN2)CO3)cc1
c1ccc(CNc2ccc3c(c2)-c2ccccc2CC(C2=NCN2)CO3)cc1
c1ccc(CNc2ccc3c(c2)-c2ccccc2CC(C2=NCN2)CO3)cc1
C1=C(C2COc3ccc(NCc4ccccc4)cc3-c3ccccc3C2)NC1
C1=C(C2COc3ccc(NCc4ccccc4)cc3-c3ccccc3C2)NC1
C1=C(C2COc3ccc(NCc4ccccc4)cc3-c3ccccc3C2)NC1
c1ccc(CNc2ccc3c(c2)-c2ccccc2CC(C2CCN2)CO3)cc1
c1ccc(CNc2ccc3c(c2)-c2ccccc2CC(C2CCN2)CO3)cc1
c1ccc(CNc2ccc3c(c2)-c2ccccc2CC(CC2CCN2)CO3)cc1
c1ccc(CNc2ccc3c(c2)-c2ccccc2CC(CC2CCN2)CO3)cc1
c1ccc(CNc2ccc3c(c2)-c2ccccc2CC(CC2CN2)CO3)cc1
c1ccc(CNc2ccc3c(c2)-c2ccccc2CC(CC2CN2)CO3)cc1
c1ccc(CNc2ccc3c(c2)-c2ccccc2CC(CCC2CN2)CO3)cc1
c1ccc(CNc2ccc3c(c2)-c2ccccc2CC(CCC2CNC2)CO3)cc1
c1ccc(CNc2ccc3c(c2)OCC(CCC2CNC2)Cc2ccccc2-3)cc1
c1ccc(CNc2ccc3c(c2)OCC(CCC2CNC2)Cc2ccccc2-3)cc1
c1ccc(CNc2ccc3c(c2)OCC(CCC2CNC2)Cc2ccccc2-3)cc1
c1ccc(CNc2ccc3c(c2)OCC(CC2CNC2)Cc2ccccc2-3)cc1
c1ccc(CNc2ccc3c(c2)OCC(CC2CNC2)Cc2ccccc2-3)cc1
c1ccc(CNc2ccc3c(c2)OCC(CC2CNC2)Cc2ccccc2-3)cc1
c1ccc(CNc2ccc3c(c2)OCC(CC2CN2)Cc2ccccc2-3)cc1
c1ccc(CNc2ccc3c(c2)OCC(CC2CN2)Cc2ccccc2-3)cc1
c1ccc(CNc2ccc3c(c2)OCC(CC2CN2)Cc2ccccc2-3)cc1
c1ccc(CNc2ccc3c(c2)OCC(CC2CN2)Cc2ccccc2-3)cc1
c1ccc(CNc2ccc3c(c2)OCC(CC2CN2)Cc2ccccc2-3)cc1
c1ccc(CNc2ccc3c(c2)OCC(CC2CN2)Cc2ccccc2-3)cc1
c1ccc(CNc2ccc3c(c2)OCC(CC2CN2)Cc2ccccc2-3)cc1
c1ccc(CNc2ccc3c(c2)OCC(CCC2CN2)Cc2ccccc2-3)cc1
c1ccc(CNc2ccc3c(c2)OCC(CCC2CN2)Cc2ccccc2-3)cc1
c1ccc(CNc2ccc3c(c2)OCC(CCOCC2CN2)Cc2ccccc2-3)cc1
c1ccc(CNc2ccc3c(c2)OCC(CCOC2CN2)Cc2ccccc2-3)cc1
c1ccc(CNc2ccc3c(c2)OCC(CCOC2CN2)Cc2ccccc2-3)cc1
c1ccc(CNc2ccc3c(c2)OCC(CCCC2CN2)Cc2ccccc2-3)cc1
c1ccc(CNc2ccc3c(c2)OCC(CCC2CN2)Cc2ccccc2-3)cc1
c1ccc(CNc2ccc3c(c2)OCC(CCC2CN2)Cc2ccccc2-3)cc1
O=C(CC1CN1)C1COc2cc(NCc3ccccc3)ccc2-c2ccccc2C1
O=C(CC1CN1)C1COc2cc(NCc3ccccc3)ccc2-c2ccccc2C1
O=C(C1COc2cc(NCc3ccccc3)ccc2-c2ccccc2C1)C1CN1
O=C(C1COc2cc(NCc3ccccc3)ccc2-c2ccccc2C1)C1CN1
O=C(C1COc2cc(NCc3ccccc3)ccc2-c2ccccc2C1)C1CN1
O=C(CC1COc2cc(NCc3ccccc3)ccc2-c2ccccc2C1)C1CN1
O=C(COC1COc2cc(NCc3ccccc3)ccc2-c2ccccc2C1)C1CN1
O=C(OC1COc2cc(NCc3ccccc3)ccc2-c2ccccc2C1)C1CN1
O=C(OC1COc2cc(NCc3ccccc3)ccc2-c2ccccc2C1)C1CCN1
O=C(OC1COc2cc(NCc3ccccc3)ccc2-c2ccccc2C1)C1CCN1
O=C(OC1COc2cc(NCc3ccccc3)ccc2-c2ccccc2C1)C1CCN1
O=C(OC1COc2cc(NCc3ccccc3)ccc2-c2ccccc2C1)C1CCN1
O=C(OC1COc2cc(NCc3ccccc3)ccc2-c2ccccc2C1)C1CN1
O=C(OC1COc2cc(NCCc3ccccc3)ccc2-c2ccccc2C1)C1CN1
O=C(OC1COc2cc(NCCc3ccccc3)ccc2-c2ccccc2C1)C1CCN1
O=C(OC1COc2cc(NCCc3ccccc3)ccc2-c2ccccc2C1)C1CCN1
O=C(OC1COc2cc(NCCc3ccccc3)ccc2-c2ccccc2C1)C1CN1
O=C(OC1COc2cc(NCc3ccccc3)ccc2-c2ccccc2C1)C1CN1
O=C(OC1COc2cc(NCc3ccccc3)ccc2-c2ccccc2C1)C1CN1
O=C(OC1COc2cc(NCc3ccccc3)ccc2-c2ccccc2C1)C1CN1
O=C(OC1COc2cc(NCc3ccccc3)ccc2-c2ccccc2C1)C1CN1
O=C(OC1COc2cc(NCc3ccccc3)ccc2-c2ccccc2C1)C1CN1
O=C(OC1COc2cc(NCc3ccccc3)ccc2-c2ccccc2C1)C1CN1
O=C(OC1COc2cc(NCc3ccccc3)ccc2-c2ccccc2C1)C1CN1
O=C(OC1COc2cc(CCc3ccccc3)ccc2-c2ccccc2C1)C1CN1
O=C(Cc1ccccc1)c1ccc2c(c1)OCC(OCC1CN1)Cc1ccccc1-2
O=C(Cc1ccccc1)c1ccc2c(c1)OCC(OCC1CN1)Cc1ccccc1-2
O=C(Cc1ccccc1)c1ccc2c(c1)OCC(OC1CN1)Cc1ccccc1-2
O=C(Cc1ccccc1)c1ccc2c(c1)OCC(OC1CN1)Cc1ccccc1-2
O=C(Cc1ccccc1)c1ccc2c(c1)OCC(OC13CC1N3)Cc1ccccc1-2
O=C(Cc1ccccc1)c1ccc2c(c1)OCC(OC13CC1N3)Cc1ccccc1-2
O=C(Cc1ccccc1)c1ccc2c(c1)OCC(CC13CC1N3)Cc1ccccc1-2
O=C(Cc1ccccc1)c1ccc2c(c1)OCC(CC1CN1)Cc1ccccc1-2
O=C(Cc1ccccc1)c1ccc2c(c1)OCC(CC1CNC1)Cc1ccccc1-2
O=C(Cc1ccccc1)c1ccc2c(c1)OCC(CC1CCNC1)Cc1ccccc1-2
O=C(Cc1ccccc1)c1ccc2c(c1)OCC(CC1CCCNC1)Cc1ccccc1-2
O=C(Cc1ccccc1)c1ccc2c(c1)OCC(CC1CCCNC1)Cc1ccccc1-2
O=C(Cc1ccccc1)c1ccc2c(c1)OCCCc1c(CC3CCCNC3)cccc1-2
O=C(Cc1ccccc1)c1ccc2c(c1)OCCCc1c-2cccc1C1CCCNC1
O=C(Cc1ccccc1)c1ccc2c(c1)OCCCc1c-2cccc1C1CCCNC1
O=C(Cc1ccccc1)c1ccc2c(c1)OCCCc1c-2cccc1C1CCCNC1
O=C(Cc1ccccc1)c1ccc2c(c1)OCCc1c-2cccc1C1CCCNC1
O=C(Cc1ccccc1)c1ccc2c(c1)OCCc1c-2cccc1C1CNCCCN1
O=C(Cc1ccccc1)c1ccc2c(c1)OCCc1c-2cccc1C1CNCCN1
O=C(Cc1ccccc1)c1ccc2c(c1)OCOCc1c-2cccc1C1CNCCN1
O=C(Cc1ccccc1)c1ccc2c(c1)OCOCc1c-2cccc1C1CNCCN1
O=C(Cc1ccccc1)c1ccc2c(c1)OCOCc1c-2cccc1C1CNCN1
O=C(Cc1ccccc1)c1ccc2c(c1)OCOC1CNCNCc3cccc-2c31
O=C(Cc1ccccc1)c1ccc2c(c1)OCOC1CNCCCc3cccc-2c31
O=C(Cc1ccccc1)c1ccc2c(c1)OCOC1CNCCCc3cccc-2c31
O=C(Cc1ccccc1)c1ccc2c(c1)OCOC1CNCCCc3cccc-2c31
O=C(Cc1ccccc1)c1ccc2c(c1)OCOC1CNCCc3cccc-2c31
O=C(Cc1ccccc1)c1ccc2c(c1)OCOC1CNCc3cccc-2c31
O=C(Cc1ccccc1)c1ccc2c(c1)OCOC1CNCc3cccc-2c31
O=C(Cc1ccccc1)c1ccc2c(c1)OCOC1CNCc3cccc-2c31
O=C(Cc1ccccc1)c1ccc2c(c1)OCOC1CNc3cccc-2c31
O=C(Cc1ccccc1)c1ccc2c(c1)OCOC1CNc3cccc-2c31
O=C(Cc1ccccc1)c1ccc2c(c1)OCOC1CNc3cccc-2c31
O=C(Cc1ccccc1)c1ccc2c(c1)OCOC1CNc3cccc-2c31
O=C(Nc1ccc(CC(=O)c2ccc3c(c2)OCOC2CNc4cccc-3c42)cc1)OC1COC1
O=C(Nc1ccc(CC(=O)c2ccc3c(c2)OCOC2CNc4cccc-3c42)cc1)OC1CCOC1
O=C(Nc1ccc(CC(=O)c2ccc3c(c2)OCOC2CNc4cccc-3c42)cc1)OC1CCCOC1
O=C(Nc1ccc(CC(=O)c2ccc3c(c2)OCOC2CNc4cccc-3c42)cc1)OC1CCCCOC1
O=C(Nc1ccc(CC(=O)c2ccc3c(c2)OCOC2CNc4cccc-3c42)cc1)OC1CCCOCC1
O=C(Nc1ccc(CC(=O)c2ccc3c(c2)OCOC2CNc4cccc-3c42)cc1)OC1CCCCC1
O=C(Nc1ccc(CC(=O)c2ccc3c(c2)OCOC2CNc4cccc-3c42)cc1)OC1CCCCC1
O=C(Nc1ccc(CC(=O)c2ccc(-c3cccc4c3CCN4)cc2)cc1)OC1CCCCC1
O=C(Nc1ccc(CC(=O)c2ccc(-c3cccc4c3CCN4)cc2)cc1)OC1CCCC1
O=C(Nc1ccc(CC(=O)c2ccc3c(c2)OCOc2ccc4c(c2-3)CCN4)cc1)OC1CCCC1
O=C(Nc1ccc(CC(=O)c2ccc3c(c2)OCOc2ccc4c(c2-3)CCN4)cc1)OC1CCCC1
O=C(Nc1ccc(CC(=O)c2ccc3c(c2)OCOc2ccc4c(c2-3)CCN4)cc1)OC1CCC1
O=C(Nc1ccc(CC(=O)c2ccc3c(c2)OCOc2ccc4c(c2-3)CCN4)cc1)OC1CCC1
O=C(Nc1ccc(CC(=O)c2cc3c(c4c2NCC4)-c2ccccc2OCO3)cc1)OC1CCC1
O=C(Nc1ccc(CCc2cc3c(c4c2NCC4)-c2ccccc2OCO3)cc1)OC1CCC1
O=C(Nc1ccc(CCc2cc3c(c4c2NCC4)-c2ccccc2OCO3)cc1)OC1CCC1
O=C(Nc1ccc(CCc2cc3c(c4c2NCC4)-c2ccccc2OCO3)cc1)OC1CC1
O=C(Nc1ccc(Cc2cc3c(c4c2NCC4)-c2ccccc2OCO3)cc1)OC1CC1
O=C(Nc1ccc(CCC2CNc3ccc4c(c32)-c2ccccc2OCO4)cc1)OC1CC1
O=C(Nc1ccc(C=CC2CNc3ccc4c(c32)-c2ccccc2OCO4)cc1)OC1CC1
O=C(Nc1ccc(C=CC2CNc3ccc4c(c32)-c2ccccc2OCO4)cc1)OC1CC1
O=C(Nc1ccc(CC2CNc3ccc4c(c32)-c2ccccc2OCO4)cc1)OC1CC1
O=C(Nc1ccc(CC2CNc3ccc4c(c32)-c2ccccc2OCO4)cc1)OC1CC1
O=C(Nc1ccc(C2CNc3ccc4c(c32)-c2ccccc2OCO4)cc1)OC1CC1
O=C(Nc1ccc(C2CNc3ccc4c(c32)-c2ccccc2OCO4)cc1)OC1CC1
O=C(Nc1ccc(C2CNc3ccc4c(c32)-c2ccccc2OCO4)cc1)OC1CC1
O=C(Nc1ccc(OC2CNc3ccc4c(c32)-c2ccccc2OCO4)cc1)OC1CC1
O=C(Nc1ccc2c(c1)-c1c(ccc3c1C(Oc1ccccc1)CN3)OCO2)OC1CC1
O=C(Nc1ccc2c(c1)-c1c(ccc3c1C(Oc1ccccc1)CN3)OCO2)OC1CC1
O=C(Nc1ccc2c(c1)-c1c(ccc3c1C(Cc1ccccc1)CN3)OCO2)OC1CC1
O=C(Nc1ccc2c(c1)-c1c(ccc3c1C(Cc1ccccc1)CN3)OCO2)OC1CC1
O=C(Nc1ccc2c(c1)-c1c(ccc3c1C(Cc1ccccc1)CN3)OCO2)OC1CC1
O=C(Nc1ccc2c(c1)-c1c(ccc3c1C(Cc1ccccc1)CN3)OCO2)OC1C2CC21
O=C(Nc1ccc2c(c1)-c1c(ccc3c1C(Cc1ccccc1)CN3)OCO2)OC1C2CC21
O=C(Nc1ccc2c(c1)-c1c(ccc3c1C(c1ccccc1)CN3)OCO2)OC1C2CC21
O=C(Nc1ccc2c(c1)Oc1c(ccc3c1C(c1ccccc1)CN3)OCO2)OC1C2CC21
O=C(Nc1ccc2c(c1)Oc1c(ccc3c1C(c1ccccc1)CN3)OCO2)OC1CC1
O=C(Nc1ccc2c(c1)Oc1c(ccc3c1C(c1ccccc1)CN3)OCO2)OC1CC1
O=C(Nc1ccc2c(c1)Oc1c(ccc3c1C(Cc1ccccc1)CN3)OCO2)OC1CC1
O=C(Nc1ccc2c(c1)Oc1c(ccc3c1C(Cc1ccccc1)CN3)OCO2)OC1CC1
O=C(Nc1ccc2c(c1)Oc1c(ccc3c1CC(Cc1ccccc1)CN3)OCO2)OC1CC1
O=C(Nc1ccc2c(c1)Oc1c(ccc3c1CC(Cc1ccccc1)CN3)OCO2)OC1CC1
O=C(Nc1ccc2c(c1)Oc1c(ccc3c1CC(Cc1ccccc1)CN3)OCO2)OC1CC1
O=C(Nc1ccc2c(c1)Oc1c(ccc3c1CC(Cc1ccccc1)CN3)OCO2)OC1CC1
O=C(Nc1ccc2c(c1)Oc1c(ccc3c1CC(Cc1ccccc1)CN3)OCO2)OC1CC1
O=C(Nc1ccc2c(c1)Oc1c(ccc3c1CC(Cc1ccccc1)CN3)OCO2)OC1CC1
O=C(Nc1ccc2c(c1)Oc1c(ccc3c1CC(OCc1ccccc1)CN3)OCO2)OC1CC1
O=C(Nc1ccc2c(c1)Oc1c(ccc3c1CC(OCc1ccccc1)CN3)OCO2)OC1CC1
O=C(Nc1ccc2c(c1)Oc1c(ccc3c1CC(OCc1ccccc1)CN3)OCO2)OC1CC1
O=C(Nc1ccc2c(c1)Oc1c(ccc3c1CC(OCc1ccccc1)CN3)OCO2)OC1CC1
O=C(Nc1ccc2c(c1)Oc1c(ccc3c1CC(OCc1ccccc1)CN3)OCO2)OC1CC1
O=C(Nc1ccc2c(c1)Oc1c(ccc3c1CC(Oc1ccccc1)CN3)OCO2)OC1CC1
O=C(Nc1ccc2c(c1)Oc1c(ccc3c1CC(Oc1ccccc1)CN3)OCO2)OC1CCC1
O=C(Nc1ccc2c(c1)Oc1c(ccc3c1CC(Oc1ccccc1)CN3)OCO2)OC1CCC1
O=C(Nc1ccc2c(c1)Cc1c(ccc3c1CC(Oc1ccccc1)CN3)OCO2)OC1CCC1
O=C(Nc1ccc2c(c1)-c1c(ccc3c1CC(Oc1ccccc1)CN3)OCO2)OC1CCC1
O=C(Nc1ccc2c(c1)-c1c(ccc3c1CC(Oc1ccccc1)CN3)OCO2)OC1CCC1
O=C(Nc1ccc2c(c1)-c1c(ccc3c1CC(Oc1ccccc1)CN3)OCO2)OC1CC1
O=C(Nc1ccc2c(c1)-c1c(ccc3c1CC(OCOCc1ccccc1)CN3)OCO2)OC1CC1
O=C(Nc1ccc2c(c1)-c1c(ccc3c1CC(OCOc1ccccc1)CN3)OCO2)OC1CC1
O=C(Nc1ccc2c(c1)-c1c(ccc3c1CC(OCc1ccccc1)CN3)OCO2)OC1CC1
c1ccc(COC2CNc3ccc4c(c3C2)-c2ccccc2OCO4)cc1
c1ccc(COC2CNc3ccc4c(c3C2)-c2ccccc2OCO4)cc1
c1ccc(COC2CNc3ccc4c(c3C2)-c2ccccc2OCO4)cc1
c1ccc(COC2CNc3ccc4c(c3C2)-c2ccccc2OCO4)cc1
c1ccc(COC2CNc3ccc4c(c3C2)-c2ccccc2OCO4)cc1
c1ccc(COC2CNc3ccc4c(c3C2)-c2ccccc2OCO4)cc1
N=C(OC1CNc2ccc3c(c2C1)-c1ccccc1OCO3)c1ccccc1
O=C(OC1CNc2ccc3c(c2C1)-c1ccccc1OCO3)c1ccccc1
O=C(OC1CNc2ccc3c(c2C1)-c1ccccc1OCO3)c1ccccc1
O=C(OC1CNc2ccc3c(c2C1)-c1ccccc1OCO3)c1ccccc1
O=C(OC1CNc2ccc3c(c2C1)-c1ccccc1OCO3)c1ccccc1
O=C(OC1CNc2ccc3c(c2C1)-c1ccccc1OCO3)c1ccccc1
O=C(OC1CNc2ccc3c(c2C1)-c1ccccc1OCO3)c1ccccc1
O=C(OC1CNc2ccc3c(c2C1)-c1ccccc1OCO3)c1ccccc1
O=C(OC1CNc2ccc3c(c2C1)-c1ccccc1OCO3)c1ccccc1
O=C(Nc1ccccc1)OC1CNc2ccc3c(c2C1)-c1ccccc1OCO3
O=C(Nc1ccccc1)OC1CNc2ccc3c(c2C1)-c1ccccc1OCO3
O=C(Nc1ccccc1)OC1CNc2ccc3c(c2C1)-c1ccccc1OCO3
O=C(Nc1ccccc1)OC1CNc2ccc3c(c2C1)-c1ccccc1OCO3
O=C(Nc1ccccc1)OC1CNc2ccc3c(c2C1)-c1ccccc1OCO3
O=C(Nc1ccccc1)OC1CNc2ccc3c(c2C1)-c1ccccc1OCO3
O=C(Nc1ccccc1)OC1CNc2ccc3c(c2C1)-c1ccccc1OCO3
O=C(Nc1ccccc1)OC1CNc2ccc3c(c2C1)-c1ccccc1OCO3
O=C(Nc1ccccc1)OC1CNc2ccc3c(c2C1)-c1cnccc1OCO3
O=C(Nc1ccc2c(c1)OCO2)OC1CNc2ccc3c(c2C1)-c1cnccc1OCO3
O=C(Nc1ccc2c(c1)OCO2)OC1CNc2ccc3c(c2C1)-c1cnccc1OCO3
O=C(Nc1ccc2c(c1)OCO2)OC1CNc2ccc3c(c2C1)-c1cnccc1OCCO3
O=C(Nc1ccc2c(c1)OCO2)OC1CNc2ccc3c(c2C1)-c1ccccc1OCCO3
O=C(Nc1ccc2c(c1)OCO2)OC1CNc2cccc(-c3ccccc3)c2C1
O=C(Nc1ccc2c(c1)OCO2)OC1CNc2cccc(-c3ccccc3)c2C1
O=C(Nc1ccc2c(c1)OCO2)OC1CNc2cccc(-c3ccccc3)c2C1
O=C(Nc1ccc2c(c1)OCO2)OC1CNc2cccc(-c3ccccc3)c2C1
O=C(Nc1ccc2c(c1)OCO2)OC1CNc2cccc(-c3ccccc3)c2C1
O=C(Nc1ccc2c(c1)OCO2)OC1CNc2cccc(-c3ccccc3)c2C1
O=C(Nc1ccc2c(c1)OCO2)OC1CNc2cccc(-c3ccccc3)c2C1
O=C(Nc1ccc2c(c1)OCO2)OC1CNc2cccc(-c3ccccc3)c2C1
O=C(Nc1ccc2c(c1)OCO2)OC1CNc2cccc(-c3cccc4c3CC4)c2C1
O=C(Nc1ccc2c(c1)OCO2)OC1CNc2cccc(-c3cccc4c3CC4)c2C1
O=C(Nc1ccc2c(c1)OCO2)OC1CNc2cccc(-c3cccc4c3CC4)c2C1
O=C(Nc1ccc2c(c1)OCO2)OC1CNc2cccc(-c3cccc4c3C=C4)c2C1
O=C(Nc1ccc2c(c1)OCO2)OC1CNc2cccc(-c3cccc4c3C=C4)c2C1
O=C(Nc1ccc2c(c1)OCO2)OC1CNc2cccc(-c3cccc4c3C=C4)c2C1
O=C(Nc1ccc2c(c1)OCO2)OC1CNc2cccc(-c3cccc4c3C=C4)c2C1
O=C(Nc1ccc2c(c1)OCO2)OC1CNc2cccc(-c3cccc4[nH]ccc34)c2C1
O=C(Nc1ccc2c(c1)OCO2)OC1CNc2cccc(-c3cccc4[nH]ccc34)c2C1
O=C(Nc1ccc2c(c1)OCO2)OC1CNc2cccc(-c3cccc4[nH]ccc34)c2C1
O=C(Nc1ccc2c(c1)OCO2)OC1CNc2cccc(-c3cccc4cc[nH]c34)c2C1
O=C(Nc1ccc2c(c1)OCO2)OC1CNc2cccc(-c3cccc4cc[nH]c34)c2C1
O=C(Nc1ccc2c(c1)OCO2)OC1CNc2cccc(-c3cccc4cc[nH]c34)c2C1
O=C(Nc1ccc2c(c1)OCO2)OC1CNc2ccc(Cc3cccc4cc[nH]c34)cc2C1
O=C(Nc1ccc2c(c1)OCO2)OC1CNc2ccc(-c3cccc4cc[nH]c34)cc2C1
O=C(Nc1ccc2c(c1)OCO2)OC1CNc2ccc(-c3cccc4cc[nH]c34)cc2C1
O=C(Nc1ccc2c(c1)OCO2)OC1CCc2cc(-c3cccc4cc[nH]c34)ccc2NC1
O=C(Nc1ccc2c(c1)OCO2)OC1CCc2cc(-c3cccc4cc[nH]c34)ccc2NC1
O=C(Nc1ccc2c(c1)OCO2)OC1CCc2cc(-c3cccc4cc[nH]c34)ccc2NC1
O=C(Nc1ccc2c(c1)OCO2)OC1CNc2ccc(-c3cccc4cc[nH]c34)cc2C1
O=C(Nc1ccc2c(c1)OCO2)OC1CNc2ccc(-c3cccc4cc[nH]c34)cc2C1
O=C(Nc1ccc2c(c1)OCO2)OC1CNc2ccc(-c3cccc4cc[nH]c34)cc2C1
O=C(Nc1ccc2c(c1)OCO2)OC1CNc2ccc(-c3cccc4cc[nH]c34)cc2C1
O=C(Nc1ccc2c(c1)OCO2)OC1CNc2ccc(-c3cccc4cc[nH]c34)cc2C1
c1ccc(CCC(Oc2ccc3c(cnn3-c3ccccc3)c2)c2cccnc2)cc1
c1ccc(CC2Nc3ccncc3C2Oc2ccc3c(cnn3-c3ccccc3)c2)cc1
c1ccc(CC2Nc3ccncc3C2Oc2ccc3c(cnn3-c3ccccc3)c2)cc1
c1ccc(CC2Nc3ccncc3C2Oc2ccc3c(cnn3-c3ccccc3)c2)cc1
O=C(c1ccccc1)C1Nc2ccncc2C1Oc1ccc2c(cnn2-c2ccccc2)c1
O=C(c1ccccc1)C1Nc2ccncc2C1Oc1ccc2c(cnn2-c2ccccc2)c1
O=C(c1ccccc1)C1Nc2ccncc2C1Oc1ccc2c(cnn2-c2ccccc2)c1
O=C(c1ccccc1)C1Nc2ccncc2C1Oc1ccc2c(cnn2-c2ccccc2)c1
O=C(c1ccccc1)C1Nc2ccncc2C1Oc1cccc2c1cnn2-c1ccccc1
O=C(CNc1ccncc1COc1cccc2c1cnn2-c1ccccc1)c1ccccc1
O=C(CNC=CCOc1cccc2c1cnn2-c1ccccc1)c1ccccc1
O=C(CNC=CCOc1cccc2c1cnn2-c1ccccc1)c1ccccc1
O=C(CNC=CCCc1cccc2c1cnn2-c1ccccc1)c1ccccc1
O=C(CNC=CCCc1ccc2cnn(-c3ccccc3)c2c1)c1ccccc1
O=C(CNC=CCCc1ccc2cnn(-c3ccccc3)c2c1)c1ccccc1
O=C(CNC=CCCc1ccc2cnn(-c3ccccc3)c2c1)c1ccccc1
O=C(CNC=CCCc1ccc2cnn(-c3ccccc3)c2c1)c1ccccc1
O=C(CNC=CCCc1ccc2cnn(-c3ccccc3)c2c1)c1ccccc1
O=C(CNC=CCc1ccc2cnn(-c3ccccc3)c2c1)c1ccccc1
O=C(CNC=CCNc1cccc2c1cnn2-c1ccccc1)c1ccccc1
O=C(CNCCNc1cccc2c1cnn2-c1ccccc1)c1ccccc1
O=C(CNCCCNc1cccc2c1cnn2-c1ccccc1)c1ccccc1
O=C(NNCCCNc1cccc2c1cnn2-c1ccccc1)c1ccccc1
O=C(NCCCNc1cccc2c1cnn2-c1ccccc1)c1ccccc1
O=C(NCCCNc1cccc2c1cnn2-c1ccccc1)c1ccccc1
O=C(NCCCNc1cccc2c1cnn2-c1ccccc1)c1ccccc1
O=C(NCCCCCNc1cccc2c1cnn2-c1ccccc1)c1ccccc1
O=C(NCCCCCNc1cccc2c1cnn2-c1ccccc1)c1ccccc1
O=C(NCCCCCNc1cccc2c1cnn2-c1ccccc1)c1ccccc1
O=C(NCCCCNc1cccc2c1cnn2-c1ccccc1)c1ccccc1
O=C(NCCCCNc1cccc2c1cnn2-c1ccccc1)c1ccccc1
O=C(NCCCCNc1cccc2c1cnn2-c1ccccc1)c1ccccc1
O=C(NCCCNc1cccc2c1cnn2-c1ccccc1)c1ccccc1
O=C(NCCCNc1cccc2c1cnn2-c1ccccc1)c1ccccc1
O=C(NCCCNc1cccc2c1cnn2-c1ccccc1)c1ccccc1
O=C(NCCCNc1cccc2c1cnn2-c1ccccc1)c1ccccc1
O=C(NCCCNc1cccc2c1cnn2-c1ccccc1)c1ccccc1
O=C(NCCCNc1cccc2c1cnn2-c1ccccc1)c1ccccc1
O=C(NCCCNc1cccc2c1cnn2-c1ccccc1)c1ccccc1
c1ccc(CCC(Oc2ccc3c(cnn3-c3ccccc3)c2)c2cccnc2)cc1
c1ccc(CCC(Oc2ccc3c(cnn3-c3ccccc3)c2)c2cccnc2)cc1
c1ccc(-n2ncc3cc(OC4CCc5ccccc5-c5ncccc54)ccc32)cc1
c1ccc(-n2ncc3cc(OC4CCc5ccccc5-c5ncccc54)ccc32)cc1
c1ccc(-n2ncc3cc(OC4CCc5ccccc5-c5ncccc54)ccc32)cc1
c1ccc(-n2ncc3cc(OC4CCc5ccccc5-c5ncccc54)ccc32)cc1
c1ccc(-n2ncc3cc(OC4CCc5ccccc5-c5ncccc54)ccc32)cc1
c1ccc(-n2ncc3c4c(ccc32)OC2CCc3ccccc3-c3nccc-4c32)cc1
c1ccc(-n2ncc3c(-c4ccnc5c4CCCc4ccccc4-5)cccc32)cc1
c1ccc(-n2ncc3c(-c4ccnc5c4CCCc4ccccc4-5)cccc32)cc1
c1ccc(-n2ccc3c(-c4ccnc5c4CCCc4ccccc4-5)cccc32)cc1
c1ccc(Cn2ccc3c(-c4ccnc5c4CCCc4ccccc4-5)cccc32)cc1
c1ccc(Cn2ccc3c(-c4ccnc5c4CCCc4ccccc4-5)cccc32)cc1
c1ccc(Cn2ccc3c(-c4ccnc5c4CCCc4ccccc4-5)cccc32)cc1
O=C(CCCn1ccc2c(-c3ccnc4c3CCCc3ccccc3-4)cccc21)c1ccccc1
O=C(CCn1ccc2c(-c3ccnc4c3CCCc3ccccc3-4)cccc21)c1ccccc1
O=C(CCn1ccc2c(-c3ccnc4c3CCCc3ccccc3-4)cccc21)c1ccccc1
O=C(CCn1ccc2c(-c3ccnc4c3CCCc3ccccc3-4)cccc21)C1C=CC=C1
c1ccc2c(c1)CCCc1c(-c3cccc4[nH]ccc34)ccnc1-2
c1ccc2c(c1)CCCc1c(-c3cccc4[nH]ccc34)ccnc1-2
c1ccc2c(c1)CCCc1c(-c3cccc4[nH]ccc34)ccnc1-2
c1ccc2c(c1)CCCc1c(-c3cccc4[nH]ccc34)ccnc1-2
c1ccc2c(c1)CCCc1c(-c3cccc4[nH]ccc34)ccnc1-2
c1ccc2c(c1)CCCCc1c(-c3cccc4[nH]ccc34)ccnc1-2
c1ccc2c(c1)CCCCC1=C(c3cccc4[nH]ccc34)CCN=C12
c1ccc2c(c1)CCCCC1(c3cccc4[nH]ccc34)CCN=C21
c1ccc2c(c1)CCCC1(c3cccc4[nH]ccc34)CCN=C21
c1ccc2c(c1)CCCC1(c3cccc4[nH]ccc34)CN=C21
N=C1c2ccccc2CCCC1c1cccc2[nH]ccc12
N=C1c2ccccc2CCCC1Cc1cccc2[nH]ccc12
N=C1c2ccccc2CCCCC1Cc1cccc2[nH]ccc12
N=C1c2ccccc2CCCCC1Cc1cccc2[nH]ccc12
N=C1c2ccccc2CCCCC1CCC(=O)CCn1ccc2ccccc21
N=C1c2ccccc2CCCC1CCC(=O)CCn1ccc2ccccc21
O=C(CCC1CCCc2ccccc2C1)CCn1ccc2ccccc21
O=C(CCC1CCCc2ccccc21)CCn1ccc2ccccc21
O=C(CCC1CCCc2ccccc21)CCn1ccc2ccccc21
O=C(CCC1CCCc2ccccc21)CCn1ccc2ccccc21
c1ccc2c(c1)CCCC2CCCn1ccc2ccccc21
c1ccc2c(c1)CCCCC2CCCn1ccc2ccccc21
c1ccc2c(c1)CCCCC2CCCn1ccc2ccccc21
c1ccc2c(c1)CCCCC2CCCn1ccc2ccccc21
c1ccc2c(c1)CCCC2CCCn1ccc2ccccc21
c1ccc2c(c1)CCCC2CCCn1ccc2ccccc21
c1ccc2c(c1)CCCC2CCCn1ccc2ccccc21
c1ccc2c(c1)CCCC2CCCn1ccc2ccccc21
c1ccc2c(c1)CCCCC2CCCn1ccc2ccccc21
c1ccc2c(c1)CCCCC2CCCn1ccc2ccccc21
c1ccc2c(c1)CCCCC2CCCn1ccc2ccccc21
c1ccc2c(c1)CCCCC2CCCn1ccc2ccccc21
c1ccc2c(c1)CCCCC2CCCn1ccc2ccccc21
c1ccc2c(c1)CCCCC2CCCn1ccc2ccccc21
c1ccc2c(c1)CCCCC2CCCn1ccc2ccccc21
c1ccc2c(c1)CCCCC2CCCn1ccc2ccccc21
c1ccc2c(c1)CCCCC2CCCn1ccc2ccccc21
c1ccc2c(c1)CCCC2CCCn1ccc2ccccc21
c1ccc2c(c1)CCCC2CCCn1ccc2ccccc21
c1ccc2c(c1)CCCC2CCCn1ccc2ccccc21
c1ccc2c(c1)CCCC2CCCn1ccc2ccccc21
c1ccc2c(c1)CCCC2CCCn1ccc2ccccc21
c1ccc2c(c1)CCCC2CCCn1ccc2ccccc21
c1ccc2c(c1)CCCC2CCCn1ccc2ccccc21
c1ccc2c(c1)CCCC2CCCn1ccc2ccccc21
c1ccc2c(c1)CCCC2CCCn1ccc2ccccc21
c1ccc2c(c1)CCCC2CCCn1ccc2ccccc21
c1ccc2c(c1)CCCC2CCCn1ccc2ccccc21
c1ccc2c(c1)CCCC2CCCn1ccc2ccccc21
c1ccc2c(c1)CCCC2CCCn1ccc2ccccc21
c1ccc2c(c1)CCCC2CCCn1ccc2ccccc21
c1ccc2c(c1)CCCC2CCCn1ccc2ccccc21
c1ccc2c(c1)CCCC2CCCn1ccc2ccccc21
c1ccc2c(c1)CCCC2CCCn1ccc2ccccc21
c1ccc2c(c1)CCCC2CCCn1ccc2ccccc21
c1ccc2c(c1)CCCC2CCCn1ccc2ccccc21
c1ccc2c(c1)CCCC2CCCn1ccc2ccccc21
O=c1ccn(CCCC2CCCc3ccccc32)c2ccccc12
c1ccc(CCC(Oc2ccc3c(cnn3-c3ccccc3)c2)c2cccnc2)cc1
c1ccc(CCC(Oc2ccc3c(cnn3-c3ccccc3)c2)c2ccccc2)cc1
C1=CC(CCC(Oc2ccc3c(cnn3-c3ccccc3)c2)c2ccccc2)C=C1
C1=CC(c2cccc(COc3ccc4c(cnn4-c4ccccc4)c3)c2)C=C1
C1=CC(c2cccc(COc3ccc4c(cnn4-c4ccccc4)c3)c2)C=C1
C1=CC(c2cccc(COc3ccc4c(cnn4-c4ccccc4)c3)c2)CC1
c1ccc(COc2ccc3c(cnn3-c3ccccc3)c2)cc1
c1ccc(COc2ccc3c(cnn3-c3ccccc3)c2)cc1
c1ccc(COc2ccc3c(cnn3-c3ccccc3)c2)cc1
c1ccc(COc2ccc3c(cnn3-c3ccccc3)c2)cc1
c1ccc(COc2ccc3c(cnn3-c3ccccc3)c2)cc1
c1ccc(COc2ccc3c(cnn3-c3ccccc3)c2)cc1
c1ccc(COc2ccc3c(cnn3-c3ccccc3)c2)cc1
c1ccc(COc2ccc3c(cnn3-c3ccccc3)c2)cc1
c1ccc(COc2ccc3c(cnn3-c3ccccc3)c2)cc1
c1ccc(COc2ccc3c(cnn3-c3ccccc3)c2)cc1
c1ccc(CCCc2ccc3c(cnn3-c3ccccc3)c2)cc1
c1ccc(CCCc2ccc3c(cnn3-c3ccccc3)c2)cc1
c1ccc(CCCc2ccc3c(cnn3-c3ccccc3)c2)cc1
c1ccc(CCc2ccc3c(cnn3-c3ccccc3)c2)cc1
c1ccc(Cc2ccc3c(cnn3-c3ccccc3)c2)cc1
c1ccc(NCc2ccc3c(cnn3-c3ccccc3)c2)cc1
O=C(NCCNc1ccccc1)c1cccc2cnn(-c3ccccc3)c12
O=C(NCCCCc1ccccc1)c1cccc2cnn(-c3ccccc3)c12
O=C(NCCCCc1ccccc1)c1cccc2cnn(-c3ccccc3)c12
O=C(NCCCCc1ccccc1)c1cccc2cnn(-c3ccccc3)c12
O=C(NCCCCc1ccccc1)c1cccc2cnn(-c3ccccc3)c12
O=C(NCCCCc1ccccc1)c1cccc2cnn(-c3ccccc3)c12
O=C(NCCCCc1ccccc1)c1cccc2cnn(-c3ccccc3)c12
O=C(NCCCCc1ccccc1)c1cccc2cnn(-c3ccccc3)c12
O=C(NCCCCc1ccccc1)c1cccc2cnn(-c3ccccc3)c12
O=C(NCCCCc1ccccc1)c1cccc2cnn(-c3ccccc3)c12
O=C(NCCCCc1ccccc1)c1cccc2cnn(-c3ccccc3)c12
O=C(NCCCCc1ccccc1)c1cccc2cnn(-c3ccccc3)c12
O=C(NCCCCc1ccccc1)c1cccc2cnn(-c3ccccc3)c12
O=C(NCCCCc1ccccc1)c1cccc2cnn(-c3ccccc3)c12
O=C(NCCCCc1ccccc1)c1cccc2cnn(-c3ccccc3)c12
O=C(NCCCCc1ccccc1)c1cccc2cnn(-c3ccccc3)c12
O=C(NCCCCc1ccccc1)c1cccc2cnn(-c3ccccc3)c12
O=C(NCCCCc1ccccc1)c1cccc2cnn(-c3ccccc3)c12
O=C(NCCCCc1ccccc1)c1cccc2cnn(-c3ccccc3)c12
O=C(NCCCCc1ccccc1)c1cccc2cnn(-c3ccccc3)c12
O=C(NCCCCc1ccccc1)c1cccc2cnn(-c3ccccc3)c12
O=C(NCCCCc1ccccc1)c1cccc2cnn(-c3ccccc3)c12
O=C(NCCCCc1ccccc1)c1cccc2cnn(-c3ccccc3)c12
O=C(NCCCCc1ccccc1)c1cccc2cnn(-c3ccccc3)c12
O=C(NCCCCc1ccccc1)c1cccc2cnn(-c3ccccc3)c12
O=C(NCCCCc1ccccc1)c1cccc2cnn(-c3ccccc3)c12
O=C(NCCCCc1ccccc1)c1cccc2cnn(-c3ccccc3)c12
O=C(NCCCCc1ccccc1)c1cccc2cnn(-c3ccccc3)c12
O=C(NCCCCc1ccccc1)c1cccc2cnn(-c3ccccc3)c12
O=C(NCCCCc1ccccc1)c1cccc2cnn(-c3ccccc3)c12
O=C(NCCCCc1ccccc1)c1cccc2cnn(-c3ccccc3)c12
O=C(NCCCCc1ccccc1)c1cccc2cnn(-c3ccccc3)c12
O=C(NCCCCc1ccccc1)c1cccc2cnn(-c3ccccc3)c12
O=C(NCCCCc1ccccc1)c1cccc2cnn(-c3ccccc3)c12
O=C(NCCCCc1ccccc1)c1cccc2cnn(-c3ccccc3)c12
O=C(NCCCCc1ccccc1)c1cccc2cnn(-c3ccccc3)c12
O=C(NCCCCc1ccccc1)c1cccc2cnn(-c3ccccc3)c12
O=C(NCCCCc1ccccc1)c1cccc2cnn(-c3ccccc3)c12
O=C(NCCCCc1ccccc1)c1cccc2cnn(-c3ccccc3)c12
O=C(NCCCCc1ccccc1)c1cccc2cnn(-c3ccccc3)c12
O=C(NCCCCc1ccccc1)c1cccc2cnn(-c3ccccc3)c12
O=C(NCCCCc1ccccc1)c1ccc2c(cnn2-c2ccccc2)c1
O=C(NCCCCc1ccccc1)c1ccc2c(cnn2-c2ccccc2)c1
O=C(NCCCCc1ccccc1)c1ccc2c(cnn2-c2ccccc2)c1
O=C(NCCCCc1ccccc1)c1ccc2c(cnn2-c2ccccc2)c1
O=C(NCCCCc1ccccc1)c1ccc2c(cnn2-c2ccccc2)c1
O=C(NCCCCc1ccccc1)c1ccc2c(cnn2-c2ccccc2)c1
O=C(NCCCCc1ccccc1)c1ccc2c(cnn2-c2ccccc2)c1
O=C(NCCCCc1ccccc1)c1ccc2c(cnn2-c2ccccc2)c1
O=C(NCCCCc1ccccc1)c1ccc2c(cnn2-c2ccccc2)c1
O=C(NCCCCc1ccccc1)c1ccc2c(cnn2-c2ccccc2)c1
O=C(NCCCCc1ccccc1)c1ccc2c(cnn2-c2ccccc2)c1
O=C(NCCCCc1ccccc1)c1ccc2c(cnn2-c2ccccc2)c1
O=C(NCCCCc1ccccc1)c1ccc2n(-c3ccccc3)nccc1-2
O=C(NCCCCc1ccccc1)c1cnn(-c2ccccc2)c2cccc1-2
O=C(NCCCCc1ccccc1)c1cnn(-c2ccccc2)c2cccc1-2
O=C(NCCCCc1ccccc1)c1cnn(-c2ccccc2)c2cccc1-2
O=C(NCCCCc1ccccc1)c1cnn(-c2ccccc2)c2cccc1-2
O=C(NCCCCc1ccccc1)c1cnn(-c2ccccc2)c2cccc1-2
O=C(NCCCCc1ccccc1)c1cnn(-c2ccccc2)c2cccc1-2
O=C(NCCCCc1ccccc1)c1cnn(-c2ccccc2)c2cccc1-2
O=C(NCCCCc1ccccc1)c1cnn(-c2ccccc2)c2cccc1-2
O=C(NCCCCc1ccccc1)c1cnn(-c2ccccc2)c2cccc1-2
O=C(NCCCCc1ccccc1)c1cnn(-c2ccccc2)c2cccc1-2
O=C(NCCCCc1ccccc1)c1cnn(-c2ccccc2)c2cccc1-2
O=C(NCCCCc1ccccc1)c1cnn(-c2ccccc2)c2cccc1-2
O=C(NCCCCc1ccccc1)c1cnn(-c2ccccc2)c2nccc1-2
O=C(NCCCCc1ccccc1)c1cnn(-c2ccccc2)c2nccc1-2
O=C(NCCCCc1ccccc1)c1cnn(-c2ccccc2)c2nccc1-2
O=C(NCCCCc1ccccc1)c1cnn(-c2ccccc2)c2nccc1-2
N=c1cc(C(=O)NCCCCc2ccccc2)cnn1-c1ccccc1
N=c1cc(C(=O)NCCCCc2ccccc2)cnn1-c1ccccc1
O=C(NCCCCc1ccccc1)c1cnn(-c2ccccc2)c(=O)c1
O=C(NCCCCc1ccccc1)C1=CCN(c2ccccc2)N=C1
O=C(NCCCCc1ccccc1)C1=CCN(c2ccccc2)N=C1
O=C(NCCCCc1ccccc1)c1cnn(-c2ccccc2)c1
O=C(c1cccc(-n2ncc3cc(OCc4ccccc4)ccc32)c1)N1CCCC1
O=C1CCc2ccccc2C(Oc2ccc3c(cnn3-c3cccc(C(=O)N4CCCC4)c3)c2)CN1
O=C1Cc2ccccc2C(Oc2ccc3c(cnn3-c3cccc(C(=O)N4CCCC4)c3)c2)CN1
O=C1Cc2ccccc2C(Oc2ccc3c(cnn3-c3cccc(CC(=O)N4CCCC4)c3)c2)CN1
O=C1Cc2ccccc2C(Oc2ccc3c(cnn3-c3cccc(SCC(=O)N4CCCC4)c3)c2)CN1
O=C1Cc2ccccc2C(Oc2ccc3c(cnn3-c3cccc(SCC(=O)N4CCCC4)c3)c2)CN1
O=C1Cc2ccccc2C(Oc2ccc3c(cnn3-c3cccc(SCC(=O)N4CCCC4)c3)c2)CN1
O=C1CCC(Oc2ccc3c(cnn3-c3cccc(SCC(=O)N4CCCC4)c3)c2)c2ccccc2C1
O=C1CCC(Oc2ccc3c(cnn3-c3cccc(SCC(=O)N4CCCCC4)c3)c2)c2ccccc2C1
O=C1CCC(Oc2ccc3c(c2)nnn3-c2cccc(SCC(=O)N3CCCCC3)c2)c2ccccc2C1
O=C1CCC(Oc2ccc3c(c2)nnn3-c2cccc(SCC(=O)N3CCCC3)c2)c2ccccc2C1
O=C1CCC(Oc2ccc3c(c2)nnn3-c2cccc(SCC(=O)N3CCCC3)c2)c2ccccc2C1
O=C1CCC(Oc2ccc3c(c2)nnn3-c2cccc(SCC(=O)N3CCCC3)c2)c2ccccc2C1
O=C1CCC(Oc2ccc3c(c2)nnn3-c2cccc(SCC(=O)N3CCC3)c2)c2ccccc2C1
O=C1CCC(Oc2ccc3c(c2)nnn3-c2cccc(SCC(=O)N3CCC3)c2)c2ccccc2C1
O=C1CCC(Oc2ccc3c(c2)nnn3-c2cccc(SCC(=O)N3CCC3)c2)c2ccccc2C1
O=C1CCC(Oc2ccc(SCC(=O)N3CCC3)cc2-n2nnc3ccccc32)c2ccccc2C1
O=C1CCC(Oc2ccc(SCC(=O)N3CCC3)cc2-n2nnc3ccccc32)c2ccccc2C1
O=C1CCC(Oc2ccc(SCC(=O)N3CCC3)cc2-n2cnc3ccccc32)c2ccccc2C1
O=C1CCC(Oc2ccc(SCC(=O)N3CCCC3)cc2-n2cnc3ccccc32)c2ccccc2C1
O=C1CCC(Oc2ccc(SCC(=O)N3CCCC3)cc2-c2nc3ccccc3[nH]2)c2ccccc2C1
O=C1CCCC(Oc2ccc(SCC(=O)N3CCCC3)cc2-c2nc3ccccc3[nH]2)c2ccccc2C1
O=C1CCCC(Oc2ccc(SCC(=O)N3CCCC3)cc2-c2nc3cccnc3[nH]2)c2ccccc2C1
O=C1CCCC(Oc2ccc(SCC(=O)N3CCCC3)cc2-c2nc3cccnc3s2)c2ccccc2C1
O=C1CCCC(Oc2ccc(SCC(=O)N3CCCCC3)cc2-c2nc3cccnc3s2)c2ccccc2C1
O=C1CCCC(Oc2ccc(SCC(=O)N3CCCCC3)cc2-c2nc3cccnc3s2)c2ccccc2C1
O=C1CCCC(Oc2ccc(SCC(=O)N3CCCCC3)cc2-c2nc3ccccc3s2)c2ccccc2C1
O=C1CCCC(Oc2ccc(SCC(=O)N3CCCCC3)cc2-c2nc3ccccc3s2)c2ccccc2C1
O=C1CCCC(Oc2ccc(SCC(=O)N3CCCC3)cc2-c2nc3ccccc3s2)c2ccccc2C1
O=C1CCCC(Oc2ccc(SCC(=O)N3CCCC3)cc2-c2nc3ccccc3s2)c2ccccc2C1
O=C1CCCC(Oc2ccc(SCC(=O)N3CCCC3)cc2Sc2nc3ccccc3s2)c2ccccc2C1
O=C1CCCC(Oc2ccc(SCC(=O)N3CCCC3)cc2Sc2nc3ccccc3s2)c2ccccc2C1
O=C1CCCC(Oc2ccc(SCC(=O)N3CCC3)cc2Sc2nc3ccccc3s2)c2ccccc2C1
O=C1CCCC(Oc2ccc(SCC(=O)N3CCC3)cc2Sc2nc3ccccc3s2)c2ccccc2C1
O=C1CCCC(Oc2ccc(SCC(=O)N3CCC3)cc2Sc2nc3ccccc3s2)c2ccccc2C1
O=C1CCCC(Oc2ccc(SCC(=O)N3CCC3)cc2Sc2nc3ccccc3s2)c2ccccc2C1
O=C1CCCC(Oc2ccc(SCC(=O)N3CCC3)cc2Sc2nc3ccccc3s2)c2ccccc2C1
O=C(CSc1ccc(OC2CCCCCc3ccccc32)c(Sc2nc3ccccc3s2)c1)N1CCC1
O=C(CSc1ccc(OC2CCCCc3ccccc32)c(Sc2nc3ccccc3s2)c1)N1CCC1
O=C(CSc1ccc(OC2CCCc3ccccc32)c(Sc2nc3ccccc3s2)c1)N1CCC1
O=C(CSc1ccc(OC2CCCc3ccccc32)c(Sc2nc3ccccc3s2)c1)N1CC1
O=C(CSc1ccc(OC2CCc3ccccc32)c(Sc2nc3ccccc3s2)c1)N1CC1
O=C(CSc1ccc(OC2CC3=CC=CC=CC3C2)c(Sc2nc3ccccc3s2)c1)N1CC1
O=C(CSc1ccc(OC2CCC3=CC=CC=CC3C2)c(Sc2nc3ccccc3s2)c1)N1CC1
O=C(CSc1ccc(C2=CC=C3CCCCC3C=C2)c(Sc2nc3ccccc3s2)c1)N1CC1
O=C(CSc1ccc(C2CCC3C=CC=CC=C3C2)c(Sc2nc3ccccc3s2)c1)N1CC1
C1=CC=C2CC(c3ccccc3Sc3nc4ccccc4s3)CCC2C=C1
C1=CC=C2CC(c3ccccc3CSc3nc4ccccc4s3)CCC2C=C1
C1=CC=C2CCC(c3ccccc3CSc3nc4ccccc4s3)CCC2C=C1
C1=CC=C2CCC(c3ccccc3CSc3nc4ccccc4s3)CCC2C=C1
O=C(CSc1ccc(C2CCC3=CC=CC=CC3CC2)cc1)NCCCSc1nc2ccccc2s1
O=C(CCc1ccc(C2CCC3=CC=CC=CC3CC2)cc1)NCCCSc1nc2ccccc2s1
O=C(Cc1ccc(C2CCC3=CC=CC=CC3CC2)cc1)NCCCSc1nc2ccccc2s1
O=C(Cc1ccc(C2CCC3=CC=CC=CC3CC2)cc1)NCCSc1nc2ccccc2s1
O=C(CCCSc1nc2ccccc2s1)Cc1ccc(C2CCC3=CC=CC=CC3CC2)cc1
O=C(CCSc1nc2ccccc2s1)Cc1ccc(C2CCC3=CC=CC=CC3CC2)cc1
O=C(CSc1nc2ccccc2s1)Cc1ccc(C2CCC3=CC=CC=CC3CC2)cc1
O=C(CSc1nc2ccccc2s1)Cc1ccc(C2CCC3=CC=CCC3CC2)cc1
O=C(CSc1nc2ccccc2s1)Cc1ccc(C2CCC3=CC=CC3CC2)cc1
O=C(CSc1nc2ccccc2s1)Cc1ccc(C2CCC3=CC=CC3CC2)cc1
O=C(CSc1nc2ccccc2s1)Cc1ccc(C2CCC3=CCC3CC2)cc1
O=C(CSc1nc2ccccc2s1)C1C=C2CCC(c3ccccc3)CCC21
O=C(CSc1nc2ccccc2s1)C1C=C2CCC(c3ccccc3)CCC21
O=C(CSc1nc2ccccc2s1)C1C=C2CCC(c3ccccc3)CCC21
O=C(CSc1nc2ccccc2s1)C1C=C2CCC(C3C=CC=C3)CCC21
O=C(CSc1nc2ccccc2s1)C1C=C2CCC(C3C=CC=C3)CCC21
O=C(CSc1nc2ccccc2s1)C1CC2CCC(C3C=CC=C3)CCC21
O=C(CSc1nc2ccccc2s1)C1CC2CCC(C3C=CC=C3)CCC21
O=C(CSc1nc2ccccc2s1)C1CC2CCC(C3C=CC=C3)CCC21
O=C(CSc1nc2ccccc2s1)C1CC2CCC(C3C=CC=C3)CCC21
O=C(CSc1nc2ccccc2s1)C1CC2CCC(C3C=CC=C3)CCC21
O=C(CSc1nc2ccccc2s1)C1CCC2CCC(C3C=CC=C3)CCC21
O=C(CSc1nc2ccccc2s1)C1CCC2CC(C3C=CC=C3)CCC21
O=C(CSc1nc2ccccc2s1)C1CCC2CC(C3C=CC=C3)CCC21
O=C(CSc1nc2ccccc2s1)C1CCC2CC(C3C=CC=C3)CCC21
O=C(CSc1nc2ccccc2s1)C1CCC2CC(C3C=CC=C3)CCC21
O=C(CSc1nc2ccccc2s1)C1CCC2CC(C3C=CC=C3)CCC21
O=C(CSc1nc2ccccc2s1)C1CCC2CC(C3C=CC=C3)CCC21
O=C(CSc1nc2ccccc2s1)C1CCC2CC(C3C=CC=C3)CCC21
O=C(CSc1nc2ccccc2s1)C1CCC2CC(C3C=CC=C3)CCC21
O=C(CSc1nc2ccccc2s1)C1CCC2CC(C3C=CC=C3)CCC21
O=C(CSc1nc2ccccc2s1)C1CCCC2CC(C3C=CC=C3)CCC21
O=C(CSc1nc2ccccc2s1)C1CCCC2CC(C3C=CC=C3)CCC21
O=C(CSc1nc2ccccc2s1)C1CCC2CC(C3C=CC=C3)CCC21
O=C(CSc1nc2ccccc2s1)C1CCC2CC(C3C=CC3)CCC21
O=C(CSc1nc2ccccc2s1)C1CCC2C1CCC1C3C=CC3CCC12
O=C(CSc1nc2ccccc2s1)C1CCC2C1CCC1C3C=CC3CC12
O=C(CSc1nc2ccccc2s1)C1CCC2C1CCC1C3CC3CC12
O=C(CSc1nc2ccccc2s1)C1CCC2C1CCC1C2CC2COC21
O=C(CSc1nc2ccccc2s1)C1CCC2C1CCC1C2CCC2COC21
O=C(CSc1nc2ccccc2s1)C1CCC2C1CCC1C2CCC2COC21
O=C(CSc1nc2ccccc2s1)C1CCC2C1CCC1C3CCC3CCC12
O=C(CSc1nc2ccccc2s1)C1CCC2C1CCC1C3CCC3CCCC12
O=C(CSc1nc2ccccc2s1)C1CCC2C1CCC1C3CCC3CCCC12
O=C(CSc1nc2ccccc2s1)C1CCC2C1CCC1C3CCC3CCCC12
O=C(CSc1nc2ccccc2s1)C1CCC2C1CCC1C3CCC3CCCC12
O=C(CSc1nc2ccccc2s1)C1CCC2C1CCC1C3CCC3CCCC12
O=C(CSc1nc2ccccc2s1)C1CCC2C1CCC1C3CCC3CCCC12
O=C1CCC2C(CCC3C(C(=O)CSc4nc5ccccc5s4)CCC32)C2CCC12
O=C1CCC2CCC3C(C(=O)CSc4nc5ccccc5s4)CCC3C2CC1
O=C1CCC2CCC3C(C(=O)CSc4nc5ccccc5s4)CCC3C2CC1
O=C1CCC2C(CCC3C(C(=O)CSc4nc5ccccc5s4)CCC32)C2CCC12
O=C1CCC2C(CCC3C(C(=O)CSc4nc5ccccc5s4)CCC32)C2CCC12
O=C1CCC2C(CCC3C(C(=O)CSc4nc5ccccc5s4)CCC32)C2CCC12
O=C(CSc1nc2ccccc2s1)C1CCC2C1CCC1C2CCC(=O)C2C3CC3C12
O=C1CCC2C(CCC3C(C(=O)CSc4nc5ccccc5s4)CCC32)C(C2CC2)C1
O=C1CCC(C2CC2)C2CCC3C(C(=O)CSc4nc5ccccc5s4)CCC3C2CC1
O=C1CCC(C2CC2)C2CCC3C(C(=O)CSc4nc5ccccc5s4)CCC3C2CC1
O=C1CCC(C2CC2)C2CCC3C(C(=O)CSc4nc5ccccc5s4)CCC3C2CC1
O=C1CCC(C2CC2)C2CCC3C(C(=O)CSc4nc5ccccc5s4)CCC3C2CC1
O=C1CCC2C(CCC3C(C(=O)CSc4nc5ccccc5s4)CCC32)C(C2CC2)C1
O=C1CCC2C(CCC3C(C(=O)CSc4nc5ccccc5s4)CCC32)C(C2CC2)C1
O=C(CSc1nc2ccccc2s1)C1CCC2C1CCC1C2CCC(=O)C1C1CC1
O=C1CCC2C(CCC3C(C(=O)CSc4nc5ccccc5s4)CCC23)C1
O=C1CCC2C(CCC3C(C(=O)CSc4nc5ccccc5s4)CCC23)C1
O=C1CCC2C(CCC3C(C(=O)CSc4nc5ccccc5s4)CCC23)C1
O=C1CCC2C(CCC3C(C(=O)CSc4nc5ccccc5s4)CCC23)C1
O=C1CCC2C(CCC3C(C(=O)CSc4nc5ccccc5s4)CCC23)C1
O=C1CCC2C(CCC3C(C(=O)CSc4nc5ccccc5s4)CCC23)C1
O=C1CCC2C(CCC3C(C(=O)CSc4nc5ccccc5s4)CCC23)C1
O=C1CCC2C(CCC3C(C(=O)CSc4nc5ccccc5s4)CCC23)C1
C=C1CCC2C(CCC3C(C(=O)CSc4nc5ccccc5s4)CCC23)C1
C=C1CCC2C(CCC3C(C(=O)CSc4nc5ccccc5s4)CCC23)C1
O=C(CSc1nc2ccccc2s1)C1CCC2C1CCC1C3CC=C3CCC12
O=C(CSc1nc2ccccc2s1)C1CCC2C1CCC1C3CCC=C3CCC12
O=C(CSc1nc2ccccc2s1)C1CCC2C1CCC1C3CCC=C3CCC12
O=C(CSc1nc2ccccc2s1)C1CCC2C1CCC1C3CCC=C3CCC12
O=C(CSc1nc2ccccc2s1)C1CCC2C1CCC1C3CCC=C3CCC12
O=C(CSc1nc2ccccc2s1)C1CCC2C1CCC1C3CCC=C3CCC12
O=C(CSc1nc2ccccc2s1)C1CCC2C1CCC1C3CCC=C3CCC12
O=C(CSc1nc2ccccc2s1)C1CCC2C1CCC1C3CCCC=C3CCC12
O=C1C=C2CCC3C(CCC4C(C(=O)CSc5nc6ccccc6s5)CCC43)C2CC1
O=C1C=C2CCC3C(CCC4C(C(=O)CSc5nc6ccccc6s5)CCC43)C2C1
O=C1C=C2CCC3C(CCC4C(C(=O)CSc5nc6ccccc6s5)CCC43)C2C1
O=C1C=C2CCC3C(CCC4C(C(=O)CSc5nc6ccccc6s5)CCC43)C2C1
O=C1C=C2CCC3C(CCC4C(C(=O)CSc5nc6ccccc6s5)CCC43)C2CC1
O=C1C=CC2C(=C1)CCC1C2CCC2C(C(=O)CSc3nc4ccccc4s3)CCC21
O=C1C=CC2C(=C1)CCC1C2CCC2C(C(=O)CSc3nc4ccccc4s3)CCC21
O=C(c1cccc(-n2ncc3cc(OCc4ccccc4)ccc32)c1)N1CCCC1
O=C(c1cccc(-n2ncc3cc(OCc4ccccc4)ccc32)c1)N1CCCC1
O=C(c1cccc(-n2ncc3cc(OCc4ccccc4)ccc32)c1)N1CCCC1
O=C(c1cc(OCc2ccccc2)cc2cnn(-c3ccccc3)c12)N1CCCC1
O=C(c1cc(OCc2ccccc2)cc2cnn(-c3ccccc3)c12)N1CCCC1
O=C(c1cc(OCc2ccccc2)cc2cnn(-c3ccccc3)c12)N1CCCC1
O=C(c1cc(OCc2ccccc2)cc2cnn(-c3ccccc3)c12)N1CCCC1
O=C(c1cc(OCc2ccccc2)cc2cnn(-c3ccccc3)c12)N1CCCC1
O=C(c1cc(CCNCCc2ccccc2)cc2cnn(-c3ccccc3)c12)N1CCCC1
O=C(c1cc(CCNCCc2ccccc2)cc2cnn(-c3ccccc3)c12)N1CCCC1
c1ccc(CCNCCc2ccc3c(cnn3-c3ccccc3)c2)cc1
c1ccc(CC2CCCC(c3ccc4c(cnn4-c4ccccc4)c3)CN2)cc1
c1ccc(CC2CCCC(c3ccc4c(cnn4-c4ccccc4)c3)CC2)cc1
c1ccc(CC2CCCC(c3ccc4c(cnn4-c4ccccc4)c3)CC2)cc1
c1ccc(C2CCCCCC2c2ccc3c(cnn3-c3ccccc3)c2)cc1
c1ccc(C2CCCCCC2c2ccc3c(cnn3-c3ccccc3)c2)cc1
c1ccc(-n2ncc3cc(C4C5CCCCC54c4ccccc4)ccc32)cc1
c1ccc(-n2ncc3cc(C4C5CCCCC54c4ccccc4)ccc32)cc1
c1ccc(-n2ncc3cc(C4C5CCCCC54c4ccccc4)ccc32)cc1
c1ccc(-n2ncc3cc(CC4(c5ccccc5)CCCCC4)ccc32)cc1
c1ccc(-n2ncc3cc(CC4(c5ccccc5)CCCC4)ccc32)cc1
c1ccc(-n2ncc3cc(CC4(c5ccccc5)CCCC4)ccc32)cc1
c1ccc(-n2ncc3cc(CC4(c5ccccc5)CCC4)ccc32)cc1
c1ccc(-n2ncc3cc(CC4(c5ccccc5)CCC4)ccc32)cc1
c1ccc(-n2ncc3cc(CC4(c5ccccc5)CCC4)ccc32)cc1
c1ccc(-n2ncc3cc(CC4(c5ccccc5)CCC4)ccc32)cc1
c1ccc(-n2ncc3cc(CC4(c5ccccc5)CCC4)ccc32)cc1
c1ccc(-n2ncc3cc(CC4(c5ccccc5)CCC4)ccc32)cc1
c1ccc(-n2ncc3cc(CC4(c5ccccc5)CCCC4)ccc32)cc1
O=C(NCCCCC1(c2ccccc2)CCCC1)c1cccc2cnn(-c3ccccc3)c12
O=C(NCCCC1(c2ccccc2)CCCC1)c1cccc2cnn(-c3ccccc3)c12
O=C(NCCCC1(c2ccccc2)CCC1)c1cccc2cnn(-c3ccccc3)c12
O=C(NCCCC1(c2ccccc2)CCC1)c1cccc2cnn(-c3ccccc3)c12
O=C(NCCCC1(c2ccccc2)CCC1)c1cccc2cnn(-c3ccccc3)c12
O=C(NCCCC1(c2ccccc2)CCC1)c1cccc2cnn(-c3ccccc3)c12
O=C(NCCCC1(c2ccccc2)CCCC1)c1cccc2cnn(-c3ccccc3)c12
O=C(NCCCC1(c2ccccc2)CCCC1)c1cccc2cnn(-c3ccccc3)c12
O=C(NCCCC1(c2ccccc2)CCCC1)c1cccc2cnn(-c3ccccc3)c12
O=C(NCCCC1(c2ccccc2)CCC1)c1cccc2cnn(-c3ccccc3)c12
O=C(NCCCC1(c2ccccc2)CCC1)c1cccc2cnn(-c3ccccc3)c12
O=C(NCCCC1(c2ccccc2)CCC1)c1cccc2cnn(-c3ccccc3)c12
O=C(NCCCC1(c2ccccc2)CCC1)c1cccc2cnn(-c3ccccc3)c12
O=C(NCCCC1(c2ccccc2)CCC1)c1cccc2cnn(-c3ccccc3)c12
O=C(NCCCC1(c2ccccc2)CC1)c1cccc2cnn(-c3ccccc3)c12
O=C(NCCCC1(c2ccccc2)CC1)c1cccc2cnn(-c3ccccc3)c12
O=C(NCCCC1(c2ccccc2)CC1)c1cccc2cnn(-c3ccccc3)c12
O=C(NCCCC1(c2ccccc2)CCC1)c1cccc2cnn(-c3ccccc3)c12
O=C(NCCCC1(c2ccccc2)CCC1)c1cccc2cnn(-c3ccccc3)c12
O=C(NCCCC1(c2ccccc2)CCC1)c1cccc2cnn(-c3ccccc3)c12
O=C(NCCCC1(c2ccccc2)CCC1)c1cccc2cnn(-c3ccccc3)c12
O=C(NCCCC1(c2ccccc2)CCC1)c1cccc2cnn(-c3ccccc3)c12
O=C(NCCCC1(c2ccccc2)CCCC1)c1cccc2cnn(-c3ccccc3)c12
O=C(NCCCC1(c2ccccc2)CCCCC1)c1cccc2cnn(-c3ccccc3)c12
O=C(NCCCC1(c2ccccc2)CCCCCC1)c1cccc2cnn(-c3ccccc3)c12
O=C(NCCCC1(c2ccccc2)CCCCCC1)c1cccc2cnn(-c3ccccc3)c12
O=C(NCCCC1(c2ccccc2)CCCCCC1)c1cccc2cnn(-c3ccccc3)c12
O=C(NCCCC1(c2ccccc2)CCCCCC1)c1cccc2cnn(-c3ccccc3)c12
O=C(NCCCC1(c2ccccc2)CCCCC1)c1cccc2cnn(-c3ccccc3)c12
O=C(NCCCC1(c2ccccc2)CCCCC1)c1cccc2cnn(-c3ccccc3)c12
O=C(NCCCC1(c2ccccc2)CCCCC1)c1cccc2cnn(-c3ccccc3)c12
O=C(NCCCC1(c2ccccc2)CCCC1)c1cccc2cnn(-c3ccccc3)c12
O=C(NCCCC1(c2ccccc2)CCCC1)c1cccc2cnn(-c3ccccc3)c12
O=C(NCCCC1(c2ccccc2)CCCC1)c1cccc2cnn(-c3ccccc3)c12
O=C(NCCCC1(c2ccccc2)CCCC1)c1cccc2cnn(-c3ccccc3)c12
O=C(NCCCC1(c2ccccc2)CCCC1)c1cccc2cnn(-c3ccccc3)c12
O=C(NCCCC1(c2ccccc2)CCCC1)c1cccc2cnn(-c3ccccc3)c12
O=C(NCCCC1(c2ccccc2)CCCC1)c1cccc2cnn(-c3ccccc3)c12
O=C(NCCCC1(c2ccccc2)CCC1)c1cccc2cnn(-c3ccccc3)c12
O=C(NCCCC1(c2ccccc2)CCC1)c1cccc2cnn(-c3ccccc3)c12
O=C(NCCCC1(c2ccccc2)CCC1)c1ccc2cnn(-c3ccccc3)c2c1
O=C(NCCCC1(c2ccccc2)CCC1)c1ccc2cnn(-c3ccccc3)c2c1
O=C(NCCCC1(c2ccccc2)CCC1)c1ccc2cnn(-c3ccccc3)c2c1
O=C(NCCCC1(c2ccccc2)CCC1)c1cccc2cnn(-c3ccccc3)c12
O=C(NCCCC1(c2ccccc2)CCC1)c1cccc2cnn(-c3ccccc3)c12
O=C(NCCCC1(c2ccccc2)CCC1)c1cccc2cnn(-c3ccccc3)c12
O=C(NCCCC1(c2ccccc2)CCC1)c1cccc2cnn(-c3ccccc3)c12
O=C(NCCCC1(c2ccccc2)CCC1)c1cccc2cnn(-c3ccccc3)c12
O=C(NCCCC1(c2ccccc2)CCC1)c1cccc2cnn(-c3ccccc3)c12
O=C(NCCCC1(c2ccccc2)CCC1)c1cccc2cnn(-c3ccccc3)c12
O=C(NCCCC1(c2ccccc2)CCC1)c1ccc2c(cnn2-c2ccccc2)c1
O=C(NCCCC1(c2ccccc2)CCC1)c1ccc2c(cnn2-c2ccccc2)c1
O=C(NCCCC1(c2ccccc2)CCC1)c1ccc2c(cnn2-c2ccccc2)c1
O=C(NCCCC1(c2ccccc2)CCCC1)c1ccc2c(cnn2-c2ccccc2)c1
O=C(NCCCC1(c2ccccc2)CCCCC1)c1ccc2c(cnn2-c2ccccc2)c1
O=C(NCCCC1(c2ccccc2)CCCCC1)c1ccc2c(cnn2-c2ccccc2)c1
O=C(NCCCC1(c2ccccc2)CCCCC1)c1ccc2c(cnn2-c2ccccc2)c1
O=C(NCCCC1(c2ccccc2)CCCCC1)c1ccc2c(cnn2-c2ccccc2)c1
O=C(NCCCC1(c2ccccc2)CCCC1)c1ccc2c(cnn2-c2ccccc2)c1
O=C(NCCCC1(c2ccccc2)CCCC1)c1ccc2c(cnn2-c2ccccc2)c1
O=C(NCCCC1(c2ccccc2)CCCC1)c1ccc2c(cnn2-c2ccccc2)c1
O=C(NCCCC1(c2ccccc2)CCC1)c1ccc2c(cnn2-c2ccccc2)c1
O=C(NCCCC1(c2ccccc2)CCC1)c1cnc2c(cnn2-c2ccccc2)c1
O=C(NCCCC1(c2ccccc2)CCC1)c1cnc2c(cnn2-c2ccccc2)c1
O=C(C=Cc1cnn(-c2ccccc2)c1)NCCCC1(c2ccccc2)CCC1
O=C(C=Cc1cnn(-c2ccccc2)c1)NCCCC1(c2ccccc2)CCC1
O=C(Cc1cnn(-c2ccccc2)c1)NCCCC1(c2ccccc2)CCC1
O=C(Cc1cnn(-c2ccccc2)c1)NCCCC1(c2ccccc2)CCC1
O=C(Cc1cnn(-c2ccccc2)c1)NCCCC1(c2ccccc2)CCC1
O=C(NCCCC1(c2ccccc2)CCC1)c1cnn(-c2ccccc2)c1
O=C(c1cccc(-n2ncc3cc(OCc4ccccc4)ccc32)c1)N1CCCC1
O=C(c1cc2c(cnn2-c2ccccc2)cc1OCc1ccccc1)N1CCCC1
O=C(c1cc(-n2ncc3ccccc32)ccc1OCc1ccccc1)N1CCCC1
O=C(c1cc(-n2ncc3ccccc32)ccc1OCc1ccccc1)N1CCCC1
O=C(c1cc(-n2ncc3ccccc32)ccc1OCc1ccccc1)N1CCCC1
O=C(c1cc(-n2ncc3c2C=CCC3)ccc1OCc1ccccc1)N1CCCC1
O=C(c1cc(-n2ncc3c2C=CCC3)ccc1OCc1ccccc1)N1CCCC1
O=C(c1cc(-n2ncc3c2C=CCC3)ccc1OCc1ccccc1)N1CCCC1
O=C(C1=Cc2c(cnn2-c2ccc(OCc3ccccc3)cc2)CC1)N1CCCC1
O=C(C1=Cc2c(cnn2-c2ccc(OCc3ccccc3)cc2)CC1)N1CCCC1
O=C(Cc1ccccc1)C1CCCN1C(=O)C1=Cc2c(cnn2-c2ccccc2)CC1
O=C(Cc1ccccc1)C1CCCN1C(=O)C1=Cc2c(cnn2-c2ccccc2)CC1
O=C(Cc1ccccc1)C1CCCN1C(=O)C1=Cc2c(cnn2-c2ccccc2)CC1
O=C(C1=Cc2c(cnn2-c2ccccc2)CC1)N1CCCC1CCc1ccccc1
O=C(C1=Cc2c(cnn2-c2ccccc2)CC1)C1CCCC1CCc1ccccc1
C1=C(CC2CCCC2CCc2ccccc2)CCc2cnn(-c3ccccc3)c21
C1=C(C2CCCC2CCc2ccccc2)CCc2cnn(-c3ccccc3)c21
C1=C(C2CCCC2CCc2ccccc2)CCc2cnn(-c3ccccc3)c21
C1=C(C2CCCC2CCc2ccccc2)CCc2cnn(-c3ccccc3)c21
C1=C(C2CCCC2CCc2ccccc2)CCc2cnn(-c3ccccc3)c21
C1=C(C2CCCC2CCc2ccccc2)CCc2cnn(-c3ccccc3)c21
C1=C(C2CCCC2CCc2ccccc2)CCc2cnn(-c3ccccc3)c21
C1=C2CCC(CCc3ccccc3)C2CCCc2cnn(-c3ccccc3)c21
C1=C2CCCC(CCc3ccccc3)C2CCCc2cnn(-c3ccccc3)c21
C1=C2CCCC(CCc3ccccc3)C2CCCc2cnn(-c3ccccc3)c21
C1=C2CCCC(CCc3ccccc3)C2CCCc2cnn(-c3ccccc3)c21
C1=C2CCCC(CCc3ccccc3)C2CCCc2cnn(-c3ccccc3)c21
C1=C2CCCC(Cc3ccccc3)C2CCCc2cnn(-c3ccccc3)c21
C1=C2CCCC(Cc3ccccc3)C2CCc2cnn(-c3ccccc3)c21
C1=C2CCCC(Cc3ccccc3)C2CCc2cnn(-c3ccccc3)c21
C1=C2CCCC(Cc3ccccc3)C2CCc2cnn(-c3ccccc3)c21
C1=C2CCCC(Cc3ccccc3)C2Cc2cnn(-c3ccccc3)c21
C1=C2CCCC(Cc3ccccc3)C2Cc2cnn(-c3ccccc3)c21
C1=C2CCCC(Cc3ccccc3)C2Cc2cnn(-c3ccccc3)c21
C1=C2CCCC(Cc3ccccc3)C2Cc2cnn(-c3ccccc3)c21
C1=C2CCCC(Cc3ccccc3)C2Cc2cnn(-c3ccccc3)c21
C1=C2CCCC(Cc3ccccc3)C2Cc2cnn(-c3ccccc3)c21
C1=C2CCCC(Cc3ccccc3)C2Cc2cnn(-c3ccccc3)c21
C1=C2CCCC(Cc3ccccc3)C2Cc2cnn(-c3ccccc3)c21
C1=C2CCCC(Cc3ccccc3)C2Cc2cnn(-c3ccccc3)c21
C1=C2CCCC(Cc3ccccc3)C2Cc2cnn(-c3ccccc3)c21
O=C(c1cccc(-n2ncc3cc(OCc4ccccc4)ccc32)c1)N1CCCC1
O=C(c1cccc(-n2ncc3cc(OCc4ccccc4)ccc32)c1)N1CCC1
O=C(c1cccc(-n2ncc3cc(OCc4ccccc4)ccc32)c1)N1COC1
O=C(c1cccc(-n2ncc3cc(OCc4ccccc4)ccc32)c1)N1COC1
c1ccc(COc2ccc3c(cnn3-c3ccccc3)c2)cc1
c1ccc(COc2ccc3c(cnn3-c3ccccc3)c2)cc1
O=C1NCOc2ccc(-n3ncc4cc(OCc5ccccc5)ccc43)cc21
O=C1NCCOc2ccc(-n3ncc4cc(OCc5ccccc5)ccc43)cc21
O=C1NCCOc2ccc(-n3ncc4cc(OCc5ccccc5)ccc43)cc21
O=C1NCCOc2ccc(-n3ncc4cc(OCc5ccccc5)ccc43)cc21
O=C1NCCOc2ccc(-n3ncc4cc(OCc5ccccc5)ccc43)cc21
O=C1NCCOc2ccc(-n3ncc4cc(OCc5ccccc5)ccc43)cc2O1
O=C1CCOc2ccc(-n3ncc4cc(OCc5ccccc5)ccc43)cc2O1
c1ccc(COc2ccc3c(cnn3-c3ccc4c(c3)OCCCO4)c2)cc1
c1ccc(COc2ccc3c(cnn3-c3ccc4c(c3)OCCCO4)c2)cc1
c1ccc(COc2ccc3c(cnn3-c3ccc4c(c3)OCCCO4)c2)cc1
c1ccc(COc2ccc3c(cnn3-c3ccc4c(c3)OCCCO4)c2)cc1
c1ccc(COc2ccc3c(cnn3-c3ccc4c(c3)OCCCO4)c2)cc1
c1ccc(COc2ccc3c(cnn3-c3ccc4c(c3)OCCO4)c2)cc1
c1ccc(COc2ccc3c(cnn3-c3ccc4c(c3)OCCO4)c2)cc1
c1ccc(COc2ccc3c(cnn3-c3ccc4c(c3)OCCO4)c2)cc1
c1ccc(COc2ccc3c(cnn3-c3ccc4c(c3)OCCO4)c2)cc1
c1ccc(COc2ccc3c(cnn3-c3ccc4c(c3)OCCO4)c2)cc1
c1ccc(COc2ccc3c(cnn3-c3ccc4c(c3)OCCO4)c2)cc1
c1ccc(COc2ccc3c(cnn3-c3ccc4c(c3)OCCO4)c2)cc1
c1ccc(COc2ccc3c(cnn3-c3ccc4c(c3)OCCO4)c2)cc1
c1ccc(COc2ccc3c(cnn3-c3ccc4c(c3)OCCO4)c2)cc1
c1cc2c(cc1COc1ccc3c(cnn3-c3ccc4c(c3)OCCO4)c1)OOO2
c1cc2c(cc1COc1ccc3c(cnn3-c3ccc4c(c3)OCO4)c1)OOO2
c1cc2c(cc1COc1ccc3c(cnn3-c3ccc4c(c3)OCO4)c1)OOCO2
c1cc2c(cc1COc1ccc3c(cnn3-c3ccc4c(c3)OCO4)c1)OOCCO2
c1cc2c(cc1COc1ccc3c(cnn3-c3ccc4c(c3)OCO4)c1)OCCCO2
c1cc2c(cc1COc1ccc3c(cnn3-c3ccc4c(c3)OCC4)c1)OCCCO2
c1cc2c(cc1COc1ccc3c(cnn3-c3ccc4c(c3)OCC4)c1)OCCO2
c1ccc(-n2ncc3cc(OCc4ccc5c(c4)OCCO5)ccc32)cc1
c1ccc(-n2ncc3cc(OCc4ccc5c(c4)OCCO5)ccc32)cc1
c1ccc(-n2ncc3cc(OCc4ccc5c(c4)OCCO5)ccc32)cc1
c1ccc(-n2ncc3cc(OCc4ccc5c(c4)OCCO5)ccc32)cc1
c1ccc(-n2ncc3cc(OCc4ccc5c(c4)OCCO5)ccc32)cc1
c1ccc(-n2ncc3cc(OCc4ccc5c(c4)OCCO5)ccc32)cc1
O=C(c1cccc(-n2ncc3cc(OCc4ccccc4)ccc32)c1)N1CCCC1
O=C(c1cccc(-n2ncc3cc(OCc4ccccc4)ccc32)c1)N1CCCC1
c1ccc(COc2ccc3c(cnn3-c3ccccc3)c2)cc1
c1ccc(-n2ncc3cc(OC4CCc5ccccc54)ccc32)cc1
c1ccc(-n2ncc3cc(OC4CCc5ccccc54)ccc32)cc1
c1ccc(-n2ncc3cc(OC4CCc5ccccc54)ccc32)cc1
c1ccc(-n2ncc3cc(OC4CCCc5ccccc54)ccc32)cc1
c1ccc(-n2ncc3cc(OC4CCCc5ccccc54)ccc32)cc1
c1ccc(-n2ncc3cc(OC4CCCc5ccccc54)ccc32)cc1
c1ccc(-n2ncc3cc(OC4CCCc5ccccc54)ccc32)cc1
c1ccc(-n2ncc3cc(OC4CCCCc5ccccc54)ccc32)cc1
c1ccc(-n2ncc3cc(OC4CCCCc5ccccc54)ccc32)cc1
c1ccc(-n2ncc3cc(OC4CCCCc5ccccc54)ccc32)cc1
c1ccc(-n2ncc3cc(OC4CCCCc5ccccc54)ccc32)cc1
c1ccc2c(c1)CCCCC2c1ccccc1-n1ncc2ccccc21
c1ccc2c(c1)CCCCC(c1ccccc1-n1ncc3ccccc31)C2
c1ccc2c(c1)CCCCC(c1ccccc1Cn1ncc3ccccc31)C2
c1ccc2c(c1)CCCCC(c1ccccc1Cn1ncc3ccccc31)C2
c1ccc2c(c1)CCCCC2c1ccccc1Cn1ncc2ccccc21
c1ccc2c(c1)CCCCC2c1ccccc1Cn1ncc2ccccc21
c1ccc2c(c1)CCCCC2c1ccccc1Cn1ncc2ccccc21
c1ccc2c(c1)CCCCC2c1ccccc1Cn1ncc2ccccc21
c1ccc2c(c1)CCCCC2c1ccccc1Cn1ncc2ccccc21
c1ccc2c(c1)CCCCC2c1ccccc1CCn1ncc2ccccc21
c1ccc2c(c1)CCCCC2c1ccccc1CCn1ncc2ccccc21
c1ccc2c(c1)CCCCC2c1ccccc1CCn1ncc2ccccc21
c1ccc2c(c1)CCCCC2c1ccccc1CCCn1ncc2ccccc21
c1ccc2c(c1)CCCCC2c1ccccc1CCCn1ncc2ccccc21
c1ccc2c(c1)CCCCC2c1ccccc1Cc1cccc2[nH]ncc12
c1ccc2c(c1)CCCCC2c1ccccc1Cc1cccc2[nH]ncc12
c1ccc2c(c1)CCCCC2c1ccccc1-c1cccc2[nH]ncc12
c1ccc2c(c1)CCCCC2c1ccccc1-c1ccc2cn[nH]c2c1
c1ccc2c(c1)CCCCC2c1ccccc1-c1ccc2cn[nH]c2c1
c1ccc2c(c1)CCCCC2c1ccccc1-c1ccc2cn[nH]c2c1
c1ccc2c(c1)CCCCC2c1ccccc1-c1ccc2cn[nH]c2c1
c1ccc2c(c1)CCCCC2c1ccccc1-c1ccc2cn[nH]c2c1
c1ccc2c(c1)CCCCC2c1ccccc1-c1ccc2cn[nH]c2c1
c1ccc(-c2ccc3cn[nH]c3c2C2CCCCc3ccccc32)cc1
C(=C(c1ccn[nH]1)C1CCCCc2ccccc21)c1ccccc1
C(=C(c1ccn[nH]1)C1CCCCc2ccccc21)c1ccccc1
C(=C(c1ccn[nH]1)C1CCCCc2ccccc21)c1ccccc1
C(=C(c1ccn[nH]1)C1CCCCc2ccccc21)c1ccccc1
C(=C(c1ccn[nH]1)C1CCCc2ccccc21)c1ccccc1
C(=C(c1ccn[nH]1)C1CCCc2ccccc21)c1ccccc1
C(=C(c1ccn[nH]1)C1CCCc2ccccc21)c1ccccc1
C(=C(c1ccn[nH]1)C1CCCc2ccccc21)c1ccccc1
C(=C(c1ccn[nH]1)C1CCCCc2ccccc21)c1ccccc1
C(=C(c1ccn[nH]1)C1CCCCc2ccccc21)c1ccccc1
C(=C(c1ccn[nH]1)C1CCCCc2ccccc21)c1ccccc1
C(=C(c1ccn[nH]1)C1CCCc2ccccc21)c1ccccc1
C(=C(NC1CCCc2ccccc21)c1ccn[nH]1)c1ccccc1
C(=C(NCC1CCCc2ccccc21)c1ccn[nH]1)c1ccccc1
C(=C(NCC1CCCc2ccccc21)c1ccn[nH]1)c1ccccc1
C(=C(NCC1CCCc2ccccc21)c1ccn[nH]1)c1ccccc1
C(=C(NCC1CCCc2ccccc21)c1ccn[nH]1)c1ccccc1
c1ccc2c(c1)CCCC2CNC(=C1c2ccccc21)c1ccn[nH]1
C(=C(NCC1CCCc2ccccc21)c1ccn[nH]1)c1ccccc1
C(Cc1ccccc1)=C(NCC1CCCc2ccccc21)c1ccn[nH]1
C(Cc1ccccc1)=C(CCC1CCCc2ccccc21)c1ccn[nH]1
C(Cc1ccccc1)=C(CCC1CCCc2ccccc21)c1ccn[nH]1
C(Cc1ccccc1)=C(CCC1CCCc2ccccc21)c1ccn[nH]1
C(=C(CCC1CCCc2ccccc21)c1ccn[nH]1)c1ccccc1
C(=C(CCC1CCCc2ccccc21)c1ccn[nH]1)c1ccccc1
C(=C(CCC1CCCc2ccccc21)c1ccn[nH]1)c1ccccc1
O=C(NCCCC1CCCc2ccccc21)c1cccc(C=Cc2ccn[nH]2)c1
O=C(NCCCC1CCCc2ccccc21)c1cccc(C=Cc2ccn[nH]2)c1
O=C(NCCCC1CCCc2ccccc21)c1cccc2c1C2=Cc1ccn[nH]1
O=C(NCCCC1CCCc2ccccc21)c1ccccc1C=Cc1ccn[nH]1
O=C(NCCCC1CCCc2ccccc21)c1ccccc1C=Cc1ccn[nH]1
O=C(NCCCC1CCCc2ccccc21)c1ccccc1CC=Cc1ccn[nH]1
O=C(NCCCC1CCCc2ccccc21)c1ccccc1CC=Cc1ccn[nH]1
C=C(Cc1ccccc1C(=O)NCCCC1CCCc2ccccc21)c1ccn[nH]1
C=C(Cc1ccccc1C(=O)NCCCC1CCCc2ccccc21)c1ccn[nH]1
C=C(c1ccn[nH]1)c1ccccc1C(=O)NCCCC1CCCc2ccccc21
O=C(NCCCC1CCCc2ccccc21)c1ccccc1C(=O)c1ccn[nH]1
O=C(Nc1ccccc1C(=O)NCCCC1CCCc2ccccc21)c1ccn[nH]1
O=C(NCc1ccccc1C(=O)NCCCC1CCCc2ccccc21)c1ccn[nH]1
O=C(NCc1ccccc1C(=O)CCCCC1CCCc2ccccc21)c1ccn[nH]1
O=C(NCc1ccccc1C(=O)CCCC1CCCc2ccccc21)c1ccn[nH]1
O=C(NCc1ccccc1CCCCC1CCCc2ccccc21)c1ccn[nH]1
O=C(NCc1ccccc1CCCCC1CCCc2ccccc21)c1ccn[nH]1
O=C(NCc1ccccc1CCCCC1CCCc2ccccc21)c1ccn[nH]1
O=C(NCc1ccccc1CCCCC1CCCc2ccccc21)c1ccn[nH]1
O=C(NCC(CCCC1CCCc2ccccc21)c1ccccc1)c1ccn[nH]1
O=C(NCC(CCCC1CCCc2ccccc21)c1ccccc1)c1ccn[nH]1
O=C(NCC(CCC1CCCc2ccccc21)c1ccccc1)c1ccn[nH]1
O=C(NCC(CCC1CCCc2ccccc21)c1ccccc1)c1ccn[nH]1
O=C(NCC(CCC1CCCc2ccccc21)c1ccccc1)c1ccn[nH]1
O=C(NCC(CCC1CCCc2ccccc21)c1ccccc1)c1ccn[nH]1
O=C(NCC(CCC1CCCc2ccccc21)c1ccccc1)c1ccn[nH]1
O=C(NCC(CCC1CCCc2ccccc21)c1ccccc1)c1ccn[nH]1
O=C(NCC(CCC1CCCc2ccccc21)C1C=CC=C1)c1ccn[nH]1
O=C(NCC(CCC1CCCc2ccccc21)C1C=CC1)c1ccn[nH]1
O=C(NCC(CCC1CCCc2ccccc21)C1=CC1)c1ccn[nH]1
O=C(NCC(CCC1CCCc2ccccc21)C1=CC1)c1ccn[nH]1
O=C(NCCCCC1CCCc2ccccc21)c1ccn[nH]1
O=C(NCCCCC1CCCc2ccccc21)c1ccn[nH]1
O=C(NCCCCC1CCCc2ccccc21)c1ccn[nH]1
O=C(NCCCCC1CCCc2ccccc21)c1ccn[nH]1
O=C(NCCCCC1CCCc2ccccc21)c1ccn[nH]1
O=C(NCCCCC1CCCc2ccccc21)c1ccn[nH]1
O=C(NCCCC1CCCc2ccccc21)c1ccn[nH]1
O=C(NCCCC1CCCc2ccccc21)c1ccn[nH]1
O=C(NCCCC1CCCc2ccccc21)c1ccn[nH]1
O=C(NCCCC1CCCc2ccccc21)c1ccn[nH]1
O=C(NCCCC1CCCc2ccccc21)c1ccn[nH]1
O=C(NCCCC1CCCc2ccccc21)c1ccn[nH]1
O=C(NCCCC1CCCc2ccccc21)c1ccn[nH]1
O=C(NCCCC1CCCc2ccccc21)c1ccn[nH]1
O=C(NCCCC1CCCc2ccccc21)c1ccn[nH]1
O=C(NCCCC1CCCc2ccccc21)c1ccn[nH]1
O=C(NCCCC1CCCc2ccccc21)c1ccn[nH]1
O=C(NCCCC1CCCc2ccccc21)c1ccn[nH]1
O=C(NCCCC1(C2CCCC2)CCCc2ccccc21)c1cnn(-c2ccccc2)c1
O=C(NCCC1(C2CCCC2)CCCc2ccccc21)c1cnn(-c2ccccc2)c1
O=C(NCCC(CCCc1ccccc1)C1CCCC1)c1cnn(-c2ccccc2)c1
O=C(NCCC(CCCc1ccccc1)C1CCCC1)c1cnn(-c2ccccc2)c1
O=C(NCCCCCC(OC1CCCC1)c1ccccc1)c1cnn(-c2ccccc2)c1
O=C(NCCCCCC(OC1CCCC1)c1ccccc1)c1cnn(-c2ccccc2)c1
O=C(NCCCCCC(OC1CCCC1)c1ccccc1)c1cnn(-c2ccccc2)c1
O=C(NCCCCC(OC1CCCC1)c1ccccc1)c1cnn(-c2ccccc2)c1
O=C(NCCCCC(OC1CCCC1)c1ccccc1)c1cnn(-c2ccccc2)c1
O=C(NCCNCC(OC1CCCC1)c1ccccc1)c1cnn(-c2ccccc2)c1
O=C(NCCNCC(OC1CCCC1)c1ccccc1)c1cnn(-c2ccccc2)c1
O=C(NCNCC(OC1CCCC1)c1ccccc1)c1cnn(-c2ccccc2)c1
c1ccc(C(CNCNc2ccnn2-c2ccccc2)OC2CCCC2)cc1
c1ccc(C(CNCNc2ccnn2-c2ccccc2)OC2CCCC2)cc1
c1ccc(C(CNCNc2ccnn2-c2ccccc2)OC2CCC2)cc1
c1ccc(C(CNCNc2ccnn2-c2ccccc2)OC2CC2)cc1
c1ccc(C(CNCNc2ccnn2-c2ccccc2)OC2CC2)cc1
c1ccc(C(CNCNc2ccnn2-c2ccccc2)OC2CC2)cc1
c1ccc(C(CNCNc2ccnn2-c2ccccc2)OC2CC2)cc1
c1ccc(C(CNCNc2ccnn2-c2ccccc2)OC2CC2)cc1
C1=C(OC(CNCNc2ccnn2-c2ccccc2)c2ccccc2)C1
C1=C(OC(CNCNc2ccnn2-c2ccccc2)c2ccccc2)C1
C1=C(OC(CNCNc2ccnn2-c2ccccc2)c2ccccc2)C1
C1=C(OC(CNCNc2ccnn2-c2ccccc2)c2ccccc2)C1
C1=C(OC(CNCNc2ccnn2-c2ccccc2)c2ccccc2)C1
C1=C(OC(CNCNc2ccnn2-c2ccccc2)c2ccccc2)C1
C1=C(OC(CNCNc2ccnn2-c2ccccc2)c2ccccc2)C1
C1=C(OC(CNCNc2ccnn2-c2ccccc2)c2ccccc2)CC1
C1=C(OC(CNCNc2ccnn2-c2ccccc2)c2ccccc2)CC1
C(=Nc1ccnn1-c1ccccc1)NCC(OC1=CCC1)c1ccccc1
C(=Nc1ccnn1-c1ccccc1)NCC(OC1=CCC1)c1ccccc1
C1=CC(OC(CNC=Nc2ccnn2-c2ccccc2)c2ccccc2)=C1
C1=CC(OC(CNC=Nc2ccnn2-c2ccccc2)c2ccccc2)=C1
C1=CC(OC(CNC=Cc2ccnn2-c2ccccc2)c2ccccc2)=C1
C1=CC(OC(CNC=Cc2ccnn2-c2ccccc2)c2ccccc2)=C1
C1=C(Cc2ccnn2-c2ccccc2)C=C1OCc1ccccc1
C1=C(OCc2ccccc2)C=C1c1ccnn1-c1ccccc1
C1=C(OCc2ccccc2)C=C1c1ccnn1-c1ccccc1
C1=C(OCc2ccccc2)C=C1c1ccnn1-c1ccccc1
C1=C(OCc2ccccc2)C=C1c1ccnn1-c1ccccc1
C1=C(OCc2ccccc2)C=C1c1ccnn1-c1ccccc1
C1=C(OCc2ccccc2)C=C1c1ccnn1-c1ccccc1
C1=C(OCc2ccccc2)C=C1c1ccnn1-c1ccccc1
C1=C(OCc2ccccc2)C=C1c1ccnn1-c1ccccc1
C1=C(OCc2ccccc2)C=C1c1ccnn1-c1ccccc1
C1=C(OCc2ccccc2)C=C1c1ccnn1-c1ccccc1
O=C(c1cccc(-n2nccc2C2=CC(OCc3ccccc3)=C2)c1)N1CC1
O=C(c1cccc(-n2nccc2C2=CC(OCc3ccccc3)=C2)c1)N1CC1
O=C(c1cccc(-n2nccc2C2=CC(OCc3ccccc3)=C2)c1)N1CC1
O=C(c1cccc(-n2nccc2C2=CC(OCc3ccccc3)=C2)c1)N1CC1
O=C(c1cccc(-n2nccc2C2=CC(OCc3ccccc3)=C2)c1)N1CC1
O=C(c1cccc(-n2nccc2C2=CC(OCc3ccccc3)=C2)c1)N1CC1
O=C(c1cccc(-n2nccc2C2=CC(OCc3ccccc3)=C2)c1)N1CCC1
O=C(c1cccc(-n2nccc2C2=CC(OCc3ccccc3)=C2)c1)N1CCC1
O=C(c1cccc(-n2nccc2C2=CC(OCc3ccccc3)=C2)c1)N1CCC1
O=C(c1cccc(-n2nccc2C2=CC(OCc3ccccc3)=C2)c1)N1CCC1
O=C(c1cccc(-n2nccc2C2=CC(OCc3ccccc3)=C2)c1)N1CCCC1
O=C(c1cccc(-n2nccc2C2=CC(OCc3ccccc3)=C2)c1)N1CCCC1
O=C(c1cccc(-n2nccc2C2=CC(OCc3ccccc3)=C2)c1)N1CCCC1
O=C(c1cccc(-n2nccc2C2=CC(OCc3ccccc3)=C2)c1)N1CCCC1
O=C(c1cccc(-n2nccc2C2=CC(OCc3ccccc3)=C2)c1)N1CCCC1
O=C(c1cccc(-n2nccc2C2=CC(OCc3ccccc3)=C2)c1)N1CCCC1
O=C(c1cccc(-n2nccc2C2=CC(OCc3ccccc3)=C2)c1)N1CCCC1
O=C(c1cccc(-n2nccc2C2=CC(OCc3ccccc3)=C2)c1)N1CCCCC1
O=C(c1cccc(-n2nccc2C2=CC(OCc3ccccc3)=C2)c1)N1CCCCC1
O=C(c1cccc(-n2nccc2C2=CC(OCc3ccccc3)=C2)c1)N1CCCCC1
O=C(c1cccc(-n2cc(C3=CC(OCc4ccccc4)=C3)cn2)c1)N1CCCCC1
O=C(c1cccc(-n2cc(C3=CC(OCc4ccccc4)=C3)cn2)c1)N1CCCCC1
O=C(c1cccc(-n2cc(C3=CC(OCc4ccccc4)=C3)cn2)c1)N1CCCCC1
O=C(c1cccc(-n2cc(C3=CC(OCc4ccccc4)=C3)cn2)c1)N1CCCCC1
O=C(c1cccc(-n2cc(C3=CC(OCc4ccccc4)=C3)cn2)c1)N1CCCCC1
O=C(c1cccc(-n2cc(C3=CC(OCc4ccccc4)=C3)cn2)c1)N1CCCCC1
O=C(c1cccc(-n2cc(C3=CC(OCc4ccccc4)=C3)cn2)c1)N1CCCCC1
O=C(c1cccc(-n2cc(C3=CC(OCc4ccccc4)=C3)cn2)c1)N1CCCCC1
O=C(c1cccc(-n2cc(C3=CC(OCc4ccccc4)=C3)cn2)c1)N1CCCCC1
O=C(c1cccc(-n2cc(C3=CC(OCc4ccccc4)=C3)cn2)c1)N1CCCCC1
O=C(c1cccc(-n2cc(C3=CC(OCc4ccccc4)=C3)cn2)c1)N1CCCC1
O=C(c1cccc(-n2ncc3ccc(OCc4ccccc4)cc32)c1)N1CCCC1
O=C(c1cccc(-n2ncc3ccc(OCc4ccccc4)cc32)c1)N1CCCC1
O=C(c1cccc(-n2ncc3ccc(OCc4ccccc4)cc32)c1)N1CCCC1
O=C(c1cccc(-n2ncc3ccc(OCc4ccccc4)cc32)c1)N1CCCC1
O=C(c1cccc(-n2ncc3ccc(OCc4ccccc4)cc32)c1)N1CCCC1
O=C(c1cccc(-n2ncc3ccc(OCc4ccccc4)cc32)c1)N1CCCCC1
O=C(c1cccc(-n2ncc3ccc(OCc4ccccc4)cc32)c1)N1CCCCC1
O=C(c1cccc(-n2ncc3ccc(OCc4ccccc4)cc32)c1)N1CCCCC1
O=C(c1cccc(-n2ncc3ccc(OCc4ccccc4)cc32)c1)N1CCCCC1
O=C(c1cccc(-n2ncc3ccc(OCc4ccccc4)cc32)c1)N1CCCCC1
O=C(c1cccc(-n2ncc3ccc(OCc4ccccc4)cc32)c1)N1CCCCC1
O=C(c1cccc(-n2ncc3ccc(OCc4ccccc4)cc32)c1)N1CCCCC1
O=C(c1cccc(-n2ncc3ccc(OCc4ccccc4)cc32)c1)N1CCCC1
O=C(c1cccc(-n2ncc3cc(OCc4ccccc4)ccc32)c1)N1CCCC1
O=C(c1cccc(-n2ncc3cc(OCc4ccccc4)ccc32)c1)N1CCCC1
O=C(c1cccc(-n2ncc3cc(OCc4ccccc4)ccc32)c1)N1CCCC1
O=C(c1cccc(-n2ncc3cc(OCc4ccccc4)ccc32)c1)N1CCCC1
O=C(c1cccc(-n2ncc3cc(OCc4ccccc4)ccc32)c1)N1CCCC1
O=C(NCCCC1(C2CCCC2)CCCc2ccccc21)c1cnn(-c2ccccc2)c1
O=C(NCCCC1(C2CCCC2)CCCc2ccccc21)c1cnn(-c2ccccc2)c1
O=C(NCCCC1(C2CCCC2)CCCc2ccccc21)c1cnn(-c2ccccc2)c1
O=C(NCCCC(c1ccccc1)C1CCCC1)c1cnn(-c2ccccc2)c1
O=C(NCCCC(c1ccccc1)C1CCCC1)c1cnn(-c2ccccc2)c1
O=C(NCCCC(c1ccccc1)C1CCCC1)c1cnn(-c2ccccc2)c1
O=C(NCCCC(c1ccccc1)C1CCCC1)c1cnn(-c2ccccc2)c1
O=C(NCCCC(c1ccccc1)C1CCCC1)c1cnn(-c2ccccc2)c1
O=C(NCCCC(c1ccccc1)C1CCC1)c1cnn(-c2ccccc2)c1
O=C(NCCCC(c1ccccc1)C1CCC1)c1cnn(-c2ccccc2)c1
O=C(NCCCC(c1ccccc1)C1CC1)c1cnn(-c2ccccc2)c1
O=C(NCCCCc1ccccc1)c1cnn(-c2ccccc2)c1
O=C(NCCCCc1ccccc1)c1cnn(-c2ccccc2)c1
O=C(NCCCCc1ccccc1)c1cnn(-c2ccccc2)c1
O=C(NCCCCc1ccccc1)c1cnn(-c2ccccc2)c1
O=C(NCCCc1ccccc1)c1cnn(-c2ccccc2)c1
O=C(NCCCc1ccccc1)c1cnn(-c2ccccc2)c1
O=C(NCCCc1ccccc1)c1cnn(-c2ccccc2)c1
O=C(NCCCCc1ccccc1)c1cnn(-c2ccccc2)c1
O=C(NCCCCc1ccccc1)c1cnn(-c2ccccc2)c1
O=C(Nc1ccccc1)c1cnn(-c2ccccc2)c1
O=C(Nc1ccccc1)c1cnn(-c2ccccc2)c1
O=C(Nc1ccccc1)c1cnn(-c2ccccc2)c1
O=C(Nc1ccccc1)c1cnn(-c2ccccc2)c1
O=C(Nc1ccccc1)c1cnn(-c2ccccc2)c1
c1ccc(NCc2cnn(-c3ccccc3)c2)cc1
c1ccc(NCc2cnn(-c3ccccc3)c2)cc1
c1ccc(NCc2cnn(-c3ccccc3)c2)cc1
c1ccc(NCc2c3nn(-c4ccccc4)c2-3)cc1
c1ccc(Nc2c3nn(-c4ccccc4)c2-3)cc1
c1ccc(Nc2c3nn(-c4ccccc4)c2-3)cc1
c1ccc(NCC2=NN(c3ccccc3)C2)cc1
c1ccc(NCC2=NN(c3ccccc3)C2)cc1
c1ccc(NCC2=NN(c3ccccc3)C2)cc1
c1ccc(NCC2=NN(c3ccccc3)C2)cc1
c1ccc(NCC2=NCN(c3ccccc3)C2)cc1
c1ccc(NCC2=NCC(c3ccccc3)C2)cc1
c1ccc(CCCCNc2ccccc2)cc1
c1ccc(CCCNc2ccccc2)cc1
c1ccc(CCNc2ccccc2)cc1
c1ccc(CCNc2ccccc2)cc1
c1ccc(CCNc2ccccc2)cc1
c1ccc(CCNc2ccccc2)cc1
c1ccc(CCNc2ccccc2)cc1
c1ccc(CNc2ccccc2)cc1
c1ccc(CNc2ccccc2)cc1
c1ccc(CNc2ccccc2)cc1
c1ccc(CNc2ccccc2)cc1
c1ccc(CNc2ccccc2)cc1
c1ccc(CNc2ccccc2)cc1
c1ccc(CNc2ccccc2)cc1
c1ccc(CNc2ccccc2)cc1
c1ccc(CNc2ccccc2)cc1
c1ccc(CNc2ccccc2)cc1
c1ccc(CNc2ccccc2)cc1
c1ccc(CNc2ccccc2)cc1
c1ccc(CNc2ccccc2)cc1
c1ccc(CNc2ccccc2)cc1
c1ccc(CNc2ccccc2)cc1
c1ccc(CNc2ccccc2)cc1
c1ccc(CNc2ccccc2)cc1
c1ccc(CNc2ccccc2)cc1
c1ccc(CNc2ccccc2)cc1
c1ccc(CNc2ccccc2)cc1
c1ccc(CNc2ccccc2)cc1
c1ccc(CNc2ccccc2)cc1
c1ccc(CNc2ccccc2)cc1
c1ccc(CNc2ccccc2)cc1
c1ccc(CNc2ccccc2)cc1
c1ccc(CNc2ccccc2)cc1
c1ccc(CNc2ccccc2)cc1
c1ccc(CNc2ccccc2)cc1
c1ccc(CNc2cccc3c2CCCCO3)cc1
c1ccc(CNc2cccc3c2CCCCO3)cc1
c1ccc(CNc2cccc3c2CCCO3)cc1
c1ccc(CNc2cccc3c2CCCO3)cc1
c1ccc(CNc2ccccc2)cc1
c1ccc(CNc2ccccc2)cc1
c1ccc(CNc2ccccc2)cc1
O=C1COc2cccc(NCc3ccccc3)c21
c1ccc(CNc2ccccc2)cc1
c1ccc(CNc2ccccc2)cc1
c1ccc(CNc2ccccc2)cc1
c1ccc(CNc2ccccc2)cc1
c1ccc(CNc2ccccc2)cc1
c1ccc(CNc2ccccc2)cc1
c1ccc(CNc2ccccc2)cc1
c1ccc(CNc2ccccc2)cc1
c1ccc(CNc2ccccc2)cc1
c1ccc(CNc2ccccc2)cc1
c1ccc(CNc2ccccc2)cc1
c1ccc(CNc2ccccc2)cc1
c1ccc(CNc2ccccc2)cc1
c1ccc(CNc2ccccc2)cc1
c1ccc(CNc2ccccc2)cc1
c1ccc(CNc2ccccc2)cc1
c1ccc(CNc2ccccc2)cc1
c1ccc(CNc2ccccc2)cc1
c1ccc(CNc2ccccc2)cc1
c1ccc(CNc2ccccc2)cc1
c1ccc(CNc2ccccc2)cc1
c1ccc(CNc2ccccc2)cc1
c1ccc(CNc2ccccc2)cc1
c1ccc(CNc2ccccc2)cc1
c1ccc(CNc2ccccc2)cc1
c1ccc(CNc2ccccc2)cc1
c1ccc(CNc2ccccc2)cc1
c1ccc(CNc2ccccc2)cc1
c1ccc(CNc2ccccc2)cc1
c1ccc(CNc2ccccc2)cc1
c1ccc(CNc2ccccc2)cc1
c1ccc(CNc2ccccc2)cc1
c1ccc(CNc2ccccc2)cc1
c1ccc(CNc2ccccc2)cc1
c1ccc(CNc2ccccc2)cc1
c1ccc(CNc2ccccc2)cc1
c1ccc(CNc2ccccc2)cc1
c1ccc(CNc2ccccc2)cc1
c1ccc(CNc2ccccc2)cc1
O=C(c1ccccc1NCc1ccccc1)C1CCC1
O=C(c1ccccc1NCc1ccccc1)C1CC1
O=C(c1ccccc1NCc1ccccc1)C1CC1
O=C(c1ccccc1NCc1ccccc1)C1CC1
O=C(c1cccc(NCc2ccccc2)c1)C1CC1
O=C(OC1CC1)c1cccc(NCc2ccccc2)c1
O=C(OC1CC1)c1cccc(NCc2ccccc2)c1
O=C(OC1CC1)c1cccc(NCc2ccccc2)c1
O=C(Cc1cccc(NCc2ccccc2)c1)OC1CC1
c1ccc(CNc2ccccc2)cc1
c1ccc(CNc2ccccc2)cc1
c1ccc(CNc2ccccc2)cc1
c1ccc(CNc2ccccc2)cc1
c1ccc(CNc2ccccc2)cc1
c1ccc(CNc2ccccc2)cc1
c1ccc(CNc2ccccc2)cc1
c1ccc(CNc2ccccc2)cc1
c1ccc(CNc2ccccc2)cc1
c1ccc(CNc2ccccc2)cc1
c1ccc(CNc2ccccc2)cc1
c1ccc(CNc2ccccc2)cc1
c1ccc(CNc2ccccc2)cc1
c1ccc(CNc2ccccc2)cc1
c1ccc(CNc2ccccc2)cc1
c1ccc(CNc2ccccc2)cc1
c1ccc(CNc2ccccc2)cc1
c1ccc(CNc2ccccc2)cc1
c1ccc(CNc2ccccc2)cc1
c1ccc(CNc2ccccc2)cc1
c1ccc(CNc2ccccc2)cc1
c1ccc(CNc2ccccc2)cc1
c1ccc(CNc2ccccc2)cc1
c1ccc(CNc2ccccc2)cc1
c1ccc(CNc2ccccc2)cc1
c1ccc(CNc2ccccc2)cc1
c1ccc(CNc2ccccc2)cc1
c1ccc(CNc2ccccc2)cc1
c1ccc(CNc2ccccc2)cc1
c1ccc(CNc2ccccc2)cc1
O=C(Nc1cccc(NCc2ccccc2)c1)NC1CCC1
O=C(Nc1cccc(NCc2ccccc2)c1)NC1CCC1
O=C(Cc1cccc(NCc2ccccc2)c1)NC1CCC1
O=C(Cc1cccc(NCc2ccccc2)c1)NC1CCC1
O=C(NC1CCC1)c1cccc(NCc2ccccc2)c1
O=C(NC1CCC1)c1cccc(NCc2ccccc2)c1
O=C(NC1CCC1)c1cccc(NCc2ccccc2)c1
O=C(NC1CCCC1)c1cccc(NCc2ccccc2)c1
O=C(NC1CCCC1)c1cccc(NCc2ccccc2)c1
O=C(NC1CCCCC1)c1cccc(NCc2ccccc2)c1
O=C(CC1CCCCC1)c1cccc(NCc2ccccc2)c1
O=C(CC1CC2CC2C1)c1cccc(NCc2ccccc2)c1
O=C(CC1CCCC1)c1cccc(NCc2ccccc2)c1
O=C(c1cccc(NCc2ccccc2)c1)C1C2CCCC21
O=C(c1cccc(NCc2ccccc2)c1)C1CCCC1
O=C(c1cccc(NCc2ccccc2)c1)C1CC=CC1
O=C(c1cccc(NCc2ccccc2)c1)C1C=CC1
O=C(c1cccc(NCc2ccccc2)c1)C1CCC1
O=C(c1ccccc1NCc1ccccc1)C1CCC1
O=C(c1ccccc1NCc1ccccc1)C1CC1
O=C(c1ccccc1NCc1ccccc1)C1CC1
c1ccc(CNc2ccccc2)cc1
c1ccc(CNc2ccccc2)cc1
c1ccc(CNc2ccccc2)cc1
c1ccc(CNc2ccccc2)cc1
c1ccc(CNc2ccccc2)cc1
c1ccc(CNc2ccccc2)cc1
c1ccc(CNc2ccccc2)cc1
c1ccc(CNc2ccccc2)cc1
c1ccc(CNc2ccccc2)cc1
c1ccc(CNc2ccccc2)cc1
O=C(c1ccccc1NCc1ccccc1)C1CC1
O=C(c1ccccc1NCc1ccccc1)C1CC1
O=C(c1ccccc1NCc1ccccc1)C1CC1
c1ccc(CNc2ccccc2)cc1
c1ccc(CNc2ccccc2)cc1
c1ccc(CNc2ccccc2)cc1
c1ccc(CNc2ccccc2)cc1
c1ccc(CNc2ccccc2)cc1
c1ccc(CNc2ccccc2)cc1
c1ccc(CNc2ccccc2)cc1
c1ccc(CNc2ccccc2)cc1
O=C(CC1CC1)c1ccccc1NCc1ccccc1
c1ccc(CNc2ccccc2)cc1
c1ccc(CNc2ccccc2)cc1
c1ccc(CNc2ccccc2)cc1
c1ccc(CNc2ccccc2)cc1
c1ccc(CNc2ccccc2)cc1
c1ccc(CNc2ccccc2)cc1
c1ccc(CNc2ccccc2)cc1
c1ccc(CNc2ccccc2)cc1
c1ccc(CNc2ccccc2)cc1
c1ccc(CNc2cccc3ccccc23)cc1
c1ccc(CNc2cccc3ccccc23)cc1
c1ccc(CNc2cccc3ccccc23)cc1
c1ccc(CNc2cccc3ccccc23)cc1
c1ccc(CNc2cccc3ccccc23)cc1
c1ccc(CNc2cccc3ccccc23)cc1
c1ccc(CNc2cccc3ncccc23)cc1
c1ccc(CNc2cccc3ncccc23)cc1
c1ccc(CNc2cccc3ncccc23)cc1
c1ccc(CNc2cccc3ncccc23)cc1
O=C(NCC(Oc1ccc2c(cnn2-c2ccccc2)c1)c1ccccc1)c1ccccc1
O=C(NCC(Oc1cnc2c(cnn2-c2ccccc2)c1)c1ccccc1)c1ccccc1
O=C(NCC(Oc1cnc2c(cnn2-c2ccccc2)c1)c1ccccc1)c1ccccc1
O=C(NCC(Oc1cnc2c(c1)c1nn2-c2cccc-1c2)c1ccccc1)c1ccccc1
O=C(NCc1ccc(COc2cnc3c(c2)c2nn3-c3cccc-2c3)cc1)c1ccccc1
O=C(NCc1ccc(COc2cnc3c(c2)c2nn3CC=CC=C2)cc1)c1ccccc1
O=C(NCc1ccc(COc2cnc3c(c2)c2nn3C=CC=C2)cc1)c1ccccc1
O=C(NCc1ccc(-c2ccnc3c2c2nn3C=CC=C2)cc1)c1ccccc1
O=C(NCc1ccc(-c2ccnc3c2c2nn3C=CC=C2)cc1)c1ccccc1
O=C(NCc1ccc(-c2ccnc3[nH]ncc23)cc1)c1ccccc1
O=C(NCc1ccc(-c2ccnc3[nH]ncc23)cc1)c1ccccc1
O=C(NCc1ccc(-c2ccnc3[nH]ncc23)cc1)c1ccccc1
O=C(NCc1ccc(-c2ccnc3[nH]ncc23)cc1)C1=CC=C=C1
O=C(NCc1ccc(-c2ccnc3[nH]ncc23)cc1)C1=CC=C=C1
O=C(NCc1ccc(-c2ccnc3[nH]ncc23)cc1)C1=CC=C=C1
O=C(NCc1ccc(-c2ccnc3[nH]ncc23)cc1)C1=CN=C=C1
O=C(NCc1ccc(-c2ccnc3[nH]ncc23)cc1)C1=CN=C=C1
O=C(NCc1ccc(-c2ccnc3[nH]ncc23)cc1)C1=CN=C=C1
O=C(NCc1ccc(-c2ccnc3[nH]ncc23)cc1)C1=CN=C=C1
O=C(NCc1ccc(-c2ccnc3[nH]ncc23)cc1)C1=CN=C=C1
O=C(NCc1ccc(-c2ccnc3[nH]ncc23)cc1)C1=CN=C=C1
O=C(NCc1ccc(-c2ccnc3[nH]ncc23)cc1)C1=CN=C1
O=C(NCc1ccc(-c2ccnc3[nH]ncc23)cc1)C1=CN=C1
O=C(NCc1ccc(-c2ccnc3[nH]ncc23)cc1)C1=CN=C1
O=C(NCc1ccc(-c2ccnc3[nH]ncc23)cc1)C1=CN=C1
O=C(NCc1ccc(-c2ccnc3[nH]ncc23)cc1)C1=CN=C1
O=C(NCc1ccc(-c2ccnc3[nH]ncc23)cc1)c1cnoc1
O=C(NCc1ccc(-c2ccnc3[nH]ncc23)cc1)c1cnoc1
O=C(NCc1ccc(-c2ccnc3[nH]ncc23)cc1)c1cnoc1
O=C(NCc1ccc(-c2ccnc3[nH]ncc23)cc1)c1cnoc1
O=C(NCc1ccc(-c2ccnc3[nH]ncc23)cc1)c1cnoc1
O=C(NCc1ccc(-c2ccnc3[nH]ncc23)cc1)c1cnoc1
O=C(NCc1ccc(-c2ccnc3[nH]ncc23)cc1)c1cnoc1
O=C(NCc1ccc(-c2ccnc3[nH]ncc23)cc1)c1cnoc1
O=C(NCc1ccc(-c2ccnc3[nH]ncc23)cc1)c1cnoc1
O=C(NCc1ccc(-c2c(C(=O)NC3C=C3)cnc3[nH]ncc23)cc1)c1cnoc1
O=C(NCc1ccc(-c2c(C(=O)NCC3C=C3)cnc3[nH]ncc23)cc1)c1cnoc1
O=C(NCc1ccc(-c2c(C(=O)NCC3C=CN3)cnc3[nH]ncc23)cc1)c1cnoc1
O=C(NCc1ccc(-c2c(C(=O)NCC3=NC=C3)cnc3[nH]ncc23)cc1)c1cnoc1
O=C(NCc1ccc(-c2c(C(=O)NCC3=CC=N3)cnc3[nH]ncc23)cc1)c1cnoc1
O=C(NCc1ccc(-c2c(C(=O)NCC3=CC=C3)cnc3[nH]ncc23)cc1)c1cnoc1
O=C(NCC1=CC(c2cnoc2)=C1)c1cnc2[nH]ncc2c1-c1ccccc1
O=C(NCC1=CC(c2cnoc2)=C1)c1cnc2[nH]ncc2c1-c1ccccc1
O=C(NCC1=CC(c2cnoc2)=CC1)c1cnc2[nH]ncc2c1-c1ccccc1
O=C(NCC1=CC(c2cnoc2)=CC1)c1cnc2[nH]ncc2c1-c1ccccc1
O=C(NCC1=CC(c2cnoc2)=CCC1)c1cnc2[nH]ncc2c1-c1ccccc1
O=C(NCC1=CC(c2cnoc2)=CCC1)c1cnc2[nH]ncc2c1-c1ccccc1
O=C(NCc1cccc(-c2cnoc2)c1)c1cnc2[nH]ncc2c1-c1ccccc1
O=C(NCc1ccc(-c2cnoc2)cc1)c1cnc2[nH]ncc2c1-c1ccccc1
O=C(NCc1ccc(-c2cnoc2)cc1)c1cnc2[nH]ncc2c1-c1ccccc1
O=C(NCc1ccc(-c2cnoc2)cc1)c1cnc2[nH]ncc2c1-c1ccccc1
O=C(NCc1ccc(-c2cnoc2)cc1)c1cnc2[nH]ncc2c1-c1ccccc1
O=C(NCc1ccc(-c2cnoc2)cc1)c1cnc2[nH]ncc2c1-c1ccccc1
O=C(NCc1ccc(-c2cnoc2)cc1)c1cnc2[nH]ncc2c1-c1ccccc1
O=C(NCc1ccc(-c2cnoc2)cc1)c1cnc2[nH]ncc2c1-c1ccccc1
O=C(NCc1ccc(-c2cnoc2)cc1)c1cnc2[nH]ncc2c1-c1ccccc1
O=C(NCc1ccc(-c2cnoc2)cc1)c1cnc2[nH]ncc2c1-c1ccccc1
O=C(NCc1ccc(-c2cnoc2)cc1)c1cnc2[nH]ncc2c1-c1ccccc1
O=C(NCc1ccc(-c2cnoc2)cc1)c1cnc2[nH]ncc2c1-c1ccccc1
O=C(NCc1ccc(-c2cnoc2)cc1)c1cnc2[nH]ncc2c1-c1ccccc1
O=C(NCc1ccc(-c2cnoc2)cc1)c1cnc2[nH]ncc2c1-c1ccccc1
O=C(NCc1ccc(-c2cnoc2)cc1)c1cnc2[nH]ncc2c1-c1ccccc1
O=C(NCc1ccc(-c2cnoc2)cc1)c1cnc2[nH]ncc2c1-c1ccccc1
O=C(NCc1ccc(-c2cnoc2)cc1)c1cnc2[nH]ncc2c1-c1ccccc1
O=C(NCc1ccc(-c2cnoc2)cc1)c1cnc2[nH]ncc2c1C1C=CC=C1
O=C(NCc1ccc(-c2cnoc2)cc1)c1cnc2[nH]ncc2c1C1C=CC1
O=C(NCc1ccc(-c2cnoc2)cc1)c1cnc2[nH]ncc2c1C1C=C1
O=C(NCc1ccc(-c2cnoc2)cc1)c1cnc2[nH]ncc2c1C1C=C1
O=C(NCc1ccc(-c2cnoc2)cc1)c1cnc2[nH]ncc2c1
O=C(NCc1ccc(-c2cnoc2)cc1)c1cnc2[nH]ncc2c1
O=C(NCc1ccc(-c2cnoc2)cc1)c1cnc2[nH]ncc2c1
O=C(NCc1ccc(-c2cnoc2)cc1)c1cnc2[nH]ncc2c1
O=C(NCc1ccc(-c2cnoc2)cc1)c1cnc2[nH]ncc2c1
O=C(NCC(Oc1ccc2c(cnn2-c2ccccc2)c1)c1ccccc1)c1ccccc1
O=C(NCC(Oc1ccc2c(cnn2-c2ccccc2)c1)c1ccccc1)C1=CC=CC1
O=C(NCC(Oc1ccc2c(cnn2-c2ccccc2)c1)c1ccccc1)C1=CCC1
O=C(NCC(Oc1ccc2c(cnn2-c2ccccc2)c1)c1ccccc1)C1CC1
O=C(NCC(Oc1ccc2c(cnn2-c2ccccc2)c1)c1ccccc1)c1ccccc1
O=C(NCC(Oc1ccc2c(cnn2-c2ccccc2)c1)c1ccccc1)c1ccccc1
O=C(NCC(Oc1ccc2c(cnn2-c2ccccc2)c1)c1ccccc1)c1ccccc1
O=C(NCC(Oc1ccc2c(cnn2-c2ccccc2)c1)c1ccccc1)c1ccccc1
O=C(NCC(Oc1ccc2c(cnn2-c2ccccc2)c1)c1ccccc1)c1ccccc1
O=C(NCC(Oc1ccc2c(cnn2-c2ccccc2)c1)c1ccccc1)C1=CC=CC=CO1
O=C(NCC(Oc1ccc2c(cnn2-c2ccccc2)c1)c1ccccc1)C1=CC=CC=CO1
O=C(NCC(Oc1ccc2c(cnn2-c2ccccc2)c1)c1ccccc1)C1=CC=CC=CO1
O=C(NCC(Oc1ccc2c(cnn2-c2ccccc2)c1)c1ccccc1)C1=CC=CC=CO1
O=C(NCC(Oc1ccc2c(cnn2-c2ccccc2)c1)c1ccccc1)C1=NC=CC=CO1
O=C(NCC(Oc1ccc2c(cnn2-c2ccccc2)c1)c1ccccc1)C1=NC=CC=CO1
O=C(NCC(Oc1ccc2c(cnn2-c2ccccc2)c1)c1ccccc1)C1=NC=CC=CO1
O=C(NCC(Oc1ccc2c(cnn2-c2ccccc2)c1)c1ccccc1)C1=NN=CC=CO1
O=C(NCC(Oc1ccc2c(cnn2-c2ccccc2)c1)c1ccccc1)C1=NN=CCO1
O=C(NCC(Oc1ccc2c(cnn2-c2ccccc2)c1)c1ccccc1)c1nnco1
O=C(NCC(Oc1ccc2c(cnn2-c2ccccc2)c1)c1ccccc1)c1ccccc1
O=C(NCC(Oc1ccc2c(cnn2C2=CC=CC2)c1)c1ccccc1)c1ccccc1
O=C(NCC(Oc1ccc2c(cnn2C2C=CC2)c1)c1ccccc1)c1ccccc1
O=C(NCC(Oc1ccc(NC2C=CC2)cc1)c1ccccc1)c1ccccc1
O=C(NCC(Oc1ccc(NC2C=CC2)cc1)c1ccccc1)c1ccccc1
O=C(NCC(Oc1ccc(CNC2C=CC2)cc1)c1ccccc1)c1ccccc1
O=C(NCC(Oc1ccccc1)c1ccccc1)c1ccc(C2C=CC2)cc1
O=C(NCC(Oc1ccccc1)c1ccccc1)c1ccc(C2C=CC2)cc1
O=C(NCC(Oc1ccccc1)c1ccccc1)c1ccc(C2CC2)cc1
O=C(NCC(Oc1ccccc1)c1ccccc1)c1ccc(C2CC2)cc1
O=C(NCC(Oc1ccccc1)c1ccccc1)c1ccc(C2CC2)cc1
O=C(NCC(Oc1ccc(C2CN2)cc1)c1ccccc1)c1ccc(C2CC2)cc1
O=C(NCC(Oc1ccc(C2CN2)cc1)c1ccccc1)c1ccc(C2CC2)cc1
O=C(NCC(Oc1ccc(C2CCN2)cc1)c1ccccc1)c1ccc(C2CC2)cc1
O=C(NCC(Oc1ccc(C2CCNC2)cc1)c1ccccc1)c1ccc(C2CC2)cc1
O=C(NCC(Oc1ccc(C2CCNC2)cc1)c1ccccc1)c1ccc(C2CC2)cc1
O=C(NCC(Oc1ccc(C2CCCNC2)cc1)c1ccccc1)c1ccc(C2CC2)cc1
O=C(NCC(Oc1ccc(OC2CCCNC2)cc1)c1ccccc1)c1ccc(C2CC2)cc1
O=C(NCC(Oc1ccc(OC2CCCNC2)cc1)c1ccccc1)c1ccc(C2CC2)cc1
O=C(NCC(Oc1ccc(OC2CCCNC2)cc1)c1ccccc1)c1ccc(C2CC2)cc1
O=C(NCC(Oc1ccc(OC2CCCNC2)cc1)c1ccccc1)c1ccc(C2CC2)cc1
O=C(NCC(Oc1ccc(OC2CCCNC2)cc1)c1ccccc1)c1ccc(C2CC2)cc1
O=C(NCC(Oc1ccc(OC2CCCNC2)cc1)c1ccccc1)c1ccc(C2CC2)cc1
O=C(NCC(Oc1ccc(OC2CCCNC2)cc1)c1ccccc1)c1ccc(C2CC2)cc1
O=C(NCC(Oc1ccc(OC2CCCNC2)cc1)c1ccc(C2CC2)cc1)c1ccc(C2CC2)cc1
O=C(NCC(Oc1ccc(OC2CCCNC2)cc1)c1ccc(C2CC2)cc1)c1ccc(C2CC2)cc1
O=C(NCC(Oc1ccc(OC2CCCNC2)cc1)c1ccc(C2CC2)cc1)c1ccc(C2CC2)cc1
O=C(NCC(Oc1ccc(OC2CCCNC2)cc1)c1ccc(C2CC2)cc1)c1ccc(C2CC2)cc1
O=C(NCC(Oc1ccc(OC2CCCNC2)cc1)c1ccccc1)c1ccc(C2CC2)cc1
O=C(NCC(Oc1ccc(OC2CCCNC2)cc1)c1ccccc1)c1ccc(C2CC2)cc1
O=C(NCC(Oc1ccc(OC2CCCNC2)cc1)c1ccccc1)c1ccc(C2CC2)cc1
O=C(NCC(Oc1ccc(OC2CCCNC2)cc1)c1ccccc1)c1ccc(C2CC2)cc1
O=C(NCC(Oc1ccc(OC2CCCNC2)cc1)c1ccccc1)c1ccc(C2CC2)cc1
O=C(NCC(Oc1ccc(OC2CCCNC2)cc1)c1ccccc1)c1ccc(C2CC2)cc1
O=C(NCC(Oc1ccc(OC2CCCNC2)cc1)c1ccccc1)c1ccc(C2CC2)cc1
O=C(NCC(Oc1ccc(OC2CCCNC2)cc1)c1ccccc1)c1ccc(C2CC2)cc1
O=C(NCC(Oc1ccc(OC2CCCNC2)cc1)c1ccccc1)c1ccc(C2CC2)cc1
O=C(NCC(Oc1ccc(OC2CCCNC2)cc1)c1ccccc1)c1ccc(C2CC2)cc1
O=C(NCC(Oc1ccc(OC2CCCNC2)cc1)c1ccccc1)c1ccc(C2CC2)cc1
O=C(NCC(Oc1ccc(OC2CCCNC2)cc1)c1ccccc1)c1ccc(C2CC2)cc1
O=C(NCC(Oc1ccc(OC2CCCNC2)cc1)c1ccccc1)c1ccc(C2CC2)cc1
O=C(NCC(Oc1ccc(OC2CCCNC2)cc1)c1ccccc1)c1ccc(C2CC2)cc1
O=C(NCC(Oc1ccc(OC2CCCNC2)cc1)c1ccccc1)c1ccc(C2CC2)cc1
O=C(NCC(Oc1ccc(OC2CCCNC2)cc1)c1ccccc1)c1ccc(C2CC2)cc1
O=C(NCC(Oc1ccc(OC2CCCNC2)cc1)c1ccccc1)c1ccc(C2CC2)cc1
O=C(NCC(Oc1ccc(OC2CCCNC2)cc1)c1ccccc1)c1ccc(C2CC2)cc1
O=C(NCC(Oc1ccc(OC2CCCN(C(=O)C3COC3)C2)cc1)c1ccccc1)c1ccc(C2CC2)cc1
O=C(NCC(Oc1ccc(OC2CCCN(C(=O)C3CO3)C2)cc1)c1ccccc1)c1ccc(C2CC2)cc1
O=C(NCC(Oc1ccc(OC2CCCN(C(=O)C3CO3)C2)cc1)c1ccccc1)c1ccc(C2CC2)cc1
O=C(NCC(Oc1ccc(OC2CCCCN(C(=O)C3CO3)C2)cc1)c1ccccc1)c1ccc(C2CC2)cc1
O=C(NCC(Oc1ccc(OC2CCCCN(C(=O)C3CO3)C2)cc1)c1ccccc1)c1ccc(C2CC2)cc1
O=C(NCC(Oc1ccc(OC2CCCN(C(=O)C3CO3)C2)cc1)c1ccccc1)c1ccc(C2CC2)cc1
O=C(NCC(Oc1ccc(OC2CCCN(C(=O)C3COC3)C2)cc1)c1ccccc1)c1ccc(C2CC2)cc1
O=C(NCC(Oc1ccc(OC2CCCN(C(=O)C3CCOC3)C2)cc1)c1ccccc1)c1ccc(C2CC2)cc1
O=C(NCC(Oc1ccc(OC2CCCN(C(=O)C3CCOC3)C2)cc1)c1ccccc1)c1ccc(C2CC2)cc1
O=C(NCC(Oc1ccc(OC2CCCN(C(=O)C3CCOCC3)C2)cc1)c1ccccc1)c1ccc(C2CC2)cc1
O=C(NCC(Oc1ccc(OC2CCCN(C(=O)C3CCOCC3)C2)cc1)c1ccc(C2CC2)cc1)c1ccc(C2CC2)cc1
O=C(NCC(Oc1ccc(OC2CCCN(C(=O)C3CCOC3)C2)cc1)c1ccc(C2CC2)cc1)c1ccc(C2CC2)cc1
O=C(NCC(Oc1ccc(OC2CCCN(C(=O)C3CCOC3)C2)cc1)c1ccc(C2CC2)cc1)c1ccc(C2CC2)cc1
O=C(NCC(Oc1ccc(OC2CCCN(C(=O)C3CCOC3)C2)cc1)c1ccc(C2CCC2)cc1)c1ccc(C2CC2)cc1
O=C(NCC(Oc1ccc(OC2CCCN(C(=O)C3CCOC3)C2)cc1)c1ccc(C2CCC2)cc1)c1ccc(C2CC2)cc1
O=C(NCC(Oc1ccc(OC2CCCN(C(=O)C3COC3)C2)cc1)c1ccc(C2CCC2)cc1)c1ccc(C2CC2)cc1
O=C(NCC(Oc1ccc(OC2CCCN(C(=O)C3CO3)C2)cc1)c1ccc(C2CCC2)cc1)c1ccc(C2CC2)cc1
O=C(NCC(Oc1ccc(OC2CCCN(C(=O)C3CO3)C2)cc1)c1ccc(C2CCC2)cc1)c1ccc(C2CCC2)cc1
O=C(NCC(Oc1ccc(OC2CCCN(C(=O)C3COC3)C2)cc1)c1ccc(C2CCC2)cc1)c1ccc(C2CCC2)cc1
O=C(NCC(Oc1ccc(OC2CCCN(C(=O)C3CCOC3)C2)cc1)c1ccc(C2CCC2)cc1)c1ccc(C2CCC2)cc1
O=C(NCC(Oc1ccc(OC2CCCN(C(=O)C3CCOC3)C2)cc1)c1ccc(C2CCC2)cc1)c1ccc(OC2CCC2)cc1
O=C1CC(C(=O)N2CCCC(Oc3ccc(OC(CNCc4ccc(OC5CCC5)cc4)c4ccc(C5CCC5)cc4)cc3)C2)CO1
O=C1CC(C(=O)N2CCCC(Oc3ccc(OC(CNCc4ccc(OC5CC5)cc4)c4ccc(C5CCC5)cc4)cc3)C2)CO1
O=C1CC(C(=O)N2CCCC(Oc3ccc(OC(CNc4ccc(OC5CC5)cc4)c4ccc(C5CCC5)cc4)cc3)C2)CO1
O=C1CC(C(=O)N2CCCC(Oc3ccc(OC(CNc4ccc(OC5CC5)cc4)c4ccc(C5CCC5)cc4)cc3)C2)CO1
O=C1CC(C(=O)N2CCCC(Oc3ccc(OC(CNc4ccc(OC5CC5)cc4)c4ccc(C5CC5)cc4)cc3)C2)CO1
O=C1CC(C(=O)N2CCCC(Oc3ccc(OC(CNc4ccccc4)c4ccc(C5CC5)cc4)cc3)C2)CO1
O=C1CC(C(=O)N2CCCC(Oc3ccc(OC(CNc4ccccc4)c4ccc(C5CC5)cc4)cc3)C2)CO1
O=C1CC(C(=O)N2CCCC(Oc3ccc(OC(CNc4ccccc4)c4ccc(C5CC5)cc4)cc3)C2)CO1
O=C1CC(C(=O)N2CCCC(Oc3ccc(OC(CNc4ccccc4)c4ccc(C5CC5)cc4)cc3)C2)CO1
O=C1CC(C(=O)N2CCCC(Oc3ccc(OC(CNc4ccccc4)c4ccc(C5CC5)cc4)cc3)C2)CO1
O=C1CC(C(=O)N2CCCC(Oc3ccc(OCc4ccc(C5CC5)cc4)cc3)C2)CO1
O=C1CC(C(=O)N2CCCC(Oc3ccc(OCc4ccc(C5CC5)cc4)cc3)C2)CO1
O=C1CC(C(=O)N2CCCC(Oc3ccc(OCc4ccc(C5CC5)cc4)cc3)C2)CO1
O=C1CC(C(=O)N2CCCC(Oc3ccc(OCc4ccc(C5CC5)cc4)cc3)C2)CO1
O=C1CC(C(=O)N2CCCC(Oc3ccc(OCc4ccc(C5CC5)cc4)cc3)C2)CO1
O=C1CC(C(=O)N2CCCC(Oc3ccc(OCc4ccc(C5CC5)cc4)cc3)C2)CO1
O=C1CC(C(=O)N2CCCC(Oc3ccc(OCc4ccc(C5CC5)cc4)cc3)C2)CO1
O=C1CC(C(=O)N2CCCC(Oc3ccc(OCc4ccc(C5CCC5)cc4)cc3)C2)CO1
O=C1CC(C(=O)N2CCCC(Oc3ccc(OCc4ccc(C5CCCC5)cc4)cc3)C2)CO1
O=C1CC(C(=O)N2CCCC(Oc3ccc(OCc4ccc(C5CCCC5)cc4)cc3)C2)CO1
O=C1CC(C(=O)N2CCCC(Oc3ccc(OCc4ccc(C5CCC5)cc4)cc3)C2)CO1
O=C1CC(C(=O)N2CCCC(Oc3ccc(OCc4ccc(C5CCC5)cc4)cc3)C2)CO1
O=C1CC(C(=O)N2CCCC(Oc3ccc(OCc4ccc(C5CCC5)cc4)cc3)C2)CO1
O=C1CC(C(=O)N2CCCC(Oc3ccc(OCc4ccc(C5CCC5)cc4)cc3)C2)CO1
O=C1CC(C(=O)N2CCCC(Oc3ccc(OCc4ccc(C5CCC5)cc4)cc3)C2)CO1
O=C1CC(C(=O)N2CCCC(Oc3ccc(OCc4ccc(C5CCC5)cc4)cc3)C2)CO1
O=C1CC(C(=O)N2CCCC(Oc3ccc(OCc4ccc(C5CCC5)cc4)cc3)C2)CO1
O=C1CC(C(=O)N2CCCC(Oc3ccc(OCc4ccc(C5CCC5)cc4)cc3)C2)CO1
O=C1CC(C(=O)N2CCCC(Oc3ccc(OCc4ccc(C5CCC5)cc4)cc3)C2)CO1
O=C1CC(C(=O)N2CCCC(Oc3ccc(OCc4ccc(C5CC5)cc4)cc3)C2)CO1
O=C1CC(C(=O)N2CCCC(Oc3ccc(OCc4ccc(C5CC5)cc4)cc3)C2)CO1
O=C1CC(C(=O)N2CCCC(Oc3ccc(OCc4ccc(C5CC5)cc4)cc3)C2)CO1
O=C1CC(C(=O)N2CCCC(Oc3ccc(OCc4ccc(C5CC5)cc4)cc3)C2)CO1
O=C1CC(C(=O)N2CCCC(OCc3ccc(OCc4ccc(C5CC5)cc4)cc3)C2)CO1
O=C1CC(C(=O)N2CCCC(OC(=O)c3ccc(OCc4ccc(C5CC5)cc4)cc3)C2)CO1
O=C1CC(C(=O)N2CCCC(OC(=O)c3ccc(OCc4ccc(C5CC5)cc4)cc3)C2)CO1
O=C1CC(C(=O)N2CCCC(OC(=O)c3ccc(OCc4ccc(C5CC5)cc4)cc3)C2)CO1
O=C1CC(C(=O)N2CCCC(OC(=O)c3ccc(OCc4ccc(C5CC5)cc4)cc3)C2)CO1
O=C1CC(C(=O)N2CCCC(OC(=O)c3ccc(OCc4ccc(C5CC5)cc4)cc3)C2)CO1
O=C1CC(C(=O)N2CCCC(OC(=O)c3ccc(OCc4ccc(C5CC5)cc4)cc3)C2)CO1
O=C1CC(C(=O)N2CCCC(OC(=O)c3ccc(OCc4ccc(C5CC5)cc4)cc3)C2)CO1
O=C1CC(C(=O)N2CCCC(OC(=O)c3ccc(OCc4ccc(C5CC5)cc4)cc3)C2)CO1
O=C1CC(C(=O)N2CCCC(OC(=O)c3ccc(OCc4ccc(C5CC5)cc4)cc3)C2)CO1
O=C1CC(C(=O)N2CCCC(OC(=O)c3ccc(OCc4ccc(C5CC5)cc4)cc3)C2)CO1
O=C1CC(C(=O)N2CCCC(OC(=O)c3ccc(OCc4ccc(C5CCC5)cc4)cc3)C2)CO1
O=C1CC(C(=O)N2CCCC(OC(=O)c3ccc(OCc4ccc(C5CCC5)cc4)cc3)C2)CO1
O=C1CC(C(=O)N2CCCCC(OC(=O)c3ccc(OCc4ccc(C5CCC5)cc4)cc3)C2)CO1
O=C1CC(C(=O)N2CCCCC(OC(=O)c3ccc(OCc4ccc(C5CCC5)cc4)cc3)C2)CO1
O=C1CC(C(=O)N2CCCCC(OC(=O)c3ccc(OCc4ccc(C5CCC5)cc4)cc3)C2)CO1
O=C1CC(C(=O)N2CCCC(OC(=O)c3ccc(OCc4ccc(C5CCC5)cc4)cc3)C2)CO1
O=C1CC(C(=O)N2CCCC(OC(=O)c3ccc(OCc4ccc(C5CC5)cc4)cc3)C2)CO1
O=C1CC(C(=O)N2CCCC(OC(=O)c3ccc(OCc4ccc(C5CC5)cc4)cc3)C2)CO1
O=C1CC(C(=O)N2CCC(OC(=O)c3ccc(OCc4ccc(C5CC5)cc4)cc3)C2)CO1
O=C1CC(C(=O)N2CCC(OC(=O)c3ccc(OCc4ccc(C5CC5)cc4)cc3)C2)CO1
O=C1CC(C(=O)N2CCC(OC(=O)c3ccc(OCc4ccc(C5CC5)cc4)cc3)CC2)CO1
O=C1CC(C(=O)N2CCCC(OC(=O)c3ccc(OCc4ccc(C5CC5)cc4)cc3)CC2)CO1
O=C1CC(C(=O)N2CCCC(OC(=O)c3ccc(OCc4ccc(C5CC5)cc4)cc3)C2)CO1
O=C(NCc1ccccc1)OC1CNc2ccc(-c3cccc4cc[nH]c34)cc2C1
O=C(NCc1ccccc1)OC1CNc2ccc(-c3cccc4cc[nH]c34)cc2C1
O=C(NCc1ccccc1)OCCNc1ccc(-c2cccc3cc[nH]c23)cc1
O=C(NCc1ccccc1)OCCNc1ccc(-c2cccc3c2NC3)cc1
O=C(NCc1ccccc1)OCCNc1ccc(-c2cccc3c2NCC3)cc1
O=C(NCc1ccccc1)OCCNc1ccc(-c2cccc3c2CCC3)cc1
O=C(NCc1ccccc1)OCCNc1ccc(-c2cccc3c2CCC3)cc1
O=C(NCc1ccccc1)OCCNc1ccc(-c2cccc3c2CCC3)cc1
O=C(Nc1ccccc1)OCCNc1ccc(-c2cccc3c2CCC3)cc1
O=C(Nc1cccnc1)OCCNc1ccc(-c2cccc3c2CCC3)cc1
O=C(NCc1cccnc1)OCCNc1ccc(-c2cccc3c2CCC3)cc1
O=C(NCc1cccnc1)OCCNc1ccc(-c2cccc3c2CCC3)cc1
O=C(NOCc1cccnc1)OCCNc1ccc(-c2cccc3c2CCC3)cc1
O=C(NOCc1cccnc1)OCCNc1ccc(-c2cccc3c2CCC3)cc1
O=C(NOCc1cccnc1)OCCNc1ccc(-c2cccc3c2CCC3)cc1
O=C(NOCc1cccnc1)OCCNc1ccc(Oc2cccc3c2CCC3)cc1
O=C(NOCc1cccnc1)OCCNc1ccc(OCc2cccc3c2CCC3)cc1
O=C(NOCc1cccnc1)OCCNc1ccc(OCc2cccc3c2CCC3)cc1
O=C(NOCc1cccnc1)OC1CCc2cc(OCc3cccc4c3CCC4)ccc2NC1
O=C(NOCc1cccnc1)OC1CCc2ccc(OCc3cccc4c3CCC4)cc2CC1
O=C(COCc1cccnc1)OC1CCc2ccc(OCc3cccc4c3CCC4)cc2CC1
O=C(OCc1cccnc1)OC1CCc2ccc(OCc3cccc4c3CCC4)cc2CC1
c1cncc(COCOC2CCc3ccc(OCc4cccc5c4CCC5)cc3CC2)c1
c1cncc(COc2ccc(COc3ccc4c(c3)CCCCC4)c3c2CCC3)c1
c1cncc(COc2ccc(COc3ccc4c(c3)CCCCC4)c3c2CCC3)c1
c1cncc(COc2ccc(COc3ccc4c(c3)CCCCC4)c3c2CCC3)c1
c1cncc(COc2ccc(COc3ccc4c(c3)CCCCC4)c3c2CCC3)c1
c1cncc(COc2ccc(COc3ccc4c(c3)CCCCC4)c3c2C2CC32)c1
c1cncc(COc2ccc(COc3ccc4c(c3)CCCCC4)c(C3CC3)c2)c1
c1cncc(COc2ccc(COc3ccc4c(c3)CCCCC4)c(C3CC3)c2)c1
c1cncc(COc2ccc(COc3ccc4c(c3)CCCCC4)c(C3CC3)c2)c1
c1cncc(COc2ccc(COc3ccc4c(c3)CCCC4)c(C3CC3)c2)c1
c1cncc(COc2ccc(COc3ccc4c(c3)CCCC4)c(C3CC3)c2)c1
c1cncc(COc2ccc(COc3ccc4c(c3)CCC3CC43)c(C3CC3)c2)c1
c1cncc(COc2ccc(COc3ccc4c(c3)CCC3CCC43)c(C3CC3)c2)c1
c1cncc(COc2ccc(COc3ccc4c(c3)CCC3CCC43)cc2)c1
c1cncc(COc2ccc(COc3ccc4c(c3)CCC3CCC43)cc2)c1
c1cncc(COc2ccc(COc3ccc4c(c3)CCC3CCC43)cc2)c1
c1cncc(COc2ccc(COc3ccc4c(c3)CCC3CC43)cc2)c1
c1cncc(COc2ccc(COc3ccc4c(c3)CCC3CC43)cc2)c1
c1cncc(COc2ccc(COc3ccc4c(c3)CCC3CC43)cc2)c1
c1cncc(COc2ccc(COc3ccc4c(c3)CCC3CC43)cc2)c1
c1cncc(COc2ccc(COc3ccc4c(c3)CCC3CCC43)cc2)c1
c1cncc(COc2ccc(COc3ccc4c(c3)CCC3CCC43)cc2)c1
c1cncc(COc2ccc(COc3ccc4c(c3)CCC3CCC43)cc2)c1
c1cncc(COc2ccc(COc3ccc4c(c3)CCC3CC43)cc2)c1
c1cncc(COc2ccc(COc3ccc4c(c3)CCC3CC43)cc2)c1
c1cncc(COc2ccc(COc3ccc4c(c3)CCC3CC43)cc2)c1
c1cncc(COc2ccc(COc3ccc4c(c3)CCC3CC43)c(OC3CC3)c2)c1
c1cncc(COc2ccc(COc3ccc4c(c3)CCC3CC43)c(OC3CC3)c2)c1
c1cncc(COc2ccc(COc3ccc4c(c3)CCC3CC43)c(OC3CC3)c2)c1
c1cncc(COc2ccc(COc3ccc4c(c3)CCC3CC43)c(OC3CC3)c2)c1
c1cncc(COc2ccc(COc3ccc4c(c3)CCC3CC43)c(CC3CC3)c2)c1
c1cncc(COc2ccc(COc3ccc4c(c3)CCC3CC43)c(CC3CC3)c2)c1
c1cncc(COc2ccc(COc3ccc4c(c3)CCC3CC43)cc2)c1
c1cncc(COc2ccc(COc3ccc4c(c3)CCC3CC43)cc2)c1
c1cncc(COc2ccc(COc3ccc4c(c3)CCC3CC43)cc2)c1
c1cncc(COc2ccc(COc3ccc4c(c3)CCC3CC43)cc2)c1
c1cncc(COc2ccc(COc3ccc4c(c3)CCC3CC43)cc2)c1
c1cncc(COc2ccc(COc3ccc4c(c3)CCC3CCC43)cc2)c1
c1cncc(COc2ccc(COc3ccc4c(c3)CCC3CCC43)cc2)c1
c1cncc(COc2ccc(COc3ccc4c(c3)CCC3CCC43)c(C3CN3)c2)c1
c1cncc(COc2ccc(COc3ccc4c(c3)CCC3CC43)c(C3CN3)c2)c1
c1cncc(COc2ccc(COc3ccc4c(c3)CCC3CC43)c(C3CCN3)c2)c1
c1cncc(COc2ccc(COc3ccc4c(c3)CCC3CC43)cc2)c1
c1cncc(COc2ccc(COc3ccc4c(c3)CCC3CCC43)cc2)c1
c1cncc(COc2ccc(COc3ccc4c(c3)CCC3CCC43)cc2)c1
c1cncc(COc2ccc(COc3ccc4c(c3)CCC3CCC43)cc2)c1
c1cncc(COc2ccc(COc3ccc4c(c3)CCC3CCC43)cc2)c1
c1cncc(COc2ccc(COc3ccc4c(c3)CCC3CCC43)cc2)c1
c1cncc(COc2ccc(COc3ccc4c(c3)CCC3CCC43)cc2)c1
c1cncc(COc2ccc(COc3ccc4c(c3)CCC3CCC43)cc2)c1
c1cncc(COc2ccc(COc3ccc4c(c3)CCC3CCCC43)cc2)c1
c1cncc(COc2ccc(COc3ccc4c(c3)CCC3CCCC43)cc2)c1
c1cncc(COc2ccc(COc3ccc4c(c3)CCC3CCCCC43)cc2)c1
c1cncc(COc2ccc(COc3ccc4c(c3)CCC3CCCCC43)cc2)c1
c1cncc(COc2ccc(COc3ccc4c(c3)CCC3CCCCC43)cc2)c1
c1cncc(COc2ccc(COc3ccc4c(c3)CCC3CCCCC43)cc2)c1
c1cncc(COc2ccc(COc3ccc4c(c3)CCC3CCCCC43)cc2)c1
c1cncc(COc2ccc(COc3ccc4c(c3)CCC3CCCCC43)cc2)c1
c1cncc(COc2ccc(COc3ccc4c(c3)CCC3CCCCC43)cc2)c1
c1cncc(COc2ccc(CCOc3ccc4c(c3)CCC3CCCCC43)cc2)c1
c1cncc(COc2ccc(CC3CCC4c5ccccc5CCC4C3)cc2)c1
c1cncc(COc2ccc(CC3CCC4c5ccccc5CCC4C3)cc2)c1
c1cncc(COc2ccc(CC3CCC4c5ccccc5CCC4C3)cc2)c1
c1cncc(COc2ccc(C3CCC4c5ccccc5CCC4C3)cc2)c1
c1cncc(COc2ccc(C3CCC4c5ccccc5CCC4C3)cc2)c1
c1cncc(COc2ccc3c(c2)CCC2CC4c5ccccc5CCC4CC32)c1
c1cncc(COc2ccc3c(c2)CCC2CC4c5ccccc5CCC4CC32)c1
c1cncc(COc2ccc3c(c2)CCC2CC4c5ccccc5CCC4CC32)c1
c1cncc(COc2ccc3c(c2)CCC2CC4c5ccccc5CCC4CC32)c1
c1cncc(COc2ccc3c(c2)CCC2CC4c5ccccc5CC4CC32)c1
c1cncc(COc2ccc3c(c2)CCC2CC4c5ccccc5CC4CC32)c1
c1cncc(COc2ccc3c(c2)CCC2CC4c5ccccc5C4CC32)c1
c1cncc(COc2ccc3c(c2)CCC2CC4c5ccccc5C4CC32)c1
c1ccc(C2CCC3c4ccc(OCc5cccnc5)cc4CCC3C2)cc1
c1ccc(C2CCC3c4ccc(OCc5cccnc5)cc4CCC3C2)cc1
c1ccc(C2CCC3c4ccc(OCc5cccnc5)cc4CCC3C2)cc1
c1ccc(C2CCC3c4ccc(OCc5cccnc5)cc4CCC3C2)cc1
c1ccc(C2CCC3c4ccc(OCc5cccnc5)cc4CCC3C2)cc1
c1ccc(C2CCC3c4ccc(OCc5cccnc5)cc4CCC3C2)cc1
c1ccc(C2CCC3c4ccc(OCc5cccnc5)cc4CCC3C2)cc1
C1=CCC(C2CCC3c4ccc(OCc5cccnc5)cc4CCC3C2)=C1
c1cncc(COc2ccc3c(c2)CCC2CCCCC32)c1
c1cncc(COc2ccc3c(c2)CCC2CCCCC32)c1
c1cncc(COc2ccc3c(c2)CCC2CCCCC32)c1
c1cncc(COc2ccc3c(c2)CCC2CCCCC32)c1
c1cncc(COc2ccc3c(c2)CCC2CCCCC32)c1
c1cncc(COc2ccc3c(c2)CCC2CCCCC32)c1
O=C(NCc1ccccc1)OC1CNc2ccc(-c3cccc4cc[nH]c34)cc2C1
O=C(Nc1ccccc1)OC1CNc2ccc(-c3cccc4cc[nH]c34)cc2C1
O=C(Nc1ccccc1)OC1CNc2ccc(-c3cccc4cc[nH]c34)cc2C1
O=C(Nc1ccccc1)OC1CCc2ccc(-c3cccc4cc[nH]c34)cc2C1
O=C(Nc1ccccc1)OC1CCc2ccc(-c3cccc4cc[nH]c34)cc2C1
O=C(Nc1ccccc1)OC1Cc2cc(-c3cccc4cc[nH]c34)ccc2C2CCC12
O=C(Nc1ccccc1)OC1CCCCc2ccc(-c3cccc4cc[nH]c34)cc2C1
O=C(Nc1ccccc1)OC1CCCCc2ccc(-c3cccc4cc[nH]c34)cc2C1
O=C(Nc1ccccc1)OC1CCCCC2=C(C=C(c3cccc4cc[nH]c34)C2)C1
O=C(Nc1ccccc1)OC1CCCCC2=C(C=C(c3cccc4cc[nH]c34)C2)C1
O=C(Nc1ccccc1)OC1CCCCC2=C(C=C(c3ccccc3)C2)C1
O=C(Nc1ccccc1)OC1CCCCC2=C(C=C(c3ccccc3)C2)C1
O=C(Nc1ccccc1)OC1CCCCC2=C(C=C(c3ccccc3)C2)C1
O=C(Nc1ccccc1)OC1CCCCC2=C(C=C(c3ccccc3)C2)C1
O=C(Nc1ccccc1)OC1CCCCC2=C(C=C3c4ccccc4CCCC32)C1
O=C(Nc1ccccc1)OC1CCCCC2=C(C=C3c4ccccc4CCCC32)C1
O=C(Nc1ccccc1)OC1CCCCC2=C(C=C3c4ccccc4CCCC32)C1
O=C(Nc1ccccc1)OC1CCCCC2=C(C=C3c4ccccc4CCCC32)C1
O=C(Nc1ccccc1)OC1CCCCC2=C(C=C3c4ccccc4CCCC32)C1
O=C(Nc1ccccc1)OC1CCCCC2=C(C=C3c4ccccc4CCCC32)C1
O=C(Nc1ccccc1)OC1CCCCC2=C(C=C3c4ccccc4CCCC32)C1
O=C(Nc1ccccc1)OC1CCCCC2=C(C=C3c4ccccc4CCCC32)C1
O=C(Nc1ccccc1)OC1CCCCC2=C(C=C3c4ccccc4CCCC32)C1
O=C(Nc1ccccc1)OC1CCCCC2=C(C=C3c4ccccc4CCCC32)C1
O=C(Nc1ccccc1)OC1CCCCC2=C(C=C3c4ccccc4CCCC32)C1
O=C(Nc1ccccc1)OC1CCCCC2=C(C=C3c4ccccc4CCCC32)C1
O=C(Nc1ccccc1)OC1CCCCC2=C(C=C3c4ccccc4CCCC32)C1
O=C(Nc1ccccc1)OC1CC=C(C2CCCc3ccccc3C2)CCCC1
O=C(Nc1ccccc1)OC1CC=C(C2CCCc3ccccc32)CCCC1
O=C(Nc1ccccc1)OC1CC=C(C2CCCc3ccccc32)CCCC1
O=C(Nc1ccccc1)OC1CCCCC(C2CCCc3ccccc32)C1
O=C(Nc1ccccc1)OC1CCCCC(C2CCCc3ccccc32)C1
O=C(Nc1ccccc1)OC1CCCCC(C2CCCc3ccccc32)C1
O=C(Nc1ccccc1)OC1CCCCC(C2CCCCc3ccccc32)C1
O=C(Nc1ccccc1)OOCCC1(C2CCCCCC2)CCCCc2ccccc21
O=C(Nc1ccccc1)OOCCC1(C2CCCCCC2)CCCc2ccccc21
O=C(Nc1ccccc1)OOCCC1(C2CCCCCCC2)CCCc2ccccc21
O=C(Nc1ccccc1)OCCC1(C2CCCCCCC2)CCCc2ccccc21
O=C(CCCC1(C2CCCCCCC2)CCCc2ccccc21)Nc1ccccc1
O=C(CCC1(C2CCCCCCC2)CCCc2ccccc21)Nc1ccccc1
O=C(CCC1(C2CCCCCCC2)CCCc2ccccc21)Nc1ccccc1
O=C(CCC1(C2CCCCCC2)CCCc2ccccc21)Nc1ccccc1
O=C(CCC1(C2CCCCCC2)CCCc2ccccc21)Nc1ccccc1
O=C(CCC1(C2CCCCCC2)CCCc2ccccc21)Nc1ccccc1
O=C(CCC1(C2CCCCCC2)CCCc2ccccc21)Nc1ccccc1
O=C(CCC1(C2CCCCCC2)CCCc2ccccc21)Nc1ccccc1
O=C(CCC1(C2CCCCCC2)CCCc2ccccc21)Nc1ccccc1
O=C(CCC1(C2CCCCC2)CCCc2ccccc21)Nc1ccccc1
O=C(CCC1(C2CCCCC2)CCCc2ccccc21)Nc1ccccc1
O=C(CCC1(C2CCCCC2)CCCc2ccccc21)Nc1ccccc1
O=C(CCC1(C2CCCC2)CCCc2ccccc21)Nc1ccccc1
O=C(CCC1(C2CCC2)CCCc2ccccc21)Nc1ccccc1
O=C(CCC1(C2CCC2)CCCc2ccccc21)Nc1ccccc1
O=C(CCC1(C2CCC2)CCCc2ccccc21)Nc1ccccc1
O=C(CCC1(C2CCC2)CCCc2ccccc21)Nc1ccccc1
O=C(CCC1(C2CCC2)CCCc2ccccc21)Nc1ccccc1
O=C(CCC1(C2CCC2)CCCc2ccccc21)Nc1ccccc1
O=C(CCC1(C2CCC2)CCCc2ccccc21)Nc1ccccc1
O=C(CCC1(C2CCC2)CCCc2ccccc21)Nc1ccccc1
O=C(CCC1(C2CCC2)CCCc2ccccc21)Nc1ccccc1
O=C(CCC1(C2CCCC2)CCCc2ccccc21)Nc1ccccc1
O=C(CCC1(C2CCCC2)CCCc2ccccc21)Nc1ccccc1
O=C(CCC1(C2CCCC2)CCCc2ccccc21)Nc1ccccc1
O=C(CCC1(C2CCCCC2)CCCc2ccccc21)Nc1ccccc1
O=C(CCC1(C2CCCCC2)CCCc2ccccc21)Nc1ccccc1
O=C(CCC1(C2CCCCC2)CCCc2ccccc21)Nc1ccc2c(c1)CC2
O=C(CCC1(C2CCCCC2)CCCc2ccccc21)Nc1ccc2c(c1)CC2
O=C(CCC1(C2CCCCC2)CCCc2ccccc21)Nc1ccc2c(c1)CC2
O=C(CCC1(C2CCCCC2)CCCc2ccccc21)Nc1ccc2c(c1)C=C2
O=C(CCC1(C2CCCC2)CCCc2ccccc21)Nc1ccc2c(c1)C=C2
O=C(CCC1(C2CCC2)CCCc2ccccc21)Nc1ccc2c(c1)C=C2
O=C(CCC1(C2CCC2)CCCc2ccccc21)Nc1ccc2c(c1)C=C2
O=C(CCC1(C2CCCC2)CCCc2ccccc21)Nc1ccc2c(c1)C=C2
O=C(CCC1(C2CCCC2)CCCc2ccccc21)Nc1ccc2c(c1)C=C2
O=C(CCC1(C2CCCC2)CCCCc2ccccc21)Nc1ccc2c(c1)C=C2
O=C(CCC1(C2CCCC2)CCCCc2ccccc21)Nc1ccc2c(c1)C=NOC2
O=C(CCC1(C2CCC2)CCCCc2ccccc21)Nc1ccc2c(c1)C=NOC2
O=C(CCC1(C2CCC2)CCCCc2ccccc21)Nc1ccc2c(c1)C=NOC2
N=c1oncc2cc(NC(=O)CCC3(C4CCC4)CCCCc4ccccc43)ccc12
N=c1oncc2cc(NC(=O)CCC3(C4CCC4)CCCc4ccccc43)ccc12
N=c1oncc2cc(NC(=O)CCC3(C4CCC4)CCCc4ccccc43)ccc12
O=C(CCC1(C2CCC2)CCCc2ccccc21)Nc1ccc2c(=O)oncc2c1
O=C(CCC1(C2CCCC2)CCCc2ccccc21)Nc1ccc2c(=O)oncc2c1
O=C(CCC1(C2CCCC2)CCCc2ccccc21)Nc1ccc2c(=O)oncc2c1
O=C(NCc1ccccc1)OC1CNc2ccc(-c3cccc4cc[nH]c34)cc2C1
O=C(NCc1ccccc1)Oc1ccc(-c2ccc3c(c2)CCCN3)c2[nH]ccc12
O=C(NCc1ccccc1)Oc1ccc(-c2ccc3c(c2)CCCN3)c2[nH]ccc12
O=C(NCc1ccccc1)Oc1ccc(-c2ccc3c(c2)CCCCN3)c2[nH]ccc12
O=C(NCc1ccccc1)Oc1ccc(-c2ccccc2)c2[nH]ccc12
c1ccc(-c2cc3cccc(-c4ccccc4)c3[nH]2)cc1
c1ccc(-c2cc3cccc(-c4ccccc4)c3[nH]2)cc1
c1ccc(-c2cc3cccc(-c4ccccc4)c3[nH]2)cc1
c1ccc(-c2cc3cccc(-c4ccccc4)c3[nH]2)cc1
c1ccc(-c2cc3cccc(-c4ccccc4)c3[nH]2)cc1
c1ccc(-c2cc3cccc(-c4ccc5c(c4)N5)c3[nH]2)cc1
c1ccc(-c2cc3cccc(-c4ccc5c(c4)N5)c3[nH]2)cc1
c1ccc(-c2cc3cccc(-c4ccc5c(c4)N5)c3[nH]2)cc1
c1ccc(-c2cc3cccc(-c4ccc5c(c4)N5)c3[nH]2)cc1
c1ccc(-c2cc3cccc(-c4ccc5c(c4)N5)c3[nH]2)cc1
c1ccc(-c2cc3cccc(-c4ccc5c(c4)N5)c3[nH]2)cc1
c1ccc(-c2cc3cccc(-c4ccc5c(c4)N5)c3[nH]2)cc1
c1ccc(-c2cc3cccc(-c4ccc5c(c4)N5)c3[nH]2)cc1
c1ccc(-c2cc3cccc(-c4ccccc4)c3[nH]2)cc1
c1ccc(-c2cc3cccc(-c4ccccc4)c3[nH]2)cc1
c1ccc(-c2cc3cccc(-c4ccccc4)c3[nH]2)cc1
c1ccc(-c2ccc(-c3cccc4ccccc34)[nH]2)cc1
c1ccc(-c2ccc(-c3cccc4ccccc34)[nH]2)cc1
c1ccc(-c2ccc(-c3cccc4ccccc34)[nH]2)cc1
c1ccc(-c2ccc(-c3ccc4ccccc4c3)[nH]2)cc1
c1ccc(-c2ccc(-c3ccc4ccccc4c3)[nH]2)cc1
c1ccc(-c2ccc(-c3ccc4ccccc4c3)[nH]2)cc1
c1ccc(-c2ccc(-c3ccc4ccccc4c3)[nH]2)cc1
c1ccc(Oc2ccc(-c3ccc4ccccc4c3)[nH]2)cc1
c1ccc(OCc2ccc(-c3ccc4ccccc4c3)[nH]2)cc1
c1ccc(OCc2ccc(-c3ccc4ccccc4c3)[nH]2)cc1
c1ccc(OCc2ccc(-c3ccc4ccccc4c3)[nH]2)cc1
c1ccc(OCc2ccc(-c3ccc4ccccc4c3)[nH]2)cc1
c1ccc(OCc2ccc(-c3ccc4ccccc4c3)[nH]2)c(CCCC2CC2)c1
c1ccc(OCc2ccc(-c3ccc4ccccc4c3)[nH]2)cc1
c1ccc(OCc2ccc(-c3ccc4ccccc4c3)[nH]2)cc1
c1ccc(OCc2ccc(-c3ccc4ccccc4c3)[nH]2)cc1
c1ccc(CCCCc2ccc(-c3ccc4ccccc4c3)[nH]2)cc1
c1ccc(CCCCc2ccc(-c3ccc4ccccc4c3)[nH]2)cc1
c1ccc(CCCCc2ccc(-c3ccc4ccccc4c3)[nH]2)cc1
c1ccc(CCCCc2ccc(-c3ccc4ccccc4c3)[nH]2)cc1
c1ccc(CCCCc2ccc(-c3ccc4ccccc4c3)[nH]2)cc1
c1ccc(CCCCc2ccc(-c3ccc4ccccc4c3)[nH]2)cc1
c1ccc(CCCCc2ccc(-c3ccc4ccccc4c3)[nH]2)cc1
c1ccc(CCCCc2ccc(-c3ccc4ccccc4c3)[nH]2)cc1
c1ccc(CCCCc2ccc(-c3ccc4ccccc4c3)[nH]2)cc1
c1ccc(CCCCc2ccc(-c3ccc4ccccc4c3)[nH]2)cc1
c1ccc(CCCCc2ccc(-c3ccccc3)[nH]2)cc1
c1ccc(CCCCc2ccc(-c3ccccc3)[nH]2)cc1
c1ccc(CCCCc2ccc(-c3ccccc3)[nH]2)cc1
c1ccc(CCCCc2ccc(-c3ccccc3)[nH]2)cc1
c1ccc(CCCCc2ccc(-c3ccccc3)[nH]2)cc1
c1ccc(CCCCc2ccc(-c3ccccc3)[nH]2)cc1
c1ccc(CCCCc2ccc(-c3ccccc3)[nH]2)cc1
c1ccc(CCCCc2ccc(-c3ccccc3)[nH]2)cc1
c1ccc(CCCCc2ccc(-c3ccccc3)[nH]2)cc1
c1ccc(CCCCc2ccc(-c3ccccc3)[nH]2)cc1
c1ccc(CCCCc2ccc(-c3ccccc3)[nH]2)cc1
c1ccc(CCCCc2ccc(-c3ccccc3)[nH]2)cc1
c1ccc(CCCCc2ccc(-c3ccccc3)[nH]2)cc1
c1ccc(CCCCc2ccc(-c3ccccc3)[nH]2)cc1
c1ccc(CCCCc2ccc(-c3ccccc3)[nH]2)cc1
c1ccc(CCCCc2ccc(-c3ccccc3)[nH]2)cc1
c1ccc(CCCCc2ccc(-c3ccccc3)[nH]2)cc1
c1ccc(CCCCc2ccc(-c3ccccc3)[nH]2)cc1
c1ccc(CCCCc2ccc(-c3ccc4c(c3)CCNCC4)[nH]2)cc1
c1ccc(CCCCc2ccc(-c3ccc4c(c3)CCNCC4)[nH]2)cc1
c1ccc(CCCCc2ccc(-c3ccccc3)[nH]2)cc1
c1ccc(CCCCc2ccc(-c3ccccc3)[nH]2)cc1
c1ccc(CCCCc2ccc(-c3ccccc3)[nH]2)cc1
c1ccc(CCCCc2ccc(-c3cccc(CCN4CCCC4)c3)[nH]2)cc1
c1ccc(CCCCc2ccc(-c3cccc(CCN4CCCC4)c3)[nH]2)cc1
c1ccc(CCCCc2ccc(-c3ccccc3)[nH]2)cc1
c1ccc(CCCCc2ccc(-c3ccccc3)[nH]2)cc1
c1ccc(CCCCc2ccc(-c3ccccc3)[nH]2)cc1
c1ccc(CCCCc2ccc(-c3ccccc3)[nH]2)cc1
c1ccc(CCCCc2ccc(-c3ccccc3)[nH]2)cc1
c1ccc(CCCCc2ccc(-c3ccccc3)[nH]2)cc1
c1ccc(CCCCc2ccc(-c3ccccc3)[nH]2)cc1
c1ccc(CCCCc2ccc(-c3ccccc3)[nH]2)cc1
c1ccc(CCCCc2ccc(-c3ccccc3)[nH]2)cc1
c1ccc(CCCCc2ccc(-c3cccc(CCCC4CC4)c3)[nH]2)cc1
c1ccc(CCCCc2ccc(-c3cccc(COCC4CC4)c3)[nH]2)cc1
c1ccc(CCCCc2ccc(-c3cccc(COC4CC4)c3)[nH]2)cc1
c1ccc(CCCCc2ccc(-c3cccc(CCC4CC4)c3)[nH]2)cc1
c1ccc(CCCCc2ccc(-c3cccc(NCC4CC4)c3)[nH]2)cc1
c1ccc(CCCCc2ccc(-c3cccc(NCC4CC4)c3)[nH]2)cc1
c1ccc(CCCCc2ccc(-c3cccc(NCC4CC4)c3)[nH]2)cc1
c1ccc(CCCCc2ccc(-c3ccccc3)[nH]2)cc1
c1ccc(CCCCc2ccc(-c3ccccc3)[nH]2)cc1
c1ccc(CCCCc2ccc(-c3ccccc3)[nH]2)cc1
c1ccc(CCCCc2ccc(-c3ccccc3)[nH]2)cc1
c1ccc(CCCCc2ccc(-c3ccccc3)[nH]2)cc1
c1ccc(CCCCc2ccc(-c3ccccc3)[nH]2)cc1
c1ccc(CCCCc2ccc(-c3cccc(NC4CCC4)c3)[nH]2)cc1
c1ccc(CCCCc2ccc(-c3cccc(NC4CCC4)c3)[nH]2)cc1
c1ccc(CCCCc2ccc(-c3cccc(CC4CCC4)c3)[nH]2)cc1
c1ccc(CCCCc2ccc(-c3cccc(CC4CCC4)c3)[nH]2)cc1
c1ccc(CCCCc2ccc(-c3cccc(CCC4CCC4)c3)[nH]2)cc1
c1ccc(CCCCc2ccc(-c3ccc4c(c3)CCCCC4)[nH]2)cc1
c1ccc(CCCCc2ccc(-c3ccc4c(c3)CCOCCC4)[nH]2)cc1
c1ccc(CCCCc2ccc(-c3ccccc3)[nH]2)cc1
c1ccc(CCCCc2ccc(-c3ccccc3)[nH]2)cc1
c1ccc(CCCCc2ccc(-c3ccccc3)[nH]2)cc1
c1ccc(CCCCc2ccc(-c3ccccc3)[nH]2)cc1
c1ccc(CCCCc2ccc(-c3ccccc3)[nH]2)cc1
c1ccc(CCCCc2ccc(-c3ccccc3)[nH]2)cc1
c1ccc(CCCCc2ccc(-c3ccccc3)[nH]2)cc1
c1ccc(CCCCc2ccc(-c3ccccc3)[nH]2)cc1
c1ccc(CCCCc2ccc(-c3ccccc3)[nH]2)cc1
c1ccc(CCCCc2ccc(-c3ccccc3)[nH]2)cc1
c1ccc(CCCCc2ccc(-c3ccccc3)[nH]2)cc1
c1ccc(CCCCc2ccc(-c3ccccc3)[nH]2)cc1
c1ccc(CCCCc2ccc(-c3ccccc3)[nH]2)cc1
c1ccc(CCCCc2ccc(-c3ccccc3)[nH]2)cc1
c1ccc(CCCCc2ccc(-c3ccccc3)[nH]2)cc1
c1ccc(CCCCc2ccc(-c3ccccc3)[nH]2)cc1
c1ccc(CCCCc2ccc(-c3ccccc3)[nH]2)cc1
c1ccc(CCCCc2ccc(-c3ccccc3)[nH]2)cc1
c1ccc(CCCCc2cc3c([nH]2)-c2ccccc2-3)cc1
C1=C(CCCCc2ccccc2)NCc2ccccc2C1
C1=C(CCCCc2ccccc2)NCc2ccccc21
c1ccc(CCCCc2cc3ccccc3[nH]2)cc1
c1ccc(CCC(Cc2cc3ccncc3[nH]2)C2CCCC2)cc1
c1ccc(CCC(C2CCCC2)n2ccc3ccncc32)cc1
c1ccc(CCC(C2CCCC2)n2ccc3ccncc32)cc1
c1ccc(CCC(C2CCCC2)n2ccc3ccncc32)cc1
c1ccc2c(c1)CCC2CC(C1CCCC1)n1ccc2ccncc21
c1ccc2c(c1)CCC2CC(C1CCCC1)n1ccc2ccncc21
c1ccc2c(c1)CCCC2CC(C1CCCC1)n1ccc2ccncc21
c1ccc2c(c1)CCCC2CC(C1CCCC1)n1ccc2ccncc21
c1ccc2c(c1)CCCC2CC(C1CCCC1)n1ccc2ccncc21
c1ccc2c(c1)CCCC2CC(C1CCCC1)n1ccc2ccncc21
c1ccc2c(c1)CCC1CCCC21CC(C1CCCC1)n1ccc2ccncc21
c1ccc2c(c1)CCC1CCCCC21CC(C1CCCC1)n1ccc2ccncc21
c1ccc2c(c1)CCCC1CCCCC21CC(C1CCCC1)n1ccc2ccncc21
c1ccc2c(c1)CCCC1CCCCC21CC(C1CCCC1)n1ccc2ccncc21
c1cncc(NC(CC23CCCCC2CCCc2ccccc23)C2CCCC2)c1
c1cncc(NC(CC23CCCCC2CCCc2ccccc23)C2CCCC2)c1
c1cncc(NC(CC23CCCCC2CCCc2ccccc23)C2CCCC2)c1
c1cncc(NC(CC23CCCCC2CCCc2ccccc23)C2CCCC2)c1
c1ccc(NC(CC23CCCCC2CCCc2ccccc23)C2CCCC2)cc1
c1ccc(NC(CC23CCCCC2CCCc2ccccc23)C2CCCC2)cc1
c1ccc(NC(CC23CCCCC2CCCc2ccccc23)C2CCCC2)cc1
c1ccc(NC(CC23CCCCC2CCCc2ccccc23)C2CCCC2)cc1
c1ccc(NCCC23CCCCC2CCCc2ccccc23)cc1
c1ccc(NCCC23CCCCC2CCCc2ccccc23)cc1
c1ccc(NCCC23CCCCC2CCCc2ccccc23)cc1
c1ccc(NCCC23CCCCC2CCCc2ccccc23)cc1
c1ccc(NCCC23CCCCCC2CCCc2ccccc23)cc1
c1ccc(NCCC23CCCCCC2CCCc2ccccc23)cc1
c1ccc(NCCC23CCCCCC2CCCc2ccccc23)cc1
c1ccc(NCCC23CCCCC2CCCc2ccccc23)cc1
c1ccc(NCCC23CCCCC2CCCc2ccccc23)cc1
c1ccc(NCCC23CCCCCC2CCCc2ccccc23)cc1
c1ccc(NCCC23CCCCCCC2CCCc2ccccc23)cc1
c1ccc(NCCC2(C3CCCCC3)CCCCc3ccccc32)cc1
c1ccc(NCCC2(C3CCCCCC3)CCCCc3ccccc32)cc1
c1ccc(NCCC2(C3CCCCCC3)CCCc3ccccc32)cc1
c1ccc(NCCC2(C3CCCCCC3)CCCc3ccccc32)cc1
c1ccc(NCCCC2(C3CCCCCC3)CCCc3ccccc32)cc1
c1ccc(NCCCC2(C3CCCCC3)CCCc3ccccc32)cc1
c1ccc(NCCCC2(C3CCCCC3)CCCc3ccccc32)cc1
c1ccc(NCCCC2(C3CCCC3)CCCc3ccccc32)cc1
O=C(CCC1(C2CCCC2)CCCc2ccccc21)Nc1ccccc1
O=C(CCC1(C2CCCCC2)CCCc2ccccc21)Nc1ccccc1
O=C(CCC1(C2CCCCC2)CCCc2ccccc21)Nc1ccccc1
O=C(CCC1(C2CCCCC2)CCCc2ccccc21)Nc1ccccc1
O=C(CCC1(C2CCCCC2)CCCc2ccccc21)Nc1ccccc1
O=C(CCC1(C2CCCCC2)CCCc2ccccc21)Nc1ccccc1
O=C(CCC1(C2CCCCCC2)CCCc2ccccc21)Nc1ccccc1
O=C(CCC1(C2CCCCCC2)CCCc2ccccc21)Nc1ccccc1
O=C(CCC1(C2CCCCCC2)CCCc2ccccc21)Nc1ccccc1
O=C(CCC1(C2CCCCCC2)CCCc2ccccc21)Nc1ccccc1
O=C(CCC1(C2CCCCC2)CCCc2ccccc21)Nc1ccccc1
O=C(CCC1(C2CCCCC2)CCCc2ccccc21)Nc1ccccc1
O=C(CCC1(C2CCCCC2)CCCc2ccccc21)Nc1ccccc1
O=C(CCC1(C2CCCCC2)CCCc2ccccc21)Nc1ccc2c(c1)C2
O=C(CCC1(C2CCCCC2)CCCc2ccccc21)Nc1ccc2c(c1)C2
O=C(CCC1(C2CCCCC2)CCCc2ccccc21)Nc1ccc2c(c1)C2
O=C(CCC1(C2CCCCC2)CCCc2ccccc21)Nc1ccccc1
O=C(CCC1(C2CCCCC2)CCCc2ccccc21)Nc1ccccc1
O=C(CCC1(C2CCCCC2)CCCc2ccccc21)Nc1ccccc1
N=C1Cc2ccc(NC(=O)CCC3(C4CCCCC4)CCCc4ccccc43)cc21
N=c1c2ccc(NC(=O)CCC3(C4CCCCC4)CCCc4ccccc43)cc12
C=C1c2ccc(NC(=O)CCC3(C4CCCCC4)CCCc4ccccc43)cc21
C=C1c2ccc(NC(=O)CCC3(C4CCCC4)CCCc4ccccc43)cc21
C=C1Cc2ccc(NC(=O)CCC3(C4CCCC4)CCCc4ccccc43)cc21
O=C(CCC1(C2CCCC2)CCCc2ccccc21)Nc1ccc2c(c1)C=C2
O=C(CCC1(C2CCC2)CCCc2ccccc21)Nc1ccc2c(c1)C=C2
O=C(CCC1(C2CCC2)CCCc2ccccc21)Nc1ccc2c(c1)C=C2
O=C(CCC1(C2CCOC2)CCCc2ccccc21)Nc1ccc2c(c1)C=C2
O=C(CCC1(C2CCOC2)CCCc2ccccc21)Nc1ccc2c(c1)C=NC2
O=C(CCC1(C2CCCOC2)CCCc2ccccc21)Nc1ccc2c(c1)C=NC2
O=C(CCC1(C2CCCOC2)CCCc2ccccc21)Nc1ccc2c(c1)C=N2
O=C(CCC1(C2CCCCC2)CCCc2ccccc21)Nc1ccc2c(c1)C=N2
O=C(CCC1(C2CCCCC2)CCCc2ccccc21)Nc1ccc2c(c1)C=N2
O=C(CCC1(C2CCCCC2)CCCc2ccccc21)Nc1ccc2oncc2c1
O=C(CCC1(C2CCCCC2)CCCc2ccccc21)Nc1ccc2oncc2c1
O=C(CCC1(C2CCCCC2)CCCCc2ccccc21)Nc1ccc2oncc2c1
O=C(CCC1(C2CCCCC2)CCCCc2ccccc21)Nc1ccc2oncc2c1
O=C(CCC1(C2CCCCC2)CCCCc2ccccc21)Nc1ccc2oncc2c1
O=C(CCC1(C2CCCC2)CCCCc2ccccc21)Nc1ccc2oncc2c1
O=C(CCC1(C2CCCC2)CCCCc2ccccc21)Nc1ccc2oncc2c1
O=C(CCC1(C2CCCC2)CCCCc2ccccc21)Nc1ccc2oncc2c1
O=C(CCC1(C2CCCC2)CCCCc2ccccc21)Nc1ccc2oncc2c1
O=C(CCC1(C2CCCC2)CCCCc2ccccc21)Nc1ccc2oncc2c1
O=C(CCC1(C2CCCC2)CCCCCc2ccccc21)Nc1ccc2oncc2c1
O=C(CCC1(C2CCC2)CCCCCc2ccccc21)Nc1ccc2oncc2c1
O=C(CCC1(C2CCC2)CCCCCc2ccccc21)Nc1ccc2oncc2c1
O=C(CCC1(C2CCCC2)CCCCCc2ccccc21)Nc1ccc2oncc2c1
O=C(CCC12CCCCCC1CCCCc1ccccc12)Nc1ccc2oncc2c1
O=C(CCC12CCCCCC1CCCCc1ccccc12)Nc1ccc2oncc2c1
O=C(CCC12CCCCCC1CCCCc1ccccc12)Nc1ccc2c(c1)C=NOC2
O=C(CCC12CCCCCC1CCCc1ccccc12)Nc1ccc2c(c1)C=NOC2
O=C(CCC12CCCCCC1CCCc1ccccc12)Nc1ccc2c(c1)C=NOC2
O=C(CCC12CCCCC1CCCc1ccccc12)Nc1ccc2c(c1)C=NOC2
N=c1oncc2cc(NC(=O)CCC34CCCCC3CCCc3ccccc34)ccc12
N=c1oncc2cc(NC(=O)CCC34CCCC3CCCc3ccccc34)ccc12
O=C(CCC12CCCC1CCCc1ccccc12)Nc1ccc2c(=O)oncc2c1
O=C(CCC12c3ccccc3CCCC1C1CC12)Nc1ccc2c(=O)oncc2c1
O=C(CCC1(C2CC2)CCCCc2ccccc21)Nc1ccc2c(=O)oncc2c1
O=C(CCC1(C2CC2)CCCc2ccccc21)Nc1ccc2c(=O)oncc2c1
O=C(CCC1(C2CCC2)CCCc2ccccc21)Nc1ccc2c(=O)oncc2c1
O=C(CCC1(C2CCCC2)CCCc2ccccc21)Nc1ccc2c(=O)oncc2c1
c1ccc(CCC(Cc2cc3ccncc3[nH]2)C2CCCC2)cc1
c1ccc(CCC(Cc2cc3ccncc3[nH]2)C2CCCC2)cc1
c1ccc(OCCCC(Cc2cc3ccncc3[nH]2)C2CCCC2)cc1
c1ccc(OCCCC(Cc2cc3ccncc3[nH]2)C2CCCC2)cc1
c1ccc(-n2c(CCC3CCCC3)cc3ccncc32)cc1
c1ccc(-n2c(CC(C3CCCC3)C3CC3)cc3ccncc32)cc1
c1ccc(-n2c(C(C3CCCC3)C3CC3)cc3ccncc32)cc1
c1ccc(-n2c(C(C3CCCC3)C3CC3)cc3ccncc32)cc1
c1ccc(-n2c(C(C3CCCC3)C3CC3)cc3ccncc32)cc1
c1ccc(-n2c(C(C3CCCC3)C3CC3)cc3ccncc32)cc1
c1ccc(-n2c(CC3CCCC3)cc3ccncc32)cc1
c1ccc(-n2c(CC3CCCC3)cc3ccncc32)cc1
c1ccc(-n2c(CC3CCCCC3)cc3ccncc32)cc1
c1ccc(-n2c(CC3CCCCC3)cc3ccncc32)cc1
c1ccc(-n2c(CC3CCCCCC3)cc3ccncc32)cc1
c1ccc(-n2c(CC3CCCCCC3)cc3ccncc32)cc1
c1ccc(-n2c(CC3CCCCCC3)cc3ccncc32)cc1
c1ccc(-n2c(CC3CCCCCC3)cc3ccncc32)cc1
c1ccc(-n2c(CC3CCCCCC3)cc3ncccc32)cc1
c1ccc(-n2c(CC3CCCCCC3)cc3ncccc32)cc1
c1ccc(-n2c(CC3CCCCCC3)cc3ncccc32)cc1
c1ccc(-n2cc(CC3CCCCCC3)c3ncccc32)cc1
c1ccc(-n2cc(CC3CCCCCC3)c3ncccc32)cc1
c1ccc(-n2nc(CC3CCCCCC3)c3ncccc32)cc1
c1ccc(-n2nc(CC3CCCCCC3)c3ncccc32)cc1
c1ccc(-n2ncc3ncc(CCCC4CCCCCC4)cc32)cc1
c1ccc(-n2ncc3ncc(CCCC4CCCCC5CCC45)cc32)cc1
c1ccc(-n2ncc3ncc(CCC4CCCCC5CCC45)cc32)cc1
C1=C2CCCCC(CCc3cnc4cnn(-c5ccccc5)c4c3)C2C1
C1=C2CCCCC(Cc3cnc4cnn(-c5ccccc5)c4c3)C2C1
c1ccc(-n2ncc3ncc(CC4CCCCC5CC45)cc32)cc1
c1ccc(-n2ncc3ncc(CC4CCCCC5CC45)cc32)cc1
c1ccc(-n2ncc3ncc(CC4CCCCC5CC45)cc32)cc1
c1ccc(-n2ncc3ncc(CC4CCCCCC5CC45)cc32)cc1
c1ccc(-n2ncc3ncc(CC4CCCCCCC4)cc32)cc1
c1ccc(-n2ncc3ccc(CC4CCCCCCC4)cc32)cc1
c1ccc(-n2ncc3ccc(CC4CCCCCC4)cc32)cc1
C1=C(CC2CCCCCC2)Cc2cnn(-c3ccccc3)c21
C1=C(CC2CCCCCCC2)Cc2cnn(-c3ccccc3)c21
C1=C(C2CCCCCCO2)Cc2cnn(-c3ccccc3)c21
C1=C(C2CCCCCCC2)Cc2cnn(-c3ccccc3)c21
C1=C(C2CCCCCC2)Cc2cnn(-c3ccccc3)c21
C1=C(C2CCCCCCC2)Cc2cnn(-c3ccccc3)c21
C1=C(C2CCCCCCC2)CCc2cnn(-c3ccccc3)c21
C1=C(C2CCCCCCC2)CCc2cnn(-c3ccccc3)c21
C1=C(C2CCCCCC2)CCc2cnn(-c3ccccc3)c21
C1=C(C2CCCCCC2)CCc2cnn(-c3ccccc3)c21
C1=C2CCCCCC2CCCc2cnn(-c3ccccc3)c21
C1=C2CCCCCC2CCc2cnn(-c3ccccc3)c21
C1=C2CCCCCC2CCc2cnn(-c3ccccc3)c21
C1=C2CCCCCC2CCc2cnn(-c3ccccc3)c21
C1=C2CCCCCC2Cc2cnn(-c3ccccc3)c21
C1=C2CCCCCC2Cc2cnn(-c3ccccc3)c21
C1=C2CCCCCC2Cc2cnn(-c3ccccc3)c21
C1=C2CCCCCC2Cc2cnn(-c3ccccc3)c21
C1=C2CCCCCC2Cc2cnn(-c3ccccc3)c21
C1=C2CCCCCC2Cc2cnn(-c3ccccc3)c21
C1=C2CCCCC2Cc2cnn(-c3ccccc3)c21
C1=C2CCCCC2Cc2cnn(-c3ccccc3)c21
C1=C2CCCCC2Cc2cnn(-c3ccccc3)c21
C1=C2CCCCC2Cc2cnn(-c3ccccc3)c21
C1=C2CCCC(CC3CCC3)C2Cc2cnn(-c3ccccc3)c21
C1=C2CCCC(CC3CCC3)C2Cc2cnn(-c3ccccc3)c21
C1=C(CC2CCCC3=Cc4c(cnn4-c4ccccc4)CC32)CC1
C1=C(CC2CCCC3=Cc4c(cnn4-c4ccccc4)CC32)CC1
C1=C(CC2CCCC3=Cc4c(cnn4-c4ccccc4)CC32)CC1
C1=C(CC2CCCC3=Cc4c(cnn4-c4ccccc4)CC32)NC1
C1=NC(CC2CCCC3=Cc4c(cnn4-c4ccccc4)CC32)=C1
C1=NC(CC2CCCC3=Cc4c(cnn4-c4ccccc4)CC32)=C1
C1=CC(CC2CCCC3=Cc4c(cnn4-c4ccccc4)CC32)=C1
C1=CC(CC2CCC3=Cc4c(cnn4-c4ccccc4)CC32)=C1
C1=C2CCC(Cc3ccsc3)C2Cc2cnn(-c3ccccc3)c21
C1=C2CCC(Cc3ccsc3)C2Cc2cnn(-c3ccccc3)c21
C1=C2CCCC(Cc3ccsc3)C2Cc2cnn(-c3ccccc3)c21
C1=C2CCCC(Cc3ccsc3)C2Cc2cnn(-c3ccccc3)c21
c1ccc(CCC(Cc2cc3ccncc3[nH]2)C2CCCC2)cc1
c1ccc(CCC(Cc2cc3ccncc3[nH]2)C2CCC2)cc1
c1ccc(CCC(Cc2cc3ccccc3[nH]2)C2CCC2)cc1
c1ccc2c(c1)OCCC2CC(Cc1cc2ccccc2[nH]1)C1CCC1
c1ccc2c(c1)CCCC2CC(Cc1cc2ccccc2[nH]1)C1CCC1
c1ccc2c(c1)CCCC2CCCc1cc2ccccc2[nH]1
c1ccc2c(c1)CCCC2CCCn1ccc2ccccc21
c1ccc2c(c1)CCCC2CCCn1ccc2ccccc21
c1ccc2c(c1)CCCC2CCCn1ccc2ccccc21
c1ccc2c(c1)CCCC2CCCn1ccc2ccccc21
c1ccc2c(c1)CCCC2CCCn1ccc2ccccc21
c1ccc2c(c1)CCCC2CCCn1ccc2ccccc21
c1ccc2c(c1)CCCC2CCCn1ccc2ccccc21
c1ccc2c(c1)CCCC2CCCn1ccc2ccccc21
c1ccc2c(c1)CCCC2CCCn1ccc2ccccc21
c1ccc2c(c1)CCCC2CCCn1ccc2ccccc21
c1ccc2c(c1)CCCC2CCCn1ccc2ccccc21
c1ccc2c(c1)CCCC2CCCn1ccc2ccccc21
c1ccc2c(c1)CCCC2CCCn1ccc2ccccc21
c1ccc2c(c1)CCCC2CCCn1ccc2ccccc21
c1ccc2c(c1)CCCC2CCCn1ccc2ccccc21
c1ccc2c(c1)CCCCC2CCCn1ccc2ccccc21
c1ccc2c(c1)CCCCC2CCCn1ccc2ccccc21
c1ccc2c(c1)CCCCC2CCCn1ccc2ccccc21
c1ccc2c(c1)CCCCC2CCCn1ccc2ccccc21
c1ccc2c(c1)CCCCC2CCCn1ccc2ccccc21
c1ccc2c(c1)CCCC2CCCn1ccc2ccccc21
c1ccc2c(c1)CCCC2CCCn1ccc2ccccc21
c1ccc2c(c1)CCCC2CCCn1ccc2ccccc21
c1ccc2c(c1)CCCC2CCCn1ccc2ccccc21
c1ccc2c(c1)CCCC2CCCn1ccc2ccccc21
c1ccc2c(c1)CCCC2CCCn1ccc2ccccc21
c1ccc2c(c1)CCCC2CCCn1ccc2ccccc21
c1ccc2c(c1)CCCC2CCCn1ccc2ccccc21
c1ccc2c(c1)CCCC2CCCn1ccc2ccccc21
c1ccc2c(c1)CCCCC2CCCn1ccc2ccccc21
c1ccc2c(c1)CCCCC2CCCn1ccc2ccccc21
c1ccc2c(c1)CCCCC2CCCn1ccc2ccccc21
c1ccc2c(c1)CCCCC2CCCn1ccc2ccccc21
c1ccc2c(c1)CCCCCC2CCCn1ccc2ccccc21
c1ccc2c(c1)CCCCCC2CCCn1ccc2ccccc21
c1ccc2c(c1)CCCCCC2CCCn1ccc2ccccc21
c1ccc2c(c1)CCCCCC2CCCn1ccc2ccccc21
c1ccc2c(c1)CCCCCC2CCCn1ccc2ccccc21
c1ccc2c(c1)CCCCC2CCCn1ccc2ccccc21
c1ccc2c(c1)CCCCC2CCCn1ccc2ccccc21
c1ccc2c(c1)CCCCC2CCCn1ccc2ccccc21
c1ccc2c(c1)CCCC2CCCn1ccc2ccccc21
c1ccc2c(c1)CCCC2CCCn1ccc2ccccc21
c1ccc2c(c1)CCCC2CCCn1ccc2ccccc21
c1ccc2c(c1)CCCC2CCCn1ccc2ccccc21
c1ccc2c(c1)CCCC2CCCn1ccc2ccccc21
c1ccc2c(c1)CCCC2CCCn1ccc2ccccc21
c1ccc2c(c1)CCCC2CCCn1ccc2ccccc21
c1ccc2c(c1)CCCC2CCCn1ccc2ccccc21
c1ccc2c(c1)CCCC2CCCCn1ccc2ccccc21
O=c1ccn(CCCCC2CCCc3ccccc32)c2ccccc12
O=c1ccn(CCCCC2CCCc3ccccc32)c2ccccc12
O=c1ccn(CCCC2CCCc3ccccc32)c2ccccc12
O=c1ccn(CCCC2CCCc3ccccc32)c2ccccc12
c1ccc(CCC(Cc2cc3ccncc3[nH]2)C2CCCC2)cc1
c1ccc(CCCCc2cc3ccncc3[nH]2)cc1
C=C(CCCCc1ccccc1)Nc1cccnc1
C=C(CCCCc1ccccc1)Nc1cccnc1
C(=CNc1cccnc1)CCCc1ccccc1
C(=CNc1cccnc1)CCCc1cccc2c1OCC2
C(=CNc1cccnc1)CCCc1cccc2c1OCC2
C(=CNc1cccnc1)CCCc1cccc2c1OCC2
C(=CNc1cccnc1)CCCc1cccc2c1OCC2
C(=CNc1ccccc1)CCCc1cccc2c1OCC2
C(=CNc1ccccc1)CCCc1cccc2c1OCC2
C(=CNc1ccccc1)CCCc1cccc2c1OCC2
C(=CNc1ccccc1)CCCc1cccc2c1OCC2
C(=CNc1ccccc1)CCCc1cccc2c1OCC2
C=C(CCCc1cccc2c1OCC2)Nc1ccccc1
C=C(CCCc1cccc2c1OCC2)Nc1ccccc1
C=C(CCCc1cccc2c1OCC2)Nc1ccccc1
C=C(CCCc1cccc2c1OCC2)Nc1ccccc1
O=C(CCCc1cccc2c1OCC2)Nc1ccccc1
O=C(CCCc1cccc2c1OCC2)Nc1ccccc1
O=C(CCCc1cccc2c1OCC2)Nc1ccccc1
O=C(CCCc1cccc2c1OCC2)Nc1ccccc1
O=C(CCCc1cccc2c1OCC2)Nc1ccccc1
O=C(CCCc1cccc2c1OCC2)Nc1ccccc1
O=C(CCCc1cccc2c1OCC2)Nc1ccccc1
O=C(CCCc1cccc2c1OCC2)Nc1ccccc1
O=C(CCCc1cccc2c1OCC2)Nc1ccc2c(c1)CC2
O=C(CCCc1cccc2c1OCC2)Nc1ccc2c(c1)CC2
O=C(CCCc1cccc2c1OCC2)Nc1ccc2c(c1)CC2
O=C(CCCc1cccc2c1OCC2)Nc1ccc2c(c1)CC2
O=C(CCCc1cccc2c1OCC2)Nc1ccc2c(c1)C=C2
O=C(CCCc1cccc2c1OCC2)Nc1ccc2c(c1)C=C2
O=C(CCCc1cccc2c1OCC2)Nc1ccc2c(c1)C=C2
O=C(CCCc1cccc2c1OCC2)Nc1ccc2c(c1)C=C2
O=C(CCCc1cccc2c1OCC2)Nc1ccc2c(c1)C=C2
O=C(CCCc1cccc2c1OCC2)Nc1cccc(C2=CC2)c1
O=C(CCCc1cccc2c1OCC2)Nc1cccc(C2=CC2)c1
O=C(CCCc1cccc2c1OCC2)Nc1cccc(C2=CC2)c1
O=C(CCCc1cccc2c1OCC2)Nc1cccc(C2=CC2)c1
O=C(CCCc1cccc2c1OCC2)Nc1cccc(C2=CC2)c1
O=C(CCCc1cccc2c1OCC2)Nc1ccc2cnc3c(c2c1)C3
O=C(CCCc1cccc2c1OCC2)Nc1ccc2cnccc2c1
O=C(CCCc1cccc2c1OCC2)Nc1ccc2c(c1)CCN=C2
O=C(CCCc1cccc2c1OCC2)Nc1ccc2c(c1)CCN=C2
O=C(CCCc1cccc2c1OCC2)Nc1ccc2c(c1)CN=C2
O=C(CCCc1cccc2c1OCC2)Nc1ccc2c(c1)C=NC2
O=C(CCCc1cccc2c1OCC2)Nc1ccc2c(c1)C=NOC2
O=C(CCCc1cccc2c1OCC2)Nc1ccc2c(c1)C=NOC2
O=C(CCCc1cccc2c1OCC2)Nc1ccc2c(c1)C=NOC2
O=C(CCCc1cccc2c1OCC2)Nc1ccc2c(=O)oncc2c1
c1ccc(CCC(Cc2cc3ccncc3[nH]2)C2CCCC2)cc1
c1ccc(CCCCc2cc3ccncc3[nH]2)cc1
c1ccc(CCCCc2cc3ccncc3[nH]2)cc1
C=C(CCCCc1ccccc1)Nc1cccnc1
C=C(NCCCCc1ccccc1)Nc1cccnc1
C=C(NCCCCc1ccccc1)Nc1cccnc1
C=C(NCCCCc1ccccc1)Nc1cccnc1
C=C(NCCCCc1ccccc1)c1cccnc1
O=C(NCCCCc1ccccc1)c1cccnc1
O=C(NCCCCc1ccccc1)c1cncc2c1N2
O=C(NCCCCc1ccccc1)c1cncc2c1N2
O=C(NCCCCc1ccccc1)c1cncc2c1N2
O=C(NCCCCc1ccccc1)C1=C2NC2N=C1
O=C(NCCCCc1ccccc1)C1=CCN=C1
O=C(NCCCCc1ccccc1)C1=CN=C1
O=C(NCCCCc1ccccc1)C1=CN=C1
O=C(NCCCCc1ccccc1)c1cn[nH]c1
O=C(NCCCCc1ccccc1)c1cn[nH]c1
O=C(NCCCCc1ccccc1)c1cn[nH]c1
O=C(NCCCCc1ccccc1)c1cn[nH]c1
O=C(NCCCCc1ccccc1)c1cn[nH]c1
O=C(NCCCCc1ccccc1)c1cn[nH]c1
O=C(NCCCCc1ccccc1)c1cn[nH]c1
O=C(NCCCCc1ccccc1)c1cn[nH]c1
O=C(NCCCCc1ccccc1)c1cn[nH]c1
O=C(NCCCCc1ccccc1)c1cn[nH]c1
O=C(NCCCCc1ccccc1)c1cnn(C2=CC2)c1
O=C(NCCCCc1ccccc1)c1cnn(C2=CC2)c1
O=C(NCCCCc1ccccc1)c1cnn(C2=CC2)c1
O=C(NCCCCc1ccccc1)c1cnn(C2=CCC2)c1
O=C(NCCCCc1ccccc1)c1cnn(C2=CC=C2)c1
O=C(NCCCCc1ccccc1)c1cnn(C2=CC=C2)c1
O=C(NCCCCc1ccccc1)c1cnn(C2=CC=C2)c1
O=C(NCCCCc1ccccc1)c1cnn(C2=CC=C2)c1
O=C(NCCCCc1ccccc1)c1cnn(C2=CC=C2)c1
O=C(NCCCCc1ccccc1)c1cnn(C2=CC=C2)c1
O=C(NCCCCc1ccccc1)c1cnn(C2=CC=C2)c1
O=C(NCC(CCc1ccccc1)CN1CC1)c1cnn(C2=CC=C2)c1
O=C(NCC(CCc1ccccc1)CN1CC1)c1cnn(C2=CC=C2)c1
O=C(NCC(CCc1ccccc1)CN1CC1)c1cnn(C2=CC=C2)c1
O=C(NCC(CCc1ccccc1)CC1CC1)c1cnn(C2=CC=C2)c1
O=C(NCC(CCc1ccccc1)CCC1CC1)c1cnn(C2=CC=C2)c1
O=C(NCC(CCc1ccccc1)CC1C2CC12)c1cnn(C2=CC=C2)c1
O=C(NCC(CCc1ccccc1)CC1CCC1)c1cnn(C2=CC=C2)c1
O=C(NCC(CCc1ccccc1)CC1CCC1)c1cnn(C2=CC=C2)c1
O=C(NCC(CCc1ccccc1)CC1CCC1)c1cnn(C2=CC=C2)c1
O=C(NCC(CCc1ccccc1)CC1CCC1)c1cnn(C2=CC=C2)c1
O=C(NCC(CCc1ccccc1)CC1CCC1)c1cnn(C2=CC=C2)c1
O=C(NCCCCc1ccccc1)c1cnn(C2=CC=C2)c1
O=C(NCCCCc1ccccc1)c1cnn(C2=CC=C2)c1
O=C(NCCCCc1ccccc1)c1cnn(C2=CC=C2)c1
O=C(NCCCCc1ccccc1)c1cnn(C2=CC=C2)c1
O=C(NCCCCc1ccccc1)c1cnn(C2=CC=C2)c1
O=C(NCCCCc1ccccc1)c1cnn(C2=CC=C2)c1
O=C(NCCCCc1ccccc1)c1cnn(C2=CC=C2)c1
O=C(NCCCCc1ccccc1)c1cnn(C2=CC=C2)c1
O=C(NCCCCc1ccccc1)c1cnn(C2=CC=C2)c1
O=C(NCCCCc1ccccc1)c1cnn(C2=CC=C2)c1
O=C(NCCCCc1ccccc1)c1cnn(C2=CC=C2)c1
O=C(NCCCCc1ccccc1)c1cnn(C2=CC=C2)c1
O=C(NCCCCc1ccccc1)c1cnn(C2=CC=C2)c1
O=C(NCCCCc1ccccc1)c1cnn(C2=CC=C2)c1
O=C(NCCCCc1ccccc1)c1cnn(C2=C3CCC3=C2)c1
O=C(NCCCCc1ccccc1)c1cnn(C2=C3CC3=C2)c1
O=C(NCCCCc1ccccc1)c1cnn(C2=CCC=C2)c1
O=C(NCCCCc1ccccc1)c1cnn(C2=C3OC3C=C2)c1
O=C(NCCCCc1ccccc1)c1cnn(C2=COCC=C2)c1
O=C(NCCCCc1ccccc1)c1cnn(C2=CCCC=C2)c1
O=C(NCCCCc1ccccc1)c1cnn(C2=CCCC=C2)c1
O=C(NCCCCc1ccccc1)c1cnn(C2=CCC=C2)c1
O=C(NCCCCc1ccccc1)c1cnn(C2=CCC=C2)c1
O=C(NCCCCc1ccccc1)c1cnn(C2=CCCC=C2)c1
O=C(NCCCCc1ccccc1)c1cnn(C2=CCCC=C2)c1
O=C(NCCCCc1ccccc1)c1cnn(-c2ccccc2)c1
O=C(NCCCCc1ccccc1)c1cnn(-c2ccccc2)c1
O=C(NCCCCc1ccccc1)c1cnn(-c2ccccc2)c1
C1=C2CCCC(Cc3csc4ccccc34)C2Cc2cnn(-c3ccccc3)c21
C1=C2CCCC(Cc3csc4ccccc34)C12Cc1cnn(-c2ccccc2)c1
C1=C2CCCC(Cc3csc4ccccc34)C12Cc1ccn(-c2ccccc2)c1
C1=CC1(Cc1ccn(-c2ccccc2)c1)C1CCc2cccc3scc(c23)C1
c1ccc(-n2ccc(CCC3CCc4cccc5scc(c45)C3)c2)cc1
c1ccc(-n2ccc(CC3CCc4cccc5scc(c45)C3)c2)cc1
c1ccc(-n2ccc(CC3CCc4cccc5scc(c45)C3)c2)cc1
c1ccc(-n2ccc(CC3Cc4csc5cccc(c45)CCO3)c2)cc1
c1ccc(-n2ccc(CC3Cc4csc5cccc(c45)CCO3)c2)cc1
c1ccc(-n2ccc(CC3Cc4csc5cccc(c45)CCO3)c2)cc1
c1ccc(-n2ccc(CCC3Cc4csc5cccc(c45)CCO3)c2)cc1
c1ccc(-n2ccc(CCC3Cc4csc5cccc(c45)CCO3)c2)cc1
c1ccc(-n2ccc(CCC3Cc4csc5cccc(c45)CCO3)c2)cc1
c1ccc(-n2ccc(CCC3CCc4ccccc4CCO3)c2)cc1
c1ccc(-n2ccc(CCC3COc4ccccc4CCO3)c2)cc1
c1ccc(Cn2ccc(CCC3COc4ccccc4CCO3)c2)cc1
c1ccc(Cn2ccc(CCC3COc4ccccc4CCO3)c2)cc1
c1ccc(Cn2ccc(CCC3COc4ccccc4CCO3)c2)cc1
c1ccc(Cn2ccc(CCCc3cccc4c3OCCOCC4)c2)cc1
c1ccc(Cn2ccc(CCCc3cccc4c3OCCOCC4)c2)cc1
c1ccc(Cn2ccc(CCCc3cccc4c3OCCOCC4)c2)cc1
c1ccc(Cn2ccc(CCCc3cccc4c3OCCOCC4)c2)cc1
c1ccc(Cn2ccc(CCCc3cccc4c3OCCOCC4)c2)cc1
c1ccc(Cn2ccc(CCCc3cccc4c3OCCOCC4)c2)cc1
c1ccc(Cn2ccc(CCCc3cccc4c3OCCOCC4)c2)cc1
c1ccc(Cn2ccc(CCCc3cccc4c3OCCOCC4)c2)cc1
c1ccc(Cn2ccc(CCCc3cccc4c3OCCOCC4)c2)cc1
c1ccc(Cn2ccc(CCCCc3cccc4c3OCCOCC4)c2)cc1
c1ccc(Cn2ccc(CCCCc3cccc4c3OCCOCC4)c2)cc1
c1ccc(Cn2ccc(CCCc3cccc4c3OCCOCC4)c2)cc1
c1ccc(Cn2ccc(CCCc3cccc4c3OCCOCC4)c2)cc1
c1ccc(Cn2ccc(CCCc3cccc4c3OCCOCC4)c2)cc1
c1ccc(Cn2ccc(CCCc3cccc4c3OCCOCC4)c2)cc1
c1ccc(Cn2ccc(CCCc3cccc4c3OCCCCC4)c2)cc1
c1ccc(Cn2ccc(CCCc3cccc4c3OCCCC4)c2)cc1
c1ccc(Cn2ccc(CCCc3cccc4c3OCCC4)c2)cc1
c1ccc(Cn2ccc(CCCc3cccc4c3OCC4)c2)cc1
c1ccc(Cn2ccc(CCCc3cccc4c3OCC4)c2)cc1
c1ccc(CCn2ccc(CCCc3cccc4c3OCC4)c2)cc1
c1ccc(CCCn2ccc(CCCc3cccc4c3OCC4)c2)cc1
c1ccc(CCCn2ccc(CCCc3cccc4c3OCC4)c2)cc1
c1ccc(CCCn2ccc(CCCc3cccc4c3OCC4)c2)cc1
c1cc(CCCc2cc[nH]c2)c2c(c1)CCO2
c1cc(CCCc2cc[nH]c2)c2c(c1)CCO2
c1cc(CCCc2cc[nH]c2)c2c(c1)CCO2
c1cc(CCCc2cc[nH]c2)c2c(c1)CCO2
c1cc(CCCc2cc[nH]c2)c2c(c1)CCO2
c1cc(CCCCc2cc[nH]c2)c2c(c1)CCO2
c1cc(CCCCc2cc[nH]c2)c2c(c1)CCO2
c1cc(CCCCc2cc[nH]c2)c2c(c1)CCO2
c1cc(CCCCc2cc[nH]c2)c2c(c1)CCO2
c1cc(CCCCc2cc[nH]c2)c2c(c1)CCO2
c1cc(CCCCCCCCCCn2cccc2)c2c(c1)CCO2
c1cc(CCCCCCn2cccc2)c2c(c1)CCO2
c1cc(CCCCCCn2cccc2)c2c(c1)CCO2
c1cc(CCCCCn2cccc2)c2c(c1)CCO2
c1cc(CCCCCn2cccc2)c2c(c1)CCO2
c1cc(CCCCn2cccc2)c2c(c1)CCO2
c1cc(CCCCn2cccc2)c2c(c1)CCO2
c1cc(CCCCn2cccc2)c2c(c1)CCO2
c1cc(CCCCn2cccc2)c2c(c1)CCO2
c1cc(CCCCn2cccc2)c2c(c1)CCO2
c1cc(CCCCn2cccc2)c2c(c1)CCO2
c1cc(CCCCn2cccc2)c2c(c1)CCO2
c1cc(CCCCn2cccc2)c2c(c1)CCO2
c1cc(CCCCn2cccc2)c2c(c1)CCO2
c1cc(CCCCn2cccc2)c2c(c1)CCO2
c1cc(CCCCn2cccc2)c2c(c1)CCO2
c1cc(CCCCn2cccc2)c2c(c1)CCO2
c1cc(CCCCn2cccc2)c2c(c1)CCO2
c1cc(CCCCn2cccc2)c2c(c1)CCO2
c1cc(CCCCn2cccc2)c2c(c1)CCO2
c1cc(CCCCn2cccc2)c2c(c1)CCO2
c1cc(CCCCn2cccc2)c2c(c1)CCO2
c1cc(CCCCn2cccc2)c2c(c1)CCO2
c1cc(CCCCn2cccc2)c2c(c1)CCO2
c1cc(CCCCn2cccc2)c2c(c1)CCO2
c1cc(CCCCn2cccc2)c2c(c1)CCO2
c1cc(CCCCn2cccc2)c2c(c1)CCO2
c1cc(CCCCn2cccc2)c2c(c1)CCO2
c1cc(CCCCn2cccc2)c2c(c1)CCO2
O=c1ccn(CCCCc2cccc3c2OCC3)cc1
O=C1CNc2c(cc(-c3cccc4nccn34)c3c2CCC3)C1
O=C1CNc2c(cc(-c3cccc4nccn34)c3c2CCC3)C1
O=C1CNc2c(cc(-c3cccc4nccn34)c3c2CCC3)C1
O=C1CNc2c(cc(-c3cccc4nccn34)c3c2CCO3)C1
c1cc2c(c(-c3cccc4nccn34)c1)OCC2
c1cc2c(c(-c3cccc4nccn34)c1)OCC2
c1cc2c(c(-c3cccc4nccn34)c1)OCC2
N=c1cccc(-c2cccc3c2OCC3)[nH]1
N=c1cccc(-c2cccc3c2OCC3)[nH]1
N=c1cccc(-c2cccc3c2OCC3)[nH]1
N=c1cccc(-c2cccc3c2OCC3)[nH]1
N=c1cccc(-c2cccc3c2OCC3)[nH]1
C1=CCNC(c2cccc3c2OCC3)=C1
C1=CCNC(c2cccc3c2OCC3)=C1
C1=CCNC(c2cccc3c2OCC3)=C1
c1ccc(-c2cccc3c2OCC3)nc1
c1ccc(-c2cccc3c2OCC3)nc1
c1ccc(-c2cccc3c2OCC3)nc1
c1ccc(-c2cccc3c2OCC3)cc1
c1ccc(-c2cccc3c2OCC3)cc1
c1ccc(-c2cccc3c2OCC3)cc1
c1ccc(-c2cccc3c2OCC3)cc1
c1ccc(-c2cccc3c2OCC3)cc1
c1ccc(-c2cccc3c2OCC3)cc1
c1ccc(CCc2cccc3c2OCC3)cc1
O=C(CCCc1cccc2c1OCC2)Nc1ccccc1
O=C(CCCc1cccc2c1OCC2)Nc1ccccc1
O=C(CCCc1cccc2c1OCC2)Nc1ccccc1
O=C(CCCc1cccc2c1OCC2)Nc1ccccc1
O=C(CCCc1cccc2c1OCC2)Nc1ccc2c(c1)CC2
O=C(CCCc1cccc2c1OCC2)Nc1ccc2c(c1)C=C2
O=C(CCCc1cccc2c1OCC2)Nc1ccc2c(c1)C=C2
O=C(CCCc1cccc2c1OCC2)Nc1ccc2c(c1)C=C2
O=C(CCCc1cccc2c1OCC2)Nc1ccc2c(c1)C=C2
O=C(CCCc1cccc2c1OCC2)Nc1ccc2c(c1)C=C2
O=C(CCCc1cccc2c1OCC2)Nc1ccc2c(c1)C=C2
O=C(CCCc1cccc2c1OCC2)Nc1ccc2c(c1)C=C2
O=C(CCCc1cccc2c1OCC2)Nc1ccc2c(c1)C=C2
O=C(CCCc1cccc2c1OCC2)Nc1ccc2c(c1)C=C2
O=C(CCCc1cccc2c1OCC2)Nc1ccc2c(c1)C=C2
O=C(CCCc1cccc2c1OCC2)Nc1ccc2c(c1)C=NCC2
O=C(CCCc1cccc2c1OCC2)Nc1ccc2c(c1)C=NOCC2
O=C(CCCc1cccc2c1OCC2)Nc1ccc2c(c1)C=NOC2
O=C(CCCc1cccc2c1OCC2)Nc1ccc2c(c1)C=NOC2
O=c1oncc2cc(NCCCCc3cccc4c3OCC4)ccc12
O=c1oncc2cc(NCCCCc3cccc4c3OCC4)ccc12
O=c1oncc2cc(NCCCCc3cccc4c3OCC4)ccc12
O=c1oncc2cc(NCCCCCc3cccc4c3OCC4)ccc12
O=c1oncc2cc(NCCCCCc3cccc4c3OCC4)ccc12
O=c1oncc2cc(NCCCCCc3cccc4c3OCC4)ccc12
O=c1oncc2cc(NCCCCc3cccc4c3OCC4)ccc12
O=c1oncc2cc(NCCCCc3cccc4c3OCC4)ccc12
O=c1oncc2cc(NCCCc3cccc4c3OCC4)ccc12
O=c1oncc2cc(NCCCc3cccc4c3OCC4)ccc12
O=c1oncc2cc(NCCCc3cccc4c3OCC4)ccc12
O=c1oncc2cc(NCCCCc3cccc4c3OCC4)ccc12
O=c1oncc2cc(NCCCCc3cccc4c3OCC4)ccc12
O=C(CCCc1cccc2c1OCC2)Nc1ccc2c(=O)oncc2c1
O=C(CCCc1cccc2c1OCC2)Nc1ccc2c(=O)oncc2c1
O=C(CCCc1cccc2c1OCC2)Nc1ccc2c(=O)oncc2c1
O=C(CCCc1cccc2c1OCC2)Nc1ccc2c(=O)oncc2c1
O=C(CCCc1cccc2c1OCC2)Nc1ccc2c(=O)oncc2c1
O=C(CCCc1cccc2c1OCC2)Nc1ccc2c(=O)oncc2c1
O=C(CCCc1cccc2c1OCC2)Nc1ccc2c(=O)oncc2c1
O=C(CCCc1cccc2c1OCC2)Nc1ccc2c(=O)oncc2c1
O=C(CCCc1cccc2c1OCC2)Nc1ccc2c(=O)oncc2c1
O=C(CCCc1cccc2c1OCC2)Nc1ccc2c(=O)oncc2c1
O=C(CCCc1cccc2c1OCC2)Nc1ccc2c(=O)oncc2c1
O=C(CCCCc1cccc2c1OCC2)Nc1ccc2c(=O)oncc2c1
O=C(CCCCc1cccc2c1OCC2)Nc1ccc2c(=O)oncc2c1
O=C(CCCc1cccc2c1OCC2)Nc1ccc2c(=O)oncc2c1
O=C(CCCc1cccc2c1OCC2)Nc1ccc2c(=O)oncc2c1
O=C(CCCc1cccc2c1OCC2)Nc1ccc2c(=O)oncc2c1
O=C1C=C2CCC3C(=C2CC1)C(c1ccccc1)CC1CCCC13
O=C1C=C2CCC3C(=C2CC1)C(c1ccccc1)CC1CCCC13
O=C1C=C2CCC3CCCC(c4ccccc4)C3=C2CC1
O=C1C=C2CCC3CCCC(c4ccccc4)C3=C2CC1
O=C1C=C2CCC3CCCC(c4ccccc4)C3=C2CC1
O=C1C=C2CCC(CCCCc3ccccc3)C=C2CC1
O=C1C=C2CCC(CCCCc3ccccc3)C=C2CC1
O=C1C=C2CCC(CCCCc3ccccc3)C=C2CO1
O=C1C=C2CCC(CCCCc3ccccc3)C=C2CO1
O=C1C=C2CCC(CCCCc3ccccc3)C=C2CO1
O=C1C=C2CC(CCCCc3ccccc3)C=C2CO1
O=C1C=C2CC(CCCCc3ccccc3)C=C2CO1
O=C1C=C2CC(CCCCc3ccccc3)C=C2CO1
O=C1C=C2CC(CCCCc3ccccc3)C=C2CO1
O=C1OCC2=CC(CCCCc3ccccc3)CC=C12
O=C1OCC2=CC(CCCNc3ccccc3)CC=C12
O=C1OCC2=CCC(CCCNc3ccccc3)C=C12
O=C1OCC2=CC(C3CC3)C(CCCNc3ccccc3)C=C12
O=C1OCC2=CC(CCCNc3ccccc3)C(C3CC3)C=C12
O=C1OCC2=CC(CCCNc3ccccc3)CC=C12
O=C1OCC2=CC(CCCNc3ccccc3)CC=C12
O=C1OCC2=CC(CCCNc3ccccc3)CC=C12
O=C1OCC2=CC(CCCNc3ccccc3)CC=C12
O=C1OCC2=CC(C(=O)CCNc3ccccc3)CC=C12
O=C1OCC2=CC(C(=O)CCNc3ccccc3)C=C12
O=C(CCC1C=C2COC(=O)C2=C1)Nc1ccccc1
O=C(CCC1C=C2COC(=O)C2=CC1)Nc1ccccc1
O=C(CCC1CC=C2COC(=O)C2=CC1)Nc1ccccc1
O=C(CCC1=CC=C2C(=O)OCC2=CC1)Nc1ccccc1
O=C(CCc1ccc2c(c1)COC2=O)Nc1ccccc1
O=C(CCc1ccc2c(c1)COC2=O)Nc1ccccc1
O=C(CCc1ccc2c(c1)COC2=O)Nc1ccccc1
O=C(CCc1ccc2c(c1)COC2=O)Nc1ccccc1
O=C(CCc1ccc2c(c1)COC2=O)Nc1ccccc1
O=C(CCc1ccc2c(c1)COC2=O)Nc1ccccc1
O=C(CCc1ccc2c(c1)COC2=O)Nc1ccccc1
O=C(CCCc1ccc2c(c1)COC2=O)Nc1ccccc1
O=C(CCCc1ccc2c(c1)COC2=O)Nc1ccccc1
O=C(CCCc1ccc2c(c1)COC2=O)Nc1ccccc1
O=C(CCCc1ccc2c(c1)COC2=O)Nc1ccccc1
O=C(CCCc1ccc2c(c1)COC2=O)Nc1ccccc1
O=C(CCCc1ccc2c(c1)COC2=O)Nc1ccccc1
O=C(CCCc1ccc2c(c1)COC2=O)Nc1ccccc1
O=C(CCCc1ccc2c(c1)COC2=O)Nc1ccccc1
O=C(CCCc1ccc2c(c1)COC2=O)Nc1ccccc1
O=C(CCCc1ccc2c(c1)COC2=O)Nc1ccccc1
O=C(CCCc1ccc2c(c1)COC2=O)Nc1ccccc1
O=C(CCCc1ccc2c(c1)COC2=O)Nc1ccccc1
O=C(CCCc1ccc2c(c1)COC2=O)Nc1ccccc1
O=C(CCCCc1ccc2c(c1)COC2=O)Nc1ccccc1
O=C(CCCCc1ccc2c(c1)COC2=O)Nc1ccccc1
O=C(CCCCCc1ccc2c(c1)COC2=O)Nc1ccccc1
O=C(CCCCCc1ccc2c(c1)COC2=O)Nc1ccccc1
O=C(CCC=CCc1ccc2c(c1)COC2=O)Nc1ccccc1
O=C(CCC=CCc1ccc2c(c1)COC2=O)Nc1ccccc1
O=C(CCC=CCc1ccc2c(c1)COC2=O)Nc1ccccc1
O=C(CCCCCc1ccc2c(c1)COC2=O)Nc1ccccc1
O=C(CCCCc1ccc2c(c1)COC2=O)Nc1ccccc1
O=C(CCCc1ccc2c(c1)COC2=O)Nc1ccccc1
O=C(CCCc1ccc2c(c1)COC2=O)Nc1ccccc1
O=C(CCCNc1ccc2c(c1)COC2=O)Nc1ccccc1
O=C(CCCNc1ccc2c(c1)COC2=O)Nc1ccccc1
O=C(CCCNc1ccc2c(c1)COC2=O)Nc1cccc(CCC2CC2)c1
O=C(CCCNc1ccc2c(c1)COC2=O)Nc1cccc(CCCC2CC2)c1
O=C(CCCNc1ccc2c(c1)COC2=O)Nc1cccc(CCCC2CC2)c1
O=C(CCCNc1ccc2c(c1)COC2=O)Nc1ccccc1
O=C(CCNc1ccc2c(c1)COC2=O)Nc1ccccc1
O=C(CCNc1ccc2c(c1)COC2=O)Nc1ccccc1
O=C(CCNc1ccc2c(c1)COC2=O)Nc1ccccc1
O=C(CCNc1ccc2c(c1)COC2=O)Nc1ccccc1
O=C(CCNc1ccc2c(c1)COC2=O)Nc1cccc(CCC2CCCC2)c1
O=C(CCNc1ccc2c(c1)COC2=O)Nc1cccc(CCC2CCC2)c1
O=C(CCNc1ccc2c(c1)COC2=O)Nc1cccc(CCC2CCC2)c1
O=C(CCNc1ccc2c(c1)COC2=O)Nc1ccccc1
O=C(CCNc1ccc2c(c1)COC2=O)Nc1ccccc1
O=C(CCNc1ccc2c(c1)COC2=O)Nc1ccccc1
O=C(CCNc1ccccc1)Nc1ccc2c(c1)COC2=O
O=C(CCNc1ccccc1)Nc1ccc2c(c1)COC2=O
O=C(CCNc1ccccc1)Nc1ccc2c(c1)COC2=O
O=C(CCCCCc1ccccc1)Nc1ccc2c(c1)COC2=O
O=C(CCCCCc1ccccc1)Nc1ccc2c(c1)COC2=O
O=C(CCCCCc1ccccc1)Nc1ccc2c(c1)COC2=O
O=C(CCCCCc1ccccc1)Nc1ccc2c(c1)COC2=O
O=C(CCCCc1ccccc1)Nc1ccc2c(c1)COC2=O
O=C(CCCCc1ccccc1)Nc1ccc2c(c1)COC2=O
O=C(CCCCc1ccccc1)Nc1ccc2c(c1)COC2=O
O=C(CCCc1ccccc1)Nc1ccc2c(c1)COC2=O
O=C1C=C2CCC3C(=C2CC1)C(c1ccccc1)CC1CCCC13
C1=C2C(c3ccccc3)CC3CCCC3C2CCC1
C1=C2C(c3ccccc3)CC3CCCC3C2CCC1
C1=C2C(CCC1)CCCC2c1ccccc1
C1=C2C(CCC1)CCCC2c1ccccc1
c1ccc(C2CCCCC2)cc1
c1ccccc1
c1ccccc1
c1ccccc1
c1ccccc1
c1ccccc1
c1ccccc1
c1ccccc1
c1ccccc1
c1ccccc1
c1ccccc1
c1ccccc1
c1ccccc1
c1ccccc1
c1ccccc1
c1ccccc1
c1ccccc1
c1ccccc1
c1ccccc1
c1ccccc1
c1ccccc1
c1ccccc1
c1ccccc1
c1ccccc1
c1ccccc1
c1ccccc1
c1ccccc1
c1ccccc1
c1ccccc1
c1ccccc1
c1ccccc1
c1ccccc1
c1ccccc1
c1ccccc1
c1ccccc1
c1ccccc1
c1ccccc1
c1ccccc1
c1ccccc1
c1ccccc1
c1ccccc1
O=C(NCCCCCCc1ccccc1)c1n[nH][nH]1
O=C(NCCCCCCc1ccccc1)c1n[nH][nH]1
O=C(NCCCCCCc1ccccc1)c1n[nH][nH]1
O=C(NCCCCCCc1ccccc1)C1=NN1
O=C(NCCCCCCc1ccccc1)C1=NN1
O=C(NCCCCCCc1ccccc1)C1=NN1
O=C(NCCCCCCc1ccccc1)C1=NN1
O=C(NCCCCCCc1ccccc1)C1=CN1
O=C(NCCCCCCc1ccccc1)C1=CN1
O=C(NCCCCCCc1ccccc1)C1=CN1
O=C(NCCCCCCc1ccccc1)C1=CN1
O=C(NCCCCCCc1ccccc1)C1=CN1
O=C(NCCCCCCc1ccccc1)C1=CN1
O=C(NCCCCCCc1ccccc1)C1=CN1
O=C(NCCCCCCc1ccccc1)C1=CN1
O=C(NCCCCCCc1ccccc1)C1=CN1
O=C(NCCCCCCc1ccccc1)C1=CNC1
O=C(NCCCCCCc1ccccc1)C1=CNC1
O=C(NCCCCCCc1ccccc1)C1=CNCC1
O=C(NCCCCCCc1ccccc1)C1=CNCC1
O=C(NCCCCCCc1ccccc1)C1=CNCC1
O=C(NCCCCCCc1ccccc1)C1=CNCC1
O=C(NCCCCCCc1ccccc1)c1cc[nH]c1
O=C(NCCCCCCc1ccccc1)c1cc[nH]c1
O=C(NCCCCCCc1ccccc1)c1cc[nH]c1
O=C(NCCCCCCc1ccccc1)c1cn[nH]c1
O=C(NCCCCCCCc1ccccc1)c1cn[nH]c1
O=C(NCCCCCCCc1ccccc1)c1cn[nH]c1
O=C(NCCCCCCc1ccccc1)c1cn[nH]c1
O=C(NCCCCCCc1ccccc1)c1cn[nH]c1
O=C(NCCCCCCc1ccccc1)c1cn[nH]c1
O=C(NCCCCCCc1ccccc1)c1cn[nH]c1
O=C(NCCCCCCc1ccccc1)c1cn[nH]c1
O=C(NCCCCCCc1ccccc1)c1cn[nH]c1
O=C(NCCCCCCc1ccccc1)c1cn[nH]c1
O=C(NCCCCCCc1ccccc1)c1cn[nH]c1
O=C(NCCCCCCc1ccccc1)c1cn[nH]c1
O=C(NCCCCCCc1ccccc1)c1cn[nH]c1
O=C(NCCCCCCc1ccccc1)c1cn[nH]c1
O=C(NCCCCCCc1ccccc1)c1cn[nH]c1
O=C(NCCCCCCc1ccccc1)c1cn[nH]c1
O=C(NCCCCCCc1ccccc1)c1cn[nH]c1
O=C(NCCCCCCc1ccccc1)c1cnn(C2CCC2)c1
O=C(NCCCCCCc1ccccc1)c1cnn(C2CCC2)c1
O=C(NCCCCCCc1ccccc1)c1cnn(C2CCC2)c1
O=C(NCCCCCCc1ccccc1)c1cnn(C2CC2)c1
O=C(NCCCCCCc1ccccc1)c1cnn(C2=CC2)c1
O=C(NCCCCCCc1ccccc1)c1cnn(C2=CC2)c1
O=C(NCCCCCCc1ccccc1)c1cnn(C2=CC2)c1
O=C(NCCCCCCc1ccccc1)c1cnn(C2=CC2)c1
O=C(NCCCCc1ccccc1)c1cnn(C2=CC2)c1
O=C(NCCCCc1ccccc1)c1cnn(C2=CC2)c1
O=C(NCCCCc1ccccc1)c1cnn(C2=CC2)c1
O=C(NCCCCc1ccccc1)c1cnn(C2=CC2)c1
O=C(NCCCCc1ccccc1)c1cnn(C2=CC2)c1
O=C(NCCCCc1ccccc1)c1cnn(C2=CC2)c1
O=C(NCCCCc1ccccc1)c1cnn(C2=CC2)c1
O=C(NCCCCc1ccccc1)c1cnn(C2=CC2)c1
O=C(NCCCCc1ccccc1)c1cnn(C2=CC2)c1
O=C(NCCCCc1ccccc1)c1cnn(C2=CC2)c1
O=C(NCCCCc1ccccc1)c1cnn(C2=CC2)c1
O=C(NCCCCc1ccccc1)c1cnn(C2=CC2)c1
O=C(NCCCCc1ccccc1)c1cnn(C2=CC2)c1
O=C(NCCCCc1ccccc1)c1cnn(C2=CC2)c1
O=C(NCCCCc1ccccc1)c1cnn(C2=CCC2)c1
O=C(NCCCCc1ccccc1)c1cnn(C2=CCC2)c1
O=C(NCCCCc1ccccc1)c1cnn(C2=CCC2)c1
O=C(NCCCCc1ccccc1)c1cnn(C2=CC=C2)c1
O=C(NCCCCc1ccccc1)c1cnn(C2=CC=C2)c1
O=C(NCCCCc1ccccc1)c1cnn(C2=CC=CC2)c1
O=C(NCCCCc1ccccc1)c1cnn(C2=CC3=CC32)c1
O=C(NCCCCc1ccccc1)c1cnn(C2=CC3=CC32)c1
O=C(NCCCCc1ccccc1)c1cnn(C2=CC3=CC32)c1
O=C(NCCCCc1ccccc1)c1cnn(C2=CC3=CC32)c1
O=C(NCCCCc1ccccc1)c1cnn(C2=CC=CC2)c1
O=C(NCCCCc1ccccc1)c1cnn(C2=CC=CCC2)c1
O=C(NCCCCc1ccccc1)c1cnn(-c2ccccc2)c1
O=C(NCCCCc1ccccc1)c1cnn(-c2ccccc2)c1
O=C(NCCCCc1ccccc1)c1cnn(-c2ccccc2)c1
O=C(NCCCCc1ccccc1)c1cnn(-c2ccccc2)c1
O=C(NCCCCc1ccccc1)c1cnn(-c2ccccc2)c1
O=C(NCCCCc1ccccc1)c1cnn(-c2ccccc2)c1
O=C1C=C2CCC3C(=C2CC1)C(c1ccc(N2CCCC2)cc1)CC1CCCC13
C1=C2C(c3ccc(N4CCCC4)cc3)CC3CCCC3C2CCC1
C1=C2C(c3ccc(N4CCCC4)cc3)CC3CCCC3C2CCC1
C1=C2C(c3ccc(N4CCCC4)cc3)CC3CCCC3C2CCC1
C1=CC(C2CCCC2CCc2ccc(N3CCCC3)cc2)CCC1
C1=CC(C2CCCC2CCc2ccc(N3CCC3)cc2)CCC1
C1=CC(C2CCCC2CCc2ccc(N3CCC3)cc2)CCC1
C1=CC(C2CCCC2CCc2ccc(N3CCC3)cc2)CCC1
C1=CC(C2CCCC2CCc2ccc(N3CCC3)cc2)CCC1
C1=CC(C2CCCC2CCc2ccc(N3CCC3)cc2)CCC1
C1=CC(C2CCCC2CCc2ccc(N3CCC3)cc2)CC1
C1=CC(C2CCCC2CCc2cccc(N3CCC3)c2)CC1
C1=CC(C2CCCC2CCc2cccc(N3CCC3)c2)CC1
C1=CC(C2CCCC2C=Cc2cccc(N3CCC3)c2)CC1
C1=CC(C2CCCC2C=Cc2cccc(N3CCC3)c2)CC1
C1=CC(C2CCC3CCc4c(cccc4N4CCC4)C=CC32)CC1
C1=CC(C2CCC3Cc4c(cccc4N4CCC4)C=CC32)CC1
C1=CC(C2CCC3Cc4ccccc4C=CC32)CC1
C1=CC(C2CCC3Cc4ccccc4C=CC32)CC1
C1=CC(C2CCC3Cc4ccccc4C=CC32)CC1
C1=CC(C2CCC3Cc4ccccc4C=CC32)CC1
C1=CC(C2CCC3Cc4ccccc4C=CC32)CC1
C1=CC(C2CCC3Cc4ccccc4C=CC32)CC1
C1=CC(C2CC3Cc4ccccc4C=CC32)CC1
C1=CC(C2CC3Cc4ccccc4C=CC32)CC1
C1=CC(C2CC3Cc4ccccc4C=CC32)CC1
C1=CC(C2CC3Cc4ccccc4C=CC32)CC1
C1=CC(C2CC3Cc4ccccc4C=CC32)CC1
C1=CC(C2C3C=Cc4ccccc4CC32)CC1
C1=CC(C2C3Cc4ccccc4CC32)CC1
C1=CC(C2C3Cc4ccccc4NC32)CC1
C1=CC(C2C3Cc4ccccc4OC32)CC1
C1=CC(C2CC3Cc4ccccc4OC32)CC1
C1=CC(C2CC3=Cc4ccccc4OC32)CC1
C1=CC(C2CC3=Cc4ccccc4OC32)CC1
C1=CC(C2C3=Cc4ccccc4OC32)CC1
C1=CC(C2C=Cc3ccccc3O2)CC1
C1=CC(C2C=Cc3ccccc3O2)CC1
C1=CC(C2C=Cc3ccccc3O2)CC1
C1=CC(C2Oc3ccccc3C3=C2CCCOC3)CC1
C1=CC(C2Oc3ccccc3C3=C2CCCCC3)CC1
C1=CC(C2Oc3ccccc3C3=C2CCCCC3)CC1
C1=CC(C2Oc3ccccc3C3=C2CCCC3)CC1
C1=CC(C2Oc3ccccc3C3=C2C2CCC32)CC1
C1=CC(C2Oc3ccccc3C3=C2C2CCC32)CC1
C1=CC(C2Oc3ccccc3C3=C2C2CCCC32)CC1
C1=CC(C2Oc3ccccc3C3=C2C2=C3CCC2)CC1
C1=CC(C2Oc3ccccc3-c3c2[nH]c2c3CCC2)CC1
C1=CC(C2Oc3ccccc3-c3c2[nH]c2c3CCC2)CC1
C1=CC(C2Oc3ccccc3-c3cc[nH]c32)CC1
C1=CC(C2Oc3ccccc3-c3cc[nH]c32)CC1
C1=CC(C2Oc3ccccc3-c3cc[nH]c32)CC1
C1=CC(C2Oc3ccccc3C3=C2CC=C3)CC1
C1=CC(C2Oc3ccccc3C3=C2CC=C3)CC1
C1=CC(C2Oc3ccccc3C3=CCC=C32)CC1
C1=CC(C2Oc3ccccc3C3=CCC=C32)CC1
C1=CC(C2Oc3ccccc3C3=CCC=C32)CC1
C1=CC(C2Oc3ccccc3C3=CCC=C32)CC1
C1=CC(C2Oc3ccccc3C3=CCCC=C32)CC1
C1=CC(C2Oc3ccccc3C3=CCCC=C32)CC1
C1=CC(C2Oc3ccccc3C3=CCCC=C32)CC1
C1=CC(C2Oc3ccccc3C3=CCC=C32)CC1
C1=CC(C2Oc3ccccc3C3=CCC=C32)CC1
N=C1C=C2C(=C1)C(C1C=CCC1)Oc1ccccc12
N=C1C=C2C(=C1)C(C1C=CCCC1)Oc1ccccc12
C=C1C=C2C(=C1)C(C1C=CCCC1)Oc1ccccc12
C=C1C=C2C(=C1)C(C1C=CCC1)Oc1ccccc12
C=C1C=C2C(=C1)C(C1C=CCC1)Oc1ccccc12
C1=CC(C2Oc3ccccc3-c3ccccc32)CC1
C1=CC(C2Oc3ccccc3-c3ccccc32)CC1
C1=CC(C2Oc3ccccc3-c3ccccc32)CC1
C1=CC(C2Oc3ccccc3-c3ccccc32)CC1
C1=CC(C2Oc3ccccc3-c3ccccc32)CC1
C1=CC(C2Oc3ccccc3-c3ccccc32)CC1
C1=CC(C2Oc3ccccc3-c3ccccc32)CC1
C1=CC(C2Oc3ccccc3-c3ccccc32)CC1
C1=CC(C2Oc3ccccc3-c3ccccc32)CC1
C1=CC(C2Oc3ccccc3-c3cccc(C4=NCC4)c32)CC1
C1=CC(C2Oc3ccccc3-c3cccc(C4=NCC4)c32)CC1
C1=CC(C2Oc3ccccc3-c3cccc(C4=NCC4)c32)CC1
C1=CC(C2Oc3ccccc3-c3cccc(C4=NCN4)c32)CC1
C1=CC(C2Oc3ccccc3-c3cccc(C4=NCN4)c32)CC1
C1=CC(C2Oc3ccccc3-c3cccc(C4=NCN4)c32)CC1
C1=CC(C2Oc3ccccc3-c3cccc(C4=CCN4)c32)CC1
C1=CC(C2Oc3ccccc3-c3cccc(C4=CCN4)c32)CC1
C1=CC(C2Oc3ccccc3-c3cccc(C4=CCN4)c32)CC1
C1=CC(C2Oc3ccccc3-c3cccc(C4=CCN4)c32)CC1
C1=CC(C2Oc3ccccc3-c3cccc(C4=CCN4)c32)CC1
C1=CC(C2Oc3ccccc3-c3cccc(C4=CCN4)c32)CC1
C1=CC(C2Oc3ccccc3-c3cccc(C4=CCN4)c32)CC1
C1=CC(C2Oc3ccccc3-c3cccc(C4=CCN4)c32)CCC1
C1=CC(C2Oc3ccccc3-c3cccc(C4=CCN4)c32)CCC1
C1=CC(C2Oc3ccccc3-c3cccc(C4=CCN4)c32)CCC1
C1=CC(C2Oc3ccccc3-c3cccc(C4=CCN4)c32)CCC1
C1=CC(C2Oc3ccccc3-c3cccc(C4=CCN4)c32)CCC1
C1=CC(C2Oc3ccccc3-c3cccc(C4=CCN4)c32)CC1
C1=CC(C2Oc3ccccc3-c3ccc4c(c32)C=CCN4)CC1
C1=CC(C2Oc3ccccc3-c3ccc4c(c32)C=CCN4)CC1
O=C1C=C2CCC3C(=C2CC1)C(c1ccc(N2CCCC2)cc1)CC1CCCC13
O=C1C=C2CCC3C(=C2CC1)C(c1ccc(N2CCCC2)cc1)CC1CCCC13
C1=C2C(c3ccc(N4CCCC4)cc3)CC3CCCC3C2CCC1
C1=C2C(c3ccc(N4CCCC4)cc3)CC3CCCC3C2CCC1
C1=C2C(CCC1)C1CCCC1C2c1ccc(N2CCCC2)cc1
C1=C2C(CCC1)C1CCCC1C2c1ccc(N2CCCC2)cc1
C1=C2C(CCC1)C1CCCC1C2c1ccc(N2CCCC2)cc1
C1=C2C(CCC1)C1COCC1C2c1ccc(N2CCCC2)cc1
C1=C2C(CCC1)C1COCC1C2c1ccc(N2CCCC2)cc1
C1=C2C(CCC1)C1COCC1C2c1ccc(N2CCCC2)cc1
O=C1OCC2C(c3ccc(N4CCCC4)cc3)C3=CCCCC3C12
C=C1CC2C(=O)OCC2C1c1ccc(N2CCCC2)cc1
C=C1CC2C(=O)OCC2C1c1ccc(N2CCCC2)cc1
C=C1CC2C(=O)OCC2C1c1ccc(N2CCCC2)cc1
C=C1CC2C(=O)OCC2C1c1ccc(N2CCCC2)cc1
C=C1CC2C(=O)OCC2C1c1ccc(N2CCCC2)cc1
C=C1CC2C(=O)OCC2C1c1ccc(N2CCCC2)cc1
C=C1CC2C(=O)OCC2C1c1ccccc1
C=C1CC2C(=O)OCC2C1c1ccccc1
C=C1CC2C(=O)OCC2C1c1ccccc1
C=C1CC2C(=O)OCC2C1c1ccccc1
C=C1CC2C(=O)OCC2C1c1ccccc1
C=C1CC2C(=O)OCC2C1c1ccccc1
C=C1CC2C(=O)OCC2C1c1ccccc1
C=C1CC2C(=O)OCC2C1c1ccccc1
C=C1CC2C(=O)OCC2C1c1ccccc1
C=C1CC2COC(=O)C2C1c1ccccc1
C=C1CC2COC(=O)C2C1c1ccccc1
C=C1CC2COC(=O)C2C1c1ccccc1
C=C1CC2COC(=O)C2C1c1ccccc1
C=C1CC2COC(=O)C2C1c1ccccc1
C=C1CC2COC(=O)C2C1c1ccccc1
C=C1CC2COC(=O)C2C1c1ccccc1
O=C1OCC2CC(=C3CC3)C(c3ccccc3)C12
O=C1OCC2CC(=C3CC3)C(c3ccccc3)C12
O=C1OCC2CC(=C3C=C3)C(c3ccccc3)C12
O=C1OCC2CC(=C3C=C3)C(c3ccccc3)C12
O=C1OCC2CC(=C3C=C3)C(c3ccccc3)C12
O=C1OCC2CC(=C3C=C3)C(c3ccccc3)C12
O=C1OCC2CC(=C3C=C3)C(c3ccccc3)C12
O=C1OCC2CC(=C3C4=C3OC4)C(c3ccccc3)C12
O=C1OCC2CC(=C3C4=C3CC4)C(c3ccccc3)C12
O=C1OCC2CC(=C3CC4=C3C4)C(c3ccccc3)C12
O=C1OCC2CC(=C3C=CC3)C(c3ccccc3)C12
O=C1OCC2CC(=C3C=CC3)C(c3ccccc3)C12
O=C1OCC2CC(=C3C=CC3)C(c3ccccc3)C12
O=C1OCC2CC(=C3C=CC3)C(c3ccccc3)C12
O=C1OCC2CC(=C3C=CC3)C(c3ccccc3)C12
O=C1OCC2CC=C3CC=C3C(c3ccccc3)C12
O=C1OCC2CC3CC=C3C(c3ccccc3)C12
O=C1OCC2CC3=CC=C3C(c3ccccc3)C12
O=C1OCC2CC3=CCC=C3C(c3ccccc3)C12
O=C1OCC2CC3=CCC=C3C(c3ccccc3)C12
O=C1OCC2CC3=CCC=C3C(c3ccccc3)C12
O=C1OCC2CC3=CCCC=C3C(c3ccccc3)C12
O=C1OCC2Cc3ccccc3C(c3ccccc3)C12
O=C1OCC2Cc3ccccc3C(c3ccccc3)C12
O=C1OCC2Cc3ccccc3C(c3ccccc3)C12
O=C1OCC2Cc3ccccc3C(c3ccccc3)C12
O=C1OCC2Cc3ccccc3C(c3ccccc3)C12
O=C1OCC2Cc3ccccc3C(c3ccccc3)C12
O=C1OCC2Cc3ccccc3C(c3ccccc3)C12
O=C1OCC2Cc3ccccc3C(c3ccccc3)C12
O=C1OCC2Cc3cc4c(cc3C(c3ccccc3)C12)OCO4
O=C1OCC2Cc3cc4c(cc3C(c3ccccc3)C12)OCO4
O=C1OCC2Cc3cc4c(cc3C(c3ccccc3)C12)OCO4
O=C1C=C2CCC3C(=C2CC1)C(c1ccc(N2CCCC2)cc1)CC1CCCC13
O=C1C=C2CCC3C(=C2CC1)C(c1ccc(N2CCCC2)cc1)CC1CCCC13
O=C1C=C2CCC3C(=C2CC1)C(c1ccc(N2CCCC2)cc1)CC1CCCC13
C=C1C=C2C(c3ccc(N4CCCC4)cc3)CC3CCCC3C2CC1
C=C1C=C2C(c3cccc(N4CCCC4)c3)CC3CCCC3C2CC1
C=C1C=C2C(CCCC2c2cccc(N3CCCC3)c2)CC1
C=C1C=C2C(CC1)CCC2c1cccc(N2CCCC2)c1
C=C1C=C2C(CC1)CCC2c1cccc(N2CCCC2)c1
C1=C2C(CCC1)CCC2c1cccc(N2CCCC2)c1
C1=C2C(CC1)CCC2c1cccc(N2CCCC2)c1
C1=C2C(CC1)CCC2c1cccc(N2CCCC2)c1
C1=C2C(CC1)CCC2c1cccc(N2CCCC2)c1
C1=CC(c2cccc(N3CCCC3)c2)CCCCC1
C1=CC(c2cccc(N3CCCC3)c2)CCCCC1
C1=CC(c2cccc(N3CCCC3)c2)CCCCC1
c1cc(C2CCCCCC2)cc(N2CCCC2)c1
c1cc(C2CCCCCC2)cc(N2CCCC2)c1
c1cc(C2CCCCCC2)cc(N2CCCC2)c1
c1ccc(N2CCC(C3CCCCCC3)C2)cc1
c1ccc(N2CCC(C3CCCCCC3)CC2)cc1
c1ccc(N2CCC(C3CCCCCC3)CC2)cc1
c1ccc(N2CCC(C3CCCCCC3)CC2)cc1
c1ccc(N2CCCC(C3CCCCCC3)CC2)cc1
c1ccc(N2CCCC(C3CCCCC3)CC2)cc1
c1ccc(N2CCCC(C3CCCCC3)CC2)cc1
c1ccc(N2CCCC(C3CCCC3)CC2)cc1
c1ccc(N2CCCCC(C3CCCC3)CC2)cc1
c1ccc(N2CCCCC(C3CCCC3)CC2)cc1
c1ccc(N2CCCC(C3CCCC3)CC2)cc1
c1ccc(N2CCC(C3CCCC3)CC2)cc1
c1ccc(N2CCC(C3CCCC3)CC2)cc1
c1ccc(N2CCC(C3CCCCC3)CC2)cc1
c1ccc(N2CCC(C3CCCCC3)CC2)cc1
c1ccc(N2CCC(C3CCCCCC3)CC2)cc1
O=C(CC1CCN(c2ccccc2)CC1)NCCC1CCCCCC1
O=C(CC1CCN(c2ccccc2)CC1)NCCC1CCCCCCC1
O=C(CC1CCN(c2ccccc2)CC1)NCCC1CCCCCCC1
O=C(CN1CCN(c2ccccc2)CC1)NCCC1CCCCCCC1
O=C(CCN1CCN(c2ccccc2)CC1)NCCC1CCCCCCC1
O=C(CCN1CCN(c2ccccc2)CC1)NCCC1CCCCCCC1
O=C(CCN1CCN(c2ccccc2)CC1)NCCC1CCCCCC1
O=C(CN1CCN(c2ccccc2)CC1)NCCC1CCCCCC1
O=C(CN1CCN(c2ccccc2)CC1)NCCC1CCCCC1
O=C(CN1CCN(c2ccccc2)CC1)NCCC1CCCCC1
O=C(CN1CCN(c2ccccc2)CC1)NCCC1CCCC1
O=C(CN1CCCN(c2ccccc2)CC1)NCCC1CCCC1
O=C(CN1CCCN(c2ccccc2)CCC1)NCCC1CCCC1
O=C(CCN1CCCN(c2ccccc2)CCC1)NCCC1CCCC1
O=C(CCN1CCCN(c2ccccc2)CCC1)NCCC1CCCC1
O=C(CCN1CCCN(c2ccccc2)CC1)NCCC1CCCC1
O=C(CC1CN(c2ccccc2)CCCN1)NCCC1CCCC1
O=C(CC1CN(c2ccccc2)CCCN1)NCCC1CCC1
O=C(CC1CN(c2ccccc2)CCN1)NCCC1CCC1
O=C(CC1CN(c2ccccc2)CCN1)NCCC1CCCC1
O=C(NCCC1CCCC1)C1CN(c2ccccc2)CCN1
O=C(NCCC1CCCC1)C1CN(c2ccccc2)CCN1
O=C(NCCC1CCCCC1)C1CN(c2ccccc2)CCN1
O=C(NCCC1CCCCC1)C1CCN(c2ccccc2)CCN1
O=C(NCCC1CCCCC1)C1CCCN(c2ccccc2)CCN1
O=C(NCCC1CCCCCC1)C1CCCN(c2ccccc2)CCN1
O=C(NCCC1CCCCCC1)C1CCCN(c2ccccc2)CCN1
O=C(NCCC1CCCCCC1)C1CCCN(c2ccccc2)CCN1
O=C(NCCC1CCCCCC1)C1CCN(c2ccccc2)CCN1
O=C(NCCC1CCCCC1)C1CCN(c2ccccc2)CCN1
O=C(NCCC1CCCCC1)C1CCN(c2ccccc2)CCCN1
O=C(NCCC1CCCCC1)C1CCN(c2ccccc2)CCCN1
O=C(NCCC1CCCCCC1)C1CCN(c2ccccc2)CCCN1
O=C(NCCC1CCCCCCC1)C1CCN(c2ccccc2)CCCN1
O=C(NCCC1CCCCCCC1)C1CCN(c2ccccc2)CCCN1
O=C(NCCC1CCCCCCC1)C1CN(c2ccccc2)CCCN1
O=C(NCCC1CCCCCCC1)C1CN(c2ccccc2)CCCN1
O=C(NCCC1CCCCCCC1)C1CN(c2ccccc2)CCCN1
O=C(NCCC1CCCCCCC1)C1CN(c2ccccc2)CCCCN1
O=C(NCCC1CCCCCCC1)C1CN(c2ccccc2)CCCCN1
O=C(NCCC1CCCCCCC1)C1CN(c2ccccc2)CCCCN1
O=C(NCCC1CCCCCCC1)C1CN(c2ccccc2)CCCCN1
O=C(NCCCCCCC1CC1)C1CN(c2ccccc2)CCCCN1
O=C(NCCCCCCC1CC1)C1CN(c2ccccc2)CCCCN1
O=C(NCCCCCCC1CC1)C1CN(c2ccccc2)CCCCN1
O=C(NCCCCCCC1CCC1)C1CN(c2ccccc2)CCCCN1
O=C(NCCCCCC1CCC1)C1CN(c2ccccc2)CCCCN1
O=C(NCCCCCC1CCC1)C1CN(c2ccccc2)CCCCN1
O=C(NCCCCCC1CCC1)C1CN(c2ccccc2)CCCCN1
O=C(NCCCCCC1CCC1)C1CN(c2ccccc2)CCCCN1
O=C(NCCCCCC1CCC1)C1CN(c2ccccc2)CCCCN1
O=C(NCCCCC1CCC1)C1CN(c2ccccc2)CCCCN1
O=C(NCCCCC1CCC1)C1CN(c2ccccc2)CCCCN1
O=C(NCCCCC1CCC1)C1CN(c2ccccc2)CCCCN1
O=C(NCCCCC1CCC1)C1CN(c2ccccc2)CCCCN1
O=C(NCCCCC1CCC1)C1CN(c2ccccc2)CCCCN1
O=C(NCCCCC1(C2CC2)CCC1)C1CN(c2ccccc2)CCCCN1
O=C(NCCCCC1(C2CC2)CCC1)C1CN(c2ccccc2)CCCCN1
O=C(NCCCCC1(C2=CC2)CCC1)C1CN(c2ccccc2)CCCCN1
O=C(NCCCCC1(C2=CC2)CCC1)C1CN(c2ccccc2)CCCCN1
O=C(NCCCCC1(C2=CC2)CCC1)C1CN(c2ccccc2)CCCCN1
O=C(NCCCCC1(C2=CC2)CCC1)C1CN(c2ccccc2)CCCN1
O=C(NCCCCC1(C2=CC2)CCC1)C1CN(c2ccccc2)CCCN1
O=C(NCCCCC1(C2=CC2)CCC1)C1CN(c2ccccc2)CCN1
O=C(NCCCCC1(C2=CC2)CCC1)C1CN(c2ccccc2)CCN1
O=C(NCCCCC1(C2=CC2)CCC1)C1CN(c2ccccc2)CCN1
O=C(NCCCCC1(C2=CC2)CCC1)C1CN(c2ccccc2)CCN1
O=C(NCCCCC1(C2=CC2)CCC1)C1CN(c2ccccc2)CCN1
O=C(NCCCCC1(C2=CC2)CCC1)C1CN(c2ccccc2)CCCN1
O=C(NCCCCC1(C2=CC2)CCCC1)C1CN(c2ccccc2)CCCN1
O=C(NCCCCC1(C2=CC2)CCCC1)C1CN(c2ccccc2)CCCN1
O=C(NCCCCC1(C2=CC2)CCCC1)C1CCN(c2ccccc2)CCCN1
O=C(NCCCCC1(C2=CC2)CCCC1)C1CCN(c2ccccc2)CCCN1
O=C(NCCCCC1(C2=CC2)CCCC1)C1CN(c2ccccc2)CCCN1
O=C(NCCCCC1(C2=CC2)CCC1)C1CN(c2ccccc2)CCCN1
O=C(NCCCCC1(C2=CC2)CCC1)C1CN(c2ccccc2)CCCN1
O=C(NCCCCC1(C2=CN2)CCC1)C1CN(c2ccccc2)CCCN1
O=C(NCCCCC1(C2=CN2)CCC1)C1CN(c2ccccc2)CCCN1
O=C(NCCCCC1(C2=CN2)CCC1)C1CN(c2ccccc2)CCCN1
O=C(NCCCCC1(C2=CN2)CCC1)C1CN(c2ccccc2)CCCCN1
O=C(NCCCCC1(C2=CN2)CCC1)C1NCCCCN1c1ccccc1
O=C(NCCCC1(C2=CN2)CCC1)C1NCCCCN1c1ccccc1
O=C(NCCCC1(C2=CN2)CCC1)C1NCCCCN1c1ccccc1
O=C(NCCCC1(C2=CN2)CCC1)C1NCCCN1c1ccccc1
O=C(NCCCC1(C2=CN2)CCCC1)C1NCCCN1c1ccccc1
O=C(NCCCC1(C2=CN2)CCCC1)C1NCCCN1c1ccccc1
O=C(NCCCC1(C2=CN2)CCCC1)C1NCCCCN1c1ccccc1
O=C(NCCCC1(C2=CN2)CCCC1)C1NCCCCCN1c1ccccc1
O=C(NCCCC1(C2=CN2)CCC1)C1NCCCCCN1c1ccccc1
O=C(NCCCC1(C2=CN2)CCC1)C1NCCCCCN1c1ccccc1
O=C(NCCCC1(C2=CN2)CCC1)C1=NCCCCCN1c1ccccc1
O=C(NCCCC1(C2=CN2)CCC1)C1=NCCCCN1c1ccccc1
O=C(NCCCC1(C2=CN2)CCC1)C1=NCCCN1c1ccccc1
O=C(NCCCC1(C2=CN2)CCC1)C1=NCCCN1c1ccccc1
O=C(NCCCC1(C2=CN2)CCC1)C1=NCCN1c1ccccc1
O=C(NCCCC1(C2=CN2)CCC1)c1nccn1-c1ccccc1
O=C(NCCCC1(C2=CN2)CCC1)c1nccn1-c1ccccc1
O=C(NCCCC1(C2=CN2)CCC1)c1ncnn1-c1ccccc1
O=C(NCCCC1(C2=CN2)CCC1)c1ccnn1-c1ccccc1
O=C(NCCCC1(C2=CN2)CCC1)c1ccnn1-c1ccccc1
O=C(NCCCC1(C2=CN2)CCC1)c1ccnn1-c1ccccc1
O=C(NCCCC1(C2=CN2)CCC1)c1ccnn1-c1ccccc1
O=C(NCCCC1(C2=CN2)CCC1)c1ccnn1-c1ccccc1
O=C(NCCCC1(C2=CN2)CCC1)c1ccnn1-c1ccccc1
O=C(NCCCC1(C2=CN2)CCC1)c1cnn(-c2ccccc2)c1
O=C(NCCCC1(C2=CN2)CCC1)c1cnn(-c2ccccc2)c1
O=C(NCCCC1(C2=CN2)CCC1)c1cnn(-c2ccccc2)c1
O=C(NCCCC1(C2=CN2)CCC1)c1cnn(-c2ccccc2)c1
O=C(NCCCC1(C2=CNC2)CCC1)c1cnn(-c2ccccc2)c1
O=C(NCCCC1(C2=CNC2)CCC1)c1cnn(-c2ccccc2)c1
O=C(NCCCC1(C2=CNC2)CCC1)c1cnn(-c2ccccc2)c1
O=C(NCCCC1(C2=CNCC2)CCC1)c1cnn(-c2ccccc2)c1
O=C(NCCCC1(C2=CNCC2)CCC1)c1cnn(-c2ccccc2)c1
O=C(NCCCC1(C2=CNCCC2)CCC1)c1cnn(-c2ccccc2)c1
O=C(NCCCC1(C2=CNCCC2)CCC1)c1cnn(-c2ccccc2)c1
O=C(NCCCC1(C2=CNC=CC2)CCC1)c1cnn(-c2ccccc2)c1
O=C(NCCCC1(C2=CNC=CC2)CCC1)c1cnn(-c2ccccc2)c1
O=C(NCCCC1(c2cc[nH]c2)CCC1)c1cnn(-c2ccccc2)c1
O=C(NCCCC1(C2=CCC=C2)CCC1)c1cnn(-c2ccccc2)c1
O=C(NCCCC1(C2=CCCC=C2)CCC1)c1cnn(-c2ccccc2)c1
O=C(NCCCC1(c2ccccc2)CCC1)c1cnn(-c2ccccc2)c1
O=C(NCCCC1(c2ccccc2)CCC1)c1cnn(-c2ccccc2)c1
O=C(NCCCC1(c2ccccc2)CCC1)c1cnn(-c2ccccc2)c1
O=C(NCCCC1(c2ccccc2)CCC1)c1cnn(-c2ccccc2)c1
O=C(NCCCC1(c2ccccc2)CCC1)c1cnn(-c2ccccc2)c1
O=C(NCCCC1(c2ccccc2)CCC1)c1cnn(-c2ccccc2)c1
O=C1C=C2CCC3C(=C2CC1)C(c1ccc(N2CCCC2)cc1)CC1CCCC13
O=C1C=C2CCC3C(=C2CC1)C(c1ccc(N2CCCC2)cc1)CC1CCCC13
O=C1C=C2CCC3C(=C2CC1)C(c1ccc(N2CCCC2)cc1)CC1CCCC13
C=C1C=C2C(c3ccc(N4CCCC4)cc3)CC3CCCC3C2CC1
C=C1C=C2C(c3ccc(N4CCCC4)cc3)CC3CCCC3C2CC1
C=C1C=C2C(CCCC2c2ccc(N3CCCC3)cc2)CC1
C=C1C=C2C(CCCC2c2ccc(N3CCCC3)cc2)CC1
C=C1C=C2C(CCCC2c2ccc(N3CCCC3)cc2)CC1
C1=CCCC2CCCC(c3ccc(N4CCCC4)cc3)C2=C1
C1=CCCCC(Cc2ccc(N3CCCC3)cc2)=C1
C1=CCCC(Cc2ccc(N3CCCC3)cc2)=C1
C1=CCCC(Cc2ccc(N3CCCC3)cc2)=C1
C1=CCCC(Cc2ccc(N3CCCC3)cc2)=C1
C1=CCCC(Cc2ccc(N3CCCC3)cc2)=C1
C1=CCCC(CCCCCCNCCCCc2ccc(N3CCCC3)cc2)=C1
C1=CCCC(CCCCCCNCCCc2ccc(N3CCCC3)cc2)=C1
C1=CCCC(CCCCCCNCCc2ccc(N3CCCC3)cc2)=C1
C1=CCCC(CCCCCCNCCc2ccc(N3CCCC3)cc2)=C1
C1=CCC(CCCCCCCNCCc2ccc(N3CCCC3)cc2)C=C1
C1=CCC(CCCCCCCNCC2CCN(c3ccccc3)C2)C=C1
C1=CCC(CCCCCCNCC2CCN(c3ccccc3)C2)C=C1
C1=CCC(CCCCCCNCCC2CCN(c3ccccc3)C2)C=C1
C1=CCC(CCCCCCNCCC2CCN(c3ccccc3)C2)C=C1
C1=CCC(CCCCCCNCCC2CCN(c3ccccc3)C2)C=C1
C1=CCC(CCCCCCNCCC2CCN(c3ccccc3)C2)C=C1
C1=CCC(CCCCCCNCCC2CCN(c3ccccc3)C2)C=C1
O=C(NCCCCCNCCC1CCN(c2ccccc2)C1)C1=CCCC=C1
O=C(NCCCCCNCCC1CN(c2ccccc2)C1)C1=CCCC=C1
O=C(NCCCCCCNCCC1CN(c2ccccc2)C1)C1=CCCC=C1
O=C(NCCCCCCNCC1CN(c2ccccc2)C1)C1=CCCC=C1
O=C(NCCCCCCNCC1CN(c2ccccc2)C1)C1=CCCC=C1
O=C(NCCCCCCNCC1CN(c2ccccc2)C1)C1=CCCC=C1
O=C(NCCCCCCNCC1CN(c2ccccc2)C1)C1=CCCC=C1
O=C(NCCCCCCNCC1CN(c2ccccc2)C1)C1=CCCC=C1
O=C(NCCCCCCNCC1CN(c2ccccc2)C1)c1ccccc1
O=C(NCCCCCCNC1CN(c2ccccc2)C1)c1ccccc1
O=C(NCCCCCCNC1CN1c1ccccc1)c1ccccc1
O=C(NCCCCCCNC1CN1c1ccccc1)c1ccccc1
O=C(NCCCCCCNC1=CN1c1ccccc1)c1ccccc1
O=C(NCCCCCCNC1=CN1c1ccccc1)c1ccccc1
O=C(NCCCCCCNC1=NN1c1ccccc1)c1ccccc1
O=C(NCCCCCCNC1=NN1c1ccccc1)c1ccccc1
O=C(NCCCCCCNC1=NN1c1ccccc1)c1ccccc1
O=C(NCCCCCCNC1=NN1c1ccccc1)c1ccccc1
O=C(NCCC=CCCNC1=NN1c1ccccc1)c1ccccc1
O=C(NCCC=CCCNC1=NN1c1ccccc1)c1ccccc1
O=C(NCCC=CCCNC1=NN1c1ccccc1)c1ccccc1
O=C(NCCC=CCCNC1=NN1c1ccccc1)c1ccccc1
O=C(NCCC=CCCNC1=NN1c1ccccc1)c1ccccc1
O=C(NCCCC=CCCNC1=NN1c1ccccc1)c1ccccc1
O=C(NCCCCCCCNC1=NN1c1ccccc1)c1ccccc1
O=C(NCCCCCCCNC1=NN1c1ccccc1)c1ccccc1
O=C(NCCCCCCCCNC1=NN1c1ccccc1)c1ccccc1
O=C(NCCCCCCCCNC1=NN1c1ccccc1)c1ccccc1
O=C(NCCCCCCCCNC1=NN1c1ccccc1)c1ccccc1
O=C(NCCCCCCCCNC1=NN1c1ccccc1)c1ccccc1
O=C(NCCCCCCCCNC1=NN1c1ccccc1)c1ccccc1
O=C(NCCCCCCCCNC1=NN1c1ccccc1)c1ccccc1
O=C(NCCCCCCCCNC1=NN1c1ccccc1)c1ccccc1
O=C(NCCCCCCCCNC1=NN1c1ccccc1)c1ccccc1
O=C(NCCCCCCCCNC1=NN1c1ccccc1)c1ccccc1
O=C(NCCCCCCCNC1=NN1c1ccccc1)c1ccccc1
O=C(NCCCCCCCNC1=NN1c1ccccc1)c1ccccc1
O=C(NCCCCCCCNC1=NN1c1ccccc1)c1ccccc1
O=C(NCCCCCCNC1=NN1c1ccccc1)c1ccccc1
O=C(NCCCCCCNC1=NN1c1ccccc1)c1ccccc1
O=C(NCCCCCCNC1=NN1c1ccccc1)c1ccccc1
O=C(NCCCCCNC1=NN1c1ccccc1)c1ccccc1
O=C(NCCCCCNC1=NN1c1ccccc1)c1ccccc1
O=C(NCCCCCNC1=NN1c1ccccc1)c1ccccc1
O=C(NCCCCCCNC1=NN1c1ccccc1)c1ccccc1
O=C(NCCCCCCNC1=NN1c1ccccc1)c1ccccc1
O=C(NCC1CC1CCCNC1=NN1c1ccccc1)c1ccccc1
O=C(NCC1CC1CCCNC1=NN1c1ccccc1)c1ccccc1
O=C(NCCCCCCNC1=NN1c1ccccc1)c1ccccc1
O=C(NCCCCCCNC1=NN1c1ccccc1)c1ccccc1
O=C(NCCCCCNC1=NN1c1ccccc1)c1ccccc1
O=C(NCCCCNC1=NN1c1ccccc1)c1ccccc1
O=C(NCCCNC1=NN1c1ccccc1)c1ccccc1
O=C(NCCCNc1nn(-c2ccccc2)[nH]1)c1ccccc1
O=C(NCCCNc1nn(-c2ccccc2)[nH]1)c1ccccc1
O=C(NCCCNc1nn(-c2ccccc2)[nH]1)c1ccccc1
O=C(NCCCNc1cn(-c2ccccc2)[nH]1)c1ccccc1
O=C(NCCCNc1cn(-c2ccccc2)[nH]1)c1ccccc1
O=C(NCCCNc1cn(-c2ccccc2)[nH]1)c1ccccc1
O=C(NCCCNc1cn(-c2ccccc2)[nH]1)c1ccccc1
O=C(NCCCNc1cn(-c2ccccc2)[nH]1)c1ccccc1
O=C(NCCCNC1=CN(c2ccccc2)NN1)c1ccccc1
O=C(NCCCNC1=CN(c2ccccc2)NN1)c1ccccc1
O=C(NCCCNc1cn(-c2ccccc2)nn1)c1ccccc1
O=C(NCCCNc1cn(-c2ccccc2)nn1)c1ccccc1
O=C(NCCCNc1cnn(-c2ccccc2)c1)c1ccccc1
O=C(NCCCN1OCc2c1cnn2-c1ccccc1)c1ccccc1
O=C(NCCCNOCc1ccnn1-c1ccccc1)c1ccccc1
O=C(NCCCNOCc1ccnn1-c1ccccc1)c1ccccc1
O=C(NCCCNCCc1ccnn1-c1ccccc1)c1ccccc1
O=C(NCCCNCc1ccnn1-c1ccccc1)c1ccccc1
O=C(NCCCNCc1ccnn1-c1ccccc1)c1ccccc1
O=C(NCCCNc1ccnn1-c1ccccc1)c1ccccc1
O=C(NCCCNc1ccnn1-c1ccccc1)c1ccccc1
O=C(NCCCNc1c(N2CN2)cnn1-c1ccccc1)c1ccccc1
O=C(NCCCNc1c(N2CN2)cnn1-c1ccccc1)c1ccccc1
O=C(NCCCNc1c(N2CC2)cnn1-c1ccccc1)c1ccccc1
O=C(NCCCNc1c(N2CC2)cnn1-c1ccccc1)c1ccccc1
O=C(NCCCNc1c(C2CC2)cnn1-c1ccccc1)c1ccccc1
O=C(NCCCNc1c(C2CC2)cnn1-c1ccccc1)c1ccccc1
O=C(NCCCNc1c(C2CN2)cnn1-c1ccccc1)c1ccccc1
O=C(NCCCNc1ccnn1-c1ccccc1)c1ccccc1
O=C(NCCCNc1ccnn1-c1ccccc1)c1ccccc1
O=C(NCCCNc1ccnn1-c1ccccc1)c1ccccc1
O=C(NCCCNc1ccnn1-c1ccccc1)c1ccccc1
O=C(NCCCNc1ccnn1-c1ccccc1)c1ccccc1
O=C(NCCCNc1ccnn1-c1ccccc1)c1ccccc1
O=C(NCCCNc1ccnn1-c1ccccc1)c1ccccc1
O=C(NCCCNc1c(C2=CN2)cnn1-c1ccccc1)c1ccccc1
O=C(NCCCNc1c(C2=CN2)cnn1-c1ccccc1)c1ccccc1
O=C(NCCCN1C=C1c1cnn(-c2ccccc2)c1)c1ccccc1
C=C(NCCCNC(=O)c1ccccc1)c1cnn(-c2ccccc2)c1
O=C(NCCCNc1c[nH]c2c1cnn2-c1ccccc1)c1ccccc1
O=C(NCCCNC1=CNCc2c1cnn2-c1ccccc1)c1ccccc1
O=C(NCCCNC1=CNCc2c1cnn2-c1ccccc1)c1ccccc1
O=C(NCCCNC1=CNCc2c1cnn2-c1ccccc1)c1ccccc1
O=C(NCCCNc1cncc2c1cnn2-c1ccccc1)c1ccccc1
O=C(NCCCNc1cncc2c1cnn2-c1ccccc1)c1ccccc1
O=C(NCCCNc1cncc2c1cnn2-c1ccccc1)c1ccccc1
O=C(NCCCNc1cncc2c1cnn2-c1ccccc1)c1ccccc1
O=C(NCCCNc1cccc2c1cnn2-c1ccccc1)c1ccccc1
O=C(NCCCNc1cccc2c1cnn2-c1ccccc1)c1ccccc1
O=C(NCCCNc1cccc2c1cnn2-c1ccccc1)c1ccccc1
O=C1C=C2CCC3C(=C2CC1)C(c1ccc(N2CCCC2)cc1)CC1CCCC13
O=C1C=C2CCC3C(=C2CC1)C(c1ccc(N2CCCC2)cc1)CC1CCCC13
O=C1C=C2CCC3C(=C2CC1)C(c1ccc(N2CCCC2)cc1)CC1CCCC13
O=C1C=C2CCC(C3CCCC3)C(Cc3ccc(N4CCCC4)cc3)=C2CC1
O=C1C=C2CCC(CCc3ccc(N4CCCC4)cc3)C3CCCC3=C2CC1
O=C1C=C2CCC(CCc3ccc(N4CCCC4)cc3)CC=C2CC1
O=C1C=C2CCC(CCc3ccc(N4CCC4)cc3)CC=C2CC1
O=C1CCC2=CCC(CCc3ccccc3)CCC2=C1N1CCC1
O=C1CCC2=CCC(CCc3ccccc3)CC2=C1N1CCC1
O=C1CCC2=CCC(CCc3ccccc3)CC2=C1N1CCC1
O=C1CCC2=CCC(CCc3ccccc3)C2=C1N1CCC1
O=C1CCC2=CCC(CCc3ccccc3)C2=C1N1CCCC1
O=C1OCC2=CCC(CCc3ccccc3)C2=C1N1CCCC1
O=C1OCC2=CCC(CCc3ccccc3)C2=C1N1CCCC1
O=C1OCC2=CCC(CCc3ccccc3)C2=C1N1CCCC1
O=C1OCC2=CCC(CCc3ccccc3)C2=C1N1CCCC1
O=C1OCC2=CCC(CCc3ccccc3)C2=C1N1CCC1
O=C1C=C2C(=CCC2CCc2ccccc2)CO1
O=C1C=C2C(=CCC2CCc2ccccc2)CO1
O=C1C=C2C(=CCC2CCc2ccccc2)CO1
O=C1C=C2C(=CCC2CCc2ccccc2)CO1
O=C1C=C2C(CCc3ccccc3)=CC=C2CO1
O=C1C=C2C(CCc3ccccc3)=CC=C2CO1
O=C1C=C2C(CCc3ccccc3)=CC=C2CO1
O=C1C=C2C(CCc3ccccc3)=CC=C2CO1
O=C1C=C2C(CCc3ccccc3)=CC=C2CO1
O=C1OCc2ccc(CCc3ccccc3)cc21
O=C1OCc2ccc(CCc3ccccc3)cc21
O=C1OCc2cc(CCCCCc3ccccc3)ccc21
O=C1OCc2cc(CCCCCc3ccccc3)ccc21
O=C1OCc2cc(CCCCCc3ccccc3)ccc21
O=C1OCc2cc(CCCCCc3ccccc3)ccc21
O=C1OCc2cc(NCCCCCc3ccccc3)ccc21
O=C1OCc2cc(NCCCCCc3ccccc3)ccc21
O=C1OCc2cc(NCCCCCc3ccccc3)ccc21
O=C1OCc2cc(NCCCCCc3ccccc3)ccc21
O=C1OCc2cc(NCCCCCc3ccccc3)ccc21
O=C1OCc2cc(NCCCCCc3ccccc3)ccc21
O=C(CCCCc1ccccc1)Nc1ccc2c(c1)COC2=O
O=C(CCCCCc1ccccc1)Nc1ccc2c(c1)COC2=O
O=C(CCCCCc1ccccc1)Nc1ccc2c(c1)COC2=O
O=C(CCCCCc1ccccc1)Nc1ccc2c(c1)COC2=O
O=C(CCCCCc1ccccc1)Nc1ccc2c(c1)COC2=O
O=C(CCCCCc1ccccc1)Nc1ccc2c(c1)COC2=O
O=C(CCCCCc1ccccc1)Nc1ccc2c(c1)COC2=O
O=C(CCCCc1ccccc1)Nc1ccc2c(c1)COC2=O
O=C(CCCCc1ccccc1)Nc1ccc2c(c1)COC2=O
O=C(CCCCCc1ccccc1)Nc1ccc2c(c1)COC2=O
O=C(CCCCCc1ccccc1)Nc1ccc2c(c1)COC2=O
O=C(CCCCc1ccccc1)Nc1ccc2c(c1)COC2=O
O=C(CCCCc1ccccc1)Nc1ccc2c(c1)COC2=O
O=C(CCCCc1ccccc1)Nc1ccc2c(c1)COC2=O
O=C(CCCc1ccccc1)Nc1ccc2c(c1)COC2=O
O=C(CCCc1ccccc1)Nc1ccc2c(c1)COC2=O
O=C(CCCc1ccccc1)Nc1ccc2c(c1)COC2=O
O=C(CCCc1ccccc1)Nc1ccc2c(c1)COC2=O
O=C1OCc2cc(NC(=O)C(CCc3ccccc3)CCC3CNC3)ccc21
O=C1OCc2cc(NC(=O)C(CCc3ccccc3)CCC3CNC3)ccc21
O=C1OCc2cc(NC(=O)C(CCc3ccccc3)CCC3CNC3)ccc21
O=C1OCc2cc(NC(=O)C(CCc3ccccc3)CCC3CN3)ccc21
O=C(CCCc1ccccc1)Nc1ccc2c(c1)COC2=O
O=C(CCCc1ccccc1)Nc1ccc2c(c1)COC2=O
O=C(CCCc1ccccc1)Nc1ccc2c(c1)COC2=O
O=C(CCCc1ccccc1)Nc1ccc2c(c1)COC2=O
O=C(CCCc1ccccc1)Nc1ccc2c(c1)COC2=O
O=C(CCCc1ccccc1)Nc1ccc2c(c1)COC2=O
O=C(CCCc1ccccc1)Nc1ccc2c(c1)COC2=O
O=C(CCCc1ccccc1)Nc1ccc2c(c1)COC2=O
O=C(CCCc1ccccc1)Nc1ccc2c(c1)COC2=O
O=C(CCCc1ccccc1)Nc1ccc2c(c1)COC2=O
O=C(CCCc1ccccc1)Nc1ccc2c(c1)COC2=O
O=C(CCCc1ccccc1)Nc1ccc2c(c1)COC2=O
O=C(CCCc1ccccc1)Nc1ccc2c(c1)COC2=O
O=C(CCCc1ccccc1)Nc1ccc2c(c1)COC2=O
O=C(CCCc1ccccc1)Nc1ccc2c(c1)COC2=O
O=C(CCCc1ccccc1)Nc1ccc2c(c1)COC2=O
O=C(CCCc1ccccc1)Nc1ccc2c(c1)COC2=O
O=C(CCCc1ccccc1)Nc1ccc2c(c1)COC2=O
O=C(CCCc1ccccc1)Nc1ccc2c(c1)COC2=O
O=C(CCCc1ccccc1)Nc1ccc2c(c1)COC2=O
O=C1OCc2cc(NC(=O)C(CCC3=CCC3)CCc3ccccc3)ccc21
O=C1OCc2cc(NC(=O)C(CCC3=CCC3)CCc3ccccc3)ccc21
O=C1OCc2cc(NC(=O)C(CCC3=CCCC3)CCc3ccccc3)ccc21
O=C1OCc2cc(NC(=O)C(CCC3=CCC=C3)CCc3ccccc3)ccc21
O=C1OCc2cc(NC(=O)C(CCC3=CCCC=C3)CCc3ccccc3)ccc21
O=C1OCc2cc(NC(=O)C(CCC3=CCCC=C3)CCc3ccccc3)ccc21
O=C1OCc2cc(NC(=O)C(CCc3ccccc3)CCc3ccccc3)ccc21
O=C1OCc2cc(NC(=O)C(CCc3ccccc3)CCc3ccccc3)ccc21
O=C1C=C2CCC3C(=C2CC1)C(c1ccc(C2COC2)cc1)CC1CCCC13
O=C1C=C2CCC3C(=C2CC1)C(c1ccc(C2COC2)cc1)C1CCCC31
O=C1C=C2CCC3C(=C2CC1)C(c1ccc(C2COC2)cc1)C1CCCC31
C1=C2CCC3C(=C2CCC1)C(c1ccc(C2COC2)cc1)C1CCCC31
C1=C2CCC3C(=C2CCC1)C(c1ccc(C2COC2)cc1)C1CCCC31
C1=C2CCC3C(=C2CCC1)C(c1ccc(C2COC2)cc1)C1CCCC31
C1=C(CCC2CC(c3ccc(C4COC4)cc3)C3CCCC23)CCCC1
C1=C(CC2CC(c3ccc(C4COC4)cc3)C3CCCC23)CCCC1
C1=C(CC2CC(c3ccc(C4COC4)cc3)C3CCCC23)CCCCC1
c1cc(C2CCC3CCCC32)ccc1C1COC1
c1cc(C2CCC3CCCC32)ccc1C1COC1
c1cc(C2CCC3CCCC32)ccc1C1COC1
c1cc(C2CC(CCCCCC3CC3)C3CCCC23)ccc1C1COC1
c1cc(C2CC(CCCCCC3CC3)C3CCCC23)ccc1C1CO1
c1ccc(C2CC(CCCCCC3CC3)C3CCCC23)cc1
c1ccc(C2CC(CCCCCC3CC3)C3CCCC23)cc1
c1ccc(C2CC(CCCCCC3CC3)C3CCCCC23)cc1
c1ccc(C2CC(CCCCCC3CC3)C3CCCCC23)cc1
c1ccc(C2CC(CCCCC3CC3)C3CCCCC23)cc1
c1ccc(C2CC(CCCC3CC3)C3CCCCC23)cc1
c1ccc(C2CC(CCCC3CC3)C3CCCCC23)cc1
c1ccc(C2CC(CCCC3CC3)C3CCCC23)cc1
c1ccc(C2C(CCCC3CC3)C3CCCC32)cc1
c1ccc(C2C(CCCC3CC3)C3CCC32)cc1
c1ccc(C2C(CCCC3CC3)C3CCC32)cc1
c1ccc(C2C(CCCC3CC3)C3CCCC32)cc1
c1ccc(C2C3CCCCC3C2CCCC2CC2)cc1
c1ccc(C2CC3CCC(CCCC4CC4)CC32)cc1
c1ccc(C2CC3CCC(CCCC4CC4)CC32)cc1
c1ccc(C2CC3CCC(CCCC4CC4)CC32)cc1
c1ccc(C2CCCCC(CCCC3CC3)CC2)cc1
c1ccc(C2CCCCC(CCCC3CC3)C(C3CC3)C2)cc1
c1ccc(C2CC2C2CCCCCCC2CCCC2CC2)cc1
c1ccc(C2CC2C2CCCCCC2CCCC2CC2)cc1
c1ccc(C2CC2C2CCCCCC2CCCC2CC2)cc1
c1ccc(C2CC2C2CCCCCC2CCCC2CC2)cc1
c1ccc(N2CC2C2CCCCCC2CCCC2CC2)cc1
c1ccc(N2CC2C2CCCCC2CCCC2CC2)cc1
c1ccc(N2CC2C2CCCCC2CCCC2CC2)cc1
c1ccc(N2CC2C2CCCCC2CCCC2CC2)cc1
C=C1CCCC(CCCC2CC2)C1C1CN1c1ccccc1
C=C1CCCC(CCCC2CC2)C1C1CN(c2ccccc2)C1
C=C1CCCC(CCCC2CC2)C1C1CN(c2ccccc2)C1
C1=C2CCCC(CCCC3CC3)C2C2CN(c3ccccc3)C2C1
C1=C2CCCC(CCCC3CC3)C2C2CN(c3ccccc3)C12
C1=C2CCCC(CCCC3CC3)C2C2CN(c3ccccc3)C12
C1=C2CCCC(CCCC3CC3)C2CC2CN(c3ccccc3)C12
C1=C2CCCC(CCCC3CCC3)C2CC2CN(c3ccccc3)C12
C1=C2CCCC(CCCC3CCCC3)C2CC2CN(c3ccccc3)C12
C1=C2CCCC(CCCC3CCCC3)C2CC2=C1N(c1ccccc1)C2
C1=C2CCCC(CCCC3CCCC3)C2CC2=C1N(Cc1ccccc1)C2
C1=C2CCCC(CCCC3CCC3)C2CC2=C1N(Cc1ccccc1)C2
C1=C2CCCC(CCCC3CCC3)C2CC2=C1N(Cc1ccccc1)CC2
C1=C2CCCC(CCCC3CCC3)C2CC2=C1N(c1ccccc1)CC2
C1=C2CCCC(CCCC3CCC3)C2Cc2ccn(-c3ccccc3)c21
C1=C2CCCC(CCCC3CCC3)C2Cc2ccn(Cc3ccccc3)c21
C1=C2CCCC(CCCC3CCC3)C2Cc2ccn(CCc3ccccc3)c21
C1=C2CCCC(CCCC3CCC3)C2Cc2cnn(CCc3ccccc3)c21
C1=C2CCCC(CCCC3CCC3)C2Cc2cnn(Cc3ccccc3)c21
C1=C2CCCC(CCCC3CCC3)C2Cc2cnn(-c3ccccc3)c21
C1=C2CCCC(CCCC3CC3)C2Cc2cnn(-c3ccccc3)c21
O=C1C=C2CCC3C(CCC4C3CC3OCOC34)C2CC1
O=C1C=C2CCC3C(CCC4C3CC3OCOC34)C2CC1
O=C1C=C2CCC3C(CCC4C3CC3OCOC34)C2CC1
O=C1C=C2CCC3C4CCCC4CCC3C2CC1
O=C1C=C2CCC3C4CCCC4CCC3C2CC1
O=C1C=C2CCC3C4CCCC4CCC3C2CC1
O=C1C=C2CCC3CCCCC3C2CC1
O=C1C=C2CCC3CCCCC3C2CC1
O=C1C=C2CCC3CCCCC3C2CC1
O=C1C=CC(C2CCCCC2)CC1
C1=CC(C2CCCCC2)CCC1
C1=CC(C2CCCCC2)CCC1
C1=CC(C2CCCCC2)CCCC1
C1=CC(C2CCCCC2)CCCC1
C1=CC(C2CCCCC2)CCCCC1
C1=CCCCCCC1
C1=CC(CC2CCCCC2)CCCCC1
C1=CC(CC2CCCCC2)CCCCC1
C1=CC(CC2CCCCC2)CCCCC1
C1=CCCCC(CC2CCCCC2)C=C1
C1=CCCCC(CNC2CCCCC2)C=C1
C1=CCCC=C(CNC2CCCCC2)C=C1
C1=CCC=C(CNC2CCCCC2)C=C1
c1ccc(CNC2CCCCC2)cc1
c1ccc(CCNC2CCCCC2)cc1
c1ccc(CCNC2CCCCC2)cc1
c1ccc(CCNC2CCCCC2)cc1
c1ccc(CCNC2CCCCCC2)cc1
c1ccc(CCNC2CCCCCC2)cc1
c1ccc(CCNC2CCCCCC2)cc1
c1ccc(CCNC2CCCCCC2)cc1
c1ccc(CCNC2CCCCCC2)cc1
c1ccc(CCNC2CCCCC2)cc1
c1ccc(CCCNC2CCCCC2)cc1
O=C(CCc1ccccc1)NC1CCCCC1
O=C(CCc1ccccc1)NC1CCCCC1
O=C(CCc1ccccc1)NC1CCCCC1
O=C(CCc1ccccc1)NC1CCCCC1
O=C(CCc1ccccc1)NC1CCCCCC1
O=C(NCCc1ccccc1)NC1CCCCCC1
O=C(NCCc1ccccc1)NC1CCCCCC1
O=C(NCCc1ccccc1)NC1CCCCCC1
O=C(NCCc1ccccc1)NC1CCCCCC1
O=C(NCCc1ccccc1)NC1CCCCCCC1
O=C(NCCc1ccccc1)NC1CCCCCCC1
O=C(NCCc1ccccc1)NC1CCCCCCC1
O=C(NCCc1ccccc1)NC1CCCCCCC1
O=C(NCCc1ccccc1)NC1CCCCCCC1
O=C(NCCc1ccccc1)NC1CCCCCCC1
O=C(NCCc1ccccc1)NC1CCCCCCC1
O=C(NCCc1ccccc1)NC1CCCCCCC1
O=C(NCCc1ccccc1)NC1CCCCCCC1
O=C(NCCc1ccccc1)NC1CCCCCCC1
O=C(NCCc1ccccc1)NC1CCCCCCC1
O=C(NCCc1ccccc1)NC1CCCCCC1
O=C(NCCc1ccccc1)NC1CCCCC1
O=C(NCCc1ccccc1)NC1CCCCC1
O=C(NCCc1ccccc1)NC1CCCCC1
O=C(NCCc1ccccc1)NC1CCCCCC1
O=C(NCCc1ccccc1)NC1CCCCCCC1
O=C(NCCOCc1ccccc1)NC1CCCCCCC1
O=C(NCCOCc1ccccc1)NC1CCCCCC1
O=C(NCCCOCc1ccccc1)NC1CCCCCC1
O=C(NCCCOCc1ccccc1)NC1CCCCC1
O=C(NCCCOCc1ccccc1)NC1CCCCC1
O=C(NC1CCCCC1)NC1CC1OCc1ccccc1
O=C(NC1CCCCCC1)NC1CC1OCc1ccccc1
O=C(NC1CCCCCCC1)NC1CC1OCc1ccccc1
O=C(NC1CCCCCCC1)NC1C=C1OCc1ccccc1
O=C(NC1CCCCCCC1)C1=C(OCc2ccccc2)C1
O=C(NC1CCCCCC1)C1=C(OCc2ccccc2)C1
O=C(NC1CCCCC1)C1=C(OCc2ccccc2)C1
O=C(NC1CCCCC1)C1=C(OCc2ccccc2)CC1
O=C(NC1CCCCC1)C1=C(OCc2ccccc2)CCC1
O=C(NC1CCCCC1)C1=C(OCc2ccccc2)C=CC1
O=C(NC1CCCCC1)C1=C(OCc2ccccc2)C=CC1
O=C(NC1CCCCCC1)C1=C(OCc2ccccc2)C=CC1
O=C(NC1CCCCCC1)C1=C(OCc2ccccc2)CC=CC1
O=C(NC1CCCCCC1)C1=CCC(OCc2ccccc2)=CC1
O=C(NC1CCCCCC1)C1=CC(OCc2ccccc2)=CC1
O=C(NC1CCCCC1)C1=CC(OCc2ccccc2)=CC1
O=C(NC1CCCCC1)C1=CC(OCc2ccccc2)=CC1
O=C(NC1CCCCC1)C1=CC(OCc2ccccc2)=CCC1
O=C(NC1CCCCC1)c1cccc(OCc2ccccc2)c1
O=C(NC1CCCCC1)C1=CC(OCc2ccccc2)=CCN=C1
O=C(NC1CCCCCC1)C1=CC(OCc2ccccc2)=CCN=C1
O=C(NC1CCCCCCC1)C1=CC(OCc2ccccc2)=CCN=C1
O=C(NC1CCCCCCC1)C1=CC(OCc2ccccc2)=CCN=C1
O=C(NC1CCCCCC1)C1=CC(OCc2ccccc2)=CCN=C1
O=C(NC1CCCCCC1)c1cncc(OCc2ccccc2)c1
O=C(NC1CCCCCC1)c1cncc(OCc2ccccc2)c1
O=C(NC1CCCCCC1)c1ccc(OCc2ccccc2)cn1
O=C(NC1CCCCCCC1)c1ccc(OCc2ccccc2)cn1
O=C(NC1CCCCCCC1)c1ccc(OCc2ccccc2)cc1
O=C(NC1CCCCCCC1)c1ccc(OCc2ccccc2)cn1
O=C(NC1CCCCCC1)c1ccc(OCc2ccccc2)cn1
O=C(NC1CCCCC1)c1ccc(OCc2ccccc2)cn1
O=C1C=C2CCC3C(CCC4C3CC3OCOC34)C2CC1
O=C1C=C2CCC3C(CCC4C3CC3OCOC34)C2CC1
O=C1C=C2CCC3C(CCC4C3CC3OCOC34)C2CC1
O=C1C=C2CCC3C4CCCC4CCC3C2CC1
C1=C2CCC3C4CCCC4CCC3C2CCC1
C1=C2CCC3C4CCCC4CCC3C2CCC1
C1=C2CCC3C4CCCC4CCC3C2CCC1
C1=C2CCC3C4CCCC4CCC3C2CCC1
C1=C2CCC3C4CCCC4CCC3C2CCC1
C1=C2CCC3C4CCCC4CCC3C2CCC1
C1=C2CCC3C4CCCC4CCC3C2CCC1
C1=C2CCC3C4CCCC4CCC3C2CCC1
C1=C2CCC3C4CCCC4CCC3C2CCC1
C1=C2CCC3CCCCC3C2CCC1
C1=C2CCC3CCCCC3C2CCC1
C1=C2CCC3CCCCC3C2CCC1
C1=C2CCCCC2CCC1
C1=C2CCCCC2CCC1
C1=CCCCC1
C1=CCCCC1
C1=CC(CCC2CC2)CCC1
C1=CC(CCC2C=C2)CCC1
C1=CC(CCC2C=C2)CCC1
C1=CC(CCC2C=C2)CCC1
C1=CC(CC2C=C2)CCC1
C1=CC(CC2C=C2)CCC1
C1=CC(CN2C=C2)CCC1
C1=CC(CN2C=C2)CCC1
C1=CC(CN2C=C2)CCC1
C1=CC(CN2C=C2)CCC1
C1=CC(CN2C=C2)CCC1
O=C(NCCCC1C=CCCC1)C1=CN1
O=C(NCCCC1C=CCCC1)C1=CN1
O=C(NCCCC1C=CCCCC1)C1=CN1
O=C(NCCCC1C=CCCCC1)C1=CN1
O=C(NCCCC1C=CCCC1)C1=CN1
O=C(NCCCC1C=CCCC1)C1=CN1
O=C(NCCCC1C=CCCC1)C1=CN1
O=C(NCCCC1C=CCCC1)C1=CN1
O=C(NCCCC1C=CCCC1)C1=CN1
O=C(NCCCC1C=CCCC1)C1=CN1
O=C(NCCCC1C=CCCC1)C1=CN1
O=C(NCCCC1C=CCCC1)C1=CN1
O=C(NCCCC1C=CCCC1)C1=CN1
O=C(NCCCC1C=CCCC1)C1=CN1
O=C(NCCCC1C=CCCCC1)C1=CN1
O=C(NCCCC1C=CCCCCC1)C1=CN1
O=C(NCCCC1C=CCCCCC1)C1=CN1
O=C(NCCCC1C=CCCCC1)C1=CN1
O=C(NCCCC1C=CCCCC1)C1=CN1
O=C(NCCCC1C=CCCCC1)C1=CN1
O=C(NCCCC1C=CCCCC1)C1=CN1
O=C(NCCCC1C=CCCCC1)C1=CN1
O=C(NCCCC1C=CCCCC1)C1=CN1
O=C(NCCCC1C=CCCCC1)C1=CN1
O=C(NCCCC1C=CCCCC1)C1=CN1
O=C(NCCCC1C=CCCCC1)C1=CN1
O=C(NCCCC1C=CCCCC1)C1=CN1
O=C(NCCCC1C=CCCCCC1)C1=CN1
O=C(NCCCC1C=CCCCCC1)C1=CN1
O=C(NCCCC1C=CCCCCC1)C1=CN1
O=C(NCCCC1C=CCCCCC1)C1=CN1
O=C(NCCCC1C=CCCCCC1)C1=CN1
O=C(NCCCC1C=CCCCCC1)C1=CN1
O=C(NCCCC1C=CCCCCC1)C1=CN1
O=C(NCCCC1C=CCCCC1)C1=CN1
O=C(NCCCC1C=CCCCC1)C1=CN1
O=C(NCCCC1C=CCCCC1)C1=CN1
O=C(NCCCC1C=CCCCC1)C1=CN1
O=C(NCCCC1C=CCCCC1)C1=CN1
O=C(NCCCC1C=CCCCC1)C1=CN1
O=C(NCCCC1C=CCCCC1)C1=CN1
O=C(NCCCC1C=CCCCCC1)C1=CN1
O=C(NCCCC1C=CCCCCC1)C1=CN1
O=C(NCCCC1C=CCCCCC1)C1=CN1
O=C(NCCCC1C=CCCCCC1)C1=CN1
O=C(NCCCC1C=CCCCCC1)C1=CN1
O=C(NCCCC1C=CCCCCC1)C1=CN1
O=C(NCCCC1C=CCCCCC1)C1=CN1
O=C(NCCCC1C=CCCCCC1)C1=CN1
O=C(NCCCC1C=CCCCCC1)C1=CN1
O=C(NCCCC1C=CCCCC1)C1=CN1
O=C(NCCCC1C=CCCCC1)C1=CN1
O=C(NCCCC1C=CCCCC1)C1=CN1
O=C(NCCCC1C=CCCCC1)C1=CN1
O=C(NCCCC1C=CCCCCC1)C1=CN1
O=C(NCCCC1C=CCCCCC1)C1=CN1
O=C(NCCCC1C=CCCCC1)C1=CN1
O=C(NCCCCC1C=CCCCC1)C1=CN1
O=C(NCCCCC1C=CCCCC1)C1=CN1
O=C(NCCCCC1C=CCCCC1)C1=CN1
O=C(NCCCCC1C=CCCCC1)C1=CN1
O=C(NCCCCC1C=CCCCCC1)C1=CN1
O=C(NCCCCC1C=CCCCCC1)C1=CN1
O=C(NCCCC1C=CCCCCC1)C1=CN1
O=C(NCCCC1C=CCCCCC1)C1=CN1
O=C(NCCCC1C=CCCCCC1)C1=CN1
O=C(NCCCC1C=CCCCC1)C1=CN1
O=C(NCCCC1C=CCCCC1)C1=CN1
O=C(NCCCC1C=CCCCC1)C1=CN1
O=C(NCCCC1CCCCC1)C1=CN1
O=C(NCCCC1CCCCC1)C1=CN1
O=C(NCCCC1CCCCC1)C1=CN1
O=C(NCCCC1CCCCCC1)C1=CN1
O=C(NCCCC1CCCCCC1)C1=CN1
O=C(NCCCC1CCCCC1)C1=CN1
O=C(NCCCC1CCCCC1)C1=CN1
O=C(NCCCC1CCCCC1)C1=CCN1
O=C(NCCCC1CCCCCC1)C1=CCN1
O=C(NCCCC1CCCCCC1)C1=CCN1
O=C(NCCCC1CCCCCC1)C1=CCN1
O=C(NCCCC1CCCCCC1)C1=CCCN1
O=C(NCCCC1CCCCC1)C1=CCCN1
O=C(NCCCC1CCCCC1)c1ccc[nH]1
O=C(NCCCC1CCCC1)c1ccc[nH]1
O=C(NCCCC1CCCC1)c1ccc[nH]1
O=C(NCCCC1CCCC1)c1ccc[nH]1
O=C(NCCCC1CCCC1)c1ccc[nH]1
O=C(NCCCC1CCCC1)c1ccc[nH]1
O=C(NCCCC1CCCC1)c1ccc[nH]1
O=C(NCCCC1C=CCC1)c1ccc[nH]1
O=C(NCCCC1C=CC1)c1ccc[nH]1
O=C(NCCCC1C=CC1)c1ccn[nH]1
O=C(NCCCC1C=CC1)c1ccn[nH]1
O=C(NCCCC1C=C1)c1ccn[nH]1
O=C(NCCCC1C=C1)c1ccn[nH]1
O=C(NCCCC1C=CC1)c1ccn[nH]1
O=C(NCCCC1C=CC1)c1ccn[nH]1
O=C(NCCCC1C=CCC1)c1ccn[nH]1
O=C(NCCCC1C=CCC1)c1ccn[nH]1
O=C(NCCCC1C=CCCC1)c1ccn[nH]1
O=C(NCCCC1C=CCCC1)c1ccn[nH]1
O=C(NCCCC1C=CCCCC1)c1ccn[nH]1
O=C(NCCCC1C=CCCCC1)c1ccn[nH]1
O=C(NCCCC1C=CCCCC1)c1ccn[nH]1
O=C(NCCCC1C=CCCCCC1)c1ccn[nH]1
O=C(NCCCC1C=CCCCCC1)c1ccn[nH]1
O=C(NCCCC1C=CCCCCC1)c1ccn[nH]1
O=C(NCCCC1C=CCCCCC1)c1ccn[nH]1
O=C(NCCCC1C=CCCCCC1)c1ccn[nH]1
O=C(NCCCC1C=CCCCC1)c1ccn[nH]1
C=C1CCCCCC1CCCNC(=O)c1ccn[nH]1
C=C1CCCCCC1CCCNC(=O)c1ccn[nH]1
C=C1CCCCC1CCCNC(=O)c1ccn[nH]1
C=C1CCCCC1CCCNC(=O)c1ccn[nH]1
C=C1CCCC1CCCNC(=O)c1ccn[nH]1
O=C(NCCCC1CCCC1=O)c1ccn[nH]1
O=C(NCCCC1CCCCC1=O)c1ccn[nH]1
O=C(NCCCC1CCCCCC1=O)c1ccn[nH]1
O=C(NCCCC1CCCCCCC1=O)c1ccn[nH]1
O=C(NCCCC1CCCCCCC1=O)c1ccn[nH]1
O=C(NCCCC1CCCCCCC1=O)c1ccn[nH]1
O=C(NCCCC1CCCCCCC1=O)c1ccn[nH]1
O=C(NCCCC1CCCCCCC1=O)c1ccn[nH]1
O=C(NCCCC1CCCCCC1=O)c1ccn[nH]1
O=C(NCCCC1CCCCCC1=O)c1ccn[nH]1
O=C(NCCCC1CCCC2CCCCC2C1=O)c1ccn[nH]1
O=C(NCCCC1CCCC2CCCC2C1=O)c1ccn[nH]1
O=C(NCCCC1CCCC2CCC2C1=O)c1ccn[nH]1
O=C(NCCCC1CCCC2CCC2C1)c1ccn[nH]1
O=C(NCCCC1CCCC2=CCC2C1)c1ccn[nH]1
O=C(NCCCC1CCCC2=CC=C2C1)c1ccn[nH]1
O=C(NCCCC1CCCC2=CC=C2C1)c1ccn[nH]1
O=C(NCCCC1CCCCC2=CC=C2C1)c1ccn[nH]1
O=C(NCCCC1CCCCC2=CC=C21)c1ccn[nH]1
O=C(NCCCC1CCCCC2=CC=C21)c1ccn[nH]1
O=C(NCCCC1CCCCC2=CC=C21)c1ccn[nH]1
O=C(NCCCC1CCCCC2=CC=C21)c1ccn[nH]1
O=C(NCCCC1CCCCC2=CC=C21)c1ccn[nH]1
O=C(Cc1ccn[nH]1)NCCCC1CCCCC2=CC=C21
O=C(Cc1ccn[nH]1)NCCCC1CCCCC2=CC=C21
O=C(NCCCC1CCCCC2=CC=C21)c1ccn[nH]1
O=C(NCCCC1CCCCC2=CC=C21)c1ccn[nH]1
O=C(NCCCC1CCCC2=CC=C21)c1ccn[nH]1
O=C(NCCCC1CCCC2=CC=C21)c1ccn[nH]1
O=C(NCCCC1CCCC2=CC=C21)c1ccn[nH]1
O=C(NCCCC1CCCC2=CC=C21)c1ccn[nH]1
O=C(NCCCC1CCCC2=CC=C21)c1ccn[nH]1
O=C(NCCCC1CCCC2=CC=C21)c1ccn[nH]1
O=C(NCCCC1CCCC2=CC=C21)c1ccn[nH]1
O=C(NCCCC1CCCCC2=CC=C21)c1ccn[nH]1
O=C(NCCCC1CCCCC2=CC=C21)c1ccn[nH]1
O=C(NCCCC1CCCCC2=CCC=C21)c1ccn[nH]1
O=C(NCCCC1CCCC2=CCC=C21)c1ccn[nH]1
O=C(NCCCC1CCCC2=CCCC=C21)c1ccn[nH]1
O=C(NCCCC1CCCc2ccccc21)c1ccn[nH]1
O=C(NCCCC1CCCc2ccccc21)c1ccn[nH]1
O=C(NCCCC1CCCCc2ccccc21)c1ccn[nH]1
O=C(NCCCC1CCCCc2ccccc21)c1ccn[nH]1
O=C(NCCCC1CCCc2ccccc21)c1ccn[nH]1
O=C(NCCCC1CCCc2ccccc21)c1ccn[nH]1
O=C(NCCCC1CCCc2ccccc21)c1ccn[nH]1
O=C(NCCCC1CCCc2ccccc21)c1ccn[nH]1
O=C(NCCCC1CCCc2ccccc21)c1ccn[nH]1
O=C(NCCCC1CCCc2ccccc21)c1ccn[nH]1
O=C(NCCCC1CCCc2ccccc21)c1ccn[nH]1
O=C(NCCCC1CCCc2ccccc21)c1ccn[nH]1
O=C(NCCCC1CCCc2ccccc21)c1ccn[nH]1
O=C(NCCCC1CCCc2ccccc21)c1ccn[nH]1
O=C(NCCCC1CCCc2ccccc21)c1ccn[nH]1
O=C(NCCCC1CCCc2ccccc21)c1ccn[nH]1
O=C(Nc1cccnc1)c1ccc2c(c1)CCC1C3CCCC3CC(OCc3ccccc3)C21
O=C(Nc1cccnc1)c1ccc2c(c1)CCC(C1CCCC1CCOCc1ccccc1)C2
O=C(NCc1cccnc1)c1ccc2c(c1)CCC(C1CCCC1CCOCc1ccccc1)C2
O=C(NCc1cccnc1)c1ccc2c(c1)CCC(C1CCCOC1CCOCc1ccccc1)C2
O=C(NCc1ccc2c(c1)CCC(C1CCCOC1CCOCc1ccccc1)C2)c1cccnc1
O=C(NCc1ccc2c(c1)CCC(C1CCCOC1CCOCc1ccccc1)C2)c1cccnc1
O=C(NCc1ccc2c(c1)CCC(C1CCCOC1CCOCc1ccccc1)C2)c1cccnc1
O=C(NCc1ccc(CCC2CCCOC2CCOCc2ccccc2)cc1)c1cccnc1
O=C(NCc1ccc(CCC2CCNOC2CCOCc2ccccc2)cc1)c1cccnc1
O=C(NCc1ccc(CCC2CCNOC2CCCCc2ccccc2)cc1)c1cccnc1
O=C(NCc1ccc(CCC(CCCCCc2ccccc2)CCN2CO2)cc1)c1cccnc1
O=C(NCc1ccc(CCC(CCCCc2ccccc2)CCN2CO2)cc1)c1cccnc1
O=C(NCc1ccc(-c2ccccc2CCCCCCCN2CO2)cc1)c1cccnc1
O=C(NCc1ccc(-c2ccccc2CCCCCCCCCCN2CO2)cc1)c1cccnc1
O=C(NCc1ccc(-c2ccccc2CCCCCCCCCN2CO2)cc1)c1cccnc1
O=C(NCc1ccc(-c2ccccc2CCCCCCCCN2CO2)cc1)c1cccnc1
O=C(NCc1ccc(-c2c(CCCCCCCCN3CO3)cc3cc2-3)cc1)c1cccnc1
O=C(NCc1ccc(-c2c(CCCCCCCN3CO3)cc3cc2-3)cc1)c1cccnc1
O=C(NCc1ccc(-c2cc(CCCCN3CO3)c3cc2-3)cc1)c1cccnc1
O=C(NCc1ccc(-c2cc(CCCN3CO3)c3cc2-3)cc1)c1cccnc1
O=C(NCc1ccc(-c2cc(CCCN3CO3)c3cc2-3)cc1)c1cccnc1
O=C(NCc1ccc(-c2cc(CCCN3CO3)c3cc2-3)cc1)c1cncnc1
O=C(NCc1ccc(-c2cc(CCN3CO3)c3cc2-3)cc1)c1cncnc1
O=C(NCc1ccc(-c2cc(CCN3CO3)c3cc2-3)cc1)c1cncnc1
O=C(NCc1ccc(-c2cc(CCN3CO3)c3cc2-3)cc1)c1cncnc1
O=C(NCc1ccc(-c2cc(CCN3CO3)c3cc2-3)cc1)c1cncnc1
O=C(NCc1ccc(-c2cc(CCN3CO3)c3cc2-3)cc1)c1cncnc1
O=C(NCc1ccc(-c2cc(CN3CO3)c3cc2-3)cc1)c1cncnc1
O=C(NCc1ccc(-c2cc(N3CO3)c3cc2-3)cc1)c1cncnc1
O=C(NCc1ccc(-c2cc(N3CO3)c3cc2-3)cc1)c1cccnc1
O=C(NCc1ccc(-c2cc(N3CO3)c3cc2-3)cc1)c1cccnc1
O=C(NCc1ccc(-c2cc(N3CN3)c3cc2-3)cc1)c1cccnc1
O=C(NCc1ccc(-c2cc(N3CN3)c3cc2-3)cc1)c1cccnc1
O=C(NCc1ccc(-c2cc(N3CN3)c3cc2-3)cc1)c1cccnc1
O=C(NCc1ccc(-c2cc(N3CN3)c3cc2-3)cc1)c1cccnc1
O=C(NCc1ccc(-c2cc(N3CC3)c3cc2-3)cc1)c1cccnc1
O=C(NCc1ccc(-c2c3cc-3c3c2CCN3)cc1)c1cccnc1
O=C(NCc1ccc(-c2c3cc-3c3[nH]ccc23)cc1)c1cccnc1
O=C(NCc1ccc(-c2c3cc-3c3[nH]ncc23)cc1)c1cccnc1
O=C(NCc1ccc(-c2c3cc-3c3[nH]ncc23)cc1)c1cccnc1
O=C(NCc1ccc(-c2c3cc-3c3[nH]ncc23)cc1)c1cccnc1
O=C(NCc1ccc(-c2c3cc-3c3[nH]ncc23)cc1)c1cccnc1
O=C(NCc1ccc(C2=c3cn[nH]c3=CC2)cc1)c1cccnc1
O=C(NCc1ccc(C2=c3cn[nH]c3=NC2)cc1)c1cccnc1
O=C(NCc1ccc(C2=c3cn[nH]c3=NC2)cc1)c1cccnc1
O=C(NCc1ccc(-c2onc3[nH]ncc23)cc1)c1cccnc1
O=C(NCc1ccc(-c2onc3[nH]ncc23)cc1)c1cccnc1
O=C(NCc1ccc(-c2onc3[nH]ncc23)cc1)c1cccnc1
O=C(NCc1ccc(-c2onc3[nH]ncc23)cc1)c1cccnc1
O=C(NCc1ccc(-c2onc3[nH]ncc23)cc1)c1cncc(C2CN2)c1
O=C(NCc1ccc(-c2onc3[nH]ncc23)cc1)c1cncc(C2CN2)c1
O=C(NCc1ccc(-c2onc3[nH]ncc23)cc1)c1cncc(C2=CN2)c1
O=C(NCc1ccc(-c2onc3[nH]ncc23)cc1)c1cncc(C2=CN2)c1
O=C(NCc1ccc(-c2onc3[nH]ncc23)cc1)c1cncc(C2=CN2)c1
O=C(NCc1ccc(-c2onc3[nH]ncc23)cc1)c1cncc(C2=NN2)c1
O=C(NCc1ccc(-c2onc3[nH]ncc23)cc1)c1cnc2c(c1)C1=NN1C2
O=C(NCc1ccc(-c2onc3[nH]ncc23)cc1)c1cnc2c(c1)c1nn2-1
O=C(NCc1ccc(-c2onc3[nH]ncc23)cc1)c1cnc2[nH]ncc2c1
O=C(NCc1ccc(-c2onc3[nH]ncc23)cc1)c1cnc2[nH]ncc2c1
O=C(NCc1ccc(-c2onc3[nH]ncc23)cc1)c1cnc2[nH]ncc2c1
N=C1Cc2noc(-c3ccc(CNC(=O)c4cnc5[nH]ncc5c4)cc3)c21
O=C(NCc1ccc(-c2oncc2C2=NNC2)cc1)c1cnc2[nH]ncc2c1
O=C(NCc1ccc(-c2oncc2C2=CNC2)cc1)c1cnc2[nH]ncc2c1
O=C(NCc1ccc(-c2oncc2C2=C3NC32)cc1)c1cnc2[nH]ncc2c1
O=C(NCc1ccc(-c2oncc2C2=CC2)cc1)c1cnc2[nH]ncc2c1
O=C(NCc1ccc(-c2oncc2C2=C=CC2)cc1)c1cnc2[nH]ncc2c1
O=C(NCc1ccc(-c2oncc2C2=C=CC2)cc1)c1cnc2[nH]ncc2c1
O=C(NCc1ccc(-c2oncc2C2=C=CCN2)cc1)c1cnc2[nH]ncc2c1
O=C(NCc1ccc(-c2oncc2C2=CCN2)cc1)c1cnc2[nH]ncc2c1
O=C(NCc1ccc(-c2oncc2C2=CCN2)cc1)c1cnc2[nH]ncc2c1
O=C(NCc1ccc(-c2oncc2C2=CCN2)cc1)c1cnc2[nH]ncc2c1
O=C(NCc1ccc(-c2oncc2C2CN2)cc1)c1cnc2[nH]ncc2c1
O=C(NCc1ccc(-c2oncc2C2CN2)cc1)c1cnc2[nH]ncc2c1
O=C(NCc1ccc(-c2oncc2C2=NC2)cc1)c1cnc2[nH]ncc2c1
O=C(NCc1ccc(Cc2oncc2C2=NC2)cc1)c1cnc2[nH]ncc2c1
O=C(NCc1ccc(Cc2oncc2C2=CC2)cc1)c1cnc2[nH]ncc2c1
O=C(NCc1ccc(C2=C(c3cnoc3)C2)cc1)c1cnc2[nH]ncc2c1
O=C(NCc1ccc(C2=C(c3cnoc3)C2)cc1)c1cnc2[nH]ncc2c1
O=C(NCc1ccc(CCc2cnoc2)cc1)c1cnc2[nH]ncc2c1
O=C(NCc1ccc(Cc2cnoc2)cc1)c1cnc2[nH]ncc2c1
O=C(NCc1ccc(-c2cnoc2)cc1)c1cnc2[nH]ncc2c1
O=C(Nc1cccnc1)c1ccc2c(c1)CCC1C3CCCC3CC(OCc3ccccc3)C21
O=C(Nc1cccnc1)c1ccc2c(c1)CCC1C3CCCC3C(OCc3ccccc3)C21
O=C(Nc1cccnc1)c1ccc2c(c1)CCC1C3CCCC3C(OCc3ccccc3)C21
O=C(Nc1cccnc1)c1ccc2c(c1)CCC1CCCCC3c4ccccc4COC3C21
O=C(Nc1cccnc1)c1ccc2c(c1)CCC(CCCCC1COCc3ccccc31)C2
O=C(Nc1cccnc1)c1ccc2c(c1)CCC(CCCCC1COCc3ccccc31)C2
O=C(Nc1cccnc1)c1ccc2c(c1)CCC(CCCCC1CCCc3ccccc31)C2
O=C(Nc1cccnc1)c1ccc2c(c1)CCC(CC1CCCc3ccccc31)C2
O=C(Nc1cccnc1)c1ccc2c(c1)CCC(C1CCCc3ccccc31)C2
O=C(Nc1cccnc1)c1ccc2c(c1)CCC(C1CCCc3ccccc31)C2
O=C(Nc1cccnc1)c1ccc2c(c1)CCC(C1CCCc3ccccc31)C2
O=C(Nc1cccnc1)c1ccc2c(c1)CCC(C1CCCc3ccccc31)C2
O=C(Nc1cccnc1)c1ccc2c(c1)CCC(C1CCCc3ccccc31)C2
O=C(Nc1cccnc1)c1ccc2c(c1)CCC(C1CCCc3ccccc31)CC2
O=C(Nc1cccnc1)c1ccc2c(c1)CCC(C1CCCc3ccccc31)CC2
O=C(Nc1cccnc1)c1ccc2c(c1)CCC(C1CCCc3ccccc31)CC2
O=C(Nc1cccnc1)c1ccc2c(c1)CCC(C1CCCc3ccccc31)CC2
O=C(Nc1cccnc1)c1ccc2c(c1)CCC(C1CCCc3ccccc31)CC2
O=C(Nc1cccnc1)c1ccc2c(c1)CCC(C1CCCc3ccccc31)CCC2
O=C(CCCC1(C2CCCc3ccccc3CC2)CCCc2ccccc21)Nc1cccnc1
O=C(CCCC1(C2CCCc3ccccc3CC2)CCCc2ccccc21)Nc1cccnc1
O=C(CCCC1(C2CCc3ccccc3CC2)CCCc2ccccc21)Nc1cccnc1
O=C(CCCC1(C2CCc3ccccc3CC2)CCCc2ccccc21)Nc1cccnc1
O=C(CCCC1(C2CCCc3ccccc3CC2)CCCc2ccccc21)Nc1cccnc1
O=C(CCCC1(C2CCCc3ccccc3CC2)CCCc2ccccc21)Nc1cccnc1
O=C(CCC1(C2CCCc3ccccc3CC2)CCCc2ccccc21)Nc1cccnc1
O=C(CCC1(C2CCCc3ccccc3CC2)CCCc2ccccc21)Nc1cccnc1
O=C(CCC1(C2CCCc3ccccc3CC2)CCCc2ccccc21)Nc1cccnc1
O=C(CCC1(C2CCc3ccccc3CC2)CCCc2ccccc21)Nc1cccnc1
O=C(CCC1(C2CCc3ccccc3CC2)CCCc2ccccc21)Nc1cccnc1
O=C(CCC1(C2CCc3ccccc3CC2)CCCc2ccccc21)Nc1cccnc1
O=C(CCC1(C2CCCc3ccccc3CC2)CCCc2ccccc21)Nc1cccnc1
O=C(CCC1(C2CCCc3ccccc3CC2)CCCCc2ccccc21)Nc1cccnc1
O=C(CCC1(C2CCCc3ccccc3CC2)CCCCc2ccccc21)Nc1cccnc1
O=C(CCC1(C2CCCc3ccccc3CC2)CCCCc2ccccc21)Nc1cccnc1
O=C(CCC1(C2CCCc3ccccc3C2)CCCCc2ccccc21)Nc1cccnc1
O=C(CCC1(C2CCCc3ccccc3C2)CCCCc2ccccc21)Nc1cccnc1
O=C(CCC1(C2CCCc3ccccc3C2)CCCCCc2ccccc21)Nc1cccnc1
O=C(CCC1(C2CCCc3ccccc3C2)CCCCCc2ccccc21)Nc1cccnc1
O=C(CCC1(C2CCCc3ccccc3C2)CCCCCc2ccccc21)Nc1cccnc1
O=C(CCC1(C2CCCc3ccccc3C2)CCCCCc2ccccc21)Nc1cccnc1
O=C(CCC1(C2CCCc3ccccc3C2)CCCCCc2ccccc21)Nc1cccnc1
O=C(CCC1(C2CCCc3ccccc3C2)CCCCc2ccccc21)Nc1cccnc1
O=C(CCC1(C2CCc3ccccc3CC2)CCCCc2ccccc21)Nc1cccnc1
O=C(CCC1(C2CCc3ccccc3CC2)CCCCc2ccccc21)Nc1cccnc1
O=C(CCC1(C2CCc3ccccc3C2)CCCCc2ccccc21)Nc1cccnc1
O=C(CCC1(C2CCc3ccccc3C2)CCCCc2ccccc21)Nc1cccnc1
O=C(CCC1(C2CCCc3ccccc3C2)CCCCc2ccccc21)Nc1cccnc1
O=C(CCC1(C2CCCc3ccccc3C2)CCCc2ccccc21)Nc1cccnc1
O=C(CCC1(C2CCc3ccccc3C2)CCCc2ccccc21)Nc1cccnc1
O=C(CCC1(C2CCc3ccccc3C2)CCCc2ccccc21)Nc1cccnc1
O=C(CCC1(C2CCc3ccccc3C2)CCCc2ccccc21)Nc1cccnc1
O=C(CCC1(C2CCc3ccccc3C2)CCCCc2ccccc21)Nc1cccnc1
O=C(CCC1(C2CCCc3ccccc3C2)CCCCc2ccccc21)Nc1cccnc1
O=C(CCC1(C2CCCc3ccccc3C2)CCCc2ccccc21)Nc1cccnc1
O=C(CCC1(C2CCCCc3ccccc3C2)CCCc2ccccc21)Nc1cccnc1
O=C(CCC1(C2CCCCc3ccccc3C2)CCCc2ccccc21)Nc1cccnc1
O=C(CCC1(C2CCCCc3ccccc3C2)CCCc2ccccc21)Nc1cccnc1
O=C(CCC1(C2CCCCc3ccccc3C2)CCCc2ccccc21)Nc1cccnc1
O=C(CCC1(C2CCCCc3ccccc3C2)CCCCc2ccccc21)Nc1cccnc1
O=C(CCC1(C2CCCCc3ccccc3C2)CCCCc2ccccc21)Nc1ccccc1
O=C(CCC1(C2CCCCc3ccccc3C2)CCCc2ccccc21)Nc1ccccc1
O=C(CCC1(C2CCCc3ccccc3C2)CCCc2ccccc21)Nc1ccccc1
O=C(CCC1(C2CCCc3ccccc3C2)CCCc2ccccc21)Nc1ccccc1
O=C(CCC1(C2CCCc3ccccc3C2)CCCc2ccccc21)Nc1ccccc1
O=C(CCC1(C2CCCc3ccccc3C2)CCCc2ccccc21)Nc1ccccc1
O=C(CCC1(C2CCCc3ccccc3C2)CCCc2ccccc21)Nc1ccccc1
O=C(CCC1(C2CCCc3ccccc3C2)CCCc2ccccc21)Nc1ccccc1
O=C(CCC1(C2CCCc3ccccc3C2)CCCc2ccccc21)Nc1ccccc1
O=C(CCC1(C2CCCc3ccccc3C2)CCCc2ccccc21)Nc1ccccc1
O=C(CCC1(C2CCCc3ccccc3C2)CCCc2ccccc21)Nc1ccccc1
O=C(CCC1(C2CCCc3ccccc3C2)CCCc2ccccc21)Nc1ccc2c(c1)CCC2
O=C(CCC1(C2CCCc3ccccc3C2)CCCc2ccccc21)Nc1ccc2c(c1)CCC2
O=C(CCC1(C2CCCc3ccccc3C2)CCCc2ccccc21)Nc1ccc2c(c1)CCC2
O=C(CCC1(C2CCCc3ccccc3C2)CCCc2ccccc21)Nc1ccc2c(c1)CCCC2
O=C(CCC1(C2CCc3ccccc3C2)CCCc2ccccc21)Nc1ccc2c(c1)CCCC2
O=C(CCC1(C2CCc3ccccc3C2)CCCc2ccccc21)Nc1ccc2c(c1)CCCCC2
O=C(CCC1(C2CCc3ccccc3CC2)CCCc2ccccc21)Nc1ccc2c(c1)CCCCC2
O=C(CCC1(C2CCc3ccccc3CC2)CCCc2ccccc21)Nc1ccc2c(c1)CCCCCC2
O=C(CCC1(C2CCc3ccccc3CC2)CCCCc2ccccc21)Nc1ccc2c(c1)CCCCCC2
O=C(CCC1(C2CCCc3ccccc3CC2)CCCCc2ccccc21)Nc1ccc2c(c1)CCCCCC2
O=C(CCC1(C2CCCc3ccccc3CC2)CCCCc2ccccc21)Nc1ccc2c(c1)CCCCC2
O=C(CCC1(C2CCCc3ccccc3CC2)CCCCc2ccccc21)Nc1ccc2c(c1)CCCC2
O=C(CCC1(C2CCCc3ccccc3CC2)CCCCc2ccccc21)Nc1ccc2c(c1)CCC2
O=C(CCC1(C2CCCc3ccccc3CC2)CCCCc2ccccc21)Nc1ccc2c(c1)CC2
O=C(CCC1(C2CCCc3ccccc3CC2)CCCCc2ccccc21)Nc1ccc2c(c1)CC2
O=C(CCC1(C2CCCc3ccccc3CC2)CCCCc2ccccc21)Nc1ccc2c(c1)CO2
O=C(CCC1(C2CCCc3ccccc3CC2)CCCCc2ccccc21)Nc1ccccc1
O=C(CCC1(C2CCCc3ccccc3CC2)CCCCc2ccccc21)Nc1ccccc1
O=C(CCC1(C2CCCc3ccccc3CC2)CCCCc2ccccc21)Nc1ccccc1
O=C(CCC1(C2CCCc3ccccc3CC2)CCCCCc2ccccc21)Nc1ccccc1
O=C(CCC1(C2CCCCc3ccccc3C2)CCCCCc2ccccc21)Nc1ccccc1
O=C(CCC1(C2CCCCc3ccccc3C2)CCCCCc2ccccc21)Nc1ccccc1
O=C(CCC1(C2CCCCc3ccccc3C2)CCCCc2ccccc21)Nc1ccccc1
O=C(CCC1(C2CCCCC3=CCC=C3C2)CCCCc2ccccc21)Nc1ccccc1
O=C(CCC1(C2CCCCC3=CCC=C3C2)CCCc2ccccc21)Nc1ccccc1
O=C(CCC1(C2CCCCC3=CC=C3C2)CCCc2ccccc21)Nc1ccccc1
O=C(CCC1(C2CCCCC3C=C3C2)CCCc2ccccc21)Nc1ccccc1
O=C(CCC1(C2CCCCCCC2)CCCc2ccccc21)Nc1ccccc1
O=C(CCC1(C2CCCCCCC2)CCCc2ccccc21)Nc1ccccc1
O=C(CCC1(C2CCCCCC2)CCCc2ccccc21)Nc1ccccc1
O=C(CCC1(C2CCCCCC2)CCCc2ccccc21)Nc1ccccc1
O=C(CCC1(C2CCCCC2)CCCc2ccccc21)Nc1ccccc1
O=C(CCC1(C2CCCCC2)CCCc2ccccc21)Nc1ccccc1
O=C(CCC1(C2CCCCC2)CCCc2ccccc21)Nc1ccc2c(c1)CC2
O=C(CCC1(C2CCCCC2)CCCc2ccccc21)Nc1ccc2c(c1)CC2
O=C(CCC1(C2CCCCC2)CCCc2ccccc21)Nc1ccc2c(c1)CC2
O=C(CCC1(C2CCCCCC2)CCCc2ccccc21)Nc1ccc2c(c1)CC2
O=C(CCC1(C2CCCCCC2)CCCc2ccccc21)Nc1ccc2c(c1)CC2
O=C(CCC1(C2CCCCC2)CCCc2ccccc21)Nc1ccc2c(c1)CC2
O=C(CCC1(C2CCCCC2)CCCc2ccccc21)Nc1ccc2c(c1)C=C2
O=C(CCC1(C2CCCCC2)CCCc2ccccc21)Nc1ccc2c(c1)C=C2
O=C(CCC1(C2CCCCC2)CCCc2ccccc21)Nc1ccccc1
O=C(CCC1(C2CCCCC2)CCCc2ccccc21)Nc1ccccc1
O=C(CCC1(C2CCCCC2)CCCc2ccccc21)Nc1ccc(C2=CC2)cc1
O=C(CCC1(C2CCCCC2)CCCc2ccccc21)Nc1ccc(C2=CC2)cc1
O=C(CCC1(C2CCCCCC2)CCCc2ccccc21)Nc1ccc(C2=CC2)cc1
O=C(CCC1(C2CCCCCCC2)CCCc2ccccc21)Nc1ccc(C2=CC2)cc1
O=C(CCC1(C2CCCCCCC2)CCCc2ccccc21)Nc1ccc(C2=CC2)cc1
O=C(CCC1(C2CCCCCCC2)CCCc2ccccc21)Nc1cccc(C2=CC2)c1
O=C(CCC1(C2CCCCCCC2)CCCc2ccccc21)Nc1cccc(C2=CC2)c1
O=C(CCC1(C2CCCCCC2)CCCc2ccccc21)Nc1cccc(C2=CC2)c1
O=C(CCC1(C2CCCCCC2)CCCc2ccccc21)Nc1cccc(C2=CC2)c1
O=C(CCC1(C2CCCCCC2)CCCc2ccccc21)Nc1cccc(C2=CC2)c1
O=C(CCC1(C2CCCCCC2)CCCc2ccccc21)Nc1cccc(C2=CC2)c1
O=C(CCC1(C2CCCCCC2)CCCc2ccccc21)Nc1cccc(C2=CC2)c1
O=C(CCC1(C2CCCCCCC2)CCCc2ccccc21)Nc1cccc(C2=CC2)c1
O=C(CCC1(C2CCCCCCC2)CCCc2ccccc21)Nc1cccc(C2=CC2)c1
O=C(CCC1(C2CCCCCCC2)CCCc2ccccc21)Nc1cccc(C2=CC2)c1
O=C(CCC1(C2CCCCCC2)CCCc2ccccc21)Nc1cccc(C2=CC2)c1
O=C(CCC1(C2CCCCCC2)CCCc2ccccc21)Nc1cccc(C2=CC2)c1
O=C(CCC1(C2CCCCCC2)CCCc2ccccc21)Nc1cccc(C2=CCO2)c1
O=C(CCC1(C2CCCCCC2)CCCc2ccccc21)Nc1cccc(C2=CC(=O)O2)c1
O=C(CCC1(C2CCCCCC2)CCCc2ccccc21)Nc1cccc(C2=CC(=O)O2)c1
O=C(CCC1(C2CCCCCCC2)CCCc2ccccc21)Nc1cccc(C2=CC(=O)O2)c1
O=C(CCC1(C2CCCCCCC2)CCCc2ccccc21)Nc1cccc(C2=CC(=O)O2)c1
O=C(CCC1(C2CCCCCCC2)CCCc2ccccc21)Nc1ccc2c(c1)C=CC2=O
O=C(CCC1(C2CCCCCC2)CCCc2ccccc21)Nc1ccc2c(c1)C=CC2=O
O=C(CCC1(C2CCCCC2)CCCc2ccccc21)Nc1ccc2c(c1)C=CC2=O
O=C(CCC1(C2CCCCC2)CCCc2ccccc21)Nc1ccc2c(c1)C=CC2=O
O=C(CCC1(C2CCCCC2)CCCCc2ccccc21)Nc1ccc2c(c1)C=CC2=O
O=C(CCC1(C2CCCCC2)CCCCc2ccccc21)Nc1ccc2c(c1)C=CC2=O
O=C(CCC1(C2CCCCC2)CCCCc2ccccc21)Nc1ccc2c(c1)C=NC2=O
O=C(CCC1(C2CCCCCC2)CCCCc2ccccc21)Nc1ccc2c(c1)C=NC2=O
O=C(CCC1(C2CCCCCC2)CCCc2ccccc21)Nc1ccc2c(c1)C=NC2=O
O=C(CCC1(C2CCCCCC2)CCc2ccccc21)Nc1ccc2c(c1)C=NC2=O
O=C(CCC1(C2CCCCCC2)CCc2ccccc21)Nc1ccc2c(=O)oncc2c1
O=C(CCC1(C2CCCCC2)CCc2ccccc21)Nc1ccc2c(=O)oncc2c1
O=C(CCC1(C2CCCCC2)CCCc2ccccc21)Nc1ccc2c(=O)oncc2c1
O=C(CCC1(C2CCCC2)CCCc2ccccc21)Nc1ccc2c(=O)oncc2c1
O=C(Nc1cccnc1)c1ccc2c(c1)CCC1C3CCCC3CC(OCc3ccccc3)C21
O=C(Nc1cccnc1)c1ccc2c(c1)CCC1C3CCCC3CC(OCc3ccccc3)C21
O=C(Nc1cccnc1)c1ccc2c(c1)CCC1C3CCCC3CC(OCc3ccccc3)C21
O=C(Nc1cccnc1)c1ccc2c(c1)CCC1C3CCC3CC(OCc3ccccc3)C21
O=C(Nc1cccnc1)c1ccc2c(c1)CCC1C3CCC3CC(OCc3ccccc3)C1N2
O=C(Nc1cccnc1)c1ccc2c(c1)CCC1C3CCC3CC(OCc3ccccc3)C1N2
c1cncc(-c2ccc(COC3CC4CCC4C4CCc5ccccc5NC34)cc2)c1
c1cncc(-c2ccc(COC3CC4CCC4C4CCc5ccccc5NC34)cc2)c1
c1cncc(-c2ccc(COC3CC4CCC4C4CCc5ccccc5NC34)cc2)c1
c1cncc(-c2ccc(COC(CC3CCC3)C3CCCc4ccccc4N3)cc2)c1
c1cncc(-c2ccc(OC(CC3CCC3)C3CCCc4ccccc4N3)cc2)c1
c1ccc(NCC(CC2CCC2)Oc2ccc(-c3cccnc3)cc2)cc1
c1ccc(NCC(CC2CCC2)Oc2ccc(-c3cccnc3)cc2)cc1
c1ccc(NCC2CC3CCC3c3cc(-c4cccnc4)ccc3O2)cc1
c1ccc(NCC2CC3CCC3c3cc(-c4cccnc4)ccc3O2)cc1
c1ccc(NCC2CC3CCC3c3cc(-c4cccnc4)ccc3O2)cc1
c1ccc(NCC2CC3CC3c3cc(-c4cccnc4)ccc3O2)cc1
c1ccc(NCC2Oc3ccc(-c4cccnc4)cc3C3CC3O2)cc1
c1ccc(NCC2Oc3ccc(-c4cccnc4)cc3C3CC3O2)cc1
c1ccc(NCC2Oc3ccc(-c4cccnc4)cc3C3CC3O2)cc1
c1ccc(NCC2Oc3ccc(-c4cccnc4)cc3C3CC3O2)cc1
c1ccc(NCC2Oc3ccc(-c4cccnc4)cc3C3CC3O2)cc1
c1ccc(NCC2Oc3ccc(-c4cccnc4)cc3C3CC3O2)cc1
c1ccc(NCC2Oc3ccc(-c4cccnc4)cc3C3CC3O2)cc1
c1ccc(NCC2Oc3ccc(-c4cccnc4)cc3C3CC3O2)cc1
c1ccc(NCC2Oc3ccc(-c4cccnc4)cc3C3CC3O2)cc1
c1ccc(NCC2Oc3ccc(-c4cccnc4)cc3C3CC3O2)cc1
c1ccc(NCC2Oc3ccc(-c4cccnc4)cc3C3CC3O2)cc1
c1ccc(NCC2Oc3ccc(-c4cccnc4)cc3C3CC3O2)cc1
c1ccc(NCC2Oc3ccc(-c4cccnc4)cc3C3CC3O2)cc1
c1ccc(NCC2Oc3ccc(-c4cccnc4)cc3C3CC3O2)cc1
c1ccc(NCC2Oc3ccc(-c4cccnc4)cc3C3CC3O2)cc1
c1ccc(NCC2Oc3ccc(-c4cccnc4)cc3C3CC3O2)cc1
c1ccc(NCC2Oc3ccc(-c4cccnc4)cc3C3CC3O2)cc1
c1ccc(NCC2Oc3ccc(-c4cccnc4)cc3C3CC3O2)cc1
c1ccc(NCC2Oc3ccc(-c4cccnc4)cc3C3CC3O2)cc1
c1ccc(NCC2Oc3ccc(-c4cccnc4)cc3C3CC3O2)cc1
c1ccc(NCC2OCCCc3cc(-c4cccnc4)ccc3O2)cc1
c1ccc(NCC2OCCNc3cc(-c4cccnc4)ccc3O2)cc1
c1ccc(NCC2OCCNc3cc(-c4cccnc4)ccc3O2)cc1
c1ccc(NCC2OCNc3cc(-c4cccnc4)ccc3O2)cc1
c1ccc(NCC2OCNc3cc(-c4cccnc4)ccc3O2)cc1
c1ccc(NCC2OCNc3cc(-c4cccnc4)ccc3O2)cc1
c1ccc(NCC2OCNc3cc(-c4cccnc4)ccc3O2)cc1
c1ccc(NCC2OCNc3cc(-c4cccnc4)ccc3O2)cc1
c1ccc(NCC2OCNc3cc(-c4cccnc4)ccc3O2)cc1
c1ccc(NCC2CCNc3cc(-c4cccnc4)ccc3O2)cc1
c1ccc(NCC2CNc3cc(-c4cccnc4)ccc3O2)cc1
c1ccc(NCC2CNc3cc(-c4cccnc4)ccc3O2)cc1
c1ccc(NCC2CNc3cc(-c4cccnc4)ccc3O2)cc1
c1ccc(NCC2CNc3cc(-c4cccnc4)ccc3O2)cc1
c1ccc(NCC2CNc3cc(-c4cccnc4)ccc3O2)cc1
c1ccc(NCC2CNc3cc(-c4cccnc4)ccc3O2)cc1
c1ccc(NCC2CNc3cc(-c4cccnc4)ccc3O2)cc1
c1ccc(NCC2CNc3cc(-c4cccnc4)ccc3O2)cc1
c1ccc(NCC2CNc3cc(-c4cccnc4)ccc3O2)cc1
c1ccc(NCC2CNc3cc(-c4cccnc4)ccc3O2)cc1
c1ccc(NCC2CNc3cc(-c4cccnc4)ccc3O2)cc1
c1ccc(NCC2CNc3cc(-c4cccnc4)ccc3O2)cc1
c1ccc(NCC2CNc3cc(-c4cccnc4)ccc3O2)cc1
c1ccc(NCC2CNc3cc(-c4cccnc4)ccc3O2)cc1
c1ccc(NCC2CNc3cc(-c4cccnc4)ccc3O2)cc1
c1ccc(NCC2CNc3cc(-c4cccnc4)ccc3O2)cc1
c1ccc(NCC2CNc3cc(-c4cccnc4)ccc3O2)cc1
c1ccc(NCC2CNc3cc(-c4cccnc4)ccc3O2)cc1
c1ccc(NCC2CNc3cc(-c4cccnc4)ccc3O2)cc1
c1ccc(NC2CNc3cc(-c4cccnc4)ccc3O2)cc1
c1ccc(NC2CNc3cc(-c4cccnc4)ccc3O2)cc1
c1ccc(CC2COc3ccc(-c4cccnc4)cc3N2)cc1
c1ccc(CC2COc3ccc(-c4cccnc4)cc3N2)cc1
c1ccc(CC2COc3ccc(-c4cccnc4)cc3N2)cc1
c1ccc(CC2CCOc3ccc(-c4cccnc4)cc3N2)cc1
c1ccc(CC2CCOc3ccc(-c4cccnc4)cc3N2)cc1
c1ccc(CC2CCOc3ccc(-c4cccnc4)cc3N2)cc1
c1cncc(-c2ccc3c(c2)NCCc2ccccc2O3)c1
c1cncc(-c2ccc3c(c2)NCCc2ccccc2O3)c1
c1cncc(-c2ccc3c(c2)NCCc2ccccc2O3)c1
C=C1CNc2cc(-c3cccnc3)ccc2Oc2ccccc21
C=C1CNc2cc(-c3cccnc3)ccc2Oc2ccccc21
C=C1CNc2cccc(-c3cccnc3)c2Oc2ccccc21
C=C1CNc2cccc(-c3cccnc3)c2Oc2ccccc21
C=C1CNC(=C2C=C2)C(=Cc2cccnc2)Oc2ccccc21
C1=CC1=C1NC2CC=C2c2ccccc2OC1=Cc1cccnc1
C1=CC1=C1NC2C=C2c2ccccc2OC1=Cc1cccnc1
C=C1NC2C=C2c2ccccc2OC1=Cc1cccnc1
C(=C1Oc2ccccc2C2=C1C2)c1cccnc1
C1=CC2=C(CN1)c1ccccc1OC2=Cc1cccnc1
C1=CC2=C(CN1)c1ccccc1OC2=Cc1cccnc1
C1=CC2=C(CN1)c1ccccc1OC2=Cc1cccnc1
C1=CC2=C(CN1)c1ccccc1OC2=Cc1cccnc1
C1=CC2=C(CN1)c1ccccc1OC2=Cc1cccnc1
C1=CC2=C(CN1)c1ccccc1OC2=Cc1cccnc1
C(=C1Oc2ccccc2C2=C1CCNC2)c1cccnc1
C1=CC2=C(CN1)c1ccccc1OC2=Cc1cccnc1
C1=CC2=C(CN1)c1ccccc1OC2=Cc1cccnc1
C1=CC2=C(CN1)Cc1ccccc1OC2=Cc1cccnc1
C(=C1Oc2ccccc2C2=CNCC=C12)c1cccnc1
C(=C1Oc2ccccc2C2=CNCC=C12)c1cccnc1
C(=C1Oc2ccccc2C2=CNCC=C12)c1cccnc1
C(=C1Oc2ccccc2C2=CNCC=C12)c1cccnc1
C(=C1Oc2ccccc2C2=C3NC3C=C12)c1cccnc1
C(=C1Oc2ccccc2C2=C3NC3C=C12)c1cccnc1
C(=C1Oc2ccccc2C2=CCC=C12)c1cccnc1
C(=C1Oc2ccccc2C2=CCC=C12)c1cccnc1
C(=C1Oc2ccccc2C2=CCC=C12)c1cccnc1
C(=C1Oc2ccccc2C2=CCC=C12)c1cccnc1
C(=C1Oc2ccccc2C2=CCC=C12)c1cccnc1
C(=C1Oc2ccccc2C2=CCC=C12)c1cccnc1
C(=C1Oc2ccccc2C2=CCC=C12)c1cccnc1
C=c1cc2c(=Cc3cccnc3)oc3ccccc3c-2c1
C(=C1Oc2ccccc2-c2ccccc21)c1cccnc1
C(=C1Oc2ccccc2-c2ccccc21)c1cccnc1
C(=C1Oc2ccccc2-c2ccccc21)c1cccnc1
C(=C1Oc2ccccc2-c2ccccc21)c1cccnc1
C(=C1Oc2ccccc2-c2ccccc21)c1cccnc1
C(=C1Oc2ccccc2-c2ccccc21)c1cccnc1
C(=C1Oc2ccccc2-c2ccccc21)c1cccnc1
C(=C1Oc2ccccc2-c2ccc3c(c21)C3)c1cccnc1
C(=C1Oc2ccccc2-c2ccc3c(c21)C3)c1cccnc1
C(=C1Oc2ccccc2-c2ccc3c(c21)C3)c1cccnc1
C(=C1Oc2ccccc2-c2ccc3c(c21)CC3)c1cccnc1
C(=C1Oc2ccccc2-c2ccc3c(c21)CC3)c1cccnc1
C1=Cc2c1ccc1c2C(=Cc2cccnc2)Oc2ccccc2-1
C1=Cc2c1ccc1c2C(=Cc2cccnc2)Oc2ccccc2-1
C1=Cc2c1ccc1c2C(=Cc2cccnc2)Oc2ccccc2-1
C(=C1Oc2ccccc2-c2ccc3[nH]ccc3c21)c1cccnc1
C(=C1Oc2ccccc2-c2ccc3[nH]ccc3c21)c1cccnc1
C(=C1Oc2ccccc2-c2ccc3[nH]ccc3c21)c1cccnc1
C(=C1Oc2ccccc2-c2ccc3[nH]ccc3c21)c1cccnc1
C(=C1Oc2ccccc2-c2ccc3[nH]ccc3c21)c1cccnc1
C(=C1Oc2ccccc2-c2ccc3[nH]ccc3c21)c1cccnc1
C(=C1Oc2ccccc2-c2ccc3[nH]ccc3c21)c1cccnc1
C(=C1Oc2ccccc2-c2ccc3[nH]ccc3c21)c1cccnc1
C(=C1Oc2ccccc2-c2ccc3[nH]ccc3c21)c1cccnc1
C(=C1Oc2ccccc2-c2ccc3[nH]ccc3c21)c1cccnc1
C(=C1Oc2ccccc2-c2ccc3[nH]ccc3c21)c1cccnc1
C(=C1Oc2ccccc2-c2ccc3[nH]ccc3c21)c1cccnc1
C(=C1Oc2ccccc2-c2ccc3[nH]ccc3c21)c1cccnc1
C(=C1Oc2ccccc2-c2ccc3[nH]ccc3c21)c1cccnc1
C(=C1Oc2ccccc2-c2ccc3[nH]ccc3c21)c1cccnc1
C(=C1Oc2ccccc2-c2ccc3[nH]ccc3c21)c1cccnc1
C(=C1Oc2ccccc2-c2ccc3[nH]ccc3c21)c1cccnc1
C(=C1Oc2ccccc2-c2ccc3[nH]ccc3c21)c1cccnc1
C(=C1Oc2ccccc2-c2ccc3[nH]cc(C4CC4)c3c21)c1cccnc1
C(=C1Oc2ccccc2-c2ccc3[nH]ccc3c21)c1cccnc1
C(=C1Oc2ccccc2-c2ccc3[nH]c4c(c3c21)CCC4)c1cccnc1
C(=C1Oc2ccccc2-c2ccc3[nH]ccc3c21)c1cccnc1
C(=C1Oc2ccccc2-c2ccc3[nH]ccc3c21)c1cccnc1
C(=C1Oc2ccccc2-c2ccc3[nH]ccc3c21)c1cccnc1
C(=C1Oc2ccccc2-c2ccc3[nH]ccc3c21)c1cccnc1
C(=C1Oc2ccccc2-c2ccc3[nH]ccc3c21)c1cccnc1
O=C1CC1c1c[nH]c2ccc3c(c12)C(=Cc1cccnc1)Oc1ccccc1-3
C(=C1Oc2ccccc2-c2ccc3[nH]cc(C4CC4)c3c21)c1cccnc1
C(=C1Oc2ccccc2-c2ccc3[nH]cc(CC4CC4)c3c21)c1cccnc1
C(=C1Oc2ccccc2-c2ccc3[nH]cc(CC4CC4)c3c21)c1cccnc1
C(=C1Oc2ccccc2-c2ccc3[nH]ccc3c21)c1cccnc1
C(=C1Oc2ccccc2-c2ccc3[nH]ccc3c21)c1cccnc1
C(=C1Oc2ccccc2-c2ccc3[nH]ccc3c21)c1cccnc1
C(=C1Oc2ccccc2-c2ccc3[nH]ccc3c21)c1cccnc1
C(=C1Oc2ccccc2-c2ccc3[nH]ccc3c21)c1cccnc1
C1=C(c2c[nH]c3ccc4c(c23)C(=Cc2cccnc2)Oc2ccccc2-4)C1
C1=C(c2c[nH]c3ccc4c(c23)C(=Cc2cccnc2)Oc2ccccc2-4)C1
C1=C(c2c[nH]c3ccc4c(c23)C(=Cc2cccnc2)Oc2ccccc2-4)C1
C1=C(c2c[nH]c3ccc4c(c23)C(=Cc2cccnc2)Oc2ccccc2-4)C1
C1=C2C1=C2c1cccc2c1C(=Cc1cccnc1)Oc1ccccc1-2
C1=C2C1=C2c1cccc2c1C(=Cc1cccnc1)Oc1ccccc1-2
C1=CC(c2cccc3c2C(=Cc2cccnc2)Oc2ccccc2-3)=C1
C1=CC(c2cccc3c2C(=Cc2cccnc2)Oc2ccccc2-3)=C1
C(=C1Oc2ccccc2-c2cccc(-c3ccc[nH]3)c21)c1cccnc1
C(=C1Oc2ccccc2-c2ccc3ccccc3c21)c1cccnc1
C(=C1Oc2ccccc2-c2ccc3ccccc3c21)c1cccnc1
C(=C1Oc2ccccc2-c2ccc3ccccc3c21)c1cccnc1
C(=C1Oc2ccccc2-c2ccc3ccccc3c21)c1cccnc1
C(=C1Oc2ccccc2-c2ccc3ccccc3c21)c1cccnc1
C(=C1Oc2ccccc2-c2ccc3ccccc3c21)c1cccnc1
C(=C1Oc2ccccc2-c2ccc3ccccc3c21)c1cccnc1
C(=C1Oc2ccccc2-c2ccc3ccccc3c21)c1cccnc1
C(=C1Oc2ccccc2-c2ccc3ccccc3c21)c1cccnc1
C(=C1Oc2ccccc2-c2ccc3ccccc3c21)c1cccnc1
C(=C1Oc2ccccc2-c2ccc3ccccc3c21)c1cccnc1
C(=C1Oc2ccccc2-c2ccc3ccccc3c21)c1cccnc1
C(=C1Oc2ccccc2-c2ccc3ccccc3c21)c1cccnc1
C(=C1Oc2ccccc2-c2ccc3ccccc3c21)c1cccnc1
C(=C1Oc2ccccc2-c2ccc3ccccc3c21)c1cccnc1
C(=C1Oc2ccccc2-c2ccc3ccccc3c21)c1cccnc1
C(=C1Oc2ccccc2-c2ccc3ccccc3c21)c1cccnc1
C(=C1Oc2ccccc2-c2ccc3ccccc3c21)c1cccnc1
C(=C1Oc2ccccc2-c2ccc3ccccc3c21)c1cccnc1
C(=C1Oc2ccccc2-c2ccc3ccccc3c21)c1cccnc1
C(=C1Oc2ccccc2-c2ccc3ccccc3c21)c1cccnc1
C(=C1Oc2ccccc2-c2cccc(-c3ccccc3)c21)c1cccnc1
C(=C1Oc2ccccc2-c2cccc(-c3ccccc3)c21)c1cccnc1
C(=C1Oc2ccccc2-c2cccc(-c3ccccc3)c21)c1cccnc1
C(=C1Oc2ccccc2-c2cccc(-c3ccccc3)c21)c1cccnc1
C(=C1Oc2ccccc2-c2cccc(-c3ccccc3)c21)c1cccnc1
C(=C1Oc2ccccc2-c2cccc(-c3ccccc3)c21)c1cccnc1
C(=C1Oc2ccccc2-c2cccc(-c3ccccc3)c21)c1cccnc1
C(=C1Oc2ccccc2-c2cccc(-c3ccccc3)c21)c1cccnc1
C(=C1Oc2ccccc2-c2cccc(-c3ccccc3)c21)c1cccnc1
C(=C1Oc2ccccc2-c2cccc(-c3ccccc3)c21)c1cccnc1
C(=C1Oc2ccccc2-c2cccc(-c3ccccc3)c21)c1cccnc1
C(=C1Oc2ccccc2-c2cccc(-c3ccccc3)c21)c1cccnc1
C(=C1Oc2ccccc2-c2cccc(-c3ccccc3)c21)c1cccnc1
C(=C1Oc2ccccc2-c2cccc(-c3ccccc3)c21)c1cccnc1
C(=C1Oc2ccccc2-c2cccc(-c3ccccc3)c21)c1cccnc1
C(=C1Oc2ccccc2-c2cccc(-c3ccccc3)c21)c1cccnc1
C(=C1Oc2ccccc2-c2cccc(-c3ccccc3)c21)c1cccnc1
C(=C1Oc2ccccc2-c2cccc(-c3ccccc3)c21)c1cccnc1
C(=C1Oc2ccccc2-c2cccc(-c3ccccc3)c21)c1cccnc1
C(=C1Oc2ccccc2-c2cccc(-c3ccccc3)c21)c1cccnc1
C(=C1Oc2ccccc2-c2cccc(-c3ccccc3)c21)c1cccnc1
C(=C1Oc2ccccc2-c2cccc(-c3ccccc3)c21)c1cccnc1
C1=C(Nc2ccc3c(c2-c2ccccc2)C(=Cc2cccnc2)Oc2ccccc2-3)C1
C1=C(Nc2ccc3c(c2-c2ccccc2)C(=Cc2cccnc2)Oc2ccccc2-3)C1
C1=C(Nc2ccc3c(c2-c2ccccc2)C(=Cc2cccnc2)Oc2ccccc2-3)C1
C1=C(Nc2ccc3c(c2-c2ccccc2)C(=Cc2cccnc2)Oc2ccccc2-3)C1
C1=C(Nc2ccc3c(c2-c2ccccc2)C(=Cc2cccnc2)Oc2ccccc2-3)C1
C1=C(c2cccc(-c3cccc4c3C(=Cc3cccnc3)Oc3ccccc3-4)c2)C1
C=C1C=C1c1cccc(-c2cccc3c2C(=Cc2cccnc2)Oc2ccccc2-3)c1
O=c1cc1-c1cccc(-c2cccc3c2C(=Cc2cccnc2)Oc2ccccc2-3)c1
O=C1C=C(c2cccc(-c3cccc4c3C(=Cc3cccnc3)Oc3ccccc3-4)c2)C1
O=C1CC1c1cccc(-c2cccc3c2C(=Cc2cccnc2)Oc2ccccc2-3)c1
O=C1CC1c1cccc(-c2cccc3c2C(=Cc2cccnc2)Oc2ccccc2-3)c1
O=C1CCC1c1cccc(-c2cccc3c2C(=Cc2cccnc2)Oc2ccccc2-3)c1
O=C1CCC1Cc1cccc(-c2cccc3c2C(=Cc2cccnc2)Oc2ccccc2-3)c1
O=C1NCCC1Cc1cccc(-c2cccc3c2C(=Cc2cccnc2)Oc2ccccc2-3)c1
C(=C1Oc2ccccc2-c2cccc(-c3cccc(CC4CCNC4)c3)c21)c1cccnc1
C(=C1Oc2ccccc2-c2cccc(-c3cccc(CC4CCNC4)c3)c21)c1cccnc1
C(=C1Oc2ccccc2-c2cccc(-c3cccc(CC4CCN4)c3)c21)c1cccnc1
C(=C1Oc2ccccc2-c2cccc(-c3cccc(CC4CCCN4)c3)c21)c1cccnc1
C(=C1Oc2ccccc2-c2cccc(-c3cccc(CCC4CCCN4)c3)c21)c1cccnc1
C(=C1Oc2ccccc2-c2cccc(-c3cccc(CCC4CCCN4)c3)c21)c1cccnc1
C(=C1Oc2ccccc2-c2cccc(-c3cccc(CCC4CCN4)c3)c21)c1cccnc1
C(=C1Oc2ccccc2-c2cccc(-c3cccc(CCC4CCN4)c3)c21)c1cccnc1
C(=C1Oc2ccccc2-c2cccc(-c3cccc(CN4CCC4)c3)c21)c1cccnc1
C(=C1Oc2ccccc2-c2cccc(-c3cccc(CN4CC4)c3)c21)c1cccnc1
C(=C1Oc2ccccc2-c2cccc(-c3cccc(CN4CC4)c3)c21)c1cccnc1
C(=C1Oc2ccccc2-c2cccc(-c3cccc(CN4C5CC54)c3)c21)c1cccnc1
C(=C1Oc2ccccc2-c2cccc(-c3cccc(CN4C5CC54)c3)c21)c1cccnc1
C(=C1Oc2ccccc2-c2cccc(-c3cccc(CN4C5=CC54)c3)c21)c1cccnc1
C1=CC1NCc1cccc(-c2cccc3c2C(=Cc2cccnc2)Oc2ccccc2-3)c1
C1=CC1Nc1cccc(-c2cccc3c2C(=Cc2cccnc2)Oc2ccccc2-3)c1
C1=C(c2cccc(-c3cccc4c3C(=Cc3cccnc3)Oc3ccccc3-4)c2)C1
C1=C(c2cccc(-c3cccc4c3C(=Cc3cccnc3)Oc3ccccc3-4)c2)C1
C1=C(c2cccc(-c3cccc4c3C(=Cc3cccnc3)Oc3ccccc3-4)c2)C1
C1=C(c2cccc(-c3cccc4c3C(=Cc3cccnc3)Oc3ccccc3-4)c2)C1
C1=C(c2cccc(-c3cccc4c3C(=Cc3cccnc3)Oc3ccccc3-4)c2)C1
C1=C(c2cccc(-c3cccc4c3C(=Cc3cccnc3)Oc3ccccc3-4)c2)NC1
C(=C1Oc2ccccc2-c2cccc(-c3ccccc3)c21)c1cccnc1
C(=C1Oc2ccccc2-c2cccc(-c3ccccc3)c21)c1cccnc1
C(=C1Oc2ccccc2-c2cccc(-c3ccccc3)c21)c1cccnc1
C(=C1Oc2ccccc2-c2cccc(-c3cccc(CC4NO4)c3)c21)c1cccnc1
C(=C1Oc2ccccc2-c2cccc(-c3cccc(CC4CN4)c3)c21)c1cccnc1
C(=C1Oc2ccccc2-c2cccc(-c3cccc(CC4CN4)c3)c21)c1cccnc1
C(=C1Oc2ccccc2-c2cccc(-c3cccc(CC4CN4)c3)c21)c1cccnc1
C(=C1Oc2ccccc2-c2cccc(-c3cccc(CC4CN4)c3)c21)c1cccnc1
C(=C1Oc2ccccc2-c2cccc(-c3ccccc3)c21)c1cccnc1
C(=C1Oc2ccccc2-c2cccc(-c3ccccc3)c21)c1cccnc1
C(=C1Oc2ccccc2-c2cccc(-c3ccc4c(c3)CCN4)c21)c1cccnc1
C(=C1Oc2ccccc2-c2cccc(-c3ccccc3)c21)c1cccnc1
C(=C1Oc2ccccc2-c2cccc(-c3ccccc3)c21)c1cccnc1
C(=C1Oc2ccccc2-c2cccc(-c3ccccc3)c21)c1cccnc1
C(=C1Oc2ccccc2-c2cccc(-c3ccccc3)c21)c1cccnc1
C(=C1Oc2ccccc2-c2cccc(-c3ccccc3)c21)c1cccnc1
C(=C1Oc2ccccc2-c2cccc(-c3ccccc3)c21)c1cccnc1
C(=C1Oc2ccccc2-c2cccc(-c3ccccc3)c21)c1cccnc1
C(=C1Oc2ccccc2-c2cccc(-c3ccccc3)c21)c1cccnc1
C(=C1Oc2ccccc2-c2cccc(-c3ccccc3)c21)c1cccnc1
C(=C1Oc2ccccc2-c2cccc(-c3ccccc3)c21)c1cccnc1
C(=C1Oc2ccccc2-c2cccc(-c3ccccc3)c21)c1cccnc1
C(=C1Oc2ccccc2-c2cccc(-c3ccccc3)c21)c1cccnc1
C(=C1Oc2ccccc2-c2cccc(-c3ccccc3)c21)c1cccnc1
C(=C1Oc2ccccc2-c2cccc(-c3ccccc3)c21)c1cccnc1
C(=C1Oc2ccccc2-c2cccc(-c3ccccc3)c21)c1cccnc1
C(=C1Oc2ccccc2-c2cccc(-c3ccccc3)c21)c1cccnc1
C(=C1Oc2ccccc2-c2cccc(-c3ccccc3)c21)c1cccnc1
C(=C1Oc2ccccc2-c2cccc(-c3ccccc3)c21)c1cccnc1
C(=C1Oc2ccccc2-c2cccc(-c3ccccc3)c21)c1cccnc1
C(=C1Oc2ccccc2-c2cccc(-c3ccccc3)c21)c1cccnc1
C(=C1Oc2ccccc2-c2cccc(-c3ccccc3)c21)c1cccnc1
C(=C1Oc2ccccc2-c2cccc(-c3ccccc3)c21)c1cccnc1
C(=C1Oc2ccccc2-c2cccc(-c3ccccc3)c21)c1cccnc1
C(=C1Oc2ccccc2-c2cccc(-c3ccccc3)c21)c1cccnc1
C(=C1Oc2ccccc2-c2cccc(-c3ccccc3)c21)c1cccnc1
C(=C1Oc2ccccc2-c2cccc(-c3ccccc3)c21)c1cccnc1
C(=C1Oc2ccccc2-c2cccc(-c3ccccc3)c21)c1cccnc1
C(=C1Oc2ccccc2-c2cccc(-c3ccccc3)c21)c1cccnc1
C(=C1Oc2ccccc2-c2ccc(NC3CN3)c(-c3ccccc3)c21)c1cccnc1
C(=C1Oc2ccccc2-c2cccc(-c3ccccc3)c21)c1cccnc1
C(=C1Oc2ccccc2-c2cccc(-c3ccccc3)c21)c1cccnc1
C(=C1Oc2ccccc2-c2ccc(NC3CN3)c(-c3ccccc3)c21)c1cccnc1
C(=C1Oc2ccccc2-c2ccc(NC3CN3)c(-c3ccccc3)c21)c1cccnc1
C(=C1Oc2ccccc2-c2ccc(NC3CCN3)c(-c3ccccc3)c21)c1cccnc1
C(=C1Oc2ccccc2-c2ccc(NC3CCN3)c(-c3ccccc3)c21)c1cccnc1
C(=C1Oc2ccccc2-c2ccc(NC3CCN3)c(-c3ccccc3)c21)c1cccnc1
C(=C1Oc2ccccc2-c2cccc(-c3ccccc3)c21)c1cccnc1
C(=C1Oc2ccccc2-c2cccc(-c3ccccc3)c21)c1cccnc1
C(=C1Oc2ccccc2-c2cccc(-c3ccccc3)c21)c1cccnc1
C(=C1Oc2ccccc2-c2cccc(-c3ccccc3)c21)c1cccnc1
C(=C1Oc2ccccc2-c2ccc(NCC3CNC3)c(-c3ccccc3)c21)c1cccnc1
C(=C1Oc2ccccc2-c2ccc(NCC3CN3)c(-c3ccccc3)c21)c1cccnc1
C(=C1Oc2ccccc2-c2ccc(NCCC3CN3)c(-c3ccccc3)c21)c1cccnc1
C(=C1Oc2ccccc2-c2ccc(NCC3C4NC34)c(-c3ccccc3)c21)c1cccnc1
C(=C1Oc2ccccc2-c2ccc(NCC3C4NC34)c(-c3ccccc3)c21)c1cccnc1
C(=C1Oc2ccccc2-c2ccc(NCC3C4NC34)c(-c3ccccc3)c21)c1cccnc1
C(=C1Oc2ccccc2-c2ccc(NCC3CN3)c(-c3ccccc3)c21)c1cccnc1
C(=C1Oc2ccccc2-c2ccc(NCC3CN3)c(-c3ccccc3)c21)c1cccnc1
C(=C1Oc2ccccc2-c2ccc(NCC3CN3)c(-c3ccccc3)c21)c1cccnc1
C(=C1Oc2ccccc2-c2ccc(NCC3CN3)c(-c3ccccc3)c21)c1cccnc1
C(=C1Oc2ccccc2-c2ccc(NCC3CN3)c(-c3ccccc3)c21)c1cccnc1
C(=C1Oc2ccccc2-c2ccc(NCC3CN3)c(-c3cccnc3)c21)c1cccnc1
C(=C1Oc2ccccc2-c2ccc(NCC3CN3)c(-c3cccnc3)c21)c1cccnc1
C(=C1Oc2ccccc2-c2cccc(-c3cccnc3)c21)c1cccnc1
C(=C1Oc2ccccc2-c2cccc(-c3cccnc3)c21)c1cccnc1
C(=C1Oc2ccccc2-c2cccc(-c3cccnc3)c21)c1ccccc1
C(=C1Oc2ccccc2-c2cccc(-c3cccnc3)c21)c1ccccc1
C(=C1Oc2ccccc2-c2cccc(-c3cccnc3)c21)c1ccccc1
C(=C1Oc2ccccc2-c2cccc(-c3cccnc3)c21)c1ccccc1
C(=C1Oc2ccccc2-c2cccc(-c3cccnc3)c21)c1ccccc1
C(=C1Oc2ccccc2-c2cccc(-c3cccnc3)c21)c1ccccc1
C(=C1Oc2ccccc2-c2cccc(-c3cccnc3)c21)c1ccccc1
C(=C1Oc2ccccc2-c2cccc(-c3cccnc3)c21)c1ccccc1
C(=C1Oc2ccccc2-c2cccc(-c3cccnc3)c21)c1ccccc1
C(=C1Oc2ccccc2-c2cccc(-c3cccnc3)c21)c1ccccc1
C(=C1Oc2ccccc2-c2cccc(-c3cccnc3)c21)c1ccccc1
C(=C1Oc2ccccc2-c2cccc(-c3cccnc3)c21)c1ccccc1
C(=C1Oc2ccccc2-c2cccc(-c3cccnc3)c21)c1ccccc1
C(=C1Oc2ccccc2-c2cccc(-c3cccnc3)c21)c1ccccc1
C(=C1Oc2ccccc2-c2cccc(-c3cccnc3)c21)c1ccccc1
C(=C1Oc2ccccc2-c2cccc(-c3cccnc3)c21)c1ccccc1
C(=C1Oc2ccccc2-c2cccc(-c3cccnc3)c21)c1ccccc1
C(=C1Oc2ccccc2-c2cccc(-c3cccnc3)c21)c1ccccc1
C(=C1Oc2ccccc2-c2cccc(-c3cccnc3)c21)c1ccccc1
C(=C1Oc2ccccc2-c2cccc(-c3cccnc3)c21)c1ccccc1
C(=C1Oc2ccccc2-c2cccc(-c3cccnc3)c21)c1ccccc1
C(=C1Oc2ccccc2-c2cccc(-c3cccnc3)c21)c1ccccc1
C(=C1Oc2ccccc2-c2cccc(-c3cccnc3)c21)c1ccccc1
C(=C1Oc2ccccc2-c2cccc(-c3cccnc3)c21)c1ccccc1
C(=C1Oc2ccccc2-c2cccc(-c3cccnc3)c21)c1ccccc1
C(=C1Oc2ccccc2-c2cccc(-c3cccnc3)c21)c1cccc(NC2CC2)c1
C(=C1Oc2ccccc2-c2cccc(-c3cccnc3)c21)c1cccc(NC2CC2)c1
C(=C1Oc2ccccc2-c2cccc(-c3cccnc3)c21)c1cccc(NC2CC2)c1
C(=C1Oc2ccccc2-c2cccc(-c3cccnc3)c21)c1cccc(NC23CC2N3)c1
C(=C1Oc2ccccc2-c2cccc(-c3cccnc3)c21)c1cccc(N2C3CC32)c1
C(=C1Oc2ccccc2-c2cccc(-c3cccnc3)c21)c1cccc(N2CC2)c1
C(=C1Oc2ccccc2-c2cccc(-c3cccnc3)c21)c1cccc(C2CC2)c1
C(=C1Oc2ccccc2-c2cccc(-c3cccnc3)c21)c1cccc(C2CCN2)c1
C(=C1Oc2ccccc2-c2cccc(-c3cccnc3)c21)c1cccc(C2CN2)c1
C(=C1Oc2ccccc2-c2cccc(-c3cccnc3)c21)c1cccc(C2CN2)c1
C(=C1Oc2ccccc2-c2cccc(-c3cccnc3)c21)c1cccc(C2CN2)c1
C(=C1Oc2ccccc2-c2cccc(-c3cccnc3)c21)c1cccc(C2CCN2)c1
C(=C1Oc2ccccc2-c2cccc(-c3cccnc3)c21)c1cccc(C2CCN2)c1
C(=C1Oc2ccccc2-c2cccc(-c3cccnc3)c21)c1cccc(C2C3CN32)c1
C(=C1Oc2ccccc2-c2cccc(-c3cccnc3)c21)c1cccc(C2C3CN32)c1
C(=C1Oc2ccccc2-c2cccc(-c3cccnc3)c21)c1cccc(C2C3CN32)c1
C(=C1Oc2ccccc2-c2cccc(-c3cccnc3)c21)c1cccc(C2CN2)c1
C(=C1Oc2ccccc2-c2cccc(-c3cccnc3)c21)c1cccc(C2CNC2)c1
C(=C1Oc2ccccc2-c2cccc(-c3cccnc3)c21)c1cccc(C2CNC2)c1
C(=C1Oc2ccccc2-c2cccc(-c3cccnc3)c21)c1cccc(C2C3NC32)c1
C(=C1Oc2ccccc2-c2cccc(-c3cccnc3)c21)c1cccc(C2C3NC32)c1
C(=C1Oc2ccccc2-c2cccc(-c3cccnc3)c21)c1cccc(C2C3NC32)c1
C(=C1Oc2ccccc2-c2cccc(-c3cccnc3)c21)c1cccc(C2C3CC32)c1
C(=C1Oc2ccccc2-c2cccc(-c3cccnc3)c21)c1cccc(C2C3CC32)c1
C(=C1Oc2ccccc2-c2cccc(-c3cccnc3)c21)c1cccc(C2C3=CC32)c1
C1=C(Cc2cccc(C=C3Oc4ccccc4-c4cccc(-c5cccnc5)c43)c2)C1
C1=C(Cc2cccc(C=C3Oc4ccccc4-c4cccc(-c5cccnc5)c43)c2)C1
C(=C1Oc2ccccc2-c2cccc(-c3cccnc3)c21)c1ccccc1
C(=C1Oc2ccccc2-c2cccc(-c3cccnc3)c21)c1ccccc1
C(=C1Oc2ccccc2-c2cccc(-c3cccnc3)c21)c1ccccc1
C(=C1Oc2ccccc2-c2cccc(-c3cccnc3)c21)c1ccccc1
C(=C1Oc2ccccc2-c2cccc(-c3cccnc3)c21)c1ccccc1
C1=C(c2cccc(C=C3Oc4ccccc4-c4cccc(-c5cccnc5)c43)c2)C1
C1=C(c2cccc(C=C3Oc4ccccc4-c4cccc(-c5cccnc5)c43)c2)C1
C1=C(c2cccc(C=C3Oc4ccccc4-c4cccc(-c5cccnc5)c43)c2)C1
C1=C(c2cccc(C=C3Oc4ccccc4-c4cccc(-c5cccnc5)c43)c2)C1
C1=C(c2cccc(C=C3Oc4ccccc4-c4cccc(-c5cccnc5)c43)c2)C1
C1=C(c2cccc(C=C3Oc4ccccc4-c4cccc(-c5cccnc5)c43)c2)C1
C1=C(c2cccc(C=C3Oc4ccccc4-c4cccc(-c5cccnc5)c43)c2)C1
C1=C(c2cccc(C=C3Oc4ccccc4-c4cccc(-c5cccnc5)c43)c2)C1
C1=C(c2cccc(C=C3Oc4ccccc4-c4cccc(-c5cccnc5)c43)c2)CC1
C1=C(c2cccc(C=C3Oc4ccccc4-c4cccc(-c5cccnc5)c43)c2)CC1
C1=C(c2cccc(C=C3Oc4ccccc4-c4cccc(-c5cccnc5)c43)c2)CC1
C1=C(c2cccc(C=C3Oc4ccccc4-c4cccc(-c5cccnc5)c43)c2)C1
C1=C(c2cccc(C=C3Oc4ccccc4-c4cccc(-c5cccnc5)c43)c2)C1
C1=C(c2cccc(C=C3Oc4ccccc4-c4cccc(-c5cccnc5)c43)c2)C1
C1=C(c2cccc(C=C3Oc4ccccc4-c4cccc(-c5cccnc5)c43)c2)C1
C1=C(c2cccc(C=C3Oc4ccccc4-c4cccc(-c5cccnc5)c43)c2)NC1
C1=C(c2cccc(C=C3Oc4ccccc4-c4cccc(-c5cccnc5)c43)c2)NC1
C1=C(c2cccc(C=C3Oc4ccccc4-c4cccc(-c5cccnc5)c43)c2)NC1
C1=C(c2cccc(C=C3Oc4ccccc4-c4cccc(-c5cccnc5)c43)c2)NC1
C1=C(c2cccc(C=C3Oc4ccccc4-c4cccc(-c5cccnc5)c43)c2)NC1
C1=C(c2cccc(C=C3Oc4ccccc4-c4cccc(-c5cccnc5)c43)c2)NC1
C1=C(c2cccc(C=C3Oc4ccccc4-c4cccc(-c5cccnc5)c43)c2)NC1
C1=C(c2cccc(C=C3Oc4ccccc4-c4cccc(-c5cccnc5)c43)c2)NC1
C1=C(Cc2cccc(C=C3Oc4ccccc4-c4cccc(-c5cccnc5)c43)c2)NC1
C1=C(Cc2cccc(C=C3Oc4ccccc4-c4cccc(-c5cccnc5)c43)c2)NC1
C1=C(Cc2cccc(C=C3Oc4ccccc4-c4cccc(-c5cccnc5)c43)c2)NC1
C1=C(Cc2cccc(C=C3Oc4ccccc4-c4cccc(-c5cccnc5)c43)c2)NC1
C1=C(Cc2cccc(C=C3Oc4ccccc4-c4cccc(-c5cccnc5)c43)c2)NC1
O=C(COC1=CCN1)Nc1ccc2c(c1-c1cccnc1)C(=Cc1ccccc1)Oc1ccccc1-2
O=C(CCC1=CCN1)Nc1ccc2c(c1-c1cccnc1)C(=Cc1ccccc1)Oc1ccccc1-2
O=C(CC1=CCN1)Nc1ccc2c(c1-c1cccnc1)C(=Cc1ccccc1)Oc1ccccc1-2
O=C(CC1=CCN1)Nc1ccc2c(c1-c1cccnc1)C(=Cc1ccccc1)Oc1ccccc1-2
O=C(Nc1ccc2c(c1-c1cccnc1)C(=Cc1ccccc1)Oc1ccccc1-2)C1=CCN1
O=C(Nc1ccc2c(c1)C(=Cc1cccc(-c3cccnc3)c1)Oc1ccccc1-2)C1=CCN1
C1=C(CNc2ccc3c(c2)C(=Cc2cccc(-c4cccnc4)c2)Oc2ccccc2-3)NC1
C1=C(CCc2ccc3c(c2)C(=Cc2cccc(-c4cccnc4)c2)Oc2ccccc2-3)NC1
C1=C(Cc2ccc3c(c2)C(=Cc2cccc(-c4cccnc4)c2)Oc2ccccc2-3)NC1
C1=C(Cc2ccc3c(c2)C(=Cc2cccc(-c4cccnc4)c2)Oc2ccccc2-3)NC1
C1=C(Cc2ccc3c(c2)C(=Cc2cccc(-c4cccnc4)c2)Oc2ccccc2-3)C1
C1=C(Cc2ccc3c(c2)C(=Cc2cccc(-c4cccnc4)c2)Oc2ccccc2-3)C1
C(=C1Oc2ccccc2-c2ccc(CC3=C4NC34)cc21)c1cccc(-c2cccnc2)c1
C(=C1Oc2ccccc2-c2cccc(C3=C4NC43)c21)c1cccc(-c2cccnc2)c1
C(=C1Oc2ccccc2-c2cccc(C3=C4NC43)c21)c1cccc(-c2cccnc2)c1
C(=C1Oc2ccccc2-c2cccc(CC3CN3)c21)c1cccc(-c2cccnc2)c1
C(=C1Oc2ccccc2-c2cccc(CC3CN3)c21)c1cccc(-c2cccnc2)c1
C(=C1Oc2ccccc2-c2cccc(C3CN3)c21)c1cccc(-c2cccnc2)c1
C(=C1Oc2ccccc2-c2cccc(C3CN3)c21)c1cccc(-c2cccnc2)c1
C(=C1Oc2ccccc2-c2cccc(C3CN3)c21)c1cccc(-c2cccnc2)c1
C(=C1Oc2ccccc2-c2cccc(C3CCN3)c21)c1cccc(-c2cccnc2)c1
C(=C1Oc2ccccc2-c2cccc(C3CCN3)c21)c1cccc(-c2cccnc2)c1
C(=C1Oc2ccccc2-c2cccc(C3CCN3)c21)c1cccc(-c2cccnc2)c1
C(=C1Oc2ccccc2-c2cccc(C3CCN3)c21)c1cccc(-c2cccnc2)c1
C(=C1Oc2ccccc2-c2cccc(C3CCN3)c21)c1cccc(-c2cccnc2)c1
C(=C1Oc2ccccc2-c2cccc(C3CCN3)c21)c1cccc(-c2cccnc2)c1
C(=C1Oc2ccccc2-c2cccc(C3CCN3)c21)c1cccc(-c2cccnc2)c1
C(=C1Oc2ccccc2-c2ccc3c(c21)CCCN3)c1cccc(-c2cccnc2)c1
C(=C1Oc2ccccc2-c2ccc3c(c21)CCCN3)c1cccc(-c2cccnc2)c1
C(=C1Oc2ccccc2-c2ccc3c(c21)CCCN3)c1cccc(-c2cccnc2)c1
C(=C1Oc2ccccc2-c2ccc3c(c21)CCCN3)c1cccc(-c2cccnc2)c1
C1=Cc2c(ccc3c2C(=Cc2cccc(-c4cccnc4)c2)Oc2ccccc2-3)NC1
C1=Cc2c(ccc3c2C(=Cc2cccc(-c4cccnc4)c2)Oc2ccccc2-3)NC1
C1=Cc2c(ccc3c2C(=Cc2cccc(-c4cccnc4)c2)Oc2ccccc2-3)NC1
C1=Cc2c(ccc3c2C(=Cc2cccc(-c4cccnc4)c2)Oc2ccccc2-3)NC1
C1=Cc2c(ccc3c2C(=Cc2cccc(-c4cccnc4)c2)Oc2ccccc2-3)NC1
O=C(Nc1cccnc1)c1ccc2c(c1)CCC1C3CCCC3CC(OCc3ccccc3)C21
O=C(Nc1cccnc1)c1ccc2c(c1)CCC1CCCC(OCc3ccccc3)C21
O=C(Nc1cccnc1)c1ccc2c(c1)CCC1CCCC(OCc3ccccc3)C21
O=C(Nc1cccnc1)c1ccc2c(c1)CCCC2COCc1ccccc1
O=C(Nc1cccnc1)c1ccc2c(c1)CCCC2COCc1ccccc1
O=C(Nc1cccnc1)c1ccc2c(c1)CCCC2Cc1ccccc1
O=C(Nc1cccnc1)c1ccc(CCc2ccccc2)cc1
O=C(Nc1cccnc1)c1ccc(CCc2ccccc2)cc1
O=C(Nc1cccnc1)c1ccc(CCc2ccccc2)cc1
O=C(Nc1cccnc1)c1ccc(CCc2ccccc2)cc1
O=C(Nc1cccnc1)c1ccc(CCc2ccccc2)cc1
O=C(Nc1cccnc1)c1ccc(CCc2ccccc2)cc1
O=C(Nc1cccnc1)c1ccc(CCc2ccccc2)cc1
O=C(Nc1cccnc1)c1ccc(CCc2ccccc2)cc1
O=C(Nc1cccnc1)c1ccc(CCc2ccccc2)cc1
O=C(Nc1cccnc1)c1ccc(OCCc2ccccc2)cc1
O=C(Nc1cccnc1)c1ccc(OCCc2ccccc2)cc1
O=C(Nc1cccnc1)c1ccc(OCCc2ccccc2)cc1
O=C(Nc1cccnc1)c1ccc(OCCc2ccccc2)cc1
O=C(Cc1cc(OCCc2ccccc2)ccn1)Nc1cccnc1
O=C(Cc1cc(OCCc2ccccc2)ccn1)Nc1cccnc1
O=C(Cc1cc(OCCc2ccccc2)ccn1)NCc1cccnc1
O=C(Cc1cc(OCCc2ccccc2)ccn1)NCCc1cccnc1
O=C(Cc1cc(OCCc2ccccc2)ccn1)NCCc1cccnc1
O=C(Cc1cc(OCCc2ccccc2)ccn1)NCCc1cnccn1
O=C(Cc1cc(OCCc2ccccc2)ccn1)NCCc1cnccn1
O=C(Cc1cc(OCCc2ccccc2)ccn1)NCCc1cnccn1
O=C(Cc1cc(OCCc2ccccc2)ccn1)NCCc1cnccn1
O=C(Cc1cc(OCCc2ccccc2)ccn1)NCCc1cnccn1
O=C(Cc1cc(OCCc2ccccc2)ccn1)NCc1cnccn1
O=C(Cc1cc(OCCc2ccccc2)ccn1)NCc1cnccn1
O=C(Cc1cc(OCCc2ccccc2)ccn1)NCc1cnccn1
O=C(Cc1cc(OCCc2ccccc2)ccn1)NCc1cnccn1
O=C(Cc1cc(OCCc2ccccc2)ccn1)NCc1cnccn1
O=C(Cc1cc(OCCc2ccccc2)ccn1)NCc1cnccn1
O=C(Cc1cc(OCCc2ccccc2)ccn1)NCc1cnccn1
O=C(Cc1cc(OCCc2ccccc2)ccn1)NCc1cnccn1
O=C(CCc1cc(OCCc2ccccc2)ccn1)NCc1cnccn1
O=C(CCc1cc(OCCc2ccccc2)ccn1)NCc1cnccn1
O=C(Cc1cc(OCCc2ccccc2)ccn1)NCc1cnccn1
O=C(Cc1cc(OCCc2ccccc2)ccn1)NCc1cnccn1
O=C(Cc1cc(OCCc2ccccc2)ccn1)NCc1cccnc1
O=C(Cc1cc(OCCc2ccccc2)ccn1)NCc1cccnc1
O=C(Cc1cc(OCCc2ccccc2)ccn1)NCc1cccnc1
O=C(Cc1cc(OCCc2ccccc2)ccn1)NCc1cccnc1
O=C(Cc1cc(OCCc2ccccc2)ccn1)NCc1cccnc1
O=C(Cc1cc(OCCc2ccccc2)ccn1)NCc1cccnc1
O=C(Cc1cc(OCCc2ccccc2)ccn1)NCc1cccnc1
O=C(Cc1cc(OCCc2ccccc2)ccn1)NCc1cccnc1
O=C(Cc1cc(OCCc2ccccc2)ccn1)NCc1cccnc1
O=C(Cc1cc(OCCc2ccccc2)ccn1)NCc1cccnc1
O=C(Cc1cc(OCCc2ccccc2)ccn1)NCc1cccnc1
O=C(Cc1cc(OCCc2ccccc2)ccn1)NCc1ccccc1
O=C(Cc1cc(OCCc2ccccc2)ccn1)NCc1ccccc1
O=C(Cc1cc(OCCc2ccccc2)ccn1)NCc1ccccc1
O=C(Cc1cc(OCCc2ccccc2)ccn1)NCc1ccccc1
O=C(Cc1cc(OCCc2ccccc2)ccn1)NCc1ccccc1
O=C(Cc1cc(OCCc2ccccc2)ccn1)NCc1ccccc1
O=C(Cc1cc(OCCc2ccccc2)ccn1)NCc1ccccc1
O=C(Cc1cc(OCCc2ccccc2)ccn1)NCc1ccccc1
O=C(Cc1cc(OCCc2ccccc2)ccn1)NCc1cccnc1
O=C(Cc1cc(OCCc2ccccc2)ccn1)NCc1cccnc1
O=C(Cc1cc(OCCc2ccccc2)ccn1)NCc1cccnc1
O=C(Cc1cc(OCCc2ccccc2)ccn1)NCc1cccnc1
O=C(Cc1cc(OCCc2ccccc2)ccn1)NCc1cccnc1
O=C(Cc1cc(OCCc2ccccc2)ccn1)NCc1cccnc1
O=C(Cc1cc(OCCc2ccccc2)ccn1)NCc1ccccc1
O=C(Cc1cc(OCCc2ccccc2)ccn1)NCC1=CCC=C1
O=C(Cc1cc(OCCc2ccccc2)ccn1)NCC1=CCC=C1
O=C(Cc1cc(OCCc2ccccc2)ccn1)NCC1=CC=C1
O=C(Cc1cc(OCCc2ccccc2)ccn1)NCC1=CC=C1
c1ccc(CCOc2ccncc2)cc1
c1ccc(CCOc2ccncc2)cc1
c1ccc(CCOc2ccncc2)cc1
c1ccc(CCOc2ccncc2)cc1
c1ccc(CCOc2ccncc2)cc1
c1ccc(CCOc2ccncc2)cc1
c1ccc(CCOc2ccncc2)cc1
c1ccc(CCOc2ccncc2)cc1
c1ccc(CCOc2ccncc2)cc1
c1ccc(CCOc2ccncc2)cc1
c1ccc(CCOc2ccncc2)cc1
c1ccc(CCOc2ccncc2)cc1
c1ccc(CCOc2ccncc2)cc1
c1ccc(CCOc2ccncc2)cc1
c1ccc(CCOc2ccncc2)cc1
c1ccc(CCOc2ccncc2)cc1
c1ccc(CCOc2ccncc2)cc1
c1ccc(CCOc2ccncc2)cc1
c1ccc(CCOc2ccncc2)cc1
c1ccc(CCOc2ccncc2)cc1
c1ccc(CCOc2ccncc2)cc1
c1ccc(CCOc2ccncc2)cc1
c1ccc(CCOc2ccncc2)cc1
c1ccc(CCOc2ccncc2)cc1
c1ccc(CCOc2ccncc2)cc1
c1ccc(CCOc2ccncc2)cc1
c1ccc(CCOc2ccncc2)cc1
c1ccc(CCOc2ccncc2)cc1
c1ccc(CCOc2ccncc2)cc1
c1ccc(CCOc2ccncc2)cc1
c1ccc(CCOc2ccncc2)cc1
c1ccc(CCOc2ccncc2)cc1
c1ccc(CCOc2ccncc2)cc1
c1ccc(CCOc2ccncc2)cc1
c1ccc(CCOc2ccncc2)cc1
c1ccc(CCOc2ccncc2)cc1
c1ccc(CCOc2ccncc2)cc1
c1ccc(CCOc2ccncc2)cc1
c1ccc(CCOc2ccncc2)cc1
c1ccc(CCOc2ccncc2)cc1
c1ccc(CCOc2ccncc2)cc1
c1ccc(CCOc2ccncc2)cc1
c1ccc(CCOc2ccncc2)cc1
c1ccc(CCOc2ccncc2)cc1
c1ccc(CCOc2ccncc2)cc1
c1ccc(CCOc2ccncc2)cc1
c1ccc(CCOc2ccncc2)cc1
c1ccc(CCOc2ccncc2)cc1
c1ccc(CCOc2ccncc2)cc1
c1ccc(CCOc2ccncc2)cc1
c1ccc(CCOc2ccncc2)cc1
c1ccc(CCOc2ccncc2)cc1
c1ccc(C(COc2ccncc2)OCC2CC2)cc1
c1ccc(C(COc2ccncc2)OCC2CC2)cc1
c1ccc(CCOc2ccncc2)cc1
c1ccc(CCOc2ccncc2)cc1
c1ccc(CCOc2ccncc2)cc1
c1ccc(CCOc2ccncc2)cc1
c1ccc(CCOc2ccncc2)cc1
c1ccc(CCOc2ccncc2)cc1
c1ccc(CCOc2ccncc2)cc1
c1ccc(CCOc2ccncc2)cc1
c1ccc(CCOc2ccncc2)cc1
c1ccc(CCCOc2ccncc2)cc1
c1ccc(COc2ccncc2)cc1
c1ccc(COc2ccncc2)cc1
c1ccc(COc2ccncc2)cc1
c1ccc(COc2ccncc2)cc1
c1ccc(COc2ccncc2)cc1
c1ccc(COc2ccncc2)cc1
c1ccc(COc2ccncc2)cc1
c1ccc(COc2ccncc2)cc1
c1ccc(COc2ccncc2)cc1
c1ccc(COc2ccncc2)cc1
c1ccc(COc2ccncc2)cc1
c1ccc(COc2ccncc2)cc1
c1ccc(COc2ccncc2)cc1
c1ccc(COc2ccncc2)cc1
c1ccc(COc2ccncc2)cc1
c1ccc(COc2ccncc2)cc1
c1ccc(COc2ccncc2)cc1
c1ccc(COc2ccncc2)cc1
c1ccc(COc2ccncc2)cc1
c1ccc(COc2ccncc2)cc1
c1ccc(COc2ccncc2)cc1
c1ccc(COc2ccncc2)cc1
c1ccc(COc2ccncc2)cc1
c1ccc(COc2ccncc2)cc1
c1ccc(COc2ccncc2)cc1
c1ccc(COc2ccncc2)cc1
c1ccc(COc2ccncc2)cc1
c1ccc(COc2ccncc2)cc1
c1ccc(COc2ccncc2)cc1
c1ccc(COc2ccncc2)cc1
c1ccc(COc2ccncc2)cc1
c1ccc(COc2ccncc2)cc1
c1ccc(COc2ccncc2)cc1
c1ccc(COc2ccncc2)cc1
c1ccc(COc2ccncc2)cc1
c1ccc(COc2ccncc2)cc1
c1ccc(COc2ccncc2)cc1
c1ccc(COc2ccncc2)cc1
c1ccc(COc2ccncc2)cc1
c1ccc(COc2ccncc2)cc1
c1ccc(COc2ccncc2)cc1
c1ccc(COc2ccncc2)cc1
c1ccc(COc2ccncc2)cc1
c1ccc(COc2ccncc2)cc1
c1ccc(COc2ccncc2)cc1
c1ccc(COc2ccncc2)cc1
c1ccc(COc2ccncc2)cc1
c1ccc(COc2ccncc2)cc1
c1ccc(COc2ccncc2)cc1
c1ccc(COc2ccncc2)cc1
c1ccc(COc2ccncc2)cc1
c1ccc(COc2ccncc2)cc1
c1ccc(COc2ccncc2)cc1
c1ccc(COc2ccncc2)cc1
c1ccc(COc2ccncc2)cc1
c1ccc(COc2ccncc2)cc1
c1ccc(COc2ccncc2)cc1
c1ccc(COc2ccncc2)cc1
c1ccc(COc2ccncc2)cc1
c1ccc(COc2ccncc2)cc1
c1ccc(COc2ccncc2)cc1
c1ccc(COc2ccncc2)cc1
c1ccc(COc2ccncc2)cc1
c1ccc(COc2ccncc2)cc1
c1ccc(COc2ccncc2)cc1
c1ccc(COc2ccncc2)cc1
c1ccc(COc2ccncc2)cc1
c1ccc(COc2ccncc2)cc1
c1ccc(COc2ccncc2)cc1
c1ccc(COc2ccccc2)cc1
c1ccc(COc2ccccc2)cc1
c1ccc(COc2ccccc2)cc1
c1ccc(COc2ccccc2)cc1
c1ccc(COc2ccccc2)cc1
c1ccc(COc2ccc3c(c2)NC3)cc1
C1=Nc2cc(OCc3ccccc3)ccc21
C1=Nc2cc(OCc3ccccc3)ccc21
C1=Cc2cc(OCc3ccccc3)ccc21
C1=Cc2cc(OCc3ccccc3)ccc21
C1=Cc2cc(OCc3ccccc3)ccc21
C1=Cc2cc(OCc3ccccc3)ccc21
c1ccc(COc2ccc3[nH]ccc3c2)cc1
c1ccc(COc2ccc3[nH]ccc3c2)cc1
c1ccc(COc2ccc3[nH]ccc3c2)cc1
c1ccc(COc2ccc3[nH]ccc3c2)cc1
c1ccc(COc2ccc3[nH]ccc3c2)cc1
c1ccc(COc2ccc3[nH]ncc3c2)cc1
c1ccc(COc2ccc3[nH]ncc3c2)cc1
c1ccc(COc2ccc3[nH]ncc3c2)cc1
c1ccc(COc2ccc3[nH]ncc3c2)cc1
c1ccc(COc2ccc3[nH]ncc3c2)cc1
c1ccc(COc2ccc3[nH]ncc3c2)cc1
c1ccc(COc2ccc3[nH]ncc3c2)cc1
c1ccc(COc2ccc3[nH]ncc3c2)cc1
c1ccc(COc2ccc3[nH]ncc3c2)cc1
c1ccc(COc2ccc3[nH]ncc3c2)cc1
c1ccc(COc2ccc3[nH]ncc3c2)cc1
c1ccc(COc2ccc3[nH]ncc3c2)cc1
c1ccc(COc2ccc3[nH]ncc3c2)cc1
c1ccc(COc2ccc3[nH]ncc3c2)cc1
c1ccc(COc2ccc3c(cnn3C3CC3)c2)cc1
C1=C(n2ncc3cc(OCc4ccccc4)ccc32)C1
C1=C(n2ncc3cc(OCc4ccccc4)ccc32)C1
C1=C(n2ncc3cc(OCc4ccccc4)ccc32)C1
C1=C(n2ncc3cc(OCc4ccccc4)ccc32)C1
C1=C(n2ncc3cc(OCc4ccccc4)ccc32)C1
C1=C(n2ncc3cc(OCc4ccccc4)ccc32)C1
C1=C(n2ncc3cc(OCc4ccccc4)ccc32)S1
C1=C(n2ncc3cc(OCc4ccccc4)ccc32)S1
C1=C(n2ncc3cc(OCc4ccccc4)ccc32)S1
C1=C(n2ncc3cc(OCc4ccccc4)ccc32)S1
C1=C(n2ncc3cc(OCc4ccccc4)ccc32)S1
C1=C(n2ncc3cc(OCc4ccccc4)ccc32)S1
C1=C(n2ncc3cc(OCc4ccccc4)ccc32)S1
C1=C(n2ncc3cc(OCc4ccccc4)ccc32)S1
C1=C(n2ncc3cc(OCc4ccccc4)ccc32)S1
C1=C(n2ncc3cc(OCc4ccccc4)ccc32)S1
C1=C(n2ncc3cc(OCc4ccccc4)ccc32)S1
C1=C(n2ncc3cc(OCc4ccccc4)ccc32)S1
C1=C(n2ncc3cc(OCc4ccccc4)ccc32)S1
C1=C(n2ncc3cc(OCc4ccccc4)ccc32)S1
C1=C(n2ncc3cc(OCc4ccccc4)ccc32)S1
C1=C(n2ncc3cc(OCc4ccccc4)ccc32)S1
C1=C(n2ncc3cc(OCc4ccccc4)ccc32)S1
C1=C(n2ncc3cc(OCc4ccccc4)ccc32)S1
C1=C(n2ncc3cc(OCc4ccccc4)ccc32)S1
C1=C(n2ncc3cc(OCc4ccccc4)ccc32)S1
C1=C(n2ncc3cc(OCc4ccccc4)ccc32)S1
C1=C(n2ncc3cc(OCc4ccccc4)ccc32)S1
C1=C(n2ncc3cc(OCc4ccccc4)ccc32)S1
C1=C(n2ncc3cc(OCc4ccccc4)ccc32)S1
C1=C(n2ncc3cc(OCc4ccccc4)ccc32)S1
C1=C(n2ncc3cc(OCc4ccccc4)ccc32)S1
C1=C(n2ncc3cc(OCc4ccccc4)ccc32)S1
C1=C(n2ncc3cc(OCc4ccccc4)ccc32)S1
c1ccc(COc2ccc3c(cnn3C3=NCCS3)c2)cc1
c1ccc(COc2ccc3c(cnn3C3=NCS3)c2)cc1
c1ccc(COc2ccc3c(cnn3C3=NCS3)c2)cc1
C1=C(n2ncc3cc(OCc4ccccc4)ccc32)SC1
C1=C(n2ncc3cc(OCc4ccccc4)ccc32)SNC1
c1ccc(COc2ccc3c(cnn3-c3ccns3)c2)cc1
O=C(Nc1cccnc1)c1ccc2c(c1)CCC1C3CCCC3CC(OCc3ccccc3)C21
O=C(Nc1cccnc1)c1ccc2c(c1)CCC1C3CCCC3CC(OCc3ccccc3)C21
O=C(Nc1cccnc1)c1ccc2c(c1)CCC1C3CCCC3CC(OCc3ccccc3)C21
O=C(Nc1cccnc1)c1ccc2c(c1)CCC1C3CCCC3CC(OCc3ccccc3)C21
O=C(Nc1cccnc1)c1cccc(CCC2C3CCCC3C3C(OCc4ccccc4)C23)c1
O=C(Nc1cccnc1)c1cccc(CCC2C3CCCC3C3C(OCc4ccccc4)C23)c1
O=C(Nc1cccnc1CCCC1C2CCCC2C2C(OCc3ccccc3)C12)c1ccccc1
O=C(Nc1cccnc1CCCC1C(COCc2ccccc2)CC2CCCC21)c1ccccc1
O=C(Nc1cccnc1CCCC1C(COCc2ccccc2)CC2CCCC21)c1ccccc1
O=C(c1ccccc1)N(CCCC1C(COCc2ccccc2)CC2CCCC21)c1cccnc1
O=C(c1ccccc1)N(CCCC1C(COCc2ccccc2)CC2CCCC21)Cc1cccnc1
O=C(c1ccccc1)N(CCCC1C(CCCc2ccccc2)CC2CCCC21)Cc1cccnc1
O=C(c1ccccc1)N(CCCC1CCCC1CCCc1ccccc1)Cc1cccnc1
O=C(c1ccccc1)N(CCCC1CCCC1CCCc1ccccc1)Cc1cccnc1
O=C(c1ccccc1)N(CCCCCCCCc1ccccc1)Cc1cccnc1
O=C(c1ccccc1)N(CCCCCCCCc1ccccc1)CNc1cccnc1
O=C(c1ccccc1)N(CCCCCCCCc1ccccc1)CNc1cccnc1
O=C(c1ccccc1)N(CCCCCCCCCCCc1ccccc1)CNc1cccnc1
O=C(c1ccccc1)N(CCCCCCCCCCCc1ccccc1)CNc1cccnc1
O=C(NCNc1cccnc1CCCCCCCCCc1ccccc1)c1ccccc1
O=C(NCNc1cccnc1CCCCCCCCCc1ccccc1)c1ccccc1
O=C(NCCC(CCCCCc1ccccc1)CCCc1ccccn1)c1ccccc1
O=C(NCCC(CCCCCc1ccccc1)CCc1ccccn1)c1ccccc1
O=C(NCCCCCc1ncccc1NCCCCCc1ccccc1)c1ccccc1
O=C(NCCCCNc1ncccc1NCCCCCc1ccccc1)c1ccccc1
O=C(NCCCCNc1ncccc1NCCCCNc1ccccc1)c1ccccc1
O=C(NCCCCNc1ccccc1NCCCCNc1ccccc1)c1ccccc1
O=C(NCCCCNc1ccccc1NCCCCNc1ccccc1)c1ccccc1
O=C(NCCCCNc1ccccc1NCCCCNc1ccccc1)c1ccccc1
O=C(NCCCCNc1ccccc1NCCCNc1ccccc1)c1ccccc1
O=C(NCCCCNc1ccccc1NCCNc1ccccc1)c1ccccc1
O=C(NCCCCNc1ccccc1N1CCN1c1ccccc1)c1ccccc1
O=C(NCCCCNc1ccccc1N1CN1c1ccccc1)c1ccccc1
O=C(NCCCCNc1ccccc1N1CN1c1ccccc1)c1ccccc1
O=C(NCCCCNc1ccccc1N1CN1c1ccccc1)c1ccccc1
O=C(NCCCCNc1ccccc1NNc1ccccc1)c1ccccc1
O=C(NCCCCNc1cccc2c1NN(c1ccccc1)C2)c1ccccc1
O=C(NCCCCNc1cccc2c1N(c1ccccc1)C2)c1ccccc1
O=C(NCCCCNc1cccc2c1N(c1ccccc1)C2)c1ccccc1
O=C(NCCCCNc1cccc2c1NN(c1ccccc1)C2)c1ccccc1
O=C(NCCCCNc1cccc2c1[nH]n2-c1ccccc1)c1ccccc1
O=C(NCCCCNc1cccc2c1CNN2c1ccccc1)c1ccccc1
O=C(NCCCCNc1cccc2c1cnn2-c1ccccc1)c1ccccc1
O=C(NCCCCNc1cccc2c1cnn2-c1ccccc1)c1ccccc1
O=C(NCCCCNc1cccc2c1cnn2-c1ccccc1)c1ccccc1
O=C(NCCCCNc1cccc2c1cnn2-c1ccccc1)c1ccccc1
O=C(NCCCNc1cccc2c1cnn2-c1ccccc1)c1ccccc1
O=C(NCCCNc1cccc2c1cnn2-c1ccccc1)c1ccccc1
O=C(NCCCNc1cccc2c1cnn2-c1ccccc1)c1ccccc1
O=C(Nc1cccnc1)c1ccc2c(c1)CCC1C3CCCC3CC(OCc3ccccc3)C21
O=C(Nc1cccnc1)c1ccc2c(c1)CCC1C3CCCC3CC(OCc3ccccc3)C21
O=C(Nc1cccnc1)c1ccc2c(c1)CCC(C1CCCC1)C2COCc1ccccc1
O=C(Nc1cccnc1)c1ccc(C(COCc2ccccc2)CC2CCCC2)cc1
O=C(Nc1cccnc1)c1ccc(C(COCc2ccccc2)CC2CCCC2)cc1
O=C(Nc1cccnc1)c1ccc(C(COCc2ccccc2)CC2CCCC2)cc1
O=C(Nc1cccnc1)c1ccc(C(COc2ccccc2)CC2CCCC2)cc1
O=C(Nc1cccnc1)c1ccc(C(COc2ccccc2)CC2CCCC2)cc1
O=C(Nc1cccnc1)c1ccc(C(CC2CCCC2)OCOc2ccccc2)cc1
O=C(Nc1cccnc1)c1ccc(C(CC2CCCC2)OCOc2ccccc2)cc1
O=C(Nc1cccnc1)c1ccc(C(CNC2CCCC2)OCOc2ccccc2)cc1
O=C(Nc1cccnc1)c1ccc(C(CNC2CCCC2)OCOc2ccccc2)cc1
O=C(Nc1cccnc1)c1ccc(C(CNC2CCCC2)OCOc2ccccc2)cc1
O=C(Nc1cccnc1)c1ccc(C(CNC2CCCC2)OCOc2ccccc2)cc1
O=C(NC1=CCN=C1)c1ccc(C(CNC2CCCC2)OCOc2ccccc2)cc1
O=C(NC1=CCN=C1)c1ccc(C(CNC2CCCC2)OCOc2ccccc2)cc1
O=C(NC1C=NC1)c1ccc(C(CNC2CCCC2)OCOc2ccccc2)cc1
c1ccc(OCOC(CNC2CCCC2)c2ccccc2)cc1
c1ccc(OCOC(CNC2CCCC2)c2ccccc2)cc1
c1ccc(OCOC(CNC2CCCC2)c2cccnc2)cc1
c1ccc(OCCOC(CNC2CCCC2)c2cccnc2)cc1
c1ccc(OC2CC2OC(CNC2CCCC2)c2cccnc2)cc1
O=C(NC1CC1)c1ccc(C(CNC2CCCC2)OC2CC2Oc2ccccc2)cn1
O=C(NC1CCC1)c1ccc(C(CNC2CCCC2)OC2CC2Oc2ccccc2)cn1
O=C(NC1CCCC1)c1ccc(C(CNC2CCCC2)OC2CC2Oc2ccccc2)cn1
O=C(NC1CCCC1)c1ccc(C(CNC2CCCC2)OCCOc2ccccc2)cn1
O=C(NC1CCCC1)c1ccc(C(CNC2CCCC2)OCOc2ccccc2)cn1
O=C(NC1CCCC1)c1ccc(C(CNC2CCC2)OCOc2ccccc2)cn1
O=C(NC1CCCCC1)c1ccc(C(CNC2CCC2)OCOc2ccccc2)cn1
O=C(NC1CCCCCC1)c1ccc(C(CNC2CCC2)OCOc2ccccc2)cn1
O=C(NC1CCCCCC1)c1ccc(C(CNC2CC2)OCOc2ccccc2)cn1
O=C(NC1CCCCCC1)c1ccc(C(CNC2=CC2)OCOc2ccccc2)cn1
O=C(NC1CCCCCC1)c1ccc(COCOc2ccccc2)cn1
O=C(NC1CCCCCC1)c1ccc(COCOc2ccccc2)cn1
O=C(NC1CCCCCC1)c1ccc(COCOc2ccccc2)cn1
O=C(NC1CCCCC1)c1ccc(COCOc2ccccc2)cn1
O=C(NC1CCCCC1)c1ccc(COCOc2ccccc2)cn1
O=C(NC1CCCCC1)c1ccc(COCOc2ccccc2)cn1
O=C(NC1CCCCC1)c1ccc(COCOc2ccccc2)cn1
O=C(NC1CCCC1)c1ccc(COCOc2ccccc2)cn1
O=C(NC1CCCC1)c1ccc(COCOc2ccccc2)cn1
O=C(NC1CCCCC1)c1ccc(COCOc2ccccc2)cn1
O=C(NC1CCCCC1)c1ccc(COCOc2ccccc2)cn1
O=C(NC1CCCCC1)c1ccc(COCOc2ccccc2)cn1
O=C(NC1CCCCC1)c1ccc(COCOc2ccccc2)cn1
O=C(NC1CCCCC1)c1ccc(COCOc2ccccc2)cn1
O=C(NC1CCCCC1)c1ccc(COCOc2ccccc2)cn1
O=C(NC1CCCCC1)c1ccc(COCOc2ccccc2)cn1
O=C(NC1CCCCCC1)c1ccc(COCOc2ccccc2)cn1
O=C(NC1CCCCCC1)c1ccc(COCOc2ccccc2)cn1
O=C(NC1CCCCCC1)c1ccc(COCOc2ccccc2)cn1
O=C(NC1CCCCCC1)c1ccc(COCc2ccccc2)cn1
O=C(NC1CCCCCCC1)c1ccc(COCc2ccccc2)cn1
O=C(NC1CCCCCCC1)c1ccc(COCc2ccccc2)cn1
O=C(NC1CCCCCCC1)c1ccc(OCOCc2ccccc2)cn1
O=C(NC1CCCCCCC1)c1ccc(OCOCc2ccccc2)cn1
O=C(NC1CCCCCCC1)c1ccc(OCCCc2ccccc2)cn1
O=C(NC1CCCCCC1)c1ccc(OCCCc2ccccc2)cn1
O=C(NC1CCCCCC1)c1ccc(OCCCc2ccccc2)cn1
O=C(NC1CCCCCC1)c1ccc(OCCCc2ccccc2)cn1
O=C(NC1CCCCCC1)c1ccc(OCCCc2ccccc2)cn1
O=C(NC1CCCCCC1)c1ccc(OCCc2ccccc2)cn1
O=C(NC1CCCCCC1)c1ccc(OCCc2ccccc2)cn1
O=C(NC1CCCCC1)c1ccc(OCCc2ccccc2)cn1
O=C(NC1CCCCC1)c1ccc(OCc2ccccc2)cn1
c1ccc(C2Oc3ccccc3-c3ccccc32)cc1
C1=CCC2OC(c3ccccc3)c3ccccc3C2=C1
C1=C2c3ccccc3C(c3ccccc3)OC2CC1
C1=C2c3ccccc3N(c3ccccc3)OC2CC1
C1=C2c3ccccc3N(c3ccccc3)OC2C1
C1=C2c3ccccc3N(Cc3ccccc3)OC2C1
C1=C2c3ccccc3N(Cc3ccccc3)OC2C1
C1=C2c3ccccc3N(Cc3ccccc3)CC2C1
C1=C2c3ccccc3N(Cc3ccccc3)CC2C1
C1=C2CN(Cc3ccccc3)c3ccccc3C2=C1
C1=C2CN(Cc3ccccc3)c3ccccc3C2=C1
C1=C2CN(Cc3ccccc3)c3ccccc3C2=C1
C1=C2CN(Cc3ccccc3)c3ccccc3C2=CCC1
C1=C2CN(Cc3ccccc3)c3ccccc3C2=CCC1
C1=C2CN(Cc3ccccc3)c3ccccc3C2=CCCC1
C1=C2CN(Cc3ccccc3)c3ccccc3C2=CCCC1
C1=CCC=C2C(=C1)CN(Cc1ccccc1)c1ccccc12
c1ccc(CN2Cc3ccccc3-c3ccccc32)cc1
c1ccc(C2Oc3ccccc3-c3ccccc32)cc1
c1ccc(C2Oc3ccccc3-c3ccccc32)cc1
c1ccc(C2Oc3ccccc3-c3ccccc32)cc1
c1ccc(C2Oc3ccccc3-c3ccccc32)cc1
c1ccc(N2Oc3ccccc3-c3ccccc32)cc1
c1ccc(N2Oc3ccccc3-c3ccccc32)cc1
c1ccc(N2Oc3ccccc3-c3ccccc32)cc1
c1ccc(N2Cc3ccccc3-c3ccccc32)cc1
c1ccc(N2Cc3ccccc3-c3ccccc32)cc1
c1ccc(N2Cc3ccccc3-c3ccccc32)cc1
c1ccc(N2Cc3ccccc3-c3ccccc32)cc1
c1ccc(N2Cc3ccccc3-c3ccccc32)cc1
c1ccc(N2Cc3ccccc3-c3ccccc32)cc1
c1ccc(N2Cc3ccccc3-c3ccccc32)cc1
c1ccc(-n2c3ccccc3c3ccccc32)cc1
c1ccc(-n2c3ccccc3c3ccccc32)cc1
c1ccc(-n2c3ccccc3c3ccccc32)cc1
c1ccc(-n2c3ccccc3c3ccccc32)cc1
c1ccc(-n2c3cc-3cccc3ccccc32)cc1
C1=CCN(c2ccccc2)c2ccccc2C=C1
C1=CCN(c2ccccc2)c2ccccc2C=C1
C1=CCN(c2ccccc2)c2ccccc2C=C1
C1=Cc2ccccc2N(c2ccccc2)C=C1
C1=Cc2ccccc2N(c2ccccc2)C=C1
C1=Cc2ccccc2N(c2ccccc2)C=C1
C1=Cc2ccccc2N(c2ccccc2)N=C1
C1=Cc2ccccc2N(c2ccccc2)N=C1
C1=Cc2ccccc2N(c2ccccc2)N=1
C1=Cc2ccccc2N(c2ccccc2)N=1
c1ccc(-n2ncc3ccccc32)cc1
c1ccc(-n2ncc3ccccc32)cc1
O=S(=O)(NCCOc1ccc2c(cnn2-c2ccccc2)c1)C1CC1
O=S(=O)(CC1CC1)NCCOc1ccc2c(cnn2-c2ccccc2)c1
O=S(=O)(CC1=CC1)NCCOc1ccc2c(cnn2-c2ccccc2)c1
O=S(=O)(NCCOc1ccc2c(cnn2-c2ccccc2)c1)C1=CCC1
O=S(=O)(NCCOc1ccc2c(cnn2-c2ccccc2)c1)C1=CC1
O=S(=O)(NCCOc1ccc2c(cnn2-c2ccccc2)c1)C1=CNC1
O=S(=O)(NCCOc1ccc2c(cnn2-c2ccccc2)c1)C1=CNC1
O=S(=O)(NCCOc1ccc2c(cnn2-c2ccccc2)c1)C1C=CN1
O=S(=O)(NCCOc1ccc2c(cnn2-c2ccccc2)c1)C1=NC=C1
O=S(=O)(NCCOc1ccc2c(cnn2-c2ccccc2)c1)C1=NC=C1
O=S(=O)(NCCOc1ccc2c(cnn2-c2ccccc2)c1)C1=CC=C1
O=S(=O)(NCCOc1ccc2c(cnn2-c2ccccc2)c1)C1=CC=C1
O=S(=O)(NCCOc1ccc2c(cnn2-c2ccccc2)c1)C1=CC=CC1
O=S(=O)(NCCOc1ccc2c(cnn2-c2ccccc2)c1)C1=CC=CC1
C=C1C=CC=C1S(=O)(=O)NCCOc1ccc2c(cnn2-c2ccccc2)c1
C=C1C=CC=C1S(=O)(=O)NCCOc1ccc2c(cnn2-c2ccccc2)c1
C=C1C=CC=C1S(=O)(=O)NCCOc1ccc2c(cnn2-c2ccccc2)c1
O=S(=O)(NCCOc1ccc2c(cnn2-c2ccccc2)c1)c1ccccc1
O=S(=O)(NCCOc1ccc2c(cnn2-c2ccccc2)c1)c1ccccc1
O=S(=O)(NCCOc1ccc2c(cnn2-c2ccccc2)c1)c1ccccc1
O=S(=O)(NCCOc1ccc2c(cnn2-c2ccccc2)c1)c1ccccc1
O=S(=O)(NCCOc1ccc2c(cnn2-c2ccccc2)c1)c1ccccc1
O=S(=O)(NCCOc1ccc2c(cnn2-c2ccccc2)c1)c1ccccc1
O=S(=O)(NCCOc1ccc2c(cnn2-c2ccccc2)c1)c1ccccc1
O=S(=O)(NCCOc1ccc2c(cnn2-c2ccccc2)c1)c1ccccc1
O=S(=O)(NCCOc1ccc2c(cnn2-c2ccccc2)c1)c1ccccc1
O=S(=O)(NCCOc1ccc2c(cnn2-c2ccccc2)c1)c1ccccc1
O=S(=O)(NCCOc1ccc2c(cnn2-c2ccccc2)c1)c1ccccc1
O=S(=O)(NCCOc1ccc2c(cnn2-c2ccccc2)c1)c1ccccc1
O=S(=O)(NCCOc1ccc2c(cnn2-c2ccccc2)c1)c1ccccc1
O=S(=O)(NCCOc1ccc2c(cnn2-c2ccccc2)c1)c1ccccc1
c1ccc(C2Oc3ccccc3-c3ccccc32)cc1
c1ccc(Cc2ccccc2-c2c3cccc2OCO3)cc1
c1ccc(Cc2ccccc2-c2ccccc2)cc1
c1ccc(Cc2ccccc2-c2ccccc2)cc1
c1ccc(Cc2ccccc2-c2ccccc2)cc1
c1ccc(Cc2ccccc2-c2ccccc2)cc1
c1ccc(Cc2ccccc2-c2ccccc2)cc1
c1ccc(Cc2ccccc2-c2ccccc2)cc1
c1ccc(Cc2ccccc2-c2ccccc2)cc1
c1ccc(COc2ccccc2-c2ccccc2)cc1
c1ccc(COc2ccccc2-c2ccccc2)cc1
c1ccc(COc2ccccc2-c2ccccc2)cc1
c1ccc(COc2ccccc2-c2ccccc2)cc1
O=C(CCc1ccccc1)Nc1ccc(-c2ccccc2)cc1
O=C(CCc1ccccc1)Nc1ccc(-c2ccccc2)cc1
O=C(CCc1ccccc1)Nc1ccc(-c2ccccc2)cc1
O=C(CCc1ccccc1)Nc1ccc(-c2ccccc2)cc1
O=C(CCc1ccccc1)Nc1ccc(-c2ccccc2)cc1
O=C(CCc1ccccc1)Nc1ccc(-c2ccccc2)cc1
O=C(CCc1ccccc1)Nc1ccc(-c2ccccc2)cc1
O=C(CCc1ccccc1)Nc1ccc(C2=CCC=C2)cc1
O=C(CCc1ccccc1)Nc1ccc(C2=CC=C2)cc1
O=C(CCc1ccccc1)Nc1ccc(C2=CC=C2)cc1
O=C(CCc1ccccc1)Nc1ccc(C2=CC=C2)cc1
O=C(CCc1ccccc1)Nc1ccc(C2=CC=C2)cc1
O=C(CCc1ccccc1)Nc1ccc(C2=CC=C2)cc1
O=C(CCc1ccccc1)Nc1ccc(C2=CC=C2)cc1
O=C(CCc1ccccc1)Nc1ccc(C2=CC=C2)cc1
O=C(CCc1ccccc1)Nc1ccc(-c2ccoc2)cc1
O=C(CCc1ccccc1)Nc1ccc(-c2cnoc2)cc1
O=C(CCc1ccccc1)Nc1ccc(-c2cnoc2)cc1
O=C(CCc1ccccc1)Nc1ccc(-c2cnoc2)cc1
O=C(CCc1ccccc1)Nc1ccc(-c2cnoc2)cc1
O=C(CCc1ccccc1)Nc1ccc(-c2cnoc2)cc1
O=C(CCc1ccccc1)Nc1ccc(-c2cnoc2)cc1
O=C(CCc1ccccc1)Nc1ccc(-c2cnoc2)cc1
O=C(CCc1ccccc1)Nc1ccc(-c2cnoc2)cc1
O=C(CCc1ccccc1)Nc1ccc(-c2cnoc2)cc1
O=C(CCc1ccccc1)Nc1ccc(-c2cnoc2)cc1
O=C(CCc1ccccc1)Nc1ccc(-c2cnoc2)cc1
O=C(CCc1ccccc1)Nc1ccc(-c2cnoc2)cc1
O=C(CCc1ccccc1)Nc1ccc(-c2cnoc2)cc1
C=C1C=NOC(=O)c2cc(NC(=O)CCc3ccccc3)ccc21
C=C1C=NOC(=O)c2cc(NC(=O)CCc3ccccc3)ccc21
C=C1C=NOC(=O)c2ccc(NC(=O)CCc3ccccc3)cc21
C=C1C=NOC(=O)c2ccc(NC(=O)CCc3ccccc3)cc21
C=C1C=NOC(=O)c2ccc(NC(=O)CCc3ccccc3)cc21
O=C(CCc1ccccc1)Nc1ccc2c(c1)CC=NOC2=O
O=C(CCc1ccccc1)Nc1ccc2c(=O)oncc2c1
O=C(CCc1ccccc1)Nc1ccc2c(=O)oncc2c1
O=C(CCc1ccccc1)Nc1ccc2c(=O)oncc2c1
O=C(CCc1ccccc1)Nc1ccc2c(=O)oncc2c1
O=C(CCc1ccccc1)Nc1ccc2c(=O)oncc2c1
O=C(CCc1ccccc1)Nc1ccc2c(=O)oncc2c1
O=C(CCc1ccccc1)Nc1ccc2c(=O)oncc2c1
O=C(CCc1ccccc1)Nc1ccc2c(=O)oncc2c1
O=C(CCc1ccccc1)Nc1ccc2c(=O)oncc2c1
O=C(CCc1ccccc1)Nc1ccc2c(=O)oncc2c1
O=C(CCc1ccccc1)Nc1ccc2c(=O)oncc2c1
O=C(CCc1ccccc1)Nc1ccc2c(=O)oncc2c1
O=C(CCc1ccccc1)Nc1ccc2c(=O)oncc2c1
O=C(CCc1ccccc1)Nc1ccc2c(=O)oncc2c1
O=C(CCc1ccccc1)Nc1ccc2c(=O)oncc2c1
O=C(CCc1ccccc1)Nc1ccc2c(=O)oncc2c1
O=C(CCc1ccccc1)Nc1ccc2c(=O)oncc2c1
O=C(Nc1ccc2c(=O)oncc2c1)C(CCC1=CCC1)Cc1ccccc1
O=C(Nc1ccc2c(=O)oncc2c1)C(CCC1=CCC1)Cc1ccccc1
O=C(Nc1ccc2c(=O)oncc2c1)C(CCC1=CC1)Cc1ccccc1
O=C(Nc1ccc2c(=O)oncc2c1)C(CCC1=CCC1)Cc1ccccc1
O=C(Nc1ccc2c(=O)oncc2c1)C(CCC1=CCCC1)Cc1ccccc1
O=C(Nc1ccc2c(=O)oncc2c1)C(CCC1=CCCC1)Cc1ccccc1
O=C(Nc1ccc2c(=O)oncc2c1)C(CCC1=CCC=C1)Cc1ccccc1
O=C(Nc1ccc2c(=O)oncc2c1)C(CCC1=CCCC=C1)Cc1ccccc1
O=C(Nc1ccc2c(=O)oncc2c1)C(CCC1=CCCC=C1)Cc1ccccc1
O=C(Nc1ccc2c(=O)oncc2c1)C(CCC1=CCCC=C1)Cc1ccccc1
O=C(Nc1ccc2c(=O)oncc2c1)C(CCc1ccccc1)Cc1ccccc1
c1ccc(C2Oc3ccccc3-c3ccccc32)cc1
c1ccc(C2Oc3ccccc3-c3ccccc32)cc1
c1ccc(C2Oc3ccccc3-c3ccccc32)cc1
c1ccc(C2Oc3ccccc3-c3ccccc32)cc1
c1ccc(-c2ccc3c(c2)-c2ccccc2CO3)cc1
c1ccc(-c2ccc3c(c2)-c2ccccc2CO3)cc1
c1ccc(-c2ccc3c(c2)-c2ccccc2CC3)cc1
c1ccc(-c2ccc3c(c2)-c2ccccc2CCC3)cc1
C1=C(c2ccccc2)C=C2c3ccccc3CCCC12
C1=C2c3ccccc3CCCC2C2=C1c1ccccc12
C1=C2c3ccccc3CCCCC2C2=C1c1ccccc12
C1=C2c3ccccc3CCCCC2C2=C1c1ccccc12
C1=C2c3ccccc3CCCCC2C12c1ccccc12
C1=C2c3ccccc3CCCCC2C12c1ccccc12
c1ccc2c(c1)CCCCC(C1c3ccccc31)C2
c1ccc2c(c1)CCCCC(C1Cc3ccccc31)C2
c1ccc2c(c1)CCCC(C1Cc3ccccc31)C2
c1ccc2c(c1)CCCC(C1Cc3ccccc31)C2
c1ccc2c(c1)CCCC(C1Cc3ccccc31)C2
c1ccc2c(c1)CCCC(C1CCc3ccccc31)C2
c1ccc2c(c1)CCCC(C1CCc3ccccc31)C2
c1ccc2c(c1)CCCC(C1CCCc3ccccc31)C2
c1ccc2c(c1)CCCC(C1CCCc3ccccc31)C2
c1ccc2c(c1)CCCC(C1CCCc3ccccc31)C2
c1ccc2c(c1)CCCC(C1CCCc3ccccc31)C2
c1ccc2c(c1)CCCC(C1CCCc3ccccc31)C2
c1ccc2c(c1)CCCC(C1CCCc3ccccc31)C2
c1ccc2c(c1)CCCC(C1CCCc3ccccc31)C2
c1ccc2c(c1)CCCCC(C1CCCc3ccccc31)C2
c1ccc2c(c1)CCCCC(C1CCCc3ccccc31)C2
O=C(Nc1ccc2c(c1)CCCCC(C1CCCc3ccccc31)C2)C1OC1=O
O=C(Nc1ccc2c(c1)CCCCC(C1CCCCc3ccccc31)C2)C1OC1=O
O=C(Nc1ccc2c(c1)CCCCC(C1CCCCc3ccccc31)C2)C1OC1=O
O=C(Nc1ccc2c(c1)CCCCC(C1CCCCc3ccccc31)C2)C1OC1=O
O=C(Nc1ccc2c(c1)CCCCC(C1CCCCc3ccccc31)C2)C1OC1=O
O=C(Nc1ccc2c(c1)CCCCC(C1CCCc3ccccc31)C2)C1OC1=O
O=C(Nc1ccc2c(c1)CCCCC(C1CCCc3ccccc31)C2)C1OC1=O
c1ccc2c(c1)CCCCC(C1CCCc3ccccc31)C2
c1ccc2c(c1)CCCCC(C1CCCc3ccccc31)C2
O=C1CCCC(C2CCCc3ccccc32)Cc2ccccc21
O=C1CCCC(C2CCCc3ccccc32)Cc2ccccc21
O=C1CCCC(C2CCCc3ccccc32)Cc2ccccc21
O=C1CCCC(C2CCCc3ccccc32)Cc2ccccc21
O=C1CCCC(C2CCCc3ccccc32)Cc2ccccc21
O=C1CCCC(C2CCCc3ccccc32)Cc2ccccc21
O=C1CCCC(C2CCCc3ccccc32)Cc2ccccc21
O=C1CCCC(C2CCCc3ccccc32)Cc2ccccc21
O=C1CCCC(C2CCCc3ccccc32)Cc2ccccc21
O=C1CCCC(C2CCCc3ccccc32)Cc2ccccc21
O=C1CCCC(C2CCCc3ccccc32)Cc2ccccc21
O=C1CCCC(C2CCCc3ccccc32)Cc2ccccc21
O=C1CCCC(C2CCCc3ccccc32)Cc2ccccc21
O=C1CCCC(C2CCCc3ccccc32)Cc2ccccc21
O=C1CCCC(C2CCCc3ccccc32)Cc2ccccc21
O=C1CCCC(C2CCCc3ccccc32)Cc2ccccc21
O=C1CCCC(C2CCCc3ccccc32)Cc2ccccc21
O=C1CCC(C2CCCc3ccccc32)Cc2ccccc21
O=C1CCC(C2CCCc3ccccc32)Cc2ccccc21
O=C1CCC(C2CCCc3ccccc32)CCc2ccccc21
O=C1CCC(C2CCCc3ccccc32)CCc2ccccc21
O=C1CCC(C2CCCc3ccccc32)CCc2ccccc21
O=C1CCC(C2CCCc3ccccc32)CCc2ccccc21
O=C1CCC(C2CCCc3ccccc32)CCc2ccccc21
O=C1CCC(C2CCCc3ccccc32)CCc2ccccc21
O=C1CCC(C2CCCc3ccccc32)CCc2ccccc21
O=C1CCC(C2CCCc3ccccc32)CCc2ccccc21
O=C1CCC(C2CCCc3ccccc32)CCc2ccccc21
O=C1CCC(C2CCCc3ccccc32)CCc2ccccc21
O=C1CCC(C2CCCc3ccccc32)Cc2ccccc21
O=C1OCC(C2CCCc3ccccc32)Cc2ccccc21
O=C1OCC(C2CCCc3ccccc32)Cc2ccccc21
O=C1OCC(C2CCCc3ccccc32)Cc2ccccc21
O=C1OCC(C2CCCc3ccccc32)Cc2ccccc21
O=C1OCC(C2CCCc3ccccc32)Cc2ccccc21
O=C1OCC(C2CCCc3ccccc32)Cc2ccccc21
O=C1OCC(C2CCCc3ccccc32)Cc2ccccc21
O=C1OCC(C2CCCc3ccccc32)Cc2ccccc21
O=C1OCC(C2CCCc3ccccc32)Cc2ccccc21
O=C1OCC(C2CCCc3ccccc32)Cc2ccccc21
O=C1OCC(C2CCCc3ccccc32)Cc2ccccc21
O=C1OCC(C2CCCc3ccccc32)Cc2ccccc21
O=C1OCC(C2CCCc3ccccc32)CCc2ccccc21
O=C1OCC(C2CCCc3ccccc32)CCc2ccccc21
O=C1OCC(C2CCCc3ccccc32)Cc2ccccc21
O=C1OCCC(C2CCCc3ccccc32)Cc2ccccc21
O=C1OCCC(C2CCCc3ccccc32)Cc2ccccc21
O=C1OCCC(C2CCCc3ccccc32)Cc2ccccc21
O=C1OCCC(C2CCCc3ccccc32)Cc2ccccc21
O=C1OCCC(C2CCCc3ccccc32)Cc2ccccc21
O=C1OCCC(C2CCCc3ccccc32)Cc2ccccc21
O=C1OCCC(C2CCCc3ccccc32)Cc2ccccc21
O=C1OCCC(C2CCCc3ccccc32)Cc2ccccc21
O=C1OCCC(C2CCCc3ccccc32)Cc2ccccc21
O=C1OCCC(C2CCCc3ccccc32)Cc2ccccc21
O=C1OCCC(C2CCCc3ccccc32)Cc2ccccc21
O=C1CCCC(C2CCCc3ccccc32)Cc2ccccc21
O=C1CCCC(C2CCCc3ccccc32)Cc2ccccc21
O=C1CCC(C2CCCc3ccccc32)Cc2ccccc21
O=C1CCC(C2CCCc3ccccc32)Cc2ccccc21
O=C1CCC(C2CCCc3ccccc32)Cc2ccccc21
O=C1OCCC(C2CCCc3ccccc32)Cc2ccccc21
O=C1OCCC(C2CCCc3ccccc32)Cc2ccccc21
O=C1OCC(C2CCCc3ccccc32)Cc2ccccc21
O=C1OCC(C2CCCc3ccccc32)Cc2ccccc21
O=C1OCC(C2CCCc3ccccc32)CCc2ccccc21
O=C1OCC(C2CCCc3ccccc32)CCc2ccccc21
O=C1OCC(C2CCCc3ccccc32)CCc2ccccc21
O=C1OCC(C2CCCc3ccccc32)CCc2ccccc21
O=C1CCC(C2CCCc3ccccc32)CCc2ccccc21
O=C1CCC(C2CCCc3ccccc32)Cc2ccccc21
O=C1CCC(C2CCCc3ccccc32)Cc2ccccc21
O=C1CCC(C2CCCc3ccccc32)Cc2ccccc21
O=C1CCC(C2CCCc3ccccc32)Cc2ccccc21
O=C1CC(C2CCCc3ccccc32)Cc2ccccc21
O=C1OCC(C2CCCc3ccccc32)Cc2ccccc21
O=C1OCC(C2CCCc3ccccc32)Cc2ccccc21
O=C1OCC(C2CCCc3ccccc32)Cc2ccccc21
O=C1OCC(C2CCCc3ccccc32)Cc2ccccc21
O=C1OCCC(C2CCCc3ccccc32)Cc2ccccc21
O=C1OCCC(C2CCCc3ccccc32)Cc2ccccc21
O=C1CCCC(C2CCCc3ccccc32)Cc2ccccc21
O=C1CCC(C2CCCc3ccccc32)Cc2ccccc21
O=C1CCC(C2CCCc3ccccc32)Cc2ccccc21
O=C1CCC(C2CCCc3ccccc32)Cc2ccccc21
O=C1CCC(C2CCCc3ccccc32)c2ccccc21
O=C1CCC(C2CCCc3ccccc32)c2ccccc21
O=C1CC(C2CCCc3ccccc32)c2ccccc21
O=C1CC(C2CCCc3ccccc32)Cc2ccccc21
O=C1CC(C2CCCc3ccccc32)Cc2ccccc21
O=C1CC(C2CCCc3ccccc32)Cc2ccccc21
O=C1CCC(C2CCCc3ccccc32)Cc2ccccc21
O=C1CCC(C2(C3CCC3)CCCc3ccccc32)Cc2ccccc21
O=C1CC(C2(C3CCC3)CCCc3ccccc32)Cc2ccccc21
O=C1CC(C2(C3CCC3)CCCc3ccccc32)Cc2ccccc21
O=C1CC(C2(C3CCCC3)CCCc3ccccc32)Cc2ccccc21
O=C(CCC1(C2CCCC2)CCCc2ccccc21)c1ccccc1
O=C(CC1(C2CCCC2)CCCc2ccccc21)c1ccccc1
c1ccc(CCC2(C3CCCC3)CCCc3ccccc32)cc1
c1ccc(CCC2(C3CCCCC3)CCCc3ccccc32)cc1
c1ccc(CCC2(C3CCCCC3)CCCc3ccccc32)cc1
c1ccc(CCC2(C3CCCCCC3)CCCc3ccccc32)cc1
c1ccc(CCC2(C3CCCCCC3)CCCc3ccccc32)cc1
c1ccc(CCC2(C3CCCCCC3)CCCc3ccccc32)cc1
c1ccc(CCC2(C3CCCCCC3)CCCc3ccccc32)cc1
c1ccc(CCC2(C3CCCCC3)CCCc3ccccc32)cc1
O=C(CCC1(C2CCCCC2)CCCc2ccccc21)Nc1ccccc1
O=C(CCC1(C2CCCCC2)CCCc2ccccc21)Nc1ccccc1
O=C(CCC1(C2CCCCC2)CCCc2ccccc21)Nc1ccccc1
O=C(CCC1(C2CCCCC2)CCCc2ccccc21)Nc1ccc(C2CCC2)cc1
O=C(CCC1(C2CCCCC2)CCCc2ccccc21)Nc1ccc(C2CCC2)cc1
O=C(CCC1(C2CCCCC2)CCCc2ccccc21)Nc1ccc(C2CC2)cc1
O=C(CCC1(C2CCCC2)CCCc2ccccc21)Nc1ccc(C2CC2)cc1
O=C(CCC1(C2CCCC2)CCCc2ccccc21)Nc1ccc(C2CCC2)cc1
O=C(CCC1(C2CCCC2)CCCc2ccccc21)Nc1ccc(C2=CCC2)cc1
O=C(CCC1(C2CCCC2)CCCc2ccccc21)Nc1ccc(C2=CCC2)cc1
O=C(CCC1(C2CCCC2)CCCc2ccccc21)Nc1ccccc1
O=C(CCC1(C2CCCC2)CCCc2ccccc21)Nc1ccc2c(c1)CC=C2
O=C(CCC1(C2CCCC2)CCCc2ccccc21)Nc1ccc2c(c1)CN=C2
O=C(CCC1(C2CCCCC2)CCCc2ccccc21)Nc1ccc2c(c1)CN=C2
O=C(CCC1(C2CCCCC2)CCCc2ccccc21)Nc1ccc2c(c1)C(=O)N=C2
O=C(CCC1(C2CCCCCC2)CCCc2ccccc21)Nc1ccc2c(c1)C(=O)N=C2
O=C(CCC1(C2CCCCCC2)CCCc2ccccc21)Nc1ccc2c(c1)C=NC2=O
O=C(CCC1(C2CCCCC2)CCCc2ccccc21)Nc1ccc2c(c1)C=NC2=O
O=C(CCC1(C2CCCCC2)CCCc2ccccc21)Nc1ccc2c(c1)CC=NC2=O
O=C(CCC1(C2CCCCC2)CCCc2ccccc21)Nc1ccc2c(c1)CC=NOC2=O
O=C(CCC1(C2CCCCC2)CCCc2ccccc21)Nc1ccc2c(=O)oncc2c1
O=C(CCC1(C2CCCC2)CCCc2ccccc21)Nc1ccc2c(=O)oncc2c1
c1ccc(C2Oc3ccccc3-c3ccccc32)cc1
c1ccc(C2Oc3ccccc3-c3ccc4c(c32)N4)cc1
c1ccc(C2COc3ccccc3-c3ccc4c(c32)N4)cc1
c1ccc(C2COc3ccccc3-c3ccc4c(c32)N4)cc1
c1ccc(C2COc3ccccc3-c3ccc4c(c32)N4)cc1
c1ccc(C2COc3ccccc3-c3ccc4c(c32)N4)cc1
c1ccc(C2COc3ccccc3-c3ccc4c(c32)N4)cc1
c1ccc(C2COc3ccccc3-c3ccc4c(c32)N4)cc1
c1ccc(C2Oc3ccccc3-c3ccc4c(c32)N4)cc1
C1=CCC(C2Oc3ccccc3-c3ccc4c(c32)N4)=C1
C1=CC(C2Oc3ccccc3-c3ccc4c(c32)N4)C1
C1=CC(C2Oc3ccccc3-c3ccc4c(c32)N4)C1
C1=CC(C2Oc3ccccc3-c3ccc4c(c32)N4)C1
C1=CC(C2Oc3ccccc3-c3ccc4c(c32)N4)CC1
C1=CC(C2Oc3ccccc3-c3ccc4c(c32)N4)CCC1
C1=CC(C2Oc3ccccc3-c3ccc4c(c32)CN4)CCC1
C1=CC(C2Oc3ccccc3-c3ccc4c(c32)CN4)CCC1
C1=CC(C2Oc3ccccc3-c3ccc4c(c32)CCN4)CCC1
C1=CC(C2Oc3ccccc3-c3ccc4c(c32)CCN4)CCC1
C1=CC(C2Oc3ccccc3-c3ccc4c(c32)CCN4)CCC1
C1=CC(C2Oc3ccccc3-c3ccc4c(c32)CCN4)CCC1
C1=CC(C2Oc3ccccc3-c3ccc4c(c32)CCCN4)CCC1
C1=CC(C2Oc3ccccc3-c3ccc4c(c32)CCCN4)CCC1
C1=CC(C2Oc3ccccc3-c3ccc4c(c32)C=CCN4)CCC1
c1ccc(C2Oc3ccccc3-c3ccccc32)cc1
c1ccc(C2Oc3ccccc3-c3ccccc32)cc1
c1ccc(C2COc3ccccc3-c3ccccc32)cc1
C1=CCC2C(=C1)c1ccccc1OCC2c1ccccc1
C1=CCC2C(=C1)c1ccccc1OCC2c1ccccc1
C1=CCC2C(=C1)c1ccccc1OCC2c1ccccc1
C1=CCC2C(=C1)c1ccccc1OCC2c1ccccc1
C1=CCC2C(=C1)c1ccccc1OCC2c1ccccc1
C1=C2c3ccccc3OCC(c3ccccc3)C2CC1
C1=C2c3ccccc3OCC(c3ccccc3)C2CC1
C1=C2c3ccccc3OCC(c3ccccc3)C2CC1
C1=C2c3ccccc3OCC(c3ccccc3)C2C1
C1=C2c3ccccc3OCC(c3ccccc3)C2C1
C1=C2c3ccccc3OCC(c3ccccc3)C2C1
C1=C2c3ccccc3OCC(c3ccccc3)C2C1
C1=C2c3ccccc3OCC(c3ccccc3)C2C1
C1=C2c3ccccc3OCC(c3ccccc3)C2C1
C1=C2c3ccccc3OCC(c3ccccc3)C2C1
C1=C2c3ccccc3OCC(c3ccccc3)C12
c1ccc(C2CCc3ccccc3OC2)cc1
c1ccc(C2COc3ccccc3CCO2)cc1
c1ccc(C2COc3cc4c(cc3CCO2)OCCO4)cc1
c1ccc(C2OCCc3cc4c(cc3O2)OCCO4)cc1
c1ccc(C2OCCc3cc4c(cc3O2)OCO4)cc1
c1ccc(C2Cc3cc4c(cc3CCO2)OCO4)cc1
c1ccc(C2Cc3cc4c(cc3CCO2)OCO4)cc1
c1ccc(C2CCCc3cc4c(cc3C2)OCO4)cc1
c1ccc(C2CCCc3cc4c(cc3C2)OCO4)cc1
c1ccc(C2CCCc3cc4c(cc3C2)OCO4)cc1
c1ccc(C2CCc3cc4c(cc3C2)OCO4)cc1
c1ccc(C2CCc3cc4c(cc3C2)OCO4)cc1
O=S1CC2c3cc4c(cc3CC(c3ccccc3)C2C1)OCO4
O=C1CC2c3cc4c(cc3CC(c3ccccc3)C2C1)OCO4
O=C1CC2c3cc4c(cc3CC(c3ccccc3)C2CO1)OCO4
O=C1CC2c3cc4c(cc3CC(c3ccccc3)C2CO1)OCO4
O=C1CC2c3cc4c(cc3CC(c3ccccc3)C2CO1)OCO4
O=C1CC2c3cc4c(cc3C(c3ccccc3)C2CO1)OCO4
O=C1CC2Cc3cc4c(cc3C(c3ccccc3)C2CO1)OCO4
O=C1CC2Cc3cc4c(cc3C(c3ccccc3)C2CO1)OCO4
O=C1CC2Cc3cc4c(cc3C(c3ccccc3)C2CO1)OCO4
O=C1OCCC2Cc3cc4c(cc3C(c3ccccc3)C12)OCO4
O=C1OCC2Cc3cc4c(cc3C(c3ccccc3)C12)OCO4
O=C1OCC2Cc3cc4c(cc3C(c3ccccc3)C12)OCO4
O=C1OCC2Cc3cc4c(cc3C(c3ccccc3)C12)OCO4
O=C1OCC2Cc3cc4c(cc3C(c3ccccc3)C12)OCO4
O=C1OCC2Cc3cc4c(cc3C(c3ccccc3)C12)OCO4
c1ccc(C2Oc3ccccc3-c3ccccc32)cc1
c1ccc(Cc2ccccc2-c2ccccc2)cc1
c1ccc(Cc2ccccc2-c2ccccc2)cc1
C1=CC(Cc2ccccc2)C(c2ccccc2)=C1
C1=CC(Cc2ccccc2)C(c2ccccc2)=C1
C1=CC(Cc2ccccc2)C(c2ccccc2)=C1
C1=CC(Cc2ccccc2)C(c2cccnc2)=C1
C1=CC(Cc2ccccc2)C(c2cccnc2)=C1
C1=CC(Cc2ccccc2)C(c2cccnc2)=C1
C1=CC(Cc2ccccc2)C2=C1Cc1ccncc12
C1=CC2=C(c3cnccc3C2)C(Cc2ccccc2)C1
C1=CC2=C(c3cnccc3C2)C(Cc2ccccc2)CC1
C1=CC2=C(c3cnccc3C2)C(Cc2ccccc2)CCC1
C1=CC2=C(c3cnccc3CC2)C(Cc2ccccc2)CCC1
C1=CC2=C(c3cnccc3CCC2)C(Cc2ccccc2)CCC1
C1=CCCCC(Cc2ccccc2)C(c2cccnc2)=C1
C1=CC(c2cccnc2)C(Cc2ccccc2)CCC1
C1=CC(c2cccnc2)C(Cc2ccccc2)CCC1
C1=CC(c2cccnc2)C(Cc2ccccc2)CCC1
C1=CCC(c2cccnc2)C(Cc2ccccc2)CCC1
C1=CCC(c2cccnc2)C(Cc2ccccc2)CCC1
C1=CCC(c2cccnc2)C(Cc2ccccc2)CCC1
C1=CCC(c2cccnc2)C(Cc2ccccc2)CCC1
C1=CCC(c2cccnc2)C(Cc2ccccc2)CCC1
C1=CCC(c2cccnc2)C(Cc2ccccc2)CCC1
C1=CCC(c2cccnc2)C(Cc2ccccc2)CCC1
c1ccc(CC2CCCC3=C(CC2c2cccnc2)NCC3)cc1
c1ccc(CC2CCCC3=C(CC2c2cccnc2)NC3)cc1
C1=CCC(c2cccnc2)C(Cc2ccccc2)CCC1
C1=CCC(c2cccnc2)C(Cc2ccccc2)CCC1
C1=CCC(c2cccnc2)C(Cc2ccccc2)CCC1
C1=CCC(c2cccnc2)C(Cc2ccccc2)CCC1
c1ccc(CC2CCCC3=C(CCN3)CC2c2cccnc2)cc1
c1ccc(CC2CCCC3=C(CCC3)CC2c2cccnc2)cc1
C1=CC2=C(C1)CCCC(Cc1ccccc1)C(c1cccnc1)C2
C1=CC2=C(C1)CCCC(Cc1ccccc1)C(c1ccccc1)C2
C1=CC2=C(C1)CCCC(Cc1ccccc1)C(c1ccccc1)C2
C1=CC2=C(C1)CCCC(Cc1ccccc1)C(c1ccccc1)C2
C1=CC2=C1CCCC(Cc1ccccc1)C(c1ccccc1)C2
C1=CC2=C1CCCC(Cc1ccccc1)C(c1ccccc1)C2
C1=CC2=C1CCCC(Cc1ccccc1)C(c1ccccc1)C2
C1=CC2=C1CCCC(Cc1ccccc1)C(c1ccccc1)C2
C1=CC2=C1CCCC(Cc1ccccc1)C(c1ccccc1)C2
C1=CC2=C1CCCC(Cc1ccccc1)C(c1ccccc1)C2
C1=CC2=C1CCCC(Cc1ccccc1)C(c1ccccc1)C2
C1=CC2=C1CCCC(Cc1ccccc1)C(c1ccccc1)C2
C1=CC2=C1CCCC(Cc1ccccc1)C(c1ccccc1)C2
C1=CC2=C1CCCC(Cc1ccccc1)C(c1ccccc1)C2
C1=CC2=C1CCCC(Cc1ccccc1)C(c1ccccc1)C2
C1=CC2=C1CCCC(Cc1ccccc1)C(c1ccccc1)C2
C1=CC2=C1CCCC(Cc1ccccc1)C(c1ccccc1)C2
C1=CC2=C1CCCC(Cc1ccccc1)C(c1ccccc1)C2
c1ccc(CC2CCCC3=C(CC3)CC2c2ccccc2)cc1
c1ccc(CC2CCCC3=C(CC3)CC2c2ccccc2)cc1
c1ccc(CC2CCCC3=C(CC2c2ccccc2)NC3)cc1
c1ccc(CC2CCCC3=C(CC2c2ccccc2)NC3)cc1
c1ccc(CC2CCCC3=C(CC2c2ccccc2)NC3)cc1
c1ccc(CC2CCCC3=C(CC2c2ccccc2)NC3)cc1
c1ccc(CC2CCCC3=C(CC2c2ccccc2)NCC3)cc1
c1ccc(CC2CCCC3=C(CC2c2ccccc2)NCC3)cc1
c1ccc(CC2CCCC3=C(CC2c2ccccc2)NCCC3)cc1
C1=CCC(c2ccccc2)C(Cc2ccccc2)CCC1
C1=CCC(c2ccccc2)C(Cc2ccccc2)CCC1
c1ccc(CC2CCCC3=C(CC2c2ccccc2)NCC3)cc1
c1ccc(CC2CCCC3=C(CC2c2ccccc2)NCC3)cc1
c1ccc(CC2CCCc3cc[nH]c3CC2c2ccccc2)cc1
c1ccc(CC2CCCc3cc[nH]c3CC2c2ccccc2)cc1
c1ccc(CC2CCCc3cn[nH]c3CC2c2ccccc2)cc1
c1ccc(CC2CCCc3cn[nH]c3CC2c2ccccc2)cc1
c1ccc(CC2CCCc3cn[nH]c3CC2c2ccccc2)cc1
c1ccc(CC2CCCc3cn[nH]c3C2c2ccccc2)cc1
c1ccc(CC2CCCc3cn[nH]c3OC2c2ccccc2)cc1
c1ccc(CC2CCCc3cn[nH]c3OC2c2ccccc2)cc1
c1ccc(CC2CCCc3cn[nH]c3OC2c2ccccc2)cc1
c1ccc(CC2CCCc3cn[nH]c3OC2c2ccccc2)cc1
c1ccc(CC2CCCc3cn[nH]c3OC2c2ccccc2)cc1
c1ccc(CC2CCCc3cn[nH]c3OC2c2ccccc2)cc1
c1ccc(CC2CCCc3cn[nH]c3OC2c2ccccc2)cc1
c1ccc(CC2CCCc3cn[nH]c3OC2c2ccccc2)cc1
c1ccc(CC2CCCc3cn[nH]c3OC2Cc2ccccc2)cc1
c1ccc(CC2CCCc3cn[nH]c3OC2Cc2ccccc2)cc1
c1ccc(CC2CCCc3cn[nH]c3OC2Cc2ccccc2)cc1
c1ccc(CC2CCCc3cn[nH]c3OC2Cc2ccccc2)cc1
c1ccc(CC2CCCc3cn[nH]c3OC2Cc2ccccc2)cc1
c1ccc(CC2CCCc3cnn(Cc4ccccc4)c3OC2)cc1
c1ccc(CC2CCCc3cnn(Cc4ccccc4)c3CC2)cc1
c1ccc(CC2CCCc3cnn(Cc4ccccc4)c3CC2)cc1
c1ccc(CC2CCCc3cnn(Cc4ccccc4)c3CC2)cc1
c1ccc(CC2CCCc3cnn(Cc4ccccc4)c3CC2)cc1
c1ccc(CC2CCCc3cnn(-c4ccccc4)c3CC2)cc1
c1ccc(CC2CCCc3cnn(-c4ccccc4)c3CC2C2CC2)cc1
C1=C(C2Cc3c(cnn3-c3ccccc3)CCCC2Cc2ccccc2)C1
C1=C(C2Cc3c(cnn3-c3ccccc3)CCCC2Cc2ccccc2)C1
C1=C(C2Cc3c(cnn3-c3ccccc3)CCCC2Cc2ccccc2)C1
c1ccc(CC2CCCc3cnn(-c4ccccc4)c3CC2)cc1
c1ccc(CC2CCCc3cnn(-c4ccccc4)c3CC2)cc1
c1ccc(CC2CCCc3cnn(-c4ccccc4)c3C2)cc1
c1ccc(CC2CCCc3cnn(-c4ccccc4)c3C2)cc1
c1ccc(CC2CCCc3cnn(-c4ccccc4)c3C2)cc1
c1ccc(CC2CCCc3cnn(-c4ccccc4)c3C2)cc1
c1ccc(CC2CCCc3cnn(-c4ccccc4)c3CC2)cc1
c1ccc(CC2CCCc3cnn(-c4ccccc4)c3CC2)cc1
c1ccc(CC2CCCc3cnn(-c4ccccc4)c3CC2)cc1
c1ccc(CC2CCCc3cnn(-c4ccccc4)c3CC2)cc1
c1ccc(CC2CCCc3cnn(-c4ccccc4)c3CC2)cc1
c1ccc(CC2CCCc3cnn(-c4ccccc4)c3CC2)cc1
c1ccc(CC2CCCc3cnn(-c4ccccc4)c3CC2C2CC2)cc1
c1ccc(CC2CCCc3cnn(-c4ccccc4)c3CC2C2CC2)cc1
c1ccc(CC2CCCc3cnn(-c4ccccc4)c3C2C2CC2)cc1
c1ccc(CC2CCCc3cnn(-c4ccccc4)c3C2C2CC2)cc1
c1ccc(CC2CCCc3cnn(-c4ccccc4)c3C2)cc1
c1ccc(CC2CCCc3cnn(-c4ccccc4)c3C2)cc1
c1ccc(CC2CCCc3cnn(-c4ccccc4)c3C2)cc1
c1ccc(CC2CCCc3cnn(-c4ccccc4)c3C2)cc1
c1ccc(CC2CCCc3cnn(-c4ccccc4)c3CC2)cc1
c1ccc(CC2CCCc3cnn(-c4ccccc4)c3CC2)cc1
c1ccc(CC2CCCc3cnn(-c4ccccc4)c3C3CCC23)cc1
c1ccc(CC2CCCc3cnn(-c4ccccc4)c3C3CCC23)cc1
c1ccc(CC2CCCc3cnn(-c4ccccc4)c3C3CCC23)cc1
C1=C2c3c(cnn3-c3ccccc3)CCCC(Cc3ccccc3)C2C1
C1=C2c3c(cnn3-c3ccccc3)CCCC(Cc3ccccc3)C2C1
C1=C2c3c(cnn3-c3ccccc3)CCCC(Cc3ccccc3)C2C1
C1=C2c3c(cnn3-c3ccccc3)CCCC(Cc3ccccc3)C2CC1
C1=C2c3c(cnn3-c3ccccc3)CCCC(Cc3ccccc3)C2CC1
O=C1C=C2c3c(cnn3-c3ccccc3)CCCC(Cc3ccccc3)C2C1
O=C1C=C2c3c(cnn3-c3ccccc3)CCC(Cc3ccccc3)C2C1
C=C1C=C2c3c(cnn3-c3ccccc3)CCC(Cc3ccccc3)C2C1
C=C1CC2C1=Cc1c(cnn1-c1ccccc1)CCC2Cc1ccccc1
C1=C2CCC2C(Cc2ccccc2)CCc2cnn(-c3ccccc3)c21
C1=C2CCC2C(Cc2ccccc2)CCc2cnn(-c3ccccc3)c21
C1=C2CCC2C(Cc2ccccc2)CCc2cnn(-c3ccccc3)c21
C1=C2CCCC2C(Cc2ccccc2)CCc2cnn(-c3ccccc3)c21
C1=C2CCCC2C(Cc2ccccc2)Cc2cnn(-c3ccccc3)c21
C1=C2CCCCC2C(Cc2ccccc2)Cc2cnn(-c3ccccc3)c21
C1=C2CCCCCC2C(Cc2ccccc2)Cc2cnn(-c3ccccc3)c21
C1=C2CCCCCC2C(Cc2ccccc2)Cc2cnn(-c3ccccc3)c21
C1=C2CCCCCCC2C(Cc2ccccc2)Cc2cnn(-c3ccccc3)c21
C1=C2CCCCCCC2C(Cc2ccccc2)CCc2cnn(-c3ccccc3)c21
C1=C2CCCCCCC2C(Cc2ccccc2)CCc2cnn(-c3ccccc3)c21
C1=C2CCCCCC2C(Cc2ccccc2)CCc2cnn(-c3ccccc3)c21
C1=C2CCCCC2C(Cc2ccccc2)CCc2cnn(-c3ccccc3)c21
C1=C2CCCCC2C(Cc2ccccc2)Cc2cnn(-c3ccccc3)c21
C1=C2CCCC2C(Cc2ccccc2)Cc2cnn(-c3ccccc3)c21
C1=C2CCCC2C(Cc2ccccc2)Cc2cnn(-c3ccccc3)c21
C1=C2CCC(Cc3ccccc3)C2CCc2cnn(-c3ccccc3)c21
C1=C2CCC(Cc3ccccc3)C2Cc2cnn(-c3ccccc3)c21
C1=C2CCC(Cc3ccccc3)C2Cc2cnn(-c3ccccc3)c21
C1=C2CCCC(Cc3ccccc3)C2Cc2cnn(-c3ccccc3)c21
C1=C2CCCC(Cc3ccccc3)C2Cc2cnn(-c3ccccc3)c21
c1ccc(C2Oc3ccccc3-c3ccccc32)cc1
c1ccc(C2Oc3ccccc3-c3ccccc32)cc1
c1ccc(OC(c2ccccc2)c2ccccc2)cc1
c1ccc(OC(c2ccccc2)c2ccccc2)cc1
c1ccc(COc2ccccc2)cc1
c1ccc(COc2ccccc2)cc1
c1ccc(COc2ccccc2)cc1
c1ccc(COc2ccccc2)cc1
c1ccc(COc2ccccc2)cc1
c1ccc(COc2ccccc2)cc1
c1ccc(COc2ccccc2)cc1
c1ccc(COc2ccccc2)cc1
c1ccc(COc2ccccc2)cc1
c1ccc(COc2ccncc2)cc1
c1ccc(COc2ccncc2)cc1
c1ccc(COc2ccncc2)cc1
c1ccc(COc2ccncc2)cc1
c1ccc(COc2ccncc2)cc1
c1ccc(COc2ccncc2)cc1
c1ccc(COc2ccncc2)cc1
c1ccc(COc2ccncc2)cc1
c1ccc(COc2ccncc2)cc1
c1ccc(COc2ccncc2)cc1
c1ccc(COc2ccncc2)cc1
c1ccc(COc2ccncc2)cc1
c1ccc(COc2ccncc2)cc1
c1ccc(COc2ccncc2)cc1
c1ccc(COc2ccncc2)cc1
c1ccc(COc2ccncc2)cc1
c1ccc(COc2ccncc2)cc1
c1ccc(COc2ccncc2)cc1
c1ccc(COc2ccncc2)cc1
c1ccc(COc2ccncc2)cc1
c1ccc(COc2ccnc(CN3CN3)c2)cc1
c1ccc(COc2ccc(N3CN3)cc2)cc1
c1ccc(COc2ccc(N3CC3)cc2)cc1
c1ccc(COc2ccc(N3CC3)cc2)cc1
c1ccc(COc2ccc(N3CCC3)cc2)cc1
c1ccc(COc2ccc(N3CCC3)cc2)cc1
c1ccc(COc2ccc(N3CCC3)cc2)cc1
C1=CN(c2ccc(OCc3ccccc3)cc2)C1
C1=CN(c2ccc(OCc3ccccc3)cc2)C1
C1=Cc2cc(OCc3ccccc3)ccc2NC1
C1=Cc2cc(OCc3ccccc3)ccc2NC1
c1ccc(COc2ccc3[nH]ccc3c2)cc1
c1ccc(COc2ccc3[nH]ccc3c2)cc1
c1ccc(COc2ccc3[nH]ncc3c2)cc1
c1ccc(COc2ccc3[nH]ncc3c2)cc1
c1ccc(COc2ccc3[nH]ncc3c2)cc1
c1ccc(COc2ccc3[nH]ncc3c2)cc1
c1ccc(COc2ccc3[nH]ncc3c2)cc1
c1ccc(COc2ccc3[nH]ncc3c2)cc1
c1ccc(COc2ccc3[nH]ncc3c2)cc1
c1ccc(COc2ccc3[nH]ncc3c2)cc1
C1=C(n2ncc3cc(OCc4ccccc4)ccc32)CC1
C1=C(n2ncc3cc(OCc4ccccc4)ccc32)CC1
C1=C(n2ncc3cc(OCc4ccccc4)ccc32)NC1
C1=C(n2ncc3cc(OCc4ccccc4)ccc32)NC1
C1=NC(n2ncc3cc(OCc4ccccc4)ccc32)=C1
C1=NC(n2ncc3cc(OCc4ccccc4)ccc32)=C1
c1ccc(COc2ccc3c(cnn3-c3ccns3)c2)cc1
c1ccc(COc2ccc3c(cnn3-c3ccns3)c2)cc1
c1ccc(C2Oc3ccccc3-c3ccccc32)cc1
c1ccc(C2Oc3ccccc3-c3ccccc32)cc1
c1ccc(C2Oc3ccccc3-c3ccccc32)cc1
c1ccc(C2Oc3ccccc3-c3ccccc32)cc1
c1ccc(NC2Oc3ccccc3-c3ccccc32)cc1
c1ccc2c(c1)OC(N1c3ccccc31)c1ccccc1-2
c1ccc2c(c1)OC(N1c3ccccc31)c1ccccc1-2
c1ccc2c(c1)OC(N1c3ccccc31)c1ccccc1-2
c1ccc2c(c1)OC(N1c3ccccc31)c1ccccc1-2
c1ccc2c(c1)OC(N1c3ccccc31)c1ccccc1-2
c1ccc2c(c1)OC(N1c3ccccc31)c1ccccc1-2
c1ccc2c(c1)OC(N1c3ccccc31)c1ccccc1-2
c1ccc2c(c1)OC(N1c3ccccc31)c1ccccc1-2
c1ccc2c(c1)OC(N1c3ccccc31)c1ccccc1-2
c1ccc2c(c1)OC(N1c3ccccc31)c1ccccc1-2
c1ccc2c(c1)OC(N1c3ccccc31)c1ccccc1-2
c1ccc2c(c1)OC(N1c3ccccc31)c1ccccc1-2
c1ccc(OC(c2ccccc2)N2c3ccccc32)cc1
c1ccc(OC(c2ccccc2)N2c3ccccc32)cc1
c1ccc(OC(c2ccccc2)N2c3ccccc32)cc1
c1ccc(-c2cccc(OCN3c4ccccc43)c2)cc1
c1ccc(-c2cccc(OCN3c4ccccc43)c2)cc1
c1ccc(-c2cccc(CCN3c4ccccc43)c2)cc1
c1ccc(-c2cccc(CCN3c4ccccc43)c2)cc1
c1ccc(-c2cccc(CN3c4ccccc43)c2)cc1
c1ccc(-c2cccc(CN3c4ccccc43)c2)cc1
C1=c2ccn(Cc3cccc(-c4ccccc4)c3)c2=C1
C1=c2ccn(Cc3cccc(-c4ccccc4)c3)c2=C1
O=S(=O)(NCCCCn1ccc2c1=CC=2)c1ccc(-c2ccccc2)cc1
O=S(=O)(NCCCn1ccc2c1=CC=2)c1ccc(-c2ccccc2)cc1
O=S(=O)(NCCCn1ccc2c1=CC=2)c1ccc(-c2ccccc2)cc1
O=S(=O)(NCCCn1ccc2c1=CC=2)c1ccc(-c2ccccc2)cc1
O=S(=O)(NCCn1ccc2c1=CC=2)c1ccc(-c2ccccc2)cc1
O=S(=O)(NCCn1ccc2c1=CC=2)c1ccc(-c2ccccc2)cc1
O=S(=O)(NCCn1ccc2c1=CC=2)c1ccc(-c2ccccc2)cc1
O=S(=O)(NCCn1ccc2c1=CC=2)c1ccc(-c2ccccc2)cc1
O=S(=O)(NCCn1ccc2c1=CC=2)c1ccc(-c2ccccc2)cc1
O=S(=O)(NCCn1ccc2c1=CC=2)c1ccc(-c2ccccc2)cc1
O=S(=O)(NCCn1ccc2c1=CC=2)c1ccc(-c2ccccc2)cc1
O=S(=O)(NCCn1ccc2c1=CC=2)c1ccc(-c2ccccc2)cc1
O=S(=O)(NCCn1ccc2c1=CC=2)c1ccc(-c2ccccc2)cc1
O=S(=O)(NCCn1ccc2c1=CC=2)c1ccc(-c2ccccc2)cc1
O=S(=O)(NCCn1ccc2c1=CC=2)c1ccc(-c2ccccc2)cc1
O=S(=O)(NCCn1ccc2c1=CC=2)c1ccc(-c2ccccc2)cc1
O=S(=O)(NCCn1ccc2c1=CC=2)c1ccc(-c2ccccc2)cc1
O=S(=O)(NCCn1ccc2c1=CC=2)c1ccc(-c2ccccc2)cc1
O=S(=O)(NCCn1ccc2c1=CC=2)c1ccc(-c2ccccc2)cc1
O=S(=O)(NCCn1ccc2c1=CC=2)c1ccc(-c2ccccc2)cc1
O=S(=O)(NCCn1ccc2c1=CC=2)c1ccc(-c2ccccc2)cc1
O=S(=O)(NCCn1ccc2c1=CC=2)c1ccc(-c2ccccc2)cc1
O=S(=O)(NCCn1ccc2c1=CC=2)c1ccc(-c2ccccc2)cc1
O=S(=O)(NCCn1ccc2c1=CC=2)c1ccc(-c2ccccc2N2CC2)cc1
O=S(=O)(NCCn1ccc2c1=CCC=2)c1ccc(-c2ccccc2N2CC2)cc1
O=S(=O)(NCCn1ccc2c1=CCCC=2)c1ccc(-c2ccccc2N2CC2)cc1
O=S(=O)(NCCn1ccc2ccccc21)c1ccc(-c2ccccc2N2CC2)cc1
O=S(=O)(NCCn1ccc2ccccc21)c1ccc(-c2ccccc2)cc1
O=S(=O)(NCCn1ccc2ccccc21)c1ccc(C2=CC=CC2)cc1
O=S(=O)(NCCn1ccc2ccccc21)c1ccc(C2=CC=C2)cc1
O=S(=O)(NCCn1ccc2ccccc21)c1ccc(C2=CC2)cc1
O=S(=O)(NCCn1ccc2ccccc21)c1ccccc1
O=S(=O)(NCCn1ccc2ccccc21)c1ccccc1
O=S(=O)(NCCn1ccc2ccccc21)c1ccccc1
O=S(=O)(NCCn1ccc2ccccc21)c1ccccc1
O=S(=O)(NCCn1ccc2ccccc21)c1ccccc1
O=S(=O)(NCCn1ccc2ccccc21)c1ccccc1
c1ccc(C2Oc3ccccc3-c3ccccc32)cc1
c1ccc(Cc2ccccc2-c2ccccc2)cc1
c1ccc(Cc2ccccc2-c2ccccc2)cc1
c1ccc(Cc2ccccc2-c2ccccc2)cc1
c1ccc(Cc2ccccc2COc2ccccc2)cc1
c1ccc(Cc2cccc(Nc3ccccc3)c2)cc1
O=C(c1ccccc1)c1cccc(Nc2ccccc2)c1
O=C(c1ccccc1)c1cccc(Nc2ccccc2)c1
O=C(C1=CC(Nc2ccccc2)C=C1)c1ccccc1
O=C(C1=CC(Nc2ccccc2)C=C1)c1ccccc1
O=C(C1=CC(Nc2ccccc2)=C1)c1ccccc1
O=C(C1=CC(Nc2ccccc2)=C1)c1ccccc1
O=C(C1=CC(Nc2ccccc2)=C1)c1ccccc1
O=C(c1ccccc1)c1coc(Nc2ccccc2)c1
O=C(c1ccccc1)c1coc(Nc2ccccc2)c1
O=C(c1ccccc1)c1coc(Nc2ccccc2)c1
O=C(c1ccccc1)c1coc(Nc2ccccc2)c1
O=C(c1ccccc1)c1coc(Nc2ccccc2)c1
C=C(C=CNc1ccccc1)C(=O)c1ccccc1
O=C(C1=CCCCN(c2ccccc2)C=C1)c1ccccc1
O=C(C1=CCCN(c2ccccc2)C=C1)c1ccccc1
O=C(C1=CCN(c2ccccc2)C=C1)c1ccccc1
O=C(NC1=CCN(c2ccccc2)C=C1)c1ccccc1
O=C(Nc1ccn(-c2ccccc2)c1)c1ccccc1
O=C(Nc1ccn(-c2ccccc2)c1)c1ccccc1
O=C(Nc1ccn(-c2ccccc2)c1)c1ccccc1
O=C(Nc1ccn(-c2ccccc2)c1)c1ccccc1
O=C(Nc1ccn(-c2ccccc2)c1)c1ccccc1
O=C(Nc1ccn(-c2ccccc2)c1)c1ccccc1
O=C(Nc1cnn(-c2ccccc2)c1)c1ccccc1
O=C(NCc1cnn(-c2ccccc2)c1)c1ccccc1
O=C(NCCc1cnn(-c2ccccc2)c1)c1ccccc1
O=C(NCCc1cnn(-c2ccccc2)c1)c1ccccc1
O=C(NCCc1cnn(-c2ccccc2)c1)c1ccccc1
O=C(NCCc1cnn(-c2ccccc2)c1)c1ccccc1
O=C(NCCc1cnn(-c2ccccc2)c1)c1ccccc1
O=C(NCCc1cnn(-c2ccccc2)c1)c1ccccc1
O=C(NCCc1cnn(-c2ccccc2)c1)c1ccccc1
O=C(NCCc1cnn(-c2ccccc2)c1)c1ccccc1
O=C(NCCc1cnn(-c2ccccc2)c1)c1ccccc1
O=C(NCCc1cnn(-c2ccccc2)c1)c1ccccc1
O=C(NCCc1cnn(-c2ccccc2)c1)c1ccccc1
O=C(NCCc1cnn(-c2ccccc2)c1)c1ccccc1
O=C(NCCc1cnn(-c2ccccc2)c1)c1ccccc1
O=C(NCCc1cnn(-c2ccccc2)c1)c1ccccc1
O=C(NCCCc1cnn(-c2ccccc2)c1)c1ccccc1
O=C(NCCCc1cnn(-c2ccccc2)c1)c1ccccc1
O=C(NCCCc1cnn(-c2ccccc2)c1)c1ccccc1
O=C(NCCCc1cnn(-c2ccccc2)c1)c1ccccc1
O=C(NCCCc1cnn(-c2ccccc2)c1)c1ccccc1
O=C(NCCCc1cnn(-c2ccccc2)c1)c1ccccc1
O=C(NCCCCc1cnn(-c2ccccc2)c1)c1ccccc1
O=C(NCCCCc1cnn(-c2ccccc2)c1)c1ccccc1
O=C(NCCCNCc1cnn(-c2ccccc2)c1)c1ccccc1
O=C(NCCCNCc1cnn(-c2ccccc2)c1)c1ccccc1
C=C(NCCCNC(=O)c1ccccc1)c1cnn(-c2ccccc2)c1
C=C(NCCCNC(=O)c1ccccc1)c1cnn(-c2ccccc2)c1
N=C(NCCCNC(=O)c1ccccc1)c1cnn(-c2ccccc2)c1
N=C(NCCCNC(=O)c1ccccc1)c1cnn(-c2ccccc2)c1
N=C(NCCCNC(=O)c1ccccc1)c1cnn(-c2ccccc2)c1
N=C(NCCCNC(=O)c1ccccc1)c1cnn(-c2ccccc2)c1
N=C(NCCCNC(=O)c1ccccc1)c1cnn(-c2ccccc2)c1
O=C(NCCCNC(=O)c1cnn(-c2ccccc2)c1)c1ccccc1
O=C(NCCCNC(=O)c1cnn(-c2ccccc2)c1)c1ccccc1
O=C(NCCCNC(=O)c1cnn(-c2ccccc2)c1)c1ccccc1
O=C(NCCCNC(=O)c1cnn(-c2ccccc2)c1)c1ccccc1
O=C(NCCCNC(=O)c1cnn(-c2ccccc2)c1)c1ccccc1
O=C(NCCCNC(=O)c1cnn(-c2ccccc2)c1)c1ccccc1
O=C(NCCCNC(=O)c1cnn(-c2ccccc2)c1)c1ccccc1
O=C1C=C2COC3C(=C2CC1)C(c1ccccc1)CC1C(C#Cc2ccsc2)CCC31
C(#CC1CCC2C3OCCC=C3C(c3ccccc3)CC12)c1ccsc1
C(#CC1CCC2CCC(c3ccccc3)CC12)c1ccsc1
C(#CC1CCC2CCC(c3ccccc3)CC12)c1ccsc1
C(#Cc1ccsc1)CC1CCCC(c2ccccc2)C1
C(#Cc1ccsc1)CC1CCCC(c2ccccc2)C1
C(#Cc1ccsc1)CC1CCCC(c2ccccc2)C1
C(#Cc1ccsc1)CC1CCCC(c2ccccc2)C1
C(#Cc1ccsc1)CC1CCCC(c2ccccc2)C1
c1ccc(C2CCCC(CCc3ccsc3)C2)cc1
c1cc(NCCCc2ccsc2)cc(C2CCCCC2)c1
c1cc(NCCCc2ccsc2)cc(C2CCCCC2)c1
c1cc(NCCCc2ccsc2)cc(C2CCCC2)c1
c1cc(NCCCc2ccsc2)cc(C2CCCC2)c1
c1cc(NCCCc2ccsc2)cc(C2CCCC2)c1
c1cc(NCCCc2ccsc2)cc(C2CCCC2)c1
C1=CC(CCCNc2cccc(C3CCCC3)c2)=CC1
C1=CC(CCCNc2cccc(C3CCCC3)c2)=C1
C1=CC(CCCNc2cccc(C3CCCC3)c2)=C1
C1=CC(CCCNc2cccc(C3CCCC3)c2)=C1
C1=CC(CCCNc2cccc(C3CCCC3)c2)=N1
C1=CC(CCCNc2cccc(C3CCCCC3)c2)=N1
C1=CC(NCCCNc2cccc(C3CCCCC3)c2)=N1
C1=CC(NCCCNc2cccc(C3CCCCC3)c2)=N1
C1=CC(NCCCNc2cccc(C3CCCCC3)c2)=N1
C1=CC(NCCCNc2ccccc2)=N1
C1=CC(NCCCNc2ccccc2)=N1
C1=CC(NCCCNc2ccccc2)=N1
C1=CC(NCCCNc2ccccc2)=N1
C1=CC(NCCCNc2ccccc2)=N1
C1=CC(NCCCNc2ccccc2)=N1
C1=CC(NCCCNc2ccccc2)=N1
C1=CC(NCCCNc2ccccc2)=N1
C1=CC(NCCCNc2ccccc2)=N1
C1=CC(NCCCNc2ccccc2)=N1
C1=CC(NCCCNc2ccccc2)=N1
C1=CC(NCCCNc2ccccc2)=N1
C1=CC(NCCNc2ccccc2)=N1
C1=CC(NCCNc2ccccc2)=N1
C1=CC(NCCNc2ccccc2)=N1
C1=CC(CCCNc2ccccc2)=N1
C1=CC(CCCNc2ccccc2)=N1
C1=CC(CCCNc2ccccc2)=N1
C1=CC(CCCNc2ccccc2)=N1
C1=CC(CCCNc2ccccc2)=N1
C1=CC(CCCNc2ccccc2)=N1
C1=CC(CCCNc2ccccc2)=N1
C1=CC(CCCNc2ccccc2)=N1
C1=CC(CCCCNc2ccccc2)=N1
C1=CC(CCCCNc2ccccc2)=N1
C1=CC(CCCCNc2ccccc2)=N1
C1=CC(CCCCNc2ccccc2)=N1
C1=CN=C(CCCCNc2ccccc2)C1
C1=CN=C(CCCCNc2ccccc2)CC1
C1=CN=C(CCCCNc2ccccc2)CC1
c1ccc(NCCCCc2ccccn2)cc1
c1ccc(NCCCCc2cccnc2)cc1
c1ccc(NCCCCc2cccnc2)cc1
c1ccc(NCCCCc2cccnc2)cc1
c1ccc(CCCCNc2ccccc2)cc1
c1ccc(CCCCNc2ccccc2)cc1
c1ccc(CCCCNc2ccccc2)cc1
c1ccc(CCCCNc2ccccc2)cc1
c1ccc(CCCCNc2ccccc2)cc1
c1ccc(CCCCNc2ccccc2)cc1
c1ccc(CCCCNc2ccccc2)cc1
c1ccc(CCCCNc2ccccc2)cc1
c1ccc(CCCCNc2ccccc2)cc1
c1ccc(CCCCNc2ccccc2)cc1
c1ccc(CCCCNc2ccccc2)cc1
c1ccc(CCCCNc2ccccc2)cc1
c1ccc(CCCCNc2ccccc2)cc1
c1ccc(CCCCNc2ccccc2)cc1
c1ccc(CCCCNc2ccccc2)cc1
c1ccc(CCCCNc2ccccc2)cc1
c1ccc(CCCCNc2ccccc2)cc1
c1ccc(CCCCNc2ccccc2)cc1
c1ccc(CCCCNc2ccccc2)cc1
c1ccc(CCCCNc2ccccc2)cc1
c1ccc(CCCCNc2ccccc2)cc1
c1ccc(CCCCNc2ccccc2)cc1
c1ccc(CCCCNc2ccccc2)cc1
c1ccc(CCCCNc2ccccc2)cc1
c1ccc(CCCCNc2ccccc2)cc1
c1ccc(CCCCNc2ccccc2)cc1
c1ccc(CCCCNc2cccc3c2CCC3)cc1
C1=Cc2cccc(NCCCCc3ccccc3)c2C1
C1=Cc2cccc(NCCCCc3ccccc3)c2C1
C1=Cc2cccc(NCCCCc3ccccc3)c2CC1
c1ccc(CCCCNc2cccc3ccccc23)cc1
c1ccc(CCCCNc2cccc3ccccc23)cc1
c1ccc(CCCCNc2cccc3ccccc23)cc1
c1ccc(CCCCNc2cccc3ccccc23)cc1
c1ccc(CCCCNc2cccc3ccccc23)cc1
c1ccc(CCCCNc2cccc3ccccc23)cc1
c1ccc(CCCCNc2cccc3c4cc-4cc23)cc1
c1ccc(CCCCNc2cccc3c4cc-4cc23)cc1
c1ccc(CCCCNc2cccc3ccccc23)cc1
c1ccc(CCCCNc2cccc3ccccc23)cc1
c1ccc(CCCCNc2cccc3ncccc23)cc1
c1ccc(CCCCNc2cccc3ncccc23)cc1
c1ccc(CCCCNc2cccc3ncccc23)cc1
c1ccc(CCCCNc2cccc3ncccc23)cc1
c1ccc(CCCCNc2cccc3ncccc23)cc1
c1ccc(CCCCNc2cccc3ncccc23)cc1
c1ccc(CCCCNc2cccc3ncccc23)cc1
c1ccc(CCCCNc2cccc3ncccc23)cc1
C1=CC(C2Oc3ccccc3-c3ccc4c(c32)C=CCN4)CCC1
C1=CC(COc2ccccc2-c2ccc3c(c2)C=CCN3)CCC1
C1=CC(COc2ccccc2-c2ccc3c(c2)C=CCN3)CCC1
C1=CC(COc2ccccc2-c2ccc3c(c2)C=CCN3)CC1
C1=CC(COc2ccccc2-c2cccc3c2NCC=C3)CC1
C1=Cc2cccc(-c3ccccc3OCC3C=CC3)c2NC1
C1=Cc2cccc(-c3ccccc3OCC3C=C3)c2NC1
C1=Cc2cccc(-c3ccccc3OCC3C=C3)c2NC1
C1=CC1COc1ccccc1-c1cccc2c1NCC2
C1=CC1COc1ccccc1-c1cccc2c1NCC2
C1=CC1COc1ccccc1-c1cccc2c1NCC2
C1=CC1COc1ccccc1-c1cccc2c1NCC2
C1=CC1CCOc1ccccc1-c1cccc2c1NCC2
C1=CC1CCOc1ccccc1-c1cccc2c1NCCC2
C1=CC1CCOC1CNc2c(cccc2-c2ccccc2)C1
C1=CC1CCOC1CNc2c(cccc2-c2ccccc2)C1
C1=CC1COC1CNc2c(cccc2-c2ccccc2)C1
C1=CC1COC1CNc2c(cccc2-c2ccccc2)C1
c1ccc(-c2cccc3c2NCCC3)cc1
c1ccc(-c2cccc3c2NCCC3)cc1
c1ccc(-c2cccc3c2NCCC3)cc1
c1ccc(-c2cccc3c2NCCC3)cc1
c1ccc(-c2cccc3c2NCCC3)cc1
c1ccc(-c2cccc3c2NCCC3)cc1
c1ccc(-c2cccc3c2NCCC3)cc1
c1ccc(-c2cccc3c2NCCC3)cc1
c1ccc(-c2cccc3c2NCCC3)cc1
c1ccc(-c2cccc3c2NCCC3)cc1
c1ccc(-c2cccc3c2NCCC3)cc1
c1ccc(-c2cccc3c2NCCC3)cc1
c1ccc(-c2cccc3c2NCCC3)cc1
c1ccc(-c2cccc3c2NCCC3)cc1
c1ccc(-c2cccc3c2NCCC3)cc1
c1ccc(-c2cccc3c2NCCC3)cc1
c1ccc(-c2cccc3c2NCCC3)cc1
c1ccc(-c2cccc3c2NCCC3)cc1
c1ccc(-c2cccc3c2NCCC3)cc1
c1ccc(-c2cccc3c2NCCC3)cc1
c1ccc(-c2cccc3c2NCCC3)cc1
c1ccc(-c2cccc3c2NCCC3)cc1
c1ccc(-c2cccc3c2NCCC3)cc1
c1ccc(-c2cccc3c2NCCC3)cc1
c1ccc(-c2cccc3c2NCCC3)cc1
c1ccc(-c2ccc3c(c2)CCCN3)cc1
c1ccc(-c2ccc3c(c2)CCCN3)cc1
c1ccc(-c2ccc3c(c2)CCCN3)cc1
c1ccc(-c2ccc3c(c2)CCCN3)cc1
c1ccc(-c2ccc3c(c2)CCCN3)cc1
c1ccc(-c2ccc3c(c2)CCCN3)cc1
c1ccc(-c2ccc3c(c2)CCCN3)cc1
c1ccc(-c2ccc3c(c2)CCCN3)cc1
c1ccc(-c2ccc3c(c2)CCCN3)cc1
c1ccc(-c2ccc3c(c2)CCCN3)cc1
c1ccc(-c2ccc3c(c2)CCCN3)cc1
c1ccc(-c2ccc3c(c2)CCCN3)cc1
c1ccc(-c2ccc3c(c2)CCCN3)cc1
c1ccc(-c2ccc3c(c2)CCCN3)cc1
c1ccc(-c2ccc3c(c2)CCCN3)cc1
c1ccc(-c2ccc3c(c2)CCCN3)cc1
c1ccc(-c2ccc3c(c2)CCCN3)cc1
c1ccc(-c2ccc3c(c2)CCCN3)cc1
c1ccc(-c2ccc3c(c2)CCCN3)cc1
c1ccc(-c2ccc3c(c2)CCCN3)cc1
c1ccc(-c2ccc3c(c2)CCCN3)cc1
c1ccc(-c2ccc3c(c2)CCCN3)cc1
c1ccc(-c2ccc3c(c2)CCCN3)cc1
c1ccc(-c2ccc3c(c2)CCCN3)cc1
c1ccc(-c2ccc3c(c2)CCCN3)cc1
c1ccc(-c2ccc3c(c2)CCCN3)cc1
c1ccc(-c2ccc3c(c2)CCCN3)cc1
c1ccc(-c2ccc3c(c2)CCCN3)cc1
c1ccc(-c2ccc3c(c2)CCCN3)cc1
c1ccc(-c2ccc3c(c2)CCCN3)cc1
c1ccc(-c2ccc3c(c2)CCCN3)cc1
c1ccc(-c2ccc3c(c2)CCCN3)cc1
c1ccc(-c2ccc3c(c2)CCCN3)cc1
c1ccc(-c2ccc3c(c2)CCCN3)cc1
c1ccc(-c2ccc3c(c2)CCCN3)cc1
c1ccc(-c2ccc3c(c2)CCCN3)cc1
c1ccc(-c2ccc3c(c2)CCCN3)cc1
c1ccc(-c2ccc3c(c2)CCCN3)cc1
c1ccc(-c2ccc3c(c2)CCCN3)cc1
c1ccc(-c2ccc3c(c2)CCCN3)cc1
c1ccc(-c2ccc3c(c2)CCCN3)cc1
c1ccc(-c2ccc3c(c2)CCCN3)cc1
c1ccc(-c2ccc3c(c2)CCCN3)cc1
O=C(NCC1CC1)OC1CNc2ccc(-c3ccccc3)cc2C1
O=C(NCC1CC1)OC1CNc2ccc(-c3ccccc3)cc2C1
O=C(NCC1CC1)OC1CNc2ccc(-c3ccccc3)cc2C1
O=C(NCC1CC1)OC1CNc2ccc(-c3ccccc3)cc2C1
O=C(NCC1CC1)OC1CNc2ccc(-c3ccccc3)cc2C1
c1ccc(-c2ccc3c(c2)CCCN3)cc1
c1ccc(-c2ccc3c(c2)CCCN3)cc1
c1ccc(-c2ccc3c(c2)CCCN3)cc1
c1ccc(-c2ccc3c(c2)CCCN3)cc1
O=C(NCC1CC1)OC1CNc2ccc(-c3ccccc3)cc2C1
O=C(NC1CC1)OC1CNc2ccc(-c3ccccc3)cc2C1
O=C(NC1CC1)OC1CNc2ccc(-c3ccccc3)cc2C1
c1ccc(-c2ccc3c(c2)CCCN3)cc1
c1ccc(-c2ccc3c(c2)CCCN3)cc1
c1ccc(-c2ccc3c(c2)CCCN3)cc1
c1ccc(-c2ccc3c(c2)CCCN3)cc1
c1ccc(-c2ccc3c(c2)CCCN3)cc1
c1ccc(-c2ccc3c(c2)CCCN3)cc1
O=C(Nc1ccccc1)OC1CNc2ccccc2C1
O=C(Nc1ccccc1)OC1CNc2ccccc2C1
O=C(Nc1ccccc1)OC1CNc2ccccc2C1
O=C(Nc1ccccc1)OC1CNc2ccccc2C1
O=C(Nc1ccccc1)OC1CNc2ccccc2C1
O=C(Nc1ccccc1)OC1CNc2ccccc2C1
O=C(Nc1ccccc1)OC1CNc2ccccc2C1
O=C(Nc1ccccc1)OC1CNc2cc3c(cc2C1)CC3
O=C(Nc1ccccc1)OC1CNc2cc3c(cc2C1)C3
O=C(Nc1ccccc1)OC1CNc2cc3c(cc2C1)CN3
O=C(Nc1ccccc1)OC1CNc2cc3c(cc2C1)CCN3
O=C(Nc1ccccc1)OC1CNc2cc3c(cc2C1)CCN3
O=C(Nc1ccccc1)OC1CNc2cc3[nH]ccc3cc2C1
O=C(Nc1ccccc1)OC1CNc2cc3[nH]ccc3cc2C1
O=C(Nc1ccccc1)OC1CNc2cc3[nH]ccc3cc2C1
O=C(Nc1ccccc1)OC1CNc2ccc(C3=CC3)cc2C1
O=C(Nc1ccccc1)OC1CNc2ccc(C3=CC3)cc2C1
O=C(Nc1ccccc1)OC1CNc2ccccc2C1
O=C(Nc1ccccc1)OC1CNc2ccccc2C1
O=C(Nc1ccccc1)OC1CNc2ccccc2C1
O=C(Nc1ccccc1)OC1CNc2ccccc2C1
O=C(Nc1ccccc1)OC1CNc2ccccc2C1
O=C(Nc1ccccc1)OC1CNc2ccccc2C1
O=C(Nc1ccccc1)OC1CNc2ccccc2C1
O=C(Nc1ccccc1)OC1CNc2ccccc2C1
O=C(Nc1ccccc1)OC1CNc2ccccc2C1
O=C(Nc1ccccc1)OC1CNc2ccccc2C1
O=C(Nc1ccccc1)OC1CNc2ccccc2C1
O=C(Nc1ccccc1)OC1CNc2ccccc2C1
O=C(Nc1ccccc1)OC1CNc2ccccc2C1
O=C(Nc1ccccc1)OC1CNc2ccccc2C1
O=C(Nc1ccccc1)OC1CNc2ccccc2C1
O=C(Nc1ccccc1)OC1CNc2ccc(C3=CCC3)cc2C1
O=C(Nc1ccccc1)OC1CNc2ccc(C3=CCC3)cc2C1
O=C(Nc1ccccc1)OC1CNc2ccc(C3=CCCC3)cc2C1
O=C(Nc1ccccc1)OC1CNc2ccc(C3=CCCC3)cc2C1
O=C(Nc1ccccc1)OC1CNc2ccc(C3=CCCC3)cc2C1
O=C(Nc1ccccc1)OC1CNc2ccc(C3=C4CC4C3)cc2C1
O=C(Nc1ccccc1)OC1CNc2ccc(C3=C4CC4=C3)cc2C1
O=C(Nc1ccccc1)OC1CNc2ccc(C3=C4CC4=C3)cc2C1
O=C(Nc1ccccc1)OC1CNc2ccc(C3=CC=C3)cc2C1
O=C(Nc1ccccc1)OC1CNc2ccc(C3=CC=C3)cc2C1
O=C(Nc1ccccc1)OC1CNc2ccc(C3=CC=C3)cc2C1
O=C(Nc1ccccc1)OC1CNc2ccc(C3=CCC=C3)cc2C1
O=C(Nc1ccccc1)OC1CNc2ccc(C3=CCCC=C3)cc2C1
O=C(Nc1ccccc1)OC1CNc2ccc(-c3ccccc3)cc2C1
O=C(Nc1ccccc1)OC1CNc2ccc(-c3cc4ccc3-4)cc2C1
O=C(Nc1ccccc1)OC1CNc2ccc(-c3cc4ccc3-4)cc2C1
O=C(Nc1ccccc1)OC1CNc2ccc(-c3ccccc3)cc2C1
O=C(Nc1ccccc1)OC1CNc2ccc(-c3ccccc3)cc2C1
O=C(Nc1ccccc1)OC1CNc2ccc(-c3ccccc3)cc2C1
O=C(Nc1ccccc1)OC1CNc2ccc(-c3ccccc3)cc2C1
O=C(Nc1ccccc1)OC1CNc2ccc(-c3ccccc3)cc2C1
O=C(Nc1ccccc1)OC1CNc2ccc(-c3ccccc3)cc2C1
O=C(Nc1ccccc1)OC1CNc2ccc(-c3ccccc3)cc2C1
O=C(Nc1ccccc1)OC1CNc2ccc(-c3ccccc3)cc2C1
O=C(Nc1ccccc1)OC1CNc2ccc(-c3cccc4cc[nH]c34)cc2C1
O=C(Nc1ccccc1)OC1CNc2ccc(-c3cccc4cc[nH]c34)cc2C1
O=C(Nc1ccccc1)OC1CNc2ccc(-c3cccc4cc[nH]c34)cc2C1
O=C(Nc1ccccc1)OC1CNc2ccc(-c3cccc4cc[nH]c34)cc2C1
O=C(Nc1ccccc1)OC1CNc2ccc(-c3cccc4cc[nH]c34)cc2C1
O=C(Nc1ccccc1)OC1CNc2ccc(-c3cccc4cc[nH]c34)cc2C1
O=C(Nc1ccccc1)OC1CNc2ccc(-c3cccc4cc[nH]c34)cc2C1
O=C(Nc1ccccc1)OC1CNc2ccc(-c3cccc4cc[nH]c34)cc2C1
O=C(Nc1ccccc1)OC1CNc2ccc(-c3cccc4cc[nH]c34)cc2C1
O=C(Nc1ccccc1)OC1CNc2ccc(-c3cccc4cc[nH]c34)cc2C1
C1=CC(C2Oc3ccccc3-c3ccc4c(c32)C=CCN4)CCC1
C1=CC(C2Oc3ccccc3-c3ccccc32)CCC1
C1=CC(C2Oc3ccccc3-c3ccccc32)CCC1
c1ccc2c(c1)OC(C1CCCC1)c1ccccc1-2
c1ccc2c(c1)OC(C1CCCC1)c1ccccc1-2
c1ccc2c(c1)OC(C1CCCC1)c1ccccc1-2
c1ccc2c(c1)OCc1cc(NCCC3CCCC3)ccc1-2
c1ccc2c(c1)OCc1cc(NCCC3CCCC3)ccc1-2
c1ccc2c(c1)OCc1cc(NCCC3CCCCC3)ccc1-2
c1ccc2c(c1)OCc1cc(NCCC3CCCCC3)ccc1-2
c1ccc2c(c1)OCc1cc(NCCC3CCCCC3)ccc1-2
c1ccc2c(c1)OCc1cc(NCCC3CCCCCC3)ccc1-2
c1ccc2c(c1)OCc1cc(NCCCC3CCCCCC3)ccc1-2
c1ccc2c(c1)OCc1cc(NCCCC3CCCCCC3)ccc1-2
c1ccc2c(c1)OCc1cc(NCCCC3CCCCC3)ccc1-2
O=C(CCC1CCCCC1)Nc1ccc2c(c1)COc1ccccc1-2
O=C(CCC1CCCCC1)Nc1ccc2c(c1)COc1ccccc1-2
O=C(CCC1CCCCC1)Nc1ccc2c(c1)COc1ccccc1-2
O=C(CCC1CCCC1)Nc1ccc2c(c1)COc1ccccc1-2
O=C(CCC1CCCC1)Nc1ccc2c(c1)COc1ccccc1-2
O=C(CCC1CCCC1)Nc1ccc2c(c1)COc1ccccc1-2
O=C(CCC1CCCC1)Nc1ccc2c(c1)COc1ccccc1-2
O=C(CCC1CCCC1)Nc1ccc2c(c1)COc1ccccc1-2
O=C(CCC1CCCC1)Nc1ccc2c(c1)COc1ccccc1-2
O=C(CCC1CCCC1)Nc1ccc2c(c1)COc1ccccc1-2
O=C(CCC1CCCC1)Nc1ccc2c(c1)COc1ccccc1-2
O=C(CCC1CCCCC1)Nc1ccc2c(c1)COc1ccccc1-2
O=C(CCC1CCCCC1)Nc1ccc2c(c1)COc1ccccc1-2
O=C(CCC1CCCCC1)Nc1ccc2c(c1)COc1ccccc1-2
O=C(CCC1CCCCC1)Nc1ccc2c(c1)COc1ccccc1-2
O=C(CCC1CCCCC1)Nc1ccc2c(c1)COc1ccccc1-2
O=C(CCC1CCCCC1)Nc1ccc2c(c1)COc1ccccc1-2
O=C(CCC1CCCCC1)Nc1ccc2c(c1)COc1ccccc1-2
O=C(CCC1CCCCC1)Nc1ccc2c(c1)COc1ccccc1-2
O=C(CCC1CCCCCC1)Nc1ccc2c(c1)COc1ccccc1-2
O=C(CCC1CCCCCC1)Nc1ccc2c(c1)COc1ccccc1-2
O=C(CCC1CCCCCC1)Nc1ccc2c(c1)COc1ccccc1-2
O=C(CCC1CCCCCC1)Nc1ccc2c(c1)COc1ccccc1-2
O=C(CCC1CCCCCC1)Nc1ccc2c(c1)COc1ccccc1-2
O=C(CCC1CCCCC1)Nc1ccc2c(c1)COc1ccccc1-2
O=C(CCC1CCCCC1)Nc1ccc2c(c1)COc1ccccc1-2
O=C(CCC1CCCCC1)Nc1ccc2c(c1)COc1ccccc1-2
O=C(CCC1CCCCC1)Nc1ccc2c(c1)COc1ccccc1-2
O=C(CCC1CCCCC1)Nc1ccc2c(c1)COc1ccccc1-2
O=C(CCC1CCCCC1)Nc1ccc2c(c1)COc1ccccc1-2
O=C(CCC1CCCC1)Nc1ccc2c(c1)COc1ccccc1-2
O=C(CCC1CCCC1)Nc1ccc2c(c1)COc1ccccc1-2
O=C(CCC1CCCC1)Nc1ccc2c(c1)COc1ccccc1-2
O=C(CCC1CCCC1)Nc1ccc2c(c1)COc1ccccc1-2
O=C(CCC1CCCC1)Nc1ccc2c(c1)COc1ccccc1-2
O=C(CCC1CCCCC1)Nc1ccc2c(c1)COc1ccccc1-2
O=C(CCC1CCCCC1)Nc1ccc2c(c1)COc1ccccc1-2
O=C(CCC1CCCCC1)Nc1ccc2c(c1)COc1ccccc1-2
O=C(CCC1CCCCCC1)Nc1ccc2c(c1)COc1ccccc1-2
O=C(CCC1CCCCCCC1)Nc1ccc2c(c1)COc1ccccc1-2
O=C(CCC1CCCCCCC1)Nc1ccc2c(c1)COc1ccccc1-2
O=C(CCC1CCCCCCC1)Nc1ccc2c(c1)COc1ccccc1-2
O=C(Nc1ccc2c(c1)COc1ccccc1-2)C(CCC1CN1)CC1CCCCCCC1
O=C(Nc1ccc2c(c1)COc1ccccc1-2)C(CCC1CNC1)CC1CCCCCCC1
O=C(Nc1ccc2c(c1)COc1ccccc1-2)C(CCC1=CNC1)CC1CCCCCCC1
O=C(Nc1ccc2c(c1)COc1ccccc1-2)C(CCC1=C2NC12)CC1CCCCCCC1
O=C(Nc1ccc2c(c1)COc1ccccc1-2)C(CCC1=C2NC12)CC1CCCCCCC1
O=C(Nc1ccc2c(c1)COc1ccccc1-2)C(CCC1=C2NC12)CC1CCCCCCC1
O=C(Nc1ccc2c(c1)COc1ccccc1-2)C(CCC1=C2NCC12)CC1CCCCCCC1
O=C(Nc1ccc2c(c1)COc1ccccc1-2)C(CCC1=CC1)CC1CCCCCCC1
O=C(Nc1ccc2c(c1)COc1ccccc1-2)C(CCC1=CC1)CC1CCCCCCC1
O=C(Nc1ccc2c(c1)COc1ccccc1-2)C(CCC1=CC1)CC1CCCCCCC1
O=C(Nc1ccc2c(c1)COc1ccccc1-2)C(CCC1=CC1)CC1CCCCCCC1
O=C(Nc1ccc2c(c1)COc1ccccc1-2)C(CCc1cc1=O)CC1CCCCCCC1
O=C(Nc1ccc2c(c1)COc1ccccc1-2)C(CCCc1cc1=O)CC1CCCCCCC1
O=C(Nc1ccc2c(c1)COc1ccccc1-2)C(CCCc1cc1=O)CC1CCCCCC1
O=C(Nc1ccc2c(c1)COc1ccccc1-2)C(CCCc1cc1=O)CC1CCCCCC1
O=C(Nc1ccc2c(c1)COc1ccccc1-2)C(CCc1cc1=O)CC1CCCCCC1
O=C(Nc1ccc2c(c1)COc1ccccc1-2)C(CC1CCCCCC1)CC1CCc2c1c2=O
O=C(Nc1ccc2c(c1)COc1ccccc1-2)C(CCc1cc1=O)CC1CCCCCC1
O=C1OC=C1CCC(CC1CCCCCC1)C(=O)Nc1ccc2c(c1)COc1ccccc1-2
O=C1OC=C1CCC(CC1CCCCC1)C(=O)Nc1ccc2c(c1)COc1ccccc1-2
O=C1OC=C1CCC(CC1CCCCC1)C(=O)Nc1ccc2c(c1)COc1ccccc1-2
O=C1COC=C1CCC(CC1CCCCC1)C(=O)Nc1ccc2c(c1)COc1ccccc1-2
O=C1COC=C1CCC(CC1CCCCC1)C(=O)Nc1ccc2c(c1)COc1ccccc1-2
O=C1COC=C1CCC(CC1CCCCC1)C(=O)Nc1ccc2c(c1)COCc1ccccc1-2
O=C1OCc2cc(NC(=O)C(CCC3=COCC3)CC3CCCCC3)ccc2-c2ccccc21
O=C1OCc2cc(NC(=O)C(CCC3=COCC3)CC3CCCCC3)ccc2-c2ccccc21
O=C(CCC1CCCCC1)Nc1ccc2c(c1)COC(=O)c1ccccc1-2
O=C(CCC1CCCCC1)Nc1ccc2c(c1)COC(=O)c1ccccc1-2
O=C(CCC1CCCCC1)Nc1ccc2c(c1)COC(=O)c1ccccc1C2
C=C1c2ccc(NC(=O)CCC3CCCCC3)cc2COC(=O)c2ccccc21
C=C1c2ccc(NC(=O)CCC3CCCCC3)cc2COC(=O)c2ccccc21
C=C1c2ccc(NC(=O)CCC3CCCCC3)cc2COC(=O)c2ccccc21
C=C1c2ccc(NC(=O)CCC3CCCCC3)cc2COC(=O)c2ccccc21
C=C1c2ccc(NC(=O)CCC3CCCCC3)cc2COC(=O)c2ccccc21
C=C1c2ccc(NC(=O)CCC3CCCCC3)cc2COC(=O)c2ccccc21
C=C1c2ccc(NC(=O)CCC3CCCCC3)cc2COC(=O)c2ccccc21
C=C1c2ccc(NC(=O)CCC3CCCCC3)cc2COC(=O)c2ccccc21
C=C1c2ccc(NC(=O)CCC3CCCCC3)cc2COC(=O)c2ccccc21
C=C1c2ccc(NC(=O)CCC3CCCCCC3)cc2COC(=O)c2ccccc21
C=C1c2ccc(NC(=O)CCC3CCCCCC3)cc2COC(=O)c2ccccc21
C=C1c2ccc(NC(=O)CCC3CCCCCC3)cc2COC(=O)c2ccccc21
C=C1c2ccc(NC(=O)CCC3CCCCCC3)cc2COC(=O)c2ccccc21
C=C1c2ccc(NC(=O)CCC3CCCCCC3)cc2COC(=O)c2ccccc21
C=C1c2ccc(NC(=O)CCC3CCCCCC3)cc2COC(=O)c2ccccc21
C=C1c2ccc(NC(=O)CCC3CCCCCC3)cc2COC(=O)c2ccccc21
O=C(CCC1CCCCCC1)Nc1ccc2c(c1)COC(=O)c1ccccc1C2=O
O=C(CCC1CCCCCC1)Nc1ccc2c(c1)COC(=O)c1ccccc1C2=O
O=C(CCC1CCCCC1)Nc1ccc2c(c1)COC(=O)c1ccccc1C2=O
O=C(CCC1CCCCC1)Nc1ccc2c(c1)COC(=O)c1ccccc1C2=O
O=C(CCC1CCCCCC1)Nc1ccc2c(c1)COC(=O)c1ccccc1C2=O
O=C(CCC1CCCCCC1)Nc1ccc2c(c1)COC(=O)c1ccccc1C2=O
O=C(CCC1CCCCCCC1)Nc1ccc2c(c1)COC(=O)c1ccccc1C2=O
O=C(CCC1CCCCCCC1)Nc1ccc2c(c1)COC(=O)c1ccccc1C2=O
O=C(CCC1CCCCCC1)Nc1ccc2c(c1)COC(=O)c1ccccc1C2=O
O=C(CCC1CCCCCC1)Nc1ccc2c(c1)COC(=O)c1ccccc1C2=O
O=C(CCC1CCCCC1)Nc1ccc2c(c1)COC(=O)c1ccccc1C2=O
O=C(CCC1CCCCC1)Nc1ccc2c(c1)COC(=O)c1ccccc1C2=O
O=C(CCC1CCCCCC1)Nc1ccc2c(c1)COC(=O)c1ccccc1C2=O
O=C(CCC1CCCCCC1)Nc1ccc2c(c1)COC(=O)c1ccccc1C2=O
O=C(CCC1CCCCCC1)Nc1ccc2c(c1)COC(=O)c1ccccc1C2=O
O=C(CCC1CCCCCC1)Nc1ccc2c(c1)COC(=O)c1ccccc1C2=O
O=C(CCC1CCCCCC1)Nc1ccc2c(c1)COC(=O)c1ccccc1C2=O
O=C(CCC1CCCCC1)Nc1ccc2c(c1)COC(=O)c1ccccc1C2=O
O=C(CCC1CCCCC1)Nc1ccc2c(c1)COC(=O)c1ccccc1C2=O
O=C(CCC1CCCCC1)Nc1ccc2c(c1)COC(=O)c1ccccc1C2=O
C=C1c2ccc(NC(=O)CCC3CCCCC3)cc2COC(=O)c2ccccc21
C=C1c2ccc(NC(=O)CCC3CCCCC3)cc2COC(=O)c2ccccc21
C=C1c2ccc(NC(=O)CCC3CCCCC3)cc2COC(=O)c2ccccc21
C=C1c2ccc(NC(=O)CCC3CCCCC3)cc2COC(=O)c2ccccc21
O=C(CCC1CCCCC1)Nc1ccc2c(c1)COC(=O)C=C2c1ccccc1
O=C(CCC1CCCCC1)Nc1ccc2c(c1)COC(=O)C=C2c1ccccc1
O=C(CCC1CCCCCC1)Nc1ccc2c(c1)COC(=O)C=C2c1ccccc1
O=C(CCC1CCCCCC1)Nc1ccc2c(c1)COC(=O)C=C2c1ccccc1
O=C(CCC1CCCCCCC1)Nc1ccc2c(c1)COC(=O)C=C2c1ccccc1
O=C(CCC1CCCCCCC1)Nc1ccc2c(c1)COC(=O)C=C2c1ccccc1
O=C(CCC1CCCCCCC1)Nc1ccc2c(c1)COC(=O)C=C2c1ccccc1
O=C(CCC1CCCCCCC1)Nc1ccc2c(c1)COC(=O)C=C2c1ccccc1
O=C(CCC1CCCCCCC1)Nc1ccc2c(c1)COC(=O)C=C2c1ccccc1
O=C(CCC1CCCCCCC1)Nc1ccc2c(c1)COC(=O)C=C2c1ccccc1
O=C(CCC1CCCCCCC1)Nc1ccc2c(c1)COC(=O)C=C2c1ccccc1
O=C(CCC1CCCCCCC1)Nc1ccc2c(c1)COC(=O)C=C2c1ccccc1
O=C(CCC1CCCCCCC1)Nc1ccc2c(c1)COC(=O)C=C2c1ccccc1
O=C(CCC1CCCCCCC1)Nc1ccc2c(c1)COC(=O)C=C2c1ccccc1
O=C(CCC1CCCCCCC1)Nc1ccc2c(c1)COC(=O)C=C2c1ccccc1
O=C(CCC1CCCCCC1)Nc1ccc2c(c1)COC(=O)C=C2c1ccccc1
O=C(CCC1CCCCCC1)Nc1ccc2c(c1)COC(=O)C=C2c1ccccc1
O=C(CCC1CCCCCC1)Nc1ccc2c(c1)COC(=O)C=C2Cc1ccccc1
O=C(CCC1CCCCCC1)Nc1ccc2c(c1)COC(=O)C=C2Cc1ccccc1
O=C(CCC1CCCCCC1)Nc1ccc2c(c1)COC(=O)C=C2Cc1ccccc1
O=C(CCC1CCCCC1)Nc1ccc2c(c1)COC(=O)C=C2Cc1ccccc1
O=C(CCC1CCCC1)Nc1ccc2c(c1)COC(=O)C=C2Cc1ccccc1
O=C1C=Cc2ccc(NC(=O)C(CCCc3ccccc3)CC3CCCC3)cc2CO1
O=C1C=Cc2ccc(NC(=O)C(CCc3ccccc3)CC3CCCC3)cc2CO1
O=C1C=Cc2ccc(NC(=O)C(CCc3ccccc3)CC3CCCC3)cc2CO1
O=C1C=Cc2ccc(NC(=O)C(CCc3ccccc3)CC3CCCC3)cc2CO1
O=C1C=Cc2ccc(NC(=O)C(CCc3ccccc3)CC3CCCCC3)cc2CO1
O=C1C=Cc2ccc(NC(=O)C(CCc3ccccc3)CC3CCCCC3)cc2CO1
O=C1C=Cc2ccc(NC(=O)C(CCc3ccccc3)CC3CCCC3)cc2CO1
O=C1C=Cc2ccc(NC(=O)C(CCc3ccccc3)CC3CCCC3)cc2CO1
O=C1C=Cc2ccc(NC(=O)C(CCc3ccccc3)CC3CCC3)cc2CO1
O=C1C=Cc2ccc(NC(=O)C(CCc3ccccc3)CC3CCC3)cc2CO1
O=C1C=Cc2ccc(NC(=O)C(CCc3ccccc3)CC3CCC3)cc2CO1
O=C1C=Cc2ccc(NC(=O)C(CCc3ccccc3)CC3CCCC3)cc2CO1
O=C1C=Cc2ccc(NC(=O)C(CCc3ccccc3)CC3CCCC3)cc2CO1
O=C1C=Cc2ccc(NC(=O)C(CCc3ccccc3)CC3CCCCC3)cc2CO1
O=C1C=Cc2ccc(NC(=O)C(CCc3ccccc3)CC3CCCCC3)cc2CO1
O=C1OCc2cc(NC(=O)C(CCc3ccccc3)CC3CCCCC3)ccc2C2=C1CCC2
O=C1OCc2cc(NC(=O)C(CCc3ccccc3)CC3CCCCC3)ccc2C2=C1CCC2
O=C1OCc2cc(NC(=O)C(CCc3ccccc3)CC3CCCCC3)ccc2C2=C1CCC2
O=C1OCc2cc(NC(=O)C(CCc3ccccc3)CC3CCCCC3)ccc2C2=C1COC2
O=C1OCc2cc(NC(=O)C(CCc3ccccc3)CC3CCCCC3)ccc2C2=C1COC2
O=C1OCc2cc(NC(=O)C(CCc3ccccc3)CC3CCCCC3)ccc2C2=C1COCC2
O=C1OCc2cc(NC(=O)C(CCc3ccccc3)CC3CCCCC3)ccc2C2=C1OCC2
O=C1OCc2cc(NC(=O)C(CCc3ccccc3)CC3CCCCC3)ccc2C2=C1OC2
O=C1OCc2cc(NC(=O)C(CCc3ccccc3)CC3CCCCC3)ccc2C2=C1O2
O=C1Cc2ccc(NC(=O)C(CCc3ccccc3)CC3CCCCC3)cc2CO1
O=C1OCc2cc(NC(=O)C(CCc3ccccc3)CC3CCCCC3)ccc2C1=O
O=C1COCc2cc(NC(=O)C(CCc3ccccc3)CC3CCCCC3)ccc21
O=C1OCc2cc(NC(=O)C(CCc3ccccc3)CC3CCCCC3)ccc21
C1=CC(C2Oc3ccccc3-c3ccc4c(c32)C=CCN4)CCC1
C1=CC(C2Oc3ccccc3-c3ccc4c(c32)C=CCN4)CC1
C1=CC(C2Oc3ccccc3-c3ccccc32)CC1
C1=CC(C2Oc3ccccc3-c3ccccc32)CC1
C1=CC(C2Oc3ccccc3-c3ccccc32)CC1
C1=CC(C2Oc3ccccc3-c3ccccc32)CC1
C1=CC(C2Oc3ccccc3-c3ccccc32)CC1
C1=CC(C2Oc3ccccc3-c3ccccc32)CC1
C1=CC(C2Oc3ccccc3-c3ccccc32)CC1
C1=CC(C2Oc3ccccc3-c3ccccc32)CC1
C1=CC(C2Oc3ccccc3-c3ccccc32)CC1
C1=CC(C2Oc3ccccc3-c3ccccc32)CC1
C1=CC(C2Oc3ccccc3-c3ccccc32)CC1
C1=C2OC(c3ccccc3-c3ccccc3)C2CC1
C1=C2OC(c3ccccc3Cc3ccccc3)C2CC1
C1=C2OC(c3ccccc3Cc3ccccc3)C2CC1
C1=C2OC(c3ccccc3Cc3ccccc3)C2C1
C1=C2OC(c3ccccc3Cc3ccccc3)C2C1
C1=C2OC(c3ccccc3Cc3ccccc3)C12
C1=C2OC(c3ccccc3Cc3ccccc3)C12
O=C(CCc1ccccc1)Nc1cccc(C2OC3=CC32)c1
O=C(CCc1ccccc1)Nc1cccc(C2OC3=CC32)c1
O=C(CCc1ccccc1)Nc1cccc(C2OC3=CC32)c1
O=C(CCc1ccccc1)Nc1cccc(C2OC3=CC32)c1
O=C(CCc1ccccc1)Nc1cccc(C2OC3=CC32)c1
O=C(CCc1ccccc1)Nc1cccc(C2OC3=CC32)c1
O=C(CCc1ccccc1)Nc1cccc(C2OC3=CC32)c1
O=C(CCc1ccccc1)Nc1ccc2c(c1)C1OC3=C2C31
O=C(CCc1ccccc1)Nc1ccc(C2=C3OCC32)cc1
O=C(CCc1ccccc1)Nc1ccc(C2=CC2)cc1
O=C(CCc1ccccc1)Nc1ccc(C2=CC2)cc1
O=C(CCc1ccccc1)Nc1ccc(C2=CC2)cc1
O=C(CCc1ccccc1)Nc1ccc(C2=CCC2)cc1
O=C(CCc1ccccc1)Nc1ccc(C2=CCC2)cc1
O=C(CCc1ccccc1)Nc1ccc2c(c1)C=C2
O=C(CCc1ccccc1)Nc1ccc2c(c1)C=C2
O=C(CCc1ccccc1)Nc1ccc2c(c1)C=C2
O=C(CCc1ccccc1)Nc1ccc2c(c1)C=C2
O=C(CCc1ccccc1)Nc1ccc2c(c1)C=C2
O=C(Nc1ccc2c(c1)C=C2)C(CCC1C=C1)Cc1ccccc1
O=C(Nc1ccc2c(c1)C=C2)C(CCC1=CC1)Cc1ccccc1
O=C(Nc1ccc2c(c1)C=C2)C(CCC1=CCC1)Cc1ccccc1
O=C(Nc1ccc2c(c1)C=C2)C(CCC1=COCC1)Cc1ccccc1
O=C(Nc1ccc2c(c1)C=C2)C(CCc1ccoc1)Cc1ccccc1
O=C(Nc1ccc2c(c1)C=C2)C(CCc1ccoc1)Cc1ccccc1
O=C(Nc1ccc2c(c1)C=C2)C(CCc1ccoc1)Cc1ccccc1
O=C(Nc1ccc2c(c1)C=C2)C(CCC1=CCC=C1)Cc1ccccc1
O=C(Nc1ccc2c(c1)C=C2)C(CCC1=CC=C1)Cc1ccccc1
O=C(Nc1ccc2c(c1)C=C2)C(CCC1=CC=C1)Cc1ccccc1
O=C(Nc1ccc2c(c1)C=C2)C(CCC1=CC=C1)Cc1ccccc1
O=C(Nc1ccc2c(c1)C=C2)C(CCC1=CC=C1)Cc1ccccc1
O=C(Nc1ccc2c(c1)C=C2)C(CCC1=CC=C1)Cc1ccccc1
O=C(Nc1ccc2c(c1)C=C2)C(CCC1=CC=C1)Cc1ccccc1
O=C(Nc1ccc2occc2c1)C(CCC1=CC=C1)Cc1ccccc1
O=C(Nc1ccc2occc2c1)C(CCC1=CC=C1)Cc1ccccc1
O=C(Nc1ccc2occc2c1)C(CCC1=CC=C1)Cc1ccccc1
O=C(Nc1ccc2occc2c1)C(CCC1=CC=C1)Cc1ccccc1
O=C(Nc1ccc2occc2c1)C(CCC1=CC=C1)Cc1ccccc1
O=C(Nc1ccc2oncc2c1)C(CCC1=CC=C1)Cc1ccccc1
O=C(Nc1ccc2oncc2c1)C(CCC1=CC=C1)Cc1ccccc1
O=C(Nc1ccc2oncc2c1)C(CCC1=CC=C1)Cc1ccccc1
O=C(Nc1ccc2oncc2c1)C(CCC1=CC=C1)Cc1ccccc1
O=C(Nc1ccc2oncc2c1)C(CCC1=CC=C1)Cc1ccccc1
O=C(Nc1ccc2oncc2c1)C(CCC1=CC(C2CC2)=C1)Cc1ccccc1
O=C(Nc1ccc2oncc2c1)C(CCC1=CC(C2CC2)=C1)Cc1ccccc1
O=C(Nc1ccc2oncc2c1)C(CCC1=CC(C2CCC2)=C1)Cc1ccccc1
O=C(Nc1ccc2oncc2c1)C(CCC1=CC(C2CCC2)=C1)Cc1ccccc1
O=C(Nc1ccc2oncc2c1)C(CCC1=CC(C2=CCC2)=C1)Cc1ccccc1
O=C(Nc1ccc2oncc2c1)C(CCC1=CC(C2=CCCC2)=C1)Cc1ccccc1
O=C(Nc1ccc2oncc2c1)C(CCC1=CC=C1)Cc1ccccc1
O=C(Nc1ccc2oncc2c1)C(CCC1=CC=C1)Cc1ccccc1
O=C(Nc1ccc2oncc2c1)C(CCC1=CC=C1)Cc1ccccc1
O=C(Nc1ccc2oncc2c1)C(CCC1=CC=C1)Cc1ccccc1
O=C(Nc1ccc2oncc2c1)C(CCc1ccccc1)Cc1ccccc1
O=C(Nc1ccc2oncc2c1)C(CCc1ccccc1)Cc1ccccc1
O=C(Nc1ccc2oncc2c1)C(CCc1ccccc1)Cc1ccccc1
O=C(Nc1ccc2oncc2c1)C(CCc1ccccc1)Cc1ccccc1
O=C(Nc1ccc2oncc2c1)C(CCc1ccccc1)Cc1ccccc1
O=C(Nc1ccc2oncc2c1)C(CCc1ccccc1)Cc1ccccc1
O=C(Nc1ccc2oncc2c1)C(CCc1ccccc1)Cc1ccccc1
O=C(Nc1ccc2oncc2c1)C(CCc1ccccc1)Cc1ccccc1
O=C(Nc1ccc2oncc2c1)C(CCc1ccccc1)Cc1ccccc1
O=C(Nc1ccc2oncc2c1)C(CCc1ccccc1)Cc1ccccc1
O=C(Nc1ccc2oncc2c1)C(CCc1ccccc1)Cc1ccccc1
O=C(Nc1ccc2oncc2c1)C(CCc1ccccc1)Cc1ccccc1
O=C(Nc1ccc2oncc2c1)C(CCc1ccccc1)Cc1ccccc1
O=C(Nc1ccc2oncc2c1)C(CCc1ccccc1)Cc1ccccc1
O=C(Nc1ccc2oncc2c1)C(CCc1ccccc1)Cc1ccc(C2CC2)cc1
O=C(Nc1ccc2oncc2c1)C(CCc1ccccc1)Cc1ccc(C2CC2)cc1
O=C(Nc1ccc2oncc2c1)C(CCc1ccccc1)Cc1ccc(C2=CC2)cc1
O=C(Nc1ccc2oncc2c1)C(CCc1ccccc1)Cc1ccccc1
O=C(Nc1ccc2oncc2c1)C(CCc1ccccc1)Cc1ccccc1
O=C(Nc1ccc2oncc2c1)C(CCc1ccccc1)Cc1ccccc1
O=C(Nc1ccc2oncc2c1)C(CCc1ccccc1)Cc1ccccc1
O=C(Nc1ccc2oncc2c1)C(CCc1ccccc1)Cc1ccccc1
O=C(Nc1ccc2oncc2c1)C(CCc1ccccc1)Cc1ccccc1
O=C(Nc1ccc2oncc2c1)C(CCc1ccccc1)Cc1ccccc1
O=C(Nc1ccc2oncc2c1)C(CCc1ccccc1)Cc1ccccc1
O=C(Nc1ccc2oncc2c1)C(CCc1ccccc1)Cc1ccccc1
O=C(Nc1ccc2oncc2c1)C(CCc1ccccc1)Cc1ccccc1
O=C(Nc1ccc2oncc2c1)C(CCc1ccccc1)Cc1ccccc1
O=C(Nc1ccc2oncc2c1)C(CCc1ccccc1)Cc1ccccc1
O=C(Nc1ccc2oncc2c1)C(CCc1ccccc1)Cc1ccccc1
O=C(Nc1ccc2oncc2c1)C(CCc1ccccc1)Cc1ccccc1
O=C(Nc1ccc2oncc2c1)C(CCc1ccccc1)Cc1ccc(CC2CN2)cc1
O=C(Nc1ccc2oncc2c1)C(CCc1ccccc1)Cc1ccccc1
O=C(Nc1ccc2cnoc2c1)C(CCc1ccccc1)Cc1ccccc1
O=C(Nc1ccc2cnoc2c1)C(CCc1ccccc1)Cc1ccccc1
O=C(Nc1ccc2cnoc2c1)C(CCc1ccccc1)Cc1ccccc1
O=C(Nc1ccc2cnoc2c1)C(CCc1ccccc1)Cc1ccccc1
O=C(Nc1ccc2cnoc2c1)C(CCc1ccccc1)Cc1ccccc1
O=C(Nc1ccc2cnoc2c1)C(CCc1ccccc1)Cc1ccccc1
O=C(Nc1ccc2cnoc2c1)C(CCc1ccccc1)Cc1ccccc1
O=C(Nc1ccc2cnoc2c1)C(CCc1ccccc1)Cc1ccccc1
O=C(Nc1ccc2cnoc2c1)C(CCc1ccccc1)Cc1ccccc1
O=C(Nc1ccc2cnoc2c1)C(CCc1ccccc1)Cc1ccccc1
O=C(Nc1ccc2cnoc2c1)C(CCc1ccccc1)Cc1ccccc1
O=C(Nc1ccc2c(c1)CON=C2)C(CCc1ccccc1)Cc1ccccc1
O=C(Nc1ccc2cnoc(=O)c2c1)C(CCc1ccccc1)Cc1ccccc1
O=C(Nc1ccc2cnoc(=O)c2c1)C(CCc1ccccc1)Cc1ccccc1
O=C(Nc1ccc2cnoc(=O)c2c1)C(CCc1ccccc1)Cc1ccccc1
O=C(Nc1ccc2cnoc(=O)c2c1)C(CCc1ccccc1)CCc1ccccc1
O=C(Nc1ccc2cnoc(=O)c2c1)C(CCc1ccccc1)CCc1ccccc1
O=C(Nc1ccc2cnoc(=O)c2c1)C(CCc1ccccc1)Cc1ccccc1
O=C(Nc1ccc2cnoc(=O)c2c1)C(CCc1ccccc1)Cc1ccccc1
O=C(Nc1ccc2c(=O)oncc2c1)C(CCc1ccccc1)Cc1ccccc1
O=C(Nc1ccc2c(=O)oncc2c1)C(CCc1ccccc1)Cc1ccccc1
C1=CC(C2Oc3ccccc3-c3ccc4c(c32)C=CCN4)CCC1
C1=Cc2c(ccc3c2COc2ccccc2-3)NC1
c1ccc2c(c1)COc1ccccc1-2
c1ccc(COc2ccccc2)cc1
c1ccc(CCOc2ccccc2)cc1
c1ccc(CCOc2ccccc2)cc1
c1ccc(CCOc2ccccc2)cc1
c1ccc(CCOc2ccccn2)cc1
c1ccc(CCOc2ccccn2)cc1
c1ccc(CCOc2ccccn2)cc1
c1ccc(CCOc2ccccn2)cc1
c1ccc(CCOc2ccccn2)cc1
c1ccc(CCOc2ccccn2)cc1
c1ccc(CCOc2ccccn2)cc1
c1ccc(CCOc2cccnc2)cc1
c1ccc(CCOc2cccnc2)cc1
c1ccc(CCOc2cccnc2)cc1
c1ccc(CCOc2cccnc2)cc1
c1ccc(CCOc2cccnc2)cc1
c1ccc(CCOc2cccnc2)cc1
c1ccc(CCOc2cccnc2)cc1
c1ccc(CCOc2cccnc2)cc1
c1ccc(CCOc2cccnc2)cc1
c1ccc(CCOc2cccnc2)cc1
c1ccc(CCOc2cccnc2)cc1
c1ccc(CCOc2cccnc2)cc1
c1ccc(CCOc2cccnc2)cc1
c1ccc(CCOc2cccnc2)cc1
c1ccc(CCOc2cccnc2)cc1
c1ccc(CCOc2cccnc2)cc1
c1ccc(CCOc2cccnc2)cc1
c1ccc(CCOc2cccnc2)cc1
c1ccc(CCOc2cccnc2)cc1
c1ccc(CCOc2cccnc2)cc1
c1ccc(CCOc2cccnc2)cc1
c1ccc(CCOc2cccnc2)cc1
c1ccc(CCOc2cccnc2)cc1
c1ccc(CCOc2cccnc2)cc1
c1ccc(CCOc2cccnc2)cc1
c1ccc(CCOc2cccnc2)cc1
c1ccc(CCOc2cccnc2)cc1
c1ccc(CCOc2cccnc2)cc1
c1ccc(CCOc2cccnc2)cc1
O=C(CC(Cc1ccccc1)Oc1cccnc1)NCCN1CCCC1
O=C(CC(Cc1ccccc1)Oc1cccnc1)NCCN1CCCCC1
O=C(CC(Cc1ccccc1)Oc1cccnc1)NCCN1CCCCCC1
O=C(CC(Cc1ccccc1)Oc1cccnc1)NCCN1CCCCCC1
O=C(CC(Cc1ccccc1)Oc1cccnc1)NCCN1CCCCCC1
O=C(CC(Cc1ccccc1)Oc1cccnc1)NCCN1CCCCCC1
O=C(CC(Cc1ccccc1)Oc1cccnc1)NCCN1CCCCC1
O=C(CC(Cc1ccccc1)Oc1cccnc1)NCCN1CCCCC1
O=C(CC(Cc1ccccc1)Oc1cccnc1)NCCN1CCCCC1
O=C(CC(Cc1ccccc1)Oc1cccnc1)NCCN1CCCC1
O=C(CC(Cc1ccccc1)Oc1cccnc1)NCCN1CCCC1
O=C(CC(Cc1ccccc1)Oc1cccnc1)NCCN1CCCC1
O=C(CC(Cc1ccccc1)Oc1cccnc1)NCCN1CCCC1
O=C(CC(Cc1ccccc1)Oc1cccnc1)NCCN1CCCC1
O=C(CC(Cc1ccccc1)Oc1cccnc1)NCCN1CCCC1
O=C(CC(Cc1ccccc1)Oc1cccnc1)NCCN1CCCC1
O=C(CC(Cc1ccccc1)Oc1cccnc1)NCCN1CCCC1
O=C(CC(Cc1ccccc1)Oc1cccnc1)NCCN1CCCCC1
O=C(CC(Cc1ccccc1)Oc1cccnc1)NCCN1CCCCC1
O=C(CC(Cc1ccccc1)Oc1cccnc1)NCCN1CCCCC1
O=C(CC(Cc1ccccc1)Oc1cccnc1)NCCN1CCCCCC1
O=C(CC(Cc1ccccc1)Oc1cccnc1)NCCN1CCCCCC1
O=C(CC(Cc1ccccc1)Oc1cccnc1)NCCN1CCCCCC1
O=C(CC(Cc1ccccc1)Oc1cccnc1)NCCN1CCCCC1
O=C(CC(Cc1ccccc1)Oc1cccnc1)NCCN1CCCCC1
O=C(CC(Cc1ccccc1)Oc1cccnc1)NCCN1CCCCC1
O=C(CC(Cc1ccccc1)Oc1cccnc1)NCCN1CCCCCC1
O=C(CC(Cc1ccccc1)Oc1cccnc1)NCCN1CCCCCC1
O=C(CC(Cc1ccccc1)Oc1cccnc1)NCCN1CCCCCC1
O=C(CC(Cc1ccccc1)Oc1cccnc1)NCCN1CCCCC1
O=C(CC(Cc1ccccc1)Oc1cccnc1)NCCN1CCCCC1
O=C(CC(Cc1ccccc1)Oc1cccnc1)NCCN1CCCC1
O=C(CC(Cc1ccccc1)Oc1cccnc1)NCCN1CCCC1
O=C(CC(Cc1ccccc1)Oc1cccnc1)NCCN1CCCC1
O=C(CCC(Cc1ccccc1)Oc1cccnc1)NCCN1CCCC1
c1ccc(CC(CC2CCCN2)Oc2cccnc2)cc1
c1ccc(CC(CC2CCCN2)Oc2cccnc2)cc1
c1ccc(CC(CC2CCCN2)Oc2cccnc2)cc1
c1ccc(CC(CCCCN2CCCC2)Oc2cccnc2)cc1
c1ccc(CC(CCCN2CCCC2)Oc2cccnc2)cc1
c1ccc(CC(CCCN2CCCC2)Oc2cccnc2)cc1
c1ccc(CC(CCN2CCCC2)Oc2cccnc2)cc1
c1ccc(CC(CCN2CCCC2)Oc2cccnc2)cc1
c1ccc(CC(CCN2CCC2)Oc2cccnc2)cc1
c1ccc(CC(CCN2CCC2)Oc2cccnc2)cc1
c1ccc(CC(CCN2CC2)Oc2cccnc2)cc1
c1ccc(C(CCN2CC2)Oc2cccnc2)cc1
c1ccc(C(CCN2CCC2)Oc2cccnc2)cc1
c1ccc(C(CCN2CCC2)Oc2cccnc2)cc1
c1ccc(C(CCC2CCC2)Oc2cccnc2)cc1
C1=C(CCC(Oc2cccnc2)c2ccccc2)CC1
C1=C(CCC(Oc2cccnc2)c2ccccc2)CCC1
C1=C(CCC(Oc2cccnc2)c2ccccc2)CCC1
C1=C(CCC(Oc2cccnc2)c2ccccc2)CCC1
C1=CC(CCC(Oc2cccnc2)c2ccccc2)=CC1
C1=CC(CCC(Oc2cccnc2)c2ccccc2)=CC1
C1=CC(CCC(Oc2cccnc2)c2ccccc2)=C1
C1=CC(CCC(Oc2cccnc2)c2ccccc2)=C1
C1=CC(CCC(Oc2cccnc2)c2ccccc2)=C1
C1=CC(CCC(Oc2cccnc2)c2ccccc2)=C1
c1ccc(CCC(Oc2cccnc2)c2ccccc2)cc1
c1ccc(CCC(Oc2cccnc2)c2ccccc2)cc1
c1ccc(CCC(Oc2cccnc2)c2ccccc2)cc1
c1ccc(CCC(Oc2cccnc2)c2ccccc2)cc1
c1ccc(CCC(Oc2cccnc2)c2ccccc2)cc1
c1ccc(CCC(Oc2cccnc2)c2ccccc2)cc1
c1ccc(CCC(Oc2cccnc2)c2ccccc2)cc1
c1ccc(CCC(Oc2cccnc2)c2cccnc2)cc1
c1ccc(CCC(Oc2cccnc2)c2cccnc2)cc1
c1ccc(CCC(Oc2cccnc2)c2cccnc2)cc1
c1ccc(CCC(Oc2cccnc2)c2cccnc2)cc1
c1ccc(CCC(Oc2ccccc2)c2cccnc2)cc1
c1ccc(CCC(Oc2ccc3c(c2)C3)c2cccnc2)cc1
c1ccc(CCC(Oc2ccc3c(c2)C3)c2cccnc2)cc1
c1ccc(CCC(Oc2ccc3c(c2)C3)c2cccnc2)cc1
c1ccc(CCC(Oc2ccc3c(c2)CC3)c2cccnc2)cc1
c1ccc(CCC(Oc2ccc3c(c2)CC3)c2cccnc2)cc1
c1ccc(CCC(Oc2ccccc2)c2cccnc2)cc1
c1ccc(CCC(Oc2ccc3c(c2)C3)c2cccnc2)cc1
c1ccc(CCC(Oc2ccc3c(c2)N3)c2cccnc2)cc1
c1ccc(CCC(Oc2ccc3c(c2)N3)c2cccnc2)cc1
c1ccc(CCC(Oc2ccc3c(c2)N3)c2cccnc2)cc1
c1ccc(CCC(Oc2ccc3c(c2)N3C2CC2)c2cccnc2)cc1
c1ccc(CCC(Oc2ccc3c(c2)N3CC2CC2)c2cccnc2)cc1
c1ccc(CCC(Oc2ccc3c(c2)N3CC2CC2)c2cccnc2)cc1
c1ccc(CCC(Oc2ccc3c(c2)N3C2CC2)c2cccnc2)cc1
C1=C(N2c3ccc(OC(CCc4ccccc4)c4cccnc4)cc32)C1
C1=C(N2c3ccc(OC(CCc4ccccc4)c4cccnc4)cc32)C1
C1=C(CN2c3ccc(OC(CCc4ccccc4)c4cccnc4)cc32)C1
c1ccc(CCC(Oc2ccc3c(c2)N3)c2cccnc2)cc1
c1ccc(CCC(Oc2ccc3c(c2)N3)c2cccnc2)cc1
c1ccc(CCC(Oc2ccc3c(c2)N3)c2cccnc2)cc1
c1ccc(CCC(Oc2ccc3c(c2)N3)c2cccnc2)cc1
c1ccc(CCC(Oc2ccc3c(c2)N3)c2cccnc2)cc1
c1ccc(CCC(Oc2ccc3c(c2)N3)c2cccnc2)cc1
c1ccc(CCC(Oc2ccc3c(c2)N3)c2cccnc2)cc1
c1ccc(CCC(Oc2ccc3c(c2)CN3)c2cccnc2)cc1
c1ccc(CCC(Oc2ccc3c(c2)CCN3)c2cccnc2)cc1
c1ccc(CCC(Oc2ccc3[nH]ccc3c2)c2cccnc2)cc1
c1ccc(CCC(Oc2ccc3[nH]ccc3c2)c2cccnc2)cc1
c1ccc(CCC(Oc2ccc3[nH]ccc3c2)c2cccnc2)cc1
c1ccc(CCC(Oc2ccc3[nH]ccc3c2)c2cccnc2)cc1
c1ccc(CCC(Oc2ccc3[nH]ccc3c2)c2cccnc2)cc1
c1ccc(CCC(Oc2ccc3[nH]ccc3c2)c2cccnc2)cc1
c1ccc(CCC(Oc2ccc3[nH]ccc3c2)c2cccnc2)cc1
c1ccc(CCC(Oc2ccc3[nH]ncc3c2)c2cccnc2)cc1
c1ccc(CCC(Oc2ccc3[nH]ncc3c2)c2cccnc2)cc1
c1ccc(CCC(Oc2ccc3[nH]ncc3c2)c2cccnc2)cc1
c1ccc(CCC(Oc2ccc3c(cnn3C3CCC3)c2)c2cccnc2)cc1
c1ccc(CCC(Oc2ccc3c(cnn3C3CCC3)c2)c2cccnc2)cc1
c1ccc(CCC(Oc2ccc3c(cnn3C3CCC3)c2)c2cccnc2)cc1
c1ccc(CCC(Oc2ccc3c(cnn3C3CCC3)c2)c2cccnc2)cc1
c1ccc(CCC(Oc2ccc3[nH]ncc3c2)c2cccnc2)cc1
c1ccc(CCC(Oc2ccc3[nH]ncc3c2)c2cccnc2)cc1
c1ccc(CCC(Oc2ccc3[nH]ncc3c2)c2cccnc2)cc1
c1ccc(CCC(Oc2ccc3[nH]ncc3c2)c2cccnc2)cc1
c1ccc(CCC(Oc2ccc3[nH]ncc3c2)c2cccnc2)cc1
c1ccc(CCC(Oc2ccc3[nH]ncc3c2)c2cccnc2)cc1
c1ccc(CCC(Oc2ccc3[nH]ncc3c2)c2cccnc2)cc1
c1ccc(CCC(Oc2ccc3[nH]ncc3c2)c2cccnc2)cc1
c1ccc(CCC(Oc2ccc3[nH]ncc3c2)c2cccnc2)cc1
c1ccc(CCC(Oc2ccc3[nH]ncc3c2)c2cccnc2)cc1
c1ccc(CCC(Oc2ccc3[nH]ncc3c2)c2cccnc2)cc1
c1ccc(CCC(Oc2ccc3[nH]ncc3c2)c2cccnc2)cc1
c1ccc(CCC(Oc2ccc3[nH]ncc3c2)c2cccnc2)cc1
c1ccc(CCC(Oc2ccc3[nH]ncc3c2)c2cccnc2)cc1
c1ccc(CCC(Oc2ccc3[nH]ncc3c2)c2cccnc2)cc1
c1ccc(CCC(Oc2ccc3[nH]ncc3c2)c2cccnc2)cc1
c1ccc(CCC(Oc2ccc3[nH]ncc3c2)c2cccnc2)cc1
c1ccc(CCC(Oc2ccc3[nH]ncc3c2)c2cccnc2)cc1
c1ccc(CCC(Oc2ccc3[nH]ncc3c2)c2cccnc2)cc1
c1ccc(CCC(Oc2ccc3[nH]ncc3c2)c2cccnc2)cc1
c1ccc(CCC(Oc2ccc3[nH]ncc3c2)c2cccnc2)cc1
c1ccc(CCC(Oc2ccc3[nH]ncc3c2)c2cccnc2)cc1
c1ccc(CCC(Oc2ccc3[nH]ncc3c2)c2cccnc2)cc1
c1ccc(CCC(Oc2ccc3[nH]ncc3c2)c2cccnc2)cc1
c1ccc(CCC(Oc2ccc3[nH]ncc3c2)c2cccnc2)cc1
c1ccc(CCC(Oc2ccc3[nH]ncc3c2)c2cccnc2)cc1
c1ccc(CCC(Oc2ccc3c(cnn3CC3CC3)c2)c2cccnc2)cc1
c1ccc(CCC(Oc2ccc3[nH]ncc3c2)c2cccnc2)cc1
c1ccc(CCC(Oc2ccc3[nH]ncc3c2)c2cccnc2)cc1
c1ccc(CCC(Oc2ccc3[nH]ncc3c2)c2cccnc2)cc1
c1ccc(CCC(Oc2ccc3[nH]ncc3c2)c2cccnc2)cc1
c1ccc(CCC(Oc2ccc3[nH]ncc3c2)c2cccnc2)cc1
c1ccc(CCC(Oc2ccc3c(cnn3C3CCN3)c2)c2cccnc2)cc1
c1ccc(CCC(Oc2ccc3[nH]ncc3c2)c2cccnc2)cc1
c1ccc(CCC(Oc2ccc3[nH]ncc3c2)c2cccnc2)cc1
c1ccc(CCC(Oc2ccc3[nH]ncc3c2)c2cccnc2)cc1
c1ccc(CCC(Oc2ccc3c(cnn3CN3CC3)c2)c2cccnc2)cc1
c1ccc(CCC(Oc2ccc3c(cnn3CCN3CC3)c2)c2cccnc2)cc1
c1ccc(CCC(Oc2ccc3[nH]ncc3c2)c2cccnc2)cc1
c1ccc(CCC(Oc2ccc3[nH]ncc3c2)c2cccnc2)cc1
c1ccc(CCC(Oc2ccc3[nH]ncc3c2)c2cccnc2)cc1
c1ccc(CCC(Oc2ccc3[nH]ncc3c2)c2cccnc2)cc1
c1ccc(CCC(Oc2ccc3[nH]ncc3c2)c2cccnc2)cc1
c1ccc(CCC(Oc2ccc3[nH]ncc3c2)c2cccnc2)cc1
c1ccc(CCC(Oc2ccc3[nH]ncc3c2)c2cccnc2)cc1
c1ccc(CCC(Oc2ccc3[nH]ncc3c2)c2cccnc2)cc1
c1ccc(CCC(Oc2ccc3[nH]ncc3c2)c2cccnc2)cc1
c1ccc(CCC(Oc2ccc3[nH]ncc3c2)c2cccnc2)cc1
c1ccc(CCC(Oc2ccc3[nH]ncc3c2)c2cccnc2)cc1
c1ccc(CCC(Oc2ccc3[nH]ncc3c2)c2cccnc2)cc1
O=C1CC(Cn2ncc3cc(OC(CCc4ccccc4)c4cccnc4)ccc32)N1
O=C1CC(Cn2ncc3cc(OC(CCc4ccccc4)c4cccnc4)ccc32)N1
O=C1CC(Cn2ncc3cc(OC(CCc4ccccc4)c4cccnc4)ccc32)O1
O=C1CC(Cn2ncc3cc(OC(CCc4ccccc4)c4cccnc4)ccc32)C1
O=C1CC(n2ncc3cc(OC(CCc4ccccc4)c4cccnc4)ccc32)C1
O=C1CC(n2ncc3cc(OC(CCc4ccccc4)c4cccnc4)ccc32)C1
c1ccc(CCC(Oc2ccc3c(cnn3C3CCC3)c2)c2cccnc2)cc1
c1ccc(CCC(Oc2ccc3c(cnn3C3CCNC3)c2)c2cccnc2)cc1
c1ccc(CCC(Oc2ccc3c(cnn3CC3CCNC3)c2)c2cccnc2)cc1
c1ccc(CCC(Oc2ccc3c(cnn3CC3CNC3)c2)c2cccnc2)cc1
c1ccc(CCC(Oc2ccc3c(cnn3CC3CNC3)c2)c2cccnc2)cc1
c1ccc(CCC(Oc2ccc3c(cnn3CC3CN3)c2)c2cccnc2)cc1
c1ccc(CCC(Oc2ccc3c(cnn3CC3CN3)c2)c2cccnc2)cc1
c1ccc(CCC(Oc2ccc3c(cnn3CC3CN3)c2)c2cccnc2)cc1
c1ccc(CCC(Oc2ccc3c(cnn3CC3CN3)c2)c2cccnc2)cc1
c1ccc(CCC(Oc2ccc3c(cnn3CC3CN3)c2)c2cccnc2)cc1
c1ccc(CCC(Oc2ccc3c(cnn3CC3CN3)c2)c2cccnc2)cc1
c1ccc(CCC(Oc2ccc3c(cnn3CC3CO3)c2)c2cccnc2)cc1
c1ccc(CCC(Oc2ccc3c(cnn3CC3CO3)c2)c2cccnc2)cc1
c1ccc(CCC(Oc2ccc3c(cnn3CC3CO3)c2)c2cccnc2)cc1
c1ccc(CCC(Oc2ccc3c(cnn3CC3CO3)c2)c2cccnc2)cc1
c1ccc(CCC(Oc2ccc3c(cnn3CC3CO3)c2)c2cccnc2)cc1
c1ccc(CCC(Oc2ccc3c(cnn3CC3CO3)c2)c2cccnc2)cc1
c1ccc(CCC(Oc2ccc3[nH]ncc3c2)c2cccnc2)cc1
c1ccc(CCC(Oc2ccc3[nH]ncc3c2)c2cccnc2)cc1
c1ccc(CCC(Oc2ccc3[nH]ncc3c2)c2cccnc2)cc1
c1ccc(CCC(Oc2ccc3[nH]ncc3c2)c2cccnc2)cc1
c1ccc(CCC(Oc2ccc3[nH]ncc3c2)c2cccnc2)cc1
c1ccc(CCC(Oc2ccc3[nH]ncc3c2)c2cccnc2)cc1
c1ccc(CCC(Oc2ccc3[nH]ncc3c2)c2cccnc2)cc1
c1ccc(CCC(Oc2ccc3[nH]ncc3c2)c2cccnc2)cc1
c1ccc(CCC(Oc2ccc3[nH]ncc3c2)c2cccnc2)cc1
c1ccc(CCC(Oc2ccc3[nH]ncc3c2)c2cccnc2)cc1
c1ccc(CCC(Oc2ccc3[nH]ncc3c2)c2cccnc2)cc1
c1ccc(CCC(Oc2ccc3[nH]ncc3c2)c2cccnc2)cc1
c1ccc(CCC(Oc2ccc3[nH]ncc3c2)c2cccnc2)cc1
c1ccc(CCC(Oc2ccc3c(cnn3C3CN3)c2)c2cccnc2)cc1
c1ccc(CCC(Oc2ccc3c(cnn3C3CCC3)c2)c2cccnc2)cc1
c1ccc(CCC(Oc2ccc3c(cnn3C3CCCC3)c2)c2cccnc2)cc1
c1ccc(CCC(Oc2ccc3c(cnn3CC3CCCC3)c2)c2cccnc2)cc1
c1ccc(CCC(Oc2ccc3c(cnn3CC3CCCC3)c2)c2cccnc2)cc1
c1ccc(CCC(Oc2ccc3c(cnn3CC3CCCCC3)c2)c2cccnc2)cc1
c1ccc(CCC(Oc2ccc3c(cnn3C3CCCCC3)c2)c2cccnc2)cc1
c1ccc(CCC(Oc2ccc3c(cnn3C3CCCCCC3)c2)c2cccnc2)cc1
c1ccc(CCC(Oc2ccc3c(cnn3C3CCCCCC3)c2)c2cccnc2)cc1
c1ccc(CCC(Oc2ccc3c(cnn3C3CCCCCC3)c2)c2cccnc2)cc1
c1ccc(CCC(Oc2ccc3[nH]ncc3c2)c2cccnc2)cc1
c1ccc(CCC(Oc2ccc3c(cnn3CCC3CCCCC3)c2)c2cccnc2)cc1
c1ccc(CCC(Oc2ccc3c(cnn3CCC3CCCCC3)c2)c2cccnc2)cc1
c1ccc(CCC(Oc2ccc3c(cnn3CCC3CCCCC3)c2)c2cccnc2)cc1
c1ccc(CCC(Oc2ccc3[nH]ncc3c2)c2cccnc2)cc1
c1ccc(CCC(Oc2ccc3c(cnn3CC3CCCCCC3)c2)c2cccnc2)cc1
c1ccc(CCC(Oc2ccc3c(cnn3CC3CCCCCC3)c2)c2cccnc2)cc1
c1ccc(CCC(Oc2ccc3c(cnn3CC3CCCCCC3)c2)c2cccnc2)cc1
c1ccc(CCC(Oc2ccc3[nH]ncc3c2)c2cccnc2)cc1
c1ccc(CCC(Oc2ccc3[nH]ncc3c2)c2cccnc2)cc1
c1ccc(CCC(Oc2ccc3c(cnn3CC3CCCCCC3)c2)c2cccnc2)cc1
c1ccc(CCC(Oc2ccc3c(cnn3CC3CCCCC3)c2)c2cccnc2)cc1
c1ccc(CCC(Oc2ccc3c(cnn3CC3CCCC3)c2)c2cccnc2)cc1
c1ccc(CCC(Oc2ccc3c(cnn3CC3CCCC3)c2)c2cccnc2)cc1
c1ccc(CCC(Oc2ccc3c(cnn3CC3CCC3)c2)c2cccnc2)cc1
c1ccc(CCC(Oc2ccc3c(cnn3CC3CCC3)c2)c2cccnc2)cc1
c1ccc(CCC(Oc2ccc3c(cnn3CC3CCC3)c2)c2cccnc2)cc1
c1ccc(CCC(Oc2ccc3c(cnn3CC3CCC3)c2)c2cccnc2)cc1
c1ccc(CCC(Oc2ccc3c(cnn3CC3CCN3)c2)c2cccnc2)cc1
C1=C(Cn2ncc3cc(OC(CCc4ccccc4)c4cccnc4)ccc32)NC1
c1ccc(CCC(Oc2ccc3[nH]ncc3c2)c2cccnc2)cc1
c1ccc(CCC(Oc2ccc3[nH]ncc3c2)c2cccnc2)cc1
c1ccc(CCC(Oc2ccc3[nH]ncc3c2)c2cccnc2)cc1
C(Cn1ncc2cc(OC(CCc3ccccc3)c3cccnc3)ccc21)=C1CN1
C(Cn1ncc2cc(OC(CCc3ccccc3)c3cccnc3)ccc21)=C1CN1
c1ccc(CCC(Oc2ccc3c(cnn3CCC3CN3)c2)c2cccnc2)cc1
c1ccc(CCC(Oc2ccc3c(cnn3CCCC3CN3)c2)c2cccnc2)cc1
c1ccc(CCC(Oc2ccc3c(cnn3CCCC3=NC3)c2)c2cccnc2)cc1
c1ccc(CCC(Oc2ccc3[nH]ncc3c2)c2cccnc2)cc1
c1ccc(CCC(Oc2ccc3[nH]ncc3c2)c2cccnc2)cc1
c1ccc(CCC(Oc2ccc3[nH]ncc3c2)c2cccnc2)cc1
c1ccc(CCC(Oc2ccc3[nH]ncc3c2)c2cccnc2)cc1
c1ccc(CCC(Oc2ccc3[nH]ncc3c2)c2cccnc2)cc1
c1ccc(CCC(Oc2ccc3[nH]ncc3c2)c2cccnc2)cc1
c1ccc(CCC(Oc2ccc3[nH]ncc3c2)c2cccnc2)cc1
c1ccc(CCC(Oc2ccc3[nH]ncc3c2)c2cccnc2)cc1
c1ccc(CCC(Oc2ccc3[nH]ncc3c2)c2cccnc2)cc1
c1ccc(CCC(Oc2ccc3[nH]ncc3c2)c2cccnc2)cc1
c1ccc(CCC(Oc2ccc3[nH]ncc3c2)c2cccnc2)cc1
c1ccc(CCC(Oc2ccc3[nH]ncc3c2)c2cccnc2)cc1
c1ccc(CCC(Oc2ccc3[nH]ncc3c2)c2cccnc2)cc1
c1ccc(CCC(Oc2ccc3[nH]ncc3c2)c2cccnc2)cc1
c1ccc(CCC(Oc2ccc3[nH]ncc3c2)c2cccnc2)cc1
c1ccc(CCC(Oc2ccc3[nH]ncc3c2)c2cccnc2)cc1
c1ccc(CCC(Oc2ccc3[nH]ncc3c2)c2cccnc2)cc1
c1ccc(CCC(Oc2ccc3[nH]ncc3c2)c2cccnc2)cc1
c1ccc(CCC(Oc2ccc3[nH]ncc3c2)c2cccnc2)cc1
c1ccc(CCC(Oc2ccc3[nH]ncc3c2)c2cccnc2)cc1
c1ccc(CCC(Oc2ccc3[nH]ncc3c2)c2cccnc2)cc1
c1ccc(CCC(Oc2ccc3[nH]ncc3c2)c2cccnc2)cc1
c1ccc(CCC(Oc2ccc3c(cnn3CC3CCCCCC3)c2)c2cccnc2)cc1
c1ccc(CCC(Oc2ccc3c(cnn3C3CCCCCC3)c2)c2cccnc2)cc1
c1ccc(CCC(Oc2ccc3c(cnn3C3CCCCCC3)c2)c2cccnc2)cc1
C1=C(n2ncc3cc(OC(CCc4ccccc4)c4cccnc4)ccc32)CCCCC1
C1=C(n2ncc3cc(OC(CCc4ccccc4)c4cccnc4)ccc32)CCCCC1
C1=C(n2ncc3cc(OC(CCc4ccccc4)c4cccnc4)ccc32)CCCCCC1
C1=C(n2ncc3cc(OC(CCc4ccccc4)c4cccnc4)ccc32)CCCCCC1
C1=C(n2ncc3cc(OC(CCc4ccccc4)c4cccnc4)ccc32)CCCCC1
C1=C(n2ncc3cc(OC(CCc4ccccc4)c4cccnc4)ccc32)CCCCC1
C1=C(n2ncc3cc(OC(CCc4ccccc4)c4cccnc4)ccc32)CCCCC1
C1=C(n2ncc3cc(OC(CCc4ccccc4)c4cccnc4)ccc32)CCCC1
C1=C(n2ncc3cc(OC(CCc4ccccc4)c4cccnc4)ccc32)CCC1
C1=C(n2ncc3cc(OC(CCc4ccccc4)c4cccnc4)ccc32)CC1
C1=C(n2ncc3cc(OC(CCc4ccccc4)c4cccnc4)ccc32)CC1
C1=C(n2ncc3cc(OC(CCc4ccccc4)c4cccnc4)ccc32)CC1
C1=C(n2ncc3cc(OC(CCc4ccccc4)c4cccnc4)ccc32)CCC1
C1=C(n2ncc3cc(OC(CCc4ccccc4)c4cccnc4)ccc32)CC1
C1=C(n2ncc3cc(OC(CCc4ccccc4)c4cccnc4)ccc32)CCC1
C1=C(n2ncc3cc(OC(CCc4ccccc4)c4cccnc4)ccc32)CCC1
C1=C(n2ncc3cc(OC(CCc4ccccc4)c4cccnc4)ccc32)CCCC1
C1=C(n2ncc3cc(OC(CCc4ccccc4)c4cccnc4)ccc32)CCCC1
C1=C(n2ncc3cc(OC(CCc4ccccc4)c4cccnc4)ccc32)CCC1
C1=C(n2ncc3cc(OC(CCc4ccccc4)c4cccnc4)ccc32)CCC1
C1=C(n2ncc3cc(OC(CCc4ccccc4)c4cccnc4)ccc32)CC1
C1=C(n2ncc3cc(OC(CCc4ccccc4)c4cccnc4)ccc32)CC1
C1=C(n2ncc3cc(OC(CCc4ccccc4)c4cccnc4)ccc32)CC1
C1=C(n2ncc3cc(OC(CCc4ccccc4)c4cccnc4)ccc32)CCC1
C1=C(n2ncc3cc(OC(CCc4ccccc4)c4cccnc4)ccc32)CC1
C1=C(n2ncc3cc(OC(CCc4ccccc4)c4cccnc4)ccc32)CC1
C1=C(n2ncc3cc(OC(CCc4ccccc4)c4cccnc4)ccc32)CC1
C1=C(n2ncc3cc(OC(CCc4ccccc4)c4cccnc4)ccc32)C1
C1=C(n2ncc3cc(OC(CCc4ccccc4)c4cccnc4)ccc32)C1
C1=C(n2ncc3cc(OC(CCc4ccccc4)c4cccnc4)ccc32)C1
C1=C(n2ncc3cc(OC(CCc4ccccc4)c4cccnc4)ccc32)C1
C1=C(n2ncc3cc(OC(CCc4ccccc4)c4cccnc4)ccc32)CC1
C1=C(n2ncc3cc(OC(CCc4ccccc4)c4cccnc4)ccc32)CC1
C1=C(n2ncc3cc(OC(CCc4ccccc4)c4cccnc4)ccc32)CC1
C1=C(n2ncc3cc(OC(CCc4ccccc4)c4cccnc4)ccc32)CC1
C1=C(n2ncc3cc(OC(CCc4ccccc4)c4cccnc4)ccc32)C2CC12
C1=C(n2ncc3cc(OC(CCc4ccccc4)c4cccnc4)ccc32)C2CN12
C1=C(n2ncc3cc(OC(CCc4ccccc4)c4cccnc4)ccc32)C2CN12
c1ccc(CCC(Oc2ccc3c(cnn3-c3cn4cc3-4)c2)c2cccnc2)cc1
c1ccc(CCC(Oc2ccc3c(cnn3-c3cc[nH]c3)c2)c2cccnc2)cc1
c1ccc(CCC(Oc2ccc3c(cnn3-c3cc[nH]c3)c2)c2cccnc2)cc1
c1ccc(CCC(Oc2ccc3c(cnn3-c3cc[nH]c3)c2)c2cccnc2)cc1
c1ccc(CCC(Oc2ccc3c(cnn3-c3cc[nH]c3)c2)c2cccnc2)cc1
c1ccc(CCC(Oc2ccc3c(cnn3-c3cc[nH]c3)c2)c2cccnc2)cc1
c1ccc(CCC(Oc2ccc3c(cnn3-c3cc[nH]c3)c2)c2cccnc2)cc1
c1ccc(CCC(Oc2ccc3c(cnn3-c3cc[nH]c3)c2)c2cccnc2)cc1
c1ccc(CCC(Oc2ccc3c(cnn3-c3cc4[nH]c3-4)c2)c2cccnc2)cc1
c1ccc(CCC(Oc2ccc3c(cnn3-c3cc4[nH]c3-4)c2)c2cccnc2)cc1
C1=CC(n2ncc3cc(OC(CCc4ccccc4)c4cccnc4)ccc32)=C1
C1=CC(n2ncc3cc(OC(CCc4ccccc4)c4cccnc4)ccc32)=C1
C1=CC(n2ncc3cc(OC(CCc4ccccc4)c4cccnc4)ccc32)=C1
C1=CC(n2ncc3cc(OC(CCc4ccccc4)c4cccnc4)ccc32)=C1
C1=CC(n2ncc3cc(OC(CCc4ccccc4)c4cccnc4)ccc32)=C1
C1=CC(n2ncc3cc(OC(CCc4ccccc4)c4cccnc4)ccc32)=CC1
C1=CC(n2ncc3cc(OC(CCc4ccccc4)c4cccnc4)ccc32)=CC1
C1=CC(n2ncc3cc(OC(CCc4ccccc4)c4cccnc4)ccc32)=CC1
C1=CC(n2ncc3cc(OC(CCc4ccccc4)c4cccnc4)ccc32)=C1
C1=CC(n2ncc3cc(OC(CCc4ccccc4)c4cccnc4)ccc32)=C1
C1=CC(n2ncc3cc(OC(CCc4ccccc4)c4cccnc4)ccc32)=C1
C1=CC(n2ncc3cc(OC(CCc4ccccc4)c4cccnc4)ccc32)=C1
C1=CC(n2ncc3cc(OC(CCc4ccccc4)c4cccnc4)ccc32)=C1
C1=CC(n2ncc3cc(OC(CCc4ccccc4)c4cccnc4)ccc32)=C1
C1=CC(n2ncc3cc(OC(CCc4ccccc4)c4cccnc4)ccc32)=C1
C1=CC(n2ncc3cc(OC(CCc4ccccc4)c4cccnc4)ccc32)=C1
C1=C(n2ncc3cc(OC(CCc4ccccc4)c4cccnc4)ccc32)C2=C1C2
C1=C(n2ncc3cc(OC(CCc4ccccc4)c4cccnc4)ccc32)C2=C1CC2
C1=C(n2ncc3cc(OC(CCc4ccccc4)c4cccnc4)ccc32)C2=C1CC2
C1=CC(n2ncc3cc(OC(CCc4ccccc4)c4cccnc4)ccc32)=C1
C1=C2CCC2=C1n1ncc2cc(OC(CCc3ccccc3)c3cccnc3)ccc21
c1ccc(CCC(Oc2ccc3c(cnn3-c3cc4ccc3-4)c2)c2cccnc2)cc1
c1ccc(CCC(Oc2ccc3c(cnn3-c3ccccc3)c2)c2cccnc2)cc1
c1ccc(CCC(Oc2ccc3c(cnn3-c3ccccc3)c2)c2cccnc2)cc1
c1ccc(CCC(Oc2ccc3c(cnn3-c3ccccc3)c2)c2cccnc2)cc1
c1ccc(CCC(Oc2ccc3c(cnn3-c3ccccc3)c2)c2cccnc2)cc1
c1ccc(CCC(Oc2ccc3c(cnn3-c3ccccc3)c2)c2cccnc2)cc1
C1=CC(C2Oc3ccccc3-c3ccc4c(c32)C=CCN4)CCC1
C1=CC(COc2ccccc2-c2ccc3c(c2)C=CCN3)CCC1
C1=CC(COc2ccccc2-c2ccc3c(c2)C=CCCN3)CCC1
C1=Cc2cc(-c3ccccc3OCC3CCCC3)ccc2NCC1
C1=Cc2cc(-c3ccncc3OCC3CCCC3)ccc2NCC1
C1=Cc2cc(-c3ccncc3OCC3CCCC3)ccc2NCC1
C1=Cc2cc(-c3ccncc3)ccc2NC(CCC2CCCC2)C1
C1=Cc2cc(-c3ccncc3)ccc2NC(CCC2CCCC2)C1
C1=Cc2cc(-c3ccncc3)ccc2NC(CC2CCCC2)C1
C1=CC(CC2CCCC2)Nc2ccc(-c3ccncc3)cc21
C1=C(CCC2CCCC2)CNc2ccc(-c3ccncc3)cc21
C1=C(CCC2CCCC2)CNc2ccc(-c3ccncc3)cc21
C1=C(CCC2CCCC2)CNc2ccc(-c3ccncc3)cc21
C1=C(CCC2CCCC2)CNc2ccc(-c3ccncc3)cc21
C1=C(CCC2CCCC2)CNc2ccc(-c3ccncc3)cc21
c1cc(-c2ccc3[nH]c(CCC4CCCC4)cc3c2)ccn1
c1cc(-c2ccc3[nH]c(CCC4CCCC4)cc3c2)ccn1
c1cc(-c2ccc3[nH]c(CCC4CCC4)cc3c2)ccn1
c1ccc2[nH]c(CC(CCc3ccncc3)C3CCC3)cc2c1
c1ccc2[nH]c(CC(CCc3ccncc3)C3CCCC3)cc2c1
c1ccc2[nH]c(CC(CCCc3ccncc3)C3CCCC3)cc2c1
c1cc(CCCC(Cc2cc3ccncc3[nH]2)C2CCCC2)ccn1
c1cc(CCCC(Cc2cc3ccncc3[nH]2)C2CCCC2)ccn1
c1cc(CCCC(Cc2cc3ccncc3[nH]2)C2CCCC2)ccn1
c1cc(CCC(Cc2cc3ccncc3[nH]2)C2CCCC2)ccn1
c1cc(CCC(Cc2cc3ccncc3[nH]2)C2CCCC2)ccn1
c1ccc(CCC(Cc2cc3ccncc3[nH]2)C2CCCC2)cc1
c1ccc(CCC(Cc2cc3ccncc3[nH]2)C2CCCCC2)cc1
c1ccc(CCC(Cc2cc3ccncc3[nH]2)C2CCCCC2)cc1
c1ccc(CCC(Cc2cc3ccncc3[nH]2)C2CCCCCC2)cc1
c1ccc(CCC(Cc2cc3ccncc3[nH]2)C2CCCCCC2)cc1
c1ccc(CCC(Cc2cc3ccncc3[nH]2)C2CCCCCC2)cc1
c1ccc(CCC(Cc2cc3ccncc3[nH]2)C2CCCCC2)cc1
c1ccc(CCC(Cc2cc3ccncc3[nH]2)C2CCCC2)cc1
C1=CC(C2Oc3ccccc3-c3ccc4c(c32)C=CCN4)CCC1
C1=CC2C(CC1)c1ccccc1OC2c1cccc2c1C=CCN2
C1=CC2C(CC1)c1ccccc1OC2c1ccccc1
C1=CC(C(Oc2ccccc2)c2ccccc2)CCC1
C1=CC(C(Oc2ccccc2)c2ccccc2)CCC1
c1ccc(OC(c2ccccc2)C2CCCC2)cc1
c1ccc(C2Oc3ccccc3CC3CCCC32)cc1
c1ccc(C2Oc3ccccc3CC3CCCC32)cc1
c1ccc(C2Oc3ccccc3C3CCCC32)cc1
c1ccc(C2Cc3ccccc3C3CCCC23)cc1
c1ccc(C2Cc3ccccc3C3CCCC23)cc1
c1ccc(C2CC3CCc4ccccc4C3C2)cc1
c1ccc(C2CC3CCc4ccccc4C3C2)cc1
c1ccc(C2CC3CCc4ccccc4C3C2)cc1
c1ccc(C2CC3CCc4ccccc4C3C2)cc1
c1ccc(CCC2CC3CCc4ccccc4C3C2)cc1
c1ccc(CC2CC3CCc4ccccc4C3C2)cc1
c1ccc(CC2CC3CCc4ccccc4C3C2)cc1
c1ccc(CC2CC3CCc4ccccc4C3C2)cc1
c1ccc(CC2CC3CCc4ccccc4C3C2)cc1
c1ccc(CC2CC3CCc4ccccc4C3C2)cc1
c1ccc(CC2CC3CCc4ccccc4C3C2)cc1
c1ccc(CC2CC3CCc4ccccc4C3C2)cc1
c1ccc(C2CC3CCc4ccccc4C3C2)cc1
c1cncc(C2CC3CCc4ccccc4C3C2)c1
c1cncc(C2CC3CCc4ccccc4C3C2)c1
c1cncc(C2CC3CCc4ccccc4C3C2)c1
c1cncc(C2CC3CCc4ccccc4C3C2)c1
C=C(c1nccs1)C1CC2CCc3ccccc3C2C1
C=C(c1nccs1)C1CC2CCc3ccccc3C2C1
C=C(c1nccs1)C1CC2CCc3ccccc3C2C1
C=C(c1nccs1)C1CC2CCc3ccccc3C2C1
c1ccc2c(c1)CCC1CC(Cc3nccs3)CC21
c1ccc2c(c1)CCC1C2CC2C(c3nccs3)C12
c1ccc2c(c1)CCC1CC(c3nccs3)CCC21
c1ccc2c(c1)CCC1CC(c3nccs3)CCCC21
c1ccc2c(c1)CCC1CC(c3nccs3)CCCC21
c1ccc2c(c1)CCC1CC(c3nccs3)CCCC21
c1ccc2c(c1)CCC1CC(c3nccs3)CCC21
c1ccc2c(c1)CCC1CC(c3nccs3)CCC21
c1ccc2c(c1)CCC1CC(c3nccs3)CCC21
C1=CC(C2Oc3ccccc3-c3ccc4c(c32)C=CCN4)CCC1
C1=CC(Cc2c(-c3ccccc3)ccc3c2C=CCN3)CCC1
C1=CC(Cc2c(-c3ccccc3)ccc3c2C=CCN3)CCC1
C1=CC(Cc2c(-c3ccccc3)ccc3c2C=CCN3)CCC1
C1=CC(Cc2ccccc2-c2ccccc2)CCC1
C1=CC(Cc2ccccc2-c2ccccc2)CCC1
c1ccc(-c2ccccc2)cc1
c1ccc(-c2ccccc2)cc1
c1ccc(-c2ccccc2)cc1
c1ccc(-c2ccccc2)cc1
c1ccc(-c2ccccc2)cc1
c1ccc(-c2ccccc2)cc1
c1ccc(-c2ccccc2)cc1
c1ccc(Cc2ccccc2)cc1
c1ccc(Cc2ccccc2)cc1
c1ccc(-c2ccccc2)cc1
c1ccc(-c2ccccc2)cc1
c1ccc(-c2ccccc2)cc1
c1ccc(-c2ccccc2)cc1
c1ccc(-c2ccccc2)cc1
c1ccc(-c2ccccc2)cc1
c1ccc(-c2ccccc2)cc1
c1ccc(-c2ccccc2)cc1
c1ccc(-c2ccccc2)cc1
c1ccc(-c2ccccc2)cc1
c1ccc(-c2ccccc2)cc1
c1ccc(-c2ccccc2)cc1
c1ccc(-c2ccccc2)cc1
c1ccc(-c2ccccc2)cc1
c1ccc(-c2ccccc2)cc1
c1ccc(-c2ccccc2)cc1
c1ccc(-c2ccccc2)cc1
c1ccc(-c2ccccc2)cc1
c1ccc(-c2ccccc2)cc1
c1ccc(-c2ccccc2)cc1
c1ccc(-c2ccccc2)cc1
c1ccc(-c2ccccc2)cc1
c1ccc(-c2ccccc2)cc1
c1ccc(-c2ccccc2)cc1
c1ccc(-c2ccccc2)cc1
c1ccc(-c2ccccc2)cc1
c1ccc(-c2ccccc2)cc1
c1ccc(-c2ccccc2)cc1
c1ccc(-c2ccccc2)cc1
c1ccc(-c2ccccc2)cc1
c1ccc(-c2ccccc2)cc1
c1ccc(-c2ccccc2)cc1
c1ccc(-c2ccccc2)cc1
c1ccc(-c2ccccc2)cc1
c1ccc(-c2ccccc2)cc1
c1ccc(-c2ccccc2)cc1
c1ccc(CCCCCCCCNc2ccccc2)cc1
c1ccc(CCCCCCCCNc2ccccc2)cc1
c1ccc(CCCCCCCCNc2ccccc2)cc1
c1ccc(CCCCCCCNc2ccccc2)cc1
c1ccc(CCCCCCCNc2ccccc2)cc1
c1ccc(CCCCCCNc2ccccc2)cc1
c1ccc(CCCCCNc2ccccc2)cc1
c1ccc(CCCCCNc2ccccc2)cc1
c1ccc(CCCCCNc2ccccc2)cc1
c1ccc(CCCCCNc2ccccc2)cc1
c1ccc(CCCCCNc2ccccc2)cc1
c1ccc(CCCCNc2ccccc2)cc1
c1ccc(CCCCNc2ccccc2)cc1
c1ccc(CCCCNc2ccccc2)cc1
c1ccc(CCCCNc2ccccc2)cc1
c1ccc(CCCCNc2ccccc2)cc1
c1ccc(CCCCNc2ccccc2)cc1
c1ccc(CCCCNc2ccccc2)cc1
c1ccc(CCCCNc2ccccc2CC2CC2)cc1
c1ccc(CCCCNc2ccccc2CC2CC2)cc1
C1=C(Cc2ccccc2NCCCCc2ccccc2)C1
C1=C(Cc2ccccc2NCCCCc2ccccc2)C1
C1=C(Cc2ccccc2NCCCCc2ccccc2)C1
C1=C(Cc2ccccc2NCCCCc2ccccc2)C1
C1=C(Cc2ccccc2NCCCCc2ccccc2)C1
C1=C(Cc2ccccc2NCCCCc2ccccc2)C1
C1=C(c2ccccc2NCCCCc2ccccc2)C1
C1=C(c2ccccc2NCCCCc2ccccc2)C1
C1=C(c2ccccc2NCCCCc2ccccc2)C1
C=C1C=C1c1ccccc1NCCCCc1ccccc1
C=C1C=C1c1ccccc1NCCCCc1ccccc1
C=C1C=C1c1ccccc1NCCCCc1ccccc1
c1ccc(CCCCNc2ccccc2)cc1
c1ccc(CCCCNc2ccccc2)cc1
C1=CC(c2ccccc2NCCCCc2ccccc2)=C1
C1=CC(c2ccccc2NCCCCc2ccccc2)=C1
c1ccc(CCCCNc2cccc3ccccc23)cc1
c1ccc(CCCCNc2cccc3ccccc23)cc1
c1ccc(CCCCNc2cccc3ccccc23)cc1
c1ccc(CCCCNc2cccc3ccccc23)cc1
c1ccc(CCCCNc2cccc3ccccc23)cc1
c1ccc(CCCCNc2cccc3ccccc23)cc1
c1ccc(CCCCNc2cccc3ccccc23)cc1
c1ccc(CCCCNc2cccc3ccccc23)cc1
c1ccc(CCCCNc2cccc3ccccc23)cc1
c1ccc(CCCCNc2cccc3ccccc23)cc1
c1ccc(CCCCNc2cccc3ccccc23)cc1
c1ccc(CCCCNc2cccc3ccccc23)cc1
c1ccc(CCCCNc2cccc3ccccc23)cc1
c1ccc(CCCCNc2cccc3ncccc23)cc1
c1ccc(CCCCNc2cccc3ncccc23)cc1
C1=CC(C2Oc3ccccc3-c3ccc4c(c32)C=CCN4)CCC1
C1=CC(C2Oc3ccccc3-c3ccccc32)CCC1
C1=CC(C2Oc3ccccc3-c3ccccc32)CCC1
C1=CC(C2Oc3ccccc3-c3ccccc32)CCC1
C1=CC(Cc2ccccc2-c2ccccc2)CCC1
C1=CC(Cc2ccccc2-c2ccccc2)CCC1
c1ccc(-c2ccccc2CC2CCCC2)cc1
c1ccc2c(c1)CCOC(C1CCCC1)c1ccccc1-2
c1ccc2c(c1)CCOC(C1CCCC1)c1ccccc1-2
c1ccc2c(c1)CCOC(C1CCCC1)c1ccccc1-2
c1ccc2c(c1)CCOC(C1CCCC1)c1ccccc1-2
c1ccc2c(c1)CCCC(C1CCCC1)c1ccccc1-2
c1ccc2c(c1)CCCC(C1CCCC1)c1ccccc1-2
C(=CNc1ccc2c(c1)CCCCc1ccccc1-2)CCC1CCCC1
C(=CNc1ccc2c(c1)CCCCc1ccccc1-2)CCC1CCCC1
C(=CNc1ccc2c(c1)CCCCc1ccccc1-2)CCCC1CCCC1
C(=CNc1ccc2c(c1)CCCCc1ccccc1-2)CCCC1CCC1
C(=CNc1ccc2c(c1)CCCCc1ccccc1-2)CCCC1CCC1
O=C(CC=CNc1ccc2c(c1)CCCCc1ccccc1-2)CC1CCC1
C=C(CC=CNc1ccc2c(c1)CCCCc1ccccc1-2)CC1CCC1
C=C(CC=CNc1ccc2c(c1)CCCCc1ccccc1-2)CC1CCC1
C=C(CC=CNc1ccc2c(c1)CCCCc1ccccc1-2)CC1CCCC1
C(Nc1ccc2c(c1)CCCCc1ccccc1-2)=C1CCCC1
C(Nc1ccc2c(c1)CCCCc1ccccc1-2)=C1CCCC1
C(Nc1ccc2c(c1)CCCCc1ccccc1-2)=C1CCCCC1
C(Nc1ccc2c(c1)CCCCc1ccccc1-2)=C1CCCCC1
C(Nc1ccc2c(c1)CCCc1ccccc1-2)=C1CCCCC1
C(Nc1ccc2c(c1)CCCc1ccccc1-2)=C1CCCCC1
C(Nc1ccc2c(c1)CCCc1ccccc1-2)=C1CCCCC1
C(Nc1ccc2c(c1)CCCCc1ccccc1-2)=C1CCCCC1
C(Nc1ccc2c(c1)CCCCc1ccccc1-2)=C1CCCCCC1
C(Nc1ccc2c(c1)CCCCc1ccccc1-2)=C1CCCCCO1
C(Nc1ccc2c(c1)CCCCc1ccccc1-2)=C1CCCCCCO1
C(Nc1ccc2c(c1)CCCCc1ccccc1-2)=C1CCCCCCO1
C(Nc1ccc2c(c1)CCCCc1ccccc1-2)=C1CCCCCO1
C(Nc1ccc2c(c1)CCCCc1ccccc1-2)=C1CCCCCC1
C(Nc1ccc2c(c1)CCCCc1ccccc1-2)=C1CCCCC1
C(Nc1ccc2c(c1)CCCCc1ccccc1-2)=C1CCCCC1
C=C1CCCCC1CCC(=O)Nc1ccc2c(c1)CCCCc1ccccc1-2
C=C1CCCCC1CCC(=O)Nc1ccc2c(c1)CCCCc1ccccc1-2
C=C1CCCCC1CCC(=O)Nc1ccc2c(c1)CCCCc1ccccc1-2
C=C1CCCCC1CCC(=O)Nc1ccc2c(c1)CCCc1ccccc1-2
C=C1CCCCCC1CCC(=O)Nc1ccc2c(c1)CCCc1ccccc1-2
C=C1CCCCCC1CCC(=O)Nc1ccc2c(c1)CCCCc1ccccc1-2
C=C1CCCCCCC1CCC(=O)Nc1ccc2c(c1)CCCCc1ccccc1-2
O=C(CCC1CCCCCCC1=C1CN1)Nc1ccc2c(c1)CCCCc1ccccc1-2
C=C1CCCCCCC1CCC(=O)Nc1ccc2c(c1)CCCCc1ccccc1-2
C=C1CCCCCCC1CCC(=O)Nc1ccc2c(c1)CCCCc1ccccc1-2
C=C1CCCCCCC1CCC(=O)Nc1ccc2c(c1)CCCCc1ccccc1-2
O=C(CCC1CCCCCCC1=O)Nc1ccc2c(c1)CCCCc1ccccc1-2
O=C(CCC1CCCCCCC1=O)Nc1ccc2c(c1)CCCc1ccccc1-2
O=C(CCC1CCCCCC1=O)Nc1ccc2c(c1)CCCc1ccccc1-2
O=C(CCC1CCCCCC1=O)Nc1ccc2c(c1)CCCc1ccccc1-2
O=C(CCC1CCCCCC1=O)Nc1ccc2c(c1)CCCc1ccccc1-2
O=C(CCC1CCCCCCC1=O)Nc1ccc2c(c1)CCCc1ccccc1-2
O=C(CCC1CCCCCCC1=O)Nc1ccc2c(c1)CCCc1ccccc1-2
O=C(CCC1CCCCCOC1=O)Nc1ccc2c(c1)CCCc1ccccc1-2
O=C(CCC1CCCCCOC1=O)Nc1ccc2c(c1)CCCc1ccccc1-2
O=C(CCC1CCCCCOC1=O)Nc1ccc2c(c1)CCCc1ccccc1-2
O=C(CCC1CCCCOC1=O)Nc1ccc2c(c1)CCCc1ccccc1-2
C=C1OCCCCC1CCC(=O)Nc1ccc2c(c1)CCCc1ccccc1-2
C=C1OCCCCC1CCC(=O)Nc1ccc2c(c1)CCCc1ccccc1-2
C=C1OCCCCC1CCC(=O)Nc1ccc2c(c1)CCCCc1ccccc1-2
C=C1OCCCC1CCC(=O)Nc1ccc2c(c1)CCCCc1ccccc1-2
C=C1OCCCC1CCC(=O)Nc1ccc2c(c1)CCCCc1ccccc1-2
C=C1OCCC1CCC(=O)Nc1ccc2c(c1)CCCCc1ccccc1-2
C=C1OCCC1CCC(=O)Nc1ccc2c(c1)CCCCc1ccccc1-2
C=C1OCCC1CCC(=O)Nc1ccc2c(c1)CCCCc1ccccc1-2
C=C1CCCC1CCC(=O)Nc1ccc2c(c1)CCCCc1ccccc1-2
C=C1CCCC1CCC(=O)Nc1ccc2c(c1)CCCCc1ccccc1-2
C=C1CCCC1CCC(=O)Nc1ccc2c(c1)CCCCc1ccccc1-2
C=C1CCCCC1CCC(=O)Nc1ccc2c(c1)CCCCc1ccccc1-2
O=C(CCC1CCCC2CC=C21)Nc1ccc2c(c1)CCCCc1ccccc1-2
O=C(CCC1CCCC2CCC=C21)Nc1ccc2c(c1)CCCCc1ccccc1-2
O=C(CCC1CCCC2C=CC=C21)Nc1ccc2c(c1)CCCCc1ccccc1-2
O=C(CCC1CCCC2=CC=C21)Nc1ccc2c(c1)CCCCc1ccccc1-2
O=C(CCC1CCCC2=CC=C21)Nc1ccc2c(c1)CCCc1ccccc1-2
O=C(CCC1CCCC2=NC=C21)Nc1ccc2c(c1)CCCc1ccccc1-2
O=C(CCC1CCCC2=NC=C21)Nc1ccc2c(c1)CCCCc1ccccc1-2
O=C(CCC1CCCCC2=NC=C21)Nc1ccc2c(c1)CCCCc1ccccc1-2
O=C(CCC1CCCCC2=NC=C21)Nc1ccc2c(c1)CCCc1ccccc1-2
O=C(CCC1CCCCC2=NC=C21)Nc1ccc2c(c1)CCc1ccccc1-2
O=C(CCC1CCCCCC2=NC=C21)Nc1ccc2c(c1)CCc1ccccc1-2
O=C(CCC1CCCCCC2=NCC=C21)Nc1ccc2c(c1)CCc1ccccc1-2
O=C(CCC1CCCCCC2=NCC=C21)Nc1ccc2c(c1)Cc1ccccc1-2
O=C(CCC1CCCCCC2=NC=C21)Nc1ccc2c(c1)Cc1ccccc1-2
O=C(CCC1CCCCCC2=NCC=C21)Nc1ccc2c(c1)Cc1ccccc1-2
O=C(CCC1CCCCCC2=CCC=C21)Nc1ccc2c(c1)Cc1ccccc1-2
O=C(CCC1CCCCCC2=CCC=C21)Nc1ccc2c(c1)-c1ccccc1-2
O=C(CCC1CCCCCC2=CCC=C21)Nc1ccc2c(c1)-c1ccccc1-2
O=C(CCC1CCCCC2=CCC=C21)Nc1ccc2c(c1)-c1ccccc1-2
O=C(CCC1CCCCC2=CCCC=C21)Nc1ccc2c(c1)-c1ccccc1-2
O=C(CCC1CCCCc2ccccc21)Nc1ccc2c(c1)-c1ccccc1-2
O=C(CCC1CCCCc2ccccc21)Nc1cccc(-c2ccccc2)c1
O=C(CCC1CCCCc2ccccc21)Nc1cccc(-c2ccccc2)c1
O=C(CCC1CCCCc2ccccc21)Nc1cccc(-c2ccccc2)c1
O=C(CCC1CCCCCc2ccccc21)Nc1cccc(-c2ccccc2)c1
O=C(CCC1CCCCCc2ccccc21)Nc1ccc2ccccc2c1
O=C(CCC1CCCCc2ccccc21)Nc1ccc2ccccc2c1
O=C(CCC1CCCCc2ccccc21)Nc1ccc2ccccc2c1
O=C(CCC1CCCCc2ccccc21)Nc1ccc2ccccc2c1
O=C(CCC1CCCCCc2ccccc21)Nc1ccc2ccccc2c1
O=C(CCC1CCCCCc2ccccc21)Nc1ccc2c(c1)C=CC2
O=C(CCC1CCCCCc2ccccc21)Nc1ccc2c(c1)C=CC2=O
O=C(CCC1CCCCCc2ccccc21)Nc1ccc2c(c1)C=CC2=O
O=C(CCC1CCCCc2ccccc21)Nc1ccc2c(c1)C=CC2=O
O=C(CCC1CCCCc2ccccc21)Nc1ccc2c(c1)C=CC2=O
O=C(CCC1CCCCc2ccccc21)Nc1ccc2c(c1)C=CC2=O
O=C(CCC1CCCc2ccccc21)Nc1ccc2c(c1)C=CC2=O
O=C(CCC1CCCc2ccccc21)Nc1ccc2c(=O)occc2c1
O=C(CCC1CCc2ccccc21)Nc1ccc2c(=O)occc2c1
O=C(CCC1CCc2ccccc21)Nc1ccc2c(=O)occc2c1
O=C(CCC1CCc2ccccc21)Nc1ccc2c(=O)occc2c1
O=C(CCC1CCCc2ccccc21)Nc1ccc2c(=O)occc2c1
O=C(CCC1CCCc2ccccc21)Nc1ccc2c(=O)occc2c1
O=C(CCC1CCCCc2ccccc21)Nc1ccc2c(=O)occc2c1
O=C(CCC1CCCCc2ccccc21)Nc1ccc2c(=O)occc2c1
O=C(CCC1CCCCc2ccccc21)Nc1ccc2c(=O)occc2c1
O=C(CCC1CCCCc2ccccc21)Nc1ccc2c(=O)occc2c1
O=C(CCC1CCCCCc2ccccc21)Nc1ccc2c(=O)occc2c1
O=C(CCC1CCCCCc2ccccc21)Nc1ccc2c(=O)occc2c1
O=C(CCC1CCCCCc2ccccc21)Nc1ccc2c(=O)occc2c1
O=C(CCC1CCCCCc2ccccc21)Nc1ccc2c(=O)oncc2c1
O=C(CCC1CCCCCc2ccccc21)Nc1ccc2c(=O)oncc2c1
O=C(CCC1CCCCc2ccccc21)Nc1ccc2c(=O)oncc2c1
O=C(CCC1CCCCc2ccccc21)Nc1ccc2c(=O)oncc2c1
C1=CC(C2Oc3ccccc3-c3ccc4c(c32)C=CCN4)CC1
C1=CC(Cc2c(-c3ccccc3)ccc3c2C=CCN3)CC1
C1=Cc2c(ccc(-c3ccccc3)c2CC2CCC2)NC1
C1=Cc2c(ccc(-c3cccnc3)c2CC2CCC2)NC1
C1=Cc2c(ccc(-c3cccnc3)c2CCC2CCC2)NC1
C1=Cc2c(ccc(-c3cccnc3)c2CCC2CCC2)NC1
C1=Cc2c(ccc(-c3cccnc3)c2CCC2CCC2)NC1
C1=Cc2c(ccc(-c3cccnc3)c2CCC2CCC2)NC1
c1cncc(-c2ccc3[nH]ccc3c2CCC2CCC2)c1
c1cncc(-c2ccc3[nH]ccc3c2CCC2CCCC2)c1
c1cncc(-c2ccc3[nH]ccc3c2CCC2CCCC2)c1
c1cncc(-c2c[nH]c3cccc(CCC4CCCC4)c23)c1
c1cncc(CC(Cc2cccc3[nH]ccc23)C2CCCC2)c1
c1cncc(C(Cc2cccc3[nH]ccc23)C2CCCC2)c1
c1cncc(C(Cc2cccc3[nH]ccc23)C2CCCC2)c1
c1cncc(C(Cc2cccc3[nH]ccc23)C2CCCC2)c1
c1cncc(C(CCCc2cc3ccccc3[nH]2)C2CCCC2)c1
c1cncc(C(CCCc2cc3ccccc3[nH]2)C2CCCC2)c1
c1cncc(C(CCCc2cc3ccccc3[nH]2)C2CCCC2)c1
c1cncc(C(CCCc2cc3ccccc3[nH]2)C2CCCC2)c1
c1cncc(C(CCCc2cc3ccccc3[nH]2)C2CCCC2)c1
c1cncc(C(CCCc2cc3ccccc3[nH]2)C2CCCC2)c1
c1cncc(C(CCCc2cc3ccccc3[nH]2)C2CCCC2)c1
c1cncc(C(CC(Cc2cc3ccccc3[nH]2)C2CC2)C2CCCC2)c1
c1cncc(CC(CC(Cc2cc3ccccc3[nH]2)C2CC2)C2CCCC2)c1
c1cncc(CC(CC(Cc2cc3ccccc3[nH]2)C2CC2)C2CCCC2)c1
c1cncc(CC(CC(Cc2cc3ccccc3[nH]2)C2CC2)C2CCCCC2)c1
c1cncc(CC(CC(Cc2cc3ccccc3[nH]2)C2CC2)C2CCCCC2)c1
c1cncc(CC(CC2CCCCC2)CC(Cc2cc3ccccc3[nH]2)C2CC2)c1
c1cncc(C(CC2CCCCC2)CC(Cc2cc3ccccc3[nH]2)C2CC2)c1
c1cncc(C(CC2CCCCC2)CC(Cc2cc3ccccc3[nH]2)C2CC2)c1
c1cncc(C(CC2CCCCC2)CC(Cc2cc3ccccc3[nH]2)C2CC2)c1
c1cncc(C(CC2CCCCCC2)CC(Cc2cc3ccccc3[nH]2)C2CC2)c1
c1cncc(C(CC2CCCCCC2)CC(Cc2cc3ccccc3[nH]2)C2CCC2)c1
c1cncc(C(CC2CCCCCCC2)CC(Cc2cc3ccccc3[nH]2)C2CCC2)c1
c1cncc(C(CC2CCCCCCC2)CC(Cc2cc3ccccc3[nH]2)C2CCCC2)c1
c1cncc(C(CCC2CCCCCCC2)CC(Cc2cc3ccccc3[nH]2)C2CCCC2)c1
c1cncc(C(CCC2CCCCCC2)CC(Cc2cc3ccccc3[nH]2)C2CCCC2)c1
c1cncc(C(CC2CCCCCC2)CC(Cc2cc3ccccc3[nH]2)C2CCCC2)c1
c1cncc(C(CC2CCCCC2)CC(Cc2cc3ccccc3[nH]2)C2CCCC2)c1
c1cncc(C(CC2CCCCC2)CC(Cc2cc3ccccc3[nH]2)C2CCCC2)c1
c1cncc(C(CC2CCCCCC2)CC(Cc2cc3ccccc3[nH]2)C2CCCC2)c1
c1cncc(C(CC2CCCCCC2)CC(Cc2cc3ccccc3[nH]2)C2CCCCC2)c1
c1cncc(C(CC(Cc2cc3ccccc3[nH]2)C2CCCCC2)C2CCCCCC2)c1
c1cncc(C(CC(Cc2cc3ccccc3[nH]2)C2CCCCC2)C2CCCCC2)c1
c1cncc(C(CC(Cc2cc3ccccc3[nH]2)C2CCCCC2)C2CCCC2)c1
c1cncc(C(CC(Cc2cc3ccccc3[nH]2)C2CCCCC2)C2CCC2)c1
c1cncc(CCC(Cc2cc3ccccc3[nH]2)C2CCCCC2)c1
c1cncc(CCC(Cc2cc3ccccc3[nH]2)C2CCCCC2)c1
c1cncc(CCC(Cc2cc3ccccc3[nH]2)C2CCCCC2)c1
c1cncc(CCC(Cc2cc3ccccc3[nH]2)C2CCCCC2)c1
c1cncc(CCC(Cc2cc3ccccc3[nH]2)C2CCCCC2)c1
c1cncc(C(CC(Cc2cc3ccccc3[nH]2)C2CCCCC2)C2COC2)c1
c1cncc(C(CC(Cc2cc3ccccc3[nH]2)C2CCCC2)C2COC2)c1
c1cncc(C(CC(Cc2cc3ccccc3[nH]2)C2CCCC2)C2CCO2)c1
c1cncc(CCC(Cc2cc3ccccc3[nH]2)C2CCCC2)c1
c1cncc(CCC(Cc2cc3ccccc3[nH]2)C2CCCC2)c1
c1cncc(CCC(Cc2cc3ccccc3[nH]2)C2CCCC2)c1
c1cncc(CCC(Cc2cc3ccccc3[nH]2)C2CCCC2)c1
c1cncc(CCC(Cc2cc3ccccc3[nH]2)C2CCCCC2)c1
c1cncc(CCC(Cc2cc3ccccc3[nH]2)C2CCCCC2)c1
c1cncc(CCC(Cc2cc3ccccc3[nH]2)C2CCCCC2)c1
c1cncc(CCC(Cc2cc3ccccc3[nH]2)C2CCCCCC2)c1
c1cncc(CCC(Cc2cc3ccccc3[nH]2)C2CCCCCC2)c1
c1cncc(CCC(Cc2cc3ccccc3[nH]2)C2CCCCCC2)c1
c1cncc(CCC(Cc2cc3ccccc3[nH]2)C2CCCCCC2)c1
c1cncc(CCC(Cc2cc3ccccc3[nH]2)C2CCCCCC2)c1
c1cncc(CCC(Cc2cc3ccccc3[nH]2)C2CCCCCCC2)c1
c1cncc(CCC(Cc2cc3ccccc3[nH]2)C2CCCCCCC2)c1
c1cncc(CCC(Cc2cc3ccccc3[nH]2)C2CCCCCCC2)c1
c1cncc(CCC(Cc2cc3ccccc3[nH]2)C2CCCCCCC2)c1
c1cncc(CCC(Cc2cc3ccccc3[nH]2)C2CCCCCCC2)c1
c1cncc(CCC(Cc2cc3ccccc3[nH]2)C2CCCCCCC2)c1
c1cncc(CCC(Cc2cc3ccccc3[nH]2)C2CCCCCCC2)c1
c1cncc(CCC(Cc2cc3ccccc3[nH]2)C2CCCCCCC2)c1
c1cncc(CCC(Cc2cc3ccccc3[nH]2)C2CCCCCCC2)c1
c1cncc(CCC(Cc2cc3ccccc3[nH]2)C2CCCCCCC2)c1
c1cncc(CCC(Cc2cc3ccccc3[nH]2)C2CCCCCCC2)c1
c1cncc(CCC(Cc2cc3ccccc3[nH]2)C2CCCCCC2)c1
c1cncc(CCC(Cc2cc3ccccc3[nH]2)C2CCCCCC2)c1
c1cncc(CCC(Cc2cc3ccccc3[nH]2)C2CCCCCC2)c1
c1cncc(CCC(Cc2cc3ccccc3[nH]2)C2CCCCCCC2)c1
c1cncc(CCC(Cc2cc3ccccc3[nH]2)C2CCCCCC2)c1
c1cncc(CCC(Cc2cc3ccccc3[nH]2)C2CCCCCC2)c1
c1cncc(CCC(Cc2cc3ccccc3[nH]2)C2CCCCCCC2)c1
c1cncc(CCC(Cc2cc3ccccc3[nH]2)C2CCCCC(N3CCC3)CC2)c1
c1cncc(CCC(Cc2cc3ccccc3[nH]2)C2CCCCC(N3CCCC3)CC2)c1
c1cncc(CCC(Cc2cc3ccccc3[nH]2)C2CCCC(N3CCCC3)CC2)c1
c1cncc(CCC(Cc2cc3ccccc3[nH]2)C2CCCC(C3CCCC3)CC2)c1
c1cncc(CCC(Cc2cc3ccccc3[nH]2)C2CCC(C3CCCC3)CC2)c1
c1cncc(CCC(Cc2cc3ccccc3[nH]2)C2CCC(C3CCCCC3)CC2)c1
c1cncc(CCC(Cc2cc3ccccc3[nH]2)C2CCC(C3CCCCCC3)CC2)c1
c1cncc(CCC(Cc2cc3ccccc3[nH]2)C2CCC(C3CCCCCCC3)CC2)c1
c1cncc(CCC(Cc2cc3ccccc3[nH]2)C2CCC(C3CCCCCCC3)CC2)c1
c1cncc(CCC(Cc2cc3ccccc3[nH]2)C2CCC(C3CCCCCCC3)CC2)c1
c1cncc(CCC(Cc2cc3ccccc3[nH]2)C2CCCC(C3CCCCCCC3)CC2)c1
c1cncc(CCC(Cc2cc3ccccc3[nH]2)C2CCCC(C3CCCCCCC3)CC2)c1
c1cncc(CCC(Cc2cc3ccccc3[nH]2)C2CCCC(C3CCCCCC3)CC2)c1
c1cncc(CCC(Cc2cc3ccccc3[nH]2)C2CCCCC(C3CCCCCC3)CC2)c1
c1cncc(CCC(Cc2cc3ccccc3[nH]2)C2CCCCC(C3CCCCCC3)CC2)c1
c1cncc(CCC(Cc2cc3ccccc3[nH]2)C2CCCCC(C3CCCCCC3)CC2)c1
c1cncc(CCC(Cc2cc3ccccc3[nH]2)C2CCCCC(C3CCCCCCC3)CC2)c1
c1cncc(CCC(Cc2cc3ccccc3[nH]2)C2CCCCC(C3CCCCCC3)CC2)c1
c1cncc(CCC(Cc2cc3ccccc3[nH]2)C2CCCCC(C3CCCCCCC3)CC2)c1
c1cncc(CCC(Cc2cc3ccccc3[nH]2)C2CCCCC(C3CCCCCCC3)C2)c1
c1cncc(CCC(Cc2cc3ccccc3[nH]2)C2CCCCC(C3CCCCCC3)C2)c1
c1cncc(CCC(Cc2cc3ccccc3[nH]2)C2CCCC(C3CCCCCC3)C2)c1
c1cncc(CCC(Cc2cc3ccccc3[nH]2)C2CCCC(C3CCCCCC3)C2)c1
c1cncc(CCC(Cc2cc3ccccc3[nH]2)C2CCCC(CC3CCCCC3)C2)c1
c1cncc(CCC(Cc2cc3ccccc3[nH]2)C2CCCC(CC3CCCCC3)CC2)c1
c1cncc(CCC(Cc2cc3ccccc3[nH]2)C2CCC(CC3CCCCC3)CC2)c1
c1cncc(CCC(Cc2cc3ccccc3[nH]2)C2CCN(CC3CCCCC3)CC2)c1
c1cncc(CCC(Cc2cc3ccccc3[nH]2)C2CCN(CCC3CCCCC3)CC2)c1
c1cncc(CCC(Cc2cc3ccccc3[nH]2)C2CCN(CCC3CCCC3)CC2)c1
c1cncc(CCC(Cc2cc3ccccc3[nH]2)C2CCN(C3CCCCCC3)CC2)c1
c1cncc(CCC(Cc2cc3ccccc3[nH]2)C2CCCN(C3CCCCCC3)CC2)c1
c1cncc(CCC(Cc2cc3ccccc3[nH]2)C2CCCN(C3CCCCC3)CC2)c1
c1cncc(CCC(Cc2cc3ccccc3[nH]2)C2CCCCN(C3CCCCC3)CC2)c1
c1cncc(CCC(Cc2cc3ccccc3[nH]2)C2CCCCN(C3CCCC3)CC2)c1
c1cncc(CCC(Cc2cc3ccccc3[nH]2)C2CCCCN(C3CCC3)CC2)c1
c1cncc(CCC(Cc2cc3ccccc3[nH]2)C2CCCCC(C3CCC3)CC2)c1
c1cncc(CCC(Cc2cc3ccccc3[nH]2)C2CCCCC(C3CCC3)CC2)c1
c1cncc(CCC(Cc2cc3ccccc3[nH]2)C2CCCCC(C3CC3)CC2)c1
c1cncc(CCC(Cc2cc3ccncc3[nH]2)C2CCCCC(C3CC3)CC2)c1
c1cncc(CCC(Cc2cc3ccncc3[nH]2)C2CCCCC(C3CCC3)CC2)c1
c1ccc(CCC(Cc2cc3ccncc3[nH]2)C2CCCCC(C3CCC3)CC2)cc1
c1ccc(CCC(Cc2cc3ccncc3[nH]2)C2CCCCC(C3CC3)CC2)cc1
c1ccc(CCC(Cc2cc3ccncc3[nH]2)C2CCCCC(C3CC3)CC2)cc1
c1ccc(CCC(Cc2cc3ccncc3[nH]2)C2CCCC(C3CC3)CC2)cc1
c1ccc(CCC(Cc2cc3ccncc3[nH]2)C2CCCC(C3CC3)CCC2)cc1
c1ccc(CCC(Cc2cc3ccncc3[nH]2)C2CCCC(C3CC3)CCC2)cc1
c1ccc(CCC(Cc2cc3ccncc3[nH]2)C2CCCCCCC2)cc1
c1ccc(CCC(Cc2cc3ccncc3[nH]2)C2CCCCCCC2)cc1
c1ccc(CCC(Cc2cc3ccncc3[nH]2)C2CCCCCCC2)cc1
c1ccc(CCC(Cc2cc3ccncc3[nH]2)C2CCCCCC2)cc1
c1ccc(CCC(Cc2cc3ccncc3[nH]2)C2CCCCC2)cc1
c1ccc(CCC(Cc2cc3ccncc3[nH]2)C2CCCC2)cc1
C1=CC(C2Oc3ccccc3-c3ccc4c(c32)C=CCN4)CC1
C1=CC(C2Oc3ccccc3-c3ccc4c(c32)C=CCN4)CC1
C1=CC(Cc2c(-c3ccccc3)ccc3c2C=CCN3)CC1
C1=CC(Cc2c(-c3ccccc3)ccc3c2CCN3)CC1
c1ccc(-c2ccc3c(c2CC2CCCC2)CCN3)cc1
c1ccc(-c2cc3c(cc2CC2CCCC2)NCC3)cc1
c1ccc(-c2cc3c(cc2CC2CCCCC2)NCC3)cc1
c1ccc(-c2cc3c(cc2CC2CCCCC2)NCC3)cc1
c1ccc(-c2cc3c(cc2CC2CCCCC2)NCC3)cc1
c1ccc(-c2cc3c(cc2CC2CCCCC2)NCC3)cc1
c1ccc(-c2cc3c(cc2CC2CCCCC2)NCC3)cc1
c1ccc(-c2cc3c(cc2CC2CCCCC2)NCC3)cc1
c1ccc(-c2cc3c(cc2CC2CCCCC2)NCC3)cc1
c1ccc(-c2cc3c(cc2CC2CCCCC2)NCC3)cc1
c1ccc(-c2cc3c(cc2CC2CCCCC2)NCC3)cc1
C=C1CCCC(Cc2cc3c(cc2-c2ccccc2)CCN3)C1
C1=C2CCCC(Cc3cc4c(cc3-c3ccccc3)CCN4)C2C1
C1=C2CCCC(Cc3cc4c(cc3-c3ccccc3)CCN4)C2C1
C1=C2CCCC(Cc3cc4c(cc3-c3ccccc3)CN4)C2C1
C1=C2CCCC(Cc3cc4c(cc3-c3ccccc3)CN4)C2C1
C1=C2CCCC(Cc3cc4c(cc3-c3ccccc3)CCN4)C2C1
C1=C2CCCC(Cc3cc4c(cc3-c3ccccc3)CCCN4)C2C1
C1=C2CCCC(Cc3cc4c(cc3-c3ccccc3)CCCN4)C2C1
C1=C2CCCC(Cc3cc4c(cc3-c3ccccc3)CCCCN4)C2C1
C1=C2CCCC(Cc3cc4c(cc3-c3ccccc3)CCCCN4)C2C1
C1=C2CCCC(Cc3cc4c(cc3-c3ccccc3)CCCCN4)C2C1
C1=C2CCCC(Cc3cc4c(cc3-c3ccccc3)CCCN4)C2C1
C1=C2CCCC(Cc3cc4c(cc3-c3ccccc3)CCN4)C2C1
C1=C2CCCC(Cc3cc4c(cc3-c3ccccc3)CCN4)C2C1
C1=C2CCCC(Cc3cc4c(cc3-c3ccccc3)CCN4)C2C1
C1=C2CCCC(Cc3cc4c(cc3-c3ccccc3)CCN4)C2C1
C1=C2CCCC(Cc3cc4c(cc3-c3ccccc3)CCN4)C2C1
C1=C2CCCC(Cc3cc4c(cc3-c3ccccc3)CCN4)C2C1
C1=C2CCCC(Cc3cc4[nH]ccc4cc3-c3ccccc3)C2C1
C1=C2CCCC(Cc3cc4[nH]ccc4cc3-c3ccccc3)C2C1
C1=C2CCCC(Cc3cc4[nH]ncc4cc3-c3ccccc3)C2C1
O=C1C=C2CCCC(Cc3cc4[nH]ncc4cc3-c3ccccc3)C12
O=C1C=C2CCCC(Cc3cc4[nH]ncc4cc3-c3ccccc3)C2C1
O=C1C=C2CCCC(Cc3cc4[nH]ncc4cc3Cc3ccccc3)C2C1
O=C1C=C2CCCC(Cc3cc(N4C=N4)ccc3Cc3ccccc3)C2C1
O=C1C=C2CCCC(Cc3cc(N4CN4)ccc3Cc3ccccc3)C2C1
O=C1C=C2CCCC(Cc3cc(N4CN4)ccc3Cc3ccccc3)C2C1
O=C1C=C2CCCC(Cc3cc(N4CN4)ccc3Cc3ccccc3)C2C1
O=C1C=C2CCCC(Cc3cc(N4CN4)ccc3Cc3ccccc3)C2C1
O=C1C=C2CCCC(Cc3cc(N4CC4)ccc3Cc3ccccc3)C2C1
O=C1C=C2CCCC(Cc3cc(N4CCC4)ccc3Cc3ccccc3)C2C1
O=C1C=C2CCCC(Cc3cc(N4CCCC4)ccc3Cc3ccccc3)C2C1
O=C1C=C2CCCC(Cc3cc(N4CCCC4)ccc3Cc3ccccc3)C2C1
C=C1C=C2CCCC(Cc3cc(N4CCCC4)ccc3Cc3ccccc3)C2C1
C=C1C=C2CCCC(Cc3cc(N4CCCC4)ccc3Cc3ccccc3)C2C1
C=C1C=C2CCCC(Cc3cc(N4CCCC4)ccc3-c3ccccc3)C2C1
C=C1C=C2CCCC(Cc3cc(N4CCCC4)ccc3-c3ccccc3)C2C1
C=C1C=C2CCCC(Cc3cc(N4CCCC4)ccc3-c3ccccc3)C2C1
C=C1C=C2CCCC(Cc3cc(N4CCCC4)ccc3-c3ccccc3)C2C1
C=C1C=C2CCCC(Cc3cc(N4CCCC4)ccc3-c3ccccc3)C2C1
C1=C2CCCC(Cc3cc(N4CCCC4)ccc3-c3ccccc3)C2CC1=C1CCS1
C1=C2CCCC(Cc3cc(N4CCCC4)ccc3-c3ccccc3)C2CC1=C1CS1
C1=C2CCCC(Cc3cc(N4CCCC4)ccc3-c3ccccc3)C2CC1=C1CS1
C1=C2CCCC(Cc3cc(N4CCCC4)ccc3-c3ccccc3)C2CC1=C1CS1
C=C1C=C2CCCC(Cc3cc(N4CCCC4)ccc3-c3ccccc3)C2C1
C=C1C=C2CCCC(Cc3cc(N4CCCC4)ccc3-c3ccccc3)C2C1
C=C1C=C2CCCC(Cc3cc(N4CCCC4)ccc3-c3ccccc3)C2C1
C(CCN1CCCC1)=C1C=C2CCCC(Cc3ccccc3-c3ccccc3)C2C1
C(CCN1CCCCC1)=C1C=C2CCCC(Cc3ccccc3-c3ccccc3)C2C1
C(CN1CCCCC1)=C1C=C2CCCC(Cc3ccccc3-c3ccccc3)C2C1
C(=C1C=C2CCCC(Cc3ccccc3-c3ccccc3)C2C1)N1CCCCC1
C(=C1C=C2CCCC(Cc3ccccc3-c3ccccc3)C2C1)N1CCCCC1
C(=C1C=C2CCCC(Cc3ccccc3-c3ccccc3)C2C1)N1CCCC1
C(=C1C=C2CCCC(Cc3ccccc3-c3ccccc3)C2C1)N1CCCC1
C1=C2CCCC(Cc3ccccc3-c3ccccc3)C2CC=C1N1CCCC1
C1=C2CCCC(Cc3ccccc3-c3ccccc3)C2CC=C1N1CCCC1
C1=C2CCCC(Cc3ccccc3-c3ccccc3)C2CC=C1N1CCCC1
C1=C2CCCCC(Cc3ccccc3-c3ccccc3)C2CC=C1N1CCCC1
C1=C2CCCCC(Cc3ccccc3-c3ccccc3)C2CC=C1N1CCC1
C1=C2CCCCCC(Cc3ccccc3-c3ccccc3)C2CC=C1N1CCC1
C1=C2CCCCCC(Cc3ccccc3-c3ccccc3)C2CC2=C1N1CCC1CC2
C1=C2CCCCCC(Cc3ccccc3-c3ccccc3)C2CC2=C1N1CCC1C2
C1=C2CCCCCC(Cc3ccccc3-c3ccccc3)C2CC2=C1NCC2
C1=C2CCCCC(Cc3ccccc3-c3ccccc3)C2CC2=C1NCC2
C1=C2CCCCC(Cc3ccccc3-c3ccccc3)C2Cc2cc[nH]c21
C1=C2CCCC(Cc3ccccc3-c3ccccc3)C2Cc2cc[nH]c21
C1=C2CCCC(Cc3ccccc3-c3ccccc3)C2CCc2cc[nH]c21
C1=C2CCCC(Cc3ccccc3-c3ccccc3)C2CCc2cc[nH]c21
C1=C2CCCC(Cc3ccccc3-c3ccccc3)C2CCc2cn[nH]c21
C1=C2CCC(Cc3ccccc3-c3ccccc3)C2CCc2cn[nH]c21
C1=C2CCC(Cc3ccccc3-c3ccccc3)C2Cc2cn[nH]c21
C1=C2CCC(Cc3ccccc3-c3ccccc3)C2Cc2cn[nH]c21
C1=C2CCCC(Cc3ccccc3-c3ccccc3)C2Cc2cn[nH]c21
C1=C2CCCC(Cc3ccccc3)C2Cc2cnn(Cc3ccccc3)c21
C1=C2CCCC(Cc3ccccc3)C2Cc2cnn(-c3ccccc3)c21
C1=C2CCCC(CCc3ccccc3)C2Cc2cnn(-c3ccccc3)c21
C1=C2CCCC(CCc3ccccc3)C2Cc2cnn(-c3ccccc3)c21
C1=C2CCCC(CCc3ccccc3)C2Cc2cnn(-c3ccccc3)c21
C1=C2CCCC(CCc3ccccc3)C2Cc2cnn(-c3ccccc3)c21
C1=C2CCCC(CCc3ccccc3)C2Cc2cnn(-c3ccccc3)c21
C1=C2CCCC(Cc3ccccc3)C2Cc2cnn(-c3ccccc3)c21
C1=C2CCCCC(Cc3ccccc3)C2Cc2cnn(-c3ccccc3)c21
C1=C2CCCCC(Cc3ccccc3)C2Cc2cnn(-c3ccccc3)c21
C1=C2CCCC(Cc3ccccc3)C2Cc2cnn(-c3ccccc3)c21
C1=C2CCCC(Cc3ccccc3)C2Cc2cnn(-c3ccccc3)c21
C1=C2CCCC(Cc3ccccc3)C2Cc2cnn(-c3ccccc3)c21
C1=C2CCCC(Cc3ccccc3)C2Cc2cnn(-c3ccccc3)c21
C1=C2CCCC(Cc3ccccc3)C2Cc2cnn(-c3ccccc3)c21
C1=C2CCCC(Cc3ccccc3)C2Cc2cnn(-c3ccccc3)c21
C1=C2CCCC(Cc3ccccc3)C2Cc2cnn(-c3ccccc3)c21
C1=C2CCCC(Cc3ccccc3)C2Cc2cnn(-c3ccccc3)c21
C1=C2CCCC(Cc3ccccc3)C2Cc2cnn(-c3ccccc3)c21
C1=C2CCCC(Cc3ccccc3)C2Cc2cnn(-c3ccccc3)c21
C1=C2CCCC(Cc3ccccc3)C2Cc2cnn(-c3ccccc3)c21
C1=C2CCCC(Cc3ccccc3)C2Cc2cnn(-c3ccccc3)c21
C1=C2CCCCC(Cc3ccccc3)C2Cc2cnn(-c3ccccc3)c21
C1=C2CCCCC(Cc3ccccc3)C2Cc2cnn(-c3ccccc3)c21
C1=C2CCCCC(Cc3ccccc3)C2Cc2cnn(-c3ccccc3)c21
C1=C2CCCCC(Cc3ccccc3)C2Cc2cnn(-c3ccccc3)c21
C1=C2CCCCC(Cc3ccccc3C3CC3)C2Cc2cnn(-c3ccccc3)c21
C1=C2CCCCCC(Cc3ccccc3C3CC3)C2Cc2cnn(-c3ccccc3)c21
C1=C2CCCCCC(Cc3ccccc3C3CC3)C2Cc2cnn(-c3ccccc3)c21
C1=C2CCCCCC(Cc3ccccc3CC3CC3)C2Cc2cnn(-c3ccccc3)c21
C1=C2CCCCCC(Cc3ccccc3CC3CCC3)C2Cc2cnn(-c3ccccc3)c21
C1=C2CCCCCC(Cc3ccccc3CC3CCCC3)C2Cc2cnn(-c3ccccc3)c21
C1=C2CCCCC(Cc3ccccc3CC3CCCC3)C2Cc2cnn(-c3ccccc3)c21
C1=C2CCCCC(Cc3ccccc3NCC3CCCC3)C2Cc2cnn(-c3ccccc3)c21
C1=C2CCCC(Cc3ccccc3NCC3CCCC3)C2Cc2cnn(-c3ccccc3)c21
C1=C2CCCC(Cc3ccccc3NCC3CCCC3)C2Cc2cnn(-c3ccccc3)c21
C1=C2CCCC(Cc3ccccc3NCC3CCC3)C2Cc2cnn(-c3ccccc3)c21
C1=C2CCCC(Cc3ccccc3NCCC3CCC3)C2Cc2cnn(-c3ccccc3)c21
C1=C2CCCC(Cc3ccccc3NCCC3CCC3)C2Cc2cnn(-c3ccccc3)c21
C1=C2CCCC(Cc3ccccc3CCCC3CCC3)C2Cc2cnn(-c3ccccc3)c21
C1=C2CCCC(Cc3ccccc3CCCC3CCO3)C2Cc2cnn(-c3ccccc3)c21
C1=C2CCCC(Cc3ccccc3CCCC3CCO3)C2Cc2cnn(-c3ccccc3)c21
C1=C2CCCC(Cc3ccccc3)C2Cc2cnn(-c3ccccc3)c21
C1=C2CCCC(Cc3ccccc3)C2Cc2cnn(-c3ccccc3)c21
C1=C2CCCC(Cc3ccccc3)C2Cc2cnn(-c3ccccc3)c21
C1=C2CCCC(Cc3ccccc3)C2Cc2cnn(-c3ccccc3)c21
C1=C2CCCC(Cc3ccccc3)C2Cc2cnn(-c3ccccc3)c21
C1=C2CCCC(Cc3ccccc3)C2Cc2cnn(-c3ccccc3)c21
C1=C2CCCC(Cc3ccccc3)C2Cc2cnn(-c3ccccc3)c21
C1=C2CCCC(Cc3ccccc3)C2Cc2cnn(-c3ccccc3)c21
C1=C2CCCC(Cc3ccccc3)C2Cc2cnn(-c3ccccc3)c21
C1=C2CCCC(Cc3ccccc3)C2Cc2cnn(-c3ccccc3)c21
C1=C2CCCC(Cc3ccccc3)C2Cc2cnn(-c3ccccc3)c21
C1=C2CCCC(Cc3ccccc3N3CCCCCC3)C2Cc2cnn(-c3ccccc3)c21
C1=C2CCCC(Cc3ccccc3)C2Cc2cnn(-c3ccccc3)c21
C1=C2CCCC(Cc3ccccc3)C2Cc2cnn(-c3ccccc3)c21
C1=C2CCCC(Cc3ccccc3)C2Cc2cnn(-c3ccccc3)c21
C1=C2CCCC(Cc3ccccc3)C2Cc2cnn(-c3ccccc3)c21
C1=C2CCCC(Cc3ccccc3)C2Cc2cnn(-c3ccccc3)c21
C1=C2CCCC(Cc3ccccc3)C2Cc2cnn(-c3ccccc3)c21
C1=C2CCCC(Cc3ccccc3)C2Cc2cnn(-c3ccccc3)c21
C1=C2CCCC(Cc3ccccc3)C2Cc2cnn(-c3ccccc3)c21
C1=C2CCCC(Cc3ccccc3)C2Cc2cnn(-c3ccccc3)c21
C1=C2CCCC(Cc3ccccc3)C2Cc2cnn(-c3ccccc3)c21
C1=C2CCCC(Cc3ccccc3)C2Cc2cnn(-c3ccccc3)c21
C1=C2CCCC(Cc3ccccc3)C2Cc2cnn(-c3ccccc3)c21
C1=C2CCCC(Cc3ccccc3)C2Cc2cnn(-c3ccccc3)c21
C1=C2CCCC(Cc3ccccc3)C2Cc2cnn(-c3ccccc3)c21
C1=C2CCCC(Cc3ccccc3)C2Cc2cnn(-c3ccccc3)c21
C1=C2CCCC(Cc3ccccc3)C2Cc2cnn(-c3ccccc3)c21
C1=C2CCCC(Cc3ccccc3)C2Cc2cnn(-c3ccccc3)c21
C1=C2CCCC(Cc3ccccc3)C2Cc2cnn(-c3ccccc3)c21
C1=C2CCCC(Cc3ccccc3)C2Cc2cnn(-c3ccccc3)c21
C1=C2CCCC(Cc3ccccc3)C2Cc2cnn(-c3ccccc3)c21
C1=C2CCCC(Cc3ccccc3)C2Cc2cnn(-c3ccccc3)c21
C1=C2CCCCC(Cc3ccccc3)C2Cc2cnn(-c3ccccc3)c21
C1=C2CCCCC(Cc3ccccc3)C2Cc2cnn(-c3ccccc3)c21
C1=C2CCCCC(Cc3ccccc3)C2Cc2cnn(-c3ccccc3)c21
C1=C2CCCCC(Cc3ccccc3)C2Cc2cnn(-c3ccccc3)c21
C1=C2CCCCC(Cc3ccccc3)C2Cc2cnn(-c3ccccc3)c21
C1=C2CCCCC(Cc3ccccc3)C2Cc2cnn(-c3ccccc3)c21
C1=C2CCCCC(Cc3ccccc3)C2Cc2cnn(-c3ccccc3)c21
C1=C2CCCC(Cc3ccccc3)C2Cc2cnn(-c3ccccc3)c21
C1=C2CCCC(Cc3ccccc3)C2Cc2cnn(-c3ccccc3)c21
C1=C2CCCC(Cc3ccccc3)C2Cc2cnn(-c3ccccc3)c21
C1=C2CCCC(Cc3ccccc3)C2Cc2cnn(-c3ccccc3)c21
C1=C2CCCC(Cc3ccccc3)C2Cc2cnn(-c3ccccc3)c21
C1=C2CCCC(Cc3ccccc3)C2Cc2cnn(-c3ccccc3)c21
C1=C2CCCC(Cc3ccccc3)C2Cc2cnn(-c3ccccc3)c21
C1=C2CCCC(Cc3ccccc3)C2Cc2cnn(-c3ccccc3)c21
C1=C2CCCC(Cc3ccccc3)C2Cc2cnn(-c3ccccc3)c21
C1=C2CCCC(Cc3ccccc3)C2Cc2cnn(-c3ccccc3)c21
C1=C2CCCC(Cc3ccccc3)C2Cc2cnn(-c3ccccc3)c21
C1=C2CCCC(Cc3ccccc3)C2Cc2cnn(-c3ccccc3)c21
C1=C2CCCC(Cc3ccccc3)C2Cc2cnn(-c3ccccc3)c21
C1=C2CCCCC(Cc3ccccc3)C2Cc2cnn(-c3ccccc3)c21
C1=C2CCCCC(Cc3ccccc3)C2Cc2cnn(-c3ccccc3)c21
C1=C2CCCCC(Cc3ccccc3)C2Cc2cnn(-c3ccccc3)c21
C1=C2CCCCC(Cc3ccccc3)C2Cc2cnn(-c3ccccc3)c21
C1=C2CCCC(Cc3ccccc3)C2Cc2cnn(-c3ccccc3)c21
C1=C2CCCC(Cc3ccccc3)C2Cc2cnn(-c3ccccc3)c21
C1=C2CCCC(Cc3ccccc3)C2Cc2cnn(-c3ccccc3)c21
C1=C2CCCC(Cc3ccccc3)C2Cc2cnn(-c3ccccc3)c21
C1=C2CCCC(Cc3ccccc3)C2Cc2cnn(-c3ccccc3)c21
C1=C2CCCC(Cc3ccccc3)C2Cc2cnn(-c3ccccc3)c21
C1=C2CCCC(Cc3ccccc3)C2Cc2cnn(-c3ccccc3)c21
C1=C2CCCC(Cc3ccccc3)C2Cc2cnn(-c3ccccc3)c21
C1=C2CCCC(Cc3ccccc3)C2Cc2cnn(-c3ccccc3)c21
C1=C2CCCC(Cc3ccccc3)C2Cc2cnn(-c3ccccc3)c21
C1=C2CCCC(Cc3ccccc3)C2Cc2cnn(-c3ccccc3)c21
C1=C2CCCC(Cc3ccccc3)C2Cc2cnn(-c3ccccc3)c21
C1=C2CCCC(Cc3ccccc3)C2Cc2cnn(-c3ccccc3)c21
C1=C2CCCC(Cc3ccccc3)C2Cc2cnn(-c3ccccc3)c21
C1=C2CCCC(Cc3ccccc3)C2Cc2cnn(-c3ccccc3)c21
C1=C2CCCC(Cc3ccccc3)C2Cc2cnn(-c3ccccc3)c21
C1=C2CCCC(Cc3ccccc3)C2Cc2cnn(-c3ccccc3)c21
C1=C2CCCC(Cc3ccccc3)C2Cc2cnn(-c3ccccc3)c21
C1=C2CCCC(Cc3ccccc3)C2Cc2cnn(-c3ccccc3)c21
C1=C2CCCC(Cc3ccccc3)C2Cc2cnn(-c3ccccc3)c21
C1=C2CCCC(Cc3ccccc3)C2Cc2cnn(-c3ccccc3)c21
C1=C2CCCC(Cc3ccccc3)C2Cc2cnn(-c3ccccc3)c21
C1=C2CCCC(Cc3ccccc3)C2Cc2cnn(-c3ccccc3)c21
C1=C2CCCC(Cc3ccccc3)C2Cc2cnn(-c3ccccc3)c21
C1=C2CCCC(Cc3ccccc3)C2Cc2cnn(-c3ccccc3)c21
C1=C2CCCC(Cc3ccccc3)C2Cc2cnn(-c3ccccc3)c21
C1=C2CCCC(Cc3ccccc3)C2Cc2cnn(-c3ccccc3)c21
C1=C2CCCC(Cc3ccccc3)C2Cc2cnn(-c3ccccc3)c21
C1=C2CCCC(Cc3ccccc3)C2Cc2cnn(-c3ccccc3)c21
C1=C2CCCC(Cc3ccccc3)C2Cc2cnn(-c3ccccc3)c21
C1=C2CCCC(Cc3ccccc3)C2Cc2cnn(-c3ccccc3)c21
C1=C2CCCC(Cc3ccccc3)C2Cc2cnn(-c3ccccc3)c21
C1=C2CCCC(Cc3ccccc3)C2Cc2cnn(-c3ccccc3)c21
C1=C2CCCC(Cc3ccccc3)C2Cc2cnn(-c3ccccc3)c21
C1=C2CCCC(Cc3ccccc3)C2Cc2cnn(-c3ccccc3)c21
C1=C2CCCC(Cc3ccccc3)C2Cc2cnn(-c3ccccc3)c21
C1=C2CCCC(Cc3ccccc3)C2Cc2cnn(-c3ccccc3)c21
C1=C2CCCC(Cc3ccccc3)C2Cc2cnn(-c3ccccc3)c21
C1=C2CCCC(Cc3ccccc3)C2Cc2cnn(-c3ccccc3)c21
C1=C2CCCC(Cc3ccccc3)C2Cc2cnn(-c3ccccc3)c21
C1=C2CCCC(Cc3ccccc3)C2Cc2cnn(-c3ccccc3)c21
C1=C2CCCC(Cc3ccccc3)C2Cc2cnn(-c3ccccc3)c21
C1=C2CCCCC(Cc3ccccc3)C2Cc2cnn(-c3ccccc3)c21
C1=C2CCCCC(Cc3ccccc3)C2Cc2cnn(-c3ccccc3)c21
C1=C2CCCCC(Cc3ccccc3)C2Cc2cnn(-c3ccccc3)c21
C1=C2CCCCC(Cc3ccccc3)C2Cc2cnn(-c3ccccc3)c21
C1=C2CCCCC(Cc3ccccc3)C2Cc2cnn(-c3ccccc3)c21
C1=C2CCCCC(Cc3ccccc3)C2Cc2cnn(-c3ccccc3)c21
C1=C2CCCCC(Cc3ccccc3)C2Cc2cnn(-c3ccccc3)c21
C1=C2CCCCC(Cc3ccccc3)C2Cc2cnn(-c3ccccc3)c21
C1=C2CCCCC(Cc3ccccc3)C2Cc2cnn(-c3ccccc3)c21
C1=C2CCCC(Cc3ccccc3)C2Cc2cnn(-c3ccccc3)c21
C1=C2CCCC(Cc3ccccc3)C2Cc2cnn(-c3ccccc3)c21
C1=C2CCCCC(Cc3ccccc3)C2Cc2cnn(-c3ccccc3)c21
C1=C2CCCCC(Cc3ccccc3)C2Cc2cnn(-c3ccccc3)c21
C1=C2CCCCCC(Cc3ccccc3)C2Cc2cnn(-c3ccccc3)c21
C1=C2CCCCCC(Cc3ccccc3)C2Cc2cnn(-c3ccccc3)c21
C1=C2CCCCCC(Cc3ccccc3)C2Cc2cnn(-c3ccccc3)c21
C1=C2CCCCCC(Cc3ccccc3)C2Cc2cnn(-c3ccccc3)c21
C1=C2CCCCC(Cc3ccccc3)C2Cc2cnn(-c3ccccc3)c21
C1=C2CCCCC(Cc3ccccc3)C2Cc2cnn(-c3ccccc3)c21
C1=C2CCCCCC(Cc3ccccc3)C2Cc2cnn(-c3ccccc3)c21
C1=C2CCCCCC(Cc3ccccc3)C2Cc2cnn(-c3ccccc3)c21
C1=C2CCCCCC(Cc3ccccc3)C2Cc2cnn(-c3ccccc3)c21
C1=C2CCCCCC(Cc3ccccc3)C2Cc2cnn(-c3ccccc3)c21
C1=C2CCCCCC(Cc3ccccc3)C2Cc2cnn(-c3ccccc3)c21
C1=C2CCCCC(Cc3ccccc3)C2Cc2cnn(-c3ccccc3)c21
C1=C2CCCCC(Cc3ccccc3)C2Cc2cnn(-c3ccccc3)c21
C1=C2CCCCC(Cc3ccccc3)C2Cc2cnn(-c3ccccc3)c21
C1=C2CCCCC(Cc3ccccc3)C2Cc2cnn(-c3ccccc3)c21
C1=C2CCCCC(Cc3ccccc3)C2Cc2cnn(-c3ccccc3)c21
C1=C2CCCCC(Cc3ccccc3)C2Cc2cnn(-c3ccccc3)c21
C1=C2CCCCC(Cc3ccccc3)C2Cc2cnn(-c3ccccc3)c21
C1=C2CCCCC(Cc3ccccc3)C2Cc2cnn(-c3ccccc3)c21
C1=C2CCCCC(Cc3ccccc3)C2Cc2cnn(-c3ccccc3)c21
C1=C2CCCCC(Cc3ccccc3)C2Cc2cnn(-c3ccccc3)c21
C1=C2CCCCC(Cc3ccccc3)C2Cc2cnn(-c3ccccc3)c21
C1=C2CCCCC(Cc3ccccc3)C2Cc2cnn(-c3ccccc3)c21
C1=C2CCCCC(Cc3ccccc3)C2Cc2cnn(-c3ccccc3)c21
C1=C2CCCCC(Cc3ccccc3)C2Cc2cnn(-c3ccccc3)c21
C1=C2CCCCC(Cc3ccccc3)C2Cc2cnn(-c3ccccc3)c21
C1=C2CCCCC(Cc3ccccc3)C2Cc2cnn(-c3ccccc3)c21
C1=C2CCCCC(Cc3ccccc3)C2Cc2cnn(-c3ccccc3)c21
C1=C2CCCCC(Cc3ccccc3)C2Cc2cnn(-c3ccccc3)c21
C1=C2CCCCC(Cc3ccccc3)C2Cc2cnn(-c3ccccc3)c21
C1=C2CCCCCC(Cc3ccccc3)C2Cc2cnn(-c3ccccc3)c21
C1=C2CCCCCC(Cc3ccccc3)C2Cc2cnn(-c3ccccc3)c21
C1=C2CCCCCC(Cc3ccccc3)C2Cc2cnn(-c3ccccc3)c21
C1=C2CCCCCC(Cc3ccccc3)C2Cc2cnn(-c3ccccc3)c21
C1=C2CCCCCC(Cc3ccccc3)C2Cc2cnn(-c3ccccc3)c21
C1=C2CCCCCC(Cc3ccccc3)C2Cc2cnn(-c3ccccc3)c21
C1=C2CCCCC(Cc3ccccc3)C2Cc2cnn(-c3ccccc3)c21
C1=C2CCCCC(Cc3ccccc3)C2Cc2cnn(-c3ccccc3)c21
C1=C2CCCCC(Cc3ccccc3)C2Cc2cnn(-c3ccccc3)c21
C1=C2CCCCC(Cc3ccccc3)C2Cc2cnn(-c3ccccc3)c21
C1=C2CCCCC(Cc3ccccc3)C2Cc2cnn(-c3ccccc3)c21
C1=C2CCCCC(Cc3ccccc3)C2Cc2cnn(-c3ccccc3)c21
C1=C2CCCCCC(Cc3ccccc3)C2Cc2cnn(-c3ccccc3)c21
C1=C2CCCCCC(Cc3ccccc3)C2Cc2cnn(-c3ccccc3)c21
C1=C2CCCCC(Cc3ccccc3)C2Cc2cnn(-c3ccccc3)c21
C1=C2CCCC(Cc3ccccc3)C2Cc2cnn(-c3ccccc3)c21
C1=C2CCCC(Cc3ccccc3)C2Cc2cnn(-c3ccccc3)c21
C1=C2CCCCC(Cc3ccccc3)C2Cc2cnn(-c3ccccc3)c21
C1=C2CCCCC(Cc3ccccc3)C2Cc2cnn(-c3ccccc3)c21
C1=C2CCCCC(Cc3ccccc3)C2Cc2cnn(-c3ccccc3)c21
C1=C2CCCCCC(Cc3ccccc3)C2Cc2cnn(-c3ccccc3)c21
C1=C2CCCCCC(Cc3ccccc3)C2Cc2cnn(-c3ccccc3)c21
C1=C2CCCCC(Cc3ccccc3)C2Cc2cnn(-c3ccccc3)c21
C1=C2CCCCC(Cc3ccccc3)C2Cc2cnn(-c3ccccc3)c21
C1=C2CCCCC(Cc3ccccc3)C2Cc2cnn(-c3ccccc3)c21
C1=C2CCCCC(Cc3ccccc3)C2Cc2cnn(-c3ccccc3)c21
C1=C2CCCCC(Cc3ccccc3)C2Cc2cnn(-c3ccccc3)c21
C1=C2CCCC(Cc3ccccc3)C2Cc2cnn(-c3ccccc3)c21
C1=C2CCCC(Cc3ccccc3)C2Cc2cnn(-c3ccccc3)c21
C1=C2CCCC(Cc3ccccc3)C2Cc2cnn(-c3ccccc3)c21
C1=C2CCCC(Cc3ccccc3)C2Cc2cnn(-c3ccccc3)c21
C1=C2CCCC(Cc3ccccc3)C2Cc2cnn(-c3ccccc3)c21
C1=C2CCCC(Cc3ccccc3)C2Cc2cnn(-c3ccccc3)c21
C1=C2CCCC(Cc3ccccc3)C2Cc2cnn(-c3ccccc3)c21
C1=C2CCCC(Cc3ccccc3)C2Cc2cnn(-c3ccccc3)c21
C1=C2CCCCC(Cc3ccccc3)C2Cc2cnn(-c3ccccc3)c21
C1=C2CCCCC(Cc3ccccc3)C2Cc2cnn(-c3ccccc3)c21
C1=C2CCCCC(Cc3ccccc3)C2Cc2cnn(-c3ccccc3)c21
C1=C2CCCCC(Cc3ccccc3)C2Cc2cnn(-c3ccccc3)c21
C1=C2CCCCCC(Cc3ccccc3)C2Cc2cnn(-c3ccccc3)c21
C1=C2CCCCCC(Cc3ccccc3)C2Cc2cnn(-c3ccccc3)c21
C1=C2CCCCC(Cc3ccccc3)C2Cc2cnn(-c3ccccc3)c21
C1=C2CCCCC(Cc3ccccc3)C2Cc2cnn(-c3ccccc3)c21
C1=C2CCCCC(Cc3ccccc3)C2Cc2cnn(-c3ccccc3)c21
C1=C2CCCCC(Cc3ccccc3)C2Cc2cnn(-c3ccccc3)c21
C1=C2CCCC(Cc3ccccc3)C2Cc2cnn(-c3ccccc3)c21
C1=C2CCCC(Cc3ccccc3)C2Cc2cnn(-c3ccccc3)c21
C1=C2CCCC(Cc3ccccc3)C2Cc2cnn(-c3ccccc3)c21
C1=C2CCCC(Cc3ccccc3)C2Cc2cnn(-c3ccccc3)c21
C1=C2CCCC(Cc3ccccc3)C2Cc2cnn(-c3ccccc3)c21
C1=C2CCCC(Cc3ccccc3)C2Cc2cnn(-c3ccccc3)c21
C1=C2CCCC(Cc3ccccc3)C2Cc2cnn(-c3ccccc3)c21
C1=C2CCCC(Cc3ccccc3)C2Cc2cnn(-c3ccccc3)c21
C1=C2CCCC(Cc3ccccc3)C2Cc2cnn(-c3ccccc3)c21
C1=C2CCCC(Cc3ccccc3)C2Cc2cnn(-c3ccccc3)c21
C1=C2CCCC(Cc3ccccc3CCC3CCC3)C2Cc2cnn(-c3ccccc3)c21
C1=C2CCCC(Cc3ccccc3CCC3CC3)C2Cc2cnn(-c3ccccc3)c21
C1=C2CCCC(Cc3ccccc3CCC3CC3)C2Cc2cnn(-c3ccccc3)c21
C1=C2CCCC(Cc3ccccc3CC3CC3)C2Cc2cnn(-c3ccccc3)c21
C1=C2CCCC(Cc3ccccc3CC3CS3)C2Cc2cnn(-c3ccccc3)c21
C1=C2CCCC(Cc3ccccc3C3CS3)C2Cc2cnn(-c3ccccc3)c21
C1=C2CCCC(CCc3ccccc3C3CS3)C2Cc2cnn(-c3ccccc3)c21
C1=C2CCCC(Cc3ccccc3C3CS3)C2Cc2cnn(-c3ccccc3)c21
C1=C(c2ccccc2CC2CCCC3=Cc4c(cnn4-c4ccccc4)CC32)S1
C1=C2CCCC(Cc3cccc4sccc34)C2Cc2cnn(-c3ccccc3)c21
C1=C2CCCC(Cc3cccc4sccc34)C2Cc2cnn(-c3ccccc3)c21
C1=C2CCCCC(Cc3cccc4sccc34)C2Cc2cnn(-c3ccccc3)c21
C1=C2CCCCC(Cc3cccc4ccsc34)C2Cc2cnn(-c3ccccc3)c21
C1=C2CCCC(Cc3cccc4ccsc34)C2Cc2cnn(-c3ccccc3)c21
C1=C2CCCC(Cc3cccc4ccsc34)C2Cc2cnn(-c3ccccc3)c21
C1=C2CCCC(CCc3csc4ccccc34)C2Cc2cnn(-c3ccccc3)c21
C1=C2CCCC(Cc3csc4ccccc34)C2Cc2cnn(-c3ccccc3)c21
C1=C2CCCC(Cc3csc4ccccc34)C2Cc2cnn(-c3ccccc3)c21
C1=CC(C2Oc3ccccc3-c3ccc4c(c32)C=CCN4)CC1
C1=CC(Cc2c(-c3ccccc3)ccc3c2C=CCN3)CC1
C1=CC(CCC2C=Cc3cc(-c4ccccc4)ccc3N2)CC1
C1=CC(CCC2C=Cc3cc(-c4ccccc4)ccc3N2)CC1
C1=CC(CCC2C=Cc3cc(-c4ccccc4)ccc3N2)CC1
C1=CC(CC2C=Cc3cc(-c4ccccc4)ccc3N2)CC1
C1=Cc2cc(-c3ccccc3)ccc2NC1
C1=Cc2cc(-c3ccccc3)ccc2NC1
C1=Cc2cc(-c3ccccc3)ccc2NC1
C1=Cc2cc(-c3ccccc3)ccc2NC1
C1=Cc2cc(-c3ccccc3)ccc2NC1
C1=Cc2cc(-c3ccccc3)ccc2NC1
c1ccc(-c2ccc3[nH]ccc3c2)cc1
c1ccc(-c2ccc3[nH]ccc3c2)cc1
c1ccc(-c2ccc3[nH]ccc3c2)cc1
c1ccc(CCCCc2cc3ccccc3[nH]2)cc1
c1ccc(CCCCc2cc3ccccc3[nH]2)cc1
c1ccc(CCCCc2cc3ccccc3[nH]2)cc1
c1ccc(CCCCc2cc3ccccc3[nH]2)cc1
c1ccc(CCCCc2cc3ccccc3[nH]2)cc1
c1ccc(CCCCc2cc3ccccc3[nH]2)cc1
c1ccc(CCCCc2cc3ccccc3[nH]2)cc1
c1ccc(CCCCc2cc3ccccc3[nH]2)cc1
c1ccc(CCCCc2cc3ccccc3[nH]2)cc1
c1ccc(CCCCc2cc3ccccc3[nH]2)cc1
c1ccc(CCCCc2cc3ccccc3[nH]2)cc1
c1ccc(CCCCc2cc3ccccc3[nH]2)cc1
c1ccc(CCCCc2cc3ccccc3[nH]2)cc1
c1ccc(CCCCc2cc3ccccc3[nH]2)cc1
c1ccc(CCCCc2cc3ccccc3[nH]2)cc1
c1ccc(CCCCc2cc3ccccc3[nH]2)cc1
c1ccc(CCCCc2cc3ccccc3[nH]2)cc1
c1ccc(CCCCc2cc3ccccc3[nH]2)cc1
c1ccc(CCCCc2cc3ccccc3[nH]2)cc1
c1ccc(CCCCc2cc3ccccc3[nH]2)cc1
c1ccc(CCCCc2cc3ccccc3[nH]2)cc1
c1ccc(CCCCc2cc3ccccc3[nH]2)cc1
c1ccc(CCCCc2cc3ccccc3[nH]2)cc1
c1ccc(CCCCc2cc3ccccc3[nH]2)cc1
c1ccc(CCCCc2cc3ccccc3[nH]2)cc1
C1=CC(C2Oc3ccccc3-c3ccc4c(c32)C=CCN4)CC1
C1=CC(C2Oc3ccccc3-c3ccc4c(c32)C=CCN4)CC1
C1=CC(COc2ccccc2-c2ccc3c(c2)C=CCN3)CC1
C1=CC(COCC2=CCNc3ccc(-c4ccccc4)cc32)CC1
C1=Cc2cc(-c3ccccc3)ccc2NC1
C1=Cc2cc(-c3ccccc3)ccc2NC1
C1=Cc2cc(-c3ccccc3)ccc2NC1
C1=Cc2cc(-c3ccccc3)ccc2NC1
C1=Cc2cc(-c3ccccc3)ccc2NC1
C1=Cc2cc(-c3ccccc3)ccc2NC1
C1=Cc2cc(-c3ccccc3)ccc2NC1
C1=Cc2cc(-c3ccccc3)ccc2NC1
C1=Cc2cc(-c3ccccc3)ccc2NC1
C1=Cc2cc(-c3ccccc3)ccc2NC1
C1=Cc2cc(-c3ccccc3)ccc2NC1
C1=Cc2cc(-c3ccccc3)ccc2NC1
C1=Cc2cc(-c3ccccc3)ccc2NC1
C1=C(CSCCCC2=NCC2)c2cc(-c3ccccc3)ccc2NC1
C1=C(CSCCCC2=NC2)c2cc(-c3ccccc3)ccc2NC1
C1=C(CSCCCCC2=NC2)c2cc(-c3ccccc3)ccc2NC1
C1=C(CSCCCCC2=NN2)c2cc(-c3ccccc3)ccc2NC1
C1=C(CSCCCCC2=NN2)c2cc(-c3ccccc3)ccc2NC1
C1=C(CSCCCCC2=NN2)c2cc(-c3ccccc3)ccc2NC1
C1=C(CSCCCCC2=NO2)c2cc(-c3ccccc3)ccc2NC1
C1=C(CSCCCCC2=NO2)c2cc(-c3ccccc3)ccc2NC1
C1=C(CSCCCCCC2=NO2)c2cc(-c3ccccc3)ccc2NC1
C1=C(CCCCCSCC2=CCNc3ccc(-c4ccccc4)cc32)O1
C1=C(CCCCSCC2=CCNc3ccc(-c4ccccc4)cc32)O1
C1=Cc2cc(-c3ccccc3)ccc2NC1
C1=Cc2cc(-c3ccccc3)ccc2NC1
C1=Cc2cc(-c3ccccc3)ccc2NC1
C1=Cc2cc(-c3ccccc3)ccc2NC1
C1=Cc2cc(-c3ccccc3)ccc2NC1
C1=Cc2cc(-c3ccccc3)ccc2NC1
C1=Cc2cc(-c3ccccc3)ccc2NC1
C1=Cc2cc(-c3ccccc3)ccc2NC1
C1=Cc2cc(-c3ccccc3)ccc2NC1
C1=C(CSCCOC2CC2)c2cc(-c3ccccc3)ccc2NC1
C1=C(CSCCOC2CC2)c2cc(-c3ccccc3)ccc2NC1
C1=C(CSCCOC2CC2)c2cc(-c3ccccc3)ccc2NC1
C1=C(CSCCOC2CC2)c2cc(-c3ccccc3)ccc2NC1
C1=C(CSCCCC2CC2)c2cc(-c3ccccc3)ccc2NC1
C1=C(CCCSCC2=CCNc3ccc(-c4ccccc4)cc32)C1
C1=C(CCCSCC2=CCNc3ccc(-c4ccccc4)cc32)C1
C1=C(OCCCSCC2=CCNc3ccc(-c4ccccc4)cc32)C1
C1=C(OCCSCC2=CCNc3ccc(-c4ccccc4)cc32)C1
C1=C(OCCSCC2=CCNc3ccc(-c4ccccc4)cc32)C1
C1=C(OCCSCC2=CCNc3ccc(-c4ccccc4)cc32)C1
C1=C(CCCSCC2=CCNc3ccc(-c4ccccc4)cc32)C1
C1=C(CCCSCC2=CCNc3ccc(-c4ccccc4)cc32)C1
O=c1cc1CCCSCC1=CCNc2ccc(-c3ccccc3)cc21
C=C1C=C1CCCSCC1=CCNc2ccc(-c3ccccc3)cc21
C1=CC1=CCCSCC1=CCNc2ccc(-c3ccccc3)cc21
C1=CC1=CCCSCC1=CCNc2ccc(-c3ccccc3)cc21
C1=CC1=CCCSCC1=CCNc2ccc(-c3ccccc3)cc21
C1=CC1=CCCSCC1=CCNc2ccc(-c3ccccc3)cc21
C1=CCCC(CCSCC2=CCNc3ccc(-c4ccccc4)cc32)=C1
C1=C(CSCCc2ccccc2)c2cc(-c3ccccc3)ccc2NC1
C1=CC(C2Oc3ccccc3-c3ccc4c(c32)C=CCN4)CC1
C1=Cc2c(ccc3c2COc2ccccc2-3)NC1
C1=Cc2c(ccc3c2COCc2ccccc2-3)NC1
c1ccc2c(c1)COCc1ccccc1-2
c1ccc2c(c1)COCc1ccccc1-2
c1ccc2c(c1)CCOCc1ccccc1-2
c1ccc2c(c1)CCOCc1ccccc1-2
c1ccc2c(c1)CCOCc1ccccc1-2
c1ccc2c(c1)CCOCc1ccccc1-2
c1ccc2c(c1)CCOCc1ccccc1-2
c1ccc2c(c1)CCOc1ccccc1-2
c1ccc2c(c1)CCOc1ccccc1-2
c1ccc2c(c1)CCOc1ccccc1-2
c1ccc2c(c1)CCOc1ccccc1-2
c1ccc2c(c1)CCOc1ccccc1-2
c1ccc2c(c1)CCOc1ccccc1-2
c1ccc2c(c1)CCOc1ccccc1-2
c1ccc2c(c1)CCOc1ccccc1-2
c1ccc2c(c1)CCOc1ccccc1-2
c1ccc2c(c1)CCOc1ccccc1-2
c1ccc2c(c1)CCOc1ccccc1-2
c1ccc2c(c1)CCOc1ccccc1-2
c1ccc2c(c1)CCOc1ccccc1-2
c1ccc2c(c1)CCOc1ccccc1-2
c1ccc2c(c1)CCOc1ccccc1O2
c1ccc2c(c1)CCOc1ccccc1O2
c1ccc2c(c1)CCOc1ccccc1O2
c1ccc2c(c1)CCOc1ccccc1O2
c1ccc2c(c1)CCOc1ccccc1O2
c1ccc2c(c1)CCOc1ccccc1O2
c1ccc2c(c1)CCOc1ccccc1O2
c1ccc2c(c1)CCOc1ccccc1O2
c1ccc2c(c1)CCOc1ccccc1O2
c1ccc2c(c1)CCOc1ccccc1O2
c1ccc2c(c1)CCOc1ccccc1O2
c1ccc2c(c1)CCOc1ccccc1O2
c1ccc2c(c1)CCOc1ccccc1O2
c1ccc2c(c1)CCOc1ccccc1O2
c1ccc2c(c1)CCOc1ccccc1O2
c1ccc2c(c1)CCOc1ccccc1O2
c1ccc2c(c1)CCOc1ccccc1O2
c1ccc2c(c1)CCOc1ccccc1O2
c1ccc2c(c1)CCOc1ccccc1O2
c1ccc2c(c1)CCOc1ccccc1O2
c1ccc2c(c1)CCOc1ccccc1O2
c1ccc2c(c1)CCOc1ccccc1O2
c1ccc2c(c1)CCOc1ccccc1O2
c1ccc2c(c1)CCOc1ccccc1O2
c1ccc2c(c1)CCOc1ccccc1O2
c1ccc2c(c1)CCOc1ccccc1O2
c1ccc2c(c1)CCOc1ccccc1O2
c1ccc2c(c1)CCOc1ccccc1O2
c1ccc2c(c1)CCOc1ccccc1O2
c1ccc2c(c1)CCOc1ccccc1C2
c1ccc2c(c1)CCOc1ccccc1C2
c1ccc2c(c1)CCOc1ccccc1C2
c1ccc2c(c1)CCOc1ccccc1C2
O=C1c2ccccc2CCOc2ccccc21
O=C1c2ccccc2CCOc2ccccc21
O=C1c2ccccc2CCOc2ccccc21
O=C1c2ccccc2CCOc2ccccc21
O=C1c2ccccc2CCOc2ccccc21
O=C1c2ccccc2CCOc2ccccc21
O=C1c2ccccc2CCOc2ccccc21
O=C1c2ccccc2CCOc2ccccc21
O=C1c2ccccc2CCOc2c(CCCCC3CC3)cccc21
O=C1c2ccccc2CCOc2c(CCCCC3CCC3)cccc21
O=C1c2ccccc2CCOc2c(CCCCC3CCC3)cccc21
O=C1c2ccccc2CCOc2c(CCCCC3CCCC3)cccc21
O=C1c2ccccc2CCOc2ccccc21
O=C1c2ccccc2CCOc2ccccc21
O=C1c2ccccc2CCOc2c(CCCCC3CCCC3)cccc21
O=C1c2ccccc2CCOc2c(CCCCC3C4CCC34)cccc21
O=C1c2ccccc2CCOc2c(CCCCCC3CC3)cccc21
O=C1c2ccccc2CCOc2c(CCCCCC3CC3)cccc21
O=C1c2ccccc2CCOc2ccccc21
O=C1c2ccccc2CCOc2ccccc21
O=C1c2ccccc2CCOc2ccccc21
O=C1c2ccccc2CCOc2ccccc21
O=C1c2ccccc2CCOc2ccccc21
O=C1c2ccccc2CCOc2ccccc21
O=C1c2ccccc2CCOc2ccccc21
O=C1c2ccccc2CCOc2c(CCCCN3CC3)cccc21
O=C1c2ccccc2CCOc2c(CCCCN3CC3)cccc21
O=C1c2ccccc2CCOc2c(CCCCN3CC3)cccc21
O=C1c2ccccc2CCOc2c(CCCCN3CC3)cccc21
O=C1c2ccccc2CCOc2c(CCCCN3CC3)cccc21
O=C1c2ccccc2CCOc2c(CCCCN3CC3)cccc21
O=C1c2ccccc2CCOc2c(CCCCN3CC3)cccc21
O=C1c2ccccc2CCOc2c(CCCCN3CC3)cccc21
O=C1c2ccccc2CCOc2c(CCCCN3CC3)cccc21
O=C1c2ccccc2CCOc2c(CCCCN3CC3)cccc21
O=C1c2ccccc2CCOc2c(CCCCN3CCC3)cccc21
O=C1c2ccccc2CCOc2c(CCCCN3CCC3)cccc21
O=C1c2ccccc2CCOc2c(CCCCN3CCCC3)cccc21
O=C1c2ccccc2CCOc2c(CCCCN3CCCC3)cccc21
O=C1c2ccccc2CCOc2c(CCCCN3CCCC3)cccc21
O=C1c2ccccc2CCOc2c(CCCCN3CCCCC3)cccc21
O=C1c2ccccc2CCOc2c(CCCCN3CCCCC3)cccc21
O=C1c2ccccc2CCOc2c(CCCCN3CCCCC3)cccc21
O=C1c2ccccc2CCOc2c(CCCCN3CCCCC3)cccc21
O=C1CCCCN1CCCCc1cccc2c1OCCc1ccccc1C2
O=C1CCCCCN1CCCCc1cccc2c1OCCc1ccccc1C2
O=C1CCCCCCN1CCCCc1cccc2c1OCCc1ccccc1C2
O=C1CCCCN1CCCCc1cccc2c1OCCc1ccccc1C2
O=C1CCCN1CCCCc1cccc2c1OCCc1ccccc1C2
O=C1CCCN1CCCCc1cccc2c1OCCc1ccccc1C2
O=C1CCCN1CCCCc1cccc2c1OCCc1ccccc1C2
O=C1CCN1CCCCc1cccc2c1OCCc1ccccc1C2
O=C1CCCCN1CCCCc1cccc2c1OCCc1ccccc1C2
O=C1CCCCN1CCCCc1cccc2c1OCCc1ccccc1C2
O=C1CCCCN1CCCCc1cccc2c1OCCc1ccccc1C2
O=C1CCCCN1CCCCc1cccc2c1OCCc1ccccc1C2
O=C1CCCN1CCCCc1cccc2c1OCCc1ccccc1C2
O=C1CCCN1CCCCc1cccc2c1OCCc1ccccc1C2
O=C1CCCN1CCCCc1cccc2c1OCCc1ccccc1C2
O=C1CCCN1CCCCc1cccc2c1OCCc1ccccc1C2
O=C1CCCN1CCCCc1cccc2c1OCCc1ccccc1C2
O=C1CCN1CCCCc1cccc2c1OCCc1ccccc1C2
O=C1CN1CCCCc1cccc2c1OCCc1ccccc1C2
O=C1CN1CCCCc1cccc2c1OCCc1ccccc1C2
O=C1CCN1CCCCc1cccc2c1OCCc1ccccc1C2
O=C1CCN1CCCCc1cccc2c1OCCc1ccccc1C2
O=C1CCN1CCCCc1cccc2c1OCCc1ccccc1C2
O=C1CCN1CCCCc1cccc2c1OCCc1ccccc1C2
O=C1CCN1CCCCc1cccc2c1OCCc1ccccc1C2
O=C1CCN1CCCCc1cccc2c1OCCc1ccccc1C2
O=C1CCN1CCCCc1cccc2c1OCCc1ccccc1C2
O=C1CC(=O)N1CCCCc1cccc2c1OCCc1ccccc1C2
O=C1CC(=O)N1CCCCc1cccc2c1OCCc1ccccc1C2
O=C1CC(=O)N1CCCCc1cccc2c1OCCc1ccccc1C2
O=C1CCC(=O)N1CCCCc1cccc2c1OCCc1ccccc1C2
O=C1CCC(=O)N1CCCCc1cccc2c1OCCc1cc3c(cc1C2)CCCC3
O=C1CCC(=O)N1CCCCc1cccc2c1OCCc1ccccc1C2
O=C1CCC(=O)N1CCCCc1cccc2c1OCCc1ccccc1C2
O=C1CCC(=O)N1CCCCc1cccc2c1OCCc1ccccc1C2
O=C1CCC(=O)N1CCCCc1cccc2c1OCCc1cc3c(cc1C2)CCCC3
O=C1CCC(=O)N1CCCCc1cccc2c1OCCc1cc3c(cc1C2)CCC3
O=C1CCC(=O)N1CCCCc1cccc2c1OCCc1ccccc1C2
O=C1CCC(=O)N1CCCCc1cccc2c1OCCc1cc(CC3CC3)ccc1C2
O=C1CCCC(=O)N1CCCCc1cccc2c1OCCc1cc(CC3CC3)ccc1C2
O=C1CCCC(=O)N1CCCCc1cccc2c1OCCc1cc(C3CC3)ccc1C2
O=C1CCCC(=O)N1CCCCc1cccc2c1OCCc1ccccc1C2
O=C1CCCCC(=O)N1CCCCc1cccc2c1OCCc1ccccc1C2
O=C1C2CCC2C(=O)N1CCCCc1cccc2c1OCCc1ccccc1C2
O=C1C2COCC2C(=O)N1CCCCc1cccc2c1OCCc1ccccc1C2
O=C1C2COCC2C(=O)N1CCCCc1cccc2c1OCCc1ccccc1C2
O=C1CCC(=O)N1CCCCc1cccc2c1OCCc1ccccc1C2
O=C1CCCC(=O)N1CCCCc1cccc2c1OCCc1ccccc1C2
O=C1CCCC(=O)N1CCCCc1cccc2c1OCCc1ccccc1C2
O=C1CCCCC(=O)N1CCCCc1cccc2c1OCCc1ccccc1C2
O=C1CCCCC(=O)N1CCCCc1cccc2c1OCCc1ccccc1C2
O=C1CCCCCN1CCCCc1cccc2c1OCCc1ccccc1C2
O=C1CCCCCN1CCCCc1cccc2c1OCCc1ccccc1C2
O=C1CCCCN1CCCCc1cccc2c1OCCc1ccccc1C2
O=C1CCCN1CCCCc1cccc2c1OCCc1ccccc1C2
O=C1CCCN1CCCCc1cccc2c1OCCc1ccccc1C2
O=C1CCN1CCCCc1cccc2c1OCCc1ccccc1C2
O=C1CN1CCCCc1cccc2c1OCCc1ccccc1C2
O=C1CN1CCCCc1cccc2c1OCCc1ccccc1C2
O=C1CN1CCCCc1cccc2c1OCCc1ccccc1C2
c1ccc2c(c1)CCOc1c(CCCCN3CC3)cccc1C2
c1ccc2c(c1)CCOc1c(CCCCN3CC3)cccc1C2
c1ccc2c(c1)CCOc1c(CCCCN3CC3)cccc1C2
c1ccc2c(c1)CCOc1c(CCCCN3CCC3)cccc1C2
c1ccc2c(c1)CCOc1c(CCCCN3CCC3)cccc1C2
c1ccc2c(c1)CCOc1c(CCCCN3CCC3)cccc1C2
c1ccc2c(c1)CCOc1c(CCCCN3CCCC3)cccc1C2
c1ccc2c(c1)CCOc1c(CCCCN3CCCC3)cccc1C2
c1ccc2c(c1)CCOc1c(CCCCN3CCCC3)cccc1C2
c1ccc2c(c1)CCOc1c(CCCCN3CCCCC3)cccc1C2
c1ccc2c(c1)CCOc1c(CCCCN3CCCCC3)cccc1C2
c1ccc2c(c1)CCOc1c(CCCCN3CCCC3)cccc1C2
c1ccc2c(c1)CCOc1c(CCCCN3CCCC3)cccc1C2
c1ccc2c(c1)CCOc1c(CCCCN3CCCC3)cccc1C2
c1ccc2c(c1)CCOc1c(CCCCN3CCC3)cccc1C2
c1ccc2c(c1)CCOc1c(CCCCN3CCC3)cccc1C2
c1ccc2c(c1)CCOc1c(CCCCN3CCC3)cccc1C2
c1ccc2c(c1)CCOc1c(CCCCN3CC3)cccc1C2
C1=CN1CCCCc1cccc2c1OCCc1ccccc1C2
C1=CN1CCCCc1cccc2c1OCCc1ccccc1C2
C1=CN1CCCCc1cccc2c1OCCc1ccccc1C2
C1=CN1CCCCc1cccc2c1OCCc1ccccc1C2
C1=CN1CCCCc1cccc2c1OCCc1ccccc1C2
C1=CN1CCCCc1cccc2c1OCCc1ccccc1C2
C1=CN1CCCCc1cccc2c1OCCc1ccccc1C2
C1=CN1CCCCc1cccc2c1OCCc1ccccc1C2
c1ccc2c(c1)CCOc1c(CCCCn3c4oc3=4)cccc1C2
c1ccc2c(c1)CCOc1c(CCCCn3c4oc3=4)cccc1C2
C1=CN1CCCCc1cccc2c1OCCc1ccccc1C2
C1=CN1CCCCc1cccc2c1OCCc1ccccc1C2
C1=CN1CCCCc1cccc2c1OCCc1ccccc1C2
C1=CN1CCCCc1cccc2c1OCCc1ccccc1C2
C1=CN1CCCCc1cccc2c1OCCc1ccccc1C2
C1=CN1CCCCc1cccc2c1OCCc1ccccc1C2
C1=CN1CCCCc1cccc2c1OCCc1ccccc1C2
C1=CN1CCCCc1cccc2c1OCCc1ccccc1C2
C1=CN1CCCCc1cccc2c1OCCc1ccccc1C2
C1=CN1CCCCc1cccc2c1OCCc1ccccc1C2
c1ccc2c(c1)CCOc1c(CCCCN3C4=C3C4)cccc1C2
c1ccc2c(c1)CCOc1c(CCCCN3C4=C3C4)cccc1C2
c1ccc2c(c1)CCOc1c(CCCCN3C4=C3C4)cccc1C2
c1ccc2c(c1)CCOc1c(CCCCN3C4=C3C4)cccc1C2
c1ccc2c(c1)CCOc1c(CCCCN3C4=C3C4)cccc1C2
c1ccc2c(c1)CCOc1c(CCCCN3C4=C3C4)cccc1C2
c1ccc2c(c1)CCOc1c(CCCCN3C4=C3C4)cccc1C2
c1ccc2c(c1)CCOc1c(CCCCN3CCC3)cccc1C2
c1ccc2c(c1)CCOc1c(CCCCN3CCC3)cccc1C2
O=C1CCN1CCCCc1cccc2c1OCCc1ccccc1C2
O=C1CCN1CCCCc1cccc2c1OCCc1ccccc1C2
O=C1CCN1CCCCc1cccc2c1OCCc1ccccc1C2
O=C1CCN1CCCCc1cccc2c1OCCc1ccccc1C2
O=C1CCN1CCCCc1cccc2c1OCCc1cc(CN3CCC3)ccc1C2
O=C1CCN1CCCCc1cccc2c1OCCc1cc(CN3CC3)ccc1C2
O=C1CCN1CCCCc1cccc2c1OCCc1cc(CC3CC3)ccc1C2
O=C1CCN1CCCCc1cccc2c1OCCc1ccccc1C2
O=C1CCN1CCCCc1cccc2c1OCCc1ccccc1C2
O=C1CCN1CCCCc1cccc2c1OCCc1ccccc1C2
O=C1CCN1CCCCc1cccc2c1OCCc1ccccc1C2
O=C1CCN1CCCCc1cccc2c1OCCc1ccccc1C2
O=C1CCN1CCCCc1cccc2c1OCCc1ccccc1C2
c1ccc2c(c1)CCOc1c(CCCCN3CCC3)cccc1C2
c1ccc2c(c1)CCOc1c(CCCCN3CCC3)cccc1C2
c1ccc2c(c1)CCOc1c(CCCCN3CCC3)cccc1C2
c1ccc2c(c1)CCOc1c(CCCCN3CCCC3)cccc1C2
c1ccc2c(c1)CCOc1c(CCCCN3CCCC3)cccc1C2
c1ccc2c(c1)CCOc1c(CCCCN3CCCCC3)cccc1C2
c1ccc2c(c1)CCOc1c(CCCCN3CCCCC3)cccc1C2
c1ccc2c(c1)CCOc1c(CCCCN3CCCCCC3)cccc1C2
c1ccc2c(c1)CCOc1c(CCCCN3CCCCCC3)cccc1C2
O=C1CCCN(CCCCc2cccc3c2OCCc2ccccc2C3)CC1
O=C1CCCN(CCCCc2cccc3c2OCCc2cc4c(cc2C3)CC4)CC1
O=C1CCN(CCCCc2cccc3c2OCCc2cc4c(cc2C3)CC4)CC1
O=C1CCN(CCCCc2cccc3c2OCCc2cc4c(cc2C3)C4)CC1
O=C1CCN(CCCCc2cccc3c2OCCc2cc4c(cc2C3)C4)C1
O=C1CN(CCCCc2cccc3c2OCCc2cc4c(cc2C3)C4)C1
c1cc(CCCCN2CCC2)c2c(c1)Cc1cc3c(cc1CCO2)C3
c1cc(CCCCN2CCC2)c2c(c1)Cc1c(c3c4c(c1-3)C4)CCO2
c1cc(CCCCN2CCC2)c2c(c1)Cc1c3ccc-3c1CCO2
c1cc(CCCCN2CCCC2)c2c(c1)Cc1c3ccc-3c1CCO2
c1cc(CCCCN2CCCC2)c2c(c1)Cc1c3ccc-3c1CCO2
c1cc(CCCCN2CCCC2)c2c(c1)CC1=C3CC3=C1CCO2
C1=C2CCOc3c(CCCCN4CCCC4)cccc3CC2=C1
C=C1CCOc2c(CCCCN3CCCC3)cccc2CC1=C
C=C1CCOc2c(CCCCN3CCCC3)cccc2CC1
c1cc2c(c(CCCCN3CCCC3)c1)OCCCCC2
c1cc2c(c(CCCCN3CCCC3)c1)OCCCC2
c1cc2c(c(CCCCN3CCCCC3)c1)OCCCC2
c1cc(CCCCN2CCCCC2)c2c(c1)CCCO2
c1cc(CCCCN2CCCCC2)c2c(c1)CCO2
C1=CN(CCCCc2cccc3c2OCC3)CCC1
C1=CN(CCCCc2cccc3c2OCC3)C=CC1
c1cc(CCCCn2cccc2)c2c(c1)CCO2
c1cc(CCCCn2cccc2)c2c(c1)CCO2
c1cc(CCCCn2cccc2)c2c(c1)CCO2
c1cc(CCCCn2cccc2)c2c(c1)CCCO2
c1cc(CCCCn2cccc2)c2c(c1)CCCO2
c1cc(CCCCn2cccc2)c2c(c1)CCCO2
c1cc(CCCCn2cccc2)c2c(c1)CCCO2
c1cc(CCCCn2cccc2)c2c(c1)CCCO2
c1cc(CCCCn2cccc2)c2c(c1)CCO2
c1cc(CCCCn2cccc2)c2c(c1)CCO2
c1cc(CCCCn2cccc2)c2c(c1)CCO2
c1cc(CCCCn2cc3c(c2)CCC3)c2c(c1)CCO2
c1cc(CCCCn2cc3c(c2)CCCC3)c2c(c1)CCO2
c1cc(CCCCn2cccc2)c2c(c1)CCO2
c1cc(CCCCn2cccc2)c2c(c1)CCO2
c1cc(CCCCn2cccc2)c2c(c1)CCO2
c1cc(CCCCn2cccc2)c2c(c1)CCO2
c1cc(CCCCn2cccc2)c2c(c1)CCO2
c1cc(CCCCn2cccc2)c2c(c1)CCO2
c1cc(CCCCn2cccc2)c2c(c1)CCO2
c1cc(CCCCn2cccc2)c2c(c1)CCO2
c1cc(CCCCn2cccc2)c2c(c1)CCO2
O=c1ccn(CCCCc2cccc3c2OCC3)cc1
O=c1ccn(CCCCc2cccc3c2OCC3)cc1
O=c1ccn(CCCCc2cccc3c2OCC3)cc1
O=c1ccn(CCCCc2cccc3c2OCC3)cc1
C1=CC(C2Oc3ccccc3-c3ccc4c(c32)C=CCN4)CC1
C1=CC(C2Oc3ccccc3-c3ccccc32)CC1
c1ccc2c(c1)OC(C1CCC1)c1ccccc1-2
c1ccc2c(c1)OC(=C1CCC1)c1ccccc1-2
c1ccc2c(c1)OC(=C1CCC1)c1ccccc1-2
c1ccc2c(c1)OC(=C1CCC1)c1ccccc1-2
c1ccc2c(c1)OC(=C1CCCC1)c1ccccc1-2
c1ccc2c(c1)OC(=C1CCCC1)c1ccccc1-2
c1ccc2c(c1)OC(=C1CCCC1)c1ccccc1-2
c1ccc2c(c1)OC(=C1CCCC1)c1ccccc1-2
c1ccc2c(c1)OC(=C1CCCC1)c1ccccc1-2
c1ccc2c(c1)OC(=C1CCCC1)c1ccccc1-2
c1ccc2c(c1)OC1(CCCC1)c1ccccc1-2
c1ccc2c(c1)COC1(CCCC1)c1ccccc1-2
c1ccc(-c2ccccc2C2CCCC2)cc1
c1ccc2c(c1)OCOC1(CCCC1)c1ccccc1-2
c1ccc2c(c1)CCOC1(CCCC1)c1ccccc1-2
c1ccc2c(c1)CCOC1(CCCC1)c1ccccc1-2
c1ccc2c(c1)CCOC1(CCCCC1)c1ccccc1-2
c1ccc2c(c1)CCCC1(CCCCC1)c1ccccc1-2
c1ccc2c(c1)CCCCc1ccccc1-2
c1ccc2c(c1)CCCCc1ccccc1-2
c1ccc2c(c1)CCCCc1ccccc1-2
c1ccc2c(c1)CCCCc1ccccc1-2
c1ccc2c(c1)CCCCc1ccccc1-2
c1ccc2c(c1)CCCCc1ccccc1-2
c1ccc2c(c1)CCCCc1ccccc1-2
c1ccc2c(c1)CCCCc1ccccc1-2
c1ccc2c(c1)CCCCc1ccccc1-2
c1ccc2c(c1)CCCCc1ccccc1-2
c1ccc2c(c1)CCCCc1ccccc1-2
c1ccc2c(c1)CCCCc1ccccc1-2
c1ccc2c(c1)CCCCc1ccccc1-2
c1ccc2c(c1)CCCCc1ccccc1-2
c1ccc2c(c1)CCCCc1ccccc1-2
c1ccc2c(c1)CCCCc1ccccc1-2
c1ccc2c(c1)CCCCc1ccccc1-2
c1ccc2c(c1)CCCCc1ccccc1-2
c1ccc2c(c1)CCCCc1ccccc1-2
c1ccc2c(c1)CCCCc1ccccc1-2
c1ccc2c(c1)CCCCc1ccccc1-2
c1ccc2c(c1)CCCCc1ccccc1-2
c1ccc2c(c1)CCCCc1ccccc1-2
c1ccc2c(c1)CCCCc1ccccc1-2
c1ccc2c(c1)CCCCc1ccccc1-2
c1ccc2c(c1)CCCCc1ccccc1-2
c1ccc2c(c1)CCCCc1ccccc1-2
c1ccc2c(c1)CCCCc1ccccc1-2
c1ccc2c(c1)CCCCc1ccccc1-2
c1ccc2c(c1)CCCCc1ccccc1-2
c1ccc2c(c1)CCCCc1ccccc1-2
c1ccc2c(c1)CCCCc1ccccc1-2
c1ccc2c(c1)CCCCc1ccccc1-2
c1ccc2c(c1)CCCCc1ccccc1-2
c1ccc2c(c1)CCCCc1ccccc1-2
c1ccc2c(c1)CCCCc1ccccc1-2
c1ccc2c(c1)CCCCc1ccccc1-2
c1ccc2c(c1)CCCCc1ccccc1-2
c1ccc2c(c1)CCCCc1ccccc1-2
c1ccc2c(c1)CCCCc1ccccc1-2
c1ccc2c(c1)CCCCc1ccccc1-2
c1ccc2c(c1)CCCCc1ccccc1-2
c1ccc2c(c1)CCCCc1ccccc1-2
c1ccc2c(c1)CCCCc1ccccc1-2
c1ccc2c(c1)CCCCc1ccccc1-2
c1ccc2c(c1)CCCCc1ccccc1-2
c1ccc2c(c1)CCCCc1ccccc1-2
c1ccc2c(c1)CCCCc1ccccc1-2
c1ccc2c(c1)CCCCc1ccccc1-2
c1ccc2c(c1)CCCCc1ccccc1-2
c1ccc2c(c1)CCCCc1ccccc1-2
c1ccc2c(c1)CCCCc1ccccc1-2
O=C(CCC1CC1)Nc1ccc2c(c1)-c1ccccc1CCCC2
O=C(CCC1CCC1)Nc1ccc2c(c1)-c1ccccc1CCCC2
O=C(CCC1CCCO1)Nc1ccc2c(c1)-c1ccccc1CCCC2
O=C(CCC1CCCO1)Nc1ccc2c(c1)-c1ccccc1CCCC2
O=C(CCC1CCCO1)Nc1ccc2c(c1)-c1ccccc1CCCC2
O=C(CCC1CCCO1)Nc1ccc2c(c1)-c1ccccc1CCCC2
c1ccc2c(c1)CCCCc1ccccc1-2
O=C(CCC1CO1)Nc1ccc2c(c1)-c1ccccc1CCCC2
O=C(CCC1CCO1)Nc1ccc2c(c1)-c1ccccc1CCCC2
O=C(CCC1CCO1)Nc1ccc2c(c1)-c1ccccc1CCCC2
O=C(CCC1CCO1)Nc1ccc2c(c1)-c1ccccc1CCCC2
O=C(CCC1CO1)Nc1ccc2c(c1)-c1ccccc1CCCC2
O=C(CCC1CO1)Nc1ccc2c(c1)-c1ccccc1CCCC2
O=C(CCC1CO1)Nc1ccc2c(c1)-c1ccccc1CCCC2
O=C(CCC1CO1)Nc1ccc2c(c1)-c1ccccc1CCCC2
O=C(CCC1CO1)Nc1ccc2c(c1)-c1ccccc1CCCC2
O=C(CCC1OC1=O)Nc1ccc2c(c1)-c1ccccc1CCCC2
O=C(CCC1COC1=O)Nc1ccc2c(c1)-c1ccccc1CCCC2
O=C(CCC1CCC1=O)Nc1ccc2c(c1)-c1ccccc1CCCC2
O=C(CCC1CCC1=O)Nc1ccc2c(c1)-c1ccccc1CCCC2
O=C(CCC1CCCC1=O)Nc1ccc2c(c1)-c1ccccc1CCCC2
O=C(CCC1CCCC1=O)Nc1ccc2c(c1)-c1ccccc1CCCC2
O=C(CCC1CCCC1=O)Nc1ccc2c(c1)-c1ccccc1CCC2
O=C(CCC1CCCCC1=O)Nc1ccc2c(c1)-c1ccccc1CCC2
O=C(CCC1CCCCC1=O)Nc1ccc2c(c1)-c1ccccc1CCC2
O=C(CCC1CCCCC1=O)Nc1ccc2c(c1)-c1ccccc1CCC2
O=C(CCC1CCCCC1=O)Nc1ccc2c(c1)-c1ccccc1CCC2
O=C(CCC1CCCCC1=O)Nc1ccc2c(c1)-c1ccccc1CCC2
O=C(CCC1CCCCC1=O)Nc1ccc2c(c1)-c1ccccc1CCC2
O=C(CCC1CCCCC1=O)Nc1ccc2c(c1)-c1ccccc1CCC2
O=C(CCC1CCCCCC1=O)Nc1ccc2c(c1)-c1ccccc1CCC2
O=C(CCC1CCCCCC1=O)Nc1ccc2c(c1)-c1ccccc1CCC2
O=C(CCC1CCCCCC1=O)Nc1ccc2c(c1)-c1ccccc1CCCC2
O=C(CCC1CCCCC1=O)Nc1ccc2c(c1)-c1ccccc1CCCC2
O=C(CCC1CCCCC1=O)Nc1ccc2c(c1)-c1ccccc1CCCC2
O=C(CCC1CCCCCC1=O)Nc1ccc2c(c1)-c1ccccc1CCCC2
O=C(CCC1CCCCCC1=O)Nc1ccc2c(c1)-c1ccccc1CCCC2
O=C(CCC1CCCCCC1=O)Nc1ccc2c(c1)-c1ccccc1CCCC2
O=C(CCC1CCCCCC1=O)Nc1ccc2c(c1)-c1ccccc1CCC2
O=C(CCC1CCCCCC1=O)Nc1ccc2c(c1)-c1ccccc1CCC2
O=C(CCC1CCCCCCC1=O)Nc1ccc2c(c1)-c1ccccc1CCC2
O=C(CCC1CCCCCCC1=O)Nc1ccc2c(c1)-c1ccccc1CCC2
O=C(CCC1CCCCCCC1=O)Nc1ccc2c(c1)-c1ccccc1CCC2
O=C(CCC1CCCCCC1=O)Nc1ccc2c(c1)-c1ccccc1CCC2
O=C(CCC1CCCCC1=O)Nc1ccc2c(c1)-c1ccccc1CCC2
O=C(CCC1CCCCC1=O)Nc1ccc2c(c1)-c1ccccc1CCCC2
O=C(CCC1CCCCC1=O)Nc1ccc2c(c1)-c1ccccc1CCCC2
O=C(CCC1CCCCC1=O)Nc1ccc2c(c1)-c1ccccc1CCCC2
O=C(CCC1CCCCC1=O)Nc1ccc2c(c1)-c1ccccc1CCCC2
O=C(CCC1CCCCC1=O)Nc1ccc2c(c1)-c1ccccc1CCC2
O=C(CCC1CCCCC1=O)Nc1ccc2c(c1)-c1ccccc1CCC2
O=C(CCC1CCCCC1=O)Nc1ccc2c(c1)-c1ccccc1CCC2
O=C(CCC1CCCCC1=O)Nc1ccc2c(c1)-c1ccccc1CCC2
O=C(CCC1CCCOCC1=O)Nc1ccc2c(c1)-c1ccccc1CCC2
O=C(CCC1CCCCOCC1=O)Nc1ccc2c(c1)-c1ccccc1CCC2
O=C(CCC1CCCCOCC1=O)Nc1ccc2c(c1)-c1ccccc1CCC2
O=C(CCC1CCCCC1=O)Nc1ccc2c(c1)-c1ccccc1CCC2
O=C(CCC1CCCCCC1=O)Nc1ccc2c(c1)-c1ccccc1CCC2
O=C(CCC1CCCCCC1=O)Nc1ccc2c(c1)-c1ccccc1CCC2
O=C(CCC1CCCCCC1=O)Nc1ccc2c(c1)-c1ccccc1CCC2
O=C(CCC1CCCCCC1=O)Nc1ccc2c(c1)-c1ccccc1CC2
O=C(CCC1CCCCCC1=O)Nc1ccc2c(c1)-c1ccccc1CC2
O=C(CCC1CCCCCC1=O)Nc1ccc2c(c1)-c1ccccc1CC2
O=C(CCC1CCCCCC1=O)Nc1ccc2c(c1)-c1ccccc1CC2
O=C(CCC1CCCCCC1=O)Nc1ccc2c(c1)-c1ccccc1CC2
O=C(CCC1CCCCCCC1=O)Nc1ccc2c(c1)-c1ccccc1CC2
O=C(CCC1CCCCCCC1=O)Nc1ccc2c(c1)-c1ccccc1CCC2
O=C(CCC1CCCCCCC1=O)Nc1ccc2c(c1)-c1ccccc1CCC2
O=C(CCC1CCCCCCC1=O)Nc1ccc2c(c1)-c1ccccc1CCCC2
O=C(CCC1CCCCCC1=O)Nc1ccc2c(c1)-c1ccccc1CCCC2
O=C(CCC1CCCCCC1=O)Nc1ccc2c(c1)-c1ccccc1CCCC2
O=C(CCC1CCCCCCC1=O)Nc1ccc2c(c1)-c1ccccc1CCCC2
O=C(CCC1CCCCCCC1=O)Nc1ccc2c(c1)CCCCc1ccccc1-2
O=C(CCC1CCCCCCC1=O)Nc1ccc2c(c1)CCCCc1ccccc1-2
O=C(CCC1CCCCCC1=O)Nc1ccc2c(c1)CCCCc1ccccc1-2
O=C(CCC1CCCCC(=O)C1=O)Nc1ccc2c(c1)CCCCc1ccccc1-2
O=C(CCC1CCCCCC(=O)C1=O)Nc1ccc2c(c1)CCCCc1ccccc1-2
O=C(CCC1CCCCCC(=O)C1=O)Nc1ccc2c(c1)CCCc1ccccc1-2
O=C(CCC1CCCCCC(=O)C1=O)Nc1ccc2c(c1)CCCc1ccccc1-2
O=C(CCC1CCCCCC(=O)C1=O)Nc1ccc2c(c1)CCCc1ccccc1-2
O=C(CCC1CCCCCC(=O)C1=O)Nc1ccc2c(c1)CCCc1ccccc1-2
O=C(CCC1CCCCCC(=O)C1=O)Nc1ccc2c(c1)CCCc1ccccc1-2
O=C(CCC1CCCCCC(=O)C1=O)Nc1ccc2c(c1)CCCc1ccccc1-2
C=C1C(=O)CCCCCC1CCC(=O)Nc1ccc2c(c1)CCCc1ccccc1-2
C=C1CCCCCC(CCC(=O)Nc2ccc3c(c2)CCCc2ccccc2-3)C1=C
C=C1CCCCC(CCC(=O)Nc2ccc3c(c2)CCCc2ccccc2-3)C1=C
C=C1CCCC(CCC(=O)Nc2ccc3c(c2)CCCc2ccccc2-3)C1=C
C=C1CCCC(CCC(=O)Nc2ccc3c(c2)COCc2ccccc2-3)C1=C
O=C(CCC1CCCC2=CC=C21)Nc1ccc2c(c1)COCc1ccccc1-2
O=C(CCC1CCC2=CC=C21)Nc1ccc2c(c1)COCc1ccccc1-2
O=C(CCC1CCC2=CC=C21)Nc1ccc2c(c1)OCc1ccccc1-2
O=C(CCC1CCC2=CC=C21)Nc1ccc2c(c1)OCCc1ccccc1-2
O=C(CCC1CCCC2=CC=C21)Nc1ccc2c(c1)OCCc1ccccc1-2
O=C(CCC1CCCCC2=CC=C21)Nc1ccc2c(c1)OCCc1ccccc1-2
O=C(CCC1CCCCC2=CC=C21)Nc1ccc2c(c1)OCc1ccccc1-2
O=C(CCC1CCCCC2=CC=C21)Nc1ccc(-c2ccccc2)cc1
O=C(CCC1CCCCC2=CC=C21)Nc1ccc(-c2ccccc2)cc1
O=C(CCC1CCCCC2=CC=C21)Nc1ccc(-c2ccccc2)cc1
O=C(CCC1CCCCC2=CC=C21)Nc1ccc(-c2ccccc2)cc1
O=C(CCC1CCCCC2=CC=C21)Nc1ccc(-c2ccccc2)cc1
O=C(CCC1CCCC2=CC=C21)Nc1ccc(-c2ccccc2)cc1
O=C(CCC1CCCC2=CC=C21)Nc1ccc(-c2ccccc2)cc1
O=C(CCC1CCCCC2=CC=C21)Nc1ccc(-c2ccccc2)cc1
O=C(CCC1CCCCC2=CCC=C21)Nc1ccc(-c2ccccc2)cc1
O=C(CCC1CCCCC2=CCCC=C21)Nc1ccc(-c2ccccc2)cc1
O=C(CCC1CCCCc2ccccc21)Nc1ccc(-c2ccccc2)cc1
O=C(CCC1CCCCc2ccccc21)Nc1ccc(C2=CC=CC2)cc1
O=C(CCC1CCCCc2ccccc21)Nc1ccc(C2=CCC2)cc1
O=C(CCC1CCCCc2ccccc21)Nc1ccc(C2=CC2)cc1
O=C(CCC1CCCCc2ccccc21)Nc1ccc(C2=NC2)cc1
O=C(CCC1CCCCc2ccccc21)Nc1ccc(C2=NOC2)cc1
O=C(CCC1CCCCCc2ccccc21)Nc1ccc(C2=NOC2)cc1
O=C(CCC1CCCCCc2ccccc21)Nc1ccc(C2=NOC2)cc1
O=C(CCC1CCCCc2ccccc21)Nc1ccc(C2=NOC2)cc1
O=C(CCC1CCCCc2ccccc21)Nc1ccc2c(c1)CON=C2
O=C(CCC1CCCCCc2ccccc21)Nc1ccc2c(c1)CON=C2
O=C(CCC1CCCCCc2ccccc21)Nc1ccc2c(c1)CON=C2
O=C(CCC1CCCCc2ccccc21)Nc1ccc2c(c1)CON=C2
O=C(CCC1CCCc2ccccc21)Nc1ccc2c(c1)CON=C2
O=C(CCC1CCc2ccccc21)Nc1ccc2c(c1)CON=C2
O=C(CCC1CCc2ccccc21)Nc1ccc2cnoc(=O)c2c1
O=C(CCC1CCOc2ccccc21)Nc1ccc2cnoc(=O)c2c1
O=C(CCC1CCCc2ccccc21)Nc1ccc2cnoc(=O)c2c1
O=C(CCC1CCCc2ccccc21)Nc1ccc2cnoc(=O)c2c1
O=C(CCC1CCCc2ccccc21)Nc1ccc2c(=O)oncc2c1
O=C(CCC1CCCCc2ccccc21)Nc1ccc2c(=O)oncc2c1
O=C(CCC1CCCCc2ccccc21)Nc1ccc2c(=O)oncc2c1
O=C1C=C2CCC3C(=C2CC1)C(c1ccc(-c2ccccc2)cc1)CC1CCCC13
O=C1C=C2CCC3C(=C2CC1)C(c1ccc(-c2ccccc2)cc1)CC1CCCC13
C=C1C=C2C(c3ccc(-c4ccccc4)cc3)CC3CCCC3C2CC1
C=C1C=C2C(c3ccc(-c4ccccc4)cc3)CC3CCCC3C2CC1
C=C1CCC2C3CCCC3CC(c3ccc(-c4ccccc4)cc3)C12
C=C1CCC2C3CCCC3CC(c3ccc(-c4ccccc4)cc3)C12
C=C1CCC2C3CCCC3CC(c3ccc(-c4ccccc4)cc3)C12
C=C1CCC2C3CCCC3CC(c3ccc(-c4ccccc4)cc3)C12
C=C1CCC2C3CCCC3CC(c3ccc(-c4ccccc4)cc3)C12
C=C1CCC2C3CCCC3CC(c3ccc(-c4ccccc4)cc3)C12
C=C1CCC2C3CCCC3CC(c3ccc(-c4ccccc4)cc3)C12
C=C1CCC2C3CCCC3CC(c3ccc(-c4ccccc4)cc3)C2C1
C=C1CCC2C(c3ccc(-c4ccccc4)cc3)CC3CCCC3C2CC1
C=C1CCC2C(c3ccc(-c4ccccc4)cc3)CC3CCCC3C2CC1
C=C1CCC2C(c3ccc(-c4ccccc4)cc3)CC3CCCC3C2CC1
C=C1CCC2C(c3ccc(-c4ccccc4)cc3)CC3CCCC3C2CC1
C=C1CCC2C(c3ccc(-c4ccccc4)cc3)CC3CCCC3C2CC1
C=C1CCC2C(c3ccc(-c4ccccc4)cc3)CC3CCCC3C2CC1
C=C1CCC2C(c3ccc(-c4ccccc4)cc3)CC3CCCC3C2CC1
C=C1CCC2C(c3ccc(-c4ccccc4)cc3)CC3CCCC3C2CC1
C=C1CCC2C(c3ccc(-c4ccccc4)cc3)CC3CCCC3C2CC1
C=C1CCC2C(c3ccc(-c4ccccc4)cc3)CC3CCCC3C2CC1
C=C1CCC2C(c3ccc(-c4ccccc4)cc3)CC3CCCC3C2CC1
c1ccc(-c2ccc(C3CC4CCCC4C4CCCCCC34)cc2)cc1
c1ccc(-c2ccc(C3CC4CCCC4C4CCCCCC34)cc2)cc1
c1ccc(-c2ccc(C3CC4CCCC4C4CCCCC34)cc2)cc1
c1ccc(-c2ccc(C3CC4CCCCC4C4CCCC4C3)cc2)cc1
c1ccc(-c2ccc(C3CC4CCCCC4C4CCCC4C3)cc2)cc1
c1ccc(-c2ccc(C3CC4CCCC4C4CCCCC34)cc2)cc1
c1ccc(-c2ccc(C3CC4CCCC4C4CCCCCC34)cc2)cc1
c1ccc(-c2ccc(C3CC4CCCC4C4CCCCCC34)cc2)nc1
c1ccc(-c2ccc(C3CC4CCCC4C4CCCCCC34)cc2)nc1
c1ccc(-c2ccc(C3CC4CCCC4C4CCCCC34)cc2)nc1
O=C(CSc1ccc(-c2ccccn2)cc1)C1CCC2C3CCCCC3CCC12
O=C(CSc1ccc(-c2ccccn2)cc1)C1CCC2C3CCCCC3CCCC12
O=C(CSc1ccc(Sc2ccccn2)cc1)C1CCC2C3CCCCC3CCCC12
O=C(CSc1ccc(Sc2ccccn2)cc1)C1CCC2C3CCCC3CCCC12
O=C(CSc1ccc(CSc2ccccn2)cc1)C1CCC2C3CCCC3CCCC12
O=C(CSc1ccc(CSc2ccccn2)cc1)C1CCC2CCCCCC21
O=C(CSc1ccc(CSc2ccccn2)cc1)C1CCC2CCCCC21
O=C(CSc1ccc(CSc2ccccn2)cc1)C1CCC2CCCC21
O=C(CSc1ccc(CSc2ccccn2)cc1)C1CCC2CCCC21
O=C(CSc1ccc(CSc2ccccn2)cc1)C1CCC2CCCC21
O=C(CSc1ccc(CSc2ccccn2)cc1)C1CCC2CCCC21
O=C(CSc1ccc(Sc2ccccn2)cc1)C1CCC2CCCC21
O=C(CSc1ccc(Sc2ccccn2)cc1)C1CCC2CCCC21
O=C(CSc1ccc(Sc2ccccn2)cc1)C1CCC2CCCC21
O=C(CSc1ccc(Sc2ccccn2)cc1)C1CCC2CCCC21
O=C(CSc1ccc(CSc2ccccn2)cc1)C1CCC2CCCC21
O=C(CSc1ccc(CSc2ccccn2)cc1)C1CCC2CCCC21
O=C(CSc1ccc(CSc2ccccn2)cc1)C1CCC2CCCC21
O=C(CSc1ccccc1)C1CCC2C(CCCSc3ccccn3)CCC12
O=C(CSc1ccccc1)C1CCC2C(CCCCSc3ccccn3)CCC12
O=C(CSc1ccccc1)C1CCC2C(CCCCSc3ccccn3)CCC12
O=C(CSc1ccccc1)C1CCC2C(CCCCSc3ccccn3)CCC12
O=C(CSc1ccccc1)C1CCC2C(CCCSc3ccccn3)CCC12
O=C(CSc1ccccc1)C1CCC2C(CCSc3ccccn3)CCC12
O=C(CSc1ccccc1)C1CCC2C(CCSc3ccccn3)CCC12
O=C(CSc1ccccn1)C1CCC2C(CCSc3ccccn3)CCC12
O=C(CSc1ccccn1)C1CCC2C(CSc3ccccn3)CCC12
O=C(CSc1ccccn1)C1CCC2C(CSc3ccccn3)CCC12
O=C(CSc1ccccn1)C1CCC2C(CSc3ccccn3)CCC12
O=C(CSc1ccccn1)C1CCC2C(CCc3ccccn3)CCC12
O=C(CSc1ccccn1)C1CCC2C(Cc3ccccn3)CCC12
O=C(CSc1ccccn1)C1CCC2C(c3ccccn3)CCC12
O=C(CSc1ccccn1)C1CCC2C(c3ccccn3)CCC12
O=C(CSc1ccccn1)C1CCC2C(c3ccccn3)CCC12
O=C(CSc1ccccn1)C1CCC2C(c3ccccc3)CCC12
O=C(CSc1ccccn1)C1CCC2C(c3ccccc3)CCC12
O=C(CSc1ccccn1)C1CCC2C(C3C=CC=CC3)CCC12
O=C(CSc1ccccn1)C1CCC2C(C3CC=CC3)CCC12
O=C(CSc1ccccn1)C1CCC2C(C3CC=CC3)CCC12
O=C(CSc1ccccn1)C1CCC2C3C=CCC3CCCC12
O=C(CSc1ccccn1)C1CCC2C3C=CCC3CCC12
O=C(CSc1ccccn1)C1CCC2C3C=CCC3CCC12
O=C(CSc1ccccn1)C1CCC2C3CC=CCC3CCC12
O=C(CSc1ccccn1)C1CCC2C3CCC=CCC3CCC12
O=C(CSc1ccccn1)C1CCC2C3CCCCCC3CCC12
O=C(CSc1ccccn1)C1CCC2C3CCCCCC3CCC12
O=C(CSc1ccccn1)C1CCC2C3CCCCCC3CCC12
O=C(CSc1ccccn1)C1CCC2C3CCCCCC3CCC12
O=C(CSc1ccccn1)C1CCC2C3CCCCCCC3CCC12
C=C1CCCC2C(CC1)CCC1C(C(=O)CSc3ccccn3)CCC21
C=C1CCCC2C(CCC3C(C(=O)CSc4ccccn4)CCC23)C1
O=C(CSc1ccccn1)C1CCC2C3CCCCCC3CCC12
O=C(CSc1ccccn1)C1CCC2C3CCC4CCC4CC3CCC12
O=C(CSc1ccccn1)C1CCC2C3CC4CCC4CC3CCC12
O=C(CSc1ccccn1)C1CCC2C1CCC1C3CCC3CC12
O=C(CSc1ccccn1)C1CCC2C1CCC1C3CCC3CC12
O=C(CSc1ccccn1)C1CCC2C1CCC1C3CCCC3CC12
O=C(CSc1ccccn1)C1CCC2C1CCC1C3CCCC3CC12
O=C(CSc1ccccn1)C1CCC2C1CCC1C3CCCCC3CC12
O=C(CSc1ccccn1)C1CCC2C1CCC1C3CCCCC3CC12
O=C(CSc1ccccn1)C1CCC2C1CCC1C3CCCCC3CCC12
O=C(CSc1ccccn1)C1CCC2C1CCC1C3CCCCC3CCC12
O=C(CSc1ccccn1)C1CCC2C1CCC1C3CCCCC3CC12
O=C(CSc1ccccn1)C1CCC2C1CCC1C3CCCCC3CC12
O=C(CSc1ccccn1)C1CCC2C1CCC1C3CCCCC3CCC12
O=C(CSc1ccccn1)C1CCC2C3CCCCC3CCC12
O=C(CSc1ccccn1)C1CCC2C3CCCCC3CCC12
O=C(CSc1ccccn1)C1CCC2C3CCCCCC3CCC12
O=C(CSc1ccccn1)C1CCC2C3CCCCCC3CCC12
O=C(CSc1ccccn1)C1CCC2C3CCCCCC3CCC12
O=C(CSc1ccccn1)C1CCC2C3CCCCCC3CCC12
O=C(CSc1ccccn1)C1CCC2C3CCCOCCC3CCC12
O=C(CSc1ccccn1)C1CCC2C3CCCOCCC3CCC12
O=C(CSc1ccccn1)C1CCC2C3CCCOCCC3CCC12
O=C(CSc1ccccn1)C1CCC2C3CCOCCC3CCC12
O=C(CSc1ccccn1)C1CCC2C3CCOCCC3CCC12
O=C(CSc1ccccn1)C1CCC2C3CCCOCCC3CCC12
O=C(CSc1ccccn1)C1CCC2C3CCCOCC3CCC12
O=C(CSc1ccccn1)C1CCC2C3CCCOCC3CCC12
O=C(CSc1ccccn1)C1CCC2C3CCCCCC3CCC12
O=C(CSc1ccccn1)C1CCC2C3CCCCCC3CCC12
O=C(CSc1ccccn1)C1CCC2C3CCCCCC3CCC12
O=C(CSc1ccccn1)C1CCC2C3CCCCC3CCC12
O=C(CSc1ccccn1)C1CCC2C3CCCCC3CCC12
O=C(CSc1ccccn1)C1CCC2C3CCCC3CCC12
O=C(CSc1ccccn1)C1CCC2C3CCCC3CCC12
O=C(CSc1ccccn1)C1CCC2C3CCCCC3CCC12
O=C(CSc1ccccn1)C1CCC2C3CCCCC3CCC12
O=C(CSc1ccccn1)C1CCC2C3CCCCC3CCC12
O=C(CSc1ccccn1)C1CCC2C3CCCC3CCC12
O=C(CSc1ccccn1)C1CCC2C3CCC3CCC12
O=C(CSc1ccccn1)C1CCC2C3CCC3CCC12
O=C(CSc1ccccn1)C1CCC2C1CCC1C(C3CCC3)CC12
O=C(CSc1ccccn1)C1CCC2C1CCC1C(C3CCC3)CCC12
O=C(CSc1ccccn1)C1CCC2C1CCC1C(C3CCC3)CCC12
O=C(CSc1ccccn1)C1CCC2C1CCC1CCCC1C1CCC12
O=C(CSc1ccccn1)C1CCC2C1CCC1CCCC1C1CCC12
O=C(CSc1ccccn1)C1CCC2C1CCC1CCCC1C1CCC12
O=C(CSc1ccccn1)C1CCC2C1CCC1CCCC1C1CC12
O=C(CSc1ccccn1)C1CCC2C1CCC1CCCCC1C1CC12
O=C(CSc1ccccn1)C1CCC2C1CCC1CCCC1C1CC12
O=C(CSc1ccccn1)C1CCC2C1CCC1CCCC1C1CCC12
O=C(CSc1ccccn1)C1CCC2C1CCC1CCCC1C1CCCC12
O=C(CSc1ccccn1)C1CCC2C1CCC1CCCCC1C1CCCC12
O=C(CSc1ccccn1)C1CCC2C1CCC1CCCCC1C1CCCC12
O=C(CSc1ccccn1)C1CCC2C1CCC1CCCCC1C1CCCCC12
O=C(CSc1ccccn1)C1CCC2C1CCC1CCCCC1C1CCCCCC12
O=C(CSc1ccccn1)C1CCC2C1CCC1CCCC1C1CCCCCC12
O=C(CSc1ccccn1)C1CCC2C1CCC1CCC1C1CCCCCC12
O=C(CSc1ccccn1)C1CCC2C1CCC1CCC1C1CCCCCC12
O=C(CSc1ccccn1)C1CCC2C1CCC1CCC1C1CCCCCCC12
O=C(CSc1ccccn1)C1CCC2C1CCC1CC1C1CCCCCCC12
O=C(CSc1ccccn1)C1CCC2C1CCC1CC1C1CCCCCC12
O=C(CSc1ccccn1)C1CCC2C1CCC1CC1C1CCCCCC12
O=C(CSc1ccccn1)C1CCC2C1CCC1CC1C1CCCCC12
O=C(CSc1ccccn1)C1CCC2C1CCC1CCC1C1CCCCC12
O=C(CSc1ccccn1)C1CCC2C1CCC1CCC1C1CCCCC12
O=C(CSc1ccccn1)C1CCC2C1CCC1CCC1C1CCCCC12
O=C(CSc1ccccn1)C1CCC2C1CCC1CCC1C1CCCC12
O=C(CSc1ccccn1)C1CCC2C1CCC1CCC1C1CCCC12
O=C(CSc1ccccn1)C1CCC2C1CCC1CC1C1CCCC12
O=C(CSc1ccccn1)C1CCC2C3CCCC3CCCCC12
O=C(CSc1ccccn1)C1CCC2C3CCCC3CCCCC12
O=C(CSc1ccccn1)C1CCC2C3CCCC3CCCCC12
O=C(CSc1ccccn1)C1CCC2C3CCCC3CCCCC12
O=C(CSc1ccccn1)C1CCC2C3CCCC3CCCCC12
O=C(CSc1ccccn1)C1CCC2C3CCCCC3CCCCC12
O=C(CSc1ccccn1)C1CCC2C3CCCCC3CCCCC12
O=C(CSc1ccccn1)C1CCC2C3CCCCCC3CCCCC12
O=C(CSc1ccccn1)C1CCC2C3CCCCCC3CCCCC12
O=C(CSc1ccccn1)C1CCC2C3CCCCCC3CCCCC12
O=C1CCCC2CCCCC3C(C(=O)CSc4ccccn4)CCC3C2C1
O=C1CCCC2CCCCC3C(C(=O)CSc4ccccn4)CCC3C2C1
O=C1CCCC2CCCCC3C(C(=O)CSc4ccccn4)CCC3C2C1
O=C1CCC2CCCCC3C(C(=O)CSc4ccccn4)CCC3C2C1
O=C1CCC2CCCCC3C(C(=O)CSc4ccccn4)CCC3C2C1
O=C1CCC2CCCCC3C(C(=O)CSc4ccccn4)CCC3C2C1
O=C1CCCC2CCCCC3C(C(=O)CSc4ccccn4)CCC3C2C1
O=C1CCCC2CCCC3C(C(=O)CSc4ccccn4)CCC3C2C1
O=C1CCCC2CCC3C(C(=O)CSc4ccccn4)CCC3C2C1
O=C(CSc1ccccn1)C1CCC2C1CCC1C3CCC(=O)C3C21
O=C(CSc1ccccn1)C1CCC2C1CCC1C3CCC(=O)C3CC21
O=C1CCC2C1CCC1C2CCC2C(C(=O)CSc3ccccn3)CCC21
O=C1CCC2C1CCC1C2CCC2C(C(=O)CSc3ccccn3)CCC21
O=C1CCC2C(CCC3C2CCC2C(C(=O)CSc4ccccn4)CCC23)C1
O=C1C=C2CCC3C(CCC4C(C(=O)CSc5ccccn5)CCC43)C2CC1
O=C1C=CC2C(=C1)CCC1C2CCC2C(C(=O)CSc3ccccn3)CCC21
O=C1C=C2CCC3C(=C2CC1)C(c1ccc(-c2ccccc2)cc1)CC1CCCC13
C1=C2C(c3ccc(-c4ccccc4)cc3)CC3CCCC3C2CCC1
C1=C2C(c3ccc(-c4ccccc4)cc3)CC3CCCC3C2CCC1
C1=C2C(c3ccc(-c4ccccc4)cc3)CC3CCCC3C2CCC1
C1=C2C(c3ccc(-c4cccnc4)cc3)CC3CCCC3C2CCC1
C1=C2C(CCC1)C1CCCC1C(c1cccnc1)C2c1ccccc1
C1=C2CC3(C(Cc4ccccc4)c4cccnc4)CCCC3C2CCC1
C1=C2CC(C(Cc3ccccc3)c3cccnc3)CC2CCC1
C1=C(CCC(Cc2ccccc2)c2cccnc2)CCCC1
C1=C(CCC(Cc2ccccc2)c2cccnc2)CCCC1
C1=C(CCC(Cc2ccccc2)c2cccnc2)CCCC1
C1=C(CC(Cc2ccccc2)c2cccnc2)CCCC1
C1=C(CC(Cc2ccccc2)c2cccnc2)CCCC1
c1ccc(CCc2cccnc2)cc1
c1ccc(CCc2cccnc2)cc1
c1ccc(CCc2cccnc2)cc1
c1ccc(CCc2cccnc2)cc1
c1ccc(CCc2cccnc2)cc1
c1ccc(CCc2cccnc2)cc1
c1ccc(CCc2cccnc2)cc1
c1ccc(CCc2cccnc2)cc1
c1ccc(CCc2cccnc2)cc1
c1ccc(CCc2cccnc2)cc1
c1ccc(CCc2cccnc2)cc1
c1ccc(CCc2cccnc2)cc1
c1ccc(CCc2cccnc2)cc1
c1ccc(CCc2cccnc2)cc1
c1ccc(CCc2cccnc2)cc1
c1ccc(CCc2cccnc2)cc1
c1ccc(CCc2cccnc2)cc1
c1ccc(CCc2cccnc2)cc1
c1ccc(CCc2cccnc2)cc1
c1ccc(CCc2cccnc2)cc1
c1ccc(CCc2cccnc2)cc1
c1ccc(CCc2cccnc2)cc1
c1ccc(CCc2cccnc2)cc1
c1ccc(CCOc2cccnc2)cc1
c1ccc(CCOc2cccnc2)cc1
c1ccc(CCOc2cccnc2)cc1
c1ccc(CCOc2cccnc2)cc1
c1ccc(CCOc2cccnc2)cc1
c1ccc(CCOc2cccnc2)cc1
c1ccc(CCOc2cccnc2)cc1
c1ccc(CCOc2cccnc2)cc1
c1ccc(CCOc2cccnc2)cc1
c1ccc(CCOc2cccnc2)cc1
c1ccc(CCOc2cccnc2)cc1
c1ccc(CCOc2cccnc2)cc1
c1ccc(CCOc2cccnc2)cc1
c1ccc(CCOc2cccnc2)cc1
c1ccc(CCOc2cccnc2)cc1
c1ccc(CCOc2cccnc2)cc1
c1ccc(CCOc2cccnc2)cc1
c1ccc(CCOc2cccnc2)cc1
c1ccc(CCOc2cccnc2)cc1
c1ccc(CCOc2cccnc2)cc1
c1ccc(CCOc2cccnc2)cc1
c1ccc(CCOc2cccnc2)cc1
c1ccc(CCOc2cccnc2)cc1
c1ccc(CCOc2cccnc2)cc1
c1ccc(CCOc2cccnc2)cc1
c1ccc(CCOc2cccnc2)cc1
c1ccc(CCOc2cccnc2)cc1
c1ccc(CCOc2cccnc2)cc1
c1ccc(CCOc2cccnc2)cc1
c1ccc(CCOc2cccnc2)cc1
c1ccc(CCOc2cccnc2)cc1
O=C(CCCOc1cccnc1)NCCc1ccccc1
O=C(CCCOc1cccnc1)NCCc1ccccc1
O=C(CCCOc1cccnc1)NCCc1ccccc1
O=C(CCCOc1cccnc1)NCCc1ccccc1
O=C(CCCOc1cccnc1)NCCc1ccccc1
O=C(CCCOc1cccnc1)NCCc1ccccc1
O=C(CCCOc1cccnc1)NCCc1ccccc1
O=C(CCCOc1cccnc1)NCCc1ccccc1
O=C(CCCOc1cccnc1)NCCc1ccccc1
c1ccc(CCCCOc2cccnc2)cc1
c1ccc(CCCCOc2cccnc2)cc1
c1ccc(CCCCOc2cccnc2)cc1
c1ccc(CCCCOc2cccnc2)cc1
c1ccc(CCCCOc2cccnc2)cc1
c1ccc(CCCC(Oc2cccnc2)C2CCCC2)cc1
c1ccc(CCCC(Oc2cccnc2)C2CCCC2)cc1
C1=C(C(CCCc2ccccc2)Oc2cccnc2)CCC1
C1=C(C(CCCc2ccccc2)Oc2cccnc2)CCC1
C1=C(C(CCCc2ccccc2)Oc2cccnc2)CCC1
C1=CC(C(CCCc2ccccc2)Oc2cccnc2)=CC1
C1=CC(C(CCCc2ccccc2)Oc2cccnc2)=C1
C1=CC(C(CCCc2ccccc2)Oc2cccnc2)=C1
C1=CC(C(CCCc2ccccc2)Oc2cccnc2)=C1
C1=CC(C(CCCc2ccccc2)Oc2cccnc2)=C1
C1=C(CCCCc2ccccc2)C=C1COc1cccnc1
C1=CC(C(CCc2ccccc2)Oc2cccnc2)=C1
C1=CC(C(CCc2ccccc2)Oc2cccnc2)=C1
C1=CC(C(CCc2ccccc2)Oc2cccnc2)=C1
C1=CC(C(CCc2ccccc2)Oc2cccnc2)=C1
C1=CC(C(CCc2ccccc2)Oc2cccnc2)=C1
C1=C(C2CC2)C=C1C(CCc1ccccc1)Oc1cccnc1
C1=CC(C(CCc2ccccc2)Oc2cccnc2)=C1
C1=CC(C(CCc2ccccc2)Oc2cccnc2)=C1
C1=CC(C(CCc2ccccc2)Oc2cccnc2)=CC1
C1=CC(C(CCc2ccccc2)Oc2cccnc2)=CCC1
C1=CC(C(CCc2ccccc2)Oc2cccnc2)=CCC1
c1ccc(CCC(Oc2cccnc2)c2ccccc2)cc1
c1ccc(CCC(Oc2cccnc2)c2ccccc2)cc1
c1ccc(CCC(Oc2cccnc2)c2ccccc2)cc1
c1ccc(CCC(Oc2cccnc2)c2ccccc2)cc1
c1ccc(CCC(Oc2cccnc2)c2ccccc2)cc1
C1=CCC=C(C(CCc2ccccc2)Oc2cccnc2)C=C1
C1=CN=CC(C(CCc2ccccc2)Oc2cccnc2)=CC1
c1ccc(CCC(Oc2cccnc2)c2cccnc2)cc1
c1ccc(CCC(Oc2cccnc2)c2cccnc2)cc1
c1ccc(CCC(Oc2cccnc2)c2cccnc2)cc1
c1ccc(CCC(Oc2cccnc2)c2cccnc2)cc1
c1ccc(CCC(Oc2cccnc2)c2cccnc2)cc1
c1ccc(CCC(Oc2cccnc2)c2cccnc2)cc1
c1ccc(CCC(Oc2cccnc2)c2cccnc2)cc1
c1ccc(CCC(Oc2cccnc2)c2cccnc2)cc1
c1ccc(CCC(Oc2ccccc2)c2cccnc2)cc1
c1ccc(CCC(Oc2ccccc2)c2cccnc2)cc1
c1ccc(CCC(Oc2ccccc2)c2cccnc2)cc1
c1ccc(CCC(Oc2ccccc2)c2cccnc2)cc1
c1ccc(CCC(Oc2ccc3c(c2)C3)c2cccnc2)cc1
c1ccc(CCC(Oc2ccc3c(c2)NC3)c2cccnc2)cc1
c1ccc(CCC(Oc2ccc3c(c2)NC3)c2cccnc2)cc1
c1ccc(CCC(Oc2ccc3c(c2)NCC3)c2cccnc2)cc1
c1ccc(CCC(Oc2ccc3c(c2)CCN3)c2cccnc2)cc1
c1ccc(CCC(Oc2ccc3c(c2)CCN3)c2cccnc2)cc1
c1ccc(CCC(Oc2ccc3c(c2)CCN3)c2cccnc2)cc1
c1ccc(CCC(Oc2ccc3c(c2)CCN3)c2cccnc2)cc1
c1ccc(CCC(Oc2ccc3c(c2)CCN3)c2cccnc2)cc1
c1ccc(CCC(Oc2ccc3c(c2)CCN3)c2cccnc2)cc1
c1ccc(CCC(Oc2ccc3[nH]ccc3c2)c2cccnc2)cc1
c1ccc(CCC(Oc2ccc3[nH]ccc3c2)c2cccnc2)cc1
c1ccc(CCC(Oc2ccc3[nH]ccc3c2)c2cccnc2)cc1
c1ccc(CCC(Oc2ccc3[nH]ccc3c2)c2cccnc2)cc1
c1ccc(CCC(Oc2ccc3[nH]ncc3c2)c2cccnc2)cc1
c1ccc(CCC(Oc2ccc3c(cnn3C3CN3)c2)c2cccnc2)cc1
c1ccc(CCC(Oc2ccc3c(cnn3C3CN3)c2)c2cccnc2)cc1
c1ccc(CCC(Oc2ccc3c(cnn3C3CC3)c2)c2cccnc2)cc1
c1ccc(CCC(Oc2ccc3c(cnn3C3CC3)c2)c2cccnc2)cc1
c1ccc(CCC(Oc2ccc3c(cnn3C3CCC3)c2)c2cccnc2)cc1
c1ccc(CCC(Oc2ccc3c(cnn3C3CCC3)c2)c2cccnc2)cc1
c1ccc(CCC(Oc2ccc3[nH]ncc3c2)c2cccnc2)cc1
c1ccc(CCC(Oc2ccc3[nH]ncc3c2)c2cccnc2)cc1
c1ccc(CCC(Oc2ccc3[nH]ncc3c2)c2cccnc2)cc1
c1ccc(CCC(Oc2ccc3[nH]ncc3c2)c2cccnc2)cc1
c1ccc(CCC(Oc2ccc3[nH]ncc3c2)c2cccnc2)cc1
c1ccc(CCC(Oc2ccc3[nH]ncc3c2)c2cccnc2)cc1
c1ccc(CCC(Oc2ccc3[nH]ncc3c2)c2cccnc2)cc1
c1ccc(CCC(Oc2ccc3[nH]ncc3c2)c2cccnc2)cc1
c1ccc(CCC(Oc2ccc3[nH]ncc3c2)c2cccnc2)cc1
c1ccc(CCC(Oc2ccc3[nH]ncc3c2)c2cccnc2)cc1
c1ccc(CCC(Oc2ccc3[nH]ncc3c2)c2cccnc2)cc1
c1ccc(CCC(Oc2ccc3[nH]ncc3c2)c2cccnc2)cc1
c1ccc(CCC(Oc2ccc3c(cnn3C3CNC3)c2)c2cccnc2)cc1
c1ccc(CCC(Oc2ccc3c(cnn3C3CNC3)c2)c2cccnc2)cc1
c1ccc(CCC(Oc2ccc3c(cnn3CC3CNC3)c2)c2cccnc2)cc1
c1ccc(CCC(Oc2ccc3c(cnn3CC3CCNC3)c2)c2cccnc2)cc1
c1ccc(CCC(Oc2ccc3c(cnn3CC3CCNC3)c2)c2cccnc2)cc1
c1ccc(CCC(Oc2ccc3c(cnn3C3CCNC3)c2)c2cccnc2)cc1
c1ccc(CCC(Oc2ccc3c(cnn3C3CCCC3)c2)c2cccnc2)cc1
c1ccc(CCC(Oc2ccc3[nH]ncc3c2)c2cccnc2)cc1
c1ccc(CCC(Oc2ccc3c(cnn3C3CCCCC3)c2)c2cccnc2)cc1
C1=C(n2ncc3cc(OC(CCc4ccccc4)c4cccnc4)ccc32)CCCC1
C1=C(n2ncc3cc(OC(CCc4ccccc4)c4cccnc4)ccc32)CCC1
C1=CC(n2ncc3cc(OC(CCc4ccccc4)c4cccnc4)ccc32)=CC1
C1=CC(n2ncc3cc(OC(CCc4ccccc4)c4cccnc4)ccc32)=CCC1
c1ccc(CCC(Oc2ccc3c(cnn3-c3ccccc3)c2)c2cccnc2)cc1
c1ccc(CCC(Oc2ccc3c(cnn3-c3ccccc3)c2)c2cccnc2)cc1
c1ccc(CCC(Oc2ccc3c(cnn3-c3ccccc3)c2)c2cccnc2)cc1
c1ccc(CCC(Oc2ccc3c(cnn3-c3ccccc3)c2)c2cccnc2)cc1
c1ccc(CCC(Oc2ccc3c(cnn3-c3ccccc3)c2)c2cccnc2)cc1
c1ccc(CCC(Oc2ccc3c(cnn3-c3ccccc3)c2)c2cccnc2)cc1
c1ccc(CCC(Oc2ccc3c(cnn3-c3ccccc3)c2)c2cccnc2)cc1
c1ccc(CCC(Oc2ccc3c(cnn3-c3ccccc3)c2)c2cccnc2)cc1
c1ccc(CCC(Oc2ccc3c(cnn3-c3ccccc3)c2)c2cccnc2)cc1
c1ccc(CCC(Oc2ccc3c(cnn3-c3ccccc3)c2)c2cccnc2)cc1
O=C1C=C2CCC3C(=C2CC1)C(c1ccc(-c2ccccc2)cc1)CC1CCCC13
C1=C2C(c3ccc(-c4ccccc4)cc3)CC3CCCC3C2CCC1
C1=C2C(CCC1)CCCC2c1ccc(-c2ccccc2)cc1
C1=C2C(CCC1)CCC2c1ccc(-c2ccccc2)cc1
C1=C2C(CCC1)CCC2c1cccc(-c2ccccc2)c1
C1=C2C(CCC1)CCC2c1cccc(-c2ccccc2)c1
C1=C2C(CCC1)CCC2c1cccc(-c2ccccc2)c1
C1=C2C(CCC1)CCC2c1cccc(-c2ccccc2)c1
C1=C2C(CCC1)CCC2c1cccc(-c2ccccc2)c1
C1=C2C(CCC1)CCC2c1cccc(-c2ccccc2)c1
O=C1CC1C1=C2C(CCC1)CCC2c1cccc(-c2ccccc2)c1
O=C1CC1C1=C2C(CCC1)CCC2c1cccc(-c2ccccc2)c1
O=C1CC1C1=C2C(CCC1)CCC2c1cccc(-c2ccccc2)c1
O=C1CC1C1=C2C(CCC1)CCC2c1cccc(-c2ccccc2)c1
c1ccc(-c2cccc(C3CCC4CCCC(C5CC5)=C43)c2)cc1
c1ccc(-c2cccc(C3CCC4CCCC(C5CC5)=C43)c2)cc1
C1=C(C2CC2)CCCC1C1CC1c1cccc(-c2ccccc2)c1
C1=C(C2CC2)CCCC1C1CC1c1cccc(-c2ccccc2)c1
C1=C(C2CC2)CCCC1C1CC1c1cccc(-c2ccccc2)c1
C1=C(C2CC2)CCCC1C1CCc2cc(-c3ccccc3)ccc21
C1=C(C2CCC2)CCCC1C1CCc2cc(-c3ccccc3)ccc21
C1=C(C2CCC2)CCCC1C1Cc2cc(-c3ccccc3)ccc21
C1=C(C2CCC2)CCCC1CC1Cc2cc(-c3ccccc3)ccc21
C1=C(C2CCC2)CCCC(CC2Cc3cc(-c4ccccc4)ccc32)C1
C1=C(C2CCC2)CCCC(CN2Cc3cc(-c4ccccc4)ccc32)C1
C1=C(C2CCC2)CCCC(CN2Cc3cc(-c4ccccc4)ncc32)C1
C1=C(C2CCC2)CCCCC(CN2Cc3cc(-c4ccccc4)ncc32)C1
C1=C(C2CCCC2)CCCCC(CN2Cc3cc(-c4ccccc4)ncc32)C1
C1=C(C2CCCC2)CCCC(CN2Cc3cc(-c4ccccc4)ncc32)C1
C1=C(C2CCCCC2)CCCC(CN2Cc3cc(-c4ccccc4)ncc32)C1
C1=C(C2CCCCC2)CCC(CN2Cc3cc(-c4ccccc4)ncc32)C1
C1=C(C2CCCCCC2)CCC(CN2Cc3cc(-c4ccccc4)ncc32)C1
C1=C(C2CCCCCCC2)CCC(CN2Cc3cc(-c4ccccc4)ncc32)C1
C1=C(C2CCCCCCC2)CCC1CN1Cc2cc(-c3ccccc3)ncc21
C1=C(C2CCCCCCC2)CC1CN1Cc2cc(-c3ccccc3)ncc21
C1=C(C2CCCCCCC2)CC1CN1CCc2cc(-c3ccccc3)ncc21
C1=C(C2CCCCCC2)CC1CN1CCc2cc(-c3ccccc3)ncc21
C1=C2CCCCCC2CCC1CN1CCc2cc(-c3ccccc3)ncc21
C1=C2CCCCCC2CCC1CN1CCc2cc(-c3ccccc3)ncc21
C1=C2CCCCC2CCC1CN1CCc2cc(-c3ccccc3)ncc21
C1=C(CN2CCc3cc(-c4ccccc4)ncc32)C=C2CCCCC2C1
C1=C2CCCCC2CC=C1N1CCc2cc(-c3ccccc3)ncc21
C1=C2CCCCC2CC=C1N1CCCc2cc(-c3ccccc3)ncc21
C1=C2CCCCC2CC(Nc2ccccc2)=C1N1CCCc2ccncc21
C1=C2CCCCC2CC2=C1N(c1cccnc1)CCCN2c1ccccc1
C1=C2CCCCC2CC2=C1N(c1cccnc1)CCCN(c1ccccc1)C2
C1=C2CCCCC2CC2=C1N(c1ccccc1)CCCN(c1ccccc1)C2
C1=C2CCCCC2CC2=C1N(c1ccccc1)CCCN(c1ccccc1)C2
C1=C2CCCCC2CCC2=C1N(c1ccccc1)CCCN(c1ccccc1)C2
C1=C2CCCCC2Cc2ccccc2N2CCCN(c3ccccc3)CC=C12
C1=C2CCCCC2Cc2ccccc2N2CCCN(c3ccccc3)CC=C12
C1=C2CCCCC2Cc2ccccc2NC1=C1CCCN(c2ccccc2)C1
C1=C2CCCCCC2Cc2ccccc2NC1=C1CCCN(c2ccccc2)C1
C1=C2CCCCCC2Cc2ccccc2NC1=C1CCCN1c1ccccc1
C1=C2CCCCCC2Cc2ccccc2NC1=C1CCN1c1ccccc1
C1=C2CCCCC2Cc2ccccc2NC1=C1CCN1c1ccccc1
C1=C2CCCCC2Cc2ccccc2NC1=C1CCN1c1ccccc1
C1=C2CCCCC2Cc2ccccc2NC1=C1CCN1c1ccccc1
C1=C2CCCCC2Cc2ccccc2NC1=C1CN1c1ccccc1
C1=C2CCCCC2Cc2ccccc2NC1=C1CN1c1ccccc1
C1=C2CCCCC2Cc2ccccc2NC1=C1CCN1c1ccccc1
C1=C2CCCCC2Cc2ccccc2NC1=C1CCCN1c1ccccc1
C1=C2CCCCC2Cc2ccccc2NC1=C1CCCN1c1ccccc1
C1=C2CCCCC2Cc2ccccc2-n2c1cn2-c1ccccc1
C1=C2CCCCC2Cc2ccccc2-n2c1cn2-c1ccccc1
C1=C2CCCCCC2Cc2ccccc2-n2c1cn2-c1ccccc1
C1=C2CCCCCC2Cc2ccccc2-n2c1cn2-c1ccccc1
C1=C2CCCCC2Cc2ccccc2-n2c1cn2-c1ccccc1
C1=C2CCCCC2Cc2ccccc2-n2c1cn2-c1ccccc1
C1=C2CCCCC2Cc2ccccc2-n2c1cn2-c1ccccc1
C1=C2CCCCC2Cc2ccccc2-n2c1cn2-c1ccccc1
C1=C2CCCCC2Cc2ccccc2-n2c1cn2-c1ccccc1
C1=C2CCCCC2Cc2ccccc2-n2c1cn2-c1ccccc1
C1=C2CCCCC2Cc2ccccc2C2C1=CN2c1ccccc1
C1=C2CCCCC2Cc2ccccc2C2C1=CN2c1ccccc1
C1=C2CCCCC2Cc2ccccc2C2C1=CN2c1ccccc1
C1=C2CCCCC2Cc2ccccc2C2C1=CN2c1ccccc1
C1=C2CCCCCC2Cc2ccccc2C2C1=CN2c1ccccc1
C1=C2CCCCCCC2Cc2ccccc2C2C1=CN2c1ccccc1
C1=C2CCCCCCC2Cc2ccccc2C2C1=CN2c1ccccc1
C1=C2CCCCCCC2Cc2ccccc2C2=C1CN2c1ccccc1
C1=C2CCCCCC2Cc2ccccc2C2=C1CN2c1ccccc1
C1=C2CCCCCC2Cc2ccccc2C2=C1N2c1ccccc1
C1=C2CCCCCC2Cc2ccccc2C2=C1N2c1ccccc1
C1=C2CCCCCC2Cc2ccccc2C2=C1N2c1ccccc1
C1=C2CCCCCC2Cc2ccccc2C2=C1N2c1ccccc1
C1=C2CCCCC2Cc2ccccc2C2=C1N2c1ccccc1
C1=C2CCCCC2Cc2ccccc2C2=C1N2c1ccccc1
C1=C2CCCCC2Cc2ccccc2C2=C1N2c1ccccc1
C1=C2CCCCC2Cc2ccccc2C2=C1N2c1ccccc1
C1=C2CCCCC2Cc2ccccc2C2=C1N2c1ccccc1
C1=C2CCCCC2Cc2ccccc2C2=C1N2c1ccccc1
C1=C2CCCCCC2Cc2ccccc2C2=C1N2c1ccccc1
C1=C2CCCCCC2Cc2ccccc2C2=C1N2c1ccccc1
C1=C2CCCCCC2Cc2ccccc2C2=C1N(c1ccccc1)C2
C1=C2CCCCCC2Cc2ccccc2C2=C1N(c1ccccc1)CC2
C1=C2CCCCCC2Cc2ccccc2-c2ccn(-c3ccccc3)c21
C1=C2CCCCC2Cc2ccccc2-c2ccn(-c3ccccc3)c21
C1=C2CCCCC2Cc2ccccc2-c2cnn(-c3ccccc3)c21
C1=C2CCCCCC2Cc2ccccc2-c2cnn(-c3ccccc3)c21
C1=C2CCCCCC2Cc2ccccc2-c2cnn(-c3ccccc3)c21
C1=C2CCCCCC2Cc2cc3c(cc2-c2cnn(-c4ccccc4)c21)CC3
C1=C2CCCCCC2Cc2cc3c(cc2-c2cnn(-c4ccccc4)c21)CC3
C1=C2CCCCCC2Cc2ccccc2-c2cnn(-c3ccccc3)c21
C1=C2CCCCCC2Cc2ccccc2-c2cnn(-c3ccccc3)c21
C1=C2CCCCCC2Cc2ccccc2-c2cnn(-c3ccccc3)c21
C1=C2CCCCC2Cc2ccccc2-c2cnn(-c3ccccc3)c21
C1=C2CCCCC2Cc2ccccc2-c2cnn(-c3ccccc3)c21
C1=Cc2cnn(-c3ccccc3)c2C=C2CCCCC2C1
C1=Cc2cnn(-c3ccccc3)c2C=C2CCCCC2C1
C1=Cc2cnn(-c3ccccc3)c2C=C2CCCCC2C1
C1=Cc2cnn(-c3ccccc3)c2C=C2CCCCC2C1
C1=Cc2cnn(-c3ccccc3)c2C=C2CCCCC2C1
C1=Cc2cnn(-c3ccccc3)c2C=C2CCCCC2C1
C1=C2CCCCC2CCc2cnn(-c3ccccc3)c21
C1=C2CCCCC2Cc2cnn(-c3ccccc3)c21
O=C1C=C2CCC3C(=C2CC1)C(c1ccc(-c2ccccc2)cc1)CC1CCCC13
C1=C2C(c3ccc(-c4ccccc4)cc3)CC3CCCC3C2CCC1
C1=C2C(c3ccc(-c4ccccc4)cc3)CC3CCCC3C2CCC1
C1=C2C(CCC1)CCCC2c1ccc(-c2ccccc2)cc1
C1=CC(CCCCc2ccc(-c3ccccc3)cc2)CCC1
C1=CC(CCCCc2ccc(-c3ccccc3)cc2)CCC1
c1ccc(-c2ccc(CCCCC3CCCC3)cc2)cc1
c1ccc(-c2ccccc2)cc1
c1ccc(-c2ccccc2)cc1
c1ccc(-c2ccc3c(c2)CCCC3)cc1
c1ccc(-c2ccc3c(c2)CCCC3)cc1
c1ccc(-c2ccc3c(c2)CCCC3)cc1
c1ccc(-c2ccc3c(c2)CCC3)cc1
c1ccc(-c2ccc3c(c2)CCC3)cc1
c1ccc(CCCCCCC2Cc3ccccc3C2)cc1
c1ccc(CCCCCC2Cc3ccccc3C2)cc1
c1ccc(CCCCCC2Cc3ccccc3C2)cc1
c1ccc(CCCCCC2Cc3ccccc3C2)cc1
c1ccc(CCCCCC2Cc3ccccc3C2)cc1
c1ccc(CCCCCC2Cc3ccccc3C2)cc1
c1ccc(CCCCCC2Cc3ccccc3C2)cc1
c1ccc(CCCCCC2Cc3ccccc3C2)cc1
c1ccc(CCCCCC2Cc3ccccc3C2)cc1
c1ccc(CCCCCC2Cc3ccccc3C2)cc1
c1ccc(CCCCCC2CCc3ccccc3C2)cc1
c1ccc(CCCCCC2CCc3ccccc3C2)cc1
c1ccc(CCCCCC2Cc3ccccc3CN2)cc1
c1ccc(CCCCCC2Cc3ccccc3N2)cc1
c1ccc(CCCCCC2Cc3ccccc3N2)cc1
c1ccc(CCCCCC2Nc3ccccc3N2)cc1
c1ccc(CCCCCC2Nc3ccccc3N2)cc1
c1ccc(CCCCCC2Nc3ccccc3N2)cc1
c1ccc(CCCCCC2Nc3ccccc3N2)cc1
c1ccc(CCCCC2Nc3ccccc3N2)cc1
c1ccc(CCCCC2Nc3ccccc3N2)cc1
c1ccc(CCCCC2Nc3ccccc3N2)cc1
c1ccc(CCCCC2Nc3ccccc3N2)cc1
c1ccc(CCCCC2Nc3ccccc3N2)cc1
c1ccc(CCCCC2Nc3ccccc3N2)cc1
c1ccc(CCCCC2Nc3ccccc3N2)cc1
c1ccc(CCCCCC2Nc3ccccc3N2)cc1
c1ccc(CCCCCc2nc3ccccc3[nH]2)cc1
c1ccc(CCCCc2nc3ccccc3[nH]2)cc1
c1ccc(CCCCc2cc3ccccc3[nH]2)cc1
c1ccc(CCCCc2cc3ccccc3[nH]2)cc1
c1ccc(CCCCc2cc3ccccc3[nH]2)cc1
c1ccc(CCCCc2cc3ccccc3[nH]2)cc1
c1ccc(CCCCc2cc3ccccc3[nH]2)cc1
c1ccc(CCCCc2cc3ccccc3[nH]2)cc1
c1ccc(CCCCc2cc3ccccc3[nH]2)cc1
c1ccc(CCCCc2cc3ccccc3[nH]2)cc1
c1ccc(CCCCc2cc3ccccc3[nH]2)cc1
c1ccc(CCCCc2cc3ccccc3[nH]2)cc1
O=C1C=C2COC3C(=C2CC1)C(c1ccccc1)CC1C(C#Cc2ccccc2)CCC31
C=C1C=C2C(c3ccccc3)CC3C(C#Cc4ccccc4)CCC3C2OC1
C=C1C=C2C(c3ccccc3)CC3C(Cc4ccccc4)CCC3C2OC1
c1ccc(CC2CCC3CCC(c4ccccc4)CC32)cc1
c1ccc(CC2CCC3CCC(c4ccccc4)CC32)cc1
c1ccc(C2CC3CCCC3Cc3ccccc32)cc1
c1ccc(C2CC3CCCCC3Cc3ccccc32)cc1
c1ccc(C2c3ccccc3CC3CCCCC32)cc1
c1ccc(C2c3ccccc3CC3CCCCC32)cc1
c1ccc2c(c1)CC1CCCCC1C2c1ccc(N2CC2)cc1
c1ccc2c(c1)CC1CCCCC1C2c1ccc(N2CC2)cc1
c1ccc2c(c1)CC1CCCCC1C2c1ccc(N2CC2)cc1
c1ccc2c(c1)CC1CCCCC1C2c1ccc(N2CC2)cc1
c1ccc2c(c1)CC1CCCCC1C2c1ccc(N2CC2)cc1
C1=C2CCCCC2C(c2ccc(N3CC3)cc2)c2ccccc21
C1=C2CCCCC2C(c2ccc(N3CC3)cc2)c2ccccc21
C1=C2CCCCC2C(c2ccc(N3CC3)cc2)c2ccccc21
C1=C2CCCCC2C(c2ccc(N3CC3)cc2)c2ccccc21
C1=C2CCCCC2C(c2ccc(N3CC3)cc2)c2ccccc21
C1=C2CCCCC2C(c2ccc(N3CC3)cc2)c2ccccc21
C1=C2CCCC(CCCCCCCCc3ccc(N4CC4)cc3)C2Cc2ccccc21
C1=C2CCCC(CCCCCCCc3ccc(N4CC4)cc3)C2Cc2ccccc21
C1=C2CCCC(CCCCCCCc3ccc(N4CC4)cc3)C2Cc2ccccc21
C1=C2CCCC(CCCCCCc3ccc(N4CC4)cc3)C2Cc2ccccc21
C1=C2CCCC(CCCCCc3ccc(N4CC4)cc3)C2Cc2ccccc21
C1=C2CCCC(CCCCc3ccc(N4CC4)cc3)C2Cc2ccccc21
C1=C2CCCC(CCCc3ccc(N4CC4)cc3)C2Cc2ccccc21
C1=C2CCCC(CCCc3ccc(N4CC4)cc3)C2Cc2ccccc21
C1=C2CCCC(CCc3ccc(N4CC4)cc3)C2Cc2ccccc21
C1=C2CCCC(CCc3ccc(N4CC4)cc3)C2Cc2ccccc21
C1=C2CCCC(CCc3ccc(N4CC4)cc3)C2Cc2ccccc21
C1=C2CCCC(CCc3ccc(N4CC4)cc3)C2Cc2ccccc21
C1=C2CCCC(CCc3ccc(N4CC4)cc3)C2Cc2ccccc21
C1=C2CCCC(CCc3ccc(N4CC4)cc3)C2Cc2ccccc21
C1=C2CCCC(Cc3ccc(N4CC4)cc3)C2Cc2ccccc21
C1=C2CCCC(Cc3ccc(N4CC4)cc3)C2Cc2ccccc21
C1=C2CCCC(Cc3ccc(N4CC4)cc3)C2Cc2ccccc21
C1=C2CCCC(Cc3ccccc3)C2Cc2ccccc21
C1=C2CCCC(Cc3ccccc3)C2Cc2ccccc21
C1=C2CCCC(Cc3ccccc3)C2Cc2ccccc21
C1=C2CCCC(Cc3ccccc3)C2Cc2ccccc21
C1=C2CCCCC(Cc3ccccc3)C2Cc2ccccc21
C1=C2CCCCC(Cc3ccccc3)C2Cc2ccccc21
C1=C2CCCC(Cc3ccccc3)C2Cc2ccccc21
C1=C2CCCC(Cc3ccccc3)C2Cc2ccccc2C1
C1=C2CCCC(Cc3ccccc3)C2Cc2ccccc2C1
C1=C2CCCC(Cc3ccccc3)C2Cc2ccccc2C1
C1=C2CCCC(Cc3ccccc3)C2Cc2ccccc2C1
C1=C2CCCC(Cc3ccccc3)C2Cc2ccccc2C1
C1=C2CCCC(Cc3ccccc3)C2Cc2ccccc2C1
C1=C2CCCC(Cc3ccccc3)C2Cc2ccccc2C1
C1=C2CCCC(Cc3ccccc3)C2Cc2ccccc2CC1
C1=C2CCCC(Cc3ccccc3)C2Cc2ccccc2CC1
C1=C2CCCC(Cc3ccccc3)C2Cc2ccccc2CC1
C1=C2CCCC(Cc3ccccc3)C2Cc2ccccc2CC1
C1=C2CCCC(Cc3ccccc3)C2Cc2ccccc2CC1
C1=C2CCCC(Cc3ccccc3)C2Cc2ccccc2CC1
C1=C2CCCC(Cc3ccccc3)C2Cc2ccccc2CC1
C1=C2CCCC(Cc3ccccc3)C2Cc2ccccc2CC1
C1=C2CCCC(Cc3ccccc3)C2Cc2ccccc2CC1
C=C1C=C2CCCC(Cc3ccccc3)C2Cc2ccccc2C1
C=C1C=C2CCCC(Cc3ccccc3)C2Cc2ccccc2C1
C=C1C=C2CCCC(Cc3ccccc3)C2Cc2ccccc2C1
C1=C2CCCC(Cc3ccccc3)C2Cc2ccccc2CC1
C1=C2CCCC(Cc3ccccc3)C2Cc2ccccc2CC1
C1=C2CCCC(Cc3ccccc3)C2Cc2ccccc2CC1
C1=C2CCCC(Cc3ccccc3)C2Cc2ccccc2C1
C1=C2CCCC(Cc3ccccc3)C2Cc2ccccc2N1
C1=C2CCCC(Cc3ccccc3)C2Cc2ccccc2N1
C1=C2CCCC(Cc3ccccc3)C2Cc2ccccc2N1
C1=C2CCCC(Cc3ccccc3)C2Cc2ccccc2N1
C1=C2CCCC(Cc3ccccc3)C2Cc2ccccc2NC1
C1=C2CCCC(Cc3ccccc3)C2Cc2ccccc2NC1
C1=C2CCCC(Cc3ccccc3)C2Cc2ccccc2NC1
C1=C2CCCC(Cc3ccccc3)C2Cc2ccccc2N2CCC12
C1=C2CCCC(Cc3ccccc3)C2Cc2ccccc2N2CC12
C1=C2CCCC(Cc3ccccc3)C2Cc2ccccc2N2CC12
C1=C2CCCC(Cc3ccccc3)C2Cc2ccccc2N2C=C12
C1=C2CCCC(Cc3ccccc3)C2CC2=C1N2c1ccccc1
C1=C2CCCC(Cc3ccccc3)C2CC2=C1N2c1ccccc1
C1=C2CCCC(Cc3ccccc3)C2CC2=C1N2c1ccccc1
C1=C2CCCC(Cc3ccccc3)C2CC2=C1N2c1ccccc1
C1=C2CCCC(Cc3ccccc3)C2CC2=C1N2Cc1ccccc1
C1=C2CCCC(Cc3ccccc3)C2CC2=C1N2Cc1ccccc1
C1=C2CCCC(Cc3ccccc3)C2CC2=C1N2CCc1ccccc1
C1=C2CCCC(Cc3ccccc3)C2Cc2[nH]n(CCc3ccccc3)c21
C1=C2CCCC(Cc3ccccc3)C2CC2=C1N(CCc1ccccc1)CN2
C1=C2CCCC(Cc3ccccc3)C2CC2=C1N(CCc1ccccc1)CCN2
C1=C2CCCC(Cc3ccccc3)C2CC2=C1N(Cc1ccccc1)CCN2
C1=C2CCCC(Cc3ccccc3)C2CC2=C1N(c1ccccc1)CCN2
C1=C2CCCC(Cc3ccccc3)C2CCC2=C1N(c1ccccc1)CCN2
C1=C2CCCC(Cc3ccccc3)C2CCC2=C1N(c1ccccc1)CCC2
C1=C2CCCC(Cc3ccccc3)C2CCC2=C1N(c1ccccc1)CC2
C1=C2CCCC(Cc3ccccc3)C2CCc2ccn(-c3ccccc3)c21
C1=C2CCC(Cc3ccccc3)C2CCc2ccn(-c3ccccc3)c21
C1=C2CCC(Cc3ccccc3)C2Cc2ccn(-c3ccccc3)c21
C1=C2CCC(Cc3ccccc3)C2Cc2ccn(-c3ccccc3)c21
C1=C2CCC(Cc3ccccc3)C2Cc2ccn(-c3ccccc3)c21
C1=C2CCC(Cc3ccccc3)C2Cc2cnn(-c3ccccc3)c21
C1=C2CCCC(Cc3ccccc3)C2Cc2cnn(-c3ccccc3)c21
C1=C2CCCCC(Cc3ccccc3)C2Cc2cnn(-c3ccccc3)c21
C1=C2CCCCC(Cc3ccccc3)C2Cc2cnn(-c3ccccc3)c21
C1=C2CCCCC(Cc3ccccc3)C2Cc2cnn(-c3ccccc3)c21
C1=C2CCCCC(Cc3ccccc3)C2Cc2cnn(-c3ccccc3)c21
C1=C2CCCC(Cc3ccccc3)C2Cc2cnn(-c3ccccc3)c21
O=C1C=C2COC3C(=C2CC1)C(c1ccccc1)CC1C(C#Cc2ccccc2)CCC31
O=C1C=C2COC3CC(c4ccccc4)C(=C2CC1)C1C(C#Cc2ccccc2)CCC31
C(#CC1CCC2C3CC(c4ccccc4)C(=CCCO3)C12)c1ccccc1
C(#CC1CCC2CCC(c3ccccc3)CC12)c1ccccc1
c1ccc(CC2CCC3CCC(c4ccccc4)CC32)cc1
c1ccc(CC2CCC3CCC(c4ccccc4)CC32)cc1
c1ccc(CC2CCC3CCC(c4c5cccc4-5)CC32)cc1
c1ccc(C2CCC3CCC(c4c5cccc4-5)CC32)cc1
c1ccc(NC2CCC3CCC(c4c5cccc4-5)CC32)cc1
c1ccc(NC2CCC3CCC(c4c5cccc4-5)CC32)cc1
c1ccc(NCC2CCCC(c3c4cccc3-4)C2)cc1
c1ccc(NCC2CCC(c3c4cccc3-4)C2)cc1
c1ccc(NCC2CCC(c3c4cccc3-4)C2)cc1
c1ccc(NCCCCCCOC2CCCC2c2c3cccc2-3)cc1
c1ccc(NCCCCCCOC2CCCC2c2c3cccc2-3)cc1
c1ccc(NCCCCCCOC2CCCC2c2c3cccc2-3)cc1
c1ccc(NCCCCCCOC2CCCC2c2c3cccc2-3)cc1
c1ccc(NCCCCCCCOC2CCCC2c2c3cccc2-3)cc1
c1ccc(NCCCCCCCOC2CCCC2c2ccc3cc2-3)cc1
c1ccc(NCCCCCCCOCC2CCCCc3cc4cc-4c32)cc1
c1ccc(NCCCCCCCOCC2CCCCc3cc4cc-4c32)cc1
c1ccc(NCCCCCCCOCC2CCCCc3cc4cc-4c32)cc1
c1ccc(NCCCCCCCOCC2CCCc3cc4cc-4c32)cc1
c1ccc(NCCCCCCCOCC2CCCc3cc4cc-4c32)cc1
c1ccc(NCCCCCCCOCC2NCCCc3cc4cc-4c32)cc1
c1ccc(NCCCCCCCCCC2NCCCc3cc4cc-4c32)cc1
c1ccc(NCCCCCCCCC2NCCCc3cc4cc-4c32)cc1
c1ccc(NCCCCCCCC2NCCCc3cc4cc-4c32)cc1
c1ccc(NCC2CCCCC2C2NCCCc3cc4cc-4c32)cc1
c1ccc(NCC2(C3NCCCc4cc5cc-5c43)CCCC2)cc1
c1ccc(NCCC2NCCCc3cc4cc-4c32)cc1
c1ccc(NCCC2NCCCc3cc4cc-4c32)cc1
c1ccc(NCCC2NCCCc3cc4cc-4c32)cc1
c1ccc(NCCC2NCCCc3cc4cc-4c32)cc1
c1ccc(NCCC2Cc3c(cc4cc3-4)CCCN2)cc1
c1ccc(NCCC2Cc3c(cc4cc3-4)CCCN2)cc1
c1ccc(NCCC2Cc3c(cc4cc3-4)CCCN2)cc1
c1ccc(NCCC2NCCCc3cc4cc-4c32)cc1
c1ccc(NCCC2CNCCCc3cc4cc-4c32)cc1
c1ccc(NCC2CNCCCc3cc4cc-4c32)cc1
C1=C(CNc2ccccc2)c2c(cc3cc2-3)CCCN1
C1=C(CNc2ccccc2)c2c(cc3cc2-3)CCCN1
C1=C(CCc2ccccc2)c2c(cc3cc2-3)CCCN1
C1=C(Cc2ccccc2)c2c(cc3cc2-3)CCCN1
C1=C(Cc2ccccc2)c2c(cc3cc2-3)CCCN1
C1=C(CCc2ccccc2)c2c(cc3cc2-3)CCCN1
c1ccc(CC2CC3=C2c2c(cc4cc2-4)CCCN3)cc1
C1=C(CCCc2ccccc2)NCCCc2cc3cc-3c21
C1=C(CCc2ccccc2)NCCCc2cc3cc-3c21
C1=C(Cc2ccccc2)NCCCc2cc3cc-3c21
C1=C(Cc2ccccc2)NCCCc2cc3cc-3c21
C1=C(c2ccccc2)NCCCc2cc3cc-3c21
C1=C(c2ccccc2)NCCCc2cc3cc-3c21
C1=C(c2ccccc2)NCCCc2cc3cc-3c21
C1=C(c2ccccc2)NCCCc2cc3cc-3c21
C1=C(c2ccccc2)NCCCc2cc3cc-3c21
C1=C(c2ccccc2)NCCCc2ccccc21
C1=C(c2ccccc2)NCCCc2ccccc21
C1=C(Cc2ccccc2)NCCCc2ccccc21
C1=C(Cc2ccccc2)NCCCc2ccccc21
C1=Cc2ccc(-c3ccccc3)cc2CCCN1
C1=Cc2ccc(-c3ccccc3)cc2CCCN1
C1=Cc2ccc(-c3ccccc3)cc2CCCN1
C1=Cc2ccc(-c3ccccc3)cc2CCCN1
C1=Cc2ccc(-c3ccccc3)cc2CCCN1
c1ccc(-c2ccc3c(c2)CCCNC3)cc1
c1ccc(-c2ccc3c(c2)CCCNC3)cc1
c1ccc(-c2ccc3c(c2)CCCNC3)cc1
c1ccc(-c2ccc3c(c2)CCCNC3)cc1
c1ccc(-c2ccc3c(c2)CCCNC3)cc1
c1ccc(-c2ccc3c(c2)CCCNC3)cc1
c1ccc(-c2ccc3c(c2)CCCNC3)cc1
c1ccc(-c2ccc3c(c2)CCCNC3)cc1
c1ccc(-c2ccc3c(c2)CCCNC3)cc1
c1ccc(-c2ccc3c(c2)CCCNC3)cc1
c1ccc(-c2ccc3c(c2)CCCN3)cc1
c1ccc(-c2ccc3c(c2)CCCN3)cc1
c1ccc(-c2ccc3c(c2)CCCN3)cc1
c1ccc(-c2ccc3c(c2)CCCN3)cc1
c1ccc(-c2ccc3c(c2)CCCN3)cc1
c1ccc(-c2ccc3c(c2)CCCN3)cc1
c1ccc(-c2ccc3c(c2)CCCN3)cc1
c1ccc(-c2ccc3c(c2)CCCN3)cc1
c1ccc(-c2ccc3c(c2)CCCN3)cc1
c1ccc(-c2ccc3c(c2)CCCN3)cc1
c1ccc(-c2ccc3c(c2)CCCN3)cc1
c1ccc(-c2ccc3c(c2)CCCN3)cc1
c1ccc(-c2ccc3c(c2)CCCN3)cc1
c1ccc(-c2ccc3c(c2)CCCN3)cc1
c1ccc(-c2ccc3c(c2)CCCN3)cc1
c1ccc(-c2ccc3c(c2)CCCN3)cc1
c1ccc(-c2ccc3c(c2)CCCN3)cc1
c1ccc(-c2ccc3c(c2)CCCN3)cc1
c1ccc(-c2ccc3c(c2)CCCN3)cc1
c1ccc(-c2ccc3c(c2)CCCN3)cc1
c1ccc(-c2ccc3c(c2)CCCN3)cc1
c1ccc(-c2ccc3c(c2)CCCN3)cc1
c1ccc(-c2ccc3c(c2)CCCN3)cc1
c1ccc(-c2ccc3c(c2)CCCN3)cc1
c1ccc(-c2ccc3c(c2)CCCN3)cc1
c1ccc(-c2ccc3c(c2)CCCN3)cc1
c1ccc(-c2ccc3c(c2)CCCN3)cc1
c1ccc(-c2ccc3c(c2)CCCN3)cc1
c1ccc(-c2ccc3c(c2)CCCN3)cc1
c1ccc(-c2ccc3c(c2)CCCN3)cc1
c1ccc(-c2ccc3c(c2)CCCN3)cc1
c1ccc(-c2ccc3c(c2)CCCN3)cc1
c1ccc(-c2ccc3c(c2)CCCN3)cc1
c1ccc(-c2ccc3c(c2)CCCN3)c(CCCC2CN2)c1
C1=C(CCCc2ccccc2-c2ccc3c(c2)CCCN3)N1
c1ccc(-c2ccc3c(c2)CCCN3)cc1
c1ccc(-c2ccc3c(c2)CCCN3)cc1
c1ccc(-c2ccc3c(c2)CCCN3)cc1
c1ccc(-c2ccc3c(c2)CCCN3)cc1
c1ccc(-c2ccc3c(c2)CCCN3)cc1
c1ccc(-c2ccc3c(c2)CCCN3)cc1
c1ccc(-c2ccc3c(c2)CCCN3)cc1
c1ccc(-c2ccc3c(c2)CCCN3)cc1
c1ccc(-c2ccc3c(c2)CCCN3)cc1
c1ccc(-c2ccc3c(c2)CCCN3)cc1
c1ccc(-c2ccc3c(c2)CCCN3)cc1
c1ccc(-c2ccc3c(c2)CCCN3)cc1
c1ccc(-c2ccc3c(c2)CCCN3)cc1
c1ccc(-c2ccc3c(c2)CCCN3)cc1
c1ccc(-c2ccc3c(c2)CCCN3)cc1
c1ccc(-c2ccc3c(c2)CCCN3)cc1
c1ccc(-c2ccc3c(c2)CCCN3)cc1
c1ccc(-c2ccc3c(c2)CCCN3)cc1
c1ccc(-c2ccc3c(c2)CCCN3)cc1
c1ccc(-c2ccc3c(c2)CCCN3)cc1
c1ccc(-c2ccc3c(c2)CCCN3)cc1
c1ccc(-c2ccc3c(c2)CCCN3)cc1
c1ccc(-c2ccc3c(c2)CCCN3)cc1
c1ccc(-c2ccc3c(c2)CCCN3)cc1
c1ccc(CNc2ccccc2-c2ccc3c(c2)CCCN3)cc1
c1ccc(Nc2ccccc2-c2ccc3c(c2)CCCN3)cc1
c1ccc(Nc2ccccc2-c2ccc3c(c2)CCCN3)cc1
c1ccc(Nc2ccccc2-c2ccc3c(c2)CCCN3)cc1
c1ccc(Nc2ccccc2-c2ccc3c(c2)CCCN3)cc1
c1ccc(-c2ccccc2-c2ccc3c(c2)CCCN3)cc1
c1ccc(-c2ccccc2-c2ccc3c(c2)CCCN3)cc1
c1ccc(-c2ccccc2-c2ccc3c(c2)CCCN3)cc1
c1ccc(-c2ccccc2-c2ccc3c(c2)CCCN3)cc1
c1ccc(-c2ccccc2-c2ccc3c(c2)CCCN3)cc1
c1ccc(-c2ccccc2-c2ccc3c(c2)CCCN3)cc1
c1ccc(-c2ccccc2-c2ccc3c(c2)CCCN3)cc1
c1ccc(-c2ccccc2-c2ccc3c(c2)CCCN3)cc1
c1ccc(-c2ccccc2-c2ccc3c(c2)CCCN3)cc1
c1ccc(-c2ccccc2-c2ccc3c(c2)CCCN3)cc1
c1ccc(-c2cccc(-c3ccc4c(c3)CCCN4)c2)cc1
c1ccc2c(c1)-c1cccc(-c3ccc4c(c3)CCCN4)c1-2
c1ccc2c(c1)-c1cccc(-c3ccc4c(c3)CCCN4)c1-2
c1ccc2c(c1)[nH]c1c(-c3ccc4c(c3)CCCN4)cccc12
C(C=Cc1c[nH]c2ccccc12)=Cc1ccc2c(c1)CCCN2
C(C=Cc1c[nH]c2ccccc12)=Cc1ccc2c(c1)CCCN2
C(=Cc1c[nH]c2ccccc12)Cc1ccc2c(c1)CCCN2
c1ccc2c(CCc3ccc4c(c3)CCCN4)c[nH]c2c1
c1ccc2c(CCc3ccc4c(c3)CCCN4)c[nH]c2c1
c1ccc2c(CCc3ccc4c(c3)CCCN4)c[nH]c2c1
c1ccc2c(CCc3ccc4c(c3)CCCN4)c[nH]c2c1
c1ccc2c(Cc3ccc4c(c3)CCCN4)c[nH]c2c1
c1ccc2c(Cc3ccc4c(c3)CCCN4)c[nH]c2c1
c1ccc2c(-c3ccc4c(c3)CCCN4)c[nH]c2c1
O=C1C=C2COC3C(=C2CC1)C(c1ccccc1)CC1C(C#Cc2ccccc2)CCC31
O=C1C=C2COC3C(=C2CC1)C(c1ccccc1)CC1C(C#Cc2ccccc2)CCC31
O=C1C=C2COC3C(=C2CC1)C(c1ccccc1)CCC3CCCC#Cc1ccccc1
O=C1C=C(COC2CC(c3ccccc3)CCC2CCCC#Cc2ccccc2)CCC1
O=C1C=C(COC2CC(c3ccccc3)CCC2CCCC#Cc2ccccc2)CCC1
O=C1C=C(COC2CC(c3ccccc3)CCC2CCC#Cc2ccccc2)CCC1
O=C(OC1CC(c2ccccc2)CCC1CCC#Cc1ccccc1)C1=CCCCC1
O=C(OC1CC(c2ccccc2)CCC1CCC#Cc1ccccc1)C1CCCC1
O=C(OC1CC(c2ccccc2)CCC1CCC#Cc1ccccc1)C1CCCC1
O=C(NC1CCCC1)OC1CC(c2ccccc2)CCC1CCC#Cc1ccccc1
O=C(NC1CCCC1)OCC(CCC#Cc1ccccc1)CCCc1ccccc1
O=C(NC1CCCC1)OCC(CC#Cc1ccccc1)CCCc1ccccc1
O=C(NC1CCCC1)OCC(C#Cc1ccccc1)CCCc1ccccc1
O=C(NC1CCCCC1)OCC(C#Cc1ccccc1)CCCc1ccccc1
O=C(NC1CCCCC1)OCC(C#Cc1ccccc1)CCCc1ccccc1
O=C(NC1CCCCC1)OCC(C#Cc1ccccc1)CCCc1ccccc1
O=C(NC1CCCCC1)OCC(C#Cc1ccccc1)CCCOc1ccccc1
O=C(NC1CCCCC1)OCC(CCCOc1ccccc1)Cc1ccccc1
O=C(NC1CCCCC1)OCCC(Oc1ccccc1)c1ccccc1
O=C(NC1CCCCC1)OCCC(Oc1ccccc1)c1ccccc1
O=C(NC1CCCCC1)OCCC(Oc1cccnc1)c1ccccc1
O=C(NC1CCCCC1)OCCC(Oc1cccnc1)c1ccccc1
O=C(NC1CCCCC1)OCCC(Oc1cccnc1)c1ccccc1
O=C(NC1CCCCC1)OCCC(Oc1cccnc1)c1ccccc1
O=C(CCCC(Oc1cccnc1)c1ccccc1)NC1CCCCC1
O=C(CCCC(Oc1cccnc1)c1ccccc1)NC1CCCCC1
O=C(CCCC(Oc1cccnc1)c1ccccc1)NC1CCCC1
O=C(CCCC(Oc1cccnc1)c1ccccc1)NC1CCCC1
O=C(CCCC(Oc1cccnc1)c1ccccc1)NC1CCCC1
O=C(CNCC(Oc1cccnc1)c1ccccc1)NC1CCCC1
O=C(CNCC(Oc1cccnc1)c1ccccc1)NC1CCCC1
O=C(CNCC(Oc1cccnc1)c1ccccc1)NC1CCCC1
O=C(CNCC(Oc1cccnc1)c1ccccc1)NC1CCCCC1
O=C(CNCC(Oc1cccnc1)c1ccccc1)NC1CCCCCC1
O=C(CNCC(Oc1cccnc1)c1ccccc1)NC1CCCCCC1
O=C(CNCC(Oc1cccnc1)c1ccccc1)NC1CCCCCCC1
O=C(CNCC(Oc1cccnc1)c1ccccc1)NC1CCCCCCC1
O=C(CNCC(Oc1cccnc1)c1ccccc1)NC1CCCCCC1
O=C(CNCC(Oc1cccnc1)c1ccccc1)NC1CCCCC1
O=C(CNCC(Oc1ccc(C(=O)NC2CO2)nc1)c1ccccc1)NC1CCCCC1
O=C(CNCC(Oc1ccc(C(=O)NC2CC2)nc1)c1ccccc1)NC1CCCCC1
O=C(CNCC(Oc1ccc(C(=O)NC2CC2)nc1)c1ccccc1)NC1CCCCC1
O=C(CNCC(Oc1ccc(C(=O)NC2CCC2)nc1)c1ccccc1)NC1CCCCC1
O=C(CNCC(Oc1ccc(C(=O)NC2CCC2)nc1)c1ccccc1)NC1CCCC1
O=C(CNCC(Oc1ccc(C(=O)NC2CCC2)nc1)c1ccccc1)NC1CCCC1
O=C(CNCC(Oc1ccc(C(=O)NC2CCC2)nc1)c1ccccc1)NC1CCCC1
O=C(CNCC(Oc1ccc(C(=O)NC2CC2)nc1)c1ccccc1)NC1CCCC1
O=C(CNCC(Oc1ccc(C(=O)NC2CC2)nc1)c1ccccc1)NC1CCCCC1
O=C(CCNCC(Oc1ccc(C(=O)NC2CC2)nc1)c1ccccc1)NC1CCCCC1
O=C(CCNC1CCCCC1)NCC(Oc1ccc(C(=O)NC2CC2)nc1)c1ccccc1
O=C(CCNC1CCCCC1)NCC(Oc1ccc(C(=O)NC2CCC2)nc1)c1ccccc1
O=C(CCNC1CCCC1)NCC(Oc1ccc(C(=O)NC2CCC2)nc1)c1ccccc1
O=C(CC1CCCC1)NCC(Oc1ccc(C(=O)NC2CCC2)nc1)c1ccccc1
O=C(CC1CCC1)NCC(Oc1ccc(C(=O)NC2CCC2)nc1)c1ccccc1
O=C(CC1CCC1)NCC(Oc1ccc(C(=O)NC2CCCC2)nc1)c1ccccc1
O=C(CC1CC1)NCC(Oc1ccc(C(=O)NC2CCCC2)nc1)c1ccccc1
O=C(NC1CCCC1)c1ccc(OCc2ccccc2)cn1
O=C(NC1CCCCC1)c1ccc(OCc2ccccc2)cn1
O=C(NC1CCCCC1)c1ccc(OCc2ccccc2)cn1
O=C(NC1CCCCC1)c1ccc(OCc2ccccc2)cn1
O=C(NC1CCCCC1)c1ccc(OCc2ccccc2)cn1
O=C(NC1CCCCC1)c1ccc(OCc2ccccc2)cn1
O=C(NC1CCCCC1)c1ccc(OCc2ccccc2)cn1
O=C(NC1CCCCC1)c1ccc(OCc2ccccc2)cn1
O=C(NC1CCCCC1)c1ccc(OCc2ccccc2)cn1
O=C(NC1CCCC1)c1ccc(OCc2ccccc2)cn1
O=C(NC1CCCC1)c1ccc(OCc2ccccc2)cn1
O=C(NC1CCCCC1)c1ccc(OCc2ccccc2)cn1
O=C1C=C2COC3C(=C2CC1)C(c1ccccc1)CC1C(C#Cc2ccccc2)CCC31
C(#CC1CCC2C3OCCC=C3C(c3ccccc3)CC12)c1ccccc1
C(#CC1CCC2CCC(c3ccccc3)CC12)c1ccccc1
C(#CC1CCC2CCC(c3ccc4c(c3)CN4)CC12)c1ccccc1
C(#CC1CCC2CCC(c3ccc4c(c3)CN4)CC12)c1ccccc1
c1ccc(CC2CCC3CCC(c4ccc5c(c4)CN5)CC32)cc1
c1ccc(CC2CCC3CCC(c4ccc5c(c4)CN5)CC32)cc1
c1ccc(CC2CCC3CCC(c4ccc5c(c4)CN5)CC32)cc1
c1ccc(CCCCCCCCOC2CC(c3ccc4c(c3)CN4)CC3CCCC32)cc1
c1ccc(CCCCCCCCOC2C(c3ccc4c(c3)CN4)CC3CCCC32)cc1
c1ccc(CCCSCCCCCOC2C(c3ccc4c(c3)CN4)CC3CCCC32)cc1
c1ccc(CCSCCCCCOC2C(c3ccc4c(c3)CN4)CC3CCCC32)cc1
c1ccc(CCSCCCCCOC2C(c3ccc4c(c3)CN4)CC3CCCC32)cc1
c1ccc(CCSCCCCCOC2C3CCCC3C2c2ccc3c(c2)CN3)cc1
c1ccc(CCSCCCCOC2C3CCCC3C2c2ccc3c(c2)CN3)cc1
c1ccc(CCSCCCOC2C3CCCC3C2c2ccc3c(c2)CN3)cc1
c1ccc(CCSCc2cc3c(cc2C2CC4CCCC42)CN3)cc1
c1ccc(CCSCc2cc3c(cc2C2CC4CCCC42)CN3)cc1
c1ccc(CCSCc2ccccc2C2CC3CCCC32)cc1
c1ccc(CCSCc2ccccc2C2CC3CCCC32)cc1
c1ccc(CCSCc2ccccc2C2CC3CCC32)cc1
c1ccc(CCSCc2ccccc2C2CC3CCC32)cc1
c1ccc(CCSCc2ccccc2C2CC3CCC32)cc1
C1=CCC(CSCCc2ccccc2)=C(C2CC3CCC32)C=C1
C1=CC=C(C2CC3CCC32)CC(CSCCc2ccccc2)=C1
c1ccc(CCSCc2ccccc2C2CC3CCC32)cc1
c1ccc(CCSCc2ccccc2C2CC3CC32)cc1
c1ccc(CCSCc2ccccc2C2CCC2)cc1
c1ccc(CCSCc2ccccc2OC2CCC2)cc1
c1ccc(CCSCc2ccccc2OC2CCCC2)cc1
c1ccc(CCSCc2ccccc2OC2CCCC2)cc1
c1ccc(CCSCc2ccccc2OC2CCC2)cc1
c1ccc(CCSCc2ccccc2OC2CCC2)cc1
c1ccc(CCSCc2ccccc2OCC2CCC2)cc1
c1ccc(CCSCc2ccccc2OCC2CCN2)cc1
c1ccc(CCSCc2ccccc2OCC2CCCN2)cc1
C1=CC(COc2ccccc2CSCCc2ccccc2)NC1
C1=CC(COc2ccccc2CSCCc2ccccc2)NCC1
C1=CC(COc2ccccc2CSCCc2ccccc2)NCC1
C1=CC(COc2ccccc2CSCCc2ccccc2)NCCN1
C1=CC(COc2ccccc2CSCCc2ccccc2)CCCN1
C1=CC(COc2ccccc2CSCCc2ccccc2)CCCN1
C1=CC(COc2ccccc2CSCCc2ccccc2)C=CNC1
C1=CC2C(=CNC1)CC2Oc1ccccc1CSCCc1ccccc1
C1=CCC(CCOc2ccccc2CSCCc2ccccc2)=CNC1
C1=CCNC=C(CCOc2ccccc2CSCCc2ccccc2)CC1
C1=CC(CCCCOc2ccccc2CSCCc2ccccc2)=CNC1
C1=CC(CCCOc2ccccc2CSCCc2ccccc2)=CNC1
C1=C(CCCOc2ccccc2)C(CSCCc2ccccc2)=CCN1
C1=C(CCOc2ccccc2)C(CSCCc2ccccc2)=CCN1
C1=C(COc2ccccc2)C(CSCCc2ccccc2)=CCN1
C1=C(COc2ccccc2)C(CSCCc2ccccc2)=CCN1
C1=CNCC=C(CSCCc2ccccc2)C=1COc1ccccc1
C1=CNCC=C(CSCCc2ccccc2)C=1COc1ccccc1
C1=CNCC=C(CSCCc2ccccc2)C=1Cc1ccccc1
C1=C(CSCCc2ccccc2)C(Cc2ccccc2)=CNC1
C1=C(CSCCCc2ccccc2)C(Cc2ccccc2)=CNC1
C1=C(CSCCCc2ccccc2)C(c2ccccc2)=CNC1
C1=C(CSCCCc2ccccc2)C(c2ccccc2)=CNC1
C1=C(CSCCCc2ccccc2)C(c2ccccc2)=CNC1
C1=C(CSCCCc2ccccc2)C(c2ccccc2)=CNC1
C1=C(CSCCCc2ccccc2)C(c2ccccc2)=CNC1
C1=C(CSCCCc2ccccc2)C(c2ccccc2)=CNC1
C1=CNCC=C(CSCCCc2ccccc2)C=1c1ccccc1
C1=CNCC=C(CSCCc2ccccc2)C=1c1ccccc1
C1=CNCC=C(CSCCc2ccccc2)C=1c1ccccc1
C=C1CC=C(c2ccccc2)C(CSCCc2ccccc2)=CCN1
C=C1CC=C(c2ccccc2)C(CSCCc2ccccc2)=CCN1
C=C1CC=C(c2ccccc2)C(CSCCc2ccccc2)=CCN1
C=C1C=C(c2ccccc2)C(CSCCc2ccccc2)=CCN1
C1=C(CSCCc2ccccc2)C(c2ccccc2)=C2CC=C2NC1
C1=C(CSCCc2ccccc2)C(c2ccccc2)=C2CC=C2NC1
C1=C(CSCCc2ccccc2)C(c2ccccc2)=C2CC=C2NC1
C1=C(CSCCc2ccccc2)C(c2ccccc2)=C2CC=C2NC1
C1=C(CSCCc2ccccc2)C(c2ccccc2)=C2CC=C2NC1
C=C1C=C(c2ccccc2)C(CSCCc2ccccc2)=CCN1
C=C1C=C(c2ccccc2)C(CSCCc2ccccc2)=CCN1
C=C1C=C(c2ccccc2)C(CSCCc2ccccc2)=CCN1
C=C1C=C(c2ccccc2)C(CSCCc2ccccc2)=CCN1
C=C1C=C(c2ccccc2)C(CSCCc2ccccc2)=CCN1
C=C1C=C(c2ccccc2)C(CSCCc2ccccc2)=CCN1
C=C1C=C(c2ccccc2)C(CSCCc2ccccc2)=CCN1
C=C1C=C(c2ccccc2)C(CSCCc2ccccc2)=CCN1
C=C1C=C(c2ccccc2)C(CSCCc2ccccc2)=CCN1
C=C1C=C(c2ccccc2)C(CSCCc2ccccc2)=CCN1
C=C1C=C(c2ccccc2)C(CSCCc2ccccc2)=CCN1
C=C1C=C(c2ccccc2)C(CSCCc2ccccc2)=CCN1
C=C1C=C(c2ccccc2)C(CSCCc2ccccc2)=CCN1
C=C1C=C(c2ccccc2)C(CSCCc2ccccc2)=CCN1
C=C1C=C(c2ccccc2)C(CSCCc2ccccc2)=CCN1
C=C1C=C(c2ccccc2)C(CSCCc2ccccc2)=CCN1
C=C1C=C(c2ccccc2)C(CSCCc2ccccc2)=CCN1
C=C1C=C(c2ccccc2)C(CSCCc2ccccc2)=CCN1
C=C1C=C(c2ccccc2)C(CSCCc2ccccc2)=CCN1
C=C1C=C(c2ccccc2)C(CSCCc2ccccc2)=CCN1
C=C1C=C(c2ccccc2)C(CSCCc2ccccc2)=CCN1
C=C1C=C(c2ccccc2)C(CSCCc2ccccc2)=CCN1
C=C1C=C(c2ccccc2)C(CSCCc2ccccc2)=CCN1
C=C1C=C(c2ccccc2)C(CSCCc2ccccc2)=CCN1
C=C1C=C(c2ccccc2)C(CSCCc2ccccc2)=CCN1
C=C1C=C(c2ccccc2)C(CSCCc2ccccc2)=CCN1
C=C1C=C(c2ccccc2)C(CSCCc2ccccc2)=CCN1
C1=CCCC2=C(c3ccccc3)C(CSCCc3ccccc3)=CCNC2=C1
C1=CCCCC2=C(c3ccccc3)C(CSCCc3ccccc3)=CCNC2=C1
C1=CCCCC2=C(c3ccccc3)C(CSCCc3ccccc3)=CCNC2=C1
C1=CC=C2NCC=C(CSCCc3ccccc3)C(c3ccccc3)=C2CC=C1
C1=CC=C2NCC=C(CSCCc3ccccc3)C(c3ccccc3)=C2C=C1
C1=CC=C(c2ccccc2)C2=CC(CSCCc3ccccc3)=CCNC2=C1
C1=C(CSCCc2ccccc2)C=C2C(=CCC=C2c2ccccc2)NC1
C1=C(CSCCc2ccccc2)C=C2C(=CC=C2c2ccccc2)NC1
C1=C(CCSCCc2ccccc2)C=C2C(=CC=C2c2ccccc2)NC1
C1=C(CCSCc2ccccc2)C=C2C(=CC=C2c2ccccc2)NC1
C1=C(CCSCc2ccccc2)c2cc(-c3ccccc3)ccc2NC1
C1=C(CSCc2ccccc2)c2cc(-c3ccccc3)ccc2NC1
C1=C(CSCCc2ccccc2)c2cc(-c3ccccc3)ccc2NC1
O=C1C=C2COC3C(=C2CC1)C(c1ccccc1)CC1C(C#Cc2ccccc2)CCC31
O=C1C=C(COC2CC(c3ccccc3)CC3C(C#Cc4ccccc4)CCC23)CCC1
C(#CC1CCC2CCC(c3ccccc3)CC12)c1ccccc1
C(#CC1CCCC1CCc1ccccc1)c1ccccc1
C(#Cc1ccccc1)CC(CCc1ccccc1)C1CCCCOC1
C(#Cc1ccccc1)CC(CCc1ccccc1)C1CCCCOC1
C(#Cc1ccccc1)CC(CCc1ccccc1)C1CCCCOC1
C(#Cc1ccccc1)CC(CCc1ccccc1)C1CCCCOC1
C(#Cc1ccccc1)CC(CCc1ccccc1)C1CCCCOC1
C(#Cc1ccccc1)CC(CCc1ccccc1)C1CCCCOC1
O=C1CCCC(C(CC#Cc2ccccc2)CCc2ccccc2)CO1
O=C1CCC(C(CC#Cc2ccccc2)CCc2ccccc2)CO1
O=C1CC(C(CC#Cc2ccccc2)CCc2ccccc2)CCO1
O=C1CC(C(CC#Cc2ccccc2)CCc2ccccc2)CCO1
O=C1C=C(C(CC#Cc2ccccc2)CCc2ccccc2)CCO1
O=C1C=C(C(CC#Cc2ccccc2)CCc2ccccc2)CCO1
O=C1C=C(C(CC#Cc2ccccc2)c2ccccc2)CCO1
O=C1C=C(C(CC#Cc2ccccc2)c2ccccc2)CCO1
O=C1C=C(C(CC#Cc2ccccc2)c2ccccc2)CCO1
O=C1C=C(Cc2cccc(CC#Cc3ccccc3)c2)CCO1
O=C1C=C(Cc2cccc(CC#Cc3ccccc3)c2)CCO1
O=C1C=C(Cc2cccc(CCc3ccccc3)c2)CCO1
O=C1C=C(Cc2cccc(CCc3ccccc3)c2)CCO1
O=C1C=C(Cc2cccc(Cc3ccccc3)c2)CCO1
O=C1C=C(Cc2cccc(Cc3ccccc3)c2)CCO1
O=C1C=C(Cc2cccc(Cc3ccccc3)c2)CCO1
O=C1C=C(Cc2cccc(Cc3ccccc3)c2)CCO1
O=C1C=C(Cc2cccc(Cc3ccccc3)c2)CCO1
O=C1C=C(Cc2cccc(Cc3ccccc3)c2)CCO1
O=C1C=C(Cc2cccc(Cc3ccccc3)c2)CCO1
O=C1C=C(Cc2cccc(Cc3cccc4c3OCCC4)c2)CCO1
O=C1C=C(Cc2cccc(Cc3cccc4c3OCC4)c2)CCO1
O=C1C=C(Cc2cccc(Cc3cccc4c3OCC4)c2)CCC1
O=C1C=C(Cc2cccc(Cc3cccc4c3OCC4)c2)CCC1
O=C1C=C(Cc2cccc(Cc3cccc4c3OCC4)c2)CC1
O=C1C=C(Cc2cccc(Cc3cccc4c3OCC4)c2)C1
O=c1cc1Cc1cccc(Cc2cccc3c2OCC3)c1
O=c1cc1Cc1cccc(Cc2cccc3c2OCC3)c1
O=c1cc1C(CCCc1cccc2c1OCC2)c1ccccc1
O=c1cc1C(CCCc1cccc2c1OCC2)c1ccccc1
O=c1cc1C(CCc1cccc2c1OCC2)c1ccccc1
O=c1cc1C(CCc1cccc2c1OCC2)c1ccccc1
O=c1cc1C(CCc1cccc2c1OCC2)c1ccccc1
O=c1cc1C(CCc1cccc2c1OCC2)C1=CCC=C1
O=c1cc1C(CCc1cccc2c1OCC2)C1=CCC1
O=c1cc1C(CCc1cccc2c1OCC2)C1CC1
O=c1cc1CCCc1cccc2c1OCC2
O=c1cc1CCCc1cccc2c1OCC2
O=c1cc1CCCc1cccc2c1OCC2
O=c1cc1CCCc1cccc2c1OCC2
c1ccc2c(c1)CCO2
c1ccc2c(c1)CCO2
c1ccc2c(c1)CCO2
c1ccc2c(c1)CCO2
c1ccc2c(c1)CCO2
c1ccc2c(c1)CCO2
c1ccc2c(c1)CCO2
c1ccc2c(c1)CCO2
c1ccc2c(c1)CCO2
c1ccc2c(c1)CCO2
c1ccc2c(c1)CCO2
c1ccc2c(c1)CCO2
c1ccc2c(c1)CCO2
c1ccc2c(c1)CCO2
c1ccc2c(c1)CCO2
c1ccc2c(c1)CCO2
c1ccc2c(c1)CCO2
c1ccc2c(c1)CCO2
c1ccc2c(c1)CCO2
c1ccc2c(c1)CCO2
c1ccc2c(c1)CCO2
c1cc(CCCCN2CO2)c2c(c1)CCO2
c1cc(CCCCN2COC2)c2c(c1)CCO2
c1cc(CCCCN2COC2)c2c(c1)CCO2
O=C1OCN1CCCCc1cccc2c1OCC2
O=C1OCN1CCCCc1cccc2c1OCC2
O=C1CCN1CCCCc1cccc2c1OCC2
O=C1CCCN1CCCCc1cccc2c1OCC2
O=C1CCCCN1CCCCc1cccc2c1OCC2
O=C1CCCN(CCCCc2cccc3c2OCC3)C1
O=C1CCN(CCCCc2cccc3c2OCC3)C1
O=C1C2CN(CCCCc3cccc4c3OCC4)C12
O=C1C2=CN(CCCCc3cccc4c3OCC4)C12
O=C1C2=CN(CCCCc3cccc4c3OCC4)CC12
O=c1c2cn(CCCCc3cccc4c3OCC4)cc12
O=c1c2cn(CCCCc3cccc4c3OCC4)cc12
O=c1ccn(CCCCc2cccc3c2OCC3)cc1
O=c1ccn(CCCCc2cccc3c2OCC3)cc1
O=c1ccn(CCCCc2cccc3c2OCC3)cc1
O=c1ccn(CCCCc2cccc3c2OCC3)cc1
O=c1ccn(CCCCc2cccc3c2OCC3)cc1
O=C1C=C2CCC3C(=C2CC1)C(c1ccc2ocnc2c1)CC1CCCC13
O=C1C=C2CCC3C(=C2CC1)C(c1ccc2ocnc2c1)CC1CCCC13
C1=C2C(c3ccc4ocnc4c3)CC3CCCC3C2CCC1
C1=C(Cc2ccc3ocnc3c2)C(C2CCCC2)CCC1
C1=C(Cc2ccccc2)C(C2CCCC2)CCC1
C1=C(Nc2ccccc2)C(C2CCCC2)CCC1
C1=C(Nc2ccccc2)C(C2CCCC2)CCC1
C1=C(Nc2ccccc2)C(C2CCCC2)CCC1
C1=C(NCOc2ccccc2)C(C2CCCC2)CCC1
C1=C(NCOc2ccccc2)C(C2CCCC2)CCC1
C1=C(NCOc2ccccc2)C(C2CCCC2)CCC1
C=C(CC1CCCC1)NCOc1ccccc1
C=C(CC1CCCC1)NCOc1ccccc1
C=C(CC1CCCC1)NCOc1ccccc1
C=C(CC1CCCC1)NCOc1ccccc1
C=C(CC1CCCCC1)NCOc1ccccc1
C=C(CC1CCCCC1)NCOc1ccccc1
C=C(CC1CCCCC1)NCOc1ccccc1
C=C(CC1CCCCC1)NCOc1ccccc1
C=C(CC1CCCCCC1)NCOc1ccccc1
C=C(CC1CCCCCC1)NCOc1ccccc1
C=C(CNC1CCCCCC1)NCOc1ccccc1
C=C(CNC1CCCCC1)NCOc1ccccc1
C=C(CCNC1CCCCC1)NCOc1ccccc1
C=C(CCNC1CCCCC1)NCOc1ccccc1
C=C(CCNC1CCCCC1)NCOc1ccccc1
C=C(CCNC1CCCCC1)NCOc1ccccc1
C=C(CC(=C)NC1CCCCC1)NCOc1ccccc1
C=C(CC(=C)NC1CCCCCC1)NCOc1ccccc1
C=C(CC(=C)NC1CCCCCC1)NCOc1ccccc1
C=C(CC(=C)NC1CCCCCC1)NCOc1ccccc1
C=C(CC(=C)NC1CCCCCC1)NCOc1ccccc1
C=C(CC(=O)NC1CCCCCC1)NCOc1ccccc1
C=C(CC(=O)NC1CCCCCC1)NCOc1ccccc1
C=C(CC(=O)NC1CCCCCC1)NCOc1ccccc1
C=C(CC(=O)NC1CCCCCCC1)NCOc1ccccc1
C=C(CC(=O)NC1CCCCCCC1)NCOc1ccccc1
C=C(CC(=O)NC1CCCCCCC1)NCOc1ccccc1
C=C(CC(=O)NC1CCCCCCC1)NCOc1ccccc1
C=C(CC(=O)NC1CCCCCCC1)NCOc1ccccc1
C=C(CC(=O)NC1CCCCCCC1)NCOc1ccccc1
C=C(CC(=O)NC1CCCCCCC1)NCOc1ccccc1
C=C(CC(=O)NC1CCCCCC1)NCOc1ccccc1
C=C(CC(=O)NC1CCCCCC1)NCOc1ccccc1
C=C(CC(=O)NC1CCCCCC1)NCOc1ccccc1
C=C(CC(=O)NC1CCCCCC1)NCOc1ccccc1
C=C(CC(=O)NC1CCCCCC1)NCOc1ccccc1
C=C(CC(=O)NC1CCCCCC1)NCOc1ccccc1
C=C(CC(=O)NC1CCCCCC1)NCOc1ccccc1
C=C(CC(=O)NC1CCCCCC1)NCOc1ccccc1
C=C(CC(=O)NC1CCCCCC1)NCOc1ccccc1
C=C(CC(=O)NC1CCCCCC1)NCOc1ccccc1
C=C(CC(=O)NC1CCCCCC1)NCOc1ccccc1
C=C(CC(=O)NC1CCCCCC1)NCOc1ccccc1
C=C(CC(=O)NC1CCCCCC1)NCOc1ccccc1
C=C(CC(=O)NC1CCCCCC1)NCOc1ccccc1
C=C(CC(=O)NC1CCCCCC1)NCOc1ccccc1
C=C(CC(=O)NC1CCCCCC1)NCOc1ccccc1
C=C(CC(=O)NC1CCCCCC1)NCOc1ccccc1
C=C(CC(=O)NC1CCCCCC1)NCOc1ccccc1
C=C(CC(=O)NC1CCCCCCC1)NCOc1ccccc1
C=C(CC(=O)NC1CCCCCCC1)NCOc1ccccc1
C=C(CC(=O)NC1CCCCCCC1)NCOc1ccccc1
C=C(CC(=O)NC1CCCCCC1)NCOc1ccccc1
C=C(CC(=O)NC1CCCCCC1)NCOc1ccccc1
C=C(CC(=O)NC1CCCCCC1)NCOc1ccccc1
C=C(CC(=O)NC1CCCCCC1)NCOOc1ccccc1
C=C(CC(=O)NC1CCCCC1)NCOOc1ccccc1
C=C(CC(=O)NC1CCCCC1)NCOOc1ccccc1
C=C(CC(=O)NC1CCCCC1)NCOCOc1ccccc1
C=C(CC(=O)NC1CCCCCC1)NCOCOc1ccccc1
C=C(CC(=O)NC1CCCCCC1)NCCOc1ccccc1
C=C(CC(=O)NC1CCCCCC1)NCCOc1ccccc1
C=C(CC(=O)NC1CCCCC1)NCCOc1ccccc1
C=C(CC(=O)NC1CCCCC1)NCCOc1ccccc1
C=C(CC(=O)NC1CCCCC1)NCCOc1ccccc1
C=C(CC(=O)NC1CCCCC1)NCCOc1ccccc1
C=C(CC(=O)NC1CCCCC1)NCCOc1ccccc1
C=C(CC(=O)NC1CCCCC1)NCCOc1ccccc1
C=C(CC(=O)NC1CCCCC1)NCC(Oc1ccccc1)C1CC1
C=C(CC(=O)NC1CCCCC1)NCC(Oc1ccccc1)C1CC1
C=C(CC(=O)NC1CCCCC1)NCC(Oc1ccccc1)C1CC1
C=C(CC(=O)NC1CCCC1)NCC(Oc1ccccc1)C1CC1
C=C(CC(=O)NC1CCCC1)NCC(Oc1ccccc1)C1=CC1
C=C(CC(=O)NC1CCCC1)NCC(Oc1ccccc1)C1=CC1
O=C(NC1CCCC1)C1=C(COc2ccccc2)C1
O=C(NC1CCCC1)C1=C(COc2ccccc2)C1
O=C(NC1CCCC1)C1=C(COc2ccccc2)C1
O=C(NC1CCCC1)C1=C(COc2ccccc2)C1
O=C(NC1CCCC1)C1=C(COc2ccccc2)C1
O=C(NC1CCCC1)C1=C(COc2ccccc2)C1
O=C(NC1CCCCC1)C1=C(COc2ccccc2)C1
O=C(NC1CCCCC1)C1=C(COc2ccccc2)CC1
O=C(NC1CCCCC1)C1=C(COc2ccccc2)CC1
O=C(NC1CCCCC1)C1=C(COc2ccccc2)CC1
O=C(NC1CCCCC1)C1=C(COc2ccccc2)C=C1
C=C(CCCC(=O)NC1CCCCC1)NCC(Oc1ccccc1)C1=CC=C1
C=C(CCCC(=O)NC1CCCCC1)NCC(Oc1ccccc1)C1=CC=C1
C=C(CCCC(=O)NC1CCCCCC1)NCC(Oc1ccccc1)C1=CC=C1
C=C(CCC(=O)NC1CCCCCC1)NCC(Oc1ccccc1)C1=CC=C1
C=C(CCC(=O)NC1CCCCCC1)NCC(Oc1ccccc1)C1=CC=C1
C=C(NCC(=O)NC1CCCCCC1)NCC(Oc1ccccc1)C1=CC=C1
C=C(NCC(=O)NC1CCCCC1)NCC(Oc1ccccc1)C1=CC=C1
C=C(NCC(Oc1ccccc1)C1=CC=C1)NC(=O)NC1CCCCC1
C=C(NCC(Oc1ccccc1)C1=CC=C1)NC(=O)NC1CCCCC1
C=C(NCC(Oc1ccccc1)C1=CC=C1)NC(=O)NC1CCCCCC1
O=C(NC1CCCCCC1)C1=CC(COc2ccccc2)=C1
O=C(NC1CCCCCC1)C1=CC(COc2ccccc2)=C1
O=C(NC1CCCCCCC1)C1=CC(COc2ccccc2)=C1
O=C(NC1CCCCCCC1)C1=CC(COc2ccccc2)=C1
O=C(NC1CCCCCCC1)C1=CC(COc2ccccc2)=C1
O=C(NC1CCCCCC1)C1=CC(COc2ccccc2)=C1
O=C(NC1CCCCCC1)C1=CC(COc2ccccc2)=C1
O=C(NC1CCCCCC1)C1=CC(COc2ccccc2)=C1
O=C(NC1CCCCC1)C1=CC(COc2ccccc2)=C1
O=C(NC1CCCCC1)C1=CC(COc2ccccc2)=C1
O=C(NC1CCCCC1)C1=CC(COc2ccccc2)=C1
O=C(NC1CCCCC1)C1=CC(COc2ccccc2)=C1
O=C(NC1CCCCC1)C1=CC(COc2ccccc2)=C1
O=C(NC1CCCC1)C1=CC(COc2ccccc2)=C1
O=C(NC1CCC1)C1=CC(COc2ccccc2)=C1
O=C(NC1CCC1)C1=CC(COc2ccccc2)=C1
O=C(NC1CC1)C1=CC(COc2ccccc2)=C1
O=C(NC1CC1)C1=CC(COc2ccccc2)=CC1
O=C(NC1CCC1)C1=CC(COc2ccccc2)=CC1
O=C(NC1CCCC1)C1=CC(COc2ccccc2)=CC1
O=C(NC1CCCC1)C1=CC(COc2ccccc2)=CC1
O=C(NC1CCCCC1)C1=CC(COc2ccccc2)=CC1
O=C(NC1CCCCC1)C1=CC(COc2ccccc2)=CC1
O=C(NC1CCCCC1)C1=CC(COc2ccccc2)=CCC1
O=C(NC1CCCCC1)C1=C2C(COc3ccccc3)=CCC12
O=C(NC1CCCCC1)C1=C2C(COc3ccccc3)=CCC12
O=C(NC1CCCCC1)C1=C2C(COc3ccccc3)=CCC12
O=C(NC1CCCCC1)c1c2ccc(COc3ccccc3)c1-2
O=C(NC1CCCCC1)c1cccc(COc2ccccc2)c1
O=C(NC1CCCCCC1)c1cccc(COc2ccccc2)c1
O=C(NC1CCCCCC1)c1cccc(COc2ccccc2)c1
O=C(Cc1ccc(OCc2ccccc2)cc1)NC1CCCCCC1
O=C(NC1CCCCCC1)c1cccc(OCc2ccccc2)c1
O=C(NC1CCCCCC1)c1cccc(OCc2ccccc2)c1
O=C(NC1CCCCCCC1)c1cccc(OCc2ccccc2)c1
O=C(NC1CCCCCCC1)c1ccc(OCc2ccccc2)cc1
O=C(NC1CCCCCCC1)c1ccc(OCC2=CCC=CC=C2)cc1
O=C(NC1CCCCCCC1)c1ccc(OCC2=CCC=CC=C2)cn1
O=C(NC1CCCCCCC1)c1ccc(OCc2ccccc2)cn1
O=C(NC1CCCCCC1)c1ccc(OCc2ccccc2)cn1
O=C(NC1CCCCC1)c1ccc(OCc2ccccc2)cn1
O=C1C=C2CCC3C(=C2CC1)C(c1ccc2ocnc2c1)CC1CCCC13
O=C1C=C2CCC3C(=C2CC1)C(c1ccc2ocnc2c1)CC1CCCC13
O=C1C=C2CCC3C(=C2CC1)C(c1ccc2ocnc2c1)CC1CCCC13
O=C1C=C2CCC3C(=C2CC1)C(c1ccccc1)CC1CCCC13
O=C1C=C2CCC3CCCC(c4ccccc4)C3=C2CC1
O=C1C=C2CCC3CCCC(c4ccccc4)C3=C2CC1
O=C1C=C2CCCC(Cc3ccccc3)=C2CC1
O=C1C=C2CCCC(Cc3ccccc3)=C2CC1
C1=C(Cc2ccccc2)CCCC1
c1ccc(CC2CCCC2)cc1
c1ccc(CC2CCCC2)cc1
c1ccc(CC2CCCC2)cc1
c1ccc(CC2CCCC2)cc1
c1ccc(CC2CCCC2)cc1
c1ccc(CC2CCCC2)cc1
c1ccc(CCC2CC2)cc1
c1ccc(CCC2CC2)cc1
c1ccc(CCC2CC2)cc1
c1ccc(CCC2CC2)cc1
c1ccc(CCC2CC2)cc1
c1ccc(CCC2CC2)cc1
c1ccc(CCC2CC2)cc1
c1ccc(CCC2CC2)cc1
c1ccc(CCC2CC2)cc1
c1ccc(CCC2CC2)cc1
c1ccc(CCC2CC2)cc1
c1ccc(CC(CCC2CC2)C2CC2)cc1
c1ccc(CC(CCC2CC2)C2CC2)cc1
c1ccc(CC(CCC2CC2)C2CC2)cc1
c1ccc(CC(CCC2CC2)C2CC2)cc1
c1ccc(CC(CCC2CC2)C2CC2)cc1
c1ccc(CC(CCC2CC2)C2CC2)cc1
c1ccc(CC(CCC2CC2)C2CC2)cc1
c1ccc(CC(CCC2CC2)C2CC2)cc1
c1ccc(CC(CCC2CC2)C2CC2)cc1
c1ccc(CC(CCC2CC2)C2CC2)cc1
c1ccc(CC(CCC2CC2)C2CNC2)cc1
c1ccc(CC(CCC2CC2)C2CNC2)cc1
c1ccc(CC(CCC2CC2)C2CNC2)cc1
c1ccc(CC(CCC2CC2)C2CNC2)cc1
c1ccc(CC(CCC2CC2)C2CNC2)cc1
c1ccc(CC(CCC2CC2)C2CNC2)cc1
c1ccc(CC(CCC2CC2)C2CNC2)cc1
c1ccc(CC(CCC2CC2)C2CNC2)cc1
c1ccc(CC(CCC2CNC2)C2CC2)cc1
c1ccc(CC(CCC2CNC2)C2CC2)cc1
c1ccc(CC(CCC2CNC2)C2CC2)cc1
c1ccc(CC(CCC2CNC2)C2CC2)cc1
c1ccc(CC(CCC2CNC2)C2CC2)cc1
c1ccc(CC(CCC2CNC2)C2CC2)cc1
c1ccc(CC(CCC2CNC2)C2CC2)cc1
c1ccc(CC(CCC2CNC2)C2CC2)cc1
c1ccc(CC(CCCCCC2CNC2)C2CC2)cc1
c1ccc(CC(CCCCCC2CNC2)C2CC2)cc1
c1ccc(CC(CCCCCC2CNC2)C2CC2)cc1
c1ccc(CC(CCCCCC2CNC2)C2CC2)cc1
c1ccc(CC(CCCCCC2CNC2)C2CC2)cc1
c1ccc(CC(CCCCCC2CNC2)C2CC2)cc1
c1ccc(CC(CCCCCC2CNC2)C2CC2)cc1
c1ccc(CC(CCCCCC2CNC2)C2CC2)cc1
c1ccc(CC(CCCCCCC2CNC2)C2CC2)cc1
c1ccc(CC(CCCCCCC2CNC2)C2CC2)cc1
c1ccc(CC(CCCCCCC2CNC2)C2CC2)cc1
c1ccc(CC(CCCCCCC2CNC2)C2CC2)cc1
c1ccc(CC(CCCCCCC2CN2)C2CC2)cc1
c1ccc(CC(CCCCCCC2CN2)C2CC2)cc1
c1ccc(CC(CCCCCC2CN2)C2CC2)cc1
c1ccc(CC(CCCCCC2CN2)C2CC2)cc1
c1ccc(CC(CCCCCC2CN2)C2CC2)cc1
c1ccc(CC(CCCCCC2CN2)C2CC2)cc1
c1ccc(CC(CCCCCC2CN2)C2CC2)cc1
C1=NC1CCCCCC(Cc1ccccc1)C1CC1
C1=NC1CCCCCC(Cc1ccccc1)C1CC1
C1=NC1CCCCCC(Cc1ccccc1)C1CC1
C1=NC1CCCCCC(Cc1ccccc1)C1CC1
C1=NC1CCCCCC(Cc1ccccc1)C1CC1
C1=NC1CCCCCC(Cc1ccccc1)C1CC1
C1=NC1CCCCCC(Cc1ccccc1)C1CC1
C1=NC1CCCCCC(Cc1ccccc1)C1CC1
C1=NC1CCCCCC(Cc1ccccc1)C1CC1
C1=NC1CCCCCC(Cc1ccccc1)C1CC1
C1=NC1CCCCCC(Cc1ccccc1)C1CC1
C1=NC1CCCCCC(Cc1ccccc1)C1CC1
C1=NC1NCCCCCC(Cc1ccccc1)C1CC1
C1=NC1NCCCCCC(Cc1ccccc1)C1CC1
C1=NC1NCCCCCCC(Cc1ccccc1)C1CC1
C1=NC1CCCCCCCC(Cc1ccccc1)C1CC1
C1=NC1CCCCCCCC(Cc1ccccc1)C1CC1
C1=NC1CCCCCCCC(Cc1ccccc1)C1CC1
C1=NC1CCCCCCCC(Cc1ccccc1)C1CC1
C1=NC1CCCCCCC(Cc1ccccc1)C1CC1
C1=NC1CCCCCCC(Cc1ccccc1)C1CC1
C1=NC1CCCCCCC(Cc1ccccc1)C1CC1
C1=NC1CCCCCCC(CCc1ccccc1)C1CC1
C1=NC1CCCCCCC(CCc1ccccc1)C1CC1
C1=NC1CCCCCCC(CCc1ccccc1)C1CC1
C1=NC1CCCCCC(CCc1ccccc1)C1CC1
C1=NC1CCCCC(CCc1ccccc1)C1CC1
C1=NC1CCCCC(CCc1ccccc1)C1CC1
C1=NC1CCCC(CCc1ccccc1)C1CC1
C1=NC1CCCC(CCc1ccccc1)C1CC1
C1=NC1CCCC(CCc1ccccc1)C1CC1
C1=NC1CCCC(CCc1ccccc1)C1CC1
C1=NC1CCC(CCc1ccccc1)C1CC1
C1=NC1CCC(CCc1ccccc1)C1CC1
C1=C(CC(CCc2ccccc2)C2CC2)C1
C1=C(CC(CCc2ccccc2)C2CC2)C1
C1=C(CC(CCc2ccccc2)C2CC2)CC1
C1=C(CC(CCc2ccccc2)C2CC2)NCC1
C1=C(CC(CCc2ccccc2)C2CC2)NCC1
C1=C(CC(CCc2ccccc2)C2CC2)NCC1
C1=C(CC(CCc2ccccc2)C2CC2)NCC1
C1=C(CC(CCc2ccccc2)C2CC2)NCC1
C1=C(CC(CCc2ccccc2)C2CC2)NCCC1
C1=C(CC(CCc2ccccc2)C2CC2)NCCC1
C1=C(CC(CCc2ccccc2)C2CC2)NCCC1
C1=C(CC(CCc2ccccc2)C2CC2)NCCC1
C1=C(CC(CCc2ccccc2)C2CC2)NCCC1
C1=C(CC(CCc2ccccc2)C2CC2)NCCC1
C1=C(CC(CCc2ccccc2)C2CC2)NCCC1
C1=C(CC(CCc2ccccc2)C2CC2)NCC1
C1=C(CC(CCc2ccccc2)C2CC2)NCC1
O=C1C=C(CC(CCc2ccccc2)C2CC2)NC1
O=C1C=C(CC(CCc2ccccc2)C2CC2)NC1
O=C1C=C(CC(CCc2ccccc2)C2CC2)NC1
O=C1C=C(CC(CCc2ccccc2)C2CC2)NC1
C=C1C=C(CC(CCc2ccccc2)C2CC2)NC1
C=C1C=C(CC(CCc2ccccc2)C2CC2)NC1
C=C1C=C(CC(CCc2ccccc2)C2CC2)NCC1
C1=C(CC(CCc2ccccc2)C2CC2)NCCC1
C1=C(CC(CCc2ccccc2)C2CC2)NCCCC1
C1=C(CC(CCc2ccccc2)C2CC2)NCCCC1
C1=C(CC(CCc2ccccc2)C2CC2)NCCCC1
C1=C(CC(CCc2ccccc2)C2CC2)NCCCC1
C1=C(CC(CCc2ccccc2)C2CC2)NCCCC1
C=C1CCCC=C(CC(CCc2ccccc2)C2CC2)N1
C=C1CCC=C(CC(CCc2ccccc2)C2CC2)N1
C=C1CCC=C(CC(CCc2ccccc2)C2CC2)N1
C=C1CCC=C(CC(CCc2ccccc2)C2CC2)N1
C=C1CCC=C(CC(CCc2ccccc2)C2CC2)N1
C=C1CCC=C(CC(CCc2ccccc2)C2CC2)N1
C=C1CC=C(CC(CCc2ccccc2)C2CC2)N1
C=C1CC=C(CC(CCc2ccccc2)C2CC2)N1
C=C1NC(CC(CCc2ccccc2)C2CC2)=CC1C1CN1
C=C1CC=C(CC(CCc2ccccc2)C2CC2)N1
C=C1CC=C(CC(CCc2ccccc2)C2CC2)N1
c1ccc(CCC(Cc2ccc[nH]2)C2CC2)cc1
c1ccc(CCC(Cc2ccc[nH]2)C2CC2)cc1
c1ccc(CCC(Cc2ccc[nH]2)C2CC2)cc1
c1ccc(CCC(Cc2ccc[nH]2)C2CC2)cc1
c1ccc(CCC(Cc2ccc[nH]2)C2CC2)cc1
c1ccc(CCC(Cc2ccc[nH]2)C2CC2)cc1
c1ccc(CCC(Cc2ccc[nH]2)C2CC2)cc1
c1ccc(CCC(Cc2ccc[nH]2)C2CC2)cc1
c1ccc(CCC(Cc2ccc[nH]2)C2CC2)cc1
c1ccc(CCC(Cc2ccc[nH]2)C2CC2)cc1
c1ccc(CCC(Cc2ccc[nH]2)C2CC2)cc1
c1ccc(CCC(Cc2ccc[nH]2)C2CC2)cc1
c1ccc(CCC(Cc2ccc[nH]2)C2CC2)cc1
c1ccc(CCC(Cc2ccc[nH]2)C2CC2)cc1
c1ccc(CCC(Cc2cc3[nH]ccc3[nH]2)C2CC2)cc1
c1ccc(CCC(Cc2cc3c[nH]cc3[nH]2)C2CC2)cc1
c1ccc(CCC(Cc2cc3c[nH]cc3[nH]2)C2CC2)cc1
c1ccc(CCC(Cc2cc3c[nH]cc3[nH]2)C2CC2)cc1
c1ccc(CCC(Cc2cc3c[nH]cc3[nH]2)C2CC2)cc1
c1ccc(CCC(Cc2cc3c[nH]cc3[nH]2)C2CC2)cc1
c1ccc(CCC(Cc2cc3c[nH]cc3[nH]2)C2CC2)cc1
c1ccc(CCC(Cc2cc3c[nH]cc3[nH]2)C2CC2)cc1
c1ccc(CCC(Cc2cc3c[nH]cc3[nH]2)C2CC2)cc1
c1ccc(CCC(Cc2cc3c[nH]cc3[nH]2)C2CC2)cc1
C=C1c2c3cc(CC(CCc4ccccc4)C4CC4)[nH]c3cn21
c1ccc(CCC(Cc2cc3c4c(ccc3[nH]2)N4)C2CC2)cc1
c1ccc(CCC(Cc2cc3ccccc3[nH]2)C2CC2)cc1
c1ccc(CCC(Cc2cc3ccccc3[nH]2)C2CCC2)cc1
c1ccc(CCC(Cc2cc3ccccc3[nH]2)C2CCC2)cc1
c1ccc(CCC(Cc2cc3ccccc3[nH]2)C2CCCC2)cc1
c1ccc(CCC(Cc2cc3ccccc3[nH]2)C2CCCC2)cc1
c1ccc(CCC(Cc2cc3ccccc3[nH]2)C2CCCCC2)cc1
c1ccc(CCC(Cc2cc3ccccc3[nH]2)C2CCCCC2)cc1
c1ccc(CCC(Cc2cc3cnccc3[nH]2)C2CCCCC2)cc1
c1ccc(CCC(Cc2cc3cnccc3[nH]2)C2CCCC2)cc1
c1ccc(CCC(Cc2cc3cnccc3[nH]2)C2CCCC2)cc1
c1ccc(CCC(Cc2cc3cnccc3[nH]2)C2CCCC2)cc1
c1ccc(CCC(Cc2cc3cnccc3[nH]2)C2CCC2)cc1
c1ccc(CCC(Cc2cc3cnccc3[nH]2)C2CC2)cc1
C1=Cc2c(ccc3c2C(=Cc2cccc(-c4cccnc4)c2)Oc2ccccc2-3)NC1
C1=Cc2c(ccc3c2C(Cc2cccc(-c4cccnc4)c2)Oc2ccccc2-3)NC1
C(=CC1CN1)c1cccc2c1C(Cc1cccc(-c3cccnc3)c1)Oc1ccccc1-2
C(=CC1CN1)c1cccc2c1C(Cc1cccc(-c3cccnc3)c1)Oc1ccccc1-2
C(=CC1CN1)c1cccc2c1C(Cc1cccc(-c3cccnc3)c1)Oc1ccccc1-2
C(=CC1CC1)c1cccc2c1C(Cc1cccc(-c3cccnc3)c1)Oc1ccccc1-2
C(=CC1CC1)c1ccc2c(c1)OC(Cc1cccc(-c3cccnc3)c1)c1ccccc1-2
C(=CC1CC1)c1ccc2c(c1)OC(Cc1cccc(-c3ccccc3)c1)c1ccccc1-2
C(=CC1CC1)c1ccc2c(c1)OC(Cc1cccc(-c3ccccc3)c1)c1ccccc1C2
C(=CC1CC1)c1ccc2c(c1)OC(Cc1cccc(-c3ccccc3)c1)c1ccccc1O2
C(=CC1CC1)c1ccc2c(c1)OC(Cc1cccc(-c3ccccc3)c1)c1ccccc1O2
C(=CC1CC1)c1ccc2c(c1)CC(Cc1cccc(-c3ccccc3)c1)c1ccccc1O2
C(=CC1CC1)c1ccc2c(c1)CCC(Cc1cccc(-c3ccccc3)c1)c1ccccc1O2
C(=CC1CC1)c1ccc2c(c1)CCC(Cc1cccc(-c3ccccc3)c1)c1ccccc1O2
c1ccc(-c2cccc(CC3CCc4cc(CC5CC5)ccc4Oc4ccccc43)c2)cc1
c1ccc(-c2cccc(CC3CCc4cc(C5CC5)ccc4Oc4ccccc43)c2)cc1
c1ccc(-c2cccc(CC3CCc4cc(C5CC5)ccc4Oc4ncccc43)c2)cc1
c1ccc(-c2cccc(CC3CCc4cc(C5CC5)ccc4Oc4ncccc43)c2)cc1
c1ccc(-c2cccc(CC3CCc4cc(C5CC5)ccc4Oc4ncccc43)c2)cc1
c1ccc(-c2cccc(CC3CCc4cc(C5CCC5)ccc4Oc4ncccc43)c2)cc1
c1ccc(-c2cccc(CCC3CCc4cc(C5CCC5)ccc4Oc4ncccc43)c2)cc1
c1ccc(-c2cccc(CCC3CCc4cc(C5CC5)ccc4Oc4ncccc43)c2)cc1
c1ccc(-c2cccc(CCC3CCc4cc(C5CC5)ccc4Oc4ncccc43)c2)cc1
c1ccc(-c2cccc(CCCC3CCc4cc(C5CC5)ccc4Oc4ncccc43)c2)cc1
c1ccc(-c2cccc(CCCC3CCc4cc(C5CC5)ccc4Oc4ncccc43)c2)cc1
c1ccc(-c2cccc(CCCC3CCc4cc(C56CC5C6)ccc4Oc4ncccc43)c2)cc1
c1ccc(-c2cccc(CCCC3CCc4cc(C56CC5C6)ccc4Oc4ncccc43)c2)cc1
c1ccc(-c2cccc(CCCC3CCc4cc(C56CC5C6)ccc4Oc4ncccc43)c2)cc1
c1ccc(-c2cccc(CCCC3CCc4cc(C56CC5O6)ccc4Oc4ncccc43)c2)cc1
c1ccc(-c2cccc(CCCC3CCc4cc(C5CC5)ccc4Oc4ncccc43)c2)cc1
c1ccc(-c2cccc(CCCC3CCc4cc(C5CC5)ccc4Oc4ncccc43)c2)cc1
c1ccc(-c2cccc(CCCCC3CCc4cc(C5CC5)ccc4Oc4ncccc43)c2)cc1
c1ccc(-c2cccc(CCCCC3CCc4cc(C5CC5)ccc4Oc4ncccc43)c2)cc1
c1ccc(-c2cccc(COCCCC3CCc4cc(C5CC5)ccc4Oc4ncccc43)c2)cc1
c1ccc(-c2cccc(COCCCC3CCc4cc(C5CC5)ccc4Oc4ncccc43)c2)cc1
c1ccc(-c2cccc(COCCCC3CCc4cc(C5CC5)ccc4Oc4ncccc43)c2)cc1
c1ccc(-c2cccc(COCCCCC3CCc4cc(C5CC5)ccc4Oc4ncccc43)c2)cc1
c1ccc(-c2cccc(COCCCCC3CCc4cc(C5CC5)ccc4Oc4ncccc43)c2)cc1
c1ccc(-c2cccc(COCCCCC3CCc4cc(C5CC5)ccc4Oc4ncccc43)c2)cc1
c1ccc(-c2cccc(COCCCC3CCc4cc(C5CC5)ccc4Oc4ncccc43)c2)cc1
c1ccc(-c2cccc(OCCCC3CCc4cc(C5CC5)ccc4Oc4ncccc43)c2)cc1
c1ccc(-c2cccc(OCCCC3CCc4cc(C5CC5)ccc4Oc4ncccc43)c2)cc1
c1ccc(-c2cccc(OCCCC3CCc4cc(C5CC5)ccc4Oc4ncccc43)c2)cc1
c1ccc(-c2cccc(COCCCC3CCc4cc(C5CC5)ccc4Oc4ncccc43)c2)cc1
c1ccc(-c2cccc(COCCCC3CCc4cc(C5CC5)ccc4Oc4ncccc43)c2)cc1
c1ccc(-c2cccc(COCCCC3CCc4cc(C5CC5)ccc4Oc4ncccc43)c2)cc1
c1ccc(-c2cccc(CCCCCC3CCc4cc(C5CC5)ccc4Oc4ncccc43)c2)cc1
c1ccc(-c2cccc(SCCCCCC3CCc4cc(C5CC5)ccc4Oc4ncccc43)c2)cc1
c1ccc(-c2cccc(SCCCCC3CCc4cc(C5CC5)ccc4Oc4ncccc43)c2)cc1
c1ccc(-c2cccc(SCCCCC3CCc4cc(C5CC5)ccc4Oc4ncccc43)c2)cc1
c1ccc(-c2cccc(SCCCC3CCc4cc(C5CC5)ccc4Oc4ncccc43)c2)cc1
c1ccc(-c2cccc(SCCCC3CCc4cc(C5CC5)ccc4Oc4ncccc43)c2)cc1
c1ccc(-c2ccc(SCCCC3CCc4cc(C5CC5)ccc4Oc4ncccc43)cc2)cc1
c1ccc(-c2ccc(SCCCC3CCc4cc(C5CC5)ccc4Oc4ncccc43)cc2)cc1
c1ccc(-c2ccc(SCCCCC3CCc4cc(C5CC5)ccc4Oc4ncccc43)cc2)cc1
c1ccc(-c2ccc(SCCCCC3CCc4cc(C5CC5)ccc4Oc4ncccc43)cc2)cc1
c1ccc(-c2ccc(SCCCCC3CCc4cc(C5CC5)ccc4Oc4ncccc43)cc2)cc1
c1ccc(-c2ccc(SCCCCC3CCc4cc(C5CC5)ccc4Oc4ncccc43)cc2)cc1
c1ccc(-c2ccc(SCCCCC3CCc4cc(C5CC5)ccc4Oc4ncccc43)cc2)cc1
c1ccc(-c2ccc(SCCCCCC3CCc4cc(C5CC5)ccc4Oc4ncccc43)cc2)cc1
c1ccc(-c2ccc(SCCCCCC3CCc4cc(C5CC5)ccc4Oc4ncccc43)cc2)cc1
c1ccc(-c2ccc(SCCCCCC3CCc4cc(C5CC5)ccc4Oc4ncccc43)cc2)cc1
c1ccc(-c2ccc(SCCCCCC3CCc4cc(C5CC5)ccc4Oc4ncccc43)cc2)cc1
O=C1CC1c1ccc2c(c1)CCC(CCCCCSc1ccc(-c3ccccc3)cc1)c1cccnc1O2
O=C1CC1c1ccc2c(c1)CCC(CCCCSc1ccc(-c3ccccc3)cc1)c1cccnc1O2
O=C1CC1c1ccc2c(c1)CCC(CCCCSc1ccc(-c3ccccc3)cc1)c1cccnc1O2
O=C1CC1c1ccc2c(c1)CCC(CCCCSc1ccc(-c3ccccc3)cc1)c1cccnc1O2
O=C1CC1c1ccc2c(c1)CCC(CCCSc1ccc(-c3ccccc3)cc1)c1cccnc1O2
O=C1CC1c1ccc2c(c1)CCC(CCCSc1ccc(-c3ccccc3)cc1)c1cccnc1O2
c1ccc(-c2ccc(SCCCC3CCc4cc(C5CC5)ccc4Oc4ncccc43)cc2)cc1
c1ccc(-c2ccc(SCCCC3CCc4cc(C5CC5)ccc4Oc4ncccc43)cc2)cc1
O=C(CCSc1ccc(-c2ccccc2)cc1)C1(c2ccc3c(c2)CCCc2cccnc2O3)CC1
O=C(CSc1ccc(-c2ccccc2)cc1)C1(c2ccc3c(c2)CCCc2cccnc2O3)CC1
O=C(CSc1ccc(-c2ccccc2)cc1)C1(c2ccc3c(c2)CCCc2cccnc2O3)CC1
O=C(CSc1ccc(-c2ccccc2)cc1)C1(c2ccc3c(c2)CCCc2cccnc2O3)CCC1
O=C(CSc1ccc(-c2ccccc2)cc1)C1(c2ccc3c(c2)CCCc2cccnc2O3)CCC1
O=C(CSc1ccc(-c2ccccc2)cc1)C1(c2ccc3c(c2)CCCc2cccnc2O3)CC1
O=C(CSc1ccc(-c2ccccc2)cc1)C1(c2ccc3c(c2)CCCc2cccnc2O3)CC1
O=C(CSc1ccc(-c2ccccc2)cc1)C1(c2ccc3c(c2)CCCc2cccnc2O3)CCC1
O=C(CSc1ccc(-c2ccccc2)cc1)C1(c2ccc3c(c2)CCCc2cccnc2O3)CCC1
O=C(CSc1ccc(-c2ccccc2)cc1)C1(c2ccc3c(c2)CCCc2cccnc2O3)CCC1
O=C(CSc1ccc(-c2ccccc2)cc1)C1(c2ccc3c(c2)CCCc2cccnc2O3)CCC1
O=C(CSc1ccc(-c2ccccc2)cc1)C1(c2ccc3c(c2)CCCc2cccnc2O3)CC1
O=C(CSc1ccc(-c2ccccc2)cc1)C1(c2ccc3c(c2)CCCc2cccnc2O3)CCC1
O=C(CSc1ccc(-c2ccccc2)cc1)C1(c2ccc3c(c2)CCCc2cccnc2O3)CCC1
O=C(CSc1cccc(-c2ccccc2)c1)C1(c2ccc3c(c2)CCCc2cccnc2O3)CCC1
O=C(CSc1cccc(-c2ccccc2)c1)C1(c2ccc3c(c2)CCCc2cccnc2O3)CCC1
O=C(CSc1cccc(-c2ccccc2)c1)C1(c2ccc3c(c2)CCCc2ccccc2O3)CCC1
O=C(CSc1cccc(-c2ccccc2)n1)C1(c2ccc3c(c2)CCCc2ccccc2O3)CCC1
O=C(CSc1cccc(-c2ccccc2)n1)C1(c2ccc3c(c2)CCCc2ccccc2O3)CC1
O=C(CSc1cccc(-c2ccccc2)n1)C1(c2ccc3c(c2)CCCc2ccccc2O3)CC1
O=C(CSc1cccc(-c2ccccc2)c1)C1(c2ccc3c(c2)CCCc2ccccc2O3)CC1
O=C(CSc1cccc(-c2ccccc2)c1)C1(c2ccc3c(c2)CCCc2ccccc2O3)CC1
O=C(CSc1cccc(-c2ccccc2)c1)C1(c2ccc3c(c2)CCCc2ccccc2O3)CC1
O=C(CSc1cccc(-c2ccccc2)c1)C1(c2ccc3c(c2)CCCc2ccccc2O3)CC1
O=C(CSc1cccc(-c2ccccc2)n1)C1(c2ccc3c(c2)CCCc2ccccc2O3)CC1
O=C(CSc1cccc(-c2ccccc2)n1)C1(c2ccc3c(c2)CCCc2ccccc2O3)CC1
O=C(CSc1cccc(-c2ccccc2)n1)C1(c2ccc3c(c2)CCCc2ccccc2O3)CC1
C=C1CC1(C(=O)CSc1cccc(-c2ccccc2)n1)c1ccc2c(c1)CCCc1ccccc1O2
C=C1CC1C(=O)CSc1cc(-c2ccc3c(c2)CCCc2ccccc2O3)cc(-c2ccccc2)n1
C=C1CC1C(=O)CSc1cc(-c2ccc3c(c2)CCCc2ccccc2O3)cc(-c2ccccc2)n1
O=C(CSc1cc(-c2ccc3c(c2)CCCc2ccccc2O3)cc(-c2ccccc2)n1)C1CC1
O=C(CSc1cc(-c2ccc3c(c2)CCCc2ccccc2O3)cc(-c2ccccc2)n1)C1CC1
O=C(CSc1cc(-c2ccc3c(c2)CCCc2ccccc2O3)cc(-c2ccccc2)n1)C1CC1
O=C(CSc1cc(-c2ccc3c(c2)CCCc2ccccc2O3)cc(-c2ccccc2)n1)C1CC1
O=C(CSc1cc(-c2ccc3c(c2)CCCc2ccccc2O3)cc(-c2ccccc2)n1)C1CC1
O=C(CSc1cc(-c2ccc3c(c2)CCCc2ccccc2O3)cc(-c2ccccc2)n1)C1CC1
O=C(CSc1cc(-c2ccc3c(c2)CCCc2ccccc2O3)cc(-c2ccccc2)n1)C1CC1
O=C(CSc1ccc(-c2ccc3c(c2)CCCc2ccccc2O3)c(-c2ccccc2)n1)C1CC1
O=C(CSc1ccc(-c2ccc3c(c2)CCCc2ccccc2O3)c(-c2ccccc2)c1)C1CC1
O=C(CSc1ccc(-c2ccc3c(c2)CCCc2ccccc2O3)c(-c2ccccc2)c1)C1CC1
O=C(CSc1ccc(-c2ccc3c(c2)CCCc2ccccc2O3)c(-c2ccccc2)c1)C1CC1
O=C(CSc1ccc(-c2ccc3c(c2)CCCc2ccccc2O3)c(-c2ccccc2)c1)C1CC1
O=C(CSc1ccc(-c2ccc3c(c2)CCCc2ccccc2O3)c(-c2ccccc2)c1)C1CC1
O=C(CSc1ccc(-c2ccc3c(c2)CCCc2ccccc2O3)c(-c2ccccc2)c1)C1CC1
O=C(CSc1ccc(-c2ccc3c(c2)CCCc2ccccc2O3)c(-c2ccccc2)c1)C1CC1
O=C(CSc1ccc(-c2ccc3c(c2)CCCc2ccccc2O3)c(-c2ccccc2)c1)C1CC1
O=C(CSc1ccc(-c2ccc3c(c2)CCCc2ccccc2O3)c(-c2ccccc2)c1)C1CC1
O=C(CSc1ccc(-c2ccc3c(c2)CCCc2ccccc2O3)c(-c2ccccc2)c1)C1CC1
O=C(CSc1ccc(-c2ccc3c(c2)CCCc2ccccc2O3)c(-c2ccccc2)c1)C1CC1
O=C(CSc1ccc(-c2ccc3c(c2)CCCc2ccccc2O3)c(-c2ccccc2)c1)C1CC1
O=C(CSc1ccc(Cc2ccc3c(c2)CCCc2ccccc2O3)c(-c2ccccc2)c1)C1CC1
O=C(CSc1ccc(Cc2ccc3c(c2)CCCc2ccccc2O3)c(-c2ccccc2)c1)C1CC1
O=C(CSc1ccc(-c2ccc3c(c2)CCCc2ccccc2O3)c(-c2ccccc2)c1)C1CC1
O=C(CSc1ccc(-c2ccc3c(c2)CCCc2ccccc2O3)c(-c2ccccc2)c1)C1CC1
O=C(CSc1ccc(-c2ccc3c(c2)CCCc2ccccc2O3)c(-c2ccccc2)c1)C1CC1
O=C(CSc1ccc(-c2ccc3c(c2)CCCc2ccccc2O3)c(-c2ccccc2)c1)C1CCC1
O=C(CSc1ccc(-c2ccc3c(c2)CCCc2ccccc2O3)c(-c2ccccc2)c1)C1CC2CC21
O=C(CSc1ccc(-c2ccc3c(c2)CCc2ccccc2O3)c(-c2ccccc2)c1)C1CC2CC21
O=C(CSc1ccc(-c2ccc3c(c2)CCc2ccccc2O3)c(-c2ccccc2)c1)C1CC2CCC21
O=C(CSc1ccc(-c2ccc(Oc3ccccc3)cc2)c(-c2ccccc2)c1)C1CC2CCC21
O=C(CSc1ccc(-c2ccc(Oc3ccccc3)cc2)c(-c2ccccc2)c1)C1CC2CCC21
O=C(CSc1ccc(-c2ccc(Oc3ccccc3)cc2)c(-c2ccccc2)c1)C1CCC2CCC21
O=C(CSc1ccc(-c2ccc(Oc3ccccc3)cc2)c(-c2ccccc2)c1)C1CCC2CCC21
O=C(CSc1ccc(-c2ccc(Oc3ccccc3)cc2)c(-c2ccccc2)c1)C1CCC2CCC21
O=C(CSc1ccc(-c2ccc(Oc3ccccc3)cc2)c(-c2ccccc2)c1)C1CCC2CCC21
O=C(CSc1ccc(-c2ccc(Oc3ccccc3)cc2)c(-c2ccccc2)c1)C1CCC2CCC21
O=C(CSc1ccc(-c2ccc(Oc3ccccc3)cc2-c2ccccc2)cc1)C1CCC2CCC21
O=C(CSc1ccc(-c2ccc(Oc3ccccc3)cc2-c2ccccc2)cc1)C1CCC2CCC21
O=C(CSc1ccc(-c2ccc(Cc3ccccc3)cc2-c2ccccc2)cc1)C1CCC2CCC21
O=C(CSc1ccc(-c2ccc(Cc3ccccc3)cc2-c2ccccc2)cc1)C1CCC2CCC21
O=C(CSc1ccc(-c2ccc(-c3ccccc3)cc2-c2ccccc2)cc1)C1CCC2CCC21
O=C(CSc1ccc(-c2ccc(-c3ccccc3)cc2-c2ccccc2)cc1)C1CCC2CCC21
O=C(CSc1ccc(-c2ccc(-c3ccccc3)cc2-c2ccccc2)cc1)C1CCC2CCC21
O=C(CSc1ccc(-c2ccc(-c3ccccc3)cc2C2C=CC=C2)cc1)C1CCC2CCC21
O=C(CSc1ccc(-c2ccc(-c3ccccc3)cc2C2C=CC2)cc1)C1CCC2CCC21
O=C(CSc1ccc(-c2cnc(-c3ccccc3)cc2C2C=CC2)cc1)C1CCC2CCC21
O=C(CSc1ccc(-c2cnc(-c3ccccc3)c3c2C2C=CC32)cc1)C1CCC2CCC21
O=C(CSc1ccc(-c2cnc(-c3ccccc3)c3c2CC=CC3)cc1)C1CCC2CCC21
O=C(CSc1ccc(-c2ccc(-c3ccccc3)nc2)cc1)C1CCC2CCC21
O=C(CSc1ccc(-c2cnc(-c3ccccc3)c3c2CCC3)cc1)C1CCC2CCC21
O=C(CSc1ccc(-c2ccc(-c3ccccc3)c3c2CCC3)cc1)C1CCC2CCC21
O=C(CSc1ccc(-c2ccc(-c3ccccc3)c3c2CCC3)cc1)C1CCC2CCC21
O=C(CSc1ccc(-c2ccc(-c3ccccc3)c3c2CCC3)cc1)C1CCC2CCC21
O=C(CSc1ccc(-c2ccc(-c3ccccc3)c3c2CCCC3)cc1)C1CCC2CCC21
O=C(CSc1ccc(-c2ccc(-c3ccccc3)c3c2CCCCC3)cc1)C1CCC2CCC21
O=C(CSc1ccc(C2=C3CCCCCC3=C(c3ccccc3)C2)cc1)C1CCC2CCC21
O=C(CSc1ccc(C2=C3CCCCCC3=C2c2ccccc2)cc1)C1CCC2CCC21
O=C(CSc1ccc(C2=C3CCCCCC3=C2c2ccccc2)cc1)C1CCC2CCC21
O=C(CSc1ccc(C2=C3CCCCCC3=C2c2ccccc2)cc1)C1CCC2CCC21
O=C(CSc1ccc(C2=CC(C3CCCC3)=C2c2ccccc2)cc1)C1CCC2CCC21
O=C(CSc1ccc(-c2cc(C3CCCC3)c(-c3ccccc3)o2)cc1)C1CCC2CCC21
O=C(CSc1ccc(-c2cc(C3CCCC3)c(-c3ccccc3)o2)cc1)C1CCC2CCC21
O=C(CSc1ccc(-c2cc(C3CCCC3)c(-c3ccccc3)o2)cc1)C1CCC2CCC21
O=C(CSc1ccc(-c2oc(-c3ccccc3)c3c2CCCCC3)cc1)C1CCC2CCC21
O=C(CSc1ccc(-c2oc(-c3ccccc3)c3c2CCCC3)cc1)C1CCC2CCC21
O=C(CSc1ccc(-c2oc(-c3ccccc3)c3c2CCCC3)cc1)C1CCC2CCC21
O=C(CSc1ccc(-c2oc(-c3ccccc3)c3c2CCC3)cc1)C1CCC2CCC21
O=C(CSc1ccc(-c2oc(-c3ccccc3)c3c2CCC3)cc1)C1CCC2CCC21
O=C(CSc1ccc(-c2oc(-c3ccccc3)c3c2CC3)cc1)C1CCC2CCC21
O=C(CSc1ccc(-c2oc(-c3ccccc3)c3c2CC3)cc1)C1CCC2CCC21
O=C(CSc1ccc(-c2ccc(-c3ccccc3)o2)cc1)C1CCC2CCC21
O=C(CSc1ccc(-c2ccc(-c3ccccc3)o2)cc1)C1CCC2CCC21
O=C(CSc1ccc(-c2cnc(-c3ccccc3)o2)cc1)C1CCC2CCC21
O=C(CSc1ccc(-c2cnc(-c3ccccc3)o2)cc1)C1CCC2CCC21
O=C(CSc1ccc(-c2cnc(-c3ccccc3)o2)cc1)C1CCC2CCC21
O=C(CSc1ccc(-c2cnc(-c3ccccc3)o2)cc1)C1CCC2CCC21
O=C(CSc1ccc(-c2cnc(-c3ccccc3)o2)c2c1O2)C1CCC2CCC21
O=C(CSc1ccc(-c2nnc(-c3ccccc3)o2)c2c1O2)C1CCC2CCC21
O=C(CSc1ccc(-c2nnc(-c3ccccc3)o2)c2c1O2)C1CCC2CCC21
O=C(CSc1ccc(-c2nnc(-c3ccccc3)o2)c2c1CO2)C1CCC2CCC21
O=C(CSc1ccc(-c2nnc(-c3ccccc3)o2)cc1)C1CCC2CCC21
O=C(CSc1ccc(-c2nnc(-c3ccccc3)o2)cc1)C1CCC2CCC21
O=C(CSc1ccc(-c2nnc(-c3ccccc3)o2)cc1)C1CCC2CCC21
O=C(CSc1ccc(Sc2nnc(-c3ccccc3)o2)cc1)C1CCC2CCC21
O=C(CSc1ccc(CSc2nnc(-c3ccccc3)o2)cc1)C1CCC2CCC21
O=C(CSc1ccc(CSc2nnc(-c3ccccc3)o2)cc1)C1CCC2CCC21
O=C(CCc1ccc(CSc2nnc(-c3ccccc3)o2)cc1)C1CCC2CCC21
O=C(Cc1ccc(CSc2nnc(-c3ccccc3)o2)cc1)C1CCC2CCC21
C=C(C=CCCC(=O)C1CCC2CCC21)CSc1nnc(-c2ccccc2)o1
C=C(C=CCC(=O)C1CCC2CCC21)CSc1nnc(-c2ccccc2)o1
C=C(C=CCC(=O)C1CCC2CCC21)CSc1nnc(-c2ccccc2)o1
C=C(CCCC(=O)C1CCC2CCC21)CSc1nnc(-c2ccccc2)o1
C=C(CCCC(=O)C1CCC2CCC21)CSc1nnc(-c2ccccc2)o1
C=C(CCCC(=O)C1CCC2CCC21)CSc1nnc(-c2ccccc2)o1
C=C(CNCC(=O)C1CCC2CCC21)CSc1nnc(-c2ccccc2)o1
C=C(CNCC(=O)C1CCC2CCC21)CSc1nnc(-c2ccccc2)o1
C=C(CCNCC(=O)C1CCC2CCC21)CSc1nnc(-c2ccccc2)o1
O=C(CCNCC(=O)C1CCC2CCC21)CSc1nnc(-c2ccccc2)o1
O=C(CCNCC(=O)C1CCC2CCC21)CSc1nnc(-c2ccccc2)o1
O=C(CCNCC(=O)C1CCC2CCC21)CSc1nnc(-c2ccccc2)o1
O=C(CNCC(=O)C1CCC2CCC21)CSc1nnc(-c2ccccc2)o1
O=C(CNCC(=O)C1CCC2CCC21)CSc1nnc(-c2ccccc2)o1
O=C(CNCC(=O)C1CCC2CCC21)CSc1nnc(-c2ccccc2)o1
O=C(CNCC(=O)C1CCC2CCC21)CSc1nnc(-c2ccccc2)o1
O=C(CNCC(=O)C1CCC2CCC21)CSc1nnc(-c2ccccc2)o1
O=C(CNCC(=O)C1CCC2CCC21)CSc1nnc(-c2ccccc2)o1
O=C(CSc1nnc(-c2ccccc2)o1)NNCC(=O)C1CCC2CCC21
O=C(CSc1nnc(-c2ccccc2)o1)NNCC(=O)C1CCC2CCC21
O=C(CSc1nnc(-c2ccccc2)o1)NNCC(=O)C1CCC2CCC21
O=C(CSc1nnc(-c2ccccc2)o1)NNCC(=O)C1CCC2CCC21
O=C(CSc1nnc(-c2ccccc2)o1)NNCC(=O)C1CCC2CCC21
O=C(CSc1nnc(-c2ccccc2)o1)NCC(=O)C1CCC2CCC21
O=C(CSc1nnc(-c2ccccc2)o1)NCC(=O)C1CCC2CCC21
O=C(CSc1nnc(-c2ccccc2)o1)NCC(=O)C1CCC2CCC21
O=C(CSc1nnc(-c2ccccc2)o1)NCC(=O)C1CCC2CCC21
O=C(CSc1nnc(-c2ccccc2)o1)NCC(=O)C1CCC2CCC21
O=C(CSc1nnc(-c2ccccc2)o1)NCC(=O)C1CCC2CCC21
O=C(CSc1nnc(-c2ccccc2)o1)NCC(=O)C1CCC2CCC21
O=C(CSc1nnc(-c2ccccc2)o1)NCC(=O)C1CCC2CCC21
O=C(CN(C(=O)CSc1nnc(-c2ccccc2)o1)C1CCCO1)C1CCC2CCC21
O=C(CN(C(=O)CSc1nnc(-c2ccccc2)o1)C1OC2CC21)C1CCC2CCC21
O=C(CN(C(=O)CSc1nnc(-c2ccccc2)o1)C1CO1)C1CCC2CCC21
O=C(CSc1nnc(-c2ccccc2)o1)CN(CC(=O)C1CCC2CCC21)C1CO1
O=C(CSc1nnc(-c2ccccc2)o1)CN(CC(=O)C1CCC2CCC21)C1CO1
O=C(CSc1nnc(-c2ccccc2)o1)CC(CC(=O)C1CCC2CCC21)C1CO1
O=C(CSc1nnc(-c2ccccc2)o1)CC1(CC(=O)C2CCC3CCC32)CO1
O=C(CCC1(CC(=O)C2CCC3CCC32)CO1)CSc1nnc(-c2ccccc2)o1
O=C(CCCCC(=O)C1CCC2CCC21)CSc1nnc(-c2ccccc2)o1
O=C(CCC(=O)CC(=O)C1CCC2CCC21)CSc1nnc(-c2ccccc2)o1
O=C(CCC(=O)CC(=O)C1CCC2CCC21)CSc1nnc(-c2ccccc2)o1
O=C(CCC(=O)CC(=O)C1CCC2CCC21)CSc1nnc(-c2ccccc2)o1
O=C(CSc1nnc(-c2ccccc2)o1)CC(=O)CC(=O)C1CCC2CCC21
O=C(CSc1nnc(-c2ccccc2)o1)CC(=O)CC(=O)C1CCC2CCC21
O=C(CSc1nnc(-c2ccccc2)o1)C1CC(C(=O)C2CCC3CCC32)C1=O
O=C(CSc1nnc(-c2ccccc2)o1)C1CC(C(=O)C2CCC3CCC32)C1
O=C(C1CN(C(=O)CSc2nnc(-c3ccccc3)o2)C1)C1CCC2CCC21
O=C(C1CCC2CCC21)C1CN1C(=O)CSc1nnc(-c2ccccc2)o1
O=C(CSc1nnc(-c2ccccc2)o1)C1CC1C(=O)C1CCC2CCC21
O=C(CSc1nnc(-c2ccccc2)o1)C1CC1C(=O)C1CCC2CCC21
O=C(CSc1nnc(-c2ccccc2)o1)C1CCC1C(=O)C1CCC2CCC21
O=C(CSc1nnc(-c2ccccc2)o1)C1CCCC1C(=O)C1CCC2CCC21
O=C(CSc1nnc(-c2ccccc2)o1)C1CCCC1C(=O)C1CCC2CCC21
O=C(CSc1nnc(-c2ccccc2)o1)C1CCCC1C(=O)C1CC2CCC21
O=C(CSc1nnc(-c2ccccc2)o1)C1CCC2C3CCC3CC(=O)C12
O=C(CSc1nnc(-c2ccccc2)o1)C1CCC2C3CCC3CC(=O)C12
O=C(CSc1nnc(-c2ccccc2)o1)C1CCC2C3CCC3CCC12
O=C(CSc1nnc(-c2ccccc2)o1)C1CCC2C3CCC3CCC12
O=C(CSc1nnc(-c2ccccc2)o1)C1CCC2C3CCC3CCC12
O=C(CSc1nnc(-c2ccccc2)o1)C1CCC2C3CCCC3CCC12
O=C(CSc1nnc(-c2ccccc2)o1)C1CCC2C3CCCC3CCC12
O=C(CSc1nnc(-c2ccccc2)o1)C1CCC2C3CCCC3CCC12
O=C(CSc1nnc(-c2ccccc2)o1)C1CCC2C3CCCC3CCC12
O=C(CSc1nnc(-c2ccccc2)o1)C1CCC2C3CCCC3CCC12
O=C(CSc1nnc(-c2ccccc2)o1)C1CCC2C1CCC1CCCOC12
O=C(CSc1nnc(-c2ccccc2)o1)C1CCC2C3CCCCC3CCC12
O=C(CSc1nnc(-c2ccccc2)o1)C1CCC2C3CCCCCC3CCC12
O=C(CSc1nnc(-c2ccccc2)o1)C1CCC2C3CCCCCC3CCC12
O=C(CSc1nnc(-c2ccccc2)o1)C1CCC2C3CCCCCCC3CCC12
O=C(CSc1nnc(-c2ccccc2)o1)C1CCC2C1CCC1C3CC3CCCCC12
O=C(CSc1nnc(-c2ccccc2)o1)C1CCC2C1CCC1C(C3CC3)CCCC12
O=C(CSc1nnc(-c2ccccc2)o1)C1CCC2C1CCC1C(C3CC3)CCCCC12
O=C(CSc1nnc(-c2ccccc2)o1)C1CCC2C1CCC1C(C3CC3)CCCC12
O=C(CSc1nnc(-c2ccccc2)o1)C1CCC2C1CCC1C(C3CCC3)CCCC12
O=C(CSc1nnc(-c2ccccc2)o1)C1CCC2C1CCC1C(C3CCC3)CCCC12
O=C(CSc1nnc(-c2ccccc2)o1)C1CCC2C3CCCCC3CCC12
O=C(CSc1nnc(-c2ccccc2)o1)C1CCC2C1CCC1C3CCCCC3CCC12
O=C(CSc1nnc(-c2ccccc2)o1)C1CCC2C1CCC1C3CCCCC3CCC12
O=C(CSc1nnc(-c2ccccc2)o1)C1CCC2C1CCC1C3CCCC3CCC12
O=C(CSc1nnc(-c2ccccc2)o1)C1CCC2C1CCC1C3CCCC3CCC12
O=C(CSc1nnc(-c2ccccc2)o1)C1CCC2C1CCC1C3CCCC3CCCC12
O=C(CSc1nnc(-c2ccccc2)o1)C1CCC2C1CCC1C3CCCC3CCCC12
O=C(CSc1nnc(-c2ccccc2)o1)C1CCC2C1CCC1C3CCCC3CCCC12
O=C(CSc1nnc(-c2ccccc2)o1)C1CCC2C1CCC1C3CCCC3CCC12
O=C(CSc1nnc(-c2ccccc2)o1)C1CCC2C1CCC1C3CCCC3CCC12
O=C(CSc1nnc(-c2ccccc2)o1)C1CCC2C1CCC1C3CCCCC3CCC12
O=C(CSc1nnc(-c2ccccc2)o1)C1CCC2C1CCC1C3CCCCC3CCCC12
O=C(CSc1nnc(-c2ccccc2)o1)C1CCC2C1CCC1C3CCCCC3CCCC12
O=C(CSc1nnc(-c2ccccc2)o1)C1CCC2C1CCC1C3CCCCC3CCCC12
O=C(CSc1nnc(-c2ccccc2)o1)C1CCC2C1CCC1C3CCCC3CCCC12
O=C(CSc1nnc(-c2ccccc2)o1)C1CCC2C3CCCCCC3CCC12
O=C(CSc1nnc(-c2ccccc2)o1)C1CCC2C3CCCCCCC3CCC12
O=C(CSc1nnc(-c2ccccc2)o1)C1CCC2C3CCCCCCC3CCC12
O=C(CSc1nnc(-c2ccccc2)o1)C1CCC2C3CCCCCC3CCC12
O=C(CSc1nnc(-c2ccccc2)o1)C1CCC2C3CCCCCC3CCC12
O=C(CSc1nnc(-c2ccccc2)o1)C1CCC2C3CCCCC3CCC12
O=C(CSc1nnc(-c2ccccc2)o1)C1CCC2C3CCCC3CCC12
O=C(CSc1nnc(-c2ccccc2)o1)C1CCC2C3CCCC3CCC12
O=C(CSc1nnc(-c2ccccc2)o1)C1CCC2C3CCCC3CCC12
O=C(CSc1nnc(-c2ccccc2)o1)C1CCC2C3CCCC3CCC12
O=C(CSc1nnc(-c2ccccc2)o1)C1CCC2C3CCCCC3CCC12
O=C(CSc1nnc(-c2ccccc2)o1)C1CCC2C3CCCCC3CCC12
O=C(CSc1nnc(-c2ccccc2)o1)C1CCC2C3CCCCC3CCC12
O=C(CSc1nnc(-c2ccccc2)o1)C1CCC2C3CCCCCC3CCC12
O=C(CSc1nnc(-c2ccccc2)o1)C1CCC2C3CCCCCC3CCC12
O=C(CSc1nnc(-c2ccccc2)o1)C1CCC2C3CCCCCC3CCC12
O=C(CSc1nnc(-c2ccccc2)o1)C1CCC2C3CCCCCC3CCC12
O=C(CSc1nnc(-c2ccccc2)o1)C1CCC2C3CCCCCC3CCC12
O=C(CSc1nnc(-c2ccccc2)o1)C1CCC2C3CCCCCC3CCC12
O=C(CSc1nnc(-c2ccccc2)o1)C1CCC2C3CCCCCC3CCC12
O=C(CSc1nnc(-c2ccccc2)o1)C1CCC2C3CCCCCC3CCC12
O=C(CSc1nnc(-c2ccccc2)o1)C1CCC2C3CCCCCC3CCC12
O=C(CSc1nnc(-c2ccccc2)o1)C1CCC2C3CCCCCC3CCC12
O=C1CCCC2C(CCC3C(C(=O)CSc4nnc(-c5ccccc5)o4)CCC23)C1
O=C1CCCC2C(CCC3C(C(=O)CSc4nnc(-c5ccccc5)o4)CCC23)C1
O=C1CCCCC2C(CCC3C(C(=O)CSc4nnc(-c5ccccc5)o4)CCC23)C1
O=C1CCCCC2C(CCC3C(C(=O)CSc4nnc(-c5ccccc5)o4)CCC23)C1
O=C1CCCCC2C(CCC3C(C(=O)CSc4nnc(-c5ccccc5)o4)CCC23)C1
O=C1CCCCC2C(CCC3C(C(=O)CSc4nnc(-c5ccccc5)o4)CCC23)C1
O=C1CCCC2C(CCC3C(C(=O)CSc4nnc(-c5ccccc5)o4)CCC23)C1
O=C1CCCC2C(CCC3C(C(=O)CSc4nnc(-c5ccccc5)o4)CCC23)C1
O=C1CCCC2C(CCC3C(C(=O)CSc4nnc(-c5ccccc5)o4)CCC23)C1
O=C1CCCC2C(CCC3C(C(=O)CSc4nnc(-c5ccccc5)o4)CCC23)C1
O=C1CCCCC2C(CCC3C(C(=O)CSc4nnc(-c5ccccc5)o4)CCC23)C1
O=C1CCCCC2C(CCC3C(C(=O)CSc4nnc(-c5ccccc5)o4)CCC23)C1
O=C1CCCCC2C(CCC3C(C(=O)CSc4nnc(-c5ccccc5)o4)CCC23)C1
O=C(CSc1nnc(-c2ccccc2)o1)C1CCC2C3CCCCCCC3CCC12
O=C(CSc1nnc(-c2ccccc2)o1)C1CCC2C3CCCCCC3CCC12
O=C(CSc1nnc(-c2ccccc2)o1)C1CCC2C3CCCCCC3CCC12
O=C(CSc1nnc(-c2ccccc2)o1)C1CCC2C3CCCCCCC3CCC12
O=C(CSc1nnc(-c2ccccc2)o1)C1CCC2C3CCCCCCC3CCC12
O=C(CSc1nnc(-c2ccccc2)o1)C1CCC2C3CCCCCCC3CCC12
O=C(CSc1nnc(-c2ccccc2)o1)C1CCC2C3CCCCCC3CCC12
O=C(CSc1nnc(-c2ccccc2)o1)C1CCC2C3CCCCCC3CCC12
O=C(CSc1nnc(-c2ccccc2)o1)C1CCC2C3CCCCCC3CCC12
O=C(CSc1nnc(-c2ccccc2)o1)C1CCC2C3CCCCCC3CCC12
O=C(CSc1nnc(-c2ccccc2)o1)C1CCC2C3CCCCCC3CCC12
O=C(CSc1nnc(-c2ccccc2)o1)C1CCC2C3CCCCCC3CCC12
O=C(CSc1nnc(-c2ccccc2)o1)C1CCC2C3CCCCCC3CCC12
O=C(CSc1nnc(-c2ccccc2)o1)C1CCC2C3CCCCCC3CCC12
O=C(CSc1nnc(-c2ccccc2)o1)C1CCC2C3CCCCCC3CCC12
O=C1CCCCC2C1CCC1C(C(=O)CSc3nnc(-c4ccccc4)o3)CCC21
O=C1CCCCC2C1CCC1C(C(=O)CSc3nnc(-c4ccccc4)o3)CCC21
O=C1CCCCC2C1CCC1C(C(=O)CSc3nnc(-c4ccccc4)o3)CCC21
O=C1CCCCC2C1CCC1C(C(=O)CSc3nnc(-c4ccccc4)o3)CCC21
O=C1CCCCC2C1CCC1C(C(=O)CSc3nnc(-c4ccccc4)o3)CCC21
O=C1CCCC2C1CCC1C(C(=O)CSc3nnc(-c4ccccc4)o3)CCC21
O=C1CCCC2C(CCC3C(C(=O)CSc4nnc(-c5ccccc5)o4)CCC23)C1
O=C1CCCCC2C(CCC3C(C(=O)CSc4nnc(-c5ccccc5)o4)CCC23)C1
O=C1CCCCC2C(CCC3C(C(=O)CSc4nnc(-c5ccccc5)o4)CCC23)C1
O=C1CCCCC2C(CCC3C(C(=O)CSc4nnc(-c5ccccc5)o4)CCC23)C1
C=C1CCC2C(CCC3C(C(=O)CSc4nnc(-c5ccccc5)o4)CCC23)CC(=O)C1
O=C1CCC2C(CCC3C(C(=O)CSc4nnc(-c5ccccc5)o4)CCC23)CC(=O)C1
O=C1CCC2C(CCC3C(C(=O)CSc4nnc(-c5ccccc5)o4)CCC23)CC(=O)C1
O=C1CCC2C(CCC3C(C(=O)CSc4nnc(-c5ccccc5)o4)CCC32)C(=O)C1
O=C1CCC(=O)C2CCC3C(C(=O)CSc4nnc(-c5ccccc5)o4)CCC3C2CC1
O=C1CCCC2CCC3C(C(=O)CSc4nnc(-c5ccccc5)o4)CCC3C2CC1
O=C1CCCC2CCC3C(C(=O)CSc4nnc(-c5ccccc5)o4)CCC3C2CC1
O=C1CCC2CCC3C(C(=O)CSc4nnc(-c5ccccc5)o4)CCC3C2CC1
O=C1CCC2CCC3C(C(=O)CSc4nnc(-c5ccccc5)o4)CCC3C2CC1
O=C1CCC2CCC3C(C(=O)CSc4nnc(-c5ccccc5)o4)CCC3C2CC1
O=C1CCC2CCC3C(C(=O)CSc4nnc(-c5ccccc5)o4)CCC3C2CC1
O=C1CCCC2C(CCC3C(C(=O)CSc4nnc(-c5ccccc5)o4)CCC23)C1
O=C1CCCC2C(CCC3C(C(=O)CSc4nnc(-c5ccccc5)o4)CCC23)C1
O=C1CCCCC2C(CCC3C(C(=O)CSc4nnc(-c5ccccc5)o4)CCC23)C1
O=C1CCCCC2C(CCC3C(C(=O)CSc4nnc(-c5ccccc5)o4)CCC23)C1
O=C1CCCCC2C(CCC3C(C(=O)CSc4nnc(-c5ccccc5)o4)CCC23)C1
O=C1CCCCC2C(CCC3C(C(=O)CSc4nnc(-c5ccccc5)o4)CCC23)C1
O=C1CCCCC2C(CCC3C(C(=O)CSc4nnc(-c5ccccc5)o4)CCC23)C1
O=C1CCCCC2C(CCC3C(C(=O)CSc4nnc(-c5ccccc5)o4)CCC23)C1
O=C1CCCCC2C(CCC3C(C(=O)CSc4nnc(-c5ccccc5)o4)CCC23)C1
O=C1CCCCC2C(CCC3C(C(=O)CSc4nnc(-c5ccccc5)o4)CCC23)C1
O=C1CCCC2C(CC1)CCC1C(C(=O)CSc3nnc(-c4ccccc4)o3)CCC21
O=C1CCCC2C(CC1)CCC1C(C(=O)CSc3nnc(-c4ccccc4)o3)CCC21
O=C1CCCC2C(CCC3C(C(=O)CSc4nnc(-c5ccccc5)o4)CCC23)CN1
O=C1CCCC2C(CCC3C(C(=O)CSc4nnc(-c5ccccc5)o4)CCC23)CN1
O=C1CCCC2C(CCC3C(C(=O)CSc4nnc(-c5ccccc5)o4)CCC23)CN1
O=C1CCCC2C(CCC3C(C(=O)CSc4nnc(-c5ccccc5)o4)CCC23)CN1
O=C1CCCC2C(CCC3C(C(=O)CSc4nnc(-c5ccccc5)o4)CCC23)CN1
O=C1CCCC2C(CCC3C(C(=O)CSc4nnc(-c5ccccc5)o4)CCC23)CN1
O=C1CCCC2C(CCC3C(C(=O)CSc4nnc(-c5ccccc5)o4)CCC23)CN1
O=C1CCCC2C(CCC3C(C(=O)CSc4nnc(-c5ccccc5)o4)CCC23)CN1
O=C1CCCC2C(CCC3C(C(=O)CSc4nnc(-c5ccccc5)o4)CCC23)CN1
O=C1CCCC2C(CCC3C(C(=O)CSc4nnc(-c5ccccc5)o4)CCC23)CN1
O=C1CCCC2C(CCC3C(C(=O)CSc4nnc(-c5ccccc5)o4)CCC23)CN1
O=C1CCCC2C(CCC3C(C(=O)CSc4nnc(-c5ccccc5)o4)CCC23)CN1
O=C1CCCC2C(CCC3C(C(=O)CSc4nnc(-c5ccccc5)o4)CCC23)CN1
O=C1CCCC2C(CCC3C(C(=O)CSc4nnc(-c5ccccc5)o4)CCC23)CN1
O=C1NCC2CCC3C(C(=O)CSc4nnc(-c5ccccc5)o4)CCC3C2CCO1
O=C1NCC2CCC3C(C(=O)CSc4nnc(-c5ccccc5)o4)CCC3C2CCO1
O=C1CCCC2C(CCC3C(C(=O)CSc4nnc(-c5ccccc5)o4)CCC23)CN1
O=C1CCCC2C(CCC3C(C(=O)CSc4nnc(-c5ccccc5)o4)CCC23)CN1
O=C1CCCC2C(CCC3C(C(=O)CSc4nnc(-c5ccccc5)o4)CCC23)CN1
O=C1CCCC2C(CCC3C(C(=O)CSc4nnc(-c5ccccc5)o4)CCC23)CN1
O=C(CSc1nnc(-c2ccccc2)o1)C1CCC2C3CCCCNCC3CCC12
O=C(CSc1nnc(-c2ccccc2)o1)C1CCC2C3CCCCNCC3CCC12
O=C(CSc1nnc(-c2ccccc2)o1)C1CCC2C3CCCCNCC3CCC12
O=C(CSc1nnc(-c2ccccc2)o1)C1CCC2C3CCCCNCC3CCC12
O=C(CSc1nnc(-c2ccccc2)o1)C1CCC2C3CCCNCC3CCC12
O=C(CSc1nnc(-c2ccccc2)o1)C1CCC2C3CCCNCC3CCC12
O=C(CSc1nnc(-c2ccccc2)o1)C1CCC2C3CCCNCC3CCC12
O=C(CSc1nnc(-c2ccccc2)o1)C1CCC2C1CCC1C2CCCN2CC(=O)C12
O=C(CSc1nnc(-c2ccccc2)o1)C1CCC2C1CCC1C2CCCN2CCC(=O)C12
O=C1CCN2CCCC3C4CCC(C(=O)CSc5nnc(-c6ccccc6)o5)C4CCC3C2C1
O=C1CCC2CCCC3C(CCC4C(C(=O)CSc5nnc(-c6ccccc6)o5)CCC43)C2C1
O=C1CCC2CCCC3C(CCC4C(C(=O)CSc5nnc(-c6ccccc6)o5)CCC43)C2C1
O=C1CCC2CCC3C(CCC4C(C(=O)CSc5nnc(-c6ccccc6)o5)CCC43)C2C1
O=C1CCC2CCC3C(CCC4C(C(=O)CSc5nnc(-c6ccccc6)o5)CCC34)CC2C1
O=C1CCC2CCC3C(CCC4C(C(=O)CSc5nnc(-c6ccccc6)o5)CCC34)CC2CC1
O=C1CCC2CC3CCC4C(C(=O)CSc5nnc(-c6ccccc6)o5)CCC4C3CCC2C1
O=C1CCC2C(CCC3C2CCC2C(C(=O)CSc4nnc(-c5ccccc5)o4)CCC23)C1
O=C1CCC2C(C1)CC1C2CCC2C(C(=O)CSc3nnc(-c4ccccc4)o3)CCC21
O=C1C=C2CC3C(CCC4C(C(=O)CSc5nnc(-c6ccccc6)o5)CCC43)C2CC1
O=C1C=C2CC3C(CCC4C(C(=O)CSc5nnc(-c6ccccc6)o5)CCC43)C2CC1
O=C1C=C2CCC3C(CCC4C(C(=O)CSc5nnc(-c6ccccc6)o5)CCC43)C2CC1
O=C1C=C2CCC3C(CCC4C(C(=O)CSc5nnc(-c6ccccc6)o5)CCC43)C2CC1
O=C1C=CC2C(=C1)CCC1C2CCC2C(C(=O)CSc3nnc(-c4ccccc4)o3)CCC21
O=C1C=CC2C(=C1)CCC1C2CCC2C(C(=O)CSc3nnc(-c4ccccc4)o3)CCC21
C1=Cc2c(ccc3c2C(=Cc2cccc(-c4cccnc4)c2)Oc2ccccc2-3)NC1
C1=Cc2c(ccc3c2C(=Cc2cccc(-c4cccnc4)c2)Oc2ccccc2-3)NC1
C1=Cc2c(ccc3c2C(=Cc2cccc(-c4cccnc4)c2)Oc2ccccc2-3)NC1
C1=Cc2c(cccc2C(=Cc2cccc(-c3cccnc3)c2)Oc2ccccc2)NC1
C1=Cc2c(cccc2C(Cc2cccc(-c3cccnc3)c2)Oc2ccccc2)NC1
c1ccc(OC(Cc2cccc(-c3cccnc3)c2)c2ccccc2)cc1
c1ccc(OC(Cc2cccc(-c3cccnc3)c2)c2ccccc2)cc1
c1ccc(OC(Cc2cccc(-c3cccnc3)c2)c2ccccc2)cc1
c1ccc(OC(Cc2cccc(-c3cccnc3)c2)c2ccccc2)cc1
c1ccc(OC(Cc2cccc(-c3cccnc3)c2)c2ccccc2)cc1
c1ccc(OC(Cc2cccc(-c3cccnc3)c2)c2ccccc2)cc1
c1ccc(OC(Cc2cccc(-c3cccnc3)c2)c2ccccc2)cc1
c1ccc(OC(Cc2cccc(-c3cccnc3)c2)c2ccccc2)cc1
c1ccc(OC(Cc2cccc(-c3cccnc3)c2)c2ccccc2)cc1
c1ccc(OC(Cc2cccc(-c3cccnc3)c2)c2ccccc2)cc1
c1ccc(OC(Cc2cccc(-c3cccnc3)c2)c2ccccc2)cc1
c1ccc(OC(Cc2cccc(-c3cccnc3)c2)c2ccccc2)cc1
c1ccc(OC(Cc2cccc(-c3cccnc3)c2)c2ccccc2)cc1
c1ccc(OC(CNc2cccc(-c3cccnc3)c2)c2ccccc2)cc1
c1ccc(OC(CNc2cccc(-c3cccnc3)c2)c2ccccc2)cc1
c1ccc(OC(CNc2cccc(-c3cccnc3)c2)c2ccccc2)cc1
c1ccc(OC(CNCc2cncc(-c3ccccc3)c2)c2ccccc2)cc1
c1ccc(OC(CNc2cncc(-c3ccccc3)c2)c2ccccc2)cc1
C=C(C=Cc1ccccc1)NCC(Oc1ccccc1)c1ccccc1
C=C(C=Cc1ccccc1)NCC(Oc1ccccc1)c1ccccc1
C=C(NCC(Oc1ccccc1)c1ccccc1)c1ccccc1
C=C(NCC(Oc1ccccc1)c1ccccc1)c1ccccc1
C=C(NCC(Oc1ccccc1)c1ccccc1)c1ccccc1
O=C(NCC(Oc1ccccc1)c1ccccc1)c1ccccc1
O=C(NCC(Oc1ccccc1)c1ccccc1)c1ccccc1
O=C(NCC(Oc1ccccc1)c1ccccc1)c1ccccc1
O=C(NCC(Oc1ccccc1)C1=CC=CCC=C1)c1ccccc1
O=C(NCC(Oc1ccccc1)C1=CC=CCC=C1)c1ccccc1
O=C(NCC(Oc1ccccc1)C1=CC=CCC=C1)c1ccccc1
O=C(NCC(Oc1ccccc1)C1=CCC=CCC=C1)c1ccccc1
O=C(NCC(Oc1ccccc1)C1=CCC=CCC=C1)c1ccccc1
O=C(NCC(Oc1ccccc1)C1=CCC=CC=C1)c1ccccc1
O=C(NCC(Oc1ccccc1)C1=CCC=CC=C1)c1ccccc1
O=C(NCC(Oc1ccccc1)c1ccccc1)c1ccccc1
O=C(NCC(Oc1ccccc1)c1ccccc1)c1ccccc1
O=C(NCC(Oc1ccccc1)c1ccccc1)c1ccccc1
O=C(NCC(Oc1ccccc1)c1ccccc1)c1ccccc1
O=C(NCC(Oc1ccc2c(c1)CC2)c1ccccc1)c1ccccc1
O=C(NCC(Oc1ccc2c(c1)CCC2)c1ccccc1)c1ccccc1
O=C(NCC(Oc1ccc2c(c1)C=CC2)c1ccccc1)c1ccccc1
O=C(NCC(Oc1ccc2c(c1)C=CC2)c1ccccc1)c1ccccc1
O=C(NCC(Oc1ccc2c(c1)C=NC2)c1ccccc1)c1ccccc1
O=C(NCC(Oc1ccc2c(c1)C=NC2)c1ccccc1)c1ccccc1
O=C(NCC(Oc1ccc2c(c1)C=NC2)c1ccccc1)c1ccccc1
O=C(NCC(Oc1ccc2c(c1)C=NC2)c1ccccc1)c1ccccc1
O=C(NCC(Oc1ccc2[nH]ncc2c1)c1ccccc1)c1ccccc1
O=C(NCC(Oc1ccc2[nH]ncc2c1)c1ccccc1)c1ccccc1
O=C(NCC(Oc1ccc2[nH]ncc2c1)c1ccccc1)c1ccccc1
O=C(NCC(Oc1ccc2[nH]ncc2c1)c1ccccc1)c1ccccc1
O=C(NCC(Oc1ccc2[nH]ncc2c1)c1ccccc1)c1ccccc1
O=C(NCC(Oc1ccc2[nH]ncc2c1)c1ccccc1)c1ccccc1
O=C(NCC(Oc1ccc2[nH]ncc2c1)c1ccccc1)c1ccccc1
O=C(NCC(Oc1ccc2[nH]ncc2c1)c1ccccc1)c1ccccc1
O=C(NCC(Oc1ccc2[nH]ncc2c1)c1ccccc1)c1ccccc1
O=C(NCC(Oc1ccc2[nH]ncc2c1)c1ccccc1)c1ccccc1
O=C(NCC(Oc1ccc2[nH]ncc2c1)c1ccccc1)c1ccccc1
O=C(NCC(Oc1ccc2[nH]ncc2c1)c1ccccc1)c1ccccc1
O=C(NCC(Oc1ccc2[nH]ncc2c1)c1ccccc1)c1ccccc1
O=C(NCC(Oc1ccc2[nH]ncc2c1)c1ccccc1)c1ccccc1
O=C(NCC(Oc1ccc2c(cnn2C2=CN2)c1)c1ccccc1)c1ccccc1
O=C(NCC(Oc1ccc2c(cnn2C2=CN2)c1)c1ccccc1)c1ccccc1
O=C(NCC(Oc1ccc2c(cnn2C2=CC2)c1)c1ccccc1)c1ccccc1
O=C(NCC(Oc1ccc2c(cnn2C2=CCC2)c1)c1ccccc1)c1ccccc1
O=C(NCC(Oc1ccc2c(cnn2C2=NCCC2)c1)c1ccccc1)c1ccccc1
O=C(NCC(Oc1ccc2c(cnn2C2=NCC2)c1)c1ccccc1)c1ccccc1
O=C(NCC(Oc1ccc2c(cnn2C2=NC=C2)c1)c1ccccc1)c1ccccc1
O=C(NCC(Oc1ccc2c(cnn2C2=C=NC=C2)c1)c1ccccc1)c1ccccc1
O=C(NCC(Oc1ccc2c(cnn2C2=C=CC=C2)c1)c1ccccc1)c1ccccc1
O=C(NCC(Oc1ccc2c(cnn2C2=CCC=C2)c1)c1ccccc1)c1ccccc1
C=C1C=CC(n2ncc3cc(OC(CNC(=O)c4ccccc4)c4ccccc4)ccc32)=C1
C=C1C=CC(n2ncc3cc(OC(CNC(=O)c4ccccc4)c4ccccc4)ccc32)=C1
C=C1C=CC(n2ncc3cc(OC(CNC(=O)c4ccccc4)c4ccccc4)ccc32)=C1
C=C1C=CC(n2ncc3cc(OC(CNC(=O)c4ccccc4)c4ccccc4)ccc32)=C1
C=C1C=CC(n2ncc3cc(OC(CNC(=O)c4ccccc4)c4ccccc4)ccc32)=C1
C=C1C=CC(n2ncc3cc(OC(CNC(=O)c4ccccc4)c4ccccc4)ccc32)=C1
C=C1C=CC(n2ncc3cc(OC(CNC(=O)c4ccccc4)c4ccccc4)ccc32)=C1
C=C1C=CC(n2ncc3cc(OC(CNC(=O)c4ccccc4)c4ccccc4)ccc32)=C1
O=C(NCC(Oc1ccc2c(cnn2-c2ccccc2)c1)c1ccccc1)c1ccccc1
O=C(NCC(Oc1ccc2c(cnn2-c2ccccc2)c1)c1ccccc1)c1ccccc1
O=C(NCC(Oc1ccc2c(cnn2-c2ccccc2)c1)c1ccccc1)c1ccccc1
O=C(NCC(Oc1ccc2c(cnn2-c2ccccc2)c1)c1ccccc1)c1ccccc1
O=C(NCC(Oc1ccc2c(cnn2-c2ccccc2)c1)c1ccccc1)c1ccccc1
C1=Cc2c(ccc3c2C(=Cc2cccc(-c4cccnc4)c2)Oc2ccccc2-3)NC1
C1=Cc2c(ccc3c2C(Cc2cccc(-c4cccnc4)c2)Oc2ccccc2-3)NC1
c1cncc(-c2cccc(CC3Oc4ccccc4-c4ccccc43)c2)c1
c1ccc(OC(Cc2cccc(-c3cccnc3)c2)c2ccccc2)cc1
c1ccc(OC(Cc2cccc(-c3cccnc3)c2)c2ccccc2)cc1
c1ccc(OC(Cc2cccc(-c3cccnc3)c2)c2ccccc2)cc1
c1ccc(OC(Cc2cccc(-c3cccnc3)c2)c2ccccc2)cc1
c1ccc(OC(Cc2cccc(-c3cccnc3)c2)c2ccccc2)cc1
c1ccc(OC(Cc2cccc(-c3cccnc3)c2)c2ccccc2)cc1
c1ccc(OC(Cc2cccc(-c3cccnc3)c2)c2ccccc2)cc1
c1ccc(OC(Cc2cccc(-c3cccnc3)c2)c2ccccc2)cc1
c1ccc(OC(Cc2cccc(-c3cccnc3)c2)c2ccccc2)cc1
c1ccc(OC(CSc2cccc(-c3cccnc3)c2)c2ccccc2)cc1
c1ccc(OC(CSc2cccc(-c3cccnc3)c2)c2ccccc2)cc1
c1ccc(OC(CSc2cccc(-c3cccnc3)c2)c2ccccc2)cc1
c1ccc(OC(CSc2cccc(-c3cccnc3)c2)c2ccccc2)cc1
c1ccc(OC(CSc2cccc(-c3cccnc3)c2)c2ccccc2)cc1
c1ccc(OC(CSc2cccc(-c3cccnc3)c2)c2ccccc2)cc1
c1ccc(OC(CCc2cccc(-c3cccnc3)c2)c2ccccc2)cc1
c1ccc(OC(CCc2cccc(-c3cccnc3)c2)c2ccccc2)cc1
c1ccc(OC(CNCCc2cccc(-c3cccnc3)c2)c2ccccc2)cc1
c1ccc(OC(CNCCc2cccc(-c3cccnc3)c2)c2ccccc2)cc1
c1ccc(OC(CNCCc2cccc(-c3cccnc3)c2)c2ccccc2)cc1
C=C(Cc1cccc(-c2cccnc2)c1)NCC(Oc1ccccc1)c1ccccc1
C=C(COc1cccc(-c2cccnc2)c1)NCC(Oc1ccccc1)c1ccccc1
C=C(COc1cccc(-c2cccnc2)c1)NCC(Oc1ccccc1)c1ccccc1
C=C(CCOc1cccc(-c2cccnc2)c1)NCC(Oc1ccccc1)c1ccccc1
C=C(CCOc1cccc(-c2cccnc2)c1)NCC(Oc1ccccc1)c1ccccc1
O=C(CCOc1cccc(-c2cccnc2)c1)NCC(Oc1ccccc1)c1ccccc1
O=C(CCOc1cccc(-c2cccnc2)c1)NCC(Oc1ccccc1)c1ccccc1
O=C(CCOc1cccc(-c2cccnc2)c1)NCC(Oc1ccccc1)c1ccccc1
O=C(CCOc1cccc(C2=CCN=C2)c1)NCC(Oc1ccccc1)c1ccccc1
O=C(CCOc1cccc(C2=CCN=C2)c1)NCC(Oc1ccccc1)c1ccccc1
O=C(CCOc1cccc(-c2cn[nH]c2)c1)NCC(Oc1ccccc1)c1ccccc1
O=C(CCOc1cccc(-c2cn[nH]c2)c1)NCC(Oc1ccccc1)c1ccccc1
O=C(CCOc1cccc(-c2cn[nH]c2)c1)NCC(Oc1ccccc1)c1ccccc1
O=C(CCOc1cccc(-c2cn[nH]c2)c1)NCC(Oc1ccccc1)c1ccccc1
O=C(CCOc1cccc(-c2cn[nH]c2)c1)NCC(Oc1ccccc1)c1ccccc1
O=C(CCOc1cccc(-c2cn[nH]c2)c1)NCC(Oc1ccccc1)c1ccccc1
O=C(CCOc1cccc(-c2cn[nH]c2)c1)NCC(Oc1ccccc1)c1ccccc1
O=C(CCOc1cccc(-c2cn[nH]c2)c1)NCC(Oc1ccccc1)c1ccccc1
O=C(CCOc1cccc(-c2cn[nH]c2)c1)NCC(Oc1ccccc1)c1ccccc1
O=C(CCOc1cccc(-c2cn[nH]c2)c1)NCC(Oc1ccccc1)c1ccccc1
O=C(CCOc1cccc(-c2cn[nH]c2)c1)NCC(Oc1ccccc1)c1ccccc1
O=C(CCOc1cccc(-c2cn[nH]c2)c1)NCC(Oc1ccccc1)c1ccccc1
O=C(CCOc1cccc(-c2cn[nH]c2)c1)NCC(Oc1ccccc1)c1ccccc1
O=C(CCOc1cccc(-c2cn[nH]c2)c1)NCC(Oc1ccccc1)c1ccccc1
O=C(CCOc1cccc(-c2cn[nH]c2)c1)NCC(Oc1ccccc1)c1ccccc1
O=C(CCOc1cccc(-c2cn[nH]c2)c1)NCC(Oc1ccccc1)c1ccccc1
O=C(CCOc1cccc(-c2cn[nH]c2)c1)NCC(Oc1ccccc1)c1ccccc1
O=C(CCOc1cccc(-c2cn[nH]c2)c1)NCC(Oc1ccccc1)c1ccccc1
O=C(CCOc1cccc(-c2cn[nH]c2)c1)NCC(Oc1ccccc1)c1ccccc1
O=C(CCOc1cccc(-c2cn[nH]c2)c1)NCC(Oc1ccccc1)c1ccccc1
O=C(CCOc1cccc(-c2cn[nH]c2)c1)NCC(Oc1ccccc1)c1ccccc1
O=C(CCCOc1cccc(-c2cn[nH]c2)c1)NCC(Oc1ccccc1)c1ccccc1
O=C(CCCOc1cccc(-c2cn[nH]c2)c1)NCC(Oc1ccccc1)c1ccccc1
O=C(CCCOc1cccc(-c2cn[nH]c2)c1)NCC(Oc1ccccc1)c1ccccc1
O=C(CCCOc1cccc(-c2cn[nH]c2)c1)NCC(Oc1ccccc1)c1ccccc1
O=C(CCCOc1cccc(-c2cn[nH]c2)c1)NCC(Oc1ccccc1)c1ccccc1
O=C(CCOc1cccc(-c2cn[nH]c2)c1)NCC(Oc1ccccc1)c1ccccc1
O=C(CCOc1cccc(-c2cn[nH]c2)c1)NCC(Oc1ccccc1)c1ccccc1
O=C(CCOc1cccc(-c2cn[nH]c2)c1)NCC(Oc1ccccc1)c1ccccc1
O=C(CCn1cc(-c2ccccc2)cn1)NCC(Oc1ccccc1)c1ccccc1
O=C(CCn1cc(-c2ccccc2)cn1)NCC(Oc1ccccc1)c1ccccc1
O=C(CCn1cc(-c2ccccc2)cn1)NCC(Oc1ccccc1)c1ccccc1
O=C(CCn1cc(-c2ccccc2)cn1)NCC(Oc1ccccc1)c1ccccc1
O=C(CCn1cc(-c2ccccc2)cn1)NCC(Oc1ccccc1)c1ccccc1
O=C(CCn1cc(-c2ccccc2)cn1)NCC(Oc1ccccc1)c1ccccc1
O=C(CCn1cc(-c2ccccc2)cn1)NCC(Oc1ccccc1)c1ccccc1
O=C(Cn1cc(-c2ccccc2)cn1)NCC(Oc1ccccc1)c1ccccc1
O=C(Cn1cc(-c2ccccc2)cn1)NCC(Oc1ccccc1)c1ccccc1
O=C(Cn1cc(-c2ccccc2)cn1)NCC(Oc1ccccc1)c1ccccc1
O=C(Cn1cc(-c2ccccc2)cn1)NCC(Oc1ccccc1)c1ccccc1
O=C(Cn1cc(-c2ccccc2)cn1)NCC(Oc1ccccc1)c1ccccc1
O=C(Cn1cc(-c2ccccc2)cn1)NCC(Oc1ccccc1)c1ccccc1
O=C(Cn1cc(-c2ccccc2)cn1)NCC(Oc1ccccc1)c1ccccc1
O=C(Cn1cc(-c2ccccc2)cn1)NCC(Oc1ccccc1)c1ccccc1
O=C(Cn1cc(-c2ccccc2)cn1)NCC(Oc1ccccc1)c1ccccc1
O=C(Cn1cc(-c2ccccc2)cn1)NCC(Oc1ccccc1)c1ccccc1
O=C(Cn1cc(-c2ccccc2)cn1)NCC(Oc1ccccc1)c1ccccc1
O=C(Cn1cc(-c2ccccc2)cn1)NCC(Oc1ccccc1)c1ccccc1
O=C(Cn1cc(-c2ccccc2)cn1)NCC(Oc1ccccc1)c1ccccc1
O=C(Cn1cc(-c2ccccc2)cn1)NCC(Oc1ccccc1)c1ccccc1
O=C(Cn1cc(-c2ccccc2)cn1)NCC(Oc1ccccc1)c1ccccc1
O=C(Cn1cc(-c2ccccc2)cn1)NCC(Oc1ccccc1)c1ccccc1
O=C(Cn1cc(-c2ccccc2)cn1)NCC(Oc1ccccc1)c1ccccc1
O=C(Cn1cc(-c2ccccc2)cn1)NCC(Oc1ccccc1)c1ccccc1
O=C(CCn1cc(-c2ccccc2)cn1)NCC(Oc1ccccc1)c1ccccc1
O=C(CCn1cc(-c2ccccc2)cn1)NCC(Oc1ccccc1)c1ccccc1
O=C(COCn1cc(-c2ccccc2)cn1)NCC(Oc1ccccc1)c1ccccc1
O=C(COCn1cc(-c2ccccc2)cn1)NCC(Oc1ccccc1)c1ccccc1
O=C(COCn1cc(-c2ccccc2)cn1)NCC(Oc1ccccc1)c1ccccc1
O=C(CCCn1cc(-c2ccccc2)cn1)NCC(Oc1ccccc1)c1ccccc1
O=C(CCCn1cc(-c2ccccc2)cn1)NCC(Oc1ccccc1)c1ccccc1
O=C(CCn1cc(-c2ccccc2)cn1)NCC(Oc1ccccc1)c1ccccc1
O=C(CCn1cc(-c2ccccc2)cn1)NCC(Oc1ccccc1)c1ccccc1
O=C(CCn1cc(-c2ccccc2)cn1)NCC(Oc1ccccc1)c1ccccc1
O=C(Cn1cc(-c2ccccc2)cn1)NCC(Oc1ccccc1)c1ccccc1
O=C(Cn1cc(-c2ccccc2)cn1)NCC(Oc1ccccc1)c1ccccc1
O=C(Cn1cc(-c2ccccc2)cn1)NCC(Oc1ccccc1)c1ccccc1
O=C(Cn1cc(-c2ccccc2)cn1)NCC(Oc1ccccc1)c1ccccc1
O=C(Cn1cc(-c2ccccc2)cn1)NCC(Oc1ccccc1)c1ccccc1
O=C(Cn1cc(-c2ccccc2)cn1)NCC(Oc1ccccc1)c1ccccc1
O=C(Cn1cc(-c2ccccc2)cn1)NCC(Oc1ccccc1)c1ccccc1
O=C(Cn1cc(-c2ccccc2)cn1)NCC(Oc1ccccc1)c1ccccc1
O=C(Cn1cc(-c2ccccc2)cn1)NCC(Oc1ccccc1)c1ccccc1
O=C(Cn1cc(-c2ccccc2)cn1)NCC(Oc1ccccc1)c1ccccc1
O=C(Cn1cc(-c2ccccc2)cn1)NCC(Oc1ccccc1)c1ccccc1
O=C(Cn1cc(-c2ccccc2)cn1)NCC(Oc1ccccc1)c1ccccc1
O=C(Cn1cc(-c2ccccc2)cn1)NCC(Oc1ccccc1)c1ccccc1
O=C(Cn1cc(-c2ccccc2)cn1)NCC(Oc1ccccc1)c1ccccc1
O=C(Cn1cc(-c2ccccc2)cn1)NCC(Oc1ccccc1)c1ccccc1
O=C(Cn1cc(-c2ccccc2)cn1)NCC(Oc1ccccc1)c1ccccc1
O=C(Cn1cc(-c2ccccc2)cn1)NCC(Oc1ccccc1)c1ccccc1
O=C(Cn1cc(-c2ccccc2)cn1)NCC(Oc1ccccc1)c1ccccc1
O=C(Cn1cc(-c2ccccc2)cn1)NCC(Oc1ccccc1)c1ccccc1
O=C(Cn1cc(-c2ccccc2)cn1)NCC(Oc1ccccc1)c1ccccc1
O=C(Cn1cc(-c2ccccc2)cn1)NCC(Oc1ccccc1)c1ccccc1
O=C(Cn1cc(-c2ccccc2)cn1)NCC(Oc1ccccc1)c1ccccc1
O=C(Cn1cc(-c2ccccc2)cn1)NCC(Oc1ccccc1)c1ccccc1
O=C(Cn1cc(-c2ccccc2)cn1)NCC(Oc1ccccc1)c1ccccc1
O=C(Cn1cc(-c2ccccc2)cn1)NCC(Oc1ccccc1)c1ccccc1
O=C(Cn1cc(-c2ccccc2)cn1)NCC(Oc1ccccc1)c1ccccc1
O=C(Cn1cc(-c2ccccc2)cn1)NCC(Oc1ccccc1)c1ccccc1
O=C(CCn1cc(-c2ccccc2)cn1)NCC(Oc1ccccc1)c1ccccc1
c1ccc(COc2cccc(-n3cc(-c4ccccc4)cn3)c2)cc1
c1ccc(COc2cccc(-n3cc(-c4ccccc4)cn3)c2)cc1
c1ccc(COc2cccc(-n3cc(-c4ccccc4)cn3)c2)cc1
c1ccc(COc2cccc(-n3cc(-c4ccccc4)cn3)c2)cc1
c1ccc(COc2cccc(-n3cc(-c4ccccc4)cn3)c2)cc1
c1ccc(COc2cccc(-n3cc(-c4ccccc4)cn3)c2)cc1
c1ccc(COc2cccc(-n3cc(-c4ccccc4)cn3)c2)cc1
c1ccc(COc2cccc(-n3cc(-c4ccccc4)cn3)c2)cc1
c1ccc(COc2cccc(-n3cc(-c4ccccc4)cn3)c2)cc1
c1ccc(COc2ccc(-n3cc(-c4ccccc4)cn3)cc2)cc1
c1ccc(COc2ccc(-n3cc(-c4ccccc4)cn3)cc2)cc1
c1ccc(COc2ccc(-n3cc(-c4ccccc4)cn3)cc2)cc1
c1ccc(COc2ccc(-n3cc(-c4ccccc4)cn3)cc2)cc1
c1ccc(COc2ccc(-n3cc(-c4ccccc4)cn3)cc2)cc1
c1ccc(COc2ccc(-n3cc(-c4ccccc4)cn3)cc2)cc1
c1ccc(COc2ccc(-n3cc(-c4ccccc4)cn3)cc2)cc1
c1ccc(COc2ccc(-n3cc(-c4ccccc4)cn3)cc2)cc1
c1ccc(COc2ccc(-n3cc(-c4ccccc4)cn3)cc2)cc1
c1ccc(COc2ccc(-n3cc(-c4ccccc4)cn3)cc2)cc1
c1ccc(COc2ccc(-n3cc(-c4ccccc4)cn3)cc2)cc1
C(=Cn1ncc2cc(OCc3ccccc3)ccc21)c1ccccc1
C(=Cn1ncc2cc(OCc3ccccc3)ccc21)c1ccccc1
c1ccc(CCn2ncc3cc(OCc4ccccc4)ccc32)cc1
c1ccc(COc2ccc3c(cnn3Cc3ccccc3)c2)cc1
c1ccc(COc2ccc3c(cnn3-c3ccccc3)c2)cc1
c1ccc(COc2ccc3c(cnn3-c3ccccc3)c2)cc1
c1ccc(COc2ccc3c(cnn3-c3ccccc3)c2)cc1
c1ccc(COc2ccc3c(cnn3-c3ccccc3)c2)cc1
c1ccc(COc2ccc3c(cnn3-c3ccccc3)c2)cc1
c1ccc(COc2ccc3c(cnn3-c3ccccc3)c2)cc1
c1ccc(COc2ccc3c(cnn3-c3ccccc3)c2)cc1
c1ccc(COc2ccc3c(cnn3-c3ccccc3)c2)cc1
c1ccc(COc2ccc3c(cnn3-c3ccccc3)c2)cc1
C1=Cc2c(ccc3c2C(=Cc2cccc(-c4cccnc4)c2)Oc2ccccc2-3)NC1
C(=C1Oc2ccccc2-c2ccc3c(c21)CCN3)c1cccc(-c2cccnc2)c1
C(=C1COc2ccccc2-c2ccc3c(c21)CCN3)c1cccc(-c2cccnc2)c1
c1cncc(-c2cccc(C3COc4ccccc4-c4ccc5c(c43)CCN5)c2)c1
c1cncc(-c2cccc(C3COc4ccccc4-c4ccc5c(c43)CCN5)c2)c1
c1ccc(-c2cccc(C3COc4ccccc4-c4ccc5c(c43)CCN5)c2)cc1
c1ccc(-c2cccc(Cc3c(-c4cccc5c4OC5)ccc4c3CCN4)c2)cc1
c1ccc(-c2cccc(-c3ccc4c(c3Cc3cccc5c3OC5)CCN4)c2)cc1
c1ccc(-c2cccc(-c3ccc4c(c3Cc3cccc5c3OCO5)CCN4)c2)cc1
c1ccc(-c2cccc(-c3ccc4c(c3Cc3cccc5c3OCO5)CCN4)c2)cc1
c1ccc(-c2cccc(-c3ccc4c(c3CCOc3ccc5c(c3)OCO5)CCN4)c2)cc1
c1ccc(-c2cccc(-c3ccc4c(c3CCOc3ccc5c(c3)OCO5)CCN4)c2)cc1
c1ccc(-c2cccc(-c3ccc4c(c3CNOc3ccc5c(c3)OCO5)CCN4)c2)cc1
c1ccc(-c2cccc(-c3ccc4c(c3NOc3ccc5c(c3)OCO5)CCN4)c2)cc1
c1ccc(-c2cccc(-c3ccc4c(c3NONc3ccc5c(c3)OCO5)CCN4)c2)cc1
c1ccc(-c2cccc(-c3ccc4c(c3)CCN4)c2Nc2ccc3c(c2)OCO3)cc1
c1ccc(Oc2cccc(-c3ccc4c(c3)CCN4)c2Nc2ccc3c(c2)OCO3)cc1
c1ccc(Oc2cccc(-c3ccc4c(c3)CCN4)c2Nc2ccc3c(c2)OCO3)cc1
c1ccc(Oc2cccc(-c3ccc4c(c3)CCN4)c2Nc2ccc3c(c2)OCO3)cc1
c1ccc(Oc2cccc(-c3ccc4c(c3)CCN4)c2Nc2ccc3c(c2)OCO3)cc1
c1ccc(Oc2cccc(-c3ccc4c(c3)CCN4)c2Nc2ccc3c(c2)OCO3)cc1
c1ccc(Oc2cccc(-c3ccc4c(c3)CCN4)c2CNc2ccc3c(c2)OCO3)cc1
c1ccc(Oc2cccc(-c3ccc4c(c3)CCN4)c2CNc2ccc3c(c2)OCO3)cc1
c1ccc(Oc2cccc(-c3ccc4c(c3)CCN4)c2CNc2ccc3c(c2)OCO3)cc1
c1ccc(Oc2cccc(-c3ccc4c(c3)CCN4)c2CNc2ccc3c(c2)OCO3)cc1
c1ccc(Oc2cccc(-c3ccc4c(c3)CCN4)c2CNc2ccc3c(c2)OCO3)cc1
c1ccc(COc2cccc(-c3ccc4c(c3)CCN4)c2CNc2ccc3c(c2)OCO3)cc1
c1ccc(COc2cccc(-c3ccc4c(c3)CCN4)c2CNc2ccc3c(c2)OCO3)cc1
C=C(Nc1ccc2c(c1)OCO2)c1c(OCc2ccccc2)cccc1-c1ccc2c(c1)CCN2
C=C(Nc1ccc2c(c1)OCO2)c1c(OCc2ccccc2)cccc1-c1ccc2c(c1)CCN2
C=C(Nc1ccc2c(c1)OCO2)c1c(OCc2ccccc2)cccc1-c1ccc2c(c1)CCN2
C=C(Nc1ccc2c(c1)OCO2)c1c(Oc2ccccc2)cccc1-c1ccc2c(c1)CCN2
C=C(Nc1ccc2c(c1)OCO2)c1c(Oc2ccccc2)cccc1-c1ccc2c(c1)CCN2
C=C(Nc1ccc2c(c1)OCO2)c1c(Oc2ccccc2)cccc1-c1ccc2c(c1)CCN2
C=C(Nc1ccc2c(c1)OCO2)c1c(Oc2ccccc2)cccc1-c1ccc2c(c1)CCN2
O=C(Nc1ccc2c(c1)OCO2)c1c(Oc2ccccc2)cccc1-c1ccc2c(c1)CCN2
O=C(Nc1ccc2c(c1)OCO2)c1c(Oc2ccccc2)cccc1-c1ccc2c(c1)CCN2
O=C(Nc1ccc2c(c1)OCO2)c1ccccc1-c1ccc2c(c1)CCN2
O=C(Nc1ccc2c(c1)OCO2)c1ccccc1-c1ccc2c(c1)CCN2
O=C(Nc1ccc2c(c1)OCO2)c1ccccc1-c1ccc2c(c1)CCN2
O=C(Nc1ccc2c(c1)OCO2)c1ccccc1-c1ccc2c(c1)CCN2
O=C(Nc1ccc2c(c1)OCO2)c1ccccc1-c1ccc2c(c1)CCN2
O=C(Nc1ccc2c(c1)OCO2)c1ccccc1-c1ccc2c(c1)CCN2
O=C(Nc1ccc2c(c1)OCO2)c1ccccc1-c1ccc2c(c1)CCN2
O=C(Nc1ccc2c(c1)OCO2)c1ccccc1-c1ccc2c(c1)CCN2
O=C(Nc1ccc2c(c1)OCO2)c1ccccc1-c1ccc2c(c1)CCN2
O=C(Nc1ccc2c(c1)OCO2)c1ccccc1-c1ccc2c(c1)CCN2
O=C(Nc1ccc2c(c1)OCO2)c1ccccc1-c1ccc2c(c1)CCN2
O=C(Nc1ccc2c(c1)OCO2)c1ccccc1-c1ccc2c(c1)CCN2
O=C(Cc1ccccc1-c1ccc2c(c1)CCN2)Nc1ccc2c(c1)OCO2
O=C(Cc1ccccc1-c1ccc2c(c1)CCN2)Nc1ccc2c(c1)OCO2
O=C(Nc1ccc2c(c1)OCO2)OCc1ccccc1-c1ccc2c(c1)CCN2
O=C(Nc1ccc2c(c1)OCO2)OCc1ccccc1-c1ccc2c(c1)CCN2
O=C(Nc1ccc2c(c1)OCO2)OCc1ccccc1-c1ccc2c(c1)CCN2
O=C(Nc1ccc2c(c1)OCO2)OC1COc2cccc(-c3ccc4c(c3)CCN4)c21
O=C(Nc1ccc2c(c1)OCO2)OC1CCOc2cccc(-c3ccc4c(c3)CCN4)c21
O=C(Nc1ccc2c(c1)OCO2)OC1CCCOc2cccc(-c3ccc4c(c3)CCN4)c21
O=C(Nc1ccc2c(c1)OCO2)OC1CCCOc2cccc(-c3ccc4c(c3)CCN4)c21
O=C(Nc1ccc2c(c1)OCO2)OC1CCOc2cccc(-c3ccc4c(c3)CCN4)c21
O=C(Nc1ccc2c(c1)OCO2)OC1CCOc2cccc(-c3ccc4c(c3)CCN4)c21
O=C(Nc1ccc2c(c1)OCO2)OC1COc2cccc(-c3ccc4c(c3)CCN4)c21
O=C(Nc1ccc2c(c1)OCO2)OC1Oc2cccc(-c3ccc4c(c3)CCN4)c21
O=C(Nc1ccc2c(c1)OCO2)OC1Oc2cccc(-c3ccc4c(c3)CCN4)c21
O=C(Nc1ccc2c(c1)OCO2)OC1Oc2cccc(-c3ccc4c(c3)CCN4)c21
O=C(Nc1ccc2c(c1)OCO2)OC1Oc2cccc(-c3ccc4c(c3)CCN4)c21
O=C(Nc1ccc2c(c1)OCO2)OC1Cc2cccc(-c3ccc4c(c3)CCN4)c21
O=C(Nc1ccc2c(c1)OCO2)OC1Cc2cccc(-c3ccc4c(c3)CCCN4)c21
O=C(Nc1ccc2c(c1)OCO2)OC1c2cccc(-c3ccc4c(c3)CCCN4)c21
O=C(Nc1ccc2c(c1)OCO2)OC1c2cccc(-c3ccc4c(c3)CCCN4)c21
O=C(Nc1ccc2c(c1)OCO2)OC1Cc2cccc(-c3ccc4c(c3)CCCN4)c21
O=C(Nc1ccc2c(c1)OCO2)OC1Cc2cccc(-c3ccc4c(c3)CCCN4)c21
O=C(Nc1ccc2c(c1)OCO2)OC1Cc2cccc(-c3ccc4c(c3)CCCN4)c21
O=C(Nc1ccc2c(c1)OCO2)OCC1Cc2cccc(-c3ccc4c(c3)CCCN4)c21
O=C(Nc1ccc2c(c1)OCO2)OCC1Cc2cccc(-c3ccc4c(c3)CCCN4)c21
O=C(Nc1ccc2c(c1)OCO2)OCC1c2cccc(-c3ccc4c(c3)CCCN4)c21
O=C(Nc1ccc2c(c1)OCO2)OC1c2cccc(-c3ccc4c(c3)CCCN4)c21
O=C(Nc1ccc2c(c1)OCO2)OCC1CNc2ccc(-c3cccc4c3C4)cc2C1
O=C(Nc1ccc2c(c1)OCO2)OC1CNc2ccc(-c3cccc4c3C4)cc2C1
O=C(Nc1ccc2c(c1)OCO2)OC1CNc2ccc(-c3cccc4c3C4)cc2C1
O=C(Nc1ccc2c(c1)OCO2)OC1CNc2ccc(-c3cccc4c3CC4)cc2C1
O=C(Nc1ccc2c(c1)OCO2)OC1CNc2ccc(-c3cccc4c3CC4)cc2C1
O=C(Nc1ccc2c(c1)OCCO2)OC1CNc2ccc(-c3cccc4c3CC4)cc2C1
O=C(Nc1ccc2c(c1)OCCO2)OC1CNc2ccc(-c3cccc4c3C=C4)cc2C1
O=C(Nc1ccc2c(c1)OCO2)OC1CNc2ccc(-c3cccc4c3C=C4)cc2C1
O=C(Nc1ccc2c(c1)OCO2)OC1CNc2ccc(-c3cccc4cc[nH]c34)cc2C1
C1=Cc2c(ccc3c2C(=Cc2cccc(-c4cccnc4)c2)Oc2ccccc2-3)NC1
C1=Cc2c(ccc3c2C(c2cccc(-c4cccnc4)c2)Oc2ccccc2-3)NC1
c1cncc(-c2cccc(C3Oc4ccccc4-c4ccccc43)c2)c1
c1cncc(-c2cccc(C3Oc4ccccc4-c4ccccc43)c2)c1
c1cncc(-c2cccc(C3Oc4ccccc4-c4ccccc43)c2)c1
c1ccc(-c2ccccc2Cc2cccc(-c3cccnc3)c2)cc1
c1ccc(-c2ccccc2Cc2cccc(-c3cccnc3)c2)cc1
c1ccc(-c2ccccc2Cc2cccc(-c3cccnc3)c2)cc1
c1ccc(-c2ccccc2Cc2cccc(-c3cccnc3)c2)cc1
c1ccc(-c2ccccc2Cc2cccc(-c3cccnc3)c2)cc1
c1ccc(-c2ccccc2Cc2cccc(-c3cccnc3)c2)cc1
c1ccc(-c2ccccc2Cc2cccc(-c3cccnc3)c2)cc1
c1ccc(-c2ccccc2Cc2cccc(-c3cccnc3)c2)cc1
c1ccc(-c2cccc(Cc3ccccc3-c3ccccc3)c2)cc1
c1ccc(-c2cccc(-c3ccccc3-c3ccccc3)c2)cc1
c1ccc(-c2cccc(-c3ccccc3-c3ccccc3)c2)cc1
c1ccc(-c2cccc(-c3ccccc3-c3ccccc3)c2)cc1
c1ccc(-c2cccc(-c3ccccc3-c3ccccc3)c2)cc1
c1ccc(-c2cccc(-c3ccccc3-c3ccccc3)c2)cc1
c1ccc(CCCCc2cccc(-c3ccccc3-c3ccccc3)c2)cc1
c1ccc(CCCCc2cccc(-c3ccccc3-c3ccccc3)c2)cc1
c1ccc(CCCC(c2ccccc2)c2ccccc2-c2ccccc2)cc1
c1ccc(CCCC(c2ccccc2)c2ccccc2-c2ccccc2)cc1
c1ccc(CCCC(c2ccccc2)c2ccccc2-c2ccccc2)cc1
c1ccc(CCCC(c2ccccc2)c2ccccc2-c2ccccc2)cc1
c1ccc(CCCCc2ccc(-c3ccccc3-c3ccccc3)cc2)cc1
c1ccc(CCCCc2ccc(-c3ccccc3-c3ccccc3)cc2)cc1
c1ccc(CCCCc2ccc(-c3ccccc3-c3ccccc3)cc2)cc1
c1ccc(CCCCc2ccc(-c3ccccc3-c3ccccc3)cc2)cc1
c1ccc(CCCCc2ccc(-c3ccccc3-c3ccccc3)cc2)cc1
c1ccc(CCCCc2ccc(-c3ccccc3-c3ccccc3)cc2)cc1
c1ccc(CCCCc2ccc(-c3ccccc3-c3ccccc3)cc2)cc1
c1ccc(CCCCc2ccc(-c3ccccc3-c3ccccc3)cc2)cc1
c1ccc(CCCCc2ccc(-c3ccccc3-c3ccccc3)cc2)cc1
c1ccc(CCCCc2ccc(-c3ccccc3-c3ccccc3)cc2)cc1
c1ccc(CCCCc2ccc(-c3ccccc3-c3ccccc3)cc2)cc1
c1ccc(CCCCc2ccc(-c3ccccc3-c3ccccc3)cc2)cc1
c1ccc(CCCCc2ccc(-c3ccccc3-c3ccccc3)cc2)cc1
c1ccc(CCCCc2ccc(-c3ccccc3-c3ccccc3)cc2)cc1
c1ccc(CCCCCc2ccc(-c3ccccc3-c3ccccc3)cc2)cc1
c1ccc(CCCCCc2ccc(-c3ccccc3-c3ccccc3)cc2)cc1
c1ccc(CCCCCc2ccc(-c3ccccc3-c3ccccc3)cc2)cc1
c1ccc(CCCCCc2ccc(-c3ccccc3-c3ccccc3)cc2)cc1
c1ccc(CCCCCc2ccc(-c3ccccc3-c3ccccc3)cc2)cc1
c1ccc(CCCCCc2ccc(-c3ccccc3-c3ccccc3)cc2)cc1
c1ccc(CCCCCc2ccc(-c3ccccc3-c3ccccc3)cc2)cc1
c1ccc(CCCCCc2ccc(-c3ccccc3-c3ccccc3)cc2)cc1
c1ccc(CCCCCc2ccc(-c3ccccc3-c3ccccc3)cc2)cc1
c1ccc(CCCCCc2ccc(-c3ccccc3-c3ccccc3)cc2)cc1
c1ccc(CCCCCCc2ccc(-c3ccccc3-c3ccccc3)cc2)cc1
c1ccc(CCCCCCCc2ccc(-c3ccccc3-c3ccccc3)cc2)cc1
c1ccc(CCCCCCCc2ccc(-c3ccccc3-c3ccccc3)cc2)cc1
c1ccc(CCCCCNCCc2ccc(-c3ccccc3-c3ccccc3)cc2)cc1
c1ccc(CCCCCNCc2ccc(-c3ccccc3-c3ccccc3)cc2)cc1
c1ccc(CCCCCNc2ccc(-c3ccccc3-c3ccccc3)cc2)cc1
c1ccc(CCCCCNc2ccc(-c3ccccc3-c3ccccc3)cc2)cc1
c1ccc(CCCCCNc2ccc(-c3ccccc3-c3ccccc3)cc2)cc1
c1ccc(CCCCCNc2ccc(-c3ccccc3-c3ccccc3)cc2)cc1
c1ccc(CCCCNc2ccc(-c3ccccc3-c3ccccc3)cc2)cc1
c1ccc(CCCCNc2ccc(-c3ccccc3)cc2)cc1
c1ccc(CCCCNc2ccc(-c3ccccc3)cc2)cc1
c1ccc(CCCCNc2ccc(-c3ccccc3)cc2)cc1
c1ccc(CCCCNc2ccc(-c3ccccc3)cc2)cc1
c1ccc(CCCCNCc2ccc(-c3ccccc3)cc2)cc1
c1ccc(CCCCNCc2ccc(-c3ccccc3)cc2)cc1
c1ccc(CCCCNCc2ccc(-c3ccccc3)cc2)cc1
c1ccc(CCCCNCc2cccc(-c3ccccc3)c2)cc1
c1ccc(CCCCNCc2cccc(-c3ccccc3)c2)cc1
c1ccc(CCCCNCc2ccccc2-c2ccccc2)cc1
c1ccc(CCCCN2Cc3ccccc3-c3ccccc32)cc1
c1ccc(CCCCn2c3ccccc3c3ccccc32)cc1
c1ccc(CCCCn2c3ccccc3c3ccccc32)cc1
c1ccc(CCCCn2c3ccccc3c3ccccc32)cc1
c1ccc(CCCCn2c3ccccc3c3ccccc32)cc1
c1ccc(CCCCn2ccc3ccccc32)cc1
c1ccc(CCCCn2ccc3ccccc32)cc1
c1ccc(CCCCn2ccc3ccccc32)cc1
c1ccc(CCCCn2ccc3ccccc32)cc1
c1ccc(CCCCn2cc(CC3CCC3)c3ccccc32)cc1
c1ccc(CCCCn2cc(CC3CCCC3)c3ccccc32)cc1
c1ccc(CCCCn2cc(CC3CCC3)c3ccccc32)cc1
c1ccc(CCCCn2cc(CC3CCC3)c3ccccc32)cc1
c1ccc(CCCCn2cc(CC3CCC3)c3ccccc32)cc1
c1ccc(CCCCn2ccc3ccccc32)cc1
c1ccc(CCCCn2ccc3ccccc32)cc1
c1ccc(CCCCn2ccc3ccccc32)cc1
c1ccc(CCCCn2ccc3ccccc32)cc1
c1ccc(CCCCn2ccc3ccccc32)cc1
c1ccc(CCCCn2ccc3ccccc32)cc1
O=C1CC(c2cn(CCCCc3ccccc3)c3ccccc23)O1
c1ccc(CCCCn2cc(C3CCO3)c3ccccc32)cc1
c1ccc(CCCCn2cc(C3CCO3)c3ccccc32)cc1
c1ccc(CCCCn2cc(C3CO3)c3ccccc32)cc1
c1ccc(CCCCn2ccc3ccccc32)cc1
c1ccc(CCCCn2ccc3ccccc32)cc1
O=C1C=CN(CCCCc2ccccc2)c2ccccc2C1
O=C1CC=CN(CCCCc2ccccc2)c2ccccc21
O=C1CC=CN(CCCCc2ccccc2)c2ccccc21
O=c1ccn(CCCCc2ccccc2)c2ccccc12
O=c1ccn(CCCCc2ccccc2)c2ccccc12
C1=Cc2c(ccc3c2C(=Cc2cccc(-c4cccnc4)c2)Oc2ccccc2-3)NC1
C(=C1Oc2ccccc2-c2ccccc21)c1cccc(-c2cccnc2)c1
C(=C1Oc2ccccc2-c2ccccc21)c1cccc(-c2cccnc2)c1
C(=C1Oc2ccccc2-c2ccccc21)c1cccc(-c2cccnc2)c1
C(=C1OCc2ccccc2-c2ccccc21)c1cccc(-c2cccnc2)c1
C(=C1OCCc2ccccc2-c2ccccc21)c1cccc(-c2cccnc2)c1
C(=C1OCCc2ccccc2-c2ccccc21)c1cccc(-c2cccnc2)c1
C(=C1OCCc2ccccc2-c2ccccc21)c1cccc(-c2cccnc2)c1
C(=C1OCCc2ccccc2-c2ccccc21)c1cccc(-c2cccnc2)c1
C(=C1OCCc2ccccc2-c2ccccc21)c1cccc(-c2cccnc2)c1
C(=C1OCCc2ccccc2-c2ccccc21)c1cccc(-c2cccnc2)c1
c1cncc(-c2ccc3c(c2)C3=C2OCCc3ccccc3-c3ccccc32)c1
C1=CC(c2cccnc2)C2=C1C2=C1OCCc2ccccc2-c2ccccc21
C1=C(Cc2cccnc2)C1=C1OCCc2ccccc2-c2ccccc21
C1=C(Cc2cccnc2)C1=C1OCCc2ccccc2-c2ccccc21
C1=C(Cc2cccnc2)C1=C1OCCc2ccccc2-c2ccccc21
C1=C(Cc2cccnc2)C1=C1OCCc2ccccc2-c2ccccc21
C1=C(Cc2cccnc2)C1=C1OCCc2ccccc2-c2ccccc21
C1=C(Cc2cccnc2)C1=C1OCCc2ccccc2-c2ccccc21
C1=C(Cc2cccnc2)C1=C1OCCc2ccccc2-c2ccccc21
C(CCc1cccnc1)=C1OCCc2ccccc2-c2ccccc21
C(CCc1cccnc1)=C1OCCc2ccccc2-c2ccccc21
C(Cc1cccnc1)=C1OCCc2ccccc2-c2ccccc21
C(Cc1cccnc1)=C1OCCc2ccccc2-c2ccccc21
C(Cc1cccnc1)=C1OCCc2ccccc2-c2ccccc21
C(Cc1cccnc1)=C1OCCc2ccccc2-c2ccccc21
C(Cc1cccnc1)=C1OCCc2ccccc2-c2ccccc21
C(Cc1cccnc1)=C1OCCc2ccccc2-c2ccccc21
C(Cc1cccnc1)=C1OCCc2ccccc2-c2ccccc21
C(Cc1cccnc1)=C1OCCc2ccccc2-c2ccccc21
C(Cc1cccnc1)=C1OCCc2ccccc2-c2ccccc21
C(Cc1cccnc1)=C1OCCc2ccccc2-c2ccccc21
C(Cc1cccnc1)=C1OCCc2ccccc2-c2ccccc21
C(Cc1cccnc1)=C1OCCc2ccccc2-c2ccccc21
C(Cc1cccnc1)=C1OCCc2ccccc2-c2ccccc21
C(Cc1cccnc1)=C1OCCc2ccccc2-c2ccccc21
C=C1OCCc2cccc(CCCc3cccnc3)c2-c2ccccc21
O=C1OCCc2cccc(CCCc3cccnc3)c2-c2ccccc21
O=C1OCCc2cccc(CCCc3cccnc3)c2-c2ccccc21
O=C1OCCc2cccc(CCCc3cccnc3)c2-c2ccccc21
O=C1OCCc2cccc(CCCc3cccnc3)c2-c2ccccc21
O=C1OCCc2cccc(CCCC3=CCN=C3)c2-c2ccccc21
O=C1OCCc2cccc(CCCC3=CCN=C3)c2-c2ccccc21
O=C1OCCc2cccc(CCCC3=CN=C3)c2-c2ccccc21
O=C1OCCc2cccc(CCCc3cnoc3)c2-c2ccccc21
O=C1OCCc2cccc(CCCc3cnoc3)c2-c2ccccc21
O=C1OCCc2cccc(CCCc3cnoc3)c2-c2ccccc21
O=C1OCCc2cccc(CCCc3cnoc3)c2-c2ccccc21
O=C1OCCc2cccc(CCc3cnoc3)c2-c2ccccc21
O=C1OCCc2cccc(CCc3cnoc3)c2-c2ccccc21
O=C1OCCc2cccc(CCc3cnoc3)c2-c2ccccc21
O=C1OCCc2cccc(CCc3cnoc3)c2-c2ccccc21
O=C1OCCc2cccc(CCc3cnoc3)c2-c2ccccc21
O=C1OCCc2cccc(Cc3cnoc3)c2-c2ccccc21
O=C1OCCc2cccc(Cc3cnoc3)c2-c2ccccc21
O=C1OCCc2cccc(Cc3cnoc3)c2-c2ccccc21
O=C1OCCc2cccc(Cc3cnoc3)c2-c2ccccc21
O=C1OCCc2cccc(Cc3cnoc3)c2-c2ccccc21
O=C1OCCc2cccc(Cc3cnoc3)c2-c2ccccc21
O=C1OCCc2cccc(Cc3cnoc3)c2-c2ccccc21
O=C1OCCc2cccc(CCc3cnoc3)c2-c2ccccc21
O=C1OCCc2cccc(CCc3cnoc3)c2-c2ccccc21
O=C1OCCc2cccc(CCc3cnoc3)c2-c2ccccc21
O=C1OCCc2cccc(CCc3cnoc3)c2-c2ccccc21
O=C1OCCc2cccc(CCc3cnoc3)c2-c2ccccc21
O=C1OCCc2cccc(CCc3cnoc3)c2-c2ccccc21
O=C1OCCc2cccc(CCNc3cnoc3)c2-c2ccccc21
O=C1OCCc2cccc(CCNc3cnoc3)c2-c2ccccc21
O=C1OCCc2cccc(CCNc3cnoc3)c2-c2ccccc21
O=C1OCCc2cccc(CCNc3cnoc3)c2-c2ccccc21
O=C1OCCc2cccc(CCNc3cnoc3)c2-c2ccccc21
O=C1OCCc2cccc(CCNc3cnoc3)c2-c2ccccc21
O=C1OCCc2cccc(CCNc3cnoc3)c2-c2ccccc21
O=C1OCCc2cccc(CCNc3cnoc3)c2-c2ccccc21
O=C1OCCc2cccc(CCNc3cnoc3)c2-c2ccccc21
O=C1OCCc2cccc(CCNc3cnoc3)c2-c2ccccc21
O=C1OCCc2cccc(CCNc3cnoc3)c2-c2ccccc21
O=C1OCCc2cccc(CCNc3cnoc3)c2-c2ccccc21
O=C1OCCc2cccc(CCCNc3cnoc3)c2-c2ccccc21
O=C1OCCc2cccc(CCCNc3cnoc3)c2-c2ccccc21
O=C1OCCc2cccc(CCCNc3cnoc3)c2-c2ccccc21
O=C1OCCc2cccc(CCCNc3cnoc3)c2-c2ccccc21
O=C1OCCc2cccc(CCCNc3cnoc3)c2-c2ccccc21
O=C1OCCc2cccc(CCc3ccno3)c2-c2ccccc21
O=C1OCCc2cccc(CCc3ccno3)c2-c2ccccc21
O=C1OCCc2cccc(CCc3ccno3)c2-c2ccccc21
O=C1OCCc2cccc(Cc3ccno3)c2-c2ccccc21
O=C1OCCc2cccc(Cc3ccno3)c2-c2ccccc21
O=C1OCCc2cccc(Cc3ccno3)c2-c2ccccc21
O=C1OCCc2cccc(Cc3ccno3)c2-c2ccccc21
O=C1OCCc2cccc(Cc3ccno3)c2-c2ccccc21
O=C1OCCc2cccc(Cc3ccno3)c2-c2ccccc21
O=C1OCCc2cccc(Cc3ccno3)c2-c2ccccc21
O=C1OCCc2cccc(Cc3ccno3)c2-c2ccccc21
O=C1OCCc2cccc(Cc3ccno3)c2-c2ccccc21
O=C1OCCc2cccc(Cc3ccno3)c2-c2ccccc21
O=C1OCCc2cccc(Cc3ccno3)c2-c2ccccc21
O=C1OCCc2cccc(Cc3ccno3)c2-c2ccccc21
O=C1OCCc2cccc(Cc3ccno3)c2-c2ccccc21
O=C1OCCc2cccc(Cc3ccno3)c2-c2ccccc21
O=C1OCCc2cccc(Cc3ccno3)c2-c2ccccc21
O=C1OCCc2cccc(Cc3ccno3)c2-c2ccccc21
O=C1OCCc2cccc(Cc3ccno3)c2-c2ccccc21
O=C1OCCc2cccc(Cc3ccno3)c2-c2ccccc21
O=C1OCCc2cccc(Cc3ccno3)c2-c2ccccc21
O=C1OCCc2cccc(Cc3ccno3)c2-c2ccccc21
O=C1OCCc2cccc(Cc3ccno3)c2-c2ccccc21
O=C1OCCc2cccc(Cc3ccno3)c2-c2ccccc21
O=C1OCCc2cccc(Nc3cnoc3)c2-c2ccccc21
O=C1OCCc2cccc(Nc3cnoc3)c2-c2ccccc21
O=C1OCCc2cccc(Nc3cnoc3)c2-c2ccccc21
O=C1OCCc2cccc(Cc3cnoc3)c2-c2ccccc21
O=C1OCCc2cccc(-c3cnoc3)c2-c2ccccc21
O=C1OCCc2cccc(-c3cnoc3)c2-c2ccccc21
O=C1OCCc2cccc(-c3cnoc3)c2-c2ccccc21
O=C1OCCc2cccc(-c3cnoc3)c2-c2ccccc21
O=C1OCCc2cccc(-c3cnoc3)c2-c2ccccc21
O=C1OCCc2cccc(-c3cnoc3)c2-c2ccccc21
O=C1OCCc2cccc(-c3cnoc3)c2-c2ccccc21
O=C1OCCc2cccc(-c3cnoc3)c2-c2ccccc21
O=C1OCCc2cccc(-c3cnoc3)c2-c2ccccc21
O=C1OCCc2cccc(-c3cnoc3)c2-c2ccccc21
O=C1OCCc2cccc(-c3cnoc3)c2-c2ccccc21
O=C1OCCc2cccc(-c3cnoc3)c2-c2ccccc21
O=C1OCCc2cccc(-c3cnoc3)c2-c2ccccc21
O=C1OCCc2cccc(-c3cnoc3)c2-c2ccccc21
O=C1OCCc2cccc(-c3cnoc3)c2-c2ccccc21
O=C(CCCCc1cnoc1)Nc1ccc2c(c1)-c1ccccc1CCOC2=O
O=C(CCCCc1cnoc1)Nc1ccc2c(c1)-c1ccccc1CCOC2=O
O=C(CCCCc1cnoc1)Nc1ccc2c(c1)-c1ccccc1CCOC2=O
O=C(CCCc1cnoc1)Nc1ccc2c(c1)-c1ccccc1CCOC2=O
O=C(CCCc1cnoc1)Nc1ccc2c(c1)-c1ccccc1CCOC2=O
O=C(CCCc1cnoc1)Nc1ccc2c(c1)-c1ccccc1CCOC2=O
O=C(CCCc1cnoc1)Nc1ccc2c(c1)-c1ccccc1CCOC2=O
O=C(CCCc1cnoc1)Nc1ccc2c(c1)-c1ccccc1CCOC2=O
O=C(CCCc1cnoc1)Nc1ccc2c(c1)-c1ccccc1CCOC2=O
O=C(CCCc1cnoc1)Nc1ccc2c(c1)-c1ccccc1CCOC2=O
O=C(CCCc1cnoc1)Nc1ccc2c(c1)-c1ccccc1CCOC2=O
O=C(CCCc1cnoc1)Nc1ccc2c(c1)-c1ccccc1CCOC2=O
O=C(CCCc1cnoc1)Nc1ccc2c(c1)-c1ccccc1CCOC2=O
O=C(CCCc1cn[nH]c1)Nc1ccc2c(c1)-c1ccccc1CCOC2=O
O=C(CCCc1cn[nH]c1)Nc1ccc2c(c1)-c1ccccc1CCOC2=O
O=C(CCCc1cn[nH]c1)Nc1ccc2c(c1)-c1ccccc1CCOC2=O
O=C(CCCc1cn[nH]c1)Nc1ccc2c(c1)-c1ccccc1CCOC2=O
O=C(CCCc1cn[nH]c1)Nc1ccc2c(c1)-c1ccccc1CCOC2=O
O=C(CCCc1cn[nH]c1)Nc1ccc2c(c1)-c1ccccc1CCOC2=O
O=C(CCCc1cn[nH]c1)Nc1ccc2c(c1)-c1ccccc1CCOC2=O
O=C(CCCc1cc[nH]c1)Nc1ccc2c(c1)-c1ccccc1CCOC2=O
O=C(CCCC1=CCC=C1)Nc1ccc2c(c1)-c1ccccc1CCOC2=O
O=C(CCCC1=CCCC=C1)Nc1ccc2c(c1)-c1ccccc1CCOC2=O
O=C(CCCc1ccccc1)Nc1ccc2c(c1)-c1ccccc1CCOC2=O
O=C(CCCc1ccccc1)Nc1ccc2c(c1)-c1ccccc1CCOC2=O
O=C(CCCc1ccccc1)Nc1ccc2c(c1)-c1ccccc1CCOC2=O
O=C(CCCc1ccccc1)Nc1ccc2c(c1)-c1ccccc1CCOC2=O
O=C(CCCc1ccccc1)Nc1ccc2c(c1)-c1ccccc1CCOC2=O
O=C(CCCc1cccc2c1O2)Nc1ccc2c(c1)-c1ccccc1CCOC2=O
O=C(CCCc1cccc2c1O2)Nc1ccc2c(c1)-c1ccccc1CCOC2=O
O=C(CCCc1cccc2c1O2)Nc1ccc2c(c1)-c1ccccc1CCOC2=O
O=C(CCCc1cccc2c1OC2)Nc1ccc2c(c1)-c1ccccc1CCOC2=O
O=C(CCCc1cccc2c1OC2)Nc1ccc2c(c1)-c1ccccc1CCOC2=O
O=C(CCCc1cccc2c1OCO2)Nc1ccc2c(c1)-c1ccccc1CCOC2=O
O=C(CCCc1cccc2c1OCC2)Nc1ccc2c(c1)-c1ccccc1CCOC2=O
O=C(CCCc1cccc2c1OCC2)Nc1cccc(-c2ccccc2)c1
O=C(CCCc1cccc2c1OCC2)Nc1cccc(-c2ccccc2)c1
O=C(CCCc1cccc2c1OCC2)Nc1cccc(-c2ccccc2)c1
O=C(CCCc1cccc2c1OCC2)Nc1cccc(-c2ccccc2)c1
O=C(CCCc1cccc2c1OCC2)Nc1cccc(C2=CC=CC2)c1
O=C(CCCc1cccc2c1OCC2)Nc1cccc(C2=CC=CC2)c1
O=C(CCCc1cccc2c1OCC2)Nc1cccc(C2=CC=C2)c1
O=C(CCCc1cccc2c1OCC2)Nc1cccc(C2=CC2)c1
O=C(CCCc1cccc2c1OCC2)Nc1cccc(C2=CCC2)c1
O=C(CCCc1cccc2c1OCC2)Nc1ccc2c(=O)oc3c(c2c1)CC3
O=C(CCCc1cccc2c1OCC2)Nc1ccc2c(=O)oc3c(c2c1)C3
O=C(CCCc1cccc2c1OCC2)Nc1ccc2c(=O)oc3c(c2c1)C3
O=C(CCCc1cccc2c1OCC2)Nc1ccc2c(=O)occc2c1
O=C(CCCc1cccc2c1OCC2)Nc1ccc2c(=O)occc2c1
O=C(CCCc1cccc2c1OCC2)Nc1ccc2c(=O)oncc2c1
O=C(CCCc1cccc2c1OCC2)Nc1ccc2c(=O)oncc2c1
O=C(CCCc1cccc2c1OCCC2)Nc1ccc2c(=O)oncc2c1
O=C(CCCc1cccc2c1OCCC2)Nc1ccc2c(=O)oncc2c1
O=C(CCCc1cccc2c1OCC2)Nc1ccc2c(=O)oncc2c1
O=C1C=C2CCC3C(=C2CC1)C(c1ccccc1)OCC1CCCC13
O=C1C=C(CCC2CC(c3ccccc3)OCC3CCCC32)CCC1
c1ccc(C2CCC3CCCC3CO2)cc1
c1ccc(CCCC2CCCC2)cc1
c1ccc(CCCC2CCCC2)cc1
c1ccc(CCCC2CCCC2)cc1
O=C(Cc1ccccc1)CC1CCCC1
O=C(Cc1ccccc1)CC1CCCC1
O=C(Cc1ccccc1)NCC1CCCC1
O=C(Cc1ccccc1)NCC1CCCC1
O=C(Cc1ccccc1)NCC1CCCC1
O=C(Cc1ccccc1)NCC1CCCC1
O=C(Cc1ccccc1)NCC1CCCC1
O=C(Cc1ccccc1)NCC1CCCCC1
O=C(Cc1ccccc1)NCC1CCCC1
O=C(Cc1ccccc1)NC(CCC1CCC1)C1CCCC1
O=C(Cc1ccccc1)NC(CCC1CCC1)C1CCCC1
O=C(Cc1ccccc1)NC(CCC1CC1)C1CCCC1
O=C(Cc1ccccc1)NC(CC1CC1)C1CCCC1
O=C(Cc1ccccc1)NC(C1CCCC1)C1CC1
O=C(Cc1ccccc1)NC(=C1CC1)C1CCCC1
c1ccc(CCNC(=C2CC2)C2CCCC2)cc1
c1ccc(CCNC(=C2CC2)C2CCCC2)cc1
c1ccc(CCNC(=C2CC2)C2CCCC2)cc1
c1ccc(CCNCC(=C2CC2)C2CCCC2)cc1
c1ccc(CCNCC(=C2CCC2)C2CCCC2)cc1
c1ccc(CCNCC(=C2CC2)C2CCCC2)cc1
c1ccc(CCNCC(=C2CC2)C2CCCC2)cc1
c1ccc(CCNCC(=C2CCC2)C2CCCC2)cc1
c1ccc(CCNCC(=C2CCCC2)C2CCCC2)cc1
c1ccc(CNCC(=C2CCCC2)C2CCCC2)cc1
c1ccc(NCC(=C2CCCC2)C2CCCC2)cc1
c1ccc(NC(=C2CCCC2)C2CCCC2)cc1
c1ccc(NCC2CCCC2=C2CCCC2)cc1
c1ccc(NCC2CCCC2=C2CCC2)cc1
c1ccc(NC2CCCC2=C2CCC2)cc1
c1ccc(NC2CCCC2=C2CCC2)cc1
c1ccc(NC2CCCC2=C2CC2)cc1
c1ccc(NC2CCCC2=C2CC2)cc1
c1ccc(NC2CCCC2=C2CC2)cc1
c1ccc(NC2CCCC2=C2CC2)cc1
c1ccc(NC2CCCC2=C2CC2)cc1
c1ccc(NC2CCCC2=C2CC2)cc1
c1ccc(NC2CCCC2=C2CC2)cc1
c1ccc(NC2CCCC2=C2CC2)cc1
C=C1CCCC1Nc1ccccc1
C=C1CCCC1Nc1ccccc1
C=C1CCCC1Nc1ccccc1
C=C1CCCC1Nc1ccccc1
C=C1CCCC1Nc1ccccc1
c1ccc(NC2CCCC2=C2CCC2)cc1
c1ccc(NC2CCCC2=C2CCCC2)cc1
c1ccc(NC2CCCC2=C2CCCC2)cc1
C=C1CCCC1Nc1ccccc1
C=C1CCCC1Nc1ccccc1
C=C1CCCC1Nc1ccccc1
C=C1CCCC1Nc1ccccc1
C=C1CCCC1Nc1ccccc1
C=C1CCCC1Nc1ccccc1
C=C1CCCC1Nc1ccccc1
C=C1CCCC1Nc1ccccc1
C=C1CCCC1Nc1ccccc1
C=C1CCCC1Nc1ccccc1
C=C1CCCC1Nc1ccccc1
C=C1CCCC1Nc1ccccc1
C=C1CCCC1Nc1ccccc1
C=C1CCCC1Nc1ccccc1
C=C1CCCC1Nc1ccccc1
C=C1CCCC1Nc1ccccc1
C=C1CCCC1Nc1ccccc1
C=C1CCCC1Nc1ccccc1
C=C1CCCC1Nc1ccccc1
C=C1CCCC1Nc1ccccc1
C=C1CCCC1Nc1ccccc1
C=C1CCCC1Nc1ccccc1
C=C1CCCC1Nc1ccccc1
C=C1CCCC1Nc1ccccc1
C1=CC(Nc2ccccc2)CCC1
C1=CC(Nc2ccccc2)CCC1
C1=CC(Nc2ccccc2)CCC1
C1=CC(Nc2ccccc2)CCC1
C1=CC(Nc2ccccc2)CCC1
C1=CC(Nc2ccccc2)CCC1
C1=CC(Nc2ccccc2)CCC1
C1=CC(Nc2ccccc2)CCC1
C1=CC(Nc2ccccc2)CCC1
C1=CC(Nc2ccccc2)CCC1
C1=CC(Nc2ccccc2)CCC1
C1=CC(Nc2ccccc2)CCC1
C1=CC(Nc2ccccc2)CCC1
C1=CC(Nc2ccccc2)CCC1
C1=CC(Nc2ccccc2)CCC1
C1=CC(Nc2ccccc2)CCC1
C1=CC(Nc2ccccc2)CCC1
C1=CC(Nc2ccccc2)CCC1
C1=CC(Nc2ccccc2)CCC1
C1=CC(Nc2ccccc2)CCC1
C1=CC(Nc2ccccc2C2CN2)CCC1
C1=CC(Nc2ccccc2)CCC1
C1=CC(Nc2ccccc2)CCC1
C1=CC(Nc2ccccc2)CCC1
C1=CC(Nc2ccccc2)CCC1
C1=CC(Nc2ccccc2)CCC1
C1=CC(Nc2ccccc2)CCC1
C1=CC(Nc2ccccc2)CCC1
C1=CC(Nc2ccccc2)CCC1
C1=CC(Nc2ccccc2)CCC1
C1=CC(Nc2ccccc2)CCC1
C1=CC(Nc2ccccc2)CCC1
C1=CC(Nc2ccccc2)CCC1
C1=CC(Nc2ccccc2)CCC1
C1=CC(Nc2ccccc2C2CCNC2)CCC1
C1=CC(Nc2ccccc2)CCC1
C1=CC(Nc2ccccc2)CCC1
C1=CC(Nc2ccccc2C2CC2)CCC1
C1=CC(Nc2ccccc2C2CC2)CCC1
C1=CC(Nc2cccc3c2CCCO3)CCC1
C1=CC(Nc2ccccc2)CCC1
C1=CC(Nc2ccccc2)CCC1
C1=CC(Nc2ccccc2)CCC1
C1=CC(Nc2ccccc2)CCC1
C1=CC(Nc2ccccc2)CCC1
C1=CC(Nc2ccccc2)CCC1
C1=CC(Nc2ccccc2)CCC1
C1=CC(Nc2ccccc2)CCC1
C1=CC(Nc2ccccc2C2=CC2)CCC1
C1=CC(Nc2ccccc2C2=CC2)CCC1
C1=CC(Nc2ccccc2C2=CC2)CCC1
C1=CC(Nc2ccccc2C2CC2)CCC1
C1=CC(Nc2ccccc2C2CCC2)CCC1
C1=CC(Nc2ccccc2C2CCCC2)CCC1
C1=CC(Nc2ccccc2C2CCCCC2)CCC1
C1=CC(Nc2ccccc2C2CCCCCC2)CCC1
C1=CC(Nc2ccccc2C2CCCCCC2)CCC1
C1=CC(Nc2ccccc2C2CCCCC2)CCC1
C1=CC(Nc2ccccc2C2CCCCC2)CCC1
C1=CC(Nc2ccccc2C2CCCCC2)CCC1
C1=CC(Nc2ccccc2C2CCCCC2)CCC1
C1=CC(Nc2ccccc2C2CCCC2)CCC1
C1=CC(Nc2ccccc2C2CCCC2)CCC1
C1=CC(Nc2ccccc2C2CCC2)CCC1
C1=CC(Nc2ccccc2C2CCC2)CCC1
C1=CC(Nc2ccccc2C2CNC2)CCC1
C1=CC(Nc2ccccc2C2CNC2)CCC1
C1=CC(Nc2ccccc2C2CNC2)CCC1
C1=CC(Nc2ccccc2C2CN2)CCC1
C1=CC(Nc2ccccc2)CCC1
C1=CC(Nc2ccccc2)CCC1
C1=CC(Nc2ccccc2)CCC1
C1=CC(Nc2ccccc2)CCC1
C1=CC(Nc2ccccc2)CCC1
C1=CC(Nc2ccccc2)CCC1
C1=CC(Nc2ccccc2)CCC1
C1=CC(Nc2ccccc2)CCC1
C1=CC(Nc2ccccc2)CCC1
C1=CC(Nc2ccccc2)CCC1
C1=CC(Nc2ccccc2)CCC1
C1=CC(Nc2ccccc2)CCC1
C1=CC(Nc2ccccc2)CCC1
C1=CC(Nc2ccccc2)CCC1
C1=CC(Nc2ccccc2)CCC1
C1=CC(Nc2ccccc2)CCC1
C1=CC(Nc2ccccc2)CCC1
c1ccc(NC2CCCC3=C2CC3)cc1
c1ccc(NC2CCCC3=C2CCC3)cc1
c1ccc(NC2CCCC3=C2CCC3)cc1
c1ccc(NC2CCCC3=C2CC3)cc1
c1ccc(NC2CCCC3=C2CC3)cc1
O=C1CC2=C1CCCC2Nc1ccccc1
O=C1CC2=C1CCCC2Nc1ccccc1
O=C1CC2=C1CCCC2Nc1ccccc1
O=C1CC2=C1CCCC2Nc1ccccc1
O=C1CC2=C1CCCC2Nc1ccccc1
O=C1CC2=C1CCCC2Nc1ccccc1
O=C1CCC2=C1CCCC2Nc1ccccc1
O=C1C=CC2=C1CCCC2Nc1ccccc1
O=C1C=CC2=C1CCCC2Nc1ccccc1
C1=CC2=C(C1)CCCC2Nc1ccccc1
C1=CC2=C1CCCC2Nc1ccccc1
C1=CC2=C1CCCC2Nc1ccccc1
C1=C2CCCC(Nc3ccccc3)C2=C1
C1=C2CCCC(Nc3ccccc3)C2=C1
C1=C2CCCC(Nc3ccccc3)C2=C1
C1=C2CCCC(Nc3ccccc3)C2=C1
C1=C2CCCC(Nc3ccccc3)C2=C1
C1=C2CCCC(Nc3ccccc3)C2=C1
C1=C2CCCC(Nc3ccccc3)C2=C1
C1=C2CCCC(Nc3ccccc3)C2=CC1
C1=C2CCCC(Nc3ccccc3)C2=CC1
C1=C2CCCC(Nc3ccccc3)C2=CCC1
c1ccc(NC2CCCc3ccccc32)cc1
c1ccc(NC2CCCc3ccccc32)cc1
c1cc(NC2CCCc3ccccc32)cc(C2CC2)c1
c1cc(NC2CCCc3ccccc32)cc(C2CC2)c1
c1cc(NC2CCCc3ccccc32)cc(C2CC2)c1
c1cc(NC2CCCc3ccccc32)cc(C2CCC2)c1
c1ccc2c(c1)CCCC2Nc1ccccc1C1CCC1
c1ccc2c(c1)CCCC2Nc1ccccc1C1CC1
c1ccc2c(c1)CCCC2Nc1ccccc1C1CC1
c1ccc(NC2CCCc3ccccc32)cc1
c1ccc(NC2CCCc3ccccc32)cc1
c1ccc(NC2CCCc3ccccc32)cc1
c1ccc(NC2CCCc3ccccc32)cc1
c1ccc(NC2CCCc3ccccc32)cc1
c1ccc(NC2CCCc3ccccc32)cc1
c1ccc(NC2CCCc3ccccc32)cc1
c1ccc(NC2CCCc3ccccc32)cc1
c1ccc(NC2CCCc3ccccc32)cc1
c1ccc(NC2CCCc3ccccc32)cc1
c1ccc(NC2CCCc3ccccc32)cc1
c1ccc(NC2CCCc3ccccc32)cc1
c1ccc2c(c1)CCCC2Nc1ccc2ccccc2c1
c1ccc2c(c1)CCCC2Nc1ccc2ccccc2c1
c1ccc2c(c1)CCCC2Nc1ccc2ccccc2c1
c1ccc2c(c1)CCCC2Nc1cccc2ccccc12
c1ccc2c(c1)CCCC2Nc1cccc2ccccc12
c1ccc2c(c1)CCCC2Nc1cccc2ccccc12
c1ccc2c(c1)CCCC2Nc1cccc2ccccc12
c1ccc2c(c1)CCCC2Nc1cccc2ccccc12
c1ccc2c(c1)CCCC2Nc1cccc2ccccc12
c1ccc2c(c1)CCCC2Nc1cccc2ccccc12
c1ccc2c(c1)CCCC2Nc1cccc2ccccc12
c1ccc2c(c1)CCCC2Nc1cccc2ncccc12
O=C1C=C2CCC3C(=C2CC1)C(c1ccccc1)OCC1CCCC13
O=C1C=C(CCC2CC(c3ccccc3)OCC3CCCC32)CCC1
c1ccc(C2CCC3CCCC3CO2)cc1
c1ccc(C2CCC3CCCC3CO2)cc1
c1ccc(C2CCCCCO2)cc1
c1ccc(C2CCCCCO2)cc1
c1ccc(C2CCCCCO2)cc1
c1ccc(C2CCCCCO2)cc1
c1ccc(C2CCCCCO2)cc1
c1ccc(C2CCCCCO2)cc1
c1ccc(C2CCCCCO2)cc1
c1ccc(C2CCCCCO2)cc1
c1ccc(C2CCCCCO2)cc1
c1ccc(C2CCCCCO2)cc1
c1ccc(C2CCCCCO2)cc1
c1ccc(C2CCCCCO2)cc1
c1ccc(C2CCCCCO2)cc1
C1=C(c2ccccc2)OCCCC1
C1=C(c2ccccc2)OCCC1
C1=C(c2ccccc2)OCCC1
C1=C(c2ccccc2)OCCC1
C1=C(c2ccccc2)OCCC1
C1=C(c2ccccc2)OCCC1
C1=C(c2ccccc2)OCCC1
C1=C(c2ccccc2)OCCCO1
C1=C(c2ccccc2)COCCCO1
O=C1OCCCOC=C1c1ccccc1
O=C1OCCCOC=C1c1ccccc1
O=C1OCCCOC=C1c1ccccc1
O=C1OCCCOC=C1c1ccccc1
O=C1OCCCOC=C1c1ccccc1
O=C1OCCCOC=C1c1ccccc1
O=C1OCCOC=C1c1ccccc1
O=C1OCCOC=C1c1ccccc1
O=C1OCOC=C1c1ccccc1
O=C1OCOC=C1c1ccccc1
C=C1C(=O)OCc2ccccc21
C=C1C(=O)OCc2ccccc21
C=C1C(=O)OCc2ccccc21
C=C1C(=O)OCc2ccccc21
C=C1C(=O)OCc2ccccc21
C=C1C(=O)OCc2ccccc21
C=C1C(=O)OCc2ccccc21
C=C1C(=O)OCc2ccccc21
C=C1C(=O)OCc2ccccc21
C=C1C(=O)OCc2ccccc21
C=C1C(=O)OCc2ccccc21
C=C1C(=O)OCc2ccccc21
C=C1C(=O)OCc2ccccc21
C=C1C(=O)OCc2ccccc21
C=C1C(=O)OCc2ccccc21
C=C1C(=O)OCc2ccccc21
C=C1C(=O)OCc2ccccc21
C=C1C(=O)OCc2ccccc21
C=C1C(=O)OCc2ccccc21
C=C1C(=O)OCc2ccccc21
C=C1C(=O)OCc2ccccc21
C=C1C(=O)OCc2ccccc21
C=C1C(=O)OCc2ccccc21
C=C1C(=O)OCc2ccccc21
C=C1C(=O)OCc2ccccc21
C=C1C(=O)OCc2ccccc21
C=C1C(=O)OCc2ccccc21
C=C1C(=O)OCc2ccccc21
C=C1C(=O)OCc2ccccc21
C=C1C(=O)OCc2ccccc21
C=C1C(=O)OCc2ccccc21
C=C1C(=O)OCc2ccccc21
C=C1C(=O)OCc2ccccc21
C=C1C(=O)OCc2ccccc21
C=C1C(=O)OCc2ccccc21
C=C1C(=O)OCc2ccccc21
C=C1C(=O)OCc2ccccc21
C=C1C(=O)OCc2ccccc21
C=C1COC(=O)c2ccccc21
O=C1OCCc2ccccc21
O=C1OCCc2ccccc21
O=C1OCCc2ccccc21
O=C1OCc2ccccc21
O=C1OCc2ccccc21
O=C1OCc2ccccc21
O=C1OCc2ccccc21
O=C(CCCC1=CC1)Nc1ccc2c(c1)COC2=O
O=C(CCCC1=CC1)Nc1ccc2c(c1)COC2=O
O=C(CCCC1=CCC1)Nc1ccc2c(c1)COC2=O
O=C(CCCC1=CCC1)Nc1ccc2c(c1)COC2=O
O=C(CCCC1=CCC1)Nc1ccc2c(c1)COC2=O
O=C(CCCC1=CC=C1)Nc1ccc2c(c1)COC2=O
O=C(CCCc1cc2oc1=2)Nc1ccc2c(c1)COC2=O
O=C(CCCC1=CC2=C1C2)Nc1ccc2c(c1)COC2=O
O=C(CCCC1=CC=C1)Nc1ccc2c(c1)COC2=O
O=C(CCCC1=CC=C1)Nc1ccc2c(c1)COC2=O
O=C(CCCC1=CC=C1)Nc1ccc2c(c1)COC2=O
O=C(CCCC1=CCC=C1)Nc1ccc2c(c1)COC2=O
O=C(CCCC1=CCCC=C1)Nc1ccc2c(c1)COC2=O
O=C(CCCC1=CCCC=C1)Nc1ccc2c(c1)COC2=O
O=C(CCCC1=CCCCC=C1)Nc1ccc2c(c1)COC2=O
O=C(CCCC1=CCC=CC=C1)Nc1ccc2c(c1)COC2=O
O=C(CCCc1ccccc1)Nc1ccc2c(c1)COC2=O
O=C(CCCc1ccccc1)Nc1ccc2c(c1)COC2=O
O=C(CCCc1ccccc1)Nc1ccc2c(c1)COC2=O
O=C(CCCc1ccccc1)Nc1ccc2c(c1)COC2=O
C1=Cc2c(ccc3c2C(=Cc2cccc4c2OCOC4)Oc2ccccc2-3)NC1
C1=Cc2c(cccc2C(=Cc2cccc3c2OCOC3)Oc2ccccc2)NC1
C1=Cc2c(cccc2-c2cc3ccccc3oc3ccccc3o2)NC1
C1=Cc2c(cccc2-c2cc3ccccc3oc3ccccc3o2)NC1
C1=Cc2c(COc3ccccc3Oc3ccccc3)cccc2NC1
C1=Cc2c(COc3ccccc3Cc3ccccc3)cccc2NC1
C1=Cc2c(COc3ccccc3Cc3ccccc3)cccc2NC1
C1=Cc2c(COc3ccccc3Cc3ccccc3)cccc2NC1
C1=Cc2c(COc3cccc4c3Cc3ccccc3OC4)cccc2NC1
C1=Cc2c(COc3cccc4c3Cc3ccccc3OC4)cccc2NC1
C1=Cc2c(COc3cccc4c3Cc3ccccc3OC4)cccc2NC1
C1=Cc2c(COc3cccc4c3-c3ccccc3OC4)cccc2NC1
C1=Cc2c(COc3cccc4c3-c3ccccc3OC4)cccc2NC1
C1=Cc2c(COc3cccc4c3-c3ccccc3OC4)cccc2NC1
C1=Cc2c(COc3cccc4c3-c3ccccc3OC4)cccc2NC1
C1=Cc2c(COc3cccc4c3-c3ccccc3OC4)cccc2NC1
C1=Cc2c(cccc2C2Oc3ccccc3-c3ccccc32)NC1
C1=Cc2c(cccc2C2Oc3ccccc3-c3ccccc32)NC1
C1=Cc2c(cccc2C2Oc3ccccc3-c3ccccc32)NC1
C1=Cc2c(cccc2C2Oc3ccccc3-c3ccccc32)NC1
C1=Cc2c(cccc2C2Oc3ccccc3-c3ccccc32)NC1
C1=Cc2c(cccc2C2Oc3ccccc3-c3ccccc32)NC1
C1=Cc2c(cccc2C2Oc3ccccc3-c3ccccc32)NC1
C1=Cc2c(cccc2C2Oc3ccccc3-c3ccccc32)NC1
C1=Cc2c(cccc2C2Oc3ccccc3-c3ccccc32)NC1
C1=Cc2c(ccc3c2C(c2ccccc2)Oc2ccccc2-3)NC1
C1=Cc2c(ccc3c2C(c2ccccc2)Oc2ccccc2-3)NC1
C1=Cc2c(ccc3c2C(c2ccccc2)Oc2ccccc2-3)NC1
C1=Cc2c(ccc3c2C(c2ccccc2)Oc2ccccc2-3)NC1
C1=CC(C2Oc3ccccc3-c3ccc4c(c32)C=CCN4)C=C1
C1=CC(C2Oc3ccccc3-c3ccc4c(c32)C=CCN4)CC1
C1=CC(C2Oc3ccccc3-c3ccc4c(c32)C=CCN4)CC1
C1=Cc2c(ccc3c2C(=Cc2cccc4c2OCOC4)Oc2ccccc2-3)NC1
C1=Cc2c(cccc2C(=Cc2cccc3c2OCOC3)Oc2ccccc2)NC1
C(=Cc1cccc2c1OCOC2)c1cccc2c1C=C(c1ccccc1)CN2
C1=C(c2ccccc2)CNc2cccc(Cc3cccc4c3OCOC4)c21
C1=C(c2ccccc2)CNc2cccc(Cc3cccc4c3OCOC4)c21
C1=C(c2ccccc2)CNc2cccc(Cc3ccccc3)c21
C1=C(c2ccccc2)CNc2cccc(Cc3ccccc3)c21
C1=C(c2ccccc2)CCNc2cccc(Cc3ccccc3)c21
C1=C(c2ccccc2)CCNc2cccc(Cc3ccccc3)c21
C1=C(c2ccccc2)CCNc2cncc(Cc3ccccc3)c21
C1=C(c2ccccc2)CCNc2cncc(Cc3ccccc3)c21
C1=C(c2ccccc2)CCNc2cncc(Cc3ccccc3)c21
C1=C(c2ccccc2)CCNc2cncc(Cc3ccccc3)c21
C1=C(c2ccccc2)CCNc2cnc(CCc3ccccc3)cc21
C1=C(c2ccccc2)CCNc2cnc(CCc3ccccc3)cc21
C1=C(c2ccccc2)CCNc2cnc(CCc3ccccc3)cc21
C1=C(c2ccccc2)CCNc2cnc(CCc3ccccc3)cc21
C1=C(c2ccccc2)CNc2cnc(CCc3ccccc3)cc21
c1ccc(CCc2cc3cc(-c4ccccc4)[nH]c3cn2)cc1
C1=CCC(c2cc3cc(CCc4ccccc4)ncc3[nH]2)=C1
c1ccc(CCc2cc3cc[nH]c3cn2)cc1
c1ccc(CCc2cc3cc[nH]c3cn2)cc1
C1=C(CCc2cc3cc(CCc4ccccc4)ncc3[nH]2)OCC1
c1ccc(CCc2cc3cc(CCC4CCO4)[nH]c3cn2)cc1
c1ccc(CCc2cc3cc(CCC4CCO4)[nH]c3cn2)cc1
c1ccc(CCc2cc3cc(CCC4COC4)[nH]c3cn2)cc1
c1ccc(CCc2cc3cc(CCCC4COC4)[nH]c3cn2)cc1
c1ccc(CCc2cc3cc(CCCCC4COC4)[nH]c3cn2)cc1
c1ccc(CCc2cc3cc(CCCCN4COC4)[nH]c3cn2)cc1
c1ccc(CCc2cc3cc(CCCCN4CCOC4)[nH]c3cn2)cc1
c1ccc(CCc2cc3cc(CCCCN4CCOCC4)[nH]c3cn2)cc1
c1ccc(CCc2cc3cc(CCCCN4CCOCC4)[nH]c3cn2)cc1
c1ccc(CCc2cc3cc(CCCCN4CCOCC4)[nH]c3cn2)cc1
c1ccc(CCc2cc3cc(CCCCN4CCOCC4)[nH]c3cn2)cc1
c1ccc(CCc2cc3cc(CCCCN4CCOCC4)[nH]c3cn2)cc1
c1ccc(CCC(CCN2CCOCC2)Cc2cc3ccncc3[nH]2)cc1
c1ccc(CCC(CCN2CCOCC2)Cc2cc3ccncc3[nH]2)cc1
c1ccc(CCC(CCN2CCOCC2)Cc2cc3ccncc3[nH]2)cc1
c1ccc(CCC(CCN2CCOCC2)Cc2cc3ccncc3[nH]2)cc1
c1ccc(CCC(Cc2cc3ccncc3[nH]2)CN2CCOCC2)cc1
c1ccc(CCC(Cc2cc3ccncc3[nH]2)CN2CCOCC2)cc1
c1ccc(CCC(Cc2cc3ccncc3[nH]2)CN2CCOCC2)cc1
c1ccc(CCC(Cc2cc3ccncc3[nH]2)CN2CCOCC2)cc1
c1ccc(CCC(Cc2cc3ccncc3[nH]2)CN2CCOCC2)cc1
c1ccc(CCC(Cc2cc3ccncc3[nH]2)CN2CCOCC2)cc1
c1ccc(CCC(Cc2cc3ccncc3[nH]2)CN2CCOCC2)cc1
c1ccc(CCCCc2cc3cc(N4CCOCC4)ncc3[nH]2)cc1
c1ccc(CCCCc2cc3cc(N4CCOCC4)ncc3[nH]2)cc1
c1ccc(CCCCc2cc3cc(N4CCOCC4)ncc3[nH]2)cc1
c1ccc(CCCCc2cc3cc(N4CCOCC4)ncc3[nH]2)cc1
c1ccc(CCCCc2cc3cc(N4CCOCC4)ncc3[nH]2)cc1
c1ccc(CCCCc2cc3cc(N4CCOCC4)ncc3[nH]2)cc1
C1=Cc2c(ccc3c2C(=Cc2cccc4c2OCOC4)Oc2ccccc2-3)NC1
C1=Cc2c(cccc2C(=Cc2cccc3c2OCOC3)Oc2ccccc2)NC1
C1=Cc2c(cccc2C(=Cc2ccccc2)Oc2ccccc2)NC1
C1=Cc2c(cccc2C(=Cc2ccccc2)Oc2ccccc2)NC1
C1=C(C(=Cc2ccccc2)Oc2ccccc2)CNc2ccccc21
C(=Cc1ccccc1)C1=Cc2cc(-c3ccccc3)ccc2NC1
C(=Cc1ccccc1)C1=Cc2cc(-c3ccccc3)ccc2NC1
C(=Cc1ccccc1)C1=Cc2cc(-c3ccccc3)ccc2NC1
C(=Cc1ccccc1)C1=Cc2cc(-c3ccccc3)ccc2NC1
C(=CC1CNc2ccc(-c3ccccc3)cc21)c1ccccc1
C(=CC1CNc2ccc(-c3ccccc3)cc21)c1ccccc1
C(=CC1CNc2ccc(-c3ccccc3)cc21)c1ccccc1
C(=CC1CNc2ccc(-c3ccccc3)cc21)c1ccccc1
C(=CC1CNc2ccc(-c3ccccc3)cc21)c1ccccc1
C(=CC1CNc2ccc(-c3ccccc3)cc21)c1ccccc1
C(#CC1CNc2ccc(-c3ccccc3)cc21)c1ccccc1
C(#CC1CNc2ccc(-c3ccccc3)cc21)c1ccccc1
c1ccc(-c2ccc3c(c2)C(c2ccccc2)CN3)cc1
c1ccc(-c2ccc3c(c2)C(c2ccccc2)CN3)cc1
c1ccc(-c2ccc3c(c2)C(c2ccccc2)CN3)cc1
c1ccc(-c2ccc3c(c2)C(c2ccccc2)CN3)cc1
c1ccc(-c2ccc3c(c2)C(c2ccccc2)CN3)cc1
c1ccc(-c2ccc3c(c2)C(c2ccccc2)CN3)cc1
C1=CC(C2CNc3ccc(-c4ccccc4)cc32)=CC1
C1=CC(C2CNc3ccc(-c4ccccc4)cc32)=C1
c1ccc(-c2ccc3c(c2)C(c2cccs2)CN3)cc1
c1ccc(-c2ccc3c(c2)C(c2cccs2)CN3)cc1
c1ccc(-c2ccc3c(c2)C(c2cccs2)CN3)cc1
c1ccc(-c2ccc3c(c2)CC(Cc2cccs2)N3)cc1
c1ccc(-c2ccc3c(c2)C(Cc2cccs2)N3)cc1
c1ccc(-c2ccc3c(c2)C(Cc2cccs2)N3)cc1
c1ccc(-c2ccc3c(c2)C(Cc2cccs2)N3)cc1
c1cc(-c2ccc3c(c2)CN3)cc(-c2cccs2)c1
c1cc(Cc2ccc3c(c2)CN3)cc(-c2cccs2)c1
c1cc(Cc2ccc3c(c2)CN3)cc(-c2cccs2)c1
c1cc(Cc2ccc3c(c2)CN3)cc(-c2cccs2)c1
c1cc(CNc2ccc3c(c2)CN3)cc(-c2cccs2)c1
c1cc(CNc2ccc3c(c2)CN3)cc(-c2cccs2)c1
c1cc(CNc2ccc3c(c2)CN3)cc(-c2cccs2)c1
c1cc(CNc2ccc3c(c2)CN3)cc(-c2cccs2)c1
c1cc(CNc2ccc3c(c2)CN3)cc(-c2cccs2)c1
O=C(c1cccc(-c2cccs2)c1)C1Nc2ccccc21
O=C(c1cccc(-c2cccs2)c1)C1Nc2ccccc21
c1cc(CC2Nc3ccccc32)cc(-c2cccs2)c1
c1cc(CC2Nc3ccccc32)cc(-c2cccs2)c1
c1cc(-c2cccs2)cc(C2Nc3ccccc32)c1
c1cc(-c2cccs2)cc(C2Cc3ccccc32)c1
c1cc(-c2cccs2)cc(C2Cc3ccccc32)c1
c1csc(-c2ccc3c(c2)Cc2ccccc2N3)c1
c1csc(-c2ccc3c(c2)Cc2ccccc2N3)c1
c1csc(-c2ccc3c(c2)Cc2ccccc2N3)c1
c1csc(-c2ccc3c(c2)Cc2ccccc2N3)c1
c1csc(-c2ccc3c(c2)Cc2ccccc2N3)c1
c1csc(-c2ccc3c(c2)Cc2ccccc2N3)c1
c1csc(-c2ccc3c(c2)Cc2ccccc2N3)c1
c1csc(-c2ccc3c(c2)Cc2ccccc2N3)c1
c1csc(-c2ccc3c(c2)Cc2ccccc2N3)c1
c1csc(-c2ccc3c(c2)Cc2ccccc2N3)c1
c1csc(-c2ccc3c(c2)Cc2ccccc2N3)c1
c1csc(-c2ccc3c(c2)Cc2cc4c(cc2N3)CCC4)c1
c1csc(-c2ccc3c(c2)Cc2cc4c(cc2N3)CCCC4)c1
c1csc(-c2ccc3c(c2)Cc2cc4c(cc2N3)CCCCC4)c1
c1csc(-c2ccc3c(c2)Cc2ccccc2N3)c1
c1csc(-c2ccc3c(c2)Cc2ccccc2N3)c1
c1csc(-c2ccc3c(c2)Cc2ccccc2N3)c1
c1csc(-c2ccc3c(c2)Cc2ccccc2N3)c1
c1csc(-c2ccc3c(c2)Cc2ccccc2N3)c1
c1csc(-c2ccc3c(c2)Cc2ccccc2N3)c1
c1csc(-c2ccc3c(c2)Cc2ccccc2N3)c1
c1csc(-c2ccc3c(c2)Cc2ccccc2N3)c1
c1csc(-c2ccc3c(c2)Cc2ccccc2N3)c1
c1csc(-c2ccc3c(c2)Cc2ccccc2N3)c1
c1csc(-c2ccc3c(c2)Cc2cc(CC4CC4)ccc2N3)c1
c1csc(-c2ccc3c(c2)Cc2cc(CC4CC4)ccc2N3)c1
c1csc(-c2ccc3c(c2)Cc2cc(CC4CC4)ccc2N3)c1
c1csc(-c2ccc3c(c2)Cc2cc(CC4CC4)ccc2N3)c1
c1csc(-c2ccc3c(c2)Cc2cc(CCC4CC4)ccc2N3)c1
c1csc(-c2ccc3c(c2)Cc2cc(CCC4CC4)ccc2N3)c1
c1csc(-c2ccc3c(c2)Cc2cc(CCC4CC4)ccc2N3)c1
c1csc(-c2ccc3c(c2)Cc2ccccc2N3)c1
c1csc(-c2ccc3c(c2)Cc2ccccc2N3)c1
c1csc(-c2ccc3c(c2)Cc2ccccc2N3)c1
c1csc(-c2ccc3c(c2)Cc2ccccc2N3)c1
c1csc(-c2ccc3c(c2)Cc2ccccc2N3)c1
c1csc(-c2ccc3c(c2)Cc2ccccc2N3)c1
c1csc(-c2ccc3c(c2)Cc2ccccc2N3)c1
c1csc(-c2ccc3c(c2)Cc2ccccc2N3)c1
c1csc(-c2ccc3c(c2)Cc2cc(CC4CC4)ccc2N3)c1
c1csc(-c2ccc3c(c2)Cc2cc(NCC4CC4)ccc2N3)c1
c1csc(-c2ccc3c(c2)Cc2ccccc2N3)c1
c1csc(-c2ccc3c(c2)Cc2ccccc2N3)c1
c1csc(-c2ccc3c(c2)Cc2cc(NC4CO4)ccc2N3)c1
c1csc(-c2ccc3c(c2)Cc2ccccc2N3)c1
c1csc(-c2ccc3c(c2)Cc2ccccc2N3)c1
c1csc(-c2ccc3c(c2)Cc2ccccc2N3)c1
c1csc(-c2ccc3c(c2)Cc2ccccc2N3)c1
c1csc(-c2ccc3c(c2)Cc2ccccc2N3)c1
c1csc(-c2ccc3c(c2)Cc2ccccc2N3)c1
c1csc(-c2ccc3c(c2)Cc2ccccc2N3)c1
c1csc(-c2ccc3c(c2)Cc2ccccc2N3)c1
c1csc(-c2ccc3c(c2)Cc2ccccc2N3)c1
c1csc(-c2ccc3c(c2)Cc2ccccc2N3)c1
c1csc(-c2ccc3c(c2)Cc2ccccc2N3)c1
c1csc(-c2ccc3c(c2)Cc2ccccc2N3)c1
c1csc(-c2ccc3c(c2)Cc2ccccc2N3)c1
c1csc(-c2ccc3c(c2)Cc2ccccc2N3)c1
c1csc(-c2ccc3c(c2)Cc2ccccc2N3)c1
c1csc(-c2ccc3c(c2)Cc2ccccc2N3)c1
c1csc(-c2ccc3c(c2)Cc2ccccc2N3)c1
c1csc(-c2ccc3c(c2)Cc2ccccc2N3)c1
c1csc(-c2ccc3c(c2)Cc2ccccc2N3)c1
c1csc(-c2ccc3c(c2)Cc2ccccc2N3)c1
c1csc(-c2ccc3c(c2)Cc2ccccc2N3)c1
c1csc(-c2ccc3c(c2)Cc2ccccc2N3)c1
c1csc(-c2ccc3c(c2)Cc2ccccc2N3)c1
c1csc(-c2ccc3c(c2)Cc2ccccc2N3)c1
O=C(C=C1CC1)c1ccc2c(c1)Cc1cc(-c3cccs3)ccc1N2
O=C(CC1CC1)c1ccc2c(c1)Cc1cc(-c3cccs3)ccc1N2
O=C(CC1CC1)c1ccc2c(c1)Cc1cc(-c3cccs3)ccc1N2
O=C(CC1CC1)c1ccc2c(c1)Cc1cc(-c3cccs3)ccc1N2
O=C(CC1CC1)c1ccc2c(c1)Cc1cc(-c3cccs3)ccc1N2
c1csc(-c2ccc3c(c2)Cc2ccccc2N3)c1
c1csc(-c2ccc3c(c2)Cc2ccccc2N3)c1
O=C(c1ccc2c(c1)Cc1cc(-c3cccs3)ccc1N2)C1CC1
O=C(c1ccc2c(c1)Cc1cc(-c3cccs3)ccc1N2)C1CC1
O=C(c1ccc2c(c1)Cc1cc(-c3cccs3)ccc1N2)C1CC1
O=C(c1ccc2c(c1)Cc1cc(-c3cccs3)ccc1N2)C1CC1
O=C(c1ccc2c(c1)Cc1cc(-c3cccs3)ccc1NN2)C1CC1
c1csc(-c2ccc3c(c2)Cc2ccccc2NN3)c1
c1csc(-c2ccc3c(c2)Cc2ccccc2NN3)c1
c1csc(-c2ccc3c(c2)Cc2ccccc2NN3)c1
c1csc(-c2ccc3c(c2)Cc2ccccc2NN3)c1
c1csc(-c2ccc3c(c2)Cc2ccccc2NN3)c1
O=C(c1ccc2c(c1)Cc1cc(-c3cccs3)ccc1NN2)C1CCC1
O=C(c1ccc2c(c1)Cc1cc(-c3cccs3)ccc1NN2)C1CCC1
O=C(c1ccc2c(c1)Cc1cc(-c3cccs3)ccc1NN2)C1CCC1
O=C(c1ccc2c(c1)Cc1cc(-c3cccs3)ccc1NN2)C1CCC1
O=C(c1ccc2c(c1)Cc1cc(-c3cccs3)ccc1NN2)C1CCC1
O=C(c1ccc2c(c1)Cc1cc(-c3cccs3)ccc1NN2)C1CC1
O=C(c1ccc2c(c1)Cc1cc(-c3cccs3)ccc1NCN2)C1CC1
c1csc(-c2ccc3c(c2)Cc2ccccc2NCN3)c1
c1csc(-c2ccc3c(c2)Cc2ccccc2NCN3)c1
c1csc(-c2ccc3c(c2)Cc2ccccc2NCN3)c1
c1csc(-c2ccc3c(c2)Cc2ccccc2NCN3)c1
O=C(c1ccc2c(c1)Cc1cc(-c3cccs3)ccc1NCN2)C1CC1
c1csc(-c2ccc3c(c2)Cc2ccccc2NCN3)c1
c1csc(-c2ccc3c(c2)Cc2ccccc2NCN3)c1
c1csc(-c2ccc3c(c2)Cc2ccccc2NCN3)c1
c1csc(-c2ccc3c(c2)Cc2ccccc2NCN3)c1
c1csc(-c2ccc3c(c2)Cc2ccccc2NCN3)c1
c1csc(-c2ccc3c(c2)Cc2ccccc2NCN3)c1
O=C1Nc2ccccc2Cc2cc(-c3cccs3)ccc2N1
O=C1Nc2ccccc2Cc2cc(-c3cccs3)ccc2N1
O=C1Nc2ccccc2Cc2cc(-c3cccs3)ccc2N1
O=C1Nc2ccccc2Cc2cc(-c3cccs3)ccc2N1
O=C1Nc2ccccc2Cc2cc(-c3cccs3)ccc2N1
O=C1Cc2ccccc2Cc2cc(-c3cccs3)ccc2N1
O=C1Cc2ccccc2Cc2cc(-c3cccs3)ccc2N1
O=C1Cc2ccccc2Cc2cc(-c3cccs3)ccc2N1
O=C1Cc2ccccc2Cc2cc(-c3cccs3)ccc2N1
O=C1Cc2ccccc2Cc2cc(-c3cccs3)ccc2N1
O=C1Cc2ccccc2Cc2cc(-c3cccs3)ccc2N1
O=C1Cc2ccccc2Cc2cc(-c3cccs3)ccc2N1
O=C1Cc2ccccc2Cc2cc(-c3cccs3)ccc2N1
O=C1Nc2ccc(-c3cccs3)cc2Cc2ccccc21
O=C1Nc2ccc(-c3cccs3)cc2Cc2ccccc21
O=C1Nc2ccc(-c3cccs3)cc2Cc2cc3c(cc21)CCCC3
O=C1Nc2ccc(-c3cccs3)cc2Cc2ccccc21
O=C1Nc2ccc(-c3cccs3)cc2Cc2ccccc21
O=C1Nc2ccc(-c3cccs3)cc2Cc2ccccc21
O=C1Nc2ccc(-c3cccs3)cc2Cc2ccc3c(c21)CCC3
O=C1Nc2ccc(-c3cccs3)cc2Cc2ccc3c(c21)CCC3
O=C1Nc2ccc(-c3cccs3)cc2Cc2ccccc21
C=C1CC(=O)Nc2ccc(-c3cccs3)cc2C1
C=C1CC(=O)Nc2ccc(-c3cccs3)cc2C1
C=C1CC(=O)Nc2ccc(-c3cccs3)cc2C1
C=C1CC(=O)Nc2ccc(-c3cccs3)cc2C1
C=C1CC(=O)Nc2ccc(-c3cccs3)cc2C1
C=C1Cc2cc(-c3cccs3)ccc2NC1=O
O=C1Nc2ccc(-c3cccs3)cc2CC1=C1CCC1
O=C1Nc2ccc(-c3cccs3)cc2CC1=C1CC1
O=C1Nc2ccc(-c3cccs3)cc2CC1=C1CC1
C=C1Cc2cc(-c3cccs3)ccc2NC1=O
C=C1Cc2cc(-c3cccs3)ccc2NC1=O
C=C1CNc2ccc(-c3cccs3)cc2C1
O=C1CNc2ccc(-c3cccs3)cc2C1
O=C1CNc2ccc(-c3cccs3)cc2C1
O=C1CNc2ccc(-c3cccs3)cc2C1
O=C1CNc2ccc(-c3cccs3)cc2C1
C1=Cc2c(ccc3c2C(=Cc2cccc4c2OCOC4)Oc2ccccc2-3)NC1
C1=Cc2c(cccc2C(=Cc2cccc3c2OCOC3)Oc2ccccc2)NC1
C1=Cc2c(cccc2C(=Cc2ccccc2)Oc2ccccc2)NC1
C1=Cc2c(cccc2C(=Cc2ccccc2)Oc2ccccc2)NC1
C1=Cc2c(cccc2C(Cc2ccccc2)Oc2ccccc2)NC1
C1=Cc2c(cccc2C(Oc2ccccc2)c2ccccc2)NC1
C1=Cc2c(cccc2C(Oc2ccccc2)c2ccccc2)NC1
C1=Cc2c(cccc2C(Oc2ccccc2)c2ccccc2)NC1
C1=Cc2c(cccc2C(Oc2ccccc2)c2ccccc2)NC1
C1=Cc2c(cccc2C(Oc2ccccc2)c2ccccc2)NC1
C1=Cc2c(cccc2C(Cc2ccccc2)c2ccccc2)NC1
C1=CC(Cc2ccccc2)Nc2cccc(Cc3ccccc3)c21
C1=CC(Cc2ccccc2)Nc2cccc(Cc3ccccc3)c21
C1=CC(Cc2ccccc2)Nc2cccc(Cc3ccccc3)c21
c1ccc(Cc2cc3c(Cc4ccccc4)cccc3[nH]2)cc1
c1ccc(Cc2cc3c(Cc4ccccc4)cccc3[nH]2)cc1
c1ccc(Cc2cc3c(Cc4ccccc4)cccc3[nH]2)cc1
c1ccc(CCc2cccc3[nH]c(Cc4ccccc4)cc23)cc1
c1ccc(CCc2cccc3c2C(Cc2ccccc2)N3)cc1
c1ccc(CCc2ccccc2CCc2ccccc2)cc1
C1=CC(CCc2ccccc2)(CCc2ccccc2)C=C1
c1ccc(CCCCCc2ccccc2)cc1
c1ccc(CCCCCc2ccccc2)cc1
c1ccc(CCCCc2ccccc2)cc1
c1ccc(CCCCc2ccccc2)cc1
c1ccc(CCCCc2ccccc2)cc1
c1ccc(CCCCc2ccccc2)cc1
c1ccc(CCCCc2ccccc2)cc1
c1ccc(CCCCc2ccccc2)cc1
c1ccc(CCCCc2ccccc2)cc1
c1ccc(CCCCc2ccccc2)cc1
c1ccc(CCCCc2ccccc2)cc1
c1ccc(CCCCc2ccccc2)cc1
c1ccc(CCCCc2ccccc2)cc1
c1ccc(CCCCc2ccccc2)cc1
c1ccc(CCCCc2ccccc2)cc1
c1ccc(CCCCc2ccccc2)cc1
c1ccc(CCCCc2ccccc2)cc1
c1ccc(CCCCc2ccccc2)cc1
c1ccc(CCCCc2ccccc2)cc1
c1ccc(CCCCc2ccccc2)cc1
c1ccc(CCCCc2ccccc2)cc1
c1ccc(CCCCc2ccccc2)cc1
c1ccc(CCCCc2ccccc2)cc1
c1ccc(CCCCc2ccccc2)cc1
c1ccc(CCCCc2ccccc2)cc1
c1ccc(CCCCc2ccccc2)cc1
c1ccc(CCCCc2ccccc2)cc1
c1ccc(CCCCc2ccccc2)cc1
c1ccc(CCCCc2ccccc2)cc1
c1ccc(CCCCc2ccccc2)cc1
c1ccc(CCCCc2ccccc2)cc1
c1ccc(CCCCc2ccccc2)cc1
c1ccc(CCCCc2ccccc2)cc1
c1ccc(CCCCc2ccccc2)cc1
C1=Cc2c(ccc3c2C(=Cc2cccc4c2OCOC4)Oc2ccccc2-3)NC1
c1ccc2c(c1)Oc1c(-c3cccc4c3OCOC4)ccc3cccc-2c13
c1ccc2c(c1)Oc1c(-c3cccc4c3OCOC4)ccc3cccc-2c13
C(=C1Oc2ccccc2-c2ccccc21)c1cccc2c1OCOC2
C(=C1Oc2ccccc2-c2ccccc21)c1cccc2c1OCOC2
C(=C1Oc2ccccc2-c2ccccc21)c1cccc2c1OCO2
C(=C1Oc2ccccc2-c2ccccc21)c1cccc2c1OCO2
C(=Cc1cccc2c1OCO2)CNc1ccc2c(c1)COc1ccccc1-2
C=C(C=Cc1cccc2c1OCO2)Nc1ccc2c(c1)COc1ccccc1-2
C=C(C=Cc1ccccc1)Nc1ccc2c(c1)COc1ccccc1-2
C=C(C=Cc1ccccc1)Nc1ccc2c(c1)COc1ccccc1-2
O=C(C=Cc1ccccc1)Nc1ccc2c(c1)COc1ccccc1-2
O=C(C=Cc1ccccc1)Nc1ccc2c(c1)COc1ccccc1-2
O=C(Cc1ccccc1)Nc1ccc2c(c1)COc1ccccc1-2
O=C(Cc1ccccc1)Nc1ccc2c(c1)COc1ccccc1-2
O=C(Cc1ccccc1)Nc1ccc2c(c1)COc1ccccc1-2
O=C(Cc1ccccc1)Nc1ccc2c(c1)COc1ccccc1-2
O=C(Cc1ccccc1)Nc1ccc2c(c1)COc1cc3cc-3c1-2
O=C(Cc1ccccc1)Nc1ccc2c(c1)COc1cc3cc-3c1-2
C=C1C=CC2=C1c1ccc(NC(=O)Cc3ccccc3)cc1CO2
O=C(Cc1ccccc1)Nc1ccc2c(c1)COC1=C2C(=O)C=C1
O=C(Cc1ccccc1)Nc1ccc2c(c1)COCC1=C2C(=O)C=C1
O=C(Cc1ccccc1)Nc1ccc2c(c1)COC(=O)C1=C2CC=C1
O=C(Cc1ccccc1)Nc1ccc2c(c1)COC(=O)C1=C2C=C1
O=C(Cc1ccccc1)Nc1ccc2c(c1)COC(=O)C1=C2C=C1
O=C(Cc1ccccc1)Nc1ccc2c(c1)COC(=O)C1=C2C=C1
O=C(Cc1ccccc1)Nc1ccc2c(c1)COC(=O)C1=C2C=C1
O=C(Cc1ccccc1)Nc1ccc2c(c1)COC(=O)C1=CC=C12
O=C(Cc1ccccc1)Nc1ccc2c(c1)COC(=O)C1=CC=C12
O=C(Cc1ccccc1)Nc1ccc2c(c1)COC(=O)C1=CC=C12
O=C(Cc1ccccc1)Nc1ccc2c(c1)COC(=O)C1=CC=C12
O=C(Cc1ccccc1)Nc1ccc2c(c1)COC(=O)C1=CC=C12
O=C(Cc1ccccc1)Nc1ccc2c(c1)COC(=O)C1=CC=C12
O=C(Cc1ccccc1)Nc1ccc2c(c1)COC(=O)C1=CC=C12
O=C(Cc1ccccc1)Nc1ccc2c(c1)COC(=O)C1=CC=C12
O=C(Cc1ccccc1)Nc1ccc2c(c1)COC(=O)C1=CC=C12
O=C(Cc1ccccc1)Nc1ccc2c(c1)COC(=O)C1=CC=C12
O=C(Cc1ccccc1)Nc1ccc2c(c1)COC(=O)C1=CC=C12
O=C(Cc1ccccc1)Nc1ccc2c(c1)COC(=O)C1=CC=C12
O=C(Cc1ccccc1)Nc1ccc2c(c1)COC(=O)C1=CC=C12
O=C(Cc1ccccc1)Nc1ccc2c(c1)COC(=O)C1=CC=C12
O=C(Cc1ccccc1)Nc1ccc2c(c1)COC(=O)C1=CC=C12
O=C(Cc1ccccc1)Nc1ccc2c(c1)COC(=O)C1=CC=C12
O=C(Cc1ccccc1)Nc1ccc2c(c1)COC(=O)C1=CC=C12
O=C(Cc1ccccc1)Nc1ccc2c(c1)COC(=O)C1=CC=C12
O=C(Cc1ccccc1)Nc1ccc2c(c1)COC(=O)C1=CC=C12
O=C(Cc1ccccc1)Nc1ccc2c(c1)COC(=O)C1=CC=C12
O=C(Cc1ccccc1)Nc1ccc2c(c1)COC(=O)C1=CC=C12
O=C(Cc1ccccc1)Nc1ccc2c(c1)COC(=O)C1=CC=C12
O=C(Cc1ccccc1)Nc1ccc2c(c1)COC(=O)C1=CC=C12
O=C(Cc1ccccc1)Nc1ccc2c(c1)COC(=O)C1=CC=C12
O=C(CCCCCc1ccccc1)Nc1ccc2c(c1)COC(=O)C1=CC=C12
O=C(CCCCCCc1ccccc1)Nc1ccc2c(c1)COC(=O)C1=CC=C12
O=C(CCCCCCc1ccccc1)Nc1ccc2c(c1)COC(=O)C1=CC=C12
O=C(CCCCCc1ccccc1)Nc1ccc2c(c1)COC(=O)C1=CC=C12
O=C(CCCCc1ccccc1)Nc1ccc2c(c1)COC(=O)C1=CC=C12
O=C(CCCCc1ccccc1)Nc1ccc2c(c1)COC(=O)C1=CC=C12
O=C(CCCCc1ccccc1)Nc1ccc2c(c1)COC(=O)C1=CC=C12
C=C1CC(=O)OCc2cc(NC(=O)CCCCc3ccccc3)ccc21
C=C1CC(=O)OCc2cc(NC(=O)CCCCc3ccccc3)ccc21
C=C1C(=O)OCc2cc(NC(=O)CCCCc3ccccc3)ccc21
C=C1C(=O)OCc2cc(NC(=O)CCCCc3ccccc3)ccc21
C=C1C(=O)OCc2cc(NC(=O)CCCCc3ccccc3)ccc21
C=C1C(=O)OCc2cc(NC(=O)CCCCc3ccccc3)ccc21
C=C1C(=O)OCc2cc(NC(=O)CCCc3ccccc3)ccc21
C=C1C(=O)OCc2cc(NC(=O)CCCc3ccccc3)ccc21
C=C1C(=O)OCc2cc(NC(=O)CCCc3ccccc3)ccc21
C=C1C(=O)OCc2cc(NC(=O)CCCc3ccccc3)ccc21
O=C(CCCc1ccccc1)Nc1ccc2c(c1)COC(=O)C2
O=C(CCCc1ccccc1)Nc1ccc2c(c1)COC2=O
O=C(CCCc1ccccc1)Nc1ccc2c(c1)COC2=O
O=C(CCCc1ccccc1)Nc1ccc2c(c1)COC2=O
O=C(CCCc1ccccc1)Nc1ccc2c(c1)COC2=O
O=C(CCCc1ccccc1)Nc1ccc2c(c1)COC2=O
O=C(CCCc1ccccc1)Nc1ccc2c(c1)COC2=O
O=C(CCCc1ccccc1)Nc1ccc2c(c1)COC2=O
C1=Cc2c(ccc3c2C(=Cc2cccc4c2OCOC4)Oc2ccccc2-3)NC1
C1=Cc2c(ccc3c2C(=Cc2ccccc2)Oc2ccccc2-3)NC1
C(=C1Oc2ccccc2-c2ccccc21)c1ccccc1
C(=C1Oc2ccccc2-c2ccccc21)c1ccccc1
C(=Cc1ccccc1)CNc1ccc2c(c1)COc1ccccc1-2
C(=Cc1ccccc1)CNc1ccc2c(c1)COc1ccccc1-2
c1ccc(CCNc2ccc3c(c2)COc2ccccc2-3)cc1
c1ccc(CCNc2ccc3c(c2)COc2ccccc2-3)cc1
c1ccc(CCNc2ccc3c(c2)COc2ccccc2-3)cc1
c1ccc(CCNc2ccc3c(c2)COc2ccccc2-3)cc1
c1ccc(CCNc2ccc3c(c2)COc2ccccc2-3)cc1
c1ccc(CCNc2ccc3c(c2)COc2ccccc2-3)cc1
c1ccc(CCCCCNc2ccc3c(c2)COc2ccccc2-3)cc1
c1ccc(CCCCCNc2ccc3c(c2)COc2ccccc2-3)cc1
c1ccc(CCCCCCNc2ccc3c(c2)COc2ccccc2-3)cc1
c1ccc(CCCCCCNc2ccc3c(c2)COc2ccccc2-3)cc1
c1ccc(CCCCCNc2ccc3c(c2)COc2ccccc2-3)cc1
c1ccc(CCCCNc2ccc3c(c2)COc2ccccc2-3)cc1
c1ccc(CCCCNc2ccc3c(c2)COc2ccccc2-3)cc1
c1ccc(CCCCNc2ccc3c(c2)COc2ccccc2-3)cc1
C=C(CCCc1ccccc1)Nc1ccc2c(c1)COc1ccccc1-2
O=C(CCCc1ccccc1)Nc1ccc2c(c1)COc1ccccc1-2
O=C(CCCc1ccccc1)Nc1ccc2c(c1)COc1ccccc1-2
O=C(CCCc1ccccc1)Nc1ccc2c(c1)COc1ccccc1-2
O=C(CCCc1ccccc1)Nc1ccc2c(c1)COc1ccccc1-2
O=C(CCCc1ccccc1)Nc1ccc2c(c1)COC1=C2C=CC1
O=C(CCCc1ccccc1)Nc1ccc2c(c1)COC=C2
O=C(CCCc1ccccc1)Nc1ccc2c(c1)COC=C2
O=C(CCCc1ccccc1)Nc1ccc2c(c1)COC=C2
O=C(CCCc1ccccc1)Nc1ccc2c(c1)COC=C2
O=C(CCCc1ccccc1)Nc1ccc2c(c1)COC=C2
O=C(CCCc1ccccc1)Nc1ccc2c(c1)COC=C2
O=C(CCCc1ccccc1)Nc1ccc2c(c1)COC=C2
O=C(CCCc1ccccc1)Nc1ccc2c(c1)COC=C2
O=C(CCCc1ccccc1)Nc1ccc2c(c1)COC=C2
O=C(CCCc1ccccc1)Nc1ccc2c(c1)COC=C2
C=C1OCc2cc(NC(=O)CCCc3ccccc3)ccc21
C=C1OCc2cc(NC(=O)CCCc3ccccc3)ccc21
C=C1OCc2cc(NC(=O)CCCc3ccccc3)ccc21
C=C1OCc2cc(NC(=O)CCCc3ccccc3)ccc21
C=C1OCc2cc(NC(=O)CCCc3ccccc3)ccc21
O=C(CCCc1ccccc1)Nc1ccc2c(c1)COC2=O
O=C(CCCc1ccccc1)Nc1ccc2c(c1)COC2=O
O=C(CCCc1ccccc1)Nc1ccc2c(c1)COC2=O
O=C(CCCc1ccccc1)Nc1ccc2c(c1)COC2=O
O=C(CCCc1ccccc1)Nc1ccc2c(c1)COC2=O
O=C(CCCc1ccccc1)Nc1ccc2c(c1)COC2=O
O=C(CCCc1ccccc1)Nc1ccc2c(c1)COC2=O
O=C(CCCc1ccccc1)Nc1ccc2c(c1)COC2=O
O=C(CCCc1ccccc1)Nc1ccc2c(c1)COC2=O
O=C(CCCc1ccccc1)Nc1ccc2c(c1)COC2=O
O=C(CCCc1ccccc1)Nc1ccc2c(c1)COC2=O
O=C(CCCc1ccccc1)Nc1ccc2c(c1)COC2=O
O=C(CCCc1ccccc1)Nc1ccc2c(c1)COC2=O
O=C(CCCc1ccccc1)Nc1ccc2c(c1)COC2=O
O=C(CCCc1ccccc1)Nc1ccc2c(c1)COC2=O
O=C(CCCc1ccccc1)Nc1ccc2c(c1)COC2=O
O=C(CCCc1ccccc1)Nc1ccc2c(c1)COC2=O
O=C1OCc2cc(NC(=O)C(CCc3ccccc3)CCc3coo3)ccc21
O=C1OCc2cc(NC(=O)C(CCc3ccccc3)CCc3coo3)ccc21
O=C1OCc2cc(NC(=O)C(CCc3ccccc3)CCc3coo3)ccc21
O=C1OCc2cc(NC(=O)C(CCC3=COC3)CCc3ccccc3)ccc21
O=C1OCc2cc(NC(=O)C(CCC3=CCC3)CCc3ccccc3)ccc21
O=C1OCc2cc(NC(=O)C(CCC3=CCC3)CCc3ccccc3)ccc21
O=C1OCc2cc(NC(=O)C(CCC3=CCC3)CCc3ccccc3)ccc21
O=C1OCc2cc(NC(=O)C(CCC3=CCC3)CCc3ccccc3)ccc21
O=C1OCc2cc(NC(=O)C(CCC3=COCC3)CCc3ccccc3)ccc21
O=C1OCc2cc(NC(=O)C(CCC3=COCC3)CCc3ccccc3)ccc21
O=C1OCc2cc(NC(=O)C(CCc3ccccc3)CCc3ccoc3)ccc21
O=C1OCc2cc(NC(=O)C(CCc3ccccc3)CCc3ccoc3)ccc21
O=C1OCc2cc(NC(=O)C(CCc3ccccc3)CCc3ccoc3)ccc21
O=C1OCc2cc(NC(=O)C(CCc3ccccc3)CCc3ccoc3)ccc21
O=C1OCc2cc(NC(=O)C(CCC3=CCC=C3)CCc3ccccc3)ccc21
O=C1OCc2cc(NC(=O)C(CCC3=CC=C3)CCc3ccccc3)ccc21
O=C1OCc2cc(NC(=O)C(CCC3=CC=C3)CCc3ccccc3)ccc21
O=C1OCc2cc(NC(=O)C(CCC3=CC=C3)CCc3ccccc3)ccc21
O=C1OCc2cc(NC(=O)C(CCC3=CC4=C3C4)CCc3ccccc3)ccc21
O=C1OCc2cc(NC(=O)C(CCC3=CC4=C3C4)CCc3ccccc3)ccc21
O=C1OCc2cc(NC(=O)C(CCC3=CC=C3)CCc3ccccc3)ccc21
O=C1OCc2cc(NC(=O)C(CCC3=CC=C3)CCc3ccccc3)ccc21
O=C1OCc2cc(NC(=O)C(CCC3=CC=C3)CCc3ccccc3)ccc21
O=C1OCc2cc(NC(=O)C(CCC3=CCCC=C3)CCc3ccccc3)ccc21
O=C1OCc2cc(NC(=O)C(CCc3ccccc3)CCc3ccccc3)ccc21
O=C1OCc2cc(NC(=O)C(CCc3ccccc3)CCc3ccccc3)ccc21
O=C1OCc2cc(NC(=O)C(CCc3ccccc3)CCc3ccccc3)ccc21
C1=Cc2c(ccc3c2C(=Cc2cccc(-c4ccsc4)c2)Oc2ccccc2-3)NC1
C1=Cc2c(ccc3c2C(c2cccc(-c4ccsc4)c2)Oc2ccccc2-3)NC1
C1=Cc2c(ccc(-c3ccccc3)c2Cc2cccc(-c3ccsc3)c2)NC1
C1=Cc2c(ccc(-c3ccccc3)c2Cc2cccc(-c3ccsc3)c2)NC1
c1ccc(-c2ccccc2Cc2cccc(-c3ccsc3)c2)cc1
c1ccc(-c2ccccc2Cc2cccc(-c3ccsc3)c2)cc1
c1ccc(Cc2ccccc2-c2ccccc2)cc1
c1ccc(Cc2ccccc2-c2ccccc2)cc1
c1ccc(Cc2ccccc2-c2ccccc2)cc1
c1ccc(Cc2ccccc2-c2ccccc2)cc1
c1ccc(Cc2ccccc2-c2cccnc2)cc1
c1ccc(Cc2ccccc2-c2cccnc2)cc1
C=C1SCCc2cc(Cc3ccccc3-c3cccnc3)ccc21
C=C1SCCc2cc(Cc3ccccc3-c3cccnc3)ccc21
c1cncc(-c2ccccc2Cc2ccc3c(c2)CCSC3)c1
c1cncc(Nc2ccccc2Cc2ccc3c(c2)CCSC3)c1
c1cncc(Nc2ccccc2Cc2ccc3c(c2)CCCC3)c1
c1cncc(Nc2ccccc2C2CCCc3ccccc32)c1
C1=CC(C2CCCc3ccccc32)C(Nc2cccnc2)=C1
C1=CC(C2CCCc3ccccc32)C(Nc2cccnc2)=C1
C1=C2NCC3CCc4ccccc4C3C2C(Nc2cccnc2)=C1
C1=C2NCC3CCc4ccccc4C3C2C(Nc2cccnc2)=C1
C1=C2NCC3CCc4ccccc4C3C2C(Nc2cccnc2)=C1
C=C1NCC2CCc3ccccc3C2C1C(=C)Nc1cccnc1
C=C(Nc1cccnc1)C1CNCC2CCc3ccccc3C21
C=C(Nc1cccnc1)C1CNCC2CCc3ccccc3C21
C=C(Nc1cccnc1)C1CNCC2CCc3ccccc3C21
C=C(Nc1cccnc1)C1CCNCC2CCc3ccccc3C21
O=C(Nc1cccnc1)C1CCNCC2CCc3ccccc3C21
O=C(Nc1cccnc1)C1CNCC2CCc3ccccc3C21
O=C(Nc1cccnc1)C1CCCC2CCc3ccccc3C21
O=C(Nc1cccnc1)C1CCCC2CCc3ccccc3C21
O=C(Nc1cccnc1)C1CCCCC2CCc3ccccc3C21
O=C(Nc1cccnc1)C1CCC2CC2C2CCc3ccccc3C12
O=C(Nc1cccnc1)C1CCC2CC2C2CCc3ccccc3C12
O=C(Nc1cccnc1)C1CCC2CC2C2CCc3ccccc3C12
O=C(Nc1cccnc1)C1CCC2CCC2C2CCc3ccccc3C12
O=C(Nc1cccnc1)C1CCC2CCC2C2CCc3ccccc3C12
O=C(Nc1cccnc1)C1CCC2CCC2C2CCc3ccccc3C12
O=C(Nc1cccnc1)C1CCC2CCC2C2CCc3ccccc3C12
O=C(Nc1cccnc1)C1CCC2CCC2C2CCc3ccccc3C12
O=C(Nc1cccnc1)C1CCCC2CCC2C2CCc3ccccc3C12
O=C(Nc1cccnc1)C1CCCC2CCC2C2CCc3ccccc3C12
O=C(Nc1cccnc1)c1ccc2c(c1)CCC1C2CCCCC2CCC21
O=C(Nc1cccnc1)c1ccc2c(c1)CCC1C2CCCCC2CCC21
O=C(Nc1cccnc1)c1ccc2c(c1)CCC1C2CCCCC2CCC21
O=C(Nc1cccnc1)c1ccc2c(c1)CCC1C2CCCC2CCC21
O=C(Nc1cccnc1)c1ccc2c(c1)CCC1C2CCCC2CCC21
O=C(Nc1cccnc1)c1ccc2c(c1)CCC1C2CCCC2CCC21
O=C(Nc1cccnc1)c1ccc2c(c1)CCC1C2CCCC2CCC21
O=C(Nc1cccnc1)c1ccc2c(c1)CCC1C2CCCC2CCC21
O=C(Nc1cccnc1)c1ccc2c(c1)CCC1C2CCCC2CCC21
O=C(Nc1cccnc1)c1ccc2c(c1)CCC1C2CCCC2CCC21
O=C(Nc1cccnc1)c1ccc2c(c1)CCC1C2CCCC2CCC21
O=C(Nc1cccnc1)c1ccc2c(c1)CCC1C2CCCC2CCC21
O=C(Nc1cccnc1)c1ccc2c(c1)CCC1C2CCCC2CCC21
O=C(Nc1cccnc1)c1ccc2c(c1)CCC1C2CCC(C2CCC2)C2CCC12
O=C(Nc1cccnc1)c1ccc2c(c1)CCC1C2CCC(C2CCC2)C2CCC12
O=C(Nc1cccnc1)c1ccc2c(c1)CCC1C2CCC(C2CCC2)C2CCC12
O=C(Nc1cccnc1)c1ccc2c(c1)CCC1C2CCC(C2CC2)C2CCC12
O=C(Nc1cccnc1)c1ccc2c(c1)CCC1C2CCCC2CCC21
O=C(Nc1cccnc1)c1ccc2c(c1)CCC1C2CCC(C2CC2)C2CCC12
O=C(Nc1cccnc1)c1ccc2c(c1)CCC1C2CCCC2CCC21
O=C(Nc1cccnc1)c1ccc2c(c1)CCC1C2CCCC2CCC21
O=C(Nc1cccnc1)c1ccc2c(c1)CCC1C2CCCC2CCC21
O=C(Nc1cccnc1)c1ccc2c(c1)CCC1C2CCCC2CCC21
O=C(Nc1cccnc1)c1ccc2c(c1)CCC1C2CCCC2CCC21
O=C(Nc1cccnc1)c1ccc2c(c1)CCC1C2CCCC2CCC21
O=C(Nc1cccnc1)c1ccc2c(c1)CCC1C2CCCC2CCC21
O=C(Nc1cccnc1)c1ccc2c(c1)CCC1C2CCCC2CCC21
O=C(Nc1cccnc1)c1ccc2c(c1)CCC1C2CCCC2CCC21
O=C(Nc1cccnc1)c1ccc2c(c1)CCC1C2CCCC2CCC21
O=C(Nc1cccnc1)c1ccc2c(c1)CCC1C2CCCC2CCC21
O=C(Nc1cccnc1)c1ccc2c(c1)CCC1C2CCCC2CCC21
O=C(Nc1cccnc1)c1ccc2c(c1)CCC1C2CCCC2CCC21
O=C(Nc1cccnc1)c1ccc2c(c1)CCC1C2CCCC2CCC21
O=C(Nc1cccnc1)c1ccc2c(c1)CCC1C2CCCC2CCC21
O=C(Nc1cccnc1)c1ccc2c(c1)CCC1C2CCCC2CCC21
O=C(Nc1cccnc1)c1ccc2c(c1)CCC1C2CCCC2CCC21
O=C(Nc1cccnc1)c1ccc2c(c1)CCC1C2CCCC2CCC21
O=C(Nc1cccnc1)c1ccc2c(c1)CCC1C2CCCC2CCC21
O=C(Nc1cccnc1)c1ccc2c(c1)CCC1C2CCCC2CCC21
O=C(Nc1cccnc1)c1ccc2c(c1)CCC1C2CCCC2CCC21
O=C(Nc1cccnc1)c1ccc2c(c1)CCC1C2CCCC2CCC21
O=C(Nc1cccnc1)c1ccc2c(c1)CCC1C2CCCC2CCC21
O=C(Nc1cccnc1)c1ccc2c(c1)CCC1C2CCCC2CCC21
O=C(Nc1cccnc1)c1ccc2c(c1)CCC1C2CCCC2CCC21
O=C(Nc1cccnc1)c1ccc2c(c1)CCC1C2CCCC2CCC21
O=C(Nc1cccnc1)c1ccc2c(c1)CCC1C2CCCC2CCC21
O=C(Nc1cccnc1)c1ccc2c(c1)CCC1C2CCCC2CCC21
O=C(Nc1cccnc1)c1ccc2c(c1)CCC1C2CCCC2CCC21
O=C(Nc1cccnc1)c1ccc2c(c1)CCC1C2CCCC2CCC21
O=C(Nc1cccnc1)c1ccc2c(c1)CCC1C2CCCC2CCC21
O=C(Nc1cccnc1)c1ccc2c(c1)CCC1C2CCC(C2CCN2)C2CCC12
O=C(Nc1cccnc1)c1ccc2c(c1)CCC1C2CCC(C2CCN2)C2CCC12
O=C(Nc1cccnc1)c1ccc2c(c1)CCC1C2CCC(C2CNC2)C2CCC12
O=C(Nc1cccnc1)c1ccc2c(c1)CCC1C2CCC(C2CNC2)C2CCC12
O=C(Nc1cccnc1)c1ccc2c(c1)CCC1C2CCC(C2CNC2)C2CCC12
O=C(Nc1cccnc1)c1ccc2c(c1)CCC1C2CCC(C2CN2)C2CCC12
O=C(Nc1cccnc1)c1ccc2c(c1)CCC1C2CCC(C2NN2)C2CCC12
O=C(Nc1cccnc1)c1ccc2c(c1)CCC1C2CCCC2CCC21
O=C(Nc1cccnc1)c1ccc2c(c1)CCC1C2CCCC2CCC21
O=C(Nc1cccnc1)c1ccc2c(c1)CCC1C2CCCC2CCC21
O=C(Nc1cccnc1)c1ccc2c(c1)CCC1C2CCC(Cn2[nH]o2)C2CCC21
O=C(Nc1cccnc1)c1ccc2c(c1)CCC1C2CCC(CC2NO2)C2CCC21
O=C(Nc1cccnc1)c1ccc2c(c1)CCC1C2CCC(C=C2NO2)C2CCC21
O=C(Nc1cccnc1)c1ccc2c(c1)CCC1C2CCCC2CCC21
O=C(Nc1cccnc1)c1ccc2c(c1)CCC1C2CCCC2CCC21
O=C(Nc1cccnc1)c1ccc2c(c1)CCC1C2CCCC2CCC21
O=C(Nc1cccnc1)c1ccc2c(c1)CCC1C2CCCC2CCC21
O=C(Nc1cccnc1)c1ccc2c(c1)CCC1C2CCCC2CCC21
O=C(Nc1cccnc1)c1ccc2c(c1)CCC1C2CCCC2CCC21
O=C(Nc1cccnc1)c1ccc2c(c1)CCC1C2CCCC2CCC21
O=C(Nc1cccnc1)c1ccc2c(c1)CCC1C2CCCC2CC21
O=C(Nc1cccnc1)c1ccc2c(c1)CCC1C2CCCC2CC21
O=C(Nc1cccnc1)c1ccc2c(c1)CCC1C2CCCC2CC21
O=C(Nc1cccnc1)c1ccc2c(c1)CCC1C2CCCC2CCC21
O=C(Nc1cccnc1)c1ccc2c(c1)CCC1C2CCCCC2CCC21
O=C(Nc1cccnc1)c1ccc2c(c1)CCC1C2CCCCC2CCC21
O=C(Nc1cccnc1)c1ccc2c(c1)CCC1C2CCCCC2CCC21
O=C(Nc1cccnc1)c1ccc2c(c1)CCC1C2CCCC2CCC21
O=C(Nc1cccnc1)c1ccc2c(c1)CCC1C2CCCC2CCCC21
O=C(Nc1cccnc1)c1ccc2c(c1)CCC1C2CCCC2CCCC21
O=C(Nc1cccnc1)c1ccc2c(c1)CCC1C2CCCC2CCCC21
O=C(Nc1cccnc1)c1ccc2c(c1)CCC1C2CCCC2CCCC21
O=C(Nc1cccnc1)c1ccc2c(c1)CCC1C2CCCCC2CCCC21
O=C(Nc1cccnc1)c1ccc2c(c1)CCC1C2CCCCC2CCCC21
O=C(Nc1cccnc1)c1ccc2c(c1)CCC1C2CCCCC2CCCC21
O=C(Nc1cccnc1)c1ccc2c(c1)CCC1C2CCCCC2CCCC21
O=C(Nc1cccnc1)c1ccc2c(c1)CCC1C2CCCCC2CCCC21
O=C(Nc1cccnc1)c1ccc2c(c1)CCC1C2CCCC2CCCC21
O=C(Nc1cccnc1)c1ccc2c(c1)CCC1C2CCCC2CCCC21
O=C(Nc1cccnc1)c1ccc2c(c1)CCC1C2CCC2CCCC21
C1=Cc2c(ccc3c2C(=Cc2cccc(-c4ccsc4)c2)Oc2ccccc2-3)NC1
C1=Cc2c(ccc3c2C(=Cc2cccc(-c4ccsc4)c2)Oc2ccccc2-3)NC1
C1=Cc2c(ccc3c2C(c2cccc(-c4ccsc4)c2)Oc2ccccc2-3)NC1
C1=Cc2c(ccc3c2C(c2cccc(-c4ccsc4)c2)Oc2ccccc2-3)NC1
C1=Cc2c(ccc3c2C(c2cccc(-c4ccsc4)c2)Cc2ccccc2-3)NC1
C1=Cc2c(ccc3c2C(c2cccc(-c4ccsc4)c2)CCc2ccccc2-3)NC1
C1=Cc2c(ccc3c2C(c2cccc(-c4ccsc4)c2)CCc2ccccc2-3)NC1
C1=Cc2c(ccc3c2C(c2cccc(-c4ccsc4)c2)CCc2ccccc2-3)NC1
c1cc(-c2ccsc2)cc(C2CCc3ccccc3-c3ccccc32)c1
c1cc(-c2ccsc2)cc(C2CCc3ccccc3-c3ccccc32)c1
c1cc(-c2ccsc2)cc(C2CCc3ccccc3-c3ccccc32)c1
c1cc(-c2ccsc2)cc(C2CCCc3ccccc3-c3ccccc32)c1
c1ccc(-c2ccccc2C2CCCc3ccc(-c4ccsc4)cc32)cc1
c1ccc(-c2ccccc2C2CCCc3ccc(-c4ccsc4)cc32)cc1
c1ccc(-c2ccccc2C2CCCc3ccc(-c4ccsc4)cc32)cc1
c1ccc(-c2ccccc2C2CCCc3ccc(-c4ccsc4)cc32)cc1
c1ccc(-c2cccc(CC3CC3)c2C2CCCc3ccc(-c4ccsc4)cc32)cc1
c1ccc(-c2cccc(CC3CC3)c2C2CCCc3ccc(-c4ccsc4)cc32)cc1
c1ccc(-c2cccc(CC3CC3)c2C2CCCc3ccc(-c4ccsc4)cc32)cc1
C(CC1CC1)=C(Cc1ccccc1)C1CCCc2ccc(-c3ccsc3)cc21
C(CC1CC1)=C(Cc1ccccc1)C1CCCc2ccc(-c3ccsc3)cc21
C(CC1CC1)=C(Cc1ccccc1)C1CCCc2ccc(-c3ccsc3)cc21
C(CC1CC1)=C(Cc1ccccc1)C1CCCc2ccc(-c3ccsc3)cc21
C(CC1CC1)=C(c1ccccc1)C1CCCc2ccc(-c3ccsc3)cc21
c1ccc(C(CC2CC2)C2CCCc3ccc(-c4ccsc4)cc32)cc1
c1ccc(NC(CC2CC2)C2CCCc3ccc(-c4ccsc4)cc32)cc1
c1ccc(N2c3cc(-c4ccsc4)ccc3CCCCC2CC2CC2)cc1
c1ccc(N2c3cc(-c4ccsc4)ccc3CCCCC2CC2CC2)cc1
c1ccc(N2c3cc(-c4ccsc4)ccc3CCCC2CC2CC2)cc1
c1ccc(N2c3cc(-c4ccsc4)ccc3CCCC2CC2CC2)cc1
c1ccc(N2c3ccccc3CCCC2C(Cc2ccsc2)C2CC2)cc1
c1ccc(N2c3ccccc3CCCC2CC(Cc2ccsc2)C2CC2)cc1
c1ccc(N2c3ccccc3CCCC2CC(Cc2ccsc2)C2CC2)cc1
c1ccc(N2c3ccccc3CCCC2CC(Cc2ccsc2)C2CC2)cc1
c1ccc(N2c3ccccc3CCCC2C2CC3CC3C2Cc2ccsc2)cc1
c1ccc(N2c3ccccc3CCCC2C2CC3CC3C2Cc2ccsc2)cc1
c1ccc(N2c3ccccc3CCCC2C2CC3CCC3C2Cc2ccsc2)cc1
c1ccc(N2c3ccccc3CCCC2C2CC3CCC3C2Cc2ccsc2)cc1
c1ccc(N2c3ccccc3CCCC2C2CC3CCC3C2Cc2ccsc2)cc1
c1ccc(N2c3ccccc3CCCC2C2CC3CCC3CC2Cc2ccsc2)cc1
c1ccc(N2c3ccccc3CCCC2C2CC3CCC3CCC2Cc2ccsc2)cc1
c1ccc(N2CCCCc3cc(C4CC5CCC5CCC4Cc4ccsc4)ccc32)cc1
c1ccc(N2CCCc3cc(C4CC5CCC5CCC4Cc4ccsc4)ccc32)cc1
c1ccc(N2CCc3cc(C4CC5CCC5CCC4Cc4ccsc4)ccc32)cc1
c1ccc(N2CCc3cc(C4CCCCCC4Cc4ccsc4)ccc32)cc1
c1ccc(N2CCc3cc(C4CCCCCCC4Cc4ccsc4)ccc32)cc1
c1ccc(N2CCc3cc(C4CCCCCCC4Cc4ccsc4)ccc32)cc1
c1ccc(N2CCc3cc(C4CCCCCCC4Cc4ccsc4)ncc32)cc1
c1ccc(N2CCc3cc(C4CCCCCCC4Cc4ccsc4)ncc32)cc1
c1ccc(N2CCc3cc(C4CCCCCC4Cc4ccsc4)ncc32)cc1
c1ccc(N2CCc3cc(C4CCCCCC4Cc4ccsc4)ncc32)cc1
c1ccc(N2CCc3cc(C4CCCCCC4Cc4ccsc4)ncc32)cc1
c1ccc(N2CCc3cc(C4CCCCC4Cc4ccsc4)ncc32)cc1
c1ccc(N2CCCc3cc(C4CCCCC4Cc4ccsc4)ncc32)cc1
c1ccc(N2CCCc3cc(C4CCCCC4Cc4ccsc4)ncc32)cc1
c1ccc(N2CCCCc3cc(C4CCCCC4Cc4ccsc4)ncc32)cc1
c1ccc(N2CCCCCc3cc(C4CCCCC4Cc4ccsc4)ncc32)cc1
c1ccc(N2CCCCCc3cc(C4CCCCC4Cc4ccsc4)ncc32)cc1
c1ccc(N2CCCCCc3cc(C4CCCCC4Cc4ccsc4)ncc32)cc1
c1ccc(N2CCCCCc3cc(C4CCCC4Cc4ccsc4)ncc32)cc1
c1ccc(N2CCCCc3cc(C4CCCC4Cc4ccsc4)ncc32)cc1
c1ccc(N2CCCCc3cc(C4CCCC4Cc4ccsc4)ncc32)cc1
c1ccc(N2CCCCc3cc(C4CCCC4Cc4ccsc4)ncc32)cc1
c1ccc(N2CCCCc3cc(C4CCCC4Cc4ccsc4)ncc32)cc1
c1ccc(N2CCCCc3cc(C4CCCC4Cc4ccsc4)ncc32)cc1
c1ccc(N2CCCc3cc(C4CCCC4Cc4ccsc4)ncc32)cc1
c1ccc(N2CCc3cc(C4CCCC4Cc4ccsc4)ncc32)cc1
c1ccc(N2CCc3cc(C4CCCC4Cc4ccsc4)ncc32)cc1
c1ccc(N2CCc3cc(C4CCCCC4Cc4ccsc4)ncc32)cc1
c1ccc(-n2ccc3cc(C4CCCCC4Cc4ccsc4)ncc32)cc1
c1ccc(-n2ccc3cc(C4CCCCC4Cc4ccsc4)ncc32)cc1
c1ccc(-n2ccc3cc(C4CCCC4Cc4ccsc4)ncc32)cc1
c1ccc(-n2ccc3cc(C4CCCC4Cc4ccsc4)ncc32)cc1
c1ccc(-n2ccc3cc(C4CCCC4Cc4ccsc4)ncc32)cc1
c1ccc(-n2ccc3cc(C4CCC4Cc4ccsc4)ncc32)cc1
c1ccc(-n2ccc3cc(C4CC4Cc4ccsc4)ncc32)cc1
c1ccc(-n2ncc3cc(C4CC4Cc4ccsc4)ncc32)cc1
c1ccc(-n2ncc3cc(C4CCC4Cc4ccsc4)ncc32)cc1
c1ccc(-n2ncc3cc(C4CCCC4Cc4ccsc4)ncc32)cc1
c1ccc(-n2ncc3cc(C4CCCC4Cc4ccsc4)ncc32)cc1
c1ccc(-n2ncc3cc(C4CCCC4Cc4ccsc4)ccc32)cc1
c1ccc(-n2ncc3c4c(C5CCCC5Cc5ccsc5)c-4cc32)cc1
c1ccc(-n2ncc3c4c(C5CCCC5Cc5ccsc5)c-4cc32)cc1
c1ccc(-n2ncc3c4c(C5CCCCC5Cc5ccsc5)c-4cc32)cc1
C1=C(CC2CCCCC2Cc2ccsc2)Cc2cnn(-c3ccccc3)c21
C1=C(C2CCCCC2Cc2ccsc2)Cc2cnn(-c3ccccc3)c21
C1=C(C2CCCCC2Cc2ccsc2)CCc2cnn(-c3ccccc3)c21
C1=C(C2CCCCCC2Cc2ccsc2)CCc2cnn(-c3ccccc3)c21
C1=C(C2CCCCCCC2Cc2ccsc2)CCc2cnn(-c3ccccc3)c21
C1=C2CCCCCC(Cc3ccsc3)C2CCCc2cnn(-c3ccccc3)c21
C1=C2CCCCCC(Cc3ccsc3)C2CCc2cnn(-c3ccccc3)c21
C1=C2CCCCC(Cc3ccsc3)C2CCc2cnn(-c3ccccc3)c21
C1=C2CCCCC(Cc3ccsc3)C2Cc2cnn(-c3ccccc3)c21
C1=C2CCCC(Cc3ccsc3)C2Cc2cnn(-c3ccccc3)c21
C1=Cc2c(ccc3c2C(=Cc2cccc(-c4ccsc4)c2)Oc2ccccc2-3)NC1
C1=Cc2c(ccc3c2C(c2cccc(-c4ccsc4)c2)Oc2ccccc2-3)NC1
C1=Cc2c(ccc(-c3ccccc3)c2Cc2cccc(-c3ccsc3)c2)NC1
c1ccc(-c2ccc3c(c2Cc2cccc(-c4ccsc4)c2)CCN3)cc1
c1ccc(-c2ccc3c(c2Cc2cccc(-c4ccsc4)c2)CCN3)cc1
c1cc(Cc2c(-c3cccc4c3OCO4)ccc3c2CCN3)cc(-c2ccsc2)c1
c1cc(Cc2c(-c3cccc4c3OCO4)ccc3c2CCN3)cc(-c2ccsc2)c1
c1cc(Cc2c(-c3cccc4c3OCO4)ccc3c2CCN3)cc(-c2ccsc2)c1
c1cc(-c2ccsc2)cc(-c2c(-c3cccc4c3OCO4)ccc3c2CCN3)c1
c1cc(-c2ccsc2)cc(-c2c(-c3cccc4c3OCO4)ccc3c2CCN3)c1
c1cc(-c2ccsc2)cc(-c2c(-c3ccc4c(c3)OCO4)ccc3c2CCN3)c1
c1ccc(-c2c(-c3ccc4c(c3)OCO4)ccc3c2CCN3)cc1
c1ccc(-c2c(-c3ccc4c(c3)OCO4)ccc3c2CCN3)cc1
c1ccc(-c2c(-c3ccc4c(c3)OCO4)ccc3c2CCN3)cc1
c1ccc(-c2c(Nc3ccc4c(c3)OCO4)ccc3c2CCN3)cc1
c1ccc(-c2cccc3c2CCN3)c(Nc2ccc3c(c2)OCO3)c1
C(=Cc1cccc2c1CCN2)Nc1ccc2c(c1)OCO2
C(=Cc1cccc2c1CCN2)Nc1ccc2c(c1)OCO2
C(=Cc1cccc2c1CCN2)Nc1ccc2c(c1)OCO2
C(=Cc1cccc2c1CCN2)Nc1ccc2c(c1)OCO2
C(=COc1cccc2c1CCN2)Nc1ccc2c(c1)OCO2
C(=COc1cccc2c1CCN2)Nc1ccc2c(c1)OCO2
C(=COc1cccc2c1CCCN2)Nc1ccc2c(c1)OCO2
C(=COc1cccc2c1CCCN2)Nc1ccc2c(c1)OCO2
C(=COc1cccc2c1CCCN2)Nc1ccc2c(c1)OCO2
C(=COc1cccc2c1CCCN2)Nc1ccc2c(c1)OCO2
C(=COc1cccc2c1CCCN2)Nc1ccc2c(c1)OCO2
C(=COc1cccc2c1CCCN2)Nc1ccc2c(c1)OCO2
C(=COc1cccc2c1CCCN2)Nc1ccc2c(c1)OCO2
C(=COc1cccc2c1CCCN2)Nc1ccc2c(c1)OCO2
C(=COc1cccc2c1CCCN2)Nc1ccc2c(c1)OCO2
C(=COc1cccc2c1CCCN2)Nc1ccc2c(c1)OCO2
C(=COc1cccc2c1CCCN2)Nc1ccc2c(c1)OCO2
C(=COc1cccc2c1CCCN2)Nc1ccc2c(c1)OCO2
C(=COc1cccc2c1CCCN2)Nc1ccc2c(c1)OCO2
C(=COc1cccc2c1CCCN2)Nc1ccc2c(c1)OCO2
C(=COc1cccc2c1CCCN2)Nc1ccc2c(c1)OCO2
C(=COc1cccc2c1CCCN2)Nc1ccc2c(c1)OCO2
C(=COc1cccc2c1CCCN2)Nc1ccc2c(c1)OCO2
C(=COc1cccc2c1CCCN2)Nc1ccc2c(c1)OCO2
C(=COc1cccc2c1CCCN2)Nc1ccc2c(c1)OCO2
C(=COc1cccc2c1CCCN2)Nc1ccc2c(c1)OCO2
C(=COc1cccc2c1CCCN2)Nc1ccc2c(c1)OCO2
C(=COc1cccc2c1CCCN2)Nc1ccc2c(c1)OCO2
C(=COc1cccc2c1CCCN2)Nc1ccc2c(c1)OCO2
C=C(Nc1ccc2c(c1)OCO2)Oc1cccc2c1CCCN2
C=C(Nc1ccc2c(c1)OCO2)Oc1cccc2c1CCCN2
O=C(Nc1ccc2c(c1)OCO2)Oc1cccc2c1CCCN2
O=C(Nc1ccc2c(c1)OCO2)Oc1cccc2c1CCCN2
O=C(Nc1ccc2c(c1)OCO2)Oc1cccc2c1CCCN2
O=C(Nc1ccc2c(c1)OCO2)OC1CNc2ccccc2C1
O=C(Nc1ccc2c(c1)OCO2)OC1CNc2ccccc2C1
O=C(Nc1ccc2c(c1)OCO2)OC1CNc2ccccc2C1
O=C(Nc1ccc2c(c1)OCO2)OC1CNc2ccccc2C1
O=C(Nc1ccc2c(c1)OCO2)OC1CNc2ccccc2C1
O=C(Nc1ccc2c(c1)OCO2)OC1CNc2ccccc2C1
O=C(Nc1ccc2c(c1)OCO2)OC1CNc2ccccc2C1
O=C(Nc1ccc2c(c1)OCO2)OC1CNc2ccccc2C1
O=C(Nc1ccc2c(c1)OCO2)OC1CNc2ccccc2C1
O=C(Nc1ccc2c(c1)OCO2)OC1CNc2ccccc2C1
O=C(Nc1ccc2c(c1)OCO2)OC1CNc2cc3c(cc2C1)CN3
O=C(Nc1ccc2c(c1)OCO2)OC1CNc2cc3c(cc2C1)CN3
O=C(Nc1ccc2c(c1)OCO2)OC1CNc2cc3c(cc2C1)CNC3
O=C(Nc1ccc2c(c1)OCO2)OC1CNc2cc3c(cc2C1)CNC3
O=C(Nc1ccc2c(c1)OCO2)OC1CNc2ccccc2C1
O=C(Nc1ccc2c(c1)OCO2)OC1CNc2ccccc2C1
O=C(Nc1ccc2c(c1)OCO2)OC1CNc2ccccc2C1
O=C(Nc1ccc2c(c1)OCO2)OC1CNc2ccccc2C1
O=C(Nc1ccc2c(c1)OCO2)OC1CNc2ccc3c(c2C1)CC3
O=C(Nc1ccc2c(c1)OCO2)OC1CNc2ccc3c(c2C1)CC3
O=C(Nc1ccc2c(c1)OCO2)OC1CNc2ccc3c(c2C1)C=C3
O=C(Nc1ccc2c(c1)OCO2)OC1CNc2ccc3c(c2C1)CC=C3
O=C(Nc1ccc2c(c1)OCO2)OC1CNc2ccc3cc[nH]c3c2C1
O=C(Nc1ccc2c(c1)OCO2)OC1CNc2ccc3cc[nH]c3c2C1
O=C(Nc1ccc2c(c1)OCO2)OC1CNc2ccc3cc[nH]c3c2C1
O=C(Nc1ccc2c(c1)OCO2)OC1CNc2ccc3cc[nH]c3c2C1
O=C(Nc1ccc2c(c1)OCO2)OC1CNc2ccc3cc[nH]c3c2C1
O=C(Nc1ccc2c(c1)OCO2)OC1CNc2ccc3cc[nH]c3c2C1
O=C(Nc1ccc2c(c1)OCO2)OC1CNc2ccc3cc[nH]c3c2C1
O=C(Nc1ccc2c(c1)OCO2)OC1CNc2ccc3cc[nH]c3c2C1
O=C(Nc1ccc2c(c1)OCO2)OC1CNc2ccc3cc[nH]c3c2C1
O=C(Nc1ccc2c(c1)OCO2)OC1CNc2ccc3cc[nH]c3c2C1
O=C(Nc1ccc2c(c1)OCO2)OC1CNc2ccc3cc[nH]c3c2C1
O=C(Nc1ccc2c(c1)OCO2)OC1CNc2ccc3cc[nH]c3c2C1
O=C(Nc1ccc2c(c1)OCO2)OC1CNc2ccc3cc[nH]c3c2C1
O=C(Nc1ccc2c(c1)OCO2)OC1CNc2ccc3c4c([nH]c3c2C1)CCCC4
O=C(Nc1ccc2c(c1)OCO2)OC1CNc2ccc3c4c([nH]c3c2C1)CCCC4
O=C(Nc1ccc2c(c1)OCO2)OC1CNc2ccc3c4c([nH]c3c2C1)CCCC4
O=C(Nc1ccc2c(c1)OCO2)OC1CNc2ccc3c4c([nH]c3c2C1)CCC4
O=C(Nc1ccc2c(c1)OCO2)OC1CNc2ccc3c4c([nH]c3c2C1)CCC4
O=C(Nc1ccc2c(c1)OCO2)OC1CNc2ccc3cc[nH]c3c2C1
O=C(Nc1ccc2c(c1)OCO2)OC1CNc2ccc3cc[nH]c3c2C1
O=C(Nc1ccc2c(c1)OCO2)OC1CNc2ccc3c(c2C1)CC=C3
O=C(Nc1ccc2c(c1)OCO2)OC1CNc2ccc3c(c2C1)CCC=C3
O=C(Nc1ccc2c(c1)OCO2)OC1CNc2ccc3c(c2C1)CCC=C3
O=C(Nc1ccc2c(c1)OCO2)OC1CNc2ccc3ccccc3c2C1
O=C(Nc1ccc2c(c1)OCO2)OC1CNc2ccc3ccccc3c2C1
O=C(Nc1ccc2c(c1)OCO2)OC1CNc2ccc3ccccc3c2C1
O=C(Nc1ccc2c(c1)OCCO2)OC1CNc2ccc3ccccc3c2C1
O=C(Nc1ccc2c(c1)OCCO2)OC1CNc2ccc3ccccc3c2C1
O=C(Nc1ccc2c(c1)OCO2)OC1CNc2ccc3ccccc3c2C1
O=C(Nc1ccc2c(c1)OCO2)OC1CNc2ccc3ccccc3c2C1
O=C(Nc1ccc2c(c1)OCO2)OC1CNc2ccc3ccccc3c2C1
O=C(Nc1ccc2c(c1)OCO2)OC1CNc2ccc3ccccc3c2C1
O=C(Nc1ccc2c(c1)OCO2)OC1CNc2ccc3ccccc3c2C1
O=C(Nc1ccc2c(c1)OCO2)OC1CNc2ccc3ccccc3c2C1
O=C(Nc1ccc2c(c1)OCO2)OC1CNc2ccc3ccccc3c2C1
O=C(Nc1ccc2c(c1)OCO2)OC1CNc2ccc3c(C4COC4)cccc3c2C1
O=C(Nc1ccc2c(c1)OCO2)OC1CNc2ccc3c(C4=COC4)cccc3c2C1
O=C(Nc1ccc2c(c1)OCO2)OC1CNc2ccc3c(C4=CO4)cccc3c2C1
O=C(Nc1ccc2c(c1)OCO2)OC1CNc2ccc3c(C4=CCO4)cccc3c2C1
O=C(Nc1ccc2c(c1)OCO2)OC1CNc2ccc3c(C4=CCC4)cccc3c2C1
O=C(Nc1ccc2c(c1)OCO2)OC1CNc2ccc3c(C4=CC4)cccc3c2C1
O=C(Nc1ccc2c(c1)OCO2)OC1CNc2ccc(-c3cccc4c3C4)cc2C1
O=C(Nc1ccc2c(c1)OCO2)OC1CNc2ccc(-c3ccccc3)cc2C1
O=C(Nc1ccc2c(c1)OCO2)OC1CNc2ccc(-c3ccccc3)cc2C1
O=C(Nc1ccc2c(c1)OCO2)OC1CNc2ccc(-c3ccccc3)cc2C1
O=C(Nc1ccc2c(c1)OCO2)OC1CNc2ccc(-c3ccccc3)cc2C1
O=C(Nc1ccc2c(c1)OCO2)OC1CNc2ccc(-c3cccc4c3CC4)cc2C1
O=C(Nc1ccc2c(c1)OCO2)OC1CNc2ccc(-c3cccc4c3CC4)cc2C1
O=C(Nc1ccc2c(c1)OCO2)OC1CNc2ccc(-c3cccc4c3NCC4)cc2C1
O=C(Nc1ccc2c(c1)OCO2)OC1CNc2ccc(-c3cccc4cc[nH]c34)cc2C1
C1=Cc2c(ccc3c2C(=Cc2cccc(-c4ccsc4)c2)Oc2ccccc2-3)NC1
C1=Cc2c(ccc3c2C(=Cc2cccc(-c4ccsc4)c2)Oc2ccccc2-3)NC1
C1=Cc2c(ccc(-c3ccccc3)c2C=Cc2cccc(-c3ccsc3)c2)NC1
C1=Cc2c(ccc(-c3ccccc3)c2CCc2cccc(-c3ccsc3)c2)NC1
C1=Cc2c(ccc(-c3ccccc3)c2CCc2cccc(-c3ccsc3)c2)NC1
C1=Cc2c(ccc(-c3ccccc3)c2CCc2cccc(-c3ccsc3)c2)NC1
C1=Cc2c(ccc(-c3ccccc3)c2CCc2cccc(-c3ccsc3)c2)NC1
C1=Cc2c(ccc(-c3cccnc3)c2CCc2cccc(-c3ccsc3)c2)NC1
c1cc(CCc2c(-c3cccnc3)ccc3c2CCN3)cc(-c2ccsc2)c1
c1cc(CCc2c(-c3cccnc3)ccc3c2CCN3)cc(-c2ccsc2)c1
c1cc(CCc2c(-c3cccnc3)ccc3c2CCN3)cc(-c2ccsc2)c1
c1cc(CCc2c(-c3cccnc3)ccc3c2CCN3)cc(-c2ccsc2)c1
c1cc(CCc2c(-c3cccnc3)ccc3[nH]ccc23)cc(-c2ccsc2)c1
c1cncc(-c2ccc3[nH]ccc3c2CCc2ccccc2-c2ccsc2)c1
c1cncc(-c2ccc3[nH]c(CCCc4ccccc4-c4ccsc4)cc3c2)c1
c1cncc(-c2ccc3[nH]c(CCCc4ccccc4-c4ccsc4)cc3c2)c1
C1=C(c2ccccc2CCCc2cc3cc(-c4cccnc4)ccc3[nH]2)CS1
C1=C(c2ccccc2CCCc2cc3cc(-c4cccnc4)ccc3[nH]2)S1
c1ccc(CCCc2cc3cc(-c4cccnc4)ccc3[nH]2)cc1
c1ccc(CCc2cc3cc(-c4cccnc4)ccc3[nH]2)cc1
c1ccc(CCc2cc3cc(-c4cccnc4)ccc3[nH]2)cc1
c1ccc(CCc2cc3cc(-c4cccnc4)ccc3[nH]2)cc1
c1ccc(CCc2cc3cc(-c4cccnc4)ccc3[nH]2)cc1
c1ccc(CCc2cc3cc(-c4cccnc4)ccc3[nH]2)cc1
c1ccc(CCc2cc3cc(-c4cccnc4)ccc3[nH]2)cc1
c1ccc(CCc2cc3cc(-c4cccnc4)ccc3[nH]2)cc1
c1ccc(CCCc2cc3cc(-c4cccnc4)ccc3[nH]2)cc1
c1ccc(CCCCCc2cc3cc(-c4cccnc4)ccc3[nH]2)cc1
c1cncc(-c2cccc(CCCCCc3cc4ccccc4[nH]3)c2)c1
c1cncc(-c2cccc(CCCCc3cc4ccccc4[nH]3)c2)c1
c1cncc(-c2cccc(CCCc3cc4ccccc4[nH]3)c2)c1
c1cncc(-c2cccc(CCCc3cc4ccccc4[nH]3)c2)c1
c1cncc(-c2cccc(CCCc3cc4ccccc4[nH]3)c2)c1
c1cncc(-c2cccc(CCCc3cc4ccccc4[nH]3)c2)c1
c1cncc(-c2cccc(CCCc3cc4ccncc4[nH]3)c2)c1
c1cncc(-c2cccc(CCCc3cc4ccncc4[nH]3)c2)c1
c1cncc(-c2cccc(CCCc3cc4ccncc4[nH]3)c2)c1
c1cncc(-c2cccc(CCCc3cc4ccncc4[nH]3)c2)c1
c1cncc(-c2cccc(CCCc3cc4ccncc4[nH]3)c2)c1
c1cncc(-c2cccc(CCCc3cc4ccncc4[nH]3)c2)c1
c1cncc(-c2cccc(CCCc3cc4ccncc4[nH]3)c2)c1
c1cncc(-c2cccc(CCCc3cc4ccncc4[nH]3)c2)c1
c1cncc(-c2cccc(CCCc3cc4ccncc4[nH]3)c2)c1
c1cncc(-c2cccc(CCCCc3cc4ccncc4[nH]3)c2)c1
c1cncc(-c2cccc(CCCCc3cc4ccncc4[nH]3)c2)c1
c1cncc(-c2cccc(CCCCc3cc4ccncc4[nH]3)c2)c1
c1cncc(-c2cccc(CCCCc3cc4ccncc4[nH]3)c2)c1
c1cncc(-c2cccc(CCCCc3cc4ccncc4[nH]3)c2)c1
C1=Cc2c(ccc3c2C(=Cc2cccc(-c4ccsc4)c2)Oc2ccccc2-3)NC1
C1=Cc2c(ccc3c2C(=Cc2cccc(-c4ccsc4)c2)Oc2ccccc2-3)NC1
C(=C1Oc2ccccc2-c2ccccc21)c1cccc(-c2ccsc2)c1
C(=C1Oc2ccccc2-c2ccccc21)c1cccc(-c2ccsc2)c1
C(=C1Oc2ccccc2-c2ccccc21)c1cccc(-c2ccsc2)c1
C(=C1Oc2ccccc2-c2ccccc21)c1cccc(-c2ccsc2)c1
C(=C1Oc2ccccc2-c2ccccc21)c1cccc(-c2ccsc2)c1
C(=C1Oc2ccccc2-c2ccccc21)c1cccc(-c2ccsc2)c1
C(=Cc1cccc(-c2ccsc2)c1)Nc1ccc2c(c1)COc1ccccc1-2
C(=Cc1ccccc1)Nc1ccc2c(c1)COc1ccccc1-2
C(=Cc1ccccc1)Nc1ccc2c(c1)COc1ccccc1-2
C(=Cc1ccccc1)Nc1ccc2c(c1)COc1ccccc1-2
C(=Cc1ccccc1)Nc1ccc2c(c1)COc1ccccc1-2
C(=Cc1ccccc1)Nc1ccc2c(c1)COc1ccccc1-2
C(=Cc1ccccc1)Nc1ccc2c(c1)COc1ccccc1-2
C(=Cc1ccccc1)Nc1ccc2c(c1)COc1ccccc1-2
C(=Cc1ccccc1)Nc1ccc2c(c1)COc1ccccc1-2
C(=Cc1ccccc1)Nc1ccc2c(c1)COc1ccccc1-2
C(=Cc1ccccc1)Nc1ccc2c(c1)COc1ccccc1-2
C(=Cc1ccccc1)Nc1ccc2c(c1)COc1ccccc1-2
C(=Cc1ccccc1)Nc1ccc2c(c1)COc1ccccc1-2
c1ccc(CNc2ccc3c(c2)COc2ccccc2-3)cc1
c1ccc(CNc2ccc3c(c2)COc2ccccc2-3)cc1
c1ccc(CNc2ccc3c(c2)COc2ccccc2-3)cc1
c1ccc(CNc2ccc3c(c2)COc2ccccc2-3)cc1
c1ccc(CNc2ccc3c(c2)COc2ccccc2-3)cc1
c1ccc(CNc2ccc3c(c2)COc2ccccc2-3)cc1
c1ccc(CCNc2ccc3c(c2)COc2ccccc2-3)cc1
c1ccc(CCCONc2ccc3c(c2)COc2ccccc2-3)cc1
c1ccc(CCCONc2ccc3c(c2)COc2ccccc2-3)cc1
c1ccc(CCCCCNc2ccc3c(c2)COc2ccccc2-3)cc1
c1ccc(CCCCNc2ccc3c(c2)COc2ccccc2-3)cc1
C1=Cc2ccc(NCCCCc3ccccc3)cc2CO1
C1=Cc2ccc(NCCCCc3ccccc3)cc2CO1
C1=Cc2ccc(NCCCCc3ccccc3)cc2CO1
C1=Cc2ccc(NCCCCc3ccccc3)cc2CO1
C=C(CCCc1ccccc1)Nc1ccc2c(c1)COC=C2
C=C(CCCc1ccccc1)Nc1ccc2c(c1)COC1=C2CC1
C=C(CCCc1ccccc1)Nc1ccc2c(c1)COC1=C2C1
O=C(CCCc1ccccc1)Nc1ccc2c(c1)COC1=C2C1
O=C(CCCc1ccccc1)Nc1ccc2c(c1)COC1=C2C1
O=C(CCCc1ccccc1)Nc1ccc2c(c1)COC1=C2C1
O=C(CCCc1ccccc1)Nc1ccc2c(c1)COC1=C2C1
O=C(CCCc1ccccc1)Nc1ccc2c(c1)COC1=C2C1
O=C(CCCc1ccccc1)Nc1ccc2c(c1)COC1=C2C1
O=C(CCCc1ccccc1)Nc1ccc2c(c1)COC1=C2C1
O=C(CCCc1ccccc1)Nc1ccc2c(c1)COC1=C2C1
O=C(CCCc1ccccc1)Nc1ccc2c(c1)COC1=C2CC1
O=C(CCCc1ccccc1)Nc1ccc2c(c1)COC=C2
O=C(CCCc1ccccc1)Nc1ccc2c(c1)COC=C2
O=C(CCCc1ccccc1)Nc1ccc2c(c1)COC=C2
O=C(CCCc1ccccc1)Nc1ccc2c(c1)COC=C2
O=C(CCCc1ccccc1)Nc1ccc2c(c1)COC=C2
O=C(CCCc1ccccc1)Nc1ccc2c(c1)COC=C2
C=C1COCc2cc(NC(=O)CCCc3ccccc3)ccc21
O=C(CCCc1ccccc1)Nc1ccc2c(c1)COCC2=O
O=C(CCCc1ccccc1)Nc1ccc2c(c1)COC2=O
O=C(CCCc1ccccc1)Nc1ccc2c(c1)COC2=O
O=C(CCCc1ccccc1)Nc1ccc2c(c1)COC2=O
O=C1C=C2CCC3C4CCCC4CC(OCc4ccccc4)C3C2CC1
O=C1C=C2CCC3C4CCCC4CC(OCc4ccccc4)C3C2CC1
O=C1C=CC2C(=C1)CCC1C3CCCC3CC(OCc3ccccc3)C21
O=C1C=CC2C(=C1)CCC1C3CCCC3CC(OCc3ccccc3)C21
O=C1C=CC2C(=C1)CCC1C2CCC2C(CCc3ccccc3)CCC21
O=C1C=CC2C(=C1)CCC1C2CCC2C(CCc3ccccc3)CCC21
O=C1C=CC2C(=C1)CCC1C2CCC2C(CCc3ccccc3)CCC21
O=C1C=CC2C(=C1)CCC1C2CCC2C(CCc3ccccc3)CCC21
O=C1C=CC2C(=C1)CCC1C2CCC2C(CCc3ccccc3)CCC21
O=C1C=CC2C(=C1)CCC1C2CCC2C(CCc3ccccc3)CCC21
O=C1C=CC2C(=C1)CCC1C2CCC2C(CCc3ccccc3)CCC21
O=C1C=CC2C(=C1)CCC1C2CCC2C(CC(=O)c3ccccc3)CCC21
O=C1C=CC2C(=C1)CCC1C2CCC2C(C(=O)c3ccccc3)CCC21
O=C1C=CC2C(=C1)CCC1C2CCC2C(C(=O)c3ccccc3)CCCC21
O=C1C=CC2C(=C1)CCC1C2CCC2C(C(=O)Cc3ccccc3)CCCC21
O=C1C=CC2C(=C1)CCC1C2CCC2C(C(=O)COc3ccccc3)CCCC21
O=C1C=CC2C(=C1)CCC1C2CCC2C(C(=O)COc3ccccc3)CCC21
O=C1C=CC2C(=C1)CCC1C2CCC2C(C(=O)COc3ccccn3)CCC21
O=C1C=CC2C(=C1)CCC1C2CCC2C(C(=O)CSc3ccccn3)CCC21
O=C1C=C2CCC3C4CCCC4CC(OCc4ccccc4)C3C2CC1
O=C1C=C2CCC3C4CCCC4CC(OCc4ccccc4)C3C2CC1
O=C1C=C2CCC3C4CCCC4CC(OCc4ccccc4)C3C2CC1
O=C1C=C2CCC3CCCC(OCc4ccccc4)C3C2CC1
O=C1C=C2CCC3CCCC(OCc4ccccc4)C3C2CC1
O=C1C=C2CCC3CCCC(OCc4ccccc4)C3C2CC1
O=C1C=C2CCC3CCCC(OCc4ccccc4)C3C2CC1
O=C1C=CC(C2CCCCC2OCc2ccccc2)CC1
O=C1C=CC(C2CCCCC2OCc2ccccc2)C1
O=C1CC(C2CCCCC2OCc2ccccc2)C=N1
O=C1CC(C2CCCCC2OCc2ccccc2)C=N1
O=C1CC(C2CCCCC2OCc2ccccc2)C=N1
O=C1N=CC1C1CCCCC1OCc1ccccc1
O=C1N=CC1OC1CCCCC1OCc1ccccc1
O=C1N=CC1OC1CCCC1OCc1ccccc1
O=C1N=CC1OC1CCC1OCc1ccccc1
O=C1N=CC1OC1CCCC1OCc1ccccc1
O=C1N=CC1OC1CCCC1ONCc1ccccc1
O=C1N=CC1OC1CCC1ONCc1ccccc1
O=C1N=CC1OC1CCC1ONCc1ccccc1
O=C1N=CC1OC1CCC1ONc1ccccc1
O=C1N=CC1OC1CC1ONc1ccccc1
O=C1N=CC1OC1CC1ONc1ccccc1
O=C1N=CC1OC1CC1CCNc1ccccc1
O=C1N=CC1OC1CC1CCNc1ccccc1
O=C1N=CC1OC1CC1CCNc1ccccc1
O=C1N=CC1OC1CC1CCNc1ccccc1
O=C1N=CC1OC1CC1CCCNc1ccccc1
O=C1N=CC1OC1CC1CCCNc1ccccc1
O=C1N=CC1OCCCCCNc1ccccc1
O=C1N=CC1OCCCCCNc1ccccc1
O=C1N=CC1CCCCCCNc1ccccc1
O=C1N=CC1CCCCCNc1ccccc1
O=C1N=CC1CCCCCNc1ccccc1
O=C1N=CC1CCCCCNc1ccccc1
O=C1N=CC1=CCCCCNc1ccccc1
O=C1N=CC1=CCCCCNc1ccccc1
O=C1N=CC1=CCCCCNc1ccccc1
O=C1C=C(CCCCNc2ccccc2)C=N1
O=C1C=C(CCCCNc2ccccc2)C=N1
O=C1C=CC(CCCCNc2ccccc2)=C1
C1=CC(CCCCNc2ccccc2)=CC1
C1=CC(CCCCNc2ccccc2)=CC1
C1=CC(CCCCNc2ccccc2)=CCC1
C1=CC(CCCCNc2ccccc2)=CCC1
c1ccc(CCCCNc2ccccc2)cc1
c1ccc(CCCCNc2ccccc2)cc1
c1ccc(CCCCNc2ccccc2)cc1
c1ccc(CCCCNc2ccccc2)cc1
c1ccc(CCCCNc2ccccc2)cc1
c1ccc(CCCCNc2ccccc2)cc1
c1ccc(CCCCNc2ccccc2)cc1
c1ccc(CCCCNc2ccccc2)cc1
c1ccc(CCCCNc2ccccc2)cc1
c1ccc(CCCCNc2ccccc2)cc1
c1ccc(CCCCNc2ccccc2)cc1
c1ccc(CCCCNc2ccccc2)cc1
c1ccc(CCCCNc2ccccc2)cc1
c1ccc(CCCCNc2ccccc2)cc1
c1ccc(CCCCNc2ccccc2)cc1
c1ccc(CCCCNc2ccccc2)cc1
c1ccc(CCCCNc2ccccc2)cc1
c1ccc(CCCCNc2ccccc2)cc1
c1ccc(CCCCNc2ccccc2)cc1
c1ccc(CCCCNc2ccccc2)cc1
c1ccc(CCCCNc2ccccc2)cc1
c1ccc(CCCCNc2ccccc2)cc1
c1ccc(CCCCNc2ccccc2)cc1
c1ccc(CCCCNc2ccncc2)cc1
c1ccc(CCCCNc2ccncc2)cc1
c1ccc(CCCCNc2ccncc2)cc1
c1ccc(CCCCNc2ccncc2)cc1
c1ccc(CCCCNc2cccnc2)cc1
c1ccc(CCCCNc2cccnc2)cc1
c1ccc(CCCCNc2cccnc2)cc1
c1ccc(CCCCNc2cccnc2)cc1
c1ccc(CCCCNc2cccnc2)cc1
c1ccc(CCCCNc2cccnc2)cc1
c1ccc(CCCCNc2cccnc2)cc1
c1ccc(CCCCNc2cccnc2)cc1
N=C(Cc1ncccc1NCCCCc1ccccc1)C1CO1
c1ccc(CCCCNc2cccnc2)cc1
c1ccc(CCCCNc2cccnc2)cc1
c1ccc(CCCCNc2cccnc2)cc1
O=C1CN=C1c1ncccc1NCCCCc1ccccc1
c1ccc(CCCCNc2cccnc2C2=NCC2)cc1
C1=C(c2ncccc2NCCCCc2ccccc2)CC1
c1ccc(CCCCNc2cccnc2)cc1
C(=C1CC1)c1ncccc1NCCCCc1ccccc1
C1=CC1=Cc1ncccc1NCCCCc1ccccc1
C(=C1C=C1NCCCCc1ccccc1)c1ccccn1
c1ccc(CCCCNc2c3cc4ncccc4c2-3)cc1
c1ccc(CCCCNc2ccc3ncccc3c2)cc1
c1ccc(CCCCNNc2ccc3ncccc3c2)cc1
c1ccc(CCCCNc2ccc3cccnc3c2)cc1
c1ccc(CCCCNc2ccc3cccnc3c2)cc1
c1ccc(CCCCNCc2ccc3cccnc3c2)cc1
c1ccc(CCCCNCc2cccc3ncccc23)cc1
c1ccc(CCCCNc2cccc3ncccc23)cc1
O=C1C=C2CCC3C4CCCC4CC(OCc4ccccc4)C3C2CC1
O=C1C=C2CCC3C4CCCC4CC(OCc4ccccc4)C3C2CC1
O=C1C=C2CCC3C4CCCC4CC(OCc4ccccc4)C3C2CC1
O=C1C=C2CCC3C4CCCC4CC(OCc4ccccc4)C3C2CC1
O=C1C=C2CCC3CCCC(OCc4ccccc4)C3C2CC1
C=C1CCC2CCCC(OCc3ccccc3)C2C1
C=C1CCC2CCCC(OCc3ccccc3)C2C1
C=C1CCCC(COCc2ccccc2)C1
C=C1CCCC(CCCc2ccccc2)C1
C=C1CCCC(CCCNc2ccccc2)C1
C=C1CCCC(CCCNc2ccccc2)C1
C(CCCNc1ccccc1)=C1CCCCC1
C(Nc1ccccc1)=C1CCCCC1
C(Nc1ccccc1)=C1CCCCC1
C(Nc1ccccc1)=C1CCCCOC1
C(Nc1ccccc1)=C1CCCCOC1
C(Nc1ccccc1)=C1CCCCOC1
C(Nc1ccccc1)=C1CCCCO1
C(Nc1ccccc1)=C1CCCCO1
C(Nc1ccccc1)=C1CCCCO1
C(Nc1ccccc1)=C1CCCO1
C(Nc1ccccc1)=C1CCCO1
C(Nc1ccccc1)=C1CCO1
C(Nc1ccccc1)=C1CCO1
C(Nc1ccccc1)=C1CCO1
C(Nc1ccccc1)=C1CCO1
C(Nc1ccccc1)=C1CCO1
C(Nc1ccccc1)=C1CCO1
C(Nc1ccccc1)=C1CCO1
C(Nc1ccccc1)=C1CCO1
C(Nc1ccccc1)=C1CCO1
C(Nc1ccccc1)=C1CCO1
C(Nc1ccccc1)=C1CCO1
C(Nc1ccccc1)=C1CCO1
C(Nc1ccccc1)=C1CCO1
C(Nc1ccccc1)=C1CCO1
C(Nc1ccccc1)=C1CCO1
C(Nc1ccccc1)=C1CCO1
C(Nc1ccccc1)=C1CCO1
C(Nc1ccccc1)=C1CCO1
C(Nc1ccccc1)=C1CCO1
C(Nc1ccccc1)=C1CCO1
C(Nc1ccccc1)=C1CCO1
C(Nc1ccccc1)=C1CCO1
C(Nc1ccccc1)=C1CCO1
C(Nc1ccccc1)=C1CCO1
C(Nc1ccccc1)=C1CCO1
C(Nc1ccccc1)=C1CCO1
C(Nc1ccccc1)=C1CCO1
C(Nc1ccccc1)=C1CCO1
C(Nc1ccccc1)=C1CCO1
C(Nc1ccccc1)=C1CCO1
C(Nc1ccccc1)=C1CCO1
C(Nc1ccccc1)=C1CCO1
C(Nc1ccccc1)=C1CCO1
C(Nc1ccccc1)=C1CCO1
C(Nc1ccccc1)=C1CCO1
C(Nc1ccccc1)=C1CCO1
C(Nc1ccccc1)=C1CCO1
C(Nc1ccccc1)=C1CCO1
C(Nc1ccccc1)=C1CCO1
C(Nc1ccccc1)=C1CCO1
O=C(CCCC=C1CCO1)Nc1ccccc1
O=C(CCCC=C1CCO1)Nc1ccccc1
O=C(CCCC=C1CCO1)Nc1ccccc1
O=C(CCCC=C1CCO1)Nc1ccccc1
O=C(CCCC=C1CCO1)Nc1ccccc1
O=C(CCCC=C1CCO1)Nc1ccccc1
O=C(CCCC=C1CCO1)Nc1ccccc1
O=C(CCCC=C1CCO1)Nc1ccccc1
O=C(CCCC=C1CCO1)Nc1ccccc1
O=C(CCCC=C=C1CCO1)Nc1ccccc1
O=C(CCCC1=C=CCCO1)Nc1ccccc1
O=C(CCCC1=C=CCCO1)Nc1ccccc1
O=C(CCCC1=C=CCCOC1)Nc1ccccc1
O=C(CCCCC1=C=CCCO1)Nc1ccccc1
O=C(CCCCC1=C=CCCO1)Nc1ccccc1
O=C(CCCC1=C=CCCO1)Nc1ccccc1
O=C(CCCC1=C=CCCO1)Nc1ccccc1
O=C(CCCC1=C=CCCO1)Nc1ccccc1
O=C(CCCC1=C=CCCO1)Nc1ccccc1
O=C(CCCC1=C=CCCO1)Nc1ccccc1
O=C(CCCC1=C=CCCO1)Nc1ccccc1
O=C(CCCC1=CCCO1)Nc1ccccc1
O=C(CCCC1=CCCO1)Nc1ccccc1
O=C(CCCC1=C(C2CC2)CCO1)Nc1ccccc1
O=C(CCCC1=C(C2CCC2)CCO1)Nc1ccccc1
O=C(CCCC1=C=C(C2CCC2)CCO1)Nc1ccccc1
O=C(CCCC1=C=CCCO1)Nc1ccccc1
O=C(CCCC1=C=CCCO1)Nc1ccccc1
O=C(CCCC1=C=CCCO1)Nc1ccccc1
O=C(CCCC1=C=CCCO1)Nc1ccccc1
O=C(CCCC1=C=C(C2CC2)CCO1)Nc1ccccc1
O=C(CCCC1=C=C(C2CC2)CCO1)Nc1ccccc1
O=C(CCCC1=C=C(C2CC2)CCO1)Nc1ccccc1
O=C(CCCC1=C=CCCO1)Nc1ccccc1
O=C(CCCC1=C=CCCO1)Nc1ccccc1
O=C(CCCC1=C=CCCO1)Nc1ccccc1
O=C(CCCC1=C=CCCO1)Nc1ccccc1
O=C(CCCC1=C=CCCOC1)Nc1ccccc1
O=C(CCCC1=C=CCCOC1)Nc1ccccc1
O=C(CCCC1=C=CCCOC1=O)Nc1ccccc1
O=C(CCCC1=C=CCCOC1=O)Nc1ccccc1
O=C(CCCC1=C=CCCOC1=O)Nc1ccccc1
O=C(CCCC1=C=CCCOC1=O)Nc1ccccc1
O=C(CCCC1=C=CCCOC1=O)Nc1ccccc1
O=C(CCCC1=C=C(C2CN2)CCOC1=O)Nc1ccccc1
O=C(CCCC1=C=C(C2CN2)CCOC1=O)Nc1ccccc1
O=C(CCCC1=C(C2CN2)CCOC1=O)Nc1ccccc1
O=C(CCCC1=C(C2CN2)CCOC1=O)Nc1ccccc1
O=C(CCCC1=C(C2CC2)CCOC1=O)Nc1ccccc1
O=C(CCCC1=C(C2CC2)CCOC1=O)Nc1ccccc1
O=C(CCCC1=C(C2C=C2)CCOC1=O)Nc1ccccc1
O=C(CCCC1=CC2C=C2CCOC1=O)Nc1ccccc1
O=C(CCCC1=CC2C=C2CCOC1)Nc1ccccc1
O=C(CCCC1=CC2C=C2CCOC1)Nc1ccccc1
O=C(CCCC1=CCC2=C1OCC2)Nc1ccccc1
O=C(CCCC1=CCCC2=C1OCC2)Nc1ccccc1
O=C(CCCC1=CCCC2=C1OC2)Nc1ccccc1
O=C(CCCc1cccc2c1OC2)Nc1ccccc1
O=C(CCCc1cccc2c1OC2)Nc1ccccc1
O=C(CCCc1cccc2c1OC2)Nc1ccccc1
O=C(CCCc1cccc2c1OCC2)Nc1ccccc1
O=C(CCCc1cccc2c1OCC2)Nc1ccccc1
O=C(CCCc1cccc2c1OCC2)Nc1ccccc1
O=C(CCCc1cccc2c1OCC2)Nc1ccccc1
O=C(CCCc1cccc2c1OCC2)Nc1ccc2c(c1)COC2
O=C(CCCc1cccc2c1OCC2)Nc1ccc2c(c1)C1OC21
O=C(CCCc1cccc2c1OCC2)Nc1ccc2c(c1)CC2
O=C(CCCc1cccc2c1OCC2)Nc1ccc2c(c1)CC2
O=C(CCCc1cccc2c1OCC2)Nc1ccc2c(c1)C(=O)C2
O=C(CCCc1cccc2c1OCC2)Nc1ccc2c(c1)C(=O)C2
O=C(CCCc1cccc2c1OCC2)Nc1ccc2c(c1)CC2=O
O=C(CCCc1cccc2c1OCC2)Nc1ccc2c(c1)CC2=O
O=C(CCCc1cccc2c1OCC2)Nc1ccc2c(c1)CC2=O
O=C(CCCc1cccc2c1OCC2)Nc1ccc2c(c1)CC2=O
O=C(CCCc1cccc2c1OCC2)Nc1ccc2c(c1)CCC2=O
O=C(CCCc1cccc2c1OCC2)Nc1ccc2c(c1)C1CCC1C2=O
O=C(CCCc1cccc2c1OCC2)Nc1ccc2c(c1)C1CCC1OC2=O
O=C(CCCc1cccc2c1OCC2)Nc1ccc2c(c1)C1OCC1OC2=O
O=C(CCCc1cccc2c1OCC2)Nc1ccc2c(c1)CCOC2=O
O=C(CCCc1cccc2c1OCC2)Nc1ccc2c(=O)occc2c1
O=C(CCCc1cccc2c1OCC2)Nc1ccc2c(=O)occc2c1
O=C(CCCc1cccc2c1OCC2)Nc1ccc2c(=O)occc2c1
O=C(CCCc1cccc2c1OCC2)Nc1ccc2c(=O)occc2c1
O=C(CCCc1cccc2c1OCC2)Nc1ccc2c(=O)occc2c1
O=C(CCCc1cccc2c1OCC2)Nc1ccc2c(=O)occc2c1
O=C(CCCc1cccc2c1OCC2)Nc1ccc2c(=O)occc2c1
O=C(CCCc1cccc2c1OCC2)Nc1ccc2c(=O)oncc2c1
O=C(CCCc1cccc2c1OCC2)Nc1ccc2c(=O)oncc2c1
O=C(CCCc1cccc2c1OCC2)Nc1ccc2c(=O)oncc2c1
O=C(CCCc1cccc2c1OCC2)Nc1ccc2c(=O)oncc2c1
O=C1C=C2CCC3C4CCCC4CC(OCc4ccccc4)C3C2CC1
O=C1C=C2CCC3C4CCCC4CC(OCc4ccccc4)C3C2CC1
O=C1C=C2CCC3C4CCCC4CC(OCc4ccccc4)C3C2CC1
O=C1C=C2CCC3CCCC(OCc4ccccc4)C3C2CC1
O=C1C=C2CCC(CCCCOCc3ccccc3)CC2CC1
O=C1C=C2CCC(CCCCOCc3ccccc3)CC2CC1
O=C1C=C(CCCCCCCOCc2ccccc2)CCC1
O=C1C=C(CCCCCCCCCc2ccccc2)CCC1
O=C1C=C(CCCCCCCCCc2ccccc2)CCOC1
O=C1C=C(CCCCCCCCCc2ccccc2)CCOC1
O=C1C=C(CCCCCCCCCc2ccccc2)CCO1
O=C1C=C(CCCCCCCCCc2ccccc2)CO1
O=C1C=C(CCCCCCCCc2ccccc2)CO1
O=C1OCC=C1CCCCCc1ccccc1
O=C1OCC=C1CCCCc1ccccc1
O=C1OCC=C1CCCCCc1ccccc1
O=C1OCC=C1CCCCCc1ccccc1
O=C1OCC=C1CCCCCc1ccccc1
O=C1OCC=C1CCCCCc1ccccc1
O=C1OCC=C1CCCCc1ccccc1
O=C1C=C(CCCCCc2ccccc2)CO1
O=C1C=C(CCCCCc2ccccc2)CO1
O=C1C=C(CCCCCc2ccccc2)CO1
O=C1C=C(CCCCCc2ccccc2)CO1
O=C1C=C(CCCCCc2ccccc2)CO1
O=C1C=C(CCCCCc2ccccc2)CO1
O=C1C=C(CCCCCc2ccccc2)CO1
O=C1C=C(CCCCCc2ccccc2)CO1
O=C1C=C(CCCCCc2ccccc2)CO1
O=C1C=C(CCCCCc2ccccc2)CO1
O=C1C=C(CCCCCc2ccccc2)CO1
O=C1C=C(CCCCCc2ccccc2)CO1
O=C1C=C(CCCCCc2ccccc2)CO1
O=C1C=C(CCCCCc2ccccc2)CO1
O=C1C=C(CCCCCc2ccccc2)CO1
O=C1C=C(CCCCCc2ccccc2)CO1
O=C1C=C(CCCCCc2ccccc2)CO1
O=C1C=C(CCCCCc2ccccc2)CO1
O=C1C=C(CCCCCc2ccccc2)CO1
O=C1C=C(CCCCCc2ccccc2)CO1
O=C1C=C(CCCCCc2ccccc2)CO1
O=C1C=C(CCC(CCc2ccccc2)C(=O)NC2CCC2)CO1
O=C1C=C(CCC(CCc2ccccc2)C(=O)NC2CCC2)CO1
O=C1C=C(CCC(CCc2ccccc2)C(=O)NC2CCC2)CO1
O=C1C=C(CCC(CCc2ccccc2)C(=O)NC2CCC2)CO1
O=C1C=C(CCC(CCc2ccccc2)C(=O)NC2CCC2)CO1
O=C1C=C(CCC(CCc2ccccc2)C(=O)NC2CCC2)CO1
O=C1C=C(CCC(CCc2ccccc2)C(=O)NC2CCC2)CO1
O=C1C=C(CCC(CCc2ccccc2)C(=O)NC2CCC2)CO1
O=C1C=C(CCC(CCc2ccccc2)C(=O)NC2CCC2)CO1
O=C1C=C(CCC(CCc2ccccc2)C(=O)NNC2CCC2)CO1
O=C1C=C(CCC(CCc2ccccc2)C(=O)NNC2CCC2)CO1
O=C1C=C(CCC(CCc2ccccc2)C(=O)NNC2CC2)CO1
O=C1C=C(CCC(CCc2ccccc2)C(=O)NNC2CC2)CO1
O=C1C=C(CCC(CCc2ccccc2)C(=O)NC2CC2)CO1
O=C1C=C(CCC(CCc2ccccc2)C(=O)NC2CO2)CO1
O=C1C=C(CCCCCc2ccccc2)CO1
O=C1C=C(CCCCCc2ccccc2)CO1
O=C1C=C(CCCCCc2ccccc2)CO1
O=C1C=C(CCCCCc2ccccc2)CO1
O=C1C=C(CCCCCc2ccccc2)CO1
O=C1C=C(CCCCCc2ccccc2)CO1
O=C1C=C(CCCCCc2ccccc2)CO1
O=C1C=C(CCCCCc2ccccc2)CO1
O=C1C=C(CCCCCc2ccccc2)CO1
O=C1C=C(CCCCCc2ccccc2)CO1
O=C1C=C(CCCCCc2ccccc2)CO1
O=C1C=C(CCCCCc2ccccc2)CO1
O=C1C=C(CCCCCc2ccccc2)CO1
O=C1C=C(CCCCCc2ccccc2)CO1
O=C1C=C(CCCCCc2ccccc2)CO1
O=C1C=C(CCCCCc2ccccc2)CO1
O=C1C=C(CCCCCc2ccccc2)CO1
O=C1C=C(CCCCCc2ccccc2)CO1
O=C1C=C(CCCCCc2ccccc2)CO1
O=C1C=C(CCCCCc2ccccc2)CO1
O=C1C=C(CCCCCc2ccccc2)CO1
O=C1C=C(CCCCCc2ccccc2)CO1
O=C1C=C(CCCCCc2ccccc2)CO1
O=C1C=C(CCCCCc2ccccc2)CO1
O=C1C=C(CCCCCc2ccccc2)CO1
O=C1C=C(CCCCCc2ccccc2)CO1
O=C1C=C(CCCCCc2ccccc2)CO1
O=C1C=C(CCCCCc2ccccc2)CO1
O=C1C=C(CCCCCc2ccccc2)CO1
O=C1C=C(CCCCCc2ccccc2)CO1
O=C1C=C(CCCCCc2ccccc2)CO1
O=C1C=C(CCCCCc2ccccc2)CO1
O=C1C=C(CCCCCc2ccccc2)CO1
O=C1C=C(CCCCCc2ccccc2)CO1
O=C1C=C(CCCCCc2ccccc2)CO1
O=C1C=C(CCCCCc2ccccc2)CO1
O=C1C=C(CCCCCc2ccccc2)CO1
O=C1C=C(CCCCCc2ccccc2)CO1
O=C1C=C(CCCCCc2ccccc2)CO1
O=C1C=C(CCCCCc2ccccc2)CO1
C=C1C=C(CCCCCc2ccccc2)COC1=O
C=C1C=C(CCCCCc2ccccc2)COC1=O
C=C1C=C(CCCCCc2ccccc2)COC1=O
C=C1C=C(CCCCCc2ccccc2)COC1=O
O=C1OCC(CCCCCc2ccccc2)=C2C=C12
O=C1OCC(CCCCCc2ccccc2)=C2C=C12
O=C1OCC(CCCCCc2ccccc2)=C2C=C12
O=C1OCC(CCCCCc2ccccc2)=C2C=C12
O=C1OCC(CCCCCc2ccccc2)=C2C=C12
O=C1OCC(CCCCCc2ccccc2)=C2C=C12
O=C1OCC(CCCCCc2ccccc2)=C2C=C12
O=C1OCC(CCCCCc2ccccc2)=C2C=C12
O=C1OCC(CCCCCc2ccccc2)=C2C=C12
O=C1OCC(CCCCCCc2ccccc2)=C2C=C12
O=C1OCC(CCCCCc2ccccc2)=C2C=C12
C=C1C=C(CCCCCc2ccccc2)COC1=O
C=C1C=C(CCCCCc2ccccc2)COC1=O
C=C1C=C(CCCCCc2ccccc2)COC1=O
C=C1C=C(CCCCCc2ccccc2)COC1=O
C=C1C=C(CCCCCc2ccccc2)COC1=O
C=C1C=C(CCCCCc2ccccc2)COC1=O
C=C1C=C(CCCCCc2ccccc2)COC1=O
C=C1C=C(CCCCCc2ccccc2)COC1=O
C=C1C=C(CCCCCc2ccccc2)COC1=O
C=C1C=C(CCCCCc2ccccc2)COC1=O
C=C1C=C(CCCCCc2ccccc2)COC1=O
C=C1C=C(CCCCCc2ccccc2)COC1=O
C=C1C=C(CCCCCc2ccccc2)COC1=O
C=C1C=C(CCCCCc2ccccc2)COC1=O
C=C1C=C(CCCCCc2ccccc2)COC1=O
C=C1C=C(CCCCCc2ccccc2)COC1=O
C=C1C=C(CCCCCc2ccccc2)COC1=O
C=C1C=C(CCCCCc2ccccc2)COC1=O
O=C1C=C(CCCCCc2ccccc2)COC1=O
O=C1C=C(CCCCCc2ccccc2)COC1=O
O=C1C=C(CCCCCc2ccccc2)COC1=O
O=C1C=C(CCCCCc2ccccc2)COC1=O
O=C1C=C(CCCCCc2ccccc2)COC1=O
O=C1C=C(CCCCCc2ccccc2)COC1=O
O=C1C=C(CCCCCc2ccccc2)COC1=O
O=C1C=C(CCCCCc2ccccc2)C(=O)OC1
O=C1C=C(CCCCCc2ccccc2)C(=O)OC1
N=C1C=C(CCCCCc2ccccc2)C(=O)OC1
N=C1C=C(CCCCCc2ccccc2)C(=O)OC1
N=C1C=C(CCCCCc2ccccc2)C(=O)OC1
N=C1C=C(CCCCCc2ccccc2)C(=O)OC1
N=C1C=C(CCC(CCc2ccccc2)C(=O)NC2CC2=O)C(=O)OC1
C=C1C=C(CCC(CCc2ccccc2)C(=O)NC2CC2=O)C(=O)OC1
C=C1C=C(CCC(CCc2ccccc2)C(=O)Nc2cc2=O)C(=O)OC1
O=C1OCCC=C1CCC(CCc1ccccc1)C(=O)Nc1cc1=O
O=C1OCC=C1CCC(CCc1ccccc1)C(=O)Nc1cc1=O
O=C1OC=C1CCC(CCc1ccccc1)C(=O)Nc1cc1=O
O=C(Nc1cc1=O)C(CCC1=COC1)CCc1ccccc1
O=C(Nc1cc1=O)C(CCC1=COC1)CCc1ccccc1
O=C(Nc1cc1=O)C(CCC1=CCC1)CCc1ccccc1
O=C(Nc1cc1=O)C(CCC1=CC=C1)CCc1ccccc1
O=C(Nc1cc1=O)C(CCC1=CCC=C1)CCc1ccccc1
O=C(Nc1cc1=O)C(CCC1=CCC=C1)CCc1ccccc1
O=C(Nc1cc1=O)C(CCC1=CCCC=C1)CCc1ccccc1
O=C(Nc1cc1=O)C(CCC1=CCCCC=C1)CCc1ccccc1
O=C(Nc1cc1=O)C(CCC1=CCCC=C1)CCc1ccccc1
O=C(Nc1cc1=O)C(CCc1ccccc1)CCc1ccccc1
O=C1C=C(NC(=O)C(CCc2ccccc2)CCc2ccccc2)O1
O=C1CC=C(NC(=O)C(CCc2ccccc2)CCc2ccccc2)O1
O=C1CC=C(NC(=O)C(CCc2ccccc2)CCc2ccccc2)CO1
O=C1CC=C(NC(=O)C(CCc2ccccc2)CCc2ccccc2)CO1
O=C1CC=C(NC(=O)C(CCc2ccccc2)CCc2ccccc2)C(=O)O1
O=C1CC=C(NC(=O)C(CCc2ccccc2)CCc2ccccc2)C(=O)OC1
O=C1CC=C(NC(=O)C(CCc2ccccc2)CCc2ccccc2)COC1=O
O=C1CC=C(NC(=O)C(CCc2ccccc2)CCc2ccccc2)COC1=O
O=C1C=C(NC(=O)C(CCc2ccccc2)CCc2ccccc2)COC1=O
O=C1C=C(NC(=O)C(CCc2ccccc2)CCc2ccccc2)COC1=O
O=C1C=C(NC(=O)C(CCc2ccccc2)CCc2ccccc2)CCC1=O
O=C1C=CC(NC(=O)C(CCc2ccccc2)CCc2ccccc2)=CC1=O
O=C1C=CC(NC(=O)C(CCc2ccccc2)CCc2ccccc2)=CC1=O
O=C1C=CC(NC(=O)C(CCc2ccccc2)CCc2ccccc2)=CC1=O
O=C(Nc1ccc(=O)oc(=O)c1)C(CCc1ccccc1)CCc1ccccc1
O=C1C=CC(NC(=O)C(CCc2ccccc2)CCc2ccccc2)=CCO1
O=C1C=CC(NC(=O)C(CCc2ccccc2)CCc2ccccc2)=CCC1
O=C(NC1=CCCCC=C1)C(CCc1ccccc1)CCc1ccccc1
O=C(NC1=CC2CC2C=C1)C(CCc1ccccc1)CCc1ccccc1
O=C(NC1=CC2CCC2C=C1)C(CCc1ccccc1)CCc1ccccc1
O=C(Nc1ccc2c(c1)CC2)C(CCc1ccccc1)CCc1ccccc1
O=C(Nc1ccccc1)C(CCc1ccccc1)CCc1ccccc1
O=C(Nc1ccc2c(c1)C2)C(CCc1ccccc1)CCc1ccccc1
O=C(Nc1ccc2c(c1)C2)C(CCc1ccccc1)CCc1ccccc1
O=C(Nc1ccc2c(c1)C2)C(CCc1ccccc1)CCc1ccccc1
O=C(Nc1ccc2c(c1)CO2)C(CCc1ccccc1)CCc1ccccc1
O=C(Nc1ccc2c(c1)CO2)C(CCc1ccccc1)CCc1cc2ccc1-2
O=C(Nc1ccc2c(c1)COC2)C(CCc1ccccc1)CCc1cc2ccc1-2
O=C(Nc1ccc2c(c1)COC2)C(CCc1ccccc1)CCc1cc2ccc1-2
O=C(Nc1ccc2c(c1)COC2)C(CCc1ccccc1)CCc1ccccc1
O=C(Nc1ccc2c(c1)COC2)C(CCc1ccccc1)CCc1ccccc1
O=C(Nc1ccc2c(c1)COC2)C(CCc1ccccc1)CCc1ccccc1
N=C1OCc2cc(NC(=O)C(CCc3ccccc3)CCc3ccccc3)ccc21
O=C1OCc2cc(NC(=O)C(CCc3ccccc3)CCc3ccccc3)ccc21
C1=Cc2c(ccc3c2C(=Cc2cccc(Oc4ccccc4)c2)Oc2ccccc2-3)NC1
C1=Cc2c(ccc3c2C(=Cc2cccc(Oc4ccccc4)c2)Oc2ccccc2-3)NC1
C1=Cc2c(ccc3c2C(c2cccc(Oc4ccccc4)c2)Oc2ccccc2-3)NC1
C1=Cc2c(ccc3c2C(c2cccc(Oc4ccccc4)c2)Cc2ccccc2-3)NC1
C1=Cc2c(ccc3c2C(c2cccc(Oc4ccccc4)c2)Cc2ccccc2-3)NC1
c1ccc(Oc2cccc(C3Cc4ccccc4-c4ccc5c(c43)CCN5)c2)cc1
c1ccc(Oc2cccc(C3Cc4ccccc4-c4ccc5c(c43)CCN5)c2)cc1
c1ccc(Oc2cccc(C3Cc4ccccc4-c4ccc5c(c43)CCN5)c2)cc1
c1ccc(Oc2cccc(C3CCc4ccccc4-c4ccc5c(c43)CCN5)c2)cc1
c1ccc(Oc2cccc(C3CCCc4ccccc4-c4ccc5c(c43)CCN5)c2)cc1
c1ccc(Oc2cccc(C3CCCc4ccccc4-c4ccc5c(c43)CCN5)c2)cc1
c1ccc(Oc2cccc(C3CCCc4ccccc4-c4ccc5c(c43)CCN5)c2)cc1
c1ccc(Oc2cccc(C3CCCc4ccccc4-c4ccc5c(c43)CCN5)c2)cc1
c1ccc(Oc2cccc(C3CCCc4ccccc4-c4ccc5c(c43)CCN5)c2)cc1
c1ccc(Oc2cccc(C3CCCc4ccccc4-c4ccc5c(c43)CCN5)c2)cc1
c1ccc(Oc2cccc(C3CCCc4ccccc4-c4ccc5c(c43)CCN5)c2)cc1
c1ccc(Cc2cccc(C3CCCc4ccccc4-c4ccc5c(c43)CCN5)c2)cc1
c1ccc(Cc2cccc(C3CCCc4ccccc4-c4ccc5c(c43)CCN5)c2)cc1
c1ccc(-c2cccc(C3CCCc4ccccc4-c4ccc5c(c43)CCN5)c2)cc1
C(C=C1CC(c2cccc(-c3ccccc3)c2)CCCc2ccccc21)=C1CCCN1
C(=C1CCCN1)C1CC(c2cccc(-c3ccccc3)c2)CCCc2ccccc21
C(=C1CCCN1)C1c2ccccc2CCCC1c1cccc(-c2ccccc2)c1
C(=C1CCN1)C1c2ccccc2CCCC1c1cccc(-c2ccccc2)c1
C=C1CCN1CC1c2ccccc2CCCC1c1cccc(-c2ccccc2)c1
c1ccc(-c2cccc(C3CCCc4ccccc4C3CN3CCC3)c2)cc1
c1ccc(-c2cccc(C3CCCc4ccccc4C3CN3CC(CC4CC4)C3)c2)cc1
c1ccc(-c2cccc(C3CCCc4ccccc4C3CN3CC(CCC4CC4)C3)c2)cc1
c1ccc(-c2cccc(C3CCCc4ccccc4C3CCN3CC(CCC4CC4)C3)c2)cc1
c1ccc(-c2cccc(C3CCCc4ccccc4C3CCN3CCC(CCC4CC4)C3)c2)cc1
c1ccc(-c2cccc(NC3CCCc4ccccc4C3CCN3CCC(CCC4CC4)C3)c2)cc1
c1ccc(-c2cccc(NC3CCCc4ccccc4C3CCN3CCC(CCCC4CC4)C3)c2)cc1
c1ccc(-c2cccc(NC3CCCc4ccccc4N3CCN3CCC(CCCC4CC4)C3)c2)cc1
c1ccc(-c2cccc(NC3CCCc4ccccc4N3CCC3CCC(CCCC4CC4)C3)c2)cc1
c1ccc(-c2cccc(NC3CCCc4ccccc4N3CCC3CCC(CCCC4CC4)C3)c2)cc1
c1ccc(-c2cccc(CC3CCCc4ccccc4N3CCC3CCC(CCCC4CC4)C3)c2)cc1
c1ccc(-c2cccc(CC3CCCc4ccccc4N3CCC3CCC(CCCC4CC4)C3)c2)cc1
c1ccc(-c2cccc(CC3CCCc4ccccc4N(CCC4CCC(CCCC5CC5)C4)C3)c2)cc1
c1ccc(-c2cccc(CC3CCCc4ccccc4N(CCC4CCC(CCCC5CC5)C4)C3)c2)cc1
c1ccc(-c2cccc(-c3ccc4c(c3)N(CCC3CCC(CCCC5CC5)C3)CCCCC4)c2)cc1
c1ccc(-c2cccc(-c3ccc4c(c3)N(CCC3CCC(CCCC5CC5)CC3)CCCCC4)c2)cc1
c1ccc(-c2cccc(-c3ccc4c(c3)N(CCC3CCC(CCCC5CC5)CC3)CCCC4)c2)cc1
c1ccc(-c2cccc(-c3ccc4c(c3)N(CC3CCC(CCCC5CC5)CC3)CCCC4)c2)cc1
c1ccc(-c2cccc(-c3ccc4c(c3)N(CC3CCC(CCCC5CCC5)CC3)CCCC4)c2)cc1
c1ccc(-c2cccc(-c3ccc4c(c3)N(CC3CCCC(CCCC5CCC5)CC3)CCCC4)c2)cc1
c1ccc(-c2cccc(-c3ccc4c(c3)N(CC3CCCC(CCCC5CC5)CC3)CCCC4)c2)cc1
c1ccc(-c2cccc(-c3ccc4c(c3)N(CC3CCCCC(CCCC5CC5)CC3)CCCC4)c2)cc1
c1ccc(-c2cccc(-c3ccc4c(c3)N(CC3CCCCC(CCCC5CC5)CC3)CCCC4)c2)cc1
c1ccc(-c2cccc(-c3ccc4c(c3)N(CC3CCCC(CCCC5CC5)CC3)CCCC4)c2)cc1
c1ccc(-c2cccc(-c3ccc4c(c3)N(CC3CCCC(CCCC5CC5)CC3)CCCC4)c2)cc1
c1ccc(-c2ccc(-c3ccc4c(c3)N(CC3CCCC(CCCC5CC5)CC3)CCCC4)cc2)cc1
c1ccc(-c2ccc(-c3ccc4c(c3)N(CC3CCCC(CCCC5CC5)CC3)CCCC4)cc2)cc1
c1ccc(-c2ccc(-c3ccc4c(c3)N(C3CCCC(CCCC5CC5)CC3)CCCC4)cc2)cc1
c1ccc(-c2ccc(-c3ccc4c(c3)N(C3CCC(CCCC5CC5)CC3)CCCC4)cc2)cc1
c1ccc(-c2ccc(-c3ccc4c(c3)N(C3CCC(CCCC5CC5)C3)CCCC4)cc2)cc1
c1ccc(-c2ccc(-c3ccc4c(c3)N(C3CCCC(CCCC5CC5)C3)CCCC4)cc2)cc1
c1ccc(-c2ccc(-c3ccc4c(c3)N(C3CCCC(CCCC5CC5)C3)CCC4)cc2)cc1
c1ccc(-c2ccc(-c3ccc4c(c3)N(C3CCCCC(CCCC5CC5)C3)CCC4)cc2)cc1
c1ccc(-c2ccc(-c3ccc4c(c3)N(C3CCCCC(CCCC5CC5)C3)CCC4)cc2)cc1
c1ccc(-c2ccc(-c3ccc4c(c3)N(C3CCCCC(CCCC5CC5)C3)CCC4)cc2)cc1
c1ccc(-c2ccc(-c3ccc4c(c3)N(C3CCCCC(CCCC5CC5)C3)CCC4)cc2)cc1
c1ccc(-c2ccc(-c3ccc4c(c3)N(C3CCCC(CCCC5CC5)C3)CCC4)cc2)cc1
c1ccc(-c2ccc(-c3ccc4c(c3)N(C3CCCC(CCCC5CC5)C3)CCC4)cc2)cc1
c1ccc(-c2ccc(-c3ccc4c(c3)N(C3CCCCC(CCCC5CC5)C3)CCC4)cc2)cc1
c1ccc(-c2ccc(-c3ccc4c(c3)N(C3CCCCC(CCCC5CC5)C3)CCC4)cc2)cc1
c1ccc(-c2ccc(-c3ccc4c(c3)C(C3CCCCC(CCCC5CC5)C3)CCC4)cc2)cc1
c1ccc(-c2ccc(-c3ccc4c(c3)C(C3CCCCC(CCCC5CC5)C3)CCC4)cc2)cc1
c1ccc(-c2ccc(-c3ccc4c(c3)C(C3CCCCC(CCCC5CC5)C3)CC4)cc2)cc1
c1ccc(-c2ccc(-c3ccc4c(c3)C(C3CCCCCC(CCCC5CC5)C3)CC4)cc2)cc1
c1ccc(-c2ccc(-c3ccc4c(c3)CC3C(CCCCCC3CCCC3CC3)CCC4)cc2)cc1
c1ccc(-c2ccc(-c3ccc4c(c3)CC3C(CCCCC3CCCC3CC3)CCC4)cc2)cc1
c1ccc(-c2ccc(-c3ccc4c(c3)CC3C(CCCC5CC5)CCCCC3CC4)cc2)cc1
C1=C2CCc3ccc(-c4ccc(-c5ccccc5)cc4)cc3CC2C(CCCC2CC2)CCC1
C1=C2CCc3ccc(-c4ccc(-c5ccccc5)cc4)cc3CC2C(CCCC2CC2)CCCC1
C1=C2CCCCC(CCCC3CC3)C2Cc2cc(-c3ccc(-c4ccccc4)cc3)ccc2CC1
C1=C2CCCC(CCCC3CC3)C2Cc2cc(-c3ccc(-c4ccccc4)cc3)ccc2CC1
C1=C2CCCC(CCCC3CCC3)C2Cc2cc(-c3ccc(-c4ccccc4)cc3)ccc2CC1
C1=C2CCCC(CCCC3CCCC3)C2Cc2cc(-c3ccc(-c4ccccc4)cc3)ccc2CC1
C1=C2CCCC(CCCC3CCCC3)C2Cc2cc(-c3ccc(-c4ccccc4)cc3)ccc2C1
C1=C2CCCC(CCCC3CCC(c4ccccc4)C3)C2Cc2cc(-c3ccccc3)ccc2C1
C1=C2CCCC(CCCC3CCN(c4ccccc4)C3)C2Cc2cc(-c3ccccc3)ccc2C1
C1=C2CCCC(CCCC3CCN(c4ccccc4)C3)C2Cc2cc(-c3ccccc3)ccc2C1
C1=C2CCCC(CCCC3CCN(c4ccccc4)C3)C2Cc2cc(-c3ccccc3)ccc2C1
C1=C2CCCC(CCCC3CCN(c4ccccc4)CC3)C2Cc2cc(-c3ccccc3)ccc2C1
C1=C2CCCC(CCCC3CCN(c4ccccc4)CC3)C2Cc2cc(-c3ccccc3)ccc21
C1=C2CCCC(CCCC3CCN(c4ccccc4)CC3)C2Cc2cc(-c3ccccc3)ccc21
C1=C2CCCC(CCCC3CCN(c4ccccc4)CC3)C2Cc2ccccc21
C1=C2CCCC(CCCC3CCN(c4ccccc4)CC3)C2Cc2ccccc21
C1=C2CCCC(CCCC3CCN(c4ccccc4)CC3)C2Cc2ccccc21
C1=C2CCCC(CCCC3CCN(c4ccccc4)CC3)C2Cc2ccccc21
C1=C2CCCC(CCCC3CCN(c4ccccc4)CC3)C2Cc2ccccc21
C1=C2CCCCC(CCCC3CCN(c4ccccc4)CC3)C2Cc2ccccc21
C1=C2CCCCC(CCCC3CCN(c4ccccc4)CC3)C2Cc2ccccc21
C1=C2CCCC(CCCC3CCN(c4ccccc4)CC3)C2Cc2ccccc21
C1=C2CCCC(CCCC3CCN(c4ccccc4)CC3)C2Cc2ccccc21
C1=CC2=C(C=C3CCCC(CCCC4CCN(c5ccccc5)CC4)C3C2)C1
C1=CC2=C(C=C3CCCC(CCCC4CCN(c5ccccc5)C4)C3C2)C1
C1=CC2=C1C=C1CCCC(CCCC3CCN(c4ccccc4)C3)C1C2
C1=CC2=C1C=C1CCCC(CCCC3CN(c4ccccc4)C3)C1C2
C1=C2CCCC(CCCC3CN(c4ccccc4)C3)C2Cc2cc[nH]c21
C1=C2CCCC(CCCC3CCN(c4ccccc4)C3)C2Cc2cc[nH]c21
C1=C2CCCC(CCCC3CCN(c4ccccc4)C3)C2Cc2cc[nH]c21
C1=C2CCCC(CCCC3CCN(c4ccccc4)CC3)C2Cc2cc[nH]c21
C1=C2CCCC(CCCC3CCN(c4ccccc4)CC3)C2Cc2cc[nH]c21
C1=C2CCCC(CCCC3CCNCC3)C2Cc2ccn(-c3ccccc3)c21
C1=C2CCCC(CCCC3CCCNCC3)C2Cc2ccn(-c3ccccc3)c21
C1=C2CCCC(CCCC3CCCNCC3)C2Cc2ccn(-c3ccccc3)c21
C1=C2CCCC(CCCC3CCCNC3)C2Cc2ccn(-c3ccccc3)c21
C1=C2CCCC(CCCC3CCCCC3)C2Cc2ccn(-c3ccccc3)c21
C1=C2CCCC(CCCC3CCCC3)C2Cc2ccn(-c3ccccc3)c21
C1=C2CCCC(CCCC3CCC3)C2Cc2ccn(-c3ccccc3)c21
C1=C2CCCC(CCCC3CC3)C2Cc2ccn(-c3ccccc3)c21
C1=C2CCCC(CCCC3CC3)C2Cc2cnn(-c3ccccc3)c21
C1=Cc2c(ccc3c2C(=Cc2cccc(Oc4ccccc4)c2)Oc2ccccc2-3)NC1
C(=C1Oc2ccccc2-c2ccccc21)c1cccc(Oc2ccccc2)c1
c1ccc(Oc2cccc(C3Oc4ccccc4-c4ccccc43)c2)cc1
c1ccc(Oc2cccc(C3Oc4ccccc4-c4ccccc43)c2)cc1
c1ccc(Oc2ccc(C3Oc4ccccc4-c4ccccc43)cc2)cc1
c1ccc(Oc2ccc(C3Oc4ccccc4-c4ccccc43)cc2)cc1
C1=C2C(=CC1)C(c1ccc(Oc3ccccc3)cc1)Oc1ccccc12
C1=C2C(=CC1)C(c1ccc(Oc3ccccc3)cc1)Oc1ccccc12
C1=C2C3=C(C1)COc1cccc(c13)OC2c1ccc(Oc2ccccc2)cc1
C1=C2C3=C(C1)CCOc1cccc(c13)OC2c1ccc(Oc2ccccc2)cc1
C1=C2CC(c3ccc(Oc4ccccc4)cc3)Oc3cccc(c32)OCC1
C1=C2CC(c3ccc(Oc4ccccc4)cc3)Nc3cccc(c32)OCC1
C1=C2CC(c3ccc(Oc4ccccc4)cc3)Cc3cccc(c32)OCC1
C1=C2CC(c3ccc(Oc4ccccc4)cc3)Cc3cccc(c32)OCC1
C1=C2CC(c3ccc(Oc4ccccc4)cc3)Cc3cccc(c32)OCC1
c1ccc(Oc2ccc(C3Cc4cccc5c4C(CCO5)C3)cc2)cc1
c1ccc(Oc2ccc(C3CCC4CCOc5cccc(c54)C3)cc2)cc1
c1ccc(Oc2ccc(C3CCCc4c(ccc5c4OCC5)C3)cc2)cc1
C1=C(C2=CCCO2)CCCC(c2ccc(Oc3ccccc3)cc2)C1
C1=C(C2=CCCO2)CCCC(c2ccc(Oc3ccccc3)cc2)C1
C1=C(C2=CCCO2)CCCC(c2ccc(Oc3ccccc3)cc2)C1
C1=C(C2=CCCO2)CCCC(c2ccc(Oc3ccccc3)cc2)C1
C1=C(C2=CCCO2)CCCC(c2ccc(Oc3ccccc3)cc2)C1
C1=C(C2=CCCO2)CCCC(c2ccc(Oc3ccccc3)cc2)C1
C1=C(C2=CCCO2)CCCC(c2ccc(COc3ccccc3)cc2)C1
C1=C(C2=CCCO2)CCCC(c2ccc(COc3ccccc3)cc2)C1
C1=C(C2=CCCO2)CCCC(c2ccc(COc3ccccc3)cc2)C1
C1=C(C2=CCCO2)CCCC(c2ccc(COc3ccccc3)cc2)C1
C1=C(C2=CCCO2)CCCC(c2ccc(COc3ccccc3)cc2)C1
C1=C(C2=CCCO2)CCCC(c2ccc(COc3ccccc3)cc2)C1
C1=C(C2=CCCO2)CCCC(c2ccc(COc3ccccc3)cc2)C1
C1=C(C2=CCCO2)CCCC(c2ccc(COc3ccccc3)cc2)C1
C1=C(C2=CCCO2)CCCC(c2ccc(COc3ccccc3)cc2)C1
C1=C(C2=CCCCO2)CCCC(c2ccc(COc3ccccc3)cc2)C1
C1=C(C2=CCCCO2)CCCC(c2ccc(COc3ccccc3)cc2)C1
C1=C(C2=CCCCO2)CCCC(c2ccc(COc3ccccc3)cc2)C1
C1=C(C2CCCO2)CCCC(c2ccc(COc3ccccc3)cc2)C1
C1=C(C2CCCO2)CCCC(c2ccc(COc3ccccc3)cc2)C1
C=C(C1CCC(c2ccc(COc3ccccc3)cc2)CC1)C1CCCO1
C=C(C1CCC(c2ccc(COc3ccccc3)cc2)CC1)C1CCCO1
C=C(C1CCC(c2ccc(COc3ccccc3)cc2)CC1)C1CCCO1
C=C(C1CCC(c2ccc(COc3ccccc3)cc2)CC1)C1CCCO1
C=C(C1CCC(c2ccc(COc3ccccc3)cc2)CC1)C1CCCO1
C=C(C1CCC(c2ccc(COc3ccccc3)cc2)CC1)C1CCCO1
C=C(C1CCC(c2ccc(COc3ccccc3)cc2)CC1)C1CCCO1
C=C(C1CCC(c2ccc(COc3ccccc3)cc2)CC1)C1CCCO1
C=C(C1CCC(c2ccc(COc3ccccc3)cc2)CC1)C1CCCO1
C=C(C1CCC(c2ccc(COc3ccccc3)cc2)CC1)C1CCCO1
O=C(C1CCC(c2ccc(COc3ccccc3)cc2)CC1)C1CCCO1
O=C(C1CCC(c2ccc(COc3ccccc3)cc2)CC1)C1CCCO1
O=C(C1CCCO1)N1CCC(c2ccc(COc3ccccc3)cc2)CC1
O=C(C1CCCO1)N1CCC(c2ccc(COc3ccccc3)cc2)C1
O=C(C1CCCO1)N1CCC(c2ccc(COc3ccccc3)cc2)C1
O=C(C1CCCO1)N1CCC(c2ccc(COc3ccccc3)cc2)C1
O=C(C1CCCO1)N1CCC(c2ccc(COc3ccccc3)cc2)C1
O=C(C1CCCO1)N1CCCC(c2ccc(COc3ccccc3)cc2)C1
O=C(C1CCCO1)N1CCCC(c2ccc(COc3ccccc3)cc2)C1
O=C(C1CCCO1)N1CCCC(c2ccc(COc3ccccc3)cc2)C1
O=C(NCC(Oc1ccccc1)c1ccc(C2CCCN(C(=O)C3CCCO3)C2)cc1)C1CC1
O=C(NCC(Oc1ccccc1)c1ccc(C2CCCN(C(=O)C3CCCO3)C2)cc1)C1CC1
O=C(NCC(Oc1ccccc1)c1ccc(C2CCCN(C(=O)C3CCCO3)C2)cc1)C1CC1
O=C(NCC(Oc1ccccc1)c1ccc(C2CCCN(C(=O)C3CCCO3)CC2)cc1)C1CC1
O=C(NCC(Oc1ccccc1)c1ccc(C2CCCN(C(=O)C3CCCO3)CC2)cc1)C1CC1
O=C(NCC(Oc1ccccc1)c1ccc(C2CCCN(C(=O)C3CCCO3)C2)cc1)C1CC1
O=C(OC1CC1)c1ccc(OC(CNC(=O)C2CC2)c2ccc(C3CCCN(C(=O)C4CCCO4)C3)cc2)cc1
O=C(OC1CC1)c1ccc(OC(CNC(=O)C2CC2)c2ccc(C3CCCN(C(=O)C4CCCCO4)C3)cc2)cc1
O=C(OC1CC1)c1ccc(OC(CNC(=O)C2CCO2)c2ccc(C3CCCN(C(=O)C4CCCCO4)C3)cc2)cc1
O=C(OC1CC1)c1ccc(OC(CNC(=O)C2CCCO2)c2ccc(C3CCCN(C(=O)C4CCCCO4)C3)cc2)cc1
O=C(OC1CC1)c1ccc(OC(CNC(=O)C2CCCO2)c2ccc(C3CCCN(C(=O)C4CCCO4)C3)cc2)cc1
O=C(OC1CC1)c1ccc(OC(CNC(=O)C2CCCO2)c2ccc(C3CCCN(C(=O)C4CCO4)C3)cc2)cc1
O=C(OC1CCC1)c1ccc(OC(CNC(=O)C2CCCO2)c2ccc(C3CCCN(C(=O)C4CCO4)C3)cc2)cc1
O=C(OC1CCCC1)c1ccc(OC(CNC(=O)C2CCCO2)c2ccc(C3CCCN(C(=O)C4CCO4)C3)cc2)cc1
O=C(OC1CCCC1)c1ccc(OC(CNC(=O)C2CCCO2)c2ccc(C3CCCN(C(=O)C4CCOC4)C3)cc2)cc1
O=C(OC1CCCC1)c1ccc(OC(CNC(=O)C2CCCO2)c2ccc(C3CCCCN(C(=O)C4CCOC4)C3)cc2)cc1
O=C(OC1CCCC1)c1ccc(OC(CNC(=O)C2CCCO2)c2ccc(C3CCCCN(C(=O)C4CCCC4)C3)cc2)cc1
O=C(OC1CCCCC1)c1ccc(OC(CNC(=O)C2CCCO2)c2ccc(C3CCCCN(C(=O)C4CCCC4)C3)cc2)cc1
O=C(OC1CCCCC1)c1ccc(OC(CNC(=O)C2CCCCO2)c2ccc(C3CCCCN(C(=O)C4CCCC4)C3)cc2)cc1
O=C(OC1CCCCC1)c1ccc(OC(CNC(=O)C2CCCCO2)c2ccc(C3CCCCN(C(=O)C4CCCCC4)C3)cc2)cc1
O=C(OC1CCCCC1)c1ccc(OC(CNC(=O)C2CCCCO2)c2ccc(C3CCCN(C(=O)C4CCCCC4)C3)cc2)cc1
O=C(OC1CCCC1)c1ccc(OC(CNC(=O)C2CCCCO2)c2ccc(C3CCCN(C(=O)C4CCCCC4)C3)cc2)cc1
O=C(OC1CCCC1)c1ccc(OC(CNC(=O)C2CCCCO2)c2ccc(C3CCCN(C(=O)C4CCCCCC4)C3)cc2)cc1
O=C(OC1CCCC1)c1ccc(OC(CNC(=O)C2CCCCO2)c2ccc(C3CCCN(C(=O)C4CCCCCCC4)C3)cc2)cc1
O=C(OC1CCCCC1)c1ccc(OC(CNC(=O)C2CCCCO2)c2ccc(C3CCCN(C(=O)C4CCCCCCC4)C3)cc2)cc1
O=C(OC1CCCCC1)c1ccc(OC(CNC(=O)C2CCCCO2)c2ccc(C3CCCCC(C(=O)N4CCCCC4)CC3)cc2)cc1
O=C(OC1CCCCCC1)c1ccc(OC(CNC(=O)C2CCCCO2)c2ccc(C3CCCCC(C(=O)N4CCCCC4)CC3)cc2)cc1
O=C(OC1CCCCCC1)c1ccc(OC(CNC(=O)C2CCCO2)c2ccc(C3CCCCC(C(=O)N4CCCCC4)CC3)cc2)cc1
O=C(OC1CCCCC1)c1ccc(OC(CNC(=O)C2CCCO2)c2ccc(C3CCCCC(C(=O)N4CCCCC4)CC3)cc2)cc1
O=C(OC1CCCCC1)c1ccc(OC(CNC(=O)C2CCCO2)c2ccc(C3CCCC(C(=O)N4CCCCC4)CC3)cc2)cc1
O=C(OC1CCCCC1)c1ccc(OC(CNC(=O)C2CCCO2)c2ccc(C3CCCC(C(=O)N4CCCCCC4)CC3)cc2)cc1
O=C(OC1CCCCC1)c1ccc(OC(CNC(=O)C2CCCO2)c2ccc(C3CCC(C(=O)N4CCCCCC4)CC3)cc2)cc1
O=C(OC1CCCCC1)c1ccc(OC(CNC(=O)C2CCCCO2)c2ccc(C3CCC(C(=O)N4CCCCCC4)CC3)cc2)cc1
O=C(OC1CCCCC1)c1ccc(OC(CNC(=O)C2CCCCO2)c2ccc(C3CCC(C(=O)N4CCCCC4)CC3)cc2)cc1
O=C(OC1CCCC1)c1ccc(OC(CNC(=O)C2CCCCO2)c2ccc(C3CCC(C(=O)N4CCCCC4)CC3)cc2)cc1
O=C(OC1CCC1)c1ccc(OC(CNC(=O)C2CCCCO2)c2ccc(C3CCC(C(=O)N4CCCCC4)CC3)cc2)cc1
O=C(OC1CCC1)c1ccc(OC(CNC(=O)C2CCCCO2)c2ccc(C3CCC(C(=O)N4CCCCC4)CC3)cc2)cc1
O=C(OC1CCC1)c1ccc(OC(CNC(=O)C2CCCCCO2)c2ccc(C3CCC(C(=O)N4CCCCC4)CC3)cc2)cc1
O=C(OC1CCC1)c1ccc(OC(CNC(=O)C2CCCCCO2)c2ccc(C3CCC(C(=O)N4CCCCCC4)CC3)cc2)cc1
O=C(OC1CCC1)c1ccc(OC(CNC(=O)C2CCCCCO2)c2ccc(C3CCC(C(=O)N4CCCCCC4)CC3)cc2)cc1
O=C(OC1CCC1)c1ccc(OC(CNC(=O)C2CCCCCO2)c2ccc(C3CCC(C(=O)N4CCCCCCC4)CC3)cc2)cc1
O=C(OC1CCC1)c1ccc(OC(CNC(=O)C2CCCCO2)c2ccc(C3CCC(C(=O)N4CCCCCCC4)CC3)cc2)cc1
O=C(OC1CCC1)c1ccc(OC(CNC(=O)C2CCCCO2)c2ccc(C3CCC(C(=O)N4CCCCCC4)CC3)cc2)cc1
O=C(OC1CCC1)c1ccc(OC(CNC(=O)C2CCCCO2)c2ccc(C3CCCC(C(=O)N4CCCCCC4)CC3)cc2)cc1
O=C(OC1CCC1)c1ccc(OC(CNC(=O)C2CCCCO2)c2ccc(C3CCCCC(C(=O)N4CCCCCC4)CC3)cc2)cc1
O=C(OC1CC1)c1ccc(OC(CNC(=O)C2CCCCO2)c2ccc(C3CCCCC(C(=O)N4CCCCCC4)CC3)cc2)cc1
O=C(OC1CC1)c1ccc(OC(CNC(=O)C2CCCO2)c2ccc(C3CCCCC(C(=O)N4CCCCCC4)CC3)cc2)cc1
O=C(OC1CC1)c1ccc(OC(CNC(=O)C2CCCO2)c2ccc(C3CCCC(C(=O)N4CCCCCC4)CC3)cc2)cc1
O=C(OC1CC1)c1ccc(OC(CNC(=O)C2CCCCO2)c2ccc(C3CCCC(C(=O)N4CCCCCC4)CC3)cc2)cc1
O=C(OC1CC1)c1ccc(OC(CNC(=O)C2CCCCO2)c2ccc(C3CCCC(C(=O)N4CCCCCC4)CCC3)cc2)cc1
O=C(OC1CCC1)c1ccc(OC(CNC(=O)C2CCCCO2)c2ccc(C3CCCC(C(=O)N4CCCCCC4)CCC3)cc2)cc1
O=C(OC1CCCC1)c1ccc(OC(CNC(=O)C2CCCCO2)c2ccc(C3CCCC(C(=O)N4CCCCCC4)CCC3)cc2)cc1
O=C(OC1CCCC1)c1ccc(OC(CNC(=O)C2CCCCCO2)c2ccc(C3CCCC(C(=O)N4CCCCCC4)CCC3)cc2)cc1
O=C(OC1CCCC1)c1ccc(OC(CNC(=O)C2CCCCCO2)c2ccc(C3CCCC(C(=O)N4CCCCCC4)CC3)cc2)cc1
O=C(OC1CCCCC1)c1ccc(OC(CNC(=O)C2CCCCCO2)c2ccc(C3CCCC(C(=O)N4CCCCCC4)CC3)cc2)cc1
O=C(OC1CCCCC1)c1ccc(OC(CNC(=O)C2CCCCO2)c2ccc(C3CCCC(C(=O)N4CCCCCC4)CC3)cc2)cc1
O=C(OC1CCCCC1)c1ccc(OC(CNC(=O)C2CCCCO2)c2ccc(C3CCCC(C(=O)N4CCCCCCC4)CC3)cc2)cc1
O=C(OC1CCCCC1)c1ccc(OC(CNC(=O)C2CCCCO2)c2ccc(C3CCC(C(=O)N4CCCCCCC4)CC3)cc2)cc1
O=C(OC1CCCCC1)c1ccc(OC(CNC(=O)C2CCCCO2)c2ccc(C3CCC(C(=O)N4CCCCCCC4)CC3)cc2)cc1
O=C(OC1CCCC1)c1ccc(OC(CNC(=O)C2CCCCO2)c2ccc(C3CCC(C(=O)N4CCCCCCC4)CC3)cc2)cc1
O=C(OC1CCCC1)c1ccc(OC(CNC(=O)C2CCCCO2)c2ccc(C3CCCC(C(=O)N4CCCCCCC4)CC3)cc2)cc1
O=C(OC1CCCC1)c1ccc(OC(CNC(=O)C2CCCCO2)c2ccc(C3CCCC(C(=O)N4CCCCCC4)CC3)cc2)cc1
O=C(OC1CCCC1)c1ccc(OC(CNC(=O)C2CCCCO2)c2ccc(C3CCCCC(C(=O)N4CCCCCC4)CC3)cc2)cc1
O=C(OC1CCC1)c1ccc(OC(CNC(=O)C2CCCCO2)c2ccc(C3CCCCC(C(=O)N4CCCCCC4)CC3)cc2)cc1
O=C(OC1CCC1)c1ccc(OC(CNC(=O)C2CCCCO2)c2ccc(C3CCCC(C(=O)N4CCCCCC4)CC3)cc2)cc1
O=C(OC1CCC1)c1ccc(OC(CNC(=O)C2CCCCO2)c2ccc(C3CCCC(C(=O)N4CCCCCC4)CCC3)cc2)cc1
O=C(OC1CCC1)c1ccc(OC(CNC(=O)C2CCCCO2)c2ccc(C3CCCC(C(=O)N4CCCCCC4)CCC3)cc2)cc1
O=C(OC1CCC1)c1ccc(OC(CNC(=O)C2CCCCO2)c2ccc(C3CCCC(C(=O)N4CCCCCC4)CC3)cc2)cc1
O=C(OC1CCC1)c1ccc(OC(CNC(=O)C2CCCCO2)c2ccc(C3CCCC(C(=O)N4CCCCCCC4)CC3)cc2)cc1
O=C(OC1CCC1)c1ccc(OC(CNC(=O)C2CCCCO2)c2ccc(C3CCCC(C(=O)N4CCCCCCC4)CC3)cc2)cc1
O=C(OC1CCC1)c1ccc(OC(CNC(=O)C2CCCCCO2)c2ccc(C3CCCC(C(=O)N4CCCCCCC4)CC3)cc2)cc1
O=C(OC1CCC1)c1ccc(OC(CNC(=O)C2CCCCCCO2)c2ccc(C3CCCC(C(=O)N4CCCCCCC4)CC3)cc2)cc1
O=C(OC1CCCC1)c1ccc(OC(CNC(=O)C2CCCCCCO2)c2ccc(C3CCCC(C(=O)N4CCCCCCC4)CC3)cc2)cc1
O=C(OC1CCCC1)c1ccc(OC(CNC(=O)C2CCCCCCO2)c2ccc(C3CCCC(C(=O)N4CCCCCCC4)CCC3)cc2)cc1
O=C(OC1CCCC1)c1ccc(OC(CNC(=O)C2CCCCCCO2)c2ccc(C3CCCC(C(=O)N4CCCCCCC4)CCC3)cc2)cc1
O=C(OC1CCCC1)c1ccc(OC(CNC(=O)C2CCCCCCO2)c2ccc(C3CCCC(C(=O)N4CCCCCCC4)CC3)cc2)cc1
O=C(OC1CCCC1)c1ccc(OC(CNC(=O)C2CCCCCCO2)c2ccc(C3CCCCN(C(=O)C4CCCCCC4)CC3)cc2)cc1
O=C(OC1CCCC1)c1ccc(OC(CNC(=O)C2CCCCCCO2)c2ccc(C3CCCCN(C(=O)C4CCCCCC4)C3)cc2)cc1
O=C(OC1CCCC1)c1ccc(OC(CNC(=O)C2CCCCCO2)c2ccc(C3CCCCN(C(=O)C4CCCCCC4)C3)cc2)cc1
O=C(OC1CCCC1)c1ccc(OC(CNC(=O)C2CCCCO2)c2ccc(C3CCCCN(C(=O)C4CCCCCC4)C3)cc2)cc1
O=C(OC1CCCC1)c1ccc(OC(CNC(=O)C2CCCCO2)c2ccc(C3CCCCN(C(=O)C4CCCCC4)C3)cc2)cc1
O=C(OC1CCCC1)c1ccc(OC(CNC(=O)C2CCCCO2)c2ccc(C3CCCCN(C(=O)C4CCCC4)C3)cc2)cc1
O=C(OC1CCCC1)c1ccc(OC(CNC(=O)C2CCCCO2)c2ccc(C3CCCCN(C(=O)C4CCC4)C3)cc2)cc1
O=C(OC1CCCC1)c1ccc(OC(CNC(=O)C2CCCCO2)c2ccc(C3CCCCN(C(=O)C4CCCO4)C3)cc2)cc1
O=C(OC1CCCC1)c1ccc(OC(CNC(=O)C2CCCCO2)c2ccc(C3CCCN(C(=O)C4CCCO4)C3)cc2)cc1
O=C(OC1CCCC1)c1ccc(OC(CNC(=O)C2CCCCO2)c2ccc(C3CCCN(C(=O)C4CCOC4)C3)cc2)cc1
O=C(OC1CCCC1)c1ccc(OC(CNC(=O)C2CCCCO2)c2ccc(C3CCCN(C(=O)C4CCOCC4)C3)cc2)cc1
O=C(OC1CCCCC1)c1ccc(OC(CNC(=O)C2CCCCO2)c2ccc(C3CCCN(C(=O)C4CCOCC4)C3)cc2)cc1
O=C(OC1CCCCC1)c1ccc(OC(CNC(=O)C2CCCCO2)c2ccc(C3CCCN(C(=O)C4CCOC4)C3)cc2)cc1
O=C(OC1CCCCC1)c1ccc(OC(CNC(=O)C2CCCCCO2)c2ccc(C3CCCN(C(=O)C4CCOC4)C3)cc2)cc1
O=C(OC1CCCCC1)c1ccc(OC(CNC(=O)C2CCCCCO2)c2ccc(C3CCCN(C(=O)C4CCO4)C3)cc2)cc1
O=C(OC1CCCCC1)c1ccc(OC(CNC(=O)C2CCCCO2)c2ccc(C3CCCN(C(=O)C4CCO4)C3)cc2)cc1
O=C(OC1CCCCC1)c1ccc(OC(CNC(=O)C2CCCO2)c2ccc(C3CCCN(C(=O)C4CCO4)C3)cc2)cc1
O=C(OC1CCCCC1)c1ccc(OC(CNC(=O)C2CCCO2)c2ccc(C3CCCN(C(=O)C4CCOC4)C3)cc2)cc1
O=C(OC1CCCCC1)c1ccc(OC(CNC(=O)C2CCCO2)c2ccc(C3CCCCN(C(=O)C4CCOC4)C3)cc2)cc1
O=C(OC1CCCCC1)c1ccc(OC(CNC(=O)C2CCCO2)c2ccc(C3CCCCN(C(=O)C4CCCOC4)C3)cc2)cc1
O=C(OC1CCCCC1)c1ccc(OC(CNC(=O)C2CCCO2)c2ccc(C3CCCCN(C(=O)C4CCCCOC4)C3)cc2)cc1
O=C(OC1CCCC1)c1ccc(OC(CNC(=O)C2CCCO2)c2ccc(C3CCCCN(C(=O)C4CCCCOC4)C3)cc2)cc1
O=C(OC1CCC1)c1ccc(OC(CNC(=O)C2CCCO2)c2ccc(C3CCCCN(C(=O)C4CCCCOC4)C3)cc2)cc1
O=C(OC1CCC1)c1ccc(OC(CNC(=O)C2CCCO2)c2ccc(C3CCCCN(C(=O)C4CCCOC4)C3)cc2)cc1
O=C(OC1CCC1)c1ccc(OC(CNC(=O)C2CCCO2)c2ccc(C3CCCCN(C(=O)C4CCOC4)C3)cc2)cc1
O=C(OC1CCC1)c1ccc(OC(CNC(=O)C2CCCO2)c2ccc(C3CCCN(C(=O)C4CCOC4)C3)cc2)cc1
O=C1CC(C(=O)N2CCCC(c3ccc(C(CNC(=O)C4CCCO4)Oc4ccc(COC5CCC5)cc4)cc3)C2)CO1
O=C1CC(C(=O)N2CCC(c3ccc(C(CNC(=O)C4CCCO4)Oc4ccc(COC5CCC5)cc4)cc3)C2)CO1
O=C1CC(C(=O)N2CCC(c3ccc(C(CNC(=O)C4CCCO4)Oc4ccc(OC5CCC5)cc4)cc3)C2)CO1
O=C1CC(C(=O)N2CCC(c3ccc(C(CNC(=O)C4CCCO4)Oc4ccc(OC5CC5)cc4)cc3)C2)CO1
O=C1CC(C(=O)N2CCC(c3ccc(C(CNC(=O)C4CCCO4)Oc4ccccc4)cc3)C2)CO1
O=C1CC(C(=O)N2CCC(c3ccc(C(CNC(=O)C4CCCO4)Oc4ccccc4)cc3)C2)CO1
O=C1CC(C(=O)N2CCCC(c3ccc(C(CNC(=O)C4CCCO4)Oc4ccccc4)cc3)C2)CO1
O=C1CC(C(=O)N2CCCC(c3ccc(C(CNC(=O)C4CCCO4)Oc4ccccc4)cc3)C2)CO1
O=C1CC(C(=O)N2CCCC(c3ccc(C(CNC(=O)C4CCCO4)Oc4ccccc4)cc3)C2)CO1
O=C1CC(C(=O)N2CCC(c3ccc(C(CNC(=O)C4CCCO4)Oc4ccccc4)cc3)C2)CO1
O=C1CC(C(=O)N2CCC(c3ccc(C(CNC(=O)C4CCCO4)Oc4ccccc4)cc3)C2)CO1
O=C1CC(C(=O)N2CCC(c3ccc(C(CNC(=O)C4CCCO4)Oc4ccccc4)cc3)CC2)CO1
O=C1CC(C(=O)N2CCC(c3ccc(C(CNC(=O)C4CCCO4)Oc4ccccc4)cc3)CC2)CO1
O=C1CC(C(=O)N2CCCC(c3ccc(C(CNC(=O)C4CCCO4)Oc4ccccc4)cc3)CC2)CO1
O=C1CC(C(=O)N2CCCC(c3ccc(C(CNC(=O)C4CCCO4)Oc4ccccc4)cc3)CC2)CO1
O=C1CC(C(=O)N2CCCC(c3ccc(C(CNC(=O)C4CCCO4)Oc4ccccc4)cc3)CC2)CO1
O=C1CC(C(=O)N2CCC(c3ccc(C(CNC(=O)C4CCCO4)Oc4ccccc4)cc3)CC2)CO1
O=C1CC(C(=O)N2CCC(c3ccc(C(CNC(=O)C4CCCO4)Oc4ccccc4)cc3)CC2)CO1
O=C1CC(C(=O)N2CCC(c3ccc(C(CNC(=O)C4CCCO4)Oc4ccccc4)cc3)CC2)CO1
O=C1CC(C(=O)N2CCC(c3ccc(C(CNC(=O)C4CCCO4)Oc4ccccc4)cc3)C2)CO1
O=C1CC(C(=O)N2CCC(c3ccc(C(CNC(=O)C4CCCO4)Oc4ccccc4)cc3)C2)CO1
O=C1CC(C(=O)N2CCC(c3ccc(C(CNC(=O)C4CCCO4)Oc4ccccc4)cc3)C2)CO1
O=C1CC(C(=O)N2CCC(c3ccc(C(CNC(=O)C4CCCO4)Oc4ccccc4)cc3)C2)CO1
O=C1CC(C(=O)N2CCC(c3ccc(C(CNC(=O)C4CCCO4)Oc4ccccc4)cc3)C2)CO1
O=C1CC(C(=O)N2CCC(c3ccc(C(CNC(=O)C4CCCO4)Oc4ccccc4)cc3)C2)CO1
O=C1CC(C(=O)N2CCC(c3ccc(C(CNC(=O)C4CCCO4)Oc4ccccc4)cc3)C2)CO1
O=C1CC(C(=O)N2CCC(c3ccc(C(CNC(=O)C4CCCO4)Oc4ccc(C(=O)OC5CC5)cc4)cc3)C2)CO1
O=C1CC(C(=O)N2CCC(c3ccc(C(CNC(=O)C4CCCCO4)Oc4ccc(C(=O)OC5CC5)cc4)cc3)C2)CO1
O=C1CC(C(=O)N2CCCC(c3ccc(C(CNC(=O)C4CCCCO4)Oc4ccc(C(=O)OC5CC5)cc4)cc3)C2)CO1
O=C1CC(C(=O)N2CCCC(c3ccc(C(CNC(=O)C4CCCCO4)Oc4ccc(C(=O)OC5CC5)cc4)cc3)CC2)CO1
O=C1CC(C(=O)N2CCC(c3ccc(C(CNC(=O)C4CCCCO4)Oc4ccc(C(=O)OC5CC5)cc4)cc3)CC2)CO1
O=C1CC(C(=O)N2CCC(c3ccc(C(CNC(=O)C4CCCCO4)Oc4ccc(C(=O)OC5CC5)cc4)cc3)CC2)CO1
O=C1CC(C(=O)N2CCC(c3ccc(C(CNC(=O)C4CCCO4)Oc4ccc(C(=O)OC5CC5)cc4)cc3)CC2)CO1
O=C1CC(C(=O)N2CCC(c3ccc(C(CNC(=O)C4CCCO4)Oc4ccc(C(=O)OC5CC5)cc4)cc3)CC2)CO1
O=C1CC(C(=O)N2CCC(c3ccc(C(CNC(=O)C4CCCO4)Oc4ccc(C(=O)OC5CC5)cc4)cc3)CC2)CO1
O=C1CC(C(=O)N2CCC(c3ccc(C(CNC(=O)C4CCCO4)Oc4ccccc4)cc3)CC2)CO1
O=C1CC(C(=O)N2CCC(c3ccc(C(CNC(=O)C4CCCO4)Oc4ccccc4)cc3)C2)CO1
O=C1CC(C(=O)N2CCC(c3ccc(C(CNC(=O)C4CCCO4)Oc4ccccc4)cc3)C2)CO1
O=C1CC(C(=O)N2CCC(c3ccc(C(CNC(=O)C4CCCO4)Oc4ccccc4)cc3)C2)CO1
O=C1CC(C(=O)N2CCCC(c3ccc(C(CNC(=O)C4CCCO4)Oc4ccccc4)cc3)C2)CO1
O=C1CC(C(=O)N2CCCC(c3ccc(C(CNC(=O)C4CCCO4)Oc4ccccc4)cc3)C2)CO1
O=C1CC(C(=O)N2CCCC(c3ccc(C(CNC(=O)C4CCCO4)Oc4ccccc4)cc3)C2)CO1
O=C1CC(C(=O)N2CCCC(c3ccc(C(CNC(=O)C4CCCO4)Oc4ccccc4)cc3)C2)CO1
O=C1CC(C(=O)N2CCCC(c3ccc(C(CNC(=O)C4CCCO4)Oc4ccccc4)cc3)C2)CO1
O=C1CC(C(=O)N2CCCC(c3ccc(C(CNC(=O)C4CCCO4)Oc4ccc(C(=O)OC5CCCC5)cc4)cc3)C2)CO1
O=C1CC(C(=O)N2CCCC(c3ccc(C(CNC(=O)C4CCO4)Oc4ccc(C(=O)OC5CCCC5)cc4)cc3)C2)CO1
O=C1CC(C(=O)N2CCC(c3ccc(C(CNC(=O)C4CCO4)Oc4ccc(C(=O)OC5CCCC5)cc4)cc3)C2)CO1
O=C1CC(C(=O)N2CCC(c3ccc(C(CNC(=O)C4CCO4)Oc4ccc(C(=O)OC5CCCC5)cc4)cc3)CC2)CO1
O=C1CC(C(=O)N2CCCC(c3ccc(C(CNC(=O)C4CCO4)Oc4ccc(C(=O)OC5CCCC5)cc4)cc3)CC2)CO1
O=C1CC(C(=O)N2CCCC(c3ccc(C(CNC(=O)C4CO4)Oc4ccc(C(=O)OC5CCCC5)cc4)cc3)CC2)CO1
O=C1CC(C(=O)N2CCCC(c3ccc(C(CNC(=O)C4CO4)Oc4ccc(C(=O)OC5CCNC5)cc4)cc3)CC2)CO1
O=C1CC(C(=O)N2CCCC(c3ccc(C(CNC(=O)C4CO4)Oc4ccc(C(=O)OC5CCNC5)cc4)cc3)CC2)CO1
O=C1CC(C(=O)N2CCCC(c3ccc(C(CNC(=O)C4CO4)Oc4ccc(C(=O)OC5CCNCC5)cc4)cc3)CC2)CO1
O=C1CC(C(=O)N2CCCC(c3ccc(C(CNC(=O)C4CO4)Oc4ccc(C(=O)OC5CCNCC5)cc4)cc3)CC2)CO1
O=C1CC(C(=O)N2CCCC(c3ccc(C(CNC(=O)C4CCO4)Oc4ccc(C(=O)OC5CCNCC5)cc4)cc3)CC2)CO1
O=C1CC(C(=O)N2CCC(c3ccc(C(CNC(=O)C4CCO4)Oc4ccc(C(=O)OC5CCNCC5)cc4)cc3)CC2)CO1
O=C1CC(C(=O)N2CCC(c3ccc(C(CNC(=O)C4CCO4)Oc4ccc(C(=O)OC5CCCNCC5)cc4)cc3)CC2)CO1
O=C1CC(C(=O)N2CCC(c3ccc(C(CNC(=O)C4CCO4)Oc4ccc(C(=O)OC5CCCNCC5)cc4)cc3)C2)CO1
O=C1CC(C(=O)N2CCC(c3ccc(C(CNC(=O)C4CCO4)Oc4ccc(C(=O)OC5CCCNCC5)cc4)cc3)C2)CO1
O=C1CC(C(=O)N2CCC(c3ccc(C(CNC(=O)C4CCO4)Oc4ccc(C(=O)OC5CCCNCC5)cc4)cc3)CC2)CO1
O=C1CC(C(=O)N2CCC(c3ccc(C(CNC(=O)C4CCO4)Oc4ccc(C(=O)OC5CCNCC5)cc4)cc3)CC2)CO1
O=C1CC(C(=O)N2CCC(c3ccc(C(CNC(=O)C4CCO4)Oc4ccc(C(=O)OC5CCNC5)cc4)cc3)CC2)CO1
O=C1CC(C(=O)N2CCC(c3ccc(C(CNC(=O)C4CCO4)Oc4ccc(C(=O)OC5CCNC5)cc4)cc3)C2)CO1
O=C1CC(C(=O)N2CCC(c3ccc(C(CNC(=O)C4CCO4)Oc4ccc(C(=O)OC5CCNC5)cc4)cc3)C2)CO1
O=C1CC(C(=O)N2CCC(OC(=O)c3ccc(OC(CNC(=O)C4CCO4)c4ccc(C5CCNC5)cc4)cc3)C2)CO1
O=C1CC(C(=O)N2CCC(OC(=O)c3ccc(OC(CNC(=O)C4CCO4)c4ccc(C5CNC5)cc4)cc3)C2)CO1
O=C1CC(C(=O)N2CCC(OC(=O)c3ccc(OC(CNC(=O)C4CCO4)c4ccc(C5COC5)cc4)cc3)C2)CO1
O=C1CC(C(=O)N2CCCC(OC(=O)c3ccc(OC(CNC(=O)C4CCO4)c4ccc(C5COC5)cc4)cc3)C2)CO1
O=C1CC(C(=O)N2CCCC(OC(=O)c3ccc(OC(CNC(=O)C4CCO4)c4ccc(C5CO5)cc4)cc3)C2)CO1
O=C1CC(C(=O)N2CCCC(OC(=O)c3ccc(OC(CNC(=O)C4CCO4)c4ccc(C5CC5)cc4)cc3)C2)CO1
O=C1CC(C(=O)N2CCCC(OC(=O)c3ccc(OC(CNC(=O)C4CCCO4)c4ccc(C5CC5)cc4)cc3)C2)CO1
C1=Cc2c(ccc3c2C(=Cc2cccc(Oc4ccccc4)c2)Oc2ccccc2-3)NC1
C(=C1Oc2ccccc2-c2ccccc21)c1cccc(Oc2ccccc2)c1
c1ccc(Oc2cccc(C3Oc4ccccc4-c4ccccc43)c2)cc1
c1ccc(Oc2cccc(C3Oc4ccccc4-c4ccccc43)c2)cc1
c1ccc(Oc2cccc(C3Oc4ccccc4-c4ccccc43)c2)cc1
c1ccc(Oc2cccc(C(Oc3ccccc3)c3ccccc3)c2)cc1
c1ccc(Oc2cccc(C(Oc3ccccc3)c3ccccc3)c2)cc1
c1ccc(Oc2cccc(C(Oc3ccccc3)c3ccccc3)c2)cc1
c1ccc(Oc2cccc(C(Oc3ccccc3)c3ccccc3)c2)cc1
C(=Cc1ccccc1)CC(Oc1ccccc1)c1cccc(Oc2ccccc2)c1
C(=Cc1ccccc1)NCC(Oc1ccccc1)c1cccc(Oc2ccccc2)c1
C(=Cc1ccccc1)NCC(Oc1ccccc1)c1cccc(Oc2ccccc2)c1
C(=Cc1ccccc1)NCC(Oc1ccccc1)c1cccc(Oc2ccccc2)c1
C(=Cc1ccccc1)NCC(Oc1ccccc1)c1cccc(Oc2ccccc2)c1
C(=Cc1ccccc1)NCC(Oc1ccccc1)c1cccc(Oc2ccccc2)c1
C(=Cc1ccccc1)NCC(Oc1ccccc1)c1cccc(Oc2ccccc2)c1
C(=Cc1ccccc1)NCC(Oc1ccccc1)c1cccc(-c2ccccc2)c1
C(NCC(Oc1ccccc1)c1ccccc1)=C(Cc1ccccc1)c1ccccc1
C1=CC(CC(=CNCC(Oc2ccccc2)c2ccccc2)c2ccccc2)=CC1
C1=CC(CC(=CNCC(Oc2ccccc2)c2ccccc2)c2ccccc2)=CC1
C1=CC(CC(=CNCC(Oc2ccccc2)c2ccccc2)c2ccccc2)=C1
C1=CC(CC(=CNCC(Oc2ccccc2)c2ccccc2)c2ccccc2)=C1
C1=CC(CC(=CNCC(Oc2ccccc2)c2ccccc2)c2ccccc2)=C1
O=C(C1=CC=C1)C(=CNCC(Oc1ccccc1)c1ccccc1)c1ccccc1
O=C(C1=CC=C1)C(=CNCC(Oc1ccccc1)c1ccccc1)c1ccccc1
O=C(CC(=CNCC(Oc1ccccc1)c1ccccc1)c1ccccc1)C1=CC=C1
O=C(NCC(=CNCC(Oc1ccccc1)c1ccccc1)c1ccccc1)C1=CC=C1
O=C(NCC(=CNCC(Oc1ccccc1)c1ccccc1)c1cccnc1)C1=CC=C1
O=C(NCC(=CNCC(Oc1ccccc1)c1ccccc1)c1cccnc1)C1=CC=C1
O=C(NCC(CNCC(Oc1ccccc1)c1ccccc1)c1cccnc1)C1=CC=C1
O=C(NCC(CNCC(Oc1ccccc1)c1ccccc1)c1cccnc1)C1=CC=C1
O=C(NCC(CCNCC(Oc1ccccc1)c1ccccc1)c1cccnc1)C1=CC=C1
O=C(NCC(OCNCC(Oc1ccccc1)c1ccccc1)c1cccnc1)C1=CC=C1
O=C(NCC(OCNCC(Oc1ccccc1)c1ccccc1)c1cccnc1)C1=CC=C1
O=C(NCC(OCCC(Oc1ccccc1)c1ccccc1)c1cccnc1)C1=CC=C1
O=C(NCC(OCCC(Oc1ccccc1)c1ccccc1)c1ccccc1)C1=CC=C1
O=C(NCC(OCCC(Oc1ccccc1)c1ccccc1)c1ccccc1)C1=CC=C1
O=C(NCC(OCCC(Oc1ccccc1)c1ccccc1)c1ccccc1)C1=CC=C1
O=C(NCC(OCCC(Oc1ccccc1)c1ccccc1)c1ccccc1)C1=CC=C1
O=C(NCC(Oc1ccc(COc2ccccc2)cc1)c1ccccc1)C1=CC=C1
O=C(NCC(Oc1ccc(COc2ccccc2)cc1)c1ccccc1)C1=CC=C1
O=C(NCC(Oc1ccc(COc2ccccc2)cc1)c1ccccc1)C1=CC=C1
O=C(NCC(Oc1ccc(COc2ccccc2)cc1)c1ccccc1)C1=CC=C1
O=C(NCC(Oc1ccc(COc2ccccc2)cc1)c1ccccc1)C1=CC=C1
O=C(NCC(Oc1ccc(COc2ccccc2)cc1)c1ccccc1)C1=CC=C1
O=C(NCC(Oc1ccc(COc2ccccc2)cc1)c1ccccc1)C1=CC=C1
O=C(NCC(Oc1ccc(COc2ccccc2)cc1)c1ccccc1)C1=CC=C1
O=C(NCC(Oc1ccc(COc2ccccc2)cc1)c1ccccc1)C1=CC=C1
O=C(NCC(Oc1ccc(CNOc2ccccc2)cc1)c1ccccc1)C1=CC=C1
O=C(NCC(Oc1ccc(NOc2ccccc2)cc1)c1ccccc1)C1=CC=C1
O=C(NCC(Oc1ccc(NOc2ccccc2)cc1)c1ccccc1)C1=CC=C1
O=C(NCC(Oc1ccc(NOc2ccccc2)cc1)c1ccccc1)C1=CC=C1
O=C(NCC(Oc1ccc2c(c1)CN2Oc1ccccc1)c1ccccc1)C1=CC=C1
O=C(NCC(Oc1ccc2c(c1)CN2Oc1ccccc1)c1ccccc1)C1=CC=C1
O=C(NCC(Oc1ccc2c(c1)CN2Oc1ccccc1)c1ccccc1)C1=CC=C1
O=C(NCC(Oc1ccc2c(c1)CN2Oc1ccccc1)c1ccccc1)C1=CC=C1
O=C(NCC(Oc1ccc2c(c1)CN2OCc1ccccc1)c1ccccc1)C1=CC=C1
O=C(NCC(Oc1ccc2c(c1)CN2OOCc1ccccc1)c1ccccc1)C1=CC=C1
O=C(NCC(Oc1ccc2c(c1)CN2OOc1ccccc1)c1ccccc1)C1=CC=C1
O=C(NCC(Oc1ccc2c(c1)CN2COc1ccccc1)c1ccccc1)C1=CC=C1
O=C(NCC(Oc1ccc2c(c1)CCN2COc1ccccc1)c1ccccc1)C1=CC=C1
O=C(NCC(Oc1ccc2c(ccn2COc2ccccc2)c1)c1ccccc1)C1=CC=C1
O=C(NCC(Oc1ccc2c(cnn2COc2ccccc2)c1)c1ccccc1)C1=CC=C1
O=C(NCC(Oc1ccc2c(cnn2CCOc2ccccc2)c1)c1ccccc1)C1=CC=C1
O=C(NCC(Oc1ccc2c(cnn2-c2ccccc2)c1)c1ccccc1)C1=CC=C1
O=C(NCC(Oc1ccc2c(cnn2-c2ccccc2)c1)c1ccccc1)C1=CC=C1
c1ccc(COc2ccc3c(cnn3-c3ccccc3)c2)cc1
c1ccc(COc2ccc3c(cnn3-c3ccccc3)c2)cc1
c1ccc(COc2ccc3c(cnn3-c3ccccc3)c2)cc1
c1ccc(COc2ccc3c(cnn3-c3ccccc3)c2)cc1
c1ccc(COc2ccc3c(cnn3-c3ccccc3)c2)cc1
c1ccc(COc2ccc3c(cnn3-c3ccccc3)c2)cc1
c1ccc(COc2ccc3c(cnn3-c3ccccc3)c2)cc1
c1ccc(COc2ccc3c(cnn3-c3ccccc3)c2)cc1
c1ccc(COc2ccc3c(cnn3-c3ccccc3)c2)cc1
O=C(NCC(Oc1ccc2c(cnn2-c2ccccc2)c1)c1ccccc1)C1=CN1
O=C(NCC(Oc1ccc2c(cnn2-c2ccccc2)c1)c1ccccc1)c1c[nH][nH]1
O=C(NCC(Oc1ccc2c(cnn2-c2ccccc2)c1)c1ccccc1)c1c[nH][nH]1
O=C(NCC(Oc1ccc2c(cnn2-c2ccccc2)c1)c1ccccc1)C1=CN=N1
O=C(NCC(Oc1ccc2c(cnn2-c2ccccc2)c1)c1ccccc1)C1=CN=N1
O=C(NCC(Oc1ccc2c(cnn2-c2ccccc2)c1)c1ccccc1)C1=CN=N1
O=C(NCC(Oc1ccc2c(cnn2-c2ccccc2)c1)c1ccccc1)C1=CCC=N1
O=C(NCC(Oc1ccc2c(cnn2-c2ccccc2)c1)c1ccccc1)C1=CCC=N1
O=C(NCC(Oc1ccc2c(cnn2-c2ccccc2)c1)c1ccccc1)C1=CCC=N1
O=C(NCC(Oc1ccc2c(cnn2-c2ccccc2)c1)c1ccccc1)C1=CCC=C1
O=C(NCC(Oc1ccc2c(cnn2-c2ccccc2)c1)c1ccccc1)C1=CC=C1
O=C(NCC(Oc1ccc2c(cnn2-c2ccccc2)c1)c1ccccc1)C1=CCC=C1
O=C(NCC(Oc1ccc2c(cnn2-c2ccccc2)c1)c1ccccc1)C1=CCC=C1
O=C(NCC(Oc1ccc2c(cnn2-c2ccccc2)c1)c1ccccc1)C1=CCCC=C1
O=C(NCC(Oc1ccc2c(cnn2-c2ccccc2)c1)c1ccccc1)c1ccccc1
C1=Cc2c(ccc3c2C(=Cc2cccc(Oc4ccccc4)c2)Oc2ccccc2-3)NC1
C1=Cc2c(ccc3c2C(c2cccc(Oc4ccccc4)c2)Oc2ccccc2-3)NC1
C1=Cc2cc(-c3ccccc3OCc3cccc(Oc4ccccc4)c3)ccc2NC1
C1=Cc2cc(-c3ccccc3OCc3cccc(Oc4ccccc4)c3)ccc2NC1
C1=Cc2cc(-c3ccccc3OCc3cccc(Oc4ccccc4)c3)ccc2NC1
C1=Cc2cc(-c3ccccc3OCc3cccc(Oc4cccnc4)c3)ccc2NC1
C1=Cc2cc(-c3ccccc3OCc3cccc(Oc4cccnc4)c3)ccc2NC1
C1=Cc2cc(-c3ccccc3OCc3cccc(-c4cccnc4)c3)ccc2NC1
c1cncc(-c2cccc(COc3ccccc3-c3ccc4c(c3)CCN4)c2)c1
c1cncc(-c2cccc(COc3ccccc3-c3ccc4c(c3)CCN4)c2)c1
c1cncc(-c2cccc(Oc3ccccc3-c3ccc4c(c3)CCN4)c2)c1
c1ccc(-c2ccccc2Oc2cccc(-c3cccnc3)c2)cc1
c1ccc(-c2cccc3c2oc2cc(-c4cccnc4)ccc23)cc1
c1ccc(-c2cccc(-c3ccc(-c4cccnc4)cc3)c2)cc1
c1ccc(-c2cccc(-c3ccc(-c4cccnc4)cc3)c2)cc1
c1ccc(-c2cccc(-c3ccc(-c4cccnc4)cc3)c2)cc1
c1ccc(-c2cccc(-c3ccc(-c4cccnc4)cc3)c2)cc1
c1ccc(-c2cccc(-c3ccc(-c4cccnc4)cc3)c2)cc1
c1ccc(-c2cccc(-c3ccc(-c4cccnc4)cc3)c2)cc1
c1ccc(-c2cccc(-c3ccc(-c4cccnc4)cc3)c2)cc1
c1ccc(-c2cccc(-c3ccc(-c4cccnc4)cc3)c2)cc1
c1ccc(-c2cccc(-c3ccc(-c4cccnc4)cc3)c2)cc1
c1ccc(-c2cc3cc(c2)-c2cc(-c4cccnc4)ccc2-3)cc1
c1ccc(-c2cc3c4cc(-c5cccnc5)ccc4c4c2c34)cc1
c1ccc(-c2cc(-c3cccc(-c4cccnc4)c3)c3cc2-3)cc1
c1ccc(-c2cc(-c3cccc(-c4cccnc4)c3)c3cc2-3)cc1
c1ccc(-c2ccc3c(c2)-c2cc(-c4cccnc4)ccc2-3)cc1
c1ccc(-c2ccc3c(c2)-c2cc(-c4cccnc4)ccc2-3)cc1
c1ccc(-c2ccc3c(c2)-c2cc(-c4cccnc4)ccc2-3)cc1
c1ccc(-c2ccc3c(c2)-c2cc(-c4cccnc4)ccc2-3)cc1
c1ccc(-c2ccc3c(c2)-c2cc(-c4cccnc4)ccc2-3)cc1
c1ccc(-c2ccc3c(c2)-c2cc(-c4cccnc4)ccc2-3)cc1
c1ccc(-c2ccc3[nH]c4ccc(-c5cccnc5)cc4c3c2)cc1
c1ccc(-c2ccc3[nH]c4ccc(-c5cccnc5)cc4c3c2)cc1
c1ccc(-c2ccc3[nH]c4ccc(-c5cccnc5)cc4c3c2)cc1
c1ccc(-c2ccc3[nH]c4ccc(-c5cccnc5)cc4c3c2)cc1
c1ccc(-c2ccc3[nH]c4ccc(-c5cccnc5)cc4c3c2)cc1
c1ccc(-c2ccc3[nH]c4ccc(-c5cccnc5)cc4c3c2)cc1
c1ccc(-c2ccc3[nH]c4ccc(-c5cccnc5)cc4c3c2)cc1
c1ccc(-c2ccc3[nH]c4ccc(-c5cccnc5)cc4c3c2)cc1
c1ccc(-c2ccc3[nH]c4ccc(-c5cccnc5)cc4c3c2)cc1
c1ccc(-c2ccc3[nH]c4ccc(-c5cccnc5)cc4c3c2)cc1
c1cncc(-c2ccc3[nH]c4ccc(-c5cccc(CCCC6CC6)c5)cc4c3c2)c1
c1cncc(-c2ccc3[nH]c4ccc(-c5cccc(CCCC6CC6)c5)cc4c3c2)c1
c1cncc(-c2ccc3[nH]c4ccc(-c5cccc(CCCC6CC6)c5)cc4c3c2)c1
c1ccc(-c2ccc3[nH]c4ccc(-c5cccnc5)cc4c3c2)cc1
c1ccc(-c2ccc3[nH]c4ccc(-c5cccnc5)cc4c3c2)cc1
c1ccc(-c2ccc3[nH]c4ccc(-c5cccnc5)cc4c3c2)cc1
c1ccc(-c2ccc3[nH]c4ccc(-c5cccnc5)cc4c3c2)cc1
c1ccc(-c2ccc3[nH]c4ccc(-c5cccnc5)cc4c3c2)cc1
c1ccc(-c2ccc3[nH]c4ccc(-c5cccnc5)cc4c3c2)cc1
c1ccc(-c2ccc3[nH]c4ccc(-c5cccnc5)cc4c3c2)cc1
c1ccc(-c2ccc3[nH]c4ccc(-c5cccnc5)cc4c3c2)cc1
c1ccc(-c2ccc3[nH]c4ccc(-c5cccnc5)cc4c3c2)cc1
c1ccc(-c2ccc3[nH]c4ccc(-c5cccnc5)cc4c3c2)cc1
c1ccc(-c2ccc3[nH]c4ccc(-c5cccnc5)cc4c3c2)cc1
c1ccc(-c2ccc3[nH]c4ccc(-c5cccnc5)cc4c3c2)cc1
c1ccc(-c2ccc3[nH]c4ccc(-c5cccnc5)cc4c3c2)cc1
c1ccc(-c2ccc3c(c2)Nc2cc(-c4cccnc4)ccc2N3)cc1
c1ccc(-c2ccc3c(c2)Nc2cc(-c4cccnc4)ccc2N3)cc1
c1ccc(-c2ccc3c(c2)Nc2cc(-c4cccnc4)ccc2N3)cc1
c1ccc(-c2ccc3c(c2)Nc2cc(-c4cccnc4)ccc2C3)cc1
c1ccc(-c2ccc3c(c2)Nc2cc(-c4cccnc4)ccc2C3)cc1
c1ccc(-c2ccc3c(c2)[nH]c2cc(-c4cccnc4)ccc23)cc1
c1ccc(-c2ccc(-c3ccc(-c4cccnc4)cc3)cc2)cc1
c1ccc(-c2ccc(-c3ccc(-c4cccnc4)cc3)cc2)cc1
c1ccc(-c2ccc(-c3ccc(-c4cccnc4)cc3)cc2)cc1
c1ccc(-c2ccc(-c3ccc(-c4cccnc4)cc3)cc2)cc1
c1ccc(-c2ccc(-c3ccc(-c4cccnc4)cc3)cc2)cc1
c1ccc(-c2ccc(-c3ccc(-c4cccnc4)cc3)cc2)cc1
c1ccc(-c2ccc(-c3ccc(-c4cccnc4)cc3)cc2)cc1
c1ccc(-c2ccc(-c3ccc(-c4cccnc4)cc3)cc2)cc1
c1ccc(-c2cccc(CCCCc3ccc(-c4cccnc4)cc3)c2)cc1
c1cncc(-c2ccc(CCCCc3cccc(-c4cccnc4)c3)cc2)c1
c1cncc(-c2ccc(CCCCCc3cccc(-c4cccnc4)c3)cc2)c1
c1cncc(-c2ccc(CCCCCc3cccc(-c4cccnc4)c3)cc2)c1
c1cncc(-c2cccc(CCCCc3ccccc3-c3cccnc3)c2)c1
c1cncc(-c2cccc(CCCCc3ccccc3-c3cccnc3)c2)c1
c1cncc(-c2cccc(CCCCc3ccccc3-c3cccnc3)c2)c1
c1cncc(-c2cccc(CCCCc3cnccc3-c3cccnc3)c2)c1
c1cncc(-c2cccc(CCCCc3cnccc3-c3cccnc3)c2)c1
c1cncc(-c2cccc(CCCCc3cnccc3-c3cccnc3)c2)c1
c1cncc(-c2cccc(CCCCc3ccccc3-c3cccnc3)c2)c1
c1cncc(-c2cccc(CCCCc3ccccc3-c3cccnc3)c2)c1
c1cncc(-c2cccc(CCCCc3ccc4ccncc4c3)c2)c1
c1cncc(-c2cccc(CCCCc3ccc4ccncc4c3)c2)c1
c1cncc(-c2cccc(CCCc3ccc4ccncc4c3)c2)c1
c1cncc(-c2cccc(CCCCc3cccc4ccncc34)c2)c1
c1cncc(-c2cccc(CCCc3cccc4ccncc34)c2)c1
C1=C(CCCc2cccc(-c3cccnc3)c2)c2cnccc2C1
C1=C(CCCc2cccc(-c3cccnc3)c2)c2cnccc21
c1cncc(-c2cccc(CCCc3cc4ccncc4[nH]3)c2)c1
c1cncc(-c2cccc(CCCCc3cc4ccncc4[nH]3)c2)c1
C1=Cc2c(ccc3c2C(=Cc2cccc(Oc4ccccc4)c2)Oc2ccccc2-3)NC1
C1=Cc2c(ccc3c2C(=Cc2cccc(Oc4ccccc4)c2)Oc2ccccc2-3)NC1
C(=C1Oc2ccccc2-c2ccc3[nH]ccc3c21)c1cccc(Oc2ccccc2)c1
C(=C1Oc2ccccc2-c2ccc3[nH]ccc3c21)c1cccc(Oc2ccccc2)c1
C(=C1Oc2ccccc2-c2ccc3[nH]ccc3c21)c1cccc(Oc2ccccc2)c1
C(=Cc1c(-c2ccccc2)ccc2[nH]ccc12)c1cccc(Oc2ccccc2)c1
C(=Cc1c2c(cc3[nH]ccc13)CCc1ccccc1-2)c1cccc(Oc2ccccc2)c1
C(=Cc1c2c(cc3[nH]ccc13)CCc1ccccc1-2)c1cccc(Oc2ccccc2)c1
C(=Cc1c2c(cc3[nH]ccc13)CCc1ccccc1-2)c1cccc(Oc2ccccc2)c1
C(=Cc1c2c(cc3[nH]ccc13)CCc1ccccc1-2)c1cccc(-c2ccccc2)c1
C(=Cc1c2c(cc3[nH]ccc13)CCCc1ccccc1-2)c1cccc(-c2ccccc2)c1
C(=Cc1c2c(cc3[nH]ccc13)CCCc1ccccc1-2)c1cccc(-c2ccccc2)c1
C(=Cc1c2c(cc3[nH]ccc13)CCCc1ccccc1C2)c1cccc(-c2ccccc2)c1
C(=Cc1c2c(cc3[nH]ccc13)CCCc1ccccc1C2)c1cccc(-c2ccccc2)c1
C(=C1c2ccccc2CCCc2cc3[nH]ccc3cc21)c1cccc(-c2ccccc2)c1
c1ccc(-c2cccc(CC3c4ccccc4CCCc4cc5[nH]ccc5cc43)c2)cc1
c1ccc(-c2cccc(CC3c4ccccc4CCCc4cc5[nH]ccc5cc43)c2)cc1
c1ccc(-c2cccc(CCC3c4ccccc4CCCc4cc5[nH]ccc5cc43)c2)cc1
c1ccc(-c2cccc(CCC3c4ccccc4CCCc4cc5[nH]ccc5cc43)c2)cc1
c1ccc(-c2cccc(CCC3c4ccccc4CCCc4cc5[nH]ccc5cc43)c2)cc1
c1ccc(-c2cccc(CCC3c4ccccc4CCCc4cc5[nH]ccc5cc43)c2)cc1
c1ccc(-c2cccc(CCC3c4ccccc4CCCc4cc5[nH]ccc5cc43)c2)cc1
c1ccc(-c2cccc(CCC3c4ccccc4CCCc4cc5[nH]ccc5cc43)c2)cc1
c1ccc(-c2cccc(CCC3(c4ccc5[nH]ccc5c4)Cc4ccccc43)c2)cc1
c1ccc(-c2cccc(CCC3(c4ccc5[nH]ccc5c4)CCc4ccccc43)c2)cc1
c1ccc(-c2cccc(CCC3(c4ccc5[nH]ccc5c4)CCCc4ccccc43)c2)cc1
c1ccc(-c2cccc(CCC3(c4ccc5[nH]ccc5c4)CCCc4ccccc43)c2)cc1
c1ccc(-c2cccc(CCC3(c4ccc5[nH]ccc5c4)CCCc4ccccc43)c2)cc1
c1ccc(-c2cccc(CCC3(c4ccc5[nH]ccc5c4)CCCc4ccccc43)c2)cc1
c1ccc(-c2cccc(CCC3(CCn4ccc5ccccc54)CCCc4ccccc43)c2)cc1
c1ccc(-c2cccc(CCC3(CCn4ccc5ccccc54)CCCc4ccccc43)c2)cc1
c1ccc(-c2cccc(CCC3(CCn4ccc5ccccc54)CCCc4ccccc43)c2)cc1
c1cc(CCC2CCCc3ccccc32)cc(-c2ccccc2Cn2ccc3ccccc32)c1
c1cc(CCC2CCCc3ccccc32)cc(-c2ccccc2-c2c[nH]c3ccccc23)c1
c1cc(CCC2CCCc3ccccc32)cc(-c2ccccc2-c2c[nH]c3ccccc23)c1
c1cc(CCC2CCCCc3ccccc32)cc(-c2ccccc2-c2c[nH]c3ccccc23)c1
c1cc(CCC2CCCCc3ccccc32)cc(-c2ccccc2-c2c[nH]c3ccccc23)c1
c1cc(CCC2CCCCc3ccccc32)cc(-c2ccccc2-c2c[nH]c3ccccc23)c1
c1cc(CCC2CCCc3ccccc32)cc(-c2ccccc2-c2c[nH]c3ccccc23)c1
c1cc(CCC2CCCc3ccccc32)cc(-c2ccccc2-c2c[nH]c3ccccc23)c1
c1cc(CCC2CCCc3ccccc32)cc(-c2ccccc2-c2ccc3cc[nH]c3c2)c1
c1cc(CCC2CCCc3ccccc32)cc(-c2ccccc2-c2ccc3cc[nH]c3c2)c1
c1cc(CCC2CCCc3ccccc32)cc(-c2ccccc2-c2ccc3cc[nH]c3c2)c1
c1cc(CCC2CCCc3ccccc32)cc(-c2ccccc2-c2ccc3cc[nH]c3c2)c1
c1ccc(-c2ccccc2-c2ccc3ccn(CCCCCCCC4CCCc5ccccc54)c3c2)cc1
c1ccc(-c2ccccc2-c2ccc3ccn(CCCCCCC4CCCc5ccccc54)c3c2)cc1
c1ccc(-c2ccccc2-c2ccc3ccn(CCCCCC4CCCc5ccccc54)c3c2)cc1
c1ccc(-c2ccccc2-c2ccc3ccn(CCCCCC4CCCc5ccccc54)c3c2)cc1
c1ccc(-c2ccccc2-c2ccc3ccn(CCCCC4CCCc5ccccc54)c3c2)cc1
c1ccc(-c2ccccc2-c2ccc3ccn(CCCCC4CCCc5ccccc54)c3c2)cc1
c1ccc(-c2ccccc2-c2ccc3ccn(CCCCC4CCCc5ccccc54)c3c2)cc1
c1ccc(-c2ccccc2-c2ccc3ccn(CCCCCC4CCCc5ccccc54)c3c2)cc1
c1ccc(-c2ccccc2-c2ccc3ccn(CCCCCC4CCCc5ccccc54)c3c2)cc1
c1ccc(-c2ccccc2-c2ccc3ccn(CCCCCC4CCCc5ccccc54)c3c2)cc1
c1ccc(-c2ccccc2-c2ccc3ccn(CCCCC4CCCc5ccccc54)c3c2)cc1
c1ccc(-c2ccccc2-c2ccc3ccn(CCCCC4CCCc5ccccc54)c3c2)cc1
c1ccc(-c2ccccc2-c2ccc3ccn(CCCCC4CCCc5ccccc54)c3c2)cc1
c1ccc(-c2ccccc2-c2ccc3ccn(CCCCC4CCCCc5ccccc54)c3c2)cc1
c1ccc(-c2ccccc2-c2ccc3ccn(CCCCC4CCCCc5ccccc54)c3c2)cc1
c1ccc(-c2ccccc2-c2ccc3ccn(CCCCC4CCCc5ccccc54)c3c2)cc1
c1ccc(-c2ccccc2-c2ccc3ccn(CCCC4CCCc5ccccc54)c3c2)cc1
c1ccc(-c2ccccc2-c2cccc3c2ccn3CCCC2CCCc3ccccc32)cc1
c1ccc(-c2ccccc2-c2cccc3c2ccn3CCCC2CCCc3ccccc32)cc1
c1ccc(-c2ccccc2-c2cccc3c2ccn3CCCC2CCc3ccccc32)cc1
c1ccc(-c2ccccc2-c2cccc3c2ccn3CCCC2CCc3ccccc32)cc1
c1ccc(-c2ccccc2-c2cccc3c2ccn3CCCC2CCc3ccccc32)cc1
c1ccc(-c2ccccc2-c2cccc3c2ccn3CCCC2CCc3ccccc32)cc1
c1ccc(-c2ccccc2-c2cccc3c2ccn3CCCC2CCc3ccccc32)cc1
c1ccc(-c2ccccc2-c2cccc3c2ccn3CCCC2CCCc3ccccc32)cc1
c1ccc(-c2ccccc2-c2cccc3c2ccn3CCCC2CCCc3ccccc32)cc1
c1ccc(-c2ccccc2Cc2cccc3c2ccn3CCCC2CCCc3ccccc32)cc1
c1ccc(-c2ccccc2Cc2cccc3c2ccn3CCCC2CCCc3ccccc32)cc1
c1ccc(-c2ccccc2-c2cccc3c2ccn3CCCC2CCCc3ccccc32)cc1
C(=CC=Cc1cccc2c1ccn2CCCC1CCCc2ccccc21)C=Cc1ccccc1
C(=Cc1ccccc1)CC=Cc1cccc2c1ccn2CCCC1CCCc2ccccc21
C(C=Cc1cccc2c1ccn2CCCC1CCCc2ccccc21)=Cc1ccccc1
C(C=Cc1cccc2c1ccn2CCCC1CCCc2ccccc21)=Cc1ccccc1
C(=Cc1cccc2c1ccn2CCCC1CCCc2ccccc21)Cc1ccccc1
C(=Cc1cccc2c1ccn2CCCC1CCCc2ccccc21)c1ccccc1
c1ccc(Cc2cccc3c2ccn3CCCC2CCCc3ccccc32)cc1
c1ccc(Cc2cccc3c2ccn3CCCC2CCCCc3ccccc32)cc1
c1ccc(Cc2cccc3c2ccn3CCCC2CCCCc3ccccc32)cc1
c1ccc(Cc2cn(CCCC3CCCCc4ccccc43)c3ccccc23)cc1
c1ccc(Cc2cn(CCCC3CCCc4ccccc43)c3ccccc23)cc1
c1ccc(CCc2cn(CCCC3CCCc4ccccc43)c3ccccc23)cc1
c1ccc(CCc2cn(CCCC3CCCc4ccccc43)c3ccccc23)cc1
c1ccc2c(c1)CCCC2CCCn1ccc2ccccc21
c1ccc2c(c1)CCCC2CCCn1ccc2ccccc21
c1ccc2c(c1)CCCC2CCCn1ccc2ccccc21
c1ccc2c(c1)CCCC2CCCn1ccc2ccccc21
c1ccc2c(c1)CCCC2CCCn1ccc2ccccc21
c1ccc2c(c1)CCCC2CCCn1ccc2ccccc21
c1ccc2c(c1)CCCC2CCCn1ccc2ccccc21
c1ccc2c(c1)CCCC2CCCn1ccc2ccccc21
c1ccc2c(c1)CCCC2CCCn1ccc2ccccc21
c1ccc2c(c1)CCCC2CCCn1ccc2ccccc21
c1ccc2c(c1)CCCC2CCCn1ccc2ccccc21
c1ccc2c(c1)CCCC2CCCn1ccc2ccccc21
c1ccc2c(c1)CCCC2CCCn1ccc2ccccc21
c1ccc2c(c1)CCCC2CCCn1ccc2ccccc21
c1ccc2c(c1)CCCC2CCCn1ccc2ccccc21
c1ccc2c(c1)CCCC2CCCn1ccc2ccccc21
c1ccc2c(c1)CCCC2CCCn1ccc2ccccc21
c1ccc2c(c1)CCCC2CCCn1ccc2ccccc21
c1ccc2c(c1)CCCCC2CCCn1ccc2ccccc21
c1ccc2c(c1)CCCCC2CCCn1ccc2ccccc21
c1ccc2c(c1)CCCCCC2CCCn1ccc2ccccc21
c1ccc2c(c1)CCCCCC2CCCn1ccc2ccccc21
c1ccc2c(c1)CCCCC2CCCn1ccc2ccccc21
c1ccc2c(c1)CCCCC2CCCn1ccc2ccccc21
c1ccc2c(c1)CCCCC2CCCn1ccc2ccccc21
c1ccc2c(c1)CCCCC2CCCn1ccc2ccccc21
c1ccc2c(c1)CCCCC2CCCn1ccc2ccccc21
c1ccc2c(c1)CCCCC2CCCn1ccc2ccccc21
c1ccc2c(c1)CCCCC2CCCn1ccc2ccccc21
c1ccc2c(c1)CCCCC2CCCn1ccc2ccccc21
c1ccc2c(c1)CCCCC2CCCn1ccc2ccccc21
c1ccc2c(c1)CCCCC2CCCn1ccc2ccccc21
c1ccc2c(c1)CCCCC2CCCn1ccc2ccccc21
c1ccc2c(c1)CCCCC2CCCn1ccc2ccccc21
c1ccc2c(c1)CCCCC2CCCn1ccc2ccccc21
c1ccc2c(c1)CCCC2CCCn1ccc2ccccc21
c1ccc2c(c1)CCCC2CCCn1ccc2ccccc21
c1ccc2c(c1)CCCC2CCCn1ccc2ccccc21
c1ccc2c(c1)CCCC2CCCn1ccc2ccccc21
c1ccc2c(c1)CCCC2CCCn1ccc2ccccc21
c1ccc2c(c1)CCCC2CCCn1ccc2ccccc21
c1ccc2c(c1)CCCC2CCCn1ccc2ccccc21
c1ccc2c(c1)CCCC2CCCn1ccc2ccccc21
c1ccc2c(c1)CCCC2CCCn1ccc2ccccc21
c1ccc2c(c1)CCCC2CCCn1ccc2ccccc21
c1ccc2c(c1)CCCC2CCCn1ccc2ccccc21
c1ccc2c(c1)CCCC2CCCn1ccc2ccccc21
c1ccc2c(c1)CCCC2CCCn1ccc2ccccc21
c1ccc2c(c1)CCCC2CCCn1ccc2ccccc21
c1ccc2c(c1)CCCC2CCCn1ccc2ccccc21
c1ccc2c(c1)CCCC2CCCn1ccc2ccccc21
c1ccc2c(c1)CCCC2CCCn1ccc2ccccc21
c1ccc2c(c1)CCCC2CCCn1ccc2ccccc21
c1ccc2c(c1)CCCC2CCCn1ccc2ccccc21
c1ccc2c(c1)CCCC2CCCn1ccc2ccccc21
c1ccc2c(c1)CCCC2CCCn1ccc2ccccc21
c1ccc2c(c1)CCCC2CCCn1ccc2ccccc21
c1ccc2c(c1)CCCC2CCCn1ccc2ccccc21
c1ccc2c(c1)CCCC2CCCn1ccc2ccccc21
c1ccc2c(c1)CCCC2CCCn1ccc2ccccc21
c1ccc2c(c1)CCCC2CCCn1ccc2ccccc21
c1ccc2c(c1)CCCC2CCCn1ccc2cc3c(cc21)CCC3
c1ccc2c(c1)CCCC2CCCn1ccc2ccccc21
c1ccc2c(c1)CCCC2CCCn1ccc2ccccc21
c1ccc2c(c1)CCCC2CCCn1ccc2ccccc21
c1ccc2c(c1)CCCC2CCCn1ccc2ccccc21
c1ccc2c(c1)CCCC2CCCn1ccc2ccccc21
c1ccc2c(c1)CCCC2CCCn1ccc2ccccc21
c1ccc2c(c1)CCCC2CCCn1ccc2ccccc21
c1ccc2c(c1)CCCC2CCCn1ccc2ccccc21
c1ccc2c(c1)CCCC2CCCn1ccc2ccccc21
c1ccc2c(c1)CCCC2CCCn1ccc2ccccc21
c1ccc2c(c1)CCCC2CCCn1ccc2ccccc21
c1ccc2c(c1)CCCC2CCCn1ccc2ccccc21
c1ccc2c(c1)CCCC2CCCn1ccc2ccccc21
c1ccc2c(c1)CCCC2CCCn1ccc2ccccc21
c1ccc2c(c1)CCCCC2CCCn1ccc2ccccc21
c1ccc2c(c1)CCCCC2CCCn1ccc2ccccc21
c1ccc2c(c1)CCCCC2CCCn1ccc2ccccc21
c1ccc2c(c1)CCCCCC2CCCn1ccc2ccccc21
c1ccc2c(c1)CCCCCC2CCCn1ccc2ccccc21
c1ccc2c(c1)CCCCCC2CCCn1ccc2ccccc21
c1ccc2c(c1)CCCCC2CCCn1ccc2ccccc21
c1ccc2c(c1)CCCCC2CCCn1ccc2ccccc21
c1ccc2c(c1)CCCCC2CCCn1ccc2ccccc21
c1ccc2c(c1)CCCCC2CCCn1ccc2ccccc21
c1ccc2c(c1)CCCCC2CCCn1ccc2ccccc21
c1ccc2c(c1)CCCCC2CCCn1ccc2ccccc21
c1ccc2c(c1)CCCCC2CCCn1ccc2ccccc21
c1ccc2c(c1)CCCCC2CCCn1ccc2ccccc21
c1ccc2c(c1)CCCC2CCCn1ccc2ccccc21
c1ccc2c(c1)CCCC2CCCn1ccc2ccccc21
c1ccc2c(c1)CCCC2CCCn1ccc2ccccc21
c1ccc2c(c1)CCCC2CCCn1ccc2ccccc21
c1ccc2c(c1)CCCC2CCCn1ccc2ccccc21
c1ccc2c(c1)CCCC2CCCn1ccc2ccccc21
c1ccc2c(c1)CCCC2CCCn1ccc2ccccc21
c1ccc2c(c1)CCCC2CCCn1ccc2ccccc21
c1ccc2c(c1)CCCC2CCCn1ccc2ccccc21
c1ccc2c(c1)CCCC2CCCn1ccc2ccccc21
c1ccc2c(c1)CCCC2CCCn1ccc2ccccc21
c1ccc2c(c1)CCCCC2CCCn1ccc2ccccc21
c1ccc2c(c1)CCCCC2CCCn1ccc2ccccc21
c1ccc2c(c1)CCCCC2CCCn1ccc2ccccc21
c1ccc2c(c1)CCCCC2CCCn1ccc2ccccc21
c1ccc2c(c1)CCCCC2CCCn1ccc2ccccc21
c1ccc2c(c1)CCCCC2CCCn1ccc2ccccc21
c1ccc2c(c1)CCCCC2CCCn1ccc2ccccc21
c1ccc2c(c1)CCCCC2CCCn1ccc2ccccc21
c1ccc2c(c1)CCCCC2CCCn1ccc2ccccc21
c1ccc2c(c1)CCCCC2CCCn1ccc2ccccc21
O=c1ccn(CCCC2CCCCc3ccccc32)c2ccccc12
O=c1ccn(CCCC2CCCc3ccccc32)c2ccccc12
c1ccc(Cc2[nH]c3ccccc3c2-c2ccccc2)cc1
C=c1[nH]c(Cc2ccccc2)c(-c2ccccc2)c1=C
C=C1CNC(Cc2ccccc2)=C1c1ccccc1
C=C1CNC(Cc2ccccc2)=C1c1ccccc1
C=C1CNC(Cc2ccccc2)=C1c1ccccc1
C=C1CNC(Cc2ccccc2)=C1c1ccccc1
C=C1CNC(Cc2ccccc2)=C1c1ccccc1
C=C1CNC(Cc2ccccc2)=C1c1ccccc1
C=C1CNC(Cc2ccccc2)=C1c1ccccc1
c1ccc(CC2=C(c3ccccc3)CCN2)cc1
c1ccc(CC2=C(c3ccccc3)CCN2)cc1
c1ccc(CC2=C(c3ccccc3)CN2)cc1
c1ccc(CC2=C(c3ccccc3)CN2)cc1
c1ccc(CC2=C(c3ccccc3)CN2)cc1
c1ccc(CC2=C(c3ccccc3)N2)cc1
c1ccc(C2=C(c3ccccc3)N2)cc1
c1ccc(C2=C(c3ccccc3)N2)cc1
c1ccc(C2=C(c3ccccc3)N2)cc1
c1ccc(C2=C(c3ccccc3)C2)cc1
c1ccc(C2=C(c3ccccc3)C2)cc1
C=S(=O)(Cc1ccccc1)NCCc1cccc(C2=CC2)c1
C=S(=O)(NCCc1cccc(C2=CC2)c1)c1ccccc1
O=S(=O)(NCCc1cccc(C2=CC2)c1)c1ccccc1
O=S(=O)(NCCc1cccc(C2=CC2)c1)c1ccccc1
O=S(=O)(NCCc1cccc(C2=CC2)c1)c1ccccc1
C=C1C=C1c1cccc(CCNS(=O)(=O)c2ccccc2)c1
C=C1C=C1c1cccc(CCNS(=O)(=O)c2ccccc2)c1
O=S(=O)(NCCc1ccc2cc3cc-3c2c1)c1ccccc1
O=S(=O)(NCCc1ccc2ccccc2c1)c1ccccc1
c1ccc(Cc2[nH]c3ccccc3c2-c2ccccc2)cc1
c1ccc(Cc2[nH]c3ccccc3c2-c2ccccc2)cc1
c1ccc(Cc2[nH]c3ccccc3c2-c2ccccc2)cc1
c1ccc(Cc2[nH]c3ccccc3c2-c2ccccc2)cc1
c1ccc(CCc2ccc3[nH]c(Cc4ccccc4)cc3c2)cc1
c1ccc(CCc2ccc3[nH]c(Cc4ccccc4)cc3c2)cc1
C1=CCC(Cc2cc3cc(CCc4ccccc4)ccc3[nH]2)=C1
C1=CC(Cc2cc3cc(CCc4ccccc4)ccc3[nH]2)C1
C1=CC1Cc1cc2cc(CCc3ccccc3)ccc2[nH]1
C1=CC1Cc1cc2cc(CCc3ccccc3)ccc2[nH]1
C1=CC1Cc1cc2cc(Cc3ccccc3)ccc2[nH]1
c1ccc(Cc2ccc3[nH]c(CC4CC4)cc3c2)cc1
c1ccc(CCc2ccc3[nH]c(CC4CC4)cc3c2)cc1
c1ccc(CCc2ccc3[nH]c(CC4C5CC45)cc3c2)cc1
c1ccc(CCc2ccc3[nH]c(CCC4CC4)cc3c2)cc1
c1ccc(CCc2ccc3[nH]c(CCC4CC4)cc3c2)cc1
c1ccc(CCc2ccc3[nH]c(CCC4CC4)cc3c2)cc1
c1ccc(CCc2ccc3[nH]c(CCC4CC4)cc3c2)cc1
c1ccc(CCc2ccc3[nH]c(CCC4CC4)cc3c2)cc1
c1ccc(CCc2ccc3[nH]c(CCC4CC4)cc3c2)cc1
c1ccc(CCc2ccc3[nH]c(CCC4CC4)cc3c2)cc1
c1ccc(CCc2cc3cc(CCC4CC4)[nH]c3cn2)cc1
c1ccc(CCc2cc3cc(CCCC4CC4)[nH]c3cn2)cc1
c1ccc(CCc2cc3cc(CCCC4CC4)[nH]c3cn2)cc1
c1ccc(CCc2cc3cc(CCC4CC4)[nH]c3cn2)cc1
c1ccc(CCC(Cc2cc3ccncc3[nH]2)C2CC2)cc1
c1ccc(CCC(Cc2cc3ccncc3[nH]2)C2CC2)cc1
c1ccc(CCC(Cc2cc3ccncc3[nH]2)C2CCC2)cc1
c1ccc(CCC(Cc2cc3ccncc3[nH]2)C2CCC2)cc1
c1ccc(CCC(Cc2cc3ccncc3[nH]2)C2CCC2)cc1
c1ccc(CCC(Cc2cc3ccccc3[nH]2)C2CCC2)cc1
c1ccc(CCC(Cc2cc3cnccc3[nH]2)C2CCC2)cc1
c1ccc(CCC(Cc2cc3cnccc3[nH]2)C2CC2)cc1
c1ccc(Cc2[nH]c3ccccc3c2-c2ccccc2)cc1
c1ccc(CC2(c3ccccc3)Nc3ccccc32)cc1
c1ccc(C23Cc4ccccc4N2c2ccccc23)cc1
c1ccc(C23Cc4ccccc4N2c2ccccc23)cc1
c1ccc(C23CCc4ccccc4N2c2ccccc23)cc1
c1ccc(C23CCc4ccccc4N2c2ccccc23)cc1
c1ccc(C23CCCc4ccccc4N2c2ccccc23)cc1
c1ccc(C23CCCc4ccccc4N2c2ccccc23)cc1
c1ccc(C23CCCc4ccccc4N2c2ccccc23)cc1
c1ccc(C23CCCc4ccccc4N2c2ccccc23)cc1
c1ccc(C23CCCc4ccccc4N2c2ccccc23)cc1
C1=CC2C(=C1)N1c3ccccc3CCCC21c1ccccc1
C1=CC2C(=C1)C1c3ccccc3CCCC21c1ccccc1
c1ccc(C23CCCc4ccccc4C2c2cccn23)cc1
c1ccc(C23CCCCc4ccccc4C2c2cccn23)cc1
c1ccc(C23CCCCc4ccccc4C2c2cccn23)cc1
c1ccc(C23CCCCc4ccccc4C2c2cccn23)cc1
c1ccc(C23CCCCc4ccccc4C2c2cccn23)cc1
c1ccc(C23CCCc4ccccc4C2c2cccn23)cc1
c1ccc(C2(n3cccc3)CCCc3ccccc3C2)cc1
c1ccc(C2(n3cccc3)CCCc3ccccc32)cc1
c1ccc(C2(n3cccc3)CCCc3ccccc32)cc1
c1ccc(C2(n3cccc3)CCCc3ccccc32)cc1
C1=CC(C2(n3cccc3)CCCc3ccccc32)C=C1
C1=CC(C2(n3cccc3)CCCCc3ccccc32)C=C1
C1=CC(C2(n3cccn3)CCCCc3ccccc32)C=C1
C1=CC(C2(n3cccn3)CCCc3ccccc32)C=C1
C1=CC(C2(n3cccn3)CCCc3ccccc32)C1
c1ccc2c(c1)CCCC2(C1CC1)n1cccn1
C1=C(C2(n3cccn3)CCCc3ccccc32)C1
C1=C(C2(n3cccn3)CCCc3ccccc32)C1
c1ccc2c(c1)CCCC2n1cccn1
c1ccc2c(c1)CCCC2Cn1cccn1
c1ccc2c(c1)CCCC2Cn1cccn1
c1ccc2c(c1)CCCC2Cn1cccn1
c1ccc2c(c1)CCCC2Cn1cccn1
c1ccc2c(c1)CCCC2Cn1cccn1
c1ccc2c(c1)CCCC2Cn1cccn1
c1ccc2c(c1)CCCC2Cn1cccn1
c1ccc2c(c1)CCCC2Cn1cccn1
c1ccc2c(c1)CCCC2Cn1cccn1
c1ccc2c(c1)CCCC2Cn1cccn1
c1ccc2c(c1)CCCC2Cn1cccn1
c1ccc2c(c1)CCCC2Cn1cccn1
c1ccc2c(c1)CCCC2Cn1cccn1
c1ccc2c(c1)CCCC2Cn1cccn1
c1ccc2c(c1)CCCC2Cn1cccn1
c1ccc2c(c1)CCCC2CCn1cccn1
c1ccc2c(c1)CCCC2CCn1cccn1
O=C(NCCNCNCC1CCCc2ccccc21)c1ccn[nH]1
O=C(NCCNCNCC1CCCc2ccccc21)c1ccn[nH]1
O=C(NCCNCCCC1CCCc2ccccc21)c1ccn[nH]1
O=C(NCCNCCCC1CCCc2ccccc21)c1ccn[nH]1
O=C(NCCNCCCC1CCCc2ccccc21)c1ccn[nH]1
O=C(NCCNCCCC1CCCc2ccccc21)c1ccn[nH]1
O=C(NCCNCCC1CCCc2ccccc21)c1ccn[nH]1
O=C(NCCNCCC1CCCc2ccccc21)c1ccn[nH]1
O=C(NCCCCCC1CCCc2ccccc21)c1ccn[nH]1
O=C(NCCCCCC1CCCc2ccccc21)c1ccn[nH]1
O=C(NCCCCCC1CCCc2ccccc21)c1ccn[nH]1
O=C(NCCCCCC1CCCCc2ccccc21)c1ccn[nH]1
O=C(NCCCCC1CCCCc2ccccc21)c1ccn[nH]1
O=C(NCCCCC1CCCCCc2ccccc21)c1ccn[nH]1
O=C(NCCCC1CCCCCc2ccccc21)c1ccn[nH]1
O=C(NCCCC1CCCCCc2ccccc21)c1ccn[nH]1
O=C(NCCCC1CCCCc2ccccc21)c1ccn[nH]1
O=C(NCCCC1CCCc2ccccc21)c1ccn[nH]1
O=C(NCCCC1CCCc2ccccc21)c1ccn[nH]1
O=C(NCCCC1CCCc2ccccc21)c1ccn[nH]1
O=C(NCCCC1CCCc2ccccc21)c1ccn[nH]1
O=C(NCCCC1CCCc2ccccc21)c1ccn[nH]1
O=C1OCC2Cc3cc4c(cc3C(c3ccccc3)C12)OCO4
O=C1OCC(Cc2ccc3c(c2)OCO3)C1Cc1ccccc1
O=C1OCC(Cc2ccc3c(c2)OCO3)C1Cc1ccc2c(c1)OCCO2
O=C1CC(Cc2ccc3c(c2)OC(Cc2ccc4c(c2)OCCO4)O3)CO1
O=C1CC(Cc2ccc(OCCc3ccc4c(c3)OCCO4)cc2)CO1
O=C1CC(Cc2ccc(OCCc3ccc4c(c3)OCCO4)cc2)CO1
O=C1CC(Cc2ccc(OCCc3ccc4c(c3)OCCC4)cc2)CO1
O=C1CC(Cc2ccc(OCC3CCOc4ccccc43)cc2)CO1
O=C1CC(Cc2ccc(OCC3CCOc4ccccc43)cc2)CO1
O=C1CC(Cc2ccc(OCC3CCOc4ccccc43)cc2)CO1
O=C1CC(Cc2ccc(OCC3CCCOc4ccccc43)cc2)CO1
O=C1CC(Cc2ccc(OCC3CCCCc4ccccc43)cc2)CO1
O=C1CC(Cc2ccc(OCC3CCCCc4ccccc43)cc2)CO1
O=C1CC(Cc2ccc(OCC3CCCc4ccccc43)cc2)CO1
O=C1CC(Cc2ccc(OCC3CCCc4ccccc43)cc2)CO1
O=C1CC(Cc2ccc(OCC3CCCc4ccccc43)cc2)CO1
O=C1CC(Cc2ccc(OCC3CCCc4ccccc43)cc2)CO1
O=C1CC(Cc2ccc(OCC3CCCc4ccccc43)cc2)CO1
O=C1CC(C(=O)c2ccc(OCC3CCCc4ccccc43)cc2)CO1
O=C1CC(C(=O)c2ccc(OCC3CCc4ccccc43)cc2)CO1
O=C1CC(C(=O)c2ccc(OCCc3ccccc3)cc2)CO1
O=C1CC(C(=O)c2ccc(OCCc3ccccc3)cc2)CO1
O=C1CC(C(=O)c2ccc(OCCc3ccccc3)cc2)CO1
O=C1CC(C(=O)c2ccc(OCCc3ccccc3)cc2)CO1
O=C1CC(OC(=O)c2ccc(OCCc3ccccc3)cc2)CO1
O=C1CC(OC(=O)c2ccc(OCCc3ccccc3)cc2)CO1
O=C1CC(OC(=O)c2ccc(OCCc3ccccc3)cc2)CO1
O=C1CC(OC(=O)c2ccc(OCCc3ccccc3)cc2)CO1
O=C1CC(OC(=O)c2ccc(OCCc3ccccc3)cc2)CO1
O=C1CC(OC(=O)c2ccc(OCCc3ccccc3)cc2)CO1
O=C1CC(OC(=O)c2ccc(OCc3ccccc3)cc2)CO1
O=C1CC(OC(=O)c2ccc(OCc3ccccc3)cc2)CO1
O=C1CC(OC(=O)c2ccc(OCc3ccccc3)cc2)CO1
O=C1CC(OC(=O)c2ccc(OCc3ccccc3)cc2)CCO1
O=C1CC(OC(=O)c2ccc(OCc3ccccc3)cc2)CCO1
O=C1CC(OC(=O)c2ccc(OCc3ccccc3)cc2)CO1
O=C1CC(OC(=O)c2ccc(OCc3ccccc3)cc2)CO1
O=C1CC(OC(=O)c2ccc(OCc3ccccc3)cc2)CO1
O=C1CC(OC(=O)c2ccc(OCc3ccccc3)cc2)CO1
O=C1CC(OC(=O)c2ccc(OCc3ccccc3)cc2)CO1
O=C1CC(OC(=O)c2ccc(OCc3ccccc3)cc2)CO1
O=C1CC(OC(=O)c2ccc(OCc3ccccc3)cc2)CO1
O=C1CC(OC(=O)c2ccc(OCc3ccccc3)cc2)CO1
O=C1CC(OC(=O)c2ccc(OCc3ccccc3)cc2)CO1
O=C1CCC(OC(=O)c2ccc(OCc3ccccc3)cc2)CO1
O=C1CCC(OC(=O)c2ccc(OCc3ccccc3)cc2)CO1
O=C1CCC(OC(=O)c2ccc(OCc3ccccc3)cc2)CO1
O=C1CCCC(OC(=O)c2ccc(OCc3ccccc3)cc2)CO1
O=C1CCCC(OC(=O)c2ccc(OCc3ccccc3)cc2)CO1
O=C1CCCC(OC(=O)c2ccc(OCc3ccccc3)cc2)CO1
O=C1CCCC(OC(=O)c2ccc(OCc3ccccc3)cc2)CO1
O=C1CCCC(OC(=O)c2ccc(OCc3ccccc3)cc2)CO1
O=C1CCCC(OC(=O)c2ccc(OCc3ccccc3)cc2)CO1
O=C1CCCC(OC(=O)c2ccc(OCc3ccccc3)cc2)CO1
O=C1CCCC(OC(=O)c2ccc(OCc3ccccc3)cc2)CO1
O=C1CCCC(OC(=O)c2ccc(OCc3ccccc3)cc2)CO1
O=C1CCCCC(OC(=O)c2ccc(OCc3ccccc3)cc2)CO1
O=C1CCCCC(OC(=O)c2ccc(OCc3ccccc3)cc2)CO1
O=C1CCCCC(OC(=O)c2ccc(OCc3ccccc3)cc2)CO1
O=C1CCCCC(OC(=O)c2ccc(OCc3ccccc3)cc2)CO1
O=C1CCCCC(OC(=O)c2ccc(OCc3ccccc3)cc2)CO1
O=C1CCCCC(OC(=O)c2ccc(OCc3ccccc3)cc2)CO1
O=C1CCCCC(OC(=O)c2ccc(OCc3ccccc3)cc2)CO1
O=C1CCCCC(OC(=O)c2ccc(OCc3ccccc3)cc2)CO1
O=C1CCCCC(OC(=O)c2ccc(OCc3ccccc3)cc2)CO1
O=C1CCCCC(OC(=O)c2ccc(OCc3ccccc3)cc2)CO1
O=C1CCCCC(OC(=O)c2ccc(OCc3ccccc3)cc2)CO1
O=C1CCCCC(OC(=O)c2ccc(OCc3ccccc3)cc2)CO1
O=C1CC(C(=O)N2CC2)CCC(OC(=O)c2ccc(OCc3ccccc3)cc2)CO1
O=C1CC(C(=O)N2CCC2)CCC(OC(=O)c2ccc(OCc3ccccc3)cc2)CO1
O=C1CC(C(=O)N2CCCC2)CCC(OC(=O)c2ccc(OCc3ccccc3)cc2)CO1
O=C1CC(C(=O)N2CCCCC2)CCC(OC(=O)c2ccc(OCc3ccccc3)cc2)CO1
O=C1CC(C(=O)N2CCCCC2)CC(OC(=O)c2ccc(OCc3ccccc3)cc2)CO1
O=C1CC(C(=O)N2CCCCC2)CC(OC(=O)c2ccc(OCc3ccccc3)cc2)CO1
O=C1CC(C(=O)N2CCCCC2)C(OC(=O)c2ccc(OCc3ccccc3)cc2)CO1
O=C1CC(C(=O)N2CCCCC2)C(OC(=O)c2ccc(OCc3ccccc3)cc2)CO1
O=C1CC(C(=O)N2CCCC2)C(OC(=O)c2ccc(OCc3ccccc3)cc2)CO1
O=C1CC(C(=O)N2CCC(OC(=O)c3ccc(OCc4ccccc4)cc3)C2)CCO1
O=C1CC(C(=O)N2CCC(OC(=O)c3ccc(OCc4ccccc4)cc3)C2)CO1
O=C1CC(C(=O)N2CCCC(OC(=O)c3ccc(OCc4ccccc4)cc3)C2)CO1
O=C1OCC2Cc3cc4c(cc3C(c3ccccc3)C12)OCO4
O=C1OCC2Cc3cc4c(cc3C(c3ccccc3)C12)OCO4
O=C1OCC2Cc3cc4c(cc3C(COc3ccccc3)C12)OCO4
O=C1CCC2Cc3cc4c(cc3C(COc3ccccc3)C12)OCO4
O=C1CCC2Cc3cc4c(cc3C(COc3ccccc3)C12)CCO4
O=C1CCC2C(Oc3ccccc3)C(c3ccc4c(c3)CCO4)C12
O=C1CCC2C(Oc3ccccc3)C(c3ccc4c(c3)CCO4)C12
c1ccc(OC23CCC2CC3c2ccc3c(c2)CCO3)cc1
c1ccc(OC23CCC2CC3c2ccc3c(c2)CCO3)cc1
c1ccc(OC23CCC2CC3c2ccc3c(c2)CCO3)cc1
c1ccc(OC23CCC2CC3c2ccc3c(c2)CCO3)cc1
c1ccc(OC23CCC2CC3c2ccc3c(c2)CCO3)cc1
c1ccc(OC23CCC2CC3c2ccc3c(c2)CCC3)cc1
c1ccc(OC23CCC2CC3c2ccc3c(c2)CCC3)cc1
c1ccc(OC23CCC2CC3c2ccc3c(c2)CCCC3)cc1
c1ccc(OC23CCC2CC3c2ccc3c(c2)CCCC3)cc1
c1ccc(OC23CCC2CC3C2CCCc3ccccc32)cc1
c1ccc(OC23CCC2CC3C2CCCc3ccccc32)cc1
c1ccc(OC23CCC2CC3C2CCCc3ccccc32)cc1
c1ccc(OC23CCC2CC3C2CCCc3ccccc32)cc1
c1ccc(OC23CCC2CC3C2CCCc3ccccc32)cc1
c1ccc(OC23CCC2CC3C2CCCc3ccccc32)cc1
c1ccc(OC23CCC2CC3C2CCCCc3ccccc32)cc1
c1ccc(OC23CCC2CC3C2CCCCc3ccccc32)cc1
c1ccc(OC23CCC2CC3C2CCCCc3ccccc32)cc1
c1ccc(C2CCC(C3CC4CCC43)c3ccccc3C2)cc1
c1ccc(C2CCC(C3CC4CCC43)c3ccccc3C2)cc1
c1ccc(C2CCC(C3CC4CCC43)c3ccccc3C2)cc1
c1ccc(C2CCC(C3CC4CCC43)c3ccccc3C2)cc1
c1ccc(C2CCC(C3CC4CCC43)c3ccccc3C2)cc1
c1ccc(C2CCC(C3CC4CCC43)c3ccccc3C2)cc1
c1ccc(C2CCC(C3CC4CCC43)c3ccccc3C2)cc1
c1ccc(C2CCC(C3CCCCC3)c3ccccc3C2)cc1
c1ccc(C2CCC(C3CCCCC3)c3ccccc3C2)cc1
c1ccc(CC2CCC(C3CCCCC3)c3ccccc3C2)cc1
c1ccc(-c2ccc3c(c2)CCCCC3C2CCCCC2)cc1
c1ccc(-c2ccc3c(c2)CCCCC3C2CCCCC2)cc1
c1ccc(-c2ccc3c(c2)CCCCC3C2CCCC2)cc1
c1ccc(-c2ccc3c(c2)CCCCC3C2CCCC2)cc1
c1ccc(-c2ccc3c(c2)CCCCCC3C2CCCC2)cc1
c1ccc(-c2ccc3c(c2)CCCCCC3C2CCC2)cc1
c1ccc(-c2ccc3c(c2)CCCCCC3C2CC2)cc1
c1ccc(-c2ccc3c(c2)CCCCCC3C2CCC2)cc1
c1ccc(-c2ccc3c(c2)CCCCCC3C2CCC2)cc1
c1ccc(-c2ccc3c(c2)C2CC2CCCC3C2CCC2)cc1
c1ccc(-c2ccc3c(c2)C2CC2CCCC3C2CCC2)cc1
c1ccc(-c2ccc3c(c2)C2CC2CCCC3C2CCC2)cc1
c1ccc(-c2ccc3c(c2)C2CC2CCCC3C2CCC2)cc1
c1ccc(-c2ccc3c(c2)C2CCC2CCCC3C2CCC2)cc1
c1ccc(-c2ccc3c(c2)CCCC2CCC2C3C2CCC2)cc1
c1ccc(-c2ccc3c(c2)CCCC2CCCC2C3C2CCC2)cc1
c1ccc(-c2ccc3c(c2)CCC2CCCC2C3C2CCC2)cc1
c1ccc(-c2ccc3c(c2)CCC2CCCC2C3C2CCC2)cc1
c1ccc(-c2ccc3c(c2)CCC2CCCC2C3C2CCC2)cc1
c1ccc(-c2ccc3c(c2)CCC2CCCC2C(C2CCC2)C3)cc1
c1ccc(-c2ccc3c(c2)CCC2CCCC2C(C2CCC2)C3)cc1
c1ccc(-c2ccc3c(c2)CCC2CCCC2C(C2CCC2)C3)cc1
c1ccc(-c2ccc3c(c2)CC2CCCC2C(C2CCC2)C3)cc1
c1ccc(-c2ccc3c(c2)CC2CCCC2C(C2CCCC2)C3)cc1
c1ccc(-c2ccc3c(c2)CC2CCCC2C(C2CCCC2)CC3)cc1
c1ccc(-c2ccc3c(c2)CCC(C2CCCC2)C2CCCC2C3)cc1
c1ccc(-c2ccc3c(c2)CCC(C2CCCC2)C2CCCC2C3)cc1
c1ccc(-c2ccc3c(c2)CCC(C2CCC2)C2CCCC2C3)cc1
c1ccc(-c2ccc3c(c2)CCC(C2CC2)C2CCCC2C3)cc1
c1ccc(-c2ccc3c(c2)CCC(C2CC2)C2CCCC2C3)cc1
c1ccc(-c2ccc3c(c2)CCC(C2CCC2)C2CCCC2C3)cc1
c1ccc(-c2ccc3c(c2)CCC(C2CCC2)C2CCCC2C3)cc1
c1ccc(-c2ccc3c(c2)CCC(C2CCC2)C2CCCC2C3)cc1
c1ccc(-c2ccc3c(c2)CCC(C2CC2)C2CCCC2C3)cc1
c1ccc(-c2ccc3c(c2)CCC(C2CC2)C2CCCC2C3)cc1
c1ccc(-c2ccc3c(c2)CCC(C2CC2)C2CCCC2C3)cc1
c1ccc(-c2ccc3c(c2)CCC(C2CC2)C2CCCC2C3)cc1
c1ccc(-c2ccc3c(c2)CCC(C2CC2)C2CCCC2C3)cc1
c1ccc(-c2ccc3c(c2)CCC(C2CC2)C2CCCC2C3)cc1
c1ccc(-c2ccc3c(c2)CCC(C2CC2)C2CCCC2C3)cc1
c1ccc(-c2ccc3c(c2)CCC(C2CC2)C2CCCC2C3)cc1
c1ccc(-c2ccc3c(c2)CCC(C2CC2)C2CCCC2C3)cc1
c1ccc(-c2ccc3c(c2)CCC(C2CC2)C2CCCC2C3)cc1
c1ccc(-c2ccc3c(c2)CCC(C2CC2)C2CCCC2C3)cc1
c1ccc(-c2ccc3c(c2)CCC(C2CC2)C2CCCC2C3)cc1
c1ccc(-c2ccc3c(c2)CCC(C2CCC2)C2CCCC2C3)cc1
c1ccc(-c2ccc3c(c2)CCC(C2CCC2)C2CCCC2C3)cc1
c1ccc(-c2ccc3c(c2)CCC(C2CCC2)C2CCCC2C3)cc1
c1ccc(Nc2ccc3c(c2)CCC(C2CCC2)C2CCCC2C3)cc1
c1ccc(Nc2ccc3c(c2)CCC(C2CCC2)C2CCCC2C3)cc1
c1ccc(Nc2ccc3c(c2)CCC(C2CCC2)C2CCCC2C3)cc1
c1ccc(Nc2ccc3c(c2)CCC(C2CCC2)C2CCCC2C3)cc1
c1ccc(Nc2ccc3c(c2)CCC(C2CC4CC42)C2CCCC2C3)cc1
c1ccc(N2c3cc4c(cc32)CC2CCCC2C(C2CC3CC32)CC4)cc1
c1ccc(N2c3cc4c(cc32)CC2CCCC2C(C2CCC3CC32)CC4)cc1
c1ccc(N2c3cc4c(cc32)CC2CCCC2C(C2CCCCC2)CC4)cc1
c1ccc(N2c3cc4c(cc32)CC2CCCC2C(C2CCCCC2)CC4)cc1
c1ccc(N2c3cc4c(cc32)CC2CCCC2C(C2CCCC2)CC4)cc1
c1ccc(N2c3cc4c(cc32)CC2CCCC2C(C2CCCCC2)CC4)cc1
c1ccc(N2c3cc4c(cc32)CC2CCCC2C(C2CCCCC2)CC4)cc1
c1ccc(N2c3cc4c(cc32)CC2CCCC2C(C2CCC3CC32)CC4)cc1
c1ccc(N2c3cc4c(cc32)CC2CCCC2C(C2CCC3CC3C2)CC4)cc1
c1ccc(N2c3cc4c(cc32)CC2CCCC2C(C2CCCCC2)CC4)cc1
c1ccc(N2c3cc4c(cc32)CC2CCCC2C(C2CCCC2)CC4)cc1
c1ccc(N2c3cc4c(cc32)CC2CCCC2C(C2CCCC2)CC4)cc1
c1ccc(N2c3cc4c(cc32)CC2CCCC2C(C2CC2)CC4)cc1
c1ccc(N2c3cc4c(cc32)CC2CCCC2C(C2CC2)CC4)cc1
c1ccc(N2c3cc4c(cc32)CC2CCCC2C(C2CC2)CC4)cc1
c1ccc(N2c3cc4c(cc32)CC2CCCC2C(C2CC2)CC4)cc1
c1ccc(N2c3cc4c(cc32)CC2CCCC2C(C2CC2)CC4)cc1
c1ccc(N2Cc3cc4c(cc32)CCC(C2CC2)C2CCCC2C4)cc1
c1ccc(N2CCc3cc4c(cc32)CCC(C2CC2)C2CCCC2C4)cc1
c1ccc(-n2ccc3cc4c(cc32)CCC(C2CC2)C2CCCC2C4)cc1
c1ccc(-n2ccc3cc4c(cc32)CCC(C2CC2)C2CCCC2C4)cc1
c1ccc(-n2ccc3cc4c(cc32)CCC(C2CC2)C2CCCC2C4)cc1
c1ccc(-n2ccc3cc4c(cc32)CCC(C2C3OC32)C2CCCC2C4)cc1
c1ccc(-n2ncc3cc4c(cc32)CCC(C2C3OC32)C2CCCC2C4)cc1
c1ccc(-n2ncc3cc4c(cc32)CCC(C2CC3OC32)C2CCCC2C4)cc1
c1ccc(-n2ncc3cc4c(cc32)CCC(C2CC3CC32)C2CCCC2C4)cc1
c1ccc(-n2ncc3cc4c(cc32)CCC(C2CC3CC32)C2CCCC2C4)cc1
c1ccc(-n2ncc3cc4c(cc32)CCC(C2CCCC2)C2CCCC2C4)cc1
c1ccc(-n2ncc3cc4c(cc32)CCC(C2CCC2)C2CCCC2C4)cc1
c1ccc(-n2ncc3cc4c(cc32)CCC(C2CCC2)C2CCCC2C4)cc1
c1ccc(-n2ncc3c4c(ccc32)CC2CCCC2C(C2CCC2)CC4)cc1
c1ccc(-n2ncc3c4c(ccc32)CC2CCCC2C(C2CCC2)C4)cc1
c1ccc(-n2ncc3c4c(ccc32)CC2CCCC2C(C2CC2)C4)cc1
c1ccc(-n2ncc3c4c(ccc32)CC2CCCC2C(C2CC2)CC4)cc1
c1ccc(-n2ncc3c4c(ccc32)CC2CCCC2C(C2CC2)CC4)cc1
c1ccc(-n2ncc3c4c(ccc32)CC2CCCC2C(C2CC2)CC4)cc1
c1ccc(-n2ncc3c4c(ccc32)CC2CCCC2C(C2CC2)C4)cc1
c1ccc(-n2ncc3c4c(ccc32)CC2CCCC2C(C2CC2)C4)cc1
c1ccc(-n2ncc3cc4c(cc32)CCC(C2CC2)C2CCCC2C4)cc1
c1ccc(-n2ncc3cc4c(cc32)CCC(C2CC2)C2CCCC2C4)cc1
c1ccc(-n2ncc3cc4c(cc32)CCC(C2CC2)C2CCCC2C4)cc1
C1=C2CCC(C3CC3)C3CCCC3CC2c2cnn(-c3ccccc3)c21
C1=C2CC(C3CC3)C3CCCC3CC2c2cnn(-c3ccccc3)c21
C1=C2CC(C3CC3)C3CCCC3CC2Cc2cnn(-c3ccccc3)c21
C1=C2CCC3CCCC3CC2Cc2cnn(-c3ccccc3)c21
C1=C2CCC3CCCC3CC2Cc2cnn(-c3ccccc3)c21
C1=C2CCC3CCCC3CC2Cc2cnn(-c3ccccc3)c21
C1=C2CC3CCCC3CC2Cc2cnn(-c3ccccc3)c21
C1=C2CCC3CCCCC3C2Cc2cnn(-c3ccccc3)c21
C1=C2CCC3CCCCC3C2Cc2cnn(-c3ccccc3)c21
C1=C2CCC3CCCCCC3C2Cc2cnn(-c3ccccc3)c21
C1=C2CCC3CCCCCCC3C2Cc2cnn(-c3ccccc3)c21
C1=C2CCC3CCCCCCC3C2Cc2cnn(-c3ccccc3)c21
C1=C2CCC3CCCCCC3C2Cc2cnn(-c3ccccc3)c21
C1=C2CCC3CCCCCCC3C2Cc2cnn(-c3ccccc3)c21
C1=C2CCCC3CCCCCCC3C2Cc2cnn(-c3ccccc3)c21
C1=C2CCCC3CCCCCCC3C2Cc2cnn(-c3ccccc3)c21
C1=C2CCCC3CCCCCCC3C2Cc2cnn(-c3ccccc3)c21
C1=C2CCCC3CCCCCCC3C2Cc2cnn(-c3ccccc3)c21
C1=C2CCCC3CCCCCC3C2Cc2cnn(-c3ccccc3)c21
C1=C2CCCC3CCCCCC3C2Cc2cnn(-c3ccccc3)c21
C1=C2CCCC3CCCCC3C2Cc2cnn(-c3ccccc3)c21
C1=C2CCCC3CCCCC3C2Cc2cnn(-c3ccccc3)c21
C1=C2CCCC3CCCCCC3C2Cc2cnn(-c3ccccc3)c21
C1=C2CCCC3C4CC4CCCC3C2Cc2cnn(-c3ccccc3)c21
C1=C2CCCC3C4CC4CCCC3C2Cc2cnn(-c3ccccc3)c21
C1=C2CCCC3C4CCC4CCCC3C2Cc2cnn(-c3ccccc3)c21
C1=C2CCCC3C4CCC4CCCC3C2Cc2cnn(-c3ccccc3)c21
C1=C2CCC3C4CCC4CCCC3C2Cc2cnn(-c3ccccc3)c21
C1=C2CCC3C4CCC4CCCC3C2Cc2cnn(-c3ccccc3)c21
C1=C2CCC3C4CC4CCCCC3C2Cc2cnn(-c3ccccc3)c21
C1=C2CCC3C4CC4CCCCC3C2Cc2cnn(-c3ccccc3)c21
C1=C2CCC3C4CC4CCCC3C2Cc2cnn(-c3ccccc3)c21
C1=C2CCC3CCCCCC3C2Cc2cnn(-c3ccccc3)c21
C1=C2CCCC(C3CCC3)C2Cc2cnn(-c3ccccc3)c21
C1=C2CCCC(C3CCC3)C2Cc2cnn(-c3ccccc3)c21
C1=C2CCC3CC4CCC4C3C2Cc2cnn(-c3ccccc3)c21
C1=C2CCC3CC4CCCC4C3C2Cc2cnn(-c3ccccc3)c21
C1=C2CCC3CC4CCCC4C3C2Cc2cnn(-c3ccccc3)c21
C1=C2CCC3C4CCCC4C3C2Cc2cnn(-c3ccccc3)c21
C1=C2CCC3C4CCCC4C3C2Cc2cnn(-c3ccccc3)c21
C1=C2CCC3C4CCCC4CC3C2Cc2cnn(-c3ccccc3)c21
C1=C2CCC3C4CCCCC4CC3C2Cc2cnn(-c3ccccc3)c21
C1=C2CCC3C4CCCCC4CCC3C2Cc2cnn(-c3ccccc3)c21
C1=C2CCC3C4CCCCC4CCC3C2Cc2cnn(-c3ccccc3)c21
C1=C2CCC3C4CCCC4CCC3C2Cc2cnn(-c3ccccc3)c21
C1=C2CCC3C4CCCC4CCC3C2Cc2cnn(-c3ccccc3)c21
O=C1OCC2Cc3cc4c(cc3C(c3ccccc3)C12)OCO4
O=C1OCC(Cc2ccc3c(c2)OCO3)C1Cc1ccccc1
O=C1OCC(Cc2ccc3c(c2)OCO3)C1Cc1ccccc1
O=C1CCC(Cc2ccc3c(c2)OCO3)C1Cc1ccccc1
O=C1CCC(Cc2ccc3c(c2)OCO3)C1Cc1ccccc1
O=C1CCCC(Cc2ccc3c(c2)OCO3)C1Cc1ccccc1
O=C1CCCC(Cc2ccc3c(c2)OCO3)C1Cc1ccccc1
C=C1CCCC(Cc2ccc3c(c2)OCO3)C1Cc1ccccc1
C=C1CCCC(Cc2ccc3c(c2)OCO3)C1Cc1ccccc1
C=C1CCCC(Cc2ccc3c(c2)OCO3)C1Cc1ccccc1
C=C1CCCC(Cc2ccc3c(c2)OCO3)C1Cc1ccccc1
C=C1CCCC(Cc2ccc3c(c2)OCO3)C1Cc1ccccc1
C=C1CCCC(Cc2ccc3c(c2)CCO3)C1Cc1ccccc1
C=C1CCCC(Cc2cnc3c(c2)CCO3)C1Cc1ccccc1
C=C1CCCC(Cc2cnc3c(c2)CCO3)C1Cc1ccccc1
C=C1CCCC(Cc2cnc3c(c2)CCO3)C1CCc1ccccc1
C=C1CCCC(Cc2cnc3c(c2)CCO3)C1CCc1ccccc1
C=C1CCCC(Cc2cnc3c(c2)CCO3)C1CCc1ccccc1
C=C1CCCC(Cc2cnc3c(c2)CCC3)C1CCc1ccccc1
C=C1CCCC(Cc2cnc3c(c2)CCC3)C1Cc1ccccc1
C=C1CCCC(Cc2cnc3c(c2)CC3)C1Cc1ccccc1
C=C1CCCC(Cc2cnc3c(c2)CCN3)C1Cc1ccccc1
C=C1CCCC(Cc2cnc3c(c2)CCN3c2ccccc2)C1
C=C1CCCC(Cc2cnc3c(c2)CCN3c2ccccc2)C1
C=C1CCCC(Cc2cnc3c(c2)CCN3c2ccccc2)C1
C1=C2CCCC(Cc3cnc4c(c3)CCN4c3ccccc3)C2C1
C1=C2CCCC(Cc3cnc4c(c3)CCN4c3ccccc3)C12
C1=C2CCCC(Cc3ccc4c(c3)CCN4c3ccccc3)C12
C1=C2CCCC(Cc3ccc4c(c3)CCN4c3ccccc3)C12
C1=C2CCCC(Cc3ccc4c(c3)CCN4c3ccccc3)C12
C1=C2CCCC(Cc3cnc4c(c3)CCN4c3ccccc3)C12
C1=C2CCCC(Cc3cnc4c(c3)CNN4c3ccccc3)C12
C1=C2CCCC(Cc3cnc4c(c3)CNN4c3ccccc3)C2C1
C1=C2CCCC(Cc3cnc4c(cnn4-c4ccccc4)c3)C2C1
C1=C2CCCC(Cc3cncc4cnn(-c5ccccc5)c34)C2C1
C1=C2CCCCC(Cc3cncc4cnn(-c5ccccc5)c34)C2C1
C1=C2CCCCC(Cc3cccc4cnn(-c5ccccc5)c34)C2C1
C1=C2CCCCC(Cc3cccc4cnn(-c5ccccc5)c34)C2CC1
C1=C2CCCCC(Cc3cccc4cnn(-c5ccccc5)c34)C2CC1
C1=C2CCCCC(Cc3cccc4cnn(-c5ccccc5)c34)C2CC1
C=C1C=C2CCCCC(Cc3cccc4cnn(-c5ccccc5)c34)C2C1
C=C1C=C2CCCCCC(Cc3cccc4cnn(-c5ccccc5)c34)C2C1
C=C1C=C2CCCCCC(Cc3cccc4cnn(-c5ccccc5)c34)C2C1
C=C1C=C2CCCCCC(Cc3cccc4cnn(-c5ccccc5)c34)C2C1
C=C1C=C2CCCCCC(Cc3cccc4cnn(-c5ccccc5)c34)C2C1
C=C1C=C2CCCCC(Cc3cccc4cnn(-c5ccccc5)c34)C2C1
C=C1C=C2CCCC(Cc3cccc4cnn(-c5ccccc5)c34)C2C1
C=C1C=C2CCCC(Cc3cccc4cnn(-c5ccccc5)c34)C2C1
C=C1C=C2CCCC(Cc3cccc4cnn(-c5ccccc5)c34)C2C1
C=C1C=C2CCCC(Cc3cccc4cnn(-c5ccccc5)c34)C2C1
C=C1C=C2CCCC(Cc3ccc4c(cnn4-c4ccccc4)c3)C2C1
C=C1C=C2CCCC(Cc3ccc4c(cnn4-c4ccccc4)c3)C2C1
C=C1C=C2CCCC(Cc3ccc4c(cnn4-c4ccccc4)c3)C2C1
C=C1C=C2CCCC(Cc3ccc4c(cnn4-c4ccccc4)c3)C2C1
C=C1C=C2CCCC(Cc3ccc4c(cnn4-c4ccccc4)c3)C2C1
C=C1C=C2CCCC(Cc3ccc4c(cnn4-c4ccccc4)c3)C2C1
C=C1C=C2CCCC(Cc3ccc4c(cnn4-c4ccccc4)c3)C2C1
C=C1C=C2CCCCC(Cc3ccc4c(cnn4-c4ccccc4)c3)C2C1
C=C1C=C2CCCCC(Cc3ccc4c(cnn4-c4ccccc4)c3)C2C1
C=C1C=C2CCCCC(Cc3ccc4c(cnn4-c4ccccc4)c3)C2C1
C=C1C=C2CCCCC(Cc3ccc4c(cnn4-c4ccccc4)c3)C2C1
C=C1C=C2CCCCC(Cc3ccc4c(cnn4-c4ccccc4)c3)C2C1
C=C1C=C2CCCC(Cc3ccc4c(cnn4-c4ccccc4)c3)C2C1
C=C1C=C2CCCC(Cc3ccc4c(cnn4-c4ccccc4)c3)C2C1
C=C1C=C2CCCC(Cc3ccc4c(cnn4-c4ccccc4)c3)C2C1
C=C1C=C2CCCC(Cc3ccc4c(cnn4-c4ccccc4)c3)C2C1
C=C1C=C2CCCC(Cc3ccc4c(cnn4-c4ccccc4)c3)C2C1
C=C1C=C2CCCC(Cc3ccc4c(cnn4-c4ccccc4)c3)C2C1
C=C1C=C2CCCC(Cc3ccc4c(cnn4-c4ccccc4)c3)C2C1
C=C1C=C2CCCC(Cc3ccc4c(cnn4-c4ccccc4)c3)C2C1
C=C1C=C2CCCC(Cc3ccc4c(cnn4-c4ccccc4)c3)C2C1
C=C1C=C2CCCC(Cc3cccc4c3cnn4-c3ccccc3)C2C1
C=C1C=C2CCCC(Cc3cccc4c3cnn4-c3ccccc3)C2C1
C=C1C=C2CCCC(Cc3cccc4c3cnn4-c3ccccc3)C2C1
C=C1C=C2CCCC(Cc3cccc4c3cnn4-c3ccccc3)C2C1
C=C1C=C2CCCC(Cc3cccc4c3cnn4-c3ccccc3)C2C1
C=C1C=C2CCCC(Cc3cccc4c3cnn4-c3ccccc3)C2C1
C=C1C=C2CCCC(Cc3cccc4c3cnn4-c3ccccc3)C2C1
C=C1C=C2CCCC(Cc3cccc4c3cnn4-c3ccccc3)C2C1
C=C1C=C2CCCC(Cc3cccc4c3cnn4-c3ccccc3)C2C1
C=C1C=C2CCCC(Cc3cccc4c3cnn4-c3ccccc3)C2C1
C=C1C=C2CCCC(Cc3cccc4c3cnn4-c3ccccc3)C2C1
C=C1C=C2CCCC(Cc3cccc4c3cnn4-c3ccccc3)C2C1
C=C1C=C2CCCC(Cc3cccc4c3cnn4-c3ccccc3)C2C1
C=C1C=C2CCCC(Cc3cccc4c3cnn4-c3ccccc3)C2C1
C=C1C=C2CCCC(Cc3cccc4c3cnn4-c3ccccc3)C2C1
C=C1C=C2CCCC(Cc3cccc4c3cnn4-c3ccccc3)C2C1
C=C1C=C2CCCC(Cc3cccc4c3cnn4-c3ccccc3)C2C1
C=C1C=C2CCCC(Cc3cccc4c3cnn4-c3ccccc3)C2C1
C=C1C=C2CCCC(Cc3cccc4c3cnn4-c3ccccc3)C2C1
C=C1C=C2CCCC(Cc3cccc4c3cnn4-c3ccccc3)C2C1
C=C1C=C2CCCC(Cc3cccc4c3cnn4-c3ccccc3)C2C1
C=C1C=C2CCCC(Cc3cccc4c3cnn4-c3ccccc3)C2C1
C=C1C=C2CCCC(Cc3cccc4c3cnn4-c3ccccc3)C2C1
C=C1C=C2CCCCC(Cc3cccc4c3cnn4-c3ccccc3)C2C1
C=C1C=C2CCCCC(Cc3cccc4c3cnn4-c3ccccc3)C2C1
C=C1C=C2CCCC(Cc3cccc4c3cnn4-c3ccccc3)C2C1
C=C1C=C2CCCC(Cc3cccc4c3cnn4-c3ccccc3)C2C1
C=C1C=C2CCCC(Cc3cccc4c3cnn4-c3ccccc3)C2C1
C=C1C=C2CCCC(Cc3ccc4c(cnn4-c4ccccc4)c3)C2C1
C=C1C=C2CCCC(Cc3ccc4c(cnn4-c4ccccc4)c3)C2C1
C=C1C=C2CCCC(Cc3ccc4c(cnn4-c4ccccc4)c3)C2C1
C=C1C=C2CCCC(Cc3ccc4c(cnn4-c4ccccc4)c3)C2C1
C=C1C=C2CCCC(Cc3ccc4c(cnn4-c4ccccc4)c3)C2C1
C=C1C=C2CCCC(Cc3ccc4c(cnn4-c4ccccc4)c3)C2C1
C1=CCC2C(=C1)CCCC2Cc1ccc2c(cnn2-c2ccccc2)c1
C1=CCC2C(=C1)CCCC2Cc1ccc2c(cnn2-c2ccccc2)c1
C1=CCC2C(=C1)CCCC2Cc1ccc2c(cnn2-c2ccccc2)c1
C1=CCC2C(=C1)CCCC2Cc1ccc2c(cnn2-c2ccccc2)c1
C1=CCC2C(=C1)CCCC2Cc1ccc2c(cnn2-c2ccccc2)c1
C1=CCC2C(=C1)CCCC2Cc1ccc2c(cnn2-c2ccccc2)c1
C1=CCC2C(=C1)CCCC2Cc1ccc2c(cnn2-c2ccccc2)c1
C1=CCC2C(=C1)CCCC2Cc1ccc2c(cnn2-c2ccccc2)c1
C1=CCC2C(=C1)CCCC2Cc1ccc2c(cnn2-c2ccccc2)c1
C1=CCC2C(=C1)CCCC2Cc1ccc2c(cnn2-c2ccccc2)c1
C1=CCC2C(=C1)CCCC2Cc1ccc2c(cnn2-c2ccccc2)c1
C1=CCC2C(=C1)CCCC2Cc1ccc2c(cnn2-c2ccccc2)c1
C1=CCC2C(=C1)CCCC2Cc1ccc2c(cnn2-c2ccccc2)c1
C1=CCC2C(=C1)CCCC2Cc1ccc2c(cnn2-c2ccccc2)c1
C1=CCC2C(=C1)CCCC2Cc1ccc2c(cnn2-c2ccccc2)c1
C1=CCC2C(=C1)CCCC2Cc1ccc2c(cnn2-c2ccccc2)c1
C1=CCC2C(=C1)CCCC2Cc1ccc2c(cnn2-c2ccccc2)c1
C1=CCC2C(=C1)CCCC2Cc1ccc2c(cnn2-c2ccccc2)c1
C1=CCC2C(=C1)CCCC2Cc1ccc2c(cnn2-c2ccccc2)c1
C1=CCC2C(=C1)CCCC2Cc1ccc2c(cnn2-c2ccccc2)c1
C1=C2CCCC(Cc3ccc4c(cnn4-c4ccccc4)c3)C2Cc2cc[nH]c21
C1=C2CCCC(Cc3ccc4c(cnn4-c4ccccc4)c3)C2Cc2cc[nH]c21
C1=C2CCCC(Cc3ccc4c(cnn4-c4ccccc4)c3)C2Cc2cc[nH]c21
C1=C2CCCC(Cc3ccc4c(cnn4-c4ccccc4)c3)C2Cc2cn[nH]c21
C1=C2CCCCC(Cc3ccc4c(cnn4-c4ccccc4)c3)C2Cc2cn[nH]c21
C1=C2CCCCC(Cc3ccc4c(cnn4-c4ccccc4)c3)C2Cc2cn[nH]c21
C1=C2CCCCCC(Cc3ccc4c(cnn4-c4ccccc4)c3)C2Cc2cn[nH]c21
C1=C2CCCCCC(Cc3ccc4c(cnn4-c4ccccc4)c3)C2Cc2cn[nH]c21
C1=C2CCCCCC(Cc3ccc4c(cnn4-c4ccccc4)c3)C2Cc2cn[nH]c21
C1=C2CCCCCC(Cc3ccc4c(cnn4-c4ccccc4)c3)C2Cc2cn[nH]c21
C1=C2CCCCCC(Cc3ccc4c(cnn4-c4ccccc4)c3)C2Cc2cn[nH]c21
C1=C2CCCCCC(Cc3ccc4c(cnn4-c4ccccc4)c3)C2Cc2cn[nH]c21
C1=C2CCCCC(Cc3ccc4c(cnn4-c4ccccc4)c3)C2Cc2cn[nH]c21
C1=C2CCCC(Cc3ccc4c(cnn4-c4ccccc4)c3)C2Cc2cn[nH]c21
C1=C2CCCC(Cc3ccc4c(cnn4-c4ccccc4)c3)C2Cc2cn[nH]c21
C1=C2CCCC(CCc3ccc4c(cnn4-c4ccccc4)c3)C2Cc2cn[nH]c21
C1=C2CCCC(CCc3ccc4c(cnn4-c4ccccc4)c3)C2Cc2cn[nH]c21
C1=C2CCCCC2Cc2cnn(CCc3ccc4c(cnn4-c4ccccc4)c3)c21
C1=C2CCCCC2Cc2cnn(CCc3ccc4c(cnn4-c4ccccc4)c3)c21
C1=C2CCCCC2Cc2cnn(Cc3ccc4c(cnn4-c4ccccc4)c3)c21
C1=C2CCCCC2Cc2cnn(-c3ccc4c(cnn4-c4ccccc4)c3)c21
C1=C2CCCCC2Cc2cnn(-c3ccc(Nc4ccccc4)cc3)c21
C1=C2CCCCC2Cc2cnn(-c3ccc(Nc4ccccc4)cc3)c21
C1=C2CCCCC2Cc2cnn(-c3ccc(Nc4ccccc4)cc3)c21
C1=C2CCCCC2Cc2cnn(-c3ccc(Nc4ccccc4)cc3)c21
C1=C2CCCCC2Cc2cnn(-c3ccc(Cc4ccccc4)cc3)c21
C1=C2CCCCC2Cc2cnn(-c3ccc(Cc4ccccc4)cc3)c21
C1=C2CCCCC2Cc2cnn(-c3ccc(Cc4ccccc4)cc3)c21
C1=C2CCCCC2Cc2cnn(-c3ccc(Cc4ccccc4)cc3)c21
C1=C2CCCCC2Cc2cnn(-c3ccc(Cc4ccccc4)cc3)c21
C1=C2CCCCC2Cc2cnn(-c3ccc(Cc4ccccc4)cc3)c21
C1=C2CCCCC2Cc2cnn(-c3ccc(Cc4ccccc4)cc3)c21
C1=C2CCCC(CC3CC3)C2Cc2cnn(-c3ccc(Cc4ccccc4)cc3)c21
C1=C2CCCCC2Cc2cnn(-c3ccc(Cc4ccccc4)cc3)c21
C1=C2CCCCC2Cc2cnn(-c3ccc(Cc4ccccc4)cc3)c21
C1=C2CCCCC2Cc2cnn(-c3ccc(-c4ccccc4)cc3)c21
C1=C2CCCC(CC3CCCO3)C2Cc2cnn(-c3ccc(-c4ccccc4)cc3)c21
C1=C2CCCC(CC3CCCO3)C2Cc2cnn(-c3ccc(-c4ccccc4)cc3)c21
C1=C2CCCCC2Cc2cnn(-c3ccc(-c4ccccc4)cc3)c21
C1=C2CCCCC2Cc2cnn(-c3ccc(-c4ccccc4)cc3)c21
C1=C2CCCC(CCC3CC3)C2Cc2cnn(-c3ccc(-c4ccccc4)cc3)c21
C1=C2CCCC(CC3CC3)C2Cc2cnn(-c3ccc(-c4ccccc4)cc3)c21
C1=C2CCCC(CC3CCO3)C2Cc2cnn(-c3ccc(-c4ccccc4)cc3)c21
C1=C2CCCCC2Cc2cnn(-c3ccc(-c4ccccc4)cc3)c21
C1=C2CCCCC2Cc2cnn(-c3ccc(-c4ccccc4)cc3)c21
C1=C2CCCCC2Cc2cnn(-c3ccc(-c4ccccc4)cc3)c21
C1=C2CCCCC2Cc2cnn(-c3ccc(-c4ccccc4)cc3)c21
C1=C2CCCCC2Cc2cnn(-c3ccc(-c4ccccc4)cc3)c21
C1=C2CCCCC2Cc2cnn(-c3ccc(-c4ccccc4)cc3)c21
C1=C2CCCCC2Cc2cnn(-c3ccc(-c4ccccc4)cc3)c21
C1=C2CCCCC2Cc2cnn(-c3ccc(-c4ccccc4)cc3)c21
C1=C2CCCCC2Cc2cnn(-c3ccc(-c4ccccc4)cc3)c21
C1=C2CCCCC2Cc2cnn(-c3ccc(-c4ccccc4)cc3)c21
C1=C2CCCCC2Cc2cnn(-c3ccc(-c4ccccc4)cc3)c21
C1=C2CCCCC2Cc2cnn(-c3ccc(-c4ccccc4)cc3)c21
C1=C2CCCCC2Cc2cnn(-c3ccc(-c4ccccc4)cc3)c21
C1=C2CCCCC2Cc2cnn(-c3ccc(-c4ccccc4)cc3)c21
C1=C2CCCCC2Cc2cnn(-c3ccc(-c4ccccc4)cc3)c21
C1=CC1CC1CCCC2=Cc3c(cnn3-c3ccc(-c4ccccc4)cc3)CC21
C1=CC1CC1CCCC2=Cc3c(cnn3-c3ccc(-c4ccccc4)cc3)CC21
C1=CC1CC1CCCC2=Cc3c(cnn3-c3ccc(-c4ccccc4)cc3)CC21
C1=C2CCCCC2Cc2cnn(-c3ccc(-c4ccccc4)cc3)c21
C1=C(CCC2CCCC3=Cc4c(cnn4-c4ccc(-c5ccccc5)cc4)CC32)N1
C1=C(CCC2CCCC3=Cc4c(cnn4-c4ccc(-c5ccccc5)cc4)CC32)N1
C1=C(CC2CCCC3=Cc4c(cnn4-c4ccc(-c5ccccc5)cc4)CC32)N1
C1=C(CC2CCCC3=Cc4c(cnn4-c4ccc(-c5ccccc5)cc4)CC32)N1
C1=C(CC2CCCC3=Cc4c(cnn4-c4ccc(-c5ccccc5)cc4)CC32)C1
C1=C(CC2CCCCC3=Cc4c(cnn4-c4ccc(-c5ccccc5)cc4)CC32)C1
C1=C(CC2CCCCC3=Cc4c(cnn4-c4ccc(-c5ccccc5)cc4)CC32)C1
C1=C(CC2CCCCC3=Cc4c(cnn4-c4ccc(-c5ccccc5)cc4)CC32)O1
C1=C(CC2CCCC3=Cc4c(cnn4-c4ccc(-c5ccccc5)cc4)CC32)O1
C1=C(CC2CCCC3=Cc4c(cnn4-c4ccc(-c5ccccc5)cc4)CC32)C1
C1=C(CC2CCCC3=Cc4c(cnn4-c4ccc(-c5ccccc5)cc4)CC32)C1
C1=C(CC2CCCC3=Cc4c(cnn4-c4ccc(Cc5ccccc5)cc4)CC32)C1
C1=C(CC2CCCC3=Cc4c(cnn4-c4ccc(Cc5ccccc5)cc4)CC32)C1
C1=C(CC2CCCC3=Cc4c(cnn4-c4ccc(-c5ccccc5)cc4)CC32)C1
C1=C2CCCC(CC3=C(c4ccccc4)C3)C2Cc2cnn(-c3ccccc3)c21
C1=C2CCCC(CC3=C(c4ccccc4)C3)C2Cc2cnn(-c3ccccc3)c21
C1=C2CCCC(CC3=C(c4ccccc4)C3)C2Cc2cnn(-c3ccccc3)c21
C1=C2CCCC(CC3=C(c4ccccc4)C3)C2Cc2cnn(-c3ccccc3)c21
C1=C2CCCC(CC3=C(c4ccccc4)C3)C2Cc2cnn(-c3ccccc3)c21
C1=C2CCCC(CC3=C(Cc4ccccc4)C3)C2Cc2cnn(-c3ccccc3)c21
C1=C2CCCC(CC3=C(Cc4ccccc4)C3)C2Cc2cnn(-c3ccccc3)c21
C1=C2CCCC(CC3=C(c4ccccc4)C3)C2Cc2cnn(-c3ccccc3)c21
C(=Cc1ccccc1)CC1CCCC2=Cc3c(cnn3-c3ccccc3)CC21
C1=C(CC2CCCC3=Cc4c(cnn4-c4ccccc4)CC32)Cc2ccccc21
C1=C(CC2CCCC3=Cc4c(cnn4-c4ccccc4)CC32)Cc2ccccc21
C1=C2CCCC(Cc3cc4ccccc4s3)C2Cc2cnn(-c3ccccc3)c21
C1=C2CCCC(Cc3cc4ccccc4s3)C2Cc2cnn(-c3ccccc3)c21
O=C1OCC2Cc3cc4c(cc3C(c3ccccc3)C12)OCO4
c1ccc(C2CCCc3cc4c(cc32)OCO4)cc1
c1ccc(C2CCCc3cc4c(cc32)OCO4)cc1
c1ccc(OCC2CCCc3cc4c(cc32)OCO4)cc1
c1ccc(OCCc2ccc3c(c2)OCO3)cc1
c1ccc(OCCc2ccc3c(c2)OCO3)cc1
c1ccc(CCOc2ccccc2)cc1
c1ccc(CCOc2ccccc2)cc1
c1ccc(CCOc2ccccc2)cc1
c1ccc(CCOc2ccccc2)cc1
c1ccc(CCOc2ccccc2)cc1
c1ccc(CCOc2ccccc2)cc1
c1ccc(CCOc2ccccc2)cc1
c1ccc(CCOc2ccccc2)cc1
c1ccc(CCOc2ccccc2)cc1
c1ccc(CCOc2ccccc2)cc1
c1ccc(CCOc2ccccc2)cc1
c1ccc(CCOc2ccccc2)cc1
c1ccc(CCOc2ccccc2)cc1
c1ccc(CCOc2ccccc2)cc1
c1ccc(CCOc2ccccc2)cc1
c1ccc(CCOc2ccccc2)cc1
c1ccc(CCOc2ccccc2)cc1
c1ccc(CCOc2ccccc2)cc1
c1ccc(CCOc2ccccc2)cc1
c1ccc(CCCNc2ccccc2)cc1
c1ccc(CCNc2ccccc2)cc1
c1ccc(CCNc2ccccc2)cc1
c1ccc(CCNc2ccccc2)cc1
c1ccc(CCNc2ccccc2)cc1
c1ccc(CCNc2ccccc2)cc1
c1ccc(CCNc2ccccc2)cc1
c1ccc(CNc2ccccc2)cc1
c1ccc(CNc2ccccc2)cc1
c1ccc(CNc2ccccc2)cc1
c1ccc(CNc2ccccc2)cc1
c1ccc(CNc2ccccc2)cc1
c1ccc(CNc2ccccc2)cc1
c1ccc(CNc2ccccc2)cc1
c1ccc(CNc2ccccc2)cc1
c1ccc(CNc2ccccc2)cc1
c1ccc(CNc2ccccc2)cc1
c1ccc(CNc2ccccc2)cc1
c1ccc(CNc2ccccc2)cc1
c1ccc(CNc2ccccc2)cc1
c1ccc(CNc2ccccc2)cc1
c1ccc(CNc2ccccc2)cc1
c1ccc(CNc2ccccc2)cc1
c1ccc(CNc2ccccc2)cc1
c1ccc(CNc2ccccc2)cc1
c1ccc(CNc2ccccc2)cc1
c1ccc(CNc2ccccc2)cc1
c1ccc(CNc2ccccc2)cc1
c1ccc(CNc2ccccc2)cc1
c1ccc(CNc2ccccc2)cc1
c1ccc(CNc2ccccc2)cc1
c1ccc(CNc2ccccc2)cc1
c1ccc(CNc2ccccc2)cc1
c1ccc(CNc2ccccc2)cc1
c1ccc(CNc2ccccc2)cc1
c1ccc(CNc2ccccc2)cc1
c1ccc(CNc2ccccc2)cc1
c1ccc(CNc2ccccc2)cc1
c1ccc(CNc2ccccc2)cc1
c1ccc(CNc2ccccc2)cc1
c1ccc(CNc2ccccc2)cc1
c1ccc(CNc2ccccc2)cc1
c1ccc(CNc2cccc3c2CCCCC3)cc1
c1ccc(CNc2cccc3c2CCCCCC3)cc1
c1ccc(CNc2cccc3c2CCCCCC3)cc1
c1ccc(CNc2cccc3c2CCCCC3)cc1
c1ccc(CNc2ccccc2)cc1
c1ccc(CNc2ccccc2)cc1
c1ccc(CNc2ccccc2)cc1
c1ccc(CNc2ccccc2)cc1
c1ccc(CNc2ccccc2)cc1
c1ccc(CNc2ccccc2)cc1
c1ccc(CNc2ccccc2)cc1
c1ccc(CNc2cccc(CN3CCC3)c2)cc1
c1ccc(CNc2cccc(CN3CCC3)c2)cc1
c1ccc(CNc2ccccc2)cc1
c1ccc(CNc2ccccc2)cc1
c1ccc(CNc2ccccc2)cc1
c1ccc(CNc2cccc(NC3CC3)c2)cc1
c1ccc(CNc2cccc(NC3CC3)c2)cc1
c1ccc(CNc2ccccc2NC2CC2)cc1
c1ccc(CNc2ccccc2NC2CC2)cc1
c1ccc(CNc2ccccc2CC2CC2)cc1
O=C1CC1Cc1ccccc1NCc1ccccc1
O=C1CC1CCc1ccccc1NCc1ccccc1
c1ccc(CNc2ccccc2)cc1
c1ccc(CNc2ccccc2)cc1
c1ccc(CNc2ccccc2)cc1
c1ccc(CNc2ccccc2)cc1
c1ccc(CNc2ccccc2)cc1
c1ccc(CNc2cccc3c2CC3)cc1
c1ccc(CNc2ccccc2)cc1
c1ccc(CNc2ccccc2)cc1
c1ccc(CNc2ccccc2)cc1
c1ccc(CNc2ccccc2)cc1
c1ccc(CNc2ccccc2)cc1
c1ccc(CNc2ccccc2)cc1
c1ccc(CNc2ccccc2)cc1
c1ccc(CNc2ccccc2)cc1
c1ccc(CNc2ccccc2)cc1
c1ccc(CNc2ccccc2)cc1
c1ccc(CNc2ccccc2)cc1
c1ccc(CNc2ccccc2)cc1
c1ccc(CNc2ccccc2)cc1
c1ccc(CNc2ccccc2)cc1
c1ccc(CNc2ccccc2)cc1
c1ccc(CNc2ccccc2)cc1
c1ccc(CNc2ccccc2)cc1
c1ccc(CNc2ccccc2)cc1
c1ccc(CNc2ccccc2)cc1
c1ccc(CNc2ccccc2)cc1
c1ccc(CNc2ccccc2)cc1
c1ccc(CNc2ccccc2)cc1
c1ccc(CNc2ccccc2)cc1
c1ccc(CNc2ccccc2)cc1
c1ccc(CNc2ccccc2)cc1
c1ccc(CNc2ccccc2)cc1
c1ccc(CNc2ccccc2)cc1
c1ccc(CNc2ccccc2)cc1
c1ccc(CNc2ccccc2)cc1
c1ccc(CNc2ccccc2)cc1
c1ccc(CNc2ccccc2)cc1
c1ccc(CNc2ccccc2)cc1
c1ccc(CNc2ccccc2)cc1
c1ccc(CNc2ccccc2)cc1
c1ccc(CNc2ccccc2)cc1
c1ccc(CNc2ccccc2)cc1
c1ccc(CNc2ccccc2)cc1
c1ccc(CNc2ccccc2)cc1
c1ccc(CNc2ccccc2)cc1
c1ccc(CNc2ccccc2)cc1
c1ccc(CNc2ccccc2)cc1
O=C(CC1CC1)c1ccccc1NCc1ccccc1
c1ccc(CNc2ccccc2CCC2CC2)cc1
c1ccc(CNc2ccccc2CCC2CCC2)cc1
c1ccc(CNc2ccccc2CCC2CCC2)cc1
c1ccc(CNc2ccccc2CCC2CCC2)cc1
c1ccc(CNc2ccccc2CCC2CC2)cc1
c1ccc(CNc2ccccc2CCC2CC2)cc1
C=C(Cc1ccccc1NCc1ccccc1)C1CC1
C=C(c1ccccc1NCc1ccccc1)C1CC1
C=C(c1ccccc1NCc1ccccc1)C1CC1
C1=C(c2ccccc2NCc2ccccc2)CCC1
c1ccc(CNc2ccccc2)cc1
c1ccc(CNc2ccccc2)cc1
c1ccc(CNc2ccccc2)cc1
c1ccc(CNc2cccc3ccccc23)cc1
c1ccc(CNc2cccc3ccncc23)cc1
c1ccc(CNc2cccc3ncccc23)cc1
c1ccc(CNc2cccc3ncccc23)cc1
c1ccc(CNc2cccc3ncccc23)cc1
c1ccc(CNc2cccc3ncccc23)cc1
O=C1OCC2Cc3cc4c(cc3C(c3ccccc3)C12)OCO4
O=C1OCC2Cc3ccccc3C(c3ccccc3)C12
O=C1OCC2Cc3ccccc3C(c3ccccc3)C12
O=C1OCC2Cc3ccccc3C(c3ccccc3)C12
O=C1OCC2Cc3ccccc3C(c3ccccc3)C12
c1ccc(C2CCCc3ccccc32)cc1
c1ccc(C2CCCc3ccccc32)cc1
c1ccc(C2CCCc3ccccc32)cc1
c1ccc(C2CCCc3ccccc32)cc1
c1ccc(C2CCCc3ccccc32)cc1
c1ccc(C2CCCc3ccccc32)cc1
c1ccc(C2CCCc3ccccc32)cc1
c1ccc(C2CCCc3ccccc32)cc1
c1ccc(C2CCCc3ccccc32)cc1
c1ccc(C2CCCc3ccccc32)cc1
c1ccc(C2CCCc3ccccc32)cc1
c1ccc(C2CCCc3ccccc32)cc1
c1ccc(C2CCCc3ccccc32)cc1
c1ccc(NC2CCCc3ccccc32)cc1
c1ccc(NC2CCCc3ccccc32)cc1
c1ccc(NC2CCCc3ccccc32)cc1
c1ccc(NC2CCCc3ccccc32)cc1
c1ccc(NC2CCCc3ccccc32)cc1
c1ccc(NC2CCCc3ccccc32)cc1
c1ccc(NC2CCCc3ccccc32)cc1
c1ccc(NC2CCCc3ccccc32)cc1
c1ccc(NC2CCCc3ccccc32)cc1
c1ccc(NC2CCCc3ccccc32)cc1
c1ccc(NC2CCCc3ccccc32)cc1
c1ccc(NC2CCCc3ccccc32)cc1
c1ccc(NC2CCCc3ccccc32)cc1
c1ccc(NC2CCCc3ccccc32)cc1
c1ccc(NC2CCCc3ccccc32)cc1
c1ccc(NC2CCCc3ccccc32)cc1
c1ccc(NC2CCCc3ccccc32)cc1
c1ccc(NC2CCCc3ccccc32)cc1
c1ccc(NC2CCCc3ccccc32)cc1
c1ccc(NC2CCCc3ccccc32)cc1
c1ccc(NC2CCCc3ccccc32)cc1
c1ccc(NC2CCCc3ccccc32)cc1
c1ccc(NC2CCCc3ccccc32)cc1
c1ccc(NC2CCCc3ccccc32)cc1
c1ccc(NC2CCCc3ccccc32)cc1
c1ccc(NC2CCCc3ccccc32)cc1
c1ccc(NC2CCCc3ccccc32)cc1
c1ccc(NC2CCCc3ccccc32)cc1
c1ccc(NC2CCCc3ccccc32)cc1
c1ccc(NC2CCCc3ccccc32)cc1
c1ccc(NC2CCCc3ccccc32)cc1
c1ccc(NC2CCCc3ccccc32)cc1
c1ccc(NC2CCCc3ccccc32)cc1
c1ccc(NC2CCCc3ccccc32)cc1
c1ccc(NC2CCCc3ccccc32)cc1
c1ccc(NC2CCCc3ccccc32)cc1
c1ccc(NC2CCCc3ccccc32)cc1
c1ccc(NC2CCCc3ccccc32)cc1
c1ccc(NC2CCCc3ccccc32)cc1
c1ccc(NC2CCCc3ccccc32)cc1
c1ccc(NC2CCCc3ccccc32)cc1
c1ccc(NC2CCCc3ccccc32)cc1
c1ccc(NC2CCCc3ccccc32)cc1
c1ccc(NC2CCCc3ccccc32)cc1
c1ccc(NC2CCCc3ccccc32)cc1
c1ccc(NC2CCCc3ccccc32)cc1
c1ccc(NC2CCCc3ccccc32)cc1
c1ccc(NC2CCCc3ccccc32)cc1
c1ccc(NC2CCCc3ccccc32)cc1
c1ccc(NC2CCCc3ccccc32)cc1
c1ccc(NC2CCCc3ccccc32)cc1
c1ccc(NC2CCCc3ccccc32)cc1
c1ccc(NC2CCCc3ccccc32)cc1
c1ccc(NC2CCCc3ccccc32)cc1
c1ccc(NC2CCCc3ccccc32)cc1
c1ccc(NC2CCCc3ccccc32)cc1
c1ccc(NC2CCCc3ccccc32)cc1
c1ccc(NC2CCCc3ccccc32)cc1
c1ccc(NC2CCCc3ccccc32)cc1
c1ccc(NC2CCCc3ccccc32)cc1
c1ccc(NC2CCCc3ccccc32)cc1
c1ccc(NC2CCCc3ccccc32)cc1
c1ccc(NC2CCCc3ccccc32)cc1
c1ccc(NC2CCCc3ccccc32)cc1
c1ccc(NC2CCCc3ccccc32)cc1
c1ccc(NC2CCCc3ccccc32)cc1
c1ccc(NC2CCCc3ccccc32)cc1
c1ccc(NC2CCCc3ccccc32)cc1
c1ccc(NC2CCCc3ccccc32)cc1
c1ccc(NC2CCCc3ccccc32)cc1
c1ccc(NC2CCCc3ccccc32)cc1
c1ccc(NC2CCCc3ccccc32)cc1
c1ccc(NC2CCCc3ccccc32)cc1
c1ccc(NC2CCCc3ccccc32)cc1
c1ccc(NC2CCCc3ccccc32)cc1
c1ccc(NC2CCCc3ccccc32)cc1
O=C(c1cccc(NC2CCCc3ccccc32)c1)N1CC1
O=C(c1cccc(NC2CCCc3ccccc32)c1)N1C=C1
C=C1NN1C(=O)c1cccc(NC2CCCc3ccccc32)c1
O=C(c1cccc(NC2CCCc3ccccc32)c1)N1CN1
O=C(c1cccc(NC2CCCc3ccccc32)c1)N1CCN1
O=C(c1cccc(NC2CCCc3ccccc32)c1)N1CC1
O=C(c1cccc(NC2CCCc3ccccc32)c1)N1CC1
O=C(Cc1cccc(NC2CCCc3ccccc32)c1)N1CC1
c1ccc(NC2CCCc3ccccc32)cc1
c1ccc(NC2CCCc3ccccc32)cc1
c1ccc(NC2CCCc3ccccc32)cc1
c1ccc(NC2CCCc3ccccc32)cc1
c1ccc(NC2CCCc3ccccc32)cc1
c1ccc(NC2CCCc3ccccc32)cc1
c1ccc(NC2CCCc3ccccc32)cc1
c1ccc(NC2CCCc3ccccc32)cc1
c1ccc(NC2CCCc3ccccc32)cc1
c1ccc(NC2CCCc3ccccc32)cc1
c1ccc(NC2CCCc3ccccc32)cc1
c1ccc(NC2CCCc3ccccc32)cc1
c1ccc(NC2CCCc3ccccc32)cc1
c1ccc(NC2CCCc3ccccc32)cc1
c1ccc(NC2CCCc3ccccc32)cc1
c1ccc(NC2CCCc3ccccc32)cc1
c1ccc(NC2CCCc3ccccc32)cc1
c1ccc(NC2CCCc3ccccc32)cc1
c1ccc(NC2CCCc3ccccc32)cc1
c1ccc(NC2CCCc3ccccc32)cc1
c1ccc(NC2CCCc3ccccc32)cc1
c1ccc(NC2CCCc3ccccc32)cc1
c1ccc(NC2CCCc3ccccc32)cc1
c1ccc(NC2CCCc3ccccc32)cc1
c1ccc(NC2CCCc3ccccc32)cc1
c1ccc(NC2CCCc3ccccc32)cc1
c1ccc(NC2CCCc3ccccc32)cc1
c1ccc(NC2CCCc3ccccc32)cc1
c1ccc(NC2CCCc3ccccc32)cc1
c1ccc(NC2CCCc3ccccc32)cc1
c1ccc(NC2CCCc3ccccc32)cc1
c1ccc(NC2CCCc3ccccc32)cc1
O=C(c1cccc(NC2CCCc3ccccc32)c1)N1CCC1
c1ccc(NC2CCCc3ccccc32)cc1
c1ccc(NC2CCCc3ccccc32)cc1
c1ccc(NC2CCCc3ccccc32)cc1
c1ccc(NC2CCCc3ccccc32)cc1
c1ccc(NC2CCCc3ccccc32)cc1
c1ccc(NC2CCCc3ccccc32)cc1
c1ccc(NC2CCCc3ccccc32)cc1
c1ccc(NC2CCCc3ccccc32)cc1
c1ccc(NC2CCCc3ccccc32)cc1
c1ccc(NC2CCCc3ccccc32)cc1
c1ccc(NC2CCCc3ccccc32)cc1
c1ccc(NC2CCCc3ccccc32)cc1
c1ccc(NC2CCCc3ccccc32)cc1
c1ccc(NC2CCCc3ccccc32)cc1
c1ccc(NC2CCCc3ccccc32)cc1
c1ccc(NC2CCCc3ccccc32)cc1
c1ccc(NC2CCCc3ccccc32)cc1
c1ccc(NC2CCCc3ccccc32)cc1
c1ccc(NC2CCCc3ccccc32)cc1
c1ccc(NC2CCCc3ccccc32)cc1
c1ccc(NC2CCCc3ccccc32)cc1
c1ccc(NC2CCCc3ccccc32)cc1
c1ccc(NC2CCCc3ccccc32)cc1
c1ccc(NC2CCCc3ccccc32)cc1
c1ccc(NC2CCCc3ccccc32)cc1
c1ccc(NC2CCCc3ccccc32)cc1
c1ccc(NC2CCCc3ccccc32)cc1
c1ccc(NC2CCCc3ccccc32)cc1
c1ccc(NC2CCCc3ccccc32)cc1
c1ccc(NC2CCCc3ccccc32)cc1
c1ccc(NC2CCCc3ccccc32)cc1
c1ccc(NC2CCCc3ccccc32)cc1
c1ccc(NC2CCCc3ccccc32)cc1
c1ccc(NC2CCCc3ccccc32)cc1
O=C(NCCc1ccccc1NC1CCCc2ccccc21)N1CC1
O=C(CNCCc1ccccc1NC1CCCc2ccccc21)N1CC1
c1ccc(NC2CCCc3ccccc32)cc1
c1ccc(NC2CCCc3ccccc32)cc1
c1ccc(NC2CCCc3ccccc32)cc1
c1ccc(NC2CCCc3ccccc32)cc1
c1ccc(NC2CCCc3ccccc32)cc1
c1ccc(NC2CCCc3ccccc32)cc1
c1ccc(NC2CCCc3ccccc32)cc1
c1ccc(NC2CCCc3ccccc32)cc1
c1ccc(NC2CCCc3ccccc32)cc1
c1ccc(NC2CCCc3ccccc32)cc1
c1ccc(NC2CCCc3ccccc32)cc1
c1ccc2c(c1)CCCC2Nc1cccc2ccccc12
c1ccc2c(c1)CCCC2Nc1cccc2ccccc12
c1ccc2c(c1)CCCC2Nc1cccc2ccccc12
c1ccc2c(c1)CCCC2Nc1cccc2ccccc12
c1ccc2c(c1)CCCC2Nc1cccc2ccccc12
c1ccc2c(c1)CCCC2Nc1cccc2ccccc12
c1ccc2c(c1)CCCC2Nc1cccc2ncccc12
O=C1OCC2Cc3cc4c(cc3C(c3ccccc3)C12)OCO4
O=C1OCC2Cc3cc4c(cc3C(c3ccccc3)C12)OCO4
O=C1OCC2Cc3cc4c(cc3C(COc3ccccc3)C12)OCO4
O=C1OCC2Cc3cc4c(cc3C(COc3ccccc3)C12)OCO4
O=C1OCC2Cc3cc4c(cc3C(COc3ccccc3)C12)OCO4
O=C1OCCC2Cc3cc4c(cc3C(COc3ccccc3)C12)OCO4
O=C1OCC2CCc3cc4c(cc3C(COc3ccccc3)C12)OCO4
O=C1OCC2CCc3ccccc3C(COc3ccccc3)C12
O=C1CCC2CCc3ccccc3C(COc3ccccc3)C12
O=C1CCCC2CCc3ccccc3C(COc3ccccc3)C12
O=C1CCCC2CCCc3ccccc3C(COc3ccccc3)C12
O=C1CCCC2CCCc3ccccc3C(COc3ccccc3)C12
O=C1CCCC2CCCc3ccccc3C(COc3ccccc3)C12
O=C1CCCC2CCCc3ccccc3C(COc3ccccc3)C12
O=C1CCCC2CCCc3ccccc3C(COc3ccccc3)C12
O=C1CCCC2CCCc3ccccc3C(COc3ccccc3)C12
O=C1CCCC2CCCc3ccccc3C(COc3ccccc3)C12
O=C1CCCC2CCCc3ccccc3C(COc3ccccc3)C12
O=C1CCCC2CCCc3ccccc3C(COc3ccccc3)C12
O=C1CCCC2CCCc3ccccc3C(COc3ccccc3)C12
O=C1CCCC2CCCc3ccccc3C(COc3ccccc3)C12
O=C1CCCC2CCCc3ccccc3C(COc3ccccc3)C12
O=C1CCCC2CCCc3ccccc3C(COc3ccccc3)C12
O=C1CCCC2CCCc3ccccc3C(COc3ccccc3N3CCC3)C12
O=C1CCCC2CCCc3ccccc3C(COc3ccccc3N3CCC3)C12
O=C1CCCC2CCCc3ccccc3C(COc3ccccc3N3CCC3)C12
O=C1CCCCC2CCCc3ccccc3C(COc3ccccc3N3CCC3)C12
O=C1CCCCC2CCCc3ccccc3C(COc3ccccc3N3CCC3)C12
O=C1CCCC2CCCc3ccccc3C(COc3ccccc3N3CCC3)C12
O=C1CCCC2CCCc3ccccc3C(COc3ccccc3N3CCC3)C12
O=C1CCC2CCCc3ccccc3C(COc3ccccc3N3CCC3)C12
O=C1CCC2CCCc3ccccc3C(COc3ccccc3N3CCC3)C12
O=C1CC2CCCc3ccccc3C(COc3ccccc3N3CCC3)C12
O=C1CC2CCCc3ccccc3C(COc3ccccc3N3CCC3)C12
O=C1CC2CCCc3ccccc3C(COc3ccccc3N3CCC3)C12
O=C1CC2CCCc3ccccc3C(COc3ccccc3N3CCC3)C12
O=C1CC2CCCc3ccccc3C(COc3ccccc3N3CCC3)C12
O=C1CC2CCCc3ccccc3C(COc3ccccc3N3CCC3)C12
O=C1CC2CCCc3ccccc3C(COc3ccccc3N3CC3)C12
O=C1CC2CCCc3ccccc3C(COc3ccccc3N3CC3)C12
O=C1CC2CCCc3ccccc3C(COc3ccccc3N3CC3)C2C1
O=C1CC2CCCc3ccccc3C(COc3ccccc3N3CC3)C2C1
O=C1CC2CCCc3ccccc3C(COc3ccccc3N3CC3)C2C1
O=C1CC2CCCc3ccccc3C(COc3ccccc3N3CC3)C2C1
O=C1CC2CCCc3ccccc3C(COc3ccccc3N3CC3)C2C1
O=C1CC2CCCc3ccccc3C(COc3ccccc3N3CC3)C2C1
O=C1CC2CCCc3ccccc3C(COc3ccccc3N3CC3)C12
O=C1CC2CCCc3ccccc3C(COc3ccccc3N3CC3)C12
O=C1CC2CCCc3ccccc3C(COc3ccccc3N3CC3)C12
c1ccc2c(c1)CCCCCC2COc1ccccc1N1CC1
O=C1CCCCc2ccccc2C1COc1ccccc1N1CC1
O=C1CCCCc2ccccc2C1COc1ccccc1N1CCC1
O=C1CCCCc2ccccc2C1COc1ccccc1N1CCC1
O=C1CCCCc2ccccc2C1Oc1ccccc1N1CCC1
O=C1CCCCc2ccccc2C1Oc1ccccc1N1CCCC1
O=C1CCCCc2ccccc2C1Oc1ccccc1N1CCCC1
O=C1CCCCc2ccccc2C1Oc1ccccc1N1CCCC1
O=C1CCCCc2ccccc2C1Oc1ccccc1N1CCCC1
O=C1CCCCc2ccccc2C1Oc1ccccc1N1CCC1
O=C1CCCCc2ccccc2C1Oc1ccccc1N1CCC1
O=C1CCCCc2ccccc2C1Cc1ccccc1N1CCC1
O=C1CCCCc2ccccc2C1Cc1ccccc1N1CC1
O=C1CCCCc2ccccc2C1Cc1ccccc1N1CC1
O=C1CCCCc2ccccc2C1Cc1ccccc1N1CCC1
O=C1CCCCc2ccccc2C1Cc1ccccc1N1CCC1
O=C1CCCCc2ccccc2C1Cc1ccccc1N1CCCC1
O=C1CCCCc2ccccc2C1Cc1ccccc1N1CCCC1
O=C1CCCCc2ccccc2C1Cc1ccccc1N1CCCC1
O=C1CCCCc2ccccc2C1Cc1ccccc1N1CCCC1
O=C1CCCCc2ccccc2C1CCc1ccccc1N1CCCC1
O=C1CCCCc2ccccc2C1CCc1ccccc1N1CCC1
O=C1CCCCc2ccccc2C1CCc1ccccc1N1CCC1
O=C1CCCCc2ccccc2C1Cc1ccccc1N1CCC1
O=C1CCCCc2ccccc2C1CCc1ccccc1N1CCC1
O=C1CCCCc2ccccc2C1CCc1ccccc1N1CC1
O=C1CCCCc2ccccc2C1CCc1ccccc1N1CC1
O=C1CCCCc2ccccc2C1CCc1ccccc1N1CC1
O=C1CCCCc2ccccc2C1CCc1ccccc1N1CC1
O=C1CCCCc2ccccc2C1CCc1ccccc1N1CC1
O=C1CN1c1ccccc1CCC1CCCCCc2ccccc21
O=C1CN1c1ccccc1CCC1CCCCCc2ccccc21
O=C1CN1c1ccccc1CCC1CC(C2CC2)CCCc2ccccc21
O=C1CN1c1ccccc1CCC1CC(C2CC2)CCCc2ccccc21
O=C1CN1c1ccccc1CCC1CCCCCc2ccccc21
O=C1CN1c1ccccc1CCCC1CCCCCc2ccccc21
O=C1CN1c1ccccc1CCC1CCCc2ccccc2CC1
O=C1CN1c1ccccc1CCC1CCCc2ccccc2CC1
O=C1CN1c1ccccc1CCCCC1CCCc2ccccc21
O=C1CN1c1ccccc1CCCCC1CCCc2ccccc21
O=C1CN1c1ccccc1CCCC1CCCc2ccccc21
O=C1CN1c1ccccc1CCCC1CCCc2ccccc21
O=C1CN1c1ccccc1CCCCC1CCCc2ccccc21
O=C1CCN1c1ccccc1CCCCC1CCCc2ccccc21
O=C1CCN1c1ccccc1CCCCC1CCCc2ccccc21
O=C1CN1c1ccccc1CCCCC1CCCc2ccccc21
O=C1CN1c1ccccc1CCCCC1CCCc2ccccc21
O=C1CN1c1ccccc1CCCCC1CCCc2ccccc21
O=C1CN1c1ccccc1CCCC1CCCc2ccccc21
O=C1CN1c1ccc(CCCC2CCCc3ccccc32)cc1
O=C1Nc2ccc(CCCC3CCCc4ccccc43)cc21
O=C1c2ccccc2N1CCCCC1CCCc2ccccc21
O=C1c2ccccc2N1CCCCC1CCCc2ccccc21
O=C1c2ccccc2N1CCCCC1CCCc2ccccc21
O=C1c2ccccc2N1CCCCC1CCCc2ccccc21
O=C1c2ccccc2N1CCCC1CCCc2ccccc21
O=C1c2ccccc2N1CCCC1CCCc2ccccc21
O=C1c2ccccc2N1CCCC1CCCc2ccccc21
O=C1c2ccccc2N1CCCC1CCCc2ccccc21
O=C1CN(CCCC2CCCc3ccccc32)c2ccccc21
O=C1CCN(CCCC2CCCc3ccccc32)c2ccccc21
O=C1CCN(CCCC2CCCc3ccccc32)c2ccccc21
O=c1ccn(CCCC2CCCc3ccccc32)c2ccccc12
O=c1ccn(CCCC2CCCc3ccccc32)c2ccccc12
O=c1ccn(CCCC2CCCc3ccccc32)c2ccccc12
O=c1ccn(CCCC2CCCc3ccccc32)c2ccccc12
O=C1OCC2Cc3cc4c(cc3C(c3ccccc3)C12)OCO4
c1ccc(C2CCCc3cc4c(cc32)OCO4)cc1
c1ccc(C2CCCc3cc4c(cc32)OCC4)cc1
c1ccc2c(c1)C2CCCc1ccc2c(c1)CCO2
c1cc(CCCC2c3ccccc32)c2c(c1)CCO2
O=C1OCC(Cc2cccc3c2OCC3)C1C1c2ccccc21
O=C1OCCC1C1c2cccc(OCc3cccc4c3OCC4)c21
O=C1OCCC1C1c2cccc(OCc3cccc4c3OCC4)c21
O=C1OCCC1C1c2cccc(OCc3cccc4c3OCC4)c21
O=C1OCCC1C1c2cccc(OCc3cccc4c3OCC4)c21
O=C1OCCC1C1c2cccc(OCc3cccc4c3OCC4)c21
O=C1OCC1C1c2cccc(OCc3cccc4c3OCC4)c21
O=C1OCC1C1c2cccc(OCc3cccc4c3OCC4)c21
O=C1OCC1C1c2cccc(CCc3cccc4c3OCC4)c21
O=C1OCC1C1c2cccc(Cc3cccc4c3OCC4)c21
C=C(Cc1cccc2c1OCC2)C1=CC1C1COC1=O
O=C1OCC1C1C=C1CCc1cccc2c1OCC2
O=C1OCC1C1C=C1CCc1cccc2c1OCC2
O=C1OCC1CCCCc1cccc2c1OCC2
O=C1OCC1CCCCc1cccc2c1OCC2
O=C1OCC1CCCCc1cccc2c1OCC2
O=C1OCC1CCCCCc1cccc2c1OCC2
O=C1OCC1CCCCCc1cccc2c1OCC2
O=C1OCC1CCCCCc1cccc2c1OCC2
O=C1OCC1CCCCCc1cccc2c1OCC2
O=C1OCC1CCCCc1cccc2c1OCC2
O=C1CCC1CCCCc1cccc2c1OCC2
O=C1CCCC1CCCCc1cccc2c1OCC2
O=C1CCCC1CCCCc1cccc2c1OCC2
O=C1CCC1CCCCc1cccc2c1OCC2
O=C1CCC1CCCCc1cccc2c1OCC2
O=C1CCC1CCCCc1cccc2c1OCC2
O=C1CC1CCCCc1cccc2c1OCC2
O=C1CC1CCCCc1cccc2c1OCC2
O=C1CC1CC(CCc1cccc2c1OCC2)CN1CC1
c1cc2c(c(CCC(CC3CC3)CN3CC3)c1)OCC2
C1=CC1CC(CCc1cccc2c1OCC2)CN1CC1
c1cc(CCCCN2CC2)c2c(c1)CCO2
c1cc(CCCCN2CC2)c2c(c1)CCO2
c1cc(CCCCN2CC2)c2c(c1)CCO2
c1cc(CCCCN2CC2)c2c(c1)CCO2
c1cc(CCCCN2CC2)c2c(c1)CCO2
c1cc(CCCCN2CC2)c2c(c1)CCO2
c1cc(CCCCN2CC2)c2c(c1)CCO2
c1cc(CCCCN2CC2)c2c(c1)CCO2
c1cc(CCCCN2CC2)c2c(c1)CCO2
c1cc(CCCCN2CC2)c2c(c1)CCO2
c1cc(CCCCN2CC2)c2c(c1)CCO2
C=C1CN1CCCCc1cccc2c1OCC2
C=C1CN1CCCCc1cccc2c1OCC2
C=C1C(=C)N1CCCCc1cccc2c1OCC2
C=C1C=CN1CCCCc1cccc2c1OCC2
c1cc(CCCCn2cccc2)c2c(c1)CCO2
c1cc(CCCCn2cccc2)c2c(c1)CCO2
c1cc(CCCCn2cccc2)c2c(c1)CCO2
c1cc(CCCCn2cc3c(c2)C3)c2c(c1)CCO2
c1cc(CCCCn2cc3c(c2)C3)c2c(c1)CCO2
O=c1c2cn(CCCCc3cccc4c3OCC4)cc12
O=c1ccn(CCCCc2cccc3c2OCC3)cc1
O=c1ccn(CCCCc2cccc3c2OCC3)cc1
O=c1ccn(CCCCc2cccc3c2OCC3)cc1
O=c1ccn(CCCCc2cccc3c2OCC3)cc1
O=c1ccn(CCCCc2cccc3c2OCC3)cc1
O=C1C=C2CCC3C4CCC(C#CC5CC5)C4CC(c4ccccc4)C3C2CC1
O=C1C=C2CCC3C4CCCC4CC(c4cccc(C#CC5CC5)c4)C3C2CC1
O=C1C=C2CCC3C4CCCC4CC(c4cccc(CC5CC5)c4)C3C2CC1
O=C1C=C2CCC3C4CCCC4CC(c4cccc(CC5CC5)c4)C3C2CC1
O=C1C=C2CCC3C4CCCC4CC(c4cccc(OCC5CC5)c4)C3C2CC1
O=C1CCC2C1CCC1C3CCCC3CC(c3cccc(OCC4CC4)c3)C21
O=C1CCC2C1CC(C1CC1)C1C3CCCC3CC(c3ccccc3)C21
c1ccc(C2CC3CCCC3C3C(C4CC4)CC4CCCC4C23)cc1
c1ccc(C2CCCC3C(C4CC4)CC4CCCC4C23)cc1
c1ccc(C2CCCC3C(C4CC4)CC4CCCC4C23)cc1
c1ccc(C2CCCC3C(C4CC4)C4CCCC4C23)cc1
c1ccc(C2CCCC(C(C3CCCC3)C3CC3)C2)cc1
c1ccc(C2CCCC(C(C3CCCC3)C3CC3)C2)cc1
c1ccc(C2CCCC(CC3CCCC3)C2)cc1
c1ccc(C2CCCC(CC3CCCC3)C2)cc1
c1ccc(CCCCCCC2CCCC2)cc1
c1ccc(NCCCCCCCC2CCCC2)cc1
c1ccc(NCCCCCCCC2CCCC2)cc1
c1ccc(NCCCCCCCC2CCCC2)cc1
c1ccc(NCCCCCCCCCCC2CCCC2)cc1
c1ccc(NCCCCCCCCCC2CCCC2)cc1
c1ccc(NCCCCCCCCC2CCCC2)cc1
c1ccc(NCCCCCCCC2CCCC2)cc1
c1ccc(CCCCCCCC2CCCC2)cc1
c1ccc(CCCCCCCC2CCCC2)cc1
c1ccc(CCCCCCCCC2CCCC2)cc1
c1ccc(CCCCCCCCC2CCCC2)cc1
c1ccc(CCCC2CC2CCC2CCCC2)cc1
c1ccc(CCCC2CC2CCC2CCCC2)cc1
c1ccc(CCC(CC2CC2)C2CCCC2)cc1
c1ccc(CCC(CC2CC2C2CC2)C2CCCC2)cc1
c1ccc(CCC(CCCCC2CC2)C2CCCC2)cc1
c1ccc(CCC(CCCC2CC2)C2CCCC2)cc1
c1ccc(CCC(CCC2CC2)C2CCCC2)cc1
c1ccc(CCC(CCC2CC2)C2CCCC2)cc1
c1ccc(CCC(CC2C3CC23)C2CCCC2)cc1
c1ccc(CCC(CC2CC2)C2CCCC2)cc1
C1=C(CC(CCc2ccccc2)C2CCCC2)C1
C1=C(CC(CCc2ccccc2)C2CCCC2)C1
C1=C(CC(CCc2ccccc2)C2CCCC2)C1
c1ccc(CCC(CC2=NC2)C2CCCC2)cc1
c1ccc(CCC(CC2=NCC2)C2CCCC2)cc1
c1ccc(CCC(CC2=NCC2)C2CCCC2)cc1
c1ccc(CCC(CC2=NC3CCC23)C2CCCC2)cc1
c1ccc(CCC(CC2=NC3CCC23)C2CCCC2)cc1
c1ccc(CCC(CC2=NC3CC23)C2CCCC2)cc1
C1=C2C(CC(CCc3ccccc3)C3CCCC3)=NC12
c1ccc(CCC(CC2=NC3=C2C3)C2CCCC2)cc1
c1ccc(CCC(Cc2nc3c([nH]2)C3)C2CCCC2)cc1
c1ccc(CCC(Cc2ncc[nH]2)C2CCCC2)cc1
c1ccc(CCC(Cc2ncc[nH]2)C2CCCCC2)cc1
c1ccc(CCC(Cc2ncc[nH]2)C2CCCCCC2)cc1
c1ccc(CCC(Cc2ncc[nH]2)C2CCCCCC2)cc1
c1ccc(CCC(Cc2ncc[nH]2)C2CCCCCCC2)cc1
c1ccc(CCC(Cc2nnc[nH]2)C2CCCCCCC2)cc1
C1=NN=C(CC(CCc2ccccc2)C2CCCCCCC2)NN1
C1=NC=C(CC(CCc2ccccc2)C2CCCCCCC2)NN1
C1=NC=C(CC(CCc2ccccc2)C2CCCCCC2)NN1
C1=NC=C(CC(CCc2ccccc2)C2CCCCCC2)NN1
C1=NC=C(CC(CCc2ccccc2)C2CCCCC2)NN1
C1=NC=C(CC(CCc2ccccc2)C2CCCCC2)NNC1
C1=NC=C(CC(CCc2ccccc2)C2CCCCC2)NC1
C1=NC=C(CC(CCc2ccccc2)C2CCCCC2)NC1
C1=NC=C(CC(CCc2ccccc2)C2CCCC2)NC1
C1=NC=C(CC(CCc2ccccc2)C2CCCC2)NC1
c1ccc(CCC(Cc2cnc[nH]2)C2CCCC2)cc1
c1ccc(CCC(Cc2cnc[nH]2)C2CCCC2)cc1
c1ccc(CCC(Cc2cnc[nH]2)C2CCCC2)cc1
c1ccc(CCC(Cc2cnc[nH]2)C2CCCC2)cc1
c1ccc(CCC(Cc2cnc[nH]2)C2CCCC2)cc1
c1ccc(CCC(Cc2cnc[nH]2)C2CCCC2)cc1
c1ccc(CCC(Cc2cnc[nH]2)C2CCCC2)cc1
c1ccc(CCC(Cc2cnc[nH]2)C2CCCC2)cc1
c1ccc(CCC(Cc2cnc[nH]2)C2CCCC2)cc1
c1ccc(CCC(Cc2cnc[nH]2)C2CCCC2)cc1
c1ccc(CCC(Cc2cnc[nH]2)C2CCCC2)cc1
c1ccc(CCC(Cc2cnc[nH]2)C2CCCCC2)cc1
C1=NC1c1ncc(CC(CCc2ccccc2)C2CCCCC2)[nH]1
C1=NC1Cc1ncc(CC(CCc2ccccc2)C2CCCCC2)[nH]1
C1=NC1Cc1ncc(CC(CCc2ccccc2)C2CCCCCC2)[nH]1
C1=NC1Cc1ncc(CC(CCc2ccccc2)C2CCCCCC2)[nH]1
C1=NC1Cc1ncc(CC(CCc2ccccc2)C2CCCCC2)[nH]1
c1ccc(CCC(Cc2cnc(CC3=NC3)[nH]2)C2CCCCC2)cc1
C1=NC1c1ncc(CC(CCc2ccccc2)C2CCCCC2)[nH]1
C1=NC1c1ncc(CC(CCc2ccccc2)C2CCCCCC2)[nH]1
C1=NC1c1ccc(CC(CCc2ccccc2)C2CCCCCC2)[nH]1
C1=NC1c1ccc(CC(CCc2ccccc2)C2CCCCC2)[nH]1
c1ccc(CCC(Cc2ccc(C34CC3=N4)[nH]2)C2CCCCC2)cc1
C1=NC1c1ccc(CC(CCc2ccccc2)C2CCCCC2)[nH]1
C1=CC1c1ccc(CC(CCc2ccccc2)C2CCCCC2)[nH]1
C1=CC1c1ccc(CC(CCc2ccccc2)C2CCCC2)[nH]1
C1=CC1c1ccc(CC(CCc2ccccc2)C2CCCC2)[nH]1
c1ccc(CCC(Cc2ccc(C3CC3)[nH]2)C2CCCC2)cc1
c1ccc(CCC(Cc2ccc(C3CC3)[nH]2)C2CCCC2)cc1
c1ccc(CCC(Cc2ccc(C3CC3)[nH]2)C2CCCC2)cc1
c1ccc(CCC(Cc2ccc(C3CC3)[nH]2)C2CCC2)cc1
c1ccc(CCC(Cc2ccc(C3CC3)[nH]2)C2CCC2)cc1
c1ccc(CCC(Cc2ccc(C3CCC3)[nH]2)C2CCC2)cc1
c1ccc(CCC(Cc2ccc(C3CCC3)[nH]2)C2CCC2)cc1
c1ccc(CCC(Cc2ccc(C3CCC3)[nH]2)C2CCC2)cc1
C1=C(c2ccc(CC(CCc3ccccc3)C3CCC3)[nH]2)CC1
C1=C(c2ccc(CC(CCc3ccccc3)C3CCC3)[nH]2)C1
c1ccc(CCC(Cc2ccc(C3=C4CC43)[nH]2)C2CCC2)cc1
c1ccc(CCC(Cc2ccc(C3=C4CC43)[nH]2)C2CCCC2)cc1
C1=C2C1=C2c1ccc(CC(CCc2ccccc2)C2CCCC2)[nH]1
C1=C2C1=C2c1ccc(CC(CCc2ccccc2)C2CCCCC2)[nH]1
C1=CC(c2ccc(CC(CCc3ccccc3)C3CCCCC3)[nH]2)=C1
c1ccc(CCC(Cc2cccc3ccc-3[nH]2)C2CCCCC2)cc1
c1ccc(CCC(Cc2cccc3ccc-3[nH]2)C2CCCC2)cc1
c1ccc(CCC(Cc2cc3ccccc3[nH]2)C2CCCC2)cc1
c1ccc(CCC(Cc2cc3ccccc3[nH]2)C2CCCCC2)cc1
c1ccc(CCC(Cc2cc3ccccc3[nH]2)C2CCCCCC2)cc1
c1ccc(CCC(Cc2cc3ccccc3[nH]2)C2CCCCCC2)cc1
c1ccc(CCC(Cc2cc3ccncc3[nH]2)C2CCCCCC2)cc1
c1ccc(CCC(Cc2cc3ccncc3[nH]2)C2CCCCC2)cc1
c1ccc(CCC(Cc2cc3ccncc3[nH]2)C2CCCC2)cc1
c1ccc(CCC(Cc2cc3ccncc3[nH]2)C2CCCC2)cc1
O=C1C=C2CCC3C4CCC(C#CC5CC5)C4CC(c4ccccc4)C3C2CC1
O=C1C=C2CCC3C4CCCC4CC(c4ccccc4)C3C2CC1
O=C1C=C2CCC3C4CCCC4CC(c4ccccc4)C3C2CC1
O=C1C=C2CCCC3C4CCCC4CC(c4ccccc4)C3C2CC1
O=C1C=C2CCCC3C4CCCC4CCC3C2CC1c1ccccc1
O=C1C=C2CCCC3C4CCCC4CCC3C2CC1c1ccccc1
O=C1C=C2CCCC3C4CCCC4CCC3C2CC1c1ccccc1
O=C1C=C2CCCC3CC(C4CCCC4)CCC3C2CC1c1ccccc1
O=C1C=C2CCCC3CC(C4CCCC4)CCC3C2CC1c1ccccc1
O=C1C=C2CCCC3CC(C4CCCC4)CCC3C2CC1c1ccccc1
O=C1C=C2CCCC3CC(C4CCCC4)CCC3C2CC1c1ccccc1
O=C1C=C2CCCC3CCCCC3C2CC1c1ccccc1
O=C1C=C2CCCC3CCCCC3C2CC1c1ccccc1
O=C1C=C2CCCC3CCCCC3C2CC1c1ccccc1
O=C1C=C2CCCC3CCCCC3C2CN1c1ccccc1
O=C1C=C2CCCC3CCCC3C2CN1c1ccccc1
O=C1C=C2CCCC3CCC3C2CN1c1ccccc1
O=C1C=C2CCCC3CCC3C2CN1c1ccccc1
O=C1C=C2CCCC3CC3C2CN1c1ccccc1
C=C1C=C2CCCC3CC3C2CN1c1ccccc1
C=C1C=C2CCCC3CC3C2CN1c1ccccc1
C=C1C=C2CCCCCC2CN1c1ccccc1
C=C1C=C2CCCCCC2CN1c1ccccc1
C=C1C=C2CCCCCC2CN1c1ccccc1
C=C1C=C2CCCCCC2CN(c2ccccc2)C1
C=C1C=C2CCCCCC2CN(c2ccccc2)C1
C=C1C=C2CCCCC2CN(c2ccccc2)C1
C=C1C=C2CCCCC2CN(c2ccccc2)C1
N=C1C=C2CCCCC2CN(c2ccccc2)C1
C1=C2CCCCC2CN(c2ccccc2)C2N=C12
C1=C2CCCCC2CN(c2ccccc2)C2N=C12
C1=C2CCCCC2CCN(c2ccccc2)C2N=C12
C1=C2CCCCC2CC2=C1CN2c1ccccc1
C1=C2CCCCC2CC2=C1CN2c1ccccc1
C1=C2CCCCCC2CC2=C1CN2c1ccccc1
C1=C2CCCCCC2CC2=C1CCN2c1ccccc1
C1=C2CCCCCC2CC2=C1CCN2c1ccccc1
C1=C2CCCCC2CC2=C1CCN2c1ccccc1
C1=C2CCCCC2CC2=C1CN2c1ccccc1
C1=C2CCCCC2CC2=C1CN(c1ccccc1)C2
C1=C2CCCCC2CC2=C1CN(c1ccccc1)CC2
C1=C2CCCCC2CC2=C1N(c1ccccc1)CC2
C1=C2CCCCC2Cc2ccn(-c3ccccc3)c21
C1=C2CCCCC2Cc2ccn(-c3ccccc3)c21
C1=C2CCCCC2Cc2cnn(-c3ccccc3)c21
C1=C2CCCCC2Cc2cnn(-c3ccccc3)c21
O=C1C=C2C=CC3C4CCCC4CCC3C2C2CC12
O=C1C=C2C=C3CCC4CCC(C3C4)C2C2CC12
O=C1C=C2C=C3CCC4CCC(C2CC1)C3C4
O=C1C=C2C=CC3CCCCC3C2CC1
O=C1C=C2C=CC3CCCCC3C2CC1
O=C1C=C2C=CCCC2CC1
O=C1C=C2C=CCCC2CC1
O=C1C=C2C=CCCC2CC1
O=C1C=C2C=CCCC2CC1
O=C1C=C2C=CCCCC2CC1
O=C1C=C2C=CCCCC2CC1
O=c1cc1CC1CC=CCCC1
O=c1cc1
O=c1cc1
O=c1cc1
O=c1cc1
O=c1cc1
O=c1cc1
O=c1cc1
O=c1cc1
O=c1cc1
O=c1cc1
O=c1cc1
O=c1cc1
O=c1cc1
O=c1cc1
O=c1cc1
O=c1cc1
O=c1cc1
O=c1cc1
O=c1cc1
O=c1cc1
O=c1cc1
O=c1cc1
O=c1cc1
O=c1cc1
O=c1cc1
O=c1cc1
O=c1cc1
O=c1cc1
O=c1cc1
O=c1cc1
O=c1cc1
O=c1cc1
O=c1cc1
O=c1cc1
O=c1cc1
O=c1cc1
O=c1cc1
O=c1cc1
O=c1cc1
O=c1cc1
O=c1cc1
O=c1cc1
O=c1cc1
O=c1cc1
O=c1cc1
O=c1cc1
O=c1cc1
O=c1cc1
O=c1cc1
O=c1cc1
O=c1cc1
O=c1cc1
O=c1cc1
O=c1cc1
O=c1cc1
O=c1cc1
O=c1cc1
O=c1cc1
O=c1cc1
O=c1cc1
O=c1cc1CCCCCCOCCCCOC1CN1
O=c1cc1CCCCCOCCCCOC1CN1
O=c1cc1CCCCN1CC1
O=c1cc1CCCCN1CCC1
O=c1cc1CCCCN1CCC1
O=c1cc1CCCCN1CCC1
O=c1cc1CCCCN1CCC1
O=c1cc1CCCCN1CCC1
O=c1cc1CCCCN1CCC1
O=c1cc1CCCCN1CCC1
O=c1cc1CCCCN1CCC1
O=c1cc1CCCCN1CCC1
O=c1cc1CCCCN1CCC1
O=c1cc1CCCCN1CC2CC21
O=c1cc1CCCCN1CC2C=C21
O=c1cc1CCCCN1C=CCC1
O=c1cc1CCCCn1cccc1
O=c1cc1CCCCn1cccc1
O=c1cc1CCCCn1ccc2c1C2
O=c1cc1CCCCn1ccc2c1C2
O=c1cc1CCCCn1cccc1
O=c1cc1CCCCn1cccc1
O=c1cc1CCCCn1cccc1
O=c1cc1CCCCn1cccc1
O=c1cc1CCCCn1ccc2c1CC2
O=c1cc1CCCCn1ccc2c1CC2
O=c1cc1CCCCn1ccc2c1C2
O=c1cc1CCCCn1cccc1
O=c1cc1CCCCn1cccc1
O=c1cc1CCCCn1cccc1
O=c1cc1CCCCn1cccc1
O=c1cc1CCCCn1cccc1
O=c1cc1CCCCn1cccc1
O=c1cc1CCCCn1cccc1
O=c1cc1CCCCn1cccc1
O=c1cc1CCCCn1cccc1
O=c1cc1CCCCn1cccc1
O=c1cc1CCCCn1cccc1
O=c1cc1CCCCn1cccc1
O=c1cc1CCCCn1cccc1
O=c1cc1CCCCn1cccc1
O=c1cc1CCCCn1cccc1
O=c1cc1CCCCn1cccc1C1=COC1
O=c1cc1CCCCn1cccc1C1=COCC1
O=c1cc1CCCCn1cccc1-c1ccoc1
O=c1cc1CCCCn1cccc1-c1ccoc1
O=c1cc1CCCCn1cccc1-c1ccco1
O=c1cc1CCCCn1cccc1-c1oc2cc1-2
O=c1cc1CCCCn1cccc1C=C1C=C1
O=c1cc1CCCCn1cccc1C=C1C=C1
O=c1cc1CCCCn1cccccc2cc1-2
O=c1cc1CCCCn1cccccc2cc1-2
O=c1cc1CCCCn1cccccc2cc1-2
O=c1cc1CCCCn1cccccc2cc1-2
O=c1cc1CCCCn1cccccc2cc1-2
O=c1cc1CCCCn1cccccc2cc1-2
O=c1cc1CCCCn1ccc2ccccc21
O=c1cc1CCCCn1ccc2ccccc21
O=c1cc1CCCCn1ccc2ccccc21
O=c1cc1CCCCN1C=CCc2ccccc21
O=c1cc1CCCCN1C=CCc2ccccc21
O=c1cc1CCCCN1C=CCc2ccccc21
O=c1ccn(CCCCC2=CC2)c2ccccc12
O=c1ccn(CCCCC2=CC2)c2ccccc12
O=c1ccn(CCCCC2=CCC2)c2ccccc12
O=c1ccn(CCCCC2=CCC2)c2ccccc12
O=c1ccn(CCCCC2=CC3CC23)c2ccccc12
O=c1ccn(CCCCC2=CCC2)c2ccccc12
O=c1ccn(CCCCC2=CCCC2)c2ccccc12
O=c1ccn(CCCCC2=CCC=C2)c2ccccc12
O=c1ccn(CCCCC2=CCCC=C2)c2ccccc12
O=c1ccn(CCCCc2ccccc2)c2ccccc12
O=c1ccn(CCCCc2ccccc2)c2ccccc12
O=c1ccn(CCCCc2ccccc2)c2ccccc12
O=c1ccn(CCCCc2ccccc2)c2ccccc12
O=c1ccn(CCCCc2ccccc2)c2ccccc12
O=c1ccn(CCCCc2ccccc2)c2ccccc12
O=c1ccn(CCCCc2ccccc2)c2ccccc12
O=c1ccn(CCCCc2ccccc2)c2ccccc12
O=C1C=C2C=CC3C4CCCC4CCC3C2C2CC12
O=C1C=C2C=CC3C4CCCC4CCC3C2C2CC12
O=C1C=C2C=CC3C4CCCC4CCC3C2C2CC12
O=C1C=C2C=CC3C4CCCC4CCC3C2CC1
O=C1C=C2C=CC3C4CCCC4CCC3C2CC1
O=C1C=C2C=CC3C4CCCC4CCC3C2CC1
O=C1C=C2C=CC3C4CCCC4CCC3C2CC1
O=C1C=C2C=CC3C4CCCC4CCC3C2OCC1
O=C1C=C2C=CC3CCCCC3C2OCC1
O=C1C=C2C=CC3CCCCC3C2OCC1
O=C1C=C2C=CC3CCCC3C2OCC1
O=C1C=C(C=CC2CCCC2)COCC1
O=C1C=CCOCC1
O=C1C=CCOCC1
O=C1C=CCOCC1
O=C1C=CCOCC1
O=C1C=CCOCC1
O=C1C=CCOCC1
O=C1C=CCOCC1
O=C1C=CCOCC1
O=C1C=CCOC1
O=C1C=CCO1
O=C1C=CCO1
O=C1C=CCCO1
O=C1C=CCCO1
O=C1C=CCCO1
O=C1C=CCCO1
O=C1C=CCCO1
O=C1C=CCCO1
O=C1OCCC2=C1CC=C2
O=C1OCCC2=C1C=C2
O=C1OCCC2=C1C=C2
O=C1OCCC2=C1C=C2
O=C1OCCC2=C1C=C2
O=C1OCCC2=C1C=C2
O=C1OCCC2=C1C=C2
O=C1OCCC2=C1C=C2
O=C1OCCC2=C1C=C2
O=C1OCCC2=C1C=C2
O=C1OCCC2=C1C=C2
O=C1OCCC2=C1C=C2
O=C1OCCC2=C1C=C2
O=C1OCCC2=C1C=C2
O=C1OCCC2=C1C=C2
O=C1OCCC2=C1C=C2
O=C1OCCC2=C1C=C2
O=C1OCCC2=C1C=C2
O=C1OCCC2=C1C=C2
O=C1OCCC2=C1C=C2
O=C1OCCC2=C1C=C2
O=C1OCCC2=C1C=C2
O=C1OCCC2=C1C=C2
O=C1OCCC2=C1C=C2
O=C1OCCC2=C1C=C2
O=C1OCCC2=C1C=C2
O=C1OCCC2=C1C=C2
O=C1OCCC2=C1C=C2
O=C1OCCC2=C1C=C2
O=C1OCCC2=C1C=C2
O=C1OCCC2=C1C=C2
O=C1OCCC2=C1C=C2
O=C1OCCC2=C1C=C2
O=C1OCCC2=C1C=C2
O=C1OCCC2=C1C=C2
O=C1OCCC2=C1C=C2
O=C1OCCC2=C1C=C2
O=C1OCCC2=C1C=C2
O=C1OCCC2=C1C=C2
O=C1OCCC2=C1C=C2
O=C1OCCC2=C1C=C2
O=C1OCCC2=C1C=C2
O=C1OCCC2=C1C=C2
O=C1OCCC2=C1C=C2
O=C1OCCC2=C1C=C2
O=C1OCCC2=C1C=C2
O=C1OCCC2=C1C=C2
O=C1OCCC2=C1C=C2
O=C1OCCC2=C1C=C2
O=C1OCCC2=C1C=C2
O=C1OCCC2=C1C=C2
O=C1OCCC2=C1C=C2
O=C1OCCC2=C1C=C2
O=C1OCCC2=C1C=C2
O=C1OCCC2=C1C=C2
O=C(CC1=CC2=C1C(=O)OCC2)NCC1=NCC1
O=C(CC1=CC2=C1C(=O)OCC2)NCC1=NC1
O=C(CC1=CC2=C1C(=O)OCC2)NCC1=CC1
O=C(CC1=CC2=C1C(=O)OCC2)NCC1=CCC1
O=C(CC1=CC2=C1C(=O)OCC2)NCC1=CC=C1
O=C(CC1=CC2=C1C(=O)OCC2)NCC1=CC=C1
O=C(CC1=CC2=C1C(=O)OCC2)NC1=CC=C1
O=C(CCC1=CCCOC1=O)NC1=CC=C1
O=C(CCC1=CCCOC1=O)NC1=CC=C1
O=C(CCC1=CCCOC1=O)NC1=CC=C1
O=C(CCC1=CCCOC(=O)C1)NC1=CC=C1
O=C(CC1C2=CCCOC(=O)C21)NC1=CC=C1
O=C(CC1C2=CCCOC(=O)C21)NC1=CC=C1
O=C(CCC1=CCCOC(=O)C1)NC1=CC=C1
O=C(CCCC1=CCCOC(=O)C1)NC1=CC=C1
O=C(CCCC1=CCCOC(=O)C1)NC1=CC=C1
O=C(CCC1=CCCOC(=O)C1)NC1=CC=C1
O=C(CCC1=CCCOC1=O)NC1=CC=C1
O=C(CCNC1=CCCOC1=O)NC1=CC=C1
O=C(CCCNC1=CCCOC1=O)NC1=CC=C1
O=C(CCCCC1=CCCOC1=O)NC1=CC=C1
O=C(CCCC1=CCCOC1=O)NC1=CC=C1
O=C(CCCCC1=CCCOC1=O)NC1=CC=C1
O=C(CC1CC1C1=CCCOC1=O)NC1=CC=C1
O=C(CC1CC1C1=CCCOC1=O)NC1=CC=C1
O=C(CCCC1=CCCOC1=O)NC1=CC=C1
O=C(CCCC1=CCCOC1=O)NC1=CC=C1
O=C(CCC1=CCCOC1=O)NC1=CC=C1
O=C(CCC1=CCCOC1=O)NC1=CC=C1
O=C(CCC1=CCCOC1=O)NC1=CC=C1
O=C(CCC1=CCCOC1=O)NC1=CC=C1
O=C(CNC1=CCCOC1=O)NC1=CC=C1
O=C(CNC1=CCCOC1=O)NC1=CC=C1
O=C(CCC1=CCCOC1=O)NC1=CC=C1
O=C(CCC1=CCCOC1=O)NC1=CC=C1
O=C1OCCC=C1C1=CC=C1
O=C1OCCC=C1C1=CC=C1
O=C1OCCC=C1C1=CC=C1
O=C1OCCC=C1C1=CC=C1
O=C1OCCC=C1C1=CC=C1
O=C1OCCC=C1C1=CC=C1
O=C1OCCC=C1C1=CC=C1
O=C1OCCC=C1C1=CC=C1
O=C1OCCc2ccccc21
O=C1OCCc2ccccc21
O=C1OCCc2ccccc21
O=C1OCCc2ccccc21
O=C1OCCc2ccccc21
O=C1OCCc2ccccc21
O=C1OCCc2ccccc21
O=C1OCCc2ccccc21
O=C1OCCc2ccccc21
O=C1OCCc2ccccc21
O=C1OCCc2ccccc21
O=C1OCCc2ccccc21
O=C1OCCc2ccccc21
O=C1OCCc2ccccc21
O=C1OCCc2ccccc21
O=C1OCCc2ccccc21
O=C1OCCc2ccccc21
O=C1OCCc2ccccc21
O=C1OCCc2ccccc21
O=C1OCCc2ccccc21
O=C1OCCc2ccccc21
O=C1OCCc2ccccc21
O=C1OCCc2ccccc21
O=C1OCCc2ccccc21
O=C1OCCc2ccccc21
O=C1OCCc2ccccc21
O=C1OCCc2ccccc21
O=C1OCCc2ccccc21
O=C1OCCc2ccccc21
O=C1OCCc2ccccc21
O=C1OCCc2ccccc21
O=C1OCCc2ccccc21
O=C1OCCc2ccccc21
O=C1OCCc2ccccc21
O=C1OCCc2ccccc21
O=C1OCCc2ccccc21
O=C1OCCc2ccccc21
O=C1OCCc2ccccc21
O=C1OCCc2ccccc21
O=C1OCCc2ccccc21
O=C1OCCc2ccccc21
O=C1OCCc2ccccc21
O=C1OCCc2ccccc21
O=C1OCCc2ccccc21
O=C1OCCc2ccccc21
O=C1OCCc2ccccc21
O=C1OCCc2ccccc21
O=C1OCCc2ccccc21
O=C1OCCc2ccccc21
O=C1OCCc2ccccc21
O=C1OCCc2ccccc21
O=C1OCCc2ccccc21
O=C1OCCc2ccccc21
O=C1OCCc2ccccc21
O=C1OCCc2ccccc21
O=C1OCCc2ccccc21
O=C1OCCc2ccccc21
O=C(CCCN1C=N1)Nc1ccc2c(c1)C(=O)OCC2
O=C(CCCN1CC=N1)Nc1ccc2c(c1)C(=O)OCC2
O=C(CCCN1CC=N1)Nc1ccc2c(c1)C(=O)OCC2
O=C(CCCN1C=N1)Nc1ccc2c(c1)C(=O)OCC2
O=C(CCCC1C=N1)Nc1ccc2c(c1)C(=O)OCC2
O=C(CCCC1C=N1)Nc1ccc2c(c1)C(=O)OCC2
O=C(CCCC1C=N1)Nc1ccc2c(c1)CCOC2=O
O=C(CCCC1C=N1)Nc1ccc2c(c1)CCOC2=O
O=C(CCCC1=NC1)Nc1ccc2c(c1)CCOC2=O
O=C(CCCC1=NC1)Nc1ccc2c(c1)CCOC2=O
N=C1COC(=O)c2ccc(NC(=O)CCCC3=NC3)cc21
N=C1COC(=O)c2ccc(NC(=O)CCCC3=NC3)cc21
N=C1OCOC(=O)c2ccc(NC(=O)CCCC3=NC3)cc21
N=C1OCOC(=O)c2ccc(NC(=O)CCCc3nc3=O)cc21
N=C1OCOC(=O)c2ccc(NC(=O)CCCC3=NC3)cc21
N=C1OCCOC(=O)c2ccc(NC(=O)CCCC3=NC3)cc21
O=C(CCCC1=NC1)Nc1ccc2c(=O)oncc2c1
O=C(CCCC1=NC1)Nc1ccc2c(=O)oncc2c1
O=C(CCCc1nc1=O)Nc1ccc2c(=O)oncc2c1
O=C(CCCc1cc1=O)Nc1ccc2c(=O)oncc2c1
O=C(CCCc1cc1=O)Nc1ccc2c(=O)oncc2c1
O=C(CCCc1cc1=O)Nc1ccc2c(=O)oncc2c1
O=C(CCCc1cc1=O)Nc1ccc2c(=O)oncc2c1
O=C(CCCc1cc1=O)Nc1ccc2c(=O)oncc2c1
O=C(CCCC1=CCC1=O)Nc1ccc2c(=O)oncc2c1
O=C(CCCC1=CCC1=O)Nc1ccc2c(=O)oncc2c1
O=C(CCCC1=CCCC1=O)Nc1ccc2c(=O)oncc2c1
O=C1C=C(CCCC(=O)Nc2ccc3c(=O)oncc3c2)CC1
O=C1C=C(CCCC(=O)Nc2ccc3c(=O)oncc3c2)CC1
O=C1C=C(CCCC(=O)Nc2ccc3c(=O)oncc3c2)CC1
O=C1C=C(CCCC(=O)Nc2ccc3c(=O)oncc3c2)CCC1
O=C1C=C(CCCC(=O)Nc2ccc3c(=O)oncc3c2)NCC1
O=C1C=C(CCCC(=O)Nc2ccc3c(=O)oncc3c2)NCC1
O=C1C=C(CCCC(=O)Nc2ccc3c(=O)oncc3c2)NCC1
O=C1C=C(CCCC(=O)Nc2ccc3c(=O)oncc3c2)CCC1
O=C(CCCC1=CCCCC1)Nc1ccc2c(=O)oncc2c1
O=C(CCCC1=CCCC=C1)Nc1ccc2c(=O)oncc2c1
O=C(CCCC1=CCCC=C1)Nc1ccc2c(=O)oncc2c1
O=C(CCCc1ccccc1)Nc1ccc2c(=O)oncc2c1
O=C(CCCc1ccccc1)Nc1ccc2c(=O)oncc2c1
O=C(CCCc1ccccc1)Nc1ccc2c(=O)oncc2c1
O=C(CCCc1ccccc1)Nc1ccc2c(=O)oncc2c1
O=C(CCCc1ccccc1)Nc1ccc2c(=O)oncc2c1
O=C(CCCc1cccc2c1OC2)Nc1ccc2c(=O)oncc2c1
O=C(CCCc1cccc2c1COC2)Nc1ccc2c(=O)oncc2c1
O=C(CCCc1cccc2c1COCC2)Nc1ccc2c(=O)oncc2c1
O=C(CCCc1cccc2c1OCC2)Nc1ccc2c(=O)oncc2c1
C=C1CCOC12CCC1C3CCC4=CC(=O)CCC4=C3C(c3ccccc3)OCC12
O=C1C=C2CCC3C(=C2CC1)C(c1ccccc1)OCC1CCCC13
O=C1C=C2CCC3C(=C2CC1)C(c1ccccc1)OCC1CCCC13
C1=C2C(c3ccccc3)OCC3CCCC3C2CCC1
C1=C2C(c3ccccc3)OCC3CCCC3C2CCC1
C1=C2C(CNc3ccccc3)OCC3CCCC3C2CCC1
C1=C2C(CNc3ccccc3)OCC3CCCC3C2CCC1
C1=C2C(CNc3ccccc3)OCC3CCCC3C2CCC1
C1=C2C(CNc3ccccc3)OCC3CCCC3C2CCC1
C1=C2C(CNc3ccc4c(c3)CCCCC4)OCC3CCCC3C2CCC1
C1=C2C(CNc3ccc4c(c3)CCCCC4)OCC3CCC3C2CCC1
C1=C2C(CNc3ccc4c(c3)CCCCC4)OCC3CCC3C2CCC1
C1=C2C(CNc3ccc4c(c3)CCCCCC4)OCC3CCC3C2CCC1
c1cc2c(cc1NCC1CCC3CCC3CO1)CCCCCC2
c1cc2c(cc1NC1CCC3CCC3CO1)CCCCCC2
c1ccc2c(c1)CCCCCC2NC1CCC2CCC2CO1
c1ccc2c(c1)CCCCCC2C1CCC2CCC2CO1
c1ccc2c(c1)CCCCCC2C1CCC2CCC2CO1
c1ccc2c(c1)CCCCCC2C1CCC2CCC2CO1
c1ccc2c(c1)CCCCC2C1CCC2CCC2CO1
c1ccc2c(c1)CCCC2C1CCC2CCC2CO1
O=C(CCCC1CC2COCCCC12)CC1CCCc2ccccc21
O=C(CCCC1CC2OCCCC12)CC1CCCc2ccccc21
O=C(CCCC1CC2CCCCC21)CC1CCCc2ccccc21
O=C(CCCC1CC2CCCC12)CC1CCCc2ccccc21
O=C(CCCC1CC2CCCC12)CC1CCCc2ccccc21
O=C(CCCC1CC2CCCC12)NCC1CCCc2ccccc21
O=C(CCCC1CC2CCC12)NCC1CCCc2ccccc21
O=C(CCCC1CC2CCC12)NCC1CCCc2ccccc21
O=C(CCCC1CC2CCC12)NCC1CCCc2ccccc21
O=C(CCCC1CC2CCC12)NCC1CCCc2ccccc21
O=C(CCCC1CC2CCC12)NCC1CCCc2ccccc21
O=C(CCCC1CC2CCC12)NCC1CCCc2ccccc21
O=C(CCCCC1CC2CCC12)NCC1CCCc2ccccc21
O=C(CCCCCC1CC2CCC12)NCC1CCCc2ccccc21
c1ccc2c(c1)CCCC2CCC1CC2CCC12
c1ccc2c(c1)CCCC2CCC1CC2CCC12
c1ccc2c(c1)CCCC2CCC1CC2CCC12
c1ccc2c(c1)CCCC2CCC1CC2CCC12
c1ccc2c(c1)CCCC2CCC1CC2CCC12
c1ccc2c(c1)CCCC2CCOC1CC2CCC21
c1ccc2c(c1)CCCC2CCOC1CC2CCC21
O=C(CCCCC1CC2CCC12)NCCCC1CCCc2ccccc21
O=C(CCCCC1CC2CCCC12)NCCCC1CCCc2ccccc21
O=C(CCCC1CC2CCCC12)NCCCC1CCCc2ccccc21
O=C(CCCC1CC2CCCC12)NCCCCC1CCCc2ccccc21
O=C(CCCC1CCCc2ccccc21)NCCCCC1CC2CCCC12
O=C(NCCCCC1CC2CCCC12)OCCC1CCCc2ccccc21
O=C(NCCCCCC1CC2CCCC12)OCCC1CCCc2ccccc21
O=C(NCCCCCC1CC2CCCCC12)OCCC1CCCc2ccccc21
O=C(NCCCCCC1CC2CCCCC12)OCCC1CCCc2ccccc21
O=C(NCCCCCC1CC2CCCC12)OCCC1CCCc2ccccc21
O=C(NCCCCC1CC2CCCC12)OCCC1CCCc2ccccc21
O=C(NCCCOC1CCC2CCC21)OCCC1CCCc2ccccc21
O=C(NCCCCC1CCC2CCC12)OCCC1CCCc2ccccc21
O=C(NCCCC1CCC2CCC12)OCCC1CCCc2ccccc21
O=C(NCCCC1CCC2CCC12)OCCC1CCCc2ccccc21
O=C(NCCCC1CCC2CNC12)OCCC1CCCc2ccccc21
O=C(NCCCC1CCC2CCNC12)OCCC1CCCc2ccccc21
O=C(NCCCC1CC2CCNC12)OCCC1CCCc2ccccc21
O=C(NCCC1CC2CCNC12)OCCC1CCCc2ccccc21
O=C(NCC1CC2CCNC21)OCCC1CCCc2ccccc21
O=C(NCC1CC2CCNC21)OCCC1CCCc2ccccc21
O=C(NCCCC1CCNC1)OCCC1CCCc2ccccc21
O=C(NCCCCC1CCNC1)OCCC1CCCc2ccccc21
O=C(NCCCCC1CNC1)OCCC1CCCc2ccccc21
O=C(NCCCC1CNC1)OCCC1CCCc2ccccc21
O=C(NCCCC1CNC1)OCCC1CCCc2ccccc21
O=C(NCCC1CNC1)OCCC1CCCc2ccccc21
O=C(NCCC1CNC1)OCCC1CCCc2ccccc21
O=C(NCC1CCN1)OCCC1CCCc2ccccc21
O=C(NCC1CCN1)OCCC1CCCc2ccccc21
O=C(NCC1CNC1)OCCC1CCCc2ccccc21
O=C(NCC1CNC1)OCCC1CCCc2ccccc21
O=C(NCCCN1CCC1)OCCC1CCCc2ccccc21
O=C(NCCCN1CC1)OCCC1CCCc2ccccc21
O=C(NCCC1CN1)OCCC1CCCc2ccccc21
O=C(NCCC1CN1)OCCC1CCCc2ccccc21
O=C(NCCC1CN1)OCCC1CCCc2ccccc21
O=C(NCCC1CNN1)OCCC1CCCc2ccccc21
O=C(NCCC1CNN1)OCCC1CCCc2ccccc21
O=C(NCCC1C=NN1)OCCC1CCCc2ccccc21
O=C(NCCC1C=NN1)OCCC1CCCc2ccccc21
O=C(NCCCC1C=NN1)OCCC1CCCc2ccccc21
O=C(NCCC=C1C=NN1)OCCC1CCCc2ccccc21
O=C(NCCCC=C1C=NN1)OCCC1CCCc2ccccc21
O=C(NC=C1C=NN1)OCCC1CCCc2ccccc21
O=C(NC=C1C=NN1)OCCC1CCCc2ccccc21
O=C(CNC=C1C=NN1)OCCC1CCCc2ccccc21
O=C(CNC=C1C=NN1)OCCC1CCCc2ccccc21
O=C(CNC=C1C=NN1)OCCC1CCCc2ccccc21
O=C(CCNC=C1C=NN1)OCCC1CCCc2ccccc21
O=C(NCCNC=C1C=NN1)OCCC1CCCc2ccccc21
O=C(NCCNc1cn[nH]c1)OCCC1CCCc2ccccc21
O=C(NCCCc1cn[nH]c1)OCCC1CCCc2ccccc21
O=C(NCCCc1cn[nH]c1)OCCC1CCCc2ccccc21
O=C(NCCc1cn[nH]c1)OCCC1CCCc2ccccc21
O=C(NCCc1cn[nH]c1)OCCC1CCCc2ccccc21
O=C(NCc1ccn[nH]1)OCCC1CCCc2ccccc21
O=C(NCc1ccn[nH]1)OCCC1CCCc2ccccc21
O=C(NCOCCC1CCCc2ccccc21)c1ccn[nH]1
O=C(NCNCCC1CCCc2ccccc21)c1ccn[nH]1
O=C(NCNCCC1CCCc2ccccc21)c1ccn[nH]1
O=C(NCNCCC1CCCc2ccccc21)c1ccn[nH]1
O=C(NCCNCCC1CCCc2ccccc21)c1ccn[nH]1
O=C(NCC=NCCC1CCCc2ccccc21)c1ccn[nH]1
O=C(NCC=NCCC1CCCc2ccccc21)c1ccn[nH]1
O=C(NCC=NCCC1CCCc2ccccc21)c1ccn[nH]1
O=C(NCCNCCC1CCCc2ccccc21)c1ccn[nH]1
O=C(NCCNCCC1CCCc2ccccc21)c1ccn[nH]1
O=C(NCCNCCC1CCCc2ccccc21)c1ccn[nH]1
O=C(NCCNCCC1CCCc2ccccc21)c1ccn[nH]1
O=C(NCCNCCC1CCCc2ccccc21)c1ccn[nH]1
O=C(NCCCCCC1CCCc2ccccc21)c1ccn[nH]1
O=C(NCCCCCC1CCCc2ccccc21)c1ccn[nH]1
O=C(NCCCCC1CCCc2ccccc21)c1ccn[nH]1
O=C(NCCCCC1CCCc2ccccc21)c1ccn[nH]1
O=C(NCCCCC1CCCc2ccccc21)c1ccn[nH]1
O=C(NCCCCC1CCCc2ccccc21)c1ccn[nH]1
O=C(NCCCCC1CCCc2ccccc21)c1ccn[nH]1
O=C(NCCCCCC1CCCc2ccccc21)c1ccn[nH]1
O=C(NCCCCC1CCCc2ccccc21)c1ccn[nH]1
O=C(NCCCCC1CCCc2ccccc21)c1ccn[nH]1
O=C(NCCCC1CCCc2ccccc21)c1ccn[nH]1
O=C(NCCCC1CCCc2ccccc21)c1ccn[nH]1
O=C(NCCCC1CCCc2ccccc21)c1ccn[nH]1
O=C(NCCCC1CCCc2ccccc21)c1ccn[nH]1
O=C(NCCCC1CCCc2ccccc21)c1ccn[nH]1
O=C(NCCCC1CCCc2ccccc21)c1ccn[nH]1
O=C(c1ccsc1C=C1Oc2ccccc2-c2ccc3c(c21)C=CCN3)N1CCCCC1
C1=Cc2c(ccc3c2C(=Cc2cccs2)Oc2ccccc2-3)NC1
C1=Cc2c(ccc3c2C(c2cccs2)Oc2ccccc2-3)NC1
C1=Cc2c(ccc3c2C(c2cccs2)Oc2ccccc2-3)NC1
C1=CCC(C2Oc3ccccc3-c3ccc4c(c32)C=CCN4)=C1
C1=Cc2c(ccc3c2COc2ccccc2-3)NC1
C1=Cc2c(ccc3c2COc2ccccc2-3)NC1
C1=Cc2c(ccc3c2COc2ccccc2-3)NC1
C1=Cc2c(ccc3c2COc2ccccc2-3)NC1
C1=Cc2c(ccc3c2COc2ccccc2-3)NC1
C1=Cc2c(ccc3c2COc2ccccc2-3)NC1
C1=Cc2c(ccc3c2COc2ccccc2-3)NC1
C1=Cc2c(ccc3c2COc2ccccc2-3)NC1
C1=Cc2c(ccc3c2COc2ccccc2-3)NC1
C1=Cc2c(ccc3c2COc2ccccc2-3)NC1
C1=Cc2c(ccc3c2COc2ccccc2-3)NC1
C1=Cc2c(ccc3c2COc2ccccc2-3)NC1
C1=Cc2c(ccc3c2COc2ccccc2-3)NC1
C1=Cc2c(ccc3c2COc2ccccc2-3)NC1
C1=Cc2c(ccc3c2COc2ccccc2-3)NC1
C1=Cc2c(ccc3c2COc2ccccc2-3)NC1
C1=Cc2c(ccc3c2COc2ccccc2-3)NC1
C1=Cc2c(ccc3c2COc2ccccc2-3)NC1
O=C(c1ccsc1C=C1Oc2ccccc2-c2ccc3c(c21)C=CCN3)N1CCCCC1
O=C(c1ccsc1C=C(Oc1ccccc1)c1cccc2c1C=CCN2)N1CCCCC1
O=C(c1ccsc1C=C(Oc1ccccc1)c1cccc2c1C=CCN2)N1CCCCC1
O=C(c1ccsc1C=C(Oc1ccccc1)c1cccc2c1C=CCN2)N1CCCCC1
O=C(c1ccsc1C=C(Oc1ccccc1)c1cccc2c1C=CCN2)N1CCCCC1
O=C(c1ccsc1C=C(OCc1ccccc1)c1cccc2c1C=CCN2)N1CCCCC1
O=C1CCCCN1Cc1ccsc1C=C(OCc1ccccc1)c1cccc2c1C=CCN2
O=C1CCCCN1Cc1ccsc1CC(OCc1ccccc1)c1cccc2c1C=CCN2
O=C1CCCCN1C1=Cc2ccccc2C(OCc2ccccc2)Cc2sccc21
O=C1CCCCN1C1=Cc2ccccc2C(OCc2ccccc2)Cc2sccc21
O=C1CCCCN1C1=Cc2ccccc2C(OCc2ccccc2)CC=C1
O=C1CCCCN1C1=Cc2ccccc2C(OCc2ccccc2)CC1
O=C1CCCCN1C1=Cc2ccccc2C(OCc2ccccc2)CC1
O=C1CCCCN1C1=Cc2ccccc2C(OCc2ccccc2)CC1
O=C1CCCCN1C1=Cc2ccccc2C(OCc2ccccc2)CC1
O=C1CCCCN1C1=Cc2ccccc2C(OCc2ccccc2)CC1
O=C1CCCCN1C1=Cc2ccccc2C(OCc2ccccc2)C2CCC12
O=C1CCCCN1C1=Cc2ccccc2C(OCc2ccccc2)C2CCC12
O=C1CCCCN1C1=Cc2ccccc2C(OCc2ccccc2)C2CCC12
O=C1CCCCN1C1=Cc2ccccc2C(OCc2ccccc2)C2CCC12
O=C1CCCCN1C1=Cc2ccccc2C(OCc2ccccc2)C2CCC12
O=C1CCCN1C1=Cc2ccccc2C(OCc2ccccc2)C2CCC12
O=C1CCN1C1=Cc2ccccc2C(OCc2ccccc2)C2CCC12
O=C1CCN1C1=Cc2ccccc2C(OCc2ccccc2)C2CCC12
O=C1CCN1C1=Cc2ccccc2C(OCc2ccccc2)C2CCC12
O=C1CCN1C1=Cc2ccccc2C(OCc2ccccc2)C2CCC12
O=C1CCN1C1=Cc2ccccc2C(OCc2ccccc2)C2CCC12
O=C1CCN1C1=Cc2ccccc2C(OCc2ccccc2)C2CCC12
O=C1CCN1C1=Cc2ccccc2C(OCc2ccccc2)C2CCC12
O=C1CCN1C1=Cc2ccccc2C(OCc2ccccc2)C2CCC12
O=C1CN1C1=Cc2ccccc2C(OCc2ccccc2)C2CCC12
O=C1CN1C1=Cc2ccccc2C(OCc2ccccc2)C2CCC12
O=C1CN1C1=Cc2ccccc2C(OCc2ccccc2)C2CCC12
O=C1CN1CC1=Cc2ccccc2C(OCc2ccccc2)C2CCC12
O=C1CN1COCCCNc1cccc2c1C=CC1CCC1C2OCc1ccccc1
O=C1CN1CCCNc1cccc2c1C=CC1CCC1C2OCc1ccccc1
O=C1CN1CCCNc1cccc2c1C=CC1CCC1C2OCc1ccccc1
O=C1CN1CCCCNc1cccc2c1C=CC1CCC1C2OCc1ccccc1
O=C1CN1CCCCNc1cccc2c1C=CC1CCC1C2OCc1ccccc1
O=C1CN1CCCNc1cccc2c1C=CC1CCC1C2OCc1ccccc1
O=C1CN1CCCCNc1cccc2c1C=CC1CCC1C2OCc1ccccc1
O=C1CN1CCCCNc1cccc2c1C=CC1CCC1C2OCc1ccccc1
O=C1CN1CCCCNc1cccc2c1C=CC1CCC1C2OCc1ccccc1
O=C1CN1CCCCNc1cccc2c1C=CC1CCC1C2OCc1ccccc1
O=C1CN1CCCCNc1cccc2c1C=CC1CCC1C2OCc1ccccc1
O=C1CN1CCCNc1cccc2c1C=CC1CCC1C2OCc1ccccc1
O=C1CN1CCCNc1cccc2c1C=CC1CCC1C2OCc1ccccc1
O=C1CN1CCCNc1cccc2c1C=CC1CCC1C2OCc1ccccc1
O=C1CN1CCCNc1cccc2c1C=CC1CCCC1C2OCc1ccccc1
O=C1CN1CCCNc1cccc2c1C=CC1CCCC1C2OCc1ccccc1
O=C1CN1CCCNc1cccc2c1C=CC1CCCC1C2OCc1ccccc1
O=C1CN1CCNc1cccc2c1C=CC1CCCC1C2OCc1ccccc1
O=C1CN1CCNc1cccc2c1C=CC1CCCC1C2OCc1ccccc1
O=C1CN1CCCNc1cccc2c1C=CC1CCCC1C2OCc1ccccc1
O=C1CN1CCCNc1cccc2c1C=CC1CCCC1C2OCc1ccccc1
O=C1CN1CCCNc1cccc2c1C=CC1CCC1C2OCc1ccccc1
O=C1CN1CCCNc1cccc2c1C=CC1CCC1C2OCc1ccccc1
O=C1CN1CCCNc1cccc2c1C=CC1CCCC1C2OCc1ccccc1
O=C1CN1CCCNc1cccc2c1C=CC1CCCC1C2OCc1ccccc1
O=C1CN1CCNc1cccc2c1C=CC1CCCC1C2OCc1ccccc1
O=C1CN1CCNc1cccc2c1C=CC1CCCC1C2OCc1ccccc1
O=C1CN1CCNc1cccc2c1C=CC1CCCCC1C2OCc1ccccc1
O=C1CN1CCCNc1cccc2c1C=CC1CCCCC1C2OCc1ccccc1
O=C(CNc1cccc2c1C=CC1CCCCC1C2OCc1ccccc1)CN1CC1=O
O=C(CNc1cccc2c1C=CC1CCCC1C2OCc1ccccc1)CN1CC1=O
O=C(CCNc1cccc2c1C=CC1CCCC1C2OCc1ccccc1)CN1CC1=O
O=C(CCNc1cccc2c1C=CC1CCCC1C2OCc1ccccc1)CN1CC1=O
O=C(CCNc1cccc2c1C=CC1CCCC1C2OCc1ccccc1)CN1CC1=O
O=C(CCNc1cccc2c1C=CC1CCC1C2OCc1ccccc1)CN1CC1=O
O=C(CCNc1cccc2c1C=CC1CCC1C2OCc1ccccc1)CCN1CC1=O
O=C(CCNc1cccc2c1C=CC1CCC1C2OCc1ccccc1)CCN1CC1=O
O=C(CCNc1cccc2c1C=CC1CCC1C2OCc1ccccc1)CCN1CC1=O
O=C(CCCCN1CC1=O)Nc1cccc2c1C=CC1CCC1C2OCc1ccccc1
O=C(CCCCCN1CC1=O)Nc1cccc2c1C=CC1CCC1C2OCc1ccccc1
O=C(CCCCCN1CC1=O)Nc1cccc2c1C=CC1CCC1C2OCc1ccccc1
O=C(CCCCCN1CC1=O)Nc1cccc2c1C=CC1CCC1C2OCc1ccccc1
O=C(CCCCN1CC1=O)Nc1cccc2c1C=CC1CCC1C2OCc1ccccc1
O=C(CCCCN1CC1=O)Nc1cccc2c1C=CC1CCC1C2OCc1ccccc1
O=C(CCCCN1CC1=O)Nc1cccc2c1C=CC1CCC1C2OCc1ccccc1
O=C(CCCCN1CC1=O)Nc1cccc2c1C=CC1CCC1C2OCc1ccccc1
O=C(CCCN1CC1=O)Nc1cccc2c1C=CC1CCC1C2OCc1ccccc1
O=C(CCCN1CC1=O)Nc1cccc2c1C=CC1CCC1C2OCc1ccccc1
O=C(CCCCN1CC1=O)Nc1cccc2c1C=CC1CCC1C2OCc1ccccc1
O=C(CCCCN1CC1=O)Nc1cccc2c1C=CC1CCC1C2OCc1ccccc1
O=C(CCCN1CC1=O)Nc1cccc2c1C=CC1CCC1C2OCc1ccccc1
O=C(CCCN1CC1=O)Nc1cccc2c1C=CC1CCC1C2OCc1ccccc1
O=C(CCCN1CC1=O)Nc1cccc2c1C=CC1CCC1C2OCc1ccccc1
O=C(CCCN1CC1=O)Nc1cccc2c1C=CC1CCC1C2OCc1ccccc1
O=C(CCCN1CC1=O)Nc1cccc2c1C=CC1CCC1C2OCc1ccccc1
O=C(CCCN1CC1=O)Nc1cccc2c1C=CC1CCC1C2OCc1ccccc1
O=C(CNCCN1CC1=O)Nc1cccc2c1C=CC1CCC1C2OCc1ccccc1
O=C(NCCN1CC1=O)Nc1cccc2c1C=CC1CCC1C2OCc1ccccc1
O=C(NCCN1CC1=O)Nc1cccc2c1C=CC1CCC1C2OCc1ccccc1
O=C(NCCN1CC1=O)Nc1cccc2c1C=CC1CCC1C2OCc1ccccc1
O=C(NCCN1CC1=O)Nc1cccc2c1C=CC1CCC1C2OCc1ccccc1
O=C(NCCN1CC1=O)Nc1cccc2c1C=CC1CCC1C2OCc1ccccc1
O=C(NCCN1CC1=O)Nc1cccc2c1C=CC1CCC1C2OCc1ccccc1
O=C(CNCCN1CC1=O)Nc1cccc2c1C=CC1CCC1C2OCc1ccccc1
O=C(CNCCN1CC1=O)Nc1cccc2c1C=CC1CCC1C2OCc1ccccc1
O=C(CNCCN1CC1=O)Nc1cccc2c1C=CC1CCC1C2OCc1ccccc1
O=C(CNCN1CC1=O)Nc1cccc2c1C=CC1CCC1C2OCc1ccccc1
O=C(CNCN1CC1=O)Nc1cccc2c1C=CC1CCC1C2OCc1ccccc1
O=C(CNC(C1CCO1)N1CC1=O)Nc1cccc2c1C=CC1CCC1C2OCc1ccccc1
O=C(CNCN1CC1=O)Nc1cccc2c1C=CC1CCC1C2OCc1ccccc1
O=C(CNCN1CC1=O)Nc1cccc2c1C=CC1CCC1C2OCc1ccccc1
O=C(CCCN1CC1=O)Nc1cccc2c1C=CC1CCC1C2OCc1ccccc1
O=C(CCCCN1CC1=O)Nc1cccc2c1C=CC1CCC1C2OCc1ccccc1
O=C(CCCCN1CC1=O)Nc1cccc2c1C=CC1CCC1C2OCc1ccccc1
O=C(CCCCN1CC1=O)Nc1cccc2c1C=CC1CCC1C2OCc1ccccc1
O=C(CCCCN1CC1=O)Nc1cccc2c1C=CC1CCC1C2OCc1ccccc1
O=C(CCCCN1CC1=O)Nc1cccc2c1C=CC1CCC1C2OCc1ccccc1
O=C(CCCCN1CC1=O)Nc1cccc2c1C=CC1CCC1C2OCc1ccccc1
O=C(Nc1cccc2c1C=CC1CCC1C2OCc1ccccc1)C1CC(CN2CC2=O)C1
O=C(Nc1cccc2c1C=CC1CCC1C2OCc1ccccc1)C1=CC(CN2CC2=O)C1
O=C(Nc1cccc2c1C=CC1CCC1C2OCc1ccccc1)C1=CC(CN2CC2=O)C1
O=C(Nc1cccc2c1C=CC1CCC1C2OCc1ccccc1)C1=CC(CN2CC2=O)C1
O=C(Nc1cccc2c1C=CC1CCC1C2OCc1ccccc1)C1=CC(CN2CC2=O)=C1
O=C(Nc1cccc2c1C=CC1CCC1C2OCc1ccccc1)C1=CC(CCN2CC2=O)=C1
O=C(Nc1cccc2c1CC1CCC1C2OCc1ccccc1)C1=CC(CCN2CC2=O)=C1
O=C(Nc1cccc2c1CC1CCC1C2OCc1ccccc1)C1=CC(CCN2CC2=O)=C1
O=C(Nc1cccc2c1CC1CCCC1C2OCc1ccccc1)C1=CC(CCN2CC2=O)=C1
O=C(Nc1cccc2c1CC1CCCC1C2OCc1ccccc1)C1=CC(CN2CC2=O)=C1
O=C(Nc1cccc2c1CCC1CCCC1C2OCc1ccccc1)C1=CC(CN2CC2=O)=C1
O=C(Nc1cccc2c1CCC1CCCC1C2OCc1ccccc1)C1=CC(N2CC2=O)=C1
O=C(Nc1cccc2c1CCC1CCC1C2OCc1ccccc1)C1=CC(N2CC2=O)=C1
O=C(Nc1cccc2c1CCCC1CCC1C2OCc1ccccc1)C1=CC(N2CC2=O)=C1
O=C(Nc1cccc2c1CCCC1CCC1C2OCc1ccccc1)C1=CC(N2CC2=O)=C1
O=C(Nc1ccccc1C1CCC2CCC2C1OCc1ccccc1)C1=CC(N2CC2=O)=C1
O=C(Nc1ccccc1C1CC2CCC2C1OCc1ccccc1)C1=CC(N2CC2=O)=C1
O=C(Nc1ccccc1C1CC2CCC2C(OCc2ccccc2)C1)C1=CC(N2CC2=O)=C1
O=C(Nc1ccccc1C1CC2CCC2C(OCc2ccccc2)C1)C1=CC(N2CC2=O)=C1
O=C(Nc1ccccc1C1CC2CCC2C(OCc2ccccc2)C1)C1=CC(N2CC2=O)=C1
O=C(Nc1ccccc1C1CC2CCC2C(OCc2ccccc2)C1)C1=CC(N2CC2=O)=C1
O=C(Nc1cccnc1C1CC2CCC2C(OCc2ccccc2)C1)C1=CC(N2CC2=O)=C1
O=C(Nc1cccnc1C1CC2CCCC2C(OCc2ccccc2)C1)C1=CC(N2CC2=O)=C1
O=C(Nc1cccnc1C1CC2CCCC2C(OCc2ccccc2)C1)C1=CC(N2CC2=O)=C1
O=C(Nc1cccnc1C1CC2CCCC2C(OCc2ccccc2)C1)C1=CC(N2CCC2=O)=C1
O=C(Nc1cccnc1C1CC2CCC2C(OCc2ccccc2)C1)C1=CC(N2CCC2=O)=C1
O=C(Nc1cccnc1NC1CC2CCC2C(OCc2ccccc2)C1)C1=CC(N2CCC2=O)=C1
O=C(Nc1cccnc1CC1CC2CCC2C(OCc2ccccc2)C1)C1=CC(N2CCC2=O)=C1
O=C(Nc1cccnc1CC1CC2CCC2C(OCc2ccccc2)C1)C1=CC(N2CCC2=O)=C1
O=C(Nc1cccnc1CC1CC2CCC2C(OCc2ccccc2)C1)C1=CC(N2CC2=O)=C1
O=C(Nc1cccnc1CC1CC2CCC2C(OCc2ccccc2)C1)C1=CC(N2CC2=O)=C1
O=C(Nc1cccnc1CC1CC2CCC2C1OCc1ccccc1)C1=CC(N2CC2=O)=C1
O=C(Nc1cccnc1)C1=CC(N2C(=O)C2C2CC3CCC3C2OCc2ccccc2)=C1
O=C(Nc1cccnc1)C1=CC(N2CC2C2CC3CCC3C2OCc2ccccc2)=C1
O=C(Nc1cccnc1)C1=CC(NCC2CC3CCC3C2OCc2ccccc2)=C1
O=C(Nc1cccnc1)C1=CC(NCCCC2CC(OCc3ccccc3)C3CCC23)=C1
O=C(Nc1cccnc1)C1=CC(NCCCCC2CC(OCc3ccccc3)C3CCC23)=C1
O=C(Nc1cccnc1)C1=CC(NCCCCC2CC(OCc3ccccc3)C3CCC23)=C1
O=C(Nc1cccnc1)C1=CC(NCC2CC(OCc3ccccc3)C3CCC23)=C1
O=C(Nc1cccnc1)C1=CC(NCC2CC(OCc3ccccc3)C3CCC23)=C1
O=C(Nc1cccnc1)C1=CC(NCC2CC(OCc3ccccc3)C3CCC23)=C1
O=C(Nc1cccnc1)C1=CC(NCC2CC(OCc3ccccc3)C3CCC23)=C1
O=C(Nc1cccnc1)C1=CC(CNCC2CC(OCc3ccccc3)C3CCC23)=C1
O=C(Nc1cccnc1)C1=CC(CNCC2CC(OCc3ccccc3)C3CCC23)=C1
O=C(Nc1cccnc1)C1=CC(NCC2CC(OCc3ccccc3)C3CCC23)=C1
O=C(Nc1cccnc1)C1=CCC(NCC2CC(OCc3ccccc3)C3CCC23)=C1
O=C(Nc1cccnc1)C1=CCCC(NCC2CC(OCc3ccccc3)C3CCC23)=C1
O=C(Nc1cccnc1)c1cccc(NCC2CC(OCc3ccccc3)C3CCC23)c1
O=C(Nc1cccnc1)c1cccc(NCC2CC(OCc3ccccc3)C3CCC23)c1
O=C(Nc1cccnc1)c1cccc(NCC2CC(OCc3ccccc3)C3CCC23)c1
O=C(Nc1cccnc1)c1cccc(NCC2CC(OCc3ccccc3)C3CCC23)c1
O=C(Nc1cccnc1)c1ccc2c(c1)N(CC1CC(OCc3ccccc3)C3CCC13)C2
O=C(Nc1cccnc1)c1ccc2c(c1)CN(CC1CC(OCc3ccccc3)C3CCC13)C2
O=C(Nc1cccnc1)c1ccc2c(c1)CN(CC1CC(OCc3ccccc3)C3CCC13)C2
O=C(Nc1cccnc1)c1ccc2c(c1)CN1C2CCC1C1CC(OCc2ccccc2)C2CCC21
O=C(Nc1cccnc1)c1ccc2c(c1)CN1C2CCC1C1CC(OCc2ccccc2)C2CCC21
O=C(Nc1cccnc1)c1ccc2c(c1)CCN1C2CCC1C1CC(OCc2ccccc2)C2CCC21
O=C(Nc1cccnc1)c1ccc2c(c1)CCN1C2CCC1C1CC(OCc2ccccc2)C2CCC21
O=C(Nc1cccnc1)c1ccc2c(c1)CCC1C2CCC1C1CC(OCc2ccccc2)C2CCC21
O=C(Nc1cccnc1)c1ccc2c(c1)CCC1C2CCC1C1CC(OCc2ccccc2)C2CCC21
O=C(Nc1cccnc1)c1ccc2c(c1)CCC1C2CCC1C1CC(OCc2ccccc2)C2CCC21
O=C(Nc1cccnc1)c1ccc2c(c1)CCC1C(C3CCC4CCC43)CC(OCc3ccccc3)C21
O=C(Nc1cccnc1)c1ccc2c(c1)CCC1C(C3CCC4CCC43)CC(OCc3ccccc3)C21
O=C(Nc1cccnc1)c1ccc2c(c1)CCC1C(C3CCC4CCC43)CC(OCc3ccccc3)C21
O=C(Nc1cccnc1)c1ccc2c(c1)CCC1C(C3CC4CCC43)CC(OCc3ccccc3)C21
O=C(Nc1cccnc1)c1ccc2c(c1)CCC1C(C3CCC4CCC43)CC(OCc3ccccc3)C21
O=C(Nc1cccnc1)c1ccc2c(c1)CCC1C(C3CCC4CC43)CC(OCc3ccccc3)C21
O=C(Nc1cccnc1)c1ccc2c(c1)CCC1C3CC4CC4C3CCC(OCc3ccccc3)C21
O=C(Nc1cccnc1)c1ccc2c(c1)CCC1C3CC4CC4C3CC(OCc3ccccc3)C21
O=C(Nc1cccnc1)c1ccc2c(c1)CCC1C3CCCC3CC(OCc3ccccc3)C21
O=C(Nc1cccnc1)c1ccc2c(c1)CCC1C3CCC3CC(OCc3ccccc3)C21
O=C(Nc1cccnc1)c1ccc2c(c1)CCC1C3CCC3CC(OCc3ccccc3)C21
O=C(Nc1cccnc1)c1ccc2c(c1)CCC1C3CCC3CC(OCc3ccccc3)C21
O=C(Nc1cccnc1)c1ccc2c(c1)CCC1C3CCCC3CC(OCc3ccccc3)C21
O=C(Nc1cccnc1)c1ccc2c(c1)CCC1C3CCCC3CC(OCc3ccccc3)C21
O=C(Nc1cccnc1)c1ccc2c(c1)CCC1C3CCCC3CC(OCc3ccccc3)C21
O=C(Nc1cccnc1)c1ccc2c(c1)CCC1C3CCCC3CC(OCc3ccccc3)C21
O=C(Nc1cccnc1)c1ccc2c(c1)CCC1C3CCCC3CC(OCc3ccccc3)C21
O=C(c1ccsc1C=C1Oc2ccccc2-c2ccc3c(c21)C=CCN3)N1CCCCC1
O=C(c1ccsc1C=C1Oc2ccccc2-c2ccccc21)N1CCCCC1
O=C(c1ccsc1C=COc1ccccc1-c1ccccc1)N1CCCCC1
O=C(c1ccsc1C=COc1ccccc1-c1ccccc1)N1CCCCC1
O=C(c1ccsc1C=COc1ccccc1-c1ccccc1)N1CCCCC1
O=C(c1ccsc1C=COc1ccccc1-c1ccccc1)N1CCCCC1
O=C(c1ccsc1C=COc1ccccc1-c1ccccc1)N1CCCCC1
C(=Cc1sccc1CN1CCCCC1)Oc1ccccc1-c1ccccc1
C(=Cc1sccc1CN1CCCCC1)Oc1ncccc1-c1ccccc1
C(=Cc1sccc1CN1CCCCC1)Oc1ncccc1-c1ccccc1
C(=Cc1sccc1CN1CCCCC1)Oc1ncccc1-c1ccccc1
C(=Cc1sccc1CN1CCCCC1)Oc1ncccc1-c1ccccc1
C(=Cc1sccc1CN1CCCCC1)Oc1ncccc1-c1ccccc1
C(=Cc1sccc1CN1CCCCC1)Oc1ncccc1-c1ccccc1
C(=Cc1sccc1CN1CCCCC1)Oc1ccc(-c2ccccc2)cn1
C(=Cc1sccc1CN1CCCCCC1)Oc1ccc(-c2ccccc2)cn1
C(=Cc1sccc1CN1CCCCCC1)Oc1ccc(-c2ccccc2)cn1
C(=Cc1sccc1CN1CCCCCC1)Oc1ccc(-c2ccccc2)cn1
C(=Cc1sccc1CN1CCCCCC1)Oc1ccc(-c2ccccc2)cn1
C(=Cc1sccc1CN1CCCCCC1)Oc1ccc(-c2ccccc2)cn1
C(=Cc1sccc1CN1CCCCC1)Oc1ccc(-c2ccccc2)cn1
C(=Cc1sccc1CN1CCCCC1)Oc1ccc(-c2ccccc2)cn1
C(=Cc1sccc1CN1CCCC1)Oc1ccc(-c2ccccc2)cn1
C(=Cc1sccc1CN1CCC1)Oc1ccc(-c2ccccc2)cn1
C(=Cc1sccc1CN1CCC1)Oc1ccc(-c2ccccc2)cn1
C(=Cc1sccc1CN1CCC1)Oc1ccc(-c2ccccc2)cn1
C(=Cc1sccc1CN1CCC1)Oc1ccc(-c2ccccc2)cn1
C(=Cc1sccc1CN1CC1)Oc1ccc(-c2ccccc2)cn1
C(=Cc1sccc1CN1CC1)Oc1ccc(-c2ccccc2)cn1
C(=Cc1sccc1CN1CC1)Oc1ccc(-c2ccccc2)cn1
C(=Cc1sccc1CN1CC1)Oc1ccc(-c2ccccc2)cn1
C(=Cc1sccc1CN1CC1)Oc1ccc(-c2ccccc2)cn1
C(=Cc1sccc1CN1CC1)Oc1ccc(-c2ccccc2)cn1
C(=Cc1sccc1CN1CC1)Oc1ccc(-c2ccccc2)cn1
C(=Cc1sccc1CN1CC1)Oc1ccc(-c2ccccc2)cn1
C(=Cc1sccc1CN1CC1)Oc1ccc(-c2ccccc2)cn1
C(=Cc1sccc1CN1CC1)Oc1ccc(-c2ccccc2)cn1
C(=Cc1sccc1CN1CC1)Oc1ccc(-c2ccccc2)cn1
C(=Cc1sccc1CN1CC1)Oc1ccc(-c2ccccc2)cn1
C(=Cc1sccc1CN1CC1)Oc1ccc(-c2ccccc2)cn1
C(=Cc1sccc1CN1CCC1)Oc1ccc(-c2ccccc2)cn1
C(=Cc1sccc1CN1CCC1)Oc1ccc(-c2ccccc2)cn1
C(=Cc1sccc1CN1CCC1)Oc1ccc(-c2ccccc2)cn1
C(=Cc1sccc1CN1CCC1)Oc1ccc(-c2ccccc2)cn1
C(=Cc1sccc1CN1CCC1)Oc1ccc(-c2ccccc2)cn1
C(=Cc1sccc1CN1CCC1)Oc1ccc(-c2ccccc2)cn1
C(=Cc1sccc1CN1CCC1)Oc1ccc(-c2ccccc2)cn1
C(=Cc1sccc1CN1CC1)Oc1ccc(-c2ccccc2)cn1
C(=Cc1sccc1CN1CC1)Oc1ccc(-c2ccccc2)cn1
C(=Cc1sccc1CN1CCC1)Oc1ccc(-c2ccccc2)cn1
C(=Cc1sccc1CN1CCC1)Oc1ccc(Cc2ccccc2)cn1
C(=Cc1sccc1CN1CCCC1)Oc1ccc(Cc2ccccc2)cn1
C(=Cc1sccc1CN1CCCCC1)Oc1ccc(Cc2ccccc2)cn1
C(=Cc1sccc1CN1CCCCC1)Oc1ccc(Cc2ccccc2)cn1
C(=Cc1sccc1CN1CCCCC1)Oc1ccc(-c2ccccc2)cn1
C(=Cc1sccc1CN1CCCCC1)Oc1ccc(-c2ccccc2)cn1
C(=Cc1sccc1CN1CCCC1)Oc1ccc(-c2ccccc2)cn1
C(=Cc1sccc1CN1CCCC1)Oc1ccc(-c2ccccc2)cn1
C(=Cc1sccc1CN1CCCC1)Oc1ccc(-c2ccccc2)cn1
C(=Cc1sccc1CN1CCCC1)Oc1ccc(-c2ccccc2)cn1
C(=Cc1sccc1CN1CCCC1)Oc1ccc(-c2ccccc2)cn1
C(=Cc1sccc1CN1CCCC1)Oc1ccc(-c2ccccc2)cn1
C(=Cc1sccc1CN1CCCC1)Oc1ccc(-c2ccccc2)cn1
C(=Cc1sccc1CN1CCCC1)Oc1ccc(-c2ccccc2)cn1
C(=Cc1sccc1CN1CCCC1)Oc1ccc(-c2ccccc2)cn1
C(=Cc1sccc1CN1CCCC1)Oc1ccc(-c2ccccc2)cn1
C(=Cc1sccc1CN1CCCC1)Oc1ccc(Cc2ccccc2)cn1
C(=Cc1sccc1CN1CCCC1)Oc1ccc(Cc2ccccc2)cn1
C(=Cc1sccc1CN1CCCC1)Oc1ccc(Cc2ccccc2)cn1
C(=Cc1sccc1CN1CCCCC1)Oc1ccc(Cc2ccccc2)cn1
C(=Cc1sccc1CN1CCC(c2ccccc2)CC1)Oc1ccccn1
C(=Cc1sccc1CN1CCC(c2ccccc2)CC1)Oc1ccccn1
C(=Cc1sccc1CN1CCN(c2ccccc2)CC1)Oc1ccccn1
C(=Cc1sccc1CN1CCN(c2ccccc2)CC1)Oc1ccccn1
C(=Cc1sccc1CN1CCN(c2ccccc2)CC1)Oc1ccccn1
C(=Cc1sccc1CN1CCN(c2ccccc2)CC1)Oc1ccccn1
C(=Cc1sccc1CN1CCN(c2ccccc2)CC1)Oc1ccccn1
C(=Cc1sccc1CN1CCN(c2ccccc2)CC1)Oc1ccccn1
C(=Cc1sccc1CN1CCN(c2ccccc2)CC1)Oc1ccccn1
C(=Cc1sccc1CN1CCN(c2ccccc2)CC1)Oc1ccccn1
C(=Cc1sccc1CN1CCN(c2ccccc2)CC1)Oc1ccccn1
C(=Cc1sccc1CN1CCN(c2ccccc2)CC1)Oc1ccccn1
C(=Cc1sccc1CN1CCN(c2ccccc2)CC1)Oc1ccccn1
C(=Cc1sccc1CN1CCN(c2ccccc2)CC1)Oc1ccccn1
C(=Cc1sccc1N1CCN(c2ccccc2)CC1)Oc1ccccn1
C(=Cc1sccc1N1CCN(c2ccccc2)CC1)Oc1ccccn1
C(=Cc1sccc1N1CCN(c2ccccc2)CC1)Oc1ccccn1
c1ccc(N2CCN(c3ccsc3COc3ccccn3)CC2)cc1
c1ccc(N2CCN(c3ccsc3Oc3ccccn3)CC2)cc1
C1=CC(N2CCN(c3ccccc3)CC2)=C(Oc2ccccn2)C1
C1=CC(N2CCN(c3ccccc3)CC2)=C1Oc1ccccn1
C1=CC(N2CCN(c3ccccc3)CC2)=C1Cc1ccccn1
C1=CC(N2CCCN(c3ccccc3)CC2)=C1Cc1ccccn1
C1=C(CCCc2ccccn2)C(N2CCCN(c3ccccc3)CC2)=C1
C1=C(CCCc2ccccn2)C(N2CCCN(c3ccccc3)C2)=C1
C1=C(CCCc2ccccn2)C(N2CCN(c3ccccc3)C2)=C1
C1=C(CCc2ccccn2)C(N2CCN(c3ccccc3)C2)=C1
C1=C(Cc2ccccn2)C(N2CCN(c3ccccc3)C2)=C1
C1=C(Cc2ccccn2)C(N2CCN(c3ccccc3)CC2)=C1
C1=C(Cc2ccccn2)CC(N2CCN(c3ccccc3)CC2)=C1
C1=C(Cc2ccccn2)CCC(N2CCN(c3ccccc3)CC2)=C1
C1=C(Cc2ccccc2)CCC(N2CCN(c3ccccc3)CC2)=C1
c1ccc(Cc2ccc(N3CCN(c4ccccc4)CC3)cc2)cc1
c1ccc(Cc2ccc(N3CCN(c4ccccc4)CC3)nc2)cc1
c1ccc(Cc2ccc(N3CCN(c4ccccc4)CC3)nc2)cc1
c1ccc(Cc2ccc(N3CCN(c4ccccc4)CC3)nc2)cc1
c1ccc(Cc2ccc(N3CCN(c4ccccc4)CC3)nc2)cc1
c1ccc(Cc2ccc(CN3CCN(c4ccccc4)CC3)nc2)cc1
c1ccc(N2CCN(Cc3ccc(Cc4ccncc4)cn3)CC2)cc1
c1ccc(N2CCN(Cc3ccc(Cc4ccncc4)cn3)C2)cc1
c1ccc(N2CCN(Cc3ccc(Cc4ccncc4)cc3)C2)cc1
c1ccc(N2CCN(c3ccc(Cc4ccncc4)cc3)C2)cc1
c1ccc(N2CCN(c3ccc(Cc4ccncc4)cc3)C2)cc1
c1ccc(N2CCCN(c3ccc(Cc4ccncc4)cc3)C2)cc1
c1ccc(N2CCCN(c3ccc(Cc4ccncc4)cc3)C2)cc1
c1ccc(N2CCCN(c3ccc(Cc4ccncc4)cc3)C2)cc1
c1ccc(N2CCCN(c3ccc(Cc4ccncc4)cc3)C2)cc1
c1ccc(N2CCN(c3ccc(Cc4ccncc4)cc3)C2)cc1
c1ccc(N2CNc3ccc(Cc4ccncc4)cc32)cc1
c1ccc(N2CNc3ccc(Cc4ccncc4)cc32)cc1
c1ccc(N2CNc3ccc(Cc4ccncc4)cc32)cc1
c1ccc(N2c3cc(Cc4ccncc4)ccc3N3CCC32)cc1
c1ccc(N2c3cc(Cc4ccncc4)ccc3N3CC32)cc1
c1ccc(N2CNc3ccc(Cc4ccncc4)cc32)cc1
c1ccc(N2CNc3ccc(Cc4ccncc4)cc32)cc1
c1ccc(-n2cnc3ccc(Cc4ccncc4)cc32)cc1
c1ccc(-n2nnc3ccc(Cc4ccncc4)cc32)cc1
c1ccc(-n2ncc3ccc(Cc4ccncc4)cc32)cc1
c1ccc(-n2ncc3cc(Cc4ccncc4)ccc32)cc1
C=C1OC=NC12CCC1C3CCC4=CC(=O)CCC4=C3C(c3ccccc3)CC12
C=C1OC=NCC12CCC1C3CCC4=CC(=O)CCC4=C3C(c3ccccc3)CC12
C=C1OC=NCC12CCC1C3CCC4=CC(=O)CCC4=C3C(c3ccccc3)CC12
C=C1OC=NCC12CCC1C3CCCC4=CC(=O)CCC4=C3C(c3ccccc3)CC12
C=C1OC=NCC1CCC1CCC(c2ccccc2)C2=C3CCC(=O)C=C3CCCC21
C=C1OC=NCC1CCC1CC2=C(C2c2ccccc2)C1CCCC1=CC(=O)CCC1
C=C1OC=NCC1CCC1CC2=C(C2c2ccccc2)C1CCCC1=CC(=O)CCC1
C=C1OC=NCC1CCC1CC2=C(C1)C2c1ccccc1
C=C1OC=NCC1CCC1CC2=C(C1)C2CNc1ccccc1
C=C1OC=NCC1CCC1CCC(CNc2ccccc2)CC1
C=C1OC=NCC1CCCCCCCNc1ccccc1
C=C1OC=NCC1CCCCCCNc1ccccc1
C=C1OC=NCC1CCCCCCNc1ccccc1
C=C1OC=NCC1CCCCCCNc1ccccc1
C=C1OC=NCC1CCCCCCNc1ccccc1
c1ccccc1
c1ccccc1
c1ccccc1
c1ccccc1
c1ccccc1
c1ccccc1
c1ccccc1
c1ccccc1
c1ccccc1
c1ccccc1
c1ccccc1
c1ccccc1
c1ccccc1
c1ccccc1
c1ccccc1
c1ccccc1
c1ccccc1
c1ccccc1
c1ccccc1
c1ccccc1
c1ccccc1
c1ccccc1
c1ccccc1
c1ccccc1
c1ccccc1
c1ccccc1
c1ccccc1
c1ccccc1
c1ccccc1
c1ccccc1
C1=C(OCc2ccccc2)NC1
C1=C(OCc2ccccc2)NC1
C1=C(OCc2ccccc2)NC1
C1=C(OCc2ccccc2)NC1
C1=C(OCc2ccccc2)NC1
C1=C(OCc2ccccc2)NC1
C1=C(OCc2ccccc2)N1
c1ccc(COc2cc[nH]c2)cc1
c1ccc(COc2cc[nH]c2)cc1
C1=CC(OCc2ccccc2)=CC1
C1=CC(OCc2ccccc2)=C1
C1=CC(OCc2ccccc2)=C1
C1=CC(OCc2ccccc2)=CCN1
C1=CC(OCc2ccccc2)=CCN1
c1ccc(COc2ccncc2)cc1
c1ccc(COc2ccncc2)cc1
c1ccc(COc2ccncc2)cc1
c1ccc(COc2ccccc2)cc1
c1ccc(COc2ccccc2)cc1
c1ccc(COc2ccccc2)cc1
c1ccc(COc2ccccc2)cc1
c1ccc(COc2ccccc2)cc1
c1ccc(COc2ccccc2)cc1
c1ccc(COc2ccc3c(c2)CN3)cc1
c1ccc(COc2ccc3c(c2)CN3)cc1
c1ccc(COc2ccc3c(c2)CN3)cc1
c1ccc(COc2ccc3c(c2)CN3)cc1
c1ccc(COc2ccc3c(c2)CN3)cc1
c1ccc(COc2ccc3c(c2)CN3)cc1
c1ccc(COc2ccc3c(c2)CN3)cc1
c1ccc(COc2ccc3c(c2)CCN3)cc1
c1ccc(COc2ccc3[nH]ccc3c2)cc1
c1ccc(COc2ccc3[nH]ccc3c2)cc1
c1ccc(COc2ccc3[nH]ccc3c2)cc1
c1ccc(COc2ccc3[nH]ncc3c2)cc1
c1ccc(COc2ccc3[nH]ncc3c2)cc1
c1ccc(COc2ccc3[nH]ncc3c2)cc1
c1ccc(COc2ccc3[nH]ncc3c2)cc1
c1ccc(COc2ccc3[nH]ncc3c2)cc1
C1=C(n2ncc3cc(OCc4ccccc4)ccc32)CC1
C1=C(n2ncc3cc(OCc4ccccc4)ccc32)C1
C1=C(n2ncc3cc(OCc4ccccc4)ccc32)CN1
C1=NC=C1n1ncc2cc(OCc3ccccc3)ccc21
C1=NC=C1n1ncc2cc(OCc3ccccc3)ccc21
C1=CC(n2ncc3cc(OCc4ccccc4)ccc32)=N1
C1=CC(n2ncc3cc(OCc4ccccc4)ccc32)=C1
C1=CC(n2ncc3cc(OCc4ccccc4)ccc32)=C1
C1=CC(n2ncc3cc(OCc4ccccc4)ccc32)=C1
c1ccc(COc2ccc3c(cnn3-c3cccs3)c2)cc1
c1ccc(COc2ccc3c(cnn3-c3cccs3)c2)cc1
c1ccc(COc2ccc3c(cnn3-c3cccs3)c2)cc1
c1ccc(COc2ccc3c(cnn3-c3ccns3)c2)cc1
C1=Cc2c(ccc3c2C(=Cc2ccccc2-c2ccccc2)Oc2ccccc2-3)NC1
C1=Cc2c(ccc3c2C(=Cc2cccc(-c4ccccc4)c2)Oc2ccccc2-3)NC1
C1=Cc2c(ccc3c2C(=Cc2cccc(-c4ccccc4)c2)COc2ccccc2-3)NC1
C1=Cc2c(ccc3c2C(=Cc2cccc(-c4ccccc4)c2)CCc2ccccc2-3)NC1
C1=Cc2c(ccc3c2C(=Cc2cccc(-c4ccccc4)c2)CCc2ccccc2-3)NC1
C1=Cc2c(ccc3c2C(c2cccc(-c4ccccc4)c2)CCc2ccccc2-3)NC1
C1=Cc2c(ccc3c2C(c2cccc(-c4ccccc4)c2)CCc2ccccc2-3)NC1
C1=Cc2c(ccc3c2C(c2cccc(-c4ccccc4)c2)CCc2ccccc2-3)NC1
C1=Cc2c(ccc3c2C(c2cccc(-c4ccccc4)c2)CCc2ccccc2-3)NC1
c1ccc(-c2cccc(C3CCc4ccccc4-c4ccc5c(c43)CCCN5)c2)cc1
c1ccc(-c2cccc(C3CCc4ccccc4-c4ccc5c(c43)CCCN5)c2)cc1
c1ccc(-c2cccc(C3CCc4ccccc4-c4ccc5c(c43)CCCN5)c2)cc1
c1ccc(-c2cccc(C3CCc4ccccc4-c4ccc5c(c43)CCCC5)c2)cc1
c1ccc(-c2cccc(C3CCc4ccccc4-c4ccc5c(c43)CCCC5)c2)cc1
c1ccc(-c2cccc(C3CCc4ccccc4-c4ccc5c(c43)CCCC5)c2)cc1
c1ccc(-c2cccc(C3CCc4ccccc4-c4ncc5c(c43)CCCC5)c2)cc1
c1ccc(-c2cccc(N3CCc4ccccc4-c4ncc5c(c43)CCCC5)c2)cc1
c1ccc(-c2cccc(N3CCc4ccccc4-c4ncc5c(c43)CCCCC5)c2)cc1
c1ccc(-c2cccc(N3CCc4ccccc4-c4ncc5c(c43)CCCCC5)c2)cc1
c1ccc(-c2cccc(N3CCc4ccccc4-c4ncc5c(c43)CCCCC5)c2)cc1
c1ccc(-c2cccc(N3CCc4ccccc4C4=NC5CCCCCC5=C43)c2)cc1
c1ccc(-c2cccc(N3CCc4ccccc4C4=NC5CCCCCC5=C43)c2)cc1
c1ccc(-c2cccc(N3CCc4ccccc4C4=NC5CCCCCC5=C43)c2)cc1
c1ccc(-c2cccc(N3CCc4ccccc4C4=NC5CCCCCC5=C43)c2)cc1
c1ccc(-c2cccc(N3CCc4ccccc4C4=NC5CCCCC5=C43)c2)cc1
c1ccc(-c2cccc(N3CCc4ccccc4CC3=C3CCCCC3)c2)cc1
c1ccc(-c2cccc(N3CCc4ccccc4CC3=C3CCCCC3)c2)cc1
c1ccc(-c2cccc(N3CCc4ccccc4CC3C3CCCCC3)c2)cc1
C1=CCC(C2CCCCC2)N(c2cccc(-c3ccccc3)c2)CC1
C1=CCC(C2CCCCC2)N(c2cccc(-c3ccccc3)c2)CC1
C1=CCC(C2CCCCC2)N(c2cccc(-c3ccccc3)c2)CC1
C1=CCC(C2CCCCC2)N(c2cccc(-c3ccccc3)c2)CC1
C1=CCC(C2CCCCC2)N(c2cccc(-c3ccccc3)c2)CC1
c1ccc(-c2cccc(N3CCCCC3C3CCCCC3)c2)cc1
c1ccc(-c2cccc(N3CCCCC3C3CCCCCC3)c2)cc1
c1ccc(-c2cccc(N3CCCCC3C3CCCCCC3)c2)cc1
c1ccc(-c2cccc(N3CCCCC3C3CCCCC3)c2)cc1
c1ccc(-c2cccc(N3CCCC3C3CCCCC3)c2)cc1
c1ccc(-c2cccc(N3CCCC3C3CCCCC3)c2)cc1
c1ccc(-c2cccc(N3CCCC3C3CCCCC3)c2)cc1
c1ccc(-c2cccc(N3CCCC3C3CCCCCC3)c2)cc1
c1ccc(-c2cccc(N3CCCC3C3CCCCCC3)c2)cc1
c1ccc(-c2cccc(N3CCCC(C4CCCCCC4)C3)c2)cc1
c1ccc(-c2cccc(N3CCCC(C4CCCCCC4)CC3)c2)cc1
c1ccc(-c2cccc(N3CCCC(C4CCCCCC4)CC3)c2)cc1
c1ccc(-c2cccc(N3CCCC(C4CCCCC4)CC3)c2)cc1
c1ccc(-c2cccc(N3CCCC(C4CCCC4)CC3)c2)cc1
c1ccc(-c2ccc(N3CCCC(C4CCCC4)CC3)cc2)cc1
c1ccc(-c2ccc(N3CCCCC(C4CCCC4)CC3)cc2)cc1
c1ccc(-c2ccc(N3CCCCC(C4CCCC4)CC3)cc2)cc1
c1ccc(-c2ccc(N3CCCCC(C4CCC4)CC3)cc2)cc1
c1ccc(-c2ccc(N3CCCCC(C4CCC4)CC3)cc2)cc1
c1ccc(-c2ccc(N3CCCCC(C4CC4)CC3)cc2)cc1
c1ccc(-c2ccc3c(c2)CC2CCCC(C4CC4)CCN32)cc1
c1ccc(-c2ccc3c(c2)CC2CCCC(C4CC4)CCC32)cc1
c1ccc(-c2ccc3c(c2)CC2CCCC(C4CC4)CCC32)cc1
c1ccc(-c2ccc3c(c2)CC2CCCC(C4CC4)CCC2C3)cc1
c1ccc(-c2ccc3c(c2)C(C2CCCC(C4CC4)CCC2)CC3)cc1
c1ccc(-c2ccc3c(c2)C(C2CCCC(C4CC4)CCC2)CC3)cc1
c1ccc(-c2ccc3c(c2)C(C2CCCC(C4CC4)CCC2)CC3)cc1
c1ccc(-c2ccc3c(c2)C(C2CCCC(C4CC4)CC2)CC3)cc1
c1ccc(-c2ccc3c(c2)C(C2CCCCCC2)CC3)cc1
c1ccc(-c2ccc3c(c2)C(C2CCCCCC2)CC3)cc1
c1ccc(-c2ccc3c(c2)C(C2CCCC4CCC4C2)CC3)cc1
c1ccc(-c2ccc3c(c2)C(C2CCCC4CCC4C2)CC3)cc1
c1ccc(-c2ccc3c(c2)CCC3C2CCCC3CCC3C2)cc1
c1ccc(-c2ccc3c(c2)CCC3C2CCCC3CCC3C2)cc1
c1ccc(-c2ccc3c(c2)CC3C2CCCC3CCC3C2)cc1
c1ccc(-c2ccc3c(c2)CC3C2CCCC3CCC3CC2)cc1
c1ccc(-c2ccc3c(c2)CC3C2CCCC3CCC3CC2)cc1
c1ccc(-c2ccc3c(c2)CC(C2CCCC4CCC4CC2)C3)cc1
c1ccc(-c2ccc3c(c2)CC(C2CCCC4CCC4CC2)CC3)cc1
c1ccc(-c2ccc3c(c2)CC(C2CCCC4CCC4CC2)CC3)cc1
c1ccc(-c2ccc3c(c2)C2C(CC3)C3CCCC4CCC4CC32)cc1
c1ccc(-c2ccc3c(c2)C2C(CC3)C3CCCC4CCC4CC32)cc1
c1ccc(-c2ccc3c(c2)CC2C(CC3)C3CCCC4CCC4CC32)cc1
c1ccc(-c2ccc3c(c2)CC2C(CC3)C3CCCC4CCC4CC32)cc1
c1ccc(-c2ccc3c(c2)CC2C(CC3)C3CCCC4CCC4C32)cc1
c1ccc(-c2ccc3c(c2)CC2C(CC3)C3CCCC4CCC4C32)cc1
c1ccc(-c2ccc3c(c2)CC2C(CC3)C3CCCC4CCC4C32)cc1
c1ccc(-c2ccc3c(c2)CC2C(CC3)C3CCCCC4CCC4C32)cc1
c1ccc(-c2ccc3c(c2)CC2C(C3)C3CCCCC4CCC4C32)cc1
c1ccc(-c2ccc3c(c2)CC2C4CCCC5CCC5CC4C2C3)cc1
c1ccc(-c2ccc3c(c2)CCC2CCCC4CCC4CC2CC3)cc1
c1ccc(-c2ccc3c(c2)CCC2CCCC4CCC4CC2CC3)cc1
c1ccc(-c2ccc3c(c2)CCC2CCCC4CCC4C2CC3)cc1
c1ccc(-c2ccc3c(c2)CCC2CCCC4CCC4C2CC3)cc1
c1ccc(-c2ccc3c(c2)CCC2CCCC4CCC4C2CC3)cc1
c1ccc(-c2ccc3c(c2)CCC2CCCC4CCC4C2CC3)cc1
c1ccc(NC2Cc3ccccc3CCC3C4CCC4CCCC23)cc1
c1ccc(NC2Cc3ccccc3CCC3C4CCC4CCCC23)cc1
c1ccc(NC2Cc3ccccc3CCC3C4CCC4CCCC23)cc1
c1ccc(NCC2Cc3ccccc3CCC3C4CCC4CCCC23)cc1
c1ccc(NCC2Cc3ccccc3CCC3C4CCC4CCCC23)cc1
c1ccc(NCC2Cc3ccccc3CCC3C4CCC4CCCC23)cc1
c1ccc(NCC2Cc3ccccc3CCC3C4CCC4CCCC23)cc1
c1ccc(NCC2Cc3ccccc3CCC3C4CCC4CCCC23)cc1
c1ccc(NCC2Cc3ccccc3CCC3C4CCC4CCCC23)cc1
c1ccc(NCC2Cc3ccccc3CCC3C4CCC4CCCC23)cc1
c1ccc(NCC2Cc3ccccc3CCC3C4CCC4CCCC23)cc1
c1ccc(NCC2c3ccccc3CCC3C4CCC4CCCC23)cc1
c1ccc(NC2c3ccccc3CCC3C4CCC4CCCC23)cc1
c1ccc(NC2c3ccccc3CCC3C4CCC4CCCC23)cc1
c1ccc(NC2c3ccccc3CCC3C4CCC4CCCC23)cc1
c1ccc(NC2c3ccccc3CCC3C4CCC4CCCC23)cc1
c1ccc(C2C3CCCC4CCC4C3CCN2c2ccccc2)cc1
c1ccc(C2C3CCCC4CCC4C3CCN2c2ccccc2)cc1
c1ccc(C2CN(c3ccccc3)CCC3C4CCC4CCCC23)cc1
c1ccc(C2CN(c3ccccc3)CCCC3C4CCC4CCCC23)cc1
c1ccc(C2CN(c3ccccc3)CCCC3C4CCC4CCCC23)cc1
C1=CC(C2CN(c3ccccc3)CCCC3C4CCC4CCCC23)C=C1
C1=CC(C2CN(c3ccccc3)CCCC3C4CCC4CCCC23)C=C1
C1=CC(C2CN(c3ccccc3)CCCC3C4CCC4CCCC23)=C1
C1=C(C2CN(c3ccccc3)CCCC3C4CCC4CCCC23)C1
C1=C(C2CN(c3ccccc3)CCCC3C4CCC4CCCC23)CC1
c1ccc(N2CCCC3C4CCC4CCCC3C(C3CCC3)C2)cc1
c1ccc(N2CCCC3C4CCC4CCCC3C(C3CCC3)C2)cc1
c1ccc(N2CCCC3C4CCC4CCCC3C(C3CC3)C2)cc1
c1ccc(N2CCCC3C4CCC4CCCC3C2C2CC2)cc1
c1ccc(N2CCCC3C4CCC4CCCC3C2C2CC2)cc1
c1ccc(N2CCCC3C4CCC4CCCC3C2C2CNC2)cc1
c1ccc(N2CCCC3C4CCC4CCCC3C(C3CNC3)C2)cc1
c1ccc(N2CCC3C4CCC4CCCC3C(C3CNC3)C2)cc1
c1ccc(N2CCC3C4CCC4CCCC3C(C3C4NC43)C2)cc1
c1ccc(N2CCC3C4CCC4CCCC3C(C3CC3)C2)cc1
c1ccc(N2CCC3C4CCC4CCCC3C(C3CC3)C2)cc1
c1ccc(N2CCC3CCCC4CCC4C3CC2)cc1
c1ccc(N2CCC3CCCC4CCC4C3CC2)cc1
c1ccc(N2CCCC3CCCC4CCC4C3CC2)cc1
c1ccc(N2CCCC3CCCC4CCC4C3CC2)cc1
c1ccc(N2CCC3C4CCC4CCCC3C3CCC3C2)cc1
c1ccc(N2CCC3C4CCC4CCCC3C3CCC32)cc1
c1ccc(N2CCC3C4CCC4CCCC3C3CCCC32)cc1
c1ccc(N2CCC3C4CCC4CCCC3C3CCCCC32)cc1
c1ccc(N2CCC3C4CCC4CCCC3C3CCCC32)cc1
c1ccc(N2CCC3C4CCC4CCCC3C3CCCC32)cc1
c1ccc(N2CCCCC3C4CCCC5CCC5C4CC32)cc1
c1ccc(N2CCCC3C4CCCC5CCC5C4CC32)cc1
c1ccc(N2CCCC3C(CC4C5CCC5CCCC34)C2)cc1
c1ccc(N2CCCC3C(CC4C5CCC5CCCC34)C2)cc1
c1ccc(N2CCCC3C(CC4C5CCC5CCCC34)C2)cc1
c1ccc(N2CCCC3C(CCC4C5CCC5CCCC34)C2)cc1
c1ccc(N2CCCC3C(CCC4C5CCC5CCCC34)C2)cc1
c1ccc(N2CCCC3C(CCCC4C5CCC5CCCC34)C2)cc1
c1ccc(N2CCCC3C(CCCC4C5CCC5CCCC34)C2)cc1
c1ccc(N2CCC3C(CCCC4C5CCC5CCCC34)C2)cc1
c1ccc(N2CC3CCCC4C5CCC5CCCC4C3C2)cc1
c1ccc(N2CC3CCCC4C5CCC5CCCC4C3C2)cc1
c1ccc(N2CC3CCCC4C5CCC5CCCC4C3C2)cc1
c1ccc(N2CCC3CCCC4C5CCC5CCCC4C3C2)cc1
c1ccc(N2CCC3CCCC4C5CCC5CCCC4C3CC2)cc1
c1ccc(N2CCCC3C(CCCC4C5CCC5CCCC34)CC2)cc1
c1ccc(N2CCCC3C(CCC4C5CCC5CCCC34)CC2)cc1
c1ccc(N2CCCC3C(CCC4C5CCC5CCCC34)CC2)cc1
c1ccc(N2CCCC3C(CCC4C5CCC5CCCC34)CC2)cc1
c1ccc(N2CCC(C3CCCC4C5CCC5CCCC34)CC2)cc1
c1ccc(N2CCC(C3CCCC4C5CCC5CCCC34)C2)cc1
c1ccc(N2CCC(C3CCCC4C5CCC5CCCC34)C2)cc1
c1ccc(N2CCCC(C3CCCC4C5CCC5CCCC34)C2)cc1
c1ccc(N2CCCC(C3CCCC4C5CCC5CCCC34)C2)cc1
c1ccc(N2CCCC(C3CCC4C5CCC5CCCC34)C2)cc1
c1ccc(N2CCCCC(C3CCC4C5CCC5CCCC34)C2)cc1
c1ccc(N2CCCCC(C3CCC4C5CCC5CCCC34)C2)cc1
c1ccc(N2CCCCC(C3CC4C5CCC5CCCC34)C2)cc1
c1ccc(N2CCCC(C3CC4C5CCC5CCCC34)C2)cc1
O=C1CCN(c2ccccc2)CC1C1CC2C3CCC3CCCC12
O=C1CCN(c2ccccc2)CC1C1CC2C3CCC3CCCC12
c1ccc(N2CCCC(C3CC4C5CCC5CCCC34)C2)cc1
c1ccc(N2CCCC(C3CC4C5CCC5CCCC34)CC2)cc1
c1ccc(N2CCCC(C3CC4C5CCC5CCCC34)CC2)cc1
c1ccc(N2CCCC(C3CC4C5CCC5CCCC34)CC2)cc1
c1ccc(N2CCC(C3CC4C5CCC5CCCC34)CC2)cc1
c1ccc(N2CCC(C3CC4C5CCC5CCCC34)CC2)cc1
c1ccc(N2CCC(C3CCC4C5CCC5CCCC34)CC2)cc1
c1ccc(N2CCC(C3CCC4C5CCC5CCCC34)CC2)cc1
C1=C(C2CCC3C4CCC4CCCC23)CCN(c2ccccc2)C1
C1=C(C2CCC3C4CCC4CCCC23)CCN(c2ccccc2)C1
C1=C(C2CCCC3C4CCC4CCCC23)CCN(c2ccccc2)C1
C1=C(C2CCCC3C4CCC4CCCC23)CN(c2ccccc2)C1
C1=C(C2CCCC3C4CCC4CCCC23)N(c2ccccc2)C1
C1=C(C2CCCC3C4CCC4CCCC23)N(c2ccccc2)C1
C1=C(C2CCCC3C4CCC4CCCC23)N(c2ccccc2)CC1
c1ccc(-n2cccc2C2CCCC3C4CCC4CCCC23)cc1
c1ccc(-n2cccc2C2CCC3C4CCC4CCCC23)cc1
c1ccc(-n2cccc2C2CCC3CC4CCC4CCCC32)cc1
c1ccc(-n2nccc2C2CCC3CC4CCC4CCCC32)cc1
c1ccc(-n2nccc2C2CCC3C4CCC4CCCC23)cc1
c1ccc(-n2nccc2C2CCC3C4CCC4CCCC23)cc1
c1ccc(-n2nccc2C2CCC3C4CCC4CCCC23)cc1
c1ccc(-n2nccc2C2CCC3C4CCC4CCCC23)cc1
c1ccc(-n2nccc2C2CC3C4CCC4CCCC23)cc1
c1ccc(-n2nccc2C2CC3C4CCC4CCCC23)cc1
c1ccc(-n2nccc2CC2CC3C4CCC4CCCC23)cc1
c1ccc(-n2nccc2CC2CCC3C4CCC4CCCC23)cc1
c1ccc(-n2ncc3c2CC(C2CCCC4CCC4C2)CCC3)cc1
c1ccc(-n2ncc3c2CC(C2CCCC4CCC42)CCC3)cc1
c1ccc(-n2ncc3c2CC(C2CCCC4CCC42)CC3)cc1
c1ccc(-n2ncc3c2CC(C2CCCC4CCC42)C3)cc1
c1ccc(-n2ncc3c2CCC(C2CCCC4CCC42)C3)cc1
c1ccc(-n2ncc3c2CCC(C2CCCC4CCC42)CC3)cc1
C1=CC(C2CCCC3CCC32)CCc2cnn(-c3ccccc3)c21
C1=CC(C2CCCC3CCC32)CCc2cnn(-c3ccccc3)c21
C1=CC(C2CCCC3CCC32)CCc2cnn(-c3ccccc3)c21
C1=CC(C2CCCC3CCC3C2)CCc2cnn(-c3ccccc3)c21
C1=C2C(CCc3cnn(-c4ccccc4)c31)C1CCCC3CCC3C21
C1=C2C(CCc3cnn(-c4ccccc4)c31)C1CCCC3CCC3C21
C1=C2C(Cc3cnn(-c4ccccc4)c31)C1CCCC3CCC3C21
C1=C2C(Cc3cnn(-c4ccccc4)c31)C1CCCC3CCC3C21
C1=C2C(Cc3cnn(-c4ccccc4)c31)C1CCCC3CCC3C21
C1=C2C(Cc3cnn(-c4ccccc4)c31)C1CCCC3CCC3C21
C1=C2CC3C4CCC4CCCC3C2Cc2cnn(-c3ccccc3)c21
C1=C2CC3C4CC4CCCC3C2Cc2cnn(-c3ccccc3)c21
C1=C2CC3CCCCCC3C2Cc2cnn(-c3ccccc3)c21
C1=C2CCC3CCCCCC3C2Cc2cnn(-c3ccccc3)c21
C1=C2CCC3CCCCCCC3C2Cc2cnn(-c3ccccc3)c21
C1=C2CCC3CCCCCCC3C2Cc2cnn(-c3ccccc3)c21
C1=C2CCC3CCCCCCC3C2Cc2cnn(-c3ccccc3)c21
C1=C2CCC3CC4CC4CCC3C2Cc2cnn(-c3ccccc3)c21
C1=C2CCC3C4CCC4CCC3C2Cc2cnn(-c3ccccc3)c21
C1=C2CCC3C4CCC4CCCC3C2Cc2cnn(-c3ccccc3)c21
C1=C2CCC3C4CCCC4CCCC3C2Cc2cnn(-c3ccccc3)c21
C1=C2CCC3C4CCCC4CCC3C2Cc2cnn(-c3ccccc3)c21
C1=C2CC3C4CCCC4CCC3C2Cc2cnn(-c3ccccc3)c21
C1=C2CC3C4CCCC4CCC3C2Cc2cnn(-c3ccccc3)c21
C1=C2CCC3C4CCCC4CCC3C2Cc2cnn(-c3ccccc3)c21
C1=Cc2c(ccc3c2C(=Cc2ccccc2-c2ccccc2)Oc2ccccc2-3)NC1
C(=C1Oc2ccccc2-c2ccccc21)c1ccccc1-c1ccccc1
C(=C1Oc2ccccc2-c2ccccc21)c1ccccc1-c1ccccc1
C(=C1Oc2ccccc2-c2ccccc21)c1ccccc1-c1ccccc1
C(=Cc1ccccc1-c1ccccc1)c1ccccc1-c1ccccc1
c1ccc(-c2ccccc2Cc2ccccc2-c2ccccc2)cc1
c1ccc(-c2ccccc2Cc2ccccc2-c2ccccc2)cc1
c1ccc(-c2ccccc2Cc2ccccc2-c2ccccc2)cc1
c1ccc(-c2ccccc2Cc2ccccc2-c2ccccc2)cc1
c1ccc(Cc2ccccc2Cc2ccccc2-c2ccccc2)cc1
c1ccc(-c2ccccc2Cc2ccccc2-c2ccccc2)cc1
c1ccc(-c2ccccc2Cc2ccccc2-c2ccccc2)cc1
c1ccc(-c2ccccc2Cc2ccccc2-c2ccccc2)cc1
c1ccc(-c2ccccc2Cc2ccccc2-c2ccccc2)cc1
c1ccc(-c2ccccc2Cc2ccccc2-c2ccccc2)cc1
c1ccc(-c2ccccc2Cc2ccccc2-c2ccccc2)cc1
c1ccc(-c2ccccc2Cc2ccccc2-c2ccccc2)cc1
c1ccc(-c2ccccc2Cc2ccccc2-c2ccccc2)cc1
c1ccc(-c2ccccc2Cc2ccccc2-c2ccccc2)cc1
c1ccc(-c2ccccc2Cc2ccccc2-c2ccccc2)cc1
c1ccc(-c2ccccc2Cc2ccccc2-c2ccccc2)cc1
c1ccc(-c2ccccc2Cc2ccccc2-c2ccccc2)cc1
c1ccc(-c2ccccc2Cc2ccccc2-c2ccccc2)cc1
c1ccc(-c2ccccc2Cc2ccccc2-c2ccccc2)cc1
c1ccc(Cc2cc(-c3ccccc3)ccc2-c2ccccc2)cc1
c1ccc(Cc2cc(-c3ccccc3)ccc2-c2ccccc2)cc1
c1ccc(Cc2cc(-c3ccccc3)ccc2-c2ccccc2)cc1
c1ccc(Cc2cc(-c3ccccc3)ccc2-c2ccccc2)cc1
c1ccc(Cc2cc(-c3ccccc3)ccc2-c2ccccc2)cc1
c1ccc(Cc2cc(-c3ccccc3)ccc2-c2ccccc2)cc1
c1ccc(Cc2cc(-c3ccccc3)ccc2-c2ccccc2)cc1
c1ccc(Cc2cc(-c3ccccc3)ccc2-c2ccccc2)cc1
c1ccc(Cc2cc(-c3ccccc3)ccc2-c2ccccc2)cc1
c1ccc(Cc2cc(-c3ccccc3)ccc2-c2ccccc2)cc1
c1ccc(Cc2cc(Nc3ccccc3)ccc2-c2ccccc2)cc1
c1ccc(Cc2cc(Nc3ccccc3)ccc2-c2ccccc2)cc1
c1ccc(Cc2c(-c3ccccc3)ccc3c2[nH]n3-c2ccccc2)cc1
c1ccc(Cc2c(-c3ccccc3)ccc3c2[nH]n3-c2ccccc2)cc1
c1ccc(Cc2c(-c3ccccc3)ccc3c2[nH]n3-c2ccccc2)cc1
c1ccc(Cc2c(-c3ccccc3)ccc3c2NCN3c2ccccc2)cc1
c1ccc(Cc2c(-c3ccccc3)ccc3c2NCN3c2ccccc2)cc1
c1ccc(Cc2c(-c3ccccc3)ccc3c2ncn3-c2ccccc2)cc1
c1ccc(Cc2c(-c3ccccc3)ccc3c2nnn3-c2ccccc2)cc1
c1ccc(Cc2c(-c3ccccc3)ccc3c2nnn3-c2ccccc2)cc1
c1ccc(Cc2c(-c3ccccc3)ccc3c2nnn3-c2ccccc2)cc1
c1ccc(Cc2c(-c3ccccc3)ccc3c2cnn3-c2ccccc2)cc1
c1ccc(Cc2c(-c3ccccc3)ccc3c2cnn3-c2ccccc2)cc1
c1ccc(Cc2c(-c3ccccc3)ccc3c2cnn3-c2ccccc2)cc1
c1ccc(Cc2c(-c3ccccc3)ccc3c2cnn3-c2ccccc2)cc1
c1ccc(Cc2c(-c3ccccc3)ccc3c2cnn3-c2ccccc2)cc1
c1ccc(Cc2c(-c3ccccc3)ccc3c2cnn3-c2ccccc2)cc1
c1ccc(Cc2c(-c3ccccc3)ccc3c2cnn3-c2ccccc2)cc1
c1ccc(Cc2c(-c3ccccc3)ccc3c2cnn3-c2ccccc2)cc1
c1ccc(Cc2c(-c3ccccc3)ccc3c2cnn3-c2ccccc2)cc1
c1ccc(Cc2c(-c3ccccc3)ccc3c2cnn3-c2ccccc2)cc1
c1ccc(Cc2c(-c3ccccc3)ccc3c2cnn3-c2ccccc2)cc1
c1ccc(Cc2c(-c3ccccc3)ccc3c2cnn3-c2ccccc2)cc1
c1ccc(CCc2c(-c3ccccc3)ccc3c2cnn3-c2ccccc2)cc1
c1ccc(CNc2c(-c3ccccc3)ccc3c2cnn3-c2ccccc2)cc1
O=C(NCCc1ccccc1)c1cc(-c2ccccc2)cc2cnn(-c3ccccc3)c12
O=C(NCCc1ccccc1)c1cc(-c2ccccc2)cc2cnn(-c3ccccc3)c12
O=C(NCCc1ccccc1)c1cc(-c2ccccc2)cc2cnn(-c3ccccc3)c12
O=C(NCCc1ccccc1)c1cc(-c2ccccc2)cc2cnn(-c3ccccc3)c12
O=C(NCCc1ccccc1)c1cc(C2=CCC=C2)cc2cnn(-c3ccccc3)c12
O=C(NCCc1ccccc1)c1cc(C2=CC=C2)cc2cnn(-c3ccccc3)c12
O=C(NCCc1ccccc1)c1cc(C2C=CC2)cc2cnn(-c3ccccc3)c12
O=C(NCCc1ccccc1)c1cc(C2CC2)cc2cnn(-c3ccccc3)c12
O=C(NCCc1ccccc1)c1cc(C2CC2)cc2cnn(-c3ccccc3)c12
O=C(NCCc1ccccc1)c1cccc2cnn(-c3ccccc3)c12
O=C(NCCc1ccccc1)c1cccc2cnn(-c3ccccc3)c12
O=C(NCCc1ccccc1)c1cccc2cnn(-c3ccccc3)c12
O=C(NCCc1ccccc1)c1cccc2cnn(-c3ccccc3)c12
O=C(NCCc1ccccc1)c1cccc2cnn(-c3ccccc3)c12
O=C(NCCc1ccccc1)c1cccc2cnn(-c3ccccc3)c12
O=C(NCCc1ccccc1)c1cccc2cnn(-c3ccccc3)c12
O=C(NCCc1ccccc1)c1cccc2cnn(-c3ccccc3)c12
O=C(NCCc1ccccc1)c1cccc2cnn(-c3ccccc3)c12
O=C(NCCc1ccccc1)c1cccc2cnn(-c3ccccc3)c12
O=C(NCCc1ccccc1)c1cccc2cnn(-c3ccccc3)c12
O=C(NCCc1ccccc1)c1cccc2cnn(-c3ccccc3)c12
O=C(NCCc1ccccc1)c1cccc2cnn(-c3ccccc3)c12
O=C(NCCc1ccccc1)c1cccc2cnn(-c3ccccc3)c12
O=C(NCCc1ccccc1)c1cccc2cnn(-c3ccccc3)c12
O=C(NCCc1ccccc1)c1cccc2cnn(-c3ccccc3)c12
O=C(NCCc1ccccc1)c1cccc2cnn(-c3ccccc3)c12
O=C(NCCc1ccccc1)c1cccc2cnn(-c3ccccc3)c12
O=C(NCCc1ccccc1)c1ccc2cnn(-c3ccccc3)c2c1
O=C(NCCCc1ccccc1)c1ccc2cnn(-c3ccccc3)c2c1
O=C(NCCCc1ccccc1)c1ccc2cnn(-c3ccccc3)c2c1
O=C(NCCCc1ccccc1)c1ccc2cnn(-c3ccccc3)c2c1
O=C(NCCc1ccccc1)c1ccc2cnn(-c3ccccc3)c2c1
O=C(NCCc1ccccc1)c1ccc2cnn(-c3ccccc3)c2c1
O=C(NCCc1ccccc1)c1ccc2cnn(-c3ccccc3)c2c1
O=C(NCCc1ccccc1)c1ccc2cnn(-c3ccccc3)c2c1
O=C(NCCc1ccccc1)c1ccc2cnn(-c3ccccc3)c2c1
O=C(NCCc1ccccc1)c1ccc2cnn(-c3ccccc3)c2c1
O=C(NCCc1ccccc1)c1ccc2cnn(-c3ccccc3)c2c1
O=C(NCCc1ccccc1)c1ccc2cnn(-c3ccccc3)c2c1
O=C(NCCc1ccccc1)c1ccc2cnn(-c3ccccc3)c2c1
O=C(NCCc1ccccc1)c1ccc2cnn(-c3ccccc3)c2c1
O=C(NCCc1ccccc1)c1ccc2cnn(-c3ccccc3)c2c1
O=C(NCCc1ccccc1)c1ccc2cnn(-c3ccccc3)c2c1
O=C(NCCc1ccccc1)c1ccc2cnn(-c3ccccc3)c2c1
O=C(NCCc1ccccc1)c1ccc2cnn(-c3ccccc3)c2c1
O=C(NCCc1ccccc1)c1ccc2cnn(-c3ccccc3)c2c1
O=C(NCCc1ccccc1)c1ccc2cnn(-c3ccccc3)c2c1
O=C(NCCc1ccccc1)c1ccc2cnn(-c3ccccc3)c2c1
O=C(NCCc1ccccc1)c1ccc2cnn(-c3ccccc3)c2c1
O=C(NCCc1ccccc1)c1ccc2cnn(-c3ccccc3)c2c1
O=C(NCCc1ccccc1)c1ccc2cnn(-c3ccccc3)c2c1
O=C(NCCc1ccccc1)c1ccc2cnn(-c3ccccc3)c2c1
O=C(NCCc1ccccc1)c1ccc2cnn(-c3ccccc3)c2c1
O=C(NCCc1ccccc1)c1ccc2cnn(-c3ccccc3)c2c1
O=C(NCCc1ccccc1)c1ccc2cnn(-c3ccccc3)c2c1
O=C(NCCc1ccccc1)c1ccc2cnn(-c3ccccc3)c2c1
O=C(NCCCc1ccccc1)c1ccc2cnn(-c3ccccc3)c2c1
O=C(NCCCc1ccccc1)c1ccc2cnn(-c3ccccc3)c2c1
O=C(NCCc1ccccc1)c1ccc2cnn(-c3ccccc3)c2c1
O=C(NCCc1ccccc1)c1ccc2cnn(-c3ccccc3)c2c1
O=C(NCCc1ccccc1)c1ccc2cnn(-c3ccccc3)c2c1
O=C(NCCc1ccccc1)c1ccc2cnn(-c3ccccc3)c2c1
c1ccc(CCCCc2cccc3c2cnn3-c2ccccc2)cc1
c1ccc(CCCCc2cccc3c2cnn3-c2ccccc2)cc1
c1ccc(CCCCc2cccc3c2cnn3-c2ccccc2)cc1
O=C(NCCCCc1ccccc1)c1ccc2cnn(-c3ccccc3)c2c1
O=C(NCCCCc1ccccc1)c1ccc2cnn(-c3ccccc3)c2n1
O=C(NCCCCc1ccccc1)c1ccc2cnn(-c3ccccc3)c2n1
O=C(NCCCCc1ccccc1)c1ccc2cnn(-c3ccccc3)c2n1
O=C(NCCCCc1ccccc1)c1ccc2cnn(-c3ccccc3)c2c1
O=C(NCCCCc1ccccc1)c1ccc2cnn(-c3ccccc3)c2c1
O=C(NCCCCc1ccccc1)c1ccc2cnn(-c3ccccc3)c2c1
O=C(NCCCCc1ccccc1)c1ccc2cnn(-c3ccccc3)c2c1
O=C(NCCCCc1ccccc1)c1ccc2cnn(-c3ccccc3)c2c1
O=C(NCCCCc1ccccc1)c1cc(C2CC2)c2cnn(-c3ccccc3)c2c1
O=C(NCCCCc1ccccc1)c1ccc2cnn(-c3ccccc3)c2c1
O=C(NCCCCc1ccccc1)c1ccc2cnn(-c3ccccc3)c2c1
O=C(NCCCCc1ccccc1)c1ccc2cnn(-c3ccccc3)c2c1
O=C(NCCCCc1ccccc1)c1ccc2cnn(-c3ccccc3)c2c1
O=C(NCCCCc1ccccc1)c1ccc2cnn(-c3ccccc3)c2c1
O=C(NCCCCc1ccccc1)c1ccc2cnn(-c3ccccc3)c2c1
O=C(NCCCCc1ccccc1)c1ccc2cnn(-c3ccccc3)c2c1
O=C(NCCCCc1ccccc1)c1cccc2c1cnn2-c1ccccc1
O=C(NCCCCc1ccccc1)c1cccc2c1cnn2-c1ccccc1
O=C(NCCCCc1ccccc1)c1cccc2c1cnn2-c1ccccc1
O=C(Cc1cnn(-c2ccccc2)c1)NCCCCc1ccccc1
O=C(NCCCCc1ccccc1)c1cnn(-c2ccccc2)c1
O=C(NCCCCc1ccccc1)c1cnn(-c2ccccc2)c1
O=C(NCCCCc1ccccc1)c1cnn(-c2ccccc2)c1
O=C(NCCCCc1ccccc1)c1cnn(-c2ccccc2)c1
O=C(NCCCCc1ccccc1)c1cnn(-c2ccccc2)c1
O=C(NCCCCc1ccccc1)c1cnn(-c2ccccc2)c1
O=C(NCCCCc1ccccc1)c1cnn(-c2ccccc2)c1
C1=Cc2c(ccc3c2C(=Cc2ccc(-c4ccccc4)cc2)Oc2ccccc2-3)NC1
C1=Cc2c(ccc3c2C(=Cc2ccc(-c4ccccc4)cc2)Oc2ccccc2-3)NC1
C1=Cc2c(ccc3c2C(Cc2ccc(-c4ccccc4)cc2)Oc2ccccc2-3)NC1
C1=Cc2c(ccc3c2C(Cc2cccc(-c4ccccc4)c2)Oc2ccccc2-3)NC1
C1=Cc2c(ccc3c2C(c2cccc(-c4ccccc4)c2)Oc2ccccc2-3)NC1
C1=Cc2c(ccc3c2C(c2cccc(-c4ccccc4)c2)Oc2ccccc2-3)NC1
C1=Cc2c(ccc3c2C(c2cccc(-c4ccccc4)c2)Oc2ccccc2-3)NC1
C1=Cc2c(ccc3c2C(Cc2cccc(-c4ccccc4)c2)Oc2ccccc2-3)NC1
C1=Cc2c(ccc3c2C(Cc2cccc(-c4ccccc4)c2)Oc2ccccc2-3)NC1
C1=Cc2c(ccc3c2C(Cc2cccc(-c4ccccc4)c2)Oc2ccccc2-3)NC1
C1=Cc2c(ccc3c2C(Cc2cccc(-c4ccccc4)c2)Oc2ccccc2-3)NC1
C1=Cc2c(ccc3c2C(Cc2cccc(-c4ccccc4)c2)Oc2ccccc2-3)NC1
C1=Cc2c(ccc3c2C(CCc2cccc(-c4ccccc4)c2)Oc2ccccc2-3)NC1
C1=Cc2c(ccc3c2C(CCc2cccc(-c4ccccc4)c2)Oc2ccccc2-3)NC1
C1=Cc2c(ccc3c2C(CCc2cccc(-c4ccccc4)c2)Oc2ccccc2-3)NC1
C1=Cc2c(ccc3c2C(CCc2cccc(-c4ccccc4)c2)Oc2ccccc2-3)NC1
C1=Cc2c(ccc3c2C(CCc2cccc(-c4ccccc4)c2)Oc2ccccc2-3)NC1
C1=Cc2c(ccc3c2C(CCc2cccc(-c4ccccc4)c2)Oc2ccccc2-3)NC1
C1=Cc2c(ccc3c2C(CCc2cccc(-c4ccccc4)c2)Oc2ccccc2-3)NC1
C1=Cc2c(ccc3c2C(CCc2cccc(-c4ccccc4)c2)Oc2ccccc2-3)NC1
C1=Cc2c(ccc3c2C(CCc2cccc(-c4ccccc4)c2)Oc2ccccc2-3)NC1
C1=Cc2c(ccc3c2C(c2cccc(-c4ccccc4)c2)Oc2ccccc2-3)NC1
C1=Cc2c(ccc3c2C(c2cccc(-c4ccccc4)c2)Oc2ccccc2-3)NC1
C1=Cc2c(ccc3c2C(c2ccc(-c4ccccc4)cc2)Oc2ccccc2-3)NC1
C1=Cc2c(ccc3c2C(c2ccc(-c4ccccc4)cc2)Oc2ccccc2-3)NC1
C1=Cc2c(ccc3c2C(c2ccc(-c4ccccc4)cc2)Oc2ccccc2-3)NC1
C1=Cc2c(ccc3c2C(c2ccc(-c4ccccc4)cc2)Oc2ccccc2-3)NC1
C1=Cc2c(ccc3c2C(c2ccc(-c4ccccc4)cc2)Oc2ccccc2-3)NC1
C1=Cc2c(ccc3c2C(c2ccc(-c4ccccc4)cc2)Oc2ccccc2-3)NC1
C1=Cc2c(ccc3c2C(c2ccc(-c4ccccc4)cc2)Oc2ccccc2-3)NC1
C1=Cc2c(ccc3c2C(c2ccc(-c4ccccc4)cc2)Oc2ccccc2-3)NC1
C1=Cc2c(ccc3c2C(c2ccc(-c4ccccc4)cc2)Oc2ccccc2-3)NC1
C1=Cc2c(ccc3c2C(c2ccc(-c4ccccc4)cc2)Oc2ccccc2-3)NC1
C1=Cc2c(ccc3c2C(c2ccc(Cc4ccccc4)cc2)Oc2ccccc2-3)NC1
C1=Cc2c(ccc3c2C(c2ccc(Cc4ccccc4)cc2)Oc2ccccc2-3)NC1
C1=Cc2c(ccc3c2C(c2ccc(Cc4ccccc4)cc2)Oc2ccccc2-3)NC1
C1=Cc2c(ccc3c2C(c2ccc(Cc4ccccc4)cc2)Oc2ccccc2-3)NC1
C1=Cc2c(ccc3c2C(c2ccc(Cc4ccccc4)cc2)Oc2ccccc2-3)NC1
C1=Cc2c(ccc3c2C(Cc2ccc(Cc4ccccc4)cc2)Oc2ccccc2-3)NC1
C1=Cc2c(ccc3c2C(Cc2ccc(Cc4ccccc4)cc2)Oc2ccccc2-3)NC1
C1=Cc2c(ccc3c2C(Cc2ccc(-c4ccccc4)cc2)Oc2ccccc2-3)NC1
C1=Cc2c(ccc3c2C(Cc2ccc(-c4ccccc4)cc2)Oc2ccccc2-3)NC1
C1=Cc2c(ccc3c2C(Cc2ccc4ccccc4c2)Oc2ccccc2-3)NC1
C1=Cc2c(ccc3c2C(Cc2ccc4ccccc4c2)Oc2ccccc2-3)NC1
C1=Cc2c(ccc3c2C(Cc2ccc4ccccc4c2)Oc2ccccc2-3)NC1
C1=Cc2c(ccc3c2C(CC=Cc2ccccc2)Oc2ccccc2-3)NC1
C1=Cc2c(ccc3c2C(CC=Cc2ccccc2)Oc2ccccc2-3)NC1
C1=Cc2c(ccc3c2C(CC=Cc2ccccc2)Oc2ccccc2-3)NC1
C1=Cc2c(ccc3c2C(CC=Cc2ccccc2)Oc2ccccc2-3)NC1
C1=Cc2c(ccc3c2C(CCCc2ccccc2)Oc2ccccc2-3)NC1
C1=Cc2c(ccc3c2C(CCCc2ccccc2)Oc2ccccc2-3)NC1
C1=Cc2c(ccc3c2C(CCCc2ccccc2)Oc2ccccc2-3)NC1
C1=Cc2c(ccc3c2C(Cc2ccccc2)Oc2ccccc2-3)NC1
C1=Cc2c(ccc3c2C(Cc2ccccc2)Oc2ccccc2-3)NC1
C1=Cc2c(ccc3c2C(Cc2ccccc2)Oc2ccccc2-3)NC1
C1=Cc2c(ccc3c2COc2ccccc2-3)NC1
C1=Cc2c(ccc3c2COc2ccccc2-3)NC1
C1=Cc2c(ccc3c2COc2ccccc2-3)NC1
C1=Cc2c(ccc3c2COc2ccccc2-3)NC1
C1=Cc2c(ccc3c2COc2ccccc2-3)NC1
C1=Cc2c(ccc3c2COc2ccccc2-3)NC1
C1=Cc2c(ccc3c2C(=Cc2ccc(-c4ccccc4)cc2)Oc2ccccc2-3)NC1
C1=Cc2c(ccc3c2C(=Cc2ccc(-c4ccccc4)cc2)Oc2ccccc2-3)NC1
C(=C1Oc2ccccc2-c2ccccc21)c1ccc(-c2ccccc2)cc1
C(=C1Oc2ccccc2-c2ccccc21)c1ccc(-c2ccccc2)cc1
C(=C1Oc2ccccc2-c2cnccc21)c1ccc(-c2ccccc2)cc1
C(=C1Oc2ccccc2-c2cnc(N3CC3)cc21)c1ccc(-c2ccccc2)cc1
c1ccc(-c2ccc(CC3Oc4ccccc4-c4cnc(N5CC5)cc43)cc2)cc1
c1ccc(-c2ccc(CC3Oc4ccccc4-c4cnc(N5CC5)cc43)cc2)cc1
c1ccc(-c2ccc(CC3Oc4ccccc4-c4cnc(N5CC5)cc43)cc2)cc1
c1ccc(-c2ccc(CC3Oc4ccccc4-c4cnc(N5CC5)cc43)cc2)cc1
c1ccc(-c2ccc(CC3Oc4ccccc4-c4cnc(N5CC5)cc43)cc2)cc1
c1ccc(-c2ccc(CC3Oc4ccccc4-c4cnc(N5CC5)cc43)cc2)cc1
c1ccc(-c2ccc(CC3Oc4ccccc4-c4cnc(N5CC5)cc43)cc2)cc1
c1ccc(-c2ccc(CC3Oc4ccccc4-c4cnc(N5CC5)cc43)cc2)cc1
c1ccc(-c2ccc(CNC3Oc4ccccc4-c4cnc(N5CC5)cc43)cc2)cc1
c1ccc(-c2ccc(CNC3Oc4ccccc4-c4cnc5c(c43)CCN5)cc2)cc1
c1ccc(-c2ccc(CNCc3c(-c4ccccc4)cnc4c3CCN4)cc2)cc1
c1ccc(-c2ccc(CNCc3c(-c4ccccc4)cnc4c3OCN4)cc2)cc1
c1ccc(-c2ccc(CNc3c(-c4ccccc4)cnc4c3OCN4)cc2)cc1
c1ccc(-c2ccc(CNc3c(-c4ccccc4)cnc4c3OCN4)cc2)cc1
c1ccc(-c2ccc(CNc3c(-c4ccccc4)cnc4c3OCN4)cc2)cc1
c1ccc(-c2ccc(CNc3c(-c4ccccc4)cnc4c3OCN4)cc2)cc1
c1ccc(-c2ccc(CNc3ccnc4c3OCN4)cc2)cc1
c1ccc(-c2ccc(CNc3ccnc4c3OCN4)cc2)cc1
c1ccc(-c2ccc(CNc3ccnc4c3OCN4)cc2)cc1
c1ccc(-c2ccc(CNc3ccnc4c3OCN4)cc2)cc1
c1ccc(-c2ccc(CNc3ccnc4c3OCN4)cc2)cc1
c1ccc(-c2ccc(CNc3ccnc4c3OCN4)cc2)cc1
c1ccc(-c2ccc(CNc3ccnc4c3OCN4)cc2)cc1
c1ccc(-c2ccc(CNc3ccnc4c3OCN4)cc2)cc1
C=C(NCc1ccc(-c2ccccc2)cc1)c1cnc2c(c1)OCN2
C=C(NCc1ccc(-c2ccncc2)cc1)c1cnc2c(c1)OCN2
C=C(NCc1ccc(-c2ccncc2)cc1)c1cnc2c(c1)OCN2
C=C(NCc1ccc(-c2ccncc2)cc1)c1cnc2c(c1)OCN2
O=C(NCc1ccc(-c2ccncc2)cc1)c1cnc2c(c1)OCN2
O=C(NCc1ccc(-c2ccncc2)cc1)c1cnc2c(c1)OCN2
O=C(NCc1ccc(-c2ccncc2)cc1)c1cnc2c(c1)OCN2
O=C(NCc1ccc(-c2ccncc2)cc1)c1cnc2c(c1)OCN2
O=C(NCc1ccc(C2=CC=NOC=C2)cc1)c1cnc2c(c1)OCN2
O=C(NCc1ccc(C2=CC=NOC=C2)cc1)c1cnc2c(c1)OCN2
O=C(NCc1ccc(C2=CC=NOC=C2)cc1)c1cnc2c(c1)OCN2
O=C(NCc1ccc(C2=CC=NOC=C2)cc1)c1cccnc1
O=C(NCc1ccc(C2=CC=NOC=C2)cc1)c1cccnc1
O=C(NCc1ccc(C2=CC=NOC=C2)cc1)c1cccnc1
O=C(NCc1ccc(C2=CC=NOC=C2)cc1)c1cnc2c(c1)CN2
O=C(NCc1ccc(C2=CC=NOC=C2)cc1)c1cnc2c(c1)CN2
O=C(NCc1ccc(C2=CC=NOC=C2)cc1)c1cnc2c(c1)CN2
O=C(NCc1ccc(C2=CC=NOC=C2)cc1)c1cnc2c(c1)CN2
O=C(NCc1ccc(C2=CC=NOC=C2)cc1)c1cnc2c(c1)CN2
O=C(NCc1ccc(C2=CC=NOC=C2)cc1)c1cnc2c(c1)CN2
O=C(NCc1ccc(C2=CC=NOC=C2)cc1)c1cnc2c(c1)CN2
O=C(NCc1ccc(C2=CC=NOC=C2)cc1)c1cnc2c(c1)CN2
O=C(NCc1ccc(C2=CC=NOC=C2)cc1)c1cnc2c(c1)CNN2
O=C(NCc1ccc(C2=CC=NOC=C2)cc1)c1cnc2[nH]ncc2c1
O=C(NCc1ccc(C2=CC=NOC=C2)cc1)c1cnc2[nH]ncc2c1
O=C(NCc1ccc(C2=CC=NOC=C2)cc1)c1cnc2[nH]ncc2c1
O=C(NCc1ccc(C2=CC=NOC=C2)cc1)c1cnc2[nH]ncc2c1
O=C(NCc1ccc(C2=CC=NOC=C2)cc1)c1cnc2[nH]ncc2c1
O=C(NCc1ccc(C2=CC=NOC=C2)cc1)c1cnc2[nH]ncc2c1
O=C(NCc1ccc(C2=CC=NOC=C2)cc1)c1cnc2[nH]ncc2c1
O=C(NCc1ccc(C2=CC=NOC=C2)cc1)c1cnc2[nH]ncc2c1
O=C(NCc1ccc(C2=CC=NOC=C2)cc1)c1cnc2[nH]ncc2c1
O=C(NCc1ccc(C2=CC=NOC=C2)cc1)c1cnc2[nH]ncc2c1
O=C(NCc1ccc(C2=CC=NOC=C2)cc1)c1cnc2[nH]ncc2c1
O=C(NCc1ccc(CC2=CC=CON=C2)cc1)c1cnc2[nH]ncc2c1
C=C1C=NOC=C1c1ccc(CNC(=O)c2cnc3[nH]ncc3c2)cc1
C=C1C=NOC=C1c1ccc(CNC(=O)c2cnc3[nH]ncc3c2)cc1
C=C1C=NOC=C1c1ccc(CNC(=O)c2cnc3[nH]ncc3c2)cc1
O=C(NCc1ccc(C2=CON=CC2)cc1)c1cnc2[nH]ncc2c1
O=C(NCc1ccc(-c2cnoc2)cc1)c1cnc2[nH]ncc2c1
C1=Cc2c(ccc3c2C(=Cc2ccc(-c4ccccc4)cc2)Oc2ccccc2-3)NC1
C1=Cc2c(ccc3c2C(=Cc2ccc(-c4ccccc4)cc2)Oc2ccccc2-3)NC1
C1=Cc2c(ccc(-c3ccccc3)c2C=Cc2ccc(-c3ccccc3)cc2)NC1
C1=Cc2c(ccc(-c3ccccc3)c2Cc2ccc(-c3ccccc3)cc2)NC1
C1=Cc2c(ccc(-c3ccccc3)c2Cc2ccc(-c3ccccc3)cc2)NC1
c1ccc(-c2ccc(Cc3c(-c4ccccc4)ccc4c3CCCN4)cc2)cc1
c1ccc(-c2ccc(Cc3c(-c4ccccc4)ccc4c3CCCN4)cc2)cc1
c1ccc(-c2ccccc2-c2c(-c3ccccc3)ccc3c2CCCN3)cc1
c1ccc(-c2ccccc2-c2c(-c3ccccc3)ccc3c2CCCN3)cc1
c1ccc(-c2ccccc2-c2c(-c3ccccc3)ccc3c2CCCN3)cc1
c1ccc(-c2ccccc2-c2c(-c3ccccc3)ccc3c2CCCN3)cc1
c1ccc(-c2ccccc2-c2c(-c3ccccc3)ccc3c2CCCN3)cc1
c1ccc(-c2ccccc2-c2c(-c3ccccc3)ccc3c2CCCN3)cc1
c1ccc(-c2cccc(-c3ccccc3-c3cccc4c3CCCN4)c2)cc1
c1ccc(-c2cccc(-c3ccccc3-c3cccc4c3CCCN4)c2)cc1
c1ccc(-c2cccc(-c3ccccc3-c3cccc4c3CCCN4)c2)cc1
c1ccc(-c2cccc(-c3ccccc3-c3cccc4c3CCCN4)c2)cc1
c1ccc(-c2cccc(-c3ccccc3-c3cccc4c3CCCN4)c2)cc1
c1ccc(-c2cccc(-c3ccccc3-c3cccc4c3CCCN4)c2)cc1
c1ccc(-c2ccccc2-c2ccccc2-c2cccc3c2CCCN3)cc1
c1ccc(-c2ccccc2-c2ccccc2-c2cccc3c2CCCN3)cc1
c1ccc(-c2ccccc2-c2ccccc2-c2cccc3c2CCCN3)cc1
c1ccc(-c2ccccc2-c2ccccc2-c2cccc3c2CCCN3)cc1
c1ccc(-c2ccccc2-c2ccccc2-c2cccc3c2CCCN3)cc1
c1ccc(-c2ccccc2-c2ccccc2-c2cccc3c2CCCN3)cc1
c1ccc(-c2ccccc2-c2ccccc2-c2cccc3c2CCCN3)cc1
c1ccc(-c2ccccc2-c2ccccc2-c2cccc3c2CCCN3)cc1
c1ccc(-c2ccccc2-c2ccccc2-c2cccc3c2CCCN3)cc1
c1ccc(-c2ccccc2-c2ccccc2-c2cccc3c2CCCN3)cc1
c1ccc(-c2ccccc2-c2ccccc2-c2cccc3c2CCCN3)cc1
c1ccc(-c2ccccc2-c2ccccc2-c2cccc3c2CCCN3)cc1
c1ccc(-c2ccccc2-c2ccccc2-c2cccc3c2CCCN3)cc1
c1ccc(CCc2ccccc2-c2ccccc2-c2cccc3c2CCCN3)cc1
c1ccc(Cc2ccccc2-c2ccccc2-c2cccc3c2CCCN3)cc1
c1ccc(Cc2ccccc2-c2ccccc2-c2cccc3c2CCCN3)cc1
c1ccc(Cc2ccccc2-c2ccccc2-c2cccc3c2CCCN3)cc1
c1ccc(Cc2ccccc2-c2ccccc2-c2cccc3c2CCCN3)cc1
c1ccc(-c2ccccc2-c2ccccc2-c2cccc3c2CCCN3)cc1
c1ccc(-c2ccccc2-c2ccccc2-c2cccc3c2CCCN3)cc1
c1ccc(-c2ccccc2-c2ccccc2-c2cccc3c2CCCN3)cc1
c1ccc(-c2ccccc2Nc2ccccc2-c2cccc3c2CCCN3)cc1
c1ccc(-n2c3ccccc3c3ccccc32)c(-c2cccc3c2CCCN3)c1
c1ccc(-n2c3ccccc3c3ccccc32)c(-c2cccc3c2CCCN3)c1
c1ccc(-n2c3ccccc3c3ccccc32)c(-c2cccc3c2CCCN3)c1
c1cnc(-n2c3ccccc3c3ccccc32)c(-c2cccc3c2CCCN3)c1
c1cnc(-c2ccc3c(c2)[nH]c2ccccc23)c(-c2cccc3c2CCCN3)c1
c1ccc(-c2cccc3c2CCCN3)c(-c2ccc3c(c2)[nH]c2ccccc23)c1
c1ccc(-c2cccc3c2CCCN3)c(-c2ccc3c(c2)[nH]c2ccccc23)c1
c1ccc(-c2cccc3c2CCCCN3)c(-c2ccc3c(c2)[nH]c2ccccc23)c1
c1ccc(-c2cccc3c2CCCCN3)c(-c2ccc3c(c2)[nH]c2ccccc23)c1
c1ccc(-c2cccc3c2CCCCN3)c(-c2ccc3c4ccccc4[nH]cc2-3)c1
c1ccc(-c2cccc3c2CCCCN3)c(-c2ccc3c4ccccc4[nH]cc2-3)c1
c1ccc(-c2cccc3c2CCCCN3)c(-c2ccc3c4ccccc4[nH]cc2-3)c1
c1ccc(-c2cccc3c2CCCCN3)c(-c2ccc3c4ccccc4[nH]cc2-3)c1
c1ccc(-c2cccc3c2CCCCN3)c(-c2ccc3c4ccccc4[nH]cc2-3)c1
c1ccc(-c2cccc3c2CCCN3)c(-c2ccc3c4ccccc4[nH]cc2-3)c1
c1ccc(-c2cccc3c2CCCN3)c(-c2ccc3c4ccccc4[nH]cc2-3)c1
c1ccc(-c2cccc3c2CCCN3)c(-c2ccc3c4ccccc4[nH]cc2-3)c1
c1ccc(-c2cccc3c2CCCN3)c(-c2ccc3c4ccccc4[nH]cc2-3)c1
c1ccc(-c2cccc3c2CCCN3)c(-c2ccc3c4ccccc4[nH]cc2-3)c1
c1ccc(-c2cccc3c2CCCN3)c(-c2ccc3c4ccccc4[nH]cc2-3)c1
c1ccc(-c2cccc3c2CCCN3)c(-c2ccc3c4ccccc4[nH]cc2-3)c1
c1ccc(-c2cccc3c2CCCN3)c(-c2ccc3c4ccccc4[nH]cc2-3)c1
c1ccc(-c2cccc3c2CCCN3)c(-c2ccc3c4ccccc4[nH]cc2-3)c1
c1ccc(-c2cccc3c2CCCN3)c(-c2ccc3c4ccccc4[nH]cc2-3)c1
c1ccc(-c2cccc3c2CCCN3)c(-c2ccc3c4ccccc4[nH]cc2-3)c1
c1ccc(-c2cccc3c2CCCN3)c(-c2ccc3c4ccccc4[nH]cc2-3)c1
c1ccc(-c2cccc3c2CCCN3)c(-c2ccc3c4ccccc4[nH]cc2-3)c1
c1ccc(-c2cccc3c2CCCN3)c(-c2ccc3c4ccccc4[nH]cc2-3)c1
c1ccc(-c2cccc3c2CCCN3)c(-c2ccc3c4ccccc4[nH]cc2-3)c1
c1ccc(-c2cccc3c2CCCN3)c(-c2ccc3c4ccccc4[nH]cc2-3)c1
c1ccc(-c2cccc3c2CCCN3)c(-c2ccc3c4ccccc4[nH]cc2-3)c1
c1ccc(-c2cccc3c2CCCN3)c(-c2ccc3c4ccccc4[nH]cc2-3)c1
c1ccc(-c2cccc3c2CCCN3)c(-c2ccc3c4ccccc4[nH]cc2-3)c1
c1cc2c(c(-c3ccc(Nc4ccc5c6ccccc6[nH]cc4-5)cc3)c1)CCCN2
c1cc2c(c(-c3ccc(CNc4ccc5c6ccccc6[nH]cc4-5)cc3)c1)CCCN2
c1ccc(-c2cc(-c3ccc4c5ccccc5[nH]cc3-4)cc3c2CCCN3)cc1
c1ccc(Cc2cc(-c3ccc4c5ccccc5[nH]cc3-4)cc3c2CCCN3)cc1
c1ccc(CNc2cc(-c3ccc4c5ccccc5[nH]cc3-4)cc3c2CCCN3)cc1
c1ccc(CCNc2cc(-c3ccc4c5ccccc5[nH]cc3-4)cc3c2CCCN3)cc1
c1ccc(CCNc2cc(-c3ccc4c5ccccc5[nH]cc3-4)cc3c2CCCN3)cc1
c1ccc(CNc2cc(-c3ccc4c5ccccc5[nH]cc3-4)cc3c2CCCN3)cc1
c1ccc(CNCc2cc(-c3ccc4c5ccccc5[nH]cc3-4)cc3c2CCCN3)cc1
c1ccc(CNCc2cc(-c3ccc4c5ccccc5[nH]cc3-4)cc3c2CCCN3)cc1
c1ccc(CNCc2cc(-c3ccc4c5ccccc5[nH]cc3-4)cc3c2CCCN3)cc1
c1ccc(CNCc2cc(-c3ccc4c5ccccc5[nH]cc3-4)cc3c2CCCN3)cc1
c1ccc(CNCc2cc(-c3ccc4c5ccccc5[nH]cc3-4)cc3c2CCCN3)cc1
c1ccc(CCCc2cc(-c3ccc4c5ccccc5[nH]cc3-4)cc3c2CCCN3)cc1
c1ccc(CCCc2cc(-c3ccc4c5ccccc5[nH]cc3-4)cc3c2CCCN3)cc1
c1ccc(CCCNc2cc(-c3ccc4c5ccccc5[nH]cc3-4)cc3c2CCCN3)cc1
c1ccc(CCCCNc2cc(-c3ccc4c5ccccc5[nH]cc3-4)cc3c2CCCN3)cc1
c1ccc(CCCCCNc2cc(-c3ccc4c5ccccc5[nH]cc3-4)cc3c2CCCN3)cc1
c1ccc(-c2cc(-c3ccc4c5ccccc5[nH]cc3-4)cc3c2CCCN3)cc1
c1ccc(-c2cc(-c3ccc4c5ccccc5[nH]cc3-4)cc3c2CCCN3)cc1
c1ccc(-c2cc(-c3ccc4c5ccccc5[nH]cc3-4)cc3c2CCCN3)cc1
c1ccc(-c2cc(-c3ccc4c5ccccc5[nH]cc3-4)cc3c2CCCN3)cc1
c1ccc(-c2cc(-c3ccc4c5ccccc5[nH]cc3-4)cc3c2CCCN3)cc1
c1ccc(-c2cc(-c3ccc4c5ccccc5[nH]cc3-4)cc3c2CCCN3)cc1
c1ccc(-c2cc(-c3ccc4c5ccccc5[nH]cc3-4)cc3c2CCCN3)cc1
c1ccc(-c2cc(-c3ccc4c5ccccc5[nH]cc3-4)cc3c2CCCN3)cc1
c1ccc(-c2cc(-c3ccc4c5ccccc5[nH]cc3-4)cc3c2CCCN3)cc1
c1ccc(-c2cc(-c3ccc4c5ccccc5[nH]cc3-4)cc3c2CCCN3)cc1
c1ccc(-c2cc(-c3ccc4c5ccccc5[nH]cc3-4)cc3c2CCCN3)cc1
c1ccc(-c2cc(-c3ccc4c5ccccc5[nH]cc3-4)cc3c2CCCN3)cc1
c1ccc(-c2cc(-c3ccc4c5ccccc5[nH]cc3-4)cc3c2CCCN3)cc1
c1ccc(-c2cc(-c3ccc4c5ccccc5[nH]cc3-4)cc3c2CCCN3)cc1
c1ccc(-c2cc(-c3ccc4c5ccccc5[nH]cc3-4)cc3c2CCCN3)cc1
c1ccc(-c2cc(-c3ccc4c5ccccc5[nH]cc3-4)cc3c2CCCN3)cc1
c1ccc(-c2cc(-c3ccc4c5ccccc5[nH]cc3-4)cc3c2CCCN3)cc1
c1ccc(-c2cccc3c2CCCN3)c(-c2ccc3c4ccccc4[nH]cc2-3)c1
c1ccc(-c2cccc3c2CCCN3)c(-c2ccc3c4ccccc4[nH]cc2-3)c1
c1ccc(-c2cccc3c2CCCN3)c(-c2ccc3c4ccccc4[nH]cc2-3)c1
c1ccc(-c2cccc3c2CCCN3)c(-c2ccc3c4ccccc4[nH]cc2-3)c1
c1ccc(-c2ccc3c4ccccc4[nH]cc2-3)c(-c2ccc3c(c2)NCCC3)c1
c1ccc(-c2ccc3c4ccccc4[nH]cc2-3)c(-c2ccc3c(c2)NCCC3)c1
c1ccc(-c2ccc3c4ccccc4[nH]cc2-3)c(-c2ccc3c(c2)NCCC3)c1
c1ccc(-c2ccc3c4ccccc4[nH]cc2-3)c(-c2ccc3c(c2)NCCC3)c1
c1cc(-c2ccc3c(c2)NCCC3)cc(-c2ccc3c4ccccc4[nH]cc2-3)c1
c1cc(-c2ccc3c(c2)CCCN3)cc(-c2ccc3c4ccccc4[nH]cc2-3)c1
c1ccc(-c2ccc3c4ccccc4[nH]cc2-3)c(-c2ccc3c(c2)CCCN3)c1
c1ccc(-c2ccc3c4ccccc4[nH]cc2-3)c(-c2ccc3c(c2)CCCN3)c1
c1ccc(-c2ccc3c4ccccc4[nH]cc2-3)c(-c2ccc3c(c2)CCCN3)c1
c1ccc(-c2ccc3c4ccccc4[nH]cc2-3)c(-c2ccc3c(c2)CCCN3)c1
c1ccc(-c2ccc3c(c2)CCCN3)c(Nc2ccc3c4ccccc4[nH]cc2-3)c1
c1cc(Nc2ccc3c4ccccc4[nH]cc2-3)cc(-c2ccc3c(c2)CCCN3)c1
c1cc(NCc2ccc3c4ccccc4[nH]cc2-3)cc(-c2ccc3c(c2)CCCN3)c1
c1cc(NCc2cc3c[nH]c4ccccc4c-3c2)cc(-c2ccc3c(c2)CCCN3)c1
c1cc(CNCc2cc3c[nH]c4ccccc4c-3c2)cc(-c2ccc3c(c2)CCCN3)c1
c1cc(CNc2cc3c[nH]c4ccccc4c-3c2)cc(-c2ccc3c(c2)CCCN3)c1
c1cc(CNc2cc3c[nH]c4ccccc4c-3c2)cc(-c2ccc3c(c2)CCCN3)c1
c1cc(CNc2ccc3[nH]cc4cccc-4c3c2)cc(-c2ccc3c(c2)CCCN3)c1
c1cc(CNc2ccc3[nH]cc4cccc-4c3c2)cc(-c2ccc3c(c2)CCCN3)c1
c1cc(CNCc2ccc3[nH]cc4cccc-4c3c2)cc(-c2ccc3c(c2)CCCN3)c1
c1cc(CNCCc2ccc3[nH]cc4cccc-4c3c2)cc(-c2ccc3c(c2)CCCN3)c1
c1cc(CNCCc2ccc3[nH]c4ccccc4c3c2)cc(-c2ccc3c(c2)CCCN3)c1
c1cc(CCNCCc2ccc3[nH]c4ccccc4c3c2)cc(-c2ccc3c(c2)CCCN3)c1
c1cc(CCNCc2ccc3[nH]c4ccccc4c3c2)cc(-c2ccc3c(c2)CCCN3)c1
c1cc(CNCc2ccc3[nH]c4ccccc4c3c2)cc(-c2ccc3c(c2)CCCN3)c1
c1cc(CNCc2ccc3[nH]c4ccccc4c3c2)cc(-c2ccc3c(c2)CCCN3)c1
c1cc(CNCc2ccc3[nH]c4ccccc4c3c2)cc(-c2ccc3c(c2)CCCN3)c1
c1cc(CNCc2ccc3[nH]c4ccccc4c3c2)cc(-c2ccc3c(c2)CCCN3)c1
c1cc(NCc2ccc3[nH]c4ccccc4c3c2)cc(-c2ccc3c(c2)CCCN3)c1
c1cc(NCc2ccc3[nH]c4ccccc4c3c2)cc(-c2ccc3c(c2)CCCN3)c1
c1cc(NCCc2ccc3[nH]c4ccccc4c3c2)cc(-c2ccc3c(c2)CCCN3)c1
c1cc(NCCc2ccc3[nH]c4ccccc4c3c2)cc(-c2ccc3c(c2)CCCN3)c1
c1cc(NCCc2ccc3[nH]c4ccccc4c3c2)cc(-c2ccc3c(c2)CCCN3)c1
c1ccc2c(c1)[nH]c1ccc(CCNCc3ccc(-c4ccc5c(c4)CCCN5)cc3)cc12
c1ccc2c(c1)[nH]c1ccc(CCNCc3ccc(-c4ccc5c(c4)CCCN5)cc3)cc12
c1ccc2c(c1)[nH]c1ccc(CNCc3ccc(-c4ccc5c(c4)CCCN5)cc3)cc12
c1ccc2c(c1)[nH]c1ccc(CNCCc3ccc(-c4ccc5c(c4)CCCN5)cc3)cc12
c1ccc2c(c1)[nH]c1ccc(CNCCc3ccc(-c4ccc5c(c4)CCCN5)cc3)cc12
c1ccc2c(c1)[nH]c1ccc(CNCCc3ccc(-c4ccc5c(c4)CCCN5)cc3)cc12
c1ccc2c(c1)[nH]c1ccc(CNCCc3ccc(-c4ccc5c(c4)CCCN5)cc3)cc12
c1ccc2c(c1)[nH]c1ccc(NCCc3ccc(-c4ccc5c(c4)CCCN5)cc3)cc12
c1ccc2c(c1)[nH]c1ccc(NCc3ccc(-c4ccc5c(c4)CCCN5)cc3)cc12
c1ccc2c(c1)[nH]c1ccc(NCc3ccc(-c4ccc5c(c4)CCCN5)cc3)cc12
c1ccc2c(c1)[nH]c1ccc(Nc3ccc(-c4ccc5c(c4)CCCN5)cc3)cc12
c1ccc2c(c1)[nH]c1ccc(Cc3ccc(-c4ccc5c(c4)CCCN5)cc3)cc12
c1ccc2c(c1)[nH]c1ccc(-c3ccc(-c4ccc5c(c4)CCCN5)cc3)cc12
c1ccc2c(c1)[nH]c1c(-c3ccc(-c4ccc5c(c4)CCCN5)cc3)cccc12
C(C=Cc1c[nH]c2ccccc12)=Cc1ccc(-c2ccc3c(c2)CCCN3)cc1
C(=Cc1ccc(-c2ccc3c(c2)CCCN3)cc1)Cc1c[nH]c2ccccc12
C(=Cc1ccc(-c2ccc3c(c2)CCCN3)cc1)Cc1c[nH]c2ccccc12
C(=Cc1c[nH]c2ccccc12)c1ccc(-c2ccc3c(c2)CCCN3)cc1
C(=Cc1c[nH]c2ccccc12)Cc1ccc(-c2ccc3c(c2)CCCN3)cc1
c1ccc2c(CCc3ccc(-c4ccc5c(c4)CCCN5)cc3)c[nH]c2c1
c1ccc2c(CCc3ccc(-c4ccc5c(c4)CCCN5)cc3)c[nH]c2c1
c1ccc(-c2ccc3c(c2)CCCN3)c(Cc2c[nH]c3ccccc23)c1
c1ccc(-c2ccc3c(c2)CCCN3)c(Cc2c[nH]c3ccccc23)c1
c1ccc(-c2ccc3c(c2)CCCN3)c(Cc2c[nH]c3ccccc23)c1
c1ccc(-c2ccc3c(c2)CCCN3)c(Cc2c[nH]c3ccccc23)c1
c1ccc(-c2ccc3c(c2)CCCN3)c(Cc2c[nH]c3ccccc23)c1
c1ccc(-c2ccc3c(c2)CCCN3)c(Cc2c[nH]c3ccccc23)c1
c1ccc(-c2ccc3c(c2)CCCN3)c(Cc2c[nH]c3ccccc23)c1
c1ccc(-c2c[nH]c3ccccc23)c(-c2ccc3c(c2)CCCN3)c1
c1ccc(-c2c[nH]c3ccccc23)c(-c2ccc3c(c2)CCCN3)c1
c1ccc(-c2c[nH]c3ccccc23)c(-c2ccc3c(c2)CCCN3)c1
c1ccc(-c2c[nH]c3ccccc23)c(-c2ccc3c(c2)CCCN3)c1
c1ccc(-c2c[nH]c3ccccc23)c(-c2ccc3c(c2)CCCN3)c1
c1ccc(-c2c[nH]c3ccccc23)c(-c2ccc3c(c2)CCCN3)c1
c1ccc(-c2c[nH]c3ccccc23)c(-c2ccc3c(c2)CCCN3)c1
c1ccc(-c2c[nH]c3ccccc23)c(-c2ccc3c(c2)CCCN3)c1
c1ccc(-c2c[nH]c3ccccc23)c(-c2ccc3c(c2)CCCN3)c1
c1ccc(-c2c[nH]c3ccccc23)c(-c2ccc3c(c2)CCCN3)c1
c1ccc(-c2c[nH]c3ccccc23)c(-c2ccc3c(c2)CCCN3)c1
c1ccc(-c2c[nH]c3ccccc23)c(-c2ccc3c(c2)CCCN3)c1
c1ccc(-c2c[nH]c3ccccc23)c(-c2ccc3c(c2)CCCN3)c1
c1ccc(-c2c[nH]c3ccccc23)c(-c2ccc3c(c2)CCCN3)c1
c1ccc(-c2c[nH]c3ccccc23)c(-c2ccc3c(c2)CCCN3)c1
c1ccc(-c2c[nH]c3ccccc23)c(-c2ccc3c(c2)CCCN3)c1
c1ccc(-c2c[nH]c3ccccc23)c(-c2ccc3c(c2)CCCN3)c1
c1ccc(-c2c[nH]c3ccccc23)c(-c2ccc3c(c2)CCCN3)c1
c1ccc(-c2c[nH]c3ccccc23)c(-c2ccc3c(c2)CCCN3)c1
c1ccc(-c2c[nH]c3ccccc23)c(-c2ccc3c(c2)CCCN3)c1
c1ccc(-c2c[nH]c3ccccc23)c(-c2ccc3c(c2)CCCN3)c1
c1ccc(-c2c[nH]c3ccccc23)c(-c2ccc3c(c2)CCCN3)c1
c1ccc(-c2c[nH]c3ccccc23)c(-c2ccc3c(c2)CCCN3)c1
c1ccc(-c2c[nH]c3ccccc23)c(-c2ccc3c(c2)CCCN3)c1
c1ccc(-c2c[nH]c3ccccc23)c(-c2ccc3c(c2)CCCN3)c1
c1ccc(-c2c[nH]c3ccccc23)c(-c2ccc3c(c2)CCCN3)c1
c1ccc(-c2c[nH]c3ccccc23)c(-c2ccc3c(c2)CCCN3)c1
c1ccc(-c2c[nH]c3ccccc23)c(-c2ccc3c(c2)CCCN3)c1
c1ccc(-c2c[nH]c3ccccc23)c(-c2ccc3c(c2)CCCN3)c1
c1ccc2c(-c3cc4c(cc3-c3ccc5c(c3)CCCN5)CCCCCC4)c[nH]c2c1
c1ccc(-c2c[nH]c3ccccc23)c(-c2ccc3c(c2)CCCN3)c1
c1ccc(-c2c[nH]c3ccccc23)c(-c2ccc3c(c2)CCCN3)c1
c1ccc(-c2c[nH]c3ccccc23)c(-c2ccc3c(c2)CCCN3)c1
c1ccc(-c2c[nH]c3ccccc23)c(-c2ccc3c(c2)CCCN3)c1
c1ccc(-c2c[nH]c3ccccc23)c(-c2ccc3c(c2)CCCN3)c1
c1ccc(-c2c[nH]c3ccccc23)c(-c2ccc3c(c2)CCCN3)c1
c1ccc(-c2c[nH]c3ccccc23)c(-c2ccc3c(c2)CCCN3)c1
c1ccc(-c2c[nH]c3ccccc23)c(-c2ccc3c(c2)CCCN3)c1
c1ccc(-c2c[nH]c3ccccc23)c(-c2ccc3c(c2)CCCN3)c1
c1ccc(-c2c[nH]c3ccccc23)c(-c2ccc3c(c2)CCCN3)c1
c1ccc2c(-c3ccc(CNC4CCCC4)cc3-c3ccc4c(c3)CCCN4)c[nH]c2c1
c1ccc2c(-c3ccc(CCC4CCCC4)cc3-c3ccc4c(c3)CCCN4)c[nH]c2c1
c1ccc2c(-c3ccc(CCC4CCCC4)cc3-c3ccc4c(c3)CCCN4)c[nH]c2c1
c1ccc(-c2c[nH]c3ccccc23)c(-c2ccc3c(c2)CCCN3)c1
c1ccc(-c2c[nH]c3ccccc23)c(-c2ccc3c(c2)CCCN3)c1
c1ccc(-c2c[nH]c3ccccc23)c(-c2ccc3c(c2)CCCN3)c1
c1ccc(-c2c[nH]c3ccccc23)c(-c2ccc3c(c2)CCCN3)c1
c1ccc(-c2c[nH]c3ccccc23)c(-c2ccc3c(c2)CCCN3)c1
c1ccc(-c2c[nH]c3ccccc23)c(-c2ccc3c(c2)CCCN3)c1
c1ccc(-c2c[nH]c3ccccc23)c(-c2ccc3c(c2)CCCN3)c1
c1ccc(-c2c[nH]c3ccccc23)c(-c2ccc3c(c2)CCCN3)c1
c1ccc(-c2c[nH]c3ccccc23)c(-c2ccc3c(c2)CCCN3)c1
c1ccc(-c2c[nH]c3ccccc23)c(-c2ccc3c(c2)CCCN3)c1
c1ccc(-c2c[nH]c3ccccc23)c(-c2ccc3c(c2)CCCN3)c1
c1ccc(-c2c[nH]c3ccccc23)c(-c2ccc3c(c2)CCCN3)c1
c1cc(-c2ccc3c(c2)CCCN3)cc(-c2c[nH]c3ccccc23)c1
c1cc(-c2ccc3c(c2)CCCN3)cc(-c2c[nH]c3ccccc23)c1
c1cc(-c2ccc3c(c2)CCCN3)cc(-c2c[nH]c3ccccc23)c1
c1cc(-c2ccc3c(c2)CCCN3)cc(-c2c[nH]c3ccccc23)c1
c1ccc(-c2c[nH]c3ccccc23)c(-c2ccc3c(c2)CCCN3)c1
c1ccc(-c2c[nH]c3ccccc23)c(-c2ccc3c(c2)CCCN3)c1
c1ccc(-c2c[nH]c3ccccc23)c(-c2ccc3c(c2)CCCN3)c1
c1ccc(-c2c[nH]c3ccccc23)c(-c2ccc3c(c2)CCCN3)c1
c1ccc(-c2c[nH]c3ccccc23)c(-c2ccc3c(c2)CCCN3)c1
c1ccc(-c2c[nH]c3ccccc23)c(-c2ccc3c(c2)CCCN3)c1
c1ccc(-c2c[nH]c3ccccc23)c(-c2ccc3c(c2)CCCN3)c1
c1ccc(-c2c[nH]c3ccccc23)c(-c2ccc3c(c2)CCCN3)c1
c1ccc(-c2c[nH]c3ccccc23)c(-c2ccc3c(c2)CCCN3)c1
c1ccc(-c2c[nH]c3ccccc23)c(-c2ccc3c(c2)CCCN3)c1
c1ccc2c(-c3ccc(-c4ccc5c(c4)CCCN5)cc3)c[nH]c2c1
c1ccc2c(-c3ccc(-c4ccc5c(c4)CCCN5)cc3)c[nH]c2c1
c1ccc2c(-c3ccc(-c4ccc5c(c4)CCCN5)cc3)c[nH]c2c1
c1ccc2c(-c3ccc(-c4ccc5c(c4)CCCN5)cc3)c[nH]c2c1
c1ccc2c(-c3ccc(-c4ccc5c(c4)CCCN5)cc3)c[nH]c2c1
c1ccc2c(-c3ccc(-c4ccc5c(c4)CCCN5)cc3)c[nH]c2c1
c1ccc2c(-c3ccc(-c4ccc5c(c4)CCCN5)cc3)c[nH]c2c1
c1ccc2c(-c3ccc(-c4ccc5c(c4)CCCN5)cc3)c[nH]c2c1
c1ccc2c(-c3ccc(-c4ccc5c(c4)CCCN5)cc3)c[nH]c2c1
c1ccc(-c2c[nH]c3ccccc23)c(-c2ccc3c(c2)CCCN3)c1
c1ccc(-c2c[nH]c3ccccc23)c(-c2ccc3c(c2)CCCN3)c1
c1ccc(-c2c[nH]c3ccccc23)c(-c2ccc3c(c2)CCCN3)c1
c1ccc(-c2c[nH]c3ccccc23)c(-c2ccc3c(c2)CCCN3)c1
c1ccc(-c2c[nH]c3ccccc23)c(-c2ccc3c(c2)CCCN3)c1
c1ccc(-c2c[nH]c3ccccc23)c(-c2ccc3c(c2)CCCN3)c1
c1ccc(-c2c[nH]c3ccccc23)c(-c2ccc3c(c2)CCCN3)c1
c1ccc(-c2c[nH]c3ccccc23)c(-c2ccc3c(c2)CCCN3)c1
c1ccc(-c2c[nH]c3ccccc23)c(-c2ccc3c(c2)CCCN3)c1
c1ccc(-c2c[nH]c3ccccc23)c(-c2ccc3c(c2)CCCN3)c1
c1ccc(-c2c[nH]c3ccccc23)c(-c2ccc3c(c2)CCCN3)c1
c1ccc(-c2c[nH]c3ccccc23)c(-c2ccc3c(c2)CCCN3)c1
c1ccc(-c2c[nH]c3ccccc23)c(-c2ccc3c(c2)CCCN3)c1
c1ccc(-c2c[nH]c3ccccc23)c(-c2ccc3c(c2)CCCN3)c1
c1ccc2c(-c3cc4c(cc3-c3ccc5c(c3)CCCN5)N4)c[nH]c2c1
c1ccc2c(-c3cc4c(cc3-c3ccc5c(c3)CCCN5)N4)c[nH]c2c1
c1ccc2c(-c3cc4c(cc3-c3ccc5c(c3)CCCN5)N4)c[nH]c2c1
c1ccc(-c2c[nH]c3ccccc23)c(-c2ccc3c(c2)CCCN3)c1
c1ccc(-c2c[nH]c3ccccc23)c(-c2ccc3c(c2)CCCN3)c1
c1ccc(-c2c[nH]c3ccccc23)c(-c2ccc3c(c2)CCCN3)c1
c1ccc(-c2c[nH]c3ccccc23)c(-c2ccc3c(c2)CCCN3)c1
c1ccc(-c2c[nH]c3ccccc23)c(-c2ccc3c(c2)CCCN3)c1
c1ccc(-c2c[nH]c3ccccc23)c(-c2ccc3c(c2)CCCN3)c1
c1ccc(-c2c[nH]c3ccccc23)c(-c2ccc3c(c2)CCCN3)c1
c1ccc(-c2c[nH]c3ccccc23)c(-c2ccc3c(c2)CCCN3)c1
c1ccc(-c2c[nH]c3ccccc23)c(-c2ccc3c(c2)CCCN3)c1
c1ccc2c(-c3ccc(CCN4CCCNCCC4)cc3-c3ccc4c(c3)CCCN4)c[nH]c2c1
c1ccc2c(-c3ccc(CCN4CCCNCCC4)cc3-c3ccc4c(c3)CCCN4)c[nH]c2c1
c1ccc2c(-c3ccc(CCN4CCCNCC4)cc3-c3ccc4c(c3)CCCN4)c[nH]c2c1
c1ccc2c(-c3ccc(CCN4CCCCNCC4)cc3-c3ccc4c(c3)CCCN4)c[nH]c2c1
c1ccc2c(-c3ccc(CN4CCCCNCC4)cc3-c3ccc4c(c3)CCCN4)c[nH]c2c1
c1ccc2c(-c3ccc(CN4CCCCCCC4)cc3-c3ccc4c(c3)CCCN4)c[nH]c2c1
c1ccc2c(-c3ccc(N4CCCCCCC4)cc3-c3ccc4c(c3)CCCN4)c[nH]c2c1
c1ccc(-c2c[nH]c3ccccc23)c(-c2ccc3c(c2)CCCN3)c1
c1ccc(-c2c[nH]c3ccccc23)c(-c2ccc3c(c2)CCCN3)c1
c1ccc(-c2c[nH]c3ccccc23)c(-c2ccc3c(c2)CCCN3)c1
c1ccc2c(-c3ccc(CCN4CCCC4)cc3-c3ccc4c(c3)CCCN4)c[nH]c2c1
c1ccc2c(-c3cc(CCN4CCCC4)ccc3-c3ccc4c(c3)CCCN4)c[nH]c2c1
c1ccc2c(-c3cc(CCN4CCC4)ccc3-c3ccc4c(c3)CCCN4)c[nH]c2c1
c1ccc2c(-c3cc(CCCN4CCC4)ccc3-c3ccc4c(c3)CCCN4)c[nH]c2c1
c1ccc2c(-c3cc(CCCN4CCC4)ccc3-c3ccc4c(c3)CCCN4)c[nH]c2c1
c1ccc2c(-c3cc(CCCCN4CCC4)ccc3-c3ccc4c(c3)CCCN4)c[nH]c2c1
c1ccc2c(-c3cc(CCCCCN4CCC4)ccc3-c3ccc4c(c3)CCCN4)c[nH]c2c1
c1ccc2c(-c3cc(CCCCCN4CCCC4)ccc3-c3ccc4c(c3)CCCN4)c[nH]c2c1
c1ccc(-c2c[nH]c3ccccc23)c(-c2ccc3c(c2)CCCN3)c1
c1ccc(-c2c[nH]c3ccccc23)c(-c2ccc3c(c2)CCCN3)c1
c1ccc(-c2c[nH]c3ccccc23)c(-c2ccc3c(c2)CCCN3)c1
c1ccc(-c2c[nH]c3ccccc23)c(-c2ccc3c(c2)CCCN3)c1
c1ccc(-c2c[nH]c3ccccc23)c(-c2ccc3c(c2)CCCN3)c1
c1ccc(-c2c[nH]c3ccccc23)c(-c2ccc3c(c2)CCCN3)c1
c1ccc(-c2c[nH]c3ccccc23)c(-c2ccc3c(c2)CCCN3)c1
c1ccc(-c2c[nH]c3ccccc23)c(-c2ccc3c(c2)CCCN3)c1
c1ccc(-c2c[nH]c3ccccc23)c(-c2ccc3c(c2)CCCN3)c1
c1ccc(-c2c[nH]c3ccccc23)c(-c2ccc3c(c2)CCCN3)c1
c1ccc(-c2c[nH]c3ccccc23)c(-c2ccc3c(c2)CCCN3)c1
c1ccc(-c2c[nH]c3ccccc23)c(-c2ccc3c(c2)CCCN3)c1
c1ccc(-c2c[nH]c3ccccc23)c(-c2ccc3c(c2)CCCN3)c1
c1ccc(-c2c[nH]c3ccccc23)c(-c2ccc3c(c2)CCCN3)c1
c1ccc(-c2c[nH]c3ccccc23)c(-c2ccc3c(c2)CCCN3)c1
c1ccc(-c2c[nH]c3ccccc23)c(-c2ccc3c(c2)CCCN3)c1
c1ccc(-c2c[nH]c3ccccc23)c(-c2ccc3c(c2)CCCN3)c1
c1ccc(-c2c[nH]c3ccccc23)c(-c2ccc3c(c2)CCCN3)c1
c1ccc(-c2c[nH]c3ccccc23)c(-c2ccc3c(c2)CCCN3)c1
c1ccc(-c2c[nH]c3ccccc23)c(-c2ccc3c(c2)CCCN3)c1
c1ccc(-c2c[nH]c3ccccc23)c(-c2ccc3c(c2)CCCN3)c1
c1ccc(-c2c[nH]c3ccccc23)c(-c2ccc3c(c2)CCCN3)c1
c1ccc(-c2c[nH]c3ccccc23)c(-c2ccc3c(c2)CCCN3)c1
c1ccc(-c2c[nH]c3ccccc23)c(-c2ccc3c(c2)CCCN3)c1
c1ccc(-c2c[nH]c3ccccc23)c(-c2ccc3c(c2)CCCN3)c1
c1ccc(-c2c[nH]c3ccccc23)c(-c2ccc3c(c2)CCCN3)c1
c1ccc2c(-c3ccc(CNC4CCCCCC4)cc3-c3ccc4c(c3)CCCN4)c[nH]c2c1
c1ccc2c(-c3ccc(CNC4CCCCC4)cc3-c3ccc4c(c3)CCCN4)c[nH]c2c1
c1ccc(-c2c[nH]c3ccccc23)c(-c2ccc3c(c2)CCCN3)c1
c1ccc2c(-c3ccc(CN4CCCCCC4)cc3-c3ccc4c(c3)CCCN4)c[nH]c2c1
c1ccc2c(-c3ccc(CN4CCCCCC4)cc3-c3ccc4c(c3)CCCN4)c[nH]c2c1
c1ccc2c(-c3ccc(CN4CCCCCCC4)cc3-c3ccc4c(c3)CCCN4)c[nH]c2c1
c1ccc2c(-c3ccc(CN4CCCCCCC4)cc3-c3ccc4c(c3)CCCN4)c[nH]c2c1
c1ccc2c(-c3ccc(CN4CCCCCC4)cc3-c3ccc4c(c3)CCCN4)c[nH]c2c1
c1ccc2c(-c3ccc(CN4CCCCC4)cc3-c3ccc4c(c3)CCCN4)c[nH]c2c1
c1ccc2c(-c3ccc(CN4CCCCC4)cc3-c3ccc4c(c3)CCCN4)c[nH]c2c1
c1ccc(-c2c[nH]c3ccccc23)c(-c2ccc3c(c2)CCCN3)c1
c1ccc2c(-c3ccc(CNCCC4CCCC4)cc3-c3ccc4c(c3)CCCN4)c[nH]c2c1
c1ccc2c(-c3ccc(CNCCCC4CCCC4)cc3-c3ccc4c(c3)CCCN4)c[nH]c2c1
c1ccc2c(-c3ccc(CCCCCC4CCCC4)cc3-c3ccc4c(c3)CCCN4)c[nH]c2c1
c1ccc2c(-c3ccc(CCCCCC4CCC4)cc3-c3ccc4c(c3)CCCN4)c[nH]c2c1
c1ccc2c(-c3ccc(NCCCCC4CCC4)cc3-c3ccc4c(c3)CCCN4)c[nH]c2c1
c1ccc2c(-c3ccc(NCCCCC4CCC4)cc3-c3ccc4c(c3)CCCN4)c[nH]c2c1
c1ccc2c(-c3ccc(CCCCCC4CCC4)cc3-c3ccc4c(c3)CCCN4)c[nH]c2c1
c1ccc2c(-c3ccc(CCCC4CCCCC4)cc3-c3ccc4c(c3)CCCN4)c[nH]c2c1
c1ccc2c(-c3ccc(CCNC4CCCCC4)cc3-c3ccc4c(c3)CCCN4)c[nH]c2c1
c1ccc(-c2c[nH]c3ccccc23)c(-c2ccc3c(c2)CCCN3)c1
c1ccc(-c2c[nH]c3ccccc23)c(-c2ccc3c(c2)CCCN3)c1
c1ccc2c(-c3ccc(CCN4CCC4)cc3-c3ccc4c(c3)CCCN4)c[nH]c2c1
c1ccc2c(-c3ccc(CCCN4CCC4)cc3-c3ccc4c(c3)CCCN4)c[nH]c2c1
c1ccc2c(-c3ccc(CCCN4CCC4)cc3-c3ccc4c(c3)CCCN4)c[nH]c2c1
c1ccc2c(-c3ccc(CCCN4CCCC4)cc3-c3ccc4c(c3)CCCN4)c[nH]c2c1
c1ccc2c(-c3ccc(CCCN4CCCC4)cc3-c3ccc4c(c3)CCCN4)c[nH]c2c1
c1ccc2c(-c3ccc(CCCCN4CCCC4)cc3-c3ccc4c(c3)CCCN4)c[nH]c2c1
c1ccc2c(-c3ccc(CCCCCN4CCCC4)cc3-c3ccc4c(c3)CCCN4)c[nH]c2c1
c1ccc2c(-c3ccc(CCCCCN4CCCC4)cc3-c3ccc4c(c3)CCCN4)c[nH]c2c1
c1ccc(-c2c[nH]c3ccccc23)c(-c2ccc3c(c2)CCCN3)c1
c1ccc(-c2c[nH]c3ccccc23)c(-c2ccc3c(c2)CCCN3)c1
c1ccc(-c2c[nH]c3ccccc23)c(-c2ccc3c(c2)CCCN3)c1
c1ccc(-c2c[nH]c3ccccc23)c(-c2ccc3c(c2)CCCN3)c1
c1ccc2c(-c3ccc(CCCCNC4CCC4)cc3-c3ccc4c(c3)CCCN4)c[nH]c2c1
c1ccc2c(-c3ccc(CCCCNC4CCC4)cc3-c3ccc4c(c3)CCCN4)c[nH]c2c1
c1ccc2c(-c3cc(CCCNC4CCC4)ccc3-c3ccc4c(c3)CCCN4)c[nH]c2c1
c1ccc2c(-c3cc(CCCNC4CCCC4)ccc3-c3ccc4c(c3)CCCN4)c[nH]c2c1
c1ccc2c(-c3cc(CCCNC4CCCC4)ccc3-c3ccc4c(c3)CCCN4)c[nH]c2c1
c1ccc2c(-c3cc(CCCNC4CCC4)ccc3-c3ccc4c(c3)CCCN4)c[nH]c2c1
c1ccc2c(-c3cc(CCCNC4CCC4)ccc3-c3ccc4c(c3)CCCN4)c[nH]c2c1
c1ccc2c(-c3cc(CCNC4CCC4)ccc3-c3ccc4c(c3)CCCN4)c[nH]c2c1
c1ccc2c(-c3cc(CCNCC4CCC4)ccc3-c3ccc4c(c3)CCCN4)c[nH]c2c1
c1ccc2c(-c3cc(CCCNCC4CCC4)ccc3-c3ccc4c(c3)CCCN4)c[nH]c2c1
c1ccc(-c2c[nH]c3ccccc23)c(-c2ccc3c(c2)CCCN3)c1
c1ccc(-c2c[nH]c3ccccc23)c(-c2ccc3c(c2)CCCN3)c1
c1ccc(-c2c[nH]c3ccccc23)c(-c2ccc3c(c2)CCCN3)c1
c1ccc2c(-c3ccc(-c4ccc5c(c4)CCCN5)cc3)c[nH]c2c1
c1ccc2c(-c3ccc(-c4ccc5c(c4)CCCN5)cc3)c[nH]c2c1
c1ccc2c(-c3ccc(-c4ccc5c(c4)CCCN5)cc3)c[nH]c2c1
c1ccc2c(-c3ccc(-c4ccc5c(c4)CCCN5)c(CCN4CCCCC4)c3)c[nH]c2c1
c1ccc2c(-c3ccc(-c4ccc5c(c4)CCCN5)cc3)c[nH]c2c1
c1ccc2c(-c3ccc(-c4ccc5c(c4)CCCN5)c(CCN4CCCCC4)c3)c[nH]c2c1
c1ccc2c(-c3ccc(-c4ccc5c(c4)CCCN5)c(CCN4CCCC4)c3)c[nH]c2c1
c1ccc2c(-c3ccc(-c4ccc5c(c4)CCCN5)c(CCCN4CCCC4)c3)c[nH]c2c1
c1ccc2c(-c3ccc(-c4ccc5c(c4)CCCN5)c(CCCN4CCC4)c3)c[nH]c2c1
c1ccc2c(-c3ccc(-c4ccc5c(c4)CCCN5)c(CCCN4CCC4)c3)c[nH]c2c1
C1=C(c2ccc3c(c2)CCCN3)C(CCCN2CCC2)C(c2c[nH]c3ccccc23)=C1
C1=C(c2ccc3c(c2)CCCN3)C(CCCN2CCCC2)C(c2c[nH]c3ccccc23)=C1
c1ccc2c(-c3ccc(-c4ccc5c(c4)CCCN5)n3CCCN3CCCC3)c[nH]c2c1
c1ccc2c(-c3ccc(-c4ccc5c(c4)CCCN5)[nH]3)c[nH]c2c1
c1ccc2c(-c3ccc(-c4ccc5c(c4)CCCN5)[nH]3)c[nH]c2c1
c1ccc2c(-c3ccc(-c4ccc5c(c4)CCCN5)[nH]3)c[nH]c2c1
c1ccc2c(-c3ccc(-c4ccc5c(c4)CCCN5)[nH]3)c[nH]c2c1
c1ccc2c(-c3ccc(-c4ccc5c(c4)CCCN5)[nH]3)c[nH]c2c1
c1ccc2c(-c3ccc(-c4ccc5c(c4)CCCN5)[nH]3)c[nH]c2c1
c1ccc2c(-c3ccc(-c4ccc5c(c4)CCCN5)[nH]3)c[nH]c2c1
c1ccc2c(-c3ccc(-c4ccc5c(c4)CCCN5)[nH]3)c[nH]c2c1
c1ccc2c(-c3ccc(-c4ccc5c(c4)CCCN5)[nH]3)c[nH]c2c1
C1=C(c2c[nH]c3ccccc23)NC1c1ccc2c(c1)CCCN2
c1ccc2c(C3=C(c4ccc5c(c4)CCCN5)N3)c[nH]c2c1
c1ccc2c(C3=C(c4ccc5c(c4)CCCN5)C3)c[nH]c2c1
c1ccc2c(C3=C(c4ccc5c(c4)CCCN5)C3)c[nH]c2c1
c1ccc2c(C3=C(c4ccc5c(c4)CCCN5)C3)c[nH]c2c1
c1ccc2c(C3=C(c4ccc5c(c4)CCCN5)C3)c[nH]c2c1
C(=Cc1c[nH]c2ccccc12)c1ccc2c(c1)CCCN2
c1ccc2c(Cc3ccc4c(c3)CCCN4)c[nH]c2c1
c1ccc2c(-c3ccc4c(c3)CCCN4)c[nH]c2c1
C1=Cc2c(ccc3c2C(=Cc2ccc(-c4ccccc4)cc2)Oc2ccccc2-3)NC1
C1=Cc2c(ccc(-c3ccccc3)c2C=Cc2ccc(-c3ccccc3)cc2)NC1
C(=Cc1ccccc1-c1ccccc1)c1ccc(-c2ccccc2)cc1
C(=Cc1ccccc1-c1ccccc1)c1ccc(-c2ccccc2)cc1
C(=Cc1ccccc1-c1ccccc1)c1ccc(-c2ccccc2)cc1
c1ccc(-c2ccccc2-c2ccccc2-c2ccccc2)cc1
c1ccc(-c2ccccc2-c2ccccc2-c2ccccc2)cc1
c1ccc(-c2ccccc2-c2ccccc2-c2ccccc2)cc1
c1ccc(-c2ccccc2-c2ccccc2-c2ccccc2)cc1
c1ccc(-c2ccccc2-c2ccccc2-c2ccccc2)cc1
c1ccc(-c2ccccc2-c2ccccc2-c2ccccc2)cc1
c1ccc(-c2ccccc2-c2ccccc2-c2ccccc2)cc1
c1ccc(-c2ccccc2-c2ccccc2-c2ccccc2)cc1
c1ccc(-c2ccccc2-c2ccccc2-c2ccccc2)cc1
c1ccc(-c2ccccc2-c2ccccc2-c2ccccc2)cc1
c1ccc(-c2ccccc2-c2ccccc2-c2ccccc2)cc1
c1ccc(-c2ccccc2-c2ccccc2-c2ccccc2)cc1
c1ccc(-c2ccccc2-c2ccccc2-c2ccccc2)cc1
c1ccc(-c2ccccc2-c2ccccc2-c2ccccc2)cc1
c1ccc(-c2ccccc2-c2ccccc2-c2ccccc2)cc1
c1ccc(-c2cccc(-c3ccccc3-c3ccccc3)c2)cc1
c1ccc(-c2cccc(-c3ccccc3-c3ccccc3)c2)cc1
c1ccc(-c2cccc(-c3ccccc3-c3ccccc3)c2)cc1
c1ccc(-c2cccc(-c3ccccc3-c3ccccc3)c2)cc1
c1ccc(-c2cccc(-c3ccccc3-c3ccccc3)c2)cc1
c1ccc(Cc2ccc(-c3ccccc3-c3ccccc3)cc2)cc1
c1ccc(-c2ccc(-c3ccccc3-c3ccccc3)cc2)cc1
c1ccc(-c2ccc(-c3ccccc3-c3ccccc3)cc2)cc1
c1ccc(-c2ccc(-c3ccccc3-c3ccccc3)cc2)cc1
c1ccc(-c2ccc(-c3ccccc3-c3ccccc3)cc2)cc1
c1ccc(-c2ccc(-c3ccccc3-c3ccccc3)cc2)cc1
c1ccc(-c2ccc(-c3ccccc3-c3ccccc3)cc2)cc1
c1ccc(-c2ccc(-c3ccccc3-c3ccccc3)cc2)cc1
c1ccc(-c2ccc(-c3ccccc3-c3ccccc3)cc2)cc1
c1ccc(-c2ccc(-c3ccccc3-c3ccccc3)cc2)cc1
c1ccc(-c2ccc(-c3ccccc3-c3ccccc3)cc2)cc1
c1ccc(-c2ccc(-c3ccccc3-c3ccccc3)cc2)cc1
c1ccc(-c2ccc(-c3ccccc3-c3ccccc3)cc2)cc1
c1ccc(-c2ccc(-c3ccccc3-c3ccccc3)cc2)cc1
c1ccc(-c2ccc(-c3ccccc3-c3ccccc3)cc2)cc1
c1ccc(-c2ccc(-c3ccccc3-c3ccccc3)cc2)cc1
c1ccc(-c2ccc(-c3ccccc3-c3ccccc3)cc2)cc1
c1ccc(-c2ccc(-c3ccccc3-c3ccccc3)cc2)cc1
c1ccc(-c2ccc(-c3ccccc3-c3ccccc3)cc2)cc1
c1ccc(-c2ccc(-c3ccccc3-c3ccccc3)cc2)cc1
c1ccc(-c2ccc(-c3ccccc3-c3ccccc3)cc2)cc1
c1ccc(-c2ccc(-c3ccccc3-c3ccccc3)cc2)cc1
c1ccc(Cc2ccccc2-c2ccc(-c3ccccc3)cc2)cc1
c1ccc(Cc2ccccc2-c2ccc(-c3ccccc3)cc2)cc1
c1ccc(CCCCOc2ccccc2-c2ccc(-c3ccccc3)cc2)cc1
c1ccc(CCCCOc2ccccc2-c2ccc(-c3ccccc3)cc2)cc1
c1ccc(CCCCCc2ccccc2-c2ccc(-c3ccccc3)cc2)cc1
c1ccc(CCCCCc2ccccc2-c2ccc(-c3ccccc3)cc2)cc1
c1ccc(CCCCCc2ccccc2-c2ccc(-c3ccccc3)cc2)cc1
c1ccc(CCCCCc2ccccc2-c2ccccc2-c2ccccc2)cc1
c1ccc(CCCCc2ccccc2-c2ccccc2-c2ccccc2)cc1
c1ccc(CCCCc2ccccc2-c2ccccc2-c2ccccc2)cc1
c1ccc(CCCCc2ccccc2-c2ccccc2-c2ccccc2)cc1
c1ccc(CCCCOc2ccccc2-c2ccccc2-c2ccccc2)cc1
c1ccc(CCCCOc2ccccc2-c2ccccc2-c2ccccc2)cc1
c1ccc(CCCCOc2ccccc2-c2ccccc2-c2ccccc2)cc1
c1ccc(CCCCOCc2ccccc2-c2ccccc2-c2ccccc2)cc1
c1ccc(CCCCOCc2ccccc2-c2ccccc2-c2ccccc2)cc1
c1ccc(CCCCOCc2ccccc2-c2ccccc2-c2ccccc2)cc1
c1ccc(CCCCOCc2ccccc2-c2ccccc2-c2ccccc2)cc1
c1ccc(CCCCOCc2ccccc2-c2ccccc2-c2ccccc2)cc1
c1ccc(CCCCOc2ccccc2-c2ccccc2-c2ccccc2)cc1
c1ccc(CCCCOc2ccccc2-c2ccccc2-c2ccccc2)cc1
c1ccc(CCCCNc2ccccc2-c2ccccc2-c2ccccc2)cc1
c1ccc(CCCCn2c3ccccc3c3c(-c4ccccc4)cccc32)cc1
c1ccc(CCCCn2c3ccccc3c3c(-c4ccccc4)cccc32)cc1
c1ccc(CCCCn2c3ccccc3c3c(-c4ccccc4)cccc32)cc1
c1ccc(CCCCn2c3ccccc3c3cccc(-c4ccccc4)c32)cc1
c1ccc(CCCCn2c3ccccc3c3cccc(-c4ccccc4)c32)cc1
C(C=Cc1cn(CCCCc2ccccc2)c2ccccc12)=Cc1ccccc1
C(=Cc1cn(CCCCc2ccccc2)c2ccccc12)CCc1ccccc1
C(=Cc1cn(CCCCc2ccccc2)c2ccccc12)Cc1ccccc1
c1ccc(CCCCn2cc(CCCc3ccccc3)c3ccccc32)cc1
c1ccc(CCCCn2cc(-c3ccccc3)c3ccccc32)cc1
c1ccc(CCCCn2ccc3ccccc32)cc1
c1ccc(CCCCn2ccc3ccccc32)cc1
c1ccc(CCCCn2ccc3ccccc32)cc1
c1ccc(CCCCn2ccc3ccccc32)cc1
c1ccc(CCCCn2ccc3ccccc32)cc1
c1ccc(CCCCn2ccc3ccccc32)cc1
c1ccc(CCCCn2ccc3ccccc32)cc1
c1ccc(CCCCn2ccc3ccccc32)cc1
c1ccc(CCCCn2cc(C3CCCCC3)c3ccccc32)cc1
c1ccc(CCCCn2cc(C3CCCC3)c3ccccc32)cc1
c1ccc(CCCCn2cc(C3CCCN3)c3ccccc32)cc1
c1ccc(CCCCn2ccc3ccccc32)cc1
c1ccc(CCCCn2ccc3ccccc32)cc1
c1ccc(CCCCn2ccc3ccccc32)cc1
c1ccc(CCCCn2ccc3ccccc32)cc1
c1ccc(CCCCn2ccc3ccccc32)cc1
c1ccc(CCCCn2ccc3ccccc32)cc1
c1ccc(CCCCn2ccc3ccccc32)cc1
c1ccc(CCCCn2ccc3ccccc32)cc1
c1ccc(CCCCn2ccc3ccccc32)cc1
c1ccc(CCCCn2ccc3ccccc32)cc1
c1ccc(CCCCn2ccc3ccccc32)cc1
O=C1C=CN(CCCCc2ccccc2)c2ccccc2CO1
O=C1OCC=CN(CCCCc2ccccc2)c2ccccc21
O=C1CCC=CN(CCCCc2ccccc2)c2ccccc21
O=C1CC=CN(CCCCc2ccccc2)c2ccccc21
O=c1ccn(CCCCc2ccccc2)c2ccccc12
C1=Cc2c(ccc3c2C(=Cc2ccc(-c4ccccc4)cc2)Oc2ccccc2-3)NC1
C1=Cc2c(ccc3c2C(c2ccc(-c4ccccc4)cc2)Oc2ccccc2-3)NC1
C1=Cc2c(ccc3c2C(c2ccc(-c4ccccc4)cc2)Oc2ccccc2-3)CC1
C1=Cc2c(ccc(-c3ccccc3)c2Cc2ccc(-c3ccccc3)cc2)CC1
C1=Cc2c(ccc(-c3ccccc3)c2Cc2ccc(-c3ccccc3)cc2)CC1
C1=Cc2c(ccc(-c3ccccc3)c2Cc2ccc(-c3ccccc3)cc2)CCC1
C1=Cc2c(ccc(-c3ccccc3)c2Cc2ccc(-c3ccccc3)cc2)CCC1
C1=Cc2c(ccc(-c3ccccc3)c2Cc2ccc(-c3ccccc3)cc2)CCC1
C1=C(c2ccc(-c3ccccc3)cc2)CCCc2ccc(-c3ccccc3)cc21
C1=C(c2ccc(-c3ccccc3)cc2)CCCc2ccc(-c3ccccc3)cc21
C1=C(c2ccc(-c3ccccc3)cc2)CCCCc2ccc(-c3ccccc3)cc21
C1=C(c2ccc(-c3ccccn3)cc2)CCCCc2ccc(-c3ccccc3)cc21
C1=C(c2ccc(-c3cccnc3)cc2)CCCCc2ccc(-c3ccccc3)cc21
C1=C(c2ccc(-c3cccnc3)cc2)CCCCc2ccc(-c3ccccc3)cc21
C1=C(c2ccc(-c3cccnc3)cc2)CCCCc2ccc(-c3ccccc3)cc21
C1=C(c2ccc(-c3cccnc3)cc2)CCCCc2ccc(-c3ccccc3)cc21
C1=C(c2ccc(-c3cccnc3)cc2)CCCCc2ccc(-c3ccccc3)cc21
C1=C(c2ccc(-c3cccnc3)cc2)CCCCc2ccc(-c3ccccc3)cc21
C1=C(c2ccc(-c3cccnc3)cc2)C(CCc2ccccc2)CCCc2ccccc21
C1=C(c2ccc(-c3cccnc3)cc2)C(CCc2ccccc2)CCCc2ccccc21
C1=C(c2ccc(-c3cccnc3)cc2)C(CCc2ccccc2)CCCc2ccccc21
C1=C(c2ccc(-c3cccnc3)cc2)C(CCc2ccccc2)CCCc2ccccc21
C1=C(c2ccc(-c3cccnc3)cc2)C(CCc2ccccc2)CCCc2ccccc21
C1=C(c2ccc(-c3cccnc3)cc2)C(CCc2ccccc2)CCCc2ccccc21
C1=C(c2ccc(-c3cccnc3)cc2)C(CCc2ccccc2)CCCc2ccccc21
C1=C(c2ccc(-c3cccnc3)cc2)C(CCNc2ccccc2)CCCc2ccccc21
C1=C(c2ccc(-c3cccnc3)cc2)C(CCCNc2ccccc2)CCCc2ccccc21
C1=C(c2ccc(-c3cccnc3)cc2)C(CCCNc2ccccc2)CCCc2ccccc21
C1=C(c2ccc(-c3ccccc3)cc2)C(CCCNc2ccccc2)CCCc2ccccc21
C1=C(c2ccc(-c3ccccc3)cc2)C(CCCNc2ccccc2)CCCc2ccccc21
C1=C(c2ccc(-c3ccccc3)cc2)C(CCCNc2ccccc2)CCCc2ccccc21
C1=C(c2ccc(-c3ccccc3)cc2)C(CCCNc2ccccc2)CCCc2ccccc21
C1=C(c2ccc(-c3ccccc3)cc2)C(CCCNc2ccccc2)CCCc2ccccc21
C1=C(c2ccc(-c3ccccc3)cc2)C(CCCNc2ccccc2)CCCc2ccccc21
C1=C(c2ccc(-c3ccccc3)cc2)C(CCCNc2ccccc2)CCCc2ccccc21
C1=C(c2ccc(-c3ccccc3)cc2)C(CCCNCc2ccccc2)CCCc2ccccc21
C1=C(c2ccc(-c3ccccc3)cc2)C(CCCNCc2ccccc2)CCCc2ccccc21
C1=C(c2ccc(-c3ccccc3)cc2)C(CCCNCc2ccccc2)CCCc2ccccc21
C1=C(c2ccc(-c3ccccc3)cc2)C(CCCNCc2ccccc2)CCCc2ccccc21
C1=C(c2ccc(-c3ccccc3)cc2)C(CCCNCc2ccccc2)CCCc2ccccc21
C1=C(Cc2ccc(-c3ccccc3)cc2)C(CCCNCc2ccccc2)CCCc2ccccc21
C1=C(c2cccc(-c3ccccc3)c2)C(CCCNCc2ccccc2)CCCc2ccccc21
C1=C(c2cccc(-c3ccccc3)c2)C(CCCNCCc2ccccc2)CCCc2ccccc21
C1=C(c2cccc(-c3ccccc3)c2)C(CCCNCCc2ccccc2)CCCc2ccccc21
C1=C(c2cccc(-c3ccccc3)c2)C(CCCNCCc2ccccc2)CCCc2ccccc21
C1=C(c2cccc(-c3ccccc3)c2)C(CCCNCCc2ccccc2)CCCc2ccccc21
C1=C(c2cccc(-c3ccccc3)c2)C(CCCNCCc2ccccc2)CCCc2ccccc21
C1=C(c2cccc(-c3ccccc3)c2)C(CCCNCCc2ccccc2)CCCc2ccccc21
C1=C(c2cccc(-c3ccccc3)c2)C(CCCNCCc2ccccc2)CCCc2ccccc21
C1=C(c2cccc(-c3ccccc3)c2)C(CCCNCCc2ccccc2)CCCc2ccccc21
C1=C(c2cccc(-c3ccccc3)c2)C(CCCNCc2ccccc2)CCCc2ccccc21
C1=C(c2cccc(-c3ccccc3)c2)C(CCCNCc2ccccc2)CCCc2ccccc21
C1=C(c2cccc(-c3ccccc3)c2)C(CCCNCc2ccccc2)CCCc2ccccc21
C1=C(c2cccc(-c3ccccc3)c2)C(CCCNCc2ccccc2)CCCc2ccccc21
C1=C(c2cccc(-c3ccccc3)c2)C(CCCNCCc2ccccc2)CCCc2ccccc21
C1=C(c2cccc(-c3ccccc3)c2)C(CCCNCCc2ccccc2)CCCc2ccccc21
C1=C(c2cccc(-c3ccccc3)c2)C(CCCNCCc2ccccc2)CCCc2ccccc21
C1=C(c2cccc(-c3ccccc3)c2)C(CCCNCCc2ccccc2)CCCc2ccccc21
C1=C(c2cccc(-c3ccccc3)c2)C(CCCNCCc2ccccc2)CCCc2ccccc21
C1=C(c2cccc(-c3ccccc3)c2)C(CCCNCCc2ccccc2)CCCc2ccccc21
C1=C(c2cccc(-c3ccccc3)c2)C(CCCNCCc2ccccc2)CCCc2ccccc21
C1=C(c2cccc(-c3ccccc3)c2)C(CCCNCCc2ccccc2)CCCc2ccccc21
C1=C(c2cccc(-c3ccccc3)c2)C(CCCNCCc2ccccc2)CCCc2ccccc21
C1=C(c2cccc(-c3ccccc3)c2)C(CCCNCc2ccccc2)CCCc2ccccc21
C1=C(c2cccc(-c3ccccc3)c2)C(CCCNCc2ccccc2)CCCc2ccccc21
C1=C(c2cccc(-c3ccccc3)c2)C(CCCNCc2ccccc2)CCCc2ccccc21
C1=C(c2cccc(-c3ccccc3)c2)C(CCCNCc2ccccc2)CCCc2ccccc21
C1=C(c2cccc(-c3ccccc3)c2)C(CCCNc2ccccc2)CCCc2ccccc21
C1=C(c2cccc(-c3ccccc3)c2)C(CCCNc2ccccc2)CCCc2ccccc21
C1=C(c2cccc(-c3ccccc3)c2)C(CCCNc2ccccc2)CCCc2ccccc21
C1=C(c2cccc(-c3ccccc3)c2)C(CCCNc2ccccc2)CCCc2ccccc21
C1=C(c2cccc(-c3ccccc3)c2)C(CCCNc2ccccc2)CCCc2ccccc21
C1=C(c2cccc(-c3ccccc3)c2)C(CCCNc2ccccc2)CCCc2ccccc21
C1=C(c2cccc(-c3ccccc3)c2)C(CCCNc2ccccc2)CCCc2ccccc21
C1=C(c2cccc(-c3ccccc3)c2)C(CCCNCc2ccccc2)CCCc2ccccc21
C1=C(c2cccc(-c3ccccc3)c2)C(CCCNCc2ccccc2)CCCc2ccccc21
C1=C(c2cccc(-c3ccccc3)c2)C(CCCNCCc2ccccc2)CCCc2ccccc21
C1=C(c2cccc(-c3ccccc3)c2)C(CCCNCCc2ccccc2)CCCc2ccccc21
C1=C(c2cccc(-c3ccccc3)c2)C(CCCNCCCc2ccccc2)CCCc2ccccc21
C1=C(c2cccc(-c3ccccc3)c2)C(CCCNCCCCc2ccccc2)CCCc2ccccc21
C1=C(c2cccc(-c3ccc(-c4ccccc4)cc3)c2)CCCCc2ccccc21
C1=C(c2cccc(-c3ccc(-c4ccccc4)cc3)c2)CCCCc2ccccc21
C1=C(c2cccc(-c3ccc(-c4ccccc4)cc3)c2)CCCCc2ccccc21
c1ccc(-c2ccc(-c3cccc(C4CCCCc5ccccc54)c3)cc2)cc1
c1ccc(-c2ccc(-c3cccc(CCCCNCCCC4CCCc5ccccc5C4)c3)cc2)cc1
c1ccc(-c2ccc(-c3cccc(CCCCNCCCC4CCCc5ccccc54)c3)cc2)cc1
c1ccc(-c2ccc(-c3cccc(CCCNCCCC4CCCc5ccccc54)c3)cc2)cc1
c1ccc(-c2ccc(-c3cccc(CCNCCCC4CCCc5ccccc54)c3)cc2)cc1
C1=C(c2ccccc2)CC(c2cccc(CCNCCCC3CCCc4ccccc43)c2)=C1
C1=C(c2ccccc2)CC=1c1cccc(CCNCCCC2CCCc3ccccc32)c1
C=C(CCc1cccc(CCNCCCC2CCCc3ccccc32)c1)c1ccccc1
c1ccc(CCCc2cccc(CCNCCCC3CCCc4ccccc43)c2)cc1
c1ccc(CCCCc2cccc(CCNCCCC3CCCc4ccccc43)c2)cc1
c1ccc(CCCCc2ccccc2CCNCCCC2CCCc3ccccc32)cc1
c1ccc(CCCCc2ccccc2CCNCCCC2CCCc3ccccc32)cc1
c1ccc(CCCCc2ccccc2CCNCCCC2CCCc3ccccc32)cc1
c1ccc(CCCc2ccccc2CCNCCCC2CCCc3ccccc32)cc1
c1ccc(CCCc2ccccc2CCCNCCCC2CCCc3ccccc32)cc1
c1ccc(CCCCc2ccccc2CCCNCCCC2CCCc3ccccc32)cc1
c1ccc(CCCCc2ccccc2CCCNCCCC2CCCc3ccccc32)cc1
c1ccc(CCCCc2ccccc2CCCNCCCC2CCCc3ccccc32)cc1
c1ccc(CCCCc2ccccc2CCCNCCCC2CCCc3ccccc32)cc1
c1ccc(CCCCc2cccc(CCNCCCC3CCCc4ccccc43)c2)cc1
c1ccc(CCCCc2cccc(CCNCCCC3CCCc4ccccc43)c2)cc1
c1ccc(CCCCc2cccc(CNCCCC3CCCc4ccccc43)c2)cc1
c1ccc(CCCc2cccc(CNCCCC3CCCc4ccccc43)c2)cc1
c1ccc(CCCc2ccnc(CNCCCC3CCCc4ccccc43)c2)cc1
c1ccc(CCCc2ccnc(NCCCC3CCCc4ccccc43)c2)cc1
c1ccc(CCCc2ccnc(NCCCC3CCCc4ccccc43)c2)cc1
c1ccc(CCCc2ccnc(CNCCCC3CCCc4ccccc43)c2)cc1
c1ccc(CCCc2ccnc(CNCCCC3CCCc4ccccc43)c2)cc1
c1ccc(CCCc2ccnc(CNCCCC3CCCc4ccccc43)c2)cc1
c1ccc(CCCc2ccnc(CNCCCC3CCCc4ccccc43)c2)cc1
c1ccc(CCCc2ccnc(CNCCCC3CCCc4ccccc43)c2)cc1
c1ccc(CCCCc2ccnc(CNCCCC3CCCc4ccccc43)c2)cc1
c1ccc(CCCCc2ccnc(CNCCC3CCCc4ccccc43)c2)cc1
c1ccc(CCCCCc2ccnc(CNCCC3CCCc4ccccc43)c2)cc1
c1ccc(CCCCCc2ccnc(NCCC3CCCc4ccccc43)c2)cc1
c1ccc(CCCCCc2ccnc(NCCC3CCCc4ccccc43)c2)cc1
c1ccc(CCCCc2ccnc(NCCC3CCCc4ccccc43)c2)cc1
c1ccc(CCCCc2ccnc(NCCC3CCCc4ccccc43)c2)cc1
c1ccc(CCCCc2ccnc(NCCC3CCCc4ccccc43)c2)cc1
c1ccc(CCCCc2ccnc(NCCC3CCCc4ccccc43)c2)cc1
c1ccc(CCCc2ccnc(NCCC3CCCc4ccccc43)c2)cc1
c1ccc(CCCc2ccnc(NCCC3CCCc4ccccc43)c2)cc1
c1ccc(CCCc2ccnc(NCCC3CCCc4ccccc43)c2)cc1
c1ccc(CCCc2ccnc(NCCCC3CCCc4ccccc43)c2)cc1
c1ccc(CCCc2ccnc(NCCCC3CCCc4ccccc43)c2)cc1
c1ccc(CCCc2ccnc(NCCCC3CCCc4ccccc43)c2)cc1
c1ccc(CCCc2ccnc(NCCCC3CCCc4ccccc43)c2)cc1
c1ccc(CCCc2ccnc(NCCC3CCCc4ccccc43)c2)cc1
c1ccc(CCCc2ccnc(NCCC3CCCc4ccccc43)c2)cc1
c1ccc(CCc2ccnc(NCCC3CCCc4ccccc43)c2)cc1
c1ccc(CCc2ccnc(NCCC3CCCc4ccccc43)c2)cc1
c1ccc(CCc2ccnc(NCCC3CCCc4ccccc43)c2)cc1
c1ccc(CCc2ccnc(NCCC3CCCc4ccccc43)c2)cc1
c1ccc(CCc2ccnc(NCCC3CCCc4ccccc43)c2)cc1
c1ccc(NCCC2CCCc3ccccc32)nc1
c1ccc(NCCC2CCCc3ccccc32)nc1
c1ccc(NCCC2CCCc3ccccc32)nc1
c1ccc(NCCC2CCCc3ccccc32)nc1
c1ccc(NCCC2CCCc3ccccc32)nc1
c1ccc(NCCC2CCCc3ccccc32)nc1
c1ccc(NCCC2CCCc3ccccc32)nc1
c1ccc(NCCC2CCCc3ccccc32)nc1
c1ccc(NCCC2CCCc3ccccc32)nc1
c1ccc(NCCC2CCCc3ccccc32)nc1
c1ccc(NCCC2CCCc3ccccc32)nc1
c1ccc(NCCC2CCCc3ccccc32)nc1
c1ccc(NCCC2CCCc3ccccc32)nc1
c1ccc(NCCC2CCCc3ccccc32)nc1
c1ccc(NCCC2CCCc3ccccc32)nc1
c1ccc(CCCC2CCCc3ccccc32)nc1
c1cncc(CCC2CCCc3ccccc32)c1
c1cncc(CCC2CCCc3ccccc32)c1
c1cncc(CCC2CCCc3ccccc32)c1
c1cncc(CCC2CCCc3ccccc32)c1
c1cncc(CCC2CCCc3ccccc32)c1
c1cncc(CCC2CCCc3ccccc32)c1
c1cncc(CCC2CCCc3ccccc32)c1
c1cncc(CCC2CCCc3ccccc32)c1
c1cncc(CCC2CCCc3ccccc32)c1
c1cncc(CCC2CCCc3ccccc32)c1
c1cncc(CCC2CCCc3ccccc32)c1
c1cncc(CCC2CCCc3ccccc32)c1
c1cncc(CCC2CCCc3ccccc32)c1
C1=CNN=CC(CCC2CCCc3ccccc32)=C1
C1=CNN=CC(CCC2CCCc3ccccc32)=C1
C1=CNN=CC(CCC2CCCc3ccccc32)=C1
C1=CNN=CC(CCC2CCCc3ccccc32)=C1
C1=CNN=CC(CCC2CCCc3ccccc32)=C1
C1=CNN=CC(CCC2CCCc3ccccc32)=C1
C1=CNN=CC(CCC2CCCc3ccccc32)=C1
C1=CNN=CC(CCC2CCCc3ccccc32)=C1
C1=CNN=CC(CCC2CCCc3ccccc32)=C1
C1=CC(=CCCC2CCCc3ccccc32)C=NN1
C1=CC(=CCCC2CCCc3ccccc32)C=NN1
C1=CC(=CCCC2CCCc3ccccc32)C=NN1
C1=CC(=CCCC2CCCc3ccccc32)C=NN1
C1=CC(=CCCC2CCCCc3ccccc32)C=NN1
C1=CC(=CCCC2CCCCc3ccccc32)C=NN1
C1=CC(=CCCC2CCCCc3ccccc32)C=NN1
C1=CC(=CCCC2CCCCc3ccccc32)C=NN1
C1=CC(=CCCC2CCCCc3ccccc32)C=NN1
C1=CC(=CCCC2CCCc3ccccc32)C=NN1
C1=CC(=CCCC2CCCc3ccccc32)C=NN1
C1=CC(=CCCC2CCCc3ccccc32)C=NN1
C1=CC(=CCCC2CCCc3ccccc32)C=NN1
C1=CC(=CCCC2CCCc3ccccc32)C=NN1
C1=CC(=CCCC2CCCc3ccccc32)C=NN1
C=C1C=NNC(C(=O)NCCCCC2CCCc3ccccc32)=C1
O=C(NCCCCC1CCCc2ccccc21)C1=CCC=NN1
O=C(NCCCCC1CCCc2ccccc21)c1ccn[nH]1
O=C(NCCCCC1CCCc2ccccc21)c1ccn[nH]1
O=C(NCCCCC1CCCc2ccccc21)c1ccn[nH]1
O=C(NCCCCC1CCCc2ccccc21)c1ccn[nH]1
O=C(NCCCCC1CCCc2ccccc21)c1ccn[nH]1
O=C(NCCCCC1CCCc2ccccc21)c1ccn[nH]1
O=C(NCCCCC1CCCc2ccccc21)c1ccn[nH]1
O=C(NCCCCC1CCCc2ccccc21)c1ccn[nH]1
O=C(NCCCCC1CCCc2ccccc21)c1ccn[nH]1
O=C(NCCCCC1CCCc2ccccc21)c1ccn[nH]1
O=C(NCCCCC1CCCc2ccccc21)c1ccn[nH]1
O=C(NCCCCC1CCCCc2ccccc21)c1ccn[nH]1
O=C(NCCCC1CCCCc2ccccc21)c1ccn[nH]1
O=C(NCCCC1CCCc2ccccc21)c1ccn[nH]1
O=C(NCCCC1CCCc2ccccc21)c1ccn[nH]1
O=C(NCCCC1CCCc2ccccc21)c1ccn[nH]1
O=C(NCCCC1CCCc2ccccc21)c1ccn[nH]1
O=C(NCCCC1CCCc2ccccc21)c1ccn[nH]1
O=C(NCCCC1CCCc2ccccc21)c1ccn[nH]1
O=C(NCCCC1CCCc2ccccc21)c1ccn[nH]1
O=C(NCCCC1CCCc2ccccc21)c1ccn[nH]1
C1=CC2CC(c3ccccc3)CCC2c2ccccc21
C(=CC1CCCC(c2ccccc2)C1)c1ccccc1
C(=CC(CCc1ccccc1)C1CC1)c1ccccc1
C(=CC(CCc1ccccc1)C1CC1)c1c2cccc1-2
c1ccc(CCC(Cc2c3cccc2-3)C2CC2)cc1
c1ccc(CCC(Cc2c3cccc2-3)C2CCC2)cc1
c1ccc(C(CCC2CCC2)OCc2c3cccc2-3)cc1
c1ccc(C(CC2CCC2)OCc2c3cccc2-3)cc1
c1ccc(C(CC2CCCC2)OCc2c3cccc2-3)cc1
c1ccc(C(CC2CCCCC2)OCc2c3cccc2-3)cc1
c1ccc(C(CCc2c3cccc2-3)CC2CCCCC2)cc1
c1ccc(C(CCc2c3cccc2-3)CC2CCCCC2)cc1
O=C(Cc1c2cccc1-2)C(CC1CCCCC1)c1ccccc1
O=C(COc1c2cccc1-2)C(CC1CCCCC1)c1ccccc1
O=C(COc1c2cccc1-2)C(CC1CCCCCC1)c1ccccc1
O=C(COc1c2cccc1-2)C(CC1CCCCCCC1)c1ccccc1
O=C(c1cc2cc-2c1)C(CC1CCCCCCC1)c1ccccc1
O=C(c1cc2cc-2c1)C(CC1CCCCCCC1)c1ccccc1
O=C(Nc1cc2cc-2c1)C(CC1CCCCCCC1)c1ccccc1
O=C(Nc1cc2cc-2c1)C(CC1CCCCCCC1)c1ccccc1
O=C(Nc1cc2cc-2c1)C(CC1CCCCCC1)c1ccccc1
O=C(Nc1ccccc1)C(CC1CCCCCC1)c1ccccc1
O=C(Nc1ccc2c(c1)O2)C(CC1CCCCCC1)c1ccccc1
O=C(Nc1ccc2c(c1)O2)C(CC1CCCCCC1)c1ccccc1
O=C(Nc1ccc2c(c1)O2)C(CC1CCCCC1)c1ccccc1
O=C(Nc1ccc2c(c1)CO2)C(CC1CCCCC1)c1ccccc1
O=C(Nc1ccc2c(c1)CO2)C(CC1CCCCC1)c1ccccc1
O=C(Nc1ccc2c(c1)CO2)C(CC1CCCCC1)c1ccccc1
O=C(Nc1ccc2c(c1)CO2)C(CC1CCCC1)c1ccccc1
O=C(Nc1ccc2c(c1)COC2)C(CC1CCCC1)c1ccccc1
O=C1OCc2cc(NCC(CC3CCCC3)c3ccccc3)ccc21
O=C1OCc2cc(NCC(CC3CCCCC3)c3ccccc3)ccc21
O=C1OCc2cc(NCC(CC3CCCCC3)c3ccccc3)ccc21
O=C1OCc2cc(NCC(CC3CCCCC3)c3ccccc3)ccc21
C=C(Nc1ccc2c(c1)COC2=O)C(CC1CCCCC1)c1ccccc1
C=C(Nc1ccc2c(c1)COC2=O)C(CCC1CCCCC1)c1ccccc1
C=C(Nc1ccc2c(c1)COC2=O)C(CCC1CCCCC1)c1ccccc1
O=C1OCc2cc(NC(=O)C(CCC3CCCCC3)c3ccccc3)ccc21
O=C1OCc2cc(NC(=O)C(CCC3CCCCC3)c3ccccc3)ccc21
O=C1OCc2cc(NC(=O)C(CCC3CCCCC3)c3ccccc3)ccc21
O=C1OCc2cc(NC(=O)C(CCC3CCCCC3)c3ccccc3)ccc21
O=C1OCc2cc(NC(=O)C(CCC3CCCCC3)c3ccccc3)ccc21
O=C1OCc2cc(NC(=O)C(CCCC3CCCCC3)c3ccccc3)ccc21
O=C1OCc2cc(NC(=O)C(CCCC3CCCCC3)c3ccccc3)ccc21
O=C1OCc2cc(NC(=O)C(CCCC3CCCC3)c3ccccc3)ccc21
O=C1OCc2cc(NC(=O)C(CCCC3CCCC3)c3ccccc3)ccc21
O=C1OCc2cc(NC(=O)C(CCCC3CCCC3)c3ccccc3)ccc21
O=C1OCc2cc(NC(=O)C(CCCC3CCCCC3)c3ccccc3)ccc21
O=C1OCc2cc(NC(=O)C(CCCC3CCCCCC3)c3ccccc3)ccc21
O=C1OCc2cc(NC(=O)C(CCCC3CCCCCC3)c3ccccc3)ccc21
O=C1OCc2cc(NC(=O)C(CCCC3CCCCCC3)c3ccccc3)ccc21
O=C1OCc2cc(NC(=O)C(CCCC3CCCCCC3)c3ccccc3)ccc21
O=C1OCc2cc(NC(=O)C(CCCC3CCCCCC3)c3ccccc3)ccc21
O=C1OCc2cc(NC(=O)C(CCCC3CCCCCC3)c3ccccc3)ccc21
O=C1OCc2cc(NC(=O)C(CCCC3CCCCCC3)c3ccccc3)ccc21
O=C1OCc2cc(NC(=O)C(CCCC3CCCCC3)c3ccccc3)ccc21
O=C1OCc2cc(NC(=O)C(CCCC3CCCCC3)c3ccccc3)ccc21
O=C1OCc2cc(NC(=O)C(CCCC3CCCCC3)c3ccccc3)ccc21
O=C1OCc2cc(NCC(CCCC3CCCCC3)c3ccccc3)ccc21
O=C1OCc2cc(NCC(CCCC3CCCCC3)c3ccccc3)ccc21
O=C1OCc2cc(NOCNC(=O)C(CCc3ccccc3)CC3CCCCC3)ccc21
O=C1OCc2cc(NOCNC(=O)C(CCc3ccccc3)CC3CCCC3)ccc21
O=C1OCc2cc(NCCNC(=O)C(CCc3ccccc3)CC3CCCC3)ccc21
O=C1OCc2cc(NCCNC(=O)C(CCc3ccccc3)CC3CCC3)ccc21
O=C1OCc2cc(NCNC(=O)C(CCc3ccccc3)CC3CCC3)ccc21
O=C1OCc2cc(NCNC(=O)C(CCc3ccccc3)CC3CCCC3)ccc21
O=C1OCc2cc(NCNC(=O)C(CCc3ccccc3)CC3CCCC3)ccc21
O=C1OCc2cc(NCNC(=O)C(CCc3ccccc3)CC3CCCC3)ccc21
O=C1OCc2cc(NCNC(=O)C(CCc3ccccc3)CC3CCCC3)ccc21
O=C1OCc2cc(NCNC(=O)C(CCc3ccccc3)CC3CCCC3)ccc21
O=C1OCc2cc(NCNC(=O)C(CCc3ccccc3)CC3CCCCC3)ccc21
O=C1OCc2cc(NCNC(=O)C(CCc3ccccc3)CC3CCCCCC3)ccc21
O=C1OCc2cc(NCNC(=O)C(CCc3ccccc3)CC3CCCCCC3)ccc21
O=C1OCc2cc(NNNC(=O)C(CCc3ccccc3)CC3CCCCCC3)ccc21
O=C1OCc2cc(NNNC(=O)C(CCc3ccccc3)CC3CCCCC3)ccc21
O=C1OCc2cc(NNNC(=O)C(CCc3ccccc3)CC3CCCCC3)ccc21
O=C1OCc2cc(NNC(=O)C(CCc3ccccc3)CC3CCCCC3)ccc21
O=C1OCc2cc(NC(=O)C(CCc3ccccc3)CC3CCCCC3)ccc21
C1=CC2CC(c3ccccc3)CCC2c2ccccc21
C1=CC2CC(c3ccccc3)CCC2c2ccccc21
C1=CC(CCc2ccccc2)Cc2ccccc21
C1=CC(CCc2ccccc2)Cc2ccccc21
C1=CC(Cc2ccccc2)Cc2ccccc21
C1=Cc2cc(OCc3ccccc3)ccc2CC1
C1=Cc2cc(OCc3ccccc3)ccc2CC1
C1=Cc2cc(OCc3ccccc3)ccc2NC1
c1ccc(COc2ccc3[nH]ccc3c2)cc1
c1ccc(COc2ccc3[nH]ccc3c2)cc1
c1ccc(COc2ccc3[nH]ccc3c2)cc1
c1ccc(COc2ccc3[nH]ccc3c2)cc1
C1=NCNc2ccc(OCc3ccccc3)cc21
C1=NCNc2ccc(OCc3ccccc3)cc21
C1=NCNc2ccc(OCc3ccccc3)cc21
c1ccc(COc2ccc3[nH]ncc3c2)cc1
c1ccc(COc2ccc3[nH]ncc3c2)cc1
c1ccc(COc2ccc3[nH]ncc3c2)cc1
c1ccc(COc2ccc3[nH]ncc3c2)cc1
c1ccc(COc2ccc3[nH]ncc3c2)cc1
c1ccc(COc2ccc3[nH]ncc3c2)cc1
c1ccc(COc2ccc3[nH]ncc3c2)cc1
c1ccc(COc2ccc3[nH]ncc3c2)cc1
c1ccc(COc2ccc3[nH]ncc3c2)cc1
c1ccc(COc2ccc3[nH]ncc3c2)cc1
c1ccc(COc2ccc3[nH]ncc3c2)cc1
c1ccc(COc2ccc3[nH]ncc3c2)cc1
c1ccc(COc2ccc3[nH]ncc3c2)cc1
c1ccc(COc2ccc3[nH]ncc3c2)cc1
c1ccc(COc2ccc3[nH]ncc3c2)cc1
C1=C(n2ncc3cc(OCc4ccccc4)ccc32)C1
C1=C(n2ncc3cc(OCc4ccccc4)ccc32)CC1
C1=C(n2ncc3cc(OCc4ccccc4)ccc32)CC1
C1=C(n2ncc3cc(OCc4ccccc4)ccc32)CC1
C1=C(n2ncc3cc(OCc4ccccc4)ccc32)CC1
C1=CC(n2ncc3cc(OCc4ccccc4)ccc32)=C1
C1=CC(n2ncc3cc(OCc4ccccc4)ccc32)=C1
C1=CC(n2ncc3cc(OCc4ccccc4)ccc32)=C1
C1=CC(n2ncc3cc(OCc4ccccc4)ccc32)=C1
C1=CC(n2ncc3cc(OCc4ccccc4)ccc32)=C1
C1=CC(n2ncc3cc(OCc4ccccc4)ccc32)=C1
C1=CC(n2ncc3cc(OCc4ccccc4)ccc32)=C1
C1=CC(n2ncc3cc(OCc4ccccc4)ccc32)=C1
O=C(NCC(Oc1ccc2c(cnn2C2=CC=C2)c1)c1ccccc1)C1CCCC1
O=C(NCC(Oc1ccc2c(cnn2C2=CC=C2)c1)c1ccccc1)C1CC1
O=C(NCC(Oc1ccc2c(cnn2C2=CC=C2)c1)c1ccccc1)C1CC1
O=C(NCC(Oc1ccc2c(cnn2C2=CC=C2)c1)c1ccccc1)C1CC1
O=C(NCC(Oc1ccc2c(cnn2C2=CC=C2)c1)c1ccccc1)C1CC1
O=C(NCC(Oc1ccc2c(cnn2C2=CC=C2)c1)c1ccccc1)C1=CC1
C1=CC(n2ncc3cc(OCc4ccccc4)ccc32)=C1
C1=CC(n2ncc3cc(OCc4ccccc4)ccc32)=C1
O=C(NCC(Oc1ccc2c(cnn2C2=CC=C2)c1)c1ccccc1)C1=CC1
O=C(NCC(Oc1ccc2c(cnn2C2=CC=C2)c1)c1ccccc1)C1=CCC1
O=C(NCC(Oc1ccc2c(cnn2C2=CC=C2)c1)c1ccccc1)C1=CC=C1
O=C(NCC(Oc1ccc2c(cnn2C2=CC=C2)c1)c1ccccc1)C1=CC=C1
O=C(NCC(Oc1ccc2c(cnn2C2=CC=C2)c1)c1ccccc1)C1=CC=C1
O=C(NCC(Oc1ccc2c(cnn2C2=CC=C2)c1)c1ccccc1)C1=CC=C1
O=C(NCC(Oc1ccc2c(cnn2C2=CC=C2)c1)c1ccccc1)C1=CC=C1
O=C(NCC(Oc1ccc2c(cnn2C2=CC=C2)c1)c1ccccc1)C1=CC=C1
O=C(NCC(Oc1ccc2c(cnn2C2=CC=C2)c1)c1ccccc1)C1=CC=C1
O=C(NCC(Oc1ccc2c(cnn2C2=CCC=C2)c1)c1ccccc1)C1=CC=C1
O=C(NCC(Oc1ccc2c(cnn2C2=CCC=C2)c1)c1ccccc1)C1=CC=C1
O=C(NCC(Oc1ccc2c(cnn2C2=CCCC=C2)c1)c1ccccc1)C1=CC=C1
O=C(NCC(Oc1ccc2c(cnn2-c2ccccc2)c1)c1ccccc1)C1=CC=C1
O=C(NCC(Oc1ccc2c(cnn2-c2ccccc2)c1)c1ccccc1)C1=CC=C1
O=C(NCC(Oc1ccc2c(cnn2-c2ccccc2)c1)c1ccccc1)C1=CC=C1
O=C(NCC(Oc1ccc2c(cnn2-c2ccccc2)c1)c1ccccc1)C1=CC=C1
O=C(NCC(Oc1ccc2c(cnn2-c2ccccc2)c1)c1ccccc1)C1=CC1
O=C(NCC(Oc1ccc2c(cnn2-c2ccccc2)c1)c1ccccc1)NC1=CC1
O=C(NCC(Oc1ccc2c(cnn2-c2ccccc2)c1)c1ccccc1)NC1=CC1
c1ccc(COc2ccc3c(cnn3-c3ccccc3)c2)cc1
c1ccc(COc2ccc3c(cnn3-c3ccccc3)c2)cc1
c1ccc(COc2ccc3c(cnn3-c3ccccc3)c2)cc1
c1ccc(COc2ccc3c(cnn3-c3ccccc3)c2)cc1
c1ccc(COc2ccc3c(cnn3-c3ccccc3)c2)cc1
c1ccc(COc2ccc3c(cnn3-c3ccccc3)c2)cc1
c1ccc(COc2ccc3c(cnn3-c3ccccc3)c2)cc1
c1ccc(COc2ccc3c(cnn3-c3ccccc3)c2)cc1
O=C(NCC(Oc1ccc2c(cnn2-c2ccccc2)c1)c1ccccc1)C1COC1
O=C(NCC(Oc1ccc2c(cnn2-c2ccccc2)c1)c1ccccc1)C12COC1C2
O=C(NCC(Oc1ccc2c(cnn2-c2ccccc2)c1)c1ccccc1)C1CC1
c1ccc(COc2ccc3c(cnn3-c3ccccc3)c2)cc1
c1ccc(COc2ccc3c(cnn3-c3ccccc3)c2)cc1
O=C(NCC(Oc1ccc2c(cnn2-c2ccccc2)c1)c1ccccc1)C1CC1
O=C(NCC(Oc1ccc2c(cnn2-c2ccccc2)c1)c1ccccc1)C1CC1
O=C(NCC(Oc1ccc2c(cnn2-c2ccccc2)c1)c1ccccc1)C1=CC1
O=C(NCC(Oc1ccc2c(cnn2-c2ccccc2)c1)c1ccccc1)C1=C2COC21
O=C(NCC(Oc1ccc2c(cnn2-c2ccccc2)c1)c1ccccc1)C1COC1
O=C(NCC(Oc1ccc2c(cnn2-c2ccccc2)c1)c1ccccc1)C1=COC1
O=C(NCC(Oc1ccc2c(cnn2-c2ccccc2)c1)c1ccccc1)C1=COCC1
O=C(NCC(Oc1ccc2c(cnn2-c2ccccc2)c1)c1ccccc1)C1=COOCC1
O=C(NCC(Oc1ccc2c(cnn2-c2ccccc2)c1)c1ccccc1)C1=CCOOCC1
O=C(NCC(Oc1ccc2c(cnn2-c2ccccc2)c1)c1ccccc1)C1=CCOCC1
O=C(NCC(Oc1ccc2c(cnn2-c2ccccc2)c1)c1ccccc1)C1=CCCCC1
O=C(NCC(Oc1ccc2c(cnn2-c2ccccc2)c1)c1ccccc1)C1=CCCC=C1
O=C(NCC(Oc1ccc2c(cnn2-c2ccccc2)c1)c1ccccc1)c1ccccc1
C1=CC2CC(c3ccccc3)CCC2c2ccccc21
C1=Cc2ccccc2C(CCCc2ccccc2)C1
C1=Cc2ccccc2C(CCCc2ccccc2)C1
C1=Cc2ccccc2C(CCCc2cccnc2)C1
C1=Cc2ccccc2C(CCCc2cccnc2)C1
C1=Cc2ccccc2C(CCCc2cccnc2)C1
C1=Cc2cc(-c3cccnc3)ccc2CC1
C1=Cc2cc(-c3cccnc3)ccc2CC1
c1ccc(-c2cccnc2)cc1
c1ccc(-c2cccnc2)cc1
c1ccc(-c2cccnc2)cc1
c1ccc(-c2cccnc2)cc1
c1ccc(-c2cccnc2)cc1
c1ccc(-c2cccnc2)cc1
c1ccc(-c2cccnc2)cc1
c1ccc(-c2cccnc2)cc1
c1ccc(-c2cccnc2)cc1
c1ccc(-c2cccnc2)cc1
c1ccc(-c2cccnc2)cc1
c1ccc(-c2cccnc2)cc1
c1ccc(-c2cccnc2)cc1
c1ccc(-c2cccnc2)cc1
c1ccc(-c2cccnc2)cc1
c1ccc(-c2cccnc2)cc1
c1ccc(-c2cccnc2)cc1
c1ccc(-c2cccnc2)cc1
c1ccc(-c2cccnc2)cc1
c1ccc(-c2cccnc2)cc1
c1ccc(-c2cccnc2)cc1
c1ccc(-c2cccnc2)cc1
c1ccc(-c2cccnc2)cc1
c1ccc(-c2cccnc2)cc1
c1ccc(-c2cccnc2)cc1
c1ccc(-c2cccnc2)cc1
c1ccc(-c2cccnc2)cc1
c1ccc(-c2cccnc2)cc1
c1ccc(-c2cccnc2)cc1
c1ccc(-c2cccnc2)cc1
c1ccc(-c2cccnc2)cc1
c1ccc(-c2cccnc2)cc1
c1ccc(-c2cccnc2)cc1
c1ccc(-c2cccnc2)cc1
c1ccc(-c2cccnc2)cc1
c1ccc(-c2cccnc2)cc1
c1ccc(-c2cccnc2)cc1
c1ccc(-c2cccnc2)cc1
c1ccc(-c2cccnc2)cc1
c1ccc(-c2cccnc2)cc1
c1cncc(-c2cccc(CCCCCC3CC3)c2)c1
c1cncc(-c2cccc(CCCCCC3CC3)c2)c1
c1cncc(-c2cccc(CCCCCC3CC3)c2)c1
c1cncc(-c2cccc(CCCCCC3CC3)c2)c1
c1cncc(-c2cccc(CCCCCC3CC3)c2)c1
c1cncc(-c2cccc(CCCCCC3CC3)c2)c1
c1cncc(-c2cccc(CCCCCC3CC3)c2)c1
c1cncc(-c2cccc(CCCCCC3CC3)c2)c1
c1cncc(-c2cccc(CCCCCC3CC3)c2)c1
c1cncc(-c2cccc(CCCCCC3CC3)c2)c1
c1cncc(-c2cccc(CCCCCC34CC3C4)c2)c1
c1cncc(-c2cccc(CCCCCC34CC3C4)c2)c1
c1cncc(-c2cccc(CCCCCC3CC3)c2)c1
C1=C(CCCCCc2cccc(-c3cccnc3)c2)C1
C1=C(CCCCCc2cccc(-c3cccnc3)c2)C1
C1=C(CCCCCc2cccc(-c3cccnc3)c2)NC1
C1=C(CCCCCc2cccc(-c3cccnc3)c2)NC1
C1=C(CCCCc2cccc(-c3cccnc3)c2)CN1
C1=C(CCCCc2cccc(-c3cccnc3)c2)CNC1
C1=C(CCCCc2cccc(-c3cccnc3)c2)CCC1
C1=C(CCCCc2cccc(-c3cccnc3)c2)CCC1
C1=C(CCCCc2cccc(-c3cccnc3)c2)CCC1
C1=C(CCCCc2cccc(-c3cccnc3)c2)CCC1
C1=C(CCCCc2cccc(-c3cccnc3)c2)CC1
C1=C(CCCCc2cccc(-c3cccnc3)c2)CC1
c1cncc(-c2cccc(CCCCC3=NCC3)c2)c1
c1cncc(-c2cccc(CCCCC3=NCC3)c2)c1
c1cncc(-c2cccc(CCCCC3=NC3)c2)c1
c1cncc(-c2cccc(CCCCC3=NC3)c2)c1
c1cncc(-c2cccc(CCCCC3=NC3)c2)c1
c1cncc(-c2cccc(CCCCC3=NCC3)c2)c1
c1cncc(-c2cccc(CCCCC3=NCC3)c2)c1
c1cncc(-c2cccc(CCCCC3=NCC3)c2)c1
c1cncc(-c2cccc(CCCCC3=NCC3)c2)c1
c1cncc(-c2cccc(CCCCC3=NCC3)c2)c1
C1=C(CCCCc2cccc(-c3cccnc3)c2)CC1
C1=C(CCCCc2cccc(-c3cccnc3)c2)CC1
C1=C(CCCCc2cccc(-c3cccnc3)c2)CC1
C1=C(CCCCc2cccc(-c3cccnc3)c2)CCC1
C1=C(CCCCc2cccc(-c3cccnc3)c2)CCC1
C1=C(CCCCc2cccc(-c3cccnc3)c2)CCC1
C1=C(CCCCc2cccc(-c3cccnc3)c2)CCC1
C1=CC(CCCCc2cccc(-c3cccnc3)c2)=CC1
C1=CC(CCCCc2cccc(-c3cccnc3)c2)=CC1
C1=CC(CCCCc2cccc(-c3cccnc3)c2)=CC1
C1=CC(CCCCc2cccc(-c3cccnc3)c2)=NCC1
c1ccc(CCCCc2cccc(-c3cccnc3)c2)nc1
c1ccc(CCCCc2cccc(-c3cccnc3)c2)nc1
c1ccc(CCCCc2cccc(-c3cccnc3)c2)nc1
c1cncc(CCCCc2cccc(-c3cccnc3)c2)c1
c1cncc(CCCCc2cccc(-c3cccnc3)c2)c1
c1cncc(CCCCc2cccc(-c3cccnc3)c2)c1
c1cncc(CCCCc2cccc(-c3cccnc3)c2)c1
c1cncc(CCCCc2cccc(-c3cccnc3)c2)c1
c1cncc(CCCCc2cccc(-c3cccnc3)c2)c1
c1cncc(CCCCc2cccc(-c3cccnc3)c2)c1
c1cncc(CCCCc2cccc(-c3cccnc3)c2)c1
c1cncc(NNCCCCc2cccc(-c3cccnc3)c2)c1
c1cncc(NCCCCc2cccc(-c3cccnc3)c2)c1
c1cncc(NCCCCc2cccc(-c3cccnc3)c2)c1
c1cncc(NCCCCc2cccc(-c3cccnc3)c2)c1
C=C(CCCCc1cccc(-c2cccnc2)c1)c1ccncc1
C=C(CCCCc1cccc(-c2cccnc2)c1)c1ccncc1
c1cncc(-c2cccc(CCCCc3c[nH]c4cnccc34)c2)c1
c1cncc(-c2cccc(CCCCC3Nc4cnccc43)c2)c1
c1cncc(-c2cccc(CCCC3Nc4cnccc43)c2)c1
c1cncc(-c2cccc(CCCC3CNc4cnccc43)c2)c1
c1cncc(-c2cccc(CCCc3c[nH]c4cnccc34)c2)c1
c1cncc(-c2cccc(CCCc3cc4ccncc4[nH]3)c2)c1
c1cncc(-c2cccc(CCCc3cc4ccncc4[nH]3)c2)c1
c1cncc(-c2cccc(CCc3cc4ccncc4[nH]3)c2)c1
c1cncc(-c2cccc(CCCc3cc4ccncc4[nH]3)c2)c1
c1cncc(-c2cccc(CCCc3cc4ccncc4[nH]3)c2)c1
c1cncc(-c2cccc(CCCCc3cc4ccncc4[nH]3)c2)c1
C1=CC2CC(c3ccccc3)CCC2c2ccccc21
C1=CC(CCc2ccccc2)Cc2ccccc21
C1=CC(CCc2ccccc2)Cc2ccccc21
C1=CC(CCc2ccccc2)Cc2ccccc21
c1ccc(CCC2Cc3ccccc3C2)cc1
c1ccc(CCC2Cc3ccccc3C2)cc1
c1ccc(CCC2Cc3ccccc3C2)cc1
c1ccc(CC2Cc3ccccc3C2)cc1
c1ccc(CCCc2ccccc2)cc1
c1ccc(CCCc2ccccc2)cc1
c1ccc(CCCc2ccccc2)cc1
c1ccc(CCCc2ccc3c(c2)CO3)cc1
c1ccc(CCCc2ccc3c(c2)COC3)cc1
c1ccc(CCCc2ccc3c(c2)COC3)cc1
O=C1OCc2ccc(CCCc3ccccc3)cc21
O=C1OCc2ccc(CCCc3ccccc3)cc21
O=C1OCc2cc(CCCc3ccccc3)ccc21
O=C1OCc2cc(CCCc3ccccc3)ccc21
O=C1OCc2cc(CCc3ccccc3)ccc21
O=C1OCc2cc(NCCc3ccccc3)ccc21
O=C1OCc2cc(NCCc3ccccc3)ccc21
O=C1OCc2cc(NCCc3ccccc3)ccc21
O=C1OCc2cc(NCCc3ccccc3)ccc21
O=C1OCc2cc(NCCc3ccccc3)ccc21
O=C(Cc1ccccc1)Nc1ccc2c(c1)COC2=O
O=C(CCc1ccccc1)Nc1ccc2c(c1)COC2=O
O=C(CCc1ccccc1)Nc1ccc2c(c1)COC2=O
O=C(CCc1ccccc1)Nc1ccc2c(c1)COC2=O
O=C(CCCc1ccccc1)Nc1ccc2c(c1)COC2=O
O=C(CCCc1ccccc1)Nc1ccc2c(c1)COC2=O
O=C(CCCc1ccccc1)Nc1ccc2c(c1)COC2=O
O=C(CCCc1ccccc1)Nc1ccc2c(c1)COC2=O
O=C(CCCc1ccccc1)Nc1ccc2c(c1)COC2=O
O=C(CCCc1ccccc1)Nc1ccc2c(c1)COC2=O
O=C(CCCc1ccccc1)Nc1ccc2c(c1)COC2=O
O=C(CCCc1ccccc1)Nc1ccc2c(c1)COC2=O
O=C(CCCc1ccccc1)Nc1ccc2c(c1)COC2=O
O=C(CCCc1ccccc1)Nc1ccc2c(c1)COC2=O
O=C(CCCc1ccccc1)Nc1ccc2c(c1)COC2=O
O=C(CCCc1ccccc1)Nc1ccc2c(c1)COC2=O
O=C(CCCc1ccccc1)Nc1ccc2c(c1)COC2=O
O=C(CCCc1ccccc1)Nc1ccc2c(c1)COC2=O
O=C(CCCc1ccccc1)Nc1ccc2c(c1)COC2=O
O=C(CCCc1ccccc1)Nc1ccc2c(c1)COC2=O
O=C(CCCc1ccccc1)Nc1ccc2c(c1)COC2=O
O=C(CCCc1ccccc1)Nc1ccc2c(c1)COC2=O
O=C(CCCc1ccccc1)Nc1ccc2c(c1)COC2=O
O=C(CCCc1ccccc1)Nc1ccc2c(c1)COC2=O
c1ccc(-n2ncc3cc(Cc4ccncc4)ccc32)cc1
c1ccc(On2ncc3cc(Cc4ccncc4)ccc32)cc1
c1ccc(On2ncc3cc(Cc4ccncc4)ccc32)cc1
c1ccc(On2ncc3cc(Cc4ccncc4)ccc32)cc1
c1ccc(On2ccc3cc(Cc4ccncc4)ccc32)cc1
c1ccc(On2ccc3cc(Cc4ccncc4)ccc32)cc1
C1=Cc2cc(Cc3ccncc3)ccc2N(Oc2ccccc2)C1
c1ccc(ON2CCCc3cc(Cc4ccncc4)ccc32)cc1
c1ccc(ON2CCCCc3cc(Cc4ccncc4)ccc32)cc1
c1ccc(ON2CCCCCc3cc(Cc4ccncc4)ccc32)cc1
c1ccc(ON2CCCCCc3cc(Cc4ccncc4)ccc32)cc1
c1ccc(ON2CCCCCc3cc(Cc4ccncc4)ccc32)cc1
c1ccc(ON2CCCCCc3cc(Cc4ccncc4)ccc32)cc1
c1ccc(ON2CCCCCc3cc(COc4ccncc4)ccc32)cc1
c1ccc(ON2CCCCCc3cc(COc4ccncc4)ccc32)cc1
c1ccc(ON2CCCCCc3cc(COc4ccncc4)ccc32)cc1
c1ccc(ON2CCCCCc3cc(COc4ccncc4)ccc32)cc1
c1ccc(OCc2ccc3c(c2)CCCCCN3Oc2ccccc2)cc1
c1ccc(OCc2ccc3c(c2)CCCCCN3Oc2ccccc2)cc1
c1ccc(OCc2ccc3c(c2)CCCCCN3Oc2ccccc2)cc1
c1ccc(OCc2ccc3c(c2)CCCCCN3Oc2ccccc2)cc1
c1ccc(OCc2ccc3c(c2)CCCCCN3Oc2ccccc2)cc1
c1ccc(OCc2ccc3c(c2)CCCCCN3Oc2ccccc2)cc1
c1ccc(OCc2ccc3c(c2)CCCCCN3Oc2ccccc2)cc1
c1ccc(OCc2ccc3c(c2)CCCCCN3Oc2ccccc2)cc1
c1ccc(OCc2ccc3c(c2)CCCCCN3Oc2ccccc2)cc1
c1ccc(OCc2ccc3c(c2)CCCCCN3Oc2ccccc2)cc1
c1ccc(OCc2ccc3c(c2)CCCCCN3Oc2ccccc2)cc1
c1ccc(OCc2ccc3c(c2)CCCCCN3Oc2ccccc2)cc1
c1ccc(OCc2ccc3c(c2)CCCCCN3Oc2ccccc2)cc1
c1ccc(OCc2ccc3c(c2)CCCCCN3Oc2ccccc2)cc1
c1ccc(OCc2ccc3c(c2)CCCCCN3Oc2ccccc2)cc1
c1ccc(OCc2ccc3c(c2)CCCCCN3Oc2ccccc2)cc1
c1ccc(OCc2ccc3c(c2)CCCCCN3Oc2ccccc2)cc1
c1ccc(OCc2ccc3c(c2)CCCCCN3Oc2ccccc2)cc1
c1ccc(OCc2ccc3c(c2)CCCCCN3Oc2ccccc2)cc1
c1ccc(OCc2ccc3c(c2)CCCCCN3Oc2ccccc2)cc1
c1ccc(OCc2ccc3c(c2)CC(OC2CO2)CCCN3Oc2ccccc2)cc1
c1ccc(OCc2ccc3c(c2)CC(OC2CO2)CCCN3Oc2ccccc2)cc1
c1ccc(OCc2ccc3c(c2)CC(OC2CO2)CCCN3Oc2ccccc2)cc1
c1ccc(OCc2ccc3c(c2)CC(OC2CO2)CCCN3Oc2ccccc2)cc1
c1ccc(OCc2ccc3c(c2)CC(OC2CO2)CCCN3Oc2ccccc2)cc1
c1ccc(OCc2ccc3c(c2)CC(OC2CO2)CCCN3Oc2ccccc2)cc1
c1ccc(OCc2ccc(ON3CCCC(OC4CO4)Cc4ccccc43)cc2)cc1
c1ccc(OCc2ccc(ON3CCCCCc4ccccc43)cc2)cc1
c1ccc(OCc2ccc(ON3CCCCCc4ccccc43)cc2)cc1
c1ccc(OCc2ccc(ON3CCCCCc4ccccc43)cc2)cc1
c1ccc(OCc2ccc(ON3CCCCCc4ccccc43)cc2)cc1
c1ccc(OCc2ccc(ON3CCCCCc4ccccc43)cc2)cc1
c1ccc(OCc2ccc(ON3CCCCCc4ccccc43)cc2)cc1
c1ccc(OCc2ccc(ON3CCCCCc4ccccc43)cc2)cc1
c1ccc(OCc2ccc(ON3CCCCCc4ccccc43)cc2)cc1
c1ccc(OCc2ccc(ON3CCCCCc4ccccc43)cc2)cc1
c1ccc(OCc2ccc(ON3CCCCCc4ccccc43)cc2)cc1
c1ccc(OCc2ccc(CN3CCCCCc4ccccc43)cc2)cc1
C=C1CCCCCN(Cc2ccc(COc3ccccc3)cc2)C1=C
C=C1CCCCCN(Cc2ccc(COc3ccccc3)cc2)C1
C=C1CCCCCN(Cc2ccc(COc3ccccc3)cc2)C1
C1=C(C=C2CCCCCN(Cc3ccc(COc4ccccc4)cc3)C2)C1
C1=C(C=C2CCCCCN(Cc3ccc(COc4ccccc4)cc3)C2)C1
C1=C(C=C(c2ccc(COc3ccccc3)cc2)N2CCCCCCC2)C1
C1=C(C=C(c2ccc(COc3ccccc3)cc2)N2CCCCCCC2)C1
C1=C(C=C(c2ccc(COc3ccccc3)cc2)N2CCCCCC2)C1
C1=C(C=C(c2ccc(COc3ccccc3)cc2)N2CCCCC2)C1
C1=C(C=C(c2ccc(COc3ccccc3)cc2)N2CCCCC2)C1
C=C(c1ccc(COc2ccccc2)cc1)N1CCCCC1
C=C(c1ccc(COc2ccccc2)cc1)N1CCCCC1
C=C(c1ccc(COc2ccccc2)cc1)N1CCCCC1
C=C(c1ccc(COc2ccccc2)cc1)N1CCCCC1
O=C(c1ccc(COc2ccccc2)cc1)N1CCCCC1
O=C(c1ccc(COc2ccccc2)cc1)N1CCCCC1
O=C(c1ccc(COc2ccccc2)cc1)N1CCCCC1
O=C(c1ccc(COc2ccccc2)cc1)N1CCCCC1
O=C(c1ccc(COc2ccccc2)cc1)N1CCCCC1
O=C(c1ccc(COc2ccccc2)cc1)N1CCCCC1
O=C(c1ccc(COc2ccccc2)cc1)N1CCCCC1
O=C(c1ccc(COc2ccccc2)cc1)N1CCCCC1
O=C(c1ccc(COc2ccccc2)cc1)N1CCCCC1
O=C(c1ccc(COc2ccccc2)cc1)N1CCCCC1
O=C(c1ccc(COc2ccccc2)cc1)N1CCCC(OC=C2CCO2)C1
O=C(c1ccc(COc2ccccc2)cc1)N1CCCC(OC=C2CCO2)C1
O=C(c1ccc(COc2ccccc2)cc1)N1CCCC(OC=C2CO2)C1
O=C(c1ccc(COc2ccccc2)cc1)N1CCCC(OC=C2CO2)C1
O=C(c1ccc(COc2ccccc2)cc1)N1CCCC(OC=C2CCO2)C1
O=C1CC(=COC2CCCN(C(=O)c3ccc(COc4ccccc4)cc3)C2)O1
O=C1CC(=COC2CCCN(C(=O)c3ccc(COc4ccccc4)cc3)C2)CO1
O=C1CC(=COC2CCCN(C(=O)c3ccc(COc4ccccc4)cc3)C2)CO1
O=C1CC(COC2CCCN(C(=O)c3ccc(COc4ccccc4)cc3)C2)CO1
O=C1CC(COC2CCCN(C(=O)c3ccc(COc4ccccc4)cc3)C2)CO1
O=C1CC(COC2CCCN(C(=O)c3ccc(COc4ccccc4)cc3)C2)CO1
O=C1CC(COC2CCCN(C(=O)c3ccc(COc4ccccc4)cc3)C2)CO1
O=C1CC(C(OC2CCCN(C(=O)c3ccc(COc4ccccc4)cc3)C2)C2CC2)CO1
O=C1CC(CC(OC2CCCN(C(=O)c3ccc(COc4ccccc4)cc3)C2)C2CC2)CO1
O=C1CC(CCOC2CCCN(C(=O)c3ccc(COc4ccccc4)cc3)C2)CO1
O=C1CC(C=COC2CCCN(C(=O)c3ccc(COc4ccccc4)cc3)C2)CO1
O=C1CC(C=COC2CCCN(C(=O)c3ccc(COc4ccccc4)cc3)C2)CO1
O=C1CC(C=COC2CCCN(C(=O)c3ccc(COc4ccccc4)cc3)C2)CO1
O=C1CC(C=COC2CCCCN(C(=O)c3ccc(COc4ccccc4)cc3)C2)CO1
O=C1CC(C=COC2CCCCN(C(=O)c3ccc(COc4ccccc4)cc3)C2)CO1
O=C1CC(C=COC2CCCCN(C(=O)c3ccc(COc4ccccc4)cc3)CC2)CO1
O=C1CC(C=COC2CCCCN(C(=O)c3ccc(COc4ccccc4)cc3)CC2)CO1
O=C1CC(C=COC2CCCCN(C(=O)c3ccc(COc4ccccc4)cc3)CC2)CO1
O=C1CC(C=COC2CCCCN(C(=O)c3ccc(COc4ccccc4)cc3)C2)CO1
O=C1CC(C=COC2CCCCN(C(=O)c3ccc(COc4ccccc4)cc3)C2)CO1
O=C1CC(C=COC2CCCCN(C(=O)c3ccc(COc4ccccc4)cc3)C2)CO1
O=C1CC(C=COC2CCCCN(C(=O)c3ccc(COc4ccccc4)cc3)C2)CO1
O=C1CC(C=COC2CCCCN(C(=O)c3ccc(COc4ccccc4)cc3)C2)CO1
O=C1CC(C=CCOC2CCCCN(C(=O)c3ccc(COc4ccccc4)cc3)C2)CO1
O=C1CC(C=CCOC2CCCN(C(=O)c3ccc(COc4ccccc4)cc3)C2)CO1
O=C1CC(C=CCOC2CCCN(C(=O)c3ccc(COc4ccccc4)cc3)C2)CO1
O=C1CC(CCCOC2CCCN(C(=O)c3ccc(COc4ccccc4)cc3)C2)CO1
O=C1CC(CCOC2CCCN(C(=O)c3ccc(COc4ccccc4)cc3)C2)CO1
O=C1CC(CCOC2CCCN(C(=O)c3ccc(COc4ccccc4)cc3)C2)CO1
O=C1CC(CCCOC2CCCN(C(=O)c3ccc(COc4ccccc4)cc3)C2)CO1
N=C(CCC1COC(=O)C1)OC1CCCN(C(=O)c2ccc(COc3ccccc3)cc2)C1
O=C1CC(CCC(=O)OC2CCCN(C(=O)c3ccc(COc4ccccc4)cc3)C2)CO1
O=C1CC(CCC(=O)OC2CCCN(C(=O)c3ccc(COc4ccccc4)cc3)C2)CO1
O=C1CC(CCC(=O)OC2CCCN(C(=O)c3ccc(COc4ccccc4)cc3)C2)CO1
O=C1CC(CC(=O)OC2CCCN(C(=O)c3ccc(COc4ccccc4)cc3)C2)CO1
O=C1CC(CC(=O)OC2CCCCN(C(=O)c3ccc(COc4ccccc4)cc3)C2)CO1
N=C(C(=O)OC1CCCCN(C(=O)c2ccc(COc3ccccc3)cc2)C1)C1COC(=O)C1
N=C(C(=O)OC1CCCCN(C(=O)c2ccc(COc3ccccc3)cc2)C1)C1COC(=O)C1
O=C1CC(CC(=O)OC2CCCCN(C(=O)c3ccc(COc4ccccc4)cc3)C2)CO1
O=C1CC(CC(=O)OC2CCCCN(C(=O)c3ccc(COc4ccccc4)cc3)C2)CO1
O=C1CC(CCC(=O)OC2CCCCN(C(=O)c3ccc(COc4ccccc4)cc3)C2)CO1
O=C1CC(CCC(=O)OC2CCCCN(C(=O)c3ccc(COc4ccccc4)cc3)C2)CO1
O=C1CC(C(=O)CCOC2CCCCN(C(=O)c3ccc(COc4ccccc4)cc3)C2)CO1
O=C1CC(C(=O)CCCOC2CCCCN(C(=O)c3ccc(COc4ccccc4)cc3)C2)CO1
O=C1CC(C(=O)CCCOC2CCCCN(C(=O)c3ccc(COc4ccccc4)cc3)C2)CO1
O=C1CC(C(=O)NCCCOC2CCCCN(C(=O)c3ccc(COc4ccccc4)cc3)C2)CO1
O=C1CC(C(=O)NCCCOC2CCCCN(C(=O)c3ccc(COc4ccccc4)cc3)C2)CO1
O=C1CC(C(=O)NCCCOC2CCCCN(C(=O)c3ccc(COc4ccccc4)cc3)C2)CO1
O=C1CC(C(=O)N2CC(COC3CCCCN(C(=O)c4ccc(COc5ccccc5)cc4)C3)C2)CO1
O=C1CC(C(=O)N2CC(OC3CCCCN(C(=O)c4ccc(COc5ccccc5)cc4)C3)C2)CO1
O=C1CC(C(=O)N2CCC(OC3CCCCN(C(=O)c4ccc(COc5ccccc5)cc4)C3)C2)CO1
O=C1CC(C(=O)N2CCC(OCCCCCNC(=O)c3ccc(COc4ccccc4)cc3)C2)CO1
O=C1CC(C(=O)N2CCC(OCCCCNC(=O)c3ccc(COc4ccccc4)cc3)C2)CO1
O=C1CC(C(=O)N2CCC(OCCCNC(=O)c3ccc(COc4ccccc4)cc3)C2)CO1
O=C1CC(C(=O)N2CCC(OCCCNC(=O)c3ccc(COc4ccccc4)cc3)C2)CO1
O=C1CC(C(=O)N2CCCC(OCCCNC(=O)c3ccc(COc4ccccc4)cc3)C2)CO1
O=C1CC(C(=O)N2CCCC(OCCNC(=O)c3ccc(COc4ccccc4)cc3)C2)CO1
O=C1CC(C(=O)N2CCCC(OCNC(=O)c3ccc(COc4ccccc4)cc3)C2)CO1
O=C1CC(C(=O)N2CCCC(OCNCc3ccc(COc4ccccc4)cc3)C2)CO1
O=C1CC(C(=O)N2CCC(OCNCc3ccc(COc4ccccc4)cc3)C2)CO1
O=C1CC(C(=O)N2CCC(OCNc3ccc(COc4ccccc4)cc3)C2)CO1
O=C1CC(C(=O)N2CCC(OCNc3ccc(COc4ccccc4)cc3)C2)CO1
O=C1CC(C(=O)N2CCC(OCNc3ccc(COc4ccccc4)cc3)C2)CO1
O=C1CC(C(=O)N2CCC(OCCc3ccc(COc4ccccc4)cc3)C2)CO1
O=C1CC(C(=O)N2CCCC(OCCc3ccc(COc4ccccc4)cc3)C2)CO1
O=C1CC(C(=O)N2CCCC(OCCc3ccc(COc4ccccc4)cc3)C2)CO1
O=C1CC(C(=O)N2CCCC(OCCCc3ccc(COc4ccccc4)cc3)C2)CO1
O=C1CC(C(=O)N2CCCC(OCCCOc3ccc(COc4ccccc4)cc3)C2)CO1
O=C1CC(C(=O)N2CCCC(OCCCOc3ccc(COc4ccccc4)cc3)C2)CO1
O=C1CC(C(=O)N2CCCC(OCCOc3ccc(COc4ccccc4)cc3)C2)CO1
O=C1CC(C(=O)N2CCCCC(OCCOc3ccc(COc4ccccc4)cc3)C2)CO1
O=C1CC(C(=O)N2CCCCC(OCCOc3ccc(COc4ccccc4)cc3)C2)CO1
O=C1CC(C(=O)N2CCCCC(OC(=O)COc3ccc(COc4ccccc4)cc3)C2)CO1
O=C1CC(C(=O)N2CCCC(OC(=O)COc3ccc(COc4ccccc4)cc3)C2)CO1
O=C1CC(C(=O)N2CCCC(OC(=O)CCOc3ccc(COc4ccccc4)cc3)C2)CO1
O=C1CC(C(=O)N2CCCC(OC(=O)CCc3ccc(COc4ccccc4)cc3)C2)CO1
O=C1CC(C(=O)N2CCCC(OC(=O)Cc3ccc(COc4ccccc4)cc3)C2)CO1
O=C1CC(C(=O)N2CCCC(OC(=O)Cc3ccc(OCc4ccccc4)cc3)C2)CO1
O=C1CC(C(=O)N2CCCC(OC(=O)c3ccc(OCc4ccccc4)cc3)C2)CO1
O=C1CC(C(=O)N2CCCC(OC(=O)c3ccc(OCc4ccccc4)cc3)C2)CO1
O=C1CC(C(=O)N2CCCC(OC(=O)c3ccc(OCc4ccccc4)cc3)C2)CO1
O=C1CC(C(=O)N2CCCC(OC(=O)c3ccc(OCc4ccccc4)cc3)C2)CO1
c1ccc(-n2ncc3cc(Cc4ccncc4)ccc32)cc1
c1ccc(-n2ncc3cc(Cc4ccncc4)ccc32)cc1
O=C(c1ccncc1)c1ccc2c(cnn2-c2ccccc2)c1
O=C(Nc1ccncc1)c1ccc2c(cnn2-c2ccccc2)c1
O=C(Nc1ccncc1)c1ccc2[nH]ncc2c1
O=C(Nc1ccncc1)c1ccc2[nH]ncc2c1
O=C(Nc1cccnc1)c1ccc2[nH]ncc2c1
O=C(Nc1cccnc1)c1ccc2[nH]ncc2c1
O=C(Nc1cccnc1)c1ccc2[nH]ncc2c1
O=C(Nc1cccnc1)c1ccc2[nH]ncc2c1
O=C(Nc1cccnc1)c1ccc2[nH]ncc2c1
O=C(Nc1cccnc1)c1ccc2[nH]ncc2c1
O=C(Nc1cccnc1)c1ccc2[nH]ncc2c1
O=C(Nc1cccnc1)c1ccc2[nH]ncc2c1
C=C1Cc2nn(c3ccc(C(=O)Nc4cccnc4)cc23)C1
C=C1CCc2nn(c3ccc(C(=O)Nc4cccnc4)cc23)C1
C=C1CCCc2cc(C(=O)Nc3cccnc3)ccc2NC1
C=C1CCCc2cc(C(=O)Nc3cccnc3)ccc2CC1
O=C(Nc1cccnc1)c1ccc2c(c1)CCCCCC2
O=C(Nc1cccnc1)c1ccc2c(c1)CCCCCC2
O=C(Nc1cccnc1)c1ccc2c(c1)CCCCCC2
O=C(Nc1cccnc1)c1ccc2c(c1)CCCCCC2
O=C(Nc1cccnc1)c1ccc2c(c1)CCCCCC2
O=C(Nc1cccnc1)c1ccc2c(c1)CCCCCC2
O=C(Nc1cccnc1)c1ccc2c(c1)CC1CCCC2C1
O=C(Nc1cccnc1)c1ccc2c(c1)CC1CCCC2C1
O=C(Nc1cccnc1)c1ccc2c(c1)CCC1CCCC2C1
O=C(Nc1cccnc1)c1ccc2c(c1)CCC1CCCC21
O=C(Nc1cccnc1)c1ccc2c(c1)CCC1CCCC21
O=C(Nc1cccnc1)c1ccc2c(c1)CCC1CCCCC21
O=C(Nc1cccnc1)c1ccc2c(c1)CCC1CCCCC21
O=C(Nc1cccnc1)c1ccc2c(c1)CCC1C2CCC2CCC21
O=C(Nc1cccnc1)c1ccc2c(c1)CCC1C2CCC2CCC21
O=C(Nc1cccnc1)c1ccc2c(c1)CCC1C2CCC2CCC21
O=C(Nc1cccnc1)c1ccc2c(c1)CCC1C2CCCC2CCC21
O=C(Nc1cccnc1)c1ccc2c(c1)CCC1C2CCCC2CCC21
O=C(Nc1cccnc1)c1ccc2c(c1)CCC1C2CCCC2CCC21
O=C(Nc1cccnc1)c1ccc2c(c1)CCC1C2CCCC2CCCC21
O=C(Nc1cccnc1)c1ccc2c(c1)CCC1C2CCCC2CCCC21
O=C(Nc1cccnc1)c1ccc2c(c1)CCC1C2CCCC2CCCC21
O=C(Nc1cccnc1)c1ccc2c(c1)CCC1C2CCCC2CCCC21
O=C(Nc1cccnc1)c1ccc2c(c1)CCC1C2CCCC2CCCC21
O=C(Nc1cccnc1)c1ccc2c(c1)CCC1C2CCC2CCCC21
O=C(Nc1cccnc1)c1ccc2c(c1)CCC1C2CCC2CCCC21
O=C(Nc1cccnc1)c1ccc2c(c1)CCC1C2CCC2CCCC21
O=C(Nc1cccnc1)c1ccc2c(c1)CCC1C2CCC2CCCC21
O=C(Nc1cccnc1)c1ccc2c(c1)CCC1C2CCC2CCC21
O=C(Nc1cccnc1)c1ccc2c(c1)CCC1C2CCC2CCC21
O=C(Nc1cccnc1)c1ccc2c(c1)CCC1C2CCC2CCC21
O=C(Nc1cccnc1)c1ccc2c(c1)CCC1C2CCC2CCCC21
O=C(Nc1cccnc1)c1ccc2c(c1)CCC1C2CCC2CCCC21
O=C(Nc1cccnc1)c1ccc2c(c1)CCC1C2CCC2CCCC21
O=C(Nc1cccnc1)c1ccc2c(c1)CCC1C2CCC2CCCC21
c1ccc(-n2ncc3cc(Cc4ccncc4)ccc32)cc1
c1ccc(-n2ncc3cc(Cc4ccncc4)ccc32)cc1
c1ccc(-c2cc(Cc3ccc4[nH]ncc4c3)ccn2)cc1
c1ccc(-c2cc3c(cn2)OC3c2ccc3[nH]ncc3c2)cc1
c1ccc(-c2cc3c(cn2)OC3c2ccc3[nH]ncc3c2)cc1
c1ccc(-c2cc3c(cn2)OC3c2ccc3[nH]ncc3c2)cc1
c1ccc(-c2cc3c(cn2)OC3c2ccc3[nH]ncc3c2)cc1
c1ccc(-c2ccc3c(c2)C(c2ccc4[nH]ncc4c2)O3)cc1
c1ccc(-c2ccc3c(c2)C(c2ccc4[nH]ncc4c2)O3)cc1
c1ccc(-c2ccc3c(c2)C(c2ccc4[nH]ncc4c2)N3)cc1
c1ccc(-c2ccc3c(c2)C(c2ccc4[nH]ncc4c2)N3)cc1
c1ccc(-c2ccc3c(c2)C(c2ccc4[nH]ncc4c2)N3)cc1
c1ccc(-c2ccc3c(c2)C(c2ccccc2)N3)cc1
c1ccc(-c2ccc3c(c2)C(c2ccccc2)N3)cc1
c1ccc(CC2Nc3ccc(-c4ccccc4)cc32)cc1
c1ccc(CC2Nc3ccc(-c4ccccc4)cc32)cc1
c1ccc(-c2ccccc2-c2ccc3c(c2)CN3)cc1
c1ccc(-c2ccccc2-c2ccc3c(c2)CN3)cc1
c1ccc(-c2ccccc2-c2ccc3c(c2)CN3)cc1
c1ccc(-c2ccccc2-c2ccc3c(c2)CN3)cc1
c1ccc(-c2ccccc2-c2ccc3c(c2)CN3)cc1
C1=C(c2ccccc2)C(c2ccc3c(c2)CN3)=CC1
C1=C(c2ccccc2)C(c2ccc3c(c2)CN3)=C1
c1ccc(-c2ccc(-c3ccc4c(c3)CN4)s2)cc1
c1ccc(-c2ccc(-c3ccc4c(c3)CN4)s2)cc1
c1ccc(-c2ccc(-c3ccc4c(c3)CN4)s2)cc1
c1ccc(-c2ccc(-c3ccc4c(c3)CN4)s2)cc1
c1ccc(-c2ccc(-c3ccc4c(c3)CN4)s2)cc1
c1ccc(-c2ccc(-c3ccc4c(c3)CN4)s2)cc1
c1ccc(-c2ccc(-c3ccc4c(c3)CN4)s2)cc1
c1csc(-c2ccc3c(c2)CN3)c1
c1csc(-c2ccc3c(c2)CN3)c1
c1csc(-c2ccc3c(c2)CN3)c1
c1csc(-c2ccc3c(c2)CN3)c1
c1csc(-c2ccc3c(c2)CN3)c1
c1csc(-c2ccc3c(c2)CN3)c1
c1csc(-c2ccc3c(c2)CN3)c1
c1csc(-c2ccc3c(c2)CN3)c1
c1csc(-c2ccc3c(c2)CN3)c1
c1csc(-c2ccc3c(c2)CN3)c1
c1csc(-c2ccc3c(c2)CN3)c1
c1csc(-c2ccc3c(c2)CN3)c1
c1csc(-c2ccc3c(c2)CN3)c1
c1csc(-c2ccc3c(c2)C(CN2CC2)N3)c1
c1csc(-c2ccc3c(c2)C(CN2CC2)N3)c1
c1csc(-c2ccc3c(c2)C(CN2CCC2)N3)c1
c1csc(-c2ccc3c(c2)C(CNN2CCC2)N3)c1
c1csc(-c2ccc3c(c2)C(CNN2CC2)N3)c1
c1csc(-c2ccc3c(c2)C(CCNN2CC2)N3)c1
c1csc(-c2ccc3c(c2)C(CCN2CC2)N3)c1
c1csc(-c2ccc3c(c2)C(CN2CC2)N3)c1
c1csc(-c2ccc3c(c2)C(CC2CC2)N3)c1
c1csc(-c2ccc3c(c2)CN3)c1
c1csc(-c2ccc3c(c2)CN3)c1
c1csc(-c2ccc3c(c2)CN3)c1
O=C(C1CC1)C1Nc2ccc(-c3cccs3)cc21
O=C(C1CC1)C1Nc2ccc(-c3cccs3)cc21
c1csc(-c2ccc3c(c2)CN3)c1
c1csc(-c2ccc3c(c2)CN3)c1
c1csc(-c2ccc3c(c2)CN3)c1
c1csc(-c2ccc3c(c2)CCN3)c1
c1csc(-c2ccc3c(c2)CCN3)c1
O=C1Cc2cc(-c3cccs3)ccc2N1
O=C1Cc2cc(-c3cccs3)ccc2NN1
O=C1Cc2cc(-c3cccs3)ccc2NN1
O=C1CNc2ccc(-c3cccs3)cc2C1
O=C1CNc2ccc(-c3cccs3)cc2C1
c1ccc(-n2ncc3cc(Cc4ccncc4)ccc32)cc1
c1ccc(Cc2ccc3c(cnn3-c3ccccc3)c2)cc1
c1ccc(Cc2nn(-c3ccccc3)c3ccccc23)cc1
c1ccc(Cc2cn(-c3ccccc3)c3ccccc23)cc1
c1ccc(Cc2cn(-c3ccccc3)c3ccccc23)cc1
c1ccc(Cc2cn(Cc3ccccc3)c3ccccc23)cc1
c1ccc(Cc2cn(Cc3ccccc3)c3ccccc23)cc1
c1ccc(Cc2cn(Cc3ccccc3)c3ccccc23)cc1
c1ccc(Cc2cn(Cc3ccccc3)c3ccccc23)cc1
c1ccc(Cc2cn(Cc3ccccc3)c3ccccc23)cc1
c1ccc(Cc2cn(Cc3ccccc3)c3ccccc23)cc1
c1ccc(Cc2cn(Cc3ccccc3)c3ccccc23)cc1
c1ccc(Cc2cn(Cc3ccccc3)c3ccccc23)cc1
c1ccc(CCn2cc(Cc3ccccc3)c3ccccc32)cc1
c1ccc(CCn2cc(Cc3ccccc3)c3ccccc32)cc1
c1ccc(CCn2cc(Cc3ccccc3)c3ccccc32)cc1
c1ccc(CCn2cc(Cc3ccccc3)c3ccccc32)cc1
c1ccc(CCn2cc(Cc3ccccc3)c3ccccc32)cc1
c1ccc(CCCn2cc(Cc3ccccc3)c3ccccc32)cc1
c1ccc(CCCn2cc(CCc3ccccc3)c3ccccc32)cc1
c1ccc(CCCC(Cc2ccccc2)Cn2ccc3ccccc32)cc1
c1ccc(CCC(Cc2ccccc2)Cn2ccc3ccccc32)cc1
c1ccc(CCC(Cn2ccc3ccccc32)c2ccccc2)cc1
c1ccc(CC(Cn2ccc3ccccc32)c2ccccc2)cc1
c1ccc(CCCn2ccc3ccccc32)cc1
c1ccc(CCCn2ccc3ccccc32)cc1
c1ccc(CCCn2ccc3ccccc32)cc1
c1ccc(CCCn2ccc3ccccc32)cc1
c1ccc(CCCCn2ccc3ccccc32)cc1
c1ccc(CCCCn2ccc3ccccc32)cc1
c1ccc(CCCCn2ccc3ccccc32)cc1
c1ccc(CCCCn2ccc3ccccc32)cc1
c1ccc(CCCCn2ccc3ccccc32)cc1
c1ccc(CCCCn2ccc3ccccc32)cc1
c1ccc(CCCCn2ccc3ccccc32)cc1
c1ccc(CCCCn2ccc3ccccc32)cc1
c1ccc(CCCCn2ccc3ccccc32)cc1
c1ccc(CCCCn2ccc3ccccc32)cc1
c1ccc(CCCCn2ccc3ccccc32)cc1
c1ccc(CCCCn2ccc3ccccc32)cc1
c1ccc(CCCCn2ccc3ccccc32)cc1
c1ccc(CCCCn2ccc3ccccc32)cc1
c1ccc(CCCCn2ccc3ccccc32)cc1
c1ccc(CCCCn2ccc3ccccc32)cc1
c1ccc(CCCCn2ccc3ccccc32)cc1
c1ccc(CCCCn2ccc3ccccc32)cc1
c1ccc(CCCCn2ccc3ccccc32)cc1
c1ccc(CCCCn2ccc3ccccc32)cc1
c1ccc(CCCCn2ccc3ccccc32)cc1
c1ccc(CCCCn2ccc3ccccc32)cc1
c1ccc(CCCCn2ccc3ccccc32)cc1
c1ccc(CCCCn2ccc3ccccc32)cc1
c1ccc(CCCCn2ccc3ccccc32)cc1
c1ccc(CCCCn2ccc3ccccc32)cc1
c1ccc(CCCCn2ccc3ccccc32)cc1
c1ccc(CCCCn2ccc3ccccc32)cc1
c1ccc(CCCCn2ccc3ccccc32)cc1
c1ccc(CCCCn2ccc3ccccc32)cc1
c1ccc(CCCCn2ccc3ccccc32)cc1
c1ccc(CCCCn2ccc3ccccc32)cc1
c1ccc(CCCCn2ccc3ccccc32)cc1
c1ccc(CCCCn2ccc3ccccc32)cc1
c1ccc(CCCCn2ccc3ccccc32)cc1
c1ccc(CCCCn2ccc3ccccc32)cc1
c1ccc(CCCCn2ccc3ccccc32)cc1
c1ccc(CCCCn2ccc3ccccc32)cc1
c1ccc(CCCCn2ccc3ccccc32)cc1
c1ccc(CCCCn2ccc3ccccc32)cc1
c1ccc(CCCCn2ccc3ccccc32)cc1
c1ccc(CCCCn2ccc3ccccc32)cc1
c1ccc(CCCCn2ccc3ccccc32)cc1
c1ccc(CCCCn2ccc3ccccc32)cc1
c1ccc(CCCCn2ccc3ccccc32)cc1
c1ccc(CCCCn2ccc3c(COC4CCC4)cccc32)cc1
c1ccc(CCCCn2ccc3c(OC4CCC4)cccc32)cc1
c1ccc(CCCCn2ccc3c(OC4CC4)cccc32)cc1
c1ccc(CCCCn2ccc3c(OC4CO4)cccc32)cc1
c1ccc(CCCCn2ccc3c(C4CO4)cccc32)cc1
c1ccc(CCCCn2ccc3ccccc32)cc1
c1ccc(CCCCn2ccc3ccccc32)cc1
c1ccc(CCCCn2ccc3ccccc32)cc1
c1ccc(CCCCn2ccc3ccccc32)cc1
c1ccc(CCCCn2ccc3ccccc32)cc1
c1ccc(CCCCn2ccc3ccccc32)cc1
O=C1C=CN(CCCCc2ccccc2)c2ccccc2CC1
O=C1C=CN(CCCCc2ccccc2)c2ccccc2C1
O=c1ccn(CCCCc2ccccc2)c2ccccc12
c1ccc(-n2ncc3cc(Cc4ccncc4)ccc32)cc1
c1ccc(-n2ncc3cc(Cc4ccncc4)ccc32)cc1
c1ccc(Nc2ccc(Cc3ccncc3)cc2)cc1
c1ccc(CNc2ccc(Cc3ccncc3)cc2)cc1
N=c1c2c(Cc3ccncc3)ccc(NCc3ccccc3)c12
c1ccc(CNc2ccc(Cc3ccncc3)cc2)cc1
N=C(Nc1ccc(Cc2ccncc2)cc1)c1ccccc1
N=C(Nc1ccc(Cc2cc3ncc2-3)cc1)c1ccccc1
N=C(Nc1ccc(CCc2cc3ncc2-3)cc1)c1ccccc1
N=C(Nc1ccc(CCc2cc3ncc2-3)cc1)c1ccccc1
N=C(Nc1ccc(CCc2cc3ncc2-3)cc1)c1ccccc1
N=C(Nc1ccc(CCC2=Cc3nocc32)cc1)c1ccccc1
N=C(Nc1ccc(CCCc2cnoc2)cc1)c1ccccc1
O=C(Nc1ccc(CCCc2cnoc2)cc1)c1ccccc1
O=C(CCc1ccc(NCc2ccccc2)cc1)c1cnoc1
O=C(CCc1ccc(NCc2ccccc2)cc1)c1cnoc1
O=C(CCc1ccc(NCc2ccccc2)cc1)c1cnoc1
O=C(CCc1ccc(NCc2ccccc2)cc1)Nc1cnoc1
O=C(CCc1ccc(NCc2ccccc2)cc1)Nc1cnoc1
O=C(CCc1ccc(NCc2ccccc2)cc1)Nc1cnoc1
O=C(CCc1ccc(NCc2ccccc2)cc1)Nc1cnoc1
O=C(CCCc1ccc(NCc2ccccc2)cc1)Nc1cnoc1
O=C(CCCc1ccccc1Cc1ccccc1)Nc1cnoc1
O=C(CCCc1ccccc1-c1ccccc1)Nc1cnoc1
O=C(CCc1ccccc1-c1ccccc1)Nc1cnoc1
O=C(CCOc1ccccc1-c1ccccc1)Nc1cnoc1
O=C(CCCNc1cccc(-c2ccccc2)c1)Nc1cnoc1
O=C(CCNc1cccc(-c2ccccc2)c1)Nc1cnoc1
O=C(CCNc1cnoc1)Nc1cccc(-c2ccccc2)c1
O=C(CCNc1cnoc1)Nc1cccc(-c2ccccc2)c1
O=C(CCNc1cnoc1)Nc1cccc(-c2ccccc2)c1
O=C(CCCNc1cnoc1)Nc1cccc(-c2ccccc2)c1
O=C(CCCNc1cnoc1)Nc1cccc(-c2ccccc2)c1
O=C(CCCNc1cnoc1)Nc1cccc(-c2ccccc2)c1
O=C(CCCNc1cnoc1)Nc1cccc(-c2ccccc2)c1
O=C(CCCNc1cnoc1)Nc1cccc(-c2ccccc2)c1
O=C(CCCCNc1cnoc1)Nc1cccc(-c2ccccc2)c1
O=C(CCCCNc1cnoc1)Nc1cccc(-c2ccccc2)c1
c1ccc(-c2ccccc2Oc2cnoc2)cc1
c1ccc(-c2ccccc2Oc2cnoc2)cc1
c1ccc(-c2ccccc2Cc2cnoc2)cc1
c1ccc(-c2ccccc2-c2cnoc2)cc1
c1ccc(-c2ccccc2-c2cnoc2)cc1
c1ccc(-c2ccccc2-c2cnoc2)cc1
c1ccc(-c2ccccc2-c2cnoc2)cc1
c1ccc(-c2ccccc2-c2cnoc2)cc1
c1ccc(-c2ccccc2-c2cnoc2)cc1
c1ccc(-c2ccccc2-c2cnoc2)cc1
c1ccc(-c2ccccc2-c2cnoc2)cc1
c1ccc(-c2ccccc2-c2cnoc2)cc1
c1ccc(-c2ccccc2-c2cnoc2)cc1
c1ccc(-c2ccccc2-c2cnoc2)cc1
c1ccc(-c2ccccc2-c2cnoc2)cc1
c1ccc(-c2ccccc2-c2cnoc2)cc1
c1ccc(-c2ccccc2-c2cnoc2)cc1
c1ccc(-c2ccccc2-c2cnoc2)cc1
c1ccc(-c2ccccc2-c2cnoc2)cc1
c1ccc(-c2ccccc2-c2cnoc2)cc1
c1ccc(-c2ccccc2-c2cnoc2)cc1
c1ccc(-c2ccccc2-c2cnoc2)cc1
c1ccc(-c2ccccc2-c2cnoc2)cc1
c1ccc(-c2ccccc2-c2cnoc2)cc1
c1ccc(-c2ccccc2-c2cnoc2)cc1
c1ccc(-c2ccccc2-c2cnoc2)cc1
c1ccc(-c2ccccc2-c2cnoc2)cc1
c1ccc(-c2ccccc2-c2cnoc2)cc1
c1ccc(-c2ccccc2-c2cnoc2)cc1
c1ccc(Cc2ccccc2-c2cnoc2)cc1
c1ccc(Cc2ccccc2-c2cnoc2)cc1
O=C(CCCCc1ccccc1-c1cnoc1)Nc1ccccc1
O=C(CCCc1ccccc1-c1cnoc1)Nc1ccccc1
O=C(CCCc1ccccc1-c1cnoc1)Nc1ccccc1
O=C(CCCc1ccccc1-c1cnoc1)Nc1ccccc1
O=C(CCCc1ccccc1-c1cnoc1)Nc1ccccc1
O=C(CCCc1ccccc1-c1cnoc1)Nc1ccccc1
O=C(CCCc1ccccc1-c1cnoc1)Nc1ccccc1
O=C(CCCc1ccccc1-c1cnoc1)Nc1ccccc1
O=C(CCCc1ccccc1-c1cnoc1)Nc1ccccc1
O=C(CCCc1ccccc1-c1cnoc1)Nc1ccccc1
O=C(CCCc1ccccc1-c1cnoc1)Nc1ccccc1
O=C(CCCc1ccccc1-c1cnoc1)Nc1ccccc1
O=C(CCCc1ccccc1-c1cnoc1)Nc1ccccc1
O=C(CCCc1ccccc1-c1cnoc1)Nc1ccccc1
O=C(CCCc1ccccc1-c1cnoc1)Nc1ccccc1
O=C(CCCc1ccccc1-c1cnoc1)Nc1ccccc1
O=C(CCCc1ccccc1-c1cnoc1)Nc1ccccc1
O=C(CCCc1ccccc1-c1cnoc1)Nc1ccccc1
O=C(CCCc1ccccc1-c1cnoc1)Nc1cccc(CC2CN2)c1
O=C(CCCc1ccccc1-c1cnoc1)Nc1cccc(CC2CC2)c1
O=C(CCCc1ccccc1-c1cnoc1)Nc1cccc(CC2COC2)c1
O=C(CCCc1ccccc1-c1cnoc1)Nc1cccc(CC2CCC2)c1
O=C(CCCc1ccccc1-c1cnoc1)Nc1cccc(C2CCC2)c1
O=C(CCCc1ccccc1-c1cnoc1)Nc1cccc(OC2CCC2)c1
O=C(CCCc1ccccc1-c1cnoc1)Nc1ccccc1
O=C(CCCc1ccccc1-c1cnoc1)Nc1ccccc1
O=C(CCCc1ccccc1-c1cnoc1)Nc1ccccc1
O=C(CCCc1ccccc1-c1cnoc1)Nc1ccccc1
O=C(CCCc1ccccc1-c1cnoc1)Nc1ccccc1
O=C(CCCc1ccccc1-c1cnoc1)Nc1ccccc1
O=C(CCCc1ccccc1-c1cnoc1)Nc1ccccc1
O=C(CCCc1ccccc1-c1cnoc1)Nc1ccccc1
O=C(CCCc1ccccc1-c1cnoc1)Nc1ccccc1
O=C(CCCc1ccccc1-c1cnoc1)Nc1ccccc1
O=C(CCCc1ccccc1-c1cnoc1)Nc1ccccc1
O=C(CCCc1ccccc1-c1cnoc1)Nc1ccccc1
O=C(CCCc1ccccc1Oc1cnoc1)Nc1ccccc1
O=C(CCCc1ccccc1Oc1cnoc1)Nc1ccccc1
O=C(CCCc1ccccc1Oc1cnoc1)Nc1ccccc1
O=C(CCCc1ccccc1)Nc1cccc(COc2cnoc2)c1
O=C(CCCc1ccccc1)Nc1cccc(COc2cnoc2)c1
O=C(CCCc1ccccc1)Nc1cccc(CNc2cnoc2)c1
O=C(CCCc1ccccc1)Nc1cccc(Nc2cnoc2)c1
O=C(CCCc1ccccc1)Nc1cccc(Nc2cnoc2)c1
O=C(CCCc1ccccc1)Nc1cccc(NCc2cnoc2)c1
O=C(CCCc1ccccc1)Nc1cccc(NCc2cnoc2)c1
O=C(CCCc1ccccc1)Nc1cccc(NCc2cnoc2)c1
O=C(CCCc1ccccc1)Nc1cccc(NCc2cnoc2)c1
O=C(CCCc1ccccc1)Nc1cccc(Nc2cnoc2)c1
O=C(CCCc1ccccc1)Nc1cccc(Cc2cnoc2)c1
O=C(CCCc1ccccc1)Nc1cccc(Cc2cnoc2)c1
O=C(CCCc1ccccc1)Nc1cccc(Cc2cnoc2)c1
O=C(CCCc1ccccc1)Nc1cccc(Cc2cnoc2)c1
O=C(CCCc1ccccc1)Nc1cccc(Cc2cnoc2)c1
O=C(CCCc1ccccc1)Nc1cccc(Cc2cnoc2)c1
O=C(CCCc1ccccc1)Nc1cccc(Cc2cnoc2)c1
O=C(CCCc1ccccc1)Nc1cccc(Cc2cnoc2)c1
O=C(CCCc1ccccc1)Nc1ccc(-c2cnoc2)cc1
O=C(CCCc1ccccc1)Nc1ccc(-c2cnoc2)cc1
O=C(CCCc1ccccc1)Nc1ccc(-c2cnoc2)cc1
O=C(CCCc1ccccc1)Nc1ccc(-c2cnoc2)c(CC2CC2)c1
O=C(CCCc1ccccc1)Nc1ccc(-c2cnoc2)c(CCC2CC2)c1
O=C(CCCc1ccccc1)Nc1ccc(-c2cnoc2)c(CCC2CC2)c1
O=C(CCCc1ccccc1)Nc1ccc(CCC2CC2)c(-c2cnoc2)c1
O=C(CCCc1ccccc1)Nc1ccc(CCC2CC2)c(-c2cnoc2)c1
O=C(CCCc1ccccc1)Nc1cccc(-c2cnoc2)c1
O=C(CCCc1ccccc1)Nc1cccc(-c2cnoc2)c1
O=C(CCCc1ccccc1)Nc1cccc(-c2cnoc2)c1
O=C(CCCc1ccccc1)Nc1ccc2c(c1)-c1cnoc1CC2
O=C(CCCc1ccccc1)Nc1ccc2c(c1)CCc1oncc1-2
O=C(CCCc1ccccc1)Nc1ccc2c(c1)Cc1oncc1-2
O=C(CCCc1ccccc1)Nc1ccc2c(c1)Cc1oncc1-2
O=C(CCCc1ccccc1)Nc1ccc2c(c1)C(=O)c1oncc1-2
O=C(CCCc1ccccc1)Nc1ccc2c(c1)C(=O)CON=CC2
O=C(CCCc1ccccc1)Nc1ccc2c(c1)C(=O)ON=CC2
O=C(CCCc1ccccc1)Nc1ccc2c(c1)C(=O)ON=CC2
O=C(CCCc1ccccc1)Nc1ccc2cnoc(=O)c2c1
O=C(CCCc1ccccc1)Nc1ccc2cnoc(=O)c2c1
O=C(CCCc1ccccc1)Nc1ccc2c(=O)oncc2c1
O=C(CCCc1ccccc1)Nc1ccc2c(=O)oncc2c1
O=C(CCCc1ccccc1)Nc1ccc2c(=O)oncc2c1
O=C(CCCc1ccccc1)Nc1ccc2c(=O)oncc2c1
c1ccc(-n2ncc3cc(Cc4ccncc4)ccc32)cc1
c1ccc(-n2ncc3cc(Cc4ccncc4)ccc32)cc1
c1ccc(-c2c(Cc3ccncc3)ccc3[nH]ncc23)cc1
c1ccc2c(c1)-c1n[nH]c3ccc(Cc4ccncc4)c-2c13
c1ccc2c(c1)-c1n[nH]c3ccc(Cc4ccncc4)c-2c13
c1ccc2c(c1)Cc1cccc(Cc3ccncc3)c1-2
c1ccc2c(c1)COc1cccc(Cc3ccncc3)c1-2
c1ccc2c(c1)COc1cccc(Cc3ccncc3)c1-2
c1ccc2c(c1)COc1cccc(Cc3ccncc3)c1-2
c1ccc2c(c1)COc1cccc(Cc3ccncc3)c1-2
c1ccc(Cc2cccc3c2-c2ccccc2CO3)cc1
c1ccc(Cc2cccc3c2-c2ccccc2CO3)cc1
c1ccc(Cc2cccc3c2-c2ccccc2CO3)cc1
c1ccc(Cc2cccc3c2-c2ccccc2CO3)cc1
c1ccc(Cc2cccc3c2-c2ccccc2CO3)cc1
c1ccc(Cc2cccc3c2-c2ccccc2CO3)cc1
c1ccc(Cc2cccc3c2-c2ccccc2CO3)cc1
c1ccc(Cc2cccc3c2-c2ccccc2CO3)cc1
c1ccc(Cc2cccc3c2-c2ccccc2CO3)cc1
c1ccc(Cc2cccc3c2-c2ccccc2CO3)cc1
c1ccc(Cc2cccc3c2-c2ccccc2CO3)cc1
c1ccc(Cc2cccc3c2-c2ccccc2CO3)cc1
c1ccc(Cc2cccc3c2-c2ccccc2CO3)cc1
c1ccc(Cc2cccc3c2-c2ccccc2CO3)cc1
c1ccc(Cc2cccc3c2-c2ccccc2CO3)cc1
c1ccc(CCc2cccc3c2-c2ccccc2CO3)cc1
c1ccc(CCc2cccc3c2-c2ccccc2CO3)cc1
c1ccc(CCc2cccc3c2-c2ccccc2CO3)cc1
c1ccc(CCCc2cccc3c2-c2ccccc2CO3)cc1
c1ccc(CCCc2cccc3c2-c2ccccc2CO3)cc1
c1ccc(CCc2cccc3c2-c2ccccc2CO3)cc1
c1ccc(CCc2cccc3c2-c2ccccc2CO3)cc1
c1ccc(CCc2cccc3c2-c2ccccc2CO3)cc1
c1ccc(CCc2cccc3c2-c2ccccc2CO3)cc1
c1ccc(CCc2cccc3c2-c2ccccc2CO3)cc1
c1ccc(CCc2cccc3c2-c2ccccc2CO3)cc1
c1ccc(CCCc2cccc3c2-c2ccccc2CO3)cc1
c1ccc(CCCc2cccc3c2-c2ccccc2CO3)cc1
c1ccc(CCCc2cccc3c2-c2ccccc2CO3)cc1
c1ccc(CCCc2cccc3c2-c2ccccc2CO3)cc1
c1ccc(CCCc2cccc3c2-c2ccccc2CO3)cc1
C1=C(CCCc2ccccc2)C2=C(C1)OCc1ccccc12
C1=C(CCCc2ccccc2)C2=C(C1)OCc1ccccc12
C1=C(CCCCc2ccccc2)c2ccccc2CO1
C1=C(CCCCc2ccccc2)c2ccccc2CO1
C1=C(CCCCCc2ccccc2)OCc2ccccc21
C1=C(CCCCCc2ccccc2)OCc2ccccc21
C1=C(CCCCCc2ccccc2)OCc2ccccc21
C1=C(CCCCCc2ccccc2)OCc2ccccc21
C1=C(CCCCCc2ccccc2)OCc2ccccc21
C1=C(CCCCCc2ccccc2)OCc2ccccc21
C1=C(CCCCCc2ccccc2)OCc2ccccc21
C1=C(CCCCc2ccccc2)OCc2ccccc21
C1=C(CCCc2ccccc2)OCc2ccccc21
C1=C(CCCc2ccccc2)OCc2ccccc21
C1=C(CCCc2ccccc2)OCc2ccccc21
C1=C(CCCc2ccccc2)OCc2ccccc21
O=C(CCCCc1ccccc1)Nc1ccc2c(c1)COC=C2
O=C(CCCCc1ccccc1)Nc1ccc2c(c1)COC=C2
O=C(CCCCc1ccccc1)Nc1ccc2c(c1)COC=C2
O=C(CCCCc1ccccc1)Nc1ccc2c(c1)COC=C2
O=C(CCCCc1ccccc1)Nc1ccc2c(c1)COC=C2
O=C(CCCCc1ccccc1)Nc1ccc2c(c1)COC=C2
O=C(CCCCc1ccccc1)Nc1ccc2c(c1)COC=C2
O=C(CCCCc1ccccc1)Nc1ccc2c(c1)COC=C2
O=C(CCCCc1ccccc1)Nc1ccc2c(c1)COC=C2
O=C(CCCc1ccccc1)Nc1ccc2c(c1)COC=C2
O=C(CCCc1ccccc1)Nc1ccc2c(c1)COC=C2
O=C(CCCc1ccccc1)Nc1ccc2c(c1)COC=C2
O=C(CCCc1ccccc1)Nc1ccc2c(c1)COC=C2
O=C(CCCc1ccccc1)Nc1ccc2c(c1)COC=C2
O=C(CCCc1ccccc1)Nc1ccc2c(c1)COC=C2
O=C(CCCc1ccccc1)Nc1ccc2c(c1)COC=C2
O=C(CCCc1ccccc1)Nc1ccc2c(c1)COC=C2
O=C(CCCc1ccccc1)Nc1ccc2c(c1)COC=C2
O=C(CCCc1ccccc1)Nc1ccc2c(c1)COC=C2
O=C(CCCc1ccccc1)Nc1ccc2c(c1)COC=C2
O=C(CCCc1ccccc1)Nc1ccc2c(c1)COC=C2
C=C1OOCc2cc(NC(=O)CCCc3ccccc3)ccc21
C=C1OOCc2cc(NC(=O)CCCc3ccccc3)ccc21
O=C(CCCc1ccccc1)Nc1ccc2c(c1)COOC2=O
O=C(CCCc1ccccc1)Nc1ccc2c(c1)COC2=O
O=S(=O)(Nc1ccccc1)c1ccc(-c2ccc3c(cnn3-c3ccccc3)c2)cc1
C=C(C=CCc1ccc2c(cnn2-c2ccccc2)c1)S(=O)(=O)Nc1ccccc1
C=C(C=CCc1ccc2c(cnn2-c2ccccc2)c1)S(=O)(=O)Nc1ccccc1
C=C(C=CCOc1ccc2c(cnn2-c2ccccc2)c1)S(=O)(=O)Nc1ccccc1
C=C(C=CCOc1ccc2c(cnn2-c2ccccc2)c1)S(=O)(=O)Nc1ccccc1
C=C(C=CCOc1ccc2c(cnn2-c2ccccc2)c1)S(=O)(=O)Nc1ccccc1
C=C(C=CCOc1ccc2c(cnn2-c2ccccc2)c1)S(=O)(=O)Nc1ccccc1
C=C(CCOc1ccc2c(cnn2-c2ccccc2)c1)S(=O)(=O)Nc1ccccc1
C=C(CCOc1ccc2c(cnn2-c2ccccc2)c1)S(=O)(=O)Nc1ccccc1
O=S(=O)(CCCOc1ccc2c(cnn2-c2ccccc2)c1)Nc1ccccc1
O=S(=O)(CCCOc1ccc2c(cnn2-c2ccccc2)c1)Cc1ccccc1
O=S(=O)(CCCOc1ccc2c(cnn2-c2ccccc2)c1)c1ccccc1
O=S(=O)(CCCCOc1ccc2c(cnn2-c2ccccc2)c1)c1ccccc1
O=S(=O)(CCCCOc1ccc2c(cnn2-c2ccccc2)c1)c1ccccc1
O=S(=O)(NCCCCOc1ccc2c(cnn2-c2ccccc2)c1)c1ccccc1
O=S(=O)(NCCCOc1ccc2c(cnn2-c2ccccc2)c1)c1ccccc1
O=S(=O)(NCCCOc1ccc2c(cnn2-c2ccccc2)c1)c1ccccc1
O=S(=O)(NCCOc1ccc2c(cnn2-c2ccccc2)c1)c1ccccc1
O=S(=O)(NCCOc1ccc2c(cnn2-c2ccccc2)c1)c1ccccc1
O=S(=O)(Nc1ccccc1)c1ccc(-c2ccc3c(cnn3-c3ccccc3)c2)cc1
O=S(Nc1ccccc1)c1ccc(-c2ccc3c(cnn3-c3ccccc3)c2)cc1
O=S(Cc1ccccc1)c1ccc(-c2ccc3c(cnn3-c3ccccc3)c2)cc1
O=S(Cc1ccccc1)c1ccc(Oc2ccc3c(cnn3-c3ccccc3)c2)cc1
O=C(Cc1ccccc1)c1ccc(Oc2ccc3c(cnn3-c3ccccc3)c2)cc1
O=C(Cc1ccccc1)C1=CCC(Oc2ccc3c(cnn3-c3ccccc3)c2)C=C1
O=C(Cc1ccccc1)C1=CC(COc2ccc3c(cnn3-c3ccccc3)c2)C=C1
O=C(NCc1ccccc1)C1=CC(COc2ccc3c(cnn3-c3ccccc3)c2)C=C1
O=C(NCc1ccccc1)C1=CC(COc2ccc3c(cnn3-c3ccccc3)c2)C=C1
O=C(NCc1ccccc1)C1=C(COc2ccc3c(cnn3-c3ccccc3)c2)C=C1
O=C(NC(CCOc1ccc2c(cnn2-c2ccccc2)c1)c1ccccc1)C1=CC=C1
O=C(NC(CCOc1ccc2c(cnn2-c2ccccc2)c1)c1ccccc1)C1=CC=C1
O=C(NC(CCOc1ccc2c(cnn2-c2ccccc2)c1)c1ccccc1)C1=CC=C1
O=C(NC(CCOc1ccc2c(cnn2-c2ccccc2)c1)c1ccccc1)C1=CC=C1
O=C(NC(CCOc1ccc2c(cnn2-c2ccccc2)c1)c1ccccc1)C1=CC=C1
O=C(NC(CCOc1ccc2c(cnn2-c2ccccc2)c1)c1ccccc1)C1=CC=C1
O=C(NCc1cccc(COc2ccc3c(cnn3-c3ccccc3)c2)c1)C1=CC=C1
O=C(NCc1cccc(COc2ccc3c(cnn3-c3ccccc3)c2)c1)C1=CC=C1
O=C(NCCCC(Oc1ccc2c(cnn2-c2ccccc2)c1)c1ccccc1)C1=CC=C1
O=C(NCCCC(Oc1ccc2c(cnn2-c2ccccc2)c1)c1ccccc1)C1=CC=C1
O=C(NCCCC(Oc1ccc2c(cnn2-c2ccccc2)c1)c1ccccc1)C1=CC=C1
O=C(NCCC(Oc1ccc2c(cnn2-c2ccccc2)c1)c1ccccc1)C1=CC=C1
O=C(NCCC(Oc1ccc2c(cnn2-c2ccccc2)c1)c1ccccc1)C1=CC=C1
O=C(NCC(Oc1ccc2c(cnn2-c2ccccc2)c1)c1ccccc1)C1=CC=C1
O=C(NCC(Oc1ccc2c(cnn2-c2ccccc2)c1)c1ccccc1)C1=CC=C1
O=C(NCC(Oc1ccc2c(cnn2-c2ccccc2)c1)c1ccccc1)C1=CC=C1
O=C(NCC(Oc1ccc2c(cnn2-c2ccccc2)c1)c1ccccc1)C1=CC=C1
O=C(NCC(Oc1ccc2c(cnn2-c2ccccc2)c1)c1ccccc1)C1=CC=C1
O=C(NCC(Oc1ccc2c(cnn2-c2ccccc2)c1)c1ccccc1)C1=CC=C1
O=C(NCC(Oc1ccc2c(cnn2-c2ccccc2)c1)c1ccccc1)C1=CC=C1
O=C(NCC(Oc1ccc2c(cnn2-c2ccccc2)c1)c1ccccc1)C1=CC=C1
O=C(NCC(Oc1ccc2c(cnn2-c2ccccc2)c1)c1ccccc1)C1=CC=C1
O=C(NCC(Oc1ccc2c(cnn2-c2ccccc2)c1)c1ccccc1)C1=CC=C1
O=C(NCC(Oc1ccc2c(cnn2-c2ccccc2)c1)c1ccccc1)C1=CC=C1
O=C(NCC(Oc1ccc2c(cnn2-c2ccccc2)c1)c1ccccc1)C1=CC=C1
O=C(NCC(Oc1ccc2c(cnn2-c2ccccc2)c1)c1ccccc1)C1=CC=C1
O=C(NCC(Oc1ccc2c(cnn2-c2ccccc2)c1)c1ccccc1)C1=CC=C1
O=C(NCC(Oc1ccc2c(cnn2-c2ccccc2)c1)c1ccccc1)C1=CC=C1
O=C(NCC(Oc1ccc2c(cnn2-c2ccccc2)c1)c1ccccc1)C1=CC=C1
O=C(NCC(Oc1ccc2c(cnn2-c2ccccc2)c1)c1ccccc1)C1=CC=C1
O=C(NCC(Oc1ccc2c(cnn2-c2ccccc2)c1)c1ccccc1)C1=CC=C1
O=C(NCC(Oc1ccc2c(cnn2-c2ccccc2)c1)c1ccccc1)C1=CC=C1
O=C(NCC(Oc1ccc2c(cnn2-c2ccccc2)c1)c1ccccc1)C1=CC=C1
O=C(NCC(Oc1ccc2c(cnn2-c2ccccc2)c1)c1ccccc1)C1=CC=C1
O=C(NCC(Oc1ccc2c(cnn2-c2ccccc2)c1)c1ccccc1)c1ccccc1
O=C(NCC(Oc1ccc2c(cnn2-c2ccccc2)c1)c1ccccc1)c1ccccc1
O=S(=O)(Nc1ccccc1)c1ccc(-c2ccc3c(cnn3-c3ccccc3)c2)cc1
O=S(=O)(Cc1ccccc1)c1ccc(-c2ccc3c(cnn3-c3ccccc3)c2)cc1
O=S(=O)(Cc1ccccc1)c1ccc(-c2cccc3c2cnn3-c2ccccc2)cc1
O=S(=O)(Cc1ccccc1)c1ccc(C2=c3cnn(-c4ccccc4)c3=CC2)cc1
O=S(=O)(Cc1ccccc1)c1ccc(C2=Cc3c(cnn3-c3ccccc3)C2)cc1
O=S(=O)(Cc1ccccc1)c1ccc(C2=Cc3c(cnn3-c3ccccc3)C2)cc1
O=S(=O)(Cc1ccccc1)c1ccc(C2=Cc3c(cnn3-c3ccccc3)C2)cc1
O=S(=O)(Cc1ccccc1)Cc1ccccc1C1=Cc2c(cnn2-c2ccccc2)C1
O=S(=O)(Cc1ccccc1)Cc1ccccc1C1=Cc2c(cnn2-c2ccccc2)C1
O=S(=O)(Cc1ccccc1)Cc1ccccc1C1=Cc2c(cnn2-c2ccccc2)C1
O=S(=O)(Cc1ccccc1C1=Cc2c(cnn2-c2ccccc2)C1)c1ccccc1
O=S(=O)(Cc1ccccc1C1=Cc2c(cnn2-c2ccccc2)CC1)c1ccccc1
O=S(=O)(Cc1ccccc1C1=Cc2c(cnn2-c2ccccc2)CCC1)c1ccccc1
O=S(=O)(Cc1ccccc1C1=Cc2c(cnn2-c2ccccc2)CCC1)c1ccccc1
O=S(=O)(Cc1ccccc1C1=Cc2c(cnn2-c2ccccc2)CCC1)c1ccccc1
O=S(=O)(Cc1ccccc1C1=Cc2c(cnn2-c2ccccc2)CCC1)c1ccccc1
O=S(=O)(Cc1ccccc1C1=Cc2c(cnn2-c2ccccc2)CCC1)c1ccccc1
O=S(=O)(Cc1ccccc1C1=Cc2c(cnn2-c2ccccc2)CCC1)c1ccccc1
O=S(=O)(Cc1ccccc1C1=Cc2c(cnn2-c2ccccc2)CCC1)c1ccccc1
O=S(=O)(Cc1ccccc1C1=Cc2c(cnn2-c2ccccc2)CCC1)c1ccccc1
O=S(=O)(Cc1ccccc1C1=Cc2c(cnn2-c2ccccc2)CCC1)c1ccccc1
O=S(=O)(Cc1ccccc1C1=Cc2c(cnn2-c2ccccc2)CCC1)c1ccccc1
O=S(=O)(Cc1ccccc1C1=Cc2c(cnn2-c2ccccc2)CCCC1)c1ccccc1
O=S(=O)(Cc1ccccc1C1=Cc2c(cnn2-c2ccccc2)CCCC1)c1ccccc1
O=S(=O)(Cc1ccccc1C1=Cc2c(cnn2-c2ccccc2)CCCC1)c1ccccc1
O=S(=O)(Cc1ccccc1C1=Cc2c(cnn2-c2ccccc2)CCCC1)c1ccccc1
O=S(=O)(Cc1ccccc1C1=Cc2c(cnn2-c2ccccc2)CCCC1)c1ccccc1
O=S(=O)(Cc1ccccc1C1=Cc2c(cnn2-c2ccccc2)CCCC1)c1ccccc1
O=S(=O)(Cc1ccccc1C1=Cc2c(cnn2-c2ccccc2)CCCC1)c1ccccc1
O=S(=O)(Cc1ccccc1C1=Cc2c(cnn2-c2ccccc2)CCCC1)c1ccccc1
O=S(=O)(Cc1ccccc1C1=Cc2c(cnn2-c2ccccc2)CCCC1)c1ccccc1
O=S(Cc1ccccc1C1=Cc2c(cnn2-c2ccccc2)CCCC1)c1ccccc1
O=C(Cc1ccccc1C1=Cc2c(cnn2-c2ccccc2)CCCC1)c1ccccc1
C1=C(c2ccccc2CCc2ccccc2)CCCCc2cnn(-c3ccccc3)c21
C1=CC1=CCCc1ccccc1C1=Cc2c(cnn2-c2ccccc2)CCCC1
C1=CC1=CCCc1ccccc1C1=Cc2c(cnn2-c2ccccc2)CCCC1
C1=CC1CCc1ccccc1C1=Cc2c(cnn2-c2ccccc2)CCCC1
C1=C(c2ccccc2)CCCCc2cnn(-c3ccccc3)c21
C1=C(c2ccccc2)CCCCc2cnn(-c3ccccc3)c21
C1=C(c2ccccc2CC2CC2)CCCCc2cnn(-c3ccccc3)c21
C1=C(c2ccccc2CC2CC2)CCCCc2cnn(-c3ccccc3)c21
C1=C(c2ccccc2CC2CC2)CCCc2cnn(-c3ccccc3)c21
C1=C(c2ccccc2CC2CC2)CCCc2cnn(-c3ccccc3)c21
C1=C(c2ccccc2CC2CC2)SCCCc2cnn(-c3ccccc3)c21
C1=C(c2ccccc2CC2CCC2)SCCCc2cnn(-c3ccccc3)c21
C1=C(c2ccccc2CC2CCC2)SCCCc2cnn(-c3ccccc3)c21
C1=C(c2ccccc2CC2CCC2)SCCc2cnn(-c3ccccc3)c21
C1=C(c2ccccc2CC2CCC2)SCCc2cnn(-c3ccccc3)c21
C1=C(c2ccccc2CC2CCCC2)SCCc2cnn(-c3ccccc3)c21
C1=C(c2ccccc2CC2CCCCC2)SCCc2cnn(-c3ccccc3)c21
C1=C(c2ccccc2CC2CCCCCC2)SCCc2cnn(-c3ccccc3)c21
C1=C(c2ccccc2CC2CCCCCCC2)SCCc2cnn(-c3ccccc3)c21
C1=C(c2ccccc2CC2CCCCCCC2)SCCc2cnn(-c3ccccc3)c21
C1=C(c2ccccc2CC2CCCCCC2)SCCc2cnn(-c3ccccc3)c21
C1=C(c2ccccc2CC2CCCCCC2)SCCc2cnn(-c3ccccc3)c21
C1=C(c2ccccc2CC2CCCCCC2)SCCc2cnn(-c3ccccc3)c21
C1=C(c2ccccc2CC2CCCCCC2)SCCc2cnn(-c3ccccc3)c21
C1=C(c2ccccc2CC2CCCCCC2)SCCc2cnn(-c3ccccc3)c21
C1=C(c2ccccc2CC2CCCCC2)SCCc2cnn(-c3ccccc3)c21
C1=C(c2ccccc2CC2CCCCC2)SCCc2cnn(-c3ccccc3)c21
C1=C(c2ccccc2CC2CCCCC2)SCCc2cnn(-c3ccccc3)c21
C1=C(c2ccccc2CC2CCCCC2)SCCc2cnn(-c3ccccc3)c21
C1=C(c2ccccc2CC2CCCCC2)SCCc2cnn(-c3ccccc3)c21
C1=C(c2ccccc2CC2CCCCC2)SCCc2cnn(-c3ccccc3)c21
C1=C(C2CCCCC2Cc2ccccc2)SCCc2cnn(-c3ccccc3)c21
C1=C(C2CCCCC2Cc2ccccc2)SCCc2cnn(-c3ccccc3)c21
C1=C(C2CCCCC2Cc2ccccc2)SCCc2cnn(-c3ccccc3)c21
C1=C(C2CCCCC2Cc2ccccc2)CCCc2cnn(-c3ccccc3)c21
C1=C(C2CCCCC2Cc2ccccc2)CCCc2cnn(-c3ccccc3)c21
C1=C(C2CCCCC2Cc2ccccc2)CCCc2cnn(-c3ccccc3)c21
C1=C(C2CCCCC2Cc2ccccc2)CCCc2cnn(-c3ccccc3)c21
C1=C(C2CCCCC2Cc2ccccc2)CCCc2cnn(-c3ccccc3)c21
C1=C(C2CCCCC2Cc2ccccc2)CCCc2cnn(-c3ccccc3)c21
C1=C(C2CCCC2Cc2ccccc2)CCCc2cnn(-c3ccccc3)c21
C1=C(C2CCCC2Cc2ccccc2N2CCC2)CCCc2cnn(-c3ccccc3)c21
C1=C(C2CCCCC2Cc2ccccc2N2CCC2)CCCc2cnn(-c3ccccc3)c21
C1=C(C2CCCCC2Cc2ccccc2N2CCC2)CCc2cnn(-c3ccccc3)c21
C1=C(C2CCCCC2Cc2ccccc2N2CC2)CCc2cnn(-c3ccccc3)c21
C1=C(C2CCCCC2Cc2ccccc2)CCc2cnn(-c3ccccc3)c21
C1=C(C2CCCCC2Cc2ccccc2)CCc2cnn(-c3ccccc3)c21
C1=C2CCCC(Cc3ccccc3)C2CCCc2cnn(-c3ccccc3)c21
C1=C2CCCC(Cc3ccccc3)C2CCCc2cnn(-c3ccccc3)c21
C1=C2CCCC(Cc3ccccc3)C2CCc2cnn(-c3ccccc3)c21
C1=C2CCCC(Cc3ccccc3)C2CCc2cnn(-c3ccccc3)c21
C1=C2CCCC(Cc3ccccc3)C2CCc2cnn(-c3ccccc3)c21
C1=C2CCCC(Cc3ccccc3)C2CCc2cnn(-c3ccccc3)c21
C1=C2CCCC(Cc3ccccc3)C2CCc2cnn(-c3ccccc3)c21
C1=C2CCCC(Cc3ccccc3)C2CCc2cnn(-c3ccccc3)c21
C1=C2CCCC(Cc3ccccc3)C2Cc2cnn(-c3ccccc3)c21
C1=C2CCCC(Cc3ccccc3)C2Cc2cnn(-c3ccccc3)c21
C1=C2CCCCC(Cc3ccccc3)C2Cc2cnn(-c3ccccc3)c21
C1=C2CCCCC(Cc3ccccc3)C2Cc2cnn(-c3ccccc3)c21
C1=C2CCCCC(Cc3ccccc3)C2Cc2cnn(-c3ccccc3)c21
C1=C2CCCC(Cc3ccccc3)C2Cc2cnn(-c3ccccc3)c21
C1=C2CCCC(Cc3ccccc3)C2Cc2cnn(-c3ccccc3)c21
C1=C2CCCC(Cc3ccccc3)C2Cc2cnn(-c3ccccc3)c21
C1=C2CCCC(Cc3ccccc3)C2Cc2cnn(-c3ccccc3)c21
C1=C2CCCC(Cc3ccccc3)C2Cc2cnn(-c3ccccc3)c21
C1=C2CCCC(Cc3ccccc3)C2Cc2cnn(-c3ccccc3)c21
C1=C2CCCC(Cc3ccccc3)C2Cc2cnn(-c3ccccc3)c21
C1=C2CCCCC(Cc3ccccc3)C2Cc2cnn(-c3ccccc3)c21
C1=C2CCCCC(Cc3ccccc3)C2Cc2cnn(-c3ccccc3)c21
C1=C2CCCCC(Cc3ccccc3)C2Cc2cnn(-c3ccccc3)c21
C1=C2CCCCC(Cc3ccccc3)C2Cc2cnn(-c3ccccc3)c21
C1=C2CCCCCC(Cc3ccccc3)C2Cc2cnn(-c3ccccc3)c21
C1=C2CCCCCC(Cc3ccccc3)C2Cc2cnn(-c3ccccc3)c21
C1=C2CCCCC(Cc3ccccc3)C2Cc2cnn(-c3ccccc3)c21
C1=C2CCCC(Cc3ccccc3)C2Cc2cnn(-c3ccccc3)c21
C1=C2CCCC(Cc3ccccc3)C2Cc2cnn(-c3ccccc3)c21
C1=C2CCCC(Cc3ccccc3)C2Cc2cnn(-c3ccccc3)c21
C1=C2CCCC(Cc3ccccc3)C2Cc2cnn(-c3ccccc3)c21
C1=C2CCCCC(Cc3ccccc3)C2Cc2cnn(-c3ccccc3)c21
C1=C2CCCCC(Cc3ccccc3)C2Cc2cnn(-c3ccccc3)c21
C1=C2CCCCC(Cc3ccccc3)C2Cc2cnn(-c3ccccc3)c21
C1=C2CCCCC(Cc3ccccc3)C2Cc2cnn(-c3ccccc3)c21
C1=C2CCCC(Cc3ccccc3)C2Cc2cnn(-c3ccccc3)c21
C1=C2CCCC(Cc3ccccc3)C2Cc2cnn(-c3ccccc3)c21
C1=C2CCCC(Cc3ccccc3)C2Cc2cnn(-c3ccccc3)c21
C1=C2CCCC(Cc3ccccc3)C2Cc2cnn(-c3ccccc3)c21
C1=C2CCCC(Cc3ccccc3)C2Cc2cnn(-c3ccccc3)c21
C1=C2CCCC(Cc3ccccc3)C2Cc2cnn(-c3ccccc3)c21
C1=C2CCCC(Cc3ccccc3CN3CO3)C2Cc2cnn(-c3ccccc3)c21
C1=C2CCCCC(Cc3ccccc3CN3CO3)C2Cc2cnn(-c3ccccc3)c21
C1=C2CCCCC(Cc3ccccc3CCN3CO3)C2Cc2cnn(-c3ccccc3)c21
C1=C2CCCCC(Cc3ccccc3CC3CN3)C2Cc2cnn(-c3ccccc3)c21
C1=C2CCCCC(Cc3ccccc3CC3CC3)C2Cc2cnn(-c3ccccc3)c21
C1=C2CCCC(Cc3ccccc3CC3CC3)C2Cc2cnn(-c3ccccc3)c21
C1=C2CCCC(Cc3ccccc3CC3CC3)C2Cc2cnn(-c3ccccc3)c21
C1=C2CCCC(Cc3ccccc3C3CC3)C2Cc2cnn(-c3ccccc3)c21
C1=C2CCCC(Cc3ccccc3C3CC3)C2Cc2cnn(-c3ccccc3)c21
C1=C2CCCC(Cc3ccccc3)C2Cc2cnn(-c3ccccc3)c21
C1=C2CCCC(Cc3ccccc3)C2Cc2cnn(-c3ccccc3)c21
C1=C2CCCC(Cc3ccccc3)C2Cc2cnn(-c3ccccc3)c21
C1=C2CCCC(Cc3ccccc3C3CC3)C2Cc2cnn(-c3ccccc3)c21
C1=C2CCCC(Cc3cccc(C4CC4)c3)C2Cc2cnn(-c3ccccc3)c21
C1=C2CCCC(Cc3cccc(C4CC4)c3)C2Cc2cnn(-c3ccccc3)c21
C1=C2CCCC(Cc3cccc(C4CC4)c3)C2Cc2cnn(-c3ccccc3)c21
C1=C2CCCC(Cc3ccccc3)C2Cc2cnn(-c3ccccc3)c21
C1=C2CCCC(Cc3ccccc3)C2Cc2cnn(-c3ccccc3)c21
C1=C2CCCC(Cc3ccccc3)C2Cc2cnn(-c3ccccc3)c21
C1=C2CCCC(Cc3ccccc3)C2Cc2cnn(-c3ccccc3)c21
C1=C2CCCC(Cc3ccccc3)C2Cc2cnn(-c3ccccc3)c21
C1=C2CCCC(Cc3ccccc3)C2Cc2cnn(-c3ccccc3)c21
C1=Cc2cc(CC3CCCC4=Cc5c(cnn5-c5ccccc5)CC43)ccc21
C1=C2CCCC(Cc3ccc4sccc4c3)C2Cc2cnn(-c3ccccc3)c21
C1=C2CCCC(Cc3ccc4sccc4c3)C2Cc2cnn(-c3ccccc3)c21
C1=C2CCCC(Cc3ccc4sccc4c3)C2Cc2cnn(-c3ccccc3)c21
C1=C2CCCC(Cc3ccc4sccc4c3)C2Cc2cnn(-c3ccccc3)c21
C1=C2CCCC(Cc3csc4ccccc34)C2Cc2cnn(-c3ccccc3)c21
O=S(=O)(Nc1ccccc1)c1ccc(-c2ccc3c(cnn3-c3ccccc3)c2)cc1
O=S(=O)(NC1=CC=CC1)c1ccc(-c2ccc3c(cnn3-c3ccccc3)c2)cc1
O=S(=O)(NC1=CC=CC1)c1ccc(-c2ccc3c(cnn3-c3ccccc3)c2)cc1
O=S(=O)(NC1=C2C=C2C1)c1ccc(-c2ccc3c(cnn3-c3ccccc3)c2)cc1
O=S(=O)(NC1=C2C=C21)c1ccc(-c2ccc3c(cnn3-c3ccccc3)c2)cc1
O=S(=O)(NC1C=C1)c1ccc(-c2ccc3c(cnn3-c3ccccc3)c2)cc1
O=S(=O)(Nc1ccc(-c2ccc3c(cnn3-c3ccccc3)c2)cc1)NC1C=C1
O=S(=O)(Nc1ccc(-c2ccc3c(cnn3-c3ccccc3)c2)cc1)NC1C=C1
O=S(=O)(Nc1ccc(-c2ccc3c(cnn3-c3ccccc3)c2)cc1)NC1C=C1
O=S(=O)(Nc1ccc(-c2ccc3c(cnn3-c3ccccc3)c2)cc1)NC1C=C1
O=S(=O)(Nc1ccc(-c2ccc3c(cnn3-c3ccccc3)c2)cc1)NC1C=C1
O=S(=O)(Nc1ccc(-c2ccc3c(cnn3-c3ccccc3)c2)cc1)C1=CC1
O=S(=O)(Nc1ccc(-c2ccc3c(cnn3-c3ccccc3)c2)cc1)C1=CC1
O=S(=O)(Nc1ccc(-c2ccc3c(cnn3-c3ccccc3)c2)cc1)C1=CNC1
O=S(=O)(Nc1ccc(-c2ccc3c(cnn3-c3ccccc3)c2)cc1)C1=CCC1
O=S(=O)(Nc1ccc(-c2ccc3c(cnn3-c3ccccc3)c2)cc1)C1=CCC1
O=S(=O)(Nc1ccc(-c2ccc3c(cnn3-c3ccccc3)c2)cc1)C1=CC=C1
O=S(=O)(Nc1ccc(-c2ccc3c(cnn3-c3ccccc3)c2)cc1)C1=CCC=C1
O=S(=O)(Nc1ccc(-c2ccc3c(cnn3-c3ccccc3)c2)cc1)C1=CCC=C1
O=S(=O)(Nc1ccc(-c2ccc3c(cnn3-c3ccccc3)c2)cc1)C1=CSCC=C1
O=S(=O)(Nc1ccc(-c2ccc3c(cnn3-c3ccccc3)c2)cc1)C1=CCSC=C1
O=S(=O)(Nc1ccc(-c2ccc3c(cnn3-c3ccccc3)c2)cc1)c1ccsc1
O=S(=O)(Nc1ccccc1)c1ccc(-c2ccc3c(cnn3-c3ccccc3)c2)cc1
O=S(Nc1ccccc1)c1ccc(-c2ccc3c(cnn3-c3ccccc3)c2)cc1
O=S(Nc1ccccc1)c1ccc(-c2ccc3c(cnn3-c3ccccc3)c2)cc1
O=C(Nc1ccccc1)c1ccc(-c2ccc3c(cnn3-c3ccccc3)c2)cc1
O=C(Nc1ccccc1)c1ccc(-c2cccc(C=NNc3ccccc3)c2)cc1
N=C(Nc1ccccc1)c1cccc(-c2ccc(C(=O)Nc3ccccc3)cc2)c1
N=C(Nc1ccccc1)c1cccc(-c2ccc(C(=O)Nc3ccccc3)cc2)c1
O=C(Nc1ccccc1)c1ccc(-c2cccc(C(=O)Nc3ccccc3)c2)cc1
O=C(Nc1ccccc1)Oc1cccc(-c2ccc(C(=O)Nc3ccccc3)cc2)c1
O=C(Nc1ccccc1)Oc1cccc(C2=CC(C(=O)Nc3ccccc3)C=C2)c1
O=C(Nc1ccccc1)Oc1cccc(C2=CC(C(=O)Nc3ccccc3)C=C2)c1
O=C(Nc1ccccc1)Oc1cccc(C2=C3c4ccccc4NC(=O)C3C=C2)c1
O=C(Nc1ccccc1)Oc1cccc(C2=C3c4ccccc4NC(=O)C3C=C2)c1
O=C(Nc1ccccc1)Oc1cccc(C2=C3c4ccccc4NC(=O)C3C=C2)c1
O=C(Nc1ccccc1)Oc1cccc(C2=C3c4ccccc4NC(=O)C3C=C2)c1
O=C(Nc1ccccc1)Oc1cccc(C2=C3c4ccccc4NCC3C=C2)c1
O=C(Nc1ccccc1)Oc1cccc(C2=C3c4ccccc4NCC3C=C2)c1
O=C(Nc1ccccc1)Oc1cccc(C2=C3c4ccccc4NCC3C=C2)c1
O=C(Nc1ccccc1)Oc1cccc(C2=C3c4ccccc4NCC3C=C2)c1
O=C(Nc1ccccc1)Oc1cccc(C2=C3c4ccccc4NCC3C=C2)c1
O=C(Nc1ccccc1)Oc1cccc(C2=C3c4ccccc4NCC3C2)c1
O=C(Nc1ccccc1)Oc1cccc(C2=C3c4ccccc4NCC3C2)c1
O=C(Nc1ccccc1)Oc1cccc(C2=C3c4ccccc4NCC3C2)c1
O=C(Nc1ccccc1)Oc1cccc(C2=C3c4ccccc4NCC3C2)c1
O=C(Nc1ccccc1)Oc1cccc(C2=C3c4ccccc4NCC3C2)c1
O=C(Nc1ccc2c(c1)COC2)Oc1cccc(C2=C3c4ccccc4NCC3C2)c1
O=C(Nc1ccc2c(c1)CO2)Oc1cccc(C2=C3c4ccccc4NCC3C2)c1
O=C(Nc1ccc2c(c1)CO2)Oc1cccc(C2=C3c4ccccc4NCC3C2)c1
O=C(Nc1ccc2c(c1)OCO2)Oc1cccc(C2=C3c4ccccc4NCC3C2)c1
O=C(Nc1ccc2c(c1)OCO2)Oc1cccc(C2=C3c4ccccc4NCC3C2)c1
O=C(Nc1ccc2c(c1)OCO2)Oc1cccc(C2=C3C4=C(CC=C4)NCC3C2)c1
O=C(Nc1ccc2c(c1)OCO2)Oc1cccc(C2=C3C4=C(C=C4)NCC3C2)c1
O=C(Nc1ccc2c(c1)OCO2)Oc1cccc(C2=C3C4=C(C=C4)NCCC3C2)c1
O=C(Nc1ccc2c(c1)OCO2)OC1CNC2=C(C=C2)C2=C(c3ccccc3)CC21
O=C(Nc1ccc2c(c1)OCO2)OC1CNC2=C(C=C2)C2=C(c3ccccc3)CC21
O=C(Nc1ccc2c(c1)OCO2)OC1CNC2=C(C=C2)C2=C(c3ccccc3)CC21
O=C(Nc1ccc2c(c1)OCO2)OC1CNC2=C(C=C2)C2=C(c3ccccc3)CC21
O=C(Nc1ccc2c(c1)OCO2)OC1CNC2=C(C=C2)C2=C(c3ccccc3)CC21
O=C(Nc1ccc2c(c1)OCO2)OC1CNC2=C(C=C2)C2=C(c3ccccc3)CC21
O=C(Nc1ccc2c(c1)OCO2)OC1CNC2=C(C=C2)C2=C(c3ccccc3)CCC21
O=C(Nc1ccc2c(c1)OCO2)OC1CNC2=C(C=C2)C(=Cc2ccccc2)C1
O=C(Nc1ccc2c(c1)OCO2)OC1CNC2=C3C(=C2)CCC(c2ccccc2)=C3C1
O=C(Nc1ccc2c(c1)OCO2)OC1CNC2=C3C(=C2)CCCC(c2ccccc2)=C3C1
O=C(Nc1ccc2c(c1)OCO2)OC1CNC2=C3C(=C2)CCCC(c2ccccc2)=C3C1
O=C(Nc1ccc2c(c1)OCO2)OC1CCC2=C(C=C2CCCCc2ccccc2)NC1
O=C(Nc1ccc2c(c1)OCO2)OC1CNC2=C(C1)C(CCCCc1ccccc1)=C2
O=C(Nc1ccc2c(c1)OCO2)OC1CNC2=C(C1)C(CCCCc1ccccc1)=C2
O=C(Nc1ccc2c(c1)OCO2)OC1CNC2=C(C1)C(CCCCc1ccccc1)=C2
O=C(Nc1ccc2c(c1)OCO2)OC1CNC2=C(C1)C(CCCCc1ccccc1)=C2
O=C(Nc1ccc2c(c1)OCO2)OC1CNC2=C(C1)C(CCCc1ccccc1)=C2
O=C(Nc1ccc2c(c1)OCO2)OC1CNC2=C(C1)C(CCc1ccccc1)=C2
O=C(Nc1ccc2c(c1)OCO2)OC1CNC2=C(C1)C(CCc1ccccc1)=C2
O=C(Nc1ccc2c(c1)OCO2)OC1CNC2=C(C1)C(Cc1ccccc1)=C2
O=C(Nc1ccc2c(c1)OCO2)OC1CNC2=C(C1)C(Cc1ccccc1)=C2
O=C(Nc1ccc2c(c1)OCO2)OC1CNC2=C(C1)C(c1ccccc1)=C2
O=C(Nc1ccc2c(c1)OCO2)OC1CNC2=C(C1)C(c1ccccc1)=C2
O=C(Nc1ccc2c(c1)OCO2)OC1CNC2=C(C1)C(c1ccccc1)=C2
O=C(Nc1ccc2c(c1)OCO2)OC1CNC2=C(C1)C(c1ccccc1)=C2
O=C(Nc1ccc2c(c1)OCO2)OC1CNC2=C(C1)C(c1ccccc1)=C2
O=C(Nc1ccc2c(c1)OCO2)OC1CNC2=C(C1)C(c1ccccc1)=C2
O=C(Nc1ccc2c(c1)OCO2)OC1CNC2=C(C1)C(c1ccccc1)=C2
O=C(Nc1ccc2c(c1)OCO2)OC1CNC2=C(C1)C(c1ccccc1)=C2
O=C(Nc1ccc2c(c1)OCO2)OC1CNC2=C(C1)C(c1ccccc1)=C2
O=C(Nc1ccc2c(c1)OCO2)OC1CNC2=C(C1)C(c1ccccc1)=C2
O=C(Nc1ccc2c(c1)OCO2)OC1CNC2=C(C1)C(c1ccccc1)=C2
O=C(Nc1ccc2c(c1)OCO2)OC1CNC2=C(C1)C(c1ccccc1)=C2
O=C(Nc1ccc2c(c1)OCO2)OC1CNC2=C(C1)C(c1ccccc1)=C2
O=C(Nc1ccc2c(c1)OCO2)OC1CNC2=C(C1)C(c1ccccc1)=C2
O=C(Nc1ccc2c(c1)OCO2)OC1CNC2=C(C1)C(c1ccccc1)=C2
O=C(Nc1ccc2c(c1)OCO2)OC1CNC2=C(C1)C(c1ccccc1)=C2
O=C(Nc1ccc2c(c1)OCO2)OC1CNC2=C(C1)C(c1ccccc1)=C2
O=C(Nc1ccc2c(c1)OCO2)OC1CNC2=C(C1)C(c1ccccc1)=C2
O=C(Nc1ccc2c(c1)OCO2)OC1CNC2=C(C1)C(c1ccccc1)=C2
O=C(Nc1ccc2c(c1)OCO2)OC1CNC2=C(C1)C(c1cccc3c1CC3)=C2
O=C(Nc1ccc2c(c1)OCO2)OC1CNC2=C(C1)C(c1cccc3c1CC3)=C2
O=C(Nc1ccc2c(c1)OCO2)OC1CNC2=C(C1)C(c1cccc3c1C=C3)=C2
O=C(Nc1ccc2c(c1)OCO2)OC1CNC2=C(C1)C(c1cccc3c1C=CC3)=C2
O=C(Nc1ccc2c(c1)OCO2)OC1CNC2=C(C1)C(c1cccc3[nH]ccc13)=C2
O=C(Nc1ccc2c(c1)OCO2)OC1CNC2=C(C1)C(c1cccc3[nH]ccc13)=C2
O=C(Nc1ccc2c(c1)OCO2)OC1CNC2=C(C1)C(c1cccc3[nH]ccc13)=C2
O=C(Nc1ccc2c(c1)OCO2)OC1CNC2=C(C1)C(c1cccc3[nH]ccc13)=C2
O=C(Nc1ccc2c(c1)OCO2)OC1CNC2=C(C1)C(c1cccc3cc[nH]c13)=C2
O=C(Nc1ccc2c(c1)OCO2)OC1CNC2=C(C1)C(c1cccc3cc[nH]c13)=C2
O=C(Nc1ccc2c(c1)OCO2)OC1CCC2=C(C1)C(c1cccc3cc[nH]c13)=C2
O=C(Nc1ccc2c(c1)OCO2)OC1CCC2=C(C1)C(c1cccc3cc[nH]c13)=C2
O=C(Nc1ccc2c(c1)OCO2)OC1CCC2=C(C1)C(c1cccc3cc[nH]c13)=C2
O=C(Nc1ccc2c(c1)OCO2)OC1CC2=C(C1)C(c1cccc3cc[nH]c13)=C2
O=C(Nc1ccc2c(c1)OCO2)OC1CC2=C(C1)C(c1cccc3cc[nH]c13)=C2
O=C(Nc1ccc2c(c1)OCO2)OC1CC2=C(C1)C(c1cccc3cc[nH]c13)=C2
O=C(Nc1ccc2c(c1)OCO2)OC1CC2=C(C1)C(c1cccc3cc[nH]c13)=C2
O=C(Nc1ccc2c(c1)OCO2)OC1CC2=C(C1)C(c1cccc3cc[nH]c13)=C2
O=C(Nc1ccc2c(c1)OCO2)OC1CC2=C(C1)C(c1cccc3cc[nH]c13)=C2
O=C(Nc1ccc2c(c1)OCO2)OC1CC2=C(C1)C(c1cccc3cc[nH]c13)=C2
O=C(Nc1ccc2c(c1)OCO2)OC1CC2=C(C1)C(c1cccc3cc[nH]c13)=C2
O=C(Nc1ccc2c(c1)OCO2)OC1CC2=C(C1)C(c1cccc3cc[nH]c13)=C2
O=C(Nc1ccc2c(c1)OCO2)OC1CC2=C(C1)C(c1cccc3cc[nH]c13)=C2
O=C(Nc1ccc2c(c1)OCO2)OC1CC2=C(C1)C(c1cccc3cc[nH]c13)=C2
O=C(Nc1ccc2c(c1)OCO2)OC1CC2=C(C1)C(c1cccc3cc[nH]c13)=C2
O=C(Nc1ccc2c(c1)OCO2)OC1CC2=C(C1)C(c1cccc3cc[nH]c13)=C2
O=C(Nc1ccc2c(c1)OCO2)OC1CC2=C(C1)C(c1cccc3cc[nH]c13)=C2
O=C(Nc1ccc2c(c1)OCO2)OC1CC2=C(C1)C(c1cccc3cc[nH]c13)=C2
O=C(Nc1ccc2c(c1)OCO2)OC1CC2=C(C1)C(c1cccc3cc[nH]c13)=C2
O=C(Nc1ccc2c(c1)OCO2)OC1CC2=C(C1)C(c1cccc3cc[nH]c13)=C2
O=C(Nc1ccc2c(c1)OCO2)OC1CC2=C(C1)C(c1cccc3cc[nH]c13)=C2
O=C(Nc1ccc2c(c1)OCO2)OC1CC2=C(C1)C(c1cccc3cc[nH]c13)=C2
O=C(Nc1ccc2c(c1)OCO2)OC1CCC2=C(C=C2c2cccc3cc[nH]c23)C1
O=C(Nc1ccc2c(c1)OCO2)OC1CCC2=C(C=C2c2cccc3cc[nH]c23)C1
O=C(Nc1ccc2c(c1)OCO2)OC1CCC2=C(C=C2c2cccc3cc[nH]c23)C1
O=C(Nc1ccc2c(c1)OCO2)OC1CCC2=C(C=C2c2cccc3cc[nH]c23)C1
O=C(Nc1ccc2c(c1)OCO2)OC1CCC2=C(C=C2c2cccc3cc[nH]c23)C1
O=C(Nc1ccc2c(c1)OCO2)OC1CCC2=C(C=C2c2cccc3cc[nH]c23)C1
O=C(Nc1ccc2c(c1)OCO2)OC1CCCC2=C(C=C2c2cccc3cc[nH]c23)C1
O=C(Nc1ccc2c(c1)OCO2)OC1CCCC2=C(C=C2c2cccc3cc[nH]c23)C1
O=C(Nc1ccc2c(c1)OCO2)OC1CCCC2=C(C=C2c2cccc3cc[nH]c23)C1
O=C(Nc1ccc2c(c1)OCO2)OC1CC2=C(CC3CCCC31)C(c1cccc3cc[nH]c13)=C2
O=C(Nc1ccc2c(c1)OCO2)OC1CC2=C(CC3CCCCC31)C(c1cccc3cc[nH]c13)=C2
O=C(Nc1ccc2c(c1)OCO2)OC1CC2=C(CC3CCCCC31)C(c1cccc3cc[nH]c13)=C2
O=C(Nc1ccc2c(c1)OCO2)OC1CC2=C(CC3CCCCCC31)C(c1cccc3cc[nH]c13)=C2
O=C(Nc1ccc2c(c1)OCO2)OC1CC2=C(C(c3cccc4cc[nH]c34)=C2)C2CCCCCC12
O=C(Nc1ccc2c(c1)OCO2)OC1CC2=C(C(c3cccc4cc[nH]c34)=C2)C2CNCCCCC12
O=C(Nc1ccc2c(c1)OCO2)OC1CCC2=C(C=C2c2cccc3cc[nH]c23)C1
O=C(Nc1ccc2c(c1)OCO2)OC1CCC2=C(C=C2c2cccc3cc[nH]c23)C1
O=C(Nc1ccc2c(c1)OCO2)OC1CCC2=C(C=C2c2cccc3cc[nH]c23)C1
O=C(Nc1ccc2c(c1)OCO2)OC1CCC2=C(C=C2c2cccc3cc[nH]c23)C1
O=C(Nc1ccc2c(c1)OCO2)OC1CC2=C(C(c3cccc4cc[nH]c34)=C2)C2CNCC12
O=C(Nc1ccc2c(c1)OCO2)OC1CC2=C(C(c3cccc4cc[nH]c34)=C2)C2CNCC12
O=C(Nc1ccc2c(c1)OCO2)OC1CCC2=C(C=C2c2cccc3cc[nH]c23)C1
O=C(Nc1ccc2c(c1)OCO2)OC1CCC2=C(C=C2c2cccc3cc[nH]c23)C1
O=C(Nc1ccc2c(c1)OCO2)OC1CCNC2=C(C=C2c2cccc3cc[nH]c23)C1
O=C(Nc1ccc2c(c1)OCO2)OC1CCNC2=C(C=C2c2cccc3cc[nH]c23)C1
O=C(Nc1ccc2c(c1)OCO2)OC1CNC2=C(C=C2c2cccc3cc[nH]c23)C1
O=C(Nc1ccc2c(c1)OCO2)OC1CNC2=C(C=C2c2cccc3cc[nH]c23)C1
O=C(Nc1ccc2c(c1)OCO2)OC1CNC2=C(C=C2c2cccc3cc[nH]c23)C1
O=C(Nc1ccc2c(c1)OCO2)OC1CNC2=C(C=C2c2cccc3cc[nH]c23)C1
O=C(Nc1ccc2c(c1)OCO2)OC1CNC2=C(C=C2c2cccc3cc[nH]c23)C1
O=C(Nc1ccc2c(c1)OCO2)OC1CNC2=C(C=C(c3cccc4cc[nH]c34)C2)C1
O=C(Nc1ccc2c(c1)OCO2)OC1CNC2=C(C=C(c3cccc4cc[nH]c34)C2)C1
O=C(Nc1ccc2c(c1)OCO2)OC1CNC2=C(C=C(c3cccc4cc[nH]c34)CC2)C1
O=C(Nc1ccc2c(c1)OCO2)OC1CNc2ccc(-c3cccc4cc[nH]c34)cc2C1
O=C(Nc1ccc2c(c1)OCO2)OC1CCc2cc(-c3cccc4cc[nH]c34)ccc2NC1
O=C(Nc1ccc2c(c1)OCO2)OC1CCc2cc(-c3cccc4cc[nH]c34)ccc2NC1
O=C(Nc1ccc2c(c1)OCO2)OC1CCc2cc(-c3cccc4cc[nH]c34)ccc2NC1
O=C(Nc1ccc2c(c1)OCO2)OC1CNc2ccc(-c3cccc4cc[nH]c34)cc2C1
O=C(Nc1ccc2c(c1)OCO2)OC1CNc2ccc(-c3cccc4cc[nH]c34)cc2C1
O=C(Nc1ccc2c(c1)OCO2)OC1CNc2ccc(-c3cccc4cc[nH]c34)cc2C1
O=C(Nc1ccc2c(c1)OCO2)OC1CNc2ccc(-c3cccc4cc[nH]c34)cc2C1
O=C(Nc1ccc2c(c1)OCO2)OC1CNc2ccc(-c3cccc4cc[nH]c34)cc2C1
O=C(Nc1ccc2c(c1)OCO2)OC1CNc2ccc(-c3cccc4cc[nH]c34)cc2C1
O=S(=O)(Nc1ccccc1)c1ccc(-c2ccc3c(cnn3-c3ccccc3)c2)cc1
O=S(=O)(Cc1ccccc1)c1ccc(-c2ccc3c(cnn3-c3ccccc3)c2)cc1
O=S(=O)(Cc1ccccc1)C1=CC(c2ccc3c(cnn3-c3ccccc3)c2)C=C1
O=S(=O)(Cc1ccccc1)C1=CC(Oc2ccc3c(cnn3-c3ccccc3)c2)C=C1
O=S(=O)(Cc1ccccc1)C1=CC(Oc2ccc3c(cnn3-c3ccccc3)c2)C1
O=S(=O)(C=CCOc1ccc2c(cnn2-c2ccccc2)c1)Cc1ccccc1
O=S(=O)(C=COc1ccc2c(cnn2-c2ccccc2)c1)Cc1ccccc1
O=S(C=COc1ccc2c(cnn2-c2ccccc2)c1)Cc1ccccc1
O=S(COc1ccc2c(cnn2-c2ccccc2)c1)Cc1ccccc1
O=S(COc1ccc2c(cnn2-c2ccccc2)c1)Cc1ccccc1
c1ccc(CCCOc2ccc3c(cnn3-c3ccccc3)c2)cc1
c1ccc(CCCOc2ccc3c(cnn3-c3ccccc3)c2)cc1
c1ccc(CCCOc2ccc3c(cnn3-c3ccccc3)c2)cc1
c1ccc(CCCOc2ccc3c(cnn3-c3ccccc3)c2)cc1
c1ccc(CCCOc2ccc3c(cnn3-c3ccccc3)c2)cc1
c1ccc(CCCOc2ccc3c(cnn3-c3ccccc3)c2)cc1
c1ccc(CCCOc2ccc3c(cnn3-c3ccccc3)c2)cc1
c1ccc(CCCOc2ccc3c(cnn3-c3ccccc3)c2)cc1
c1ccc(COCCOc2ccc3c(cnn3-c3ccccc3)c2)cc1
c1ccc(COCCCOc2ccc3c(cnn3-c3ccccc3)c2)cc1
c1ccc(COCCCOc2ccc3c(cnn3-c3ccccc3)c2)cc1
c1ccc(COc2ccccc2-n2ncc3ccccc32)cc1
c1ccc(COc2ccccc2-n2ncc3ccccc32)cc1
c1ccc(COc2ccccc2-n2ncc3ccccc32)cc1
c1ccc(COc2ccccc2-n2ncc3ccccc32)cc1
c1ccc(COc2ccc(-n3ncc4ccccc43)cc2)cc1
c1ccc(COc2ccc(-n3ncc4ccccc43)cc2)cc1
c1ccc(COc2ccc(-n3ncc4ccccc43)cc2)cc1
c1ccc(COc2ccc(-n3ncc4ccccc43)cc2)cc1
c1ccc(COc2ccc(-n3ncc4ccccc43)cc2)cc1
c1ccc(COc2ccc(-n3ncc4ccccc43)cc2)cc1
c1ccc(COc2ccc(-n3ncc4ccccc43)cc2)cc1
c1ccc(COc2ccc(-n3ncc4ccccc43)cc2)cc1
c1ccc(COc2ccc(-n3ncc4ccccc43)cc2)cc1
c1ccc(COc2ccc(-n3ncc4ccccc43)cc2)cc1
c1ccc(COc2ccc(-n3ncc4ccccc43)cc2)cc1
c1ccc(COc2ccc(-n3ncc4ccccc43)cc2)cc1
c1ccc(COc2ccc(-n3ncc4ccccc43)cc2)cc1
c1ccc(COc2ccc(-n3ncc4ccccc43)cc2)cc1
c1ccc(COc2ccc(-n3ncc4ccccc43)cc2)cc1
c1ccc(COc2ccc(-n3ncc4ccccc43)cc2)cc1
c1ccc(COc2ccc(-n3ncc4ccccc43)cc2)cc1
c1ccc(COc2ccc(-n3ncc4ccccc43)cc2)cc1
c1ccc(COc2ccc(-n3ncc4ccccc43)cc2)cc1
c1ccc(COc2ccc3c(cnn3-c3ccccc3)c2)cc1
c1ccc(COc2ccc3c(cnn3-c3ccccc3)c2)cc1
c1ccc(COc2ccc3c(cnn3-c3ccccc3)c2)cc1
c1ccc(COc2ccc3c(cnn3-c3ccccc3)c2)cc1
c1ccc(COc2ccc3c(cnn3-c3ccccc3)c2)cc1
c1ccc(COc2ccc3c(cnn3-c3ccccc3)c2)cc1
C1=CCC(n2ncc3cc(OCc4ccccc4)ccc32)=C1
c1ccc(COc2ccc3c(cnn3-c3ccc[nH]3)c2)cc1
c1ccc(COc2ccc3c(cnn3-c3ccc[nH]3)c2)cc1
C1=CCC(n2ncc3cc(OCc4ccccc4)ccc32)=C1
C1=CCC(n2ncc3cc(OCc4ccccc4)ccc32)=C1
C1=CCC(n2ncc3cc(OCc4ccccc4)ccc32)=C1
C1=CCC(n2ncc3cc(OCc4ccccc4)ccc32)=CC1
C1=CC(n2ncc3cc(OCc4ccccc4)ccc32)=CC1
C1=CC(n2ncc3cc(OCc4ccccc4)ccc32)=C1
C1=CC(n2ncc3cc(OCc4ccccc4)ccc32)=N1
C1=NC(n2ncc3cc(OCc4ccccc4)ccc32)=C1
c1ccc(COc2ccc3c(cnn3-c3ccns3)c2)cc1
O=S(=O)(Nc1ccccc1)c1ccc(-c2ccc3c(cnn3-c3ccccc3)c2)cc1
O=S(=O)(Nc1ccccc1)c1ccc(-c2ccc(Nc3ccccc3)cc2)cc1
O=S(=O)(Nc1ccccc1)c1ccc(-c2ccc(Nc3ccccc3)cc2)cc1
O=S(=O)(Nc1ccccc1)c1ccc(-c2ccc(Nc3ccccc3)cc2)cc1
O=S(=O)(Nc1ccccc1)c1ccc(C2=CC=C(Nc3ccccc3)CC2)cc1
O=S(=O)(Nc1ccccc1)c1ccc(C2=Cc3c([nH]c4ccccc34)CC2)cc1
O=S(=O)(Nc1ccccc1)c1ccc(C2=Cc3c([nH]c4ccccc34)CC2)cc1
O=S(=O)(Nc1ccccc1)c1ccc(C2=Cc3c([nH]c4ccccc34)CC2)cc1
O=S(=O)(Nc1ccccc1)c1ccc(C2=Cc3c([nH]c4ccccc34)CC2)cc1
O=S(=O)(Nc1ccccc1)c1ccc(C2=Cc3c([nH]c4ccccc34)CC2)cc1
O=S(=O)(Nc1ccccc1)c1ccc(C2=Cc3c([nH]c4ccccc34)CC2)cc1
O=S(=O)(Nc1ccccc1)c1ccc(C2=Cc3c([nH]c4ccccc34)CC2)cc1
O=S(=O)(Nc1ccccc1)c1ccc2c(c1)CCCCC2=Cc1c[nH]c2ccccc12
O=S(=O)(Nc1ccccc1)c1ccc2c(c1)CCCC2=Cc1c[nH]c2ccccc12
O=S(=O)(Nc1ccccc1)c1ccc2c(c1)CCCC2=Cc1c[nH]c2ccccc12
C=C1CCCc2cc(S(=O)(=O)Nc3ccccc3)cc(-c3c[nH]c4ccccc34)c21
C=C1CCCc2cc(S(=O)(=O)Nc3ccccc3)cc(-c3c[nH]c4ccccc34)c21
C=C1CCCCc2cc(S(=O)(=O)Nc3ccccc3)cc(-c3c[nH]c4ccccc34)c21
O=S(=O)(Nc1ccccc1)c1cc2c(c(-c3c[nH]c4ccccc34)c1)CCCCC2
O=S(=O)(Nc1ccccc1)c1cc2c(c(-c3c[nH]c4ccccc34)c1)CCCCC2
O=S(=O)(Nc1ccccc1)c1cc2c(c(-c3c[nH]c4ccccc34)c1)CCCCC2
O=S(=O)(Nc1ccccc1)c1cc2c(c(-c3c[nH]c4ccccc34)c1)CCCCC2
O=S(Nc1ccccc1)c1cc2c(c(-c3c[nH]c4ccccc34)c1)CCCCC2
c1ccc(NSc2cc3c(c(-c4c[nH]c5ccccc45)c2)CCCCC3)cc1
c1ccc(-c2cc3c(c(-c4c[nH]c5ccccc45)c2)CCCCC3)cc1
c1ccc(-c2cc3c(c(-c4c[nH]c5ccccc45)c2)CCCC3)cc1
c1ccc(-c2cc3c(c(-c4c[nH]c5ccccc45)c2)CCCC3)cc1
c1ccc(-c2cc3c(c(-c4c[nH]c5ccccc45)c2)CCCN3)cc1
c1ccc(Nc2cc3c(c(-c4c[nH]c5ccccc45)c2)CCCN3)cc1
c1ccc(Nc2cc3c(c(-c4c[nH]c5ccccc45)c2)CCCN3)cc1
c1ccc(Nc2cc3c(c(-c4c[nH]c5ccccc45)c2)CCCN3)cc1
c1ccc(Nc2cc3c(c(-c4c[nH]c5ccccc45)c2)CCCN3)cc1
c1ccc(Nc2cc3c(c(-c4c[nH]c5ccccc45)c2)CCCN3)cc1
c1ccc(Nc2cc3c(c(-c4c[nH]c5ccccc45)c2)CCCN3)cc1
c1ccc(Nc2cc3c(c(-c4c[nH]c5ccccc45)c2)CCCN3)cc1
c1ccc(Nc2cc3c(c(-c4c[nH]c5ccccc45)c2)CCCN3)cc1
c1ccc(Nc2cc3c(c(-c4c[nH]c5ccccc45)c2)CCCN3)cc1
c1ccc(Nc2cc3c(c(-c4c[nH]c5ccccc45)c2)CCCN3)cc1
c1ccc(Cc2cc3c(c(-c4c[nH]c5ccccc45)c2)CCCN3)cc1
c1ccc(-c2ccc(-c3c[nH]c4ccccc34)c3c2NCCC3)cc1
c1ccc(-c2ccc(-c3c[nH]c4ccccc34)c3c2NCCC3)cc1
c1ccc(-c2ccc(-c3c[nH]c4ccccc34)c3c2NCCC3)cc1
c1ccc(-c2ccc(-c3c[nH]c4ccccc34)c3c2NCCC3)cc1
c1ccc(-c2ccc(-c3c[nH]c4ccccc34)c3c2NCCC3)cc1
c1ccc(-c2ccc(-c3c[nH]c4ccccc34)c3c2NCCC3)cc1
c1ccc2c(c1)CCCNc1cc(-c3c[nH]c4ccccc34)ccc1-2
c1ccc2c(c1)CCCNc1cc(-c3c[nH]c4ccccc34)ccc1-2
c1ccc2c(c1)CCCNc1cc(-c3c[nH]c4ccccc34)ccc1-2
c1ccc2c(c1)CCCNc1cc(-c3c[nH]c4ccccc34)ccc1-2
c1ccc2c(c1)CCCNc1cc(-c3c[nH]c4ccccc34)ccc1-2
c1ccc2c(c1)CCCNc1cc(-c3c[nH]c4ccccc34)ccc1-2
c1ccc2c(c1)CCCNc1cc(-c3c[nH]c4ccccc34)ccc1-2
c1ccc2c(c1)CCCNc1cc(-c3c[nH]c4ccccc34)ccc1-2
c1ccc2c(c1)CCCNc1cc(-c3c[nH]c4ccccc34)ccc1-2
c1ccc2c(c1)CCCNc1cc(-c3c[nH]c4ccccc34)ccc1-2
c1ccc2c(c1)CCCNc1cc(-c3c[nH]c4ccccc34)ccc1-2
c1ccc2c(c1)CCCNc1cc(-c3c[nH]c4ccccc34)ccc1-2
c1ccc2c(c1)CCCNc1cc(-c3c[nH]c4ccccc34)ccc1-2
c1ccc2c(c1)CCCNc1cc(-c3c[nH]c4ccccc34)ccc1-2
c1ccc2c(c1)CCCNc1cc(-c3c[nH]c4ccccc34)ccc1-2
c1ccc2c(c1)CCCNc1cc(-c3c[nH]c4ccccc34)ccc1-2
c1ccc2c(c1)CCCNc1cc(-c3c[nH]c4ccccc34)ccc1-2
c1ccc2c(c1)CCCNc1cc(-c3c[nH]c4ccccc34)ccc1-2
c1ccc2c(c1)CCCNc1cc(-c3c[nH]c4ccccc34)ccc1-2
c1ccc2c(c1)CCCNc1cc(-c3c[nH]c4ccccc34)ccc1-2
C1=CC2CCCNc3cc(-c4c[nH]c5ccccc45)ccc3C2=C1
C1=CC2c3ccc(-c4c[nH]c5ccccc45)cc3NCCCC12
c1ccc2c(-c3ccc4c(c3)NCCCCC4)c[nH]c2c1
c1ccc2c(-c3ccc4c(c3)NCCCCC4)c[nH]c2c1
c1ccc2c(-c3ccc4c(c3)NCCCCC4)c[nH]c2c1
c1ccc2c(-c3ccc4c(c3)NCCCCC4)c[nH]c2c1
c1ccc2c(-c3ccc4c(c3)NCCCCC4)c[nH]c2c1
c1ccc2c(-c3ccc4c(c3)NCCCCC4)c[nH]c2c1
c1ccc2c(-c3ccc4c(c3)NCCCCC4)c[nH]c2c1
c1ccc2c(-c3ccc4c(c3)NCCCC4)c[nH]c2c1
c1ccc2c(-c3ccc4c(c3)CCCCC4)c[nH]c2c1
c1ccc2c(-c3ccc4c(c3)CCCCC4)c[nH]c2c1
c1ccc2c(-c3ccc4c(c3)CCCCC4)c[nH]c2c1
c1ccc2c(-c3ccc4c(c3)CCCCC4)c[nH]c2c1
c1ccc2c(-c3ccc4c(c3)CCCCN4)c[nH]c2c1
c1ccc2c(-c3ccc4c(c3)CCCCN4)c[nH]c2c1
c1ccc2c(-c3ccc4c(c3)CCCN4)c[nH]c2c1
c1ccc2c(-c3ccc4c(c3)CCCN4)c[nH]c2c1
O=S(=O)(Nc1ccccc1)c1ccc(-c2ccc3c(cnn3-c3ccccc3)c2)cc1
c1ccc(-c2cccc(-c3ccc4c(cnn4-c4ccccc4)c3)c2)cc1
c1ccc(-c2cccc(-c3ccc4c(cnn4-c4ccccc4)c3)c2)cc1
c1ccc(-n2ncc3cc(-c4cccc(-c5cccnc5)c4)ccc32)cc1
c1ccc(-n2ncc3cc(-c4cccc(-c5cccnc5)c4)ccc32)cc1
c1ccc(-n2ncc3cc(-c4cccc(-c5cccnc5)c4)ccc32)cc1
c1ccc(-n2ncc3cc(-c4cccc(-c5cccnc5)c4)ccc32)cc1
c1ccc(-n2ncc3cc(-c4cccc(-c5cccnc5)c4)ccc32)cc1
c1ccc(-n2ncc3cc(-c4cccc(-c5cccnc5)c4)ccc32)cc1
c1ccc(-n2ncc3cc(-c4cccc(-c5cccnc5)c4)ccc32)cc1
c1ccc(-n2ncc3cc(-c4cccc(-c5cccnc5)c4)ccc32)cc1
c1ccc(-n2ncc3cc(-c4cccc(-c5cccnc5)c4)ccc32)cc1
c1ccc(-n2ncc3cc(-c4cccc(-c5cccnc5)c4)ccc32)cc1
c1ccc(-n2ncc3cc(-c4cccc(-c5cccnc5)c4)ccc32)cc1
c1ccc(-c2cc(-c3cccnc3)cc(-c3ccc4[nH]ncc4c3)c2)cc1
c1ccc(-c2cc(-c3cccnc3)cc(-c3ccc4[nH]ncc4c3)c2)cc1
c1ccc(-c2cc(-c3cccnc3)cc(-c3ccc4[nH]ncc4c3)c2)cc1
C1=Nc2ccc(-c3cc(-c4ccccc4)cc(-c4cccnc4)c3)cc21
c1ccc(-c2cc(-c3cccnc3)cc(-c3ccc4nc[nH]c4c3)c2)cc1
c1ccc(-c2cc(-c3cccnc3)cc(-c3ccc4nc[nH]c4c3)c2)cc1
c1ccc(-c2cc(-c3cccnc3)cc(-c3ccc4cc[nH]c4c3)c2)cc1
c1ccc(-c2cc(-c3cccnc3)cc(-c3ccc4cc[nH]c4c3)c2)cc1
c1ccc(-c2cc(-c3cccnc3)cc(-c3cc4[nH]ccc4cn3)c2)cc1
c1ccc(-c2cc(-c3cccnc3)cc(-c3cc4[nH]ccc4cn3)c2)cc1
c1ccc(-c2cc(-c3cccnc3)cc(-c3cc4[nH]ccc4cn3)c2)cc1
c1ccc(-c2cc(-c3cccnc3)cc(-c3cc4[nH]ccc4cn3)c2)cc1
c1ccc(-c2cc(CCCCCc3cc4cnccc4[nH]3)cc(-c3cccnc3)c2)cc1
c1ccc(-c2cc(CCCCc3cc4cnccc4[nH]3)cc(-c3cccnc3)c2)cc1
c1ccc(-c2cc(CCCCc3cc4cnncc4[nH]3)cc(-c3cccnc3)c2)cc1
c1ccc(-c2cc(CCCc3cc4cnncc4[nH]3)cc(-c3cccnc3)c2)cc1
c1ccc(-c2cc(CCCc3cc4ccncc4[nH]3)cc(-c3cccnc3)c2)cc1
c1ccc(-c2cc(CCCc3cc4ccncc4[nH]3)cc(-c3cccnc3)c2)cc1
c1ccc(-c2cc(CCCc3cc4ccncc4[nH]3)cc(-c3cccnc3)c2)cc1
c1ccc(CCc2cc(CCCc3cc4ccncc4[nH]3)cc(-c3cccnc3)c2)cc1
c1cc(CCCc2cc3ccncc3[nH]2)cc(CCc2cccc(-c3cccnc3)c2)c1
c1cc(CCCc2cc3ccncc3[nH]2)cc(CCc2cccc(-c3cccnc3)c2)c1
c1cc(CCCc2cc3ccncc3[nH]2)cc(CCc2cccc(-c3cccnc3)c2)c1
c1cc(CCCc2cc3ccncc3[nH]2)cc(CCc2cccc(-c3cccnc3)c2)c1
c1cc(CCc2cccc(-c3cccnc3)c2)cc(CCc2cc3ccncc3[nH]2)c1
c1cc(CCc2cccc(-c3cccnc3)c2)cc(Cc2cc3ccncc3[nH]2)c1
c1cc(Cc2cccc(-c3cccnc3)c2)cc(Cc2cc3ccncc3[nH]2)c1
c1cc(Cc2cccc(-c3cccnc3)c2)cc(Cc2cc3ccncc3[nH]2)c1
C(C=CCc1cc2ccncc2[nH]1)=CCCc1cccc(-c2cccnc2)c1
C(C=CCc1cc2ccncc2[nH]1)=CCc1cccc(-c2cccnc2)c1
C(=CCc1cccc(-c2cccnc2)c1)=CCc1cc2ccncc2[nH]1
C=C(C=CCc1cc2ccncc2[nH]1)Cc1cccc(-c2cccnc2)c1
C=C(CCCc1cc2ccncc2[nH]1)Cc1cccc(-c2cccnc2)c1
C=C(CCc1cc2ccncc2[nH]1)Cc1cccc(-c2cccnc2)c1
c1cncc(-c2cccc(CCCCc3cc4ccncc4[nH]3)c2)c1
c1cncc(-c2cccc(CCCCc3cc4ccncc4[nH]3)c2)c1
c1cncc(-c2cccc(CCCCc3cc4ccncc4[nH]3)c2)c1
c1cncc(-c2cccc(CCCc3cc4ccncc4[nH]3)c2)c1
c1cncc(-c2cccc(CCCc3cc4ccncc4[nH]3)c2)c1
c1cncc(-c2cccc(CCCc3cc4ccncc4[nH]3)c2)c1
c1cncc(-c2cccc(CCCc3cc4ccncc4[nH]3)c2)c1
c1cncc(-c2cccc(CCCc3cc4ccncc4[nH]3)c2)c1
c1cncc(-c2cccc(CCCc3cc4ccncc4[nH]3)c2)c1
c1cncc(-c2cccc(CCCCc3cc4ccncc4[nH]3)c2)c1
c1cncc(-c2cccc(CCCCc3cc4ccncc4[nH]3)c2)c1
c1cncc(-c2cccc(CCCCc3cc4ccncc4[nH]3)c2)c1
c1cncc(-c2cccc(CCCCc3cc4ccncc4[nH]3)c2)c1
c1cncc(-c2cccc(CCCCc3cc4ccncc4[nH]3)c2)c1
c1cncc(-c2cccc(CCCCc3cc4ccncc4[nH]3)c2)c1
c1cncc(-c2cccc(CCCCc3cc4ccncc4[nH]3)c2)c1
c1cncc(-c2cccc(CCCCc3cc4ccncc4[nH]3)c2)c1
c1cncc(-c2cccc(CCCCCc3cc4ccncc4[nH]3)c2)c1
c1cncc(-c2cccc(CCCCCc3cc4ccncc4[nH]3)c2)c1
c1cncc(-c2cccc(CCCCc3cc4ccncc4[nH]3)c2)c1
c1cc(-c2ccc3c(c2)CCCN3)c2[nH]ccc2c1
c1cc(-c2ccc3c(c2)CCCN3)c2[nH]ccc2c1
c1ccc(-c2ccc3c(c2)CCCN3)cc1
c1ccc(-c2ccc3c(c2)CCCN3)cc1
c1ccc(-c2ccc3c(c2)CCCN3)cc1
c1ccc(-c2ccc3c(c2)CCCN3)cc1
c1ccc(-c2ccc3c(c2)CCCC3)cc1
c1ccc(-c2ccc3c(c2)CCC2CC32)cc1
c1ccc(-c2ccc3c(c2)CCC2CC32)cc1
c1ccc(-c2ccc3c(c2)CCCC2CC32)cc1
c1ccc(-c2ccc3c(c2)CCCC2CC32)cc1
c1ccc(-c2ccc3c(c2)CCCCC2CC32)cc1
c1ccc(-c2ccc3c(c2)CCCCC2CC32)cc1
c1ccc(-c2ccc3c(c2)CCCCC2CC32)cc1
c1ccc(-c2ccc3c(c2)CCCCC2CC32)cc1
c1ccc(-c2ccc3c(c2)CCCCC2CC32)cc1
c1ccc(-c2ccc3c(c2)CCCCC2CC32)cc1
c1ccc(-c2ccc3c(c2)CCCCC2CC32)cc1
c1ccc(-c2ccc3c(c2)CCCCC2CC32)cc1
c1ccc(-c2ccc3c(c2)CCCCC2CC32)cc1
c1ccc(-c2ccc3c(c2)CCCCC2CC32)cc1
c1ccc(-c2ccc3c(c2)CCCCC2CCC32)cc1
c1ccc(-c2ccc3c(c2)CCCCC2CCC32)cc1
c1ccc(-c2ccc3c(c2)CCCCC2CCC32)cc1
c1ccc(-c2ccc3c(c2)CCCC2CCC32)cc1
c1ccc(-c2cccc(CC3CC4CCC4C3)c2)cc1
c1ccc(-c2cccc(CC3CC4CCC4C3)c2)cc1
c1ccc(-c2cccc(CC3CC4CCC4C3)c2)cc1
c1ccc(-c2cccc(CC3CC4CCC4C3)c2)cc1
c1ccc(-c2cccc(CCC3CC4CCC4C3)c2)cc1
c1ccc(-c2cccc(CCCC3CC4CCC4C3)c2)cc1
c1ccc(-c2cccc(CCCC3CC4CCC4C3)c2)cc1
O=C(CSOCCc1cccc(-c2ccccc2)c1)C1CCC2CCC21
O=C(CSOCc1cccc(-c2ccccc2)c1)C1CCC2CCC21
O=C(CSCc1cccc(-c2ccccc2)c1)C1CCC2CCC21
O=C(CSCc1cccc(-c2ccccc2)c1)C1CCC2CCC21
O=C(CSCc1cccc(-c2ccccc2)c1)C1CCC2CCC21
O=C(CSc1cccc(-c2ccccc2)c1)C1CCC2CCC21
O=C(CSC1=CC=CC1c1ccccc1)C1CCC2CCC21
O=C(CSC1=CC=C1c1ccccc1)C1CCC2CCC21
O=C(CSc1ccc(-c2ccccc2)o1)C1CCC2CCC21
O=C(CSc1ncc(-c2ccccc2)o1)C1CCC2CCC21
O=C(CSc1ncc(Cc2ccccc2)o1)C1CCC2CCC21
O=C(CSc1nnc(Cc2ccccc2)o1)C1CCC2CCC21
O=C(CSc1nnc(-c2ccccc2)o1)C1CCC2CCC21
O=C(CSc1nnc(-c2ccccc2)o1)C1CCC2CCC21
O=C(CSc1nnc(-c2ccccc2)o1)C1CCCC2CCC21
O=C(CSc1nnc(-c2ccccc2)o1)C1CCCC2CCC21
O=C(CSc1nnc(-c2ccccc2)o1)C1CCCC2CCC21
O=C(CSc1nnc(-c2ccccc2)o1)C1CCCC2CCCC21
O=C(CSc1nnc(-c2ccccc2)o1)C1CCCC2CCCC21
O=C(CSc1nnc(-c2ccccc2)o1)C1CCCC2CCCCC21
O=C(CSc1nnc(-c2ccccc2)o1)C1CCCC2CCCCC21
O=C(CSc1nnc(-c2ccccc2)o1)C1CCCC2CCCCCC21
O=C(CSc1nnc(-c2ccccc2)o1)C1CCCC2CCCCCC21
O=C(CSc1nnc(-c2ccccc2)o1)C1CCCC2CCCCCC21
O=C(CSc1nnc(-c2ccccc2)o1)C1CCC2CCCCCC21
O=C(CSc1nnc(-c2ccccc2)o1)C1CCC2C3CC3CCCC12
O=C(CSc1nnc(-c2ccccc2)o1)C1CCC2C1CCC1CC3C1C23
O=C(CSc1nnc(-c2ccccc2)o1)C1CCC2CC3CC3CCC21
O=C(CSc1nnc(-c2ccccc2)o1)C1CCC2CC3CC3CCC21
O=C(CSc1nnc(-c2ccccc2)o1)C1CCC2CC3CC3CCC21
O=C(CSc1nnc(-c2ccccc2)o1)C1CCC2CC3CCC3CCC21
O=C(CSc1nnc(-c2ccccc2)o1)C1CCC2CCC3CCC3CCC21
O=C(CSc1nnc(-c2ccccc2)o1)C1CCC2CCC3CCC3CCC21
O=C(CSc1nnc(-c2ccccc2)o1)C1CCC2CCC3CCC3CCC21
O=C(CSc1nnc(-c2ccccc2)o1)C1CCC2C1CCC1CCC1C1CC12
O=C(CSc1nnc(-c2ccccc2)o1)C1CCC2C1CCC1CC1C1CC12
O=C(CSc1nnc(-c2ccccc2)o1)C1CCC2C1CCC1CC1C1CCC12
O=C(CSc1nnc(-c2ccccc2)o1)C1CCC2C1CCC1CC1C1CCCC12
O=C(CSc1nnc(-c2ccccc2)o1)C1CCC2C1CCC1CC1C1CCCC12
O=C(CSc1nnc(-c2ccccc2)o1)C1CCC2C1CCC1CC1C1CCCC12
O=C(CSc1nnc(-c2ccccc2)o1)C1CCC2C1CCC1CCC1C1CCCC12
O=C(CSc1nnc(-c2ccccc2)o1)C1CCC2C1CCC1CCC1C1CCCC12
O=C(CSc1nnc(-c2ccccc2)o1)C1CCC2C1CCC1CCC1C1CCCC12
O=C(CSc1nnc(-c2ccccc2)o1)C1CCC2C1CCC1CCC1C1CCCC12
O=C(CSc1nnc(-c2ccccc2)o1)C1CCC2C1CCC1CCCC1C1CCCC12
O=C(CSc1nnc(-c2ccccc2)o1)C1CCC2C1CCC1CCCC1C1CCCCC12
O=C(CSc1nnc(-c2ccccc2)o1)C1CCC2C1CCC1CCCC1C1CCCCC12
O=C(CSc1nnc(-c2ccccc2)o1)C1CCC2C1CCC1CCCCC1C1CCCCC12
O=C(CSc1nnc(-c2ccccc2)o1)C1CCC2C1CCC1CCCC1C1CCCCC12
O=C(CSc1nnc(-c2ccccc2)o1)C1CCC2C1CCC1CCCC1C1CCCCC12
O=C(CSc1nnc(-c2ccccc2)o1)C1CCC2C1CCC1CCCC1C1CCCCC12
O=C(CSc1nnc(-c2ccccc2)o1)C1CCC2C1CCC1CCCCC1C1CCCCC12
O=C(CSc1nnc(-c2ccccc2)o1)C1CCC2C1CCC1C(C3CCCCC3)CCCC12
O=C(CSc1nnc(-c2ccccc2)o1)C1CCC2C1CCC1C(C3CCCC3)CCCC12
O=C(CSc1nnc(-c2ccccc2)o1)C1CCC2C1CCC1C(C3CCC3)CCCC12
O=C(CSc1nnc(-c2ccccc2)o1)C1CCC2C1CCC1C(C3CCC3)CCCCC12
O=C(CSc1nnc(-c2ccccc2)o1)C1CCC2C1CCC1C(C3CCC3)CCCCC12
O=C(CSc1nnc(-c2ccccc2)o1)C1CCC2C1CCC1C(C3CCC3)CCCCCC12
O=C(CSc1nnc(-c2ccccc2)o1)C1CCC2C1CCC1C(C3CCC3)CCCCCC12
O=C(CSc1nnc(-c2ccccc2)o1)C1CCC2C1CCC1C(C3CCCC3)CCCCCC12
O=C(CSc1nnc(-c2ccccc2)o1)C1CCC2C1CCC1C(C3CCCC3)CCCCC12
O=C(CSc1nnc(-c2ccccc2)o1)C1CCC2C1CCC1C(C3CCCCC3)CCCCC12
O=C(CSc1nnc(-c2ccccc2)o1)C1CCC2C1CCC1C(C3CCCCC3)CCCCC12
O=C(CSc1nnc(-c2ccccc2)o1)C1CCC2C1CCC1C2CCCCC1N1CCCCC1
O=C(CSc1nnc(-c2ccccc2)o1)C1CCC2C1CCC1C2CCCCC1N1CCCCC1
O=C(CSc1nnc(-c2ccccc2)o1)C1CCC2C1CCC1C2CCCCC1N1CCCC1
O=C(CSc1nnc(-c2ccccc2)o1)C1CCC2C3CCCCCC3CCC12
O=C(CSc1nnc(-c2ccccc2)o1)C1CCC2C3CCCCC3CCC12
O=C(CSc1nnc(-c2ccccc2)o1)C1CCC2C3CCCCC3CCC12
O=C(CSc1nnc(-c2ccccc2)o1)C1CCC2C3CCCCC3CCC12
O=C(CSc1nnc(-c2ccccc2)o1)C1CCC2C3CCCCC3CCC12
O=C(CSc1nnc(-c2ccccc2)o1)C1CCC2C3CCCCCC3CCC12
O=C(CSc1nnc(-c2ccccc2)o1)C1CCC2C3CCCCCC3CCC12
O=C(CSc1nnc(-c2ccccc2)o1)C1CCC2C3CCCCCCC3CCC12
O=C(CSc1nnc(-c2ccccc2)o1)C1CCC2C3CCCCCCC3CCC12
O=C(CSc1nnc(-c2ccccc2)o1)C1CCC2C3CCCCCCC3CCC12
O=C(CSc1nnc(-c2ccccc2)o1)C1CCC2C3CCCCCCC3CCC12
O=C(CSc1nnc(-c2ccccc2)o1)C1CCC2C3CCCCCCC3CCC12
O=C(CSc1nnc(-c2ccccc2)o1)C1CCC2C3CCCCCC3CCC12
O=C(CSc1nnc(-c2ccccc2)o1)C1CCC2C3CCCCCC3CCC12
O=C(CSc1nnc(-c2ccccc2)o1)C1CCC2C3CCCCCCC3CCC12
O=C(CSc1nnc(-c2ccccc2)o1)C1CCC2C3CCCCCCC3CCC12
O=C(CSc1nnc(-c2ccccc2)o1)C1CCC2C3CCCCCC3CCC12
O=C(CSc1nnc(-c2ccccc2)o1)C1CCC2C3CCCCC3CCC12
O=C(CSc1nnc(-c2ccccc2)o1)C1CCC2C3CCCCC3CCC12
O=C(CSc1nnc(-c2ccccc2)o1)C1CCC2C3CCCCC3CCC12
O=C(CSc1nnc(-c2ccccc2)o1)C1CCC2C3CCCCC3CCC12
O=C(CSc1nnc(-c2ccccc2)o1)C1CCC2C3CCCCC3CCC12
O=C(CSc1nnc(-c2ccccc2)o1)C1CCC2C3CCCCC3CCC12
O=C(CSc1nnc(-c2ccccc2)o1)C1CCC2C3CCCC3CCC12
O=C(CSc1nnc(-c2ccccc2)o1)C1CCC2C3CCCC3CCC12
O=C(CSc1nnc(-c2ccccc2)o1)C1CCC2C3CCCCC3CCC12
O=C(CSc1nnc(-c2ccccc2)o1)C1CCC2C3CCCCC3CCC12
O=C(CSc1nnc(-c2ccccc2)o1)C1CCC2C3CCCCC3CCC12
O=C(CSc1nnc(-c2ccccc2)o1)C1CCC2C3CCCCC3CCC12
O=C(CSc1nnc(-c2ccccc2)o1)C1CCC2C3CCCCC3CCC12
O=C(CSc1nnc(-c2ccccc2)o1)C1CCC2C3CCCCC3CCC12
O=C(CSc1nnc(-c2ccccc2)o1)C1CCC2C3CCCCC3CCC12
O=C(CSc1nnc(-c2ccccc2)o1)C1CCC2C3CCCCC3CCC12
O=C(CSc1nnc(-c2ccccc2)o1)C1CCC2C3CCCC3CCC12
O=C(CSc1nnc(-c2ccccc2)o1)C1CCC2C3CCCC3CCC12
O=C(CSc1nnc(-c2ccccc2)o1)C1CCC2C3CCCC3CCC12
O=C(CSc1nnc(-c2ccccc2)o1)C1CCC2C3CCCC3CCC12
O=C(CSc1nnc(-c2ccccc2)o1)C1CCC2C3CCCC3CCC12
O=C(CSc1nnc(-c2ccccc2)o1)C1CCC2C3CCCC3CCC12
O=C(CSc1nnc(-c2ccccc2)o1)C1CCC2C3CCCC3CCC12
O=C(CSc1nnc(-c2ccccc2)o1)C1CCC2C3CCCC3CCC12
O=C(CSc1nnc(-c2ccccc2)o1)C1CCC2C3CCCC3CCC12
O=C(CSc1nnc(-c2ccccc2)o1)C1CCC2C1CCC1C2CCC1N1CCC1=O
O=C(CSc1nnc(-c2ccccc2)o1)C1CCC2C3CCCC3CCC12
O=C(CSc1nnc(-c2ccccc2)o1)C1CCC2C3CCCC3CCC12
O=C(CSc1nnc(-c2ccccc2)o1)C1CCC2C1CCC1C(C3CC3=O)CCC21
O=C(CSc1nnc(-c2ccccc2)o1)C1CCC2C1CCC1C(C3CC3=O)CCCC21
O=C(CSc1nnc(-c2ccccc2)o1)C1CCC2C1CCC1C(C3CC3=O)CCCC21
O=C(CSc1nnc(-c2ccccc2)o1)C1CCC2C1CCC1C(C3CC3)CCCC12
O=C(CSc1nnc(-c2ccccc2)o1)C1CCC2C1CCC1C(C3CC3)CCCCC12
O=C(CSc1nnc(-c2ccccc2)o1)C1CCC2C1CCC1C(C3CCC3)CCCCC12
O=C1CCC1C1CCCCC2C1CCC1C(C(=O)CSc3nnc(-c4ccccc4)o3)CCC12
O=C(CSc1nnc(-c2ccccc2)o1)C1CCC2C1CCC1C2CCCC(=O)C1C1CCC1
O=C(CSc1nnc(-c2ccccc2)o1)C1CCC2C1CCC1C2CCCC(=O)C1C1CC1
O=C(CSc1nnc(-c2ccccc2)o1)C1CCC2C1CCC1C2CCCC(=O)C1C1CC1
O=C(CSc1nnc(-c2ccccc2)o1)C1CCC2C1CCC1C2CCCC(=O)C1N1CC1
O=C1CCCC2C(CCC3C(C(=O)CSc4nnc(-c5ccccc5)o4)CCC23)C1
O=C1CCCC2C(CCC3C(C(=O)CSc4nnc(-c5ccccc5)o4)CCC23)C1
O=C1CCCC2C(CCC3C(C(=O)CSc4nnc(-c5ccccc5)o4)CCC23)C1
O=C1CCCC2C(CCC3C(C(=O)CSc4nnc(-c5ccccc5)o4)CCC23)CN1
O=C1CCC2C(CCC3C(C(=O)CSc4nnc(-c5ccccc5)o4)CCC23)CN1
O=C1CCC2C(CCC3C(C(=O)CSc4nnc(-c5ccccc5)o4)CCC23)CN1
O=C1CCCC2C(CCC3C(C(=O)CSc4nnc(-c5ccccc5)o4)CCC23)CN1
O=C1CCCC2C(CCC3C(C(=O)CSc4nnc(-c5ccccc5)o4)CCC23)CN1
O=C1CCCC2C(CCC3C(C(=O)CSc4nnc(-c5ccccc5)o4)CCC23)CN1
O=C1CCCC2C(CCC3C(C(=O)CSc4nnc(-c5ccccc5)o4)CCC23)CN1
O=C1CCCC2C(CCC3C(C(=O)CSc4nnc(-c5ccccc5)o4)CCC23)CN1
O=C1CCCC2C(CCC3C(C(=O)CSc4nnc(-c5ccccc5)o4)CCC23)CN1
O=C1CCCC2C(CCC3C(C(=O)CSc4nnc(-c5ccccc5)o4)CCC23)CN1
O=C(CSc1nnc(-c2ccccc2)o1)C1CCC2C3CCCCNCC3CCC12
O=C(CSc1nnc(-c2ccccc2)o1)C1CCC2C3CCCCNCC3CCC12
O=C(CSc1nnc(-c2ccccc2)o1)C1CCC2C3CCCCNCC3CCC12
O=C(CSc1nnc(-c2ccccc2)o1)C1CCC2C3CCCCNCC3CCC12
O=C(CSc1nnc(-c2ccccc2)o1)C1CCC2C3CCCCNCC3CCC12
O=C(CSc1nnc(-c2ccccc2)o1)C1CCC2C3CCCCNCC3CCC12
O=C(CSc1nnc(-c2ccccc2)o1)C1CCC2C3CCCNCC3CCC12
O=C(CSc1nnc(-c2ccccc2)o1)C1CCC2C3CCCCCC3CCC12
O=C(CSc1nnc(-c2ccccc2)o1)C1CCC2C3CCCCCC3CCC12
O=C(CSc1nnc(-c2ccccc2)o1)C1CCC2C3CCCCCC3CCC12
O=C(CSc1nnc(-c2ccccc2)o1)C1CCC2C3CCCCCC3CCC12
O=C(CSc1nnc(-c2ccccc2)o1)C1CCC2C3CCCCCC3CCC12
O=C(CSc1nnc(-c2ccccc2)o1)C1CCC2C3CCCCCC3CCC12
O=C(CSc1nnc(-c2ccccc2)o1)C1CCC2C3CCCCCC3CCC12
O=C(CSc1nnc(-c2ccccc2)o1)C1CCC2C3CCCCCCC3CCC12
O=C(CSc1nnc(-c2ccccc2)o1)C1CCC2C3CCCCCCC3CCC12
O=C(CSc1nnc(-c2ccccc2)o1)C1CCC2C3CCCCCC3CCC12
O=C(CSc1nnc(-c2ccccc2)o1)C1CCC2C3CCCCCC3CCC12
O=C(CSc1nnc(-c2ccccc2)o1)C1CCC2C3CCCCCC3CCC12
O=C(CSc1nnc(-c2ccccc2)o1)C1CCC2C3CCCCCC3CCC12
O=C(CSc1nnc(-c2ccccc2)o1)C1CCC2C3CCCCCC3CCC12
O=C(CSc1nnc(-c2ccccc2)o1)C1CCC2C3CCCCCC3CCC12
O=C(CSc1nnc(-c2ccccc2)o1)C1CCC2C3CCCCCC3CCC12
O=C(CSc1nnc(-c2ccccc2)o1)C1CCC2C3CCCCC3CCC12
O=C(CSc1nnc(-c2ccccc2)o1)C1CCC2C3CCCCC3CCC12
O=C(CSc1nnc(-c2ccccc2)o1)C1CCC2C3CCCCC3CCC12
O=C(CSc1nnc(-c2ccccc2)o1)C1CCC2C3CCCCC3CCC12
O=C(CSc1nnc(-c2ccccc2)o1)C1CCC2C3CCCCC3CCC12
O=C(CSc1nnc(-c2ccccc2)o1)C1CCC2C3CCCCC3CCC12
O=C(CSc1nnc(-c2ccccc2)o1)C1CCC2C3CCCCC3CCC12
O=C(CSc1nnc(-c2ccccc2)o1)C1CCC2C3CCCCC3CCC12
O=C(CSc1nnc(-c2ccccc2)o1)C1CCC2C3CCCCC3CCC12
O=C(CSc1nnc(-c2ccccc2)o1)C1CCC2C3CCCCC3CCC12
O=C(CSc1nnc(-c2ccccc2)o1)C1CCC2C3CCCCC3CCC12
N=C1CC1C1CCCC2C1CCC1C(C(=O)CSc3nnc(-c4ccccc4)o3)CCC12
N=C1CC(C2CCCC3C2CCC2C(C(=O)CSc4nnc(-c5ccccc5)o4)CCC23)C1
O=C(CSc1nnc(-c2ccccc2)o1)C1CCC2C1CCC1C(C3CCC3)CCCC12
O=C(CSc1nnc(-c2ccccc2)o1)C1CCC2C1CCC1C(C3CC3)CCCC12
O=C(CSc1nnc(-c2ccccc2)o1)C1CCC2C1CCC1C(C3CC3)CCCC12
O=C(CSc1nnc(-c2ccccc2)o1)C1CCC2C1CCC1C(C3CC3)CCCC12
O=C(CSc1nnc(-c2ccccc2)o1)C1CCC2C1CCC1C(C3CC3)CCCC12
O=C(CSc1nnc(-c2ccccc2)o1)C1CCC2C1CCC1C(C3CC3)CCCC12
O=C(CSc1nnc(-c2ccccc2)o1)C1CCC2C1CCC1C(C3CC3)CCCC12
O=C(CSc1nnc(-c2ccccc2)o1)C1CCC2C1CCC1C(C3CC3)CCCC12
O=C(CSc1nnc(-c2ccccc2)o1)C1CCC2C1CCC1C(C3CC3=O)CCCC21
O=C(CSc1nnc(-c2ccccc2)o1)C1CCC2C1CCC1C(C3CC3=O)CCC21
O=C(CSc1nnc(-c2ccccc2)o1)C1CCC2C1CCC1C(c3cc3=O)CCC12
O=C(CSc1nnc(-c2ccccc2)o1)C1CCC2C1CCC1C(c3cc3=O)CCC12
O=C(CSc1nnc(-c2ccccc2)o1)C1CCC2C1CCC1C(c3cc3=O)CC12
O=C(CSc1nnc(-c2ccccc2)o1)C1CCC2C1CCC1C(c3cc3=O)CC12
O=C(CSc1nnc(-c2ccccc2)o1)C1CCC2C1CCC1C(c3cc3=O)CCC12
O=C(CSc1nnc(-c2ccccc2)o1)C1CCC2C1CCC1C(c3cc3=O)CCCC12
O=C1C=C(C2CCCC3C2CCC2C(C(=O)CSc4nnc(-c5ccccc5)o4)CCC23)C1
O=C1C=C2CCC3C(CCC4C(C(=O)CSc5nnc(-c6ccccc6)o5)CCC43)C2CC1
O=C1C=C2CCC3C(CCC4C(C(=O)CSc5nnc(-c6ccccc6)o5)CCC43)C2CC1
O=C1C=C2CCC3C(CCC4C(C(=O)CSc5nnc(-c6ccccc6)o5)CCC43)C2CCC1
O=C1C=C2CCC3C(CCC4C(C(=O)CSc5nnc(-c6ccccc6)o5)CCC43)C2CCC1
O=C1C=C2CCC3C(CCC4C(C(=O)CSc5nnc(-c6ccccc6)o5)CCC43)C2CC1
O=C1C=CC2C(=C1)CCC1C2CCC2C(C(=O)CSc3nnc(-c4ccccc4)o3)CCC21
O=C1C=CC2C(=C1)CCC1C2CCC2C(C(=O)CSc3nnc(-c4ccccc4)o3)CCC21
O=C1C=CC2C(=C1)CCC1C2CCC2C(C(=O)CSc3nnc(-c4ccccc4)o3)CCC21
O=C1C=CC2C(=C1)CCC1C2CCC2C(C(=O)CSc3nnc(-c4ccccc4)o3)CCC21
O=C1C=CC2C(=C1)CCC1C2CCC2C(C(=O)CSc3nnc(-c4ccccc4)o3)CCC21
c1cc(-c2ccc3c(c2)CCCN3)c2[nH]ccc2c1
c1cc(-c2ccc3c(c2)CCCN3)c2[nH]ccc2c1
c1cc(-c2ccc3c(c2)CCCN3)c2[nH]ccc2c1
c1ccc(-c2cccc3cc[nH]c23)cc1
c1ccc(-c2cccc3cc[nH]c23)cc1
C1=CN1c1ccccc1-c1ccccc1
C1=CN1c1ccccc1-c1ccccc1
C1=CN1c1ccccc1-c1ccccc1
c1ccc(-c2ccccc2N2CC2)cc1
c1ccc(-c2ccccc2N2CC2)cc1
c1ccc(-c2ccccc2N2COC2)cc1
c1ccc(-c2ccccc2N2CCOC2)cc1
c1ccc(-c2ccccc2N2CCOC2)nc1
c1ccc(-c2ccccc2N2CCOCC2)nc1
c1ccc(-c2ccccc2N2CCOCC2)nc1
c1ccc(-c2ccccc2N2CCOCC2)nc1
c1ccc(-c2ccccc2N2CCOCC2)nc1
c1ccc(-c2ccccc2N2CCOCC2)nc1
c1ccc(-c2ccccc2N2CCOCC2)nc1
c1ccc(-c2ccccc2N2CCOCC2)nc1
c1ccc(-c2ccccc2N2CCOCC2)nc1
c1ccc(-c2ccccc2N2CCOCC2)nc1
c1ccc(-c2ccccc2N2CCOCC2)nc1
c1ccc(-c2ccccc2N2CCOCC2)nc1
c1ccc(-c2ccccc2N2CCOCC2)nc1
c1ccc(-c2ccccc2N2CCOCC2)nc1
c1ccc(-c2ccccc2N2CCOCC2)nc1
c1ccc(-c2ccccc2N2CCOCC2)nc1
c1ccc(-c2ccccc2N2CCOCC2)nc1
c1ccc(-c2ccccc2N2CCOCC2)nc1
c1ccc(-c2ccccc2N2CCOCC2)nc1
c1ccc(-c2ccccc2N2CCOCC2)nc1
c1ccc(-c2ccccc2N2CCOCC2)nc1
c1ccc(-c2ccccc2N2CCOCC2)nc1
c1ccc(-c2ccccc2N2CCOCC2)nc1
c1ccc(-c2ccccc2N2CCOCC2)nc1
c1ccc(N2CCOCC2)c(-c2ccc(NCCCC3CO3)cn2)c1
c1ccc(N2CCOCC2)c(-c2ccc(NCCCC3CO3)cn2)c1
c1ccc(N2CCOCC2)c(-c2ccc(NCCCC3CN3)cn2)c1
c1ccc(N2CCOCC2)c(-c2ccc(NCCCC3CN3)cn2)c1
c1ccc(N2CCOCC2)c(-c2ccc(NCCCC3CN3)cn2)c1
c1ccc(N2CCOCC2)c(-c2ccc(NCCCC3CN3)cn2)c1
c1ccc(N2CCOCC2)c(-c2ccc(NCCCC3CN3)cn2)c1
c1ccc(N2CCOCC2)c(-c2ccc(NCCCC3CN3)cn2)c1
c1ccc(N2CCOCC2)c(-c2ccc(NCCCC3CN3)cn2)c1
c1ccc(N2CCOCC2)c(-c2ccc(NCCCC3CN3)cn2)c1
c1ccc(N2CCOCC2)c(-c2ccc(NCCCC3CN3)cn2)c1
c1ccc(N2CCOCC2)c(-c2ccc(NCCCC3CN3)cn2)c1
c1ccc(N2CCOCC2)c(-c2ccc(NCCCC3CN3)cn2)c1
c1ccc(N2CCOCC2)c(-c2ccc(NCCCC3CN3)cn2)c1
c1ccc(N2CCOCC2)c(-c2ccc(NCCCC3CN3)cn2)c1
c1ccc(N2CCOCC2)c(-c2ccc(NCCCC3CCN3)cn2)c1
c1ccc(N2CCOCC2)c(-c2ccc(NCCCC3CCC3)cn2)c1
c1ccc(N2CCOCC2)c(-c2ccc(NCCCC3CCC3)cn2)c1
c1ccc(N2CCOCC2)c(-c2ccc(NCCCC3CCC3)cn2)c1
c1ccc(N2CCOCC2)c(-c2ccc(NCCCC3CCC3)cn2)c1
c1ccc(N2CCOCC2)c(-c2ccc(NCCCC3CCC3)cn2)c1
c1ccc(N2CCOCC2)c(-c2ccc(NCCCC3CCC3)cn2)c1
c1ccc(N2CCOCC2)c(-c2ccc(NCCCC3CCC3)cn2)c1
c1ccc(N2CCOCC2)c(-c2ccc(NCCCC3CCCC3)cn2)c1
c1ccc(N2CCOCC2)c(-c2ccc(NCCCC3CCCCC3)cn2)c1
c1ccc(N2CCOCC2)c(-c2ccc(NCCCC3CCCCC3)cn2)c1
c1ccc(N2CCOCC2)c(-c2ccc(NCCCC3CCCCC3)cn2)c1
c1ccc(N2CCOCC2)c(-c2ccc(NCCCC3CCCCC3)cn2)c1
c1ccc(N2CCOCC2)c(-c2ccc(NCCCC3CCCCC3)cn2)c1
c1ccc(N2CCOCC2)c(-c2ccc(NCCCC3CCCC3)cn2)c1
c1ccc(N2CCOCC2)c(-c2ccc(NCCCC3CCCC3)cn2)c1
c1ccc(N2CCOCC2)c(-c2ccc(NCCCC3CCCC3)cn2)c1
c1ccc(N2CCOCC2)c(-c2ccc(NCCCC3CCCCC3)cn2)c1
c1ccc(N2CCOCC2)c(-c2ccc(NCCCC3CCCCC3)cn2)c1
c1ccc(N2CCOCC2)c(-c2ccc(NCCCC3CCCCC3)cn2)c1
c1ccc(N2CCOCC2)c(-c2ccc(NCCCC3CCCC3)cn2)c1
c1ccc(N2CCOCC2)c(-c2ccc(NCCCC3CCC3)cn2)c1
c1ccc(N2CCOCC2)c(-c2ccc(NCCCC3CCC3)cn2)c1
c1ccc(N2CCOCC2)c(-c2ccc(NCCCC3CCN3)cn2)c1
c1ccc(N2CCOCC2)c(-c2ccc(NCCCC3CCN3)cn2)c1
c1ccc(N2CCOCC2)c(-c2ccc(NCCCC3CCN3)cn2)c1
c1ccc(N2CCOCC2)c(-c2ccc(NCCCC3CN3)cn2)c1
C1=NC1CCCNc1ccc(-c2ccccc2N2CCOCC2)nc1
c1ccc(-c2ccccc2N2CCOCC2)nc1
c1ccc(-c2ccccc2N2CCOCC2)nc1
c1ccc(-c2ccccc2N2CCOCC2)nc1
c1ccc(-c2ccccc2N2CCOCC2)nc1
c1ccc(N2CCOCC2)c(-c2ccc(NCCCC3CCN3)cn2)c1
c1ccc(N2CCOCC2)c(-c2ccc(NCCCCC3CCN3)cn2)c1
c1ccc(N2CCOCC2)c(-c2ccc(NCCCCC3CN3)cn2)c1
c1ccc(N2CCOCC2)c(-c2ccc(NCCCCC3CN3)cn2)c1
c1ccc(N2CCOCC2)c(-c2ccc(NCCCC3CN3)cn2)c1
c1ccc(N2CCOCC2)c(-c2ccc(NCCCC3CN3)cn2)c1
c1ccc(N2CCOCC2)c(-c2ccc(NCCCC3CN3)cn2)c1
c1ccc(N2CCOCC2)c(-c2ccc(NCCCC3CC3)cn2)c1
c1ccc(N2CCOCC2)c(-c2ccc(NCCCC3CC3)cn2)c1
c1ccc(N2CCOCC2)c(-c2ccc(NCCCC3CC3)cn2)c1
c1ccc(N2CCOCC2)c(-c2ccc(NCCCC3CC3)cn2)c1
c1ccc(N2CCOCC2)c(-c2ccc(NCCCC3CC3)cn2)c1
c1ccc(N2CCOCC2)c(-c2ccc(NCCCC3CC3)cn2)c1
c1ccc(N2CCOCC2)c(-c2ccc(NCCCC3CC3)cn2)c1
c1ccc(N2CCOCC2)c(-c2ccc(NCCCC3CC3)cn2)c1
c1ccc(N2CCOCC2)c(-c2ccc(NCCCC3CC3)cn2)c1
c1ccc(N2CCOCC2)c(-c2ccc(NCCCC3CC3)cn2)c1
c1ccc(N2CCOCC2)c(-c2ccc(NCCCC3CC3)cn2)c1
c1ccc(N2CCOCC2)c(-c2ccc(NCCCC3CC3)cn2)c1
c1ccc(N2CCOCC2)c(-c2ccc(NCCCC3CC3)cn2)c1
c1ccc(N2CCOCC2)c(-c2ccc(NCCCC3CC3)cn2)c1
c1ccc(N2CCOCC2)c(-c2ccc(NCCCC3CC3)cn2)c1
c1ccc(N2CCOCC2)c(-c2ccc(NCCCC3CCO3)cn2)c1
c1ccc(-c2ccccc2N2CCOCC2)nc1
c1ccc(-c2ccccc2N2CCOCC2)nc1
c1ccc(-c2ccccc2N2CCOCC2)nc1
c1ccc(-c2ccccc2N2CCOCC2)nc1
c1ccc(-c2ccccc2N2CCOCC2)nc1
c1ccc(-c2ccccc2N2CCOCC2)nc1
c1ccc(-c2ccccc2N2CCOCC2)nc1
c1ccc(-c2ccccc2N2CCOCC2)nc1
c1ccc(-c2ccccc2N2CCOCC2)nc1
c1ccc(-c2ccccc2N2CCOCC2)nc1
c1ccc(-c2ccccc2N2CCCOCC2)nc1
c1ccc(-c2ccccc2N2CCCOCC2)nc1
c1ccc(-c2ccccc2N2CCOCC2)nc1
c1ccc(-c2ccccc2N2CCOCC2)nc1
c1ccc(-c2ccccc2N2CCOCC2)nc1
c1ccc(-c2ccccc2N2CCOCC2)nc1
c1ccc(-c2ccccc2N2CCOCC2)nc1
c1ccc(-c2ccccc2N2CCOCC2)nc1
c1ccc(-c2ccccc2N2CCOCC2)nc1
c1ccc(-c2ccccc2N2CCOCC2)nc1
c1ccc(-c2ccccc2N2CCOCC2)nc1
c1ccc(-c2ccccc2N2CCOCC2)nc1
c1ccc(-c2ccccc2N2CCOCC2)nc1
c1ccc(-c2ccccc2N2CCOCC2)nc1
c1ccc(-c2ccccc2N2CCOCC2)nc1
c1ccc(-c2ccccc2N2CCOCC2)nc1
c1cncc(CCCCCc2ccccc2N2CCOCC2)c1
c1cncc(CCCCCc2ccccc2N2CCCOCC2)c1
c1cncc(CCCCCc2ccccc2N2CCCOCC2)c1
c1cncc(CCCCCCc2ccccc2N2CCCOCC2)c1
c1cncc(CCCCCCc2ccccc2N2CCOCC2)c1
c1ccc(CCCCCCc2ccccc2N2CCOCC2)cc1
c1ccc(CCCCCc2ccccc2N2CCOCC2)cc1
c1ccc(CCCCCc2ccccc2N2CCOCC2)cc1
c1ccc(CCCCCc2ccccc2N2CCOCC2)cc1
c1ccc(CCCCCc2ccccc2N2CCOCC2)cc1
c1ccc(CCCCCc2ccccc2N2CCOCC2)cc1
c1ccc(CCCCCc2ccccc2N2CCOCC2)cc1
c1ccc(CCCCCc2ccccc2N2CCOCC2)cc1
c1ccc(CCCCCc2ccccc2N2CCOC2)cc1
c1ccc(CCCCCc2ccccc2N2CCOC2)cc1
c1ccc(CCCCCc2cccnc2N2CCOC2)cc1
c1ccc(CCCCCc2ccnc(N3CCOC3)c2)cc1
c1ccc(CCCCCc2ccnc(N3CCOC3)c2)cc1
c1ccc(CCCCCc2ccnc(N3CCOC3)c2)cc1
c1ccc(CCCCCc2ccnc(N3CCOCC3)c2)cc1
c1ccc(CCCCCc2ccnc(N3CCOCC3)c2)cc1
c1ccc(CCCCCc2ccnc(N3CCOCC3)c2)cc1
c1ccc(CCCCc2ccnc(N3CCOCC3)c2)cc1
c1ccc(CCCCc2ccnc(N3CCOCC3)c2)cc1
c1ccc(CCCCc2ccnc(N3CCOCC3)c2)cc1
c1ccc(CCCCCc2ccnc(N3CCOCC3)c2)cc1
c1ccc(CCCCCc2ccnc(N3CCOCC3)c2)cc1
c1ccc(CCCCCc2ccnc(N3CCOCC3)c2)cc1
c1ccc(CCCCCc2ccnc(N3CCOCC3)c2)cc1
c1ccc(CCCCC2CNc3cnc(N4CCOCC4)cc32)cc1
c1ccc(CCCCc2c[nH]c3cnc(N4CCOCC4)cc23)cc1
c1ccc(CCCCc2c[nH]c3cnc(N4CCOCC4)cc23)cc1
c1ccc(CCCCCc2cc3cc(N4CCOCC4)ncc3[nH]2)cc1
c1ccc(CCCCc2cc3cc(N4CCOCC4)ncc3[nH]2)cc1
c1cc(-c2ccc3c(c2)CCCN3)c2[nH]ccc2c1
O=C1CNc2ccc(-c3cccc4cc[nH]c34)cc2C1
O=C1CNc2ccc(-c3ccc4cc[nH]c4c3)cc2C1
O=C1CNc2ccc(-c3ccc4cc[nH]c4c3)cc2C1
O=C1CNc2ccc(-c3ccc4cc[nH]c4c3)cc2C1
O=C1CNc2ccc(-c3ccc4cc[nH]c4c3)cc2C1
O=C1CNc2ccc(-c3ccc4cn[nH]c4c3)cc2C1
O=C1CNc2ccc(-c3ccc4cn[nH]c4c3)cc2C1
O=C1CNc2ccc(Cc3ccc4cn[nH]c4c3)cc2C1
O=C1CNc2ccc(Cc3ccccc3)cc2C1
O=C1CNc2ccc(Cc3ccccc3)cc2C1
O=C1CNc2ccc(Cc3ccccc3)cc2C1
O=C1CNc2ccc(Cc3ccccc3)cc2C1
O=C1CNc2ccc(-c3ccccc3)cc2C1
O=C1CNc2ccc(-c3ccccc3)cc2C1
O=C1CNc2ccc(-c3ccccc3)cc2C1
O=C1CNc2ccc(-c3ccccc3)cc2C1
O=C1CNc2ccc(-c3ccc4c(c3)OC4)cc2C1
O=C1CNc2ccc(-c3ccccc3)cc2C1
O=C1CNc2ccc(-c3ccccc3)cc2C1
O=C1CNc2ccc(-c3ccc4c(c3)CC4=O)cc2C1
O=C1CNc2ccc(-c3ccc4c(c3)C(=O)C4)cc2C1
O=C1CNc2ccc(-c3ccccc3)cc2C1
O=C1CNc2ccc(-c3ccccn3)cc2C1
O=C1CNc2ccc(-c3ccccn3)cc2C1
O=C1CNc2ccc(-c3ccccn3)cc2C1
O=C1CNc2ccc(-c3ccccn3)cc2C1
O=C1CNc2ccc(-c3cscn3)cc2C1
O=C1CNc2ccc(-c3cscn3)cc2C1
O=C1CNc2ccc(-c3ccsc3)cc2C1
O=C1CNc2ccc(-c3ccsc3)cc2C1
O=C1CNc2ccc(-c3ccsc3)cc2C1
O=C1CNc2ccc(-c3ccsc3)cc2C1
O=C1CNc2ccc(-c3ccsc3)cc2C1
O=C1CNc2ccc(-c3ccsc3)cc2C1
O=C1CNc2ccc(-c3ccsc3)cc2C1
O=C1CNc2ccc(-c3cccs3)cc2C1
O=C1CNc2ccc(-c3cccs3)cc2C1
c1cc(-c2ccc3c(c2)CCCN3)c2[nH]ccc2c1
c1cc(-c2ccc3c(c2)CCCN3)c2[nH]ncc2c1
c1ccc(-c2cccc3cn[nH]c23)cc1
c1ccc2c(c1)c1cccc3cnn2c31
c1ccc2c(c1)c1cccc3cnn2c31
c1ccc2c(c1)c1cccc3cnn2c31
c1ccc2c(c1)c1cccc3cnn2c31
c1ccc2c(c1)c1cccc3cnn2c31
C=c1c2ccccc2n2nccc12
C=c1c2ccccc2n2nccc12
c1ccc2c(c1)Cc1ccnn1-2
c1ccc2c(c1)Cc1ccnn1-2
c1ccc2c(c1)Cc1ccnn1-2
c1ccc2c(c1)Cc1ccnn1-2
c1ccc2c(c1)CNc1ccnn1-2
c1ccc(-n2cccn2)cc1
c1ccc(-n2cccn2)cc1
c1ccc(-n2cccn2)cc1
c1ccc(-n2cccn2)cc1
c1ccc(-n2cccn2)cc1
c1ccc(-n2cccn2)cc1
c1ccc(-n2cccn2)cc1
c1ccc(-n2cccn2)cc1
c1ccc(-n2cccn2)cc1
c1ccc(-n2cccn2)cc1
c1ccc(-n2cccn2)cc1
c1ccc(-n2cccn2)cc1
c1ccc(-n2cccn2)cc1
c1ccc(-n2cccn2)cc1
c1ccc(-n2cccn2)cc1
c1ccc(-n2cccn2)cc1
c1ccc(-n2cccn2)cc1
c1ccc(-n2cccn2)cc1
c1ccc(-n2cccn2)cc1
c1ccc(-n2cccn2)cc1
c1ccc(-n2cccn2)cc1
c1ccc(-n2cccn2)cc1
c1ccc(-n2cccn2)cc1
c1ccc(-n2cccn2)cc1
c1ccc(-n2cccn2)cc1
c1ccc(-n2cccn2)cc1
c1ccc(-n2cccn2)cc1
c1ccc(-n2cccn2)cc1
c1ccc(-n2cccn2)cc1
c1ccc(-n2cccn2)cc1
c1ccc(-n2cccn2)cc1
c1ccc(-n2cccn2)cc1
c1ccc(-n2cccn2)cc1
c1ccc(-n2cccn2)cc1
c1ccc(-n2cccn2)cc1
c1ccc(-n2cccn2)cc1
c1ccc(-n2cccn2)cc1
c1ccc(-n2cccn2)cc1
c1ccc(-n2cccn2)cc1
c1ccc(-n2cccn2)cc1
c1ccc(-n2cccn2)cc1
c1ccc(-n2cccn2)cc1
c1ccc(-n2cccn2)cc1
C=C1CC1C(=O)NCCCNC(=O)c1cnn(-c2ccccc2)c1
C=C1C=C1C(=O)NCCCNC(=O)c1cnn(-c2ccccc2)c1
C=C1C=C1C(=O)NCCCNC(=O)c1cnn(-c2ccccc2)c1
C=C1C=C1C(=O)NCCCNC(=O)c1cnn(-c2ccccc2)c1
O=C(NCCCNC(=O)c1cnn(-c2ccccc2)c1)C1=CC=C1
O=C(NCCCNC(=O)c1cnn(-c2ccccc2)c1)C1=CC=C1
O=C(NCCCNC(=O)c1cnn(-c2ccccc2)c1)C1=CC=C1
O=C(NCCCNC(=O)c1cnn(-c2ccccc2)c1)C1=CC=C1
O=C(NCCCNC(=O)c1cnn(-c2ccccc2)c1)C1=CC=C1
O=C(NCCCNC(=O)c1cnn(-c2ccccc2)c1)C1=CC=C1
O=C(NCCCNC(=O)c1cnn(-c2ccccc2)c1)C1=CCCC=C1
O=C(NCCCNC(=O)c1cnn(-c2ccccc2)c1)c1ccccc1
O=C(NCCCNC(=O)c1cnn(-c2ccccc2)c1)c1ccccc1
O=C(NCCCNC(=O)c1cnn(-c2ccccc2)c1)c1ccccc1
O=C(NCCCNC(=O)c1cnn(-c2ccccc2)c1)c1ccccc1
O=C(NCCCNC(=O)c1cnn(-c2ccccc2)c1)c1ccccc1
O=C(NCCCNC(=O)c1cnn(-c2ccccc2)c1)c1ccccc1
c1ccc(COc2ccc3c(cnn3-c3ccccc3)c2)cc1
c1ccc(COc2ccc3c(cnn3-c3ccccc3)c2)cc1
c1ccc(-n2ncc3c4c(ccc32)OCc2ccccc2-4)cc1
c1ccc(-n2ncc3c4c(ccc32)COCc2ccccc2-4)cc1
c1ccc(-n2ncc3c4c(ccc32)COCc2ccccc2-4)cc1
c1ccc(-n2ncc3c4c(ccc32)COCc2ccccc2-4)cc1
O=C1OCc2ccccc2-c2c1ccc1c2cnn1-c1ccccc1
O=C1OCc2ccccc2-c2c1ccc1c2cnn1-c1ccccc1
O=C1OCc2cc3c(cc2-c2c1ccc1c2cnn1-c1ccccc1)SCCCC3
O=C1OCc2cc3c(cc2-c2c1ccc1c2cnn1-c1ccccc1)CCCCC3
O=C1OCc2cc3c(cc2-c2c1ccc1c2cnn1-c1ccccc1)CCCCC3
O=C1OCc2cc3c(cc2-c2c1ccc1c2cnn1-c1ccccc1)CCCCCC3
O=C1OCc2cc3c(cc2-c2c1ccc1c2cnn1-c1ccccc1)CCCCCC3
O=C1OCc2cc3c(cc2-c2c1ccc1[nH]ncc21)CCCCC(CNCCc1ccccc1)C3
O=C1OCc2cc3c(cc2-c2ccccc21)CCCCC(CNCCc1ccccc1)C3
O=C1OCc2cc3c(cc2-c2ccccc21)CCCCC(CNCCc1ccccc1)C3
O=C1OCc2cc3c(cc2-c2ccccc21)CCCCCC3CNCCc1ccccc1
O=C1OCc2cc(C3CCCCCC3NCCc3ccccc3)ccc2-c2ccccc21
O=C1OCc2cc(C3CCCCCC3NCCc3ccccc3)ccc2-c2ccccc21
O=C1OCc2cc(NC3CCCCCC3NCCc3ccccc3)ccc2-c2ccccc21
O=C1OCc2cc(NC3CCCCCC3NCCc3ccccc3)ccc2-c2ccccc21
O=C1OCc2cc(NC3CCCCCC3NCCc3ccccc3)ccc2-c2ccccc21
O=C1OCc2cc(NC3CCCCCC3NCCc3ccccc3)ccc2-c2ccccc21
O=C1OCc2cc(NC3CCCCCC3CCCc3ccccc3)ccc2-c2ccccc21
O=C1OCc2cc(NC3CCCCCCC3CCCc3ccccc3)ccc2-c2ccccc21
O=C1OCc2cc(NC(CCc3ccccc3)C3CCCCCCC3)ccc2-c2ccccc21
O=C1OCc2cc(NNC(CCc3ccccc3)C3CCCCCCC3)ccc2-c2ccccc21
O=C1OCc2cc(NNC(CCc3ccccc3)C3CCCCCCC3)ccc2-c2ccccc21
O=C1OCc2cc(NNC(CCc3ccccc3)CC3CCCCCCC3)ccc2-c2ccccc21
O=C1OCc2cc(NCC(CCc3ccccc3)CC3CCCCCCC3)ccc2-c2ccccc21
O=C1OCc2cc(NCC(CCc3ccccc3)CC3CCCCCC3)ccc2-c2ccccc21
O=C1OCc2cc(NCC(CCc3ccccc3)CC3CCCCC3)ccc2-c2ccccc21
O=C(Nc1ccc2c(c1)COCc1ccccc1-2)C(CCc1ccccc1)CC1CCCCC1
O=C(Nc1ccc2c(c1)COCC1C=CC=C21)C(CCc1ccccc1)CC1CCCCC1
O=C(Nc1ccc2c(c1)COCC1=CC=C12)C(CCc1ccccc1)CC1CCCCC1
O=C(Nc1ccc2c(c1)COCC1=CC=C1C2)C(CCc1ccccc1)CC1CCCCC1
O=C(Nc1ccc2c(c1)COCC1=CC=C1C2)C(CCc1ccccc1)CC1CCCCC1
O=C(Nc1ccc2c(c1)COCC1=CC=C12)C(CCc1ccccc1)CC1CCCCC1
O=C(Nc1ccc2c(c1)CCOCC1=CC=C12)C(CCc1ccccc1)CC1CCCCC1
C=C1CCOCCc2cc(NC(=O)C(CCc3ccccc3)CC3CCCCC3)ccc21
C=C1CCOCCc2cc(NC(=O)C(CCc3ccccc3)CC3CCCCC3)ccc21
O=C1CCOCCc2cc(NC(=O)C(CCc3ccccc3)CC3CCCCC3)ccc21
O=C1CCOCc2cc(NC(=O)C(CCc3ccccc3)CC3CCCCC3)ccc21
O=C1COCc2cc(NC(=O)C(CCc3ccccc3)CC3CCCCC3)ccc21
O=C1OCc2cc(NC(=O)C(CCc3ccccc3)CC3CCCCC3)ccc21
c1ccc(COc2ccc3c(cnn3-c3ccccc3)c2)cc1
c1ccc(COc2ccc3c(cnn3Cc3ccccc3)c2)cc1
c1ccc(COc2ccc3c(cnn3Cc3ccccc3)c2)cc1
C1=NN(c2ccc(OCc3ccccc3)cc2)C1c1ccccc1
C1=NN(c2ccc(OCc3ccccc3)cc2)C1c1ccccc1
C1=NN(c2ccc(OCc3ccccc3)cc2)C1c1ccccc1
C1=NN(c2ccc(OCc3ccc(C4CC4)cc3)cc2)C1c1ccccc1
C1=CN(c2ccc(OCc3ccc(C4CC4)cc3)cc2)C1c1ccccc1
c1ccc(C2CN2c2ccc(OCc3ccc(C4CC4)cc3)cc2)cc1
c1ccc(C2CN(c3ccc(OCc4ccc(C5CC5)cc4)cc3)O2)cc1
c1ccc(C2CON(c3ccc(OCc4ccc(C5CC5)cc4)cc3)C2)cc1
c1ccc(C2COCN(c3ccc(OCc4ccc(C5CC5)cc4)cc3)C2)cc1
c1ccc(C2COCCN(c3ccc(OCc4ccc(C5CC5)cc4)cc3)C2)cc1
c1ccc(C2CN(c3ccc(OCc4ccc(C5CC5)cc4)cc3)CCO2)cc1
c1cc(C2CC2)ccc1COc1ccc(N2CCOCC2)cc1
c1cc(C2CC2)ccc1COc1ccc(N2CCCOCC2)cc1
c1cc(C2CC2)ccc1COc1ccc(N2CCCCOCC2)cc1
c1cc(C2CC2)ccc1COc1ccc(N2CCCCOCC2)cc1
c1cc(C2CC2)ccc1COc1ccc(N2CCCCOCC2)cc1
c1cc(C2CC2)ccc1COc1ccc(N2CCCCOCC2)cc1
c1cc(C2CC2)ccc1COc1ccc(N2CCCCOCC2)cc1
c1cc(C2CC2)ccc1COc1ccc(N2CCCOCC2)cc1
c1cc(C2CC2)ccc1COc1ccc(N2CCCOCC2)cc1
c1cc(C2CC2)ccc1COc1ccc(N2CCCOCC2)cc1
c1cc(C2CC2)ccc1COc1ccc(N2CCCOCC2)cc1
c1cc(C2CC2)ccc1COc1ccc(N2CCCOCC2)cc1
O=C(NCC(Oc1ccc(N2CCCOCC2)cc1)c1ccc(C2CC2)cc1)OC1CC1
O=C(NCC(Oc1ccc(N2CCCOCC2)cc1)c1ccc(C2CC2)cc1)OC1CCO1
O=C(NCC(Oc1ccc(N2CCCOCC2)cc1)c1ccc(C2CC2)cc1)C1COC1
O=C(NCC(Oc1ccc(N2CCCOCC2)cc1)c1ccc(C2CC2)cc1)C1COC1
O=C(NCC(Oc1ccc(N2CCCOCC2)cc1)c1ccc(C2CC2)cc1)C1CO1
O=C(NCC(Oc1ccc(N2CCCOCC2)cc1)c1ccc(C2CC2)cc1)C1CO1
O=C(NCC(Oc1ccc(N2CCCOCC2)cc1)c1ccc(C2CC2)cc1)C1CCO1
O=C(NCC(Oc1ccc(N2CCCOCC2)cc1)c1ccc(C2CC2)cc1)C1CCCO1
O=C(NCC(Oc1ccc(N2CCCOCC2)cc1)c1ccc(C2CC2)cc1)C1CCCCO1
O=C(NCC(Oc1ccc(N2CCCCCC2)cc1)c1ccc(C2CC2)cc1)C1CCCCO1
O=C(NCC(Oc1ccc(N2CCCCCC2)cc1)c1ccc(C2CC2)cc1)C1CCCCO1
O=C(NCC(Oc1ccc(N2CCCCC2)cc1)c1ccc(C2CC2)cc1)C1CCCCO1
O=C(NCC(Oc1ccc(N2CCCCC2)cc1)c1ccc(C2CC2)cc1)C1CCCO1
O=C(NCC(Oc1ccc(N2CCCCC2)cc1)c1ccc(C2CC2)cc1)C1CCCO1
O=C(NCC(Oc1ccc(CN2CCCCC2)cc1)c1ccc(C2CC2)cc1)C1CCCO1
O=C(NCC(Oc1ccc(C(=O)N2CCCCC2)cc1)c1ccc(C2CC2)cc1)C1CCCO1
O=C(NCC(Oc1ccc(C(=O)N2CCCCC2)cc1)c1ccc(C2CC2)cc1)C1CCCO1
O=C(NCC(Oc1ccc(C(=O)N2CCCCC2)cc1)c1ccc(C2CC2)cc1)C1CCCO1
O=C(NCC(Oc1ccc(C(=O)N2CCCCC2)cc1)c1ccc(C2CC2)cc1)C1CCCO1
O=C(NCC(Oc1ccc(C(=O)N2CCCCC2)cc1)c1ccc(C2CC2)cc1)C1CCCO1
O=C(NCC(Oc1ccc(C(=O)N2CCCC(OC3CCCO3)C2)cc1)c1ccc(C2CC2)cc1)C1CCCO1
O=C(NCC(Oc1ccc(C(=O)N2CCCC(OC3CCO3)C2)cc1)c1ccc(C2CC2)cc1)C1CCCO1
O=C(NCC(Oc1ccc(C(=O)N2CCCC(OC3CCO3)C2)cc1)c1ccc(C2CC2)cc1)C1CCCO1
O=C(NCC(Oc1ccc(C(=O)N2CCCCC2)cc1)c1ccc(C2CC2)cc1)C1CCCO1
O=C(NCC(Oc1ccc(C(=O)N2CCCCC2)cc1)c1ccc(C2CC2)cc1)C1CCCO1
O=C(NCC(Oc1ccc(C(=O)N2CCCCC2)cc1)c1ccc(C2CC2)cc1)C1CCCO1
O=C(NCC(Oc1ccc(C(=O)N2CCCC(OCC3CCC3)C2)cc1)c1ccc(C2CC2)cc1)C1CCCO1
O=C(NCC(Oc1ccc(C(=O)N2CCCC(OCC3CCCC3)C2)cc1)c1ccc(C2CC2)cc1)C1CCCO1
C=C(OC1CCCN(C(=O)c2ccc(OC(CNC(=O)C3CCCO3)c3ccc(C4CC4)cc3)cc2)C1)C1CCCC1
C=C(OC1CCCN(C(=O)c2ccc(OC(CNC(=O)C3CCCO3)c3ccc(C4CC4)cc3)cc2)C1)C1CCC1
C=C(OC1CCCN(C(=O)c2ccc(OC(CNC(=O)C3CCCCO3)c3ccc(C4CC4)cc3)cc2)C1)C1CCC1
C=C(OC1CCCN(C(=O)c2ccc(OC(CNC(=O)C3CCCCO3)c3ccc(C4CC4)cc3)cc2)C1)C1CCOC1
C=C(OC1CCCN(C(=O)c2ccc(OC(CNC(=O)C3CCCCO3)c3ccc(C4CC4)cc3)cc2)C1)C1CCO1
C=C(OC1CCCN(C(=O)c2ccc(OC(CNC(=O)C3CCCO3)c3ccc(C4CC4)cc3)cc2)C1)C1CCO1
C=C(OC1CCCN(C(=O)c2ccc(OC(CNC(=O)C3CCCO3)c3ccc(C4CC4)cc3)cc2)C1)C1CO1
C=C(OC1CCCN(C(=O)c2ccc(OC(CNC(=O)C3CCCCO3)c3ccc(C4CC4)cc3)cc2)C1)C1CO1
O=C(NCC(Oc1ccc(C(=O)N2CCCC(OC(=O)C3CO3)C2)cc1)c1ccc(C2CC2)cc1)C1CCCCO1
O=C(NCC(Oc1ccc(C(=O)N2CCCC(OC(=O)C3CO3)C2)cc1)c1ccc(C2CC2)cc1)C1CCCCCO1
C=C(c1ccc(OC(CNC(=O)C2CCCCCO2)c2ccc(C3CC3)cc2)cc1)N1CCCC(OC(=O)C2CO2)C1
C=C(c1ccc(OC(CNC(=O)C2CCCCCO2)c2ccc(C3CC3)cc2)cc1)N1CCCC(OC(=O)C2COC2)C1
O=C(OC1CCCN(C(=O)c2ccc(OC(CNC(=O)C3CCCCCO3)c3ccc(C4CC4)cc3)cc2)C1)C1COC1
O=C(OC1CCCN(C(=O)c2ccc(OC(CNC(=O)C3CCCCCO3)c3ccc(C4CC4)cc3)cc2)C1)C1CCOC1
O=C(OC1CCCN(C(=O)c2ccc(OC(CNC(=O)C3CCCCCO3)c3ccc(C4CC4)cc3)cc2)C1)C1CCCC1
O=C(OC1CCCN(C(=O)c2ccc(OC(CNC(=O)C3CCCCCO3)c3ccc(C4CC4)cc3)cc2)C1)C1CCC1
O=C(OC1CCCN(C(=O)c2ccc(OC(CNC(=O)C3CCCCO3)c3ccc(C4CC4)cc3)cc2)C1)C1CCC1
O=C(OC1CCCN(C(=O)c2ccc(OC(CNC(=O)C3CCCCO3)c3ccc(C4CC4)cc3)cc2)C1)C1CCC1
O=C(NCC(Oc1ccc(C(=O)N2CCCC(OC(=O)C3CCCO3)C2)cc1)c1ccc(C2CC2)cc1)C1CCCCO1
O=C(NCC(Oc1ccc(C(=O)N2CCCC(OC(=O)C3CCCO3)C2)cc1)c1ccc(C2CC2)cc1)C1CCCCCO1
O=C(NCC(Oc1ccc(C(=O)N2CCCC(OC(=O)C3CCCCO3)C2)cc1)c1ccc(C2CC2)cc1)C1CCCCCO1
O=C(NCC(Oc1ccc(C(=O)N2CCCC(OC(=O)C3CCCCO3)C2)cc1)c1ccc(C2CC2)cc1)C1CCCCO1
O=C(NCC(Oc1ccc(C(=O)N2CCCC(OC(=O)C3CCCCO3)C2)cc1)c1ccc(C2CCC2)cc1)C1CCCCO1
O=C(NCC(Oc1ccc(C(=O)N2CCCC(OC(=O)C3CCCCO3)C2)cc1)c1ccc(C2CCC2)cc1)C1CCCCO1
O=C(NCC(Oc1ccc(C(=O)N2CCCC(OC(=O)C3CCCCO3)C2)cc1)c1ccc(C2CC2)cc1)C1CCCCO1
O=C(NCC(Oc1ccc(C(=O)N2CCCC(OC(=O)C3CCCCO3)C2)cc1)c1ccc(C2CC2)cc1)C1CCCCCO1
O=C(OC1CCCN(C(=O)c2ccc(OC(CNC(=O)C3CCCCCO3)c3ccc(C4CC4)cc3)cc2)C1)C1CCCCOC1
O=C(OC1CCCN(C(=O)c2ccc(OC(CNC(=O)C3CCCCCO3)c3ccc(C4CC4)cc3)cc2)C1)C1CCCOC1
O=C(OC1CCCN(C(=O)c2ccc(OC(CNC(=O)C3CCCCO3)c3ccc(C4CC4)cc3)cc2)C1)C1CCCOC1
O=C(OC1CCCN(C(=O)c2ccc(OC(CNC(=O)C3CCCO3)c3ccc(C4CC4)cc3)cc2)C1)C1CCCOC1
O=C(OC1CCCN(C(=O)c2ccc(OC(CNC(=O)C3CCCO3)c3ccc(C4CC4)cc3)cc2)C1)C1CCCOC1
O=C1COCC(C(=O)OC2CCCN(C(=O)c3ccc(OC(CNC(=O)C4CCCO4)c4ccc(C5CC5)cc4)cc3)C2)C1
O=C(NCC(Oc1ccc(C(=O)N2CCCC(OC(=O)C3COCC3=O)C2)cc1)c1ccc(C2CC2)cc1)C1CCCO1
O=C(NCC(Oc1ccc(C(=O)N2CCCC(OC(=O)C3COC3=O)C2)cc1)c1ccc(C2CC2)cc1)C1CCCO1
O=C(NCC(Oc1ccc(C(=O)N2CCCC(OC(=O)C3COC3=O)C2)cc1)c1ccc(C2CC2)cc1)C1CCCCO1
O=C(NCC(Oc1ccc(C(=O)N2CCC(OC(=O)C3COC3=O)C2)cc1)c1ccc(C2CC2)cc1)C1CCCCO1
O=C1CC(C(=O)OC2CCN(C(=O)c3ccc(OC(CNC(=O)C4CCCCO4)c4ccc(C5CC5)cc4)cc3)C2)CO1
O=C1CC(C(=O)OC2CCN(C(=O)c3ccc(OC(CNC(=O)C4CCCCO4)c4ccc(C5CC5)cc4)cc3)C2)CO1
O=C1CC(C(=O)OC2CCN(C(=O)c3ccc(OC(CNC(=O)C4CCCO4)c4ccc(C5CC5)cc4)cc3)C2)CO1
O=C1CC(C(=O)CC2CCN(C(=O)c3ccc(OC(CNC(=O)C4CCCO4)c4ccc(C5CC5)cc4)cc3)C2)CO1
O=C1CC(C(=O)CC2CCCN(C(=O)c3ccc(OC(CNC(=O)C4CCCO4)c4ccc(C5CC5)cc4)cc3)C2)CO1
O=C1CC(C(=O)CC2CCCN(C(=O)c3ccc(OC(CNC(=O)C4CCCO4)c4ccc(C5CC5)cc4)cc3)C2)CO1
O=C1CC(C(=O)CC2CCCN(C(=O)c3ccc(OC(CNC(=O)C4CCCO4)c4ccc(C5CCC5)cc4)cc3)C2)CO1
O=C1CC(C(=O)C2CCCN(C(=O)c3ccc(OC(CNC(=O)C4CCCO4)c4ccc(C5CCC5)cc4)cc3)C2)CO1
O=C1CC(C(=O)C2CCCN(C(=O)c3ccc(OC(CNC(=O)C4CCCO4)c4ccc(C5CCC5)cc4)cc3)CC2)CO1
O=C1CC(C(=O)C2CCCN(C(=O)c3ccc(OC(CNC(=O)C4CCCO4)c4ccc(C5CCCC5)cc4)cc3)CC2)CO1
O=C1CC(C(=O)N2CCCN(C(=O)c3ccc(OC(CNC(=O)C4CCCO4)c4ccc(C5CCCC5)cc4)cc3)CC2)CO1
O=C1CC(C(=O)N2CCCN(C(=O)c3ccc(OC(CNC(=O)C4CCCO4)c4ccc(C5CCCC5)cc4)cc3)C2)CO1
O=C1CC(C(=O)N2CCCN(C(=O)c3ccc(OC(CNC(=O)C4CCCCO4)c4ccc(C5CCCC5)cc4)cc3)C2)CO1
O=C1CC(C(=O)N2CCCC(C(=O)c3ccc(OC(CNC(=O)C4CCCCO4)c4ccc(C5CCCC5)cc4)cc3)C2)CO1
O=C1CC(C(=O)N2CCCC(C(=O)c3ccc(OC(CNC(=O)C4CCCCO4)c4ccc(C5CCC5)cc4)cc3)C2)CO1
O=C1CC(C(=O)N2CCCC(C(=O)c3ccc(OC(CNC(=O)C4CCCO4)c4ccc(C5CCC5)cc4)cc3)C2)CO1
O=C1CC(C(=O)N2CCCC(CC(=O)c3ccc(OC(CNC(=O)C4CCCO4)c4ccc(C5CCC5)cc4)cc3)C2)CO1
O=C1CC(C(=O)N2CCCC(OCC(=O)c3ccc(OC(CNC(=O)C4CCCO4)c4ccc(C5CCC5)cc4)cc3)C2)CO1
O=C1CC(C(=O)N2CCCC(OC(=O)c3ccc(OC(CNC(=O)C4CCCO4)c4ccc(C5CCC5)cc4)cc3)C2)CO1
O=C1CC(C(=O)N2CCCC(OC(=O)c3ccc(OC(CNC(=O)C4CCCO4)c4ccc(C5CC5)cc4)cc3)C2)CO1
c1ccc(COc2ccc3c(cnn3-c3ccccc3)c2)cc1
c1ccc(COc2ccc3c(cnn3-c3ccccc3)c2)cc1
c1ccc(COc2ccc3c(cnn3-c3ccccc3)c2)cc1
c1ccc(COc2ccc3c(cnn3-c3ccccc3)c2)cc1
c1ccc(Cc2ccc3c(cnn3-c3ccccc3)c2)cc1
c1ccc(Cc2ccc3c(cnn3-c3ccccc3)c2)cc1
c1ccc(Cc2ccc3c(cnn3-c3ccccc3)c2)cc1
c1ccc(Cc2ccc3c(cnn3-c3ccccc3)c2)cc1
c1ccc(Cc2ccc3c(cnn3-c3ccccc3)c2)cc1
c1ccc(Cc2ccc3c(cnn3-c3ccccc3)c2)cc1
c1ccc(Cc2ccc3c(cnn3-c3ccccc3)c2)cc1
c1ccc(-n2ncc3cc(Cc4ccncc4)ccc32)cc1
c1ccc(-n2ncc3cc(Cc4ccncc4)ccc32)cc1
c1ccc(-n2ncc3cc(Cc4ccncc4)ccc32)cc1
c1ccc(-n2ncc3cc(Cc4ccncc4)ccc32)cc1
c1ccc(-n2ncc3cc(Cc4ccncc4)ccc32)cc1
c1ccc(COc2ccc3c(cnn3-c3ccccc3)c2)cc1
c1ccc(COc2ccc3c(cnn3-c3ccccc3)c2)cc1
c1ccc(-n2ncc3cc(OCc4ccccn4)ccc32)cc1
c1ccc(-n2ncc3cc(COCc4ccccn4)ccc32)cc1
c1ccc(-c2ccccc2-n2ncc3ccccc32)nc1
c1ccc(-c2ccccc2-n2ncc3ccccc32)nc1
C(=NNc1ccccc1-c1ccccn1)c1ccccc1
C(=NNc1ccccc1-c1ccccn1)c1ccccc1
C(=NNc1ccccc1-c1ccccn1)c1ccccc1
C(=NNc1ccccc1-c1ccccn1)c1ccccc1
C(=NCNc1ccccc1-c1ccccn1)c1ccccc1
C(=NCNc1ccccc1-c1ccccn1)c1ccccc1
C(=NCNc1ccccc1-c1ccccn1)c1ccccc1
c1ccc(CNCNc2ccccc2-c2ccccn2)cc1
c1ccc(COCCNCCCCNc2ccccc2-c2ccccn2)cc1
c1ccc(COCCNCCCNc2ccccc2-c2ccccn2)cc1
c1ccc(COCCNCCCNc2ccccc2-c2ccccn2)cc1
c1ccc(COCCNCCCNc2ccccc2-c2ccccn2)cc1
c1ccc(-c2ccccc2NCCCN2CCOCc3ccccc32)nc1
c1ccc(-c2ccccc2NCCCN2CCCCc3ccccc32)nc1
c1ccc(-c2ccccc2NCCCC2CCCCc3ccccc32)nc1
c1ccc(-c2ccccc2NCCCC23CC2CCCc2ccccc23)nc1
c1ccc(-c2ccccc2NCCCC23CC2CCCc2ccccc23)nc1
c1ccc(-c2ccccc2NCCCC23CC2CCCCc2ccccc23)nc1
c1ccc(-c2ccccc2NCCCC2CCCCCc3ccccc32)nc1
c1ccc(-c2ccccc2NCCCC2CCCCCc3ccccc32)nc1
c1ccc(-c2ccccc2NCCCC2CCCCCc3ccccc32)nc1
c1ccc(-c2ccccc2NCCCC2CCCCCc3ccccc32)nc1
c1ccc(-c2ccccc2NCCCC2CCCCc3ccccc32)nc1
c1ccc(-c2ccccc2NCCCC2CCCCc3ccccc32)nc1
c1ccc(-c2ccccc2NCCCC2CCCCc3ccccc32)nc1
c1ccc(-c2ccccc2NCCCC2CCCCc3ccccc32)nc1
c1ccc(-c2ccccc2NCCCC2CCCCc3ccccc32)nc1
c1ccc(-c2ccccc2NCCCC2CCCCc3ccccc32)nc1
c1ccc(-c2ccccc2NCCCC2CCCCc3ccccc32)nc1
c1ccc(-c2ccccc2NCCCC2CCCCc3ccccc32)nc1
c1ccc(-c2ccccc2NCCCC2CCCCCc3ccccc32)nc1
c1ccc(-c2ccccc2NCCCC2CCCCCc3cccc(OC4CC4)c32)nc1
c1ccc(-c2ccccc2NCCCC2CCCCCc3cccc(OC4CC4)c32)nc1
c1ccc(-c2ccccc2NCCCC2CCCCCc3ccccc32)nc1
c1ccc(-c2ccccc2NCCCC2CCCCc3ccccc32)nc1
c1ccc(-c2ccccc2NCCCC2CCCCc3ccccc32)nc1
c1ccc(-c2ccccc2NCCCC2CCCCc3ccccc32)nc1
c1ccc(-c2ccccc2NCCCC2CCCCc3ccccc32)nc1
c1ccc(-c2ccccc2NCCCC2CCCCc3ccccc32)nc1
c1ccc(-c2ccccc2NCCCC2CCCCc3ccccc32)nc1
c1ccc(-c2ccccc2NCCCC2CCCCc3ccccc32)nc1
c1ccc(-c2ccccc2NCCCC2CCCCc3ccccc32)nc1
c1ccc(-c2ccccc2NCCCC2CCCCc3ccccc32)nc1
c1ccc(-c2ccccc2NCCCC2CCCCc3ccccc32)nc1
c1ccc(-c2ccccc2NCCCC2CCCCc3ccccc32)nc1
c1ccc(-c2ccccc2NCCCC2CCCCc3ccccc32)nc1
c1ccc(-c2ccccc2NCCCC2CCCCc3ccccc32)nc1
c1ccc(-c2ccccc2NCCCC2CCCCc3ccccc32)nc1
c1ccc(-c2ccccc2NCCCC2CCCCc3ccccc32)nc1
c1ccc(-c2ccccc2NCCCC2CCCCc3ccccc32)nc1
c1ccc(-c2ccccc2NCCCC2CCCCc3ccccc32)nc1
c1ccc(-c2ccc(CCC3CCC3)cc2NCCCC2CCCCc3ccccc32)nc1
c1ccc(-c2ccc(CCC3CC3)cc2NCCCC2CCCCc3ccccc32)nc1
c1ccc(-c2ccc(CCC3CC3)cc2NCCCC2CCCc3ccccc32)nc1
c1ccc(-c2ccc(CNC3CC3)cc2NCCCC2CCCc3ccccc32)nc1
c1ccc(-c2ccc(CCNC3CC3)cc2NCCCC2CCCc3ccccc32)nc1
c1ccc(-c2ccc(CCNC3CC3)cc2NCCCC2CCCc3ccccc32)nc1
c1ccc(-c2ccc(CCNC3CC3)cc2NCCCC2CCCc3ccccc32)nc1
c1ccc(-c2ccc(CNC3CC3)cc2NCCCC2CCCc3ccccc32)nc1
c1ccc(-c2ccc(CN3CCCC3)cc2NCCCC2CCCc3ccccc32)nc1
c1ccc(-c2ccc(CN3CCC3)cc2NCCCC2CCCc3ccccc32)nc1
c1ccc(-c2ccc(CN3CCC3)cc2NCCCC2CCCCc3ccccc32)nc1
c1ccc(-c2ccccc2NCCCC2CCCCc3ccc(CN4CCC4)cc32)nc1
c1ccc(-c2ccccc2NCCCC2CCCCc3ccccc32)nc1
c1ccc(-c2ccccc2NCCCC2CCCCc3ccccc32)nc1
c1ccc(-c2ccccc2NCCCC2CCCCc3ccc(CNC4CC4)cc32)nc1
c1ccc(-c2ccccc2NCCCC2CCCCc3ccc(CNC4CC4)cc32)nc1
c1ccc(-c2ccccc2NCCCC2CCCCc3ccc(NC4CC4)cc32)nc1
c1ccc(-c2ccccc2NCCCC2CCCCc3ccc(OC4CC4)cc32)nc1
c1ccc(-c2ccccc2NCCCC2CCCCc3ccc(OC4CC4)cc32)nc1
c1ccc(-c2ccccc2NCCCC2CCCCCc3ccc(OC4CC4)cc32)nc1
c1ccc(-c2ccccc2NCCCC2CCCCCc3ccc(OC4CCO4)cc32)nc1
c1ccc(-c2ccccc2NCCCC2CCCCc3ccc(OC4CCO4)cc32)nc1
c1ccc(-c2ccccc2NCCCC2CCCCc3ccc(OC4CO4)cc32)nc1
c1ccc(-c2ccccc2NCCCC2CCCCc3ccc(OC4CO4)cc32)nc1
c1ccc(-c2ccccc2NCCCC2CCCCc3ccccc32)nc1
c1ccc(-c2ccccc2NCCCC2CCCCc3ccccc32)nc1
c1ccc(-c2ccccc2NCCCC2CCCCc3ccccc32)nc1
c1ccc(-c2ccccc2NCCCC2CCCCc3ccccc32)nc1
c1ccc(-c2ccccc2NCCCC2CCCCCc3ccccc32)nc1
c1ccc(-c2ccccc2NCCCC2CCCCCc3ccccc32)nc1
c1ccc(-c2ccccc2NCCCC2CCCCCc3ccccc32)nc1
c1ccc(-c2ccccc2NCCCC2CCCCc3ccccc32)nc1
c1ccc(-c2ccccc2NCCCC2CCCCc3ccccc32)nc1
c1ccc(-c2ccccc2NCCCC2CCCCc3ccccc32)nc1
c1ccc(-c2ccccc2NCCCC2CCCCc3ccccc32)nc1
c1ccc(-c2ccccc2NCCCC2CCCCc3ccccc32)nc1
c1ccc(-c2ccccc2NCCCC2CCCCc3ccccc32)nc1
c1ccc(-c2ccccc2NCCCC2CCCc3ccccc32)nc1
c1ccc(-c2ccccc2NCCCC2CCCc3ccccc32)nc1
c1ccc(-c2ccccc2NCCCC2CCCc3ccccc32)nc1
c1ccc(-c2ccccc2NCCCC2CCCc3ccccc32)nc1
c1ccc(-c2ccccc2NCCCC2CCCc3ccccc32)nc1
c1ccc(-c2ccccc2NCCCC2CCCc3ccccc32)nc1
c1ccc(-c2ccccc2NCCCC2CCCc3ccccc32)nc1
c1ccc(-c2ccccc2NCCCC2CCCc3ccccc32)nc1
c1ccc(-c2ccccc2NCCCC2CCCc3ccccc32)nc1
c1ccc(-c2ccccc2NCCCC2CCCc3ccccc32)nc1
c1ccc(-c2ccccc2NCCCC2CCCc3ccccc32)nc1
c1ccc(-c2ccccc2NCCCC2CCCc3ccccc32)nc1
c1ccc(-c2ccccc2NCCCC2CCCc3ccccc32)nc1
O=C1CCC1Nc1ccc(NCCCC2CCCc3ccccc32)c(-c2ccccn2)c1
c1ccc(-c2ccccc2NCCCC2CCCc3ccccc32)nc1
c1ccc(-c2ccccc2NCCCC2CCCc3ccccc32)nc1
c1ccc(-c2ccccc2NCCCC2CCCc3ccccc32)nc1
c1ccc(-c2ccccc2NCCCC2CCCc3ccccc32)nc1
c1ccc(-c2ccccc2NCCCC2CCCc3ccccc32)nc1
c1ccc(-c2ccccc2NCCCC2CCCc3ccccc32)nc1
c1ccc(-c2ccccc2NCCCC2CCCc3ccccc32)nc1
c1ccc(-c2ccccc2NCCCC2CCCc3ccccc32)nc1
c1ccc(-c2ccccc2NCCCC2CCCc3ccccc32)nc1
c1ccc(-c2ccccc2NCCCC2CCCc3ccccc32)nc1
c1ccc(-c2ccccc2NCCCC2CCCc3ccccc32)nc1
c1ccc(-c2ccccc2NCCCC2CCCc3ccccc32)nc1
c1ccc(-c2ccccc2NCCCC2CCCc3ccccc32)nc1
c1ccc(-c2ccccc2NCCCC2CCCc3ccccc32)nc1
c1ccc(-c2ccccc2NCCCC2CCCc3ccccc32)nc1
c1ccc(-c2ccccc2NCCCC2CCCc3ccccc32)nc1
c1ccc(-c2ccccc2NCCCC2CCCc3ccccc32)nc1
c1ccc(-c2ccccc2NCCCC2CCCc3ccccc32)nc1
c1ccc(-c2ccccc2NCCCC2CCCc3ccccc32)nc1
c1ccc(-c2ccccc2NCCCC2CCCc3ccccc32)nc1
c1ccc(-c2ccccc2NCCCC2CCc3ccccc32)nc1
c1ccc(-c2ccccc2NCCCC2CCc3ccccc32)nc1
c1ccc(-c2ccccc2NCCCC2CCc3ccccc32)nc1
c1ccc(-c2ccccc2NCCCC2CCCc3ccccc32)nc1
c1ccc(-c2ccccc2NCCCC2CCCc3ccccc32)nc1
c1ccc(-c2ccccc2NCCCC2CCCCc3ccccc32)nc1
c1ccc(-c2ncccc2NCCCC2CCCCc3ccccc32)cc1
c1ccc(-c2ncccc2NCCCC2CCCCc3ccccc32)cc1
c1ccc(-c2ncccc2NCCCC2CCCCc3ccccc32)cc1
c1ccc(-c2ncccc2NCCCC2CCCc3ccccc32)cc1
c1ccc(-c2ncccc2NCCCC2CCCc3ccccc32)cc1
c1ccc(-c2ncccc2NCCCC2CCCc3ccccc32)cc1
c1cncc(-c2ncccc2NCCCC2CCCc3ccccc32)c1
c1cncc(-c2ncccc2NCCCC2CCCc3ccccc32)c1
c1cncc(-c2ncccc2NCCCC2CCCc3ccccc32)c1
C=C(NCCCC1CCCc2ccccc21)c1nccc2ncccc12
c1ccc2c(c1)CCCC2CCCNCc1nccc2ncccc12
c1ccc2c(c1)CCCC2CCCNCc1nccc2ncccc12
c1ccc2c(c1)CCCC2CCCNCc1cccc2ncccc12
c1ccc2c(c1)CCCC2CCCNCc1cccc2ncccc12
c1ccc2c(c1)CCCC2CCCNc1cccc2ncccc12
C1=C2CCC3(OCC(c4ccccc4)O3)C2Cc2cnn(-c3ccccc3)c21
C1=CC(C2OCC(c3ccccc3)O2)Cc2cnn(-c3ccccc3)c21
C1=C2CCC(OCc3ccccc3)C2Cc2cnn(-c3ccccc3)c21
C1=C2CCC(OCc3ccccc3)C2Cc2cnn(-c3ccccc3)c21
C1=C2CCC(OCc3ccccc3)C2CCc2cnn(-c3ccccc3)c21
C1=C2CCC(OCc3ccccc3)C2CCc2cnn(-c3ccccc3)c21
C1=C2CCC(OCc3ccccc3)C2CCc2cnn(-c3ccccc3)c21
C1=C2CCC(OCc3ccccc3)C2CCCc2cnn(-c3ccccc3)c21
C1=C2CCC(OCc3cccnc3)C2CCCc2cnn(-c3ccccc3)c21
C1=C2CCC(OCc3cccnc3)C2CCc2cnn(-c3ccccc3)c21
C1=C2CCC(OCc3cccnc3)C2CCc2cnn(-c3ccccc3)c21
C1=C2CCC(OCc3cccnc3)C2CCc2cnn(-c3ccccc3)c21
C(=NNc1ccccc1)C1=CC=C2CCC(OCc3cccnc3)C2CC1
C(=NNc1ccccc1)C1=CC=C2CCC(OCc3cccnc3)C2CC1
C(=NNc1cccc(OCc2cccnc2)c1)C1=CC=C2CCCC2CC1
C(=NNc1cccc(OCc2cccnc2)c1)C1=CC2CCCC2CC1
C(=Nc1cccc(OCc2cccnc2)c1)C1=CC2CCCC2CC1
C(=Nc1cccc(OCc2cccnc2)c1)C1=CC2CCCC2CC1
C(=Nc1cccc(OCc2cccnc2)c1)C1=CC2CCCC2CC1
C(=Nc1cccc(OCc2cccnc2)c1)C1=CC2CCCC2CC1
C(=Nc1cccc(OCc2cccnc2)c1)C1=CC2CCCC2CC1
C1=C(CNc2cccc(OCc3cccnc3)c2)CCC2CCCC12
C1=C(CNc2cccc(OCc3cccnc3)c2)CCC2CCC12
C1=C(C2Nc3cc(OCc4cccnc4)ccc32)CCC2CCC12
C1=C(C2Cc3cc(OCc4cccnc4)ccc32)CCC2CCC12
C1=C(C2Cc3cc(OCc4cccnc4)ccc32)CCC2CC12
C1=C(C2Cc3cc(OCc4cccnc4)ccc32)CCC2CC12
C1=C(C2CCc3cc(OCc4cccnc4)ccc32)CCC2CC12
c1cncc(COc2ccc3c(c2)CCC3C2CCC3CC32)c1
c1cncc(COc2ccc3c(c2)CCC3C2CCC3CC3C2)c1
c1cncc(COc2ccc3c(c2)CCC3C2CCC3CCC3C2)c1
c1cncc(COc2ccc3c(c2)CCC3C2CCC3CCC3C2)c1
c1cncc(COc2ccc3c(c2)CCCC3C2CCC3CCC3C2)c1
c1cncc(COc2ccc3c(c2)CCCC3C2CCCCC2)c1
c1cncc(COc2ccc3c(c2)CCCC3C2CCCCC2)c1
c1cncc(COc2ccc3c(c2)CCC2CCCCCCC32)c1
c1cncc(COc2ccc3c(c2)CCC2CCCCCCC32)c1
c1cncc(COc2ccc3c(c2)CCC2CCCCCC32)c1
c1cncc(COc2ccc3c(c2)CCC2CCCCCC32)c1
c1cncc(COc2ccc3c(c2)CCC2CCCCCC32)c1
c1cncc(COc2ccc3c(c2)CCC2CCCCCC32)c1
c1cncc(COc2ccc3c(c2)CCC2CCCCCC32)c1
c1cncc(COc2ccc3c(c2)CCC2CC4CC4CC32)c1
c1cncc(COc2ccc3c(c2)CCC2CC4CC4CC32)c1
c1cncc(COc2ccc3c(c2)CCC2CC4CCC4CC32)c1
c1cncc(COc2ccc3c(c2)CCC2CCCCC32)c1
c1cncc(COc2ccc3c(c2)CCC2CCCCC32)c1
c1cncc(COc2ccc3c(c2)CCC2CCCCC32)c1
c1cncc(COc2ccc3c(c2)CCC2CCCCC32)c1
c1cncc(COc2ccc3c(c2)CCC2CCCCC32)c1
c1cncc(COc2ccc3c(c2)CCC2CCCCC32)c1
c1cncc(COc2ccc3c(c2)CCC2CCCCC32)c1
c1cncc(COc2ccc3c(c2)CCC2CCCCC32)c1
c1cncc(COc2ccc3c(c2)CCC2CCCCC32)c1
C1=C2CCC3(OCC(c4ccccc4)O3)C2Cc2cnn(-c3ccccc3)c21
C1=C2CCC(OCc3ccccc3)C2Cc2cnn(-c3ccccc3)c21
C1=C2CCC(OCCc3ccccc3)C2Cc2cnn(-c3ccccc3)c21
C1=CC(COCCc2ccccc2)Cc2cnn(-c3ccccc3)c21
C1=C(C(COCCc2ccccc2)Cc2cnn(-c3ccccc3)c2)C1
C1=C(C(COCCc2ccccc2)Cc2cnn(-c3ccccc3)c2)C1
C1=C(C(CNOCCc2ccccc2)Cc2cnn(-c3ccccc3)c2)C1
C1=C(C(CNOCCc2ccccc2)OCc2cnn(-c3ccccc3)c2)C1
O=C(NOCCc1ccccc1)C(OCc1cnn(-c2ccccc2)c1)C1=CC1
O=C(COCc1cnn(-c2ccccc2)c1)NOCCc1ccccc1
O=C(COCc1cnn(-c2ccccc2)c1)NNCCc1ccccc1
O=C(COCc1cnn(-c2ccccc2)c1)NCCc1ccccc1
O=C(COCc1cnn(-c2ccccc2)c1)NCCc1ccccc1
O=C(CCOCc1cnn(-c2ccccc2)c1)NCCc1ccccc1
O=C(CCOCc1cnn(-c2ccccc2)c1)NCCc1ccccc1
O=C(COCc1cnn(-c2ccccc2)c1)NCCc1ccccc1
c1ccc(CCCc2cnn(-c3ccccc3)c2)cc1
c1ccc(CCCc2cnn(-c3ccccc3)c2)cc1
c1ccc(CCCc2cnn(-c3ccccc3)c2)cc1
c1ccc(CCCc2cnn(-c3ccccc3)c2)cc1
c1ccc(CCCc2cnn(-c3ccccc3)c2)cc1
c1ccc(CCCc2cnn(-c3ccccc3)c2)cc1
c1ccc(CCCc2cnn(-c3ccccc3)c2)cc1
c1ccc(CCCc2cnn(-c3ccccc3)c2)cc1
c1ccc(CCCc2cnn(-c3ccccc3)c2)cc1
c1ccc(CCCc2cnn(-c3ccccc3)c2)cc1
c1ccc(CCCc2cnn(-c3ccccc3)c2)cc1
c1ccc(CCCc2cnn(-c3ccccc3)c2)cc1
c1ccc(CCCc2cnn(-c3ccccc3)c2)cc1
c1ccc(CCCc2cnn(-c3ccccc3)c2)cc1
c1ccc(CCCCc2cnn(-c3ccccc3)c2)cc1
c1ccc(CCCCc2cnn(-c3ccccc3)c2)cc1
c1ccc(CCCc2cnn(-c3ccccc3)c2)cc1
c1ccc(CCCc2cnn(-c3ccccc3)c2)cc1
c1ccc(CCCc2cnn(-c3ccccc3)c2)cc1
c1ccc(CCCc2cnn(-c3ccccc3)c2)cc1
c1ccc(CCCc2cnn(-c3ccccc3)c2)cc1
c1ccc(CCCc2cnn(-c3ccccc3)c2)cc1
c1ccc(CCCc2cnn(-c3ccccc3)c2)cc1
c1ccc(CCCc2cnn(-c3ccccc3)c2)cc1
c1ccc(CCCc2cnn(-c3ccccc3)c2)cc1
c1ccc(CCCc2cnn(-c3ccccc3)c2)cc1
c1ccc(CCCc2cnn(-c3ccccc3)c2)cc1
c1ccc(CCCc2cnn(-c3ccccc3)c2)cc1
c1ccc(CCCc2cnn(-c3ccccc3)c2)cc1
c1ccc(CCC(OC2CNC2)c2cnn(-c3ccccc3)c2)cc1
C1=C(OC(CCc2ccccc2)c2cnn(-c3ccccc3)c2)CN1
c1ccc(CCCc2cnn(-c3ccccc3)c2)cc1
C1=C(OC(CCc2ccccc2)c2cnn(-c3ccccc3)c2)N1
C1=C(OC(CCc2ccccc2)c2cnn(-c3ccccc3)c2)NC1
C1=C(OC(CCc2ccccc2)c2cnn(-c3ccccc3)c2)NC1
C1=C(OC(CCc2ccccc2)c2cnn(-c3ccccc3)c2)CNC1
C1=C(OC(CCc2ccccc2)c2cnn(-c3ccccc3)c2)CCC1
C1=C(OC(CCc2ccccc2)c2cnn(-c3ccccc3)c2)CC1
c1ccc(CCC(OC2=C3CC32)c2cnn(-c3ccccc3)c2)cc1
C1=C2C1=C2OC(CCc1ccccc1)c1cnn(-c2ccccc2)c1
C1=C2C1=C2OC(CCc1ccccc1)c1cnn(-c2ccccc2)c1
C1=C2C1=C2OC(CCc1ccccc1)c1cnn(-c2ccccc2)c1
C1=CC(OC(CCc2ccccc2)c2cnn(-c3ccccc3)c2)=C1
C1=CC(OC(CCc2ccccc2)c2cnn(-c3ccccc3)c2)=C1
C1=CC(OC(CCc2ccccc2)c2cnn(-c3ccccc3)c2)=C1
C1=CC(OC(CCc2ccccc2)c2cnn(-c3ccccc3)c2)=CC1
C1=CC(OC(CCc2ccccc2)c2cnn(-c3ccccc3)c2)=CC1
C1=CC(OC(CCc2ccccc2)c2cnn(-c3ccccc3)c2)=CCC1
C1=CC(OC(CCc2ccccc2)c2cnn(-c3ccccc3)c2)=CCC1
C1=CC(OC(CCc2ccccc2)c2cnn(-c3ccccc3)c2)=CCC1
C1=CC(OC(CCc2ccccc2)c2cnn(-c3ccccc3)c2)=CCC1
C1=CC(OC(CCc2ccccc2)c2cnn(-c3ccccc3)c2)=CCC1
c1ccc(CCC(Oc2ccccc2)c2cnn(-c3ccccc3)c2)cc1
c1ccc(CCC(Oc2ccccc2)c2cnn(-c3ccccc3)c2)cc1
c1ccc(CCC(Oc2ccccc2)c2cnn(-c3ccccc3)c2)cc1
c1ccc(CCC(Oc2ccccc2)c2cnn(-c3ccccc3)c2)cc1
c1ccc(CCC(Oc2ccccc2)c2cnn(-c3ccccc3)c2)cc1
c1ccc(CCC(Oc2ccccc2)c2cnn(-c3ccccc3)c2)cc1
c1ccc(CCC(Oc2ccccc2)c2cnn(-c3ccccc3)c2)cc1
c1ccc(CCC(Oc2ccccn2)c2cnn(-c3ccccc3)c2)cc1
c1ccc(CCC(Oc2ccccn2)c2cnn(-c3ccccc3)c2)cc1
c1ccc(CCC(Oc2ccccn2)c2cnn(-c3ccccc3)c2)cc1
c1ccc(CCC(Oc2ccccn2)c2cnn(-c3ccccc3)c2)cc1
c1ccc(CCC(Oc2ccccn2)c2cnn(-c3ccccc3)c2)cc1
c1ccc(CCC(Oc2ccccn2)c2cnn(-c3ccccc3)c2)cc1
c1ccc(CCC(Oc2ccccn2)c2cnn(-c3ccccc3)c2)cc1
c1ccc(CCC(Oc2ccccn2)c2cnn(-c3ccccc3)c2)cc1
c1ccc(CCC(Oc2ccccn2)c2cnn(-c3ccccc3)c2)cc1
c1ccc(CCC(Oc2ccccn2)c2cnn(-c3ccccc3)c2)cc1
c1ccc(CCC(Oc2ccccn2)c2cnn(-c3ccccc3)c2)cc1
c1ccc(CCC(Oc2ccccn2)c2cnn(-c3ccccc3)c2)cc1
c1ccc(CCC(Oc2ccccc2)c2cnn(-c3ccccc3)c2)cc1
c1ccc(CCC(Oc2ccccc2)c2cnn(-c3ccccc3)c2)cc1
c1ccc(CCC(Oc2ccccc2)c2cnn(-c3ccccc3)c2)cc1
c1ccc(CCC(Oc2ccccc2)c2cnn(-c3ccccc3)c2)cc1
c1ccc(CCC(Oc2ccccc2)c2cnn(-c3ccccc3)c2)cc1
c1ccc(CCC(Oc2ccccc2)c2cnn(-c3ccccc3)c2)cc1
c1ccc(CCC(Oc2ccccc2)c2cnn(-c3ccccc3)c2)cc1
c1ccc(CCC(Oc2ccccc2)c2cnn(-c3ccccc3)c2)cc1
c1ccc(CCC(Oc2cccnc2)c2cnn(-c3ccccc3)c2)cc1
c1ccc(CCC(Oc2cccnc2)c2cnn(-c3ccccc3)c2)cc1
c1ccc(CCC(Cc2cccnc2)c2cnn(-c3ccccc3)c2)cc1
c1ccc(CCC(Cc2cccnc2)c2cnn(-c3ccccc3)c2)cc1
c1ccc(CCC(Cc2cccnc2)c2cnn(-c3ccccc3)c2)cc1
c1ccc(CCC(c2cccnc2)c2cnn(-c3ccccc3)c2)cc1
c1ccc(CCC(c2cccnc2)c2cnn(-c3ccccc3)c2)cc1
c1ccc(CCC(OCc2ccnn2-c2ccccc2)c2cccnc2)cc1
c1ccc(CCC(OCc2ccnn2-c2ccccc2)c2cccnc2)cc1
c1ccc(CCC(OCc2ccnn2-c2ccccc2)c2cccnc2)cc1
c1ccc(CCC(OCc2ccnn2-c2ccccc2)c2cccnc2)cc1
c1ccc(CCC(OCc2ccnn2-c2ccccc2)c2cccnc2)cc1
c1ccc(CCC(OCc2ccnn2-c2ccccc2)c2cccnc2)cc1
c1ccc(CCC(OCc2ccnn2-c2ccccc2)c2cccnc2)cc1
c1ccc(CCC(OCc2ccnn2-c2ccccc2)c2cccnc2)cc1
c1ccc(CCC(OCc2ccnn2-c2ccccc2)c2cccnc2)cc1
c1ccc(CCC(OCc2ccnn2-c2ccccc2)c2cccnc2)cc1
c1ccc(CCC(OCc2ccnn2-c2ccccc2)c2cccnc2)cc1
c1ccc(CCC(OCc2ccnn2-c2ccccc2)c2cccnc2)cc1
c1ccc(CCC(OCc2ccnn2-c2ccccc2)c2cccnc2)cc1
c1ccc(CCC(OCc2ccnn2-c2ccccc2)c2cccnc2)cc1
C=C(OC(CCc1ccccc1)c1cccnc1)c1ccnn1-c1ccccc1
C=C(OC(CCc1ccccc1)c1cccnc1)c1ccnn1-c1ccccc1
C=C(OC(CCc1ccccc1)c1cccnc1)c1ccnn1-c1ccccc1
C1=C(OC(CCc2ccccc2)c2cccnc2)c2c(cnn2-c2ccccc2)C1
C1=C(OC(CCc2ccccc2)c2cccnc2)c2c(cnn2-c2ccccc2)CC1
c1ccc(CCC(Oc2cccc3cnn(-c4ccccc4)c23)c2cccnc2)cc1
c1ccc(CCC(Oc2cccc3cnn(-c4ccccc4)c23)c2cccnc2)cc1
c1ccc(CCC(Oc2ccccc2-n2ncc3ccccc32)c2cccnc2)cc1
c1ccc(CCC(Oc2ccccc2-n2ncc3ccccc32)c2cccnc2)cc1
c1ccc(CCC(OOc2ccccc2-n2ncc3ccccc32)c2cccnc2)cc1
c1ccc(CCC(Oc2cccc(-n3ncc4ccccc43)c2)c2cccnc2)cc1
c1ccc(CCC(Oc2cccc(-n3ncc4ccccc43)c2)c2cccnc2)cc1
c1ccc(CCC(Oc2cccc(-n3ncc4ccccc43)c2)c2cccnc2)cc1
c1ccc(CCC(Oc2cccc(-n3ncc4ccccc43)c2)c2cccnc2)cc1
c1ccc(CCC(Oc2ccc(-n3ncc4ccccc43)cc2)c2cccnc2)cc1
c1ccc(CCC(Oc2ccc(-n3ncc4ccccc43)cc2)c2cccnc2)cc1
c1ccc(CCC(Oc2ccc(-n3ncc4ccccc43)cc2)c2cccnc2)cc1
c1ccc(CCC(Oc2ccc(-n3ncc4ccccc43)cc2)c2cccnc2)cc1
c1ccc(CCC(Oc2ccc3c(cnn3-c3ccccc3)c2)c2cccnc2)cc1
c1ccc(CCC(Oc2ccc3c(cnn3-c3ccccc3)c2)c2cccnc2)cc1
c1ccc(CCC(Oc2ccc3c(cnn3-c3ccccc3)c2)c2cccnc2)cc1
c1ccc(CCC(Oc2ccc3c(cnn3-c3ccccc3)c2)c2cccnc2)cc1
O=C(NCCCC1(c2ccccc2)CCC1)c1cnn(-c2ccccc2)c1
O=C(NCCC1C2CCC12c1ccccc1)c1cnn(-c2ccccc2)c1
O=C(NCCC1C2CCC12c1ccccc1)c1cnn(-c2ccccc2)c1
O=C(NCCC1C2CCC12c1ccccc1)c1cnn(-c2ccccc2)c1
O=C(NCCC1C2CCC12c1ccccc1)c1cnn(-c2ccccc2)c1
O=C(NCCC1C2CCC12c1ccccc1)c1cnn(-c2ccccc2)c1
O=C(NCCC1C2CCC12c1ccccc1)c1cnn(-c2ccccc2)c1
O=C(NCCC1C2CCC12c1ccccc1)c1cnn(-c2ccccc2)c1
O=C(NCCC1CCCC1c1ccccc1)c1cnn(-c2ccccc2)c1
O=C(NCCCC(c1ccccc1)C1CC1)c1cnn(-c2ccccc2)c1
O=C(NCCCC(c1ccccc1)C1CC1)c1cnn(-c2ccccc2)c1
O=C(NCCC(c1ccccc1)C1CC1)c1cnn(-c2ccccc2)c1
O=C(NCCC(c1ccccc1)C1CC1)c1cnn(-c2ccccc2)c1
O=C(NCCC(c1ccccc1)C1CC1)c1cnn(-c2ccccc2)c1
O=C(NCCC(OC1CC1)c1ccccc1)c1cnn(-c2ccccc2)c1
O=C(NCCC(OC1CC1)c1ccccc1)c1cnn(-c2ccccc2)c1
O=C(NCCC(OC1CC1)c1ccccc1)c1cnn(-c2ccccc2)c1
O=C(NCCC(OC1CCC1)c1ccccc1)c1cnn(-c2ccccc2)c1
O=C(NCCC(OC1=CCC1)c1ccccc1)c1cnn(-c2ccccc2)c1
O=C(NCCC(OC1=CC=C1)c1ccccc1)c1cnn(-c2ccccc2)c1
O=C(NCCC(OC1=CC=C1)c1ccccc1)Nc1cnn(-c2ccccc2)c1
O=C(NCCC(OC1=CCC=C1)c1ccccc1)Nc1cnn(-c2ccccc2)c1
O=C(NCCC(OC1=CCC=C1)c1ccccc1)NCc1cnn(-c2ccccc2)c1
O=C(NCCC(OC1=CCC=C1)c1ccccc1)NCc1cnn(-c2ccccc2)c1
O=C(NCCC(OC1=CCC=C1)c1ccccc1)NCc1cnn(-c2ccccc2)c1
O=C(NCCC(OC1=CCC=C1)c1ccccc1)N1CCC1c1cnn(-c2ccccc2)c1
O=C(NCCC(OC1=CC=C1)c1ccccc1)N1CCC1c1cnn(-c2ccccc2)c1
O=C(NCCC(OC1=CC=C1)c1ccccc1)N1CC1c1cnn(-c2ccccc2)c1
O=C(NCCC(OC1=CC=C1)c1ccccc1)C1CC1c1cnn(-c2ccccc2)c1
O=C(NCCC(OC1=CC=C1)c1ccccc1)C1CC1c1cnn(-c2ccccc2)c1
O=C(NCCC(OC1=CC(c2cnn(-c3ccccc3)c2)=C1)c1ccccc1)C1CC1
O=C(NCCC(OC1=CC(c2cnn(-c3ccccc3)c2)=C1)c1ccccc1)C1CC1
O=C(NCCC(OC1=CC(c2cnn(-c3ccccc3)c2)=C1)c1ccccc1)C1CC1
O=C(NCC(OC1=CC(c2cnn(-c3ccccc3)c2)=C1)c1ccccc1)C1CC1
O=C(NCC(OC1=CC(c2cnn(-c3ccccc3)c2)=C1)c1ccccc1)C1CC1
O=C(NCC(OC1=CC(c2cnn(-c3ccccc3)c2)=C1)c1ccccc1)C1CC1
O=C(NCC(OC1=CC(c2cnn(-c3ccccc3)c2)=C1)c1ccccc1)C1CC1
O=C(NCC(OC1=CC(c2cnn(-c3ccccc3)c2)=C1)c1ccccc1)C1CC1
O=C(NCC(OC1=CC(c2cnn(-c3ccccc3)c2)=C1)c1ccccc1)C1CC1
O=C(NCC(OC1=CC(c2cnn(-c3ccccc3)c2)=C1)c1ccccc1)C1CC1
O=C(NCC(OC1=CC(c2cnn(-c3ccccc3)c2)=C1)c1ccccc1)C1CC1
O=C(NCC(OC1=CC(c2cnn(-c3ccccc3)c2)=C1)c1ccccc1)C1CC1
O=C(NCC(OC1=CC(c2cnn(-c3ccccc3)c2)=C1)c1ccccc1)C1CC1
O=C(NCC(OC1=CC(c2cnn(-c3ccccc3)c2NC2CCC2)=C1)c1ccccc1)C1CC1
O=C(NCC(OC1=CC(c2cnn(-c3ccccc3)c2NC2CC2)=C1)c1ccccc1)C1CC1
O=C(NCC(OC1=CC(c2cnn(-c3ccccc3)c2NC2CC2)=C1)c1ccccc1)C1CC1
O=C(NCC(OC1=CC(c2cnn(-c3ccccc3)c2CC2CC2)=C1)c1ccccc1)C1CC1
O=C(NCC(OC1=CC(c2cnn(-c3ccccc3)c2CC2CC2)=C1)c1ccccc1)C1CC1
O=C(NCC(OC1=CC(c2cnn(-c3ccccc3)c2CC2CC2)=C1)c1ccccc1)C1CC1
C=C1CC1Cc1c(C2=CC(OC(CNC(=O)C3CC3)c3ccccc3)=C2)cnn1-c1ccccc1
C=C1CC1c1c(C2=CC(OC(CNC(=O)C3CC3)c3ccccc3)=C2)cnn1-c1ccccc1
O=C(NCC(OC1=CC(c2cnn(-c3ccccc3)c2C2C3=CC32)=C1)c1ccccc1)C1CC1
O=C(NCC(OC1=CC(c2cnn(-c3ccccc3)c2C2C3=CC32)=C1)c1ccccc1)C1CC1
O=C(NCC(OC1=CC(c2cnn(-c3ccccc3)c2CC2=CC2)=C1)c1ccccc1)C1CC1
O=C(NCC(OC1=CC(c2cnn(-c3ccccc3)c2C2=CC2)=C1)c1ccccc1)C1CC1
O=C(NCC(OC1=CC(c2cnn(-c3ccccc3)c2)=C1)c1ccccc1)C1CC1
O=C(NCC(OC1=CC(c2cnn(-c3ccccc3)c2)=C1)c1ccccc1)C1CC1
O=C(NCC(OC1=CC(c2cnn(-c3ccccc3)c2)=C1)c1ccccc1)C1CC1
O=C(NCC(OC1=CC(c2cnn(-c3ccccc3)c2)=C1)c1ccccc1)C1CC1
O=C(NCC(OC1=CC(c2cnn(-c3ccccc3)c2)=C1)c1ccccc1)C1CC1
O=C(NCC(OC1=CCc2cnn(-c3ccccc3)c2C=C1)c1ccccc1)C1CC1
O=C(NCC(OC1=CCc2cnn(-c3ccccc3)c2C=C1)c1ccccc1)C1CC1
O=C(NCC(OC1=CCc2cnn(-c3ccccc3)c2C=C1)c1ccccc1)C1CC1
O=C(NCC(Oc1ccc2c(cnn2-c2ccccc2)c1)c1ccccc1)C1CC1
O=C(NCC(Oc1ccc2c(cnn2-c2ccccc2)c1)c1ccccc1)C1CC1
O=C(NCCCC1(c2ccccc2)CCC1)c1cnn(-c2ccccc2)c1
O=C(NCCCCC1(c2ccccc2)CCC1)c1cnn(-c2ccccc2)c1
O=C(NCCCCC1(c2ccccc2)CCC1)c1cnn(-c2ccccc2)c1
O=C(NCCCCC1(c2ccccc2)CCC1)c1cnn(-c2ccccc2)c1
O=C(CNCCCCC1(c2ccccc2)CCC1)c1cnn(-c2ccccc2)c1
O=C(CNCCCCC1CCCc2ccccc21)c1cnn(-c2ccccc2)c1
O=C(CNCCCCC1CCCc2ccccc21)c1cnn(-c2ccccc2)c1
O=C(CNCCCCC1CCCc2ccccc21)c1cnn(-c2ccccc2)c1
O=C(CNCCCCC1CCCc2ccccc21)c1cnn(-c2ccccc2)c1
O=C(NCCCCC1CCCc2ccccc21)c1cnn(-c2ccccc2)c1
O=C(NCCCCC1CCCc2ccccc21)c1ccn(-c2ccccc2)c1
O=C(NCCCCC1CCCc2ccccc21)c1ccn(-c2ccccc2)c1
O=C(NCCCCC1CCCc2ccccc21)c1ccn(-c2ccccc2)c1
O=C(NCCCCC1CCCc2ccccc21)c1ccn(-c2ccccc2)c1
O=C(NCCCCC1CCCc2ccccc21)C1=CN(c2ccccc2)C1
O=C(NCCCCC1CCCc2ccccc21)C1=CN(c2ccccc2)C1
O=C(NCCCCC1CCCc2ccccc21)C1=CN(c2ccccc2)C1
O=C(NCCCC1CCCc2ccccc21)C1=CN(c2ccccc2)C1
O=C(NCCCC1CCCc2ccccc21)C1=CN(c2ccccc2)C1
O=C(NCCCC1CCCc2ccccc21)C1CN1c1ccccc1
O=C(CCCCC1CCCc2ccccc21)C1CN1c1ccccc1
O=C(CCCCC1CCCCc2ccccc21)C1CN1c1ccccc1
O=C1C(CCCCCC2CCCCc3ccccc32)N1c1ccccc1
O=C1C(CCCCCC2CCCCc3ccccc32)CN1c1ccccc1
O=C1C(CCCCCCC2CCCCc3ccccc32)CN1c1ccccc1
O=C1C(CCCCCCC2CCCc3ccccc32)CN1c1ccccc1
O=C1C(CCCCCC2CCCc3ccccc32)CN1c1ccccc1
O=C1C(CCCCCC2CCCc3ccccc32)CN1c1ccccc1
O=C1C(CCCCCC2CCCc3ccccc32)N1c1ccccc1
O=C1c2ccccc2NC1CCCCCC1CCCc2ccccc21
O=C1c2ccccc2NC1CCCCC1CCCc2ccccc21
O=C1c2ccccc2NC1CCCC1CCCc2ccccc21
O=C1CN(CCCC2CCCc3ccccc32)c2ccccc21
O=C1CCN(CCCC2CCCc3ccccc32)c2ccccc21
O=c1ccn(CCCC2CCCc3ccccc32)c2ccccc12
O=C(NCCCC1(c2ccccc2)CCC1)c1cnn(-c2ccccc2)c1
O=C(NCCCC1(c2ccccc2)CCC1)c1cnn(Cc2ccccc2)c1
c1ccc(Cn2cc(CNCCCC3(c4ccccc4)CCC3)cn2)cc1
c1ccc(Cn2cc(CNCCCC3(c4ccccc4)CCC3)cn2)cc1
c1ccc(Cn2cc(CNCCCC3(c4ccccc4)CCC3)cn2)cc1
c1ccc(Cn2cc(CNCCCC3(c4ccccc4)CCC3)cn2)cc1
c1ccc(Cn2cc(CNCCCC3CCC3)c(-c3ccccc3)n2)cc1
c1ccc(Cn2cc(CCCCCC3CCC3)c(-c3ccccc3)n2)cc1
c1ccc(Cn2cc(CCCCCC3CCC3)c(-c3ccccc3)n2)cc1
c1ccc(CCn2cc(CCCCCC3CCC3)c(-c3ccccc3)n2)cc1
c1ccc(CCn2cc(CCCCCC3CCC3)c(-c3ccccc3)n2)cc1
c1ccc(CCn2cc(CCCCCC3CCC3)c(-c3ccccc3)n2)cc1
c1ccc(CCn2cc(CSCCCCC3CCC3)c(-c3ccccc3)n2)cc1
c1ccc(CCn2cc(CSCCCC3CCC3)c(-c3ccccc3)n2)cc1
c1ccc(CCn2cc(CSCCCC3CCC3)c(-c3ccccc3)c2)cc1
c1ccc(CCn2cc(CSCCCC3CCC3)c(-c3ccccc3)c2)cc1
c1ccc(CCn2cc(CSCCC3CCC3)c(-c3ccccc3)c2)cc1
c1ccc(CCn2cc(CSCCC3CCC3)c(-c3ccccc3)c2)cc1
c1ccc(CCn2cc(CSCCC3CCC3)c(-c3ccccc3)c2)cc1
c1ccc(CCn2cc(CSCCC3CCC3)c(-c3ccccc3)c2)cc1
C1=C(CCSCc2cn(CCc3ccccc3)cc2-c2ccccc2)CC1
C1=C(CCSCc2cn(CCc3ccccc3)cc2-c2ccccc2)NCC1
C1=C(CCSCc2cn(CCc3ccccc3)cc2-c2ccccc2)NC1
C1=C(CCSCc2c(-c3ccccc3)c3n(CCc4ccccc4)c2-3)NC1
C1=C(CCSCC2=CC(NCCc3ccccc3)=C2c2ccccc2)NC1
C1=C(CCSCC2=CC(NCCc3ccccc3)=C2c2ccccc2)NC1
C1=C(CCSCC2=CC(NCCc3ccccc3)=C2c2ccccc2)NC1
C1=C(CCSCC2=CC(NCCCc3ccccc3)=C2c2ccccc2)NC1
C1=C(CCSCC2=CC(CNCCCc3ccccc3)=C2c2ccccc2)NC1
C1=C(CCSCC2=CC(CCCCCc3ccccc3)=C2c2ccccc2)NC1
C1=C(CCSCC2=CC(CCCCc3ccccc3)=C2c2ccccc2)NC1
C1=C(CCSCC2=CC(CCCc3ccccc3)=C2c2ccccc2)NC1
C1=C(CCSCC2=CC(CCc3ccccc3)=C2c2ccccc2)NC1
C1=C(CCSCC2=CC(SCCc3ccccc3)=C2c2ccccc2)NC1
C1=C(CCSCC2=CC(SCCCc3ccccc3)=C2c2ccccc2)NC1
C1=C(CCSCC2=CC(c3ccccc3)=C2SCCCc2ccccc2)NC1
C1=C(CCSCC2=CC(c3ccccc3)=C2SCCc2ccccc2)NC1
C1=C(CCSC2=C(c3ccccc3)C=C2CSCCc2ccccc2)NC1
C1=C(CCSC2=C(c3ccccc3)CC=C2CSCCc2ccccc2)NC1
C1=C(CSC2=C(c3ccccc3)CC=C2CSCCc2ccccc2)NC1
C1=C(CCC2=C(c3ccccc3)CC=C2CSCCc2ccccc2)NC1
C1=C(CCC2=C(c3ccccc3)CCC=C2CSCCc2ccccc2)NC1
C1=C(CCc2c(CSCCc3ccccc3)cccc2-c2ccccc2)NC1
C1=CCC(c2ccccc2)=C(CCC2=CCN2)C(CSCCc2ccccc2)=C1
C1=CCC(c2ccccc2)=C(CC2=CCN2)C(CSCCc2ccccc2)=C1
C1=C(Cc2c(CSCCc3ccccc3)cccc2-c2ccccc2)NC1
C1=C(Cc2c(CSCCc3ccccc3)cccc2-c2ccccc2)NC1
C1=C(Cc2c(CSCCc3ccccc3)cccc2Cc2ccccc2)NC1
C1=C(Cc2cc(-c3ccccc3)ccc2CSCCc2ccccc2)NC1
C1=C(Cc2cc(-c3ccccc3)ccc2CSCCc2ccccc2)NC1
C1=C(Cc2cc(-c3ccccc3)ccc2CSCCc2ccccc2)NC1
C1=C(c2cc(-c3ccccc3)ccc2CSCCc2ccccc2)NC1
C1=C(c2cc(-c3ccccc3)ccc2CSCCc2ccccc2)NC1
c1ccc(CCSCc2ccc(-c3ccccc3)cc2C2=C3SCC3N2)cc1
c1ccc(CCSCc2ccc(-c3ccccc3)cc2C2=C3SCC3N2)cc1
C1=C(c2cc(-c3ccccc3)ccc2CSCCc2ccccc2)NCCS1
C1=C(c2cc(-c3ccccc3)ccc2CSCCc2ccccc2)NCCS1
C1=C(c2cc(-c3ccccc3)ccc2CSCCc2ccccc2)NC2CC2S1
C1=C(c2cc(-c3ccccc3)ccc2CSCCc2ccccc2)NC2CC2C1
C1=C(c2cc(-c3ccccc3)ccc2CSCCc2ccccc2)NC2CC2=C1
C1=C(c2cc(-c3ccccc3)ccc2CSCCc2ccccc2)NC2CCC2=C1
C1=C(c2cc(-c3ccccc3)ccc2CSCCc2ccccc2)NC2CCC2=C1
C1=C(c2cc(-c3ccccc3)ccc2CSCCc2ccccc2)NC2CCC2=C1
C1=C(c2cc(-c3ccccc3)ccc2CSCCc2ccccc2)NC2CCC2=C1
C1=CCNC(c2cc(-c3ccccc3)ccc2CSCCc2ccccc2)=C1
C1=CCNC(c2cc(-c3ccccc3)ccc2CSCCc2ccccc2)=C1
C1=CCNC(c2cc(-c3ccccc3)ccc2CSCCc2ccccc2)=C1
C1=CCNC(c2cc(-c3ccccc3)ccc2CSCCc2ccccc2)=C1
C1=CCNC(c2cc(-c3ccccc3)ccc2CSCCc2ccccc2)=C1
C1=CCCNC(c2cc(-c3ccccc3)ccc2CSCCc2ccccc2)=C1
C1=CCCNC(c2cc(-c3ccccc3)ccc2CSCCc2ccccc2)=C1
C1=CCCNC(c2cc(-c3ccccc3)ccc2CSCCc2ccccc2)=C1
C1=CCCNC(c2cc(-c3ccccc3)ccc2CSCCc2ccccc2)=C1
C1=CCNC(c2cc(-c3ccccc3)ccc2CSCCc2ccccc2)=C1
C1=CCNC(c2cc(-c3ccccc3)ccc2CSCCc2ccccc2)=C1
C1=CCNC(c2cc(-c3ccccc3)ccc2CSCCc2ccccc2)=C1
C1=CCNC(c2cc(-c3ccccc3)ccc2CSCCc2ccccc2)=C1
C1=CCNC(c2cc(-c3ccccc3)ccc2CSCCc2ccccc2)=C1
C1=CCNC(c2cc(-c3ccccc3)ccc2CSCCc2ccccc2)=C1
C1=CCNC(c2cc(-c3ccccc3)ccc2CSCCc2ccccc2)=C1
C1=CCNC(c2cc(-c3ccccc3)ccc2CSCCc2ccccc2)=C1
C1=CCNC(c2cc(-c3ccccc3)ccc2CSCCc2ccccc2)=C1
C1=CCNC(c2cc(-c3ccccc3)ccc2CSCCc2ccccc2)=C1
C1=CCNC(c2cc(-c3ccccc3)ccc2CSCCc2ccccc2)=C1
C1=CCNC(c2cc(-c3ccccc3)ccc2CSCCc2ccccc2)=C1
C1=CCNC(c2cc(-c3ccccc3)ccc2CSCCc2ccccc2)=C1
C1=CCNC(c2cc(-c3ccccc3)ccc2CSCCc2ccccc2)=C1
C1=CCNC(c2cc(-c3ccccc3)ccc2CSCCc2ccccc2)=C1
C1=C(COC2CC2)C=C(c2cc(-c3ccccc3)ccc2CSCCc2ccccc2)NC1
C1=C(COC2CC2)C=C(c2cc(-c3ccccc3)ccc2CSCCc2ccccc2)NC1
C1=C(c2cc(-c3ccccc3)ccc2CSCCc2ccccc2)NCC=C1C1CC1
C1=C(c2cc(-c3ccccc3)ccc2CSCCc2ccccc2)NCC=C1C1CCC1
C1=C(c2cc(-c3ccccc3)ccc2CSCCc2ccccc2)NCC=C1C1CCC1
C1=C(c2cc(-c3ccccc3)ccc2CSCCc2ccccc2)NCC=C1C1CCC1
C1=C(c2cc(-c3ccccc3)ccc2CSCCc2ccccc2)NCC=C1C1CCC1
C1=C(c2cc(-c3ccccc3)ccc2CSCCc2ccccc2)NCC=C1C1CCCC1
C1=C(c2cc(-c3ccccc3)ccc2CSCCc2ccccc2)NCC=C1C1CCCC1
C1=C(c2cc(-c3ccccc3)ccc2CSCCc2ccccc2)NCC=C1C1CCC1
C1=C(c2cc(-c3ccccc3)ccc2CSCCc2ccccc2)NCC=C1C1CCC1
C1=CCNC(c2cc(-c3ccccc3)ccc2CSCCc2ccccc2)=C1
C1=CCNC(c2cc(-c3ccccc3)ccc2CSCCc2ccccc2)=C1
C1=CCNC(c2cc(-c3ccccc3)ccc2CSCCc2ccccc2)=C1
C1=CCNC(c2cc(-c3ccccc3)ccc2CSCCc2ccccc2)=C1
C1=CCNC(c2cc(-c3ccccc3)ccc2CCSCCc2ccccc2)=C1
C1=CCNC(c2cc(-c3ccccc3)ccc2CCSCCc2ccccc2)=C1
C=C1NCC=C(CSCCc2ccccc2)c2ccc(-c3ccccc3)cc21
C=C1NCC=C(CSCCc2ccccc2)c2ccc(-c3ccccc3)cc21
C=C1NCC=C(CSCCc2ccccc2)c2ccc(-c3ccccc3)cc21
C=C1NCC=C(CSCCc2ccccc2)c2ccc(-c3ccccc3)cc21
C=C1NCC=C(CSCCc2ccccc2)c2ccc(-c3ccccc3)cc21
C=C1NCC=C(CSCCc2ccccc2)c2cc(-c3ccccc3)ccc21
C1=C(CSCCc2ccccc2)c2cc(-c3ccccc3)ccc2CNC1
C1=C(CSCCc2ccccc2)c2cc(-c3ccccc3)ccc2NC1
C1=C2CCCCC2Cc2cnn(-c3ccccc3)c21
C1=C2CCCCC2c2cnn(-c3ccccc3)c21
C1=C2CCCCC2c2cnn(-c3ccccc3)c21
C1=C2CCCC(CCc3ccccc3)C2c2cn[nH]c21
C1=C2CCCC(OCCc3ccccc3)C2c2cn[nH]c21
C1=C2CCCC(OCCc3ccccc3)C2c2cn[nH]c21
C1=C2CCCC(OCCc3ccccc3)C2c2cc[nH]c21
C1=C2CCCC(OCCCc3ccccc3)C2c2cc[nH]c21
C=C(CCc1ccccc1)OC1CCCC2=Cc3[nH]ccc3C21
C=C(CCc1ccccc1)OC1CCC2=Cc3[nH]ccc3C21
C=C(CCc1ccccc1)OC1CCC(=C2c3cc[nH]c32)C1
C=C(NCc1ccccc1)OC1CCC(=C2c3cc[nH]c32)C1
C=C(NCc1ccccc1)OC1CCC(=C2c3cc[nH]c32)C1
C=C(NCc1ccccc1)OC1CCC(=C2c3cc[nH]c32)C1
C=C(NCc1ccccc1)OC1CCC(=C2c3cc[nH]c32)C1
O=C(NCc1ccccc1)OC1CCC(=C2c3cc[nH]c32)C1
O=C(NCc1ccccc1)OC1CCC(=C2c3cc[nH]c32)C1
O=C(NCc1ccccc1)OC1CCC(=C2c3cc[nH]c32)C1
O=C(NCc1ccccc1)OC1CCC(=C2c3cc[nH]c32)C1
O=C(NCc1ccccc1)OC1CCC(=C2c3cc[nH]c32)NC1
O=C(NCc1ccccc1)OC1CCCC(=C2c3cc[nH]c32)NC1
O=C(NCc1ccccc1)OC1CCCC(=C2c3cc[nH]c32)NC1
C=C1CC(=C2c3cc[nH]c32)NCC(OC(=O)NCc2ccccc2)C1
C=C1CC(OC(=O)NCc2ccccc2)CNC1=C1c2cc[nH]c21
O=C(NCc1ccccc1)OC1CNc2cc3cc[nH]c3cc2C1
O=C(NCc1ccccc1)OC1CNc2cc3cc[nH]c3cc2C1
O=C(NCc1ccccc1)OC1CNc2cc3cc[nH]c3cc2C1
O=C(NCc1ccccc1)OC1CNc2cc3cc[nH]c3cc2C1
O=C(NCc1ccccc1)OC1CNc2cc3cc[nH]c3cc2C1
O=C(NCc1ccccc1)OC1CNc2cc3cc[nH]c3cc2C1
O=C(NCc1ccccc1)OC1CCc2c(ccc3[nH]ccc23)NC1
O=C(NCc1ccccc1)OC1CCc2c(ccc3[nH]ccc23)NC1
O=C(NCc1ccccc1)OC1CCc2c(ccc3[nH]ccc23)NC1
O=C(NCc1ccccc1)OC1CCc2c(ccc3[nH]ccc23)NC1
O=C(NCc1ccccc1)OC1CCc2c(ccc3[nH]ccc23)NC1
O=C(NCc1ccccc1)OC1CCc2c(ccc3[nH]ccc23)NC1
O=C(NCc1ccccc1)OC1CCc2c(ccc3[nH]ccc23)NC1
O=C(NCc1ccccc1)OC1CCc2c(ccc3[nH]ccc23)NC1
O=C(NCc1ccccc1)OC1CCc2c(ccc3[nH]ccc23)NC1
O=C(NCc1ccccc1)OC1CCc2c(ccc3[nH]ccc23)NC1
O=C(NCc1ccccc1)OC1CCc2c(ccc3[nH]ccc23)NC1
O=C(NCc1ccccc1)OC1CCc2c(ccc3[nH]ccc23)NC1
O=C(NCc1ccccc1)OC1CCc2c(ccc3[nH]ccc23)NC1
O=C(NCc1ccccc1)OC1CCc2c(ccc3[nH]ccc23)NC1
O=C(NCc1ccccc1)OC1CCc2c(ccc3[nH]ccc23)NC1
O=C(NCc1ccccc1)OC1CCc2c(ccc3[nH]ccc23)NC1
O=C(NCc1ccccc1)OC1CCc2c(ccc3[nH]ccc23)NC1
O=C(NCc1ccccc1)OC1CCc2c(ccc3[nH]ccc23)NC1
O=C(NCc1ccccc1)OC1CCc2c(ccc3[nH]ccc23)NC1
O=C(NCc1ccccc1)OC1CCc2c(ccc3[nH]ccc23)NC1
O=C(NCc1ccccc1)OC1CNc2ccc3[nH]ccc3c2C2CC12
O=C(NCc1ccccc1)OC1CNc2ccc3[nH]ccc3c2C2CC12
O=C(NCc1ccccc1)OC1CNc2ccc3[nH]ccc3c2C2CC12
O=C(NCc1ccccc1)OC1CNc2ccc3[nH]ccc3c2C1
O=C(NCc1ccccc1)OC1CNc2ccc3[nH]ccc3c2C1C1CCO1
O=C(NCc1ccccc1)OC1CNc2ccc3[nH]ccc3c2C1C1=CCO1
O=C(NCc1ccccc1)OC1CNc2ccc3[nH]ccc3c2C1
O=C(NCc1ccccc1)OC1CNc2ccc3[nH]ccc3c2C1
O=C(NCc1ccccc1)OC1CNc2ccc3[nH]ccc3c2C1
O=C(NCc1ccccc1)OC1CNc2ccc3[nH]ccc3c2C1
O=C(NCc1ccccc1)OC1CNc2ccc3[nH]ccc3c2C1
O=C(NCc1ccccc1)OC1CNc2ccc3[nH]ccc3c2C1
O=C(NCc1ccccc1)OC1CNc2ccc3[nH]ccc3c2C1
O=C(NCc1ccccc1)OC1CNc2ccc3[nH]ccc3c2C1
O=C(NCc1ccccc1)OC1CNc2ccc3c(c2C1)C=CC3
O=C(NCc1ccccc1)OC1CNc2ccc3c(c2C1)C=CCC3
O=C(NCc1ccccc1)OC1CNc2ccc3ccccc3c2C1
O=C(NCc1ccccc1)OC1CNc2ccc3ccccc3c2C1
O=C(NCc1ccccc1)OC1CNc2ccc3ccccc3c2C1
O=C(NCc1ccccc1)OC1CNc2ccc3ccccc3c2C1
O=C(NCc1ccccc1)OC1CNc2ccc3c4c(ccc3c2C1)CC4
O=C(NCc1ccccc1)OC1CNc2ccc3ccccc3c2C1
O=C(NCc1ccccc1)OC1CNc2ccc3ccccc3c2C1
O=C(NCc1ccccc1)OC1CNc2ccc3ccccc3c2C1
O=C(NCc1ccccc1)OC1CNc2ccc3ccccc3c2C1
O=C(NCc1ccccc1)OC1CNc2ccc3ccccc3c2C1
O=C(NCc1ccccc1)OC1CNc2ccc3ccccc3c2C1
O=C(NCc1ccccc1)OC1CNc2ccc3ccccc3c2C1
O=C(NCc1ccccc1)OC1CNc2ccc3ccccc3c2C1
O=C(NCc1ccccc1)OC1CNc2ccc3ccccc3c2C1
O=C(NCc1ccccc1)OC1CNc2ccc3ccccc3c2C1
O=C(NCc1ccccc1)OC1CNc2ccc3ccccc3c2C1
O=C(NCc1ccccc1)OC1CNc2ccc3ccccc3c2C1
O=C(NCc1ccccc1)OC1CNc2ccc3c(C4CC4)cccc3c2C1
O=C(NCc1ccccc1)OC1CNc2ccc3c(C4CC4)cccc3c2C1
O=C(NCc1ccccc1)OC1CNc2ccc3c(C4CC4)cccc3c2C1
O=C(NCc1ccccc1)OC1CNc2ccc3c(C4=CC4)cccc3c2C1
O=C(NCc1ccccc1)OC1CNc2ccc3c(C4=CC4)cccc3c2C1
O=C(NCc1ccccc1)OC1CNc2ccc3c(C4=CC4)cccc3c2C1
O=C(NCc1ccccc1)OC1CNc2ccc3c(C4=CC4)cccc3c2C1
O=C(NCc1ccccc1)OC1CNc2ccc3c(C4=CCN4)cccc3c2C1
O=C(NCc1ccccc1)OC1CNc2ccc3c(C4=CCN4)cccc3c2C1
O=C(NCc1ccccc1)OC1CNc2ccc3c(C4=CCN4)cccc3c2C1
O=C(NCc1ccccc1)OC1CNc2ccc3c(C4=CCCN4)cccc3c2C1
O=C(NCc1ccccc1)OC1CNc2ccc3c(C4=CCCN4)cccc3c2C1
O=C(NCc1ccccc1)OC1CNc2ccc3c(C4=CCCN4)cccc3c2C1
O=C(NCc1ccccc1)OC1CNc2ccc3c(-c4ccc[nH]4)cccc3c2C1
O=C(NCc1ccccc1)OC1CNc2ccc3c(-c4ccc[nH]4)cccc3c2C1
O=C(NCc1ccccc1)OC1CNc2ccc3c(-c4ccc[nH]4)cccc3c2C1
O=C(NCc1ccccc1)OC1CNc2ccc3c(-c4ccc[nH]4)cccc3c2C1
O=C(NCc1ccccc1)OC1CNc2ccc3c(-c4ccc[nH]4)cccc3c2C1
O=C(NCc1ccccc1)OC1CNc2ccc3c(-c4ccc[nH]4)cccc3c2C1
O=C(NCc1ccccc1)OC1CNc2ccc3c(-c4ccc[nH]4)cccc3c2C1
O=C(NCc1ccccc1)OC1CNc2ccc3c(-c4ccc[nH]4)cccc3c2C1
O=C(NCc1ccccc1)OC1CNc2ccc(-c3cccc4cc[nH]c34)cc2C1
O=C(NCc1ccccc1)OC1CNc2ccc(-c3cccc4cc[nH]c34)cc2C1
O=C(NCc1ccccc1)OC1CNc2ccc(-c3cccc4cc[nH]c34)cc2C1
O=C(NCc1ccccc1)OC1CNc2ccc(-c3cccc4cc[nH]c34)cc2C1
O=C(NCc1ccccc1)OC1CNc2ccc(-c3cccc4cc[nH]c34)cc2C1
c1ccc(-n2ncc3ccccc32)cc1
c1ccc(-n2ncc3ccccc32)cc1
O=S1(=O)Cc2c(cccc2Nc2ccccc2)CCCN1
O=S1(=O)Cc2c(cccc2Nc2ccccc2)CCCN1
O=S1(=O)Cc2c(cccc2NOc2ccccc2)CCCN1
O=S1(=O)Cc2c(cccc2NOc2ccccc2)CCCN1
O=S1(=O)Cc2ccc(COc3ccccc3)cc2CCCN1
O=S1(=O)Cc2ccc(COc3ccccc3)cc2CCCN1
c1ccc(OCc2ccc3c(c2)CCCC3)cc1
c1ccc(OCc2ccc3c(c2)CCCC3)cc1
c1ccc(OCc2ccc3c(c2)CCCC3)cc1
c1ccc(OCc2ccc3c(c2)CCCC3)cc1
O=S1(=O)NCC2CCc3cc(COc4ccccc4)ccc3C21
C=S1(=O)NCC2CCc3cc(COc4ccccc4)ccc3C21
C=S1(=O)CCC2CCc3cc(COc4ccccc4)ccc3C21
O=S1CCC2CCc3cc(COc4ccccc4)ccc3C21
O=S1CC2CCc3cc(COc4ccccc4)ccc3C21
c1ccc(OCc2ccc3c(c2)CCC2CSC32)cc1
c1ccc(OCc2ccc3c(c2)CCC2CCC32)cc1
c1ccc(Oc2ccc3c(c2)CCC2CCC32)cc1
c1ccc(COc2ccc3c(c2)CCC2CCC32)cc1
c1ccc(COc2ccc3c(c2)CCC2CCC32)cc1
c1ccc(COc2ccc3c(c2)CCC2CC32)cc1
c1cncc(COc2ccc3c(c2)CCC2CC32)c1
c1cncc(COc2ccc3c(c2)CCC2CC32)c1
c1cncc(COc2ccc3c(c2)CCC2CC32)c1
c1cncc(COc2ccc3c(c2)CCC2CC32)c1
c1cncc(COc2ccc3c(c2)CCC2CC32)c1
c1cncc(COc2ccc3c(c2)CCC2CC32)c1
c1cncc(COc2ccc3c(c2)CCC2CC32)c1
c1cncc(COc2ccc3c(c2)CCC2CCC32)c1
c1cncc(COc2ccc3c(c2)CCC2CCC32)c1
c1cncc(COc2ccc3c(c2)CCC2CCC32)c1
c1cncc(COc2ccc3c(c2)CCC2CCCC32)c1
c1cncc(COc2ccc3c(c2)CCC2CCCCC32)c1
c1cncc(COc2ccc3c(c2)CCC2CCCCC32)c1
c1cncc(COc2ccc3c(c2)CCC2CC4CC4CC32)c1
c1cncc(COc2ccc3c(c2)CCC2CC4CC4CC32)c1
c1cncc(COc2ccc3c(c2)CCC2CC4CCC4CC32)c1
C1=CC2CC3c4ccc(OCc5cccnc5)cc4CCC3CC12
c1cncc(COc2ccc3c(c2)CCC2CCCCC32)c1
c1cncc(COc2ccc3c(c2)CCC2CCCCC32)c1
c1cncc(COc2ccc3c(c2)CCC2CCCCCC32)c1
c1cncc(COc2ccc3c(c2)CCC2CCCCCC32)c1
c1cncc(COc2ccc3c(c2)CCC2CCCCC32)c1
C1=C2CCC3(OC(c4ccccc4)C(c4ccccc4)O3)C2Cc2cnn(-c3ccccc3)c21
C1=CC(C2OC(c3ccccc3)C(c3ccccc3)O2)Cc2cnn(-c3ccccc3)c21
C1=CC(C2OC(c3ccccc3)C(c3ccccc3)O2)Cc2cnn(-c3ccccc3)c21
C1=CC(C2OC(c3ccccc3)C(c3ccccc3)O2)Cc2cnn(-c3ccccc3)c21
c1ccc(C2OC(C3Cc4cnn(-c5ccccc5)c4C3)OC2c2ccccc2)cc1
c1ccc(CC(OCC2Cc3cnn(-c4ccccc4)c3C2)c2ccccc2)cc1
c1ccc(CC(OCC2Cc3cnn(-c4ccccc4)c3C2)c2ccccc2)cc1
c1ccc(-n2ncc3c2CC(COC2Cc4ccccc4-c4ccccc42)C3)cc1
c1ccc(-n2ncc3c2CC3COC2Cc3ccccc3-c3ccccc32)cc1
c1ccc(-n2ncc3c2CC3OC2Cc3ccccc3-c3ccccc32)cc1
c1ccc(-n2ncc3c2CC3OC2Cc3ccccc3-c3ccccc32)cc1
c1ccc(-c2cccc3c2C(OC2Cc4[nH]ncc42)Cc2ccccc2-3)cc1
c1ccc(-c2cccc3c2C(OC2Cc4[nH]ncc42)Cc2ccccc2-3)cc1
c1ccc(-c2cccc3c2C(OC2Cc4[nH]ncc42)Cc2ccccc2-3)cc1
c1ccc(-c2cccc3c2C(C2Cc4cn[nH]c42)Cc2ccccc2-3)cc1
c1ccc(-c2cccc3c2C(C2Cc4cc[nH]c42)Cc2ccccc2-3)cc1
c1ccc(-c2cccc3c2C(C2Cc4cc[nH]c42)Cc2ccccc2-3)cc1
c1ccc(-c2cccc(-c3ccccc3)c2CC2Cc3cc[nH]c32)cc1
c1ccc(-c2cccc(-c3ccccc3)c2C2C3c4cc[nH]c4C32)cc1
c1ccc(-c2cccc(-c3ccccc3)c2C2Cc3cc[nH]c3C2)cc1
c1ccc(-c2cccc(-c3ccccc3)c2C2Cc3cc[nH]c3C2)cc1
c1ccc(-c2cccc(-c3ccccc3)c2C2Cc3cc[nH]c3C2)cc1
c1ccc(-c2cccc(-c3ccccc3)c2C2Cc3cc[nH]c3C2)cc1
c1ccc(-c2cccc(-c3ccncc3)c2C2Cc3cc[nH]c3C2)cc1
c1ccc(-c2cccc(-c3ccncc3)c2C2Cc3cc[nH]c3C2)cc1
c1ccc(-c2cccc(-c3ccncc3)c2C2Cc3cc[nH]c3C2)cc1
c1ccc(-c2cccc(-c3ccncc3)c2C2Cc3cc[nH]c3C2)cc1
c1ccc(-c2cccc(-c3ccncc3)c2C2Cc3cc[nH]c3C2)cc1
c1ccc(-c2cccc(-c3ccncc3)c2C2Cc3cc[nH]c3C2)cc1
c1ccc(-c2cccc(-c3ccncc3)c2C2CCc3cc[nH]c3C2)cc1
c1ccc(-c2cccc(-c3ccncc3)c2C2CCc3cc[nH]c3C2)cc1
c1ccc(-c2cccc(-c3ccncc3)c2C2CCc3cc[nH]c3CC2)cc1
c1ccc(-c2cccc(-c3ccncc3)c2C2CCc3cc[nH]c3CC2)cc1
c1ccc(-c2cccc(-c3ccncc3)c2C2CCc3[nH]ccc3C2)cc1
c1ccc(-c2cccc(-c3ccncc3)c2C2Cc3cc[nH]c3C2)cc1
c1ccc(-c2cccc(-c3ccncc3)c2C2Cc3cc[nH]c3C2)cc1
c1ccc(-c2cccc(-c3ccncc3)c2C2Cc3cc[nH]c3C2)cc1
c1ccc(-c2cccc3c2CCc2cc[nH]c2-c2cnccc2-3)cc1
c1ccc(-c2cccc3c2CCc2cc[nH]c2-c2cnccc2-3)cc1
c1ccc(-c2cccc3c2CCc2cc[nH]c2-c2ccccc2-3)cc1
c1ccc(-c2cccc3c2CCc2cc[nH]c2-c2ccccc2-3)cc1
C=C1C(=Cc2ccccc2)CCc2cc[nH]c2-c2ccccc21
C(=C1CCc2cc[nH]c2-c2ccccc2C1)c1ccccc1
c1ccc(CC2CCc3cc[nH]c3-c3ccccc3C2)cc1
c1ccc(C2CCc3cc[nH]c3-c3ccccc3C2)cc1
c1ccc(C2CCc3cc[nH]c3-c3ccccc3C2)cc1
c1ccc(C2CCc3cc[nH]c3-c3ccccc3C2)cc1
c1ccc(C2CCc3cc[nH]c3-c3ccccc3C2)cc1
c1ccc(C2CCc3cc[nH]c3-c3ccccc3C2)cc1
c1ccc(C2CCc3cc[nH]c3-c3ccccc32)cc1
c1ccc(CC2CCc3ccccc3-c3[nH]ccc32)cc1
c1ccc(CC2CCc3ccccc3-c3[nH]ccc32)cc1
c1ccc(-c2ccc3c(c2)CCCc2cc[nH]c2-3)cc1
c1ccc(-c2ccc3c(c2)CCCc2cc[nH]c2-3)cc1
c1ccc(-c2ccc3c(c2)CCCc2cc[nH]c2-3)cc1
c1ccc(-c2ccc3c(c2)CCCc2cc[nH]c2-3)cc1
c1ccc(-c2ccc3c(c2)CCCc2cc[nH]c2-3)cc1
c1ccc(-c2ccc3c(c2)CCCc2cc[nH]c2-3)cc1
c1ccc(-c2ccc3c(c2)CCCc2cc[nH]c2-3)cc1
c1ccc(-c2ccc3c(c2)CCCc2cc[nH]c2-3)cc1
c1ccc(-c2ccc3c(c2)CCCc2cc[nH]c2-3)cc1
c1ccc(-c2ccc3c(c2)CCCc2cc[nH]c2-3)cc1
c1ccc(-c2ccc3c(c2)CCCc2cc[nH]c2-3)cc1
c1ccc(-c2ccc3c(c2)CCCc2cc[nH]c2-3)cc1
c1ccc(-c2ccc3c(c2)CCCc2cc[nH]c2-3)cc1
c1ccc(-c2ccc3c(c2)CCCc2cc[nH]c2-3)cc1
c1ccc(-c2ccc3c(c2)CCCc2cc[nH]c2-3)cc1
c1ccc(-c2ccc3c(c2)CCCc2cc[nH]c2-3)cc1
c1ccc(-c2ccc3c(c2)CCCc2cc[nH]c2-3)cc1
c1ccc(-c2ccc3c(c2)CCCc2cc[nH]c2-3)cc1
c1ccc(-c2ccc3c(c2)CCCc2cc[nH]c2-3)cc1
c1ccc(-c2ccc3c(c2)CCCc2cc[nH]c2-3)cc1
c1ccc(-c2ccc3c(c2)CCCc2cc[nH]c2-3)cc1
c1ccc(-c2ccc3c(c2)CCCCc2cc[nH]c2-3)cc1
c1ccc(-c2ccc3c(c2)CCCCc2cc[nH]c2-3)cc1
c1ccc(-c2ccc3c(c2)CCCCc2cc[nH]c2-3)cc1
c1ccc(-c2ccc3c(c2)CCCCc2cc[nH]c2-3)cc1
c1ccc(-c2ccc3c(c2)CCCCc2cc[nH]c2-3)cc1
c1ccc(-c2ccc3c(c2)CCCCc2cc[nH]c2-3)cc1
c1ccc(-c2ccc3c(c2)CCCCc2cc[nH]c2-3)cc1
c1ccc(-c2ccc3c(c2)CCCCc2cc[nH]c2-3)cc1
c1ccc(-c2ccc3c(c2)CCCc2cc[nH]c2-3)cc1
c1ccc(-c2ccc3c(c2)CCCc2cc[nH]c2-3)cc1
c1ccc(-c2ccc3c(c2)CCCc2cc[nH]c2-3)cc1
c1ccc(-c2ccc3c(c2)CCCc2cc[nH]c2-3)cc1
c1ccc(-c2ccc3c(c2)CCCc2cc[nH]c2-3)cc1
c1ccc(-c2ccc3c(c2)CCCc2cc[nH]c2-3)cc1
c1ccc(-c2ccc3c(c2)CCCc2cc[nH]c2-3)cc1
c1ccc(-c2ccc3c(c2)CCCc2cc[nH]c2-3)cc1
c1ccc(-c2ccc3c(c2)CCCc2cc[nH]c2-3)cc1
c1ccc(-c2ccc3c(c2)CCCc2cc[nH]c2-3)c(CN2CCCC2)c1
c1ccc(-c2ccc3c(c2)CCCc2cc[nH]c2-3)c(CN2CCCC2)c1
c1ccc(-c2ccc3c(c2)CCCc2cc[nH]c2-3)c(CN2CCC2)c1
c1ccc(-c2ccc3c(c2)CCCc2cc[nH]c2-3)c(CN2CCC2)c1
c1ccc(-c2ccc3c(c2)CCCc2cc[nH]c2-3)cc1
c1ccc(-c2ccc3c(c2)CCCc2cc[nH]c2-3)cc1
c1ccc(-c2ccc3c(c2)CCCc2cc[nH]c2-3)cc1
c1ccc(-c2ccc3c(c2)CCCc2cc[nH]c2-3)cc1
c1ccc(-c2ccc3c(c2)CCCc2cc[nH]c2-3)cc1
c1ccc(-c2ccc3c(c2)CCCc2cc[nH]c2-3)cc1
c1ccc(-c2ccc3c(c2)CCCc2cc[nH]c2-3)cc1
c1ccc(-c2ccc3c(c2)CCCc2cc[nH]c2-3)cc1
c1ccc(-c2ccc3c(c2)CCCc2cc[nH]c2-3)cc1
c1ccc(-c2ccc3c(c2)CCCc2cc[nH]c2-3)cc1
c1ccc(-c2ccc3c(c2)CCCc2cc[nH]c2-3)cc1
c1ccc(-c2ccc3c(c2)CCCc2cc[nH]c2-3)cc1
c1ccc(-c2ccc3c(c2)CCCc2cc[nH]c2-3)cc1
c1ccc(-c2ccc3c(c2)CCCc2cc[nH]c2-3)cc1
c1ccc(-c2ccc3c(c2)CCCc2cc[nH]c2-3)cc1
c1ccc(-c2ccc3c(c2)CCCc2cc[nH]c2-3)cc1
c1ccc(-c2ccc3c(c2)CCCc2cc[nH]c2-3)cc1
c1ccc(-c2ccc3c(c2)CCCc2cc[nH]c2-3)cc1
c1ccc(-c2ccc3c(c2)CCCc2cc[nH]c2-3)cc1
c1cc2c(c(-c3ccc4c(c3)CCCc3cc[nH]c3-4)c1)CCCO2
c1cc2c(c(-c3ccc4c(c3)CCCc3cc[nH]c3-4)c1)CCCCO2
c1cc2c(c(-c3ccc4c(c3)CCCc3cc[nH]c3-4)c1)CCCCCO2
c1ccc(-c2ccc3c(c2)CCCc2cc[nH]c2-3)cc1
c1ccc(-c2ccc3c(c2)CCCc2cc[nH]c2-3)cc1
c1ccc(-c2ccc3c(c2)CCCc2cc[nH]c2-3)cc1
c1ccc(-c2ccc3c(c2)CCC(c2cc[nH]c2)N3)cc1
C1=C(C2CCc3cc(-c4ccccc4)ccc3N2)CN1
c1ccc(-c2ccc3c(c2)CCCN3)cc1
c1ccc(-c2ccc3c(c2)CCCN3)cc1
c1ccc(-c2ccc3c(c2)CCCN3)cc1
c1ccc(-c2ccc3c(c2)CCCN3)cc1
c1ccc(-c2ccc3c(c2)CCCN3)cc1
c1ccc(-c2ccc3c(c2)CCCN3)cc1
c1ccc(-c2ccc3c(c2)CCCN3)cc1
c1ccc(-c2ccc3c(c2)CCCN3)cc1
c1ccc(-c2ccc3c(c2)CCCN3)cc1
c1ccc(-c2ccc3c(c2)CCCN3)cc1
c1ccc(-c2ccc3c(c2)CCCN3)cc1
c1cc2c(c(-c3ccc4c(c3)CCCN4)c1)NCC2
c1cc2c(c(-c3ccc4c(c3)CCCN4)c1)NCC2
c1cc(-c2ccc3c(c2)CCCN3)c2[nH]ccc2c1
c1cc(-c2ccc3c(c2)CCCN3)c2[nH]ccc2c1
C1=C2CCC3(OC(c4ccccc4)C(c4ccccc4)O3)C2Cc2cnn(-c3ccccc3)c21
C1=CC(C2OC(c3ccccc3)C(c3ccccc3)O2)Cc2cnn(-c3ccccc3)c21
c1ccc(C2OC(CCc3cnn(-c4ccccc4)c3)OC2c2ccccc2)cc1
c1ccc(C2OC(CCc3cnn(-c4ccccc4)c3)OC2c2ccccc2)cc1
c1ccc(C2OC(CCc3cnn(-c4ccccc4)c3)OC2c2ccccc2)cc1
C=C(CC1OC(c2ccccc2)C(c2ccccc2)O1)c1cnn(-c2ccccc2)c1
C=C(CC1OC(c2ccccc2)C(c2ccccc2)O1)c1cnn(-c2ccccc2)c1
C=C(CC1OC(c2ccccc2)C(c2ccccc2)O1)c1cnn(-c2ccccc2)c1
C=C(CCOC(Cc1ccccc1)c1ccccc1)c1cnn(-c2ccccc2)c1
C=C(CCOC(Cc1ccccc1)Cc1ccccc1)c1cnn(-c2ccccc2)c1
O=C(CCOC(Cc1ccccc1)Cc1ccccc1)c1cnn(-c2ccccc2)c1
O=C(c1cnn(-c2ccccc2)c1)C(COCCc1ccccc1)OCCc1ccccc1
O=C(c1cnn(-c2ccccc2)c1)C(COCCc1ccccc1)OCCc1ccccc1
O=C(NC(COCCc1ccccc1)OCCc1ccccc1)c1cnn(-c2ccccc2)c1
O=C(NC(COCCc1ccccc1)OCc1ccccc1)c1cnn(-c2ccccc2)c1
O=C(NC(COCCc1ccccc1)Oc1ccccc1)c1cnn(-c2ccccc2)c1
O=C(NCC(COCCc1ccccc1)Oc1ccccc1)c1cnn(-c2ccccc2)c1
O=C(NCC(COCCc1ccccc1)c1ccccc1)c1cnn(-c2ccccc2)c1
O=C(NCC(CCCc1ccccc1)c1ccccc1)c1cnn(-c2ccccc2)c1
O=C(NCC(CCCc1ccccc1)c1ccccc1)c1cnn(-c2ccccc2)c1
O=C(NCC(CCc1ccccc1)c1ccccc1)c1cnn(-c2ccccc2)c1
O=C(NCC(CCc1ccccc1)c1ccccc1)c1cnn(-c2ccccc2)c1
O=C(NCC(CCc1ccccc1)c1ccccc1)c1cnn(-c2ccccc2)c1
O=C(NCC(Cc1ccccc1)c1ccccc1)c1cnn(-c2ccccc2)c1
O=C(NCCc1ccccc1)c1cnn(-c2ccccc2)c1
O=C(NCCc1ccccc1)c1cnn(-c2ccccc2)c1
O=C(NCCc1ccccc1)c1cnn(-c2ccccc2)c1
O=C(NCCc1ccccc1)c1cnn(-c2ccccc2)c1
O=C(NCCCCc1ccccc1)c1cnn(-c2ccccc2)c1
O=C(NCCCCc1ccccc1)c1cnn(-c2ccccc2)c1
O=C(NCCCCCc1ccccc1)c1cnn(-c2ccccc2)c1
O=C(NCCCCCc1ccccc1)c1cnn(-c2ccccc2)c1
O=C(NCCCCCc1ccccc1)c1cnn(-c2ccccc2)c1
O=C(NCCCCCc1ccccc1)c1cnn(-c2ccccc2)c1
O=C(NCCCCCc1ccccc1)c1cnn(-c2ccccc2)c1
O=C(NCCCCCc1ccccc1)c1cnn(-c2ccccc2)c1
O=C(NCCCCCc1ccccc1)c1cnn(-c2ccccc2)c1
O=C(NCCCCCc1ccccc1)c1cnn(-c2ccccc2)c1
O=C(NCCCCCc1ccccc1)c1cnn(-c2ccccc2)c1
O=C(NCCCCCc1ccccc1)c1cnn(-c2ccccc2)c1
O=C(NCCCCCc1ccccc1)c1cnn(-c2ccccc2)c1
O=C(NCCCCCc1ccccc1)c1cnn(-c2ccccc2)c1
O=C(NCCCCc1ccccc1)c1cnn(-c2ccccc2)c1
O=C(NCCCCc1ccccc1)c1cnn(-c2ccccc2)c1
O=C(NCCCCc1ccccc1)c1cnn(-c2ccccc2)c1
O=C(NCCCCc1ccccc1)c1cnn(-c2ccccc2)c1
O=C(NCCCCc1ccccc1)c1cnn(-c2ccccc2)c1
O=C(NCCCCc1ccccc1)c1cnn(-c2ccccc2)c1
c1ccc(-c2ccc3c(cnn3-c3ccccc3)c2)cc1
c1ccc(-c2ccc3c(cnn3-c3ccccc3)c2)cc1
c1ccc(-c2ccc3c(c2)CNN3c2ccccc2)cc1
c1ccc(-c2ccc3c(c2)CCNN3c2ccccc2)cc1
c1ccc(-c2ccc3c(c2)CCNN3c2ccccc2)cc1
c1ccc(-c2ccc3c(c2)CCNN3c2ccccc2)cc1
c1ccc(-c2ccc3c(c2)CCNN3c2ccccc2)cc1
c1ccc(-c2ccc3c(c2)COCNN3c2ccccc2)cc1
c1ccc(-c2ccc3c(c2)COCNN3c2ccccc2)cc1
c1ccc(-c2ccc3c(c2)COCCN3c2ccccc2)cc1
c1ccc(-c2ccc3c(c2)COCCCN3c2ccccc2)cc1
c1ccc(CN2CCCOCc3cc(-c4ccccc4)ccc32)cc1
c1ccc(CN2CCCOCc3cc(-c4ccccc4)ccc32)cc1
c1ccc(CN2CCCOCc3cc(-c4ccccc4)ccc32)cc1
c1ccc(CN2CCCOCc3cc(-c4ccccc4)ccc32)cc1
c1ccc(CN2CCCOCc3cc(-c4ccccc4)ccc32)cc1
c1ccc(CN2CCCOCc3cc(-c4ccccc4)ccc32)cc1
O=C1CCN(Cc2ccccc2)c2ccc(-c3ccccc3)cc2CO1
O=C1CCN(Cc2ccccc2)c2ccc(-c3ccccc3)cc2CO1
O=C1CCN(Cc2ccccc2)c2ccc3c(c2CO1)Cc1ccccc1-3
O=C1CCN(Cc2ccccc2)c2ccc3c(c2CO1)Cc1ccccc1-3
O=C1CN(Cc2ccccc2)c2ccc3c(c2CO1)Cc1ccccc1-3
O=C1CN(Cc2ccccc2)c2ccc3c(c2CO1)OCc1ccccc1-3
O=C1CN(Cc2ccccc2)c2ccc3c(c2O1)OCc1ccccc1-3
O=C1CC(Cc2ccccc2)c2ccc3c(c2O1)OCc1ccccc1-3
O=C1CC(Cc2ccccc2)c2ccc3c(c2O1)OCc1ccccc1-3
O=C1CC(Cc2ccccc2)CC(=C2OCc3ccccc3C2=C2C=C2)O1
O=C1CCC(Cc2ccccc2)C(=C2OCc3ccccc3C2=C2C=C2)O1
C1=CC1=C1C(=C2OCCCC2Cc2ccccc2)OCc2ccccc21
C1=CC1=C1C(=C2OCCCCC2Cc2ccccc2)OCc2ccccc21
C1=CC1=C1C(=C2CCCCCC2Cc2ccccc2)OCc2ccccc21
C1=CC1=C1C(=C2CCCCCC(Cc3ccccc3)C2)OCc2ccccc21
C1=CC1=C1C(=C2CCCCCC(Cc3ccccc3)C2)OCc2ccccc21
C1=CC1=C1C(=CC2CCCCC(Cc3ccccc3)CC2)OCc2ccccc21
C1=CC1=C1C(=CC2CCCCC(Cc3ccccc3)CC2)OCc2ccccc21
C=C1OCc2cc(NC(=O)CCC3CCCCC(Cc4ccccc4)CC3)ccc2C1=C1C=C1
C=C1OCc2cc(NC(=O)CCC3CCCC(Cc4ccccc4)CC3)ccc2C1=C1C=C1
C=C1OCc2cc(NC(=O)CCC3CCC(Cc4ccccc4)CC3)ccc2C1=C1C=C1
C=C1OCc2cc(NC(=O)CCC3CCC(Cc4ccccc4)CC3)ccc2C1=C1C=C1
O=C(CCC1CCC(Cc2ccccc2)CC1)Nc1ccc2c(c1)COC(=O)C2=C1C=C1
O=C1OCc2cc(NC(=O)C(CCCc3ccccc3)CC3CCCCC3)ccc2C1=C1C=C1
O=C1OCc2cc(NC(=O)C(CCc3ccccc3)CC3CCCCC3)ccc2C1=C1C=C1
O=C1OCc2cc(NC(=O)C(CCc3ccccc3)CC3CCCCC3)ccc2C1=C1C=C1
O=C1OCc2cc(NC(=O)C(CCc3ccccc3)CC3CCCC3)ccc2C1=C1C=C1
O=C1OCc2cc(NC(=O)C(CCc3ccccc3)CC3CCCC3)ccc2C1=C1C=C1
O=C1OCc2cc(NC(=O)C(CCc3ccccc3)CC3CCCCC3)ccc2C1=C1C=C1
O=C1OCc2cc(NC(=O)C(CCc3ccccc3)CC3CCCCC3)ccc2C1=C1C=C1
O=C1OCc2cc(NC(=O)C(CCc3ccccc3)CC3CCCCC3)ccc2C1=C1C=C1
C=C1C(=O)OCc2cc(NC(=O)C(CCc3ccccc3)CC3CCCCC3)ccc21
C=C1C(=O)OCc2cc(NC(=O)C(CCc3ccccc3)CC3CCCCC3)ccc21
O=C1Cc2ccc(NC(=O)C(CCc3ccccc3)CC3CCCCC3)cc2CO1
O=C1OCc2cc(NC(=O)C(CCc3ccccc3)CC3CCCCC3)ccc21
c1ccc(-c2ccc3c(cnn3-c3ccccc3)c2)cc1
c1ccc(-c2ccc3c(cnn3-c3ccccc3)c2)cc1
c1ccc(-c2ccc3c(cnn3-c3ccccc3)c2)cc1
c1ccc(-c2ccc3c(cnn3-c3ccccc3)c2)cc1
c1ccc(-c2ccc3c(cnn3-c3ccccc3)c2)cc1
c1ccc(-c2ccc3c(cnn3-c3ccccc3)c2)cc1
c1ccc(-c2ccc3c(cnn3-c3ccccc3)c2)cc1
c1ccc(-c2ccc3c(cnn3-c3ccccc3)c2)cc1
c1ccc(-c2ccc3c(cnn3-c3ccccc3)c2)cc1
c1ccc(-c2ccc3c(cnn3-c3ccccc3)c2)cc1
c1ccc(-c2ccc3c(cnn3-c3ccccc3)c2)cc1
O=S(=O)(NC1=CC1)c1ccc(-c2ccc3c(cnn3-c3ccccc3)c2)cc1
O=S(=O)(NC1=C=CC1)c1ccc(-c2ccc3c(cnn3-c3ccccc3)c2)cc1
O=S(=O)(NC1=C=C2CC21)c1ccc(-c2ccc3c(cnn3-c3ccccc3)c2)cc1
C=C1C2=C(NS(=O)(=O)c3ccc(-c4ccc5c(cnn5-c5ccccc5)c4)cc3)C12
C=C1C=C(NS(=O)(=O)c2ccc(-c3ccc4c(cnn4-c4ccccc4)c3)cc2)C1
C=C1C=C(NS(=O)(=O)c2ccc(-c3ccc4c(cnn4-c4ccccc4)c3)cc2)CC1
C=C1C=CC(NS(=O)(=O)c2ccc(-c3ccc4c(cnn4-c4ccccc4)c3)cc2)=C1
C=C1C=C(NS(=O)(=O)c2ccc(-c3ccc4c(cnn4-c4ccccc4)c3)cc2)C=CC1
C=C1C=CC(NS(=O)(=O)c2ccc(-c3ccc4c(cnn4-c4ccccc4)c3)cc2)=C1
O=S(=O)(NC1=CC=C1)c1ccc(-c2ccc3c(cnn3-c3ccccc3)c2)cc1
O=S(=O)(NC1=CC=C1)c1ccc(-c2ccc3c(cnn3-c3ccccc3)c2)cc1
O=S(=O)(NC1=CC=C1)c1ccc(-c2ccc3c(cnn3-c3ccccc3)c2)cc1
O=S(=O)(NC1=CC=C1)c1ccc(-c2ccc3c(cnn3-c3ccccc3)c2)cc1
O=S(=O)(Nc1ccccc1)c1ccc(-c2ccc3c(cnn3-c3ccccc3)c2)cc1
O=S(=O)(Nc1ccccc1)c1ccc(-c2ccc3c(cnn3-c3ccccc3)c2)cc1
c1ccc(-c2ccc3c(cnn3-c3ccccc3)c2)cc1
c1ccc(-c2ccc3c(cnn3-c3ccccc3)c2)cc1
c1ccc(-c2ccc3c(cnn3-c3ccccc3)c2)cc1
c1ccc(-c2ccc3c(cnn3-c3ccccc3)c2)cc1
O=S(=O)(Nc1ccc(-c2ccc3c(cnn3-c3ccccc3)c2)cc1)N1CC1
O=S(=O)(Nc1ccc(-c2ccc3c(cnn3-c3ccccc3)c2)cc1)N1CC1
O=S(=O)(Nc1ccc(-c2ccc3c(cnn3-c3ccccc3)c2)cc1)N1CCC1
O=S(=O)(Nc1ccc(-c2ccc3c(cnn3-c3ccccc3)c2)cc1)N1CCCC1
O=S(=O)(Nc1ccc(-c2ccc3c(cnn3-c3ccccc3)c2)cc1)N1CC=CC1
O=S(=O)(Nc1ccc(-c2ccc3c(cnn3-c3ccccc3)c2)cc1)N1C=CC1
O=S(=O)(Nc1ccc(-c2ccc3c(cnn3-c3ccccc3)c2)cc1)C1C=CC1
O=S(=O)(Nc1ccc(-c2ccc3c(cnn3-c3ccccc3)c2)cc1)C1C=C1
O=S(=O)(Nc1ccc(-c2ccc3c(cnn3-c3ccccc3)c2)cc1)C1C=CC1
O=S(=O)(Nc1ccc(-c2ccc3c(cnn3-c3ccccc3)c2)cc1)C1C2=CC21
O=S(=O)(Nc1ccc(-c2ccc3c(cnn3-c3ccccc3)c2)cc1)C1C2=CC21
O=S(=O)(Nc1ccc(-c2ccc3c(cnn3-c3ccccc3)c2)cc1)C1=C2C=C21
O=S(=O)(Nc1ccc(-c2ccc3c(cnn3-c3ccccc3)c2)cc1)C1=CC=C1
O=S(=O)(Nc1ccc(-c2ccc3c(cnn3-c3ccccc3)c2)cc1)C1=CC=C1
O=S(=O)(Nc1ccc(-c2ccc3c(cnn3-c3ccccc3)c2)cc1)C1=CC=C1
O=S(=O)(Nc1ccc(-c2ccc3c(cnn3-c3ccccc3)c2)cc1)c1ccsc1
O=S(=O)(Nc1ccc(-c2ccc3c(cnn3-c3ccccc3)c2)cc1)c1ccsc1
O=S(=O)(Nc1ccc(-c2ccc3c(cnn3-c3ccccc3)c2)cc1)c1ccsc1
O=S(=O)(Nc1ccc(-c2ccc3c(cnn3-c3ccccc3)c2)cc1)c1ccsc1
O=S(=O)(Nc1ccc(-c2ccc3c(cnn3-c3ccccc3)c2)cc1)c1ccsc1
c1ccc(-c2ccc3c(cnn3-c3ccccc3)c2)cc1
c1ccc(Nc2ccc(-c3ccccc3)cc2)cc1
c1ccc(Nc2ccc(-c3ccccc3)cc2)cc1
c1ccc(-c2ccc3[nH]c4ccccc4c3c2)cc1
c1ccc(-c2ccc3[nH]c4ccccc4c3c2)cc1
c1ccc(-c2ccc3[nH]c4ccccc4c3c2)cc1
C(=Cc1cc2ccccc2[nH]1)Cc1ccccc1
C(=Cc1cc2ccccc2[nH]1)Cc1ccccc1
C(=Cc1cc2ccccc2[nH]1)COc1ccccc1
C(=CCc1cc2ccccc2[nH]1)COc1ccccc1
C(=CCc1cc2ccccc2[nH]1)COc1ccccc1
C=S(=O)(CC=CCc1cc2ccccc2[nH]1)Nc1ccccc1
C=S(=O)(CC=CCc1cc2ccccc2[nH]1)Nc1ccccc1
C=S(=O)(C=CCc1cc2ccccc2[nH]1)Nc1ccccc1
C=S(=O)(CCc1cc2ccccc2[nH]1)Nc1ccccc1
C=S(=O)(CCc1cc2ccccc2[nH]1)Cc1ccccc1
C=S(=O)(CCc1cc2ccccc2[nH]1)Cc1ccccc1
C=S(CCc1cc2ccccc2[nH]1)Cc1ccccc1
C=S(CCc1cc2ccccc2[nH]1)Cc1ccccc1
C=C(CCc1cc2ccccc2[nH]1)Cc1ccccc1
C=C(CCc1cc2ccccc2[nH]1)c1ccccc1
C=C(CCc1cc2ccccc2[nH]1)c1ccccc1
C=C(CCc1cc2ccccc2[nH]1)c1ccccc1
C=C(CCc1cc2ccccc2[nH]1)c1ccccc1
c1ccc(CCCc2cc3ccccc3[nH]2)cc1
c1ccc(CCCCc2cc3ccccc3[nH]2)cc1
c1ccc(CCCCc2cc3ccccc3[nH]2)cc1
c1ccc(CCCCc2cc3ccccc3[nH]2)cc1
c1ccc(CCCCc2cc3ccccc3[nH]2)cc1
c1ccc(CCCCc2cc3ccccc3[nH]2)cc1
c1ccc(CCCCc2cc3ccccc3[nH]2)cc1
c1ccc(CCCCc2cc3ccccc3[nH]2)cc1
c1ccc(CCCCc2cc3ccccc3[nH]2)cc1
c1ccc(CCCCc2cc3ccccc3[nH]2)cc1
c1ccc(CCCCc2cc3ccccc3[nH]2)cc1
c1ccc(CCCCc2cc3ccccc3[nH]2)cc1
c1ccc(CCCCc2cc3ccccc3[nH]2)cc1
c1ccc(CCCCc2cc3ccccc3[nH]2)cc1
c1ccc(CCCCc2cc3ccccc3[nH]2)cc1
c1ccc(CCCCc2cc3ccccc3[nH]2)cc1
c1ccc(CCCCc2cc3ccccc3[nH]2)cc1
c1ccc(CCCCc2cc3ccccc3[nH]2)cc1
c1ccc(CCCCc2cc3ccccc3[nH]2)cc1
c1ccc(CCCCc2cc3ccccc3[nH]2)cc1
c1ccc(CCCCc2cc3ccccc3[nH]2)cc1
c1ccc(CCCCc2cc3ccccc3[nH]2)cc1
c1ccc(CCCCc2cc3ccccc3[nH]2)cc1
c1ccc(CCCCc2cc3ccccc3[nH]2)cc1
c1ccc(CCCCc2cc3ccccc3[nH]2)cc1
c1ccc(CCCCc2cc3ccccc3[nH]2)cc1
c1ccc(CCCCc2cc3ccccc3[nH]2)cc1
c1ccc(CCCCc2cc3ccccc3[nH]2)cc1
c1ccc(CCCCc2cc3ccccc3[nH]2)cc1
c1ccc(CCCCc2cc3ccccc3[nH]2)cc1
c1ccc(CCCCc2cc3ccccc3[nH]2)cc1
c1ccc(CCCCc2cc3ccccc3[nH]2)cc1
c1ccc(CCCCc2cc3ccccc3[nH]2)cc1
c1ccc(CCCCc2cc3ccccc3[nH]2)cc1
c1ccc(CCCCc2cc3ccccc3[nH]2)cc1
c1ccc(CCCCc2cc3ccccc3[nH]2)cc1
c1ccc(CCCCc2cc3ccccc3[nH]2)cc1
c1ccc(CCCCc2cc3ccccc3[nH]2)cc1
c1ccc(CCCCc2cc3ccccc3[nH]2)cc1
c1ccc(C2CCC3c4ccc(OCc5cccnc5)cc4CCC3C2)cc1
c1ccc(C2CCC3c4ccc(OCc5cccnc5)cc4CCC3C2)cc1
c1ccc(C2CCC3c4ccc(OCc5cccnc5)cc4CCC3C2)cc1
c1ccc(C2CCC3c4ccc(OCc5cccnc5)cc4CCC3C2)cc1
c1ccc(C2CCC3CCc4cc(OCc5cccnc5)ccc4C3CC2)cc1
c1ccc(C2CCC3CCc4cc(OCc5cccnc5)ccc4C3CC2)cc1
c1ccc(C2CCC3CCc4cc(OCc5cccnc5)ccc4C3CC2)cc1
c1ccc(C2CCC3CCc4cc(OCc5cccnc5)ccc4C3CC2)cc1
c1ccc(N2CCC3CCc4cc(OCc5cccnc5)ccc4C3CC2)cc1
c1ccc(N2CCC3c4ccc(OCc5cccnc5)cc4C4CCC4C3CC2)cc1
c1ccc(N2CCC3c4ccc(OCc5cccnc5)cc4C4CCC4C3CC2)cc1
c1ccc(N2CCC3c4ccc(OCOc5cccnc5)cc4C4CCC4C3CC2)cc1
c1ccc(N2CCC3c4ccc(OCOc5cccnc5)cc4C4CCC4C3CC2)cc1
c1ccc(N2CCC3c4ccc(OCOc5cccnc5)cc4C4CCC4C3CC2)cc1
c1ccc(N2CCC3c4ccc(OCOc5cccnc5)cc4C4CCC4C3CC2)cc1
c1ccc(N2CCC3c4ccc(OCCc5cccnc5)cc4C4CCC4C3CC2)cc1
c1ccc(N2CCC3c4ccc(OCc5cccnc5)cc4C4CCC4C3CC2)cc1
c1ccc(N2CCC3Cc4ccc(OCc5cccnc5)cc4C4CCC4C3CC2)cc1
c1ccc(N2CCC3CCc4ccc(OCc5cccnc5)cc4C4CCC4C3CC2)cc1
c1ccc(N2CCC3CCc4ccc(OCc5cccnc5)cc4C4CCC4C3CC2)cc1
c1ccc(N2CCC3CCc4ccc(OCc5cccnc5)cc4C4CCC4C3CC2)cc1
c1ccc(N2CCC3CCc4ccc(OCc5cccnc5)cc4C4CCC4C3CC2)cc1
c1ccc(N2CCC3CCc4ccc(OCc5cccnc5)cc4C4CCC4C3CC2)cc1
c1ccc(N2CCC3CCc4ccc(OCCc5cccnc5)cc4C4CCC4C3CC2)cc1
c1ccc(N2CCC3CCc4ccc(CCCc5cccnc5)cc4C4CCC4C3CC2)cc1
c1ccc(N2CCC3Cc4ccc(CCCc5cccnc5)cc4C4CCC4C3CC2)cc1
c1ccc(N2CCC3Cc4ccc(CCCc5cccnc5)cc4C4CCC4C3CC2)cc1
c1ccc(N2CCC3Cc4ccc(CCCc5cccnc5)cc4C4CCC4C3CC2)cc1
c1ccc(N2CCC3Cc4ccc(CCCc5cccnc5)cc4C4CCC4C3CC2)cc1
c1ccc(N2CCC3Cc4ccc(CCCc5cccnc5)cc4CC4CCC4C3CC2)cc1
c1ccc(N2CCC3c4ccc(CCCc5cccnc5)cc4CC4CCC4C3CC2)cc1
c1ccc(N2CCC3c4ccc(CCCc5cccnc5)cc4CC4CCC4C3CC2)cc1
c1ccc(N2CCC3c4ccc(CCc5cccnc5)cc4CC4CCC4C3CC2)cc1
c1ccc(N2CCC3c4ccc(CCc5cccnc5)cc4CC4CCC4C3CC2)cc1
c1ccc(N2CCC3Cc4ccc(CCc5cccnc5)cc4CC4CCC4C3CC2)cc1
c1ccc(N2CCC3Cc4ccc(Cc5cccnc5)cc4CC4CCC4C3CC2)cc1
c1ccc(N2CCC3Cc4ccc(Cc5cccnc5)cc4CC4CCC4C3CC2)cc1
c1ccc(N2CCC3Cc4ccc(-c5cccnc5)cc4CC4CCC4C3CC2)cc1
c1ccc(N2CCC3Cc4ccc(-c5cccnc5)cc4CC4CCC4C3CC2)cc1
c1ccc(N2CCC3c4ccc(-c5cccnc5)cc4CC4CCC4C3CC2)cc1
c1ccc(N2CCC3c4ccc(-c5cccnc5)cc4CC4CCC4C3CC2)cc1
c1ccc(N2CCC3c4ccc(-c5cccnc5)cc4CC4CCC4C3CC2)cc1
c1ccc(N2CCC3c4ccc(-c5cccnc5)cc4CC4CCC4C3CC2)cc1
c1ccc(N2CCC3c4ccc(-c5cccnc5)cc4CC4CCC4C3C2)cc1
c1ccc(N2CCC3c4ccc(-c5cccnc5)cc4CC4CCC4C3C2)cc1
c1ccc(N2CC3c4ccc(-c5cccnc5)cc4CC4CCC4C3C2)cc1
c1ccc(N2CC3c4ccc(-c5cccnc5)cc4CCC4CCC4C3C2)cc1
c1ccc(N2CC3c4ccc(-c5cccnc5)cc4CCC4CCC4C3C2)cc1
c1ccc(N2CC3c4ccc(-c5cccnc5)cc4CC4CCC4C3C2)cc1
c1ccc(N2CC3c4ccc(-c5cccnc5)cc4CC4CCC4C3C2)cc1
c1ccc(N2CC3C4CCC4Cc4cc(-c5cccnc5)ccc4C32)cc1
c1ccc(N2CC3CC4CCC4Cc4cc(-c5cccnc5)ccc4C32)cc1
c1ccc(N2CCC3CC4CCC4Cc4cc(-c5cccnc5)ccc4C32)cc1
c1ccc(N2CCC3C4CCC4Cc4cc(-c5cccnc5)ccc4C32)cc1
c1ccc(N2CCC3C4CCC4CCc4cc(-c5cccnc5)ccc4C32)cc1
c1ccc(N2CCC3C4CCC4CCc4cc(-c5cccnc5)ccc4C32)cc1
c1ccc(N2CCC3C4CCC4CCc4cc(-c5cccnc5)ccc4C32)cc1
c1ccc(N2CCC3C4CCC4CCc4cc(-c5cccnc5)ccc4C32)cc1
c1ccc(N2CCC3C4CCC4CCc4cc(-c5cccnc5)ccc4C32)cc1
c1ccc(N2CCC3C4CCC4Cc4cc(-c5cccnc5)ccc4C32)cc1
c1ccc(N2CCC3C4CCC4Cc4cc(-c5cccnc5)ccc4C32)cc1
c1ccc(N2CCC3C(C2)c2ccc(-c4cccnc4)cc2CC2CCC23)cc1
c1ccc(N2CCC3C(C2)c2ccc(-c4cccnc4)cc2CC2CCC23)cc1
c1ccc(N2CCC3C4CCC4Cc4cc(-c5cccnc5)ccc4C32)cc1
c1ccc(N2CCCC3C4CCC4Cc4cc(-c5cccnc5)ccc4C32)cc1
c1ccc(N2CCCC3C4CCC4Cc4cc(-c5cccnc5)ccc4C32)cc1
c1ccc(N2CCCCC3C4CCC4Cc4cc(-c5cccnc5)ccc4C32)cc1
c1ccc(N2CCCCC3C4CCC4CCc4cc(-c5cccnc5)ccc4C32)cc1
c1ccc(N2CCCCCC3C4CCC4CCc4cc(-c5cccnc5)ccc4C32)cc1
c1ccc(N2CCCCCC3C4CCC4CCc4cc(-c5cccnc5)ccc4C32)cc1
c1ccc(-c2ccc3c(c2)CCC2CCC2C2CCCCCN(c4ccccc4)C32)cc1
c1ccc(-c2ccc3c(c2)CCC2CCC2C2CCCCCN(c4ccccc4)C32)cc1
c1ccc(-c2ccc3c(c2)CCCCC2CCCCCN(c4ccccc4)C32)cc1
c1ccc(-c2ccc3c(c2)CCCCC2CCCC4CC4N(c4ccccc4)C32)cc1
c1ccc(-c2ccc3c(c2)CCCC2CCCC4CC4N(c4ccccc4)C32)cc1
c1ccc(-c2ccc3c(c2)CCCC2CCCC4CC4N(c4ccccc4)C32)cc1
c1ccc(-c2ccc3c(c2)CCCC2CCCC4CC4N(c4ccccc4)C32)cc1
c1ccc(-c2ccc3c(c2)CCCC2CCCC4CC4N(c4ccccc4)C32)cc1
c1ccc(-c2ccc3c(c2)CCCC2CCCC4CCC4N(c4ccccc4)C32)cc1
c1ccc(-c2ccc3c(c2)CCCC2CCCC4CCC4N(c4ccccc4)C32)cc1
c1ccc(-c2ccc3c(c2)CCCC2CCCC4CCC4N(c4ccccc4)C32)cc1
c1ccc(-c2ccc3c(c2)CCCC2CCCC4CCC4N(c4ccccc4)C32)cc1
c1ccc(-c2ccc3c(c2)CCCC2CCCC4CCC4N(c4ccccc4)C32)cc1
c1ccc(-c2ccc3c(c2)CCCC2CCCC4CCC4C(c4ccccc4)C32)cc1
c1ccc(-c2ccc(-c3ccc4c(c3)CCCC3CCCC5CCC5CC43)cc2)cc1
c1ccc(-c2ccc(-c3ccc4c(c3)CCCC3CCCC5CCC5C43)cc2)cc1
c1ccc(-c2ccc(-c3ccc4c(c3)CCCC3CCCC5CCC5C43)cc2)cc1
c1ccc(-c2ccc(-c3ccc4c(c3)CCC3CCCC5CCC5C43)cc2)cc1
c1ccc(-c2ccc(-c3ccc4c(c3)CCC3CCCC5CCC5C43)cc2)cc1
c1ccc(-c2ccc(-c3ccc4c(c3)CCC3CCCC5CCC5C43)cc2)cc1
c1ccc(-c2ccc(-c3ccc4c(c3)CCC3CCCC5CCC5CC43)cc2)cc1
c1ccc(-c2ccc(-c3ccc4c(c3)CCC3CCCC5CCC5CC43)cc2)cc1
c1ccc(-c2ccc(-c3ccc4c(c3)CCC(C3CCC5CCC5C3)C4)cc2)cc1
c1ccc(-c2ccc(-c3ccc4c(c3)CCC4C3CCC4CCC4C3)cc2)cc1
c1ccc(-c2ccc(-c3ccc4c(c3)CCCC4C3CCC4CCC4C3)cc2)cc1
c1ccc(-c2ccc(-c3ccc4c(c3)CCCC4C3CCC4CCC43)cc2)cc1
c1ccc(-c2ccc(-c3ccc4c(c3)CCCCC4C3CCC4CCC43)cc2)cc1
c1ccc(-c2ccc(-c3ccc4c(c3)CCCCC4C3CCC4CCC43)cc2)cc1
c1ccc(-c2ccc(-c3ccc4c(c3)CCCCC4C3CCC4CCC43)cc2)cc1
c1ccc(-c2ccc(-c3ccc4c(c3)CCCCC4C3CCCC4CCC43)cc2)cc1
c1ccc(-c2ccc(-c3ccc4c(c3)CCCCCC4C3CCCC4CCC43)cc2)cc1
c1ccc(-c2ccc(-c3ccc4c(c3)CCCCCC4C3CCCC4CCC43)cc2)cc1
c1ccc(-c2ccc(-c3ccc4c(c3)CCCCCC4C3CC4CCCCC43)cc2)cc1
c1ccc(-c2ccc(-c3ccc4c(c3)CCCCC4C3CC4CCCCC43)cc2)cc1
c1ccc(-c2ccc(-c3ccc4c(c3)CCCCC4C3CC4CCCC43)cc2)cc1
c1ccc(-c2ccc(-c3ccc4c(c3)CCCCC4C3CC4CCCC43)cc2)cc1
c1ccc(-c2ccc(-c3ccc4c(c3)CCCCOC4C3CC4CCCC43)cc2)cc1
c1ccc(-c2ccc(-c3ccc4c(c3)CCCCCC4C3CC4CCCC43)cc2)cc1
c1ccc(-c2ccc(-c3ccc4c(c3)CCCCC4C3CC4CCCC43)cc2)cc1
c1ccc(-c2ccc(-c3ccc4c(c3)CCCCC4C3CC4CCCC43)cc2)cc1
c1ccc(-c2ccc(-c3ccc4c(c3)CCCC4C3CC4CCCC43)cc2)cc1
c1ccc(-c2ccc(-c3ccc4c(c3)CCCC4C3CC4CCCC43)cc2)cc1
c1ccc(-c2ccc(-c3ccc4c(c3)CCCC4C3CC4CCCC43)cc2)cc1
c1ccc(-c2ccc(-c3ccc4c(c3)CCCC4C3CC4CCCC43)cc2)cc1
c1ccc(-c2ccc(-c3ccc4c(c3)CCCC(C3CC5CCCC53)C4)cc2)cc1
c1ccc(-c2ccc(-c3ccc4c(c3)CCCC(C3CC5CCCC53)C4)cc2)cc1
c1ccc(-c2ccc(-c3ccc4c(c3)CCCC(C3CC5CCCC53)OC4)cc2)cc1
c1ccc(-c2ccc(-c3ccc4c(c3)CCC(C3CC5CCCC53)OC4)cc2)cc1
c1ccc(-c2ccc(-c3ccc4c(c3)CCC(C3CC5CCCC53)OC4)cc2)cc1
c1ccc(-c2ccc(-c3ccc4c(c3)CCC(C3CC5CCCC53)CC4)cc2)cc1
c1ccc(-c2ccc(-c3ccc4c(c3)CC(C3CC5CCCC53)CC4)cc2)cc1
c1ccc(-c2ccc(-c3ccc4c(c3)CC(C3CC5CCCC53)CCC4)cc2)cc1
c1ccc(-c2ccc(-c3ccc4c(c3)CC(C3CC5CCCC53)CCC4)cc2)cc1
c1ccc(-c2ccc(-c3ccc4c(c3)CC(C3CC5CCCC53)CCC4)cc2)cc1
c1ccc(-c2ccc(-c3ccc4c(c3)CC(C3CC5CCCC53)C3CC3C4)cc2)cc1
c1ccc(-c2ccc(-c3ccc4c(c3)CC(C3CC5CCCC53)C4C3CC3)cc2)cc1
c1ccc(-c2ccc(-c3ccc4c(c3)CC(C3CC5CCCC53)C4C3CC3)cc2)cc1
c1ccc(-c2ccc(-c3ccc4c(c3)CC(C3CC5CCCC53)C4)cc2)cc1
c1ccc(-c2ccc(-c3ccc4c(c3)CC(C3CC5CCCC53)C4)cc2)cc1
c1ccc(-c2ccc(-c3ccc4c(c3)CCC(C3CC5CCCC53)C4)cc2)cc1
c1ccc(-c2ccc(-c3ccc4c(c3)CCC(C3CC5CCCC53)C4)cc2)cc1
c1ccc(-c2ccc(-c3ccc4c(c3)CCC(C3CC5CCCC53)CC4)cc2)cc1
c1ccc(-c2ccc(-c3ccc4c(c3)CCC(C3CC5CCCC53)CC4)cc2)cc1
c1ccc(-c2ccc(-c3ccc4c(c3)CCC(C3CC5CCCC53)CC4)cc2)cc1
c1ccc(-c2ccc(-c3ccc4c(c3)CCC(C3CC5CCCC53)CC4)cc2)cc1
c1ccc(-c2ccc(-c3ccc4c(c3)CCC(C3CC5CCCC53)CC4)cc2)cc1
c1ccc(-c2ccc(-c3ccc4c(c3)CCC(C3CC5CCCC53)CCC4)cc2)cc1
c1ccc(-c2ccc(-c3ccc4c(c3)CCC(C3CC5CCCC53)CCC4)cc2)cc1
c1ccc(-c2ccc(-c3ccc4c(c3)CCC(C3CC5CCCC53)CCC4)cc2)cc1
c1ccc(-c2ccc(-c3ccc4c(c3)CCC(C3CC5CCCC53)CCC4)cc2)cc1
c1ccc(-c2ccc(-c3ccc4c(c3)CCC(C3CC5CCCC53)CCC4)cc2)cc1
c1ccc(-c2ccc(-c3ccc4c(c3)CCC(C3CC5CCCC53)CCC4)cc2)cc1
c1ccc(-c2ccc(-c3ccc4c(c3)CCC(C3CC5CCCC53)CCC4)cc2)cc1
c1ccc(-c2ccc(-c3ccc4c(c3)CCC(C3CC5CCCC53)CCC4)cc2)cc1
c1ccc(-c2ccc(-c3ccc4c(c3)CCC(C3CC5CCCC53)CCC4)cc2)cc1
c1ccc(-c2ccc(-c3ccc4c(c3)CCC(C3CCC5CCCC53)CCC4)cc2)cc1
c1ccc(-c2ccc(-c3ccc4c(c3)CCC(C3CCC5CCCC53)CC4)cc2)cc1
c1ccc(-c2ccc(-c3ccc4c(c3)CCC(C3CCC5CCCC53)CC4)cc2)cc1
c1ccc(-c2ccc(-c3ccc4c(c3)CCC(C3CCC5CCCC53)CC4)cc2)cc1
c1ccc(-c2ccc(-c3ccc4c(c3)CCC(C3CCC5CCCC53)CC4)cc2)cc1
c1ccc(-c2ccc(-c3ccc4c(c3)CCC(C3CCC5CCCC53)C4)cc2)cc1
c1ccc(-c2ccc(-c3ccc4c(c3)CCC(C3CCC5CCCC53)C4)cc2)cc1
c1ccc(-c2ccc(-c3ccc4c(c3)CCC(C3CCC5CCCC53)C4)cc2)cc1
c1ccc(-c2ccc(-c3ccc4c(c3)CCC(C3CCC5CCCC53)CC4)cc2)cc1
c1ccc(-c2ccc(-c3ccc4c(c3)CCC(C3CCC5CCCC53)CC4)cc2)cc1
c1ccc(-c2ccc(-c3ccc4c(c3)CCC(C3CCC5CCCC53)CC4)cc2)cc1
c1ccc(-c2ccc(-c3ccc4c(c3)CCC(C3CCC5CCCC53)CCC4)cc2)cc1
c1ccc(-c2ccc(-c3ccc4c(c3)CCC(C3CCC5CCCC53)CCC4)cc2)cc1
c1ccc(-c2ccc(-c3ccc4c(c3)CCC(C3CCC5CCCC53)CCC4)cc2)cc1
c1ccc(-c2ccc(-c3ccc4c(c3)CCC(C3CCC5CCCC53)CCC4)cc2)cc1
c1ccc(-c2ccc(-c3ccc4c(c3)CC(C3CCC5CCCC53)CCC4)cc2)cc1
c1ccc(Cc2ccc(-c3ccc4c(c3)CC(C3CCC5CCCC53)CCC4)cc2)cc1
c1ccc(Cc2ccc(-c3ccc4c(c3)CC(C3CCC5CCCC53)CC4)cc2)cc1
c1ccc(Cc2ccc(-c3ccc4c(c3)CC(C3CCC5CCCC53)C4)cc2)cc1
c1ccc(Cc2ccc(-c3ccc4c(c3)CC(C3CCC5CCCC53)C4)cc2)cc1
c1ccc(Cc2ccc(-c3ccc4c(c3)CCC(C3CCC5CCCC53)C4)cc2)cc1
c1ccc(Cc2ccc(-c3ccc4c(c3)CCC(C3CCC5CCCC53)CC4)cc2)cc1
c1ccc(Cc2ccc(-c3ccc4c(c3)CCC(C3CCC5CCCC53)CC4)cc2)cc1
c1ccc(Cc2ccc(-c3ccc4c(c3)CCC(C3CCC5CCCC53)CC4)cc2)cc1
c1ccc(Cc2ccc(-c3ccc4c(c3)CCC(C3CCC5CCCC53)C4)cc2)cc1
c1ccc(Nc2ccc(-c3ccc4c(c3)CCC(C3CCC5CCCC53)C4)cc2)cc1
c1ccc(Nc2ccc(-c3ccc4c(c3)CCC(C3CCC5CCCC53)C4)cc2)cc1
c1ccc(N2c3ccc(-c4ccc5c(c4)CCC(C4CCC6CCCC64)C5)cc32)cc1
c1ccc(N2c3ccc(-c4ccc5c(c4)CCC(C4CCC6CCCC64)C5)cc32)cc1
c1ccc(N2c3ccc(Cc4ccc5c(c4)CCC(C4CCC6CCCC64)C5)cc32)cc1
c1ccc(N2Cc3cc(Cc4ccc5c(c4)CCC(C4CCC6CCCC64)C5)ccc32)cc1
c1ccc(N2Cc3cc(Cc4ccc5c(c4)CC(C4CCC6CCCC64)C5)ccc32)cc1
c1ccc(N2Cc3cc(-c4ccc5c(c4)CC(C4CCC6CCCC64)C5)ccc32)cc1
c1ccc(N2CCc3cc(-c4ccc5c(c4)CC(C4CCC6CCCC64)C5)ccc32)cc1
c1ccc(N2CCc3cc(-c4ccc5c(c4)CCC(C4CCC6CCCC64)C5)ccc32)cc1
c1ccc(N2CCc3cc(-c4ccc5c(c4)CCC(C4CCC6CCCC64)CC5)ccc32)cc1
c1ccc(N2CCc3cc(-c4ccc5c(c4)CC(C4CCC6CCCC64)CC5)ccc32)cc1
c1ccc(N2CCc3cc(-c4ccc5c(c4)CCCC5C4CCC5CCCC54)ccc32)cc1
c1ccc(N2CCc3cc(-c4ccc5c(c4)CCC4C5CCCC5CCCC54)ccc32)cc1
c1ccc(N2CCc3cc(-c4ccc5c(c4)CCC4C5CCCC5CCCC54)ccc3C2)cc1
c1ccc(N2CCc3cc(-c4ccc5c(c4)CCC4C(CCCC6CCCC64)C5)ccc3C2)cc1
c1ccc(N2Cc3ccc(-c4ccc5c(c4)CCC4C(CCCC6CCCC64)C5)cc3C2)cc1
c1ccc(N2CCc3ccc(-c4ccc5c(c4)CCC4C(CCCC6CCCC64)C5)cc3C2)cc1
c1ccc(N2CCc3ccc(-c4ccc5c(c4)CCC4C(CCC6CCCC64)C5)cc3C2)cc1
c1ccc(N2CCc3ccc(Oc4ccc5c(c4)CCC4C(CCC6CCCC64)C5)cc3C2)cc1
c1ccc(N2Cc3ccc(Oc4ccc5c(c4)CCC4C(CCC6CCCC64)C5)cc3C2)cc1
c1ccc(N2Cc3cc(Oc4ccc5c(c4)CCC4C(CCC6CCCC64)C5)ccc32)cc1
c1ccc(N2Cc3cc(Oc4ccc5c(c4)CCC4C(CCC6CCCC64)C5)ccc32)cc1
c1ccc(N2CCc3cc(Oc4ccc5c(c4)CCC4C(CCC6CCCC64)C5)ccc32)cc1
c1ccc(N2CCc3cc(Oc4ccc5c(c4)CCC4C(CCC6CCCC64)C5)ccc32)cc1
c1ccc(N2CCc3cc(Cc4ccc5c(c4)CCC4C(CCC6CCCC64)C5)ccc32)cc1
c1ccc(N2CCc3cc(-c4ccc5c(c4)CCC4C(CCC6CCCC64)C5)ccc32)cc1
c1ccc(N2CCc3cc(-c4ccc5c(c4)CCC4C(CCC6CCCC64)C5)ccc32)cc1
c1ccc(N2CCc3cc(-c4ccc5c(c4)CCC4C(CCC6CCCC64)C5)ccc32)cc1
c1ccc(N2CCc3cc(-c4ccc5c(c4)CCCC4C(CCC6CCCC64)C5)ccc32)cc1
c1ccc(N2CCc3cc(-c4ccc5c(c4)CCCC4C(CCC6CCCC64)C5)ccc32)cc1
c1ccc(N2CCCc3cc(-c4ccc5c(c4)CCCC4C(CCC6CCCC64)C5)ccc32)cc1
c1ccc(N2CCCc3cc(-c4ccc5c(c4)CCC4C(CCC6CCCC64)C5)ccc32)cc1
c1ccc(N2CCCc3cc(-c4ccc5c(c4)CC4C(CCC6CCCC64)C5)ccc32)cc1
c1ccc(N2CCCc3cc(-c4ccc(C5CC6C7CCCC7CCC56)cc4)ccc32)cc1
c1ccc(N2CCCc3cc(-c4ccc(C5CC6C7CCCC7CCC56)cc4)ccc32)cc1
c1ccc(N2CCCc3cc(-c4ccc(C5CC6C7CCCC7CCC56)cc4)ccc3C2)cc1
c1ccc(N2CCCc3cc(-c4ccc(C5CC6C7CCCC7CCC56)cc4)ccc3C2)cc1
c1ccc(N2CCCc3cc(-c4cccc(C5CC6C7CCCC7CCC56)c4)ccc3C2)cc1
c1ccc(CN2CCCc3cc(-c4cccc(C5CC6C7CCCC7CCC56)c4)ccc3C2)cc1
c1ccc(CN2CCCc3cc(-c4cccc(C5CCC6C7CCCC7CCC56)c4)ccc3C2)cc1
c1ccc(CN2CCCc3cc(-c4cccc(C5CCC6C7CCCC7CCC56)c4)ccc3C2)cc1
c1ccc(CN2CCc3cc(-c4cccc(C5CCC6C7CCCC7CCC56)c4)ccc3C2)cc1
c1ccc(CN2CCc3ccc(-c4cccc(C5CCC6C7CCCC7CCC56)c4)cc3CC2)cc1
c1ccc(CN2CCc3ccc(-c4cccc(C5CCC6C7CCCC7CCC56)c4)cc3CC2)cc1
c1ccc(CN2CCc3ccc(-c4cccc(C5CCCC6C7CCCC7CCC56)c4)cc3CC2)cc1
c1ccc(CN2CCc3ccc(-c4cccc(C5CCCC6C7CCCCC7CCC56)c4)cc3CC2)cc1
c1ccc(CN2CCc3ccc(-c4cccc(C5CCC6C7CCCCC7CCC56)c4)cc3CC2)cc1
c1ccc(CN2CCc3ccc(-c4cccc(C5CCC6C7CCCCC7CCC56)c4)cc3C2)cc1
c1ccc(CN2Cc3ccc(-c4cccc(C5CCC6C7CCCCC7CCC56)c4)cc3C2)cc1
c1ccc(N2Cc3ccc(-c4cccc(C5CCC6C7CCCCC7CCC56)c4)cc3C2)cc1
c1ccc(N2Cc3ccc(Cc4cccc(C5CCC6C7CCCCC7CCC56)c4)cc3C2)cc1
c1ccc(N2Cc3ccc(COc4cccc(C5CCC6C7CCCCC7CCC56)c4)cc3C2)cc1
c1ccc(N2Cc3ccc(Oc4cccc(C5CCC6C7CCCCC7CCC56)c4)cc3C2)cc1
c1ccc(N2Cc3ccc(Oc4cccc(C5CCC6C7CCCCC7CCC56)c4)cc32)cc1
c1ccc(N2CCc3ccc(Oc4cccc(C5CCC6C7CCCCC7CCC56)c4)cc32)cc1
c1ccc(N2CCc3ccc(Oc4cccc(C5CCCC6C7CCCCC7CCC56)c4)cc32)cc1
c1ccc(N2CCc3ccc(Oc4cccc(C5CCCCC6C7CCCCC7CCC56)c4)cc32)cc1
c1ccc(N2CCc3ccc(COc4cccc(C5CCCCC6C7CCCCC7CCC56)c4)cc32)cc1
c1ccc(N2CCc3ccc(COc4cccc(C5CCCCC6C7CCCC7CCC56)c4)cc32)cc1
c1ccc(N2CCc3ccc(COc4cccc(C5CCCC6C7CCCC7CCC56)c4)cc32)cc1
c1ccc(N2CCc3ccc(COc4cccc(C5CCCC6C7CCCC7CCC56)c4)cc3C2)cc1
c1ccc(N2CCc3ccc(COc4cccc(C5CCCC6C7CCCC7CCC56)c4)cc3CC2)cc1
c1ccc(N2CCc3cc(COc4cccc(C5CCCC6C7CCCC7CCC56)c4)ccc3C2)cc1
c1ccc(N2CCc3cc(COc4cccc(C5CCCC6C7CCCC7CCC56)c4)ccc3C2)cc1
c1ccc(N2CCc3cc(COc4cccc(C5CCCCC6C7CCCC7CCC56)c4)ccc3C2)cc1
c1ccc(N2CCc3ccc(COc4cccc(C5CCCCC6C7CCCC7CCC56)c4)cc3CC2)cc1
c1ccc(N2CCCc3ccc(COc4cccc(C5CCCCC6C7CCCC7CCC56)c4)cc3CC2)cc1
c1ccc(N2CCCc3ccc(COc4cccc(C5CCCCC6C7CCCC7CCC56)c4)cc3CC2)cc1
c1ccc(N2CCc3ccc(COc4cccc(C5CCCCC6C7CCCC7CCC56)c4)cc3CC2)cc1
c1ccc(N2CCCc3cc(COc4cccc(C5CCCCC6C7CCCC7CCC56)c4)ccc3CC2)cc1
c1ccc(N2CCCc3cc(COc4cccc(C5CCCCC6C7CCCC7CCC56)c4)ccc3C2)cc1
c1ccc(N2CCCc3cc(COc4cccc(C5CCCC6C7CCCC7CCC56)c4)ccc3C2)cc1
c1ccc(N2CCCc3cc(COc4cccc(C5CCCC6C7CCCC7CCC56)c4)ccc3C2)cc1
c1ccc(N2CCCc3cc(COc4cccc(C5CCCC6C7CCCC7CCC56)c4)ccc32)cc1
c1ccc(N2CCCCc3cc(COc4cccc(C5CCCC6C7CCCC7CCC56)c4)ccc32)cc1
c1ccc(N2CCCCc3cc(Oc4cccc(C5CCCC6C7CCCC7CCC56)c4)ccc32)cc1
c1ccc(N2CCCCc3cc(OCc4cccc(C5CCCC6C7CCCC7CCC56)c4)ccc32)cc1
c1ccc(N2CCCCc3cc(OCc4cccc(C5CCCC6C7CCCC7CCC56)c4)ccc32)cc1
c1ccc(N2CCCc3cc(OCc4cccc(C5CCCC6C7CCCC7CCC56)c4)ccc32)cc1
c1ccc(N2CCCc3cc(OCc4cccc(C5CCCC6C7CCCC7CCC56)c4)ccc32)cc1
c1ccc(N2CCc3cc(OCc4cccc(C5CCCC6C7CCCC7CCC56)c4)ccc32)cc1
c1ccc(N2CCc3cc(OCc4cccc(C5CCCC6C7CCCC7CCC56)c4)ccc3C2)cc1
c1ccc(N2CCc3cc(OCc4cccc(C5CCCC6C7CCCC7CCC56)c4)ccc3C2)cc1
c1ccc(N2CCc3cc(OCc4cccc(C5CCC6C7CCCC7CCC56)c4)ccc3C2)cc1
c1ccc(N2CCc3cc(OCc4cccc(C5CCC6C7CCCC7CCC56)c4)ccc3C2)cc1
c1ccc(N2CCc3cc(OCc4cccc(C5CCC6C7CCCC7CCC56)c4)ccc3C2)cc1
c1ccc(N2CCc3ccc(OCc4cccc(C5CCC6C7CCCC7CCC56)c4)cc3CC2)cc1
c1ccc(N2CCc3ccc(CCc4cccc(C5CCC6C7CCCC7CCC56)c4)cc3CC2)cc1
c1ccc(N2CCc3ccc(Cc4cccc(C5CCC6C7CCCC7CCC56)c4)cc3CC2)cc1
c1ccc(N2CCc3ccc(Cc4cccc(C5CC6C7CCCC7CCC56)c4)cc3CC2)cc1
c1ccc(N2CCc3ccc(COc4ccccc4C4CC5C6CCCC6CCC45)cc3CC2)cc1
c1ccc(N2CCc3ccc(COc4ccccc4C4CC5C6CCCC6CCC45)cc3C2)cc1
c1ccc(N2CCc3ccc(COc4ccccc4C4CC5C6CCCC6CCC45)cc32)cc1
c1ccc(N2CCc3ccc(Oc4ccccc4C4CC5C6CCCC6CCC45)cc32)cc1
c1ccc(-n2ccc3ccc(Oc4ccccc4C4CC5C6CCCC6CCC45)cc32)cc1
c1ccc(-n2ncc3ccc(Oc4ccccc4C4CC5C6CCCC6CCC45)cc32)cc1
c1ccc(-n2ncc3ccc(Oc4ccccc4C4CC5C6CCCC6CCC45)cc32)cc1
c1ccc(-n2ncc3ccc(Oc4ccccc4CC4CCC5CCCC5C4)cc32)cc1
c1ccc(-n2ncc3ccc(Oc4ccccc4C4CCC5CCCC5C4)cc32)cc1
c1ccc(-n2ncc3ccc(Cc4ccccc4C4CCC5CCCC5C4)cc32)cc1
c1ccc(-n2ncc3ccc(Cc4ccccc4C4CCC5CCCC5C4)cc32)cc1
c1ccc(-n2ncc3ccc(Cc4ccccc4C4CCC5CCCC5C4)cc32)cc1
c1ccc(-n2ncc3ccc(Cc4ccccc4C4CCC5CCCC5C4)cc32)cc1
c1ccc(-n2ncc3ccc(Cc4ccccc4C4CCC5CCCC5C4)cc32)cc1
c1ccc(-n2ncc3ccc(Cc4ccccc4C4CCC5CCCC54)cc32)cc1
c1ccc(-n2ncc3ccc(CCc4ccccc4C4CCC5CCCC54)cc32)cc1
c1ccc(-n2ncc3ccc(CCc4ccccc4CC4CCC5CCCC54)cc32)cc1
C(=CC=CCC1CCC2CCCC12)C=CCCc1ccc2cnn(-c3ccccc3)c2c1
C(C=CCC1CCC2CCCC12)=CCCCc1ccc2cnn(-c3ccccc3)c2c1
C(=CCC1CCC2CCCC12)CCCCc1ccc2cnn(-c3ccccc3)c2c1
c1ccc(-n2ncc3ccc(CCCCCCCC4CCC5CCCC45)cc32)cc1
c1ccc(-n2ncc3ncc(CCCCCCCC4CCC5CCCC45)cc32)cc1
c1ccc(-n2ncc3ncc(CCCCCCCC4CCC5CCCC45)cc32)cc1
c1ccc(-n2ncc3ncc(CC4CCCCC4C4CCC5CCCC54)cc32)cc1
c1ccc(-n2ncc3ncc(CC4(C5CCC6CCCC65)CCCC4)cc32)cc1
c1ccc(-n2ncc3ncc(C4(C5CCC6CCCC65)CCCC4)cc32)cc1
c1ccc(-n2ncc3ccc(C4(C5CCC6CCCC65)CCCC4)cc32)cc1
c1ccc(-n2ncc3ccc(C4(C5CCC6CCCC65)CCCOC4)cc32)cc1
c1ccc(-n2ncc3ccc(C4(C5CCC6CCCC65)CCCCC4)cc32)cc1
C1=C(C2(C3CCC4CCCC43)CCCCC2)Cc2cnn(-c3ccccc3)c21
C1=C(C2(C3CCC4CCCC43)CCCC2)Cc2cnn(-c3ccccc3)c21
C1=C2CCCC2(C2CCC3CCCC32)CCc2cnn(-c3ccccc3)c21
C1=C2CCCCC2(C2CCC3CCCC32)CCc2cnn(-c3ccccc3)c21
C1=C2CCCCCC2(C2CCC3CCCC32)CCc2cnn(-c3ccccc3)c21
C1=C2CCCCCC2(C2CCC3CCCC32)Cc2cnn(-c3ccccc3)c21
C1=CC(C2CCC3CCCC32)Cc2cnn(-c3ccccc3)c21
C1=CC(C2CCC3CCCC32)Cc2cnn(-c3ccccc3)c21
C1=CC(C2CCC3CCCC32)Cc2cnn(-c3ccccc3)c21
C1=CC(C2CCC3CCCC32)Cc2cnn(-c3ccccc3)c21
C1=CC(C2CCC3CCCC32)Cc2cnn(-c3ccccc3)c21
C1=CC(C2CCC3CCCC32)Cc2cnn(-c3ccccc3)c21
C1=C2CCCCC3CC4CCCC4C3C2Cc2cnn(-c3ccccc3)c21
C1=C2CCCCC3CCC4CCCC4C3C2Cc2cnn(-c3ccccc3)c21
C1=C2CCCCC3CCC4CCC4C3C2Cc2cnn(-c3ccccc3)c21
C1=C2CCCCC3CCCCCCC3C2Cc2cnn(-c3ccccc3)c21
C1=C2CCCCC3CCCCCCC3C2Cc2cnn(-c3ccccc3)c21
C1=C2CCCCC3CCCCCC3C2Cc2cnn(-c3ccccc3)c21
C1=C2CCCCC3CCCCCC3C2Cc2cnn(-c3ccccc3)c21
C1=C2CCCCC3CCCCCC3C2Cc2cnn(-c3ccccc3)c21
C1=C2CCCCC3CCCCCC3C2Cc2cnn(-c3ccccc3)c21
C1=C2CCCC3CCCCCC3C2Cc2cnn(-c3ccccc3)c21
C1=C2CCCC3C4CC4CCCC3C2Cc2cnn(-c3ccccc3)c21
C1=C2CCCC3CCCCCC3C2Cc2cnn(-c3ccccc3)c21
C1=C2CCCC3CCCCCC3C2Cc2cnn(-c3ccccc3)c21
C1=C2CCCC3CCCCCC3C2Cc2cnn(-c3ccccc3)c21
C1=C2CCCC3CCCCCC3C2Cc2cnn(-c3ccccc3)c21
C1=C2CCCC3CCCCC3C2Cc2cnn(-c3ccccc3)c21
C1=C2CCCCC3CCCCC3C2Cc2cnn(-c3ccccc3)c21
C1=C2CCCCC3CCCCC3C2Cc2cnn(-c3ccccc3)c21
C1=C2CCCCC3C4CCC4CCC3C2Cc2cnn(-c3ccccc3)c21
C1=C2CCCCC3C4CCC4CC3C2Cc2cnn(-c3ccccc3)c21
C1=C2CCCC3C4CCC4CC3C2Cc2cnn(-c3ccccc3)c21
C1=C2CCCC3C4CCC4CCC3C2Cc2cnn(-c3ccccc3)c21
C1=C2CCC3C4CCC4CCC3C2Cc2cnn(-c3ccccc3)c21
C1=C2CCC3C4CCC4CCC3C2Cc2cnn(-c3ccccc3)c21
C1=C2CCC3C4CCC4CCC3C2Cc2cnn(-c3ccccc3)c21
C1=C2CCC3C4CC4CCC3C2Cc2cnn(-c3ccccc3)c21
C1=C2CCC3C4CC4CCC3C2Cc2cnn(-c3ccccc3)c21
C1=C2CCC3C4CCC4CCC3C2Cc2cnn(-c3ccccc3)c21
C1=C2CCC3C4CCC4CCC3C2Cc2cnn(-c3ccccc3)c21
C1=C2CCC3C4CCC4CCC3C2Cc2cnn(-c3ccccc3)c21
C1=C2CCC3C4CCC4CCC3C2Cc2cnn(-c3ccccc3)c21
C1=C2CCC3C4CCC4CCC3C2Cc2cnn(-c3ccccc3)c21
C1=C2CCC3C4CCC4CCC3C2Cc2cnn(-c3ccccc3)c21
C1=C2CCC3C4CCC4CCC3C2Cc2cnn(-c3ccccc3)c21
C1=C2CCC3C4CCCC4CCC3C2Cc2cnn(-c3ccccc3)c21
C1=C2CCC3C4CCCC4CCC3C2Cc2cnn(-c3ccccc3)c21
C1=C2CCC3C4CCCC4CCC3C2Cc2cnn(-c3ccccc3)c21
C1=C2CCC3C4CCCC4CCC3C2Cc2cnn(-c3ccccc3)c21
C1=C2CCC3C4CCCC4CCC3C2Cc2cnn(-c3ccccc3)c21
C1=C2CCC3C4CCCC4CCC3C2Cc2cnn(-c3ccccc3)c21
C1=C2CCC3C4CCCC4CCC3C2Cc2cnn(-c3ccccc3)c21
C1=C2CCC3C4CCCC4CCC3C2Cc2cnn(-c3ccccc3)c21
C1=C2CCC3C4CCCC4CCC3C2Cc2cnn(-c3ccccc3)c21
C1=C2CCC3C4CCCC4CCC3C2CCc2cnn(-c3ccccc3)c21
C1=C2CCC3C4CCCC4CCC3C2CCc2cnn(-c3ccccc3)c21
C1=C2CCC3C4CCCC4CCC3C2Cc2cnn(-c3ccccc3)c21
O=S(=O)(Nc1ccc(-c2ccc3c(cnn3-c3ccccc3)c2)cc1)c1ccsc1
O=S(=O)(Nc1ccc(-c2ccc3c(c2)CNN3c2ccccc2)cc1)c1ccsc1
O=S(=O)(Nc1ccc(-c2ccc3c(c2)CNN3c2ccccc2)cc1)c1ccsc1
O=S(=O)(Nc1ccc(-c2ccc3c(c2)CNN3c2ccccc2)cc1)c1cccs1
O=S(=O)(Nc1ccc(-c2ccc3c(c2)CON3c2ccccc2)cc1)c1cccs1
O=S(=O)(Nc1ccc(-c2ccc3c(c2)CON3c2ccccc2)cc1)c1cccs1
O=S(=O)(Nc1ccc(-c2ccc3c(c2)COC3c2ccccc2)cc1)c1cccs1
O=S(=O)(Nc1ccc(-c2ccc3c(c2)COC3c2ccccc2)cc1)c1cccs1
O=S(=O)(Nc1ccc(-c2ccc3c(c2)COC3c2ccccc2)cc1)c1cccs1
O=S(=O)(Nc1ccc(-c2ccc3c(c2)COC3c2ccccc2)cc1)c1cccs1
O=S(=O)(Nc1ccc(-c2ccc3c(c2)COC3c2ccccc2)cc1)c1cccs1
O=S(=O)(Nc1ccc(-c2ccc3c(c2)COC3c2ccccc2)cc1)c1cccs1
O=S(=O)(Nc1ccc(-c2ccc3c(c2)OC3c2ccccc2)cc1)c1cccs1
O=S(=O)(Nc1ccc(-c2ccc3cc2OC3c2ccccc2)cc1)c1cccs1
O=S(=O)(Nc1ccc(-c2ccc3cc2OC3c2ccccc2)cc1)c1cccs1
O=S(=O)(Nc1ccc(-c2ccc3cc2OC3c2ccccc2)cc1)c1cccs1
O=S(=O)(Nc1ccc(-c2ccc3cc2OC3c2ccccc2)cc1)c1cccs1
O=S(=O)(Nc1ccc(-c2c3cccc2C(c2ccccc2)O3)cc1)c1cccs1
O=S(=O)(Nc1ccc(-c2c3cccc2C(c2ccccc2)O3)cc1)c1cccs1
O=S(=O)(Nc1ccc(-c2c3cccc2C(c2ccccc2)O3)cc1)c1cccs1
O=S(=O)(Nc1ccc(-c2c3cccc2C(c2ccccc2)O3)cc1)c1cccs1
O=S(=O)(Nc1ccc2c(c1)OC(c1ccccc1)c1ccccc1-2)c1cccs1
O=S(=O)(Nc1ccc2c(c1)OC(c1ccccc1)c1ccccc1-2)c1cccs1
O=S(=O)(Nc1ccc2c(c1)OC(c1ccccc1)c1ccccc1-2)c1cccs1
O=S(=O)(Nc1ccc2c(c1)OC(c1ccccc1)c1ccccc1-2)c1cccs1
O=S(=O)(Nc1ccc2c(c1)OC(c1ccccc1)c1ccccc1-2)c1cccs1
O=S(=O)(Nc1ccc2c(c1)OC(c1ccccc1)c1ccccc1-2)c1cccs1
O=S(=O)(Nc1ccc2c(c1)OC(c1ccccc1)c1ccccc1-2)c1cccs1
O=S(=O)(Nc1ccc2c(c1)OC(c1ccccc1)c1ccccc1-2)c1cccs1
O=S(=O)(Nc1ccc2c(c1)OC(c1ccccc1)c1ccccc1-2)c1cccs1
O=S(=O)(Nc1ccc2c(c1)OC(c1ccccc1)c1ccccc1-2)c1cccs1
O=S(=O)(Nc1ccc(C2Oc3ccccc3-c3ccccc32)cc1)c1cccs1
O=S(=O)(NNc1ccc2c(c1)C(c1ccccc1)Oc1ccccc1-2)c1cccs1
O=S(=O)(NNc1ccc2c(c1)C(c1ccccc1)Oc1ccccc1-2)c1cccs1
O=S(=O)(Nc1ccc2c(c1)C(c1ccccc1)Oc1ccccc1-2)c1cccs1
O=S(=O)(Nc1ccc2c(c1)C(c1ccccc1)Oc1ccccc1-2)c1cccs1
O=S(=O)(Nc1ccc(-c2ccc3c(cnn3-c3ccccc3)c2)cc1)c1ccsc1
c1ccc(-c2ccc3c(cnn3-c3ccccc3)c2)cc1
c1ccc(-c2ccc3c(cnn3-c3ccccc3)c2)cc1
c1ccc(-c2ccc3c(cnn3-c3ccccc3)c2)cc1
c1ccc(-c2ccc3c(cnn3-c3ccccc3)c2)cc1
c1ccc(Cn2ncc3cc(-c4ccccc4)ccc32)cc1
c1ccc(Cn2ncc3cc(-c4ccccc4)ccc32)cc1
c1ccc(Cn2ncc3cc(-c4ccccc4)ccc32)cc1
c1ccc(CN2NCc3cc(-c4ccccc4)ccc32)cc1
c1ccc(CNNCc2cccc(-c3ccccc3)c2)cc1
c1ccc(CNCc2cccc(-c3ccccc3)c2)cc1
c1ccc(CNCc2cccc(-c3ccccc3)c2)cc1
c1ccc(CNCc2cccc(-c3ccccc3)c2)cc1
O=C(NCc1ccccc1)c1cccc(-c2ccccc2)c1
C=C1Cc2cc(-c3cccc(C(=O)NCc4ccccc4)c3)ccc2NS1(=O)=O
O=C(NCc1ccccc1)c1cccc(-c2ccc3c(c2)CCS(=O)(=O)N3)c1
O=C(NCc1ccccc1)c1cccc(-c2ccc3c(c2)CCS(=O)(=O)N3)c1
O=C(NCc1ccccc1)c1cccc(-c2ccc3c(c2)CCN3)c1
O=C(NCc1ccccc1)c1cccc(-c2ccc3c(c2)CCN3)c1
O=C(NCc1ccccc1)Oc1cccc(-c2ccc3c(c2)CCN3)c1
O=C(NCc1ccccc1)Oc1cccc(-c2ccc3c(c2)CCN3)c1
O=C(NCc1ccccc1)Oc1cccc(-c2ccc3c(c2)CCN3)c1
O=C(NCc1ccccc1)Oc1cccc(-c2ccc3c(c2)CCN3)c1
O=C(NCc1ccccc1)Oc1cccc(-c2ccc3c(c2)CCN3)c1
O=C(NCc1ccccc1)OS(=O)C1Cc2cc(-c3ccccc3)ccc2N1
O=C(NCc1ccccc1)OSC1Cc2cc(-c3ccccc3)ccc2N1
O=C(NCc1ccccc1)OSC1CCc2cc(-c3ccccc3)ccc2N1
O=C(NCc1ccccc1)OSC1CCc2cc(-c3ccccc3)ccc2N1
O=C(NCc1ccccc1)OSC1CCc2cc(-c3ccccc3)ccc2N1
O=C(NCc1ccccc1)OCC1CCc2cc(-c3ccccc3)ccc2N1
O=C(NCc1ccccc1)OC1CNc2ccc(-c3ccccc3)cc2C1
O=C(NCc1ccccc1)OC1CNc2ccc(-c3ccccc3)cc2C1
O=C(NCc1ccccc1)OC1CNc2ccc(-c3ccccc3)cc2C1
O=C(NCc1ccccc1)OC1CNc2ccc(-c3ccccc3)cc2C1
O=C(NCc1ccccc1)OC1CNc2ccc(-c3ccccc3)cc2C1
O=C(NCc1ccccc1)OC1CNc2ccc(-c3ccccc3)cc2C1
O=C(NCc1ccccc1)OC1CNc2ccc(-c3ccccc3)cc2C1
O=C(NCc1ccccc1)OC1CNc2ccc(-c3ccccc3)cc2C1
O=C(NCc1ccccc1)OC1CNc2ccc(-c3ccccc3)cc2C1
O=C(NCc1ccccc1)OC1CNc2ccc(-c3ccccc3)cc2C1
O=C(NCc1ccccc1)OC1CNc2ccc(-c3ccccc3)cc2C1
O=C(NCc1ccccc1)OC1CNc2ccc(-c3ccccc3)cc2C1
O=C(NCc1ccccc1)OC1CNc2ccc(-c3ccccc3)cc2C1
O=C(NCc1ccccc1)OC1CNc2ccc(-c3ccccc3)cc2C1
O=C(NCc1ccccc1)OC1CNc2ccc(-c3ccccc3)cc2C1
O=C(NCc1ccccc1)OC1CNc2ccc(-c3cccc4c3CC4)cc2C1
O=C(NCc1ccccc1)OC1CNc2ccc(-c3cccc4c3CC4)cc2C1
O=C(NCc1ccccc1)OC1CNc2ccc(-c3cccc4c3CC4)cc2C1
O=C(NCc1ccccc1)OC1CNc2ccc(-c3cccc4c3C=C4)cc2C1
O=C(NCc1ccccc1)OC1CNc2ccc(-c3cccc4cc[nH]c34)cc2C1
O=C(NCc1ccccc1)OC1CNc2ccc(-c3cccc4cc[nH]c34)cc2C1
O=C(NCc1ccccc1)OC1CNc2ccc(-c3cccc4cc[nH]c34)cc2C1
O=C(NCc1ccccc1)OC1CNc2ccc(-c3cccc4cc[nH]c34)cc2C1
O=S(=O)(Nc1ccc(-c2ccc3c(cnn3-c3ccccc3)c2)cc1)c1ccsc1
O=S(=O)(Nc1ccc(-c2ccc3c(cnn3-c3ccccc3)c2)cc1)c1ccsc1
O=S(=O)(Nc1ccc(-c2ccc3c(cnn3-c3ccccc3)c2)cc1)c1ccsc1
O=S(=O)(Nc1ccc(-c2ccc3c(cnn3-c3ccccc3)c2)cc1)c1ccsc1
O=S(=O)(Nc1ccc(-c2ccc3c(cnn3-c3ccccc3)c2)cc1)c1ccsc1
O=S(=O)(Nc1cc2c(cnn2-c2ccccc2)cc1-c1ccccc1)c1ccsc1
O=S(=O)(Nc1c(-c2ccccc2)cc2cn[nH]c2c1-c1ccccc1)c1ccsc1
O=S(=O)(Nc1c(-c2ccccc2)cc2cn[nH]c2c1-c1ccccc1)c1ccsc1
O=S(=O)(Nc1c(Cc2ccccc2)cc2cn[nH]c2c1-c1ccccc1)c1ccsc1
O=S(=O)(Nc1c(Cc2ccccc2)cc2cn[nH]c2c1-c1ccccc1)c1ccsc1
O=S(=O)(Nc1c(Cc2ccccc2)cc2cc[nH]c2c1-c1ccccc1)c1ccsc1
O=S(=O)(Nc1c(Cc2ccccc2)cc2cc[nH]c2c1-c1ccccc1)C1=CSC1
O=S(=O)(Nc1c(Cc2ccccc2)cc2cc[nH]c2c1-c1ccccc1)C1=CSC1
c1ccc(Cc2cc(-c3ccccc3)c3[nH]ccc3c2)cc1
c1ccc(Cc2cc(-c3ccccc3)c3[nH]ccc3c2)cc1
c1ccc(Cc2cc(-c3ccccc3)c3[nH]ccc3c2)cc1
c1ccc(Cc2cc(-c3ccccc3)c3[nH]ccc3c2)cc1
c1ccc(Cc2cc(-c3ccccc3)c3[nH]ccc3c2)cc1
c1ccc(Cc2cc(-c3ccccc3)c3[nH]ccc3c2)cc1
c1ccc(Cc2cc(-c3ccccc3)c3[nH]ccc3c2)cc1
c1ccc(Cc2cc(-c3ccccc3)c3[nH]ccc3c2)cc1
c1ccc(Cc2ccc3[nH]cc(-c4ccccc4)c3c2)cc1
c1ccc(Cc2ccc3[nH]cc(-c4ccccc4)c3c2)cc1
c1ccc(Cc2ccc3[nH]cc(-c4ccccc4)c3c2)cc1
c1ccc(Cc2ccc3[nH]cc(-c4ccccc4)c3c2)cc1
c1ccc(CCc2ccc3[nH]cc(-c4ccccc4)c3c2)cc1
c1ccc(CCc2ccc3[nH]cc(-c4ccccc4)c3c2)cc1
c1ccc(CCc2ccc3[nH]cc(-c4ccccc4)c3c2)cc1
c1ccc(CCc2ccc3[nH]cc(-c4ccccc4)c3c2)cc1
c1ccc(COCc2[nH]c3ccccc3c2-c2ccccc2)cc1
c1ccc(COc2[nH]c3ccccc3c2-c2ccccc2)cc1
c1ccc(CCc2[nH]c3ccccc3c2-c2ccccc2)cc1
c1ccc(Cc2[nH]c3ccccc3c2-c2ccccc2)cc1
O=S(=O)(Nc1ccc(-c2ccc3c(cnn3-c3ccccc3)c2)cc1)c1ccsc1
O=S(=O)(Nc1ccc(-c2ccc3c(cnn3-c3ccccc3)c2)cc1)C1=CSC1
O=S(=O)(Nc1ccc(-c2ccc3c(cnn3-c3ccccc3)c2)cc1)C1=CSC1
O=S(=O)(Nc1ccc(-c2ccc3c(cnn3-c3ccccc3)c2)cc1)C1CS1
O=S(=O)(Nc1ccc(-c2ccc3c(cnn3-c3ccccc3)c2)cc1)C1CC1
O=S(=O)(Nc1ccc(-c2ccc3c(cnn3-c3ccccc3)c2)cc1)C1CC1
O=S(=O)(NC1=CC=C(c2ccc3c(cnn3-c3ccccc3)c2)C1)C1CC1
O=S(=O)(NC1=CC=C(c2ccc3c(cnn3-c3ccccc3)c2)C1)C1CC1
O=S(=O)(CC1=CC=C(c2ccc3c(cnn3-c3ccccc3)c2)C1)C1CC1
O=S(=O)(CC1=CC=C(c2ccc3c(cnn3-c3ccccc3)c2)C1)C1CC1
C=C(CCCS(=O)(=O)C1CC1)c1ccc2c(cnn2-c2ccccc2)c1
O=S1(=O)CCC=C(c2ccc3c(cnn3-c3ccccc3)c2)CCC1
O=S1(=O)CC=C(c2ccc3c(cnn3-c3ccccc3)c2)CCC1
O=S1(=O)CC=C(c2ccc3c(cnn3-c3ccccc3)c2)CCCC1
O=S1(=O)CCCCC(c2ccc3c(cnn3-c3ccccc3)c2)C1
O=S1CCCCC(c2ccc3c(cnn3-c3ccccc3)c2)C1
O=S1CCCCC(c2ccc3c(cnn3-c3ccccc3)c2)C1
O=C1CCCCC(c2ccc3c(cnn3-c3ccccc3)c2)C1
c1ccc(-n2ncc3cc(C4CCCCCC4)ccc32)cc1
c1ccc(-n2ncc3cc(C4CCCCC4)ccc32)cc1
c1ccc(-n2ncc3cc(C4CCCCC4)ccc32)cc1
C1=CC(C2CCCCC2)c2cnn(-c3ccccc3)c21
C1=CC(C2CCCCC2)c2cnn(-c3ccccc3)c21
C1=Cc2c(cnn2-c2ccccc2)CC2CCCCC2C1
C1=CC2CCCCC2Cc2cnn(-c3ccccc3)c21
C1=CC2CCCCCC2Cc2cnn(-c3ccccc3)c21
C1=C2CCCCCC2Cc2cnn(-c3ccccc3)c21
C1=C2CCCCC2Cc2cnn(-c3ccccc3)c21
O=S(=O)(Nc1ccc(-c2ccc3c(cnn3-c3ccccc3)c2)cc1)c1ccsc1
O=S(=O)(Nc1ccc(-c2ccc3c(cnn3-c3ccccc3)c2)cc1)c1ccsc1
O=S(=O)(Nc1ccc(-c2ccc3c(cnn3-c3ccccc3)c2)cc1)c1ccsc1
O=S(=O)(Nc1ccc(-c2ccc3c(cnn3-c3cccnc3)c2)cc1)c1ccsc1
O=S(=O)(Nc1ccccc1Cc1ccc2c(cnn2-c2cccnc2)c1)c1ccsc1
O=S(=O)(Nc1ccccc1Cc1cccc2cnn(-c3cccnc3)c12)c1ccsc1
O=S(=O)(Nc1ccccc1Cc1ccc2c(cnn2-c2cccnc2)c1)c1ccsc1
O=S(=O)(Nc1ccccc1Cc1ccc2c(cnn2-c2cccnc2)c1)C1=CSCC1
O=S(=O)(Nc1ccccc1Cc1ccc2c(cnn2-c2cccnc2)c1)C1=CSCC1
O=S(=O)(Nc1ccccc1Cc1ccc2c(cnn2-c2cccnc2)c1)C1=CCCC1
O=S(=O)(Nc1ccccc1Cc1ccc2c(cnn2-c2cccnc2)c1)C1=CCCC1
O=S(=O)(Nc1ccccc1Cc1ccc2c(cnn2-c2cccnc2)c1)C1CCC1
O=S(=O)(Nc1ccccc1Cc1ccc2c(cnn2-c2cccnc2)c1)C1CCC1
O=S(=O)(Nc1ccccc1Cc1ccc2c(cnn2-c2cccnc2)c1)C1CCCC1
O=S(=O)(Nc1ccccc1Cc1ccc2c(cnn2-c2cccnc2)c1)C1CCCC1
O=S(=O)(Nc1ccccc1Cc1ccc2c(cnn2-c2cccnc2)c1)C1CCCC1
O=S(=O)(Nc1ccccc1Cc1ccc2c(cnn2-c2cccnc2)c1)C1CCCC1
O=S(=O)(Nc1ccccc1Cc1ccc2c(cnn2-c2cccnc2)c1)C1CCCC1
O=S(=O)(Nc1ccccc1CCc1cccc2c1cnn2-c1cccnc1)C1CCCC1
O=S(=O)(Nc1ccccc1CCc1cccc2c1cnn2-c1cccnc1)C1=CCCC1
O=S(=O)(Nc1ccccc1CCc1cccc2c1cnn2-c1cccnc1)C1=CCC1
O=S(=O)(Nc1ccccc1CCNc1cccc2c1cnn2-c1cccnc1)C1=CCC1
O=S(=O)(Nc1ccccc1CCNc1cccc2c1cnn2-c1cccnc1)C1CC1
O=S(=O)(NC1=CCC=C1CCNc1cccc2c1cnn2-c1cccnc1)C1CC1
O=S(=O)(NC1=CCC=C1CCNc1cccc2c1cnn2-c1cccnc1)C1CCC1
O=S(=O)(NC1=CCC=C1CCNc1cccc2c1cnn2-c1cccnc1)C1CCCC1
O=S(=O)(NC1=CC=C1CCNc1cccc2c1cnn2-c1cccnc1)C1CCCC1
O=S(=O)(NC1C=C1CCNc1cccc2c1cnn2-c1cccnc1)C1CCCC1
O=S(=O)(NC1CCCC1)NC1C=C1CCNc1cccc2c1cnn2-c1cccnc1
O=S(=O)(NC1CCCC1)N1C=C(CCNc2cccc3c2cnn3-c2cccnc2)C1
O=S(=O)(NC1CCCC1)N1C=C1CCCNc1cccc2c1cnn2-c1cccnc1
O=S(=O)(NC1CCCC1)N1C=C1CCNc1cccc2c1cnn2-c1cccnc1
O=S(=O)(CC1CCCC1)N1C=C1CCNc1cccc2c1cnn2-c1cccnc1
O=S(=O)(CC1CCC1)N1C=C1CCNc1cccc2c1cnn2-c1cccnc1
O=S(=O)(CC1CCC1)N1C=C1CCNc1cccc2c1cnn2-c1cccnc1
O=S(=O)(CC1CCCC1)N1C=C1CCNc1cccc2c1cnn2-c1cccnc1
O=S(=O)(CC1CCCC1)NCCCNc1cccc2c1cnn2-c1cccnc1
O=S(=O)(CC1CCCC1)NCCNc1cccc2c1cnn2-c1cccnc1
O=S(=O)(CCC1CCCC1)NCCNc1cccc2c1cnn2-c1cccnc1
O=S(=O)(CCCC1CCCC1)NCCNc1cccc2c1cnn2-c1cccnc1
O=S(=O)(CCNC1CCCC1)NCCNc1cccc2c1cnn2-c1cccnc1
O=S(=O)(CC=NC1CCCC1)NCCNc1cccc2c1cnn2-c1cccnc1
O=S(=O)(C=NC1CCCC1)NCCNc1cccc2c1cnn2-c1cccnc1
O=S(=O)(C=NC1CCCCC1)NCCNc1cccc2c1cnn2-c1cccnc1
O=S(=O)(NCCNc1cccc2c1cnn2-c1cccnc1)C1=NCCCCC1
O=S(=O)(NCCNc1cccc2c1cnn2-c1cccnc1)C1=NNCCCCC1
O=S(=O)(NCCNc1cccc2c1cnn2-c1cccnc1)C1=NNCCCCC1
O=S(=O)(NCCNc1cccc2c1cnn2-c1cccnc1)C1=NNCCCCC1
O=S(=O)(NCCNc1cccc2c1cnn2-c1cccnc1)C1=NNCCCCC1
O=S(=O)(NCCNc1cccc2c1cnn2-c1cccnc1)C1=NN2CCCC2CCCC1
O=S(=O)(NCCNc1cccc2c1cnn2-c1cccnc1)C1=NN2CCCCC2CCCC1
O=S(=O)(NCCNc1cccc2c1cnn2-c1cccnc1)C1=NN2CCCCCC2CCCC1
O=S(=O)(NCCNc1cccc2c1cnn2-c1cccnc1)C1=NN2CCCCCC2CCC1
O=S(=O)(NCCNc1cccc2c1cnn2-c1cccnc1)C1=NN2CCCCCC2CC1
O=S(=O)(NCCNc1cccc2c1cnn2-c1cccnc1)C1=NN(C2CCCC2)CCC1
O=S(=O)(NCCNc1cccc2c1cnn2-c1cccnc1)C1=NN(C2CCCC2)CC1
O=S(=O)(NCCNc1cccc2c1cnn2-c1cccnc1)C1=NN(C2CCCC2)C1
O=S(=O)(NCCNc1cccc2c1cnn2-c1cccnc1)C1=NN(C2CCCCC2)C1
O=S(=O)(NCCNc1cccc2c1cnn2-c1cccnc1)C1=NN(C2CCCCCC2)C1
O=S(=O)(NCCNc1cccc2c1cnn2-c1cccnc1)C1=NN(C2CCCCCC2)C1
O=S(=O)(NCCNc1cccc2c1cnn2-c1cccnc1)C1=NN(C2CCCCCC2)C1
O=S(=O)(NCCNc1cccc2c1cnn2-c1cccnc1)C1=CN(C2CCCCCC2)C1
O=S(=O)(NCCNc1cccc2c1cnn2-c1cccnc1)C1=CN(C2CCCCCC2)C1
O=S(=O)(NCCNc1cccc2c1cnn2-c1cccnc1)C1=CN(C2CCCCCC2)C1
O=S(=O)(NCCNc1cccc2c1cnn2-c1cccnc1)C1=CN(C2CCCCC2)C1
O=S(=O)(NCCNc1cccc2c1cnn2-c1cccnc1)C1=CN(C2CCCCC2)C1
O=S(=O)(NCCNc1cccc2c1cnn2-c1cccnc1)C1=CN(C2CCCCC2)CC1
O=S(=O)(NCCNc1cccc2c1cnn2-c1cccnc1)C1=CN(C2CCCCC2)CC1
O=S(=O)(NCCNc1cccc2c1cnn2-c1cccnc1)c1ccn(C2CCCCC2)c1
O=S(=O)(NCCNc1cccc2c1cnn2-c1cccnc1)c1cnn(C2CCCCC2)c1
O=S(=O)(NCCNc1cccc2c1cnn2-c1cccnc1)c1cnn(C2CCCCC2)c1
O=S(=O)(NCCNc1cccc2c1cnn2-c1cccnc1)c1cnn(C2CCCCC2)c1
O=S(=O)(NCCNc1cccc2c1cnn2-c1cccnc1)c1cnn(C2CCCC2)c1
O=S(=O)(NCCNc1cccc2c1cnn2-c1cccnc1)c1cnn(C2CCCC2)c1
C1=C2CCC3C4CCCC4CCC3C2Cc2cnn(-c3ccccc3)c21
C1=C2CCC3C4CCC4CCC3C2Cc2cnn(-c3ccccc3)c21
C1=C2CCC3C4CCC4CCC3C2Cc2cnn(-c3ccccc3)c21
C1=C2CCC3C4CCC4CCC3C2Cc2cnn(Cc3ccccc3)c21
C1=C2CCC3C4CCC4CCC3C2Cc2cnn(Cc3ccccc3)c21
C1=C2CCC3C4CCC4CC3C2Cc2cnn(Cc3ccccc3)c21
C1=C2CCC3C4CCC4CC3C2Cc2cnn(Cc3ccccc3)c21
C1=C2CCC3C4CCC4CC3C2Cc2cnn(Cc3ccccc3)c21
C1=C2CCC3C4CCC4CC3C2Cc2cnn(Cc3ccccc3)c21
C1=C2CCC3C4CC4CC3C2Cc2cnn(Cc3ccccc3)c21
C1=C2CCC3C4CC4CC3C2Cc2cnn(Cc3ccccc3)c21
C1=C2CCC3C4CC4CC3C2Cc2cnn(Cc3ccccc3)c21
C1=CC(C2CC3CC3C2)Cc2cnn(Cc3ccccc3)c21
C1=CC(CCC2CC2)Cc2cnn(Cc3ccccc3)c21
C1=CC(CCC2CC2)Cc2cnn(Cc3ccccc3)c21
C1=CC(CCC2CC2)Cc2cnn(Cc3ccccc3)c21
C1=CC(CC2CC2)Cc2cnn(Cc3ccccc3)c21
C1=C(C2CC2)c2c(cnn2Cc2ccccc2)CC1
C1=C(NCc2ccccc2)C(C2CC2)=CCC1
C1=C(NCc2ccccc2)C(C2CC2)=CCC1
C1=C(NCc2ccccc2)C(C2CC2)=CCC1
C1=C(NCc2ccccc2)C(C2CC2)=CCC1
C1=C(NCc2ccccc2)C(C2CC2)=CCC1
C1=CC(=C(CNCc2ccccc2)C2CC2)CC1
C1=CC(=C(NCc2ccccc2)C2CC2)CC1
C1=CC(=C(NCc2ccccc2)C2CC2)CCN1
C1=CC(=C(NCc2ccccc2)C2CC2)CCN1
C1=CC(=C(NCc2ccccc2)C2CC2)CCN1
C1=CC(=C(NCc2ccccc2)C2CCC2)CCN1
C1=CC(=C(NCc2ccccc2)C2CCC2)CCN1
C1=CC(=C(NCc2ccccc2)C2CC2)CCN1
C1=CC(=C(NCc2ccccc2)C2CC2)CCN1
C1=CC(=C(NCc2ccccc2)C2CC2)CCN1
C1=CC(=C(NCc2ccccc2)C2CCC2)CCN1
C1=CC(=C(NCc2ccccc2)C2CCC2)CCCN1
C1=CC(=C(NCc2ccccc2)C2CCC2)CCCN1
C1=CC(=C(NCc2ccccc2)C2CCC2)CCCN1
C1=CC(=CNCc2ccccc2)CCCN1
C1=CC(=CNCc2ccccc2)CCCN1
C1=CC(=CNCc2ccccc2)CCCN1
C1=CC(=C(NCc2ccccc2)C2CC2)CCCN1
C1=CC(=C(NCc2ccccc2)C2CC2)CCCN1
C1=CC(=C(NCc2ccccc2)C2CC2)CCCN1
C1=CC(=C(NCc2ccccc2)C2CC2)CCCN1
C1=CC(=C(NCc2ccccc2)C2CC2)CCCN1
C1=CC(=C(NCc2ccccc2)C2CC2)CCCN1
C1=CC(=C(NCc2ccccc2)C2CC2)CCCN1
C1=CC(=C(NCc2ccccc2)C2CC2)CCCN1
C1=CC(=C(NCc2ccccc2)C2CC2)CCCN1
C=C1CC1C(NCc1ccccc1)=C1C=CNCCC1
C=C1CC1C=C1C=CNCC(OC(=O)NCc2ccccc2)C1
C=C1CNC(=C2C=CNCC(OC(=O)NCc3ccccc3)C2)C1
O=C(NCc1ccccc1)OC1CNC=CC(=C2CCCN2)C1
O=C(NCc1ccccc1)OC1CNC=CC(=C2CCN2)C1
O=C(NCc1ccccc1)OC1CNC=CC(=C2CCN2)C1
O=C(NCc1ccccc1)OC1CNC=CC(=C2CN2)C1
O=C(NCc1ccccc1)OC1CNC=CC(=C2C=N2)C1
O=C(NCc1ccccc1)OC1CNC=CC(=C2C=C2)C1
O=C(NCc1ccccc1)OC1CNC=CC(=C2C=C2)C1
O=C(NCc1ccccc1)OC1CNC=CC(=C2C=C2)C1
O=C(NCc1ccccc1)OC1CNC=CC(=C2C=C2)C1
O=C(NCc1ccccc1)OC1CNC=CC(=C2C=C2)C1
O=C(NCc1ccccc1)OC1CNC=CC(=C2C=C2)C1
O=C(NCc1ccccc1)OC1CNC=CC(=C2C=C2)C1
O=C(NCc1ccccc1)OC1CNC=CC(=C2C=C2)C1
O=C(NCc1ccccc1)OC1CNC=CC(=C2C=C2)C1
O=C(NCc1ccccc1)OC1CNc2cccc(c2)C1
O=C(NCc1ccccc1)OC1CNc2cccc(c2)C1
O=C(NCc1ccccc1)OC1CNc2cccc(c2)C1
O=C(NCc1ccccc1)OC1CNc2cccc(c2)C1
O=C(NCc1ccccc1)OC1CNc2cccc(c2)C1
O=C(NCc1ccccc1)OC1CNc2cccc(c2)C1
O=C(NCc1ccccc1)OC1CNc2cccc(c2)C1
O=C(NCc1ccccc1)OC1CNc2cccc(c2)C1
O=C(NCc1ccccc1)OC1CNc2cccc(c2)C1
O=C(NCc1ccccc1)OC1CNc2cccc(c2)C1
O=C(NCc1ccccc1)OC1CNc2cccc(c2)C1
O=C(NCc1ccccc1)OC1CNc2cccc(c2)C1
O=C(NCc1ccccc1)OC1CNc2cccc(c2)C1
O=C(NCc1ccccc1)OC1CNc2cccc(c2)C1
O=C(NCc1ccccc1)OC1CNc2cccc(c2)C1
O=C(NCc1ccccc1)OC1CNc2ccc(CCC3CC3)c(c2)C1
O=C(NCc1ccccc1)OC1CNc2ccc(CC3CC3)c(c2)C1
O=C(NCc1ccccc1)OC1CNc2ccc(C3CC3)c(c2)C1
O=C(NCc1ccccc1)OC1CNc2ccc(C3CCC3)c(c2)C1
O=C(NCc1ccccc1)OC1CNc2ccc(C3CCC3)c(c2)C1
O=C(NCc1ccccc1)OC1CNc2cccc(c2)C1
O=C(NCc1ccccc1)OC1CNc2cccc(c2)C1
O=C(NCc1ccccc1)OC1CNc2cccc(c2)C1
O=C(NCc1ccccc1)OC1CNc2cccc(c2)C1
O=C(NCc1ccccc1)OC1CNc2cccc(c2)C1
O=C(NCc1ccccc1)OC1CNc2cccc(c2)C1
O=C(NCc1ccccc1)OC1CNc2cccc(c2)C1
O=C(NCc1ccccc1)OC1CNc2cccc(c2)C1
O=C(NCc1ccccc1)OC1CNc2cccc(c2)C1
O=C(NCc1ccccc1)OC1CNc2cccc(c2)C1
O=C(NCc1ccccc1)OC1CNc2cccc(c2)C1
O=C(NCc1ccccc1)OC1CNc2cccc(c2)C1
O=C(NCc1ccccc1)OC1CNc2cccc(c2)C1
O=C(NCc1ccccc1)OC1CNc2cccc(c2)C1
O=C(NCc1ccccc1)OC1CNc2cccc(c2)C1
O=C(NCc1ccccc1)OC1CCc2ccccc2NC1
O=C(NCc1ccccc1)OC1CNc2cccc3c2C(C3)C1
O=C(NCc1ccccc1)OC1CCc2ccccc2NC1
O=C(NCc1ccccc1)OC1CNc2ccccc2C2CC12
O=C(NCc1ccccc1)OC1CNc2ccccc2C2CC12
O=C(NCc1ccccc1)OC1CNc2ccccc2C1
O=C(NCc1ccccc1)OC1CNc2ccccc2C1
O=C(NCc1ccccc1)OC1CNc2ccccc2C1
O=C(NCc1ccccc1)OC1CNc2ccccc2C1
O=C(NCc1ccccc1)OC1CNc2ccccc2C1
O=C(NCc1ccccc1)OC1CNc2ccccc2C1
O=C(NCc1ccccc1)OC1CNc2ccccc2C1
O=C(NCc1ccccc1)OC1CNc2ccccc2C1
O=C(NCc1ccccc1)OC1CNc2ccc3c(c2C1)C=C3
O=C(NCc1ccccc1)OC1CNc2ccc3c(c2C1)CC=C3
O=C(NCc1ccccc1)OC1CNc2ccccc2C1
O=C(NCc1ccccc1)OC1CNc2ccccc2C1
O=C(NCc1ccccc1)OC1CNc2ccccc2C1
O=C(NCc1ccccc1)OC1CNc2ccccc2C1
O=C(NCc1ccccc1)OC1CNc2ccccc2C1
O=C(NCc1ccccc1)OC1CNc2ccccc2C1
O=C(NCc1ccccc1)OC1CNc2ccccc2C1
O=C(NCc1ccccc1)OC1CNc2ccccc2C1
O=C(NCc1ccccc1)OC1CNc2ccccc2C1
O=C(NCc1ccccc1)OC1CNc2ccccc2C1
O=C(NCc1ccccc1)OC1CNc2ccccc2C1
O=C(NCc1ccccc1)OC1CNc2ccc(C3=CCC3)cc2C1
O=C(NCc1ccccc1)OC1CNc2ccc(C3=CCC3)cc2C1
O=C(NCc1ccccc1)OC1CNc2ccc(C3=CCC3)cc2C1
O=C(NCc1ccccc1)OC1CNc2ccc(C3=CCCC3)cc2C1
O=C(NCc1ccccc1)OC1CNc2ccc(C3=CCC=C3)cc2C1
O=C(NCc1ccccc1)OC1CNc2ccc(C3=CC=C3)cc2C1
O=C(NCc1ccccc1)OC1CNc2ccc(C3=CC=C3)cc2C1
O=C(NCc1ccccc1)OC1CNc2ccc(C3=CC=C3)cc2C1
O=C(NCc1ccccc1)OC1CNc2ccc(C3=CC=C3)cc2C1
O=C(NCc1ccccc1)OC1CNc2ccc(C3=CC=C3)cc2C1
O=C(NCc1ccccc1)OC1CNc2ccc(C3=CC=C3)cc2C1
O=C(NCc1ccccc1)OC1CNc2ccc(C3=CC=C3)cc2C1
O=C(NCc1ccccc1)OC1CNc2ccc(C3=CC=C3)cc2C1
O=C(NCc1ccccc1)OC1CNc2ccc(C3=C4CCCC4=C3)cc2C1
O=C(NCc1ccccc1)OC1CNc2ccc(C3=C4CCC4=C3)cc2C1
O=C(NCc1ccccc1)OC1CNc2ccc(C3=CCCC=C3)cc2C1
O=C(NCc1ccccc1)OC1CNc2ccc(C3=CC=CCC3)cc2C1
O=C(NCc1ccccc1)OC1CNc2ccc(C3=CC=CCC3)cc2C1
O=C(NCc1ccccc1)OC1CNc2ccc(-c3ccccc3)cc2C1
O=C(NCc1ccccc1)OC1CNc2ccc(-c3ccccc3)cc2C1
O=C(NCc1ccccc1)OC1CNc2ccc(-c3ccccc3)cc2C1
O=C(NCc1ccccc1)OC1CNc2ccc(-c3ccccc3)cc2C1
O=C(NCc1ccccc1)OC1CNc2ccc(-c3ccccc3)cc2C1
O=C(NCc1ccccc1)OC1CNc2ccc(-c3ccccc3)cc2C1
O=C(NCc1ccccc1)OC1CNc2ccc(-c3cccc4c3C4)cc2C1
O=C(NCc1ccccc1)OC1CNc2ccc(-c3cccc4c3C4)cc2C1
O=C(NCc1ccccc1)OC1CNc2ccc(-c3cccc4c3C4)cc2C1
O=C(NCc1ccccc1)OC1CNc2ccc(-c3ccccc3)cc2C1
O=C(NCc1ccccc1)OC1CNc2ccc(-c3ccccc3)cc2C1
O=C(NCc1ccccc1)OC1CNc2ccc(-c3ccccc3)cc2C1
O=C(NCc1ccccc1)OC1CNc2ccc(-c3ccccc3)cc2C1
O=C(NCc1ccccc1)OC1CNc2ccc(-c3ccccc3)cc2C1
O=C(NCc1ccccc1)OC1CNc2ccc(-c3ccccc3)cc2C1
O=C(NCc1ccccc1)OC1CNc2ccc(-c3ccccc3)cc2C1
O=C(NCc1ccccc1)OC1CNc2ccc(-c3ccccc3)cc2C1
O=C(NCc1ccccc1)OC1CNc2ccc(-c3ccccc3)cc2C1
O=C(NCc1ccccc1)OC1CNc2ccc(-c3ccccc3)cc2C1
O=C(NCc1ccccc1)OC1CNc2ccc(-c3ccccc3)cc2C1
O=C(NCc1ccccc1)OC1CNc2ccc(-c3ccccc3)cc2C1
O=C(NCc1ccccc1)OC1CNc2ccc(-c3ccccc3)cc2C1
O=C(NCc1ccccc1)OC1CNc2ccc(-c3ccccc3)cc2C1
O=C(NCc1ccccc1)OC1CNc2ccc(-c3ccccc3)cc2C1
O=C(NCc1ccccc1)OC1CNc2ccc(-c3ccccc3)cc2C1
O=C(NCc1ccccc1)OC1CNc2ccc(-c3ccccc3)cc2C1
O=C(NCc1ccccc1)OC1CNc2ccc(-c3ccccc3)cc2C1
O=C(NCc1ccccc1)OC1CNc2ccc(-c3ccccc3)cc2C1
O=C(NCc1ccccc1)OC1CNc2ccc(-c3ccccc3)cc2C1
O=C(NCc1ccccc1)OC1CNc2ccc(-c3ccccc3)cc2C1
O=C(NCc1ccccc1)OC1CNc2ccc(-c3ccccc3)cc2C1
O=C(NCc1ccccc1)OC1CNc2ccc(-c3ccccc3)cc2C1
O=C(NCc1ccccc1)OC1CNc2ccc(-c3ccccc3CC3CCC3)cc2C1
O=C(NCc1ccccc1)OC1CNc2ccc(-c3ccccc3CC3CCC3)cc2C1
O=C(NCc1ccccc1)OC1CNc2ccc(-c3ccccc3CC3CCO3)cc2C1
O=C(NCc1ccccc1)OC1CNc2ccc(-c3ccccc3)cc2C1
O=C(NCc1ccccc1)OC1CNc2ccc(-c3ccccc3)cc2C1
O=C(NCc1ccccc1)OC1CNc2ccc(-c3ccccc3)cc2C1
O=C(NCc1ccccc1)OC1CNc2ccc(-c3ccccc3)cc2C1
O=C(NCc1ccccc1)OC1CNc2ccc(-c3ccccc3)cc2C1
O=C(NCc1ccccc1)OC1CNc2ccc(-c3ccccc3)cc2C1
O=C(NCc1ccccc1)OC1CNc2ccc(-c3ccccc3)cc2C1
O=C(NCc1ccccc1)OC1CNc2ccc(-c3ccccc3)cc2C1
O=C(NCc1ccccc1)OC1CNc2ccc(-c3ccccc3)cc2C1
O=C(NCc1ccccc1)OC1CNc2ccc(-c3ccccc3)cc2C1
O=C(NCc1ccccc1)OC1CNc2ccc(-c3ccccc3)cc2C1
O=C(NCc1ccccc1)OC1CNc2ccc(-c3ccccc3)cc2C1
O=C(NCc1ccccc1)OC1CNc2ccc(-c3ccccc3)cc2C1
O=C(NCc1ccccc1)OC1CNc2ccc(-c3ccccc3)cc2C1
O=C(NCc1ccccc1)OC1CNc2ccc(-c3ccccc3)cc2C1
O=C(NCc1ccccc1)OC1CNc2ccc(-c3ccccc3)cc2C1
O=C(NCc1ccccc1)OC1CNc2ccc(-c3ccccc3)cc2C1
O=C(NCc1ccccc1)OC1CNc2ccc(-c3cccc4cc[nH]c34)cc2C1
O=C(NCc1ccccc1)OC1CNc2ccc(-c3cccc4cc[nH]c34)cc2C1
O=C(NCc1ccccc1)OC1CNc2ccc(-c3cccc4cc[nH]c34)cc2C1
O=C(NCc1ccccc1)OC1CNc2ccc(-c3cccc4cc[nH]c34)cc2C1
O=C(NCc1ccccc1)OC1CNc2ccc(-c3cccc4cc[nH]c34)cc2C1
O=C(NCc1ccccc1)OC1CNc2ccc(-c3cccc4cc[nH]c34)cc2C1
O=C(NCc1ccccc1)OC1CNc2ccc(-c3cccc4cc[nH]c34)cc2C1
O=C(NCc1ccccc1)OC1CNc2ccc(-c3cccc4cc[nH]c34)cc2C1
O=C(NCc1ccccc1)OC1CNc2ccc(-c3cccc4cc[nH]c34)cc2C1
O=C(NCc1ccccc1)OC1CNc2ccc(-c3cccc4cc[nH]c34)cc2C1
O=C(NCc1ccccc1)OC1CNc2ccc(-c3cccc4cc[nH]c34)cc2C1
O=C(NCc1ccccc1)OC1CNc2ccc(-c3cccc4cc[nH]c34)cc2C1
C1=C2CCC3C4CCCC4CCC3C2Cc2cnn(-c3ccccc3)c21
C1=C2CCC3C4CCCC4CCC3C2Cc2cnn(-c3ccccc3)c21
C1=C2CCC3C4CCCC4CCC3C2Cc2cnn(-c3ccccc3)c21
C1=C2CCC3C4CCCC4CCC3C2Cc2cnn(-c3ccccc3)c21
C1=C2CCC3C4CCCC4CCC3C2c2cnn(-c3ccccc3)c21
C1=C2CCC3C4CCCC4CCC3C2c2cnn(-c3ccccc3)c21
C1=C2CCC3C4CCCC4CCC3C2c2cnn(-c3ccccc3)c21
C=C1CCC2C3CCCC3CCC2C1c1cnn(-c2ccccc2)c1
C=C1CCC2C3CCCC3CCC2C1c1cn[nH]c1-c1ccccc1
C=C1CCC2C3CCCC3CCC2C1c1cn[nH]c1-c1ccccc1
C=C1CCC2C3CCCC3CCC2C1c1cn[nH]c1-c1ccccc1
C=C1CCC2C3CCCC3CCC2C1c1cn[nH]c1-c1ccccc1
C1=CC(c2cn[nH]c2-c2ccccc2)C2CCC3CCCC3C2CC1
C1=CC(c2cn[nH]c2-c2ccccc2)C2CCC3CCCC3C2CC1
C1=CC(c2cc[nH]c2-c2ccccc2)C2CCC3CCCC3C2CC1
C1=CC(c2cc[nH]c2-c2ccccc2)C2CCC3CCCC3C2CC1
C1=CC(c2cc[nH]c2-c2ccccc2)C2CCC3CCCC3C2CC1
C1=CC(c2cc[nH]c2-c2ccccc2)C2CC3CCCC3C2CC1
C1=CC(c2ccc(-c3ccccc3)[nH]2)C2CC3CCCC3C2CC1
C1=CC(c2ccc(-c3ccccc3)[nH]2)C2CC3CCCC3C2CC1
C1=CC(C2C=C(c3ccccc3)N2)C2CC3CCCC3C2CC1
C1=CC(C2C=C(c3ccccc3)N2)C2CCCCCCC2CC1
C1=CC(C2C=C(c3ccccc3)N2)C2CCCCCCC2CC1
C1=CC2CCC=CC(C3C=C(c4ccccc4)N3)C2CCCC1
C1=CC2CCC=C(C3C=C(c4ccccc4)N3)C2CCCC1
C1=CC2CCC=C(C3C=C(c4ccccc4)N3)C2CCCC1
C1=CC2CCC=C(C3C=C(c4ccccc4)N3)C2CCC1
C1=CC2CCC(C3C=C(c4ccccc4)N3)C2CCC1
C1=CC2COCC(C3C=C(c4ccccc4)N3)C2CCC1
C1=CC2COC(C3C=C(c4ccccc4)N3)C2CCC1
C1=CC(C2CCOC2C2C=C(c3ccccc3)N2)CC1
C1=CC(C2CCOCC2C2C=C(c3ccccc3)N2)CC1
C1=CC(C2COCC2C2C=C(c3ccccc3)N2)CC1
C1=CC(C2COCC2C2C=C(c3ccccc3)N2)CC1
C1=CC(C2COCC2CC2C=C(c3ccccc3)N2)CC1
C1=CC(C2COCC2=CC2C=C(c3ccccc3)N2)CC1
C1=CC(C2OCCC2=CC2C=C(c3ccccc3)N2)CC1
C1=CC(C2OCCC2=Cc2ccccc2C2=CCN2)CC1
C1=CC(C2OCCC2Cc2ccccc2C2=CCN2)CC1
C1=CC(C2OCCC2c2ccccc2C2=CCN2)CC1
C1=CC(C2OCCC2c2ccccc2C2=CCN2)CC1
C1=CC(C2OCCC2c2ccccc2C2=CCN2)CC1
C1=CC(C2CCCC2c2ccccc2C2=CCN2)CC1
C1=CC(C2CCCC2Cc2ccccc2C2=CCN2)CC1
C1=CC(C2CCCC2Cc2ccccc2C2=CCN2)CC1
C1=CC(C2CCCC2Cc2ccccc2C2=CCN2)CC1
C1=CC(C2CCC2Cc2ccccc2C2=CCN2)CC1
C1=CC(C2CCC2Cc2ccccc2C2=CCN2)CC1
C1=CC(C2CCC2Oc2ccccc2C2=CCN2)CC1
C1=CC(C2CCCC2Oc2ccccc2C2=CCN2)CC1
C1=CC(C2CCC3CC=Cc4ccccc4OC32)CC1
C1=CC(C2CC3CC=Cc4ccccc4OC32)CC1
C1=CC(C2CC3CC=Cc4ccccc4OC32)CC1
C1=CC(C2CC3CC=Cc4ccccc4OC32)CC1
C1=CC(C2C3CC=Cc4ccccc4OC32)CC1
C1=CC(C2C3CC=Cc4ccccc4OC32)CC1
C1=CC(C2CCC=Cc3ccccc3O2)CC1
C1=CC(C2Oc3ccccc3C=CC3OC32)CC1
C1=CC(C2Oc3ccccc3C=CC3CC32)CC1
C1=CC(C2Oc3ccccc3C=CC3CC32)CC1
C1=CC(C2Oc3ccccc3C=CC3CC32)CC1
C1=CC(C2Oc3ccccc3C=CC3C=C32)CC1
C1=CC(C2Oc3ccccc3C=CC3C=C32)CC1
C1=CC(C2Oc3ccccc3C=CC3C=C32)CC1
C1=CC(C2Oc3ccccc3C=CC3C=C32)CC1
C1=CC(C2Oc3ccccc3C=CC3C=C32)CC1
C1=CC(C2Oc3ccccc3C=CC3C=C32)CC1
C1=CC(C2Oc3ccccc3C=CC3C=C32)CC1
C1=CC(C2Oc3ccccc3C=CC3C=C32)CC1
C1=CC(C2Oc3ccccc3C=CC3C=C32)CC1
C1=CC(C2Oc3ccccc3C=CC3C=C32)CC1
C1=CC(C2Oc3ccccc3C=CC3C=C32)CC1
C1=CC(C2Oc3ccccc3C=CC3C=C32)CC1
C1=CC(C2Oc3ccccc3C=CC3CCC=C32)CC1
C=C1CC=Cc2ccccc2OC1C1C=CCC1
C=C1CC=Cc2ccccc2OC1C1C=CCC1
C=C1CC=Cc2ccccc2OC1C1C=CCC1
C=C1CC=Cc2ccccc2OC1C1C=CCC1
C=C1CC=Cc2ccccc2OC1C1C=CCC1
C=C1CC=Cc2ccccc2OC1C1C=CCC1
C=C1CC=Cc2ccccc2OC1C1C=CCC1
C=C1CC=Cc2ccccc2OC1C1C=CCC1
C=C1CC=Cc2ccccc2OC1C1C=CCC1
C=C1CC=Cc2ccccc2OC1C1C=CCC1
C=C1CC=Cc2ccccc2OC1C1C=CCC1
C=C1CC=Cc2ccccc2OC1C1C=CCC1
C=C1CC=Cc2ccccc2OC1C1C=CCC1
C=C1CC=Cc2ccccc2OC1C1C=CCC1
C=C1CC=Cc2ccccc2OC1C1C=CCC1
C=C1CC=Cc2ccccc2OC1C1C=CCC1
C=C1CC=Cc2ccccc2OC1C1C=CCC1
C=C1CC=Cc2ccccc2OC1C1C=CCC1
C=C1CC=Cc2ccccc2OC1C1C=CCC1
C=C1CC=Cc2ccccc2OC1C1C=CCC1
C=C1CC=Cc2ccccc2OC1C1C=CCC1
O=C1CCC(=C2CC=Cc3ccccc3OC2C2C=CCC2)N1
O=C1CC(=C2CC=Cc3ccccc3OC2C2C=CCC2)N1
O=C1CC(=C2CC=Cc3ccccc3OC2C2C=CCC2)N1
O=C1NC1=C1CC=Cc2ccccc2OC1C1C=CCC1
O=C1NC1=C1C=Cc2ccccc2OC1C1C=CCC1
C1=CC(C2Oc3ccccc3C=CC2=C2CN2)CC1
C1=CC(C2Oc3ccccc3C=CC2=C2CC2)CC1
C1=CC(C2Oc3ccccc3C=CC2=C2CC2)CC1
C1=CC(C2Oc3ccccc3C=CC2=C2CC2)CC1
C1=CC(C2Oc3ccccc3C=CC2=C2CC2)CC1
C1=CC(C2Oc3ccccc3C=CC2=C2CC2)CC1
C1=CC(C2Oc3ccccc3C=CC2=C2CC2)CC1
C1=CC(C2Oc3ccccc3C=CC2=C2CC2)CC1
C1=CC(C2Oc3ccccc3C=CC2=C2CC2)CC1
C1=CC(C2Oc3ccccc3C=CC2=C2CC2)CC1
C1=CC(C2Oc3ccccc3C=CC2=C2CN2)CC1
C1=CC(C2Oc3ccccc3C=CC2=C2CN2)CC1
C1=CC(C2Oc3ccccc3C=CC2=C2CN2)CC1
C1=CC(C2Oc3ccccc3C=CC2=C2CN2)CC1
C1=CC(C2Oc3ccccc3C=CC2=C2CN2)CC1
C1=CC(C2Oc3ccccc3C=CC2=C2CN2)CC1
C1=CC(C2Oc3ccccc3C=CC2=C2CN2)CC1
C1=CC(C2Oc3ccccc3C=CC2=C2CN2)CC1
C1=CC(C2Oc3ccccc3C=CC2=C2CN2)CC1
C1=CC(C2Oc3ccccc3C=CC2=C2CN2)CC1
C1=CC(C2Oc3ccccc3C=CC2=C2CN2)CC1
C1=CC(C2Oc3ccccc3C=CC2=C2CN2)CC1
C1=CC(C2Oc3ccccc3C=CC2=C2CN2)CC1
C1=CC(C2Oc3ccccc3C=CC2=C2CN2)CC1
C1=CC(C2Oc3ccccc3C=CC2=C2CCN2)CC1
C1=CC(C2Oc3ccccc3C=CC2=C2CCN2)CC1
C1=CC(C2Oc3ccccc3C=CC2=C2CCN2)CC1
C1=CC(C2Oc3ccccc3C=CC2=C2CCN2)CC1
C1=CC(C2Oc3ccccc3C=CC2=C2CCN2)CC1
C1=CC(C2Oc3ccccc3C=CC2=C2CN2)CC1
C1=CC(C2Oc3ccccc3C=CC2=C2CN2)CC1
C1=CC(C2Oc3ccccc3C=CC2=C2CN2)CC1
C1=CC(C2Oc3ccccc3C=CC2=C2CN2)CC1
C1=CC(C2Oc3ccccc3C=CC2=C2CN2)CC1
C1=CC(C2Oc3ccccc3C=CC2=C2CN2)CC1
C1=CC(C2Oc3ccccc3C=CC2=C2CN2)CC1
C1=CC(C2Oc3ccccc3C=CC2=C2CN2)CC1
C1=CC(C2Oc3ccccc3C=CC2=C2CN2)CC1
C1=CC(C2Oc3ccccc3C=CC2=C2CN2)CC1
C1=CC(C2Oc3ccccc3C=CC2=C2CN2)CC1
C1=CC(C2Oc3ccccc3C=CC2=C2CN2)CC1
C1=CC(C2Oc3ccccc3C=CC2=C2CN2)CC1
C1=CC(C2Oc3ccccc3C=CC2=C2CN2)CC1
C1=CC(C2Oc3ccccc3C=CC2=C2CN2)CC1
C1=CC(C2Oc3ccccc3C=CC2=C2CN2)CC1
C1=CC(C2Oc3ccccc3C=CC2=C2CN2)CC1
C1=CC(C2Oc3ccccc3C=CC2=C2CN2)CC1
C1=CC(C2Oc3ccccc3C=CC2=C2CN2)CC1
C1=CC(C2Oc3ccccc3C=CC2=C2CN2)CC1
C1=CC(C2Oc3ccccc3C=CC2=C2CN2)CC1
C1=CC(C2Oc3ccccc3C=CC2=C2CN2)CC1
C1=CC(C2Oc3ccccc3C=CC2=C2CN2)CC1
C1=CC(C2Oc3ccccc3C=CC2=C2CN2)CC1
C1=CC(C2Oc3ccccc3C=CC2=C2CN2)CC1
C1=CC(C2Oc3ccccc3C=CC2=C2CN2)CC1
C1=CC(C2Oc3ccccc3C=CC2=C2CCN2)CC1
C1=CC(C2Oc3ccccc3C=CC2=C2CCN2)CC1
C1=CC(C2Oc3ccccc3C=CC2=C2CCN2)CC1
C1=CC(C2Oc3ccccc3C=CC2=C2CCN2)CC1
C1=CC(C2Oc3ccccc3C=CC2=C2CN2)CC1
C1=CC(C2Oc3ccccc3C=CC2=C2CN2)CC1
C1=CC(C2Oc3ccccc3C=CC2=C2CN2)CC1
C1=CC(C2Oc3ccccc3C=CC2=C2CN2)CC1
C1=CC(C2Oc3ccccc3C=CC2=C2CN2)CC1
C1=CC(C2Oc3ccccc3C=CC2=C2CN2)CC1
C1=CC(C2Oc3ccccc3C=CC2=C2CN2)CC1
C=C1C(=C2CN2)C(C2C=CCC2)Oc2ccccc21
C=C1C(=C2CN2)C(C2C=CCC2)Oc2ccccc21
C=C1C(=C2CN2)C(C2C=CCC2)Oc2ccccc21
C=C1C(=C2CN2)C(C2C=CCC2)Oc2ccccc21
C=C1C(=C2CCN2)C(C2C=CCC2)Oc2ccccc21
C=C1C(=C2CCN2)C(C2C=CCC2)Oc2ccccc21
C1=CC(C2Oc3ccccc3C3=CCCNC=C32)CC1
C1=CC(C2Oc3ccccc3C3=CCCNC=C32)CC1
C1=CC(C2Oc3ccccc3C3=CCCNC=C32)CC1
C1=CC(C2Oc3ccccc3C3=CCCNC=C32)CC1
C1=CNC=C2C(=C1)c1ccccc1OC2C1C=CCC1
C1=CNC=C2C(=C1)c1ccccc1OC2C1C=CCC1
C1=CNC=C2C(=C1)c1ccccc1OC2C1C=CCC1
C1=CNC=C2C(=C1)c1ccccc1OC2C1C=CCC1
C1=CNC=C2C(=C1)c1ccccc1OC2C1C=CCC1
C1=CNC=C2C(=C1)c1ccccc1OC2C1C=CCC1
C1=CCC=C2C(=C1)c1ccccc1OC2C1C=CCC1
C1=CCC=C2C(=C1)c1ccccc1OC2C1C=CCC1
C1=CCC(CN2CC2)=C2C(=C1)c1ccccc1OC2C1C=CCC1
C1=CC(C2Oc3ccccc3-c3cccc(CN4CC4)c32)CC1
C1=CC(C2Oc3ccccc3-c3cccc(CN4CC4)c32)CC1
C1=CC(C2Oc3ccccc3-c3cccc(C4C5CN54)c32)CC1
C1=CC(C2Oc3ccccc3-c3cccc(C4C5CN54)c32)CC1
C1=CC(C2Oc3ccccc3-c3cccc(C4C5CCN54)c32)CC1
C1=CC(C2Oc3ccccc3-c3cccc(C4CN4)c32)CC1
C1=CC(C2Oc3ccccc3-c3cccc(C4=NC4)c32)CC1
C1=CC(C2Oc3ccccc3-c3cccc(C4=NC4)c32)CC1
C1=CC(C2Oc3ccccc3-c3cccc(C4=NC4)c32)CC1
C1=CC(C2Oc3ccccc3-c3cccc(C4=NC4)c32)CC1
C1=CC(C2Oc3ccccc3-c3cccc(C4=NC4)c32)CC1
C1=CC(C2Oc3ccccc3-c3cccc(C4=CC4)c32)CC1
C1=CC(C2Oc3ccccc3-c3cccc(C4=CCN4)c32)CC1
C1=CC(C2Oc3ccccc3-c3cccc(C4=CCN4)c32)CC1
C1=CC(C2Oc3ccccc3-c3cccc(C4=CCN4)c32)CC1
C1=CC(C2Oc3ccccc3-c3cccc(C4=CCN4)c32)CC1
C1=CC(C2Oc3ccccc3-c3cccc(C4=CCN4)c32)CCC1
C1=CC(C2Oc3ccccc3-c3cccc(C4=CCN4)c32)CCC1
C1=CC(C2Oc3ccccc3-c3cccc(C4=CCN4)c32)CCC1
C1=CC(C2Oc3ccccc3-c3cccc(C4=CCN4)c32)CCCC1
C1=CC(C2Oc3ccccc3-c3cccc(C4=CCN4)c32)CCCC1
C1=CC(C2Oc3ccccc3-c3cccc(C4=CCN4)c32)CCCC1
C1=CC(C2Oc3ccccc3-c3cccc(C4=CCN4)c32)CCCC1
C1=CC(C2Oc3ccccc3-c3cccc(CC4=CCN4)c32)CCCC1
C1=CC(C2Oc3ccccc3-c3cccc(CC4=CCN4)c32)CCC1
C1=CC(C2Oc3ccccc3-c3cccc(CC4=CCN4)c32)CCC1
C1=CC(C2Oc3ccccc3-c3cccc(CC4=CCN4)c32)CC1
C1=CC(C2Oc3ccccc3-c3cccc(CC4=CCN4)c32)CC1
C1=CC(C2Oc3ccccc3-c3cccc(CC4=CCN4)c32)CC1
C1=CC(C2Oc3ccccc3-c3cccc(CC4=CCN4)c32)CC1
C1=CC(C2Oc3ccccc3-c3cccc(C4=CCN4)c32)CC1
C1=CC(C2Oc3ccccc3-c3cccc(C4=CCN4)c32)CC1
C1=CC(C2Oc3ccccc3-c3cccc(C4=CCN4)c32)CC1
C1=CC(C2Oc3ccccc3-c3cccc(C4=CCN4)c32)CC1
C1=CC(C2Oc3ccccc3-c3cccc(C4=CCN4)c32)CC1
C1=CC(C2Oc3ccccc3-c3cccc(C4=CCN4)c32)CC1
C1=CC(C2Oc3ccccc3-c3cccc(C4=CCN4)c32)CC1
C1=CC(C2Oc3ccccc3-c3cccc(C4=CCN4)c32)CC1
C1=CC(C2Oc3ccccc3-c3cccc(C4=CCN4)c32)CC1
C1=CC(C2Oc3ccccc3-c3cccc(C4=CCN4)c32)CCC1
C1=CC(C2Oc3ccccc3-c3cccc(C4=CCN4)c32)CCC1
C1=CC(C2Oc3ccccc3-c3cccc(C4=CCN4)c32)CCCC1
C1=CC(C2Oc3ccccc3-c3cccc(C4=CCN4)c32)CCCC1
C1=CC(C2Oc3ccccc3-c3cccc(C4=CCN4)c32)CCCC1
C1=CC(C2Oc3ccccc3-c3cccc(C4=CCN4)c32)CCCCC1
C1=CC(C2Oc3ccccc3-c3cccc(C4=CCN4)c32)CCCCC1
C1=CC(C2Oc3ccccc3-c3cccc(C4=CCN4)c32)CCCCC1
C1=CC(C2Oc3ccccc3-c3cccc(C4=CCN4)c32)CCCCC1
C1=CC(C2Oc3ccccc3-c3ccc4c(c32)C=CCN4)CCCCC1
C1=CC(C2Oc3ccccc3-c3ccc4c(c32)C=CCN4)CCCCC1
C1=CC(C2Oc3ccccc3-c3ccc4c(c32)C=CCN4)CCCC1
C1=CC(C2Oc3ccccc3-c3ccc4c(c32)C=CCN4)CCC1
C1=CC(C2Oc3ccccc3-c3ccc4c(c32)C=CCN4)CC1
C1=C2CCC3C4CCCC4CCC3C2Cc2cnn(-c3ccccc3)c21
C1=C2CCC3C4CCCC4CCC3C2Cc2cnn(-c3ccccc3)c21
C1=C2CCC3C4CCCC4CCC3C2Cc2cnn(-c3ccccc3)c21
C1=C2CCC3C4CCCC4CCC3C2Cc2cnn(-c3ccccc3)c21
C1=C2CCC3C4CCCC4CCC3C2Cc2cnn(-c3ccccc3)c21
C(=NNc1ccccc1)C1=CC=C2CCC3C4CCCC4CCC3C2C1
C(=NNc1ccccc1)C1=CC=C2CCC3C4CCCC4CCC3C12
C(=NNc1ccccc1)C1=CC=C2CCC3CCCCC3C12
C(=NNc1ccccc1)C1=CC=C2CCCCC12
C(=NNc1ccccc1)C1=CC=C2CCCCC12
C(=NNc1ccccc1)C1C=C2CCCCC21
C1=C2CCCCC2C1=NNc1ccccc1
C1=CC(=NNc2ccccc2)C1
C1=CC(=NNc2ccccc2)C1
C1=CC(=NNc2ccccc2)C1
C1=CNC(=NNc2ccccc2)C1
C1=CNC(=CNc2ccccc2)C1
C1=CNC(=CNc2ccccc2)C1
C1=CNC(=CNc2ccccc2)C1
C1=CNC(=CNc2ccccc2)C1
C1=CNC(=CNc2ccccc2)C1
C1=CNC(=CNc2ccccc2)C1
C1=CNC(=CNc2ccccc2)C1
C1=CNC(=CNc2ccccc2)C1
C1=CNC(=CNc2ccccc2)C1
C1=CNC(=CNc2ccccc2)C1
C1=CNC(=CNc2ccccc2)C1
C1=CNC(=CNc2ccccc2)C1
C1=CNC(=CNc2ccccc2)C1
C1=CNC(=CNc2ccccc2)C1
C1=CNC(=CNc2ccccc2)C1
C1=CNC(=CNc2ccccc2)C1
C1=CNC(=CNc2ccccc2)C1
C1=CNC(=CNc2ccccc2)C1
C1=CNC(=CNc2ccccc2)C1
C1=CNC(=CNc2ccccc2)C1
C1=CNC(=CNc2ccccc2)C1
C1=CNC(=CNc2ccccc2)C1
C1=CNC(=CNc2ccccc2)C1
C1=CNC(=CNc2ccccc2)C1
C1=CNC(=CNc2ccccc2)C1
C1=CNC(=CNc2ccccc2)C1
C1=CC(=CNc2ccccc2)N1
C1=CC(=CNc2ccccc2)N1
C1=CC(=CNc2ccccc2)N1
C1=CC(=CNc2ccccc2)N1
C(=CNc1ccccc1)=C1C=CN1
C(=CNc1ccccc1)=C1C=CN1
C(=CNc1ccccc1)=C1C=CN1
C1=CC(=CNc2ccccc2)N1
C1=CC(=CNc2ccccc2)N1
C1=CC(=CNc2ccccc2)N1
C1=CC(=CNc2ccccc2)N1
C1=CC(=CNc2ccccc2)N1
C1=CC(=CNc2ccccc2)N1
C1=CC(=CNc2ccccc2)N1
C1=CC(=CNc2ccccc2)N1
C1=CC(=CNc2ccccc2)N1
C1=CC(=CNc2ccccc2)N1
C1=CC(=CNc2ccccc2)N1
C1=CC(=CNc2ccccc2)N1
C1=CC(=CNc2ccccc2)N1
C=C1C=C(CCCCCc2ccccc2)N1
C=C1C=C(CCCCc2ccccc2)N1
C=C1C=C(CCCCc2ccccc2)N1
C=C1C=C(CCCCc2ccccc2)N1
C=C1C=C(CCCCc2ccccc2)N1
C=C1C=C(CCCCc2ccccc2)N1
c1ccc(CCCCc2ncc[nH]2)cc1
c1ccc(CCCCc2ncc[nH]2)cc1
c1ccc(CCCCc2ccc[nH]2)cc1
c1ccc(CCCCc2ccc[nH]2)cc1
c1ccc(CCCCc2ccc[nH]2)cc1
c1ccc(CCCCc2ccc[nH]2)cc1
c1ccc(CCCCc2ccc[nH]2)cc1
c1ccc(CCCCc2ccc[nH]2)cc1
c1ccc(CCCCc2cc3c([nH]2)CCC3)cc1
c1ccc(CCCCc2ccc[nH]2)cc1
c1ccc(CCCCc2ccc[nH]2)cc1
c1ccc(CCCCc2ccc[nH]2)cc1
c1ccc(CCCCc2ccc[nH]2)cc1
c1ccc(CCCCc2ccc[nH]2)cc1
c1ccc(CCCCc2ccc[nH]2)cc1
c1ccc(CCCCc2cc3ccccc3[nH]2)cc1
c1ccc(CCCCc2cc3ccccc3[nH]2)cc1
c1ccc(CCCCc2cc3ccccc3[nH]2)cc1
C=C(CCCCc1ccccc1)Nc1ccccc1
C=C(CCCCc1ccccc1)Nc1ccccc1
C1=C(CCCCc2ccccc2)Nc2ccccc2C1
C1=C(CCCCc2ccccc2)Nc2ccccc2C1
C1=C(CCCCc2ccccc2)Nc2ccccc2C1
c1ccc(CCCCc2cc3ccccc3[nH]2)cc1
O=C(Nc1ccc2c(c1)OCO2)OC1CNc2ccc(-c3cccc4cc[nH]c34)cc2C1
O=C(Nc1ccc2c(c1)OCO2)OC1CNc2ccc(-c3cccc4cc[nH]c34)cc2C1
O=C(Nc1ccc2c(c1)OCO2)OC1CNc2ccc(-c3cccc4cc[nH]c34)cc2C1
O=C(Nc1ccc2c(c1)OCO2)OC1CNc2ccc(-c3cccc4c3NC4)cc2C1
O=C(Nc1ccc2c(c1)OCO2)OC1CNc2ccc(-c3cccc4c3NC4)cc2C1
O=C(Nc1ccc2c(c1)OCO2)OC1CNc2ccc(-c3ccccc3)cc2C1
O=C(Nc1ccc2c(c1)OCO2)OC1CNc2ccccc2C1CCc1ccccc1
O=C(Nc1cccc2c1CO2)OC1CNc2ccccc2C1CCc1ccccc1
O=C(Nc1cccc2c1CC2)OC1CNc2ccccc2C1CCc1ccccc1
O=C(Nc1cccc2c1CC2)OC1CNc2ccccc2C1CCc1ccccc1
O=C(Nc1cccc2c1CC2)OC1CNc2ccccc2C1CCc1ccccc1
O=C(Nc1cccc2c1CC2)OC1CNc2ccccc2C1CCc1ccccc1
O=C(Nc1cccc2c1CC2)OC1CNc2ccccc2C1CCC1=CC=CC1
O=C(Nc1cccc2c1CCC2)OC1CNc2ccccc2C1CCC1=CC=CC1
O=C(Nc1cccc2c1CCC2)OC1CNc2ccccc2C1CCC1C=CC1
O=C(Nc1cccc2c1CCC2)OC1CNc2ccccc2C1CCC1CC1
O=C(OC1CNc2ccccc2C1CCC1CC1)c1ccc2c(c1)CCC2
O=C(OC1CNc2ccccc2C1CCC1CC1)c1ccc2c(c1)CCC2
O=C(OC1CNc2ccccc2C1CCCC1CC1)c1ccc2c(c1)CCC2
O=C(OC1CNc2ccccc2C1CCCC1CC1)c1ccc2c(c1)CCCC2
O=C(OC1CNCc2ccccc2C1CCCC1CC1)c1ccc2c(c1)CCCC2
O=C(OC1CNCc2ccccc2C1CCCC1CC1)c1ccc2c(c1)CCCC2
O=C(OC1CNCc2ccccc2C1CCCC1CC1)c1ccc2c(c1)CCCC2
c1ccc2c(c1)CNCC(OCc1ccc3c(c1)CCCC3)C2CCCC1CC1
c1ccc2c(c1)NCC(OCc1ccc3c(c1)CCCC3)C2CCCC1CC1
c1ccc2c(c1)NCC(OCc1ccc3c(c1)CCCC3)C2CCCC1CC1
c1ccc2c(c1)NCC(OCc1ccc3c(c1)CCCC3)C2CCCC1CC1
c1ccc(N2CC(CCCC3CC3)C(OCc3ccc4c(c3)CCCC4)C2)cc1
c1ccc(N2CCC(CCCC3CC3)C2Cc2ccc3c(c2)CCCC3)cc1
c1ccc(N2CCCC(CCCC3CC3)C2Cc2ccc3c(c2)CCCC3)cc1
c1ccc(N2CCCC(CCCC3CC3)C2Cc2ccc3c(c2)CCCC3)cc1
c1ccc(N2CCCC(CCCC3CC3)C2Cc2ccc3c(c2)CCCC3)cc1
c1ccc(N2CCCC(CCCC3CC3)C2Cc2ccc3c(c2)CCCC3)cc1
c1ccc(N2CCCC(CCCC3CC3)C(Cc3ccc4c(c3)CCCC4)C2)cc1
c1ccc(N2CCCC(CCCC3CC3)C(c3ccc4c(c3)CCCC4)C2)cc1
c1ccc(N2CCCCC(CCCC3CC3)C(c3ccc4c(c3)CCCC4)C2)cc1
c1ccc(N2CCCCC(CCCC3CC3)C(c3ccc4c(c3)CCCC4)C2)cc1
C1=C(C2CN(c3ccccc3)CCCCC2CCCC2CC2)CC2=C1CCCC2
C1=C(C2CN(c3ccccc3)CCCCC2CCCC2CC2)CC2=C1CCC2
C1=C(C2CN(c3ccccc3)CCCCC2CCCC2CC2)CC2=C1CC2
C1=C(C2CN(c3ccccc3)CCCCC2CCCC2CC2)CCC2=C1CC2
C1=C(C2CN(c3ccccc3)CCCCC2CCCC2CC2)CCCC2=C1CC2
C1=C(C2CN(c3ccccc3)CCCCC2CCCC2CC2)CCCCC2=C1CC2
C1=CC2=C1C=C(C1CN(c3ccccc3)CCCCC1CCCC1CC1)CCCC2
C1=CC2=C1C=C(C1CN(c3ccccc3)CCCC1CCCC1CC1)CCCC2
C1=CC2=C1C=C(C1CN(c3ccccc3)CCC1CCCC1CC1)CCCC2
C1=CC2=C1C=C(C1CN(c3ccccc3)CCC1CCCC1CC1)CCC2
C1=NC2=C1CCCC(C1CN(c3ccccc3)CCC1CCCC1CC1)=C2
C1=NC2=C1CCCC(C1CCN(c3ccccc3)CCC1CCCC1CC1)=C2
C1=NC2=C1CCCC(C1CCN(c3ccccc3)CCCC1CCCC1CC1)=C2
C1=NC2=C1CCCCC(C1CCN(c3ccccc3)CCCC1CCCC1CC1)=C2
C1=C(C2CCN(c3ccccc3)CCCC2CCCC2CC2)CCCCc2cn[nH]c21
C1=C(C2CN(c3ccccc3)CCCC2CCCC2CC2)CCCCc2cn[nH]c21
C1=C(C2CN(c3ccccc3)CCC2CCCC2CC2)CCCCc2cn[nH]c21
C1=C(C2CNCCC2CCCC2CC2)CCCCc2cnn(-c3ccccc3)c21
C1=C(C2CCCCC2CCCC2CC2)CCCCc2cnn(-c3ccccc3)c21
C1=C(C2CCCCC2CCCC2CCC2)CCCCc2cnn(-c3ccccc3)c21
C1=C(C2CCCCC2CCCC2CCC2)CCCc2cnn(-c3ccccc3)c21
C1=C(C2CCCC2CCCC2CCC2)CCCc2cnn(-c3ccccc3)c21
C1=C(C2CCCC2CCCC2CCC2)CCc2cnn(-c3ccccc3)c21
C1=C(C2CCCC2CCCC2CC2)CCc2cnn(-c3ccccc3)c21
C1=C(C2CCCCC2CCCC2CC2)CCc2cnn(-c3ccccc3)c21
C1=C2CCCC(CCCC3CC3)C2CCCc2cnn(-c3ccccc3)c21
C1=C2CCCC(CCCC3CC3)C2CCc2cnn(-c3ccccc3)c21
C1=C2CCCC(CCCC3CC3)C2Cc2cnn(-c3ccccc3)c21
O=C(Nc1ccc2c(c1)OCO2)OC1CNc2ccc(-c3cccc4cc[nH]c34)cc2C1
O=C(Nc1ccc2c(c1)OCO2)OC1CNc2ccc(-c3cccc4cc[nH]c34)cc2C1
O=C(Nc1ccc2c(c1)OCO2)OC1CNc2ccc(-c3cccc4cc[nH]c34)cc2C1
O=C(Nc1ccc2c(c1)OCO2)OC1CNc2ccc(-c3cccc4cc[nH]c34)cc2C1
O=C(Cc1ccc2c(c1)OCO2)OC1CNc2ccc(-c3cccc4cc[nH]c34)cc2C1
O=C(OC1CNc2ccc(-c3cccc4cc[nH]c34)cc2C1)c1ccc2c(c1)OCO2
O=C(OC1CNc2ccc(-c3cccc4cc[nH]c34)cc2C1)c1ccccc1
O=C(OC1CNc2ccc(-c3cccc4cc[nH]c34)cc2C1)c1ccccc1
O=C(OC1CCc2cc(-c3cccc4cc[nH]c34)ccc2NC1)c1ccccc1
O=C(OC1CCCN(c2ccc(-c3cccc4cc[nH]c34)cc2)C1)c1ccccc1
O=C(OC1CCCN(C=CC=Cc2cccc3cc[nH]c23)C1)c1ccccc1
O=C(OC1CCCN(C=CC=Cc2cccc3cc[nH]c23)C1)c1ccccc1
O=C(OC1CCCN(C=CC=Cc2cccc3cc[nH]c23)C1)c1ccccc1
O=C(OC1CCCN(C=CC=Cc2cccc3cc[nH]c23)C1)c1ccccc1
O=C(OC1CCCN(C=CC=Cc2cccc3cc[nH]c23)C1)c1ccccc1
O=C(OC1CCCN(C=C2CC2=Cc2cccc3cc[nH]c23)C1)c1ccccc1
O=C(OC1CCCN(C=C2CC2=Cc2ccccc2)C1)c1ccccc1
O=C(OC1CCCN(C=C2CC2Cc2ccccc2)C1)c1ccccc1
O=C(OC1CCCN(C=C2CC2Cc2ccccc2)C1)c1ccccc1
O=C(OC1CCCN(C=C2CC(Cc3ccccc3)C2)C1)c1ccccc1
O=C(OC1CCCN(C=C2CC(Cc3ccccc3)C2)C1)c1ccccc1
O=C(OC1CCCN(C=C2CC(c3ccccc3)C2)C1)c1ccccc1
O=C(OC1CCCN(C=C2CC(c3ccccc3)C2)C1)c1ccccc1
O=C(OC1CCCN(C=C2CC(c3ccccc3)C2)C1)c1ccccc1
O=C(OC1CCCN(C=C2CC(c3ccccc3)C2)C1)c1ccccc1
O=C(OC1CCCN(C=C2CC(c3ccccc3)C2)C1)c1ccccc1
O=C(OC1CCCN(C=C2CC(c3ccccc3)CO2)C1)c1ccccc1
O=C(OC1CCCN(C=C2CC(c3ccccc3)CO2)C1)c1ccccc1
O=C(OC1CCCN(C=C2COCC(c3ccccc3)C2)C1)c1ccccc1
O=C(OC1CCCN(C=C2COCC(c3ccccc3)C2)C1)c1ccccc1
O=C(OC1CCCN(C=C2COCC(c3ccccc3)C2)C1)c1ccccc1
O=C(OC1CCCN(C=C2COCC(c3ccccc3)C2)C1)c1ccccc1
O=C(OC1CCCN(C=C2COCCC(c3ccccc3)C2)C1)c1ccccc1
O=C(OC1CCCN(C=C2COCCCC(c3ccccc3)C2)C1)c1ccccc1
O=C(OC1CCCN(C=C2COCCCC(c3ccccc3)C2)C1)c1ccccc1
O=C(OC1CCCN(C=C2COCCCC(c3ccccc3)C2)C1)c1ccccc1
O=C(OC1CCCN(C=C2COCCCC(c3ccc(C4CC4)cc3)C2)C1)c1ccccc1
O=C(OC1CCCN(C=C2COCCCC(c3ccc(C4CC4)cc3)C2)C1)c1ccccc1
O=C(OC1CCCN(C=C2COCCCC(c3ccc(C4CC4)cc3)C2)C1)c1ccccc1
O=C(OC1CCCN(C=C2COCCCC(c3ccc(C4CC4)cc3)C2)C1)c1ccccc1
O=C(OC1CCCN(C=C(CCc2ccc(C3CC3)cc2)C2CCCO2)C1)c1ccccc1
O=C(OC1CCCN(C=C(CCc2ccc(C3CC3)cc2)C2CCCCO2)C1)c1ccccc1
O=C(OC1CCCN(C=C(CCc2ccc(C3CC3)cc2)C2CCCCO2)C1)c1ccccc1
O=C(OC1CCCN(C=C(CCc2ccc(C3CC3)cc2)C2CCCO2)C1)c1ccccc1
O=C(OC1CCCCN(C=C(CCc2ccc(C3CC3)cc2)C2CCCO2)C1)c1ccccc1
O=C(OC1CCCCN(C=C(OCc2ccc(C3CC3)cc2)C2CCCO2)C1)c1ccccc1
O=C(OC1CCCCN(C=C(NCc2ccc(C3CC3)cc2)C2CCCO2)C1)c1ccccc1
O=C(OC1CCCCN(C=C(NCc2ccc(C3CC3)cc2)C2CCCO2)C1)c1ccccc1
O=C(OC1CCCN(C=C(NCc2ccc(C3CC3)cc2)C2CCCO2)C1)c1ccccc1
O=C(OC1CCCN(C=C(NCc2ccc(C3CCC3)cc2)C2CCCO2)C1)c1ccccc1
O=C(OC1CCCN(C=C(NCc2ccc(C3CCC3)cc2)C2CCCO2)C1)c1ccccc1
O=C(OC1CCCN(C=C(NCc2ccc(C3CC3)cc2)C2CCCO2)C1)c1ccccc1
O=C(OC1CCCN(C=C(NCc2ccc(C3CC3)cc2)C2CCCO2)C1)c1ccccc1
O=C(OC1CCCN(C=C(NCCc2ccc(C3CC3)cc2)C2CCCO2)C1)c1ccccc1
O=C(OC1CCCN(C=C(NCCc2ccc(C3CC3)cc2)C2CCCO2)C1)c1ccccc1
O=C(OC1CCCN(C=C(NCCc2ccc(C3CCC3)cc2)C2CCCO2)C1)c1ccccc1
O=C(OC1CCCN(C=C(NCCc2ccc(C3CCC3)cc2)C2CCCO2)C1)c1ccccc1
O=C(OC1CCCN(C=C(NCCc2ccc(C3CCC3)cc2)C2CCCO2)C1)c1ccccc1
O=C(OC1CCCN(C=C(NCCc2ccc(C3CC3)cc2)C2CCCO2)C1)c1ccccc1
O=C(OC1CCCN(C=C(NCCc2ccc(C3CC3)cc2)C2CCCO2)C1)c1ccccc1
O=C(OC1CCCN(C=C(NCCc2ccc(C3CC3)cc2)C2CCCO2)C1)c1ccccc1
O=C(OC1CCCCN(C=C(NCCc2ccc(C3CC3)cc2)C2CCCO2)C1)c1ccccc1
O=C(OC1CCCCN(C=C(NCCc2ccc(C3CC3)cc2)C2CCCO2)C1)c1ccccc1
O=C(OC1CCCCN(C=C(NCCc2ccc(C3CC3)cc2)C2CCCO2)C1)c1ccccc1
O=C(OC1CCCN(C=C(NCCc2ccc(C3CC3)cc2)C2CCCO2)C1)c1ccccc1
O=C(OC1CCCN(C=C(NCCc2ccc(C3CCC3)cc2)C2CCCO2)C1)c1ccccc1
O=C(OC1CCCN(C=C(NCCc2ccc(C3CCC3)cc2)C2CCCO2)C1)c1ccccc1
O=C(OC1CCCN(C=C(NCCc2ccc(C3CCC3)cc2)C2CCCO2)C1)c1ccccc1
O=C(OC1CCCN(C=C(NCCc2ccc(C3CCC3)cc2)C2CCCCO2)C1)c1ccccc1
O=C(OC1CCCN(C=C(NCCc2ccc(C3CCC3)cc2)C2CCCCO2)C1)c1ccccc1
O=C(OC1CCCN(C=C(NCCc2ccc(C3CCC3)cc2)C2CCCCO2)C1)c1ccccc1
O=C(OC1CCCN(C=C(NCCc2ccc(C3CC3)cc2)C2CCCCO2)C1)c1ccccc1
O=C(OC1CCCN(C=C(NCCc2ccc(C3CC3)cc2)C2CCCCO2)C1)c1ccccc1
O=C(OC1CCCN(C=C(NCCc2ccc(C3CC3)cc2)C2CCCO2)C1)c1ccccc1
O=C(OC1CCCN(C=C(NCCc2ccc(C3CC3)cc2)C2CCCO2)C1)c1ccccc1
O=C(OC1CCCN(C=C(NCCc2ccc(C3CC3)cc2)C2CCCO2)C1)c1ccccc1
O=C(OC1CCCN(C=C(NCCc2ccc(C3CC3)cc2)C2CCCO2)C1)c1ccccc1
O=C(OC1CCCN(C=C(NCCc2ccc(C3CC3)cc2)C2CCCO2)C1)c1ccccc1
O=C(OC1CCCN(C=C(NCCc2ccc(C3CC3)cc2)C2CCCO2)C1)c1ccccc1
O=C(OC1CCCN(C=C(NCCc2ccc(C3CC3)cc2)C2CCCO2)C1)c1ccccc1
O=C(OC1CCCN(C=C(NCCc2ccc(C3CC3)cc2)C2CCCO2)C1)c1ccccc1
O=C(OC1CCN(C=C(NCCc2ccc(C3CC3)cc2)C2CCCO2)C1)c1ccccc1
O=C(OC1CCN(C=C(NCCc2ccc(C3CC3)cc2)C2CCCO2)C1)c1ccccc1
O=C(OC1CCCN(C=C(NCCc2ccc(C3CC3)cc2)C2CCCO2)C1)c1ccccc1
O=C(OC1CCCN(C=C(NCCc2ccc(C3CC3)cc2)C2CCCO2)C1)c1ccccc1
O=C(OC1CCCN(C=C(NCCc2ccc(C3CC3)cc2)C2CCCO2)C1)c1ccccc1
O=C(OC1CCCN(C=C(NCCc2ccc(C3CC3)cc2)C2CCCO2)C1)c1ccccc1
O=C(OC1CCCN(C=C(NCCc2ccc(C3CC3)cc2)C2CCCO2)C1)c1ccccc1
O=C(OC1CCCN(C=C(NCCc2ccc(C3CC3)cc2)C2CCCO2)C1)c1ccccc1
O=C(OC1CCCN(C=C(NCCc2ccc(C3CC3)cc2)C2CCCO2)C1)c1ccccc1
O=C(OC1CCCN(C(=C(NCCc2ccc(C3CC3)cc2)C2CCCO2)C2CCCC2)C1)c1ccccc1
O=C(OC1CCCN(C(=C(NCCc2ccc(C3CC3)cc2)C2CCCCO2)C2CCCC2)C1)c1ccccc1
O=C(OC1CCCN(C(=C(NCCc2ccc(C3CC3)cc2)C2CCCCO2)C2CCCO2)C1)c1ccccc1
O=C(OC1CCCN(C(=C(NCCc2ccc(C3CC3)cc2)C2CCCCO2)C2CCCO2)C1)c1ccccc1
O=C(OC1CCCN(C(=C(NCCc2ccc(C3CC3)cc2)C2CCCCC2)C2CCCO2)C1)c1ccccc1
O=C(OC1CCCN(C(=C(NCCc2ccc(C3CC3)cc2)C2CCCC2)C2CCCO2)C1)c1ccccc1
O=C(OC1CCCN(C(=C(NCCc2ccc(C3CC3)cc2)C2CCCC2)C2CCCO2)C1)c1ccccc1
O=C(OC1CCCN(C(=C(NCCc2ccc(C3CC3)cc2)C2CCC2)C2CCCO2)C1)c1ccccc1
O=C(OC1CCCN(C(=C(NCCc2ccc(C3CC3)cc2)C2CCC2)C2CCCO2)C1)c1ccccc1
O=C(OC1CCCN(C(=C(NCCc2ccc(C3CC3)cc2)C2CCC2)C2CCCCO2)C1)c1ccccc1
O=C(OC1CCCN(C(=C(NCCc2ccc(C3CC3)cc2)C2CCC2)C2CCCCCO2)C1)c1ccccc1
O=C(OC1CCCN(C(=C(NCCc2ccc(C3CC3)cc2)C2CC2)C2CCCCCO2)C1)c1ccccc1
O=C(OC1CCCN(C(=C(NCCc2ccc(C3CC3)cc2)C2CC2)C2CCCCO2)C1)c1ccccc1
O=C(OC1CCCN(C(=CNCCc2ccc(C3CC3)cc2)C2CCCCO2)C1)c1ccccc1
O=C(OC1CCCN(C(=CNCCc2ccc(C3CC3)cc2)C2CCCCO2)C1)c1ccccc1
O=C(OC1CCCN(C(=CNCCc2ccc(C3CC3)cc2)C2CCCO2)C1)c1ccccc1
O=C(OC1CCCN(C(=CNCCc2ccc(C3CC3)cc2)C2CCCO2)C1)c1ccccc1
O=C(OC1CCCN(C(=CNCCc2ccc(C3CC3)cc2)C2CCCO2)C1)c1ccccc1
C=C(C1CCCO1)N1CCCC(OC(=O)c2ccc(OCNCCc3ccc(C4CC4)cc3)cc2)C1
C=C(C1CCCO1)N1CCCC(OC(=O)c2ccc(OCNCCc3ccc(C4CC4)cc3)cc2)C1
C=C(C1CCCO1)N1CCCC(OC(=O)c2ccc(OCCCCc3ccc(C4CC4)cc3)cc2)C1
C=C(C1CCCO1)N1CCCC(OC(=O)c2ccc(OCCCCc3ccc(C4CC4)cc3)cc2)C1
C=C(C1CCCO1)N1CCCC(OC(=O)c2ccc(OCCCCc3ccc(C4CC4)cc3)cc2)C1
O=C(OC1CCCN(C(=O)C2CCCO2)C1)c1ccc(OCCCCc2ccc(C3CC3)cc2)cc1
O=C(OC1CCCN(C(=O)C2CCCO2)C1)c1ccc(OCCCCc2ccc(C3CC3)cc2)cc1
O=C(OC1CCCN(C(=O)C2CCCO2)C1)c1ccc(OCCCCc2ccc(C3CC3)cc2)cc1
O=C(OC1CCCN(C(=O)C2CCCO2)C1)c1ccc(OCCCCc2ccc(C3CC3)cc2)cc1
O=C(OC1CCCN(C(=O)C2CCCO2)C1)c1ccc(OCCCc2ccc(C3CC3)cc2)cc1
O=C(OC1CCCN(C(=O)C2CCCO2)C1)c1ccc(OCCCc2ccc(C3CC3)cc2)cc1
O=C(OC1CCCN(C(=O)C2CCCCO2)C1)c1ccc(OCCCc2ccc(C3CC3)cc2)cc1
O=C(OC1CCCN(C(=O)C2CCCCO2)C1)c1ccc(OCCCc2ccc(C3CC3)cc2)cc1
O=C(OC1CCCN(C(=O)C2CCCCCO2)C1)c1ccc(OCCCc2ccc(C3CC3)cc2)cc1
O=C(OC1CCCN(C(=O)C2CCCCCO2)C1)c1ccc(OCCCc2ccc(C3CC3)cc2)cc1
O=C(OC1CCCN(C(=O)C2CCCCCO2)C1)c1ccc(OCCCc2ccc(C3CC3)cc2)cc1
O=C(OC1CCCN(C(=O)C2CCCCCO2)C1)c1ccc(OCCCc2ccc(C3CC3)cc2)cc1
O=C(OC1CCCN(C(=O)C2CCCCO2)C1)c1ccc(OCCCc2ccc(C3CC3)cc2)cc1
O=C(OC1CCCN(C(=O)C2CCCCO2)C1)c1ccc(OCNCCc2ccc(C3CC3)cc2)cc1
O=C(OC1CCCN(C(=O)C2CCCCO2)C1)c1ccc(OCNCCc2ccc(C3CC3)cc2)cc1
O=C(OC1CCCN(C(=O)C2CCCO2)C1)c1ccc(OCNCCc2ccc(C3CC3)cc2)cc1
O=C(NCCc1ccc(C2CC2)cc1)Oc1ccc(C(=O)OC2CCCN(C(=O)C3CCCO3)C2)cc1
O=C(OC1CCCN(C(=O)C2CCCO2)C1)c1ccc(OOCc2ccc(C3CC3)cc2)cc1
O=C(OC1CCCN(C(=O)C2CCO2)C1)c1ccc(OOCc2ccc(C3CC3)cc2)cc1
O=C(OC1CCCN(C(=O)C2CCO2)C1)c1ccc(OCc2ccc(C3CC3)cc2)cc1
O=C(OC1CCCN(C(=O)C2CCO2)C1)c1ccc(OCc2ccc(C3CC3)cc2)cc1
O=C(OC1CCCN(C(=O)C2CCO2)C1)c1ccc(OCc2ccc(C3CC3)cc2)cc1
O=C(OC1CCCN(C(=O)C2CCO2)C1)c1ccc(OCc2ccc(C3CC3)cc2)cc1
O=C(OC1CCCN(C(=O)C2CCO2)C1)c1ccc(OCc2ccc(C3CC3)cc2)cc1
O=C(OC1CCCN(C(=O)C2CCO2)C1)c1ccc(OCc2ccc(C3CC3)cc2)cc1
O=C(OC1CCCN(C(=O)C2CCO2)C1)c1ccc(OCc2ccc(C3CC3)cc2)cc1
O=C(OC1CCCN(C(=O)C2CCCO2)C1)c1ccc(OCc2ccc(C3CC3)cc2)cc1
O=C(OC1CCCN(C(=O)C2CCCO2)C1)c1ccc(OCc2ccc(C3CC3)cc2)cc1
O=C(OC1CCCN(C(=O)C2CCCO2)C1)c1ccc(OCc2ccc(C3CC3)cc2)cc1
O=C(OC1CCCN(C(=O)C2CCCO2)C1)c1ccc(OCc2ccc(C3CC3)cc2)cc1
O=C(OC1CCCN(C(=O)C2CCCO2)C1)c1ccc(OCc2ccc(C3CC3)cc2)cc1
O=C(OC1CCCN(C(=O)C2CCCO2)C1)c1ccc(OCc2ccc(C3CC3)cc2)cc1
O=C(OC1CCCN(C(=O)C2CCCO2)C1)c1ccc(OCc2ccc(C3CC3)cc2)cc1
O=C(OC1CCCN(C(=O)C2CCCO2)C1)c1ccc(OCc2ccc(C3CC3)cc2)cc1
O=C(OC1CCCN(C(=O)C2CCCO2)C1)c1ccc(OCc2ccc(C3CC3)cc2)cc1
O=C(OC1CCCN(C(=O)C2CCCO2)C1)c1ccc(OCc2ccc(C3CC3)cc2)cc1
O=C(OC1CCCN(C(=O)C2CCCO2)C1)c1ccc(OCc2ccc(C3CC3)cc2)cc1
C=C(NCC(Oc1ccc(C(=O)OC2CCCN(C(=O)C3CCCO3)C2)cc1)c1ccc(C2CC2)cc1)C1CCO1
C=C(NCC(Oc1ccc(C(=O)OC2CCCN(C(=O)C3CCCO3)C2)cc1)c1ccc(C2CC2)cc1)C1CCCO1
C=C(NCC(Oc1ccc(C(=O)OC2CCCN(C(=O)C3CCCO3)C2)cc1)c1ccc(C2CC2)cc1)C1CCCCO1
C=C(NCC(Oc1ccc(C(=O)OC2CCCN(C(=O)C3CCCC3)C2)cc1)c1ccc(C2CC2)cc1)C1CCCCO1
C=C(NCC(Oc1ccc(C(=O)OC2CCCN(C(=O)C3CCCC3)C2)cc1)c1ccc(C2CC2)cc1)C1CCCO1
C=C(NCC(Oc1ccc(C(=O)OC2CCCN(C(=O)C3CCCCC3)C2)cc1)c1ccc(C2CC2)cc1)C1CCCO1
C=C(NCC(Oc1ccc(C(=O)OC2CCCN(C(=O)C3CCCCCC3)C2)cc1)c1ccc(C2CC2)cc1)C1CCCO1
C=C(NCC(Oc1ccc(C(=O)OC2CCCN(C(=O)C3CC4CCC4C3)C2)cc1)c1ccc(C2CC2)cc1)C1CCCO1
C=C(NCC(Oc1ccc(C(=O)OC2CCCN(C(=O)C3CCC4CCC4C3)C2)cc1)c1ccc(C2CC2)cc1)C1CCCO1
O=C(OC1CCCN(C(=O)C2CCC3CCC3C2)C1)c1ccc(OC(CNC(=O)C2CCCO2)c2ccc(C3CC3)cc2)cc1
O=C(OC1CCCN(C(=O)C2CCCCC2)C1)c1ccc(OC(CNC(=O)C2CCCO2)c2ccc(C3CC3)cc2)cc1
O=C(OC1CCCN(C(=O)C2CCCCC2)C1)c1ccc(OC(CNC(=O)C2CCCO2)c2ccc(C3CC3)cc2)cc1
O=C(OC1CCCN(C(=O)C2CCCCCC2)C1)c1ccc(OC(CNC(=O)C2CCCO2)c2ccc(C3CC3)cc2)cc1
O=C(OC1CCCN(C(=O)C2CCCCCC2)C1)c1ccc(OC(CNC(=O)C2CCCO2)c2ccc(C3CC3)cc2)cc1
O=C(OC1CCCN(C(=O)C2CCCCCC2)C1)c1ccc(OC(CNC(=O)C2CCCO2)c2ccc(C3CC3)cc2)cc1
O=C(OC1CCCN(C(=O)C2CCCCCC2)C1)c1ccc(OC(CNC(=O)C2CCCO2)c2ccc(C3CC3)cc2)cc1
O=C(OC1CCCN(C(=O)C2CCCCCC2)C1)c1ccc(OC(CNC(=O)C2CCCO2)c2ccc(C3CC3)cc2)cc1
O=C(OC1CCCN(C(=O)C2CCCCCC2)C1)c1ccc(OC(CNC(=O)C2CCCO2)c2ccc(C3CC3)cc2)cc1
O=C(OC1CCCN(C(=O)C2CCCCC2)C1)c1ccc(OC(CNC(=O)C2CCCO2)c2ccc(C3CC3)cc2)cc1
O=C(OC1CCCN(C(=O)C2CCCC2)C1)c1ccc(OC(CNC(=O)C2CCCO2)c2ccc(C3CC3)cc2)cc1
O=C(OC1CCCN(C(=O)C2CCC2)C1)c1ccc(OC(CNC(=O)C2CCCO2)c2ccc(C3CC3)cc2)cc1
O=C(OC1CCCN(C(=O)C2CCOC2)C1)c1ccc(OC(CNC(=O)C2CCCO2)c2ccc(C3CC3)cc2)cc1
O=C(OC1CCCN(C(=O)C2CCOC2)C1)c1ccc(OC(CNC(=O)C2CCCO2)c2ccc(C3CC3)cc2)cc1
O=C1CC(C(=O)N2CCCC(OC(=O)c3ccc(OC(CNC(=O)C4CCCO4)c4ccc(C5CC5)cc4)cc3)C2)CO1
O=C(Nc1ccc2c(c1)OCO2)OC1CNc2ccc(-c3cccc4cc[nH]c34)cc2C1
O=C(Nc1ccc2c(c1)OCO2)OC1CNc2ccc(-c3ccccc3)cc2C1
O=C(Cc1ccc2c(c1)OCO2)OC1CNc2ccc(-c3ccccc3)cc2C1
c1ccc(-c2ccc3c(c2)CC(OCCc2ccc4c(c2)OCO4)CN3)cc1
c1ccc(-c2cccc(C3CNCC3OCCc3ccc4c(c3)OCO4)c2)cc1
c1ccc(-c2cccc(C3CNCC3OCc3ccc4c(c3)OCO4)c2)cc1
c1ccc(-c2cccc(C3CNCCC3OCc3ccc4c(c3)OCO4)c2)cc1
c1ccc(-c2cccc(C3CNCCC3OCc3ccc4c(c3)OCO4)c2)cc1
c1ccc(-c2cccc(C3CNCCC3OCc3ccc4c(c3)OCO4)c2)cc1
c1ccc(-c2cccc(C3CCCCC3OCc3ccc4c(c3)OCO4)c2)cc1
c1ccc(-c2cccc(C3CCCCC3OCc3ccc4c(c3)OCO4)c2)cc1
c1ccc(COC2CCCCC2c2cccc(-c3ccccc3)c2)cc1
c1ccc(CCc2cccc(C3CCCCC3OCc3ccccc3)c2)cc1
c1ccc(CCc2cccc(C3CCCCC3OCc3ccccc3)c2)cc1
c1ccc(COCc2cccc(C3CCCCC3OCc3ccccc3)c2)cc1
C1=CC(C2CCCCC2OCc2ccccc2)C=C1COCc1ccccc1
C1=CC(C2CCCCC2OCc2ccccc2)C=C1COCc1ccccc1
C1=CC(C2CCCCC2OCc2ccccc2)C=C1COCc1ccccc1
C1=CC(C2CCCCC2OCc2ccccc2)C=C1COCc1ccccc1
C1=CC(C2CCCCC2OCc2ccccc2)C1COCc1ccccc1
c1ccc(COCC2CC2C2CCCCC2OCc2ccccc2)cc1
c1ccc(COCC2CCC2C2CCCCC2OCc2ccccc2)cc1
c1ccc(COCC2CCC2C2CCCC2OCc2ccccc2)cc1
c1ccc(COCC2CCC2C2CCCC2OCc2ccccc2)cc1
c1ccc(COCC2CCC2C2CCC2OCc2ccccc2)cc1
c1ccc(COCC2CCC2C2CCC2OCc2ccccc2)cc1
c1ccc(COCC2CCC2C2CCC2OCc2ccccc2)cc1
c1ccc(COC2CC3CC(OCc4ccccc4)C3C3CCC23)cc1
c1ccc(COC2CC3C(OCc4ccccc4)C4CCC4C23)cc1
c1ccc(COC2CC3C(OCc4ccccc4)C4CCC4C23)cc1
c1ccc(COC2CC3C(OCc4ccccc4)C4CCC4C23)cc1
c1ccc(COC2CC3C(OCc4ccccc4)C4CCC4C23)cc1
c1ccc(COC2CC3C(OCc4ccccc4)C4CCC4C23)cc1
c1ccc(COC2CC3C(OCc4ccccc4)C4CCC4C23)cc1
c1ccc(COC2CC3C(OCc4ccccc4)C4CCC4C23)cc1
c1ccc(COC2CC3CCC3C3C(OCc4ccccc4)CC23)cc1
c1ccc(COC2CC3CCC3C3C(OCc4ccccc4)CC23)cc1
c1ccc(COC2CC3CCC3C3C(OCc4ccccc4)CC23)cc1
c1ccc(COC2CC3CCC3C3C(OCc4ccccc4)CC23)cc1
O=C1C2CCC2C2C(OCc3ccccc3)CC2C1OCc1ccccc1
O=C1C2CCC2C2C(OCc3ccccc3)CC2C1OCc1ccccc1
O=C1C2CCC2C2C(OCc3ccccc3)CC2C1OCc1ccccc1
O=C1C2CCC2C2C(OCc3ccccc3)CC2C1OCc1ccccc1
O=C1C2CCC2C2C(OCc3ccccc3)CC2C1OCc1ccccc1
O=C1C2CCC2C2C(OCc3ccccc3)CC2C1OCc1ccccc1
O=C1C2CCC2C2C(OCc3ccccc3)CC2C1OCc1ccccc1
O=C1C2CCC2C2C(OCc3ccccc3)CC2C1OCc1ccccc1
O=C1CC2CC(OCc3cccc(Cc4ccccc4)c3)C2C2CCC12
O=C1CC2CC(OCc3cccc(Cc4ccccc4)c3)C2C2CCC12
O=C1CC2CC(OCc3cccc(CCc4ccccc4)c3)C2C2CCC12
O=C1CC2CC(OCc3cccc(CCc4ccccc4)c3)C2C2CCC12
O=C1CC2CC(OCc3ccc(CCCc4ccccc4)cc3)C2C2CCC12
O=C1CC2CC(OCc3ccc(CCCc4ccccc4)cc3)C2C2CCC12
O=C1C2CCC2C2C(OCc3ccc(CCCc4ccccc4)cc3)CC2C1C1CO1
O=C1C2CCC2C2C(OCc3ccc(CCCc4ccccc4)cc3)CC2C1C1CC1
O=C1C2CCC2C2C(OCc3ccc(CCCc4ccccc4)cc3)CC2C1C1=CC1
O=C1C2CCC2C2C(OCc3ccc(CCc4ccccc4)cc3)CC2C1C1=CC1
O=C1C2CCC2C2C(OCc3ccc(CCc4ccccc4)cc3)CC2C1C1=CC1
O=C1C2CCC2C2C(OCc3ccc(Cc4ccccc4)cc3)CC2C1C1=CC1
O=C1CC2CC(OCc3ccc(Cc4ccccc4)cc3)C2C2CCC12
O=C1CC2CC(OCc3ccc(Cc4ccccc4)cc3)C2C2CCC12
O=C1CC2CC(OCc3ccc(-c4ccccc4)cc3)C2C2CCC12
O=C1CCC2CC(OCc3ccc(-c4ccccc4)cc3)C2C2CCC12
O=C1CCC2CC(OCc3ccc(-c4ccccc4)cc3)C2C2CCCC12
O=C1CCC2C1CCCC1CC(OCc3ccc(-c4ccccc4)cc3)C12
O=C1CCC2C1CCCC1CC(OCc3ccc(-c4ccccc4)cc3)C12
O=C1CCC2C1CCCC1CC(OCc3ccc(-c4ccccc4)cc3)C12
O=C1CCC2C1CCCC1CC(OCc3ccc(-c4ccccc4)cc3)C12
O=C1CCC2C1CCCC1CC(OCc3ccc(Cc4ccccc4)cc3)C12
O=C1CCC2C1CCCCC1CC(OCc3ccc(Cc4ccccc4)cc3)C12
O=C1CCC2C1CCCCC1CC(OCc3ccc(OCc4ccccc4)cc3)C12
O=C1CCC2C1CCCCC1CC(OCc3ccc(OCc4ccccc4)cc3)C12
O=C1CCC2C1CCCCC1CC(OCc3ccc(OCc4ccccc4)cc3)C12
O=C1CCCC2C1CCCCC1CC(OCc3ccc(OCc4ccccc4)cc3)C12
O=C1CCC2CCCCC3CC(OCc4ccc(OCc5ccccc5)cc4)C3C2C1
O=C1CCC2CCCC3CC(OCc4ccc(OCc5ccccc5)cc4)C3C2C1
O=C1CC2CCCC3CC(OCc4ccc(OCc5ccccc5)cc4)C3C2C1
O=C1CC2CCCC3CC(OCc4ccc(OCc5ccccc5)cc4)C3C2C1
O=C1CC2CCCC3CC(OCc4ccc(OCc5ccccc5)cc4)C3C2C1
O=C1CC2CCCC3CC(OCc4ccc(OCc5ccccc5)cc4)C3C2C1
O=C1CC2C1CCCC1CC(OCc3ccc(OCc4ccccc4)cc3)C12
O=C1CC2C1CCCC1CC(OCc3ccc(OCc4ccccc4)cc3)C12
O=C1CC2C1CCCC1CC(OCc3ccc(OCc4ccccc4)cc3)C12
O=C1C2CCCC3CC(OCc4ccc(OCc5ccccc5)cc4)C3C12
O=C1C2CCCC3CC(OCc4ccc(OCc5ccccc5)cc4)C3C12
O=C1C2CCCC3CC(OCc4ccc(COCc5ccccc5)cc4)C3C12
O=C1C2CCCC3CC(OCc4ccc(COCc5ccccc5)cc4)C3CC12
c1ccc(COCc2ccc(COC3CC4CCCC5CC5CC43)cc2)cc1
c1ccc(COCc2ccc(COC3CC4CCCC5CC5CC43)cc2)cc1
c1ccc(COCc2ccc(COC3CC4CCCCCCC43)cc2)cc1
c1ccc(COCc2ccc(COC3CC4CCCCCC43)cc2)cc1
c1ccc(COCCc2ccc(COC3CC4CCCCCC43)cc2)cc1
c1ccc(COCCc2ccc(COC3CC4CCCCC43)cc2)cc1
c1ccc(COCCc2ccc(COC3CC4CCCCC43)cc2)cc1
c1ccc(COCCc2ccc(COC3CC4CCCC43)cc2)cc1
c1ccc(COOCCc2ccc(COC3CC4CCCC43)cc2)cc1
c1ccc(COOCCc2ccc(COC3CC4CCCC43)cc2)cc1
c1ccc(COCCCc2ccc(COC3CC4CCCC43)cc2)cc1
c1ccc(CCOCCCc2ccc(COC3CC4CCCC43)cc2)cc1
c1ccc(CCOCOCCc2ccc(COC3CC4CCCC43)cc2)cc1
c1ccc(COCOCCc2ccc(COC3CC4CCCC43)cc2)cc1
c1ccc(COCOCCCc2ccc(COC3CC4CCCC43)cc2)cc1
c1ccc(COCOCCCc2ccc(COC3CC4CCCC43)cc2)cc1
O=C(OCCCc1ccc(COC2CC3CCCC32)cc1)OCc1ccccc1
O=C(OCC=Cc1ccc(COC2CC3CCCC32)cc1)OCc1ccccc1
O=C(COCC=Cc1ccc(COC2CC3CCCC32)cc1)OCc1ccccc1
O=C(COCCc1ccc(COC2CC3CCCC32)cc1)OCc1ccccc1
O=C(COCc1ccc(COC2CC3CCCC32)cc1)OCc1ccccc1
O=C(CCCc1ccc(COC2CC3CCCC32)cc1)OCc1ccccc1
O=C(CCCc1ccc(COC2CC3CCCC32)cc1)OCc1ccccc1
O=C(CCCc1ccc(COC2CC3CCCC32)cc1)OCc1ccccc1
O=C(CCc1ccc(COC2CC3CCCC32)cc1)OCc1ccccc1
O=C(CCc1ccc(COC2CC3CCCC32)cc1)OCc1ccccc1
O=C(CCc1ccc(COC2CC3CCCC32)cc1)OCc1ccccc1
O=C(CCc1ccc(COC2CC3CCCC32)cc1)OCc1ccccc1
O=C(CCc1ccc(COC2CC3CCCC32)cc1)OCc1ccccc1
O=C(CCc1ccc(COC2CC3CCCC32)cc1)OCc1ccccc1
O=C(CCc1ccc(COC2CC3CCCC32)cc1)OCc1ccccc1
O=C(CCc1ccc(COC2CC3CCCC32)cc1)OCc1ccccc1
O=C(OCc1ccccc1)C1CCOc2cc(COC3CC4CCCC43)ccc2C1
O=C(OCc1ccccc1)C1COc2cc(COC3CC4CCCC43)ccc2C1
O=C1c2ccc(COC3CC4CCCC43)cc2OCC1COCc1ccccc1
O=C1c2ccc(COC3CC4CCCC43)cc2OCCC1COCc1ccccc1
O=C1c2ccc(COC3CC4CCCC43)cc2OCCC1OCc1ccccc1
O=C1c2ccc(COC3CC4CCCC43)cc2CCCC1OCc1ccccc1
O=C1c2ccccc2CCC(C2CC3CCCC32)C1OCc1ccccc1
O=C1c2ccccc2CCC(C2CC3CCCC32)C1OCc1ccccc1
c1ccc(COC2Cc3ccccc3CCC2C2CC3CCCC32)cc1
c1ccc(COC2Cc3ccccc3CCC2C2CC3CCCC32)cc1
c1ccc(COC2CCc3ccccc3CCC2C2CC3CCCC32)cc1
c1ccc(COC2CCc3ccccc3CCC2C2CC3CCCC32)cc1
c1ccc(COC2CCc3ccccc3CCC2C2CC3CCCC32)cc1
c1ccc(COC2CCc3ccccc3CC2C2CC3CCCC32)cc1
c1ccc(COC2CCc3ccccc3CC2C2CC3CCCC32)cc1
c1ccc(COC2CCc3ccccc3CC2C2CC3CCCC32)cc1
c1ccc(COC2CCc3ccccc3CC2C2CC3CCCC32)cc1
c1ccc(COC2CCc3ccccc3CC2C2CC3CCCC32)cc1
c1ccc(COC2CCCc3ccccc3CC2C2CC3CCCC32)cc1
c1ccc(COC2CCCc3ccccc3CC2C2CC3CCCC32)cc1
c1ccc(COC2CCCc3ccccc3CC2C2CC3CCCC32)cc1
c1ccc(COC2CCCc3ccccc3CC2C2CC3CCCC32)cc1
c1ccc(COC2CCc3ccccc3CC2C2CC3CCCC32)cc1
c1ccc(COC2CCc3ccccc3CC2C2CC3CCCC32)cc1
c1ccc(COC2CCc3ccccc3CC2C2CC3CCCC32)cc1
c1ccc(COC2CCc3ccccc3CCC2C2CC3CCCC32)cc1
c1ccc(COC2Cc3ccccc3CCC2C2CC3CCCC32)cc1
c1ccc(COC2Cc3ccccc3CCC2C2CC3CCCC32)cc1
c1ccc(COC2Cc3ccccc3CCC2C2CC3CCCC32)cc1
c1ccc(COC2Cc3cc4c(cc3CCC2C2CC3CCCC32)CCO4)cc1
c1ccc(COC2Cc3cc4c(cc3CC2C2CC3CCCC32)CCO4)cc1
c1ccc(COC2Cc3ccccc3CC2C2CC3CCCC32)cc1
c1ccc(COC2Cc3ccccc3CC2C2CCC3CCCC32)cc1
c1ccc(COC2Cc3ccccc3CCC2C2CCC3CCCC32)cc1
c1ccc(COC2CC3CCCC3C2C2CCc3ccccc3CC2)cc1
c1ccc(COC2CC3CCCC3C2C2CCc3ccccc3CC2)cc1
c1ccc(COC2CC3CCCC3C2C2CCc3ccccc3CC2)cc1
c1ccc(COC2CC3CCCC3C2C2CCc3ccccc3CC2)cc1
c1ccc(COC2CC3CCCC3C2C2CCc3ccccc3C2)cc1
c1ccc(COC2CC3CCCC3C2C2CCc3ccccc3C2)cc1
c1ccc(COC2CC3CCCC3C2C2CCc3ccccc3C2)cc1
c1ccc(COC2CC3CCCC3C2C2CCc3ccccc32)cc1
c1ccc(COC2CC3CCCC3C2C2CCc3ccccc32)cc1
c1ccc(CCCC2C(OCc3ccccc3)CC3CCCC32)cc1
c1ccc(CCC2C(OCc3ccccc3)CC3CCCC32)cc1
c1ccc(CCC2C(OCc3ccccc3)CC3CCCC32)cc1
c1ccc(COC2CC3CCCC3C2Cc2ccccc2)cc1
c1ccc(COC2CC3CCCC3C2Cc2ccccc2)cc1
c1ccc(COC2CC3CCCC3C2Cc2ccccc2)cc1
c1ccc(COC2CC3CCCC3C2c2ccccc2)cc1
C1=CC(C2C(OCc3ccccc3)CC3CCCC32)=CC1
C1=C(C2C(OCc3ccccc3)CC3CCCC32)CC1
c1ccc(COC2CC3CCCC3C2)cc1
C1=C(C2C(OCc3ccccc3)CC3CCCC32)C1
c1ccc(COC2CC3CCCC3C2)cc1
c1ccc(COC2CC3CCCC3C2)cc1
c1ccc(COC2CC3CCCC3C2)cc1
c1ccc(COC2CC3CCCC3C2)cc1
c1ccc(COC2CC3CCCC3C2)cc1
c1ccc(COC2CC3CCCC3C2)cc1
c1ccc(COC2CC3CCCC3C2C2CCCC2)cc1
c1ccc(COC2CC3CCCC3C2C2CCC2)cc1
c1ccc(COC2CC3CCCC3C2C2CCC2)cc1
c1ccc(COC2CC3CCCC3C2C2CC2)cc1
c1ccc(COC2CC3CCCC3C2C2CC2)cc1
c1ccc(COC2CC3CCCC3C2C2CCC2)cc1
O=C1CCC1C1C(OCc2ccccc2)CC2CCCC21
O=C1CCC1C1C(OCc2ccccc2)CC2CCCC21
O=C1CCC1C1C(OCc2ccccc2)CC2CCCC21
O=C1CCC1C1C(OCc2ccccc2)CC2CCCC21
O=C1CCC1C1C(OCc2ccccc2)CC2CCCC21
O=C1CCCC1C1C(OCc2ccccc2)CC2CCCC21
O=C1CCCC1C1C(OCc2ccccc2)CC2CCCC21
O=C1CCCC(C2C(OCc3ccccc3)CC3CCCC32)C1
O=C1CCCC(C2C(OCc3ccccc3)CC3CCCC32)C1
O=C1CCCC(C2C(OCc3ccccc3)CC3CCCC32)C1
O=C1CCC(C2C(OCc3ccccc3)CC3CCCC32)C1
O=C1CCC(C2C(OCc3ccccc3)CC3CCCC32)C1
O=C1CCC(C2C(OCc3ccccc3)CC3CCCC32)CC1
O=C1C=CC(C2C(OCc3ccccc3)CC3CCCC32)CC1
O=C1C=C2CCC3CCC(OCc4ccccc4)C3C2CC1
O=C1C=C2CCC3CCC(OCc4ccccc4)C3C2CC1
O=C1C=C2CCC3CCC(OCc4ccccc4)C3C2CC1
O=C1C=C2CCC3C4CCC4C(OCc4ccccc4)C3C2CC1
O=C1C=C2CCC3CCCCC(OCc4ccccc4)C3C2CC1
O=C1C=C2CCC3CCCCC(OCc4ccccc4)C3C2CC1
O=C1C=C2CCC3CCCCC(OCc4ccccc4)C3C2CC1
O=C1C=C2CCC3CCCCC(OCc4ccccc4)C3C2CC1
O=C1C=C2CCC3CCCCC(OCc4ccccc4)C3C2CC1
O=C1C=C2CCC3CCCCC(OCc4ccccc4)C3C2CC1
O=C1C=C2CCC3CCCCC(OCc4ccccc4)C3C2CC1
O=C1C=C2CCC3CCCCC(OCc4ccccc4)C3C2CC1
O=C1C=C2CCC3C4CCC4CCC(OCc4ccccc4)C3C2CC1
O=C1C=C2CCC3C4CCC4CC(OCc4ccccc4)C3C2CC1
O=C1C=C2CCC3C4CCC4CC(OCc4ccccc4)C3C2CC1
O=C1C=C2CCC3C4CCC4CC(OCc4ccccc4)C3C2CC1
O=C1C=C2CCC3C4CCC4CC(OCc4ccccc4)C3C2C1
O=C1C=C2CCC3C4CCCC4CC(OCc4ccccc4)C3C2C1
O=C1C=C2CCC3C4CCCC4CC(OCc4ccccc4)C3C2C1
O=C1C=C2CCC3C4CCCC4CC(OCc4ccccc4)C3C2CC1
O=C1C=C2CCC3C4CCCC4CC(OCc4ccccc4)C3C2CC1
O=C1C=C2CCC3C4CCCC4CC(OCc4ccccc4)C3C2CC1
O=C1C=C2CCC3C4CCCC4CC(OCc4ccccc4)C3C2CC1
O=C1C=C2CCC3C4CCCC4CC(OCc4ccccc4)C3C2CC1
O=C1C=C2CCC3C4CCCC4CC(OCc4ccccc4)C3C2CC1
O=C1C=C2CCC3C4CCCC4CC(OCc4ccccc4)C3C2CC1
O=C1C=C2CCC3C4CCCC4CC(OCc4ccccc4)C3C2CC1
O=C(Nc1ccc2c(c1)OCO2)OC1CNc2ccc(-c3cccc4cc[nH]c34)cc2C1
O=C(Nc1ccc2c(c1)OCO2)OCCNc1ccc(-c2cccc3cc[nH]c23)cc1
O=C(Nc1ccccc1)OCCNc1ccc(-c2cccc3cc[nH]c23)cc1
O=C(Nc1ccccc1)OCCNc1ccc(-c2cccc3cc[nH]c23)cc1
O=C(Nc1ccccc1)OCCNc1ccc(-c2ccc3[nH]ccc3c2)cc1
O=C(Nc1ccccc1)OCCNc1ccc(-c2ccc3[nH]ccc3c2)cc1
O=C(Nc1ccccc1)OCCNc1ccc(-c2ccc3[nH]ccc3c2)cc1
O=C(Nc1ccccc1)OCCNc1cccc(-c2ccc3[nH]ccc3c2)c1
O=C(Nc1ccccc1)OCCCc1cccc(-c2ccc3[nH]ccc3c2)c1
O=C(Nc1ccccc1)OCCCc1cccc(-c2ccc(N3C=C3)cc2)c1
O=C(Nc1ccccc1)OCCCc1cccc(-c2ccc(N3C=C3)cc2)c1
O=C(Nc1ccccc1)OCCCc1cccc(-c2ccc(N3C=C3)cc2)c1
O=C(COCCCc1cccc(-c2ccc(N3C=C3)cc2)c1)Nc1ccccc1
O=C(COC(CCc1ccccc1)Cc1ccc(N2C=C2)cc1)Nc1ccccc1
O=C(COC(CCc1ccccc1)Cc1ccc(N2C=C2)cc1)Nc1ccccc1
O=C(COC(CCc1ccccc1)Cc1ccc(N2C=C2)cc1)Nc1ccccc1
O=C(COC(CSc1ccccc1)Cc1ccc(N2C=C2)cc1)Nc1ccccc1
O=C(CC(CSc1ccccc1)Cc1ccc(N2C=C2)cc1)Nc1ccccc1
O=C(CC(CSc1ccccc1)Cc1ccc(N2C=C2)cc1)Nc1ccccc1
O=C(CC(CSc1ccccc1)Cc1ccc(N2C=N2)cc1)Nc1ccccc1
O=C(CC(CSc1ccccc1)Cc1ccc(N2C=N2)cc1)Nc1ccccc1
O=C(Nc1ccccc1)C(=O)C(CSc1ccccc1)Cc1ccc(N2C=N2)cc1
O=C(Nc1ccccc1)C(=O)C(CSc1ccccc1)Cc1ccc(N2C=N2)cc1
O=C(CC(CSc1ccccc1)Cc1ccc(N2C=N2)cc1)Nc1ccccc1
O=C(Nc1ccccc1)C(CSc1ccccc1)Cc1ccc(N2C=N2)cc1
O=C(C(CSc1ccccc1)Cc1ccc(N2C=N2)cc1)N1Cc2ccccc21
O=C(C(CSc1ccccc1)Cc1ccc(N2C=N2)cc1)N1Cc2ccccc21
C1=NN1c1ccc(CC(CSc2ccccc2)CN2Cc3ccccc32)cc1
C1=NN1c1ccc(CC(CSc2ccccc2)CN2Cc3ccccc32)cc1
C1=NN1c1ccc(CC(CSc2ccccc2)CN2CCc3ccccc32)cc1
C1=NN1c1ccc(CC(CSc2ccccc2)Cn2ccc3ccccc32)cc1
C1=NN1c1ccc(CC(CSc2ccccc2)n2ccc3ccccc32)cc1
C1=NN1c1ccc(CC(CSc2ccccc2)n2ccc3ccccc32)cc1
C1=NN1c1ccc(CC(CSc2ccccc2)n2ncc3ccccc32)cc1
C1=NN1c1ccc(CC(CSc2ccccc2)n2ncc3ccccc32)cc1
C1=NN1c1ccc(CC(Sc2ccccc2)n2ncc3ccccc32)cc1
C1=NN1c1ccc(CC(Sc2ccccc2)n2ncc3ccccc32)cc1
C1=NN1c1ccc(CC(Sc2ccccc2)n2ncc3ccccc32)cc1
c1ccc(SCCc2ccc(N3N=C3n3ncc4ccccc43)cc2)cc1
c1ccc(SCCc2ccc(N3N=C3n3ncc4ccccc43)cc2)cc1
c1ccc(SCc2ccc(N3N=C3n3ncc4ccccc43)cc2)cc1
c1ccc(SCc2ccc(N3N=C3n3ncc4ccccc43)cc2)cc1
c1ccc(SCc2ccc(N3N=C3n3ncc4ccccc43)cc2)cc1
c1ccc(SCc2ccc(N3N=C3n3ncc4ccccc43)cc2)cc1
c1ccc(SCc2ccc(N3N=C3n3ncc4ccccc43)cc2)cc1
c1ccc(SCc2ccc(N3N=C3n3ncc4ccccc43)cc2)cc1
c1ccc(SCc2ccc(N3N=C3n3ncc4ccccc43)cc2)cc1
c1ccc(SCc2ccc(N3N=C3n3ncc4ccccc43)cc2)cc1
c1ccc(SCc2ccc(N3N=C3n3ncc4ccccc43)cc2)cc1
c1ccc(SCc2ccc(N3N=C3n3ncc4ccccc43)cc2)cc1
c1ccc(SCc2ccc(N3N=C3n3ncc4ccccc43)cc2)cc1
c1ccc(SCc2ccc(N3N=C3n3ncc4ccccc43)cc2)cc1
c1ccc(SCc2ccc(N3N=C3n3ncc4ccccc43)cc2)cc1
c1ccc(SCc2ccc(N3N=C3n3ncc4ccccc43)cc2)cc1
c1ccc(SCc2ccc(N3N=C3n3ncc4ccccc43)cc2)cc1
c1ccc(SCc2ccc(N3N=C3n3ncc4ccccc43)cc2)cc1
c1ccc(SCc2ccc(N3N=C3n3ncc4ccccc43)cc2)cc1
c1ccc(SCc2ccc(N3N=C3n3ncc4ccccc43)cc2)cc1
c1ccc(SCc2ccc(N3N=C3n3ncc4ccccc43)cc2)cc1
c1ccc(SCc2ccc(N3N=C3n3ncc4ccccc43)cc2)cc1
c1ccc(SCc2ccc(N3N=C3n3ncc4ccccc43)cc2)cc1
c1ccc(Sc2ccc(N3N=C3n3ncc4ccccc43)cc2)cc1
c1ccc(Sc2ccc(N3N=C3n3ncc4ccccc43)cc2)cc1
c1ccc(Sc2ccc(N3N=C3n3ncc4ccccc43)cc2)cc1
c1ccc(SCc2ccc(N3N=C3n3ncc4ccccc43)cc2)cc1
c1ccc(SCc2ccc(N3N=C3n3ncc4ccccc43)cc2)cc1
c1ccc(SCCc2ccc(N3N=C3n3ncc4ccccc43)cc2)cc1
c1ccc(SCCc2ccc(N3N=C3n3ncc4ccccc43)cc2)cc1
c1ccc(SCCc2ccc(N3N=C3n3ncc4ccccc43)cc2)cc1
c1ccc(SCCc2ccc(N3N=C3n3ncc4ccccc43)cc2)cc1
c1ccc(SCCc2ccc(N3N=C3n3ncc4ccccc43)cc2)cc1
c1ccc(SCCc2ccc(N3N=C3n3ncc4ccccc43)cc2)cc1
c1ccc(SCCc2ccc(N3N=C3n3ncc4ccccc43)cc2)cc1
c1ccc(SCCc2ccc(N3N=C3n3ncc4ccccc43)cc2)cc1
c1ccc(SCCc2ccc(N3N=C3n3ncc4ccccc43)cc2)cc1
c1ccc(SCCc2ccc(N3N=C3n3ncc4ccccc43)cc2)cc1
c1ccc(SCc2ccc(N3N=C3n3ncc4ccccc43)cc2)cc1
c1ccc(OCc2ccc(N3N=C3n3ncc4ccccc43)cc2)cc1
c1ccc(OCc2ccc(N3N=C3n3ncc4c5cc-5cc43)cc2)cc1
c1ccc(OCc2ccc(N3N=C3n3ncc4c5cc-5cc43)cc2)cc1
c1ccc(OCc2ccc(N3N=C3n3ncc4ccccc43)cc2)cc1
c1ccc(OCc2ccc(N3N=C3n3ncc4ccccc43)cc2)cc1
c1ccc(OCc2ccc(N3N=C3n3ncc4ccccc43)cc2)cc1
c1ccc(OCc2ccc(N3N=C3n3ncc4ccccc43)cc2)cc1
c1ccc(OCc2ccc(N3N=C3n3ncc4ccccc43)cc2)cc1
c1ccc(OCc2ccc(N3N=C3n3ncc4ccccc43)cc2)cc1
C1=C(n2ncc3ccccc32)N1c1ccc(COc2ccccc2)cc1
C1=C(n2ncc3ccccc32)N1c1ccc(COc2ccccc2)cc1
C1=C(n2ncc3ccccc32)N(c2ccc(COc3ccccc3)cc2)C1
C1=C(n2ncc3ccccc32)N(c2ccc(COc3ccccc3)cc2)C1
C1=C(n2ncc3ccccc32)N(c2ccc(COc3ccccc3)cc2)C1
C1=C(n2ncc3ccccc32)N(c2ccc(COc3ccccc3)cc2)C1
C1=C(n2ncc3ccccc32)N(c2ccc(COc3ccccc3)cc2)C1
C1=C(n2ncc3ccccc32)N(c2ccc(COc3ccccc3)cc2)C1
C1=C(n2ncc3ccccc32)N1c1ccc(COc2ccccc2)cc1
C1=C(n2ncc3ccccc32)N1c1ccc(COc2ccccc2)cc1
C1=CN1c1ccc(COc2ccc(-n3ncc4ccccc43)cc2)cc1
C1=CN1c1ccc(COc2ccc(-n3ncc4ccccc43)cc2)cc1
C1=CN1c1ccc(COc2ccc(-n3ncc4ccccc43)cc2)cc1
c1ccc2c(c1)cnn2-c1ccc(OCc2ccc(N3CC3)cc2)cc1
c1ccc2c(c1)cnn2-c1ccc(OCc2ccc(N3C4CC43)cc2)cc1
c1ccc2c(c1)cnn2-c1ccc(OCc2ccc(N3C4CC43)cc2)cc1
c1ccc2c(c1)cnn2-c1ccc(OCc2ccc(N3CC4CC43)cc2)cc1
c1ccc2c(c1)cnn2-c1ccc(OCc2ccc(N3CC4CCC43)cc2)cc1
c1ccc2c(c1)cnn2-c1ccc(OCc2ccc(N3CCC3)cc2)cc1
c1ccc(-n2ncc3cc(OCc4ccc(N5CCC5)cc4)ccc32)cc1
c1ccc(-n2ncc3cc(OCc4ccc(N5CCCC5)cc4)ccc32)cc1
C1=CN(c2ccc(COc3ccc4c(cnn4-c4ccccc4)c3)cc2)CC1
c1ccc(-n2ncc3cc(OCc4ccc(N5CCC5)cc4)ccc32)cc1
c1ccc(COc2ccc3c(cnn3-c3ccccc3)c2)cc1
c1ccc(COc2ccc3c(cnn3-c3ccccc3)c2)cc1
c1ccc(COc2ccc3c(cnn3-c3ccccc3)c2)cc1
c1ccc(COc2ccc3c(cnn3-c3ccccc3)c2)cc1
c1ccc(COc2ccc3c(cnn3-c3ccccc3)c2)cc1
c1ccc(COc2ccc3c(cnn3-c3ccccc3)c2)cc1
c1ccc(COc2ccc3c(cnn3-c3ccccc3)c2)cc1
c1ccc(COc2ccc3c(cnn3-c3ccccc3)c2)cc1
c1ccc(COc2ccc3c(cnn3-c3ccccc3)c2)cc1
c1ccc(COc2ccc3c(cnn3-c3ccccc3)c2)cc1
O=C(Nc1ccc2c(c1)OCO2)OC1CNc2ccc(-c3cccc4cc[nH]c34)cc2C1
O=C(Nc1ccc2c(c1)CCO2)OC1CNc2ccc(-c3cccc4cc[nH]c34)cc2C1
O=C(Nc1ccc2c(c1)CCO2)OCCNc1ccc(-c2cccc3cc[nH]c23)cc1
O=C(Nc1ccc2c(c1)CCCO2)OCCNc1ccc(-c2cccc3cc[nH]c23)cc1
O=C(Nc1ccc2c(c1)CCCO2)OCCNc1ccc(-c2cccc3cc[nH]c23)cc1
O=C(Nc1ccc2c(c1)CCCO2)OCCNc1ccc(-c2cccc3cc[nH]c23)cc1
O=C(Nc1ccc2c(c1)CCCO2)OCCNc1ccc(-c2ccccc2)cc1
O=C(Nc1ccc2c(c1)CCCO2)OCCNc1ccc(-c2ccccc2)cc1
O=C(Nc1ccc2c(c1)CCCO2)OCCNC1C=CC(c2ccccc2)=C1
O=C(Nc1ccc2c(c1)CCCO2)OCCCC1C=CC(c2ccccc2)=C1
O=C(Nc1ccc2c(c1)CCCO2)OCCCC1C=CC(c2ccccc2)=C1
O=C(Nc1ccc2c(c1)CCCO2)OCCCC1C=CC(c2ccccc2)=C1
O=C(Nc1ccc2c(c1)CCCO2)OCCCC1C=C(c2ccccc2)C=CC1
O=C(Nc1ccc2c(c1)CCCO2)OCCCC1C=C(c2ccccc2)C=CC1
O=C(Nc1ccc2c(c1)CCCO2)OCCCC1C=C(c2ccccc2)C=CC1
O=C(Nc1ccc2c(c1)CCCO2)OCCCC1C=C(c2ccccc2)CC1
O=C(Nc1ccc2c(c1)CCCC2)OCCCC1C=C(c2ccccc2)CC1
O=C(Nc1ccc2c(c1)CCCC2)OCCCC1C=C(c2ccccc2)CCC1
O=C(Nc1ccc2c(c1)CCCC2)OCCCC1C=C(c2ccccc2)CCC1
O=C(Nc1ccc2c(c1)CCC2)OCCCC1C=C(c2ccccc2)CCC1
O=C(CCCCC1C=C(c2ccccc2)CCC1)Nc1ccc2c(c1)CCC2
O=C(CCCCC1C=C(c2ccccc2)CC1)Nc1ccc2c(c1)CCC2
O=C(CCCCC1C=Cc2ccccc2CCC1)Nc1ccc2c(c1)CCC2
O=C(CCCCC1C=Cc2ccccc2CCC1)Nc1ccc2c(c1)CCC2
O=C(CCCCC1C=Cc2ccccc2CCC1)Nc1ccc2c(c1)CCC2
O=C(CCCCC1C=Cc2ccccc2CCC1)Nc1ccc2c(c1)CCC2
O=C(CCC1C=Cc2ccccc2CCC1)Nc1ccc2c(c1)CCC2
O=C(CCC1C=Cc2ccccc2CCC1)Nc1ccc2c(c1)CCC2
O=C(CCC1C=Cc2ccccc2CCC1)Nc1ccc2c(c1)CCC2
O=C(CCC1C=Cc2ccccc2CCC1)Nc1ccc2c(c1)CCC2
O=C(CCC1C=Cc2ccccc2CCC1)Nc1ccc2c(c1)CCC2
O=C(CCC1C=Cc2ccccc2CCC1)Nc1ccc2c(c1)CCC2
C=C1Cc2ccccc2CCCC1CCC(=O)Nc1ccc2c(c1)CCC2
C=C1Cc2ccccc2CCCC1CCC(=O)Nc1ccc2c(c1)COCC2
C=C1Cc2ccccc2CCCC1CCC(=O)Nc1ccccc1
C=C1Cc2ccccc2CCCC1CCC(=O)Nc1ccccc1
C=C1Cc2ccccc2CCCC1CCC(=O)Nc1ccccc1
C=C1Cc2ccccc2CCCC1CCC(=O)Nc1ccccc1
C=C1Cc2ccccc2CCCC1CCC(=O)Nc1ccccc1
C=C1Cc2ccccc2CCCC1CCC(=O)Nc1ccccc1
C=C1Cc2ccccc2CCCC1CCC(=O)Nc1ccccc1
C=C1Cc2ccccc2CCCC1CCC(=O)Nc1ccccc1
O=C(CCC1CCCc2ccccc2CC1=O)Nc1ccccc1
O=C(CCC1CCCc2ccccc2CC1=O)Nc1ccccc1
O=C(CCC1CCCc2ccccc2CC1=O)Nc1ccccc1
O=C(CCC1CCCc2ccccc2CC1=O)Nc1ccccc1
O=C(CCC1CCCc2ccccc2CC1=O)Nc1ccccc1
O=C(CCC1CCCc2ccccc2CC1=O)Nc1ccccc1
O=C(CCC1CCCc2ccccc2CC1=O)Nc1ccccc1
O=C(CCC1CCCc2ccccc2CC1=O)Nc1ccc2c(c1)CC2
O=C(CCC1CCCc2ccccc2CC1=O)Nc1ccc2c(c1)CC2
O=C(CCC1CCCc2ccccc2CC1=O)Nc1ccc2c(c1)CC2
O=C(CCC1CCCc2ccccc2CC1=O)Nc1ccc2c(c1)CC2
O=C(CCC1CCCc2ccccc2CC1=O)Nc1ccc2c(c1)C=C2
O=C(CCC1CCCc2ccccc2CC1=O)Nc1ccc2c(c1)C=C2
O=C(CCC1CCCc2ccccc2CC1=O)Nc1ccc2c(c1)C=C2
O=C(CCC1CCCc2ccccc2CC1=O)Nc1ccc2c(c1)C=C2
O=C(CCC1CCCc2ccccc2C1=O)Nc1ccc2c(c1)C=C2
O=C(CCC1CCCCc2ccccc2C1=O)Nc1ccc2c(c1)C=C2
O=C(CCC1CCCCc2ccccc2C1)Nc1ccc2c(c1)C=C2
O=C(CCC1CCCCc2ccccc21)Nc1ccc2c(c1)C=C2
O=C(CCC1CCCCc2ccccc21)Nc1ccc2c(c1)C=C2
O=C(CCC1CCCc2ccccc21)Nc1ccc2c(c1)C=C2
O=C(CCC1CCCc2ccccc21)Nc1ccc2c(c1)C=C2
O=C(CCC1CCCc2ccccc21)Nc1ccc2c(c1)C=C2
O=C(CCC1CCCc2ccccc21)Nc1ccc2c(c1)C=N2
O=C(CCC1CCCc2ccccc21)Nc1ccc2c(c1)C=N2
O=C(CCC1CCCc2ccccc21)Nc1ccc2c(c1)C=N2
O=C(CCC1CCCc2ccccc21)Nc1ccc2c(c1)C=N2
O=C(CCC1CCCc2ccccc21)Nc1ccc2c(c1)C=NC2
O=C(CCC1CCCc2ccccc21)Nc1ccc2c(c1)C=NCC2
O=C(CCC1CCCc2ccccc21)Nc1ccc2c(c1)C=NOC2
O=C(CCC1CCCc2ccccc21)Nc1ccc2c(c1)C=NOC2
O=C(CCC1CCCc2ccccc21)Nc1ccc2c(c1)C=NOC2
O=C(CCC1CCCc2ccccc21)Nc1ccc2c(c1)C=NOC2
O=C(CCC1CCCCc2ccccc21)Nc1ccc2c(c1)C=NOC2
C=C1ON=Cc2cc(NC(=O)CCC3CCCCc4ccccc43)ccc21
C=C1ON=Cc2cc(NC(=O)CCC3CCCc4ccccc43)ccc21
C=C1ON=Cc2cc(NC(=O)CCC3CCCc4ccccc43)ccc21
C=C1ON=Cc2cc(NC(=O)CCC3CCCc4ccccc43)ccc21
C=C1ON=Cc2cc(NC(=O)CCC3CCCc4ccccc43)ccc21
C=C1ON=Cc2cc(NC(=O)CCC3CCCc4ccccc43)ccc21
O=C(CCC1CCCc2ccccc21)Nc1ccc2c(=O)oncc2c1
O=C(CCC1CCCc2ccccc21)Nc1ccc2c(=O)oncc2c1
O=C(CCC1CCCc2ccccc21)Nc1ccc2c(=O)oncc2c1
O=C(Nc1ccc2c(c1)OCO2)OC1CNc2ccc(-c3cccc4cc[nH]c34)cc2C1
O=C(Nc1ccc2c(c1)OCO2)OCCNc1ccc(-c2cccc3cc[nH]c23)cc1
O=C(Nc1ccc2c(c1)OCO2)OCCc1ccc2cc[nH]c2c1-c1ccccc1
O=C(Nc1ccccc1)OCCc1ccc2cc[nH]c2c1-c1ccccc1
O=C(Nc1ccccc1)OCCc1ccc2cc[nH]c2c1-c1ccccc1
O=C(Nc1ccccc1)OCCc1ccc2c(c1-c1ccccc1)NCC2
O=C(Nc1ccccc1)OCCc1ccc2c(c1-c1ccccc1)NCC2
c1ccc(-c2cccc3c2N(c2ccccc2)CC3)cc1
c1ccc(-c2cccc3c2N(c2ccccc2)CC3)cc1
c1ccc(-c2cccc3c2N(c2ccccc2)CC3)cc1
c1ccc(-c2cccc3c2N(c2ccccc2)CC3)cc1
c1ccc(-c2cccc3c2N(c2ccccc2)CC3)cc1
c1ccc(-c2cccc3c2N(c2ccccc2)CC3)cc1
c1ccc(-c2cccc3c2N(c2ccccc2)CC3)cc1
c1ccc(-c2cccc3c2N(c2ccccc2)CC3)cc1
c1ccc(-c2cccc3c2N(c2ccccc2)CC3)cc1
c1ccc(-c2cccc3c2N(c2ccccc2)CC3)cc1
c1ccc(-c2cccc3c2N(c2ccccc2)CC3)cc1
c1ccc(-c2cccc3c2N(c2ccccc2)CC3)cc1
c1ccc(-c2cccc3c2N(c2ccccc2)CC3)cc1
c1ccc(-c2cccc3c2N(c2ccccc2)CC3)cc1
c1ccc(-c2cncc3c2N(c2ccccc2)CC3)cc1
c1ccc(-c2cncc3c2N(c2ccccc2)CC3)cc1
c1ccc(-c2cncc3c2N(c2ccccc2)CC3)cc1
c1ccc(-c2cncc3c2N(c2ccccc2)CC3)cc1
c1ccc(-c2cncc3c2N(c2ccccc2)CC3)cc1
c1ccc(-c2cccc3c2N(c2ccccc2)CC3)cc1
c1ccc(-c2cccc3c2N(c2ccccc2)CC3)cc1
c1ccc(-c2cccc3c2N(c2ccccc2)CC3)cc1
c1ccc(-c2cccc3c2N(c2ccccc2)CC3)cc1
c1ccc(-c2cccc3c2N(c2ccccc2)CC3)cc1
c1ccc(-c2cccc3c2N(c2ccccc2)CC3)cc1
c1ccc(-c2cccc3c2N(c2ccccc2)CC3)cc1
c1ccc(-c2cccc3c2N(c2ccccc2)CC3)cc1
c1ccc(-c2cccc3c2N(c2ccccc2)CC3)cc1
c1ccc(-c2cccc3c2N(c2ccccc2)CC3)cc1
c1ccc(-c2cccc3c2N(c2ccccc2)C3)cc1
c1ccc(-c2cccc3c2N(c2ccccc2)C3)cc1
c1ccc(-c2cccc3c2N(c2ccccc2)CC3)cc1
c1ccc(-c2cccc3c2N(c2ccccc2)CC3)cc1
c1ccc(-c2cccc3c2N(c2ccccc2)CC3)cc1
c1ccc(-c2cccc3c2N(c2ccccc2)CC3)cc1
c1ccc(-c2cccc3c2N(c2ccccc2)CC3)cc1
c1ccc(-c2cccc3c2N(c2ccccc2)CC3)cc1
c1ccc(-c2cccc3c2N(c2ccccc2)CC3)cc1
c1ccc(-c2cccc3c2N(c2ccccc2)CC3)cc1
c1ccc(-c2ccnc3c2N(c2ccccc2)CC3)cc1
c1ccc(-c2ccnc3c2N(c2ccccc2)CC3)cc1
c1ccc(-c2ccnc3c2N(c2ccccc2)C3)cc1
c1ccc(-c2ccnc3c2N(c2ccccc2)C3)cc1
c1ccc(-c2ccnc3c2N(c2ccccc2)C3)cc1
c1ccc(-c2ccnc3c2N(c2ccccc2)C3)cc1
c1ccc(-c2ccnc3c2N(c2ccccc2)C3)cc1
c1ccc(-c2ccnc3c2N(c2ccccc2)C3)cc1
c1ccc(-c2ccnc3c2N(c2ccccc2)CC3)cc1
c1ccc(-c2ccnc3c2N(c2ccccc2)CC3)cc1
c1ccc(-c2ccnc3ccn(-c4ccccc4)c23)cc1
c1ccc(-c2ccnc3ccn(-c4ccccc4)c23)cc1
c1ccc(-c2ccnc3cnn(-c4ccccc4)c23)cc1
c1ccc(-c2ccnc3cnn(-c4ccccc4)c23)cc1
c1ccc(-c2ccnc3cnn(-c4ccccc4)c23)cc1
c1ccc(-c2ccnc3cnn(-c4ccccc4)c23)cc1
c1ccc(-c2ccnc3cnn(-c4ccccc4)c23)cc1
c1ccc(-c2ccnc3cnn(-c4ccccc4)c23)cc1
c1ccc(-c2cccc3cnn(-c4ccccc4)c23)cc1
c1ccc(-c2cccc3cnn(-c4ccccc4)c23)cc1
c1ccc(-c2cccc3cnn(-c4ccccc4)c23)cc1
c1ccc(-c2cccc3cnn(-c4ccccc4)c23)cc1
c1ccc(-c2cccc3cnn(-c4ccccc4)c23)cc1
c1ccc(-c2cccc3cnn(-c4ccccc4)c23)cc1
c1ccc(-c2cccc3cnn(-c4ccccc4)c23)cc1
c1ccc(-c2cccc3cnn(-c4ccccc4)c23)cc1
c1ccc(-c2cccc3cnn(-c4ccccc4)c23)cc1
c1ccc(-c2cccc3cnn(-c4ccccc4)c23)cc1
c1ccc(-c2cccc3cnn(-c4ccccc4)c23)cc1
c1ccc(-c2cccc3cnn(-c4ccccc4)c23)cc1
c1ccc(-c2cccc3cnn(-c4ccccc4)c23)cc1
c1ccc(-c2cccc3cnn(-c4ccccc4)c23)cc1
c1ccc(-c2cccc3cnn(-c4ccccc4)c23)cc1
c1ccc(-c2cccc3cnn(-c4ccccc4)c23)cc1
c1ccc(-c2cccc3cnn(-c4ccccc4)c23)cc1
c1ccc(-c2cccc3cnn(-c4ccccc4)c23)cc1
c1ccc(-c2cccc3cnn(-c4ccccc4)c23)cc1
c1ccc(-c2cccc3cnn(-c4ccccc4)c23)cc1
c1ccc(-c2cccc3cnn(-c4ccccc4)c23)cc1
c1ccc(-c2cccc3cnn(-c4ccccc4)c23)cc1
c1ccc(-c2cccc3cnn(-c4ccccc4)c23)cc1
c1ccc(-c2cccc3cnn(-c4ccccc4)c23)cc1
c1ccc(-c2cccc3cnn(-c4ccccc4)c23)cc1
c1ccc(-c2cccc3cnn(-c4ccccc4)c23)cc1
c1ccc(-c2cccc3cnn(-c4ccccc4)c23)cc1
c1ccc(-c2cccc3cnn(-c4ccccc4)c23)cc1
c1ccc(-c2cccc3cnn(-c4ccccc4)c23)cc1
c1ccc(-c2cccc3cnn(-c4ccccc4)c23)cc1
c1ccc(-c2cccc3cnn(-c4ccccc4)c23)cc1
c1ccc(-c2cccc3cnn(-c4ccccc4)c23)cc1
c1ccc(-c2cccc3cnn(-c4ccccc4)c23)cc1
c1ccc(-c2cccc3cnn(-c4ccccc4)c23)cc1
c1ccc(-c2cccc3cnn(-c4ccccc4)c23)cc1
c1ccc(-c2cccc3cnn(-c4ccccc4)c23)cc1
c1ccc(-c2cccc3cnn(-c4ccccc4)c23)cc1
c1ccc(-c2cccc3cnn(-c4ccccc4)c23)cc1
c1ccc(-c2cccc3cnn(-c4ccccc4)c23)cc1
c1ccc(-c2cccc3cnn(-c4ccccc4)c23)cc1
c1ccc(-c2cccc3cnn(-c4ccccc4)c23)cc1
c1ccc(-c2cccc3cnn(-c4ccccc4)c23)cc1
c1ccc(-c2cccc3cnn(-c4ccccc4)c23)cc1
c1ccc(-c2cccc3cnn(-c4ccccc4)c23)cc1
c1ccc(-c2cccc3cnn(-c4ccccc4)c23)cc1
c1ccc(-c2cccc3cnn(-c4ccccc4)c23)cc1
c1ccc(Nc2cccc3c2cnn3-c2ccccc2)cc1
c1ccc(Nc2cccc3c2cnn3-c2ccccc2)cc1
c1ccc(Nc2cccc3c2cnn3-c2ccccc2)cc1
C1=C(Nc2ccccc2)c2cnn(-c3ccccc3)c2C1
C=C(Nc1ccccc1)c1cnn(-c2ccccc2)c1
C=C(Cc1cnn(-c2ccccc2)c1)Nc1ccccc1
C=C(Cc1ccccc1)Cc1cnn(-c2ccccc2)c1
C=C(Cc1ccccc1)c1cnn(-c2ccccc2)c1
C=C(Cc1ccccc1)c1cnn(-c2ccccc2)c1
C=C(Cc1ccccc1)c1cnn(-c2ccccc2)c1
C=C(Cc1ccccc1)c1cnn(-c2ccccc2)c1
C=C(Cc1ccccc1)c1cnn(-c2ccccc2)c1
C=C(CCc1ccccc1)c1cnn(-c2ccccc2)c1
C=C(CCc1ccccc1)c1cnn(-c2ccccc2)c1
C=C(CCCc1ccccc1)c1cnn(-c2ccccc2)c1
O=C(CCCc1ccccc1)c1cnn(-c2ccccc2)c1
O=C(NCCCc1ccccc1)c1cnn(-c2ccccc2)c1
O=C(NCCCc1ccccc1)c1cnn(-c2ccccc2)c1
O=C(NCCCc1ccccc1)c1cnn(-c2ccccc2)c1
O=C(NCCCc1ccccc1)c1cnn(-c2ccccc2)c1
O=C(CCc1ccccc1)NCCCCc1cccc(-n2cccn2)c1
O=C(CCc1ccccc1)NCCCCc1cccc(-n2cccn2)c1
O=C(CCc1ccccc1)NCCCCc1cccc(-n2cccn2)c1
O=C(CCCc1ccccc1)NCCCCc1cccc(-n2cccn2)c1
O=C(CCCc1ccccc1)NCCCCc1cccc(-n2cccn2)c1
O=C(CCc1ccccc1)NCCCCc1cccc(-n2cccn2)c1
O=C(CCc1ccccc1)NCCCCc1cccc(-n2cccn2)c1
O=C(CCc1ccccc1)NCCCCc1cccc(-n2cccn2)c1
C=C(CCc1ccccc1)NCCCCc1cccc(-n2cccn2)c1
O=C(NCCc1ccccc1)c1cnn(-c2ccccc2)c1
O=C(NCCc1ccccc1)c1cnn(-c2ccccc2)c1
O=C(NCCc1ccccc1)c1cnn(-c2ccccc2)c1
O=C(NCCc1ccccc1)c1cnn(-c2ccccc2)c1
O=C(NCCc1ccccc1)c1cnn(-c2ccccc2)c1
O=C(NCCc1ccccc1)c1cnn(-c2ccccc2)c1
O=C(NCCc1ccccc1)c1cnn(-c2ccccc2)c1
O=C(NCCc1ccccc1)c1cnn(-c2ccccc2)c1
c1ccc(CCCNCCCCc2cccc(-n3cccn3)c2)cc1
c1ccc(CCNCCCCc2cccc(-n3cccn3)c2)cc1
c1ccc(CCNCCCCc2cccc(-n3cccn3)c2)cc1
c1ccc(CNCCCCc2cccc(-n3cccn3)c2)cc1
O=C(NCCCNCc1ccccc1)c1cnn(-c2ccccc2)c1
O=C(NCCCCCc1ccccc1)c1cnn(-c2ccccc2)c1
O=C(NCCCCc1ccccc1)c1cnn(-c2ccccc2)c1
O=C(NCCCCc1ccccc1)c1cnn(-c2ccccc2)c1
O=C(NCCCCc1ccccc1)c1cnn(-c2ccccc2)c1
O=C(NCCCCc1ccccc1)c1cnn(-c2ccccc2)c1
O=C(NCCCCNc1ccccc1)c1cnn(-c2ccccc2)c1
O=C(NCCCCc1ccccc1)c1cnn(-c2ccccc2)c1
O=C(NCCCCc1ccccc1)c1cnn(-c2ccccc2)c1
O=C(NCCCCc1ccccc1)c1cnn(-c2ccccc2)c1
O=C(NCCCCc1ccccc1)c1cnn(-c2ccccc2)c1
O=C(NCCCCc1ccccc1)c1cnn(-c2ccccc2)c1
O=C(NCCCCc1ccccc1)c1cnn(-c2ccccc2)c1
O=C(NCCCCc1ccccc1)c1cnn(-c2ccccc2)c1
O=C(NCCCCc1ccccc1)c1cnn(-c2ccccc2)c1
O=C(NCCCCc1ccccc1)c1cnn(-c2ccccc2)c1
O=C(NCCCCc1ccccc1)c1cnn(-c2ccccc2)c1
O=C(NCCCCc1ccccc1)c1cnn(-c2ccccc2)c1
O=C(NCCCCc1ccccc1)c1cnn(-c2ccccc2)c1
O=C(NCCCCc1ccccc1)c1cnn(-c2ccccc2)c1
O=C(NCCCCc1ccccc1)c1cnn(-c2ccccc2)c1
O=C(NCCCCc1ccccc1)c1cnn(-c2ccccc2)c1
O=C(NCCCCc1ccccc1)c1cnn(-c2ccccc2)c1
O=C(NCCCCc1ccccc1)c1cnn(-c2ccccc2)c1
O=C(NCCCCc1ccccc1)c1cnn(-c2ccccc2)c1
O=C(NCCCCc1ccccc1)c1cnn(-c2ccccc2)c1
c1ccc(COc2ccc3c(cnn3-c3ccns3)c2)cc1
c1ccc(COc2ccc3c(cnn3-c3ccns3)c2)cc1
c1ccc(COc2ccc3c(cnn3-c3ccns3)c2)cc1
c1ccc(Cc2nn(-c3ccns3)c3ccccc23)cc1
c1ccc(-c2cccc3cnn(-c4ccns4)c23)cc1
c1ccc(-c2cccc3cnn(-c4ccns4)c23)cc1
c1ccc(-c2cccc3cnn(-c4snc5c4CCCC5)c23)cc1
c1ccc(Cc2cccc3cnn(-c4snc5c4CCCC5)c23)cc1
c1ccc(Cc2cccc3cnn(-c4snc5c4CCCCC5)c23)cc1
c1ccc(Cc2cccc3cnn(-c4scc5c4CCCCC5)c23)cc1
c1ccc(Cc2cccc3cnn(-c4scc5c4CCCC5)c23)cc1
c1ccc(Cc2cccc3cnn(-c4scc5c4CCC5)c23)cc1
c1ccc(Cc2cccc3cnn(-c4scc5c4CCC5)c23)cc1
c1ccc(Cc2cccc3cnn(-c4scc5c4CCC5)c23)cc1
c1ccc(Cc2cccc3cnn(-c4scc5c4CCC5)c23)cc1
C1=C2CCCC2=C(n2ncc3cccc(Cc4ccccc4)c32)C1
C1=C2CCCC2=C1n1ncc2cccc(Cc3ccccc3)c21
C1=C2CCCC2=C1n1ncc2cccc(Cc3ccccc3)c21
C1=C2CCC(Cc3ccccc3)C2=C1n1ncc2ccccc21
C1=C2CCC(Cc3ccccc3)C2=C1n1ncc2ccccc21
C1=C2CC3CC3(Cc3ccccc3)C2=C1n1ncc2ccccc21
C1=C2CCC3CC3(Cc3ccccc3)C2=C1n1ncc2ccccc21
C1=C2CCC3CC3(Cc3ccccc3)C2=C1n1ncc2ccccc21
C1=C2CCC3CC3(Cc3ccccc3)C2=C1n1ncc2cnccc21
C1=C2CCC3CC3(Cc3ccccc3)C2=C1n1ncc2cncnc21
C1=C2CCC3CC3(Cc3ccccc3)C2=C1n1ncc2cncnc21
C1=C2CCC3CC3(Cc3ccccc3)C2=C1n1ncc2cccnc21
C1=C2CCC3CC3(Cc3ccccc3)C2=C1n1ncc2cccnc21
C1=C2CCC3CC3(Cc3ccccc3)C2=C1Nc1ccccn1
C1=C2CCC3CC3(Cc3ccccc3)C2=C1Nc1ccccn1
C1=C2CCC3CC3(Cc3ccccc3)C2=C1Nc1ccccn1
C1=C2CCC3CC3(Cc3ccccc3)C2=C1Nc1ccccn1
O=C(CCC1=C2C(=C1)CCC1CC21Cc1ccccc1)Nc1ccncc1
O=C(CCC1=C2C(=C1)CCC1CC21Cc1ccccc1)Nc1ccncc1
O=C(CC1=C2C(=C1)CCC1CC21Cc1ccccc1)Nc1ccncc1
O=C(CC1=C2C(=C1)CCC1CC21Cc1ccccc1)Nc1ccncc1
O=C(CC1=C2C(=C1)CCC1CC21Cc1ccccc1)Nc1ccncc1
O=C(CC1=C2C(=C1)CCC1CC21Cc1ccccc1)Nc1ccncc1
O=C(CC1=C2C(=C1)CCC1CCC21Cc1ccccc1)Nc1ccncc1
O=C(CC1=C2C(=C1)CCC1CCC21Cc1ccccc1)Nc1cccnc1
O=C(CC1=C2C(=C1)CCC1CC21Cc1ccccc1)Nc1cccnc1
O=C(CC1=C2C(=C1)CCC1CC21Cc1ccccc1)Nc1cccnc1
O=C(CC1=C2C(=C1)CCC1CC21Cc1ccccc1)Nc1cccnc1
O=C(CC1=C2C(=C1)CCC1CC21Cc1ccccc1)Nc1cccnc1
O=C(CC1=C2C(=C1)CCC1CC21Cc1ccccc1)Nc1cnccn1
O=C(Cc1cccc(CC23CC2CCC2=CC=C23)c1)Nc1cnccn1
O=C(Cc1cccc(CC23CC2CCC2=CC=C23)c1)Nc1cnccn1
O=C(Cc1cccc(CC23CC2CCc2cocc23)c1)Nc1cnccn1
O=C(Nc1cnccn1)c1cccc(CC23CC2CCc2cocc23)c1
O=C(Nc1cnccn1)c1cccc(CC23CCC2CCc2cocc23)c1
O=C(Nc1cnccn1)c1cccc(CC23CCC2CCC2=CCC=C23)c1
O=C(Nc1cnccn1)c1cccc(CC23CCC2CCC2=CCC=C23)c1
O=C(Nc1cnccn1)c1cccc(CC23CCCC2CCC2=CCC=C23)c1
O=C(Nc1cnccn1)c1cccc(CC23CCCCC2CCC2=CCC=C23)c1
O=C(Nc1cnccn1)c1cccc(CC23CCCCCC2CCC2=CCC=C23)c1
O=C(Nc1cnccn1)c1cccc(CC23CCCCCC2CCC2=CCCC=C23)c1
O=C(Nc1cnccn1)c1cccc(CC23CCCCCC2CCC2=CCCC=C23)c1
O=C(Nc1cnccn1)c1cccc(CC23CCCCC2CCC2=CCCC=C23)c1
O=C(Nc1cnccn1)c1cccc(CC23CCCCC2CCc2ccccc23)c1
O=C(Nc1cnccn1)c1cccc(CC23CCCCC2CCc2ccccc23)c1
O=C(Nc1cnccn1)c1ccc2c(c1)C1(Cc3ccccc3)CCCCC1CC2
O=C(Nc1cnccn1)c1ccc2c(c1)C1(Cc3ccccc3)CCCCC1CC2
O=C(Nc1cnccn1)c1ccc2c(c1)C1(Cc3ccccc3)CCCCC1CC2
O=C(Nc1cnccn1)c1ccc2c(c1)C1(Cc3ccccc3)CCCCC1CC2
O=C(Nc1cnccn1)c1ccc2c(c1)CCC1CCCCC21Cc1ccccc1
O=C(Nc1cnccn1)c1ccc2c(c1)CCC1CCCCC21Cc1ccccc1
O=C(Nc1cnccn1)c1ccc2c(c1)CCC1CCCCC21Cc1ccccc1
O=C(Nc1cnccn1)c1ccc2c(c1)CCC1CCCCC21Cc1ccccc1
O=C(Nc1cnccn1)c1ccc2c(c1)CCC1CCCCC21Cc1ccccc1
O=C(Nc1cnccn1)c1ccc2c(c1)CCC1CCCCC21Cc1ccccc1
O=C(Nc1cnccn1)c1ccc2c(c1)CCC1CCCCC21Cc1ccccc1
O=C(Nc1cnccn1)c1ccc2c(c1)CCC1CCCCC21Cc1ccccc1
O=C(Nc1cnccn1)c1ccc2c(c1)CCC1CCCCC21Cc1ccccc1
O=C(Nc1cnccn1)c1ccc2c(c1)CCC1CCCCC21Cc1ccccc1
O=C(Nc1cnccn1)c1ccc2c(c1)CCC1CCCCC21Cc1ccccc1
O=C(Nc1cnccn1)c1ccc2c(c1)CCC1CCCCC21Cc1ccccc1
O=C(Nc1cnccn1)c1ccc2c(c1)CCC1CCCCC21Cc1ccccc1
O=C(Nc1cnccn1)c1ccc2c(c1)CCC1CCCCC21Cc1ccccc1
O=C(Nc1cnccn1)c1ccc2c(c1)CCC1CCCCC21Cc1ccccc1
c1ccc(COc2ccc3c(cnn3-c3ccns3)c2)cc1
c1ccc(COc2ccc3c(cnn3-c3ccns3)c2)cc1
c1ccc(COCc2ccc3c(cnn3-c3ccns3)c2)cc1
c1ccc2c(c1)CCCC2OCc1ccc2c(cnn2-c2ccns2)c1
c1ccc2c(c1)CCCC2OCc1ccc2c(cnn2-c2ccns2)c1
c1ccc2c(c1)CCCC2OCc1ccc2[nH]ncc2c1
c1ccc2c(c1)CCCC2OCc1ccc2[nH]ncc2c1
c1ccc2c(c1)CCCC2OCc1ccc2[nH]ncc2c1
c1ccc2c(c1)CCCC2OCc1ccc2[nH]ncc2c1
c1ccc2c(c1)CCCC2OCc1ccc2[nH]ncc2c1
c1ccc2c(c1)CCCC2OCc1ccc2[nH]ncc2c1
c1ccc2c(c1)CCCC2OCc1ccc2[nH]ncc2c1
c1ccc2c(c1)CCCC2OCc1ccc2[nH]ncc2c1
c1ccc2c(c1)CCCC2OCc1ccc2[nH]ncc2c1
c1ccc2c(c1)CCCC2OCc1ccc2[nH]ncc2c1
c1ccc2c(c1)CCCC2OCc1ccc2[nH]ncc2c1
c1ccc2c(c1)CCCC2Oc1ccc2[nH]ncc2c1
c1ccc2c(c1)CCCC2Oc1ccc2[nH]ncc2c1
c1ccc2c(c1)CCCC2NSCn1ncc2ccccc21
c1ccc2c(c1)CCCC2NSCn1ncc2ccccc21
c1ccc2c(c1)CCCC2NSCn1ncc2ccccc21
c1ccc2c(c1)CCCC2NSCn1ncc2ncccc21
c1ccc2c(c1)CCCC2NSCCn1ncc2ncccc21
c1ccc2c(c1)CCCC2N1SC1Cn1ncc2ncccc21
c1cncc(NCC2SN2C2CCCc3ccccc32)c1
c1cncc(NCC2SC2C2CCCc3ccccc32)c1
c1cncc(NCC2SC2C2CCCc3ccccc32)c1
c1cncc(NCC2SC2C2CCCc3ccccc32)c1
c1cncc(NC2SC2C2CCCc3ccccc32)c1
c1cncc(NC2CC2C2CCCc3ccccc32)c1
c1cncc(NC2CC2C2CCCc3ccccc32)c1
O=C(Nc1cccnc1)c1ccc2c(c1)CCCC2C1CC1
O=C(Nc1cccnc1)c1ccc2c(c1)CCCC2C1CCC1
O=C(Nc1cccnc1)c1ccc2c(c1)CCCC2C1CCC1
O=C(Nc1cccnc1)c1ccc2c(c1)CCCC2C1C2CC21
O=C(Nc1cccnc1)c1ccc2c(c1)CCCC2C1C2CC21
O=C(Nc1cccnc1)c1ccc2c(c1)CCCC2C1CC2CC21
O=C(Nc1cccnc1)c1ccc2c(c1)CCCC2C1CC2CCC21
O=C(Nc1cccnc1)c1ccc2c(c1)CCCC2C1CC2CCC21
O=C(Nc1cccnc1)c1ccc2c(c1)CCCC2C1CC2CCC21
O=C(Nc1cccnc1)c1ccc2c(c1)CCCC2C1CCC2CCC21
O=C(Nc1cccnc1)c1ccc2c(c1)CCCC2C1CCCC2CCC21
O=C(Nc1cccnc1)c1ccc2c(c1)CCCC2C1CCCC2CCC21
O=C(Nc1cccnc1)c1ccc2c(c1)CCCC2C1CCCC2CCCC21
O=C(Nc1cccnc1)c1ccc2c(c1)CCCC2C1CCCC2CCCCC21
O=C(Nc1cccnc1)c1ccc2c(c1)CCCC2C1CCCC2CCCCC21
O=C(Nc1cccnc1)c1ccc2c(c1)CCCC2C1CCCC2CCCCC21
O=C(Nc1cccnc1)c1ccc2c(c1)CCCC2C1CCC2CCCCC21
O=C(Nc1cccnc1)c1ccc2c(c1)CCCC2C1CCC2CCCC21
O=C(Nc1cccnc1)c1ccc2c(c1)CCCC2C1CCC2CCCC21
O=C(Nc1cccnc1)c1ccc2c(c1)CCCC2C1CCC2CCCC21
O=C(Nc1cccnc1)c1ccc2c(c1)CCCC2C1CCC2CCCC21
O=C(Nc1cccnc1)c1ccc2c(c1)CCCC2C1CCC2CCCC21
O=C(Nc1cccnc1)c1ccc2c(c1)CCCC2C1CCC2CCCC21
O=C(Nc1cccnc1)c1ccc2c(c1)CCCC2C1CCC2CCCCC21
O=C(Nc1cccnc1)c1ccc2c(c1)CCCC2C1CCC2CCCCC21
O=C(Nc1cccnc1)c1ccc2c(c1)CCCC2C1CCC2CCCCC21
O=C(Nc1cccnc1)c1ccc2c(c1)CCCC2C1CC2CCCCC21
O=C(Nc1cccnc1)c1ccc2c(c1)CCCC2C1CC2CCCCC21
O=C(Nc1cccnc1)c1ccc2c(c1)CCCC2C1CC2CCCCC21
O=C(Nc1cccnc1)c1ccc2c(c1)CCCC2C1CC2CCCCC21
O=C(Nc1cccnc1)c1ccc2c(c1)CCCC2C1CC2CCCCC21
O=C(Nc1cccnc1)c1ccc2c(c1)CCCC2C1CC2CCCC21
O=C(Nc1cccnc1)c1ccc2c(c1)CCCC2C1CCC2CCCC21
O=C(Nc1cccnc1)c1ccc2c(c1)CCCCC2C1CCC2CCCC21
O=C(Nc1cccnc1)c1ccc2c(c1)CCCCC2C1CCC2CCCC21
O=C(Nc1cccnc1)c1ccc2c(c1)CCCCCC2C1CCC2CCCC21
O=C(Nc1cccnc1)c1ccc2c(c1)CCCCCC2C1CCC2CCCC21
O=C(Nc1cccnc1)c1ccc2c(c1)CCCCCC2C1CCCC2CCCC21
O=C(Nc1cccnc1)c1ccc2c(c1)CCCCCC2C1CCCCC2CCCC21
O=C(Nc1cccnc1)c1ccc2c(c1)CCCCC2C1CCCCC2CCCC21
O=C(Nc1cccnc1)c1ccc2c(c1)CCCCC2C1CCCCC2CCCC21
O=C(Nc1cccnc1)c1ccc2c(c1)CCCCC2C1CCCC2CCCC21
O=C(Nc1cccnc1)c1ccc2c(c1)CCCCC2C1CCCC2CCCC21
O=C(Nc1cccnc1)c1ccc2c(c1)CCCCCC2C1CCCC2CCCC21
O=C(Nc1cccnc1)c1ccc2c(c1)CCCCC1C2CCCCC2CCCC21
O=C(Nc1cccnc1)c1ccc2c(c1)CCCC1C2CCCCC2CCCC21
O=C(Nc1cccnc1)c1ccc2c(c1)CCCC1C2CCCCC2CCCC21
O=C(Nc1cccnc1)c1ccc2c(c1)CCCCC1C2CCCCC2CCCC21
O=C(Nc1cccnc1)c1ccc2c(c1)CCCCC1C2CCCC2CCCC21
O=C(Nc1cccnc1)c1ccc2c(c1)CCCCC1C2CCCC2CCCC21
O=C(Nc1cccnc1)c1ccc2c(c1)CCCC1C2CCCC2CCCC21
O=C(Nc1cccnc1)c1ccc2c(c1)CCCC1C2CCCC2CCCC21
O=C(Nc1cccnc1)c1ccc2c(c1)CCCC1C2CCC2CCCC21
O=C(Nc1cccnc1)c1ccc2c(c1)CCC1C2CCC2CCCC21
C1=CC2(CCCCC2c2ccccc2)Cc2cnn(-c3ccccc3)c21
C1=CC2C(c3ccccc3)CCCC2c2cnn(-c3ccccc3)c21
C1=CC2C(c3ccccc3)CCC2c2cnn(-c3ccccc3)c21
C1=CC2C(c3ccccc3)CCC2c2cnn(-c3ccccc3)c21
C1=CC2C(c3ccccc3)CCC2c2cnn(-c3ccccc3)c21
C1=CC2C(c3cccnc3)CCC2c2cnn(-c3ccccc3)c21
C1=CC2C(c3cccnc3)CCC2c2cnn(-c3ccccc3)c21
C1=CC2C(c3cccnc3)CCC2c2cnn(-c3ccccc3)c21
C1=CC2C(Cc3cccnc3)CCC2c2cnn(-c3ccccc3)c21
C1=CC2C(Cc3cccnc3)CCC2C(C=NNc2ccccc2)=C1
C1=CC2C(Cc3cccnc3)CCC2C(C=CNc2ccccc2)=C1
C1=CC2C(Cc3cccnc3)CCC2C(C=CNc2ccccc2)=C1
C1=CC2C(Cc3cccnc3)CCC2C(CNc2ccccc2)=C1
C1=CC2C(Cc3cccnc3)CCC2C1CNc1ccccc1
c1ccc(NCC2CC3C(Cc4cccnc4)CCC23)cc1
c1ccc(NCC2CC3C(Cc4cccnc4)CCC23)cc1
c1ccc(OCC2CC3C(Cc4cccnc4)CCC23)cc1
C1=C(COc2ccccc2)C2CCC(Cc3cccnc3)C12
C1=C(COc2ccccc2)C2CCC(Cc3cccnc3)C12
C1=C(COc2ccccc2)CC2CCC(Cc3cccnc3)C12
C1=C(COc2ccccc2)CCC2CCC(Cc3cccnc3)C12
C1=C(COc2ccccc2)CCC2CC(Cc3cccnc3)C12
C1=C(COc2ccccc2)CCC2CC(Cc3cccnc3)CC12
C1=C(COc2ccccc2)CCC2CC(Cc3cccnc3)CC12
C1=C(COc2ccccc2)CCC2CC(Cc3cccnc3)CC12
C1=C(COc2ccccc2)CCC2CC(Cc3cccnc3)CCC12
C1=C(COc2ccccc2)CCC2CC(Cc3cccnc3)CCC12
C1=C(COc2ccccc2)CCC2CC(Cc3cccnc3)CCC12
C1=C(COc2ccccc2)CCC2CC(Cc3cccnc3)CCC12
C1=C(COc2cccc(OCc3cccnc3)c2)CCC2CCCCC12
C1=C(COc2cccc(OCc3cccnc3)c2)CCC2CCCCC12
C1=C(COc2ccc(OCc3cccnc3)cc2)CCC2CCCCC12
C1=C(Oc2ccc(OCc3cccnc3)cc2)CCC2CCCCC12
C1=C(Cc2ccc(OCc3cccnc3)cc2)CCC2CCCCC12
C1=C(Cc2ccc(OCc3cccnc3)cc2)CCC2CCCCC12
C1=C(Cc2ccc(OCc3cccnc3)cc2)CCC2CCCCC12
C1=C(Cc2ccc(OCc3cccnc3)cc2)CCC2CCCC12
C1=C(c2ccc(OCc3cccnc3)cc2)CCC2CCCC12
C1=C(c2ccc(OCc3cccnc3)cc2)CCC2CCCC12
C1=C(c2ccc(OCc3cccnc3)cc2)CCC2CCCCC12
C1=C(c2ccc(OCc3cccnc3)cc2)CCC2CCCCCC12
c1cncc(COc2ccc3c(c2)CCCC2=C3CCC3CCCCCC23)c1
c1cncc(COc2ccc3c(c2)CCCC2=C3CCC3CCCCC23)c1
c1cncc(COc2ccc3c(c2)CCCC2=C3CCC3CCCCC23)c1
c1cncc(COc2ccc3c(c2)CCCCC2=C3CCC3CCCCC23)c1
c1cncc(COc2ccc3c(c2)CCCCC2=C3CC3CCCCC23)c1
c1cncc(COc2ccc3c(c2)CCCC2=C3CC3CCCCC23)c1
c1cncc(COc2ccc3c(c2)C2=C(CC2)C2CCCCC2CC3)c1
c1cncc(COc2ccc3c(c2)C2=C(C2)C2CCCCC2CC3)c1
c1cncc(COc2ccc3c(c2)C2=C(C2)C2CCCCC2CC3)c1
c1cncc(COc2ccc3c(c2)CCC2CCCCC2C2=C3C2)c1
c1cncc(COc2ccc3c(c2)CCC2CCCCC2C2=C3CC2)c1
c1cncc(COc2ccc3c(c2)CCC2CCCCC2C2=C3CC2)c1
C1=CC2CCCCC2CCc2cc(OCc3cccnc3)ccc21
c1cncc(COc2ccc3c(c2)CCC2CCCCC2C3)c1
c1cncc(COc2ccc3c(c2)CCC2CCCCC2C3)c1
c1cncc(COc2ccc3c(c2)CCC2CCCCC2C3)c1
c1cncc(COc2ccc3c(c2)CCC2CCCC4CC3C24)c1
c1cncc(COc2ccc3c(c2)CCC2CCCC4CC3C24)c1
c1cncc(COc2ccc3c(c2)CCC2CCCC4CCC3C24)c1
c1cncc(COc2ccc3c(c2)CCC2CCCC4CCC3C24)c1
c1cncc(COc2ccc3c(c2)CCC2CCCC4CCCC3C42)c1
c1cncc(COc2ccc3c(c2)CCC2CCCC4CCCC3C42)c1
c1cncc(COc2ccc3c(c2)CCC2CCCC4CCCC3C42)c1
c1cncc(COc2ccc3c(c2)CCC2CCCC4CCC3C24)c1
c1cncc(COc2ccc3c(c2)CCC2CCCC4CCC3C24)c1
C1=CC2CCc3cc(OCc4cccnc4)ccc3C3CCC(C1)C23
c1cncc(COc2ccc3c(c2)CCCC2CCCC32)c1
c1cncc(COc2ccc3c(c2)CCCC2CCCC32)c1
c1cncc(COc2ccc3c(c2)CCC2CCCC32)c1
c1cncc(COc2ccc3c(c2)CCC2CCCC32)c1
c1cncc(COc2ccc3c(c2)CCC2CCCCC32)c1
c1cncc(COc2ccc3c(c2)CCC2CCCCCC32)c1
c1cncc(COc2ccc3c(c2)CCC2CCCCCCC32)c1
c1cncc(COc2ccc3c(c2)CCC2CCCCCCC32)c1
c1cncc(COc2ccc3c(c2)CCC2CCCCCCC32)c1
c1cncc(COc2ccc3c(c2)CCC2CCCCCCC32)c1
c1cncc(COc2ccc3c(c2)CCC2CCCCCC32)c1
c1cncc(COc2ccc3c(c2)CCC2CCCCCC32)c1
c1cncc(COc2ccc3c(c2)CCC2CCCCCC32)c1
c1cncc(COc2ccc3c(c2)CCC2CCCCCC32)c1
c1cncc(COc2ccc3c(c2)CCC2CCCCCC32)c1
c1cncc(COc2ccc3c(c2)CCC2CCCCCC32)c1
c1cncc(COc2ccc3c(c2)CCC2CCCCCC32)c1
c1cncc(COc2ccc3c(c2)CCC2CCCCC32)c1
c1cncc(COc2ccc3c(c2)CCC2CCCCC32)c1
c1cncc(COc2ccc3c(c2)CCC2CCCCC32)c1
c1cncc(COc2ccc3c(c2)CCC2CCCCC32)c1
c1cncc(COc2ccc3c(c2)CCC2CCCCC32)c1
c1cncc(COc2ccc3c(c2)CCC2CCCCC32)c1
c1cncc(COc2ccc3c(c2)CCC2CCCCC32)c1
c1cncc(COc2ccc3c(c2)CCC2CCCCC32)c1
c1cncc(COc2ccc3c(c2)CCC2CCCCC32)c1
c1cncc(COc2ccc3c(c2)CCC2CCCCC32)c1
c1cncc(COc2ccc3c(c2)CCC2CCCCC32)c1
c1cncc(COc2ccc3c(c2)CCC2CCCCC32)c1
c1cncc(COc2ccc3c(c2)CCC2CCCCC32)c1
c1cncc(COc2ccc3c(c2)CCC2CCCCC32)c1
c1cncc(COc2ccc3c(c2)CC2CCCCC32)c1
c1cncc(COc2ccc3c(c2)CC2CCCCC32)c1
c1cncc(COc2ccc3c(c2)CCC2CCCCC32)c1
C1=CC2(CCCCC2c2ccccc2)Cc2cnn(-c3ccccc3)c21
C1=CC(Cc2ccccc2)Cc2cnn(-c3ccccc3)c21
C(=Cc1ccnn1-c1ccccc1)CCc1ccccc1
C(=Cc1ccnn1-c1ccccc1)CCc1ccccc1
c1ccc(CCc2cc3ccnn3c3ccccc23)cc1
c1ccc(CCc2cc3ccnn3c3ccccc23)cc1
C(=C(CCc1ccccc1)c1ccccc1)c1ccn[nH]1
C(=C(c1ccccc1)C(Cc1ccccc1)C1CC1)c1ccn[nH]1
C(=C(c1ccccc1)C(Cc1ccccc1)C1CCC1)c1ccn[nH]1
c1ccc(CC(C2=C(c3ccn[nH]3)c3ccccc32)C2CCC2)cc1
c1ccc(CC(Cc2ccccc2Cc2ccn[nH]2)C2CCC2)cc1
c1ccc(CC(Cc2ccccc2Cc2ccn[nH]2)C2CCCC2)cc1
c1cncc(CC(Cc2ccccc2Cc2ccn[nH]2)C2CCCC2)c1
c1cncc(CC(Cc2ccccc2-c2ccn[nH]2)C2CCCC2)c1
c1cncc(CCC(Cc2ccccc2-c2ccn[nH]2)C2CCCC2)c1
c1cncc(CCC(Cc2ccccc2-c2ccn[nH]2)C2CCCC2)c1
c1cncc(CCC(Cc2ccccc2-c2ccn[nH]2)C2CCCC2)c1
c1cncc(CCC(Cc2ccccc2-c2ccn[nH]2)C2CCCC2)c1
c1cncc(CCC(Cc2ccccc2-c2ccn[nH]2)C2CCCCC2)c1
c1cncc(CCC(Cc2ccccc2-c2ccc[nH]2)C2CCCCC2)c1
c1cncc(CCC(Cc2ccccc2-c2ccc[nH]2)C2CCCCC2)c1
c1cncc(CCC(Cc2ccccc2-c2ccc[nH]2)C2CCCCC2)c1
c1cncc(CCC(Cc2ccccc2-c2ccc[nH]2)C2CCCC2)c1
c1cncc(CCC(Cc2ccccc2-c2ccc[nH]2)C2CCCC2)c1
c1cncc(CCC(Cc2ccccc2-c2ccc[nH]2)C2CCC2)c1
c1cncc(CCC(Cc2ccccc2-c2ccc[nH]2)C2CCC2)c1
c1ccc(-c2ccc(CC(CCc3cccnc3)C3CCC3)[nH]2)cc1
c1ccc(-c2ccc(CC(CCc3cccnc3)C3CCCC3)[nH]2)cc1
c1ccc(-c2ccc(CC(CCc3cccnc3)C3CCCC3)[nH]2)cc1
c1ccc(CCC(Cc2ccc(-c3ccccc3)[nH]2)C2CCCC2)cc1
c1ccc(CCC(Cc2ccc(-c3ccccc3)[nH]2)C2CCCC2)cc1
c1ccc(CCC(Cc2ccc(-c3ccccc3)[nH]2)C2CCCC2)cc1
c1ccc(CCC(Cc2ccc(-c3cccnc3)[nH]2)C2CCCC2)cc1
c1ccc(CCC(Cc2ccc(-c3cccnc3)[nH]2)C2CCCC2)cc1
c1ccc(CCC(Cc2ccc(-c3cccnc3)[nH]2)C2CCC2)cc1
c1ccc(CCC(Cc2ccc(-c3cccnc3)[nH]2)C2CCC2)cc1
c1ccc(CCC(Cc2ccc(-c3cccnc3)[nH]2)C2CCC2)cc1
c1ccc(CCC(Cc2ccc(-c3cccnc3)[nH]2)C2CCCC2)cc1
c1ccc(CCC(Cc2ccc(-c3cccnc3)[nH]2)C2CCCC2)cc1
c1ccc(CCC(Cc2ccc(-c3cccnc3)[nH]2)C2CCCCC2)cc1
c1ccc(CCC(Cc2ccc(-c3cccnc3)[nH]2)C2CCCCC2)cc1
C1=C(CC(CCc2ccccc2)C2CCCCC2)NC1c1cccnc1
C1=C(CC(CCc2ccccc2)C2CCCCC2)NCc2cnccc21
c1ccc(CCC(Cc2cc3ccncc3[nH]2)C2CCCCC2)cc1
c1ccc(CCC(Cc2cc3ccncc3[nH]2)C2CCCC2)cc1
C1=CC2(CCCCC2c2ccccc2)Cc2cnn(-c3ccccc3)c21
C1=CC2(CCCCC2c2ccccc2)Cc2cnn(-c3ccccc3)c21
C1=CC2(CCCCC2c2ccccc2)Cc2cnn(-c3ccccc3)c21
C1=C2CCCC(c3ccccc3)C2Cc2cnn(-c3ccccc3)c21
C1=C2CCCC(c3ccccc3)C2Cc2cnn(-c3ccccc3)c21
C1=C2CCCCC2Cc2cnn(-c3ccccc3)c21
C1=C2CCCCC2Cc2cnn(-c3ccccc3)c21
C1=C2CCCCC2Cc2cnn(-c3ccccc3)c21
C1=C2CCCCC2Cc2cnn(-c3ccccc3)c21
C1=C2CCCCC2Cc2cnn(-c3ccccc3)c21
C1=C2CCCCC2Cc2cnn(-c3ccccc3)c21
C1=C2CCCCCC2Cc2cnn(-c3ccccc3)c21
C1=C2CCCCCC2Cc2cnn(-c3ccccc3)c21
C1=C(CC2CCCCC3=Cc4c(cnn4-c4ccccc4)CC32)CC1
C1=CC(CC2CCCCC3=Cc4c(cnn4-c4ccccc4)CC32)=C1
C1=CC(CC2CCCCC3=Cc4c(cnn4-c4ccccc4)CC32)=C1
C1=CC(CC2CCCCCC3=Cc4c(cnn4-c4ccccc4)CC32)=C1
C1=CC(CC2CCCCCC3=Cc4c(cnn4-c4ccccc4)CC32)=C1
C1=CC(CC2CCCCCC3=Cc4c(cnn4-c4ccccc4)CC32)=C1
C1=CC(CC2CCCCCC3=Cc4c(cnn4-c4ccccc4)CC32)=C1
C1=CC(CC2CCCCCC3=Cc4c(cnn4-c4ccccc4)CC32)=C1
C1=C2CCCCCC(Cc3ccsc3)C2Cc2cnn(-c3ccccc3)c21
C1=C2CCCCC(Cc3ccsc3)C2Cc2cnn(-c3ccccc3)c21
C1=C2CCCCC(Cc3ccsc3)C2Cc2cnn(-c3ccccc3)c21
C1=C2CCCC(Cc3ccsc3)C2Cc2cnn(-c3ccccc3)c21
C1=CC2(CCCCC2c2ccccc2)Cc2cnn(-c3ccccc3)c21
c1ccc(C2CCCCC2Cc2cnn(-c3ccccc3)c2)cc1
c1ccc(CCCc2cnn(-c3ccccc3)c2)cc1
c1ccc(CCCc2cnn(-c3ccccc3)c2)cc1
c1ccc(CCCc2cnn(-c3ccccc3)c2)cc1
c1ccc(CCc2cnn(-c3ccccc3)c2)cc1
c1ccc(C(Cc2cnn(-c3ccccc3)c2)C2CCCC2)cc1
c1ccc(C(Cc2cnn(-c3ccccc3)c2)C2CCCOC2)cc1
c1ccc(C(Cc2cnn(-c3ccccc3)c2)C2CCCOC2)cc1
c1ccc(C(Cc2cnn(-c3ccccc3)c2)C2CCCOC2)cc1
c1ccc(C(Cc2cnn(-c3ccccc3)c2)C2CCCOCC2)cc1
c1ccc(C(Cc2cnn(-c3ccccc3)c2)C2CCCOCC2)cc1
c1ccc(C(Cc2cnn(-c3ccccc3)c2)C2CCCOCC2)cc1
c1ccc(C(Cc2cnn(-c3ccccc3)c2)C2CCCOCC2)cc1
c1ccc(C(Cc2cnn(-c3ccccc3)c2)C2CCOCC2)cc1
c1ccc(C(Cc2cnn(-c3ccccc3)c2)C2CCOCC2)cc1
c1ccc(C(Cc2cnn(-c3ccccn3)c2)C2CCOCC2)cc1
c1ccc(C(Cc2cnn(-c3cc4c(cn3)CC4)c2)C2CCOCC2)cc1
c1ccc(C(Cc2cnn(-c3cc4c(cn3)CNC4)c2)C2CCOCC2)cc1
c1ccc(C(Cc2cnn(-c3cc4c(cn3)CN4)c2)C2CCOCC2)cc1
c1ccc(C(Cc2cnn(-c3cc4c(cn3)N4)c2)C2CCOCC2)cc1
c1ccc(CCc2cnn(-c3cc4c(cn3)N4)c2)cc1
c1ccc(CCc2cnn(-c3cc4c(cn3)N4)c2)cc1
c1ccc(CCc2cnn(-c3cc4c(cn3)N4)c2)cc1
c1ccc(CCCc2cnn(-c3cc4c(cn3)N4)c2)cc1
c1ccc(CCCCc2cnn(-c3cc4c(cn3)N4)c2)cc1
c1ccc(CCCCc2cnn(-c3cc4c(cn3)N4)c2)cc1
c1ccc(CCCCc2ccn(-c3cc4c(cn3)N4)c2)cc1
c1ccc(CCCCc2ccn(-c3cc4c(cn3)N4)c2)cc1
C1=C(CCCCc2ccccc2)CN1c1cc2c(cn1)N2
C1=C(CCCCc2ccccc2)CN(c2cc3c(cn2)N3)C1
C1=C(CCCCc2ccccc2)CN(c2cc3c(cn2)N3)C1
C1=C(CCCCc2ccccc2)CCN(c2cc3c(cn2)N3)C1
C1=C(CCCc2ccccc2)CCN(c2cc3c(cn2)N3)C1
c1ccc(CCCC2CCN(c3cc4c(cn3)N4)C2)cc1
c1ccc(CCCC2CN(c3cc4c(cn3)N4)CCO2)cc1
c1ccc(CCCC2COCCN(c3cc4c(cn3)N4)C2)cc1
c1ccc(CCCN2c3cnc(N4CCCOCC4)cc32)cc1
c1ccc(CCCN2c3cnc(N4CCOCC4)cc32)cc1
c1ccc(CCCN2c3cnc(N4CCOCC4)cc32)cc1
c1ccc(CCCN2Cc3cc(N4CCOCC4)ncc32)cc1
c1ccc(CCCN2Cc3cc(N4CCOCC4)ncc32)cc1
c1ccc(CCCCN2Cc3cc(N4CCOCC4)ncc32)cc1
c1ccc(CCCCN2Cc3cc(N4CCOCC4)ncc32)cc1
c1ccc(CCCC2Cc3cc(N4CCOCC4)ncc3N2)cc1
c1ccc(CCCCC2Cc3cc(N4CCOCC4)ncc3N2)cc1
c1ccc(CCCCC2Nc3cnc(N4CCOCC4)cc32)cc1
c1ccc(CCCCC2CNc3cnc(N4CCOCC4)cc32)cc1
c1ccc(CCCCC2CNc3cnc(N4CCOCC4)cc3C2)cc1
c1ccc(CCCCC2CCc3cc(N4CCOCC4)ncc3NC2)cc1
C1=CC(CCCCc2ccccc2)CNc2cnc(N3CCOCC3)cc21
C1=CC(CCCCc2ccccc2)Nc2cnc(N3CCOCC3)cc21
C1=CC(CCCCc2ccccc2)Nc2cnc(N3CCCOCC3)cc21
c1ccc(CCCCc2cc3cc(N4CCCOCC4)ncc3[nH]2)cc1
c1ccc(CCCCCc2cc3cc(N4CCCOCC4)ncc3[nH]2)cc1
c1ccc(CCCCCc2cc3cc(N4CCCOCC4)ncc3[nH]2)cc1
c1ccc(CCCCCc2cc3cc(N4CCOCC4)ncc3[nH]2)cc1
c1ccc(CCCCc2cc3cc(N4CCOCC4)ncc3[nH]2)cc1
c1ccc(CCCCc2cc3cc(N4CCOCC4)ncc3[nH]2)cc1
c1ccc(CCCCc2cc3cc(N4CCOCC4)ncc3[nH]2)cc1
c1ccc(CCCCc2cc3cc(N4CCOCC4)ncc3[nH]2)cc1
c1ccc(CCCCc2cc3cc(N4CCOCC4)ncc3[nH]2)cc1
c1ccc(CCCCc2cc3cc(N4CCOCC4)ncc3[nH]2)cc1
C1=CC2(CCCCC2c2ccccc2)Cc2cnn(-c3ccccc3)c21
C1=CC(C2CCc3ccccc32)Cc2cnn(-c3ccccc3)c21
C1=CC(C2CCc3ccccc32)Cc2cnn(-c3ccccc3)c21
C1=CC(C2CCc3ccccc32)Cc2cnn(-c3ccccc3)c21
C1=CC(C2CCc3ccccc32)Cc2cnn(-c3ccccc3)c21
C1=C2CCC3Cc4ccccc4C3C2Cc2cnn(-c3ccccc3)c21
C=C1CCC2CCC3=Cc4c(cnn4-c4ccccc4)CC3C12
C1=C2CCC3CCCC3C2Cc2cnn(-c3ccccc3)c21
C1=C2CCC3CCCC3C2Cc2cnn(-c3ccccc3)c21
C1=C2CCC3CCCC3C2Cc2cnn(-c3ccccc3)c21
C1=C2CCC3CCCC3C2Cc2cnn(-c3ccccc3)c21
C1=C2CCC3CCCC3C2Cc2cnn(-c3ccccc3)c21
C1=C2CCC3CCCC3C2Cc2cnn(-c3ccccc3)c21
C1=C2CCC3CCCC3C2Cc2cnn(-c3ccccc3)c21
C1=C2CCC3CCCCC3C2Cc2cnn(-c3ccccc3)c21
C1=C2CCC3CCCCCC3C2Cc2cnn(-c3ccccc3)c21
C1=C2CCC3CCCCCC3C2Cc2cnn(-c3ccccc3)c21
C1=C2CCC3CCCCCCC3C2Cc2cnn(-c3ccccc3)c21
C1=C2CCC3CCCCCC3C2Cc2cnn(-c3ccccc3)c21
C1=C2CCC3CCCCC3C2Cc2cnn(-c3ccccc3)c21
C1=C2CCC3CCCCC3C2Cc2cnn(-c3ccccc3)c21
C1=C2CCC3CCCC3C2Cc2cnn(-c3ccccc3)c21
C1=C2CCC3C4CC4CC3C2Cc2cnn(-c3ccccc3)c21
C1=C2CCC3C4CC4CC3C2Cc2cnn(-c3ccccc3)c21
C1=C2CCC3C4CC4CC3C2Cc2cnn(-c3ccccc3)c21
C1=C2CCC3C4CC4CC3C2Cc2cnn(-c3ccccc3)c21
C1=C2CCC3C4CC4CCC3C2Cc2cnn(-c3ccccc3)c21
C1=C2CCC3C4CC4CCC3C2Cc2cnn(-c3ccccc3)c21
C1=C2CCC3C4CC4CCC3C2Cc2cnn(-c3ccccc3)c21
C1=C2CCC3C4CC4CCC3C2Cc2cnn(-c3ccccc3)c21
C1=C2CCCC3C4CC4CCC3C2Cc2cnn(-c3ccccc3)c21
C1=C2CCCC3C4CCC4CCC3C2Cc2cnn(-c3ccccc3)c21
C1=C2CCC3C4CCC4CCC3C2Cc2cnn(-c3ccccc3)c21
C1=C2CCC3C4CCCC4CCC3C2Cc2cnn(-c3ccccc3)c21
C1=C2CCC3C4CCCC4CCC3C2Cc2cnn(-c3ccccc3)c21
C1=CC2(CCCCC2c2ccccc2)Cc2cnn(-c3ccccc3)c21
C1=CC(Cc2ccccc2)Cc2cnn(-c3ccccc3)c21
C1=CC(Cc2ccccc2)Cc2cnn(-c3ccccc3)c21
C1=CC(Cc2ccccc2)Cc2cnn(-c3ccccc3)c21
C1=CC(Cc2ccccc2)CC=C1n1ncc2ccccc21
C1=CC(Cc2ccccc2)CC=C1n1ncc2ccccc21
C1=CC(Cc2ccccc2)CC=C1n1ncc2ccccc21
C(CCc1ccccc1)=C1CC=C1n1ncc2ccccc21
C(CCc1ccccc1)=C1CC=C1n1ncc2ccccc21
C(CCc1ccccc1)=C1CC=C1n1ncc2ccccc21
C(CCc1ccccc1)=C1CC=C(n2ncc3ccccc32)S1
C(NCCc1ccccc1)=C1CC=C(n2ncc3ccccc32)S1
C(NCCc1ccccc1)=C1C=C(n2ncc3ccccc32)S1
C(NCCc1ccccc1)=C1C=C(n2ncc3ccccc32)S1
C1=C(n2ncc3ccccc32)SC1CNCCc1ccccc1
C1=C(n2ncc3ccccc32)SC1CNCCc1ccccc1
C1=C(n2ncc3ccccc32)SC1CNCCc1ccccc1
C1=C(n2ncc3ccccc32)SC1CNCCc1ccccc1
C1=C(n2ncc3ccccc32)SC1CNCCc1ccccc1
C1=C(n2ncc3ccccc32)SC1CNCCc1ccccc1
C1=C(n2ncc3ccccc32)SC1CCNCCc1ccccc1
C1=C(n2ncc3ccccc32)SC1CCNCCc1ccccc1
C=C(CC1C=C(n2ncc3ccccc32)S1)NCCc1ccccc1
C=C(Cn1cc(-n2ncc3ccccc32)s1)NCCc1ccccc1
C=C(CCn1cc(-n2ncc3ccccc32)s1)NCCc1ccccc1
O=C(CCn1cc(-n2ncc3ccccc32)s1)NCCc1ccccc1
O=C(CCn1cc(-n2ncc3ccccc32)s1)NCCc1ccccc1
O=C(Cn1cc(-n2ncc3ccccc32)s1)NCCc1ccccc1
O=C(Cn1cc(-n2ncc3ccccc32)s1)NCCc1ccccc1
O=C(Cn1cc(-n2ncc3ccccc32)s1)NCCc1ccccc1
O=C(Cn1cc(-n2ncc3ccccc32)s1)NCCc1ccccc1
O=C(Cn1cc(-n2ncc3ccccc32)s1)NCCc1ccccc1
O=C(CC1C=C(n2ncc3ccccc32)S1)NCCc1ccccc1
O=C(CC1C=C(n2ncc3ccccc32)S1)NCCc1ccccc1
O=C(CC1C=C(n2ncc3ccccc32)S1)NCCc1ccccc1
O=C(CC1C=C(n2ncc3ccccc32)S1)NCCc1ccccc1
O=C(CC1C=C(n2ncc3ccccc32)S1)NCCc1ccccc1
O=C(CC1C=C(n2ncc3ccccc32)S1)NCCc1ccccc1
O=C(CCCOc1ccc2c(cnn2C2=CCS2)c1)NCCc1ccccc1
O=C(CCCOc1ccc2c(cnn2C2=CS2)c1)NCCc1ccccc1
O=C(CCCOc1ccc2c(cnn2C2=CS2)c1)NCCc1ccccc1
O=C(CCCOc1ccc2c(cnn2C2=CS2)c1)NCCc1ccccc1
O=C(CCCOc1ccc2c(cnn2C2=CS2)c1)NCCc1ccccc1
O=C(CCCOc1ccc2c(cnn2C2=CS2)c1)NCCc1ccccc1
O=C(CCCOc1ccc2c(cnn2C2=CS2)c1)NCCc1ccccc1
O=C(CCOc1ccc2c(cnn2C2=CS2)c1)NCCc1ccccc1
O=C(CCOc1ccc2c(cnn2C2=CS2)c1)NCCc1ccccc1
C1=C(n2ncc3cc(OCc4ccccc4)ccc32)S1
C1=C(n2ncc3cc(OCc4ccccc4)ccc32)S1
C1=C(n2ncc3cc(OCc4ccccc4)ccc32)S1
C1=C(n2ncc3cc(OCc4ccccc4)ccc32)S1
C1=C(n2ncc3cc(OCc4ccccc4)ccc32)S1
C1=C(n2ncc3cc(OCc4ccccc4)ccc32)SC1
C1=C(n2ncc3cc(OCc4ccccc4)ccc32)SCO1
C1=C(n2ncc3cc(OCc4ccccc4)ccc32)SCO1
C1=C(n2ncc3cc(OCc4ccccc4)ccc32)SCO1
C1=C(n2ncc3cc(OCc4ccccc4)ccc32)NCO1
C1=C(n2ncc3cc(OCc4ccccc4)ccc32)NCC1
C1=C(n2ncc3cc(OCc4ccccc4)ccc32)NNC1
C1=C(n2ncc3cc(OCc4ccccc4)ccc32)CNC1
C1=C(n2ncc3cc(OCc4ccccc4)ccc32)CNCC1
C1=C(n2ncc3cc(OCc4ccccc4)ccc32)NCC1
C1=C(n2ncc3cc(OCc4ccccc4)ccc32)NC1
C1=C(n2ncc3cc(OCc4ccccc4)ccc32)NC1
C1=C(n2ncc3cc(OCc4ccccc4)ccc32)SNC1
C1=C(n2ncc3cc(OCc4ccccc4)ccc32)SNC1
c1ccc(COc2ccc3c(cnn3-c3ccns3)c2)cc1
c1ccc(COc2ccc3c(cnn3-c3ccns3)c2)cc1
C1=CC2(CCCCC2c2ccccc2)Cc2cnn(-c3ccccc3)c21
C(=CC1CCCCC1c1ccccc1)c1ccnn1-c1ccccc1
C(=Cc1ccnn1-c1ccccc1)CCc1ccccc1
C(=Cc1ccnn1-c1ccccc1)CCc1ccccc1
O=C(CC=Cc1ccnn1-c1ccccc1)c1ccccc1
O=C(CC=Cc1ccnn1-c1ccccc1)c1ccccc1
O=C(CC=Cc1ccnn1-c1ccccc1)c1ccccc1
O=C(CC=Cc1ccnn1-c1ccccc1)c1ccccc1
O=C(CC=Cc1ccnn1-c1ccccc1)c1ccccc1
O=C(CCc1ccnn1-c1ccccc1)c1ccccc1
O=C(Cc1ccnn1-c1ccccc1)c1ccccc1
O=C(NCc1ccnn1-c1ccccc1)c1ccccc1
O=C(NCc1ccnn1-c1ccccc1)c1ccccc1
O=C(NCc1ccnn1-c1ccccc1)c1ccccc1
O=C(NCc1ccnn1-c1ccccc1)c1ccccc1
O=C(NCCc1ccnn1-c1ccccc1)c1ccccc1
O=C(NCCc1ccnn1-c1ccccc1)c1ccccc1
O=C(NCCCc1ccnn1-c1ccccc1)c1ccccc1
O=C(NCCCc1ccnn1-c1ccccc1)c1ccccc1
O=C(NCCc1ccnn1-c1ccccc1)c1ccccc1
O=C(NCCc1ccnn1-c1ccccc1)c1ccccc1
O=C(NCCc1ccnn1-c1ccccc1)c1ccccc1
O=C(NCCc1ccnn1-c1ccccc1)c1ccccc1
O=C(NCCc1ccnn1-c1ccccc1)c1ccccc1
O=C(NCCc1ccnn1-c1ccccc1)c1ccccc1
O=C(NCCc1ccnn1-c1ccccc1)c1ccccc1
O=C(NCCc1ccnn1-c1ccccc1)c1ccccc1
O=C(NCCCc1ccnn1-c1ccccc1)c1ccccc1
O=C(NCCCc1ccnn1-c1ccccc1)c1ccccc1
O=C(NCCCc1ccnn1-c1ccccc1)c1ccccc1
O=C(NCCCc1ccnn1-c1ccccc1)c1ccccc1
O=C(NCCCNc1ccnn1-c1ccccc1)c1ccccc1
O=C(NCCCNc1ccnn1-c1ccccc1)c1ccccc1
O=C(NCCCNc1ccnn1-c1ccccc1)c1ccccc1
O=C(NCCCNc1cnn(-c2ccccc2)c1)c1ccccc1
O=C(NCCCNc1cnn(-c2ccccc2)c1)c1ccccc1
O=C(NCCCNc1cnn(-c2ccccc2)c1)c1ccccc1
O=C(NCCCNNc1cnn(-c2ccccc2)c1)c1ccccc1
O=C(NCCCNNc1cnn(-c2ccccc2)c1)c1ccccc1
O=C(NCCCNNc1cnn(-c2ccccc2)c1)c1ccccc1
O=C(NCCCNCc1cnn(-c2ccccc2)c1)c1ccccc1
O=C(NCCCNCc1cnn(-c2ccccc2)c1)c1ccccc1
O=C(NCCCNCc1cnn(-c2ccccc2)c1)c1ccccc1
O=C(NCCCNCCc1cnn(-c2ccccc2)c1)c1ccccc1
O=C(NCCCNCCc1cnn(-c2ccccc2)c1)c1ccccc1
C=C(CNCCCNC(=O)c1ccccc1)c1cnn(-c2ccccc2)c1
C=C(CNCCCNC(=O)c1ccccc1)c1cnn(-c2ccccc2)c1
C=C(CNCCCNC(=O)c1ccccc1)c1cnn(-c2ccccc2)c1
C=C(CNCCCNC(=O)c1ccccc1)c1cnn(-c2ccccc2)c1
C=C(NCCCNC(=O)c1ccccc1)c1cnn(-c2ccccc2)c1
C=C(NCCCNC(=O)c1ccccc1)c1cnn(-c2ccccc2)c1
O=C(NCCCNC(=O)c1cnn(-c2ccccc2)c1)c1ccccc1
O=C(NCCCNC(=O)c1cnn(-c2ccccc2)c1)c1ccccc1
O=C(NCCCNC(=O)c1cnn(-c2ccccc2)c1)c1ccccc1
C1=CC2(CCCCC2c2ccccc2)Cc2cnn(-c3ccccc3)c21
C1=CC(CCCCCc2ccccc2)Cc2cnn(-c3ccccc3)c21
C1=CC(CCCCCc2ccccc2)Cc2cnn(-c3ccccc3)c21
C1=CC(CCCCCc2ccccc2)Cc2cnn(-c3ccccc3)c21
C1=CC(CCCCCc2ccccc2)CC=C1Nc1ccccc1
C(=CNc1ccccc1)CCCCCCCc1ccccc1
C(=CNc1ccccc1)CCCCCCCc1ccccc1
C(=CNc1ccccc1)CCCCCCCc1ccccc1
C(=CNc1ccccc1)CCCCCCCCc1ccccc1
C1=CCC(CCCCCCCCC=CNc2ccccc2)=C1
C(=CNc1ccccc1)CCCCCCCCc1ccc[nH]1
C(=CNc1ccccc1)CCCCCCCc1ccc[nH]1
C(=CNc1ccccc1)CCCCCCCc1ccc[nH]1
C=C1C=C(CCCCCCCC=CNc2ccccc2)N1
C=C1C=C(CCCCCCCC=CNc2ccccc2)N1
C=C1C=C(CCCCCCCC=CNc2ccccc2)N1
C=C1C=C(CCCCCCCCNc2ccccc2)N1
C=C1C=C(CCCCCCCNc2ccccc2)N1
C=C1C=C(CCCCCCCNc2ccccc2)N1
C=C1C=C(CCCCCCNc2ccccc2)N1
C=C1C=C(CCCCCNc2ccccc2)N1
C=C1C=C(CCCCNc2ccccc2)N1
C=C1C=C(CCCCNc2ccccc2)N1
C=C1C=C(CCCCNc2ccccc2)N1
C=C1C=C(CCCCNc2ccccc2)N1
C=C1C=C(CCCCNc2ccccc2)N1
C=C1C=C(CCCCCc2ccccc2)N1
C=C1C=C(CCCCc2ccccc2)N1
C=C1C=C(CCCCc2ccccc2)N1
C=C1C=C(CCCCc2ccccc2)N1
C=C1C=C(CCCCCc2ccccc2)N1
C=C1C=C(CCCOCCc2ccccc2)N1
C=C1C=C(CCCCc2ccccc2)N1
C=C1C=C(CCCCc2ccccc2)N1
C=C1C=C(CCCCc2ccccc2)N1
C=C1C=C(CCCCc2ccccc2)N1
C=C1C=C(CCCCc2ccccc2)N1
C=C1C=C(CCCCc2ccccc2)N1
C=C1C=C(CCCCc2ccccc2)N1
C=C1C=C(CCCCc2ccccc2)NC1
C=C1C=C(CCCCc2ccccc2)NC1
C1=C(CCCCc2ccccc2)NC2C=C12
c1ccc(CCCCc2ccc[nH]2)cc1
c1ccc(CCCCc2ccc[nH]2)cc1
c1ccc(CCCCc2ccc[nH]2)cc1
c1ccc(CCCCc2ccc[nH]2)cc1
c1ccc(CCCCc2ccc[nH]2)cc1
c1ccc(CCCCc2ccc[nH]2)cc1
c1ccc(CCCCc2ccc[nH]2)cc1
c1ccc(CCCCc2ccc[nH]2)cc1
c1ccc(CCCCc2ccc[nH]2)cc1
c1ccc(CCCCc2ccc[nH]2)cc1
c1ccc(CCCCc2ccc[nH]2)cc1
c1ccc(CCCCc2ccc[nH]2)cc1
c1ccc(CCCCc2ccc[nH]2)cc1
c1ccc(CCCCc2ccc[nH]2)cc1
c1ccc(CCCCc2ccc[nH]2)cc1
c1ccc(CCCCc2ccc[nH]2)cc1
c1ccc(CCCCc2ccc[nH]2)cc1
c1ccc(CCCCc2ccc[nH]2)cc1
C1=Cc2cc(CCCCc3ccccc3)[nH]c2CC1
c1ccc(CCCCc2cc3ccccc3[nH]2)cc1
c1ccc(CCCCc2cc3cc4cc-4c3[nH]2)cc1
c1ccc(CCCCc2cc3cc4cc-4c3[nH]2)cc1
c1ccc(CCCCc2cc3ccccc3[nH]2)cc1
c1ccc(CCCCc2cc3ccccc3[nH]2)cc1
c1ccc(CCCCc2cc3ccccc3[nH]2)cc1
c1ccc(CCCCc2cc3ccccc3[nH]2)cc1
c1ccc(CCCCc2cc3ccccc3[nH]2)cc1
c1ccc(CCCCc2cc3ccccc3[nH]2)cc1
c1ccc(CCCCc2cc3ccccc3[nH]2)cc1
c1ccc(CCCCc2cc3ccccc3[nH]2)cc1
c1ccc(CCCCc2cc3ccccc3[nH]2)cc1
c1ccc(CCCCc2cc3ccccc3[nH]2)cc1
c1ccc(CCCCc2cc3ccccc3[nH]2)cc1
c1ccc(CCCCc2cc3ccccc3[nH]2)cc1
c1ccc(CCCCc2cc3ccccc3[nH]2)cc1
c1ccc(CCCCc2cc3ccccc3[nH]2)cc1
c1ccc(CCCCc2cc3ccccc3[nH]2)cc1
c1ccc(CCCCc2cc3ccccc3[nH]2)cc1
c1ccc(CCCCc2cc3ccccc3[nH]2)cc1
c1ccc(CCCCc2cc3ccccc3[nH]2)cc1
C1=CC2(CCCCC2c2ccccc2)Cc2cnn(-c3ccccc3)c21
C1=CC2(Cc3cnn(-c4ccccc4)c3)C1CCCC2c1ccccc1
C1=CC(Cc2ccccc2)(Cc2cnn(-c3ccccc3)c2)C1
C1=CC(Cc2ccccc2)(Cc2ccccc2-n2cccn2)C1
c1ccc(CC2(Cc3ccccc3-n3cccn3)CC2)cc1
c1ccc(CC2(Cc3ccccc3-n3cccn3)CC2)cc1
c1ccc(CC2(Cc3ccccc3-n3cccn3)CC2)cc1
c1ccc(CC2(Cc3ccccc3-n3cccn3)CC2)cc1
c1ccc(CC2(Cc3ccccc3-n3cccn3)CCC2)cc1
c1ccc(CC2(Cc3ccccc3-c3cn[nH]c3)CCC2)cc1
c1ccc(CC(Cc2ccccc2-c2cn[nH]c2)C2CC2)cc1
C1=NC=C1c1ccccc1CC(Cc1ccccc1)C1CC1
C1=NC=C1c1ccccc1CC(Cc1ccccc1)C1CC1
C1=NC=C1c1ccccc1CC(CCc1ccccc1)C1CC1
C1=NC=C1c1ccccc1C(CCc1ccccc1)C1CC1
C1=NC=C1c1ccccc1C(CCc1ccccc1)C1CC1
C1=NC=C1c1ccccc1C(CCc1ccccc1)C1CC1
C1=NC=C1c1ccccc1C(CCc1ccccc1)C1CC1
C1=NC=C1c1ccc(CC(CCc2ccccc2)C2CC2)cc1
C1=NC=C1c1ccc(CC(CCc2ccccc2)C2CC2)cc1
C1=NC=C1c1ccc(CC(CCc2ccccc2)C2CC2)cc1
C1=NC=C1c1ccc(CC(CCc2ccccc2)C2CC2)nc1
c1ccc(CCC(Cc2ccccn2)C2CC2)cc1
c1ccc(CCC(Cc2ccccn2)C2CC2)cc1
c1ccc(CCC(Cc2ccccn2)C2CC2)cc1
c1ccc(CCC(Cc2ccncc2)C2CC2)cc1
c1ccc(CCC(Cc2ccncc2)C2CC2)cc1
c1ccc(CCC(Cc2ccncc2)C2CC2)cc1
c1ccc(CCC(C2CC2)C2CCCc3cnccc32)cc1
c1ccc(CCC(C2CC2)C2CCCc3cnccc32)cc1
c1ccc(CCC(CCC2Cc3cnccc32)C2CC2)cc1
c1ccc(CCC(CC2Cc3cnccc32)C2CC2)cc1
C1=C(CC(CCc2ccccc2)C2CC2)c2ccncc21
C1=Cc2cnccc2C=1CC(CCc1ccccc1)C1CC1
C1=C(CC(CCc2ccccc2)C2CC2)c2ccncc2C1
C1=C(CC(CCc2ccccc2)C2CC2)Nc2ccncc2C1
C1=C(CC(CCc2ccccc2)C2CC2)Nc2ccncc2C1
C1=C(CC(CCc2ccccc2)C2CCC2)Nc2ccncc2C1
c1ccc(CCC(Cc2cc3cnccc3[nH]2)C2CCC2)cc1
c1ccc(CCC(Cc2cc3cnccc3[nH]2)C2CC2)cc1
C1=CC2(CCCCC2c2ccccc2)Cc2cnn(-c3ccccc3)c21
C1=CC2(Cc3ccccc3)CC2c2cnn(-c3ccccc3)c21
c1ccc(CC2CC2c2cnn(-c3ccccc3)c2)cc1
c1ccc(-n2cc(C3CC3C3CCCc4ccccc43)cn2)cc1
c1ccc(-n2cc(C3CC3C3CCCc4ccccc43)cn2)cc1
c1ccc(-n2cc(C3CC3C3CCCc4ccccc43)cn2)cc1
c1ccc(-n2cc(C3CC3C3CCCc4ccccc43)cn2)cc1
c1ccc(-n2cc(C3CC3C3CCCc4ccccc43)cn2)cc1
c1ccc(-n2cc(CCC3CCCc4ccccc43)cn2)cc1
c1ccc(-n2cc(CCC3CCCc4ccccc43)cn2)cc1
c1ccc(-n2cc(CCC3CCCc4ccccc43)cn2)cc1
c1ccc(-n2cc(CCC3CCCc4ccccc43)cn2)cc1
c1ccc(-n2cc(CCC3CCCc4ccccc43)cn2)cc1
c1ccc(-n2cc(CCC3CCCc4ccccc43)cn2)cc1
c1ccc(-n2cc(CCC3CCCCc4ccccc43)cn2)cc1
c1ccc2c(c1)CCCCC2CCc1cn[nH]c1
c1ccc2c(c1)CCCC2CCc1cn[nH]c1
c1ccc2c(c1)CCCC2CCc1cn[nH]c1
c1ccc2c(c1)CCCC2CCc1cn[nH]c1
c1ccc2c(c1)CCCC2CCc1cn[nH]c1
c1ccc2c(c1)CCCC2CCc1cn[nH]c1
c1ccc2c(c1)CCCC2CCc1cn[nH]c1
c1ccc2c(c1)CCCC2CCc1cn[nH]c1
c1ccc2c(c1)CCCC2CCc1cn[nH]c1
c1ccc2c(c1)CCCC2CCc1cn[nH]c1
c1ccc2c(c1)CCCC2CCc1cn[nH]c1
c1ccc2c(c1)CCCC2CCc1cn[nH]c1
c1ccc2c(c1)CCCC2CCc1cn[nH]c1
c1ccc2c(c1)CCCCC2CCc1cn[nH]c1
c1ccc2c(c1)CCCCC2CCc1cn[nH]c1
c1ccc2c(c1)CCCCC2CCc1cn[nH]c1
c1ccc2c(c1)CCCCC2CCc1cn[nH]c1
c1ccc2c(c1)CCCCCC2CCc1cn[nH]c1
c1ccc2c(c1)CCCCCC2CCc1cn[nH]c1
c1ccc2c(c1)CCCCCC2CCc1cn[nH]c1
c1ccc2c(c1)CCCCC2CCc1cn[nH]c1
c1ccc2c(c1)CCCCC2CCc1cn[nH]c1
c1ccc2c(c1)CCCCC2CCc1cn[nH]c1
O=C(NCCCC1CCCCc2ccccc21)c1ccn[nH]1
O=C(NCCCC1CCCc2ccccc21)c1ccn[nH]1
O=C(NCCCC1CCCc2ccccc21)c1[nH]ncc1C1CC1
O=C(NCCCC1CCCc2ccccc21)c1ccn[nH]1
O=C(NCCCC1CCCc2ccccc21)c1ccn[nH]1
O=C(NCCCC1CCCc2ccccc21)c1ccn[nH]1
O=C(NCCCC1CCCc2ccccc21)c1ccn[nH]1
O=C(NCCCC1CCCc2ccccc21)c1ccn[nH]1
O=C(NCCCC1CCCCc2ccccc21)c1ccn[nH]1
O=C(NCCCCC1CCCCc2ccccc21)c1ccn[nH]1
O=C(NCCCCC1CCCCc2ccccc21)c1ccn[nH]1
O=C(NCCCCC1CCCCc2ccccc21)c1ccn[nH]1
O=C(NCCCCC1CCCCc2ccccc21)c1ccn[nH]1
O=C(NCCCCC1CCCCc2ccccc21)c1ccn[nH]1
O=C(NCCCCC1CCCc2ccccc21)c1ccn[nH]1
O=C(NCCCC1CCCc2ccccc21)c1ccn[nH]1
O=C(NCCCC1CCCc2ccccc21)c1ccn[nH]1
O=C(NCCCC1CCCc2ccccc21)c1ccn[nH]1
O=C(NCCCC1CCCc2ccccc21)c1ccn[nH]1
O=C(NCCCC1CCCc2ccccc21)c1ccn[nH]1
O=C(NCCCC1CCCc2ccccc21)c1ccn[nH]1
O=C(NCCCC1CCCc2ccccc21)c1ccn[nH]1
O=C(NCCCC1CCCc2ccccc21)c1ccn[nH]1
O=C1CNc2ccc(-c3cccs3)cc2C1
O=C1CN(c2ccc(-c3cccs3)cc2)C1
O=C1CN(c2ccc(-c3cccs3)cc2)C1
c1csc(-c2ccc(N3CCC3)cc2)c1
c1ccc(-c2cc(N3CCC3)cs2)cc1
c1ccc(-c2cc(N3CCC3)cs2)cc1
c1ccc(-c2cc(C3CCC3)cs2)cc1
c1ccc(-c2cc(C3CCC3)cs2)cc1
c1ccc(-c2cc(C3CCC3)co2)cc1
c1ccc(-c2cc(C3CCCC3)co2)cc1
c1ccc(-c2cc(C3CCCC3)co2)cc1
c1ccc(-c2cc(C3CCCCC3)co2)cc1
c1ccc(-c2cc(C3CCCCC3)co2)cc1
c1ccc(-c2cc(C3CCCCC3)co2)cc1
c1ccc(-c2cc(C3CCCCC3)co2)cc1
c1ccc(-c2cc(C3CCCCC3)co2)cc1
c1ccc(-c2cc(C3CCCCC3)c(C3CC3)o2)cc1
C1=C(c2ccccc2)OC1(C1CCCCC1)C1CC1
C1=C(c2ccccc2)OC1(C1CCCCC1)C1CC1
C1=C(c2ccccc2)OC1(C1CCCCC1)C1CC1
C1=C(c2ccccc2)OC1(C1CCCCC1)C1CC1
C1=C(c2ccccc2)OC1(C1CCCCC1)C1CC1
c1ccc(C2=NC(C3CCCCC3)(C3CC3)O2)cc1
c1ccc(C2=NC(C3CCCCC3)(C3CC3)O2)cc1
c1ccc(C2=NC(C3CCCCC3)(C3CC3)O2)cc1
c1ccc(C2=NC(C3CCCCC3)(C3CC3)O2)cc1
c1ccc(C2=NC(C3CCCC3)(C3CC3)O2)cc1
c1ccc(C2=NC(C3CCCC3)(C3CC3)O2)cc1
c1ccc(C2=NC(C3CCCC3)(C3CC3)O2)cc1
c1ccc(C2=NC(C3CC3)(C3CCC4CC43)O2)cc1
c1ccc(C2=NC(C3CC3)(C3CCC4CCC43)O2)cc1
c1ccc(C2=NC(C3CC3)(C3CCC4CCC43)O2)cc1
c1ccc(C2=NC(C3CC3)(C3CCCC4CCC43)O2)cc1
c1ccc(C2=NC(C3CC3)(C3CCCC4CCC43)O2)cc1
c1ccc(C2=NC(C3CC3)(C3CCCC4CC43)O2)cc1
c1ccc(C2=NC(C3CCCC4CC43)O2)cc1
c1ccc(C2=NC(C3CCCC4CC43)O2)cc1
c1ccc(C2=NC(C3CCCC4CCC43)O2)cc1
c1ccc(C2=NC(C3CCCC4CCC43)O2)cc1
c1ccc(C2=NC(C3CCCC4CCC43)O2)cc1
c1ccc(C2=NC(C3CCCC4CCC4C3)O2)cc1
c1ccc(C2=NC(C3CCCC4CCC4C3)O2)cc1
c1ccc(C2=NC(C3CCCC4CCC4C3)O2)cc1
c1ccc(C2=NC(C3CCCC4CCC4CC3)O2)cc1
c1ccc(C2=NC(C3CCCC4CCC4CC3)O2)cc1
c1ccc(C2=NC(C3CCCC4CCC4CC3)O2)cc1
c1ccc(C2=NC(C3CCCC4CCC4CC3)O2)cc1
c1ccc(C2=NC(C3CCCC4CCC4CC3)O2)cc1
c1ccc(C2=NC(C3CCCC4CCC4CC3)O2)cc1
c1ccc(C2=NC(C3CCCC4CCC4C3)O2)cc1
c1ccc(C2=NC(C3CCCC4CCC4C3)O2)cc1
c1ccc(C2=NC(C3CCCC4CCC4C3)O2)cc1
c1ccc(C2=NC(C3CCCC4CCC4C3)O2)cc1
c1ccc(C2=NC(C3CCCC4CCC4C3)O2)cc1
c1ccc(C2=NC(C3CCCC4CCC4C3)O2)cc1
c1ccc(C2=NC(C3CCCC4CCC4C3)O2)cc1
c1ccc(C2=NC(C3CCCC4CCC4C3)O2)cc1
O=C(CSCC1N=C(c2ccccc2)O1)C1CCCCC2CCC21
O=C(CSCC1N=C(c2ccccc2)O1)C1CCCC2CCC21
O=C(CSCC1CN=C(c2ccccc2)O1)C1CCCC2CCC21
O=C(CSC1CN=C(c2ccccc2)O1)C1CCCC2CCC21
O=C(CSC1CN=C(c2ccccc2)O1)C1CCCC2CCC21
O=C(CSC1CN=C(c2ccccc2)O1)C1CCC2CCC21
O=C(CSC1CCN=C(c2ccccc2)O1)C1CCC2CCC21
O=C(CSC1CCN=C(c2ccccc2)O1)C1CCC2CCC21
O=C(CSC1CCN=C(c2ccccc2)OC1)C1CCC2CCC21
O=C(CSC1CCCN=C(c2ccccc2)OC1)C1CCC2CCC21
O=C(CSC1CCCN=C(c2ccccc2)OC1)C1CCC2CCC21
O=C(CSC1=CCCN=C(c2ccccc2)OC1)C1CCC2CCC21
O=C(CSC1=CCCN=C(c2ccccc2)OC1)C1CCC2CCCC21
O=C(CSC1=CCN=C(c2ccccc2)OC1)C1CCC2CCCC21
O=C(CSC1=CCN=C(c2ccccc2)OC1)C1CCC2CCCC21
O=C(CSC1=CCN=C(c2ccccc2)OC1)C1CCC2CCC21
O=C(CSC1=CN=C(c2ccccc2)OC1)C1CCC2CCC21
O=C(CSCC1=CN=C(c2ccccc2)OC1)C1CCC2CCC21
O=C(CSCc1cnc(-c2ccccc2)o1)C1CCC2CCC21
O=C(CSc1cnc(-c2ccccc2)o1)C1CCC2CCC21
O=C(COSc1cnc(-c2ccccc2)o1)C1CCC2CCC21
O=C(CNSc1cnc(-c2ccccc2)o1)C1CCC2CCC21
O=C(CNSc1nnc(-c2ccccc2)o1)C1CCC2CCC21
O=C(CNSc1nnc(-c2ccccc2)o1)C1CCC2CCC21
O=C(CCSc1nnc(-c2ccccc2)o1)C1CCC2CCC21
O=C(CSc1nnc(-c2ccccc2)o1)C1CCC2CCC21
O=C(CSc1nnc(-c2ccccc2)o1)C1CCCC2CCC21
O=C(CSc1nnc(-c2ccccc2)o1)C1CCCCC2CCC21
O=C(CSc1nnc(-c2ccccc2)o1)C1CCCCC2CCC21
O=C(CSc1nnc(-c2ccccc2)o1)C1CC2CC2CC2CCC21
O=C(CSc1nnc(-c2ccccc2)o1)C1CC2CC2CCC2CCC21
O=C(CSc1nnc(-c2ccccc2)o1)C1CCCC2CC2C2CCC12
O=C(CSc1nnc(-c2ccccc2)o1)C1CCCC2CC2C2CCC12
O=C(CSc1nnc(-c2ccccc2)o1)C1CCCC2CC2C2CCC12
O=C(CSc1nnc(-c2ccccc2)o1)C1CCCC2CC2C2CCC12
O=C(CSc1nnc(-c2ccccc2)o1)C1CCC2CC2C2CCC12
O=C(CSc1nnc(-c2ccccc2)o1)C1CC2CCC3C2C3C2CCC12
O=C(CSc1nnc(-c2ccccc2)o1)C1CCC2CCC3C2C3C2CCC12
O=C(CSc1nnc(-c2ccccc2)o1)C1CCC2CCC3C2C3C2CCC12
O=C(CSc1nnc(-c2ccccc2)o1)C1CCC2CCC3C2C3C2CCC12
O=C(CSc1nnc(-c2ccccc2)o1)C1CCC2C(CC3CCC31)C1CC21
O=C(CSc1nnc(-c2ccccc2)o1)C1CCC2C(CC3CCC31)C1CC21
O=C(CSc1nnc(-c2ccccc2)o1)C1CCC2C(CC3CCC31)C1CC21
O=C(CSc1nnc(-c2ccccc2)o1)C1CCC2C(CC3CCC31)C1CC21
O=C(CSc1nnc(-c2ccccc2)o1)C1CCC2C(CC3CCC31)C1CC21
O=C(CSc1nnc(-c2ccccc2)o1)C1CCC2C3CCC3C2CC2CCC21
O=C(CSc1nnc(-c2ccccc2)o1)C1CCC2C3CCC3C2C2CCC12
O=C(CSc1nnc(-c2ccccc2)o1)C1CCC2C3CCC3C2C2CCC12
O=C(CSc1nnc(-c2ccccc2)o1)C1CCC2C3CCCC3C2C2CCC12
O=C(CSc1nnc(-c2ccccc2)o1)C1CCC2C3CCCCC3C2C2CCC12
O=C(CSc1nnc(-c2ccccc2)o1)C1CCC2C3CCCC3C2C2CCC12
O=C(CSc1nnc(-c2ccccc2)o1)C1CCC2C3CCCC3C2C2CCC12
O=C(CSc1nnc(-c2ccccc2)o1)C1CCC2C3CCCC3C2C2CCC12
O=C(CSc1nnc(-c2ccccc2)o1)C1CCC(C2CCCC2)CC2CCC21
O=C(CSc1nnc(-c2ccccc2)o1)C1CCC(C2CCCC2)CC2CCC21
O=C(CSc1nnc(-c2ccccc2)o1)C1CCC(C2CCC3CC32)CC2CCC21
O=C(CSc1nnc(-c2ccccc2)o1)C1CCC(C2CCC3CC32)CC2CCC21
O=C(CSc1nnc(-c2ccccc2)o1)C1CCC(C2CCC3CC32)CC2CCC21
O=C(CSc1nnc(-c2ccccc2)o1)C1CCC(C2CC3CC32)CC2CCC21
O=C(CSc1nnc(-c2ccccc2)o1)C1CCC(C2CC3CC32)CC2CCC21
O=C(CSc1nnc(-c2ccccc2)o1)C1CCC(C2C3CC4C3C42)CC2CCC21
O=C(CSc1nnc(-c2ccccc2)o1)C1CCC(CC2C3CCC32)CC2CCC21
O=C(CSc1nnc(-c2ccccc2)o1)C1CCC2C(C3CCC13)C2C1C2CCC21
O=C(CSc1nnc(-c2ccccc2)o1)C1CCCC(C2C3CCC32)CC2CCC21
O=C(CSc1nnc(-c2ccccc2)o1)C1CCCC(C2C3CCC32)CC2CCC21
O=C(CSc1nnc(-c2ccccc2)o1)C1CCCC(C2C3CCCC32)CC2CCC21
O=C(CSc1nnc(-c2ccccc2)o1)C1CCCC(C2C3CCCC32)C2CCC12
O=C(CSc1nnc(-c2ccccc2)o1)C1CCCC(C2C3CCCC32)C2CCC12
O=C(CSc1nnc(-c2ccccc2)o1)C1CCCC(C2C3CCCC32)CC2CCC21
O=C(CSc1nnc(-c2ccccc2)o1)C1CCCC(C2C3CCCCC32)CC2CCC21
O=C(CSc1nnc(-c2ccccc2)o1)C1CCC(C2C3CCCCC32)CC2CCC21
O=C(CSc1nnc(-c2ccccc2)o1)C1CCC(C2C3CCCCC32)CC2CCC21
O=C(CSc1nnc(-c2ccccc2)o1)C1CCC(C2C3CCCCC32)CC2CCC21
O=C(CSc1nnc(-c2ccccc2)o1)C1CCC(C2C3CCCC32)CC2CCC21
O=C(CSc1nnc(-c2ccccc2)o1)C1CCC(C2C3CCCC32)CC2CCC21
O=C(CSc1nnc(-c2ccccc2)o1)C1CCC(C2C3CCC32)CC2CCC21
O=C(CSc1nnc(-c2ccccc2)o1)C1CCC(C2C3CCC32)CC2CCC21
O=C(CSc1nnc(-c2ccccc2)o1)C1CCC(C2C3CCC32)CC2CCC21
O=C(CSc1nnc(-c2ccccc2)o1)C1CCC(C2C3CC32)CC2CCC21
O=C(CSc1nnc(-c2ccccc2)o1)C1CCC(C2C3CC32)CC2CCC21
O=C(CSc1nnc(-c2ccccc2)o1)C1CCC(C2CC2)CC2CCC21
O=C(CSc1nnc(-c2ccccc2)o1)C1CCC(C2CC2)CC2CCC21
O=C(CSc1nnc(-c2ccccc2)o1)C1CCC(C2CCC2)CC2CCC21
O=C(CSc1nnc(-c2ccccc2)o1)C1CCC(C2CCCC2)CC2CCC21
O=C(CSc1nnc(-c2ccccc2)o1)C1CCC(C2CCCC2)CC2CCC21
O=C(CSc1nnc(-c2ccccc2)o1)C1CCC(C2CCCC2)C2CCC12
O=C(CSc1nnc(-c2ccccc2)o1)C1CCC(C2CCCC2)C2CCC12
O=C1CCC(C2CCC(C(=O)CSc3nnc(-c4ccccc4)o3)C3CCC23)C1
O=C1CCC(C2CCC(C(=O)CSc3nnc(-c4ccccc4)o3)C3CCC3C2)C1
O=C1CCC(C2CCC(C(=O)CSc3nnc(-c4ccccc4)o3)C3CCC3C2)C1
O=C1CC(C2CCC(C(=O)CSc3nnc(-c4ccccc4)o3)C3CCC3C2)C1
O=C1CC(C2CCC3CCC3C(C(=O)CSc3nnc(-c4ccccc4)o3)CC2)C1
O=C1CC(C2CCC3CCC3C(C(=O)CSc3nnc(-c4ccccc4)o3)CC2)C1
O=C1CCC(C2CCC3CCC3C(C(=O)CSc3nnc(-c4ccccc4)o3)CC2)C1
O=C1CCC(C2CCC3CCC3C(C(=O)CSc3nnc(-c4ccccc4)o3)CC2)C1
O=C(CSc1nnc(-c2ccccc2)o1)C1CCC(C2CC3C(=O)C32)CCC2CCC21
O=C(CSc1nnc(-c2ccccc2)o1)C1CCC(C2CC3C(=O)C32)CC2CCC21
O=C(CSc1nnc(-c2ccccc2)o1)C1CCC(C2CCC3C(=O)C32)CC2CCC21
O=C(CSc1nnc(-c2ccccc2)o1)C1CCC(C2CCC3C(=O)C32)C2CCC12
O=C1C2CCC(C3CCC(C(=O)CSc4nnc(-c5ccccc5)o4)C4CCC34)CC12
O=C1C2CCC(C3CCC(C(=O)CSc4nnc(-c5ccccc5)o4)C4CCC4C3)CC12
O=C1CCCC(C2CCC(C(=O)CSc3nnc(-c4ccccc4)o3)C3CCC3C2)CC1
O=C1CCCC(C2CCC(C(=O)CSc3nnc(-c4ccccc4)o3)C3CCC3C2)CC1
O=C1CCC(C2CCC(C(=O)CSc3nnc(-c4ccccc4)o3)C3CCC3C2)CC1
O=C1CCC(C2CCC3CCC3C(C(=O)CSc3nnc(-c4ccccc4)o3)CC2)CC1
O=C1CCCC(C2CCC3CCC3C(C(=O)CSc3nnc(-c4ccccc4)o3)CC2)CC1
O=C1CCCC(C2CCC3CCC3C(C(=O)CSc3nnc(-c4ccccc4)o3)CC2)C1
O=C1CCCC(C2CCC3CCC3C(C(=O)CSc3nnc(-c4ccccc4)o3)CC2)C1
O=C1CCCC(C2CCC3CCC3C(C(=O)CSc3nnc(-c4ccccc4)o3)CC2)C1
O=C1CCC(C2CCC3CCC3C(C(=O)CSc3nnc(-c4ccccc4)o3)CC2)C1
O=C1CCC1C1CCC2CCC2C(C(=O)CSc2nnc(-c3ccccc3)o2)CC1
O=C(CSc1nnc(-c2ccccc2)o1)C1CCC(C2CCC2)CCC2CCC21
O=C(CSc1nnc(-c2ccccc2)o1)C1CCC(C2CCC2)CCC2CCC21
O=C(CSc1nnc(-c2ccccc2)o1)C1CCC(C2CCC2)CC2CCC21
O=C(CSc1nnc(-c2ccccc2)o1)C1CCC(C2CCC2)CC2CCC21
O=C(CSc1nnc(-c2ccccc2)o1)C1CCC(C2CCC2)CC2CCC21
O=C(CSc1nnc(-c2ccccc2)o1)C1CCC(C2CC2)CC2CCC21
O=C(CSc1nnc(-c2ccccc2)o1)C1CCC(C2CC2)CC2CCC21
O=C(CSc1nnc(-c2ccccc2)o1)C1CCCCC2CCC21
O=C(CSc1nnc(-c2ccccc2)o1)C1CCC2CCCCC2C2CCC12
O=C(CSc1nnc(-c2ccccc2)o1)C1CCC2CCCCC2C2CCC12
O=C(CSc1nnc(-c2ccccc2)o1)C1CCC2CCCCC2C2CCC12
O=C(CSc1nnc(-c2ccccc2)o1)C1CCC2CCCCC2C2CCC12
O=C(CSc1nnc(-c2ccccc2)o1)C1CCC2CCCCC2C2CCC12
O=C(CSc1nnc(-c2ccccc2)o1)C1CCC2CCCCCC2C2CCC12
O=C(CSc1nnc(-c2ccccc2)o1)C1CCC2CCCCCC2CC2CCC21
O=C(CSc1nnc(-c2ccccc2)o1)C1CCC2CCCCCC2CC2CCC21
O=C(CSc1nnc(-c2ccccc2)o1)C1CCC2CCCCCCC2CC2CCC21
O=C(CSc1nnc(-c2ccccc2)o1)C1CCC2CC3CCC3CC2CC2CCC21
O=C(CSc1nnc(-c2ccccc2)o1)C1CCC2CCC3CCC3CC2CC2CCC21
O=C(CSc1nnc(-c2ccccc2)o1)C1CCC2CCC3CCC3C2CC2CCC21
O=C(CSc1nnc(-c2ccccc2)o1)C1CCC2CCC3CCC3C2CC2CCC21
O=C(CSc1nnc(-c2ccccc2)o1)C1CCC2CCC3CCC3C2CC2CCC21
O=C(CSc1nnc(-c2ccccc2)o1)C1CCC2CCC3CC3C2CC2CCC21
O=C(CSc1nnc(-c2ccccc2)o1)C1CCCC(C2CC2)CC2CCC21
O=C(CSc1nnc(-c2ccccc2)o1)C1CCCC(C2CCC2)CC2CCC21
O=C(CSc1nnc(-c2ccccc2)o1)C1CCCC(C2CCC2)C2CCC12
O=C(CSc1nnc(-c2ccccc2)o1)C1CCCC(C2CCC2)C2CCC12
O=C(CSc1nnc(-c2ccccc2)o1)C1CCC2C(C3CCC3)CCCC12
O=C(CSc1nnc(-c2ccccc2)o1)C1CCC2C(C3CCC3)CCCC12
O=C(CSc1nnc(-c2ccccc2)o1)C1CCC2C1CCC1C3CCC3C21
O=C(CSc1nnc(-c2ccccc2)o1)C1CCC2C1CCC1CC3CCC3C12
O=C(CSc1nnc(-c2ccccc2)o1)C1CCC2C1CCC1CC3CCC3C12
O=C(CSc1nnc(-c2ccccc2)o1)C1CCC2C1CCC1CC3CCC3C12
O=C(CSc1nnc(-c2ccccc2)o1)C1CCC2C1CCC1CCC3CCC3C12
O=C(CSc1nnc(-c2ccccc2)o1)C1CCC2C1CCC1CCC3CCC3C12
O=C(CSc1nnc(-c2ccccc2)o1)C1CCC2C1CCC1CCC3CC3C12
O=C(CSc1nnc(-c2ccccc2)o1)C1CCC2C3CCCCCC3CCC12
O=C(CSc1nnc(-c2ccccc2)o1)C1CCC2C3CCNCCC3CCC12
O=C(CSc1nnc(-c2ccccc2)o1)C1CCC2C3CCNCCCC3CCC12
O=C(CSc1nnc(-c2ccccc2)o1)C1CCC2C3CCNCCCC3CCC12
O=C(CSc1nnc(-c2ccccc2)o1)C1CCC2C3CCNCCCC3CCC12
O=C(CSc1nnc(-c2ccccc2)o1)C1CCC2C3CCNCCCC3CCC12
O=C(CSc1nnc(-c2ccccc2)o1)C1CCC2C3CNCCCC3CCC12
O=C(CSc1nnc(-c2ccccc2)o1)C1CCC2C3CNCCC3CCC12
O=C(CSc1nnc(-c2ccccc2)o1)C1CCC2C3CNCCC3CCC12
O=C(CSc1nnc(-c2ccccc2)o1)C1CCC2C3CCNCCC3CCC12
O=C(CSc1nnc(-c2ccccc2)o1)C1CCC2C3CCNCCC3CCC12
O=C(CSc1nnc(-c2ccccc2)o1)C1CCC2C3CCNCCC3CCC12
O=C(CSc1nnc(-c2ccccc2)o1)C1CCC2C3CCNCCC3CCC12
O=C(CSc1nnc(-c2ccccc2)o1)C1CCC2C3CCCCCC3CCC12
O=C(CSc1nnc(-c2ccccc2)o1)C1CCC2C3CCCCCC3CCC12
O=C(CSc1nnc(-c2ccccc2)o1)C1CCC2C3CCCCCC3CCC12
O=C(CSc1nnc(-c2ccccc2)o1)C1CCC2C3CCCCCC3CCC12
O=C(CSc1nnc(-c2ccccc2)o1)C1CCC2C3CCCCCC3CCC12
O=C(CSc1nnc(-c2ccccc2)o1)C1CCC2C3CCCCCCC3CCC12
O=C(CSc1nnc(-c2ccccc2)o1)C1CCC2C3CCCCCCC3CCC12
O=C(CSc1nnc(-c2ccccc2)o1)C1CCC2C3CCCCCCC3CCC12
O=C(CSc1nnc(-c2ccccc2)o1)C1CCC2C1CCC1C3CCCC3CC12
O=C(CSc1nnc(-c2ccccc2)o1)C1CCC2C1CCC1C3CCCCC3CC12
O=C(CSc1nnc(-c2ccccc2)o1)C1CCC2C3CCCC3CCC12
O=C(CSc1nnc(-c2ccccc2)o1)C1CCC2C3CCCC3CCC12
O=C(CSc1nnc(-c2ccccc2)o1)C1CCC2C3CCCC3CCC12
O=C(CSc1nnc(-c2ccccc2)o1)C1CCC2C3CCCC3CCC12
O=C(CSc1nnc(-c2ccccc2)o1)C1CCC2C3CCCC3CCC12
O=C(CSc1nnc(-c2ccccc2)o1)C1CCC2C3CCCC3CCC12
O=C(CSc1nnc(-c2ccccc2)o1)C1CCC2C3CCCC3CCC12
O=C(CSc1nnc(-c2ccccc2)o1)C1CCC2C3CCCCC3CCC12
O=C(CSc1nnc(-c2ccccc2)o1)C1CCC2C3CCCCC3CCC12
O=C(CSc1nnc(-c2ccccc2)o1)C1CCC2C3CCCCC3CCC12
O=C(CSc1nnc(-c2ccccc2)o1)C1CCC2C3CCCCCC3CCC12
O=C(CSc1nnc(-c2ccccc2)o1)C1CCC2C3CCCCCC3CCC12
O=C(CSc1nnc(-c2ccccc2)o1)C1CCC2C3CCCCCCC3CCC12
O=C(CSc1nnc(-c2ccccc2)o1)C1CCC2C3CCCCCCC3CCC12
O=C(CSc1nnc(-c2ccccc2)o1)C1CCC2C3CCCCCCC3CCC12
O=C(CSc1nnc(-c2ccccc2)o1)C1CCC2C3CCCCCCC3CCC12
O=C(CSc1nnc(-c2ccccc2)o1)C1CCC2C3CCCCCCC3CCC12
O=C(CSc1nnc(-c2ccccc2)o1)C1CCC2C3CCCCCCC3CCC12
O=C(CSc1nnc(-c2ccccc2)o1)C1CCC2C3CCCCCCC3CCC12
O=C(CSc1nnc(-c2ccccc2)o1)C1CCC2C3CCCCCCC3CCC12
O=C(CSc1nnc(-c2ccccc2)o1)C1CCC2C3CCCCCCC3CCC12
O=C(CSc1nnc(-c2ccccc2)o1)C1CCC2C3CCCCCC3CCC12
O=C(CSc1nnc(-c2ccccc2)o1)C1CCC2C3CCCCCC3CCC12
O=C(CSc1nnc(-c2ccccc2)o1)C1CCC2C3CCCCC3CCC12
O=C(CSc1nnc(-c2ccccc2)o1)C1CCC2C3CCCCC3CCC12
O=C(CSc1nnc(-c2ccccc2)o1)C1CCC2C3CCCC3CCC12
O=C(CSc1nnc(-c2ccccc2)o1)C1CCC2C3CCCC3CCC12
O=C(CSc1nnc(-c2ccccc2)o1)C1CCC2C1CCC1C(C3CC3)CCC12
O=C(CSc1nnc(-c2ccccc2)o1)C1CCC2C1CCC1C(C3=CC3)CCC12
O=C(CSc1nnc(-c2ccccc2)o1)C1CCC2C1CCC1C(C3=CC3)CCC12
N=c1cc1C1CCC2C1CCC1C(C(=O)CSc3nnc(-c4ccccc4)o3)CCC12
N=c1cc1C1CCC2C1CCC1C(C(=O)CSc3nnc(-c4ccccc4)o3)CCC12
N=c1cc1C1CCCC2C1CCC1C(C(=O)CSc3nnc(-c4ccccc4)o3)CCC12
N=c1cc1C1CCCC2C1CCC1C(C(=O)CSc3nnc(-c4ccccc4)o3)CCC12
O=C(CSc1nnc(-c2ccccc2)o1)C1CCC2C1CCC1C(c3cc3=O)CCCC12
O=C(CSc1nnc(-c2ccccc2)o1)C1CCC2C1CCC1C(c3cc3=O)CCCCC12
O=C(CSc1nnc(-c2ccccc2)o1)C1CCC2C1CCC1C(c3cc3=O)CCCCC12
O=C(CSc1nnc(-c2ccccc2)o1)C1CCC2C1CCC1C(c3cc3=O)CCCCCC12
O=C1C=C2CCCCC3C(CCC4C(C(=O)CSc5nnc(-c6ccccc6)o5)CCC43)C2C1
O=C1C=C2CCCC3C(CCC4C(C(=O)CSc5nnc(-c6ccccc6)o5)CCC43)C2C1
O=C1C=C2CCC3C(CCC4C(C(=O)CSc5nnc(-c6ccccc6)o5)CCC43)C2C1
O=C1C=C2CCC3C(CCC4C(C(=O)CSc5nnc(-c6ccccc6)o5)CCC43)C2CC1
O=C1C=C2CCCC3C(CCC4C(C(=O)CSc5nnc(-c6ccccc6)o5)CCC43)C2CC1
O=C1C=CC2C(=C1)CCCC1C2CCC2C(C(=O)CSc3nnc(-c4ccccc4)o3)CCC21
O=C1C=CC2C(=C1)CCC1C2CCC2C(C(=O)CSc3nnc(-c4ccccc4)o3)CCC21
O=C1CNc2ccc(-c3cccs3)cc2C1
O=C1Cc2ccccc2NC1Cc1cccs1
O=C(CCc1cccs1)Cc1ccccc1
O=C(CCc1cccs1)Cc1ccccc1
O=C(CCc1cccs1)Cc1ccccc1
O=C(CCc1cccs1)Cc1ccccc1
O=C(CCc1cccs1)Cc1ccccc1
O=C(CCc1ccccc1)CCc1cccs1
O=C(CCc1ccccc1)CCc1cccs1
O=C(CCc1cccs1)NCCc1ccccc1
O=C(CCc1cccs1)NCCc1ccccc1
O=C(CCC1=CCC=CS1)NCCc1ccccc1
O=C(NCCc1ccccc1)C1=CCC=CSCC1
O=C(NCCc1ccccc1)C1=CCC=CSC1
O=C(NCCc1ccccc1)C1=CCC=CS1
O=C(NCCc1ccccc1)C1=CCC=CS1
O=C(NCCc1ccccc1)C1=CCC=CO1
O=C(NCCc1ccccc1)C1=CCC=CO1
O=C(NCCc1ccccc1)C1=CCC=CO1
O=C(NCCc1ccccc1)C1=NCC=CO1
O=C(NCCc1ccccc1)c1ncco1
O=C(NCCc1ccccc1)c1ncco1
O=C(NCCc1ccccc1)c1ncco1
O=C(NCCc1ccccc1)c1ncco1
O=C(NCCc1ccccc1)c1nnco1
O=C(NCCc1ccccc1)c1nnco1
O=C(NCC(OOC1=CCO1)c1ccccc1)c1nnco1
O=C(NCC(OC1=CCO1)c1ccccc1)c1nnco1
O=C(NCC(OC1=CCC1)c1ccccc1)c1nnco1
O=C(NCC(OC1=CCCC1)c1ccccc1)c1nnco1
O=C(NCC(OC1=CCCCC1)c1ccccc1)c1nnco1
O=C(NCC(OC1=CCCCCC1)c1ccccc1)c1nnco1
O=C(NCC(OC1=CCCCC1)c1ccccc1)c1nnco1
O=C(NCC(OC1=CCCC=C1)c1ccccc1)c1nnco1
O=C(NCC(OC1=CCCC=C1)c1ccccc1)c1nnco1
O=C(NCC(OC1=CCCC=C1)c1ccccc1)c1nnco1
O=C(NCC(OC1=CCCC=C1)c1ccccc1)c1nnco1
O=C(NCC(Oc1ccccc1)c1ccccc1)c1nnco1
O=C(NCC(OC1=CC=CCC=C1)c1ccccc1)c1nnco1
O=C(NCC(OC1=CC=CCC=C1)c1ccccc1)c1nnco1
O=C(NCC(OC1=CC=CCC=C1)c1ccccc1)c1nnco1
O=C(NCC(OC1=CC=CCC=C1)c1ccccc1)c1nnco1
O=C(NCC(Oc1ccccc1)c1ccccc1)c1nnco1
O=C(NCC(Oc1ccccc1)c1ccccc1)c1nnco1
O=C(NCC(Oc1ccccc1)c1ccccc1)c1nnco1
O=C(NCC(Oc1ccccc1)c1ccccc1)c1nnco1
O=C(NCC(Oc1ccccc1)c1ccccc1)c1nnco1
O=C(NCC(Oc1ccccc1)c1ccccc1)c1nnco1
O=C(NCC(Oc1ccccc1)c1ccccc1)c1nnco1
O=C(NCC(Oc1ccccc1)c1ccccc1)c1nnco1
O=C(NCC(Oc1ccccc1)c1ccccc1)c1nnco1
O=C(NCC(Oc1ccc(N2CN2)cc1)c1ccccc1)c1nnco1
O=C(NCC(Oc1ccc(N2CN2)cc1)c1ccccc1)c1nnco1
O=C(NCC(Oc1ccc(N2C=N2)cc1)c1ccccc1)c1nnco1
O=C(NCC(Oc1ccc(N2CN2)cc1)c1ccccc1)c1nnco1
O=C(NCC(Oc1ccc(N2CN2)cc1)c1ccccc1)c1nnco1
O=C(NCC(Oc1ccc(N2C=N2)cc1)c1ccccc1)c1nnco1
O=C(NCC(Oc1ccc(N2C=N2)cc1)c1ccccc1)c1nnco1
O=C(NCC(Oc1ccc2[nH]ccc2c1)c1ccccc1)c1nnco1
O=C(NCC(Oc1ccc2[nH]ncc2c1)c1ccccc1)c1nnco1
O=C(NCC(Oc1ccc2[nH]ncc2c1)c1ccccc1)c1nnco1
O=C(NCC(Oc1ccc2[nH]ncc2c1)c1ccccc1)c1nnco1
O=C(NCC(Oc1ccc2[nH]ncc2c1)c1ccccc1)c1nnco1
O=C(NCC(Oc1ccc2[nH]ncc2c1)c1ccccc1)c1nnco1
O=C(NCC(Oc1ccc2[nH]ncc2c1)c1ccccc1)c1nnco1
O=C(NCC(Oc1ccc2c(cnn2C2=CC2)c1)c1ccccc1)c1nnco1
O=C(NCC(Oc1ccc2c(cnn2C2=CC2)c1)c1ccccc1)c1nnco1
O=C(NCC(Oc1ccc2c(cnn2C2=CC2)c1)c1ccccc1)c1nnco1
O=C(NCC(Oc1ccc2c(cnn2C2=CCC2)c1)c1ccccc1)c1nnco1
O=C(NCC(Oc1ccc2c(cnn2C2=CCC2)c1)c1ccccc1)c1nnco1
O=C(NCC(Oc1ccc2c(cnn2C2=CC2)c1)c1ccccc1)c1nnco1
C=C1C=C1n1ncc2cc(OC(CNC(=O)c3nnco3)c3ccccc3)ccc21
O=C(NCC(Oc1ccc2c(cnn2C=C2C=C2)c1)c1ccccc1)c1nnco1
O=C(NCC(Oc1ccc2c(cnn2C=C2C=C2)c1)c1ccccc1)c1nnco1
O=C(NCC(Oc1ccc2c(cnn2C=C2C=C2)c1)c1ccccc1)c1nnco1
O=C(NCC(Oc1ccc2c(cnn2C2=CC=CC2)c1)c1ccccc1)c1nnco1
O=C(NCC(Oc1ccc2c(cnn2C2=CC=CC2)c1)c1ccccc1)c1nnco1
O=C(NCC(Oc1ccc2c(cnn2C2=CC=CC2)c1)c1ccccc1)c1nnco1
O=C(NCC(Oc1ccc2c(cnn2C2=CC=CCC2)c1)c1ccccc1)c1nnco1
O=C(NCC(Oc1ccc2c(cnn2C2=CC=CCC2)c1)c1ccccc1)c1nnco1
O=C(NCC(Oc1ccc2c(cnn2C2=CC=CCC2)c1)c1ccccc1)c1nnco1
O=C(NCC(Oc1ccc2c(cnn2C2=CC=CCC2)c1)c1ccccc1)c1nnco1
O=C(NCC(Oc1ccc2c(cnn2C2=CC=CCC2)c1)c1ccccc1)c1nnco1
O=C(NCC(Oc1ccc2c(cnn2-c2ccccc2)c1)c1ccccc1)c1nnco1
O=C(NCC(Oc1ccc2c(cnn2-c2ccccc2)c1)c1ccccc1)c1nnco1
O=C(NCC(Oc1ccc2c(cnn2-c2ccccc2)c1)c1ccccc1)c1nnco1
O=C(NCC(Oc1ccc2c(cnn2-c2ccccc2)c1)c1ccccc1)c1nnco1
O=C1CNc2ccc(-c3cccs3)cc2C1
c1ccc(-c2cccs2)cc1
O=C(Cc1cccc(-c2cccs2)c1)C1CN1
O=C(Cc1cccc(-c2cccs2)c1)C1CN1
O=C(Cc1cccc(-c2cccs2)c1)C1CN1
N=c1c2cc(-c3cccc(CC(=O)C4CN4)c3)sc12
N=c1c2cc(-c3cccc(CC(=O)C4CN4)c3)sc12
N=c1c2cc(-c3cccc(CC(=O)C4CN4)c3)sc12
N=c1c2cc(-c3cccc(CC(=O)C4CN4)c3)oc12
C=C1c2cc(-c3cccc(CC(=O)C4CN4)c3)oc21
O=C(Cc1cccc(-c2cc3c(o2)C=C3)c1)C1CN1
O=C(Cc1cccc(-c2cc3c(o2)C=C3)c1)C1CN1
C1=Cc2oc(-c3cccc(CCC4CN4)c3)cc21
C(=CC1CN1)c1cccc(-c2cc3c(o2)C=C3)c1
C(=CC1CN1)c1cccc(-c2cc3c(o2)C=C3)c1
C(=CC1CN1)c1cccc(-c2cc3c(o2)C=C3)c1
C(=CC1CN1)c1cccc(-c2cc3c(o2)C=C3)c1
C1=Cc2oc(-c3cccc(C4=CCN4)c3)cc21
C1=Cc2oc(-c3cccc(C4=CCN4)c3)cc21
C1=Cc2oc(-c3cccc(C4=CCN4)c3)cc21
C1=CC(C=Cc2cccc(C3=CCN3)c2)=C1
C1=CC(C=Cc2cccc(C3=CCN3)c2)=C1
C1=CC(C=Cc2cccc(C3=CCN3)c2)=C1
C(=Cc1ccc[nH]1)c1cccc(C2=CCN2)c1
C1=COC(=Cc2cccc(C3=CCN3)c2)C=C1
C1=COC(=Cc2cccc(C3=CCN3)c2)C=C1
C1=COC(=Cc2cccc(C3=CCN3)c2)C=C1
C1=COC(=Cc2cccc(C3=CCN3)c2)C=C1
C1=COC(=Cc2cccc(C3=CCN3)c2)C=C1
C1=COC(=Cc2cccc(C3=CCN3)c2)C=C1
C1=COC(=Cc2cccc(C3=CCN3)c2)C=C1
C1=COC(=Cc2cccc(C3=CCN3)c2)C=C1
C1=COC(=Cc2cccc(C3=CCN3)c2)C=C1
C1=COC(=Cc2cccc(C3=CCN3)c2)C=C1
C1=COC(=Cc2cccc(C3=CCN3)c2)C=C1
C1=COC(=Cc2cccc(C3=CCN3)c2)C=C1
C1=COC(=Cc2cccc(C3=CCN3)c2)C=C1
C1=COC(=Cc2cccc(C3=CCN3)c2)C=C1
C1=COC(=Cc2cccc(C3=CCN3)c2)C=C1
C1=COC(=Cc2cccc(C3=CCN3)c2)C=C1
C1=COC(=Cc2cccc(C3=CCN3)c2)C=C1
C1=COC(=Cc2cccc(C3=CCN3)c2)C=C1
C1=COC(=Cc2cccc(C3=CCN3)c2)C=C1
C1=COC(=Cc2cccc(C3=CCN3)c2)C=C1
C1=COC(=Cc2cccc(C3=CCN3)c2)C=C1
C1=COC(=Cc2cccc(C3=CCN3)c2)C=C1
C1=COC(=Cc2cccc(C3=CCN3)c2)C=C1
C1=COC(=Cc2cccc(C3=CCN3)c2)C=C1
C1=COC(=Cc2cccc(C3=CCN3)c2)C=C1
C1=COC(=Cc2cccc(C3=CCN3)c2)C=C1
C1=COC(=Cc2cccc(C3=CCN3)c2)C=C1
C1=COC(=Cc2cccc(C3=CCN3)c2)C=C1
C1=COC(=Cc2cccc(C3=CCN3)c2)C=C1
C1=COC(=Cc2cccc(C3=CCN3)c2)C=C1
C1=COC(=Cc2cccc(C3=CCN3)c2)C=C1
C1=COC(=Cc2cccc(C3=CCN3)c2)C=C1
C1=COC(=Cc2cccc(C3=CCN3)c2)C=C1
C1=COC(=Cc2cccc(C3=CCN3)c2)C=C1
C1=COC(=Cc2cccc(C3=CCN3)c2)C=C1
C1=COC(=Cc2cccc(C3=CCN3)c2)C=C1
C1=COC(=Cc2cccc(C3=CCN3)c2)C=C1
C1=COC(=Cc2cccc(C3=CCN3)c2)C=C1
C1=COC(=Cc2cccc(C3=CCN3)c2)C=C1
C1=COC(=Cc2cccc(C3=CCN3)c2)C=C1
C1=COC(=Cc2cccc(C3=CCN3)c2)C=C1
C1=COC(=Cc2cccc(C3=CCN3)c2)C=C1
C1=COC(=Cc2cccc(C3=CCN3)c2)C=C1
C1=COC(=Cc2cccc(C3=CCN3)c2)C=C1
C1=COC(=Cc2cccc(C3=CCN3)c2)C=C1
C1=COC(=Cc2cccc(C3=CCN3)c2)C=C1
C1=CC2=C(C=C2)OC1=Cc1cccc(C2=CCN2)c1
C1=CC2=C(C=C2)OC1=Cc1cccc(C2=CCN2)c1
C(=C1C=C2CCC3=CC(=C23)O1)c1cccc(C2=CCN2)c1
C1=C(c2cccc(C=c3cc4ccc5cc(o3)c5-4)c2)NC1
C1=C(c2cccc(C=c3cc4ccc5cc(o3)c5-4)c2)NC1
C1=C(c2cccc(C=c3cc4ccc5cc(o3)c5-4)c2)NC1
C1=C(c2cccc(C=c3cc4ccc5cc(o3)c5-4)c2)NC1
C1=C(c2cccc(C=c3cc4ccc5cc(o3)c5-4)c2)NC1
C1=C(c2cccc(C=c3cc4ccc5cc(o3)c5-4)c2)NC1
C1=C(c2cccc(C=c3cc4ccc5cc(o3)c5-4)c2)NC1
C1=C(c2cccc(C=c3cc4ccc5cc(o3)c5-4)c2)NC1
C1=C(c2cccc(C=c3cc4ccc5cc(o3)c5-4)c2)NC1
C1=C(c2cccc(C=c3cc4ccc5cc(o3)c5-4)c2)NC1
C1=C(c2cccc(C=c3cc4ccc5cc(o3)c5-4)c2)NC1
C1=C(c2cccc(C=c3cc4c5cccc(o3)c5-4)c2)NC1
C(=C1C=C2Cc3cccc(c32)O1)c1cccc(C2=CCN2)c1
C(=C1C=C2Cc3cccc(c32)O1)c1cccc(C2=CCN2)c1
C(=C1C=C2Cc3cccc(c32)O1)c1cccc(C2=CCN2)c1
C(=C1C=C2Cc3cccc(c32)O1)c1cccc(C2=CCN2)c1
C(=C1C=C2Cc3cccc(c32)O1)c1cccc(C2=CCN2)c1
C(=C1C=C2Cc3cccc(c32)O1)c1cccc(C2=CCN2)c1
C(=C1C=C2Cc3cccc(c32)O1)c1cccc(C2=CCN2)c1
C(=C1C=C2CCc3cccc(c32)O1)c1cccc(C2=CCN2)c1
C1=Cc2ccccc2OC1=Cc1cccc(C2=CCN2)c1
C1=Cc2ccccc2OC1=Cc1cccc(C2=CCN2)c1
C1=Cc2ccccc2OC1=Cc1cccc(C2=CCN2)c1
C1=Cc2ccccc2OC1=Cc1cccc(C2=CCN2)c1
C1=Cc2ccccc2OC1=Cc1cccc(C2=CCN2)c1
C1=Cc2ccccc2OC1=Cc1cccc(C2=CCN2)c1
C1=Cc2ccccc2OC1=Cc1cccc(C2=CCN2)c1
C1=Cc2ccccc2OC1=Cc1cccc(C2=CCN2)c1
C1=Cc2ccccc2OC1=Cc1cccc(C2=CCN2)c1
C1=Cc2ccccc2OC1=Cc1cccc(C2=CCN2)c1
C1=Cc2ccccc2OC1=Cc1cccc(C2=CCN2)c1
C1=Cc2ccccc2OC1=Cc1cccc(C2=CCN2)c1
C1=Cc2ccccc2OC1=Cc1cccc(C2=CCN2)c1
C1=Cc2ccccc2OC1=Cc1cccc(C2=CCN2)c1
C1=Cc2ccccc2OC1=Cc1cccc(C2=CCN2)c1
C1=Cc2ccccc2OC1=Cc1cccc(C2=CCN2)c1
C1=Cc2ccccc2OC1=Cc1cccc(C2=CCN2)c1
C1=Cc2ccccc2OC1=Cc1cccc(C2=CCN2)c1
C1=Cc2ccccc2OC1=Cc1cccc(C2=CCN2)c1
C1=Cc2ccccc2OC1=Cc1cccc(C2=CCN2)c1
C1=Cc2ccccc2OC1=Cc1cccc(C2=CCN2)c1
C1=Cc2ccccc2OC1=Cc1cccc(C2=CCN2)c1
C1=Cc2ccccc2OC1=Cc1cccc(C2=CCN2)c1
C1=Cc2ccccc2OC1=Cc1cccc(C2=CCN2)c1
C1=Cc2ccccc2OC1=Cc1cccc(C2=CCN2)c1
C1=Cc2ccccc2OC1=Cc1cccc(C2=CCN2)c1
C1=Cc2ccccc2OC1=Cc1cccc(C2=CCN2)c1
C1=Cc2ccccc2OC1=Cc1cccc(C2=CCN2)c1
C1=Cc2ccccc2OC1=Cc1cccc(C2=CCN2)c1
C1=Cc2ccccc2OC1=Cc1cccc(C2=CCN2)c1
C1=Cc2ccccc2OC1=Cc1cccc(C2=CCN2)c1
C1=Cc2ccccc2OC1=Cc1cccc(C2=CCN2)c1
C1=Cc2ccccc2OC1=Cc1cccc(C2=CCN2)c1
C1=Cc2ccccc2OC1=Cc1cccc(C2=CCN2)c1
C1=Cc2ccccc2OC1=Cc1cccc(C2=CCN2)c1
C1=Cc2ccccc2OC1=Cc1cccc(C2=CCN2)c1
C1=Cc2ccccc2OC1=Cc1cccc(C2=CCN2)c1
C1=Cc2ccccc2OC1=Cc1cccc(C2=CCN2)c1
C1=Cc2ccccc2OC1=Cc1cccc(C2=CCN2)c1
C1=C(c2cccc(C=C3Oc4ccccc4-c4ccccc43)c2)NC1
C1=C(c2cccc(C=C3Oc4ccccc4-c4ccccc43)c2)NC1
C1=C(c2cccc3c2C(=Cc2ccccc2)Oc2ccccc2-3)NC1
C1=C(c2cccc3c2C(=Cc2ccccc2)Oc2ccccc2-3)NC1
C1=C(c2cccc3c2C(=Cc2ccccc2)Oc2ccccc2-3)NC1
C1=C(c2cccc3c2C(=Cc2ccccc2)Oc2ccccc2-3)NC1
C1=C(c2cccc3c2C(=Cc2ccccc2)Oc2ccccc2-3)NC1
C1=C(c2cccc3c2C(=Cc2ccccc2)Oc2ccccc2-3)NC1
C1=C(c2ccc3c(c2)-c2ccccc2OC3=Cc2ccccc2)NC1
C1=C(c2ccc3c(c2)-c2ccccc2OC3=Cc2ccccc2)NC1
C1=C(c2ccc3c(c2)-c2ccccc2OC3=Cc2ccccc2)NC1
C1=C(c2cc3c(c(C4CC4)c2)C(=Cc2ccccc2)Oc2ccccc2-3)NC1
C1=C(c2cc3c(c(C4CC4)c2)C(=Cc2ccccc2)Oc2ccccc2-3)NC1
C1=C(c2cc3c(c(C4CC4)c2)C(=Cc2cccnc2)Oc2ccccc2-3)NC1
C1=C(c2ccc3c(c2)-c2ccccc2OC3=Cc2cccnc2)NC1
C1=C(c2ccc3c(c2)-c2ccccc2OC3=Cc2cccnc2)NC1
C1=C(c2ccc3c(c2)-c2ccccc2OC3=Cc2cccnc2)NC1
C1=C(c2ccc3c(c2)-c2ccccc2OC3=Cc2cccnc2)NC1
C1=C(Cc2ccc3c(c2)-c2ccccc2OC3=Cc2cccnc2)NC1
C1=C(Cc2ccc3c(c2)-c2ccccc2OC3=Cc2cccnc2)NC1
C1=C(CCc2cccc3c2C(=Cc2cccnc2)Oc2ccccc2-3)NC1
C(=C1Oc2ccccc2-c2cccc(CCC3CCN3)c21)c1cccnc1
C(=C1Oc2ccccc2-c2cccc(CCC3CN3)c21)c1cccnc1
C(=C1Oc2ccccc2-c2cccc(CC3CN3)c21)c1cccnc1
C(=C1Oc2ccccc2-c2cccc(CC3CCN3)c21)c1cccnc1
C(=C1Oc2ccccc2-c2cccc(C3CCN3)c21)c1cccnc1
C(=C1Oc2ccccc2-c2cccc(C3CCC3)c21)c1cccnc1
C(=C1Oc2ccccc2-c2cccc(C3CCC3)c21)c1cccnc1
C(=C1Oc2ccccc2-c2cccc(C3CCC3)c21)c1cccnc1
C(=C1Oc2ccccc2-c2cccc(C3CCC3)c21)c1cccnc1
C(=C1Oc2ccccc2-c2cccc(C3CC3)c21)c1cccnc1
C(=C1Oc2ccccc2-c2ccccc21)c1cccnc1
C(=C1Oc2ccccc2-c2ccccc21)c1cccnc1
C(=C1Oc2ccccc2-c2ccccc21)c1cccnc1
C(=C1Oc2ccccc2-c2ccccc21)c1cccnc1
C(=C1CN1)c1cccc2c1C(=Cc1cccnc1)Oc1ccccc1-2
C(=C1Oc2ccccc2-c2cccc(C3=C4NC4N3)c21)c1cccnc1
C(=C1Oc2ccccc2-c2cccc(C3=C4NC4C3)c21)c1cccnc1
C(=C1Oc2ccccc2-c2cccc(C3=C4NC4C3)c21)c1cccnc1
C1=C(c2cccc3c2C(=Cc2cccnc2)Oc2ccccc2-3)CC1
C1=C(c2cccc3c2C(=Cc2cccnc2)Oc2ccccc2-3)CC1
C1=CC(c2cccc3c2C(=Cc2cccnc2)Oc2ccccc2-3)=C1
C1=CC(c2cccc3c2C(=Cc2cccnc2)Oc2ccccc2-3)=C1
C(=C1Oc2ccccc2-c2ccc3ccccc3c21)c1cccnc1
C(=C1Oc2ccccc2-c2ccc3ccccc3c21)c1cccnc1
C(=C1Oc2ccccc2-c2ccc3ccccc3c21)c1cccnc1
C(=C1Oc2ccccc2-c2ccc3ccccc3c21)c1cccnc1
C(=C1Oc2ccccc2-c2ccc3ccccc3c21)c1cccnc1
C(=C1Oc2ccccc2-c2ccc3ccccc3c21)c1cccnc1
C(=C1Oc2ccccc2-c2ccc3ccccc3c21)c1cccnc1
C(=C1Oc2ccccc2-c2ccc3ccccc3c21)c1cccnc1
C(=C1Oc2ccccc2-c2ccc3ccccc3c21)c1cccnc1
C(=C1Oc2ccccc2-c2ccc3ccccc3c21)c1cccnc1
C(=C1Oc2ccccc2-c2ccc3ccccc3c21)c1cccnc1
C(=C1Oc2ccccc2-c2ccc3ccccc3c21)c1cccnc1
C(=C1Oc2ccccc2-c2ccc3ccccc3c21)c1cccnc1
C(=C1Oc2ccccc2-c2ccc3ccccc3c21)c1cccnc1
C(=C1Oc2ccccc2-c2ccc3ccccc3c21)c1cccnc1
C(=C1Oc2ccccc2-c2ccc3ccccc3c21)c1cccnc1
C(=C1Oc2ccccc2-c2ccc3ccccc3c21)c1cccnc1
C(=C1Oc2ccccc2-c2ccc3ccccc3c21)c1cccnc1
C(=C1Oc2ccccc2-c2ccc3ccccc3c21)c1cccnc1
C(=C1Oc2ccccc2-c2ccc3ccccc3c21)c1cccnc1
C(=C1Oc2ccccc2-c2ccc3ccccc3c21)c1cccnc1
C(=C1Oc2ccccc2-c2ccc3ccccc3c21)c1cccnc1
C(=C1Oc2ccccc2-c2ccc3ccccc3c21)c1cccnc1
C(=C1Oc2ccccc2-c2ccc3ccccc3c21)c1cccnc1
C(=C1Oc2ccccc2-c2ccc3ccccc3c21)c1cccnc1
C(=C1Oc2ccccc2-c2ccc3ccccc3c21)c1cccnc1
C(=C1Oc2ccccc2-c2ccc3ccccc3c21)c1cccnc1
C(=C1Oc2ccccc2-c2ccc3ccccc3c21)c1cccnc1
C(=C1Oc2ccccc2-c2ccc3ccccc3c21)c1cccnc1
C(=C1Oc2ccccc2-c2ccc3ccccc3c21)c1cccnc1
C(=C1Oc2ccccc2-c2ccc3ccccc3c21)c1cccnc1
C(=C1Oc2ccccc2-c2ccc3ccccc3c21)c1cccnc1
C(=C1Oc2ccccc2-c2ccc3ccccc3c21)c1cccnc1
C(=C1Oc2ccccc2-c2ccc3ccccc3c21)c1cccnc1
C(=C1Oc2ccccc2-c2ccc3ccccc3c21)c1cccnc1
C(=C1Oc2ccccc2-c2ccc3ccccc3c21)c1cccnc1
C(=C1Oc2ccccc2-c2ccc3ccccc3c21)c1cccnc1
C(=C1Oc2ccccc2-c2ccc3cccc(C4CCO4)c3c21)c1cccnc1
C(=C1Oc2ccccc2-c2ccc3ccccc3c21)c1cccnc1
C(=C1Oc2ccccc2-c2ccc3cccc(C4CC4)c3c21)c1cccnc1
C(=C1Oc2ccccc2-c2ccc3cccc(C4CC4)c3c21)c1cccnc1
C(=C1Oc2ccccc2-c2ccc3cccc(C4CCC4)c3c21)c1cccnc1
C1=C(c2cccc3ccc4c(c23)C(=Cc2cccnc2)Oc2ccccc2-4)CC1
C1=C(c2cccc3ccc4c(c23)C(=Cc2cccnc2)Oc2ccccc2-4)C1
C1=C(c2cccc3ccc4c(c23)C(=Cc2cccnc2)Oc2ccccc2-4)C1
C(=C1Oc2ccccc2-c2ccc3ccccc3c21)c1cccnc1
C(=C1Oc2ccccc2-c2cccc(-c3ccccc3)c21)c1cccnc1
C(=C1Oc2ccccc2-c2cccc(-c3ccccc3)c21)c1cccnc1
C(=C1Oc2ccccc2-c2cccc(-c3ccccc3)c21)c1cccnc1
C(=C1Oc2ccccc2-c2cccc(-c3ccccc3)c21)c1cccnc1
C(=C1Oc2ccccc2-c2cccc(-c3ccccc3)c21)c1cccnc1
C(=C1Oc2ccccc2-c2cccc(-c3ccccc3)c21)c1cccnc1
C(=C1Oc2ccccc2-c2cccc(-c3ccccc3)c21)c1cccnc1
C(=C1Oc2ccccc2-c2cccc(-c3ccccc3)c21)c1cccnc1
C(=C1Oc2ccccc2-c2cccc(-c3ccccc3)c21)c1cccnc1
C(=C1Oc2ccccc2-c2cccc(-c3ccccc3)c21)c1cccnc1
C(=C1Oc2ccccc2-c2cccc(-c3ccccc3)c21)c1cccnc1
C(=C1Oc2ccccc2-c2cccc(-c3ccccc3)c21)c1cccnc1
C(=C1Oc2ccccc2-c2cccc(-c3ccccc3)c21)c1cccnc1
C(=C1Oc2ccccc2-c2cccc(-c3ccccc3)c21)c1cccnc1
C(=C1Oc2ccccc2-c2cccc(-c3ccccc3)c21)c1cccnc1
C(=C1Oc2ccccc2-c2cccc(-c3ccccc3)c21)c1cccnc1
C(=C1Oc2ccccc2-c2cccc(-c3ccccc3)c21)c1cccnc1
C(=C1Oc2ccccc2-c2cccc(-c3ccccc3)c21)c1cccnc1
C(=C1Oc2ccccc2-c2cccc(-c3ccccc3)c21)c1cccnc1
C(=C1Oc2ccccc2-c2cccc(-c3ccccc3)c21)c1cccnc1
C(=C1Oc2ccccc2-c2cccc(-c3ccccc3)c21)c1cccnc1
C(=C1Oc2ccccc2-c2cccc(-c3ccccc3)c21)c1cccnc1
C(=C1Oc2ccccc2-c2ccc(NC3CN3)c(-c3ccccc3)c21)c1cccnc1
C(=C1Oc2ccccc2-c2ccc(NCC3CN3)c(-c3ccccc3)c21)c1cccnc1
C(=C1Oc2ccccc2-c2ccc(NCC3CN3)c(-c3ccccc3)c21)c1cccnc1
C(=C1Oc2ccccc2-c2ccc(NCC3CN3)c(-c3ccccc3)c21)c1cccnc1
C(=C1Oc2ccccc2-c2ccc(NC3CN3)c(-c3ccccc3)c21)c1cccnc1
C1=NC1Nc1ccc2c(c1-c1ccccc1)C(=Cc1cccnc1)Oc1ccccc1-2
C1=NC1Nc1ccc2c(c1-c1ccccc1)C(=Cc1cccnc1)Oc1ccccc1-2
C1=NC1Nc1ccc2c(c1-c1ccccc1)C(=Cc1cccnc1)Oc1ccccc1-2
C1=NC(Nc2ccc3c(c2-c2ccccc2)C(=Cc2cccnc2)Oc2ccccc2-3)C1
C1=NC(Nc2ccc3c(c2-c2ccccc2)C(=Cc2cccnc2)Oc2ccccc2-3)C1
C1=CC(Nc2ccc3c(c2-c2ccccc2)C(=Cc2cccnc2)Oc2ccccc2-3)C1
C(=C1Oc2ccccc2-c2ccc(NC3CC3)c(-c3ccccc3)c21)c1cccnc1
C(=C1Oc2ccccc2-c2ccc(NC3CCC3)c(-c3ccccc3)c21)c1cccnc1
C=C1CC(Nc2ccc3c(c2-c2ccccc2)C(=Cc2cccnc2)Oc2ccccc2-3)C1
C=C1CC1Nc1ccc2c(c1-c1ccccc1)C(=Cc1cccnc1)Oc1ccccc1-2
C(=C1Oc2ccccc2-c2cccc(-c3ccccc3)c21)c1cccnc1
C(=C1Oc2ccccc2-c2cccc(-c3ccccc3)c21)c1cccnc1
C(=C1Oc2ccccc2-c2cccc(-c3ccccc3)c21)c1cccnc1
C(=C1Oc2ccccc2-c2cccc(-c3ccccc3)c21)c1cccnc1
C(=C1Oc2ccccc2-c2cccc(-c3ccccc3)c21)c1cccnc1
C(=C1Oc2ccccc2-c2cccc(-c3ccccc3)c21)c1cccnc1
C(=C1Oc2ccccc2-c2cccc(-c3ccccc3)c21)c1cccnc1
C(=C1Oc2ccccc2-c2cccc(-c3ccccc3)c21)c1cccnc1
C(=C1Oc2ccccc2-c2cccc(-c3ccccc3)c21)c1cccnc1
C(=C1Oc2ccccc2-c2cccc(-c3ccccc3)c21)c1cccnc1
C(=C1Oc2ccccc2-c2cccc(-c3ccccc3)c21)c1cccnc1
C(=C1Oc2ccccc2-c2cccc(-c3ccccc3)c21)c1cccnc1
C(=C1Oc2ccccc2-c2cccc(-c3ccccc3)c21)c1cccnc1
C(=C1Oc2ccccc2-c2cccc(-c3ccccc3)c21)c1cccnc1
C(=C1Oc2ccccc2-c2cccc(-c3ccccc3)c21)c1cccnc1
C(=C1Oc2ccccc2-c2cccc(-c3ccccc3)c21)c1cccnc1
C(=C1Oc2ccccc2-c2cccc(-c3ccccc3)c21)c1cccnc1
C(=C1Oc2ccccc2-c2cccc(-c3ccccc3)c21)c1cccnc1
C(=C1Oc2ccccc2-c2cccc(-c3cccnc3)c21)c1cccnc1
C(=C1Oc2ccccc2-c2cccc(-c3cccnc3)c21)c1cccnc1
C(=C1Oc2ccccc2-c2cccc(-c3cccnc3)c21)c1cccnc1
C(=C1Oc2ccccc2-c2cccc(-c3cccnc3)c21)c1cccnc1
C(=C1Oc2ccccc2-c2cccc(-c3cccnc3)c21)c1cccnc1
C(=C1Oc2ccccc2-c2cccc(-c3cccnc3)c21)c1cccnc1
C(=C1Oc2ccccc2-c2cccc(-c3cccnc3)c21)c1cccnc1
C(=C1Oc2ccccc2-c2cccc(-c3cccnc3)c21)c1cccnc1
C(=C1Oc2ccccc2-c2cccc(-c3cccnc3)c21)c1cccnc1
C(=C1Oc2ccccc2-c2cccc(-c3cccnc3)c21)c1cccnc1
C(=C1Oc2ccccc2-c2cccc(-c3cccnc3)c21)c1cccnc1
C(=C1Oc2ccccc2-c2cccc(-c3cccnc3)c21)c1ccccc1
C(=C1Oc2ccccc2-c2cccc(-c3cccnc3)c21)c1ccccc1
C(=C1Oc2ccccc2-c2cccc(-c3cccnc3)c21)c1ccccc1
C(=C1Oc2ccccc2-c2cccc(-c3cccnc3)c21)c1ccccc1
C(=C1Oc2ccccc2-c2cccc(-c3cccnc3)c21)c1ccccc1
C(=C1Oc2ccccc2-c2cccc(-c3cccnc3)c21)c1ccccc1
C(=C1Oc2ccccc2-c2cccc(-c3cccnc3)c21)c1ccccc1
C(=C1Oc2ccccc2-c2cccc(-c3cccnc3)c21)c1ccccc1
C(=C1Oc2ccccc2-c2cccc(-c3cccnc3)c21)c1ccccc1
C(=C1Oc2ccccc2-c2cccc(-c3cccnc3)c21)c1ccccc1
C(=C1Oc2ccccc2-c2cccc(-c3cccnc3)c21)c1ccccc1
C(=C1Oc2ccccc2-c2cccc(-c3cccnc3)c21)c1ccccc1
C(=C1Oc2ccccc2-c2cccc(-c3cccnc3)c21)c1ccccc1
C(=C1Oc2ccccc2-c2cccc(-c3cccnc3)c21)c1ccccc1
C(=C1Oc2ccccc2-c2cccc(-c3cccnc3)c21)c1ccccc1
C(=C1Oc2ccccc2-c2cccc(-c3cccnc3)c21)c1ccccc1
C(=C1Oc2ccccc2-c2cccc(-c3cccnc3)c21)c1ccccc1
C(=C1Oc2ccccc2-c2cccc(-c3cccnc3)c21)c1ccccc1
C(=C1Oc2ccccc2-c2cccc(-c3cccnc3)c21)c1ccccc1
C(=C1Oc2ccccc2-c2cccc(-c3cccnc3)c21)c1cccc(N2CCCC2)c1
C(=C1Oc2ccccc2-c2cccc(-c3cccnc3)c21)c1cccc(N2CCCC2)c1
C(=C1Oc2ccccc2-c2cccc(-c3cccnc3)c21)c1cccc(N2CCCC2)c1
C(=C1Oc2ccccc2-c2cccc(-c3cccnc3)c21)c1cccc(N2CCCC2)c1
C(=C1Oc2ccccc2-c2cccc(-c3cccnc3)c21)c1cccc(N2CCC2)c1
C(=C1Oc2ccccc2-c2cccc(-c3cccnc3)c21)c1cccc(NC2CCN2)c1
C(=C1Oc2ccccc2-c2cccc(-c3cccnc3)c21)c1cccc(C2CCN2)c1
C(=C1Oc2ccccc2-c2cccc(-c3cccnc3)c21)c1cccc(C2CCC2)c1
C(=C1Oc2ccccc2-c2cccc(-c3cccnc3)c21)c1cccc(C2CCC2)c1
C(=C1Oc2ccccc2-c2cccc(-c3cccnc3)c21)c1cccc(C2CCC2)c1
C(=C1Oc2ccccc2-c2cccc(-c3cccnc3)c21)c1cccc(C2CC2)c1
C(=C1Oc2ccccc2-c2cccc(-c3cccnc3)c21)c1cccc(C2C3CNC32)c1
C(=C1Oc2ccccc2-c2cccc(-c3cccnc3)c21)c1cccc(CC2C3CNC32)c1
C(=C1Oc2ccccc2-c2cccc(-c3cccnc3)c21)c1cccc(CC2C3NC23)c1
C(=C1Oc2ccccc2-c2cccc(-c3cccnc3)c21)c1cccc(CCC2C3NC23)c1
C(=C1Oc2ccccc2-c2cccc(-c3cccnc3)c21)c1cccc(CCC2C3NC23)c1
C(=C1Oc2ccccc2-c2cccc(-c3cccnc3)c21)c1cccc(CC2C3NC23)c1
C(=C1Oc2ccccc2-c2cccc(-c3cccnc3)c21)c1cccc(CN2C3CC32)c1
C(=C1Oc2ccccc2-c2cccc(-c3cccnc3)c21)c1cccc(CN2C3CCC32)c1
C(=C1Oc2ccccc2-c2cccc(-c3cccnc3)c21)c1cccc(CN2CC2)c1
C(=C1Oc2ccccc2-c2cccc(-c3cccnc3)c21)c1cccc(CN2CC2)c1
C(=C1Oc2ccccc2-c2cccc(-c3cccnc3)c21)c1cccc(CN2CCC2)c1
C(=C1Oc2ccccc2-c2cccc(-c3cccnc3)c21)c1cccc(CN2CCC2)c1
C(=C1Oc2ccccc2-c2cccc(-c3cccnc3)c21)c1cccc(CN2CC3OC32)c1
C(=C1Oc2ccccc2-c2cccc(-c3cccnc3)c21)c1cccc(N2CC3OC32)c1
C(=C1Oc2ccccc2-c2cccc(-c3cccnc3)c21)c1cccc(N2CCC2)c1
C(=C1Oc2ccccc2-c2cccc(-c3cccnc3)c21)c1cccc(N2CCCC2)c1
C(=C1Oc2ccccc2-c2cccc(-c3cccnc3)c21)c1cccc(N2CC3CC32)c1
C(=C1Oc2ccccc2-c2cccc(-c3cccnc3)c21)c1cccc(NC2CC2)c1
C(=C1Oc2ccccc2-c2cccc(-c3cccnc3)c21)c1cccc(NC2C3CC32)c1
C(=C1Oc2ccccc2-c2cccc(-c3cccnc3)c21)c1cccc(OC2C3CC32)c1
C(=C1Oc2ccccc2-c2cccc(-c3cccnc3)c21)c1cccc(OC2C3CC32)c1
C(=C1Oc2ccccc2-c2cccc(-c3cccnc3)c21)c1cccc(OC23C4C2C43)c1
C(=C1Oc2ccccc2-c2cccc(-c3cccnc3)c21)c1cccc(CC23C4C2C43)c1
C(=C1Oc2ccccc2-c2cccc(-c3cccnc3)c21)c1cccc(CC2C3CC23)c1
C(=C1Oc2ccccc2-c2cccc(-c3cccnc3)c21)c1cccc(CC2C3=CC32)c1
C(=C1Oc2ccccc2-c2cccc(-c3cccnc3)c21)c1cccc(C2C3=CC32)c1
C(=C1Oc2ccccc2-c2cccc(-c3cccnc3)c21)c1cccc(C2C3=CC32)c1
C(=C1Oc2ccccc2-c2cccc(-c3cccnc3)c21)c1cccc(C2C3=CC32)c1
C=C1CC1c1cccc(C=C2Oc3ccccc3-c3cccc(-c4cccnc4)c32)c1
N=C1CC1c1cccc(C=C2Oc3ccccc3-c3cccc(-c4cccnc4)c32)c1
C(=C1Oc2ccccc2-c2cccc(-c3cccnc3)c21)c1cccc(C2CC2)c1
C(=C1Oc2ccccc2-c2cccc(-c3cccnc3)c21)c1cccc(C2CC2)c1
C(=C1Oc2ccccc2-c2cccc(-c3cccnc3)c21)c1cccc(C2CC2)c1
C(=C1Oc2ccccc2-c2cccc(-c3cccnc3)c21)c1cccc(C2CC2)c1
C(=C1Oc2ccccc2-c2cccc(-c3cccnc3)c21)c1cccc(C2CC2)c1
C(=C1Oc2ccccc2-c2cccc(-c3cccnc3)c21)c1cccc(C2CC2)c1
C(=C1Oc2ccccc2-c2cccc(-c3cccnc3)c21)c1cccc(C2CN2)c1
C(=C1Oc2ccccc2-c2cccc(-c3cccnc3)c21)c1cccc(C2CN2)c1
C(=C1Oc2ccccc2-c2cccc(-c3cccnc3)c21)c1cccc(C2CN2)c1
C(=C1Oc2ccccc2-c2cccc(-c3cccnc3)c21)c1cccc(C2CN2)c1
C(=C1Oc2ccccc2-c2cccc(-c3cccnc3)c21)c1cccc(C2CN2)c1
C(=C1Oc2ccccc2-c2cccc(-c3cccnc3)c21)c1cccc(C2CN2)c1
C(=C1Oc2ccccc2-c2cccc(-c3cccnc3)c21)c1cccc(C2CN2)c1
C(=C1Oc2ccccc2-c2cccc(-c3cccnc3)c21)c1cccc(C2CN2)c1
C(=C1Oc2ccccc2-c2cccc(-c3cccnc3)c21)c1cccc(C2CN2)c1
C(=C1Oc2ccccc2-c2cccc(-c3cccnc3)c21)c1cccc(C2CN2)c1
C(=C1Oc2ccccc2-c2cccc(-c3cccnc3)c21)c1cccc(C2CN2)c1
C(=C1Oc2ccccc2-c2cccc(-c3cccnc3)c21)c1ccccc1
C(=C1Oc2ccccc2-c2cccc(-c3cccnc3)c21)c1ccccc1
C(=C1Oc2ccccc2-c2cccc(-c3cccnc3)c21)c1ccccc1
C(=C1Oc2ccccc2-c2cccc(-c3cccnc3)c21)c1ccccc1
C(=C1Oc2ccccc2-c2cccc(-c3cccnc3)c21)c1ccccc1
C(=C1Oc2ccccc2-c2cccc(-c3cccnc3)c21)c1ccccc1
C(=C1Oc2ccccc2-c2cccc(-c3cccnc3)c21)c1ccccc1
C(=C1Oc2ccccc2-c2ccc(NC3CN3)c(-c3cccnc3)c21)c1ccccc1
C(=C1Oc2ccccc2-c2ccc(NC3CN3)c(-c3cccnc3)c21)c1ccccc1
C(=C1Oc2ccccc2-c2ccc(NC3CN3)c(-c3cccnc3)c21)c1ccccc1
C(=C1Oc2ccccc2-c2ccc(NC3CN3)c(-c3cccnc3)c21)c1ccccc1
C=C1NC1Nc1ccc2c(c1-c1cccnc1)C(=Cc1ccccc1)Oc1ccccc1-2
C(=C1CN1)c1ccc2c(c1-c1cccnc1)C(=Cc1ccccc1)Oc1ccccc1-2
C(=C1CN1)c1ccc2c(c1)C(=Cc1cccc(-c3cccnc3)c1)Oc1ccccc1-2
C(=C1CN1)c1ccc2c(c1)C(=Cc1cccc(-c3cccnc3)c1)Oc1ccccc1-2
C(=C1CN1)c1ccc2c(c1)C(=Cc1cccc(-c3cccnc3)c1)Oc1ccccc1-2
C(=C1CN1)c1ccc2c(c1)C(=Cc1cccc(-c3cccnc3)c1)Oc1ccccc1-2
C(=C1CN1)c1ccc2c(c1)C(=Cc1cccc(-c3cccnc3)c1)Oc1ccccc1-2
C(=C1CN1)c1ccc2c(c1)C(=Cc1cccc(-c3cccnc3)c1)Oc1ccccc1-2
C(=C1Oc2ccccc2-c2ccccc21)c1cccc(-c2cccnc2)c1
C(=C1Oc2ccccc2-c2ccccc21)c1cccc(-c2cccnc2)c1
C(=C1Oc2ccccc2-c2ccccc21)c1cccc(-c2cccnc2)c1
C(=C1Oc2ccccc2-c2ccccc21)c1cccc(-c2cccnc2)c1
C(=C1Oc2ccccc2-c2ccccc21)c1cccc(-c2cccnc2)c1
C(=C1Oc2ccccc2-c2ccccc21)c1cccc(-c2cccnc2)c1
C(=C1Oc2ccccc2-c2ccccc21)c1cccc(-c2cccnc2)c1
C(=C1Oc2ccccc2-c2ccc3c(c21)CCCN3)c1cccc(-c2cccnc2)c1
C(=C1Oc2ccccc2-c2ccc3c(c21)CCCCN3)c1cccc(-c2cccnc2)c1
C(=C1Oc2ccccc2-c2ccc3c(c21)CCCN3)c1cccc(-c2cccnc2)c1
C1=Cc2c(ccc3c2C(=Cc2cccc(-c4cccnc4)c2)Oc2ccccc2-3)NC1
O=C1CNc2ccc(-c3cccs3)cc2C1
c1ccc(-c2cccs2)cc1
c1ccc(-c2cccs2)cc1
c1ccc(-c2cccs2)cc1
c1ccccc1
c1ccccc1
c1ccccc1
c1ccccc1
c1ccccc1
c1ccccc1
c1ccccc1
c1ccccc1
c1ccccc1
c1ccccc1
c1ccccc1
c1ccccc1
c1ccccc1
c1ccccc1
c1ccccc1
c1ccccc1
c1ccccc1
c1ccccc1
c1ccccc1
c1ccccc1
c1ccccc1
c1ccccc1
c1ccccc1
c1ccccc1
c1ccccc1
c1ccccc1
c1ccccc1
c1ccc(COC2=NCC2)cc1
c1ccc(COC2=NCC2)cc1
c1ccc(COC2=NCCC2)cc1
C1=CN=C(OCc2ccccc2)C1
C1=CN=C(OCc2ccccc2)C1
C1=CC(OCc2ccccc2)=N1
C1=CC(OCc2ccccc2)=N1
C1=CC(OCc2ccccc2)=C1
C1=CC(OCc2ccccc2)=C1
C1=CC(OCc2ccccc2)=C1
C1=CC(OCc2ccccc2)=C1
C1=CC(OCc2ccccc2)=C1
C1=CC(OCc2ccccc2)=C1
c1ccc(COc2ccccc2)cc1
c1ccc(COc2ccccc2)cc1
c1ccc(COc2ccccc2)cc1
c1ccc(COc2ccccc2)cc1
c1ccc(COc2ccccc2)cc1
c1ccc(COc2ccccc2)cc1
c1ccc(COc2ccccc2)cc1
c1ccc(COc2cccc(NC3CC3)c2)cc1
c1ccc(COc2ccccc2)cc1
c1ccc(COc2cccc(N3CC3)c2)cc1
c1ccc(COc2cccc(N3C4CC43)c2)cc1
c1ccc(COc2cccc(N3CC4CC43)c2)cc1
c1ccc(COc2cccc(N3CC4CC43)c2)cc1
c1ccc(COc2cccc(N3CC3)c2)cc1
C1=CN1c1cccc(OCc2ccccc2)c1
C1=CN1c1cccc(OCc2ccccc2)c1
C1=CN1c1cccc(OCc2ccccc2)c1
C1=C(c2cccc(OCc3ccccc3)c2)N1
C1=C(c2cccc(OCc3ccccc3)c2)N1
C1=C(c2cccc(OCc3ccccc3)c2)N1
C1=C(c2cccc(OCc3ccccc3)c2)N1
C1=C(c2cccc(OCc3ccccc3)c2)N1
C1=C(c2cccc(OCc3ccccc3)c2)CN1
C1=C(c2cccc(OCc3ccccc3)c2)CN1
C1=C(c2cccc(OCc3ccccc3)c2)CN1
C1=C(c2cccc(OCc3ccccc3)c2)CN1
c1ccc(COc2cccc(C3=NNC3)c2)cc1
c1ccc(COc2cccc(C3=NNC3)c2)cc1
c1ccc(COc2cccc(C3=NNC3)c2)cc1
c1ccc(COc2cccc(C3=NN3)c2)cc1
c1ccc(COc2cccc(C3=NN3)c2)cc1
c1ccc(COc2ccc3[nH]ncc3c2)cc1
c1ccc(COc2ccc3[nH]ncc3c2)cc1
c1ccc(COc2ccc3[nH]ncc3c2)cc1
c1ccc(COc2ccc3[nH]ncc3c2)cc1
c1ccc(COc2ccc3[nH]ncc3c2)cc1
c1ccc(COc2ccc3[nH]ncc3c2)cc1
c1ccc(COc2ccc3c(cnn3CC3CN3)c2)cc1
C1=NC1Cn1ncc2cc(OCc3ccccc3)ccc21
C1=NC(Cn2ncc3cc(OCc4ccccc4)ccc32)C1
C1=NC(n2ncc3cc(OCc4ccccc4)ccc32)C1
C1=NC(n2ncc3cc(OCc4ccccc4)ccc32)=C1
C1=NC(n2ncc3cc(OCc4ccccc4)ccc32)=CC1
C1=CC(n2ncc3cc(OCc4ccccc4)ccc32)=CC1
C1=CC(n2ncc3cc(OCc4ccccc4)ccc32)=C1
C1=CC(n2ncc3cc(OCc4ccccc4)ccc32)=C1
C1=CC(n2ncc3cc(OCc4ccccc4)ccc32)=C1
C1=CC(n2ncc3cc(OCc4ccccc4)ccc32)=C1
C1=CC(n2ncc3cc(OCc4ccccc4)ccc32)=C1
C1=C(C2CC2)C=C1n1ncc2cc(OCc3ccccc3)ccc21
C1=C(C2CC2)C=C1n1ncc2cc(OCc3ccccc3)ccc21
C1=CC2CC2C=C1n1ncc2cc(OCc3ccccc3)ccc21
C1=CC(n2ncc3cc(OCc4ccccc4)ccc32)=CCC1
c1ccc(COc2ccc3c(cnn3-c3ccccc3)c2)cc1
c1ccc(COc2ccc3c(cnn3-c3ccccc3)c2)cc1
c1ccc(COc2ccc3c(cnn3-c3ccccc3)c2)cc1
c1ccc(COc2ccc3c(cnn3-c3ccccc3)c2)cc1
c1ccc(COc2ccc3c(cnn3-c3ccccc3)c2)cc1
c1ccc(COc2ccc3c(cnn3-c3ccccc3)c2)cc1
c1ccc(COc2ccc3c(cnn3-c3ccccc3)c2)cc1
c1ccc(COc2ccc3c(cnn3-c3ccccc3)c2)cc1
c1ccc(COc2ccc3c(cnn3-c3ccccc3)c2)cc1
c1ccc(COc2ccc3c(cnn3-c3ccccc3)c2)cc1
c1ccc(COc2ccc3c(cnn3-c3ccccc3)c2)cc1
c1ccc(COc2ccc3c(cnn3-c3ccccc3)c2)cc1
c1ccc(COc2ccc3c(cnn3-c3ccccc3)c2)cc1
c1ccc(COc2ccc3c(cnn3-c3ccccc3)c2)cc1
c1ccc(COc2ccc3c(cnn3-c3ccccc3)c2)cc1
O=C1CNc2ccc(-c3cccs3)cc2C1
O=C1Cc2ccccc2NC1Cc1cccs1
O=C1Cc2ccccc2CNC1Cc1cccs1
c1ccc(CNCCc2cccs2)cc1
c1ccc(CNCCc2cccs2)cc1
c1ccc(CCCCc2cccs2)cc1
c1ccc(CCCCc2cccs2)cc1
c1ccc(OCCCc2cccs2)cc1
c1ccc(CCCCc2cccs2)cc1
c1ccc(CCCCc2cccs2)cc1
c1ccc(CCCCc2cccs2)cc1
C1=CCC(CCCCc2ccccc2)=C1
C1=CCC(CCCCc2ccccc2)=C1
C1=CC(CCCCCc2ccccc2)=C1
C1=CC(CCCNCCc2ccccc2)=C1
C1=CC(CCCNCCCc2ccccc2)=C1
C1=CC(CCCNCCCc2ccccc2)=C1
C1=CC(CCCNCCCc2ccccc2)=C1
C1=CC(CCCNCCCc2ccccc2)=C1
C1=CC(CCC=NCCCc2ccccc2)=C1
C1=CC(CCCC=NCCCc2ccccc2)=C1
C1=CC(CCCC=NCCCc2ccccc2)=C1
C1=CC(CCCC=CCCCc2ccccc2)=C1
C1=CC(CCCC=CCCCc2ccccc2)=C1
C1=CC(CCC=CCCCc2ccccc2)=C1
C1=CC(CCCCCCc2ccccc2)=C1
C1=CC(CCCCCCc2ccccc2)=C1
C1=CC(CCCCCCc2ccccc2)=C1
C1=CC(CCCCCCCc2ccccc2)=C1
C1=CC(CCCCCCCc2ccccc2)=C1
C1=CC(CCCCCCCc2ccccc2)=C1
C1=CC(CCCCCCCc2ccccc2)=C1
C1=CC(CCCCCCc2ccccc2)=C1
C1=CC(CCCCCCc2ccccc2)=C1
C1=CC(CCCCCc2ccccc2)=C1
C1=CC(CCCCCc2ccccc2)=C1
C1=CC(CCCCCc2ccccc2)=C1
C1=CC(CCCCc2ccccc2)=C1
C1=CC(CCCCc2ccccc2)=C1
C1=CC(CCCCc2ccccc2)=C1
C1=CC(CCCCc2ccccc2)=C1
C1=CC(CCCCCc2ccccc2)=C1
C1=CC(CCCCCc2ccccc2)=C1
C1=CC(CCCCCc2ccccc2)=C1
C1=CC(CCCCc2ccccc2)=C1
C1=CC(CCCCc2ccccc2)=C1
C1=CC(CCCCc2ccccc2)=C1
C1=CC(CCCCc2ccccc2)=C1
C1=CC(CCCCc2ccccc2)=C1
C1=CC(CCCCc2ccccc2)=C1
c1ccc(CCCCc2cc[nH]c2)cc1
C1=CC(CCCCc2ccccc2)=CC1
C1=CC(CCCCc2ccccc2)=CC1
C1=CC(CCCCc2ccccc2)=CCC1
C1=CC(CCCCc2ccccc2)=CCC1
c1ccc(CCCCc2ccccc2)cc1
c1ccc(CCCCc2ccccc2)cc1
O=C1CNc2ccc(-c3cccs3)cc2C1
c1ccc(-c2cccs2)cc1
c1ccc(-c2cccs2)cc1
c1ccc(-c2cccs2)cc1
c1ccc2ccccc2c1
c1ccc2ccccc2c1
c1ccc2ccccc2c1
c1ccc2ccccc2c1
c1ccc2ccccc2c1
c1ccc2c3c(ccc2c1)CCO3
c1ccc2c3c(ccc2c1)CCO3
c1ccc2c3c(ccc2c1)CCO3
c1ccc2c3c(ccc2c1)CCO3
c1ccc2c3c(ccc2c1)CCO3
c1ccc2c3c(ccc2c1)CCO3
c1ccc2c3c(ccc2c1)CCO3
c1ccc2c3c(ccc2c1)CCO3
c1ccc2c3c(ccc2c1)CCO3
c1ccc2c3c(ccc2c1)CCO3
c1ccc2c3c(ccc2c1)CCO3
c1ccc2c3c(ccc2c1)CCO3
c1ccc2c3c(ccc2c1)CCO3
c1ccc2c3c(ccc2c1)CCO3
c1ccc2c3c(ccc2c1)CCO3
c1ccc2c3c(ccc2c1)CCO3
c1ccc2c3c(ccc2c1)CCO3
c1ccc2c3c(ccc2c1)CCO3
c1ccc2c3c(ccc2c1)CCO3
c1ccc2c3c(ccc2c1)CCO3
c1ccc2c3c(ccc2c1)CCO3
c1ccc2c3c(ccc2c1)CCO3
c1ccc2c3c(ccc2c1)CCO3
c1ccc2c3c(ccc2c1)CCO3
c1ccc2c3c(ccc2c1)CCO3
c1ccc2c3c(ccc2c1)CCO3
c1ccc2c3c(ccc2c1)CCO3
c1ccc2c3c(ccc2c1)CCO3
c1ccc2c3c(ccc2c1)CCO3
c1ccc2c3c(ccc2c1)CCO3
c1ccc2c3c(ccc2c1)CCO3
c1ccc2c3c(ccc2c1)CCO3
c1ccc2c3c(ccc2c1)CCO3
c1ccc2c3c(ccc2c1)CCO3
c1ccc2c3c(ccc2c1)CCO3
c1ccc2c3c(ccc2c1)CCO3
c1ccc2c3c(ccc2c1)CCO3
c1ccc2c3c(ccc2c1)CCO3
c1ccc2c3c(ccc2c1)CCO3
c1ccc2c3c(ccc2c1)CCO3
c1ccc2c3c(ccc2c1)CCO3
c1ccc2c3c(ccc2c1)CCO3
c1ccc2c3c(ccc2c1)CCO3
c1ccc2c3c(ccc2c1)CCO3
c1ccc2c3c(ccc2c1)CCO3
c1ccc2c3c(ccc2c1)CCO3
c1ccc2c3c(ccc2c1)CCO3
c1ccc2c3c(ccc2c1)CCO3
c1ccc2c3c(ccc2c1)CCO3
c1ccc2c3c(ccc2c1)CCO3
c1ccc2c3c(ccc2c1)CCO3
c1ccc2c3c(ccc2c1)CCO3
c1ccc2c3c(ccc2c1)CCO3
O=C(CCCC1=CC1)Nc1ccc2c3c(ccc2c1)CCO3
O=C(CCCC1=CC1)Nc1ccc2c3c(ccc2c1)CCO3
O=C(CCCC1=CC1)Nc1ccc2c3c(ccc2c1)CCO3
O=C(CCCC1=CC1)Nc1ccc2c3c(ccc2c1)CCO3
O=C(CCCC1=CCC1)Nc1ccc2c3c(ccc2c1)CCO3
O=C(CCCC1=CC=C1)Nc1ccc2c3c(ccc2c1)CCO3
O=C(CCCC1=CC=CC1)Nc1ccc2c3c(ccc2c1)CCO3
O=C(CCCC1=CC=CC1)Nc1ccc2c3c(ccc2c1)CCO3
O=C(CCCC1=CC=C1)Nc1ccc2c3c(ccc2c1)CCO3
O=C(CCCC1=CCC=C1)Nc1ccc2c3c(ccc2c1)CCO3
O=C(CCCC1=CCC=C1)Nc1ccc2c3c(ccc2c1)CCO3
O=C(CCCC1=CC=C1)Nc1ccc2c3c(ccc2c1)CCO3
O=C(CCCC1=CC=C1)Nc1ccc2c3c(ccc2c1)CCO3
O=C(CCCC1=CC=C1)Nc1ccc2c3c(ccc2c1)CCO3
O=C(CCCC1=CC=C1)Nc1ccc2c3c(ccc2c1)CCO3
O=C(CCCC1=CC=C1)Nc1ccc2c3c(ccc2c1)CCO3
O=C(CCCC1=CC=C1)Nc1ccc2c3c(ccc2c1)CCO3
O=C(CCCC1=NC=C1)Nc1ccc2c3c(ccc2c1)CCO3
O=C(CCCc1cc[nH]n1)Nc1ccc2c3c(ccc2c1)CCO3
O=C(CCCc1cc[nH]c1)Nc1ccc2c3c(ccc2c1)CCO3
O=C(CCCc1cc[nH]c1)Nc1ccc2c3c(ccc2c1)CCO3
O=C(CCCc1cc[nH]c1)Nc1ccc2c3c(ccc2c1)CCO3
O=C(CCCc1cc[nH]c1)Nc1ccc2c3c(ccc2c1)CCO3
O=C(CCCc1cc[nH]c1)Nc1ccc2c3c(ccc2c1)CCO3
O=C(CCCc1cc[nH]c1)Nc1ccc2c3c(ccc2c1)CCO3
O=C(CCCc1cc[nH]c1)Nc1ccc2c3c(ccc2c1)CCO3
O=C(CCCc1cc[nH]c1)Nc1ccc2c3c(ccc2c1)CCO3
O=C(CCCC1=CCC=C1)Nc1ccc2c3c(ccc2c1)CCO3
O=C(CCCC1=CC=C1)Nc1ccc2c3c(ccc2c1)CCO3
O=C(CCCC1=CC=CC1)Nc1ccc2c3c(ccc2c1)CCO3
O=C(CCCC1=CC=CC1)Nc1ccc2c3c(ccc2c1)CCO3
O=C(CCCC1=CC=C2CC12)Nc1ccc2c3c(ccc2c1)CCO3
O=C(CCCC1=CC=CCC1)Nc1ccc2c3c(ccc2c1)CCO3
O=C(CCCC1=CC=CCC1)Nc1ccc2c3c(ccc2c1)CCO3
O=C(CCCc1ccccc1)Nc1ccc2c3c(ccc2c1)CCO3
O=C(CCCc1ccc2cc1-2)Nc1ccc2c3c(ccc2c1)CCO3
O=C(CCCc1ccc2cc1-2)Nc1ccc2c3c(ccc2c1)CCO3
O=C(CCCc1ccc2cc1-2)Nc1ccc2c3c(ccc2c1)CCO3
O=C(CCCc1ccccc1)Nc1ccc2c3c(ccc2c1)CCO3
O=C(CCCc1cccc2c1C2)Nc1ccc2c3c(ccc2c1)CCO3
O=C(CCCc1cccc2c1C2)Nc1ccc2c3c(ccc2c1)CCO3
O=C(CCCc1cccc2c1OC2)Nc1ccc2c3c(ccc2c1)CCO3
O=C(CCCc1cccc2c1OCC2)Nc1ccc2c3c(ccc2c1)CCO3
O=C(CCCc1cccc2c1OCC2)Nc1ccc2c3c(ccc2c1)OCO3
O=C(CCCc1cccc2c1OCCC2)Nc1ccc2c3c(ccc2c1)OCO3
O=C(CCCc1cccc2c1OCCC2)Nc1ccc2c3c(ncc2c1)OCO3
O=C(CCCc1cccc2c1OCC2)Nc1ccc2c3c(ncc2c1)OCO3
O=C(CCCc1cccc2c1OCC2)Nc1ccc2ccncc2c1
O=C(CCCc1cccc2c1OCC2)Nc1ccc2ccncc2c1
O=C(CCCc1cccc2c1OCC2)Nc1ccc2ccncc2c1
O=C(CCCc1cccc2c1OCC2)Nc1ccc2ccncc2c1
C=C1N=Cc2cc(NC(=O)CCCc3cccc4c3OCC4)ccc21
C=C1N=Cc2cc(NC(=O)CCCc3cccc4c3OCC4)ccc21
N=C1N=Cc2cc(NC(=O)CCCc3cccc4c3OCC4)ccc21
O=C(CCCc1cccc2c1OCC2)Nc1ccc2c(c1)C=NC2=O
O=C(CCCc1cccc2c1OCC2)Nc1ccc2c(c1)C=NC2=O
O=C(CCCc1cccc2c1OCC2)Nc1ccc2c(=O)oncc2c1
O=C(CCCc1cccc2c1OCC2)Nc1ccc2c(=O)oncc2c1
O=C1CNc2ccc(-c3cccs3)cc2C1
O=C1CNc2ccc(Cc3cccs3)cc2C1
c1csc(Cc2ccc3c(c2)CC3)c1
c1csc(Cc2ccc3c(c2)CC3)c1
c1csc(Cc2ccc3c(c2)CCC3)c1
O=C(CNCc1cccs1)C1CCc2ccccc21
O=C(CNCc1cccs1)C1CCc2ccccc21
O=C(CNCc1cccs1)C1CCc2ccccc21
O=C(NCCC1CCc2ccccc21)c1cccs1
O=C(NCCC1CCCc2ccccc21)c1cccs1
O=C(NCCCC1CCCc2ccccc21)c1cccs1
O=C(NCCCC1CCCc2ccccc21)c1cccs1
O=C(NCCCC1CCCc2ccccc21)c1ccc[nH]1
O=C(NCCCC1CCCc2ccccc21)c1ccc[nH]1
O=C(NCCCC1CCCc2ccccc21)c1ccc2n1CC2
O=C(NCCCC1CCCc2ccccc21)c1ccc2n1CC2
O=C(NCCCC1CCCCc2ccccc21)c1ccc2n1CC2
O=C(NCCCC1CCCCc2ccccc21)c1ccc[nH]1
O=C(NCCCC1CCCCc2ccccc21)c1ccc[nH]1
O=C(NCCCC1CCCCCc2ccccc21)c1ccc[nH]1
O=C(NCCCC1CCCCCc2ccccc21)c1ccc[nH]1
O=C(NCCCC1CCCCCc2ccccc21)c1ccc[nH]1
O=C(NCCCC1CCCCCc2ccccc21)c1ccc[nH]1
O=C(NCCCC1CCCCc2ccccc21)c1ccc[nH]1
O=C(NCCCC1CCCc2ccccc21)c1ccc[nH]1
O=C(NCCCC1CCCc2ccccc21)c1ccc[nH]1
O=C(NCCCC1CCCc2ccccc21)c1ccc[nH]1
O=C(NCCCC1CCCc2ccccc21)c1ccc[nH]1
O=C(NCCCC1CCCc2ccccc21)c1ccc[nH]1
O=C(NCCCC1CCCc2ccccc21)c1ccc[nH]1
O=C(NCCCC1CCCc2ccccc21)c1ccc[nH]1
O=C(NCCCC1CCCc2ccccc21)c1ccc[nH]1
O=C(NCCCC1CCCc2ccccc21)c1ccn[nH]1
O=C(NCCCC1CCCc2ccccc21)c1ccn[nH]1
O=C(NCCCC1CCCc2ccccc21)c1ccn[nH]1
O=C(NCCCC1CCCc2ccccc21)c1ccn[nH]1
O=C(NCCCC1CCCc2ccccc21)c1ccn[nH]1
O=C(NCCCC1CCCc2ccccc21)c1ccn[nH]1
O=C(NCCCC1CCCc2ccccc21)c1ccn[nH]1
O=C(NCCCC1CCCc2ccccc21)c1ccn[nH]1
O=C(NCCCC1CCCc2ccccc21)c1ccn[nH]1
O=C(NCCCC1CCCc2ccccc21)c1ccn[nH]1
O=C(NCCCC1CCCCc2ccccc21)c1ccn[nH]1
O=C(NCCCC1CCCCc2ccccc21)c1ccn[nH]1
O=C(NCCCC1CCCc2ccccc21)c1ccn[nH]1
c1ccc2c(-c3ccc4c(c3)CCCN4)c[nH]c2c1
c1ccc2c(-c3ccc4c(c3)CCCN4)c[nH]c2c1
c1ccc2[nH]c-2c(-c2ccc3c(c2)CCCN3)cc1
c1ccc(-c2cccccc3[nH]c2-3)cc1
c1ccc(-c2cccccc3[nH]c2-3)cc1
c1ccc2[nH]c-2c(-c2cccc(C3CC3)c2)cc1
c1ccc2[nH]c-2c(-c2cccc(C3CC3)c2)cc1
c1ccc2[nH]c-2c(-c2cccc(C3CC3)c2)cc1
c1ccc2[nH]c-2c(-c2cccc(C3CC3)c2)cc1
c1ccc2[nH]c-2c(-c2cccc(C3CCC3)c2)cc1
c1ccc2[nH]c-2c(-c2cccc(C3CCC3)c2)cc1
c1ccc(C2(CCCNc3cccccc4[nH]c3-4)CCC2)cc1
c1ccc(C2(CCCNc3cccccc4[nH]c3-4)CCC2)cc1
c1ccc(C2(CCCNCc3cccccc4[nH]c3-4)CCC2)cc1
c1ccc(C2(CCCNCc3cccccc4[nH]c3-4)CCC2)cc1
c1ccc(C2(CCCNCc3cccccc4[nH]c3-4)CCCC2)cc1
c1ccc(C2(CCCNCc3cccccc4[nH]c3-4)CCCC2)cc1
O=C(NCCCC1(c2ccccc2)CCCC1)c1cccccc2[nH]c1-2
O=C(NCCCC1(c2ccccc2)CCCC1)C1=CC=CC=CC=C1
O=C(NCCCC1(c2ccccc2)CCCC1)C1=CCC=CC=C1
O=C(NCCCC1(c2ccccc2)CCCC1)c1ccccc1
O=C(NCCCC1(c2ccccc2)CCCCC1)c1ccccc1
O=C(NCCCC1(c2ccccc2)CCCCC1)c1ccccc1
O=C(NCCCC1(c2ccccc2)CCCC1)c1ccccc1
O=C(NCCCC1(c2ccccc2)CCCC1)c1ccccc1
O=C(NCCCC1(c2ccccc2)CCCC1)c1ccccc1
O=C(NCCCC1(c2ccccc2)CCCC1)c1ccccc1
O=C(NCCCC1(c2ccccc2)CCCC1)c1ccccc1
O=C(NCCCC1(c2ccccc2)CCCC1)c1ccccc1
O=C(NCCCC1(c2ccccc2)CCC1)c1ccccc1
O=C(NCCCC1(c2ccccc2)CCC1)c1ccccc1
O=C(NCCCC1(c2ccccc2)CCC1)c1ccccc1
O=C(NCCCC1(c2ccccc2)CCC1)c1ccccc1
O=C(NCCCC1(c2ccccc2)CCC1)c1ccccc1
O=C(NCCCC1(c2ccccc2)CCC1)c1ccccc1
O=C(NCCCC1(c2ccccc2)CCC1)c1ccccc1
O=C(NCCCC1(c2ccccc2)CCC1)c1ccccc1
O=C(NCCCC1(c2ccccc2)CCC1)c1ccccc1
O=C(NCCCC1(c2ccccc2)CCC1)c1ccccc1
O=C(NCCCC1(c2ccccc2)CCC1)c1ccccc1
O=C(NCCCC1(c2ccccc2)CCCC1)c1ccccc1
O=C(NCCCC1(c2ccccc2)CCCC1)c1ccccc1
O=C(NCCCC1(c2ccccc2)CCCC1)c1ccccc1
O=C(NCCCC1(c2ccccc2)CCC1)c1ccccc1
O=C(NCCCC1(c2ccccc2)CCC1)c1ccccc1
O=C(NCCCC1(c2ccccc2)CCC1)C1=CCC=C1
O=C(NCCCC1(c2ccccc2)CCC1)C1=CCC=C1
O=C(NCCCC1(c2ccccc2)CCC1)C1=CCC=C1
O=C(NCCCC1(c2ccccc2)CCC1)c1cc[nH]c1
O=C(NCCCC1(c2ccccc2)CCC1)c1ccn2c1N2
O=C(NCCCC1(c2ccccc2)CCC1)c1ccn2c1N2
O=C(NCCCC1(c2ccccc2)CCCC1)c1ccn2c1N2
O=C(NCCCC1(c2ccccc2)CCCC1)c1cnn2c1N2
O=C(NCCCC1(c2ccccc2)CCC1)c1cnn2c1N2
O=C(NCCCC1(c2ccccc2)CCC1)c1cn[nH]c1
O=C(NCCCC1(c2ccccc2)CCC1)c1cn[nH]c1
O=C(NCCCC1(c2ccccc2)CCC1)c1cn[nH]c1
O=C(NCCCC1(c2ccccc2)CCC1)c1cn[nH]c1
O=C(NCCCC1(c2ccccc2)CCC1)c1cn[nH]c1
O=C(NCCCC1(c2ccccc2)CCC1)c1cn[nH]c1
O=C(NCCCC1(c2ccccc2)CCC1)c1cn[nH]c1
O=C(NCCCC1(c2ccccc2)CCC1)c1cnn(N2CCO2)c1
O=C(NCCCC1(c2ccccc2)CCC1)c1cnn(N2CCC2)c1
O=C(NCCCC1(c2ccccc2)CCC1)c1cnn(N2CCC2)c1
O=C(NCCCC1(c2ccccc2)CCC1)c1cnn(C2CCC2)c1
O=C(NCCCC1(c2ccccc2)CCC1)c1cnn(C2=CCC2)c1
O=C(NCCCC1(c2ccccc2)CCC1)c1cnn(C2=CCC2)c1
O=C(NCCCC1(c2ccccc2)CCCC1)c1cnn(C2=CCC2)c1
O=C(NCCCC1(c2ccccc2)CCCC1)c1cnn(C2=CC=C2)c1
O=C(NCCCC1(c2ccccc2)CCCC1)c1cnn(C2=CC=C2)c1
O=C(NCCCC1(c2ccccc2)CCCC1)c1cnn(C2=CCC=C2)c1
O=C(NCCCC1(c2ccccc2)CCCC1)c1cnn(C2=CCCC=C2)c1
O=C(NCCCC1(c2ccccc2)CCC1)c1cnn(C2=CCCC=C2)c1
O=C(NCCCC1(c2ccccc2)CCC1)c1cnn(-c2ccccc2)c1
O=C(NCCCC1(c2ccccc2)CCC1)c1cnn(-c2ccccc2)c1
O=C(NCCCC1(c2ccccc2)CCC1)c1cnn(-c2ccccc2)c1
O=C(NCCCC1(c2ccccc2)CCC1)c1cnn(-c2ccccc2)c1
c1ccc2c(-c3ccc4c(c3)CCCN4)c[nH]c2c1
c1ccc2c(Cc3ccc4c(c3)CCCN4)c[nH]c2c1
c1ccc2[nH]c(Cc3ccc4c(c3)CCCN4)cc2c1
c1ccc2[nH]c(Cc3ccc4c(c3)CCCN4)cc2c1
c1ccc2c(c1)CCC(Cc1cc3ccccc3[nH]1)N2
c1ccc(NCCc2cc3ccccc3[nH]2)cc1
c1ccc(NCCc2cc3ccccc3[nH]2)cc1
c1ccc(NCCc2cc3ccccc3[nH]2)cc1
c1ccc(NCCc2cc3ccccc3[nH]2)cc1
c1ccc(NCCc2cc3ccccc3[nH]2)cc1
c1ccc(NC(Cc2cc3ccccc3[nH]2)C2CCCO2)cc1
c1ccc(NC(Cc2cc3ccncc3[nH]2)C2CCCO2)cc1
c1ccc(NC(Cc2cc3ccncc3[nH]2)C2CCCO2)cc1
c1ccc(NC(Cc2cc3ccncc3[nH]2)C2CCCO2)cc1
c1ccc(NC(Cc2cc3ccncc3[nH]2)C2CCCO2)cc1
c1ccc(NC(Cc2cc3ccncc3[nH]2)C2CCO2)cc1
c1ccc(NC(Cc2cc3ccncc3[nH]2)C2CCOC2)cc1
c1ccc(NC(Cc2cc3ccncc3[nH]2)C2CCCOC2)cc1
c1ccc(NC(Cc2cc3ccncc3[nH]2)C2CCCOC2)cc1
c1ccc(NC(Cc2cc3ccncc3[nH]2)N2CCCOC2)cc1
c1ccc(NC(Cc2cc3ccncc3[nH]2)N2CCOC2)cc1
c1ccc(CC(Cc2cc3ccncc3[nH]2)N2CCOC2)cc1
c1ccc(CC(Cc2cc3ccncc3[nH]2)N2CCOCC2)cc1
c1ccc(C(Cc2cc3ccncc3[nH]2)N2CCOCC2)cc1
c1ccc(C(CCc2cc3ccncc3[nH]2)N2CCOCC2)cc1
c1ccc(C(CCc2cc3ccncc3[nH]2)N2CCOCC2)cc1
c1ccc(C(CCc2cc3ccncc3[nH]2)N2CCOCC2)cc1
c1ccc(C(CCc2cc3ccncc3[nH]2)N2CCOCC2)cc1
c1ccc(C(CCc2cc3ccncc3[nH]2)N2CCOCC2)cc1
c1ccc(C(CCc2cc3ccncc3[nH]2)N2CCOCC2)cc1
c1ccc(C(CCc2cc3ccncc3[nH]2)N2CCOC2)cc1
c1ccc(C(CCc2cc3ccncc3[nH]2)N2CCOC2)cc1
c1ccc(C(CCc2cc3ccncc3[nH]2)N2CCOCC2)cc1
c1ccc(C(CCc2cc3ccncc3[nH]2)N2CCOCC2)cc1
c1ccc(C(CCc2cc3ccncc3[nH]2)N2CCOCC2)cc1
c1ccc(C(CCc2cc3ccncc3[nH]2)N2CCOCC2)cc1
c1ccc(C(CCc2cc3ccncc3[nH]2)N2CCOCC2)cc1
c1ccc(C(CCc2cc3ccncc3[nH]2)N2CCOCC2)cc1
c1ccc(C(CCc2cc3ccncc3[nH]2)N2CCCOCC2)cc1
c1ccc(C(CCCc2cc3ccncc3[nH]2)N2CCCOCC2)cc1
c1ccc(C(CCCc2cc3ccncc3[nH]2)N2CCOCC2)cc1
c1ccc(C(CCCc2cc3ccncc3[nH]2)N2CCOCC2)cc1
c1ccc(C(CCCc2cc3ccncc3[nH]2)N2CCCOCC2)cc1
c1ccc(C(CCCc2cc3ccncc3[nH]2)CN2CCCOCC2)cc1
c1ccc(CCCCc2cc3cc(CN4CCCOCC4)ncc3[nH]2)cc1
c1ccc(CCCCc2cc3cc(CN4CCOCC4)ncc3[nH]2)cc1
c1ccc(CCCCc2cc3cc(CN4CCOCC4)ncc3[nH]2)cc1
c1ccc(CCCCc2cc3cc(CN4CCOCC4)ncc3[nH]2)cc1
c1ccc(CCCCc2cc3cc(N4CCOCC4)ncc3[nH]2)cc1
c1ccc2c(-c3ccc4c(c3)CCCN4)c[nH]c2c1
c1ccc(-c2c[nH]c3ccccc23)cc1
C1=C(c2ccccc2)c2ccccc2CN1
c1ccc(C2CNCc3ccccc32)cc1
c1ccc(C2CCCc3ccccc32)cc1
c1ccc(C2CCCCc3ccccc32)cc1
c1ccc(C2CCCCc3ccccc32)cc1
c1ccc(C2CCCc3ccccc32)cc1
c1ccc(NC2CCCc3ccccc32)cc1
c1ccc(NC2CCCc3ccccc32)cc1
c1ccc(CC2CCCc3ccccc32)cc1
c1ccc(CC2CCCc3ccccc32)cc1
c1ccc(CC2CCCc3ccccc32)cc1
c1ccc(CC2CCCc3ccccc32)cc1
c1ccc(CCC2CCCc3ccccc32)cc1
c1ccc(CCC2CCCc3ccccc32)cc1
c1ccc(CCC2CCCc3ccccc32)cc1
c1ccc(CCC2CCCc3ccccc32)cc1
c1ccc(CCC2CCCc3ccccc32)cc1
c1ccc(CCC2CCCc3ccccc32)cc1
c1ccc(CCC2CCCc3ccccc32)cc1
c1ccc(CCCC2CCCc3ccccc32)cc1
c1ccc(CCCCC2CCCc3ccccc32)cc1
c1ccc(CCCCC2CCCc3ccccc32)cc1
c1ccc(CCCC2CCCc3ccccc32)cc1
c1ccc(CCCC2CCCc3ccccc32)cc1
c1ccc(CCCC2CCCc3ccccc32)cc1
c1ccc(CCCC2CCCc3ccccc32)cc1
C(=CNc1ccccc1)CCC1CCCc2ccccc21
C(=CNc1ccccc1)CCC1CCCc2ccccc21
C(=CNc1ccccc1)CCC1CCCc2ccccc21
C(=CNc1ccccc1)CCC1CCCc2ccccc21
C=C(CCCC1CCCc2ccccc21)Nc1ccccc1
C=C(CCCC1CCCc2ccccc21)Nc1ccccc1
C=C(CCC1CCCc2ccccc21)Nc1ccccc1
C=C(CCC1CCCc2ccccc21)Nc1ccccc1
O=C(CCC1CCCc2ccccc21)Nc1ccccc1
O=C(CCC1CCCc2ccccc21)Nc1ccccc1
O=C(CCC1CCCc2ccccc21)Nc1ccccc1
O=C(CCC1CCCc2ccccc21)Nc1ccccc1
O=C(CCC1CCCc2ccccc21)Nc1ccc(C2CC2)cc1
O=C(CCC1CCCc2ccccc21)Nc1ccc(C2=CC2)cc1
O=C(CCC1CCCc2ccccc21)Nc1ccc(C2=CO2)cc1
O=C(CCC1CCCc2ccccc21)Nc1ccc(C2=CO2)cc1
O=C(CCC1CCCc2ccccc21)Nc1ccc(C2=NO2)cc1
O=C(CCC1CCCc2ccccc21)Nc1ccc(C2=NO2)cc1
O=C(CCC1CCCc2ccccc21)Nc1ccc(C2=NO2)cc1
O=C(CCC1CCCc2ccccc21)Nc1ccc(C2=NO2)cc1
O=C(CCC1CCCc2ccccc21)Nc1cccc(C2=NO2)c1
O=C(CCC1CCCc2ccccc21)Nc1cccc(C2=NO2)c1
O=C(CCC1CCCc2ccccc21)Nc1cccc(C2=NO2)c1
O=C(CCC1CCCc2ccccc21)Nc1cccc(C2=NO2)c1
O=C(CCC1CCCc2ccccc21)Nc1cccc(C2=NO2)c1
O=C(CCC1CCCc2ccccc21)Nc1cccc(C2=NO2)c1
O=C(CCC1CCCc2ccccc21)Nc1cccc(C2=NO2)c1
O=C(CCC1CCCc2ccccc21)Nc1cccc(C2=NO2)c1
O=C(CCC1CCCc2ccccc21)Nc1cccc(C2=NO2)c1
O=C(CCC1CCCc2ccccc21)Nc1cccc(C2=NO2)c1
O=C(CCC1CCCc2ccccc21)Nc1cccc(C2=NO2)c1
O=C(CCC1CCCc2ccccc21)Nc1cccc(C2=NO2)c1
O=C(CCC1CCCc2ccccc21)Nc1cccc(C2=NO2)c1
O=C(CCC1CCCc2ccccc21)Nc1cccc(C2=NO2)c1
O=C(CCC1CCCc2ccccc21)Nc1cccc(C2=NO2)c1
O=C(CCC1CCCc2ccccc21)Nc1cccc(C2=NO2)c1
O=C(CCC1CCCc2ccccc21)Nc1cccc(C2=NO2)c1
O=C(CCC1CCCCc2ccccc21)Nc1cccc(C2=NO2)c1
O=C(CCC1CCCCc2ccccc21)Nc1cccc(C2=NO2)c1
O=C(CCC1CCCCCc2ccccc21)Nc1cccc(C2=NO2)c1
O=C(CCC1CCCCCc2ccccc21)Nc1ccc2c(c1)CON=C2
O=C(CCC1CCCCCc2ccccc21)Nc1ccc2c(c1)CON=C2
O=C(CCC1CCCCCc2ccccc21)Nc1ccc2c(c1)CON=C2
N=c1oncc2ccc(NC(=O)CCC3CCCCCc4ccccc43)cc12
N=c1oncc2ccc(NC(=O)CCC3CCCCCc4ccccc43)cc12
O=C(CCC1CCCCCc2ccccc21)Nc1ccc2cnoc(=O)c2c1
O=C(CCC1CCCCc2ccccc21)Nc1ccc2cnoc(=O)c2c1
O=C(CCC1CCCc2ccccc21)Nc1ccc2cnoc(=O)c2c1
O=C(CCC1CCCc2ccccc21)Nc1ccc2c(=O)oncc2c1
O=C(CCC1CCCc2ccccc21)Nc1ccc2c(=O)oncc2c1
O=C(CCC1CCCc2ccccc21)Nc1ccc2c(=O)oncc2c1
O=C(CCC1CCCc2ccccc21)Nc1ccc2c(=O)oncc2c1
O=C(CCC1CCCc2ccccc21)Nc1ccc2c(=O)oncc2c1
O=C(CCC1CCCc2ccccc21)Nc1ccc2c(=O)oncc2c1
O=C(CCC1CCCc2ccccc21)Nc1ccc2c(=O)oncc2c1
O=C(CCC1CCCc2ccccc21)Nc1ccc2c(=O)oncc2c1
O=C(CCC1CCCc2ccccc21)Nc1ccc2c(=O)oncc2c1
O=C(CCC1CCCc2ccccc21)Nc1ccc2c(=O)oncc2c1
O=C(CCC1CCCc2ccccc21)Nc1ccc2c(=O)oncc2c1
O=C(CCC1CCCc2ccccc21)Nc1ccc2c(=O)oncc2c1
c1ccc2c(-c3ccc4c(c3)CCCN4)c[nH]c2c1
c1ccc2c(-c3ccc4c(c3)CCCN4)c[nH]c2c1
c1ccc2c(-c3ccc4c(c3)CCCN4)c[nH]c2c1
c1ccc(-c2c[nH]c3ccccc23)cc1
c1ccc(-c2c[nH]c3ccccc23)cc1
c1ccc(-c2c[nH]c3ccccc23)cc1
c1ccc(-c2c[nH]c3ccccc23)cc1
c1ccc(-c2c[nH]c3ccccc23)cc1
c1ccc(Cc2ccccc2)cc1
c1ccc(CCCCc2ccccc2)cc1
c1ccc(CCCCc2ccccc2)cc1
c1ccc(CCCCc2ccccc2)cc1
c1ccc(CCCCc2ccccc2)cc1
c1ccc(CCCCc2ccccc2)cc1
c1ccc(CCCCc2ccccc2)cc1
c1ccc(CCCCc2ccccc2)cc1
c1ccc(CCCCc2ccccc2)cc1
c1ccc(CCCCc2ccccc2)cc1
c1ccc(CCCCc2ccccc2)cc1
c1ccc(CCCCc2ccccc2)cc1
c1ccc(CCCCc2ccccc2)cc1
c1ccc(CCCCc2ccccc2)cc1
c1ccc(CCCCc2ccccc2)cc1
c1ccc(CCCCc2ccccc2)cc1
c1ccc(CCCCc2ccccc2)cc1
c1ccc(CCCCc2ccccc2)cc1
c1ccc(CCCCc2ccccc2)cc1
c1ccc(CCCCc2ccccc2)cc1
c1ccc(CCCCc2ccccc2)cc1
c1ccc(CCCCc2ccccc2)cc1
c1ccc(CCCCc2ccccc2)cc1
c1ccc(CCCCc2ccccc2)cc1
c1ccc(CCCCc2ccccc2)cc1
c1ccc(CCCCc2ccccc2)cc1
c1ccc(CCCCc2ccccc2)cc1
c1ccc(CCCCc2ccccc2)cc1
c1ccc(CCCCc2ccccc2)cc1
c1ccc(CCCCc2ccccc2)cc1
c1ccc(CCCCc2ccccc2)cc1
c1ccc(CCCCc2ccccc2C2CNC2)cc1
c1ccc(CCCCc2ccccc2)cc1
c1ccc(CCCCc2ccccc2)cc1
c1ccc(CCCCc2ccccc2)cc1
c1ccc(CCCCc2ccccc2)cc1
c1ccc(CCCCc2ccccc2)cc1
c1ccc2c(-c3ccc4c(c3)CCCN4)c[nH]c2c1
c1ccc2c(-c3ccc4c(c3)CCCN4)c[nH]c2c1
c1ccc(-c2c[nH]c3ccccc23)cc1
c1ccc(CCc2c[nH]c3ccccc23)cc1
c1ccc(CCc2c[nH]c3ccccc23)cc1
c1ccc(CCCc2c[nH]c3ccccc23)cc1
c1ccc(CCCc2c[nH]c3ccccc23)cc1
c1ccc(CCCc2c[nH]c3ccccc23)cc1
c1ccc(CCCc2c[nH]c3ccccc23)cc1
c1ccc(CCCc2c[nH]c3ccccc23)cc1
c1ccc(CCCc2c[nH]c3ccccc23)cc1
c1ccc(CCCc2c[nH]c3ccccc23)cc1
c1ccc(CCCc2c[nH]c3ccccc23)cc1
c1ccc(CCCc2c[nH]c3ccccc23)cc1
c1ccc(CCCc2c[nH]c3ccccc23)cc1
c1ccc(CCCCn2ccc3ccccc32)cc1
c1ccc(CCCCn2ccc3ccccc32)cc1
c1ccc(CCCCn2ccc3ccccc32)cc1
c1ccc(CCCCn2ccc3ccccc32)cc1
c1ccc(CCCCn2ccc3ccccc32)cc1
c1ccc(CCCCn2ccc3ccccc32)cc1
c1ccc(CCCCn2ccc3ccccc32)cc1
c1ccc(CCCCn2ccc3ccccc32)cc1
c1ccc(CCCCn2ccc3ccccc32)cc1
c1ccc(CCCCn2ccc3ccccc32)cc1
c1ccc(CCCCn2ccc3ccccc32)cc1
c1ccc(CCCCn2ccc3ccccc32)cc1
c1ccc(CCCCn2ccc3ccccc32)cc1
c1ccc(CCCCn2ccc3ccccc32)cc1
c1ccc(CCCCn2ccc3ccccc32)cc1
c1ccc(CCCCn2ccc3ccccc32)cc1
c1ccc(CCCCn2ccc3ccccc32)cc1
c1ccc(CCCCn2ccc3ccccc32)cc1
c1ccc(CCCCn2ccc3ccccc32)cc1
c1ccc(CCCCn2ccc3ccccc32)cc1
c1ccc(CCCCn2ccc3ccccc32)cc1
c1ccc(CCCCn2ccc3ccccc32)cc1
c1ccc(CCCCn2ccc3ccccc32)cc1
C1=CN(CCCCc2ccccc2)c2ccccc2C1
O=c1ccn(CCCCc2ccccc2)c2ccccc12
O=c1ccn(CCCCCc2ccccc2)c2ccccc12
O=c1ccn(CCCCCc2ccccc2)c2ccccc12
O=c1ccn(CCCCc2ccccc2)c2ccccc12
O=c1ccn(CCCCc2ccccc2)c2ccccc12
O=c1ccn(CCCCc2ccccc2)c2ccccc12
O=c1ccn(CCCCc2ccccc2)c2ccccc12
O=c1ccn(CCCCc2ccccc2)c2ccccc12
O=c1ccn(CCCCc2ccccc2)c2ccccc12
C1=Nc2ccc(-c3ccccc3)cc2C12CCCCC2
C1=Nc2ccc(-c3ccccc3)cc2C12CCCCC2
C1=Nc2ccc(-c3ccccc3)cc2C12CCCCC2
C1=Nc2ccc(-c3ccccc3)cc2C12CCCCC2
C1=Nc2ccccc2C12CCCC(Cc1ccccc1)C2
C1=Nc2ccccc2C12CCCC2Cc1ccccc1
C1=Nc2ccccc2C2(Cc3ccccc3)CCCC12
C1=Nc2ccccc2C2(Cc3ccccc3)CCCC12
C1=Nc2ccccc2C2(Cc3ccccc3)CCCC12
C1=Nc2ccccc2C2(Cc3ccccc3)CCCC12
C1=Nc2ccccc2C2(Cc3ccccc3)CCCC12
C1=Nc2ccccc2C2(Cc3ccccc3)CCCC12
C1=Nc2ccccc2C2(Cc3ccccc3)CCCC12
C1=Nc2ccccc2C2(Cc3ccccc3)CCCC12
C1=Nc2ccccc2C2(Cc3ccccc3)CCCC12
C1=Nc2ccccc2C2(Cc3ccccc3)CCCC12
C1=Nc2ccccc2C2(Cc3ccccc3)CCCC12
C1=Nc2ccccc2C2(Cc3ccccc3)CCCC12
C1=Nc2ccccc2C2(Cc3ccccc3)CCCC12
C1=Nc2ccccc2C2(Cc3ccccc3)CCCCC12
C1=NCc2ccccc2C2(Cc3ccccc3)CCCCC12
C1=NCc2ccccc2C2(Cc3ccccc3)CCCCC12
C1=NCc2ccccc2C2(Cc3ccccc3)CCCCC12
C1=NCCc2ccccc2C2(Cc3ccccc3)CCCCC12
C1=NCCc2ccccc2C2(Cc3ccccc3)CCCCC12
C1=NCCc2ccccc2C2(Cc3ccccc3)CCCCC12
C1=NCCc2ccccc2C2(Cc3ccccc3)CCCCC12
C1=NCCc2ccccc2C2(Cc3ccccc3)CCCCC12
C1=NCCc2ccccc2C2(Cc3ccccc3)CCCCC12
C1=NCCc2ccccc2C2(Cc3ccccc3)CCCCC12
C1=NCCc2ccccc2C2(Cc3ccccc3)CCCCC12
C1=NCCc2ccccc2C2(Cc3ccccc3)CCCCC12
C1=NCCc2ccccc2C2(Cc3ccccc3)CCCCC12
C1=NCCc2ccccc2C2(Cc3ccccc3)CCCCC12
C1=NCCc2ccccc2C2(Cc3ccccc3)CCCCC12
C1=NCCc2ccccc2C2(Cc3ccccc3)CCCCC12
C1=NCCc2ccccc2C2(Cc3ccccc3)CCCCCC12
C1=NCc2ccccc2C2(Cc3ccccc3)CCCCCC12
C1=NCc2ccccc2C2(Cc3ccccc3)CCCCC2C1
C1=CCC2CCCCC2(Cc2ccccc2)c2ccccc2C1
c1ccc(CC23CCCCC2CCCc2ccccc23)cc1
c1ccc(CC23CCCCC2CCCc2ccccc23)cc1
c1ccc(CC23CCCCC2CCc2ccccc23)cc1
c1ccc(CC23CCCCC2CCc2ccccc23)cc1
c1ccc(CC23CCCCC2CCc2ccccc23)cc1
c1ccc(CC23CCCCC2CCc2ccccc23)cc1
c1ccc(CC23CCCCC2CCc2ccccc23)cc1
c1ccc(CC23CCCCC2CCc2ccccc23)cc1
c1ccc(CC23CCCCC2CCc2ccccc23)cc1
c1ccc(CC23CCCCC2CCc2ccccc23)cc1
c1ccc(CC23CCCCC2CCc2ccccc23)cc1
c1ccc(CC23CCCCC2CCc2ccccc23)cc1
c1ccc(CC23CCCCC2CCc2ccccc23)cc1
c1ccc(CC23CCCCC2CCc2ccccc23)cc1
c1ccc(CC23CCCCC2CCc2ccccc23)cc1
c1ccc(CC23CCCCC2CCc2ccccc23)cc1
O=C(NC1CN1)c1ccc2c(c1)CCC1CCCCC21Cc1ccccc1
O=C(NC1CN1)c1ccc2c(c1)CCC1CCCCC21Cc1ccccc1
c1ccc(CC23CCCCC2CCc2ccccc23)cc1
c1ccc(CC23CCCCC2CCc2ccccc23)cc1
c1ccc(CC23CCCCC2CCc2ccccc23)cc1
c1ccc(CC23CCCCC2CCc2ccccc23)cc1
c1ccc(CC23CCCCC2CCc2ccccc23)cc1
O=C(NC1=NC1)c1ccc2c(c1)CCC1CCCCC21Cc1ccccc1
O=C(NC1=NC1)c1ccc2c(c1)CCCC1CCCCC21Cc1ccccc1
O=C(NC1=NC1)c1ccc2c(c1)CCCC1CCCCC21Cc1ccccc1
O=C(NC1=NC1)c1ccc2c(c1)CCCC1CCCCC21Cc1ccccc1
O=C(NC1=NC1)c1ccc2c(c1)CCC1CCCCC21Cc1ccccc1
O=C(NC1=NCN1)c1ccc2c(c1)CCC1CCCCC21Cc1ccccc1
O=C(NC1=NC=N1)c1ccc2c(c1)CCC1CCCCC21Cc1ccccc1
O=C(NC1=NC=N1)c1ccc2c(c1)CCC1CCCCCC21Cc1ccccc1
O=C(NC1=NC=N1)c1ccc2c(c1)CCC1CCCCCC21Cc1ccccc1
O=C(NC1=NC=N1)c1ccc2c(c1)CCC1CCCCC21Cc1ccccc1
O=C(NC1=NC=N1)c1ccc2c(c1)CCCC1CCCCC21Cc1ccccc1
O=C(NC1=NC=N1)c1ccc2c(c1)CCCC1CCCCC21Cc1ccccc1
O=C(NC1=NC=N1)c1ccc2c(c1)CCCC1CCCCC21Cc1ccccc1
O=C(NC1=NC=N1)c1ccc2c(c1)CCCC1CCCCC21Cc1ccccc1
O=C(NC1=NC=N1)c1ccc2c(c1)CCCC1CCCCC21Cc1ccccc1
O=C(NC1=NC=C1)c1ccc2c(c1)CCCC1CCCCC21Cc1ccccc1
O=C(NC1=NC=C1)c1ccc2c(c1)CCCC1CCCCC21Cc1ccccc1
O=C(NC1=NC=C1)c1ccc2c(c1)CCCC1CCCCC21Cc1ccccc1
O=C(NC1=NC=C1)c1ccc2c(c1)CCCC1CCCCC21Cc1ccccc1
O=C(NC1=NC=C1)c1ccc2c(c1)CCCC1CCCCC21Cc1ccccc1
O=C(NC1=NC=C1)c1ccc2c(c1)CCCC1CCCCC21Cc1ccccc1
O=C(NC1=NC=C1)c1ccc2c(c1)CCC1CCCCC21Cc1ccccc1
O=C(NC1=NC=C1)c1ccc2c(c1)CCC1CCCCC21Cc1ccccc1
O=C(NC1=NC=C1)c1ccc2c(c1)CCCC1CCCCC21Cc1ccccc1
O=C(NC1=NC=C1)c1ccc2c(c1)CCCC1CCCCC21Cc1ccccc1
O=C(NC1=NC=C1)c1ccc2c(c1)CCCC1CCCCC21Cc1ccccc1
O=C(NC1=NC=C1)c1ccc2c(c1)CCCC1CCCCC21Cc1ccccc1
O=C(NC1=NC=C1)c1ccc2c(c1)CCCC1CCCCC21Cc1ccccc1
O=C(NC1=NC=C1)c1ccc2c(c1)CCC1CCCCC21Cc1ccccc1
O=C(Nc1cc[nH]n1)c1ccc2c(c1)CCC1CCCCC21Cc1ccccc1
O=C(Nc1cc[nH]n1)c1ccc2c(c1)CCC1CCCCC21Cc1ccccc1
O=C(Nc1cc[nH]n1)c1ccc2c(c1)CCC1CCCCC21Cc1ccccc1
O=C(Nc1cc[nH]n1)c1ccc2c(c1)CCC1CCCCC21Cc1ccccc1
O=C(Nc1cc[nH]n1)c1ccc2c(c1)CCC1CCCCC21Cc1ccccc1
O=C(Nc1cc[nH]n1)c1ccc2c(c1)CCC1CCCCC21Cc1ccccc1
O=C(Nc1cc[nH]n1)c1ccc2c(c1)CCC1CCCCC21Cc1ccccc1
O=C(Nc1cc[nH]n1)c1ccc2c(c1)CCC1CCCCC21Cc1ccccc1
O=C(Nc1cc[nH]n1)c1ccc2c(c1)CCC1CCCCC21Cc1ccccc1
O=C(Nc1cc[nH]n1)c1ccc2c(c1)CCC1CCCCC21Cc1ccccc1
O=C(Nc1cc[nH]n1)c1ccc2c(c1)CCC1CCCCC21Cc1ccccc1
O=C(Nc1cc[nH]n1)c1ccc2c(c1)CCC1CCCCC21Cc1ccccc1
O=C(Nc1cc[nH]n1)c1ccc2c(c1)CCC1CCCCC21Cc1ccccc1
O=C(Nc1cc[nH]n1)c1ccc2c(c1)CCC1CCCCC21Cc1ccccc1
O=C(Nc1cc[nH]n1)c1ccc2c(c1)CCC1CCCCC21Cc1ccccc1
O=C(Nc1cc[nH]n1)c1ccc2c(c1)CCC1CCCCC21Cc1ccccc1
O=C(Nc1cc[nH]n1)c1ccc2c(c1)CCC1CCCCC21Cc1ccccc1
O=C(Nc1cc[nH]n1)c1ccc2c(c1)CCC1CCCCC21Cc1ccccc1
O=C(NC1=NC=C1)c1ccc2c(c1)CCC1CCCCC21Cc1ccccc1
O=C(Nc1ccccn1)c1ccc2c(c1)CCC1CCCCC21Cc1ccccc1
O=C(Nc1ccccn1)c1ccc2c(c1)CCC1CCCCC21Cc1ccccc1
O=C(Nc1nccc2c1C2)c1ccc2c(c1)CCC1CCCCC21Cc1ccccc1
O=C(Nc1nccc2c1C2)c1ccc2c(c1)CCC1CCCCC21Cc1ccccc1
O=C(Nc1nccc2c1C2)c1ccc2c(c1)CCC1CCCCC21Cc1ccccc1
O=C(Nc1ccccn1)c1ccc2c(c1)CCC1CCCCC21Cc1ccccc1
O=C(Nc1ccccn1)c1ccc2c(c1)CCC1CCCCC21Cc1ccccc1
O=C(Nc1ccccn1)c1ccc2c(c1)CCC1CCCCC21Cc1ccccc1
O=C(Nc1ccccn1)c1ccc2c(c1)CCC1CCCCC21Cc1ccccc1
O=C(Nc1ccccn1)c1ccc2c(c1)CCC1CCCCC21Cc1ccccc1
O=C(Nc1cnccn1)c1ccc2c(c1)CCC1CCCCC21Cc1ccccc1
O=C(Nc1cnccn1)c1ccc2c(c1)CCCC1CCCCC21Cc1ccccc1
O=C(Nc1cnccn1)c1ccc2c(c1)CCCC1CCCCC21Cc1ccccc1
O=C(Nc1cnccn1)c1ccc2c(c1)CCCC1CCCCC21Cc1ccccc1
O=C(Nc1cnccn1)c1ccc2c(c1)CCC1CCCCC21Cc1ccccc1
C1=Nc2ccc(-c3ccccc3)cc2C12CCCCC2
C(=Nc1ccc(-c2ccccc2)cc1)C1CCCCC1
C(=Nc1ccc(-c2ccccc2)cc1)C1CCCCC1
C(CC1CCCCC1)=Nc1ccc(-c2ccccc2)cc1
c1ccc(-c2ccc(NCCC3CCCCC3)cc2)cc1
c1ccc(-c2ccc(NCCC3CCCCC3)cc2)cc1
c1ccc(-c2ccc(NCCC3CCCCC3)cc2)cc1
c1ccc(-c2ccc(NCCCC3CCCCC3)cc2)cc1
c1ccc(-c2ccc(NCCCC3CCCCC3)cc2)cc1
c1ccc(-c2ccc(NCCCC3CCCCC3)cc2)cc1
c1ccc(-c2ccc(NCCCC3CCCCC3)cc2)cc1
c1ccc(-c2ccc(NCCCC3CCCCC3)cc2)cc1
c1ccc(-c2ccc(NCCCC3CCCCC3)cc2)cc1
c1ccc(-c2ccc(NCCCC3CCCCC3)cc2)cc1
c1ccc(-c2ccc(NCCCC3CCCCC3)cc2)cc1
O=C(CCC1CCCCC1)Nc1ccc(-c2ccccc2)cc1
O=C(CCC1CCCCC1)Nc1ccc(-c2ccccc2)cc1
O=C(CCC1CCCCCC1)Nc1ccc(-c2ccccc2)cc1
O=C(CCC1CCCCCC1)Nc1ccc(-c2ccccc2)cc1
O=C(CCC1CCCCCC1)Nc1ccc(-c2ccccc2)cc1
O=C(CCC1CCCCCCC1)Nc1ccc(-c2ccccc2)cc1
O=C(CCC1CCCCCCC1)Nc1ccc2c(c1)COc1ccccc1-2
O=C(CCC1CCCCCC1)Nc1ccc2c(c1)COc1ccccc1-2
O=C(CCC1CCCCC1)Nc1ccc2c(c1)COc1ccccc1-2
O=C(CCC1CCCCC1)Nc1ccc2c(c1)COc1ccccc1-2
O=C(CCC1CCCCC1)Nc1ccc2c(c1)COc1ccccc1-2
O=C(CCC1CCCCC1)Nc1ccc2c(c1)COc1ccccc1-2
O=C(CCC1CCCCC1)Nc1ccc2c(c1)COc1ccccc1-2
O=C(CCC1CCCCCC1)Nc1ccc2c(c1)COc1ccccc1-2
O=C(CCC1CCCCCC1)Nc1ccc2c(c1)COc1ccccc1-2
O=C(CCC1CCCCCC1)Nc1ccc2c(c1)COc1ccccc1-2
O=C(CCC1CCCCCC1)Nc1ccc2c(c1)COc1ccccc1-2
O=C(CCC1CCCCCCC1)Nc1ccc2c(c1)COc1ccccc1-2
O=C(CCC1CCCCCCC1)Nc1ccc2c(c1)COc1ccccc1-2
O=C(Nc1ccc2c(c1)COc1ccccc1-2)C(CCC1CCC1)CC1CCCCCCC1
O=C(Nc1ccc2c(c1)COc1ccccc1-2)C(CCC1CCC1)CC1CCCCCCC1
O=C(Nc1ccc2c(c1)COc1ccccc1-2)C(CCC1=CCC1)CC1CCCCCCC1
O=C(Nc1ccc2c(c1)COc1ccccc1-2)C(CCC1=CCC1)CC1CCCCCCC1
O=C(Nc1ccc2c(c1)COc1ccccc1-2)C(CCC1=CCC1)CC1CCCCCC1
O=C(Nc1ccc2c(c1)COc1ccccc1-2)C(CCC1=CCC1)CC1CCCCC1
O=C(Nc1ccc2c(c1)COc1ccccc1-2)C(CCC1=CCC1)CC1CCCCC1
O=C(Nc1ccc2c(c1)COc1ccccc1-2)C(CCC1=CCC1)CC1CCCCC1
O=C(Nc1ccc2c(c1)COc1ccccc1-2)C(CCC1=CCC1)CC1CCCC1
O=C(Nc1ccc2c(c1)COc1ccccc1-2)C(CCC1=CC=C1)CC1CCCC1
O=C(Nc1ccc2c(c1)CCOc1ccccc1-2)C(CCC1=CC=C1)CC1CCCC1
O=C(Nc1ccc2c(c1)CCOc1ccccc1-2)C(CCC1=CC=C1)CC1CCCC1
O=C(Nc1ccc2c(c1)COc1ccccc1-2)C(CCC1=CC=C1)CC1CCCC1
O=C(Nc1ccc2c(c1)COc1ccccc1-2)C(CCC1=CC=C1)CC1CCC1
O=C(Nc1ccc2c(c1)COc1ccccc1-2)C(CCC1=CC=C1)CC1CCC1
O=C(Nc1ccc2c(c1)COc1ccccc1-2)C(CCC1=CC=C1)CC1CC1
O=C(Nc1ccc2c(c1)COc1ccccc1-2)C(CCC1=CC=C1)CC1CC1
O=C(Nc1ccc2c(c1)COc1ccccc1-2)C(CCC1=CC=C1)CC1CCC1
O=C(Nc1ccc2c(c1)COCc1ccccc1-2)C(CCC1=CC=C1)CC1CCC1
O=C(Nc1ccc2c(c1)COCc1ccccc1-2)C(CCC1=CC=C1)CC1CCC1
O=C(Nc1ccc2c(c1)COCc1ccccc1-2)C(CCC1=CC=C1)CC1CCCC1
O=C(Nc1ccc2c(c1)COCc1ccccc1-2)C(CCC1=CC=C1)CC1CCCCC1
O=C(Nc1ccc2c(c1)COCc1ccccc1-2)C(CCC1=CC=C1)CC1CCCCC1
O=C(Nc1ccc2c(c1)COc1ccccc1-2)C(CCC1=CC=C1)CC1CCCCC1
O=C(Nc1ccc2c(c1)COc1ccccc1-2)C(CCC1=CC=C1)CC1CCCCC1
O=C(Nc1ccc2c(c1)COc1ccccc1-2)C(CCC1=CC=C1)CC1CCCC1
C=C1c2ccc(NC(=O)C(CCC3=CC=C3)CC3CCCC3)cc2COc2ccccc21
C=C1c2ccc(NC(=O)C(CCC3=CC=C3)CC3CCC3)cc2COc2ccccc21
O=C1c2ccc(NC(=O)C(CCC3=CC=C3)CC3CCC3)cc2COc2ccccc21
O=C1c2ccc(NC(=O)C(CCC3=CC=C3)CC3CCCC3)cc2COc2ccccc21
O=C1c2ccc(NC(=O)C(CCC3=CCC=C3)CC3CCCC3)cc2COc2ccccc21
O=C1c2ccc(NC(=O)C(CCC3=CCC=C3)CC3CCCCC3)cc2COc2ccccc21
O=C1c2ccc(NC(=O)C(CCC3=CCCC=C3)CC3CCCCC3)cc2COc2ccccc21
O=C1c2ccc(NC(=O)C(CCc3ccccc3)CC3CCCCC3)cc2COc2ccccc21
C=C1OCc2cc(NC(=O)C(CCc3ccccc3)CC3CCCCC3)ccc2C(=O)C1=C
C=C1OCc2cc(NC(=O)C(CCc3ccccc3)CC3CCCCC3)ccc2C(=O)C1=C
C=C1C(=O)OCc2cc(NC(=O)C(CCc3ccccc3)CC3CCCCC3)ccc2C1=O
O=C1CC(=O)c2ccc(NC(=O)C(CCc3ccccc3)CC3CCCCC3)cc2CO1
O=C1CC(=O)c2ccc(NC(=O)C(CCc3ccccc3)CC3CCCCC3)cc2CO1
O=C1OCc2cc(NC(=O)C(CCc3ccccc3)CC3CCCCC3)ccc2C1=O
O=C1Cc2ccc(NC(=O)C(CCc3ccccc3)CC3CCCCC3)cc2CO1
O=C1OCc2cc(NC(=O)C(CCc3ccccc3)CC3CCCCC3)ccc21
C1=Nc2ccc(-c3ccccc3)cc2C12CCCCC2
C1=Nc2c1cc(-c1ccccc1)cc2C1CCCCC1
C1=Nc2c1cc(-c1ccccc1)cc2C1CCCCC1
C1=Nc2c1cc(-c1ccccc1)cc2C1CCCCC1
C1=NC(C(=CCc2ccccc2)C2CCCCC2)=C1
C1=NC(C(=CCc2ccccc2)C2CCCCC2)=C1
C1=NC(C(=CCc2ccccc2)C2CCCCC2)=C1
C1=NC(C(Cc2ccccc2)C2CCCCC2)=C1
C1=NC(C(Cc2ccccc2)C2CCCCC2)=C1
C1=NC(CC(Cc2ccccc2)C2CCCCC2)=C1
C1=NC(CC(Cc2ccccc2)C2CCCCCC2)=C1
C1=NC(CC(CNc2ccccc2)C2CCCCCC2)=C1
C1=NC(CC(CNc2ccccc2)C2CCCCCC2)=C1
c1ccc(NCC(Cc2ccn[nH]2)C2CCCCCC2)cc1
c1ccc(NCC(Cc2ccn[nH]2)C2CCCCC2)cc1
c1ccc(NCC(Cc2ccn[nH]2)C2CCCCC2)cc1
C1=NCNC(CC(CNc2ccccc2)C2CCCCC2)=C1
C1=NCNC(CC(CNc2ccccc2)C2CCCCC2)=C1
C1=NCCNC(CC(CNc2ccccc2)C2CCCCC2)=C1
C1=NCCNC(CC(CNc2ccccc2)C2CCCC2)=C1
C1=NCCNC(CC(CNc2ccccc2)C2CCCC2)=C1
C1=CNC(CC(CNc2ccccc2)C2CCCC2)=CC=N1
C1=c2[nH]c(CC(CNc3ccccc3)C3CCCC3)cc2=N1
C1=c2[nH]c(CC(CNc3ccccc3)C3CCCC3)cc2=N1
C1=c2[nH]c(CC(CCNc3ccccc3)C3CCCC3)cc2=N1
C1=c2cc(CC(CCNc3ccccc3)C3CCCC3)[nH]c2=C1
C1=c2cc(CC(CNc3ccccc3)C3CCCC3)[nH]c2=C1
C1=c2cc(CC(CNc3ccccc3)C3CCCC3)[nH]c2=C1
C1=c2cc(CC(CNc3ccccc3)C3CCC3)[nH]c2=C1
C1=c2cc(CC(CCc3ccccc3)C3CCC3)[nH]c2=C1
C1=c2cc(CC(CCc3ccccc3)C3CCC3)[nH]c2=C1
C1=c2cc(CC(CCc3ccccc3)C3CCC3)[nH]c2=C1
C1=C(CC(CCc2ccccc2)C2CCC2)NC2C=C12
C1=C(CC(CCc2ccccc2)C2CCC2)NC2C=C12
C1=C(CC(CCc2ccccc2)C2CCCC2)NC2C=C12
C1=CCNC(CC(CCc2ccccc2)C2CCCC2)=C1
C1=CCNC(CC(CCc2ccccc2)C2CCCCC2)=C1
C1=CCCNC(CC(CCc2ccccc2)C2CCCCC2)=C1
C1=CCCNC(CC(CCc2ccccc2)C2CCCCC2)=C1
C=C1C=C(CC(CCc2ccccc2)C2CCCCC2)N1
C=C1C=C(CC(CCc2ccccc2)C2CCCCC2)N1
C=C1C=C(CC(CCc2ccccc2)C2CCCC2)N1
C=C1C=C(CC(CCc2ccccc2)C2CCCC2)N1
C=C1C=C(CC(CCc2ccccc2)C2CCCC2)N1
C=C1C=C(CC(CCc2ccccc2)C2CCCC2)N1
C=C1C=C(CC(CCc2ccccc2)C2CCCCC2)N1
C=C1C=C(CC(CCc2ccccc2)C2CCCCC2)N1
C=C1C=C(CC(CCc2ccccc2)C2CCCCCC2)N1
C=C1C=C(CC(CCc2ccccc2)C2CCCCCC2)N1
C=C1C=C(CC(CCc2ccccc2)C2CCCCCC2)N1
C=C1C=C(CC(CCc2ccccc2)C2CCCCC2)N1
C=C1C=C(CC(CCc2ccccc2)C2CCCCC2)N1
C=C1C=C(CC(CCc2ccccc2)C2CCCCC2)N1
C=C1C=C(CC(CCc2ccccc2)C2CCCCC2)N1
C=C1C=C(CC(CCc2ccccc2)C2CCCCC2)N1
C1=NC(=C2C=C(CC(CCc3ccccc3)C3CCCCC3)N2)C1
C1=NC1=C1C=C(CC(CCc2ccccc2)C2CCCCC2)N1
C1=NC1=C1C=C(CC(CCc2ccccc2)C2CCCC2)N1
C1=NC1=C1C=C(CC(CCc2ccccc2)C2CCCC2)N1
C1=CC(=C2C=C(CC(CCc3ccccc3)C3CCCC3)N2)N=C1
c1ccc(CCC(Cc2[nH]c3cncccc2-3)C2CCCC2)cc1
c1ccc(CCC(Cc2[nH]c3cncccc2-3)C2CCCCC2)cc1
c1ccc(CCC(CCc2[nH]c3cncccc2-3)C2CCCCC2)cc1
c1ccc(CCC(CCc2[nH]c3cncccc2-3)C2CCCC2)cc1
c1ccc(CCC(CCc2cc3ccncc3[nH]2)C2CCCC2)cc1
c1ccc(CCC(Cc2cc3ccncc3[nH]2)C2CCCC2)cc1
C1=Nc2ccc(-c3ccccc3)cc2C12CCCCC2
C1=Nc2ccc(-c3ccccc3)c3c2C1CCC3
C1=Nc2ccc(-c3ccccc3)c3c2C1CCC3
C1=Nc2ccc(-c3ccccc3)c3c2C1CC3
C1=Nc2ccc(-c3ccccc3)c3c2C1CC3
C1=Nc2ccc(-c3ccccc3)c3c2C1CC3
C1=Nc2ccc(-c3ccccc3)c3c2C1CC3
C1=Nc2ccc(-c3ccccc3)c3c2C1CC3
c1ccc(-c2cccc3c2CCC3)cc1
c1ccc(-c2cccc3c2CCCN3)cc1
c1ccc(-c2cccc3c2CCCN3)cc1
c1ccc(-c2cccc3c2CCCN3)cc1
c1ccc(-c2cccc3c2CCCN3)cc1
c1ccc(-c2cccc3c2CCCN3)cc1
c1ccc(-c2cccc3c2CCCN3)cc1
c1ccc2c(c1)-c1ccc3c(c1-2)CCCN3
c1ccc2c(c1)-c1ccc3c(c1-2)CCCN3
c1ccc2c(c1)-c1ccc3c(c1-2)CCCN3
c1ccc2c(c1)Cc1c-2ccc2c1CCCN2
c1ccc2c(c1)Cc1c-2ccc2c1CCCN2
c1ccc2c(c1)Cc1c-2ccc2c1CCCN2
c1ccc2c(c1)Cc1c-2ccc2c1CCCN2
c1ccc2c(c1)Cc1c-2ccc2c1CCCN2
c1ccc2c(c1)Cc1c-2ccc2c1CCCN2
c1cc2c(cc1-c1cc3ccc1-3)CCCN2
c1cc2c(cc1-c1cc3ccc1-3)CCCN2
c1cc2c(cc1-c1cc3ccc1-3)CCCN2
c1cc2c(cc1-c1cc3ccc1-3)CCCN2
c1ccc(-c2ccc3c(c2)CCCN3)cc1
c1ccc(-c2ccc3c(c2)CCCN3)cc1
c1cc2c(c(-c3ccc4c(c3)CCCN4)c1)CCC2
c1cc2c(c(-c3ccc4c(c3)CCCN4)c1)CCCC2
c1cc2c(c(-c3ccc4c(c3)CCCN4)c1)CCCC2
c1cc2c(c(-c3ccc4c(c3)CCCN4)c1)CCC2
c1ccc(-c2ccc3c(c2)CCCN3)cc1
c1ccc(-c2ccc3c(c2)CCCN3)cc1
c1ccc(-c2ccc3c(c2)CCCN3)cc1
c1ccc(-c2ccc3c(c2)CCCN3)cc1
c1ccc(-c2ccc3c(c2)CCCN3)cc1
c1ccc(-c2ccc3c(c2)CCCN3)cc1
c1ccc(-c2ccc3c(c2)CCCN3)c(CC2CC2)c1
c1ccc(-c2ccc3c(c2)CCCN3)c(CC2CC2)c1
c1ccc(-c2ccc3c(c2)CCCN3)c(CC2CC2)c1
c1ccc(-c2ccc3c(c2)CCCN3)cc1
c1ccc(-c2ccc3c(c2)CCCN3)cc1
c1ccc(-c2ccc3c(c2)CCCN3)cc1
c1cc2c(c(-c3ccc4c(c3)CCCN4)c1)CCCCC2
c1cc2c(c(-c3ccc4c(c3)CCCN4)c1)CCCNC2
c1cc2c(c(-c3ccc4c(c3)CCCN4)c1)CCNC2
c1cc2c(c(-c3ccc4c(c3)CCCN4)c1)CCCNC2
c1cc2c(c(-c3ccc4c(c3)CCCN4)c1)CCCCNC2
c1ccc(-c2ccc3c(c2)CCCN3)cc1
c1ccc(C2CCC2)c(-c2ccc3c(c2)CCCN3)c1
c1ccc(C2CCC2)c(-c2ccc3c(c2)CCCN3)c1
c1ccc(C2CCC2)c(-c2ccc3c(c2)CCCN3)c1
c1ccc(-c2ccc3c(c2)CCCN3)cc1
c1ccc(-c2ccc3c(c2)CCCN3)cc1
c1ccc(-c2ccc3c(c2)CCCN3)cc1
c1ccc(-c2ccc3c(c2)CCCN3)c(NCCN2CC2)c1
c1ccc(-c2ccc3c(c2)CCCN3)c(NCCN2CC2)c1
c1ccc(-c2ccc3c(c2)CCCN3)c(NCCN2CC2)c1
c1ccc(-c2ccc3c(c2)CCCN3)c(NCCN2CC2)c1
c1ccc(-c2ccc3c(c2)CCCN3)c(NCCN2CC2)c1
c1ccc(-c2ccc3c(c2)CCCN3)c(NC2CCCC2N2CC2)c1
c1ccc(-c2ccc3c(c2)CCCN3)c(NC2CCCC2N2CCC2)c1
c1ccc(-c2ccc3c(c2)CCCN3)c(NC2CCC2N2CCC2)c1
c1ccc(-c2ccc3c(c2)CCCN3)c(NC2CC(N3CCC3)C2)c1
c1ccc(-c2ccc3c(c2)CCCN3)c(NCCCN2CCC2)c1
c1ccc(-c2ccc3c(c2)CCCN3)c(NCCCC2CCC2)c1
c1ccc(-c2ccc3c(c2)CCCN3)c(NCCCC2CCC2)c1
c1ccc(-c2ccc3c(c2)CCCN3)c(NCCCC2CCN2)c1
c1ccc(-c2ccc3c(c2)CCCN3)cc1
c1ccc(-c2ccc3c(c2)CCCN3)c(NCC2CC2)c1
c1ccc(-c2ccc3c(c2)CCCN3)c(NCC2CC2)c1
c1ccc(-c2ccc3c(c2)CCCN3)c(NCC2CC2N2CC2)c1
c1ccc(-c2ccc3c(c2)CCCN3)c(NCC2CC2N2CC2)c1
c1ccc(-c2ccc3c(c2)CCCN3)c(NCC2=C(N3CC3)C2)c1
c1ccc(-c2ccc3c(c2)CCCN3)c(NCC2=C(N3CC3)C2)c1
c1ccc(-c2ccc3c(c2)CCCN3)c(NCC2=C(CN3CC3)C2)c1
C1=C(CNc2ccccc2-c2ccc3c(c2)CCCN3)C1
c1ccc(-c2ccc3c(c2)CCCN3)cc1
c1ccc(-c2ccc3c(c2)CCCN3)cc1
c1ccc(-c2ccc3c(c2)CCCN3)cc1
c1ccc(-c2ccc3c(c2)CCCN3)cc1
c1ccc(-c2ccc3c(c2)CCCN3)cc1
c1ccc(-c2ccc3c(c2)CCCN3)cc1
c1ccc(-c2ccc3c(c2)CCCN3)cc1
c1ccc(-c2ccc3c(c2)CCCN3)cc1
c1ccc(-c2ccc3c(c2)CCCN3)cc1
c1ccc(-c2ccc3c(c2)CCCN3)cc1
c1ccc(-c2ccc3c(c2)CCCN3)cc1
c1ccc(-c2ccc3c(c2)CCCN3)cc1
c1ccc(-c2ccc3c(c2)CCCN3)c(NCCN2CCC2)c1
c1ccc(-c2ccc3c(c2)CCCN3)cc1
c1ccc(-c2ccc3c(c2)CCCN3)cc1
c1ccc(-c2ccc3c(c2)CCCN3)cc1
c1ccc(-c2ccc3c(c2)CCCN3)cc1
c1ccc(-c2ccc3c(c2)CCCN3)cc1
c1ccc(-c2ccc3c(c2)CCCN3)cc1
c1ccc(-c2ccc3c(c2)CCCN3)cc1
c1ccc(-c2ccc3c(c2)CCCN3)cc1
c1ccc(-c2ccc3c(c2)CCCN3)cc1
c1ccc(-c2ccc3c(c2)CCCN3)cc1
c1ccc(-c2ccc3c(c2)CCCN3)cc1
c1ccc(-c2ccc3c(c2)CCCN3)cc1
c1ccc(-c2ccc3c(c2)CCCN3)cc1
c1ccc(-c2ccc3c(c2)CCCN3)cc1
c1ccc(-c2ccc3c(c2)CCCN3)cc1
c1ccc(-c2ccc3c(c2)CCCN3)c(NCCCNC2CCC2)c1
c1ccc(-c2ccc3c(c2)CCCN3)c(NCCCNC2CCC2)c1
c1ccc(-c2ccc3c(c2)CCCN3)c(NNCCCNC2CCC2)c1
c1ccc(-c2ccc3c(c2)CCCN3)c(NNCCCCNC2CCC2)c1
c1ccc(-c2ccc3c(c2)CCCN3)c(NCCCCCNC2CCC2)c1
c1ccc(-c2ccc3c(c2)CCCN3)c(NCCCCCNC2CCC2)c1
c1ccc(-c2ccc3c(c2)CCCN3)c(NCCCCCNC2CCC2)c1
c1ccc(-c2ccc3c(c2)CCCN3)c(NC2CCCCNCC2)c1
c1ccc(-c2ccc3c(c2)CCCN3)c(NC2CCCCCNC2)c1
c1ccc(-c2ccc3c(c2)CCCN3)c(NC2CCCCCCC2)c1
c1ccc(-c2ccc3c(c2)CCCN3)cc1
c1ccc(-c2ccc3c(c2)CCCN3)cc1
c1ccc(-c2ccc3c(c2)CCCN3)cc1
c1ccc(-c2ccc3c(c2)CCCN3)c(NCCCC2CCC2)c1
c1ccc(-c2ccc3c(c2)CCCN3)c(NCCC2CCC2)c1
c1ccc(-c2ccc3c(c2)CCCN3)c(NCCC2CCCC2)c1
c1ccc(-c2ccc3c(c2)CCCN3)cc1
c1ccc(-c2ccc3c(c2)CCCN3)c(NCCCC2CCCCC2)c1
c1ccc(-c2ccc3c(c2)CCCN3)c(NCCCC2CCCCCC2)c1
c1ccc(-c2ccc3c(c2)CCCN3)c(NCCCC2CCCCCCC2)c1
c1ccc(-c2ccc3c(c2)CCCN3)cc1
c1ccc(-c2ccc3c(c2)CCCN3)cc1
c1ccc(-c2ccc3c(c2)CCCN3)cc1
c1ccc(-c2ccc3c(c2)CCCN3)cc1
c1ccc(-c2ccc3c(c2)CCCN3)cc1
c1ccc(-c2ccc3c(c2)CCCN3)cc1
c1ccc(-c2ccc3c(c2)CCCN3)cc1
c1ccc(-c2ccc3c(c2)CCCN3)c(NCCCCCCCC2CC2)c1
c1ccc(-c2ccc3c(c2)CCCN3)c(NCC2CCCC(CC3CC3)CC2)c1
c1ccc(-c2ccc3c(c2)CCCN3)c(NCC2CCCC(CC3CCC3)CC2)c1
c1ccc(-c2ccc3c(c2)CCCN3)c(NCC2CCC(CC3CCC3)CC2)c1
c1ccc(-c2ccc3c(c2)CCCN3)c(NCC2CCC(CC3CCC3)C2)c1
c1ccc(-c2ccc3c(c2)CCCN3)c(NCC2CCC2CC2CCC2)c1
c1ccc(-c2ccc3c(c2)CCCN3)c(NCC2CCC2C2CCC2)c1
c1ccc(-c2ccc3c(c2)CCCN3)c(NCC2CCC2)c1
c1ccc(-c2ccc3c(c2)CCCN3)c(NCC2CCC2)c1
c1ccc(-c2ccc3c(c2)CCCN3)c(NCC2CCC2)c1
c1ccc(-c2ccc3c(c2)CCCN3)c(NCC2CCC2)c1
c1ccc(-c2ccc3c(c2)CCCN3)c(NCC2CCCC2)c1
c1ccc(-c2ccc3c(c2)CCCN3)c(NCC2CCCC2)c1
c1ccc(-c2ccc3c(c2)CCCN3)c(NCC2CCCC2)c1
c1ccc(-c2ccc3c(c2)CCCN3)c(NCC2CCCC2)c1
c1ccc(-c2ccc3c(c2)CCCN3)c(NCC2CCCCC2)c1
c1ccc(-c2ccc3c(c2)CCCN3)c(NCC2CCCCC2)c1
c1ccc(-c2ccc3c(c2)CCCN3)c(NCCC2CCCCC2)c1
c1ccc(-c2ccc3c(c2)CCCN3)c(NCC2CCCCC2)c1
c1ccc(-c2ccc3c(c2)CCCN3)c(NCC2CCCC2)c1
c1ccc(-c2ccc3c(c2)CCCN3)c(NCC2CCCC2)c1
c1ccc(-c2ccc3c(c2)CCCN3)c(NCCC2CCCC2)c1
c1ccc(-c2ccc3c(c2)CCCN3)c(NCCC2CCC2)c1
c1ccc(-c2ccc3c(c2)CCCN3)c(NCC2CCCCN2)c1
c1ccc(-c2ccc3c(c2)CCCN3)cc1
c1ccc(-c2ccc3c(c2)CCCN3)cc1
c1ccc(-c2ccc3c(c2)CCCN3)c(NCCN2CCCCC2)c1
c1ccc(-c2ccc3c(c2)CCCN3)cc1
c1ccc(-c2ccc3c(c2)CCCN3)c(NCCNCC2CCCC2)c1
c1ccc(-c2ccc3c(c2)CCCN3)c(NCCNCC2CCCC2)c1
c1ccc(-c2ccc3c(c2)CCCN3)c(NCCCCC2CCCC2)c1
c1ccc(-c2ccc3c(c2)CCCN3)c(NCCCCC2CCC2)c1
c1ccc(-c2ccc3c(c2)CCCN3)c(NCCCCC2CCC2)c1
c1ccc(-c2ccc3c(c2)CCCN3)c(NCCCNC2CCC2)c1
c1ccc(-c2ccc3c(c2)CCCN3)c(NCCCNC2CCC2)c1
c1ccc(-c2ccc3c(c2)CCCN3)c(NCCCNC2CC2)c1
c1ccc(-c2ccc3c(c2)CCCN3)c(NCCCNC2CC2)c1
c1ccc(-c2ccc3c(c2)CCCN3)c(NCCNC2CC2)c1
c1ccc(-c2ccc3c(c2)CCCN3)cc1
c1ccc(-c2ccc3c(c2)CCCN3)cc1
c1ccc(-c2ccc3c(c2)CCCN3)cc1
c1ccc(-c2ccc3c(c2)CCCN3)cc1
c1ccc(-c2ccc3c(c2)CCCN3)cc1
c1ccc(-c2ccc3c(c2)CCCN3)cc1
c1ccc(-c2ccc3c(c2)CCCN3)cc1
c1ccc(-c2ccc3c(c2)CCCN3)cc1
c1ccc(-c2ccc3c(c2)CCCN3)cc1
C=C(CNc1ccccc1-c1ccc2c(c1)CCCN2)C1C=CC1
C=C(Nc1ccccc1-c1ccc2c(c1)CCCN2)C1C=CC1
C=C(Nc1ccccc1-c1ccc2c(c1)CCCN2)C1=CC=C1
c1ccc(-c2ccc3c(c2)CCCN3)c(Nc2cc3ccc2-3)c1
c1ccc(-c2ccc3c(c2)CCCN3)c(NNc2cc3ccc2-3)c1
c1ccc(NNc2ccccc2-c2ccc3c(c2)CCCN3)cc1
c1ccc(Nc2ccccc2-c2ccc3c(c2)CCCN3)cc1
c1ccc(Nc2ccccc2-c2ccc3c(c2)CCCN3)cc1
c1ccc(Nc2ccccc2-c2ccc3c(c2)CCCN3)cc1
c1ccc(Nc2ccccc2-c2ccc3c(c2)CCCN3)cc1
c1ccc(Nc2ccccc2-c2ccc3c(c2)CCCN3)cc1
c1ccc(Nc2ccccc2-c2ccc3c(c2)CCCN3)cc1
c1ccc(Nc2ccccc2-c2ccc3c(c2)CCCN3)cc1
c1ccc(Nc2ccccc2-c2ccc3c(c2)CCCN3)cc1
c1ccc(NCc2ccccc2-c2ccc3c(c2)CCCN3)cc1
c1ccc2c(c1)NC(c1ccccc1-c1ccc3c(c1)CCCN3)N2
c1ccc(-c2nc3ccccc3[nH]2)c(-c2ccc3c(c2)CCCN3)c1
c1ccc(-c2cc3ccccc3[nH]2)c(-c2ccc3c(c2)CCCN3)c1
c1ccc(-c2cc3ccccc3[nH]2)c(-c2ccc3c(c2)CCCN3)c1
c1ccc(-c2c[nH]c3ccccc23)c(-c2ccc3c(c2)CCCN3)c1
C=C(Cc1c[nH]c2ccccc12)c1ccc2c(c1)CCCN2
C=C(Cc1c[nH]c2ccccc12)c1ccc2c(c1)CCCN2
C=C(Cc1c[nH]c2ccccc12)c1ccc2c(c1)CCCN2
c1ccc2c(CCc3ccc4c(c3)CCCN4)c[nH]c2c1
c1ccc2c(CCc3ccc4c(c3)CCCN4)c[nH]c2c1
c1ccc2c(CCc3ccc4c(c3)CCCN4)c[nH]c2c1
c1ccc2c(Cc3ccc4c(c3)CCCN4)c[nH]c2c1
c1ccc2c(-c3ccc4c(c3)CCCN4)c[nH]c2c1
C1=Nc2ccc(-c3ccccc3)cc2C12CCCCC2
c1ccc(-c2cccc(C3CCCCC3)c2)cc1
c1ccc(-c2cccc(C3CCCCC3)c2)cc1
c1ccc(-c2ccccc2)cc1
c1ccc(-c2ccccc2)cc1
c1ccc(-c2ccccc2)cc1
c1ccc(-c2ccccc2)cc1
c1ccc(-c2ccc3c(c2)C3)cc1
c1ccc(CCCc2cccc3c2C3)cc1
c1ccc(CCCc2cccc3c2C3)cc1
c1ccc(CCCc2cccc3c2C3)cc1
c1ccc(CCCc2cccc3c2C3)cc1
c1ccc(CCCc2cccc3c2C3)cc1
c1ccc(CCCc2cccc3c2OC3)cc1
c1ccc(CCCc2cccc3c2OC3)cc1
c1ccc(CCCc2cccc3c2OCC3)cc1
c1ccc(CCCc2cccc3c2OCC3)cc1
c1ccc(CCCc2cccc3c2OCC3)cc1
c1ccc(CCCc2cccc3c2OCC3)cc1
C1=CC(CCCc2cccc3c2OCC3)=CC1
c1cc(CCCc2cc[nH]c2)c2c(c1)CCO2
c1cc(CCCc2cc[nH]c2)c2c(c1)CCO2
c1cc(CCCc2cc[nH]c2)c2c(c1)CCO2
c1cc(CCCc2cc[nH]c2)c2c(c1)CCO2
c1cc(CCCc2cc[nH]c2)c2c(c1)CCO2
c1cc2c(c(CCc3cc[nH]c3)c1)OCC2
c1cc2c(c(CCc3cc[nH]c3)c1)OCC2
c1cc2c(c(CCc3cc[nH]c3)c1)OCC2
c1cc(CCCCn2cccc2)c2c(c1)CCO2
c1cc(CCCCn2cccc2)c2c(c1)CCO2
c1cc(CCCCn2cccc2)c2c(c1)CCO2
c1cc(CCCCn2cccc2)c2c(c1)CCO2
c1cc(CCCCn2cccc2)c2c(c1)CCO2
c1cc(CCCCn2cccc2)c2c(c1)CCCO2
c1cc2c(c(CCCCn3cccc3)c1)OCCCC2
c1cc2c(c(CCCCn3cccc3)c1)OCCCC2
c1cc2c(c(CCCCn3cccc3)c1)OCCCC2
c1cc2c(c(CCCCn3cccc3)c1)OCCCC2
c1cc2c(c(CCCCn3cccc3)c1)OCCCC2
c1cc2c(c(CCCCn3cccc3)c1)OCCCC2
c1cc2c(c(CCCCn3cccc3)c1)OCCCC2
c1cc2c(c(CCCCn3cccc3)c1)OCCCC2
c1cc2c(c(CCCCn3cccc3)c1)OCCCC2
c1cc2c(c(CCCCn3cccc3)c1)OCCCC2
c1cc2c(c(CCCCn3cccc3)c1)OCCCC2
c1cc2c(c(CCCCn3cccc3)c1)OCCCC2
c1cc(CCCCn2cccc2)c2c(c1)CCCO2
c1cc(CCCCn2cccc2)c2c(c1)CCCO2
c1cc(CCCCn2cccc2)c2c(c1)CCCO2
c1cc(CCCCn2cccc2)c2c(c1)CCCO2
c1cc(CCCCn2cccc2)c2c(c1)CCCO2
c1cc(CCCCn2cccc2)c2c(c1)CCO2
c1cc(CCCCn2cccc2)c2c(c1)CCO2
c1cc(CCCCn2cccc2)c2c(c1)CCO2
c1cc(CCCCn2cccc2)c2c(c1)CCO2
c1cc(CCCCn2cccc2)c2c(c1)CCO2
c1cc(CCCCn2cccc2)c2c(c1)CCO2
c1cc(CCCCn2cccc2)c2c(c1)CCO2
c1cc(CCCCn2cccc2)c2c(c1)CCO2
c1cc(CCCCn2cccc2)c2c(c1)CCO2
c1cc(CCCCn2cccc2)c2c(c1)CCO2
c1cc(CCCCn2cccc2)c2c(c1)CCO2
c1cc(CCCCn2cccc2)c2c(c1)CCO2
c1cc(CCCCn2cccc2)c2c(c1)CCO2
c1cc(CCCCn2cccc2)c2c(c1)CCO2
c1cc(CCCCn2cccc2)c2c(c1)CCO2
c1cc(CCCCn2cccc2)c2c(c1)CCO2
c1cc(CCCCn2cccc2)c2c(c1)CCO2
c1cc(CCCCn2cccc2)c2c(c1)CCO2
c1cc(CCCCn2cccc2)c2c(c1)CCO2
O=c1ccn(CCCCc2cccc3c2OCC3)cc1
O=c1ccn(CCCCc2cccc3c2OCC3)cc1
C1=C2CCCC(Cc3cc4ccccc4s3)C2Cc2cnn(-c3ccccc3)c21
C1=C2CCCC(Cc3cc4ccccc4s3)C2Cc2cnn(-c3ccccc3)c21
C1=C2CCCCC2Cc2cnn(-c3cccc(-c4cc5ccccc5s4)c3)c21
C=C1CCCCC1C1c2cnn(-c3cccc(-c4cc5ccccc5s4)c3)c21
C=C(Sc1ccccc1)c1cccc(-n2ncc3c2C3C2CCCCC2=C)c1
C=C1CCCCC1C1c2cnn(-c3cccc(C(=O)Sc4ccccc4)c3)c21
O=C(Sc1ccccc1)c1cccc(-n2ncc3c2C3C2CCCCC2)c1
O=C(CSc1ccccc1)c1cccc(-n2ncc3c2C3C2CCCCC2)c1
O=C(Cc1ccccc1)c1cccc(-n2ncc3c2C3C2CCCCC2)c1
O=C(Cc1ccccc1)c1cccc(-n2ncc3c2C3C2CCCCC2)c1
O=C(Cc1ccccc1)c1cccc(-n2ncc3c2C3C2CCCCN2)c1
O=C(Cc1ccccc1)c1cccc(-n2ncc3c2C3C2CCCCN2)c1
O=C(Cc1ccccc1)c1cccc(-n2ncc3c2C3C2CCCCN2)c1
O=C(Cc1ccccc1)c1cccc(-n2ncc3c2C3C2CCCCN2)c1
O=C(Cc1ccccc1)c1cccc(-n2ncc3c2C3C2CCCCN2)c1
O=C(Cc1ccccc1)c1cccc(-n2ncc3c2C3C2CCCCN2)c1
O=C(Cc1ccccc1)c1cccc(-n2ncc3c2C3C2CCCCN2)c1
O=C(NCc1ccccc1)c1cccc(-n2ncc3c2C3C2CCCCN2)c1
O=C(NCc1ccccc1)c1cccc(-n2ncc3c2C3C2CCCCN2)c1
O=C(NCc1ccccc1)c1cccc(-n2ncc3c2C3C2CCCCN2)c1
O=C(NCc1ccccc1)c1cccc(-n2ncc3c2C3C2CCCCN2)c1
c1ccc(CCNCN2CCCCC2C2c3cnn(-c4ccccc4)c32)cc1
c1ccc(CCNCN2CCCCC2C2c3cnn(-c4ccccc4)c32)cc1
c1ccc(CCNCN2CCCCC2C2c3cnn(-c4ccccc4)c32)cc1
O=C(NCCc1ccccc1)c1cccc(-n2ncc3c2C3C2CCCCN2)c1
O=C(NCCc1ccccc1)c1cccc(-n2ncc3c2C3C2CCCCN2)c1
O=C(NCCc1ccccc1)c1cccc(-n2ncc3c2C3C2CCCCN2)c1
O=C(NCCc1ccccc1)c1cccc(-n2ncc3c2C3C2CCCCN2)c1
O=C(NCCc1ccccc1)c1cccc(-n2ncc3c2C3C2CCCN2)c1
O=C(NCCc1ccccc1)c1cccc(-n2ncc3c2C3C2CCCN2)c1
O=C(NCCc1ccccc1)c1cccc(-n2ncc3c2C3C2CCCN2)c1
O=C(NCCc1ccccc1)c1cccc(-n2ncc3c2C3C2CCCN2)c1
O=C(NCCc1ccccc1)c1cccc(-n2ncc3c2C3C2CCCN2)c1
O=C(NCCc1ccccc1)c1cccc(-n2ncc3c2C3C2CCCN2)c1
O=C(NCCc1ccccc1)c1cccc(-n2ncc3c2C3C2CCCN2)c1
O=C(NCCc1ccccc1)c1cccc(-n2ncc3c2C3C2CCCN2)c1
O=C(NCCc1ccccc1)c1cccc(-n2ncc3c2C3C2CCCN2)c1
O=C(NCCc1ccccc1)c1cccc(-n2ncc3c2C3C2CCCN2)c1
O=C(NCCc1ccccc1)c1cccc(-n2ncc3c2C3C2CCCN2)c1
O=C(NCCc1ccccc1)c1cccc(-n2ncc3c2C3C2CCCN2)c1
O=C(NCCc1ccccc1)c1cccc(-n2ncc3c2C3CC2CCCN2)c1
O=C(NCCc1ccccc1)c1cccc(-n2ncc3c2C3CC2CCCN2)c1
O=C(NCCc1ccccc1)c1cccc(-n2ncc3c2C3CC2CCCN2)c1
O=C(NCCc1ccccc1)c1cccc(-n2ncc3c2C3CC2CCCN2)c1
O=C(NCCc1ccccc1)c1cccc(-n2ncc3c2C3CC2CCCN2)c1
O=C(NCCc1ccccc1)c1cccc(-n2ncc3c2C3CC2CCCN2)c1
O=C(NCCc1ccccc1)c1cccc(-n2ncc3c2C3CC2CCCN2)c1
C=C(C1CCCN1)C1c2cnn(-c3cccc(C(=O)NCCc4ccccc4)c3)c21
C=C(C1CCCN1)C1c2cnn(-c3cccc(C(=O)NCCc4ccccc4)c3)c21
C=C(C1CCCN1)C1c2cnn(-c3cccc(C(=O)NCCc4ccccc4)c3)c21
C=C(C1CCCN1)C1c2cnn(-c3cccc(C(=O)NCCc4ccccc4)c3)c21
C=C(C1CCCN1)C1c2cnn(-c3cccc(C(=O)NCCc4ccccc4)c3)c21
C=C(C1CCCN1)C1c2cnn(-c3cccc(C(=O)NCCc4ccccc4)c3)c21
C=C(C1CCCN1)C1c2cnn(-c3cccc(C(=O)NCCc4ccccc4)c3)c21
C=C(C1CCCN1)N1c2cnn(-c3cccc(C(=O)NCCc4ccccc4)c3)c21
C=C(C1CCCN1)N1c2cnn(-c3cccc(C(=O)NCCc4ccccc4)c3)c21
C=C(C1CCCN1)N1c2cnn(-c3cccc(C(=O)NCCc4ccccc4)c3)c21
C=C(C1CCCN1)N1Cc2cnn(-c3cccc(C(=O)NCCc4ccccc4)c3)c21
C=C(C1CCCN1)N1Cc2cnn(-c3cccc(C(=O)NCCc4ccccc4)c3)c21
O=C(NCCc1ccccc1)c1cccc(-n2ncc3c2N(C(=O)C2CCCN2)C3)c1
O=C(C1CCCN1C(=O)NCCc1ccccc1)N1Cc2cnn(-c3ccccc3)c21
O=C(C1CCCN1C(=O)NCCc1ccccc1)N1CCc2cnn(-c3ccccc3)c21
O=C(C1CCCN1C(=O)NCCc1ccccc1)N1CCc2cnn(-c3ccccc3)c21
O=C(C1CCCN1C(=O)NCCc1ccccc1)N1Cc2cnn(-c3ccccc3)c21
O=C(C1CCCN1C(=O)NCCc1ccccc1)N1Cc2cnn(-c3ccccc3)c21
O=C(CN1Cc2cnn(-c3ccccc3)c21)C1CCCN1C(=O)NCCc1ccccc1
O=C(CN1c2cnn(-c3ccccc3)c21)C1CCCN1C(=O)NCCc1ccccc1
O=C(NN1c2cnn(-c3ccccc3)c21)C1CCCN1C(=O)NCCc1ccccc1
O=C(NN1c2cnn(-c3ccccc3)c21)C1CCCN1C(=O)NCCc1ccccc1
O=C(NCC(OCN1c2cnn(-c3ccccc3)c21)c1ccccc1)N1CCCC1
O=C(NCC(OCN1c2cnn(-c3ccccc3)c21)c1ccccc1)N1CCCC1
O=C(NCC(OCN1c2cnn(-c3ccccc3)c21)c1ccccc1)N1CCCC1
O=C(NCC(OCC1c2cnn(-c3ccccc3)c21)c1ccccc1)N1CCCC1
O=C(NCC(OCC1c2cnn(-c3ccccc3)c21)c1ccccc1)N1CCCC1
O=C(NCC(OCC1c2cnn(-c3ccccc3)c21)c1ccccc1)N1CCCC1
O=C(NCC(OCC1c2cnn(-c3cccc(C(=O)N4CC4)c3)c21)c1ccccc1)N1CCCC1
O=C(NCC(OCC1c2cnn(-c3cccc(C(=O)N4CC4)c3)c21)c1ccccc1)N1CCCC1
O=C(NCC(OCC1c2cnn(-c3cccc(C(=O)N4CC4)c3)c21)c1ccccc1)N1CCCC1
O=C(NCC(OCN1c2cnn(-c3cccc(C(=O)N4CC4)c3)c21)c1ccccc1)N1CCCC1
O=C(NCC(OCN1c2cnn(-c3cccc(C(=O)N4CC4)c3)c21)c1ccccc1)N1CCCC1
O=C(NCC(OCN1c2cnn(-c3cccc(C(=O)N4CC4)c3)c21)c1ccccc1)N1CCCC1
O=C(NCC(OCN1c2cnn(-c3cccc(C(=O)N4CC4)c3)c21)c1ccccc1)N1CCCC1
O=C(NCC(OCN1c2cnn(-c3cccc(C(=O)N4CCC4)c3)c21)c1ccccc1)N1CCCC1
O=C(NCC(OCN1c2cnn(-c3cccc(C(=O)N4CCC4)c3)c21)c1ccccc1)N1CCCC1
O=C(NCC(OCN1c2cnn(-c3cccc(C(=O)N4CCCC4)c3)c21)c1ccccc1)N1CCCC1
O=C(NCC(OCN1c2cnn(-c3cccc(C(=O)N4CCCCC4)c3)c21)c1ccccc1)N1CCCC1
O=C(NCC(OCN1c2cnn(-c3cccc(C(=O)N4CCCCCC4)c3)c21)c1ccccc1)N1CCCC1
O=C(NCC(OCN1c2cnn(-c3cccc(C(=O)N4CCCCCC4)c3)c21)c1ccccc1)N1CCCC1
O=C(NCC(OCN1c2cnn(-c3cccc(C(=O)N4CCCCCC4)c3)c21)c1ccccc1)N1CCCC1
O=C(NCC(OCN1c2cnn(-c3cccc(C(=O)N4CCCCC4)c3)c21)c1ccccc1)N1CCCC1
O=C(NCC(OCN1c2cnn(-c3cccc(C(=O)N4CCCCC4)c3)c21)c1ccccc1)N1CCCCC1
O=C(NCC(OCN1c2cnn(-c3cccc(C(=O)N4CCCC4)c3)c21)c1ccccc1)N1CCCCC1
O=C(NCC(OCN1c2cnn(-c3cccc(C(=O)N4CCC4)c3)c21)c1ccccc1)N1CCCCC1
O=C(NCC(OCN1c2cnn(-c3cccc(C(=O)N4CCC4)c3)c21)c1ccccc1)N1CCCCCC1
O=C(NCC(OCN1c2cnn(-c3cccc(C(=O)N4CCC4)c3)c21)c1ccccc1)N1CCCCCC1
O=C(NCC(OCN1c2cnn(-c3cccc(C(=O)N4CCCC4)c3)c21)c1ccccc1)N1CCCCCC1
O=C(NCC(OCN1c2cnn(-c3cccc(C(=O)N4CCCCC4)c3)c21)c1ccccc1)N1CCCCCC1
C=C(NCC(OCN1c2cnn(-c3cccc(C(=O)N4CCCCC4)c3)c21)c1ccccc1)N1CCCCCC1
C=C(NCC(OCN1c2cnn(-c3cccc(C(=O)N4CCCCCC4)c3)c21)c1ccccc1)N1CCCCCC1
C=C(NCC(OCN1c2cnn(-c3cccc(C(=O)N4CCCCCC4)c3)c21)c1ccccc1)N1CCCCC1
C=C(NCC(OCN1c2cnn(-c3cccc(C(=O)N4CCCCCC4)c3)c21)c1ccccc1)N1CCCCC1
C=C(NCC(OCN1c2cnn(-c3cccc(C(=O)N4CCCCC4)c3)c21)c1ccccc1)N1CCCCC1
C=C(NCC(OCN1c2cnn(-c3cccc(C(=O)N4CCCC4)c3)c21)c1ccccc1)N1CCCCC1
C=C(NCC(OCN1c2cnn(-c3cccc(C(=O)N4CCCC4)c3)c21)c1ccccc1)N1CCCC1
C=C(NCC(OCN1c2cnn(-c3cccc(C(=O)N4CCCC4)c3)c21)c1ccccc1)C1CCCC1
C=C(NCC(OCN1c2cnn(-c3cccc(C(=O)N4CCCC4)c3)c21)c1ccccc1)C1CCC1
C=C(NCC(OCN1c2cnn(-c3cccc(C(=O)N4CCCC4)c3)c21)c1ccccc1)C1CC1
O=C(c1cccc(-n2ncc3c2N3COCc2ccccc2)c1)N1CCCC1
O=C(c1cccc(-n2ncc3c2N(COCc2ccccc2)C3)c1)N1CCCC1
O=C(c1cccc(-n2ncc3c2N(COCc2ccccc2)C3)c1)N1CCCC1
O=C(c1cccc(-n2ncc3c2N(COCc2ccccc2)C3)c1)N1CCCC1
O=C(c1cccc(-n2ncc3c2N(COCc2ccccc2)C3)c1)N1CCCC1
O=C(c1cccc(-n2ncc3c2N(COCc2ccccc2)C3)c1)N1CCCC1
O=C(c1cccc(-n2ncc3c2N(COCc2ccccc2)C3)c1)N1CCCC1
O=C(CN1Cc2cnn(-c3cccc(C(=O)N4CCCC4)c3)c21)NCCc1ccccc1
O=C(CON1Cc2cnn(-c3cccc(C(=O)N4CCCC4)c3)c21)NCCc1ccccc1
O=C(CON1Cc2cnn(-c3cccc(C(=O)N4CCCC4)c3)c21)NCCc1ccccc1
O=C(CCN1Cc2cnn(-c3cccc(C(=O)N4CCCC4)c3)c21)NCCc1ccccc1
O=C(CCN1Cc2cnn(-c3cccc(C(=O)N4CCCC4)c3)c21)NCCc1ccccc1
O=C(CCN1Cc2cnn(-c3cccc(C(=O)N4CCCC4)c3)c21)NCCc1ccccc1
O=C(CCN1Cc2cnn(-c3cccc(C(=O)N4CCCC4)c3)c21)NCCc1ccccc1
O=C(CCN1Cc2cnn(-c3cccc(C(=O)N4CCCC4)c3)c21)NCCc1ccccc1
O=C(c1cccc(-n2ncc3c2N(COCc2ccccc2)C3)c1)N1CCCC1
O=C(c1cccc(-n2ncc3c2N(COCc2ccccc2)C3)c1)N1CCCC1
O=C(c1cccc(-n2ncc3c2N(COCc2ccccc2)C3)c1)N1CCCC1
O=C(c1cccc(-n2nccc2NCOCc2ccccc2)c1)N1CCCC1
O=C(c1cccc(-n2nccc2NCOCc2ccccc2)c1)N1CCCC1
O=C(c1cccc(-n2nccc2NCOCc2ccccc2)c1)N1CCCC1
O=C(c1cccc(-n2nccc2CCOCc2ccccc2)c1)N1CCCC1
O=C(c1cccc(-n2nccc2COCc2ccccc2)c1)N1CCCC1
O=C(c1cccc(-n2nccc2COCc2ccccc2)c1)N1CCCC1
O=C(c1cccc(-n2nccc2COCc2ccccc2)c1)N1CCCC1
O=C(c1cccc(-n2nccc2COCc2ccccc2)c1)N1CCCC1
O=C(c1cccc(-n2nccc2CNOCc2ccccc2)c1)N1CCCC1
O=C(c1cccc(-n2ncc3c2C(NOCc2ccccc2)C3)c1)N1CCCC1
O=C(c1cccc(-n2ncc3c2C(CNOCc2ccccc2)C3)c1)N1CCCC1
O=C(c1cccc(-n2ncc3c2CC3OCc2ccccc2)c1)N1CCCC1
O=C(c1cccc(-n2ncc3c2CC3OCc2ccccc2)c1)N1CCCC1
O=C(c1cccc(-n2ncc3c2CC3OCc2ccccc2)c1)N1CCCC1
O=C(c1cccc(-n2cc(COCc3ccccc3)cn2)c1)N1CCCC1
O=C(c1cccc(-n2cc(OCc3ccccc3)cn2)c1)N1CCCC1
O=C(c1cccc(-n2cc(OCc3ccccc3)cn2)c1)N1CCCCC1
O=C(c1cccc(-n2cc(OCc3ccccc3)cn2)c1)N1CCCCC1
O=C(c1cccc(-n2cc(OCc3ccccc3)cn2)c1)N1CCCCC1
O=C(c1cccc(-n2cc(OCc3ccccc3)cn2)c1)N1CCCCC1
O=C(c1cccc(-n2cc(OCc3ccccc3)cn2)c1)N1CCCCC1
O=C(c1cccc(-n2cc(OCc3ccccc3)cn2)c1)N1CCCC1
O=C(c1cccc(-n2cc(OCc3ccccc3)cn2)c1)N1CCCC1
O=C(c1cccc(-n2cc(OCc3ccccc3)cn2)c1)N1CCCC1
O=C(c1cccc(-n2ncc(OCc3ccccc3)c2CC2CCC2)c1)N1CCCC1
O=C(c1cccc(-n2ncc(OCc3ccccc3)c2CC2CCC2)c1)N1CCCC1
O=C(c1cccc(-n2ncc(OCc3ccccc3)c2CC2CC2)c1)N1CCCC1
O=C(c1cccc(-n2ncc(OCc3ccccc3)c2CC2CC2)c1)N1CCCC1
O=C(c1cccc(-n2ncc(OCc3ccccc3)c2CC2CC2)c1)N1CCCC1
O=C(c1cccc(-n2ncc(OCc3ccccc3)c2CC2CC2)c1)N1CCCC1
O=C(c1cccc(-n2ncc(OCc3ccccc3)c2C=C2CC2)c1)N1CCCC1
O=C(c1cccc(-n2ncc(OCc3ccccc3)c2C=C2C=C2)c1)N1CCCC1
O=C(c1cccc(-n2ncc(OCc3ccccc3)c2C=C2C=C2)c1)N1CCCC1
O=C(c1cccc(-n2ncc(OCc3ccccc3)c2C=C2C=C2)c1)N1CCCCC1
O=C(c1cccc(-n2ncc(OCc3ccccc3)ccc3cc2-3)c1)N1CCCCC1
O=C(c1cccc(-n2ncc(OCc3ccccc3)ccc3cc2-3)c1)N1CCCCC1
O=C(c1cccc(-n2ncc(OCc3ccccc3)ccc3cc2-3)c1)N1CCCC1
O=C(c1cccc(-n2ncc(OCc3ccccc3)ccc3cc2-3)c1)N1CCCC1
O=C(c1cccc(-n2ncc(OCc3ccccc3)ccc3cc2-3)c1)N1CCCC1
O=C(c1cccc(-n2ncc(OCc3ccccc3)c3cccc2-3)c1)N1CCCC1
O=C(c1cccc(-n2ncc(OCc3ccccc3)c3cccc2-3)c1)N1CCCC1
O=C(c1cccc(-n2nccc3cc(OCc4ccccc4)cc2-3)c1)N1CCCC1
O=C(c1cccc(-n2ncc3ccc(OCc4ccccc4)cc32)c1)N1CCCC1
O=C(c1cccc(-n2ncc3ccc(OCc4ccccc4)cc32)c1)N1CCCC1
O=C(c1cccc(-n2ncc3cc(OCc4ccccc4)ccc32)c1)N1CCCC1
O=C(c1cccc(-n2ncc3cc(OCc4ccccc4)ccc32)c1)N1CCCC1
C1=C2CCCC(Cc3cc4ccccc4s3)C2Cc2cnn(-c3ccccc3)c21
c1ccc(-n2cc(CC3CCCCC3Cc3cc4ccccc4s3)cn2)cc1
c1ccc(-n2cc(CC3CCCCC3Cc3cc4ccccc4s3)cn2)cc1
C1=C(CC2CCCCC2Cc2cnn(-c3ccccc3)c2)Cc2ccccc21
C1=C(COC2CCCCC2Cc2cnn(-c3ccccc3)c2)Cc2ccccc21
C1=C(COC2CCCCC2Cc2cnn(-c3ccccc3)c2)Cc2cnccc21
C1=C(CCOC2CCCCC2Cc2cnn(-c3ccccc3)c2)Cc2cnccc21
c1ccc(-n2cc(CC3CCCCC3OCCc3cc4ccncc4[nH]3)cn2)cc1
C(=CNc1ccccc1)CC1CCCCC1OCCc1cc2ccncc2[nH]1
C(=CNc1ccccc1)CC(COCCc1cc2ccncc2[nH]1)C1CCC1
C(=CNc1ccccc1)CC(COCCc1cc2ccncc2[nH]1)C1CCC1
C(=CNc1ccccc1)CC(COCCc1cc2ccncc2[nH]1)C1CCCC1
C(CCC1CCCC1)=C(CCc1cc2ccncc2[nH]1)Nc1ccccc1
C(CCC1CCCC1)=C(CCc1cc2ccncc2[nH]1)Nc1ccccc1
C(CCC1CCCC1)=C(Cc1cc2ccncc2[nH]1)Nc1ccccc1
c1ccc(NC(CCC2CCCC2)Cc2cc3ccncc3[nH]2)cc1
c1ccc(NC(CCC2CCCC2)Cc2cc3ccncc3[nH]2)cc1
c1ccc(NC(CCC2CCCC2)Cc2cc3ccncc3[nH]2)cc1
c1ccc(NC(CCC2CCCC2)Cc2cc3ccncc3[nH]2)cc1
c1ccc(NC(CCC2CCCC2)Cc2cc3ccncc3[nH]2)cc1
c1ccc(CC(CCC2CCCC2)Cc2cc3ccncc3[nH]2)cc1
c1ccc(CC(CCC2CCCCC2)Cc2cc3ccncc3[nH]2)cc1
c1ccc(C(CCC2CCCCC2)Cc2cc3ccncc3[nH]2)cc1
c1ccc(C(CCC2CCCC2)Cc2cc3ccncc3[nH]2)cc1
c1ccc(C(CCC2CCC2)Cc2cc3ccncc3[nH]2)cc1
c1ccc(C(CCC2CCC2)Cc2cc3ccncc3[nH]2)cc1
c1ccc(C(CCC2CCC2)Cc2cc3ccncc3[nH]2)cc1
c1ccc(C(CCC2CCC2)Cc2cc3ccncc3[nH]2)cc1
c1ccc(C(CCC2CCCC2)Cc2cc3ccncc3[nH]2)cc1
c1ccc(CCC(CCCc2cc3ccncc3[nH]2)C2CCCC2)cc1
O=C(Cc1cc2ccncc2[nH]1)CC(CCc1ccccc1)C1CCCC1
c1ccc(CCC(CCCc2cc3ccncc3[nH]2)C2CCCC2)cc1
c1ccc(CCC(CCc2cc3ccncc3[nH]2)C2CCCC2)cc1
c1ccc(CCC(Cc2cc3ccncc3[nH]2)C2CCCC2)cc1
C1=C2CCCC(Cc3cc4ccccc4s3)C2Cc2cnn(-c3ccccc3)c21
C1=C2CCCC(CCSc3ccccc3)C2Cc2cnn(-c3ccccc3)c21
C1=C2CCCC(CCSc3ccccc3)C2Cc2cnn(-c3ccccc3)c21
C1=C2CCCC(CCSc3ccccc3)C2Cc2cnn(-c3ccccc3)c21
C1=C2CCCC(CCSOc3ccccc3)C2Cc2cnn(-c3ccccc3)c21
C1=C2CCCC(CCSOc3ccccc3)C2CCc2cnn(-c3ccccc3)c21
C1=C2CCCC(CCCOc3ccccc3)C2CCc2cnn(-c3ccccc3)c21
C1=C2CCC3C(Oc4ccccc4)CCC3C2CCc2cnn(-c3ccccc3)c21
C1=C2CCC3C(Oc4ccccc4)CCC3C2CCc2cnn(-c3ccccc3)c21
C1=C2CCC3C(Oc4ccccc4)CCC3C2CCc2cnn(-c3ccccc3)c21
C1=C2CCC3C(Oc4ccccc4)CC(OCc4ccccc4)C3C2CCc2cn[nH]c21
C1=C2CCC3C(Oc4ccccc4)CCC(OCc4ccccc4)C3C2CCc2cn[nH]c21
C1=C2CCC3C(Oc4ccccc4)CCC(OCc4ccccc4)C3C2CCc2cn[nH]c21
C1=CCCC2C(=C1)CCC1C(Oc3ccccc3)CCC(OCc3ccccc3)C21
C1=CCCC2C(=C1)CCC1C(Oc3ccccc3)CCC(OCc3ccccc3)C21
C1=CCCC2C(=C1)CCC1C(Oc3ccccc3)CCC(OCc3ccccc3)C21
C1=CCCC2C(=C1)CCC1C(Oc3ccccc3)CCC(OCc3ccccc3)C21
C1=CCCC2C(=C1)CCC1C(c3ccccc3)CCC(OCc3ccccc3)C21
C1=CCCC2C(=C1)CCC1C(c3ccccc3)CCC(OCc3ccccc3)C21
C1=CCCC2C(=C1)CCC1C(c3ccccc3)CCC(OCc3ccccc3)C21
C1=CCCC2C(=C1)CCC1C(c3ccccc3)CCC(OCc3ccccc3)C21
C1=CCCC2C(=C1)CCC1C(c3ccccc3)CC(OCc3ccccc3)C21
C1=CCCC2C(=C1)CCC1C(c3ccccc3)CC(OCc3ccccc3)C21
C1=CCCC2C(=C1)CCC1C(c3ccccc3)CC(OCc3ccccc3)C21
C1=CCCC2C(=C1)CCC1C(c3ccccc3)CC(OCc3ccccc3)C21
C1=CCCC2C(=C1)CCC1C(c3ccccc3)CC(OCc3ccccc3)C21
C1=CCCC2C(=C1)CCC1C(c3ccccc3)CC(OCc3ccccc3)C21
C1=CCCC2C(=C1)CCC1C(c3ccccc3)CCC(OCc3ccccc3)C21
C=C1C=C2CCC3C(c4ccccc4)CCC(OCc4ccccc4)C3C2CC1
C=C1C=C2CCC3C(c4ccccc4)CCC(OCc4ccccc4)C3C2CC1
C=C1C=C2CCC3C(c4ccccc4)CCC(OCc4ccccc4)C3C2CC1
C=C1C=C2CCC3C(c4ccccc4)CCC(OCc4ccccc4)C3C2CC1
C=C1C=C2CCC3C(c4ccccc4)CCC(OCc4ccccc4)C3C2CC1
C=C1C=C2CCC3C(c4ccccc4)CCC(OCc4ccccc4)C3C2CC1
C=C1C=C2CCC3C(c4ccccc4)CCC(OCc4ccccc4)C3C2CC1
C=C1C=C2CCC3C(c4ccccc4)CCC(OCc4ccccc4)C3C2CC1
O=C1C=C2CCC3C(c4ccccc4)CCC(OCc4ccccc4)C3C2CC1
O=C1C=C2CCC3C(c4ccccc4)CCC(OCc4ccccc4)C3C2CC1
O=C1C=C2CCC3C(c4ccccc4)CCC(OCc4ccccc4)C3C2CC1
O=C1C=C2CCC3C(c4ccccc4)CCC(OCc4ccccc4)C3C2CC1
O=C1C=C2CCC3C(c4ccccc4)CCC(OCc4ccccc4)C3C2CC1
O=C1C=C2CCC3C(C4C=CC=C4)CCC(OCc4ccccc4)C3C2CC1
O=C1C=C2CCC3C(C4C5=CC=C54)CCC(OCc4ccccc4)C3C2CC1
O=C1C=C2CCC3C(C4C5=CC54)CCC(OCc4ccccc4)C3C2CC1
O=C1C=C2CCC3C(C4CC4)CCC(OCc4ccccc4)C3C2CC1
O=C1C=C2CCC3C(C(OCc4ccccc4)CC4C5CC5C43)C2CC1
O=C1C=C2CCC3C(C(OCc4ccccc4)CC4C5CC5C43)C2CC1
O=C1C=C2CCC3C(C(OCc4ccccc4)CC4C5CC5C43)C2CC1
O=C1C=C2CCC3C4CCC4CC(OCc4ccccc4)C3C2CC1
O=C1C=C2CCC3C4CCC4CC(OCc4ccccc4)C3C2CC1
O=C1C=C2CCC3C4CCC4CC(OCc4ccccc4)C3C2CC1
O=C1C=C2CCC3C4CCC4CC(OCc4ccccc4)C3C2CC1
O=C1C=C2CCC3C4CCC4CC(OCc4ccccc4)C3C2CC1
O=C1C=C2CCC3C4CCC4CC(OCc4ccccc4)C3C2CC1
O=C1C=C2CCC3C4CCC4CC(OCc4ccccc4)C3C2CC1
O=C1C=C2CCC3C4CCC4CC(OCc4ccccc4)C3C2CC1
O=C1C=C2CCC3C4CCCC4CC(OCc4ccccc4)C3C2CC1
O=C1C=C2CCC3C4CCCC4CC(OCc4ccccc4)C3C2C1
O=C1C=C2CCC3C4CCCC4CC(OCc4ccccc4)C3C2C1
O=C1C=C2CCC3C4CCCC4CC(OCc4ccccc4)C3C2CC1
C1=C2CCCC(Cc3cc4ccccc4s3)C2Cc2cnn(-c3ccccc3)c21
C1=C2CCCC(CC3Sc4ccccc43)C2Cc2cnn(-c3ccccc3)c21
C1=C2CCCC(CCc3ccccc3)C2Cc2cnn(-c3ccccc3)c21
C1=C2CCCC(CCCc3ccccc3)C2Cc2cnn(-c3ccccc3)c21
C1=C2CCCC(CCCc3ccccc3)C2Cc2cnn(-c3ccccc3)c21
C1=C2CCCC(CCCc3ccccc3)C2Cc2cnn(-c3ccccc3)c21
C1=C2CCCC(Cc3ccccc3)C2Cc2cnn(-c3ccccc3)c21
C1=C2CCCC(Cc3ccccc3)C2Cc2cnn(-c3ccccc3)c21
C1=C2CNCCC(Cc3ccccc3)C2Cc2cnn(-c3ccccc3)c21
C1=C2CCCCC(Cc3ccccc3)C2Cc2cnn(-c3ccccc3)c21
C1=C2CCCCC(Cc3ccccc3)C2Cc2cnn(-c3ccccc3)c21
C1=C2CCCCC(Cc3cccc(C4CC4)c3)C2Cc2cnn(-c3ccccc3)c21
C1=C2CCCCC(Cc3cccc(C4CC4)c3)C2Cc2cnn(-c3ccccc3)c21
C1=C2CCCCC(Cc3cccc(C4CC4)c3)C2Cc2cnn(-c3ccccc3)c21
C1=C2CCCC(Cc3cccc(C4CC4)c3)C2Cc2cnn(-c3ccccc3)c21
C1=C2CCCC(Cc3cccc(C4CN4)c3)C2Cc2cnn(-c3ccccc3)c21
C1=C2CCCC(Cc3ccccc3)C2Cc2cnn(-c3ccccc3)c21
C1=C2CCCC(Cc3ccccc3)C2Cc2cnn(-c3ccccc3)c21
C1=C2CCCC(Cc3ccccc3)C2Cc2cnn(-c3ccccc3)c21
C1=C2CCCC(Cc3ccccc3)C2Cc2cnn(-c3ccccc3)c21
C1=C2CCCC(Cc3ccc4c(c3)OC4)C2Cc2cnn(-c3ccccc3)c21
C1=C2CCCCC(Cc3ccc4c(c3)OC4)C2Cc2cnn(-c3ccccc3)c21
C1=C2CCCCC(Cc3ccc4c(c3)O4)C2Cc2cnn(-c3ccccc3)c21
C1=C2CCCCC(Cc3ccccc3)C2Cc2cnn(-c3ccccc3)c21
C1=C2CCCCC(Cc3ccccc3)C2Cc2cnn(-c3ccccc3)c21
C1=C2CCCCC(Cc3ccccc3)C2Cc2cnn(-c3ccccc3)c21
C1=CC(CC2CCCCC3=Cc4c(cnn4-c4ccccc4)CC32)C=C1
C1=CC(CC2CCCC3=Cc4c(cnn4-c4ccccc4)CC32)C=C1
C1=CC(CC2CCCC3=Cc4c(cnn4-c4ccccc4)CC32)=C1
C1=CC(CC2CCCC3=Cc4c(cnn4-c4ccccc4)CCC32)=C1
C1=C2CCCC(Cc3ccsc3)C2CCc2cnn(-c3ccccc3)c21
C1=C2CCCC(Cc3ccsc3)C2Cc2cnn(-c3ccccc3)c21
C1=C2CCCC(Cc3cc4ccccc4s3)C2Cc2cnn(-c3ccccc3)c21
c1ccc(-n2cc(CC3CCCCC3Cc3cc4ccccc4s3)cn2)cc1
c1ccc(-n2cc(CCCCc3cc4ccccc4s3)cn2)cc1
c1ccc(-n2cc(CCCCc3cc4ccccc4s3)cn2)cc1
c1ccc(-n2cc(CCCCc3cc4ccccc4s3)cn2)cc1
c1ccc(-n2cc(CCCc3ccc4sccc4c3)cn2)cc1
c1ccc(-n2cc(CCCc3ccc4sccc4c3)cn2)cc1
c1ccc(-n2cc(CCCc3ccc4sccc4c3)cn2)cc1
c1ccc(-n2cc(CCCOc3ccc4sccc4c3)cn2)cc1
c1ccc(-n2cc(CCCOc3ccc4sccc4c3)cn2)cc1
c1ccc(-n2cc(CCCOc3ccc4sccc4c3)cn2)cc1
c1ccc(-n2cc(CCCOc3ccc4sccc4c3)cn2)cc1
c1ccc(-n2cccn2)c(COc2ccc3sccc3c2)c1
c1ccc(COc2ccc3sc(Cn4cccn4)cc3c2)cc1
c1ccc(COc2ccc3sc(Cn4cccn4)cc3c2)cc1
c1ccc(COc2ccc3sc(-n4cccn4)cc3c2)cc1
c1ccc(COc2ccc3sc(-n4cccn4)cc3c2)cc1
c1ccc(COc2ccc3sc(-n4cccn4)cc3c2)cc1
c1ccc(COc2ccc3sc(-n4cccn4)cc3c2)cc1
c1ccc(COc2ccc3sc(-n4cccn4)cc3c2)cc1
c1ccc(COc2ccc3sc(-n4cccn4)cc3c2)cc1
c1ccc(COc2ccc3sc(-n4cccn4)cc3c2)cc1
c1ccc(COc2ccc3sc(-n4cccn4)cc3c2)cc1
c1ccc(COc2ccc3sc(-n4cccn4)cc3c2)cc1
c1ccc(COc2ccc3sc(-n4cccn4)cc3c2)cc1
c1ccc(COc2ccc3sc(-n4cccn4)cc3c2)cc1
c1ccc(COc2ccc3sc(-n4cccn4)cc3c2)cc1
c1ccc(COc2ccc3sc(-n4cccn4)cc3c2)cc1
c1ccc(COc2ccc3sc(-n4cccn4)cc3c2)cc1
c1ccc(COc2ccc3sc(-n4cccn4)cc3c2)cc1
c1ccc(COc2ccc3sc(-n4cccn4)cc3c2)cc1
c1ccc(COc2ccc3sc(-n4cccn4)cc3c2)cc1
c1ccc(COc2ccc3sc(-n4cccn4)cc3c2)cc1
c1ccc(COc2ccc3sc(-n4cccn4)cc3c2)cc1
C1=C(n2cccn2)Cc2ccc(OCc3ccccc3)cc21
C1=C(n2cccn2)c2ccc(OCc3ccccc3)cc21
C1=C(n2cccn2)c2ccc(OCc3ccccc3)cc21
C1=C(n2cccn2)c2ccc(OCc3ccccc3)cc21
C1=C(n2cccn2)c2ccc(OCc3ccccc3)cc21
C1=C(n2cccn2)c2ccc(OCc3ccccc3)cc21
C1=C(n2cccn2)c2ccc(OCc3ccccc3)cc21
C1=C(n2cccn2)c2ccc(OCc3ccccc3)cc21
C1=C(n2cccn2)c2ccc(OCc3ccccc3)cc21
C1=C(n2cccn2)c2ccc(OCc3ccccc3)cc21
C1=C(n2cccn2)c2ccc(OCc3ccccc3)cc21
C1=C(c2ccc(OCc3ccccc3)cc2)n2nccc21
C1=C(c2ccc(OCc3ccccc3)cc2)n2nccc21
C1=C(c2ccc(OCc3ccccc3)cc2)n2nccc21
C1=C(c2ccc(OCc3ccccc3)cc2)n2nccc21
C1=C(c2ccc(OCc3ccccc3)cc2)n2nccc21
C1=C(c2ccc(OCc3ccccc3)cc2)n2nccc21
C1=C(c2ccc(OCc3ccccc3)cc2)n2nccc2C1
C1=C(c2ccc(OCc3ccccc3)cc2)n2nccc2C1
c1ccc(COc2ccc(C3Cc4ccnn43)cc2)cc1
c1ccc(COc2ccc(Cn3cccn3)cc2)cc1
c1ccc(COc2ccc(-n3cccn3)cc2)cc1
c1ccc(COc2ccc3c(c2)CCc2ccnn2-3)cc1
c1ccc(COc2ccc3c(c2)CCc2ccnn2-3)cc1
c1ccc(COc2ccc(-n3cccn3)cc2)cc1
c1ccc(COc2ccc(-n3cccn3)cc2)cc1
c1ccc(COc2ccc3[nH]ncc3c2)cc1
c1ccc(COc2ccc3[nH]ncc3c2)cc1
c1ccc(COc2ccc3[nH]ncc3c2)cc1
C1=C(n2ncc3cc(OCc4ccccc4)ccc32)N1
C1=C(n2ncc3cc(OCc4ccccc4)ccc32)NC1
C1=C(n2ncc3cc(OCc4ccccc4)ccc32)SNC1
C1=C(n2ncc3cc(OCc4ccccc4)ccc32)SCC1
C1=C(n2ncc3cc(OCc4ccccc4)ccc32)SCC1
C1=C(n2ncc3cc(OCc4ccccc4)ccc32)SCC1
C1=C(n2ncc3cc(OCc4ccccc4)ccc32)SCC1
c1ccc(COc2ccc3c(cnn3-c3cccs3)c2)cc1
c1ccc(COc2ccc3c(cnn3-c3cc4c(s3)CC4)c2)cc1
c1ccc(COc2ccc3c(cnn3-c3cc4c(s3)C4)c2)cc1
c1ccc(COc2ccc3c(cnn3-c3cccs3)c2)cc1
c1ccc(COc2ccc3c(cnn3-c3cccs3)c2)cc1
c1ccc(COc2ccc3c(cnn3-c3ccns3)c2)cc1
c1ccc(COc2ccc3c(cnn3-c3ccns3)c2)cc1
C1=C2CCCC(Cc3cc4ccccc4s3)C2Cc2cnn(-c3ccccc3)c21
C1=C(CCCCCc2cc3ccccc3s2)CCc2cnn(-c3ccccc3)c21
C1=C(CCCCCc2cc3ccccc3s2)CCc2cnn(-c3ccccc3)c21
C=C(CCCCCc1cc2ccccc2s1)CCc1cnn(-c2ccccc2)c1
C=C(CCCCCc1cc2ccccc2s1)CCc1cnn(-c2ccccc2)c1
C=C(CCCCCc1cc2ccccc2[nH]1)CCc1cnn(-c2ccccc2)c1
c1ccc(-n2cc(CCCCCCCCc3cc4ccccc4[nH]3)cn2)cc1
c1ccc(-n2cc(CCCCCCCCc3cc4ccccc4[nH]3)cn2)cc1
c1ccc(-n2cc(CCCCCCCCc3cc4ccccc4[nH]3)cn2)cc1
c1ccc(-n2cc(CCCCCCCCc3cc4ccccc4[nH]3)cn2)cc1
c1ccc(-n2cc(CCCCCCCCc3cc4ccccc4[nH]3)cn2)cc1
C(=CNc1ccccc1)CCCCCCCCc1cc2ccccc2[nH]1
C=C(CCCCCCCc1cc2ccccc2[nH]1)Nc1ccccc1
C=C(CCCCCCCc1cc2ccccc2[nH]1)Nc1ccccc1
C=C(CCCCCCCc1cc2ccccc2[nH]1)Nc1ccccc1
N=C(CCCCCCCc1cc2ccccc2[nH]1)Nc1ccccc1
N=C(CCCCCCCc1cc2ccccc2[nH]1)Nc1ccccc1
N=C(CCCCCCCc1cc2ccccc2[nH]1)Nc1ccccc1
N=C(CCCCCCc1cc2ccccc2[nH]1)Nc1ccccc1
N=C(CCCCCc1cc2ccccc2[nH]1)Nc1ccccc1
N=C(CCCCCc1cc2ccccc2[nH]1)Nc1ccccc1
c1ccc(NCCCCCCc2cc3ccccc3[nH]2)cc1
c1ccc(NCCCCCc2cc3ccccc3[nH]2)cc1
c1ccc(NCCCCCc2cc3ccccc3[nH]2)cc1
c1ccc(NCCCCc2cc3ccccc3[nH]2)cc1
c1ccc(NCCCCc2cc3ccccc3[nH]2)cc1
c1ccc(CCCCCc2cc3ccccc3[nH]2)cc1
c1ccc(CCCCc2cc3ccccc3[nH]2)cc1
c1ccc(CCCc2cc3ccccc3[nH]2)cc1
c1ccc(CCCc2cc3ccccc3[nH]2)cc1
c1ccc(CCCc2cc3ccccc3[nH]2)cc1
c1ccc(CCCc2cc3ccccc3[nH]2)cc1
c1ccc(CCCc2cc3ccccc3[nH]2)cc1
c1ccc(CCCCc2cc3ccccc3[nH]2)cc1
c1ccc(CCCCc2cc3ccccc3[nH]2)cc1
c1ccc(CCCCc2cc3ccccc3[nH]2)cc1
c1ccc(CCCCc2cc3ccccc3[nH]2)cc1
c1ccc(CCC(Cc2cc3ccccc3[nH]2)C2COC2)cc1
c1ccc(CCC(Cc2cc3ccccc3[nH]2)C2COC2)cc1
c1ccc(CCCCc2cc3ccccc3[nH]2)cc1
c1ccc(CCCCc2cc3ccccc3[nH]2)cc1
c1ccc(CCCCc2cc3ccccc3[nH]2)cc1
c1ccc(CCCCc2cc3ccccc3[nH]2)cc1
c1ccc(CCCCc2cc3ccccc3[nH]2)cc1
c1ccc(CCCCc2cc3ccccc3[nH]2)cc1
c1ccc(CCCCc2cc3ccccc3[nH]2)cc1
c1ccc(CCCCc2cc3ccccc3[nH]2)cc1
c1ccc(CCCCc2cc3ccccc3[nH]2)cc1
c1ccc(CCCCc2cc3ccccc3[nH]2)cc1
c1ccc(CCCCc2cc3ccccc3[nH]2)cc1
C1=C2CCCC(Cc3cc4ccccc4s3)C2Cc2cnn(-c3ccccc3)c21
C=C1CCCC(Cc2cc3ccccc3s2)C1Cc1cnn(-c2ccccc2)c1
C=C(CCCCCc1cc2ccccc2s1)CCc1cnn(-c2ccccc2)c1
C=C(CCCCCc1cc2ccccc2s1)CCc1cnn(-c2ccccc2)c1
C=C(CCCCCc1cc2ccccc2s1)CCc1ccn(-c2ccccc2)c1
C=C(CCCCCc1cc2ccccc2s1)Cc1ccn(-c2ccccc2)c1
C=C(CCCCCc1cc2ccccc2s1)Cc1ccn(-c2ccccc2)c1
C=C(CCCCCc1cc2ccccc2s1)Cc1ccn(-c2ccccc2)c1
C=C(CCCCCc1cc2ccccc2s1)Cc1ccn(Cc2ccccc2)c1
C=C(CCCCCc1cc2ccccc2s1)Cc1ccn(Cc2ccccc2)c1
c1ccc(Cn2ccc(CCCCCCCc3cc4ccccc4s3)c2)cc1
c1ccc(CCn2ccc(CCCCCCCc3cc4ccccc4s3)c2)cc1
c1ccc(CCn2cccc2CCCCCCc2cc3ccccc3s2)cc1
c1ccc(CCn2cccc2CCCCCCCc2cc3ccccc3s2)cc1
c1ccc(CCn2cccc2CCCCCCCc2cc3ccccc3s2)cc1
c1ccc(CCn2cccc2CCCCCCc2cc3ccccc3s2)cc1
C1=C(CCCCCCc2cccn2CCc2ccccc2)Cc2ccccc21
C1=C(CCCCCCc2cccn2CCc2ccccc2)c2ccccc21
C1=C(CCCCCCc2cccn2CCc2ccccc2)c2ccccc21
C1=C(CCCCCc2cccn2CCc2ccccc2)c2ccccc21
C1=C(CCCCc2cccn2CCc2ccccc2)c2ccccc21
C1=C(CCCCc2cccn2CCc2ccccc2)c2ccccc21
c1ccc(CCn2cccc2CCCCc2c[nH]c3ccccc23)cc1
c1ccc(CCn2cccc2CCCCc2c[nH]c3ccccc23)cc1
c1ccc(CCn2cccc2CCCc2c[nH]c3ccccc23)cc1
c1ccc(CCn2cccc2CCc2c[nH]c3ccccc23)cc1
c1ccc(CCn2cccc2Cc2c[nH]c3ccccc23)cc1
c1ccc(CCn2cccc2Cc2c[nH]c3ccccc23)cc1
c1ccc(CCn2cccc2Cc2c[nH]c3ccccc23)cc1
c1ccc(CCn2cccc2Cc2c[nH]c3ccccc23)cc1
c1ccc(CCn2cccc2Cc2c[nH]c3ccccc23)cc1
c1ccc(CCn2cccc2Cc2c[nH]c3ccccc23)cc1
c1ccc(CCn2cccc2Cc2c[nH]c3ccccc23)cc1
c1ccc(CCn2cccc2Cc2c[nH]c3ccccc23)cc1
c1ccc(CCn2cccc2Cc2c[nH]c3ccccc23)cc1
c1ccc(CCn2cccc2Cc2c[nH]c3ccccc23)cc1
c1ccc(CCn2cccc2Cc2c[nH]c3ccccc23)cc1
c1ccc(CCn2cccc2-c2c[nH]c3ccccc23)cc1
c1ccc(CCn2cccc2-c2c[nH]c3ccccc23)cc1
c1ccc(CCn2cccc2-c2c[nH]c3ccccc23)cc1
c1ccc(CCn2cccc2-c2c[nH]c3ccccc23)cc1
c1ccc(CCn2cccc2-c2c[nH]c3ccccc23)cc1
c1ccc(CCn2cccc2-c2c[nH]c3ccccc23)cc1
c1ccc(CCn2cccc2Cc2c[nH]c3ccccc23)cc1
c1ccc(CCn2cccc2Cc2c[nH]c3ccccc23)cc1
c1ccc(CCn2cccc2Cc2c[nH]c3ccccc23)cc1
c1ccc(CCn2cccc2Cc2c[nH]c3ccccc23)cc1
c1ccc(CCn2cccc2Cc2c[nH]c3ccccc23)cc1
c1ccc(CCn2cccc2Cc2c[nH]c3ccccc23)cc1
c1ccc(CCn2cccc2Cc2c[nH]c3ccccc23)cc1
O=c1ccn(CCc2ccccc2)c(Cc2c[nH]c3ccccc23)c1
O=c1ccn(CCc2ccccc2)c(Cc2c[nH]c3ccccc23)c1
O=c1ccn(CCc2ccccc2)c(Cc2c3n(c4ccccc24)CCC3)c1
O=c1ccn(CCc2ccccc2)c(Cc2c3n(c4ccccc24)CC3)c1
O=c1ccn(CCc2ccccc2)cc1Cc1c2n(c3ccccc13)CC2
O=c1ccn(CCc2ccccc2)cc1CCc1c2n(c3ccccc13)CC2
O=c1ccn(CCc2ccccc2)cc1CCc1c[nH]c2ccccc12
O=c1ccn(CCc2ccccc2)cc1CCc1c[nH]c2ccccc12
O=c1ccn(CCc2ccccc2)cc1Cc1c[nH]c2ccccc12
O=c1ccn(CCc2ccccc2)cc1Cc1c[nH]c2ccccc12
O=c1ccn(CCc2ccccc2)cc1Cc1c[nH]c2ccccc12
O=c1ccn(CCc2ccccc2)cc1Cc1c[nH]c2ccccc12
O=c1ccn(CCc2ccccc2)cc1-c1c[nH]c2ccccc12
O=c1ccn(CCc2ccccc2)cc1-c1c[nH]c2ccccc12
O=c1ccn(CCc2ccccc2)cc1-c1c[nH]c2ccccc12
O=c1ccn(CCc2ccccc2)cc1-c1c[nH]c2ccccc12
O=c1ccn(CCc2ccccc2)cc1-c1c[nH]c2ccccc12
O=c1ccn(CCc2ccccc2)cc1-c1c[nH]c2ccccc12
O=c1ccn(CCc2ccccc2)cc1-c1c[nH]c2ccccc12
O=c1ccn(CCc2ccccc2)cc1-c1c[nH]c2ccccc12
O=c1ccn(CCc2ccccc2)cc1-c1c[nH]c2ccccc12
O=c1ccn(CCc2ccccc2)cc1-c1c[nH]c2ccccc12
O=c1ccn(CCc2ccccc2)cc1-c1c[nH]c2ccccc12
O=c1ccn(CCc2ccccc2)cc1-c1c[nH]c2ccccc12
O=c1ccn(CCc2ccccc2)cc1-c1c[nH]c2ccccc12
O=c1ccn(CCc2ccccc2)cc1-c1c[nH]c2ccccc12
O=c1ccn(CCc2ccccc2)cc1Cc1c[nH]c2ccccc12
O=c1ccn(CCc2ccccc2)cc1Cc1c[nH]c2ccccc12
O=c1ccn(CCc2ccccc2)cc1Cc1c[nH]c2ccccc12
O=c1ccn(CCc2ccccc2)cc1-c1c[nH]c2ccccc12
O=c1ccn(CCc2ccccc2)cc1-c1c[nH]c2ccccc12
O=c1ccn(CCc2ccccc2)cc1-c1c[nH]c2ccccc12
O=c1ccn(CCc2ccccc2)cc1-c1c[nH]c2ccccc12
O=c1ccn(CCc2ccccc2)cc1-c1c[nH]c2ccccc12
O=c1ccn(CCc2ccccc2)cc1-c1c[nH]c2ccccc12
O=c1ccn(CCc2ccccc2)cc1Cc1c[nH]c2ccccc12
O=c1ccn(CCc2ccccc2)cc1Cc1c[nH]c2ccccc12
O=c1ccn(CCc2ccccc2)cc1Cc1c[nH]c2ccccc12
O=c1ccn(CCc2ccccc2)cc1Cc1c[nH]c2ccccc12
O=c1ccn(CCc2ccccc2)cc1Cc1c[nH]c2ccccc12
O=c1ccn(CCc2ccccc2)cc1-c1c[nH]c2ccccc12
O=c1ccn(CCc2ccccc2)cc1-c1c[nH]c2ccccc12
O=c1ccn(CCc2ccccc2)cc1-c1c[nH]c2ccccc12
O=c1ccn(CCc2ccccc2)cc1-c1c[nH]c2ccccc12
O=c1ccn(CCc2ccccc2)cc1-c1c[nH]c2ccccc12
O=c1ccn(CCc2ccccc2)cc1-c1c[nH]c2ccccc12
O=c1ccn(CCc2ccccc2)cc1-c1c[nH]c2ccccc12
O=c1ccn(CCc2ccccc2)cc1-c1c[nH]c2ccccc12
O=c1ccn(CCc2ccccc2)cc1-c1c[nH]c2ccccc12
O=c1ccn(CCc2ccccc2)cc1-c1c[nH]c2ccccc12
O=c1ccn(CCc2ccccc2)cc1-c1c[nH]c2ccccc12
O=c1ccn(CCc2ccccc2)cc1-c1c[nH]c2ccccc12
O=c1ccn(CCc2ccccc2)cc1-c1c[nH]c2ccccc12
O=c1ccn(CCc2ccccc2)cc1-c1c[nH]c2ccccc12
O=c1ccn(CCc2ccccc2)cc1-c1c[nH]c2ccccc12
O=c1ccn(CCc2ccccc2)cc1-c1c[nH]c2ccccc12
O=c1ccn(CCc2ccccc2)cc1-c1c[nH]c2ccccc12
O=c1ccn(CCc2ccccc2)cc1-c1c[nH]c2ccccc12
O=c1ccn(CCc2ccccc2)cc1-c1c[nH]c2ccccc12
O=c1ccn(CCc2ccccc2)cc1-c1c[nH]c2ccccc12
O=c1ccn(CCc2ccccc2)cc1-c1c[nH]c2ccccc12
O=c1ccn(CCc2ccccc2)cc1-c1c[nH]c2ccccc12
O=c1ccn(CCc2ccccc2)cc1-c1c[nH]c2ccccc12
O=c1ccn(CCc2ccccc2)cc1-c1c[nH]c2ccccc12
O=c1ccn(CCc2ccccc2)cc1-c1c[nH]c2ccccc12
O=c1ccn(CCc2ccccc2)cc1-c1c[nH]c2ccccc12
O=c1ccn(CCc2ccccc2)cc1-c1c[nH]c2ccccc12
O=c1ccn(CCc2ccccc2)cc1-c1c[nH]c2ccccc12
O=c1cc[nH]cc1-c1cn(CCc2ccccc2)c2ccccc12
O=c1cc[nH]cc1-c1cn(CCc2ccccc2)c2ccccc12
O=c1cc[nH]cc1-c1cn(CCc2ccccc2)c2ccccc12
O=c1cc[nH]cc1-c1cn(CCc2ccccc2)c2ccccc12
O=c1cc[nH]cc1-c1cn(CCc2ccccc2)c2ccccc12
O=c1cc[nH]cc1-c1cn(CCc2ccccc2)c2ccccc12
O=c1cc[nH]cc1-c1cn(CCc2ccccc2)c2ccccc12
O=c1cc[nH]cc1-c1cn(CCc2ccccc2)c2ccccc12
O=c1cc[nH]cc1-c1cn(CCc2ccccc2)c2ccccc12
O=c1cc[nH]cc1-c1cn(CCc2ccccc2)c2ccccc12
O=c1cc[nH]cc1-c1cn(CCc2ccccc2)c2ccccc12
O=c1cc[nH]cc1-c1cn(CCc2ccccc2)c2ccccc12
O=c1cc[nH]cc1-c1cn(CCc2ccccc2)c2ccccc12
O=c1cc[nH]cc1-c1cn(CCc2ccccc2)c2ccccc12
O=c1cc[nH]cc1-c1cn(CCc2ccccc2)c2ccccc12
O=c1cc[nH]cc1-c1cn(CCc2ccccc2)c2ccccc12
O=c1cc[nH]cc1-c1cn(CCCc2ccccc2)c2ccccc12
O=c1cc[nH]cc1-c1cn(CCCc2ccccc2)c2ccccc12
O=c1cc[nH]cc1-c1cn(CCCc2ccccc2)c2ccccc12
O=c1cc[nH]cc1-c1cn(CCCc2ccccc2)c2ccccc12
O=c1cc[nH]cc1-c1cn(CCc2ccccc2)c2ccccc12
O=c1cc[nH]cc1-c1cn(CCc2ccccc2)c2ccccc12
O=c1cc[nH]cc1-c1cn(CCc2ccccc2)c2ccccc12
O=c1cc[nH]cc1-c1cn(CCc2ccccc2)c2ccccc12
O=c1cc[nH]cc1-c1cn(CCc2ccccc2)c2ccccc12
O=c1cc[nH]cc1-c1cn(CCc2ccccc2)c2ccccc12
O=c1cc[nH]cc1-c1cn(CCc2ccccc2)c2ccccc12
O=c1cc[nH]cc1-c1cn(CCc2ccccc2)c2ccccc12
O=c1cc[nH]cc1-c1cn(CCc2ccccc2)c2ccccc12
O=c1cc[nH]cc1-c1cn(CCc2ccccc2)c2ccccc12
O=c1cc[nH]cc1-c1cn(CCc2ccccc2)c2ccccc12
O=c1cc[nH]cc1-c1cn(CCc2ccccc2)c2ccccc12
O=c1cc[nH]cc1-c1cn(CCc2ccccc2)c2ccccc12
O=c1cc[nH]cc1-c1cn(CCc2ccccc2)c2ccccc12
O=c1cc[nH]cc1-c1cn(CCc2ccccc2)c2ccccc12
O=c1cc[nH]cc1-c1cn(CCc2ccccc2)c2ccccc12
O=c1cc[nH]cc1-c1cn(CCc2ccccc2)c2ccccc12
O=c1cc[nH]cc1-c1cn(CCc2ccccc2)c2ccccc12
O=c1cc[nH]cc1-c1cn(CCc2ccccc2)c2ccccc12
O=c1cc[nH]cc1-c1cn(CCc2ccccc2)c2ccccc12
O=c1cc[nH]cc1-c1cn(CCc2ccccc2)c2ccccc12
O=c1ccn(CCCCc2ccccc2)cc1-c1c[nH]c2ccccc12
O=c1ccn(CCCCc2ccccc2)cc1-c1c[nH]c2ccccc12
O=c1ccn(CCCCc2ccccc2)cc1-c1c[nH]c2ccccc12
O=c1ccn(CCCCc2ccccc2)cc1-c1c[nH]c2ccccc12
O=c1ccn(CCCCc2ccccc2)cc1Cc1ccccc1
O=c1ccn(CCCCc2ccccc2)cc1-c1ccccc1
O=c1ccn(CCCCc2ccccc2)cc1-c1ccccc1
O=c1ccn(CCCCc2ccccc2)cc1-c1ccccc1
O=c1ccn(CCCCc2ccccc2)cc1-c1ccccc1
O=c1ccn(CCCCc2ccccc2)cc1-c1ccccc1
O=c1ccn(CCCCc2ccccc2)cc1-c1ccccc1
O=c1ccn(CCCCc2ccccc2)cc1-c1ccccc1
O=c1ccn(CCCCc2ccccc2)cc1-c1ccccc1
O=c1ccn(CCCCc2ccccc2)cc1-c1ccccc1
O=c1ccn(CCCCc2ccccc2)cc1-c1ccccc1
O=c1ccn(CCCCc2ccccc2)cc1-c1ccccc1
O=c1ccn(CCCCc2ccccc2)cc1-c1ccccc1
O=c1ccn(CCCCc2ccccc2)cc1-c1ccccc1
O=c1ccn(CCCCc2ccccc2)cc1-c1ccccc1
O=c1ccn(CCCCc2ccccc2)cc1-c1ccccc1
O=c1ccn(CCCCc2ccccc2)cc1-c1ccccc1
O=c1ccn(CCCCc2ccccc2)cc1-c1ccccc1
O=c1ccn(CCCCc2ccccc2)cc1-c1ccccc1
O=c1ccn(CCCCc2ccccc2)cc1-c1ccccc1
O=c1ccn(CCCCc2ccccc2)cc1-c1ccccc1
O=c1ccn(CCCCc2ccccc2)cc1-c1ccccc1
O=c1ccn(CCCCc2ccccc2)cc1-c1ccccc1
O=c1ccn(CCCCCc2ccccc2)cc1-c1ccccc1
O=c1ccn(CCCCCc2ccccc2)cc1-c1ccccc1
O=c1ccn(CCCCCc2ccccc2)cc1-c1ccccc1
O=c1ccn(CCCCCc2ccccc2)cc1-c1ccccc1
O=c1ccn(CCCCCc2ccccc2)cc1-c1ccccc1
O=c1ccn(CCCCc2ccccc2)cc1-c1ccccc1
O=c1ccn(CCCCc2ccccc2)cc1-c1ccccc1
O=c1ccn(CCCCc2ccccc2)cc1-c1ccccc1
O=c1ccn(CCCCc2ccccc2)cc1-c1ccccc1
O=c1ccn(CCCCc2ccccc2)cc1-c1ccccc1
O=c1ccn(CCCCc2ccccc2)cc1-c1ccccc1
O=c1ccn(CCCCc2ccccc2)cc1-c1ccccc1
O=c1ccn(CCCCc2ccccc2)cc1-c1ccccc1
O=c1ccn(CCCCc2ccccc2)cc1-c1ccccc1
O=c1ccn(CCCCc2ccccc2)cc1-c1ccccc1
O=c1ccn(CCCCc2ccccc2)cc1-c1ccccc1
O=c1ccn(CCCCc2ccccc2)cc1-c1ccccc1
O=c1ccn(CCCCc2ccccc2)cc1-c1ccccc1
O=c1ccn(CCCCc2ccccc2)cc1-c1ccccc1
O=c1ccn(CCCCc2ccccc2)cc1-c1ccccc1
O=c1ccn(CCCCc2ccccc2)cc1-c1ccccc1
O=c1ccn(CCCCc2ccccc2)cc1CCOc1ccccc1
O=c1ccn(CCCCc2ccccc2)cc1CCOc1ccccc1
O=c1ccn(CCCCc2ccccc2)cc1COc1ccccc1
O=c1ccn(CCCCc2ccccc2)cc1COc1ccccc1
O=c1ccn(CCCCc2ccccc2)cc1CCOc1ccccc1
O=c1ccn(CCCCc2ccccc2)cc1Cc1ccccc1
O=c1ccn(CCCCc2ccccc2)cc1-c1ccccc1
O=c1ccn(CCCCc2ccccc2)cc1-c1ccccc1
O=c1ccn(CCCCc2ccccc2)c(Oc2ccccc2)c1
O=c1ccn(CCCCc2ccccc2)c(-c2ccccc2)c1
O=c1ccn(CCCCc2ccccc2)c(-c2ccccc2)c1
O=c1ccn(CCCCc2ccccc2)c(-c2ccccc2)c1
O=c1ccn(CCCCc2ccccc2)c(-c2ccccc2)c1
O=C1C=CN(CCCCc2ccccc2)C1c1ccccc1
O=C1C=CN(CCCCc2ccccc2)c2ccccc2C1
O=c1ccn(CCCCc2ccccc2)c2ccccc12
S=c1[nH]c2ccc(-c3ccc[nH]3)cc2n1C1CCCC1
S=c1[nH]c2ccc(-c3ccc[nH]3)cc2n1C1CCCC1
S=c1[nH]c2ccc(-c3ccc[nH]3)cc2n1C1CCCC1
c1cc(NC2CCCC2)cc(-c2ccc[nH]2)c1
c1cc(NC2CCCC2)cc(-c2ccc[nH]2)c1
c1cc(NC2C3CCC32)cc(-c2ccc[nH]2)c1
c1ccc(-c2cccn2C2C3CCC32)cc1
c1ccc(-c2cccn2C2C3CCC32)cc1
c1ccc(-c2cccn2C2C3CCC32)cc1
c1ccc(-c2cccn2C2C3CCC32)cc1
c1ccc(-c2cccn2C2C3CCC32)cc1
c1ccc(-c2cccn2C2CC3CCC32)cc1
c1ccc(-c2ccc3n2C2C4CCC4C2C3)cc1
c1ccc(-c2ccc3n2C2C4CCC4C2C3)cc1
c1ccc(-c2cccn2C2CC3CCC32)cc1
c1ccc(-c2cccn2C2CCC3CCC32)cc1
c1ccc(-c2cccn2C2CCC3CCC32)cc1
c1ccc(-c2cccn2CC2CCC3CCC32)cc1
c1ccc(-c2cccn2CC2CCC3CCC32)cc1
c1ccc(-c2cccn2CC2CCC3CCC32)cc1
O=C(C1CCC2CCC21)n1cccc1-c1ccccc1
O=C(C1CCC2CCC21)n1cccc1-c1ccccc1
O=C(C1CCC2CCC21)n1cccc1-c1ccccc1
O=C(Cn1cccc1-c1ccccc1)C1CCC2CCC21
O=C(Cn1cccc1-c1ccccc1)C1CCC2CCC21
O=C(Cn1cccc1-c1ccccc1)C1CCC2CCC21
O=C(CCn1cccc1-c1ccccc1)C1CCC2CCC21
O=C(CCCn1cccc1-c1ccccc1)C1CCC2CCC21
O=C(CSCn1cccc1-c1ccccc1)C1CCC2CCC21
O=C(CSCn1cccc1-c1ccccc1)C1CCC2CCC21
O=C(CSc1ccc(-c2ccccc2)[nH]1)C1CCC2CCC21
O=C(CSc1ccc(-c2ccccc2)[nH]1)C1CCC2CCC21
O=C(CSc1ccc(-c2ccccc2)[nH]1)C1CCC2CCC21
O=C(CSc1ccc(-c2ccccc2)[nH]1)C1CCC2CCC21
O=C(CSC1=CC=C(c2ccccc2)NC1)C1CCC2CCC21
O=C(CSC1=CC=C(c2ccccc2)NC1)C1CCC2CCC21
O=C(CSc1ccc(-c2ccccc2)nc1)C1CCC2CCC21
O=C(CSc1ccc(Cc2ccccc2)nc1)C1CCC2CCC21
O=C(CSc1ccc(Cc2ccccc2)nc1)C1CCC2CCC21
O=C(CSc1cccc(Cc2ccccc2)n1)C1CCC2CCC21
O=C(CSc1ccccn1)C1CCC2C(Oc3ccccc3)CC12
O=C(CSc1ccccn1)C1CCC2C(COc3ccccc3)CC12
O=C(CSc1ccccn1)C1CCC2C(COc3ccccc3)CC12
O=C(CSc1ccccn1)C1CCC2C1CC2C1Oc2ccccc21
O=C(CSc1ccccn1)C1CCC2C(C3Cc4ccccc4O3)CC12
O=C(CSc1ccccn1)C1CCC2C(C3Cc4ccccc4C3)CC12
O=C(CSc1ccccn1)C1CCC2C1CC2C1Cc2ccccc21
O=C(CSc1ccccn1)C1CCC2C(C3CC=CC=CCC3)CC12
O=C(CSc1ccccn1)C1CCC2C(C3CCC=CCC3)CC12
O=C(CSc1ccccn1)C1CCC2C(C3CCC=CCC3)CC12
O=C(CSc1ccccn1)C1CCC2C(C3CCCCCC3)CC12
O=C(CSc1ccccn1)C1CCC2C(C3CCCCC3)CC12
O=C(CSc1ccccn1)C1CCC2C1CC2C1CCCC2CC21
O=C(CSc1ccccn1)C1CCC2C1CC2C1CCCC2CC21
O=C(CSc1ccccn1)C1CCC2C1CC2C1CCCC2CC21
O=C(CSc1ccccn1)C1CCC2C1CC2C1CCCC2CC21
O=C(CSc1ccccn1)C1CCC2C1CC2C1CCC2CC21
O=C(CSc1ccccn1)C1CCC2C1CC2C1CCC2CC21
O=C(CSc1ccccn1)C1CCC2C1CC2C1CCC2CC21
O=C(CSc1ccccn1)C1CCC2C1CC2C1CCC2CCC21
O=C(CSc1ccccn1)C1CCC2C1CCC2C1CCC2CCC21
O=C(CSc1ccccn1)C1CCC2C1CCC2C1CC2CCC21
O=C(CSc1ccccn1)C1CCC2C1CCC2C1CC2CCC21
O=C(CSc1ccccn1)C1CCC2C1CC1CCC3CCC3C12
O=C(CSc1ccccn1)C1CCC2C1CCCC1C3CCC3C21
O=C(CSc1ccccn1)C1CCC2C1CCC1C3CCC3C21
O=C(CSc1ccccn1)C1CCC2C1CCC1C3CCC3CC12
O=C(CSc1ccccn1)C1CCC2C1CCC1C3CC3CC12
O=C(CSc1ccccn1)C1CCC2C1CCC1C2CC2NC21
O=C(CSc1ccccn1)C1CCC2C1CCC1C2CCC2NC21
O=C(CSc1ccccn1)C1CCC2C1CCC1C2CCCC2NC21
O=C(CSc1ccccn1)C1CCC2C3CCCCC3CCC12
O=C(CSc1ccccn1)C1CCC2C3CCCCC3CCC12
O=C(CSc1ccccn1)C1CCC2C3CCCCCC3CCC12
O=C(CSc1ccccn1)C1CCC2C3CCCCCC3CCC12
O=C(CSc1ccccn1)C1CCC2C3CCCCCC3CCC12
O=C(CSc1ccccn1)C1CCC2C3CCCCCC3CCC12
O=C(CSc1ccccn1)C1CCC2C3CCCCC3CCC12
O=C(CSc1ccccn1)C1CCC2C3CCCCC3CCC12
O=C(CSc1ccccn1)C1CCC2C3CCCCC3CCC12
O=C(CSc1ccccn1)C1CCC2C3CCCCC3CCC12
O=C(CSc1ccccn1)C1CCC2C1CCC1C(C3CCC3)CCCC12
O=C1CCC1C1CCCC2C1CCC1C(C(=O)CSc3ccccn3)CCC12
O=C(CSc1ccccn1)C1CCC2C1CCC1C(C3CC3=O)CCCC21
O=C(CSc1ccccn1)C1CCC2C1CCC1C(c3cc3=O)CCCC12
O=C1C=C(C2CCCC3C2CCC2C(C(=O)CSc4ccccn4)CCC23)C1
O=C1C=C(C2CCCCC3C2CCC2C(C(=O)CSc4ccccn4)CCC23)C1
O=C(CSc1ccccn1)C1CCC2C1CCC1C(c3cc3=O)CCCCC12
O=C1C=C2CCCC3C(CCC4C(C(=O)CSc5ccccn5)CCC43)C2C1
O=C1C=C2CCCCC3C(CCC4C(C(=O)CSc5ccccn5)CCC43)C2C1
O=C1C=C2CCCCC3C(CCC4C(C(=O)CSc5ccccn5)CCC43)C2CC1
O=C1C=C2CCCC3C(CCC4C(C(=O)CSc5ccccn5)CCC43)C2CC1
O=C1C=C2CCC3C(CCC4C(C(=O)CSc5ccccn5)CCC43)C2CC1
O=C1C=CC2C(=C1)CCC1C2CCC2C(C(=O)CSc3ccccn3)CCC21
S=c1[nH]c2ccc(-c3ccc[nH]3)cc2n1C1CCCC1
S=C(Nc1ccc(-c2ccc[nH]2)cc1)NC1CCCC1
c1c[nH]c(-c2ccc(C3CCCC3)cc2)c1
c1ccc(C2CCCC2)cc1
c1ccc(C2CCCC2)cc1
c1ccc(C2CCCNC2)cc1
c1ccc(C2CCCNC2)cc1
c1ccc(C2CCCNC2)cc1
c1ccc(C2CCCNC2)cc1
c1ccc(C2CCCNC2)cc1
c1ccc(C2CCCNC2)cc1
c1ccc(C2CCCNC2)cc1
c1ccc(C2CCCNC2)cc1
c1ccc(C2CCCNC2)cc1
c1ccc(C2CCCNC2)cc1
c1ccc(C2CCNC2)cc1
c1ccc(C2CCNC2)cc1
c1ccc(C2CCCNC2)cc1
c1ccc(C2CCCNC2)cc1
c1ccc(C2CCCNCC2)cc1
c1ccc(C2CCCNCC2)cc1
c1ccc(C2CCCNCC2)cc1
O=C(C1NO1)N1CCCC(c2ccccc2)CC1
O=C(C1CO1)N1CCCC(c2ccccc2)CC1
O=C(C1COC1)N1CCCC(c2ccccc2)CC1
O=C(C1COC1)N1CCCC(c2ccccc2)CC1
O=C(C1COC1)N1CCCC(c2ccccc2)CC1
O=C(C1COC1)N1CCCC(c2ccccc2)C1
O=C(C1CCOC1)N1CCCC(c2ccccc2)C1
O=C(C1COOC1)N1CCCC(c2ccccc2)C1
O=C(C1COCOC1)N1CCCC(c2ccccc2)C1
O=C(C1COCOC1)N1CCCC(c2ccccc2)C1
O=C(C1COCCOC1)N1CCCC(c2ccccc2)C1
O=C(C1COCCCOC1)N1CCCC(c2ccccc2)C1
O=C(C1CCCCCOC1)N1CCCC(c2ccccc2)C1
O=C(C1CCCCOC1)N1CCCC(c2ccccc2)C1
O=C(C1CCCCOC1)N1CCCC(c2ccccc2)C1
O=C(C1CCCCOC1)N1CCCC(c2ccccc2)C1
O=C(C1CCCOC1)N1CCCC(c2ccccc2)C1
O=C(C1CC=COC1)N1CCCC(c2ccccc2)C1
O=C(C1CC=COC1)N1CCCC(c2ccccc2)CC1
O=C(C1CC=COC1)N1CCCC(c2ccccc2)CC1
O=C(C1CC=COC1)N1CCCC(c2ccccc2)C1
O=C(C1CCCOC1)N1CCCC(c2ccccc2)C1
O=C(C1CCCOC1)N1CCCC(c2ccccc2)C1
O=C1CCC(C(=O)N2CCCC(c3ccccc3)C2)CO1
O=C1CCC(C(=O)N2CCCC(c3ccccc3)C2)CO1
O=C1CCC(C(=O)N2CCCC(c3ccccc3)C2)CO1
O=C1CCC(C(=O)N2CCCC(c3ccccc3)C2)CO1
O=C1CC(C(=O)N2CCCC(c3ccccc3)C2)CO1
O=C1CC(C(=O)N2CCC(c3ccccc3)C2)CO1
O=C1CC(C(=O)N2CCC(c3ccccc3)C2)CO1
O=C1CC(C(=O)N2CCC(c3ccccc3)C2)CO1
O=C1CC(C(=O)N2CCC(c3ccccc3)C2)CO1
O=C1CC(C(=O)N2CCC(c3ccccc3)C2)CO1
O=C1CC(C(=O)N2CCCC(c3ccccc3)C2)CO1
O=C1CC(C(=O)N2CCCC(c3ccccc3)C2)CO1
O=C1CC(C(=O)N2CCCC(c3ccccc3)C2)CO1
O=C1CC(C(=O)N2CCCC(c3ccccc3)C2)CO1
O=C1CC(C(=O)N2CCCC(c3ccccc3)C2)CO1
O=C1CC(C(=O)N2CCCC(c3ccccc3)C2)CO1
O=C1CC(C(=O)N2CCCC(c3ccccc3)C2)CO1
O=C1CC(C(=O)N2CCCC(c3ccccc3)C2)CO1
O=C1CC(C(=O)N2CCCC(c3ccccc3)C2)CO1
O=C1CC(C(=O)N2CCCC(c3ccccc3)C2)CO1
O=C1CC(C(=O)N2CCCC(c3ccccc3)C2)CO1
O=C1CC(C(=O)N2CCCC(c3ccccc3)C2)CO1
O=C1CC(C(=O)N2CCCC(c3ccccc3)C2)CO1
O=C1CC(C(=O)N2CCCC(c3ccccc3)C2)CO1
O=C1CC(C(=O)N2CCCC(c3ccccc3)C2)CO1
O=C1CC(C(=O)N2CCCC(c3ccccc3)C2)CO1
O=C1CC(C(=O)N2CCCC(c3ccccc3)C2)CO1
O=C1CC(C(=O)N2CCCC(c3ccccc3)C2)CO1
O=C1CC(C(=O)N2CCCC(c3ccccc3)C2)CO1
O=C1CC(C(=O)N2CCCC(c3ccccc3)C2)CO1
O=C1CC(C(=O)N2CCCC(c3ccccc3)C2)CO1
O=C1CC(C(=O)N2CCCC(c3ccccc3)C2)CO1
O=C1CC(C(=O)N2CCCC(c3ccccc3)C2)CO1
O=C1CC(C(=O)N2CCCCC(c3ccccc3)C2)CO1
O=C1CC(C(=O)N2CCCC(c3ccccc3)CC2)CO1
O=C1CC(C(=O)N2CCCC(c3ccccc3)CC2)CO1
O=C1CC(C(=O)N2CCCC(c3ccccc3)CCC2)CO1
O=C1CC(C(=O)N2CCCC(c3ccccc3)CCC2)CO1
O=C1CC(C(=O)N2CCCC(c3ccccc3)CCC2)CO1
O=C1CC(C(=O)N2CCCC(c3ccccc3)CC2)CO1
O=C1CC(C(=O)N2CCCCC(c3ccccc3)CC2)CO1
O=C1CC(C(=O)N2CCCCC(c3ccccc3)C2)CO1
O=C1CC(C(=O)N2CCCCCC(c3ccccc3)C2)CO1
O=C1CC(C(=O)N2CCCCC(c3ccccc3)C2)CO1
O=C1CC(C(=O)N2CCCCCC(c3ccccc3)C2)CO1
O=C1CC(C(=O)N2CCCCCC(c3ccccc3)C2)CO1
O=C1CC(C(=O)N2CCCCCC(c3ccccc3)C2)CO1
O=C1CC(C(=O)N2CCCCC(c3ccccc3)C2)CO1
O=C1CC(C(=O)N2CCCCC(c3ccccc3)C2)CO1
O=C1CC(C(=O)N2CCCCC(c3ccccc3)C2)CO1
O=C1CC(C(=O)N2CCCCC(c3ccccc3)C2)CO1
O=C1CC(C(=O)N2CCCC(c3ccccc3)C2)CO1
O=C1CC(C(=O)N2CCCC(c3ccccc3)C2)CO1
O=C1CC(C(=O)N2CCCC(c3ccccc3)C2)CO1
O=C1CC(C(=O)N2CCCC(c3ccccc3)C2)CO1
O=C1CC(C(=O)N2CCCC(c3ccc(OCC4=CCC4)cc3)C2)CO1
O=C1CC(C(=O)N2CCCC(c3ccc(OCC4=CCCC4)cc3)C2)CO1
O=C1CC(C(=O)N2CCCC(c3ccc(OCC4=CCCC4)cc3)C2)CO1
O=C1CC(C(=O)N2CCCC(c3ccc(OCC4=CCC=C4)cc3)C2)CO1
O=C1CC(C(=O)N2CCCC(c3ccc(OCC4=CCC=C4)cc3)C2)CO1
O=C1CC(C(=O)N2CCCC(c3ccc(OCC4=CCCC=C4)cc3)C2)CO1
O=C1CC(C(=O)N2CCCC(c3ccc(OCc4ccccc4)cc3)C2)CO1
O=C1CC(C(=O)N2CCC(c3ccc(OCc4ccccc4)cc3)C2)CO1
O=C1CC(C(=O)N2CCC(c3ccc(OCc4ccccc4)cc3)C2)CO1
O=C1CC(C(=O)N2CCC(c3ccc(OCc4ccccc4)cc3)C2)CO1
O=C1CC(C(=O)N2CCC(c3ccc(OCc4ccccc4)cc3)C2)CO1
O=C1CC(C(=O)N2CCC(c3ccc(OCc4ccccc4)cc3)C2)CO1
O=C1CC(C(=O)N2CCC(c3ccc(OCc4ccccc4)cc3)C2)CO1
O=C1CC(C(=O)N2CCC(c3ccc(OCc4ccccc4)cc3)C2)CO1
O=C1CC(C(=O)N2CCC(c3ccc(OCc4ccccc4)cc3)C2)CO1
O=C1CC(C(=O)N2CCC(c3ccc(OCc4ccccc4)cc3)C2)CO1
O=C1CC(C(=O)N2CCCC(c3ccc(OCc4ccccc4)cc3)C2)CO1
O=C1CC(C(=O)N2CCCC(c3ccc(OCc4ccccc4)cc3)C2)CO1
O=C1CC(C(=O)N2CCCC(c3ccc(OCc4ccccc4)cc3)C2)CO1
O=C1CC(C(=O)N2CCCC(OC(=O)c3ccc(COc4ccccc4)cc3)C2)CO1
O=C1CC(C(=O)N2CCCCC(OC(=O)c3ccc(COc4ccccc4)cc3)C2)CO1
O=C1CC(C(=O)N2CCCCC(OC(=O)c3ccc(COc4ccccc4)cc3)C2)CO1
O=C1CC(C(=O)N2CCCC(OC(=O)c3ccc(COc4ccccc4)cc3)C2)CO1
O=C1CC(C(=O)N2CCCC(OC(=O)c3ccc(COc4ccccc4)cc3)C2)CO1
O=C1CC(C(=O)N2CCCC(OC(=O)c3ccc(COc4ccccc4)cc3)C2)CO1
O=C1CC(C(=O)N2CCCC(OC(=O)c3ccc(COc4ccccc4)cc3)C2)CO1
O=C1CC(C(=O)N2CCCC(OC(=O)c3ccc(COc4ccccc4)cc3)C2)CO1
O=C1CC(C(=O)N2CCCC(OC(=O)c3ccc(COc4ccc(C5CC5)cc4)cc3)C2)CO1
O=C1CC(C(=O)N2CCCC(OC(=O)c3ccc(COc4ccc(C5CC5)cc4)cc3)C2)CO1
O=C1CC(C(=O)N2CCCC(OC(=O)c3ccc(COc4ccc(C5CC5)cc4)cc3)C2)CO1
O=C1CC(C(=O)N2CCCC(OC(=O)c3ccc(COc4ccc(C5CCC5)cc4)cc3)C2)CO1
O=C1CC(C(=O)N2CCCC(OC(=O)c3ccc(COc4ccccc4)cc3)C2)CO1
O=C1CC(C(=O)N2CCCC(OC(=O)c3ccc(COc4ccc(C5CCCC5)cc4)cc3)C2)CO1
O=C1CC(C(=O)N2CCCC(OC(=O)c3ccc(OCOc4ccc(C5CCCC5)cc4)cc3)C2)CO1
O=C1CC(C(=O)N2CCCC(OC(=O)c3ccc(OCOc4ccc(C5CCCCC5)cc4)cc3)C2)CO1
O=C1CC(C(=O)N2CCCC(OC(=O)c3ccc(OCCc4ccc(C5CCCCC5)cc4)cc3)C2)CO1
O=C1CC(C(=O)N2CCCC(OC(=O)c3ccc(OCc4ccc(C5CCCCC5)cc4)cc3)C2)CO1
O=C1CC(C(=O)N2CCCC(OC(=O)c3ccc(OCc4ccc(C5CCCC5)cc4)cc3)C2)CO1
O=C1CC(C(=O)N2CCCC(OC(=O)c3ccc(OCc4ccc(C5CCC5)cc4)cc3)C2)CO1
O=C1CC(C(=O)N2CCCC(OC(=O)c3ccc(OCc4ccc(C5CCC5)cc4)cc3)C2)CO1
O=C1CC(C(=O)N2CCCC(OC(=O)c3ccc(OCc4ccc(C5CC5)cc4)cc3)C2)CO1
S=c1[nH]c2ccc(-c3ccc[nH]3)cc2n1C1CCCC1
c1cc(NC2CCCC2)cc(-c2ccc[nH]2)c1
c1cc(-c2ccc[nH]2)cc(C2CCCC2)c1
c1ccc(-c2ccc[nH]2)cc1
c1ccc(-c2ccc[nH]2)cc1
c1ccc(CCCc2ccc[nH]2)cc1
C1=CNCC(CCCc2ccccc2)=C1
C1=CNCC(CCCc2ccccc2)=C1
C1=CNCC(CCCc2ccccc2)=CC1
C1=CNCC(CCCc2ccccc2)=CC1
C1=CNCC(CCCc2ccccc2)=CC1
C1=CNCC(CCCc2ccccc2)=CC1
C1=CN=CC(CCCc2ccccc2)=CC1
c1ccc(CCCc2cccnc2)cc1
c1ccc(CCCc2cccnc2)cc1
c1ccc(CCCc2cccnc2)cc1
c1ccc(CCCc2cccnc2)cc1
c1ccc(CCCc2cccnc2)cc1
c1ccc(CCCc2cccnc2)cc1
c1ccc(CCCc2cccnc2)cc1
c1ccc(CCCc2cccnc2)cc1
c1ccc(CCCc2cccnc2)cc1
c1ccc(CCCc2cccnc2)cc1
c1ccc(CCCc2cccnc2)cc1
c1ccc(CCCc2cccnc2)cc1
c1ccc(CCCc2cccnc2)cc1
c1ccc(CCCc2cccnc2)cc1
c1ccc(CCCc2cccnc2)cc1
c1ccc(CCCc2cccnc2)cc1
c1ccc(CCCc2cccnc2)cc1
c1ccc(CCCc2cccnc2)cc1
c1ccc(CCCc2cccnc2)cc1
c1ccc(CCCc2cccnc2)cc1
c1ccc(CCCc2cccnc2)cc1
c1ccc(CCCc2cccnc2)cc1
c1ccc(CCCc2cccnc2)cc1
C1=C(OC(CCc2ccccc2)c2cccnc2)CN1
C1=C(OC(CCc2ccccc2)c2cccnc2)CNC1
C1=C(OC(CCc2ccccc2)c2cccnc2)CC1
C1=C(OC(CCc2ccccc2)c2cccnc2)CC1
C1=C(OC(CCc2ccccc2)c2cccnc2)CC1
C1=CC(OC(CCc2ccccc2)c2cccnc2)=C1
C1=C2C1=C2OC(CCc1ccccc1)c1cccnc1
C1=C2C1=C2OC(CCc1ccccc1)c1cccnc1
C1=C2C1=C2OC(CCc1ccccc1)c1cccnc1
c1ccc(CCC(Oc2cc3[nH]c2-3)c2cccnc2)cc1
c1ccc(CCC(Oc2cc[nH]c2)c2cccnc2)cc1
c1ccc(CCC(Oc2cc[nH]c2)c2cccnc2)cc1
c1ccc(CCC(Oc2cc[nH]c2)c2cccnc2)cc1
c1ccc(CCC(Oc2cc[nH]c2)c2cccnc2)cc1
c1ccc(CCC(Oc2cc[nH]c2)c2cccnc2)cc1
c1ccc(CCC(Oc2cc[nH]c2)c2cccnc2)cc1
C1=CC(OC(CCc2ccccc2)c2cccnc2)=CCN1
C1=CC(OC(CCc2ccccc2)c2cccnc2)=CCN1
C1=CC(OC(CCc2ccccc2)c2cccnc2)=CCN1
C1=CC(OC(CCc2ccccc2)c2cccnc2)=CCC1
C1=CC(OC(CCc2ccccc2)c2cccnc2)=CCC1
c1ccc(CCC(Oc2ccccc2)c2cccnc2)cc1
c1ccc(CCC(Oc2ccccc2)c2cccnc2)cc1
c1ccc(CCC(Oc2ccccc2)c2cccnc2)cc1
c1ccc(CCC(Oc2ccccc2)c2cccnc2)cc1
c1ccc(CCC(Oc2ccccc2)c2cccnc2)cc1
c1ccc(CCC(Oc2ccccc2)c2cccnc2)cc1
c1ccc(CCC(Oc2ccccc2)c2cccnc2)cc1
c1ccc(CCC(Oc2ccccc2)c2cccnc2)cc1
c1ccc(CCC(Oc2ccccc2)c2cccnc2)cc1
c1ccc(CCC(Oc2ccccc2)c2cccnc2)cc1
c1ccc(CCC(Oc2ccc3c(c2)C3)c2cccnc2)cc1
c1ccc(CCC(Oc2ccc3c(c2)N3)c2cccnc2)cc1
c1ccc(CCC(Oc2ccc3c(c2)N3)c2cccnc2)cc1
c1ccc(CCC(Oc2ccc3c(c2)CN3)c2cccnc2)cc1
c1ccc(CCC(Oc2ccc3c(c2)CN3)c2cccnc2)cc1
c1ccc(CCC(Oc2ccc3c(c2)CCN3)c2cccnc2)cc1
c1ccc(CCC(Oc2ccc3c(c2)CCN3)c2cccnc2)cc1
c1ccc(CCC(Oc2ccc3c(c2)CCN3)c2cccnc2)cc1
c1ccc(CCC(Oc2ccc3[nH]ccc3c2)c2cccnc2)cc1
c1ccc(CCC(Oc2ccc3[nH]ccc3c2)c2cccnc2)cc1
c1ccc(CCC(Oc2ccc3[nH]ccc3c2)c2cccnc2)cc1
c1ccc(CCC(Oc2ccc3[nH]ccc3c2)c2cccnc2)cc1
c1ccc(CCC(Oc2ccc3[nH]ccc3c2)c2cccnc2)cc1
c1ccc(CCC(Oc2ccc3[nH]ccc3c2)c2cccnc2)cc1
c1ccc(CCC(Oc2ccc3[nH]ccc3c2)c2cccnc2)cc1
c1ccc(CCC(Oc2ccc3[nH]ccc3c2)c2cccnc2)cc1
c1ccc(CCC(Oc2ccc3[nH]ncc3c2)c2cccnc2)cc1
c1ccc(CCC(Oc2ccc3[nH]ncc3c2)c2cccnc2)cc1
c1ccc(CCC(Oc2ccc3[nH]ncc3c2)c2cccnc2)cc1
c1ccc(CCC(Oc2ccc3[nH]ncc3c2)c2cccnc2)cc1
c1ccc(CCC(Oc2ccc3[nH]ncc3c2)c2cccnc2)cc1
c1ccc(CCC(Oc2ccc3[nH]ncc3c2)c2cccnc2)cc1
c1ccc(CCC(Oc2ccc3[nH]ncc3c2)c2cccnc2)cc1
c1ccc(CCC(Oc2ccc3[nH]ncc3c2)c2cccnc2)cc1
c1ccc(CCC(Oc2ccc3[nH]ncc3c2)c2cccnc2)cc1
c1ccc(CCC(Oc2ccc3[nH]ncc3c2)c2cccnc2)cc1
c1ccc(CCC(Oc2ccc3[nH]ncc3c2)c2cccnc2)cc1
c1ccc(CCC(Oc2ccc3[nH]ncc3c2)c2cccnc2)cc1
c1ccc(CCC(Oc2ccc3[nH]ncc3c2)c2cccnc2)cc1
c1ccc(CCC(Oc2ccc3[nH]ncc3c2)c2cccnc2)cc1
c1ccc(CCC(Oc2ccc3[nH]ncc3c2)c2cccnc2)cc1
C1=C(n2ncc3cc(OC(CCc4ccccc4)c4cccnc4)ccc32)NC1
C1=C(n2ncc3cc(OC(CCc4ccccc4)c4cccnc4)ccc32)NC1
C1=C(n2ncc3cc(OC(CCc4ccccc4)c4cccnc4)ccc32)NCC1
C1=C(n2ncc3cc(OC(CCc4ccccc4)c4cccnc4)ccc32)NCC1
c1ccc(CCC(Oc2ccc3[nH]ncc3c2)c2cccnc2)cc1
c1ccc(CCC(Oc2ccc3[nH]ncc3c2)c2cccnc2)cc1
c1ccc(CCC(Oc2ccc3[nH]ncc3c2)c2cccnc2)cc1
c1ccc(CCC(Oc2ccc3[nH]ncc3c2)c2cccnc2)cc1
c1ccc(CCC(Oc2ccc3[nH]ncc3c2)c2cccnc2)cc1
c1ccc(CCC(Oc2ccc3[nH]ncc3c2)c2cccnc2)cc1
c1ccc(CCC(Oc2ccc3c(cnn3CC3CC3)c2)c2cccnc2)cc1
c1ccc(CCC(Oc2ccc3c(cnn3CC3CC3)c2)c2cccnc2)cc1
c1ccc(CCC(Oc2ccc3c(cnn3CC3CC3)c2)c2cccnc2)cc1
c1ccc(CCC(Oc2ccc3c(cnn3CC3CC3)c2)c2cccnc2)cc1
c1ccc(CCC(Oc2ccc3c(cnn3CC3CC3)c2)c2cccnc2)cc1
c1ccc(CCC(Oc2ccc3c(cnn3CC3CCN3)c2)c2cccnc2)cc1
c1ccc(CCC(Oc2ccc3c(cnn3CC3CCC3)c2)c2cccnc2)cc1
c1ccc(CCC(Oc2ccc3c(cnn3CC3CCC3)c2)c2cccnc2)cc1
c1ccc(CCC(Oc2ccc3c(cnn3CC3CC3)c2)c2cccnc2)cc1
c1ccc(CCC(Oc2ccc3c(cnn3CC3CC3)c2)c2cccnc2)cc1
c1ccc(CCC(Oc2ccc3[nH]ncc3c2)c2cccnc2)cc1
c1ccc(CCC(Oc2ccc3[nH]ncc3c2)c2cccnc2)cc1
c1ccc(CCC(Oc2ccc3[nH]ncc3c2)c2cccnc2)cc1
c1ccc(CCC(Oc2ccc3[nH]ncc3c2)c2cccnc2)cc1
c1ccc(CCC(Oc2ccc3[nH]ncc3c2)c2cccnc2)cc1
c1ccc(CCC(Oc2ccc3[nH]ncc3c2)c2cccnc2)cc1
c1ccc(CCC(Oc2ccc3[nH]ncc3c2)c2cccnc2)cc1
c1ccc(CCC(Oc2ccc3[nH]ncc3c2)c2cccnc2)cc1
c1ccc(CCC(Oc2ccc3[nH]ncc3c2)c2cccnc2)cc1
c1ccc(CCC(Oc2ccc3[nH]ncc3c2)c2cccnc2)cc1
c1ccc(CCC(Oc2ccc3[nH]ncc3c2)c2cccnc2)cc1
c1ccc(CCC(Oc2ccc3[nH]ncc3c2)c2cccnc2)cc1
c1ccc(CCC(Oc2ccc3c(cnn3CC3CC3)c2)c2cccnc2)cc1
c1ccc(CCC(Oc2ccc3c(cnn3CC3CC3)c2)c2cccnc2)cc1
c1ccc(CCC(Oc2ccc3c(cnn3CC3CC3)c2)c2cccnc2)cc1
c1ccc(CCC(Oc2ccc3c(cnn3CC3CC3)c2)c2cccnc2)cc1
c1ccc(CCC(Oc2ccc3c(cnn3C3CC3)c2)c2cccnc2)cc1
c1ccc(CCC(Oc2ccc3c(cnn3C3CC3)c2)c2cccnc2)cc1
c1ccc(CCC(Oc2ccc3c(cnn3C3CC3)c2)c2cccnc2)cc1
c1ccc(CCC(Oc2ccc3c(cnn3C3CC3)c2)c2cccnc2)cc1
C1=C(n2ncc3cc(OC(CCc4ccccc4)c4cccnc4)ccc32)C1
C1=C(n2ncc3cc(OC(CCc4ccccc4)c4cccnc4)ccc32)C1
C1=C(n2ncc3cc(OC(CCc4ccccc4)c4cccnc4)ccc32)CC1
C1=C(n2ncc3cc(OC(CCc4ccccc4)c4cccnc4)ccc32)CC1
C1=C(n2ncc3cc(OC(CCc4ccccc4)c4cccnc4)ccc32)CCC1
C1=C(n2ncc3cc(OC(CCc4ccccc4)c4cccnc4)ccc32)CC1
C1=C(n2ncc3cc(OC(CCc4ccccc4)c4cccnc4)ccc32)CCC1
C1=C(n2ncc3cc(OC(CCc4ccccc4)c4cccnc4)ccc32)CCCC1
C1=C(n2ncc3cc(OC(CCc4ccccc4)c4cccnc4)ccc32)CCCC1
C1=CC(n2ncc3cc(OC(CCc4ccccc4)c4cccnc4)ccc32)=CCC1
c1ccc(CCC(Oc2ccc3c(cnn3-c3ccccc3)c2)c2cccnc2)cc1
c1ccc(CCC(Oc2ccc3c(cnn3-c3ccccc3)c2)c2cccnc2)cc1
c1ccc(CCC(Oc2ccc3c(cnn3-c3ccccc3)c2)c2cccnc2)cc1
c1ccc(CCC(Oc2ccc3c(cnn3-c3ccccc3)c2)c2cccnc2)cc1
c1ccc(CCC(Oc2ccc3c(cnn3-c3ccccc3)c2)c2cccnc2)cc1
S=c1[nH]c2ccc(-c3ccc[nH]3)cc2n1C1CCCC1
S=c1[nH]c2ccc(-c3ccc[nH]3)cc2n1C1CCCC1
S=c1[nH]c2ccc(-c3ccc[nH]3)c3c2n1CCCC3
S=c1[nH]c2ccc(C3=CCN3)c3c2n1CCCC3
S=c1[nH]c2ccc(C3=CCN3)c3c2n1CCCC3
S=c1[nH]c2ccc(C3=CCN3)c3c2n1CCCC3
S=C1Nc2ccc(C3=CCN3)c3c2C1CCCC3
C1=C(c2cccc3c2CCCCC3)NC1
C1=C(c2cccc3c2CCCCC3)NC1
C1=C(c2cccc3c2CCCC3)NC1
C1=C(c2cccc3c2CCCCO3)NC1
S=C1CCCOc2cccc(C3=CCN3)c21
S=C1CCCOc2cccc(C3=CCN3)c21
S=C1CCCOc2cccc(C3=CCN3)c21
S=C1CCCOc2cccc(C3=CCN3)c21
S=C1CCC(C2CC2)Oc2cccc(C3=CCN3)c21
S=C1CCCC(C2CC2)Oc2cccc(C3=CCN3)c21
S=C1CCCC(CC2CC2)Oc2cccc(C3=CCN3)c21
S=C1CCCC(CC2CC2)Oc2cccc(C3=CCN3)c21
S=C1CCCC(CC2CC2)Oc2cccc(OC3=CCN3)c21
S=C1CCCC(CC2CC2)Oc2cccc(OCC3=CCN3)c21
S=C1CCC(C2=CCN2)C(CC2CC2)Oc2ccccc21
S=C1CCC(C2=CCN2)C(CC2CCC2)Oc2ccccc21
S=C1CCC(C2=CCN2)C(CC2CCC2)Oc2ccccc21
S=C1CCC(C2=CCN2)C(CC2CCC2)Oc2ccccc21
S=C1CCC(C2=CCN2)C(CC2C=CC2)Oc2ccccc21
S=C1CCC(C2=CCN2)C(C2C=CC2)Oc2ccccc21
S=C1CCC(C2=CCN2)C(C2C=CC2)Oc2ccccc21
S=C1CCC(C2CN2)C(C2C=CC2)Oc2ccccc21
S=C1CCC(C2=CN2)C(C2C=CC2)Oc2ccccc21
S=C1CCC(C2=CN2)C(C2C=CCC2)Oc2ccccc21
S=C1CCC(C2=CN2)C(C2C=CCCC2)Oc2ccccc21
S=C1CC(C2=CN2)C(C2C=CCCC2)Oc2ccccc21
S=C1CCC(C2C=CCCC2)Oc2ccccc21
C=C1CC(=S)c2ccccc2OC1C1C=CCCC1
C=C1C(=S)c2ccccc2OC1C1C=CCCC1
S=C1C(=C2CN2)C(C2C=CCCC2)Oc2ccccc21
S=C1C(=C2CN2)C(C2C=CCCC2)Oc2ccccc21
S=C1C(=C2CN2)C(C2C=CCCC2)Oc2ccccc21
C=C1C(=C2CN2)C(C2C=CCCC2)Oc2ccccc21
C=C1C(=C2CN2)C(C2C=CCCC2)Oc2ccccc21
C1=CC(C2Oc3ccccc3C3=CCC=C32)CCC1
C1=CC(C2Oc3ccccc3C3=CCC=C32)CCC1
C1=CC(C2Oc3ccccc3C3=CCC=C32)CCC1
C1=CC(C2Oc3ccccc3C3=CCC=C32)CCC1
C1=CC(C2Oc3ccccc3C3=CCC=C32)CCC1
C1=CC(C2Oc3ccccc3C3=CCC=C32)CCC1
C1=CC(C2Oc3ccccc3C3=CCCNC=C32)CCC1
C1=CC(C2Oc3ccccc3C3=CCCCC=C32)CCC1
C1=CC(C2Oc3ccccc3C3=CCCCC=C32)CCC1
C1=CC(C2Oc3ccccc3C3=CCCC=C32)CCC1
C1=CC(C2Oc3ccccc3-c3ccccc32)CCC1
C1=CC(C2Oc3ccccc3-c3ccccc32)CCC1
C1=CC(C2Oc3ccccc3-c3ccccc32)CCC1
C1=CC(C2Oc3ccccc3-c3ccccc32)CCC1
C1=CC(C2Oc3ccccc3-c3ccccc32)CCC1
C1=CC(C2Oc3ccccc3-c3ccc4c(c32)CCC4)CCC1
C1=CC(C2Oc3ccccc3-c3ccc4c(c32)CCC4)CCC1
C1=CC(C2Oc3ccccc3-c3ccc4c(c32)CCN4)CCC1
C1=CC(C2Oc3ccccc3-c3ccc4c(c32)CCN4)CCC1
C1=CC(C2Oc3ccccc3-c3ccc4c(c32)CCN4)CCC1
C1=CC(C2Oc3ccccc3-c3ccc4c(c32)CCN4)CCC1
C1=CC(C2Oc3ccccc3-c3ccc4c(c32)CCN4)CCCC1
C1=CC(C2Oc3ccccc3-c3ccc4c(c32)CCN4)CCCC1
C1=CC(C2Oc3ccccc3-c3ccc4c(c32)CCCN4)CCCC1
C1=CC(C2Oc3ccccc3-c3ccc4c(c32)CCCN4)CCC1
C1=CC(C2Oc3ccccc3-c3ccc4c(c32)C=CCN4)CCC1
S=c1[nH]c2ccc(-c3ccc[nH]3)cc2n1C1CCCC1
S=c1[nH]c2ccc(C3=C=CN3)cc2n1C1CCCC1
S=C(Nc1ccc(C2=C=CN2)cc1)NC1CCCC1
C1=CNC=1c1ccccc1
C1=CNC=1c1ccccc1
C1=CCNC=1c1ccccc1
C1=CCNC=1c1ccccc1
C1=CCCNC=1c1ccccc1
C1=CCCNC=1c1ccccc1
C1=CCCOC=1c1ccccc1
C1=CCCOC=1c1ccccc1
C1=CCCOC=1c1ccccc1
C1=CCCOC=1c1ccccc1
C1=CCCOC=1c1ccccc1
C1=CCCOC=1c1ccccc1
C1=CCCOC=1c1ccccc1
C1=CCCOC=1c1ccccc1
C1=CCCOC=1c1ccccc1
C1=CCCOC=1c1ccccc1
C1=CCCOC=1c1ccccc1
C1=CCCOC=1c1ccccc1
C1=CCCOC=1c1ccccc1
C1=C(c2ccccc2)OCC1
C1=C(c2ccccc2)OCC1
C1=C(c2ccccc2)OCC1
C1=C(c2ccccc2)OCC1
C1=C(c2ccccc2)OCC1
C1=C(c2ccccc2)OCC1
C1=C(c2ccccc2)OCC1
C1=C(c2ccccc2)OCC1
C1=C(c2ccccc2)OCC1
C1=C(c2ccccc2)OCC1
C1=C(c2ccccc2)OCC1
C1=C(c2ccccc2)OCC1
C1=C(c2ccccc2)OCC1
C1=C(c2ccccc2)OCC1
C1=C(c2ccccc2)OCC1
C1=C(c2ccccc2)OCC1
C1=C(c2ccccc2)OCC1
C1=C(c2ccccc2)OCC1
c1ccc2c(c1)CC1=C2OCC1
c1ccc2c(c1)CCC1=C2OCC1
c1ccc2c3c(ccc2c1)CCO3
c1ccc2c3c(ccc2c1)CCO3
c1ccc2c3c(ccc2c1)CCO3
c1ccc2c3c(ccc2c1)CCO3
c1ccc2c3c(ccc2c1)CCO3
c1cc2cccc-2c2c(c1)CCO2
c1cc2cccc-2c2c(c1)CCO2
c1cc2cccc-2c2c(c1)CCO2
c1cc2cccc-2c2c(c1)CCO2
c1cc2cccc-2c2c(c1)CCO2
c1cc2cccc-2c2c(c1)CCO2
c1cc2cccc-2c2c(c1)CCO2
O=C(CCCC1=CC1)Nc1cc2cccc3c(c-2c1)OCC3
O=C(CCCC1=CC1)Nc1cc2cccc3c(c-2c1)OCC3
O=C(CCCC1=NC1)Nc1cc2cccc3c(c-2c1)OCC3
O=C(CCCC1=NC1)Nc1cc2cccc3c(c-2c1)OCC3
O=C(CCCC1=NCC1)Nc1cc2cccc3c(c-2c1)OCC3
O=C(CCCC1=NCC1)Nc1cc2cccc3c(c-2c1)OCC3
O=C(CCCC1=NCC1)Nc1cc2cccc3c(c-2c1)OCC3
O=C(CCCC1=NCC1)Nc1cc2cccc3c(c-2c1)OCC3
O=C(CCCC1=NC=C1)Nc1cc2cccc3c(c-2c1)OCC3
O=C(CCCC1=NC=C1)Nc1ccc2ccc3c(c2c1)OCC3
O=C(CCCC1=NC=C1)Nc1ccc2ccc3c(c2c1)OCC3
O=C(CCCC1=CC=C1)Nc1ccc2ccc3c(c2c1)OCC3
O=C(CCCC1=CC=C1)Nc1ccc2ccc3c(c2c1)OCC3
O=C(CCCC1=CC=C1)Nc1ccc2c3c(ccc2c1)CCO3
O=C(CCCC1=CC=C1)Nc1ccc2c3c(ccc2c1)CCO3
O=C(CCCC1=CCC=C1)Nc1ccc2c3c(ccc2c1)CCO3
O=C(CCCC1=CCCC=C1)Nc1ccc2c3c(ccc2c1)CCO3
O=C(CCCc1ccccc1)Nc1ccc2c3c(ccc2c1)CCO3
O=C(CCCc1ccccc1)Nc1ccc2c(c1)CC=CC1=C2OCC1
O=C(CCCc1ccccc1)Nc1ccc2c(c1)CC=CC1=C2OCC1
O=C(CCCc1ccccc1)Nc1ccc2c3c(ccc2c1)CCO3
O=C(CCCc1ccccc1)Nc1ccc2c3c(ccc2c1)CCO3
O=C(CCCc1ccccc1)Nc1ccc2c3c(ccc2c1)CCO3
O=C(CCCc1ccccc1)Nc1ccc2c3c(ccc2c1)CCO3
O=C(CCCc1ccccc1)Nc1ccc2c3c(ccc2c1)CCO3
O=C(CCCc1ccccc1)Nc1ccc2c3c(ccc2c1)CCO3
O=C(CCCc1ccccc1)Nc1ccc2c3c(ccc2c1)CCO3
O=C(CCCc1cccc2c1CCCC2)Nc1ccc2c3c(ccc2c1)CCO3
O=C(CCCc1cccc2c1CCC2)Nc1ccc2c3c(ccc2c1)CCO3
O=C(CCCc1cccc2c1OCC2)Nc1ccc2c3c(ccc2c1)CCO3
O=C(CCCc1cccc2c1OCC2)Nc1ccc2c3c(ccc2c1)CCO3
O=C(CCCc1cccc2c1OCC2)Nc1ccc2c3c(ccc2c1)CO3
O=C(CCCc1cccc2c1OCC2)Nc1ccc2c3c(ccc2c1)CO3
O=C(CCCc1cccc2c1OCC2)Nc1ccc2c3c(ccc2c1)CO3
O=C(CCCc1cccc2c1OCC2)Nc1ccc2c3c(ncc2c1)CO3
O=C(CCCc1cccc2c1OCC2)Nc1ccc2ccncc2c1
O=C(CCCc1cccc2c1OCC2)Nc1ccc2ccncc2c1
O=C(CCCc1cccc2c1OCC2)Nc1ccc2c(c1)C=NCC2
O=C(CCCc1cccc2c1OCC2)Nc1ccc2c(c1)C=NCC2=O
O=C(CCCc1cccc2c1OCC2)Nc1ccc2c(c1)C=NCC2=O
O=C(CCCc1cccc2c1OCC2)Nc1ccc2c(c1)C=NCC2=O
O=C(CCCc1cccc2c1OCC2)Nc1ccc2c(c1)C=NC(=O)C2=O
O=C(CCCc1cccc2c1OCC2)Nc1ccc2c(=O)c(=O)[nH]ncc2c1
O=C(CCCc1cccc2c1OCC2)Nc1ccc2c(=O)c(=O)oncc2c1
O=C(CCCc1cccc2c1OCC2)Nc1ccc2c(c1)C=NOC(=O)C2
O=C(CCCc1cccc2c1OCC2)Nc1ccc2c(=O)oncc2c1
c1ccc2c(c1)CCC1CC(c3nccs3)CCC21
c1ccc2c(c1)CCC(CCc1nccs1)C2
c1ccc(CCCCCc2nccs2)cc1
c1ccc(CCCCCc2nccs2)cc1
c1ccc(CCCCc2nccs2)cc1
c1ccc(CCCCc2nccs2)cc1
c1ccc(CCCCc2nccs2)cc1
c1ccc(CCCCc2ncco2)cc1
c1ccc(CCCCc2ncco2)cc1
c1ccc(CCCCc2ncco2)cc1
c1ccc(CCCCc2nnco2)cc1
c1ccc(CCCCc2nnco2)cc1
O=C(CCCc1ccccc1)c1nnco1
O=C(CCCc1ccccc1)c1nnco1
O=C(NCCCc1ccccc1)c1nnco1
O=C(NCCCc1ccccc1)c1nnco1
O=C(NCCCc1ccccc1)c1nnco1
O=C(NCCCc1ccccc1)c1nnco1
O=C(NCCOCc1ccccc1)c1nnco1
O=C(NCCOCc1ccccc1)c1nnco1
O=C(NCCCOCc1ccccc1)c1nnco1
O=C(NCCCc1ccccc1)c1nnco1
O=C(NCCCc1ccccc1)c1nnco1
O=C(NCCCc1ccccc1)c1nnco1
O=C(NCCCc1ccccc1)c1nnco1
O=C(NCCCc1ccccc1)c1nnco1
O=C(NCCC(OC1COO1)c1ccccc1)c1nnco1
O=C(NCCC(Oc1coo1)c1ccccc1)c1nnco1
O=C(NCCC(OC1=COC1)c1ccccc1)c1nnco1
O=C(NCCC(OC1=CCC1)c1ccccc1)c1nnco1
O=C(NCCC(OC1=CC=C1)c1ccccc1)c1nnco1
O=C(NCCC(OC1=CCC=C1)c1ccccc1)c1nnco1
O=C(NCCC(OC1=CCC=C1)c1ccccc1)c1nnco1
O=C(NCCC(OC1=CCC=C1)c1ccccc1)c1nnco1
O=C(NCCC(OC1=CCC=C1)c1ccccc1)c1nnco1
O=C(NCCC(OC1=CCC=C1)c1ccccc1)c1nnco1
O=C(NCCC(OC1=CC=C1)c1ccccc1)c1nnco1
O=C(NCCC(OC1=CC=C1)c1ccccc1)c1nnco1
O=C(NCCC(OC1=CC=C1)c1ccccc1)c1nnco1
O=C(NCC(C1CC1)C(OC1=CC=C1)c1ccccc1)c1nnco1
O=C(NCC(C1CC1)C(OC1=CC=C1)c1ccccc1)c1nnco1
O=C(NCC(C1CC1)C(OC1=CC=C1)c1ccccc1)c1nnco1
O=C(NCCC(OC1=CC=C1)c1ccccc1)c1nnco1
O=C(NCCC(OC1=CC=C1)c1ccccc1)c1nnco1
O=C(NCCC(OC1=CC=C1)c1ccccc1)c1nnco1
O=C(NCCC(OC1=CC=C1)c1ccccc1)c1nnco1
O=C(NCCC(OC1=CC=C1)c1ccccc1)c1nnco1
O=C(NCCC(OC1=CC=C1)c1ccccc1)c1nnco1
O=C(NCC(OC1=CC=C1)c1ccccc1)c1nnco1
O=C(NCC(OC1=CC=C1)c1ccccc1)c1nnco1
O=C(NCC(OC1=CC=C1)c1ccccc1)c1nnco1
O=C(NCC(OC1=CCC=C1)c1ccccc1)c1nnco1
O=C(NCC(OC1=CCC=C1)c1ccccc1)c1nnco1
O=C(NCC(OC1=CCC=C1)c1ccccc1)c1nnco1
O=C(NCC(OC1=CCC=C1)c1ccccc1)c1nnco1
O=C(NCC(OC1=CCC=C1)c1ccccc1)c1nnco1
O=C(NCC(OC1=CC=C1)c1ccccc1)c1nnco1
O=C(NCC(OC1=CC=C1)c1ccccc1)c1nnco1
O=C(NCC(OC1=CC=C1)c1ccccc1)c1nnco1
O=C(NCC(OC1=CC=C1)c1ccccc1)c1nnco1
O=C(NCC(OC1=CC=C1)c1ccccc1)c1nnco1
O=C(NCC(OC1=CCCC=C1)c1ccccc1)c1nnco1
O=C(NCC(OC1=CCCC=C1)c1ccccc1)c1nnco1
O=C(NCC(Oc1ccccc1)c1ccccc1)c1nnco1
O=C(NCC(Oc1ccccc1)c1ccccc1)c1nnco1
O=C(NCC(Oc1ccccc1)c1ccccc1)c1nnco1
O=C(NCC(Oc1ccccc1)c1ccccc1)c1nnco1
O=C(NCC(Oc1ccccc1)c1ccccc1)c1nnco1
O=C(NCC(Oc1ccccc1)c1ccccc1)c1nnco1
O=C(NCC(Oc1ccc2c(c1)CC2)c1ccccc1)c1nnco1
O=C(NCC(Oc1ccc2c(c1)CC2)c1ccccc1)c1nnco1
O=C(NCC(Oc1ccc2c(c1)C=C2)c1ccccc1)c1nnco1
O=C(NCC(Oc1ccc2c(c1)C=CC2)c1ccccc1)c1nnco1
O=C(NCC(Oc1ccc2[nH]ccc2c1)c1ccccc1)c1nnco1
O=C(NCC(Oc1ccc2c(c1)c1cn2-1)c1ccccc1)c1nnco1
O=C(NCC(Oc1ccc(N2C=C2)cc1)c1ccccc1)c1nnco1
O=C(NCC(Oc1ccc(-n2cc[nH]2)cc1)c1ccccc1)c1nnco1
O=C(NCC(Oc1ccc(N2C=C=N2)cc1)c1ccccc1)c1nnco1
O=C(NCC(Oc1ccc(N2C=C=N2)cc1)c1ccccc1)c1nnco1
C=C1C=NN1c1ccc(OC(CNC(=O)c2nnco2)c2ccccc2)cc1
C=C1C=NN1c1ccc(OC(CNC(=O)c2nnco2)c2ccccc2)cc1
C=C1C=NN1c1ccc(OC(CNC(=O)c2nnco2)c2ccccc2)cc1
C=C1C=NN1c1ccc(OC(CNC(=O)c2nnco2)c2ccccc2)cc1
N=C1C=NN1c1ccc(OC(CNC(=O)c2nnco2)c2ccccc2)cc1
N=C1C=NN1c1ccc(OC(CNC(=O)c2nnco2)c2ccccc2)cc1
O=C(NCC(Oc1ccc2[nH]ncc2c1)c1ccccc1)c1nnco1
O=C(NCC(Oc1ccc2[nH]ncc2c1)c1ccccc1)c1nnco1
O=C(NCC(Oc1ccc2[nH]ncc2c1)c1ccccc1)c1nnco1
O=C(NCC(Oc1ccc2c(cnn2C2=NC2)c1)c1ccccc1)c1nnco1
O=C(NCC(Oc1ccc2c(cnn2C2=NCC2)c1)c1ccccc1)c1nnco1
O=C(NCC(Oc1ccc2c(cnn2C2=NCC2)c1)c1ccccc1)c1nnco1
O=C(NCC(Oc1ccc2c(cnn2C2=NCC2)c1)c1ccccc1)c1nnco1
O=C(NCC(Oc1ccc2c(cnn2C2=NC=C2)c1)c1ccccc1)c1nnco1
O=C(NCC(Oc1ccc2c(cnn2C2=CC=C2)c1)c1ccccc1)c1nnco1
O=C(NCC(Oc1ccc2c(cnn2C2=C3CC3=C2)c1)c1ccccc1)c1nnco1
O=C(NCC(Oc1ccc2c(cnn2C2=C3CCC3=C2)c1)c1ccccc1)c1nnco1
O=C(NCC(Oc1ccc2c(cnn2C2=CC=C2)c1)c1ccccc1)c1nnco1
O=C(NCC(Oc1ccc2c(cnn2C2=CC=C2)c1)c1ccccc1)c1nnco1
O=C(NCC(Oc1ccc2c(cnn2C2=CC=C2)c1)c1ccccc1)c1nnco1
O=C(NCC(Oc1ccc2c(cnn2C2=CC=N2)c1)c1ccccc1)c1nnco1
O=C(NCC(Oc1ccc2c(cnn2C2=CC=N2)c1)c1ccccc1)c1nnco1
O=C(NCC(Oc1ccc2c(cnn2C2=CC=N2)c1)c1ccccc1)c1nnco1
O=C(NCC(Oc1ccc2c(cnn2C2=CC=C2)c1)c1ccccc1)c1nnco1
O=C(NCC(Oc1ccc2c(cnn2C2=CC=C2)c1)c1ccccc1)c1nnco1
O=C(NCC(Oc1ccc2c(cnn2C2=CC=C2)c1)c1ccccc1)c1nnco1
O=C(NCC(Oc1ccc2c(cnn2C2=CC=C2)c1)c1ccccc1)c1nnco1
O=C(NCC(Oc1ccc2c(cnn2-c2ccccc2)c1)c1ccccc1)c1nnco1
O=C(NCC(Oc1ccc2c(cnn2-c2ccccc2)c1)c1ccccc1)c1nnco1
O=C(NCC(Oc1ccc2c(cnn2-c2ccccc2)c1)c1ccccc1)c1nnco1
O=C(NCC(Oc1ccc2c(cnn2-c2ccccc2)c1)c1ccccc1)c1nnco1
O=C(NCC(Oc1ccc2c(cnn2-c2ccccc2)c1)c1ccccc1)c1nnco1
c1ccc2c(c1)CCC1CC(c3nccs3)CCC21
c1ccc2c(c1)CCC1CC(c3nccs3)CCC21
c1ccc2c(c1)CCC1CC(c3nccs3)CCC21
c1ccc2c(c1)CCCC2CCCc1nccs1
c1ccc2c(c1)CCCC2CCCc1nccs1
c1ccc2c(c1)CCCC2CCCc1nccs1
c1ccc2c(c1)CCCC2CCCc1nccs1
c1ccc2c(c1)CCCC2CCCC1=NCS1
c1ccc2c(c1)CCCC2CCCc1nos1
c1ccc2c(c1)CCCC2CCCc1nos1
c1ccc2c(c1)CCCC2CCCc1nos1
c1ccc2c(c1)CCCC2CCCc1nos1
c1ccc2c(c1)CCCC2CCCC1=NOC1
c1ccc2c(c1)CCCC2CCCC1=NOC1
c1ccc2c(c1)CCCC2CCCC1=NO1
c1ccc2c(c1)CCCC2CCCCC1=NO1
c1ccc2c(c1)CCCC2CCCCC1=NO1
O=C(CCC1CCCc2ccccc21)CC1=NO1
O=C(CCC1CCCc2ccccc21)CC1=NO1
O=C(CCC1CCCCc2ccccc21)CC1=NO1
O=C(CCC1CCCCc2ccccc21)CC1=NO1
O=C(CCC1CCCCc2ccccc21)CC1=NO1
O=C(CCC1CCCCc2ccccc21)NCC1=NO1
O=C(CCC1CCCCCc2ccccc21)NCC1=NO1
O=C(CCC1CCCCCc2ccccc21)NOCC1=NO1
O=C(CCC1CCCCCc2ccccc21)NOCC1=NO1
O=C(CCC1CCCCc2ccccc21)NOCC1=NO1
O=C(CCC1CCCCc2ccccc21)NCCC1=NO1
O=C(CCC1CCCCc2ccccc21)NCCC1=NO1
O=C(CCC1CCCCc2ccccc21)NCCC1=NO1
O=C(CCC1CCCCc2ccccc21)NCCCC1=NO1
O=C(CCC1CCCCc2ccccc21)NCCCC1=NO1
O=C(CCC1CCCCc2ccccc21)NCCCC1=NO1
C=C(CNC(=O)CCC1CCCCc2ccccc21)CC1=NO1
C=C(CC1=NO1)NC(=O)CCC1CCCCc2ccccc21
C=C(CC1=NO1)NC(=O)CCC1CCCc2ccccc21
C=C(NC(=O)CCC1CCCc2ccccc21)C1=NO1
O=C(CCC1CCCc2ccccc21)Nc1cnoc1
O=C(CCC1CCCc2ccccc21)Nc1cnoc1
O=C(CCC1CCCc2ccccc21)Nc1cnoc1
O=C(CCC1CCCc2ccccc21)Nc1cnoc1
O=C(CCC1CCCc2ccccc21)Nc1cnoc1
O=C(CCC1CCCc2ccccc21)Nc1cnoc1
O=C(CCC1CCCc2ccccc21)Nc1cnoc1
O=C(CCC1CCCc2ccccc21)NCc1cnoc1
O=C(CCC1CCCc2ccccc21)NCc1cnoc1
O=C(CCC1CCCc2ccccc21)NCc1cnoc1
O=C(CCC1CCCc2ccccc21)NCc1cnoc1
O=C(CCC1CCCc2ccccc21)NCc1cnoc1
O=C(CCC1CCCc2ccccc21)NCc1cnoc1
O=C(CCC1CCCCc2ccccc21)NCc1cnoc1
O=C(CCC1CCCCCc2ccccc21)NCc1cnoc1
O=C(CCC1CCCCCc2ccccc21)Nc1ccon1
O=C(CCC1CCCCCc2ccccc21)Nc1ccon1
O=C(CCC1CCCCc2ccccc21)Nc1ccon1
O=C(CCC1CCCCc2ccccc21)Nc1ccon1
O=C(CCC1CCCCc2ccccc21)Nc1ccon1
O=C(CCC1CCCc2ccccc21)Nc1ccon1
O=C(CCC1CCCc2ccccc21)Nc1ccon1
O=C(CCC1CCCc2ccccc21)Nc1ccon1
O=C(CCC1CCCc2ccccc21)Nc1ccon1
O=C(CCC1CCCc2ccccc21)Nc1ccon1
O=C(CCC1CCCc2ccccc21)Nc1ccon1
O=C(CCC1CCCc2ccccc21)Nc1ccon1
O=C(CCC1CCCc2ccccc21)Nc1ccon1
O=C(CCC1CCCc2ccccc21)Nc1ccon1
O=C(CCC1CCCc2ccccc21)Nc1ccon1
O=C(CCC1CCCc2ccccc21)Nc1ccon1
O=C(CCC1CCCc2ccccc21)Nc1ccon1
O=C(CCC1CCCc2ccccc21)Nc1ccon1
O=C(CCC1CCCc2ccccc21)Nc1ccon1
O=C(CCC1CCCc2ccccc21)Nc1ccon1
O=C(CCC1CCCc2ccccc21)Nc1ccon1
O=C(CCC1CCCc2ccccc21)Nc1ccon1
O=C(CCC1CCCc2ccccc21)Nc1ccon1
O=C(CCC1CCCc2ccccc21)Nc1ccon1
O=C(CCC1CCCc2ccccc21)Nc1ccoc1
O=C(CCC1CCCc2ccccc21)Nc1ccoc1
O=C(CCC1CCCc2ccccc21)Nc1ccoc1
O=C(CCC1CCCc2ccccc21)Nc1ccoc1
O=C(CCC1CCCc2ccccc21)Nc1ccoc1
O=C(CCC1CCCc2ccccc21)Nc1ccoc1
O=C(CCC1CCCc2ccccc21)Nc1cccnc1
O=C(CCC1CCCc2ccccc21)Nc1cccnc1
O=C(CCC1CCCc2ccccc21)Nc1cccnc1
O=C(CCC1CCCc2ccccc21)Nc1ccccc1
O=C(CCC1CCCc2ccccc21)Nc1ccccc1
O=C(CCC1CCCc2ccccc21)Nc1ccccc1
O=C(CCC1CCCc2ccccc21)Nc1ccccc1
O=C(CCC1CCCc2ccccc21)Nc1ccccc1
O=C(CCC1CCCc2ccccc21)Nc1ccccc1
O=C(CCC1CCCc2ccccc21)Nc1ccccc1
O=C(CCC1CCCc2ccccc21)Nc1cccc(C2CO2)c1
O=C(CCC1CCCc2ccccc21)Nc1cccc(C2CO2)c1
O=C(CCC1CCCc2ccccc21)Nc1cccc(C2CO2)c1
O=C(CCC1CCCc2ccccc21)Nc1ccccc1
O=C(CCC1CCCc2ccccc21)Nc1ccccc1
O=C(CCC1CCCc2ccccc21)Nc1ccccc1
O=C(CCC1CCCc2ccccc21)Nc1ccccc1
O=C(CCC1CCCc2ccccc21)Nc1ccccc1
O=C(CCC1CCCc2ccccc21)Nc1ccc2c(c1)C(=O)OC2
O=C(CCC1CCCc2ccccc21)Nc1ccc2c(c1)C(=O)OC2
O=C(CCC1CCCc2ccccc21)Nc1ccc2c(c1)C(=O)OCC2
O=C(CCC1CCCCc2ccccc21)Nc1ccc2c(c1)C(=O)OCC2
O=C(CCC1CCCCc2ccccc21)Nc1ccc2c(c1)C(=O)OCC2
O=C(CCC1CCCc2ccccc21)Nc1ccc2c(c1)C(=O)OCC2
O=C(CCC1CCCc2ccccc21)Nc1ccc2c(c1)C(=O)OCC2
O=C(CCC1CCCc2ccccc21)Nc1ccc2ccoc(=O)c2c1
O=C(CCC1CCCc2ccccc21)Nc1ccc2ccoc(=O)c2c1
O=C(CCC1CCCc2ccccc21)Nc1ccc2ccoc(=O)c2c1
O=C(CCC1CCCc2ccccc21)Nc1ccc2ccoc(=O)c2c1
O=C(CCC1CCCc2ccccc21)Nc1ccc2cnoc(=O)c2c1
O=C(CCC1CCCc2ccccc21)CNc1ccc2cnoc(=O)c2c1
O=C(CCC1CCCc2ccccc21)NNc1ccc2cnoc(=O)c2c1
O=C(CCC1CCCc2ccccc21)NNc1ccc2c(=O)oncc2c1
O=C(CCC1CCCc2ccccc21)Nc1ccc2c(=O)oncc2c1
O=S(=O)(NCCn1ccc2ccccc21)c1ccccc1
c1ccc(CCn2ccc3ccccc32)cc1
c1ccc(CCc2cccc3cc[nH]c23)cc1
c1ccc(CCc2cccc3cc[nH]c23)cc1
c1ccc(C2CCC2c2cccc3cc[nH]c23)cc1
c1ccc(C2CCC2c2cccc3cc[nH]c23)cc1
c1ccc(C2CCC2c2cccc3cc[nH]c23)cc1
c1cc(-c2ccc(C3CCC3)cc2)c2[nH]ccc2c1
c1cc(-c2ccc(C3CC3)cc2)c2[nH]ccc2c1
c1cc(-c2ccc(C3CC3)cc2)c2[nH]ccc2c1
c1cc(-c2ccc(C3CC3)cc2)c2[nH]ccc2c1
c1cc(-c2ccc(C3CC3)cc2)c2[nH]ccc2c1
c1cc(-c2ccc(C3CC3)cc2)c2[nH]ccc2c1
c1cc(-c2ccc(C3CC3)cc2)c2[nH]ccc2c1
c1cc(-c2ccc(C3CC3)cc2)c2[nH]ccc2c1
c1cc(-c2ccc(C3CC3)cc2)c2[nH]ccc2c1
c1cc(-c2ccc(C3CCC3)cc2)c2[nH]ccc2c1
c1cc(-c2ccc(C3CCC3)cc2)c2[nH]ccc2c1
c1cc(-c2ccc(C3CCC3)cc2)c2[nH]ccc2c1
c1cc(-c2ccc(C3CCC3)cc2)c2[nH]ccc2c1
c1cc(-c2ccc(C3CCC3)cc2)c2[nH]ccc2c1
c1cc(-c2ccc(CC3CCC3)cc2)c2[nH]ccc2c1
c1cc(-c2ccc(CC3CCC3)cc2)c2[nH]ccc2c1
c1cc(-c2ccc3c(c2)C3C2CCC2)c2[nH]ccc2c1
c1cc(-c2ccc3c(c2)C3C2CC2)c2[nH]ccc2c1
c1cc(-c2ccc3c(c2)C3C2CC2)c2[nH]ccc2c1
c1cc(-c2ccc3c(c2)C(C2CC2)N3)c2[nH]ccc2c1
c1cc(-c2ccc3c(c2)C(C2CCC2)N3)c2[nH]ccc2c1
c1cc(-c2ccc3c(c2)C(C2CC2)N3)c2[nH]ccc2c1
c1cc(-c2ccc3c(c2)C(C2CC2)N3)c2[nH]ccc2c1
c1cc(-c2ccc3c(c2)C(C2CC2)N3)c2[nH]ccc2c1
c1cc(-c2ccc3c(c2)CN3)c2[nH]ccc2c1
c1cc(-c2ccc3c(c2)CN3)c2[nH]ccc2c1
c1cc(-c2ccc3c(c2)CN3)c2[nH]ccc2c1
c1cc(-c2ccc3c(c2)CCN3)c2[nH]ccc2c1
c1cc(-c2ccc3c(c2)CCN3)c2[nH]ccc2c1
c1cc(-c2ccc3c(c2)CCN3)c2[nH]ccc2c1
c1cc(-c2ccc3c(c2)CCN3)c2[nH]ccc2c1
c1cc(-c2ccc3c(c2)CCN3)c2[nH]ccc2c1
c1cc(-c2ccc3c(c2)CCN3)c2[nH]ccc2c1
c1cc(-c2ccc3c(c2)CCN3)c2[nH]ccc2c1
c1cc(-c2ccc3c(c2)CCCN3)c2[nH]ccc2c1
c1cc(-c2ccc3c(c2)CCCCN3)c2[nH]ccc2c1
c1ccc2c(-c3ccc4c(c3)CCCCN4)c[nH]c2c1
c1ccc2c(-c3ccc4c(c3)CCCCN4)c[nH]c2c1
c1ccc2c(-c3ccc4c(c3)CCCCCN4)c[nH]c2c1
c1cc(Cc2ccc3c(c2)CCCCCN3)c2[nH]ccc2c1
c1cc(-c2ccc3c(c2)CCCCCN3)c2[nH]ccc2c1
c1cc(-c2ccc3c(c2)CCCCCN3)c2[nH]ccc2c1
c1cc(-c2ccc3c(c2)CCCCN3)c2[nH]ccc2c1
c1cc(-c2ccc3c(c2)CCCCN3)c2[nH]ccc2c1
c1cc(-c2ccc3c(c2)CCCN3)c2[nH]ccc2c1
O=S(=O)(NCCn1ccc2ccccc21)c1ccccc1
O=S(=O)(NCCN1C=CNc2ccccc21)c1ccccc1
O=S(=O)(NCCN1C=CNc2ccccc21)c1ccccc1
O=S(=O)(NCCNc1c[nH]c2ccccc12)c1ccccc1
O=S(NCCNc1c[nH]c2ccccc12)c1ccccc1
O=S(c1ccccc1)N1CC1Nc1c[nH]c2ccccc12
O=S(c1cccc(-c2c[nH]c3ccccc23)c1)N1CC1
O=S(c1cccc(-c2c[nH]c3ccccc23)c1)N1CC1
O=S(c1cccc(-c2c[nH]c3ccccc23)c1)C1CC1
O=S(c1cccc(-c2c[nH]c3ccccc23)c1)C1CC1
O=S(c1cccc(-c2c[nH]c3ccccc23)c1)C1CC1
O=S(c1cccc(-c2c[nH]c3ccccc23)c1)C1CC1
O=S(c1cccc(-c2c[nH]c3ccccc23)c1)C1CCC1
O=S1CCCNc2ccc(-c3c[nH]c4ccccc34)cc21
c1ccc2c(-c3ccc4c(c3)SCCCN4)c[nH]c2c1
c1ccc2c(-c3ccc4c(c3)CSCCCN4)c[nH]c2c1
c1ccc2c(-c3ccc4c(c3)CSCCCN4)c[nH]c2c1
c1ccc2c(-c3ccc4c(c3)CCCCCN4)c[nH]c2c1
c1ccc2c(-c3ccc4c(c3)CCCCCN4)c[nH]c2c1
c1ccc2c(-c3ccc4c(c3)CCCCN4)c[nH]c2c1
c1ccc2c(-c3ccc4c(c3)CCCN4)c[nH]c2c1
O=S(=O)(NCCn1ccc2ccccc21)c1ccccc1
O=S(NCCn1ccc2ccccc21)c1ccccc1
O=S(NCCn1ccc2ccccc21)c1ccccc1
O=S(NCCn1ccc2ccccc21)c1ccccc1
O=C(NCCn1ccc2ccccc21)c1ccccc1
O=C(NCCn1ccc2ccccc21)c1ccccc1
O=C(NCCn1ccc2ccccc21)c1ccccc1
O=C(NCCN1C=C1c1ccccc1)c1ccccc1
O=C(NCCCN1C=C1c1ccccc1)c1ccccc1
O=C(NCCC1=CN1Cc1ccccc1)c1ccccc1
O=C(NCCC1=CN1c1ccccc1)c1ccccc1
O=C(NCCC1=CN1c1ccccc1)c1ccccc1
O=C(NCCC1=CN1c1ccccc1)c1ccccc1
O=C(NCCC1=CN1c1ccccc1)c1ccccc1
O=C(NCCC1=NN1c1ccccc1)c1ccccc1
O=C(NCCC1=NN1c1ccccc1)c1ccccc1
O=C(NCCC1=NN1c1ccccc1)c1ccccc1
O=C(NCCC1=NN1c1ccccc1)c1ccccc1
O=C(NCCC1=NN1c1ccccc1)c1ccccc1
O=C(NCCNC1=NN1c1ccccc1)c1ccccc1
O=C(NCCCNC1=NN1c1ccccc1)c1ccccc1
O=C(NCCCNC1=NN1c1ccccc1)c1ccccc1
O=C(NCCCNC1=NN1c1ccccc1)c1ccccc1
O=C(NCCCNC1=NN1c1ccccc1)c1ccccc1
O=C(NCCCNCC1=NN1c1ccccc1)c1ccccc1
O=C(NCCCNCC1=NN1c1ccccc1)c1ccccc1
C=C(NCCCNC(=O)c1ccccc1)C1=NN1c1ccccc1
C=C(NCCCNC(=O)c1ccccc1)C1=NN1c1ccccc1
C=C(NCCCNC(=O)c1ccccc1)C1=NN1c1ccccc1
O=C(NCCCNC(=O)c1ccccc1)C1=NN1c1ccccc1
O=C(NCCCCNC(=O)c1ccccc1)C1=NN1c1ccccc1
O=C(NCCCCNC(=O)c1ccccc1)C1=NN1c1ccccc1
O=C(NCCCCNC(=O)c1ccccc1)C1=CN1c1ccccc1
O=C(NCCCNC(=O)c1ccccc1)C1=CN1c1ccccc1
O=C(NCCCNC(=O)c1cn(-c2ccccc2)o1)c1ccccc1
O=C(NCCCNC(=O)c1nn(-c2ccccc2)o1)c1ccccc1
O=C(NCCCNC(=O)c1ccccc1)C1=NN(c2ccccc2)C1
O=C(NCCCNC(=O)c1ccccc1)C1=NN(c2ccccc2)C1
O=C(NCCCNC(=O)c1ccccc1)C1=NN(c2ccccc2)C1
C=C1C(C(=O)NCCCNC(=O)c2ccccc2)=NN1c1ccccc1
C=C1OC(C(=O)NCCCNC(=O)c2ccccc2)=NN1c1ccccc1
C=C1OC(C(=O)NCCCNC(=O)c2ccccc2)=NN1c1ccccc1
C=C1CC(C(=O)NCCCNC(=O)c2ccccc2)=NN1c1ccccc1
C=C1CC(C(=O)NCCCNC(=O)c2ccccc2)=NN1c1ccccc1
O=C(NCCCNC(=O)c1ccccc1)C1=NN(c2ccccc2)CC1
O=C(NCCCNC(=O)c1ccn(-c2ccccc2)n1)c1ccccc1
O=C(NCCCNC(=O)c1ccn(-c2ccccc2)n1)c1ccccc1
O=C(NCCCNC(=O)c1ccn(-c2ccccc2)n1)c1ccccc1
O=C(NCCCNC(=O)c1cnn(-c2ccccc2)c1)c1ccccc1
O=C(NCCCNC(=O)c1cnn(-c2ccccc2)c1)c1ccccc1
O=C(NCCCNC(=O)c1cnn(-c2ccccc2)c1)c1ccccc1
O=C(NCCCNC(=O)c1cnn(-c2ccccc2)c1)c1ccccc1
O=C(NCCCNC(=O)c1cnn(-c2ccccc2)c1)c1ccccc1
O=C(NCCCNC(=O)c1cnn(-c2ccccc2)c1)c1ccccc1
O=C(NCCCNC(=O)c1cnn(-c2ccccc2)c1)c1ccccc1
O=C(NCCCNC(=O)c1cnn(-c2ccccc2)c1)c1ccccc1
O=C(NCCCNC(=O)c1cnn(-c2ccccc2)c1)c1ccccc1
O=C(NCCCNC(=O)c1cnn(-c2ccccc2)c1)c1ccccc1
O=S(=O)(NCCNc1cccc2c1cnn2-c1ccccc1)C1CC1
O=S(=O)(NCCNc1cccc2c1cnn2-c1ccccc1)C1CC1
O=C(NCNCCNS(=O)(=O)C1CC1)c1cccc(-n2ncc3ccccc32)c1
O=C(NCNCCNS(=O)(=O)C1CC1)c1cccc(-n2ncc3ccccc32)c1
O=C(NCNCCNS(=O)(=O)C1CC1)c1cccc(-n2ncc3ccccc32)c1
O=C(NCNCCNS(=O)(=O)C1CC1)c1cccc(-n2ncc3ccccc32)c1
O=C(NCCNS(=O)(=O)C1CC1)c1cccc(-n2ncc3ccccc32)c1
O=C(NCCNS(=O)(=O)C1CC1)c1ccc(-n2ncc3ccccc32)cc1
O=C(NCCNS(=O)(=O)C1CC1)c1ccc(-n2ncc3ccccc32)cc1
c1ccc(-n2ncc3ccccc32)cc1
c1ccc(-n2ncc3ccccc32)cc1
c1ccc(-n2ncc3ccccc32)cc1
c1ccc(-n2ncc3ccccc32)cc1
c1ccc(-n2ncc3ccccc32)cc1
c1ccc(-n2ncc3ccccc32)cc1
c1ccc(-n2ncc3ccccc32)cc1
c1ccc(-n2ncc3ccccc32)cc1
c1ccc(-n2ncc3ccccc32)cc1
c1ccc(-n2ncc3ccccc32)cc1
c1ccc(-n2ncc3ccccc32)cc1
c1ccc(-n2ncc3ccccc32)cc1
c1ccc(-n2ncc3ccccc32)cc1
c1ccc(-n2ncc3ccccc32)cc1
c1ccc(-n2ncc3ccccc32)cc1
c1ccc(-n2ncc3ccccc32)cc1
c1ccc(-n2ncc3ccccc32)cc1
c1ccc(-n2ncc3ccccc32)cc1
c1ccc(-n2ncc3ccccc32)cc1
c1ccc(-n2ncc3ccccc32)cc1
c1ccc(-n2ncc3ccccc32)cc1
c1ccc(-n2ncc3ccccc32)cc1
c1ccc(-n2ncc3ccccc32)cc1
c1ccc(-n2ncc3ccccc32)cc1
c1ccc(-n2ncc3ccccc32)cc1
c1ccc(-n2ncc3ccccc32)cc1
c1ccc(-n2ncc3ccccc32)cc1
c1ccc(-n2ncc3ccccc32)cc1
c1ccc(-n2ncc3ccccc32)cc1
c1ccc(-n2ncc3ccccc32)cc1
c1ccc(-n2ncc3ccccc32)cc1
c1ccc(-n2ncc3ccccc32)cc1
c1ccc(-n2ncc3ccccc32)cc1
c1ccc(-n2ncc3ccccc32)cc1
c1ccc(-n2ncc3ccccc32)cc1
c1ccc(-n2ncc3ccccc32)cc1
c1ccc(-n2ncc3ccccc32)cc1
C1=C(COc2ccc3c(cnn3-c3ccccc3)c2)C1
C1=C(COc2ccc3c(cnn3-c3ccccc3)c2)C1
C1=C(COc2ccc3c(cnn3-c3ccccc3)c2)C1
C1=C(COc2ccc3c(cnn3-c3ccccc3)c2)CCS1
c1ccc(-n2ncc3cc(OCc4ccsc4)ccc32)cc1
c1ccc(-n2ncc3cc(OCc4ccsc4)ccc32)cc1
C1=CC(COc2ccc3c(cnn3-c3ccccc3)c2)=CC1
C1=CCC=C(COc2ccc3c(cnn3-c3ccccc3)c2)C=1
C1=CC(COc2ccc3c(cnn3-c3ccccc3)c2)=CCC1
C1=CC(COc2ccc3c(cnn3-c3ccccc3)c2)=CCC1
c1ccc(COc2ccc3c(cnn3-c3ccccc3)c2)cc1
c1ccc(COc2ccc3c(cnn3-c3ccccc3)c2)cc1
c1ccc(COc2ccc3c(cnn3-c3ccccc3)c2)cc1
c1ccc(COc2ccc3c(cnn3-c3ccccc3)c2)cc1
c1ccc(COc2ccc3c(cnn3-c3ccccc3)c2)cc1
c1ccc(COc2ccc3c(cnn3-c3ccccc3)c2)cc1
c1ccc(COc2ccc3c(cnn3-c3ccccc3)c2)cc1
c1ccc(COc2ccc3c(cnn3-c3ccccc3)c2)cc1
O=S(=O)(NCCNc1cccc2c1cnn2-c1ccccc1)C1CC1
O=S(=O)(NCCNc1cccc2c1cnn2-c1ccccc1)C1CC1
O=C(CNC(=O)c1cccc(-n2ncc3ccccc32)c1)NNCCNS(=O)(=O)C1CC1
c1ccc(-n2ncc3ccccc32)cc1
c1ccc(-n2ccc3ccccc32)cc1
c1ccc(-n2ccc3ccccc32)cc1
c1ccc(Cn2ccc3ccccc32)cc1
c1ccc(Cn2ccc3ccccc32)cc1
c1ccc(CCn2ccc3ccccc32)cc1
c1ccc(CCn2ccc3ccccc32)cc1
c1ccc(CCn2ccc3ccccc32)cc1
c1ccc(CCn2ccc3ccccc32)cc1
c1ccc(CCCn2ccc3ccccc32)cc1
c1ccc(CCCn2ccc3ccccc32)cc1
c1ccc(CCCn2ccc3ccccc32)cc1
c1ccc(CCCn2ccc3ccccc32)cc1
c1ccc(CCCn2ccc3ccccc32)cc1
c1ccc(CCCn2ccc3ccccc32)cc1
c1ccc(CCCn2ccc3ccccc32)cc1
c1ccc(CCCn2ccc3ccccc32)cc1
c1ccc(CCCn2ccc3ccccc32)cc1
c1ccc(CCCn2ccc3ccccc32)cc1
C=S(=O)(NCCn1ccc2ccccc21)c1ccccc1
C=S(=O)(NCCn1ccc2ccccc21)c1ccccc1
C=S(=O)(NCCn1ccc2ccccc21)c1ccccc1
O=S(=O)(NCCn1ccc2ccccc21)c1ccccc1
O=S(=O)(NCCn1ccc2ccccc21)c1ccccc1
O=S(=O)(NCCn1ccc2ccccc21)c1ccccc1
O=S(=O)(NCCn1ccc2ccccc21)c1ccccc1
O=S(=O)(NCCn1ccc2ccccc21)c1ccccc1
O=S(=O)(NCCn1ccc2ccccc21)c1ccccc1
O=S(=O)(NCCn1ccc2ccccc21)c1ccccc1
O=S(=O)(NCCn1ccc2ccccc21)c1ccccc1
O=S(=O)(NCCn1ccc2ccccc21)c1ccccc1
O=S(=O)(NCCn1ccc2ccccc21)c1ccccc1
O=S(=O)(NCCNc1cccc2c1cnn2-c1ccccc1)C1CC1
O=S(=O)(NCCNc1ccccc1-n1ncc2ccccc21)C1CC1
O=S(=O)(NCCNc1ccccc1-n1ncc2ccccc21)C1CCC1
O=C(CNC(=O)c1cccc(-n2ncc3ccccc32)c1)NC1CCC1
O=C(CNC(=O)c1cccc(-n2ncc3ccccc32)c1)NC1CCC1
O=C(CNC(=O)c1cccc(-n2ncc3ccccc32)c1)NC1CCCC1
O=C(CNC(=O)c1cccc(-n2ncc3ccccc32)c1)NC1CCCC1
O=C(CNC(=O)c1cccc(NN=Cc2ccccc2)c1)NC1CCCC1
O=C(CNC(=O)c1cccc(ON=Cc2ccccc2)c1)NC1CCCC1
O=C(CNC(=O)c1cccc(ONCc2ccccc2)c1)NC1CCCC1
O=C(CNC(=O)c1cccc(ONCc2ccccc2)c1)NC1CCCC1
O=C(CNC(=O)c1ccccc1NCONCc1ccccc1)NC1CCCC1
O=C(CNC(=O)c1ccc(NCONCc2ccccc2)cc1)NC1CCCC1
O=C(CNC(=O)c1ccc(OCONCc2ccccc2)cc1)NC1CCCC1
O=C(CNC(=O)c1ccc(OCONCc2ccccc2)cc1)NC1CCCC1
O=C(CNC(=O)c1ccc(OCONCc2ccccc2)cc1)NC1CCCCC1
O=C(CNC(=O)c1ccc(OCONCc2ccccc2)cc1)NC1CCCCC1
O=C(CNC(=O)c1ccc(OCONCc2ccccc2)cn1)NC1CCCCC1
O=C(CNC(=O)c1ccc(OCONCc2ccccc2)cn1)NC1CCCCC1
O=C(CNC(=O)c1ccc(OCONCc2ccccc2)cn1)NC1CCCCC1
O=C(CNC(=O)c1ccc(OCONCc2ccccc2)cn1)NC1CCCCC1
O=C(CNC(=O)c1ccc(OCONCc2ccccc2)cn1)NC1CCCCC1
O=C(CNC(=O)c1ccc(OCONCc2ccccc2)cn1)NC1CCCCC1
O=C(CNC(=O)c1ccc(OCONCc2ccccc2)cn1)NC1CCCCC1
O=C(CNC(=O)c1ccc(OCONCc2ccccc2)cn1)NC1CCCCC1
O=C(CNC(=O)c1ccc(OCONCc2ccccc2)cn1)NC1CCCCC1
O=C(CNC(=O)c1ccc(OCONCc2ccccc2)cn1)NC1CCCCCC1
O=C(CNC(=O)c1ccc(OCONCc2ccccc2)cn1)NC1CCCCCC1
O=C(CCNC(=O)c1ccc(OCONCc2ccccc2)cn1)NC1CCCCCC1
O=C(CCNC(=O)c1ccc(OCONCc2ccccc2)cn1)NC1CCCCC1
O=C(CCNC(=O)c1ccc(OCONCc2ccccc2)cn1)NC1CCCCC1
O=C(CCNC(=O)c1ccc(OCONCc2ccccc2)cn1)NC1CCCCC1
O=C(CCNC(=O)c1ccc(OCONCc2ccccc2)cn1)NC1CCCCC1
O=C(CCC(ONCc1ccccc1)Oc1cccnc1)NC1CCCCC1
O=C(CC(ONCc1ccccc1)Oc1cccnc1)NC1CCCCC1
O=C(CC(OCCc1ccccc1)Oc1cccnc1)NC1CCCCC1
O=C(CC(OCc1ccccc1)Oc1cccnc1)NC1CCCCC1
O=C(CC(OCc1ccccc1)Oc1cccnc1)NC1CCCCCC1
O=C(CC(CCc1ccccc1)Oc1cccnc1)NC1CCCCCC1
O=C(CC(Cc1ccccc1)Oc1cccnc1)NC1CCCCCC1
O=C(CC(Cc1ccccc1)Oc1cccnc1)NC1CCCCC1
O=C(CC(Cc1ccccc1)Oc1cccnc1)NC1CCCC1
O=C(CC(Cc1ccccc1)Oc1ccc(C(=O)NC2CC2)nc1)NC1CCCC1
O=C(CC(Cc1ccccc1)Oc1ccc(C(=O)NC2CCC2)nc1)NC1CCCC1
O=C(CC(Cc1ccccc1)Oc1ccc(C(=O)NC2CCCC2)nc1)NC1CCCC1
O=C(CC(Cc1ccccc1)Oc1ccc(C(=O)NC2CCCCC2)nc1)NC1CCCC1
O=C(CC(Cc1ccccc1)Oc1ccc(C(=O)NC2CCCCC2)nc1)NC1CCC1
O=C(CC(Cc1ccccc1)Oc1ccc(C(=O)NC2CCCCCC2)nc1)NC1CCC1
O=C(CC(Cc1ccccc1)Oc1ccc(C(=O)NC2CCCCCC2)nc1)NC1CCC1
O=C(NC1CCCCCC1)c1ccc(OCCc2ccccc2)cn1
O=C(NC1CCCCCC1)c1ccc(OCCc2ccccc2)cn1
O=C(NC1CCCCC1)c1ccc(OCCc2ccccc2)cn1
O=C(NC1CCCCC1)c1ccc(OCCc2ccccc2)cn1
O=C(NC1CCCCC1)c1ccc(OCCc2ccccc2)cn1
O=C(NC1CCCCCC1)c1ccc(OCCc2ccccc2)cn1
O=C(NC1CCCCCC1)c1ccc(OCCc2ccccc2)cn1
O=C(NC1CCCCCC1)c1ccc(OCCc2ccccc2)cn1
O=C(NC1CCCCCCC1)c1ccc(OCCc2ccccc2)cn1
O=C(NC1CCCCCCC1)c1ccc(OCCc2ccccc2)cn1
O=C(NC1CCCCCCC1)c1ccc(OCCc2ccccc2)cn1
O=C(NC1CCCCCCC1)c1ccc(OCCc2ccccc2)cn1
O=C(NC1CCCCCCC1)c1ccc(OCCc2ccccc2)cn1
O=C(NC1CCCCCCC1)c1ccc(OCCc2ccccc2)cn1
O=C(NC1CCCCCCC1)c1ccc(OCc2ccccc2)cn1
O=C(NC1CCCCCC1)c1ccc(OCc2ccccc2)cn1
O=C(NC1CCCCCC1)c1ccc(OCc2ccccc2)cn1
O=C(NC1CCCCCC1)c1ccc(OCc2ccccc2)cn1
O=C(NC1CCCCCC1)c1ccc(OCc2ccccc2)cn1
O=C(NC1CCCCCC1)c1ccc(OCc2ccccc2)cn1
O=C(NC1CCCCCC1)c1ccc(OCc2ccccc2)cn1
O=C(NC1CCCCCC1)c1ccc(OCc2ccccc2)cn1
O=C(NC1CCCCCC1)c1ccc(OCc2ccccc2)cn1
O=C(NC1CCCCCC1)c1ccc(OCc2ccccc2)cn1
O=C(NC1CCCCCCC1)c1ccc(OCc2ccccc2)cn1
O=C(NC1CCCCCCC1)c1ccc(OCc2ccccc2)cn1
O=C(NC1CCCCCCC1)c1ccc(OCc2ccccc2)cn1
O=C(NC1CCCCCCC1)c1ccc(OCc2ccccc2)cn1
O=C(NC1CCCCCCC1)c1ccc(OCc2ccccc2)cn1
O=C(NC1CCCCCC1)c1ccc(OCc2ccccc2)cn1
O=C(NC1CCCCC1)c1ccc(OCc2ccccc2)cn1
O=S(=O)(NCCNc1cccc2c1cnn2-c1ccccc1)C1CC1
c1ccc(-n2ncc3ccccc32)cc1
O=S1(=O)Cc2ccc3c(cnn3-c3ccccc3)c2NCCN1
O=S1(=O)Cc2ccc3c(cnn3-c3ccccc3)c2NCCN1
O=S1(=O)Cc2ccc3c(cnn3-c3ccccc3)c2NCCN1
O=S1(=O)Cc2ccc3c(cnn3-c3ccccc3)c2NCCN1
O=S1(=O)NCCNc2c3c(cc4c2cnn4-c2ccccc2)CCC31
O=S1(=O)NCCNc2c3c(cc4c2cnn4-c2ccccc2)CCCC31
O=S1(=O)NCCNc2c3c(cc4c2cnn4Cc2ccccc2)CCCC31
c1ccc(Cn2ncc3cc4c(cc32)CCCC4)cc1
c1ccc(Cn2ncc3cc4c(cc32)CCCC4)cc1
c1ccc(Cn2ncc3cc4c(cc32)CCCC4)cc1
c1ccc(Cn2ncc3cc4c(cc32)CCCC4)cc1
c1ccc(Cn2ncc3cc4c(cc32)CCCC4)cc1
c1ccc(Cn2ncc3cc4c(cc32)CCCC4)cc1
c1ccc(Cn2ncc3cc4c(cc32)CCCC4)cc1
c1ccc(Cn2ncc3cc4c(cc32)CCCC4)cc1
c1ccc(Cn2ncc3cc4c(cc32)CCCC4)cc1
c1ccc(Cn2ncc3cc4c(cc32)CCCC4)cc1
c1ccc(Cn2ncc3cc4c(cc32)CCCC4)cc1
c1ccc(Cn2ncc3cc4c(cc32)CCCCC4)cc1
c1ccc(CCn2ncc3cc4c(cc32)CCCCC4)cc1
c1ccc(CCCn2ncc3cc4c(cc32)CCCCC4)cc1
c1ccc(CCCn2ncc3cc4c(cc32)CCCCC4)cc1
c1ccc(CCCn2ncc3cc4c(cc32)CCCC4)cc1
c1ccc(CCC2CCCc3cc4[nH]ncc4cc32)cc1
c1ccc(CC2CCCc3cc4[nH]ncc4cc32)cc1
c1ccc(CC2CCCc3cc4[nH]ncc4cc32)cc1
c1ccc(CC2CCCc3cc4[nH]ncc4cc32)cc1
O=C(NCCCC1CCCc2cc3[nH]ncc3cc21)c1ccccc1
O=C(NCCCC1CCCc2cc3[nH]ncc3cc21)c1ccccc1
O=C(NCCCC1CCCc2cc3[nH]ncc3cc21)c1ccccc1
O=C(NCCCC1CCCc2cc3[nH]ncc3cc21)c1ccccc1
O=C(NCCCC1CCCc2cc3[nH]ncc3cc21)c1ccccc1
O=C(NCCCC1CCCc2cc3[nH]ncc3cc21)c1ccccc1
O=C(NCCCC1CCCc2cc3[nH]ncc3cc21)c1ccccc1
O=C(NCCCC1CCCc2cc3[nH]ncc3cc21)c1ccccc1
O=C(NCCCC1CCCc2cc3[nH]ncc3cc21)c1ccccc1
O=C(NCCCC1CCCc2c1ccc1[nH]ncc21)c1ccccc1
O=C(NCCCC1CCCc2c1ccc1[nH]ncc21)c1ccccc1
O=C(NCCCC1CCCc2c1ccc1[nH]ncc21)c1ccccc1
O=C(NCCCC1CCCc2cc3[nH]ncc3cc21)c1ccccc1
O=C(NCCCC1CCCc2cc3[nH]ncc3cc21)c1ccccc1
O=C(NCCCC1CCCc2cc3[nH]ncc3cc21)c1ccccc1
O=C(NCCCC1CCCc2cc3[nH]ncc3cc21)c1ccccc1
O=C(NCCCC1CCCc2cc3[nH]ncc3cc21)c1ccccc1
O=C(NCCCC1CCCc2cc3[nH]ncc3cc21)c1ccccc1
O=C(NCCCC1CCCc2cc3[nH]ncc3cc21)c1ccccc1
O=C(NCCCC1CCCc2cc3[nH]ncc3cc21)c1ccccc1
O=C(NCCCC1CCCc2cc3[nH]ncc3cc21)c1ccccc1
O=C(NCCCC1CCCc2cc3[nH]ncc3cc21)c1ccccc1
O=C(NCCCC1CCCc2cc3[nH]ncc3cc21)c1ccccc1
O=C(NCCCC1CCCc2cc3[nH]ncc3cc21)c1ccccc1
O=C(NCCCC1CCCc2cc3[nH]ncc3cc21)c1ccccc1
O=C(NCCCC1CCCc2cc3[nH]ncc3cc21)c1ccccc1
O=C(NCCCC1CCCc2cc3[nH]ncc3cc21)c1ccccc1
O=C(NCCCC1CCCc2cc3[nH]ncc3cc21)c1ccccc1
O=C(NCCCC1CCCc2cc3[nH]ncc3cc21)c1ccccc1
O=C(NCCCC1CCCc2cc3[nH]ncc3cc21)c1ccccc1
O=C(NCCCC1CCCc2cc3[nH]ncc3cc21)c1ccccc1
O=C(NCCCC1CCCc2cc3[nH]ncc3cc21)c1ccccc1
O=C(NCCCC1CCCc2cc3[nH]ncc3cc21)c1ccccc1
O=C(NCCCC1CCCc2cc3[nH]ncc3cc21)c1ccccc1
O=C(NCCCC1CCCc2cc3[nH]ncc3cc21)c1ccccc1
O=C(NCCCC1CCCc2cc3[nH]ncc3cc21)c1ccccc1
O=C(NCCCC1CCCc2cc3[nH]ncc3cc21)c1ccccc1
O=C(NCCCC1CCCc2cc3[nH]ncc3cc21)c1ccccc1
O=C(NCCCC1CCCc2cc3[nH]ncc3cc21)c1ccccc1
O=C(NCCCC1CCCc2cc3[nH]ncc3cc21)c1ccccc1
O=C(NCCCC1CCCc2cc3[nH]ncc3cc21)c1ccccc1
O=C(NCCCC1CCCc2cc3[nH]ncc3cc21)c1ccccc1
O=C(NCCCC1CCCc2cc3[nH]ncc3cc21)c1ccccc1
O=C(NCCCC1CCCc2cc3[nH]ncc3cc21)c1ccccc1
O=C(NCCCC1CCCc2cc3[nH]ncc3cc21)c1ccccc1
O=C(NCCCC1CCCc2cc3[nH]ncc3cc21)c1ccccc1
O=C(NCCCC1CCCc2cc3[nH]ncc3cc21)c1ccccc1
O=C(NCCCC1CCCc2cc3[nH]ncc3cc21)c1ccccc1
O=C(NCCCC1CCCc2cc3[nH]ncc3cc21)c1ccccc1
O=C(NCCCC1CCCc2cc3[nH]ncc3cc21)c1ccccc1
O=C(NCCCC1CCCc2cc3[nH]ncc3cc21)c1ccccc1
O=C(NCCCC1CCCc2cc3[nH]ncc3cc21)c1ccccc1
O=C(NCCCC1CCCc2cc3[nH]ncc3cc21)c1ccccc1
O=C(NCCCC1CCCc2cc3[nH]ncc3cc21)c1ccccc1
O=C(NCCCC1CCCc2cc3[nH]ncc3cc21)c1ccccc1
O=C(NCCCC1CCCc2cc3[nH]ncc3cc21)c1ccccc1
O=C(NCCCC1CCCc2cc3[nH]ncc3cc21)c1ccccc1
O=C(NCCCC1CCCc2cc3[nH]ncc3cc21)c1ccccc1
O=C(NCCCC1CCCc2cc3[nH]ncc3cc21)c1ccccc1
O=C(NCCCC1CCCc2cc3[nH]ncc3cc21)c1ccccc1
O=C(NCCCC1CCCc2cc3[nH]ncc3cc21)c1ccccc1
O=C(NCCCC1CCCc2cc3[nH]ncc3cc21)c1ccccc1
O=C(NCCCC1CCCc2ccc(C3=NN3)cc21)c1ccccc1
O=C(NCCCC1CCCc2ccccc21)c1cccc(C2=NN2)c1
O=C(NCCCC1CCCc2ccccc21)c1cccc(C2=NNC2)c1
O=C(NCCCC1CCCc2ccccc21)c1cccc(C2=NNC2)c1
O=C(NCCCC1CCCc2ccccc21)c1cccc2c1CNN=C2
O=C(NCCCC1CCCc2ccccc21)c1cccc2cn[nH]c12
O=C(NCCCC1CCCc2ccccc21)c1cccc2cn[nH]c12
O=C(NCCCC1CCCc2ccccc21)C1=CCc2cn[nH]c21
O=C(NCCCC1CCCc2ccccc21)C1=CCc2cn[nH]c21
O=C(Cc1ccn[nH]1)NCCCC1CCCc2ccccc21
O=C(NCCCC1CCCc2ccccc21)c1ccn[nH]1
O=C(NCCCC1CCCCc2ccccc21)c1ccn[nH]1
O=C(NCCCC1CCCCc2ccccc21)c1ccn[nH]1
O=C(NCCCC1CCCc2ccccc21)c1ccn[nH]1
O=C(NCCCC1CCCc2ccccc21)c1ccn[nH]1
O=C(NCCCC1CCCc2ccccc21)c1ccn[nH]1
O=C(NCCCC1CCCc2ccccc21)c1ccn[nH]1
O=S(=O)(NCCNc1cccc2c1cnn2-c1cccnc1)c1cnn(C2CCCC2)c1
O=S(=O)(NCCNc1cccc2c1cnn2-c1cccnc1)c1cnn(C2CCCC2)c1
O=S(=O)(Cc1cnn(C2CCCC2)c1)NCCNc1cccc2c1cnn2-c1cccnc1
O=S(=O)(Cc1cnn(C2CCCC2)c1)NCCNc1cccc(Nc2cccnc2)c1
O=S(=O)(Cc1cnn(C2CCCC2)c1)NCCNc1cccc(Nc2cccnc2)c1
O=S(=O)(Cc1cnn(C2CCCC2)c1)NCCNc1cccc(Nc2cccnc2)c1
O=S(=O)(CCCNc1cccc(Nc2cccnc2)c1)Cc1cnn(C2CCCC2)c1
O=S(=O)(CCCNc1cccc(Nc2cccnc2)c1)Cc1cnn(C2CCCC2)c1
O=S(=O)(CCCNc1cccc(Nc2cccnc2)c1)Cc1cn[nH]c1
O=S(=O)(CCCNc1cccc(Nc2ccncc2)c1)Cc1cn[nH]c1
c1cc(NCc2cc[nH]n2)cc(Nc2ccncc2)c1
c1ccc(Nc2cccc(NCc3cc[nH]n3)c2)cc1
c1ccc(Nc2cccc(NCc3cc[nH]n3)c2)cc1
c1ccc(CNc2cccc(NCc3cc[nH]n3)c2)cc1
c1ccc(CNc2cccc(NCc3cc[nH]n3)c2)cc1
c1ccc(CNc2cccc(NCc3cc[nH]c3)c2)cc1
c1ccc(CNc2cccc(NCc3cc[nH]c3)c2)cc1
c1ccc(CNc2cccc(NCc3cc[nH]c3)c2)cc1
c1ccc(CNc2cccc(NCc3cc[nH]c3)c2)cc1
c1ccc(CNc2cccc(NCc3cc[nH]c3)c2)cc1
c1ccc(CNNc2cccc(NCc3cc[nH]c3)c2)cc1
c1ccc(CNNc2cccc(NCc3cc[nH]c3)c2)cc1
c1ccc(CNNc2cccc(NCc3cc[nH]c3)c2)cc1
c1ccc(CNNc2cccc(NCc3cc[nH]c3)c2)cc1
c1ccc(CNc2cccc(NCc3cc[nH]c3)c2)cc1
c1ccc(CNc2cccc(NCc3cc[nH]c3)c2)cc1
c1ccc(CNc2cccc(NCc3cc[nH]c3)c2)cc1
c1ccc(CNc2cccc(NCc3cc[nH]c3)c2)cc1
c1ccc(CNc2cccc(NCc3ccc[nH]3)c2)cc1
c1ccc(CNc2cccc(NCc3ccc[nH]3)c2)cc1
c1ccc(CCN(Cc2ccc[nH]2)c2ccccc2)cc1
c1ccc(CN(Cc2ccc[nH]2)c2ccccc2)cc1
c1ccc(CN(Cc2ccc[nH]2)c2ccccc2)cc1
C1=CCC(CN(Cc2ccccc2)c2ccccc2)=C1
C1=CCC(CN(Cc2ccccc2)c2ccccc2)=C1
C1=CC(CN(Cc2ccccc2)c2ccccc2)=C1
C1=CC(CCN(Cc2ccccc2)c2ccccc2)=C1
C1=CC(CCN(Cc2ccccc2)c2ccccc2)=C1
C1=CC(CCCN(Cc2ccccc2)c2ccccc2)=C1
C1=CCCC(CN(Cc2ccccc2)c2ccccc2)=C1
c1ccc(CN(Cc2ccccc2)c2ccccc2)cc1
c1ccc(CN(Cc2ccccc2)c2ccccc2)cc1
c1ccc(CN(Cc2ccccc2)c2ccccc2)cc1
c1ccc(CN(Cc2ccccc2)c2ccccc2)cc1
c1ccc(CN(Cc2ccccc2)c2ccccc2)cc1
c1ccc(CN(Cc2ccccc2)c2ccccc2)cc1
c1ccc(CN(Cc2ccccc2)c2ccccc2)cc1
c1ccc(CN(Cc2ccccc2)c2ccccc2)cc1
c1ccc(CN(Cc2ccccc2)c2ccccc2)cc1
c1ccc(CN(Cc2ccccc2)c2ccccc2)cc1
c1ccc(CN(Cc2ccccc2)c2ccccc2)cc1
c1ccc(CN(Cc2ccccc2)c2ccccc2)cc1
c1ccc(CN(Cc2ccccc2)c2ccccc2)cc1
c1ccc(CN(Cc2ccccc2)c2ccccc2)cc1
c1ccc(CN(Cc2ccccc2)c2ccccc2)cc1
c1ccc(CN(Cc2ccccc2)c2ccccc2)cc1
c1ccc(CN(Cc2ccccc2)c2ccccc2)cc1
c1ccc(CN(Cc2ccccc2)c2ccccc2)cc1
c1ccc(CN(Cc2ccccc2)c2ccccc2)cc1
c1ccc(CN(Cc2ccccc2)c2ccccc2)cc1
c1ccc(CN(Cc2ccccc2)c2ccccc2)cc1
c1ccc(CN(Cc2ccccc2)c2ccccc2)cc1
O=S(=O)(NCCNc1cccc2c1cnn2-c1cccnc1)c1cnn(C2CCCC2)c1
O=S(=O)(NCCNc1cccc2c1cnn2-c1cccnc1)c1cnn(C2CCCC2)c1
O=S(=O)(NCCNc1cccc2c1cnn2-c1cccnc1)c1cnn(C2CCCC2)c1
O=S(=O)(NCCNc1ccc2cnn(-c3cccnc3)c2c1)c1cnn(C2CCCC2)c1
O=S(NCCNc1ccc2cnn(-c3cccnc3)c2c1)c1cnn(C2CCCC2)c1
O=S(NCCOc1ccc2cnn(-c3cccnc3)c2c1)c1cnn(C2CCCC2)c1
O=S(NCCOc1ccc2cnn(-c3cccnc3)c2c1)c1cnn(C2CCCC2)c1
O=C(NCCOc1ccc2cnn(-c3cccnc3)c2c1)c1cnn(C2CCCC2)c1
O=C(NCCOc1ccc2cnn(-c3ccccc3)c2c1)c1cnn(C2CCCC2)c1
O=C(NCCOc1ccc2cnn(-c3ccccc3)c2c1)c1cnn(C2CCCC2)c1
O=C(NCCOc1ccc2c(cnn2-c2ccccc2)c1)c1cnn(C2CCCC2)c1
O=C(NCCOc1ccc2c(cnn2-c2ccccc2)c1)C1C=NN1C1CCCC1
O=C(CNC1CCCC1)NCCOc1ccc2c(cnn2-c2ccccc2)c1
O=C(CNC1CCCC1)NCCOc1ccc2c(cnn2-c2ccccc2)c1
O=C(CNC1CCCCC1)NCCOc1ccc2c(cnn2-c2ccccc2)c1
O=C(CNC1CCCCC1)NCCOc1ccc2c(cnn2-c2ccccc2)c1
O=C(CNC1CCCCC1)NCCOc1ccc2c(cnn2-c2ccccc2)c1
O=C(CNC1CCCC1)NCCOc1ccc2c(cnn2-c2ccccc2)c1
O=C(CNC1CCCN1)NCCOc1ccc2c(cnn2-c2ccccc2)c1
O=C(CNC1CCCN1)NCCOc1ccc2c(cnn2-c2ccccc2)c1
O=C(CNC1CCCN1)NCCOc1ccc2c(cnn2-c2ccccc2)c1
O=C(CNC1CCCN1)NCCOc1ccc2c(cnn2-c2ccccc2)c1
O=C(CNC1CCCN1)NCCOc1ccc2c(cnn2-c2ccccc2)c1
O=C(CNC1CCCN1)NCCOc1ccc2c(cnn2-c2ccccc2)c1
O=C(CNC1CCCN1)NCCOc1ccc2c(cnn2-c2ccccc2)c1
O=C(CNC1CCCN1)NCCOc1ccc2c(cnn2-c2ccccc2)c1
O=C(CC=CN1CCCC1)NCCOc1ccc2c(cnn2-c2ccccc2)c1
O=C(CC=CN1CCCC1)NCCOc1ccc2c(cnn2-c2ccccc2)c1
O=C(CC=CN1CCCC1)NCCOc1ccc2c(cnn2-c2ccccc2)c1
O=C(CC=CN1CCCC1)NCCOc1ccc2c(cnn2-c2ccccc2)c1
O=C(CC=CN1CCCC1)NCCOc1ccc2c(cnn2-c2ccccc2)c1
O=C(CC=CN1CCCC1)NCCOc1ccc2c(cnn2-c2ccccc2)c1
O=C(CC=CN1CCCC1)NCCOc1ccc2c(cnn2-c2ccccc2)c1
C(=CN1CCCC1)COc1ccc2c(cnn2-c2ccccc2)c1
C(=CN1CCCC1)COc1ccc2c(cnn2-c2ccccc2)c1
C(=CN1CCCCC1)COc1ccc2c(cnn2-c2ccccc2)c1
C(=CN1CCCCC1)COc1ccc2c(cnn2-c2ccccc2)c1
C(=CN1CCCCC1)COc1ccc2c(cnn2-c2ccccc2)c1
C(=CN1CCCC1)COc1ccc2c(cnn2-c2ccccc2)c1
C(=CN1CCCC1)COc1ccc2c(cnn2-c2ccccc2)c1
C(=CN1CCCC1)COc1ccc2c(cnn2-c2ccccc2)c1
C(=CN1CCCCC1)COc1ccc2c(cnn2-c2ccccc2)c1
C(=CN1CCCCC1)COc1ccc2c(cnn2-c2ccccc2)c1
C(=CN1CCCCC1)COc1ccc2c(cnn2-c2ccccc2)c1
C(=CN1CCCC1)COc1ccc2c(cnn2-c2ccccc2)c1
C(=CN1CCCC1)COc1ccc2c(cnn2-c2ccccc2)c1
C(=CN1CCCC1)COc1ccc2c(cnn2-c2ccccc2)c1
C(=CN1CCCC1)COc1ccc2c(cnn2-c2ccccc2)c1
C(=CN1CCCC1)COc1ccc2c(cnn2-c2ccccc2)c1
C(=CN1CCCC1)COc1ccc2c(cnn2-c2ccccc2)c1
C(=CN1CCCC1)CCCOc1ccc2c(cnn2-c2ccccc2)c1
C(=CN1CCCC1)CCCOc1ccc2c(cnn2-c2ccccc2)c1
C(=CN1CCCC1)CCCOc1ccc2c(cnn2-c2ccccc2)c1
C(=CN1CCCC1)CCCOc1ccc2c(cnn2-c2ccccc2)c1
C(=CN1CCCC1)CCCOc1ccc2c(cnn2-c2ccccc2)c1
C(=CN1CCCC1)CCCOc1ccc2c(cnn2-c2ccccc2)c1
C(=CN1CCCC1)CCCOc1ccc2c(cnn2-c2ccccc2)c1
C=C(CCCOc1ccc2c(cnn2-c2ccccc2)c1)N1CCCC1
C=C(CCOc1ccc2c(cnn2-c2ccccc2)c1)N1CCCC1
C=C(CCOc1ccc2c(cnn2-c2ccccc2)c1)N1CCCC1
C=C(CCOc1ccc2c(cnn2-c2ccccc2)c1)N1CCCC1
C=C(CCOc1ccc2c(cnn2-c2ccccc2)c1)N1CCCC1
C=C(COc1ccc2c(cnn2-c2ccccc2)c1)N1CCCC1
C=C(COc1ccc2c(cnn2-c2ccccc2)c1)N1CCCC1
C=C(COc1ccc2c(cnn2-c2ccccc2)c1)N1CCCC1
C=C(COc1ccc2c(cnn2-c2ccccc2)c1)N1CCCC1
C=C(COc1ccc2c(cnn2-c2ccccc2)c1)N1CCCC1
C=C(COc1ccc2c(cnn2-c2ccccc2)c1)N1CCCC1
C=C(COc1ccc2c(cnn2-c2ccccc2)c1)N1CCCC1
C=C(COc1ccc2c(cnn2-c2ccccc2)c1)N1CCCC1
C=C(COc1ccc2c(cnn2-c2ccccc2)c1)N1CCCC1
C=C(COc1ccc2c(cnn2-c2ccccc2)c1)N1CCCC1
C=C(COc1ccc2c(cnn2-c2ccccc2)c1)N1CCCC1
C=C(COc1ccc2c(cnn2-c2ccccc2)c1)N1CCCC1
C=C(COc1ccc2c(cnn2-c2ccccc2)c1)N1CCCC1
C=C(COc1ccc2c(cnn2-c2ccccc2)c1)N1CCCC1
C=C(COc1ccc2c(cnn2-c2ccccc2)c1)N1CCCC1
C=C(COc1ccc2c(cnn2-c2ccccc2)c1)N1CCCC1
C=C(COc1ccc2c(cnn2-c2ccccc2)c1)N1CCCC1
O=C(COc1ccc2c(cnn2-c2ccccc2)c1)N1CCCC1
O=C(COc1ccc2c(cnn2-c2ccccc2)c1)N1CCCC1
O=C(COc1ccc2c(cnn2-c2ccccc2)c1)N1CCCC1
O=C(COc1ccc2c(cnn2-c2ccccc2)c1)N1CCCC1
O=C(COc1ccc2c(cnn2-c2ccccc2)c1)N1CCCC1
O=C(COc1ccc2c(cnn2-c2ccccc2)c1)N1CCCC1
O=C(COc1ccc2c(cnn2-c2ccccc2)c1)N1CCCC1
O=C(COc1ccc2c(cnn2-c2ccccc2)c1)N1CCCC1
O=C(COc1ccc2c(cnn2-c2ccccc2)c1)N1CCCC1
O=C(COc1ccc2c(cnn2-c2ccccc2)c1)N1CCCC1
O=C(COc1ccc2c(cnn2-c2ccccc2)c1)N1CCCC1
O=C(c1cccc(-n2ncc3ccccc32)c1)N1CCCC1
O=C(c1cccc(-n2ncc3ccccc32)c1)N1CCCC1
O=C(c1cccc(-n2ncc3ccccc32)c1)N1CCCC1
O=C(c1cccc(-n2ncc3ccccc32)c1)N1CCCC1
O=C(c1cccc(-n2ncc3ccccc32)c1)N1CCC1
O=C(c1cccc(-n2ncc3ccccc32)c1)N1CCC1
O=C(c1cccc(-n2ncc3ccccc32)c1)N1CCCC1
O=C(c1cccc(-n2ncc3ccccc32)c1)N1CCCC1
O=C(c1cccc(-n2ncc3ccccc32)c1)N1CCCC1
O=C(c1cccc(-n2ncc3ccccc32)c1)N1CCCC1
O=C(c1cccc(-n2ncc3cc(OCC4=CCC4)ccc32)c1)N1CCCC1
O=C(c1cccc(-n2ncc3cc(OCC4=CCC4)ccc32)c1)N1CCCC1
O=C(c1cccc(-n2ncc3cc(OCC4=CC4)ccc32)c1)N1CCCC1
O=C(c1cccc(-n2ncc3cc(OCC4=CC4)ccc32)c1)N1CCCCC1
O=C(c1cccc(-n2ncc3cc(OCC4=C5CCC54)ccc32)c1)N1CCCCC1
O=C(c1cccc(-n2ncc3cc(OCC4=C5CCC54)ccc32)c1)N1CCCCC1
O=C(c1cccc(-n2ncc3cc(OCC4=CC4)ccc32)c1)N1CCCCC1
O=C(c1cccc(-n2ncc3cc(OCC4=CC4)ccc32)c1)N1CCCCC1
C=C1C=C1COc1ccc2c(cnn2-c2cccc(C(=O)N3CCCCC3)c2)c1
O=C(c1cccc(-n2ncc3cc(OCC4=C5CC=C54)ccc32)c1)N1CCCCC1
O=C(c1cccc(-n2ncc3cc(OCC4=C5CC=C54)ccc32)c1)N1CCCCC1
O=C(c1cccc(-n2ncc3cc(OCC4=C5CC=C54)ccc32)c1)N1CCCC1
O=C(c1cccc(-n2ncc3cc(OCC4=C5CC=C54)ccc32)c1)N1CCCC1
O=C(c1cccc(-n2ncc3cc(OCC4=C5CCC=C54)ccc32)c1)N1CCCC1
O=C(c1cccc(-n2ncc3cc(OCC4=CCCC=C4)ccc32)c1)N1CCCC1
O=C(c1cccc(-n2ncc3cc(OCc4ccccc4)ccc32)c1)N1CCCC1
O=C(c1cccc(-n2ncc3cc(OCc4ccccc4)ccc32)c1)N1CCCC1
O=C(c1cccc(-n2ncc3cc(OCc4ccccc4)ccc32)c1)N1CCCC1
O=S(=O)(NCCNc1cccc2c1cnn2-c1cccnc1)c1cnn(C2CCCC2)c1
O=S(=O)(NCCNc1cccc2c1cnn2-c1cccnc1)c1cnn(C2CCCC2)c1
O=S(=O)(NCCNc1cccc2c1CNN2c1cccnc1)c1cnn(C2CCCC2)c1
O=S(=O)(NCCNc1cccc2c1CNN2c1cccnc1)c1cnn(C2CCCC2)c1
O=S(=O)(NCCNc1cccc2c1CNC2c1cccnc1)c1cnn(C2CCCC2)c1
O=S(=O)(NCCNc1cccc2c1CNC2c1ccccc1)c1cnn(C2CCCC2)c1
O=S(=O)(NCCNc1cccc2c1CNC2c1ccccc1)c1cnn(C2CCCC2)c1
O=S(=O)(NCCNc1cccc2c1CNC2c1ccccc1)c1cnn(C2CCCC2)c1
O=S(=O)(NCCNc1cccc2c1CNC2c1ccccc1)c1cnn(C2CCCC2)c1
O=S(=O)(NCCNc1cccc2c1CCC2c1ccccc1)c1cnn(C2CCCC2)c1
O=S(=O)(NCCNc1cccc2c1NCCC2c1ccccc1)c1cnn(C2CCCC2)c1
O=S(=O)(NCC1CCNc2c(Cc3ccccc3)cccc2N1)c1cnn(C2CCCC2)c1
O=S(=O)(NCC1CCNc2c(cccc2-c2ccccc2)N1)c1cnn(C2CCCC2)c1
O=S(=O)(NC1CCNc2c(cccc2-c2ccccc2)N1)c1cnn(C2CCCC2)c1
O=S(=O)(NC1CCNc2c(cccc2-c2ccccc2)N1)c1cnn(C2CCCC2)c1
O=S(=O)(NC1CCNc2c(cccc2-c2ccccc2)N1)c1cnn(C2CCC2)c1
O=S(=O)(NC1CCNc2c(cccc2-c2ccccc2)N1)c1cnn(C2CCC2)c1
O=S(=O)(NC1CCNc2c(cccc2-c2ccccc2)N1)c1cnn(C2CCC2)c1
O=S(=O)(NC1CCNc2c(cccc2-c2ccccc2)N1)c1cnn(C2CC2)c1
O=S(=O)(NC1CCNc2c(cccc2-c2ccccc2)N1)c1cn[nH]c1
O=S(=O)(NC1CCNc2c(cccc2-c2ccccc2)N1)c1cn[nH]c1
O=S(=O)(NCC1CCNc2c(cccc2-c2ccccc2)N1)c1cn[nH]c1
O=S(=O)(NCC1CCNc2c(cccc2-c2ccccc2)N1)c1cn[nH]c1
O=S(=O)(NCC1CCNc2c(cccc2-c2ccccc2)N1)c1cc[nH]c1
O=S(=O)(NCC1CCNc2c(cccc2-c2ccccc2)N1)c1cc[nH]c1
O=S(=O)(NCC1CCNc2c(cccc2-c2ccccc2)N1)c1cc[nH]c1
O=S(=O)(NCC1CCNc2c(cccc2-c2ccccc2)N1)c1cc[nH]c1
O=S(=O)(NCC1CCNc2c(cccc2-c2ccccc2)NC1)c1cc[nH]c1
O=S(=O)(NCC1CCNc2c(cccc2-c2ccccc2)NC1)c1cc[nH]c1
O=S(=O)(NC1CCNc2c(cccc2-c2ccccc2)NC1)c1cc[nH]c1
O=S(=O)(NC1CCNc2c(cccc2-c2ccccc2)NC1)c1cc[nH]c1
O=S(=O)(NC1CCNc2c(cccc2-c2ccccc2)N1)c1cc[nH]c1
O=S(=O)(NC1CCNc2c(cccc2-c2ccccc2)C1)c1cc[nH]c1
O=S(=O)(Nc1cc2c(c(-c3ccccc3)c1)NCCCC2)c1cc[nH]c1
O=S(=O)(Nc1cc2c(c(-c3ccccc3)c1)NCCCC2)c1cc[nH]c1
O=S(=O)(Nc1cc2c(c(-c3ccccc3)c1)NCCCCC2)c1cc[nH]c1
O=S(=O)(NCc1cc2c(c(-c3ccccc3)c1)NCCCCC2)c1cc[nH]c1
O=S(=O)(NCc1cc2c(c(-c3ccccc3)c1)NCCCC2)c1cc[nH]c1
O=S(=O)(NCc1cc2c(c(-c3ccccc3)c1)NCCC2)c1cc[nH]c1
O=S(=O)(NCc1cc2c(c(-c3ccccc3)c1)NCCC2)C1=CNC1
O=S(=O)(Nc1cc2c(c(-c3ccccc3)c1)NCCC2)C1=CNC1
O=S(=O)(Nc1cc2c(c(-c3ccccc3)c1)NCCC2)C1CN1
c1ccc(-c2cccc3c2NCCC3)cc1
c1ccc(-c2cccc3c2NCCC3)cc1
c1ccc(-c2cccc3c2NCCC3)cc1
c1ccc(-c2cccc3c2NCCC3)cc1
c1ccc(-c2cccc3c2NCCC3)cc1
c1ccc(-c2cccc3c2NCCC3)cc1
c1ccc(-c2cccc3c2NCCC3)cc1
c1ccc(-c2cccc3c2NCCC3)cc1
c1ccc(-c2cccc3c2NCCC3)cc1
c1ccc(-c2cccc3c2NCCC3)cc1
c1ccc(-c2cccc3c2NCCC3)cc1
c1ccc(-c2cccc3c2NCCC3)cc1
c1ccc(-c2cccc3c2NCCC3)cc1
c1ccc(-c2cccc3c2NCCC3)cc1
c1ccc(-c2cccc3c2NCCC3)cc1
c1ccc(-c2cccc3c2NCCC3)cc1
c1ccc(-c2ccc3c(c2)CCCN3)cc1
c1ccc(-c2ccc3c(c2)CCCN3)cc1
c1ccc(-c2ccc3c(c2)CCCN3)cc1
c1ccc(-c2ccc3c(c2)CCCN3)cc1
c1ccc(-c2ccc3c(c2)CCCN3)cc1
c1ccc(-c2ccc3c(c2)CCCN3)cc1
c1ccc(-c2ccc3c(c2)CCCN3)cc1
c1ccc(-c2ccc3c(c2)CCCN3)cc1
c1ccc(-c2ccc3c(c2)CCCN3)cc1
c1ccc(-c2ccc3c(c2)CCCN3)cc1
c1ccc(-c2ccc3c(c2)CCCN3)cc1
c1ccc(-c2ccc3c(c2)CCCN3)cc1
c1ccc(-c2ccc3c(c2)CCCN3)cc1
c1ccc(-c2ccc3c(c2)CCCN3)cc1
c1ccc(-c2ccc3c(c2)CCCN3)cc1
c1ccc(-c2ccc3c(c2)CCCN3)cc1
c1ccc(-c2ccc3c(c2)CCCN3)cc1
c1ccc(-c2ccc3c(c2)CCCN3)cc1
c1ccc(-c2ccc3c(c2)CCCN3)cc1
c1ccc(-c2ccc3c(c2)CCCN3)cc1
c1ccc(-c2ccc3c(c2)CCCN3)cc1
c1ccc(-c2ccc3c(c2)CCCN3)cc1
c1ccc(-c2ccc3c(c2)CCCN3)cc1
c1ccc(-c2ccc3c(c2)CCCN3)cc1
c1ccc(-c2ccc3c(c2)CCCN3)cc1
c1ccc(-c2ccc3c(c2)CCCN3)cc1
c1ccc(-c2ccc3c(c2)CCCN3)cc1
c1ccc(-c2ccc3c(c2)CCCN3)cc1
c1ccc(-c2ccc3c(c2)CCCN3)cc1
c1ccc(-c2ccc3c(c2)CCCN3)cc1
c1ccc(-c2ccc3c(c2)CCCN3)cc1
c1ccc(-c2ccc3c(c2)CCCN3)cc1
c1ccc(-c2ccc3c(c2)CCCN3)cc1
c1ccc(-c2ccc3c(c2)CCCN3)cc1
c1ccc(-c2ccc3c(c2)CCCN3)cc1
C(=C1NN1)c1ccccc1-c1ccc2c(c1)CCCN2
c1ccc(-c2ccc3c(c2)CCCN3)cc1
c1ccc(-c2ccc3c(c2)CCCN3)cc1
c1ccc(-c2ccc3c(c2)CCCN3)cc1
c1ccc(-c2ccc3c(c2)CCCN3)cc1
c1ccc(-c2ccc3c(c2)CCCN3)cc1
c1ccc(-c2ccc3c(c2)CCCN3)cc1
c1ccc(-c2ccc3c(c2)CCCN3)cc1
c1ccc(-c2ccc3c(c2)CCCN3)cc1
c1ccc(-c2ccc3c(c2)CCCN3)cc1
C=C1NC1=Cc1ccccc1-c1ccc2c(c1)CCCN2
c1ccc(-c2ccc3c(c2)CCCN3)cc1
c1ccc(-c2ccc3c(c2)CCCN3)cc1
c1ccc(-c2ccc3c(c2)CCCN3)cc1
c1ccc(-c2ccc3c(c2)CCCN3)cc1
C1=CC1Cc1ccccc1-c1ccc2c(c1)CCCN2
C1=CC1=Cc1ccccc1-c1ccc2c(c1)CCCN2
C1=CC1=Cc1ccccc1-c1ccc2c(c1)CCCN2
c1ccc2c(-c3ccc4c(c3)CCCN4)cccc2c1
c1ccc2c(-c3ccc4c(c3)CCCN4)cccc2c1
c1ccc2c(-c3ccc4c(c3)CCCN4)cccc2c1
c1ccc2c(-c3ccc4c(c3)CCCN4)cccc2c1
c1ccc2c(-c3ccc4c(c3)CCCN4)cccc2c1
c1ccc2c(-c3ccc4c(c3)CCCN4)c3cc-3c2c1
C1=C(c2ccc3c(c2)CCCN3)c2ccccc2C1
C1=C(c2ccc3c(c2)CCCN3)c2ccccc21
C1=C(c2ccc3c(c2)CCCN3)c2ccccc21
c1ccc2c(-c3ccc4c(c3)CCCN4)c[nH]c2c1
c1ccc2c(-c3ccc4c(c3)CCCN4)c[nH]c2c1
O=S(=O)(NCCNc1cccc2c1cnn2-c1cccnc1)c1cnn(C2CCCC2)c1
O=S(=O)(NCNc1cccc2c1cnn2-c1cccnc1)c1cnn(C2CCCC2)c1
O=S(=O)(NCNc1cccc2c1cnn2-c1ccccc1)c1cnn(C2CCCC2)c1
O=S(=O)(NCNc1cccc2c1cnn2-c1ccccc1)c1cnn(C2CCCC2)c1
O=S(=O)(NCNc1cccc2c1cnn2-c1ccccc1)C1C=NN1C1CCCC1
O=S(=O)(NCNc1cccc2c1cnn2-c1ccccc1)C1C=NN1C1CCCC1
O=S(=O)(NCNc1cccc2c1cnn2-c1ccccc1)C1C=NN1C1CCC1
O=S(=O)(CCNc1cccc2c1cnn2-c1ccccc1)C1C=NN1C1CCC1
O=S1(=O)C(CNc2cccc3c2cnn3-c2ccccc2)=CC1NC1CCC1
O=S1C(CNc2cccc3c2cnn3-c2ccccc2)=CC1NC1CCC1
C1=C(CNc2cccc3c2cnn3-c2ccccc2)SC1NC1CCC1
c1ccc(-n2ncc3c(NCC4=C5CCCCNC5S4)cccc32)cc1
c1ccc(-n2ncc3c(NCC4=C5CCCCNC5S4)cccc32)cc1
C1=C2CCCC(CCNc3cccc4c3cnn4-c3ccccc3)NC2S1
C1=C2CCCC(CNc3cccc4c3cnn4-c3ccccc3)NC2S1
C1=C2CCCC(CNc3cccc4c3cnn4-c3ccccc3)NC2SC1
C1=C2CCCC(CNc3cccc4c3cnn4-c3ccccc3)CC2SC1
C1=C2CCCC(CCc3cccc4c3cnn4-c3ccccc3)CC2SC1
C1=C2CCCC(Cc3cccc4c3cnn4-c3ccccc3)CC2SC1
C1=C2CCCC(Cc3cccc4c3cnn4-c3ccccc3)CC2SC1
C1=C2CCCC(Cc3cccc4c3cnn4-c3ccccc3)C2SC1
C1=C2CCCC(Cc3cccc4c3cnn4-c3ccccc3)C2SC1
C1=C2CCCC(Cc3cccc4c3cnn4-c3ccccc3)C2CC1
C1=C2CCCC(Cc3cccc4c3cnn4-c3ccccc3)C2CC1
C1=C2CCCC(Cc3cccc4c3cnn4-c3ccccc3)C2CCC1
C1=C2CCCC(Cc3ccc4cnn(-c5ccccc5)c4c3)C2CCC1
C1=C2CCCC(Cc3ccc4cnn(-c5ccccc5)c4c3)C2CC1
C1=C2CCCC(Cc3ccc4cnn(-c5ccccc5)c4c3)C2CC1
C1=C2CCCC(Cc3ccc4cnn(-c5ccccc5)c4c3)C2CC1
C1=C2CCCC(Cc3ccc4cnn(-c5ccccc5)c4c3)C2C1
C1=C2CCCC(Cc3ccc4cnn(-c5ccccc5)c4c3)C2C1
C1=C2CCCC(Cc3ccc4cnn(-c5ccccc5)c4c3)C2C1
C1=C2CCCCC(Cc3ccc4cnn(-c5ccccc5)c4c3)C2C1
C1=C(CC2CCCCC3=CCC32)Cc2cnn(-c3ccccc3)c21
C1=C(CC2CCCCC3=CCC32)CCc2cnn(-c3ccccc3)c21
C1=C(CC2CCCCC3=CC32)CCc2cnn(-c3ccccc3)c21
C1=C(CC2CCCCC3=CC32)CCCc2cnn(-c3ccccc3)c21
C1=C(CC2CCCCC3=CC32)CCCCc2cnn(-c3ccccc3)c21
C1=C(CC2CCCCC3=CC32)OCCCc2cnn(-c3ccccc3)c21
C1=C(CC2CCCCC3=CC32)OCCc2cnn(-c3ccccc3)c21
C1=C(CC2CCCCC3=CC32)OCCc2cnn(-c3ccccc3)c21
C1=C(CC2CCCC3=CC32)OCCc2cnn(-c3ccccc3)c21
C1=C(CC2CCCC3=CC3C2)OCCc2cnn(-c3ccccc3)c21
C1=C(CC2CCCC3=CC3C2)OCc2cnn(-c3ccccc3)c21
C1=C(CC2CCCC3=CC32)OCc2cnn(-c3ccccc3)c21
C=C1CCCC(CC2=Cc3c(cnn3-c3ccccc3)CO2)C1
C=C1CCCC(CC2=Cc3c(cnn3-c3ccccc3)COC2)C1
C=C1CCCC(CC2=Cc3c(cnn3-c3ccccc3)COC2)C1
C=C1CCCC(CC2=Cc3c(cnn3-c3ccccc3)CO2)C1
C=C1CCCC(CC2=Cc3c(cnn3-c3ccccc3)CC2)C1
C=C1CCCC(CC2=Cc3c(cnn3-c3ccccc3)C2)C1
C=C1CCCC(CCC2=Cc3c(cnn3-c3ccccc3)C2)C1
C=C1CCCCC1CC1=Cc2c(cnn2-c2ccccc2)C1
C=C1CCCCC1C1=Cc2c(cnn2-c2ccccc2)C1
C=C1CCCCC(C2=Cc3c(cnn3-c3ccccc3)C2)C1
C=C1CCCCC(C2=Cc3c(cnn3-c3ccccc3)CC2)C1
C=C1CCCCCC(C2=Cc3c(cnn3-c3ccccc3)CC2)C1
C=C1CCCCCC(C2=Cc3c(cnn3-c3ccccc3)CCC2)C1
C=C1CCCCCC(C2=Cc3c(cnn3-c3ccccc3)CCC2)C1
C=C1CCCCCC(C2=Cc3c(cnn3-c3ccccc3)CCC2)C1
C=C1CCCCCC(C2=Cc3c(cnn3-c3ccccc3)CCC2)C1
C=C1CCCCCC(C2=Cc3c(cnn3-c3ccccc3)CCC2)C1
C=C1CCCCCC(C2=Cc3c(cnn3-c3ccccc3)CCC2)C1
C=C1CCCCC(C2=Cc3c(cnn3-c3ccccc3)CCC2)C1
C=C1CCCCC(C2=Cc3c(cnn3-c3ccccc3)CCC2)C1
C=C1CCCCC(C2=Cc3c(cnn3-c3ccccc3)CCC2)C1
C=C1CCCCC(C2=Cc3c(cnn3-c3ccccc3)CCC2)C1
C=C1CCCCC(C2=Cc3c(cnn3-c3ccccc3)CC2)C1
C=C1CCCCC(C2=Cc3c(cnn3-c3ccccc3)CC2)C1
C=C1CCCCC(C2=Cc3c(cnn3-c3ccccc3)CC2)C1
C=C1CCCCC(C2=Cc3c(cnn3-c3ccccc3)CC2)C1
C=C1CCCCC(C2=Cc3c(cnn3-c3ccccc3)CC2)C1
N=C1CCCCC(C2=Cc3c(cnn3-c3ccccc3)CC2)C1
O=C1CCCCC(C2=Cc3c(cnn3-c3ccccc3)CC2)C1
O=C1CCCCCC(C2=Cc3c(cnn3-c3ccccc3)CC2)C1
O=C1CCCCCC(C2=Cc3c(cnn3-c3ccccc3)CCC2)C1
O=C1CCCCCC(C2=Cc3c(cnn3-c3ccccc3)CCC2)C1
O=C1CCCCCC(C2=Cc3c(cnn3-c3ccccc3)CCC2)C1
O=C1CCCCC(C2=Cc3c(cnn3-c3ccccc3)CCC2)C1
O=C1CCCCC(C2=Cc3c(cnn3-c3ccccc3)CCC2)C1
O=C1CCCCC(C2=Cc3c(cnn3-c3ccccc3)CCC2)C1
O=C1CCCCC(C2=Cc3c(cnn3-c3ccccc3)CCC2)C1
O=C1CCCCC(C2=Cc3c(cnn3-c3ccccc3)CCC2)C1
O=C1CCCCC(C2=Cc3c(cnn3-c3ccccc3)CCC2)C1
O=C1CCCCC(C2=Cc3c(cnn3-c3ccccc3)CCC2)C1
O=C1CCCCC(C2=Cc3c(cnn3-c3ccccc3)CCC2)C1
O=C1CCCCC(C2=Cc3c(cnn3-c3ccccc3)CCC2)C1
O=C1CCCCC(C2=Cc3c(cnn3-c3ccccc3)CCC2)C1
O=C1CCCCC(C2=Cc3c(cnn3-c3ccccc3)CC2)C1
O=C1CCCCC(C2=Cc3c(cnn3-c3ccccc3)CC2)C1
O=C1CCCCC(C2=Cc3c(cnn3-c3ccccc3)CC2)C1
O=C1CCCCC(C2=Cc3c(cnn3-c3ccccc3)CCC2)C1
O=C1CCCCC(C2=Cc3c(cnn3-c3ccccc3)CCC2)C1
O=C1CCCCC(C2=Cc3c(cnn3-c3ccccc3)CCC2)C1
C=C1C=C1CC1CCCC(=O)CC1C1=Cc2c(cnn2-c2ccccc2)CCC1
C=C1C=C1CC1CCCC(=O)CC1C1=Cc2c(cnn2-c2ccccc2)CCC1
O=C1CCCC(CC2=CC2)C(C2=Cc3c(cnn3-c3ccccc3)CCC2)C1
O=C1CCCC(CC2=CC2)C(C2=Cc3c(cnn3-c3ccccc3)CCCC2)C1
C1=C(CC2CCCCCC2C2=Cc3c(cnn3-c3ccccc3)CCCC2)C1
C1=C(CC2CCCCCC2C2=Cc3c(cnn3-c3ccccc3)CCCC2)C1
C1=C(CC2CCCCCC2C2=Cc3c(cnn3-c3ccccc3)CCCC2)C1
C1=C(CC2CCCCCC2C2=Cc3c(cnn3-c3ccccc3)CCCC2)C1
C1=C(CC2CCCCCC2C2=Cc3c(cnn3-c3ccccc3)CCCC2)SC1
C1=C(CC2CCCCC2C2=Cc3c(cnn3-c3ccccc3)CCCC2)SC1
C1=C(CC2CCCCC2C2=Cc3c(cnn3-c3ccccc3)CCC2)SC1
C1=C(CC2CCCCC2C2=Cc3c(cnn3-c3ccccc3)CCC2)SC1
C1=C(CC2CCCCC2C2=Cc3c(cnn3-c3ccccc3)CC2)SC1
C1=C(CC2CCCC3=Cc4c(cnn4-c4ccccc4)CCCC32)SC1
C1=C(CC2CCCC3=Cc4c(cnn4-c4ccccc4)CCC32)SC1
C1=C2CCCCC2CCc2cnn(-c3ccccc3)c21
C1=C2CCCCC2Cc2cnn(-c3ccccc3)c21
C1=C2CCCCC2Cc2cnn(-c3ccccc3)c21
C1=C2CCCCC2Cc2cnn(-c3ccccc3)c21
C1=C2CCCCC2Cc2cnn(-c3ccccc3)c21
C1=C2CCCCC2Cc2cnn(-c3ccccc3)c21
C1=C2CCCCC2Cc2cnn(-c3ccccc3)c21
C1=C2CCCCC2Cc2cnn(-c3ccccc3)c21
C1=C2CCCCC2Cc2cnn(-c3ccccc3)c21
C1=C2CCCCC2Cc2cnn(-c3ccccc3)c21
C1=C2CCCCC2Cc2cnn(-c3ccccc3)c21
C1=C2CCCCC2Cc2cnn(-c3ccccc3)c21
C1=C2CCCCC2Cc2cnn(-c3ccccc3)c21
C1=C2CCCCC2Cc2cnn(-c3ccccc3)c21
C1=C2CCCCC2Cc2cnn(-c3ccccc3)c21
C1=C2CCCCC2Cc2cnn(-c3ccccc3)c21
C1=C2CCCCC2Cc2cnn(-c3ccccc3)c21
C1=C2CCCCC2Cc2cnn(-c3ccccc3)c21
C1=C2CCCCC2Cc2cnn(-c3ccccc3)c21
C1=C2CCCCC2Cc2cnn(-c3ccccc3)c21
C1=C2CCCCC2Cc2cnn(-c3ccccc3)c21
C1=C2CCCCC2Cc2cnn(-c3ccccc3)c21
C1=C2CCCCC2Cc2cnn(-c3ccccc3)c21
C1=C2CCCCC2Cc2cnn(-c3ccccc3)c21
C1=C2CCCCC2Cc2cnn(-c3ccccc3)c21
C1=C2CCCCC2Cc2cnn(-c3ccccc3)c21
C1=C2CCCCC2Cc2cnn(-c3ccccc3)c21
C1=C2CCCCC2Cc2cnn(-c3ccccc3)c21
C1=C2CCCCC2Cc2cnn(-c3ccccc3)c21
C1=C2CCCCC2Cc2cnn(-c3ccccc3)c21
C1=C2CCCCC2Cc2cnn(-c3ccccc3)c21
C1=C2CCCCC2Cc2cnn(-c3ccccc3)c21
C1=C2CCCCC2Cc2cnn(-c3ccccc3)c21
C1=C2CCCCC2Cc2cnn(-c3ccccc3)c21
C1=C2CCCCC2Cc2cnn(-c3ccccc3)c21
C1=C2CCCCC2Cc2cnn(-c3ccccc3)c21
C1=C2CCCCC2Cc2cnn(-c3ccccc3)c21
C1=C(CC2CCCC3=Cc4c(cnn4-c4ccccc4)CC32)CN1
C1=C(CC2CCCC3=Cc4c(cnn4-c4ccccc4)CC32)CN1
C1=C(CC2CCCC3=Cc4c(cnn4-c4ccccc4)CC32)CO1
C1=C(CC2CCCC3=Cc4c(cnn4-c4ccccc4)CC32)CO1
C1=C(CC2CCCC3=Cc4c(cnn4-c4ccccc4)CC32)CO1
C1=C(CC2CCCC3=Cc4c(cnn4-c4ccccc4)CC32)CCO1
C1=C(CC2CCCC3=Cc4c(cnn4-c4ccccc4)CC32)CCO1
C1=C2CCCC(Cc3ccoc3)C2Cc2cnn(-c3ccccc3)c21
C1=C2CCCC(Cc3ccoc3)C2Cc2cnn(-c3ccccc3)c21
C1=C2CCCC(Cc3ccoc3)C2Cc2cnn(-c3ccccc3)c21
C1=C2CCCC(Cc3ccsc3)C2Cc2cnn(-c3ccccc3)c21
C1=C2CCCCC(Cc3ccsc3)C2Cc2cnn(-c3ccccc3)c21
C1=C2CCCCC(Cc3ccsc3)C2Cc2cnn(-c3ccccc3)c21
C1=C2CCCCC(Cc3ccsc3)C2Cc2cnn(-c3ccccc3)c21
C1=C2CCCCC(Cc3ccsc3)C2Cc2cnn(-c3ccccc3)c21
C1=C2CCCCC(Cc3ccsc3)C2Cc2cnn(-c3ccccc3)c21
C1=C2CCCCC(Cc3ccsc3)C2Cc2cnn(-c3ccccc3)c21
C1=C2CCCCC(Cc3ccsc3)C2Cc2cnn(-c3ccccc3)c21
C1=C2CCCCC(Cc3ccsc3)C2Cc2cnn(-c3ccccc3)c21
C1=C2CCCC(Cc3ccsc3)C2Cc2cnn(-c3ccccc3)c21
C1=C2CCCC(Cc3ccsc3)C2Cc2cnn(-c3ccccc3)c21
C1=C2CCCC(Cc3ccsc3)C2Cc2cnn(-c3ccccc3)c21
C1=C2CCCC(Cc3ccsc3)C2Cc2cnn(-c3ccccc3)c21
C1=C2CCCC(Cc3ccsc3)C2Cc2cnn(-c3ccccc3)c21
C1=C2CCCC(Cc3ccsc3)C2Cc2cnn(-c3ccccc3)c21
C1=C2CCCC(Cc3ccccc3)C2Cc2cnn(-c3ccccc3)c21
C1=C2CCCC(Cc3ccccc3)C2Cc2cnn(-c3ccccc3)c21
C1=C2CCCC(Cc3ccccc3)C2Cc2cnn(-c3ccccc3)c21
C1=C2CCCC(Cc3ccccc3)C2Cc2cnn(-c3ccccc3)c21
C1=C2CCCC(Cc3ccccc3)C2Cc2cnn(-c3ccccc3)c21
C1=C2CCCC(Cc3ccccc3)C2Cc2cnn(-c3ccccc3)c21
C1=C2CCCC(Cc3ccccc3)C2Cc2cnn(-c3ccccc3)c21
C1=C2CCCC(Cc3ccccc3)C2Cc2cnn(-c3ccccc3)c21
C1=C2CCCC(Cc3ccccc3)C2Cc2cnn(-c3ccccc3)c21
C1=C2CCCC(Cc3ccccc3)C2Cc2cnn(-c3ccccc3)c21
C1=C2CCCC(Cc3ccccc3)C2Cc2cnn(-c3ccccc3)c21
C1=C2CCCC(Cc3ccccc3)C2Cc2cnn(-c3ccccc3)c21
C1=C2CCCC(Cc3ccccc3)C2Cc2cnn(-c3ccccc3)c21
C1=C2CCCC(Cc3ccccc3)C2Cc2cnn(-c3ccccc3)c21
C1=C2CCCC(Cc3ccccc3)C2Cc2cnn(-c3ccccc3)c21
C1=C2CCCC(Cc3ccccc3)C2Cc2cnn(-c3ccccc3)c21
C1=C2CCCC(Cc3ccccc3)C2Cc2cnn(-c3ccccc3)c21
C1=C2CCCC(Cc3ccccc3)C2Cc2cnn(-c3ccccc3)c21
C1=C2CCCC(Cc3ccccc3)C2Cc2cnn(-c3ccccc3)c21
C1=C2CCCC(Cc3ccccc3)C2Cc2cnn(-c3ccccc3)c21
C1=C2CCCC(Cc3ccccc3)C2Cc2cnn(-c3ccccc3)c21
C1=C2CCCC(Cc3ccccc3)C2Cc2cnn(-c3ccccc3)c21
C1=C2CCCC(Cc3ccccc3)C2Cc2cnn(-c3ccccc3)c21
C1=C2CCCC(Cc3ccccc3)C2Cc2cnn(-c3ccccc3)c21
C1=C2CCCC(Cc3ccccc3)C2Cc2cnn(-c3ccccc3)c21
C1=C2CCCC(Cc3ccccc3)C2Cc2cnn(-c3ccccc3)c21
C1=C2CCCC(Cc3ccccc3)C2Cc2cnn(-c3ccccc3)c21
C1=C2CCCC(Cc3ccccc3)C2Cc2cnn(-c3ccccc3)c21
C1=Cc2c1cccc2CC1CCCC2=Cc3c(cnn3-c3ccccc3)CC21
C1=Cc2c1cccc2CC1CCCC2=Cc3c(cnn3-c3ccccc3)CC21
C1=C(CC2CCCC3=Cc4c(cnn4-c4ccccc4)CC32)c2ccccc21
C1=C(CC2CCCC3=Cc4c(cnn4-c4ccccc4)CC32)Cc2ccccc21
C1=C(CC2CCC3=Cc4c(cnn4-c4ccccc4)CC32)Cc2ccccc21
C1=C2CCC(Cc3cc4ccccc4s3)C2Cc2cnn(-c3ccccc3)c21
C1=C2CCCC(Cc3cc4ccccc4s3)C2Cc2cnn(-c3ccccc3)c21
O=S(=O)(NCCNc1cccc2c1cnn2-c1cccnc1)c1cnn(C2CCCC2)c1
O=S(=O)(NCCNc1cccc2c1cnn2-c1cccnc1)c1cnn(C2CCCC2)c1
O=S(=O)(NCCNc1cccc2c1cnn2-c1ccccc1)c1cnn(C2CCCC2)c1
O=S(=O)(NCCNc1cccc2c1cnn2-c1ccccc1)c1cnn(C2CCCC2)c1
O=S(=O)(NCCNc1cccc2c1cnn2-c1ccccc1)c1cnn(C2CCCC2)c1
O=S(=O)(NCCNc1cccc2c1cnn2-c1ccccc1)C1CCC(n2cccn2)C1
O=S(=O)(NCCNc1cccc2c1cnn2-c1ccccc1)C1CCCC1
O=S(=O)(NCCNc1cccc2c1cnn2-c1ccccc1)C1CCCC1
O=S(=O)(NCCNc1cccc2c1cnn2-c1ccccc1)C1CCCC1
O=S(=O)(NCCNc1cccc2c1cnn2-c1ccccc1)C1CCCC1
O=S(=O)(NCCNc1cccc2c1cnn2-c1ccccc1)C1CCCCC1
O=S(=O)(NCCNNc1cccc2c1cnn2-c1ccccc1)C1CCCCC1
O=S(=O)(NCCNc1ccc2c(cnn2-c2ccccc2)c1)C1CCCCC1
O=S(=O)(NCCNc1ccc2c(cnn2-c2ccccc2)c1)C1CCCCC1
O=S(=O)(NCCNc1ccc2c(cnn2-c2ccccc2)c1)C1CCCCC1
O=S(=O)(NCCNc1ccc2c(cnn2-c2ccccc2)c1)C1CCCCC1
O=S(=O)(NCCNc1ccc2c(cnn2-c2ccccc2)c1)C1CCCCC1
O=S(=O)(NCCNc1ccc2c(cnn2-c2ccccc2)c1)C1CCCCC1
O=S(=O)(NCCNc1ccc2c(cnn2-c2ccccc2)c1)C1CCCCC1
O=S(=O)(NCCNc1ccc2c(cnn2-c2ccccc2)c1)C1CCCCC1
O=S(=O)(NCCNc1ccc2c(cnn2-c2ccccc2)c1)C1CCCCC1
O=S(=O)(NCCNc1ccc2c(cnn2-c2ccccc2)c1)C1CCCC1
O=S(=O)(NCCNc1ccc2c(cnn2-c2ccccc2)c1)C1CCCC1
O=S(=O)(NCCNc1ccc2c(cnn2-c2ccccc2)c1)C1CCC1
O=S(=O)(NCCNc1ccc2c(cnn2-c2ccccc2)c1)C1CCC1
O=S(=O)(NCCNc1ccc2c(cnn2-c2ccccc2)c1)C1CCC1
O=S(=O)(NCCNc1ccc2c(cnn2-c2ccccc2)c1)C1CC1
O=S(=O)(NCCNc1cccc2c1cnn2-c1ccccc1)C1CC1
O=S(=O)(NCCNc1cccc2c1cnn2-c1ccccc1)C1CC1
O=S(=O)(NCCNc1cccc2c1cnn2-c1ccccc1)C1CC1
O=S(=O)(NCCNc1cccc2c1cnn2-c1ccccc1)C1CC1
O=S(=O)(NCCNc1cccc2c1cnn2-c1ccccc1)C1CC1
O=S(=O)(NCCNc1cccc2c1cnn2-c1ccccc1)C1CC1
O=S(=O)(NCCNc1cccc2c1cnn2-c1ccccc1)C1CC1
O=S(=O)(NCCNc1cccc2c1cnn2-c1ccccc1)C1CC1
O=S(=O)(NCCNc1cccc2c1cnn2-c1cccnc1)c1cnn(C2CCCC2)c1
O=S(=O)(CCCNc1cccc2c1cnn2-c1cccnc1)c1cnn(C2CCCC2)c1
O=S(=O)(CCCNc1cccc2c1cnn2-c1cccnc1)c1cn[nH]c1
O=C(CCS(=O)c1cn[nH]c1)Nc1cccc2c1cnn2-c1cccnc1
O=C(CCS(=O)c1cn[nH]c1)Nc1cccc(Nc2cccnc2)c1
O=C(CS(=O)c1cn[nH]c1)Nc1cccc(Nc2cccnc2)c1
O=C(CSc1cn[nH]c1)Nc1cccc(Nc2cccnc2)c1
O=C(CSc1cn[nH]c1)Nc1cccc(Nc2cccnc2)c1
O=C(CSc1cn[nH]c1)Nc1cccc(Nc2cccnc2)c1
O=C(CSc1cn[nH]c1)Nc1cccc(Nc2ccccc2)c1
O=C(CSc1cn[nH]c1)Nc1ccc2c(c1)[nH]c1ccccc12
O=C(CSc1cn[nH]c1)Nc1ccc2c(c1)[nH]c1ccccc12
C=C1Nc2ccccc2-c2ccc(NC(=O)CSc3cn[nH]c3)cc21
C=C1NCc2ccccc2-c2ccc(NC(=O)CSc3cn[nH]c3)cc21
C=C1NCc2ccccc2-c2ccc(NC(=O)CSc3cn[nH]c3)cc21
C=C1NCc2ccccc2-c2ccc(NC(=O)CSc3cn[nH]c3)cc21
C(=C1NCc2ccccc2-c2ccccc21)c1cn[nH]c1
C1=NCC=C1C=C1NCc2ccccc2-c2ccccc21
C1=NCC=C1C=C1NCc2ccccc2-c2ccccc21
C1=NCC=C1C1=C2c3ccccc3-c3ccccc3CN12
C1=NCC=C1C1=C2c3ccccc3-c3ccccc3CN12
C1=NCC=C1C1=C2c3ccccc3-c3ccccc3CN12
C1=NOCC=C1C1=C2c3ccccc3-c3ccccc3CN12
C1=NOCC=C1C1=C2c3ccccc3-c3ccccc3CCN12
C1=NOCC=C1C1=C2c3ccccc3-c3ccccc3CCC12
C1=NOCC=C1C1=C2c3ccccc3-c3ccccc3CCC12
c1ccc2c(c1)CCC1C(c3cnoc3)=C1c1ccccc1-2
c1ccc2c(c1)CCC(Cc1cnoc1)Cc1ccccc1-2
c1ccc2c(c1)CCC(Cc1cnoc1)c1ccccc1-2
c1ccc2c(c1)CCC(Cc1cnoc1)c1ccccc1-2
c1ccc2c(c1)CCC(Cc1cnoc1)c1ccccc1-2
c1ccc2c(c1)CCCC(Cc1cnoc1)c1ccccc1-2
c1ccc2c(c1)CCCC(Cc1cnoc1)c1ccccc1-2
c1ccc2c(c1)CCCC(Cc1cnoc1)c1ccccc1-2
c1ccc2c(c1)CCCC(Cc1cnoc1)c1ccccc1-2
c1ccc2c(c1)CCCC(Cc1cnoc1)c1ccccc1-2
c1ccc2c(c1)CCCC(Cc1cnoc1)c1ccccc1-2
c1ccc2c(c1)CCCC(Cc1cnoc1)c1ccccc1-2
c1ccc2c(c1)CCCC(Cc1cnoc1)c1ccccc1-2
c1ccc2c(c1)CCCC(Cc1cnoc1)c1ccccc1-2
c1ccc2c(c1)CCCC(Cc1cnoc1)c1ccccc1-2
c1ccc2c(c1)CCCC(Cc1cnoc1)c1ccccc1-2
c1ccc2c(c1)CCCC(Cc1cnoc1)c1ccccc1-2
c1ccc2c(c1)CCCC(CCc1cnoc1)c1ccccc1-2
c1ccc2c(c1)CCCC(CCc1cnoc1)c1ccccc1-2
c1ccc2c(c1)CCCC(CCOc1cnoc1)c1ccccc1-2
c1ccc2c(c1)CCCC(CCOc1cnoc1)c1ccccc1-2
c1ccc2c(c1)CCCC(CCCc1cnoc1)c1ccccc1-2
c1ccc2c(c1)CCCC(CCCOc1cnoc1)c1ccccc1-2
c1ccc2c(c1)CCCC(CCCOc1cnoc1)c1ccccc1-2
c1ccc2c(c1)CCCC(CCCOc1cnoc1)c1ccccc1-2
c1ccc2c(c1)CCCC(CCOc1cnoc1)c1ccccc1-2
c1ccc2c(c1)CCCC(COc1cnoc1)c1ccccc1-2
c1ccc2c(c1)CCCC(COc1cnoc1)c1ccccc1-2
c1ccc2c(c1)CCCC(COc1cnoc1)c1ccccc1-2
c1ccc2c(c1)CCCC(CCc1cnoc1)c1ccccc1-2
c1ccc2c(c1)CCCC(CCc1cnoc1)c1ccccc1-2
c1ccc2c(c1)CCCC(CCc1cnoc1)c1ccccc1-2
c1ccc2c(c1)CCCC(CCc1cnoc1)c1ccccc1-2
c1ccc2c(c1)CCCC(CCc1cnoc1)c1ccccc1-2
c1ccc2c(c1)CCCC(CCCc1cnoc1)c1ccccc1-2
c1ccc2c(c1)CCCC(CCCc1cnoc1)c1ccccc1-2
c1ccc2c(c1)CCCC(CCCc1cnoc1)c1ccccc1-2
c1ccc2c(c1)CCCC(CCCc1cnoc1)c1ccccc1-2
c1ccc2c(c1)CCCC(CCCc1cnoc1)c1ccccc1-2
c1ccc2c(c1)CCCC(CCCc1cnoc1)c1ccccc1-2
c1ccc2c(c1)CCCC(CCCc1cnoc1)c1ccccc1-2
c1ccc2c(c1)CCCC(CCCCc1cnoc1)c1ccccc1-2
c1ccc2c(c1)CCCC(CCCOc1cnoc1)c1ccccc1-2
c1ccc2c(c1)CCCC(CCCOc1cnoc1)c1ccccc1-2
c1ccc2c(c1)CCCC(CCCOc1cnoc1)c1ccccc1-2
c1ccc2c(c1)CCCC(CCOc1cnoc1)c1ccccc1-2
c1ccc2c(c1)CCCC(CCOc1cnoc1)c1ccccc1-2
O=C(CCCOc1cnoc1)Nc1ccc2c(c1)CCCCc1ccccc1-2
O=C(CCCOc1cnoc1)Nc1ccc2c(c1)CCCCc1ccccc1-2
O=C(CCCOc1cnoc1)Nc1ccc2c(c1)CCCCc1ccccc1-2
O=C(CCOc1cnoc1)Nc1ccc2c(c1)CCCCc1ccccc1-2
O=C(CCOc1cnoc1)Nc1ccc2c(c1)CCCCc1ccccc1-2
O=C(CCOc1cnoc1)Nc1ccc2c(c1)CCCCc1ccccc1-2
O=C(CCOc1cnoc1)Nc1ccc2c(c1)CCCCc1ccccc1-2
O=C(CCOc1cnoc1)Nc1ccc2c(c1)CCCCc1ccccc1-2
O=C(CCOc1cnoc1)Nc1ccc2c(c1)CCCCc1ccccc1-2
O=C(CCOc1cnoc1)Nc1ccc2c(c1)CCCCc1ccccc1-2
O=C(CCOc1cnoc1)Nc1ccc2c(c1)CCCCc1ccccc1-2
O=C(CCCOc1cnoc1)Nc1ccc2c(c1)CCCCc1ccccc1-2
O=C(CCCOc1cnoc1)Nc1ccc2c(c1)CCCCc1ccccc1-2
O=C(CCCOc1cnoc1)Nc1ccc2c(c1)CCCCc1ccccc1-2
O=C(CCOc1cnoc1)Nc1ccc2c(c1)CCCCc1ccccc1-2
O=C(CCOc1cnoc1)Nc1ccc2c(c1)CCCCc1ccccc1-2
O=C(CCCc1cnoc1)Nc1ccc2c(c1)CCCCc1ccccc1-2
O=C(CCCCc1cnoc1)Nc1ccc2c(c1)CCCCc1ccccc1-2
O=C(CCCCc1cnoc1)Nc1ccc2c(c1)CCCCc1ccccc1-2
O=C(CCCCc1cnoc1)Nc1ccc2c(c1)CCCCc1ccccc1-2
O=C(CCCc1cnoc1)Nc1ccc2c(c1)CCCCc1ccccc1-2
O=C(CCCc1cnoc1)Nc1ccc2c(c1)CCCCc1ccccc1-2
O=C(CCCc1cnoc1)Nc1ccc2c(c1)CCCCc1ccccc1-2
O=C(CCc1cnoc1)Nc1ccc2c(c1)CCCCc1ccccc1-2
O=C(CCc1cnoc1)Nc1ccc2c(c1)CCCCc1ccccc1-2
O=C(CCc1cnoc1)Nc1ccc2c(c1)CCCCc1ccccc1-2
O=C(CCc1cnoc1)Nc1ccc2c(c1)CCCCc1ccccc1-2
O=C(CCc1cnoc1)Nc1ccc2c(c1)CCCCc1ccccc1-2
O=C(CCc1cnoc1)Nc1ccc2c(c1)CCCCc1ccccc1-2
O=C(CCc1cnoc1)Nc1ccc2c(c1)CCCCc1ccccc1-2
O=C(CCc1cnoc1)Nc1ccc2c(c1)CCCCc1ccccc1-2
O=C(CCc1cnoc1)Nc1ccc2c(c1)CCCCc1ccccc1-2
O=C(CCc1cnoc1)Nc1ccc2c(c1)CCCCc1ccccc1-2
O=C(CCc1cnoc1)Nc1ccc2c(c1)CCCCc1ccccc1-2
O=C(CCc1cnoc1)Nc1ccc2c(c1)-c1ccccc1CCCC2
O=C(CCc1cnoc1)Nc1ccc2c(c1)-c1ccccc1CCCC2
O=C(CCc1cnoc1)Nc1ccc2c(c1)-c1ccccc1CCCC2
O=C(CCc1cnoc1)Nc1ccc2c(c1)-c1ccccc1CCCC2
O=C(CCCc1cnoc1)Nc1ccc2c(c1)-c1ccccc1CCCC2
O=C(CCCc1cnoc1)Nc1ccc2c(c1)-c1ccccc1CCCC2
O=C(CCCc1cnoc1)Nc1ccc2c(c1)-c1ccccc1CCCC2
O=C(CCCc1cnoc1)Nc1ccc2c(c1)-c1ccccc1CCCC2
O=C(CCc1cnoc1)Nc1ccc2c(c1)-c1ccccc1CCCC2
O=C(CCc1cnoc1)Nc1ccc2c(c1)-c1ccccc1CCCC2
O=C(CCc1cnoc1)Nc1ccc2c(c1)-c1ccccc1CCCC2
O=C(CCc1cnoc1)Nc1ccc2c(c1)-c1ccccc1CCCC2
O=C(CCc1cnoc1)Nc1ccc2c(c1)-c1ccccc1CCCC2
O=C(CCc1cnoc1)Nc1ccc2c(c1)-c1ccccc1CCCC2
O=C(CCc1cnoc1)Nc1ccc2c(c1)-c1ccccc1CCCC2
O=C(CCc1cnoc1)Nc1ccc2c(c1)-c1ccccc1CCCC2
O=C(CCc1cnoc1)Nc1ccc2c(c1)-c1ccccc1CCCC2
O=C(CCc1cnoc1)Nc1ccc2c(c1)-c1ccccc1CCCC2
O=C(CCc1cnoc1)Nc1ccc2c(c1)-c1ccccc1CCCC2
O=C(CCc1cnoc1)Nc1ccc2c(c1)-c1ccccc1CCCC2
O=C(CCOc1cnoc1)Nc1ccc2c(c1)-c1ccccc1CCCC2
O=C(CCOc1cnoc1)Nc1ccc2c(c1)-c1ccccc1CCCC2
O=C(CCOCc1cnoc1)Nc1ccc2c(c1)-c1ccccc1CCCC2
O=C(CCOCc1cnoc1)Nc1ccc2c(c1)-c1ccccc1CCCC2
O=C(CCOCc1cnoc1)Nc1ccc2c(c1)-c1ccccc1CCCC2
O=C(CCOCc1cnoc1)Nc1ccc2c(c1)-c1ccccc1CCCC2
O=C(CCOCc1cnoc1)Nc1ccc2c(c1)-c1ccccc1CCCC2
O=C(CCCCc1cnoc1)Nc1ccc2c(c1)-c1ccccc1CCCC2
O=C(CCCc1cnoc1)Nc1ccc2c(c1)-c1ccccc1CCCC2
O=C(CCCc1cnoc1)Nc1ccc2c(c1)-c1ccccc1CCCC2
O=C(CCCc1cnoc1)Nc1ccc2c(c1)-c1ccccc1CCCC2
O=C(CCCc1cnoc1)Nc1ccc2c(c1)-c1ccccc1CCCC2
O=C(CCCc1cnoc1)Nc1ccc2c(c1)CCCCc1ccccc1-2
O=C(CCCc1cnoc1)Nc1ccc2c(c1)CCCCc1ccccc1-2
O=C(CCCCc1cnoc1)Nc1ccc2c(c1)CCCCc1ccccc1-2
O=C(CCCCc1cnoc1)Nc1ccc2c(c1)CCCCc1ccccc1-2
O=C(CCCCc1cnoc1)Nc1ccc2c(c1)CCCCc1ccccc1-2
O=C(CCCCc1cnoc1)Nc1ccc2c(c1)CCCCc1ccccc1-2
O=C(CCCCOc1cnoc1)Nc1ccc2c(c1)CCCCc1ccccc1-2
O=C(CCCCOc1cnoc1)Nc1ccc2c(c1)CCCCc1ccccc1-2
O=C(CCCCOc1cnoc1)Nc1ccc2c(c1)CCCCc1ccccc1-2
O=C(CCCOc1cnoc1)Nc1ccc2c(c1)CCCCc1ccccc1-2
O=C(CCc1ccno1)Nc1ccc2c(c1)CCCCc1ccccc1-2
O=C(CCc1ccno1)Nc1ccc2c(c1)CCCCc1ccccc1-2
O=C(CCc1ccno1)Nc1ccc2c(c1)CCCCc1ccccc1-2
O=C(CCc1ccno1)Nc1ccc2c(c1)CCCCc1ccccc1-2
O=C(CCc1ccno1)Nc1ccc2c(c1)CCCCc1ccccc1-2
O=C(CCc1ccno1)Nc1ccc2c(c1)CCCCc1ccccc1-2
O=C(CCc1ccno1)Nc1ccc2c(c1)CCCCc1ccccc1-2
O=C(CCc1ccno1)Nc1ccc2c(c1)CCCCc1ccccc1-2
O=C(CCc1ccno1)Nc1ccc2c(c1)CCCCc1ccccc1-2
O=C(CCc1ccno1)Nc1ccc2c(c1)CCCCc1ccccc1-2
O=C(CCc1ccno1)Nc1ccc2c(c1)CCCCc1ccccc1-2
O=C(CCc1ccno1)Nc1ccc2c(c1)-c1ccccc1CCCC2
O=C(CCc1ccno1)Nc1ccc2c(c1)-c1ccccc1CCCC2
O=C(CCc1ccno1)Nc1ccc2c(c1)-c1ccccc1CCCC2
O=C(CCc1ccno1)Nc1ccc2c(c1)-c1ccccc1CCCC2
O=C(CCc1ccno1)Nc1ccc2c(c1)-c1ccccc1CCCC2
O=C(CCc1ccno1)Nc1ccc2c(c1)-c1ccccc1CCCC2
O=C(CCc1ccno1)Nc1ccc2c(c1)-c1ccccc1CCCC2
O=C(CCc1ccno1)Nc1ccc2c(c1)-c1ccccc1CCCC2
O=C(CCc1ccno1)Nc1ccc2c(c1)-c1ccccc1CCCC2
O=C(CCc1ccon1)Nc1ccc2c(c1)-c1ccccc1CCCC2
O=C(CCc1ccon1)Nc1ccc2c(c1)-c1ccccc1CCCC2
O=C(CCc1ccon1)Nc1ccc2c(c1)-c1ccccc1CCCC2
O=C(CCc1ccon1)Nc1ccc2c(c1)-c1ccccc1CCCC2
O=C(CCc1ccon1)Nc1ccc2c(c1)-c1ccccc1CCCC2
O=C(CCc1ccon1)Nc1ccc2c(c1)-c1ccccc1CCCC2
O=C(CCc1ccon1)Nc1ccc(CCCC2CCCc3ccccc32)cc1
O=C(CCc1nocc1CC1CCCc2ccccc21)Nc1ccccc1
O=C(CCc1nocc1CC1CCCc2ccccc21)Nc1ccccc1
c1ccc(-c2nocc2CC2CCCc3ccccc32)cc1
c1ccc(-c2nocc2CC2CCCc3ccccc32)cc1
c1ccc(-c2nocc2CC2CCCc3ccccc32)cc1
c1ccc(-c2nocc2CC2CCCCc3ccccc32)cc1
c1ccc(-c2nocc2CC2CCCCc3ccccc32)cc1
c1ccc(-c2nocc2CC2CCCCc3ccccc32)cc1
c1ccc(-c2nocc2CC2CCCCc3ccccc32)cc1
c1ccc(-c2nocc2CC2CCCCc3ccccc32)cc1
c1ccc(-c2nocc2CC2CCCCc3ccccc32)cc1
c1ccc(-c2nocc2CC2CCCCc3ccccc32)cc1
c1ccc(-c2nocc2CC2CCCc3ccccc32)cc1
c1ccc(-c2nocc2CC2CCCc3ccccc32)cc1
c1ccc(-c2nocc2CC2CCCc3ccccc32)cc1
c1ccc(-c2nocc2CC2CCCc3ccccc32)cc1
c1ccc(-c2nocc2CC2CCCc3ccccc32)cc1
c1ccc(-c2nocc2CC2CCCc3ccccc32)cc1
c1ccc(-c2nocc2CC2CCCc3ccccc32)cc1
c1ccc(-c2nocc2CC2CCCc3ccccc32)cc1
c1ccc(-c2nocc2CC2CCCc3ccccc32)cc1
c1ccc(-c2nocc2CC2CCCc3ccccc32)cc1
c1ccc(-c2nocc2CC2CCCc3ccccc32)cc1
O=C(CCCCC1CCCc2ccccc21)Nc1cccc(-c2ccon2)c1
O=C(CCCC1CCCc2ccccc21)Nc1cccc(-c2ccon2)c1
O=C(CCC1CCCc2ccccc21)Nc1cccc(-c2ccon2)c1
O=C(CCC1CCCc2ccccc21)Nc1cccc(-c2cnoc2)c1
O=C(CCC1CCCc2ccccc21)Nc1cccc(-c2cnoc2)c1
O=C(CCC1CCCc2ccccc21)Nc1cccc(-c2cnoc2)c1
O=C(CCC1CCCc2ccccc21)Nc1cccc(-c2cnoc2)c1
O=C(CCC1CCCc2ccccc21)Nc1cccc(-c2cnoc2)c1
O=C(CCC1CCCc2ccccc21)Nc1cccc(-c2cnoc2)c1
O=C(CCC1CCCc2ccccc21)Nc1ccc2c(c1)-c1cnoc1CC2=O
O=C(CCC1CCCc2ccccc21)Nc1ccc2c(c1)-c1cnoc1CC2
O=C(CCC1CCCc2ccccc21)Nc1ccc2c(c1)-c1cnoc1C2
O=C(CCC1CCCc2ccccc21)Nc1ccc2c(c1)CC=NOCC2
O=C(CCC1CCCc2ccccc21)Nc1ccc2c(c1)C=NOCC2
O=C(CCC1CCCCc2ccccc21)Nc1ccc2c(c1)C=NOCC2
O=C(CCC1CCCCc2ccccc21)Nc1ccc2c(c1)C=NOCC2
O=C(CCC1CCCc2ccccc21)Nc1ccc2c(c1)C=NOCC2
O=C(CCC1CCCc2ccccc21)Nc1ccc2c(c1)C=NOCC2
O=C(CCC1CCCc2ccccc21)Nc1ccc2c(c1)C=NOC2
O=C(CCC1CCCc2ccccc21)Nc1ccc2c(c1)C=NOC2
C=C1ON=Cc2cc(NC(=O)CCC3CCCc4ccccc43)ccc21
C=C1ON=Cc2cc(NC(=O)CCC3CCCc4ccccc43)ccc21
C=C1ON=Cc2cc(NC(=O)CCC3CCCc4ccccc43)ccc21
C=C1ON=Cc2cc(NC(=O)CCC3CCCc4ccccc43)ccc21
O=C(CCC1CCCc2ccccc21)Nc1ccc2c(=O)oncc2c1
O=C(CCC1CCCc2ccccc21)Nc1ccc2c(=O)oncc2c1
O=C(CCC1CCCc2ccccc21)Nc1ccc2c(=O)oncc2c1
O=C(CCC1CCCc2ccccc21)Nc1ccc2c(=O)oncc2c1
O=S(=O)(NCCNc1cccc2c1cnn2-c1cccnc1)c1cnn(C2CCCC2)c1
O=S(=O)(NCCCNc1cccc2c1cnn2-c1cccnc1)c1cnn(C2CCCC2)c1
O=S(=O)(NCCCNc1ccc2c3ncccc3n3ncc1c23)c1cnn(C2CCCC2)c1
O=S(=O)(NCCCNc1ccc2c(c1)[nH]c1cccnc12)c1cnn(C2CCCC2)c1
O=S(=O)(NCCCNc1ccc2c(c1)[nH]c1cccnc12)c1cnn(C2CCCC2)c1
O=S(=O)(NCCCNc1ccc2c(c1)[nH]c1cccnc12)c1cnn(C2CCCC2)c1
O=S(=O)(NCCCNc1ccc2c(c1)[nH]c1cccnc12)c1cnn(C2CCCC2)c1
O=S(=O)(NCCCNc1ccc2c(c1)[nH]c1cccnc12)C1C=NN1C1CCCC1
O=S(=O)(NCCCNc1ccc2c(c1)Cc1cccnc1-2)C1C=NN1C1CCCC1
O=S(=O)(NCCCNc1ccc2c(c1)Cc1ccccc1-2)C1C=NN1C1CCCC1
O=C(CCNS(=O)C1C=NN1C1CCCC1)Nc1ccc2c(c1)Cc1ccccc1-2
O=C(CCNS(=O)C1C=NC1C1CCCC1)Nc1ccc2c(c1)Cc1ccccc1-2
O=C(CCNS(=O)C1C=NC1C1CCCC1)Nc1ccc2c(c1)COc1ccccc1-2
O=C(CCNS(=O)CCC1CCCC1)Nc1ccc2c(c1)COc1ccccc1-2
O=C(CCC1CCCC1)NCCC(=O)Nc1ccc2c(c1)COc1ccccc1-2
O=C(CCC1CCCC1)NCCC(=O)Nc1ccc2c(c1)COc1ccccc1-2
O=C(CCC1CCC1)NCCC(=O)Nc1ccc2c(c1)COc1ccccc1-2
O=C(CC1CCC1)Nc1ccc2c(c1)COc1ccccc1-2
O=C(CC1CCC1)Nc1ccc2c(c1)COc1ccccc1-2
O=C(CC1CCC1)Nc1ccc2c(c1)COc1ccccc1-2
c1ccc2c(c1)COc1ccccc1-2
c1ccc2c(c1)COc1ccccc1-2
c1ccc2c(c1)COc1ccccc1-2
c1ccc2c(c1)COc1ccccc1-2
c1ccc2c(c1)COc1ccccc1-2
c1ccc2c(c1)COc1ccccc1-2
c1ccc2c(c1)COc1ccccc1-2
c1ccc2c(c1)COc1ccccc1-2
c1ccc2c(c1)COc1ccccc1-2
c1ccc2c(c1)COc1ccccc1-2
c1ccc2c(c1)COc1cc3cc-3c1-2
C=C1OCc2ccccc2C1=C1C=C1
O=C1OCc2ccccc2C1=C1C=C1
O=C(CCCC=C1C=C1)Nc1ccc2c(c1)COC(=O)C2
O=C(CCCC=C1C=C1)Nc1ccc2c(c1)COC2=O
O=C(CCCC=C1C=C1)Nc1ccc2c(c1)COC2=O
O=C(CCCC=C1C=C1)Nc1ccc2c(c1)COC2=O
C=C1C=C1CCCC(=O)Nc1ccc2c(c1)COC2=O
C=C1C=C1CCCC(=O)Nc1ccc2c(c1)COC2=O
C=C1CC=C1CCCC(=O)Nc1ccc2c(c1)COC2=O
C=C1CC=C1CCCC(=O)Nc1ccc2c(c1)COC2=O
C=C1CC=C1CCCC(=O)Nc1ccc2c(c1)COC2=O
O=C(CCCC1=CCC=C1)Nc1ccc2c(c1)COC2=O
O=C(CCCC1=CCCC=C1)Nc1ccc2c(c1)COC2=O
O=C(CCCC1=CCCC=C1)Nc1ccc2c(c1)COC2=O
O=C(CCCc1ccccc1)Nc1ccc2c(c1)COC2=O
O=C(CCCc1ccccc1)Nc1ccc2c(c1)COC2=O
O=C(CCCc1ccccc1)Nc1ccc2c(c1)COC2=O
O=C(CCCc1ccccc1)Nc1ccc2c(c1)COC2=O
O=C(CCCc1ccccc1)Nc1ccc2c(c1)COC2=O
O=C(CCCc1ccccc1)Nc1ccc2c(c1)COC2=O
c1cc(CCCCc2cc3ccccc3[nH]2)c2c(c1)CCO2
c1ccc(CCCCc2cc3ccccc3[nH]2)cc1
c1ccc(CCCCc2cc3ccccc3[nH]2)cc1
c1ccc(CCC2Cc3[nH]c4ccccc4c3O2)cc1
C1=C(Nc2ccccc2)CC(CCc2ccccc2)O1
C1=C(Nc2ccccc2)CC(CCc2ccccc2)O1
C1=C(Nc2ccccc2)CC(CCc2ccccc2)O1
C1=CC(c2ccccc2)C(CCc2ccccc2)O1
C1=CC(c2ccccc2)C(CCc2ccccc2)O1
C1=CC(c2ccccc2)C(CCc2ccccc2)O1
C1=CC(c2ccccc2)OC(CCc2ccccc2)O1
C1=CC(c2ccccc2)OC(CCc2ccccc2)O1
C1=CC(c2ccccc2)OC(CCc2ccccc2)O1
C1=CC(c2ccccc2)OC(CCc2ccccc2)O1
C1=CC(c2ccccc2)OC(CCc2ccccc2)O1
C1=CC(c2ccccc2)OCCC1c1ccccc1
C1=CC(c2ccccc2)CCOC(c2ccccc2)C=1
C1=CC(c2ccccc2)COC(c2ccccc2)C=1
C1=CC(c2ccccc2)OCC1c1ccccc1
C1=CC(c2ccccc2)OCC1c1ccccc1
C1=CC(c2ccccc2)OCC1c1ccccc1
O=C1OC(c2ccccc2)C=CC1c1ccccc1
O=C1OC(c2ccccc2)C=CC1c1ccccc1
O=C1OC(c2ccccc2)C=CC1c1ccccc1
O=C1OC(c2ccccc2)C=C1c1ccccc1
O=C1SOC(c2ccccc2)C=C1c1ccccc1
O=C1SOC(c2ccccc2)C=C1c1ccccc1
O=C1SOC(c2ccccc2)C=C1c1ccccc1
O=C1SOC(c2ccccc2)C=C1c1ccccc1
O=C1SOC(c2ccccc2)C=C1c1ccccc1
O=C1SOC(c2ccccc2)C=C1c1ccccc1
O=C1SOC(c2ccccc2)C=C1c1ccccc1
O=C1SOC(c2ccccc2)C=C1c1ccccc1
O=C1SOC(c2ccccc2)C=C1c1ccccc1
O=C1SOC(c2ccccc2)C=C1c1ccc(NS(=O)(=O)C2CC2)cc1
O=C1SOC(c2ccccc2)C=C1c1ccc(NS(=O)(=O)C2CC2)cc1
O=C1SOC(c2ccccc2)C=C1c1ccc(NS(=O)(=O)C2=CC2)cc1
O=C1SOC(c2ccccc2)C=C1c1ccc(NS(=O)(=O)C2=CC2)cc1
O=C1SOC(c2ccccc2)C=C1c1ccc(NS(=O)(=O)C2=CC2)cc1
O=C1SOC(c2ccccc2)C=C1c1ccccc1
O=C1SOC(c2ccccc2)C=C1c1ccccc1
O=C1SOC(c2ccccc2)C=C1c1ccccc1
O=C1SOC(c2ccccc2)C=C1c1ccc(NS(=O)(=O)C2=CC=C2)cc1
O=C1SOC(c2ccccc2)C=C1c1ccc(NS(=O)(=O)C2=CC=C2)cc1
O=C1SOC(c2ccccc2)C=C1c1ccc(NS(=O)(=O)c2cccs2)cc1
O=C1SOC(c2ccccc2)C=C1c1ccc(NS(=O)(=O)c2cccs2)cc1
O=C1COC(c2ccccc2)C=C1c1ccc(NS(=O)(=O)c2cccs2)cc1
O=C1OC(c2ccccc2)C=C1c1ccc(NS(=O)(=O)c2cccs2)cc1
O=C1OC(c2ccccc2)C=C1c1ccc(NS(=O)(=O)c2cccs2)cc1
O=C1OC(c2ccccc2)C=C1c1ccc(NS(=O)(=O)c2cccs2)cc1
O=C1OC(c2ccccc2)C=C1c1ccc(NS(=O)(=O)c2cccs2)cc1
O=C1OC(c2ccccc2)C=C1c1ccc(NS(=O)(=O)c2cccs2)cc1
O=C1OC(c2ccccc2)C=C1c1ccc(NS(=O)(=O)c2cccs2)cc1
O=C1OC(c2ccccc2)C=C1c1ccc(NS(=O)(=O)c2cccs2)cc1
O=C1OC(c2ccccc2)C=C1c1ccc(NS(=O)(=O)c2cccs2)cc1
O=C1OC(c2ccccc2)C=C1c1ccc(NS(=O)(=O)c2cccs2)cc1
O=C1OC(c2ccccc2)C=C1c1ccc(NS(=O)(=O)c2cccs2)cc1
O=C1OC(c2ccccc2)C=C1c1ccc(NS(=O)(=O)c2cccs2)cc1
O=C1OC(c2ccccc2)C=C1c1ccc(NS(=O)(=O)c2cccs2)cc1
O=C1OC(c2ccccc2)C=C1c1ccc(NS(=O)(=O)c2cccs2)cc1
C=C1OC(c2ccccc2)C=C1c1ccc(NS(=O)(=O)c2cccs2)cc1
O=S(=O)(Nc1ccc(-c2c3cccc2C(c2ccccc2)O3)cc1)c1cccs1
O=S(=O)(Nc1ccc(-c2c3cccc2C(c2ccccc2)O3)cc1)c1cccs1
O=S(=O)(Nc1ccc(-c2c3cccc2C(c2ccccc2)O3)cc1)c1cccs1
O=S(=O)(Nc1ccc(-c2c3cccc2C(c2ccccc2)O3)cc1)c1cccs1
O=S(=O)(Nc1ccc(-c2ccc3cc2C(c2ccccc2)O3)cc1)c1cccs1
O=S(=O)(Nc1ccc(-c2ccc3cc2C(c2ccccc2)O3)cc1)c1cccs1
O=S(=O)(Nc1ccc(-c2ccc3cc2C(c2ccccc2)O3)cc1)c1cccs1
O=S(=O)(Nc1ccc(-c2ccc3cc2C(c2ccccc2)O3)cc1)c1cccs1
O=S(=O)(Nc1ccc(-c2ccc3cc2C(c2ccccc2)O3)cc1)c1cccs1
O=S(=O)(Nc1ccc(-c2ccc3cc2C(c2ccccc2)O3)cc1)c1cccs1
O=S(=O)(Nc1ccc(-c2ccc3cc2C(c2ccccc2)O3)cc1)c1cccs1
O=S(=O)(Nc1ccc(-c2ccc3cc2C(c2ccccc2)O3)cc1)c1cccs1
O=S(=O)(Nc1ccc(-c2ccc3cc2C(c2ccccc2)O3)cc1)c1cccs1
O=S(=O)(Nc1ccc(-c2ccc3cc2C(c2ccccc2)O3)cc1)c1cccs1
O=S(=O)(Nc1ccc(-c2ccc3cc2C(c2ccccc2)O3)cc1)c1cccs1
O=S(=O)(Nc1ccc(-c2ccc3cc2C(c2ccccc2)O3)cc1)c1cccs1
O=S(=O)(Nc1ccc(-c2ccc3cc2C(c2ccccc2)O3)cc1)c1cccs1
O=S(=O)(Nc1ccc(-c2ccc3cc2C(c2ccccc2)O3)cc1)c1cccs1
O=S(=O)(Nc1ccc(-c2ccc3cc2C(c2ccccc2)O3)cc1)c1cccs1
O=S(=O)(Nc1ccc(-c2ccc3cc2C(c2ccccc2)O3)cc1)c1cccs1
O=S(=O)(Nc1ccc(-c2ccc3cc2C(c2ccccc2)O3)cc1)c1cccs1
O=S(=O)(Nc1ccc(-c2ccc3cc2C(c2ccccc2)O3)cc1)c1cccs1
O=S(=O)(Nc1ccc(-c2ccc3cc2C(c2ccccc2)O3)cc1)c1cccs1
O=S(=O)(Nc1ccc(-c2ccc3cc2C(c2ccccc2)O3)cc1)c1cccs1
O=S(=O)(Nc1ccc(-c2ccc3cc2C(c2ccccc2)O3)cc1)c1cccs1
O=S(=O)(Nc1ccc(-c2ccc3cc2C(c2ccccc2)O3)cc1)c1cccs1
O=S(=O)(Nc1ccc(-c2ccc3cc2C(c2ccccc2)O3)cc1)c1cccs1
O=S(=O)(Nc1ccc(-c2ccc3cc2C(c2ccccc2)O3)cc1)c1cccs1
O=S(=O)(Nc1ccc(-c2ccc3cc2C(c2ccccc2)O3)cc1)c1cccs1
O=S(=O)(Nc1ccc(-c2ccc3cc2C(c2ccccc2)O3)cc1)c1cccs1
O=S(=O)(Nc1ccc(-c2ccc3cc2C(c2ccccc2)O3)cc1)c1cccs1
O=S(=O)(Nc1ccc(-c2ccc3cc2C(c2ccccc2)O3)cc1)c1cccs1
O=S(=O)(Nc1ccc(-c2ccc3cc2C(c2ccccc2)O3)cc1)c1cccs1
O=S(=O)(Nc1ccc(-c2ccc3cc2C(c2ccccc2)O3)cc1)c1cccs1
O=S(=O)(Nc1ccc(-c2ccc3cc2C(c2ccccc2)O3)cc1)c1cccs1
O=S(=O)(Nc1ccc(-c2ccc3cc2C(c2ccccc2)OO3)cc1)c1cccs1
O=S(=O)(Nc1ccc(-c2ccc3cc2C(c2ccccc2)OO3)cc1)c1cccs1
O=S(=O)(Nc1ccc(-c2ccc3cc2C(c2ccccc2)OO3)cc1)c1cccs1
O=S(=O)(Nc1ccc2c(c1)OC(c1ccccc1)c1ccccc1-2)c1cccs1
O=S(=O)(Nc1ccc2c(c1)OC(c1ccccc1)c1ccccc1-2)c1cccs1
O=S(=O)(Nc1cccc(C2Oc3ccccc3-c3ccccc32)c1)c1cccs1
O=S(=O)(Nc1cccc(C2Oc3ccccc3-c3ccccc32)c1)c1cccs1
O=S(=O)(NC1=CC=CC(C2Oc3ccccc3-c3ccccc32)=CC1)c1cccs1
O=S(=O)(Nc1ccc2c(c1)C(C1=CCC=CC=C1)Oc1ccccc1-2)c1cccs1
O=S(=O)(Nc1ccc2c(c1)C(C1=CCC=CC=C1)Oc1ccccc1-2)c1cccs1
O=S(=O)(Nc1ccc2c(c1)C(c1ccccc1)Oc1ccccc1-2)c1cccs1
O=S(=O)(Nc1ccc2c(c1)C(c1ccccc1)Oc1ccccc1-2)c1cccs1
c1cc(CCCCc2cc3ccccc3[nH]2)c2c(c1)CCO2
C=C(CCCCc1cccc2c1OCC2)Nc1ccccc1
C=C(CCCCc1cccc2c1OCC2)Nc1ccccc1
C=C(CCCCc1cccc2c1OCC2)Nc1ccccc1
C=C(CCCc1cccc2c1OCC2)Nc1ccccc1
C=C(CCCc1c2cc-2c2c1OCC2)Nc1ccccc1
O=C(CCCc1c2cc-2c2c1OCC2)Nc1ccccc1
O=C(CCCc1ccc2cc1-2)Nc1ccccc1
O=C(CCCc1ccc2cc1-2)Nc1ccc2c(c1)C2
O=C(CCCc1ccccc1)Nc1ccc2c(c1)C2
O=C(CCCc1ccccc1)Nc1ccc2c(c1)C2
O=C(CCCc1ccccc1)Nc1ccc2c(c1)CC2
O=C(CCCc1ccccc1)Nc1ccc2c(c1)CC2
O=C(CCCc1ccccc1)Nc1ccc2c(c1)CC2
O=C(CCCc1ccccc1)Nc1ccc2c(c1)CC2
C=C1Cc2cc(NC(=O)CCCc3ccccc3)ccc21
C=C1Cc2cc(NC(=O)CCCc3ccccc3)ccc21
O=C(CCCc1ccccc1)Nc1ccc2c(c1)CC2=O
O=C(CCCc1ccccc1)Nc1ccc2c(c1)CC2=O
O=C(CCCc1ccccc1)Nc1ccc2c(c1)COC2=O
O=C(CCCc1ccccc1)Nc1ccc2c(c1)COC2=O
O=C(CCCc1ccccc1)Nc1ccc2c(c1)COC2=O
O=C(CCCc1ccccc1)Nc1ccc2c(c1)COC2=O
O=C(CCCc1ccccc1)Nc1ccc2c(c1)COC2=O
O=C(CCCc1ccccc1)Nc1ccc2c(c1)COC2=O
O=C(CCCc1ccccc1)Nc1ccc2c(c1)COC2=O
O=C(CCCc1ccccc1)Nc1ccc2c(c1)COC2=O
O=C(CCCc1ccccc1)Nc1ccc2c(c1)COC2=O
O=C(CCC1CCCc2ccccc21)Nc1ccc2c(=O)oncc2c1
O=C(CCC1CCCc2ccccc21)Nc1ccc2c(=O)oncc2c1
O=C(CCCc1ccccc1)Nc1ccc2c(=O)oncc2c1
O=C(CCCCc1ccccc1)Nc1ccc2c(=O)oncc2c1
O=c1oncc2cc(OCCCCc3ccccc3)ccc12
O=c1oncc2cc(OCCCCc3ccccc3)ccc12
O=c1oncc2cc(OCCCCc3ccccc3)ccc12
O=c1oncc2cc(OCCCc3ccccc3)ccc12
O=c1oncc2cc(OCCCc3ccccc3)ccc12
O=c1oncc2cc(OCCCc3ccccc3)ccc12
O=c1oncc2cc(OCCCc3ccccc3)ccc12
O=c1oncc2cc(OCCCc3ccccc3)ccc12
O=c1oncc2cc(OCCCc3ccccc3)ccc12
O=c1oncc2cc(OCCCc3ccccc3)ccc12
C1=NOCc2ccc(OCCCc3ccccc3)cc21
C1=NOCc2ccc(OCCCc3ccccc3)cc21
C1=NOCc2ccc(OCCCc3ccccc3)cc21
C1=NCCc2ccc(OCCCc3ccccc3)cc21
C1=NCc2ccc(OCCCc3ccccc3)cc21
C1=NCc2ccc(OCCCc3ccccc3)cc21
C1=NCc2ccc(OCCCc3ccccc3)cc21
c1ccc(CCCOc2ccc3[nH]ncc3c2)cc1
c1ccc(CCCOc2ccc3[nH]ncc3c2)cc1
c1ccc(CCCOc2ccc3[nH]ncc3c2)cc1
c1ccc(CCCCn2ncc3ccccc32)cc1
c1ccc(CCCCn2ncc3ccccc32)cc1
c1ccc(CCCCn2ncc3ccccc32)cc1
c1ccc(CCCCn2ncc3ccccc32)cc1
c1ccc(CCCCn2ncc3ccccc32)cc1
c1ccc(CCCn2ncc3ccccc32)cc1
c1ccc(CCCn2ncc3ccccc32)cc1
c1ccc(CCCn2ncc3ccccc32)cc1
c1ccc(CCCCn2ncc3ccccc32)cc1
c1ccc(-n2ncc3ccccc32)cc1
c1ccc(-n2ncc3ccccc32)cc1
c1ccc(-n2ncc3ccccc32)cc1
c1ccc(-n2ncc3ccccc32)cc1
c1ccc(-n2ncc3ccccc32)cc1
c1ccc(-n2ncc3ccccc32)cc1
c1ccc(-n2ncc3ccccc32)cc1
c1ccc(-n2ncc3ccccc32)cc1
c1ccc(-n2ncc3ccccc32)cc1
c1ccc(-n2ncc3ccccc32)cc1
c1ccc(-n2ncc3ccccc32)cc1
c1ccc(-n2ncc3ccccc32)cc1
c1ccc(-n2ncc3ccccc32)cc1
c1ccc(-n2ncc3ccccc32)cc1
c1ccc(-n2ncc3ccccc32)cc1
c1ccc(-n2ncc3ccccc32)cc1
c1ccc(-n2ncc3ccccc32)cc1
c1ccc(-n2ncc3ccccc32)cc1
c1ccc2c(c1)cnn2-c1ccc(CCCC2CCC2)cc1
C1=C(CCCc2ccc(-n3ncc4ccccc43)cc2)CC1
C1=C(CCCc2ccc(-n3ncc4ccccc43)cc2)C1
C1=C(CCCc2ccc(-n3ncc4ccccc43)cc2)C1
C1=C(CCCc2ccc(-n3ncc4ccccc43)cc2)CN1
C1=C(CCCc2ccc(-n3ncc4ccccc43)cc2)CN1
C1=NC=C1CCCc1ccc(-n2ncc3ccccc32)cc1
C1=NC=C1CCCc1ccc(-n2ncc3ccccc32)cc1
C1=NC=C1CCCc1ccc(-n2ncc3ccccc32)cc1
C1=CC(CCCc2ccc(-n3ncc4ccccc43)cc2)=C1
C1=CC(CCCc2ccc(-n3ncc4ccccc43)cc2)=C1
C1=CC(CCCc2ccc(-n3ncc4ccccc43)cc2)=C1
C1=CC(CCCc2ccc(-n3ncc4ccccc43)cc2)=C1
C1=CC(CCCCc2ccc(-n3ncc4ccccc43)cc2)=C1
C1=CC(CCCCc2ccc(-n3ncc4ccccc43)cc2)=C1
C1=CC(CCCCc2ccc(-n3ncc4ccccc43)cc2)=C1
C1=C(CCCCc2ccccc2)C=C1n1ncc2ccccc21
C1=C(CCCCc2ccccc2)C=C1n1ncc2ccccc21
C1=C(CCCc2ccccc2)C=C1n1ncc2ccccc21
C1=C(CCCc2ccccc2)C=C1n1ncc2ccccc21
C1=C(CCCc2ccccc2)C=C1n1ncc2cc(OC3CC3)ccc21
C1=C(CCCc2ccccc2)C=C1n1ncc2cc(OC3CC3)ccc21
C1=C(CCCc2ccccc2)C=C1n1ncc2ccccc21
C1=C(CCCc2ccccc2)C=C1n1ncc2ccccc21
C1=C(CCCc2ccccc2)C=C1n1ncc2ccccc21
C1=C(CCCc2ccccc2)C=C1n1ncc2ccccc21
C1=CC(n2ncc3cc(OCCCc4ccccc4)ccc32)=C1
C1=CC(n2ncc3cc(OCCCc4ccccc4)ccc32)=C1
C1=CC(n2ncc3cc(OCCCc4ccccc4)ccc32)=C1
C1=CC(n2ncc3cc(OCCCc4ccccc4)ccc32)=C1
C1=CC(n2ncc3cc(OCCCc4ccccc4)ccc32)=C1
C1=CC(n2ncc3cc(OCCCc4ccccc4)ccc32)=C1
C1=CC(n2ncc3cc(OCCCc4ccccc4)ccc32)=C1
C1=CC(n2ncc3cc(OCCCc4ccccc4)ccc32)=C1
C1=CC(n2ncc3cc(OCCCc4ccccc4)ccc32)=C1
C1=CC(n2ncc3cc(OCCCc4ccccc4)ccc32)=C1
C1=CC(n2ncc3cc(OCCCc4ccccc4)ccc32)=CCC1
c1ccc(CCCOc2ccc3c(cnn3-c3ccccc3)c2)cc1
c1ccc(CCCOc2ccc3c(cnn3-c3ccccc3)c2)cc1
c1ccc(CCCOc2ccc3c(cnn3-c3ccccc3)c2)cc1
c1ccc(CCCOc2ccc3c(cnn3-c3ccccc3)c2)cc1
c1ccc(CCCOc2ccc3c(cnn3-c3ccccc3)c2)cc1
c1ccc(CCCOc2ccc3c(cnn3-c3ccccc3)c2)cc1
c1ccc(CCCOc2ccc3c(cnn3-c3ccccc3)c2)cc1
c1ccc(CCCOc2ccc3c(cnn3-c3ccccc3)c2)cc1
c1ccc(CCCOc2ccc3c(cnn3-c3ccccc3)c2)cc1
C1=C(OC(CCc2ccccc2)Oc2ccc3c(cnn3-c3ccccc3)c2)C1
C1=C(OCC(CCc2ccccc2)Oc2ccc3c(cnn3-c3ccccc3)c2)C1
C1=C(C(CCc2ccccc2)Oc2ccc3c(cnn3-c3ccccc3)c2)O1
c1ccc(CCC(Oc2ccc3c(cnn3-c3ccccc3)c2)c2c[nH]o2)cc1
c1ccc(CCC(Oc2ccc3c(cnn3-c3ccccc3)c2)c2c[nH]o2)cc1
c1ccc(CCC(Oc2ccc3c(cnn3-c3ccccc3)c2)c2c[nH]o2)cc1
c1ccc(CCC(Oc2ccc3c(cnn3-c3ccccc3)c2)c2c[nH][nH]2)cc1
c1ccc(CCC(Oc2ccc3c(cnn3-c3ccccc3)c2)c2c[nH][nH]2)cc1
C1=CNNC=1C(CCc1ccccc1)Oc1ccc2c(cnn2-c2ccccc2)c1
C=C1C=C(C(CCc2ccccc2)Oc2ccc3c(cnn3-c3ccccc3)c2)NN1
C=C1C=C(C(CCc2ccccc2)Oc2ccc3c(cnn3-c3ccccc3)c2)CN1
C1=CC(C(CCc2ccccc2)Oc2ccc3c(cnn3-c3ccccc3)c2)=C1
C1=CC(C(CCc2ccccc2)Oc2ccc3c(cnn3-c3ccccc3)c2)=C1
C1=CC(C(CCc2ccccc2)Oc2ccc3c(cnn3-c3ccccc3)c2)=C1
C1=CC(C(CCc2ccccc2)Oc2ccc3c(cnn3-c3ccccc3)c2)=C1
C1=CC(C(CCc2ccccc2)Oc2ccc3c(cnn3-c3ccccc3)c2)=C1
c1ccc(CCC(Oc2ccc3c(cnn3-c3ccccc3)c2)c2cc3ccc2-3)cc1
c1ccc(CCC(Oc2ccc3c(cnn3-c3ccccc3)c2)c2cc3ccc2-3)cc1
c1ccc(CCC(Oc2ccc3c(cnn3-c3ccccc3)c2)c2ccc3c(c2)O3)cc1
c1ccc(CCC(Oc2ccc3c(cnn3-c3ccccc3)c2)c2ccccc2)cc1
c1ccc(CCC(Oc2ccc3c(cnn3-c3ccccc3)c2)c2ccccc2)cc1
c1ccc(CCC(Oc2ccc3c(cnn3-c3ccccc3)c2)c2ccccc2)cc1
c1ccc(CCC(Oc2ccc3c(cnn3-c3ccccc3)c2)c2ccccc2)cc1
c1ccc(CCC(Oc2ccc3c(cnn3-c3ccccc3)c2)c2ccccc2)cc1
c1ccc(CCC(Oc2ccc3c(cnn3-c3ccccc3)c2)c2ccccc2)cc1
c1ccc(CCC(Oc2ccc3c(cnn3-c3ccccc3)c2)c2ccccc2)cc1
c1ccc(CCC(Oc2ccc3c(cnn3-c3ccccc3)c2)c2ccccc2)cc1
c1ccc(CCC(Oc2ccc3c(cnn3-c3ccccc3)c2)c2cccnc2)cc1
c1ccc(CCC(Oc2ccc3c(cnn3-c3ccccc3)c2)c2cccnc2)cc1
c1ccc(CCC(Oc2ccc3c(cnn3-c3ccccc3)c2)c2cccnc2)cc1
c1ccc(CCC(Oc2ccc3c(cnn3-c3ccccc3)c2)c2cccnc2)cc1
c1ccc(CCC(Oc2ccc3c(cnn3-c3ccccc3)c2)c2cccnc2)cc1
O=C(CCC1CCCc2ccccc21)Nc1ccc2c(=O)oncc2c1
O=C(CCC1CCCc2ccccc21)Nc1ccc2c(=O)oncc2c1
O=C(CCCCCCc1ccccc1)Nc1ccc2c(=O)oncc2c1
O=C(CCCCCCc1ccccc1)Nc1ccc2c(=O)oncc2c1
O=C(CCCCCCc1ccccc1)Nc1ccc2c(=O)oncc2c1
O=C(CCCCCCc1ccccc1)Nc1ccc2c(=O)[nH]ncc2c1
O=C(CCCCCCc1ccccc1)Nc1ccc2c(=O)[nH]ncc2c1
O=C(CCCCCc1ccccc1)Nc1ccc2c(=O)[nH]ncc2c1
O=C(CCCCc1ccccc1)Nc1ccc2c(=O)[nH]ncc2c1
O=C(CCCCc1ccccc1)Nc1ccc2c(=O)[nH]ncc2c1
O=C(CCCCc1ccccc1)Oc1ccc2c(=O)[nH]ncc2c1
O=c1[nH]ncc2cc(OCCCCCc3ccccc3)ccc12
O=c1[nH]ncc2cc(OCc3ccccc3)ccc12
O=c1[nH]ncc2cc(OCc3ccccc3)ccc12
O=c1[nH]ncc2cc(OCc3ccccc3)ccc12
O=c1[nH]ncc2cc(OCc3ccccc3)ccc12
O=c1[nH]ncc2cc(OCc3ccccc3)ccc12
O=c1[nH]ncc2cc(OCc3ccccc3)ccc12
O=c1[nH]ncc2cc(OCc3ccccc3)ccc12
O=c1[nH]ncc2cc(OCc3ccccc3)ccc12
O=c1[nH]ncc2cc(OCc3ccccc3)ccc12
O=c1[nH]ncc2cc(OCc3ccccc3)ccc12
O=c1[nH]ncc2cc(OCc3ccccc3)ccc12
C1=NNCc2ccc(OCc3ccccc3)cc21
c1ccc(COc2ccc3[nH]ncc3c2)cc1
c1ccc(COc2ccc3[nH]ncc3c2)cc1
c1ccc(COc2ccc3[nH]ncc3c2)cc1
c1ccc(COc2ccc3[nH]ncc3c2)cc1
c1ccc(COc2ccc3[nH]ncc3c2)cc1
c1ccc(COc2ccc3[nH]ncc3c2)cc1
c1ccc(COc2ccc3[nH]ncc3c2)cc1
c1ccc(COc2ccc3[nH]ncc3c2)cc1
c1ccc(COc2ccc3[nH]ncc3c2)cc1
c1ccc(COc2ccc3[nH]ncc3c2)cc1
c1ccc(COc2ccc3[nH]ncc3c2)cc1
c1ccc(COc2ccc3[nH]ncc3c2)cc1
c1ccc(COc2ccc3[nH]ncc3c2)cc1
c1ccc(COc2ccc3[nH]ncc3c2)cc1
c1ccc(COc2ccc3[nH]ncc3c2)cc1
c1ccc(COc2ccc3[nH]ncc3c2)cc1
c1ccc(COc2ccc3[nH]ncc3c2)cc1
c1ccc(COc2ccc3[nH]ncc3c2)cc1
c1ccc(COc2ccc3[nH]ncc3c2)cc1
c1ccc(COc2ccc3[nH]ncc3c2)cc1
c1ccc(COc2ccc3[nH]ncc3c2)cc1
c1ccc(COc2ccc3[nH]ncc3c2)cc1
c1ccc(COc2ccc3[nH]ncc3c2)cc1
c1ccc(COc2ccc3[nH]ncc3c2)cc1
c1ccc(COc2ccc3[nH]ncc3c2)cc1
c1ccc(COc2ccc3[nH]ncc3c2)cc1
c1ccc(COc2ccc3[nH]ncc3c2)cc1
c1ccc(COc2ccc3[nH]ncc3c2)cc1
C1=C(n2ncc3cc(OCc4ccccc4)ccc32)CO1
C1=C(n2ncc3cc(OCc4ccccc4)ccc32)CO1
C1=C(n2ncc3cc(OCc4ccccc4)ccc32)OC1
C1=C(n2ncc3cc(OCc4ccccc4)ccc32)OCC1
C1=C(n2ncc3cc(OCc4ccccc4)ccc32)SCC1
C1=C(n2ncc3cc(OCc4ccccc4)ccc32)SCC1
C1=C(n2ncc3cc(OCc4ccccc4)ccc32)SCCC1
C1=C(n2ncc3cc(OCc4ccccc4)ccc32)CCCC1
C1=C(n2ncc3cc(OCc4ccccc4)ccc32)CCC1
C1=CC(n2ncc3cc(OCc4ccccc4)ccc32)=CC1
C1=CC(n2ncc3cc(OCc4ccccc4)ccc32)=CC1
C1=CC(n2ncc3cc(OCc4ccccc4)ccc32)=C1
c1ccc(COc2ccc3c(cnn3-c3cccs3)c2)cc1
c1ccc(COc2ccc3c(cnn3-c3cccs3)c2)cc1
c1ccc(COc2ccc3c(cnn3-c3cccs3)c2)cc1
c1ccc(COc2ccc3c(cnn3-c3cccs3)c2)cc1
c1ccc(COc2ccc3c(cnn3-c3ccns3)c2)cc1
c1ccc(COc2ccc3c(cnn3-c3ccns3)c2)cc1
O=C(CCC1CCCc2ccccc21)Nc1ccc2c(=O)oncc2c1
O=C(CCC1CCCc2ccccc21)NCc1ccc2c(=O)oncc2c1
O=C(CCC1CCCc2ccccc21)NCc1ccc2c(=O)oncc2c1
O=C(NCCCC1CCCc2ccccc21)c1ccc2c(=O)oncc2c1
O=C(NCCCC1CCCc2ccccc21)c1ccc2c(=O)oncc2c1
O=C(NCCCC1CCCc2ccccc21)c1ccc2c(=O)oncc2c1
O=C(NCCCC1CCCc2ccccc21)c1ccccc1
O=C(NCCCC1CCCc2ccccc21)c1ccccc1
O=C(NCCCC1CCCc2ccccc21)c1ccccc1
O=C(NCCCC1CCCc2ccccc21)c1ccccc1
O=C(NCCCC1CCCc2ccccc21)c1ccccc1
O=C(NCCCC1CCCc2ccccc21)c1ccccc1
O=C(NCCCC1CCCc2ccccc21)c1ccccc1
O=C(NCCCC1CCCc2ccccc21)c1ccccc1
O=C(NCCCC1CCCc2ccccc21)c1ccccc1
O=C(NCCCC1CCCc2ccccc21)c1ccccc1
O=C(NCCCC1CCCc2ccccc21)C1=CCC=C1
O=C(NCCCC1CCCc2ccccc21)C1=CC=C1
O=C(NCCCC1CCCc2ccccc21)C1=CC=C1
O=C(NCCCC1CCCc2ccccc21)c1ccc[nH]1
O=C(NCCCC1CCCc2ccccc21)c1ccc[nH]1
O=C(NCCCC1CCCc2ccccc21)c1ccc[nH]1
O=C(NCCCC1CCCc2ccccc21)c1ccc[nH]1
O=C(NCCCC1CCCc2ccccc21)c1ccc[nH]1
O=C(NCCCC1CCCc2ccccc21)c1ccc[nH]1
O=C(NCCCC1CCCc2ccccc21)c1ccc[nH]1
O=C(NCCCC1CCCc2ccccc21)c1ccn[nH]1
O=C(NCCCC1CCCc2ccccc21)c1ccn[nH]1
O=C(CCC1CCCc2ccccc21)Nc1ccc2c(=O)oncc2c1
O=C(CCC1CCCc2ccccc21)Nc1ccc2c(=O)oncc2c1
O=C(CCCc1ccccc1)Nc1ccc2c(=O)oncc2c1
O=C(CCCc1ccccc1)Nc1ccc2c(=O)oncc2c1
O=C(CCCc1ccccc1)Nc1ccc2c(=O)oncc2c1
O=C(CCCc1ccccc1)Nc1ccc2c(=O)oncc2c1
O=c1oncc2cc(NCCCCc3ccccc3)ccc12
c1ccc(CCCCNc2ccccc2)cc1
c1ccc(CCCCNc2ccccc2)cc1
c1ccc(CCCCNc2ccccc2)cc1
c1ccc(CCCCNc2ccccc2)cc1
c1ccccc1
C=C(NCCCCc1ccccc1)C1=CC=C1
C=C(NCCCCc1ccccc1)C1=CC=C1
C=C(NCCCCc1ccccc1)c1ccc[nH]1
C=C(NCCCCc1ccccc1)c1ccc[nH]1
O=C(NCCCCc1ccccc1)c1ccc[nH]1
O=C(NCCCCc1ccccc1)c1ccc[nH]1
O=C(NCCCCc1ccccc1)n1cccc1
O=C(NCCCCc1ccccc1)n1cccc1
O=C(NCCCCc1ccccc1)n1cccn1
O=C(NCCCCc1ccccc1)On1cccn1
O=C(NCCCCc1ccccc1)On1cccn1
O=C(NCCCCc1ccccc1)c1cn[nH]c1
O=C(NCCCCc1ccccc1)c1cn[nH]c1
O=C(NCCCCc1ccccc1)c1cn[nH]c1
O=C(NCCCCc1ccccc1)c1cn[nH]c1
O=C(NCCCCc1ccccc1)c1cn[nH]c1
O=C(NCCCCc1ccccc1)c1cn[nH]c1
O=C(NCCCCc1ccccc1)c1cn[nH]c1
O=C(NCCCCc1ccccc1)c1cn[nH]c1
O=C(NCCCCc1ccccc1)c1cn[nH]c1
O=C(NCCCCc1ccccc1)c1cn[nH]c1
O=C(NCCCCc1ccccc1)c1cn[nH]c1
O=C(NCCCCc1ccccc1)c1cn[nH]c1
O=C(NCCCCc1ccccc1)c1cn[nH]c1
O=C(NCCCCc1ccccc1)c1cnn(C2=CCC2)c1
O=C(NCCCCc1ccccc1)c1cnn(C2=CCCC2)c1
O=C(NCCCCc1ccccc1)c1cnn(C2=CCCC2)c1
O=C(NCCCCc1ccccc1)c1cnn(C2=CCCC2)c1
O=C(NCCCCc1ccccc1)c1cnn(C2=CCCC2)c1
O=C(NCCCCc1ccccc1)c1cnn(C2=CCCCC2)c1
O=C(NCCCCc1ccccc1)c1cnn(C2=CCCC=C2)c1
O=C(NCCCCc1ccccc1)c1cnn(C2=CCCC=C2)c1
O=C(NCCCCc1ccccc1)c1cnn(-c2ccccc2)c1
O=C(NCCCCc1ccccc1)c1cnn(-c2ccccc2)c1
O=C(NCCCCc1ccccc1)c1cnn(-c2ccccc2)c1
O=C(NCCCCc1ccccc1)c1cnn(-c2ccccc2)c1
O=C(NCCCCc1ccccc1)c1cnn(-c2ccccc2)c1
O=C(NCCCNC(=O)c1cnn(-c2ccccc2)c1)c1ccccc1
O=C(NCC1OC1NC(=O)c1cnn(-c2ccccc2)c1)c1ccccc1
O=C(NCC1OC1NC(=O)c1cnn(-c2ccccc2)c1)c1ccccc1
O=C(NC12CN(C(=O)c3ccccc3)CC1O2)c1cnn(-c2ccccc2)c1
O=C(NC12CN(Cc3ccccc3)CC1O2)c1cnn(-c2ccccc2)c1
O=C(NC12CN(Cc3ccccc3)CC1O2)c1cnn(-c2ccccc2)c1
O=C(NC12CN(Cc3ccccc3)CC1O2)c1cnn(-c2ccccc2)c1
O=C(NC12CN(Cc3ccccc3)CC1O2)c1cnn(-c2ccccc2)c1
O=C(NC12CC(Cc3ccccc3)CC1O2)c1cnn(-c2ccccc2)c1
O=C(NC12CC(CC3C=CC=C3)CC1O2)c1cnn(-c2ccccc2)c1
O=C(NC12CC(C3C=CC=C3)CC1O2)c1cnn(-c2ccccc2)c1
O=C(NC12CC(C3C=CC=C3)CC1O2)c1cnn(-c2ccccc2)c1
O=C(NC1CCC(C2C=CC=C2)C1)c1cnn(-c2ccccc2)c1
O=C(NC1CCCC(C2C=CC=C2)C1)c1cnn(-c2ccccc2)c1
O=C(NC1CCCC(C2C=CC=C2)C1)c1cnn(-c2ccccc2)c1
O=C(NC1CCCC(C2C=CC=C2)C1)c1cnn(-c2ccccc2)c1
O=C(NC1CCC(C2C=CC=C2)C1)c1cnn(-c2ccccc2)c1
O=C(NC1CC2CCC3=CC=CC3C2C1)c1cnn(-c2ccccc2)c1
O=C(NC1CC2CCC3=CC=CC3C2C1)c1cnn(-c2ccccc2)c1
O=C(NC1CC2CCC3=CC=CC3C2C1)c1cnn(-c2ccccc2)c1
O=C(NC1CC2CCC3=CC=CC3C2C1)c1cnn(-c2ccccc2)c1
O=C(NC1CCC2C(CCC3=CC=CC32)C1)c1cnn(-c2ccccc2)c1
O=C(NC1CCC2C(CCC3=CC=CC32)C1)c1cnn(-c2ccccc2)c1
O=C(NC1CCC2C(CCC3=CC=CC32)C1)c1cnn(-c2ccccc2)c1
O=C(NC1CCC2C(CCC3=CC=CC32)C1)c1cnn(-c2ccccc2)c1
O=C(NC1CCC2C(CCC3=CCC=CC32)C1)c1cnn(-c2ccccc2)c1
O=C1C=CC2C(=C1)CCC1CC(NCc3cnn(-c4ccccc4)c3)CCC12
O=C1C=CC2C(=C1)CCC1CC(Nc3cnn(-c4ccccc4)c3)CCC12
O=C1C=CC2C(=C1)CCC1CCC(Nc3cnn(-c4ccccc4)c3)CCC12
O=C1C=CC2C(=C1)CCC1CCC(Nc3cnn(-c4ccccc4)c3)CCC12
O=C1C=CC2C(=C1)CCC1CCC(Nc3cnn(-c4ccccc4)c3)CCC12
O=C1C=CC2C(=C1)CCC1CCC(Nc3cnn(-c4ccccc4)c3)CCC12
O=C1C=CC2C(=C1)CCC1CC(Nc3cnn(-c4ccccc4)c3)CCC12
O=C1C=CC2C(=C1)CCC1CC(CNc3cnn(-c4ccccc4)c3)CCC12
O=C1C=CC2C(=C1)CCC1C2CCC2C(Nc3cnn(-c4ccccc4)c3)CC21
O=C1C=CC2C(=C1)CCC1C2CCC2C(Cc3cnn(-c4ccccc4)c3)CC21
O=C1C=CC2C(=C1)CCC1C2CCC2C(Cc3cnn(-c4ccccc4)c3)CC21
O=C1C=CC2C(=C1)CCC1C2CCC2C(Cc3cnn(-c4ccccc4)c3)CC21
O=C1C=CC2C(=C1)CCC1C2CCC2C(Cc3cnn(-c4ccccc4)c3)CC21
O=C1C=CC2C(=C1)CCC1C2CCC2C(Cc3cnn(-c4ccccc4)c3)CC21
O=C1C=CC2C(=C1)CCC1C2CCC2C(Cc3cnn(-c4ccccc4)c3)CC21
O=C1C=CC2C(=C1)CCC1C2CCC2C(c3cnn(-c4ccccc4)c3)CC21
O=C1C=CC2C(=C1)CCC1C2CCC2C1CC2C1C=NN1c1ccccc1
O=C1C=CC2C(=C1)CCC1C2CCC2C(CC=NNc3ccccc3)CC21
O=C1C=CC2C(=C1)CCC1C2CCC2C(CC=NNc3ccccc3)CCC21
O=C1C=CC2C(=C1)CCC1C2CCC2C(C=NNc3ccccc3)CCC21
O=C1C=CC2C(=C1)CCC1C2CCC2C(C=NNc3ccccc3)CCC21
O=C1C=CC2C(=C1)CCC1C2CCC2C(C=NNc3ccccc3)CCC21
O=C1C=CC2C(=C1)CCC1C2CCC2C(C=NNCc3ccccc3)CCC21
O=C1C=CC2C(=C1)CCC1C2CCC2C(C=NCCc3ccccc3)CCC21
O=C1C=CC2C(=C1)CCC1C2CCC2C(C=NCCc3ccccc3)CCC21
O=C1C=CC2C(=C1)CCC1C2CCC2C(C=NCCCc3ccccc3)CCC21
O=C1C=CC2C(=C1)CCC1C2CCC2C(C=NCCCc3ccccc3)CCC21
O=C1C=CC2C(=C1)CCC1C2CCC2C(C=NCCCc3ccccc3)CCC21
O=C1C=CC2C(=C1)CCC1C2CCC2C(C=CCCCc3ccccc3)CCC21
C=C(NCCCc1ccccc1)C1CCC2C1CCC1C3C=CC(=O)C=C3CCC12
C=C(CCCCc1ccccc1)C1CCC2C1CCC1C3C=CC(=O)C=C3CCC12
C=C(CCCCc1ccccc1)C1CCC2C1CCC1C3C=CC(=O)C=C3CCC12
O=C1C=CC2C(=C1)CCC1C2CCC2C(C(=O)CCCCc3ccccc3)CCC21
O=C1C=CC2C(=C1)CCC1C2CCC2C(C(=O)CCCCc3ccccc3)CCC21
O=C1C=CC2C(=C1)CCC1C2CCC2C(C(=O)CCCCNc3ccccc3)CCC21
O=C1C=CC2C(=C1)CCC1C2CCC2C(C(=O)CCCCNc3ccccc3)CCC21
O=C1C=CC2C(=C1)CCC1C2CCC2C(C(=O)CCCCNc3ccccc3)CCC21
O=C1C=CC2C(=C1)CCC1C2CCC2C(C(=O)CCNc3ccccc3)CCC21
O=C1C=CC2C(=C1)CCC1C2CCC2C(C(=O)CCNc3ccccc3)CCC21
O=C1C=CC2C(=C1)CCC1C2CCC2C(C(=O)CCNc3ccccc3)CCC21
O=C1C=CC2C(=C1)CCC1C2CCC2C(C(=O)CCNc3ccccn3)CCC21
O=C1C=CC2C(=C1)CCC1C2CCC2C(C(=O)CCNc3ccccn3)CCC21
O=C1C=CC2C(=C1)CCC1C2CCC2C(C(=O)CNc3ccccn3)CCC21
O=C1C=CC2C(=C1)CCC1C2CCC2C(C(=O)CSc3ccccn3)CCC21
O=C(NCCCNC(=O)c1cnn(-c2ccccc2)c1)c1ccccc1
O=C(NC1CCN1C(=O)c1cnn(-c2ccccc2)c1)c1ccccc1
O=C(NC1CCN1C(=O)c1cnn(-c2ccccc2)c1)c1ccccc1
O=C(NC1CCN1C(=O)c1cnn(-c2ccccc2)c1)c1ccccc1
O=C(NC1CCN1C(=O)Cc1cnn(-c2ccccc2)c1)c1ccccc1
O=C(NC1CCN1C(=O)Cc1cnn(-c2ccccc2)c1)c1ccccc1
O=C(NC1CCN1C(=O)Cc1cnn(-c2ccccc2)c1)c1ccccc1
O=C(CC1CCN1C(=O)Cc1cnn(-c2ccccc2)c1)c1ccccc1
O=C(CC1CCN1C(=O)Cc1cnn(-c2ccccc2)c1)c1ccccc1
O=C(CC1CCN1C(=O)Cc1cnn(-c2ccccc2)c1)c1ccccc1
O=C1c2ccccc2CC1C1CCN1C(=O)Cc1cnn(-c2ccccc2)c1
O=C(Cc1cnn(-c2ccccc2)c1)N1CCC1C1Cc2ccccc2C1
O=C(Cc1cnn(-c2ccccc2)c1)N1CCC1C1Cc2ccccc21
O=C(Cc1cnn(-c2ccccc2)c1)N1CCC1C1Cc2ccccc21
O=C(Cc1cnn(-c2ccccc2)c1)N1CCCC1C1Cc2ccccc21
O=C(Cc1cnn(-c2ccccc2)c1)N1CCCC1C1Cc2ccccc21
O=C(Cc1cnn(-c2ccccc2)c1)N1CCCCC1C1Cc2ccccc21
O=C(Cc1cnn(-c2ccccc2)c1)N1CCCCC1C1Cc2ccccc21
O=C(Cc1cnn(-c2ccccc2)c1)N1CCCCC1C1Cc2ccccc21
O=C(Cc1cnn(-c2ccccc2)c1)C1CCCCC1C1Cc2ccccc21
O=C(Cc1cnn(-c2ccccc2)c1)C1CCCCCC1C1Cc2ccccc21
O=C(Cc1cnn(-c2ccccc2)c1)C1CCCCC1C1Cc2ccccc21
O=C(Cc1cnn(-c2ccccc2)c1)C1CCCC1C1Cc2ccccc21
O=C(Cc1ccc2c(c1)CC2C1CCCC1)Cc1cnn(-c2ccccc2)c1
O=C(Cc1ccc2c(c1)CC2C1CCCC1)Cc1cnn(-c2ccccc2)c1
O=C(Cc1ccc2c(c1)CC2C1CCCC1)Cc1cnn(-c2ccccc2)c1
O=C(Cc1ccc2c(c1)CC2C1CCCC1)Cc1cnn(-c2ccccc2)c1
O=C(Cc1cnn(-c2ccccc2)c1)c1ccc2c(c1)CC2C1CCCC1
O=C(Cc1cnn(-c2ccccc2)c1)c1ccc2c(c1)CC2C1CCCC1
O=C(Cc1cnn(-c2ccccc2)c1)c1ccc2c(c1)CC2C1CCCC1
O=C(Cc1cnn(-c2ccccc2)c1)c1ccc2c(c1)CC2C1CCCC1
O=C(Cc1cnn(-c2ccccc2)c1)c1ccc2c(c1)CC2C1CCCCC1
O=C(Cc1cnn(-c2ccccc2)c1)c1ccc2c(c1)CC2C1CCCCC1
O=C(Cc1cnn(-c2ccccc2)c1)c1ccc2c(c1)CC2C1CCCCC1
O=C(c1ccc2c(c1)CC2C1CCCCC1)c1cnn(-c2ccccc2)c1
O=C(c1ccc2c(c1)CC2C1CCCCC1)c1cnn(-c2ccccc2)c1
O=C(c1ccc2c(c1)CC2C1CCCCC1)c1cnn(-c2ccccc2)c1
O=C(c1ccc2c(c1)CC2C1CCCCC1)c1cnn(-c2ccccc2)c1
O=C(c1ccc2c(c1)CC2C1CCCCC1)c1cnn(-c2ccccc2)c1
O=C(c1ccc2c(c1)CC2C1CCCCCC1)c1cnn(-c2ccccc2)c1
O=C(c1ccc2c(c1)CC2C1CCCCC1)c1cnn(-c2ccccc2)c1
O=C(c1ccc2c(c1)CC2C1CCCCC1)c1cnn(-c2ccccc2)c1
O=C(c1ccc2c(c1)CC2C1CCCCC1)c1cnn(-c2ccccc2)c1
O=C(c1ccc2c(c1)CC2C1CCCC2CCC21)c1cnn(-c2ccccc2)c1
O=C(c1ccc2c(c1)CC2C1CCCC2CCC21)c1cnn(-c2ccccc2)c1
O=C(c1ccc2c(c1)CC2C1CCCC2CCC21)c1cnn(-c2ccccc2)c1
O=C(c1ccc2c(c1)CC2C1CCC2CCC21)c1cnn(-c2ccccc2)c1
O=C(c1ccc2c(c1)CC2C1CCC2CCC21)c1cnn(-c2ccccc2)c1
O=C(c1ccc2c(c1)CC2C1CCC2CCCC21)c1cnn(-c2ccccc2)c1
O=C(c1ccc2c(c1)CC2C1CCC2CCCC21)c1cnn(-c2ccccc2)c1
O=C(c1ccc2c(c1)CC2C1CCC2CCCC21)c1cnn(-c2ccccc2)c1
O=C(c1ccc2c(c1)CC2C1CCC2CCCC21)c1cnn(-c2ccccc2)c1
O=C(c1ccc2c(c1)CC2C1CCC2CCCC21)c1cnn(-c2ccccc2)c1
c1ccc(-n2cc(Cc3ccc4c(c3)CC4C3CCC4CCCC43)cn2)cc1
c1ccc(-n2cc(Cc3ccc4c(c3)CC4C3CCC4CCCC43)cn2)cc1
c1ccc(-n2cc(-c3ccc4c(c3)CC4C3CCC4CCCC43)cn2)cc1
c1ccc(-n2cc(-c3ccc4c(c3)CC4C3CCC4CCCC43)cn2)cc1
c1ccc(-n2cc(-c3ccc4c(c3)C4C3CCC4CCCC43)cn2)cc1
c1ccc(-n2cc(-c3ccc4c(c3)C4C3CCC4CCCC43)cn2)cc1
c1ccc(-n2cc(-c3ccc4c(c3)C4C3CCC4CCCC43)cn2)cc1
C(=Cc1cnn(-c2ccccc2)c1)C1=CC1C1CCC2CCCC21
C1=C(CCc2cnn(-c3ccccc3)c2)C1C1CCC2CCCC21
C1=C(Cc2cnn(-c3ccccc3)c2)C1C1CCC2CCCC21
C1=C(Cc2cnn(-c3ccccc3)c2)C1C1CCC2CCCC21
C1=C(Cc2cnn(-c3ccccc3)c2)C1C1CCC2CCCC21
C1=C(Cc2cnn(-c3ccccc3)c2)C1C1CCC2CCCC21
C1=C(c2cnn(-c3ccccc3)c2)C1C1CCC2CCCC21
C1=C(c2cnn(-c3ccccc3)c2)C1C1CCC2CCCC21
C1=C(c2cnn(-c3ccccc3)c2)C1C1CCC2CCCC21
C1=CC(C2CCC3CCCC32)Cc2cnn(-c3ccccc3)c2C1
C1=CC(C2CCC3CCCC32)Cc2cnn(-c3ccccc3)c2C1
C1=CC(C2CCC3CCCC32)CCc2cnn(-c3ccccc3)c2C1
C1=CC(C2CCC3CCCC32)CCc2cnn(-c3ccccc3)c21
C1=CC(C2CCC3CCCC32)CCc2cnn(-c3ccccc3)c21
C1=CC(C2CCC3CCCC32)Cc2cnn(-c3ccccc3)c21
C1=CC(C2CC3CCCC32)Cc2cnn(-c3ccccc3)c21
C1=CC(C2CC3CCCC3C2)Cc2cnn(-c3ccccc3)c21
C1=C2CC3C4CCCC4CC3C2Cc2cnn(-c3ccccc3)c21
C1=C2CC3C4CCCC4CC3C2CCc2cnn(-c3ccccc3)c21
C1=C2CCC3C4CCCC4CC3C2CCc2cnn(-c3ccccc3)c21
C1=C2CCC3C4CCCC4CCC3C2CCc2cnn(-c3ccccc3)c21
C1=C2CCC3C4CCCC4CCC3C2CCc2cnn(-c3ccccc3)c21
C1=C2CCC3C4CCCC4CCC3C2CCc2cnn(-c3ccccc3)c21
C1=C2CCC3C4CCCC4CCC3C2Cc2cnn(-c3ccccc3)c21
C1=C2CCC3C4CCCC4CCC3C2Cc2cnn(-c3ccccc3)c21
O=C(NCCCNC(=O)c1cnn(-c2ccccc2)c1)c1ccccc1
O=C(NCCCNC(=O)c1cnn(-c2ccccc2)c1)c1ccccc1
O=C(C=CNc1ccccc1)NCCCNC(=O)c1ccccc1
N=C1C(=CNc2ccccc2)C(=O)NC1CCNC(=O)c1ccccc1
N=C1C(=CNc2ccccc2)C(=O)NC1CNC(=O)c1ccccc1
N=C1C(=CNc2ccccc2)C(=O)NC1CNC(=O)c1ccccc1
N=C1C(=CNc2ccccc2)C(=O)NC1CNC(=O)c1ccccc1
N=C1C(=CNc2ccccc2)C(=O)NC1CNC(=O)c1ccccc1
N=C1C(=CNc2ccccc2)C(=O)NC1CNC(=O)c1ccccc1
N=C1C(=CNc2ccccc2)C(=O)NC1CNC(=O)c1ccccc1
N=C1C(=CNc2ccccc2)C(=O)NC1CCC(=O)c1ccccc1
N=C1C(=CNc2ccccc2)C(=O)NC1CCC(=O)c1ccccc1
N=C1C(=CNc2ccccc2)C(=O)NC1CCC(=O)c1ccccc1
N=C1C(=CNc2ccccc2)SC(=O)NC1CCC(=O)c1ccccc1
N=C1C(=CNc2ccccc2)SC(=O)NC1CCC(=O)c1ccccc1
N=C1C(=CNc2ccccc2)SC(=O)NC1CCC(=O)c1ccccc1
C=C1C(=CNc2ccccc2)SC(=O)NC1CCC(=O)c1ccccc1
C=C1C(=CNc2ccccc2)SC(=O)NC1CCC(=O)c1ccccc1
C=C1C(=CNc2ccccc2)SC(=O)NC1CCC(=O)c1ccccc1
C=C1C(=CNc2ccccc2)SC(=O)NC1CCC(=O)c1ccccc1
C=C1C(=CNc2ccccc2)SC(=O)NC1CCC(=O)c1ccccc1
C=C1C(=CNc2ccccc2)SC(=O)NC1CCCc1ccccc1
C=C1CNC(=O)SC1=CNc1ccc(CCc2ccccc2)cc1
C=C1CNC(=O)SC1=CNc1ccc(CCc2ccccc2)cc1
C=C1CNC(=O)SC1=CNc1ccc(CCCc2ccccc2)cc1
C=C1CNC(=O)SC1=CNc1ccc(CCCc2ccccc2)cc1
C=C1CNC(=O)SC1=CNc1ccc(CCc2ccccc2)cc1
C=C1CNC(=O)SC1=CNc1ccc(-c2ccccc2)cc1
C=C1CNC(=O)SC1=CNc1ccc(-c2ccccc2)cc1
C=C1CNC(=O)SC1=CNc1ccc(-c2ccccc2)cc1
O=C1NCC2=CC(Nc3ccc(-c4ccccc4)cc3)=C2S1
O=C1NCC2=CC(Nc3ccc(-c4ccccc4)cc3)=C2S1
O=C1NCC2=CC(Nc3ccc(-c4ccccc4)cc3)=C2S1
O=C1NCC2=CC(Nc3ccc(-c4ccccc4)cc3)=C2S1
O=C1NCC2=CC(Nc3ccc(-c4ccccc4)cc3)=C2S1
O=C1NCC2=CC(Nc3ccc(-c4ccccc4)cc3)=C2S1
O=C1NCC2=CC(Nc3ccc(-c4ccccc4)cc3)=C2S1
O=C1NCC2=CC(Nc3ccc(-c4ccccc4)cc3)=C2S1
O=C1NCC2=CC(Nc3ccc(-c4ccccc4)cc3)=C2S1
O=C1NCC2=CCC(Nc3ccc(-c4ccccc4)cc3)=C2S1
O=C1NCC2=CCC(Nc3ccc(-c4ccccc4)cc3)=C2S1
O=C1NCC2=CCC(Nc3ccc(-c4ccccc4)cc3)=C2S1
O=C1NCC2=CCC(Nc3ccc(-c4ccccc4)cc3)=C2S1
O=C1NCC2=CCC(Nc3ccc(-c4ccccc4)cc3)=C2S1
O=C1NCC2=CCC(Nc3ccc(-c4ccccc4)cc3)=C2S1
O=C1NCc2csc(Nc3ccc(-c4ccccc4)cc3)c2S1
O=C1NCc2csc(Nc3ccc(-c4ccccc4)cc3)c2S1
O=C1NCc2csc(Nc3ccc(-c4ccccc4)cc3)c2S1
O=C1NCc2csc(Nc3ccc(-c4ccccc4)cc3)c2S1
O=C1NCc2csc(Nc3ccc(-c4ccccc4)cc3)c2S1
O=C1NCc2csc(Nc3ccc(-c4ccccc4)cc3)c2S1
O=C1NCc2csc(Nc3ccc(-c4ccccc4)cc3)c2S1
O=C1NCc2csc(Nc3ccc(-c4ccccc4)cc3)c2S1
O=C1NCc2csc(Nc3ccc(-c4ccccc4)cc3)c2S1
O=C1NCc2csc(Nc3ccc(-c4ccccc4)cc3)c2S1
O=C1NCc2csc(Nc3ccc(-c4ccccc4)cc3)c2S1
O=C1NCc2csc(Nc3ccc(-c4ccccc4)cc3)c2S1
O=C1NCc2csc(Nc3ccc(-c4ccccc4)cc3)c2S1
O=C1NCc2csc(Nc3ccc(-c4ccccc4)cc3)c2S1
O=C1NCc2csc(Nc3ccc(-c4ccccc4)cc3)c2S1
O=C1NCc2csc(Nc3ccc(-c4ccccc4)cc3)c2S1
O=C1NCc2csc(Nc3ccc(-c4ccccc4)cc3)c2S1
O=C1NCc2csc(Nc3ccc(-c4ccccc4)cc3)c2S1
O=C1NCc2csc(Nc3ccc(-c4ccccc4)cc3)c2S1
O=C1NCc2csc(Nc3ccc(-c4ccccc4)cc3)c2S1
O=C1NCc2csc(Nc3ccc(-c4ccccc4)cc3)c2S1
O=C1NCc2csc(Nc3ccc(-c4ccccc4)cc3)c2S1
O=C1NCc2csc(Nc3ccc(-c4ccccc4)cc3)c2S1
O=C1NCc2csc(Nc3ccc(-c4ccccc4)cc3)c2S1
O=C1NCc2csc(Nc3ccc(-c4ccccc4)cc3)c2S1
O=C1NCc2csc(Nc3ccc(-c4ccccc4)cc3)c2S1
O=C1NCc2csc(Nc3ccc(-c4ccccc4)cc3)c2S1
O=C1NCc2csc(Nc3ccc(-c4ccccc4)cc3)c2S1
O=C1NCc2csc(Nc3ccc(-c4ccccc4)cc3)c2S1
O=C1NC(C2CC2)c2csc(Nc3ccc(-c4ccccc4)cc3)c2S1
O=C1NC(CC2CC2)c2csc(Nc3ccc(-c4ccccc4)cc3)c2S1
O=C1NCc2csc(Nc3ccc(-c4ccccc4)cc3)c2S1
O=C1NCc2csc(Nc3ccc(-c4ccccc4)cc3)c2S1
O=C1NCc2csc(Nc3ccc(-c4ccccc4)cc3)c2S1
O=C1NCc2csc(Nc3ccc(-c4ccccc4)cc3)c2S1
O=C1NCc2csc(Nc3ccc(-c4ccccc4)cc3)c2S1
O=C1NCc2csc(Nc3ccc(-c4ccccc4)cc3)c2S1
O=C1NCc2csc(Nc3ccc(-c4ccccc4)cc3)c2S1
O=C1NCc2csc(Nc3ccc(-c4ccccc4)cc3)c2S1
O=C1NCc2csc(Nc3ccc(-c4ccccc4)cc3)c2S1
O=C1NCc2csc(Nc3ccc(-c4ccccc4)cc3)c2S1
O=C1NCc2csc(Nc3ccc(-c4ccccc4)cc3)c2S1
O=C1NCc2csc(Nc3ccc(-c4ccccc4)cc3)c2S1
O=C1NCc2csc(Nc3ccc(-c4ccccc4)cc3)c2S1
O=C1NCc2csc(Nc3ccc(-c4ccccc4)cc3)c2S1
O=C1NCc2csc(Nc3ccc(-c4ccccc4)cc3)c2S1
O=C1NCc2csc(Nc3ccc(-c4ccccc4)cc3)c2S1
O=C1NCc2csc(Nc3ccc(-c4ccccc4)cc3)c2S1
O=C1NC(CC2CO2)c2csc(Nc3ccc(-c4ccccc4)cc3)c2S1
O=C1NC(CC2CO2)c2csc(Nc3ccc(-c4ccccc4)cc3)c2S1
O=C1NC(CC2CO2)c2csc(Nc3ccc(-c4ccccc4)cc3)c2S1
O=C1NCc2csc(Nc3ccc(-c4ccccc4)cc3)c2S1
O=C1NCc2csc(Nc3ccc(-c4ccccc4)cc3)c2S1
O=C1NCc2csc(Nc3ccc(-c4ccccc4)cc3)c2S1
O=C1NCc2csc(Nc3ccc(-c4ccccc4)cc3)c2S1
O=C1NCc2csc(Nc3ccc(-c4ccccc4)cc3)c2S1
O=C1NCc2csc(Nc3ccc(-c4ccccc4)cc3)c2S1
O=C1NCc2csc(Nc3ccc(-c4ccccc4)cc3)c2S1
O=C1NCc2csc(Nc3ccc(-c4ccccc4)cc3)c2S1
O=C1NCc2csc(Nc3ccc(-c4ccccc4)cc3)c2S1
O=C1NCc2csc(Nc3ccc(-c4ccccc4)cc3)c2S1
O=C1NCc2csc(Nc3ccc(-c4ccccc4)cc3)c2S1
O=C1NCc2csc(Nc3ccc(-c4ccccc4)cc3)c2S1
O=C1NCc2csc(Nc3ccc(-c4ccccc4)cc3)c2S1
O=C1NCc2csc(Nc3ccc(-c4ccccc4)cc3)c2S1
O=C1NCc2csc(Nc3ccc(-c4ccccc4)cc3)c2S1
O=C1NCc2csc(Nc3ccc(-c4ccccc4)cc3)c2S1
O=C1NCc2csc(Nc3ccc(-c4ccccc4)cc3)c2S1
O=C1NCc2csc(Nc3ccc(-c4ccccc4)cc3)c2S1
O=C1NCc2csc(Nc3ccc(-c4ccccc4)cc3)c2S1
O=C1NCc2csc(Nc3ccc(-c4ccccc4)cc3)c2S1
O=C1NCc2csc(Nc3ccc(-c4ccccc4)cc3)c2S1
O=C1NCc2csc(Nc3ccc(-c4ccccc4)cc3)c2S1
O=C1NCc2csc(Nc3ccc(-c4ccccc4)cc3)c2S1
O=C1NCc2csc(Nc3ccc(-c4ccccc4)cc3)c2S1
O=C1NCc2csc(Nc3ccc(-c4ccccc4)cc3)c2S1
O=C1NCc2csc(Nc3ccc(-c4ccccc4)cc3)c2S1
O=C1NCc2csc(Nc3ccc(-c4ccccc4)cc3)c2S1
O=C1NC(CCC2CC2)c2csc(Nc3ccc(-c4ccccc4)cc3)c2S1
O=C1NC(CC2CC2)c2csc(Nc3ccc(-c4ccccc4)cc3)c2S1
O=C1NC(C2CC2)c2csc(Nc3ccc(-c4ccccc4)cc3)c2S1
O=C1NCc2csc(Nc3ccc(-c4ccccc4)cc3)c2S1
O=C1NCc2csc(Nc3ccc(-c4ccccc4)cc3)c2S1
O=C1NCc2csc(Nc3ccc(-c4ccccc4)cc3)c2S1
O=C1NCc2csc(Nc3ccc(-c4ccccc4)cc3)c2S1
O=C1NCc2csc(Nc3ccc(-c4ccccc4)cc3)c2S1
O=C1NCc2csc(Nc3ccc(-c4ccccc4)cc3)c2S1
O=C1NCc2csc(Nc3ccc(-c4ccccc4)cc3)c2S1
O=C1NCc2csc(Nc3ccc(-c4ccccc4)cc3)c2S1
O=C1NCc2csc(Nc3ccc(-c4ccccc4)cc3)c2S1
O=C1NCc2csc(Nc3ccc(-c4ccccc4)cc3)c2S1
O=C1NCc2csc(Nc3ccc(-c4ccccc4)cc3)c2S1
O=C1NCc2csc(Nc3ccc(-c4ccccc4)cc3)c2S1
O=C1NCc2csc(Nc3ccc(-c4ccccc4)cc3)c2S1
O=C1NCc2csc(Nc3ccc(-c4ccccc4)cc3)c2S1
O=C1NCc2csc(Nc3ccc(-c4ccccc4)cc3)c2S1
O=C1NCc2csc(Nc3ccc(-c4ccccc4)cc3)c2S1
O=C1NCc2csc(Nc3ccc(-c4ccccc4)cc3)c2S1
O=C1NCc2csc(Nc3ccc(-c4ccccc4)cc3)c2S1
O=C1NCc2csc(Nc3ccc(-c4ccccc4)cc3)c2S1
O=C1NCc2csc(Nc3ccc(-c4ccccc4)cc3)c2S1
O=C1NCc2csc(Nc3ccc(-c4ccccc4)cc3)c2S1
O=C1NCc2csc(Nc3ccc(-c4ccccc4)cc3)c2S1
O=C1NCc2csc(Nc3ccc(-c4ccccc4)cc3)c2S1
O=C1NCc2csc(Nc3ccc(-c4ccccc4)cc3)c2S1
O=C1NCc2csc(Nc3ccc(-c4ccccc4)cc3)c2S1
O=C1NCc2csc(Nc3ccc(-c4ccccc4)cc3)c2S1
O=C1NCc2csc(Nc3ccc(-c4ccccc4)cc3)c2S1
O=C1NCc2csc(Nc3ccc(-c4ccccc4)cc3)c2S1
O=C1NCc2csc(Nc3ccc(-c4ccccc4)cc3)c2S1
O=C1NCc2csc(Nc3ccc(-c4ccccc4)cc3)c2S1
O=C1NCc2csc(Nc3ccc(-c4ccccc4)cc3)c2S1
O=C1NCc2csc(Nc3ccc(-c4ccccc4)cc3)c2S1
O=C1NCc2csc(Nc3ccc(-c4ccccc4)cc3)c2S1
O=C1NCc2csc(Nc3ccc(-c4ccccc4)cc3)c2S1
O=C1NCc2csc(Nc3ccc(-c4ccccc4)cc3)c2S1
O=C1NCc2csc(Nc3ccc(-c4ccccc4)cc3)c2S1
O=C1NCc2csc(Nc3ccc(-c4ccccc4)cc3)c2S1
O=C1NCc2csc(Nc3ccc(-c4ccccc4)cc3)c2S1
O=C1NCc2csc(Nc3ccc(-c4ccccc4)cc3)c2S1
O=C1NCc2csc(Nc3ccc(-c4ccccc4)cc3)c2S1
O=C1NCc2csc(Nc3ccc(-c4ccccc4)cc3)c2S1
O=C1NCc2csc(Nc3ccc(-c4ccccc4)cc3)c2S1
O=C1NCc2csc(Nc3ccc(-c4ccccc4)cc3)c2S1
O=C1NCc2csc(Nc3ccc(-c4ccccc4)cc3)c2S1
O=C1NCc2csc(Nc3ccc(-c4ccccc4)cc3)c2S1
O=C1NCc2csc(Nc3ccc(-c4ccccc4)cc3)c2S1
O=C1NCc2csc(Nc3ccc(-c4ccccc4)cc3)c2S1
O=C1NCc2csc(Nc3ccc(-c4ccccc4)cc3)c2S1
O=C1NCc2csc(Nc3ccc(-c4ccccc4)cc3)c2S1
O=C1NCC2=CCC(Nc3ccc(-c4ccccc4)cc3)=C2S1
O=C1NCC2=CCC(Nc3ccc(-c4ccccc4)cc3)=C2S1
O=C1NCC2=CCC(Nc3ccc(-c4ccccc4)cc3)=C2S1
O=C1NCC2=CC(Nc3ccc(-c4ccccc4)cc3)=C2S1
O=C1NCC2=CC(Nc3ccc(-c4ccccc4)cc3)=C2S1
O=C1NCC2=CC(Nc3ccc(-c4ccccc4)cc3)=C2S1
O=C1NCC2=CC(Nc3ccc(-c4ccccc4)cc3)=C2S1
O=C1NCC2=CC(Nc3ccc(-c4ccccc4)cc3)=C2S1
O=C1NCc2csc(Nc3ccc(-c4ccccc4)cc3)c2S1
O=C1NCc2csc(Nc3ccc(-c4ccccc4)cc3)c2S1
O=C1NCc2csc(Nc3ccc(-c4ccccc4)cc3)c2S1
O=C1NCc2csc(Nc3ccc(-c4ccccc4)cc3)c2S1
O=C1NCc2csc(Nc3ccc(-c4ccccc4)cc3)c2S1
O=C1NCc2csc(Nc3ccc(-c4ccccc4)cc3)c2S1
O=C1NCc2csc(Nc3ccc(-c4ccccc4)cc3)c2S1
O=C1NCc2csc(Nc3ccc(-c4ccccc4)cc3)c2S1
O=C1NCc2csc(Nc3ccc(-c4ccccc4)cc3)c2S1
O=C1NCc2csc(Nc3ccc(-c4ccccc4)cc3)c2S1
O=C1NCc2csc(Nc3ccc(-c4ccccc4)cc3)c2S1
O=C1NCc2csc(Nc3ccc(-c4ccccc4)cc3)c2S1
O=C1NCc2csc(Nc3ccc(-c4ccccc4)cc3)c2S1
O=C1NCc2csc(Nc3ccc(-c4ccccc4)cc3)c2S1
O=C1NCc2csc(Nc3ccc(-c4ccccc4)cc3)c2S1
O=C1NCc2csc(Nc3ccc(-c4ccccc4)cc3)c2S1
O=C1NCc2csc(Nc3ccc(-c4ccccc4)cc3)c2S1
O=C1NCc2csc(Nc3ccc(-c4ccccc4)cc3)c2S1
O=C1NCc2csc(Nc3ccc(-c4ccccc4)cc3)c2S1
O=C1NCc2csc(Nc3ccc(-c4ccccc4)cc3)c2S1
O=C1NCc2csc(Nc3ccc(-c4ccccc4)cc3)c2S1
O=C1NCc2csc(Nc3ccc(-c4ccccc4)cc3)c2S1
O=C1NCc2csc(Nc3ccc(-c4ccccc4)cc3)c2S1
O=C1NCc2csc(Nc3ccc(-c4ccccc4)cc3)c2S1
O=C1NCc2csc(Nc3ccc(-c4ccccc4)cc3)c2S1
O=C1NCc2csc(Nc3ccc(-c4ccccc4)cc3)c2S1
O=C1NCc2csc(Nc3ccc(-c4ccccc4)cc3)c2S1
O=C1NCc2csc(Nc3ccc(-c4ccccc4)cc3)c2S1
O=C1NCc2csc(Nc3ccc(-c4ccccc4)cc3)c2S1
O=C1NCc2csc(Nc3ccc(-c4ccccc4)cc3)c2S1
O=C1NCc2csc(Nc3ccc(-c4ccccc4)cc3)c2S1
O=C1NCc2csc(Nc3ccc(-c4ccccc4)cc3)c2S1
O=C1NCc2csc(Nc3ccc(-c4ccccc4)cc3)c2S1
O=C1NCc2csc(Nc3ccc(-c4ccccc4)cc3)c2S1
O=C1NCc2csc(Nc3ccc(-c4ccccc4)cc3)c2S1
O=C1NCc2csc(Nc3ccc(-c4ccccc4)cc3)c2S1
O=C1NCc2csc(Nc3ccc(-c4ccccc4)cc3)c2S1
O=C1NCc2csc(Nc3ccc(-c4ccccc4)cc3)c2S1
O=C1NCc2csc(Nc3ccc(-c4ccccc4)cc3)c2S1
O=C1NCc2csc(Nc3ccc(-c4ccccc4)cc3)c2S1
O=C1NCc2csc(Nc3ccc(-c4ccccc4)cc3)c2S1
O=C1NCc2csc(Nc3ccc(-c4ccccc4)cc3)c2S1
O=C1NCc2csc(Nc3ccc(-c4ccccc4)cc3)c2S1
O=C1NCc2csc(Nc3ccc(-c4ccccc4)cc3)c2S1
O=C1NCc2csc(Nc3ccc(-c4ccccc4)cc3)c2S1
O=C1NCc2csc(Nc3ccc(-c4ccccc4)cc3)c2S1
O=C1NCc2csc(Nc3ccc(-c4ccccc4)cc3)c2S1
O=C1NCc2csc(Nc3ccc(-c4ccccc4)cc3)c2S1
O=C1NCc2csc(Nc3ccc(-c4ccccc4)cc3)c2S1
O=C1NCc2csc(Nc3ccc(-c4ccccc4)cc3)c2S1
O=C1NCc2csc(Nc3ccc(-c4ccccc4)cc3)c2S1
O=C1NCc2csc(Nc3ccc(-c4ccccc4)cc3)c2S1
O=C1NCc2csc(Nc3ccc(-c4ccccc4)cc3)c2S1
O=C1NCc2csc(Nc3ccc(-c4ccccc4)cc3)c2S1
O=C1NCc2csc(Nc3ccc(-c4ccccc4)cc3)c2S1
O=C1NCc2csc(Nc3ccc(-c4ccccc4)cc3)c2S1
O=C1NCc2csc(Nc3ccc(-c4ccccc4)cc3)c2S1
O=C1NCc2csc(Nc3ccc(-c4ccccc4)cc3)c2S1
O=C1NCc2csc(Nc3ccc(-c4ccccc4)cc3)c2S1
O=C1NCc2csc(Nc3ccc(-c4ccc5c(c4)CCO5)cc3)c2S1
O=C1NCc2csc(Nc3ccc(-c4ccc5c(c4)CCO5)cc3)c2S1
O=C1NCc2csc(Nc3ccc(-c4ccccc4)cc3)c2S1
O=C1NCc2csc(Nc3ccc(-c4ccccc4)cc3)c2S1
O=C1NCc2csc(Nc3ccc(-c4ccccc4)cc3)c2S1
O=C1NCc2csc(Nc3ccc(-c4ccccc4)cc3)c2S1
O=C1NCc2csc(Nc3ccc(-c4ccccc4)cc3)c2S1
O=C1NCc2csc(Nc3ccc(-c4ccccc4)cc3)c2S1
O=C1NCc2csc(Nc3ccc(-c4ccccc4)cc3)c2S1
O=C1NCc2csc(Nc3ccc(-c4ccccc4)cc3)c2S1
O=C1NCc2csc(Nc3ccc(-c4ccccc4)cc3)c2S1
O=C1NCc2csc(Nc3ccc(-c4ccccc4)cc3)c2S1
O=C1NCc2csc(Nc3ccc(-c4ccccc4)cc3)c2S1
O=C1NCc2csc(Nc3ccc(-c4ccccc4)cc3)c2S1
O=C1NCc2csc(Nc3ccc(-c4ccccc4)cc3)c2S1
O=C1NCc2csc(Nc3ccc(-c4ccccc4)cc3)c2S1
O=C1NCc2csc(Nc3ccc(-c4ccccc4)cc3)c2S1
O=C1NCc2csc(Nc3ccc(-c4ccccc4)cc3)c2S1
O=C1NCc2csc(Nc3ccc(-c4ccccc4)cc3)c2S1
O=C1NCc2csc(Nc3ccc(-c4ccccc4)cc3)c2S1
O=C1NCc2csc(Nc3ccc(-c4ccccc4)cc3)c2S1
O=C1NCc2csc(Nc3ccc(-c4ccccc4)cc3)c2S1
O=C1NCc2csc(Nc3ccc(-c4ccccc4)cc3)c2S1
O=C1NCc2csc(Nc3ccc(-c4ccccc4)cc3)c2S1
O=C1NCc2csc(Nc3ccc(-c4ccccc4)cc3)c2S1
O=C1NCc2csc(Nc3ccc(-c4ccccc4)cc3)c2S1
O=C1NCc2csc(Nc3ccc(-c4ccccc4)cc3)c2S1
O=C1NCc2csc(Nc3ccc(-c4ccccc4)cc3)c2S1
O=C1NCc2csc(Nc3ccc(-c4ccccc4)cc3)c2S1
O=C1NCc2csc(Nc3ccc(-c4ccccc4)cc3)c2S1
O=C1NCc2csc(Nc3ccc(-c4ccccc4)cc3)c2S1
O=C1NCc2csc(Nc3ccc(-c4ccccc4)cc3)c2S1
O=C1NCc2csc(Nc3ccc(-c4ccccc4)cc3)c2S1
O=C1NCc2csc(Nc3ccc(-c4ccccc4)cc3)c2S1
O=C1NCc2csc(Nc3ccc(-c4ccccc4)cc3)c2S1
O=C1NCc2csc(Nc3ccc(-c4ccccc4)cc3)c2S1
O=C1NCc2csc(Nc3ccc(-c4ccccc4)cc3)c2S1
O=C1NCc2csc(Nc3ccc(-c4ccccc4)cc3)c2S1
O=C1NCc2csc(Nc3ccc(-c4ccccc4)cc3)c2S1
O=C1NCc2csc(Nc3ccc(-c4ccccc4)cc3)c2S1
O=C1NCc2csc(Nc3ccc(-c4ccccc4)cc3)c2S1
O=C1NCc2csc(Nc3ccc(-c4ccccc4)cc3)c2S1
O=C1NCc2csc(Nc3ccc(-c4ccccc4)cc3)c2S1
O=C1NCc2csc(Nc3ccc(-c4ccccc4)cc3)c2S1
O=C1NCc2csc(Nc3ccc(-c4ccccc4)cc3)c2S1
O=C1NCc2csc(Nc3ccc(-c4ccccc4)cc3)c2S1
O=C1NCc2csc(Nc3ccc(-c4ccccc4)cc3)c2S1
O=C1NCc2csc(Nc3ccc(-c4ccccc4)cc3)c2S1
O=C1NCc2csc(Nc3ccc(-c4ccccc4)cc3)c2S1
O=C1NCc2csc(Nc3ccc(-c4ccccc4)cc3)c2S1
O=C1NCc2csc(Nc3ccc(-c4ccccc4)cc3)c2S1
O=C1NCc2csc(Nc3ccc(-c4ccccc4)cc3)c2S1
O=C1NCc2csc(Nc3ccc(-c4ccccc4)cc3)c2S1
O=C1NCc2csc(Nc3ccc(-c4ccccc4)cc3)c2S1
O=C1NCc2csc(Nc3ccc(-c4ccccc4)cc3)c2S1
O=C1NCc2csc(Nc3ccc(-c4ccccc4)cc3)c2S1
O=C1NCc2csc(Nc3ccc(-c4ccccc4)cc3)c2S1
O=C1NCc2csc(Nc3ccc(-c4ccccc4)cc3)c2S1
O=C1NCc2csc(Nc3ccc(-c4ccccc4)cc3)c2S1
O=C1NCc2csc(Nc3ccc(-c4ccccc4)cc3)c2S1
O=C1NCc2csc(Nc3ccc(-c4ccccc4)cc3)c2S1
O=C1NCc2csc(Nc3ccc(-c4ccccc4)cc3)c2S1
O=C1NCc2csc(Nc3ccc(-c4ccccc4)cc3)c2S1
O=C1NCc2csc(Nc3ccc(-c4ccccc4)cc3)c2S1
O=C1NCc2csc(Nc3ccc(-c4ccccc4)cc3)c2S1
O=C1NCc2csc(Nc3ccc(-c4ccccc4)cc3)c2S1
O=C1NCc2csc(Nc3ccc(-c4ccccc4)cc3)c2S1
O=C1NCc2csc(Nc3ccc(-c4ccccc4)cc3)c2S1
O=C1NCc2csc(Nc3ccc(-c4ccccc4)cc3)c2S1
O=C1NCc2csc(Nc3ccc(-c4cccnc4)cc3)c2S1
O=C1NCc2csc(Nc3ccc(-c4cccnc4)cc3)c2S1
O=C1NCc2csc(Nc3ccc(-c4cccnc4)cc3)c2S1
O=C1NCc2csc(Nc3ccc(-c4cccnc4)cc3)c2S1
O=C1NCc2csc(Nc3ccc(-c4cccnc4)cc3)c2S1
O=C1NCc2csc(Nc3ccc(-c4cccnc4)cc3)c2S1
O=C1NCc2csc(Nc3ccc(-c4cccnc4)cc3)c2S1
O=C1NCc2csc(Nc3ccc(-c4cccnc4)cc3)c2S1
O=C1NCc2csc(Nc3ccc(-c4cccnc4)cc3)c2S1
O=C1NCc2csc(Nc3ccc(-c4cccnc4)cc3)c2S1
O=C1NCc2csc(Nc3ccc(-c4cccnc4)cc3)c2S1
O=C1NCc2csc(Nc3ccc(-c4cccnc4)cc3)c2S1
O=C1NC(C2CCC2)c2csc(Nc3ccc(-c4cccnc4)cc3)c2S1
O=C1NC(C2CCC2)c2csc(Nc3ccc(-c4cccnc4)cc3)c2S1
O=C1NCc2csc(Nc3ccc(-c4cccnc4)cc3)c2S1
O=C1NCc2csc(Nc3ccc(-c4cccnc4)cc3)c2S1
O=C1NCc2csc(Nc3ccc(-c4cccnc4)cc3)c2S1
O=C1NCc2csc(Nc3ccc(-c4cccnc4)cc3)c2S1
O=C1NCc2csc(Nc3ccc(-c4cccnc4)cc3)c2S1
O=C1NCc2csc(Nc3ccc(-c4cccnc4)cc3)c2S1
O=C1NCc2csc(Nc3ccc(-c4cccnc4)cc3)c2S1
O=C1NCc2csc(Nc3ccc(-c4cccnc4)cc3)c2S1
O=C1NCc2csc(Nc3ccc(-c4cccnc4)cc3)c2S1
O=C1NCc2csc(Nc3ccc(-c4cccnc4)cc3)c2S1
O=C1NCc2csc(Nc3ccc(-c4cccnc4)cc3)c2S1
O=C1NCc2csc(Nc3ccc(-c4cccnc4)cc3)c2S1
O=C1NC(CCC2CO2)c2csc(Nc3ccc(-c4cccnc4)cc3)c2S1
O=C1NC(CC2CO2)c2csc(Nc3ccc(-c4cccnc4)cc3)c2S1
O=C1NCc2csc(Nc3ccc(-c4cccnc4)cc3)c2S1
O=C1NCc2csc(Nc3ccc(-c4ccccc4)cc3)c2S1
O=C1NCc2csc(Nc3ccc(-c4ccccc4)cc3)c2S1
O=C1NCc2csc(Nc3ccc(-c4ccccc4)cc3)c2S1
O=C1NCc2csc(Nc3ccc(-c4ccccc4)cc3)c2S1
O=C1NCc2csc(Nc3ccc(-c4ccccc4)cc3)c2S1
O=C1NCc2csc(Nc3ccc(-c4ccccc4)cc3)c2S1
O=C1NCc2csc(Nc3ccc(-c4ccccc4)cc3)c2S1
O=C1NCc2csc(Nc3ccc(-c4ccccc4)cc3)c2S1
O=C1NCc2csc(Nc3ccc(-c4ccccc4)cc3)c2S1
O=C1NCc2csc(Nc3ccc(-c4ccccc4)cc3)c2S1
O=C1NCc2csc(Nc3ccc(-c4ccccc4)cc3)c2S1
O=C1NCc2csc(Nc3ccc(-c4ccccc4)cc3)c2S1
O=C1NCc2csc(Nc3ccc(-c4ccccc4)cc3)c2S1
O=C1NCc2csc(Nc3ccc(-c4ccccc4)cc3)c2S1
O=C1NCc2csc(Nc3ccc(-c4ccccc4)cc3)c2S1
O=C1NCc2csc(Nc3ccc(-c4ccccc4)cc3)c2S1
O=C1NCc2csc(Nc3ccc(-c4ccccc4)cc3)c2S1
O=C1NCc2csc(Nc3ccc(-c4ccccc4)cc3)c2S1
O=C1NCc2csc(Nc3ccc(-c4ccccc4)cc3)c2S1
O=C1NCc2csc(Nc3ccc(-c4ccccc4)cc3)c2S1
O=C1NCc2csc(Nc3ccc(-c4ccccc4)cc3)c2S1
O=C1NCc2csc(Nc3ccc(-c4ccccc4)cc3)c2S1
O=C1NCc2csc(Nc3ccc(-c4ccccc4)cc3)c2S1
O=C1NCc2csc(Nc3ccc(-c4ccccc4)cc3)c2S1
O=C1NCc2csc(Nc3ccc(-c4ccccc4)cc3)c2S1
O=C1NCc2csc(Nc3ccc(-c4ccccc4)cc3)c2S1
O=C1NCc2csc(Nc3ccc(-c4ccccc4)cc3)c2S1
O=C1NCc2csc(Nc3ccc(-c4ccccc4)cc3)c2S1
O=C1NCc2csc(Nc3ccc(-c4ccccc4)cc3)c2S1
O=C1NCc2csc(Nc3ccc(-c4ccccc4)cc3)c2S1
O=C1NCc2csc(Nc3ccc(-c4ccccc4)cc3)c2S1
O=C1NCc2csc(Nc3ccc(-c4ccccc4)cc3)c2S1
O=C1NCc2csc(Nc3ccc(-c4ccccc4)cc3)c2S1
O=C1NCc2csc(Nc3ccc(-c4ccccc4)cc3)c2S1
O=C1NCc2csc(Nc3ccc(-c4ccccc4)cc3)c2S1
O=C1NCc2csc(Nc3ccc(-c4ccccc4)cc3)c2S1
O=C1NCc2csc(Nc3ccc(-c4ccccc4)cc3)c2S1
O=C1NCc2csc(Nc3ccc(-c4ccccc4)cc3)c2S1
O=C1NCc2csc(Nc3ccc(-c4ccccc4)cc3)c2S1
O=C1NCc2csc(Nc3ccc(-c4ccccc4)cc3)c2S1
O=C1NCc2csc(Nc3ccc(-c4ccccc4)cc3)c2S1
O=C1NCc2csc(Nc3ccc(-c4ccccc4)cc3)c2S1
O=C1NCc2csc(Nc3ccc(-c4ccccc4)cc3)c2S1
O=C1NCc2csc(Nc3ccc(-c4ccccc4)cc3)c2S1
O=C1NCc2csc(Nc3ccc(-c4ccccc4)cc3)c2S1
O=C1NCc2csc(Nc3ccc(-c4ccccc4)cc3)c2S1
O=C1NCc2csc(Nc3ccc(-c4ccccc4)cc3)c2S1
O=C1NCc2csc(Nc3ccc(-c4ccccc4)cc3)c2S1
O=C1NCNc2csc(Nc3ccc(-c4ccccc4)cc3)c2S1
O=C1NCNc2csc(Nc3ccc(-c4ccccc4)cc3)c2S1
O=C1CCNc2csc(Nc3ccc(-c4ccccc4)cc3)c2S1
O=C1CCNc2csc(Nc3ccc(-c4ccccc4)cc3)c2S1
O=C1CNc2csc(Nc3ccc(-c4ccccc4)cc3)c2S1
O=C1CNc2csc(Nc3ccc(-c4ccccc4)cc3)c2S1
O=C1CNc2csc(Nc3ccc(-c4ccccc4)cc3)c2S1
O=C1CNc2csc(Nc3ccc(-c4ccccc4)cc3)c2S1
O=C1CNc2csc(Nc3ccc(-c4ccccc4)cc3)c2S1
O=C1CNc2csc(Nc3ccc(-c4ccccc4)cc3)c2S1
O=C1CNc2csc(Nc3ccc(-c4ccccc4)cc3)c2S1
O=C1CNc2csc(Nc3ccc(-c4ccccc4)cc3)c2S1
O=C1CNc2csc(Nc3ccc(-c4ccccc4)cc3)c2S1
O=C1CNc2csc(Nc3ccc(-c4ccccc4)cc3)c2S1
O=C1CNc2csc(Nc3ccc(-c4ccccc4)cc3)c2S1
O=C1CNc2csc(Nc3ccc(-c4ccccc4)cc3)c2S1
O=C1CNc2csc(Nc3ccc(-c4ccccc4)cc3)c2S1
O=C1CNc2csc(Nc3ccc(-c4ccccc4)cc3)c2S1
O=C1CNc2csc(Nc3ccc(-c4ccccc4)cc3)c2S1
O=C1CNc2csc(Nc3ccc(-c4ccccc4)cc3)c2S1
O=C1CNc2csc(Nc3ccc(-c4ccccc4)cc3)c2S1
O=C1CNc2csc(Nc3ccc(-c4ccccc4)cc3)c2S1
O=C1CNc2csc(Nc3ccc(-c4ccccc4)cc3)c2S1
O=C1CNc2csc(Nc3ccc(-c4ccccc4)cc3)c2S1
O=C1Cc2cc(-c3ccccc3)ccc2Nc2sccc2S1
O=C1Cc2cc(-c3ccccc3)ccc2Nc2sccc2S1
O=C1Cc2cc(-c3ccccc3)ccc2NC=CS1
O=C1Cc2cc(-c3ccccc3)ccc2NC=CS1
O=C1Cc2cc(-c3ccccc3)ccc2NCS1
O=C1Cc2cc(-c3ccccc3)ccc2NCS1
O=C1CCNc2ccc(-c3ccccc3)cc2C1
O=C1CNc2ccc(-c3ccccc3)cc2C1
O=C1CNc2ccc(-c3ccccc3)cc2C1
O=C1CNc2ccc(-c3ccccc3)cc2C1
O=C1CNc2ccc(-c3ccccc3)cc2C1
O=C1CNc2ccc(-c3ccccc3)cc2C1
O=C1CNc2ccc(-c3ccccc3)cc2C1
O=C1CNc2ccc(-c3ccccc3)cc2C1
O=C1CNc2ccc(-c3ccccc3)cc2C1
O=C1CNc2ccc(-c3ccccc3)cc2C1
O=C1CNc2ccc(-c3ccccc3)cc2C1
O=C1CNc2ccc(-c3ccccc3)cc2C1
O=C1CNc2ccc(-c3ccccc3)cc2C1
O=C1CNc2ccc(-c3ccccc3)cc2C1
O=C1CNc2ccc(-c3ccccc3)cc2C1
O=C1CNc2ccc(-c3ccccc3)cc2C1
O=C1CNc2ccc(-c3ccccc3)cc2C1
O=C1CNc2ccc(-c3ccccc3)cc2C1
O=C1CNc2ccc(-c3ccccc3)cc2C1
O=C1CNc2ccc(-c3ccccc3)cc2C1
O=C1CNc2ccc(-c3ccccc3)cc2C1
O=C1CNc2ccc(-c3ccccc3)cc2C1
O=C1CNc2ccc(-c3ccccc3)cc2C1
O=C1CNc2ccc(-c3ccccc3)cc2C1
O=C1CNc2ccc(-c3ccccc3)cc2C1
O=C1CNc2ccc(-c3cccs3)cc2C1
O=C1CNc2ccc(-c3cccs3)cc2C1
O=C1CNc2ccc(-c3ccc(C4CC4)s3)cc2C1
O=C1CNc2ccc(-c3cccs3)cc2C1
O=C1CNc2ccc(-c3cccs3)cc2C1
O=C1CNc2ccc(-c3cccs3)cc2C1
O=C1CNc2ccc(-c3cccs3)cc2C1
O=C1CNc2ccc(-c3cccs3)cc2C1
O=C(NCCCNC(=O)c1cnn(-c2ccccc2)c1)c1ccccc1
O=C(NCCCNC(=O)c1cnn(-c2ccccc2)c1)c1ccccc1
O=C(NCCCNC(=O)c1cnn2c1[nH]c1ccccc12)c1ccccc1
O=C(NCCCNC(=O)c1cnn2c1[nH]c1ccccc12)c1ccccc1
C=C(NCCCNC(=O)c1cnn2c1[nH]c1ccccc12)c1ccccc1
C=C(NCCCNC(=O)c1cn[nH]c2ccccc2[nH]c1)c1ccccc1
C=C(NCCCNC(=O)c1cn[nH]c2ccccc2[nH]c1)c1ccccc1
C=C(NCCCNC(=O)c1cn[nH]c2ccccc2[nH]c1)c1ccccc1
C=C(NCCCNC(=O)c1cn[nH]c2ccccc2[nH]c1)c1ccccc1
C=C(NCCCNC(=O)Cc1cn[nH]c2ccccc2[nH]c1)c1ccccc1
c1ccc(-c2cc[nH]c3ccccc3[nH]n2)cc1
c1ccc(-c2cc[nH]c3ccccc3[nH]n2)cc1
c1ccc(-c2cc[nH]c3ccccc3[nH]n2)cc1
c1ccc(-c2cc[nH]c3ccccc3[nH]n2)cc1
c1ccc(-c2cc[nH]c3ccccc3[nH]n2)cc1
c1ccc(-c2cc[nH]c3ccccc3[nH]n2)cc1
c1ccc(-c2cc[nH]c3ccccc3[nH]n2)cc1
c1ccc(-c2cc[nH]c3ccccc3[nH]n2)cc1
c1ccc(-c2cc[nH]c3ccccc3[nH]n2)cc1
c1ccc(-c2cc[nH]c3ccccc3[nH]n2)cc1
c1ccc(-c2cc[nH]c3ccccc3[nH]n2)cc1
c1ccc(-c2cc[nH]c3ccccc3[nH]n2)cc1
c1ccc(-c2cc[nH]c3ccccc3[nH]n2)cc1
c1ccc(-c2cc[nH]c3ccccc3[nH]n2)cc1
c1ccc(-c2cc[nH]c3ccccc3[nH]c2)cc1
c1ccc(-c2cc[nH]c3ccccc3[nH]c2)cc1
c1ccc(-c2cc[nH]c3ccccc3[nH]c2)cc1
c1ccc(-c2cc[nH]c3ccccc3[nH]c2)cc1
c1ccc(-c2cc[nH]c3ccccc3[nH]c2)cc1
c1ccc(-c2cc[nH]c3ccccc3[nH]c2)cc1
c1ccc(-c2cc[nH]c3ccccc3[nH]c2)cc1
c1ccc(CCCCc2ccc[nH]c3ccccc3[nH]2)cc1
c1ccc(CCCCc2ccc[nH]c3ccccc3[nH]2)cc1
C=C(CCCCc1ccccc1)Nc1ccccc1
C1=C(CCCCc2ccccc2)Nc2ccccc2NC1
C1=C(CCCCc2ccccc2)Nc2ccccc2N1
C1=C(CCCCc2ccccc2)Nc2ccccc2N1
C1=C(CCCCc2ccccc2)Nc2ccccc2C1
C1=C(CCCCc2ccccc2)Nc2ccccc2C1
c1ccc(CCCCc2cc3ccccc3[nH]2)cc1
c1ccc(CCCCc2cc3ccccc3[nH]2)cc1
c1ccc(CCCCc2cc3ccccc3[nH]2)cc1
c1ccc(CCCCc2cc3ccccc3[nH]2)cc1
c1ccc(CCCCc2cc3ccccc3[nH]2)cc1
c1ccc(CCCCc2cc3ccccc3[nH]2)cc1
O=C(NCCCNC(=O)c1cnn(-c2ccccc2)c1)c1ccccc1
O=C(CCCCNC(=O)c1cnn(-c2ccccc2)c1)c1ccccc1
O=C(CCCCc1ccccc1-n1cccn1)c1ccccc1
O=C(CCCCc1ccccc1-n1cccn1)c1ccccc1
O=C(CCCCc1ccccc1-n1cccn1)c1ccccc1
O=C(CCCCc1ccccc1-n1cccn1)c1ccccc1
O=C(CCCCc1ccccc1-n1cccn1)c1ccccc1
O=C(CCCCc1ccccc1-n1cccn1)c1ccccc1
c1ccc(CCCCCc2ccccc2-n2cccn2)cc1
c1ccc(CCCCCc2ccccc2-n2cccn2)cc1
c1ccc(CCCCCc2ccccc2-n2cccn2)cc1
c1ccc(CCCCCc2ccccc2-n2cccn2)cc1
c1ccc(CCCCc2ccccc2-n2cccn2)cc1
c1ccc(CCCCc2ccccc2-n2cccn2)cc1
c1ccc(CCCCc2ccccc2-n2cccn2)cc1
c1ccc(CCCCc2ccccc2-n2cccn2)cc1
c1ccc(CCCCc2ccccc2-n2cccn2)cc1
C1=CN(c2ccccc2CCCCc2ccccc2)N=1
c1ccc(CCCCc2ccccc2)cc1
c1ccc(CCCCc2ccccc2)cc1
c1ccc(CCCCc2ccccc2)cc1
c1ccc(CCCCc2ccccc2)cc1
c1ccc(CCCCc2ccccc2)cc1
c1ccc(CCCCc2ccccc2)cc1
c1ccc(CCCCc2ccccc2)cc1
c1ccc(CCCCc2ccccc2)cc1
O=C(NCCCNC(=O)c1cnn(-c2ccccc2)c1)c1ccccc1
O=C(NCCCNC(=O)c1cnn(-c2ccccc2)c1)c1ccccc1
O=C(NCCCNC(=O)c1cnn(-c2ccccc2)c1)c1ccccc1
O=C(NCCCN1CCCc2ccccc2C1=O)c1cnn(-c2ccccc2)c1
O=C(NCCCN1CCCc2ccccc2C1=O)c1cnn(-c2ccccc2)c1
O=C(NCCCN1CCCc2ccccc2C1=O)c1cnn(-c2ccccc2)c1
O=C1c2ccccc2CCCN1CCCNCc1cnn(-c2ccccc2)c1
O=C1c2ccccc2CCCN1CCCNCc1cnn(-c2ccccc2)c1
O=C1c2ccccc2CCOCN1CCCNCc1cnn(-c2ccccc2)c1
O=C1c2ccccc2CCOCN1CCCNCc1cnn(-c2ccccc2)c1
O=C1OCCc2ccccc2C(=O)N1CCCNCc1cnn(-c2ccccc2)c1
O=C1OCCc2ccccc2C(=O)N1CCCNCc1cnn(-c2ccccc2)c1
O=C1OCCc2ccccc2C(=O)N1CCCNCc1cnn(-c2ccccc2)c1
O=C1OCCc2ccccc2C(=O)N1CCCNCc1cnn(-c2ccccc2)c1
O=C1OCCc2ccccc2C(=O)N1CCCNCc1cnn(-c2ccccc2)c1
O=C1OCCc2ccccc2CN1CCCNCc1cnn(-c2ccccc2)c1
O=C1OCCc2ccccc2CN1CCCCCc1cnn(-c2ccccc2)c1
O=C1OCCc2ccccc2CN1CCCCCc1cnn(-c2ccccc2)c1
O=C1OCCc2ccccc2CN1CCCCCc1cnn(-c2ccccc2)c1
O=C1OCCc2ccccc2CN1CCCCc1ccccc1-n1cccn1
O=C1OCCc2ccccc2CN1CCCCc1ccccc1Cn1cccn1
O=C1OCCc2ccccc2CN1CCCCc1ccccc1Cn1cccn1
O=C1OCCc2ccccc2CN1CCCCc1ccccc1Cn1cccn1
O=C1OCCc2ccccc2CN1CCCCc1ccccc1-n1cccn1
O=C1OCCc2ccccc2CN1CCCCc1ccccc1-n1cccc1
O=C1OCCc2ccccc2N1CCCCc1ccccc1-n1cccc1
O=C1OCCc2ccccc2N1CCCCc1ccccc1C1C=CC=C1
O=C1OCCc2ccccc2N1CCCCc1ccccc1C1C=CC1
O=C1OCCc2ccccc2N1CCCCc1ccccc1C1CC1
O=C1OCCc2ccccc2N1CCCCc1ccccc1C1CC1
O=C1OCCc2ccccc2N1CCCCc1ccccc1
O=C1OCCc2ccccc2N1CCCCc1ccccc1
O=C1OCCc2ccccc2N1CCCCc1ccccc1
O=C1OCCc2ccccc2N1CCCCc1cccc2c1CC2
O=C1OCCc2ccccc2N1CCCCc1cccc2c1C2
O=C1OCCc2ccccc2N1CCCCc1cccc2c1O2
O=C1OCCc2ccccc2N1CCCCc1cccc2c1OC2
O=C1OCCc2ccccc2N1CCCCc1cccc2c1OC2
O=C1OCCc2ccccc2N1CCCCc1cccc2c1OC2
O=C1OCCc2ccccc2CN1CCCCc1cccc2c1OC2
O=C1OCCc2ccccc2CN1CCCCc1cccc2c1OCC2
O=C1OCc2ccccc2CN1CCCCc1cccc2c1OCC2
O=C1OCc2ccccc2N1CCCCc1cccc2c1OCC2
O=C1OCc2ccccc2N1CCCCc1cccc2c1OCC2
O=c1oc2ccccc2n1CCCCc1cccc2c1OCC2
O=c1occn1CCCCc1cccc2c1OCC2
O=c1occn1CCCCc1cccc2c1OCC2
O=c1ccccn1CCCCc1cccc2c1OCC2
O=C1CC=CN1CCCCc1cccc2c1OCC2
O=C1CC=CN1CCCCc1cccc2c1OCC2
O=C1CC=CN1CCCCc1cccc2c1OCC2
O=C1CC=CN1CCCCc1cccc2c1OCC2
O=C1CC=CN1CCCCc1cccc2c1OCC2
O=C1CC=CN1CCCCc1cccc2c1OCC2
O=C1C=CN1CCCCc1cccc2c1OCC2
O=C1C=CN1CCCCc1cccc2c1OCC2
O=C1C=CN(CCCCc2cccc3c2OCC3)C1
O=C1C=CN(CCCCc2cccc3c2OCC3)C1
O=C1C=CN(CCCCc2cccc3c2OCC3)C1
O=C1C=CN(CCCCc2cccc3c2OCC3)CC1
O=C1C=CN(CCCCc2cccc3c2OCC3)CC1
O=c1ccn(CCCCc2cccc3c2OCC3)cc1
O=c1ccn(CCCCc2cccc3c2OCC3)cc1
O=c1ccn(CCCCc2cccc3c2OCC3)cc1
O=C(NCCCNC(=O)c1cnn(-c2ccccc2)c1)c1ccccc1
O=C(NCCCNC(=O)c1cnn(-c2ccccc2)c1)c1ccccc1
O=C(C=CNc1ccccc1)NCCCNC(=O)c1ccccc1
O=C(C=CNc1ccccc1)NCCCNC(=O)c1ccccc1
O=C(CCNC(=O)c1ccccc1)NCC=CNc1ccccc1
O=C(CCNC(=O)c1ccccc1)NCC=CNc1ccccc1
O=C(CCNC(=O)c1ccccc1)NCC=CNc1ccccc1
O=C(CCNC(=O)c1ccccc1)NCC=CNc1ccccc1
O=C(CCN1CCc2ccccc2C1=O)NCC=CNc1ccccc1
O=C(CCN1CCc2ccccc2C1=O)NCC=CNc1ccccc1
O=C(CCN1CCc2ccccc2C1=O)NCC=CNc1ccccc1
O=C(CCN1CCCc2ccccc2C1=O)NCC=CNc1ccccc1
O=C(CCN1CCCc2ccccc2C1=O)NC=CNc1ccccc1
O=C(CCN1COCCc2ccccc2C1=O)NC=CNc1ccccc1
O=C1NC(=CNc2ccccc2)OCCc2ccccc21
O=C1NC(=CNc2ccccc2)OCCc2ccccc21
O=C1NC(=CNc2ccccc2)OCCc2ccccc21
O=C1NC(=CNc2ccccc2)OCCc2ccccc21
O=C1NC(=CNc2ccccc2)OCCc2ccccc21
O=C1NC(=CNc2ccccc2)OCCc2ccccc21
O=C1NC(=CNc2ccccc2)OCCc2ccccc21
O=C1NC(=CNc2ccccc2)OCCc2ccccc21
C=C1OCCc2ccccc2C(=O)N1CCC(=O)Nc1ccccc1
C=C1OCCc2ccccc2CN1CCC(=O)Nc1ccccc1
C=C1OCCc2ccccc2CN1CCC(=O)Nc1ccccc1
C=C1OCCc2ccccc2CC1CCC(=O)Nc1ccccc1
C=C1OCCc2ccccc2CC1CCC(=O)Nc1ccccc1
C=C1OCCc2ccccc2CC1CCC(=O)Nc1ccccc1
C=C1OCCc2ccccc2CC1CCC(=O)Nc1ccccc1
C=C1OCCc2ccccc2CC1CCC(=O)Nc1ccccc1
C=C1OCCc2ccccc2CC1CCC(=O)Nc1ccccc1
C=C1OCCc2ccccc2CC1CCC(=O)Nc1ccccc1
C=C1OCCc2ccccc2CC1CCC(=O)Nc1ccccc1
C=C1OCCc2ccccc2CC1CCC(=O)Nc1ccccc1
C=C1OCCc2ccccc2CC1CCC(=O)Nc1ccccc1
O=C(CCC1Cc2ccccc2CCOC1=O)Nc1ccccc1
O=C(CCC1Cc2ccccc2CCOC1=O)Nc1ccccc1
O=C(CCC1Cc2ccccc2CCOC1=O)Nc1ccccc1
O=C(CCCC1CC(=O)OCCc2ccccc21)Nc1ccccc1
O=C(CCCCC1CC(=O)OCCc2ccccc21)Nc1ccccc1
O=C(CCCCC1CC(=O)OCCc2ccccc21)Nc1ccccc1
O=C(CCCCC1CC(=O)OCCc2ccccc21)Nc1ccccc1
O=C(CCCc1cccc2c1CCC(=O)OCC2)Nc1ccccc1
O=C(CCCc1cccc2c1CCC(=O)OCC2)Nc1ccccc1
O=C(CCCc1cccc2c1CCC(=O)OCC2)Nc1ccccc1
O=C(CCCc1cccc2c1CCC(=O)OCC2)Nc1ccccc1
O=C(CCCc1cccc2c1NCC(=O)OCC2)Nc1ccccc1
O=C(CCCc1cccc2c1NCC(=O)OCC2)Nc1ccccc1
C=C1CNc2c(CCCC(=O)Nc3ccccc3)cccc2CCO1
C=C1CNc2c(CCCC(=O)Nc3ccccc3)cccc2CCO1
C=C1COc2c(CCCC(=O)Nc3ccccc3)cccc2CCO1
C=C1COc2c(CCCC(=O)Nc3ccccc3)cccc2CCO1
C=C1CCCc2cccc(CCCC(=O)Nc3ccccc3)c2OC1
O=C(CCCc1cccc2c1OCCCCC2)Nc1ccccc1
O=C(CCCc1cccc2c1OCCCCC2)Nc1ccccc1
O=C(CCCc1cccc2c1OCCCC2)Nc1ccccc1
O=C(CCCc1cccc2c1OCCC2)Nc1ccccc1
O=C(CCCc1cccc2c1OCCC2)Nc1ccccc1
O=C(CCCc1cccc2c1OCC2)Nc1ccccc1
O=C(CCCc1cccc2c1OCC2)Nc1ccccc1
O=C(CCCc1cccc2c1OCC2)Nc1ccc2c(c1)CCO2
O=C(CCCc1cccc2c1OCC2)Nc1ccc2c(c1)COC2
O=C(CCCc1cccc2c1OCC2)Nc1ccc2c(c1)OC2
O=C(CCCc1cccc2c1OCC2)Nc1ccc2c(c1)OCC2
O=C(CCCc1cccc2c1OCC2)Nc1ccc2c(c1)OCC2
O=C(CCCc1cccc2c1OCC2)Nc1ccc2c(c1)CCC2
N=C1CCc2cc(NC(=O)CCCc3cccc4c3OCC4)ccc21
N=C1CCc2ccc(NC(=O)CCCc3cccc4c3OCC4)cc21
O=C(CCCc1cccc2c1OCC2)Nc1ccc2c(c1)C=NCC2
O=C(CCCc1cccc2c1OCC2)Nc1ccc2c(c1)C=NCC2
O=C(CCCc1cccc2c1OCC2)Nc1ccc2c(c1)C=NCC2
O=C(CCCc1cccc2c1OCC2)Nc1ccc2c(c1)C=NC2
O=C(CCCc1cccc2c1OCC2)Nc1ccc2c(c1)C=NC2
O=C(CCCc1cccc2c1OCC2)Nc1ccc2c(c1)C=NC2
O=C(CCCc1cccc2c1OCC2)Nc1ccc2c(c1)C=NC2
O=C(CCCc1cccc2c1OCC2)Nc1ccc2c(c1)C=NC2
O=C(CCCc1cccc2c1OCC2)Nc1ccc2c(c1)C=NOC2
O=C(CCCc1cccc2c1OCC2)Nc1ccc2c(c1)C=NOC2
O=C(CCCc1cccc2c1OCC2)Nc1ccc2c(c1)C=NOC2
O=C(CCCc1cccc2c1OCC2)Nc1ccc2c(c1)CON=C2
O=C(CCCc1cccc2c1OCC2)Nc1ccc2cnoc(=O)c2c1
O=C(CCCc1cccc2c1OCC2)Nc1ccc2cnoc(=O)c2c1
O=C(CCCc1cccc2c1OCC2)Nc1ccc2cnoc(=O)c2c1
O=C(CCCc1cccc2c1OCC2)Nc1ccc2cnoc(=O)c2c1
O=C(CCCc1cccc2c1OCC2)Nc1ccc2cnoc(=O)c2c1
O=C(CCCc1cccc2c1OCC2)Nc1ccc2cnoc(=O)c2c1
O=C(CCCc1cccc2c1OCC2)Nc1ccc2cnoc(=O)c2c1
O=C(CCCc1cccc2c1OCC2)Nc1ccc2c(=O)oncc2c1
O=C(CCCc1cccc2c1OCC2)Nc1ccc2c(=O)oncc2c1
O=C(CCCc1cccc2c1OCC2)Nc1ccc2c(=O)oncc2c1
O=C(CCCc1cccc2c1OCC2)Nc1ccc2c(=O)oncc2c1
O=C(CCCc1cccc2c1OCC2)Nc1ccc2c(=O)oncc2c1
O=C(CCCc1cccc2c1OCC2)Nc1ccc2c(=O)oncc2c1
O=C(CCCc1cccc2c1OCC2)Nc1ccc2c(=O)oncc2c1
O=C(CCCc1cccc2c1OCC2)Nc1ccc2c(=O)oncc2c1
O=C(NCCCNC(=O)c1cnn(-c2ccccc2)c1)c1ccccc1
O=C(NCCCNC(=O)c1cnn(-c2ccccc2)c1)c1ccccc1
O=C(NCCCNC(=O)c1cnn(-c2ccccc2)c1)c1ccccc1
O=C(CCNC(=O)c1ccccc1)NCc1cnn(-c2ccccc2)c1
O=C(CCNC(=O)c1ccccc1)NCc1cnn(-c2ccccc2)c1
O=C(CCNC(=O)c1ccccc1)Nc1cnn(-c2ccccc2)c1
O=C(CCNC(=O)c1ccccc1)Nc1cnn(-c2ccccc2)c1
O=C(CCCC(=O)c1ccccc1)Nc1cnn(-c2ccccc2)c1
O=C(CCC1C(=O)c2ccccc21)Nc1cnn(-c2ccccc2)c1
O=C(CCC1C(=O)c2ccccc21)Nc1cnn(-c2ccccc2)c1
O=C(CCC1Cc2ccccc21)Nc1cnn(-c2ccccc2)c1
O=C(CCC1CCc2ccccc21)Nc1cnn(-c2ccccc2)c1
O=C(CCC1CCCc2ccccc21)Nc1cnn(-c2ccccc2)c1
O=C(CCC1CCCc2ccccc21)Nc1cnn2c1-c1ccccc1-2
O=C(CCC1CCCCc2ccccc21)Nc1cnn2c1-c1ccccc1-2
O=C(CCC1CCCCc2ccccc21)Nc1cnn2c1-c1ccccc1-2
O=C(CCC1CCCCc2ccccc21)Nc1cnn2c1-c1ccccc1-2
O=C(CCC1CCCCc2ccccc21)Nc1ccc2c(c1)-c1ccnn1-2
O=C(CCC1CCCCc2ccccc21)Nc1ccc2c(c1)-c1ccnn1-2
C=C1Nc2ccc(NC(=O)CCC3CCCCc4ccccc43)cc21
N=C1C=Cc2cc(NC(=O)CCC3CCCCc4ccccc43)ccc21
N=C1C=Cc2cc(NC(=O)CCC3CCCCc4ccccc43)ccc21
N=C1C=Cc2cc(NC(=O)CCC3CCCCc4ccccc43)ccc21
O=C(CCC1CCCCc2ccccc21)Nc1ccc2c(c1)C=CC2=O
O=C(CCC1CCCCc2ccccc21)Nc1ccc2c(c1)C=CC2=O
O=C(CCC1CCCCCc2ccccc21)Nc1ccc2c(c1)C=CC2=O
O=C(CCC1CCCCCc2ccccc21)Nc1ccc2c(c1)C=CC2=O
O=C(CCC1CCCCCc2ccccc21)Nc1ccc2c(=O)occc2c1
O=C(CCC1CCCCc2ccccc21)Nc1ccc2c(=O)occc2c1
O=C(CCC1CCCCc2ccccc21)Nc1ccc2c(=O)occc2c1
O=C(CCC1CCCCc2ccccc21)Nc1ccc2c(=O)occc2c1
O=C(CCC1CCCCCc2ccccc21)Nc1ccc2c(=O)occc2c1
O=C(CCC1CCCCCc2ccccc21)Nc1ccc2c(=O)occc2c1
O=C(CCC1CCCCCc2ccccc21)Nc1ccc2c(=O)oncc2c1
O=C(CCC1CCCCc2ccccc21)Nc1ccc2c(=O)oncc2c1
O=C(CCC1CCCCc2ccccc21)Nc1ccc2c(=O)oncc2c1
c1ccc(CCCCc2cc3ccccc3[nH]2)cc1
c1ccc(CCCCc2cc3ccccc3[nH]2)cc1
c1ccc(CCCCc2cc3ccccc3[nH]2)cc1
c1ccc(OCCCCCc2cc3ccccc3[nH]2)cc1
C=C(CCCCCOc1ccccc1)Nc1ccccc1
c1ccc(CCCOc2ccccc2)cc1
c1ccc(CCCOc2ccccc2)cc1
c1ccc(CCCOc2ccccc2)cc1
c1ccc(CCCOc2ccccc2)cc1
c1ccc(OCCC(c2ccccc2)N2CC2)cc1
c1ccc(OCCC(c2ccccc2)N2CC2)cc1
c1ccc(OCC(c2ccccc2)N2CC2)cc1
c1ccc(OCC(c2ccccc2)N2CC2)cc1
c1ccc(OCC(c2ccccc2)N2CC2)cc1
c1ccc(OCC(c2ccccc2)N2CC2)cc1
c1ccc(OCC(ON2CC2)c2ccccc2)cc1
c1ccc(OCC(ON2CCC2)c2ccccc2)cc1
c1ccc(OCC(ON2CCCC2)c2ccccc2)cc1
c1ccc(OCC(ON2CCCC2)c2ccccc2)cc1
c1ccc(OCC(ON2CCCC2)c2ccccc2)cc1
c1ccc(OCC(ON2CCCCC2)c2ccccc2)cc1
c1ccc(OCC(ON2CCCCC2)c2ccccc2)cc1
c1ccc(OCC(ON2CCCCC2)c2ccccc2)cc1
c1ccc(OCC(ON2CCCCC2)c2ccccc2)cc1
c1ccc(OCC(ON2CCCCC2)c2ccccc2)cc1
c1ccc(OCC(ON2CCCCC2)c2ccccc2)cc1
c1ccc(OCC(ON2CCCCC2)c2ccccc2)cc1
c1ccc(OCC(ON2CCCCC2)c2ccccc2)cc1
c1ccc(OCC(ON2CCCC2)c2ccccc2)cc1
c1ccc(OCC(OON2CCCC2)c2ccccc2)cc1
c1ccc(OCC(OON2CCCC2)c2ccccc2)cc1
c1ccc(OCC(OON2CCCC2)c2ccccc2)cc1
c1ccc(OCC(OON2CCCC2)c2ccccc2)cc1
c1ccc(OCC(OON2CCCC2)c2ccccc2)cc1
c1ccc(OCC(OON2CCCCC2)c2ccccc2)cc1
c1ccc(OCC(OON2CCCCC2)c2ccccc2)cc1
c1ccc(OCC(OON2CCCCC2)c2ccccc2)cc1
c1ccc(OCC(ON2CCCCC2)c2ccccc2)cc1
c1ccc(OCC(OCN2CCCCC2)c2ccccc2)cc1
c1ccc(OCC(OCN2CCCCC2)c2ccccc2)cc1
c1ccc(OCC(OCN2CCCCC2)c2ccccc2)cc1
C=C(OC(COc1ccccc1)c1ccccc1)N1CCCCC1
C=C(OCC(COc1ccccc1)c1ccccc1)N1CCCCC1
C=C(OOC(COc1ccccc1)c1ccccc1)N1CCCCC1
C=C(Cc1ccc(CCOc2ccccc2)cc1)N1CCCCC1
C=C(c1ccc(CCOc2ccccc2)cc1)N1CCCCC1
C=C(c1ccc(CCOc2ccccc2)cc1)N1CCCCC1
O=C(c1ccc(CCOc2ccccc2)cc1)N1CCCCC1
O=C(C1C=CC(CCOc2ccccc2)=C1)N1CCCCC1
O=C(C1C=CC(CCOc2ccccc2)=C1)N1CCCCC1
O=C(C1C=C(CCOc2ccccc2)C1)N1CCCCC1
O=C(C1CC=C(CCOc2ccccc2)C1)N1CCCCC1
O=C(C1CC=C(CCOc2ccccc2)C1)N1CCCCC1
O=C(C1COC=C(CCOc2ccccc2)C1)N1CCCCC1
O=C(C1COC=C(CCOc2ccccc2)C1)N1CCCCC1
O=C(C1COC=C(CCOc2ccccc2)C1)N1CCCCC1
O=C(C1COC=C(CCOc2ccccc2)C1)N1CCCCC1
O=C(C1COC=C(CCOc2ccccc2)C1)N1CCCCC1
O=C(C1COC=C(CCOc2ccccc2)C1)N1CCCCC1
O=C(C1COC=C(COc2ccccc2)C1)N1CCCCC1
O=C(C1COC=C(COc2ccccc2)C1)N1CCCCC1
O=C(C1COC=C(COc2ccccc2)C1)N1CCCCCC1
O=C(C1COC=C(COc2ccccc2)C1)N1CCCCCC1
O=C(C1COC=C(COc2ccccc2)C1)N1CCCCCC1
O=C(C1COC=C(COc2ccccc2)C1)N1CCCCCC1
O=C(C1COC=C(COc2ccccc2)C1)N1CCCCC1
O=C(C1COC=C(COc2ccccc2)C1)N1CCCCC1
O=C(C1COC=C(COc2ccccc2)C1)N1CCCCC1
O=C(C1COC=C(COc2ccccc2)C1)N1CCCCC1
O=C(C1COC=C(COc2ccccc2)C1)N1CCCCC1
O=C(C1COC=C(COc2ccccc2)C1)N1CCCCC1
O=C(C1COC(CC2CNC2)=C(COc2ccccc2)C1)N1CCCCC1
O=C(C1COC(C=C2CNC2)=C(COc2ccccc2)C1)N1CCCCC1
O=C(C1COC(C=C2CCC2)=C(COc2ccccc2)C1)N1CCCCC1
O=C(C1COC(CC2CCC2)=C(COc2ccccc2)C1)N1CCCCC1
O=C(C1COC(CC2CCC2)=C(COc2ccccc2)C1)N1CCCCC1
O=C(C1COC(CC2CCC2)=C(COc2ccccc2)C1)N1CCCCC1
O=C(C1COC(CC2CCCC2)=C(COc2ccccc2)C1)N1CCCCC1
O=C(C1=C(COc2ccccc2)CC(C(=O)N2CCCCC2)CO1)C1CCCC1
O=C(C1=C(COc2ccccc2)CC(C(=O)N2CCCCC2)CO1)C1CCCCC1
O=C(C1COC=C(COc2ccccc2)C1)N1CCCCC1
O=C(C1COC=C(COc2ccccc2)C1)N1CCCCC1
O=C(C1COC=C(COc2ccccc2)C1)N1CCCCC1
O=C(C1COC=C(COc2ccccc2)C1)N1CCCCC1
O=C(C1COC=C(COc2ccccc2)C1)N1CCCCC1
O=C(C1COC=C(COc2ccccc2)C1)N1CCCCC1
O=C(C1COC=C(COc2ccccc2)C1)N1CCCCCC1
O=C(C1COC=C(COc2ccccc2)C1)N1CCCCCC1
O=C(C1COC=C(COc2ccccc2)C1)N1CCCCCC1
O=C(C1COC=C(COc2ccccc2)C1)N1CCCCCC1
O=C(OC1CC1)C1=C(COc2ccccc2)CC(C(=O)N2CCCCCC2)CO1
O=C(OC1CC1)C1=C(COc2ccccc2)CC(C(=O)N2CCCCCC2)CO1
O=C(OC1CC1)C1=C(COc2ccccc2)CC(C(=O)N2CCCCCCC2)CO1
O=C(OC1CC1)C1=C(COc2ccccc2)CC(C(=O)N2CCCCCCC2)CO1
O=C(OC1CCC1)C1=C(COc2ccccc2)CC(C(=O)N2CCCCCCC2)CO1
O=C(OC1CCCC1)C1=C(COc2ccccc2)CC(C(=O)N2CCCCCCC2)CO1
O=C(OC1CCCC1)C1=C(COc2ccccc2)CC(C(=O)N2CCCCCCC2)CO1
O=C(OC1CCCC1)C1=C(COc2ccccc2)CC(C(=O)N2CCCCCC2)CO1
O=C(OC1CCCC1)C1=C(COc2ccccc2)CC(C(=O)N2CCCCC2)CO1
O=C(OC1CCCCC1)C1=C(COc2ccccc2)CC(C(=O)N2CCCCC2)CO1
O=C(OC1CCCCC1)C1=C(COc2ccccc2)CC(C(=O)N2CCCC2)CO1
O=C(OC1CCCCCC1)C1=C(COc2ccccc2)CC(C(=O)N2CCCC2)CO1
O=C(OC1CCCCCC1)C1=C(COc2ccccc2)CC(C(=O)N2CCCC2)CO1
O=C(OC1CCCCCC1)C1=C(COc2ccccc2)CC(C(=O)N2CCCCC2)CO1
O=C(OC1CCCCC1)C1=C(COc2ccccc2)CC(C(=O)N2CCCCC2)CO1
O=C(OC1CCCCC1)C1=C(COc2ccccc2)CC(C(=O)N2CCCCC2)CO1
O=C(OC1CCCCC1)C1=C(COc2ccccc2)CC(C(=O)N2CCCCCC2)CO1
O=C(OC1CCCCC1)C1=C(COc2ccccc2)CC(C(=O)N2CCCCCC2)CO1
O=C(OC1CCCCC1)C1=C(COc2ccccc2)CC(C(=O)N2CCCCC2)CO1
O=C(OC1CCCCCC1)C1=C(COc2ccccc2)CC(C(=O)N2CCCCC2)CO1
O=C(OC1CCCCCC1)C1=C(COc2ccccc2)CC(C(=O)N2CCCC2)CO1
O=C(OC1CCCNCC1)C1=C(COc2ccccc2)CC(C(=O)N2CCCC2)CO1
O=C(OC1CCCNCC1)C1=C(COc2ccccc2)CC(C(=O)N2CCCC2)CO1
O=C(OC1CCCNCC1)C1=C(COc2ccccc2)CC(C(=O)N2CCC2)CO1
O=C(OC1CCCNCC1)C1=C(COc2ccccc2)CC(C(=O)N2CCC2)CO1
O=C(OC1CCCNCC1)C1=C(COc2ccccc2)CC(C(=O)N2CCC2)CO1
O=C(OC1CCCNCC1)C1=C(COc2ccccc2)CC(C(=O)N2CCCC2)CO1
O=C(OC1CCCNCC1)C1=C(COc2ccccc2)CC(C(=O)N2CCCC2)CO1
O=C(OC1CCCNCC1)C1=C(COc2ccccc2)CC(C(=O)N2CCC2)CO1
O=C(OC1CCCNCC1)C1=C(COc2ccccc2)CC(C(=O)N2CCC2)CO1
O=C(OC1CCCNCC1)C1=C(COc2ccccc2)CC(C(=O)N2CCCC2)CO1
O=C(OC1CCCNCC1)C1=C(COc2ccccc2)CC(C(=O)N2CCCCC2)CO1
O=C(OC1CCCNCC1)C1=C(COc2ccccc2)CC(C(=O)N2CCCCC2)CO1
O=C(OC1CCCNCC1)C1=C(COc2ccccc2)CC(C(=O)N2CCCCC2)CO1
O=C(OC1CCCNCCC1)C1=C(COc2ccccc2)CC(C(=O)N2CCCCC2)CO1
O=C(OC1CCCNCCC1)C1=C(COc2ccccc2)CC(C(=O)N2CCCCC2)CO1
O=C(OC1CCCNCCC1)C1=C(COc2ccccc2)CC(C(=O)N2CCCC2)CO1
O=C(OC1CCCNCCC1)C1=C(COc2ccccc2)CC(C(=O)N2CCCC2)CO1
O=C(OC1CCCNCCC1)C1=C(COc2ccccc2)CC(C(=O)N2CCCC2)CO1
O=C(OC1CCCNCCC1)C1=C(COc2ccccc2)CC(C(=O)N2CCCC2)CO1
O=C(OC1CCCNCCC1)C1=C(COc2ccccc2)CC(C(=O)N2CCC2)CO1
O=C(OC1CCCNCC1)C1=C(COc2ccccc2)CC(C(=O)N2CCC2)CO1
O=C(OC1CCCNCC1)C1=C(COc2ccccc2)CC(C(=O)N2CCC2)CO1
O=C(OC1CCCNCC1)C1=C(COc2ccccc2)CC(C(=O)N2CC2)CO1
O=C(OC1CCCNCC1)C1=C(COc2ccccc2)CC(C(=O)N2CC2)CO1
O=C(OC1CCCNCC1)C1=C(COc2ccccc2)CC(C(=O)N2CC2)CO1
O=C(OC1CCCCNCC1)C1=C(COc2ccccc2)CC(C(=O)N2CC2)CO1
O=C(OC1CCCCNC1)C1=C(COc2ccccc2)CC(C(=O)N2CC2)CO1
O=C(OC1CCCCNC1)C1=C(COc2ccccc2)CC(C(=O)N2CC2)CO1
O=C(OC1CCCCNC1)C1=C(COc2ccccc2)CC(C(=O)N2CC2)CO1
O=C(OC1CCCNC1)C1=C(COc2ccccc2)CC(C(=O)N2CC2)CO1
O=C(OC1CCCNC1)C1=C(COc2ccccc2)CC(C(=O)N2CC2)CO1
O=C(OC1CCCNC1)C1=C(COc2ccccc2)CC(C(=O)N2CC2)CO1
O=C(OC1CCCNC1)C1=C(COc2ccccc2)CC(C(=O)N2CC2)CO1
O=C(OC1CCNC1)C1=C(COc2ccccc2)CC(C(=O)N2CC2)CO1
O=C(OC1CCNC1)C1=C(COc2ccccc2)CC(C(=O)N2CCC2)CO1
O=C(OC1CCNC1)C1=C(COc2ccccc2)CC(C(=O)N2CCC2)CO1
O=C(OC1CCNC1)C1=C(COc2ccccc2)CC(C(=O)N2CCC2)CO1
O=C(OC1CCNC1)C1=C(COc2ccccc2)CC(C(=O)N2CCCC2)CO1
O=C(OC1CNC1)C1=C(COc2ccccc2)CC(C(=O)N2CCCC2)CO1
O=C(OC1CNC1)C1=C(COc2ccccc2)CC(C(=O)N2CCCC2)CO1
O=C(OC1CNC1)C1=C(COc2ccccc2)CC(C(=O)N2CCCC2)CO1
O=C(OC1CCNC1)C1=C(COc2ccccc2)CC(C(=O)N2CCCC2)CO1
O=C(OC1CCCNC1)C1=C(COc2ccccc2)CC(C(=O)N2CCCC2)CO1
O=C(OC1CCCNC1)C1=C(COc2ccccc2)CC(C(=O)N2CCCC2)CO1
O=C(OC1CCCNC1)C1=C(COc2ccccc2)CC(C(=O)N2CCC2)CO1
O=C(OC1CCCCNC1)C1=C(COc2ccccc2)CC(C(=O)N2CCC2)CO1
O=C(OC1CCCCNC1)C1=C(COc2ccccc2)CC(C(=O)N2CCC2)CO1
O=C(OC1CCCNC1)C1=C(COc2ccccc2)CC(C(=O)N2CCC2)CO1
O=C(OC1CCCNC1)C1=C(COc2ccccc2)CC(C(=O)N2CC2)CO1
O=C(OC1CCCNC1)C1=C(COc2ccccc2)CCCO1
O=C(OC1CCCN(C(=O)C2CCC2)C1)C1=C(COc2ccccc2)CCCO1
O=C(OC1CCN(C(=O)C2CCC2)C1)C1=C(COc2ccccc2)CCCO1
O=C(OC1CCN(C(=O)C2CCC2)C1)C1=C(COc2ccccc2)CCCO1
O=C(OC1CCN(C(=O)C2CCC2)C1)C1=C(COc2ccccc2)CCCO1
O=C(OC1CCCN(C(=O)C2CCC2)C1)C1=C(COc2ccccc2)CCCO1
O=C(OC1CCCN(C(=O)C2CCC2)C1)C1=C(COc2ccccc2)CCCO1
O=C(OC1CCCN(C(=O)C2CCC2)C1)C1=C(COc2ccccc2)CCCO1
O=C(OC1CCCN(C(=O)C2CCC2)C1)C1=C(COc2ccccc2)CCO1
O=C(OC1CCCN(C(=O)C2CCC2)C1)C1=C(COc2ccccc2)CCO1
O=C(OC1CCCCN(C(=O)C2CCC2)C1)C1=C(COc2ccccc2)CCO1
O=C(OC1CCCCN(C(=O)C2CCOC2)C1)C1=C(COc2ccccc2)CCO1
O=C(OC1CCCCN(C(=O)C2CCOC2)C1)C1=C(COc2ccccc2)CO1
O=C(OC1CCCCN(C(=O)C2COC2)C1)C1=C(COc2ccccc2)CO1
O=C(OC1CCCN(C(=O)C2COC2)C1)C1=C(COc2ccccc2)CO1
O=C(OC1CCCN(C(=O)C2CCOC2)C1)C1=C(COc2ccccc2)CO1
O=C(OC1CCCN(C(=O)C2CCOC2)C1)C1=C(COc2ccccc2)O1
O=C1CC(C(=O)N2CCCC(OCC3=C(COc4ccccc4)O3)C2)CO1
O=C1CC(C(=O)N2CCCC(OCCC3=C(COc4ccccc4)O3)C2)CO1
O=C1CC(C(=O)N2CCCC(OCCC3=C(COc4ccccc4)O3)C2)CO1
O=C1CC(C(=O)N2CCCC(OCCC3=C(COc4ccccc4)O3)C2)CO1
O=C1CC(C(=O)N2CCCC(OCCC3=C(COc4ccccc4)C3)C2)CO1
O=C1CC(C(=O)N2CCCC(OCCC3=C(COc4ccccc4)C3)C2)CO1
O=C1CC(C(=O)N2CCCC(OCCC3=C(COc4ccccc4)C3)C2)CO1
O=C1CC(C(=O)N2CCCC(OCCC3=C(COc4ccccc4)C3)C2)CO1
O=C1CC(C(=O)N2CCCC(OCCC3=C(COc4ccccc4)C3)C2)CO1
O=C1CC(C(=O)N2CCCC(OCC3=C(COc4ccccc4)CC3)C2)CO1
O=C1CC(C(=O)N2CCCC(OCC3=C(COc4ccccc4)CC3)C2)CO1
O=C1CC(C(=O)N2CCCC(OCC3=C(COc4ccccc4)CC3)C2)CO1
O=C1CC(C(=O)N2CCCC(OCC3=C(COc4ccccc4)NCC3)C2)CO1
O=C1CC(C(=O)N2CCCC(OC3=C(COc4ccccc4)NCC3)C2)CO1
O=C1CC(C(=O)N2CCCC(OC3=C(COc4ccccc4)NCC3)C2)CO1
O=C1CC(C(=O)N2CCCC(OC3=C(COc4ccccc4)NCC3)C2)CO1
O=C1CC(C(=O)N2CCCC(OC3=C(COc4ccccc4)NCC3)C2)CO1
O=C1CC(C(=O)N2CCCC(OC3=C(COc4ccccc4)NC3)C2)CO1
O=C1CC(C(=O)N2CCCC(OC3=C(COc4ccccc4)NC3)C2)CO1
O=C1CC(C(=O)N2CCCCC(OC3=C(COc4ccccc4)NC3)C2)CO1
O=C1CC(C(=O)N2CCCCC(OC3=C(COc4ccccc4)OC3)C2)CO1
O=C1CC(C(=O)N2CCCCC(OC3=C(COc4ccccc4)CC3)C2)CO1
O=C1CC(C(=O)N2CCCCCC(OC3=C(COc4ccccc4)CC3)C2)CO1
O=C1CC(C(=O)N2CCCCCC(OC3=C(COc4ccccc4)C3)C2)CO1
O=C1CC(C(=O)N2CCCCCC(OCC3C=C3COc3ccccc3)C2)CO1
O=C1CC(C(=O)N2CCCCC(OCC3C=C3COc3ccccc3)C2)CO1
O=C1CC(C(=O)N2CCCCC(OCC3C=C3COc3ccccc3)C2)CO1
O=C1CC(C(=O)N2CCCCC(OC3C=C3COc3ccccc3)C2)CO1
O=C1CC(C(=O)N2CCCCC(OC3C=C3COc3ccccc3)C2)CO1
O=C1CC(C(=O)N2CCCCC(OC3CC=C3COc3ccccc3)C2)CO1
O=C1CC(C(=O)N2CCCCC(OC3=CC=C3COc3ccccc3)C2)CO1
C=C(CCOc1ccccc1)OC1CCCCN(C(=O)C2COC(=O)C2)C1
C=C(CCOc1ccccc1)OC1CCCCCN(C(=O)C2COC(=O)C2)C1
C=C(CCOc1ccccc1)OC1CCCCCN(C(=O)C2COC(=O)C2)C1
C=C(CCOc1ccccc1)OC1CCCCCN(C(=O)C2COC(=O)C2)C1
C=C(CCOc1ccccc1)OC1CCCCN(C(=O)C2COC(=O)C2)C1
O=C1CC(C(=O)N2CCCCC(OC(=O)CCOc3ccccc3)C2)CO1
O=C1CC(C(=O)N2CCCCC(OC(=O)CCCOc3ccccc3)C2)CO1
O=C1CC(C(=O)N2CCCCC(OC(=O)CCCOc3ccccc3)C2)CO1
O=C1CC(C(=O)N2CCCCC(OC(=O)CCCOc3ccccc3)C2)CO1
O=C1CC(C(=O)N2CCCCC(OC(=O)CCOc3ccccc3)C2)CO1
O=C1CC(C(=O)N2CCCCC(OC(=O)CCOc3ccccc3)C2)CO1
O=C1CC(C(=O)N2CCCCC(OC(=O)CCOc3ccccc3)C2)CO1
O=C1CC(C(=O)N2CCCCC(OC(=O)CCOc3ccccc3)C2)CO1
O=C1CC(C(=O)N2CCCCCC(OC(=O)CCOc3ccccc3)C2)CO1
O=C1CC(C(=O)N2CCCCCC(OC(=O)CCCOc3ccccc3)C2)CO1
O=C1CC(C(=O)N2CCCCCC(OC(=O)CCCCOc3ccccc3)C2)CO1
O=C1CC(C(=O)N2CCCCC(OC(=O)CCCCOc3ccccc3)C2)CO1
O=C1CC(C(=O)N2CCCCC(OC(=O)CCCCCOc3ccccc3)C2)CO1
O=C1CC(C(=O)N2CCCC(OC(=O)CCCCCOc3ccccc3)C2)CO1
O=C1CC(C(=O)N2CCCC(OC(=O)CCCCCOc3ccccc3)C2)CO1
O=C1CC(C(=O)N2CCCC(OC(=O)CCCCCOc3ccccc3)C2)CO1
O=C1CC(C(=O)N2CCCC(OC(=O)CCCCOc3ccccc3)C2)CO1
O=C1CC(C(=O)N2CCCC(OC(=O)CCCCOc3ccccc3)C2)CO1
O=C1CC(C(=O)N2CCCC(OC(=O)CCCOc3ccccc3)C2)CO1
O=C1CC(C(=O)N2CCCC(OC(=O)CCCOc3ccccc3)C2)CO1
O=C1CC(C(=O)N2CCCC(OC(=O)C3CCC3COc3ccccc3)C2)CO1
O=C1CC(C(=O)N2CCCC(OC(=O)C3CC=C3COc3ccccc3)C2)CO1
O=C1CC(C(=O)N2CCCC(OC(=O)C3CC=C3COc3ccccc3)C2)CO1
O=C1CC(C(=O)N2CCCC(OC(=O)Cc3ccc(OCC4=CCC4)cc3)C2)CO1
O=C1CC(C(=O)N2CCCC(OC(=O)c3ccc(OCC4=CCC4)cc3)C2)CO1
O=C1CC(C(=O)N2CCCC(OC(=O)c3ccc(OCC4=CCC4)cc3)C2)CO1
O=C1CC(C(=O)N2CCCC(OC(=O)c3ccc(OCC4=CCC4)cc3)C2)CO1
O=C1CC(C(=O)N2CCCC(OC(=O)c3ccc(OCC4=CC4)cc3)C2)CO1
O=C1CC(C(=O)N2CCCCC(OC(=O)c3ccc(OCC4=CC4)cc3)C2)CO1
O=C1CC(C(=O)N2CCCCC(OC(=O)c3ccc(OCc4cc4=O)cc3)C2)CO1
O=C1CC(C(=O)N2CCCCC(OC(=O)c3ccc(OCc4cc4=O)cc3)C2)CO1
O=C1CC(C(=O)N2CCCCC(OC(=O)c3ccc(OCC4=CC4)cc3)C2)CO1
O=C1CC(C(=O)N2CCCCC(OC(=O)c3ccc(OCC4=CCC4)cc3)C2)CO1
O=C1CC(C(=O)N2CCCCC(OC(=O)c3ccc(OCC4=CCC4)cc3)C2)CO1
O=C1CC(C(=O)N2CCCCCC(OC(=O)c3ccc(OCC4=CCC4)cc3)C2)CO1
O=C1CC(C(=O)N2CCCCCC(OC(=O)c3ccc(OCC4=CCCC4)cc3)C2)CO1
O=C1CC(C(=O)N2CCCCCC(OC(=O)c3ccc(OCC4=CCC4)cc3)C2)CO1
O=C1CC(C(=O)N2CCCCCC(OC(=O)c3ccc(OCC4=CCC4)cc3)C2)CO1
O=C1CC(C(=O)N2CCCCCC(OC(=O)c3ccc(OCC4=CCC4)cc3)C2)CO1
O=C1CC(C(=O)N2CCCCC(OC(=O)c3ccc(OCC4=CCC4)cc3)C2)CO1
O=C1CC(C(=O)N2CCCCC(OC(=O)c3ccc(OCC4=CCC4)cc3)C2)CO1
O=C1CC(C(=O)N2CCCCC(OC(=O)c3ccc(OCC4=CCC4)cc3)C2)CO1
O=C1CC(C(=O)N2CCCCC(OC(=O)c3ccc(OCC4=CCC4)cc3)C2)CO1
O=C1CC(C(=O)N2CCCCC(OC(=O)c3ccc(OCC4=CC=C4)cc3)C2)CO1
O=C1CC(C(=O)N2CCCC(OC(=O)c3ccc(OCC4=CC=C4)cc3)C2)CO1
O=C1CC(C(=O)N2CCCC(OC(=O)c3ccc(OCC4=CC=CC4)cc3)C2)CO1
O=C1CC(C(=O)N2CCCC(OC(=O)c3ccc(OCC4=CC=CCC4)cc3)C2)CO1
O=C1CC(C(=O)N2CCCC(OC(=O)c3ccc(OCc4ccccc4)cc3)C2)CO1
O=C1CC(C(=O)N2CCCC(OC(=O)c3ccc(OCc4ccccc4)cc3)C2)CO1
O=C1CC(C(=O)N2CCCC(OC(=O)c3ccc(OCc4ccccc4)cc3)C2)CO1
O=C1CC(C(=O)N2CCCC(OC(=O)c3ccc(OCc4ccccc4)cc3)C2)CO1
O=S(=O)(NCCNc1cccc2c1cnn2-c1ccccc1)c1ccccc1
O=S(NCCNc1cccc2c1cnn2-c1ccccc1)c1ccccc1
O=S(NCCNc1cccc2c1cnn2-c1ccccc1)c1ccccc1
O=C(Cc1ccccc1)Nc1cccc2c1cnn2-c1ccccc1
O=C(Cc1cccc2c1S(=O)NCCC2)Nc1cccc2c1cnn2-c1ccccc1
O=C(Cc1cccc2c1S(=O)NCCC2)Nc1cccc2c1cnn2-c1ccccc1
O=C(Cc1cccc2c1S(=O)NCCC2)Nc1cccc2c1cnn2-c1ccccc1
O=C(Cc1cccc2c1S(=O)NCCC2)Nc1nccc2c1cnn2-c1ccccc1
O=C(Nc1nccc2c1cnn2-c1ccccc1)c1cccc2c1S(=O)NCCC2
O=C(Nc1nccc2c1cnn2-c1ccccc1)c1cccc2c1S(=O)NCCC2
O=C(Nc1nccc2c1cnn2-c1ccccc1)c1cccc2c1C(=O)NCCC2
O=C(Nc1nccc2c1cnn2Cc1ccccc1)c1cccc2c1C(=O)NCCC2
O=C(Nc1nccc2c1cnn2Cc1ccccc1)c1cccc2c1C(=O)CCCC2
O=C(Nc1nccc2c1cnn2Cc1ccccc1)c1cccc2c1C(=O)CCCC2
O=C(Nc1nccc2c1cnn2Cc1ccccc1)c1cccc2c1C(=O)CCCC2
O=C(Nc1nccc2c1cnn2Cc1ccccc1)c1ccc2c(c1)C(=O)CCCC2
O=C(Nc1nccc2c1cnn2Cc1ccccc1)c1ccc2c(c1)CCCCC2
O=C(Nc1nccc2c1cnn2Cc1ccccc1)c1ccc2c(c1)CCCCC2
O=C(Nc1nccc2[nH]ncc12)c1ccc2c(c1)CCCC(Cc1ccccc1)C2
O=C(Nc1nccc2[nH]ncc12)c1ccc2c(c1)CCCC2Cc1ccccc1
O=C(Nc1nccc2[nH]ncc12)c1ccc2c(c1)CCCCC2Cc1ccccc1
O=C(Nc1ccccn1)c1ccc2c(c1)CCCCC2Cc1ccccc1
O=C(Nc1ccccn1)c1ccc2c(c1)CCCCC2Cc1ccccc1
O=C(Nc1ccccn1)c1ccc2c(c1)CCCCC2Cc1ccccc1
O=C(Nc1ccccn1)c1ccc2c(c1)CCCCC2Cc1ccccc1
O=C(Nc1ccccn1)c1ccc2c(c1)CCCC2Cc1ccccc1
O=C(Nc1cnccn1)c1ccc2c(c1)CCCC2Cc1ccccc1
O=C(Nc1cnccn1)c1ccc2c(c1)CCCC2Cc1ccccc1
O=C(Nc1cnccn1)c1ccc2c(c1)CCCC2Cc1ccccc1
O=C(Nc1cnccn1)c1ccc2c(c1)CCCCC2Cc1ccccc1
O=C(Nc1cnccn1)c1ccc2c(c1)CCC1CCCC2(Cc2ccccc2)C1
O=C(Nc1cnccn1)c1ccc2c(c1)CCC1CCCC2(Cc2ccccc2)C1
O=C(Nc1cnccn1)c1ccc2c(c1)CCC1CCCCC2(Cc2ccccc2)C1
O=C(Nc1cnccn1)c1ccc2c(c1)CCC1CCCCC2(Cc2ccccc2)C1
O=C(Nc1cnccn1)c1ccc2c(c1)CCC1CCCCC2(Cc2ccccc2)C1
O=C(Nc1cnccn1)c1ccc2c(c1)CCC1CCCCC21Cc1ccccc1
O=C(Nc1cnccn1)c1ccc2c(c1)CCC1CCCCC21Cc1ccccc1
O=C(Nc1cnccn1)c1ccc2c(c1)CCC1CCCCC21Cc1ccccc1
O=C(Nc1cnccn1)c1ccc2c(c1)CCC1CCCCC21Cc1ccccc1
O=C(Nc1cnccn1)c1ccc2c(c1)CCC1CCCCCC21Cc1ccccc1
O=C(Nc1cnccn1)c1ccc2c(c1)CCC1CCCCCC21Cc1ccccc1
O=C(Nc1cnccn1)c1ccc2c(c1)CCC1CCCCCC21Cc1ccccc1
O=C(Nc1cnccn1)c1ccc2c(c1)CCC1CCCCCC21Cc1ccccc1
O=C(Nc1cnccn1)c1ccc2c(c1)CCC1CCCCC21Cc1ccccc1
O=C(Nc1cnccn1)c1ccc2c(c1)CCC1CCCCC21Cc1ccccc1
O=C(Nc1cnccn1)c1ccc2c(c1)CCC1CCCCC21Cc1ccccc1
O=C(Nc1cnccn1)c1ccc2c(c1)CCC1CCCCC21Cc1ccccc1
O=C(Nc1cnccn1)c1ccc2c(c1)CCC1CCCCC21Cc1ccccc1
O=C(Nc1cnccn1)c1ccc2c(c1)CCC1CCCCC21Cc1ccccc1
O=C(Nc1cnccn1)c1ccc2c(c1)CCC1CCCCC21Cc1ccccc1
O=C(Nc1cnccn1)c1ccc2c(c1)CCC1CCCCC21Cc1ccccc1
O=C(Nc1cnccn1)c1ccc2c(c1)CCC1CCCCC21Cc1ccccc1
O=C(Nc1cnccn1)c1ccc2c(c1)CCC1CCCCC21Cc1ccccc1
O=C(Nc1cnccn1)c1ccc2c(c1)CCC1CCCCC21Cc1ccccc1
O=C(Nc1cnccn1)c1ccc2c(c1)CCC1CCCCC21Cc1ccccc1
O=C(Nc1cnccn1)c1ccc2c(c1)CCC1CCCCC21Cc1ccccc1
O=C(Nc1cnccn1)c1ccc2c(c1)CCC1CCCCC21Cc1ccccc1
O=C(Nc1cnccn1)c1ccc2c(c1)CCC1CCCCC21Cc1ccccc1
O=C(Nc1cnccn1)c1ccc2c(c1)CCC1CCCCC21Cc1ccccc1
O=C(Nc1cnccn1)c1ccc2c(c1)CCC1CCCCC21Cc1ccccc1
O=C(Nc1cnccn1)c1ccc2c(c1)CCC1CCCCC21Cc1ccccc1
O=S(=O)(NCCNc1cccc2c1cnn2-c1ccccc1)c1ccccc1
O=S(=O)(NCCNc1cccc2c1cnn2-c1ccccc1)c1ccccc1
O=S(=O)(NCCNc1cccc2c1cnn2-c1ccccc1)c1ccccc1
O=S(=O)(NCCNc1cccc(Nc2ccccc2)c1)c1ccccc1
O=S(=O)(NCCNc1cccc(Nc2ccccc2)c1)c1ccccc1
O=S(=O)(NCCNc1cccc(Nc2ccccc2)c1)c1ccccc1
O=S(=O)(NCNc1cccc(Nc2ccccc2)c1)c1ccccc1
O=S(=O)(NCNc1ccc(-c2ccccc2)cc1)c1ccccc1
O=S(=O)(NCNc1ccc(-c2ccccc2)cc1)c1ccccc1
O=S(=O)(NCNc1ccc(-c2ccccc2)cc1)C1=CSC=CC=C1
O=S(=O)(NCNc1ccc(-c2ccccc2)cc1)C1=CSC=CC=C1
O=S(=O)(NCNc1ccc(-c2ccccc2)cc1)C1=CSC=CC=C1
O=S(=O)(NCNc1ccc(-c2ccccc2)cc1)C1=CSC=CC=C1
C1=CC=C(CNc2ccc(-c3ccccc3)cc2)SC=C1
C1=CC=C(CNc2ccc(-c3ccccc3)cc2)SC=C1
O=S(=O)(Nc1ccc(-c2ccccc2)cc1)C1=CSC=CC=C1
O=S(=O)(Nc1ccc(-c2ccccc2)cc1)C1=CSC=CC=C1
O=S(=O)(Nc1ccc(-c2ccccc2)cc1)C1=CSC=CC=C1
O=S(=O)(Nc1ccc(-c2ccccc2)cc1)C1=CSC=CC=C1
O=S(=O)(Nc1ccc(-c2ccccc2)cc1)C1=CSC=CC=C1
O=S(=O)(Nc1ccc(-c2ccccc2)c(C2CO2)c1)C1=CSC=CC=C1
O=S(=O)(Nc1ccc(-c2ccccc2)c(C2COC2)c1)C1=CSC=CC=C1
O=S(=O)(Nc1ccc(-c2ccccc2)c(C2COC2)c1)C1=CSC=CC=C1
O=S(=O)(Nc1ccc(-c2ccccc2)c(C2CO2)c1)C1=CSC=CC=C1
O=S(=O)(Nc1ccc(-c2ccccc2)c(C2CO2)c1)C1=CSC=CC=C1
O=S(=O)(Nc1ccc(-c2ccccc2)c(C2CC2)c1)C1=CSC=CC=C1
O=S(=O)(Nc1ccc(-c2ccccc2)c(C2CCC2)c1)C1=CSC=CC=C1
O=S(=O)(Nc1ccc(-c2ccccc2)c(C2CCC2)c1)C1=CC=CC=CS1
O=S(=O)(Nc1ccc(-c2ccccc2)c(C2CCCC2)c1)C1=CC=CC=CS1
O=S(=O)(Nc1cccc(C2CCC(c3ccccc3)C2)c1)C1=CC=CC=CS1
O=S(=O)(Nc1cccc(C2CCC(c3ccccc3)C2)c1)C1=CC=CC=CS1
O=S(=O)(Nc1cccc(C2CC(c3ccccc3)C2)c1)C1=CC=CC=CS1
O=S(=O)(Nc1cccc(C2CC2c2ccccc2)c1)C1=CC=CC=CS1
O=S(=O)(Nc1cccc(C2CC2c2ccccc2)c1)C1=CC=CC=CS1
O=S(=O)(Nc1cccc(C2CC2c2ccccc2)c1)C1=CC=CC=CS1
O=S(=O)(Nc1cccc(C2CC(c3ccccc3)O2)c1)C1=CC=CC=CS1
O=S(=O)(Nc1cccc(C2CC(c3ccccc3)O2)c1)C1=CC=CC=CS1
O=S(=O)(Nc1cccc(C2CC(c3ccccc3)O2)c1)C1=CC=CC=CS1
C=C1C(c2ccccc2)OC1c1cccc(NS(=O)(=O)C2=CC=CC=CS2)c1
C=C1C(c2ccccc2)OC1c1cccc(NS(=O)(=O)C2=CCC=CS2)c1
C=C1C(c2ccccc2)OC1c1cccc(NS(=O)(=O)c2cccs2)c1
C=C1C(c2cccc(NS(=O)(=O)c3cccs3)c2)COC1c1ccccc1
C=C1C(c2cccc(NS(=O)(=O)c3cccs3)c2)CCOC1c1ccccc1
C=C1C(c2cccc(NS(=O)(=O)c3cccs3)c2)CCOC1c1ccccc1
C=C1C(c2cccc(NS(=O)(=O)c3cccs3)c2)C=COC1c1ccccc1
C=C1C(c2cccc(NS(=O)(=O)c3cccs3)c2)C=COC1c1ccccc1
C=C1C(c2cccc(NS(=O)(=O)c3cccs3)c2)C=COC1c1ccccc1
C=C1C(c2cccc(NS(=O)(=O)c3cccs3)c2)C=COC1c1ccccc1
O=S(=O)(Nc1cccc(C2C3=COC(c4ccccc4)C2=C3)c1)c1cccs1
O=S(=O)(Nc1cccc(CC2=CC=COC2c2ccccc2)c1)c1cccs1
O=S(=O)(Nc1cccc(C2=CC=COC2c2ccccc2)c1)c1cccs1
O=S(=O)(Nc1cccc(C2=CC=COC2c2ccccc2)c1)c1cccs1
O=S(=O)(Nc1cccc(C2=CC=COC2c2ccccc2)c1)c1cccs1
O=S(=O)(Nc1cccc(C2=CC=COC2c2ccccc2)c1)c1cccs1
O=S(=O)(Nc1cccc(C2=CC=COC2c2ccccc2)c1)c1cccs1
O=S(=O)(Nc1ccc(C2=CC=COC2c2ccccc2)cc1)c1cccs1
O=S(=O)(Nc1ccc(C2=CC=COC2c2ccccc2)cc1)c1cccs1
O=S(=O)(Nc1ccc(C2=CC3=C(CC3)OC2c2ccccc2)cc1)c1cccs1
O=S(=O)(Nc1ccc(C2=CC3=C(CCC3)OC2c2ccccc2)cc1)c1cccs1
O=S(=O)(Nc1ccc(C2=CC3=C(CCC3)OC2c2ccccc2)cc1)c1cccs1
O=S(=O)(Nc1ccc(C2=CC3=C(C=CC3)OC2c2ccccc2)cc1)c1cccs1
O=S(=O)(Nc1ccc(C2=CC3=C(C=CC3)OC2c2ccccc2)cc1)c1cccs1
O=S(=O)(Nc1ccc(C2=CC3=C(C=CCC3)OC2c2ccccc2)cc1)c1cccs1
O=S(=O)(Nc1ccc(C2=CC3=C(C=CCC3)OC2c2ccccc2)cc1)c1cccs1
O=S(=O)(Nc1ccc(C2=CC3=C(C=CCC3)OC2c2ccccc2)cc1)c1cccs1
O=S(=O)(Nc1ccc(C2=CC3=C(C=CCC3)OC2c2ccccc2)cc1)c1cccs1
O=S(=O)(Nc1ccc(C2=CC3=C(C=CCC3)OC2c2ccccc2)cc1)c1cccs1
O=S(=O)(Nc1ccc(C2=CC3=C(C=CCC3)OC2c2ccccc2)cc1)c1cccs1
O=S(=O)(Nc1ccc(C2=CC3=C(C=CCC3)OC2c2ccccc2)cc1)c1cccs1
O=S(=O)(Nc1ccc(C2=CC3=C(C=CCC3)OC2c2ccccc2)cc1)c1cccs1
O=S(=O)(Nc1ccc(C2=CC3=C(C=CCC3)OC2c2ccccc2)cc1)c1cccs1
O=S(=O)(Nc1ccc(C2=Cc3ccccc3OC2c2ccccc2)cc1)c1cccs1
O=S(=O)(Nc1ccc(C2=Cc3ccccc3OC2c2ccccc2)cc1)c1cccs1
O=S(=O)(Nc1ccc(C2=Cc3ccccc3OC2c2ccccc2)cc1)c1cccs1
O=S(=O)(Nc1ccc(C2=Cc3ccccc3OC2c2ccccc2)cc1)c1cccs1
O=S(=O)(Nc1ccc(C2=Cc3ccccc3OC2c2ccccc2)cc1)c1cccs1
O=S(=O)(Nc1ccc(C2=Cc3ccccc3OC2c2ccccc2)cc1)c1cccs1
O=S(=O)(Nc1ccc(C2=Cc3ccccc3OC2c2ccccc2)cc1)c1cccs1
O=S(=O)(Nc1ccc(C2=Cc3ccccc3OC2c2ccccc2)cc1)c1cccs1
O=S(=O)(Nc1ccc(C2=Cc3ccccc3OC2c2ccccc2)cc1)c1cccs1
O=S(=O)(Nc1ccc(C2=Cc3ccccc3OC2c2ccccc2)cc1)c1cccs1
O=S(=O)(Nc1ccc(C2=Cc3ccccc3OC2c2ccccc2)cc1)c1cccs1
O=S(=O)(Nc1ccc(C2=Cc3ccccc3OC2c2ccccc2)cc1)c1cccs1
O=S(=O)(Nc1ccc(C2=Cc3ccccc3OC2c2ccccc2)cc1)c1cccs1
O=S(=O)(Nc1ccc(C2=Cc3ccccc3OC2c2ccccc2)cc1)c1cccs1
O=S(=O)(Nc1ccc(C2=Cc3c(OCOC4CCC4)cccc3OC2c2ccccc2)cc1)c1cccs1
O=S(=O)(Nc1ccc(C2=C(OC3CCC3)c3ccccc3OC2c2ccccc2)cc1)c1cccs1
O=S(=O)(Nc1ccc(C2=C(OC3CCC3)c3ccccc3OC2c2ccccc2)cc1)c1cccs1
O=S(=O)(Nc1ccc(C2=Cc3ccccc3OC2c2ccccc2)cc1)c1cccs1
O=S(=O)(Nc1ccc(C2=Cc3ccccc3OC2c2ccccc2)cc1)c1cccs1
O=S(=O)(Nc1ccc(C2=Cc3ccccc3OC2c2ccccc2)cc1)c1cccs1
O=S(=O)(Nc1ccc(C2=Cc3ccccc3OC2c2ccccc2)cc1)c1cccs1
O=S(=O)(Nc1ccc(C2=Cc3ccccc3OC2c2ccccc2)cc1)c1cccs1
O=S(=O)(Nc1ccc(C2=Cc3ccccc3OC2c2ccccc2)cc1)c1cccs1
O=S(=O)(Nc1ccc(C2=Cc3ccccc3OC2c2ccccc2)cc1)c1cccs1
O=S(=O)(Nc1ccc(C2=C(C3C=CC3)c3ccccc3OC2c2ccccc2)cc1)c1cccs1
O=S(=O)(Nc1ccc(C2=C(C3C=CC3)c3ccccc3OC2c2ccccc2)cc1)c1cccs1
O=S(=O)(Nc1ccc(C2=C(C3C=CC3)c3ccccc3OC2c2ccccc2)cc1)c1cccs1
O=S(=O)(Nc1ccc(C2=C(C3C=CC3)c3ccccc3OC2c2ccccc2)cc1)c1cccs1
O=S(=O)(Nc1ccc(C2=CC3CC=C3c3ccccc3OC2c2ccccc2)cc1)c1cccs1
O=S(=O)(Nc1ccc(C2=CC3C=C3c3ccccc3OC2c2ccccc2)cc1)c1cccs1
O=S(=O)(Nc1ccc(C2=CC3C=C3c3ccccc3OC2c2ccccc2)cc1)c1cccs1
O=S(=O)(Nc1ccc(C2=CC3OC=C3c3ccccc3OC2c2ccccc2)cc1)c1cccs1
O=S(=O)(Nc1ccc(C2=C3OC=C3c3ccccc3OC2c2ccccc2)cc1)c1cccs1
O=S(=O)(Nc1ccc(C2=C3CC=C3c3ccccc3OC2c2ccccc2)cc1)c1cccs1
O=S(=O)(Nc1ccc(C2=C3C=C3c3ccccc3OC2c2ccccc2)cc1)c1cccs1
O=S(=O)(Nc1ccc(C2=C3C=C3c3ccccc3OC2c2ccccc2)cc1)c1cccs1
O=S(=O)(Nc1ccc(C2=CC(=C3CC3)c3ccccc3OC2c2ccccc2)cc1)c1cccs1
O=S(=O)(Nc1ccc(C2=CC(=C3CCC3)c3ccccc3OC2c2ccccc2)cc1)c1cccs1
O=S(=O)(Nc1ccc(C2=CC(=C3CCC3)c3ccccc3OC2c2ccccc2)cc1)c1cccs1
C=C1C=C(c2ccc(NS(=O)(=O)c3cccs3)cc2)C(c2ccccc2)Oc2ccccc21
C=C1C=C(c2ccc(NS(=O)(=O)c3cccs3)cc2)C(c2ccccc2)Oc2ccccc21
C=C1C=C(c2ccc(NS(=O)(=O)c3cccs3)cc2)C(c2ccccc2)Oc2ccccc21
C=C1C=C(c2ccc(NS(=O)(=O)c3cccs3)cc2)C(c2ccccc2)Oc2ccccc21
O=C1C=C(c2ccc(NS(=O)(=O)c3cccs3)cc2)C(c2ccccc2)Oc2ccccc21
O=C1C=C(c2ccc(NS(=O)(=O)c3cccs3)cc2)C(c2ccccc2)Oc2ccccc21
O=C1C=C(c2ccc(NS(=O)(=O)c3cccs3)cc2)C(c2ccccc2)Oc2ccccc21
O=C1C=C(c2ccc(NS(=O)(=O)c3cccs3)cc2)C(c2ccccc2)Oc2ccccc21
O=C1C=C(c2ccc(NS(=O)(=O)c3cccs3)cc2)C(c2ccccc2)Oc2ccccc21
O=C1C=C(c2ccc(NS(=O)(=O)c3cccs3)cc2)C(c2ccccc2)Oc2ccccc21
O=S(=O)(Nc1ccc(C2=CC(=S)c3ccccc3OC2c2ccccc2)cc1)c1cccs1
O=S(=O)(Nc1ccc(C2=CC(=S)c3ccccc3OC2c2ccccc2)cc1)c1cccs1
O=S(=O)(Nc1ccc(C2=CC(=S)c3ccccc3OC2c2ccccc2)cc1)c1cccs1
O=S(=O)(Nc1ccc(C2=CC(=S)c3ccccc3OC2c2ccccc2)cc1)c1cccs1
O=S(=O)(Nc1ccc(C2=CC(=S)c3ccccc3OC2c2ccccc2)cc1)c1cccs1
O=S(=O)(Nc1ccc(C2=CC(=S)c3ccccc3OC2c2ccccc2)cc1)c1cccs1
O=C1C=C(c2ccc(NS(=O)(=O)c3cccs3)cc2)C(c2ccccc2)Oc2ccccc21
O=C1C=C(c2ccc(NS(=O)(=O)c3cccs3)cc2)C(c2ccccc2)Oc2ccccc21
O=C1C=C(c2ccc(NS(=O)(=O)c3cccs3)cc2)C(c2ccccc2)Oc2ccccc21
O=C1C=C(c2ccc(NS(=O)(=O)c3cccs3)cc2)C(c2ccccc2)Oc2ccccc21
O=C1C=C(c2ccc(NS(=O)(=O)c3cccs3)cc2C2CNC2)C(c2ccccc2)Oc2ccccc21
O=C1C=C(c2ccc(NS(=O)(=O)c3cccs3)cc2)C(c2ccccc2)Oc2ccccc21
O=C1C=C(c2ccc(NS(=O)(=O)c3cccs3)cc2)C(c2ccccc2)Oc2ccccc21
O=C1C=C(c2ccc(NS(=O)(=O)c3cccs3)cc2)C(c2ccccc2)Oc2ccccc21
O=C1C=C(c2ccc(NS(=O)(=O)c3cccs3)cc2)C(c2ccccc2)Oc2ccccc21
O=C1C=C(c2ccc(NS(=O)(=O)c3cccs3)cc2)C(c2ccccc2)Oc2ccccc21
O=C1C=C(c2ccc(NS(=O)(=O)c3cccs3)cc2)C(c2ccccc2)Oc2ccccc21
O=C1C=C(c2ccc(NS(=O)(=O)c3cccs3)cc2)C(c2ccccc2)Oc2ccccc21
O=C1C=C(c2ccc(NS(=O)(=O)c3cccs3)cc2)C(c2ccccc2)Oc2ccccc21
O=C1C=C(c2ccc(NS(=O)(=O)c3cccs3)cc2C2CN2)C(c2ccccc2)Oc2ccccc21
O=C1C=C(c2ccc(NS(=O)(=O)c3cccs3)cc2C2CC2)C(c2ccccc2)Oc2ccccc21
O=C1C=C(c2ccc(NS(=O)(=O)c3cccs3)cc2C2CC2)C(c2ccccc2)Oc2ccccc21
O=C1C=C(c2ccc(NS(=O)(=O)c3cccs3)cc2C2CC2)C(c2ccccc2)Oc2ccccc21
N=C1C=C(c2ccc(NS(=O)(=O)c3cccs3)cc2C2CC2)C(c2ccccc2)Oc2ccccc21
N=C1C=C(c2ccc(NS(=O)(=O)c3cccs3)cc2CC2CC2)C(c2ccccc2)Oc2ccccc21
C=C1C=C(c2ccc(NS(=O)(=O)c3cccs3)cc2CC2CC2)C(c2ccccc2)Oc2ccccc21
C=C1C=C(c2ccc(NS(=O)(=O)c3cccs3)cc2)C(c2ccccc2)Oc2ccccc21
C=C1C=C(c2ccc(NS(=O)(=O)c3cccs3)cc2)C(c2ccccc2)Oc2ccccc21
C=C1C=C(c2ccc(NS(=O)(=O)c3cccs3)cc2)C(c2ccccc2)Oc2ccccc21
C=C1C=C(c2ccc(NS(=O)(=O)c3cccs3)cc2)C(c2ccccc2)Oc2ccccc21
C=C1C=C(c2ccc(NS(=O)(=O)c3cccs3)cc2)C(c2ccccc2)Oc2ccccc21
C=C1C=C(c2ccc(NS(=O)(=O)c3cccs3)cc2)C(c2ccccc2)Oc2ccccc21
C=C1C=C(c2ccc(NS(=O)(=O)c3cccs3)cc2)C(c2ccccc2)Oc2ccccc21
C=C1C=C(c2ccc(NS(=O)(=O)c3cccs3)cc2)C(c2ccccc2)Oc2ccccc21
C=C1C=C(c2ccc(NS(=O)(=O)c3cccs3)cc2)C(c2ccccc2)Oc2ccccc21
C=C1C=C(c2ccc(NS(=O)(=O)c3cccs3)cc2)C(c2ccccc2)Oc2ccccc21
C=C1C=C(c2ccc(NS(=O)(=O)c3cccs3)cc2)C(c2ccccc2)Oc2ccccc21
C=C1C=C(c2ccc(NS(=O)(=O)c3cccs3)cc2)C(c2ccccc2)Oc2ccccc21
O=S(=O)(Nc1ccc(C2=CC=Cc3ccccc3OC2c2ccccc2)cc1)c1cccs1
O=S(=O)(Nc1ccc(C2=CC=Cc3ccccc3OC2c2ccccc2)cc1)c1cccs1
O=S(=O)(Nc1ccc(C2=CC=Cc3ccccc3OC2c2ccccc2)cc1)c1cccs1
O=S(=O)(Nc1ccc(C2=CC=Cc3ccccc3OC2c2ccccc2)cc1)c1cccs1
O=S(=O)(Nc1ccc(C2=CC=Cc3ccccc3OC2c2ccccc2)cc1)c1cccs1
O=S(=O)(Nc1ccc(C2=CC=Cc3ccccc3OC2c2ccccc2)cc1)c1cccs1
O=S(=O)(Nc1ccc(C2=CC=Cc3ccccc3OC2c2ccccc2)cc1)c1cccs1
O=S(=O)(Nc1ccc(C2=CC=Cc3ccccc3OC2c2ccccc2)cc1)c1cccs1
O=S(=O)(Nc1ccc(C2=CC=Cc3ccccc3OC2c2ccccc2)cc1)c1cccs1
O=S(=O)(Nc1ccc(C2=CC=Cc3ccccc3OC2c2ccccc2)cc1)c1cccs1
O=S(=O)(Nc1ccc(C2=CC=Cc3ccccc3OC2c2ccccc2)cc1)c1cccs1
O=S(=O)(Nc1ccc(C2=CC=Cc3ccccc3OC2c2ccccc2)cc1)c1cccs1
O=S(=O)(Nc1ccc(C2=CC=Cc3ccccc3OC2c2ccccc2)cc1)c1cccs1
O=S(=O)(Nc1ccc(C2=CC=Cc3ccccc3OC2c2ccccc2)cc1)c1cccs1
O=S(=O)(Nc1ccc(C2=CC=Cc3ccccc3OC2c2ccccc2)cc1)c1cccs1
O=S(=O)(Nc1ccc(C2=CC=Cc3ccccc3OC2c2ccccc2)cc1)c1cccs1
O=S(=O)(Nc1ccc(C2=CC=Cc3ccccc3OC2c2ccccc2)cc1)c1cccs1
O=S(=O)(Nc1ccc(C2=CC=Cc3ccccc3OC2c2ccccc2)c(C2CC2)c1)c1cccs1
O=S(=O)(Nc1ccc(C2=CC=Cc3ccccc3OC2c2ccccc2)c(C2CC2)c1)c1cccs1
O=S(=O)(Nc1ccc(C2=CC=Cc3ccccc3OC2c2ccccc2)c(C2CC2)c1)c1cccs1
O=S(=O)(Nc1ccc(C2=CC=Cc3ccccc3OC2c2ccccc2)c(C2CC2)c1)c1cccs1
O=S(=O)(Nc1ccc(C2=CC=Cc3ccccc3OC2c2ccccc2)c(C2CC2)c1)c1cccs1
O=S(=O)(Nc1ccc(C2=CC=Cc3ccccc3OC2c2ccccc2)c(C2CC2)c1)c1cccs1
O=S(=O)(Nc1ccc(C2=CC=Cc3ccccc3OC2c2ccccc2)cc1)c1cccs1
O=S(=O)(Nc1ccc(C2=CC=Cc3ccccc3OC2c2ccccc2)cc1)c1cccs1
O=S(=O)(Nc1ccc(C2=CC=Cc3ccccc3OC2c2ccccc2)cc1)c1cccs1
O=S(=O)(Nc1ccc(C2=CC=Cc3ccccc3OC2c2ccccc2)cc1)c1cccs1
O=S(=O)(Nc1ccc(C2=CC=Cc3ccccc3OC2c2ccccc2)cc1)c1cccs1
O=S(=O)(Nc1ccc(C2=CC=Cc3ccccc3OC2c2ccccc2)cc1)c1cccs1
O=S(=O)(Nc1ccc(C2=CC=Cc3ccccc3OC2c2ccccc2)cc1)c1cccs1
O=S(=O)(Nc1ccc(C2=CC=Cc3ccccc3OC2c2ccccc2)cc1)c1cccs1
O=S(=O)(Nc1ccc(C2=CC=Cc3ccccc3OC2c2ccccc2)cc1)c1cccs1
O=S(=O)(Nc1ccc(C2=CC=Cc3ccccc3OC2c2ccccc2)cc1)c1cccs1
O=S(=O)(Nc1ccc(C2=CC=Cc3ccccc3OC2c2ccccc2)cc1)c1cccs1
O=S(=O)(Nc1cccc(C2=CC=Cc3ccccc3OC2c2ccccc2)c1)c1cccs1
O=S(=O)(Nc1cccc(C2=CC=Cc3ccccc3OC2c2ccccc2)c1)c1cccs1
O=S(=O)(Nc1cccc(C2=CC=Cc3ccccc3OC2c2ccccc2)c1)c1cccs1
C=C1c2cc(NS(=O)(=O)c3cccs3)ccc2-c2ccccc2OC1c1ccccc1
C=C1c2cc(NS(=O)(=O)c3cccs3)ccc2-c2ccccc2OC1c1ccccc1
C=C1c2cc(NS(=O)(=O)c3cccs3)ccc2-c2ccccc2OC1c1ccccc1
C=C1c2cc(NS(=O)(=O)c3cccs3)ccc2-c2ccccc2OC1c1ccccc1
C=C1c2cc(NS(=O)(=O)c3cccs3)ccc2-c2ccccc2OC1c1ccccc1
C=C1c2cc(NS(=O)(=O)c3cccs3)ccc2-c2ccccc2OC1c1ccccc1
C=C1c2cc(NS(=O)(=O)c3cccs3)ccc2-c2ccccc2OC1c1ccccc1
C=C1c2cc(NS(=O)(=O)c3cccs3)ccc2-c2ccccc2OC1c1ccccc1
O=S(=O)(Nc1ccc2c(c1)CC(c1ccccc1)Oc1ccccc1-2)c1cccs1
O=S(=O)(Nc1ccc2c(c1)CC(c1ccccc1)Oc1ccccc1-2)c1cccs1
O=S(=O)(Nc1ccc2c(c1)C(c1ccccc1)Oc1ccccc1-2)c1cccs1
O=S(=O)(NCCNc1cccc2c1cnn2-c1ccccc1)c1ccccc1
O=S(=O)(NCCNC1=CCCc2c1cnn2-c1ccccc1)c1ccccc1
O=S(=O)(NCCNC1=CCCc2c1cnn2-c1ccccc1)c1ccccc1
O=S(=O)(NCC(NC1=CCCc2[nH]ncc21)c1ccccc1)c1ccccc1
O=S(=O)(NCC(NC1CCc2[nH]ncc21)c1ccccc1)c1ccccc1
O=S(=O)(NCC(NC1CCc2[nH]ncc21)c1ccccc1)c1ccccc1
O=S(=O)(NCC(NC1CC=NNCCC1)c1ccccc1)c1ccccc1
O=S(=O)(NCC(NC1CC=NNCCC1)c1ccccc1)c1ccccc1
O=S(=O)(NCC(NC1CC=NNCCC1)c1ccccc1)c1ccccc1
O=S(=O)(NCC(OC1CC=NNCCC1)c1ccccc1)c1ccccc1
O=S(=O)(NCC(OC1CCCNNCC1)c1ccccc1)c1ccccc1
O=S(=O)(NCC(OC1CCCNNCC1)c1ccccc1)c1ccccc1
O=S(=O)(NCC(OC1CCCNNCC1)c1ccccc1)c1ccccc1
O=S(NCC(OC1CCCNNCC1)c1ccccc1)c1ccccc1
O=C(NCC(OC1CCCNNCC1)c1ccccc1)c1ccccc1
O=C(NCC(OC1CCCNNCC1)c1ccccc1)c1ccccc1
O=C(NCC(OC1CCCN2CN2CC1)c1ccccc1)c1ccccc1
O=C(NCC(OC1CCCN2CN2CC1)c1ccccc1)c1ccccc1
O=C(NCC(OC1CCCN2CN2CC1)c1ccccc1)c1ccccc1
O=C(NCC(OC1CCCN2CN2CC1)c1ccccc1)c1ccccc1
O=C(NCC(OC1CCCN2CN2C1)c1ccccc1)c1ccccc1
O=C(NCC(OC1CCCN2CN2C1)c1ccccc1)c1ccccc1
O=C(NCC(OC1CCCN2CN2C1)c1ccccc1)c1ccccc1
O=C(NCC(OC1CCCN2CC2C1)c1ccccc1)c1ccccc1
O=C(NCC(OC1CCCN2CC2C1)c1ccccc1)c1ccccc1
O=C(NCC(OC1CCCN2CC2C1)c1ccccc1)c1ccccc1
O=C(NCC(OC1CCCNCC1)c1ccccc1)c1ccccc1
O=C(NCC(OC1CCCNCC1)c1ccccc1)c1ccccc1
O=C(NCC(OC1CCCNCC1)c1ccccc1)c1ccc(OCCC2CC2)cc1
O=C(NCC(OC1CCCNCC1)c1ccccc1)c1ccc(OCCC2CC2)cc1
O=C(NCC(OC1CCCNCC1)c1ccccc1)c1ccc(OCCC2CC2)cc1
O=C(NCC(OC1CCCNCC1)c1ccccc1)c1ccc(OCCC2COC2)cc1
O=C(NCC(OC1CCCNC1)c1ccccc1)c1ccc(OCCC2COC2)cc1
O=C(NCC(OC1CCCNC1)c1ccccc1)c1ccc(OCCC2COC2)cc1
O=C(NCC(OC1CCCNC1)c1ccccc1)c1ccc(OCCC2COC2)cc1
O=C(NCC(OC1CCCNCC1)c1ccccc1)c1ccc(OCCC2COC2)cc1
O=C(NCC(OC1CCCNCC1)c1ccccc1)c1ccc(OCCC2COC2)cc1
O=C(NCC(OC1CCCNCC1)c1ccccc1)c1ccc(OCCC2COC2)cc1
O=C(NCC(OC1CCCNC1)c1ccccc1)c1ccc(OCCC2COC2)cc1
O=C(NCC(OC1CCCNC1)c1ccccc1)c1ccc(OCCC2COC2)cc1
O=C(NCC(OC1CCCNC1)c1ccccc1)c1ccc(OCCC2COC2)cc1
O=C(NCC(OC1CCCNC1)c1ccccc1)c1ccc(OCCC2CCC2)cc1
O=C(NCC(OC1CCCNC1)c1ccccc1)c1ccc(OCCC2CCC2)cc1
O=C(NCC(OC1CCCNC1)c1ccccc1)c1ccc(OCCC2CCC2)cc1
O=C(NCC(OC1CCCNC1)c1ccccc1)c1ccc(OCCC2CC2)cc1
O=C(NCC(OC1CCCNC1)c1ccccc1)c1ccc(OCCC2CC2)cc1
O=C(NCC(OC1CCCN(C(=O)C2CC2)C1)c1ccccc1)c1ccc(OCCC2CC2)cc1
O=C(NCC(OC1CCCN(C(=O)C2CCC2)C1)c1ccccc1)c1ccc(OCCC2CC2)cc1
O=C(NCC(OC1CCCN(C(=O)C2CCC2)C1)c1ccccc1)c1ccc(OCCC2CC2)cc1
O=C(NCC(OC1CCCN(C(=O)C2CCC2)C1)c1ccccc1)c1ccc(OCCC2CC2)cc1
O=C(NCC(OC1CCCN(C(=O)C2CCC2)C1)c1ccccc1)c1ccc(OCCC2CC2=O)cc1
O=C(NCC(OC1CCCN(C(=O)C2CC2)C1)c1ccccc1)c1ccc(OCCC2CC2=O)cc1
O=C(NCC(OC1CCCN(C(=O)C2CC2)C1)c1ccccc1)c1ccc(OCCC2CC2=O)cc1
O=C(NCC(OC1CCCN(C(=O)C2CC2)C1)c1ccccc1)c1ccc(OCCC2COC2=O)cc1
O=C1CC(CCOc2ccc(C(=O)NCC(OC3CCCN(C(=O)C4CC4)C3)c3ccccc3)cc2)CO1
O=C1CC(CCOc2ccc(C(=O)NCC(OC3CCCN(C(=O)C4CC4)C3)c3ccccc3)cc2)CO1
O=C1CC(CCOc2ccc(C(=O)NCC(OC3CCCN(C(=O)C4CC4)C3)c3ccccc3)cc2)CO1
O=C1CC(CCOc2ccc(C(=O)NCC(OC3CCCN(C(=O)C4CC4)C3)c3ccccc3)cc2)CO1
O=C1CC(CCOc2ccc(C(=O)NCC(OC3CCCN(C(=O)C4CC4)C3)c3ccccc3)cc2)CO1
O=C1CC(CCOc2ccc(C(=O)NCC(OC3CCCN(C(=O)C4CCC4)C3)c3ccccc3)cc2)CO1
O=C1CC(CCOc2ccc(C(=O)NCC(OC3CCCN(C(=O)C4CCC4)C3)c3ccccc3)cc2)CO1
O=C1CC(CCOc2ccc(C(=O)NCC(OC3CCCN(C(=O)C4CCC4)C3)c3ccccc3)cc2)CO1
O=C1CC(CCOc2ccc(C(=O)NCC(OC3CCCN(C(=O)C4CC4)C3)c3ccccc3)cc2)CO1
O=C1CC(CCOc2ccc(C(=O)NCC(OC3CCCN(C(=O)C4CC4)C3)c3ccccc3)cc2)CO1
O=C1CC(CCOc2ccc(C(=O)NCC(OC3CCCN(C(=O)C4CC4)C3)c3ccccc3)cc2)CO1
O=C1CC(CCOc2ccc(C(=O)NCC(OC3CCCN(C(=O)C4CCC4)C3)c3ccccc3)cc2)CO1
O=C1CC(CCOc2ccc(C(=O)NCC(OC3CCCN(C(=O)C4CCC4)C3)c3ccccc3)cc2)CO1
O=C1CC(CCOc2ccc(C(=O)NCC(OC3CCCN(C(=O)C4CCCC4)C3)c3ccccc3)cc2)CO1
O=C1CC(CCOc2ccc(C(=O)NCC(OC3CCCN(C(=O)C4CCCC4)C3)c3ccccc3)cc2)CO1
O=C1CC(CCOc2ccc(C(=O)NCC(OC3CCCCN(C(=O)C4CCCC4)C3)c3ccccc3)cc2)CO1
O=C1CC(C(=O)COc2ccc(C(=O)NCC(OC3CCCCN(C(=O)C4CCCC4)C3)c3ccccc3)cc2)CO1
O=C1CC(C(=O)CCOc2ccc(C(=O)NCC(OC3CCCCN(C(=O)C4CCCC4)C3)c3ccccc3)cc2)CO1
O=C1CC(C(=O)CCOc2ccc(C(=O)NCC(OC3CCCCN(C(=O)C4CCCC4)C3)c3ccccc3)cc2)CO1
O=C1CC(C(=O)COc2ccc(C(=O)NCC(OC3CCCCN(C(=O)C4CCCC4)C3)c3ccccc3)cc2)CO1
O=C1CC(C(=O)CCOc2ccc(C(=O)NCC(OC3CCCCN(C(=O)C4CCCC4)C3)c3ccccc3)cc2)CO1
O=C1CC(C(=O)CCOc2ccc(C(=O)NCC(OC3CCCN(C(=O)C4CCCC4)C3)c3ccccc3)cc2)CO1
O=C1CC(C(=O)CCOc2ccc(C(=O)NCC(OC3CCCN(C(=O)C4CCC4)C3)c3ccccc3)cc2)CO1
O=C1CC(C(=O)CCOc2ccc(C(=O)NCC(OC3CCCN(C(=O)C4CC4)C3)c3ccccc3)cc2)CO1
O=C1CC(C(=O)CCOc2ccc(C(=O)NCC(OC3CCCN(C(=O)C4CC4)C3)c3ccccc3)cc2)CO1
O=C1CC(C(=O)CCOc2ccc(C(=O)NCC(OC3CCCN(C(=O)C4CC4)C3)c3ccccc3)cc2)CO1
O=C1CC(C(=O)CCOc2ccc(C(=O)NCC(OC3CCCCN(C(=O)C4CC4)C3)c3ccccc3)cc2)CO1
O=C1CC(C(=O)NCOc2ccc(C(=O)NCC(OC3CCCCN(C(=O)C4CC4)C3)c3ccccc3)cc2)CO1
O=C1CC(C(=O)NCOc2ccc(C(=O)NCC(OC3CNCCCN(C(=O)C4CC4)C3)c3ccccc3)cc2)CO1
O=C1CC(C(=O)N2CCCN(C(=O)C3CC3)CC(OC(CNC(=O)c3ccccc3)c3ccccc3)C2)CO1
O=C1CC(C(=O)N2CCCN(C(=O)C3CCC3)CC(OC(CNC(=O)c3ccccc3)c3ccccc3)C2)CO1
O=C1CC(C(=O)N2CCCN(C(=O)C3CCC3)CC(OC(CNC(=O)c3ccccc3)c3ccccc3)C2)CO1
O=C1CC(C(=O)N2CCCC(C(=O)C3CCC3)CC(OC(CNC(=O)c3ccccc3)c3ccccc3)C2)CO1
O=C1CC(C(=O)N2CCCC(C(=O)C3CCC3)CC(OC(CNC(=O)c3ccccc3)c3ccccc3)C2)CO1
O=C1CC(C(=O)N2CCCC(C(=O)C3CCCC3)CC(OC(CNC(=O)c3ccccc3)c3ccccc3)C2)CO1
O=C1CC(C(=O)N2CCCC(C(=O)C3CCCCC3)CC(OC(CNC(=O)c3ccccc3)c3ccccc3)C2)CO1
O=C1CC(C(=O)N2CCCCCC(OC(CNC(=O)c3ccc(OCC(=O)C4CCCCC4)cc3)c3ccccc3)C2)CO1
O=C1CC(C(=O)N2CCCCC(OC(CNC(=O)c3ccc(OCC(=O)C4CCCCC4)cc3)c3ccccc3)C2)CO1
O=C1CC(C(=O)N2CCCCC(OC(CNC(=O)c3ccc(OCCC4CCCCC4)cc3)c3ccccc3)C2)CO1
O=C1CC(C(=O)N2CCCCC(OC(CNC(=O)c3ccc(OCCC4CCCC4)cc3)c3ccccc3)C2)CO1
O=C1CC(C(=O)N2CCCCC(OC(CNC(=O)c3ccc(OCCC4CCCC4)cc3)c3ccccc3)C2)CO1
O=C1CC(C(=O)N2CCCCC(OC(CNC(=O)c3ccc(OCC4CCCC4)cc3)c3ccccc3)C2)CO1
O=C1CC(C(=O)N2CCCC(OC(CNC(=O)c3ccc(OCC4CCCC4)cc3)c3ccccc3)C2)CO1
O=C1CC(C(=O)N2CCCC(OC(CNC(=O)c3ccc(OCC4CCOC4)cc3)c3ccccc3)C2)CO1
O=C1CC(C(=O)N2CCCC(OC(CNC(=O)c3ccc(OCC4CCO4)cc3)c3ccccc3)C2)CO1
O=C1CC(C(=O)N2CCCC(OC(CNC(=O)c3ccc(OCCC4CCO4)cc3)c3ccccc3)C2)CO1
O=C1CC(C(=O)N2CCCC(OC(CNC(=O)c3ccc(OCCC4CO4)cc3)c3ccccc3)C2)CO1
O=C1CC(C(=O)N2CCCC(OC(CNC(=O)c3ccccc3)c3ccccc3)C2)CO1
O=C1CC(C(=O)N2CCCC(OC(CNC(=O)c3ccccc3)c3ccccc3)C2)CO1
O=C1CC(C(=O)N2CCCC(OC(CNC(=O)c3ccccc3)c3ccccc3)C2)CO1
O=C1CC(C(=O)N2CCCC(OC(CNC(=O)c3ccccc3)c3ccccc3)C2)CO1
O=C1CC(C(=O)N2CCCC(OC(CNC(=O)c3ccccc3)c3ccccc3)C2)CO1
O=C1CC(C(=O)N2CCCC(OC(CNC(=O)c3ccccc3)c3ccccc3)C2)CO1
O=C1CC(C(=O)N2CCCC(OC(CNC(=O)c3ccccc3)c3ccccc3)C2)CO1
O=C1CC(C(=O)N2CCCC(OC(CNC(=O)c3ccccc3)c3ccccc3)C2)CO1
O=C1CC(C(=O)N2CCCC(OC(CNC(=O)c3ccccc3)c3ccccc3)C2)CO1
O=C1CC(C(=O)N2CCCC(OC(CNC(=O)c3ccccc3)c3ccccc3)C2)CO1
O=C1CC(C(=O)N2CCCC(OC(CNC(=O)c3ccccc3)c3ccccc3)C2)CO1
O=C1CC(C(=O)N2CCCC(OC(CNC(=O)c3ccccc3)c3ccccc3)C2)CO1
O=C1CC(C(=O)N2CCCC(OC(CNC(=O)c3ccccc3)c3ccccc3)C2)CO1
O=C1CC(C(=O)N2CCCC(OC(CNC(=O)c3ccccc3)c3ccccc3)C2)CO1
O=C1CC(C(=O)N2CCCC(OC(CNC(=O)c3ccccc3)c3ccccc3)C2)CO1
O=C1CC(C(=O)N2CCCC(OC(CNC(=O)c3ccccc3)c3ccccc3)C2)CO1
O=C1CC(C(=O)N2CCCC(OC(CNC(=O)c3ccccc3)c3ccccc3)C2)CO1
O=C1CC(C(=O)N2CCCC(OC(CNC(=O)c3ccccc3)c3ccccc3)C2)CO1
O=C1CC(C(=O)N2CCCC(OC(CNC(=O)c3ccccc3)c3ccccc3)C2)CO1
O=C1CC(C(=O)N2CCCC(OC(CNC(=O)c3ccccc3)c3ccccc3)C2)CO1
O=C1CC(C(=O)N2CCCC(OC(CNC(=O)c3ccccc3)c3ccccc3)C2)CO1
O=C1CC(C(=O)N2CCCC(OC(CNC(=O)c3ccccc3)c3ccccc3)C2)CO1
O=C1CC(C(=O)N2CCCC(OC(CNC(=O)c3ccccc3)c3ccccc3)C2)CO1
O=C1CC(C(=O)N2CCCC(OC(CNC(=O)c3ccccc3)c3ccccc3)C2)CO1
O=C1CC(C(=O)N2CCCCC(OC(CNC(=O)c3ccccc3)c3ccccc3)C2)CO1
O=C1CC(C(=O)N2CCCCC(OC(CNC(=O)c3ccccc3)c3ccccc3)C2)CO1
O=C1CC(C(=O)N2CCCCC(OC(CNC(=O)c3ccccc3)c3ccccc3)C2)CO1
O=C1CC(C(=O)N2CCCCC(OC(CNC(=O)c3ccccc3)c3ccccc3)C2)CO1
O=C1CC(C(=O)N2CCCCC(OC(CNC(=O)c3ccccc3)c3ccccc3)C2)CO1
O=C1CC(C(=O)N2CCCCC(OC(CNC(=O)c3ccccc3)c3ccccc3)C2)CO1
O=C1CC(C(=O)N2CCCC(OC(CNC(=O)c3ccccc3)c3ccccc3)C2)CO1
O=C1CC(C(=O)N2CCCC(OC(CNC(=O)c3ccccc3)c3ccccc3)C2)CO1
O=C1CC(C(=O)N2CCCC(OC(CNC(=O)c3ccccc3)c3ccccc3)C2)CO1
O=C1CC(C(=O)N2CCCC(OC(CNC(=O)c3ccccc3)c3ccccc3)C2)CO1
O=C1CC(C(=O)N2CCCC(OC(CNC(=O)c3ccccc3)c3ccccc3)C2)CO1
O=C1CC(C(=O)N2CCCC(OC(CNC(=O)c3ccccc3)c3ccccc3)C2)CO1
O=C1CC(C(=O)N2CCCC(OC(CNC(=O)c3ccccc3)c3ccccc3)C2)CO1
O=C1CC(C(=O)N2CCCC(OCCNC(=O)c3ccc(OCc4ccccc4)cc3)C2)CO1
O=C1CC(C(=O)N2CCCC(OCC3CN3C(=O)c3ccc(OCc4ccccc4)cc3)C2)CO1
O=C1CC(C(=O)N2CCCC(OCCCNC(=O)c3ccc(OCc4ccccc4)cc3)C2)CO1
O=C1CC(C(=O)N2CCCC(OCCCCC(=O)c3ccc(OCc4ccccc4)cc3)C2)CO1
O=C1CC(C(=O)N2CCCC(OCCCC(=O)c3ccc(OCc4ccccc4)cc3)C2)CO1
O=C1CC(C(=O)N2CCCC(OCCC(=O)c3ccc(OCc4ccccc4)cc3)C2)CO1
O=C1CC(C(=O)N2CCCC(OCC(=O)c3ccc(OCc4ccccc4)cc3)C2)CO1
O=C1CCC(C(=O)N2CCCC(OCC(=O)c3ccc(OCc4ccccc4)cc3)C2)CO1
O=C1CCC(C(=O)N2CCCC(OC(=O)c3ccc(OCc4ccccc4)cc3)C2)CO1
O=C1CC(C(=O)N2CCCC(OC(=O)c3ccc(OCc4ccccc4)cc3)C2)CO1
O=S(=O)(NCCNc1cccc2c1cnn2-c1ccccc1)c1ccccc1
O=S(=O)(NCCNc1cccc2c1cnn2-c1ccccc1)c1ccccc1
O=S(=O)(NCCNC1=CCc2c1cnn2-c1ccccc1)c1ccccc1
O=S(=O)(NCCNC1Cc2c1cnn2-c1ccccc1)c1ccccc1
O=S(=O)(NCCNC1Cc2c1cnn2-c1ccccc1)c1ccccc1
O=S(=O)(NCCNC1Cc2c1cnn2-c1ccccc1)c1ccccc1
O=S(=O)(NCC(NC1Cc2[nH]ncc21)Oc1ccccc1)c1ccccc1
O=S(=O)(NCC(NC1CC2=C1C=N2)Oc1ccccc1)c1ccccc1
O=S(=O)(NCC(NC1CC2=C1C=N2)Oc1ccccc1)c1ccccc1
O=S(=O)(NCC(NC1C=CC1)Oc1ccccc1)c1ccccc1
O=S(=O)(NCC(NC1C=CC1)Oc1ccccc1)c1ccccc1
O=S(=O)(NCC(NC1C=CC1)Oc1ccc(C2CC2)cc1)c1ccccc1
O=S(=O)(NCC(NC1C=CC1)Oc1ccc(C2CC2)cc1)c1ccccc1
O=S(=O)(NCC(NC1C=CC1)Oc1ccc(C2CC2)cc1)c1ccccc1
O=S(=O)(Cc1ccccc1)NCC(NC1C=CC1)Oc1ccc(C2CC2)cc1
O=S(=O)(CCc1ccccc1)NCC(NC1C=CC1)Oc1ccc(C2CC2)cc1
O=S(=O)(CCc1ccccc1)NCC(NC1C=CC1)Oc1ccc(C2CC2)cc1
O=S(=O)(CCc1ccccc1)NCC(NC1C=CC1)Oc1ccc(C2CC2)cc1
O=S(=O)(CCc1ccccc1)NCC(NC1C=CC1)Oc1ccc(C2CC2)cc1
O=C(CS(=O)(=O)NCC(NC1C=CC1)Oc1ccc(C2CC2)cc1)c1ccccc1
O=C(CS(=O)(=O)NCC(NC1C=CC1)Oc1ccc(C2CC2)cc1)c1ccccc1
O=C(CS(=O)(=O)NCC(NC1C=CC1)Oc1ccc(C2CC2)cc1)c1ccccc1
O=C(CS(=O)(=O)NCC(NC1C=CC1)Oc1ccc(C2CCC2)cc1)c1ccccc1
O=C(CS(=O)(=O)NCC(NC1C=CC1)Oc1ccc(C2CCC2)cc1)c1ccccc1
O=C(CS(=O)(=O)NCC(NC1C=CC1)Oc1ccc(C2CC2)cc1)c1ccccc1
O=C(OCS(=O)(=O)NCC(NC1C=CC1)Oc1ccc(C2CC2)cc1)c1ccccc1
O=C(OCS(=O)(=O)NCC(NC1C=CC1)Oc1ccc(C2CC2)cc1)c1ccccc1
O=C(OCS(=O)(=O)NCC(NC1C=CC1)Oc1ccc(C2CC2)cc1)c1ccccc1
O=C(OCS(=O)(=O)NCC(NC1CC1)Oc1ccc(C2CC2)cc1)c1ccccc1
O=C(OC1CC1NCOc1ccc(C2CC2)cc1)c1ccccc1
O=C(OC1CC1NCOc1ccc(C2CC2)cc1)c1ccccc1
O=C(OC1CC1NCOc1ccc(C2CC2)cc1)c1ccccc1
O=C(OC1C(=O)C1NCOc1ccc(C2CC2)cc1)c1ccccc1
O=C(OC1C(=O)CC1NCOc1ccc(C2CC2)cc1)c1ccccc1
O=C(OC1C(=O)CC1NCOc1ccc(C2CC2)cc1)c1ccccc1
O=C1CC(NCOc2ccc(C3CC3)cc2)C(OC(=O)c2ccccc2)O1
O=C1CC(NCOc2ccc(C3CC3)cc2)C(OC(=O)c2ccccc2)O1
O=C1CC(NCOc2ccc(C3CCC3)cc2)C(OC(=O)c2ccccc2)O1
O=C1CC(NCOc2ccc(C3CCCC3)cc2)C(OC(=O)c2ccccc2)O1
O=C1CC(NCOc2ccc(C3CCC(OC(=O)c4ccccc4)C3)cc2)CO1
O=C1CC(NCOc2ccc(C3CCC(OC(=O)c4ccccc4)CC3)cc2)CO1
O=C1CC(NCOc2ccc(C3CCCC(OC(=O)c4ccccc4)CC3)cc2)CO1
O=C1CC(NCOc2ccc(C3CCCC(OC(=O)c4ccccc4)CC3)cc2)CO1
O=C1CC(NCOc2ccc(C3CCCC(OC(=O)c4ccccc4)CC3)cc2)CO1
O=C1CC(NCOc2ccc(C3CCCC(OC(=O)c4ccccc4)CC3)cc2)CO1
O=C1CC(NCOc2ccc(C3CCCC(OC(=O)c4ccccc4)CC3)cc2)CO1
O=C1CC(NCOc2ccc(C3CCCC(OC(=O)c4ccccc4)CC3)cc2)CO1
O=C1CC(NCOc2ccc(C3CCCC(OC(=O)c4ccccc4)CC3)cc2)CO1
O=C1CC(NCOc2ccc(C3CCC(OC(=O)c4ccccc4)CC3)cc2)CO1
O=C1CC(NCOc2ccc(C3CCC(OC(=O)c4ccccc4)CC3)cc2)CO1
O=C1CC(NCOc2ccc(C3CCC(OC(=O)c4ccccc4)CC3)cc2)CO1
O=C1CC(NCOc2ccc(C3CCC(OC(=O)c4ccccc4)CC3)cc2)CO1
O=C1CC(NCOc2ccc(C3CCCC(OC(=O)c4ccccc4)CC3)cc2)CO1
O=C1CCC(NCOc2ccc(C3CCCC(OC(=O)c4ccccc4)CC3)cc2)CO1
O=C1CCC(NCOc2ccc(C3CCCCC(OC(=O)c4ccccc4)CC3)cc2)CO1
O=C1CCC(NCOc2ccc(C3CCCCC(OC(=O)c4ccccc4)CC3)cc2)CO1
O=C1CCC(NCOc2ccc(C3CCCC(OC(=O)c4ccccc4)CC3)cc2)CO1
O=C1CCC(NCOc2ccc(C3CCCC(OC(=O)c4ccccc4)CC3)cc2)CO1
O=C1CCC(NCOc2ccc(C3CCCC(OC(=O)c4ccccc4)CC3)cc2)CO1
O=C1CCC(NCOc2ccc(C3CCCC(OC(=O)c4ccccc4)CC3)cc2)CO1
O=C1CCC(NCOc2ccc(C3CCCC(OC(=O)c4ccccc4)CC3)cc2)CO1
O=C1CCC(NCOc2ccc(C3CCCC(OC(=O)c4ccccc4)CC3)cc2)CO1
O=C1CCC(NCOc2ccc(C3CCCC(OC(=O)c4ccccc4)CC3)cc2)CO1
O=C1CCC(NCOc2ccc(C3CCCC(OC(=O)c4ccccc4)C3)cc2)CO1
O=C(OC1CCCC(c2ccc(OCNC3CCCOC3)cc2)C1)c1ccccc1
O=C(OC1CCCC(c2ccc(OCNC3CCOC3)cc2)C1)c1ccccc1
O=C(OC1CCCCC(c2ccc(OCNC3CCOC3)cc2)C1)c1ccccc1
O=C(OC1CCCCC(c2ccc(OCNC3CCOC3)cc2)CC1)c1ccccc1
O=C(OC1CCCCC(c2ccc(OCNC3CCOC3)cc2)CC1)c1ccccc1
O=C(OC1CCCCC(c2ccc(OCNC3COC3)cc2)CC1)c1ccccc1
O=C(OC1CCCCC(c2ccc(OCNC3COC3)cc2)C1)c1ccccc1
O=C(OC1CCCC(c2ccc(OCNC3COC3)cc2)C1)c1ccccc1
O=C(OC1CCCC(c2ccc(OCNC3COC3=O)cc2)C1)c1ccccc1
O=C(OC1CCCC(c2ccc(OCNC3COC3=O)cc2)CC1)c1ccccc1
O=C(OC1CCCC(c2ccc(OCNC3COC3=O)cc2)CCC1)c1ccccc1
O=C(OC1CCCC(c2ccc(OCNC3COC3=O)cc2)CCC1)c1ccccc1
O=C1CC(NCOc2ccc(C3CCCC(OC(=O)c4ccccc4)CCC3)cc2)CO1
O=C1CC(NCOc2ccc(C3CCCC(OC(=O)c4ccccc4)CCC3)cc2)CO1
O=C1CC(NCOc2ccc(C3CCCC(OC(=O)c4ccccc4)CCC3)cc2)CO1
O=C1CC(NCOc2ccc(C3CCCC(OC(=O)c4ccccc4)CCC3)cc2)CCO1
O=C1CC(NCOc2ccc(C3CCCC(OC(=O)c4ccccc4)CCC3)cc2)CCO1
O=C1CC(NCOc2ccc(C3CCCC(OC(=O)c4ccccc4)CCC3)cc2)CCCO1
O=C1CC(NCOc2ccc(C3CCCC(OC(=O)c4ccccc4)CC3)cc2)CCCO1
O=C1CC(NCOc2ccc(C3CCCC(OC(=O)c4ccccc4)CC3)cc2)CCO1
O=C1CC(NCOc2ccc(C3CCCC(OC(=O)c4ccccc4)CC3)cc2)CCO1
O=C1CC(NCOc2ccc(C3CCCC(OC(=O)c4ccccc4)CC3)cc2)CCO1
O=C1CC(NCOc2ccc(C3CCCC(OC(=O)c4ccccc4)CC3)cc2)CCO1
O=C1CC(CCOc2ccc(C3CCCC(OC(=O)c4ccccc4)CC3)cc2)CCO1
O=C1CC(CCOc2ccc(C3CCC(OC(=O)c4ccccc4)CC3)cc2)CCO1
O=C1CC(CCOc2ccc(C3CCC(OC(=O)c4ccccc4)CC3)cc2)CO1
C=C(COc1ccc(C2CCC(OC(=O)c3ccccc3)CC2)cc1)C1COC(=O)C1
C=C(OCOc1ccc(C2CCC(OC(=O)c3ccccc3)CC2)cc1)C1COC(=O)C1
O=C1CC(C(=O)OCOc2ccc(C3CCC(OC(=O)c4ccccc4)CC3)cc2)CO1
O=C1CC(C(=O)CCOc2ccc(C3CCC(OC(=O)c4ccccc4)CC3)cc2)CO1
O=C1CC(C(=O)CCOc2ccc(C3CCC(OC(=O)c4ccccc4)C3)cc2)CO1
O=C1CC(C(=O)COc2ccc(C3CCC(OC(=O)c4ccccc4)C3)cc2)CO1
O=C1CC(C(=O)NCOc2ccc(C3CCC(OC(=O)c4ccccc4)C3)cc2)CO1
O=C1CC(C(=O)NCCOc2ccc(C3CCC(OC(=O)c4ccccc4)C3)cc2)CO1
O=C1CC(C(=O)NCCOc2ccc(C3CCCC(OC(=O)c4ccccc4)C3)cc2)CO1
O=C1CC(C(=O)NCCOc2ccc(C3CCCC(OC(=O)c4ccccc4)C3)cc2)CO1
O=C1CC(C(=O)NCCOc2ccc(C3CCCC(OC(=O)c4ccccc4)CC3)cc2)CO1
O=C1CC(C(=O)NCCOc2ccc(C3CCCC(OC(=O)c4ccccc4)CCC3)cc2)CO1
O=C1CC(C(=O)NCCCOc2ccc(C3CCCC(OC(=O)c4ccccc4)CCC3)cc2)CO1
O=C1CC(C(=O)NCCCOc2ccc(C3CCCC(OC(=O)c4ccccc4)CC3)cc2)CO1
O=C1CC(C(=O)NCCCCOc2ccc(C3CCCC(OC(=O)c4ccccc4)CC3)cc2)CO1
O=C1CC(C(=O)NCCCCOc2ccc(C3CCC(OC(=O)c4ccccc4)CC3)cc2)CO1
O=C1CC(C(=O)NCCCOc2ccc(C3CCC(OC(=O)c4ccccc4)CC3)cc2)CO1
O=C1CC(C(=O)N2CC(COc3ccc(C4CCC(OC(=O)c5ccccc5)CC4)cc3)C2)CO1
O=C1CC(C(=O)N2CC(COc3ccc(C4CCC(OC(=O)c5ccccc5)CC4)cc3)C2)CO1
O=C1CC(C(=O)N2CC(COc3ccc(C4CCC(OC(=O)c5ccccc5)CC4)cc3)C2)CO1
O=C1CC(C(=O)N2CC(COc3ccc(C4CCC(OC(=O)c5ccccc5)CC4)cc3)C2)CO1
O=C1CC(C(=O)N2CCC(COc3ccc(C4CCC(OC(=O)c5ccccc5)CC4)cc3)C2)CO1
O=C1CC(C(=O)N2CCC(COc3ccc(C4CCC(OC(=O)c5ccccc5)C4)cc3)C2)CO1
O=C1CC(C(=O)N2CCCC(COc3ccc(C4CCC(OC(=O)c5ccccc5)C4)cc3)C2)CO1
O=C1CC(C(=O)N2CCCC(COc3ccc(C4CCC(OC(=O)c5ccccc5)CC4)cc3)C2)CO1
O=C1CC(C(=O)N2CCCC(COc3ccc(C4CCC(OC(=O)c5ccccc5)CC4)cc3)CC2)CO1
O=C1CC(C(=O)N2CCCC(COc3ccc(C4CCC(OC(=O)c5ccccc5)CC4)cc3)CC2)CO1
O=C1CC(C(=O)N2CCCC(Cc3ccc(C(=O)OC4CCC(c5ccccc5)CC4)cc3)CC2)CO1
O=C1CC(C(=O)N2CCCC(c3ccc(C(=O)OC4CCC(c5ccccc5)CC4)cc3)CC2)CO1
O=C1CC(C(=O)N2CCCC(c3ccc(C(=O)OC4CCC(c5ccccc5)CC4)cc3)CC2)CO1
O=C1CC(C(=O)N2CCCCC(c3ccc(C(=O)OC4CCC(c5ccccc5)CC4)cc3)CC2)CO1
O=C1CC(C(=O)N2CCCCC(c3ccc(C(=O)OC4CCC(c5ccccc5)CC4)cc3)CC2)CO1
O=C1CC(C(=O)N2CCCCC(c3ccc(C(=O)OC4CCCC(c5ccccc5)CC4)cc3)CC2)CO1
O=C1CC(C(=O)N2CCCCC(c3ccc(C(=O)OC4CCCC(c5ccccc5)CC4)cc3)CC2)CO1
O=C1CC(C(=O)N2CCCC(c3ccc(C(=O)OC4CCCC(c5ccccc5)CC4)cc3)CC2)CO1
O=C1CC(C(=O)N2CCCC(c3ccc(C(=O)OC4CCCC(c5ccccc5)CC4)cc3)CC2)CO1
O=C1CC(C(=O)N2CCCC(c3ccc(C(=O)OC4CCCC(c5ccccc5)CC4)cc3)CC2)CO1
O=C1CC(C(=O)N2CCCCC(c3ccc(C(=O)OC4CCCC(c5ccccc5)CC4)cc3)CC2)CO1
O=C1CC(C(=O)N2CCCCC(c3ccc(C(=O)OC4CCCC(c5ccccc5)CC4)cc3)CC2)CO1
O=C1CC(C(=O)N2CCCC(c3ccc(C(=O)OC4CCCC(c5ccccc5)CC4)cc3)CC2)CO1
O=C1CC(C(=O)N2CCCCC(c3ccc(C(=O)OC4CCCC(c5ccccc5)CC4)cc3)C2)CO1
O=C1CC(C(=O)N2CCCCC(c3ccc(C(=O)OC4CCCC(c5ccccc5)CC4)cc3)C2)CO1
O=C1CC(C(=O)N2CCCC(c3ccc(C(=O)OC4CCCC(c5ccccc5)CC4)cc3)C2)CO1
O=C1CC(C(=O)N2CCCC(c3ccc(C(=O)OC4CCCCC(c5ccccc5)CC4)cc3)C2)CO1
O=C1CC(C(=O)N2CCCC(c3ccc(C(=O)OC4CCCCC(c5ccccc5)CC4)cc3)C2)CO1
O=C1CC(C(=O)N2CCCC(c3ccc(C(=O)OC4CCCCC(c5ccccc5)CC4)cc3)C2)CO1
O=C1CC(C(=O)N2CCCC(c3ccc(C(=O)OC4CCCC(c5ccccc5)CC4)cc3)C2)CO1
O=C1CC(C(=O)N2CCC(c3ccc(C(=O)OC4CCCC(c5ccccc5)CC4)cc3)C2)CO1
O=C1CC(C(=O)N2CCC(c3ccc(C(=O)OC4CCCC(c5ccccc5)CC4)cc3)C2)CO1
O=C1CC(C(=O)N2CCC(c3ccc(C(=O)OC4CCCC(c5ccccc5)CC4)cc3)C2)CO1
O=C1CC(C(=O)N2CCC(c3ccc(C(=O)OC4CCCCC(c5ccccc5)CC4)cc3)C2)CO1
O=C1CC(C(=O)N2CCC(c3ccc(C(=O)OC4CCCCC(c5ccccc5)CC4)cc3)CC2)CO1
O=C1CC(C(=O)N2CCC(c3ccc(C(=O)OC4CCCC(c5ccccc5)CC4)cc3)CC2)CO1
O=C1CC(C(=O)N2CCC(Oc3ccc(C(=O)OC4CCCC(c5ccccc5)CC4)cc3)CC2)CO1
O=C1CC(C(=O)N2CCC(Oc3ccc(C(=O)OC4CCCC(c5ccccc5)C4)cc3)CC2)CO1
O=C1CC(C(=O)N2CCC(Oc3ccc(C(=O)OC4CCC(c5ccccc5)C4)cc3)CC2)CO1
O=C1CC(C(=O)N2CCC(Oc3ccc(C(=O)OC4CC(c5ccccc5)C4)cc3)CC2)CO1
O=C1CC(C(=O)N2CCCC(Oc3ccc(C(=O)OC4CC(c5ccccc5)C4)cc3)CC2)CO1
O=C1CC(C(=O)N2CCCCC(Oc3ccc(C(=O)OC4CC(c5ccccc5)C4)cc3)CC2)CO1
O=C1CC(C(=O)N2CCCCC(Oc3ccc(C(=O)OC4CC(c5ccccc5)C4)cc3)C2)CO1
O=C1CC(C(=O)N2CCCCC(OCc3ccc(C4CC(OC(=O)c5ccccc5)C4)cc3)C2)CO1
O=C1CC(C(=O)N2CCCC(OCc3ccc(C4CC(OC(=O)c5ccccc5)C4)cc3)CC2)CO1
O=C1CC(C(=O)N2CCCC(OCc3ccc(C4CC(OC(=O)c5ccccc5)C4)cc3)CC2)CO1
O=C1CC(C(=O)N2CCC(OCc3ccc(C4CCC4)cc3)CC(OC(=O)c3ccccc3)C2)CO1
O=C1CC(C(=O)N2CCC(OCc3ccc(C4CCC4)cc3)CC(OC(=O)c3ccccc3)C2)CO1
O=C1CC(C(=O)N2CCCCC(OC(=O)c3cccc(OCc4ccc(C5CCC5)cc4)c3)C2)CO1
O=C1CC(C(=O)N2CCCCC(OC(=O)c3cccc(OCc4ccc(C5CC5)cc4)c3)C2)CO1
O=C1CC(C(=O)N2CCCCC(OC(=O)c3cccc(OCc4ccc(C5CC5)cc4)c3)C2)CO1
O=C1CC(C(=O)N2CCCCC(OC(=O)c3cccc(OCc4ccc(C5CC5)cc4)c3)C2)CO1
O=C1CC(C(=O)N2CCCCC(OC(=O)c3cccc(OCc4ccc(C5CC5)cc4)c3)C2)CO1
O=C1CC(C(=O)N2CCCCC(OC(=O)Cc3cccc(OCc4ccc(C5CC5)cc4)c3)C2)CO1
O=C1CC(C(=O)N2CCCC(OC(=O)Cc3cccc(OCc4ccc(C5CC5)cc4)c3)C2)CO1
O=C1CC(C(=O)N2CCCC(OC(=O)Cc3cccc(OCc4ccc(C5CC5)cc4)c3)C2)CO1
O=C1CC(C(=O)N2CCCC(OC(=O)c3cccc(OCc4ccc(C5CC5)cc4)c3)C2)CO1
O=C1CC(C(=O)N2CCCC(OC(=O)c3ccc(OCc4ccc(C5CC5)cc4)cc3)C2)CO1
O=S(=O)(NCCNc1cccc2c1cnn2-c1ccccc1)c1ccccc1
O=S(=O)(NCCNc1cccc2c1cnn2Cc1ccccc1)c1ccccc1
O=C(CNS(=O)c1ccccc1)Nc1cccc2c1cnn2Cc1ccccc1
O=C(CNS(=O)c1ccccc1)Nc1cccc2c1cnn2Cc1ccccc1
O=C(CNS(=O)c1ccccc1)Nc1cccc2c1cnn2Cc1ccccc1
O=C(CNS(=O)C1=CCC=C1)Nc1cccc2c1cnn2Cc1ccccc1
O=C(CNSC1=CCC=C1)Nc1cccc2c1cnn2Cc1ccccc1
O=C(Nc1cccc2c1cnn2Cc1ccccc1)OCNSC1=CCC=C1
O=C(Nc1cccc2c1cnn2Cc1ccccc1)OCNSC1=CCC=C1
O=C(NCc1cccc2c1cnn2Cc1ccccc1)OCNSC1=CCC=C1
O=C(NCc1cccc2c1cnn2Cc1ccccc1)OCNCC1=CCC=C1
O=C(NCc1cccc2c1cnn2Cc1ccccc1)OCNCC1=CCC=C1
O=C(NCc1cccc2c1cnn2Cc1ccccc1)OC1CC2=C(C=CC2)CN1
O=C(NCc1cccc2c1cnn2Cc1ccccc1)OC1CC2=C(C=CC2)CN1
O=C(NCc1cccc2c1cnn2Cc1ccccc1)OC1CC2=C(C=CC2)CN1
O=C(NCc1cccc2c1cnn2Cc1ccccc1)OC1CCC2=C(CC=C2)C1
O=C(NCc1cccc2c1cnn2Cc1ccccc1)OC1CC2=C(CC=C2)C1
O=C(NCc1cccc2c1ccn2Cc1ccccc1)OC1CC2=C(CC=C2)C1
O=C(NCc1cccc(NCc2ccccc2)c1)OC1CC2=C(CC=C2)C1
O=C(NCc1cccc(NCc2ccccc2)c1)OC1CC2=C(CC=C2)C1
O=C(NCc1cccc(NCc2ccccc2)c1)OC1CNC2=C(C=CC2)C1
O=C(NCc1cccc(NCc2ccccc2)c1)OC1CNC2=C(C=CC2)C1
O=C(NCc1cccc(NCc2ccccc2)c1)OC1CNC2=C(C=CC2)C1
O=C(NCc1cccc(NCc2ccccc2)c1)OC1CNC2=C(C=CC2)C1
O=C(NCc1cccc(NCc2ccccc2)c1)OC1CNC2=C(C=C2)C1
O=C(NCc1cccc(NCc2ccccc2)c1)OC1CNC2=C(C=C2)C1
O=C(NCc1cccc(NCc2ccccc2)c1)OC1CNC2=C(C=C2)C1
O=C(NCc1cccc(NCc2ccccc2)c1)OC1CNC2=C(C=C2)C1
O=C(NCc1cccc(NCc2ccccc2)c1)OC1CNC2=C(C=C2)C1
O=C(NCc1cccc(Nc2ccccc2)c1)OC1CNC2=C(C=C2)C1
O=C(NCc1cccc(NCc2ccccc2)c1)OC1CNC2=C(C=C2)C1
O=C(NCc1cccc(NCc2c3cccc2-3)c1)OC1CNC2=C(C=C2)C1
O=C(NCc1cccc(NCc2c3cccc2-3)c1)OC1CNC2=C(C=C2)C1
O=C(NCc1ccccc1)OC1CNC2=C(C=C2NCc2c3cccc2-3)C1
O=C(NCc1ccccc1)OC1CNC2=C(C=C(c3c4cccc3-4)NC2)C1
O=C(NCc1ccccc1)OC1CNC2=C(C=C(c3c4cccc3-4)NCC2)C1
O=C(NCc1ccccc1)OC1CNC2=C(C=C(c3c4cccc3-4)NCC2)C1
O=C(NCc1ccccc1)OC1CNC2=C(C=C(c3c4cccc3-4)NCC2)C1
O=C(NCc1ccccc1)OC1CNC2=C(C=C(c3c4cccc3-4)NC=C2)C1
O=C(NCc1ccccc1)OC1CNC2=C(C=C(c3c4cccc3-4)NC=C2)C1
O=C(NCc1ccccc1)OC1CNC2=C(C=C(c3c4cccc3-4)NC=C2)C1
O=C(NCc1ccccc1)OC1CNC2=C(C=C(c3c4cccc3-4)NC=C2)C1
O=C(NCc1ccccc1)OC1CNC2=C(C=C(c3c4cccc3-4)NC=C2)C1
O=C(NCc1ccccc1)OC1CNC2=C(C=C(c3c4cccc3-4)CC=C2)C1
O=C(NCc1ccccc1)OC1CNC2=C(C=C(c3c4cccc3-4)CC=C2)C1
O=C(NCc1ccccc1)OC1CNc2ccc(-c3c4cccc3-4)cc2C1
O=C(NCc1ccccc1)OC1CNc2ccc(-c3ccccc3)cc2C1
O=C(NCc1ccccc1)OC1CNc2ccc(-c3ccc4cc3-4)cc2C1
O=C(NCc1ccccc1)OC1CNc2ccc(-c3ccc4cc3-4)cc2C1
O=C(NCc1ccccc1)OC1CNc2ccc(-c3ccc4cc3-4)cc2C1
O=C(NCc1ccccc1)OC1CNc2ccc(-c3ccc4cc3-4)cc2C1
O=C(NCc1ccccc1)OC1CNc2ccc(-c3ccc4cc3-4)cc2C1
O=C(NCc1ccccc1)OC1CNc2ccc(-c3ccccc3)cc2C1
O=C(NCc1ccccc1)OC1CNc2ccc(-c3ccccc3)cc2C1
O=C(NCc1ccccc1)OC1CNc2ccc(-c3ccccc3)cc2C1
O=C(NCc1ccccc1)OC1CNc2ccc(-c3ccccc3)cc2C1
O=C(NCc1ccccc1)OC1CNc2ccc(-c3ccccc3)cc2C1
O=C(NCc1ccccc1)OC1CNc2ccc(-c3ccccc3)cc2C1
O=C(NCc1ccccc1)OC1CNc2ccc(-c3ccccc3)cc2C1
O=C(NCc1ccccc1)OC1CNc2ccc(-c3ccccc3)cc2C1
O=C(NCc1ccccc1)OC1CNc2ccc(-c3ccccc3)cc2C1
O=C(NCc1ccccc1)OC1CNc2ccc(-c3ccccc3)cc2C1
O=C(NCc1ccccc1)OC1CNc2ccc(-c3ccccc3)cc2C1
O=C(NCc1ccccc1)OC1CNc2ccc(-c3ccccc3)cc2C1
O=C(NCc1ccccc1)OC1CNc2ccc(-c3ccccc3)cc2C1
O=C(NCc1ccccc1)OC1CNc2ccc(-c3ccccc3)cc2C1
O=C(NCc1ccccc1)OC1CNc2ccc(-c3ccccc3)cc2C1
O=C(NCc1ccccc1)OC1CNc2ccc(-c3ccccc3)cc2C1
O=C(NCc1ccccc1)OC1CNc2ccc(-c3ccccc3)cc2C1
O=C(NCc1ccccc1)OC1CNc2ccc(-c3ccccc3)cc2C1
O=C(NCc1ccccc1)OC1CNc2ccc(-c3ccccc3)cc2C1
O=C(NCc1ccccc1)OC1CNc2ccc(-c3cccc4cn[nH]c34)cc2C1
O=C(NCc1ccccc1)OC1CNc2ccc(-c3cccc4cn[nH]c34)cc2C1
O=C(NCc1ccccc1)OC1CNc2ccc(-c3cccc4cn[nH]c34)cc2C1
O=C(NCc1ccccc1)OC1CNc2ccc(-c3cccc4cn[nH]c34)cc2C1
O=C(NCc1ccccc1)OC1CNc2ccc(-c3cccc4cc[nH]c34)cc2C1
O=S(=O)(NCCNc1cccc2c1cnn2-c1ccccc1)c1ccccc1
c1ccc(-n2ncc3ccccc32)cc1
c1ccc(-n2ncc3ccccc32)cc1
c1ccc(-n2ncc3ccccc32)cc1
c1ccc(-n2ncc3ccccc32)cc1
c1ccc(-n2ncc3ccccc32)cc1
c1ccc(-n2ncc3ccccc32)cc1
c1ccc(-n2ncc3ccccc32)cc1
c1ccc(-n2ncc3ccccc32)cc1
c1ccc(-n2ncc3ccccc32)cc1
c1ccc(-n2ncc3ccccc32)cc1
c1ccc(-n2ncc3ccccc32)cc1
c1ccc(-n2ncc3ccccc32)cc1
c1ccc(-n2ncc3ccccc32)cc1
c1ccc(-n2ncc3ccccc32)cc1
c1ccc(-n2ncc3ccccc32)cc1
c1ccc(-n2ncc3ccccc32)cc1
O=S(=O)(NCCNc1cccc2c1cnn2-c1ccccc1)c1ccccc1
O=S(=O)(NCCNc1cccc2c1cnn2-c1ccccc1)c1ccccc1
O=S(=O)(NCCNc1ccc2cnn(-c3ccccc3)c2c1)c1ccccc1
O=S(=O)(NCCNc1ccc2cnn(-c3ccccc3)c2c1)c1ccccc1
O=S(=O)(NCCNc1ccc2cnn(-c3ccccc3)c2c1)c1ccccc1
O=S(=O)(NCCOc1ccc2cnn(-c3ccccc3)c2c1)c1ccccc1
O=S(=O)(NCCOc1ccc2cnn(-c3ccccc3)c2c1)c1ccccc1
O=S(=O)(NCCOc1ccc2cnn(-c3ccccc3)c2c1)c1ccccc1
O=S(NCCOc1ccc2cnn(-c3ccccc3)c2c1)c1ccccc1
O=S(NCCOc1ccc2cnn(-c3ccccc3)c2c1)C1=CCC=C1
O=C(NCCOc1ccc2cnn(-c3ccccc3)c2c1)C1=CCC=C1
O=C(NCCOc1ccc2cnn(-c3ccccc3)c2c1)C1=CCCC1
O=C(NCCOc1ccc2c(cnn2-c2ccccc2)c1)C1=CCCC1
O=C(NCCOc1ccc2c(cnn2-c2ccccc2)c1)C1=CCCC1
O=C(NCCOc1ccc2c(cnn2-c2ccccc2)c1)C1=CCCC1
O=C(NCCOc1ccc2c(cnn2-c2ccccc2)c1)C1=CCCCC1
O=C(NCCOc1ccc2c(cnn2-c2ccccc2)c1)C1=CCCOCC1
O=C(NCCOc1ccc2c(cnn2-c2ccccc2)c1)C1CCOCC1
O=C(NCCOc1ccc2c(cnn2-c2ccccc2)c1)NC1CCOCC1
O=C(NCCOc1ccc2c(cnn2-c2ccccc2)c1)NC1CCOCC1
O=C(NCCOc1ccc2c(cnn2-c2ccccc2)c1)NC1CCOCC1
O=C(NCCOc1ccc2c(cnn2-c2ccccc2)c1)NC1CCOCC1
O=C(NCCOc1ccc2c(cnn2-c2ccccc2)c1)NC1CCOCC1
O=C(NCCOc1ccc2c(cnn2-c2ccccc2)c1)NC1CCOC1
O=C(NC1CCOC1)c1cccc(-n2ncc3ccccc32)c1
O=C(NC1CCOC1)c1cccc(-n2ncc3ccccc32)c1
O=C(NC1CCOC1)c1cccc(-n2ncc3ccccc32)c1
O=C(NC1CCOC1)c1cccc(-n2ncc3ccccc32)c1
O=C(NC1CCOC1)c1cccc(-n2ncc3ccccc32)c1
O=C(NC1CCOC1)c1cccc(-n2ncc3ccccc32)c1
O=C(NC1CCOC1)c1cccc(-n2ncc3ccccc32)c1
O=C(NC1CCOC1)c1cccc(-n2ncc3ccccc32)c1
O=C(NC1CCOC1)c1cccc(-n2ncc3ccccc32)c1
O=C(NC1CCOC1)c1cccc(-n2ncc3ccccc32)c1
O=C(NC1CCOC1)c1cccc(-n2ncc3ccccc32)c1
O=C(NC1CCOC1)c1cccc(-n2ncc3ccccc32)c1
O=C(NC1CCOC1)c1cccc(-n2ncc3ccccc32)c1
O=C(NC1CCOC1)c1cccc(-n2ncc3ccccc32)c1
O=C(NC1CCOC1)c1cccc(-n2ncc3ccccc32)c1
O=C(NC1CCOC1)c1cccc(-n2ncc3ccccc32)c1
O=C(NC1CCOC1)c1cccc(-n2ncc3ccccc32)c1
O=C(NC1CCOC1)c1cccc(-n2ncc3ccccc32)c1
O=C(NC1CCOC1)c1cccc(-n2ncc3ccccc32)c1
O=C(NC1CCOC1)c1cccc(-n2ncc3ccccc32)c1
O=C(NC1CCOC1)c1cccc(-n2ncc3ccccc32)c1
O=C(NC1CCOC1)c1cccc(-n2ncc3ccccc32)c1
O=C(NC1CCOC1)c1cccc(-n2ncc3ccccc32)c1
O=C(NC1CCOC1)c1cccc(-n2ncc3ccccc32)c1
O=C(NC1CCOC1)c1cccc(-n2ncc3ccccc32)c1
O=C(NC1CCOC1)c1cccc(-n2ncc3ccccc32)c1
O=C(NC1CCOC1)c1cccc(-n2ncc3ccccc32)c1
O=C(NC1CCOC1)c1cccc(-n2ncc3ccccc32)c1
O=C(NC1CCOC1)c1cccc(-n2ncc3ccccc32)c1
O=C(NC1CCOC1)c1cccc(-n2ncc3ccccc32)c1
O=C(NC1CCOC1)c1cccc(-n2ncc3ccccc32)c1
O=C(NC1CCOC1)c1cccc(-n2ncc3ccccc32)c1
O=C(NC1CCOC1)c1cccc(-n2ncc3ccccc32)c1
O=C(NC1CCOC1)c1cccc(-n2ncc3ccccc32)c1
O=C(NC1CCOC1)c1cccc(-n2ncc3ccccc32)c1
O=C(NC1CCOC1)c1cccc(-n2ncc3cc(OCC4=NNC4)ccc32)c1
O=C(NC1CCOC1)c1cccc(-n2ncc3cc(OCC4=NN4)ccc32)c1
O=C(NC1CCOC1)c1cccc(-n2ncc3cc(OCC4=NN4)ccc32)c1
O=C(NC1CCOC1)c1cccc(-n2ncc3cc(OCC4=CN4)ccc32)c1
O=C(NC1CCOC1)c1cccc(-n2ncc3cc(OCC4=C5OCN45)ccc32)c1
O=C(NC1CCOC1)c1cccc(-n2ncc3cc(OCC4=COCN4)ccc32)c1
O=C(NC1CCOC1)c1cccc(-n2ncc3cc(OCC4=COCCN4)ccc32)c1
O=C(NC1CCOC1)c1cccc(-n2ncc3cc(OCC4=COCCN4)ccc32)c1
O=C(NC1CCOC1)c1cccc(-n2ncc3cc(OCC4=COCCC4)ccc32)c1
O=C(NC1CCOC1)c1cccc(-n2ncc3cc(OCC4=COCCC4)ccc32)c1
O=C(NC1CCOC1)c1cccc(-n2ncc3cc(OCC4=CCOCCC4)ccc32)c1
O=C(NC1CCOC1)c1cccc(-n2ncc3cc(OCC4=CCCCCC4)ccc32)c1
O=C(NC1CCOC1)c1cccc(-n2ncc3cc(OCC4=CCCCC=C4)ccc32)c1
O=C(NC1CCOC1)c1cccc(-n2ncc3cc(OCC4=CCC=CC=C4)ccc32)c1
O=C(NC1CCOC1)c1cccc(-n2ncc3cc(OCc4ccccc4)ccc32)c1
O=C(NC1CCOC1)c1cccc(-n2ncc3cc(OCc4ccccc4)ccc32)c1
O=C(NC1CCOC1)c1cccc(-n2ncc3cc(OCc4ccccc4)ccc32)c1
O=C(NC1CCOC1)c1cccc(-n2ncc3cc(OCc4ccccc4)ccc32)c1
O=C(NC1CCOC1)c1cccc(-n2ncc3cc(OCc4ccccc4)ccc32)c1
O=C(NC1CCOC1)c1cccc(-n2ncc3cc(OCc4ccccc4)ccc32)c1
O=C(NC1CCOC1)c1cccc(-n2ncc3cc(OCc4ccc5c(c4)OCO5)ccc32)c1
O=C(NC1COC1)c1cccc(-n2ncc3cc(OCc4ccc5c(c4)OCO5)ccc32)c1
O=C(NC1COC1)c1cccc(-n2ncc3cc(OCc4ccc5c(c4)OCCO5)ccc32)c1
O=C(NC1CCOC1)c1cccc(-n2ncc3cc(OCc4ccc5c(c4)OCCO5)ccc32)c1
O=S(=O)(NCCNc1cccc2c1cnn2-c1ccccc1)c1ccccc1
O=S(=O)(NCCNc1cccc2c1cnn2-c1ccccc1)C1C=CC=C1
c1ccc(-n2ncc3ccccc32)cc1
O=S(=O)(NCCNc1cccc2c1cnn2-c1ccccc1)C1C=CCCC1
O=S(=O)(CC1C=CCCC1)NCCNc1cccc2c1cnn2-c1ccccc1
O=S(=O)(CC1C=CCCC1)NCCNc1cccc2nn(-c3ccccc3)cc12
O=S(=O)(CC1C=CCCC1)NCCNc1cccc2nn(-c3ccccc3)cc12
O=S(=O)(CCCNc1cccc2nn(-c3ccccc3)cc12)CC1C=CCCC1
O=S(=O)(CCCNc1cccc2nn(-c3ccccc3)cc12)CC1C=CCCC1
O=S(CCCNc1cccc2nn(-c3ccccc3)cc12)CC1C=CCCC1
C1=CC(CCNc2cccc3nn(-c4ccccc4)cc23)CCC1
C1=CC(CCNc2cccc3nn(-c4ccccc4)cc23)CCC1
C1=CC(CCNc2cccc3nn(-c4ccccc4)cc23)CCC1
C1=CC(CCNc2cccc3nn(-c4ccccc4)cc23)CCC1
C1=CC(CCNc2cccc3nn(-c4ccccc4)cc23)CCC1
c1ccc(-n2cc3c(NCCC4CCCC4)cccc3n2)cc1
c1ccc(-n2cc3c(NCCC4CCCC4)cccc3n2)cc1
c1ccc(-n2cc3c(NCCC4CCCC4)cccc3n2)cc1
c1cncc(-n2cc3c(NCCC4CCCC4)cccc3n2)c1
C1=c2c(NCCC3CCCC3)cccc2=NC1c1cccnc1
C1=c2c(NCCC3CCC3)cccc2=NC1c1cccnc1
C1=c2c(NCCCC3CCC3)cccc2=NC1c1cccnc1
C1=c2c(NCCC(c3cccnc3)C3CCC3)cccc2=NC1
C1=c2c(NCCC3CCCCc4ncccc43)cccc2=NC1
C1=c2c(NCCC3CCCCc4ccccc43)cccc2=NC1
C1=c2c(NCCC3CCCCc4ccccc43)cccc2=NC1
C1=c2c(NCCC3CCCCc4ccccc43)cccc2=N1
C1=c2c(NCCC3CCCCc4ccccc43)cccc2=N1
C1=c2c(NCCC3CCCCc4ccccc43)cccc2=N1
C1=c2c(NCCC3CCCCc4ccccc43)cccc2=N1
C1=c2c(NCCC3CCCCc4ccccc43)cccc2=N1
c1ccc2c(c1)CCCCC2CCNc1cccc2n[nH]cc12
c1ccc2c(c1)CCCCC2CCNc1cccc2n[nH]cc12
c1ccc2c(c1)CCCC2CCNc1cccc2n[nH]cc12
c1ccc2c(c1)CCCC2CCCNc1cccc2n[nH]cc12
c1ccc2c(c1)CCCC2CCCNc1cccc2n[nH]cc12
c1ccc2c(c1)CCCC2CCCNc1cccc2n[nH]cc12
c1ccc2c(c1)CCCC2CCCNc1cccc2n[nH]cc12
c1ccc2c(c1)CCCC2CCCNc1cccc2n[nH]cc12
c1ccc2c(c1)CCCC2CCCNc1cccc2n[nH]cc12
c1ccc2c(c1)CCCC2CCCNc1cccc2n[nH]cc12
c1ccc2c(c1)CCCC2CCCNc1cccc2n[nH]cc12
c1ccc2c(c1)CCCC2CCCNc1cccc2n[nH]cc12
c1ccc2c(c1)CCCCC2CCCNc1cccc2n[nH]cc12
c1ccc2c(c1)CCCCC2CCCNc1cccc2n[nH]cc12
c1ccc2c(c1)CCCCC2CCCNc1cccc2n[nH]cc12
c1ccc2c(c1)CCCCC2CCCNc1cccc2n[nH]cc12
c1ccc2c(c1)CCCCC2CCCNc1cccc2n[nH]cc12
c1ccc2c(c1)CCCCC2CCCNc1cccc2n[nH]cc12
c1ccc2c(c1)CCCCC2CCCNc1cccc2n[nH]cc12
c1ccc2c(c1)CCCCC2CCCNc1cccc2n[nH]cc12
c1ccc2c(c1)CCCCC2CCCNc1cccc2n[nH]cc12
c1ccc2c(c1)CCCC2CCCNc1cccc2n[nH]cc12
c1ccc2c(c1)CCCC2CCCNc1cccc2n[nH]cc12
c1ccc2c(c1)CCCCC2CCCNc1cccc2n[nH]cc12
c1ccc2c(c1)CCCCC2CCCNc1cccc2n[nH]cc12
c1ccc2c(c1)CCCCCC2CCCNc1cccc2n[nH]cc12
c1ccc2c(c1)CCCCCC2CCCNc1cccc2n[nH]cc12
c1ccc2c(c1)CCCCCC2CCCNc1cccc2n[nH]cc12
c1ccc2c(c1)CCCCCC2CCCNc1cccc2n[nH]cc12
c1ccc2c(c1)CCCCCC2CCCNc1cccc2n[nH]cc12
c1ccc2c(c1)CCCCCC2CCCNc1cccc2n[nH]cc12
c1ccc2c(c1)CCCCC2CCCNc1cccc2n[nH]cc12
c1ccc2c(c1)CCCCC2CCCNc1cccc2n[nH]cc12
c1ccc2c(c1)CCCCCC2CCCNc1cccc2n[nH]cc12
c1ccc2c(c1)CCCCCC2CCCNc1cccc2n[nH]cc12
c1ccc2c(c1)CCCCCC2CCCNc1cccc2n[nH]cc12
c1ccc2c(c1)CCCCC2CCCNc1cccc2n[nH]cc12
c1ccc2c(c1)CCCCC2CCCNc1cccc2n[nH]cc12
c1ccc2c(c1)CCCCC2CCCNc1cccc2n[nH]cc12
c1ccc2c(c1)CCCCC2CCCNc1cccc2n[nH]cc12
c1ccc2c(c1)CCCC2CCCNc1cccc2n[nH]cc12
c1ccc2c(c1)CCCC2CCCNc1cccc2n[nH]cc12
c1ccc2c(c1)CCCC2CCCNc1cccc2n[nH]cc12
c1ccc2c(c1)CCCC2CCCNc1cccc2n[nH]cc12
c1ccc2c(c1)CCCC2CCCNc1cccc2n[nH]cc12
c1ccc2c(c1)CCCCC2CCCNc1cccc2n[nH]cc12
c1ccc2c(c1)CCCCC2CCCNc1cccc2n[nH]cc12
c1ccc2c(c1)CCCCC2CCCNc1cccc2n[nH]cc12
c1ccc2c(c1)CCCCC2CCCNc1cccc2n[nH]cc12
c1ccc2c(c1)CCCCC2CCCNc1cccc2n[nH]cc12
c1ccc2c(c1)CCCCC2CCCNc1cccc2n[nH]cc12
c1ccc2c(c1)CCCCC2CCCNc1cccc2n[nH]cc12
c1ccc2c(c1)CCCCC2CCCNc1cccc2n[nH]cc12
c1ccc2c(c1)CCCCC2CCCNc1cccc2n[nH]cc12
c1ccc2c(c1)CCCCC2CCCNc1cccc2n[nH]cc12
c1ccc2c(c1)CCCCCC2CCCNc1cccc2n[nH]cc12
c1ccc2c(c1)CCCCCC2CCCNc1cccc2n[nH]cc12
c1ccc2c(c1)CCCCCC2CCCNc1cccc2n[nH]cc12
c1ccc2c(c1)CCCCCC2CCCNc1cccc2n[nH]cc12
c1ccc2c(c1)CCCCCC2CCCNc1cccc2nn(CC3CCCCCCC3)cc12
c1ccc2c(c1)CCCCCC2CCCNc1cccc2nn(CC3CCCCCC3)cc12
c1ccc2c(c1)CCCCCC2CCCNc1cccc2nn(CC3CCCCC3)cc12
c1ccc2c(c1)CCCCCC2CCCNc1cccc2nn(C3CCCCC3)cc12
c1ccc2c(c1)CCCCCC2CCCNc1cccc2nn(C3CCCC3)cc12
c1ccc2c(c1)CCCCCC2CCCNc1cccc2nn(C3CCC3)cc12
c1ccc2c(c1)CCCCC2CCCNc1cccc2nn(C3CCC3)cc12
c1ccc2c(c1)CCCCC2CCCNc1cccc2nn(C3CCC3)cc12
c1ccc2c(c1)CCCCC2CCCNc1cccc2nn(C3CC3)cc12
c1ccc2c(c1)CCCCC2CCCNc1cccc2n[nH]cc12
c1ccc2c(c1)CCCCC2CCCNc1cccc2n[nH]cc12
c1ccc2c(c1)CCCC2CCCNc1cccc2n[nH]cc12
c1ccc2c(c1)CCCC2CCCNc1cccc2n[nH]cc12
c1ccc2c(c1)CCCC2CCCNc1cccc2ncccc12
c1ccc2c(c1)CCCC2CCCNc1cccc2ncccc12
c1ccc2c(c1)CCCC2CCCNc1cccc2ncccc12
c1ccc2c(c1)CCCC2CCCNc1cccc2ncccc12
c1ccc2c(c1)CCCC2CCCNc1cccc2ncccc12
O=S(=O)(NCCNc1cccc2c1cnn2-c1ccccc1)c1ccccc1
O=S(=O)(NCCNc1cccc2c1cnn2-c1ccccc1)c1ccccc1
O=S(=O)(NCCNc1cccc2c1cnn2-c1ccccc1)c1ccccc1
O=S(=O)(NCCNc1cccc2c1cnn2-c1ccccc1)c1ccccc1
O=S(NCCNc1cccc2c1cnn2-c1ccccc1)c1ccccc1
O=S(NCCNc1cccc2nn(-c3ccccc3)cc12)c1ccccc1
O=S(NCCNc1cccc2nn(-c3ccccc3)cc12)c1ccccc1
c1ccc(SNCCNc2cccc3nn(-c4ccccc4)cc23)cc1
c1ccc(SNCNc2cccc3nn(-c4ccccc4)cc23)cc1
c1ccc(-n2cc3c(NCNSc4cccnc4)cccc3n2)cc1
c1ccc(-n2cc3c(NCNSc4cccnc4)cccc3n2)cc1
c1ccc(-n2cc3c(NCNSc4cccnc4)cccc3n2)cc1
c1ccc(-n2cc3c(NCNCc4cccnc4)cccc3n2)cc1
c1ccc(-n2cc3c(NCCCc4cccnc4)cccc3n2)cc1
C1=c2c(NCCCc3cccnc3)cccc2=NC1c1ccccc1
C1=c2c(NCCCc3cccnc3)cccc2=NC(c2ccccc2)C1
c1ccc(-c2ccc3c(NCCCc4cccnc4)cccc3n2)cc1
c1ccc(-c2ccc3c(NCCCc4cccnc4)cccc3n2)cc1
c1ccc(-c2ccc3c(NCCCc4cccnc4)cccc3n2)cc1
c1ccc(-c2ccc3c(NCCCc4cccnc4)cccc3n2)cc1
c1ccc(-c2ccc3c(NCCCc4cccnc4)cccc3n2)cc1
c1ccc(-c2ccc3c(NCCCc4cccnc4)cccc3n2)cc1
c1ccc(-c2ccc3c(NCCCc4cccnc4)cccc3n2)cc1
c1ccc(-c2ccc3c(NCCCc4cccnc4)cccc3n2)cc1
c1ccc(-c2ccc3c(NCCCCc4cccnc4)cccc3n2)cc1
c1ccc(-c2ccc3c(NCCCCc4cccnc4)cccc3n2)cc1
c1ccc(-c2ccc3c(NCCCc4cccnc4)cccc3n2)cc1
c1ccc(-c2ccc3c(NCCCc4cccnc4)cccc3n2)cc1
c1ccc(-c2ccc3c(NCCCc4cccnc4)cccc3n2)cc1
c1ccc(-c2ccc3c(NCCCc4cccnc4)cccc3n2)cc1
c1ccc(-c2ccc3c(NCCCc4cccnc4)cccc3n2)cc1
c1ccc(-c2ccc3c(NCCCc4cccnc4)cccc3n2)cc1
c1ccc(-c2ccc3c(NCCCc4cccnc4)cccc3n2)cc1
c1ccc(-c2ccc3c(NCCCc4cccnc4)cccc3n2)cc1
c1ccc(-c2ccc3c(NCCCCc4cccnc4)cccc3n2)cc1
c1ccc(-c2ccc3c(NCCCCc4cccnc4)cccc3n2)cc1
c1ccc(-c2ccc3c(NCCCCc4cccnc4)cccc3n2)cc1
c1ccc(-c2ccc3c(NCCCCc4cccnc4)cccc3n2)cc1
c1ccc(-c2ccc3c(NCCCCc4cccnc4)cccc3n2)cc1
c1ccc(Cc2ccc3c(NCCCCc4cccnc4)cccc3n2)cc1
c1ccc(Cc2ccc(CCCCNc3cccc4ncccc34)cn2)cc1
c1ccc(-c2ccc(CCCCNc3cccc4ncccc34)cn2)cc1
c1ccc(-c2ccc(CCCCNc3cccc4ncccc34)cn2)cc1
c1ccc(-c2ccc(CCCCNc3cccc4ncccc34)cn2)cc1
c1ccc(-c2ccc(CCCCNc3cccc4ncccc34)cc2)cc1
C1=C(CCCCNc2cccc3ncccc23)CC(c2ccccc2)=C1
C1=C(CCCCNc2cccc3ncccc23)CC1c1ccccc1
c1ccc(CCCCCCCNc2cccc3ncccc23)cc1
c1ccc(CCCCCCNc2cccc3ncccc23)cc1
c1ccc(CCCCCCNc2cccc3ncccc23)cc1
c1ccc(CCCCCCNc2cccc3ncccc23)cc1
c1ccc(CCCCCCNc2cccc3ncccc23)cc1
c1ccc(CCCCCCNc2cccc3ncccc23)cc1
c1ccc(CCCCCCNc2cccc3ncccc23)cc1
c1ccc(CCCCCCNc2cccc3ncccc23)cc1
c1ccc(CCCCCNc2cccc3ncccc23)cc1
c1ccc(CCCCNc2cccc3ncccc23)cc1
c1ccc(CCCCNc2cccc3ncccc23)cc1
c1ccc(CCCCNc2cccc3ncccc23)cc1
c1ccc(CCCCNc2cccc3ncccc23)cc1
c1ccc(CCCCNc2cccc3ncccc23)cc1
O=S(=O)(NCCNc1cccc2c1cnn2-c1ccccc1)c1ccccc1
O=S(NCCNc1cccc2c1cnn2-c1ccccc1)c1ccccc1
O=S(NCCNc1cccc2c1cnn2-c1ccccc1)c1ccccc1
O=S(NCCNc1cccc2c1cnn2-c1ccccc1)c1ccccc1
O=S(NCCNc1cccc2c1cnn2-c1ccccc1)c1ccccc1
O=S(NCCNc1cccc2c1cnn2-c1ccccc1)c1ccccc1
O=S(NCCNc1cccc2c1cnn2-c1ccccc1)c1ccccc1
O=C(NCCNc1cccc2c1cnn2-c1ccccc1)c1ccccc1
O=C(NCCNc1cccc2c1cnn2-c1ccccc1)c1ccccc1
O=C(NCCNc1cccc2c1cnn2-c1ccccc1)c1ccccc1
O=C(NCCNc1cccc2c1cnn2-c1ccccc1)c1ccccc1
O=C(NCCNc1cccc2c1cnn2-c1ccccc1)c1ccccc1
O=C(NCCNc1cccc2c1cnn2-c1ccccc1)c1ccccc1
O=C(NCCNc1cccc2c1cnn2-c1ccccc1)c1ccccc1
O=C(NCCCNc1cccc2c1cnn2-c1ccccc1)c1ccccc1
O=C(NCCCNc1cccc2c1cnn2-c1ccccc1)c1ccccc1
O=C(NCCCNc1cccc2c1cnn2-c1ccccc1)c1ccccc1
O=C(NCCCNc1cccc2c1cnn2-c1ccccc1)c1ccccc1
O=C(NCCCNc1cccc2c1cnn2-c1ccccc1)c1ccccc1
O=C(NCCCNc1cccc2c1cnn2-c1ccccc1)c1ccccc1
O=C(NCCCNc1cccc2c1cnn2-c1ccccc1)c1ccccc1
O=C(NCCCNc1cccc2c1cnn2-c1ccccc1)c1ccccc1
O=C(NCCCNc1cccc2c1cnn2-c1ccccc1)c1ccccc1
O=C(NCCCNc1cccc2c1cnn2-c1ccccc1)c1ccccc1
O=C(NCCCNc1cccc2c1cnn2-c1ccccc1)c1ccccc1
O=C(NCCCNc1cccc2c1cnn2-c1ccccc1)c1ccccc1
O=C(NCCCNc1cccc2c1cnn2-c1ccccc1)c1ccccc1
O=C(NCCCNc1cccc2c1cnn2-c1ccccc1)c1ccccc1
O=C(NCCCNc1cccc2c1cnn2-c1ccccc1)c1ccccc1
O=C(NCCCNc1cccc2c1cnn2-c1ccccc1)c1ccccc1
O=C(NCCCNc1cccc2c1cnn2-c1ccccc1)c1ccccc1
O=C(NCCCNc1cccc2c1cnn2-c1ccccc1)c1ccccc1
O=C(NCCCNc1cccc2c1cnn2-c1ccccc1)c1ccccc1
O=C(NCCCNc1cccc2c1cnn2-c1ccccc1)c1ccccc1
O=C(NCCCNc1cccc2c1cnn2-c1ccccc1)c1ccccc1
O=S(=O)(NCCNc1cccc2c1cnn2-c1ccccc1)c1ccccc1
O=S(=O)(NCCNc1cccc2c1cnn2-c1ccccc1)c1ccccc1
O=C(CNS(=O)c1ccccc1)Nc1cccc2c1cnn2-c1ccccc1
O=C(CNC(=O)c1ccccc1)Nc1cccc2c1cnn2-c1ccccc1
O=C(CNC(=O)c1ccccc1)Nc1cccc2c1cnn2-c1ccccc1
O=C(CNC(=O)c1ccccc1)NC1=C=Cc2c1cnn2-c1ccccc1
O=C(CNC(=O)c1ccccn1)NC1=C=Cc2c1cnn2-c1ccccc1
O=C(CNC(=O)c1ccccn1)NC1=C=Cc2c1cnn2-c1ccccc1
O=C(CNC(=O)c1ccccn1)NC1=Cc2c1cnn2-c1ccccc1
O=C(CNC(=O)c1ccccn1)NC1c2cnn(-c3ccccc3)c21
O=C(CNC(=O)c1ccccn1)NC1C=C1Nc1ccccc1
O=C(CNC(=O)c1ccccn1)NC1C=C1Cc1ccccc1
O=C(CNC(=O)c1ccccn1)NC1CC1=CCc1ccccc1
O=C(CNC(=O)c1ccccn1)NC1CC(=CCc2ccccc2)C1
O=C(CNC(=O)c1ccccn1)NC1CCC(=CCc2ccccc2)C1
O=C(CNC(=O)c1ccccn1)NC1CCC(=CCc2ccccc2)CC1
O=C(NC(C=CCc1ccccc1)C(=O)NC1CCCCC1)c1ccccn1
O=C(NC(C=CCc1ccccc1)C(=O)NC1CCCCC1)c1ccccn1
O=C(NC(CCCc1ccccc1)C(=O)NC1CCCCC1)c1ccccn1
O=C(NC(CCCc1ccccc1)C(=O)NC1CCCCC1)c1ccccn1
O=C(NC(CCCc1ccccc1)C(=O)NC1CCCCC1)c1ccccn1
O=C(NC(CCCc1ccccc1)C(=O)NC1CCCCC1)c1ccccn1
O=C(NCCC(Cc1ccccc1)C(=O)NC1CCCCC1)c1ccccn1
O=C(NCCC(Cc1ccccc1)C(=O)NC1CCCCC1)c1ccccn1
O=C(NCCC(Cc1ccccc1)C(=O)NC1CCCCCC1)c1ccccn1
O=C(NCCC(Cc1ccccc1)C(=O)NC1CCCCCC1)c1ccccn1
O=C(NCC(Cc1ccccc1)C(=O)NC1CCCCCC1)c1ccccn1
O=C(NCC(CCc1ccccc1)C(=O)NC1CCCCCC1)c1ccccn1
O=C(NCC(CCc1ccccc1)C(=O)NC1CCCCCC1)c1ccccn1
O=C(NCC(CCc1ccccc1)C(=O)NC1CCCCCC1)c1ccccn1
O=C(NCC(CCc1ccccc1)C(=O)NC1CCCCCC1)c1ccccn1
O=C(NCC(CCc1ccccc1)C(=O)NC1CCCCCCC1)c1ccccn1
O=C(NCC(Cc1ccccc1)C(=O)NC1CCCCCCC1)c1ccccn1
O=C(NCC(Cc1ccccc1)C(=O)NC1CCCCCCC1)c1ccccn1
O=C(CCc1ccccc1)NC1CCCCCC(NC(=O)c2ccccn2)C1
O=C(CCc1ccccc1)NC1CCCCC(NC(=O)c2ccccn2)C1
O=C(CCc1ccccc1)NCCOc1ccc(C(=O)NC2CCCCCC2)nc1
O=C(CCc1ccccc1)NCCCOc1ccc(C(=O)NC2CCCCCC2)nc1
O=C(CCc1ccccc1)NCCCOc1ccc(C(=O)NC2CCCCCCC2)nc1
O=C(CCc1ccccc1)NCCCOc1ccc(C(=O)NC2CCCCCCC2)nc1
O=C(CCc1ccccc1)NCCCOc1ccc(C(=O)NC2CCCCCCC2)nc1
O=C(CCc1ccccc1)NCCOc1ccc(C(=O)NC2CCCCCCC2)nc1
O=C(CCc1ccccc1)NCCOc1ccc(C(=O)NC2CCCCCCC2)nc1
O=C(CCc1ccccc1)NCCOc1ccc(C(=O)NC2CCCCCCC2)nc1
O=C(CCc1ccccc1)NCCOc1ccc(C(=O)NC2CCCCCC2)nc1
O=C(CCc1ccccc1)NCCOc1ccc(C(=O)NC2CCCCC2)nc1
O=C(CCc1ccccc1)NCCOc1ccc(C(=O)NC2CCCCC2)nc1
O=C(CCc1ccccc1)NCCOc1ccc(C(=O)NC2CCCCC2)nc1
O=C(CCc1ccccc1)NCCOc1ccc(C(=O)NC2CCCCC2)nc1
O=C(CCc1ccccc1)NCCOc1ccc(C(=O)NC2CCCCC2)nc1
O=C(CCc1ccccc1)NCCOc1ccc(C(=O)NC2CCCCC2)nc1
O=C(NC1CCCCC1)c1ccc(OCCc2ccccc2)cn1
O=C(NC1CCCCC1)c1ccc(OCCc2ccccc2)cn1
O=C(NC1CCCCC1)c1ccc(OCCc2ccccc2)cn1
O=C(NC1CCCCCC1)c1ccc(OCCc2ccccc2)cn1
O=C(NC1CCCCCCC1)c1ccc(OCCc2ccccc2)cn1
O=C(NC1CCCCCCC1)c1ccc(OCCc2ccccc2)cn1
O=C(NC1CCCCCCC1)c1ccc(OCCc2ccccc2)cn1
O=C(NC1CCCCCC1)c1ccc(OCCc2ccccc2)cn1
O=C(NC1CCCCCC1)c1ccc(OCCc2ccccc2)cn1
O=C(NC1CCCCCC1)c1ccc(OCCc2ccccc2)cn1
O=C(NC1CCCCC1)c1ccc(OCCc2ccccc2)cn1
O=C(NC1CCCCC1)c1ccc(OCCc2ccccc2)cn1
O=C(NC1CCCCC1)c1ccc(OCCc2ccccc2)cn1
O=C(NC1CCCCC1)c1ccc(OCCc2ccccc2)cn1
O=C(NC1CCCCC1)c1ccc(OCCc2ccccc2)cn1
O=C(NC1CCCCC1)c1ccc(OCCc2ccccc2)cn1
O=C(NC1CCCCCC1)c1ccc(OCCc2ccccc2)cn1
O=C(NC1CCCCCC1)c1ccc(OCc2ccccc2)cn1
O=C(NC1CCCCCC1)c1ccc(OCc2ccccc2)cn1
O=C(NC1CCCCCC1)c1ccc(OCc2ccccc2)cn1
O=C(NC1CCCCCC1)c1ccc(OCc2ccccc2)cn1
O=C(NC1CCCCCC1)c1ccc(OCc2ccccc2)cn1
O=C(NC1CCCCCC1)c1ccc(OCc2ccccc2)cn1
O=C(NC1CCCCCC1)c1ccc(OCc2ccccc2)cn1
O=C(NC1CCCCC1)c1ccc(OCc2ccccc2)cn1
O=C(NC1CCCCC1)c1ccc(OCc2ccccc2)cn1
O=C(NC1CCCCC1)c1ccc(OCc2ccccc2)cn1
O=C(NC1CCCCC1)c1ccc(OCc2ccccc2)cn1
O=S(=O)(NCCNc1cccc2c1cnn2-c1ccccc1)c1ccccc1
O=S(=O)(NCCNc1cccc2c1C=NN(c1ccccc1)C2)c1ccccc1
O=S(=O)(NCCNc1cccc2c1C=NN(c1ccccc1)C2)c1ccccc1
O=S(=O)(NCCCNc1cccc2c1C=NN(c1ccccc1)C2)c1ccccc1
O=S(=O)(NCCCNc1cccc2c1-c1ccccc1NC2)c1ccccc1
O=S(=O)(NCCCNc1cccc2c1-c1ccccc1NC2)c1ccccc1
O=S(=O)(NCCCNc1cccc2c1-c1ccccc1NOC2)c1ccccc1
O=S(=O)(NCCCNc1cccc2c1-c1ccccc1NOCC2)c1ccccc1
O=S(=O)(NCCCNc1cccc2c1-c1ccccc1NOCC2)c1ccccc1
O=S(=O)(NCCNc1cccc2c1-c1ccccc1NOCC2)c1ccccc1
O=S(=O)(NCCCc1cccc2c1-c1ccccc1NOCC2)c1ccccc1
O=S(=O)(NCCCc1cccc2c1-c1ccccc1NOCC2)c1ccccc1
O=S(=O)(NCCCc1cccc2c1-c1ccccc1COCC2)c1ccccc1
O=S(=O)(CCCCc1cccc2c1-c1ccccc1COCC2)c1ccccc1
O=S(=O)(CCCCc1cccc2c1-c1ccccc1COCC2)c1ccccc1
O=S(=O)(CCCCc1cccc2c1-c1ccccc1OCC2)c1ccccc1
O=S(=O)(CCCCc1cccc2c1-c1ccccc1OCC2)c1ccccc1
O=S(=O)(CCCCc1cccc2c1-c1ccccc1OCC2)c1ccccc1
O=S(=O)(CCCc1cccc2c1-c1ccccc1OCC2)c1ccccc1
O=S(=O)(CCCc1cccc2c1-c1ccccc1OCC2)c1ccccc1
O=S(=O)(CCCc1cccc2c1-c1ccccc1OCC2)c1ccccc1
O=S(=O)(CCCc1cccc2c1-c1ccccc1OCC2)c1ccccc1
O=S(=O)(CCCc1cccc2c1-c1ccccc1OCC2)c1ccccc1
O=S(=O)(CCCc1cccc2c1-c1ccccc1OCC2)c1ccccc1
O=S(=O)(CCCc1cccc2c1-c1ccccc1OCC2)c1ccccc1
O=S(CCCc1cccc2c1-c1ccccc1OCC2)c1ccccc1
O=C(CCCc1cccc2c1-c1ccccc1OCC2)c1ccccc1
O=C(CCCc1cccc2c1Oc1ccccc1OCC2)c1ccccc1
O=C(CCCc1cccc2c1Oc1ccccc1OCC2)c1ccccc1
O=C(CCCc1cccc2c1Oc1ccccc1OCC2)c1ccccc1
O=C(CCCc1cccc2c1Oc1ccccc1OCC2)c1ccccc1
c1ccc(CCCCc2cccc3c2Oc2ccccc2OCC3)cc1
c1ccc(CCCc2cccc3c2Oc2ccccc2OCC3)cc1
c1ccc(CCCc2cccc3c2Oc2ccccc2OCC3)cc1
c1ccc(CCCc2cccc3c2Oc2ccccc2OCC3)cc1
C1=CC(CCCc2cccc3c2Oc2ccccc2OCC3)C=C1
C1=CC(CCCc2cccc3c2Oc2ccccc2OCC3)C1
C1=CC1CCCc1cccc2c1Oc1ccccc1OCC2
C1=CC1CCCc1cccc2c1Oc1ccccc1OCC2
c1ccc2c(c1)CCOc1ccccc1O2
c1ccc2c(c1)CCOc1ccccc1O2
c1ccc2c(c1)CCOc1ccccc1O2
c1ccc2c(c1)CCOc1ccccc1O2
c1ccc2c(c1)CCOc1ccccc1O2
c1ccc2c(c1)CCOc1ccccc1O2
c1ccc2c(c1)CCOc1ccccc1O2
c1ccc2c(c1)CCOc1ccccc1O2
c1ccc2c(c1)CCOc1ccccc1O2
c1ccc2c(c1)CCOc1ccccc1O2
c1ccc2c(c1)CCOc1ccccc1O2
c1ccc2c(c1)CCOc1ccccc1O2
c1ccc2c(c1)CCOc1ccccc1O2
c1ccc2c(c1)CCOc1ccccc1O2
c1ccc2c(c1)CCOc1ccccc1O2
c1cc(CCCCN2CC2)c2c(c1)CCOc1ccccc1O2
c1cc(CCCCN2CCC2)c2c(c1)CCOc1ccccc1O2
c1cc(CCCCN2CCC2)c2c(c1)CCOc1ccccc1O2
c1cc(CCCCN2CCCC2)c2c(c1)CCOc1ccccc1O2
c1cc(CCCCN2CCCC2)c2c(c1)CCOc1ccccc1O2
c1cc(CCCCN2CCCC2)c2c(c1)CCOc1ccccc1O2
c1cc(CCCCN2CCCC2)c2c(c1)CCOc1ccccc1O2
c1cc(CCCCN2CCCC2)c2c(c1)CCOc1ccccc1O2
c1cc(CCCCN2CCCCC2)c2c(c1)CCOc1ccccc1O2
c1cc(CCCCN2CCCCC2)c2c(c1)CCOc1ccccc1O2
c1cc(CCCCN2CCCCCC2)c2c(c1)CCOc1ccccc1O2
O=C1CCCCCN1CCCCc1cccc2c1Oc1ccccc1OCC2
O=C1CCCCCN1CCCCc1cccc2c1Oc1ccccc1OCC2
O=C1CCCCN1CCCCc1cccc2c1Oc1ccccc1OCC2
O=C1CCCCN1CCCCc1cccc2c1Oc1ccccc1OCC2
O=C1CCCCN1CCCCc1cccc2c1Oc1ccccc1OCC2
O=C1CCCCN1CCCCc1cccc2c1Oc1ccccc1OCC2
O=C1CCCN1CCCCc1cccc2c1Oc1ccccc1OCC2
O=C1CCN1CCCCc1cccc2c1Oc1ccccc1OCC2
O=C1CN1CCCCc1cccc2c1Oc1ccccc1OCC2
O=C1CN1CCCCc1cccc2c1Oc1ccccc1OCC2
O=C1CN(CCCCc2cccc3c2Oc2ccccc2OCC3)C1
O=C1CN(CCCCc2cccc3c2Oc2ccccc2OCC3)C1
O=C1CN(CCCCc2cccc3c2Oc2ccccc2OCC3)C1
O=C1CCN1CCCCc1cccc2c1Oc1ccccc1OCC2
O=C1CCN1CCCCc1cccc2c1Oc1ccccc1OCC2
O=C1CN1CCCCc1cccc2c1Oc1ccccc1OCC2
O=C1CN1CCCCc1cccc2c1Oc1ccccc1OCC2
O=C1CN1CCCCc1cccc2c1Oc1ccccc1OCC2
O=C1CN1CCCCc1cccc2c1Oc1ccccc1OCC2
O=C1CN1CCCCc1cccc2c1Oc1ccccc1OCC2
O=C1CCN1CCCCc1cccc2c1Oc1ccccc1OCC2
O=C1CCN1CCCCc1cccc2c1Oc1ccccc1OCC2
O=C1CN1CCCCc1cccc2c1Oc1ccccc1OCC2
O=C1CN1CCCCc1cccc2c1Oc1ccccc1OCC2
O=C1NN1CCCCc1cccc2c1Oc1ccccc1OCC2
O=C1NN1CCCCc1cccc2c1Oc1ccccc1OCC2
O=C1NN1CCCCc1ccccc1Oc1cccc2c1OCC2
O=C1NN1CCCCc1ccccc1Oc1cccc2c1OCC2
O=C1NN1CCCCc1ccccc1Cc1cccc2c1OCC2
O=C1NN1CCCCc1ccccc1Cc1cccc2c1OCC2
O=C1NN1CCCCc1ccccc1Cc1cccc2c1OCC2
O=C1NN1CCCCc1ccccc1-c1cccc2c1OCC2
O=C1NN1CCCCc1ccccc1-c1cccc2c1OCC2
O=C1CN1CCCCc1ccccc1-c1cccc2c1OCC2
O=C1CN1CCCCc1ccccc1-c1cccc2c1OCC2
O=C1CN1CCCCc1ccccc1-c1cccc2c1OCC2
O=C1CCN1CCCCc1ccccc1-c1cccc2c1OCC2
O=C1CCN1CCCCc1ccccc1Cc1cccc2c1OCC2
O=C1CCN1CCCCc1ccccc1Cc1cccc2c1OCC2
O=C1CCN1CCCCc1ccccc1CCc1cccc2c1OCC2
O=C1CCCN1CCCCc1ccccc1CCc1cccc2c1OCC2
O=C1CCCN1CCCCc1ccccc1CCc1cccc2c1OCC2
O=C1CCCN1CCCCc1ccccc1CCc1cccc2c1OCC2
O=C1CCCN1CCCCc1ccccc1Cc1cccc2c1OCC2
O=C1CCCN1CCCCc1ccccc1Cc1cccc2c1OCC2
O=C1CCCN1CCCCc1ccccc1Cc1cccc2c1OCC2
O=C1CCCN(CCCCc2ccccc2Cc2cccc3c2OCC3)C1
O=C1CCCCN1CCCCc1ccccc1Cc1cccc2c1OCC2
O=C1CCCCN1CCCCc1ccccc1CCc1cccc2c1OCC2
O=C1CCCCN1CCCCc1ccccc1CCc1cccc2c1OCC2
O=C1CCCCN1CCCCc1ccccc1CCc1cccc2c1OCC2
O=C1CCCCN1CCCCc1ccccc1CCc1cccc2c1OCC2
O=C1CCCCN1CCCCc1ccccc1CCCc1cccc2c1OCC2
O=C1CCCN1CCCCc1ccccc1CCCc1cccc2c1OCC2
O=C1CCCN1CCCCc1ccccc1CCCc1cccc2c1OCC2
O=C1CCN1CCCCc1ccccc1CCCc1cccc2c1OCC2
O=C1CCN1CCCCc1ccccc1CCCc1cccc2c1OCC2
O=C1CCN1CCCCc1ccccc1CCCc1cccc2c1OCC2
O=C1CCN1CCCCc1ccccc1CCCc1cccc2c1OCC2
O=C1CCN1CCCCc1ccccc1CCCc1cccc2c1OCC2
O=C1CCN1CCCCc1ccccc1CCCc1cccc2c1OCC2
O=C1CCN1CCCCc1ccccc1CCCc1cccc2c1OCC2
O=C1CCN1CCCCc1ccccc1CCc1cccc2c1OCC2
O=C1CCCN1CCCCc1ccccc1CCc1cccc2c1OCC2
O=C1CCCN1CCCCc1ccccc1CCc1cccc2c1OCC2
O=C1CCCCN1CCCCc1ccccc1CCc1cccc2c1OCC2
O=C1CCCCN1CCCCc1ccccc1CCc1cccc2c1OCC2
O=C1CCCN1CCCCc1ccccc1CCc1cccc2c1OCC2
O=C1CCCN1CCCCc1ccccc1Cc1cccc2c1OCC2
O=C1CCN1CCCCc1ccccc1Cc1cccc2c1OCC2
O=C1C(c2cccc3c2OCC3)CN1CCCCc1ccccc1
c1ccc(CCCCN2CC(c3cccc4c3OCC4)C2)cc1
c1ccc(CCCCNCCc2cccc3c2OCC3)cc1
c1ccc(CCCCNCCc2cccc3c2OCC3)cc1
c1ccc(CCCCCCCc2cccc3c2OCC3)cc1
c1ccc(CCCCCCCc2cccc3c2OCC3)cc1
c1ccc(CCCCCCc2cccc3c2OCC3)cc1
c1ccc(CCCCCCc2cccc3c2OCC3)cc1
c1ccc(CCCCCc2cccc3c2OCC3)cc1
c1ccc(CCCCCc2cccc3c2OCC3)cc1
c1ccc(CCCCCc2cccc3c2OCC3)cc1
c1ccc(CCCCCc2cccc3c2OCC3)cc1
c1ccc(CCCCCc2cccc3c2OCC3)cc1
c1ccc(CCCCc2cccc3c2OCC3)cc1
c1ccc(CCCCc2cccc3c2OCC3)cc1
C1=CC(CCCCc2cccc3c2OCC3)=CC1
C1=CC(CCCCc2cccc3c2OCC3)C1
C=C1CC1CCCCc1cccc2c1OCC2
C=C1CN1CCCCc1cccc2c1OCC2
C=C1C(=C)N1CCCCc1cccc2c1OCC2
c1cc(CCCCn2c3ccc2-3)c2c(c1)CCO2
c1cc(CCCCn2c3ccc2-3)c2c(c1)CCO2
c1cc(CCCCn2c3ccc2-3)c2c(c1)CCO2
c1cc(CCCCn2c3ccc2-3)c2c(c1)CCO2
c1cc(CCCCn2c3ccc2-3)c2c(c1)CCO2
c1cc(CCCCn2cccc2)c2c(c1)CCO2
c1cc(CCCCn2cccc2)c2c(c1)CCO2
c1cc(CCCCn2cccc2)c2c(c1)CCO2
c1cc(CCCCn2cccc2)c2c(c1)CCO2
c1cc(CCCCn2cccc2)c2c(c1)CCO2
c1cc(CCCCn2cccc2)c2c(c1)CCO2
c1cc(CCCCn2cccc2)c2c(c1)CCO2
c1cc(CCCCn2cccc2)c2c(c1)CCO2
c1cc(CCCCn2cccc2)c2c(c1)CCO2
c1cc(CCCCn2cccc2)c2c(c1)CCO2
c1cc(CCCCn2cccc2)c2c(c1)CCO2
c1cc(CCCCn2cccc2)c2c(c1)CCO2
c1cc(CCCCn2cccc2)c2c(c1)CCO2
c1cc(CCCCn2cccc2)c2c(c1)CCO2
c1cc(CCCCn2cccc2)c2c(c1)CCO2
c1cc(CCCCn2cccc2)c2c(c1)CCO2
c1cc(CCCCn2cccc2)c2c(c1)CCO2
c1cc(CCCCn2cccc2)c2c(c1)CCO2
c1cc(CCCCn2cccc2)c2c(c1)CCO2
c1cc(CCCCn2cccc2)c2c(c1)CCO2
c1cc(CCCCn2cccc2)c2c(c1)CCO2
c1cc(CCCCn2cccc2)c2c(c1)CCO2
c1cc(CCCCn2cccc2)c2c(c1)CCO2
c1cc(CCCCn2cccc2)c2c(c1)CCO2
c1cc(CCCCn2cccc2)c2c(c1)CCO2
c1cc(CCCCn2cccc2)c2c(c1)CCO2
c1cc(CCCCn2cccc2)c2c(c1)CCO2
c1cc(CCCCn2cccc2)c2c(c1)CCO2
O=c1ccn(CCCCc2cccc3c2OCC3)cc1
O=c1ccn(CCCCc2cccc3c2OCC3)cc1
O=c1ccn(CCCCc2cccc3c2OCC3)cc1
O=S(=O)(NCCNc1cccc2c1cnn2-c1ccccc1)c1ccccc1
C=C(NCCNS(=O)(=O)c1ccccc1)c1cnn(-c2ccccc2)c1
C=C(NCCNS(=O)(=O)c1ccccc1)c1cnn(-c2ccccc2)c1
C=C(NCCNCc1ccccc1)c1cnn(-c2ccccc2)c1
C=C(NCCNCc1ccccc1)c1cnn(-c2ccccc2)c1
C=C(NCCNCc1ccccc1)c1cnn(-c2ccccc2)c1
C=C(NCCNC(=O)c1ccccc1)c1cnn(-c2ccccc2)c1
C=C(NCCNC(=O)c1ccccc1)c1cnn(-c2ccccc2)c1
C=C(NCCNC(=O)c1ccccc1)c1cnn(-c2ccccc2)c1
C=C(NCCNC(=O)c1ccccc1)c1cnn(-c2ccccc2)c1
O=C(NCCNC(=O)c1cnn(-c2ccccc2)c1)c1ccccc1
O=C(NCCNC(=O)c1cnn(-c2ccccc2)c1)C1=CCC=C1
O=C(NCCNC(=O)c1cnn(-c2ccccc2)c1)C1=CC=C1
O=C(NCCNC(=O)c1cnn(-c2ccccc2)c1)C1=CC=C1
O=C(NCNC(=O)c1cnn(-c2ccccc2)c1)C1=CC=C1
O=C(NCNC(=O)c1cnn(-c2ccccc2)c1)C1=CC=C1
O=C(NCNC(=O)c1cnn(-c2ccccc2)c1)C1=CC=C1
O=C(NCNC(=O)c1cnn(-c2ccccc2)c1)C1=CC=C1
O=C(NCNC(=O)c1cnn(-c2ccccc2)c1)C1=CC=C1
O=C(NCNC(=O)c1cnn(-c2ccccc2)c1)C1=CC=C1
O=C(NCNC(=O)c1cnn(-c2ccccc2)c1)C1=CC=C1
O=C(NCNCC1=CC=C1)c1cnn(-c2ccccc2)c1
O=C(NCNC1=CC=C1)c1cnn(-c2ccccc2)c1
O=C(NCCC1=CC=C1)c1cnn(-c2ccccc2)c1
O=C(NCCCCC1=CC=C1)c1cnn(-c2ccccc2)c1
O=C(NCCCCC1=CC=C1)c1cnn(-c2ccccc2)c1
O=C(NCCCCC1=CC=C1)c1cnn(-c2ccccc2)c1
O=C(NCCCCC1=CC=C1)c1cnn(-c2ccccc2)c1
O=C(NCCCCC1=CC=C1)c1cnn(-c2ccccc2)c1
O=C(NCCCCC1=CC=C1)c1cnn(-c2ccccc2)c1
O=C(NCCCCC1=CC=C1)c1cnn(-c2ccccc2)c1
O=C(NCCCC1=CC=C1)c1cnn(-c2ccccc2)c1
O=C(NCCCC1=CC=C1)c1cnn(-c2ccccc2)c1
O=C(NCCCCC1=CC=C1)c1cnn(-c2ccccc2)c1
O=C(NCCCCC1=CC=C1)c1cnn(-c2ccccc2)c1
O=C(NCCCCC1=CC=C1)c1cnn(-c2ccccc2)c1
O=C(NCCCCC1=CC=C1)c1cnn(-c2ccccc2)c1
O=C(NCCCCC1=CC=C1)c1cnn(-c2ccccc2)c1
O=C(NCCCCC1=CC=C1)c1cnn(-c2ccccc2)c1
O=C(NCCCCC1=CC=C1)c1cnn(-c2ccccc2)c1
O=C(NCCCCC1=CC=C1)c1cnn(-c2ccccc2)c1
O=C(NCCCCC1=CC=C1)c1cnn(-c2ccccc2)c1
O=C(NCCCCc1cc[nH]c1)c1cnn(-c2ccccc2)c1
O=C(NCCCCc1cc[nH]c1)c1cnn(-c2ccccc2)c1
O=C(NCCCCc1cc[nH]c1)c1cnn(-c2ccccc2)c1
O=C(NCCCCc1cc[nH]c1)c1cnn(-c2ccccc2)c1
O=C(NCCCCC1=CCC=C1)c1cnn(-c2ccccc2)c1
O=C(NCCCCC1=CCC=C1)c1cnn(-c2ccccc2)c1
O=C(NCCCCC1=CCC=C1)c1cnn(-c2ccccc2)c1
O=C(NCCCCC1=CCCC=C1)c1cnn(-c2ccccc2)c1
O=C(NCCCCC1=CCCC=C1)c1cnn(-c2ccccc2)c1
O=C(NCCCCC1=CCCC=C1)c1cnn(-c2ccccc2)c1
O=C(NCCCCc1ccccc1)c1cnn(-c2ccccc2)c1
O=C(NCCCCc1ccccc1)c1cnn(-c2ccccc2)c1
O=C(NCCCCC1=CC=CCC=C1)c1cnn(-c2ccccc2)c1
O=C(NCCCCC1=CC=CCC=C1)c1cnn(-c2ccccc2)c1
O=C(NCCCCc1ccccc1)c1cnn(-c2ccccc2)c1
O=C(NCCCCc1ccccc1)c1cnn(-c2ccccc2)c1
c1ccc(CNc2cccc3ncccc23)cc1
c1cc(NCc2ccc3c(c2)CO3)c2cccnc2c1
c1cc(NCc2ccc3c(c2)CO3)c2cccnc2c1
c1cc(NCc2ccc3c(c2)CO3)c2cccnc2c1
c1cc(NC(CCC2CC2)c2ccc3c(c2)CO3)c2cccnc2c1
c1cc(NC(CCC2CC2)c2ccc3c(c2)CO3)c2cccnc2c1
c1cc(NC(CCC2CC2)c2ccc3c(c2)CO3)c2cccnc2c1
c1cc(NC(CCC2CC2)c2ccc3c(c2)CO3)c2cccnc2c1
c1ccc2c(NC(CCC3CC3)c3ccc4c(c3)CO4)cccc2c1
c1ccc2ccc-2c(NC(CCC2CC2)c2ccc3c(c2)CO3)cc1
c1ccc2ccc-2c(NC(CCC2CC2)c2ccc3c(c2)CO3)cc1
c1ccc2ccc-2c(NC(CCC2CC2)c2cccc3c2OC3)cc1
c1ccc2ccc-2c(NC(CCC2CCC2)c2cccc3c2OC3)cc1
c1ccc2ccc-2c(NC(CCC2CCCC2)c2cccc3c2OC3)cc1
c1ccc2ccc-2c(NC(CCC2CCCC2)c2cccc3c2OC3)cc1
c1ccc2ccc-2c(NC(CCC2CCCC2)c2cccc3c2OC3)cc1
c1ccc2ccc-2c(NC(CCC2CCCC2)c2cccc3c2OC3)cc1
c1ccc2ccc-2c(CNC(CCC2CCCC2)c2cccc3c2OC3)cc1
c1ccc2ccc-2c(CNC(CCC2CCCC2)c2cccc3c2OC3)cc1
c1ccc2ccc-2c(CNC(CCC2CCCC2)c2cccc3c2OC3)cc1
c1ccc2ccc-2c(C(CCC2CCCC2)NCc2cccc3c2OC3)cc1
c1ccc2ccc-2c(C(CCC2CCCC2)NCc2cccc3c2OC3)cc1
c1ccc2ccc-2c(C(CCC2CCCCC2)NCc2cccc3c2OC3)cc1
c1ccc2ccc-2c(C(CCC2CCCCC2)NCc2ccc3c(c2)OC3)cc1
c1ccc2ccc-2c(C(CCC2CCCCC2)NCc2ccc3c(c2)OC3)cc1
c1ccc2ccc-2c(C(CCC2CCCCC2)NCc2ccc3c(c2)OC3)cc1
c1ccc2ccc-2c(C(CCC2CCCCC2)NCc2ccc3c(c2)OC3)cc1
c1ccc2ccc-2c(C(CCC2CCCCC2)Nc2ccc3c(c2)OC3)cc1
c1ccc2ccc-2c(C(CCC2CCCCC2)NCc2ccc3c(c2)CO3)cc1
c1ccc2ccc-2c(C(CCC2CCCCC2)NCc2ccc3c(c2)CO3)cc1
c1ccc2ccc-2c(C(CCC2CCCCC2)Nc2ccc3c(c2)CO3)cc1
c1ccc2ccc-2c(C(CCC2CCCCC2)Nc2ccc3c(c2)CO3)cc1
c1ccc2ccc-2c(CC(CCC2CCCCC2)Nc2ccc3c(c2)CO3)cc1
c1ccc2ccc-2c(CC(CCC2CCCCCC2)Nc2ccc3c(c2)CO3)cc1
c1ccc2ccc-2c(CC(CCC2CCCCCC2)Nc2ccc3c(c2)CO3)cc1
C(=C(CCC1CCCCCC1)Nc1ccc2c(c1)CO2)c1cccccc2ccc1-2
C(=C(CCC1CCCCCC1)Nc1ccc2c(c1)CO2)c1cccccc2ccc1-2
C(=C(CCC1CCCCCCC1)Nc1ccc2c(c1)CO2)c1cccccc2ccc1-2
C=C(Nc1ccc2c(c1)CO2)C(CCc1cccccc2ccc1-2)CC1CCCCCCC1
C=C(Nc1ccc2c(c1)CO2)C(CCc1cccccc2ccc1-2)CC1CCCCCCC1
C=C(Nc1ccc2c(c1)CO2)C(CCc1cccccc2ccc1-2)CC1CCCCCC1
O=C(Nc1ccc2c(c1)CO2)C(CCc1cccccc2ccc1-2)CC1CCCCCC1
O=C(Nc1ccc2c(c1)CO2)C(CCc1cccccc2ccc1-2)CC1CCCCCC1
O=C(Nc1ccc2c(c1)CCO2)C(CCc1cccccc2ccc1-2)CC1CCCCCC1
O=C(Nc1ccc2c(c1)CCO2)C(CCc1cccccc2ccc1-2)CC1CCCCCC1
O=C(Nc1ccc2c(c1)CCC2)C(CCc1cccccc2ccc1-2)CC1CCCCCC1
O=C(Nc1ccc2c(c1)CC2)C(CCc1cccccc2ccc1-2)CC1CCCCCC1
O=C(Nc1ccc2c(c1)CC2)C(CCc1cccccc2ccc1-2)CC1CCCCCC1
O=C(Nc1ccc2c(c1)CCC2)C(CCc1cccccc2ccc1-2)CC1CCCCCC1
O=C(Nc1ccc2c(c1)CCC2)C(CCc1cccc2ccc-2cc1)CC1CCCCCC1
O=C(Nc1ccc2c(c1)CCC2)C(CCc1cccc2ccc-2cc1)CC1CCCCCCC1
O=C(Nc1ccc2c(c1)COC2)C(CCc1cccc2ccc-2cc1)CC1CCCCCCC1
O=C(Nc1ccc2c(c1)COC2)C(CCc1cccc2ccc-2cc1)CC1CCCCCCC1
C=C1OCc2cc(NC(=O)C(CCc3cccc4ccc-4cc3)CC3CCCCCCC3)ccc21
C=C1OCc2cc(NC(=O)C(CCc3cccc4ccc-4cc3)CC3CCCCCCC3)ccc21
C=C1OCc2cc(NC(=O)C(CCc3cccc4ccc-4cc3)CC3CCCCCCC3)ccc21
C=C1OCc2cc(NC(=O)C(CCc3cccc4ccc-4cc3)CC3CCCCCC3)ccc21
C=C1OCc2cc(NC(=O)C(CCc3cccc4ccc-4cc3)CC3CCCCCC3)ccc21
C=C1OCc2cc(NC(=O)C(CCc3cccc4ccc-4cc3)CC3CCCCCC3)ccc21
O=C1OCc2cc(NC(=O)C(CCc3cccc4ccc-4cc3)CC3CCCCCC3)ccc21
O=C1OCc2cc(NC(=O)C(CCc3cccc4ccc-4cc3)CC3CCCCCC3)ccc21
O=C1OCc2cc(NC(=O)C(CCc3cccc4ccc-4cc3)CC3CCCCCC3)ccc21
O=C1OCc2cc(NC(=O)C(CCc3cccc4ccc-4cc3)CC3CCCCCC3)ccc21
O=C1OCc2cc(NC(=O)C(CCc3ccc4c5ccc-5c4c3)CC3CCCCCC3)ccc21
O=C1OCc2cc(NC(=O)C(CCc3ccc4c5ccc-5c4c3)CC3CCCCCC3)ccc21
O=C1OCc2cc(NC(=O)C(CCc3cccc(C4=CC=C4)c3)CC3CCCCCC3)ccc21
O=C1OCc2cc(NC(=O)C(CCc3cccc(C4=CC=C4)c3)CC3CCCCCC3)ccc21
O=C1OCc2cc(NC(=O)C(CCc3cccc(C4=CC=C4)c3)CC3CCCCCC3)ccc21
O=C1OCc2cc(NC(=O)C(CCc3cccc(C4C=C4)c3)CC3CCCCCC3)ccc21
O=C1OCc2cc(NC(=O)C(CCc3ccccc3)CC3CCCCCC3)ccc21
O=C1OCc2cc(NC(=O)C(CCc3ccccc3)CC3CCCCCC3)ccc21
O=C1OCc2cc(NC(=O)C(CCc3ccccc3)CC3CCCCCC3)ccc21
O=C1OCc2cc(NC(=O)C(CCc3ccccc3)CC3CCCCC3)ccc21
c1ccc(CNc2cccc3ncccc23)cc1
c1ccc(CNc2cccc3ncccc23)cc1
c1ccc(CNc2cccc3ncccc23)cc1
C1=CC1=C(NCc1ccccc1)c1cccnc1
C1=CC1=C(NCc1ccccc1)c1cccnc1
C1=CC1=C(NCc1ccccc1)c1cccnc1
C1=CC1=C(NC(CSC1CC1)c1ccccc1)c1cccnc1
C1=CC1=C(NC(CSC1CC1)c1ccccc1)c1cccnc1
C1=CC1=C(NC(CSC1CC1)c1ccccc1)c1cccnc1
C1=CC1=C(NC(CSC1CC1)c1ccccc1)c1cccnc1
C1=CC1=C(NC(CNC1CC1)c1ccccc1)c1cccnc1
C1=CC1=C(NC(CNC1CC1)c1ccccc1)c1cccnc1
C1=CC1=C(NC(CNC1CC1)c1ccccc1)c1cccnc1
c1ccc(C(CNC2CC2)n2cccc2-c2cccnc2)cc1
c1ccc(C(CNC2CC2)n2cccc2-c2cccnc2)cc1
c1ccc(C(CNC2CC2)On2cccc2-c2cccnc2)cc1
c1ccc(C(CNC2CC2)On2cccc2-c2cccnc2)cc1
c1ccc(C(CNC2CC2)On2cccc2-c2cccnc2)cc1
c1ccc(C(CNC2CC2)On2cccc2-c2cccnc2)cc1
c1ccc(C(CNC2CC2)On2cccc2-c2cccnc2)cc1
c1ccc(C(CNC2CC2)On2cccc2-c2cccnc2)cc1
c1ccc(C(CNC2CC2)On2cccc2-c2cccnc2)cc1
c1ccc(C(CNC2CC2)On2cccc2-c2cccnc2)cc1
C1=CN(OC(CNC2CC2)c2ccccc2)C(c2cccnc2)=CC1
C1=CN(OC(CNCC2CC2)c2ccccc2)C(c2cccnc2)=CC1
O=C(NCC(ON1C=CCC=C1c1cccnc1)c1ccccc1)C1CC1
O=C(NCC(ON1C=CCC=C1c1cccnc1)c1ccccc1)C1CC1
O=C(NCC(ON1CC=CCC=C1c1cccnc1)c1ccccc1)C1CC1
O=C(NCC(ON1CC=CCC=C1c1cccnc1)c1ccccc1)C1CC1
O=C(NCC(ON1CC=CC=C1c1cccnc1)c1ccccc1)C1CC1
O=C(NCC(ON1CC=CC=C1c1cccnc1)c1ccccc1)C1CC1
O=C(NCC(ON1CCC=CC=C1c1cccnc1)c1ccccc1)C1CC1
O=C(NCC(ON1CCC=CC=C1c1cccnc1)c1ccccc1)C1CC1
O=C(NCC(ON1CCCC=CC=C1c1cccnc1)c1ccccc1)C1CC1
O=C(NCC(ON1CCCC=CC=C1c1cccnc1)c1ccccc1)C1CC1
O=C(NCC(ON1CCCC=CC=C1c1cccnc1)c1ccccc1)C1CC1
O=C(NCC(ON1CCCC=CC=C1c1cccnc1)c1ccccc1)C1CC1
O=C(NCC(ON1CCC=CC=C1c1cccnc1)c1ccccc1)C1CC1
O=C(NCC(ON1CCC=CC=C1c1cccnc1)c1ccccc1)C1CC1
O=C(NCC(Oc1cncc(C2=CC=CCCN2)c1)c1ccccc1)C1CC1
O=C(NCC(Oc1cncc(C2=CC=CCN2)c1)c1ccccc1)C1CC1
O=C(NCC(Oc1cncc(C2=CC=C=CCN2)c1)c1ccccc1)C1CC1
O=C(NCC(Oc1cncc(C2=CC=C=CN2)c1)c1ccccc1)C1CC1
O=C(NCC(Oc1cncc(C2=CC=C=CN2)c1)c1ccccc1)C1CC1
O=C(NCC(Oc1cncc(C2=CC=CCN2)c1)c1ccccc1)C1CC1
O=C(NCC(Oc1cccc(C2=CC=CCN2)c1)c1ccccc1)C1CC1
O=C(NCC(Oc1ccc2c(c1)C=CC=CCN2)c1ccccc1)C1CC1
O=C(NCC(Oc1ccc2c(c1)C=CC=CCN2)c1ccccc1)C1CC1
O=C(NCC(Oc1ccc2c(c1)C=CC=CN2)c1ccccc1)C1CC1
O=C(NCC(Oc1ccc2c(c1)C=CC=CN2)c1ccccc1)C1CC1
O=C(NCC(Oc1ccc2c(c1)C=CC=CN2)c1ccccc1)C1CC1
O=C(NCC(Oc1ccc2[nH]ncc2c1)c1ccccc1)C1CC1
O=C(NCC(Oc1ccc2[nH]ncc2c1)c1ccccc1)C1CC1
O=C(NCC(Oc1ccc2c(cnn2C2=CC2)c1)c1ccccc1)C1CC1
O=C(NCC(Oc1ccc2c(cnn2C2=CCC2)c1)c1ccccc1)C1CC1
O=C(NCC(Oc1ccc2c(cnn2C2=CC=C2)c1)c1ccccc1)C1CC1
O=C(NCC(Oc1ccc2c(cnn2C2=CC=C2)c1)c1ccccc1)C1CC1
O=C(NCC(Oc1ccc2c(cnn2C2=CC=CC2)c1)c1ccccc1)C1CC1
O=C(NCC(Oc1ccc2c(cnn2C2=CC=CC2)c1)c1ccccc1)C1CC1
O=C(NCC(Oc1ccc2c(cnn2C2=CCC=C2)c1)c1ccccc1)C1CC1
O=C(NCC(Oc1ccc2c(cnn2C2=CCC=C2)c1)c1ccccc1)C1CC1
O=C(NCC(Oc1ccc2c(cnn2C2=CCC=C2)c1)c1ccccc1)C1CC1
O=C(NCC(Oc1ccc2c(cnn2C2=CCCC=C2)c1)c1ccccc1)C1CC1
O=C(NCC(Oc1ccc2c(cnn2-c2ccccc2)c1)c1ccccc1)C1CC1
O=C(NCC(Oc1ccc2c(cnn2-c2ccccc2)c1)c1ccccc1)C1CC1
O=C(NCC(Oc1ccc2c(cnn2C2=CC=CCCC=C2)c1)c1ccccc1)C1CC1
O=C(NCC(Oc1ccc2c(cnn2C2=CC=CCCC=C2)c1)c1ccccc1)C1CC1
O=C(NCC(Oc1ccc2c(cnn2C2=CC=CCC=C2)c1)c1ccccc1)C1CC1
O=C(NCC(Oc1ccc2c(cnn2-c2ccccc2)c1)c1ccccc1)C1CC1
c1ccc(CNc2cccc3ncccc23)cc1
c1ccc(CNc2cccc3ncccc23)cc1
c1ccc2c(c1)CCSCCC2Nc1cccc2ncccc12
c1ccc2c(c1)CCSCCC2Cc1cccc2ncccc12
c1ccc2c(c1)CCSCC2Cc1cccc2ncccc12
c1ccc2c(c1)CCSCC2Cc1cccc2ccccc12
C=C(CC1CSCCc2ccccc21)c1ccccc1
C=C(CC1CSCCc2ccccc21)c1ccccc1
C=C(CC1CSCCc2ccccc21)c1ccccc1
c1ccc(CCC2CSCCc3ccccc32)cc1
c1ccc(CCC2CSCCc3ccccc32)cc1
c1ccc(C2CCCC2C2CSCCc3ccccc32)cc1
c1ccc(C2CCCC2C2CSCCc3ccccc3C2)cc1
c1ccc(C2CCCC2C2CSCc3ccccc3C2)cc1
c1ccc(C2CCC2C2CSCc3ccccc3C2)cc1
c1ccc(C2CCC2C2CSCc3ccccc3C2)cc1
c1ccc(C2CCC2C2CCc3ccccc3CSC2)cc1
c1ccc(C2CCC2C2CCc3ccccc3CSC2)cc1
c1ccc(C2CCC2C2CCc3ccccc3CSC2)cc1
c1ccc(C2CCC2C2CCc3ccccc3CSC2)cc1
c1ccc(C2CCC2C2CSC3c4ccccc4CC32)cc1
c1ccc(C2CCC2C2CSC3c4ccccc4CC32)cc1
c1ccc(CC2CSCC2C2CCC2c2ccccc2)cc1
c1ccc(OC2CSCC2C2CCC2c2ccccc2)cc1
c1ccc(OC2CCCC2C2CCC2c2ccccc2)cc1
c1ccc(COC2CCCC2C2CCC2c2ccccc2)cc1
c1ccc(COC2CCC2C2CCC2c2ccccc2)cc1
C1=CCC(C2CCC2C2CCC2OCc2ccccc2)=C1
C1=CCC(C2CCC2C2CCC2OCc2ccccc2)=C1
C1=C(C2CCC2C2CCC2OCc2ccccc2)CC1
C1=C(C2CCC2C2CCC2OCc2ccccc2)CC1
O=C1C=C(C2CCC2C2CCC2OCc2ccccc2)C1
O=C1C=C(C2CCCC2C2CCC2OCc2ccccc2)C1
O=C1C=C(C2CCCC2C2CCC2OCc2ccccc2)C1
O=C1C=C2CCC(C3CCC3OCc3ccccc3)C2CC1
O=C1C=C2CCC(C3CCC3OCc3ccccc3)C2CC1
O=C1C=C2CCC(C3CCC3OCc3ccccc3)C2CC1
O=C1C=C2CCC(C3C(OCc4ccccc4)CC3C3CC3)C2CC1
O=C1C=C2CCC(C3C(OCc4ccccc4)CC3C3CC3)C2CC1
O=C1C=C2CCCC(C3C(OCc4ccccc4)CC3C3CC3)C2CC1
O=C1C=C2CCC3C4CC4C4CC(OCc5ccccc5)C4C3C2CC1
O=C1C=C2CCC3C4CC4C4CC(OCc5ccccc5)C4C3C2CC1
O=C1C=C2CCC3C4CCC4C4CC(OCc5ccccc5)C4C3C2CC1
O=C1C=C2CCC3C4CCC4C4CC(OCc5ccccc5)C4C3C2CC1
O=C1C=C2CCC3C4CCCC4C4CC(OCc5ccccc5)C4C3C2CC1
O=C1C=C2CCC3C(C4CCC4)CC4CC(OCc5ccccc5)C4C3C2CC1
O=C1C=C2CCC3CCC4CC(OCc5ccccc5)C4C3C2CC1
O=C1C=C2CCC3CCC4CC(OCc5ccccc5)C4C3C2CC1
O=C1C=C2CCC3CCCCC4CC(OCc5ccccc5)C4C3C2CC1
O=C1C=C2CCC3CCCCC4CC(OCc5ccccc5)C4C3C2CC1
O=C1C=C2CCC3CCCCC4CC(OCc5ccccc5)C4C3C2CC1
O=C1C=C2CCC3CCCCC4CC(OCc5ccccc5)C4C3C2CC1
O=C1C=C2CCC3CCCC4CC(OCc5ccccc5)C4C3C2CC1
O=C1C=C2CCC3CCCC4CC(OCc5ccccc5)C4C3C2CC1
O=C1C=C2CCC3CCC4CC(OCc5ccccc5)C4C3C2CC1
O=C1C=C2CCC3CCC4CC(OCc5ccccc5)C4C3C2CC1
O=C1C=C2CCC3CCC4CC(OCc5ccccc5)C4C3C2CC1
O=C1C=C2CCC3CCC4CCC(OCc5ccccc5)C4C3C2CC1
O=C1C=C2CCC3CCC4CCC(OCc5ccccc5)C4C3C2CC1
O=C1C=C2CCC3CCC4CC(OCc5ccccc5)C4C3C2CC1
O=C1C=C2CCC3CCC4CC(OCc5ccccc5)C4C3C2CC1
O=C1C=C2CCC3CCC4CC(OCc5ccccc5)C4CC3C2CC1
O=C1C=C2CCC3CCC4CC(OCc5ccccc5)C4CC3C2CC1
O=C1C=C2CCC3C(CCCC4CC(OCc5ccccc5)C43)C2CC1
O=C1C=C2CCC3C(CCCC4CC(OCc5ccccc5)C43)C2CC1
O=C1C=C2CCC3C(CCCC4CC(OCc5ccccc5)C43)C2CC1
O=C1C=C2CCC3C(CCCCC4CC(OCc5ccccc5)C43)C2CC1
O=C1C=C2CCC3C4CCC4CCCC(OCc4ccccc4)C3C2CC1
O=C1C=C2CCC3C4CCC4CCCC(OCc4ccccc4)C3C2CC1
O=C1C=C2CCC3C4CCC4CCCC(OCc4ccccc4)C3C2CC1
O=C1C=C2CCC3C4CC4CCCC(OCc4ccccc4)C3C2CC1
O=C1C=C2CCC3C4CC4CCCC(OCc4ccccc4)C3C2CC1
O=C1C=C2CCC3C4CC4CCC(OCc4ccccc4)C3C2CC1
O=C1C=C2CCC3C4CC4CCC(OCc4ccccc4)C3C2CC1
O=C1C=C2CCC3C4CC4CCC(OCc4ccccc4)C3C2CC1
O=C1C=C2CCC3C4CC4CCC(OCc4ccccc4)C3C2CC1
O=C1C=C2CCC3C4CC4CCC(OCc4ccccc4)C3C2CC1
O=C1C=C2CCC3C4CC4CCC(OCc4ccccc4)C3C2CC1
O=C1C=C2CCC3C4CC4CCC(OCc4ccccc4)C3C2CC1
O=C1C=C2CCC3C4CC4CC(OCc4ccccc4)C3C2CC1
O=C1C=C2CCC3C4CC4CC(OCc4ccccc4)C3C2CC1
O=C1C=C2CCC3C4CC4CC(OCc4ccccc4)C3C2CC1
O=C1C=C2CCC3C4CC4CC(OCc4ccccc4)C3C2CC1
O=C1C=C2CCC3C4CCC4CC(OCc4ccccc4)C3C2CC1
O=C1C=C2CCC3C4CCC4CC(OCc4ccccc4)C3C2CC1
O=C1C=C2CCC3C4CCC4CC(OCc4ccccc4)C3C2CC1
O=C1C=C2CCC3C4CCC4CC(OCc4ccccc4)C3C2CC1
O=C1C=C2CCC3C4CCC4CC(OCc4ccccc4)C3C2CC1
O=C1C=C2CCC3C4CCCC4CC(OCc4ccccc4)C3C2CC1
O=C1C=C2CCC3C4CCCC4CC(OCc4ccccc4)C3C2CC1
O=C1C=C2CCC3C4CCCC4CC(OCc4ccccc4)C3C2CC1
O=C1C=C2CCC3C4CCCC4CC(OCc4ccccc4)C3C2CC1
O=C1C=C2CCC3C4CCCCC4CC(OCc4ccccc4)C3C2CC1
O=C1C=C2CCC3C4CCCCC4CC(OCc4ccccc4)C3C2CC1
O=C1C=C2CCC3C4CCCCC4CC(OCc4ccccc4)C3C2CC1
O=C1C=C2CCC3C4CCCCC4CC(OCc4ccccc4)C3C2CC1
O=C1C=C2CCC3C4CCCCC4CC(OCc4ccccc4)C3C2CC1
O=C1C=C2CCC3C4CCCCCC4CC(OCc4ccccc4)C3C2CC1
O=C1C=C2CCC3C4CCCCCC4CC(OCc4ccccc4)C3C2CC1
O=C1C=C2CCC3C4CCCCCC4CC(OCc4ccccc4)C3C2CC1
O=C1C=C2CCC3C4CCCCCC4CC(OCc4ccccc4)C3C2CC1
O=C1C=C2CCC3C4CCCCCC4CC(OCc4ccccc4)C3C2CC1
O=C1C=C2CCC3C4CCCCC4CC(OCc4ccccc4)C3C2CC1
O=C1C=C2CCC3C4CCCCC4CC(OCc4ccccc4)C3C2CC1
O=C1C=C2CCC3C4CCCCC4CC(OCc4ccccc4)C3C2CC1
O=C1C=C2CCC3C4CCCCC4CC(OCc4ccccc4)C3C2CC1
O=C1C=C2CCC3C4CCCCC4CC(OCc4ccccc4)C3C2CC1
O=C1C=C2CCC3C4CCCC4CC(OCc4ccccc4)C3C2CC1
O=C1C=C2CCC3C4CCCC4CC(OCc4ccccc4)C3C2CC1
O=C1C=C2CCC3C4CCCC4CC(OCc4ccccc4)C3C2CC1
O=C1C=C2CCC3C4CCCC4CC(OCc4ccccc4)C3C2CC1
O=C1C=C2CCC3C4CCCC4CC(OCc4ccccc4)C3C2CC1
O=C1C=C2CCC3C4CCCC4CC(OCc4ccccc4)C3C2C1
O=C1C=C2CCC3C4CCCC4CC(OCc4ccccc4)C3C2C1
O=C1C=C2CCC3C4CCCC4CC(OCc4ccccc4)C3C2CC1
c1ccc(CNc2cccc3ncccc23)cc1
c1ccc(CNc2cccc3ncccc23)cc1
c1ccc(CN2c3cccc4nccc2c34)cc1
c1ccc(-c2cc3c4c(cccc4n2)N3)cc1
c1ccc(-c2cc3c4c(cccc4n2)N3)cc1
c1ccc(-c2cc3c4c(cccc4n2)N3)cc1
c1ccc(-c2cc3c4c(cccc4n2)N3)cc1
c1ccc(-c2cc3c4c(cccc4n2)N3)cc1
c1ccc(-c2cc3c4c(cccc4n2)N3)cc1
c1ccc(-c2cc3c4c(cccc4c2)N3)cc1
c1ccc(-c2cc3c4c(cccc4c2)N3)cc1
c1ccc(-c2cc3c4c(cccc4c2)N3)cc1
c1ccc(-c2cc3c4c(cccc4c2)N3)cc1
c1ccc(-c2cc3[nH]c4ccccc2c43)cc1
c1ccc(-c2cc3[nH]c4ccccc2c43)cc1
C=C(c1ccccc1)c1ccccc2[nH]cc1-2
c1ccc(Cc2ccccc3[nH]cc2-3)cc1
c1ccc(Cc2ccccc3[nH]cc2-3)cc1
c1ccc(CCCCCn2cc3cccccc2-3)cc1
c1ccc(CCCCn2cc3cccccc2-3)cc1
c1ccc(CCCCn2cc3cccccc2-3)cc1
c1ccc(CCCCn2cc3cccccc2-3)cc1
c1ccc(CCCCn2cc3cccccc2-3)cc1
c1ccc(CCCCn2cccc3cccc2-3)cc1
c1ccc(CCCCn2cccc3cccc2-3)cc1
c1ccc(CCCCn2cccc3cccc2-3)cc1
c1ccc(CCCCn2cccc3cccc2-3)cc1
c1ccc(CCCCn2ccc3c4c(ccc2-4)CCCO3)cc1
c1ccc(CCCCn2ccc3c4c(ccc2-4)CCO3)cc1
c1ccc(CCCCn2cccc3cccc2-3)cc1
c1ccc(CCCCn2cccc3cccc2-3)cc1
c1ccc(CCCCn2cccc3cccc2-3)cc1
c1ccc(CCCCn2cccc3cccc2-3)cc1
c1ccc(CCCCn2ccc3ccccc32)cc1
c1ccc(CCCCn2ccc3ccccc32)cc1
c1ccc(CCCCn2ccc3ccccc32)cc1
c1ccc(CCCCn2ccc3ccccc32)cc1
c1ccc(CCCCn2ccc3ccccc32)cc1
c1ccc(CCCCn2ccc3ccccc32)cc1
c1ccc(CCCCn2ccc3ccccc32)cc1
c1ccc(CCCCn2ccc3ccccc32)cc1
c1ccc(CCCCn2ccc3ccccc32)cc1
c1ccc(CCCCn2ccc3ccccc32)cc1
c1ccc(CCCCn2ccc3ccccc32)cc1
c1ccc(CCCCn2ccc3ccccc32)cc1
c1ccc(CCCCn2ccc3ccccc32)cc1
c1ccc(CCCCn2ccc3ccccc32)cc1
c1ccc(CCCCn2ccc3ccccc32)cc1
c1ccc(CCCCn2ccc3ccccc32)cc1
c1ccc(CCCCn2cc(C3CCCCO3)c3ccccc32)cc1
c1ccc(CCCCn2cc(C3OC4CCC43)c3ccccc32)cc1
c1ccc(CCCCn2cc(C3OC4CC43)c3ccccc32)cc1
c1ccc(CCCCn2cc(C3CCO3)c3ccccc32)cc1
c1ccc(CCCCn2ccc3ccccc32)cc1
c1ccc(CCCCn2ccc3ccccc32)cc1
c1ccc(CCCCn2ccc3ccccc32)cc1
c1ccc(CCCCn2ccc3ccccc32)cc1
c1ccc(CCCCn2ccc3ccccc32)cc1
c1ccc(CCCCn2ccc3ccccc32)cc1
c1ccc(CCCCn2ccc3ccccc32)cc1
c1ccc(CCCCn2ccc3ccccc32)cc1
c1ccc(CCCCn2ccc3ccccc32)cc1
c1ccc(CCCCn2ccc3ccccc32)cc1
c1ccc(CCCCn2ccc3ccccc32)cc1
c1ccc(CCCCn2ccc3ccccc32)cc1
c1ccc(CCCCn2ccc3ccccc32)cc1
c1ccc(CCCCn2ccc3ccccc32)cc1
O=C1C=CN(CCCCc2ccccc2)c2ccccc2C1
O=c1ccn(CCCCc2ccccc2)c2ccccc12
c1ccc(CCCCc2ccccc2)cc1
c1ccc(CCCCc2ccccc2)cc1
c1ccc(CCCC2CCOc3ccccc32)cc1
c1ccc(CCCC2CCCc3ccccc32)cc1
c1ccc(CCCC23CC2CCc2ccccc23)cc1
c1ccc(CCCC23CC2CCc2ccccc23)cc1
N=C(CCC12CC1CCc1ccccc12)c1ccccc1
N=C(CCC12CC1CCc1ccccc12)c1ccccc1
N=C(CCC12CC1CCCc1ccccc12)c1ccccc1
N=C(CCC12CC1CCCc1ccccc12)c1ccccc1
N=C(CCC12CC1CCCCc1ccccc12)c1ccccc1
N=C(CCC12CC1CCCCc1ccccc12)Nc1ccccc1
N=C(CCC12CCC1CCCCc1ccccc12)Nc1ccccc1
C=C(CCC12CCC1CCCCc1ccccc12)Nc1ccccc1
C=C(CCC12CCC1CCCCc1ccccc12)Nc1ccccc1
O=C(CCC12CCC1CCCCc1ccccc12)Nc1ccccc1
O=C(CCC12CCC1CCCCc1ccccc12)Nc1ccccc1
O=C(CCC12CCC1CCCCc1ccccc12)Nc1ccccc1
O=C(CCC12CCC1CCCCc1ccccc12)Nc1ccccc1
O=C(CCC12CCC1CCCCc1ccccc12)Nc1ccc2c(c1)CC2
O=C(CCC12CCCC1CCCCc1ccccc12)Nc1ccc2c(c1)CC2
O=C(CCC12CCCC1CCCc1ccccc12)Nc1ccc2c(c1)CC2
O=C(CCC12CCCC1CCCc1ccccc12)Nc1ccc2c(c1)C=C2
O=C(CCC12CCCC1CCCc1ccccc12)Nc1ccc2c(c1)C=C2
O=C(CCC12CCCC1CCCc1ccccc12)Nc1ccc2c(c1)C=C2
O=C(CCC12CCCC1CCCc1ccccc12)Nc1ccc2c(c1)C=C2
O=C(CCC12CCCC1CCc1ccccc12)Nc1ccc2c(c1)C=C2
O=C(CCC12CCCCC1CCc1ccccc12)Nc1ccc2c(c1)C=C2
O=C(CCC1(C2CCC2)CCCc2ccccc21)Nc1ccc2c(c1)C=C2
O=C(CCC1(C2CCCC2)CCCc2ccccc21)Nc1ccc2c(c1)C=C2
O=C(CCC1(C2CCCCC2)CCCc2ccccc21)Nc1ccc2c(c1)C=C2
O=C(CCC1(C2CCCCC2)CCCc2ccccc21)Nc1ccc2c(c1)C=C2
O=C(CCC1(C2CCCC2)CCCc2ccccc21)Nc1ccc2c(c1)C=C2
O=C(CCC1(C2CCCC2)CCCc2ccccc21)Nc1ccc2c(c1)C=C2
O=C(CCC1(C2CCCC2)CCCc2ccccc21)Nc1ccc2c(c1)C=C2
O=C(CCC1(C2CCCC2)CCCc2ccccc21)Nc1ccc2c(c1)CCC=C2
O=C(CCC1(C2CCCC2)CCCc2ccccc21)Nc1ccc2c(c1)CCC=C2
O=C(CCC1(C2CCCC2)CCCc2ccccc21)Nc1ccc2ccccc2c1
O=C(CCC1(C2CCCCC2)CCCc2ccccc21)Nc1ccc2ccccc2c1
O=C(CCC1(C2CCCCC2)CCCc2ccccc21)Nc1ccc2ccccc2c1
O=C(CCC1(C2CCCCC2)CCCc2ccccc21)Nc1ccc2ccccc2c1
O=C(CCC1(C2CCCCC2)CCCCc2ccccc21)Nc1ccc2ccccc2c1
O=C(CCC1(C2CCCCC2)CCCCc2ccccc21)Nc1ccc2ccccc2c1
O=C(CCC1(C2CCCCC2)CCCc2ccccc21)Nc1ccc2ccccc2c1
O=C(CCC1(C2CCCC2)CCCc2ccccc21)Nc1ccc2ccccc2c1
O=C(CCC1(C2CCCC2)CCCc2ccccc21)Nc1ccc2ccncc2c1
O=C(CCC1(C2CCCC2)CCCc2ccccc21)Nc1ccc2ccncc2c1
O=C(CCC1(C2CCCC2)CCCc2ccccc21)Nc1ccc2ccncc2c1
O=C(CCC1(C2CCCC2)CCCc2ccccc21)Nc1ccc2ccncc2c1
O=C(CCC1(C2CCCC2)CCCc2ccccc21)Nc1ccc2ccncc2c1
O=C(CCC1(C2CCCC2)CCCCc2ccccc21)Nc1ccc2ccncc2c1
O=C(CCC1(C2CCCC2)CCCCc2ccccc21)Nc1ccc2ccncc2c1
O=C(CCC1(C2CCCC2)CCCCc2ccccc21)Nc1ccc2ccncc2c1
O=C(CCC1(C2CCCC2)CCCc2ccccc21)Nc1ccc2ccncc2c1
O=C(CCC1(C2CCCC2)CCCc2ccccc21)Nc1ccc2ccncc2c1
O=C(CCC1(C2CCCC2)CCCc2ccccc21)Nc1ccc2ccncc2c1
O=C(CCC1(C2CCCC2)CCCc2ccccc21)Nc1ccc2ccncc2c1
O=C(CCC1(C2CCCC2)CCCc2ccccc21)Nc1ccc2ccncc2c1
O=C(CCC1(C2CCCC2)CCCc2ccccc21)Nc1ccc2ccncc2c1
O=C(CCC1(C2CCCC2)CCCc2ccccc21)Nc1ccc2ccncc2c1
O=C(CCC1(C2CCCCC2)CCCc2ccccc21)Nc1ccc2ccncc2c1
O=C(CCC1(C2CCCCC2)CCCc2ccccc21)Nc1ccc2ccncc2c1
O=C(CCC1(C2CCCC2)CCCc2ccccc21)Nc1ccc2ccncc2c1
O=C(CCC1(C2CCCC2)CCCc2ccccc21)Nc1ccc2c(c1)C=NC2
C=C1N=Cc2cc(NC(=O)CCC3(C4CCCC4)CCCc4ccccc43)ccc21
O=C(CCC1(C2CCCC2)CCCc2ccccc21)Nc1ccc2c(c1)C=NC2=O
O=C(CCC1(C2CCCCC2)CCCc2ccccc21)Nc1ccc2c(c1)C=NC2=O
O=C(CCC1(C2CCCCC2)CCCc2ccccc21)Nc1ccc2c(=O)oncc2c1
O=C(CCC1(C2CCCC2)CCCc2ccccc21)Nc1ccc2c(=O)oncc2c1
c1ccc(CCCCc2ccccc2)cc1
c1ccc(CCCCc2ccccc2)cc1
c1ccc(CCC2Cc3ccccc3CO2)cc1
c1ccc(CCC2CCc3ccccc3C2)cc1
c1ccc(CCC2CCc3ccccc3C2)cc1
c1ccc(CCC2CCc3ccccc3C2)cc1
c1ccc(CCC2CCc3ccccc3C2)cc1
c1ccc(CCC2CCc3ccccc3C2)cc1
c1ccc(C2CC3CCc4ccccc4C3C2)cc1
c1ccc(C2CC3CCc4ccccc4C3C2)cc1
c1ccc(C2CC3CCc4ccccc4C3C2)cc1
c1ccc(C2CCC3CCc4ccccc4C3C2)cc1
c1ccc(C2CCC3CCc4ccccc4C3C2)cc1
c1ccc(C2CCC3CCc4ccccc4C3C2)cc1
c1ccc(C2CCC3CCc4ccccc4C3CC2)cc1
c1ccc(C2CCC3CCc4ccccc4C3CC2)cc1
c1ccc(C2CCCC3c4ccccc4CCC3C2)cc1
c1ccc(C2CCC3c4ccccc4CCC3C2)cc1
c1ccc(C2CCC3c4ccccc4CCC3C2)cc1
c1ccc(C2CCC3c4ccccc4CCC3C2)cc1
c1ccc(C2CCC3c4ccccc4CCC3C2)cc1
c1ccc(C2CCC3c4ccccc4CCC3C2)cc1
c1ccc(C2CCC3c4ccccc4CCC3C2)cc1
c1ccc(C2CCC3c4ccccc4CCC3C2)cc1
c1ccc(C2CCC3c4ccccc4CCC3C2)cc1
c1ccc(C2CCC3c4ccccc4CCC3C2)cc1
c1ccc(C2CCC3c4ccccc4CCC3C2)nc1
c1ccc(C2CCC3c4ccccc4CCC3C2)nc1
c1ccc(C2CCC3c4ccccc4CCC3C2)nc1
c1ccc(CC2CCC3c4ccccc4CCC3C2)nc1
c1ccc(CC2CCC3c4ccccc4CCC3C2)nc1
c1ccc(SC2CCC3c4ccccc4CCC3C2)nc1
c1ccc(SC2CCC3c4ccccc4CCC3C2)nc1
c1ccc(SC2CCC3c4ccccc4CCC3C2)nc1
c1ccc(CC2CCC3c4ccccc4CCC3C2)nc1
c1ccc(C2CCC3c4ccccc4CCC3C2)nc1
c1ccc(C2CCC3c4ccccc4CCC3C2)nc1
c1ccc(C2CCC3c4ccccc4CCC3C2)nc1
c1ccc(C2CCC3c4ccccc4CCC3C2)nc1
c1ccc(C2CCC3c4ccccc4CCC3C2)nc1
c1ccc(C2CCC3c4ccccc4CCC3C2)nc1
c1ccc(C2CCC3c4ccccc4CCC3C2)nc1
c1ccc(C2CCC3c4ccccc4CCC3C2)nc1
c1ccc(C2CCC3c4ccccc4CCC3C2)nc1
c1ccc(C2CCC3c4ccccc4CCC3C2)nc1
c1ccc(C2CCC3c4ccccc4CCCC3C2)nc1
c1ccc(C2CCC3c4ccccc4CCCC3C2)nc1
c1ccc(C2CCC3c4ccccc4CCCC3C2)nc1
c1ccc(C2CCC3c4ccccc4CCCC3C2)nc1
c1ccc(C2CCC3c4ccccc4CCCC3C2)nc1
c1ccc(C2CCC3c4ccccc4CCCC3C2)nc1
c1ccc(C2CCC3c4ccccc4CCCC3C2)nc1
c1ccc(C2CCC3c4ccccc4CCCC3C2)nc1
c1ccc(C2CCC3c4ccccc4CCCC3C2)nc1
c1ccc(C2CCC3c4ccccc4CCCC3C2)nc1
c1ccc(C2CCC3c4ccccc4CCCC3C2)nc1
c1ccc(C2CCC3c4ccccc4CCCC3C2)nc1
c1ccc2c(c1)CCCC1CC(c3ncccc3C3CCCCCC3)CCC21
c1ccc2c(c1)CCCC1CC(c3ncccc3OC3CCCCCC3)CCC21
c1ccc(C2CCC3c4ccccc4CCCC3C2)nc1
c1ccc(C2CCC3c4ccccc4CCCC3C2)nc1
c1ccc(C2CCC3c4ccccc4CCCC3C2)nc1
c1ccc(C2CCC3c4ccccc4CCC3C2)nc1
c1ccc(C2CCC3c4ccccc4CCC3C2)nc1
c1ccc(C2CCC3c4ccccc4CCC3C2)nc1
c1ccc(C2CCC3c4ccccc4CCC3C2)nc1
c1ccc(C2CCC3c4ccccc4CCC3C2)nc1
c1ccc(C2CCC3c4ccccc4CCC3C2)nc1
c1ccc(C2CCC3c4ccccc4CCC3C2)cc1
c1ccc(C2CCC3c4ccccc4CCC3C2)cc1
c1ccc(C2CCC3c4ccccc4CCC3C2)cc1
c1ccc(C2CCC3c4ccccc4CCC3C2)cc1
c1ccc(C2CCC3c4ccccc4CCC3C2)cc1
c1ccc(C2CCC3c4ccccc4CCC3C2)cc1
c1ccc(C2CCC3c4ccccc4CCC3C2)cc1
c1ccc(C2CCC3c4ccccc4CCC3C2)cc1
c1ccc(C2CCC3c4ccccc4CCC3C2)cc1
c1ccc(C2CCC3c4ccccc4CCC3C2)cc1
c1ccc(C2CCC3c4ccccc4CCC3C2)cc1
c1ccc(C2CCC3c4ccccc4CCC3C2)cc1
c1ccc(C2CCC3c4ccccc4CCC3C2)cc1
c1ccc(C2CCC3c4ccccc4CCC3C2)cc1
c1ccc(C2CCC3c4ccccc4CCC3C2)cc1
c1ccc(C2CCC3c4ccccc4CCC3C2)cc1
c1ccc(C2CCC3c4ccccc4CCC3C2)cc1
c1ccc(C2CCC3c4ccccc4CCC3C2)cc1
c1ccc(C2CCC3c4ccccc4CCC3C2)cc1
c1ccc(C2CCC3c4ccccc4CCC3C2)cc1
c1ccc(C2CCC3c4ccccc4CCC3C2)cc1
c1ccc(C2CCC3c4ccccc4CCC3C2)cc1
c1ccc(C2CCC3c4ccccc4CCC3C2)cc1
c1ccc(C2CCC3c4ccccc4CCC3C2)cc1
c1ccc(C2CCC3c4ccccc4CCC3C2)cc1
c1ccc(C2CCC3c4ccccc4CCC3C2)cc1
c1ccc(C2CCC3c4ccccc4CCC3C2)cc1
c1ccc(C2CCC3c4ccccc4CCC3C2)cc1
c1ccc(C2CCC3c4ccccc4CCC3C2)cc1
c1ccc(C2CCC3c4ccccc4CCC3C2)cc1
c1ccc(C2CCC3c4ccccc4CCC3C2)cc1
c1cc(CN2CCC2)cc(C2CCC3c4ccccc4CCC3C2)c1
c1cc(CN2CCC2)cc(C2CCC3c4ccccc4CCC3C2)c1
c1cc(CN2CCC2)cc(C2CCC3c4ccccc4CCC3C2)c1
c1cc(CN2CCC2)cc(C2CCC3c4ccccc4CCC3C2)c1
c1cc(CN2CCC2)cc(C2CCC3c4ccccc4CCC3C2)c1
c1ccc(C2CCC3c4ccccc4CCC3C2)c(CCN2CCC2)c1
c1ccc(C2CCC3c4ccccc4CCC3C2)c(CCN2CCCC2)c1
c1ccc(C2CCC3c4ccccc4CCC3C2)c(CCN2CCCC2)c1
c1ccc(C2CCC3c4ccccc4CCC3C2)c(CCN2CCCCC2)c1
c1ccc(C2CCC3c4ccccc4CCC3C2)c(CCN2CCCCCC2)c1
c1ccc(C2CCC3c4ccccc4CCC3C2)c(CN2CCCCCC2)c1
c1ccc(C2CCC3c4ccccc4CCC3C2)c(CN2CCCCCC2)c1
c1ccc(C2CCC3c4ccccc4CCC3C2)c(CN2CCCCC2)c1
c1ccc(C2CCC3c4ccccc4CCC3C2)c(CN2CCCCC2)c1
c1ccc(C2CCC3c4ccccc4CCC3C2)c(CN2CCCC2)c1
c1ccc(C2CCC3c4ccccc4CCC3C2)c(CN2CCCC2)c1
c1ccc(C2CCC3c4ccccc4CCC3C2)c(CN2CCCC2)c1
c1ccc(C2CCC3c4ccccc4CCC3C2)c(CCN2CCCC2)c1
c1ccc2c(c1)CCC1CC(c3ncccc3CCN3CCCC3)CCC21
c1ccc2c(c1)CCC1CC(c3ncccc3CCN3CCCCC3)CCC21
c1ccc2c(c1)CCC1CC(c3ncccc3CCCN3CCCCC3)CCC21
c1ccc2c(c1)CCC1CC(c3ncccc3CCCN3CCCCC3)CCC21
c1ccc2c(c1)CCC1CC(c3ncccc3CCCCN3CCCCC3)CCC21
c1ccc2c(c1)CCC1CC(c3ncccc3CCCCN3CCCC3)CCC21
c1ccc2c(c1)CCC1CC(c3ncccc3CCCCCN3CCCC3)CCC21
c1ccc2c(c1)CCC1CC(c3ncccc3CCCCCN3CCC3)CCC21
c1ccc2c(c1)CCC1CC(c3ncccc3CCCCCN3CC3)CCC21
c1ccc(C2CCC3c4ccccc4CCC3C2)nc1
c1ccc(C2CCC3c4ccccc4CCC3C2)nc1
c1ccc(C2CCC3c4ccccc4CCC3C2)nc1
c1ccc(C2CCC3c4ccccc4CCC3C2)nc1
c1ccc(C2CCC3c4ccccc4CCC3C2)nc1
c1ccc(C2CCC3c4ccccc4CCC3C2)nc1
c1ccc(C2CCC3c4ccccc4CCC3C2)nc1
c1ccc(C2CCC3c4ccccc4CCC3C2)nc1
c1ccc(C2CCC3c4ccccc4CCC3C2)nc1
c1ccc(C2CCC3c4ccccc4CCC3C2)nc1
c1ccc(C2CCC3c4ccccc4CCC3C2)nc1
c1ccc2c(c1)CCC1CC(c3ncccc3CNCCOCC3CC3)CCC21
c1ccc2c(c1)CCC1CC(c3ncccc3CNCCCCC3CC3)CCC21
c1ccc(C2CCC3c4ccccc4CCC3C2)c(CNCCCCC2CC2)c1
c1ccc2c(c1)CCC1CC(c3cccnc3CNCCCCC3CC3)CCC21
c1ccc2c(c1)CCC1CC(c3cccnc3CNCCCC3CC3)CCC21
c1ccc2c(c1)CCC1CC(c3cccnc3CN3CCCCC3)CCC21
c1ccc2c(c1)CCC1CC(c3cccnc3CN3CCCCC3)CCC21
c1ccc2c(c1)CCC1CC(c3cccnc3CN3CCCC3)CCC21
c1ccc2c(c1)CCC1CC(c3cccnc3CN3CCCC3)CCC21
c1ccc2c(c1)CCC1CC(c3cccnc3CN3CCCCC3)CCC21
c1ccc2c(c1)CCC1CC(c3cccnc3CN3CCCCC3)CCC21
c1ccc2c(c1)CCC1CC(c3cccnc3CN3CCCC3)CCC21
c1ccc2c(c1)CCC1CC(c3cccnc3CN3CCCC3)CCC21
c1ccc2c(c1)CCC1CC(c3cccnc3CN3CCCC3)CCC21
c1ccc2c(c1)CCC1CC(c3cccnc3CN3CCCC3)CCC21
c1ccc2c(c1)CCC1CC(c3cccnc3N3CCCC3)CCC21
c1ccc2c(c1)CCC1CC(c3cccnc3N3CCCC3)CCC21
c1ccc2c(c1)CCCC1CC(c3cccnc3N3CCCC3)CCC21
c1ccc2c(c1)CCCC1CC(c3cccnc3N3CCCC3)CCC21
c1ccc2c(c1)CCCC1CC(c3cncnc3N3CCCC3)CCC21
c1ccc2c(c1)CCCC1CC(c3cncnc3N3CCC3)CCC21
c1ccc2c(c1)CCCC1CC(c3cncnc3CN3CCC3)CCC21
c1ccc2c(c1)CCCC1CC(c3cccnc3CN3CCC3)CCC21
c1ccc2c(c1)CCCC1CC(c3cccnc3CN3CCC3)CCC21
c1ccc2c(c1)CCCC1CC(c3cccnc3CN3CC3)CCC21
c1cncc(C2CCC3c4ccccc4CCCC3C2)c1
c1cncc(C2CCC3c4ccccc4CCCC3C2)c1
c1cncc(C2CCC3c4ccccc4CCCC3C2)c1
c1cncc(C2CCC3c4ccccc4CCCC3C2)c1
c1cncc(C2CCC3c4ccccc4CCCCC3C2)c1
c1cncc(C2CCC3c4ccccc4CCCCC3C2)c1
c1cncc(C2CCC3c4ccccc4CCCC3C2)c1
c1cncc(C2CCC3c4ccccc4CCCC3C2)c1
c1cncc(C2CCC3c4ccccc4CCCC3C2)c1
c1cncc(C2CCC3c4ccccc4CCCC3C2)c1
c1cncc(C2CCC3c4ccccc4CCCCC3C2)c1
c1cncc(C2CCC3c4ccccc4CCCCC3C2)c1
c1cncc(C2CCC3c4ccccc4CCCCC3C2)c1
c1cncc(C2CCC3c4ccccc4CCCCC3C2)c1
c1cncc(C2CCC3c4ccccc4CCCCC3C2)c1
c1cncc(C2CCC3c4ccccc4CCCCC3C2)c1
c1cncc(C2CCC3c4ccccc4CCCC3C2)c1
c1cncc(C2CCC3c4ccccc4CCCC3C2)c1
c1cncc(C2CCC3c4ccccc4CCCCC3C2)c1
c1cncc(C2CCC3c4ccccc4CCCCC3C2)c1
c1cncc(C2CCC3c4ccccc4CCCCC3C2)c1
c1cncc(C2CCC3c4ccccc4CCCC3C2)c1
c1cncc(C2CCC3c4ccccc4CCCC3C2)c1
c1cncc(C2CCC3c4ccccc4CCCC3C2)c1
c1cncc(C2CCC3c4ccccc4CCCC3C2)c1
c1cncc(C2CCC3c4ccccc4CCCCC3C2)c1
C=C(c1nccs1)C1CCC2c3ccccc3CCCCC2C1
C=C(c1nccs1)C1CCC2c3ccccc3CCCC2C1
C=C(c1nccs1)C1CCC2c3ccccc3CCC2C1
c1ccc2c(c1)CCC1CC(Cc3nccs3)CCC21
c1ccc2c(c1)CCC1CC(c3nccs3)CCC21
c1ccc(CCCCc2ccccc2)cc1
c1ccc(CCCCc2ccccc2)cc1
c1ccc(CCCCNc2ccccc2)cc1
c1ccc(CCCCNc2ccccc2)cc1
c1ccc(CCCCNc2ccccc2)cc1
c1ccc(CCCCNc2ccccc2)cc1
c1ccc(CCCCNc2ccccc2)cc1
c1ccc(CCCCNc2ccccc2)cc1
c1ccc(CCCCNc2ccccc2)cc1
c1ccc(CCCCNc2ccccc2)cc1
c1ccc(CCCCNc2ccccc2)cc1
c1ccc(CCCCNc2ccccc2)cc1
c1ccc(CCCCNc2ccccc2)cc1
c1ccc(CCCCNc2ccccc2)cc1
c1ccc(CCCCNc2ccccc2)cc1
c1ccc(CCCCNc2ccccc2)cc1
c1ccc(CCCCNc2ccccc2)cc1
c1ccc(CCCCNc2ccccc2)cc1
c1ccc(CCCCNc2ccccc2)cc1
c1ccc(CCCCNc2ccccc2)cc1
c1ccc(CCCCNc2ccccc2)cc1
c1ccc(CCCCNc2ccccc2)cc1
c1ccc(CCCCNc2ccccc2)cc1
c1ccc(CCCCNc2ccccc2)cc1
c1ccc(CCCCNc2ccccc2)cc1
c1ccc(CCCCNc2ccccc2)cc1
c1ccc(CCCCNc2ccccc2)cc1
c1ccc(CCCCNc2ccccc2)cc1
c1ccc(CCCCNc2ccccc2)cc1
c1ccc(CCCCNc2ccccc2)cc1
c1ccc(CCCCNc2ccccc2)cc1
c1ccc(CCCCNc2ccccc2)cc1
c1ccc(CCCCNc2ccccc2)cc1
c1ccc(CCCCNc2ccccc2)cc1
c1ccc(CCCCNc2ccccc2)cc1
c1ccc(CCCCNc2ccccc2)cc1
c1ccc(CCCCNc2ccccc2)cc1
c1ccc(CCCCNc2ccccc2)cc1
c1ccc(CCCCNc2ccccc2)cc1
c1ccc(CCCCNc2ccccc2)cc1
c1ccc(CCCCNc2ccccc2)cc1
C1=C(c2ccccc2NCCCCc2ccccc2)CO1
c1ccc(CCCCNc2ccccc2)cc1
c1ccc(CCCCNc2ccccc2)cc1
c1ccc(CCCCNc2ccccc2)cc1
C1=Cc2c(cccc2NCCCCc2ccccc2)C1
C1=Cc2c(cccc2NCCCCc2ccccc2)CC1
c1ccc(CCCCNc2cccc3ccccc23)cc1
c1ccc(CCCCNc2cccc3ccncc23)cc1
c1ccc(CCCCNc2cccc3ccncc23)cc1
c1ccc(CCCCNc2cccc3ccncc23)cc1
c1ccc(CCCCNc2cccc3ccncc23)cc1
c1ccc(CCCCNc2cccc3ncccc23)cc1
c1ccc(CCCCNc2cccc3ncccc23)cc1
c1ccc(CCCCNc2cccc3ncccc23)cc1
c1ccc(CCCCNc2cccc3ncccc23)cc1
c1ccc(CCCCCc2cccc3ncccc23)cc1
c1ccc(CCCCCc2cccc3ncccc23)cc1
c1ccc(CCCCCc2cccc3ncccc23)cc1
c1ccc(CCCCCc2cccc3ncccc23)cc1
c1ccc(CCCCc2cccc3ncccc23)cc1
c1ccc(CCCCc2cccc3ncccc23)cc1
C1=C(CCCCc2ccccc2)c2cccnc2C1
C1=C(CCCCc2ccccc2)c2cccnc21
c1ccc(CCCCc2cc3nocccc2-3)cc1
c1ccc(CCCCc2cc3nocccc2-3)cc1
c1ccc(CCCCc2cc3nocccc2-3)cc1
c1ccc(CCCCc2cc3nocccc2-3)cc1
c1ccc(CCCCc2cc3nocccc2-3)cc1
c1ccc(CCCCc2cc3nocccc2-3)cc1
c1ccc(CCCCc2cc3nocccc2-3)cc1
c1ccc(CCCCc2cc3nocccc2-3)cc1
c1ccc(CCCCc2cc3nocccc2-3)cc1
c1ccc(CCCCc2cc3nocccc2-3)cc1
c1ccc(CCCCc2cc3nocccc2-3)cc1
c1ccc(CCCCc2cc3nocccc2-3)cc1
c1ccc(CCCCc2ccc3conc3c2)cc1
c1ccc(CCCCc2ccc3conc3c2)cc1
c1ccc(CCCCc2ccc3conc3c2)cc1
c1ccc(CCCCc2ccc3conc3c2)cc1
c1ccc(CCCCc2ccc3conc3c2)cc1
c1ccc(CCCCc2ccc3conc3c2)cc1
c1ccc(CCCCc2ccc3conc3c2)cc1
c1ccc(CCCCc2ccc3conc3c2)cc1
c1ccc(CCCCc2ccc3cnoc3c2)cc1
c1ccc(CCCCc2ccc3cnoc3c2)cc1
c1ccc(CCCCc2ccc3cnoc3c2)cc1
c1ccc(CCCCc2ccc3cnoc3c2)cc1
c1ccc(CCCCc2ccc3cnoc3c2)cc1
c1ccc(CCCCc2ccc3cnoc3c2)cc1
c1ccc(CCCCc2ccc3cnoc3c2)cc1
c1ccc(CCCCc2ccc3cnoc3c2)cc1
c1ccc(CCCCc2ccc3cnoc3c2)cc1
c1ccc(CCCCc2ccc3cnoc3c2)cc1
c1ccc(CCCCc2ccc3cnoc3c2)cc1
c1ccc(CCCCc2ccc3cnoc3c2)cc1
c1ccc(CCCCc2ccc3cnoc3c2)cc1
c1ccc(CCCCc2ccc3cnoc3c2)cc1
c1ccc(CCCCc2ccc3cnoc3c2)cc1
c1ccc(CCCCc2ccc3cnoc3c2)cc1
c1ccc(CCCCc2ccc3oncc3c2)cc1
c1ccc(CCCCc2ccc3oncc3c2)cc1
C1=NOCc2ccc(CCCCc3ccccc3)cc21
O=c1oncc2cc(CCCCc3ccccc3)ccc12
O=c1oncc2cc(CCCCc3ccccc3)ccc12
O=c1oncc2cc(CCCCc3ccccc3)ccc12
O=c1oncc2cc(CCCCc3ccccc3)ccc12
O=c1oncc2cc(CCCCc3ccccc3)ccc12
O=c1oncc2cc(CCCCc3ccccc3)ccc12
O=c1oncc2cc(CCCCc3ccccc3)ccc12
O=c1oncc2cc(CCCCc3ccccc3)ccc12
O=c1oncc2cc(CCCCc3ccccc3)ccc12
O=c1oncc2cc(CCCCc3ccccc3)ccc12
O=c1oncc2cc(CCCCc3ccccc3)ccc12
O=c1oncc2cc(CCCCc3ccccc3)ccc12
O=c1oncc2cc(CCCCc3ccccc3)ccc12
O=c1oncc2cc(NCCCCc3ccccc3)ccc12
O=c1oncc2cc(NCCCCc3ccccc3)ccc12
O=c1oncc2cc(NCCCCc3ccccc3)ccc12
O=c1oncc2cc(NCCCCc3ccccc3)ccc12
N=C(CCCc1ccccc1)Nc1ccc2c(=O)oncc2c1
N=C(CCCc1ccccc1)Nc1ccc2c(=O)oncc2c1
N=C(CCCc1ccccc1)Nc1ccc2c(=O)oncc2c1
N=C(CCCc1ccccc1)Nc1ccc2c(=O)oncc2c1
N=C(CCCc1ccccc1)Nc1ccc2c(=O)oncc2c1
N=C(CCCc1ccccc1)Nc1ccc2c(=O)oncc2c1
N=C(CCCc1ccccc1)Nc1ccc2c(=O)oncc2c1
C=C(CCCc1ccccc1)Nc1ccc2c(=O)oncc2c1
C=C(CCCc1ccccc1)Nc1ccc2c(=O)oncc2c1
C=C(CCCc1ccccc1)Nc1ccc2c(=O)oncc2c1
C=C(CCCc1ccccc1)Nc1ccc2c(=O)oncc2c1
O=C(CCCc1ccccc1)Nc1ccc2c(=O)oncc2c1
O=C(CCCc1ccccc1)Nc1ccc2c(=O)oncc2c1
O=C(CCCc1ccccc1)Nc1ccc2c(=O)oncc2c1
O=C(CCCc1ccccc1)Nc1ccc2c(=O)oncc2c1
O=C(CCCc1ccccc1)Nc1ccc2c(=O)oncc2c1
O=C(CCCc1ccccc1)Nc1ccc2c(=O)oncc2c1
O=C(Nc1ccc2c(=O)oncc2c1)C(CCc1ccccc1)CC1=CCCC1
O=C(Nc1ccc2c(=O)oncc2c1)C(CCc1ccccc1)CC1=CCOC1
O=C(Nc1ccc2c(=O)oncc2c1)C(CCc1ccccc1)CC1=CCOC1
O=C(CCCc1ccccc1)Nc1ccc2c(=O)oncc2c1
O=C(CCCc1ccccc1)Nc1ccc2c(=O)oncc2c1
O=C(CCCc1ccccc1)Nc1ccc2c(=O)oncc2c1
O=C(CCCc1ccccc1)Nc1ccc2c(=O)oncc2c1
O=C(Nc1ccc2c(=O)oncc2c1)C(CCc1ccccc1)CC1=CC1
O=C(Nc1ccc2c(=O)oncc2c1)C(CCc1ccccc1)CC1=C2NC12
O=C(Nc1ccc2c(=O)oncc2c1)C(CCc1ccccc1)CC1=CN2CC12
O=C(Nc1ccc2c(=O)oncc2c1)C(CCc1ccccc1)Cc1cn2cc1-2
C=C1NC=C1CC(CCc1ccccc1)C(=O)Nc1ccc2c(=O)oncc2c1
C=C1NC=C1CC(CCc1ccccc1)C(=O)Nc1ccc2c(=O)oncc2c1
O=C(CCCc1ccccc1)Nc1ccc2c(=O)oncc2c1
O=C(CCCc1ccccc1)Nc1ccc2c(=O)oncc2c1
C=C1CC=C1CC(CCc1ccccc1)C(=O)Nc1ccc2c(=O)oncc2c1
O=C(Nc1ccc2c(=O)oncc2c1)C(CCc1ccccc1)CC1=CCC1
O=C(Nc1ccc2c(=O)oncc2c1)C(CCc1ccccc1)CC1=CCCC1
O=C(Nc1ccc2c(=O)oncc2c1)C(CCc1ccccc1)CC1=CC=CC1
O=C(Nc1ccc2c(=O)oncc2c1)C(CCc1ccccc1)CC1=CC=CCC1
O=C(Nc1ccc2c(=O)oncc2c1)C(CCc1ccccc1)CC1=CC=CCC1
O=C(Nc1ccc2c(=O)oncc2c1)C(CCc1ccccc1)CC1=CCCC=C1
O=C(Nc1ccc2c(=O)oncc2c1)C(CCc1ccccc1)Cc1ccccc1
c1ccc(CCCCNc2cccc3ncccc23)cc1
c1ccc(OCCCNc2cccc3ncccc23)cc1
C1=CCCC(OCCCNc2cccc3ncccc23)=C1
C1=CCC(CCCNc2cccc3ncccc23)C=C1
C1=CC2CCCN(c3cccc4ncccc34)CC2C=C1
C1=CC2CCCN(c3cccc4ncccc34)CC2C=C1
C=C(c1cccnc1)N1CCCC2C=CC=CC2C1
C=C(c1cccnc1)N1CCCC2C=CC=CC2C1
C=C(c1cccnc1)N1CCCC2C=CC=CC2C1
C=C(c1ccccc1)N1CCCC2C=CC=CC2C1
C=C(c1ccccc1)N1CCCC2C=CC=CC2C1
C=C(c1ccccc1)N1CCOCC2C=CC=CC2C1
C=C(c1ccccc1)N1CCOC2C=CC=CC2C1
C=C(c1ccccc1)N1CCCOCC1
C=C(c1ccccc1)N1CCCCOCC1
C=C(c1ccccc1)N1CCCCOCC1
C=C(c1ccccc1)N1CCCCOCC1
C=C(c1ccccc1)N1CCCCOCC1
C=C(c1ccccc1)N1CCCCOCC1
C=C(c1ccccc1)N1CCCCOCC1
C=C(c1ccccc1)N1CCCCOCC1
C=C(c1ccccc1)N1CCCCOCC1
C=C(c1ccccc1)N1CCCCOCC1
C=C(c1ccccc1)N1CCCCOCC1
C=C(c1ccccc1)N1CCCCOCC1
C=C(OC1CC1=O)C1CCCN(C(=C)c2ccccc2)CCO1
C=C(OC1CC1=O)C1CCCN(C(=C)c2ccccc2)CCO1
C=C(OC1CC1=O)C1CCCN(C(=C)c2ccccc2)CCO1
C=C(OC1CC1=O)C1CCCN(C(=C)c2ccccc2)CCO1
C=C(OC1COC1=O)C1CCCN(C(=C)c2ccccc2)CCO1
C=C(OC1COC(=O)C1)C1CCCN(C(=C)c2ccccc2)CCO1
C=C(OC1COC(=O)C1)C1CCCN(C(=C)c2ccccc2)CCO1
C=C(OC1COC(=O)C1)C1CCCN(C(=C)c2ccccc2)CCO1
C=C(c1ccccc1)N1CCCC(C(=O)OC2COC(=O)C2)OCC1
C=C(c1ccccc1)N1CCCC(C(=O)OC2COC(=O)C2)OCC1
C=C(c1ccccc1)N1CCCC(C(=O)OC2COC(=O)C2)OCC1
C=C(c1ccccc1)N1CCCC(C(=O)OC2COC(=O)C2)OCC1
C=C(c1ccccc1)N1CCCC(C(=O)OC2COC(=O)C2)OCC1
O=C1CC(C=C(c2ccccc2)N2CCCCOCC2)CO1
O=C1CC(C=C(c2ccccc2)N2CCCCOCC2)CO1
O=C1CC(C=C(c2ccccc2)N2CCCCOCC2)CO1
O=C1CC(C=C(c2ccccc2)N2CCCCOCC2)CO1
O=C1CC(C=C(c2ccccc2)N2CCCCOCC2)CO1
O=C1CC(C=C(c2ccccc2)N2CCCCOCC2)CO1
O=C1CC(C=C(c2ccccc2)N2CCCCOCC2)CO1
O=C1CC(C=C(c2ccccc2)N2CCCCOCC2)CO1
O=C1CC(C=C(c2ccccc2)N2CCCCOCC2)CO1
O=C1CC(C=C(c2ccccc2)N2CCCCOCC2)CO1
O=C1CC(C=C(c2ccccc2)N2CCCCOCC2)CO1
O=C1CC(C=C(c2ccccc2)N2CCCCOCC2)CO1
O=C1CC(C=C(c2ccccc2)N2CCCCOCC2)CO1
O=C1CC(C=C(c2ccccc2)N2CCCCOCC2)CO1
O=C1CC(C=C(c2ccccc2)N2CCCCOCC2)CO1
O=C1CC(C=C(c2ccccc2)N2CCCCOCC2)CO1
O=C1CC(C=C(c2ccccc2)N2CCCCOCC2)CO1
O=C1CC(C=C(c2ccccc2)N2CCCCOCC2)CO1
O=C1CC(C=C(c2ccccc2)N2CCCCOCC2)CO1
O=C1CC(C=C(c2ccccc2)N2CCCCOCC2)CO1
O=C1CC(C=C(c2ccccc2)N2CCCCOCC2)CO1
O=C1CC(C=C(c2ccccc2)N2CCCCOCC2)CO1
O=C1CC(C=C(c2ccccc2)N2CCCCOCC2)CO1
O=C1CC(C=C(c2ccccc2)N2CCCCOCC2)CO1
O=C1CC(C=C(c2ccccc2)N2CCCCOCC2)CO1
O=C1CC(C=C(c2ccccc2)N2CCCCOCC2)CO1
O=C1CC(C=C(c2ccccc2)N2CCCCOCC2)CO1
O=C1CC(C=C(c2ccccc2)N2CCCCOCC2)CO1
O=C1CC(C=C(c2ccccc2)N2CCCCOCC2)CO1
O=C1CC(C=C(c2ccccc2)N2CCCCOCC2)CO1
O=C1CC(C=C(c2ccccc2)N2CCCCOCC2)CO1
O=C1CC(C=C(c2ccccc2)N2CCCCOCC2)CO1
O=C1CC(C=C(c2ccc(OC3CCCCCC3)cc2)N2CCCCOCC2)CO1
O=C1CC(C=C(c2ccc(C3CCCCCC3)cc2)N2CCCCOCC2)CO1
O=C1CC(C=C(c2ccc(C3CCCCCC3)cc2)N2CCCCOCC2)CO1
O=C1CC(C=C(c2ccc(C3CCCCC3)cc2)N2CCCCOCC2)CO1
O=C1CC(C=C(c2ccc(C3CCCC3)cc2)N2CCCCOCC2)CO1
O=C1CC(C=C(c2ccc(C3CCC3)cc2)N2CCCCOCC2)CO1
O=C1CC(C=C(c2ccc(C3CCC3)cc2)N2CCCCOCC2)CO1
O=C1CC(C=C(Oc2ccc(C3CCC3)cc2)N2CCCCOCC2)CO1
O=C1CC(C=C(Oc2ccc(C3CCC3)cc2)N2CCCCOCC2)CO1
O=C1CC(C=C(Oc2ccc(C3CCC3)cc2)N2CCCCOCC2)CO1
O=C1CC(C=C(Oc2ccc(C3CCC3)cc2)N2CCCCOCC2)CO1
O=C1CC(C=C(Oc2ccc(C3CC3)cc2)N2CCCCOCC2)CO1
O=C1CC(C=C(Oc2ccc(C3CC3)cc2)N2CCCCOCC2)CO1
O=C1CC(C=C(Oc2ccc(C3CC3)cc2)N2CCCCOCC2)CO1
O=C1CC(C=C(Oc2ccc(C3CC3)cc2)N2CCCCOCC2)CO1
O=C1CC(C=C(Oc2ccc(C3CC3)cc2)N2CCCCOCC2)CO1
O=C1CC(C=C(COc2ccc(C3CC3)cc2)N2CCCCOCC2)CO1
O=C1CC(C=C(COc2ccc(C3CC3)cc2)N2CCCCOCC2)CO1
O=C1CC(C=C(COc2ccc(C3CC3)cc2)N2CCCCOCC2)CO1
O=C1CC(C=C(COc2ccc(C3CC3)cc2)N2CCCCOCC2)CO1
O=C1CC(C=C(COc2ccc(C3CC3)cc2)N2CCCCOCC2)CO1
O=C1CC(C=C(COc2ccc(C3CC3)cc2)N2CCCCOCC2)CO1
O=C1CC(C=C(COc2ccc(C3CC3)cc2)N2CCCCOCC2)CO1
O=C1CC(C=CN2CCCC(C(=O)NCCCOc3ccc(C4CC4)cc3)OCC2)CO1
O=C1CC(C=CN2CCCC(C(=O)NCCCOc3ccc(C4CC4)cc3)OCC2)CO1
O=C1CC(C=CN2CCCC(C(=O)NCCOc3ccc(C4CC4)cc3)OCC2)CO1
O=C1CC(C=CN2CCCC(C(=O)NCCOc3ccc(C4CC4)cc3)OCC2)CO1
O=C1CC(C=CN2CCCC(C(=O)NCCOc3ccc(C4CC4)cc3)OCC2)CO1
O=C1CC(C=CN2CCCC(C(=O)NCCOc3ccc(C4CC4)cc3)OCC2)CO1
O=C1CC(C=CN2CCCC(C(=O)NCCOc3ccc(C4CC4)cc3)OCC2)CO1
O=C1CC(C=CN2CCCC(C(=O)NCCOc3ccc(C4CC4)cc3)OCC2)CO1
O=C1CC(C=CN2CCCC(C(=O)NCCOc3ccc(C4CC4)cc3)OCC2)CO1
O=C1CC(C=CN2CCCC(C(=O)NCCOc3ccc(C4CC4)cc3)OCC2)CO1
O=C1CC(C=CN2CCCC(C(=O)NCCOc3ccc(C4CC4)cc3)OCC2)CO1
O=C1CC(C=CN2CCCC(C(=O)NCCOc3ccc(C4CC4)cc3)OCC2)CO1
O=C1CC(C=CN2CCCC(C(=O)NCCOc3ccc(C4CC4)cc3)OCC2)CO1
O=C1CC(C=CN2CCCC(C(=O)NCCOc3ccc(C4CC4)cc3)OCC2)CO1
O=C1CC(C=CN2CCCC(C(=O)NCCOc3ccc(C4CC4)cc3)OCC2)CO1
O=C1CC(C=CN2CCCC(C(=O)NCCOc3ccc(C4CC4)cc3)OCC2)CO1
O=C1CC(C=CN2CCCC(C(=O)NCCOc3ccc(C4CC4)cc3)OCC2)CO1
O=C1CC(C=CN2CCCC(C(=O)NCCOc3ccc(C4CC4)cc3)OCC2)CO1
O=C1CC(C=CN2CCCC(C(=O)NCCOc3ccc(C4CC4)cc3)OCC2)CO1
O=C1CC(C=CN2CCCC(C(=O)NCCOc3ccc(C4CC4)cc3)OCC2)CO1
O=C1CC(C=CN2CCCC(C(=O)NCCOc3ccc(C4CCC4)cc3)OCC2)CO1
O=C1CC(C=CN2CCCC(C(=O)NCCOc3ccc(C4CCC4)cc3)OCC2)CO1
O=C1CC(C=CN2CCCC(C(=O)NCCOc3ccc(C4CCC4)cc3)OCC2)CO1
O=C1CC(C=CN2CCCC(C(=O)NCCOc3ccc(C4CCC4)cc3)OCC2)CO1
O=C1CC(C=CN2CCCC(C(=O)NCCOc3ccc(C4CCC4)cc3)OCC2)CO1
O=C1CC(C=CN2CCCC(C(=O)NCCOc3ccc(C4CCC4)cc3)OCC2)CO1
O=C1CC(C=CN2CCCC(C(=O)NCCOc3ccc(C4CCC4)cc3)OCC2)CO1
O=C1CC(C=CN2CCCC(C(=O)NCCOc3ccc(C4CCC4)cc3)OCC2)CO1
O=C1CC(C=CN2CCCC(C(=O)NCCOc3ccc(C4CCC4)cc3)OCC2)CO1
O=C1CC(C=CN2CCCC(C(=O)NCCOc3ccc(C4CC4)cc3)OCC2)CO1
O=C1CC(C=CN2CCCC(C(=O)NCCOc3ccc(C4CC4)cc3)OCC2)CO1
O=C1CC(C=CN2CCCC(C(=O)NCCOc3ccc(C4CC4)cc3)OCC2)CO1
O=C1CC(C=CN2CCCC(C(=O)NCCOc3ccc(C4CCC4)cc3)OCC2)CO1
O=C1CC(C=CN2CCCC(C(=O)NCCOc3ccc(C4CCC4)cc3)OCC2)CO1
O=C1CC(C=CN2CCCC(C(=O)NCCOc3ccc(C4CCC4)cc3)OCC2)CO1
O=C1CC(C=CN2CCCC(C(=O)NCCOc3ccc(C4CCC4)cc3)OCC2)CO1
O=C1CC(C=CN2CCCC(C(=O)NCCOc3ccc(C4CCC4)cc3)OCC2)CO1
O=C1CC(C=CN2CCCC(C(=O)NCCOc3ccc(C4CCC4)cc3)OCC2)CO1
O=C1CC(C=CN2CCCC(C(=O)NCCOc3ccc(C4CCC4)cc3)OCC2)CO1
O=C1CC(C=CN2CCCC(C(=O)NCCOc3ccc(C4CCC4)cc3)OCC2)CO1
O=C1CC(C=CN2CCCC(C(=O)NCCOc3ccc(C4CCC4)cc3)OCC2)CO1
O=C1CC(C=CN2CCCC(C(=O)NCCOc3ccc(C4CCC4)cc3)OCC2)CO1
O=C1CC(C=CN2CCCC(C(=O)NCCOc3ccc(C4CCC4)cc3)OCC2)CO1
O=C1CC(C=CN2CCCC(C(=O)NCCOc3ccc(C4CC4)cc3)OCC2)CO1
O=C1CC(C=CN2CCCC(C(=O)NCCOc3ccc(C4CC4)cc3)OCC2)CO1
O=C1CC(C=CN2CCCC(C(=O)NCCOc3ccc(C4CC4)cc3)OCC2)CO1
O=C1CC(C=CN2CCCC(C(=O)NCCOc3ccc(C4CC4)cc3)OCC2)CO1
O=C1CC(C=CN2CCCC(C(=O)NCCOc3ccc(C4CC4)cc3)OCC2)CO1
O=C1CC(C=CN2CCCC(C(=O)NCCOc3ccc(C4CC4)cc3)OCC2)CO1
O=C1CC(C=CN2CCCC(C(=O)NCCOc3ccc(C4CC4)cc3)OCC2)CO1
O=C1CC(C=CN2CCCC(C(=O)NCCOc3ccc(C4CC4)cc3)OCC2)CO1
O=C1CC(C=CN2CCCC(C(=O)NCCOc3ccc(C4CC4)cc3)OCC2)CO1
O=C1CC(C=CN2CCCC(C(=O)NCCOc3ccc(C4CC4)cc3)OCC2)CO1
O=C1CC(C=CN2CCCC(C(=O)NCCOc3ccc(C4CC4)cc3)OCC2)CO1
O=C1CC(C=CN2CCCC(C(=O)NCCOc3ccc(C4CC4)cc3)OCC2)CO1
O=C1CC(C=CN2CCCC(C(=O)NCCOc3ccc(C4CC4)cc3)OCC2)CO1
O=C1CC(C=CN2CCCC(C(=O)NCCOc3ccc(C4CC4)cc3)OCC2)CO1
O=C1CC(C=CN2CCCC(C(=O)NCCOc3ccc(C4CC4)cc3)OCC2)CO1
O=C1CC(C=C(C2CC2)N2CCCC(C(=O)NCCOc3ccc(C4CC4)cc3)OCC2)CO1
O=C1CC(C=C(C2CC2)N2CCCC(C(=O)NCCOc3ccc(C4CC4)cc3)OCC2)CO1
O=C1CC(C=C(C2CC2)N2CCCC(C(=O)NCCOc3ccc(C4CC4)cc3)OCC2)CO1
O=C1CC(C=C(N2CCCC(C(=O)NCCOc3ccc(C4CC4)cc3)OCC2)N2CC2)CO1
O=C1CC(C=C(N2CCCC(C(=O)NCCOc3ccc(C4CC4)cc3)OCC2)N2CC2)CO1
O=C1CC(C=C(N2CCCC(C(=O)NCCOc3ccc(C4CC4)cc3)OCC2)N2CC2)CO1
O=C1CC(C=CN2CCCC(C(=O)NCCOc3ccc(C4CC4)cc3)OCC2)CO1
O=C1CC(C=CN2CCCC(C(=O)NCCOc3ccc(C4CC4)cc3)OCC2)CO1
O=C1CC(C=CN2CCCC(C(=O)NCCOc3ccc(C4CC4)cc3)OCC2)CO1
O=C1CC(C=CN2CCCC(C(=O)NCCOc3ccc(C4CC4)cc3)OCC2)CO1
O=C1CC(C=CN2CCCC(C(=O)NCCOc3ccc(C4CC4)cc3)OCC2)CO1
O=C1CC(C=CN2CCCC(C(=O)NCOc3ccc(C4CC4)cc3)OCC2)CO1
O=C1CC(C=CN2CCCC(C(=O)NCOc3ccc(C4CC4)cc3)OCC2)CO1
O=C1CC(C=CN2CCCC(C(=O)NCOc3ccc(C4CC4)cc3)OCC2)CO1
O=C1CC(C=CN2CCCC(C(=O)NCOc3ccc(C4CC4)cc3)OCC2)CO1
O=C1CC(C=CN2CCCC(C(=O)NCOc3ccc(C4CC4)cc3)OCC2)CO1
O=C1CC(C=CN2CCCC(C(=O)NCOc3ccc(C4CC4)cc3)OCC2)CO1
O=C1CC(C=CN2CCCC(C(=O)NCOc3ccc(C4CC4)cc3)OCC2)CO1
O=C1CC(C=CN2CCCC(C(=O)NCOc3ccc(C4CC4)cc3)OCC2)CO1
O=C1CC(C=CN2CCCC(C(=O)NCOc3ccc(C4CC4)cc3)OCC2)CO1
O=C1CC(C=C=CN2CCCC(C(=O)NCOc3ccc(C4CC4)cc3)OCC2)CO1
O=C1CC(C=C=CN2CCCC(C(=O)NCOc3ccc(C4CC4)cc3)OCC2)CO1
O=C1CC(C=CN2CCCC(C(=O)NCOc3ccc(C4CC4)cc3)OCC2)CO1
O=C1CC(C=CN2CCCC(C(=O)NCOc3ccc(C4CC4)cc3)OCC2)CO1
O=C1CC(C=CN2CCCC(C(=O)NCOc3ccc(C4CC4)cc3)OCC2)CO1
O=C1CC(C=CN2CCCC(C(=O)NCOc3ccc(C4CC4)cc3)OCC2)CO1
O=C1CC(C=CN2CCCC(C(=O)NCOc3ccc(C4CC4)cc3)OCC2)CO1
O=C1CC(C=CN2CCCC(C(=O)NCOc3ccc(C4CC4)cc3)OCC2)CO1
O=C1CC(C=CN2CCCC(C(=O)NCOc3ccc(C4CC4)cc3)OCC2)CO1
O=C1CC(C=CN2CCCC(C(=O)NCOc3ccc(C4CC4)cc3)OCC2)CO1
O=C1CC(C=CN2CCCC(C(=O)NCOc3ccc(C4CC4)cc3)OCC2)CO1
O=C1CC(C=CN2CCCC(C(=O)NCOc3ccc(C4CC4)cc3)OCC2)CO1
O=C1CC(C=CN2CCCC(C(=O)NCOc3ccc(C4CC4)cc3)OCC2)CO1
O=C1CC(C=CN2CCCC(C(=O)NCOc3ccc(C4CC4)cc3)OCC2)CO1
O=C1CC(C=CN2CCCC(C(=O)NCOc3ccc(C4CC4)cc3)OCC2)CO1
O=C1CC(C=CN2CCCC(C(=O)NCOc3ccc(C4CC4)cc3)OCC2)CO1
O=C1CC(C=CN2CCCC(C(=O)NCOc3ccc(C4CC4)cc3)OCC2)CO1
O=C1CC(C=CN2CCCC(C(=O)NCOc3ccc(C4CC4)cc3)OCC2)CO1
O=C1CC(C=CN2CCCC(C(=O)NCOc3ccc(C4CC4)cc3)OCC2)CO1
O=C1CC(C=CN2CCCC(C(=O)NCOc3ccc(C4CC4)cc3)OCC2)CO1
O=C1CC(C=CN2CCCC(C(=O)NCOc3ccc(C4CC4)cc3)OCC2)CO1
O=C1CC(C=CN2CCCC(C(=O)NCOc3ccc(C4CC4)cc3)OCC2)CO1
O=C1CC(C=CN2CCCC(C(=O)NCOc3ccc(C4CC4)cc3)OCC2)CO1
O=C1CC(C=CN2CCCC(C(=O)NCOc3ccc(C4CC4)cc3)OCC2)CO1
O=C1CC(C=CN2CCCC(C(=O)NCOc3ccc(C4CC4)cc3)OCC2)CO1
O=C1CC(C=CN2CCCC(C(=O)NCOc3ccc(C4CC4)cc3)OCC2)CO1
O=C1CC(C=CN2CCCC(C(=O)NCOc3ccc(C4CC4)cc3)OCC2)CO1
O=C1CC(C=CN2CCCC(C(=O)NCOc3ccc(C4CC4)cc3)OCC2)CO1
O=C1CC(C=CN2CCCC(C(=O)NCOc3ccc(C4CC4)cc3)OCC2)CO1
O=C1CC(C=CN2CCCC(C(=O)NCOc3ccc(C4CC4)cc3)OCC2)CO1
O=C1CC(C=CN2CCCC(C(=O)NCOc3ccc(C4CC4)cc3)OCC2)CO1
O=C1CC(C=CN2CCCC(C(=O)NCOc3ccc(C4CC4)cc3)OCC2)CO1
O=C1CC(C=CN2CCCC(C(=O)NCOc3ccc(C4CC4)cc3)OCC2)CO1
O=C1CC(C=CN2CCCC(C(=O)NCOc3ccc(C4CC4)cc3)OCC2)CO1
O=C1CC(C=CN2CCCC(C(=O)NCOc3ccc(C4CC4)cc3)OCC2)CO1
O=C1CC(C=CN2CCCC(C(=O)NCOc3ccc(C4CC4)cc3)OCC2)CO1
O=C1CC(C=CN2CCCC(C(=O)NCOc3ccc(C4CC4)cc3)OCC2)CO1
O=C1CC(C=CN2CCCC(C(=O)NCOc3ccc(C4CC4)cc3)OCC2)CO1
O=C1CC(C=CN2CCCC(C(=O)NCOc3ccc(C4CC4)cc3)OCC2)CO1
O=C1CC(C=CN2CCCC(C(=O)NCOc3ccc(C4CC4)cc3)OCC2)CO1
O=C1CC(C=CN2CCCC(C(=O)NCOc3ccc(C4CC4)cc3)OCC2)CO1
O=C1CC(C=C=CN2CCCC(C(=O)NCOc3ccc(C4CC4)cc3)OCC2)CO1
C=C(CC(=O)N1CCCC(C(=O)NCOc2ccc(C3CC3)cc2)OCC1)C1COC(=O)C1
C=C(C(=O)N1CCCC(C(=O)NCOc2ccc(C3CC3)cc2)OCC1)C1COC(=O)C1
C=C(C(=O)N1CCCC(C(=O)NCOc2ccc(C3CC3)cc2)OCC1)C1COC(=O)C1
C=C(C(=O)N1CCCC(C(=O)NCOc2ccc(C3CC3)cc2)OCC1)C1COC(=O)C1
C=C(C(=O)N1CCCC(C(=O)NCOc2ccc(C3CC3)cc2)OCC1)C1COC(=O)C1
O=C1CC(CC(=O)N2CCCC(C(=O)NCOc3ccc(C4CC4)cc3)OCC2)CO1
O=C1CC(C(=O)N2CCCC(C(=O)NCOc3ccc(C4CC4)cc3)OCC2)CCO1
O=C1CC(C(=O)N2CCCC(C(=O)NCOc3ccc(C4CC4)cc3)OCC2)CCO1
O=C1CC(C(=O)N2CCCC(C(=O)NCOc3ccc(C4CC4)cc3)OCC2)CCO1
O=C1CC(C(=O)N2CCCC(C(=O)NCOc3ccc(C4CC4)cc3)OCC2)CO1
O=C1CC(C(=O)N2CCCC(C(=O)NCOOc3ccc(C4CC4)cc3)OCC2)CO1
O=C1CC(C(=O)N2CCCC(C(=O)NCOOc3ccc(C4CC4)cc3)OCC2)CO1
O=C1CC(C(=O)N2CCCC(C(=O)NCCOc3ccc(C4CC4)cc3)OCC2)CO1
O=C1CC(C(=O)N2CCCC(C(=O)NCCOc3ccc(C4CC4)cc3)OCC2)CO1
O=C1CC(C(=O)N2CCCC(C(=O)NCCOc3ccc(C4CC4)cc3)OC2)CO1
O=C1CC(C(=O)N2CCCC(C(=O)NCCOc3ccc(C4CC4)cc3)OC2)CO1
O=C1CC(C(=O)N2CCCC(C(=O)NCCOc3ccc(C4CC4)cc3)OC2)CO1
O=C1CC(C(=O)N2CCCC(C(=O)NCCOc3ccc(C4CC4)cc3)OC2)CO1
O=C1CC(C(=O)N2CCCC(C(=O)NCCOc3ccc(C4CC4)cc3)OC2)CO1
O=C1CC(C(=O)N2CCCC(C(=O)NCCOc3ccc(C4CC4)cc3)OCC2)CO1
O=C1CC(C(=O)N2CCCC(C(=O)NCCOc3ccc(C4CCC4)cc3)OCC2)CO1
O=C1CC(C(=O)N2CCCC(C(=O)NCCOc3ccc(C4CCC4)cc3)OCC2)CO1
O=C1CC(C(=O)N2CCCC(C(=O)NCCOc3ccc(C4CCC4)cc3)OCC2)CO1
O=C1CC(C(=O)N2CCCC(C(=O)NCCOc3ccc(C4CCC4)cc3)OCC2)CO1
O=C1CC(C(=O)N2CCCC(C(=O)NCCOc3ccc(C4CCC4)cc3)OCC2)CO1
O=C1CC(C(=O)N2CCCC(C(=O)NCCOc3ccc(C4CCC4)cc3)OCC2)CO1
O=C1CC(C(=O)N2CCCC(C(=O)NCCOc3ccc(C4CC4)cc3)OCC2)CO1
O=C1CC(C(=O)N2CCCC(C(=O)NCCOc3ccc(C4CC4)cc3)OCC2)CO1
O=C1CC(C(=O)N2CCCC(C(=O)NCCOc3ccc(C4CC4)cc3)OCC2)CO1
O=C1CC(C(=O)N2CCCC(C(=O)NCCOc3ccc(C4CC4)cc3)OCC2)CO1
O=C1CC(C(=O)N2CCCC(C(=O)NCCOc3ccc(C4CC4)cc3)OCC2)CO1
O=C1CC(C(=O)N2CCCC(C(=O)NCCOc3ccc(C4CC4)cc3)OCC2)CO1
O=C1CC(C(=O)N2CCCC(C(=O)NCC(Oc3ccc(C4CC4)cc3)C3=CO3)OCC2)CO1
O=C1CC(C(=O)N2CCCC(C(=O)NCC(Oc3ccc(C4CC4)cc3)C3=CO3)OCC2)CO1
O=C1CC(C(=O)N2CCCC(C(=O)NCC(Oc3ccc(C4CC4)cc3)C3=CC3)OCC2)CO1
O=C1CC(C(=O)N2CCCC(C(=O)NCC(Oc3ccc(C4CC4)cc3)C3=CC3)OCC2)CO1
O=C1CC(C(=O)N2CCCC(C(=O)NCC(Oc3ccc(C4CCC4)cc3)C3=CC3)OCC2)CO1
O=C1CC(C(=O)N2CCCC(C(=O)NCC(Oc3ccc(C4CCC4)cc3)C3=CCC3)OCC2)CO1
O=C1CC(C(=O)N2CCCC(C(=O)NCC(Oc3ccc(C4CCC4)cc3)C3=CCCC3)OCC2)CO1
O=C1CC(C(=O)N2CCCC(C(=O)NCC(Oc3ccc(C4CCC4)cc3)C3=CCCC3)OCC2)CO1
O=C1CC(C(=O)N2CCCC(C(=O)NCC(Oc3ccc(C4CCC4)cc3)C3=CCCC3)OCC2)CO1
O=C1CC(C(=O)N2CCCC(C(=O)NCC(Oc3ccc(C4CC4)cc3)C3=CCCC3)OCC2)CO1
O=C1CC(C(=O)N2CCCC(C(=O)NCC(Oc3ccc(C4CC4)cc3)C3=CCCC3)OCC2)CO1
O=C1CC(C(=O)N2CCCC(C(=O)NCC(Oc3ccc(C4CC4)cc3)C3=CCC3)OCC2)CO1
O=C1CC(C(=O)N2CCCC(C(=O)NCC(Oc3ccc(C4CC4)cc3)C3=CC4CC34)OCC2)CO1
O=C1CC(C(=O)N2CCCC(C(=O)NCC(Oc3ccc(C4CC4)cc3)C3=CC4CC34)OCC2)CO1
O=C1CC(C(=O)N2CCCC(C(=O)NCC(Oc3ccc(C4CC4)cc3)C3=CC4CC34)OCC2)CO1
O=C1CC(C(=O)N2CCCC(C(=O)NCC(Oc3ccc(C4CC4)cc3)C3=CCC3)OCC2)CO1
O=C1CC(C(=O)N2CCCC(C(=O)NCC(Oc3ccc(C4CC4)cc3)C3=CCCC3)OCC2)CO1
O=C1CC(C(=O)N2CCCC(C(=O)NCC(Oc3ccc(C4CC4)cc3)C3=CCCC3)OCC2)CO1
O=C1CC(C(=O)N2CCCC(C(=O)NCC(Oc3ccc(C4CC4)cc3)C3=CC=CC3)OCC2)CO1
O=C1CC(C(=O)N2CCCC(C(=O)NCC(Oc3ccc(C4CC4)cc3)C3=CC=CCC3)OCC2)CO1
O=C1CC(C(=O)N2CCCC(C(=O)NCC(Oc3ccc(C4CC4)cc3)c3ccccc3)OCC2)CO1
O=C1CC(C(=O)N2CCCC(C(=O)NCC(Oc3ccc(C4CC4)cc3)c3ccccc3)OC2)CO1
O=C1CC(C(=O)N2CCCC(C(=O)NCC(Oc3ccc(C4CC4)cc3)c3ccccc3)OC2)CO1
O=C1CC(C(=O)N2CCCC(C(=O)NCC(Oc3ccc(C4CC4)cc3)c3ccccc3)OCC2)CO1
O=C1CC(C(=O)N2CCCC(C(=O)NCC(Oc3ccc(C4CCC4)cc3)c3ccccc3)OCC2)CO1
O=C1CC(C(=O)N2CCCC(C(=O)NCC(Oc3ccc(C4CCC4)cc3)c3ccccc3)OCC2)CO1
O=C1CC(C(=O)N2CCCC(C(=O)NCC(Oc3ccc(C4CCC4)cc3)c3ccccc3)OCC2)CO1
O=C1CC(C(=O)N2CCCC(C(=O)NCC(Oc3ccc(C4CC4)cc3)c3ccccc3)OCC2)CO1
O=C1CC(C(=O)N2CCCC(C(=O)NCC(Oc3ccc(C4CC4)cc3)c3ccccc3)OCC2)CO1
O=C1CC(C(=O)N2CCCC(C(=O)NCC(Oc3ccc(C4CC4)cc3)c3ccccc3)OCC2)CO1
O=C1CC(C(=O)N2CCCC(C(=O)NCC(Oc3ccc(C4CC4)cc3)c3ccccc3)OCC2)CO1
O=C1CC(C(=O)N2CCCC(C(=O)NCC(Oc3ccc(C4CC4)cc3)c3ccccc3)OCC2)CO1
O=C1CC(C(=O)N2CCCC(C(=O)NCC(Oc3ccc(C4CC4)cc3)c3ccccc3)OCC2)CO1
O=C1CC(C(=O)N2CCCC(C(=O)NCC(Oc3ccc(C4CC4)cc3)c3ccccc3)OCC2)CO1
O=C1CC(C(=O)N2CCCC(C(=O)NCC(Oc3ccc(C4CC4)cc3)c3ccccc3)OCC2)CO1
O=C1CC(C(=O)N2CCCC(C(=O)NCC(Oc3ccc(C4CC4)cc3)c3ccccc3)OCC2)CO1
O=C1CC(C(=O)N2CCCC(C(=O)NCC(Oc3ccc(C4CC4)cc3)c3ccccc3)OCC2)CO1
O=C1CC(C(=O)N2CCCC(C(=O)NCC(Oc3ccc(C4CC4)cc3)c3ccccc3)OCC2)CO1
O=C1CC(C(=O)N2CCCC(C(=O)NCC(Oc3ccc(C4CC4)cc3)c3ccccc3)OCC2)CO1
O=C1CC(C(=O)N2CCCC(C(=O)NCC(Oc3ccc(C4CC4)cc3)c3ccccc3)OCC2)CO1
O=C1CC(C(=O)N2CCCC(C(=O)NCC(Oc3ccc(C4CC4)cc3)c3ccccc3)OCC2)CO1
O=C1CC(C(=O)N2CCCC(C(=O)NCC(Oc3ccc(C4CC4)cc3)c3ccccc3)OCC2)CO1
O=C1CC(C(=O)N2CCCC(C(=O)NCC(Oc3ccc(C4CC4)cc3)c3ccccc3)OCC2)CO1
O=C1CC(C(=O)N2CCCC(C(=O)NCC(Oc3ccc(C4CC4)cc3)c3ccccc3)OCC2)CO1
O=C1CC(C(=O)N2CCCC(C(=O)NCC(Oc3ccc(C4CC4)cc3)c3ccccc3)OCC2)CO1
O=C1CC(C(=O)N2CCCC(C(=O)NCC(Oc3ccc(C4CC4)cc3)c3ccccc3)OCC2)CO1
O=C1CC(C(=O)N2CCCC(C(=O)NCC(Oc3ccc(C4CC4)cc3)c3ccccc3)OCC2)CO1
O=C1CC(C(=O)N2CCCC(C(=O)NCC(Oc3ccc(C4CC4)cc3)c3ccccc3)OCC2)CO1
O=C1CC(C(=O)N2CCCC(C(=O)NCC(Oc3ccc(C4CC4)cc3)c3ccccc3)OCC2)CO1
O=C1CC(C(=O)N2CCCC(C(=O)NCC(Oc3ccc(C4CC4)cc3)c3ccccc3)OCC2)CO1
O=C1CC(C(=O)N2CCCC(C(=O)NCC(Oc3ccc(C4CC4)cc3)c3ccccc3)OCC2)CO1
O=C1CC(C(=O)N2CCCC(C(=O)NCC(Oc3ccc(C4CC4)cc3)c3ccccc3)OCC2)CO1
O=C1CC(C(=O)N2CCCC(C(=O)NCC(Oc3ccc(C4CC4)cc3)c3ccccc3)OCC2)CO1
O=C1CC(C(=O)N2CCCC(C(=O)NCC(Oc3ccc(C4CC4)cc3)c3ccc(C(=O)OCC4CC4)cc3)OCC2)CO1
O=C1CC(C(=O)N2CCCC(C(=O)NCC(Oc3ccc(C4CCC4)cc3)c3ccc(C(=O)OCC4CC4)cc3)OCC2)CO1
O=C1CC(C(=O)N2CCCC(C(=O)NCC(Oc3ccc(C4CCC4)cc3)c3ccc(C(=O)OCC4CC4)cc3)OCC2)CO1
O=C1CC(C(=O)N2CCCC(C(=O)NCC(Oc3ccc(C4CCC4)cc3)c3ccccc3)OCC2)CO1
O=C1CC(C(=O)N2CCCC(C(=O)NCC(Oc3ccc(C4CCCC4)cc3)c3ccccc3)OCC2)CO1
O=C1CC(C(=O)N2CCCC(C(=O)NCC(Oc3ccc(C4CCCC4)cc3)c3ccccc3)OCC2)CO1
O=C1CC(C(=O)N2CCCC(C(=O)NCC(Oc3ccc(C4CCCC4)cc3)c3ccccc3)OCC2)CO1
O=C1CC(C(=O)N2CCCC(C(=O)NCC(Oc3ccc(C4CCC4)cc3)c3ccccc3)OCC2)CO1
O=C1CC(C(=O)N2CCCC(C(=O)NCC(Oc3ccc(C4CCC4)cc3)c3ccccc3)OCC2)CO1
O=C1CC(C(=O)N2CCCC(C(=O)NCC(Oc3ccc(C4CCC4)cc3)c3ccccc3)OCC2)CO1
O=C1CC(C(=O)N2CCCC(C(=O)NCC(Oc3ccc(C4CC4)cc3)c3ccccc3)OCC2)CO1
O=C1CC(C(=O)N2CCCC(C(=O)NCC(Oc3ccc(C4CC4)cc3)c3ccccc3)OCC2)CO1
O=C1CC(C(=O)N2CCCC(C(=O)NCC(Oc3ccc(C4CC4)cc3)c3ccccc3)OCC2)CO1
O=C1CC(C(=O)N2CCCC(C(=O)NCC(Oc3ccc(C4CC4)cc3)c3ccccc3)OCC2)CO1
O=C1CC(C(=O)N2CCCC(C(=O)NCC(Oc3ccc(C4CC4)cc3)c3ccccc3)OCC2)CO1
O=C1CC(C(=O)N2CCCC(C(=O)NCC(Oc3ccc(C4CC4)cc3)c3ccccc3)OCC2)CO1
O=C1CC(C(=O)N2CCCC(C(=O)NCC(Oc3ccc(C4CC4)cc3)c3ccccc3)OCC2)CO1
O=C1CC(C(=O)N2CCCC(C(=O)NCC(Oc3ccc(C4CC4)cc3)c3ccccc3)OCC2)CO1
O=C1CC(C(=O)N2CCCC(C(=O)NCC(Oc3ccc(C4CC4)cc3)c3ccccc3)OCC2)CO1
O=C1CC(C(=O)N2CCCC(C(=O)NCC(Oc3ccc(C4CC4)cc3)c3ccccc3)OCC2)CO1
O=C1CC(C(=O)N2CCCCOC(C(=O)NCC(Oc3ccc(C4CC4)cc3)c3ccccc3)C2)CO1
O=C1CC(C(=O)N2CCCCOC(C(=O)NCC(Oc3ccc(C4CC4)cc3)c3ccccc3)C2)CO1
O=C1CC(C(=O)N2CCCCOC(C(=O)NCC(Oc3ccc(C4CCC4)cc3)c3ccccc3)C2)CO1
O=C1CC(C(=O)N2CCCCOC(C(=O)NCC(Oc3ccc(C4CCC4)cc3)c3ccccc3)C2)CO1
O=C1CC(C(=O)N2CCCCOC(C(=O)NCC(Oc3ccc(C4CCC4)cc3)c3ccccc3)C2)CO1
O=C1CC(C(=O)N2CCCCOC(C(=O)NCC(Oc3ccc(C4CCC4)cc3)c3ccccc3)C2)CO1
O=C1CC(C(=O)N2CCCCOC(C(=O)NCC(Oc3ccc(C4CCC4)cc3)c3ccccc3)C2)CO1
O=C1CC(C(=O)N2CCCCOC(C(=O)NCC(Oc3ccc(C4CCC4)cc3)c3ccccc3)C2)CO1
O=C1CC(C(=O)N2CCCCOC(C(=O)NCC(Oc3ccc(C4CCC4)cc3)c3ccccc3)C2)CO1
O=C1CC(C(=O)N2CCCOC(C(=O)NCC(Oc3ccc(C4CCC4)cc3)c3ccccc3)C2)CO1
O=C1CC(C(=O)N2CCCOC(C(=O)NCC(Oc3ccc(C4CCC4)cc3)c3ccccc3)C2)CO1
O=C1CC(C(=O)N2CCCOC(C(=O)NCC(Oc3ccc(C4CCC4)cc3)c3ccccc3)C2)CO1
O=C1CC(C(=O)N2CCCOC(C(=O)NCC(Oc3ccc(C4CCC4)cc3)c3ccccc3)C2)CO1
O=C1CC(C(=O)N2CCCOC(C(=O)NCC(Oc3ccc(C4CCC4)cc3)c3ccccc3)C2)CO1
O=C1CC(C(=O)N2CCCOC(C(=O)NCC(Oc3ccc(C4CC4)cc3)c3ccccc3)C2)CO1
O=C1CC(C(=O)N2CCCOC(C(=O)NCC(Oc3ccc(C4CC4)cc3)c3ccccc3)C2)CO1
O=C1CC(C(=O)N2CCCCOC(C(=O)NCC(Oc3ccc(C4CC4)cc3)c3ccccc3)C2)CO1
O=C1CC(C(=O)N2CCCCOC(C(=O)NCC(Oc3ccc(C4CC4)cc3)c3ccccc3)C2)CO1
O=C1CC(C(=O)N2CCCOC(C(=O)NCC(Oc3ccc(C4CC4)cc3)c3ccccc3)C2)CO1
O=C1CC(C(=O)N2CCCOC(C(=O)NCC(Oc3ccc(C4CC4)cc3)c3ccccc3)CC2)CO1
O=C1CC(C(=O)N2CCCOC(C(=O)NCC(Oc3ccc(C4CC4)cc3)c3ccccc3)CC2)CO1
O=C1CC(C(=O)N2CCCOC(C(=O)NCC(Oc3ccc(C4CC4)cc3)c3ccccc3)CC2)CO1
O=C1CC(C(=O)N2CCCOC(C(=O)NCC(Oc3ccc(C4CC4)cc3)c3ccccc3)CC2)CO1
O=C1CC(C(=O)N2CCCOC(C(=O)NCC(Oc3ccc(C4CC4)cc3)c3ccccc3)CC2)CO1
O=C1CC(C(=O)N2CCCOC(C(=O)NCC(Oc3ccc(C4CC4)cc3)c3ccccc3)C2)CO1
O=C1CC(C(=O)N2CCCOC(C(=O)NCC(Oc3ccc(C4CC4)cc3)c3ccc(C(=O)OCC4CCCCO4)cc3)C2)CO1
O=C1CC(C(=O)N2CCCOC(C(=O)NCC(Oc3ccc(C4CCC4)cc3)c3ccc(C(=O)OCC4CCCCO4)cc3)C2)CO1
O=C1CC(C(=O)N2CCCOC(C(=O)NCC(Oc3ccc(C4CCC4)cc3)c3ccc(C(=O)OCC4CCCCC4)cc3)C2)CO1
O=C1CC(C(=O)N2CCCOC(C(=O)NCC(Oc3ccc(C4CC4)cc3)c3ccc(C(=O)OCC4CCCCC4)cc3)C2)CO1
O=C1CC(C(=O)N2CCCOC(C(=O)NCC(Oc3ccc(C4CC4)cc3)c3ccc(C(=O)OCC4CCCCC4)cc3)CC2)CO1
O=C1CC(C(=O)N2CCCOC(C(=O)NCC(Oc3ccc(C4CC4)cc3)c3ccc(C(=O)OCC4CCCC4)cc3)CC2)CO1
O=C1CC(C(=O)N2CCCOC(C(=O)NCC(Oc3ccc(C4CC4)cc3)c3ccc(C(=O)OCC4CCC4)cc3)CC2)CO1
O=C1CC(C(=O)N2CCCOC(C(=O)NCC(Oc3ccc(C4CC4)cc3)c3ccc(C(=O)OCC4CCCO4)cc3)CC2)CO1
O=C1CC(C(=O)N2CCCOC(C(=O)NCC(Oc3ccc(C4CC4)cc3)c3ccc(C(=O)OCC4CCO4)cc3)CC2)CO1
O=C1CC(C(=O)N2CCCOC(C(=O)NCC(Oc3ccc(C4CC4)cc3)c3ccccc3)CC2)CO1
O=C1CC(C(=O)N2CCCOC(C(=O)NCC(Oc3ccc(C4CC4)cc3)c3ccccc3)CC2)CO1
O=C1CC(C(=O)N2CCCOC(C(=O)NCC(Oc3ccc(C4CC4)cc3)c3ccccc3)C2)CO1
O=C1CC(C(=O)N2CCCOC(C(=O)NCC(Oc3ccc(C4CC4)cc3)c3ccccc3)C2)CO1
O=C1CC(C(=O)N2CCCOC(C(=O)NCC(Oc3ccc(C4CC4)cc3)c3ccccc3)C2)CO1
O=C1CC(C(=O)N2CCCOC(C(=O)NCC(Oc3ccc(C4CC4)cc3)c3ccccc3)C2)CO1
O=C1CC(C(=O)N2CCCOC(C(=O)NCC(Oc3ccc(C4CC4)cc3)c3ccccc3)C2)CO1
O=C1CC(C(=O)N2CCCOC(C(=O)NCC(Oc3ccc(C4CC4)cc3)c3ccccc3)C2)CO1
O=C1CC(C(=O)N2CCCOC(C(=O)NCC(Oc3ccc(C4CC4)cc3)c3ccc(C(=O)OCC4CCO4)cc3)C2)CO1
O=C1CC(C(=O)N2CCOC(C(=O)NCC(Oc3ccc(C4CC4)cc3)c3ccc(C(=O)OCC4CCO4)cc3)C2)CO1
O=C1CC(C(=O)N2CCOC(C(=O)NCC(Oc3ccc(C4CC4)cc3)c3ccc(C(=O)OC4CCO4)cc3)C2)CO1
O=C1CC(C(=O)N2CCCC(C(=O)NCC(Oc3ccc(C4CC4)cc3)c3ccc(C(=O)OC4CCO4)cc3)C2)CO1
O=C1CC(C(=O)N2CCCCC(C(=O)NCC(Oc3ccc(C4CC4)cc3)c3ccc(C(=O)OC4CCO4)cc3)C2)CO1
O=C1CC(C(=O)N2CCCCCC(C(=O)NCC(Oc3ccc(C4CC4)cc3)c3ccc(C(=O)OC4CCO4)cc3)C2)CO1
O=C1CC(C(=O)N2CCCCCC(C(=O)NCC(Oc3ccc(C4CC4)cc3)c3ccc(C(=O)OC4CCOC4)cc3)C2)CO1
O=C1CC(C(=O)N2CCCCCC(C(=O)NCC(Oc3ccc(C4CC4)cc3)c3ccc(C(=O)OC4CCCC4)cc3)C2)CO1
O=C1CC(C(=O)N2CCCCC(C(=O)NCC(Oc3ccc(C4CC4)cc3)c3ccc(C(=O)OC4CCCC4)cc3)C2)CO1
O=C1CC(C(=O)N2CCCCC(C(=O)NCC(Oc3ccc(C4CCC4)cc3)c3ccc(C(=O)OC4CCCC4)cc3)C2)CO1
O=C1CC(C(=O)N2CCCCC(C(=O)NCC(Oc3ccc(C4CCC4)cc3)c3ccc(C(=O)OC4CCCC4)cc3)C2)CO1
O=C1CC(C(=O)N2CCCCC(C(=O)NCC(Oc3ccc(C4CCC4)cc3)c3ccc(C(=O)OC4CCCCC4)cc3)C2)CO1
O=C1CC(C(=O)N2CCCCC(C(=O)NCC(Oc3ccc(C4CCC4)cc3)c3ccc(C(=O)OC4CCCCC4)cc3)C2)CO1
O=C1CC(C(=O)N2CCCCC(C(=O)NCC(Oc3ccc(C4CCC4)cc3)c3ccc(C(=O)OC4CCCCC4)cc3)C2)CO1
O=C1CC(C(=O)N2CCCCCC(C(=O)NCC(Oc3ccc(C4CCC4)cc3)c3ccc(C(=O)OC4CCCCC4)cc3)C2)CO1
O=C1CC(C(=O)N2CCCCCC(C(=O)NCC(Oc3ccc(C4CCC4)cc3)c3ccc(C(=O)OC4CCCCC4)cc3)C2)CO1
O=C1CC(C(=O)N2CCCCCC(C(=O)NCC(Oc3ccc(C4CCC4)cc3)c3ccc(C(=O)OC4CCCOCC4)cc3)C2)CO1
O=C1CC(C(=O)N2CCCCCC(C(=O)NCC(Oc3ccc(C4CCC4)cc3)c3ccc(C(=O)OC4CCCOCCC4)cc3)C2)CO1
O=C1CC(C(=O)N2CCCCC(C(=O)NCC(Oc3ccc(C4CCC4)cc3)c3ccc(C(=O)OC4CCCOCCC4)cc3)C2)CO1
O=C1CC(C(=O)N2CCCCC(C(=O)NCC(Oc3ccc(C4CCC4)cc3)c3ccc(C(=O)OC4CCCOCCC4)cc3)CC2)CO1
O=C1CC(C(=O)N2CCCCC(C(=O)NCC(Oc3ccc(C4CCCC4)cc3)c3ccc(C(=O)OC4CCCOCCC4)cc3)CC2)CO1
O=C1CC(C(=O)N2CCCCC(C(=O)NCC(Oc3ccc(C4CCCC4)cc3)c3ccc(C(=O)OC4CCCOCC4)cc3)CC2)CO1
O=C1CC(C(=O)N2CCCC(C(=O)NCC(Oc3ccc(C4CCCC4)cc3)c3ccc(C(=O)OC4CCCOCC4)cc3)CC2)CO1
O=C1CC(C(=O)N2CCCC(C(=O)NCC(Oc3ccc(C4CCC4)cc3)c3ccc(C(=O)OC4CCCOCC4)cc3)CC2)CO1
O=C1CC(C(=O)N2CCC(C(=O)NCC(Oc3ccc(C4CCC4)cc3)c3ccc(C(=O)OC4CCCOCC4)cc3)CC2)CO1
O=C1CC(C(=O)N2CCC(C(=O)NCC(Oc3ccc(C4CCC4)cc3)c3ccc(C(=O)OC4CCCOC4)cc3)CC2)CO1
O=C1CC(C(=O)N2CCCC(C(=O)NCC(Oc3ccc(C4CCC4)cc3)c3ccc(C(=O)OC4CCCOC4)cc3)CC2)CO1
O=C1CC(C(=O)N2CCCC(C(=O)NCC(Oc3ccc(C4CCC4)cc3)c3ccc(C(=O)OC4CCCCOC4)cc3)CC2)CO1
O=C1CC(C(=O)N2CCCC(C(=O)NCC(Oc3ccc(C4CC4)cc3)c3ccc(C(=O)OC4CCCCOC4)cc3)CC2)CO1
O=C1CC(C(=O)N2CCCC(C(=O)NCC(Oc3ccc(C4CC4)cc3)c3ccc(C(=O)OC4CCCCNC4)cc3)CC2)CO1
O=C1CC(C(=O)N2CCCC(C(=O)NCC(Oc3ccc(C4CC4)cc3)c3ccc(C(=O)OC4CCCCNC4)cc3)C2)CO1
O=C1CC(C(=O)N2CCCCC(OC(=O)c3ccc(C(CNC(=O)C4CCCNC4)Oc4ccc(C5CC5)cc4)cc3)C2)CO1
O=C1CC(C(=O)N2CCCC(OC(=O)c3ccc(C(CNC(=O)C4CCCNC4)Oc4ccc(C5CC5)cc4)cc3)C2)CO1
O=C1CC(C(=O)N2CCCC(OC(=O)c3ccc(C(CNC(=O)C4CCNC4)Oc4ccc(C5CC5)cc4)cc3)C2)CO1
O=C1CC(C(=O)N2CCCC(OC(=O)c3ccc(C(CNC(=O)C4CCN4)Oc4ccc(C5CC5)cc4)cc3)C2)CO1
O=C1CC(C(=O)N2CCCC(OC(=O)c3ccc(C(CNC(=O)C4CCN4)Oc4ccc(C5CCC5)cc4)cc3)C2)CO1
O=C1CC(C(=O)N2CCCC(OC(=O)c3ccc(C(CNC(=O)C4CCC4)Oc4ccc(C5CCC5)cc4)cc3)C2)CO1
O=C1CC(C(=O)N2CCCC(OC(=O)c3ccc(C(CNC(=O)C4CCC4)Oc4ccccc4)cc3)C2)CO1
O=C1CC(C(=O)N2CCCC(OC(=O)c3ccc(C(CNC(=O)C4CCO4)Oc4ccccc4)cc3)C2)CO1
O=C1CC(C(=O)N2CCCC(OC(=O)c3ccc(C(CNC(=O)C4CCCO4)Oc4ccccc4)cc3)C2)CO1
O=C1CC(C(=O)N2CCCC(OC(=O)c3ccc(C(CNC(=O)C4CCCO4)Oc4ccccc4)cc3)C2)CO1
O=C1CC(C(=O)N2CCCCC(OC(=O)c3ccc(C(CNC(=O)C4CCCO4)Oc4ccccc4)cc3)C2)CO1
O=C1CC(C(=O)N2CCCCCC(OC(=O)c3ccc(C(CNC(=O)C4CCCO4)Oc4ccccc4)cc3)C2)CO1
O=C1CC(C(=O)N2CCCCCC(OC(=O)c3ccc(C(CNC(=O)C4CCCO4)Oc4ccccc4)cc3)C2)CO1
O=C1CC(C(=O)N2CCCCCC(OC(=O)c3ccc(C(CNC(=O)C4CCCCO4)Oc4ccccc4)cc3)C2)CO1
O=C1CC(C(=O)N2CCCCCC(OC(=O)c3ccc(C(CNC(=O)C4CCCCO4)Oc4ccccc4)cc3)C2)CO1
O=C1CC(C(=O)N2CCCCCC(OC(=O)c3ccc(C(CNC(=O)C4CCCCO4)Oc4ccccc4)cc3)C2)CO1
O=C1CC(C(=O)N2CCCCCC(OC(=O)c3ccc(C(CNC(=O)C4CCCCO4)Oc4ccccc4)cc3)C2)CO1
O=C1CC(C(=O)N2CCCCCC(OC(=O)c3ccc(C(CNC(=O)C4CCCO4)Oc4ccccc4)cc3)C2)CO1
O=C1CC(C(=O)N2CCCCCC(OC(=O)c3ccc(C(CNC(=O)C4CCCO4)Oc4ccccc4)cc3)C2)CO1
O=C1CC(C(=O)N2CCCCCC(OC(=O)c3ccc(C(CNC(=O)C4CCCO4)Oc4ccccc4)cc3)C2)CO1
O=C1CC(C(=O)N2CCCCCC(OC(=O)c3ccc(C(CNC(=O)C4CCCO4)Oc4ccccc4)cc3)C2)CO1
O=C1CC(C(=O)N2CCCCCC(OC(=O)c3ccc(C(CNC(=O)C4CCCCO4)Oc4ccccc4)cc3)C2)CO1
O=C1CC(C(=O)N2CCCCC(OC(=O)c3ccc(C(CNC(=O)C4CCCCO4)Oc4ccccc4)cc3)C2)CO1
O=C1CC(C(=O)N2CCCCC(OC(=O)c3ccc(C(CNC(=O)C4CCCCO4)Oc4ccccc4)cc3)C2)CO1
O=C1CC(C(=O)N2CCCCC(OC(=O)c3ccc(OC(CNC(=O)C4CCCCO4)c4ccccc4)cc3)C2)CO1
O=C1CC(C(=O)N2CCCCCC(OC(=O)c3ccc(OC(CNC(=O)C4CCCCO4)c4ccccc4)cc3)C2)CO1
O=C1CC(C(=O)N2CCCCCC(OC(=O)c3ccc(OC(CNC(=O)C4CCCCO4)c4ccccc4)cc3)C2)CO1
O=C1CC(C(=O)N2CCCCCC(OC(=O)c3ccc(OC(CNC(=O)C4CCCCO4)c4ccccc4)cc3)C2)CO1
O=C1CC(C(=O)N2CCCCCC(OC(=O)c3ccc(OC(CNC(=O)C4CCCCO4)c4ccccc4)cc3)C2)CO1
O=C1CC(C(=O)N2CCCCCC(OC(=O)c3ccc(OC(CNC(=O)C4CCCO4)c4ccccc4)cc3)C2)CO1
O=C1CC(C(=O)N2CCCCCC(OC(=O)c3ccc(OC(CNC(=O)C4CCCO4)c4ccccc4)cc3)C2)CO1
O=C1CC(C(=O)N2CCCCCC(OC(=O)c3ccc(OC(CNC(=O)C4CCCO4)c4ccccc4)cc3)C2)CO1
O=C1CC(C(=O)N2CCCCCC(OC(=O)c3ccc(OC(CNC(=O)C4CCCO4)c4ccccc4)cc3)C2)CO1
O=C1CC(C(=O)N2CCCCC(OC(=O)c3ccc(OC(CNC(=O)C4CCCO4)c4ccccc4)cc3)C2)CO1
O=C1CC(C(=O)N2CCCCC(OC(=O)c3ccc(OC(CNC(=O)C4CCCO4)c4ccc(C5CCO5)cc4)cc3)C2)CO1
O=C1CC(C(=O)N2CCCC(OC(=O)c3ccc(OC(CNC(=O)C4CCCO4)c4ccc(C5CCO5)cc4)cc3)C2)CO1
O=C1CC(C(=O)N2CCCC(OC(=O)c3ccc(OC(CNC(=O)C4CCCO4)c4ccc(C5CO5)cc4)cc3)C2)CO1
O=C1CC(C(=O)N2CCCC(OC(=O)c3ccc(OC(CNC(=O)C4CCCCO4)c4ccc(C5CO5)cc4)cc3)C2)CO1
O=C1CC(C(=O)N2CCCC(OC(=O)c3ccc(OC(CNC(=O)C4CCCCO4)c4ccc(C5CC5)cc4)cc3)C2)CO1
O=C1CC(C(=O)N2CCCC(OC(=O)c3ccc(OC(CNC(=O)C4CCCO4)c4ccc(C5CC5)cc4)cc3)C2)CO1
c1ccc(CCCCNc2cccc3ncccc23)cc1
c1ccc(CCCCNc2cccc3ncccc23)cc1
c1ccc(CCCCNc2cccc3ncccc23)cc1
c1ccc(CCCNc2cccc3ncccc23)cc1
c1ccc(C2CCNc3cccc4nccc(c34)C2)cc1
c1ccc(C2CCNc3cccc4nccc(c34)C2)cc1
c1ccc(C2CCNc3cccc4cccc(c34)C2)cc1
c1ccc(C2CCNc3cccc4cccc(c34)C2)cc1
c1ccc(C2CCCc3cccc4cccc(c34)C2)cc1
c1ccc(C2CCCCc3ccccc3C2)cc1
c1ccc(C2CCCCc3ccccc3C2)cc1
c1ccc(C2CCCCc3ccccc3C2)cc1
c1ccc(C2CCCCc3ccccc3C2)cc1
c1ccc(C2CCCCc3ccccc3C2)cc1
C1=CC2=C(CC1)CCCCC(c1ccccc1)C2
C1=CC2=C(CC1)CCCCC(c1ccccc1)C2
C1=CC2=C(C1)CCCCC(c1ccccc1)C2
C1=NCCC2=C1CC(c1ccccc1)CCCC2
C1=NCCC2=C1CC(c1ccccc1)CCCC2
C1=NCCC2=C1CC(c1ccccc1)CCCC2
C1=NCCC2=C1CC(c1ccccc1)CCCC2
C1=NCCC2=C1CC(c1ccccc1)CCCC2
C1=NCCC2=C1CC(c1ccccc1)CCCC2
C1=NCC2=C1CC(c1ccccc1)CCCC2
c1ccc(C2CCCCc3[nH]ncc3C2)cc1
c1ccc(C2CCCCc3[nH]ncc3C2)cc1
c1ccc(C2CCCCc3[nH]ncc3C2)cc1
c1ccc(C2CCCCc3[nH]ncc3C2)cc1
c1ccc(C2CCCCc3[nH]ncc3C2)cc1
c1ccc(C2CCCCc3[nH]ncc3C2)cc1
c1ccc(C2CCCCc3[nH]ncc3C2)cc1
c1ccc(C2CCCCc3c(cnn3C3CC3)C2)cc1
C1=C(n2ncc3c2CCCCC(c2ccccc2)C3)C1
C1=C(n2ncc3c2CCCCC(c2ccccc2)C3)C1
C1=C(n2ncc3c2CCCCC(c2ccccc2)C3)C1
C1=C(n2ncc3c2CCCCC(c2ccccc2)C3)C1
C1=C(n2ncc3c2CCCCC(c2ccccc2)C3)CC1
C1=CC(n2ncc3c2CCCCC(c2ccccc2)C3)=C1
C1=CC(n2ncc3c2CCCCC(c2ccccc2)C3)=C1
C1=CC(n2ncc3c2CCCCC(c2ccccc2)C3)=C1
C1=CC(n2ncc3c2CCCCC(c2ccccc2)C3)=C1
C1=CC(n2ncc3c2CCCCC(c2ccccc2)C3)=C1
C1=CC(n2ncc3c2CCCCC(c2ccccc2)C3)=C1
C1=CC(n2ncc3c2CCCCC(c2ccccc2)C3)=C1
C1=CC(n2ncc3c2CCCCC(c2ccccc2)C3)=C1
C1=CC(n2ncc3c2CCCCC(c2ccccc2)C3)=C1
C1=CC(n2ncc3c2CCCC(c2ccccc2)C3)=C1
C1=CC(n2ncc3c2CCCC(c2ccccc2)C3)=C1
C1=CC(n2ncc3c2CCCC(c2ccccc2)C3)=C1
C1=CC(n2ncc3c2CCCC(c2ccccc2)C3)=C1
C1=CC(n2ncc3c2CCCCC(c2ccccc2)C3)=C1
C1=CC(n2ncc3c2CCCCC(c2ccccc2)C3)=C1
C1=CC(n2ncc3c2CCCCC(c2ccccc2)C3)=C1
C1=CC(n2ncc3c2CCCCC(c2ccccc2)C3)=C1
C1=CC(n2ncc3c2CCCCC(c2ccccc2)C3)=C1
C1=CC(n2ncc3c2CCCCC(c2ccccc2)C3)=C1
C1=CC(n2ncc3c2CCCCC(c2ccccc2)C3)=C1
C1=CC(n2ncc3c2CCCCC(c2ccccc2)C3)=C1
C1=CC(n2ncc3c2CCCCC(c2ccccc2)C3)=C1
C1=CC(n2ncc3c2CCCCC(c2ccccc2)C3)=C1
C1=CC(n2ncc3c2CCCCC(c2ccccc2)C3)=C1
C1=CC(n2ncc3c2CCCCC(c2ccccc2)C3)=C1
C1=CC(n2ncc3c2CCCCC(c2ccccc2)C3)=C1
C1=CC(n2ncc3c2CCCCC(c2ccccc2)C3)=C1
C1=CC(n2ncc3c2CCCCC(c2ccccc2)C3)=C1
C1=CC(n2ncc3c2CCCCC(c2ccccc2)C3)=C1
C1=CC(n2ncc3c2CCCCC(c2ccccc2)C3)=C1
C1=CC(n2ncc3c2CCCCC(c2ccccc2)C3)=C1
C1=CC(n2ncc3c2CCCCC(c2ccccc2)C3)=C1
C1=CC(n2ncc3c2CCCCC(c2ccccc2)C3)=C1
C1=CC(n2ncc3c2CCCCC(c2ccccc2)C3)=C1
C1=CC(n2ncc3c2CCCCC(c2ccccc2)C3)=C1
C1=CC(n2ncc3c2CCCCC(c2ccccc2)C3)=C1
C1=CC(n2ncc3c2CCCCC(c2ccccc2)C3)=C1
C1=CC(n2ncc3c2CCCCC(c2ccccc2)C3)=C1
C1=CC(n2ncc3c2CCCCC(c2ccccc2)C3)=C1
C1=CC(n2ncc3c2CCCCC(c2ccccc2)C3)=C1
C1=CC(n2ncc3c2CCCCC(c2ccccc2)C3)=C1
C1=CC(n2ncc3c2CCCCC(c2ccccc2)C3)=C1
C1=CC(n2ncc3c2CCCCC(c2ccccc2)C3)=C1
C1=CC(n2ncc3c2CCCCC(c2ccccc2)C3)=C1
C1=CC(n2ncc3c2CCCCC(c2ccccc2)C3)=C1
C1=CC(n2ncc3c2C=CCCC(c2ccccc2)C3)=C1
C1=CC(n2ncc3c2C=CCC(c2ccccc2)C3)=C1
C1=CC(n2ncc3c2C=CCC(c2ccccc2)C3)=C1
C1=CC(n2ncc3c2C=CCC(c2ccccc2)C3)=C1
C1=CC(n2ncc3c2C=CCCC(c2ccccc2)C3)=C1
C1=CC(n2ncc3c2C=CCCC(c2ccccc2)C3)=C1
C1=CC(n2ncc3c2C=CCC(c2ccccc2)C3)=C1
C1=CC(n2ncc3c2C=CCC(c2ccccc2)C3)=C1
C1=CC(n2ncc3c2C=CCC(c2ccccc2)C3)=C1
C1=CC(n2ncc3c2C=CCC(c2ccccc2)C3)=C1
C1=CC(n2ncc3c2C=CCC(c2ccccc2)C3)=C1
C1=CC(n2ncc3c2C=C2CCCCC2C(c2ccccc2)C3)=C1
C1=CC(n2ncc3c2C=C2CCCCC2C(c2ccccc2)C3)=C1
C1=CC(n2ncc3c2C=C2CCCCC2C(c2ccccc2)C3)=C1
C1=CC(n2ncc3c2C=C2CCCCC2C(c2ccccc2)C3)=C1
C1=CC(n2ncc3c2C=C2CCCCC2C(c2ccccc2)C3)=C1
C1=CC(n2ncc3c2C=C2CCCC(Cc4ccccc4)C2CC3)=C1
C1=CC(n2ncc3c2C=C2CCCC(Cc4ccccc4)C2CC3)=C1
C1=CC(n2ncc3c2C=C2CCCC(Cc4ccccc4)C2CC3)=C1
C1=CC(n2ncc3c2C=C2CCCC(Cc4ccccc4)C2CC3)=C1
C1=CC(n2ncc3c2C=C2CCCCC(Cc4ccccc4)C2CC3)=C1
C1=CC(n2ncc3c2C=C2CCCCC(Cc4ccccc4)C2CC3)=C1
C1=CC(n2ncc3c2C=C2CCCCC(Cc4ccccc4)C2C3)=C1
C1=CC(n2ncc3c2C=C2CCCCC(Cc4ccccc4)C2C3)=C1
C1=CC(n2ncc3c2C=C2CCCCC(Cc4ccccc4)C2C3)=C1
C1=CC(n2ncc3c2C=C2CCCCC(Cc4ccccc4)C2C3)=C1
C1=CC(n2ncc3c2C=C2CCCCC(Cc4ccccc4)C2C3)=C1
C1=CC(n2ncc3c2C=C2CCCC(Cc4ccccc4)C2C3)=C1
C1=CC(n2ncc3c2C=C2CCCC(Cc4ccccc4)C2C3)=C1
C1=CC(n2ncc3c2C=C2CCCC(Cc4ccccc4)C2C3)=C1
C1=CC(n2ncc3c2C=C2CCCC(Cc4ccccc4)C2C3)=C1
C1=CC(n2ncc3c2C=C2CCCC(Cc4ccccc4)C2C3)=C1
C1=CC(n2ncc3c2C=C2CCCC(Cc4ccccc4)C2C3)=C1
C1=CC(n2ncc3c2C=C2CCCC(Cc4ccccc4)C2C3)=C1
C1=CC(n2ncc3c2C=C2CCCC(Cc4ccccc4)C2C3)=C1
C1=CC(n2ncc3c2C=C2CCCC(Cc4ccccc4)C2C3)=C1
C1=CC(n2ncc3c2C=C2CCCC(Cc4ccccc4)C2C3)=C1
C1=CC(n2ncc3c2C=C2CCCC(Cc4ccccc4)C2C3)=C1
C1=CC(n2ncc3c2C=C2CCCC(Cc4ccccc4)C2C3)=C1
C1=CC(n2ncc3c2C=C2CCCC(Cc4ccccc4)C2C3)=C1
C1=CC(n2ncc3c2C=C2CCCCC(Cc4ccccc4)C2C3)=C1
C1=CC(n2ncc3c2C=C2CCCCC(Cc4ccccc4)C2C3)=C1
C1=CC(n2ncc3c2C=C2CCCCC(Cc4ccccc4)C2C3)=C1
C1=CC(n2ncc3c2C=C2CCCCCC(Cc4ccccc4)C2C3)=C1
C1=CC(n2ncc3c2C=C2CCCCCC(Cc4ccccc4)C2C3)=C1
C1=CC(n2ncc3c2C=C2CCCCCC(Cc4ccccc4)C2C3)=CCC1
C1=CC(n2ncc3c2C=C2CCCCC(Cc4ccccc4)C2C3)=CCC1
C1=C2CCCCC(Cc3ccccc3)C2Cc2cnn(-c3ccccc3)c21
C1=C2CCCCC(Cc3ccccc3)C2Cc2cnn(-c3ccccc3)c21
C1=C2CCCC(Cc3ccccc3)C2Cc2cnn(-c3ccccc3)c21
C1=C2CCCC(Cc3ccccc3)C2Cc2cnn(-c3ccccc3)c21
C1=C2CCCC(Cc3ccccc3)C2Cc2cnn(-c3ccccc3)c21
C1=C2CCCC(Cc3ccccc3)C2Cc2cnn(-c3ccccc3)c21
C1=C2CCCC(Cc3ccccc3)C2Cc2cnn(-c3ccccc3)c21
C1=C2CCCC(Cc3ccccc3)C2Cc2cnn(-c3ccccc3)c21
C1=C2CCCC(Cc3ccccc3)C2Cc2cnn(-c3ccccc3)c21
C1=C2CCCCC(Cc3ccccc3)C2Cc2cnn(-c3ccccc3)c21
C1=C2CCCCC(Cc3ccccc3)C2Cc2cnn(-c3ccccc3)c21
C1=C2CCCCC(Cc3ccccc3)C2Cc2cnn(-c3ccccc3)c21
C1=C2CCCC(Cc3ccccc3)C2Cc2cnn(-c3ccccc3)c21
c1ccc(CCCCNc2cccc3ncccc23)cc1
c1ccc(CCCCNc2cccc3ncccc23)cc1
c1ccc(CCCCNc2cccc3ncccc23)cc1
c1ccc(C2CCC(Nc3cccc4ncccc34)C2)cc1
c1ccc(C2CCC(Nc3cccc4ncccc34)C2)cc1
c1ccc(C2CCC(Nc3cccc4ncccc34)C2)cc1
c1ccc(C2CCC(Nc3cccc4ncccc34)C2)cc1
c1ccc(C2CCC(Nc3cccc4ncccc34)C2)cc1
c1ccc2c(c1)CCC1C(Nc3cccc4ncccc34)CCC21
c1ccc2c(c1)CCC1C(Nc3cccc4ncccc34)CCC21
c1ccc2c(c1)CCC1C(Nc3cccc4ncccc34)CCC21
c1ccc2c(c1)CCC1C(Nc3cccc4ncccc34)CCC21
c1ccc2c(c1)CCC1C(Nc3cccc4ncccc34)CCC21
c1ccc2c(c1)CCC1C2CC2Cc3ccc4ncccc4c3NC21
c1ccc2c(c1)CCC1CC(Cc3ccc4ncccc4c3)CC21
c1ccc2c(c1)CCC1CC(Cc3ccc4ncccc4c3)CC21
c1ccc2c(c1)CCC1CC(Cc3ccc4ncccc4c3)CC21
c1ccc2c(c1)CCC1CC(Cc3cccc4ncccc34)CC21
c1cncc(CCC2CC3CCc4ccccc4C3C2)c1
c1cncc(CCC2CC3CCc4ccccc4C3C2)c1
c1cncc(CCC2CC3CCc4ccccc4C3C2)c1
c1cncc(CC2CC3CCc4ccccc4C3C2)c1
c1cncc(CC2CC3CCc4ccccc4C3C2)c1
c1cncc(CC2CC3CCc4ccccc4C3C2)c1
c1ccc2c(c1)CCC1CC(C3c4ccncc43)CC21
c1ccc2c(c1)CCC1CC(C3c4ccccc43)CC21
c1ccc2c(c1)CCC1CC(C3c4ccccc43)CC21
c1ccc(CC2CC3CCc4ccccc4C3C2)cc1
c1ccc(C2CC3CCc4ccccc4C3C2)cc1
c1ccc(C2CC3CCc4ccccc4C3C2)cc1
c1ccc(C2CC3CCc4ccccc4C3C2)cc1
C1=CCC(C2CC3CCc4ccccc4C3C2)=C1
C1=CC(C2CC3CCc4ccccc4C3C2)=C1
C1=NC=C1C1CC2CCc3ccccc3C2C1
C1=NC=C1C1CC2CCc3ccccc3C2C1
c1ccc2c(c1)CCC1CC(c3cncs3)CC21
c1csc(C2CC3CCc4ccccc4C3C2)c1
c1csc(C2CC3CCc4ccccc4C3C2)c1
c1ccc2c(c1)CCC1CC(c3nccs3)CC21
c1ccc2c(c1)CCC1CC(c3nccs3)CC21
c1ccc2c(c1)CCC1CC(c3nccs3)CC21
c1ccc2c(c1)CCC1CC(c3nccs3)CC21
c1ccc2c(c1)CC1CC(c3nccs3)CC21
c1ccc2c(c1)CC1CC(c3nccs3)CCC21
c1ccc2c(c1)CC1CC(c3nccs3)CCC21
c1ccc2c(c1)CCC1CC(c3nccs3)CCC21
c1ccc2c(c1)CCCC2Nc1cccc2ncccc12
c1cc(CNc2cccc3ncccc23)c2c(c1)O2
c1cc(CNc2cccc3ncccc23)c2c(c1)O2
c1cc2c(c(C(CCC3CC3)Nc3cccc4ncccc34)c1)O2
c1cc2c(c(C(CCC3CC3)Nc3cccc4ncccc34)c1)O2
c1cc2c(c(C(CCC3CC3)Nc3cccc4ncccc34)c1)CO2
c1cc2c(c(C(CCC3CCC3)Nc3cccc4ncccc34)c1)CO2
c1cc2c(c(C(CCC3CCCC3)Nc3cccc4ncccc34)c1)CO2
c1cc2c(c(C(CCC3CCCC3)Nc3cccc4ncccc34)c1)CO2
c1cc(NC(CCC2CCCC2)c2ccc3c(c2)OC3)c2cccnc2c1
c1ccc2c(NC(CCC3CCCC3)c3ccc4c(c3)OC4)cccc2c1
c1ccc2c(NC(CCC3CCCC3)c3ccc4c(c3)OC4)cccc2c1
c1ccc2c(NC(CCC3CCCC3)c3ccc4c(c3)OC4)cccc2c1
c1ccc2c(NC(CCC3CCCCC3)c3ccc4c(c3)OC4)cccc2c1
c1ccc2c(NC(CCC3CCCCC3)c3ccc4c(c3)OC4)cccc2c1
C(C=Cc1ccccc1)=CNC(CCC1CCCCC1)c1ccc2c(c1)OC2
C(=CNC(CCC1CCCCC1)c1ccc2c(c1)OC2)Cc1ccccc1
C(=CNC(CCC1CCCCC1)c1ccc2c(c1)OC2)Cc1ccccc1
C(=CNC(CCC1CCCCC1)c1ccc2c(c1)OC2)Cc1ccccc1
c1ccc(CC(Cc2ccc3c(c2)OC3)CC2CCCCC2)cc1
c1ccc(CC(Cc2ccc3c(c2)OC3)CC2CCCCCC2)cc1
C1=C(NC(c2ccc3c(c2)OC3)C(Cc2ccccc2)CC2CCCCCC2)C1
C1=C(NC(c2ccc3c(c2)OC3)C(CCc2ccccc2)CC2CCCCCC2)C1
C1=C(NC(Cc2ccc3c(c2)OC3)C(CCc2ccccc2)CC2CCCCCC2)C1
C1=C(NC(Cc2ccc3c(c2)OC3)C(CCc2ccccc2)CC2CCCCC2)C1
c1ccc(CCC(CCc2ccc3c(c2)OC3)CC2CCCCC2)cc1
c1ccc(CCC(CCc2ccc3c(c2)OC3)CC2CCCCC2)cc1
c1ccc(CCC(CCNc2ccc3c(c2)OC3)CC2CCCCC2)cc1
c1ccc(CCC(CCNc2ccc3c(c2)OC3)CC2CCCCCC2)cc1
c1ccc(CCC(CNc2ccc3c(c2)OC3)CC2CCCCCC2)cc1
c1ccc(CCC(CNc2ccc3c(c2)OC3)CC2CCCCCC2)cc1
c1ccc(CCC(CNc2ccc3c(c2)OC3)CC2CCCCCC2)cc1
c1ccc(CCC(CNc2ccc3c(c2)OC3)CC2CCCCCC2)cc1
c1ccc(CCC(CNc2ccc3c(c2)OC3)CC2CCCCCC2)cc1
c1ccc(CCC(CNc2ccc3c(c2)OC3)CC2CCCCCC2)cc1
c1ccc(CCC(CNc2ccc3c(c2)CO3)CC2CCCCCC2)cc1
c1ccc(CCC(CNc2ccc3c(c2)CO3)CC2CCCCC2)cc1
c1ccc(CCC(CNc2ccc3c(c2)CO3)CC2CCCCC2)cc1
C=C(Nc1ccc2c(c1)CO2)C(CCc1ccccc1)CC1CCCCC1
C=C(Nc1ccc2c(c1)COC2)C(CCc1ccccc1)CC1CCCCC1
C=C(Nc1ccc2c(c1)COC2)C(CCc1ccccc1)CC1CCCCCC1
C=C(Nc1ccc2c(c1)CCOC2)C(CCc1ccccc1)CC1CCCCCC1
C=C(Nc1ccc2c(c1)CCOC2)C(CCc1ccccc1)CC1CCCCCC1
O=C(Nc1ccc2c(c1)CCOC2)C(CCc1ccccc1)CC1CCCCCC1
O=C(Nc1ccc2c(c1)CCOC2)C(CCc1ccccc1)CC1CCCCC1
O=C(Nc1ccc2c(c1)COC2)C(CCc1ccccc1)CC1CCCCC1
O=C(Nc1ccc2c(c1)COC2)C(CCc1ccccc1)CC1CCCCCC1
O=C(Nc1ccc2c(c1)COC2)C(CCc1ccccc1)CC1CCCCCC1
C=C1OCc2ccc(NC(=O)C(CCc3ccccc3)CC3CCCCCC3)cc21
C=C1OCc2ccc(NC(=O)C(CCc3ccccc3)CC3CCCCCC3)cc21
O=C1OCc2ccc(NC(=O)C(CCc3ccccc3)CC3CCCCCC3)cc21
O=C1OCc2ccc(NC(=O)C(CCc3ccccc3)CC3CCCCC3)cc21
O=C1OCc2cc(NC(=O)C(CCc3ccccc3)CC3CCCCC3)ccc21
c1ccc2c(c1)CCCC2Nc1cccc2ncccc12
c1ccc2c(c1)CCCC2Nc1cccc2ncccc12
c1ccc(C2CC2)c(CNc2cccc3ncccc23)c1
c1ccc(C2CC2)c(CNc2cccc3ncccc23)c1
c1ccc(C2CC2)c(CNc2cccc3ncccc23)c1
c1ccc(C2COc3ccnc4cccc(c34)N2)c(C2CC2)c1
c1ccc(C2COc3ccnc4cccc(c34)N2)c(C2CC2)c1
c1ccc(C2COc3cccc4cccc(c34)N2)c(C2CC2)c1
c1ccc(C2COc3cccc4cccc(c34)N2)c(C2CCC2)c1
c1ccc(C2COc3cccc4cccc(c34)N2)c(C2CCC2)c1
c1ccc(C2CCC2)c(-c2ccc3c4c(cccc24)OCCN3)c1
c1ccc(C2CCC2)c(-c2ccc3c4c(cccc24)OCCN3)c1
c1ccc(C2CCC2)c(-c2ccc3c4c(cccc24)OCN3)c1
c1ccc(C2CCC2)c(-c2ccc3c4c(cccc24)OCN3)c1
c1ccc(C2CCC2)c(-c2ccc3c4c(cccc24)OCN3)c1
c1ccc(C2CCC2)c(-c2ccc3c4c(cccc24)OCN3)c1
c1ccc(C2CCC2)c(-c2ccc3c4c(cccc24)OCCN3)c1
c1ccc(C2CCC2)c(-c2ccc3c4c(cccc24)OCCN3)c1
c1ccc(C2CCCC2)c(-c2ccc3c4c(cccc24)OCCN3)c1
c1ccc(C2CCCC2)c(-c2ccc3c4c(cccc24)OCCN3)c1
c1ccc(C2CCCC2)c(-c2ccc3c4c(cccc24)OCCN3)c1
c1ccc(C2CCCC2)c(-c2ccc3c4c(cccc24)OCCCN3)c1
C1=COc2cccc3c(-c4ccccc4C4CCCC4)ccc(c23)NC1
C1=COc2cccc3c(-c4ccccc4C4CCCC4)ccc(c23)NC1
C1=COc2cccc3c(-c4ccccc4C4CCCC4)ccc(c23)NC1
C1=COc2cccc3c(-c4ccccc4C4CCCC4)ccc(c23)NC1
C1=COc2cccc3c(-c4ccccc4C4CCCC4)ccc(c23)NC1
C1=COc2cccc3c(-c4ccccc4C4CCCCC4)ccc(c23)NC1
C1=COc2cccc3c(-c4ccccc4C4CCCCC4)ccc(c23)NC1
C1=COc2cccc3c(-c4ccccc4C4CCCC4)ccc(c23)NC1
C1=COc2cccc3c(-c4ccccc4C4CCCC4)ccc(c23)NC1
C1=COc2cccc3c(-c4ccccc4C4CCCC4)ccc(c23)NC1
C1=COc2cccc3c(-c4ccccc4C4CCCC4)ccc(c23)NC1
C1=COc2cccc3c(-c4ccccc4C4CCCC4)ccc(c23)NC1
C1=COc2cccc3c(-c4ccccc4C4CCCC4)ccc(c23)NC1
C1=COc2cccc3c(-c4ccccc4C4CCCCC4)ccc(c23)NC1
C1=COc2cccc3c(-c4ccccc4C4CCCCC4)ccc(c23)NC1
C1=COc2cccc3c(-c4ccccc4C4CCCCCC4)ccc(c23)NC1
C1=COc2cccc3c(-c4ccccc4C4CCCCCC4)ccc(c23)NC1
C1=COc2cccc3c(-c4ccccc4C4CCCCCC4)ccc(c23)NC1
C1=COc2cccc3c(-c4ccccc4C4CCCCC4)ccc(c23)NC1
C1=COc2cccc3c(-c4ccccc4C4C5CCCC54)ccc(c23)NC1
C1=COc2cccc3c(-c4ccccc4C4C5CCCC54)ccc(c23)NC1
C1=CCc2cccc3c(-c4ccccc4C4C5CCCC54)ccc(c23)NC1
C1=Cc2cccc3c(-c4ccccc4C4C5CCCC54)ccc(c23)NC1
C1=Cc2cccc3c(-c4ccccc4C4CCCC4)ccc(c23)NC1
C1=Cc2cccc3c(-c4ccccc4C4CCCC4)ccc(c23)NC1
C1=Cc2cccc3c(-c4ccccc4C4CCCC4)ccc(c23)NC1
C1=Cc2cccc3c(-c4ccccc4C4CCCC4)ccc(c23)NC1
C1=Cc2cccc3c(-c4cccc5c4CCCCCO5)ccc(c23)NC1
C1=Cc2cccc3c(-c4cccc5c4CCCCO5)ccc(c23)NC1
C1=Cc2cccc3c(-c4cccc5c4CCCO5)ccc(c23)NC1
C1=Cc2cccc3c(-c4cccc5c4CCCO5)ccc(c23)NC1
C1=Cc2cccc3c(-c4cccc5c4C4CC4O5)ccc(c23)NC1
C1=Cc2cccc3c(-c4cccc5c4OC4CC4O5)ccc(c23)NC1
C1=Cc2cccc3c(-c4cccc5c4COC4CC4O5)ccc(c23)NC1
C1=Cc2cccc3c(-c4cccc5c4COC4CC4O5)ccc(c23)NC1
C1=Cc2cccc3c(-c4cccc5c4COCO5)ccc(c23)NC1
C1=Cc2cccc3c(-c4cccc5c4COCO5)ccc(c23)NC1
C1=Cc2cccc3c(-c4cccc5c4CCOCO5)ccc(c23)NC1
C1=Cc2cccc3c(-c4cccc5c4CCCOCO5)ccc(c23)NC1
C1=Cc2cccc3c(-c4cccc5c4CCCOCO5)ccc(c23)NC1
C1=Cc2cccc3c(-c4cccc5c4CCCOCO5)ccc(c23)NC1
C1=Cc2cccc3c(-c4cccc5c4CCCCCO5)ccc(c23)NC1
C1=Cc2cccc3c(-c4cccc5c4CCCCCO5)ccc(c23)NC1
C1=Cc2cccc3c(-c4cccc5c4CCCCO5)ccc(c23)NC1
C1=Cc2cccc3c(-c4cccc5c4CCCCO5)ccc(c23)NC1
C1=Cc2cccc3c(-c4cccc5c4CCCC(C4CC4)O5)ccc(c23)NC1
C1=Cc2cccc3c(-c4cccc5c4CCCCO5)ccc(c23)NC1
C1=Cc2cccc3c(-c4cccc5c4CCCCO5)ccc(c23)NC1
C1=Cc2cccc3c(Oc4cccc5c4CCCCO5)ccc(c23)NC1
C1=Cc2cccc3c(Oc4cccc5c4CCCCO5)ccc(c23)NC1
C1=Cc2cccc3c(Oc4cccc5c4CCCCO5)ccc(c23)NC1
C1=Cc2cccc3c(Oc4cccc5c4CCCCO5)ccc(c23)NC1
C1=Cc2cccc3c(Oc4cccc5c4CCCCO5)ccc(c23)NC1
C1=Cc2cccc3c(Oc4cccc5c4CCCCO5)ccc(c23)NC1
C1=Cc2cccc3c(Oc4cccc5c4CCCCCO5)ccc(c23)NC1
C1=Cc2cccc3c(Oc4cccc5c4CCCCCO5)ccc(c23)NC1
C1=Cc2cccc3c(Oc4cccc5c4CCCCCO5)ccc(c23)NC1
C1=Cc2cccc3c(Oc4cccc5c4CCCC(C4CO4)CO5)ccc(c23)NC1
C1=Cc2cccc3c(Oc4cccc5c4CCCC(C4CC4)CO5)ccc(c23)NC1
C1=Cc2cccc3c(Oc4cccc5c4CCC(C4CC4)CO5)ccc(c23)NC1
C1=Cc2cccc3c(C4Oc5ccccc5CCC4C4CC4)ccc(c23)NC1
C1=Cc2cccc3c(C4CCCc5ccccc5O4)ccc(c23)NC1
C1=Cc2cccc3c(C4CCCCc5ccccc5O4)ccc(c23)NC1
C1=Cc2cccc3c(C4CCCCc5ccccc5O4)ccc(c23)NC1
C1=Cc2cccc3c(C4CCCCc5ccccc5O4)ccc(c23)NC1
C1=Cc2cccc3c(C4CCCCc5ccccc5O4)ccc(c23)NC1
C1=Cc2cccc3c(C4CCCc5ccccc5O4)ccc(c23)NC1
C1=Cc2cccc3c(C4CCCc5ccccc5O4)ccc(c23)NC1
C1=Cc2cccc3c(C4CCCc5ccccc5O4)ccc(c23)NC1
C1=Cc2cccc3c(C4CCCc5ccccc5O4)ccc(c23)NC1
C1=Cc2cccc3c(C4CCCc5ccccc5O4)ccc(c23)NC1
C1=Cc2cccc3c(C4CCCc5ccccc5O4)ccc(c23)NC1
C1=Cc2cccc3c(C4CCCc5ccccc5O4)ccc(c23)NC1
C1=Cc2cccc3c(C4CCCc5ccccc5O4)ccc(c23)NC1
C1=Cc2cccc3c(C4CCCc5ccccc5O4)ccc(c23)NC1
C1=Cc2cccc3c(C4CCCc5ccccc5O4)ccc(c23)NC1
C1=Cc2cccc3c(C4CCCCc5ccccc5O4)ccc(c23)NC1
C1=Cc2cccc3c(C4CCCCc5ccccc5O4)ccc(c23)NC1
C1=Cc2cccc3c(C4CCCCc5ccccc5O4)ccc(c23)NC1
C1=Cc2cccc3c(C4CCCCc5ccccc5O4)ccc(c23)NC1
C1=Cc2cccc3c(C4CCCCc5ccccc5O4)ccc(c23)NC1
C1=Cc2cccc3c(C4CCCc5ccccc5O4)ccc(c23)NC1
C1=Cc2cccc3c(C4CCCc5ccccc5O4)ccc(c23)NC1
C1=Cc2cccc3c(C4CCCc5ccccc5O4)ccc(c23)NC1
C1=Cc2cccc3c(C4CCCCc5ccccc5O4)ccc(c23)NC1
C1=Cc2cccc3c(C4CCCCc5ccccc5O4)ccc(c23)NC1
C1=Cc2cccc3c(C4CCCCc5ccccc5O4)ccc(c23)NC1
C1=Cc2cccc3c(C4CCCCc5ccccc5O4)ccc(c23)NC1
C1=Cc2c(ccc3c(C4CCCCc5ccccc5O4)cccc23)NC1
C1=Cc2c(ccc3c(C4CCCCc5ccccc5O4)cccc23)NC1
C1=Cc2c(ccc3c(C4CCCc5ccccc5O4)cccc23)NC1
C1=Cc2c(ccc3c(C4CCCc5ccccc5O4)cccc23)NC1
C1=Cc2c(ccc3c(C4CCCCc5ccccc5O4)cccc23)NC1
C1=Cc2c(ccc3c(C4CCCCc5ccccc5O4)cccc23)NC1
C1=Cc2c(ccc3c(C4CCCCc5ccccc5O4)cccc23)NC1
C1=Cc2c(ccc3c(C4CCCc5ccccc5O4)cccc23)NC1
C1=Cc2c(ccc3c(C4CCCc5ccccc5O4)cccc23)NC1
C1=Cc2c(ccc3c(C4CCCc5ccccc5O4)cccc23)NC1
C1=Cc2c(ccc3c(C4CCCc5ccccc5O4)cccc23)NC1
C1=Cc2c(ccc3c(C4CCc5ccccc5O4)cccc23)NC1
C1=Cc2c(ccc3c(C4CCc5ccccc5O4)cccc23)NC1
C1=Cc2c(ccc3c(C4CCc5ccccc5O4)cccc23)NC1
C1=Cc2c(ccc3c(C4CCc5ccccc5O4)cccc23)NC1
C1=Cc2c(ccc3c(C4CCCc5ccccc5O4)cccc23)NC1
C1=Cc2c(ccc3c(C4CCCc5ccccc5O4)cccc23)NC1
C1=Cc2c(ccc3c(C4CCCc5ccccc5O4)cccc23)NC1
C1=Cc2c(ccc3c2CC=C3C2CCCc3ccccc3O2)NC1
C1=Cc2c(ccc3c2CC=C3C2CCCc3ccccc3O2)NC1
C1=Cc2c(ccc3c2CC=C3C2CCCCc3ccccc3O2)NC1
C1=Cc2c(ccc3c2CC2=C3COc3ccccc32)NC1
C1=Cc2c(ccc3c2CC2=C3C(C3CCC3)Oc3ccccc32)NC1
C1=Cc2c(ccc3c2CC2=C3C(C3CCC3)Oc3ccccc32)NC1
C1=Cc2c(ccc3c2CC2=C3C(C3CCCC3)Oc3ccccc32)NC1
C1=Cc2c(ccc3c2CC2=C3COc3ccccc32)NC1
C1=Cc2c(ccc3c2CCC2=C3COc3ccccc32)NC1
C1=Cc2c(ccc3c2CCC2=C3COc3ccccc32)NC1
C1=Cc2c(ccc3c2CCC2=C3COc3ccccc32)NC1
C1=Cc2c(ccc3c2CCCC2=C3COc3ccccc32)NC1
C1=Cc2c(ccc3c2CCCC2=C3COc3ccccc32)NC1
C1=Cc2c(ccc3c2CCCC2=C3COc3ccccc32)NC1
C1=Cc2c(ccc3c2CCCC2=C3COc3ccccc32)NC1
C1=Cc2c(ccc3c2CCCC2=C3CCOc3ccccc32)NC1
C1=Cc2c(ccc3c2CCCC2=C3CCOc3ccccc32)NC1
C1=Cc2c(ccc3c2CCCCC2=C3CCOc3ccccc32)NC1
C1=Cc2c(ccc3c2CCCCC2=C3CCOc3ccccc32)NC1
C1=Cc2c(ccc3c2CCCCC2=C3COc3ccccc32)NC1
C1=Cc2c(ccc3c2CCCCC2=C3COc3ccccc32)NC1
C1=Cc2cc(C3=C(C4CC4)c4ccccc4OC3)ccc2NC1
C1=Cc2cc(C3=Cc4ccccc4OC3)ccc2NC1
C1=Cc2cc(C3=Cc4ccccc4OC3)ccc2NC1
C1=Cc2c(ccc3c2CCC2Oc4ccccc4C=C32)NC1
C1=Cc2c(ccc3c2CCC2Oc4ccccc4C=C32)NC1
C1=Cc2c(ccc3c2CCC2Oc4ccccc4C=C32)NC1
C1=Cc2c(ccc3c2CCCC2Oc4ccccc4C=C32)NC1
C1=Cc2c(ccc3c2CCCC2Oc4ccccc4C=C32)NC1
C1=Cc2c(ccc3c2CCCC2Oc4ccccc4C=C32)NC1
C1=Cc2c(ccc3c2CCCC2Oc4ccccc4C=C32)NC1
C1=Cc2c(ccc3c2CCCC2Oc4ccccc4C=C32)NC1
C1=Cc2c(ccc3c2CCCCC2Oc4ccccc4C=C32)NC1
C1=Cc2c(ccc3c2CCCCC2Oc4ccccc4C=C32)NC1
C1=Cc2c(ccc3c2CCCCC2Oc4ccccc4C=C32)NC1
C1=Cc2c(ccc3c2CCCCC2Oc4ccccc4C=C32)NC1
C1=Cc2c(ccc3c2CCCC2Oc4ccccc4C=C32)NC1
C1=Cc2c(ccc(C3=Cc4ccccc4OC3)c2C2CC2)NC1
C1=Cc2c(ccc(C3=Cc4ccccc4OC3)c2C2CC2)NC1
C1=Cc2c(ccc(C3=Cc4ccccc4OC3)c2C2CCC2)NC1
C1=Cc2c(ccc(C3=Cc4ccccc4OC3)c2C2CCC2)NC1
C1=Cc2c(ccc(C3=Cc4ccccc4OC3)c2C2CCC2)NC1
C1=Cc2c(ccc(C3=Cc4ccccc4OC3)c2C2CCC2)NC1
C1=Cc2c(ccc(C3=Cc4ccccc4OC3)c2C2CCC2)NC1
C1=Cc2c(ccc(C3=Cc4ccccc4OC3)c2C2CCC2)NC1
C1=Cc2c(ccc(C3=Cc4ccccc4OC3)c2C2CCC2)NC1
C1=Cc2c(ccc(C3=Cc4ccccc4OC3)c2C2CCCC2)NC1
C1=Cc2c(ccc(C3=Cc4ccccc4OC3)c2C2CCCC2)NC1
C1=Cc2c(ccc(C3=Cc4ccccc4OC3)c2C2CCCC2)NC1
C1=Cc2c(ccc(C3=Cc4ccccc4OC3)c2C2CCCCC2)NC1
C1=Cc2c(ccc(C3=Cc4ccccc4OC3)c2C2CCCCC2)NC1
C1=Cc2c(ccc(C3=Cc4ccccc4OC3)c2C2CCCCC2)NC1
C1=Cc2c(ccc(C3=Cc4ccccc4OC3)c2CC2CCCCC2)NC1
C1=Cc2c(ccc(C3=Cc4ccccc4OC3)c2CC2CCCC2)NC1
C1=Cc2c(ccc3c2C(C2CCCC2)Oc2ccccc2C=C3)NC1
C1=Cc2c(ccc3c2C(C2CCCC2)Oc2ccccc2C=C3)NC1
C1=Cc2c(ccc3c2C(C2CCCC2)Oc2ccccc2C=C3)NC1
C1=Cc2c(ccc3c2C(C2CCCC2)Oc2ccccc2C=C3)NC1
C1=Cc2c(ccc3c2C(C2CCCCC2)Oc2ccccc2C=C3)NC1
C1=Cc2c(ccc3c2C(C2CCCCC2)Oc2ccccc2C=C3)NC1
C1=Cc2c(ccc3c2C(C2CCCC2)Oc2ccccc2C=C3)NC1
C1=Cc2c(ccc3c2C(C2CCCC2)Oc2ccccc2C=C3)NC1
C=C1c2ccccc2OC(C2CCCC2)c2c1ccc1c2C=CCN1
C=C1c2ccccc2OC(C2CCC2)c2c1ccc1c2C=CCN1
C=C1c2ccccc2OC(C2CCC2)c2c1ccc1c2C=CCN1
C1=Cc2c(ccc3c2C(C2CCC2)Oc2ccccc2C3)NC1
C1=Cc2c(ccc3c2C(C2CCC2)Oc2ccccc2-3)NC1
C1=Cc2c(ccc3c2C(C2C=CC2)Oc2ccccc2-3)NC1
C1=Cc2c(ccc3c2C(C2C=CC2)Oc2ccccc2-3)NC1
C1=Cc2c(ccc3c2C(C2C=CC2)Oc2ccccc2-3)NC1
C1=CC(C2Oc3ccccc3-c3ccc4c(c32)C=CCN4)CC1
C1=CC(C2Oc3ccccc3-c3ccc4c(c32)C=CCN4)CCC1
c1ccc2c(c1)CCCC2Nc1cccc2ncccc12
c1ccc(CCCCNc2cccc3ncccc23)cc1
c1ccc(CCCCNc2cccc3ncccc23)cc1
C=C(NCCCCc1ccccc1)c1cccnc1
C=C(NCCCNCc1ccccc1)c1cccnc1
C=C(NCCCNCc1ccccc1)c1cccnc1
C=C(NCCCNCc1ccccc1)c1ccccc1
C=C(NCCCNCc1ccccc1)c1ccccc1
C=C(NCCCNCc1ccccc1)c1ccccc1
C=C(NCCCNCc1ccccc1)c1ccccc1
O=C(NCCCNCc1ccccc1)c1ccccc1
O=C(NCCCNCc1ccccc1)c1ccccc1
O=C(NCCCN1Cc2ccccc2N1)c1ccccc1
O=C(NCCCN1Cc2ccccc2N1)c1ccccc1
O=C(NCCCC1Cc2ccccc2N1)c1ccccc1
O=C(NCCCC1Nc2ccccc21)c1ccccc1
O=C(NCCCC1Nc2ccccc21)c1ccccc1
O=C(NCCCC1Cc2ccccc21)c1ccccc1
O=C(NCCCC1Cc2ccccc21)c1ccccc1
O=C(NCCCC1(c2ccccc2)CCC1)c1ccccc1
O=C(NCCCC1(c2ccccc2)CCC1)C1=CCCC=C1
O=C(NCCCC1(c2ccccc2)CCC1)C1=CNCC=C1
O=C(NCCCC1(c2ccccc2)CCCC1)C1=CNCC=C1
O=C(NCCCC1(c2ccccc2)CCCC1)C1=CNCC=C1
O=C(NCCCC1(c2ccccc2)CCC1)C1=CNCC=C1
O=C(NCCCC1(c2ccccc2)CCC1)c1cc[nH]c1
O=C(NCCCC1(c2ccccc2)CCC1)c1cc[nH]c1
O=C(NCCCC1(c2ccccc2)CCC1)c1cn[nH]c1
O=C(NCCCC1(c2ccccc2)CCC1)c1cn[nH]c1
O=C(NCCCC1(c2ccccc2)CCC1)c1cn[nH]c1
O=C(NCCCC1(c2ccccc2)CCC1)c1cn[nH]c1
O=C(NCCCC1(c2ccccc2)CCC1)c1cn[nH]c1
O=C(NCCCC1(c2ccccc2)CCC1)c1cn[nH]c1
O=C(NCCCC1(c2ccccc2)CCC1)c1cn[nH]c1
O=C(NCCCC1(c2ccccc2)CCC1)c1cn[nH]c1
O=C(NCCCC1(c2ccccc2)CCC1)c1cn[nH]c1
O=C(NCCCC1(c2ccccc2)CC1)c1cn[nH]c1
O=C(NCCCC1(c2ccccc2)CC1)c1cn[nH]c1
O=C(NCCCC1(c2ccccc2)CC1)c1cnn(C2=C=C2)c1
O=C(NCCCC1(c2ccccc2)CC1)c1cnn(C2=CC2)c1
O=C(NCCCC1(c2ccccc2)CC1)c1cnn(C2=CCC2)c1
O=C(NCCCC1(c2ccccc2)CCC1)c1cnn(C2=CCC2)c1
O=C(NCCCC1(c2ccccc2)CCC1)c1cnn(C2=CCCC2)c1
O=C(NCCCC1(c2ccccc2)CCC1)c1cnn(C2=CCCC2)c1
O=C(NCCCC1(c2ccccc2)CCC1)c1cnn(C2=CCCC2)c1
O=C(NCCCC1(c2ccccc2)CCC1)c1cnn(C2=CCCCC2)c1
O=C(NCCCC1(c2ccccc2)CCC1)c1cnn(C2=CCCCC2)c1
O=C(NCCCC1(c2ccccc2)CCC1)c1cnn(C2=CC=CCC2)c1
O=C(NCCCC1(c2ccccc2)CCC1)c1cnn(-c2ccccc2)c1
c1ccc2c(c1)CCCC2Nc1cccc2ncccc12
c1ccc2c(c1)CCCC2Nc1cccc2ncccc12
c1ccc(CNc2cccc3ncccc23)cc1
c1ccc(CNc2cccc3ncccc23)cc1
c1ccc(CNc2cccc3ncccc23)cc1
c1ccc(CNc2cccc3ncccc23)cc1
c1ccc(CNc2cccc3ncccc23)cc1
c1ccc(CNc2cccc3ncccc23)cc1
c1ccc(CNc2cccc3ncccc23)cc1
c1ccc(CNc2cccc3ncccc23)cc1
c1ccc(CNc2cccc3ncccc23)cc1
c1ccc(CNc2cccc3ncccc23)cc1
c1ccc(CNc2cccc3ncccc23)cc1
c1ccc(CNc2cccc3ncccc23)cc1
c1ccc(CNc2cccc3ncccc23)cc1
c1ccc(CNc2cccc3ncccc23)cc1
c1ccc(CNc2cccc3ncccc23)cc1
c1ccc(CNc2cccc3ncccc23)cc1
c1ccc(CNc2cccc3ncccc23)cc1
c1ccc(CNc2cccc3ncccc23)cc1
c1ccc(CNc2cccc3ncccc23)cc1
c1ccc(CNc2cccc3ncccc23)cc1
c1ccc(CNc2cccc3ncccc23)cc1
c1ccc(CNc2cccc3ncccc23)cc1
c1ccc(CNc2cccc3ncccc23)cc1
c1ccc(CNc2cccc3ncccc23)cc1
c1ccc(CNc2cccc3ncccc23)cc1
c1ccc(CNc2cccc3ncccc23)cc1
c1ccc(CNc2cccc3ncccc23)cc1
c1ccc(CNc2cccc3ncccc23)cc1
c1ccc2c(c1)CCCC2Nc1cccc2ncccc12
c1ccc2c(c1)CCCC2Nc1cccc2ncccc12
c1ccc(CCCCNc2cccc3ncccc23)cc1
c1ccc(CCCCNc2cccc3ncccc23)cc1
c1ccc(CCCCNc2cccc3ncccc23)cc1
c1ccc(CCCCNc2cccc3ncccc23)cc1
c1ccc(CNCCCNc2cccc3ncccc23)cc1
c1ccc(CNCCCNc2cccc3ncccc23)cc1
c1ccc(CNCCCNc2cccc3ncccc23)cc1
c1ccc(CNCCCNc2cccc3ncccc23)cc1
O=C(CNCCCNc1cccc2ncccc12)c1ccccc1
O=C(CNCCCNc1cccc2ncccc12)c1ccccc1
O=C(CNCCCNc1cccc2ccccc12)c1ccccc1
O=C(CNCCCNc1cccc2ccccc12)c1ccccc1
O=C(CNCCCNc1cccc2ccccc12)c1ccccc1
O=C(CNCCCNc1cccc2ccccc12)c1ccccc1
O=C(CNCCCNc1cccc2ccccc12)c1ccccc1
O=C(CNCCCNc1cccc2ccccc12)c1ccccc1
O=C(NNCCCNc1cccc2ccccc12)c1ccccc1
O=C(NCCCNc1cccc2ccccc12)c1ccccc1
O=C(NCCCNc1cccc2c1C=CC2)c1ccccc1
O=C(NCCCNc1cccc2[nH]ccc12)c1ccccc1
O=C(NCCCNc1cccc2[nH]ccc12)c1ccccc1
O=C(NCCCNc1cccc2[nH]ccc12)c1ccccc1
O=C(NCCCNc1cccc2[nH]ccc12)c1ccccc1
O=C(NCCCNc1cccc2[nH]ccc12)c1ccccc1
O=C(NCCCNc1cccc2[nH]ncc12)c1ccccc1
O=C(NCCCNc1cccc2[nH]ncc12)c1ccccc1
O=C(NCCCNc1cccc2[nH]ncc12)c1ccccc1
O=C(NCCCNc1cccc2[nH]ncc12)c1ccccc1
O=C(NCCCNc1cccc2[nH]ncc12)c1ccccc1
O=C(NCCCNc1cccc2c1cnn2C1=CCC1)c1ccccc1
O=C(NCCCNc1cccc2c1cnn2C1=CCC1)c1ccccc1
O=C(NCCCNc1cccc2c1cnn2C1=CC1)c1ccccc1
O=C(NCCCNc1cccc2c1cnn2C1=C2CCC21)c1ccccc1
O=C(NCCCNc1cccc2c1cnn2C1=C2CCC21)c1ccccc1
O=C(NCCCNc1cccc2c1cnn2C1=C2CC=C21)c1ccccc1
O=C(NCCCNc1cccc2c1cnn2C1=C2CCC=C21)c1ccccc1
O=C(NCCCNc1cccc2c1cnn2C1=C2CCC=C21)c1ccccc1
O=C(NCCCNc1cccc2c1cnn2C1=CCCC=C1)c1ccccc1
O=C(NCCCNc1cccc2c1cnn2-c1ccccc1)c1ccccc1
O=C(NCCCNc1cccc2c1cnn2-c1ccccc1)c1ccccc1
O=C(NCCCNc1cccc2c1cnn2-c1ccccc1)c1ccccc1
O=C(NCCCNc1cccc2c1cnn2-c1ccccc1)c1ccccc1
O=C(NCCCNc1cccc2c1cnn2-c1ccccc1)c1ccccc1
O=c1ccn(CCCCc2ccccc2)c2ccccc12
O=c1ccn(CCCCc2ccccc2)c2ccccc12
O=C(C=CN1CCCCc2ccccc21)c1ccccc1
O=C(C=CN1CCCCc2ccccc21)c1ccccc1
O=C(C=CN1CCCCc2ccccc21)c1ccccc1
O=C(C=CN1CCCCc2ccccc21)c1ccccc1
O=C(C=CN1CCCCc2ccccc21)c1ccccc1
O=C(C=CN1CCCCc2ccccc21)c1ccccc1
O=C(C=CN1CCCCc2ccccc21)c1ccccc1
O=C(C=CN1CCCCc2ccccc21)c1ccccc1
O=C(C=CN1CCCCCc2ccccc21)c1ccccc1
C(=CN1CCCCCc2ccccc21)Cc1ccccc1
C(=CN1CCCCCc2ccccc21)Cc1ccccc1
C(=CN1CCCCCc2ccccc21)c1ccccc1
c1ccc(CN2CCCCCc3ccccc32)cc1
c1ccc(N2CCCCCc3ccccc32)cc1
c1ccc(N2CCCCCc3ccccc32)cc1
c1ccc(N2CCCCCc3ccccc32)cc1
c1ccc(N2CCCCCc3ccccc32)cc1
c1ccc(N2CCCCCc3ccccc32)cc1
c1ccc(N2CCCCCc3ccccc32)cc1
c1ccc(N2CCCCCc3ccccc32)cc1
c1ccc(N2CCCCCc3ccccc32)cc1
c1ccc(N2CCCCCc3ccccc32)cc1
c1ccc(N2CC(CC3NN3)CCCc3ccccc32)cc1
c1ccc(N2CC(CC3NN3)CCCc3ccccc32)cc1
c1ccc(N2CC(CC3N=N3)CCCc3ccccc32)cc1
C1=NC1CC1CCCc2ccccc2N(c2ccccc2)C1
c1ccc(N2CC(CC34CC3=N4)CCCc3ccccc32)cc1
c1ccc(N2CC(CC34CC3=N4)CCCc3ccccc32)cc1
C1=NC1CC1CCCc2ccccc2N(c2ccccc2)C1
c1ccc(N2CC(CC3=NC3)CCCc3ccccc32)cc1
c1ccc(N2CC(CC3=NCC3)CCCc3ccccc32)cc1
c1ccc(N2CCCCCc3ccccc32)cc1
c1ccc(N2CCCCCc3ccccc32)cc1
c1ccc(N2CC(CC3=NCC3)CCCc3ccccc32)cc1
c1ccc(N2CC(CC3=NCC3)CCCc3ccccc32)cc1
C1=CC(CC2CCCc3ccccc3N(c3ccccc3)C2)=N1
C1=CC(CC2CCCc3ccccc3N(c3ccccc3)C2)=N1
C1=CC(CC2CCCc3ccccc3N(c3ccccc3)C2)=C1
C1=CC(CC2CCCc3ccccc3N(c3ccccc3)C2)=C1
C1=CC(CC2CCCc3ccccc3N(c3ccccc3)C2)=C1
C1=CC(CC2CCCc3ccccc3N(c3ccccc3)C2)=C1
C1=CC(CC2CCCc3ccccc3N(c3ccccc3)C2)=C1
C1=CC(CC2CCCc3ccccc3N(c3ccccc3)C2)=C1
C1=CC(CC2CCCc3ccccc3N(c3ccccc3)C2)=C1
C1=CC(CC2CCCc3ccccc3N(c3ccccc3)C2)=C1
C1=CC(CC2CCCc3ccccc3N(c3ccccc3)C2)=C1
C1=CC(CC2CCCc3ccccc3N(c3ccccc3)C2)=C1
C1=CC(CC2CCCc3ccccc3N(c3ccccc3)C2)=C1
C1=CC(CC2CCCc3ccccc3N(c3ccccc3)C2)=C1
C1=CC(CC2CCCc3ccccc3N(c3ccccc3)C2)=C1
C1=CC(CC2CCCc3ccccc3N(c3ccccc3)C2)=C1
C1=CC(CC2CCCc3ccccc3N(c3ccccc3)C2)=C1
C1=CC(CC2CCCc3ccccc3N(c3ccccc3)C2)=C1
C1=CC(CC2CCCc3ccccc3N(c3ccccc3)C2)=C1
C1=CC(CC2CCCc3ccccc3N(c3ccccc3)C2)=C1
C1=CC(CC2CCCc3ccccc3N(c3ccccc3)C2)=C1
C1=CC(CC2CCCc3ccccc3N(c3ccccc3)C2)=C1
C1=CC(CC2CCCc3ccccc3N(c3ccccc3)C2)=C1
C1=CC(CC2CCCc3ccccc3N(c3ccccc3)C2)=C1
C1=CC(CC2CCCc3ccccc3N(c3ccccc3)C2)=C1
C1=CC(CC2CCCc3ccccc3N(c3ccccc3)C2)=C1
C1=CC(CC2CCCc3ccccc3N(c3ccccc3)C2)=C1
C1=CC(CC2CCCc3ccccc3N(c3ccccc3)C2)=C1
C1=CC(CC2CCCc3ccccc3N(c3ccccc3)C2)=C1
C1=CC(CC2CCCc3ccccc3N(c3ccccc3)C2)=C1
C1=CC(CC2CCCc3ccccc3N(c3ccccc3)C2)=C1
C1=CC(CC2CCCc3ccccc3N(c3ccccc3)C2)=C1
C1=CC(CC2CCCc3ccccc3N(c3ccccc3)C2)=C1
C1=CC(CC2CCCc3ccccc3N(c3ccccc3)C2)=C1
C1=CC(CC2CCCc3ccccc3N(c3ccccc3)C2)=C1
C1=CC(CC2CCCc3ccccc3N(c3ccccc3)C2)=C1
C1=CC(CC2CCCc3ccccc3N(c3ccccc3)C2)=C1
C1=CC(CC2CCCc3ccccc3N(c3ccccc3)C2)=C1
C1=CC(CC2CCCc3ccccc3N(c3ccccc3)C2)=C1
C1=CC(CC2CCCc3ccccc3N(c3ccccc3)C2)=C1
C1=CC(CC2CCCc3ccccc3N(c3ccccc3)C2)=C1
C1=CC(CC2CCCc3ccccc3N(c3ccccc3)C2)=C1
C1=CC(CC2CCCc3ccccc3N(c3ccccc3)C2)=C1
C1=CC(CC2CCCc3ccccc3N(c3ccccc3)C2)=C1
C1=CC(CC2CCCc3ccccc3N(c3ccccc3)C2)=C1
C1=CC(CC2CCCc3ccccc3N(c3ccccc3)C2)=C1
C1=CC(CC2CCCc3ccccc3N(c3ccccc3)C2)=C1
C1=CC(CC2CCCc3ccccc3N(c3ccccc3)C2)=C1
C1=CC(CC2CCCc3ccccc3N(c3ccccc3)C2)=C1
C1=CC(CC2CCCc3ccccc3N(c3ccccc3)C2)=C1
C1=CC(CC2CCCc3ccccc3N(c3ccccc3)C2)=C1
C1=CC(CC2CCCc3ccccc3N(c3ccccc3)C2)=C1
C1=CC(CC2CCCc3ccccc3N(c3ccccc3)C2)=C1
C1=CC(CC2CCCc3ccccc3N(c3ccccc3)C2)=C1
C1=CC(CC2CCCc3ccccc3N(c3ccccc3)C2)=C1
C1=C(CC2CCCc3ccccc3N(c3ccccc3)C2)C=C1CC1CO1
C1=C(CC2CCCc3ccccc3N(c3ccccc3)C2)C=C1CC1CO1
C1=C(CC2CCCc3ccccc3N(c3ccccc3)C2)C=C1C1CO1
C1=CC(CC2CCCc3ccccc3N(c3ccccc3)C2)=C1
C1=CC(CC2CCCc3ccccc3N(c3ccccc3)C2)=C1
C1=CC(CC2CCCc3ccccc3N(c3ccccc3)C2)=C1
C1=CC(CC2CCCc3ccccc3N(c3ccccc3)C2)=C1
C1=CC(CC2CCCc3ccccc3N(c3ccccc3)C2)=C1
C1=CC(CC2CCCc3ccccc3N(c3ccccc3)C2)=C1
C1=CC(CC2CCCc3ccccc3N(c3ccccc3)C2)=C1
C1=CC(CC2CCCc3ccccc3N(c3ccccc3)C2)=C1
C1=CC(CC2CCCc3ccccc3N(c3ccccc3)C2)=C1
C1=CC(CC2CCCc3ccccc3N(c3ccccc3)C2)=C1
C1=CC(CC2CCCc3ccccc3N(c3ccccc3)C2)=C1
C1=CC(CC2CCCc3ccccc3N(c3ccccc3)C2)=C1
C1=CC(CC2CCCc3ccccc3N(c3ccccc3)C2)=C1
C1=CC(CC2CCCc3ccccc3N(c3ccccc3)C2)=C1
C1=CC(CC2CCCc3ccccc3N(c3ccccc3)C2)=C1
C1=CC(CC2CCCc3ccccc3N(c3ccccc3)C2)=C1
C1=CC(CC2CCCc3ccccc3N(c3ccccc3)C2)=C1
C1=CC(CC2CCCc3ccccc3N(c3ccccc3)C2)=C1
C1=CC(CC2CCCc3ccccc3N(c3ccccc3)C2)=C1
C1=CC(CC2CCCc3ccccc3N(c3ccccc3)C2)=C1
C1=CC(CC2CCCc3ccccc3N(c3ccccc3)C2)=C1
C1=CC(CC2CCCc3ccccc3N(c3ccccc3)C2)=C1
C1=CC(CC2CCCc3ccccc3N(c3ccccc3)C2)=C1
C1=CC(CC2CCCc3ccccc3N(c3ccccc3)C2)=C1
C1=CC(CC2CCCc3ccccc3N(c3ccccc3)C2)=C1
C1=CC(CC2CCCc3ccccc3N(c3ccccc3)C2)=C1
C1=CC(CC2CCCc3ccccc3N(c3ccccc3)C2)=C1
C1=CC(CC2CCCc3ccccc3N(c3ccccc3)C2)=C1
C1=CC(CC2CCCc3ccccc3N(c3ccccc3)C2)=C1
C1=CC(CC2CCCc3ccccc3N(c3ccccc3)C2)=C1
C1=CC(CC2CCCc3ccccc3N(c3ccccc3)C2)=C1
C1=CC(CC2CCCc3ccccc3N(c3ccccc3)C2)=C1
C1=CC(CC2CCCc3ccccc3N(c3ccccc3)C2)=C1
C1=CC(CC2CCCc3ccccc3N(c3ccccc3)C2)=C1
c1ccc(N2CC(Cc3ccncc3)CCCc3ccccc32)cc1
c1ccc(N2CC(Cc3ccncc3)CCCc3ccccc32)cc1
c1ccc(N2CC(Cc3ccncc3)CCCc3ccccc32)cc1
c1ccc(N2CC(Cc3ccncc3)CCCc3ccccc32)cc1
c1ccc(N2CC(Cc3ccncc3)CCCc3ccccc32)cc1
c1ccc(N2CC(Cc3ccncc3)CCCc3ccccc32)cc1
c1ccc(CC2CCCc3ccccc3N(c3ccccc3)C2)cc1
c1ccc(CC2CCCc3ccccc3N(c3ccccc3)C2)cc1
c1ccc(CC2CCCc3ccccc3N(c3ccccc3)C2)cc1
c1ccc(CC2CCCc3ccccc3N(c3ccccc3)C2)cc1
c1ccc(CC2CCCc3ccccc3N(c3ccccc3)C2)cc1
c1ccc(CC2CCCc3ccccc3N(c3ccccc3)C2)cc1
c1ccc(CC2CCCc3ccccc3N(c3ccccc3)C2)cc1
c1ccc(CC2CCCc3ccccc3N(c3ccccc3)C2)cc1
c1ccc(CC2CCCc3ccccc3N(c3ccccc3)C2)cc1
c1ccc(CC2CCCc3ccccc3N(c3ccccc3)C2)cc1
c1ccc(CC2CCCc3ccccc3N(c3ccccc3)C2)cc1
c1ccc(CC2CCCc3ccccc3N(c3ccccc3)C2)cc1
c1ccc(CC2CCCc3ccccc3N(c3ccccc3)C2)cc1
c1ccc(CC2CCCc3ccncc3N(c3ccccc3)C2)cc1
c1ccc(CC2CCCc3ccncc3N(c3ccccc3)C2)cc1
c1ccc(CC2CCCc3ccncc3N(c3ccccc3)C2)cc1
c1ccc(CC2CCCc3ccncc3N(c3ccccc3)C2)cc1
c1ccc(CC2CCCc3ccncc3N(c3ccccc3)C2)cc1
c1ccc(CC2CCCc3ccncc3N(c3ccccc3)C2)cc1
c1ccc(CC2CCCc3ccncc3N(c3ccccc3)C2)cc1
c1ccc(CC2CCCc3ccncc3N(c3ccccc3)C2)cc1
c1ccc(CC2CCCc3ccncc3N(c3ccccc3)C2)cc1
c1ccc(CC2CCCc3ccncc3N(c3ccccc3)C2)cc1
c1ccc(CC2CCCc3ccncc3N(c3ccccc3)C2)cc1
c1ccc(CC2CCCc3ccncc3N(c3ccccc3)C2)cc1
c1ccc(CC2CCCc3ccncc3N(c3ccccc3)C2)cc1
c1ccc(CC2CCCc3ccncc3N(c3ccccc3)C2)cc1
c1ccc(CC2CCCc3ccncc3N(c3ccccc3)C2)cc1
c1ccc(CC2CCCc3ccncc3N(c3ccccc3)C2)cc1
c1ccc(CC2CCCc3ccncc3N(c3ccccc3)C2)cc1
c1ccc(CC2CCCc3ccncc3N(c3ccccc3)C2)cc1
c1ccc(CC2CCCc3ccncc3N(c3ccccc3)C2)cc1
c1ccc(CC2CCCc3ccncc3N(c3ccccc3)C2)cc1
c1ccc(CC2CCCc3ccncc3N(c3ccccc3)C2)cc1
c1ccc(CC2CCCc3ccncc3N(c3ccccc3)C2)cc1
c1ccc(CC2CCCc3ccncc3N(c3ccccc3)C2)cc1
c1ccc(CC2CCCc3ccncc3N(c3ccccc3)C2)cc1
c1ccc(CC2CCCc3cnncc3N(c3ccccc3)C2)cc1
c1ccc(CC2CCCc3cnncc3N(c3ccccc3)C2)cc1
c1ccc(CC2CCCc3cnncc3N(c3ccccc3)C2)cc1
c1ccc(CC2CCCc3cnnnc3N(c3ccccc3)C2)cc1
c1ccc(CC2CCCc3cnnnc3N(c3ccccc3)C2)cc1
c1ccc(CC2CCCc3cn[nH]c3N(c3ccccc3)C2)cc1
c1ccc(CC2CCCc3cn[nH]c3N(c3ccccc3)C2)cc1
c1ccc(CC2CCCc3cn[nH]c3N(c3ccccc3)C2)cc1
c1ccc(CC2CCCc3cn[nH]c3N(c3ccccc3)C2)cc1
c1ccc(CC2CCCc3cn[nH]c3N(c3ccccc3)C2)cc1
c1ccc(CC2CCCc3cn[nH]c3N(c3ccccc3)C2)cc1
c1ccc(CC2CCCc3cn[nH]c3N(c3ccccc3)C2)cc1
c1ccc(CC2CCCc3cn[nH]c3N(c3ccccc3)C2)cc1
c1ccc(CC2CCCc3cn[nH]c3N(c3ccccc3)C2)cc1
c1ccc(CC2CCCc3cn[nH]c3N(c3ccccc3)C2)cc1
c1ccc(CC2CCCc3cn[nH]c3N(c3ccccc3)C2)cc1
c1ccc(CC2CCCc3cnn(-c4ccccc4)c3NC2)cc1
c1ccc(CC2CCCc3cnn(-c4ccccc4)c3NC2)cc1
c1ccc(CC2CCCc3cnn(-c4ccccc4)c3NC2)cc1
c1ccc(CC2CCCc3cnn(-c4ccccc4)c3NC2)cc1
c1ccc(CC2CCCc3cnn(-c4ccccc4)c3NC2)cc1
c1ccc(CC2CCCc3cnn(-c4ccccc4)c3NC2)cc1
c1ccc(CC2CCCc3cnn(-c4ccccc4)c3NC2)cc1
c1ccc(CC2CCCc3cnn(-c4ccccc4)c3NC2)cc1
c1ccc(CC2CCCc3cnn(-c4ccccc4)c3NC2)cc1
c1ccc(CC2CCCc3cnn(-c4ccccc4)c3NC2)cc1
c1ccc(CC2CCCc3cnn(-c4ccccc4)c3NC2)cc1
c1ccc(CC2CCCc3cnn(-c4ccccc4)c3NC2)cc1
c1ccc(CC2CCCc3cnn(-c4ccccc4)c3NC2)cc1
c1ccc(CC2CCCc3cnn(-c4ccccc4)c3NC2)cc1
c1ccc(CC2CCCc3cnn(-c4ccccc4)c3CC2)cc1
c1ccc(CC2CCCc3cnn(-c4ccccc4)c3CC2)cc1
c1ccc(CC2CCCc3cnn(-c4ccccc4)c3C2)cc1
c1ccc(CC2CCCc3cnn(-c4ccccc4)c3C2)cc1
c1ccc(CC2CCCc3cnn(-c4ccccc4)c3C2)cc1
c1ccc(CC2CCCc3cnn(-c4ccccc4)c3C2)cc1
c1ccc(CC2CCCc3cnn(-c4ccccc4)c3C2)cc1
c1ccc(CC2CCCc3cnn(-c4ccccc4)c3C2)cc1
c1ccc(CC2CCCc3cnn(-c4ccccc4)c3C2)cc1
c1ccc(CC2CCCc3cnn(-c4ccccc4)c3C2)cc1
c1ccc(CC2CCCc3cnn(-c4ccccc4)c3C2)cc1
c1ccc(CC2CCCc3cnn(-c4ccccc4)c3C2)cc1
c1ccc(CC2CCCc3cnn(-c4ccccc4)c3CC2)cc1
c1ccc(CC2CCCc3cnn(-c4ccccc4)c3CC2)cc1
c1ccc(CC2CCCc3cnn(-c4ccccc4)c3CC2)cc1
c1ccc(CC2CCCc3cnn(-c4ccccc4)c3CC2)cc1
c1ccc(CC2CCCc3cnn(-c4ccccc4)c3CC2)cc1
c1ccc(CC2CCCc3cnn(-c4ccccc4)c3CC2)cc1
c1ccc(CC2CCCc3cnn(-c4ccccc4)c3CC2)cc1
c1ccc(CC2CCCc3cnn(-c4ccccc4)c3CC2)cc1
c1ccc(CC2CCCc3cnn(-c4ccccc4)c3CC2)cc1
C=C1CC(Cc2ccccc2)CCCc2cnn(-c3ccccc3)c21
C=C1CC(Cc2ccccc2)CCCc2cnn(-c3ccccc3)c21
C=C1CC(Cc2ccccc2)CCCc2cnn(-c3ccccc3)c21
C=C1CC(Cc2ccccc2)CCCc2cnn(-c3ccccc3)c21
C=C1CC(Cc2ccccc2)CCCc2cnn(-c3ccccc3)c21
C=C1CC(Cc2ccccc2)CCCc2cnn(-c3ccccc3)c21
C=C1CC(Cc2ccccc2)CCCc2cnn(-c3ccccc3)c21
C=C1CC(Cc2ccccc2)CCc2cnn(-c3ccccc3)c21
C1=Cc2c(cnn2-c2ccccc2)CCC(Cc2ccccc2)C1
C1=Cc2c(cnn2-c2ccccc2)CCC(Cc2ccccc2)C1
C1=Cc2c(cnn2-c2ccccc2)CCC(Cc2ccccc2)C1
C1=Cc2c(cnn2-c2ccccc2)CC(Cc2ccccc2)C1
C1=C2CC2C(Cc2ccccc2)Cc2cnn(-c3ccccc3)c21
C1=C2CC2C(Cc2ccccc2)Cc2cnn(-c3ccccc3)c2C1
C1=C2CCC2C(Cc2ccccc2)Cc2cnn(-c3ccccc3)c2C1
C1=C2CCCC2C(Cc2ccccc2)Cc2cnn(-c3ccccc3)c2C1
C1=C2CCCC2C(Cc2ccccc2)Cc2cnn(-c3ccccc3)c21
C1=C2CCCCC2C(Cc2ccccc2)Cc2cnn(-c3ccccc3)c21
C1=C2CCCC(Cc3ccccc3)C2CCc2cnn(-c3ccccc3)c21
C1=C2CCCC(Cc3ccccc3)C2Cc2cnn(-c3ccccc3)c21
O=c1ccn(CCCCc2ccccc2)c2ccccc12
O=c1ccn(CCCCc2ccccc2)c2ccccc12
O=c1ccn(CCCCc2ccccc2)c2ccccc12
O=c1cnn(CCCCc2ccccc2)c2ccccc12
O=c1cn[nH]c2ccc(OCc3ccccc3)cc12
O=c1cn[nH]c2ccc(OCc3ccccc3)cc12
C1=NNc2ccc(OCc3ccccc3)cc2C1
C1=NNOc2ccc(OCc3ccccc3)cc2C1
C1=NNOc2ccc(OCc3ccccc3)cc21
C1=NNCOc2ccc(OCc3ccccc3)cc21
C1=NNCOc2ccc(OCc3ccccc3)cc21
C1=NNCOc2ccc(OCc3ccccc3)cc21
C1=NNCCOc2ccc(OCc3ccccc3)cc21
C1=NNCCOc2ccc(OCc3ccccc3)cc21
C1=NNCCOc2ccc(OCc3ccccc3)cc21
C1=NNCCOc2ccc(OCc3ccccc3)cc21
C1=NNCCOc2ccc(OCc3ccccc3)cc21
C1=NNCCOc2ccc(OCc3ccccc3)cc21
C1=NNCCOc2ccc(OCc3ccccc3)cc21
C1=NNCCOc2ccc(OCc3ccccc3)cc21
C1=NNCCOc2ccc(OCc3ccccc3)cc21
C1=NNCCOc2ccc(OCc3ccccc3)cc21
C1=NNCCOc2ccc(OCc3ccccc3)cc21
C1=NNCCOc2ccc(OCc3ccccc3)cc21
C1=NNCCOc2ccc(OCc3ccccc3)cc21
C1=NNCCOc2ccc(OCc3ccccc3)cc21
C1=NNCCOc2ccc(OCc3ccccc3)cc21
C1=NNCCOc2ccc(OCc3ccccc3)cc21
C1=NNCCOc2ccc(OCc3ccccc3)cc21
C1=NNCCOc2ccc(OCc3ccccc3)cc21
C1=NNCCOc2ccc(OCc3ccccc3)cc21
C1=NNCCOc2ccc(OCc3ccccc3)cc21
C1=NNCCOc2ccc(OCc3ccccc3)cc21
C1=NNCCOc2ccc(OCc3ccccc3)cc21
C1=NNCCOc2ccc(OCc3ccccc3)cc21
C1=NNCCOc2ccc(OCc3ccccc3)cc21
C1=NNCCOc2ccc(OCc3ccccc3)cc21
C1=NNCCOc2ccc(OCc3ccccc3)cc21
C1=NNCCOc2ccc(OCc3ccccc3)cc21
C1=NNCCOc2ccc(OCc3ccccc3)cc21
C1=NNCCOc2ccc(OCc3ccccc3)cc21
C1=NNCCOc2ccc(OCc3ccccc3)cc21
C1=NNCCOc2ccc(OCc3ccccc3)cc21
C1=NNCCOc2ccc(OCc3ccccc3)cc21
C1=NNCCOc2ccc(OCc3ccccc3)cc21
C1=NNCCOc2ccc(OCc3ccccc3)cc21
C1=NNCCOc2ccc(OCc3ccccc3)cc21
C1=NNCCOc2ccc(OCc3ccccc3)cc21
C1=NNCCOc2ccc(OCc3ccccc3)cc21
C1=NNCCOc2ccc(OCc3ccccc3)cc21
C1=NNCCOc2ccc(OCc3ccccc3)cc21
C1=NNCCOc2ccc(OCc3ccccc3)cc21
C1=NNCCOc2ccc(OCc3ccccc3)cc21
C1=NNCCOc2ccc(OCc3ccccc3)cc21
C1=NNCCOc2ccc(OCc3ccccc3)cc21
C1=NNCCOc2ccc(OCc3ccccc3)cc21
C1=NNCCOc2ccc(OCc3ccccc3)cc21
C1=NNCCOc2ccc(OCc3ccccc3)cc21
C1=NNCCOc2ccc(OCc3ccccc3)cc21
C1=NNCCOc2ccc(OCc3ccccc3)cc21
C1=NNCCOc2ccc(OCc3ccccc3)cc21
C1=NNCCOc2ccc(OCc3ccccc3)cc21
C1=NNCCOc2ccc(OCc3ccccc3)cc21
C1=NNCCOc2ccc(OCc3ccccc3)cc21
C1=NNCCOc2ccc(OCc3ccccc3)cc21
C1=NNCCOc2ccc(OCc3ccccc3)cc21
C1=NNCCOc2ccc(OCc3ccccc3)cc21
C1=NNCCOc2ccc(OCc3ccccc3)cc21
C1=NNCCOc2ccc(OCc3ccccc3)cc21
C1=NNCCOc2ccc(OCc3ccccc3)cc21
C1=NNCCOc2ccc(OCc3ccccc3)cc21
C1=NNCCOc2ccc(OCc3ccccc3)cc21
C1=NNCCOc2ccc(OCc3ccccc3)cc21
C1=NNCCOc2ccc(OCc3ccccc3)cc21
C1=NNCCOc2ccc(OCc3ccccc3)cc21
C1=NNCCOc2ccc(OCc3ccccc3)cc21
C1=NNCCOc2ccc(OCc3ccccc3)cc21
C1=NNCCOc2ccc(OCc3ccccc3)cc21
C1=NNCCOc2ccc(OCc3ccccc3)cc21
C1=NNCCOc2ccc(OCc3ccccc3)cc21
C1=NNCCOc2ccc(OCc3ccccc3)cc21
O=C(CN1CCOc2ccc(OCc3ccccc3)cc2C=N1)N1CC1
O=C(CN1CCOc2ccc(OCc3ccccc3)cc2C=N1)N1CC1
O=C(CN1CCOc2ccc(OCc3ccccc3)cc2C=N1)N1CC1
O=C(CN1CCOc2ccc(OCc3ccccc3)cc2C=N1)N1CC1
O=C(CCN1CCOc2ccc(OCc3ccccc3)cc2C=N1)N1CC1
C1=NNCCOc2ccc(OCc3ccccc3)cc21
C1=NNCCOc2ccc(OCc3ccccc3)cc21
C1=NNCCOc2ccc(OCc3ccccc3)cc21
C1=NNCCOc2ccc(OCc3ccccc3)cc21
C1=NNCCOc2ccc(OCc3ccccc3)cc21
O=C(CCN1CCOc2ccc(OCc3ccccc3)cc2C=N1)N1CCC1
O=C(CCN1CCOc2ccc(OCc3ccccc3)cc2C=N1)N1CCC1
O=C(CCN1CCOc2ccc(OCc3ccccc3)cc2C=N1)N1CCC1
O=C(CN1CCOc2ccc(OCc3ccccc3)cc2C=N1)N1CCC1
O=C(OCN1CCOc2ccc(OCc3ccccc3)cc2C=N1)N1CCC1
O=C(OCN1CCOc2ccc(OCc3ccccc3)cc2C=N1)N1CC1
O=C(OCN1CCOc2ccc(OCc3ccccc3)cc2C=N1)C1CC1
O=C(OCN1CCOc2ccc(OCc3ccccc3)cc2C=N1)C1CC1
O=C(OCCN1CCOc2ccc(OCc3ccccc3)cc2C=N1)C1CC1
C1=NNCCOc2ccc(OCc3ccccc3)cc21
C1=NNCCOc2ccc(OCc3ccccc3)cc21
C1=NNCCOc2ccc(OCc3ccccc3)cc21
C1=NNCCOc2ccc(OCc3ccccc3)cc21
C1=NNCCOc2ccc(OCc3ccccc3)cc21
C1=NNCCOc2ccc(OCc3ccccc3)cc21
C1=NNCCOc2ccc(OCc3ccccc3)cc21
O=C(CN1CCOc2ccc(OCc3ccccc3)cc2C=N1)NC1CC1
O=C(CN1CCOc2ccc(OCc3ccccc3)cc2C=N1)NC1CC1
C1=NN(CCNC2CC2)CCOc2ccc(OCc3ccccc3)cc21
C1=NN(CCCNC2CC2)CCOc2ccc(OCc3ccccc3)cc21
C1=NN(CCCCC2CC2)CCOc2ccc(OCc3ccccc3)cc21
C1=NN(CCCCC2CCC2)CCOc2ccc(OCc3ccccc3)cc21
C1=NNCCOc2ccc(OCc3ccccc3)cc21
C1=NNCCOc2ccc(OCc3ccccc3)cc21
C1=NNCCOc2ccc(OCc3ccccc3)cc21
C1=NNCCOc2ccc(OCc3ccccc3)cc21
C1=NNCCOc2ccc(OCc3ccccc3)cc21
C1=NNCCOc2ccc(OCc3ccccc3)cc21
C1=NNCCOc2ccc(OCc3ccccc3)cc21
C1=NNCCOc2ccc(OCc3ccccc3)cc21
C1=NNCCOc2ccc(OCc3ccccc3)cc21
C1=NNCCOc2ccc(OCc3ccccc3)cc21
C1=NNCCOc2ccc(OCc3ccccc3)cc21
C1=NNCCOc2ccc(OCc3ccccc3)cc21
C1=NNCCOc2ccc(OCc3ccccc3)cc21
C1=NNCCOc2ccc(OCc3ccccc3)cc21
C1=NNCCOc2ccc(OCc3ccccc3)cc21
C1=NNCCOc2ccc(OCc3ccccc3)cc21
C1=NN2CCCCCCC2COc2ccc(OCc3ccccc3)cc21
C1=NN2CCCCCC2COc2ccc(OCc3ccccc3)cc21
C1=NN2CCCCC2COc2ccc(OCc3ccccc3)cc21
C1=NN2CCCCC2COc2ccc(OCc3ccccc3)cc21
C1=NN2CCCCC2COc2ccc(OCc3ccccc3)cc21
C1=NN2CCCC2COc2ccc(OCc3ccccc3)cc21
C1=NN2CCC2COc2ccc(OCc3ccccc3)cc21
C1=NN2CC2COc2ccc(OCc3ccccc3)cc21
C1=NN2CC2Oc2ccc(OCc3ccccc3)cc21
c1ccc(COc2ccc3oc4cn-4ncc3c2)cc1
c1ccc(COc2ccc3oc4cn-4ncc3c2)cc1
c1ccc(COc2ccc3oc4cn-4ncc3c2)cc1
c1ccc(COc2ccc3oc4cn-4ncc3c2)cc1
c1ccc(COc2ccc3oc4cn-4ncc3c2)cc1
c1ccc(COc2ccc3oc4cn-4ncc3c2)cc1
c1ccc(COc2ccc3oc4cn-4ncc3c2)cc1
c1ccc(COc2ccc3oc4cn-4ncc3c2)cc1
c1ccc(COc2ccc3oc4cn-4ncc3c2)cc1
c1ccc(COc2ccc3oc4cn-4ncc3c2)cc1
c1ccc(COc2ccc3[nH]c4cn-4ncc3c2)cc1
c1ccc(COc2ccc3[nH]c4cn-4ncc3c2)cc1
c1ccc(COc2ccc3[nH]c4cn-4ncc3c2)cc1
c1ccc(COc2ccc3[nH]c4cn-4ncc3c2)cc1
c1ccc(COc2ccc3[nH]c4cn-4ncc3c2)cc1
c1ccc(COc2ccc3[nH]c4cn-4ncc3c2)cc1
c1ccc(COc2ccc3[nH]c4cn-4ncc3c2)cc1
c1ccc(COc2ccc3[nH]c4cn-4ncc3c2)cc1
c1ccc(COc2ccc3[nH]c4cn-4ncc3c2)cc1
c1ccc(COc2ccc3[nH]c4cn-4ncc3c2)cc1
c1ccc(COc2ccc3[nH]c4cn-4ncc3c2)cc1
C1=C(n2ncc3cc(OCc4ccccc4)ccc32)N1
C1=C(n2ncc3cc(OCc4ccccc4)ccc32)N1
C1=C(n2ncc3cc(OCc4ccccc4)ccc32)N1
C1=C(n2ncc3cc(OCc4ccccc4)ccc32)CN1
C1=C(n2ncc3cc(OCc4ccccc4)ccc32)CN1
c1ccc(COc2ccc3c(cnn3C3CN3)c2)cc1
c1ccc(COc2ccc3c(cnn3C3=NC3)c2)cc1
c1ccc(COc2ccc3c(cnn3C3=NNC3)c2)cc1
c1ccc(COc2ccc3c(cnn3C3=NOC3)c2)cc1
c1ccc(COc2ccc3c(cnn3C3=NOCC3)c2)cc1
c1ccc(COc2ccc3c(cnn3C3=NCOCC3)c2)cc1
C1=CC(n2ncc3cc(OCc4ccccc4)ccc32)=NCO1
C1=CC(n2ncc3cc(OCc4ccccc4)ccc32)=CCO1
c1ccc(COc2ccc3c(cnn3-c3ccoc3)c2)cc1
C1=CC(n2ncc3cc(OCc4ccccc4)ccc32)=COC1
C1=CC(n2ncc3cc(OCc4ccccc4)ccc32)=COC1
C1=CC(n2ncc3cc(OCc4ccccc4)ccc32)=CCC1
C1=CC(n2ncc3cc(OCc4ccccc4)ccc32)=CCC1
C1=CC(n2ncc3cc(OCc4ccccc4)ccc32)=CCC1
c1ccc(COc2ccc3c(cnn3-c3ccccc3)c2)cc1
c1ccc(COc2ccc3c(cnn3-c3ccccc3)c2)cc1
c1ccc(COc2ccc3c(cnn3-c3ccccc3)c2)cc1
c1ccc(COc2ccc3c(cnn3-c3ccccc3)c2)cc1
c1ccc(COc2ccc3c(cnn3-c3ccccc3)c2)cc1
c1ccc(COc2ccc3c(cnn3-c3ccccc3)c2)cc1
c1ccc(COc2ccc3c(cnn3-c3ccccc3)c2)cc1
C1=CCC=CC(COc2ccc3c(cnn3-c3ccccc3)c2)=C1
C1=CCC=CC(COc2ccc3c(cnn3-c3ccccc3)c2)=C1
C1=CCC=CC(COc2ccc3c(cnn3-c3ccccc3)c2)=C1
c1ccc(COc2ccc3c(cnn3-c3ccccc3)c2)cc1
c1ccc(COc2ccc3c(cnn3-c3ccccc3)c2)cc1
c1ccc(-n2ncc3cc(OCc4ccc5c(c4)O5)ccc32)cc1
c1ccc(-n2ncc3cc(OCc4ccc5c(c4)OC5)ccc32)cc1
c1ccc(-n2ncc3cc(OCc4ccc5c(c4)OC5)ccc32)cc1
c1ccc(-n2ncc3cc(OCc4ccc5c(c4)OC5)ccc32)cc1
c1ccc(-n2ncc3cc(OCc4ccc5c(c4)OC5)ccc32)cc1
c1ccc(-n2ncc3cc(OCc4ccc5c(c4)OCO5)ccc32)cc1
c1ccc(-n2ncc3cc(OCc4ccc5c(c4)OCO5)ccc32)cc1
c1ccc(-n2ncc3cc(OCc4ccc5c(c4)OCO5)ccc32)cc1
c1ccc(-n2ncc3cc(OCc4ccc5c(c4)OCO5)ccc32)cc1
c1ccc(-n2ncc3cc(OCc4ccc5c(c4)OCCO5)ccc32)cc1
c1ccc(-n2ncc3cc(OCc4ccc5c(c4)OCCO5)ccc32)cc1
O=c1ccn(CCCCc2ccccc2)c2ccccc12
O=c1ccn(CCCCc2ccccc2)c2ccccc12
O=c1ccn(CCCC2Cc3ccccc32)c2ccccc12
C1=CN(c2ccccc2)CCC1C1Cc2ccccc21
C1=CN(c2ccccc2)CCC1C1Cc2ccccc21
C1=CN(c2ccccc2)CCC1C1Cc2ccccc21
C1=NN(c2ccccc2)CCC1C1Cc2ccccc21
C1=NN(c2ccccc2)CCC1C1Cc2ccccc21
C1=NN(c2ccccc2)CCC1C1Cc2ccccc21
C1=NN(c2ccccc2)CCC1C1Cc2ccccc21
C1=NN(c2ccccc2)CCC1C1Cc2ccccc21
C1=NN(c2ccccc2)CCC1C1Cc2ccccc21
C1=NN(c2ccccc2)c2cccc3c2C(C1)C3
C1=NN(c2ccccc2)c2cccc3c2C(C1)C3
C1=NN(c2ccccc2)c2cccc3c2C(C1)C3
C1=NN(c2ccccc2)c2cccc3c2C(C1)C3
C1=NN(c2ccccc2)c2cccc3c2C(C3)C1CC1CC1
c1ccc(N2N=C3CCCCC3C3Cc4cccc2c43)cc1
c1ccc(N2N=C3CCCCC3C3Cc4cccc2c43)cc1
c1ccc(N2N=C3CCCCC3C3Cc4cccc2c43)cc1
c1ccc(N2N=C3CCCCC3C3Cc4cccc2c43)cc1
c1ccc(N2N=C3CCCCC3C3Cc4cccc2c43)cc1
c1ccc(N2N=C3CCCCCC3C3Cc4cccc2c43)cc1
c1ccc(N2N=C3CCCCCC3C3Cc4cccc2c43)cc1
c1ccc(N2N=C3CCCCCC3C3Cc4cccc2c43)cc1
c1ccc(N2N=C3CCCCCC3C3Cc4cccc2c43)cc1
c1ccc(N2N=C3CCCCCCC3C3Cc4cccc2c43)cc1
c1ccc(-n2ncc3ccc4c(c32)C(C2CCCCCCC2)C4)cc1
c1ccc(-n2ncc3ccc4c(c32)C(C2CCCCCC2)C4)cc1
c1ccc(-n2ncc3ccc4c(c32)C(C2CCCCCC2)C4)cc1
c1ccc(-n2ncc3ccc4c(c32)C(C2CCCCC2)C4)cc1
C1=CC2=C(c3c(cnn3-c3ccccc3)C1)C(C1CCCCC1)C2
C1=CC2=C(c3c(cnn3-c3ccccc3)CC1)C(C1CCCCC1)C2
C1=CC(CCC2CCCCC2)=Cc2c(cnn2-c2ccccc2)CC1
C1=CC(CC2CCCCC2)=Cc2c(cnn2-c2ccccc2)CC1
C1=CC(C2CCCCC2)=Cc2c(cnn2-c2ccccc2)CC1
C1=C(C2CCCCC2)CCCc2cnn(-c3ccccc3)c21
C1=C(C2CCCCC2)CCCc2cnn(-c3ccccc3)c21
C1=C(C2CCCCC2)CCCc2cnn(-c3ccccc3)c21
C1=C(C2CCCCC2)CCCCc2cnn(-c3ccccc3)c21
C1=C(C2CCCCC2)CCCCc2cnn(-c3ccccc3)c21
C1=C(C2CCCCC2)CCCCc2cnn(-c3ccccc3)c21
C1=C(C2CCCCC2)CCCCc2cnn(-c3ccccc3)c21
C1=C(C2CCCCC2)CCCCc2cnn(-c3ccccc3)c21
C1=C(C2CCCCC2)CCCc2cnn(-c3ccccc3)c21
C1=C(C2CCCCC2CC2=NO2)CCCc2cnn(-c3ccccc3)c21
C1=C(C2CCCCC2CC2=NO2)CCc2cnn(-c3ccccc3)c21
C1=C2CCCC(CC3=NO3)C2CCCc2cnn(-c3ccccc3)c21
C1=C2CCCCC(CC3=NO3)C2CCCc2cnn(-c3ccccc3)c21
C1=C2CCCCC(CC3=NO3)C2CCc2cnn(-c3ccccc3)c21
C1=C2CCCCC(CC3=NO3)C2Cc2cnn(-c3ccccc3)c21
C1=C2CCCC3C(C4=NO4)C3C2Cc2cnn(-c3ccccc3)c21
C1=C2CCC3C(C4=NO4)C3C2Cc2cnn(-c3ccccc3)c21
C1=C2CCC3C(c4n[nH]o4)C3C2Cc2cnn(-c3ccccc3)c21
C1=C2CCCC(Cc3n[nH]o3)C2Cc2cnn(-c3ccccc3)c21
C1=C2CCCC(Cc3n[nH]o3)C2Cc2cnn(-c3ccccc3)c21
C1=C2CCCC(Cc3n[nH]o3)C2Cc2cnn(-c3ccccc3)c21
C1=C2CCCC(CC3=NCO3)C2Cc2cnn(-c3ccccc3)c21
C1=C2CCCC(CC3=NCO3)C2Cc2cnn(-c3ccccc3)c21
C1=C2CCCC(CC3=NCO3)C2Cc2cnn(-c3ccccc3)c21
C1=C2CCCC(CC3=NCS3)C2Cc2cnn(-c3ccccc3)c21
C1=C2CCCCC(CC3=NCS3)C2Cc2cnn(-c3ccccc3)c21
C1=C2CCCCC(CC3=NCS3)C2Cc2cnn(-c3ccccc3)c21
C1=C2CCCCC(CC3=NCS3)C2Cc2cnn(-c3ccccc3)c21
C1=C2CCCCC(CC3=NCS3)C2Cc2cnn(-c3ccccc3)c21
C1=C(CC2CCCCC3=Cc4c(cnn4-c4ccccc4)CC32)SC1
C1=C(CC2CCCCCC3=Cc4c(cnn4-c4ccccc4)CC32)SC1
C1=C(CC2CCCCCC3=Cc4c(cnn4-c4ccccc4)CC32)S1
C1=C(CC2CCCCCC3=Cc4c(cnn4-c4ccccc4)CC32)S1
C1=C(CC2CCCCCC3=Cc4c(cnn4-c4ccccc4)CC32)S1
C1=C(CC2CCCCC3=Cc4c(cnn4-c4ccccc4)CC32)S1
C1=C(CC2CCCCC3=Cc4c(cnn4-c4ccccc4)CC32)S1
C1=C(CC2CCCC3=Cc4c(cnn4-c4ccccc4)CC32)S1
C1=C(CC2CCCC3=Cc4c(cnn4-c4ccccc4)CC32)S1
C1=C(CC2CCCC3=Cc4c(cnn4-c4ccccc4)CC32)S1
C1=C(CC2CCCC3=Cc4c(cnn4-c4ccccc4)CC32)S1
C1=C(CC2CCCC3=Cc4c(cnn4-c4ccccc4)CC32)S1
C1=C(CC2CCCC3=Cc4c(cnn4-c4ccccc4)CC32)S1
C1=C(CC2CCCC3=Cc4c(cnn4-c4ccccc4)CC32)S1
C1=C(CC2CCCC3=Cc4c(cnn4-c4ccccc4)CC32)S1
C1=C(CC2CCCC3=Cc4c(cnn4-c4ccccc4)CC32)S1
C1=C(CC2CCCC3=Cc4c(cnn4-c4ccccc4)CC32)S1
C1=C(CC2CCCC3=Cc4c(cnn4-c4ccccc4)CC32)S1
C1=C(CC2CCCC3=Cc4c(cnn4-c4ccccc4)CC32)S1
C1=C(CC2CCCC3=Cc4c(cnn4-c4ccccc4)CC32)S1
C1=C(CC2CCCC3=Cc4c(cnn4-c4ccccc4)CC32)S1
C1=C(CC2CCCC3=Cc4c(cnn4-c4ccccc4)CC32)S1
C1=C(CC2CCCC3=Cc4c(cnn4-c4ccccc4)CC32)S1
C1=C(CC2CCCC3=Cc4c(cnn4-c4ccccc4)CC32)S1
C1=C(CC2CCCC3=Cc4c(cnn4-c4ccccc4)CC32)S1
C1=C(CC2CCCC3=Cc4c(cnn4-c4ccccc4)CC32)S1
C1=C(CC2CCCC3=Cc4c(cnn4-c4ccccc4)CC32)N1
C1=C(CC2CCCC3=Cc4c(cnn4-c4ccccc4)CC32)N1
C1=C(CC2CCCC3=Cc4c(cnn4-c4ccccc4)CC32)N1
C1=C(CC2CCCC3=Cc4c(cnn4-c4ccccc4)CC32)N1
C1=C(CC2CCCC3=Cc4c(cnn4-c4ccccc4)CC32)N1
C1=C(CC2CCCC3=Cc4c(cnn4-c4ccccc4)CC32)N1
C1=C(CC2CCCCC3=Cc4c(cnn4-c4ccccc4)CC32)N1
C1=C(CC2CCCCC3=Cc4c(cnn4-c4ccccc4)CC32)N1
C1=C(CC2CCCCC3=Cc4c(cnn4-c4ccccc4)CC32)N1
C1=C(CC2CCCCC3=Cc4c(cnn4-c4ccccc4)CC32)C1
C1=C(CC2CCCCC3=Cc4c(cnn4-c4ccccc4)CC32)C1
C1=C(CC2CCCCC3=Cc4c(cnn4-c4ccccc4)CC32)C1
C1=C(CC2CCCCC3=Cc4c(cnn4-c4ccccc4)CC32)C1
C1=C(CC2CCCCC3=Cc4c(cnn4-c4ccccc4)CC32)C1
C1=C(CC2CCCCC3=Cc4c(cnn4-c4ccccc4)CC32)CN1
C1=C(CC2CCCCC3=Cc4c(cnn4-c4ccccc4)CC32)CN1
C1=C(CC2CCCCC3=Cc4c(cnn4-c4ccccc4)CC32)CN1
C1=C(CC2CCCCC3=Cc4c(cnn4-c4ccccc4)CC32)CN1
C1=C(CC2CCCCC3=Cc4c(cnn4-c4ccccc4)CC32)CN1
C1=C(CC2CCCCC3=Cc4c(cnn4-c4ccccc4)CC32)CC1
C1=C(CC2CCCCC3=Cc4c(cnn4-c4ccccc4)CC32)CC1
C1=C(CC2CCCCC3=Cc4c(cnn4-c4ccccc4)CC32)CC1
C1=CC(CC2CCCCC3=Cc4c(cnn4-c4ccccc4)CC32)=C1
C1=CC(CC2CCCCCC3=Cc4c(cnn4-c4ccccc4)CC32)=C1
C1=CC(CC2CCCCCC3=Cc4c(cnn4-c4ccccc4)CC32)=C1
C1=CC(CC2CCCCCC3=Cc4c(cnn4-c4ccccc4)CC32)=C1
C1=CC(CC2CCCCC3=Cc4c(cnn4-c4ccccc4)CC32)=C1
C1=C2CCCCC(Cc3cccs3)C2Cc2cnn(-c3ccccc3)c21
C1=C2CCCCC(Cc3cccs3)C2Cc2cnn(-c3ccccc3)c21
C1=C2CCCC(Cc3cccs3)C2Cc2cnn(-c3ccccc3)c21
C1=C2CCCC(Cc3scc4c3O4)C2Cc2cnn(-c3ccccc3)c21
C1=C2CCCC(Cc3scc4c3O4)C2Cc2cnn(-c3ccccc3)c21
C1=C2CCCCC(Cc3scc4c3O4)C2Cc2cnn(-c3ccccc3)c21
C1=C2CCCCC(Cc3scc4c3N4)C2Cc2cnn(-c3ccccc3)c21
C1=C2CCCCC(Cc3cccs3)C2Cc2cnn(-c3ccccc3)c21
C1=C2CCCC(Cc3cccs3)C2Cc2cnn(-c3ccccc3)c21
C1=C2CCCC(Cc3cncs3)C2Cc2cnn(-c3ccccc3)c21
C1=C2CCCC(Cc3cncs3)C2Cc2cnn(-c3ccccc3)c21
C1=C2CCCC(Cc3cncs3)C2Cc2cnn(-c3ccccc3)c21
C1=C2CCCC(Cc3cncs3)C2Cc2cnn(-c3ccccc3)c21
C1=C2CCCC(Cc3cncs3)C2Cc2cnn(-c3ccccc3)c21
C1=C2CCCC(Cc3cncs3)C2Cc2cnn(-c3ccccc3)c21
C1=C2CCCC(Cc3cncs3)C2Cc2cnn(-c3ccccc3)c21
C1=C2CCCC(Cc3cncs3)C2Cc2cnn(-c3ccccc3)c21
C1=C2CCCC(Cc3cncs3)C2Cc2cnn(-c3ccccc3)c21
C1=C2CCCC(Cc3cncs3)C2Cc2cnn(-c3ccccc3)c21
C1=C2CCCC(Cc3cncs3)C2Cc2cnn(-c3ccccc3)c21
C1=C2CCCC(Cc3cccs3)C2Cc2cnn(-c3ccccc3)c21
C1=C2CCCC(Cc3cccs3)C2Cc2cnn(-c3ccccc3)c21
C1=C2CCCC(Cc3cccs3)C2Cc2cnn(-c3ccccc3)c21
C1=C2CCCC(Cc3cccs3)C2Cc2cnn(-c3ccccc3)c21
C1=C2CCCC(Cc3cccs3)C2Cc2cnn(-c3ccccc3)c21
C1=C2CCCCC(Cc3cccs3)C2Cc2cnn(-c3ccccc3)c21
C1=C2CCCCC(Cc3cccs3)C2Cc2cnn(-c3ccccc3)c21
C1=C2CCCCC(Cc3cccs3)C2Cc2cnn(-c3ccccc3)c21
C1=C2CCCCC(Cc3cccs3)C2Cc2cnn(-c3ccccc3)c21
C1=C2CCCCC(Cc3cccs3)C2Cc2cnn(-c3ccccc3)c21
C1=C2CCCCC(Cc3cccs3)C2Cc2cnn(-c3ccccc3)c21
C1=C2CCCCCC(Cc3cccs3)C2Cc2cnn(-c3ccccc3)c21
C1=C2CCCCCC(Cc3cccs3)C2Cc2cnn(-c3ccccc3)c21
C1=C2CCCCC(Cc3cccs3)C2Cc2cnn(-c3ccccc3)c21
C1=C2CCCCC(Cc3cccs3)C2Cc2cnn(-c3ccccc3)c21
C1=C2CCCCC(Cc3cccs3)C2Cc2cnn(-c3ccccc3)c21
C1=C2CCCCC(Cc3cccs3)C2Cc2cnn(-c3ccccc3)c21
C1=C2CCCC(Cc3cccs3)C2Cc2cnn(-c3ccccc3)c21
C1=C2CCCC(Cc3cccs3)C2Cc2cnn(-c3ccccc3)c21
C1=C2CCCC(Cc3cccs3)C2Cc2cnn(-c3ccccc3)c21
C1=C2CCCC(Cc3cccs3)C2Cc2cnn(-c3ccccc3)c21
C1=C2CCCC(Cc3cccs3)C2Cc2cnn(-c3ccccc3)c21
C1=C2CCCC(Cc3ccc(CC4CCCCO4)s3)C2Cc2cnn(-c3ccccc3)c21
C1=C2CCCC(Cc3ccc(C4CCCCO4)s3)C2Cc2cnn(-c3ccccc3)c21
C1=C2CCCC(Cc3ccc(C4CCCO4)s3)C2Cc2cnn(-c3ccccc3)c21
C1=C2CCCC(Cc3cccs3)C2Cc2cnn(-c3ccccc3)c21
C1=C2CCCC(Cc3cccs3)C2Cc2cnn(-c3ccccc3)c21
C1=C2CCCC(Cc3cccs3)C2Cc2cnn(-c3ccccc3)c21
C1=C2CCCC(Cc3cccs3)C2Cc2cnn(-c3ccccc3)c21
C1=C2CCCC(Cc3cccs3)C2Cc2cnn(-c3ccccc3)c21
C1=C2CCCC(Cc3cccs3)C2Cc2cnn(-c3ccccc3)c21
C1=C2CCCC(Cc3cccs3)C2Cc2cnn(-c3ccccc3)c21
C1=C2CCCC(Cc3cccs3)C2Cc2cnn(-c3ccccc3)c21
C1=C2CCCC(Cc3cccs3)C2Cc2cnn(-c3ccccc3)c21
C1=C2CCCC(Cc3cccs3)C2Cc2cnn(-c3ccccc3)c21
C1=C2CCCC(Cc3cccs3)C2Cc2cnn(-c3ccccc3)c21
C1=C2CCCC(Cc3cccs3)C2Cc2cnn(-c3ccccc3)c21
C1=C2CCCC(Cc3cccs3)C2Cc2cnn(-c3ccccc3)c21
C1=C2CCCC(Cc3cccs3)C2Cc2cnn(-c3ccccc3)c21
C1=C2CCCC(Cc3cccs3)C2Cc2cnn(-c3ccccc3)c21
C1=C2CCCC(Cc3cccs3)C2Cc2cnn(-c3ccccc3)c21
C1=C2CCCC(Cc3cccs3)C2Cc2cnn(-c3ccccc3)c21
C1=C2CCCC(Cc3cccs3)C2Cc2cnn(-c3ccccc3)c21
C1=C2CCCC(Cc3cccs3)C2Cc2cnn(-c3ccccc3)c21
C1=C2CCCC(Cc3cccs3)C2Cc2cnn(-c3ccccc3)c21
C1=C2CCCC(Cc3cccs3)C2Cc2cnn(-c3ccccc3)c21
C1=C2CCCC(Cc3cccs3)C2Cc2cnn(-c3ccccc3)c21
C1=C2CCCC(Cc3cccs3)C2Cc2cnn(-c3ccccc3)c21
C1=C2CCCC(Cc3cccs3)C2Cc2cnn(-c3ccccc3)c21
C1=C2CCCC(Cc3cccs3)C2Cc2cnn(-c3ccccc3)c21
C1=C2CCCC(Cc3cccs3)C2Cc2cnn(-c3ccccc3)c21
C1=C2CCCC(Cc3cccs3)C2Cc2cnn(-c3ccccc3)c21
C1=C2CCCC(Cc3cccs3)C2Cc2cnn(-c3ccccc3)c21
C1=C2CCCC(Cc3cccs3)C2Cc2cnn(-c3ccccc3)c21
C1=C2CCCC(Cc3cccs3)C2Cc2cnn(-c3ccccc3)c21
C1=C2CCCC(Cc3cccs3)C2Cc2cnn(-c3ccccc3)c21
C1=C2CCCC(Cc3cccs3)C2Cc2cnn(-c3ccccc3)c21
C1=C2CCCC(Cc3cccs3)C2Cc2cnn(-c3ccccc3)c21
C1=C2CCCC(Cc3cccs3)C2Cc2cnn(-c3ccccc3)c21
O=C(Cc1ccc(CC2CCCC3=Cc4c(cnn4-c4ccccc4)CC32)s1)NC1CC1
O=C(Cc1ccc(CC2CCCCC3=Cc4c(cnn4-c4ccccc4)CC32)s1)NC1CC1
O=C(NC1CC1)c1csc(CC2CCCCC3=Cc4c(cnn4-c4ccccc4)CC32)c1
O=C(NC1CC1)c1csc(CC2CCCC3=Cc4c(cnn4-c4ccccc4)CC32)c1
O=C(NCC1CC1)c1csc(CC2CCCC3=Cc4c(cnn4-c4ccccc4)CC32)c1
O=C(CCC1CC1)c1csc(CC2CCCC3=Cc4c(cnn4-c4ccccc4)CC32)c1
O=C(CC1CC1)c1csc(CC2CCCC3=Cc4c(cnn4-c4ccccc4)CC32)c1
O=C(OCC1CC1)c1csc(CC2CCCC3=Cc4c(cnn4-c4ccccc4)CC32)c1
O=C(OC1CC1)c1csc(CC2CCCC3=Cc4c(cnn4-c4ccccc4)CC32)c1
O=C(OC1CC1)c1csc(CC2CCCCC3=Cc4c(cnn4-c4ccccc4)CC32)c1
C1=C2CCCCC(Cc3cccs3)C2Cc2cnn(-c3ccccc3)c21
C1=C2CCCCC(Cc3cccs3)C2Cc2cnn(-c3ccccc3)c21
C1=C2CCCCC(Cc3cccs3)C2Cc2cnn(-c3ccccc3)c21
C1=C2CCCCC(Cc3cccs3)C2Cc2cnn(-c3ccccc3)c21
C1=C2CCCC(Cc3cccs3)C2Cc2cnn(-c3ccccc3)c21
C1=C2CCCC(Cc3cccs3)C2Cc2cnn(-c3ccccc3)c21
C1=C2CCCC(Cc3cccs3)C2Cc2cnn(-c3ccccc3)c21
C1=C2CCCC(Cc3cccs3)C2Cc2cnn(-c3ccccc3)c21
C1=C2CCCC(Cc3cccs3)C2Cc2cnn(-c3ccccc3)c21
C1=C2CCCC(Cc3cccs3)C2Cc2cnn(-c3ccccc3)c21
C1=C2CCCC(Cc3cccs3)C2Cc2cnn(-c3ccccc3)c21
C1=C2CCCC(Cc3cccs3)C2Cc2cnn(-c3ccccc3)c21
C1=C2CCCC(Cc3cccs3)C2Cc2cnn(-c3ccccc3)c21
C1=C2CCCC(Cc3cccs3)C2Cc2cnn(-c3ccccc3)c21
C1=C2CCCC(Cc3cccs3)C2Cc2cnn(-c3ccccc3)c21
C1=C2CCCC(Cc3cccs3)C2Cc2cnn(-c3ccccc3)c21
C1=C2CCCC(Cc3cccs3)C2Cc2cnn(-c3ccccc3)c21
C1=C2CCCC(Cc3cccs3)C2Cc2cnn(-c3ccccc3)c21
O=C(c1csc(CC2CCCC3=Cc4c(cnn4-c4ccccc4)CC32)c1)N1CC1
O=C(c1csc(CC2CCCC3=Cc4c(cnn4-c4ccccc4)CC32)c1)N1CC1
O=C(c1csc(CC2CCCC3=Cc4c(cnn4-c4ccccc4)CC32)c1)N1CC1
O=C(c1csc(CC2CCCC3=Cc4c(cnn4-c4ccccc4)CC32)c1)N1CC1
O=C(c1csc(CC2CCCC3=Cc4c(cnn4-c4ccccc4)CC32)c1)N1CC1
O=C(c1csc(CC2CCCC3=Cc4c(cnn4-c4ccccc4)CC32)c1)N1CC1
O=C(c1csc(CC2CCCC3=Cc4c(cnn4-c4ccccc4)CC32)c1)N1CC1
O=C(c1csc(CC2CCCC3=Cc4c(cnn4-c4ccccc4)CC32)c1)N1CCC1
O=C(c1csc(CC2CCCC3=Cc4c(cnn4-c4ccccc4)CC32)c1)N1CCC1
O=C(c1csc(CC2CCCC3=Cc4c(cnn4-c4ccccc4)CC32)c1)N1CCC1
O=C(c1csc(CC2CCCC3=Cc4c(cnn4-c4ccccc4)CC32)c1)N1CC1
O=C(c1csc(CC2CCCC3=Cc4c(cnn4-c4ccccc4)CC32)c1)N1CC1
O=C(c1csc(CC2CCCCC3=Cc4c(cnn4-c4ccccc4)CC32)c1)N1CC1
O=C(c1csc(CC2CCCCCC3=Cc4c(cnn4-c4ccccc4)CC32)c1)N1CC1
O=C(c1csc(CC2CCCCCC3=Cc4c(cnn4-c4ccccc4)CC32)c1)N1CC1
O=C(c1csc(CC2CCCCCC3=Cc4c(cnn4-c4ccccc4)CC32)c1)N1CC1
C1=C2CCCCCC(Cc3cccs3)C2Cc2cnn(-c3ccccc3)c21
C1=C2CCCCCC(Cc3cccs3)C2Cc2cnn(-c3ccccc3)c21
C1=C2CCCCC(Cc3cccs3)C2Cc2cnn(-c3ccccc3)c21
C1=C2CCCCC(Cc3cccs3)C2Cc2cnn(-c3ccccc3)c21
C1=C2CCCCC(Cc3cccs3)C2Cc2cnn(-c3ccccc3)c21
C1=C2CCCCC(Cc3cccs3)C2Cc2cnn(-c3ccccc3)c21
C1=C2CCCCC(Cc3cccs3)C2Cc2cnn(-c3ccccc3)c21
C1=C2CCCCC(Cc3cccs3)C2Cc2cnn(-c3ccccc3)c21
C1=C2CCCCC(Cc3cc4cnccc4s3)C2Cc2cnn(-c3ccccc3)c21
C1=C2CCCC(Cc3cc4cnccc4s3)C2Cc2cnn(-c3ccccc3)c21
C1=C2CCCC(Cc3cc4cnccc4s3)C2Cc2cnn(-c3ccccc3)c21
C1=C2CCCCC(Cc3cc4cnccc4s3)C2Cc2cnn(-c3ccccc3)c21
C1=C2CCCCC(Cc3cc4ccccc4s3)C2Cc2cnn(-c3ccccc3)c21
C1=C2CCCC(Cc3cc4ccccc4s3)C2Cc2cnn(-c3ccccc3)c21
C1=C2CCCC(Cc3cc4ncccc4s3)C2Cc2cnn(-c3ccccc3)c21
C1=C2CCCCC(Cc3cc4ncccc4s3)C2Cc2cnn(-c3ccccc3)c21
C1=C2CCCCC(Cc3cc4ccncc4s3)C2Cc2cnn(-c3ccccc3)c21
C1=C2CCCCCC(Cc3cc4ccncc4s3)C2Cc2cnn(-c3ccccc3)c21
C1=C2CCCCCC(Cc3cc4ccccc4s3)C2Cc2cnn(-c3ccccc3)c21
C1=C2CCCCC(Cc3cc4ccccc4s3)C2Cc2cnn(-c3ccccc3)c21
C1=C2CCCC(Cc3cc4ccccc4s3)C2Cc2cnn(-c3ccccc3)c21
O=c1ccn(CCCCc2ccccc2)c2ccccc12
c1ccc(CCCCNc2ccccc2)cc1
c1ccc(CCCCNc2ccccc2)cc1
c1ccc(CCCCNc2ccccc2)cc1
O=C(CCCc1ccccc1)Nc1ccccc1
O=C(CCCc1ccccc1)Nc1c2cccc1C2
O=C(CCCc1ccccc1)Nc1c2cccc1-2
O=C(CCCc1ccccc1)Nc1ccccc1
O=C(CCCc1ccccc1)Nc1ccccc1
O=C(CCCc1ccccc1)Nc1ccccc1
O=C(CCCc1ccccc1)Nc1ccccc1
O=C(CCCc1ccccc1)Nc1ccc2c(c1)O2
O=C(CCCc1ccccc1)Nc1ccc2c(c1)O2
O=C(CCCc1ccccc1)Nc1ccc2c(c1)O2
O=C(CCCc1ccccc1)Nc1ccc2c(c1)CO2
O=C(CCCc1ccccc1)Nc1ccc2c(c1)COO2
O=C(CCCc1ccccc1)Nc1ccc2c(c1)COO2
O=C(CCCc1ccccc1)Nc1ccc2c(c1)COOC2
O=C(CCCc1ccccc1)Nc1ccc2c(c1)COCOC2
O=C(CCCc1ccccc1)Nc1ccc2c(c1)COCOC2
C=C1OCc2ccc(NC(=O)CCCc3ccccc3)cc2CO1
O=C(CCCc1ccccc1)Nc1ccc2c(c1)COC=CC2
O=C(CCCc1ccccc1)Nc1ccc2c(c1)COC=CC2
O=C(CCCc1ccccc1)Nc1ccc2c(c1)COC=CCC2
O=C(CCCc1ccccc1)Nc1ccc2c(c1)COC=CCC2
O=C(CCCc1ccccc1)Nc1ccc2c(c1)COC=CC2
O=C(CCCc1ccccc1)Nc1ccc2c(c1)COC=C2
O=C(CCCc1ccccc1)Nc1ccc2c(c1)COC2
O=C(CCCc1ccccc1)Nc1ccc2c(c1)COC2
O=C(CCCc1ccccc1)Nc1ccc2c(c1)COC2=O
O=c1ccn(CCCCc2ccccc2)c2ccccc12
O=c1ccn(CCCCc2cccc3c2O3)c2ccccc12
O=c1ccn(CCCCc2cccc3c2O3)c2ccccc12
O=c1ccn(CCCCc2cccc3c2O3)c2ccccc12
c1ccc(NCCCCc2cccc3c2O3)cc1
c1ccc(NCCCCc2cccc3c2OC3)cc1
O=C(CCCc1cccc2c1OC2)Nc1ccccc1
O=C(CCCc1cccc2c1OC2)Nc1ccccc1
O=C(CCCc1cccc2c1OC2)Nc1ccccc1
O=C(CCCc1cccc2c1OC2)Nc1ccccc1
O=C(CCCc1cccc2c1OCC2)Nc1ccccc1
O=C(CCCc1cccc2c1OCC2)Nc1ccc2c(c1)C=C2
O=C(CCCc1cccc2c1OCC2)Nc1ccc2c(c1)C=C2
O=C(CCCc1cccc2c1OCC2)Nc1ccc2c(c1)C=C2
O=C(CCCc1cccc2c1OCC2)Nc1ccc2c(c1)C=C2
O=C(CCCc1cccc2c1OCC2)Nc1ccc2c(c1)C=C2
O=C(CCCc1cccc2c1OCC2)Nc1ccc2c(c1)C=C2
O=C(CCCc1cccc2c1OCC2)Nc1ccc2c(c1)C=C2
O=C(CCCc1cccc2c1OCC2)Nc1ccc2c(c1)C=C2
O=C(CCCc1cccc2c1OCC2)Nc1ccc2c(c1)C1=C2CC1
O=C(CCCc1cccc2c1OCC2)Nc1ccc2c(c1)C1=C2CC1
O=C(CCCc1cccc2c1OCC2)Nc1ccc2c(c1)C1=C2C(=O)C1
O=C1CCc2cc(NC(=O)CCCc3cccc4c3OCC4)ccc2C1
O=C1Cc2ccc(NC(=O)CCCc3cccc4c3OCC4)cc2C1
O=C(CCCc1cccc2c1OCC2)Nc1ccc2c(c1)CC2=O
O=C(CCCc1cccc2c1OCC2)Nc1ccc2c(c1)CC2=O
O=C(CCCc1cccc2c1OCC2)Nc1ccc2c(c1)CC2=O
O=C(CCCc1cccc2c1OCC2)Nc1ccc2c(c1)COC2=O
O=C(CCCc1cccc2c1OCC2)Nc1ccc2c(c1)COC2=O
O=C(CCCc1cccc2c1OCC2)Nc1ccc2c(c1)CCOC2=O
O=C(CCCc1cccc2c1OCC2)Nc1ccc2c(c1)CCOC2=O
O=C(CCCc1cccc2c1OCC2)Nc1ccc2c(=O)occc2c1
O=C(CCCc1cccc2c1OCC2)Nc1ccc2c(=O)occc2c1
O=C(CCCc1cccc2c1OCC2)Nc1ccc2c(=O)oncc2c1
O=C(NCCCNc1cccc2c1cnn2-c1ccccc1)c1ccccc1
O=C(NC1CCNc2cccc3c2c1nn3-c1ccccc1)c1ccccc1
O=C(Cc1ccccc1)NC1CCNc2cccc3c2c1nn3-c1ccccc1
O=C(Cc1ccccc1)NC1CCCc2cccc3c2c1nn3-c1ccccc1
c1ccc(C2CCCc3cccc4c3c2nn4-c2ccccc2)cc1
c1ccc(C2CCCc3cccc4c3c2nn4-c2ccccc2)cc1
c1ccc(NN=C2c3ccccc3CCCC2c2ccccc2)cc1
c1ccc(NN=C2c3ccccc3CCCC2c2ccccc2)cc1
c1ccc(NN=C2c3ccccc3CCCC2c2ccccc2)cc1
c1ccc(NN=C2c3ccccc3CCCC2c2ccccc2)cc1
c1ccc(NN=C2c3ccccc3CCC(C3CC3)C2c2ccccc2)cc1
c1ccc(NN=C2c3ccccc3CCC(C3CC3)C2c2ccccc2)cc1
c1ccc(NN=C2c3ccccc3CCC(C3CC3)C2c2ccccc2)cc1
c1ccc(N=C2c3ccccc3CCC(C3CC3)C2c2ccccc2)cc1
c1ccc(N=C2c3ccccc3CCC(C3CC3)C2c2ccccc2)cc1
c1ccc(NC2c3ccccc3CCC(C3CC3)C2c2ccccc2)cc1
c1ccc(NC2c3ccccc3CCC(C3CC3)C2c2ccccc2)cc1
c1ccc(NC2c3ccccc3CCCC(C3CC3)C2c2ccccc2)cc1
c1ccc(NC2c3ccccc3CCCC(C3CC3)C2c2ccccc2)cc1
c1ccc(NC2c3ccccc3CCC(C3CC3)C2c2ccccc2)cc1
c1ccc(C2C(Nc3cccnc3)c3ccccc3CCC2C2CC2)cc1
c1ccc(C2C(Nc3cccnc3)c3ccccc3CCC2C2CC2)cc1
c1ccc(C2C(Nc3cccnc3)c3ccccc3CCC2C2CC2)cc1
c1ccc(C2C(Nc3cccnc3)c3ccccc3CCC2C2CC2)cc1
c1ccc(C2Cc3ccc(OCCc4cccnc4)cc3CCC2C2CC2)cc1
c1ccc(C2Cc3ccc(OCc4cccnc4)cc3CCC2C2CC2)cc1
c1ccc(C2Cc3ccc(OCc4cccnc4)cc3CCC2C2CC2)cc1
c1ccc(C2Cc3ccc(OCc4cccnc4)cc3CCC2C2CC2)cc1
c1ccc(C2Cc3ccc(OCc4cccnc4)cc3CCC2C2CC2)cc1
c1ccc(C2Cc3ccc(OCc4cccnc4)cc3CCC2C2CC2)cc1
c1ccc(C2Cc3ccc(OCc4cccnc4)cc3CCC2C2CC2)cc1
c1ccc(C2Cc3ccc(OCc4cccnc4)cc3CCC2C2CC2)cc1
c1ccc(C2Cc3ccc(OCc4cccnc4)cc3CCC2C2CC2)cc1
c1ccc(C2Cc3ccc(OCc4cccnc4)cc3CCC2C2CC2)cc1
c1ccc(C2Cc3ccc(OCc4cccnc4)cc3CCC2C2CC2)cc1
c1ccc(C2Cc3ccc(OCc4cccnc4)cc3CCC2C2CC2)cc1
c1cncc(COc2ccc3c(c2)CCC(C2CC2)C2c4ccccc4CCCC32)c1
c1cncc(COc2ccc3c(c2)CCC(C2CC2)C2c4ccccc4CCCC32)c1
c1cncc(COc2ccc3c(c2)CCC(C2CC2)C2c4ccccc4CCCC32)c1
c1cncc(COc2ccc3c(c2)CCC(C2CC2)CC2c4ccccc4CCCC32)c1
c1cncc(COc2ccc3c(c2)CCC(C2CC2)CC2c4ccccc4CCC32)c1
c1cncc(COc2ccc3c(c2)CCC(C2CC2)CC2Cc4ccccc4CCC32)c1
c1cncc(COc2ccc3c(c2)CCC(C2CC2)CC2Cc4ccccc4CCC32)c1
c1cncc(COc2ccc3c(c2)CCC(C2CC2)CCC3C2Cc3ccccc3C2)c1
c1cncc(COc2ccc3c(c2)CCC(C2CC2)CCC3C2Cc3ccccc3C2)c1
c1cncc(COc2ccc3c(c2)CCCCCC3C2Cc3ccccc3C2)c1
c1cncc(COc2ccc3c(c2)CCCCCC3C2Cc3ccccc3C2)c1
C1=CC2=C(C=1)CC(C1CCCCCc3cc(OCc4cccnc4)ccc31)C2
C1=CC2=C(C=1)CC(C1CCCCCc3cc(OCc4cccnc4)ccc31)C2
C1=CC2=C1CC(C1CCCCCc3cc(OCc4cccnc4)ccc31)C2
C1=CCC(C2CCCCCc3cc(OCc4cccnc4)ccc32)C1
c1cncc(COc2ccc3c(c2)CCCCCC3C2CCC2)c1
c1cncc(COc2ccc3c(c2)CCCCCC3C2CCCC2)c1
c1cncc(COc2ccc3c(c2)CCCCCC3C2CCCC2)c1
c1cncc(COc2ccc3c(c2)CCCCCC3C2CCCC2)c1
c1cncc(COc2ccc3c(c2)CCCCC3C2CCCC2)c1
c1cncc(COc2ccc3c(c2)CCCCC3C2CCC(C3CC3)C2)c1
c1cncc(COc2ccc3c(c2)CCCCC3C2CCC(C3CC3)C2)c1
c1cncc(COc2ccc3c(c2)CCCCC3C2CCC(C3CC3)C2)c1
c1cncc(COc2ccc3c(c2)CCCC3C2CCC(C3CC3)C2)c1
c1cncc(COc2ccc3c(c2)CCCC3C2CCC(C3CCC3)C2)c1
c1cncc(COc2ccc3c(c2)CCC2CC(C4CCC4)CCCC32)c1
c1cncc(COc2ccc3c(c2)CCC2CC(C4CCC4)CCCC32)c1
c1cncc(COc2ccc3c(c2)CCC2CC(C4CCC4)CCC32)c1
c1cncc(COc2ccc3c(c2)CCC2CC(C4CCC4)CCC32)c1
c1cncc(COc2ccc3c(c2)CCC2CC(C4CC4)CCC32)c1
c1cncc(COc2ccc3c(c2)CCC2CC(C4CC4)CCC32)c1
c1cncc(COc2ccc3c(c2)CCC2CCCCC32)c1
c1cncc(COc2ccc3c(c2)CCC2CC(C4CCC4)CCC32)c1
c1cncc(COc2ccc3c(c2)CCC2CC(C4CCCC4)CCC32)c1
c1cncc(COc2ccc3c(c2)CCC2CC(C4CCCC4)CCC32)c1
c1cncc(COc2ccc3c(c2)CCC2CC(C4CCC4)CCC32)c1
c1cncc(COc2ccc3c(c2)CCC2CC(C4CCC4)CCC32)c1
c1cncc(COc2ccc3c(c2)CCC2CC(C4CCC4)CCC32)c1
c1cncc(COc2ccc3c(c2)CCC2CC(C4CCCC4)CCC32)c1
c1cncc(COc2ccc3c(c2)CCC2CC(C4CCCC4)CCC32)c1
C1=CCC(C2CCC3c4ccc(OCc5cccnc5)cc4CCC3C2)C1
C1=CC(C2CCC3c4ccc(OCc5cccnc5)cc4CCC3C2)C1
C1=CC(C2CCC3c4ccc(OCc5cccnc5)cc4CCC3C2)C1
C1=CC1C1CCC2c3ccc(OCc4cccnc4)cc3CCC2C1
C1=CC1CC1CCC2c3ccc(OCc4cccnc4)cc3CCC2C1
c1cncc(COc2ccc3c(c2)CCC2CCCCC32)c1
c1cncc(COc2ccc3c(c2)CCC2CCCCC32)c1
c1cncc(COc2ccc3c(c2)CCC2CCCCC32)c1
c1cncc(COc2ccc3c(c2)CCC2CCCCC32)c1
O=C(NCCCNc1cccc2c1cnn2-c1ccccc1)c1ccccc1
O=C(NCCCNc1cccc2c1cnn2-c1ccccc1)c1ccccc1
O=C1c2ccccc2CCN1CCCNc1cccc2c1cnn2-c1ccccc1
O=C1c2ccccc2CCN1C1CCNc2cccc3c2c1nn3-c1ccccc1
O=C1c2ccccc2CCN1C1CCNc2cccc3c2c1nn3-c1ccccc1
O=C1c2ccccc2CCCN1C1CCNc2cccc3c2c1nn3-c1ccccc1
N=C1c2c(cccc2Nc2ccccc2)NCCC1N1CCCc2ccccc2C1=O
N=C1c2c(cccc2Nc2ccccc2)NCC1N1CCCc2ccccc2C1=O
N=C1c2c(cccc2Nc2ccccc2)NCC1N1CCCc2ccccc2C1=O
N=C1c2c(cccc2Nc2ccccc2)NCC1N1CCCc2ccccc2C1=O
N=C1c2c(cccc2Nc2ccccc2)NCC1N1CCCc2ccccc2C1=O
N=C1c2c(cccc2Nc2ccccc2)NCC1N1CCCc2ccccc2C1=O
N=C1c2c(cccc2Nc2ccccc2)NCC1N1CCCc2ccccc2C1=O
N=C1c2c(cccc2Nc2ccccc2)NCC1C1CCCc2ccccc2C1=O
N=C1c2c(cccc2Nc2ccccc2)NCC1C1CCCc2ccccc2C1=O
N=C1c2c(cccc2Nc2ccccc2)NCC1C1CCCc2ccccc2C1=O
N=C1c2c(cccc2Nc2ccccc2)NCC1C1CCCc2ccccc2C1=O
N=C1c2c(cccc2Nc2ccccc2)NCC1C1CCCc2ccccc2C1=O
N=C1c2c(cccc2Nc2ccccc2)NCC1C1CCCc2ccccc2C1=O
N=C1c2c(cccc2Nc2ccccc2)NCC1C1CCCc2ccccc2C1=O
N=C1c2c(Cc3ccccc3)cccc2NCC1C1CCCc2ccccc2C1=O
C=C1c2c(Cc3ccccc3)cccc2NCC1C1CCCc2ccccc2C1=O
C=C1c2c(Cc3ccccc3)cccc2NCC1C1CCCc2ccccc2C1=O
C=C1c2c(Cc3ccccc3)cccc2NCC1C1CCCc2ccccc2C1=O
C=C1c2c(Cc3ccccc3)cccc2NCC1C1CCCCc2ccccc2C1=O
C=C1c2ccccc2NCC1C1CCCCc2c(cccc2-c2ccccc2)C1=O
C=C1c2ccccc2NCC1C1CCCCc2c(cccc2-c2ccccc2)C1=O
C=C1c2ccccc2NCC1C1CCCc2c(cccc2-c2ccccc2)C1=O
C=C1c2ccccc2NCC1C1CCCc2c(cccc2-c2ccccc2)C1=O
O=C1c2cccc(-c3ccccc3)c2CCCC1CC1=CCNc2ccccc21
O=C1c2cccc(-c3ccccc3)c2CCCC1C1=CCNc2ccccc21
O=C1c2cccc(-c3ccccc3)c2CCCC1C1=CCNc2ccccc21
O=C1c2cccc(-c3ccccc3)c2CCCC1C1=CCNc2ccccc21
O=C1c2cccc(-c3ccccc3)c2CCC1C1=CCNc2ccccc21
O=C1OC(C2=CCNc3ccccc32)CCc2c1cccc2-c1ccccc1
O=C1OC(C2=CCNc3ccccc32)CCc2c1cccc2-c1ccccc1
O=C1OC(C2=CCNc3ccccc32)CCCc2c1cccc2-c1ccccc1
O=C1OC(CC2=CCNc3ccccc32)CCCc2c1cccc2-c1ccccc1
O=C1OC(Cc2cccc3c2C=CCN3)CCCc2c1cccc2-c1ccccc1
O=C1OC(c2cccc3c2C=CCN3)CCCc2c1cccc2-c1ccccc1
O=C1OC(c2cccc3c2C=CCN3)CCc2c1cccc2-c1ccccc1
O=C1OC(c2cccc3c2C=CCN3)CCc2c1cccc2-c1ccccc1
O=C1OC(c2cccc3c2C=CCN3)CCCc2c1cccc2-c1ccccc1
O=C1OC(c2c(Cc3ccccc3)ccc3c2C=CCN3)CCCc2ccccc21
O=C1OC(c2c(-c3ccccc3)ccc3c2C=CCN3)CCCc2ccccc21
O=C1OC(c2c(-c3ccccc3)ccc3c2C=CCN3)CCc2ccccc21
O=C1OC2c3c(ccc4c3C=CCN4)-c3ccccc3OC2Cc2ccccc21
O=C1OC2c3c(ccc4c3C=CCN4)-c3ccccc3OC2CCc2ccccc21
O=C1CC2c3c(ccc4c3C=CCN4)-c3ccccc3OC2CCc2ccccc21
O=C1c2ccccc2CCC2Oc3ccccc3-c3ccc4c(c3C12)C=CCN4
O=C1c2ccccc2CCCC2Oc3ccccc3-c3ccc4c(c3C12)C=CCN4
O=C1c2ccccc2CCCC2Oc3ccccc3-c3ccc4c(c3C12)C=CCN4
O=C1c2ccccc2CCCC2COc3ccccc3-c3ccc4c(c3C12)C=CCN4
O=C1c2ccccc2CCCC2COc3ccccc3-c3ccc4c(c3C12)C=CCN4
O=C1CC(C2Oc3ccccc3-c3ccc4c(c32)C=CCN4)CCCc2ccccc21
C1=Cc2c(ccc3c2C(C2CCCc4ccccc4CC2)Oc2ccccc2-3)NC1
C1=Cc2c(ccc3c2C(C2CCCc4ccccc4CC2)Oc2ccccc2-3)NC1
C1=Cc2c(ccc3c2C(C2CCCc4ccccc4CC2)Oc2ccccc2-3)NC1
C1=Cc2c(ccc3c2C(C2CCCc4ccccc4CC2)Oc2ccccc2-3)NC1
C1=Cc2c(ccc3c2C(C2CCc4ccccc4CC2)Oc2ccccc2-3)NC1
C1=Cc2c(ccc3c2C(C2CCc4ccccc4CC2)Oc2ccccc2-3)NC1
C1=Cc2c(ccc3c2C(C2CCc4ccccc4CC2)Oc2ccccc2-3)NC1
C1=Cc2c(ccc3c2C(C2CCc4ccccc4C2)Oc2ccccc2-3)NC1
C1=Cc2c(ccc3c2C(C2CCc4ccccc4C2)Oc2ccccc2-3)NC1
C1=Cc2c(ccc3c2C(C2CCc4ccccc4C2)Oc2ccccc2-3)NC1
C1=Cc2c(ccc3c2C(C2CCc4ccccc4C2)Oc2ccccc2-3)NC1
C1=Cc2c(ccc3c2C(C2CCc4ccccc42)Oc2ccccc2-3)NC1
C1=Cc2c(ccc3c2C(C2CCc4ccccc42)Oc2ccccc2-3)NC1
C1=Cc2c(ccc3c2C(C2Cc4ccccc42)Oc2ccccc2-3)NC1
C1=Cc2c(ccc3c2C(C2c4ccccc42)Oc2ccccc2-3)NC1
C1=Cc2c(ccc3c2C(C2c4ccccc42)Oc2ccccc2-3)NC1
C1=CCC(C2Oc3ccccc3-c3ccc4c(c32)C=CCN4)CC=C1
C1=CCC(C2Oc3ccccc3-c3ccc4c(c32)C=CCN4)CC=CC1
C1=CCC(C2Oc3ccccc3-c3ccc4c(c32)C=CCN4)CCC1
C1=CCC(C2Oc3ccccc3-c3ccc4c(c32)C=CCN4)CC1
C1=CC(C2Oc3ccccc3-c3ccc4c(c32)C=CCN4)CC1
C1=CC(C2Oc3ccccc3-c3ccc4c(c32)C=CCN4)CCC1
O=C(NCCCNc1cccc2c1cnn2-c1ccccc1)c1ccccc1
c1ccc(CNCCCNc2cccc3c2cnn3-c2ccccc2)cc1
c1ccc(CN2CCCNc3c(ccc4c3cnn4-c3ccccc3)C2)cc1
c1ccc(CN2CCCNc3c(ccc4c3cnn4-c3ccccc3)C2)cc1
c1ccc(CN2CCCNc3c(ccc4c3cnn4-c3ccccc3)C2)cc1
c1ccc(CN2CCNc3c(ccc4c3cnn4-c3ccccc3)C2)cc1
c1ccc(CN2CNc3c(ccc4c3cnn4-c3ccccc3)C2)cc1
c1ccc(-c2cc3c(c4cnn(-c5ccccc5)c24)NCNC3)cc1
c1ccc(-c2cc3c(c4cnn(-c5ccccc5)c24)NCCC3)cc1
c1ccc(-c2cc3c(c4cnn(-c5ccccc5)c24)NCCC3)cc1
c1ccc(-c2cc3c(c4ccn(-c5ccccc5)c24)NCCC3)cc1
C(=Cc1cc(-c2ccccc2)cc2c1NCCC2)Nc1ccccc1
C(=CC1CCNc2ccc(-c3ccccc3)cc21)Nc1ccccc1
C(=Cc1c(-c2ccccc2)ccc2c1CCCN2)Nc1ccccc1
C(=Cc1c(-c2ccccc2)ccc2c1CCCN2)Nc1ccccc1
C(=Cc1c(-c2ccccc2)ccc2c1CCCN2)Nc1ccccc1
C(=Cc1c(-c2ccccc2)ccc2c1CCCN2)Nc1ccccc1
c1ccc(NCc2c(-c3ccccc3)ccc3c2CCCN3)cc1
c1ccc(NCc2c(-c3ccccc3)ccc3c2CCCN3)cc1
c1ccc(NCc2c(-c3ccccc3)ccc3c2CCCN3)cc1
c1ccc(NCc2c(-c3ccccc3)ccc3c2CCCN3)cc1
c1ccc(Nc2c(-c3ccccc3)ccc3c2CCCN3)cc1
c1ccc(Nc2c(-c3ccccc3)ccc3c2CCCN3)cc1
c1ccc(-c2cccc(-c3ccc4c(c3)CCCN4)c2)cc1
c1ccc(-c2cccc(-c3ccc4c(c3)CCCN4)c2)cc1
c1ccc(-c2cccc(-c3ccc4c(c3)CCCN4)c2)cc1
c1ccc(-c2cccc(-c3ccc4c(c3)CCCN4)c2)cc1
c1ccc(-c2cccc(-c3ccc4c(c3)CCCN4)c2)cc1
c1ccc(-c2cccc(-c3ccc4c(c3)CCCN4)c2)cc1
c1ccc(-c2cccc(-c3ccc4c(c3)CCCN4)c2)cc1
c1ccc(-c2cccc(-c3ccc4c(c3)CCCN4)c2)cc1
c1ccc(Cc2cccc(-c3ccc4c(c3)CCCN4)c2)cc1
c1ccc(Cc2cccc(-c3ccc4c(c3)CCCN4)c2)cc1
c1ccc(Cc2cccc(-c3ccc4c(c3)CCCN4)c2)cc1
c1ccc(Cc2cccc(-c3ccc4c(c3)CCCN4)c2)cc1
c1ccc(Cc2cccc(-c3ccc4c(c3)CCCN4)c2)cc1
c1ccc(-c2cccc(-c3ccc4c(c3)CCCN4)c2)cc1
c1ccc(-c2cccc(-c3ccc4c(c3)CCCN4)c2)cc1
c1ccc(-c2cccc(-c3ccc4c(c3)CCCN4)c2)cc1
c1ccc(-c2cccc(-c3ccc4c(c3)CCCN4)c2)cc1
c1ccc(-c2cccc(-c3ccc4c(c3)CCCN4)c2)cc1
c1ccc(-c2cccc(-c3ccc4c(c3)CCCN4)c2)cc1
c1ccc2c(-c3ccc4c(c3)CCCN4)cccc2c1
c1ccc2c(-c3ccc4c(c3)CCCN4)cccc2c1
c1ccc2c(-c3ccc4c(c3)CCCN4)cccc2c1
c1ccc2c(-c3ccc4c(c3)CCCN4)cccc2c1
c1ccc2c(-c3ccc4c(c3)CCCN4)cccc2c1
c1ccc2c(-c3ccc4c(c3)CCCN4)cccc2c1
c1ccc2c(-c3ccc4c(c3)CCCN4)cccc2c1
c1ccc2c(-c3ccc4c(c3)CCCN4)cccc2c1
c1cc(-c2ccc3c(c2)CCCN3)c2ccncc2c1
c1cc(-c2ccc3c(c2)CCCN3)c2ccncc2c1
c1ccc(-c2ccc3c(c2)CCCN3)cc1
c1ccc(-c2ccc3c(c2)CCCN3)cc1
c1ccc(-c2ccc3c(c2)CCCN3)cc1
c1ccc(-c2ccc3c(c2)CCCN3)cc1
c1ccc(-c2ccc3c(c2)CCCN3)cc1
c1ccc(-c2ccc3c(c2)CCCN3)cc1
c1ccc(-c2ccc3c(c2)CCCN3)cc1
c1ccc(-c2ccc3c(c2)CCCN3)cc1
c1ccc(-c2ccc3c(c2)CCCN3)cc1
c1ccc(-c2ccc3c(c2)CCCN3)cc1
c1cc(-c2ccc3c(c2)CCCN3)c2[nH]ccc2c1
O=C(NCCCNc1cccc2c1cnn2-c1ccccc1)c1ccccc1
O=C(NCC(CNc1cccc2[nH]ncc12)Oc1ccccc1)c1ccccc1
O=C(c1ccccc1)N1CCC(Nc2cccc3[nH]ncc23)C(Oc2ccccc2)C1
c1ccc(CN2CCC(Nc3cccc4[nH]ncc34)C(Oc3ccccc3)C2)cc1
c1ccc(CN2CCC(Nc3cccc4[nH]ncc34)C(Oc3ccccc3)C2)cc1
c1ccc(OC2CCCN(Cc3cccc(-c4cccc5[nH]ncc45)c3)C2)cc1
c1ccc(OC2CCCN(c3cccc(-c4cccc5[nH]ncc45)c3)C2)cc1
c1ccc(OC2CCCN(c3cccc(-c4cccc5[nH]ncc45)c3)C2)cc1
c1ccc(OC2CCCN2c2cccc(-c3cccc4[nH]ncc34)c2)cc1
c1ccc(OCC2CCCN2c2cccc(-c3cccc4[nH]ncc34)c2)cc1
c1ccc(OCC2CCCN2c2cccc(-c3ccc4c(c3)N4)c2)cc1
c1ccc(OCC2CCCN2c2cccc(-c3ccc4c(c3)N4)c2)cc1
c1ccc(OCC2CCCN2c2cccc(-c3ccc4c(c3)N4)c2)cc1
c1ccc(NCC2CCCN2c2cccc(-c3ccc4c(c3)N4)c2)cc1
c1ccc(NCC2CCCN2c2cccc(-c3ccc4c(c3)N4)c2)cc1
c1ccc(NCC2CCCN2c2cccc(-c3ccc4c(c3)N4)c2)cc1
c1ccc(NCC2CCCN2c2cccc(-c3ccc4c(c3)N4)c2)cc1
c1ccc(NCC2CCCCN2c2cccc(-c3ccc4c(c3)N4)c2)cc1
c1ccc(NCC2CCCCN2c2cccc(-c3ccc4c(c3)N4)c2)cc1
c1ccc(NCC2CCCCN2Cc2cccc(-c3ccc4c(c3)N4)c2)cc1
c1ccc(NCC2CCCCN2Cc2cccc(-c3ccc4c(c3)N4)c2)cc1
c1ccc(NCC2CCCCN2Cc2cccc(-c3ccc4c(c3)N4)c2)cc1
c1ccc(NCC2CCCCN2Cc2cccc(-c3ccc4c(c3)N4)c2)cc1
c1ccc(NCC2CCCCN2Cc2cccc(-c3ccc4c(c3)N4)c2)cc1
c1ccc(CN2CCCCC2CNc2ccc(-c3ccc4c(c3)N4)cc2)cc1
C1=CCC(CN2CCCCC2CNc2ccc(-c3ccc4c(c3)N4)cc2)=C1
C1=CC(CN2CCCCC2CNc2ccc(-c3ccc4c(c3)N4)cc2)=C1
C1=CC(CN2NCCCCC2CNc2ccc(-c3ccc4c(c3)N4)cc2)=C1
C1=CC1CN1NCCCCC1CNc1ccc(-c2ccc3c(c2)N3)cc1
c1cc(-c2ccc3c(c2)N3)ccc1NCC1CCCCNN1
c1cc(-c2ccc3c(c2)N3)ccc1NC1CCCCNN1
c1cc(-c2ccc3c(c2)N3)ccc1NC1CCCCNN1C1CC1
c1cc(-c2ccc3c(c2)N3)ccc1NC1CCCNN1C1CC1
c1cc(-c2ccc3c(c2)N3)ccc1NC1CCCNN1C1CC1
c1cc(-c2ccc3c(c2)N3)ccc1NC1CCCNN1C1CCC1
c1cc(-c2ccc3c(c2)N3)ccc1NC1CCCNN1C1CCCC1
c1cc(-c2ccc3c(c2)N3)ccc1NC1CCCNN(C2CCCC2)C1
c1cc(-c2ccc3c(c2)N3)ccc1NC1CCCNN(C2CCCC2)C1
c1cc(-c2ccc3c(c2)N3)ccc1NC1CCCNN(C2CCCC2)C1
c1cc(-c2ccc3c(c2)N3)ccc1NC1CCNN(C2CCCC2)C1
c1cc(-c2ccc3c(c2)N3)ccc1NC1CCNN1C1CCCC1
c1cc(-c2ccc3c(c2)N3)ccc1NC1CCNN1C1CCCCC1
c1cc(-c2ccc3c(c2)N3)ccc1NC1CCNN1C1CCCCCC1
C1=C(Nc2ccc(-c3ccc4c(c3)N4)cc2)N(C2CCCCCC2)NC1
C1=C(Nc2ccc(-c3ccc4c(c3)N4)cc2)N(C2CCCCC2)NC1
C1=C(Nc2ccc(-c3ccc4c(c3)N4)cc2)N(C2CCCCC2)NC1
C1=C(Nc2ccc(-c3ccc4c(c3)N4)cc2)N(C2CCCCC2)NC1
c1cc(-c2ccc3c(c2)N3)ccc1Nc1c[nH]n1C1CCCCC1
c1cc(-c2ccc3c(c2)N3)ccc1Nc1c[nH]n1C1CCCC1
C1=C(Nc2ccc(-c3ccc4c(c3)N4)cc2)N1C1CCCC1
C1=C(Nc2ccc(-c3ccc4c(c3)N4)cc2)N1C1CCC1
C1=C(Nc2ccc(-c3ccc4c(c3)N4)cc2)N1C1CCC1
C1=C(Nc2ccc(-c3ccc4c(c3)N4)cc2)N1C1CCCC1
C1=C(Nc2ccc(-c3ccc4c(c3)N4)cc2)N1C1CCCC1
C1=C(Nc2ccc(-c3ccc4c(c3)N4)cc2)N1C1CCCCC1
C1=C(Nc2ccc(-c3ccc4c(c3)N4)cc2)N1C1CCCCC1
C1=C(Nc2ccc(-c3ccc4c(c3)N4)cc2)N1C1CCCCC1
c1c[nH]c2c([nH]c(-c3ccc4c(c3)N4)c1)N2C1CCCCC1
c1c[nH]c2c([nH]c(-c3ccc4c(c3)N4)c1)N2C1CCCC1
c1c[nH]c2c([nH]c(-c3ccc4c(c3)N4)c1)N2C1CCCC1
c1c[nH]c2c([nH]c(-c3ccc4c(c3)N4)c1)N2C1CCCC1
c1c[nH]c2c([nH]c(-c3ccc4c(c3)NC4)c1)N2C1CCCC1
c1c[nH]c2c([nH]c(-c3ccc4c(c3)CN4)c1)N2C1CCCC1
c1c[nH]c2c([nH]c(-c3ccc4c(c3)CCN4)c1)N2C1CCCC1
c1c[nH]c2c([nH]c(-c3ccc4c(c3)CCN4)c1)N2C1CCCC1
c1c[nH]c2c([nH]c(-c3ccc4c(c3)CCN4)c1)N2C1CCCCC1
c1c[nH]c2c([nH]c(-c3ccc4c(c3)CCN4)c1)N2C1CCCCC1
c1c[nH]c2c([nH]c(-c3ccc4c(c3)C4)c1)N2C1CCCCC1
c1c[nH]c2c([nH]c(-c3ccc4c(c3)C4)c1)N2C1CCCCC1
c1c[nH]c2c([nH]c(-c3ccc4c(c3)C4)c1)N2C1CCCC1
c1c[nH]c2c([nH]c(-c3ccc4c(c3)C4)c1)N2C1CCCC1
c1c[nH]c2c([nH]c(-c3ccc4c(c3)NC4)c1)N2C1CCCC1
c1c[nH]c2c([nH]c(-c3ccc4c(c3)NC4)c1)N2C1CCCCC1
c1c[nH]c2c([nH]c(-c3ccc4c(c3)NC4)c1)N2C1CCCCC1
c1c[nH]c2c([nH]c(-c3ccc4c(c3)NC4)c1)N2C1CCCCCC1
c1c[nH]c2c([nH]c(-c3ccc4c(c3)CN4)c1)N2C1CCCCCC1
c1c[nH]c2c([nH]c(-c3ccc4c(c3)CN4)c1)N2C1CCCCCCC1
c1c[nH]c2c([nH]c(-c3ccc4c(c3)CCN4)c1)N2C1CCCCCCC1
c1c[nH]c2c([nH]c(-c3ccc4c(c3)CCN4)c1)N2C1CCCCCC1
c1c[nH]c2c([nH]c(-c3ccc4c(c3)CCN4)c1)N2C1CCCCCC1
c1c[nH]c2c([nH]c(-c3ccc4c(c3)CCN4)c1)N2C1CCCCCC1
c1ccc(-c2ccc[nH]c3c([nH]2)N3C2CCCCCC2)cc1
c1ccc(-c2ccc[nH]c3c([nH]2)N3C2CCCCCC2)cc1
c1ccc(-c2ccc[nH]c3c([nH]2)N3C2CCCCCC2)cc1
c1ccc(-c2ccc[nH]c3c([nH]2)N3C2CCCCC2)cc1
c1ccc(-c2ccc[nH]c3c([nH]2)N3C2CCCCC2)cc1
c1ccc(-c2ccc[nH]c3c([nH]2)N3C2CCCC2)cc1
c1ccc(-c2ccc[nH]c3c([nH]2)N3C2CCCC2)cc1
c1ccc(-c2ccc[nH]c3c([nH]2)N3C2CCCC2)cc1
c1ccc(-c2ccc[nH]c3c([nH]2)N3C2CCCC2)cc1
c1ccc(-c2ccc[nH]c3c([nH]2)N3C2CCCC2)cc1
c1ccc(-c2ccc[nH]c3c([nH]2)N3C2CCC2)cc1
S=c1[nH]c2ccc(-c3ccc[nH]c4c([nH]3)N4C3CCC3)cc2[nH]1
S=c1[nH]c2ccc(-c3ccc[nH]c4c([nH]3)N4C3CCCC3)cc2[nH]1
S=c1[nH]c2ccc(-c3ccc[nH]c4c([nH]3)N4C3CCCC3)cc2[nH]1
S=c1[nH]c2cc(-c3ccc[nH]c4c([nH]3)N4)ccc2n1C1CCCC1
S=c1[nH]c2cc(-c3ccc[nH]c4c([nH]3)C4)ccc2n1C1CCCC1
S=c1[nH]c2cc(-c3ccc[nH]c4c([nH]3)C4)ccc2n1C1CCC1
S=c1[nH]c2cc(-c3ccc[nH]c4c([nH]3)C4)ccc2n1C1CC1
S=c1[nH]c2cc(-c3ccc[nH]c4c([nH]3)C4)ccc2n1C1CC1
S=c1[nH]c2ccc(-c3ccc[nH]c4c([nH]3)C4)cc2n1C1CC1
S=c1[nH]c2ccc(-c3ccc[nH]c4c([nH]3)C4)cc2n1C1CC1
S=c1[nH]c2ccc(-c3ccc[nH]c4c([nH]3)C4)cc2n1C1CC1
S=c1[nH]c2ccc(-c3ccc[nH]c4c([nH]3)C4)cc2n1C1CC1
S=c1[nH]c2ccc(-c3ccc[nH]cc[nH]3)cc2n1C1CC1
S=c1[nH]c2ccc(-c3ccc[nH]cc[nH]3)cc2n1C1CCC1
S=c1[nH]c2ccc(C3=CC=CNCN3)cc2n1C1CCC1
S=c1[nH]c2ccc(C3=CC=CNCN3)cc2n1C1CCCC1
S=c1[nH]c2ccc(C3=CC=CNCN3)cc2n1C1CCCC1
S=c1[nH]c2ccc(-c3ccc[nH][nH][nH]3)cc2n1C1CCCC1
S=c1[nH]c2ccc(-c3ccc[nH][nH][nH]3)cc2n1C1CCCC1
S=c1[nH]c2ccc(C3=CC=CNN3)cc2n1C1CCCC1
S=c1[nH]c2ccc(C3=CC=CNN3)cc2n1C1CCC1
S=c1[nH]c2ccc(C3=CC=CNN3)cc2n1C1CCC1
S=c1[nH]c2ccc(C3=CC=CNN3)cc2n1C1CCC1
S=c1[nH]c2ccc(-c3ccc[nH]3)cc2n1C1CCC1
S=c1[nH]c2ccc(-c3ccc[nH]3)cc2n1C1CCCC1
O=C(NCCCNc1cccc2c1cnn2-c1ccccc1)c1ccccc1
O=C(NCCCNc1ccc(-c2ccccc2)c2[nH]ncc12)c1ccccc1
O=C(c1ccccc1)N1CCC(Nc2ccc(-c3ccccc3)c3[nH]ncc23)CC1
O=C(c1ccccc1)N1CCC(Nc2ccc(-c3ccccc3)c3[nH]ncc23)CC1
O=C(c1ccccc1)N1CCC(Nc2ccc(-c3ccccc3)c3[nH]ncc23)CC1
O=C(c1ccncc1)N1CCC(Nc2ccc(-c3ccccc3)c3[nH]ncc23)CC1
O=C(c1ccncc1)N1CCC(Nc2ccc(-c3ccccc3)c3[nH]ncc23)CC1
O=C(c1ccncc1)N1CCC(Nc2ccc(-c3ccn[nH]3)c3ccccc23)CC1
O=C(c1ccncc1)N1CCC(Nc2ccc(-c3ccn[nH]3)c3ccccc23)CC1
O=C(c1ccncc1)N1CCC(Nc2ccc(-c3ccn[nH]3)c3ccccc23)CC1
O=C(c1ccncc1)N1CCC(Nc2ccc(-c3ccn[nH]3)c3ccccc23)CC1
c1ccc2c(-c3ccn[nH]3)ccc(NC3CCN(Cc4ccncc4)CC3)c2c1
c1ccc2c(-c3ccn[nH]3)ccc(NC3CCCN(Cc4ccncc4)CC3)c2c1
c1ccc2c(-c3ccn[nH]3)ccc(NC3CCCCN(Cc4ccncc4)CC3)c2c1
c1ccc2c(-c3ccn[nH]3)ccc(NC3CCCCN(Cc4ccncc4)CC3)c2c1
c1ccc2c(-c3ccn[nH]3)ccc(NC3CCCCN(Cc4ccncc4)C3)c2c1
c1ccc2c(-c3ccn[nH]3)ccc(NC3CCCCN(Cc4ccncc4)C3)c2c1
C1=NNC1c1ccc(NC2CCCCN(Cc3ccncc3)C2)c2ccccc12
C1=NNC1c1ccc(NC2CCCCN(Cc3ccncc3)C2)c2ccccc12
C1=NNC1c1ccc(NC2CCCCN(Cc3ccncc3)C2)c2ccccc12
N=C1NC1c1ccc(NC2CCCCN(Cc3ccncc3)C2)c2ccccc12
c1ccc2c(C3CN3)ccc(NC3CCCCN(Cc4ccncc4)C3)c2c1
C1=C(NC2CCCCN(Cc3ccncc3)C2)c2ccccc2NC(C2CN2)=C1
C1=C(NC2CCCCN(Cc3ccncc3)C2)c2ccccc2NC(C2CN2)=C1
C1=CNc2ccccc2C(NC2CCCCN(Cc3ccncc3)C2)=C1
C1=CC(C2CCCCN(Cc3ccncc3)C2)=Cc2ccccc2N1
C1=CC(C2CCCCN(CCc3ccncc3)C2)=Cc2ccccc2N1
C1=CC(C2CCCCCN(CCc3ccncc3)C2)=Cc2ccccc2N1
C1=CC(C2CCCCCN(CCc3ccncc3)C2)=Cc2ccccc2N1
C1=CC(C2CCCCCN(Cc3ccncc3)C2)=Cc2ccccc2N1
C1=CC(C2CCCCCN(Cc3ccncc3)C2)=Cc2ccccc2N1
C1=CC(C2CCCCCC(Cc3ccncc3)C2)=Cc2ccccc2N1
C1=CC(C2CCCCCC(c3ccncc3)C2)=Cc2ccccc2N1
C1=Cc2ccccc2NC(CC2CCCCCC(c3ccncc3)C2)=C1
C1=Cc2ccccc2NC(CC2CCCCC(c3ccncc3)C2)=C1
C1=Cc2ccccc2NC(CC2CCCCC2c2ccncc2)=C1
C1=C(CC2CCCCC2c2ccncc2)Nc2ccccc2C1
c1ccc2[nH]c(CC3CCCCC3c3ccncc3)cc2c1
c1ccc2[nH]c(CC3(c4ccncc4)CCCC3)cc2c1
c1ccc2[nH]c(CC3(c4ccncc4)CCCCC3)cc2c1
c1ccc2[nH]c(CC3(c4ccncc4)CCCCC3)cc2c1
c1ccc2[nH]c(CC(c3ccncc3)C3CC3)cc2c1
c1ccc2[nH]c(CC(Oc3ccncc3)C3CC3)cc2c1
c1ccc2[nH]c(CC(Oc3ccncc3)C3CC3)cc2c1
c1ccc2[nH]c(CC(CCCOc3ccncc3)C3CC3)cc2c1
c1ccc2[nH]c(CC(CCCCc3ccncc3)C3CC3)cc2c1
c1ccc2[nH]c(CC(CCCCc3ccncc3)C3CC3)cc2c1
c1ccc2[nH]c(CC(CCCc3ccncc3)C3CC3)cc2c1
c1ccc2[nH]c(CC(CCc3ccncc3)C3CC3)cc2c1
c1ccc2[nH]c(CC(CCc3ccncc3)C3CC3)cc2c1
c1ccc2[nH]c(CC(CCc3ccncc3)C3CC3)cc2c1
c1ccc2[nH]c(CC(CCc3ccncc3)C3CC3)cc2c1
c1ccc2[nH]c(CC(CCc3ccncc3)C3CC3)cc2c1
c1cc(CCC(Cc2cc3cnccc3[nH]2)C2CC2)ccn1
c1cc(CCC(Cc2cc3cnccc3[nH]2)C2CCC2)ccn1
c1cc(CCC(Cc2cc3cnccc3[nH]2)C2CCC2)ccn1
c1ccc(CCC(Cc2cc3cnccc3[nH]2)C2CCC2)cc1
c1ccc(CCC(Cc2cc3cnccc3[nH]2)C2CCC2)cc1
c1ccc(CCC(Cc2cc3cnccc3[nH]2)C2CCC2)cc1
c1ccc(CCC(Cc2cc3cnccc3[nH]2)C2CCC2)cc1
c1ccc(CCC(Cc2cc3cnccc3[nH]2)C2CCC2)cc1
c1ccc(CCC(Cc2cc3cnccc3[nH]2)C2CC2)cc1
c1ccc(CCC(Cc2cc3cnccc3[nH]2)C2CC2)cc1
O=C(NCCCNc1cccc2c1cnn2-c1ccccc1)c1ccccc1
O=C(NCCCNc1cccc2c1cnn2-c1ccccc1)c1ccccc1
O=C(NCCCNc1c2c(cc3c1cnn3-c1ccccc1)C2)c1ccccc1
O=C(NCCCNc1c2c(cc3c1cnn3-c1ccccc1)C2)c1ccccc1
O=C(CCNCc1ccccc1)Nc1c2c(cc3c1cnn3-c1ccccc1)C2
O=C(CCNCc1ccccc1)Nc1cc(Nc2ccccc2)cc2c1C2
O=C(CCNCc1ccccc1)Nc1cc(Nc2ccccc2)cc2c1C2
O=C(CCNCc1ccccc1)Nc1cc(Nc2ccccc2)cc2c1C2
O=C(CCNCc1ccccc1)Nc1ccc(Nc2ccc3c(c2)C3)cc1
O=C(CCNCc1ccccc1)Nc1ccc(Nc2ccc3c(c2)C3)cc1
O=C(CCNCc1ccccc1)Nc1ccc(Nc2ccc3c(c2)CC3)cc1
O=C(CCNCc1ccccc1)Nc1ccc(Nc2ccc3c(c2)OC3)cc1
O=C(CCNCc1ccccc1)Nc1ccc(Nc2ccc3c(c2)OC3)cc1
O=C(CCCCc1ccccc1)Nc1ccc(Nc2ccc3c(c2)OC3)cc1
O=C(CCCc1ccccc1)Nc1ccc(Nc2ccc3c(c2)OC3)cc1
O=C(CCCc1ccccc1)Nc1ccc(Cc2ccc3c(c2)OC3)cc1
O=C(CCCc1ccccc1)Nc1ccc(Cc2ccc3c(c2)OC3)cc1
O=C(CCCc1ccccc1)Nc1ccc(-c2ccc3c(c2)OC3)cc1
O=C(CCCc1ccccc1)Nc1ccc(-c2ccc3c(c2)OC3)cc1
O=C(CCCc1ccccc1)Nc1ccc2c(c1)Cc1c-2ccc2c1OC2
O=C(CCCc1ccccc1)Nc1ccc2c(c1)NCc1c-2ccc2c1OC2
O=C(CCCc1ccccc1)Nc1ccc2c(c1)NCc1c-2ccc2c1OC2
O=C(CCCc1ccccc1)Nc1ccc2c(c1)CCc1c-2ccc2c1OC2
O=C(CCCc1ccccc1)Nc1ccc2c(c1)COc1c-2ccc2c1OC2
O=C(CCCc1ccccc1)Nc1ccc2c(c1)COc1ccccc1-2
O=C(CCCc1ccccc1)Nc1ccc2c(c1)COc1ccccc1-2
O=C(CCCc1ccccc1)Nc1ccc2c(c1)COc1ccccc1-2
O=C(CCCc1ccccc1)Nc1ccc2c(c1)COc1ccccc1-2
O=C(CCCc1ccccc1)Nc1ccc2c(c1)COC1=CCC=C12
O=C(CCCc1ccccc1)Nc1ccc2c(c1)COC1=CCC=C12
O=C(CCCc1ccccc1)Nc1ccc2c(c1)COC1=CCC=C12
O=C(CCCc1ccccc1)Nc1ccc2c(c1)COC1=CCC=C12
O=C(CCCc1ccccc1)Nc1ccc2c(c1)COC1=C3CC3=C12
O=C(CCCc1ccccc1)Nc1ccc2c(c1)COC1=C3CC3=C12
O=C(CCCc1ccccc1)Nc1ccc2c(c1)COC1=C3CC3=C12
O=C(CCCc1ccccc1)Nc1ccc2c(c1)COC1=CCC=C12
C=C1OCc2cc(NC(=O)CCCc3ccccc3)ccc2C1=C
C=C1OCc2cc(NC(=O)CCCc3ccccc3)ccc2C1=C
C=C1C(=O)OCc2cc(NC(=O)CCCc3ccccc3)ccc21
C=C1C(=O)OCc2cc(NC(=O)CCCc3ccccc3)ccc21
C=C1C(=O)OCc2cc(NC(=O)CCCc3ccccc3)ccc21
C=C1C(=O)OCc2cc(NC(=O)CCCc3ccccc3)ccc21
C=C1C(=O)OCc2cc(NC(=O)CCCc3ccccc3)ccc21
C=C1C(=O)OCc2cc(NC(=O)CCCc3ccccc3)ccc21
O=C(CCCc1ccccc1)Nc1ccc2c(c1)COC(=O)C2=O
O=C(CCCc1ccccc1)Nc1ccc2c(c1)COC(=O)C2=O
O=C(CCCc1ccccc1)Nc1ccc2c(c1)COC(=O)C2=O
O=C(CCCc1ccccc1)Nc1ccc2c(c1)COC(=O)C2=O
O=C(CCCc1ccccc1)Nc1ccc2c(c1)COC(=O)C2=O
O=C(CCCc1ccccc1)Nc1ccc2c(c1)COC(=O)C2=O
O=C(CCCc1ccccc1)Nc1ccc2c(c1)COC(=O)C2=O
O=C(CCCc1ccccc1)Nc1ccc2c(c1)COCC2=O
O=C(CCCc1ccccc1)Nc1ccc2c(c1)COCC2=O
O=C(CCCc1ccccc1)Nc1ccc2c(c1)COC2=O
O=C(CCCc1ccccc1)Nc1ccc2c(c1)COC2=O
O=C(CCCc1ccccc1)Nc1ccc2c(c1)COC2=O
O=C(CCCc1ccccc1)Nc1ccc2c(c1)COC2=O
O=C(CCCc1ccccc1)Nc1ccc2c(c1)COC2=O
O=C(CCCc1ccccc1)Nc1ccc2c(c1)COC2=O
O=C(CCCc1ccccc1)Nc1ccc2c(c1)COC2=O
O=C(CCCc1ccccc1)Nc1ccc2c(c1)COC2=O
O=C(CCCc1ccccc1)Nc1ccc2c(c1)COC2=O
O=C(CCCc1ccccc1)Nc1ccc2c(c1)COC2=O
O=C(CCCc1ccccc1)Nc1ccc2c(c1)COC2=O
O=C(CCCc1ccccc1)Nc1ccc2c(c1)COC2=O
O=C(CCCc1ccccc1)Nc1ccc2c(c1)COC2=O
O=C(CCCc1ccccc1)Nc1ccc2c(c1)COC2=O
O=C(CCCc1ccccc1)Nc1ccc2c(c1)COC2=O
O=C(CCCc1ccccc1)Nc1ccc2c(c1)COC2=O
O=C(CCCc1ccccc1)Nc1ccc2c(c1)COC2=O
O=C(CCCc1ccccc1)Nc1ccc2c(c1)COC2=O
O=C(CCCc1ccccc1)Nc1ccc2c(c1)COC2=O
O=C(CCCc1ccccc1)Nc1ccc2c(c1)COC2=O
O=C(CCCc1ccccc1)Nc1ccc2c(c1)COC2=O
O=C1OCc2cc(NC(=O)C(CCC3=CC3)CCc3ccccc3)ccc21
O=C1OCc2cc(NC(=O)C(CCC3=CC3)CCc3ccccc3)ccc21
O=C1OCc2cc(NC(=O)C(CCC3=CCC3)CCc3ccccc3)ccc21
O=C1OCc2cc(NC(=O)C(CCC3=CC=C3)CCc3ccccc3)ccc21
O=C1OCc2cc(NC(=O)C(CCC3=CC=C3)CCc3ccccc3)ccc21
O=C1OCc2cc(NC(=O)C(CCC3=CC=C3)CCc3ccccc3)ccc21
O=C1OCc2cc(NC(=O)C(CCC3=CC=C3)CCc3ccccc3)ccc21
O=C1OCc2cc(NC(=O)C(CCC3=CC=C3)CCc3ccccc3)ccc21
O=C1OCc2cc(NC(=O)C(CCC3=CCC=C3)CCc3ccccc3)ccc21
O=C1OCc2cc(NC(=O)C(CCC3=CCC=C3)CCc3ccccc3)ccc21
O=C1OCc2cc(NC(=O)C(CCC3=CCC=C3)CCc3ccccc3)ccc21
O=C1OCc2cc(NC(=O)C(CCC3=CCCC=C3)CCc3ccccc3)ccc21
O=C1OCc2cc(NC(=O)C(CCC3=CCCC=C3)CCc3ccccc3)ccc21
O=C1OCc2cc(NC(=O)C(CCc3ccccc3)CCc3ccccc3)ccc21
O=C1OCc2cc(NC(=O)C(CCc3ccccc3)CCc3ccccc3)ccc21
c1cncc(-c2cccc(CCCCc3cc4ccncc4[nH]3)c2)c1
c1cncc(NCCCCCc2cccc(-c3cccnc3)c2)c1
c1cncc(NCC2CCC(c3cccc(-c4cccnc4)c3)C2)c1
c1cncc(NCC2CCC(c3cccc(-c4cccnc4)c3)C2)c1
c1cncc(NCC2CCC(c3cccc(-c4cccnc4)c3)C2)c1
c1cncc(NCC2CCC(c3cccc(-c4cccnc4)c3)C2)c1
c1cncc(NCC2CCC(c3cccc(-c4cccnc4)c3)C2)c1
c1cncc(NCC2CCC(c3cccc(-c4cccnc4)c3)C2)c1
c1cncc(-c2cccc(C3CCCCN3c3cccnc3)c2)c1
c1cncc(-c2cccc(C3CCCN3c3cccnc3)c2)c1
c1cncc(-c2cccc(C3CCCN3c3cccnc3)c2)c1
c1ccc(Cc2cccc(C3CCCN3c3cccnc3)c2)nc1
c1ccc(Cc2cccc(C3CCCN3c3cccnc3)c2)nc1
c1ccc(Cc2cccc(C3CCCN3c3cccnc3)c2)nc1
c1ccc(SCc2cccc(C3CCCN3c3cccnc3)c2)nc1
c1ccc(SCc2cccc(C3CCCN3c3cccnc3)c2)nc1
c1ccc(SCc2cccc(C3CCCN3c3cccnc3)c2)nc1
c1ccc(SCc2cccc(C3CCCN3c3cccnc3)c2)nc1
c1ccc(SCc2cccc(C3CCCC3c3cccnc3)c2)nc1
c1ccc(C2CCCC2c2cccc(CSc3ccccn3)c2)cc1
c1ccc(C2CCCC2c2cccc(CSc3ccccn3)c2)cc1
C(C=CCC1CCCC1c1ccccc1)=CCSc1ccccn1
C(C=CCC1CCCC1c1ccccc1)=CCSc1ccccn1
C(C=CC1CCCC1c1ccccc1)=CCSc1ccccn1
C(=CCSc1ccccn1)C=C1CCCC1c1ccccc1
C(C=Cc1ccccc1C1CCCC1)=CCSc1ccccn1
C=C(CSc1ccccn1)c1ccccc1C1CCCC1
C=C(CSc1ccccn1)c1ccccc1C1CCCC1
C=C(CSc1ccccn1)c1ccccc1C1CCCC1
C=C(CSc1ccccn1)c1ccccc1C1CCCC1
C=C(CSc1ccccn1)c1ccccc1C1CCCC1
C=C(CSc1ccccn1)c1ccccc1C1CCCC1
C=C(CSc1ccccn1)c1ccccc1C1CCCC1
C=C(CSc1ccccn1)c1ccccc1C1CCCC1
O=C(CSc1ccccn1)c1ccccc1C1CCCC1
O=C(CSc1ccccn1)c1ccccc1C1CCC1
O=C(CSc1ccccn1)C1=CC=CC1C1CCC1
O=C(CSc1ccccn1)C1C=CC1C1CCC1
O=C(CSc1ccccn1)C1C=CC1C1CCC1
O=C(CSc1ccccn1)C12C=C1C2C1CCC1
O=C(CSc1ccccn1)C1CC1C1CCC1
O=C(CSc1ccccn1)C1CC1C1CCC1
O=C(CSc1ccccn1)C1CC1C1CCC1
O=C(CSc1ccccn1)C1CC1C1CCCC1
O=C(CSc1ccccn1)C1CC1C1CCCC1
O=C(CSc1ccccn1)C1CC1C1CCCC1
O=C(CSc1ccccn1)C1CC1C1CCCSC1
O=C(CSc1ccccn1)C1CC1C1CCCSC1
O=C(CSc1ccccn1)C1CC1C1CCCSC1
O=C(CSc1ccccn1)C1CCC1C1CCCSC1
O=C(CSc1ccccn1)C1CCC1C1CCSC1
O=C(CSc1ccccn1)C1CCC1C1CCCSC1
O=C(CSc1ccccn1)C1CCCC1C1CCCSC1
O=C(CSc1ccccn1)C1CCC2CSCCCCC21
O=C(CSc1ccccn1)C1CCC2CSCCCC21
O=C(CSc1ccccn1)C1CCC2CSCCCC21
O=C(CSc1ccccn1)C1CCC2CSCCCC21
O=C(CSc1ccccn1)C1CCC2CCCCCC21
O=C(CSc1ccccn1)C1CCC2CCCCCC21
O=C(CSc1ccccn1)C1CCC2CCCCCCC21
O=C(CSc1ccccn1)C1CCC2CCCCCCC21
O=C(CSc1ccccn1)C1CCC2C3CCC3CCCCC12
O=C(CSc1ccccn1)C1CCC2C3CCC3CCCCC12
O=C(CSc1ccccn1)C1CCC2C3CCC3CCCCC12
O=C(CSc1ccccn1)C1CCC2C1CCC1CCC1C1CCC12
O=C(CSc1ccccn1)C1CCC2C1CCC1CCC1C1CC12
O=C(CSc1ccccn1)C1CCC2C1CCC1CCC1C1CC12
O=C(CSc1ccccn1)C1CCC2C1CCC1CCC1C1CC12
O=C(CSc1ccccn1)C1CCC2C1CCC1CCC1C1CCC12
O=C(CSc1ccccn1)C1CCC2C1CCC1CCC1C1CCCC12
O=C(CSc1ccccn1)C1CCC2C1CCC1CC1C1CCCC12
O=C(CSc1ccccn1)C1CCC2C1CCC1CC1C1CCC12
O=C(CSc1ccccn1)C1CCC2C1CCC1CC1C1CCC12
O=C(CSc1ccccn1)C1CCC2C1CCC1CC1C1CCCC12
O=C(CSc1ccccn1)C1CCC2C1CCC1CC1C1CCCC12
O=C(CSc1ccccn1)C1CCC2C1CCC1CC1C1CCCC12
O=C(CSc1ccccn1)C1CCC2C1CCC1CCCCCC1C1CCCC12
O=C(CSc1ccccn1)C1CCC2C1CCC1CCCCCC1C1CCCC12
O=C(CSc1ccccn1)C1CCC2C1CCC1CCCCC1C1CCCC12
O=C(CSc1ccccn1)C1CCC2C1CCC1CCCCC1C1CCCC12
O=C(CSc1ccccn1)C1CCC2C1CCC1CCCCC1C1CCCC12
O=C(CSc1ccccn1)C1CCC2C1CCC1CCCCCC1C1CCCC12
O=C(CSc1ccccn1)C1CCC2C3CCCC3CCCCC12
O=C(CSc1ccccn1)C1CCC2C3CCC3CCCCC12
O=C(CSc1ccccn1)C1CCC2C3CCC3CCCCC12
O=C(CSc1ccccn1)C1CCC2C1CCC1CCCCCCC1C1CCC12
O=C(CSc1ccccn1)C1CCC2C1CCC1CCCCCC1C1CCC12
O=C(CSc1ccccn1)C1CCC2C1CCC1CCCCCC1C1CCC12
O=C(CSc1ccccn1)C1CCC2C1CCC1CCCCCC1C1CCCC12
O=C(CSc1ccccn1)C1CCC2C1CCC1CCCCCCC1C1CCCC12
O=C(CSc1ccccn1)C1CCC2C1CCC1CCCCCCC1C1CCCC12
O=C(CSc1ccccn1)C1CCC2C1CCC1CCCCCCC1C1CCCC12
O=C(CSc1ccccn1)C1CCC2C1CCC1CCCCCCC1C1CCCC12
O=C(CSc1ccccn1)C1CCC2C1CCC1CCCCCC1C1CCCC12
O=C(CSc1ccccn1)C1CCC2C1CCC1CCCCCC1C1CCC12
O=C(CSc1ccccn1)C1CCC2C1CCC1CCCCC1C1CCC12
O=C(CSc1ccccn1)C1CCC2C1CCC1CCCCC1C1CCC12
O=C(CSc1ccccn1)C1CCC2C3CCC3CCCCC12
O=C(CSc1ccccn1)C1CCC2C3CCC3CCCCC12
O=C(CSc1ccccn1)C1CCC2C3CCCC3CCCCC12
O=C(CSc1ccccn1)C1CCC2C3CCCC3CCCCC12
O=C(CSc1ccccn1)C1CCC2C3CCCC3CCCCC12
O=C(CSc1ccccn1)C1CCC2C3CCCC3CCCCC12
O=C(CSc1ccccn1)C1CCC2C3CCCC3CCCCC12
O=C(CSc1ccccn1)C1CCC2C3CCCC3CCCCC12
O=C(CSc1ccccn1)C1CCC2C3CCCC3CCCCC12
O=C(CSc1ccccn1)C1CCC2C3CCCC3CCCCC12
O=C(CSc1ccccn1)C1CCC2C3CCCC3CCCCC12
O=C(CSc1ccccn1)C1CCC2C3CCCC3CCCC12
O=C(CSc1ccccn1)C1CCC2C3CCCC3CCCC12
O=C(CSc1ccccn1)C1CCC2C3CCCC3CCCC12
O=C(CSc1ccccn1)C1CCC2C3CCCC3CCCC12
O=C(CSc1ccccn1)C1CCC2C3CCCC3CCCC12
O=C(CSc1ccccn1)C1CCC2C3CCCCCC3CCCC12
O=C(CSc1ccccn1)C1CCC2C3CCCCCC3CCCC12
O=C(CSc1ccccn1)C1CCC2C3CCCCC3CCCC12
O=C(CSc1ccccn1)C1CCC2C3CCCCCC3CCCC12
O=C(CSc1ccccn1)C1CCC2C3CCCCCC3CCCCC12
O=C(CSc1ccccn1)C1CCC2C3CCCCCCC3CCCCC12
O=C(CSc1ccccn1)C1CCC2C3CCCCCCC3CCCCC12
O=C1CCCCC2C(CCCCC3C(C(=O)CSc4ccccn4)CCC23)C1
O=C1CCCCC2C1CCCCC1C(C(=O)CSc3ccccn3)CCC21
O=C1CCCCC2C1CCCCC1C(C(=O)CSc3ccccn3)CCC21
O=C1CCCC2C1CCCCC1C(C(=O)CSc3ccccn3)CCC21
O=C1CCCC2C1CCCCC1C(C(=O)CSc3ccccn3)CCC21
O=C1CCCC2C1CCCCC1C(C(=O)CSc3ccccn3)CCC21
O=C(CSc1ccccn1)C1CCC2C3CCCCC3CCCCC12
O=C(CSc1ccccn1)C1CCC2C3CCCCC3CCCCC12
O=C(CSc1ccccn1)C1CCC2C3CCCCC3CCCCC12
O=C(CSc1ccccn1)C1CCC2C3CCCCC3CCCCC12
O=C(CSc1ccccn1)C1CCC2C3CCCCC3CCCCC12
O=C(CSc1ccccn1)C1CCC2C3CCCCC3CCCC12
O=C(CSc1ccccn1)C1CCC2C3CCCC3CCCC12
O=C(CSc1ccccn1)C1CCC2C3CCCC3CCCC12
O=C(CSc1ccccn1)C1CCC2C3CCCC3CCCC12
O=C(CSc1ccccn1)C1CCC2C3CCCC3CCCCC12
O=C(CSc1ccccn1)C1CCC2C3CCCC3CCCCC12
O=C(CSc1ccccn1)C1CCC2C3CCCC3CCCCC12
O=C(CSc1ccccn1)C1CCC2C3CCCC3CCCC12
O=C(CSc1ccccn1)C1CCC2C3CCCC3CCCC12
O=C(CSc1ccccn1)C1CCC2C3CCCCC3CCCC12
O=C(CSc1ccccn1)C1CCC2C3CCCCCC3CCCC12
O=C(CSc1ccccn1)C1CCC2C3CCCCCCC3CCCC12
O=C(CSc1ccccn1)C1CCC2C3CCCCCC3CCCC12
O=C(CSc1ccccn1)C1CCC2C3CCCCCC3CCCC12
O=C(CSc1ccccn1)C1CCC2C3CCCCCCC3CCCC12
O=C(CSc1ccccn1)C1CCC2C3CCCCCCC3CCCC12
O=C(CSc1ccccn1)C1CCC2C3CCCCCCC3CCCCC12
O=C(CSc1ccccn1)C1CCC2C3CCCCCCC3CCCCC12
O=C(CSc1ccccn1)C1CCC2C3CCCCCCC3CCCCC12
O=C(CSc1ccccn1)C1CCC2C3CCCCCC3CCCCC12
O=C(CSc1ccccn1)C1CCC2C3CCCCC3CCCCC12
O=C(CSc1ccccn1)C1CCC2C3CCCCCC3CCCCC12
O=C(CSc1ccccn1)C1CCC2C3CCCCC3CCCCC12
O=C(CSc1ccccn1)C1CCC2C(C3CCC3)CCCCCC12
O=C(CSc1ccccn1)C1CCC2C(C3CC3)CCCCCC12
O=C(CSc1ccccn1)C1CCC2C1CCCCCC2C1C2COCC21
O=C(CSc1ccccn1)C1CCC2C1CCCCC2C1C2COCC21
O=C(CSc1ccccn1)C1CCC2C(C3CC3)CCCCC12
O=C(CSc1ccccn1)C1CCC2C(C3CC3)CCCCC12
O=C(CSc1ccccn1)C1CCC2C(C3CC3)CCCCCC12
O=C(CSc1ccccn1)C1CCC2C(C3CC3)CCCCCC12
O=C(CSc1ccccn1)C1CCC2C(C3CC3)CCCCCC12
O=C(CSc1ccccn1)C1CCC2C(C3CCC3)CCCCCC12
O=C(CSc1ccccn1)C1CCC2C(C3CCC3)CCCCCC12
O=C(CSc1ccccn1)C1CCC2C(C3CCC3)CCCCCC12
O=C(CSc1ccccn1)C1CCC2C(C3CCC3)CCCCCC12
O=C(CSc1ccccn1)C1CCC2C1CCCCCC2C1CC2CCCC21
O=C(CSc1ccccn1)C1CCC2C1CCCCCC2C1CCC2CCCC21
O=C(CSc1ccccn1)C1CCC2C1CCCCCC2C1CCC2CCCC21
O=C(CSc1ccccn1)C1CCC2C1CCCCCC2C1CC2CCCC21
O=C(CSc1ccccn1)C1CCC2C1CCCCCC2C1C2CCCC21
O=C(CSc1ccccn1)C1CCC2C1CCCCC2C1C2CCCC21
O=C(CSc1ccccn1)C1CCC2C1CCCCC2C1C2CCCC21
O=C(CSc1ccccn1)C1CCC2C1CCCCCC2C1C2CCCC21
O=C(CSc1ccccn1)C1CCC2C1CCC1CC1C2C1C2CCCC21
O=C(CSc1ccccn1)C1CCC2C1CCC1CC1C2C1C2CCC21
O=C(CSc1ccccn1)C1CCC2C1CCC1CC1C2C1CCCC1
O=C(CSc1ccccn1)C1CCC2C1CCC1CC1C2C1CCOCC1
O=C(CSc1ccccn1)C1CCC2C1CCC1CC1C2C1CCCCC1
O=C(CSc1ccccn1)C1CCC2C1CCC1CC1C2C1CCCCCC1
O=C(CSc1ccccn1)C1CCC2C(C3CCCCCC3)CCCCC12
O=C(CSc1ccccn1)C1CCC2C(C3CCCCC3)CCCCC12
O=C(CSc1ccccn1)C1CCC2C(C3CCCCC3)CCCCCC12
O=C(CSc1ccccn1)C1CCC2C(C3CCCCC3)CCCCCC12
O=C(CSc1ccccn1)C1CCC2C(C3CCCCCC3)CCCCCC12
O=C(CSc1ccccn1)C1CCC2C(C3CCCCCC3)CCCCCC12
O=C(CSc1ccccn1)C1CCC2C(C3CCCCCCC3)CCCCCC12
O=C(CSc1ccccn1)C1CCC2C1CCCCCC2C1CCCC2CCC21
O=C(CSc1ccccn1)C1CCC2C1CCCCCC2C1CCCCC2CCC21
O=C(CSc1ccccn1)C1CCC2C1CCCCC2C1CCCCC2CCC21
O=C(CSc1ccccn1)C1CCC2C1CCCCC2C1CCCCC2CCCC21
O=C(CSc1ccccn1)C1CCC2C1CCCCC2C1CCCC2CCCC21
O=C(CSc1ccccn1)C1CCC2C1CCCCC2C1CCCC2CCCCC21
O=C(CSc1ccccn1)C1CCC2C1CCCCC2C1CCCC2CCCCC21
O=C(CSc1ccccn1)C1CCC2C1CCCCCC2C1CCCC2CCCCC21
O=C(CSc1ccccn1)C1CCC2C1CCCCCC2C1CCCC2CCCC21
O=C(CSc1ccccn1)C1CCC2C1CCCCCC2C1CCCCC2CCCC21
O=C(CSc1ccccn1)C1CCC2C(C3CCC4CCCC4CC3)CCCCCC12
O=C(CSc1ccccn1)C1CCC2C(C3CCCC4CCCC4CC3)CCCCCC12
O=C(CSc1ccccn1)C1CCC2C(C3CCCC4CCC4CC3)CCCCCC12
O=C(CSc1ccccn1)C1CCC2C(C3CCCC4CCC4C3)CCCCCC12
O=C(CSc1ccccn1)C1CCC2C(C3CCCCC4CCC4C3)CCCCCC12
O=C(CSc1ccccn1)C1CCC2C(C3CCCCC4CC4C3)CCCCCC12
O=C(CSc1ccccn1)C1CCC2C(C3CCCCCCC3)CCCCCC12
O=C(CSc1ccccn1)C1CCC2C(C3CCCCCC3)CCCCCC12
O=C(CSc1ccccn1)C1CCC2C(C3CCCCC3)CCCCCC12
O=C(CSc1ccccn1)C1CCC2C(C3CCCCC3)CCCCCC12
O=C(CSc1ccccn1)C1CCC2C(C3CCCC3)CCCCCC12
O=C(CSc1ccccn1)C1CCC2C(C3CCCC3)CCCCCC12
O=C(CSc1ccccn1)C1CCC2C(C3CCCCC3)CCCCCC12
O=C(CSc1ccccn1)C1CCC2C(C3CCCCC3)CCCCCC12
O=C1CCCC(C2CCCCCC3C(C(=O)CSc4ccccn4)CCC23)C1
O=C1CCCC(C2CCCCCC3C(C(=O)CSc4ccccn4)CCC23)C1
O=C1CCCC(C2CCCCCC3C(C(=O)CSc4ccccn4)CCC23)C1
O=C1CCCC(C2CCCCCC3C(C(=O)CSc4ccccn4)CCC23)C1
O=C1CCCC(C2CCCCCC3C(C(=O)CSc4ccccn4)CCC23)C1
O=C1CCCC(C2CCCCC3C(C(=O)CSc4ccccn4)CCC23)C1
O=C1CCCC(C2CCCCC3C(C(=O)CSc4ccccn4)CCC23)C1
O=C1CCCC(C2CCCC3C(C(=O)CSc4ccccn4)CCC23)C1
O=C1CCCC(C2CCCC3C(C(=O)CSc4ccccn4)CCC23)C1
O=C1CCCC(C2CCCC3C(C(=O)CSc4ccccn4)CCC23)C1
O=C1CCCC(C2CCCC3C(C(=O)CSc4ccccn4)CCC23)C1
O=C1CCCC1C1CCCC2C(C(=O)CSc3ccccn3)CCC12
O=C1CCCCC1C1CCCC2C(C(=O)CSc3ccccn3)CCC12
O=C1CCCCC1C1CCC2C(C(=O)CSc3ccccn3)CCC12
O=C1CCCCC1C1CCC2C(C(=O)CSc3ccccn3)CCC12
O=C1CCCCC1CC1CCC2C(C(=O)CSc3ccccn3)CCC12
O=C(CSc1ccccn1)C1CCC2C1CCC2C1C2CCCC(=O)C21
O=C(CSc1ccccn1)C1CCC2C1CCC2C1C2CCCCC(=O)C21
O=C1CCCCC(C2CCC3C(C(=O)CSc4ccccn4)CCC23)C1
O=C1CCCCCC(C2CCC3C(C(=O)CSc4ccccn4)CCC23)C1
O=C1CCCCCC(C2CCC3C(C(=O)CSc4ccccn4)CCC23)C1
O=C1CCCCC(C2CCC3C(C(=O)CSc4ccccn4)CCC23)C1
O=C1CCCCC1C1CCC2C(C(=O)CSc3ccccn3)CCC12
O=C1CCCCCC1C1CCC2C(C(=O)CSc3ccccn3)CCC12
O=C1CCCCCC1C1CCC2C(C(=O)CSc3ccccn3)CCC12
O=C1CCCCCC1C1CCC2C(C(=O)CSc3ccccn3)CCC12
O=C1CCCCCC1C1CCC2C(C(=O)CSc3ccccn3)CCC12
O=C1CCCCC1C1CCC2C(C(=O)CSc3ccccn3)CCC12
O=C1CCC(C2CCC3C(C(=O)CSc4ccccn4)CCC32)C(=O)C1
O=C1CC(=O)C(C2CCC3C(C(=O)CSc4ccccn4)CCC32)C1
O=C1CC(C2CCC3C(C(=O)CSc4ccccn4)CCC23)C1
O=C(CSc1ccccn1)C1CCC2C1CCC2C1CC1=O
O=C(CSc1ccccn1)C1CCC2C1CCC2C1CC1=O
O=C(CSc1ccccn1)C1CCC2C1CCC2C1CC1=O
O=C(CSc1ccccn1)C1CCC2C1CCC2C1CC1=O
O=C(CSc1ccccn1)C1CCC2C1CCC2C1CC1=O
O=C1CC(C2CCC3C(C(=O)CSc4ccccn4)CCC23)O1
O=C1CC(C2CCC3C(C(=O)CSc4ccccn4)CCC23)O1
O=C1CC(C2CCC3C(C(=O)CSc4ccccn4)CCC23)O1
O=C1CC(C2CCC3C(C(=O)CSc4ccccn4)CCC23)O1
O=C1CC(C2CCC3C(C(=O)CSc4ccccn4)CCC23)C1
O=C1CC(C2CCC3C(C(=O)CSc4ccccn4)CCC23)C1
O=C1CCC1C1CCC2C(C(=O)CSc3ccccn3)CCC12
O=C1CCC1C1CCC2C(C(=O)CSc3ccccn3)CCC12
O=C1CCC1C1CCC2C(C(=O)CSc3ccccn3)CCC12
O=C1CCC1C1CCC2C(C(=O)CSc3ccccn3)CCC12
O=C(CSc1ccccn1)C1CCC2C1CCC2C1(C2CCC2)CCC1=O
O=C(CSc1ccccn1)C1CCC2C1CCC2C1(C2CCC2)CC1=O
O=C1CC(C2CCC2)(C2CCC3C(C(=O)CSc4ccccn4)CCC32)C1
O=C1CC(C2CCCC2)(C2CCC3C(C(=O)CSc4ccccn4)CCC32)C1
O=C1CC(C2CCC(C3CCC4C(C(=O)CSc5ccccn5)CCC34)C2)C1
O=C1CC(C2CCCC(C3CCC4C(C(=O)CSc5ccccn5)CCC34)C2)C1
O=C1CC(C2CCCCC2C2CCC3C(C(=O)CSc4ccccn4)CCC32)C1
O=C(CSc1ccccn1)C1CCC2C1CCC2C1CCCCC1C1CC1=O
O=C(CSc1ccccn1)C1CCC2C1CCC2C1CCCCC1C1CC1
O=C(CSc1ccccn1)C1CCC2C1CCC2C1CCCCC1C1CC1
O=C(CSc1ccccn1)C1CCC2C1CCC2C1CCCCC1C1CCC1
O=C(CSc1ccccn1)C1CCC2C1CCC2C1CCCCC1C1CCCC1
O=C(CSc1ccccn1)C1CCC2C1CCC2C1CCCCC1C1CCCC1
O=C(CSc1ccccn1)C1CCC2C1CCC2C1CCCCC1C1CCCC1
O=C(CSc1ccccn1)C1CCC2C1CCC2C1CCCCC1C1CCCCC1
O=C(CSc1ccccn1)C1CCC2C1CCC2C1CCCC1C1CCCCC1
O=C(CSc1ccccn1)C1CCC2C1CCC2C1(C2CCCCC2)CCC1
O=C(CSc1ccccn1)C1CCC2C1CCC2C1(CC2CCCCC2)CCC1
O=C(CSc1ccccn1)C1CCC2C1CCC2C1(CC2CCCCC2)CC1
O=C(CSc1ccccn1)C1CCC2C(CCC3CCCCC3)CCC12
O=C(CSc1ccccn1)C1CCC2C(CCC3CCCCC3)CCC12
O=C(CSc1ccccn1)C1CCC2C(C3CCC4CCCCC4C3)CCC12
O=C(CSc1ccccn1)C1CCC2C(C3CCC4CCCCC4C3)CCCC12
O=C(CSc1ccccn1)C1CCC2C(C3CCC4CCCCC4CC3)CCCC12
O=C(CSc1ccccn1)C1CCC2C(C3CCC4CCCC4CC3)CCCC12
O=C(CSc1ccccn1)C1CCC2C(C3CCC4CCCC4C3)CCCC12
O=C(CSc1ccccn1)C1CCC2C(C3CCC4CCC4C3)CCCC12
O=C(CSc1ccccn1)C1CCC2C(C3CCC4CCC4C3)CCCC12
O=C(CSc1ccccn1)C1CCC2C(C3CCCCCCC3)CCCC12
O=C(CSc1ccccn1)C1CCC2C1CCCC2C1C2CCCCCC21
O=C(CSc1ccccn1)C1CCC2C1CCCCC2C1C2CCCCCC21
O=C(CSc1ccccn1)C1CCC2C1CCCCC2C1C2CCCCCC21
O=C(CSc1ccccn1)C1CCC2C1CCCCC2C1C2CCCCC21
O=C(CSc1ccccn1)C1CCC2C1CCCCC2C1C2CCCC21
O=C(CSc1ccccn1)C1CCC2C1CCCCC2C1C2CCC21
O=C(CSc1ccccn1)C1CCC2C1CCCCC2C1C2CCC21
O=C(CSc1ccccn1)C1CCC2C1CCCCC2C1C2CC21
O=C(CSc1ccccn1)C1CCC2C1CCC1CCC1C2C1C2CC21
O=C(CSc1ccccn1)C1CCC2C1CCC1CCC1C2C1CC1
O=C(CSc1ccccn1)C1CCC2C1CCC1CCC1C2C1CC1
O=C(CSc1ccccn1)C1CCC2C1CCC1CC1C2C1CC1
O=C(CSc1ccccn1)C1CCC2C1CCC1CC1C2C1CC1
O=C(CSc1ccccn1)C1CCC2CC3CC3CCC21
O=C(CSc1ccccn1)C1CCC2CC3CC3CCC21
O=C(CSc1ccccn1)C1CCC2CC3CCC3CCC21
O=C(CSc1ccccn1)C1CCC2CC3CCC3CCC21
O=C(CSc1ccccn1)C1CCC2CC3CCCC3CCC21
O=C(CSc1ccccn1)C1CCC2CC3CCCC3CCC21
O=C(CSc1ccccn1)C1CCC2CC3CCCC3CCC21
O=C(CSc1ccccn1)C1CCC2CC3CCCC3CCC21
O=C(CSc1ccccn1)C1CCC2CC3CCCC3CCC21
O=C(CSc1ccccn1)C1CCC2C1CCC1CCC3CCCCC2C31
O=C(CSc1ccccn1)C1CCC2C1CCC1CCCC3CCCCC2C31
O=C(CSc1ccccn1)C1CCC2C3CCCCCC3CCCC12
O=C(CSc1ccccn1)C1CCC2C3CCCCCC3CCCC12
O=C(CSc1ccccn1)C1CCC2C3CCCCCC3CCCC12
O=C(CSc1ccccn1)C1CCC2C3CCCCCC3CCCC12
O=C(CSc1ccccn1)C1CCC2C3CCCCCC3CCC12
O=C(CSc1ccccn1)C1CCC2C3CCCCCC3CCC12
O=C(CSc1ccccn1)C1CCC2C3CCCCCCC3CCC12
O=C(CSc1ccccn1)C1CCC2C3CCCCCCC3CCC12
O=C(CSc1ccccn1)C1CCC2C3CCCCCCC3CCC12
O=C(CSc1ccccn1)C1CCC2C3CCCCCC3CCC12
O=C(CSc1ccccn1)C1CCC2C3CCCCCC3CCC12
O=C(CSc1ccccn1)C1CCC2C3CCCCC3CCC12
O=C(CSc1ccccn1)C1CCC2C3CCCCC3CCC12
O=C(CSc1ccccn1)C1CCC2C3CCCCC3CCC12
O=C(CSc1ccccn1)C1CCC2C3CCCCC3CCC12
O=C(CSc1ccccn1)C1CCC2C3CCCC3CCC12
O=C(CSc1ccccn1)C1CCC2C3CCCC3CCC12
O=C1CCC2C1CCC1C(C(=O)CSc3ccccn3)CCC21
O=C1CCC2C1CCC1C(C(=O)CSc3ccccn3)CCC21
O=C1CCC2C(CCC3C(C(=O)CSc4ccccn4)CCC23)C1
O=C1CCC2C(CCC3C(C(=O)CSc4ccccn4)CCC23)C1
O=C1CCC2C(CCC3C(C(=O)CSc4ccccn4)CCC23)C1
O=C1CCC2C(CCC3C(C(=O)CSc4ccccn4)CCC23)C1
O=C1CCC2C(CCC3C(C(=O)CSc4ccccn4)CCC23)C1
O=C1CCC2C(CCC3C(C(=O)CSc4ccccn4)CCC23)C1
O=C1CCC2CCC3C(C(=O)CSc4ccccn4)CCC3C2CC1
O=C1CCC2CCC3C(C(=O)CSc4ccccn4)CCC3C2CC1
O=C1CCC2CCC3C(C(=O)CSc4ccccn4)CCC3C2CC1
O=C1CCC2CCC3C(C(=O)CSc4ccccn4)CCC3C2CC1
O=C1CCC2CCCC3C(C(=O)CSc4ccccn4)CCC3C2CC1
O=C1CCC2CCCC3C(C(=O)CSc4ccccn4)CCC3C2CC1
O=C1CCC2CCCC3C(C(=O)CSc4ccccn4)CCC3C2CC1
O=C1CCC2CCCC3C(C(=O)CSc4ccccn4)CCC3C2CC1
O=C1CCC2CCCC3C(C(=O)CSc4ccccn4)CCC3C2CC1
O=C1CCC2CCCC3C(C(=O)CSc4ccccn4)CCC3C2CC1
O=C1CCC2CCCC3C(C(=O)CSc4ccccn4)CCC3C2CC1
O=C1CCC2CCCC3C(C(=O)CSc4ccccn4)CCC3C2CC1
O=C1CCC2CCCC3C(C(=O)CSc4ccccn4)CCC3C2CC1
O=C1CCC2CCCCC3C(C(=O)CSc4ccccn4)CCC3C2CC1
O=C1CCC2CCCCC3C(C(=O)CSc4ccccn4)CCC3C2CC1
O=C1CCC2CCCCC3C(C(=O)CSc4ccccn4)CCC3C2CC1
O=C1CCC2CCCCC3C(C(=O)CSc4ccccn4)CCC3C2CC1
O=C1CCC2CCCCC3C(C(=O)CSc4ccccn4)CCC3C2CC1
O=C1CCCC2C(CCCCC3C(C(=O)CSc4ccccn4)CCC23)CC1
O=C1CCCC2C(CCCCC3C(C(=O)CSc4ccccn4)CCC23)CC1
O=C1CCCC2C(CCCC3C(C(=O)CSc4ccccn4)CCC23)CC1
O=C1CCCC2C(CCCC3C(C(=O)CSc4ccccn4)CCC23)C1
O=C1CCCC2C1CCCC1C(C(=O)CSc3ccccn3)CCC21
O=C1CCCC2C1CCCC1C(C(=O)CSc3ccccn3)CCC21
O=C(CSc1ccccn1)C1CCC2C1CCC(=O)C1C(=O)CCCC12
O=C(CSc1ccccn1)C1CCC2C1CCC(=O)C1C(=O)CCCCC12
O=C1CCCCC2C1CCCC1C(C(=O)CSc3ccccn3)CCC21
O=C1CCCCC2C1CCCC1C(C(=O)CSc3ccccn3)CCC21
O=C1CCCCC2C1CCCCC1C(C(=O)CSc3ccccn3)CCC21
O=C1CCCCC2C1CCCCC1C(C(=O)CSc3ccccn3)CCC21
O=C1CCCCCC2C1CCCCC1C(C(=O)CSc3ccccn3)CCC21
O=C1CCCCCC2C1CCCC1C(C(=O)CSc3ccccn3)CCC21
O=C1CCCCC2C1CCCC1C(C(=O)CSc3ccccn3)CCC21
O=C1CCC2C(C(=O)CSc3ccccn3)CCC2C2CCCCCC12
O=C1CCC2C(C(=O)CSc3ccccn3)CCC2C2CCCCCCC12
O=C1CCC2C(C(=O)CSc3ccccn3)CCC2C2CCCCCC12
O=C1CCCC2C(C1)C(=O)CCC1C(C(=O)CSc3ccccn3)CCC12
O=C(CSc1ccccn1)C1CCC2C1CCC(=O)C1C(=O)CCCC12
O=C1CCC2C(C(=O)CSc3ccccn3)CCC2C2CCCC(=O)C2C1
O=C1CCC2C(C(=O)CSc3ccccn3)CCC2C2CCC(=O)C2C1
O=C(CSc1ccccn1)C1CCC2C1CCC(=O)C1C(=O)CCC12
O=C1CCC2C(O1)C(=O)CCC1C(C(=O)CSc3ccccn3)CCC12
O=C1CCC2C(CCCC3C(C(=O)CSc4ccccn4)CCC23)O1
O=C1CCC2C(CCCC3C(C(=O)CSc4ccccn4)CCC23)CO1
O=C1CCC2C(CCCC3C(C(=O)CSc4ccccn4)CCC23)CO1
O=C1CCC2CCCC3C(C(=O)CSc4ccccn4)CCC3C2CC1
O=C1CCC2CCCC3C(C(=O)CSc4ccccn4)CCC3C2CC1
O=C1CCC2CCC3C(C(=O)CSc4ccccn4)CCC3C2CC1
O=C1CCCC2CCC3C(C(=O)CSc4ccccn4)CCC3C2CC1
O=C1CCCC2CCC3C(C(=O)CSc4ccccn4)CCC3C2CC1
O=C(CSc1ccccn1)C1CCC2C3CCCCCCC3CCC12
O=C(CSc1ccccn1)C1CCC2C3CCCCCC3CCC12
O=C(CSc1ccccn1)C1CCC2C3CCCCCC3CCC12
O=C(CSc1ccccn1)C1CCC2C3CCCCCC3CCC12
O=C(CSc1ccccn1)C1CCC2C3CCCCCC3CCC12
O=C(CSc1ccccn1)C1CCC2C3CCCCCC3CCC12
O=C(CSc1ccccn1)C1CCC2C3CCCCCC3CCC12
O=C(CSc1ccccn1)C1CCC2C3CCCCCC3CCC12
O=C(CSc1ccccn1)C1CCC2C3CCCCCC3CCC12
O=C(CSc1ccccn1)C1CCC2C3CCCCCCC3CCC12
O=C(CSc1ccccn1)C1CCC2C3CCCCCC3CCC12
O=C(CSc1ccccn1)C1CCC2C3CCCCCC3CCC12
O=C(CSc1ccccn1)C1CCC2C3CCCCCC3CCC12
O=C(CSc1ccccn1)C1CCC2C3CCCCCC3CCC12
O=C(CSc1ccccn1)C1CCC2C3CCCCCC3CCC12
O=C(CSc1ccccn1)C1CCC2C3CCCCC3CCC12
O=C(CSc1ccccn1)C1CCC2C3CCCCC3CCC12
O=C(CSc1ccccn1)C1CCC2C3CCCC3CCC12
O=C(CSc1ccccn1)C1CCC2C3CNCC3CCC12
O=C(CSc1ccccn1)C1CCC2C3CNCC3CCC12
O=C(CSc1ccccn1)C1CCC2C3CNCC3CCC12
O=C(CSc1ccccn1)C1CCC2C3CNCC3CCC12
O=C(CSc1ccccn1)C1CCC2C3CNCC3CCC12
O=C(CSc1ccccn1)C1CCC2C3CNCC3CCC12
O=C(CSc1ccccn1)C1CCC2C3CNCC3CCC12
O=C(CSc1ccccn1)C1CCC2C3CNCC3CCC12
O=C(CSc1ccccn1)C1CCC2C3CNCCC3CCC12
O=C(CSc1ccccn1)C1CCC2C3CNCCC3CCC12
O=C(CSc1ccccn1)C1CCC2C3CNCCCC3CCC12
O=C(CSc1ccccn1)C1CCC2C3CCNCCCC3CCC12
O=C(CSc1ccccn1)C1CCC2C3CCNCCCC3CCC12
O=C(CSc1ccccn1)C1CCC2C3CCNCCCC3CCC12
O=C(CSc1ccccn1)C1CCC2C3CCNCCCC3CCC12
O=C(CSc1ccccn1)C1CCC2C3CCNCCCC3CCC12
O=C(CSc1ccccn1)C1CCC2C3CCNCCCC3CCC12
O=C(CSc1ccccn1)C1CCC2C3CCCCCC3CCC12
O=C(CSc1ccccn1)C1CCC2C3CCCCCC3CCC12
O=C(CSc1ccccn1)C1CCC2C3CCCNCCC3CCC12
O=C(CSc1ccccn1)C1CCC2C3CCCNCCC3CCC12
O=C(CSc1ccccn1)C1CCC2C3CCCNCC3CCC12
O=C(CSc1ccccn1)C1CCC2C3CCCNCC3CCC12
O=C(CSc1ccccn1)C1CCC2C3CCCCNCC3CCC12
O=C(CSc1ccccn1)C1CCC2C3CCCCNCC3CCC12
O=C(CSc1ccccn1)C1CCC2C3CCCCNCC3CCC12
O=C(CSc1ccccn1)C1CCC2C3CCCCNCC3CCC12
O=C(CSc1ccccn1)C1CCC2C3CCCNCC3CCC12
O=C(CSc1ccccn1)C1CCC2C3CCCNCC3CCC12
O=C(CSc1ccccn1)C1CCC2C3CCCNCC3CCC12
O=C(CSc1ccccn1)C1CCC2C3CCCNCC3CCC12
O=C(CSc1ccccn1)C1CCC2C3CCCNCC3CCC12
O=C(CSc1ccccn1)C1CCC2C3CCCNCC3CCC12
O=C(CSc1ccccn1)C1CCC2C3CCCNCCC3CCC12
O=C(CSc1ccccn1)C1CCC2C3CCCNCCC3CCC12
O=C(CSc1ccccn1)C1CCC2C3CCCNCCC3CCC12
O=C(CSc1ccccn1)C1CCC2C3CCCNCCC3CCC12
O=C(CSc1ccccn1)C1CCC2C3CCCNCCC3CCC12
O=C(CSc1ccccn1)C1CCC2C3CCCNCCC3CCC12
O=C(CSc1ccccn1)C1CCC2C3CCCNCC3CCC12
O=C(CSc1ccccn1)C1CCC2C3CCCCNCC3CCC12
O=C(CSc1ccccn1)C1CCC2C3CCCCNCC3CCC12
O=C(CSc1ccccn1)C1CCC2C3CCCCCCC3CCC12
O=C(CSc1ccccn1)C1CCC2C3CCCCCCC3CCC12
O=C(CSc1ccccn1)C1CCC2C3CCCCCC3CCC12
O=C(CSc1ccccn1)C1CCC2C3CCCCCC3CCC12
O=C(CSc1ccccn1)C1CCC2C3CCCCC3CCC12
O=C(CSc1ccccn1)C1CCC2C3CCCCC3CCC12
O=C(CSc1ccccn1)C1CCC2C3CCCCC3CCC12
O=C(CSc1ccccn1)C1CCC2C3CCCCC3CCC12
O=C(CSc1ccccn1)C1CCC2C3CCCCC3CCC12
O=C(CSc1ccccn1)C1CCC2C3CCCCC3CCC12
O=C(CSc1ccccn1)C1CCC2C3CCCC3CCC12
O=C(CSc1ccccn1)C1CCC2C3CCCC3CCC12
O=C(CSc1ccccn1)C1CCC2C3CCCC3CCC12
O=C(CSc1ccccn1)C1CCC2C3CCCC3CCC12
O=C(CSc1ccccn1)C1CCC2C1CCC1C(CN3CCCC3)CCC12
O=C(CSc1ccccn1)C1CCC2C1CCC1C(CN3CCC3)CCC12
O=C(CSc1ccccn1)C1CCC2C1CCC1C(CN3CCC3)CCCC12
O=C(CSc1ccccn1)C1CCC2C1CCC1C(CN3CC3)CCCC12
O=C(CSc1ccccn1)C1CCC2C1CCC1C(CN3CC3)CCCCC12
O=C(CSc1ccccn1)C1CCC2C1CCC1C(CN3CC3)CCCCCC12
O=C(CSc1ccccn1)C1CCC2C1CCC1C(CN3CC3)CCCCCC12
O=C(CSc1ccccn1)C1CCC2C1CCC1C(CN3CC3)CCCCCC12
O=C(CSc1ccccn1)C1CCC2C1CCC1C(CN3CC3)CCCCCC12
O=C(CSc1ccccn1)C1CCC2C1CCC1C(CCN3CC3)CCCCCC12
O=C(CSc1ccccn1)C1CCC2C1CCC1C(CCN3CC3)CCCCC12
O=C(CSc1ccccn1)C1CCC2C1CCC1C(CCN3CCC3)CCCCC12
O=C(CSc1ccccn1)C1CCC2C1CCC1C(CCN3CCC3)CCCCC12
O=C(CSc1ccccn1)C1CCC2C3CCCCCC3CCC12
O=C(CSc1ccccn1)C1CCC2C3CCCCCC3CCC12
O=C(CSc1ccccn1)C1CCC2C3CCCCCCC3CCC12
O=C(CSc1ccccn1)C1CCC2C1CCC1C(CCN3CCCC3)CCCCCC12
O=C(CSc1ccccn1)C1CCC2C1CCC1C(CCN3CCCC3)CCCCCC12
O=C(CSc1ccccn1)C1CCC2C1CCC1C(CCN3CCCC3)CCCCCC12
O=C(CSc1ccccn1)C1CCC2C1CCC1C(CCN3CCCC3)CCCCC12
O=C(CSc1ccccn1)C1CCC2C1CCC1C(CCN3CCC3)CCCCC12
O=C(CSc1ccccn1)C1CCC2C1CCC1C(CCN3CCC3)CCCCC12
O=C(CSc1ccccn1)C1CCC2C1CCC1C(CCN3CCCC3)CCCCC12
O=C(CSc1ccccn1)C1CCC2C1CCC1C(CCN3CCCC3)CCCCC12
O=C(CSc1ccccn1)C1CCC2C1CCC1C(CCN3CCCCC3)CCCCC12
O=C(CSc1ccccn1)C1CCC2C1CCC1C(CN3CCCCC3)CCCCC12
O=C(CSc1ccccn1)C1CCC2C1CCC1C(CN3CCCCC3)CCCCC12
O=C(CSc1ccccn1)C1CCC2C1CCC1C2CCCCC1N1CCCCC1
O=C(CSc1ccccn1)C1CCC2C3CCCCC(N4CCCCC4)CC3CCC12
O=C(CSc1ccccn1)C1CCC2C3CCCC(N4CCCCC4)CC3CCC12
O=C(CSc1ccccn1)C1CCC2C3CCCC(N4CCCC4)CC3CCC12
O=C(CSc1ccccn1)C1CCC2C3CCCC(N4CCCC4)CC3CCC12
O=C(CSc1ccccn1)C1CCC2C3CCC(N4CCCC4)CC3CCC12
O=C(CSc1ccccn1)C1CCC2C3CC(N4CCCC4)CC3CCC12
O=C(CSc1ccccn1)C1CCC2C3CCN4CCCC4CC3CCC12
O=C(CSc1ccccn1)C1CCC2C3CCN4CCCCC4CC3CCC12
O=C(CSc1ccccn1)C1CCC2C3CN4CCCCC4CC3CCC12
O=C(CSc1ccccn1)C1CCC2C3CN4CCCCC4CCC3CCC12
O=C(CSc1ccccn1)C1CCC2C3CN4CCCCC4CCC3CCC12
O=C(CSc1ccccn1)C1CCC2C3CCN4CCCCC4CCC3CCC12
O=C(CSc1ccccn1)C1CCC2C3CCN4CCCCC4CC3CCC12
O=C(CSc1ccccn1)C1CCC2C3CCN4CCCCCC4CC3CCC12
O=C(CSc1ccccn1)C1CCC2C3CCC4CCCCCC4CC3CCC12
O=C(CSc1ccccn1)C1CCC2C3CCCCCC3CCC12
O=C(CSc1ccccn1)C1CCC2C3CCCCCC3CCC12
O=C(CSc1ccccn1)C1CCC2C3CCCCCC3CCC12
O=C(CSc1ccccn1)C1CCC2C3CCCCC3CCC12
O=C(CSc1ccccn1)C1CCC2C3CCCCC3CCC12
O=C(CSc1ccccn1)C1CCC2C3CCCCC3CCC12
O=C(CSc1ccccn1)C1CCC2C3CCCCC3CCC12
O=C1CCCC2C1CCC1C(C(=O)CSc3ccccn3)CCC21
O=C1CCCCC2C1CCC1C(C(=O)CSc3ccccn3)CCC21
O=C1CCCCCC2C1CCC1C(C(=O)CSc3ccccn3)CCC21
O=C1CCCCCC2C1CCC1C(C(=O)CSc3ccccn3)CCC21
O=C1CCCCC2C1CCC1C(C(=O)CSc3ccccn3)CCC21
O=C1CCCCCC2C1CCC1C(C(=O)CSc3ccccn3)CCC21
O=C1CCCCCC2C1CCC1C(C(=O)CSc3ccccn3)CCC21
O=C1CCCCCC2C1CCC1C(C(=O)CSc3ccccn3)CCC21
O=C1CCCCCC2C1CCC1C(C(=O)CSc3ccccn3)CCC21
O=C1CCCCC2C1CCC1C(C(=O)CSc3ccccn3)CCC21
O=C(CSc1ccccn1)C1CCC2C3CCCCCC3CCC12
O=C(CSc1ccccn1)C1CCC2C3CCCCC3CCC12
O=C(CSc1ccccn1)C1CCC2C3CCCCC3CCC12
O=C(CSc1ccccn1)C1CCC2C3CCCCC3CCC12
O=C(CSc1ccccn1)C1CCC2C3CCCCC3CCC12
O=C(CSc1ccccn1)C1CCC2C3CCCCC3CCC12
O=C(CSc1ccccn1)C1CCC2C3CCCCC3CCC12
O=C(CSc1ccccn1)C1CCC2C3CCCCC3CCC12
O=C(CSc1ccccn1)C1CCC2C3CCCC3CCC12
O=C(CSc1ccccn1)C1CCC2C3CCC3CCC12
O=C(CSc1ccccn1)C1CCC2C3CCC3CCC12
O=C(CSc1ccccn1)C1CCC2C3CCCC3CCC12
O=C(CSc1ccccn1)C1CCC2C1CCC1C(C3CC3=O)CCC21
O=C(CSc1ccccn1)C1CCC2C1CCC1C(C3CC3=O)CCCC21
O=C(CSc1ccccn1)C1CCC2C1CCC1C(c3cc3=O)CCCC12
O=C(CSc1ccccn1)C1CCC2C1CCC1C(c3cc3=O)CCCC12
O=C(CSc1ccccn1)C1CCC2C1CCC1C(c3cc3=O)CCCCC12
O=C1C=C(C2CCCCC3C2CCC2C(C(=O)CSc4ccccn4)CCC23)C1
O=C1C=C(C2CCCCCC3C2CCC2C(C(=O)CSc4ccccn4)CCC23)C1
O=C1C=C2CCCCC3C(CCC4C(C(=O)CSc5ccccn5)CCC43)C2CC1
O=C1C=C2CCCCC3C(CCC4C(C(=O)CSc5ccccn5)CCC43)C2C1
O=C1C=C2CCCC3C(CCC4C(C(=O)CSc5ccccn5)CCC43)C2C1
O=C1C=C2CCCC3C(CCC4C(C(=O)CSc5ccccn5)CCC43)C2CC1
O=C1C=C2CCC3C(CCC4C(C(=O)CSc5ccccn5)CCC43)C2CC1
O=C1C=CC2C(=C1)CCC1C2CCC2C(C(=O)CSc3ccccn3)CCC21
c1cncc(-c2cccc(CCCCc3cc4ccncc4[nH]3)c2)c1
c1cncc(-c2cccc(CCCCc3cc4ccncc4[nH]3)c2)c1
c1cncc(-c2ccccc2-c2cc3ccncc3[nH]2)c1
c1cncc(-c2cccc3c2-c2[nH]c4cnccc4c2CC3)c1
c1cncc(-c2cccc3c2-c2[nH]c4cnccc4c2CC3)c1
c1cncc(-c2cccc3c2-c2[nH]c4cnccc4c2CC3)c1
c1cncc(-c2cccc3c2-c2[nH]c4cnccc4c2CC3)c1
c1ccc(-c2cccc3c2-c2[nH]c4cnccc4c2CC3)cc1
c1ccc(-c2cccc3c2-c2[nH]c4cnccc4c2CC3)cc1
c1ccc(-c2cccc3c2-c2[nH]c4cnccc4c2CC3)cc1
c1ccc(-c2cccc3c2-c2[nH]c4cnccc4c2CC3)cc1
c1ccc(-c2cccc3c2-c2[nH]c4cnccc4c2CCC3)cc1
c1ccc(-c2cccc3c2-c2[nH]c4cnccc4c2CCC3)cc1
c1ccc(-c2cccc3c2-c2[nH]c4cnccc4c2CCC3)cc1
c1ccc(-c2cccc3c2-c2[nH]c4cnccc4c2CCC3)cc1
c1ccc(-c2cccc3c2-c2[nH]c4cnccc4c2CCC3)cc1
O=C(Cc1ccccc1)CC1Cc2ccccc2-c2[nH]c3cnccc3c2C1
O=C(Cc1ccccc1)CC1Cc2ccccc2-c2[nH]c3cnccc3c2C1
O=C(Cc1ccccc1)CC1Cc2ccccc2Oc2[nH]c3cnccc3c2C1
O=C(Cc1ccccc1)CC1Cc2ccccc2Oc2[nH]c3cnccc3c2C1
O=C(CCc1ccccc1)CC1Cc2ccccc2Oc2[nH]c3cnccc3c2C1
O=C(CCc1ccccc1)CC1Cc2ccccc2Oc2[nH]c3ccccc3c2C1
O=C(CCc1ccccc1)C1Cc2ccccc2Oc2[nH]c3ccccc3c2C1
O=C(CCc1ccccc1)C1Cc2ccccc2Oc2[nH]c3ccccc3c2C1
O=C(CNc1ccccc1)C1Cc2ccccc2Oc2[nH]c3ccccc3c2C1
c1ccc(NCCC2Cc3ccccc3Oc3[nH]c4ccccc4c3C2)cc1
c1ccc(NCC2Cc3ccccc3Oc3[nH]c4ccccc4c3C2)cc1
c1ccc(NC2Cc3ccccc3Oc3[nH]c4ccccc4c3C2)cc1
c1ccc(NC2Cc3ccccc3Oc3[nH]c4ccccc4c3C2)cc1
c1ccc2c(c1)CC(Cc1c[nH]c3ccccc13)Nc1ccccc1O2
c1ccc2c(c1)CCNc1cccc(-c3c[nH]c4ccccc34)c1O2
c1ccc2c(c1)CCNc1cccc(-c3c[nH]c4ccccc34)c1O2
C=C(c1ccccc1)c1cccc2c1Oc1ccccc1CCN2
C=C(c1ccccc1)c1cccc2c1Oc1ccccc1CCN2
c1ccc(Cc2cccc3c2Oc2ccccc2CCN3)cc1
c1ccc(Cc2cccc3c2Oc2ccccc2CCN3)cc1
c1ccc(Cc2cccc3c2Oc2ccccc2CCN3)cc1
c1ccc(Cc2cccc3c2Oc2ccccc2CCN3)cc1
c1ccc(-c2cccc3c2Oc2ccccc2CCN3)cc1
c1ccc(-c2cccc3c2Oc2ccccc2CCN3)cc1
c1ccc(-c2cccc3c2Oc2ccccc2CCN3)cc1
c1ccc(-c2cccc3c2Oc2ccccc2CCN3)cc1
c1ccc(-c2cccc3c2Oc2ccccc2CCN3)cc1
c1ccc(-c2cccc3c2Oc2ccccc2CCN3)cc1
c1ccc(-c2cccc3c2Oc2ccccc2CC(N2CC2)N3)cc1
c1ccc(-c2cccc3c2Oc2ccccc2CC(N2CC2)N3)cc1
c1ccc(-c2cccc3c2Oc2ccccc2CC(N2CC2)N3)cc1
c1ccc(-c2cccc3c2Oc2ccccc2CC(N2CCC2)N3)cc1
c1ccc(-c2cccc3c2Oc2ccccc2CC(N2CCC2)N3)cc1
c1ccc(-c2cccc3c2Oc2ccccc2CC(N2CCCC2)N3)cc1
c1ccc(-c2cccc3c2Oc2ccccc2CC(CN2CCCC2)N3)cc1
c1ccc(-c2cccc3c2Oc2ccccc2CC(CN2CCCCC2)N3)cc1
c1ccc(-c2cccc3c2Oc2ccccc2CC(CCN2CCCCC2)N3)cc1
c1ccc(-c2cccc3c2Oc2ccccc2CC(CCN2CCCCCC2)N3)cc1
O=C(c1ccc(-c2cccc3c2Oc2ccccc2CCN3)cc1)N1CCCCCC1
O=C(c1ccc(-c2cccc3c2Oc2ccccc2CCN3)cc1)N1CCCCCC1
O=C(c1ccc(-c2cccc3c2Oc2ccccc2CCN3)cc1)N1CCCCCC1
O=C(c1ccc(-c2cccc3c2Oc2ccccc2CCN3)cc1)N1CCCCCC1
O=C(c1ccc(-c2cccc3c2Oc2ccccc2CCN3)cc1)N1CCCCCC1
O=C(c1ccc(-c2cccc3c2Oc2ccccc2CCN3)cc1)N1CCCCCC1
O=C(c1ccc(-c2cccc3c2Oc2ccccc2CCN3)cc1)N1CCCCCC1
O=C(c1ccc(-c2cccc3c2Oc2ccccc2CCN3)cc1)N1CCCCC1
O=C(c1ccc(-c2cccc3c2Oc2ccccc2CCN3)cc1)N1CCCCC1
O=C(c1ccc(-c2cccc3c2Oc2ccccc2CCN3)cc1)N1CCCCC1
O=C(c1ccc(-c2cccc3c2Oc2ccccc2CCN3)cc1)N1CCCCC1
O=C(c1ccc(-c2cccc3c2Oc2ccccc2CCN3)cc1)N1CCCCC1
O=C(c1ccc(-c2cccc3c2Oc2ccccc2CCN3)cc1)N1CCCC1
O=C(c1ccc2c(c1)-c1ccc3c(c1-2)Oc1ccccc1CCN3)N1CCCC1
O=C(c1ccc2c(c1)-c1ccc3c(c1-2)Cc1ccccc1CCN3)N1CCCC1
O=C(c1ccc2c(c1)-c1ccc3c(c1-2)-c1ccccc1CCN3)N1CCCC1
O=C(c1ccc2c(c1)-c1ccc3c(c1-2)-c1ccccc1CCN3)N1CCCCC1
O=C(c1ccc2c(c1)-c1ccc3c(c1-2)-c1ccccc1CCN3)N1CCCCCC1
O=C(c1ccc2c(c1)-c1ccc3c(c1-2)-c1ccccc1CCCN3)N1CCCCCC1
O=C(c1ccc2c(c1)-c1ccc3c(c1-2)-c1ccccc1CCCN3)N1CCCCCC1
O=C(c1ccc2oc3c4c(ccc3c2c1)NCCCc1ccccc1-4)N1CCCCCC1
O=C(c1ccc2oc3c4c(ccc3c2c1)NCC=Cc1ccccc1-4)N1CCCCCC1
O=C(c1ccc2oc3c4c(ccc3c2c1)NCC=Cc1ccccc1-4)N1CCCCC1
O=C(c1cccc(-c2ccc3c(c2)-c2ccccc2C=CCN3)c1)N1CCCCC1
O=C(c1cccc(-c2ccc3c(c2)-c2ccccc2C=CCN3)c1)N1CCCCC1
O=C(c1cccc(-c2ccc3c(c2)-c2ccccc2C=CCN3)c1)N1CCCCC1
O=C(c1cccc(Oc2ccc3c(c2)-c2ccccc2C=CCN3)c1)N1CCCCC1
O=C(c1cccc(-c2ccc3c(c2)-c2ccccc2C=CCN3)c1)N1CCCCC1
O=C(c1cccc(-c2ccc3c(c2)-c2ccccc2C=CCN3)c1)N1CCCCC1
O=C(c1ccccc1-c1ccc2c(c1)-c1ccccc1C=CCN2)N1CCCCC1
O=C(c1ccccc1-c1ccc2c(c1)-c1ccccc1C=CCN2)N1CCCCCC1
O=C(c1ccccc1-c1ccc2c(c1)-c1ccccc1C=CCN2)N1CCCCCC1
O=C(c1ccccc1-c1ccc2c(c1)-c1ccccc1C=CCN2)N1CCCCCC1
O=C(c1ccccc1-c1ccc2c(c1)-c1ccccc1C=CCN2)N1CCCCCC1
O=C(c1ccccc1-c1ccc2c(c1)-c1ccccc1C=CCN2)N1CCCCC1
O=C(c1ccccc1-c1ccc2c(c1)-c1ccccc1C=CCN2)N1CCCCC1
O=C(c1ccccc1-c1ccc2c(c1)-c1ccccc1C=CCN2)N1CCCCC1
O=C(c1ccccc1-c1ccc2c(c1)-c1ccccc1C=CCN2)N1CCCC1
O=C(c1ccccc1-c1ccc2c(c1)-c1ccccc1C=CCN2)N1CCCC1
O=C(c1ccccc1-c1ccc2c(c1)-c1ccccc1C=CCN2)N1CCCC1
O=C(c1ccccc1-c1ccc2c(c1)-c1ccccc1C=CCN2)N1CCCC1
O=C(c1ccccc1-c1ccc2c(c1)-c1ccccc1C=CCN2)N1CCCC1
O=C(c1ccccc1-c1ccc2c(c1)-c1ccccc1C=CCN2)N1CCCC1
O=C(c1ccccc1-c1ccc2c(c1)-c1ccccc1C=CCN2)N1CCCC1
O=C(c1ccccc1-c1ccc2c(c1)-c1ccccc1C=CCN2)N1CCCC1
O=C(c1ccccc1-c1ccc2c(c1)-c1ccccc1C=CCN2)N1CCCCC1
O=C(c1ccccc1-c1ccc2c(c1)-c1ccccc1C=CCN2)N1CCCCC1
O=C(c1ccccc1-c1ccc2c(c1)-c1ccccc1C=CCN2)N1CCCCC1
O=C(c1ccc2c3c(ccc2c1)NCC=Cc1ccccc1-3)N1CCCCC1
O=C(c1ccc2c3c(ccc2c1)NCC=Cc1ccccc1-3)N1CCCCC1
O=C(c1ccc2c3c(ccc2c1)NCC=Cc1ccccc1-3)N1CCCCC1
O=C(c1ccc2c3c(ccc2c1)NCC=Cc1ccccc1-3)N1CCCCC1
O=C(c1ccc2c3c(ccc2c1)NCC=Cc1ccccc1-3)N1CCCC1
O=C(c1ccc2c3c(ccc2c1)NCC=Cc1ccccc1-3)N1CCCC1
O=C(c1ccc2c3c(ccc2c1)NCC=Cc1ccccc1-3)N1CCCCC1
O=C(c1ccc2c3c(ccc2c1)NCC=Cc1ccccc1-3)N1CCCCC1
O=C(c1ccc2c3c(ccc2c1)NCC=Cc1ccccc1-3)N1CCCCCC1
O=C(c1ccc2c3c(ccc2c1)NCC=Cc1ccccc1-3)N1CCCCCC1
O=C(c1ccc2c3c(ccc2c1)NCC=Cc1ccccc1-3)N1CCCCC1
O=C(c1ccc2c3c(ccc2c1)NCC=Cc1ccccc1-3)N1CCCCC1
O=C(c1ccc2c3c(ccc2c1)NCC=Cc1ccccc1-3)N1CCCCC1
O=C(c1ccc2c3c(ccc2c1)NCC=Cc1ccccc1-3)N1CCCCC1
O=C(c1ccc2c3c(ccc2c1)NCC=Cc1ccccc1-3)N1CCCCC1
O=C(c1ccc2c3c(ccc2c1)NCC=Cc1ccccc1-3)N1CCCCC1
O=C(c1ccc2c3c(ccc2c1)NCC=Cc1ccccc1-3)N1CCCCC1
O=C(c1ccc2c3c(ccc2c1)NCC=Cc1ccccc1-3)N1CCCCC1
O=C(c1ccc2c3c(ccc2c1)NCC=Cc1ccccc1-3)N1CCCCCC1
O=C(c1ccc2c3c(ccc2c1)NCC=Cc1ccccc1-3)N1CCCCCCC1
O=C(c1ccc2c3c(ccc2c1)NCC=Cc1ccccc1-3)N1CCCCCCC1
O=C(c1ccc2c3c(ccc2c1)NCC=Cc1ccccc1-3)N1CCCCCCC1
O=C(c1ccc2c3c(ccc2c1)NCC=Cc1ccccc1-3)N1CCCCCCC1
O=C(c1ccc2c3c(ccc2c1)NCC=Cc1ccccc1-3)N1CCCCCC1
O=C(c1ccc2c3c(ccc2c1)NCC=Cc1ccccc1-3)N1CCCCCC1
O=C(c1ccc2c3c(ccc2c1)NCC=Cc1ccccc1-3)N1CCCCC1
O=C(c1ccc2c3c(ccc2c1)NCC=Cc1ccccc1-3)N1CCCCC1
O=C(c1ccc2c3c(ccc2c1)NCC=Cc1ccccc1-3)N1CCCCC1
O=C(c1ccc2c3c(ccc2c1)NCC=Cc1ccccc1-3)N1CCCCC1
O=C(c1ccc2c3c(ccc2c1)NCC=Cc1ccccc1-3)N1CCCCC1
O=C(c1ccc2c3c(ccc2c1)NCC=Cc1ccccc1-3)N1CCCCC1
O=C(c1ccc2c3c(ccc2c1)NCC=Cc1ccccc1-3)N1CCCCC1
O=C(c1ccc2c3c(ccc2c1)NCC=Cc1ccccc1-3)N1CCCCC1
O=C(c1ccc2c3c(ccc2c1)NCC=Cc1ccccc1-3)N1CCCCC1
O=C(c1ccc2c3c(ccc2c1)NCC=Cc1ccccc1-3)N1CCCCC1
O=C(c1ccc2c3c(ccc2c1)NCC=Cc1ccccc1-3)N1CCCCC1
O=C(c1ccc2c3c(ccc2c1)NCC=Cc1ccccc1-3)N1CCCC1
O=C(c1ccc2c3c(ccc2c1)NCC=Cc1ccccc1-3)N1CCCC1
O=C(c1ccc2c3c(ccc2c1)NCC=Cc1ccccc1-3)N1CCCC1
O=C(c1ccc2c3c(ccc2c1)NCC=Cc1ccccc1-3)N1CCCC1
O=C(c1ccsc1-c1ccc2c(c1)-c1ccccc1C=CCN2)N1CCCC1
O=C(c1ccsc1-c1ccc2c(c1)-c1ccccc1C=CCN2)N1CCCCC1
O=C(c1ccsc1-c1ccc2c(c1)-c1ccccc1C=CCN2)N1CCCCC1
O=C(c1ccsc1-c1ccc2c(c1)-c1ccccc1C=CCN2)N1CCCCC1
O=C(c1ccsc1-c1ccc2c(c1)-c1ccccc1C=CCN2)N1CCCCCC1
O=C(c1ccsc1-c1ccc2c(c1)-c1ccccc1C=CCN2)N1CCCCCC1
O=C(c1ccsc1-c1ccc2c(c1)-c1ccccc1C=CCN2)N1CCCCCC1
O=C(c1ccsc1-c1ccc2c(c1)-c1ccccc1C=CCN2)N1CCCCCC1
O=C(c1ccsc1-c1ccc2c(c1)-c1ccccc1C=CCN2)N1CCCCCC1
O=C(c1ccsc1-c1ccc2c(c1)-c1ccccc1C=CCN2)N1CCCCCC1
O=C(c1ccsc1-c1ccc2c(c1)-c1ccccc1C=CCN2)N1CCCCCC1
O=C(c1ccsc1-c1ccc2c(c1)-c1ccccc1C=CCN2)N1CCCCCC1
O=C(c1ccsc1-c1ccc2c(c1)-c1ccccc1C=CCN2)N1CCCCCC1
O=C(c1ccsc1-c1ccc2c(c1)-c1ccccc1C=CCN2)N1CCCCCC1
O=C(c1ccsc1-c1ccc2c(c1)-c1ccccc1C=CCN2)N1CCCCCC1
O=C(c1ccsc1-c1ccc2c(c1)-c1ccccc1C=CCN2)N1CCCCCC1
O=C(c1ccsc1-c1ccc2c(c1)-c1ccccc1C=CCN2)N1CCCCC1
O=C(c1ccsc1-c1ccc2c(c1)-c1ccccc1C=CCN2)N1CCCCC1
O=C(c1ccsc1-c1ccc2c(c1)-c1ccccc1C=CCN2)N1CCCCC1
O=C(c1ccsc1-c1ccc2c(c1)-c1ccccc1C=CCN2)N1CCCCC1
O=C(c1ccsc1-c1ccc2c(c1)-c1ccccc1C=CCN2)N1CCCC1
O=C(c1ccsc1-c1ccc2c(c1)-c1ccccc1C=CCN2)N1CCCC1
O=C(c1ccsc1Oc1ccc2c(c1)-c1ccccc1C=CCN2)N1CCCC1
O=C(c1ccsc1Oc1ccc2c(c1)-c1ccccc1C=CCN2)N1CCCCC1
O=C(c1ccsc1Oc1ccc2c(c1)-c1ccccc1C=CCN2)N1CCCCC1
O=C(c1ccsc1Oc1ccc2c(c1)-c1ccccc1C=CCN2)N1CCCCC1
O=C(c1ccsc1Oc1ccc2c(c1)-c1ccccc1C=CCN2)N1CCCCCC1
O=C(c1ccsc1Cc1ccc2c(c1)-c1ccccc1C=CCN2)N1CCCCCC1
O=C(c1ccsc1Cc1ccc2c(c1)-c1ccccc1C=CCN2)N1CCCCCC1
O=C(c1ccsc1CCc1ccc2c(c1)-c1ccccc1C=CCN2)N1CCCCCC1
O=C(c1ccsc1CCc1ccc2c(c1)-c1ccccc1C=CCN2)N1CCCCC1
O=C(c1ccsc1Cc1ccc2c(c1)-c1ccccc1C=CCN2)N1CCCCC1
O=C(c1ccsc1Cc1ccc2c(c1)-c1ccccc1C=CCN2)N1CCCCC1
O=C(c1ccsc1Cc1ccc2c(c1)-c1ccccc1C=CCN2)N1CCCCCC1
O=C(c1ccsc1Cc1ccc2c(c1)-c1ccccc1C=CCN2)N1CCCCCC1
O=C(c1ccsc1Cc1ccc2c(c1)-c1ccccc1C=CCN2)N1CCCCCCC1
O=C(c1ccsc1Cc1ccc2c(c1)-c1ccccc1C=CCN2)N1CCCCCCC1
O=C(c1ccsc1Cc1ccc2c(c1)-c1ccccc1C=CCN2)N1CCCCCC1
O=C(c1ccsc1CNc1ccc2c(c1)-c1ccccc1C=CCN2)N1CCCCCC1
O=C(c1ccsc1CNc1ccc2c(c1)-c1ccccc1C=CCN2)N1CCCCCC1
O=C(c1ccsc1CNc1ccc2c(c1)-c1ccccc1C=CCN2)N1CCCCCC1
O=C(c1ccsc1CNc1ccc2c(c1)-c1ccccc1C=CCN2)N1CCCCC1
O=C(c1ccsc1CNc1ccc2c(c1)-c1ccccc1C=CCN2)N1CCCCC1
O=C(c1ccsc1CNc1ccc2c(c1)-c1ccccc1C=CCN2)N1CCCCC1
O=C(c1ccsc1CNc1ccc2c(c1)-c1ccccc1C=CCN2)N1CCCCC1
O=C(c1ccsc1Nc1ccc2c(c1)-c1ccccc1C=CCN2)N1CCCCC1
O=C(c1ccsc1NCc1ccc2c(c1)-c1ccccc1C=CCN2)N1CCCCC1
O=C(c1ccsc1NCc1ccc2c(c1)-c1ccccc1C=CCN2)N1CCCC1
O=C(c1ccsc1NCc1ccc2c(c1)-c1ccccc1C=CCN2)N1CCCC1
O=C(c1ccsc1Nc1ccc2c(c1)-c1ccccc1C=CCN2)N1CCCC1
O=C(c1ccsc1Nc1ccc2c(c1)-c1ccccc1C=CCN2)N1CCCC1
O=C(c1ccsc1Nc1ccc2c(c1)-c1ccccc1C=CCN2)N1CCCC1
O=C(c1ccsc1Nc1ccc2c(c1)-c1ccccc1C=CCN2)N1CCCC1
O=C(c1ccsc1Nc1ccc2c(c1)-c1ccccc1C=CCN2)N1CCCCC1
O=C(c1ccsc1Nc1ccc2c(c1)-c1ccccc1C=CCN2)N1CCCCC1
O=C(c1ccsc1Nc1ccc2c(c1)-c1ccccc1C=CCN2)N1CCCCC1
O=C(c1ccsc1-c1cccc2c1-c1ccccc1C=CCN2)N1CCCCC1
O=C(c1ccsc1-c1cccc2c1-c1ccccc1C=CCN2)N1CCCCC1
O=C(c1ccsc1-c1cccc2c1-c1ccccc1C=CCN2)N1CCCCCC1
O=C(c1ccsc1-c1cccc2c1-c1ccccc1C=CCN2)N1CCCCCC1
O=C(c1ccsc1-c1cccc2c1-c1ccccc1C=CCN2)N1CCCCCC1
O=C(c1ccsc1C=C1C(=C2C=C2)NCC=Cc2ccccc21)N1CCCCCC1
O=C(c1ccsc1C=C1C(=C2C=C2)NCC=Cc2ccccc21)N1CCCCCC1
O=C(c1ccsc1C=C1C(=C2C=C2)NCC=Cc2ccccc21)N1CCCCCC1
O=C(c1ccsc1C=C1C(=C2C=C2)NCC=Cc2ccccc21)N1CCCCCCC1
O=C(c1ccsc1C=C1C(=C2C=C2)NCC=Cc2ccccc21)N1CCCCCCC1
O=C(c1ccsc1C=C1C(=C2CC2)NCC=Cc2ccccc21)N1CCCCCCC1
C=C1NCC=Cc2ccccc2C1=Cc1sccc1C(=O)N1CCCCCCC1
C=C1NCC=Cc2ccccc2C1=Cc1sccc1C(=O)N1CCCCCC1
O=C(c1ccsc1C=C1C(=C2CC2)NCC=Cc2ccccc21)N1CCCCCC1
O=C(c1ccsc1C=C1C(=C2CC2)NCC=Cc2ccccc21)N1CCCCC1
C=C1NCC=Cc2ccccc2C1=Cc1sccc1C(=O)N1CCCCC1
C=C1NCC=Cc2ccccc2C1=Cc1sccc1C(=O)N1CCCCC1
C=C1NCC=Cc2ccccc2C1=Cc1sccc1C(=O)N1CCCCC1
C=C1NCC=Cc2ccccc2C1=Cc1sccc1C(=O)N1CCCCC1
O=C(c1ccsc1C=C1CNCC=Cc2ccccc21)N1CCCCC1
O=C(c1ccsc1C=C1CNCC=Cc2ccccc21)N1CCCCC1
O=C(c1ccsc1C=C1CNCC=Cc2ccccc21)N1CCCCC1
O=C(c1ccsc1C=C1CNCC=Cc2ccccc21)N1CCCC1
O=C(c1ccsc1C=C1NCC=Cc2ccccc21)N1CCCC1
O=C(c1ccsc1C=C1NCC=Cc2ccccc21)N1CCCCC1
O=C(c1ccsc1C=C1NCC=Cc2ccccc2O1)N1CCCCC1
O=C(c1ccsc1C=C1NCC=Cc2ccccc2O1)N1CCCC1
O=C(c1ccsc1C=C1CCC=Cc2ccccc2O1)N1CCCC1
O=C(c1ccsc1C=C1CCC=Cc2ccccc2O1)N1CCCCC1
O=C(c1ccsc1C=C1CCC=Cc2ccccc2O1)N1CCCCCC1
O=C(c1ccsc1C=C1CCC=Cc2ccccc2O1)N1CCCCCC1
O=C(c1ccsc1C=C1CCC=Cc2ccccc2O1)N1CCCCCC1
O=C(c1ccsc1C=C1CCC=Cc2ccccc2O1)N1CCCCCC1
O=C(c1ccsc1C=C1CCC=Cc2ccccc2O1)N1CCCCCC1
O=C1CC=Cc2ccccc2OC1=Cc1sccc1C(=O)N1CCCCCC1
O=C(c1ccsc1C=C1C=Cc2ccccc2O1)N1CCCCCC1
O=C(c1ccsc1C=C1C=Cc2ccccc2O1)N1CCCCCC1
O=C(c1ccsc1C=C1C=Cc2ccccc2O1)N1CCCCCC1
O=C(c1ccsc1C=C1C=Cc2ccccc2O1)N1CCCCCC1
O=C(c1ccsc1C=C1Oc2ccccc2C2=C1CCC2)N1CCCCCC1
O=C(c1ccsc1C=C1Oc2ccccc2C2=C1CCCC2)N1CCCCCC1
O=C(c1ccsc1C=C1Oc2ccccc2C2=C1CCCC2)N1CCCCCCC1
O=C(c1ccsc1C=C1Oc2ccccc2C2=C1CCCC2)N1CCCCCCC1
O=C(c1ccsc1C=C1Oc2ccccc2C2=C1CCCC2)N1CCCCCC1
O=C(c1ccsc1C=C1Oc2ccccc2C=C1C1CC1)N1CCCCCC1
O=C(c1ccsc1C=C1Oc2ccccc2C=C1C1CC1)N1CCCCC1
O=C(c1ccsc1C=C1Oc2ccccc2C=C1C1CC1)N1CCCCC1
O=C(c1ccsc1C=C1Oc2ccccc2C=C1C1=CC1)N1CCCCC1
O=C(c1ccsc1C=C1Oc2ccccc2C=C1C1=CC1)N1CCCCC1
O=C(c1ccsc1C=C1Oc2ccccc2C=C1C1=CC1)N1CCCCC1
O=C(c1ccsc1C=C1Oc2ccccc2C=C1C1=CC1)N1CCCCC1
O=C(c1ccsc1C=C1Oc2ccccc2C=C1C1=CC1)N1CCCCCC1
O=C(c1ccsc1C=C1Oc2ccccc2C=C1C1=CC1)N1CCCCCC1
O=C(c1ccsc1C=C1Oc2ccccc2C=C1C1=CC1)N1CCCCCC1
O=C(c1ccsc1C=C1Oc2ccccc2C=C1C1=CC1)N1CCCCCC1
O=C(c1ccsc1C=C1Oc2ccccc2C=C1C1=CC1)N1CCCCC1
O=C(c1ccsc1C=C1Oc2ccccc2C=C1C1=CC1)N1CCCCC1
O=C(c1ccsc1C=C1Oc2ccccc2C=C1C1=CCCC1)N1CCCCC1
O=C(c1ccsc1C=C1Oc2ccccc2C=C1C1=CCCC1)N1CCCCC1
O=C(c1ccsc1C=C1Oc2ccccc2C=C1C1=CCC1)N1CCCCC1
O=C(c1ccsc1C=C1Oc2ccccc2C=C1C1=CCC1)N1CCCCC1
O=C(c1ccsc1C=C1Oc2ccccc2C=C1C1=CCC1)N1CCCCCC1
O=C(c1ccsc1C=C1Oc2ccccc2C=C1C1=CCC1)N1CCCCCC1
O=C(c1ccsc1C=C1Oc2ccccc2C=C1C1=CCC1)N1CCCCCC1
O=C(c1ccsc1C=C1Oc2ccccc2C=C1C1=CCC1)N1CCCCCCC1
O=C(c1ccsc1C=C1Oc2ccccc2C=C1C1=CC=C1)N1CCCCCCC1
O=C(c1ccsc1C=C1Oc2ccccc2C=C1C1=CC=C1)N1CCCCCCC1
O=C(c1ccsc1C=C1Oc2ccccc2C=C1C1=CC=C1)N1CCCCCC1
O=C(c1ccsc1C=C1Oc2ccccc2C=C1C1=CC=C1)N1CCCCCC1
O=C(c1ccsc1C=C1Oc2ccccc2-c2ccccc21)N1CCCCCC1
O=C(c1ccsc1C=C1Oc2ccccc2-c2ccccc21)N1CCCCCC1
O=C(c1ccsc1C=C1Oc2ccccc2-c2ccccc21)N1CCCCCC1
O=C(c1ccsc1C=C1Oc2ccccc2-c2ccccc21)N1CCCCCC1
O=C(c1ccsc1C=C1Oc2ccccc2-c2ccccc21)N1CCCCCC1
O=C(c1ccsc1C=C1Oc2ccccc2-c2ccccc21)N1CCCCC1
O=C(c1ccsc1C=C1Oc2ccccc2-c2ccccc21)N1CCCC1
O=C(c1ccsc1C=C1Oc2ccccc2-c2ccccc21)N1CCCC1
O=C(c1ccsc1C=C1Oc2ccccc2-c2ccccc21)N1CCCC1
O=C(c1ccsc1C=C1Oc2ccccc2-c2ccccc21)N1CCCCC1
O=C(c1ccsc1C=C1Oc2ccccc2-c2ccccc21)N1CCCCC1
O=C(c1ccsc1C=C1Oc2ccccc2-c2ccccc21)N1CCCCCC1
O=C(c1ccsc1C=C1Oc2ccccc2-c2ccccc21)N1CCCCCC1
O=C(c1ccsc1C=C1Oc2ccccc2-c2ccccc21)N1CCCCCC1
O=C(c1ccsc1C=C1Oc2ccccc2-c2ccc3c(c21)CN3)N1CCCCCC1
O=C(c1ccsc1C=C1Oc2ccccc2-c2ccc3c(c21)CN3)N1CCCCC1
O=C(c1ccsc1C=C1Oc2ccccc2-c2ccc3c(c21)CN3)N1CCCC1
O=C(c1ccsc1C=C1Oc2ccccc2-c2ccc3c(c21)CN3)N1CCC1
O=C(c1ccsc1C=C1Oc2ccccc2-c2ccc3c(c21)CN3)N1CCC1
O=C(c1ccsc1C=C1Oc2ccccc2-c2ccc3c(c21)CCN3)N1CCC1
O=C(c1ccsc1C=C1Oc2ccccc2-c2ccc3c(c21)CCN3)N1CCC1
O=C(c1ccsc1C=C1Oc2ccccc2-c2ccc3c(c21)CCN3)N1CCC1
O=C(c1ccsc1C=C1Oc2ccccc2-c2ccc3[nH]ccc3c21)N1CCC1
O=C(c1ccsc1C=C1Oc2ccccc2-c2ccc3[nH]ccc3c21)N1CCC1
O=C(c1ccsc1C=C1Oc2ccccc2-c2ccc3[nH]ccc3c21)N1CCC1
O=C(c1ccsc1C=C1Oc2ccccc2-c2ccc3[nH]ccc3c21)N1CCC1
O=C(c1ccsc1C=C1Oc2ccccc2-c2ccc3[nH]ccc3c21)N1CCC1
O=C(c1ccsc1C=C1Oc2ccccc2-c2ccc3[nH]c4c(c3c21)CCC4)N1CCC1
O=C(c1ccsc1C=C1Oc2ccccc2-c2ccc3[nH]c4c(c3c21)CCC4)N1CCC1
O=C(c1ccsc1C=C1Oc2ccccc2-c2ccc3[nH]c4c(c3c21)CCC4)N1CCCC1
O=C(c1ccsc1C=C1Oc2ccccc2-c2ccc3[nH]c4c(c3c21)CCC4)N1CCCC1
O=C(c1ccsc1C=C1Oc2ccccc2-c2ccc3[nH]ccc3c21)N1CCCC1
O=C(c1ccsc1C=C1Oc2ccccc2-c2ccc3[nH]ccc3c21)N1CCCC1
O=C(c1ccsc1C=C1Oc2ccccc2-c2ccc3[nH]ccc3c21)N1CCCC1
O=C(c1ccsc1C=C1Oc2ccccc2-c2ccc3[nH]ccc3c21)N1CCCCC1
O=C(c1ccsc1C=C1Oc2ccccc2-c2ccc3[nH]ccc3c21)N1CCCCCC1
O=C(c1ccsc1C=C1Oc2ccccc2-c2ccc3[nH]ccc3c21)N1CCCCCC1
O=C(c1ccsc1C=C1Oc2ccccc2-c2ccc3[nH]ccc3c21)N1CCCCC1
O=C(c1ccsc1C=C1Oc2ccccc2-c2ccc3[nH]ccc3c21)N1CCCC1
O=C(c1ccsc1C=C1Oc2ccccc2-c2ccc3[nH]ccc3c21)N1CCCC1
O=C(c1ccsc1C=C1Oc2ccccc2-c2ccc3[nH]ccc3c21)N1CCCC1
O=C(c1ccsc1C=C1Oc2ccccc2-c2ccc3[nH]ccc3c21)N1CCCC1
O=C(c1ccsc1C=C1Oc2ccccc2-c2ccc3[nH]ccc3c21)N1CCCCC1
O=C(c1ccsc1C=C1Oc2ccccc2-c2ccc3[nH]ccc3c21)N1CCCCC1
O=C(c1ccsc1C=C1Oc2ccccc2-c2ccc3[nH]ccc3c21)N1CCCCC1
O=C(c1ccsc1C=C1Oc2ccccc2-c2ccc3c(c21)C=CCN3)N1CCCCC1
O=C(CCCc1ccccc1)Nc1ccc2c(=O)oncc2c1
O=c1oncc2cc(OCCCc3ccccc3)ccc12
O=c1oncc2cc(OCCCc3ccccc3)ccc12
C1=NOCc2ccc(OCCCc3ccccc3)cc21
C1=NOCc2ccc(OCCCc3ccccc3)cc21
C1=NOCc2ccc(OCCCc3ccccc3)cc21
C1=NOCc2ccc(OCCCc3ccccc3)cc21
C1=NOCc2ccc(OCCCc3ccccc3)cc21
C1=NOCc2ccc(OCCCc3ccccc3)cc21
C1=NOCc2ccc(OCCCc3ccccc3)cc21
C1=NOCCc2ccc(OCCCc3ccccc3)cc21
C1=NOCCc2ccc(OCCCc3ccccc3)cc21
C1=NOCCc2ccc(OCCCc3ccccc3)cc21
C1=NOCCc2ccc(OCCCCc3ccccc3)cc21
C1=NOCCc2ccc(OCCc3ccccc3)cc21
C1=NOCCc2ccc(OCCc3ccccc3)cc21
C1=NOCCc2ccc(OCCc3ccccc3)cc21
C1=NOCCc2ccc(OCCc3ccccc3)cc21
C1=NOCc2ccc(OCCc3ccccc3)cc21
C1=NOCc2ccc(OCCc3ccccc3)cc21
C1=NONc2ccc(OCCc3ccccc3)cc21
C1=NONc2ccc(OCCc3ccccc3)cc21
C1=NOCNc2ccc(OCCc3ccccc3)cc21
C1=NOCNc2ccc(OCCc3ccccc3)cc21
C1=NOCNc2ccc(OCCc3ccccc3)cc21
C1=NOCNc2ccc(OCCc3ccccc3)cc21
C1=NOCNc2ccc(OCCc3ccccc3)cc21
C1=NOCNc2ccc(OCCc3ccccc3)cc21
C1=NOCNc2ccc(OCCc3ccccc3)cc21
C1=NOCNc2ccc(OCCc3ccccc3)cc21
C1=NOCNc2ccc(OCCc3ccccc3)cc21
C1=NOCNc2ccc(OCCc3ccccc3)cc21
C1=NOCCNc2ccc(OCCc3ccccc3)cc21
C1=NOCCN(CC2CCC2)c2ccc(OCCc3ccccc3)cc21
C1=NOCN(CC2CCC2)c2ccc(OCCc3ccccc3)cc21
C1=NOCN(CC2CC2)c2ccc(OCCc3ccccc3)cc21
C1=NOCN(CC2CC2)c2ccc(OCCc3ccccc3)cc21
C1=NOCN(CC2CC2)c2ccc(OCc3ccccc3)cc21
C1=NOCN(CC2CC2)c2ccc(OCc3ccccc3)cc21
C1=NOCNc2ccc(OCc3ccccc3)cc21
C1=NOCNc2ccc(OCc3ccccc3)cc21
C1=NOCNc2ccc(OCc3ccccc3)cc21
C1=NOCNc2ccc(OCc3ccccc3)cc21
C1=NOCNc2ccc(OCc3ccccc3)cc21
C1=NOCNc2ccc(OCc3ccccc3)cc21
C1=NOCCNc2ccc(OCc3ccccc3)cc21
C1=NOCCNc2ccc(OCc3ccccc3)cc21
C1=NOCCNc2ccc(OCc3ccccc3)cc21
C1=NOCCNc2ccc(OCc3ccccc3)cc21
O=C(NCC(Oc1ccc2c(c1)C=NOCCN2)c1ccccc1)C1CC1
O=C(NCC(Oc1ccc2c(c1)C=NOCN2)c1ccccc1)C1CC1
O=C(NCC(Oc1ccc2c(c1)C=NOCN2)c1ccccc1)C1=CC1
O=C(NCC(Oc1ccc2c(c1)C=NOCN2)c1ccccc1)C1=CC1
O=C(NCC(Oc1ccc2c(c1)C=NCCN2)c1ccccc1)C1=CC1
O=C(NCC(Oc1ccc2c(c1)C=NCCN2)c1ccccc1)C1=CO1
O=C(NCC(Oc1ccc2c(c1)C=NCN2)c1ccccc1)C1=CO1
O=C(NCC(Oc1ccc2c(c1)C=NCN2)c1ccccc1)C1=CO1
O=C(NCC(Oc1ccc2c(c1)C=NCN2)c1ccccc1)C1=CO1
O=C(NCC(Oc1ccc2c(c1)C=NCN2)c1ccccc1)C1=CCO1
O=C(NCC(Oc1ccc2c(c1)C=NCN2)c1ccccc1)C1=CCO1
O=C(NCC(Oc1ccc2c(c1)C=NCN2)c1ccccc1)C1=CCO1
O=C(NCC(Oc1ccc2c(c1)C=NNN2)c1ccccc1)C1=CCO1
O=C(NCC(Oc1ccc2c(c1)C=NNN2)c1ccccc1)C1=CCO1
O=C(NCC(Oc1ccc2[nH]ncc2c1)c1ccccc1)C1=CCO1
O=C(NCC(Oc1ccc2[nH]ncc2c1)c1ccccc1)C1=CO1
O=C(NCC(Oc1ccc2[nH]ncc2c1)c1ccccc1)C1=CO1
O=C(NCC(Oc1ccc2[nH]ncc2c1)c1ccccc1)C1=NO1
O=C(NCC(Oc1ccc2[nH]ncc2c1)c1ccccc1)C1=C=NO1
O=C(NCC(Oc1ccc2[nH]ncc2c1)c1ccccc1)C1=C=NO1
O=C(NCC(Oc1ccc2[nH]ncc2c1)c1ccccc1)C1=C=NO1
O=C(NCC(Oc1ccc2[nH]ncc2c1)c1ccccc1)C1=NO1
O=C(NCC(Oc1ccc2[nH]ncc2c1)c1ccccc1)C1=NO1
O=C(NCC(Oc1ccc2[nH]ncc2c1)c1ccccc1)C1=NO1
O=C(NCC(Oc1ccc2[nH]ncc2c1)c1ccccc1)C1=NO1
O=C(NCC(Oc1ccc2[nH]ncc2c1)c1ccccc1)C1=NO1
O=C(NCC(Oc1ccc2[nH]ncc2c1)c1ccccc1)C1=NO1
O=C(NCC(Oc1ccc2c(cnn2C2=CC2)c1)c1ccccc1)C1=NO1
O=C(NCC(Oc1ccc2c(cnn2C2=CCC2)c1)c1ccccc1)C1=NO1
O=C(NCC(Oc1ccc2c(cnn2C2=CCC2)c1)c1ccccc1)C1=NO1
O=C(NCC(Oc1ccc2c(cnn2C2=CC2)c1)c1ccccc1)C1=NO1
O=C(NCC(Oc1ccc2c(cnn2C2=CC2)c1)c1ccccc1)C1=NO1
O=C(NCC(Oc1ccc2c(cnn2C2=CCC2)c1)c1ccccc1)C1=NO1
O=C(NCC(Oc1ccc2c(cnn2C2=CC=C2)c1)c1ccccc1)C1=NO1
O=C(NCC(Oc1ccc2c(cnn2C2=CC=C2)c1)c1ccccc1)C1=NO1
O=C(NCC(Oc1ccc2c(cnn2C2=CC=C2)c1)c1ccccc1)C1=NCO1
O=C(NCC(Oc1ccc2c(cnn2C2=CC=C2)c1)c1ccccc1)C1=NCO1
O=C(NCC(Oc1ccc2c(cnn2C2=CC=C2)c1)c1ccccc1)C1=NCO1
O=C(NCC(Oc1ccc2c(cnn2C2=CC=C2)c1)c1ccccc1)C1=NCO1
O=C(NCC(Oc1ccc2c(cnn2C2=CC=C2)c1)c1ccccc1)C1=NCO1
O=C(NCC(Oc1ccc2c(cnn2C2=CC=C2)c1)c1ccccc1)C1=NCO1
O=C(NCC(Oc1ccc2c(cnn2C2=CC=C2)c1)c1ccccc1)C1=NCO1
O=C(NCC(Oc1ccc2c(cnn2C2=CC=C2)c1)c1ccccc1)C1=NCO1
O=C(NCC(Oc1ccc2c(cnn2C2=CC=C2)c1)c1ccccc1)C1=NCO1
O=C(NCC(Oc1ccc2c(cnn2C2=CC=C2)c1)c1ccccc1)C1=NCO1
O=C(NCC(Oc1ccc2c(cnn2C2=CC=C2)c1)c1ccccc1)C1=NCO1
O=C(NCC(Oc1ccc2c(cnn2C2=CC=C2)c1)c1ccccc1)C1=NCO1
O=C(NCC(Oc1ccc2c(cnn2C2=CC=C2)c1)c1ccccc1)C1=NCO1
O=C(NCC(Oc1ccc2c(cnn2C2=CC=C2)c1)c1ccccc1)C1=NCO1
O=C(NCC(Oc1ccc2c(cnn2C2=CC=C2)c1)c1ccccc1)C1=NCO1
O=C(NCC(Oc1ccc2c(cnn2C2=CC=C2)c1)c1ccccc1)C1=NCO1
O=C(NCC(Oc1ccc2c(cnn2C2=CC=C2)c1)c1ccccc1)C1=NCCO1
O=C(NCC(Oc1ccc2c(cnn2C2=CC=C2)c1)c1ccccc1)C1=NCCO1
O=C(NCC(Oc1ccc2c(cnn2C2=CC=C2)c1)c1ccccc1)c1ncco1
O=C(NCC(Oc1ccc2c(cnn2C2=CC=C2)c1)c1ccccc1)c1ncco1
O=C(NCC(Oc1ccc2c(cnn2C2=CC=C2)c1)c1ccccc1)c1ncco1
O=C(NCC(Oc1ccc2c(cnn2C2=CC=C2)c1)c1ccccc1)c1nnco1
O=C(NCC(Oc1ccc2c(cnn2C2=CC=C2)c1)c1ccccc1)c1nnco1
O=C(NCC(Oc1ccc2c(cnn2C2=CC=C2)c1)c1ccccc1)c1nnco1
O=C(NCC(Oc1ccc2c(cnn2C2=NC=C2)c1)c1ccccc1)c1nnco1
O=C(NCC(Oc1ccc2c(cnn2C2=NC=C2)c1)c1ccccc1)c1nnco1
O=C(NCC(Oc1ccc2c(cnn2C2=NC=C2)c1)c1ccccc1)c1nnco1
O=C(NCC(Oc1ccc2c(cnn2C2=CC=C2)c1)c1ccccc1)c1nnco1
O=C(NCC(Oc1ccc2c(cnn2C2=CC=C2)c1)c1ccccc1)c1nnco1
O=C(NCC(Oc1ccc2c(cnn2C2=CC=C2)c1)c1ccccc1)c1nnco1
O=C(NCC(Oc1ccc2c(cnn2C2=CC=C2)c1)c1ccccc1)c1nnco1
O=C(NCC(Oc1ccc2c(cnn2C2=CC=C2)c1)c1ccccc1)c1nnco1
O=C(NCC(Oc1ccc2c(cnn2C2=CC=C2)c1)c1ccccc1)c1nnco1
O=C(NCC(Oc1ccc2c(cnn2C2=CC=C2)c1)c1ccccc1)c1nnco1
O=C(NCC(Oc1ccc2c(cnn2C2=CC=C2)c1)c1ccccc1)c1nnco1
O=C(NCC(Oc1ccc2c(cnn2C2=CC=C2)c1)c1ccccc1)c1nnco1
O=C(NCC(Oc1ccc2c(cnn2C2=CC=C2)c1)c1ccccc1)c1nnco1
O=C(NCC(Oc1ccc2c(cnn2C2=CC=C2)c1)c1ccccc1)c1nnco1
O=C(NCC(Oc1ccc2c(cnn2C2=CC=C2)c1)c1ccccc1)c1nnco1
O=C(NCC(Oc1ccc2c(cnn2C2=CC=C2)c1)c1ccccc1)c1nnco1
O=C(NCC(Oc1ccc2c(cnn2C2=CC=C2)c1)c1ccccc1)c1nnco1
O=C(NCC(Oc1ccc2c(cnn2C2=CCC=C2)c1)c1ccccc1)c1nnco1
O=C(NCC(Oc1ccc2c(cnn2C2=CCC=C2)c1)c1ccccc1)c1nnco1
O=C(NCC(Oc1ccc2c(cnn2C2=CCC=C2)c1)c1ccccc1)c1nnco1
O=C(NCC(Oc1ccc2c(cnn2C2=CCC=C2)c1)c1ccccc1)c1nnco1
O=C(NCC(Oc1ccc2c(cnn2C2=CCCC=C2)c1)c1ccccc1)c1nnco1
O=C(NCC(Oc1ccc2c(cnn2-c2ccccc2)c1)c1ccccc1)c1nnco1
O=C(NCC(Oc1ccc2c(cnn2-c2ccccc2)c1)c1ccccc1)c1nnco1
O=C(NCC(Oc1ccc2c(cnn2-c2ccc3c(c2)C3)c1)c1ccccc1)c1nnco1
O=C(NCC(Oc1ccc2c(cnn2-c2ccccc2)c1)c1ccccc1)c1nnco1
O=C(NCC(Oc1ccc2c(cnn2-c2ccccc2)c1)c1ccccc1)c1nnco1
O=C(NCC(Oc1ccc2c(cnn2-c2ccccc2)c1)c1ccccc1)c1nnco1
O=C(NCC(Oc1ccc2c(cnn2-c2ccccc2)c1)c1ccccc1)c1nnco1
O=C(NCC(Oc1ccc2c(cnn2-c2ccccc2)c1)c1ccccc1)c1nnco1
O=C(NCC(Oc1ccc2c(cnn2-c2ccccc2)c1)c1ccccc1)c1nnco1
O=C(CCCc1ccccc1)Nc1ccc2c(=O)oncc2c1
O=C(CCCc1ccccc1)Nc1ccccc1
c1ccc(CCCCNc2ccccc2)cc1
c1ccc(CCCCNc2ccccc2)cc1
c1ccc(CCCCNc2ccccc2)cc1
c1ccc(CCCCc2ccccc2)cc1
c1ccc(CCCCc2ccccc2)cc1
c1ccc(CCCCc2ccccc2)cc1
c1ccc(CCCCc2ccccc2)cc1
c1ccc(CCCCc2ccccc2)cc1
c1ccc(CCCCc2ccccc2)cc1
c1ccc(CCCCc2ccccc2)cc1
c1ccc(CCCCc2ccccc2)cc1
c1ccc(CCCCc2ccccc2)cc1
O=C(CCCc1ccccc1)Nc1ccc2c(=O)oncc2c1
O=C(CCCc1ccccc1)Nc1ccc2c(=O)oncc2c1
O=c1oncc2cc(NCCCCc3ccccc3)ccc12
O=c1oncc2cccc(NCCCCc3ccccc3)c12
O=C1CN=Cc2cccc(NCCCCc3ccccc3)c21
O=C1c2c(NCCCCc3ccccc3)cccc2C2=NC12
c1ccc(CCCCNc2cccc3c2CC2N=C32)cc1
c1ccc(CCCCNc2cccc(C3=NC3)c2)cc1
c1ccc(CCCCNc2ccccc2C2=NC2)cc1
c1ccc(CCCCNc2ccccc2C2=NC2)cc1
c1ccc(CCCCNc2ccccc2C2=NC2)cc1
c1ccc(CCCCNc2ccccc2C2=NC2)cc1
C=C1N=C1c1ccccc1NCCCCc1ccccc1
c1ccc(CCCCNc2cccc3cc4nc-4c23)cc1
c1ccc(CCCCNc2cccc3ccncc23)cc1
c1ccc(CCCCNc2cccc3ncccc23)cc1
c1ccc(CCCCNc2cccc3ncccc23)cc1
O=C(CCCc1ccccc1)Nc1ccc2c(=O)oncc2c1
O=c1oncc2cc(NCCCCc3ccccc3)ccc12
O=c1onc(CCCCCc2ccccc2)c2ccccc12
O=c1onc(CCCCCc2ccccc2)c2ccccc12
O=c1occ(CCCCCc2ccccc2)c2ccccc12
O=c1occ(CCCCc2ccccc2)c2ccccc12
O=c1[nH]cc(CCCCc2ccccc2)c2ccccc12
O=c1[nH]cc(CCCCc2ccccc2)c2ccccc12
O=c1[nH]cc(CCCCc2ccccc2)c2ccccc12
O=c1[nH]cc(CCCCc2ccccc2)c2ccccc12
O=c1c2ccccc2ccn1CCCCCc1ccccc1
O=C1c2ccccc2CC=CN1CCCCCc1ccccc1
O=C1c2ccccc2CC=CN1CCCCc1ccccc1
O=C1C=CN(CCCCc2ccccc2)Cc2ccccc21
O=c1ccn(CCCCc2ccccc2)c2ccccc12
O=C(CCCc1ccccc1)Nc1ccc2c(=O)oncc2c1
O=C(CCCc1ccccc1)Nc1ccc2c(=O)oncc2c1
O=C(CCCc1ccccc1)Nc1ccc2c(c1)C=NOC2
O=C(CCCOc1ccccc1)Nc1ccc2c(c1)C=NOC2
O=C(CCCOc1ccccc1)Nc1ccc2c(c1)C=NOCC2
O=C(CCCOc1ccccc1)Nc1ccc2c(c1)C=NOCC2
O=C(CCCOc1ccccc1)Nc1ccc2c(c1)C=NOCC2
O=C(CCCOc1ccccc1)NCc1ccc2c(c1)C=NOCC2
O=C(CCCOc1ccccc1)NCc1ccc2c(c1)C=NOCC2
O=C(CCOc1ccccc1)NCc1ccc2c(c1)C=NOCC2
O=C(CCOc1ccccc1)NCc1ccc2c(c1)C=NOCC2
O=C(CCOc1ccccc1)NCc1ccc2c(c1)C=NOCC2
O=C(CCOc1ccccc1)NCc1ccc2c(c1)C=NOCC2
O=C(CCOc1ccccc1)NCc1ccc2c(c1)C=NOCC2
O=C(CCOc1ccccc1)NCc1ccc2c(c1)C=NOCC2
O=C(CCOc1ccccc1)NCc1ccc(C2C=NOC2)cc1
O=C(CCOc1ccccc1)NCc1ccc(C2C=NOC2)cc1
O=C(CCOc1ccccc1)NCc1ccc(C2C=NOCC2)cc1
O=C(CCOc1ccccc1)NCc1ccc(C2C=NOCCC2)cc1
O=C(CCOc1ccccc1)NCc1ccc(C2C=NOCCC2)cc1
O=C(CCOc1ccccc1)NCc1ccc(C2C=NOCCC2)cc1
O=C(CCOc1ccccc1)NCc1ccc(C2C=NOCCCC2)cc1
O=C(CCOc1ccccc1)NCc1ccc(C2C=NOCCCC2)cc1
O=C(CCOc1ccccc1)NCCc1ccc(C2C=NOCCCC2)cc1
O=C(CCOc1ccccc1)NCCc1ccc(C2C=NOCCCC2)cc1
O=C(CCOc1ccccc1)NCCc1ccc(C2C=NOCCC2)cc1
O=C(CCOc1ccccc1)NCCc1ccc(C2C=NOCCC2)cc1
O=C(CCOc1ccccc1)NCCc1ccc(C2C=NOCCCC2)cc1
O=C(COc1ccccc1)NCCc1ccc(C2C=NOCCCC2)cc1
O=C(COc1ccccc1)NCCc1ccc(C2C=NOCCCC2)cc1
C1=NOCCCCC1c1ccc(COCc2ccccc2)cc1
C1=NOCCCCC1c1ccc(COc2ccccc2)cc1
C1=NOCCCCC1c1ccc(COc2ccccc2)cc1
C1=NOCCCCC1c1ccc(COc2ccccc2)cc1
C1=CC(c2ccc(COc3ccccc3)cc2)CCCCO1
C1=CC(c2ccc(COc3ccccc3)cc2)CCCCO1
C1=CC(c2ccc(COc3ccccc3)cc2)CCCCO1
c1ccc(OCc2ccc(C3CCCCOC3)cc2)cc1
c1ccc(OCc2ccc(C3CCCCCC3)cc2)cc1
c1ccc(OCc2ccc(C3CCCCCCC3)cc2)cc1
c1ccc(OCc2ccc(C3CCCCCCC3)cc2)cc1
c1ccc(OCc2ccc(CCC3CCCCC3)cc2)cc1
c1ccc(COc2ccc(CCC3CCCCC3)cc2)cc1
c1ccc(COc2ccc(CCC3CCCCC3)cc2)cc1
c1ccc(COc2ccc(CCC3CCCCCC3)cc2)cc1
c1ccc(COc2ccc(CCC3CCCCCCC3)cc2)cc1
c1ccc(COc2ccc(CCNC3CCCCCCC3)cc2)cc1
c1ccc(COc2ccc(CCNC3CCCCCCC3)nc2)cc1
c1ccc(COc2ccc(CCNC3CCCCCCC3)nc2)cc1
C=C(CNC1CCCCCCC1)c1ccc(OCc2ccccc2)cn1
C=C(CNC1CCCCCCC1)c1ccc(OCc2ccccc2)cn1
C=C(CNC1CCCCCCC1)c1ccc(OCc2ccccc2)cn1
C=C(CNC1CCCCCCC1)c1ccc(OCc2ccccc2)cn1
O=C(CNC1CCCCCCC1)c1ccc(OCc2ccccc2)cn1
O=C(NC1CCCCCCC1)c1ccc(OCc2ccccc2)cn1
O=C(NC1CCCCCC1)c1ccc(OCc2ccccc2)cn1
O=C(NC1CCCCC1)c1ccc(OCc2ccccc2)cn1
O=C(NC1CCCCC1)c1ccc(OCc2ccccc2)cn1
O=C(CCCc1ccccc1)Nc1ccc2c(c1)COC2=O
O=C(CCCc1ccccc1)Nc1ccc2c(c1)COC2=O
O=C(CCCc1ccccc1)Nc1ccc2c(c1)COC2=O
O=C(CCCc1ccccc1)Nc1ccc2c(c1)COC2=O
O=C(CCCc1ccccc1)Nc1ccc2c(c1)COC2=O
O=C(CCCc1ccccc1)Nc1ccc2c(c1)COC2=O
O=C(CCCc1ccccc1)Nc1ccc2c(c1)C(=O)OC2=O
O=C(CCCc1ccccc1)Nc1ccc2c(c1)C(=O)OC2=O
O=C(CCCc1ccccc1)Nc1ccc2c(c1)C(=O)OC2=O
O=C(CCCc1ccccc1)Nc1ccc2c(c1)C(=O)OC2=O
O=C(CCCc1ccccc1)Nc1ccc2c(c1)C(=O)OC2=O
O=C1OC(=O)c2cc(NC(=O)C(CCc3ccccc3)CC3=CC3)ccc21
O=C1OC(=O)c2cc(NC(=O)C(CCc3ccccc3)CC3=CC3)ccc21
O=C1OC(=O)c2cc(NC(=O)C(CCc3ccccc3)CC3=CC3)ccc21
O=C1OC(=O)c2cc(NC(=O)C(CCc3ccccc3)Cc3cc3=O)ccc21
O=C1C=C(CC(CCc2ccccc2)C(=O)Nc2ccc3c(c2)C(=O)OC3=O)C1
C=C1C=C(CC(CCc2ccccc2)C(=O)Nc2ccc3c(c2)C(=O)OC3=O)C1
O=C1OC(=O)c2cc(NC(=O)C(CCc3ccccc3)CC3=CCC3)ccc21
O=C1OC(=O)c2cc(NC(=O)C(CCc3ccccc3)CC3=CC=C3)ccc21
O=C1OCc2cc(NC(=O)C(CCc3ccccc3)CC3=CC=C3)ccc21
O=C1OCc2cc(NC(=O)C(CCc3ccccc3)CC3=CC=C3)ccc21
O=C1OCc2cc(NC(=O)C(CCc3ccccc3)CC3=CC=C3)ccc21
O=C1OCc2cc(NC(=O)C(CCc3ccccc3)CC3=CC=C3)ccc21
O=C1OCc2cc(NC(=O)C(CCc3ccccc3)CC3=CC=C3)ccc21
O=C1OCc2cc(NC(=O)C(CCc3ccccc3)CC3=CC=C3)ccc21
O=C1OCc2cc(NC(=O)C(CCc3ccccc3)CC3=CC=C3)ccc21
O=C1OCc2cc(NC(=O)C(CCc3ccccc3)CC3=CC=C3)ccc21
O=C1OCCc2cc(NC(=O)C(CCc3ccccc3)CC3=CC=C3)ccc21
O=C1OCCc2cc(NC(=O)C(CCc3ccccc3)CC3=CC=C3)ccc21
O=C1OCCc2cc(NC(=O)C(CCc3ccccc3)CC3=CC=C3)ccc21
O=C(Nc1ccc2c(=O)occc2c1)C(CCc1ccccc1)CC1=CC=C1
O=C(Nc1ccc2c(=O)oncc2c1)C(CCc1ccccc1)CC1=CC=C1
O=C(Nc1ccc2c(=O)oncc2c1)C(CCc1ccccc1)CC1=CC=C1
O=C(Nc1ccc2c(=O)oncc2c1)C(CCc1ccccc1)CC1=CC=C1
O=C(Nc1ccc2c(=O)oncc2c1)C(CCc1ccccc1)Cc1ccoc1
O=C(CCCc1ccccc1)Nc1ccc2c(=O)oncc2c1
O=C(CCCc1ccccc1)Nc1ccc2c(=O)oncc2c1
O=C(CCCc1ccccc1)Nc1ccc2c(=O)oncc2c1
C=C(CC(CCc1ccccc1)C(=O)Nc1ccc2c(=O)oncc2c1)C1=CC1
O=C(Nc1ccc2c(=O)oncc2c1)C(CCC1=CC1)CCc1ccccc1
O=C(Nc1ccc2c(=O)oncc2c1)C(CCC1=CC1)CCc1ccccc1
O=C(Nc1ccc2c(=O)oncc2c1)C(CCc1ccccc1)CC1=CC1
O=C(Nc1ccc2c(=O)oncc2c1)C(CCc1ccccc1)CC1=CCC1
O=C(Nc1ccc2c(=O)oncc2c1)C(CCc1ccccc1)CC1=CCCC1
O=C(Nc1ccc2c(=O)oncc2c1)C(CCc1ccccc1)CC1=CCCC1
O=C(Nc1ccc2c(=O)oncc2c1)C(CCc1ccccc1)CC1=CCCC1
O=C(Nc1ccc2c(=O)oncc2c1)C(CCc1ccccc1)CC1=CCC1
O=C(Nc1ccc2c(=O)oncc2c1)C(CCc1ccccc1)CC1=CCC1
O=C(Nc1ccc2c(=O)oncc2c1)C(CCc1ccccc1)CC1=CCCC1
O=C(Nc1ccc2c(=O)oncc2c1)C(CCc1ccccc1)CC1=CCC=C1
O=C(Nc1ccc2c(=O)oncc2c1)C(CCc1ccccc1)CC1=CCCC=C1
O=C(Nc1ccc2c(=O)oncc2c1)C(CCc1ccccc1)CC1=CCCC=C1
O=C(Nc1ccc2c(=O)oncc2c1)C(CCc1ccccc1)Cc1ccccc1
O=C(Nc1ccc2c(=O)oncc2c1)C(CCc1ccccc1)Cc1ccccc1
O=C(CCCc1ccccc1)Nc1ccc2c(c1)COC2=O
O=C(CCC1COc2ccccc21)Nc1ccc2c(c1)COC2=O
O=C(CCC1COc2ccccc21)Nc1ccc2c(c1)COC2=O
O=C(CCC1COCc2ccccc21)Nc1ccc2c(c1)COC2=O
O=C(CCC1CCCc2ccccc21)Nc1ccc2c(c1)COC2=O
O=C(CCC1CCCc2ccccc21)Nc1ccc2c(c1)COC2=O
O=C(CCC1CCCc2ccccc21)Nc1ccc2c(c1)COC2=O
O=C(CCC1(C2CC2)CCCc2ccccc21)Nc1ccc2c(c1)COC2=O
O=C(CCC1(C2CC2)CCCc2ccccc21)Nc1ccc2c(c1)CCC2=O
O=C(CCC1(C2CCC2)CCCc2ccccc21)Nc1ccc2c(c1)CCC2=O
O=C(CCC1(C2CCCC2)CCCc2ccccc21)Nc1ccc2c(c1)CCC2=O
O=C(CCC1(C2CCCC2)CCCc2ccccc21)Nc1ccc2c(c1)CCC2=O
O=C(CCC1(C2CCCC2)CCCc2ccccc21)Nc1ccc2c(c1)C=CC2=O
O=C(CCC1(C2CCCC2)CCCc2ccccc21)Nc1ccc2c(c1)C=CC2=O
O=C(CCC1(C2CCCCC2)CCCc2ccccc21)Nc1ccc2c(c1)C=CC2=O
O=C(CCC1(C2CCCCC2)CCCc2ccccc21)Nc1ccc2c(c1)C=CC2=O
O=C(CCC1(C2CCCCC2)CCCc2ccccc21)Nc1ccc2c(=O)occc2c1
O=C(CCC1(C2CCCC2)CCCc2ccccc21)Nc1ccc2c(=O)occc2c1
O=C(CCC1(C2CCCC2)CCCc2ccccc21)Nc1ccc2c(=O)occc2c1
O=C(CCC1(C2CCCC2)CCCc2ccccc21)Nc1ccc2c(=O)oncc2c1
O=C(CCC1(C2CCCCC2)CCCc2ccccc21)Nc1ccc2c(=O)oncc2c1
O=C(CCC1(C2CCCCC2)CCCc2ccccc21)Nc1ccc2c(=O)oncc2c1
O=C(CCC1(C2CCCC2)CCCc2ccccc21)Nc1ccc2c(=O)oncc2c1
O=C(CCCc1ccccc1)Nc1ccc2c(c1)COC2=O
O=C1OCc2cc(NC(=O)C3CCc4ccccc4O3)ccc21
O=C1OCc2cc(NC(=O)C3CCc4ccccc4O3)ccc21
O=C1OCc2cc(NC(=O)C3CCc4ccccc4O3)ccc21
O=C1OCc2cc(NC(=O)C3C=Cc4ccccc4O3)ccc21
O=C1OCCc2cc(NC(=O)C3C=Cc4ccccc4O3)ccc21
O=C1OCCc2cc(NC(=O)C3C=Cc4ccccc4O3)ccc21
O=C1OCCc2cc(NC(=O)C3C=Cc4ccccc4O3)ccc21
O=C1OCCc2cc(NC(=O)C3C=Cc4ccccc4O3)ccc21
O=C1CCCc2cc(NC(=O)C3C=Cc4ccccc4O3)ccc21
O=C1CCCc2cc(NC(=O)C3C=Cc4ccccc4O3)ccc21
O=C1CCCc2cc(NC(=O)C3C=Cc4ccccc4O3)ccc21
O=C1CCCc2cc(NC(=O)C3C=Cc4ccccc4O3)ccc21
O=C1CCCc2cc(NCC3C=Cc4ccccc4O3)ccc21
O=C1CCCc2cc(NCC3C=Cc4ccccc4OC3)ccc21
O=C1CCCCc2cc(NCC3C=Cc4ccccc4OC3)ccc21
O=C1CCCCCc2cc(NCC3C=Cc4ccccc4OC3)ccc21
O=C1CCCCCc2cc(NCC3C=Cc4ccccc4O3)ccc21
O=C1NCCCCc2cc(NCC3C=Cc4ccccc4O3)ccc21
O=C1NCCCCc2cc(NCC3C=Cc4ccccc4O3)ccc21
O=C1NCCCCc2cc(NCC3C=Cc4ccccc4O3)ccc21
O=C1NCCCCc2cc(NCC3C=Cc4ccccc4O3)ccc21
O=C1NCCCCc2cc(NCC3C=Cc4ccccc4O3)ccc21
O=C1NCCCCc2cc(NCC3C=Cc4ccccc4O3)ccc21
O=C1NCCCc2cc(NCC3C=Cc4ccccc4O3)ccc21
O=C(c1ccc(NCC2C=Cc3ccccc3O2)cc1)N1CCCC1
O=C(c1ccc(NC2C=Cc3ccccc3O2)cc1)N1CCCC1
O=C(c1ccc(NC2C=Cc3ccccc3O2)cc1)N1CCCC1
O=C(c1ccc(NC2C=Cc3ccccc3OC2)cc1)N1CCCC1
O=C(c1ccc(NC2C=Cc3ccccc3OC2)cc1)N1CCCC1
O=C(c1ccc(NC2C=Cc3ccccc3OC2)cc1)N1CCCCC1
O=C(c1ccc2c(c1)CC1Oc3ccccc3C=CC1N2)N1CCCCC1
O=C(c1ccc2c(c1)C=C1Oc3ccccc3C=CC1N2)N1CCCCC1
O=C(c1ccc2c(c1)C=C1Oc3ccccc3C=CC1N2)N1CCCCC1
O=C(c1ccc2c(c1)C=C1Oc3ccccc3C=CC1N2)N1CCCCC1
O=C(c1ccc2c(c1)C=C1Oc3ccccc3C=CC1N2)N1CCCCC1
O=C(c1ccc2c(c1)C=C1Oc3ccccc3C=CC1N2)N1CCCCC1
O=C(c1ccc2c(c1)C=C1Oc3ccccc3C=CC1N2)N1CCCCC1
O=C(c1cccc(C=C2CC=Cc3ccccc3O2)c1)N1CCCCC1
O=C(c1cccc(C=C2CC=Cc3ccccc3O2)c1)N1CCCC1
O=C(c1cccc(C=C2CC=Cc3ccccc3O2)c1)N1CCCC1
O=C(c1cccc(C=C2CC=Cc3ccccc3O2)c1)N1CCCC1
O=C(c1cccc(C=C2CC=Cc3ccccc3O2)c1)N1CCCC1
O=C(c1cccc(C=C2NCC=Cc3ccccc3O2)c1)N1CCCC1
O=C(c1cccc(C=C2NCC=Cc3ccccc3O2)c1)N1CCCC1
O=C(c1cccc(C=C2NCC=Cc3ccccc3O2)c1)N1CCCC1
O=C(c1cccc(C=C2NCC=Cc3ccccc3O2)c1)N1CCCCC1
O=C(c1cccc(C=C2NCC=Cc3ccccc3O2)c1)N1CCCCC1
O=C(c1cccc(C=C2NCC=Cc3ccccc3O2)c1)N1CCCCC1
O=C(c1cccc(C=C2NCC=Cc3ccccc3O2)c1)N1CCCCC1
O=C(c1cccc(C=C2NCC=Cc3ccccc3O2)c1)N1CCCCC1
O=C(c1cccc(C=C2NCC=Cc3ccccc3O2)c1)N1CCCC1
O=C(c1cccc(C=C2NCC=Cc3ccccc3O2)c1)N1CCCC1
O=C(c1cccc(C=C2NCC=Cc3ccccc3O2)c1)N1CCCCC1
O=C(c1ccc2c(c1)C2=C1NCC=Cc2ccccc2O1)N1CCCCC1
O=C(c1ccc2c(c1)C2=C1NCC=Cc2ccccc2O1)N1CCCCC1
O=C(c1ccc2c(c1)C2=C1NCC=Cc2ccccc2O1)N1CCCCC1
O=C(c1cccc(C=C2NCC=Cc3ccccc3O2)c1)N1CCCCC1
O=C(c1cccc(C=C2NCC=Cc3ccccc3O2)c1)N1CCCCC1
O=C(c1cccc(C=C2NCC=Cc3ccccc3O2)c1)N1CCCCC1
O=C(c1cccc(C=C2NCC=Cc3ccccc3O2)c1)N1CCCCC1
O=C(c1cccc(C=C2NCC=Cc3ccccc3O2)c1)N1CCCCC1
O=C(c1cccc(C=C2NCC=Cc3ccccc3O2)c1)N1CCCCC1
O=C(c1cccc(C=C2NCC=Cc3ccccc3O2)c1)N1CCCCC1
O=C(c1ccsc1C=CCC=C1NCC=Cc2ccccc2O1)N1CCCCC1
O=C(c1ccsc1C=CC=C1NCC=Cc2ccccc2O1)N1CCCCC1
O=C(c1ccsc1C=CC=C1NCC=Cc2ccccc2O1)N1CCCCC1
O=C(c1ccsc1CC=C1NCC=Cc2ccccc2O1)N1CCCCC1
O=C(c1ccsc1CC=C=C1NCC=Cc2ccccc2O1)N1CCCCC1
O=C(c1ccsc1C=C=C1NCC=Cc2ccccc2O1)N1CCCCC1
O=C(c1ccsc1C=C=C1NCC=Cc2ccccc2O1)N1CCCCC1
O=C(c1ccsc1C=C1NCC=Cc2ccccc2O1)N1CCCCC1
O=C(c1ccsc1C=C1NCC=Cc2ccccc2O1)N1CCCCC1
O=C(c1ccsc1C=C1NCC=Cc2ccccc2O1)N1CCCCC1
O=C(c1ccsc1C=C1NCC=Cc2ccccc2O1)N1CCCCC1
O=C(c1ccsc1C=C1NCC=Cc2ccccc2O1)N1CCCCC1
O=C(c1ccsc1C=C1NCC=Cc2ccccc2O1)N1CCCCC1
O=C(c1ccsc1C=C1NCC=Cc2ccccc2O1)N1CCCCC1
O=C(c1ccsc1C=C1NCC=Cc2ccccc2O1)N1CCCCC1
O=C(c1ccsc1C=C1NCC=Cc2ccccc2O1)N1CCCCC1
O=C(c1ccsc1C=C1NCC=Cc2ccccc2O1)N1CCCCC1
O=C(c1ccsc1C=C1NCC=Cc2ccccc2O1)N1CCCCC1
O=C(c1ccsc1C=C1NCC=Cc2ccccc2O1)N1CCCCC1
O=C(c1ccsc1C=C1NCC=Cc2ccccc2O1)N1CCCCC1
O=C(c1ccsc1C=C1CCC=Cc2ccccc2O1)N1CCCCC1
O=C(c1ccsc1C=C1CCC=Cc2ccccc2O1)N1CCCC1
O=C(c1ccsc1C=C1CCC=Cc2ccccc2O1)N1CCCC1
O=C(c1ccsc1C=C1CCC=Cc2ccccc2O1)N1CCC1
O=C(c1ccsc1C=C1CCC=Cc2ccccc2O1)N1CCC1
O=C(c1ccsc1C=C1CCC=Cc2ccccc2O1)N1CCCC1
C=C1CC=Cc2ccccc2OC1=Cc1sccc1C(=O)N1CCCC1
C=C1CC=Cc2ccccc2OC1=Cc1sccc1C(=O)N1CCCC1
C=C1CC=Cc2ccccc2OC1=Cc1sccc1C(=O)N1CCCC1
C=C1CC=Cc2ccccc2OC1=Cc1sccc1C(=O)N1CCCC1
C=C1CC=Cc2ccccc2OC1=Cc1sccc1C(=O)N1CCCCC1
C=C1CC=Cc2ccccc2OC1=Cc1sccc1C(=O)N1CCCCC1
C=C1CC=Cc2ccccc2OC1=Cc1sccc1C(=O)N1CCCCC1
C=C1CC=Cc2ccccc2OC1=Cc1sccc1C(=O)N1CCCCC1
C=C1CC=Cc2ccccc2OC1=Cc1sccc1C(=O)N1CCCCC1
C=C1CC=Cc2ccccc2OC1=Cc1sccc1C(=O)N1CCCCC1
C=C1CC=Cc2ccccc2OC1=Cc1sccc1C(=O)N1CCCCC1
C=C1CC=Cc2ccccc2OC1=Cc1sccc1C(=O)N1CCCCC1
C=C1C=Cc2ccccc2OC1=Cc1sccc1C(=O)N1CCCCC1
C=C1C=Cc2ccccc2OC1=Cc1sccc1C(=O)N1CCCCC1
O=C(c1ccsc1C=C1Oc2ccccc2C=C2C=C21)N1CCCCC1
O=C(c1ccsc1C=C1Oc2ccccc2C=C2C=C21)N1CCCCC1
O=C(c1ccsc1C=C1Oc2ccccc2C2=CC=C12)N1CCCCC1
O=C(c1ccsc1C=C1Oc2ccccc2C2=CC=C12)N1CCCCCC1
O=C(c1ccsc1C=C1Oc2ccccc2C2=CC=C12)N1CCCCCC1
O=C(c1ccsc1C=C1Oc2ccccc2C2=CC=C12)N1CCCCCC1
O=C(c1ccsc1C=C1Oc2ccccc2C2=CC=C12)N1CCCCCC1
O=C(c1ccsc1C=C1Oc2ccccc2C2=CC=C12)N1CCCCC1
O=C(c1ccsc1C=C1Oc2ccccc2-c2c[nH]cc21)N1CCCCC1
O=C(c1ccsc1C=C1Oc2ccccc2-c2c[nH]cc21)N1CCCCCC1
O=C(c1ccsc1C=C1Oc2ccccc2-c2c[nH]cc21)N1CCCCCCC1
O=C(c1ccsc1C=C1Oc2ccccc2C2=CNCC=C12)N1CCCCCCC1
O=C(c1ccsc1C=C1Oc2ccccc2C2=CNCC=C12)N1CCCCCCC1
O=C(c1ccsc1C=C1Oc2ccccc2C2=CNCC=C12)N1CCCCCC1
O=C(c1ccsc1C=C1Oc2ccccc2C2=CCCC=C12)N1CCCCCC1
O=C(c1ccsc1C=C1Oc2ccccc2C2=CCCC=C12)N1CCCCCC1
O=C(c1ccsc1C=C1Oc2ccccc2C2=CCCC=C12)N1CCCCCC1
O=C(c1ccsc1C=C1Oc2ccccc2C2=CCCC=C12)N1CCCCCC1
O=C(c1ccsc1C=C1Oc2ccccc2C2=CCCC=C12)N1CCCCCC1
O=C(c1ccsc1C=C1Oc2ccccc2C2=CCCC=C12)N1CCCCCCC1
O=C(c1ccsc1C=C1Oc2ccccc2C2=CCC=C12)N1CCCCCCC1
O=C(c1ccsc1C=C1Oc2ccccc2C2=CCC=C12)N1CCCCCCC1
O=C(c1ccsc1C=C1Oc2ccccc2C2=C3CC3C=C12)N1CCCCCCC1
O=C(c1ccsc1C=C1Oc2ccccc2C2=C3CCC3C=C12)N1CCCCCCC1
O=C(c1ccsc1C=C1Oc2ccccc2C2=C3CCC3C=C12)N1CCCCCC1
O=C(c1ccsc1C=C1Oc2ccccc2C2=C3CCC3C=C12)N1CCCCC1
O=C(c1ccsc1C=C1Oc2ccccc2C2=CCCCC=C12)N1CCCCC1
O=C(c1ccsc1C=C1Oc2ccccc2C2=CCCCC=C12)N1CCCCC1
O=C(c1ccsc1C=C1Oc2ccccc2C2=CCCCC=C12)N1CCCCC1
O=C(c1ccsc1C=C1Oc2ccccc2C2=CC=CCC=C12)N1CCCCC1
O=C(c1ccsc1C=C1Oc2ccccc2-c2ccccc21)N1CCCCC1
O=C(c1ccsc1C=C1Oc2ccccc2-c2ccccc21)N1CCCCC1
O=C(c1ccsc1C=C1Oc2ccccc2-c2ccccc21)N1CCCCC1
O=C(c1ccsc1C=C1Oc2ccccc2-c2ccccc21)N1CCCCC1
O=C(c1ccsc1C=C1Oc2ccccc2-c2ccccc21)N1CCCCC1
O=C(c1ccsc1C=C1Oc2ccccc2-c2ccccc21)N1CCCCC1
O=C(c1ccsc1C=C1Oc2ccccc2-c2ccccc21)N1CCCCC1
O=C(c1ccsc1C=C1Oc2ccccc2-c2ccccc21)N1CCCCC1
O=C(c1ccsc1C=C1Oc2ccccc2-c2ccccc21)N1CCCCCC1
O=C(c1ccsc1C=C1Oc2ccccc2-c2ccccc21)N1CCCCCCC1
O=C(c1ccsc1C=C1Oc2ccccc2-c2ccccc21)N1CCCCCCC1
O=C(c1ccsc1C=C1Oc2ccccc2-c2cccc(C3CS3)c21)N1CCCCCCC1
O=C(c1ccsc1C=C1Oc2ccccc2-c2cccc(C3CC3)c21)N1CCCCCCC1
O=C(c1ccsc1C=C1Oc2ccccc2-c2cccc(C3CC3)c21)N1CCCCCCC1
O=C(c1ccsc1C=C1Oc2ccccc2-c2cccc(C3CC3)c21)N1CCCCCCC1
O=C(c1ccsc1C=C1Oc2ccccc2-c2ccccc21)N1CCCCCCC1
O=C(c1ccsc1C=C1Oc2ccccc2-c2ccccc21)N1CCCCCCC1
O=C(c1ccsc1C=C1Oc2ccccc2-c2ccccc21)N1CCCCCC1
O=C(c1ccsc1C=C1Oc2ccccc2-c2ccccc21)N1CCCCCC1
O=C(c1ccsc1C=C1Oc2ccccc2-c2ccccc21)N1CCCCCC1
O=C(c1ccsc1C=C1Oc2ccccc2-c2ccccc21)N1CCCCCC1
O=C(c1ccsc1C=C1Oc2ccccc2-c2ccccc21)N1CCCCCC1
O=C(c1ccsc1C=C1Oc2ccccc2-c2ccccc21)N1CCCCCC1
O=C(c1ccsc1C=C1Oc2ccccc2-c2ccc3c(c21)CCN3)N1CCCCCC1
O=C(c1ccsc1C=C1Oc2ccccc2-c2ccc3c(c21)CCN3)N1CCCCC1
O=C(c1ccsc1C=C1Oc2ccccc2-c2ccc3c(c21)CCN3)N1CCCCC1
O=C(c1ccsc1C=C1Oc2ccccc2-c2ccc3c(c21)CCN3)N1CCCCC1
O=C(c1ccsc1C=C1Oc2ccccc2-c2ccc3c(c21)CCN3)N1CCCC1
O=C(c1ccsc1C=C1Oc2ccccc2-c2ccc3c(c21)CCN3)N1CCC1
O=C(c1ccsc1C=C1Oc2ccccc2-c2ccc3c(c21)CCN3)N1CCC1
O=C(c1ccsc1C=C1Oc2ccccc2-c2ccc3c(c21)CCN3)N1CCCC1
O=C(c1ccsc1C=C1Oc2ccccc2-c2ccc3c(c21)CCN3)N1CCCCC1
O=C1CNc2ccc3c(c21)C(=Cc1sccc1C(=O)N1CCCCC1)Oc1ccccc1-3
O=C1CCNc2ccc3c(c21)C(=Cc1sccc1C(=O)N1CCCCC1)Oc1ccccc1-3
O=C(c1ccsc1C=C1Oc2ccccc2-c2ccccc21)N1CCCCC1
O=C1CNc2ccc3c(c21)C(=Cc1sccc1C(=O)N1CCCCC1)Oc1ccccc1-3
O=C1CNc2ccc3c(c21)C(=Cc1sccc1C(=O)N1CCCCC1)Oc1ccccc1-3
O=C1CNc2ccc3c(c21)C(=Cc1sccc1C(=O)N1CCCCCC1)Oc1ccccc1-3
O=C1CNc2ccc3c(c21)C(=Cc1sccc1C(=O)N1CCCCCCC1)Oc1ccccc1-3
O=C1CNc2ccc3c(c21)C(=Cc1sccc1C(=O)N1CCCCCCC1)Oc1ccccc1-3
O=C(c1ccsc1C=C1Oc2ccccc2-c2ccccc21)N1CCCCCCC1
O=C(c1ccsc1C=C1Oc2ccccc2-c2ccccc21)N1CCCCCCC1
O=C(c1ccsc1C=C1Oc2ccccc2-c2ccccc21)N1CCCCCCC1
O=C(c1ccsc1C=C1Oc2ccccc2-c2ccccc21)N1CCCCCC1
O=C(c1ccsc1C=C1Oc2ccccc2-c2ccccc21)N1CCCCCC1
O=C(c1ccsc1C=C1Oc2ccccc2-c2ccccc21)N1CCCCCCC1
O=C(c1ccsc1C=C1Oc2ccccc2-c2ccccc21)N1CCCCCCC1
O=C(c1ccsc1C=C1Oc2ccccc2-c2ccccc21)N1CCCCCCC1
O=C(c1ccsc1C=C1Oc2ccccc2-c2ccccc21)N1CCCCCCC1
O=C(c1ccsc1C=C1Oc2ccccc2-c2ccccc21)N1CCCCCCC1
O=C(c1ccsc1C=C1Oc2ccccc2-c2ccccc21)N1CCCCCCC1
O=C(c1ccsc1C=C1Oc2ccccc2-c2ccccc21)N1CCCCCC1
O=C(c1ccsc1C=C1Oc2ccccc2-c2ccccc21)N1CCCCCC1
O=C(c1ccsc1C=C1Oc2ccccc2-c2ccccc21)N1CCCCCC1
O=C(c1ccsc1C=C1Oc2ccccc2-c2ccccc21)N1CCCCCC1
O=C(c1ccsc1C=C1Oc2ccccc2-c2ccccc21)N1CCCCCC1
O=C(c1ccsc1C=C1Oc2ccccc2-c2ccccc21)N1CCCCCCC1
O=C(c1ccsc1C=C1Oc2ccccc2-c2ccccc21)N1CCCCCCC1
O=C(c1ccsc1C=C1Oc2ccccc2-c2ccccc21)N1CCCCCCC1
O=C(c1ccsc1C=C1Oc2ccccc2-c2ccccc21)N1CCCCCCC1
O=C(c1ccsc1C=C1Oc2ccccc2-c2ccccc21)N1CCCCCC1
O=C(c1ccsc1C=C1Oc2ccccc2-c2ccccc21)N1CCCCCC1
O=C(c1ccsc1C=C1Oc2ccccc2-c2ccccc21)N1CCCCCC1
O=C(c1ccsc1C=C1Oc2ccccc2-c2ccc3[nH]ccc3c21)N1CCCCCC1
O=C(c1ccsc1C=C1Oc2ccccc2-c2ccc3[nH]ccc3c21)N1CCCCCC1
O=C(c1ccsc1C=C1Oc2ccccc2-c2ccc3[nH]ccc3c21)N1CCCCC1
O=C(c1ccsc1C=C1Oc2ccccc2-c2ccc3[nH]ccc3c21)N1CCCCC1
O=C(c1ccsc1C=C1Oc2ccccc2-c2ccc3[nH]ccc3c21)N1CCCC1
O=C(c1ccsc1C=C1Oc2ccccc2-c2ccc3[nH]ccc3c21)N1CCCC1
O=C(c1ccsc1C=C1Oc2ccccc2-c2ccc3[nH]ccc3c21)N1CCCC1
O=C(c1ccsc1C=C1Oc2ccccc2-c2ccc3[nH]ccc3c21)N1CCC1
O=C(c1ccsc1C=C1Oc2ccccc2-c2ccc3[nH]ccc3c21)N1CCC1
O=C(c1ccsc1C=C1Oc2ccccc2-c2ccc3[nH]ccc3c21)N1CCC1
O=C(c1ccsc1C=C1Oc2ccccc2-c2ccc3[nH]ccc3c21)N1CCC1
O=C(c1ccsc1C=C1Oc2ccccc2-c2ccc3[nH]ccc3c21)N1CCC1
O=C(c1ccsc1C=C1Oc2ccccc2-c2ccc3[nH]ccc3c21)N1CCCC1
O=C(c1ccsc1C=C1Oc2ccccc2-c2ccc3[nH]ccc3c21)N1CCCC1
O=C(c1ccsc1C=C1Oc2ccccc2-c2ccc3[nH]ccc3c21)N1CCCC1
O=C(c1ccsc1C=C1Oc2ccccc2-c2ccc3[nH]ccc3c21)N1CCCC1
O=C(c1ccsc1C=C1Oc2ccccc2-c2ccc3[nH]ccc3c21)N1CCCCC1
O=C(c1ccsc1C=C1Oc2ccccc2-c2ccc3[nH]ccc3c21)N1CCCCC1
O=C(c1ccsc1C=C1Oc2ccccc2-c2ccc3[nH]ccc3c21)N1CCCCC1
O=C(c1ccsc1C=C1Oc2ccccc2-c2ccc3[nH]ccc3c21)N1CCCCC1
O=C(c1ccsc1C=C1Oc2ccccc2-c2ccc3[nH]c4c(c3c21)CCCCC4)N1CCCCC1
O=C(c1ccsc1C=C1Oc2ccccc2-c2ccc3[nH]c4c(c3c21)CCCCCC4)N1CCCCC1
O=C(c1ccsc1C=C1Oc2ccccc2-c2ccc3[nH]ccc3c21)N1CCCCC1
O=C(c1ccsc1C=C1Oc2ccccc2-c2ccc3[nH]ccc3c21)N1CCCCC1
O=C(c1ccsc1C=C1Oc2ccccc2-c2ccc3[nH]ccc3c21)N1CCCC1
O=C(c1ccsc1C=C1Oc2ccccc2-c2ccc3[nH]ccc3c21)N1CCCC1
O=C(c1ccsc1C=C1Oc2ccccc2-c2ccc3[nH]ccc3c21)N1CCCC1
O=C(c1ccsc1C=C1Oc2ccccc2-c2ccc3[nH]ccc3c21)N1CCCC1
O=C(c1ccsc1C=C1Oc2ccccc2-c2ccc3[nH]ccc3c21)N1CCC1
O=C(c1ccsc1C=C1Oc2ccccc2-c2ccc3[nH]ccc3c21)N1CCC1
O=C(c1ccsc1C=C1Oc2ccccc2-c2ccc3c(c21)C=CCN3)N1CCC1
O=C(c1ccsc1C=C1Oc2ccccc2-c2ccc3c(c21)C=CCN3)N1CCCC1
O=C(c1ccsc1C=C1Oc2ccccc2-c2ccc3c(c21)C=CCN3)N1CCCCC1
O=C(CCCc1ccccc1)Nc1ccc2c(c1)COC2=O
O=C(CCCc1ccccc1)Nc1ccc2c(c1)COC2=O
O=C1OCc2cc(NCCCCc3ccccc3)ccc21
O=C1Oc2cc(NCCCCc3ccccc3)ccc21
O=C1Oc2ccc(CCCCc3ccccc3)cc21
O=C1Oc2ccc(CCCCc3ccccc3)cc21
O=C1OC2=CC(CCCCc3ccccc3)C=C12
O=c1oc2c(CCCCc3ccccc3)cc1-2
C1=C2COC2=C1CCCCc1ccccc1
C1=CC(CCCCc2ccccc2)=C1
C1=CC(CCCCc2ccccc2)=C1
C1=CC(CCCCc2ccccc2)=C1
c1ccc(CCCCc2ccc[nH]2)cc1
c1ccc(CCCCc2ccc[nH]2)cc1
c1ccc(CCCCc2ccc[nH]2)cc1
c1ccc(CCCCc2ccc[nH]2)cc1
c1ccc(CCCCc2ccc[nH]2)cc1
c1ccc(CCCCc2ccc[nH]2)cc1
c1ccc(CCCCc2ccc[nH]2)cc1
c1ccc(CCCCc2ccc[nH]2)cc1
c1ccc(CCCCc2ccc[nH]2)cc1
c1ccc(CCCCc2ccc[nH]2)cc1
c1ccc(CCCCc2ccc[nH]2)cc1
c1ccc(CCCCc2ccc[nH]2)cc1
c1ccc(CCCCc2ccc[nH]2)cc1
c1ccc(CCCCc2ccc[nH]2)cc1
c1ccc(CCCCc2ccc[nH]2)cc1
c1ccc(CCCCc2ccc[nH]2)cc1
c1ccc(CCCCc2ccc[nH]2)cc1
c1ccc(CCCCc2ccc[nH]2)cc1
c1ccc(CCCCc2ccc[nH]2)cc1
c1ccc(CCCCc2ccc[nH]2)cc1
c1ccc(CCCCc2ccc[nH]2)cc1
c1ccc(CCCCc2ccc[nH]2)cc1
c1ccc(CCCCc2ccc[nH]2)cc1
C1=Cc2cc(CCCCc3ccccc3)[nH]c2CC1
c1ccc(CCCCc2cc3ccccc3[nH]2)cc1
c1ccc(CCCCc2cc3ccccc3[nH]2)cc1
c1ccc(CCCCc2cc3ccccc3[nH]2)cc1
c1ccc(CCCCc2cc3ccc4c(c3[nH]2)CC4)cc1
c1ccc(CCCCc2cc3ccccc3[nH]2)cc1
c1ccc(CCCCc2cc3ccccc3[nH]2)cc1
c1ccc(CCCCc2cc3ccccc3[nH]2)cc1
c1ccc(CCCCc2cc3ccccc3[nH]2)cc1
c1ccc(CCCCc2cc3cc4c(cc3[nH]2)CCC4)cc1
c1ccc(CCCCc2cc3ccccc3[nH]2)cc1
c1ccc(CCCCc2cc3ccccc3[nH]2)cc1
c1ccc(CCCCc2cc3ccccc3[nH]2)cc1
c1ccc(CCCCc2cc3ccccc3[nH]2)cc1
c1ccc(CCCCc2cc3ccccc3[nH]2)cc1
c1ccc(CCCCc2cc3ccccc3[nH]2)cc1
c1ccc(CCCCc2cc3ccccc3[nH]2)cc1
c1ccc(CCCCc2cc3ccccc3[nH]2)cc1
c1ccc(CCCCc2cc3ccccc3[nH]2)cc1
c1ccc(CCCCc2cc3ccccc3[nH]2)cc1
c1ccc(CCCCc2cc3ccccc3[nH]2)cc1
O=C(CCCc1ccccc1)Nc1ccc2c(c1)COC2=O
O=C(CCCc1ccccc1)Nc1ccc2c(c1)COC2=O
O=C(CCCc1ccccc1)Cc1ccc2c(c1)COC2=O
O=C1OCc2cc(CCCCCc3ccccc3)ccc21
O=C1OCc2cc(CCCCc3ccccc3)ccc21
O=C1OCc2cc(CCCCc3ccccc3)ccc21
c1ccc(CCCCc2ccccc2)cc1
c1ccc(CCCCc2ccccc2)cc1
c1ccc(CCCCc2ccccc2)cc1
c1ccc(CCCCc2ccccc2)cc1
c1ccc(CCCCc2ccccc2)cc1
c1ccc(CCCCc2ccccc2)cc1
c1ccc(CCCCc2ccccc2)cc1
c1ccc(CCCCc2ccccc2)cc1
c1ccc(CCCCc2ccccc2)cc1
c1ccc(CCCCc2ccccc2)cc1
c1ccc(CCCCc2ccccc2)cc1
c1ccc(CCCCc2ccccc2)cc1
c1ccc(CCCCc2ccccc2)cc1
c1ccc(CCCCc2ccccc2)cc1
c1ccc(CCCCc2ccccc2)cc1
c1ccc(CCCCc2ccccc2)cc1
c1ccc(CCCCc2ccccc2)cc1
c1ccc(CCCCCc2ccccc2)cc1
c1ccc(CCCCCc2ccccc2)cc1
c1ccc(CCCCc2ccccc2)cc1
O=c1ccn(CCCC2CCCc3ccccc32)c2ccccc12
O=c1ccn(CCCC2CCCc3ccccc32)c2ccccc12
O=c1ccn(CCCCc2ccccc2)c2ccccc12
O=c1ccn(CCCCc2ccccc2)c2ccccc12
O=c1ccn(CCCCc2ccccc2)c2ccccc12
O=C1C=CC(CCCCc2ccccc2)c2ccccc21
O=C1C=CC(CCCCc2ccccc2)Cc2ccccc21
O=C1CC(CCCCc2ccccc2)Cc2ccccc21
O=C1CC(CCCCc2ccccc2)Cc2ccccc21
O=C1OCC(CCCCc2ccccc2)Cc2ccccc21
O=C1OCC(CCCCc2ccccc2)Cc2ccccc21
O=C1OCC(CCCCc2ccccc2)CCc2ccccc21
O=C1OCC(CCCCc2ccccc2)CCc2ccccc21
O=C1OCC(CCCCc2ccccc2)CCc2ccccc21
O=C1OCC(CCCCc2ccccc2)CCc2ccccc21
O=C1OCC(CCCCc2ccccc2)CCc2ccccc21
O=C1OCC(CCCCc2ccccc2)CCc2ccccc21
O=C1OCC(CCCCc2ccccc2)CCc2ccccc21
O=C1OCC(CCCCc2ccccc2)CCc2ccccc21
O=C1OCC(CCCCc2ccccc2)Cc2ccccc21
O=C1OCCCc2cc(NCCCCCCc3ccccc3)ccc21
O=C1OCCc2cc(NCCCCCCc3ccccc3)ccc21
O=C1OCc2cc(NCCCCCCc3ccccc3)ccc21
O=C1OCc2cc(NCCCCCc3ccccc3)ccc21
O=C1OCc2cc(NCCCCc3ccccc3)ccc21
O=C1OCc2cc(NCCCCc3ccccc3)ccc21
O=C1OCc2cc(NCCCCc3ccccc3)ccc21
O=C1OCc2cc(NCC(CCc3ccccc3)C(=O)C3CC3)ccc21
O=C1OCc2cc(NC(=O)C(CCc3ccccc3)CC3CC3)ccc21
O=C1OCc2cc(NC(=O)C(CCc3ccccc3)CC3CC3)ccc21
O=C1OCc2cc(NC(=O)C(CCc3ccccc3)CC3CCC3)ccc21
O=C1OCc2cc(NC(=O)C(CCc3ccccc3)CC3CCCC3)ccc21
O=C1OCc2cc(NC(=O)C(CCc3ccccc3)CC3CCCC3)ccc21
O=C1OCc2cc(NC(=O)C(CCc3ccccc3)CC3CCCCC3)ccc21
O=c1ccn(CCCC2CCCc3ccccc32)c2ccccc12
O=c1cc[nH]c2cc(CCC3CCCc4ccccc43)ccc12
O=c1cc[nH]c2cc(OCCC3CCCc4ccccc43)ccc12
O=c1cc[nH]c2cc(OCCCCCCc3ccccc3)ccc12
O=c1cc[nH]c2ccc(OCCCCCCc3ccccc3)cc12
O=C(CCCCc1ccccc1)COc1ccc2c(c1)CC=CN2
O=C(CCCCc1ccccc1)COc1ccc2[nH]ccc2c1
O=C(CCCCc1ccccc1)COc1ccc2[nH]ncc2c1
O=C(CCCCc1ccccc1)COc1ccc2[nH]ncc2c1
O=C(CCCc1ccccc1)COc1ccc2[nH]ncc2c1
O=C(CCc1ccccc1)COc1ccc2[nH]ncc2c1
O=C(COc1ccc2[nH]ncc2c1)NCCc1ccccc1
O=C(COc1ccc2[nH]ncc2c1)NCCc1ccccc1
O=C(COc1ccc2[nH]ncc2c1)NCCc1ccccc1
O=C(COc1ccc2[nH]ncc2c1)NCCc1ccccc1
O=C(COc1ccc2[nH]ncc2c1)NCCc1ccccc1
O=C(COc1ccc2[nH]ncc2c1)NCCc1ccccc1
O=C(COc1ccc2[nH]ncc2c1)NCCc1ccccc1
O=C(COc1ccc2[nH]ncc2c1)NCCc1ccccc1
O=C(COc1ccc2[nH]ncc2c1)NCCc1ccccc1
O=C(CCOc1ccc2[nH]ncc2c1)NCCc1ccccc1
O=C(CCOc1ccc2[nH]ncc2c1)NCCc1ccccc1
O=C(CCOc1ccc2[nH]ncc2c1)NCCc1ccccc1
O=C(CCOc1ccc2[nH]ncc2c1)NCCc1ccccc1
O=C(CCOc1ccc2c(cnn2C2CC2)c1)NCCc1ccccc1
O=C(CCOc1ccc2c(cnn2C2=CC2)c1)NCCc1ccccc1
O=C(CCOc1ccc2c(cnn2C2=CCC2)c1)NCCc1ccccc1
O=C(CCOc1ccc2c(cnn2C2=CCC2)c1)NCCc1ccccc1
O=C(CCOc1ccc2c(cnn2C2=CCC2)c1)NCCc1ccccc1
O=C(CCOc1ccc2c(cnn2C2=CCC2)c1)NCCc1ccccc1
O=C(CCOc1ccc2c(cnn2C2=CCC2)c1)NCCc1ccccc1
O=C(CCOc1ccc2c(cnn2C2=CC=C2)c1)NCCc1ccccc1
O=C(CCOc1ccc2c(cnn2C2=CC=C2)c1)NCCc1ccccc1
O=C(CCOc1ccc2c(cnn2C2=CC=C2)c1)NCCc1ccccc1
O=C(CCOc1ccc2c(cnn2C2=CC=C2)c1)NCCc1ccccc1
O=C(CCOc1ccc2c(cnn2C2=CC=C2)c1)NCCc1ccccc1
O=C(CCOc1ccc2c(cnn2C2=CC=C2)c1)NCCc1ccccc1
O=C(CCOc1ccc2c(cnn2C2=CC=C2)c1)NCCc1ccccc1
O=C(CCOc1ccc2c(cnn2C2=CC=C2)c1)NCCc1ccccc1
O=C(CCOc1ccc2c(cnn2C2=CC=C2)c1)NCCc1ccccc1
O=C(CCOc1ccc2c(cnn2C2=CC=C2)c1)NCCc1ccccc1
O=C(CCOc1ccc2c(cnn2C2=CC=C2)c1)NCCc1ccccc1
C1=CC(n2ncc3cc(OCCCCc4ccccc4)ccc32)=C1
C1=CC(n2ncc3cc(OCCCCc4ccccc4)ccc32)=C1
C1=CC(n2ncc3cc(OCCCCc4ccccc4)ccc32)=C1
C1=CC(n2ncc3cc(OCCCCc4ccccc4)ccc32)=C1
C1=CC(n2ncc3cc(OCCCCc4ccccc4)ccc32)=C1
C1=CC(n2ncc3cc(OCCCCc4ccccc4)ccc32)=C1
C1=CC(n2ncc3cc(OCCCCc4ccccc4)ccc32)=C1
C1=CC(n2ncc3cc(OCCCCc4ccccc4)ccc32)=C1
C1=CC(n2ncc3cc(OCCCCc4ccccc4)ccc32)=C1
C1=CC(n2ncc3cc(OCCCCc4ccccc4)ccc32)=C1
C1=CC(n2ncc3cc(OCCCCc4ccccc4)ccc32)=C1
C1=CC(n2ncc3cc(OCCCCc4ccccc4)ccc32)=C1
C1=CC(n2ncc3cc(OCCCCc4ccccc4)ccc32)=C1
C1=CC(n2ncc3cc(OCCCCc4ccccc4)ccc32)=C1
C1=CC(n2ncc3cc(OCCCc4ccccc4)ccc32)=C1
C1=CC(n2ncc3cc(OC(CCc4ccccc4)C4=CCO4)ccc32)=C1
C1=CC(n2ncc3cc(OC(CCc4ccccc4)C4=CCO4)ccc32)=C1
C1=CC(n2ncc3cc(OC(CCc4ccccc4)C4CO4)ccc32)=C1
C1=CC(n2ncc3cc(OCCCc4ccccc4)ccc32)=C1
C1=CC(n2ncc3cc(OCCCc4ccccc4)ccc32)=C1
C1=CC(n2ncc3cc(OCCCc4ccccc4)ccc32)=C1
C1=CC(n2ncc3cc(OCCCc4ccccc4)ccc32)=C1
C1=CC(n2ncc3cc(OCCCc4ccccc4)ccc32)=C1
C1=CC(n2ncc3cc(OCCCc4ccccc4)ccc32)=C1
C1=CC(n2ncc3cc(OCCCc4ccccc4)ccc32)=C1
C1=CC(n2ncc3cc(OCCCc4ccccc4)ccc32)=C1
C1=CC(n2ncc3cc(OCCCc4ccccc4)ccc32)=C1
C1=CC(n2ncc3cc(OCCCc4ccccc4)ccc32)=C1
C1=CC(n2ncc3cc(OCCCc4ccccc4)ccc32)=C1
C1=CC(n2ncc3cc(OCCCc4ccccc4)ccc32)=C1
C1=CC(n2ncc3cc(OCCCc4ccccc4)ccc32)=C1
C1=CC(n2ncc3cc(OCCCc4ccccc4)ccc32)=C1
C1=CC(n2ncc3cc(OCCCc4ccccc4)ccc32)=C1
C1=CC(n2ncc3cc(OCCCc4ccccc4)ccc32)=C1
C1=CC(n2ncc3cc(OCCCc4ccccc4)ccc32)=C1
C1=CC(n2ncc3cc(OCCCc4ccccc4)ccc32)=C1
C1=CC(n2ncc3cc(OCCCc4ccccc4)ccc32)=C1
C1=CC(n2ncc3cc(OCCCc4ccccc4)ccc32)=C1
C1=CC(n2ncc3cc(OCCCc4ccccc4)ccc32)=C1
C1=CC(n2ncc3cc(OCCCc4ccccc4)ccc32)=C1
C1=CC(n2ncc3cc(OCCCc4ccccc4)ccc32)=C1
C1=CC(n2ncc3cc(OCCCc4ccccc4)ccc32)=C1
C1=CC(n2ncc3cc(OCCCc4ccccc4)ccc32)=C1
C1=CC(n2ncc3cc(OCCCc4ccccc4)ccc32)=C1
C1=CC(n2ncc3cc(OCCCc4ccccc4)ccc32)=C1
C1=CC(n2ncc3cc(OCCCc4ccccc4)ccc32)=C1
C1=CC(n2ncc3cc(OCCCc4ccccc4)ccc32)=C1
C1=CC(n2ncc3cc(OCCCc4ccccc4)ccc32)=C1
C1=CC(n2ncc3cc(OCCCc4ccccc4)ccc32)=C1
C1=CC(n2ncc3cc(OCCCc4ccccc4)ccc32)=C1
C1=CC(n2ncc3cc(OCCCc4ccccc4)ccc32)=C1
C1=CC(n2ncc3cc(OCCCc4ccccc4)ccc32)=C1
C1=CC(n2ncc3cc(OCCCc4ccccc4)ccc32)=C1
c1ccc(CCCOc2ccc3c(cnn3-c3cc4ccc3-4)c2)cc1
c1ccc(CCCOc2ccc3c(cnn3-c3ccccc3)c2)cc1
c1ccc(CCCOc2ccc3c(cnn3-c3ccccc3)c2)cc1
c1ccc(CCCOc2ccc3c(cnn3-c3ccccc3)c2)cc1
c1ccc(CCCOc2ccc3c(cnn3-c3ccccc3)c2)cc1
c1ccc(CCCOc2ccc3c(cnn3-c3ccccc3)c2)cc1
c1ccc(CCCOc2ccc3c(cnn3-c3ccccc3)c2)cc1
c1ccc(CCCOc2ccc3c(cnn3-c3ccccc3)c2)cc1
c1ccc(CCCOc2ccc3c(cnn3-c3ccccc3)c2)cc1
c1ccc(CCC(CCC2CCC2)Oc2ccc3c(cnn3-c3ccccc3)c2)cc1
C1=C(CCC(CCc2ccccc2)Oc2ccc3c(cnn3-c3ccccc3)c2)CC1
C1=C(CC(CCc2ccccc2)Oc2ccc3c(cnn3-c3ccccc3)c2)CC1
C1=C(CC(CCc2ccccc2)Oc2ccc3c(cnn3-c3ccccc3)c2)CCC1
C1=C(C(CCc2ccccc2)Oc2ccc3c(cnn3-c3ccccc3)c2)CCC1
C1=C(C(CCc2ccccc2)Oc2ccc3c(cnn3-c3ccccc3)c2)CNC1
C1=NCC=C1C(CCc1ccccc1)Oc1ccc2c(cnn2-c2ccccc2)c1
C1=NCC=C1C(CCc1ccccc1)Oc1ccc2c(cnn2-c2ccccc2)c1
C1=NCCC=C1C(CCc1ccccc1)Oc1ccc2c(cnn2-c2ccccc2)c1
C1=NCCC=C1C(CCc1ccccc1)Oc1ccc2c(cnn2-c2ccccc2)c1
C1=CC(C(CCc2ccccc2)Oc2ccc3c(cnn3-c3ccccc3)c2)=C1
C1=CC(C(CCc2ccccc2)Oc2ccc3c(cnn3-c3ccccc3)c2)=C1
C1=CC(C(CCc2ccccc2)Oc2ccc3c(cnn3-c3ccccc3)c2)=C1
C1=CC(C(CCc2ccccc2)Oc2ccc3c(cnn3-c3ccccc3)c2)=C1
C1=CC(C(CCc2ccccc2)Oc2ccc3c(cnn3-c3ccccc3)c2)=C1
C1=CC(C(CCc2ccccc2)Oc2ccc3c(cnn3-c3ccccc3)c2)=C1
C1=CC(C(CCc2ccccc2)Oc2ccc3c(cnn3-c3ccccc3)c2)=C1
C1=CC(C(CCc2ccccc2)Oc2ccc3c(cnn3-c3ccccc3)c2)=C1
C1=CC(C(CCc2ccccc2)Oc2ccc3c(cnn3-c3ccccc3)c2)=C1
C1=CC(C(CCc2ccccc2)Oc2ccc3c(cnn3-c3ccccc3)c2)=C1
C1=CC(C(CCc2ccccc2)Oc2ccc3c(cnn3-c3ccccc3)c2)=C1
C1=CC(C(CCc2ccccc2)Oc2ccc3c(cnn3-c3ccccc3)c2)=C1
C1=CC(C(CCc2ccccc2)Oc2ccc3c(cnn3-c3ccccc3)c2)=CC1
C1=CC(C(CCc2ccccc2)Oc2ccc3c(cnn3-c3ccccc3)c2)=CC1
C1=CC(C(CCc2ccccc2)Oc2ccc3c(cnn3-c3ccccc3)c2)=CCC1
C1=CC(C(CCc2ccccc2)Oc2ccc3c(cnn3-c3ccccc3)c2)=CCC1
c1ccc(CCC(Oc2ccc3c(cnn3-c3ccccc3)c2)c2ccccc2)cc1
c1ccc(CCC(Oc2ccc3c(cnn3-c3ccccc3)c2)c2ccccc2)cc1
c1ccc(CCC(Oc2ccc3c(cnn3-c3ccccc3)c2)c2ccccc2)cc1
c1ccc(CCC(Oc2ccc3c(cnn3-c3ccccc3)c2)c2ccccc2)cc1
c1ccc(CCC(Oc2ccc3c(cnn3-c3ccccc3)c2)c2ccccc2)cc1
c1ccc(CCC(Oc2ccc3c(cnn3-c3ccccc3)c2)c2ccccc2)cc1
c1ccc(CCC(Oc2ccc3c(cnn3-c3ccccc3)c2)c2ccccc2)cc1
c1ccc(CCC(Oc2ccc3c(cnn3-c3ccccc3)c2)c2ccccc2)cc1
c1ccc(CCC(Oc2ccc3c(cnn3-c3ccccc3)c2)c2ccccc2)cc1
c1ccc(CCC(Oc2ccc3c(cnn3-c3ccccc3)c2)c2ccccc2)cc1
c1ccc(CCC(Oc2ccc3c(cnn3-c3ccccc3)c2)c2ccccc2)cc1
c1ccc(CCC(Oc2ccc3c(cnn3-c3ccccc3)c2)c2ccccc2)cc1
c1ccc(CCC(Oc2ccc3c(cnn3-c3ccccc3)c2)c2ccccc2)cc1
c1ccc(CCC(Oc2ccc3c(cnn3-c3ccccc3)c2)c2cccnc2)cc1
c1ccc(CCC(Oc2ccc3c(cnn3-c3ccccc3)c2)c2cccnc2)cc1
c1ccc(CCC(Oc2ccc3c(cnn3-c3ccccc3)c2)c2cccnc2)cc1
O=c1ccn(CCCC2CCCc3ccccc32)c2ccccc12
O=c1ccn(CCCCc2ccccc2)c2ccccc12
O=c1ccn(CCCCc2ccccc2)c2ccccc12
O=c1ccn(CCCCc2ccccc2)c2ccccc12
O=c1ccn(CCCCc2ccccc2)c2ccccc12
O=c1ccn(CCCCc2ccncc2)c2ccccc12
O=c1ccn(CCCCc2ccncc2)c2ccccc12
O=c1cc(CCCCc2ccncc2)[nH]c2ccccc12
C1=C(CCCCc2ccncc2)Nc2ccccc2C1
c1ccc2[nH]c(CCCCc3ccncc3)cc2c1
c1ccc2[nH]c(CCCCc3ccncc3)cc2c1
c1ccc2[nH]c(CCCCc3ccncc3)cc2c1
c1ccc2[nH]c(CC(CCc3ccncc3)C3CC3)cc2c1
c1ccc2[nH]c(CC(CCc3ccncc3)C3CC3)cc2c1
c1ccc2[nH]c(CC(CCc3ccncc3)C3CCC3)cc2c1
c1ccc2[nH]c(CC(CCc3ccncc3)C3CCCC3)cc2c1
c1ccc2[nH]c(CC(CCc3ccncc3)C3CCCC3)cc2c1
c1ccc2[nH]c(CC(CCc3ccncc3)C3CCCC3)cc2c1
c1ccc2[nH]c(CC(CCc3ccncc3)C3CCCC3)cc2c1
c1cc(CCC(Cc2cc3ccncc3[nH]2)C2CCCC2)ccn1
c1cc(CCC(Cc2cc3ccncc3[nH]2)C2CCCCC2)ccn1
c1ccc(CCC(Cc2cc3ccncc3[nH]2)C2CCCCC2)cc1
c1ccc(CCC(Cc2cc3ccncc3[nH]2)C2CCCCC2)cc1
c1ccc(CCC(Cc2cc3ccncc3[nH]2)C2CCCCC2)cc1
c1ccc(CCC(Cc2cc3ccncc3[nH]2)C2CCCCC2)cc1
c1ccc(CCC(Cc2cc3ccncc3[nH]2)C2CCCC2)cc1
c1ccc(CCC(Cc2cc3ccncc3[nH]2)C2CCCC2)cc1
c1ccc(CCC(Cc2cc3ccncc3[nH]2)C2CCCC2)cc1
c1ccc(CCC(Cc2cc3ccncc3[nH]2)C2CCCC2)cc1
O=c1ccn(CCCC2CCCc3ccccc32)c2ccccc12
O=c1ccn(CCCC2CCCc3ccccc32)c2ccccc12
O=c1ccn(CCCC2CCCc3ccccc32)c2ccccc12
O=c1ccn(CCCC2CCCc3ccccc32)c2ccccc12
O=c1ccn(CCCC2CCCc3ccccc32)c2ccccc12
O=c1ccn(CCCC2CCCc3ccccc32)c2ccccc12
O=c1ccn(CCC2C3CCc4ccccc4C32)c2ccccc12
O=c1ccn(CCC2C3COc4ccccc4C23)c2ccccc12
O=c1ccn(CCC2C3COc4ccccc4C23)c2ccccc12
O=c1ccn(CCC2C3COc4ccccc4C23)c2ccccc12
O=c1ccn(CCC2C3COc4ccccc4C23)c2ccccc12
O=c1cc2n(c3ccccc13)CCC1C(CO2)C1c1ccccc1
O=c1cc2n(c3ccccc13)CCC1C(CO2)C1c1ccccc1
O=c1cc2n(c3ccccc13)CCC1C(CO2)C1c1ccccc1
O=c1cc2n(c3ccccc13)CC1C(CO2)C1c1ccccc1
O=C1C=C2OCC3C(CC2c2ccccc21)C3c1ccccc1
O=C1C=C2OCC3C(CC2c2ccccc21)C3c1ccccc1
O=C1C=C2OCC3C(CC2c2ccccc21)C3c1ccccc1
O=C1C=C2OCC3C(CC2c2ccccc21)C3c1ccccc1
O=C1C=C2OCC3C(CC2c2ccccc21)C3c1ccccc1
O=C1C=C2OCC3C(CC2c2ccccc21)C3c1ccccc1
O=C1CC2OCC3C(CC2c2ccccc21)C3c1ccccc1
O=C1CC2OCC(c3ccccc3)CCC2c2ccccc21
O=C1CC2OCC(c3ccccc3)CC2c2ccccc21
O=C1CC2OCC(c3ccccc3)CC2c2ccccc21
O=C1CC2COCC(c3ccccc3)CC2c2ccccc21
O=C1CC2COCC(c3ccccc3)CC2c2ccccc21
O=C1CC2COCC(c3ccccc3)CC2c2ccccc21
O=C1CC2COCC(c3ccccc3)CC2c2ccccc21
O=C1CC2COC(=O)C(c3ccccc3)CC2c2ccccc21
O=C1CC2COC(=O)C(c3ccccc3)CC2c2cc3c(cc21)CC3
O=C1OCC2CCc3cc4c(cc3C2CC1c1ccccc1)CC4
O=C1OCC2Cc3cc4c(cc3C2CC1c1ccccc1)CC4
O=C1OCC2Cc3cc4c(cc3C2CC1c1ccccc1)CCC4
O=C1OCC2Cc3cc4c(cc3C2CC1c1ccccc1)CCCC4
O=C1OCC2Cc3cc4c(cc3C2CC1c1ccccc1)CCCO4
O=C1OCC2Cc3cc4c(cc3C2CC1c1ccccc1)CCCO4
O=C1OCC2Cc3cc4c(cc3C2CC1c1ccccc1)CCO4
O=C1OCC2Cc3cc4c(cc3C2CC1c1ccccc1)OCCO4
O=C1OCC2Cc3cc4c(cc3C2CC1c1ccccc1)OCCO4
O=C1OCC2Cc3cc4c(cc3C2CC1c1ccccc1)OCO4
O=C1OCC2Cc3cc4c(cc3C2CC1c1ccccc1)OCO4
O=C1OCC2Cc3cc4c(cc3C2CC1c1ccccc1)OCO4
O=C1OCC2Cc3cc4c(cc3C2CC1c1ccccc1)OCO4
O=C1OCC2Cc3cc4c(cc3C2CC1c1ccccc1)OCO4
O=C1OCC2Cc3cc4c(cc3C2CC1c1ccccc1)OCO4
O=C1OCC2Cc3cc4c(cc3C2CC1c1ccccc1)OCO4
O=C1OCC2Cc3cc4c(cc3C2CC1c1ccccc1)OCO4
O=C1OCC2Cc3cc4c(cc3C2CC1c1ccccc1)OCO4
O=C1OCC2Cc3cc4c(cc3C2CC1c1ccccc1)OCO4
O=C1OCC2Cc3cc4c(cc3C2CC1c1ccccc1)OCO4
O=C1OCC2Cc3cc4c(cc3C2CC1c1ccccc1)OCO4
O=C1OCC2Cc3cc4c(cc3C2CC1c1ccccc1)OCO4
O=C1OCC2Cc3cc4c(cc3C2CCC1c1ccccc1)OCO4
O=C1OCC2Cc3cc4c(cc3C2CCC1c1ccccc1)OCO4
O=C1OCC2Cc3cc4c(cc3C2CCC1c1ccccc1)OCO4
O=C1OCC2Cc3cc4c(cc3C2CCC1c1ccccc1)OCO4
O=C1OCC2Cc3cc4c(cc3C2CCC1c1ccccc1)OCO4
O=C1OCC2Cc3cc4c(cc3C2CCC1c1ccccc1)OCO4
O=C1OCC2Cc3cc4c(cc3CC2CCC1c1ccccc1)OCO4
O=C1OCC2Cc3cc4c(cc3CC2CCC1c1ccccc1)OCO4
O=C1OCC2Cc3cc4c(cc3CC2CCC1c1ccccc1)OCO4
O=C1OCC2Cc3cc4c(cc3CC2CC1c1ccccc1)OCO4
O=C1OCC2Cc3cc4c(cc3CC2CC1c1ccccc1)OCO4
O=C1OCC2Cc3cc4c(cc3CC2CC1c1ccccc1)OCO4
O=C1OCC2Cc3cc4c(cc3CC2CCC1c1ccccc1)OCO4
O=C1OCC2Cc3cc4c(cc3CC2CCC1c1ccccc1)OCO4
O=C1OCC2Cc3cc4c(cc3CC2CCC1c1ccccc1)OCO4
O=C1OCC2Cc3cc4c(cc3CC2CC1c1ccccc1)OCO4
O=C1OCC2Cc3cc4c(cc3CCC2CC1c1ccccc1)OCO4
O=C1OCC2Cc3cc4c(cc3CCC2CC1c1ccccc1)OCO4
O=C1OCC2Cc3cc4c(cc3CCC2C1c1ccccc1)OCO4
O=C1OCC2Cc3cc4c(cc3OCC2C1c1ccccc1)OCO4
O=C1OCC2Cc3cc4c(cc3OCC2C1c1ccccc1)OCO4
O=C1OCC2Cc3cc4c(cc3CCC2C1c1ccccc1)OCO4
O=C1OCC2Cc3cc4c(cc3CCC2C1c1ccccc1)OCO4
O=C1OCC2Cc3cc4c(cc3CCCC2C1c1ccccc1)OCO4
O=C1OCC2Cc3cc4c(cc3CCCC2C1c1ccccc1)OCO4
O=C1OCC2Cc3cc4c(cc3CCCC2C1c1ccccc1)OCO4
O=C1OCC2Cc3cc4c(cc3CCC2C1c1ccccc1)OCO4
O=C1OCC2Cc3cc4c(cc3CCC2C1c1ccccc1)OCO4
O=C1OCC2Cc3cc4c(cc3CCCC2C1c1ccccc1)OCO4
O=C1CC2CCC(c3ccccc3)c3cc4c(cc3CC2CO1)OCO4
O=C1OCC2Cc3cc4c(cc3C(c3ccccc3)CCC12)OCO4
O=C1OCC2Cc3cc4c(cc3C(c3ccccc3)CCC12)OCO4
O=C1OCC2Cc3cc4c(cc3C(c3ccccc3)CCC12)OCO4
O=C1OCC2Cc3cc4c(cc3C(c3ccccc3)CC12)OCO4
O=C1OCC2Cc3cc4c(cc3C(c3ccccc3)CC12)OCO4
O=C1OCC2Cc3cc4c(cc3C(c3ccccc3)CC12)OCO4
O=C1OCC2Cc3cc4c(cc3C(c3ccccc3)C12)OCO4
O=c1ccn(CCCC2CCCc3ccccc32)c2ccccc12
O=c1ccn(CCCC2CCCc3ccccc32)c2ccccc12
c1ccc(NCCCC2CCCc3ccccc32)cc1
c1ccc(NCCCC2CCCCc3ccccc32)cc1
c1ccc(CNCCCC2CCCCc3ccccc32)cc1
O=C(NCCCC1CCCCc2ccccc21)c1ccccc1
O=C(NCCCC1CCCCc2ccccc21)c1ccccc1
O=C(NCCCC1CCCCc2ccccc21)c1ccccc1
O=C(NCCCC1CCCc2ccccc21)c1ccccc1
O=C(NCCCC1CCCc2ccccc21)c1cccnc1
O=C(NCCCC1CCCc2ccccc21)c1cccnc1
O=C(NCCCC1CCCc2ccccc21)c1cccnc1
O=C(NCCCC1CCCc2ccccc21)c1cccnc1
O=C(NCCCC1CCCCc2ccccc21)c1cccnc1
O=C(NCCCC1CCCCc2ccccc21)c1ccnnc1
O=C(NCCCC1CCCc2ccccc21)c1ccnnc1
O=C(NCCCC1CCCc2ccccc21)c1ccnnc1
O=C(NCCCC1CCCc2ccccc21)C1=CC=NNC1
O=C(NCCCC1CCCc2ccccc21)C1=CC=NNC1
O=C(NCCCC1CCCc2ccccc21)C1=CC=NNC1
O=C(NCCCC1CCCc2ccccc21)c1ccn[nH]1
O=C(NCCCC1CCCc2ccccc21)c1ccn[nH]1
O=C(NC1CCCCC1)c1ccc(OCc2ccccc2)cn1
O=C(NC1CCCC1)c1ccc(OCc2ccccc2)cn1
O=C(NC1CCC1)c1ccc(OCc2ccccc2)cn1
O=C(NC1CCC1)c1ccc(OCc2ccccc2)cc1
O=C(c1ccc(OCc2ccccc2)cc1)C1CCC1
O=C(c1ccc(OCc2ccccc2)cc1)C1CCC1
O=C(c1ccc(OCc2ccccc2)cc1)C1CCCC1
O=C(OC1CCCC1)c1ccc(OCc2ccccc2)cc1
O=C(OC1CCCNC1)c1ccc(OCc2ccccc2)cc1
O=C(OC1CCCONC1)c1ccc(OCc2ccccc2)cc1
O=C(OC1CCCONC1)c1ccc(OCc2ccccc2)cc1
O=C(OC1CCCONC1)c1ccc(OCc2ccccc2)cc1
O=C(OC1CCCONC1)c1ccc(OCc2ccccc2)cc1
O=C(OC1CCCCNC1)c1ccc(OCc2ccccc2)cc1
O=C(OC1CCCCNC1)c1ccc(OCc2ccccc2)cc1
O=C(OC1CCCNC1)c1ccc(OCc2ccccc2)cc1
O=C(OC1CCCNC1)c1ccc(OCc2ccccc2)cc1
O=C(OC1CCCNC1)c1ccc(OCc2ccccc2)cc1
O=C(OC1CCCNC1)c1ccc(OCc2ccccc2)cc1
O=C(OC1CCCNC1)c1ccc(OCc2ccccc2)cc1
O=C(OC1CCCNC1)c1ccc(OCc2ccccc2)cc1
O=C(OC1CCCNC1)c1ccc(OCc2ccccc2)cc1
O=C(OC1CCCNC1)c1ccc(OCc2ccccc2)cc1
O=C(OC1CCCNC1)c1ccc(OCc2ccccc2)cc1
O=C(OC1CCCN(C(=O)C2CCCC2)C1)c1ccc(OCc2ccccc2)cc1
O=C(OC1CCCN(C(=O)C2CCCC2)C1)c1ccc(OCc2ccccc2)cc1
O=C(OC1CCCN(C(=O)C2CCC2)C1)c1ccc(OCc2ccccc2)cc1
O=C(OC1CCCN(C(=O)C2CCC2)C1)c1ccc(OCc2ccccc2)cc1
O=C1CC(C(=O)N2CCCC(OC(=O)c3ccc(OCc4ccccc4)cc3)C2)C1
O=C1CC(C(=O)N2CCCC(OC(=O)c3ccc(OCc4ccccc4)cc3)C2)CO1
O=C(NC1CCCCC1)c1ccc(OCc2ccccc2)cn1
O=C(NCC1CCC1)c1ccc(OCc2ccccc2)cn1
O=C(Cc1ccc(COc2cccnc2)cc1)NCC1CCC1
O=C(Cc1ccc(COc2cccnc2)cc1)NCC1CCC1
O=C(Cc1ccc(CCOc2cccnc2)cc1)NCC1CCC1
O=C(Cc1ccc2c(c1)NCC2COc1cccnc1)NCC1CCC1
O=C(NCC1CCC1)c1ccc2c(c1)NCC2COc1cccnc1
O=C(NCC1CCC1)c1ccc2c(c1)CNCC2COc1cccnc1
O=C(NC1CCC1)c1ccc2c(c1)CNCC2COc1cccnc1
O=C(NC1CCC1)c1ccc2c(c1)CNCC2COc1cccnc1
O=C(NC1CCC1)c1ccc2c(c1)CNC1CC(Oc3cccnc3)C21
O=C(NC1CCC1)c1ccc2c(c1)CCNC1CC(Oc3cccnc3)C21
O=C(NC1CCC1)c1ccc2c(c1)CCCC1CC(Oc3cccnc3)C21
O=C(NC1CCC1)c1ccc2c(c1)CCCC1CC(Oc3cccnc3)C21
O=C(NC1CCC1)c1ccc2c(c1)CCCC1CC(Oc3cccnc3)C21
O=C(NC1CCC1)c1ccc2c(c1)CCCC1CC(Oc3cccnc3)C21
O=C(NC1CCC1)c1ccc2c(c1)CCCC1CC(Oc3cccnc3)C21
O=C(NC1CCC1)c1ccc2c(c1)CCCC1CC(Oc3cccnc3)C21
O=C(NCC1CCC1)c1ccc2c(c1)CCCC1CC(Oc3cccnc3)C21
O=C(NCC1CCC1)c1ccc2c(c1)CCCC1CC(Oc3cccnc3)C21
O=C(NCC1CCCC1)c1ccc2c(c1)CCCC1CC(Oc3cccnc3)C21
O=C(NC1CCCC1)c1ccc2c(c1)CCCC1CC(Oc3cccnc3)C21
O=C(NC1CCC2CC21)c1ccc2c(c1)CCCC1CC(Oc3cccnc3)C21
O=C(NCC1CC1)c1ccc2c(c1)CCCC1CC(Oc3cccnc3)C21
O=C(NCC1CC1)c1ccc2c(c1)CCCC1CC(Oc3cccnc3)C21
O=C(NCC1CC1)c1ccc2c(c1)CCCC1CC(Nc3cccnc3)C21
O=C(NCC1CC1)c1ccc2c(c1)CCCC1CC(Nc3cccnc3)C21
O=C(NCC1CC1)c1ccc2c(c1)CCCC1CC(Nc3cccnc3)C21
O=C(NC1CC1)c1ccc2c(c1)CCCC1CC(Nc3cccnc3)C21
O=C(NC1=CC1)c1ccc2c(c1)CCCC1CC(Nc3cccnc3)C21
O=C(NC1=CC1)c1ccc2c(c1)CCCC1CC(Nc3cccnc3)C21
O=C(NC1=CC1)c1ccc2c(c1)CCCC1CC(Nc3cccnc3)C21
O=C(NC1=CC1)c1ccc2c(c1)CCCCC1CC(Nc3cccnc3)C21
O=C(NC1=CC1)c1ccc2c(c1)CCC1CCCC(Nc3cccnc3)C21
O=C(NC1=CC1)c1ccc2c(c1)CCC1CCCC(CNc3cccnc3)C21
O=C(NC1=CC1)c1ccc2c(c1)CCC1CCC(CNc3cccnc3)C21
O=C(NC1=CC1)c1ccc2c(c1)CCC1CCC(CNc3cccnc3)C21
O=C(NC1=CC1)c1ccc2c(c1)CCC1CCC(CNc3cccnc3)C21
O=C(NC1=CC1)c1ccc2c(c1)CCC1CCC(CNc3cccnc3)C21
O=C(NC1=CC1)c1ccc2c(c1)CCC1CCC(CNc3cccnc3)C21
O=C(NC1=CC1)c1ccc2c(c1)CCC1CCC(C(=O)Nc3cccnc3)C21
O=C(NC1=C2CC21)c1ccc2c(c1)CCC1CCC(C(=O)Nc3cccnc3)C21
O=C(NC1=C2CC21)c1ccc2c(c1)CCC1CCC(C(=O)Nc3cccnc3)CC21
O=C(NC1=C2CC21)c1ccc2c(c1)CCC1CCC(C(=O)Nc3cccnc3)CCC21
O=C(NC1=CC1)c1ccc2c(c1)CCC1CCC(C(=O)Nc3cccnc3)CCC21
O=C(NC1=CC1)c1ccc2c(c1)CCC1CCC(C(=O)Nc3cccnc3)CCC21
O=C(NC1=CC1)c1ccc2c(c1)CCC1CCC(C(=O)Nc3cccnc3)CCC21
O=C(Nc1cccnc1)C1CCC2CCc3ccccc3C2CC1
O=C(Nc1cccnc1)C1CCCC2CCc3ccccc3C2CC1
O=C(Nc1cccnc1)C1CCCC2CCc3ccccc3C2CC1
O=C(Nc1cccnc1)C1CCCC2CCc3ccccc3C2CC1
O=C(Nc1cccnc1)C1CCCC2CCc3ccccc3C2CC1
O=C(Nc1cccnc1)C1CCCC2CCc3ccccc3C2CC1
O=C(Nc1cccnc1)C1CCCC2CCc3ccccc3C2CC1
O=C(Nc1cccnc1)C1CCC2CCc3ccccc3C2CC1
O=C(Nc1cccnc1)C1CCC2CCc3ccccc3C2CC1
O=C(Nc1cccnc1)C1CCC2CCc3ccccc3C2CC1
O=C(Nc1cccnc1)C1CCCC2CCc3ccccc3C2CC1
O=C(Nc1cccnc1)C1CCC2c3ccccc3CCC2C2CCCC2C1
O=C(Nc1cccnc1)C1CCC2c3ccccc3CCC2C2CCC2C1
O=C(Nc1cccnc1)C1CCC2c3ccccc3CCC2C2CCC2C1
O=C(Nc1cccnc1)C1CCC2c3ccccc3CCC2C2CCC12
O=C(Nc1cccnc1)C1CCC2c3ccccc3CCC2C2CC12
c1cncc(NCC2CCC3c4ccccc4CCC3C3CC23)c1
O=C(Nc1cccnc1)c1ccc2c(c1)CCC1C2CCCC2CC21
O=C(Nc1cccnc1)c1ccc2c(c1)CCC1C2CCCC2CC21
O=C(Nc1cccnc1)c1ccc2c(c1)CCC1C2CCCC2CCC21
O=C(Nc1cccnc1)c1ccc2c(c1)CCC1C2CCCC2CCC21
O=C(Nc1cccnc1)c1ccc2c(c1)CCC1C2CCCC2CCC21
O=C(Nc1cccnc1)c1ccc2c(c1)CCC1C2CCCC2CCC21
O=C(Nc1cccnc1)c1ccc2c(c1)CCC1C2CCC(C2CCN2)C2CCC12
O=C(Nc1cccnc1)c1ccc2c(c1)CCC1C2CCC(C2CCN2)C2CCC12
O=C(Nc1cccnc1)c1ccc2c(c1)CCC1C2CCC(C2CN2)C2CCC12
O=C(Nc1cccnc1)c1ccc2c(c1)CCC1C2CCC(C2CN2)C2CCC12
O=C(Nc1cccnc1)c1ccc2c(c1)CCC1C2CCC(C2CC2)C2CCC12
O=C(Nc1cccnc1)c1ccc2c(c1)CCC1C2CCC(C2CC2)C2CCC12
O=C(Nc1cccnc1)c1ccc2c(c1)CCC1C2CCC(C2C=C2)C2CCC12
O=C(Nc1cccnc1)c1ccc2c(c1)CCC1C2CCC(C2C=C2)C2CCC12
O=C(Nc1cccnc1)c1ccc2c(c1)CCC1C2CCC(CC2C=C2)C2CCC21
O=C(Nc1cccnc1)c1ccc2c(c1)CCC1C2CCCC2CCC21
O=C(Nc1cccnc1)c1ccc2c(c1)CCC1C2CCCC2CCC21
O=C(Nc1cccnc1)c1ccc2c(c1)CCC1C2CCCC2CCC21
O=C(Nc1cccnc1)c1ccc2c(c1)CCC1C2CCCC2CCC21
O=C(Nc1cccnc1)c1ccc2c(c1)CCC1C2CCCC2CCC21
O=C(Nc1cccnc1)c1ccc2c(c1)CCC1C2CCCC2CCC21
O=C(Nc1cccnc1)c1ccc2c(c1)CCC1C2CCCC2CCC21
O=C(Nc1cccnc1)c1ccc2c(c1)CCC1C2CCCC2CCC21
O=C(Nc1cccnc1)c1ccc2c(c1)CCC1C2CCCC2CCC21
O=C(Nc1cccnc1)c1ccc2c(c1)CCC1C2CCCC2CCC21
O=C(Nc1cccnc1)c1ccc2c(c1)CCCC1C2CCCC2CCC21
O=C(Nc1cccnc1)c1ccc2c(c1)CCCC1C2CCCC2CCC21
O=C(Nc1cccnc1)c1ccc2c(c1)CCC1C2CCCC2CCC21
O=C(Nc1cccnc1)c1ccc2c(c1)CCC1C2CCCC2CCC21
O=C(Nc1cccnc1)c1ccc2c(c1)CCC1C2CCCC2CCC21
O=C(Nc1cccnc1)c1ccc2c(c1)CCC1C2CCCC2CCCC21
O=C(Nc1cccnc1)c1ccc2c(c1)CCC1C2CCCC2CCCCC21
O=C(Nc1cccnc1)c1ccc2c(c1)CCC1C2CCCC2CCCCC21
O=C(Nc1cccnc1)c1ccc2c(c1)CCC1C2CCCCC2CCCCC21
O=C(Nc1cccnc1)c1ccc2c(c1)CCC1C2CCCCC2CCCCC21
O=C(Nc1cccnc1)c1ccc2c(c1)CCC1C2CCCCC2CCCCC21
O=C(Nc1cccnc1)c1ccc2c(c1)CCC1C2CCCCC2CCCC21
O=C(Nc1cccnc1)c1ccc2c(c1)CCC1C2CCCCC2CCCC21
O=C(Nc1cccnc1)c1ccc2c(c1)CCC1C2CCCCC2CCCC21
O=C(Nc1cccnc1)c1ccc2c(c1)CCC1C2CCCCC2CCC21
O=C(Nc1cccnc1)c1ccc2c(c1)CCC1C2CCCCC2CCC21
O=C(Nc1cccnc1)c1ccc2c(c1)CCC1C2CCCC2CCC21
O=C(Nc1cccnc1)c1ccc2c(c1)CCC1CCCCCC21
O=C(Nc1cccnc1)c1ccc2c(c1)CCC1CCCCCC21
O=C(Nc1cccnc1)c1ccc2c(c1)CCC1CCCCCC21
O=C(Nc1cccnc1)c1ccc2c(c1)CCC1C2CCCC2CCCC21
O=C(Nc1cccnc1)c1ccc2c(c1)CCC1C2CCCC2CCCC21
O=C(Nc1cccnc1)c1ccc2c(c1)CCCC1C2CCCC2CCCC21
O=C(Nc1cccnc1)c1ccc2c(c1)CCCC1C2CCCC2CCCC21
O=C(Nc1cccnc1)c1ccc2c(c1)CCCC1C2CCCC2CCCCC21
O=C(Nc1cccnc1)c1ccc2c(c1)CCCC1C2CCCC2CCCC21
O=C(Nc1cccnc1)c1ccc2c(c1)CCCC1C2CCCC2CCCC21
O=C(Nc1cccnc1)c1ccc2c(c1)CCCC1C2CCCCC2CCCC21
O=C(Nc1cccnc1)c1ccc2c(c1)CCCC1C2CCCCC2CCCCC21
O=C(Nc1cccnc1)c1ccc2c(c1)CCCC1C2CCCCC2CCCCCC21
O=C(Nc1cccnc1)c1ccc2c(c1)CCCC1C2CCCCC2CCCCCC21
O=C(Nc1cccnc1)c1ccc2c(c1)CCCC1C2CCCCC2CCCCC21
O=C(Nc1cccnc1)c1ccc2c(c1)CCCCC1C2CCCCC2CCCCC21
O=C(Nc1cccnc1)c1ccc2c(c1)CCCCC1C2CCCCC2CCCCC21
O=C(Nc1cccnc1)c1ccc2c(c1)CCCCC1C2CCCC2CCCCC21
O=C(Nc1cccnc1)c1ccc2c(c1)CCCCC1C2CCCC2CCCCCC21
O=C(Nc1cccnc1)c1ccc2c(c1)CCCCC1C2CCCC2CCCCC21
O=C(Nc1cccnc1)c1ccc2c(c1)CCCCC1C2CCCC2CCCC21
O=C(Nc1cccnc1)c1ccc2c(c1)CCCCC1C2CCCC2CCC21
O=C(Nc1cccnc1)c1ccc2c(c1)CCCC1C2CCCC2CCC21
O=C(Nc1cccnc1)c1ccc2c(c1)CCCC1C2CCCC2CCC21
O=C(Nc1cccnc1)c1ccc2c(c1)CCCC1C2CCCC2CCC21
O=C(Nc1cccnc1)c1ccc2c(c1)CCC1C2CCCC2CCC21
O=C(Nc1cccnc1)c1ccc2c(c1)CCC1C2CCCC2CCC21
O=C(Nc1cccnc1)c1ccc2c(c1)CCC1C2CCCC2CCC21
O=C(Nc1cccnc1)c1ccc2c(c1)CCC1C2CCC2CCC21
O=C(Nc1cccnc1)c1ccc2c(c1)CCC1C2CCC2CCCC21
O=C(NC1CCCCC1)c1ccc(OCc2ccccc2)cn1
O=C(NC1CCCCC1)c1ccc(OCC2=C=CC=C2)cn1
O=C(NC1CCCOCC1)c1ccc(OCC2=C=CC=C2)cn1
O=C(c1ccc(OCC2=C=CC=C2)cn1)N1CCCCOCC1
O=C(c1ccc(OCC2=C=CC=C2)cn1)N1CCCCOCC1
C1=CC(N2CCCCOCC2)=CC=1COc1cccnc1
C1=CC(N2CCCCOCC2)=CC=1COc1cccnc1
C1=CC(N2CCCCOCC2)=CC=1COc1cccnc1
C1=CC(N2CCCCOCC2)=CC=1COc1cccnc1
C1=CC(N2CCCCOCC2)=CC=1COc1cccnc1
C1=CC(N2CCCCOCC2)=CC=1COc1cccnc1
C1=CC(N2CCCCOCC2)=CC=1COc1cccnc1
C1=CC(N2CCCCOCC2)=CC=1COc1cccnc1
C1=CC(N2CCCCOCC2)=CC=1COc1ccccc1
C1=CC(N2CCCOCC2)=CC=1COc1ccccc1
C1=CC(N2CCOCC2)=CC=1COc1ccccc1
C1=CC(N2CCOCC2)=CC=1COc1ccccc1
C1=CNC(N2CCOCC2)=CC=1COc1ccccc1
C1=CNC(N2CCOCC2)=CC=1COc1ccccc1
C1=CNC(N2CCOCC2)=CC=1COc1ccccc1
C1=CC=C(N2CCOCC2)NC=1Cc1ccccc1
C1=CC=C(N2CCOCC2)NC=1Cc1ccccc1
c1ccc(Cc2ccc(N3CCOCC3)[nH]2)cc1
c1ccc(CCc2ccc(N3CCOCC3)[nH]2)cc1
c1ccc(CCc2ccc(N3CCOCC3)[nH]2)cc1
c1ccc(CCCc2ccc(N3CCOCC3)[nH]2)cc1
c1ccc(CCCc2ccc(N3CCOCC3)[nH]2)cc1
c1ccc(CCCc2ccc(N3CCOCC3)[nH]2)cc1
c1ccc(CCCc2ccc(N3CCOCC3)[nH]2)cc1
c1ccc(CCCCc2ccc(N3CCOCC3)[nH]2)cc1
c1ccc(CCCCc2cnc(N3CCOCC3)[nH]2)cc1
c1ccc(CCCCc2cnc(N3CCOCC3)[nH]2)cc1
c1ccc(CCCCc2cnc(N3CCOCC3)[nH]2)cc1
c1ccc(CCCCc2cnc(N3CCOCC3)[nH]2)cc1
c1ccc(CCCCc2cnc(N3CCOCC3)[nH]2)cc1
c1ccc(CCCCCc2cnc(N3CCOCC3)[nH]2)cc1
c1ccc(CCCCCc2cnc(N3CCOCC3)[nH]2)cc1
c1ccc(CCCCCc2cnc(N3CCOCC3)[nH]2)cc1
c1ccc(CCCCCc2cnc(N3CCOCC3)[nH]2)cc1
c1ccc(CCCCc2cnc(N3CCOCC3)[nH]2)cc1
c1ccc(CCCCc2cnc(N3CCOCC3)[nH]2)cc1
c1ccc(CCCCCc2cnc(N3CCOCC3)[nH]2)cc1
c1ccc(CCCCCc2cnc(N3CCOCC3)[nH]2)cc1
c1ccc(CCCCCc2cnc(N3CCOCC3)[nH]2)cc1
c1ccc(CCCCCc2cnc(N3CCOCC3)[nH]2)cc1
c1ccc(CCCCCc2cnc(N3CCOCC3)[nH]2)cc1
c1ccc(CCCCCc2cnc(N3CCOCC3)[nH]2)cc1
c1ccc(CCCCc2cnc(N3CCOCC3)[nH]2)cc1
C1=C(CCCCc2ccccc2)NCC(N2CCOCC2)=N1
C1=C(CCCCc2ccccc2)NCC(N2CCOCC2)=N1
C1=C(CCCCc2ccccc2)CCC(N2CCOCC2)=N1
C1=C(CCCCc2ccccc2)CCCC(N2CCOCC2)=N1
C1=C(CCCCc2ccccc2)CCCC(N2CCOCC2)=N1
C1=C(CCCCc2ccccc2)CCC(N2CCOCC2)=N1
C1=C(CCCCc2ccccc2)CCC(N2CCOCC2)=N1
c1ccc(CCCCc2ccc(N3CCOCC3)nc2)cc1
c1ccc(CCCCc2ccc(N3CCOCC3)nc2)cc1
c1ccc(CCCCc2ccc(N3CCOCC3)nc2)cc1
c1ccc(CCCCc2ccc(N3CCOCC3)nc2)cc1
c1ccc(CCCCc2ccc(N3CCOCC3)nc2)cc1
c1ccc(CCCCc2ccc(N3CCOCC3)nc2)cc1
c1ccc(CCCCc2ccc(N3CCOCC3)nc2)cc1
c1ccc(CCCCc2ccc(N3CCOCC3)nc2)cc1
c1ccc(CCCCc2cnc(N3CCOCC3)cc2CC2CN2)cc1
c1ccc(CCCCc2cnc(N3CCOCC3)cc2C2C3NC32)cc1
c1ccc(CCCCc2cnc(N3CCOCC3)cc2C2CC3NC32)cc1
c1ccc(CCCCc2cnc(N3CCOCC3)cc2C23CC2N3)cc1
c1ccc(CCCCc2cnc(N3CCOCC3)cc2C23CC2N3)cc1
c1ccc(CCCCc2cnc(N3CCOCC3)cc2C2CN2)cc1
C1=C(c2cc(N3CCOCC3)ncc2CCCCc2ccccc2)N1
c1ccc(CCCCC2=C(c3ccnc(N4CCOCC4)c3)N2)cc1
c1ccc(CCCCc2cc3cc(N4CCOCC4)ncc3[nH]2)cc1
O=C(NC1CCCCC1)c1ccc(OCc2ccccc2)cn1
c1ccc(COc2cccnc2)cc1
c1ccc(COc2cccnc2)cc1
c1ccc(-c2cccnc2)cc1
c1ccc(-c2cccnc2)cc1
c1ccc(-c2cccnc2)cc1
c1ccc(-c2cccnc2)cc1
c1ccc(-c2cccnc2)cc1
c1ccc(-c2cccnc2)cc1
c1ccc(-c2cccnc2)cc1
c1ccc(-c2cccnc2)cc1
c1ccc(-c2cccnc2)cc1
O=C(CCc1ccccc1)CCc1ccccn1
O=C(CCc1ccccc1)CCc1ccccn1
O=C(CCc1ccccc1)CCc1ccccn1
c1ccc(CCCCCc2ccccn2)cc1
c1ccc(CCCCCc2ccccn2)cc1
c1ccc(CCCCCc2ccccc2)cc1
c1ccc(CCCCCc2ccccc2)cc1
c1ccc(CCCCCc2ccccc2)cc1
c1ccc(CCCCc2ccccc2)cc1
c1ccc(CCCc2ccccc2)cc1
c1ccc(CCc2ccccc2)cc1
c1ccc(CCc2ccccc2)cc1
c1ccc(CCc2ccccc2)cc1
c1ccc(CCc2ccccc2)cc1
c1ccc(CCc2ccccc2)cc1
c1ccc(CCc2ccccc2)cc1
c1ccc(CCCCc2ccccc2)cc1
c1ccc(CCCCc2ccccc2)cc1
c1ccc(CCCCc2ccccc2)cc1
c1ccc(CCCCc2ccccc2)cc1
c1ccc(CCCCc2ccccc2)cc1
c1ccc(CCCCc2ccccc2)cc1
c1ccc(CCCCc2ccccc2)cc1
c1ccc(CCCCc2ccccc2)cc1
c1ccc(CCCCc2ccccc2)cc1
c1ccc(CCCCc2ccccc2)cc1
c1ccc(CCCCc2ccccc2)cc1
c1ccc(CCCCc2ccccc2)cc1
c1ccc(CCCCc2ccccc2)cc1
c1ccc(CCCCc2ccccc2)cc1
c1ccc(CCCCc2ccccc2)cc1
c1ccc(CCCCc2ccccc2)cc1
c1ccc(CCCCc2ccccc2)cc1
c1ccc(CCCCc2ccccc2)cc1
c1ccc(CCCCc2ccccc2)cc1
c1ccc(CCCCc2ccccc2)cc1
c1ccc(CCCCc2ccccc2)cc1
c1ccc(CCCCc2ccccc2)cc1
c1ccc(CCCCc2ccccc2)cc1
c1ccc(CCCCc2ccccc2)cc1
c1ccc(CCCCc2ccccc2)cc1
c1ccc(CCCCc2ccccc2)cc1
c1ccc(CCCCc2ccccc2)cc1
c1ccc(CCCCc2ccccc2)cc1
c1ccc(CCCCc2ccccc2)cc1
c1ccc(CCCCc2ccccc2)cc1
c1ccc(CCCCc2ccccc2)cc1
c1ccc(CCCCc2ccccc2)cc1
c1ccc(CCCCc2ccccc2)cc1
c1ccc(CCCCCc2ccccc2)cc1
c1ccc(CCCCCc2ccccc2)cc1
c1ccc(CCCCCc2ccccc2)cc1
c1ccc(CCCCc2ccccc2)cc1
O=C(NC1CCCCC1)c1ccc(OCc2ccccc2)cn1
O=C(NC1CCCCC1)c1ccc(OCc2ccccc2)cn1
O=C(NC1CCCCC1)c1ccc(OCc2ccccc2)cn1
O=C(NC1CCCCC1)c1ccc(OCc2ccccc2)cn1
O=C(NC1CCCCC1)c1ccc2c(n1)CCC(c1ccccc1)O2
O=C(NC1CCCCC1)c1nc2c(cc1-c1ccccc1)OCCC2
O=C(NC1CCCCC1)c1nc2c(cc1-c1ccccc1)OCCC2
O=C(NC1CCCCC1)c1nc2c(cc1-c1ccccc1)OCCC2
c1ccc(-c2cnc3c(c2)OCCC3)cc1
c1ccc(-c2cnc3c(c2)OCCC3)cc1
c1ccc(-c2cncc3c2CCO3)cc1
c1ccc(-c2cncc3c2CCO3)cc1
C1=NOC=C(c2ccccc2)C2=C1OCC2
C1=NOC=C(c2ccccc2)C2=C1OCC2
C1=NOC=C(c2ccccc2)C2=C1OCC2
C1=NOC=C(c2ccccc2)C2=C1OCC2
C1=NOC=C(c2ccccc2)C2=C1OCC2
C1=NOC=C(c2ccccc2)C2=C1OCC2
C1=NOC=C(c2ccccc2)C2=C1OCC2
C1=NOC=C(c2ccccc2)C2=C1OCC2
C1=NOC=C(c2ccccc2)C2=C1OCC2
C1=NOC=C(c2ccccc2)C2=C1OCC2
C1=NOC=C(c2ccccc2)C2=C1OCC2
C1=NOC(Cc2ccccc2)=CC2=C1OCC2
C1=NOC(Cc2ccccc2)=CC2=C1OCC2
O=C(CCC1=CC2=C(C=NO1)OCC2)Nc1ccccc1
O=C(CCCC1=CC2=C(C=NO1)OCC2)Nc1ccccc1
O=C(CCCCC1=CC2=C(C=NO1)OCC2)Nc1ccccc1
O=C(CCCCC1=CC2=C(C=NO1)OCC2)Nc1ccccc1
O=C(CCCC1=CC2=C(C=NO1)OCC2)Nc1ccccc1
O=C(CCCC1=CC2=C(C=NO1)OCC2)Nc1ccccc1
O=C(CCCC1=CC2=C(C=NO1)OCC2)Nc1ccccc1
O=C(CCCC1=CC2=C(C=NO1)OCC2)Nc1ccccc1
O=C(CCCC1=CC2=C(C=NO1)OCC2)Nc1ccccc1
O=C(CCCC1=CC2=C(C=NO1)OCC2)Nc1ccccc1
O=C(CCCC1=CC2=C(C=NO1)OCC2)Nc1ccccc1
O=C(CCCC1=CC2=C(C=NO1)OCC2)Nc1ccccc1
O=C(CCCC1=CC2=C(C=NO1)OCC2)Nc1ccccc1
O=C(CCCC1=CC2=C(C=NO1)OCC2)Nc1ccccc1
O=C(CCCC1=CC2=C(C=NO1)OCC2)Nc1ccccc1
O=C(CCCCCC1=CC2=C(C=NO1)OCC2)Nc1ccccc1
O=C(CCCCC1=CC2=C(C=NO1)OCC2)Nc1ccccc1
O=C(CCCCC1=CC2=C(C=NO1)OCC2)Nc1ccccc1
O=C(CCCCC1=CC2=C(C=NO1)OCC2)Nc1ccccc1
O=C(CCCC1=CC2=C(C=NO1)OCC2)Nc1ccccc1
O=C(CCCCC1=CC2=C(C=NO1)OCC2)Nc1ccccc1
O=C(CCCCC1=CC2=C(C=NO1)OCC2)Nc1ccccc1
O=C(CCCC1=CC2=C(C=NO1)OCC2)Nc1ccccc1
O=C(CCCC1=CC2=C(C=NC1)OCC2)Nc1ccccc1
O=C(CCCC1=CC2=C(C=NC1)OCC2)Nc1ccccc1
O=C(CCCC1=CC2=C(C=NC1)OCC2)Nc1ccccc1
O=C(CCCC1=CC2=C(C=CC1)OCC2)Nc1ccccc1
O=C(CCCc1ccc2c(c1)CCO2)Nc1ccccc1
O=C(CCCc1ccc2c(c1)CCO2)Nc1ccccc1
O=C(CCCc1ccc2c(c1)CCO2)Nc1ccccc1
O=C(CCCc1ccc2c(c1)CCO2)Nc1ccccc1
O=C(CCCc1ccc2c(c1)CCO2)Nc1ccccc1
O=C(CCCc1ccc2c(c1)CCO2)Nc1ccccc1
O=C(CCCCc1cccc2c1OCC2)Nc1ccccc1
O=C(CCCCc1cccc2c1OCC2)Nc1ccccc1
O=C(CCCc1cccc2c1OCC2)Nc1ccccc1
O=C(CCCc1cccc2c1OCC2)Nc1ccccc1
O=C(CCCc1cccc2c1OCC2)Nc1ccccc1
O=C(CCCc1cccc2c1OCC2)Nc1ccccc1
O=C(CCCc1cccc2c1OCC2)Nc1ccccc1
O=C(CCCc1cccc2c1OCC2)Nc1ccccc1
O=C(CCCc1cccc2c1OCC2)Nc1ccccc1
O=C(CCCc1cccc2c1OCC2)Nc1ccccc1
O=C(CCCc1cccc2c1OCC2)Nc1ccccc1
O=C(CCCc1cccc2c1OCC2)Nc1ccc2c(c1)C2
O=C(CCCc1cccc2c1OCC2)Nc1ccc2c(c1)CC2
O=C(CCCc1cccc2c1OCC2)Nc1ccc2c(c1)C=C2
O=C(CCCc1cccc2c1OCC2)Nc1ccc2c(c1)C=C2
O=C(CCCc1cccc2c1OCC2)Nc1ccc2c(c1)C=C2
O=C(CCCc1cccc2c1OCC2)Nc1ccc2c(c1)C=C2
O=C(CCCc1cccc2c1OCC2)Nc1ccc2c(c1)C=C2
O=C(CCCc1cccc2c1OCC2)Nc1ccc2c(c1)C=C2
O=C(CCCc1cccc2c1OCC2)Nc1ccc2c(c1)C=C2
O=C(CCCc1cccc2c1OCC2)Nc1ccc2c(c1)C1=C2OCCC1
O=C(CCCc1cccc2c1OCC2)Nc1ccc2c(c1)C1=C2OCC1
O=C(CCCc1cccc2c1OCC2)Nc1ccc2c(c1)C1=C2NCC1
O=C(CCCc1cccc2c1OCC2)Nc1ccc2c(c1)C=C2
O=C(CCCc1cccc2c1OCC2)Nc1ccc2c(c1)C=C2
O=C(CCCc1cccc2c1OCC2)Nc1ccc2c(c1)C=C2
O=C(CCCc1cccc2c1OCC2)Nc1ccc2c(c1)C=C2
O=C(CCCc1cccc2c1OCC2)Nc1ccc2c(c1)C=C2
O=C(CCCc1cccc2c1OCC2)Nc1ccc2c(c1)C=C2
O=C(CCCc1cccc2c1OCC2)Nc1ccc2c(c1)C=NOC2
O=C(CCCc1cccc2c1OCC2)Nc1ccc2c(c1)C=NOC2
O=C(CCCc1cccc2c1OCC2)Nc1ccc2c(c1)C=NOC2
O=C(CCCc1cccc2c1OCC2)Nc1ccc2c(=O)oncc2c1
O=C(CCCc1cccc2c1OCC2)Nc1ccc2c(=O)oncc2c1
O=C(CCCc1cccc2c1OCC2)Nc1ccc2c(=O)oncc2c1
O=C(CCCc1cccc2c1OCC2)Nc1ccc2c(=O)oncc2c1
O=C(NC1CCCCC1)c1ccc(OCc2ccccc2)cn1
c1ccc(COc2ccc(CNC3CCCCC3)nc2)cc1
c1cc(COc2cccnc2)cc(NC2CCCCC2)c1
c1cc(COc2cccnc2)cc(NC2CCCCC2)c1
c1ccc(NC2(c3cccnc3)CCCCC2)cc1
c1ccc(NC2(c3cccnc3)CCCCC2)cc1
c1ccc(NC2(c3cccnc3)CCCCC2)cc1
c1ccc(NC2(c3cccnc3)CCCCC2)cc1
c1ccc(NC2CCCCc3ncccc32)cc1
c1ccc(NCC2CCCCc3ncccc32)cc1
c1ccc(NCC2CCCCc3ccccc32)cc1
c1ccc2c(c1)CCCCC2CNc1ccc2cc1-2
c1ccc2c(c1)CCCCC2CNc1ccc2cc1-2
O=C(CCC1CCCCc2ccccc21)NCCc1c2cccc1-2
O=C(CCC1CCCCc2ccccc21)NCCc1c2cccc1-2
O=C(CCC1CCCCc2ccccc21)NCCc1c2cccc1-2
O=C(CCC1CCCCc2ccccc21)NCCc1c2cccc1-2
O=C(CCC1CCCCc2ccccc21)NCCNc1ccc2cc1-2
O=C(CCC1CCCCc2ccccc21)NCCNc1ccc2cc1-2
O=C(CCC1CCCCc2ccccc21)Nc1c2cccc1-2
O=C(CCC1CCCCc2ccccc21)Nc1c2cccc1-2
O=C(CCC1CCCCc2ccccc21)Nc1c2cccc1-2
O=C(CCC1CCCCc2ccccc21)Nc1c2cccc1-2
O=C(CCC1CCCCc2ccccc21)Nc1ccccc1
O=C(CCC1CCCCc2ccccc21)Nc1ccccc1
O=C(CCC1CCCCCc2ccccc21)Nc1ccccc1
O=C(CCC1CCCCCc2ccccc21)Nc1ccccc1
O=C(CCC1CCCCCc2ccccc21)Nc1ccccc1
O=C(CCC1CCCCCc2ccccc21)Nc1ccccc1
O=C(CCC1CCCCCc2ccccc21)Nc1ccccc1
O=C(CCC1CCCCc2ccccc21)Nc1ccccc1
O=C(CCC1CCCCc2ccccc21)Nc1ccccc1
O=C(CCC1CCCCc2ccccc21)Nc1ccccc1
O=C(CCC1CCCCCc2ccccc21)Nc1ccccc1
O=C(CCC1CCCCCc2ccccc21)Nc1ccccc1
O=C(CCC1CCCCCc2ccccc21)Nc1ccccc1
O=C(CCC1CCCCc2ccccc21)Nc1ccccc1
O=C(CCC1CCCCc2ccccc21)Nc1ccccc1
O=C(CCC1CCCCCc2ccccc21)Nc1ccccc1
O=C(CCC1CCCCCc2ccccc21)Nc1ccccc1
O=C(CCC1CCCCCc2ccccc21)Nc1ccccc1
O=C(CCC1CCCCCc2ccccc21)Nc1ccccc1
O=C(CCC1CCCCCc2ccccc21)Nc1ccccc1
O=C(CCC1CCCCc2ccccc21)Nc1ccccc1
O=C(CCC1CCCCc2ccccc21)Nc1ccccc1
O=C(CCC1CCCCc2ccccc21)Nc1ccccc1
O=C(CCC1CCCCc2ccccc21)Nc1ccccc1
O=C(CCC1CCCCc2ccccc21)Nc1ccccc1
O=C(CCC1CCCCc2ccccc21)Nc1ccccc1
O=C(CCC1CCCCc2ccccc21)Nc1ccc2c(c1)CC2
O=C(CCC1CCCCc2ccccc21)Nc1ccccc1
O=C(CCC1CCCCc2ccccc21)Nc1ccc2c(c1)CCCC2
O=C(CCC1CCCCc2ccccc21)Nc1ccc2c(c1)CC=CC2
O=C(CCC1CCCCc2ccccc21)Nc1ccc2c(c1)CC=CC2
O=C(CCC1CCCCc2ccccc21)Nc1ccc2c(c1)CC=C2
O=C(CCC1CCCCc2ccccc21)Nc1ccc2c(c1)CC=C2
O=C(CCC1CCCCc2ccccc21)Nc1ccc(C2=CCC2)cc1
O=C(CCC1CCCCc2ccccc21)Nc1ccc(C2=CC=C2)cc1
O=C(CCC1CCCCCc2ccccc21)Nc1ccc(C2=CC=C2)cc1
O=C(CCC1CCCCCc2ccccc21)Nc1ccc(C2=CC=C2)cc1
O=C(CCC1CCCCCc2ccccc21)Nc1ccc(C2=CC=C2)cc1
O=C(CCC1CCCCCc2ccccc21)Nc1ccc2ccccc2c1
O=C(CCC1CCCCCc2ccccc21)Nc1ccc2ccccc2c1
O=C(CCC1CCCCCc2ccccc21)Nc1ccc2ccccc2c1
O=C(CCC1CCCCCc2ccccc21)Nc1ccc2ccccc2c1
O=C(CCC1CCCCCc2ccccc21)Nc1ccc2ccccc2c1
O=C(CCC1CCCCCc2ccccc21)Nc1ccc2ccccc2c1
O=C(CCC1CCCCCc2ccccc21)Nc1ccc2ccccc2c1
O=C(CCC1CCCCCc2ccccc21)Nc1ccc2ccccc2c1
O=C(CCC1CCCCCc2ccccc21)Nc1ccc2ccccc2c1
O=C(CCC1CCCCCc2ccccc21)Nc1ccc2ccccc2c1
O=C(CCC1CCCCc2ccccc21)Nc1ccc2ccccc2c1
O=C(CCC1CCCCc2ccccc21)Nc1ccc2c(c1)C=CC2
O=C(CCC1CCCCc2ccccc21)Nc1ccc2c(c1)C=CC2
O=C(CCC1CCCCc2ccccc21)Nc1ccc2c(c1)C=CC2=O
O=C(CCC1CCCCc2ccccc21)Nc1ccc2c(=O)occc2c1
O=C(CCC1CCCCc2ccccc21)Nc1ccc2c(=O)occc2c1
O=C(CCC1CCCCc2ccccc21)Nc1ccc2c(=O)occc2c1
O=C(CCC1CCCCc2ccccc21)Nc1ccc2c(=O)occc2c1
O=C(CCC1CCCc2ccccc21)Nc1ccc2c(=O)occc2c1
O=C(CCC1CCCc2ccccc21)Nc1ccc2c(=O)occc2c1
O=C(CCC1CCCc2ccccc21)Nc1ccc2c(=O)occc2c1
O=C(CCC1CCCCc2ccccc21)Nc1ccc2c(=O)occc2c1
O=C(CCC1CCCCc2ccccc21)Nc1ccc2c(=O)oncc2c1
O=C(CCC1CCCCc2ccccc21)Nc1ccc2c(=O)oncc2c1
O=C(CCC1CCCCc2ccccc21)Nc1ccc2c(=O)oncc2c1
O=C(CCC1CCCCc2ccccc21)Nc1ccc2c(=O)oncc2c1
O=S(=O)(NCCc1ccc2ccccc2c1)c1ccccc1
O=S(=O)(NCCc1ccc2ccccc2c1)c1ccccc1
O=S(=O)(NCCCc1ccc2ccccc2c1)c1ccccc1
O=S(=O)(NC1CCC(c2ccc3ccccc3c2)C1)c1ccccc1
O=S(=O)(NC1CCC(c2ccc3ccccc3c2)C1)c1ccccc1
O=S(=O)(NC1CCC(c2ccc3ccccc3c2)C1)c1ccccc1
O=S(=O)(NC1CCN(c2ccc3ccccc3c2)C1)c1ccccc1
O=S(=O)(NC1CCN(c2ccc3c(c2)CCC=C3)C1)c1ccccc1
O=S(=O)(NC1CCN(c2ccc3c(c2)CCC=C3)C1)c1ccccc1
O=S(=O)(NC1CCN(c2cccc(C3C=CC3)c2)C1)c1ccccc1
O=S(=O)(NC1CCN(c2cccc(C3C=CC3)c2)C1)c1ccccc1
O=S(=O)(NC1CCN(c2cccc(C3=CC3)c2)C1)c1ccccc1
O=S(=O)(NC1CCN(c2cccc3c2C=CCC3)C1)c1ccccc1
O=S(=O)(NC1CCN(c2cccc3c2C=CCC3)C1)c1ccccc1
O=S(=O)(NC1CCN(c2cccc3c2C=NCC3)C1)c1ccccc1
O=S(=O)(NC1CCN(c2cccc3c2C=NCC3)C1)c1ccccc1
O=S(=O)(NC1CCN(c2cccc3c2C=NCC3)C1)c1ccccc1
O=S(=O)(NC1CCN(c2cccc3c2C=NCN3)C1)c1ccccc1
O=S(=O)(NC1CCN(c2cccc3c2C=NCN3)C1)c1ccccc1
O=S(=O)(NC1CCN(c2cccc3c2C=NCN3)C1)c1ccccc1
O=S(=O)(NC1CCN(c2cccc3c2C=NCN3)C1)c1ccccc1
O=S(=O)(NC1CCN(c2cccc3c2C=NCN3)C1)c1ccccc1
O=S(=O)(NC1CCN(c2cccc3c2C=NCN3)C1)c1ccccc1
O=S(=O)(NC1CCN(c2cccc3c2C=NCN3)C1)c1ccccc1
O=S(=O)(NC1CCN(c2cccc3c2C=NNN3)C1)c1ccccc1
O=S(=O)(NC1CCN(c2cccc3c2C=NNN3)C1)c1ccccc1
O=S(=O)(NC1CCN(c2cccc3c2C=NN(N2CC2)N3)C1)c1ccccc1
O=S(=O)(NC1CCN(c2cccc3c2C=NN(N2CC2)C3)C1)c1ccccc1
O=S(=O)(NC1CCN(c2cccc3c2C=NN(N2CC2)C3)C1)c1ccccc1
O=S(=O)(NC1CCN(c2cccc3c2cnn3N2CC2)C1)c1ccccc1
O=S(=O)(NC1CCN(c2cccc3c2cnn3C2CN2)C1)c1ccccc1
O=S(=O)(NC1CCN(c2cccc3c2cnn3C2CNC2)C1)c1ccccc1
O=S(=O)(NC1CCN(c2cccc3c2cnn3C2CNC2)C1)c1ccccc1
O=S(=O)(NC1CCN(c2cccc3c2cnn3C2CCNC2)C1)c1ccccc1
O=S(=O)(NC1CCN(c2cccc3c2cnn3C2=CNCC2)C1)c1ccccc1
O=S(=O)(NC1CCN(c2cccc3c2cnn3C2=CNC2)C1)c1ccccc1
O=S(=O)(NC1CCN(c2cccc3c2cnn3C2=C=CNC2)C1)c1ccccc1
O=S(=O)(NC1CCN(c2cccc3c2cnn3C2=C=CNC2)C1)c1ccccc1
O=S(=O)(NC1CCN(c2cccc3c2cnn3C2=C=CNC2)C1)c1ccccc1
O=S(=O)(NC1CCN(c2cccc3c2cnn3C2=CNC2)C1)c1ccccc1
O=S(=O)(NC1CCN(c2cccc3c2cnn3C2=CNC2)C1)c1ccccc1
O=S(=O)(NC1CCN(c2cccc3c2cnn3C2=CNC2)C1)c1ccccc1
O=S(=O)(NC1CCN(c2cccc3c2cnn3C2=CCC2)C1)c1ccccc1
O=S(=O)(NC1CCN(c2cccc3c2cnn3C2=CCCC2)C1)c1ccccc1
O=S(=O)(NC1CCN(c2cccc3c2cnn3C2=CCC=C2)C1)c1ccccc1
O=S(=O)(NC1CCN(c2cccc3c2cnn3C2=CCC=C2)C1)c1ccccc1
C=C1C=CC(n2ncc3c(N4CCC(NS(=O)(=O)c5ccccc5)C4)cccc32)=C1
C=C1C=CC(n2ncc3c(N4CCC(NS(=O)(=O)c5ccccc5)C4)cccc32)=C1
C=C1C=CC(n2ncc3c(N4CCC(NS(=O)(=O)c5ccccc5)C4)cccc32)=C1
C=C1C=CC(n2ncc3c(N4CCC(NS(=O)(=O)c5ccccc5)C4)cccc32)=C1
O=S(=O)(NC1CCN(c2cccc3c2cnn3C2=CCC=C2)C1)c1ccccc1
O=S(=O)(NC1CCN(c2cccc3c2cnn3C2=CCC=C2)C1)c1ccccc1
O=S(=O)(NC1CCN(c2cccc3c2cnn3C2=CC3NC3=C2)C1)c1ccccc1
O=S(=O)(NC1CCN(c2cccc3c2cnn3C2=C3CN4C(=C2)C34)C1)c1ccccc1
O=S(=O)(NC1CCN(c2cccc3c2cnn3C2=CCN3CC3=C2)C1)c1ccccc1
O=S(=O)(NC1CCN(c2cccc3c2cnn3C2=CCNC=C2)C1)c1ccccc1
O=S(=O)(NC1CCN(c2cccc3c2cnn3C2=CCCC=C2)C1)c1ccccc1
O=S(=O)(NC1CCN(c2cccc3c2cnn3-c2ccccc2)C1)c1ccccc1
O=S(=O)(NC1CCN(c2cccc3c2cnn3-c2ccccc2)C1)c1ccccc1
O=S(=O)(NC1CN(c2cccc3c2cnn3-c2ccccc2)C1)c1ccccc1
O=S(=O)(NC1CN(c2cccc3c2cnn3-c2ccccc2)C1)c1ccccc1
O=S(=O)(NC1CCN(c2cccc3c2cnn3-c2ccccc2)C1)c1ccccc1
O=S(=O)(NC1CCN(c2cccc3c2cnn3-c2ccccc2)C1)c1ccccc1
O=S(=O)(NC1CCN(c2cccc3c2cnn3-c2ccccc2)C1)c1ccccc1
O=S(=O)(NC1CCN(c2cccc3c2cnn3-c2ccccc2)C1)c1ccccc1
O=S(=O)(NC1CCN(c2cccc3c2cnn3-c2ccccc2)C1)c1ccccc1
O=S(=O)(NC1CCN(c2cccc3c2cnn3-c2ccccc2)C1)c1ccccc1
O=S(=O)(NC1CCN(c2cccc3c2cnn3-c2ccccc2)C1)c1ccccc1
O=S(=O)(NCCc1ccc2ccccc2c1)c1ccccc1
O=S(NCCc1ccc2ccccc2c1)c1ccccc1
O=C(NCCc1ccc2ccccc2c1)c1ccccc1
O=C(NCCc1ccc2ccccc2c1)c1ccccc1
O=C(NCCc1ccc2ccccc2c1)c1ccccc1
O=C(NCCC1=CCC=c2ccccc2=C1)c1ccccc1
O=C(NCCC1=CCC=c2ccccc2=C1)c1ccccc1
O=C(NCCC1=CCC=c2ccccc2=C1)c1ccccc1
O=C(NCCC1=CCC=c2ccccc2=C1)c1ccccc1
O=C(NCCC1=CCC=c2ccccc2=C1)c1ccccc1
O=C(NCCC1=CCC=c2ccccc2=C1)c1cccnc1
O=C(NCCC1=CCC=c2ccccc2=C1)c1cccnc1
O=C(NCCC1=CCC=c2ccccc2=C1)c1cccnc1
O=C(Cc1cccnc1)NCCC1=CCC=c2ccccc2=C1
O=C(Cc1cccnc1)NCCC1=CCC=c2ccccc2=C1
O=C(Cc1cccnc1)NCCC1=CCC=c2ccccc2=C1
O=C(Cc1cccnc1)NCCC1=CCC=c2ccccc2=C1
O=C(Cc1cccnc1)NCCC1=CCC=c2ccccc2=C1
O=C(Cc1cccnc1)NCCC1=CCC=c2ccccc2=C1
O=C(Cc1cccnc1)NCCC1=CCC=c2ccccc2=C1
O=C(CCc1cccnc1)NCCC1=CCC=c2ccccc2=C1
O=C(CCc1cccnc1)NCCC1=CCC=c2ccccc2=C1
O=C(CCc1cccnc1)NCCc1ccc2ccccc2c1
O=C(CCc1cccnc1)NCCc1ccc2ccccc2c1
O=C(CCCc1cccnc1)NCCc1ccc2ccccc2c1
c1cncc(CCCCc2ccc3ccccc3c2)c1
c1cncc(CCCc2ccc3ccccc3c2)c1
c1cncc(CCCc2ccc3ccccc3c2)c1
c1cncc(CCCc2ccc3ccccc3c2)c1
c1cncc(CCCc2ccc3ccccc3c2)c1
c1cncc(CCCc2ccc3ccccc3c2)c1
c1cncc(CCCc2ccc3ccccc3c2)c1
c1cncc(CCCc2ccc3ccccc3c2)c1
c1cncc(CCCc2ccc3ccccc3c2)c1
c1cncc(CCCc2ccc3ccccc3c2)c1
c1cncc(CCCc2ccc3ccccc3c2)c1
c1cncc(CCCc2ccc3ccccc3c2)c1
c1cncc(CCCc2ccc3ccccc3c2)c1
C1=Cc2ccc(CCCc3cccnc3)cc2C=CC1
c1cncc(CCCc2ccc3ccccc3c2)c1
C1=CC(c2cccc(CCCc3cccnc3)c2)=C1
C1=CC(COC(CCc2ccccc2)c2cccnc2)=C1
C1=CC(OC(CCc2ccccc2)c2cccnc2)=C1
C1=CC(OC(CCc2ccccc2)c2cccnc2)=C1
C1=CCCC(OC(CCc2ccccc2)c2cccnc2)=C1
C1=CCC(OC(CCc2ccccc2)c2cccnc2)=C1
C1=CCC(OC(CCc2ccccc2)c2cccnc2)=C1
C1=CCC(OC(CCc2ccccc2)c2cccnc2)=C1
C1=CCC(OC(CCc2ccccc2)c2cccnc2)=C1
C1=CC(OC(CCc2ccccc2)c2cccnc2)=C1
C1=NCCC=C1OC(CCc1ccccc1)c1cccnc1
C1=NCCCC=C1OC(CCc1ccccc1)c1cccnc1
C1=CN=CC(OC(CCc2ccccc2)c2cccnc2)=CC1
c1ccc(CCC(Oc2cccnc2)c2cccnc2)cc1
c1ccc(CCC(Oc2cccnc2)c2cccnc2)cc1
c1ccc(CCC(Oc2cccnc2)c2cccnc2)cc1
c1ccc(CCC(Oc2cccnc2)c2cccnc2)cc1
c1ccc(CCC(Oc2cccnc2)c2cccnc2)cc1
C1=CCC=CC(OC(CCc2ccccc2)c2cccnc2)=C1
C1=CCC=CC(OC(CCc2ccccc2)c2cccnc2)=C1
c1ccc(CCC(Oc2ccccc2)c2cccnc2)cc1
c1ccc(CCC(Oc2ccccc2)c2cccnc2)cc1
c1ccc(CCC(Oc2ccccc2)c2cccnc2)cc1
c1ccc(CCC(Oc2ccccc2)c2cccnc2)cc1
c1ccc(CCC(Oc2ccccc2)c2cccnc2)cc1
c1ccc(CCC(Oc2ccccc2)c2cccnc2)cc1
c1ccc(CCC(Oc2ccccc2)c2cccnc2)cc1
c1ccc(CCC(Oc2ccccc2)c2cccnc2)cc1
c1ccc(CCC(Oc2ccc3c(c2)CN3)c2cccnc2)cc1
c1ccc(CCC(Oc2ccc3c(c2)CN3)c2cccnc2)cc1
c1ccc(CCC(Oc2ccc3c(c2)CN3)c2cccnc2)cc1
c1ccc(CCC(Oc2ccc3c(c2)CN3)c2cccnc2)cc1
c1ccc(CCC(Oc2ccc3c(c2)CN3)c2cccnc2)cc1
c1ccc(CCC(Oc2ccc3c(c2)CN3)c2cccnc2)cc1
c1ccc(CCC(Oc2ccc3c(c2)CCN3)c2cccnc2)cc1
c1ccc(CCC(Oc2ccc3[nH]ccc3c2)c2cccnc2)cc1
c1ccc(CCC(Oc2ccc3[nH]ccc3c2)c2cccnc2)cc1
c1ccc(CCC(Oc2ccc3[nH]ccc3c2)c2cccnc2)cc1
c1ccc(CCC(Oc2ccc3[nH]ccc3c2)c2cccnc2)cc1
c1ccc(CCC(Oc2ccc3[nH]ccc3c2)c2cccnc2)cc1
c1ccc(CCC(Oc2ccc3[nH]ccc3c2)c2cccnc2)cc1
c1ccc(CCC(Oc2ccc3[nH]ccc3c2)c2cccnc2)cc1
c1ccc(CCC(Oc2ccc3[nH]ccc3c2)c2cccnc2)cc1
c1ccc(CCC(Oc2ccc3[nH]ccc3c2)c2cccnc2)cc1
c1ccc(CCC(Oc2ccc3[nH]ccc3c2)c2cccnc2)cc1
c1ccc(CCC(Oc2ccc3[nH]ccc3c2)c2cccnc2)cc1
c1ccc(CCC(Oc2ccc3[nH]ccc3c2)c2cccnc2)cc1
c1ccc(CCC(Oc2ccc3[nH]ccc3c2)c2cccnc2)cc1
c1ccc(CCC(Oc2ccc3[nH]ccc3c2)c2cccnc2)cc1
c1ccc(CCC(Oc2ccc3[nH]ncc3c2)c2cccnc2)cc1
c1ccc(CCC(Oc2ccc3[nH]ncc3c2)c2cccnc2)cc1
c1ccc(CCC(Oc2ccc3[nH]ncc3c2)c2cccnc2)cc1
c1ccc(CCC(Oc2ccc3[nH]ncc3c2)c2cccnc2)cc1
c1ccc(CCC(Oc2ccc3[nH]ncc3c2)c2cccnc2)cc1
c1ccc(CCC(Oc2ccc3[nH]ncc3c2)c2cccnc2)cc1
c1ccc(CCC(Oc2ccc3[nH]ncc3c2)c2cccnc2)cc1
c1ccc(CCC(Oc2ccc3[nH]ncc3c2)c2cccnc2)cc1
c1ccc(CCC(Oc2ccc3[nH]ncc3c2)c2cccnc2)cc1
c1ccc(CCC(Oc2ccc3[nH]ncc3c2)c2cccnc2)cc1
c1ccc(CCC(Oc2ccc3c(cnn3CCC3CC3)c2)c2cccnc2)cc1
c1ccc(CCC(Oc2ccc3c(cnn3CCC3CC3)c2)c2cccnc2)cc1
c1ccc(CCC(Oc2ccc3c(cnn3CCC3CC3)c2)c2cccnc2)cc1
c1ccc(CCC(Oc2ccc3c(cnn3CCCC3CC3)c2)c2cccnc2)cc1
c1ccc(CCC(Oc2ccc3[nH]ncc3c2)c2cccnc2)cc1
c1ccc(CCC(Oc2ccc3[nH]ncc3c2)c2cccnc2)cc1
c1ccc(CCC(Oc2ccc3[nH]ncc3c2)c2cccnc2)cc1
c1ccc(CCC(Oc2ccc3c(cnn3C3CCCCCCC3)c2)c2cccnc2)cc1
c1ccc(CCC(Oc2ccc3c(cnn3C3CCCCCCC3)c2)c2cccnc2)cc1
c1ccc(CCC(Oc2ccc3c(cnn3CC3CCCCCCC3)c2)c2cccnc2)cc1
c1ccc(CCC(Oc2ccc3c(cnn3CC3CCCCCCC3)c2)c2cccnc2)cc1
c1ccc(CCC(Oc2ccc3c(cnn3CC3CCCCCC3)c2)c2cccnc2)cc1
c1ccc(CCC(Oc2ccc3c(cnn3CC3CCCCC3)c2)c2cccnc2)cc1
c1ccc(CCC(Oc2ccc3c(cnn3CC3CCCCC3)c2)c2cccnc2)cc1
c1ccc(CCC(Oc2ccc3c(cnn3CC3CCCCC3)c2)c2cccnc2)cc1
c1ccc(CCC(Oc2ccc3c(cnn3CC3CCCC3)c2)c2cccnc2)cc1
c1ccc(CCC(Oc2ccc3c(cnn3CC3CCCCC3)c2)c2cccnc2)cc1
c1ccc(CCC(Oc2ccc3c(cnn3CC3CCCCCC3)c2)c2cccnc2)cc1
c1ccc(CCC(Oc2ccc3c(cnn3C3CCCCCC3)c2)c2cccnc2)cc1
c1ccc(CCC(Oc2ccc3c(cnn3C3CCCCC3)c2)c2cccnc2)cc1
c1ccc(CCC(Oc2ccc3c(cnn3CC3CCCCC3)c2)c2cccnc2)cc1
c1ccc(CCC(Oc2ccc3[nH]ncc3c2)c2cccnc2)cc1
c1ccc(CCC(Oc2ccc3[nH]ncc3c2)c2cccnc2)cc1
c1ccc(CCC(Oc2ccc3[nH]ncc3c2)c2cccnc2)cc1
c1ccc(CCC(Oc2ccc3[nH]ncc3c2)c2cccnc2)cc1
c1ccc(CCC(Oc2ccc3c(cnn3CC3CCCCCC3)c2)c2cccnc2)cc1
c1ccc(CCC(Oc2ccc3[nH]ncc3c2)c2cccnc2)cc1
c1ccc(CCC(Oc2ccc3[nH]ncc3c2)c2cccnc2)cc1
c1ccc(CCC(Oc2ccc3[nH]ncc3c2)c2cccnc2)cc1
c1ccc(CCC(Oc2ccc3[nH]ncc3c2)c2cccnc2)cc1
c1ccc(CCC(Oc2ccc3[nH]ncc3c2)c2cccnc2)cc1
c1ccc(CCC(Oc2ccc3[nH]ncc3c2)c2cccnc2)cc1
c1ccc(CCC(Oc2ccc3c(cnn3CCC3CCCC3)c2)c2cccnc2)cc1
c1ccc(CCC(Oc2ccc3c(cnn3CCC3CCCC3)c2)c2cccnc2)cc1
c1ccc(CCC(Oc2ccc3c(cnn3CCCC3CCCC3)c2)c2cccnc2)cc1
c1ccc(CCC(Oc2ccc3c(cnn3CCCC3CCC3)c2)c2cccnc2)cc1
c1ccc(CCC(Oc2ccc3c(cnn3CNCC3CCC3)c2)c2cccnc2)cc1
c1ccc(CCC(Oc2ccc3c(cnn3CNCC3CCCC3)c2)c2cccnc2)cc1
C=C(NCC1CCCC1)n1ncc2cc(OC(CCc3ccccc3)c3cccnc3)ccc21
c1ccc(CCC(Oc2ccc3[nH]ncc3c2)c2cccnc2)cc1
c1ccc(CCC(Oc2ccc3[nH]ncc3c2)c2cccnc2)cc1
c1ccc(CCC(Oc2ccc3[nH]ncc3c2)c2cccnc2)cc1
c1ccc(CCC(Oc2ccc3[nH]ncc3c2)c2cccnc2)cc1
c1ccc(CCC(Oc2ccc3[nH]ncc3c2)c2cccnc2)cc1
c1ccc(CCC(Oc2ccc3[nH]ncc3c2)c2cccnc2)cc1
c1ccc(CCC(Oc2ccc3[nH]ncc3c2)c2cccnc2)cc1
c1ccc(CCC(Oc2ccc3[nH]ncc3c2)c2cccnc2)cc1
c1ccc(CCC(Oc2ccc3[nH]ncc3c2)c2cccnc2)cc1
c1ccc(CCC(Oc2ccc3[nH]ncc3c2)c2cccnc2)cc1
c1ccc(CCC(Oc2ccc3[nH]ncc3c2)c2cccnc2)cc1
c1ccc(CCC(Oc2ccc3[nH]ncc3c2)c2cccnc2)cc1
c1ccc(CCC(Oc2ccc3[nH]ncc3c2)c2cccnc2)cc1
c1ccc(CCC(Oc2ccc3[nH]ncc3c2)c2cccnc2)cc1
c1ccc(CCC(Oc2ccc3[nH]ncc3c2)c2cccnc2)cc1
c1ccc(CCC(Oc2ccc3[nH]ncc3c2)c2cccnc2)cc1
c1ccc(CCC(Oc2ccc3[nH]ncc3c2)c2cccnc2)cc1
c1ccc(CCC(Oc2ccc3[nH]ncc3c2)c2cccnc2)cc1
c1ccc(CCC(Oc2ccc3[nH]ncc3c2)c2cccnc2)cc1
c1ccc(CCC(Oc2ccc3[nH]ncc3c2)c2cccnc2)cc1
c1ccc(CCC(Oc2ccc3[nH]ncc3c2)c2cccnc2)cc1
c1ccc(CCC(Oc2ccc3[nH]ncc3c2)c2cccnc2)cc1
c1ccc(CCC(Oc2ccc3[nH]ncc3c2)c2cccnc2)cc1
c1ccc(CCC(Oc2ccc3[nH]ncc3c2)c2cccnc2)cc1
c1ccc(CCC(Oc2ccc3[nH]ncc3c2)c2cccnc2)cc1
c1ccc(CCC(Oc2ccc3[nH]ncc3c2)c2cccnc2)cc1
c1ccc(CCC(Oc2ccc3c(cnn3C3CO3)c2)c2cccnc2)cc1
c1ccc(CCC(Oc2ccc3c(cnn3C3CO3)c2)c2cccnc2)cc1
c1ccc(CCC(Oc2ccc3c(cnn3C3CCO3)c2)c2cccnc2)cc1
c1ccc(CCC(Oc2ccc3[nH]ncc3c2)c2cccnc2)cc1
c1ccc(CCC(Oc2ccc3[nH]ncc3c2)c2cccnc2)cc1
c1ccc(CCC(Oc2ccc3[nH]ncc3c2)c2cccnc2)cc1
c1ccc(CCC(Oc2ccc3[nH]ncc3c2)c2cccnc2)cc1
c1ccc(CCC(Oc2ccc3[nH]ncc3c2)c2cccnc2)cc1
c1ccc(CCC(Oc2ccc3[nH]ncc3c2)c2cccnc2)cc1
O=C1CC1Cn1ncc2cc(OC(CCc3ccccc3)c3cccnc3)ccc21
O=C1CC1n1ncc2cc(OC(CCc3ccccc3)c3cccnc3)ccc21
c1ccc(CCC(Oc2ccc3c(cnn3C3CC3)c2)c2cccnc2)cc1
c1ccc(CCC(Oc2ccc3c(cnn3C3CC3)c2)c2cccnc2)cc1
C1=C(n2ncc3cc(OC(CCc4ccccc4)c4cccnc4)ccc32)C1
C1=C(n2ncc3cc(OC(CCc4ccccc4)c4cccnc4)ccc32)C1
C1=C(n2ncc3cc(OC(CCc4ccccc4)c4cccnc4)ccc32)C1
C1=C(n2ncc3cc(OC(CCc4ccccc4)c4cccnc4)ccc32)C1
C1=C(n2ncc3cc(OC(CCc4ccccc4)c4cccnc4)ccc32)CN1
C1=C(n2ncc3cc(OC(CCc4ccccc4)c4cccnc4)ccc32)CN1
C1=C(n2ncc3cc(OC(CCc4ccccc4)c4cccnc4)ccc32)CN1
C1=C(n2ncc3cc(OC(CCc4ccccc4)c4cccnc4)ccc32)CN1
C1=C(n2ncc3cc(OC(CCc4ccccc4)c4cccnc4)ccc32)CC1
C1=C(n2ncc3cc(OC(CCc4ccccc4)c4cccnc4)ccc32)CC1
C1=C(n2ncc3cc(OC(CCc4ccccc4)c4cccnc4)ccc32)CC1
C1=C(n2ncc3cc(OC(CCc4ccccc4)c4cccnc4)ccc32)CCC1
C1=C(n2ncc3cc(OC(CCc4ccccc4)c4cccnc4)ccc32)CCC1
C1=C(n2ncc3cc(OC(CCc4ccccc4)c4cccnc4)ccc32)CCC1
C1=C(n2ncc3cc(OC(CCc4ccccc4)c4cccnc4)ccc32)CCC1
C1=C(n2ncc3cc(OC(CCc4ccccc4)c4cccnc4)ccc32)NCC1
C1=C(n2ncc3cc(OC(CCc4ccccc4)c4cccnc4)ccc32)NCC1
C1=C(n2ncc3cc(OC(CCc4ccccc4)c4cccnc4)ccc32)NCCC1
C1=C(n2ncc3cc(OC(CCc4ccccc4)c4cccnc4)ccc32)NCCC1
C1=CCNC(n2ncc3cc(OC(CCc4ccccc4)c4cccnc4)ccc32)=C1
c1ccc(CCC(Oc2ccc3c(cnn3-c3ccccn3)c2)c2cccnc2)cc1
c1ccc(CCC(Oc2ccc3c(cnn3-c3ccccn3)c2)c2cccnc2)cc1
c1ccc(CCC(Oc2ccc3c(cnn3-c3ccccn3)c2)c2cccnc2)cc1
c1ccc(CCC(Oc2ccc3c(cnn3-c3ccccc3)c2)c2cccnc2)cc1
c1ccc(CCC(Oc2ccc3c(cnn3-c3ccccc3)c2)c2cccnc2)cc1
c1ccc(CCC(Oc2ccc3c(cnn3-c3ccccc3)c2)c2cccnc2)cc1
O=S(=O)(NCCc1ccc2ccccc2c1)c1ccccc1
O=S(=O)(NCCc1ccc2ccccc2c1)c1ccccc1
O=S(=O)(NCCc1ccc2ccccc2c1)c1ccccc1
O=S1(=O)NC(Cc2ccc3ccccc3c2)CCCc2ccccc21
O=S1(=O)NC(Cc2ccc3ccccc3c2)CCCc2ccccc21
O=S1(=O)NC(Cc2ccc3ccccc3c2)CCCc2ccccc21
O=S1(=O)NC(Cc2ccc3ccccc3c2)CCCc2ccccc21
c1ccc2c(c1)CCCC2Cc1ccc2ccccc2c1
c1ccc2c(c1)CCCC2Cc1ccc2ccccc2c1
c1ccc2c(c1)CCCC2Cc1ccc2ccccc2c1
c1ccc2c(c1)CCCC2Cc1ccc2ccccc2c1
c1ccc2c(c1)CCCC2Cc1ccc2ccccc2c1
c1ccc2c(c1)CCCC2CNc1ccc2ccccc2c1
O=S1(=O)CC1C1(CNc2ccc3ccccc3c2)CCCc2ccccc21
O=S1CC1C1(CNc2ccc3ccccc3c2)CCCc2ccccc21
O=S1CC1C1(CCNc2ccc3ccccc3c2)CCCc2ccccc21
O=S1CCC1C1(CCNc2ccc3ccccc3c2)CCCc2ccccc21
c1ccc2c(c1)CCCC2(CCNc1ccc2ccccc2c1)C1CCS1
c1ccc2c(c1)CCCC2(CCNc1ccc2ccccc2c1)C1CCC1
c1ccc2c(c1)CCCC2(CCCNc1ccc2ccccc2c1)C1CCC1
c1ccc2c(c1)CCCC2(CCCNc1ccc2ccccc2c1)C1CCCC1
c1ccc2c(c1)CCCC2(CCCCNc1ccc2ccccc2c1)C1CCCC1
c1ccc2c(c1)CCCC2(CC1CCN1c1ccc2ccccc2c1)C1CCCC1
c1ccc2c(c1)CCCC2(CC1CCN1c1ccc2ccccc2c1)C1CCCC1
c1ccc2c(c1)CCCC2(CC1CCN1c1ccc2ccccc2c1)C1CCCCC1
c1ccc2c(c1)CCCC2(CC1CCN1c1ccc2ccccc2c1)C1CCCCCC1
c1ccc2c(c1)CCCC2(CC1CN1c1ccc2ccccc2c1)C1CCCCCC1
c1ccc2c(c1)CCCC2(CCNc1ccc2ccccc2c1)C1CCCCCC1
c1ccc2c(c1)CCCC2(CCNc1ccc2ccccc2c1)C1CCCCCC1
c1ccc2c(c1)CCCC2(CCNc1ccc2ccccc2c1)C1CCCCC1
c1ccc2c(c1)CCCC2(CCCc1ccc2ccccc2c1)C1CCCCC1
c1ccc2c(c1)CCCC2(CCCc1cc2ccccc2cn1)C1CCCCC1
c1ccc2c(c1)CCCC2(CCCNc1cncc2ccccc12)C1CCCCC1
c1ccc2ncc(NCCCC3(C4CCCCC4)CCCc4ccccc43)c-2cc1
c1ccc2ncc(NCCCC3(C4CCCC4)CCCc4ccccc43)c-2cc1
c1ccc2ncc(NCCCC3(C4CCCC4)CCc4ccccc43)c-2cc1
c1ccc2ncc(NCCCC3(C4CCCCC4)CCc4ccccc43)c-2cc1
c1ccc2ncc(NCCCC3(C4CCCCC4)CCc4ccccc43)c-2cc1
c1ccc2ncc(NCCCC3(C4CCCCC4)CCCc4ccccc43)c-2cc1
c1ccc2ncc(NCCCC3(C4CCCCC4)CCCc4ccccc43)c-2cc1
c1ccc2ncc(NCCCC3(C4CCCCC4)CCCc4ccccc43)c-2cc1
c1ccc2ncc(NCCCC3(C4CCCC4)CCCc4ccccc43)c-2cc1
c1ccc2ncc(NCCC3(C4CCCC4)CCCc4ccccc43)c-2cc1
c1ccc2cn(CCC3(C4CCCC4)CCCc4ccccc43)c-2cc1
c1ccc2cn(CCC3(C4CCCC4)CCCc4ccccc43)c-2cc1
c1ccc2cn(CCC3(C4CCCC4)CCCc4ccccc43)c-2cc1
c1ccc2cn(CCC3(C4CCCC4)CCCc4ccccc43)c-2cc1
c1ccc2cn(CCC3(C4CCC4)CCCc4ccccc43)c-2cc1
c1ccc2cn(CCC3(C4CCC4)CCCc4ccccc43)c-2cc1
c1ccc2cn(CCC3(C4CCC4)CCCc4ccccc43)c-2cc1
c1ccc2cn(CCC3(C4CCC4)CCCc4ccccc43)c-2cc1
c1ccc2cn(CCC3(C4CCC4)CCCc4ccccc43)c-2cc1
c1ccc2cn(CCC3(C4CCC4)CCCc4ccccc43)c-2cc1
c1ccc2cn(CCC3(C4CCC4)CCCc4ccccc43)c-2cc1
c1ccc2cn(CCC3(C4CCC4)CCCc4ccccc43)c-2cc1
c1ccc2cn(CCC3(C4CCC4)CCCc4ccccc43)c-2cc1
c1ccc2cn(CCC3(C4CCC4)CCCc4ccccc43)c-2cc1
c1ccc2cn(CCC3(C4CCC4)CCCc4ccccc43)c-2cc1
c1ccc2cn(CCC3(C4CCC4)CCCc4ccccc43)c-2cc1
c1ccc2cn(CCC3(C4CCC4)CCCc4ccccc43)c-2cc1
c1ccc2cn(CCC3(C4CCC4)CCCc4ccccc43)c-2cc1
c1ccc2cn(CCC3(C4CCCC4)CCCc4ccccc43)c-2cc1
c1ccc2cn(CCCC3(C4CCCC4)CCCc4ccccc43)c-2cc1
c1ccc2cn(CCCC3(C4CCCC4)CCCc4ccccc43)c-2cc1
O=C(Cn1cc2cccccc1-2)NCCCC1(C2CCCC2)CCCc2ccccc21
O=C(Cn1cc2cccccc1-2)NCCCC1(C2CCCC2)CCCc2ccccc21
O=C(Cn1cc2cccccc1-2)NCCCC1(C2CCCC2)CCCc2ccccc21
O=C(Cn1cc2cccccc1-2)NCCCC1(C2CCCCC2)CCCc2ccccc21
O=C(Cn1cc2cccccc1-2)NCCCC1(C2CCCCCC2)CCCc2ccccc21
O=C(Cn1cc2cccccc1-2)NCCCC1(C2CCCCCC2)CCCc2ccccc21
O=C(NCCCC1(C2CCCCCC2)CCCc2ccccc21)c1ccccc2c[nH]c1-2
O=C(NCCCC1(C2CCCCC2)CCCc2ccccc21)c1ccccc2c[nH]c1-2
O=C(NCCCC1(C2CCCC2)CCCc2ccccc21)c1ccccc2c[nH]c1-2
O=C(NCCCC1(C2CCCC2)CCCc2ccccc21)c1ccccc2c[nH]c1-2
O=C(NCCCC1(C2CCCC2)CCCc2ccccc21)c1ccccc2c[nH]c1-2
O=C(NCCCC1(C2CCCC2)CCCc2ccccc21)c1ccccc2c[nH]c1-2
O=C(NCCCC1(C2CCCC2)CCCc2ccccc21)c1ccccc2c[nH]c1-2
O=C(NCCCC1(C2CCCC2)CCCc2ccccc21)c1ccccc2c[nH]c1-2
O=C(NCCCC1(C2CCCCC2)CCCc2ccccc21)c1ccccc2c[nH]c1-2
O=C(NCCCC1(C2CCCCC2)CCCc2ccccc21)c1ccccc2c[nH]c1-2
O=C(NCCCC1(C2CCCCC2)CCCc2ccccc21)c1ccccc2c[nH]c1-2
O=C(NCCCC1(C2CCCCC2)CCCc2ccccc21)c1ccccc2c[nH]c1-2
O=C(NCCCC1(C2CCCCCC2)CCCc2ccccc21)c1ccccc2c[nH]c1-2
O=C(NCCCC1(C2CCCCCC2)CCCc2ccccc21)c1ccccc2c[nH]c1-2
O=C(NCCCC1(C2CCCCCC2)CCCc2ccccc21)c1ccccc2c[nH]c1-2
O=C(NCCCC1(C2CCCCCC2)CCCc2ccccc21)c1ccccc2c[nH]c1-2
O=C(NCCCC1(C2CCCCCC2)CCCc2ccccc21)c1ccccc2c[nH]c1-2
O=C(NCCCC1(C2CCCCC2)CCCc2ccccc21)c1ccccc2c[nH]c1-2
O=C(NCCCC1(C2CCCC2)CCCc2ccccc21)c1ccccc2c[nH]c1-2
O=C(NCCCC1(C2CCCC2)CCCc2ccccc21)c1ccccc2c[nH]c1-2
O=C(NCCCC1(C2CCCC2)CCCc2ccccc21)c1cccc2cc[nH]c12
O=C(NCCCC1(C2CCCC2)CCCc2ccccc21)c1cccc2cc[nH]c12
O=C(NCCCC1(C2CCCC2)CCCc2ccccc21)c1ccccc1
O=C(NCCCC1(C2CCCC2)CCCc2ccccc21)c1ccccc1
O=C(NCCCC1(C2CCCCC2)CCCc2ccccc21)c1ccccc1
O=C(NCCCC1(C2CCCCC2)CCCc2ccccc21)c1ccccc1
O=C(NCCCC1(C2CCCCC2)CCCc2ccccc21)c1ccccc1
O=C(NCCCC1(C2CCCCC2)CCCc2ccccc21)c1ccccc1
O=C(NCCCC1(C2CCCNCC2)CCCc2ccccc21)c1ccccc1
O=C(NCCCC1(C2CCCCNCC2)CCCc2ccccc21)c1ccccc1
O=C(NCCCC1(C2CCCCNCC2)CCCCc2ccccc21)c1ccccc1
O=C(NCCCC1(C2CCCCCCC2)CCCCc2ccccc21)c1ccccc1
O=C(NCCCC1(C2CCCCCCC2)CCCCc2ccccc21)c1ccccc1
O=C(NCCCC1(C2CCCCCCC2)CCCCc2ccccc21)c1ccccc1
O=C(NCCCC1(C2CCCCCCC2)CCCCc2ccccc21)c1cccnc1
O=C(NCCCC1(C2CCCCCCC2)CCCCc2ccccc21)c1cccnc1
O=C(NCCCC1(C2CCCCCC2)CCCCc2ccccc21)c1cccnc1
O=C(NCCCC1(C2CCCCCC2)CCCCc2ccccc21)c1cccnc1
O=C(NCCCC1(C2CCCCCCC2)CCCCc2ccccc21)c1cccnc1
O=C(NCCCC1(C2CCCCCCC2)CCCCc2ccccc21)c1cccnc1
O=C(NCCCC1(C2CCCCCC2)CCCCc2ccccc21)c1cccnc1
O=C(NCCCC1(C2CCCCCC2)CCCCCc2ccccc21)c1cccnc1
O=C(NCCCC1(C2CCCCC2)CCCCCc2ccccc21)c1cccnc1
O=C(NCCCC1(C2CCCC2)CCCCCc2ccccc21)c1cccnc1
O=C(NCCCC1(C2CCCC2)CCCCc2ccccc21)c1cccnc1
O=C(NCCCC1(C2CCCC2)CCCCc2ccccc21)c1cccnc1
O=C(NCCCC1(C2CCCCC2)CCCCc2ccccc21)c1cccnc1
O=C(NCCCC1(C2CCCCC2)CCCCc2ccccc21)c1cccnc1
O=C(NCCCC1(C2CCCCC2)CCCCc2ccccc21)c1cccnc1
O=C(NCCCC1(C2CCCCC2)CCCCc2ccccc21)c1ccccc1
O=C(NCCCC1(C2CCCCC2)CCCCc2ccccc21)c1ccccc1
O=C(NCCCC1(C2CCCCC2)CCCCc2ccccc21)c1ccccc1
O=C(NCCCC1(C2CCCCC2)CCCCc2ccccc21)c1ccccc1
O=C(NCCCC1(C2CCCC2)CCCCc2ccccc21)c1ccccc1
O=C(NCCCC1(C2CCCC2)CCCCc2ccccc21)c1ccccc1
O=C(NCCCC1(C2CCCC2)CCCc2ccccc21)c1ccccc1
O=C(NCCCC1(C2CCCCC2)CCCc2ccccc21)c1ccccc1
O=C(NCCCC1(C2CCCCC2)CCCc2ccccc21)c1ccccc1
O=C(NCCCC1(C2CCCC2)CCCc2ccccc21)c1ccccc1
O=C(NCCCC1(C2CCCC2)CCCc2ccccc21)c1ccccc1
O=C(NCCCC1(C2CCCCC2)CCCc2ccccc21)c1ccccc1
O=C(NCCCC1(C2CCCCC2)CCCc2ccccc21)c1ccccc1
O=C(NCCCC1(C2CCCC2)CCCc2ccccc21)c1ccccc1
O=C(NCCCC1(C2CCCC2)CCCc2ccccc21)c1ccccc1
O=C(NCCCC1(C2CCCC2)CCCc2ccccc21)c1ccccc1
O=C(NCCCC1(C2CCCC2)CCCc2ccccc21)c1ccccc1
O=C(NCCCC1(C2CCCCC2)CCCc2ccccc21)c1ccccc1
O=C(NCCCC1(C2CCCCC2)CCCc2ccccc21)c1ccccc1
O=C(NCCCC1(C2CCCCC2)CCCCc2ccccc21)c1ccccc1
O=C(NCCCC1(C2CCCCC2)CCCCc2ccccc21)c1ccccc1
O=C(NCCCC1(C2CCCC2)CCCCc2ccccc21)c1ccccc1
O=C(NCCCC1(C2CCC2)CCCCc2ccccc21)c1ccccc1
O=C(NCCCC1(C2CCC2)CCCCc2ccccc21)c1ccccc1
O=C(NCCCC1(C2CCC2)CCCCc2ccccc21)c1ccccc1
O=C(NCCCC1(C2CCC2)CCCCc2ccccc21)c1ccccc1
O=C(NCCCC1(C2CCCC2)CCCCc2ccccc21)c1ccccc1
O=C(NCCCC1(C2CCCCC2)CCCCc2ccccc21)c1ccccc1
O=C(NCCCC1(C2CCCCC2)CCCCc2ccccc21)c1ccccc1
O=C(NCCCC1(C2CCCCC2)CCCCc2ccccc21)c1ccccc1
O=C(NCCCC1(C2CCCCC2)CCCCc2ccccc21)c1ccccc1
O=C(NCCCC1(C2CCCCC2)CCCCc2ccccc21)c1ccccc1
O=C(NCCCC1(C2CCCCC2)CCCCc2ccccc21)c1ccccc1
O=C(NCCCC1(C2CCCC2)CCCCc2ccccc21)c1ccccc1
O=C(NCCCC1(C2CCCC2)CCCCc2ccccc21)c1ccccc1C(=O)N1CC1
O=C(NCCCC1(C2CCCC2)CCCCCc2ccccc21)c1ccccc1C(=O)N1CC1
O=C(NCCCC1(C2CCCC2)CCCCCc2ccccc21)c1ccccc1
O=C(NCCCC1(C2CCCC2)CCCCc2ccccc21)c1ccccc1
O=C(NCCCC1(C2CCCC2)CCCCc2ccccc21)c1ccccc1
O=C(NCCCC1(C2CCCC2)CCCCc2ccccc21)c1ccccc1
O=C(NCCCC1(C2CCCC2)CCCCc2ccccc21)c1ccccc1
O=C(NCCCC1(C2CCCC2)CCCc2ccccc21)c1ccccc1
O=C(NCCCC1(C2CCCC2)CCCc2ccccc21)c1ccccc1
O=C(NCCCC1(C2CCCC2)CCCc2ccccc21)c1ccccc1
O=C(NCCCC1(C2CCCCC2)CCCc2ccccc21)c1ccccc1
O=C(NCCCC1(C2CCCCC2)CCCc2ccccc21)c1ccccc1
O=C(NCCCC1(C2CCCCC2)CCCc2ccccc21)c1ccccc1
O=C(NCCCC1(C2CCCC2)CCCc2ccccc21)c1ccccc1
O=C(NCCCC1(C2CCCC2)CCCc2ccccc21)c1ccccc1
O=C(NCCCC1(C2CCCC2)CCCc2ccccc21)c1ccccc1
O=C(NCCCC1(C2CCCC2)CCCc2ccccc21)c1ccccc1
O=C(NCCCC1(C2CCCC2)CCCc2ccccc21)c1ccccc1C(=O)N1CCC1
O=C(NCCCC1(C2CCCC2)CCCc2ccccc21)c1ccccc1C(=O)N1CCC1
O=C(NCCCC1(C2CCCC2)CCCc2ccccc21)c1ccccc1CN1CCC1
O=C(NCCCC1(C2CCCC2)CCCc2ccccc21)c1ccccc1CN1CCC1
O=C(NCCCC1(C2CCCC2)CCCc2ccccc21)c1ccccc1N1CCC1
O=C(NCCCC1(C2CCCCC2)CCCc2ccccc21)c1ccccc1N1CCC1
O=C(NCCCC1(C2CCCCCC2)CCCc2ccccc21)c1ccccc1N1CCC1
O=C(NCCCC1(C2CCCCCC2)CCCc2ccccc21)c1ccccc1N1CC1
O=C(NCCCC1(C2CCCCCC2)CCCc2ccccc21)c1ccccc1
O=C(NCCCC1(C2CCCCCC2)CCCc2ccccc21)c1ccccc1
O=C(NCCCC1(C2CCCCCC2)CCCc2ccccc21)c1ccccc1
O=C(NCCCC1(C2CCCCCC2)CCCc2ccccc21)c1ccccc1
O=C(NCCCC1(C2CCCCCC2)CCCc2ccccc21)c1ccccc1
O=C(NCCCC1(C2CCCCC2)CCCc2ccccc21)c1ccccc1
O=C(NCCCC1(C2CCCCC2)CCCc2ccccc21)c1ccccc1
O=C(NCCCC1(C2CCCC2)CCCc2ccccc21)c1ccccc1
O=C(NCCCC1(C2CCCC2)CCCc2ccccc21)c1ccccc1
O=C(NCCCC1(C2CCCC2)CCCc2ccccc21)c1ccccc1
O=C(NCCCC1(C2CCCC2)CCCc2ccccc21)c1ccccc1
O=C(NCCCC1(C2CCCC2)CCCc2ccccc21)c1ccccc1
O=C(NCCCC1(C2CCCC2)CCCc2ccccc21)c1ccccc1
O=C(NCCCC1(C2CCCC2)CCCc2ccccc21)c1ccccc1N1CCC1
O=C(NCCCC1(C2CCCC2)CCCc2ccccc21)c1ccccc1N1CCC1
O=C(NCCCC1(C2CCCC2)CCCCc2ccccc21)c1ccccc1N1CCC1
O=C(NCCCC1(C2CCCC2)CCCCc2ccccc21)c1ccccc1N1CC1
O=C(NCCCC1(C2CCCC2)CCCCCc2ccccc21)c1ccccc1N1CC1
O=C(NCCCC1(C2CCCC2)CCCCCc2ccccc21)C1CN1c1ccccc1
O=C(NCCCC1(C2CCCC2)CCCCCc2ccccc21)C1CN1c1ccccc1
O=C(NCCCC1(C2CCCC2)CCCCCc2ccccc21)C1=CN1c1ccccc1
O=C(NCCCC1(C2CCCC2)CCCCCc2ccccc21)C1=CN1c1ccccc1
O=C(NCCCC1(C2CCCC2)CCCCc2ccccc21)C1=CN1c1ccccc1
O=C(NCCCC1(C2CCC2)CCCCc2ccccc21)C1=CN1c1ccccc1
O=C(NCCCC1(C2CCC2)CCCc2ccccc21)C1=CN1c1ccccc1
O=C(NCCCC1(C2CCC2)CCCc2ccccc21)C1=CN1c1ccccc1
O=C(NCCCC1(C2CCC2)CCCc2ccccc21)C1=CN(c2ccccc2)C1
O=C(NCCCC1(C2CCC2)CCCCc2ccccc21)C1=CN(c2ccccc2)C1
O=C(NCCCC1(C2CCC2)CCCCc2ccccc21)C1=CN(c2ccccc2)CC1
O=C(NCCCC1(C2CC2)CCCCc2ccccc21)C1=CN(c2ccccc2)CC1
O=C(NCCCC1(C2CC2)CCCCc2ccccc21)c1ccn(-c2ccccc2)c1
O=C(NCCCC1(C2CC2)CCCCc2ccccc21)c1ccn(-c2ccccc2)c1
O=C(NCCCC1(C2CC2)CCCCc2ccccc21)c1ccn(-c2ccccc2)c1
O=C(NCCCC1(C2CC2)CCCCc2ccccc21)c1ccn(-c2ccccc2)c1
O=C(NCCCC1(C2CCC2)CCCCc2ccccc21)c1ccn(-c2ccccc2)c1
O=C(NCCCC1(C2CCC2)CCCc2ccccc21)c1ccn(-c2ccccc2)c1
O=C(NCCCC1(C2CCC2)CCCc2ccccc21)c1ccn(-c2ccccc2)c1
O=C(NCCCC1(C2CCCC2)CCCc2ccccc21)c1ccn(-c2ccccc2)c1
O=C(NCCCC1(C2CCCC2)CCCc2ccccc21)c1cnn(-c2ccccc2)c1
O=C(NCCCC1(C2CCCC2)CCCc2ccccc21)c1cnn(-c2ccccc2)c1
O=S(=O)(NCCc1ccc2ccccc2c1)c1ccccc1
O=S(=O)(NCCc1ccc2ccccc2c1)c1ccccc1
O=S(=O)(NCCc1ccc2c(c1)C=CCC2)c1ccccc1
O=S(=O)(NCCc1ccc2c(c1)C=CCC2)c1ccccc1
O=S(=O)(NCCc1ccc2c(c1)CCC2)c1ccccc1
O=S(NCCc1ccc2c(c1)CCC2)c1ccccc1
O=C(NCCc1ccc2c(c1)CCC2)c1ccccc1
O=C(NCCc1ccc2c(c1)CCC2)c1ccccc1
O=C(NCCc1ccc2c(c1)CCC2)c1ccccc1
O=C(NCCc1ccc2c(c1)CCC2)c1cccnc1
O=C(NCCc1ccc2c(c1)CCC2)c1cccnc1
O=C(NCCc1ccc2c(c1)CCC2)c1cccnc1
O=C(NCOCc1ccc2c(c1)CCC2)c1cccnc1
O=C(NCCCC1CCc2ccccc21)c1cccnc1
O=C(NCCCC1CCc2ccccc21)Nc1cccnc1
O=C(NCCCC1CCc2ccccc21)Nc1cccnc1
O=C(NCCCC1CCc2ccccc21)Nc1cccnc1
O=C(Nc1cccnc1)N1CC1CC1CCc2ccccc21
O=C(Nc1cccnc1)N1CC1CC1CCc2ccccc21
O=C(Nc1cccnc1)N1CC1CCC1CCc2ccccc21
O=C(Nc1cccnc1)N1CC1CCC1CCc2ccccc21
O=C(Nc1cccnc1)N1CC1CCC1CCc2cc(COC3CC3)ccc21
O=C(Nc1cccnc1)N1CC1CCC1CCc2cc(COC3CC3)ccc21
O=C(Nc1cccnc1)N1CC1OCCC1CCc2cc(COC3CC3)ccc21
O=C(Nc1cccnc1)N1CC1CCCCC1CCc2cc(COC3CC3)ccc21
O=C(Nc1cccnc1)N1CC1CCCCC1CCc2cc(COC3CC3)ccc21
O=C(Nc1cccnc1)N1CC1CCCCC1CCc2cc(COC3CC3)ccc21
O=C(Nc1cccnc1)N1CC1CCCCC1CCc2cc(COC3CC3)ccc21
O=C(Nc1cccnc1)N1CC1CCCC1CCc2cc(COC3CC3)ccc21
O=C(Nc1cccnc1)N1CC1CCCC1CCc2cc(COC3CC3)ccc21
O=C(Nc1cccnc1)N1CC1CCCC1CCc2cc(COC3CCC3)ccc21
O=C(CN1CC1CCCC1CCc2cc(COC3CCC3)ccc21)Nc1cccnc1
O=C(CN1CC1CCC1CCc2cc(COC3CCC3)ccc21)Nc1cccnc1
O=C(Nc1cccnc1)C1CC2C(CCC3CCc4cc(COC5CCC5)ccc43)N12
O=C(Nc1cccnc1)C1CC2C(CCC3CCc4cc(COC5CCC5)ccc43)N12
O=C(Nc1cccnc1)C1CC2C(CC3CCc4cc(COC5CCC5)ccc43)N12
O=C(Nc1cccnc1)C1CC2C(CC3CCc4cc(COC5CCC5)ccc43)N12
O=C(Nc1cccnc1)C1CC2C(CC3CCc4cc(COC5CCC5)ccc43)N12
O=C(Nc1cccnc1)C1CC2CC(CC3CCc4cc(COC5CCC5)ccc43)N21
O=C(Nc1cccnc1)C1CCN1CCC1CCc2cc(COC3CCC3)ccc21
O=C(Nc1cccnc1)C1CCN1CCC1CCc2cc(COC3CCCC3)ccc21
O=C(Nc1cccnc1)C1CCN1CC1CCc2cc(COC3CCCC3)ccc21
O=C(Nc1cccnc1)C1CCN1CC1CCCc2cc(COC3CCCC3)ccc21
O=C(Nc1cccnc1)C1CCN1C1C2CCc3cc(COC4CCCC4)ccc3C21
O=C(Nc1cccnc1)C1CCN1C1C2CCc3cc(COC4CCCC4)ccc3C21
O=C(Nc1cccnc1)C1CCN1C1C2CCc3cc(COC4CCCCC4)ccc3C21
O=C(Nc1cccnc1)C1CCN1C1C2CCc3cc(COC4CC5CCC54)ccc3C21
O=C(Nc1cccnc1)C1CCN1C1C2CCc3cc(COC4CC5CC54)ccc3C21
O=C(Nc1cccnc1)C1CCN1C1C2CCc3cc(COC4CC5CC54)ccc3C21
O=C(Nc1cccnc1)C1CCN1C1C2CCc3cc(COC4CC5CC54)ccc3C21
O=C(Nc1cccnc1)C1CN1C1C2CCc3cc(COC4CC5CC54)ccc3C21
O=C(Nc1cccnc1)C1CN1C1C2CCc3cc(COC4CC5CC54)ccc3C21
O=C(Nc1cccnc1)C1CN1C1C2CCc3cc(COC4CC5CC54)ccc3C21
O=C(Nc1cccnc1)C1=CN1C1C2CCc3cc(COC4CC5CC54)ccc3C21
O=C(Nc1cccnc1)C1=CN1C1C2CCc3cc(COC4CC5CCC54)ccc3C21
O=C(Nc1cccnc1)C1=CN1C1C2CCc3cc(COC4CCC4)ccc3C21
O=C(Nc1cccnc1)C1=CN1C1C2CCc3cc(COC4CCC4)ccc3C21
O=C(Nc1cccnc1)C1=CN1C1C2CCc3cc(COC4CCC4)ccc3C21
O=C(Nc1cccnc1)C1=CN1C1C2CCc3cc(COC4CCC4)ccc3C21
O=C(Nc1cccnc1)C1=CCN1C1C2CCc3cc(COC4CCC4)ccc3C21
O=C(Nc1cccnc1)C1=CCN1C1C2CCc3cc(COC4CCC4)ccc3C21
O=C(Nc1cccnc1)C1=CN1C1C2CCc3cc(COC4CCC4)ccc3C21
O=C(Nc1cccnc1)C1=CN1C1C2CCc3cc(COC4CCC4)ccc3C21
O=C(Nc1cccnc1)C1=CN1C1C2CCc3cc(COC4CCC4)ccc3C21
O=C(Nc1cccnc1)C1=CN1C1C2CCCc3cc(COC4CCC4)ccc3C21
O=C(Nc1cccnc1)C1=CN1C1C2CCCc3cc(COC4CCC4)ccc3C21
O=C(Nc1cccnc1)C1=CN1C1C2CCCc3cc(COC4CC5COC54)ccc3C21
O=C(Nc1cccnc1)C1=CN1C1C2CCc3cc(COC4CC5COC54)ccc3C21
O=C(Nc1cccnc1)C1=CN1C1C2CCc3cc(COC4CC5COC54)ccc3C21
O=C(Nc1cccnc1)C1=CN1C1C2CCc3cc(COC4CCC4)ccc3C21
O=C(Nc1cccnc1)C1=CN1C1C2CCc3cc(COC4CCC4)ccc3C21
O=C(Nc1cccnc1)C1=CN(C2C3CCc4cc(COC5CCC5)ccc4C32)C1
O=C(Nc1cccnc1)C1=CN(C2C3CCc4cc(COC5CC6CC65)ccc4C32)C1
O=C(Nc1cccnc1)C1=CN(C2C3CCc4cc(COC5C6CC65)ccc4C32)C1
O=C(Nc1cccnc1)C1=CN(C2C3CCc4cc(COC5C6CC65)ccc4C32)C1
O=C(Nc1cccnc1)C1=CCN(C2C3CCc4cc(COC5C6CC65)ccc4C32)C1
O=C(Nc1cccnc1)C1=CCN(C2C3CCc4cc(COC5C6CC65)ccc4C32)C1
O=C(Nc1cccnc1)C1=CCN(C2C3CCc4cc(COC5CC5)ccc4C32)C1
O=C(Nc1cccnc1)C1=CCN(C2C3CCc4cc(COC5CC5)ccc4C32)C1
O=C(Nc1cccnc1)C1=CCN1C1C2CCc3cc(COC4CC4)ccc3C21
O=C(Nc1cccnc1)C1=CCN1C1C2CCc3cc(COC4C5CCC54)ccc3C21
O=C(Nc1cccnc1)C1=CCN1CC1C2CCc3cc(COC4C5CCC54)ccc3C21
O=C(Nc1cccnc1)C1=CCN1CC1C2CCc3cc(COC4C5CCC54)ccc3C21
O=C(Nc1cccnc1)C1=CCN1CC1C2CCc3cc(COC4C5CCC54)ccc3C21
O=C(Nc1cccnc1)C1=CCN1CC1C2CCc3cc(COC4C5CCC54)ccc3C21
O=C(Nc1cccnc1)C1=CN1CC1C2CCc3cc(COC4C5CCC54)ccc3C21
O=C(Nc1cccnc1)C1=CN1CC1C2CCc3cc(COC4C5CC54)ccc3C21
O=C(Nc1cccnc1)C1=CN1CC1C2CCc3cc(COC4CC4)ccc3C21
O=C(Nc1cccnc1)C1=CN1CC1C2CCc3cc(COC4CC4)ccc3C21
O=C(Nc1cccnc1)C1=CN(CC2C3CCc4cc(COC5CC5)ccc4C32)C1
O=C(Nc1cccnc1)C1=CC(CC2C3CCc4cc(COC5CC5)ccc4C32)C1
O=C(Nc1cccnc1)C1=CC(CC2C3CCc4cc(COC5CC5)ccc4C32)C1
O=C(Nc1cccnc1)C1=CC(CC2C3CCc4cc(COC5CC5)ccc4C32)C1
O=C(Nc1cccnc1)C1=CC(C2C3CCc4cc(COC5CC5)ccc4C32)C1
O=C(Nc1cccnc1)C1=CC(C2C3CCc4cc(COC5CCC5)ccc4C32)C1
O=C(Nc1cccnc1)C1=CC(C2C3CCc4cc(COC5CCC5)ccc4C32)C1
O=C(Nc1cccnc1)C1=CC(C2C3CCc4cc(COC5CCC5)ccc4C32)C1
O=C(Nc1cccnc1)C1=CC(C2C3CCc4cc(COC5CCC5)ccc4C32)C1
O=C(Nc1cccnc1)C1=CC(C2C3CCc4cc(COC5CCC5)ccc4C32)C1
O=C(Nc1cccnc1)C1=CC(C2C3CCc4cc(COC5CCC5)ccc4C32)=C1
O=C(Nc1cccnc1)C1=CC(C2C3CCc4cc(COC5CCC5)ccc4C32)=C1
O=C(Nc1cccnc1)C1=CC(C2C3CCc4cc(COC5CCC5)ccc4C32)=C1
O=C(Nc1cccnc1)C1=CC(C2C3CCc4cc(COC5CCC5)ccc4C32)=C1
O=C(Nc1cccnc1)C1=CC(C2C3CCc4cc(COC5CCC5)ccc4C32)=C1
O=C(Nc1cccnc1)C1=CC(C2C3CCc4cc(COC5CCC5)ccc4C32)=C1
O=C(Nc1cccnc1)C1=CC(C2C3CCc4cc(COC5CC5)ccc4C32)=C1
O=C(Nc1cccnc1)C1=CC(C2C3CCc4cc(COC5CC5)ccc4C32)=C1
O=C(Nc1cccnc1)C1=CC(C2C3CCc4cc(COC5CC5)ccc4C32)=C1
O=C(Nc1cccnc1)C1=CC(C2C3CCc4cc(COC5CCC5)ccc4C32)=C1
O=C(Nc1cccnc1)C1=CC(C2C3CCc4cc(COC5CCC5)ccc4C32)=C1
O=C(Nc1cccnc1)C1=CC(C2C3CCc4cc(COC5CCCC5)ccc4C32)=C1
O=C(Nc1cccnc1)C1=CC(C2C3CCc4cc(COC5CCC5)ccc4C32)=C1
O=C(Nc1cccnc1)C1=CC(C2C3CCc4cc(COC5CCCC5)ccc4C32)=C1
O=C(Nc1cccnc1)C1=CC(C2C3CCc4cc(COC5CCCC5)ccc4C32)=C1
O=C(Nc1cccnc1)C1=CC(C2C3CCc4cc(COC5CCC5)ccc4C32)=C1
O=C(Nc1cccnc1)C1=CC(C2C3CCc4cc(COC5CC5)ccc4C32)=C1
O=C(Nc1cccnc1)C1=CCC(C2C3CCc4cc(COC5CC5)ccc4C32)=C1
O=C(Nc1cccnc1)C1=CCCC(C2C3CCc4cc(COC5CC5)ccc4C32)=C1
O=C(Nc1cccnc1)c1cccc(C2C3CCc4cc(COC5CC5)ccc4C32)c1
O=C(Nc1cccnc1)c1cccc(C2C3CCc4cc(COC5CC5)ccc4C32)c1
O=C(Nc1cccnc1)c1ccc(C2C3CCc4cc(COC5CC5)ccc4C32)cc1
O=C(Nc1cccnc1)c1ccc(C2C3CCc4cc(COC5CC5)ccc4C32)cc1
O=C(Nc1cccnc1)c1ccc(CC2C3CCc4cc(COC5CC5)ccc4C32)cc1
O=C(Nc1cccnc1)c1ccc(COC2C3CCc4cc(COC5CC5)ccc4C32)cc1
O=C(Nc1cccnc1)c1ccc(COC2CC3CCc4cc(COC5CC5)ccc4C32)cc1
O=C(Nc1cccnc1)c1ccc(COC2CC3CCc4cc(COC5CC5)ccc4C32)cc1
O=C(Nc1cccnc1)c1ccc(COC2CCC3CCc4cc(COC5CC5)ccc4C32)cc1
O=C(Nc1cccnc1)c1ccc(COC2CCC3CCc4cc(COC5CC5)ccc4C32)cc1
O=C(Nc1cccnc1)c1ccc(COC2CCC3CCc4cc(COC5CCC5)ccc4C32)cc1
O=C(Nc1cccnc1)c1ccc(COC2CCCC3CCc4cc(COC5CCC5)ccc4C32)cc1
O=C(Nc1cccnc1)c1ccc(COC2CCCC3CCc4cc(COC5CCC5)ccc4C32)cc1
O=C(Nc1cccnc1)c1ccc(COC2CCCC3CCc4cc(COC5CCC5)ccc4C32)cc1
O=C(Nc1cccnc1)c1ccc(COC2CCCC3CCc4cc(COC5CCC5)ccc4C32)cc1
O=C(Nc1cccnc1)c1ccc(COC2CCCC3CCc4cc(COC5CCCC5)ccc4C32)cc1
O=C(Nc1cccnc1)c1ccc(COC2CCCC3CCc4cc(COC5CCCC5)ccc4C32)cc1
O=C(Nc1cccnc1)c1ccc(COC2CCCC3CCc4cc(COC5CCCC5)ccc4C32)cc1
O=C(Nc1cccnc1)c1ccc(COC2CC3CCC3C3CCc4cc(COC5CCCC5)ccc4C23)cc1
O=C(Nc1cccnc1)c1ccc(COC2CC3CCC3C3CCc4cc(COC5CCCC5)ccc4C23)cc1
O=C(Nc1cccnc1)c1ccc(COC2CC3CCC3C3CCc4cc(COC5CCCC5)ccc4C23)cc1
O=C(Nc1cccnc1)c1ccc(COC2CC3CCC3C3CCc4cc(COC5CCC5)ccc4C23)cc1
O=C(Nc1cccnc1)c1ccc(COC2CC3CCC3C3CCc4ccccc4C23)cc1
O=C(Nc1cccnc1)c1ccc(COC2CC3CCCC3C3CCc4ccccc4C23)cc1
O=C(Nc1cccnc1)c1ccc(COC2CC3CCCC3C3CCc4ccccc4C23)cc1
O=C(Nc1cccnc1)c1ccc(COC2CC3CCCC3C3CCc4ccccc4C23)cc1
O=C(Nc1cccnc1)c1ccc(COC2CC3CCCC3C3CCc4ccccc4C23)cc1
O=C(Nc1cccnc1)c1ccc(COC2CC3CCCC3C3CCc4ccccc4C23)cc1
O=C(Nc1cccnc1)c1ccc(COC2CC3CCCC3C3CCc4ccccc4C23)cc1
O=C(Nc1cccnc1)c1ccc(COC2CC3CCCC3C3CCc4ccccc4C23)cc1
O=C(Nc1cccnc1)c1ccc(COC2CC3CCCC3C3CCc4ccccc4C23)cc1
O=C(Nc1cccnc1)c1ccc(COC2CC3CCCC3C3CCc4ccccc4C23)cc1
O=C(Nc1cccnc1)c1ccc(COC2CC3CCCC3C3CCc4ccccc4C23)cc1
O=C(Nc1cccnc1)c1ccc(COC2CC3CCCC3C3CCc4ccccc4C23)cc1
O=C(Nc1cccnc1)c1ccc(COC2CC3CCCC3C3CCc4ccccc4C23)cc1
O=C(Nc1cccnc1)c1ccc(COC2CC3CCCC3C3CCc4ccccc4C23)cc1
O=C(Nc1cccnc1)c1ccc(COC2CC3CCCC3C3CCc4ccccc4C23)cc1
O=C(Nc1cccnc1)c1ccc(COC2CC3CCCC3C3CCc4ccccc4C23)cc1
O=C(Nc1cccnc1)c1ccc(COC2CC3CCCC3C3CCc4ccccc4C23)cc1
O=C(Nc1cccnc1)c1ccc(COC2CC3CCCC3C3CCc4ccccc4C23)cc1
O=C(Nc1cccnc1)c1ccc(COC2CC3CCCC3C3CCc4ccccc4C23)cc1
O=C(Nc1cccnc1)c1ccc(COC2CC3CCCC3C3CCc4ccccc4C23)cc1
O=C(Nc1cccnc1)c1ccc(COC2CC3CCCC3C3CCc4ccccc4C23)cc1
O=C(Nc1cccnc1)c1ccc(COC2CC3C(C4CCC4)CCC3C3CCc4ccccc4C23)cc1
O=C(Nc1cccnc1)c1ccc(COC2CC3C(C4CCCC4)CCC3C3CCc4ccccc4C23)cc1
O=C(Nc1cccnc1)c1ccc(COC2CC3C(C4CCCC4)CCC3C3CCc4ccccc4C23)cc1
O=C(Nc1cccnc1)c1ccc(COC2CC3C(C4CCCC4)CCC3C3CCc4ccccc4C23)cc1
O=C(Nc1cccnc1)c1ccc(COC2CC3C(C4CCCC4)CCC3C3CCc4ccccc4C23)cc1
O=C(Nc1cccnc1)c1ccc(COC2CC3C(C4CCCC4)CCC3C3CCc4ccccc4C23)cc1
O=C(Nc1cccnc1)c1ccc(COC2CC3C(C4CCCC4)CCC3C3CCc4ccccc4C23)cc1
O=C(Nc1cccnc1)c1ccc(COC2CC3C(C4CCC4)CCC3C3CCc4ccccc4C23)cc1
O=C(Nc1cccnc1)c1ccc(COC2CC3C(C4CC4)CCC3C3CCc4ccccc4C23)cc1
O=C(Nc1cccnc1)c1ccc(COC2CC3C(C4CC4)CCC3C3CCc4ccccc4C23)cc1
O=C(Nc1cccnc1)c1ccc(COC2CC3C(C4CC4)CCC3C3CCc4ccccc4C23)cc1
O=C(Nc1cccnc1)c1ccc(COC2CC3C(C4CC4)CCC3C3CCc4ccccc4C23)cc1
O=C(Nc1cccnc1)c1ccc(COC2CC3C(C4CC4)CCC3C3CCc4ccccc4C23)cc1
O=C(Nc1cccnc1)c1ccc(COC2CC3C(C4CN4)CCC3C3CCc4ccccc4C23)cc1
O=C(Nc1cccnc1)c1ccc(COC2CC3C(C4=CN4)CCC3C3CCc4ccccc4C23)cc1
O=C(Nc1cccnc1)c1ccc(COC2CC3C(C4=CN4)CCC3C3CCc4ccccc4C23)cc1
O=C(Nc1cccnc1)c1ccc(COC2CC3C(C4=CNC4)CCC3C3CCc4ccccc4C23)cc1
O=C(Nc1cccnc1)c1ccc(COC2CC3CCCC3C3CCc4ccccc4C23)cc1
O=C(Nc1cccnc1)c1ccc(COC2CC3CCCC3C3CCc4ccccc4C23)cc1
O=C(Nc1cccnc1)c1ccc(COC2CC3CCCC3C3CCc4ccccc4C23)cc1
O=C(Nc1cccnc1)c1ccc(COC2CC3CCCC3C3CCc4ccccc4C23)cc1
O=C(Nc1cccnc1)c1ccc(COC2CC3CCCC3C3CCc4ccccc4C23)cc1
O=C(Nc1cccnc1)c1ccc(COC2CC3CCCC3C3CCc4ccccc4C23)cc1
O=C(Nc1cccnc1)c1ccc(COC2CC3CCCC3C3CCc4ccccc4C23)cc1
O=C(Nc1cccnc1)c1ccc(COC2CC3CCCC3C3CCc4ccccc4C23)cc1
O=C(Nc1cccnc1)c1ccc(COC2CC3CCCC3C3CCc4ccccc4C23)cc1
O=C(Nc1cccnc1)c1ccc(COC2CC3CCCC3C3CCc4ccccc4C23)cc1
O=C(Nc1cccnc1)c1ccc(COC2CC3CCCC3C3CCc4ccccc4C23)cc1
O=C(Nc1cccnc1)c1ccc(COC2CC3CCCC3C3CCc4ccccc4C23)cc1
O=C(Nc1cccnc1)c1ccc(COC2CC3CCCC3C3CCc4ccccc4C23)cc1
O=C(Nc1cccnc1)c1ccc(COC2CC3CCCC3C3CCc4ccccc4C23)cc1
O=C(Nc1cccnc1)c1ccc(COC2CC3CCCC3C3CCCc4ccccc4C23)cc1
O=C(Nc1cccnc1)c1ccc(COC2CC3CCCC3C3CCCc4ccccc4C23)cc1
O=C(Nc1cccnc1)c1ccc(COC2CC3CCCC3C3CCCc4ccccc4C23)cc1
O=C(Nc1cccnc1)c1ccc(COC2CC3CCCC3C3CCCc4ccccc4C23)cc1
O=C(Nc1cccnc1)c1ccc(COC2CC3CCCC3C3CCCc4ccccc4C23)cc1
O=C(Nc1cccnc1)c1ccc(COC2CC3CCCC3C3CCCc4ccccc4C23)cc1
O=C(Nc1cccnc1)c1ccc(COC2CC3CCCC3C3CCCc4ccccc4C23)cc1
O=C(Nc1cccnc1)c1ccc(COC2CC3CCCC3C3CCCCc4ccccc4C23)cc1
O=C(Nc1cccnc1)c1ccc(COC2CC3CCCC3C3CCCCc4ccccc4C23)cc1
O=C(Nc1cccnc1)c1ccc(COC2CC3CCCC3C3CCCc4ccccc4C23)cc1
O=C(Nc1cccnc1)c1ccc(COC2CC3CCCC3C3CCCc4ccccc4C23)cc1
O=C(Nc1cccnc1)c1ccc(COC2CC3CCCC3C3CCCCc4ccccc4C23)cc1
O=C(Nc1cccnc1)c1ccc(COC2CC3CCCC3C3CCCCc4ccccc4C23)cc1
O=C(Nc1cccnc1)c1ccc(COC2CC3CCCC3C3CCCCc4ccccc4C23)cc1
O=C(Nc1cccnc1)c1ccc(COC2CC3CCCC3C3CCCc4ccccc4C23)cc1
O=C(Nc1cccnc1)c1ccc(COC2CC3CCCC3C3CCCc4ccccc4C23)cc1
O=C(Nc1cccnc1)c1ccc(COC2CC3CCCC3C3CCCCc4ccccc4C23)cc1
O=C(Nc1cccnc1)c1ccc(COC2CC3CCCC3C3CCCCc4ccccc4C23)cc1
O=C(Nc1cccnc1)c1ccc(COC2CC3CCCC3C3CCCCc4ccccc4C23)cc1
O=C(Nc1cccnc1)c1ccc(COC2CC3CCCC3C3CCCc4ccccc4C23)cc1
O=C(Nc1cccnc1)c1ccc(COC2CC3CCCCC3C3CCCc4ccccc4C23)cc1
O=C(Nc1cccnc1)c1ccc(COC2CC3CCCCC3C3CCCc4ccccc4C23)cc1
O=C(Nc1cccnc1)c1ccc(COC2CC3CCCC3C3CCCc4ccccc4C23)cc1
O=C(Cc1ccc(COC2CC3CCCC3C3CCCc4ccccc4C23)cc1)Nc1cccnc1
O=C(Cc1ccc(COC2CC3CCCC3C3CCCc4ccccc4C23)cc1)Nc1cccnc1
O=C(Cc1ccc(COC2CC3CCCC3C3OCCc4ccccc4C23)cc1)Nc1cccnc1
O=C(CCc1ccc(COC2CC3CCCC3C3OCCc4ccccc4C23)cc1)Nc1cccnc1
O=C(CCc1ccc(COC2CC3CCCC3C3CCCc4ccccc4C23)cc1)Nc1cccnc1
O=C(CCc1ccc(COC2CC3CCCC3C3CCc4ccccc4C23)cc1)Nc1cccnc1
O=C(CCc1ccc(COC2CC3CCCC3C3CCc4ccccc4C23)cc1)Nc1cccnc1
O=C(CCc1ccc(COC2CC3CCCC3C3CCc4ccccc4C23)cc1)Nc1cccnc1
O=C(Nc1cccnc1)c1ccc2c(c1)CCC1C3CCCC3CC(OCc3ccccc3)C21
O=C(Nc1cccnc1)c1ccc2c(c1)CCC1C3CCCC3CC(OCc3ccccc3)C21
O=C(Nc1cccnc1)c1ccc2c(c1)CCC1C3CCCC3CC(OCc3ccccc3)C21
O=C(Nc1cccnc1)c1ccc2c(c1)CCC1C3CCCC3CC(OCc3ccccc3)C21
O=C(Nc1cccnc1)c1ccc2c(c1)CC1C3CCCC3CC(OCc3ccccc3)C21
O=C(Nc1cccnc1)c1ccc2c(c1)CC1C3CCCC3CC(OCc3ccc(CC4CC4)cc3)C21
O=C(Nc1cccnc1)c1ccc2c(c1)CCC1C3CCCC3CC(OCc3ccc(CC4CC4)cc3)C21
O=C(Nc1cccnc1)c1ccc2c(c1)CCC1C3CCCC3CC(OCc3ccccc3)C21
O=C(Nc1cccnc1)c1ccc2c(c1)CCC1C3CCCC3CC(OCc3ccccc3)C21
O=C(Nc1cccnc1)c1ccc2c(c1)CCC1C3CCCC3CC(OCc3ccccc3)C21
O=C(Nc1cccnc1)c1ccc2c(c1)CCC1C3CCCC3CC(OCc3ccccc3)C21
O=C(Nc1cccnc1)c1ccc2c(c1)CCC1C3CCCC3CC(OCc3ccccc3)C21
O=S(=O)(NCCc1ccc2ccccc2c1)c1ccccc1
O=S(=O)(NCCc1ccc2ccccc2c1)c1ccccc1
O=S(=O)(NCCc1ccc2ccccc2c1)c1ccccc1
O=S(=O)(NCCc1ccc2ccccc2c1)c1ccccc1
O=S(=O)(NCCc1ccc2ccccc2c1)c1ccccc1
O=S(=O)(NCCc1ccc2ccccc2c1)c1ccccc1
O=S(=O)(NCCc1ccc2ccccc2c1)c1ccccc1
O=S(=O)(NCCc1ccc2ccccc2c1)Oc1ccccc1
O=S(=O)(NCCc1ccc2cc3c(cc2c1)CO3)Oc1ccccc1
O=S(=O)(NCCc1ccc2cc3c(cc2c1)CO3)Oc1ccccc1
O=S(=O)(NCCOc1ccc2cc3c(cc2c1)CO3)Oc1ccccc1
O=S(=O)(NCCOc1ccc2cc3c(cc2c1)CCO3)Oc1ccccc1
O=S(=O)(NCCOc1ccc2cc3c(cc2c1)CCO3)Oc1ccccc1
O=S(=O)(NCCCOc1ccc2cc3c(cc2c1)CCO3)Oc1ccccc1
O=S(=O)(NCCCOc1ccc2cc3c(cc2c1)OCCO3)Oc1ccccc1
O=S(NCCCOc1ccc2cc3c(cc2c1)OCCO3)Oc1ccccc1
c1ccc(OSNCCCOc2ccc3cc4c(cc3c2)OCCO4)cc1
c1ccc(OSNCCOc2ccc3cc4c(cc3c2)OCCO4)cc1
c1ccc(CSNCCOc2ccc3cc4c(cc3c2)OCCO4)cc1
c1ccc(CSNCCOc2ccc3cc4c(cc3c2)OCCO4)cc1
c1ccc(CSNCCOc2ccc3cc4c(cc3c2)OCCO4)cc1
c1ccc(CSNCCOc2ccc3cc4c(cc3c2)OCCO4)cc1
c1ccc(CCNCCOc2ccc3cc4c(cc3c2)OCCO4)cc1
c1ccc(CCNCCOc2ccc3cc4c(cc3c2)OCCO4)cc1
c1ccc(CCNCCOc2ccc3cc4c(cc3c2)OCCO4)cc1
c1ccc(CCNCCOc2ccc3cc4c(cc3c2)OCCO4)cc1
c1ccc(CCNCCCOc2ccc3cc4c(cc3c2)OCCO4)cc1
c1ccc(CCNCCCOc2ccc3cc4c(cc3c2)OCCO4)cc1
O=C(CCOc1ccc2cc3c(cc2c1)OCCO3)NCCc1ccccc1
O=C(CCOc1ccc2cc3c(cc2c1)OCCO3)NCCc1ccccc1
O=C(CCOc1ccc2cc3c(cc2c1)OCCO3)NCCc1ccccc1
O=C(CCOc1ccc2cc3c(cc2c1)OCCO3)NCCc1ccccc1
O=C(CCOc1ccc2cc3c(cc2c1)OCCO3)NCCc1ccccc1
O=C(CCOc1ccc2cc3c(cc2c1)OCCO3)NCCc1ccccc1
O=C(CCOc1ccc2cc3c(cc2c1)OCCO3)NCCc1ccccc1
O=C(CCOc1ccc2cc3c(cc2c1)OCCO3)NCCc1ccccc1
O=C(CCOc1ccc2cc3c(cc2c1)OCCO3)NCCc1ccccc1
O=C(CCOc1ccc2cc3c(cc2c1)OCCO3)NCCc1ccccc1
O=C(CCOc1ccc2cc3c(cc2c1)OCCO3)NCCc1ccccc1
c1ccc(COc2ccc3cc4c(cc3c2)OCCO4)cc1
c1ccc(COc2ccc3cc4c(cc3c2)OCCO4)cc1
c1ccc(COc2ccc3cc4c(cc3c2)OCCO4)cc1
c1ccc(COc2ccc3cc4c(cc3c2)OCCO4)cc1
c1ccc(COc2ccc3cc4c(cc3c2)OCCO4)cc1
c1ccc(COc2ccc3cc4c(cc3c2)OCCO4)cc1
c1ccc(COc2ccc3cc4c(cc3c2)OCCO4)cc1
c1ccc(COc2ccc3cc4c(cc3c2)OCCO4)cc1
c1ccc(COc2ccc3cc4c(cc3c2)OCCO4)cc1
c1ccc(COc2ccc3cc4c(cc3c2)OCCO4)cc1
c1ccc(COc2ccc3cc4c(cc3c2)OCCO4)cc1
c1ccc(COc2ccc3cc4c(cc3c2)OCCO4)cc1
c1ccc(COc2ccc3cc4c(cc3c2)OCCO4)cc1
C1=C2OCCOC2=Cc2cc(OCc3ccccc3)ccc2O1
C1=C2CCCOC2=COc2ccc(OCc3ccccc3)cc21
C1=C2CCCOC2Oc2ccc(OCc3ccccc3)cc21
C1=C2CCOC2Oc2ccc(OCc3ccccc3)cc21
C1=Cc2cc(OCc3ccccc3)ccc2OC1
C1=Cc2cc(OCc3ccccc3)ccc2OC1
C1=Cc2cc(OCc3ccccc3)ccc2OC1
C1=Cc2cc(OCc3ccccc3)ccc2OCC1
C1=Cc2cc(OCc3ccccc3)ccc2OCC1
C1=Cc2cc(OCc3ccccc3)ccc2OCCC1
C1=NCCCOc2ccc(OCc3ccccc3)cc21
C1=NCCOc2ccc(OCc3ccccc3)cc21
C1=NCCOc2ccc(OCc3ccccc3)cc21
C1=NCCCOc2ccc(OCc3ccccc3)cc21
C1=NCCCOc2ccc(OCc3ccccc3)cc21
C1=NCCCOc2ccc(OCc3ccccc3)cc21
C1=NCCCOc2ccc(OCc3ccccc3)cc21
C1=NCCCOc2ccc(OCc3ccccc3)cc21
C1=NNCCOc2ccc(OCc3ccccc3)cc21
C1=NNCCNc2ccc(OCc3ccccc3)cc21
C1=NNCCNc2ccc(OCc3ccccc3)cc21
c1ccc(COc2ccc3[nH]ncc3c2)cc1
c1ccc(COc2ccc3[nH]ncc3c2)cc1
c1ccc(COc2ccc3[nH]ncc3c2)cc1
C1=NCC(n2ncc3cc(OCc4ccccc4)ccc32)C1
c1ccc(COc2ccc3c(cnn3C3CC4=NC43)c2)cc1
c1ccc(COc2ccc3c(cnn3C3CC4=NC43)c2)cc1
C1=NC1Cn1ncc2cc(OCc3ccccc3)ccc21
c1ccc(COc2ccc3c(cnn3C3=NC3)c2)cc1
c1ccc(COc2ccc3c(cnn3C3=NCC3)c2)cc1
C1=C(n2ncc3cc(OCc4ccccc4)ccc32)CC1
C1=CC(n2ncc3cc(OCc4ccccc4)ccc32)=C1
C1=CC(n2ncc3cc(OCc4ccccc4)ccc32)=CC1
C1=CC(n2ncc3cc(OCc4ccccc4)ccc32)=CCC1
C1=CCC(n2ncc3cc(OCc4ccccc4)ccc32)=CCC1
C1=CCC(n2ncc3cc(OCc4ccccc4)ccc32)=CCC1
C1=CCC(n2ncc3cc(OCc4ccccc4)ccc32)=CC1
C1=CCC(n2ncc3cc(OCc4ccccc4)ccc32)=CC1
C1=CC(n2ncc3cc(OCc4ccccc4)ccc32)=CC1
C1=CC(n2ncc3cc(OCc4ccccc4)ccc32)=CCC1
c1ccc(COc2ccc3c(cnn3-c3ccccc3)c2)cc1
c1ccc(COc2ccc3c(cnn3-c3ccccc3)c2)cc1
c1ccc(COc2ccc3c(cnn3-c3ccccc3)c2)cc1
c1ccc(COc2ccc3c(cnn3-c3ccccc3)c2)cc1
c1ccc(COc2ccc3c(cnn3-c3ccccc3)c2)cc1
c1ccc(COc2ccc3c(cnn3-c3ccccc3)c2)cc1
c1ccc(-n2ncc3cc(OCc4ccc5c(c4)CC5)ccc32)cc1
c1ccc(-n2ncc3cc(OCc4ccc5c(c4)CC5)ccc32)cc1
c1ccc(-n2ncc3cc(OCc4ccc5c(c4)COC5)ccc32)cc1
c1ccc(-n2ncc3cc(OCc4ccc5c(c4)CCOC5)ccc32)cc1
c1ccc(-n2ncc3cc(OCc4ccc5c(c4)CCO5)ccc32)cc1
c1ccc(-n2ncc3cc(OCc4ccc5c(c4)OCCO5)ccc32)cc1
O=S(=O)(NCCc1ccc2ccccc2c1)c1ccccc1
c1ccc(Cc2ccc3ccccc3c2)cc1
c1ccc(Cc2ccc3ccccc3c2)cc1
c1ccc(-c2ccc3ccccc3c2)cc1
c1ccc(-c2ccc3ccccc3c2)cc1
c1ccc(-c2ccc3ccccc3c2)cc1
c1ccc(-c2ccc3ccccc3c2)cc1
c1ccc(-c2ccc3ccccc3c2)cc1
c1ccc(-c2ccc3ccccc3c2)cc1
c1ccc(-c2ccc3cnccc3c2)cc1
c1ccc(-c2ccc3cnccc3c2)cc1
c1ccc(-c2ccc3cnccc3c2)cc1
c1ccc(-c2ccc3cnccc3c2)cc1
c1ccc(-c2ccc3cnccc3c2)cc1
c1ccc(-c2ccc3cnccc3c2)cc1
c1ccc(-c2ccc3cnccc3c2)cc1
c1ccc(-c2ccc3cnccc3c2)cc1
c1ccc(-c2ccc3cnccc3c2)cc1
c1ccc(-c2ccc3cnccc3c2)cc1
c1ccc(-c2ccc3cnccc3c2)cc1
c1ccc(-c2ccc3cnccc3c2)cc1
c1ccc(-c2ccc3cnccc3c2)cc1
c1ccc(-c2ccc3cnccc3c2)cc1
c1ccc(-c2ccc3cnccc3c2)cc1
c1ccc(-c2ccc3cnncc3c2)cc1
c1ccc(-c2ccc3cnncc3c2)cc1
c1ccc(-c2ccc3cnncc3c2)cc1
c1ccc(-c2ccc3ccncc3c2)cc1
c1ccc(-c2ccc3ccncc3c2)cc1
C1=Cc2ccc(-c3ccccc3)cc2C=NN1
C1=Cc2ccc(-c3ccccc3)cc2C=NN1
C1=NNCc2ccc(-c3ccccc3)cc21
c1ccc(-c2ccc3[nH]ncc3c2)cc1
c1ccc(-c2ccc3[nH]ncc3c2)cc1
C1=CC=1n1ncc2cc(-c3ccccc3)ccc21
C1=C(n2ncc3cc(-c4ccccc4)ccc32)C1
C=C1C=C1n1ncc2cc(-c3ccccc3)ccc21
C=C1CC=C1n1ncc2cc(-c3ccccc3)ccc21
C=C1CC=C1n1ncc2cc(-c3ccccc3)ccc21
C1=CC(n2ncc3cc(-c4ccccc4)ccc32)=CC1
C1=CC(n2ncc3cc(-c4ccccc4)ccc32)=CC1
C1=CC(n2ncc3cc(-c4ccccc4)ccc32)=CC1
C=C1C=CC(n2ncc3cc(-c4ccccc4)ccc32)=C1
C=C1C=CC(n2ncc3cc(-c4ccccc4)ccc32)=C1
C=C1C=CC(n2ncc3cc(-c4ccccc4)ccc32)=C1
C=C1C=CC(n2ncc3cc(-c4ccccc4)ccc32)=C1
c1ccc(-c2ccc3c(cnn3-c3cc4cc-4c3)c2)cc1
c1ccc(-c2ccc3c(cnn3-c3cc4cc-4c3)c2)cc1
c1ccc(-c2ccc3c(cnn3-c3ccccc3)c2)cc1
O=S(=O)(NCCc1ccc2ccccc2c1)c1ccccc1
O=S(=O)(NCCc1ccc2ccccc2c1)c1ccccc1
O=S(=O)(NCCc1ccc2ccccc2c1)c1ccccc1
O=S(=O)(NCOc1ccc2ccccc2c1)c1ccccc1
O=S(NCOc1ccc2ccccc2c1)c1ccccc1
O=C(NCOc1ccc2ccccc2c1)c1ccccc1
O=C(NCOc1ccc2ccccc2c1)c1ccccc1
O=C(NCOc1ccc2ccncc2c1)c1ccccc1
O=C(NCOc1ccc2ccncc2c1)c1ccccc1
O=C(NCOc1ccc2ccncc2c1)c1ccccc1
O=C(NCOc1ccc2cnncc2c1)c1ccccc1
O=C(Cc1ccccc1)NCOc1ccc2cnncc2c1
O=C(Cc1ccccc1)NCOc1ccc2cnncc2c1
O=C(Cc1ccccc1)NCOc1ccc2c(c1)C=NN=CN2
O=C(Cc1ccccc1)NCOc1ccc2c(c1)C=NN=CN2
O=C(Cc1ccccc1)NCCOc1ccc2c(c1)C=NN=CN2
O=C(Cc1ccccc1)NCCOc1ccc2c(c1)C=NC=CN2
O=C(Cc1ccccc1)NCCCOc1ccc2c(c1)C=NC=CN2
O=C(Cc1ccccc1)NCCCOc1ccc2c(c1)C=NC=CN2
O=C(Cc1ccccc1)NCCCOc1ccc2c(c1)C=NCN2
O=C(Cc1ccccc1)NCCCOc1ccc2c(c1)C=NCN2
O=C(Cc1ccccc1)NCCCOc1ccc2c(c1)C=NCN2
O=C(Cc1ccccc1)NCCCOc1ccc2c(c1)C=NCN2
O=C(Cc1ccccc1)NCCCOc1ccc2c(c1)C=NCN2
O=C(Cc1ccccc1)NCCCOc1ccc2c(c1)C=NNN2
O=C(Cc1ccccc1)NCCCOc1ccc2[nH]ncc2c1
O=C(Cc1ccccc1)NCCCOc1ccc2[nH]ncc2c1
O=C(Cc1ccccc1)NCCCOc1ccc2[nH]ncc2c1
O=C(Cc1ccccc1)NCCCOc1ccc2[nH]ncc2c1
O=C(Cc1ccccc1)NCCCOc1ccc2[nH]ncc2c1
O=C(Cc1ccccc1)NCCCOc1ccc2[nH]ncc2c1
O=C(Cc1ccccc1)NCCCOc1ccc2[nH]ncc2c1
O=C(Cc1ccccc1)NCCCOc1ccc2[nH]ncc2c1
O=C(Cc1ccccc1)NCCCOc1ccc2[nH]ncc2c1
O=C(Cc1ccccc1)NCCCOc1ccc2[nH]ncc2c1
O=C(Cc1ccccc1)NCCCOc1ccc2[nH]ncc2c1
O=C(Cc1ccccc1)NCCCOc1ccc2[nH]ncc2c1
O=C(Cc1ccccc1)NCCCOc1ccc2[nH]ncc2c1
O=C(Cc1ccccc1)NCCCOc1ccc2[nH]ncc2c1
O=C(Cc1ccccc1)NCCCOc1ccc2[nH]ncc2c1
O=C(Cc1ccccc1)NCCCOc1ccc2[nH]ncc2c1
O=C(Cc1ccccc1)NCCCOc1ccc2[nH]ncc2c1
O=C(Cc1ccccc1)NCCCOc1ccc2[nH]ncc2c1
O=C(Cc1ccccc1)NCCCOc1ccc2[nH]ncc2c1
O=C(Cc1ccccc1)NCCCOc1ccc2[nH]ncc2c1
O=C(Cc1ccccc1)NCCCOc1ccc2[nH]ncc2c1
O=C(Cc1ccccc1)NCCCOc1ccc2[nH]ncc2c1
O=C(Cc1ccccc1)NCCCOc1ccc2[nH]ncc2c1
O=C(Cc1ccccc1)NCCCOc1ccc2[nH]ncc2c1
O=C(Cc1ccccc1)NCCCOc1ccc2[nH]ncc2c1
O=C(Cc1ccccc1)NCCCOc1ccc2[nH]ncc2c1
O=C(Cc1ccccc1)NCCCOc1ccc2[nH]ncc2c1
O=C(Cc1ccccc1)NCCCOc1ccc2[nH]ncc2c1
O=C(Cc1ccccc1)NCCCOc1ccc2[nH]ncc2c1
O=C(Cc1ccccc1)NCCCOc1ccc2[nH]ncc2c1
O=C(Cc1ccccc1)NCCCOc1ccc2[nH]ncc2c1
O=C(Cc1ccccc1)NCCCOc1ccc2[nH]ncc2c1
O=C(Cc1ccccc1)NCCCOc1ccc2c(cnn2C2=CCCS2)c1
O=C(Cc1ccccc1)NCCCOc1ccc2c(cnn2C2=CCCS2)c1
O=C(Cc1ccccc1)NCCCOc1ccc2c(cnn2-c2cccs2)c1
O=C(Cc1ccccc1)NCCCOc1ccc2c(cnn2-c2cccs2)c1
O=C(Cc1ccccc1)NCCCOc1ccc2c(cnn2-c2cccs2)c1
O=C(Cc1ccccc1)NCCCOc1ccc2c(cnn2-c2cccs2)c1
O=C(Cc1ccccc1)NCCCOc1ccc2c(cnn2-c2cccs2)c1
O=C(Cc1ccccc1)NCCCOc1ccc2c(cnn2-c2cccs2)c1
O=C(Cc1ccccc1)NCCOc1ccc2c(cnn2-c2cccs2)c1
O=C(Cc1ccccc1)NCCOc1ccc2c(cnn2-c2ccns2)c1
O=C(Cc1ccccc1)NCCOc1ccc2c(cnn2-c2ccns2)c1
O=C(Cc1ccccc1)NCCOc1ccc2c(cnn2-c2ccns2)c1
O=C(Cc1ccccc1)NCCOc1ccc2c(cnn2-c2ccns2)c1
O=C(Cc1ccccc1)NCCOc1ccc2c(cnn2-c2ccns2)c1
O=C(Cc1ccccc1)NNCCOc1ccc2c(cnn2-c2ccns2)c1
O=C(Cc1ccccc1)NNCCOc1ccc2c(cnn2-c2ccns2)c1
O=C(Cc1ccccc1)NCCCOc1ccc2c(cnn2-c2ccns2)c1
O=C(Cc1ccccc1)NCOc1ccc2c(cnn2-c2ccns2)c1
O=C(Cc1ccccc1)NCOc1ccc2c(cnn2-c2ccns2)c1
O=C(Cc1ccccc1)NCCOc1ccc2c(cnn2-c2ccns2)c1
c1ccc(COc2ccc3c(cnn3-c3ccns3)c2)cc1
c1ccc(COc2ccc3c(cnn3-c3ccns3)c2)cc1
c1ccc(COc2ccc3c(cnn3-c3ccns3)c2)cc1
c1ccc(COc2ccc3c(cnn3-c3ccns3)c2)cc1
c1ccc(COc2ccc3c(cnn3-c3ccns3)c2)cc1
c1ccc(COc2ccc3c(cnn3-c3ccns3)c2)cc1
c1ccc(COc2ccc3c(cnn3-c3ccns3)c2)cc1
c1ccc(COc2ccc3c(cnn3-c3ccns3)c2)cc1
O=S(=O)(NCCc1ccc2ccccc2c1)c1ccccc1
O=S(=O)(NCCc1ccc2ccccc2c1)c1ccccc1
O=S(=O)(NCCc1ccc2ccccc2c1)c1ccccc1
O=S(=O)(NCCc1ccc2ccccc2c1)c1ccccc1
O=S(NCCc1ccc2ccccc2c1)c1ccccc1
O=S(NCc1ccc2ccccc2c1)c1ccccc1
O=C(NCc1ccc2ccccc2c1)c1ccccc1
O=C(NCc1ccc2ccccc2c1)c1ccccc1
O=C(NCc1ccc2ccccc2c1)c1ccccc1
O=C(NCc1ccc2ccccc2c1)c1ccccc1
O=C(NCc1ccc2ccccc2c1)c1ccccc1
O=C(NCC1=CC2C=CC=CC2=C1)c1ccccc1
O=C(NCC1=CC2C=CC=CC2=C1)c1ccccc1
O=C(NCCC1=CC2C=CC=CC2=C1)c1ccccc1
O=C(NCCC1=CC2C=CC=CC2=C1)c1ccccc1
O=C(NCCC1=CC2CC=CC=CC2=C1)c1ccccc1
O=C(NCCC1=CC2CC=CC=CC2=C1)c1ccccc1
O=C(NCCc1cc2n(c1)CC=CC=C2)c1ccccc1
O=C(NCCc1cc2n(c1)CC=CC=C2)c1ccccc1
O=C(NCCc1cc2ccccn2c1)c1ccccc1
O=C(NCCc1cc2ccccn2c1)c1ccccc1
O=C(NCCCc1cc2ccccn2c1)c1ccccc1
O=C(NCCCc1cc2cccnn2c1)c1ccccc1
O=C(NCCCc1cc2cccnn2c1)c1ccccc1
C=C(CCNC(=O)c1ccccc1)c1cc2cccnn2c1
C=C(CCNC(=O)c1ccccc1)c1cc2cccnn2c1
C=C(CCNC(=O)c1ccccc1)c1cc2cccnn2c1
C=C(CCNC(=O)c1ccccc1)c1cc2cccnn2c1
C=C(CCNC(=O)c1ccccc1)c1cc2cccnn2c1
C=C(CCNC(=O)c1ccccc1)c1cc2cccnn2c1
C=C(CCNC(=O)c1ccccc1)c1cc2cccnn2c1
C=C(CCNC(=O)c1ccccc1)c1cc2cccnn2c1
C=C(CCNC(=O)c1ccccc1)c1cc2cccnn2c1
C=C(CCNC(=O)c1ccccc1)c1cc2cccnn2c1
O=C(CCNC(=O)c1ccccc1)c1cc2cccnn2c1
O=C(CCCNC(=O)c1ccccc1)c1cc2cccnn2c1
O=C(CCCNC(=O)c1ccccc1)c1cc2cccnn2c1
O=C(CCCNC(=O)c1ccccc1)c1cc2cccnn2c1
O=C(NCCCNC(=O)c1cc2cccnn2c1)c1ccccc1
O=C(NCCCNC(=O)c1cc2cccnn2c1)c1ccccc1
O=C(NCCCNC(=O)c1cc2cccnn2c1)c1ccccc1
O=C(NCCCNC(=O)c1cc2cccnn2c1)c1ccccc1
O=C(NCCCNCc1ccccc1)c1cc2cccnn2c1
O=C(NCCCNCc1ccccc1)c1cc2cccnn2c1
O=C(NCCCNCc1ccccc1)c1cc2cccnn2c1
O=C(NCCCCCc1ccccc1)c1cc2cccnn2c1
O=C(NCCCCCc1ccccc1)c1cc2cccnn2c1
O=C(NCCCCc1ccccc1)c1cc2cccnn2c1
O=C(NCCCCc1ccccc1)c1cc2cccnn2c1
O=C(NCCCCc1ccccc1)c1cc2cccnn2c1
O=C(NCCCCc1ccccc1)c1cc2cccnn2c1
O=C(NCCCCc1ccccc1)c1cc2cccnn2c1
O=C(NCCCCc1ccccc1)c1cc2cccnn2c1
O=C(NCCCCc1ccccc1)c1cc2cccnn2c1
O=C(NCCCCc1ccccc1)c1cc2cccnn2c1
O=C(NCCCCc1ccccc1)c1cc2cccnn2c1
O=C(NCCCCc1ccccc1)c1cc2cccnn2c1
O=C(NCCCCc1ccccc1)c1cc2cccnn2c1
O=C(NCCCCc1ccccc1)c1cc2cccnn2c1
O=C(NCCCCc1ccccc1)c1cc2c3c(cnn2c1)OC3
O=C(NCCCCc1ccccc1)c1cc2c3c(cnn2c1)CC3
O=C(NCCCCc1ccccc1)c1cc2c3c(cnn2c1)CC3
O=C(NCCCCc1ccccc1)c1cc2c3c(cnn2c1)CC3
O=C(NCCCCc1ccccc1)c1cc2c3c(cnn2c1)CC3
O=C(NCCCCc1ccccc1)c1cc2c3c(cnn2c1)C3
O=C(NCCCCc1ccccc1)c1cc2c3c(cnn2c1)C3
O=C(NCCCCc1ccccc1)c1cc2c3c(cnn2c1)C3
O=C(NCCCCc1ccccc1)c1cc2c3c(cnn2c1)C3
O=C(NCCCCc1ccccc1)c1cc2c3c(cnn2c1)CC3
O=C(NCCCCc1ccccc1)c1cc2c3c(cnn2c1)CCN3
O=C(NCCCCc1ccccc1)c1cc2c3c(cnn2c1)CCCN3
O=C(NCCCCc1ccccc1)c1cc2c3c(cnn2c1)C1CCN31
O=C(NCCCCc1ccccc1)c1cc2c3c(cnn2c1)C1CCN31
O=C(NCCCCc1ccccc1)c1cc2c3c(cnn2c1)CN3
O=C(NCCCCc1ccccc1)c1cc2c3c(cnn2c1)CN3
O=C(NCCCCc1ccccc1)c1cc2c3c(cnn2c1)CN3
O=C(NCCCCc1ccccc1)c1cc2c3c(cnn2c1)CN3
O=C(NCCCCc1ccccc1)c1cc2cccnn2c1
O=C(NCCCCc1ccccc1)c1cc2cccnn2c1
O=C(NCCCCc1ccccc1)c1cc2cccnn2c1
O=C(NCCCCc1ccccc1)c1cc2cc(CCCN3CC3)cnn2c1
O=C(NCCCCc1ccccc1)c1cc2cc(COCCN3CC3)cnn2c1
O=C(NCCCCc1ccccc1)c1cc2cc(COCCN3CC3)cnn2c1
O=C(NCCCCc1ccccc1)c1cc2cccnn2c1
O=C(NCCCCc1ccccc1)c1cc2cccnn2c1
O=C(NCCCCc1ccccc1)c1cc2cccnn2c1
O=C(NCCCCc1ccccc1)c1cc2cccnn2c1
O=C(NCCCCc1ccccc1)c1ccc2ccnn2c1
O=C(NCCCCc1ccccc1)c1ccc2ccnn2c1
O=C(NCCCCc1ccccc1)c1ccc2ccnn2c1
O=C(NCCCCc1ccccc1)c1ccc2ccnn2c1
O=C(NCCCCc1ccccc1)c1ccc2ccnn2c1
O=C(NCCCCc1ccccc1)c1ccc2ccnn2c1
O=C(NCCCCc1ccccc1)c1ccc2ccnn2c1
O=C(NCCCCc1ccccc1)c1ccc2ccnn2c1
O=C(NCCCCc1ccccc1)c1ccc2ccnn2c1
O=C(NCCCCc1ccccc1)c1ccc2ccnn2c1
O=C(NCCCCc1ccccc1)c1ccc2ccnn2c1
O=C(NCCCCc1ccccc1)c1ccc2ccnn2c1
O=C(NCCCCc1ccccc1)c1ccc2ccnn2c1
O=C(NCCCCc1ccccc1)c1ccc2ccnn2c1
O=C(NCCCCc1ccccc1)c1ccc2ccnn2c1
O=C(NCCCCc1ccccc1)c1ccc2ccnn2c1
O=C(NCCCCc1ccccc1)c1ccc2ccnn2c1
O=C(NCCCCc1ccccc1)c1ccc2ccnn2c1
O=C(NCCCCc1ccccc1)c1ccc2ccnn2c1
O=C(NCCCCc1ccccc1)c1ccc2ccnn2c1
O=C(NCCCCc1ccccc1)c1ccc2ccnn2c1
O=C(NCCCCc1ccccc1)c1ccc2ccnn2c1
O=C(NCCCCc1ccccc1)c1ccc2ccnn2c1
O=C(NCCCCc1ccccc1)c1ccc2ccnn2c1
O=C(NCCCCc1ccccc1)c1cnn2ccccc12
O=C(NCCCCc1ccccc1)c1cnn2ccccc12
O=C(NCCCCc1ccccc1)c1cnn2ccccc12
O=C(NCCCCc1ccccc1)c1cnn2ccccc12
O=C(NCCCCc1ccccc1)c1cnn2ccccc12
O=C(NCCCCc1ccccc1)c1cnn2ccccc12
O=C(NCCCCc1ccccc1)c1cnn2ccccc12
O=C(NCCCCc1ccccc1)c1cnn2ccccc12
O=C(NCCCCc1ccccc1)c1cnn2ccccc12
O=C(NCCCCc1ccccc1)c1cnn2ccccc12
O=C(NCCCCc1ccccc1)c1cnn2ccccc12
O=C(NCCCCc1ccccc1)c1cnn2ccccc12
O=C(NCCCCc1ccccc1)c1cnn2ccccc12
O=C(NCCCCc1ccccc1)c1cnn2ccccc12
O=C(NCCCCc1ccccc1)c1cnn2ccccc12
O=C(NCCCCc1ccccc1)c1cnn2ccccc12
O=C(NCCCCc1ccccc1)c1cnn2ccccc12
O=C(NCCCCc1ccccc1)c1cnn2ccccc12
O=C(NCCCCc1ccccc1)c1cnn2ccccc12
O=C(NCCCCc1ccccc1)c1cnn2ccccc12
O=C(NCCCCc1ccccc1)c1cnn2cccnc12
O=C(NCCCCc1ccccc1)c1cn[nH]c1
O=C(NCCCCc1ccccc1)c1cnn(-c2c[nH][nH]2)c1
O=C(NCCCCc1ccccc1)c1cnn(-c2c[nH][nH]2)c1
O=C(NCCCCc1ccccc1)c1cnn(-c2c[nH][nH]2)c1
O=C(NCCCCc1ccccc1)c1cnn(C2=CNNC2)c1
O=C(NCCCCc1ccccc1)c1cnn(C2=CNC2)c1
O=C(NCCCCc1ccccc1)c1cnn(C2=CNC2)c1
O=C(NCCCCc1ccccc1)c1cnn(C2=CNC2)c1
O=C(NCCCCc1ccccc1)c1cnn(C2=CNC2)c1
O=C(NCCCCc1ccccc1)c1cnn(C2=C3CN3C2)c1
O=C(NCCCCc1ccccc1)c1cnn(C2=C3CN32)c1
O=C(NCCCCc1ccccc1)c1cnn(C2=C3CC32)c1
O=C(NCCCCc1ccccc1)c1cnn(C2=CC2)c1
O=C(NCCCCc1ccccc1)c1cnn(C2=CC2)c1
O=C(NCCCCc1ccccc1)c1cnn(C2=C3CC32)c1
O=C(NCCCCc1ccccc1)c1cnn(C2=C3CC32)c1
O=C(NCCCCc1ccccc1)c1cnn(C2=C3C=C32)c1
O=C(NCCCCc1ccccc1)c1cnn(C2=C3C=C32)c1
O=C(NCCCCc1ccccc1)c1cnn(C2=C3C=C32)c1
O=C(NCCCCc1ccccc1)c1cnn(C2=C3C=C32)c1
O=C(NCCCCc1ccccc1)c1cnn(C2=CC=C2)c1
O=C(NCCCCc1ccccc1)c1cnn(C2=CC=C2)c1
O=C(NCCCCc1ccccc1)c1cnn(C2=CC=C2)c1
O=C(NCCCCc1ccccc1)c1cnn(C2=CC=C2)c1
O=C(NCCCCc1ccccc1)c1cnn(C2=CC=C2)c1
O=C(NCCCCc1ccccc1)c1cnn(C2=CC=C2)c1
O=C(NCCCCc1ccccc1)c1cnn(C2=CC=C2)c1
C=C1C2=CC(n3cc(C(=O)NCCCCc4ccccc4)cn3)=C12
C=C1C=CC(n2cc(C(=O)NCCCCc3ccccc3)cn2)=C1
C=C1C=CC(n2cc(C(=O)NCCCCc3ccccc3)cn2)=C1
C=C1C=CC(n2cc(C(=O)NCCCCc3ccccc3)cn2)=C1
O=C(NCCCCc1ccccc1)c1cnn(-c2ccccc2)c1
O=C(NCCCCc1ccccc1)c1cnn(-c2ccccc2)c1
O=C(NCCCCc1ccccc1)c1cnn(C2=CC=CCC=C2)c1
O=C(NCCCCc1ccccc1)c1cnn(C2=CC=CCCC=C2)c1
O=C(NCCCCc1ccccc1)c1cnn(-c2ccccc2)c1
O=C(NCCCCc1ccccc1)c1cnn(-c2ccccc2)c1
O=C(NCCCCc1ccccc1)c1cnn(-c2ccccc2)c1
O=C(NCCCCc1ccccc1)c1cnn(-c2ccccc2)c1
O=S(=O)(NCCSc1ccccc1)c1ccccc1
O=S1(=O)NCC(Sc2ccccc2)Cc2ccccc21
O=S1(=O)NCC(Sc2ccccc2)Cc2ccccc21
O=S1(=O)NCC(Sc2ccccc2)Cc2ccccc21
O=S1(=O)NCC(Sc2ccccc2)CCc2ccccc21
O=S1(=O)NCC(Cc2ccccc2)CCc2ccccc21
O=S1NCC(Cc2ccccc2)CCc2ccccc21
O=S1NCC(c2ccccc2)CCc2ccccc21
O=S1c2ccccc2CCCCN1c1ccccc1
O=S1c2ccccc2CCCCN1c1ccccc1
O=S1c2ccccc2CCCCN1c1ccccc1
c1ccc(N2CCCCc3ccccc3S2)cc1
c1ccc(N2CCCCc3ccccc3C2)cc1
c1ccc(N2CCCCc3ccccc3C2)cc1
c1ccc(N2CCCCc3ccccc3C2)cc1
c1ccc(N2CCCCc3ccccc32)cc1
c1ccc(N2CCCCc3ccccc32)cc1
c1ccc(N2CCCCc3ccccc32)cc1
c1ccc(N2CCCCc3ccccc32)cc1
c1ccc(N2CCCCc3ccccc32)cc1
c1ccc(N2CCCCCc3ccccc32)cc1
c1ccc(N2CCCCCc3ccccc32)cc1
c1ccc(N2CCCCCc3ccccc32)cc1
c1ccc(N2CCCCCc3ccccc32)cc1
c1ccc(N2CCCCCc3ccccc32)cc1
c1ccc(N2CCCCCc3ccncc32)cc1
c1ccc(N2CCCCCc3ccncc32)cc1
c1ccc(N2CCCCCc3ccncc32)cc1
c1ccc(N2CCCCCc3ccncc32)cc1
c1ccc(N2CCCCCc3ccncc32)cc1
c1ccc(N2CCCCCc3ccncc32)cc1
c1ccc(N2CCCCCc3ccncc32)cc1
c1ccc(N2CCCCCc3ccncc32)cc1
c1ccc(N2CCCCCc3ccncc32)cc1
c1ccc(N2CCCCCc3ccncc32)cc1
c1ccc(N2CCCCCc3ccncc32)cc1
C1=NCC2=C1N(c1ccccc1)CCCCC2
C1=NCC2=C1N(c1ccccc1)CCCCC2
c1ccc(N2CCCCCc3[nH]ncc32)cc1
c1ccc(N2CCCCCc3[nH]ncc32)cc1
c1ccc(N2CCCCCc3[nH]ncc32)cc1
c1ccc(N2CCCCCc3[nH]ncc32)cc1
c1ccc(N2CCCCCc3[nH]ncc32)cc1
c1ccc(N2CCCCCc3[nH]ncc32)cc1
c1ccc(N2CCCCCc3[nH]ncc32)cc1
c1ccc(N2CCCCCc3[nH]ncc32)cc1
c1ccc(N2CCCCCc3[nH]ncc32)cc1
c1ccc(-n2ncc3c2CCCCCN3)cc1
c1ccc(-n2ncc3c2CCCCCN3)cc1
c1ccc(-n2ncc3c2CCCCCC3)cc1
c1ccc(-n2ncc3c2CCCCC3)cc1
c1ccc(-n2ncc3c2CCCCC3)cc1
C1=Cc2c(cnn2-c2ccccc2)CCC1
C1=C2CC2Cc2cnn(-c3ccccc3)c21
C1=C2CC2CCc2cnn(-c3ccccc3)c21
C1=C2CC2CCc2cnn(-c3ccccc3)c21
C1=C2CCC2CCc2cnn(-c3ccccc3)c21
C1=C2CCCC2CCc2cnn(-c3ccccc3)c21
C1=C2CCCC2CCc2cnn(-c3ccccc3)c21
C1=C2CCCCC2CCc2cnn(-c3ccccc3)c21
C1=C2CCCCC2COCc2cnn(-c3ccccc3)c21
C1=C2CCCCCC2OCc2cnn(-c3ccccc3)c21
C1=C2CCCCCC2OCc2cnn(-c3ccccc3)c21
C1=C2CCCCCC2CCc2cnn(-c3ccccc3)c21
C1=C2CCCCCC2Cc2cnn(-c3ccccc3)c21
C1=C2CCCCC2Cc2cnn(-c3ccccc3)c21
c1ccc(CCC(Cc2cc3cnccc3[nH]2)C2CC2)cc1
c1ccc2c(c1)OCCC2CC(Cc1cc2cnccc2[nH]1)C1CC1
c1ccc2c(c1)OCCC2CC(Cc1cc2cnccc2[nH]1)C1CC1
c1ccc2c(c1)OCCC2CC(Cc1cc2ccccc2[nH]1)C1CC1
c1ccc2c(c1)OCCC2CCCc1cc2cc(C3CC3)ccc2[nH]1
c1ccc(OCCCCCCc2cc3cc(C4CC4)ccc3[nH]2)cc1
c1ccc(OCCCCCCc2cc3cc(C4CC4)ccc3[nH]2)cc1
C=C(CCCCCCOc1ccccc1)Nc1ccc(C2CC2)cc1
C=C(CCCCCCOc1ccccc1)Cc1ccc(C2CC2)cc1
C=C(CCCCCCOc1ccccc1)Cc1ccc(C2CC2)cc1
c1ccc(OCc2ccc(C3CC3)cc2)cc1
c1ccc(OCc2ccc(C3CC3)cc2)cc1
c1ccc(OCc2ccc(C3CC3)cc2)cc1
c1ccc(OCc2ccc(C3CC3)cc2)cc1
c1ccc(OCc2ccc(C3CC3)cc2)cc1
c1ccc(OCc2ccc(C3CC3)cc2)cc1
c1ccc(OCc2ccc(C3CC3)cc2)cc1
c1ccc(OCc2ccc(C3CC3)cc2)cc1
c1ccc(OCc2ccc(C3CC3)cc2)cc1
c1ccc(OCc2ccc(C3CC3)cc2)cc1
c1ccc(OCc2ccc(C3CC3)cc2)cc1
c1ccc(OCc2ccc(C3CC3)cc2)cc1
c1ccc(OCc2ccc(C3CC3)cc2)cc1
c1ccc(OCc2ccc(C3CC3)cc2)cc1
c1ccc(OCc2ccc(C3CC3)cc2)cc1
c1ccc(OCc2ccc(C3CC3)cc2)cc1
c1cc(C2CC2)ccc1COc1ccc(C2CC2)cc1
c1cc(C2CC2)ccc1COc1ccc(C2CC2)cc1
c1cc(C2CC2)ccc1COc1ccc(C2CC2)cc1
c1cc(C2COC2)ccc1COc1ccc(C2CC2)cc1
c1cc(C2COC2)ccc1COc1ccc(C2CC2)cc1
c1cc(C2COC2)ccc1COc1ccc(C2CCC2)cc1
c1cc(C2COC2)ccc1COc1ccc(C2CCCC2)cc1
O=C1OCC1c1ccc(COc2ccc(C3CCCC3)cc2)cc1
O=C1CC(c2ccc(COc3ccc(C4CCCC4)cc3)cc2)O1
O=C1CC(c2ccc(COc3ccc(C4CCCC4)cc3)cc2)O1
O=C1CC(c2ccc(COc3ccc(C4CCC4)cc3)cc2)O1
O=C1CC(c2ccc(COc3ccc(C4CCC4)cc3)cc2)CO1
O=C1CC(c2ccc(COc3ccc(C4CCC4)cc3)cc2)CO1
O=C1CC(c2ccc(COc3ccc(C4CCC4)cc3)cc2)CO1
O=C1CC(c2ccc(COc3ccc(C4CC4)cc3)cc2)CO1
O=C1CC(c2ccc(COc3ccc(C4CC4)cc3)cc2)CO1
O=C(CC1CN1)NCC(Oc1ccc(C2CC2)cc1)c1ccc(C2COC(=O)C2)cc1
O=C(CC1CN1)NCC(Oc1ccc(C2CC2)cc1)c1ccc(C2COC(=O)C2)cc1
O=C(CC1CN1)NCC(Oc1ccc(C2CC2)cc1)c1ccc(C2COC(=O)C2)cc1
O=C(CC1C2CN12)NCC(Oc1ccc(C2CC2)cc1)c1ccc(C2COC(=O)C2)cc1
O=C(CCN1CC1)NCC(Oc1ccc(C2CC2)cc1)c1ccc(C2COC(=O)C2)cc1
O=C(CCN1CCC1)NCC(Oc1ccc(C2CC2)cc1)c1ccc(C2COC(=O)C2)cc1
O=C(CCN1CCCC1)NCC(Oc1ccc(C2CC2)cc1)c1ccc(C2COC(=O)C2)cc1
O=C(CCN1CCCC1)NCC(Oc1ccc(C2CC2)cc1)c1ccc(C2COC(=O)C2)cc1
C=C(CC(=O)NCC(Oc1ccc(C2CC2)cc1)c1ccc(C2COC(=O)C2)cc1)N1CCCC1
C=C(CC(=O)NCC(Oc1ccc(C2CC2)cc1)c1ccc(C2COC(=O)C2)cc1)N1CCCCC1
C=C(CC(=O)NCC(Oc1ccc(C2CC2)cc1)c1ccc(C2COC(=O)C2)cc1)N1CCCCC1
O=C(CC(=O)N1CCCCC1)NCC(Oc1ccc(C2CC2)cc1)c1ccc(C2COC(=O)C2)cc1
O=C(CC(=O)N1CCCOC1)NCC(Oc1ccc(C2CC2)cc1)c1ccc(C2COC(=O)C2)cc1
O=C(CC(=O)N1CCCOCC1)NCC(Oc1ccc(C2CC2)cc1)c1ccc(C2COC(=O)C2)cc1
O=C(CC(=O)N1CCCOCC1)NCC(Oc1ccc(C2CC2)cc1)c1ccc(C2COC(=O)C2)cc1
O=C(CC(=O)N1CCCCOCC1)NCC(Oc1ccc(C2CC2)cc1)c1ccc(C2COC(=O)C2)cc1
O=C(CC(=O)N1CCCCCCC1)NCC(Oc1ccc(C2CC2)cc1)c1ccc(C2COC(=O)C2)cc1
O=C(CC(=O)N1CCCCCCC1)NCC(Oc1ccc(C2CC2)cc1)c1ccc(C2COC(=O)C2)cc1
O=C(CC(=O)N1CCCCCCC1)NCC(Oc1ccc(C2CCC2)cc1)c1ccc(C2COC(=O)C2)cc1
O=C(CC(=O)N1CCCCCCC1)NCC(Oc1ccc(C2CCCC2)cc1)c1ccc(C2COC(=O)C2)cc1
O=C(CC(=O)N1CCCCCCC1)NCC(Oc1ccc(C2CCCC2)cc1)c1ccc(C2COC(=O)C2)cc1
O=C(CC(=O)N1CCCCCCC1)NCC(Oc1ccc(C2CCCC2)cc1)c1ccc(C2COC(=O)C2)cc1
O=C(CC(=O)N1CCCCCCC1)NCC(Oc1ccc(C2CCCCC2)cc1)c1ccc(C2COC(=O)C2)cc1
O=C(CC(=O)N1CCCCCC1)NCC(Oc1ccc(C2CCCCC2)cc1)c1ccc(C2COC(=O)C2)cc1
O=C(CC(=O)N1CCCCC1)NCC(Oc1ccc(C2CCCCC2)cc1)c1ccc(C2COC(=O)C2)cc1
O=C(CC(=O)N1CCCCC1)NCC(Oc1ccc(C2CCCC2)cc1)c1ccc(C2COC(=O)C2)cc1
O=C(CC(=O)N1CCCCC1)NCC(Oc1ccc(C2CCCC2)cc1)c1ccc(C2COC(=O)C2)cc1
O=C(CC(=O)N1CCCCC1)NCC(Oc1ccc(C2CCC2)cc1)c1ccc(C2COC(=O)C2)cc1
O=C(CC(=O)N1CCCCC1)NCC(Oc1ccc(C2CCC2)cc1)c1ccc(OC2COC(=O)C2)cc1
O=C(CC(=O)N1CCCCCC1)NCC(Oc1ccc(C2CCC2)cc1)c1ccc(OC2COC(=O)C2)cc1
O=C(CC(=O)N1CCCCCC1)NCC(Oc1ccc(C2CCC2)cc1)c1ccc(OC2COC(=O)C2)cc1
O=C(CC(=O)N1CCCCCC1)NCC(Oc1ccc(C2CC2)cc1)c1ccc(OC2COC(=O)C2)cc1
O=C(CC(=O)N1CCCCC1)NCC(Oc1ccc(C2CC2)cc1)c1ccc(OC2COC(=O)C2)cc1
O=C(CC(=O)N1CCCCC1)NCC(Oc1ccc(C2CC2)cc1)c1ccc(OC2COC(=O)C2)cc1
O=C(CC(=O)N1CCCCC1)NCC(Oc1ccc(C2CC2)cc1)c1ccc(COC2COC(=O)C2)cc1
O=C(CCN1CCCCC1)NCC(Oc1ccc(C2CC2)cc1)c1ccc(C(=O)OC2COC(=O)C2)cc1
O=C(CCN1CCCCC1)NCC(Oc1ccc(C2CC2)cc1)c1ccc(C(=O)OC2COC(=O)C2)cc1
O=C(CCN1CCCC1)NCC(Oc1ccc(C2CC2)cc1)c1ccc(C(=O)OC2COC(=O)C2)cc1
O=C(CCCN1CCCC1)NCC(Oc1ccc(C2CC2)cc1)c1ccc(C(=O)OC2COC(=O)C2)cc1
O=C(CCCN1CCCC1)NCC(Oc1ccc(C2CC2)cc1)c1ccc(C(=O)OC2COC(=O)C2)cc1
O=C(CC=CN1CCCC1)NCC(Oc1ccc(C2CC2)cc1)c1ccc(C(=O)OC2COC(=O)C2)cc1
C=C(CCC(=O)NCC(Oc1ccc(C2CC2)cc1)c1ccc(C(=O)OC2COC(=O)C2)cc1)N1CCCC1
C=C(CCC(=O)NCC(Oc1ccc(C2CC2)cc1)c1ccc(C(=O)OC2COC(=O)C2)cc1)N1CCCCC1
C=C(CCC(=O)NCC(Oc1ccc(C2CC2)cc1)c1ccc(C(=O)OC2COC(=O)C2)cc1)N1CCCCC1
C=C(CC(=O)NCC(Oc1ccc(C2CC2)cc1)c1ccc(C(=O)OC2COC(=O)C2)cc1)N1CCCCC1
C=C(CC(=O)NCC(Oc1ccc(C2CC2)cc1)c1ccc(C(=O)OC2COC(=O)C2)cc1)N1CCCCCC1
C=C(CC(=O)NCC(Oc1ccc(C2CC2)cc1)c1ccc(C(=O)OC2COC(=O)C2)cc1)N1CCCCCC1
C=C(CC(=O)NCC(Oc1ccc(C2CC2)cc1)c1ccc(C(=O)OC2COC(=O)C2)cc1)N1CCCCC1
O=C(CC(=O)N1CCCCC1)NCC(Oc1ccc(C2CC2)cc1)c1ccc(C(=O)OC2COC(=O)C2)cc1
O=C(CC(=O)N1CCCCCC1)NCC(Oc1ccc(C2CC2)cc1)c1ccc(C(=O)OC2COC(=O)C2)cc1
O=C(CC(=O)N1CCCCCC1)NCC(Oc1ccc(C2CC2)cc1)c1ccc(C(=O)OC2COC(=O)C2)cc1
O=C(CC(=O)N1CCCCCC1)NCC(Oc1ccc(C2CC2)cc1)c1ccc(C(=O)OC2COC(=O)C2)cc1
O=C(CC(=O)N1CCCCCC1)NCC(Oc1ccc(C2CC2)cc1)c1ccc(C(=O)OC2COC(=O)C2)cc1
O=C(CC(=O)N1CCCCCC1)NCC(Oc1ccc(C2CC2)cc1)c1ccc(C(=O)OC2COC(=O)C2)cc1
O=C(CC(=O)N1CCCCC1)NCC(Oc1ccc(C2CC2)cc1)c1ccc(C(=O)OC2COC(=O)C2)cc1
O=C(CC(=O)N1CCCCCC1)NCC(Oc1ccc(C2CC2)cc1)c1ccc(C(=O)OC2COC(=O)C2)cc1
O=C(CC(=O)N1CCCCCC1)NCC(Oc1ccc(C2CC2)cc1)c1ccc(C(=O)OC2COC(=O)C2)cc1
O=C(CC(=O)N1CCCCCC1)NCC(Oc1ccc(C2CC2)cc1)c1ccc(C(=O)OC2COC(=O)C2)cc1
O=C(COC(=O)N1CCCCCC1)NCC(Oc1ccc(C2CC2)cc1)c1ccc(C(=O)OC2COC(=O)C2)cc1
O=C(COC(=O)N1CCCCCC1)NCC(Oc1ccc(C2CC2)cc1)c1ccc(C(=O)OC2COC(=O)C2)cc1
O=C(COC(=O)N1CCCCCC1)NCC(Oc1ccc(C2CC2)cc1)c1ccc(C(=O)OC2COC(=O)C2)cc1
O=C(COC(=O)N1CCCCCCC1)NCC(Oc1ccc(C2CC2)cc1)c1ccc(C(=O)OC2COC(=O)C2)cc1
O=C(COC(=O)N1CCCCCC1)NCC(Oc1ccc(C2CC2)cc1)c1ccc(C(=O)OC2COC(=O)C2)cc1
O=C(COC(=O)N1CCCCC1)NCC(Oc1ccc(C2CC2)cc1)c1ccc(C(=O)OC2COC(=O)C2)cc1
O=C(COC(=O)N1CCCCC1)NCC(Oc1ccc(C2CC2)cc1)c1ccc(C(=O)OC2COC(=O)C2)cc1
O=C(COC(=O)N1CCCC1)NCC(Oc1ccc(C2CC2)cc1)c1ccc(C(=O)OC2COC(=O)C2)cc1
O=C(COC(=O)N1CCC1)NCC(Oc1ccc(C2CC2)cc1)c1ccc(C(=O)OC2COC(=O)C2)cc1
O=C(COC(=O)N1CCC1)NCC(Oc1ccc(C2CC2)cc1)c1ccc(C(=O)OC2CCOC(=O)C2)cc1
O=C(COC(=O)N1CCC1)NCC(Oc1ccc(C2CC2)cc1)c1ccc(C(=O)OC2CCCOC(=O)C2)cc1
O=C(COC(=O)N1CCCC1)NCC(Oc1ccc(C2CC2)cc1)c1ccc(C(=O)OC2CCCOC(=O)C2)cc1
O=C1CC(OC(=O)c2ccc(COc3ccc(C4CC4)cc3)cc2)CC(C(=O)N2CCCC2)CO1
O=C1CC(OC(=O)c2ccc(COc3ccc(C4CC4)cc3)cc2)CC(C(=O)N2CCCC2)CO1
O=C1CC(OC(=O)c2ccc(COc3ccc(C4CC4)cc3)cc2)CC(C(=O)N2CCC2)CO1
O=C1CC(OC(=O)c2ccc(COc3ccc(C4CC4)cc3)cc2)CCC(C(=O)N2CCC2)CO1
O=C1CC(OC(=O)c2ccc(COc3ccc(C4CC4)cc3)cc2)CCC(C(=O)N2CCCC2)CO1
O=C1CC(OC(=O)c2ccc(COc3ccc(C4CC4)cc3)cc2)CCC(C(=O)N2CCCC2)CO1
O=C1CC(OC(=O)c2ccc(COc3ccc(C4CC4)cc3)cc2)CCC(C(=O)N2CCCC2)CO1
O=C1CCCCC(C(=O)N2CCC(OC(=O)c3ccc(COc4ccc(C5CC5)cc4)cc3)C2)CO1
O=C1CCCC(C(=O)N2CCC(OC(=O)c3ccc(COc4ccc(C5CC5)cc4)cc3)C2)CO1
O=C1CCCC(C(=O)N2CCC(OC(=O)c3ccc(COc4ccc(C5CC5)cc4)cc3)C2)CO1
O=C1CCCC(C(=O)N2CCC(OC(=O)c3ccc(COc4ccc(C5CC5)cc4)cc3)C2)CO1
O=C1CCCC(C(=O)N2CCC(OC(=O)c3ccc(COc4ccc(C5CC5)cc4)cc3)C2)CO1
O=C1CCCC(C(=O)N2CCC(OC(=O)c3ccc(COc4ccc(C5CC5)cc4)cc3)C2)CO1
O=C1CCC(C(=O)N2CCC(OC(=O)c3ccc(COc4ccc(C5CC5)cc4)cc3)C2)CO1
O=C1CCC(C(=O)N2CCCC(OC(=O)c3ccc(COc4ccc(C5CC5)cc4)cc3)C2)CO1
O=C1CCC(C(=O)N2CCCC(OC(=O)c3ccc(COc4ccc(C5CC5)cc4)cc3)C2)CO1
O=C1CCC(C(=O)N2CCCC(OC(=O)c3ccc(COc4ccc(C5CC5)cc4)cc3)C2)CO1
O=C1CCC(C(=O)N2CCCC(OC(=O)c3ccc(COc4ccc(C5CC5)cc4)cc3)C2)CO1
O=C1CCC(C(=O)N2CCCC(OC(=O)c3ccc(COc4ccc(C5CC5)cc4)cc3)C2)CO1
O=C1CCC(C(=O)N2CCCC(OC(=O)c3ccc(COc4ccc(C5CC5)cc4)cc3)C2)CO1
O=C1CCC(C(=O)N2CCCC(OC(=O)c3ccc(COc4ccc(C5CC5)cc4)cc3)C2)CO1
O=C1CC(C(=O)N2CCCC(OC(=O)c3ccc(COc4ccc(C5CC5)cc4)cc3)C2)CO1
O=C1CC(C(=O)N2CCCC(OC(=O)c3ccc(COc4ccc(C5CC5)cc4)cc3)C2)CO1
O=C1CC(C(=O)N2CCCC(OC(=O)c3ccc(COc4ccc(C5CC5)cc4)cc3)C2)CO1
O=C1CC(C(=O)N2CCCC(OC(=O)c3ccc(COc4ccc(C5CC5)cc4)cc3)C2)CO1
O=C1CC(C(=O)N2CCCC(OC(=O)c3ccc(COc4ccc(C5CC5)cc4)cc3)C2)CO1
O=C1CC(C(=O)N2CCCC(OC(=O)c3ccc(COc4ccc(C5CC5)cc4)cc3)C2)CO1
O=C1CC(C(=O)N2CCCC(OC(=O)c3ccc(COc4ccc(C5CC5)cc4)cc3)C2)CO1
O=C1CC(C(=O)N2CCCC(OC(=O)c3ccc(COc4ccc(C5CC5)cc4)cc3)C2)CO1
O=C1CC(C(=O)N2CCCC(OC(=O)c3ccc(COc4ccc(C5CC5)cc4)cc3)C2)CO1
O=C(CC1CCCC1)NCC(Oc1ccc(C2CC2)cc1)c1ccc(C(=O)OC2CCCN(C(=O)C3COC(=O)C3)C2)cc1
O=C(CC1CCCC1)NCC(Oc1ccc(C2CCC2)cc1)c1ccc(C(=O)OC2CCCN(C(=O)C3COC(=O)C3)C2)cc1
O=C(CC1CCCC1)NCC(Oc1ccc(C2CCC2)cc1)c1ccc(C(=O)OC2CCCN(C(=O)C3COC(=O)C3)C2)cc1
O=C(CC1CCC1)NCC(Oc1ccc(C2CCC2)cc1)c1ccc(C(=O)OC2CCCN(C(=O)C3COC(=O)C3)C2)cc1
O=C(CC1CCC1)NCC(Oc1ccc(C2CCC2)cc1)c1ccc(C(=O)OC2CCCCN(C(=O)C3COC(=O)C3)C2)cc1
O=C1CC(C(=O)N2CCCCC(OC(=O)c3ccc(C(CNC(=O)C4CCC4)Oc4ccc(C5CCC5)cc4)cc3)C2)CO1
O=C1CC(C(=O)N2CCCCC(OC(=O)c3ccc(C(CNC(=O)C4CCC4)Oc4ccc(C5CC5)cc4)cc3)C2)CO1
O=C1CC(C(=O)N2CCCCC(OC(=O)c3ccc(C(CNC(=O)C4CCC4)Oc4ccc(C5CC5)cc4)cc3)C2)CO1
O=C1CC(C(=O)N2CCCCC(OC(=O)c3ccc(C(CNC(=O)C4CC4)Oc4ccc(C5CC5)cc4)cc3)C2)CO1
O=C1CC(C(=O)N2CCCCC(OC(=O)c3ccc(C(CNC(=O)C4CC4)Oc4ccc(C5CC5)cc4)cc3)C2)CO1
O=C1CC(C(=O)N2CCCC(OC(=O)c3ccc(C(CNC(=O)C4CC4)Oc4ccc(C5CC5)cc4)cc3)C2)CO1
O=C1CC(C(=O)N2CCCC(OC(=O)c3ccc(COc4ccc(C5CC5)cc4)cc3)C2)CO1
O=C1CC(C(=O)N2CCCC(OC(=O)c3ccc(COc4ccc(C5CC5)cc4)cc3)C2)CO1
O=C1CC(C(=O)N2CCCC(OC(=O)c3ccc(COc4ccc(C5CC5)cc4)cc3)C2)CO1
O=C1CC(C(=O)N2CCCC(OC(=O)c3ccc(COc4ccc(C5CC5)cc4)cc3)C2)CO1
O=C1CC(C(=O)N2CCCC(OC(=O)c3ccc(COc4ccc(C5CC5)cc4)cc3)C2)CO1
O=C1CC(C(=O)N2CCCCC(OC(=O)c3ccc(COc4ccc(C5CC5)cc4)cc3)C2)CO1
O=C1CC(C(=O)N2CCCCC(OC(=O)c3ccc(COc4ccc(C5CC5)cc4)cc3)C2)CO1
O=C1CC(C(=O)N2CCCCC(OC(=O)c3ccc(COc4ccc(C5CC5)cc4)cc3)C2)CO1
O=C1CC(C(=O)N2CCCCC(OC(=O)c3ccc(COc4ccc(C5CC5)cc4)cc3)C2)CO1
O=C1CC(C(=O)N2CCCCC(OC(=O)c3ccc(COc4ccc(C5CC5)cc4)cc3)C2)CO1
O=C1CC(C(=O)N2CCCC(OC(=O)c3ccc(COc4ccc(C5CC5)cc4)cc3)C2)CO1
O=C1CC(C(=O)N2CCCC(OC(=O)c3ccc(COc4ccc(C5CC5)cc4)cc3)C2)CO1
O=C1CC(C(=O)N2CCCC(OC(=O)c3ccc(COc4ccc(C5CC5)cc4)cc3)C2)CO1
O=C1CC(C(=O)N2CCCC(OC(=O)c3ccc(COc4ccc(C5CC5)cc4)cc3)C2)CO1
O=C1CC(C(=O)N2CCCC(OC(=O)c3ccc(COc4ccc(C5CC5)cc4)cc3)C2)CO1
O=C1CC(C(=O)N2CCCC(OC(=O)c3ccc(COc4ccc(C5CC5)cc4)cc3)C2)CO1
O=C1CC(C(=O)N2CCCCC(OC(=O)c3ccc(COc4ccc(C5CC5)cc4)cc3)C2)CO1
O=C1CC(C(=O)N2CCCCC(OC(=O)c3ccc(COc4ccc(C5CC5)cc4)cc3)C2)CO1
O=C1CC(C(=O)N2CCCCC(OC(=O)c3ccc(COc4ccc(C5CC5)cc4)cc3)C2)CO1
O=C1CC(C(=O)N2CCCCC(OC(=O)c3ccc(COc4ccc(C5CC5)cc4)cc3)C2)CO1
O=C1CC(C(=O)N2CCCCC(OC(=O)c3ccc(COc4ccc(C5CC5)cc4)cc3)C2)CO1
O=C1CC(C(=O)N2CCCCC(OC(=O)c3ccc(COc4ccc(C5CC5)cc4)cc3)C2)CO1
O=C1CC(C(=O)N2CCCCC(OC(=O)c3ccc(COc4ccc(C5CCC5)cc4)cc3)C2)CO1
O=C1CC(C(=O)N2CCCCC(OC(=O)c3ccc(COc4ccc(C5CCC5)cc4)cc3)C2)CO1
O=C1CC(C(=O)N2CCCCC(OC(=O)c3ccc(COc4ccc(C5CCC5)cc4)cc3)C2)CO1
O=C1CC(C(=O)N2CCCCC(OC(=O)c3ccc(COc4ccc(C5CCC5)cc4)cc3)C2)CO1
O=C1CC(C(=O)N2CCCCC(OC(=O)c3ccc(COc4ccc(C5CCC5)cc4)cc3)C2)CO1
O=C1CC(C(=O)N2CCCCC(OC(=O)c3ccc(COc4ccc(C5CCC5)cc4)cc3)C2)CO1
O=C1CC(C(=O)N2CCCCC(OC(=O)c3ccc(COc4ccc(C5CCC5)cc4)cc3)C2)CO1
O=C1CC(C(=O)N2CCCCC(OC(=O)c3ccc(COc4ccc(C5CCCC5)cc4)cc3)C2)CO1
O=C1CC(C(=O)N2CCCCC(OC(=O)c3ccc(COc4ccc(C5CCCC5)cc4)cc3)C2)CO1
O=C1CC(C(=O)N2CCCCC(OC(=O)c3ccc(COc4ccc(C5CCCC5)cc4)cc3)C2)CO1
O=C1CC(C(=O)N2CCCCC(OC(=O)c3ccc(COc4ccc(C5CCCC5)cc4)cc3)C2)CO1
O=C1CC(C(=O)N2CCCCC(OC(=O)c3ccc(COc4ccc(C5CCCC5)cc4)cc3)C2)CO1
O=C1CC(C(=O)N2CCCCC(OC(=O)c3ccc(COc4ccc(C5CCCC5)cc4)cc3)C2)CO1
O=C1CC(C(=O)N2CCCCC(OC(=O)c3ccc(COc4ccc(C5CCCC5)cc4)cc3)C2)CO1
O=C1CC(C(=O)N2CCCCC(OC(=O)c3ccc(COc4ccc(C5CCCC5)cc4)cc3)C2)CO1
O=C1CC(C(=O)N2CCCCC(OC(=O)c3ccc(COc4ccc(C5CCCC5)cc4)cc3)C2)CO1
O=C1CC(C(=O)N2CCCC(OC(=O)c3ccc(COc4ccc(C5CCCC5)cc4)cc3)C2)CO1
O=C1CC(C(=O)N2CCCC(OC(=O)c3ccc(COc4ccc(C5CCCC5)cc4)cc3)C2)CO1
O=C1CC(C(=O)N2CCCC(OC(=O)c3ccc(COc4ccc(C5CCCC5)cc4)cc3)C2)CO1
O=C1CC(C(=O)N2CCCC(OC(=O)c3ccc(OCOc4ccc(C5CCCC5)cc4)cc3)C2)CO1
O=C1CC(C(=O)N2CCCC(OC(=O)c3ccc(OCOc4ccc(C5CCC5)cc4)cc3)C2)CO1
O=C1CC(C(=O)N2CCCC(OC(=O)c3ccc(OCOc4ccc(C5CCC5)cc4)cc3)C2)CO1
O=C1CC(C(=O)N2CCCC(OC(=O)c3ccc(OCOc4ccc(C5CC5)cc4)cc3)C2)CO1
O=C1CC(C(=O)N2CCCC(OC(=O)c3ccc(OCCc4ccc(C5CC5)cc4)cc3)C2)CO1
O=C1CC(C(=O)N2CCCC(OC(=O)c3ccc(OCc4ccc(C5CC5)cc4)cc3)C2)CO1
c1ccc(CCC(Cc2cc3cnccc3[nH]2)C2CC2)cc1
c1ccc2c(c1)CC2CC(Cc1cc2cnccc2[nH]1)C1CC1
c1ccc2c(c1)CC2CC(Cc1cc2cnccc2[nH]1)C1CC1
c1ccc2c(c1)CC2C1c2c([nH]c3ccncc23)CC1C1CC1
c1ccc2c(c1)C2C1c2c([nH]c3ccncc23)CC1C1CC1
c1ccc2c(c1)C2C1c2c([nH]c3ccncc23)CC1C1CC1
c1ccc2c(c1)OC2C1c2c([nH]c3ccncc23)CC1C1CC1
c1ccc2c(c1)OC2C1c2c([nH]c3ccncc23)CC1C1CC1
c1ccc2c(c1)OC2C1c2c([nH]c3ccccc23)CC1C1CC1
c1ccc2c(c1)OC2C1c2c([nH]c3ccccc23)CCC1C1CC1
c1ccc2c(c1)OC2C1c2c([nH]c3ccccc23)CCC1C1CC1
c1ccc2c(c1)OC2C1c2c([nH]c3ccccc23)CCC1C1CC1
c1ccc2c(c1)OC2C1CCCc2[nH]c3ccccc3c21
c1ccc2c(c1)OC2C1CCCc2[nH]c3ccccc3c21
c1ccc2c(c1)OC2C1CCCc2[nH]c3ccccc3c21
C1=C(Nc2ccccc2)CCCC1C1Oc2ccccc21
C1=C(Nc2ccccc2)CCCC1C1Oc2ccccc21
C1=C(Cc2ccccc2)CCCC1C1Oc2ccccc21
C1=CC(CC2=CC(C3Oc4ccccc43)CCC2)C=C1
C1=CC(CC2=CC(C3Oc4ccccc43)CCC2)C=C1
C1=CC(CC2=CC(C3Oc4ccccc43)CCC2)=C1
C1=C(CC2=CC(C3Oc4ccccc43)CCC2)CC1
C1=C(CC2=CC(C3Oc4ccccc43)CCC2)CC1
C1=C(CC2=CC(C3Oc4ccccc43)CCC2)CC1
C1=C(CC2=CC(C3Oc4ccccc43)CCC2)C1
C1=C(CC2=CC(C3Oc4ccccc43)CCC2)C1
C1=CC1CCC1=CC(C2Oc3ccccc32)CCC1
C1=CC1CC1=CC(C2Oc3ccccc32)CCC1
C1=C(CC2=CC(C3Oc4ccccc43)CCC2)C1
C1=C(CC2=CC(C3Oc4ccccc43)CCC2)C1
C1=C(CCC2=CC(C3Oc4ccccc43)CCC2)C1
C1=CC(C2Oc3cccc(OCCC4=CC4)c32)CCC1
C1=C(CCCC2=CC(C3Oc4ccccc43)CCC2)C1
C1=C(CCCC2=CC(C3Oc4ccccc43)CCC2)C1
C1=C(CCCC2=CCN2)CCCC1C1Oc2ccccc21
C1=C(CCCC2=CCN2)CCCC1C1Oc2ccccc21
C1=C(CCCCC2=CCN2)CCCC1C1Oc2ccccc21
C1=C(CCCCC2=CCN2)CCCC1C1Oc2ccccc21
C1=C(CNCCC2=CCN2)CCCC1C1Oc2ccccc21
C1=C(CNCC2=CCN2)CCCC1C1Oc2ccccc21
C1=C(CNCC2=CCN2)CCCC1C1Oc2ccccc21
C1=C(CNCC2=CCN2)CCCC1C1Oc2ccccc21
C1=C(CNCC2=CCN2)CCCC1C1Oc2ccccc21
C1=C(NCC2=CCN2)CCCC1C1Oc2ccccc21
C1=C(NCC2=CCN2)CCCC1C1Oc2ccccc21
C1=C(CCC2=CCN2)CCCC1C1Oc2ccccc21
C1=C(CCC2=CCN2)CCCC1C1Oc2ccccc21
C1=C(CCC2=CCN2)CCCC1C1Oc2ccccc21
C1=C(CC2=CCN2)CCCC1C1Oc2ccccc21
C1=C(CC2=CCN2)CCCC1C1Oc2ccccc21
C1=C(CC2=CCN2)CCCC1C1Oc2ccccc21
C1=C(CC2=CCN2)CCCC1C1Oc2ccccc21
C1=C(CC2=CCN2)CCCC1C1Oc2ccccc21
C1=C(CC2=CCN2)CCCCC1C1Oc2ccccc21
C1=C(CC2=CCN2)CCCCC1C1Oc2ccccc21
C1=C(CC2=CCN2)CCCCC1C1Oc2ccccc21
C1=C(CC2=CCN2)CCCCC1C1Oc2ccccc21
C1=C(CC2=CCN2)CCCCC1C1Oc2ccccc21
C1=C(CC2=CCN2)CCCCC1C1Oc2ccccc21
C1=C(CCC2=CCN2)CCCCC1C1Oc2ccccc21
C1=C(CCC2=CCN2)CCCCC1C1Oc2ccccc21
C1=C(CCC2=CCN2)CCCCC1C1Oc2ccccc21
C1=C(CCC2=CCN2)CCCCCC1C1Oc2ccccc21
C1=C(CCC2=CCN2)CCCCCC1C1Oc2ccccc21
C1=C(CCC2=CCN2)CCCCC1C1Oc2ccccc21
C1=C(CCC2=CCN2)CCCCC1C1Oc2ccccc21
C1=CC(C2Oc3ccccc32)CC(CC2=CCN2)CC1
C1=CC(C2Oc3ccccc32)CC(CC2=CCN2)CC1
C1=CC(C2Oc3ccccc32)CC(CC2=CCN2)CCC1
C1=CC(C2Cc3ccccc3O2)CC(CC2=CCN2)CCC1
C1=CC(C2Cc3ccccc3O2)CC(CC2=CCN2)CCC1
C1=CC(C2Cc3ccccc3O2)CC(CC2=CCN2)CCC1
C1=CC(C2Cc3ccccc3O2)CC(CC2=CCN2)CCC1
C1=CC(C2Cc3ccccc3O2)CC(CC2=CCN2)CCC1
C1=CC(C2Cc3ccccc3O2)CC(CC2=CCN2)CCC1
O=C1c2ccccc2OC1C1C=CCCCC(CC2=CCN2)C1
O=C1c2ccccc2OC1C1C=CCCCC(CC2=CCN2)C1
O=C1c2ccccc2OC1C1C=CCCCC(CCC2=CCN2)C1
O=C1c2ccccc2OC1C1C=CCCCC(CCC2=CCN2)C1
O=C1c2ccccc2OC1C1C=CCCCC(CCCC2=CCN2)C1
O=C1c2ccccc2OC1C1C=CCCCC(C2CC2C2=CCN2)C1
O=C1c2ccccc2OC1C1C=CCCCC(CCC2=CCN2)C1
O=C1c2ccccc2OC1C1C=CCCCC(CC2=CCN2)C1
C=C1c2ccccc2OC1C1C=CCCCC(CC2=CCN2)C1
C=C1c2ccccc2OC1C1C=CCCCC1CC1=CCN1
C1=CC(C2Oc3ccccc3C2=CCC2=CCN2)CCCC1
C1=CC(C2Oc3ccccc3C2=CCCC2=CCN2)CCCC1
C1=CC(C2Oc3ccccc3C2=CCCC2=CCN2)CCC1
C1=CC(C2Oc3ccccc3C2=CCCC2=CCN2)CCC1
C1=CC(C2Oc3ccccc3C2=CCCCC2=CCN2)CCC1
C1=CC(C2Oc3ccccc3C2=CCCCC2=CCN2)CCC1
C1=CC(C2Oc3ccccc3C2=CCCCC2=CCN2)CCC1
C1=CC(C2Oc3ccccc3C2=CCCCC2=CCN2)CCC1
C1=CC(C2Oc3ccccc3C2=CCCC2=CCN2)CCC1
C1=CC(C2Oc3ccccc3C2=CCCC2=CCN2)CCC1
C1=CC(C2Oc3ccccc3C2=CCCC2=CCN2)CCC1
C1=CC(C2Oc3ccccc3C2=CCC2=CCN2)CCC1
C1=CC(C2Oc3ccccc3C2=CCC2=CCN2)CCCC1
C1=CC(C2Oc3ccccc3C2=CCC2=CCN2)CCCC1
C1=CC(C2Oc3ccccc3C2=CCC2=CCN2)CCCC1
C1=CC(C2Oc3ccccc3C2=CCC2=CCN2)CCCC1
C1=CC(C2Oc3ccccc3C2=CC2=CCN2)CCCC1
C1=CC(C2Oc3ccccc3C2=CC2=CCN2)CCCC1
C1=CC(C2Oc3ccccc3C2=CC2=CCN2)CCCC1
C1=CC(C2Oc3ccccc3C2=CC2=CCN2)CCC1
O=C1C(C2=CCN2)=CC(C2C=CCCC2)Oc2ccccc21
O=C1C(C2CN2)=CC(C2C=CCCC2)Oc2ccccc21
O=C1C(C2CN2)=CC(C2C=CCCC2)Oc2ccccc21
O=C1c2ccccc2OC(C2C=CCCC2)C1C1CN1
O=C1C(=C2CN2)C(C2C=CCCC2)Oc2ccccc21
O=C1C(=C2C3CN23)C(C2C=CCCC2)Oc2ccccc21
O=C1C(=C2C3CN23)C(C2C=CCCC2)Oc2ccccc21
O=C1C(=C2C3CN23)C(C2C=CCCC2)Oc2ccccc21
O=C1C(=C2C3=CN32)C(C2C=CCCC2)Oc2ccccc21
C=C1NC1=C1C(=O)c2ccccc2OC1C1C=CCCC1
C=C1NC1=C1C(=C)c2ccccc2OC1C1C=CCCC1
C=C1CC1=C1C(=C)c2ccccc2OC1C1C=CCCC1
C=C1CCC1=C1C(=C)c2ccccc2OC1C1C=CCCC1
C1=CC(C2Oc3ccccc3-c3ccc4c(c32)CC4)CCC1
C1=CC(C2Oc3ccccc3-c3ccc4c(c32)C=C4)CCC1
C1=CC(C2Oc3ccccc3-c3ccc4c(c32)CC4)CCC1
C1=CC(C2Oc3ccccc3-c3ccc4c(c32)CC4)CCC1
C1=CC(C2Oc3ccccc3-c3ccc4c(c32)CC4)CCCC1
C1=CC(C2Oc3ccccc3-c3ccc4c(c32)CC4)CCCCC1
C1=CC(C2Oc3ccccc3-c3ccc4c(c32)CCN4)CCCCC1
C1=CC(C2Oc3ccccc3-c3ccc4c(c32)CCN4)CCCCC1
C1=CC(C2Oc3ccccc3-c3ccc4c(c32)CN4)CCCCC1
C1=CC(C2Oc3ccccc3-c3ccc4c(c32)CCN4)CCCCC1
C1=CC(C2Oc3ccccc3-c3ccc4c(c32)CCN4)CCCCC1
C1=CC(C2Oc3ccccc3-c3ccc4c(c32)CCN4)CCCC1
C1=CC(C2Oc3ccccc3-c3ccc4c(c32)CCN4)CCC1
C1=CC(C2Oc3ccccc3-c3ccc4c(c32)CCN4)CCC1
C1=CC(C2Oc3ccccc3-c3ccc4c(c32)CCN4)CCC1
C1=CC(C2Oc3ccccc3-c3ccc4c(c32)CCCN4)CCC1
C1=CC(C2Oc3ccccc3-c3ccc4c(c32)CCCN4)CCC1
C1=CC(C2Oc3ccccc3-c3ccc4c(c32)CCCN4)CCCC1
C1=CC(C2Oc3ccccc3-c3ccc4c(c32)C=CCN4)CCCC1
C1=CC(C2Oc3ccccc3-c3ccc4c(c32)C=CCN4)CCC1
c1ccc(CCC(Cc2cc3cnccc3[nH]2)C2CC2)cc1
c1ccc(CCC(Cc2cc3cnccc3[nH]2)C2CCC2)cc1
c1ccc(CCC(CCc2cc3cnccc3[nH]2)C2CCC2)cc1
c1ccc(OCCCC(CCc2cc3cnccc3[nH]2)C2CCC2)cc1
c1ccc(CCCCC(CCc2cc3cnccc3[nH]2)C2CCC2)cc1
c1ccc(CCCC(CCc2cc3cnccc3[nH]2)C2CCC2)cc1
c1ccc(-n2c(CCCC3CCC3)cc3cnccc32)cc1
c1ccc(-n2c(CCC3CCCCC3)cc3cnccc32)cc1
c1ccc(-n2c(CC3CCCCC3)cc3cnccc32)cc1
c1ccc(-n2c(CC3CCCCC3)cc3cnccc32)cc1
C1=C(C2CCCCC2)CN(c2ccccc2)c2ccncc21
C1=C(C2CCCCC2)CN(c2ccccc2)c2ccncc21
C1=C(C2CCCCC2)CN(c2ccccc2)c2ccncc21
c1ccc(-n2c(C3CCCCC3)cc3cnccc32)cc1
C=c1c(=C2C=N2)cc(C2CCCCC2)n1-c1ccccc1
C1=NC1=C1C=C(C2CCCCC2)N(c2ccccc2)C1
C1=NC1=C1C=C(C2CCCCC2)N(c2ccccc2)C1
C1=NC1=C1C=C(C2CCCCC2)CN(c2ccccc2)C1
C1=NC1=C1C=C(C2CCCCCC2)CN(c2ccccc2)C1
C1=NC1=C1C=C(C2CCCCCC2)CN1c1ccccc1
C1=NC1=C1C=C2CCCCCC2CCN1c1ccccc1
C1=NC1=C1C=C2CCCCCC2CCN1c1ccccc1
C1=NC1=C1C=C2CCCCC2CCN1c1ccccc1
C1=NC1=C1C=C2CCCCC2CCN1c1ccccc1
C1=NC1=C1C=C2CCCCC2CN1c1ccccc1
C1=NC1=C1C=C2CCCCC2CN1c1ccccc1
C1=NC1=C1C=C2CCCCC2CN1c1ccccc1
C1=NC1=C1C=C2CCCCC2CN1c1ccccc1
C1=C2CCCCC2CN(c2ccccc2)C1=C1CN1
C1=C2CCCCC2CN(c2ccccc2)C1=C1CN1
C1=C2CCCCCC2CN(c2ccccc2)C1=C1CN1
C1=C2CCCCCC2CCN(c2ccccc2)C1=C1CN1
C1=C2CCCCCC2CCN(c2ccccc2)C1=C1CN1
C1=C2CCCCCC2CCN(c2ccccc2)C1=C1CNN1
C1=C2CCCCCC2CCN(c2ccccc2)C1=C1CNN1
C1=C2CCCCCC2CCN(c2ccccc2)C1=C1NN1
C1=C2CCCCCC2CCN(c2ccccc2)C1=C1NN1
C1=C2CCCCCC2CCN(c2ccccc2)C1=C1CN1
C1=C2CCCCCC2CCN(c2ccccc2)C1=C1CN1
C1=C2CCCCCC2CCN(c2ccccc2)C1=C1CN1
C1=C2CCCCCC2CCN(c2ccccc2)C1=C1CN1
C1=C2CCCCCCC2CCN(c2ccccc2)C1=C1CN1
C1=C2CCCCCCC2CCN(c2ccccc2)C1=C1CC1
C1=C2CCCCCC2CCN(c2ccccc2)C1=C1CC1
C1=C2CCCCCC2CCN(c2ccccc2)C1=C1CC1
C1=C2CCCCCC2CCCN(c2ccccc2)C1=C1CC1
O=C1CC1=C1C=C2CCCCCC2CCCN1c1ccccc1
O=C1CC1=C1C=C2CCCCCC2CCCN1c1ccccc1
O=C1CC1=C1C=C2CCCCCC2CCN1c1ccccc1
O=C1CC1=C1C=C2CCCCCC2CCN1c1ccccc1
O=C1CC1=C1C=C2CCCCCC2CCN1c1ccccc1
O=C1CC1=C1C=C2CCCCC2CCN1c1ccccc1
O=C1CCC1=C1C=C2CCCCC2CCN1c1ccccc1
O=C1CCC1=C1C=C2CCCCC2CCCN1c1ccccc1
O=C1CCC1=C1C=C2CCCCC2CCCN1c1ccccc1
O=C1CCC1=C1C=C2CCCCC2CCN1c1ccccc1
O=C1CCC1=C1C=C2CCCCC2CCN1c1ccccc1
O=C1CCC1=C1C=C2CCCCC2CCN1c1ccccc1
O=C1CC1=C1C=C2CCCCC2CCN1c1ccccc1
O=C1CC1=C1C=C2CCCCC2CCN1c1ccccc1
C=C1CC1=C1C=C2CCCCC2CCN1c1ccccc1
C=C1CC1=C1C=C2CCCCC2CCN(c2ccccc2)C1
C=C1C=C2C=C3CCCCC3CCN(c3ccccc3)C12
C1=C2CCCCC2CC2=C1CN2c1ccccc1
C1=C2CCCCC2CC2=C1CN2c1ccccc1
C1=C2CCCCC2CC2=C1CN2c1ccccc1
C1=C2CCCCC2CC2=C1CN2c1ccccc1
C1=C2CCCC2CC2=C1CN2c1ccccc1
C1=C2CCCC2CC2=C1CN2c1ccccc1
C1=C2CCCC2CC2=C1CN(c1ccccc1)C2
C1=C2CCCC2CC2=C1CN(c1ccccc1)CC2
C1=C2CCCCC2CC2=C1CN(c1ccccc1)CC2
C1=C2CCCCC2CC2=C1N(c1ccccc1)CC2
C1=C2CCCCC2CC2=C1N(c1ccccc1)CCC2
C1=CC2=C(C=C3CCCCC3C2)N(c2ccccc2)C1
C1=C2CCCCC2Cc2ccn(-c3ccccc3)c21
C1=C2CCCCCC2Cc2ccn(-c3ccccc3)c21
C1=C2CCCCCCC2Cc2ccn(-c3ccccc3)c21
C1=C2CCCCCCC2Cc2cnn(-c3ccccc3)c21
C1=C2CCCCCC2Cc2cnn(-c3ccccc3)c21
C1=C2CCCCC2Cc2cnn(-c3ccccc3)c21
c1ccc(CCC(Cc2cc3cnccc3[nH]2)C2CC2)cc1
c1ccc(CCC(Cc2cc3cnccc3[nH]2)C2CC2)cc1
c1ccc(CCC(Cc2cc3ccccc3[nH]2)C2CC2)cc1
c1ccc2c(c1)CCC(Cc1cc3ccccc3[nH]1)CC2
C=C(CC1CCc2ccccc2CC1)Nc1ccccc1
C=C(CC1CCc2ccccc2CC1)Nc1ccccc1
C=C(CC1CCCc2ccccc2C1)Nc1ccccc1
C=C(CC1CCC2CCOc3cccc(c32)C1)Nc1ccccc1
C=C(CC1Cc2cccc3c2C(CCO3)C1)Nc1ccccc1
C=C(Nc1ccccc1)c1cc2c3c(c1)OCCC3CCC2
O=C(Nc1ccccc1)c1cc2c3c(c1)OCCC3CCC2
O=C(Nc1ccccc1)c1cc2c3c(c1)OCC3CCC2
O=C(Nc1ccccc1)c1cc2c3c(c1)OCC3CCC2
O=C(Nc1ccccc1)OC1CCc2cccc3c2C1CO3
O=C(Nc1ccccc1)OC1CCc2cccc3c2C1CO3
O=C(Nc1ccccc1)OC1Cc2cccc3c2C1CO3
O=C(Nc1ccccc1)OC1CNc2cccc3c2C1CO3
O=C(Nc1ccccc1)OC1CNc2ccccc2C1
O=C(Nc1ccccc1)OC1CNc2ccccc2C1
O=C(Nc1ccccc1)OC1CNc2ccccc2C1
O=C(Nc1ccc2c(c1)OCO2)OC1CNc2ccccc2C1
O=C(Nc1ccc2c(c1)OCO2)OC1CNc2ccccc2C1
O=C(Nc1ccc2c(c1)OCO2)OC1CNc2ccccc2C1
O=C(Nc1ccc2c(c1)OCO2)OC1CNc2ccccc2C1
O=C(Nc1ccc2c(c1)OCO2)OC1CNc2ccccc2C1
O=C(Nc1ccc2c(c1)OCO2)OC1CNc2ccccc2C1
O=C(Nc1ccc2c(c1)OCO2)OC1CNc2ccccc2C1
O=C(Nc1ccc2c(c1)OCO2)OC1CNc2ccccc2C1
O=C(Nc1ccc2c(c1)OCO2)OC1CNc2ccccc2C1
O=C(Nc1ccc2c(c1)OCO2)OC1CNc2ccccc2C1
O=C(Nc1ccc2c(c1)OCO2)OC1CNc2ccccc2C1
O=C(Nc1ccc2c(c1)OCO2)OC1CNc2ccccc2C1
O=C(Nc1ccc2c(c1)OCO2)OC1CNc2ccccc2C1
O=C(Nc1ccc2c(c1)OCO2)OC1CNc2ccccc2C1
O=C(Nc1ccc2c(c1)OCO2)OC1CNc2ccccc2C1
O=C(Nc1ccc2c(c1)OCO2)OC1CNc2ccc(C3CC3)cc2C1
O=C(Nc1ccc2c(c1)OCO2)OC1CNc2ccc(C3CC3)cc2C1
O=C(Nc1ccc2c(c1)OCO2)OC1CNc2ccc(C3CC3)cc2C1
O=C(Nc1ccc2c(c1)OCO2)OC1CNc2ccc(C3CCC3)cc2C1
O=C(Nc1ccc2c(c1)OCO2)OC1CNc2ccccc2C1
O=C(Nc1ccc2c(c1)OCO2)OC1CNc2ccc(CC3CCC3)cc2C1
O=C(Nc1ccc2c(c1)OCO2)OC1CNc2ccc(CCC3CCC3)cc2C1
O=C(Nc1ccc2c(c1)OCO2)OC1CNc2ccc(C3CC4CCC4C3)cc2C1
O=C(Nc1ccc2c(c1)OCO2)OC1CNc2ccc(C3CC4CCC4C3)cc2C1
O=C(Nc1ccc2c(c1)OCO2)OC1CNc2ccc(C3CC4CC4C3)cc2C1
O=C(Nc1ccc2c(c1)OCO2)OC1CNc2ccc(C3CC4CC43)cc2C1
O=C(Nc1ccc2c(c1)OCO2)OC1CNc2ccc(C3CC4CCC43)cc2C1
O=C(Nc1ccc2c(c1)OCO2)OC1CNc2ccc(C3CCC3)cc2C1
O=C(Nc1ccc2c(c1)OCO2)OC1CNc2ccc(C3CCC3)cc2C1
O=C(Nc1ccc2c(c1)OCO2)OC1CNc2ccc(C3CCC3)cc2C1
O=C(Nc1ccc2c(c1)OCO2)OC1CNc2ccc(C3=CCC3)cc2C1
O=C(Nc1ccc2c(c1)OCO2)OC1CNc2ccc(C3=CC=C3)cc2C1
O=C(Nc1ccc2c(c1)OCCO2)OC1CNc2ccc(C3=CC=C3)cc2C1
O=C(Nc1ccc2c(c1)OCCO2)OC1CNc2ccc(C3=CC=C3)cc2C1
O=C(Nc1ccc2c(c1)OCO2)OC1CNc2ccc(C3=CC=C3)cc2C1
O=C(Nc1ccc2c(c1)OCO2)OC1CNc2ccc(C3=C4CCC4=C3)cc2C1
O=C(Nc1ccc2c(c1)OCO2)OC1CNc2ccc(-c3cc4ccc3-4)cc2C1
O=C(Nc1ccc2c(c1)OCO2)OC1CNc2ccc(-c3cc4ccc3-4)cc2C1
O=C(Nc1ccc2c(c1)OCO2)OC1CNc2ccc(-c3ccccc3)cc2C1
O=C(Nc1ccc2c(c1)OCO2)OC1CNc2ccc(-c3ccccc3)cc2C1
O=C(Nc1ccc2c(c1)OCO2)OC1CNc2ccc(-c3ccccc3)cc2C1
O=C(Nc1ccc2c(c1)OCO2)OC1CNc2ccc(-c3cccc4c3NCC4)cc2C1
O=C(Nc1ccc2c(c1)OCO2)OC1CNc2ccc(-c3cccc4cc[nH]c34)cc2C1
c1ccc(CCC(Cc2cc3cnccc3[nH]2)C2CC2)cc1
c1ccc(CCC(Cc2cc3cnccc3[nH]2)C2CC2)cc1
c1ccc(CCCCc2cc3cnccc3[nH]2)cc1
c1ccc2c(c1)OCCC2CCCc1cc2cnccc2[nH]1
c1ccc2c(c1)OCCC2CCCc1cc2cnccc2[nH]1
c1ccc2c(c1)OCCC2CCc1cc2cnccc2[nH]1
c1ccc2c(c1)OCCC2CCc1cc2cnccc2[nH]1
c1ccc2c(c1)CCCC2CCc1cc2cnccc2[nH]1
c1ccc2c(c1)CCCC2CCCNc1ccncc1
c1ccc2c(c1)CCCC2CCCNc1ccncc1
c1ccc2c(c1)CCCC2CCCNc1ccncc1
c1ccc2c(c1)CCCC2CCCNc1ccncc1
c1ccc2c(c1)CCCC2CCCNc1ccncc1
c1ccc2c(c1)CCCC2CCCNc1ccncc1
c1ccc2c(c1)CCCC2CCCNc1ccncc1
c1ccc2c(c1)CCCC2CCCNc1ccncc1
c1ccc2c(c1)CCCC2CCCNc1ccncc1
O=C(CCC1CCCc2ccccc21)Nc1ccncc1
O=C(CCC1CCCc2ccccc21)Nc1ccncc1
O=C(CCC1CCCc2ccccc21)Nc1ccncc1
O=C(CCC1CCCc2ccccc21)Nc1ccncc1
O=C(CCC1CCCc2ccccc21)Nc1ccncc1
O=C(CCC1CCCc2ccccc21)Nc1ccncc1
O=C(CCC1CCCc2ccccc21)Nc1ccncc1
O=C(CCC1CCCc2ccccc21)Nc1cccnc1
O=C(CCC1CCCc2ccccc21)Nc1cccnc1
O=C(CCC1CCCc2ccccc21)Nc1cccnc1
O=C(CCC1CCCc2ccccc21)Nc1cccnc1
O=C(CCC1CCCc2ccccc21)Nc1cccnc1
O=C(CCC1CCCc2ccccc21)Nc1cccnc1
O=C(CCC1CCCc2ccccc21)Nc1cccnc1
O=C(CCC1CCCCc2ccccc21)Nc1cccnc1
O=C(CCC1CCCCc2ccccc21)Nc1cccnc1
O=C(CCC1CCCCCc2ccccc21)Nc1cccnc1
O=C(CCC1CCCCCc2ccccc21)Nc1cccnc1
O=C(CCC1CCCCCc2ccccc21)Nc1ccccc1
O=C(CCC1CCCCCc2ccccc21)Nc1ccccc1
O=C(CCC1CCCCCc2ccccc21)Nc1ccccc1
O=C(CCC1CCCCCc2ccccc21)Nc1ccccc1
O=C(CCC1CCCCc2ccccc21)Nc1ccccc1
O=C(CCC1CCCc2ccccc21)Nc1ccccc1
O=C(CCC1CCCc2ccccc21)Nc1ccccc1
O=C(CCC1CCCc2ccccc21)Nc1ccc2c(c1)CCC2
O=C(CCC1CCCc2ccccc21)Nc1ccc2c(c1)CCC2
O=C(CCC1CCCc2ccccc21)Nc1ccc2c(c1)CCC2
O=C(CCC1CCCc2ccccc21)Nc1ccc2c(c1)C=CC2
O=C(CCC1CCCc2ccccc21)Nc1ccc2c(c1)C=C2
O=C(CCC1CCCc2ccccc21)Nc1ccc2c(c1)C=C2
O=C(CCC1CCCc2ccccc21)Nc1ccc2c(c1)C=C2
O=C(CCC1CCCc2ccccc21)Nc1ccc2c(c1)C=C2
O=C(CCC1CCCc2ccccc21)Nc1ccc2c(c1)C=C2
O=C(CCC1CCCc2ccccc21)Nc1ccc2c(c1)C=C2
O=C(CCC1CCCc2ccccc21)Nc1ccc2c(c1)C=N2
O=C(CCC1CCCc2ccccc21)Nc1ccc2c(c1)C=N2
O=C(CCC1CCCc2ccccc21)Nc1ccc2c(c1)C=N2
O=C(CCC1CCCc2ccccc21)Nc1ccc2c(c1)C=N2
O=C(CCC1CCCc2ccccc21)Nc1ccc2c(c1)C=N2
O=C(CCC1CCCc2ccccc21)Nc1ccc2c(c1)C=NC2
O=C(CCC1CCCc2ccccc21)Nc1ccc2c(c1)C=NC2
O=C(CCC1CCCc2ccccc21)Nc1ccc2c(c1)C=NC2
O=C(CCC1CCCCc2ccccc21)Nc1ccc2c(c1)C=NC2
O=C(CCC1CCCCc2ccccc21)Nc1ccc2c(c1)C=NC2
O=C(CCC1CCCCc2ccccc21)Nc1ccc2oncc2c1
O=C(CCC1CCCCc2ccccc21)Nc1ccc2oncc2c1
O=C(CCC1CCCCc2ccccc21)Nc1ccc2oncc2c1
O=C(CCC1CCCCc2ccccc21)Nc1ccc2oncc2c1
O=C(CCC1CCCCc2ccccc21)Nc1ccc2oncc2c1
O=C(CCC1CCCCc2ccccc21)Nc1ccc2c(c1)C=NOC2
O=C(CCC1CCCCc2ccccc21)Nc1ccc2c(c1)C=NOC2
O=C(CCC1CCCCc2ccccc21)Nc1ccc2c(c1)C=NOC2
O=C(CCC1CCCc2ccccc21)Nc1ccc2c(c1)C=NOC2
O=C(CCC1CCCc2ccccc21)Nc1ccc2c(c1)C=NOC2
O=C(CCC1CCCc2ccccc21)Nc1ccc2c(c1)C=NOC2
C=C1ON=Cc2cc(NC(=O)CCC3CCCc4ccccc43)ccc21
C=C1ON=Cc2cc(NC(=O)CCC3CCCc4ccccc43)ccc21
C=C1ON=Cc2cc(NC(=O)CCC3CCc4ccccc43)ccc21
O=C(CCC1CCc2ccccc21)Nc1ccc2c(=O)oncc2c1
O=C(CCC1CCc2ccccc21)Nc1ccc2c(=O)oncc2c1
O=C(CCC1CCCc2ccccc21)Nc1ccc2c(=O)oncc2c1
O=C(CCC1CCCc2ccccc21)Nc1ccc2c(=O)oncc2c1
c1ccc(CON=C2CCNc3ccc(-c4cccc5cc[nH]c45)cc32)cc1
c1ccc(CON=C2CCNc3ccc(-c4cccc5cc[nH]c45)cc32)cc1
c1ccc(CON=C2CCNc3ccc(-c4cccc5cc[nH]c45)cc32)cc1
C(CCNc1ccc(-c2cccc3cc[nH]c23)cc1)=NOCc1ccccc1
C1=Cc2cccc(-c3ccc(NCCC=NOCc4ccccc4)cc3)c2C1
C1=Cc2cccc(-c3ccc(NCCC=NOCc4ccccc4)cc3)c2CC1
C(CCNc1ccc(-c2cccc3c2CCCC3)cc1)=NOCc1ccccc1
C(CCNc1ccc(-c2cccc3c2CCCCC3)cc1)=NOCc1ccccc1
c1ccc(CC2CCCCc3c(-c4ccccc4)cccc32)cc1
c1ccc(CC2CCCCc3c(-c4ccccc4)cccc32)cc1
c1ccc(CC23CCCC2c2c(-c4ccccc4)cccc23)cc1
c1ccc(CC23CCCC2c2c(-c4ccccc4)cccc23)cc1
c1ccc(CC23CCCC2Cc2c(-c4ccccc4)cccc23)cc1
c1ccc(CC23CCCC2Cc2c(-c4ccccc4)cccc23)cc1
c1ccc(CC23CCCC2CCc2c(-c4ccccc4)cccc23)cc1
c1ccc(CC23CCCCC2CCc2c(-c4ccccc4)cccc23)cc1
c1ccc(CC23CCCCC2CCc2c(-c4ccccc4)cccc23)cc1
c1ccc(CC2CCC3(Cc4ccccc4)c4ccccc4CCC3C2)cc1
c1ccc(CC2CCC3(Cc4ccccc4)c4ccccc4CCC3C2)cc1
c1ccc(CC2CCC3(Cc4ccccc4)c4ccccc4CCC3C2)cc1
c1ccc(CC2CCC3(Cc4ccccc4)c4ccccc4CCC3C2)cc1
c1ccc(CC2CCC3(Cc4ccccc4)c4ccccc4CCC3C2)cc1
c1ccc(CC2CCC3(Cc4ccccc4)c4ccccc4CCC3C2)cc1
c1ccc(CC2CCC3(Cc4ccccc4)c4ccccc4CCC3C2)cc1
c1ccc(CC2CCC3(Cc4ccccc4)c4ccccc4CCC3C2)cc1
c1ccc(CC2CCC3(Cc4ccccc4)c4ccccc4CCC3C2)cc1
c1ccc(CC2CCC3(Cc4ccccc4)c4ccccc4CCC3C2)cc1
c1ccc(CC2CCC3(Cc4ccccc4)c4ccccc4CCC3C2)cc1
c1ccc(CC2CCC3(Cc4ccccc4)c4ccccc4CCC3C2)cc1
c1ccc(CC2CCC3(Cc4ccccc4)c4ccccc4CCC3C2)cc1
c1ccc(CC2CCC3(Cc4ccccc4)c4ccccc4CCC3C2)cc1
c1ccc(CC2CCC3(Cc4ccccc4)c4ccccc4CCC3C2)cc1
c1ccc(CC23CCC(Cc4cccnc4)CC2CCc2ccccc23)cc1
c1ccc(CC23CCC(Cc4cccnc4)CC2CCc2ccccc23)cc1
c1ccc(CC23CCC(Cc4cccnc4)CC2CCc2ccccc23)cc1
c1ccc(CC23CCC(Cc4cccnc4)CC2CCCc2ccccc23)cc1
c1ccc(CC23CCC(Cc4cccnc4)CC2CCCc2ccccc23)cc1
c1ccc(CC23CCC(Cc4cccnc4)CC2CCCCc2ccccc23)cc1
c1ccc(CC23CCC(Cc4cccnc4)CC2CCCCc2ccccc23)cc1
c1ccc(CC23CCC(Cc4cccnc4)CC2CCCCc2ccccc23)cc1
c1ccc(CC23CCC(Cc4cccnc4)CC2CCCc2ccccc23)cc1
c1ccc(CC23CCC(Cc4cccnc4)CC2CCc2ccccc23)cc1
c1ccc(CC23CCC(Cc4cccnc4)CC2CCc2ccccc23)cc1
c1ccc(CC23CCC(Cc4cccnc4)CC2CCc2ccccc23)cc1
c1ccc(CC23CCC(Cc4cccnc4)CC2CCc2ccccc23)cc1
c1ccc(CC23CCC(Cc4cnccn4)CC2CCc2ccccc23)cc1
c1ccc(CC23CCC(Cc4cnccn4)CC2CCCc2ccccc23)cc1
c1ccc(CC23CCC(Cc4cnccn4)CC2CCCc2ccccc23)cc1
c1ccc(CC23CCC(Cc4cnccn4)CC2CCCc2ccccc23)cc1
c1ccc(CC23CCC(Cc4cnccn4)CC2CCCc2ccccc23)cc1
c1ccc(CC23CCC(Cc4cnccn4)CC2CCCc2ccccc23)cc1
c1ccc(CC23CCC(Cc4cnccn4)CC2CCCc2ccccc23)cc1
c1ccc(CC23CCC(Cc4cnccn4)CC2CCCc2ccccc23)cc1
c1ccc(CC23CCC(Cc4cnccn4)CC2CCCc2ccccc23)cc1
c1ccc(CC23CCC(Cc4cnccn4)CC2CCCCc2ccccc23)cc1
c1ccc(CC23CCC(Cc4cnccn4)CC2CCCCc2ccccc23)cc1
c1ccc(CC23CCC(Cc4cnccn4)CC2CCCCc2ccccc23)cc1
c1ccc(CC23CCC(Cc4cnccn4)CC2CCCCc2ccccc23)cc1
c1ccc(CC23CCC(CNc4cnccn4)CC2CCCCc2ccccc23)cc1
c1ccc(CC23CCC(CNc4cnccn4)CC2CCCc2ccccc23)cc1
c1ccc(CC23CC(CNc4cnccn4)CC2CCCc2ccccc23)cc1
c1ccc(CC23CC(CNc4cnccn4)CC2CCc2ccccc23)cc1
c1ccc(CC23CC(CNc4cnccn4)CC2CCc2ccccc23)cc1
c1ccc(CC23CC(CNc4cnccn4)CC2CCc2ccccc23)cc1
c1ccc(CC23CC(CCNc4cnccn4)CC2CCc2ccccc23)cc1
c1ccc(CC23CCC(CCNc4cnccn4)CC2CCc2ccccc23)cc1
c1ccc(CC23CCC(CNc4cnccn4)CC2CCc2ccccc23)cc1
c1ccc(CC23CCC(CNc4cnccn4)CC2CCc2ccccc23)cc1
c1ccc(CC23CCCC(CNc4cnccn4)CC2CCc2ccccc23)cc1
C=C(Nc1cnccn1)C1CCCC2(Cc3ccccc3)c3ccccc3CCC2C1
C=C(Nc1cnccn1)C1CCC2(Cc3ccccc3)c3ccccc3CCC2C1
C=C(Nc1cnccn1)C1CCC2(Cc3ccccc3)c3ccccc3CCC2C1
C=C(Nc1cnccn1)c1ccc2c(c1)CCC1CCCCC21Cc1ccccc1
C=C(Nc1cnccn1)c1ccc2c(c1)CCC1CCCCC21Cc1ccccc1
C=C(Nc1cnccn1)c1ccc2c(c1)CCC1CCCCCC21Cc1ccccc1
C=C(Nc1cnccn1)c1ccc2c(c1)CCC1CCCCC21Cc1ccccc1
O=C(Nc1cnccn1)c1ccc2c(c1)CCC1CCCCC21Cc1ccccc1
O=C(Nc1cnccn1)c1ccc2c(c1)CCC1CCCCCC21Cc1ccccc1
O=C(Nc1cnccn1)c1ccc2c(c1)CCC1CCCCCC21Cc1ccccc1
O=C(Nc1cnccn1)c1ccc2c(c1)CCC1CCCCCC21Cc1ccccc1
O=C(Nc1cnccn1)c1ccc2c(c1)CCC1CCCCCC21Cc1ccccc1
O=C(Nc1cnccn1)c1ccc2c(c1)CCC1CCCCCC21Cc1ccccc1
O=C(Nc1cnccn1)c1ccc2c(c1)CCC1CCCCC21Cc1ccccc1
O=C(Nc1cnccn1)c1ccc2c(c1)CCC1CCCCC21Cc1ccccc1
O=C(Nc1cnccn1)c1ccc2c(c1)CCC1CCCCC21Cc1ccccc1
O=C(Nc1cnccn1)c1ccc2c(c1)CCC1CCCCC21Cc1ccccc1
O=C(Nc1cnccn1)c1ccc2c(c1)CCC1CCCCC21Cc1ccccc1
O=C(Nc1cnccn1)c1ccc2c(c1)CCC1CCCCC21Cc1ccccc1
O=C(Nc1cnccn1)c1ccc2c(c1)CCC1CCCCC21Cc1ccccc1
O=C(Nc1cnccn1)c1ccc2c(c1)CC1CCCCC21Cc1ccccc1
O=C(Nc1cnccn1)c1ccc2c(c1)CC1CCCCC21Cc1ccccc1
O=C(Nc1cnccn1)c1ccc2c(c1)CCC1CCCCC21Cc1ccccc1
c1ccc(CON=C2CCNc3ccc(-c4cccc5cc[nH]c45)cc32)cc1
c1ccc(CON=C2CCNc3ccc(-c4cccc5cc[nH]c45)cc32)cc1
c1ccc(CON=C2CCNc3ccc(-c4cccc5cc[nH]c45)cc32)cc1
c1ccc(CONC2CCNc3ccc(-c4cccc5cc[nH]c45)cc32)cc1
c1ccc(NC2CCNc3ccc(-c4cccc5cc[nH]c45)cc32)cc1
c1ccc(CNC2CCNc3ccc(-c4cccc5cc[nH]c45)cc32)cc1
c1ccc(CNC2CCOc3ccc(-c4cccc5cc[nH]c45)cc32)cc1
c1ccc(NC2CCOc3ccc(-c4cccc5cc[nH]c45)cc32)cc1
c1ccc(NC2CCOc3ccc(-c4cccc5cc[nH]c45)cc32)cc1
c1ccc(NC2CCOc3ccc(-c4cccc5cc[nH]c45)cc32)cc1
c1cc(-c2ccc3c(c2)C(Nc2ccc4c(c2)OCO4)CCO3)c2[nH]ccc2c1
c1cc(-c2ccc3c(c2)C(Nc2ccc4c(c2)OCO4)CCO3)c2[nH]ccc2c1
c1cc(-c2ccc3c(c2)C(Nc2ccc4c(c2)OCO4)CCC3)c2[nH]ccc2c1
c1cc(-c2ccc3c(c2)C(Nc2ccc4c(c2)OCO4)CCC3)c2[nH]ccc2c1
c1cc(-c2ccc3c(c2)C(Nc2ccc4c(c2)OCO4)CCCC3)c2[nH]ccc2c1
c1cc(-c2ccc3c(c2)C(Nc2ccc4c(c2)OCO4)CCCC3)c2[nH]ccc2c1
c1cc(-c2ccc3c(c2)C(Nc2ccc4c(c2)OCO4)CCCC3)c2[nH]ccc2c1
C1=C(Nc2ccc3c(c2)OCO3)c2cc(-c3cccc4cc[nH]c34)ccc2CCC1
C(=C(Nc1ccc2c(c1)OCO2)c1cccc(-c2cccc3cc[nH]c23)c1)C1CCC1
C(=C(Nc1ccc2c(c1)OCO2)c1cccc(-c2cccc3cc[nH]c23)c1)C1CC1
C(=C(Nc1ccc2c(c1)OCO2)c1cccc(-c2cccc3cc[nH]c23)c1)C1CC1
C(CC1CC1)=C(Nc1ccc2c(c1)OCO2)c1cccc(-c2cccc3cc[nH]c23)c1
C(CC1CC1)=C(Nc1ccc2c(c1)OCO2)c1cccc(-c2cccc3cc[nH]c23)c1
C(=C(Nc1ccc2c(c1)OCO2)c1cccc(-c2cccc3cc[nH]c23)c1)C1CC1
C=C(Nc1ccc2c(c1)OCO2)c1cccc(-c2cccc3cc[nH]c23)c1
C=C(Nc1ccc2c(c1)OCO2)c1cccc(-c2ccc3[nH]ccc3c2)c1
C(=C(Nc1ccc2c(c1)OCO2)c1cccc(-c2ccc3[nH]ccc3c2)c1)C1CC1
C(=C(Nc1ccc2c(c1)OCO2)c1cccc(-c2ccc3[nH]ccc3c2)c1)C1CC1
C(=C(Nc1ccc2c(c1)OCO2)c1cccc(-c2ccc3[nH]ccc3c2)c1)C1CC1
C(=C(Nc1ccc2c(c1)OCO2)c1cccc(-c2cccc3cc[nH]c23)c1)C1CC1
C(=C(Nc1ccc2c(c1)OCO2)c1cccc(-c2cccc3cc[nH]c23)c1)C1CC1
C(=C(Nc1ccc2c(c1)OCO2)c1cccc(-c2cccc3cc[nH]c23)c1)C1CC1
C(=C(Nc1ccc2c(c1)OCO2)c1cccc(-c2cccc3cc[nH]c23)c1)C1CC1
C(=C(Nc1ccc2c(c1)OCO2)c1cccc(-c2cccc3cc[nH]c23)c1)C1CC1
C=C(Nc1ccc2c(c1)OCO2)c1ccc(C2CC2)c(-c2cccc3cc[nH]c23)c1
C=C(Nc1ccc2c(c1)OCO2)c1ccc(C2CC2)c(-c2cccc3cc[nH]c23)c1
C=C(Nc1ccc2c(c1)OCO2)c1ccc(C2CC2)c(-c2cccc3cc[nH]c23)c1
C=C(Nc1ccc2c(c1)OCO2)c1ccc(C2CC2)c(-c2cccc3cc[nH]c23)c1
O=C(Nc1ccc2c(c1)OCO2)c1ccc(C2CC2)c(-c2cccc3cc[nH]c23)c1
O=C(Nc1ccc2c(c1)OCO2)c1ccc(C2CC2)c(-c2cccc3cc[nH]c23)c1
O=C(Nc1ccc2c(c1)OCO2)c1ccc(C2CC2)c(-c2cccc3cc[nH]c23)c1
O=C(Nc1ccc2c(c1)OCO2)Oc1ccc(C2CC2)c(-c2cccc3cc[nH]c23)c1
O=C(Nc1ccc2c(c1)OCO2)Oc1ccc(C2CC2)c(-c2cccc3cc[nH]c23)c1
O=C(Nc1ccc2c(c1)OCO2)OC1CC1c1ccccc1-c1cccc2cc[nH]c12
O=C(Nc1ccc2c(c1)OCO2)OC1CC1c1ccccc1-c1cccc2cc[nH]c12
O=C(Nc1ccc2c(c1)OCO2)OC1CC1c1ccccc1-c1cccc2cc[nH]c12
O=C(Nc1ccc2c(c1)OCO2)OC1CC1c1ccccc1-c1cccc2cc[nH]c12
O=C(Nc1ccc2c(c1)OCO2)OC1CC1c1ccccc1-c1cccc2cc[nH]c12
O=C(Nc1ccc2c(c1)OCO2)OC1CC1c1ccccc1-c1cccc2cc[nH]c12
O=C(Nc1ccc2c(c1)OCO2)OC1C2CCc3cccc(-c4cccc5cc[nH]c45)c3C21
O=C(Nc1ccc2c(c1)OCO2)OC1C2CCc3cccc(-c4cccc5cc[nH]c45)c3C21
O=C(Nc1ccc2c(c1)OCO2)OC1CCc2cccc(-c3cccc4cc[nH]c34)c2C1
O=C(Nc1ccc2c(c1)OCO2)OC1Cc2cccc(-c3cccc4cc[nH]c34)c2C1
O=C(Nc1ccc2c(c1)OCO2)OC1Cc2cccc(-c3cccc4cc[nH]c34)c2C1
O=C(Nc1ccc2c(c1)OCO2)OC1Cc2cccc(-c3cccc4cc[nH]c34)c2C1
O=C(Nc1ccc2c(c1)OCO2)OC1CNc2c(cccc2-c2cccc3cc[nH]c23)C1
O=C(Nc1ccc2c(c1)OCO2)OC1CNc2c(cccc2-c2cccc3cc[nH]c23)C1
O=C(Nc1ccc2c(c1)OCO2)OC1CNc2c(cccc2-c2cccc3cc[nH]c23)C1
O=C(Nc1ccc2c(c1)OCO2)OC1CNc2c(cccc2-c2cccc3cc[nH]c23)C1
O=C(Nc1ccc2c(c1)OCO2)OC1CCCCc2ccc(-c3cccc4cc[nH]c34)cc2C1
O=C(Nc1ccc2c(c1)OCO2)OC1CCCCc2ccc(-c3cccc4cc[nH]c34)cc2C1
O=C(Nc1ccc2c(c1)OCO2)OC1CCCc2ccc(-c3cccc4cc[nH]c34)cc2C1
O=C(Nc1ccc2c(c1)OCO2)OC1CCCc2ccc(-c3cccc4cc[nH]c34)cc2C1
O=C(Nc1ccc2c(c1)OCO2)OC1CCc2ccc(-c3cccc4cc[nH]c34)cc2C1
O=C(Nc1ccc2c(c1)OCO2)OC1CCc2ccc(-c3cccc4cc[nH]c34)cc2C1
O=C(Nc1ccc2c(c1)OCO2)OC1CCc2ccc(-c3cccc4cc[nH]c34)cc2CC1
O=C(Nc1ccc2c(c1)OCO2)OC1CCc2cc(-c3cccc4cc[nH]c34)ccc2NC1
O=C(Nc1ccc2c(c1)OCO2)OC1CCc2cc(-c3cccc4cc[nH]c34)ccc2NC1
O=C(Nc1ccc2c(c1)OCO2)OC1CNc2ccc(-c3cccc4cc[nH]c34)cc2C1
O=C(Nc1ccc2c(c1)OCO2)OC1CNc2ccc(-c3cccc4cc[nH]c34)cc2C1
O=C(Nc1ccc2c(c1)OCO2)OC1CNc2ccc(-c3cccc4cc[nH]c34)cc2C1
O=C(Nc1ccc2c(c1)OCO2)OC1CNc2ccc(-c3cccc4cc[nH]c34)cc2C1
c1ccc(CON=C2CCNc3ccc(-c4cccc5cc[nH]c45)cc32)cc1
c1ccc(CON=C2CCN(c3cccc4cc[nH]c34)c3ccccc32)cc1
c1ccc(CON=C2CCN(c3ccccc3)c3ccccc32)cc1
c1ccc(CON=C2CCN(c3ccccc3)c3ccccc32)cc1
c1ccc(CON=C2CCCN(c3ccccc3)c3ccccc32)cc1
N=C1CCCN(c2ccccc2)c2c(OCc3ccccc3)cccc21
N=C1CCC2Cc3ccccc3N2c2c(OCc3ccccc3)cccc21
c1ccc(COc2cccc3c2N2c4ccccc4CC2CCC3)cc1
c1ccc(COc2cccc3c2N2c4ccccc4CC2CCC3)cc1
c1ccc(CNc2cccc3c2N2c4ccccc4CCCC2C3)cc1
c1ccc(CNc2cccc3c2N2c4ccccc4CCCC2C3)cc1
c1ccc(CNc2cccc3c2N2c4ccccc4CCCC2C3)cc1
c1ccc(CNc2cccc3c2N2c4ccccc4CCCC2C3)cc1
c1ccc(CNc2cccc3c2N2c4ccccc4CCCC2C3)cc1
c1ccc(CNc2cccc3c2N2c4ccccc4CCCC32)cc1
c1ccc(CNc2cccc3c2N2c4ccccc4CCCC32)cc1
c1cncc(CNc2cccc3c2N2c4ccccc4CCCC32)c1
c1cncc(CNc2cccc3c2N2c4ccccc4CCCC32)c1
c1cncc(CNc2cccc3c2N2c4ccccc4CCCC32)c1
c1cncc(CNc2cccc3c2N2Cc4ccccc4CCCC32)c1
c1cncc(CNc2cccc3c2N2Cc4ccccc4CCCC32)c1
c1cncc(CNc2cccc3c2N2c4ccccc4CCCC32)c1
c1cncc(CCc2cccc3c2N2c4ccccc4CCCC32)c1
c1cncc(Cc2cccc3c2N2c4ccccc4CCCC32)c1
c1cncc(Cc2cccc3c2N2c4ccccc4CCCC32)c1
c1cncc(Cc2cccc3c2N2c4ccccc4CCCC32)c1
c1cncc(Cc2cccc3c2N2c4ccccc4CCCC32)c1
c1cncc(Cc2cccc3c2N2c4ccccc4CCCC32)c1
c1cncc(Cc2cccc3c2N2c4ccccc4CCCC32)c1
c1cncc(Cc2cccc3c2N2c4ccccc4CCCC32)c1
c1cncc(Cc2cccc3c2C2c4ccccc4CCCC32)c1
c1cncc(Cc2cccc(C3CCCc4ccccc4C3)c2)c1
c1cncc(Cc2cccc(CC3CCCc4ccccc4C3)c2)c1
c1cncc(Cc2cccc(CC3CCCc4ccccc43)c2)c1
c1cncc(Cc2cccc(CC3CCCc4ccccc43)c2)c1
c1cncc(Cc2cccc(CC3CCCc4ccccc43)c2)c1
c1cncc(Cc2ccccc2CCCC2CCCc3ccccc32)c1
c1cncc(Cc2ccccc2CCC2CCCc3ccccc32)c1
c1cncc(Cc2ccccc2CC2CCCc3ccccc32)c1
c1cncc(Cc2ccccc2CC2CCCc3ccccc32)c1
c1cncc(Cc2ccccc2CC2CCCc3ccccc32)c1
C=C(Cc1ccccc1CC1CCCc2ccccc21)c1ccn[nH]1
N=C(Cc1ccccc1CC1CCCc2ccccc21)c1ccn[nH]1
N=C(Cc1ccccc1CC1CCCc2ccccc21)c1ccn[nH]1
N=C(Cc1ccccc1CC1CCCc2ccccc21)c1ccn[nH]1
N=C(NCc1ccccc1CC1CCCc2ccccc21)c1ccn[nH]1
N=C(NCc1ccccc1CC1CCCc2ccccc21)c1ccn[nH]1
N=C(NCc1ccccc1CC1CCCc2ccccc21)c1ccn[nH]1
O=C(NCc1ccccc1CC1CCCc2ccccc21)c1ccn[nH]1
O=C(NCCc1ccccc1CC1CCCc2ccccc21)c1ccn[nH]1
O=C(NCCc1ccccc1CC1CCCc2ccccc21)c1ccn[nH]1
O=C(NCCc1ccccc1CC1CCCc2ccccc21)c1ccn[nH]1
C=C(CCCNC(=O)c1ccn[nH]1)CC1CCCc2ccccc21
C=C(CCCNC(=O)c1ccn[nH]1)CC1CCCc2ccccc21
C=C(CCCNC(=O)c1ccn[nH]1)CC1CCCc2ccccc21
O=C(NCCCCCC1CCCc2ccccc21)c1ccn[nH]1
O=C(NCCCCCCC1CCCc2ccccc21)c1ccn[nH]1
O=C(NCCCCCCC1CCCc2ccccc21)c1ccn[nH]1
O=C(NCCCCCCC1CCCCc2ccccc21)c1ccn[nH]1
O=C(NCCCCCCC1CCCCCc2ccccc21)c1ccn[nH]1
O=C(NCCCCCCC1CCCCCc2ccccc21)c1ccn[nH]1
O=C(NCCCCCC1CCCCCc2ccccc21)c1ccn[nH]1
O=C(NCCCCCC1CCCCc2ccccc21)c1ccn[nH]1
O=C(NCCCCCC1CCCCc2ccccc21)c1ccn[nH]1
O=C(NCCCCCC1CCCc2ccccc21)c1ccn[nH]1
O=C(NCCCCC1CCCc2ccccc21)c1ccn[nH]1
O=C(NCCCC1CCCc2ccccc21)c1ccn[nH]1
O=C(NCCCC1CCCc2ccccc21)c1ccn[nH]1
O=C(NCCCC1CCCc2ccccc21)c1ccn[nH]1
O=C(NCCCC1CCCc2ccccc21)c1ccn[nH]1
C1=C(CSCCc2ccccc2)c2cc(-c3ccccc3)ccc2NC1
C1=C2c3cc(-c4ccccc4)ccc3NC1CC2SCCc1ccccc1
C1=C2c3cc(Oc4ccccc4)ccc3NC1CC2SCCc1ccccc1
c1ccc(CCSC2CCNc3ccc(Oc4ccccc4)cc3C2)cc1
c1ccc(CCSC2CCNc3ccc(OCc4ccccc4)cc3C2)cc1
c1ccc(CCSC2CCNc3ccc(OCc4ccccc4)cc3C2)cc1
c1ccc(CCSC2CCNc3ccc(OCc4ccccc4)cc3C2)cc1
c1ccc(CCSC2CCCc3ccc(OCc4ccccc4)cc3C2)cc1
c1ccc(CCSC2CCCc3ccc(OCc4ccccc4)cc3CC2)cc1
c1ccc(CCSC2CCCc3ccc(OCc4ccccc4)cc3CC2)cc1
c1ccc(CCC2CCCc3ccc(OCc4ccccc4)cc3CC2)cc1
c1ccc(CCC2CCCc3ccc(OCc4ccccc4)cc3CC2)cc1
c1ccc(CCC2CCCc3ccc(OCc4cccnc4)cc3CC2)cc1
c1ccc(CCC2CCCc3ccc(OCc4cccnc4)cc3CC2)cc1
c1ccc(C2CC3CCc4cc(OCc5cccnc5)ccc4CCC32)cc1
c1ccc(C2CC3CCc4cc(OCc5cccnc5)ccc4CCC32)cc1
c1ccc(C2CC3CCc4cc(OCc5cccnc5)ccc4CCC32)cc1
c1ccc(C2CC3CCc4cc(OCc5cccnc5)ccc4CCC32)cc1
c1ccc(C2CC3CCc4cc(OCc5cccnc5)ccc4CCC32)cc1
c1ccc(C2CC3CCc4cc(OCc5cccnc5)ccc4CCC32)cc1
c1ccc(C2CC3CCc4cc(OCc5cccnc5)ccc4CCC32)cc1
c1ccc(C2CC3CCc4cc(OCc5cccnc5)ccc4CC32)cc1
c1ccc(C2CC3CCc4cc(OCc5cccnc5)ccc4CC32)cc1
c1ccc(C23CCCC4c5ccc(OCc6cccnc6)cc5CCC(C2)C43)cc1
c1ccc(C23CCC4c5ccc(OCc6cccnc6)cc5CCC(C2)C43)cc1
c1ccc(C23CCC4c5ccc(OCc6cccnc6)cc5CCC(C2)C43)cc1
c1ccc(C23CCC4c5ccc(OCc6cccnc6)cc5CCC(C2)C43)cc1
c1ccc(C23CCC4c5ccc(OCc6cccnc6)cc5CCC(CO2)C43)cc1
c1ccc(C23CCC4c5ccc(OCc6cccnc6)cc5CCC(CO2)C43)cc1
c1ccc(C23CCC4c5ccc(OCc6cccnc6)cc5CCC(CO2)C43)cc1
c1ccc(C2CCC3c4ccc(OCc5cccnc5)cc4CCCC23)cc1
c1ccc(C2CCC3c4ccc(OCc5cccnc5)cc4CCC23)cc1
c1ccc(C2CCC3c4ccc(OCc5cccnc5)cc4CCC3C2)cc1
c1ccc(C2CCC3c4ccc(OCc5cccnc5)cc4CCC3C2)cc1
c1ccc(C2CCC3c4ccc(OCc5cccnc5)cc4CCC3C2)cc1
C1=C(CSCCc2ccccc2)c2cc(-c3ccccc3)ccc2NC1
C1=C(CSCCc2ccccc2)c2cc(-c3ccccc3)ccc2NC1
C1=C(CSCCc2ccccc2)c2cc(-c3ccccc3)ccc2NC1
C1=C(C2SCCc3ccccc32)c2cc(-c3ccccc3)ccc2NC1
c1ccc(-c2ccc3c(c2)C(C2SCCc4ccccc42)CN3)cc1
c1ccc(-c2ccc3c(c2)C(C2SCCc4ccccc42)CN3)cc1
c1ccc(-c2ccc3c(c2)C(C2SCCc4ccccc42)CC3)cc1
c1ccc(-c2ccc3c(c2)C(C2SCCc4ccccc42)CC3)cc1
c1ccc(-c2ccc3c(c2)C(C2SCCc4ccccc42)CC3)cc1
c1ccc(-c2ccc3c(c2)C(C2SCCc4ccccc42)CCC3)cc1
c1ccc(-c2ccc3c(c2)C(C2SCCc4ccccc42)CCCC3)cc1
c1ccc(-c2ccc3c(c2)C(C2CSCCc4ccccc42)CCCC3)cc1
c1ccc(-c2ccc3c(c2)C(C2CSCCc4ccccc42)CCCC3)cc1
c1ccc(-c2ccc3c(c2)C(C2CCSCCc4ccccc42)CCCC3)cc1
c1ccc(-c2ccc3c(c2)C(C2CCSCCc4ccccc42)CCCC3)cc1
c1ccc(C2CSCCC(C3CCCCc4ccccc43)c3ccccc32)cc1
c1ccc(C2CSCCC(C3CCCCc4ccccc43)c3ccccc32)cc1
c1ccc(C2CSCCC(C3CCCCc4ccccc43)c3ccccc32)cc1
c1ccc(C2CCCCC(C3CCCCc4ccccc43)c3ccccc32)cc1
c1ccc(C2CCCCC(C3CCCCc4ccccc43)c3ccccc32)cc1
c1ccc(C2CCC(C3CCCCc4ccccc43)CCc3ccccc32)cc1
c1ccc(C2CCC(C3CCCCc4ccccc43)CC2c2ccccc2)cc1
c1ccc(C2CC(C3CCCCc4ccccc43)CC2c2ccccc2)cc1
c1ccc(C2(c3ccccc3)CC(C3CCCCc4ccccc43)C2)cc1
c1ccc(-c2ccccc2C2CC(C3CCCCc4ccccc43)C2)cc1
c1ccc2c(c1)CCCCC2C1CC(c2ccccc2-c2cc3cc-3c2)C1
c1ccc2c(c1)CC(c1ccccc1-c1cc3cc-3c1)CCC2C1CCC1
c1ccc2c(c1)CCC(c1ccccc1-c1cc3cc-3c1)CCC2C1CCC1
c1ccc2c(c1)CCC(c1ccccc1-c1cc3cc-3c1)CCC2C1CCC1
c1ccc(-c2ccccc2C2CCc3ccccc3C(C3CCC3)CC2)cc1
c1ccc(-c2ccccc2C2CCc3ccccc3C(C3CCC3)CC2)cc1
c1ccc(-c2ccccc2C2CCc3ccccc3C(C3CCCC3)CC2)cc1
c1ccc(-c2ccccc2C2CCc3ccccc3C(C3CCCC3)CC2)cc1
c1ccc(-c2ccccc2C2CCc3ccccc3C(C3CCCC3)CC2)nc1
c1ccc(-c2ccccc2C2CCc3ccccc3C(C3CCCC3)CC2)nc1
c1ccc(-c2ccccc2C2CCc3ccccc3C(C3CCC3)CC2)nc1
c1ccc(-c2ccccc2C2CCc3ccccc3C(C3CCC3)CC2)nc1
c1ccc(Cc2ccccc2C2CCc3ccccc3C(C3CCC3)CC2)nc1
c1ccc(Cc2ccccc2C2CCc3ccccc3C(C3CCC3)CC2)nc1
c1ccc(Cc2ncccc2C2CCc3ccccc3C(C3CCC3)CC2)cc1
c1ccc(CCc2ncccc2C2CCc3ccccc3C(C3CCC3)CC2)cc1
c1ccc(CCc2ncccc2C2CCc3ccccc3C(C3CC3)CC2)cc1
c1ccc(CCc2ncccc2C2CCc3ccccc3C(C3CC3)CC2)cc1
c1ccc(CCc2ncccc2C2CCc3ccccc3C(C3CC3)CC2)cc1
c1ccc(Cc2ncccc2C2CCc3ccccc3C(C3CC3)CC2)cc1
c1ccc(Cc2ncccc2C2CCc3ccccc3C(C3CC3)CC2)cc1
c1ccc(-c2ncccc2C2CCc3ccccc3C(C3CC3)CC2)cc1
c1ccc(-c2ncccc2C2CCc3ccccc3C(C3CCC3)CC2)cc1
c1ccc(-c2ncccc2C2CCc3ccccc3C(C3CCC3)CC2)cc1
c1ccc(-c2ncccc2C2CCc3ccccc3C(C3CCC3)CC2)cc1
c1ccc(-c2ncccc2C2CCc3ccccc3C(C3CCC3)CC2)cc1
c1ccc(-c2ncccc2C2CCc3ccccc3C(C3CCCC3)CC2)cc1
c1ccc(-c2ncccc2C2CCc3ccccc3C(C3CCCC3)CC2)cc1
c1ccc(-c2ncccc2C2CCc3ccccc3C(C3CCCC3)CC2)cc1
c1ccc(Cc2ncccc2C2CCc3ccccc3C(C3CCCC3)CC2)cc1
c1ccc(Cc2ncccc2C2CCc3ccccc3C(C3CCC3)CC2)cc1
c1ccc(Cc2ncccc2C2CCc3ccccc3C(C3CCC3)CC2)cc1
c1ccc(Cc2ncccc2C2CCc3ccccc3C(C3CC3)CC2)cc1
c1ccc(-c2ncccc2C2CCc3ccccc3C(C3CC3)CC2)cc1
c1ccc(-c2ncccc2C2CCc3ccccc3C(C3CC3)CC2)cc1
c1ccc(-c2ncccc2C2CCc3ccccc3C(C3CC3)CC2)cc1
c1ccc(-c2ncccc2C2CCc3ccccc3C(C3CC3)CC2)cc1
c1ccc(Oc2ncccc2C2CCc3ccccc3C(C3CC3)CC2)cc1
c1ccc(Oc2ncccc2C2CCc3ccccc3C(C3CC3)CC2)cc1
c1ccc(Oc2ncccc2C2CCc3ccccc3C(C3CC3)CC2)cc1
c1ccc(OCc2ncccc2C2CCc3ccccc3C(C3CC3)CC2)cc1
c1ccc(NCc2ncccc2C2CCc3ccccc3C(C3CC3)CC2)cc1
c1ccc(NCc2ncccc2C2CCc3ccccc3C(C3CC3)CC2)cc1
c1ccc(NCc2ncccc2C2CCc3ccccc3C(C3CCC3)CC2)cc1
c1ccc(NCc2ncccc2C2CCc3ccccc3C(C3CCC3)CC2)cc1
c1ccc(NCc2ncccc2C2CCc3ccccc3C(C3CCC3)CC2)cc1
c1ccc(NCc2ncccc2C2CCc3ccccc3C(C3CCCC3)CC2)cc1
c1ccc(NCc2ncccc2C2CCC(C3CCCC3)c3ccccc3C2)cc1
c1ccc(Nc2ncccc2C2CCC(C3CCCC3)c3ccccc3C2)cc1
c1ccc(Nc2ncccc2C2CCC(C3CCCCC3)c3ccccc3C2)cc1
c1ccc(CNc2ncccc2C2CCC(C3CCCCC3)c3ccccc3C2)cc1
c1ccc(CNc2ncccc2C2CCC(C3CCCC3)c3ccccc3C2)cc1
c1ccc(CNc2ncccc2C2CCC(C3CCCC3)c3ccccc3C2)cc1
c1ccc(CCNc2ncccc2C2CCC(C3CCCC3)c3ccccc3C2)cc1
c1ccc(CCNc2ncccc2C2CCc3ccccc3C(C3CCCC3)CC2)cc1
c1ccc(CCCNc2ncccc2C2CCc3ccccc3C(C3CCCC3)CC2)cc1
c1ccc(CCCNc2ncccc2C2CCc3ccccc3C(C3CCC3)CC2)cc1
c1ccc(CCCNCc2ncccc2C2CCc3ccccc3C(C3CCC3)CC2)cc1
c1ccc(OCCNCc2ncccc2C2CCc3ccccc3C(C3CCC3)CC2)cc1
c1ccc(OCCNCc2ncccc2C2CCc3ccccc3C(C3CCCC3)CC2)cc1
c1ccc(OCCNc2ncccc2C2CCc3ccccc3C(C3CCCC3)CC2)cc1
c1ccc(OCCCNc2ncccc2C2CCc3ccccc3C(C3CCCC3)CC2)cc1
c1ccc(OCCCNc2ncccc2C2CCc3ccccc3C(C3CCCC3)CC2)cc1
c1ccc(OCCCNc2ncccc2C2CCc3ccccc3C(C3CCC3)CC2)cc1
c1ccc(OCCCNc2ncccc2C2CCc3ccccc3C(C3CCC3)CC2)cc1
c1ccc(Nc2ncccc2C2CCc3ccccc3C(C3CCC3)CC2)cc1
c1ccc(Nc2ncccc2C2CCc3ccccc3C(C3CCC3)CC2)cc1
c1ccc(Nc2ncccc2C2CCc3ccccc3C(C3CCC3)CC2)cc1
c1ccc(Nc2ncccc2C2CCc3ccccc3C(C3CCC3)CC2)cc1
c1ccc(Nc2ncccc2C2CCc3ccccc3C(C3CCC3)CC2)cc1
c1ccc(Nc2ncccc2C2CCc3ccccc3C(C3CC3)CC2)cc1
c1ccc(Nc2ncccc2C2CCc3ccccc3C(C3CC3)CC2)cc1
c1ccc(Nc2ncccc2C2CCc3ccccc3C(C3CC3)CC2)cc1
c1ccc(Nc2ncccc2C2CCc3ccccc3C(C3CC3)CC2)cc1
c1ccc(Nc2ncccc2C2CCc3ccccc3C(C3CC3)CC2)cc1
c1ccc(Nc2ccc(C3CCc4ccccc4C(C4CC4)CC3)cc2)nc1
c1ccc(Nc2ccc(C3CCc4ccccc4C(C4CC4)CC3)cc2)nc1
c1ccc(Nc2ccc(C3CCc4ccccc4C(C4CC4)CC3)cc2)nc1
c1ccc(Nc2ccc(C3CCc4ccccc4C(C4CCC4)CC3)cc2)nc1
c1ccc(Nc2ccc(C3CCc4ccccc4C(C4CCCC4)CC3)cc2)nc1
c1ccc(NCc2ccc(C3CCc4ccccc4C(C4CCCC4)CC3)cc2)nc1
c1ccc(NCc2ccc(C3CCc4ccccc4C(C4CCCC4)CC3)cc2)nc1
c1ccc(Nc2ccc(C3CCc4ccccc4C(C4CCCC4)CC3)cc2)nc1
c1ccc(Nc2ccccc2C2CCc3ccccc3C(C3CCCC3)CC2)nc1
c1ccc(Nc2ccccc2C2CCc3ccccc3C(C3CCC3)CC2)nc1
c1ccc(Nc2ccccc2C2CCc3ccccc3C(C3COC3)CC2)nc1
c1ccc(Nc2ccccc2C2CCc3ccccc3C(C3CNC3)CC2)nc1
c1ccc(Nc2ccccc2C2CCc3ccccc3C(C3CNC3)CC2)nc1
c1ccc(Nc2ccccc2C2CCc3ccccc3C(C3CNC3)CC2)nc1
c1ccc(Nc2ccccc2C2CCc3ccccc3C(C3CNC3)CC2)nc1
c1ccc(Nc2ccccc2C2CCc3ccccc3C(C3CCC3)CC2)nc1
c1ccc(Nc2ccccc2C2CCc3ccccc3C(C3CCC3)CC2)nc1
c1ccc(Nc2ccccc2C2CCc3ccccc3C(C3CCC3)CC2)nc1
c1ccc(Nc2ccccc2C2CCc3ccccc3C(C3CCC3)CC2)nc1
c1ccc(Nc2ccccc2C2CCc3ccccc3C(C3CCCC3)CC2)nc1
c1ccc2c(c1)CCC1c3ccccc3Nc3ncccc3C1CC2C1CCCC1
c1ccc2c(c1)CCC1c3ccccc3Nc3ncccc3C1CC2C1CCCC1
c1ccc2c(c1)CCC1c3ccccc3Cc3ncccc3C1CC2C1CCCC1
c1ccc2c(c1)CCC1c3ccccc3-c3ncccc3C1CC2C1CCCC1
c1ccc2c(c1)CCC1c3ccccc3-c3ncccc3C1CC2C1CCCC1
c1ccc2c(c1)CCC1c3ccccc3-c3ncccc3C1CC2C1CCC1
c1ccc2c(c1)CCC1c3ccccc3-c3ncccc3C1CC2C1CCC1
c1ccc2c(c1)CC1CCc3ccccc3C(C3CCC3)CC1c1cccnc1-2
c1ccc2c(c1)CC1CCc3ccccc3C(C3CCC3)CC1c1cccnc1-2
c1ccc2c(c1)CC1CCc3ccccc3C(C3CCC3)CC1c1cccnc1-2
c1ccc2c(c1)CC1CCc3ccccc3C(C3CC3)CC1c1cccnc1-2
c1ccc2c(c1)CCC1Cc3ccccc3-c3ncccc3C1CC2
c1ccc2c(c1)CCC1Cc3ccccc3-c3ncccc3C1CC2
c1ccc2c(c1)CCC1Cc3ccccc3-c3ncccc3C1CC2
C1=Cc2ncccc2C2CCc3ccccc3CCC2C1
C1=Cc2ncccc2C2CCc3ccccc3CCC2C1
C1=Cc2ncccc2C2CCc3ccccc3CCC2C1
C1=Cc2ncccc2C2CCc3ccccc3CCC2C1
C1=Cc2ncccc2C2CCc3ccccc3CCC2C1
C1=Cc2ncccc2C2CCc3ccccc3CCC2C1
C1=Cc2ncccc2C2CCc3ccccc3CCC2C1
c1ccc2c(c1)CCC1CCc3ncccc3C1CC2
c1ccc2c(c1)CCC1CCc3ccccc3C1CC2
c1ccc2c(c1)CCC1CCc3ccccc3C1CC2
c1ccc2c(c1)CCC1CCc3ccccc3C1CC2
c1ccc2c(c1)CCC1CCc3ccccc3C1CC2
c1ccc2c(c1)CCC1CCc3ccccc3C1CC2
c1ccc2c(c1)CCC1CCc3ccccc3C1CC2
c1ccc2c(c1)CCC1CCc3ccccc3C1CC2
c1ccc2c(c1)CCC1CCc3ccccc3C1CC2
c1ccc2c(c1)CCC1CCc3ccccc3C1CC2
c1ccc2c(c1)CCC1c3ccccc3CCC1C2
c1ccc2c(c1)CCC1c3ccccc3CCC1C2
c1ccc2c(c1)CCC1CCc3ccccc3C1CC2
c1ccc(C2CC3CCc4ccccc4C3C2)cc1
c1ccc(C2CC3CCc4ccccc4C3C2)cc1
c1ccc(C2CC3CCc4ccccc4C3C2)cc1
c1ccc(C2CC3CCc4ccccc4C3C2)cc1
c1ccc(C2CC3CCc4ccccc4C3C2)cc1
c1ccc(C2CC3CCc4ccccc4C3C2)cc1
c1ccc(C2CC3CCc4ccccc4C3C2)cc1
C1=CC(C2CC3CCc4ccccc4C3C2)C=C1
C1=CC(C2CC3CCc4ccccc4C3C2)=C1
C1=CC1C1CC2CCc3ccccc3C2C1
C1=CC1C1CC2CCc3ccccc3C2C1
c1ccc2c(c1)CCC1CCCC21
c1ccc2c(c1)CCC1CCCC21
c1ccc2c(c1)CCC1CCCC21
c1ccc2c(c1)CCC1CCCC21
c1ccc2c(c1)CCC1CCCC21
c1ccc2c(c1)CCC1CCCC21
c1ccc2c(c1)CCC1CCCC21
c1ccc2c(c1)CCC1CCCC21
c1ccc2c(c1)CCC1CCCC21
c1ccc2c(c1)CCC1CC(C3CCCC3)CC21
c1ccc2c(c1)CCC1CC(C3CCCCC3)CC21
c1ccc2c(c1)CCC1CC(C3CCCCC3)CC21
C1=C(C2CC3CCc4ccccc4C3C2)CCCC1
C1=C(C2CC3CCc4ccccc4C3C2)CCC1
C1=C(C2CC3CCc4ccccc4C3C2)CC1
C1=C(C2CC3CCc4ccccc4C3C2)C1
C1=C(C2CC3CCc4ccccc4C3C2)C1
c1ccc2c(c1)CCC1CC(C3=NC3)CC21
c1ccc2c(c1)CCC1CC(C3=NCS3)CC21
c1ccc2c(c1)CCC1CC(C3=NCCS3)CC21
c1ccc2c(c1)CCC1CC(c3nccs3)CC21
c1ccc2c(c1)CCC1CCC(c3nccs3)CC21
c1ccc2c(c1)CCC1CCC(c3nccs3)CC21
c1ccc2c(c1)CCC1CCC(c3nccs3)CC21
c1ccc2c(c1)CCC1CCC(c3nccs3)CCC21
c1ccc2c(c1)CCCC1CC(c3nccs3)CCC21
c1ccc2c(c1)CCC1CC(c3nccs3)CCC21
c1ccc2c(c1)CCC1CC(c3nccs3)CCC21
c1ccc2c(c1)CCC1CC(c3nccs3)CCC21
c1ccc2c(c1)CCC1CC(c3nccs3)CCC21
c1ccc2c(c1)CCC1CC(c3nccs3)CCC21
c1ccc2c(c1)CCC1CC(c3nccs3)CCC21
C1=C(CSCCc2ccccc2)c2cc(-c3ccccc3)ccc2NC1
C1=C(CSCCc2ccccc2)c2cc(-c3ccccc3)ccc2NC1
c1ccc(CCSCCc2cccc(-c3ccccc3)c2)cc1
c1ccc(CCSCCc2cccc(-c3ccccc3)c2)cc1
c1ccc(CCSCCc2cccc(-c3ccccc3)c2)cc1
c1ccc(CCSCC2c3cccc(-c4ccccc4)c32)cc1
c1ccc(CCSCC2c3cccc(-c4ccccc4)c32)cc1
c1ccc(CCCCC2c3cccc(-c4ccccc4)c32)cc1
c1ccc(CCCC2c3cccc(-c4ccccc4)c32)cc1
C1=CC2=C(C=1c1ccccc1)C2CCCc1ccccc1
C1=CC(CCCCc2ccccc2)C=1c1ccccc1
C1=CC(CCCCc2ccccc2)C=1c1ccccc1
c1ccc(CCCCCCc2ccccc2)cc1
c1ccc(CCCCCc2ccccc2)cc1
c1ccc(CCCCCCc2ccccc2)cc1
c1ccc(CCCCCCc2ccccc2)cc1
c1ccc(CCCCCc2ccccc2)cc1
c1ccc(CCCCCc2ccccc2)cc1
c1ccc(CCCCCc2ccccc2)cc1
c1ccc(CCCCCc2ccccc2)cc1
c1ccc(CCCCCc2ccccc2)cc1
c1ccc(CCCCCc2ccccc2)cc1
c1ccc(CCCCCc2ccccc2)cc1
c1ccc(CCCCc2ccccc2)cc1
c1ccc(CCCCc2ccccc2)cc1
c1ccc(CCCCc2ccccc2)cc1
c1ccc(CCCCc2ccccc2)cc1
c1ccc(CCCCc2ccccc2)cc1
c1ccc(CCCCc2ccccc2)cc1
c1ccc(CCCCc2ccccc2)cc1
c1ccc(CCCCc2ccccc2)cc1
c1ccc(CCCCc2ccccc2)cc1
c1ccc(CCCCc2ccccc2)cc1
c1ccc(CCCCNc2ccccc2)cc1
c1ccc(CCCCNc2ccccc2)cc1
O=C(NCCCCCCCc1ccccc1)c1ccccc1
O=C(NCCCCCCCc1ccccc1)c1ccccc1
O=C(NCCCCCCCc1ccccc1)c1ccccc1
O=C(NCCCCCCCc1ccccc1)c1ccccc1
O=C(NCCCCCCc1ccccc1)c1ccccc1
O=C(NCCCCCCc1ccccc1)c1ccccc1
O=C(NCCCCCCc1ccccc1)c1ccccc1
O=C(NCCCCCCc1ccccc1)c1ccccc1
O=C(NCCCCCCCc1ccccc1)c1ccccc1
O=C(NCCCCc1ccccc1)c1ccccc1
O=C(NCCCCc1ccccc1)c1ccccc1
O=C(NCCCCc1ccccc1)c1ccccc1
O=C(NCCCCc1ccccc1)c1ccccc1
O=C(NCCCCc1ccccc1)c1ccccc1
O=C(NCCCCc1ccccc1)c1ccccc1
O=C(NCCCCc1ccccc1)c1ccccc1
O=C(NCCCCc1ccccc1)c1ccccc1
O=C(NCCCCc1ccccc1)c1ccccc1
O=C(NCCCCc1ccccc1)c1ccccc1
O=C(NCCCCc1ccccc1)C1=CCC=C1
O=C(NCCCCc1ccccc1)c1cc[nH]c1
O=C(NCCCCc1ccccc1)c1cc[nH]c1
O=C(NCCCCc1ccccc1)c1cc[nH]c1
O=C(NCCCCc1ccccc1)c1cc[nH]c1
O=C(NCCCCc1ccccc1)c1cc[nH]c1
O=C(NCCCCc1ccccc1)c1cn[nH]c1
O=C(NCCCCc1ccccc1)c1cn[nH]c1
O=C(NCCCCc1ccccc1)c1cn[nH]c1
O=C(NCCCCc1ccccc1)c1cn[nH]c1
O=C(NCCCCc1ccccc1)c1cn[nH]c1
O=C(NCCCCc1ccccc1)c1cn[nH]c1
O=C(NCCCCc1ccccc1)c1cn[nH]c1
O=C(NCCCCc1ccccc1)c1cn[nH]c1
O=C(NCCCCc1ccccc1)c1cn[nH]c1
O=C(NCCCCc1ccccc1)c1cn[nH]c1
O=C(NCCCCc1ccccc1)c1cn[nH]c1
O=C(NCCCCc1ccccc1)c1cn[nH]c1
O=C(NCCCCc1ccccc1)c1cn[nH]c1
O=C(NCCCCc1ccccc1)c1cn[nH]c1
O=C(NCCCCc1ccccc1)c1cn[nH]c1
O=C(NCCCCc1ccccc1)c1cn[nH]c1
O=C(NCCCCc1ccccc1)c1cnn(C2=CC2)c1
O=C(NCCCCc1ccccc1)c1cnn(C2=CC2)c1
O=C(NCCCCc1ccccc1)c1cnn(C2=CC2)c1
O=C(NCCCCc1ccccc1)c1cnn(C2=CC2)c1
O=C(NCCCCc1ccccc1)c1cnn(C2=CC2)c1
O=C(NCCCCc1ccccc1)c1cnn(C2=C=C2)c1
O=C(NCCCCc1ccccc1)c1cnn(C2=C=C2)c1
O=C(NCCCCc1ccccc1)c1cnn(C2=C=C2)c1
O=C(NCCCCc1ccccc1)c1cnn(C2=C=C2)c1
O=C(NCCCCc1ccccc1)c1cnn(C2=C=C2)c1
O=C(NCCCCc1ccccc1)c1cnn(C2=C=CC2)c1
O=C(NCCCCc1ccccc1)c1cnn(C2=CCC2)c1
O=C(NCCCCc1ccccc1)c1cnn(C2=CC=C2)c1
O=C(NCCCCc1ccccc1)c1cnn(C2=CCC=C2)c1
O=C(NCCCCc1ccccc1)c1cnn(C2=CCC=C2)c1
O=C(NCCCCc1ccccc1)c1cnn(C2=CCCC=C2)c1
O=C(NCCCCc1ccccc1)c1cnn(-c2ccccc2)c1
O=C(NCCCCc1ccccc1)c1cnn(-c2ccccc2)c1
O=C(NCCCCc1ccccc1)c1cnn(-c2ccccc2)c1
O=C(NCCCCc1ccccc1)c1cnn(-c2ccccc2)c1
O=C(NCCCCc1ccccc1)c1cnn(-c2ccccc2)c1
O=C(NCCCCc1ccccc1)c1cnn(-c2ccccc2)c1
O=c1ccn(CCCCc2cccc3c2OCC3)cc1
O=c1ccn(CCOCc2cccc3c2OCC3)cc1
O=c1ccn(CCOCc2cccc3c2OCC3)cc1
O=c1ccn(CCOCc2ccccc2)cc1
O=c1ccn(CCOCc2ccccc2)cc1
c1ccccc1
C=C(NCCOCc1ccccc1)C1COC1
C=C(NCCOCc1ccccc1)C1CCOC1
C=C(NCCOCc1ccccc1)C1CCOC1
C=C(NCCOCc1ccccc1)C1CCOC1
C=C(NCCOCc1ccccc1)C1CCCC1
C=C(NCCOCc1ccccc1)C1CCC1
C=C(NCCOCc1ccccc1)C1CC1
C=C(NCCOCc1ccccc1)C1CC1
C=C(NCCOCc1ccccc1)C1CC1
C=C(NCCCc1ccccc1)C1CC1
C=C(NCCCc1ccccc1)C1CC1
C=C(NCCCc1ccccc1)C1CC1
C=C(NCCCc1ccccc1)C1CC1
C=C(NCCCc1ccccc1)C1CC1
C=C(NCCCc1ccccc1)C1CC1
O=C(NCCCc1ccccc1)C1CC1
O=C(NCCCc1ccccc1)C1CC1
O=C(NCCCc1ccccc1)C1CC1
O=C(NCCCc1ccccc1)C1CC1
O=C(NCCCc1ccccc1)C1CC1
O=C(NCCC(OC1=CCC1)c1ccccc1)C1CC1
O=C(NCCC(OC1=CCCC1)c1ccccc1)C1CC1
O=C(NCCC(OC1=CCCCC1)c1ccccc1)C1CC1
O=C(NCCC(OC1=CCCC=C1)c1ccccc1)C1CC1
O=C(NCCC(OC1=CCCC=C1)c1ccccc1)C1CC1
O=C(NCCC(OC1=CCCC=C1)c1ccccc1)C1CC1
O=C(NCCC(OC1=CCCC=C1)c1ccccc1)C1CC1
O=C(NCCC(OC1=CCCC=C1)c1ccccc1)C1CC1
O=C(NCCC(Oc1ccccc1)c1ccccc1)C1CC1
O=C(NCCC(Oc1ccccc1)c1ccccc1)C1CC1
O=C(NCCC(Oc1ccccc1)c1ccccc1)C1CC1
O=C(NCCC(OC1=CC=C=CC=C1)c1ccccc1)C1CC1
O=C(NCCC(OC1=CC=C=CC=C1)c1ccccc1)C1CC1
O=C(NCC(OC1=CC=C=CC=C1)c1ccccc1)C1CC1
O=C(NCC(OC1=CCC=C=CC=C1)c1ccccc1)C1CC1
O=C(NCC(OC1=CCC=CCC=C1)c1ccccc1)C1CC1
O=C(NCC(OC1=CCC=CCC=C1)c1ccccc1)C1CC1
O=C(NCC(OC1=CCC=CCC=C1)c1ccccc1)C1CC1
O=C(NCC(OC1=CCC=CCC=C1)c1ccccc1)C1CC1
O=C(NCC(OC1=CC=CCC=C1)c1ccccc1)C1CC1
O=C(NCC(OC1=CC=CCC=C1)c1ccccc1)C1CC1
O=C(NCC(Oc1ccccc1)c1ccccc1)C1CC1
O=C(NCC(Oc1ccccc1)c1ccccc1)C1CC1
O=C(NCC(Oc1ccccc1)c1ccccc1)C1CC1
O=C(NCC(Oc1ccc(N2CC2)cc1)c1ccccc1)C1CC1
O=C(NCC(Oc1ccc(N2C=C2)cc1)c1ccccc1)C1CC1
O=C(NCC(Oc1ccc(N2C=C=C2)cc1)c1ccccc1)C1CC1
O=C(NCC(Oc1ccc2c(c1)C=C=CN2)c1ccccc1)C1CC1
O=C(NCC(Oc1ccc2[nH]ccc2c1)c1ccccc1)C1CC1
O=C(NCC(Oc1ccc2[nH]ccc2c1)c1ccccc1)C1CC1
O=C(NCC(Oc1ccc2c(ccn2C2CC2)c1)c1ccccc1)C1CC1
O=C(NCC(Oc1ccc2c(ccn2C2CC2)c1)c1ccccc1)C1CC1
O=C(NCC(Oc1ccc2c(ccn2C2CCC2)c1)c1ccccc1)C1CC1
O=C(NCC(Oc1ccc2c(cnn2C2CCC2)c1)c1ccccc1)C1CC1
O=C(NCC(Oc1ccc2c(cnn2C2CCC2)c1)c1ccccc1)C1CC1
O=C(NCC(Oc1ccc2c(cnn2C2=CCC2)c1)c1ccccc1)C1CC1
O=C(NCC(Oc1ccc2c(cnn2C2=CCC2)c1)c1ccccc1)C1CC1
O=C(NCC(Oc1ccc2c(cnn2C2=CCC2)c1)c1ccccc1)C1CC1
O=C(NCC(Oc1ccc2c(cnn2C2=CC=C2)c1)c1ccccc1)C1CC1
O=C(NCC(Oc1ccc2c(cnn2C2=CC=C2)c1)c1ccccc1)C1CC1
O=C(NCC(Oc1ccc2c(cnn2C2=CC=C2)c1)c1ccccc1)C1CC1
O=C(NCC(Oc1ccc2c(cnn2C2=CC=C2)c1)c1ccccc1)C1CC1
O=C(NCC(Oc1ccc2c(cnn2C2=CC=C2)c1)c1ccccc1)C1CC1
O=C(NCC(Oc1ccc2c(cnn2C2=CC=C2)c1)c1ccccc1)C1CC1
O=C(NCC(Oc1ccc2c(cnn2C2=CC=C2)c1)c1ccccc1)C1CC1
O=C(NCC(Oc1ccc2c(cnn2C2=CC=C2)c1)c1ccccc1)C1CC1
O=C(NCC(Oc1ccc2c(cnn2C2=CC=C2)c1)c1ccccc1)C1CC1
O=C(NCC(Oc1ccc2c(cnn2C2=CC=C2)c1)c1ccccc1)C1CC1
O=C(NCC(Oc1ccc2c(cnn2C2=CC=C2)c1)c1ccccc1)C1CC1
O=C(NCC(Oc1ccc2c(cnn2C2=CC=C2)c1)c1ccccc1)C1CC1
O=C(NCC(Oc1ccc2c(cnn2C2=CC=C2)c1)c1ccccc1)C1CC1
O=C(NCC(Oc1ccc2c(cnn2C2=CC=C2)c1)c1ccccc1)C1CC1
O=C(NCC(Oc1ccc2c(cnn2C2=CC=C2)c1)c1ccccc1)C1CC1
O=C(NCC(Oc1ccc2c(cnn2C2=CC=C2)c1)c1ccccc1)C1CC1
O=C(NCC(Oc1ccc2c(cnn2C2=CC=C2)c1)c1ccccc1)C1CC1
O=C(NCC(Oc1ccc2c(cnn2C2=CC=C2)c1)c1ccccc1)C1CC1
O=C(NCC(Oc1ccc2c(cnn2C2=CC=C2)c1)c1ccccc1)C1CC1
O=C(NCC(Oc1ccc2c(cnn2C2=CC=C2)c1)c1ccccc1)C1CC1
O=C(NCC(Oc1ccc2c(cnn2C2=CCCCC=C2)c1)c1ccccc1)C1CC1
O=C(NCC(Oc1ccc2c(cnn2C2=CCCC=C2)c1)c1ccccc1)C1CC1
O=C(NCC(Oc1ccc2c(cnn2C2=CCCCC=C2)c1)c1ccccc1)C1CC1
O=C(NCC(Oc1ccc2c(cnn2C2=CC=CCC=C2)c1)c1ccccc1)C1CC1
O=C(NCC(Oc1ccc2c(cnn2-c2ccccc2)c1)c1ccccc1)C1CC1
O=C(NCC(Oc1ccc2c(cnn2-c2ccccc2)c1)c1ccccc1)C1CC1
O=c1ccn(CCCCc2cccc3c2OCC3)cc1
O=c1ccn(CCCCc2cccc3c2OCC3)cc1
O=c1ccn(CCCCc2cccc3c2OCC3)cc1
O=c1ccn(CCCCc2cccc3c2OCC3)cc1
O=c1ccn(CCCCc2ccccc2)cc1
O=c1ccn(CCCCCc2ccccc2)cc1
O=c1ccn(CCCCCc2ccccc2)cc1
O=c1ccn(CCCCCc2ccccc2)cc1
O=c1ccn(CCCCCc2ccccc2)cc1
O=c1ccn(CCCCCc2ccccc2)cc1
O=c1ccn(CCCCCc2ccccc2)cc1
O=c1ccn(CCCCc2ccccc2)cc1
O=c1ccn(CCCCc2ccccc2)nc1
O=c1ccn(CCCCc2ccccc2)nc1
O=c1ccn(CCCCc2ccccc2)nc1
O=c1ccn(CCCCc2ccccc2)nc1
O=c1ccn(CCCCc2ccccc2)nc1
O=c1ccn(CCCCc2ccccc2)nc1
C1=CN(CCCCc2ccccc2)N=CC1
c1ccc(CCCCn2cccn2)cc1
c1ccc(CCCCn2cccn2)cc1
c1ccc(CCCCn2cccn2)cc1
c1ccc(CCCCn2cccn2)cc1
c1ccc(CCCCn2cccn2)cc1
c1ccc(CCCCn2cccn2)cc1
c1ccc(CCCCn2cccn2)cc1
c1ccc(CCCCn2cccn2)cc1
c1ccc(CCCCn2cccn2)cc1
c1ccc(CCCCn2cccn2)cc1
c1ccc(CCCCn2cccn2)cc1
c1ccc(CCCCn2cccn2)cc1
c1ccc(CCCCn2cccn2)cc1
C1=CCN(CCCCc2ccccc2)N=C1
C1=CCN(CCCCc2ccccc2)N=C1
C1=CCN(CCCCc2ccccc2)N=C1
C1=CCN(CCCCc2ccccc2)N=C1
C1=CCCN(CCCCc2ccccc2)N=C1
C1=CCCCN(CCCCc2ccccc2)N=C1
C1=CCCCN(CCCCc2ccccc2)N=C1
C1=CCCCN(CCCCc2ccccc2)N=C1
C1=CCC=CN(CCCCc2ccccc2)N=C1
C1=CCC=CN(CCCCc2ccccc2)N=C1
C1=CC=NN(CCCCc2ccccc2)C=C1
C=C1C=CC=NN1CCCCc1ccccc1
C=C1C=CC=NN1CCCCc1ccccc1
C1=CC2=CCC(CCCc3ccccc3)N2N=C1
c1ccc(CCCc2ccc3cccnn23)cc1
c1ccc(CCCc2ccc3cccnn23)cc1
c1ccc(CCCc2ccc3cccnn23)cc1
c1ccc(CCCc2ccc3cccnn23)cc1
c1ccc(CCCc2ccc3cccnn23)cc1
c1ccc(CCCc2ccc3cccnn23)cc1
c1ccc(CCCc2ccc3cccnn23)cc1
c1ccc(CCCc2ccc3cccnn23)cc1
c1ccc(CCCc2ccc3cccnn23)cc1
c1ccc(CCCc2ccc3cccnn23)cc1
c1ccc(CCCc2ccc3cccnn23)cc1
c1ccc(CCCc2ccc3cccnn23)cc1
c1ccc(CCCc2cc3ccccnn2-3)cc1
c1ccc(CCCc2cc3ccccnn2-3)cc1
c1ccc(CCCc2cc3ccccnn2-3)cc1
c1ccc(CCCc2cc3ccccnn2-3)cc1
c1ccc(CCCc2cc3ccccnn2-3)cc1
c1ccc(CCCc2cc3ccccnn2-3)cc1
c1ccc(CCCc2cc3ccccnn2-3)cc1
c1ccc(CCCc2cc3ccccnn2-3)cc1
c1ccc(CCCc2cc3ccccnn2-3)cc1
c1ccc(CCCc2cc3ccccnn2-3)cc1
c1ccc(CCCc2cc3ccccnn2-3)cc1
c1ccc(CCCc2cc3ccccnn2-3)cc1
c1ccc(CCCc2cc3ccccnn2-3)cc1
c1ccc(CCCc2cc3ccccnn2-3)cc1
c1ccc(CCCc2cc3ccccnn2-3)cc1
c1ccc(CCCc2cc3ccccnn2-3)cc1
c1ccc(CCCc2cc3ccccnn2-3)cc1
c1ccc(CCCc2cc3ccccnn2-3)cc1
c1ccc(CCCc2cc3ccccnn2-3)cc1
C1=C(OC(CCc2ccccc2)c2cc3ccccnn2-3)CC1
C1=C(OC(CCc2ccccc2)c2cc3ccccnn2-3)CC1
C1=CC(OC(CCc2ccccc2)c2cc3ccccnn2-3)=C1
C1=CC(OC(CCc2ccccc2)c2cc3ccccnn2-3)=C1
C1=CC(OC(CCc2ccccc2)c2cc3ccccnn2-3)=CC1
C1=CC(OC(CCc2ccccc2)c2cc3ccccnn2-3)=CC1
C1=CC(OC(CCc2ccccc2)c2cc3ccccnn2-3)=CC1
C1=CC(OC(CCc2ccccc2)c2cc3ccccnn2-3)=CCC1
C1=CC(OC(CCc2ccccc2)c2cc3ccccnn2-3)=CCC1
c1ccc(CCC(Oc2ccccc2)c2cc3ccccnn2-3)cc1
c1ccc(CCC(Oc2ccccc2)c2cc3ccccnn2-3)cc1
c1ccc(CCC(Oc2ccccc2)c2cc3ccccnn2-3)cc1
c1ccc(CCC(Oc2ccccc2)c2cc3ccccnn2-3)cc1
c1ccc(CCC(Oc2ccccc2)c2cc3ccccnn2-3)cc1
c1ccc(CCC(Oc2ccccc2)c2cc3ccccnn2-3)cc1
c1ccc(CCC(Oc2ccccc2)c2cc3ccccnn2-3)cc1
c1ccc(CCC(Oc2ccccc2)c2cc3cnccnn2-3)cc1
c1ccc(CCC(Oc2ccccc2)c2cc3cnccnn2-3)cc1
c1ccc(CCC(Oc2ccccc2)c2cc3cnccnn2-3)cc1
c1ccc(CCC(Oc2ccccc2)c2cc3cnccnn2-3)cc1
c1ccc(CCC(Oc2ccccc2)c2cc3ccccnn2-3)cc1
c1ccc(CCC(Oc2ccccc2)c2cc3ccccnn2-3)cc1
c1ccc(CCC(Oc2ccccc2)c2cc3ccccnn2-3)cc1
c1ccc(CCC(Oc2ccccc2)c2cc3ccccnn2-3)cc1
c1ccc(CCC(Oc2ccccc2)c2cc3ccccnn2-3)cc1
c1ccc(CCC(Oc2ccccc2)c2cc3ccccnn2-3)cc1
c1ccc(CCC(Oc2ccccc2)c2ccc3ccn-3nc2)cc1
c1ccc(CCC(Oc2ccccc2)c2ccc3ccn-3nc2)cc1
c1ccc(CCC(Oc2ccccc2)c2ccc3ccn-3nc2)cc1
c1ccc(CCC(Oc2ccccc2)c2ccc3c4c(n-3nc2)OC4)cc1
c1ccc(CCC(Oc2ccccc2)c2ccc3c4c(n-3nc2)OC4)cc1
c1ccc(CCC(Oc2ccccc2)c2ccc3c4c(n-3nc2)OC4)cc1
c1ccc(CCC(Oc2ccccc2)c2ccc3ccn-3nc2)cc1
c1ccc(CCC(Oc2ccccc2)c2ccc3ccn-3nc2)cc1
c1ccc(CCC(Oc2ccccc2)c2ccc3c4c(n-3nc2)OC4)cc1
c1ccc(CCC(Oc2ccccc2)c2ccc3c4c(n-3nc2)OC4)cc1
c1ccc(CCC(Oc2ccccc2)c2ccc3c4c(n-3nc2)OC4)cc1
c1ccc(CCC(Oc2ccccc2)c2ccc3ccn-3nc2)cc1
c1ccc(CCC(Oc2ccccc2)c2ccc3ccn-3nc2)cc1
c1ccc(CCC(Oc2ccccc2)c2ccc3ccn-3nc2)cc1
c1ccc(CCC(Oc2ccccc2)c2ccc3ccn-3nc2)cc1
c1ccc(CCC(Oc2ccccc2)c2ccc3ccn-3nc2)cc1
c1ccc(CCC(Oc2ccccc2)c2ccc3ccn-3nc2)cc1
c1ccc(CCC(Oc2ccccc2)c2ccc3ccn-3nc2)cc1
c1ccc(CCC(Oc2ccccc2)c2ccc3ccn-3nc2)cc1
c1ccc(CCC(Oc2ccccc2)c2ccc3ccn-3nc2)cc1
c1ccc(CCC(Oc2ccccc2)c2ccc3c4c(n-3nc2)NCCO4)cc1
c1ccc(CCC(Oc2ccccc2)c2ccc3ccn-3nc2)cc1
c1ccc(CCC(Oc2ccccc2)c2ccc3ccn-3nc2)cc1
c1ccc(CCC(Oc2ccccc2)c2ccc3ccn-3nc2)cc1
c1ccc(CCC(Oc2ccccc2)c2ccc3ccn-3nc2)cc1
c1ccc(CCC(Oc2ccccc2)c2ccc3ccn-3nc2)cc1
c1ccc(CCC(Oc2ccccc2)c2ccc3ccn-3nc2)cc1
c1ccc(CCC(Oc2ccccc2)c2ccc3ccn-3nc2)cc1
c1ccc(CCC(Oc2ccccc2)c2ccc3cc(N4CCC4)n-3nc2)cc1
c1ccc(CCC(Oc2ccccc2)c2ccc3ccn-3nc2)cc1
c1ccc(CCC(Oc2ccccc2)c2ccc3ccn-3nc2)cc1
c1ccc(CCC(Oc2ccccc2)c2ccc3ccn-3nc2)cc1
c1ccc(CCC(Oc2ccccc2)c2ccc3ccn-3nc2)cc1
c1ccc(CCC(Oc2ccccc2)c2ccc3ccn-3nc2)cc1
c1ccc(CCC(Oc2ccccc2)c2ccc3ccn-3nc2)cc1
c1ccc(CCC(Oc2ccccc2)c2ccc3ccn-3nc2)cc1
c1ccc(CCC(Oc2ccccc2)c2ccc3ccn-3nc2)cc1
c1ccc(CCC(Oc2ccccc2)c2ccc3ccn-3nc2)cc1
c1ccc(CCC(Oc2ccccc2)c2ccc3ccn-3nc2)cc1
c1ccc(CCC(Oc2ccccc2)c2ccc3ccn-3nc2)cc1
c1ccc(CCC(Oc2ccccc2)c2ccc3ccn-3nc2)cc1
c1ccc(CCC(Oc2ccccc2)c2ccc3ccn-3nc2)cc1
c1ccc(CCC(Oc2ccccc2)c2ccc3ccn-3nc2)cc1
c1ccc(CCC(Oc2ccccc2)c2ccc3ccn-3nc2)cc1
c1ccc(CCC(Oc2ccccc2)c2ccc3ccn-3nc2)cc1
c1ccc(CCC(Oc2ccccc2)c2ccc3ccn-3nc2)cc1
c1ccc(CCC(Oc2ccccc2)c2ccc3ccn-3nc2)cc1
c1ccc(CCC(Oc2ccccc2)c2ccc3ccn-3nc2)cc1
c1ccc(CCC(Oc2ccccc2)c2ccc3ccn-3nc2)cc1
c1ccc(CCC(Oc2ccccc2)c2ccc3ccn-3nc2)cc1
c1ccc(CCC(Oc2ccccc2)c2ccc3ccn-3nc2)cc1
c1ccc(CCC(Oc2ccccc2)c2ccc3ccn-3nc2)cc1
c1ccc(CCC(Oc2ccccc2)c2ccc3ccn-3nc2)cc1
c1ccc(CCC(Oc2ccccc2)c2ccc3ccn-3nc2)cc1
c1ccc(CCC(Oc2ccccc2)c2ccc3ccn-3nc2)cc1
c1ccc(CCC(Oc2ccccc2)c2ccc3ccn-3nc2)cc1
c1ccc(CCC(Oc2ccccc2)c2ccc3ccn-3nc2)cc1
c1ccc(CCC(Oc2ccccc2)c2ccc3ccn-3nc2)cc1
c1ccc(CCC(Oc2ccccc2)c2ccc3ccn-3nc2)cc1
c1ccc(CCC(Oc2ccccc2)c2ccc3ccn-3nc2)cc1
c1ccc(CCC(Oc2ccccc2)c2ccc3ccn-3nc2)cc1
c1ccc(CCC(Oc2ccccc2)c2ccc3ccn-3nc2)cc1
c1ccc(CCC(Oc2ccccc2)c2ccc3ccn-3nc2)cc1
c1ccc(CCC(Oc2ccccc2)c2ccc3ccn-3nc2)cc1
c1ccc(CCC(Oc2ccccc2)c2ccc3ccn-3nc2)cc1
c1ccc(CCC(Oc2ccccc2)c2ccc3ccn-3nc2)cc1
c1ccc(CCC(Oc2ccccc2)c2ccc3ccn-3nc2)cc1
c1ccc(CCC(Oc2ccccc2)c2ccc3ccn-3nc2)cc1
c1ccc(CCC(Oc2ccccc2)c2ccc3ccn-3nc2)cc1
c1ccc(CCC(Oc2ccccc2)c2ccc3ccn-3nc2)cc1
c1ccc(CCC(Oc2ccccc2)c2ccc3ccn-3nc2)cc1
c1ccc(CCC(Oc2ccccc2)c2ccc3ccn-3nc2)cc1
c1ccc(CCC(Oc2ccccc2)c2ccc3ccn-3nc2)cc1
C1=C(c2cc3ccc(C(CCc4ccccc4)Oc4ccccc4)cnn2-3)CCC1
C1=C(c2cc3ccc(C(CCc4ccccc4)Oc4ccccc4)cnn2-3)CCC1
C1=C(c2cc3ccc(C(CCc4ccccc4)Oc4ccccc4)cnn2-3)CCC1
C1=C(c2cc3ccc(C(CCc4ccccc4)Oc4ccccc4)cnn2-3)CCC1
c1ccc(CCC(Oc2ccccc2)c2ccc3cc(C4=NCCC4)n-3nc2)cc1
c1ccc(CCC(Oc2ccccc2)c2ccc3cc(C4=NCCC4)n-3nc2)cc1
c1ccc(CCC(Oc2ccccc2)c2ccc3ccn-3nc2)cc1
c1ccc(CCC(Oc2ccccc2)c2ccc3ccn-3nc2)cc1
c1ccc(CCC(Oc2ccccc2)c2ccc3ccn-3nc2)cc1
c1ccc(CCC(Oc2ccccc2)c2ccc3cc(C4=NCC4)n-3nc2)cc1
c1ccc(CCC(Oc2ccccc2)c2ccc3cc(C4=NCC4)n-3nc2)cc1
C1=C(c2cc3ccc(C(CCc4ccccc4)Oc4ccccc4)cnn2-3)CC1
C1=C(c2cc3ccc(C(CCc4ccccc4)Oc4ccccc4)cnn2-3)CC1
C1=C(c2cc3ccc(C(CCc4ccccc4)Oc4ccccc4)cnn2-3)CC1
C1=C(c2cc3ccc(C(CCc4ccccc4)Oc4ccccc4)cnn2-3)CC1
C1=C(c2cc3ccc(C(CCc4ccccc4)Oc4ccccc4)cnn2-3)C1
C1=C(c2cc3ccc(C(CCc4ccccc4)Oc4ccccc4)cnn2-3)NC1
C1=C(c2cc3ccc(C(CCc4ccccc4)Oc4ccccc4)cnn2-3)NC1
C1=C(c2cc3ccc(C(CCc4ccccc4)Oc4ccccc4)cnn2-3)NC1
C1=C(c2cc3ccc(C(CCc4ccccc4)Oc4ccccc4)cnn2-3)NC1
C1=C(c2cc3ccc(C(CCc4ccccc4)Oc4ccccc4)cnn2-3)NCC1
c1ccc(CCC(Oc2ccccc2)c2ccc3cc(-c4ccc[nH]4)n-3nc2)cc1
c1ccc(CCC(Oc2ccccc2)c2ccc3cc(-c4ccc[nH]4)n-3nc2)cc1
c1ccc(CCC(Oc2ccccc2)c2ccc3cc(-c4ccc[nH]4)n-3nc2)cc1
c1ccc(CCC(Oc2ccccc2)c2ccc3cc(-c4ccc[nH]4)n-3nc2)cc1
c1ccc(CCC(Oc2ccccc2)c2ccc3cc(-c4ccc[nH]4)n-3nc2)cc1
c1ccc(CCC(Oc2ccccc2)c2ccc3cc(-c4ccc[nH]4)n-3nc2)cc1
c1ccc(CCC(Oc2ccccc2)c2ccc3cc(-c4ccc[nH]4)n-3nc2)cc1
c1ccc(CCC(Oc2ccccc2)c2ccc3cc(-c4ccc[nH]4)n-3nc2)cc1
C1=CCC(c2cc3ccc(C(CCc4ccccc4)Oc4ccccc4)cnn2-3)=C1
C1=CCC(c2cc3ccc(C(CCc4ccccc4)Oc4ccccc4)cnn2-3)=C1
C1=CCC(c2cc3ccc(C(CCc4ccccc4)Oc4ccccc4)cnn2-3)=C1
C1=CCC(c2cc3ccc(C(CCc4ccccc4)Oc4ccccc4)cnn2-3)=C1
C1=CCCC(c2cc3ccc(C(CCc4ccccc4)Oc4ccccc4)cnn2-3)=C1
C1=CCCC(c2cc3ccc(C(CCc4ccccc4)Oc4ccccc4)cnn2-3)=C1
C1=CCCC(c2cc3ccc(C(CCc4ccccc4)Oc4ccccc4)cnn2-3)=C1
c1ccc(CCC(Oc2ccccc2)c2ccc3cc(-c4ccccc4)n-3nc2)cc1
c1ccc(CCC(Oc2ccccc2)c2ccc3cc(-c4ccccc4)n-3nc2)cc1
c1ccc(CCC(Oc2ccccc2)c2ccc3cc(-c4ccccc4)n-3nc2)cc1
c1ccc(CCC(Oc2ccccc2)c2ccc3cc(-c4ccccc4)n-3nc2)cc1
c1ccc(CCC(Oc2ccccc2)c2ccc3cc(-c4ccccc4)n-3nc2)cc1
c1ccc(CCC(Oc2ccccc2)c2ccc3cc(-c4ccccc4)n-3nc2)cc1
c1ccc(CCC(Oc2ccccc2)c2ccc3cc(-c4ccccc4)n-3nc2)cc1
c1ccc(CCC(Oc2ccccc2)c2ccc3cc(-c4ccccc4)n-3nc2)cc1
c1ccc(CCC(Oc2ccccc2)c2ccc3cc(-c4ccccc4)n-3nc2)cc1
c1ccc(CCC(Oc2ccccc2)c2ccc3cc(-c4ccccc4)n-3nc2)cc1
c1ccc(CCC(Oc2ccccc2)c2ccc3cc(-c4ccccc4)n-3nc2)cc1
c1ccc(CCC(Oc2ccccc2)c2ccc3cc(-c4ccccc4)n-3nc2)cc1
c1ccc(CCC(Oc2ccccc2)c2ccc3cc(-c4ccccc4)n-3nc2)cc1
c1ccc(CCC(Oc2ccccc2)c2ccc3cc(-c4ccccc4)n-3nc2)cc1
c1ccc(CCC(Oc2ccccc2)c2ccc3cc(-c4ccccc4)n-3nc2)cc1
c1ccc(CCC(Oc2ccccc2)c2ccc3cc(-c4ccccc4)n-3nc2)cc1
c1ccc(CCC(Oc2ccccc2)c2ccc3cc(-c4ccccc4)n-3nc2)cc1
c1ccc(CCC(Oc2ccccc2)c2ccc3cc(-c4ccccc4)n-3nc2)cc1
c1ccc(CCC(Oc2ccccc2)c2ccc3cc(-c4ccccc4)n-3nc2)cc1
c1ccc(CCC(Oc2ccccc2)c2ccc3cc(-c4ccccc4)n-3nc2)cc1
c1ccc(CCC(Oc2ccccc2)c2ccc3cc(-c4ccccc4)n-3nc2)cc1
c1ccc(CCC(Oc2ccccc2)c2ccc3cc(-c4ccccc4)n-3nc2)cc1
c1ccc(CCC(Oc2ccccc2)c2ccc3cc(-c4ccccc4)n-3nc2)cc1
c1ccc(CCC(Oc2ccccc2)c2ccc3cc(-c4ccccc4)n-3nc2)cc1
c1ccc(CCC(Oc2ccccc2)c2ccc3cc(-c4cccnc4)n-3nc2)cc1
c1ccc(CCC(Oc2ccccc2)c2ccc3cc(-c4cccnc4)n-3nc2)cc1
c1ccc(CCC(Oc2ccccc2)c2ccc3cc(-c4cccnc4)n-3nc2)cc1
c1ccc(CCC(Oc2ccccc2)c2ccc3cc(-c4cccnc4)n-3nc2)cc1
c1ccc(CCC(Oc2ccccc2)c2ccc3cc(-c4cccnc4)n-3nc2)cc1
c1ccc(CCC(Oc2ccccc2)c2ccc3cc(-c4cccnc4)n-3nc2)cc1
c1ccc(CCC(Oc2ccccc2)c2ccc3cc(-c4cccnc4)n-3nc2)cc1
c1ccc(CCC(Oc2ccccc2)c2ccc3cc(-c4cccnc4)n-3nc2)cc1
c1ccc(CCC(Oc2ccccc2)c2ccc3cc(-c4cccnc4)n-3nc2)cc1
c1ccc(CCC(Oc2ccccc2)c2ccc3cc(-c4cccnc4)n-3nc2)cc1
c1ccc(CCC(Oc2ccccc2)c2ccc3cc(-c4cccnc4)n-3nc2)cc1
c1ccc(CCC(Oc2ccccc2)c2ccc3cc(-c4cccnc4)n-3nc2)cc1
c1ccc(CCC(Oc2ccc(C3CC3)cc2)c2ccc3cc(-c4cccnc4)n-3nc2)cc1
c1ccc(CCC(Oc2ccc(C3CC3)cc2)c2ccc3cc(-c4cccnc4)n-3nc2)cc1
c1ccc(CCC(Oc2ccc(C3CC3)cc2)c2ccc3cc(-c4cccnc4)n-3nc2)cc1
c1ccc(CCC(Oc2ccc(C3CC3)cc2)c2ccc3cc(-c4cccnc4)n-3nc2)cc1
c1ccc(CCC(Oc2ccc(CC3CC3)cc2)c2ccc3cc(-c4cccnc4)n-3nc2)cc1
c1ccc(CCC(Oc2ccc(CNC3CC3)cc2)c2ccc3cc(-c4cccnc4)n-3nc2)cc1
c1ccc(CCC(Oc2ccc(CNC3CC3)cc2)c2ccc3cc(-c4cccnc4)n-3nc2)cc1
c1ccc(CCC(Oc2ccccc2)c2ccc3cc(-c4cccnc4)n-3nc2)cc1
c1ccc(CCC(Oc2ccccc2)c2ccc3cc(-c4cccnc4)n-3nc2)cc1
c1ccc(CCC(Oc2ccccc2)c2ccc3cc(-c4cccnc4)n-3nc2)cc1
c1ccc(CCC(Oc2ccccc2)c2ccc3cc(-c4cccnc4)n-3nc2)cc1
c1ccc(CCC(Oc2ccccc2)c2ccc3cc(-c4cccnc4)n-3nc2)cc1
c1ccc(CCC(Oc2ccccc2)c2ccc3cc(-c4cccnc4)n-3nc2)cc1
c1ccc(CCC(Oc2ccccc2)c2ccc3cc(-c4cccnc4)n-3nc2)cc1
c1ccc(CCC(Oc2ccccc2)c2ccc3cc(-c4cccnc4)n-3nc2)cc1
c1ccc(CCC(Oc2ccccc2)c2ccc3cc(-c4cccnc4)n-3nc2)cc1
c1ccc(CCC(Oc2ccccc2)c2ccc3cc(-c4cccnc4)n-3nc2)cc1
c1ccc(CCC(Oc2ccccc2)c2ccc3cc(-c4cccnc4)n-3nc2)cc1
c1ccc(CCC(Oc2ccccc2)c2ccc3cc(-c4cccnc4)n-3nc2)cc1
c1ccc(CCC(Oc2ccccc2)c2ccc3cc(-c4cccnc4)n-3nc2)cc1
c1ccc(CCC(Oc2ccccc2)c2ccc3cc(-c4cccnc4)n-3nc2)cc1
c1ccc(CCC(Oc2ccccc2)c2ccc3cc(-c4cccnc4)n-3nc2)cc1
c1ccc(CCC(Oc2ccccc2)c2ccc3cc(-c4cccnc4)n-3nc2)cc1
c1ccc(CCC(Oc2ccccc2)c2ccc3cc(-c4cccnc4)n-3nc2)cc1
c1ccc(CCC(Oc2ccccc2)c2ccc3cc(-c4cccnc4)n-3nc2)cc1
c1ccc(CCC(Oc2ccccc2)c2ccc3cc(-c4cccnc4)n-3nc2)cc1
c1ccc(CCC(Oc2ccccc2)c2ccc3cc(-c4cccnc4)n-3nc2)cc1
c1ccc(CCC(Oc2ccccc2)c2ccc3cc(-c4cccnc4)n-3nc2)cc1
c1ccc(CCC(Oc2ccccc2)c2ccc3cc(-c4cccnc4)n-3nc2)cc1
c1ccc(CCC(Oc2ccccc2)c2ccc3cc(-c4cccnc4)n-3nc2)cc1
c1ccc(CCC(Oc2ccccc2)c2ccc3cc(-c4cccnc4)n-3nc2)cc1
c1ccc(CCC(Oc2ccccc2)c2ccc3cc(-c4cccnc4)n-3nc2)cc1
c1ccc(CCC(Oc2ccccc2)c2ccc3cc(-c4cccnc4)n-3nc2)cc1
c1ccc(CCC(Oc2ccccc2)c2ccc3cc(-c4cccnc4)n-3nc2)cc1
c1ccc(CCC(Oc2ccccc2)c2ccc3cc(-c4cccnc4)n-3nc2)cc1
c1ccc(CCC(Oc2ccccc2)c2ccc3cc(-c4cccnc4)n-3nc2)cc1
c1ccc(CCC(Oc2ccccc2)c2ccc3cc(-c4cccnc4)n-3nc2)cc1
c1ccc(CCC(Oc2ccccc2)c2ccc3cc(-c4cccnc4)n-3nc2)cc1
c1ccc(CCC(Oc2ccccc2)c2ccc3cc(-c4cccnc4)n-3nc2)cc1
c1ccc(CCC(Oc2ccccc2)c2ccc3cc(-c4cccnc4)n-3nc2)cc1
c1ccc(CCC(Oc2ccccc2)c2ccc3cc(-c4cccnc4)n-3nc2)cc1
c1ccc(CCC(Oc2ccccc2)c2ccc3cc(-c4cccnc4)n-3nc2)cc1
c1ccc(CCC(Oc2ccccc2)c2ccc3cc(-c4cccnc4)n-3nc2)cc1
c1ccc(CCC(Oc2ccccc2)c2ccc3cc(-c4cccnc4)n-3nc2)cc1
c1ccc(CCC(Oc2ccccc2)c2ccc3cc(-c4cccnc4)n-3nc2)cc1
c1ccc(CCC(Oc2cccnc2)c2ccc3cc(-c4cccnc4)n-3nc2)cc1
c1ccc(CCC(Oc2cccnc2)c2ccc3cc(-c4cccnc4)n-3nc2)cc1
c1ccc(CCC(Oc2cccnc2)c2ccc3cc(-c4ccccc4)n-3nc2)cc1
c1ccc(CCC(Oc2cccnc2)c2ccc3cc(-c4ccccc4)n-3nc2)cc1
c1ccc(CCC(Oc2cccnc2)c2ccc3cc(-c4ccccc4)n-3nc2)cc1
c1ccc(CCC(Oc2cccnc2)c2ccc3cc(-c4ccccc4)n-3nc2)cc1
c1ccc(CCC(Oc2cccnc2)c2ccc3cc(-c4ccccc4)n-3nc2)cc1
c1ccc(CCC(Oc2cccnc2)c2ccc3cc(-c4ccccc4)n-3nc2)cc1
c1ccc(CCC(Oc2cccnc2)c2ccc3cc(-c4ccccc4)n-3nc2)cc1
c1ccc(CCC(Oc2cccnc2)c2ccc3cc(-c4ccccc4)n-3nc2)cc1
c1ccc(CCC(Oc2cccnc2)c2ccc3cc(-c4ccccc4)n-3nc2)cc1
c1ccc(CCC(Oc2cccnc2)c2ccc3cc(-c4ccccc4)n-3nc2)cc1
c1ccc(CCC(Oc2cccnc2)c2ccc3cc(-c4ccccc4)n-3nc2)cc1
c1ccc(CCC(Oc2cccnc2)c2ccc3cc(-c4ccccc4)n-3nc2)cc1
c1ccc(CCC(Oc2cccnc2)c2ccc3cc(-c4ccccc4)n-3nc2)cc1
c1ccc(CCC(Oc2cccnc2)c2ccc3cc(-c4ccccc4)n-3nc2)cc1
c1ccc(CCC(Oc2cccnc2)c2ccc3cc(-c4ccccc4)n-3nc2)cc1
c1ccc(CCC(Oc2cccnc2)c2ccc3cc(-c4ccccc4)n-3nc2)cc1
c1ccc(CCC(Oc2cccnc2)c2ccc3cc(-c4ccccc4)n-3nc2)cc1
c1ccc(CCC(Oc2cccnc2)c2ccc3cc(-c4ccccc4)n-3nc2)cc1
c1ccc(CCC(Oc2cccnc2)c2ccc3cc(-c4ccccc4)n-3nc2)cc1
c1ccc(CCC(Oc2cccnc2)c2ccc3cc(-c4ccccc4)n-3nc2)cc1
c1ccc(CCC(Oc2cccnc2)c2ccc3cc(-c4ccccc4)n-3nc2)cc1
c1ccc(CCC(Oc2cccnc2)c2ccc3cc(-c4ccccc4)n-3nc2)cc1
c1ccc(CCC(Oc2cccnc2)c2ccc3cc(-c4ccccc4)n-3nc2)cc1
c1ccc(CCC(OCc2cccnc2)c2ccc3cc(-c4ccccc4)n-3nc2)cc1
c1ccc(CCC(OCc2ccc3cc(-c4ccccc4)n-3nc2)c2cccnc2)cc1
c1ccc(CCC(OCc2ccc3cc(-c4ccccc4)n-3nc2)c2cccnc2)cc1
c1ccc(CCC(Oc2ccc3cc(-c4ccccc4)n-3nc2)c2cccnc2)cc1
c1ccc(CCC(Oc2ccc3cc(-c4ccccc4)n-3nc2)c2cccnc2)cc1
c1ccc(CCC(Oc2ccc3cc(-c4ccccc4)n-3nc2)c2cccnc2)cc1
c1ccc(CCC(Oc2ccc3cc(-c4ccccc4)n-3nc2)c2cccnc2)cc1
c1ccc(CCC(Oc2ccc3cc(-c4ccccc4)n-3nc2)c2cccnc2)cc1
c1ccc(CCC(Oc2ccc3cc(-c4ccccc4)n-3nc2)c2cccnc2)cc1
c1ccc(CCC(Oc2ccc3cc(-c4ccccc4)n-3nc2)c2cccnc2)cc1
c1ccc(CCC(Oc2ccc3cc(-c4ccccc4)n-3nc2)c2cccnc2)cc1
c1ccc(CCC(Oc2ccc3cc(-c4ccccc4)n-3nc2)c2cccnc2)cc1
c1ccc(CCC(Oc2ccc3cc(-c4ccccc4)n-3cc2)c2cccnc2)cc1
c1ccc(CCC(Oc2ccc3cc(-c4ccccc4)n-3cc2)c2cccnc2)cc1
c1ccc(CCCC(Oc2ccc3cc(-c4ccccc4)n-3cc2)c2cccnc2)cc1
C=C(c1ccccc1)N1c2ccc(OC(CCCc3ccccc3)c3cccnc3)cc21
C=C(c1ccccc1)N1c2ccc(OC(CCc3ccccc3)c3cccnc3)cc21
C=C(c1ccccc1)N1c2ccc(OC(CCc3ccccc3)c3cccnc3)cc21
c1ccc(CCC(Oc2ccc3c(c2)N3Cc2ccccc2)c2cccnc2)cc1
c1ccc(CCC(Oc2ccc3c(c2)N3Cc2ccccc2)c2cccnc2)cc1
c1ccc(CCC(Oc2ccc3c(c2)N3Cc2ccccc2)c2cccnc2)cc1
c1ccc(CCC(Oc2ccc3c(c2)N3c2ccccc2)c2cccnc2)cc1
c1ccc(CCC(Oc2ccc3c(c2)N3c2ccccc2)c2cccnc2)cc1
c1ccc(CCC(Oc2ccc3c(c2)CN3c2ccccc2)c2cccnc2)cc1
c1ccc(CCC(Oc2ccc3c(c2)CN3c2ccccc2)c2cccnc2)cc1
c1ccc(CCC(Oc2ccc3c(c2)CN3c2ccccc2)c2cccnc2)cc1
C=C1c2cc(OC(CCc3ccccc3)c3cccnc3)ccc2N1c1ccccc1
C=C1Cc2cc(OC(CCc3ccccc3)c3cccnc3)ccc2N1c1ccccc1
c1ccc(CCC(Oc2ccc3c(c2)CCN3c2ccccc2)c2cccnc2)cc1
c1ccc(CCC(Oc2ccc3c(c2)CCNN3c2ccccc2)c2cccnc2)cc1
c1ccc(CCC(Oc2ccc3c(c2)CCCNN3c2ccccc2)c2cccnc2)cc1
c1ccc(CCC(Oc2ccc3c(c2)CCCCN3c2ccccc2)c2cccnc2)cc1
c1ccc(CCC(Oc2ccc3c(c2)CCCCNN3c2ccccc2)c2cccnc2)cc1
C1=NN(c2ccccc2)c2ccc(OC(CCc3ccccc3)c3cccnc3)cc2CCC1
C1=NN(c2ccccc2)c2ccc(OC(CCc3ccccc3)c3cccnc3)cc2CC1
C1=NN(c2ccccc2)c2ccc(OC(CCc3ccccc3)c3cccnc3)cc2C1
c1ccc(CCC(Oc2ccc3c(cnn3-c3ccccc3)c2)c2cccnc2)cc1
O=c1ccn(CCCCc2cccc3c2OCC3)cc1
O=c1ccn(CCCCc2ccccc2)cc1
O=c1ccn(CCCCc2ccccc2)cc1
O=c1ccn(CCCCCc2ccccc2)cc1
O=c1ccn(CCCCCc2ccccc2)cc1
O=c1ccn(CCCCCc2ccccc2)cc1
O=c1ccn(CCCCCc2ccccc2)nc1
O=c1ccn(CCCCCc2ccccc2)nc1
O=c1ccn(CCCCCc2ccccc2)nc1
O=c1ccn(CCCCCc2ccccc2)nc1
O=c1ccn(CCNCCCc2ccccc2)nc1
c1ccc(CCCNCCn2cccn2)cc1
c1ccc(CCCNCCn2cccn2)cc1
O=C(CNCCCc1ccccc1)c1cn[nH]c1
O=C(NCCCc1ccccc1)c1cn[nH]c1
O=C(NCCCc1ccccc1)c1cn[nH]c1
O=C(NCCCc1ccccc1)c1cn[nH]c1
O=C(NCCCc1ccccc1)c1cn[nH]c1
O=C(NCCCc1ccccc1)c1cn[nH]c1
O=C(NCCCc1ccccc1)c1cn[nH]c1
O=C(NCCCc1ccccc1)c1cn[nH]c1
O=C(NCCCc1ccccc1)c1cnn2c1C=C2
O=C(NCCCc1ccccc1)c1cnn2c1C=C2
O=C(NCCCc1ccccc1)c1cnn2c1C=C2
O=C(NCCCc1ccccc1)c1cnn2c1C=C2
O=C(NCCCc1ccccc1)c1cnn2c1C=C2
O=C(NCCCc1ccccc1)c1cnn2c1C=C2
O=C(NCCC(OC1CCC1)c1ccccc1)c1cnn2c1C=C2
O=C(NCCC(OC1CCC1)c1ccccc1)c1cnn2c1C=C2
O=C(NCCC(OC1=CCC1)c1ccccc1)c1cnn2c1C=C2
O=C(NCCC(OC1=CC=C1)c1ccccc1)c1cnn2c1C=C2
O=C(NCCC(OC1=CC=C1)c1ccccc1)c1cnn2c1C=C2
O=C(NCCC(OC1=CC=C1)c1ccccc1)c1cn[nH]c1
O=C(NCCC(OC1=CC=C1)c1ccccc1)c1cn[nH]c1
O=C(NCCC(OC1=CC=C1)c1ccccc1)c1cn[nH]c1
O=C(NCCC(OC1=CC=C1)c1ccccc1)c1cn[nH]c1
O=C(NCCC(OC1=CC=C1)c1ccccc1)c1cn[nH]c1
O=C(NCCC(OC1=CC=C1)c1ccccc1)c1cn[nH]c1
O=C(NCCC(OC1=CC=C1)c1ccccc1)c1cn[nH]c1
O=C(NCCC(OC1=CC=C1)c1ccccc1)c1cn[nH]c1
O=C(NCCC(OC1=CC=C1)c1ccccc1)c1cn[nH]c1
O=C(NCCC(OC1=CC=C1)c1ccccc1)c1cn[nH]c1
O=C(NCC(OC1=CC=C1)c1ccccc1)c1cn[nH]c1
O=C(NCC(OC1=CC=C1)c1ccccc1)c1cn[nH]c1
O=C(NCC(OC1=CC=C1)c1ccccc1)c1cn[nH]c1
O=C(NCC(OC1=CC=C1)c1ccccc1)c1cn[nH]c1
O=C(NCC(OC1=CC=C1)c1ccccc1)c1cn[nH]c1
O=C(NCC(OC1=CC=C1)c1ccccc1)c1cnn(C2=CC=C2)c1
O=C(NCC(OC1=CC=C1)c1ccccc1)c1cnn(C2=CC=C2)c1
O=C(NCC(OC1=CC=C1)c1ccccc1)c1cn[nH]c2ccc-2c1
O=C(NCC(OC1=CC=C1)c1ccccc1)c1cn[nH]c2ccc-2c1
O=C(NCC(OC1=CC=C1)c1ccccc1)c1cn[nH]c2ccc-2c1
O=C(NCC(OC1=CC=C1)c1ccccc1)c1cn[nH]c2ccc-2c1
O=C(NCC(OC1=CC=C1)c1ccccc1)c1cn[nH]c2ccc-2c1
O=C(NCC(OC1=CC=C1)c1ccccc1)c1cn[nH]c2ccc-2c1
O=C(NCC(OC1=CC=C1)c1ccccc1)c1cn[nH]c2ccc-2c1
O=C(NCC(OC1=CC=C1)c1ccccc1)c1cn[nH]c2ccc-2c1
O=C(NCC(OC1=CC=C1)c1ccccc1)c1cnn(C2CC2)c2ccc-2c1
O=C(NCC(OC1=CC=C1)c1ccccc1)c1cnn(C2CNC2)c2ccc-2c1
O=C(NCC(OC1=CC=C1)c1ccccc1)c1cnn(C2=CNC2)c2ccc-2c1
O=C(NCC(OC1=CC=C1)c1ccccc1)c1cnn(C2=CNC2)c2ccc-2c1
O=C(NCC(OC1=CC=C1)c1ccccc1)c1cnn(C2=C3NC32)c2ccc-2c1
O=C(NCC(OC1=CC=C1)c1ccccc1)c1cnn(C2=C3CC32)c2ccc-2c1
O=C(NCC(OC1=CC=C1)c1ccccc1)c1cnn(C2=C3C=C32)c2ccc-2c1
O=C(NCC(OC1=CC=C1)c1ccccc1)c1cnn(C2=CC=C2)c2ccc-2c1
O=C(NCC(OC1=CC=C1)c1ccccc1)c1cnn(C2=C3CC3=C2)c2ccc-2c1
O=C(NCC(OC1=CC=C1)c1ccccc1)c1cnn(C2=CCC=C2)c2ccc-2c1
O=C(NCC(OC1=CC=C1)c1ccccc1)c1cnn(C2=CCCC=C2)c2ccc-2c1
O=C(NCC(OC1=CC=C1)c1ccccc1)c1cnn(-c2ccccc2)c2ccc-2c1
O=C(NCC(OC1=CC=C1)c1ccccc1)c1cnn(-c2ccccc2)c2ccc-2c1
O=C(NCC(OC1=CC=C1)c1ccccc1)c1cnn(-c2ccccc2)c2ccc-2c1
O=C(NCC(OC1=CC=C1)c1ccccc1)c1cnn(-c2ccccc2)c2ccc-2c1
O=C(NCC(OC1=CC=C1)c1ccccc1)c1cnn(-c2ccccc2)c2ccc-2c1
O=C(NCC(OC1=CC=C1)c1ccccc1)c1cnn(-c2ccccc2)c2ccc-2c1
O=C(NCC(OC1=CC=C1)c1ccccc1)c1cnn(-c2ccccc2)c2ccc-2c1
O=C(NCC(OC1=CC=C1)c1ccccc1)c1cnn(-c2ccccc2)c2ccc-2c1
O=C(NCC(OC1=CC=C1)c1ccccc1)c1cnn(-c2ccccc2)c2ccc-2c1
O=C(NCC(OC1=CC=C1)c1ccccc1)c1cnn(-c2ccccc2)c2ccc-2c1
O=C(NCC(OC1=CC=C1)c1ccccc1)c1cnn(-c2ccccc2)c2ccc-2c1
O=C(NCC(OC1=CC=C1)c1ccccc1)c1cnn(-c2ccccc2)c2ccc-2c1
O=C(NCC(OC1=CCCN=C1)c1ccccc1)c1cnn(-c2ccccc2)c2ccc-2c1
O=C(NCC(OC1=CCCC=C1)c1ccccc1)c1cnn(-c2ccccc2)c2ccc-2c1
O=C(NCC(OC1=CCCC=C1)c1ccccc1)c1cnn(-c2ccccc2)c2ccc-2c1
O=C(NCC(OC1=CCC=C1)c1ccccc1)c1cnn(-c2ccccc2)c2ccc-2c1
O=C(NCC(OC1=CCC=C1)c1ccccc1)c1cnn(-c2ccccc2)c2ccc-2c1
O=C(NCC(OC1=CC=C1)c1ccccc1)c1cnn(-c2ccccc2)c2ccc-2c1
O=C(NCC(OC1=CC=C1)c1ccccc1)c1cnn(-c2ccccc2)c2ccc-2c1
O=C(NCC(OC1=CC=C1)c1ccccc1)c1cnn(-c2ccccc2)c2ccc-2c1
O=C(NCC(OC1=CC=C1)c1ccccc1)c1cnn(-c2ccccc2)c2ccc-2c1
O=C(NCC(OC1=CC=C1)c1ccccc1)c1cnn(-c2ccccc2)c2ccc-2c1
O=C(NCC(OC1=CC(C=C2CCC2)=C1)c1ccccc1)c1cnn(-c2ccccc2)c2ccc-2c1
O=C(NCC(OC1=CC(C=C2CC2)=C1)c1ccccc1)c1cnn(-c2ccccc2)c2ccc-2c1
O=C(NCC(OC1=CC(C=C2CC2)=C1)c1ccccc1)c1cnn(-c2ccccc2)c2ccc-2c1
O=C(NCC(OC1=CCC=C2CC2=C1)c1ccccc1)c1cnn(-c2ccccc2)c2ccc-2c1
O=C(NCC(OC1=CCC=C2CCC2=C1)c1ccccc1)c1cnn(-c2ccccc2)c2ccc-2c1
O=C(NCC(OC1=CCC=CC=C1)c1ccccc1)c1cnn(-c2ccccc2)c2ccc-2c1
O=C(NCC(OC1=CCC=CC=C1)c1ccccc1)c1cnn(-c2ccccc2)c2ccc-2c1
O=C(NCC(OC1=CCC=CC=C1)c1ccccc1)c1cnn(-c2ccccc2)c2ccc-2c1
O=C(NCC(OC1=CCC=CC=C1)c1ccccc1)c1cnn(-c2ccccc2)c2ccc-2c1
O=C(NCC(Oc1ccccc1)c1ccccc1)c1cnn(-c2ccccc2)c2ccc-2c1
O=C(NCC(Oc1ccccc1)c1ccccc1)c1cnn(-c2ccccc2)c2ccc-2c1
O=C(NCC(Oc1ccccc1)c1ccccc1)c1cnn(-c2ccccc2)c2ccc-2c1
O=C(NCC(Oc1ccccc1)c1ccccc1)c1cnn(-c2ccccc2)c2ccc-2c1
O=C(NCC(Oc1ccccc1)c1ccccc1)c1cnn(-c2ccccc2)c2ccc-2c1
O=C(NCC(Oc1ccccc1)c1ccccc1)c1cnn(-c2ccccc2)c2ccc-2c1
O=C(NCC(Oc1ccccc1)c1ccccc1)c1cnn(-c2ccccc2)c2ccc-2c1
O=C(NCC(Oc1ccccc1)c1ccccc1)c1cnn(-c2ccccc2)c2ccc-2c1
O=C(NCC(Oc1ccccc1)c1ccccc1)c1cnn(-c2ccccc2)c2ccc-2c1
O=C(NCC(Oc1ccccc1)c1ccccc1)c1cnn(-c2ccccc2)c2ccc-2c1
O=C(NCC(Oc1ccc2c(c1)CC2)c1ccccc1)c1cnn(-c2ccccc2)c2ccc-2c1
O=C(NCC(Oc1ccccc1)c1ccccc1)c1cnn(-c2ccccc2)c2ccc-2c1
O=C(NCC(Oc1ccccc1)c1ccccc1)c1cnn(-c2ccccc2)c2ccc-2c1
O=C(NCC(Oc1ccccc1)c1ccccc1)c1cnn(-c2ccccc2)c2ccc-2c1
O=C(NCC(Oc1ccccc1)c1ccccc1)c1cnn(-c2ccccc2)c2ccc-2c1
O=C(NCC(Oc1ccccc1)c1ccccc1)c1cnn(-c2ccccc2)c2ccc-2c1
O=C(NCC(Oc1ccccc1)c1ccccc1)c1cnn(-c2ccccc2)c2ccc-2c1
O=C(NCC(Oc1ccccc1)c1ccccc1)c1cnn(-c2ccccc2)c2ccc-2c1
O=C(NCC(Oc1ccccc1)c1ccccc1)c1cnn(-c2ccccc2)c2ccc-2c1
O=C(NCC(Oc1ccc(C2CNC2)cc1)c1ccccc1)c1cnn(-c2ccccc2)c2ccc-2c1
O=C(NCC(Oc1ccc2c(c1)C1NCC21)c1ccccc1)c1cnn(-c2ccccc2)c2ccc-2c1
O=C(NCC(Oc1ccc2c(c1)CNCC2)c1ccccc1)c1cnn(-c2ccccc2)c2ccc-2c1
O=C(NCC(Oc1ccc2c(c1)CCNCC2)c1ccccc1)c1cnn(-c2ccccc2)c2ccc-2c1
O=C(NCC(Oc1ccc2c(c1)CCNC2)c1ccccc1)c1cnn(-c2ccccc2)c2ccc-2c1
O=C(NCC(Oc1ccc2c(c1)C=CNC2)c1ccccc1)c1cnn(-c2ccccc2)c2ccc-2c1
O=C(NCC(Oc1ccc2c(c1)C=CNC2)c1ccccc1)c1cnn(-c2ccccc2)c2ccc-2c1
O=C(NCC(Oc1ccc2c(c1)C=CNC2)c1ccccc1)c1cnn(-c2ccccc2)c2ccc-2c1
O=C(NCC(Oc1ccc2c(c1)C=CNC2)c1ccccc1)c1cnn(-c2ccccc2)c2ccc-2c1
O=C(NCC(Oc1ccc2c(c1)C=CNC2)c1ccccc1)c1cnn(-c2ccccc2)c2ccc-2c1
O=C(NCC(Oc1ccc2c(c1)C=CNC2)c1ccccc1)c1cnn(-c2ccccc2)c2ccc-2c1
O=C(NCC(Oc1ccc2c(c1)C=CNCC2)c1ccccc1)c1cnn(-c2ccccc2)c2ccc-2c1
O=C(NCC(Oc1ccc2c(c1)C=CCCC2)c1ccccc1)c1cnn(-c2ccccc2)c2ccc-2c1
O=C(NCC(Oc1ccc2c(c1)C=CCCC2)c1ccccc1)c1cnn(-c2ccccc2)c2ccc-2c1
O=C(NCC(Oc1ccc2c(c1)C=CCCC2)c1ccccc1)c1cnn(-c2ccccc2)c2ccc-2c1
O=C(NCC(Oc1ccc2c(c1)C=CC=CC2)c1ccccc1)c1cnn(-c2ccccc2)c2ccc-2c1
O=C(NCC(Oc1ccc2c(c1)C=CC=CC2)c1ccccc1)c1cnn(-c2ccccc2)c2ccc-2c1
O=C(NCC(Oc1ccc2c(c1)C=CC=CC2)c1ccccc1)c1cnn(-c2ccccc2)c2ccc-2c1
O=C(NCC(Oc1ccc2ccccc2c1)c1ccccc1)c1cnn(-c2ccccc2)c2ccc-2c1
O=C(NCC(Oc1ccc2cc3c(cc2c1)CC3)c1ccccc1)c1cnn(-c2ccccc2)c2ccc-2c1
O=C(NCC(Oc1ccc2cc3c(cc2c1)CC3)c1ccccc1)c1cnn(-c2ccccc2)c2ccc-2c1
O=C(NCC(Oc1ccc2cc3c(cc2c1)CC3)c1ccccc1)c1cnn(-c2ccccc2)c2ccc-2c1
O=C(NCC(Oc1ccc2ccccc2c1)c1ccccc1)c1cnn(-c2ccccc2)c2ccc-2c1
O=C(NCC(Oc1ccc2ccccc2c1)c1ccccc1)c1cnn(-c2ccccc2)c2ccc-2c1
O=C(NCC(Oc1ccc2ccccc2c1)c1ccccc1)c1cnn(-c2ccccc2)c2ccc-2c1
O=C(NCC(Oc1ccc2ccccc2c1)c1ccccc1)c1cnn(-c2ccccc2)c2ccc-2c1
O=C(NCC(Oc1ccc2ccccc2c1)c1ccccc1)c1cnn(-c2ccccc2)c2ccc-2c1
O=C(NCC(Oc1ccc2ccccc2c1)c1ccccc1)c1cnn(-c2ccccc2)c2ccc-2c1
O=C(NCC(Oc1ccc2ccccc2c1)c1ccccc1)c1cnn(-c2ccccc2)c2ccc-2c1
O=C(NCC(Oc1ccc2ccccc2c1)c1ccccc1)c1cnn(-c2ccccc2)c2ccc-2c1
O=C(NCC(Oc1ccc2ccccc2c1)c1ccccc1)c1cnn(-c2ccccc2)c2ccc-2c1
O=C(NCC(Oc1ccc2ccccc2c1)c1ccccc1)c1cnn(-c2ccccc2)c2ccc-2c1
O=C(NCC(Oc1ccc2ccccc2c1)c1ccccc1)c1cnn(-c2ccccc2)c2ccc-2c1
O=C(NCC(Oc1ccc2ccccc2c1)c1ccccc1)c1cnn(-c2ccccc2)c2ccc-2c1
O=C(NCC(Oc1ccc2ccccc2c1)c1ccccc1)c1cnn(-c2ccccc2)c2ccc-2c1
O=C(NCC(Oc1ccc2ccccc2c1)c1ccccc1)c1cnn(-c2ccccc2)c2ccc-2c1
O=C(NCC(Oc1ccc2c(c1)C=CC2)c1ccccc1)c1cnn(-c2ccccc2)c2ccc-2c1
O=C(NCC(Oc1ccc2[nH]ccc2c1)c1ccccc1)c1cnn(-c2ccccc2)c2ccc-2c1
O=C(NCC(Oc1ccc2[nH]ccc2c1)c1ccccc1)c1cnn(-c2ccccc2)c2ccc-2c1
O=C(NCC(Oc1ccc2[nH]ccc2c1)c1ccccc1)c1cnn(-c2ccccc2)c2ccc-2c1
O=C(NCC(Oc1ccc2[nH]ccc2c1)c1ccccc1)c1cnn(-c2ccccc2)c2ccc-2c1
O=C(NCC(Oc1ccc2[nH]ccc2c1)c1ccccc1)c1cnn(-c2ccccc2)c2ccc-2c1
O=C(NCC(Oc1ccc2[nH]ccc2c1)c1ccccc1)c1cnn(-c2ccccc2)c2ccc-2c1
O=C(NCC(Oc1ccc2[nH]ccc2c1)c1ccccc1)c1cnn(-c2ccccc2)c2ccc-2c1
O=C(NCC(Oc1ccc2[nH]ccc2c1)c1ccccc1)c1cnn(-c2ccccc2)c2ccc-2c1
O=C(NCC(Oc1ccc2[nH]ccc2c1)c1ccccc1)c1cnn(-c2ccccc2)c2ccc-2c1
O=C(NCC(Oc1ccc2[nH]ncc2c1)c1ccccc1)c1cnn(-c2ccccc2)c2ccc-2c1
O=C(NCC(Oc1ccc2[nH]ncc2c1)c1ccccc1)c1cnn(-c2ccccc2)c2ccc-2c1
O=C(NCC(Oc1ccc2[nH]ncc2c1)c1ccccc1)c1ccc2cc-2n(-c2ccccc2)nc1
O=C(NCC(Oc1ccc2[nH]ncc2c1)c1ccccc1)c1ccc2cc-2n(-c2ccccc2)nc1
O=C(NCC(Oc1ccc2[nH]ncc2c1)c1ccccc1)c1ccc2cc-2n(-c2ccccc2)nc1
O=C(NCC(Oc1ccc2[nH]ncc2c1)c1ccccc1)c1ccc2cc-2n(-c2ccccc2)nc1
O=C(NCC(Oc1ccc2[nH]ncc2c1)c1ccccc1)c1ccc2cc-2n(-c2ccccc2)nc1
O=C(NCC(Oc1ccc2[nH]ncc2c1)c1ccccc1)c1ccc2cc-2n(-c2ccccc2)nc1
O=C(NCC(Oc1ccc2[nH]ncc2c1)c1ccccc1)c1ccc2cc-2n(-c2ccccc2)nc1
O=C(NCC(Oc1ccc2[nH]ncc2c1)c1ccccc1)c1ccc2cc-2n(-c2ccccc2)nc1
O=C(NCC(Oc1ccc2[nH]ncc2c1)c1ccccc1)c1ccc2cc-2n(-c2ccccc2)nc1
O=C(NCC(Oc1ccc2[nH]ncc2c1)c1ccccc1)c1ccc2cc-2n(-c2ccccc2)nc1
O=C(NCC(Oc1ccc2[nH]ncc2c1)c1ccccc1)c1ccc2cc-2n(-c2ccccc2)nc1
O=C(NCC(Oc1ccc2[nH]ncc2c1)c1ccccc1)c1ccc2cc-2n(-c2ccccc2)nc1
O=C(NCC(Oc1ccc2[nH]ncc2c1)c1ccccc1)c1ccc2cc-2n(-c2ccccc2)nc1
O=C(NCC(Oc1ccc2[nH]ncc2c1)c1ccccc1)c1ccc2cc-2n(-c2ccccc2)nc1
O=C(NCC(Oc1ccc2[nH]ncc2c1)c1ccccc1)c1ccc2cc-2n(-c2ccccc2)nc1
O=C(NCC(Oc1ccc2[nH]ncc2c1)c1ccccc1)c1ccc2cc-2n(-c2ccccc2)nc1
O=C(NCC(Oc1ccc2[nH]ncc2c1)c1ccccc1)c1ccc2cc-2n(-c2ccccc2)nc1
O=C(NCC(Oc1ccc2[nH]ncc2c1)c1ccccc1)c1ccc2cc-2n(-c2ccccc2)nc1
O=C(NCC(Oc1ccc2[nH]ncc2c1)c1ccccc1)c1ccc2cc-2n(-c2ccccc2)nc1
O=C(NCC(Oc1ccc2[nH]ncc2c1)c1ccccc1)c1ccc2cc-2n(-c2ccccc2)nc1
O=C(NCC(Oc1ccc2[nH]ncc2c1)c1ccccc1)c1ccc2cc-2n(-c2ccccc2)nc1
O=C(NCC(Oc1ccc2[nH]ncc2c1)c1ccccc1)c1ccc2cc-2n(-c2ccccc2)nc1
O=C(NCC(Oc1ccc2[nH]ncc2c1)c1ccccc1)c1ccc2cc-2n(-c2ccccc2)nc1
O=C(NCC(Oc1ccc2[nH]ncc2c1)c1ccccc1)c1ccc2cc-2n(-c2ccccc2)nc1
O=C(NCC(Oc1ccc2c(cnn2-c2ccccc2)c1)c1ccccc1)c1ccc2cc-2[nH]nc1
O=C(NCC(Oc1ccc2c(cnn2-c2ccccc2)c1)c1ccccc1)c1ccc2cc-2[nH]nc1
O=C(NCC(Oc1ccc2c(cnn2-c2ccccc2)c1)c1ccccc1)C1=CC=CCNN=C1
O=C(NCC(Oc1ccc2c(cnn2-c2ccccc2)c1)c1ccccc1)C1=CC=CNN=C1
O=C(NCC(Oc1ccc2c(cnn2-c2ccccc2)c1)c1ccccc1)C1=CC=CNN=C1
O=C(NCC(Oc1ccc2c(cnn2-c2ccccc2)c1)c1ccccc1)C1=CC=CCN=C1
O=C(NCC(Oc1ccc2c(cnn2-c2ccccc2)c1)c1ccccc1)c1cccnc1
O=C(NCC(Oc1ccc2c(cnn2-c2ccccc2)c1)c1ccccc1)c1ccccc1
O=c1ccn(CCCCc2cccc3c2OCC3)cc1
O=c1ccn(CCCCc2cccc3c2OC3)cc1
O=c1ccn(CCCCc2ccccc2)cc1
O=c1ccn(CCCCc2ccccc2)cc1
O=c1ccn(CCCCc2ccncc2)cc1
O=c1ccn(CCCc2ccncc2)cc1
O=c1ccn(CCCc2ccncc2)cc1
O=c1ccn(CCCc2ccncc2)cc1
O=c1ccn(CCCc2ccncc2)cc1
O=c1ccn(CCCc2ccncc2)cc1
O=c1ccn(CCCc2ccncc2)cc1
O=c1ccn(CCc2ccncc2)cc1
O=c1cc2n(CCc3ccncc3)c-2c1
C1=C2C(=CC1)N2CCc1ccncc1
C1=C2C(=CCC1)N2CCc1ccncc1
c1ccc2c(c1)N2CCc1ccncc1
c1ccc2c(c1)N2CCc1ccncc1
c1ccc2c(c1)N2CCc1ccncc1
c1ccc(NCCc2ccncc2)cc1
c1ccc(NCCc2ccncc2)cc1
c1ccc(NCCCc2ccncc2)cc1
c1ccc(NCCCc2ccncc2)cc1
c1ccc(N2CC2CCc2ccncc2)cc1
c1ccc(N2CC2CCc2ccncc2)cc1
c1ccc(N2CC2CCc2ccncc2)cc1
c1ccc(N2CC2COCc2ccncc2)cc1
c1ccc(N2NC2COCc2ccncc2)cc1
c1ccc(N2N=C2COCc2ccncc2)cc1
c1ccc(N2N=C2COCc2ccncc2)cc1
c1ccc(N2N=C2COCc2ccncc2)cc1
c1ccc(N2N=C2CCCc2ccncc2)cc1
c1ccc(N2CC(CCCc3ccncc3)=N2)cc1
c1ccc(N2CC(CCc3ccncc3)=N2)cc1
c1ccc(N2CC(CCc3ccncc3)=N2)cc1
c1ccc(N2N=C2CCc2ccncc2)cc1
c1ccc(N2N=C2CCc2ccncc2)cc1
c1ccc(N2N=C2CCc2ccncc2)cc1
c1ccc(N2N=C2CCc2ccncc2)cc1
c1ccc(N2N=C2CCc2ccncc2)cc1
c1ccc(N2N=C2CCc2ccncc2)cc1
c1ccc(N2N=C2CCc2ccncc2)cc1
c1ccc(N2N=C2CCc2ccncc2)cc1
C1=NN(c2ccccc2)C1Cc1ccncc1
c1ccc(N2CC(Cc3ccncc3)=N2)cc1
c1ccc(N2CCC(Cc3ccncc3)=N2)cc1
c1ccc(N2CCC(Cc3ccncc3)=N2)cc1
C=C1CC(Cc2ccncc2)=NN1c1ccccc1
C=C1CC(Cc2ccncc2)=NN1c1ccccc1
C=C1CC(Cc2ccncc2)=NN1c1ccccc1
C=C1CN(c2ccccc2)N=C1Cc1ccncc1
C=C1CN(c2ccccc2)N=C1Cc1ccncc1
C=C1CN(c2ccccc2)N=C1Cc1ccncc1
C=C1C(Cc2ccncc2)=NN1c1ccccc1
C=C1C(Cc2ccncc2)=NN1Cc1ccccc1
C=C1C(Cc2ccncc2)=NN1Cc1ccccc1
C=C1C(Cc2ccncc2)=NN1c1ccccc1
c1ccc(-n2nccc2CCc2ccncc2)cc1
c1ccc(-n2nccc2CCc2ccncc2)cc1
C=C(Cc1ccncc1)c1ccnn1-c1ccccc1
C=C(Cc1ccncc1)c1ccnn1-c1ccccc1
C=C(Cc1ccncc1)c1ccnn1-c1ccccc1
C1=C(Cc2ccncc2)c2c(cnn2-c2ccccc2)CC1
C1=C(Cc2ccncc2)c2c(cnn2-c2ccccc2)CC1
C1=C(Cc2ccncc2)c2c(cnn2-c2ccccc2)CC1
c1ccc(-n2ncc3cccc(Cc4ccncc4)c32)cc1
c1ccc(-n2ncc3cc(Cc4ccncc4)ccc32)cc1
c1ccc(-n2ncc3cc(Cc4ccncc4)ccc32)cc1
c1ccc(-n2ncc3cc(Cc4ccncc4)ccc32)cc1
c1ccc(-n2ncc3cc(Cc4ccncc4)ccc32)cc1
O=c1ccn(CCCCc2cccc3c2OCC3)cc1
O=c1ccn(CCCCc2cccc3c2OCC3)cc1
O=c1ccn(CCCCc2cccc3c2OCC3)cc1
O=c1ccn(CCCC2(c3cccc4c3OCC4)CCCC2)cc1
O=c1ccn(CCCC2(c3ccccc3)CCCC2)cc1
O=c1ccn(CCCC2(c3ccccc3)CCCC2)cc1
O=c1ccn(CCCC2(c3ccccc3)CCCC2)cc1
O=c1ccn(CCCC2(c3ccccc3)CCCC2)cc1
O=c1ccn(CCCC2(c3ccccc3)CCCC2)cc1
O=c1ccn(CCCC2(c3ccccc3)CCC2)cc1
O=c1ccn(CCCC2(c3ccccc3)CCC2)cc1
O=c1ccn(CNCCC2(c3ccccc3)CCC2)cc1
O=c1ccn(CNCCCC2(c3ccccc3)CCC2)cc1
c1ccc(C2(CCCNCn3cccc3)CCC2)cc1
c1ccc(C2(CCCNCn3cccc3)CCC2)cc1
c1ccc(C2(CCCNCn3cccc3)CCC2)cc1
O=C(NCCCC1(c2ccccc2)CCC1)c1cc[nH]c1
O=C(NCCCC1(c2ccccc2)CCC1)c1cc[nH]c1
O=C(NCCCC1(c2ccccc2)CCC1)c1cc[nH]c1
O=C(NCCCC1(c2ccccc2)CCC1)c1cc[nH]c1
O=C(NCCCC1(c2ccccc2)CCC1)c1cc[nH]c1
O=C(NCCCC1(c2ccccc2)CCC1)c1cn[nH]c1
O=C(NCCCC1(c2ccccc2)CCC1)c1cnn(C2CCC2)c1
O=C(NCCCC1(c2ccccc2)CCCC1)c1cnn(C2CCC2)c1
O=C(NCCCC1(c2ccccc2)CCCC1)c1cnn(C2CCCC2)c1
O=C(NCCCC1(c2ccccc2)CCCC1)c1cnn(C2=CCCC2)c1
O=C(NCCCC1(c2ccccc2)CCCC1)c1cnn(C2=C3CC3C2)c1
O=C(NCCCC1(c2ccccc2)CCCC1)c1cnn(C2=C3CC3C2)c1
O=C(NCCCC1(c2ccccc2)CCCC1)c1cnn(C2=CCCC2)c1
O=C(NCCCC1(c2ccccc2)CCCCC1)c1cnn(C2=CCCC2)c1
O=C(NCCCC1(c2ccccc2)CCCCC1)c1cnn(C2=CCCC2)c1
O=C(NCCCC1(c2ccccc2)CCCC1)c1cnn(C2=CCCC2)c1
O=C(NCCCC1(c2ccccc2)CCC1)c1cnn(C2=CCCC2)c1
O=C(NCCCC1(c2ccccc2)CCC1)c1cnn(C2=CCCC2)c1
O=C(NCCCC1(c2ccccc2)CCC1)c1cnn(C2=CCCC2)c1
O=C(NCCCC1(c2ccccc2)CCC1)c1cnn(C2=CCCC2)c1
O=C(NCCCC1(c2ccccc2)CCC1)c1cnn(C2=CCCC2)c1
O=C(NCCCC1(c2ccccc2)CCC1)c1cnn(C2=CCCC2)c1
O=C(NCCCC1(c2ccccc2)CCC1)c1cnn(C2=CC=CC2)c1
O=C(NCCCC1(c2ccccc2)CCC1)c1cnn(C2=CC=CC2)c1
O=C(NCCCC1(c2ccccc2)CCC1)c1cnn(C2=CC=CCC2)c1
O=C(NCCCC1(c2ccccc2)CCC1)c1cnn(C2=CC=CCC2)c1
O=C(NCCCC1(c2ccccc2)CC1)c1cnn(C2=CC=CCC2)c1
O=C(NCCCC1(c2ccccc2)CC1)c1cnn(-c2ccccc2)c1
O=C(NCCCC1(c2ccccc2)CCC1)c1cnn(-c2ccccc2)c1
O=c1ccn(CCCCc2cccc3c2OCC3)cc1
O=C1C=CN(CCCCc2cccc3c2OCC3)C1
O=C(CCCc1cccc2c1OCC2)N1C=CCC1
O=C(CCCc1cccc2c1OCC2)N1C=CCC1
O=C(CCCc1cccc2c1OCC2)N1C=CCC1
c1ccc2c(c1)CCO2
O=C(CCCc1cccc2c1OCC2)NC1=CNC1
O=C(CCCc1cccc2c1OCC2)NC1=CN=C1
O=C(CCCc1cccc2c1OCC2)NC1=NC=C1
O=C(CCCc1cccc2c1OCC2)NC1=NC=C1
O=C(CCCc1cccc2c1OCC2)NC1=NC=C1
O=C(CCCc1cccc2c1OCC2)NC1=NC=C1
O=C(CCCc1cccc2c1OCC2)NC1=NC=C1
O=C(CCCc1cccc2c1OCC2)NC1=NC=C1
O=C(CCCc1cccc2c1OCC2)NC1=NC=C1
O=C(CCCc1cccc2c1OCC2)NC1=NC=C1
O=C(CCCc1cccc2c1OCC2)NC1=NC=C1
O=C(CCCc1cccc2c1OCC2)NC1=NC=C1
O=C(CCCc1cccc2c1OCC2)Nc1ccon1
O=C(CCCc1cccc2c1OCC2)Nc1ccon1
O=C(CCCc1cccc2c1OCC2)Nc1ccon1
O=C(CCCc1cccc2c1OCC2)Nc1ccon1
O=C(CCCc1cccc2c1OCC2)Nc1noc2c1NC2
O=C(CCCc1cccc2c1OCC2)Nc1noc2c1N2
O=C(CCCc1cccc2c1OCC2)Nc1noc2c1N2
O=C(CCCc1cccc2c1OCC2)Nc1ccon1
O=C(CCCc1cccc2c1OCC2)Nc1ccon1
O=C(CCCc1cccc2c1OCC2)Nc1ccoc1
O=C(CCCc1cccc2c1OCC2)Nc1ccoc1
O=C(CCCc1cccc2c1OCC2)Nc1ccoc1
O=C(CCCc1cccc2c1OCC2)Nc1ccoc1
O=C(CCCc1cccc2c1OCC2)Nc1ccoc1
O=C(CCCc1cccc2c1OCC2)Nc1cccnc1
O=C(CCCc1cccc2c1OCC2)Nc1cccnc1
O=C(CCCc1cccc2c1OCC2)Nc1cccnc1
O=C(CCCc1cccc2c1OCC2)Nc1cccnc1
O=C(CCCc1cccc2c1OCC2)Nc1cccnc1
O=C(CCCc1cccc2c1OCC2)Nc1cccnc1
O=C(CCCc1cccc2c1OCC2)Nc1ccccc1
O=C(CCCc1cccc2c1OCC2)Nc1ccccc1
O=C(CCCc1cccc2c1OCC2)Nc1ccc2c(c1)COC2
O=C(CCCc1cccc2c1OCC2)Nc1ccccc1
O=C(CCCc1cccc2c1OCC2)Nc1ccc2c(c1)CC2
O=C(CCCc1cccc2c1OCC2)Nc1ccc2c(c1)CC2
O=C(CCCc1cccc2c1OCC2)Nc1ccc2c(c1)CC2
O=C(CCCc1cccc2c1OCC2)Nc1ccc2c(c1)C(=O)C2
O=C(CCCc1cccc2c1OCC2)Nc1ccc2c(c1)C(=O)C2
O=C(CCCc1cccc2c1OCC2)Nc1ccc2c(c1)C(=O)C2
O=C(CCCc1cccc2c1OCC2)Nc1ccc2c(c1)C(=O)C2
O=C(CCCc1cccc2c1OCC2)Nc1ccc2c(c1)C(=O)C2
O=C(CCCc1cccc2c1OCC2)Nc1ccc2c(c1)C(=O)C2
O=C(CCCc1cccc2c1OCC2)Nc1ccc2c(c1)C(=O)OC2
C=C1OC(=O)c2cc(NC(=O)CCCc3cccc4c3OCC4)ccc21
C=C1OC(=O)c2cc(NC(=O)CCCc3cccc4c3OCC4)ccc21
C=C1OC(=O)c2ccc(NC(=O)CCCc3cccc4c3OCC4)cc21
C=C1OC(=O)c2ccc(NC(=O)CCCc3cccc4c3OCC4)cc21
O=C(CCCc1cccc2c1OCC2)Nc1ccc2c(=O)occc2c1
O=C(CCCc1cccc2c1OCC2)Nc1ccc2c(c1)C=CCC2=O
O=C(CCCc1cccc2c1OCC2)Nc1ccc2c(c1)C=CCC2=O
O=C(CCCc1cccc2c1OCC2)Nc1ccc2c(c1)C=NCC2=O
O=C(CCCc1cccc2c1OCC2)Nc1ccc2c(c1)C=NCC2=O
O=C(CCCc1cccc2c1OCC2)Nc1ccc2c(c1)C=NCC2=O
O=C(CCCc1cccc2c1OCC2)Nc1ccc2c(c1)C=NCC2=O
O=C(CCCc1cccc2c1OCC2)Nc1ccc2c(c1)C=NC(=O)C2=O
O=C(CCCc1cccc2c1OCC2)Nc1ccc2c(=O)c(=O)oncc2c1
O=C(CCCc1cccc2c1OCC2)Nc1ccc2c(c1)C=NOCC2=O
O=C(CCCc1cccc2c1OCC2)Nc1ccc2c(=O)oncc2c1
O=C(CCCc1cccc2c1OCC2)Nc1ccc2c(=O)oncc2c1
O=C(CCCC1COc2ccccc21)Nc1ccc2c(=O)oncc2c1
O=C(CCCCc1ccccc1)Nc1ccc2c(=O)oncc2c1
O=C(CCCCc1ccccc1)NCc1ccc2c(=O)oncc2c1
O=c1oncc2cc(OCCc3ccccc3)ccc12
O=c1oncc2cc(OCc3ccccc3)ccc12
O=c1oncc2cc(OCc3ccccc3)ccc12
O=c1oncc2cc(OCc3ccccc3)ccc12
O=c1oncc2cc(OCc3ccccc3)ccc12
O=c1oncc2cc(OCc3ccccc3)ccc12
O=c1oncc2cc(OCc3ccccc3)ccc12
O=c1oncc2cc(OCc3ccccc3)ccc12
O=c1oncc2cc(OCc3ccccc3)ccc12
O=c1[nH]ncc2cc(OCc3ccccc3)ccc12
O=c1[nH]ncc2cc(OCc3ccccc3)ccc12
C1=NNCc2ccc(OCc3ccccc3)cc21
c1ccc(COc2ccc3[nH]ncc3c2)cc1
c1ccc(COc2ccc3[nH]ncc3c2)cc1
c1ccc(COc2ccc3[nH]ncc3c2)cc1
c1ccc(COc2ccc3[nH]ncc3c2)cc1
c1ccc(COc2ccc3[nH]ncc3c2)cc1
c1ccc(COc2ccc3[nH]ncc3c2)cc1
c1ccc(COc2ccc3[nH]ncc3c2)cc1
C1=C(n2ncc3cc(OCc4ccccc4)ccc32)C1
C1=C(n2ncc3cc(OCc4ccccc4)ccc32)CC1
C1=C(n2ncc3cc(OCc4ccccc4)ccc32)CC1
C1=CC(n2ncc3cc(OCc4ccccc4)ccc32)=C1
C1=CC(n2ncc3cc(OCc4ccccc4)ccc32)=C1
C1=CC(n2ncc3cc(OCc4ccccc4)ccc32)=C1
C1=CC(n2ncc3cc(OCc4ccccc4)ccc32)=C1
C1=CC(n2ncc3cc(OCc4ccccc4)ccc32)=C1
C1=CC(n2ncc3cc(OCc4ccccc4)ccc32)=C1
C1=CC(n2ncc3cc(OCc4ccccc4)ccc32)=C1
O=C(NCC(Oc1ccc2c(cnn2C2=CC=C2)c1)c1ccccc1)C1CN1
O=C(NCC(Oc1ccc2c(cnn2C2=CC=C2)c1)c1ccccc1)C1CC1
O=C(NCC(Oc1ccc2c(cnn2C2=CC=C2)c1)c1ccccc1)C1CCC1
O=C(NCC(Oc1ccc2c(cnn2C2=CC=C2)c1)c1ccccc1)C1=CCC1
O=C(NCC(Oc1ccc2c(cnn2C2=CC=C2)c1)c1ccccc1)C1=CCC1
O=C(NCC(Oc1ccc2c(cnn2C2=CC=C2)c1)c1ccccc1)C1=CCCC1
O=C(NCC(Oc1ccc2c(cnn2C2=CC=C2)c1)c1ccccc1)C1=CC=CC1
O=C(NCC(Oc1ccc2c(cnn2C2=CC=C2)c1)c1ccccc1)C1=CC=C1
O=C(NCC(Oc1ccc2c(cnn2C2=CC=C2)c1)c1ccccc1)C1=CC=C1
O=C(NCC(Oc1ccc2c(cnn2C2=CC=C2)c1)c1ccccc1)C1=CC=C1
O=C(NCC(Oc1ccc2c(cnn2C2=CC=CC2)c1)c1ccccc1)C1=CC=C1
O=C(NCC(Oc1ccc2c(cnn2C2=CC=CC2)c1)c1ccccc1)C1=CC=C1
O=C(NCC(Oc1ccc2c(cnn2C2=CCC=C2)c1)c1ccccc1)C1=CC=C1
O=C(NCC(Oc1ccc2c(cnn2C2=CCC=C2)c1)c1ccccc1)C1=CC=C1
O=C(NCC(Oc1ccc2c(cnn2C2=CCCC=C2)c1)c1ccccc1)C1=CC=C1
O=C(NCC(Oc1ccc2c(cnn2C2=CCCC=C2)c1)c1ccccc1)C1=CC=C1
O=C(NCC(Oc1ccc2c(cnn2C2=CCCC=C2)c1)c1ccccc1)C1=CC=C1
O=C(NCC(Oc1ccc2c(cnn2C2=CCCC=C2)c1)c1ccccc1)C1=CC=C1
O=C(NCC(Oc1ccc2c(cnn2C2=CCCC=C2)c1)c1ccccc1)C1=CC=C1
O=C(NCC(Oc1ccc2c(cnn2-c2ccccc2)c1)c1ccccc1)C1=CC=C1
O=C(NCC(Oc1ccc2c(cnn2-c2ccccc2)c1)c1ccccc1)C1=CC=C1
O=C(NCC(Oc1ccc2c(cnn2-c2ccccc2)c1)c1ccccc1)C1=CC=C1
O=C(NCC(Oc1ccc2c(cnn2-c2ccccc2)c1)c1ccccc1)C1=CC=C1
O=C(NCC(Oc1ccc2c(cnn2-c2ccccc2)c1)c1ccccc1)C1=CC=C1
O=C(NCC(Oc1ccc2c(cnn2-c2ccccc2)c1)c1ccccc1)C1=CC=C1
O=C(NCC(Oc1ccc2c(cnn2-c2ccccc2)c1)c1ccccc1)C1=CC=C1
O=C(NCC(Oc1ccc2c(cnn2-c2ccccc2)c1)c1ccccc1)C1=CC=C1
O=C(NCC(Oc1ccc2c(cnn2-c2ccccc2)c1)c1ccccc1)C1=CC=C1
O=C(NCC(Oc1ccc2c(cnn2-c2ccccc2)c1)c1ccccc1)C1=CCC=C1
O=C(NCC(Oc1ccc2c(cnn2-c2ccccc2)c1)c1ccccc1)C1=CCC=C1
O=C(NCC(Oc1ccc2c(cnn2-c2ccccc2)c1)c1ccccc1)C1=CCC=C1
O=C(NCC(Oc1ccc2c(cnn2-c2ccccc2)c1)c1ccccc1)C1=CCC=C=C1
O=C(NCC(Oc1ccc2c(cnn2-c2ccccc2)c1)c1ccccc1)C1=CCCC=C1
O=C(NCC(Oc1ccc2c(cnn2-c2ccccc2)c1)c1ccccc1)c1ccccc1
O=C(NCC(Oc1ccc2c(cnn2-c2ccccc2)c1)c1ccccc1)c1ccccc1
O=C(CCCc1cccc2c1OCC2)Nc1ccc2c(=O)oncc2c1
O=C(CCCc1cccc2c1OCC2)Nc1ccc2c(=O)oncc2c1
O=C(CCCc1ccccc1)Nc1ccc2c(=O)oncc2c1
O=C(CCCc1ccccc1)Nc1ccc2c(=O)oncc2c1
O=C(CCCc1ccccc1)Nc1ccc2c(=O)occc2c1
O=C(Nc1ccc2c(=O)occc2c1)C1CCc2ccccc2O1
O=C(Nc1ccc2c(=O)occc2c1)C1CCc2ccccc2O1
O=C(Nc1cccc2oc(=O)c-2cc1)C1CCc2ccccc2O1
O=C(Nc1cccc2oc(=O)c-2cc1)C1Oc2ccccc2C2CC12
O=C1Nc2ccc3c(=O)oc-3ccc2-c2ccccc2OC1C1CC1
O=C1Nc2ccc3c(=O)oc-3ccc2-c2ccccc2OC1C1CC1
O=C1Nc2ccc3c(=O)oc-3ccc2-c2ccccc2OC1C1CC1
O=C1Nc2ccc3c(=O)oc-3ccc2-c2ccccc2OC1C1CC1
C=C1CC1C1Oc2ccccc2-c2ccc3oc(=O)c-3ccc2NC1=O
C=C1CC1C1Oc2ccccc2-c2ccc3oc(=O)c-3ccc2NC1=O
C=C1CCC1C1Oc2ccccc2-c2ccc3oc(=O)c-3ccc2NC1=O
C=C1CCC1C1Oc2ccccc2-c2ccc3oc(=O)c-3ccc2NC1=O
C=C1CCC1C1Oc2ccccc2-c2ccc3oc(=O)c-3ccc2NC1=O
O=C1Nc2ccc3c(=O)oc-3ccc2-c2ccccc2OC1C1C=CCCC1
O=C1Nc2ccc3c(=O)oc-3ccc2-c2ccccc2OC1C1CC=CCCC1
O=C1Nc2ccc3c(=O)oc-3ccc2-c2ccccc2OC1C1CC=CCCC1
O=C1Nc2ccc3c(=O)oc-3ccc2-c2ccccc2OC1C1CC=CCCCC1
O=c1oc2ccc3c(ccc1-2)NCC(C1CC=CCCCC1)Oc1ccccc1-3
O=c1oc2ccc3c(ccc1-2)NCC(C1C=CCCCC1)Oc1ccccc1-3
O=c1oc2ccc3c(ccc1-2)NC(C1C=CCCCC1)Oc1ccccc1-3
O=c1oc2cc3c(cccc1-2)-c1ccccc1OC3C1C=CCCCC1
O=c1oc2cc3c(cccc1-2)-c1ccccc1OC3C1C=CCCCC1
O=c1oc2cc3c(cccc1-2)-c1ccccc1OC3C1C=CCCCC1
O=c1oc2cc3c(cccc1-2)-c1ccccc1OC3C1C=CCCC1
O=c1oc2c3c4c(ccc3c1-2)-c1ccccc1OC4C1C=CCCC1
C1=CC(C2Oc3ccccc3-c3ccc4c(c32)=CC=4)CCC1
C1=CC(C2Oc3ccccc3C3=C2C2=CC2C=C3)CCC1
C1=CC(C2Oc3ccccc3C3=C2CCC=C3)CCC1
C1=CC(C2Oc3ccccc3C3=C2CC=C3)CCC1
C1=CC(C2Oc3ccccc3C3=C2CC=C3)CCC1
C1=CC(C2Oc3ccccc3C3=C2CC=C3)CCCC1
C1=CC(C2Oc3ccccc3C3=C2CC=C3)CCCC1
C1=CC(C2Oc3ccccc3C3=C2CC=C3)CCCC1
C1=CC(C2Oc3ccccc3C3=CCC=C32)CCCC1
C1=CC(C2Oc3ccccc3C3=CCC=C32)CCCC1
C1=CC(C2Oc3ccccc3C3=CCC=C32)CCCC1
C1=CC(C2Oc3ccccc3C3=CCC=C32)CCCC1
C1=CC(C2Oc3ccccc3C3=CCC=C32)CCCC1
C1=CC(C2Oc3ccccc3C3=CCC=C32)CCCCC1
C1=CC(C2Oc3ccccc3C3=CCC=C32)CCCCC1
C1=CC(C2Oc3ccccc3C3=CCC=C32)CCCC1
C1=CC(C2Oc3ccccc3C3=CCCC=C32)CCCC1
C1=CC(C2Oc3ccccc3C3=CCCC=C32)CCC1
C1=CC(C2Oc3ccccc3C3=CCCC=C32)CCC1
C1=CC(C2Oc3ccccc3C3=CCCC=C32)CCC1
C1=CC(C2Oc3ccccc3C3=CCCC=C32)CCC1
C1=CC(C2Oc3ccccc3C3=CCCC=C32)CCCC1
C1=CC(C2Oc3ccccc3C3=CCCC=C32)CCCC1
C1=CC(C2Oc3ccccc3C3=CCCC=C32)CCC1
C1=CC(C2Oc3ccccc3C3=CCCC=C32)CCC1
C1=CC(C2Oc3ccccc3-c3ccccc32)CCC1
C1=CC(C2Oc3ccccc3-c3ccccc32)CCC1
C1=CC(C2Oc3ccccc3-c3ccccc32)CCC1
C1=CC(C2Oc3ccccc3-c3ccccc32)CCC1
C1=CC(C2Oc3ccccc3-c3ccccc32)CCC1
C1=CC(C2Oc3ccccc3-c3ccccc32)CCC1
C1=CC(C2Oc3ccccc3-c3ccccc32)CCC1
C1=CC(C2Oc3ccccc3-c3ccccc32)CCCC1
C1=CC(C2Oc3ccccc3-c3ccccc32)CCCCC1
C1=CC(C2Oc3ccccc3-c3ccccc32)CCCCC1
C1=CC(C2Oc3ccccc3-c3ccccc32)CCCC1
C1=CC(C2Oc3ccccc3-c3ccccc32)CCCC1
C1=CC(C2Oc3ccccc3-c3ccccc32)CCCC1
C1=CC(C2Oc3ccccc3-c3ccc4c(c32)CN4)CCCC1
C1=CC(C2Oc3ccccc3-c3ccc4c(c32)CN4)CCC1
C1=CC(C2Oc3ccccc3-c3ccc4c(c32)CN4)CCC1
C1=CC(C2Oc3ccccc3-c3ccc4c(c32)CCN4)CCC1
C1=CC(C2Oc3ccccc3-c3ccc4c(c32)CCN4)CCC1
C1=CC(C2Oc3ccccc3-c3ccc4c(c32)CCCN4)CCC1
C1=CC(C2Oc3ccccc3-c3ccc4c(c32)CCCN4)CCCC1
C1=CC(C2Oc3ccccc3-c3ccc4c(c32)CCCN4)CCCC1
C1=CC(C2Oc3ccccc3-c3ccccc32)CCCC1
C1=CC(C2Oc3ccccc3-c3ccccc32)CCCC1
C1=CC(C2Oc3ccccc3-c3ccccc32)CCCC1
C1=CC(C2Oc3ccccc3-c3ccc4c(c32)CCN4)CCCC1
C1=CC(C2Oc3ccccc3-c3ccc4c(c32)CCN4)CCCC1
C1=CC(C2Oc3ccccc3-c3ccc4c(c32)CCCN4)CCCC1
C1=CC(C2Oc3ccccc3-c3ccc4c(c32)CCCN4)CCC1
C1=CC(C2Oc3ccccc3-c3ccc4c(c32)CCCN4)CCC1
O=C1CCNc2ccc3c(c21)C(C1C=CCCC1)Oc1ccccc1-3
O=C1CCNc2ccc3c(c21)C(C1C=CCCC1)Oc1ccccc1-3
O=C1CCNc2ccc3c(c21)C(C1C=CCCC1)Oc1ccccc1-3
C1=CC(C2Oc3ccccc3-c3ccc4c(c32)CCCN4)CCC1
C1=CC(C2Oc3ccccc3-c3ccc4c(c32)CCCN4)CCCC1
C1=CC(C2Oc3ccccc3-c3ccc4c(c32)C=CCN4)CCCC1
C1=CC(C2Oc3ccccc3-c3ccc4c(c32)C=CCN4)CCC1
C1=CC(C2Oc3ccccc3-c3ccc4c(c32)C=CCN4)CCC1
C1=CC(C2Oc3ccccc3-c3ccc4c(c32)C=CCN4)CCC1
O=C(CCCc1cccc2c1OCC2)Nc1ccc2c(=O)oncc2c1
O=C(CCCc1cccc2c1OCC2)Nc1ccc2c(=O)oncc2c1
O=C(CCCc1ccccc1)Nc1ccc2c(=O)oncc2c1
O=C(CCc1ccccc1)Nc1ccc2c(=O)oncc2c1
O=C1CC(c2ccccc2)Cc2c(ccc3c(=O)oncc23)N1
O=C1CC(c2ccccc2)Cc2c(ccc3c(=O)occc23)N1
O=C1CC(c2ccccc2)Cc2c(ccc3c(=O)occc23)N1
O=C1CC(c2ccccc2)Cc2c(ccc3c(=O)occc23)N1
O=C1CC(c2ccccc2)Cc2c(ccc3c(=O)occc23)N1
O=C1CC(c2ccccc2)Cc2c(ccc3c(=O)occc23)N1
O=C1CC(c2ccccc2)Cc2c(ccc3c(=O)occc23)N1
O=C1CC(c2ccccc2)Cc2c(ccc3c(=O)occc23)N1
O=C1CC(c2ccccc2)Cc2c(ccc3c(=O)occc23)N1
O=C1CC(c2ccccc2)Cc2c(ccc3c(=O)occc23)N1
O=C1CCCc2c(ccc3c(=O)oc(Cc4ccccc4)cc23)N1
O=C1CCCc2c(ccc3c(=O)oc(-c4ccccc4)cc23)N1
O=C1CCCc2c(ccc3c(=O)oc(-c4ccccc4)cc23)N1
O=C1CCCc2c(ccc3c(=O)oc(-c4ccccc4)cc23)NN1
O=c1oc(-c2ccccc2)cc2c3c(ccc12)NNCCCC3
O=c1oc(-c2ccccc2)cc2c3c(ccc12)NNCCC3
O=c1oc(-c2ccccc2)cc2c3c(ccc12)NNCCC3
O=c1oc(-c2ccccc2)cc2c3c(ccc12)NNCCC3
O=c1oc(-c2ccccc2)cc2c3c(ccc12)NNCCC3
O=c1oc(-c2ccccc2)cc2c3c(ccc12)NNCCC3
O=c1oc(-c2ccccc2)cc2c3c(ccc12)NNCCC3
O=C(c1ccccc1-c1cc2c3c(ccc2c(=O)o1)NNCCC3)N1CC1
O=C(c1ccccc1-c1cc2c3c(ccc2c(=O)o1)NNCCC3)N1CC1
O=C(c1ccccc1-c1cc2c3c(ccc2c(=O)o1)NNCCC3)N1CC1
O=C(c1ccccc1-c1cc2c3c(ccc2c(=O)o1)NNCCC3)N1CC1
O=C(c1ccccc1-c1cc2c3c(ccc2c(=O)o1)NNCC3)N1CC1
O=C(c1ccccc1-c1cc2c3c(ccc2c(=O)o1)NNCC3)N1CCC1
O=C(c1ccccc1-c1cc2c3c(ccc2c(=O)o1)NNCC3)N1CCCC1
O=C(c1ccccc1-c1cc2c3c(ccc2c(=O)o1)NNCCC3)N1CCCC1
O=C(c1ccccc1-c1cc2c3c(ccc2c(=O)o1)NNCCC3)N1CCCCC1
O=C(c1ccccc1-c1cc2c3c(ccc2c(=O)o1)NCCC3)N1CCCCC1
O=C(c1ccccc1-c1cc2c3c(ccc2c(=O)o1)NCC=C3)N1CCCCC1
O=C(c1ccccc1-c1cc2c3c(ccc2c(=O)o1)NCC=C3)N1CCCC1
O=C(c1ccccc1-c1cc2c3c(ccc2c(=O)o1)NCC=C3)N1CCCC1
O=C(c1ccccc1-c1cc2c3c(ccc2c(=O)o1)NCC=C3)N1CCCC1
O=C(c1ccccc1-c1cc2c3c(ccc2c(=O)o1)NCC=C3)N1CCCC1
O=C(c1ccccc1-c1cc2c3c(ccc2c(=O)s1)NCC=C3)N1CCCC1
O=C(c1ccccc1-c1cc2c3c(ccc2c(=O)s1)NCC=C3)N1CCCC1
O=C(c1ccccc1-c1cc2c3c(ccc2c(=O)s1)NCC=C3)N1CCCC1
O=C(c1ccccc1-c1cc2c3c(ccc2c(=O)s1)NCC=C3)N1CCCC1
O=C(c1ccccc1-c1cc2c3c(ccc2c(=O)s1)NCC=C3)N1CCCC1
O=C(c1ccccc1-c1cc2c3c(ccc2c(=O)s1)NCC=C3)N1CCCC1
O=C(c1ccccc1C1=Cc2c(ccc3c2C=CCN3)CS1)N1CCCC1
O=C(c1ccccc1C1=Cc2c(ccc3c2C=CCN3)CC1)N1CCCC1
O=C(c1ccccc1C1=Cc2c(ccc3c2C=CCN3)CC1)N1CCCCC1
O=C(c1ccccc1C1=Cc2c(ccc3c2C=CCN3)CCC1)N1CCCCC1
O=C(c1ccccc1C1=Cc2c(ccc3c2C=CCN3)CCC1)N1CCCCC1
O=C(c1ccccc1C1=Cc2c(ccc3c2C=CCN3)CCC1)N1CCCCC1
O=C(c1ccccc1C1=Cc2c(ccc3c2C=CCN3)CC1)N1CCCCC1
O=C(c1ccccc1C1=Cc2c(ccc3c2C=CCN3)CC1)N1CCCCCC1
O=C(c1ccccc1C1=Cc2c(ccc3c2C=CCN3)CC1)N1CCCCCCC1
O=C(c1ccccc1C1=Cc2c(ccc3c2C=CCN3)CC1)N1CCCCCCC1
O=C(c1ccccc1C1=Cc2c(ccc3c2C=CCN3)CC1)N1CCCCCC1
O=C(c1ccccc1C1=Cc2c(ccc3c2C=CCN3)CCC1)N1CCCCCC1
O=C(c1ccccc1C1=Cc2c(ccc3c2C=CCN3)CCC1)N1CCCCC1
O=C(c1ccccc1C1=Cc2c(ccc3c2C=CCN3)CC1)N1CCCCC1
O=C(c1ccccc1C1=Cc2c(ccc3c2C=CCN3)CC1)N1CCCCCC1
O=C(c1ccccc1C1=Cc2c(ccc3c2C=CCN3)CC1)N1CCCCCC1
O=C(c1ccccc1C1=Cc2c(ccc3c2C=CCN3)CC1)N1CCCCCCC1
O=C(c1ccccc1-c1ccc2ccc3c(c2c1)C=CCN3)N1CCCCCCC1
O=C(c1ccccc1-c1ccc2ccc3c(c2c1)C=CCN3)N1CCCCCCC1
O=C(c1ccccc1-c1ccc2ccc3c(c2c1)C=CCN3)N1CCCCCC1
O=C(c1ccccc1-c1ccc2ccc3c(c2c1)C=CCN3)N1CCCCCC1
O=C(c1ccccc1-c1ccc2ccc3c(c2c1)C=CCN3)N1CCCCC1
O=C(c1ccccc1-c1ccc2ccc3c(c2c1)C=CCN3)N1CCCCC1
O=C(c1ccccc1-c1ccc2ccc3c(c2c1)C=CCN3)N1CCCCC1
O=C(c1ccccc1-c1ccc2ccc3c(c2c1)C=CCN3)N1CCCCC1
O=C(c1ccccc1-c1ccc2ccc3c(c2c1)C=CCN3)N1CCCCC1
O=C(c1ccccc1-c1ccc2ccc3c(c2c1)C=CCN3)N1CCCCC1
O=C(c1ccccc1-c1ccc2ccc3c(c2c1)C=CCN3)N1CCCCC1
O=C(c1ccccc1-c1ccc2ccc3c(c2c1)C=CCN3)N1CCCCC1
O=C(c1ccccc1-c1ccc2ccc3c(c2c1)C=CCN3)N1CCCCC1
O=C(c1ccccc1-c1ccc2ccc3c(c2c1)C=CCN3)N1CCCCCC1
O=C(c1ccccc1-c1ccc2ccc3c(c2c1)C=CCN3)N1CCCCCC1
O=C(c1ccccc1-c1cc2c3c(ccc2c2c1CCCO2)NCC=C3)N1CCCCCC1
O=C(c1ccccc1-c1cc2c3c(ccc2c2c1CCCO2)NCC=C3)N1CCCCC1
O=C(c1ccccc1-c1cc2c3c(ccc2c2c1CCO2)NCC=C3)N1CCCCC1
O=C(c1ccccc1-c1cc2c3c(ccc2c2c1CCO2)NCC=C3)N1CCCCC1
O=C(c1ccccc1-c1cc2c3c(ccc2c2c1CO2)NCC=C3)N1CCCCC1
O=C(c1ccccc1-c1cc2c3c(ccc2c2c1CCO2)NCC=C3)N1CCCCC1
O=C(c1ccccc1-c1cc2c3c(ccc2c2c1CCO2)NCC=C3)N1CCCCC1
O=C(c1ccccc1-c1cc2c3c(ccc2c2occc12)NCC=C3)N1CCCCC1
O=C(c1ccccc1-c1cc2c3c(ccc2c2occc12)NCC=C3)N1CCCCC1
O=C(c1ccccc1-c1cc2ccoc2c2ccc3c(c12)C=CCN3)N1CCCCC1
O=C(c1ccccc1Cc1c(-c2ccco2)ccc2c1C=CCN2)N1CCCCC1
O=C(c1ccccc1-c1c(-c2ccco2)ccc2c1C=CCN2)N1CCCCC1
O=C(c1ccccc1-c1c(-c2ccco2)ccc2c1C=CCN2)N1CCCCC1
O=C(c1ccccc1-c1c(-c2ccco2)ccc2c1C=CCN2)N1CCCC1
O=C(c1ccccc1-c1c(C2=CCO2)ccc2c1C=CCN2)N1CCCC1
O=C(c1ccccc1-c1c(C2=CCO2)ccc2c1C=CCN2)N1CCCC1
O=C(c1ccccc1-c1c(C2=CO2)ccc2c1C=CCN2)N1CCCC1
O=C(c1ccccc1-c1c(C2=CO2)ccc2c1C=CCN2)N1CCC1
O=C(c1ccccc1-c1c(C2=CO2)ccc2c1C=CCN2)N1CC1
O=C(c1ccccc1-c1c(C2=CO2)ccc2c1C=CCN2)N1CC1
O=C(c1ccccc1-c1c(C2=CO2)ccc2c1C=CCN2)N1CCC1
O=C(c1ccccc1-c1c(C2=CO2)ccc2c1C=CCN2)N1CCC1
O=C(c1ccccc1-c1c(C2=CO2)ccc2c1C=CCN2)N1CCCC1
O=C(c1ccccc1-c1c(C2=CC2)ccc2c1C=CCN2)N1CCCC1
O=C(c1ccccc1-c1c(C2=CC=C2)ccc2c1C=CCN2)N1CCCC1
O=C(c1ccccc1-c1c(C2=CC=C2)ccc2c1C=CCN2)N1CCCC1
O=C(c1ccccc1-c1c(C2=CC=C2)ccc2c1C=CCN2)N1CCCCC1
O=C(c1ccccc1-c1c(-c2ccsc2)ccc2c1C=CCN2)N1CCCCC1
O=C(c1ccccc1-c1c(-c2ccsc2)ccc2c1C=CCN2)N1CCCCC1
O=C(c1ccccc1-c1c(-c2ccsc2)ccc2c1C=CCN2)N1CCCCCC1
O=C(c1ccccc1-c1c(-c2ccsc2)ccc2c1C=CCN2)N1CCCCCC1
O=C(c1ccccc1-c1c(-c2ccsc2)ccc2c1C=CCN2)N1CCCCCCC1
O=C(c1ccccc1-c1c(-c2ccsc2)ccc2c1C=CCN2)N1CCCCCCC1
O=C(c1ccccc1-c1c(-c2ccsc2)ccc2c1C=CCN2)N1CCCCCCC1
O=C(c1ccccc1-c1c(-c2ccsc2)ccc2c1C=CCN2)N1CCCCCCC1
O=C(c1ccccc1-c1c(-c2ccsc2)ccc2c1C=CCN2)N1CCCCCC1
O=C(c1ccccc1-c1c(-c2ccsc2)ccc2c1C=CCN2)N1CCCCCC1
O=C(c1ccccc1-c1c(-c2ccsc2)ccc2c1C=CCN2)N1CCCCC1
O=C(c1ccccc1-c1c(-c2cccs2)ccc2c1C=CCN2)N1CCCCC1
O=C(c1ccccc1-c1c(-c2cccs2)ccc2c1C=CCN2)N1CCCCC1
O=C(c1ccccc1-c1c(-c2cccs2)ccc2c1C=CCN2)N1CCCCCC1
O=C(c1ccccc1-c1c(-c2cccs2)ccc2c1C=CCN2)N1CCCCCC1
O=C(c1ccccc1-c1c(-c2cccs2)ccc2c1C=CCN2)N1CCCCCC1
O=C(c1ccccc1-c1c(-c2cccs2)ccc2c1C=CCN2)N1CCCCCCC1
O=C(c1ccccc1-c1c(-c2cccs2)ccc2c1C=CCN2)N1CCCCCCC1
O=C(c1ccccc1-c1c(-c2cccs2)ccc2c1C=CCN2)N1CCCCCC1
O=C(c1ccccc1-c1c(-c2cccs2)ccc2c1C=CCN2)N1CCCCCC1
O=C(c1ccccc1-c1c(-c2cccs2)ccc2c1C=CCN2)N1CCCCC1
O=C(c1ccccc1-c1c(-c2cccs2)ccc2c1C=CCN2)N1CCCCC1
O=C(c1ccccc1-c1c(-c2cccs2)ccc2c1C=CCN2)N1CCCCCC1
O=C(c1ccccc1-c1c(-c2cccs2)ccc2c1C=CCN2)N1CCCCCC1
O=C(c1ccccc1-c1c(-c2cccs2)ccc2c1C=CCN2)N1CCCCC1
O=C(c1ccccc1-c1c(-c2cccs2)ccc2c1C=CCN2)N1CCCC1
O=C(c1ccccc1-c1c(-c2cccs2)ccc2c1C=CCN2)N1CCCC1
O=C(c1ccccc1-c1c(-c2cccs2)ccc2c1C=CCN2)N1CCCC1
O=C(c1ccccc1-c1c(-c2cccs2)ccc2c1C=CCN2)N1CCCC1
O=C(c1ccccc1-c1c(-c2sccc2COC2CC2)ccc2c1C=CCN2)N1CCCC1
O=C(c1ccccc1-c1c(-c2sccc2CC2CC2)ccc2c1C=CCN2)N1CCCC1
O=C(c1ccccc1-c1c(-c2cccs2)ccc2c1C=CCN2)N1CCCC1
O=C(c1ccccc1-c1c(-c2cccs2)ccc2c1C=CCN2)N1CCCC1
O=C(c1ccccc1-c1c(-c2cccs2)ccc2c1C=CCN2)N1CCCC1
O=C(c1ccccc1Cc1c(-c2cccs2)ccc2c1C=CCN2)N1CCCC1
O=C(c1ccccc1Cc1c(-c2cccs2)ccc2c1C=CCN2)N1CCCC1
O=C(c1ccccc1Cc1c(-c2cccs2)ccc2c1C=CCN2)N1CCCC1
O=C(c1ccccc1-c1c(-c2cccs2)ccc2c1C=CCN2)N1CCCC1
O=C(c1ccccc1-c1c(-c2cccs2)ccc2c1C=CCN2)N1CCCCC1
O=C(c1ccccc1-c1c(-c2cccs2)ccc2c1C=CCN2)N1CCCCCC1
O=C(c1ccccc1-c1c(-c2cccs2)ccc2c1C=CCN2)N1CCCCCC1
O=C(c1ccsc1-c1ccc2c(c1-c1ccccc1)C=CCN2)N1CCCCCC1
O=C(c1ccsc1-c1ccc2c(c1-c1ccccc1)C=CCN2)N1CCCCC1
O=C(c1ccsc1-c1ccc2c(c1-c1ccccc1)C=CCN2)N1CCCCC1
O=C(c1ccsc1-c1ccc2c(c1-c1ccccc1)C=CCN2)N1CCCCC1
O=C(c1ccsc1-c1ccc2c(c1-c1ccccc1)C=CCN2)N1CCCCCC1
O=C(c1ccsc1-c1ccc2c(c1-c1ccccc1)C=CCN2)N1CCCCCC1
O=C(c1ccsc1-c1ccc2c(c1-c1ccccc1)C=CCN2)N1CCCCCC1
O=C(c1ccsc1-c1ccc2c(c1-c1ccccc1)C=CCN2)N1CCCCCC1
O=C(c1ccsc1-c1ccc2c(c1-c1ccccc1)C=CCN2)N1CCCCCC1
O=C(c1ccsc1Nc1ccc2c(c1-c1ccccc1)C=CCN2)N1CCCCCC1
O=C(c1ccsc1Nc1ccc2c(c1-c1ccccc1)C=CCN2)N1CCCCC1
O=C(c1ccsc1Nc1ccc2c(c1-c1ccccc1)C=CCN2)N1CCCC1
O=C(c1ccsc1Nc1ccc2c(c1-c1ccccc1)C=CCN2)N1CCC1
O=C(c1ccsc1Nc1ccc2c(c1-c1ccccc1)C=CCN2)N1CCC1
O=C(c1ccsc1NNc1ccc2c(c1-c1ccccc1)C=CCN2)N1CCC1
O=C(c1ccsc1NNc1ccc2c(c1-c1ccccc1)C=CCN2)N1CCCC1
O=C(c1ccsc1Nc1ccc2c(c1-c1ccccc1)C=CCN2)N1CCCC1
O=C(c1ccsc1Cc1ccc2c(c1-c1ccccc1)C=CCN2)N1CCCC1
O=C(c1ccsc1CCc1ccc2c(c1-c1ccccc1)C=CCN2)N1CCCC1
O=C(c1ccsc1CCc1ccc2c(c1-c1ccccc1)C=CCN2)N1CCCC1
O=C(c1ccsc1C=Cc1ccc2c(c1-c1ccccc1)C=CCN2)N1CCCC1
O=C(c1ccsc1C=Cc1ccc2c(c1-c1ccccc1)C=CCN2)N1CCCCC1
O=C(c1ccsc1C=Cc1ccc2c(c1-c1ccccc1)C=CCN2)N1CCCCC1
O=C(c1ccsc1C=Cc1ccc2c(c1-c1ccccc1)C=CCN2)N1CCCCC1
O=C(c1ccsc1C=Cc1ccc2c(c1-c1ccccc1)C=CCN2)N1CCCC1
O=C(c1ccsc1C=Cc1ccc2c(c1-c1ccccc1)C=CCN2)N1CCCC1
O=C(c1ccsc1C=Cc1ccc2c(c1-c1ccccc1)C=CCN2)N1CCCC1
O=C(c1ccsc1C=Cc1ccc2c(c1-c1ccccc1)C=CCN2)N1CCCC1
O=C(c1ccsc1C=Cc1ccc2c(c1-c1ccccc1)C=CCN2)N1CCCC1
O=C(c1ccsc1C=Cc1ccc2c(c1-c1ccccc1)C=CCN2)N1CCCC1
O=C(c1ccsc1C=C1COc2ccccc2-c2c1ccc1c2C=CCN1)N1CCCC1
O=C(c1ccsc1C=C1Oc2ccccc2-c2c1ccc1c2C=CCN1)N1CCCC1
O=C(c1ccsc1C=C1Oc2ccccc2-c2c1ccc1c2C=CCN1)N1CCCCC1
O=C(c1ccsc1C=C1Oc2ccccc2-c2c1ccc1c2C=CCN1)N1CCCCC1
O=C(c1ccsc1C=C1Oc2ccccc2OCc2c1ccc1c2C=CCN1)N1CCCCC1
O=C(c1ccsc1C=C1Oc2ccccc2OCc2c1ccc1c2C=CCN1)N1CCCCC1
O=C(c1ccsc1C=C1Oc2ccccc2OCc2c1ccc1c2C=CCN1)N1CCCCCC1
O=C(c1ccsc1C=C1Oc2ccccc2OCc2c1ccc1c2C=CCN1)N1CCCCCC1
O=C(c1ccsc1C=C1Oc2ccccc2OCc2c1ccc1c2C=CCN1)N1CCCCCCC1
O=C(c1ccsc1C=C1Oc2ccccc2OCc2c1ccc1c2C=CCN1)N1CCCCCCC1
O=C(c1ccsc1C=C1Oc2ccccc2OCc2c1ccc1c2C=CCN1)N1CCCCCCC1
O=C(c1ccsc1C=C1Oc2ccccc2OCc2c1ccc1c2C=CCN1)N1CCCCCC1
O=C(c1ccsc1C=C1Oc2ccccc2OCc2c1ccc1c2C=CCN1)N1CCCCCC1
O=C(c1ccsc1C=C1Oc2ccccc2OCc2c1ccc1c2C=CCN1)N1CCCCCC1
O=C(c1ccsc1C=C1Oc2ccccc2CCc2c1ccc1c2C=CCN1)N1CCCCCC1
O=C(c1ccsc1C=C1Oc2ccccc2CCc2c1ccc1c2C=CCN1)N1CCCCC1
O=C(c1ccsc1C=C1Oc2ccccc2CCc2c1ccc1c2C=CCN1)N1CCCCC1
O=C(c1ccsc1C=C1Oc2ccccc2Cc2c1ccc1c2C=CCN1)N1CCCCC1
O=C(c1ccsc1C=C1Oc2ccccc2Cc2c1ccc1c2C=CCN1)N1CCCCC1
O=C(c1ccsc1C=C1Oc2ccccc2Cc2c1ccc1c2C=CCN1)N1CCCC1
O=C(c1ccsc1C=C1Oc2ccccc2Cc2c1ccc1c2C=CCN1)N1CCCC1
O=C(c1ccsc1C=C1Oc2ccccc2Cc2c1ccc1c2C=CCN1)N1CCCC1
O=C(c1ccsc1C=C1Oc2ccccc2Cc2c1ccc1c2C=CCN1)N1CCC1
O=C(c1ccsc1C=C1Oc2ccccc2Cc2c1ccc1c2C=CCN1)N1CCC1
O=C(c1ccsc1C=C1Oc2ccccc2Cc2c1ccc1c2C=CCN1)N1CCC1
O=C(c1ccsc1C=C1Oc2ccccc2Cc2c1ccc1c2C=CCN1)N1CCCC1
O=C(c1ccsc1C=C1Oc2ccccc2Cc2c1ccc1c2C=CCN1)N1CCCCC1
O=C(c1ccsc1C=C1Oc2ccccc2Cc2c1ccc1c2C=CCN1)N1CCCCC1
O=C(c1ccsc1C=C1Oc2ccccc2OCc2c1ccc1c2C=CCN1)N1CCCCC1
O=C(c1ccsc1C=C1Oc2ccccc2OCc2c1ccc1c2C=CCN1)N1CCCC1
O=C(c1ccsc1C=C1Oc2ccccc2OCc2c1ccc1c2C=CCN1)N1CCCC1
O=C(c1ccsc1C=C1Oc2ccccc2OCc2c1ccc1c2C=CCN1)N1CCCC1
O=C(c1ccsc1C=C1Oc2ccccc2OCc2ccc3c(c21)C=CCN3)N1CCCC1
O=C(c1ccsc1C=C1Oc2ccccc2Oc2ccc3c(c21)C=CCN3)N1CCCC1
O=C(c1ccsc1C=C1Oc2ccccc2Cc2ccc3c(c21)C=CCN3)N1CCCC1
O=C(c1ccsc1C=C1Oc2ccccc2-c2ccc3c(c21)C=CCN3)N1CCCC1
O=C(c1ccsc1C=C1Oc2ccccc2-c2ccc3c(c21)C=CCN3)N1CCCC1
O=C(c1ccsc1C=C1Oc2ccccc2-c2ccc3c(c21)C=CCN3)N1CCCC1
O=C(c1ccsc1C=C1Oc2ccccc2Oc2ccc3c(c21)C=CCN3)N1CCCC1
O=C(c1ccsc1C=C1Oc2ccccc2Oc2ccc3c(c21)C=CCN3)N1CCCC1
O=C(c1ccsc1C=C1Oc2ccccc2Oc2ccc3c(c21)C=CCN3)N1CCC1
O=C(c1ccsc1C=C1Oc2ccccc2Cc2ccc3c(c21)C=CCN3)N1CCC1
O=C(c1ccsc1C=C1Oc2ccccc2CCc2ccc3c(c21)C=CCN3)N1CCC1
O=C(c1ccsc1C=C1Oc2ccccc2CCc2ccc3c(c21)C=CCN3)N1CCC1
O=C(c1ccsc1C=C1Oc2ccccc2Cc2ccc3c(c21)C=CCN3)N1CCC1
O=C(c1ccsc1C=C1Oc2ccccc2Cc2ccc3c(c21)C=CCN3)N1CCC1
O=C(c1ccsc1C=C1Oc2ccccc2-c2ccc3c(c21)C=CCN3)N1CCC1
O=C(c1ccsc1C=C1Oc2ccccc2-c2ccc3c(c21)C=CCN3)N1CCCC1
O=C(c1ccsc1C=C1Oc2ccccc2-c2ccc3c(c21)C=CCN3)N1CCCC1
O=C(c1ccsc1C=C1Oc2ccccc2-c2ccc3c(c21)C=CCN3)N1CCCC1
O=C(c1ccsc1C=C1Oc2ccccc2-c2ccc3c(c21)C=CCN3)N1CCCC1
O=C(c1ccsc1C=C1Oc2ccccc2-c2ccc3c(c21)C=CCN3)N1CCCC1
O=C(c1ccsc1C=C1Oc2ccccc2-c2ccc3c(c21)C=CCN3)N1CCCCC1
O=C(c1ccsc1C=C1Oc2ccccc2-c2ccc3c(c21)C=CCN3)N1CCCCC1
O=C(c1ccsc1C=C1Oc2ccccc2-c2ccc3c(c21)C=CCN3)N1CCCCC1
O=C(CCCc1cccc2c1OCC2)Nc1ccc2c(=O)oncc2c1
O=C(CCCc1cccc2c1OCC2)Nc1ccccc1
O=C(CCCc1cccc2c1OCC2)Nc1ccccc1
O=C(CCCC1=CCC2=C1OCC2)Nc1ccccc1
O=C(CCC1=CCC2=C1OCC2)Nc1ccccc1
O=C(CCC1=CCCCCOC1)Nc1ccccc1
O=C(CCC1=CCCCCOC1)Nc1cccc(C2=NOCC2)c1
O=C(CCC1CCCCOC1)Nc1cccc(C2=NOCC2)c1
O=C(CCNC1CCCCOC1)Nc1cccc(C2=NOCC2)c1
O=C(CCNC1CCCOC1)Nc1cccc(C2=NOCC2)c1
O=C(CCNC1CCOC1)Nc1cccc(C2=NOCC2)c1
O=C(CCNC1CCOC1)Nc1cccc(C2=NOCC2)c1
O=C(CCNC1CCOC1)Cc1cccc(C2=NOCC2)c1
O=C(CCNC1CCOC1)Cc1cccc(C2=NOCC2)c1
O=C(CCNC1CCOC1)COc1cccc(C2=NOCC2)c1
O=C(CCNC1CCOC1)COc1cccc(C2=NOCC2)c1
O=C(CCNC1CCOC1)COc1cccc(C2=NOCC2)c1
O=C(CCNC1CCOC1)COc1cccc(C2=NOCC2)c1
O=C(CCNC1CCOC1)COc1cccc(C2=NOCC2)c1
O=C(CCNC1CCOC1)COc1cccc(C2=NOCC2)c1
O=C(CCNC1CCOC1)COc1cccc(C2=NOCCO2)c1
O=C(CCCNC1CCOC1)COc1cccc(C2=NOCCO2)c1
O=C(CCCNC1CCOC1)COc1cccc(C2=NOCCO2)c1
O=C(CCCNC1CCOC1)COc1cccc(C2=NOCCO2)c1
O=C(CCCCNC1CCOC1)COc1cccc(C2=NOCCO2)c1
O=C(CCCCNC1CCOC1)COc1cccc(C2=NOCCO2)c1
O=C(CCCCCNC1CCOC1)COc1cccc(C2=NOCCO2)c1
O=C(CCCCCNC1CCOC1)COc1ccc2c(c1)C=NOCCO2
O=C(CCCCCNC1CCOCC1)COc1ccc2c(c1)C=NOCCO2
O=C(CCCCCNC1CCOCC1)COc1ccc2c(c1)C=NOCCO2
O=C(CCCCCNC1CCOCC1)COc1ccc2c(c1)C=NOCCO2
O=C(CCCCCNC1CCOCC1)COc1ccc2c(c1)C=NOCCO2
O=C(CCCCCNC1CCOC1)COc1ccc2c(c1)C=NOCCO2
O=C(CCCCCNC1CCOC1)COc1ccc2c(c1)C=NOCCO2
O=C(CCCCCNC1CCOC1)COc1ccc2c(c1)C=NOCCO2
O=C(CCCCCNC1CCOC1)COc1ccc2c(c1)C=NOCCO2
O=C(CCCCCNC1CCOC1)COc1ccc2c(c1)C=NOCCO2
O=C(CCCCCNC1CCOC1)COc1ccc2c(c1)C=NOCCO2
O=C(CCCCCNC1CCOC1)COc1ccc2c(c1)C=NOCCO2
O=C(CCCCNC1CCOC1)COc1ccc2c(c1)C=NOCCO2
O=C(CCCC(=O)NC1CCOC1)COc1ccc2c(c1)C=NOCCO2
O=C(CCCC(=O)NC1CCOC1)COc1ccc2c(c1)C=NOCCO2
O=C(CCCC(=O)NC1CCOC1)COc1ccc2c(c1)C=NOCCO2
O=C(CCCC(=O)NC1CCOC1)COc1ccc2c(c1)C=NOCCO2
O=C(CCCC(=O)NC1CCOC1)COc1ccc2c(c1)C=NOCCO2
O=C(CCCC(=O)NC1CCOC1)COc1ccc2c(c1)C=NOCCO2
O=C(CCCNC(=O)NC1CCOC1)COc1ccc2c(c1)C=NOCCO2
O=C(CCCNC(=O)NC1CCOC1)COc1ccc2c(c1)C=NOCCO2
O=C(CCCOC(=O)NC1CCOC1)COc1ccc2c(c1)C=NOCCO2
O=C(CCCOC(=O)NC1CCOC1)COc1ccc2c(c1)C=NOCCO2
O=C(CCCOC(=O)NC1CCOC1)COc1ccc2c(c1)C=NOCCO2
O=C(CCCCC(=O)NC1CCOC1)COc1ccc2c(c1)C=NOCCO2
O=C(CCCCC(=O)NC1CCOC1)COc1ccc2c(c1)C=NOCCO2
O=C(CCCCC(=O)NC1CCOC1)COc1ccc2c(c1)C=COCCO2
O=C(CCCCC(=O)NC1CCOC1)COc1ccc2c(c1)C=COCCO2
O=C(NC1CCOC1)C1=Cc2ccccc2OCCO1
O=C(CCC1CC1)COc1ccc2c(c1)C=C(C(=O)NC1CCOC1)OCCO2
O=C(CCC1CC1)COc1ccc2c(c1)C=C(C(=O)NC1CCOC1)OCCO2
O=C(CCC1CC1)COc1ccc2c(c1)C=C(C(=O)NC1CCOC1)OCCO2
O=C(NC1CCOC1)C1=Cc2ccccc2OCCO1
O=C(NC1CCOC1)C1=Cc2ccccc2OCCO1
O=C(NC1CCOC1)C1=Cc2ccccc2OCCO1
O=C(NC1CCOC1)C1=Cc2ccccc2OCCO1
O=C(NC1CCOC1)C1=Cc2ccccc2OCCO1
O=C(NC1CCOC1)C1=Cc2ccccc2OCCO1
O=C(NC1CCOC1)C1=Cc2ccccc2OCCO1
O=C(NC1CCOC1)C1=Cc2ccccc2OCCO1
O=C(NC1CCOC1)C1=Cc2ccccc2OCCO1
O=C(NC1CCOC1)C1=Cc2ccccc2OCCO1
O=C(NC1CCOC1)C1=Cc2ccccc2OCCO1
O=C(NC1CCOC1)C1=Cc2ccccc2OCCO1
O=C(NC1CCOC1)C1=Cc2ccccc2OCCO1
O=C(NC1CCOC1)C1=Cc2ccccc2OCCO1
O=C(NC1CCOC1)C1=Cc2ccccc2OCO1
O=C(NC1CCOC1)C1=Cc2ccccc2OCO1
O=C(NC1CCOC1)C1=Cc2ccccc2OCO1
O=C(NC1CCOC1)C1=Cc2ccccc2OCO1
O=C(NC1CCOC1)C1=Cc2ccccc2OCCO1
O=C(NC1CCOC1)C1=Cc2ccccc2OCCO1
O=C(NC1CCOC1)C1=Cc2ccccc2OCCO1
O=C(NC1CCOC1)C1=Cc2ccccc2OCCO1
O=C(NC1CCOC1)C1=Cc2ccccc2OCCO1
O=C(NC1CCOC1)C1=Cc2ccccc2OCCO1
O=C(NC1CCOC1)C1=Cc2ccccc2OCCO1
O=C(NC1CCOC1)C1=Cc2ccccc2OCCO1
O=C(NC1CCOC1)C1=Cc2ccccc2OCCO1
O=C(NC1CCOC1)C1=Cc2ccccc2OCCO1
O=C(NC1CCOC1)C1=Cc2ccccc2OCCO1
O=C(NC1CCOC1)C1=Cc2ccccc2OCCO1
O=C(NC1CCOC1)C1=Cc2ccccc2OCCO1
O=C(NC1CCOC1)C1=Cc2ccccc2OCCC1
O=C(NC1CCOC1)C1=Cc2ccccc2OCCC1
O=C(NC1CCOC1)C1=Cc2ccccc2OCCC1
O=C(NC1CCOC1)C1=Cc2ccccc2OCCO1
O=C(NC1CCOC1)C1=Cc2ccccc2OCCO1
O=C(NC1CCOC1)C1=Cc2ccccc2OCCO1
O=C(NC1CCOC1)C1=Cc2ccccc2OCCO1
O=C(NC1CCOC1)C1=Cc2ccccc2OCCO1
O=C(NC1CCOC1)C1=Cc2cc(OCC3CCC3)ccc2OCCO1
O=C(NC1CCOC1)C1=Cc2cc(OCC3CCC3)ccc2OCCO1
O=C(NC1CCOC1)C1=Cc2cc(OCC3CC3)ccc2OCCO1
O=C(NC1CCOC1)C1=Cc2cc(OCC3CN3)ccc2OCCO1
O=C(NC1CCOC1)C1=Cc2cc(OCC3=CN3)ccc2OCCO1
O=C(NC1CCOC1)C1=Cc2cc(OCC3=CN3)ccc2OCCO1
O=C(NC1CCCOC1)C1=Cc2cc(OCC3=CN3)ccc2OCCO1
O=C(NC1CCCOC1)C1=Cc2cc(OCC3=CN3)ccc2OCCO1
O=C(NC1CCCOC1)C1=Cc2cc(OCC3=CC3)ccc2OCCO1
O=C(NC1CCCOCC1)C1=Cc2cc(OCC3=CC3)ccc2OCCO1
O=C(NC1CCOCC1)C1=Cc2cc(OCC3=CC3)ccc2OCCO1
O=C(NC1CCOCC1)C1=Cc2cc(OCC3=CC3)ccc2OCCC1
O=C(NC1CCOCC1)C1=Cc2cc(OCC3=CC3)ccc2OCC1
O=C(NC1CCOC1)C1=Cc2cc(OCC3=CC3)ccc2OCC1
O=C(NC1CCOC1)C1=Cc2cc(OCC3=CCC3)ccc2OCC1
O=C(NC1CCOC1)C1=Cc2cc(OCC3=CCC3)ccc2OCC1
O=C(NC1CCOC1)C1=Cc2cc(OCC3=CCC3)ccc2OC1
O=C(NC1CCOC1)C1=Cc2cc(OCC3=CC=C3)ccc2OC1
O=C(NC1CCOC1)C1=Cc2cc(OCC3=CC=C3)ccc2OC1
O=C(NC1CCOCC1)C1=Cc2cc(OCC3=CC=C3)ccc2OC1
O=C(NC1CCOCC1)C1=Cc2cc(OCC3=CC=C3)ccc2OC1
O=C(NC1CCOCC1)C1=Cc2cc(OCC3=CC=C3)ccc2OC1
O=C(NC1CCCOCC1)C1=Cc2cc(OCC3=CC=C3)ccc2OC1
O=C(NC1CCCOCC1)C1=CC(COc2ccc3c(c2)C=CCO3)=C1
O=C(NC1CCCOCC1)C1=CC(COc2ccc3occc3c2)=C1
O=C(NC1CCCOC1)C1=CC(COc2ccc3occc3c2)=C1
O=C(NC1CCOCC1)C1=CC(COc2ccc3occc3c2)=C1
O=C(NC1CCOCC1)C1=CC(COc2ccc3c(c2)OC=CO3)=C1
O=C(NC1CCOCC1)C1=CC(COc2ccc3c(c2)OCO3)=C1
O=C(NC1CCOC1)C1=CC(COc2ccc3c(c2)OCO3)=C1
O=C(NC1CCOC1)C1=CC(COc2ccc3c(c2)OCO3)=C1
O=C(NC1CCOC1)C1=CC(COc2ccc3c(c2)OCCO3)=C1
O=C(NC1CCOC1)C1=CCC(COc2ccc3c(c2)OCCO3)=C1
O=C(NC1CCOC1)C1=CCC(COc2ccc3c(c2)OCCO3)=C1
O=C(NC1CCOC1)C1=CCCC(COc2ccc3c(c2)OCCO3)=C1
O=C(NC1CCOCC1)C1=CCCC(COc2ccc3c(c2)OCCO3)=C1
O=C(NC1CCOCC1)c1cccc(COc2ccc3c(c2)OCCO3)c1
O=C(NC1CCOCC1)c1cccc(COc2ccc3c(c2)COCCO3)c1
O=C(NC1CCOC1)c1cccc(COc2ccc3c(c2)COCCO3)c1
O=C(NC1CCOC1)c1cccc(COc2ccc3c(c2)COCCO3)c1
O=C(NC1CCOC1)c1cccc(COc2ccc3c(c2)CNCCO3)c1
O=C(NC1CCOC1)c1cccc(COc2ccc3c(c2)CCNCCO3)c1
O=C(NC1CCOC1)c1cccc(COc2ccc3c(c2)CNNCCO3)c1
O=C(NC1CCOC1)c1cccc(COc2ccc3c(c2)CNNO3)c1
O=C(NC1CCOC1)c1cccc(COc2ccc3c(c2)C=NNO3)c1
O=C(NC1CCOC1)c1cccc(COc2ccc3c(c2)C=NNC3)c1
O=C(NC1CCOC1)c1cccc(COc2ccc3[nH]ncc3c2)c1
O=C(NC1CCOC1)c1cccc(COc2ccc3[nH]ncc3c2)c1
O=C(NC1CCOC1)c1cccc(COc2ccc3[nH]ncc3c2)c1
O=C(NC1CCOC1)c1cccc(COc2ccc3c(cnn3C3CC3)c2)c1
O=C(NC1CCOC1)c1cccc(COc2ccc3c(cnn3C3CCC3)c2)c1
O=C(NC1CCOC1)c1cccc(COc2ccc3c(cnn3C3=CCC3)c2)c1
O=C(NC1CCOC1)c1cccc(COc2ccc3c(cnn3C3=CCC3)c2)c1
O=C(NC1CCOC1)c1cccc(COc2ccc3c(cnn3C3=CCCC3)c2)c1
O=C(NC1CCOC1)c1cccc(COc2ccc3c(cnn3C3=CCCCC3)c2)c1
O=C(NC1CCOC1)c1cccc(COc2ccc3c(cnn3C3=CCCC=C3)c2)c1
O=C(NC1CCOC1)c1cccc(COc2ccc3c(cnn3C3=CCCC=C3)c2)c1
O=C(NC1CCOC1)c1cccc(COc2ccc3c(cnn3-c3ccccc3)c2)c1
O=C(NC1CCOC1)c1cccc(COc2ccc3c(cnn3-c3cccc4c3C4)c2)c1
O=C(NC1CCOC1)c1cccc(COc2ccc3c(cnn3-c3cccc4c3CN4)c2)c1
O=C(NC1CCOC1)c1cccc(COc2ccc3c(cnn3-c3ccccc3)c2)c1
O=C(NC1CCOC1)c1cccc(COc2ccc3c(cnn3-c3ccccc3)c2)c1
O=C(NC1CCOC1)c1cccc(COc2ccc3c(cnn3-c3ccc4c(c3)NC4)c2)c1
O=C(NC1CCOC1)c1cccc(COc2ccc3c(cnn3-c3ccc4c(c3)CC4)c2)c1
O=C(NC1CCOC1)c1cccc(COc2ccc3c(cnn3-c3ccc4c(c3)C4)c2)c1
O=C(NC1CCOC1)c1cccc(COc2ccc3c(cnn3-c3ccc4c(c3)C4)c2)c1
O=C(NC1CCOC1)c1cccc(COc2ccc3c(cnn3-c3ccc4c(c3)CO4)c2)c1
O=C(NC1CCOC1)c1cccc(COc2ccc3c(cnn3-c3ccc4c(c3)CO4)c2)c1
O=C(NC1CCOC1)c1cccc(COc2ccc3c(cnn3-c3ccc4c(c3)CO4)c2)c1
O=C(NC1CCOC1)c1cccc(COc2ccc3c(cnn3-c3ccc4c(c3)OCO4)c2)c1
O=C(NC1CCOC1)c1cccc(COc2ccc3c(cnn3-c3ccc4c(c3)OCCO4)c2)c1
O=C(NC1CCOC1)c1cccc(COc2ccc3c(cnn3-c3ccc4c(c3)OCCO4)c2)c1
O=C(NC1CCOC1)c1cccc(COc2ccc3c(cnn3-c3ccc4c(c3)CCO4)c2)c1
O=C(NC1CCCOC1)c1cccc(COc2ccc3c(cnn3-c3ccc4c(c3)CCO4)c2)c1
O=C(NC1CCCOC1)c1cccc(COc2ccc3c(cnn3-c3ccccc3)c2)c1
O=C(NC1CCCOC1)c1cccc(COc2ccc3c(cnn3-c3ccccc3)c2)c1
O=C(NC1CCCOC1)c1cccc(COc2ccc3c(cnn3-c3ccccc3)c2)c1
O=C(NC1CCCOC1)c1cccc(COc2ccc3c(cnn3-c3ccccc3)c2)c1
O=C(NC1CCCOC1)c1cccc(COc2ccc3c(cnn3-c3ccccc3)c2)c1
O=C(NC1CCCOC1)c1cccc(COc2ccc3c(cnn3-c3ccccc3)c2)c1
O=C(NC1CCCOC1)c1cccc(COc2ccc3c(cnn3-c3ccccc3)c2)c1
O=C(NC1CCCOC1)c1cccc(COc2ccc3c(cnn3-c3ccccc3)c2)c1
O=C(NC1CCOC1)c1cccc(COc2ccc3c(cnn3-c3ccccc3)c2)c1
O=C(NC1CCOC1)c1cccc(COc2ccc3c(cnn3-c3ccccc3)c2)c1
O=C(NC1CCOC1)c1cccc(COc2ccc3c(cnn3-c3ccccc3)c2)c1
O=C(NC1CCOC1)c1cccc(COc2ccc3c(cnn3-c3ccccc3)c2)c1
O=C(NC1CCOC1)c1cccc(COc2ccc3c(cnn3-c3ccccc3)c2)c1
O=C(NC1CCOC1)c1cccc(COc2ccc3c(cnn3-c3ccccc3)c2)c1
O=C(NC1CCOC1)c1cccc(COc2ccc3c(cnn3-c3ccccc3)c2)c1
O=C(NC1CCCC1)c1cccc(-n2ncc3cc(OCc4cccc(C(=O)NC5CCOC5)c4)ccc32)c1
O=C(NC1CCCC1)c1cccc(-n2ncc3cc(OCc4cccc(C(=O)NC5CCOC5)c4)ccc32)c1
O=C(NC1CCCCC1)c1cccc(-n2ncc3cc(OCc4cccc(C(=O)NC5CCOC5)c4)ccc32)c1
O=C(NC1CCCCC1)c1cccc(-n2ncc3cc(OCc4cccc(C(=O)NC5CCOC5)c4)ccc32)c1
O=C(NC1CCCCC1)c1cccc(-n2ncc3cc(OCc4cccc(C(=O)NC5CCOC5)c4)ccc32)c1
O=C(NC1CCCC1)c1cccc(-n2ncc3cc(OCc4cccc(C(=O)NC5CCOC5)c4)ccc32)c1
O=C(NC1CCC1)c1cccc(-n2ncc3cc(OCc4cccc(C(=O)NC5CCOC5)c4)ccc32)c1
O=C(NC1CCOC1)c1cccc(COc2ccc3c(cnn3-c3cccc(C(=O)NC4CCOC4)c3)c2)c1
O=C(NC1CCCOC1)c1cccc(COc2ccc3c(cnn3-c3cccc(C(=O)NC4CCOC4)c3)c2)c1
O=C(NC1CCCOCC1)c1cccc(COc2ccc3c(cnn3-c3cccc(C(=O)NC4CCOC4)c3)c2)c1
O=C(NC1CCCOCC1)c1cccc(COc2ccc3c(cnn3-c3cccc(C(=O)NC4CCOC4)c3)c2)c1
O=C(NC1CCOC1)c1cccc(-n2ncc3cc(OCc4ccccc4)ccc32)c1
O=C(NC1CCOC1)c1cccc(-n2ncc3cc(OCc4ccccc4)ccc32)c1
O=C(NC1CCOC1)c1cccc(-n2ncc3cc(OCc4ccccc4)ccc32)c1
O=C(NC1CCOC1)c1cccc(-n2ncc3cc(OCc4ccccc4)ccc32)c1
O=C(NC1CCOC1)c1cccc(-n2ncc3cc(OCc4ccccc4)ccc32)c1
O=C(NC1CCOC1)c1cccc(-n2ncc3cc(OCc4ccccc4)ccc32)c1
O=C(NC1CCOC1)c1cccc(-n2ncc3cc(OCc4ccccc4)ccc32)c1
O=C(NC1CCOC1)c1cccc(-n2ncc3cc(OCc4ccccc4)ccc32)c1
O=C(NC1CCOC1)c1cccc(-n2ncc3cc(OCc4ccccc4)ccc32)c1
O=C(NC1CCOC1)c1cccc(-n2ncc3cc(OCc4ccccc4)ccc32)c1
O=C(NC1CCOC1)c1cccc(-n2ncc3cc(OCc4ccccc4)ccc32)c1
O=C(NC1CCOC1)c1cccc(-n2ncc3cc(OCc4ccccc4)ccc32)c1
O=C(NC1CCOC1)c1cccc(-n2ncc3cc(OCc4ccccc4)ccc32)c1
O=C(NC1CCOC1)c1cccc(-n2ncc3cc(OCc4ccccc4)ccc32)c1
O=C(NC1CCOC1)c1cccc(-n2ncc3cc(OCc4ccccc4)ccc32)c1
O=C(NC1CCOC1)c1cccc(-n2ncc3cc(OCc4ccccc4)ccc32)c1
O=C(NC1CCOC1)c1cccc(-n2ncc3cc(OCc4ccc5c(c4)OC5)ccc32)c1
O=C(NC1CCOC1)c1cccc(-n2ncc3cc(OCc4ccc5c(c4)OCC5)ccc32)c1
O=C(NC1CCOC1)c1cccc(-n2ncc3cc(OCc4ccc5c(c4)OCCO5)ccc32)c1
O=C(CCCc1cccc2c1OCC2)Nc1ccc2c(=O)oncc2c1
O=C(CCCc1cccc2c1OCC2)CNc1ccc2c(=O)oncc2c1
O=C(CCCc1cccc2c1CCC2)CNc1ccc2c(=O)oncc2c1
O=C(CCCc1cccc2c1CCC2)CNc1ccccc1
O=C(CCCc1cccc2c1CCC2)Nc1ccccc1
O=C1CCC(c2cccc3c2CCC3)CN1c1ccccc1
O=C1CCC(c2cccc3c2CCC3)N1c1ccccc1
O=C1CCC(c2cccc3c2CCC3)N1c1ccccc1
O=C1CCC(c2cccc3c2CCCC3)N1c1ccccc1
O=C1CCC(c2cccc3c2CCCC3)N1c1ccccc1
O=C1CCC(c2cccc3c2CCCC3)N1c1ccccc1
O=C1CCC(C2CCCc3ccccc32)N1c1ccccc1
O=C1CCC(C2CCCc3ccccc32)N1c1ccccc1
O=C1CCC(C2CCCc3ccccc32)N1c1ccccc1
O=C1CCC(C2CCCc3ccccc32)N1c1ccccc1
O=C1CCC(C2CCCc3ccccc32)N1c1ccccc1
O=C1CCC(C2CCCc3ccccc32)N1c1ccccc1
O=C1CCC(C2CCCc3ccccc32)N1c1ccccc1
O=C1CCC(C2CCCc3ccccc32)N1c1ccccc1
O=C1CCC(C2CCCc3cnccc32)N1c1ccccc1
O=C1CCC(C2CCCc3cnccc32)N1c1ccccc1
O=C1CCC(C2CCCc3cnccc32)N1c1ccccc1
O=C1CCC(C2CCCc3cnccc32)N1c1ccccc1
O=C1CCC(C2CCCc3cnccc32)N1c1ccccc1
O=C1CCC(C2CCCc3cnccc32)N1c1ccccc1
O=C1CCCC(C2CCCc3cnccc32)N1c1ccccc1
O=C1CCCC(C2CCCc3cnccc32)N1c1ccccc1
O=C1CCCCC(C2CCCc3cnccc32)N1c1ccccc1
O=C1CCCC(C2CCCc3cnccc32)N1c1ccccc1
O=C1CCCC(C2CCCc3cnccc3C2)N1c1ccccc1
O=C1CCC(C2CCCc3cnccc3C2)N1c1ccccc1
O=C1CCC(C2CCCc3cnccc3C2)N1c1ccccc1
O=C1CCC(C2CCCc3cnccc3C2)N1c1ccccc1
c1ccc(N2CCCC2C2CCCc3cnccc3C2)cc1
c1ccc(N2CCCCC2C2CCCc3cnccc3C2)cc1
c1ccc(N2CCCCC2C2CCCc3cnccc3C2)cc1
C1=C(C2CCCCN2c2ccccc2)CCCc2cnccc21
C1=C(C2CCCCN2c2ccccc2)CCCc2cnccc21
C1=C(C2CCCCCN2c2ccccc2)CCCc2cnccc21
C1=C(C2CCCCCN2c2ccccc2)CCCc2cnccc21
C1=C(C2CCCCCN2c2ccccc2)CCc2cnccc21
C1=C(C2CCCCCN(c3ccccc3)C2)CCc2cnccc21
C1=C(C2CCCCCN(c3ccccc3)C2)CCc2cnccc21
C1=C(C2CCCCCN(c3ccccc3)C2)CCc2cnccc21
C1=C(C2CCCCCN(c3ccccc3)C2)CCc2cnccc21
C1=C(C2CCCCN(c3ccccc3)C2)CCc2cnccc21
C1=C(C2CCCCN(c3ccccc3)C2)CCc2cnccc21
C1=C2C(CCCCN2c2ccccc2)CCCc2cnccc21
C1=C2C(CCCCN2c2ccccc2)CCc2cnccc21
C1=C2C(CCCCN2c2ccccc2)Cc2cnccc21
C1=C2CN(c3ccccc3)CCCCC2Cc2cnccc21
C1=C2CN(c3ccccc3)CCCCC2Cc2cnccc21
C1=C2CN(c3ccccc3)CCCCC2Cc2cnccc21
C1=C2CN(c3ccccc3)CCCC2Cc2cnccc21
C1=C2CCN(c3ccccc3)CCCC2Cc2cnccc21
C1=C2CCN(c3ccccc3)CCC2Cc2cnccc21
C1=C2CCN(c3ccccc3)CCC2Cc2cnccc21
C1=C2CCCN(c3ccccc3)CCC2Cc2cnccc21
C1=C2CCCN(c3ccccc3)CCC2Cc2cnccc21
C1=C2CCCN(c3ccccc3)CCC2Cc2cnccc21
C1=C2CCCN(c3ccccc3)CCC2Cc2cnccc21
C1=C2CCCN(c3ccccc3)CCC2Cc2cnccc21
C1=C2CCCN(c3ccccc3)CCC2Cc2cnccc21
C1=C2CCCN(c3ccccc3)CCC2Cc2cnccc21
C1=C2CCCN(c3ccccc3)CCC2Cc2cnccc21
C1=C2CCCN(c3ccccc3)CCC2Cc2cnccc21
C1=C2CCCN(c3ccccc3)CCC2Cc2cnccc21
C1=C2CCCN(c3ccccc3)CCC2Cc2cnccc21
C1=C2CCCN(c3ccccc3)CCC2Cc2cnccc21
C1=C2CCCN(c3ccccc3)CCC2Cc2cnccc21
C1=C2CCCN(c3ccccc3)CCC2Cc2cnccc21
C1=C2CCCN(c3ccccc3)CCC2Cc2cnccc21
C1=C2CCCN(c3ccccc3)CCC2Cc2cnccc21
C1=C2CCCN(c3ccccc3)CCC2Cc2cnccc21
C1=C2CCCN(c3ccccc3)CCC2Cc2cnccc21
C1=C2CCCN(c3ccccc3)CCC2Cc2cnccc21
C1=C2CCCN(c3ccccc3)CCC2Cc2cnccc21
C1=C2CCCN(c3ccccc3)CCC2Cc2cnccc21
C1=C2CCCN(c3ccccc3)CCC2Cc2cnccc21
C1=C2CCCN(c3ccccc3)CCC2Cc2cnccc21
C1=C2CCCN(c3ccccc3)CCC2Cc2cnccc21
C1=C2CCCN(c3ccccc3)CCC2Cc2cnccc21
C1=C2CCCN(c3ccccc3)CCC2Cc2cnccc21
C1=C2CCCN(c3ccccc3)CCC2Cc2cnccc21
C1=NCC2=C1CC1CCN(c3ccccc3)CCCC1=C2
C1=NCC2=C1CC1CCN(c3ccccc3)CCCC1=C2
C1=C2CCCN(c3ccccc3)CCC2Cc2cn[nH]c21
C1=C2CCCN(c3ccccc3)CCC2Cc2cn[nH]c21
C1=C2CCCN(c3ccccc3)CCC2Cc2cn[nH]c21
C1=C2CCCN(c3ccccc3)CCC2Cc2cnn(C3CC3)c21
C1=C2CCCN(c3ccccc3)CCC2Cc2cnn(C3CCC3)c21
C1=C2CCCN(c3ccccc3)CCC2Cc2cnn(C3CCC3)c21
C1=C2CCCN(c3ccccc3)CCC2Cc2cnn(C3=CCC3)c21
C1=C2CCCN(c3ccccc3)CCC2Cc2cnn(C3=CCS3)c21
C1=C2CCCN(c3ccccc3)CCC2Cc2cnn(C3=CCS3)c21
C1=C2CCCN(c3ccccc3)CCC2Cc2cnn(C3=CCS3)c21
C1=C2CCCN(c3ccccc3)CCC2Cc2cnn(C3=CCS3)c21
C1=C2CCCN(c3ccccc3)CCC2Cc2cnn(C3=CS3)c21
C1=C2CCCN(c3ccccc3)CCC2Cc2cnn(C3=CS3)c21
C1=C2CCCN(c3ccccc3)CCC2Cc2cnn(C3=NS3)c21
C1=C2CCCN(c3ccccc3)CCC2Cc2cnn(C3=NS3)c21
C1=C2CCCC(c3ccccc3)CCC2Cc2cnn(C3=NS3)c21
C1=C2CCCCCC(CCc3ccccc3)C2Cc2cnn(C3=NS3)c21
C1=C2CCCCC(CCc3ccccc3)C2Cc2cnn(C3=NS3)c21
C1=C2CCCCC(CCc3ccccc3)C2Cc2cnn(C3=CS3)c21
C1=C2CCCCC(CCCc3ccccc3)C2Cc2cnn(C3=CS3)c21
C1=C2CCCCC(CCCNc3ccccc3)C2Cc2cnn(C3=CS3)c21
C1=C2CCCCC(Cc3ccccc3)C2Cc2cnn(C3=CS3)c21
C1=C2CCCCC(CCNc3ccccc3)C2Cc2cnn(C3=CS3)c21
C1=C2CCCCC(CCNc3ccccc3)C2Cc2cnn(C3=CC3)c21
C1=C2CCCC(CCNc3ccccc3)C2Cc2cnn(C3=CC3)c21
C1=C2CCCCC2Cc2cnn(C3=C(c4ccccc4)C3)c21
C1=C2CCCCC2Cc2cnn(C3=C(c4ccccc4)C3)c21
C(=Cn1ncc2c1C=C1CCCCC1C2)c1ccccc1
C(=Cn1ncc2c1C=C1CCCCC1C2)c1ccccc1
C=C(c1ccccc1)n1ncc2c1C=C1CCCCC1C2
C=C(c1ccccc1)n1ncc2c1C=C1CCCCC1C2
C1=C2CCCCC2Cc2cnn(Cc3ccccc3)c21
C1=C2CCCCCC2Cc2cnn(Cc3ccccc3)c21
C1=C2CCCCCC2Cc2cnn(-c3ccccc3)c21
C1=C2CCCCCCC2Cc2cnn(-c3ccccc3)c21
C1=C2CCCCCCC2Cc2cnn(-c3ccccc3)c21
C1=C2CCCCCC2Cc2cnn(-c3ccccc3)c21
C1=C2CCCCCC2Cc2cnn(-c3ccccc3)c21
C1=C2CCCCC2Cc2cnn(-c3ccccc3)c21
C1=C2CCCCC2Cc2cnn(-c3ccccc3)c21
C1=C2CCCCC2Cc2cnn(-c3ccccc3)c21
C1=C2CCCCC2Cc2cnn(-c3ccccc3)c21
C1=C2CCCCCC2Cc2cnn(-c3ccccc3)c21
C1=C2CCCCCC2Cc2cnn(-c3ccccc3)c21
C1=C2CCCCCC2Cc2cnn(-c3ccccc3)c21
C1=C2CCCCCC2Cc2cnn(-c3ccccc3)c21
C1=C2CCCCC2Cc2cnn(-c3ccccc3)c21
C1=C2CCCCC2Cc2cnn(-c3ccccc3)c21
C1=C2CCCC(CC3CC3)C2Cc2cnn(-c3ccccc3)c21
C1=C(CC2CCCC3=Cc4c(cnn4-c4ccccc4)CC32)C1
C1=C(CC2CCCC3=Cc4c(cnn4-c4ccccc4)CC32)C1
C1=C2CCCC(CC3=NC3)C2Cc2cnn(-c3ccccc3)c21
C1=C2CCCCC(CC3=NC3)C2Cc2cnn(-c3ccccc3)c21
C1=C2CCCCC(CC3=NC3)C2Cc2cnn(-c3ccccc3)c21
C1=C2CCCCC(CC3=NN3)C2Cc2cnn(-c3ccccc3)c21
C1=C2CCCCCC(CC3=NN3)C2Cc2cnn(-c3ccccc3)c21
C1=C2CCCCCC(CC3=NN3)C2Cc2cnn(-c3ccccc3)c21
C1=C2CCCCCC(CC3=NNC3)C2Cc2cnn(-c3ccccc3)c21
C1=C2CCCCC(CC3=NNC3)C2Cc2cnn(-c3ccccc3)c21
C1=C2CCCCC(CC3=NN3)C2Cc2cnn(-c3ccccc3)c21
C1=C(CC2CCCCC3=Cc4c(cnn4-c4ccccc4)CC32)N1
C1=C(CC2CCCCC3=Cc4c(cnn4-c4ccccc4)CC32)N1
C1=C(CC2CCCCCC3=Cc4c(cnn4-c4ccccc4)CC32)N1
C1=C(CC2CCCCCC3=Cc4c(cnn4-c4ccccc4)CC32)CN1
C1=C(CC2CCCCCC3=Cc4c(cnn4-c4ccccc4)CC32)CC1
C1=CC(CC2CCCCCC3=Cc4c(cnn4-c4ccccc4)CC32)=C1
C1=CC(CC2CCCCC3=Cc4c(cnn4-c4ccccc4)CC32)=C1
C1=C2CCCCC(Cc3ccsc3)C2Cc2cnn(-c3ccccc3)c21
C1=C2CCCC(Cc3ccsc3)C2Cc2cnn(-c3ccccc3)c21
C1=C2CCCC(Cc3ccsc3)C2Cc2cnn(-c3ccccc3)c21
O=C(CCCc1cccc2c1OCC2)Nc1ccc2c(=O)oncc2c1
O=C(CCCc1ccccc1)Nc1ccc2c(=O)oncc2c1
O=C(CCCOCCc1ccccc1)Nc1ccc2c(=O)oncc2c1
O=C(CCCOCCc1ccccc1)Nc1ccc2c(=O)oncc2c1
O=C(CCCOCCc1ccccc1)Nc1ccc2c(=O)oncc2c1
O=C(CCOCCc1ccccc1)Nc1ccc2c(=O)oncc2c1
O=c1oncc2cc(OCCOCCc3ccccc3)ccc12
O=c1oncc2cc(OCCOCCc3ccccc3)ccc12
O=c1oncc2cc(OCCOCCc3ccccc3)ccc12
O=c1oncc2cc(OCCOCCc3ccccc3)ccc12
O=c1oncc2cc(OCCOCCc3ccccc3)ccc12
O=c1oncc2cc(OCCOCCc3ccccc3)ccc12
O=c1oncc2cc(OCCCCCc3ccccc3)ccc12
O=c1oncc2cc(OCCCCCc3ccccc3)ccc12
O=c1[nH]ncc2cc(OCCCCCc3ccccc3)ccc12
O=C1N=Cc2cc(OCCCCCc3ccccc3)ccc21
C1=NCc2ccc(OCCCCCc3ccccc3)cc21
C1=NCc2ccc(OCCCCCc3ccccc3)cc21
c1ccc(CCCCCOc2ccc3[nH]ncc3c2)cc1
c1ccc(CCCCCOc2ccc3[nH]ncc3c2)cc1
c1ccc(CCCCCOc2ccc3[nH]ncc3c2)cc1
c1ccc(CCOn2ncc3ccccc32)cc1
c1ccc(CCOn2ncc3ccccc32)cc1
c1ccc(CCOn2ncc3ccccc32)cc1
c1ccc(CCOn2ncc3ccccc32)cc1
c1ccc(CCCCOc2ccc3[nH]ncc3c2)cc1
c1ccc(CCCCOc2ccc3[nH]ncc3c2)cc1
c1ccc(CCCCOc2ccc3[nH]ncc3c2)cc1
c1ccc(CCCCOc2ccc3[nH]ncc3c2)cc1
c1ccc(CCCCOc2ccc3[nH]ncc3c2)cc1
c1ccc(CCCCOc2ccc3[nH]ncc3c2)cc1
c1ccc(CCCCOc2ccc3[nH]ncc3c2)cc1
c1ccc(COc2ccc3[nH]ncc3c2)cc1
c1ccc(COc2ccc3[nH]ncc3c2)cc1
c1ccc(COc2ccc3[nH]ncc3c2)cc1
c1ccc(COc2ccc3[nH]ncc3c2)cc1
c1ccc(COc2ccc3[nH]ncc3c2)cc1
c1ccc(COc2ccc3[nH]ncc3c2)cc1
c1ccc(COc2ccc3[nH]ncc3c2)cc1
c1ccc(COc2ccc3[nH]ncc3c2)cc1
C1=C(n2ncc3cc(OCc4ccccc4)ccc32)CCC1
C1=C(n2ncc3cc(OCc4ccccc4)ccc32)CCC1
C1=C(n2ncc3cc(OCc4ccccc4)ccc32)CC1
C1=C(n2ncc3cc(OCc4ccccc4)ccc32)CC1
C1=C(n2ncc3cc(OCc4ccccc4)ccc32)CC1
C1=C(n2ncc3cc(OCc4ccccc4)ccc32)CC1
C1=C(n2ncc3cc(OCc4ccccc4)ccc32)CC1
C1=C(n2ncc3cc(OCc4ccccc4)ccc32)SCC1
C1=C(n2ncc3cc(OCc4ccccc4)ccc32)SCC1
C1=C(n2ncc3cc(OCc4ccccc4)ccc32)SCC1
C1=C(n2ncc3cc(OCc4ccccc4)ccc32)SCC1
C1=C(n2ncc3cc(OCc4ccccc4)ccc32)SC1
C1=C(n2ncc3cc(OCc4ccccc4)ccc32)SC1
C1=C(n2ncc3cc(OCc4ccccc4)ccc32)SC1
C1=C(n2ncc3cc(OCc4ccccc4)ccc32)S1
c1ccc(COc2ccc3c(cnn3-c3c[nH]s3)c2)cc1
c1ccc(COc2ccc3c(cnn3-c3c[nH]s3)c2)cc1
c1ccc(COc2ccc3c(cnn3-c3c[nH]s3)c2)cc1
C1=C(n2ncc3cc(OCc4ccccc4)ccc32)SNC1
C1=C(n2ncc3cc(OCc4ccccc4)ccc32)SNC1
c1ccc(COc2ccc3c(cnn3-c3ccns3)c2)cc1
O=C(CCCc1cccc2c1OCC2)Nc1ccc2c(=O)oncc2c1
O=c1oncc2cc(NCCCCc3cccc4c3OCC4)ccc12
O=c1oncc2cc(NCCCCc3cccc4c3OCC4)ccc12
c1ccc(NCCCCc2cccc3c2OCC3)cc1
c1ccc(NCCCCc2cccc3c2OCC3)cc1
c1cc(CCCCN2c3ccccc32)c2c(c1)CCO2
C1=CCN(CCCCc2cccc3c2OCC3)CC=C1
C1=CCN(CCCCc2cccc3c2OCC3)C=C1
c1cc(CCCCn2cccc2)c2c(c1)CCO2
c1cc(CCCCn2cccc2)c2c(c1)CCO2
O=C1CCCc2cn(CCCCc3cccc4c3OCC4)cc21
O=C1CCCc2cn(CCCCc3cccc4c3OCCC4)cc21
c1cc(CCCCn2cccc2)c2c(c1)CCCO2
O=c1ccn(CCCCc2cccc3c2OCCC3)cc1
O=c1ccn(CCCCc2cccc3c2OCC3)cc1
O=c1ccn(CCCCc2cccc3c2OCC3)cc1
O=C(NCCCC1CCCc2ccccc21)c1ccn[nH]1
O=C(NCCCC1CCCc2ccccc21)c1ccn[nH]1
O=C(NCc1ccc2c(c1)CCCC2)c1ccn[nH]1
O=C(NCc1ccccc1)c1ccn[nH]1
O=C(NCc1ccccc1)c1ccn[nH]1
O=C(NCc1ccccc1)c1ccn[nH]1
O=C(NCc1ccccc1)c1ccn[nH]1
O=C(NCc1ccccc1)c1ccn[nH]1
O=C(NCc1ccc(CCC2CCOC2)cc1)c1ccn[nH]1
O=C(NCc1ccc(CCC2=CCOC2)cc1)c1ccn[nH]1
O=C(NCc1ccc(CC2=CCOC2)cc1)c1ccn[nH]1
O=C(NCc1ccc(C2=CCOC2)cc1)c1ccn[nH]1
O=C(NCc1ccc(C2=CCOC2)cc1)c1ccn[nH]1
O=C(NCc1ccc(C2=CNOC2)cc1)c1ccn[nH]1
O=C(NCc1ccc(C2=CNOC2)cc1)c1ccn[nH]1
O=C(NCc1ccc(C2=CNOC2)cc1)c1ccn[nH]1
C=C1ONC=C1c1ccc(CNC(=O)c2ccn[nH]2)cc1
C=C1ONC=C1c1ccc(CNC(=O)c2ccn[nH]2)cc1
C=C1ONC=C1c1ccc(CNC(=O)c2ccn[nH]2)cc1
O=C(NCc1ccc(C2=CNOC=C2)cc1)c1ccn[nH]1
O=C(NCc1ccc(C2=COOC=C2)cc1)c1ccn[nH]1
O=C(NCc1ccc(-c2ccoc2)cc1)c1ccn[nH]1
O=C(NCc1ccc(-c2ccoc2)cc1)c1ccn[nH]1
O=C(NCc1ccc(-c2cnoc2)cc1)c1ccn[nH]1
O=C(NCc1ccc(-c2cnoc2)cc1)c1ccn[nH]1
O=C(NCc1ccc(-c2cnoc2)cc1)c1ccn[nH]1
O=C(NCc1ccc(-c2cnoc2)cc1)c1ccn[nH]1
O=C(NCc1ccc(-c2cnoc2)cc1)c1ccn[nH]1
O=C(NCc1ccc(-c2cnoc2)cc1)c1ccn[nH]1
O=C(NCc1ccc(-c2cnoc2)cc1)c1ccn[nH]1
O=C(NCc1ccc(-c2cnoc2)cc1)c1ccn[nH]1
O=C(NCc1ccc(-c2cnoc2)cc1)c1[nH]ncc1C1=CN1
O=C(NCc1ccc(-c2cnoc2)cc1)c1[nH]ncc1C1=CC1
O=C(NCc1ccc(-c2cnoc2)cc1)c1[nH]ncc1C1=CC1
O=C(NCc1ccc(-c2cnoc2)cc1)c1[nH]ncc1C1=CC1
O=C(NCc1ccc(-c2cnoc2)cc1)c1[nH]ncc1C1=CCC1
O=C(NCc1ccc(-c2cnoc2)cc1)c1[nH]ncc1C1=CCC1
O=C(NCc1ccc(-c2cnoc2)cc1)c1[nH]ncc1C1=CC=C1
O=C(NCc1ccc(-c2cnoc2)cc1)c1[nH]ncc1C1=CC=C1
O=C(NCc1ccc(-c2cnoc2)cc1)c1[nH]ncc1C1=CC=C1
O=C(NCc1ccc(-c2cnoc2)cc1)c1[nH]ncc1C1=CC=CC1
O=C(NCc1ccc(-c2cnoc2)cc1)c1[nH]ncc1C1=CC=CC1
O=C(NCc1ccc(-c2cnoc2)cc1)C1=CCC(c2cn[nH]c2)=C1
O=C(NCc1ccc(-c2cnoc2)cc1)C1=CC(c2cn[nH]c2)=C1
O=C(NCc1ccc(-c2cnoc2)cc1)C1=CC(c2cn[nH]c2)=C1
O=C(NCc1ccc(-c2cnoc2)cc1)C1=CC(c2cn[nH]c2)=C1
O=C(NCc1ccc(-c2cnoc2)cc1)C1=CCC(c2cn[nH]c2)=C1
O=C(NCc1ccc(-c2cnoc2)cc1)C1=C=CC(c2cn[nH]c2)=C1
O=C(NCc1ccc(-c2cnoc2)cc1)C1=C=CC(c2cn[nH]c2)=C1
O=C(NCc1ccc(-c2cnoc2)cc1)C1=CCC(c2cn[nH]c2)=C1
O=C(NCc1ccc(-c2cnoc2)cc1)C1=CCC(c2cn[nH]c2)=C1
O=C(NCc1ccc(-c2cnoc2)cc1)C1=CCC(c2cn[nH]c2)=C1
O=C(NCc1ccc(-c2cnoc2)cc1)C1=CCC(c2cn[nH]c2)=C1
O=C(NCc1ccc(-c2cnoc2)cc1)C1=CNCC(c2cn[nH]c2)=C1
O=C(NCc1ccc(-c2cnoc2)cc1)c1cncc(-c2cn[nH]c2)c1
O=C(NCc1ccc(-c2cnoc2)cc1)c1cncc(-c2cn[nH]c2)c1
O=C(NCc1ccc(-c2cnoc2)cc1)c1cnc2c(c1)-c1c[nH]nc1C2
O=C(NCc1ccc(-c2cnoc2)cc1)c1cnc2c(c1)-c1c[nH]nc1CC2
O=C(NCc1ccc(-c2cnoc2)cc1)c1cnc2c(c1)-c1c[nH]nc1CC2
O=C(NCc1ccc(-c2cnoc2)cc1)c1cnc2c(c1)-c1c[nH]nc1CNC2
O=C(NCc1ccc(-c2cnoc2)cc1)c1cncc(-c2cn[nH]c2)c1
O=C(NCc1ccc(-c2cnoc2)cc1)c1cncc(-c2cn[nH]c2)c1
O=C(NCc1ccc(-c2cnoc2)cc1)c1cncc(-c2cn[nH]c2)c1
O=C(NCc1ccc(-c2cnoc2)cc1)c1cncc(-c2cn[nH]c2)c1
O=C(NCc1ccc(-c2cnoc2)cc1)c1cncc(-c2cn[nH]c2)c1
O=C(NCc1ccc(-c2cnoc2)cc1)c1cncc(-c2cn[nH]c2)c1
O=C(NCc1ccc(-c2cnoc2)cc1)c1cncc(-c2cn[nH]c2)c1
O=C(NCc1ccc(-c2cnoc2)cc1)c1cncc(-c2cn[nH]c2)c1
O=C(NCc1ccc(-c2cnoc2)cc1)c1cncc(-c2cn[nH]c2)c1
O=C(NCc1ccc(-c2cnoc2)cc1)c1cncc(-c2cn[nH]c2)c1
O=C(NCc1ccc(-c2cnoc2)cc1)c1cncc(-c2cn[nH]c2)c1
O=C(NCc1ccc(-c2cnoc2)cc1)c1cncc(-c2cn[nH]c2)c1
O=C(NCc1ccc(-c2cnoc2)cc1)c1cncc(-c2cn[nH]c2)c1
O=C(NCc1ccc(-c2cnoc2)cc1)c1cncc(-c2cn[nH]c2)c1
O=C(NCc1ccc(-c2cnoc2)cc1)c1cncc(-c2cn[nH]c2)c1
O=C(NCc1ccc(-c2cnoc2)cc1)c1cncc(-c2cn[nH]c2)c1
O=C(NCc1ccc(-c2cnoc2)cc1)c1cncc(-c2cn[nH]c2)c1
O=C(NCc1ccc(-c2cnoc2)cc1)c1cncc(-c2cn[nH]c2)c1
O=C(NCc1ccc(-c2cnoc2)cc1)c1cncc(-c2cn[nH]c2)c1
O=C(NCc1ccc(-c2cnoc2)cc1)c1cncc(-c2cn[nH]c2)c1
O=C(NCc1ccc(-c2cnoc2)cc1)c1cncc(-c2cn[nH]c2)c1
O=C(NCc1ccc(-c2cnoc2)cc1)c1cncc(-c2cn[nH]c2)c1
C=C1C=NNc2ncc(C(=O)NCc3ccc(-c4cnoc4)cc3)cc21
C=C1C=NNc2ncc(C(=O)NCc3ccc(-c4cnoc4)cc3)cc21
C=C1C=NNc2ncc(C(=O)NCc3ccc(-c4cnoc4)cc3)cc21
C=C1C=NNc2ncc(C(=O)NCc3ccc(-c4cnoc4)cc3)cc21
C=C1C=NNc2ncc(C(=O)NCc3ccc(-c4cnoc4)cc3)cc21
C=C1C=NNc2ncc(C(=O)NCc3ccc(-c4cnoc4)cc3)cc21
C=C1C=NNc2ncc(C(=O)NCc3ccc(-c4cnoc4)cc3)cc21
C=C1C=NNc2ncc(C(=O)NCc3ccc(-c4cnoc4)cc3)cc21
C=C1C=NNc2ncc(C(=O)NCc3ccc(-c4cnoc4)cc3)cc21
C=C1C=NNc2ncc(C(=O)NCc3ccc(-c4cnoc4)cc3)cc21
C=C1C=NNc2ncc(C(=O)NCc3ccc(-c4cnoc4)cc3)cc21
O=C(NCc1ccc(-c2cnoc2)cc1)c1cnc2c(c1)C(=C1CCC1)C=NN2
O=C(NCc1ccc(-c2cnoc2)cc1)c1cnc2c(c1)C(=C1CCN1)C=NN2
O=C(NCc1ccc(-c2cnoc2)cc1)c1cnc2c(c1)C(=C1CC3CN13)C=NN2
O=C(NCc1ccc(-c2cnoc2)cc1)c1cnc2c(c1)C(=CN1CC1)C=NN2
C=C1C=NNc2ncc(C(=O)NCc3ccc(-c4cnoc4)cc3)cc21
C=C1C=NNc2ncc(C(=O)NCc3ccc(-c4cnoc4)cc3)cc21
C=C1C=NNc2ncc(C(=O)NCc3ccc(-c4cnoc4)cc3)cc21
C=C1C=NNc2ncc(C(=O)NCc3ccc(-c4cnoc4)cc3)cc21
C=C1C=NNc2ncc(C(=O)NCc3ccc(-c4cnoc4)cc3)cc21
C=C1C=NNc2ncc(C(=O)NCc3ccc(-c4cnoc4)cc3)cc21
C=C1C=NNc2ncc(C(=O)NCc3ccc(-c4cnoc4)cc3)cc21
C=C1C=NNc2ncc(C(=O)NCc3ccc(-c4cnoc4)cc3)cc21
C=C1C=NNc2ncc(C(=O)NCc3ccc(-c4cnoc4)cc3)cc21
C=C1C=NNc2ncc(C(=O)NCc3ccc(-c4cnoc4)cc3)cc21
O=C(NCc1ccc(-c2cnoc2)cc1)c1cnc2c(c1)C=CC=NN2
O=C(NCc1ccc(-c2cnoc2)cc1)c1cnc2c(c1)C=CC=NN2
O=C(NCc1ccc(-c2cnoc2)cc1)c1cnc2c(c1)C=CC=NN2
O=C(NCc1ccc(-c2cnoc2)cc1)c1cnc2c(c1)C=CC=NN2
O=C(NCc1ccc(-c2cnoc2)cc1)c1cnc2c(c1)C=CC=NN2
O=C(NCc1ccc(-c2cnoc2)cc1)c1cnc2c(c1)C=CC=NN2
O=C(NCc1ccc(-c2cnoc2)cc1)c1cnc2c(c1)CC=NN2
O=C(NCc1ccc(-c2cnoc2)cc1)c1cnc2[nH]ncc2c1
O=C(NCCCC1CCCc2ccccc21)c1ccn[nH]1
O=C(NCCC1CCC1c1ccccc1)c1ccn[nH]1
O=C(NCCC1CCC1c1ccccc1)c1ccn[nH]1
c1ccc(C2CCC2CCNCc2ccn[nH]2)cc1
c1ccc(C2CCC2CC2NC2c2ccn[nH]2)cc1
c1ccc2c(c1)OC1(c3ccn[nH]3)NC1CC1CCC21
c1ccc2c(c1)OC(c1ccn[nH]1)CCC1CCC21
c1ccc2c(c1)OC(c1ccn[nH]1)CCC1CCC21
c1ccc2c(c1)OC(c1ccn[nH]1)CCC1CCC21
c1ccc2c(c1)OC(c1cn[nH]c1)CCC1CCC21
c1ccc2c(c1)OC(c1cn[nH]c1)CCC1=C2CC1
c1ccc2c(c1)OC(c1cn[nH]c1)CCC1=C2CC1
c1ccc2c(c1)OC(c1cn[nH]c1)CCC1=C2CC1
C1=Cc2ccccc2OC(c2cn[nH]c2)CC1
C1=Cc2ccccc2OC(c2cn[nH]c2)CC1
C1=Cc2ccccc2OC(c2cn[nH]c2)CC1
C1=Cc2ccccc2OC2c3cn[nH]c3CNC2C1
C1=Cc2ccccc2OC2c3cn[nH]c3CNC2C1
C1=Cc2ccccc2OC2c3cn[nH]c3CNC2C1
C1=Cc2ccccc2OC2c3cn[nH]c3CNC2C1
C1=Cc2ccccc2OC2c3cn[nH]c3CCC2C1
C1=Cc2ccccc2OC2c3cn[nH]c3CCC2C1
C1=Cc2ccccc2OC2c3cc[nH]c3CCC2C1
C1=CC2Oc3ccccc3C=CCC2CC1
C1=CC2Oc3ccccc3C=CCC2CC1
C1=CC2Oc3ccccc3C=CCC2CC1
C1=CC2Oc3ccccc3C=CCC2CC1
C1=CC2Oc3ccccc3C=CCC2CCC1
C1=CC2Oc3ccccc3C=CCC2CCCC1
C1=CC2Oc3ccccc3C=CCC2CCCC1
C1=CC2Oc3ccccc3C=CCC2CCCC1
C1=CC2Oc3ccccc3C=CCC2CCCC1
C1=CC2Oc3ccccc3C=CCC2CCC1
C1=CC2Oc3ccccc3C=CCC2CCC1
C1=CCC2Oc3ccccc3C=CCC2CCC1
C1=CC(C2CCC=Cc3ccccc3O2)CC1
C1=CC(C2CCC=Cc3ccccc3O2)CCC1
C1=CC(C2CCC=Cc3ccccc3O2)CCC1
C1=CC(C2CCC=Cc3ccccc3O2)CCCC1
C1=CC(C2CCC=Cc3ccccc3O2)CCCCC1
C1=CC(C2CCC=Cc3ccccc3O2)CCCCC1
C=C1CC=Cc2ccccc2OC1C1C=CCCCCC1
C=C1CC=Cc2ccccc2OC1C1C=CCCCCC1
C=C1CC=Cc2ccccc2OC1C1C=CCCCCC1
C=C1CC=Cc2ccccc2OC1C1C=CCCCCC1
C=C1CC=Cc2ccccc2OC1C1C=CCCCCC1
C=C1CC=Cc2ccccc2OC1C1C=CCCCC1
C=C1CC=Cc2ccccc2OC1C1C=CCCCC1
C=C1CC=Cc2ccccc2OC1C1C=CCCCC1
C=C1CC=Cc2ccccc2OC1C1C=CCCCC1
C=C1CC=Cc2ccccc2OC1C1C=CCCCC1
C=C1CC=Cc2ccccc2OC1C1C=CCCCCC1
C=C1CC=Cc2ccccc2OC1C1C=CCCCCC1
C=C1CC=Cc2ccccc2OC1C1C=CCCCCC1
C=C1CC=Cc2ccccc2OC1C1C=CCCCCC1
C=C1CC=Cc2ccccc2OC1C1C=CCCCCC1
C=C1CC=Cc2ccccc2OC1C1C=CCCCCC1
C=C1CC=Cc2ccccc2OC1C1C=CCCCCC1
C=C1CC=Cc2ccccc2OC1C1C=CCCCCC1
C=C1CC=Cc2ccccc2OC1C1C=CCCCCC1
C=C1CC=Cc2ccccc2OC1C1C=CCCCCC1
C=C1CC=Cc2ccccc2OC1C1C=CCCCC1
C=C1CC=Cc2ccccc2OC1C1C=CCCCC1
C=C1CC=Cc2ccccc2OC1C1C=CCCCC1
C=C1CC=Cc2ccccc2OC1C1C=CCCCC1
C=C1CC=Cc2ccccc2OC1C1C=CCCCC1
C=C1CC=Cc2ccccc2OC1C1C=CCCCC1
C=C1CC=Cc2ccccc2OC1C1C=CCCC1
C=C1CC=Cc2ccccc2OC1C1C=CCCC1
C=C1CC=Cc2ccccc2OC1C1C=CCCC1
C=C1CC=Cc2ccccc2OC1C1C=CCCC1
C=C1CC=Cc2ccccc2OC1C1C=CCCC1
C=C1CC=Cc2ccccc2OC1C1C=CCCC1
C=C1CC=Cc2ccccc2OC1C1C=CCCC1
C=C1CC=Cc2ccccc2OC1C1C=CCCC1
C=C1CC=Cc2ccccc2OC1C1C=CCCC1
C=C1CC=Cc2ccccc2OC1C1C=CCCC1
C=C1CC=Cc2ccccc2OC1C1C=CCCC1
C=C1CC=Cc2ccccc2OC1C1C=CCCC1
C=C1CC=Cc2ccccc2OC1C1C=CCCC1
C=C1CC=Cc2ccccc2OC1C1C=CCCC1
C=C1CC=Cc2ccccc2OC1C1C=CCCC1
C=C1CC=Cc2ccccc2OC1C1C=CCCC1
C=C1CC=Cc2ccccc2OC1C1C=CCCC1
C=C1CC=Cc2ccccc2OC1C1C=CCCC1
C=C1CC=Cc2ccccc2OC1C1C=CCCC1
C=C1CC=Cc2ccccc2OC1C1C=CCCCC1
C=C1CC=Cc2ccccc2OC1C1C=CCCCC1
C=C1CC=Cc2ccccc2OC1C1C=CCCCC1
C=C1CC=Cc2ccccc2OC1C1C=CCCCC1
C=C1CC=Cc2ccccc2OC1C1C=CCCCCC1
C=C1CC=Cc2ccccc2OC1C1C=CCCCCC1
C=C1CC=Cc2ccccc2OC1C1C=CCCCCC1
C=C1CC=Cc2ccccc2OC1C1C=CCCCC1
C=C1CC=Cc2ccccc2OC1C1C=CCCCC1
C=C1CC=Cc2ccccc2OC1C1C=CCCCC1
C=C1CC=Cc2ccccc2OC1C1C=CCCCCC1
C=C1CC=Cc2ccccc2OC1C1C=CCCCCC1
C=C1CC=Cc2ccccc2OC1C1C=CCCCCC1
C=C1CC=Cc2ccccc2OC1C1C=CCCCC1
C=C1CC=Cc2ccccc2OC1C1C=CCCC1
C=C1CC=Cc2ccccc2OC1C1C=CCCC1
C=C1CC=Cc2ccccc2OC1C1C=CCCC1
C=C1CC=Cc2ccccc2OC1C1C=CCCC1
C=C1CC=Cc2ccccc2OC1C1C=CCCC1
C=C1CC=Cc2ccccc2OC1C1C=CCCC1
C=C1CC=Cc2ccccc2OC1C1C=CCCC1
C=C1CC=Cc2ccccc2OC1C1C=CCCC1
C=C1CC=Cc2ccccc2OC1C1C=CCCC1
C=C1CC=Cc2ccccc2OC1C1C=CCCC1
C=C1CC=Cc2ccccc2OC1C1C=CCCC1
C=C1CC=Cc2ccccc2OC1C1C=CCCC1
C=C1CC=Cc2ccccc2OC1C1C=CCCC1
C=C1CC=Cc2ccccc2OC1C1C=CCCC1
C=C1CC=Cc2ccccc2OC1C1C=CCCC1
C1=CC(C2Oc3ccccc3C=CC3CC=C32)CCC1
C1=CC(C2Oc3ccccc3C=CC3CC=C32)CCC1
C1=CC(C2Oc3ccccc3C=CC3CC=C32)CCC1
C1=CC(C2Oc3ccccc3C=CC3CC=C32)CCC1
C1=CC(C2Oc3ccccc3C=CC3C=C32)CCC1
C1=CC(C2Oc3ccccc3C=CC3C=C32)CCC1
C1=CC(C2Oc3ccccc3C=CC3C=C32)CCC1
C1=CC(C2Oc3ccccc3C=CC3C=C32)CCC1
C1=CC(C2Oc3ccccc3C=CC3C=C32)CCC1
C1=CC(C2Oc3ccccc3C=CC3C=C32)CCC1
C1=CC(C2Oc3ccccc3C=CC3C=C32)CCC1
C1=CC(C2Oc3ccccc3C=CC3C=C32)CCC1
C1=CC(C2Oc3ccccc3C=CC3C=C32)CCC1
C1=CC(C2Oc3ccccc3C=CC3C=C32)CCC1
C1=CC(C2Oc3ccccc3C=CC3C=C32)CCC1
C1=CC(C2Oc3ccccc3C=CC3C=C32)CCC1
C1=CC(C2Oc3ccccc3C=CC3C=C32)CCC1
C1=CC(C2Oc3ccccc3C=C3CC=C32)CCC1
C1=CC(C2Oc3ccccc3C=C3CC=C32)CCC1
C1=CC(C2Oc3ccccc3C=C3CC=C32)CCC1
C1=CC(C2Oc3ccccc3C=C3CC=C32)CCC1
C1=CC(C2Oc3ccccc3C=C3CC=C32)CCC1
C1=CC(C2Oc3ccccc3C=C3CC=C32)CCC1
C1=CC(C2Oc3ccccc3C=C3NCC=C32)CCC1
C1=CC(C2Oc3ccccc3C=C3NCC=C32)CCC1
C1=CC(C2Oc3ccccc3C=C3NCC=C32)CCC1
C1=CC(C2Oc3ccccc3C=C3NCC=C32)CCC1
C1=CC(C2Oc3ccccc3C=C3NCC=C32)CCCC1
C1=CC(C2Oc3ccccc3C=C3NCC=C32)CCCC1
C1=CC(C2Oc3ccccc3C=C3NCC=C32)CCCCC1
C1=CC(C2Oc3ccccc3C=C3NCC=C32)CCCCC1
C1=CC(C2Oc3ccccc3C=C3NCC=C32)CCCCC1
C1=CC(C2Oc3ccccc3C=C3NCC=C32)CCCC1
C1=CC(C2Oc3ccccc3C=C3NCC=C32)CCCC1
C1=CC(C2Oc3ccccc3C=C3NCC=C32)CCC1
C1=CC(C2Oc3ccccc3C=C3NCC=C32)CCC1
C1=CC(C2Oc3ccccc3C=C3NCC=C32)CCC1
C1=CC(C2Oc3ccccc3C=C3NCC=C32)CCC1
C1=CC(C2Oc3ccccc3C=C3NCC=C32)CCC1
C=C1NCC2=C1C(C1C=CCCC1)Oc1ccccc12
C=C1NCC2=C1C(C1C=CCCC1)Oc1ccccc12
C=C1NCC2=C1C(C1C=CCCC1)Oc1ccccc12
C=C1NCCC2=C1C(C1C=CCCC1)Oc1ccccc12
C=C1NCCC2=C1C(C1C=CCCC1)Oc1ccccc12
C=C1NC=CC2=C1C(C1C=CCCC1)Oc1ccccc12
C=C1NCC2=C1C(C1C=CCCC1)Oc1ccccc12
C1=CC(C2Oc3ccccc3C3=C2C=CC3)CCC1
C1=CC(C2Oc3ccccc3C3=C2C=CCC3)CCC1
C1=CC2=C(CCC1)c1ccccc1OC2C1C=CCCC1
C1=CC2=C(CCC1)c1ccccc1OC2C1C=CCCC1
C1=CC(C2Oc3ccccc3C3=C2C=CCC3)CCC1
C1=CC(C2Oc3ccccc3C3=C2C=CC3)CCC1
C1=CC(C2Oc3ccccc3C3=C2C=C2CC23)CCC1
C1=CC(C2Oc3ccccc3C3=C2C=C2CC23)CCC1
C1=CC(C2Oc3ccccc3C3=C2C=C2CC23)CCC1
C1=CC(C2Oc3ccccc3C3=C2C=C2CC23)CCC1
C1=CC(C2Oc3ccccc3C3=C2C=C2CC23)CCC1
C1=CC(C2Oc3ccccc3C3=C2C=CC3)CCC1
C1=CC(C2Oc3ccccc3C3=C2C=CC3)CCC1
C1=CC(C2Oc3ccccc3C3=C2C=CC3)CCC1
C1=CC(C2Oc3ccccc3C3=C2C=CCN3)CCC1
C1=CC(C2Oc3ccccc3C3=C2C=CCN3)CCC1
C1=CC(C2Oc3ccccc3C3=C2C=CCN3)CCC1
C1=CC(C2Oc3ccccc3-c3[nH]ccc32)CCC1
C1=CC(C2Oc3ccccc3-c3[nH]ccc32)CCC1
C1=CC(C2Oc3ccccc3-c3[nH]ccc32)CCC1
C1=CC(C2Oc3ccccc3C3=C2CN3)CCC1
C1=CC(C2Oc3ccccc3C3=C2CN3)CCC1
C1=CC(C2Oc3ccccc3C3=C2CCC3)CCC1
C1=CC(C2Oc3ccccc3C3=C2CCC3)CCC1
C1=CC(C2Oc3ccccc3C3=C2CCC3)CCC1
C1=CC(C2Oc3ccccc3C3=C2CC=C3)CCC1
C1=CC(C2Oc3ccccc3C3=CCC=C32)CCC1
C1=CC(C2Oc3ccccc3C3=CCC=C32)CCC1
C1=CC(C2Oc3ccccc3C3=CCC=C32)CCC1
C1=CC(C2Oc3ccccc3C3=CCC=C32)CCC1
C1=CC(C2Oc3ccccc3C3=CCC=C32)CCC1
C1=CC(C2Oc3ccccc3C3=CCC=C32)CCC1
C1=CC(C2Oc3ccccc3C3=CCCC=C32)CCC1
C1=CC(C2Oc3ccccc3-c3ccccc32)CCC1
C1=CC(C2Oc3ccccc3-c3ccccc32)CC1
C1=CC(C2Oc3ccccc3-c3ccccc32)CC1
C1=CC(C2Oc3ccccc3-c3ccccc32)CCC1
C1=CC(C2Oc3ccccc3-c3ccccc32)CCC1
C1=CC(C2Oc3ccccc3-c3ccccc32)CCC1
C1=CC(C2Oc3ccccc3-c3ccccc32)CCC1
C1=CC(C2Oc3ccccc3-c3ccccc32)CCC1
C1=CC(C2Oc3ccccc3-c3ccccc32)CCC1
C1=CC(C2Oc3ccccc3-c3ccccc32)CCC1
C1=CC(C2Oc3ccccc3-c3ccccc32)CCC1
C1=CC(C2Oc3ccccc3-c3ccccc32)CCC1
C1=CC(C2Oc3ccccc3-c3ccccc32)CCC1
C1=CC(C2Oc3ccccc3-c3ccccc32)CCC1
C1=CC(C2Oc3ccccc3-c3ccccc32)CCC1
C1=CC(C2Oc3ccccc3-c3ccc4c(c32)CCN4)CCC1
C1=CC(C2Oc3ccccc3-c3ccc4c(c32)CCCN4)CCC1
C1=CC(C2Oc3ccccc3-c3ccc4c(c32)CCCN4)CCC1
C1=CC(C2Oc3ccccc3-c3ccc4c(c32)CCCN4)CCCC1
C1=CC(C2Oc3ccccc3-c3ccc4c(c32)C=CCN4)CCCC1
C1=CC(C2Oc3ccccc3-c3ccc4c(c32)C=CCN4)CCCC1
C1=CC(C2Oc3ccccc3-c3ccc4c(c32)C=CCN4)CCC1
C1=CC(C2Oc3ccccc3-c3ccc4c(c32)C=CCN4)CCC1
C1=CC(C2Oc3ccccc3-c3ccc4c(c32)C=CCN4)CCC1
O=S(=O)(NCCNc1cccc2c1cnn2-c1cccc(NC2CC2)c1)c1ccccc1
O=S(=O)(NCCNc1cccc2c1cnn2-c1cccc(NC2CC2)c1)c1ccccc1
O=S(=O)(NCCNC1=CC=Cc2c(cnn2-c2cccc(NC3CC3)c2)C1)c1ccccc1
O=S(=O)(NCCNC1C=Cc2c(cnn2-c2cccc(NC3CC3)c2)C1)c1ccccc1
O=S(=O)(NCCCC1C=Cc2c(cnn2-c2cccc(NC3CC3)c2)C1)c1ccccc1
O=S(=O)(NCCCC1Cc2cnn(-c3ccccc3)c2C=C1CC1CC1)c1ccccc1
O=S(=O)(NCCCC1Cc2cnn(-c3ccccc3)c2C=C1CCC1CC1)c1ccccc1
O=S(=O)(NCCCC1Cc2cnn(-c3ccccc3)c2C=C1CCC1CC1)c1ccccc1
O=S(=O)(NCCCC1Cc2cnn(-c3ccccc3)c2C=C1CCC1CC1)c1ccccc1
O=S(=O)(NCCCC1Cc2cnn(-c3ccccc3)c2C=C1CCC1CC1)c1ccccc1
O=S(=O)(CCCCC1Cc2cnn(-c3ccccc3)c2C=C1CCC1CC1)c1ccccc1
O=S(=O)(CCCC1C2Cc3cnn(-c4ccccc4)c3C=C2CCC2CC21)c1ccccc1
O=S(=O)(CCCC1CCCCC2=Cc3c(cnn3-c3ccccc3)CC21)c1ccccc1
O=S(=O)(CCCC1CCCCC2=Cc3c(cnn3-c3ccccc3)CC21)c1ccccc1
O=S(=O)(CCCC1CCCCC2=Cc3c(cnn3-c3ccccc3)CC21)c1ccccc1
O=S(=O)(CCCC1CCCC2=Cc3c(cnn3-c3ccccc3)CC21)c1ccccc1
O=S(CCCC1CCCC2=Cc3c(cnn3-c3ccccc3)CC21)c1ccccc1
O=S(CCCC1CCCC2=Cc3c(cnn3-c3ccccc3)CC21)c1ccccc1
C1=C2CCCC(CCCSc3ccccc3)C2Cc2cnn(-c3ccccc3)c21
C1=C2CCCC(CCCCc3ccccc3)C2Cc2cnn(-c3ccccc3)c21
C1=C2CCCC(CCCCc3ccccc3)C2Cc2cnn(-c3ccccc3)c21
C1=CC(CCCCC2CCCC3=Cc4c(cnn4-c4ccccc4)CC32)C=C1
C1=CC(CCCCC2CCCC3=Cc4c(cnn4-c4ccccc4)CC32)C1
C1=C2CCCC(CCCCC3CC3)C2Cc2cnn(-c3ccccc3)c21
C1=C2CCCC(CCCC3CC3)C2Cc2cnn(-c3ccccc3)c21
O=S(=O)(NCCNc1cccc2c1cnn2-c1cccc(NC2CC2)c1)c1ccccc1
O=S(=O)(NCCNc1cccc2c1cnn2-c1cccc(NC2CC2)c1)c1ccccc1
O=S(=O)(NCCNc1cccc2c1cnn2-c1ccc(NC2CC2)cc1)c1ccccc1
O=S(=O)(NCCNc1cccc2c1cnn2-c1ccc(NC2CC2)cc1)c1ccccc1
O=S(=O)(NC(CNc1cccc2c1cnn2-c1ccccc1)C1CC1)c1ccccc1
O=S(=O)(NC(CNc1cccc2c1cnn2-c1ccccc1)C1CC1)c1ccccc1
O=S(=O)(c1ccccc1)N1CCCC1CNc1cccc2c1cnn2-c1ccccc1
O=S(=O)(c1ccccc1)N1CCCC1CNc1ccc2cnn(-c3ccccc3)c2c1
O=S(=O)(c1ccccc1)N1CCCC1CNc1ccc2cnn(-c3ccccc3)c2c1
O=S(=O)(c1ccccc1)N1CCCC1CNc1ccc2cnn(-c3ccccc3)c2c1
O=S(=O)(c1ccccc1)C1CCCC1CNc1ccc2cnn(-c3ccccc3)c2c1
O=S(=O)(CCCCCCNc1ccc2cnn(-c3ccccc3)c2c1)c1ccccc1
C=C(C1=CC=C1)S(=O)(=O)CCCCCCNc1ccc2cnn(-c3ccccc3)c2c1
C=C(C1=CC=C1)S(=O)(=O)CCCCCNc1ccc2cnn(-c3ccccc3)c2c1
O=S(=O)(CCCCCNc1ccc2cnn(-c3ccccc3)c2c1)CC1=CC=C1
O=S(=O)(CCCCCCc1ccc2cnn(-c3ccccc3)c2c1)CC1=CC=C1
O=S(=O)(CCCCCCCc1ccc2c(cnn2-c2ccccc2)c1)CC1=CC=C1
O=S(=O)(CCCCCCc1ccc2c(cnn2-c2ccccc2)c1)CC1=CC=C1
O=S(=O)(CCCCCCc1ccc2c(cnn2-c2ccccc2)c1)CC1=CC=C1
O=S(=O)(CCCCCCc1ccc2c(cnn2-c2ccccc2)c1)CC1=CC=C1
O=S(=O)(CCCCCCc1ccc2c(cnn2-c2ccccc2)c1)CC1=CC=C1
O=S(=O)(CCCCCCc1ccc2c(cnn2-c2ccccc2)c1)CC1=CC=N1
O=S(=O)(CCCCCc1ccc2c(cnn2-c2ccccc2)c1)CC1=CC=N1
O=S(=O)(CCCCc1ccc2c(cnn2-c2ccccc2)c1)CC1=CC=N1
O=S(=O)(CCCc1ccc2c(cnn2-c2ccccc2)c1)CC1=CC=N1
C1=NC(CCCCc2ccc3c(cnn3-c3ccccc3)c2)=C1
C1=NC(CCCc2ccc3c(cnn3-c3ccccc3)c2)=C1
C1=NC(CCCc2ccc3c(cnn3-c3ccccc3)c2)=C1
C1=NC(CCCc2ccc3c(cnn3-c3ccccc3)c2)=C1
C1=NC(CCCc2ccc3c(cnn3-c3ccccc3)c2)=C1
C1=NC(CCCc2ccc3c(cnn3-c3ccccc3)c2)=C1
C1=NC(CCCc2ccc3c(cnn3-c3ccccc3)c2)=C1
C1=NC(CCCc2ccc3c(cnn3-c3ccccc3)c2)=C1
C1=NC(CCc2ccc3c(cnn3-c3ccccc3)c2)=C1
C1=NC(CCc2ccc3c(cnn3-c3ccccc3)c2)=C1
C1=NC(CCc2ccc3c(cnn3-c3ccccc3)c2)=C1
C1=NC(Cc2ccc3c(cnn3-c3ccccc3)c2)=C1
C1=NC(Cc2ccc3c(cnn3-c3ccccc3)c2)=C1
C1=CC(Cc2ccc3c(cnn3-c3ccccc3)c2)=C1
C1=CC(Cc2ccc3c(cnn3-c3ccccc3)c2)=C1
C1=CC(Cc2ccc3c(cnn3-c3ccccc3)c2)=C1
C1=CC(Cc2ccc3c(cnn3-c3ccccc3)c2)=C1
C1=CC(Cc2ccc3c(cnn3-c3ccccc3)c2)=C1
C1=CC(Cc2ccc3c(cnn3-c3ccccc3)c2)=C1
C1=CC(Cc2ccc3c(cnn3-c3ccccc3)c2)=C1
C1=CC(Cc2ccc3c(cnn3-c3ccccc3)c2)=C1
C1=CC(Cc2ccc3c(cnn3-c3ccccc3)c2)=C1
C1=CC(Cc2ccc3c(cnn3-c3ccccc3)c2)=C1
C1=CCC(Cc2ccc3c(cnn3-c3ccccc3)c2)=C1
C1=CCC(Cc2ccc3c(cnn3-c3ccccc3)c2)=C1
C1=CCCC(Cc2ccc3c(cnn3-c3ccccc3)c2)=C1
C1=CCCC(Cc2ccc3c(cnn3-c3ccccc3)c2)=C1
C1=CCC(Cc2ccc3c(cnn3-c3ccccc3)c2)=C1
C1=CCC(Cc2ccc3c(cnn3-c3ccccc3)c2)=C1
C1=CC(Cc2ccc3c(cnn3-c3ccccc3)c2)=CC1
C1=CC(Cc2ccc3c(cnn3-c3ccccc3)c2)=CC1
C1=CC(Cc2ccc3c(cnn3-c3ccccc3)c2)=CC1
C1=CC(Cc2ccc3c(cnn3-c3ccccc3)c2)=C1
C1=CC(Cc2ccc3c(cnn3-c3ccccc3)c2)=C1
C1=CC(Cc2ccc3c(cnn3-c3ccccc3)c2)=CCCC1
C1=CCC=CC(Cc2ccc3c(cnn3-c3ccccc3)c2)=C1
c1ccc(Cc2ccc3c(cnn3-c3ccccc3)c2)cc1
c1ccc(Cc2ccc3c(cnn3-c3ccccc3)c2)cc1
c1ccc(-n2ncc3cc(Cc4cccc5c4C5)ccc32)cc1
c1ccc(Cc2ccc3c(cnn3-c3ccccc3)c2)cc1
c1ccc(Cc2ccc3c(cnn3-c3ccccc3)c2)cc1
c1ccc(Cc2ccc3c(cnn3-c3ccccc3)c2)cc1
c1ccc(Cc2ccc3c(cnn3-c3ccccc3)c2)cc1
c1ccc(-n2ncc3cc(Cc4ccncc4)ccc32)cc1
c1ccc(-n2ncc3cc(Cc4ccncc4)ccc32)cc1
c1ccc(-n2ncc3cc(Cc4ccncc4)ccc32)cc1
O=S(=O)(NCCNc1cccc2c1cnn2-c1cccc(NC2CC2)c1)c1ccccc1
C=C(NCCNS(=O)(=O)c1ccccc1)c1cnn(-c2cccc(NC3CC3)c2)c1
C=C(NCNS(=O)(=O)c1ccccc1)c1cnn(-c2cccc(NC3CC3)c2)c1
O=S(=O)(NCNC(=CCNC1CC1)c1cnn(-c2ccccc2)c1)c1ccccc1
O=S(=O)(NCNC(=CCNC1CC1)c1cnn(-c2ccccc2)c1)c1ccccc1
O=S(=O)(NCNC(=CCNC1CC1)c1cnn(-c2ccccc2)c1)c1ccccc1
O=S(=O)(NCNC(=CCNC1CC1)c1cnn(-c2ccccc2)c1)c1ccccc1
O=S(=O)(NCNC(=CNC1CC1)c1cnn(-c2ccccc2)c1)c1ccccc1
O=S(=O)(NCNC(=CNC1CC1)c1cnn(-c2ccccc2)c1)c1ccccc1
O=S(=O)(NCNC(=CNC1CC1)c1cnn(-c2ccccc2)c1)c1ccccc1
O=S(=O)(NCCC(=CNC1CC1)c1cnn(-c2ccccc2)c1)c1ccccc1
O=S(=O)(NCCC(=CNC1CCC1)c1cnn(-c2ccccc2)c1)c1ccccc1
O=S(=O)(NCCC(=CNC1CCC1)c1cnn(-c2ccccc2)c1)c1ccccc1
O=S(=O)(NCCC(=CNC1CCC1)c1cnn(-c2ccccc2)c1)c1ccccc1
O=S(=O)(NCC(=CNC1CCC1)c1cnn(-c2ccccc2)c1)c1ccccc1
O=S(NCC(=CNC1CCC1)c1cnn(-c2ccccc2)c1)c1ccccc1
O=C(NCC(=CNC1CCC1)c1cnn(-c2ccccc2)c1)c1ccccc1
O=C(NCC(=CNC1CCC1)c1cnn(-c2ccccc2)c1)c1ccccc1
O=C(NCC(=CNC1CCC1)c1cnn(-c2ccccc2)c1)c1ccccc1
O=C(NCC(NC1CCC1)c1cnn(-c2ccccc2)c1)c1ccccc1
O=C(NCC(CC1CCC1)c1cnn(-c2ccccc2)c1)c1ccccc1
O=C(NCC(CC1CCC1)c1cnn(-c2ccccc2)c1)c1ccccc1
O=C(NCC(CC1CCC1)c1cnn(-c2ccccc2)c1)c1ccccc1
O=C(NCC(CC1CCC1)c1cnn(-c2ccccc2)c1)c1ccccc1
O=C(NCC(CC1CCC1)c1cnn(-c2ccccc2)c1)c1ccccc1
O=C(NCC(CC1CCC1)c1cnn(-c2ccccc2)c1)c1ccccc1
O=C(NCC(CC1CCC1)c1cnn(-c2ccccc2)c1)c1ccccc1
O=C(NCC(CC1CCC1)c1cnn(-c2ccccc2)c1)c1ccccc1
O=C(NCCc1cnn(-c2ccccc2)c1)c1ccc(C2CCC2)cc1
O=C(NCCc1cnn(-c2ccccc2)c1)c1ccc(C2CCC2)cc1
O=C(CCC1(c2ccccc2)CCC1)NCCc1cnn(-c2ccccc2)c1
O=C(CCC1(c2ccccc2)CCCC1)NCCc1cnn(-c2ccccc2)c1
O=C(CCC1(c2ccccc2)CCCC1)NCCc1cnn(-c2ccccc2)c1
O=C(CCC1(c2ccccc2)CCC1)NCCc1cnn(-c2ccccc2)c1
O=C(CCC1(c2ccccc2)CCC1)NCc1cnn(-c2ccccc2)c1
O=C(CCC1(c2ccccc2)CCC1)NCc1cnn(-c2ccccc2)c1
O=C(CCC1(c2ccccc2)CCC1)NCc1cnn(-c2ccccc2)c1
O=C(CCC1(c2ccccc2)CCC1)NCc1cnn(-c2ccccc2)c1
O=C(NCCCC1(c2ccccc2)CCC1)c1cnn(-c2ccccc2)c1
O=C(NCCCC1(c2ccccc2)CCC1)c1cnn(-c2ccccc2)c1
O=C(NCCC1(c2ccccc2)CCC1)c1cnn(-c2ccccc2)c1
O=C(NCCC1(c2ccccc2)CCC1)c1cnn(-c2ccccc2)c1
O=C(NCCCC1(c2ccccc2)CCC1)c1cnn(-c2ccccc2)c1
O=C(NCCCC1(c2ccccc2)CCC1)c1cnn(-c2ccccc2)c1
O=C(NCCCC1(c2ccccc2)CCC1)c1cnn(-c2ccccc2)c1
O=C(NCCCC1(c2ccccc2)CCC1)c1cnn(-c2ccccc2)c1
O=C(NCCCC1(c2ccccc2)CCC1)c1cnn(-c2ccccc2)c1
O=C(NCCCC1(c2ccccc2)CCC1)c1cnn(-c2ccccc2)c1
O=C(NCCCC1(c2ccccc2)CCC1)c1cnn(-c2ccccc2)c1
O=S(=O)(NCCNc1cccc2c1cnn2-c1cccc(NC2CC2)c1)c1ccccc1
O=S(=O)(NCCCNc1cccc2c1cnn2-c1cccc(NC2CC2)c1)c1ccccc1
O=S(=O)(NCCCNc1cccc2c1cnn2-c1ccc(NC2CC2)cc1)c1ccccc1
O=S(=O)(NCCCNc1cccc2c1cnn2-c1ccc(ONC2CC2)cc1)c1ccccc1
O=S(=O)(NCCCNc1cccc2c1cnn2-c1ccc(ONC2CC2)cc1)c1ccccc1
O=S(=O)(NCCCNc1cccc2c1cnn2-c1ccc(ONC2CC2)cc1)c1ccccc1
O=S(=O)(NCCCNc1cccc2c1cnn2-c1ccc(ONC2CC2)cc1)c1ccccc1
O=S(=O)(NCCCNc1cccc(-n2ncc3cc(ONC4CC4)ccc32)c1)c1ccccc1
O=S(=O)(NCCCNc1cccc(-n2ncc3cc(ONC4CC4)ccc32)c1)c1ccccc1
O=S(=O)(NCCCNc1cccc(-n2ncc3cc(ONC4CC4)ccc32)c1)c1ccccc1
O=S(=O)(NCCC1Nc2cc(-n3ncc4cc(ONC5CC5)ccc43)ccc21)c1ccccc1
O=S(=O)(NCCCc1ccc(-n2ncc3cc(ONC4CC4)ccc32)cc1)c1ccccc1
O=S(=O)(NCCCc1ccc(-n2ncc3cc(ONC4CC4)ccc32)cc1)c1ccccc1
O=S(=O)(NCCCc1ccc(-n2ncc3cc(ONC4CC4)ccc32)cc1)c1ccccc1
O=S(=O)(NCCCc1ccc(-n2ncc3cc(ONC4CC4)ccc32)cc1)c1ccccc1
O=S(NCCCc1ccc(-n2ncc3cc(ONC4CC4)ccc32)cc1)c1ccccc1
O=C(NCCCc1ccc(-n2ncc3cc(ONC4CC4)ccc32)cc1)c1ccccc1
O=C(NCCc1ccc(-n2ncc3cc(ONC4CC4)ccc32)cc1)c1ccccc1
O=C(NCCc1ccc(-n2ncc3ccccc32)cc1)c1ccccc1
O=C(NCCc1ccc(-n2ncc3ccccc32)cc1)c1ccccc1
O=C(NCCc1ccc(-n2ncc3ccccc32)cc1)c1ccccc1
c1ccc(OCc2ccc(-n3ncc4ccccc43)cc2)cc1
c1ccc(OCc2ccc(-n3ncc4ccccc43)cc2)cc1
c1ccc(OCc2ccc(-n3ncc4ccccc43)cc2)cc1
c1ccc(OCc2ccc(-n3ncc4ccccc43)cc2)cc1
c1ccc(OCc2ccc(-n3ncc4ccccc43)cc2)cc1
c1ccc(OCc2ccc(-n3ncc4ccccc43)cc2)cc1
c1ccc(OCc2ccc(-n3ncc4ccccc43)cc2)cc1
c1ccc(OCc2ccc(-n3ncc4ccccc43)cc2)cc1
c1ccc(OCc2ccc(-n3ncc4ccccc43)cc2)cc1
c1ccc(OCc2ccc(-n3ncc4ccccc43)cc2)cc1
c1ccc(OCc2ccc(-n3ncc4ccccc43)cc2)cc1
c1ccc(OCc2ccc(-n3ncc4ccccc43)cc2)cc1
c1ccc(OCc2ccc(-n3ncc4ccccc43)cc2)cc1
c1ccc(OCc2ccc(-n3ncc4ccccc43)cc2)cc1
c1ccc(OCc2ccc(-n3ncc4cc(OC5CN5)ccc43)cc2)cc1
c1ccc(OCc2ccc(-n3ncc4ccccc43)cc2)cc1
c1ccc(OCc2ccc3c(cnn3-c3ccccc3)c2)cc1
c1ccc(OCc2ccc3c(cnn3-c3ccc4c(c3)NCO4)c2)cc1
c1ccc(OCc2ccc3c(cnn3-c3ccc4c(c3)NCCO4)c2)cc1
c1ccc(OCc2ccc3c(cnn3-c3ccc4c(c3)NCCO4)c2)cc1
c1ccc(OCc2ccc3c(cnn3-c3ccc4c(c3)NCCO4)c2)cc1
c1ccc(OCc2ccc3c(cnn3-c3ccc4c(c3)NCCO4)c2)cc1
c1ccc(OCc2ccc3c(cnn3-c3ccc4c(c3)NCCO4)c2)cc1
c1ccc(OCc2ccc3c(cnn3-c3ccc4c(c3)NCCCO4)c2)cc1
c1ccc(OCc2ccc3c(cnn3-c3ccc4c(c3)NCCCO4)c2)cc1
c1ccc(OCc2ccc3c(cnn3-c3ccc4c(c3)OCCCO4)c2)cc1
c1ccc(OCc2ccc3c(cnn3-c3ccc4c(c3)OCCCO4)c2)cc1
c1ccc(OCc2ccc3c(cnn3-c3ccc4c(c3)OCCCCO4)c2)cc1
c1ccc(OCc2ccc3c(cnn3-c3ccc4c(c3)OCCCCO4)c2)cc1
c1ccc(OCc2ccc3c(cnn3-c3ccc4c(c3)OCCCCO4)c2)cc1
c1ccc(OCc2ccc3c(cnn3-c3ccc4c(c3)OCCCCO4)c2)cc1
c1ccc(OCc2ccc3c(cnn3-c3ccc4c(c3)OCCCO4)c2)cc1
c1ccc(OCc2ccc3c(cnn3-c3ccc4c(c3)OCCCO4)c2)cc1
c1ccc(OCc2ccc3c(cnn3-c3ccc4c(c3)OCCCO4)c2)cc1
c1ccc(OCc2ccc3c(cnn3-c3ccc4c(c3)OCCO4)c2)cc1
c1ccc(OCc2ccc3c(cnn3-c3ccc4c(c3)OCCO4)c2)cc1
c1ccc(OCc2ccc3c(cnn3-c3ccc4c(c3)OCCO4)c2)cc1
c1ccc(OCc2ccc3c(cnn3-c3ccc4c(c3)OCCO4)c2)cc1
c1ccc(OCc2ccc3c(cnn3-c3ccc4c(c3)OCCO4)c2)cc1
c1ccc(OCc2ccc3c(cnn3-c3ccc4c(c3)OCCO4)c2)cc1
c1ccc(OCc2ccc3c(cnn3-c3ccc4c(c3)OCCCO4)c2)cc1
c1ccc(OCc2ccc3c(cnn3-c3ccc4c(c3)OCCCCO4)c2)cc1
c1ccc(OCc2ccc3c(cnn3-c3ccc4c(c3)OCCCCO4)c2)cc1
c1ccc(OCc2ccc3c(cnn3-c3ccc4c(c3)OCCCCO4)c2)cc1
c1ccc(OCc2ccc3c(cnn3-c3ccc4c(c3)OCCCCO4)c2)cc1
c1ccc(OCc2ccc3c(cnn3-c3ccc4c(c3)OCCCCO4)c2)cc1
c1ccc(OCc2ccc3c(cnn3-c3ccc4c(c3)OCCCO4)c2)cc1
c1ccc(OCc2ccc3c(cnn3-c3ccc4c(c3)OCCCO4)c2)cc1
c1ccc(OCc2ccc3c(cnn3-c3ccc4c(c3)OCCCO4)c2)cc1
c1ccc(OCc2ccc3c(cnn3-c3ccc4c(c3)OCCCO4)c2)cc1
c1ccc(OCc2ccc3c(cnn3-c3ccc4c(c3)OCCO4)c2)cc1
c1ccc(OCc2ccc3c(cnn3-c3ccc4c(c3)OCCO4)c2)cc1
c1ccc(OCc2ccc3c(cnn3-c3ccc4c(c3)OCCO4)c2)cc1
c1ccc(OCc2ccc3c(cnn3-c3ccc4c(c3)OCCO4)c2)cc1
c1cc2c(cnn2-c2ccc3c(c2)OCCO3)cc1COc1ccc2c(c1)CN2
c1cc2c(cnn2-c2ccc3c(c2)OCCO3)cc1COc1ccc2c(c1)CN2
c1cc2c(cnn2-c2ccc3c(c2)OCCO3)cc1COc1ccc2c(c1)CO2
c1cc2c(cnn2-c2ccc3c(c2)OCCO3)cc1COc1ccc2c(c1)OCO2
c1cc2c(cnn2-c2ccc3c(c2)OOCO3)cc1COc1ccc2c(c1)OCO2
c1ccc(-n2ncc3cc(COc4ccc5c(c4)OCO5)ccc32)cc1
c1ccc(-n2ncc3cc(COc4ccc5c(c4)OCO5)ccc32)cc1
c1ccc(-n2ncc3cc(COc4ccc5c(c4)OCCO5)ccc32)cc1
c1ccc(-n2ncc3cc(COc4ccc5c(c4)OCCO5)ccc32)cc1
c1ccc(-n2ncc3cc(COc4ccc5c(c4)OCCO5)ccc32)cc1
c1ccc(-n2ncc3cc(COc4ccc5c(c4)OCCO5)ccc32)cc1
c1ccc(-n2ncc3cc(COc4ccc5c(c4)OCCO5)ccc32)cc1
c1ccc(-n2ncc3cc(COc4ccc5c(c4)OCCO5)ccc32)cc1
c1ccc(-n2ncc3cc(COc4ccc5c(c4)OCCO5)ccc32)cc1
c1ccc(-n2ncc3cc(COc4ccc5c(c4)OCCO5)ccc32)cc1
c1ccc(-n2ncc3cc(COc4ccc5c(c4)OCCO5)ccc32)cc1
c1ccc(-n2ncc3cc(COc4ccc5c(c4)OCCO5)ccc32)cc1
c1ccc(-n2ncc3cc(COc4ccc5c(c4)OCCO5)ccc32)cc1
c1ccc(-n2ncc3cc(COc4ccc5c(c4)OCCO5)ccc32)cc1
c1ccc(-n2ncc3cc(COc4ccc5c(c4)OCCO5)ccc32)cc1
c1ccc(-n2ncc3cc(COc4ccc5c(c4)OCCO5)ccc32)cc1
c1ccc(-n2ncc3cc(COc4ccc5c(c4)OCCO5)ccc32)cc1
c1ccc(-n2ncc3cc(COc4ccc5c(c4)OCCO5)ccc32)cc1
c1ccc(-n2ncc3cc(COc4ccc5c(c4)OCCO5)ccc32)cc1
c1ccc(-n2ncc3cc(COc4ccc5c(c4)OCCO5)ccc32)cc1
c1ccc(-n2ncc3cc(COc4ccc5c(c4)OCCO5)ccc32)cc1
c1ccc(-n2ncc3cc(COc4ccc5c(c4)OCCO5)ccc32)cc1
c1ccc(-n2ncc3cc(COc4ccc5c(c4)OCCO5)ccc32)cc1
c1ccc(-n2ncc3cc(COc4ccc5c(c4)OCCO5)ccc32)cc1
c1ccc(-n2ncc3cc(COc4ccc5c(c4)OCCO5)ccc32)cc1
c1ccc(-n2ncc3cc(COc4ccc5c(c4)OCCO5)ccc32)cc1
c1ccc(-n2ncc3cc(COc4ccc5c(c4)OCCO5)ccc32)cc1
c1ccc(-n2ncc3cc(COc4ccc5c(c4)OCCO5)ccc32)cc1
c1ccc(-n2ncc3cc(COc4ccc5c(c4)OCCO5)ccc32)cc1
c1ccc2c(c1)cnn2-c1ccc(COc2ccc3c(c2)OCCO3)cc1
c1ccc2c(c1)cnn2-c1ccc(COc2ccc3c(c2)OCCO3)cc1
c1ccc2c(c1)cnn2-c1ccc(COc2ccc3c(c2)OCCO3)cc1
c1ccc2c(c1)cnn2-c1ccc(COc2ccc3c(c2)OCCO3)cc1
c1ccc2c(c1)cnn2-c1ccc(COc2ccc3c(c2)OCCO3)cc1
c1ccc2c(c1)cnn2-c1ccc(COc2ccc3c(c2)OCCO3)cc1
c1ccc2c(c1)cnn2-c1ccc(COc2ccc3c(c2)OCCO3)cc1
c1ccc2c(c1)cnn2-c1ccc(COc2ccc3c(c2)OCCO3)cc1
c1ccc2c(c1)cnn2-c1ccc(COc2ccc3c(c2)OCCO3)cc1
c1ccc2c(c1)cnn2-c1ccc(COc2ccc3c(c2)OCCO3)cc1
c1ccc2c(c1)cnn2-c1ccc(COc2ccc3c(c2)OCCO3)cc1
c1ccc2c(c1)cnn2-c1ccc(COc2ccc3c(c2)OCCO3)cc1
c1ccc2c(c1)cnn2-c1ccc(COc2ccc3c(c2)OCCO3)cc1
c1ccc2c(c1)cnn2-c1ccc(COc2ccc3c(c2)OCCO3)cc1
c1ccc2c(c1)cnn2-c1ccc(COc2ccc3c(c2)OCCO3)cc1
c1ccc2c(c1)cnn2-c1ccc(COc2ccc3c(c2)OCCO3)cc1
c1ccc2c(c1)cnn2-c1ccc(COc2ccc3c(c2)OCCO3)cc1
c1ccc2c(c1)cnn2-c1ccc(COc2ccc3c(c2)OCCO3)cc1
c1ccc2c(c1)cnn2-c1ccc(COc2ccc3c(c2)OCCO3)cc1
c1ccc2c(c1)cnn2-c1ccc(COc2ccc3c(c2)OCCO3)cc1
c1ccc2c(c1)cnn2-c1ccc(COc2ccc3c(c2)OCCO3)cc1
c1ccc2c(c1)cnn2-c1ccc(COc2ccc3c(c2)OCCO3)cc1
c1ccc2c(c1)cnn2-c1ccc(COc2ccc3c(c2)OCCO3)cc1
c1ccc2c(c1)cnn2-c1ccc(COc2ccc3c(c2)OCCO3)cc1
c1ccc2c(c1)cnn2-c1ccc(COc2ccc3c(c2)OCCO3)cc1
c1ccc2c(c1)cnn2-c1ccc(COc2ccc3c(c2)OCCO3)cc1
c1cc(-n2ncc3cc(OC4CO4)ccc32)ccc1COc1ccc2c(c1)OCCO2
c1ccc2c(c1)cnn2-c1ccc(COc2ccc3c(c2)OCCO3)cc1
c1ccc(-n2ncc3cc(OCc4ccc5c(c4)OCCO5)ccc32)cc1
c1ccc(-n2ncc3cc(OCc4ccc5c(c4)OCCO5)ccc32)cc1
c1ccc(-n2ncc3cc(OCc4ccc5c(c4)OCCO5)ccc32)cc1
c1ccc(-n2ncc3cc(OCc4ccc5c(c4)OCCO5)ccc32)cc1
c1ccc(-n2ncc3cc(OCc4ccc5c(c4)OCCO5)ccc32)cc1
c1ccc(-n2ncc3cc(OCc4ccc5c(c4)OCCO5)ccc32)cc1
c1ccc(-n2ncc3cc(OCc4ccc5c(c4)OCCCO5)ccc32)cc1
c1ccc(-n2ncc3cc(OCc4ccc5c(c4)OCCCO5)ccc32)cc1
c1ccc(-n2ncc3cc(OCc4ccc5c(c4)OCCO5)ccc32)cc1
c1ccc(-n2ncc3cc(OCc4ccc5c(c4)OCCO5)ccc32)cc1
c1ccc(-n2ncc3cc(OCc4ccc5c(c4)OCCO5)ccc32)cc1
c1ccc(-n2ncc3cc(OCc4ccc5c(c4)OCCO5)ccc32)cc1
c1ccc(-n2ncc3cc(OCc4ccc5c(c4)OCCO5)ccc32)cc1
c1ccc(-n2ncc3cc(OCc4ccc5c(c4)OCCO5)ccc32)cc1
c1ccc(-n2ncc3cc(OCc4ccc5c(c4)OCCO5)ccc32)cc1
c1ccc(-n2ncc3cc(OCc4ccc5c(c4)OCCO5)ccc32)cc1
c1ccc(-n2ncc3cc(OCc4ccc5c(c4)OCCO5)ccc32)cc1
c1ccc(-n2ncc3cc(OCc4ccc5c(c4)OCCO5)ccc32)cc1
c1ccc(-n2ncc3cc(OCc4ccc5c(c4)OCCO5)ccc32)cc1
O=S(=O)(NCCNc1cccc2c1cnn2-c1cccc(NC2CC2)c1)c1ccccc1
O=S(=O)(NCCc1cccc2c1cnn2-c1cccc(NC2CC2)c1)c1ccccc1
O=S(=O)(NCCc1cccc2c1cnn2-c1ccccc1)c1ccccc1
O=S(=O)(CNc1cccc(-n2ncc3ccccc32)c1)c1ccccc1
O=S(=O)(CNc1ccc(-n2ncc3ccccc32)cc1)c1ccccc1
O=S(=O)(CNc1ccc(-n2ncc3ccccc32)cc1)c1ccccc1
O=S(=O)(CNc1ccc(-n2ncc3ccccc32)cc1)c1ccccc1
O=S(=O)(CNc1ccc(-n2ncc3ccccc32)cc1)c1ccccc1
O=S(=O)(CNc1ccc(-n2ncc3c4c(ccc32)NCCC4)cc1)c1ccccc1
O=S(=O)(CNc1ccc2c(cnn2-c2ccc3c(c2)CCCN3)c1)c1ccccc1
O=S(=O)(CNc1ccc2c(cnn2-c2ccccc2)c1)c1ccccc1
O=S(=O)(CNc1ccc2c(cnn2-c2ccccc2)c1)c1ccccc1
O=S(=O)(CNc1ccc2c(cnn2-c2ccccc2)c1)c1ccccc1
O=S(=O)(CNc1ccc2c(cnn2-c2ccccc2)c1)c1ccccc1
O=S(=O)(CNc1ccc2c(cnn2-c2ccccc2)c1)Nc1ccccc1
O=S(=O)(CCNc1ccc2c(cnn2-c2ccccc2)c1)Nc1ccccc1
O=S(=O)(CCNc1ccc2c(cnn2-c2ccccc2)c1)Nc1ccccc1
O=S(=O)(CCNc1ccc2c(cnn2-c2ccccc2)c1)Nc1ccccc1
O=S(=O)(CCNc1ccc2c(cnn2-c2ccccc2)c1)Nc1ccccc1
O=S(=O)(CCNc1ccc2c(cnn2-c2ccccc2)c1)Nc1ccccc1
O=S(=O)(CCNc1ccc2c(cnn2-c2ccccc2)c1)Nc1ccccc1
O=S(=O)(CCNc1ccc2c(cnn2-c2ccccc2)c1)Nc1ccccc1
O=S(=O)(CCNc1ccc2c(cnn2-c2ccccc2)c1)Nc1ccccc1
c1ccc(CCNc2ccc3c(cnn3-c3ccccc3)c2)cc1
c1ccc(CCNc2ccc3c(cnn3-c3ccccc3)c2)cc1
c1ccc(CCNc2ccc3c(cnn3-c3ccccc3)c2)cc1
c1ccc(CCNc2ccc3c(cnn3-c3ccccc3)c2)cc1
c1ccc(CCNc2ccc3c(cnn3-c3ccccc3)c2)cc1
c1ccc(-c2ccc3c(cnn3-c3ccccc3)c2)cc1
c1ccc(-c2ccc3c(cnn3-c3ccccc3)c2)cc1
c1ccc(-c2ccc3c(cnn3-c3ccccc3)c2)cc1
c1ccc(-c2ccc3c(cnn3-c3ccccc3)c2)cc1
c1ccc(-c2ccc3c(cnn3-c3ccccc3)c2)cc1
c1ccc(-c2ccc3c(cnn3-c3ccccc3)c2)cc1
c1ccc(-c2ccc3c(cnn3-c3ccccc3)c2)cc1
c1ccc(-c2ccc3c(cnn3-c3ccccc3)c2)cc1
c1ccc(-c2ccc3c(cnn3-c3ccccc3)c2)cc1
c1ccc(-c2ccc3c(cnn3-c3ccccc3)c2)cc1
c1ccc(-c2ccc3c(cnn3-c3ccccc3)c2)cc1
c1ccc(-c2ccc3c(cnn3-c3ccccc3)c2)cc1
c1ccc(-c2ccc3c(cnn3-c3ccccc3)c2)cc1
O=S(=O)(NCCNc1cccc2c1cnn2-c1cccc(NC2CC2)c1)c1ccccc1
O=S(=O)(NCCNc1cccc2c1cnn2-c1ccccc1)c1ccccc1
O=S(=O)(NCCNc1cccc2c1cnn2-c1ccc2c(c1)NC2)c1ccccc1
O=S(=O)(NCCNc1cccc2c1cnn2-c1ccc2c(c1)NC2)c1ccccc1
O=S(=O)(NCCNc1cccc2c1cnn2-c1ccc2c(c1)NC2)c1ccccc1
O=S(=O)(NCCNc1c(-c2ccc3c(c2)NC3)ccc2[nH]ncc12)c1ccccc1
O=S(=O)(NCCNc1c(-c2ccc3c(c2)CN3)ccc2[nH]ncc12)c1ccccc1
O=S(=O)(NCCNCc1cc2[nH]ncc2cc1-c1ccc2c(c1)CN2)c1ccccc1
O=S(=O)(NCCNCc1ccccc1-c1ccc2c(c1)CN2)c1ccccc1
O=S(=O)(NCCNc1ccccc1-c1ccc2c(c1)CN2)c1ccccc1
O=S(=O)(NCCNc1ccccc1-c1ccc2c(c1)CN2)c1ccccc1
O=S(=O)(NCCNc1ccccc1-c1ccc2c(c1)CN2)c1ccccc1
O=S(=O)(NCCNc1ccccc1-c1ccc2c(c1)CN2)c1ccccc1
O=S(=O)(NCCNc1ccccc1-c1ccc2c(c1)CN2)c1ccccc1
O=S(=O)(NCNc1ccccc1-c1ccc2c(c1)CN2)c1ccccc1
O=S(=O)(NCNCc1ccccc1-c1ccc2c(c1)CN2)c1ccccc1
O=S(=O)(NCNc1ccccc1-c1ccc2c(c1)CN2)c1ccccc1
O=S(=O)(NCCc1ccccc1-c1ccc2c(c1)CN2)c1ccccc1
c1ccc(-c2ccccc2-c2ccc3c(c2)CN3)cc1
c1ccc(-c2ccccc2-c2ccc3c(c2)CN3)cc1
c1ccc(-c2ccccc2-c2ccc3c(c2)CN3)cc1
c1ccc(-c2ccccc2-c2ccc3c(c2)CN3)cc1
c1ccc(-c2ccccc2-c2ccc3c(c2)CN3)cc1
c1ccc(-c2ccccc2-c2ccc3c(c2)CN3)cc1
c1ccc(-c2ccccc2-c2ccc3c(c2)CN3)cc1
c1ccc(-c2ccccc2-c2ccc3c(c2)CN3)cc1
c1ccc(-c2ccccc2-c2ccc3c(c2)CN3)cc1
C1=CC(c2ccccc2-c2ccc3c(c2)CN3)=CC1
C1=CC(c2ccccc2-c2ccc3c(c2)CN3)=C1
C1=CC(c2ccccc2-c2ccc3c(c2)CN3)=C1
C1=CC(c2ccccc2-c2ccc3c(c2)CN3)=C1
C1=CC(c2ccccc2-c2ccc3c(c2)CN3)=C1
C1=CC(c2ccccc2-c2ccc3c(c2)CN3)=C1
c1csc(-c2ccccc2-c2ccc3c(c2)CN3)c1
c1csc(-c2ccccc2-c2ccc3c(c2)CN3)c1
c1csc(-c2ccccc2-c2ccc3c(c2)CN3)c1
c1csc(-c2ccccc2-c2ccc3c(c2)CN3)c1
c1csc(-c2ccccc2-c2ccc3c(c2)CN3)c1
c1csc(-c2ccccc2-c2ccc3c(c2)CN3)c1
c1csc(-c2ccccc2-c2ccc3c(c2)CN3)c1
c1csc(-c2ccccc2-c2ccc3c(c2)CN3)c1
c1csc(-c2ccccc2-c2ccc3c(c2)CN3)c1
c1csc(-c2ccccc2-c2ccc3c(c2)CN3)c1
c1csc(-c2ccccc2-c2ccc3c(c2)CN3)c1
c1csc(-c2ccccc2-c2ccc3c(c2)CN3)c1
c1csc(-c2ccccc2-c2ccc3c(c2)CN3)c1
c1csc(-c2ccccc2-c2ccc3c(c2)CN3)c1
c1csc(-c2ccc(C3CC3)cc2-c2ccc3c(c2)CN3)c1
c1csc(-c2ccc(C3CC3)cc2-c2ccc3c(c2)CN3)c1
c1csc(-c2ccc(C3CC3)cc2-c2ccc3c(c2)CN3)c1
c1csc(-c2ccccc2-c2ccc3c(c2)CN3)c1
c1csc(-c2ccccc2-c2ccc3c(c2)CN3)c1
c1csc(-c2ccccc2-c2ccc3c(c2)CN3)c1
c1csc(-c2ccccc2-c2ccc3c(c2)CN3)c1
c1csc(-c2ccccc2-c2ccc3c(c2)CN3)c1
c1csc(-c2ccccc2-c2ccc3c(c2)CN3)c1
c1csc(-c2ccccc2-c2ccc3c(c2)CN3)c1
c1csc(-c2ccccc2-c2ccc3c(c2)CN3)c1
c1csc(-c2ccccc2-c2ccc3c(c2)CN3)c1
c1csc(-c2ccccc2-c2ccc3c(c2)CN3)c1
c1csc(-c2ccccc2-c2ccc3c(c2)CN3)c1
c1csc(-c2ccccc2-c2ccc3c(c2)CN3)c1
c1csc(-c2ccccc2-c2ccc3c(c2)CN3)c1
c1csc(-c2ccccc2-c2ccc3c(c2)CN3)c1
c1csc(-c2ccccc2-c2ccc3c(c2)CN3)c1
c1csc(-c2ccccc2-c2ccc3c(c2)CN3)c1
c1csc(-c2ccccc2-c2ccc3c(c2)CN3)c1
c1csc(-c2ccccc2-c2ccc3c(c2)CN3)c1
c1csc(-c2ccccc2-c2ccc3c(c2)CN3)c1
c1csc(-c2ccccc2-c2ccc3c(c2)CN3)c1
c1csc(-c2ccccc2-c2ccc3c(c2)CN3)c1
c1csc(-c2ccc(-c3ccc4c(c3)CN4)cc2)c1
c1csc(-c2ccc(-c3ccc4c(c3)CN4)cc2)c1
c1csc(-c2ccc(-c3ccc4c(c3)CN4)cc2)c1
c1csc(-c2ccc(-c3ccc4c(c3)CN4)cc2)c1
c1csc(-c2ccc(-c3ccc4c(c3)CN4)cc2)c1
c1csc(-c2ccc(-c3ccc4c(c3)CN4)cc2)c1
c1csc(-c2ccc(-c3ccc4c(c3)CN4)cc2)c1
c1cc(-c2ccc3c(c2)CN3)cc(-c2cccs2)c1
c1cc(-c2ccc3c(c2)CN3)cc(-c2cccs2)c1
c1cc(-c2ccc3c(c2)CN3)cc(-c2cccs2)c1
c1cc(-c2ccc3c(c2)CN3)cc(-c2cccs2)c1
c1cc(-c2ccc3c(c2)CN3)cc(-c2cccs2)c1
c1cc(-c2ccc3c(c2)CN3)cc(-c2cccs2)c1
c1csc(-c2ccc(-c3ccc4c(c3)CN4)cc2)c1
c1csc(-c2ccc(-c3ccc4c(c3)CN4)cc2)c1
c1csc(-c2ccc(-c3ccc4c(c3)CN4)cc2)c1
c1csc(-c2ccc(-c3ccc4c(c3)CN4)cc2)c1
c1csc(-c2ccc(-c3ccc4c(c3)CN4)cc2)c1
c1csc(-c2ccc(-c3ccc4c(c3)CN4)cc2)c1
c1csc(-c2ccc(-c3ccc4c(c3)CN4)cc2)c1
c1csc(-c2ccc(-c3ccc4c(c3)CN4)cc2)c1
c1csc(-c2ccc(-c3ccc4c(c3)CN4)cc2)c1
c1csc(-c2ccc(-c3ccc4c(c3)CN4)cc2)c1
c1csc(-c2ccc(-c3ccc4c(c3)CN4)cc2)c1
c1csc(-c2ccc(-c3ccc4c(c3)CN4)cc2)c1
c1csc(-c2ccc(-c3ccc4c(c3)CN4)cc2)c1
c1csc(-c2ccc(-c3ccc4c(c3)CN4)cc2)c1
c1csc(-c2ccc(-c3ccc4c(c3)CN4)cc2)c1
c1csc(-c2ccc(-c3ccc4c(c3)CN4)cc2)c1
c1csc(-c2ccc(-c3ccc4c(c3)CN4)cc2)c1
c1csc(-c2ccc(-c3ccc4c(c3)CN4)cc2)c1
c1csc(-c2ccc(-c3ccc4c(c3)CN4)cc2)c1
c1csc(-c2ccc(-c3ccc4c(c3)CN4)cc2)c1
c1csc(-c2ccc(-c3ccc4c(c3)CN4)cc2)c1
c1csc(-c2ccc(-c3ccc4c(c3)CN4)cc2)c1
c1csc(-c2ccc(-c3ccc4c(c3)CN4)cc2)c1
c1csc(-c2ccc(-c3ccc4c(c3)CN4)cc2)c1
c1csc(-c2ccc(-c3ccc4c(c3)CN4)cc2)c1
c1csc(-c2ccc(-c3ccc4c(c3)CN4)cc2)c1
c1csc(-c2ccc(-c3ccc4c(c3)CN4)cc2)c1
O=C(OCC1CC1)c1cc(-c2cccs2)ccc1-c1ccc2c(c1)CN2
O=C(OC1CC1)c1cc(-c2cccs2)ccc1-c1ccc2c(c1)CN2
O=C(OC1CCC1)c1cc(-c2cccs2)ccc1-c1ccc2c(c1)CN2
O=C(OC1CCC1)c1cc(-c2cccs2)ccc1-c1ccc2c(c1)CN2
O=C(NC1CCC1)c1cc(-c2cccs2)ccc1-c1ccc2c(c1)CN2
O=C(NCCC1CC1)c1cc(-c2cccs2)ccc1-c1ccc2c(c1)CN2
O=C(NCCC1CC1)c1ccc(-c2cccs2)cc1-c1ccc2c(c1)CN2
O=C(NCC1CC1)c1ccc(-c2cccs2)cc1-c1ccc2c(c1)CN2
O=C(NCC1CC1)c1ccc(-c2cccs2)cc1-c1ccc2c(c1)CN2
O=C(OCC1CC1)c1ccc(-c2cccs2)cc1-c1ccc2c(c1)CN2
O=C(OCC1CC1)c1ccc(-c2cccs2)cc1-c1ccc2c(c1)CN2
O=C(OCC1CC1)c1ccc(-c2cccs2)cc1-c1ccc2c(c1)CN2
c1cc(-c2ccc3c(c2)CN3)cc(-c2cccs2)c1
c1cc(-c2ccc3c(c2)CN3)cc(-c2cccs2)c1
c1cc(-c2ccc3c(c2)CN3)cc(-c2cccs2)c1
O=C(OCC1CCC1)c1ccc(-c2cccs2)cc1-c1ccc2c(c1)CN2
O=C(OCC1CCC1)c1ccc(-c2cccs2)cc1-c1ccc2c(c1)CN2
c1cc(-c2ccc3c(c2)CN3)cc(-c2cccs2)c1
c1cc(-c2ccc3c(c2)CN3)cc(-c2cccs2)c1
c1cc(-c2ccc3c(c2)CN3)cc(-c2cccs2)c1
c1cc(-c2ccc3c(c2)CN3)cc(-c2cccs2)c1
c1cc(-c2ccc3c(c2)CN3)cc(-c2cccs2)c1
c1cc(-c2ccc3c(c2)CN3)cc(-c2cccs2)c1
c1cc(-c2ccc3c(c2)CN3)cc(-c2cccs2)c1
c1cc(-c2ccc3c(c2)CN3)cc(-c2cccs2)c1
c1cc(-c2ccc3c(c2)CN3)cc(-c2cccs2)c1
c1cc(-c2ccc3c(c2)CN3)cc(-c2cccs2)c1
c1cc(-c2ccc3c(c2)CN3)cc(-c2cccs2)c1
c1cc(-c2ccc3c(c2)CN3)cc(-c2cccs2)c1
c1cc(-c2ccc3c(c2)CN3)cc(-c2cccs2)c1
c1cc(-c2ccc3c(c2)CN3)cc(-c2cccs2)c1
c1cc(-c2ccc3c(c2)CN3)cc(-c2cccs2)c1
c1cc(-c2ccc3c(c2)CN3)cc(-c2cccs2)c1
c1cc(-c2ccc3c(c2)CN3)cc(-c2cccs2)c1
c1cc(-c2ccc3c(c2)CN3)cc(-c2cccs2)c1
c1cc(-c2ccc3c(c2)CN3)cc(-c2cccs2)c1
c1cc(-c2ccc3c(c2)CN3)cc(-c2cccs2)c1
c1cc(-c2ccc3c(c2)CN3)cc(-c2cccs2)c1
c1cc(-c2ccc3c(c2)CN3)cc(-c2cccs2)c1
c1cc(-c2ccc3c(c2)CN3)cc(-c2cccs2)c1
c1cc(-c2ccc3c(c2)CN3)cc(-c2cccs2)c1
c1cc(-c2ccc3c(c2)CN3)cc(-c2cccs2)c1
c1cc(-c2ccc3c(c2)CN3)cc(-c2cccs2)c1
c1cc(-c2ccc3c(c2)CN3)cc(-c2cccs2)c1
O=C(CCC1CO1)Nc1ccc(-c2cccs2)cc1-c1ccc2c(c1)CN2
O=C(CCC1CO1)Nc1ccc(-c2cccs2)cc1-c1ccc2c(c1)CN2
O=C(CC1CO1)Nc1ccc(-c2cccs2)cc1-c1ccc2c(c1)CN2
O=C(CC1CO1)NCc1ccc(-c2cccs2)cc1-c1ccc2c(c1)CN2
O=C(NCc1ccc(-c2cccs2)cc1-c1ccc2c(c1)CN2)C1CC1
O=C(Nc1cc(-c2cccs2)ccc1Cc1ccc2c(c1)CN2)C1CC1
c1csc(-c2ccc(Cc3ccc4c(c3)CN4)cc2)c1
c1csc(-c2ccc(Cc3ccc4c(c3)CN4)cc2)c1
c1csc(-c2ccc(Cc3ccc4c(c3)CN4)cc2)c1
c1csc(-c2ccc(Cc3ccc4c(c3)CN4)cc2)c1
c1csc(-c2ccc(CCc3ccc4c(c3)CN4)cc2)c1
c1csc(-c2ccc(CCc3ccc4c(c3)CN4)cc2)c1
c1csc(-c2ccc(CCc3ccc4c(c3)CN4)cc2)c1
c1csc(-c2ccc(CCc3ccc4c(c3)CN4)cc2)c1
c1csc(-c2ccc(CCCc3ccc4c(c3)CN4)cc2)c1
c1csc(-c2ccc(CCCc3ccc4c(c3)CN4)cc2)c1
O=C(CCc1ccc(-c2cccs2)cc1)c1ccc2c(c1)CN2
O=C(CCc1ccc(-c2cccs2)cc1)c1ccc2c(c1)CN2
O=C(CCc1ccc(-c2cccs2)cc1)c1ccc2c(c1)CN2
O=C(CCc1ccc(-c2cccs2)cc1)c1ccc2c(c1)CN2
O=C(CNc1ccc(-c2cccs2)cc1)c1ccc2c(c1)CN2
O=C(CNc1ccc(-c2cccs2)cc1)c1ccc2c(c1)CN2
O=C(CNc1ccc(-c2cccs2)cc1)c1ccc2c(c1)CN2
O=C(CNc1ccc(-c2cccs2)cc1)c1ccc2c(c1)CN2
O=C(Cc1ccc2c(c1)CN2)Nc1ccc(-c2cccs2)cc1
O=C(Cc1ccc2c(c1)CN2)Nc1ccc(-c2cccs2)cc1
O=C(Cc1ccc2c(c1)CN2)Nc1ccc(-c2cccs2)cc1
O=C(Cc1ccc2c(c1)CN2)Nc1ccc(-c2cccs2)cc1
O=C(Cc1ccc2c(c1)CN2)Nc1ccc(-c2cccs2)cc1
O=C(Cc1ccc2c(c1)CN2)Nc1ccc(-c2cccs2)cc1
O=C(Nc1ccc(-c2cccs2)cc1)c1ccc2c(c1)CN2
O=C(Nc1ccc(-c2cccs2)cc1)c1ccc2c(c1)CN2
O=C(Nc1ccc(-c2cccs2)cc1)c1ccc2c(c1)CN2
O=C(Nc1ccc(-c2cccs2)cc1)c1ccc2c(c1)CN2
O=C(Nc1ccc(-c2cccs2)cc1)c1ccc2c(c1)CN2
O=C(Nc1ccc(-c2cccs2)cc1)c1ccc2c(c1)CN2
O=C(Nc1ccc(-c2cccs2)cc1)c1ccc2c(c1)CN2
O=C(Nc1ccc(-c2cccs2)cc1)c1ccc2c(c1)CN2
O=C(Nc1ccc(-c2cccs2)cc1)c1ccc2c(c1)CN2
O=C(CNc1ccc(-c2cccs2)cc1)c1ccc2c(c1)CN2
O=C(CNc1ccc(-c2cccs2)cc1)c1ccc2c(c1)CN2
O=C(CNc1ccc(-c2cccs2)cc1)c1ccc2c(c1)CN2
O=C(CNCc1ccc(-c2cccs2)cc1)c1ccc2c(c1)CN2
O=C(CNCc1ccc(-c2cccs2)cc1)c1ccc2c(c1)CN2
O=C(CNCc1ccc(-c2cccs2)cc1)c1ccc2c(c1)CN2
O=C(CNCc1ccc(-c2cccs2)cc1)c1ccc2c(c1)CN2
O=C(CNCc1ccc(-c2cccs2)cc1)c1ccc2c(c1)CN2
O=C(CNc1ccc(-c2cccs2)cc1)c1ccc2c(c1)CN2
O=C(CNCc1cccc(-c2cccs2)c1)c1ccc2c(c1)CN2
O=C(CCCc1cccc(-c2cccs2)c1)c1ccc2c(c1)CN2
O=C(CCCc1cccc(-c2cccs2)c1)c1ccc2c(c1)CN2
O=C(CCCc1cccc(-c2cccs2)c1)c1ccc2c(c1)CN2
O=C(CCCCc1cccc(-c2cccs2)c1)c1ccc2c(c1)CN2
O=C(CCCCc1ccc2c(c1)CN2)c1cccc(-c2cccs2)c1
O=C(CCCc1ccc2c(c1)CN2)c1cccc(-c2cccs2)c1
O=C(CCc1ccc2c(c1)CN2)c1cccc(-c2cccs2)c1
O=C(CCc1ccc2c(c1)CN2)c1cccc(-c2cccs2)c1
O=C(CCc1ccc2c(c1)CN2)c1cccc(-c2cccs2)c1
O=C(Cc1ccc2c(c1)CN2)c1cccc(-c2cccs2)c1
O=C(Cc1ccc2c(c1)CN2)c1cccc(-c2cccs2)c1
O=C(Cc1ccc2c(c1)CN2)c1cccc(-c2cccs2)c1
O=C(Cc1ccc2c(c1)CN2)c1cccc(-c2cccs2)c1
O=C(Cc1ccc2c(c1)CN2)c1cccc(-c2cccs2)c1
O=C(Cc1ccc2c(c1)CN2)c1cccc(-c2cccs2)c1
O=C(Cc1cccc(-c2cccs2)c1)Cc1ccc2c(c1)CN2
O=C(Cc1cccc(-c2cccs2)c1)c1ccc2c(c1)CN2
c1cc(CCc2ccc3c(c2)CN3)cc(-c2cccs2)c1
c1cc(CCc2ccc3c(c2)CN3)cc(-c2cccs2)c1
O=C(Cc1ccc(-c2cccs2)cc1)OCc1ccc2c(c1)CN2
O=C(Cc1ccc(-c2cccs2)cc1)OCc1ccc2c(c1)CN2
O=C(Nc1ccc(-c2cccs2)cc1)OCc1ccc2c(c1)CN2
O=C(Nc1ccc(-c2cccs2)cc1)OCc1ccc2c(c1)CN2
O=C(Nc1ccc(-c2cccs2)cc1)OCc1ccc2c(c1)CN2
c1cc(COc2ccc3c(c2)CN3)cc(-c2cccs2)c1
c1cc(CCc2ccc3c(c2)CN3)cc(-c2cccs2)c1
c1cc(Cc2ccc3c(c2)CN3)cc(-c2cccs2)c1
c1cc(Cc2ccc3c(c2)CN3)cc(-c2cccs2)c1
c1cc(CC2Nc3ccccc32)cc(-c2cccs2)c1
c1cc(CC2Nc3ccccc32)cc(-c2cccs2)c1
c1cc(-c2cccs2)cc(C2Nc3ccccc32)c1
c1cc(-c2cccs2)cc(C2Nc3ccccc32)c1
c1cc(-c2cccs2)cc(C2Nc3ccccc32)c1
c1cc(-c2cccs2)cc(C2Nc3ccccc32)c1
c1csc(-c2ccc3c(c2)Cc2ccccc2N3)c1
c1csc(-c2ccc3c(c2)Cc2ccccc2N3)c1
c1csc(-c2ccc3c(c2)Cc2cccnc2N3)c1
c1cncc(C2Nc3ccc(-c4cccs4)cc32)c1
c1cncc(C2Nc3ccc(-c4cccs4)cc32)c1
c1cncc(C2Nc3ccc(-c4cccs4)cc32)c1
c1cncc(C2Nc3ccc(-c4cccs4)cc32)c1
c1cncc(C2Nc3ccc(-c4cccs4)cc32)c1
c1cncc(C2Nc3ccc(-c4cccs4)cc32)c1
c1cncc(C2Nc3ccc(-c4cccs4)cc32)c1
c1ccc(C2Nc3ccc(-c4cccs4)cc32)cc1
c1ccc(C2Nc3ccc(-c4cccs4)cc32)cc1
c1ccc(C2Nc3ccc(-c4cccs4)cc32)cc1
c1ccc(C2Nc3ccc(-c4cccs4)cc32)cc1
c1ccc(C2Nc3ccc(-c4cccs4)cc32)cc1
c1ccc(C2Nc3ccc(-c4cccs4)cc32)cc1
c1ccc(C2Nc3ccc(-c4cccs4)cc32)cc1
c1ccc(C2Nc3ccc(-c4cccs4)cc32)cc1
c1ccc(C2Nc3ccc(-c4cccs4)cc32)cc1
c1ccc(C2Nc3ccc(-c4cccs4)cc32)cc1
c1ccc(C2Nc3ccc(-c4cccs4)cc32)cc1
c1ccc(C2Nc3ccc(-c4cccs4)cc32)cc1
c1ccc(C2Nc3ccc(-c4cccs4)cc32)cc1
c1ccc(CC2Nc3ccc(-c4cccs4)cc32)cc1
c1ccc(CC2Nc3ccc(-c4cccs4)cc32)cc1
c1ccc(CC2Nc3ccc(-c4cccs4)cc32)cc1
c1ccc(CC2Nc3ccc(-c4cccs4)cc32)cc1
c1ccc(CCC2Nc3ccc(-c4cccs4)cc32)cc1
c1ccc(CCC2Nc3ccc(-c4cccs4)cc32)cc1
c1ccc(CCC2Nc3ccc(-c4cccs4)cc32)cc1
c1ccc(CCC2Nc3ccc(-c4cccs4)cc32)cc1
c1ccc(CCC2Nc3ccc(-c4cccs4)cc32)cc1
c1ccc(CCC2Nc3ccc(-c4cccs4)cc32)cc1
c1ccc(CCC2Nc3ccc(-c4cccs4)cc32)cc1
c1csc(-c2ccc3c(c2)CN3)c1
c1csc(-c2ccc3c(c2)CN3)c1
c1csc(-c2ccc3c(c2)CN3)c1
c1csc(-c2ccc3c(c2)CN3)c1
c1csc(-c2ccc3c(c2)CN3)c1
c1csc(-c2ccc3c(c2)C(CC2CCCC2)N3)c1
c1csc(-c2ccc3c(c2)CN3)c1
c1csc(-c2ccc3c(c2)CN3)c1
c1csc(-c2ccc3c(c2)CN3)c1
c1csc(-c2ccc3c(c2)CN3)c1
c1csc(-c2ccc3c(c2)CN3)c1
c1csc(-c2ccc3c(c2)CN3)c1
c1csc(-c2ccc3c(c2)CN3)c1
c1csc(-c2ccc3c(c2)CN3)c1
c1csc(-c2ccc3c(c2)CN3)c1
c1csc(-c2ccc3c(c2)CN3)c1
c1csc(-c2ccc3c(c2)CN3)c1
c1csc(-c2ccc3c(c2)CN3)c1
c1csc(-c2ccc3c(c2)C(C2CC2)N3)c1
C=C1CC1C1Nc2ccc(-c3cccs3)cc21
c1csc(-c2ccc3c(c2)CN3)c1
c1csc(-c2ccc3c(c2)CN3)c1
c1csc(-c2ccc3c(c2)CN3)c1
c1csc(-c2ccc3c(c2)CN3)c1
c1csc(-c2ccc3c(c2)CN3)c1
c1csc(-c2ccc3c(c2)CN3)c1
c1csc(-c2ccc3c(c2)CN3)c1
c1csc(-c2ccc3c(c2)CN3)c1
c1csc(-c2ccc3c(c2)CN3)c1
c1csc(-c2ccc3c(c2)CN3)c1
c1csc(-c2ccc3c(c2)CN3)c1
c1csc(-c2ccc3c(c2)CN3)c1
c1csc(-c2ccc3c(c2)CN3)c1
c1csc(-c2ccc3c(c2)CN3)c1
c1csc(-c2ccc3c(c2)CN3)c1
c1csc(-c2ccc3c(c2)CN3)c1
c1csc(-c2ccc3c(c2)CN3)c1
c1csc(-c2ccc3c(c2)CN3)c1
O=C1CNc2ccc(-c3cccs3)cc2C1
O=C1CCNc2ccc(-c3cccs3)cc2C1
O=C1CCNc2ccc(-c3cccs3)cc2C1
O=C1CNc2ccc(-c3cccs3)cc2C1
O=S(=O)(NCCNc1cccc2c1cnn2-c1cccc(NC2CC2)c1)c1ccccc1
O=S(=O)(NCCNc1cccc2c1cnn2-c1cccc(NC2CC2)c1)c1ccccc1
O=S(=O)(NCCNc1cccc2c1cnn2-c1cccc(NC2CC2)c1)c1ccccc1
O=S(=O)(NCCNc1cccc2c1cnn2-c1cccc(NC2CC2)c1)c1ccccc1
O=S(=O)(NCCNc1cccc2c1cnn2-c1cccc(NC2CC2)c1)c1ccccc1
O=S(=O)(NCCNc1ccccc1C1=NN1c1cccc(NC2CC2)c1)c1ccccc1
O=S(=O)(NCCNc1ccccc1C1=NN1c1cccc(NC2CC2)c1)c1ccccc1
O=S(=O)(NCCNc1ccccc1C1=NN1c1cccc(NC2CC2)c1)c1ccccc1
O=S(=O)(NCCNc1ccccc1C1=NN1)c1ccccc1-c1cccc(NC2CC2)c1
O=S(=O)(NCCNc1ccccc1C1=NN1)c1ccccc1-c1cccc(NC2CC2)c1
O=S(=O)(NCCNc1ccccc1C1=CN1)c1ccccc1-c1cccc(NC2CC2)c1
O=S(=O)(NCCNc1ccccc1C1=CN1)c1ccccc1-c1cccc2c1CCCN2
O=S(=O)(NCCNc1ccccc1C1=CN1)c1ccccc1-c1cccc2c1CCCN2
O=S(=O)(NCCNc1ccccc1C1=CN1)c1ccccc1-c1cccc2c1CCCN2
O=S(=O)(NCCNc1ccccc1CC1=CN1)c1ccccc1-c1cccc2c1CCCN2
O=S(=O)(NCCNc1ccccc1)c1ccccc1-c1cccc2c1CCCN2
O=S(=O)(NCCNc1ccccc1)c1ccccc1-c1cccc2c1CCCN2
O=S(=O)(NCNc1ccccc1)c1ccccc1-c1cccc2c1CCCN2
O=S(=O)(NNc1ccccc1)c1ccccc1-c1cccc2c1CCCN2
O=S(=O)(NNc1ccccc1)c1ccccc1-c1cccc2c1CCCN2
O=S(=O)(NNc1ccccc1)c1ccccc1-c1cccc2c1CCCN2
c1ccc(-c2ccc3c(c2-c2ccccc2)CCCN3)cc1
c1ccc(-c2ccc3c(c2-c2ccccc2)CCCN3)cc1
c1ccc(-c2ccc3c(c2-c2ccccc2)CCCN3)cc1
c1ccc(-c2ccc3c(c2-c2ccccc2)CCCN3)cc1
c1ccc(-c2ccc3c(c2-c2ccccc2)CCCN3)cc1
c1ccc(-c2ccc3c(c2-c2ccccc2)CCCN3)cc1
c1ccc(-c2ccc3c(c2-c2ccccc2)CCCN3)cc1
c1ccc(-c2ccc3c(c2-c2ccccc2)CCCN3)cc1
c1ccc(-c2ccc3c(c2-c2ccccc2)CCCN3)cc1
c1ccc(-c2ccc3c(c2-c2ccccc2)CCCN3)cc1
c1ccc(-c2ccc3c(c2-c2ccccc2)CCCN3)cc1
c1ccc(-c2ccc3c(c2-c2ccccc2)CCCN3)cc1
c1ccc(-c2ccc3c(c2-c2ccccc2)CCCN3)cc1
c1ccc(-c2ccc3c(c2-c2ccccc2)CCCN3)cc1
c1ccc(-c2ccc3c(c2-c2ccccc2)CCCN3)cc1
c1ccc(-c2ccc3c(c2-c2ccccc2)CCCN3)cc1
C1=CC(c2c(-c3ccccc3)ccc3c2CCCN3)C=C1
c1ccc(-c2ccc3c(c2)CCCN3)cc1
c1ccc(-c2ccc3c(c2)CCCN3)cc1
c1ccc(-c2ccc3c(c2)CCCN3)cc1
c1ccc(-c2ccc3c(c2)CCCN3)cc1
c1ccc(-c2ccc3c(c2)CCCN3)cc1
c1ccc(-c2ccc3c(c2)CCCN3)cc1
c1ccc(-c2ccc3c(c2)CCCN3)cc1
c1ccc(-c2ccc3c(c2)CCCN3)cc1
c1ccc(-c2ccc3c(c2)CCCN3)cc1
c1ccc(-c2ccc3c(c2CCC2CC2)CCCN3)cc1
c1ccc(-c2ccc3c(c2CC2CC2)CCCN3)cc1
c1ccc(-c2ccc3c(c2CC2CC2)CCCN3)cc1
c1ccc(-c2ccc3c(c2CC2CC2)CCCN3)cc1
c1ccc(-c2ccc3c(c2)CCCN3)cc1
c1ccc(-c2ccc3c(c2)CCCN3)cc1
c1ccc(-c2ccc3c(c2)CCCN3)cc1
c1ccc(-c2ccc3c(c2)CCCN3)cc1
c1ccc(-c2ccc3c(c2)CCCN3)cc1
c1ccc(-c2ccc3c(c2)CCCN3)cc1
c1ccc(-c2ccc3c(c2)CCCN3)cc1
c1ccc(-c2ccc3c(c2)CCCN3)cc1
c1ccc2c(c1)CCCc1c-2ccc2c1CCCN2
c1ccc2c(c1)CCc1c-2ccc2c1CCCN2
c1ccc2c(c1)CCc1c-2ccc2c1CCCN2
c1ccc(-c2ccc3c(c2)CCCN3)cc1
c1ccc(-c2ccc3c(c2)CCCN3)cc1
c1ccc(-c2ccc3c(c2)CCCN3)cc1
c1ccc(-c2ccc3c(c2)CCCN3)cc1
c1ccc(-c2ccc3c(c2)CCCN3)cc1
c1ccc(-c2ccc3c(c2)CCCN3)cc1
c1ccc(-c2ccc3c(c2)CCCN3)cc1
c1ccc(-c2ccc3c(c2)CCCN3)cc1
c1cc(-c2ccc3c(c2)CCCN3)c2[nH]ccc2c1
c1ccc2c(-c3ccc4c(c3)CCCN4)c[nH]c2c1
c1ccc2c(-c3ccc4c(c3)CCCN4)c[nH]c2c1
O=S(=O)(NCCNc1cccc2c1cnn2-c1cccc(NC2CC2)c1)c1ccccc1
O=S(=O)(NCCNc1cccc2c1cnn2-c1ccccc1)c1ccccc1
O=S(=O)(NCCNc1cccc2c1cnn2-c1ccccc1)c1ccccc1
O=S(=O)(NCCNc1cccc2c1cnn2-c1ccccc1)c1ccccc1
C=C(NCCNS(=O)(=O)c1ccccc1)c1cnn(-c2ccccc2)c1
C=C(NCCNS(=O)(=O)c1ccccc1)c1cnn(-c2ccccc2)c1
C=C(NCCNS(=O)(=O)c1ccccc1)c1cnn(-c2ccccc2)c1
C=C(NCCNS(=O)(=O)c1ccccc1)c1cnn(-c2ccccc2)c1
C=C(NCCNS(=O)(=O)c1ccccc1)c1cnn(-c2ccccc2)c1
C=C(NCCNS(=O)(=O)c1ccccc1)c1cnn(-c2ccccc2)c1
C=C(NCCNS(=O)(=O)c1ccccc1)c1cnn(-c2ccccc2)c1
C=C(NCCNS(=O)(=O)c1ccccc1)c1cnn(-c2ccccc2)c1
C=C(NCCNS(=O)(=O)c1ccccc1)c1cnn(-c2ccccc2)c1
C=C(NCCNS(=O)(=O)c1ccccc1)c1cnn(-c2ccccc2)c1
C=C(NCCNS(=O)c1ccccc1)c1cnn(-c2ccccc2)c1
C=C(NCCCS(=O)c1ccccc1)c1cnn(-c2ccccc2)c1
C=C(NCCCC(=O)c1ccccc1)c1cnn(-c2ccccc2)c1
C=C(NCCCC(=O)c1ccccc1)c1cnn(-c2ccccc2)c1
C=C(NCCCC(=O)c1ccccc1)c1cnn(-c2ccccc2)c1
C=C(NCCCC(=O)c1ccccc1)c1cnn(-c2ccccc2)c1
C=C(NCCCCc1ccccc1)c1cnn(-c2ccccc2)c1
C=C(NCCCCc1ccccc1)c1cnn(-c2ccccc2)c1
C=C(NCCCCc1ccccc1)c1cnn(-c2ccccc2)c1
C(=Cc1cnn(-c2ccccc2)c1)CCCCc1ccccc1
C(=Cc1cnn(-c2ccccc2)c1)CCCCc1ccccc1
C(=Cc1cnn(-c2ccccc2)c1)CCCc1ccccc1
C(=Cc1cnn(-c2ccccc2)c1)CCCc1ccccc1
C(=Cc1cnn(-c2ccccc2)c1)CCCc1ccccc1
C(=Cc1cnn(-c2ccccc2)c1)NCCCc1ccccc1
C=C(NCCCCc1ccccc1)c1cnn(-c2ccccc2)c1
C=C(NCCCCc1ccccc1)c1cnn(-c2ccccc2)c1
C=C(NCCCCc1ccccc1)c1cnn(-c2ccccc2)c1
C=C(NCCCCc1ccccc1)c1cnn(-c2ccccc2)c1
C=C(NCCCCc1ccccc1)c1cnn(-c2ccccc2)c1
C=C(NCCCCc1ccccc1)c1cnn(-c2ccccc2)c1
C=C(NCCCCc1ccccc1)c1cnn(-c2ccccc2)c1
O=C(NCCCCc1ccccc1)c1cnn(-c2ccccc2)c1
O=C(NCCCCc1ccccc1)c1cnn(-c2ccccc2)c1
O=C(NCCCCc1ccccc1)c1cnn(-c2ccccc2)c1
O=C(NCCCCc1ccccc1)c1cnn(-c2ccccc2)c1
O=C(NCCCCc1ccccc1)c1cnn(-c2ccccc2)c1
O=C(NCCCCc1ccccc1)c1cnn(-c2ccccc2)c1
O=C(NCCCCc1ccccc1)c1cnn(-c2ccccc2)c1
O=C(NCCCCc1ccccc1)c1cnn(-c2ccccc2)c1
O=C1OCc2cc(NC(=O)C(CCc3ccccc3)CCc3ccccc3)ccc21
O=C(Nc1ccccc1)C(CCc1ccccc1)CCc1ccccc1
O=C(Nc1ccccc1)C(CCOc1ccccc1)CCc1ccccc1
O=C(Nc1ccccc1)C(CCOc1ccccc1)CCc1ccccc1
O=C(Nc1ccccc1)C(CCOc1ccccc1)CCc1ccccc1
O=C(Nc1ccccc1)C(CCOc1ccccc1)CCc1ccccc1
O=C(Nc1ccccc1)C(CCOc1ccccc1)CCc1ccccc1
O=C(Nc1ccccc1)C(CCCOc1ccccc1)CCc1ccccc1
O=C(Nc1ccncc1)C(CCCOc1ccccc1)CCc1ccccc1
O=C(Nc1ccncc1)C(CCCOc1ccccc1)CCc1ccccc1
O=C(Nc1ccncc1)C(CCCOc1ccccc1)CCc1ccccc1
O=C(Nc1ccncc1)C(CCCOc1ccccc1)CCc1ccccc1
O=C(Nc1ccncc1)C(CCCOc1ccccc1)CCc1ccccc1
O=C(Nc1ccncc1)C(CCCOc1ccccc1)CCc1ccccc1
O=C(CNc1ccncc1)C(CCCOc1ccccc1)CCc1ccccc1
O=C(CNc1cccnc1)C(CCCOc1ccccc1)CCc1ccccc1
O=C(CNc1cccnc1)C(CCCOc1ccccc1)CCc1ccccc1
O=C(CNc1cccnc1)C(CCCOc1ccccc1)NCCc1ccccc1
O=C(Nc1cccnc1)C(CCCOc1ccccc1)NCCc1ccccc1
O=C(NCc1cccnc1)C(CCCOc1ccccc1)NCCc1ccccc1
O=C(NCc1cccnc1)C(CCCOc1ccccc1)NCCc1ccccc1
O=C(NCc1cccnc1)C(CCCOc1ccccc1)NCCc1ccccc1
O=C(NCc1cccnc1)C(CCOc1ccccc1)NCCc1ccccc1
O=C(NCc1cccnc1)C(CCOc1ccccc1)NCCc1ccccc1
O=C(NCc1cccnc1)C(COc1ccccc1)NCCc1ccccc1
O=C(NCc1cccnc1)C(COc1ccccc1)NCCc1ccccc1
O=C(NCc1cccnc1)C(COc1ccccc1)NCCc1ccccc1
O=C(NCCc1cccnc1)C(COc1ccccc1)NCCc1ccccc1
O=C(CCOc1ccccc1)NC(Cc1ccccc1)Cc1cccnc1
O=C(CCOc1ccccc1)NC(Cc1ccccc1)Cc1cccnc1
O=C(CCOc1ccccc1)NC(Cc1ccccc1)Cc1cccnc1
O=C(CCOc1ccccc1)NC(Cc1ccccc1)Cc1cccnc1
c1ccc(CCC(Oc2ccccc2)c2cccnc2)cc1
c1ccc(CCC(Oc2ccccc2)c2cccnc2)cc1
c1ccc(CCC(Oc2ccccc2)c2cccnc2)cc1
c1ccc(CCC(Oc2ccccc2)c2cccnc2)cc1
c1ccc(CCC(Oc2ccccc2)c2cccnc2)cc1
c1ccc(CCC(Oc2ccccc2)c2cccnc2)cc1
c1ccc(CCC(Oc2ccccc2)c2cccnc2)cc1
c1ccc(CCC(Oc2ccccc2)c2cccnc2)cc1
c1ccc(CCC(Oc2ccccc2)c2cccnc2)cc1
c1ccc(CCC(Oc2ccccc2)c2cccnc2)cc1
c1ccc(CCC(Oc2ccccc2)c2cccnc2)cc1
c1ccc(CCC(Oc2ccccc2)c2cccnc2)cc1
c1ccc(CCC(Oc2ccccc2)c2cccnc2)cc1
c1ccc(CCC(Oc2ccccc2)c2cccnc2)cc1
c1ccc(CCC(Oc2ccccc2)c2cccnc2)cc1
c1ccc(CCC(Oc2ccccc2)c2cccnc2)cc1
c1ccc(CCC(Oc2ccccc2)c2cccnc2)cc1
c1ccc(CCC(Oc2ccccc2)c2cccnc2)cc1
c1ccc(CCC(Oc2ccccc2)c2cccnc2)cc1
c1ccc(CCC(Oc2ccccc2)c2cccnc2)cc1
c1ccc(CCC(Oc2ccccc2)c2cccnc2)cc1
c1ccc(CCC(Oc2ccccc2)c2cccnc2)cc1
c1ccc(CCC(Oc2ccccc2)c2cccnc2)cc1
c1ccc(CCC(Oc2ccccc2)c2cccnc2)cc1
c1ccc(CCC(Oc2ccccc2)c2cccnc2)cc1
c1ccc(CCC(Oc2ccccc2)c2cccnc2)cc1
c1ccc(CCC(Oc2ccccc2)c2cccnc2)cc1
c1ccc(CCC(Oc2ccccc2)c2cccnc2)cc1
c1ccc(CCC(Oc2ccccc2)c2cccnc2)cc1
c1ccc(CCC(Oc2ccccc2)c2cccnc2)cc1
c1ccc(CCC(Oc2ccccc2)c2cccnc2)cc1
c1ccc(CCC(Oc2ccccc2)c2cccnc2)cc1
c1ccc(CCC(Oc2ccccc2)c2cccnc2)cc1
c1ccc(CCC(Oc2ccccc2)c2cccnc2)cc1
c1ccc(CCC(Oc2ccccc2)c2cccnc2)cc1
c1ccc(CCC(Oc2ccccc2)c2cccnc2)cc1
c1ccc(CCC(Oc2ccccc2)c2cccnc2)cc1
c1ccc(CCC(Oc2ccccc2)c2cccnc2)cc1
c1ccc(CCC(Oc2ccccc2)c2cccnc2)cc1
c1ccc(CCC(Oc2ccccc2)c2cccnc2)cc1
c1ccc(CCC(Oc2ccccc2)c2cccnc2)cc1
c1ccc(CCC(Oc2ccccc2)c2cccnc2)cc1
c1ccc(CCC(Oc2ccccc2)c2cccnc2)cc1
c1ccc(CCC(Oc2ccccc2)c2cccnc2)cc1
c1ccc(CCC(Oc2ccccc2)c2cccnc2)cc1
c1ccc(CCC(Oc2ccccc2)c2cccnc2)cc1
c1ccc(CCC(Oc2ccccc2)c2cccnc2)cc1
c1ccc(CCC(Oc2ccccc2)c2cccnc2)cc1
c1ccc(CCC(Oc2ccccc2)c2cccnc2)cc1
c1ccc(CCC(Oc2ccccc2)c2cccnc2)cc1
c1ccc(CCC(Oc2ccccc2)c2cccnc2)cc1
c1ccc(CCC(Oc2ccccc2)c2cccnc2)cc1
c1ccc(CCC(Oc2ccccc2)c2cccnc2)cc1
c1ccc(CCC(Oc2ccccc2)c2cccnc2)cc1
c1ccc(CCC(Oc2ccc3c(c2)CN3)c2cccnc2)cc1
c1ccc(CCC(Oc2ccc3c(c2)CN3)c2cccnc2)cc1
c1ccc(CCC(Oc2ccc3c(c2)CN3)c2cccnc2)cc1
c1ccc(CCC(Oc2ccc3c(c2)CCN3)c2cccnc2)cc1
c1ccc(CCC(Oc2ccc3[nH]ccc3c2)c2cccnc2)cc1
c1ccc(CCC(Oc2ccc3[nH]ccc3c2)c2cccnc2)cc1
c1ccc(CCC(Oc2ccc3[nH]ccc3c2)c2cccnc2)cc1
c1ccc(CCC(Oc2ccc3[nH]ccc3c2)c2cccnc2)cc1
c1ccc(CCC(Oc2ccc3[nH]ccc3c2)c2cccnc2)cc1
c1ccc(CCC(Oc2ccc3[nH]ccc3c2)c2cccnc2)cc1
c1ccc(CCC(Oc2ccc3[nH]ccc3c2)c2cccnc2)cc1
c1ccc(CCC(Oc2ccc3[nH]ccc3c2)c2cccnc2)cc1
c1ccc(CCC(Oc2ccc3[nH]ncc3c2)c2cccnc2)cc1
c1ccc(CCC(Oc2ccc3[nH]ncc3c2)c2cccnc2)cc1
c1ccc(CCC(Oc2ccc3[nH]ncc3c2)c2cccnc2)cc1
c1ccc(CCC(Oc2ccc3[nH]ncc3c2)c2cccnc2)cc1
c1ccc(CCC(Oc2ccc3c(cnn3C3CO3)c2)c2cccnc2)cc1
c1ccc(CCC(Oc2ccc3c(cnn3C3CO3)c2)c2cccnc2)cc1
C1=C(n2ncc3cc(OC(CCc4ccccc4)c4cccnc4)ccc32)O1
C1=C(n2ncc3cc(OC(CCc4ccccc4)c4cccnc4)ccc32)CO1
C1=C(n2ncc3cc(OC(CCc4ccccc4)c4cccnc4)ccc32)CO1
C1=C(n2ncc3cc(OC(CCc4ccccc4)c4cccnc4)ccc32)CC1
C1=C(n2ncc3cc(OC(CCc4ccccc4)c4cccnc4)ccc32)CC1
C1=C(n2ncc3cc(OC(CCc4ccccc4)c4cccnc4)ccc32)CC1
C1=C(n2ncc3cc(OC(CCc4ccccc4)c4cccnc4)ccc32)C1
C1=C(n2ncc3cc(OC(CCc4ccccc4)c4cccnc4)ccc32)N1
C1=C(n2ncc3cc(OC(CCc4ccccc4)c4cccnc4)ccc32)CN1
C1=C(n2ncc3cc(OC(CCc4ccccc4)c4cccnc4)ccc32)CN1
C1=C(n2ncc3cc(OC(CCc4ccccc4)c4cccnc4)ccc32)CN1
C1=NC=C1n1ncc2cc(OC(CCc3ccccc3)c3cccnc3)ccc21
C1=NC(Cn2ncc3cc(OC(CCc4ccccc4)c4cccnc4)ccc32)=C1
C1=NC(Cn2ncc3cc(OC(CCc4ccccc4)c4cccnc4)ccc32)=C1
C1=CC(Cn2ncc3cc(OC(CCc4ccccc4)c4cccnc4)ccc32)=C1
C1=CC(Cn2ncc3cc(OC(CCc4ccccc4)c4cccnc4)ccc32)=C1
C1=CC(Cn2ncc3cc(OC(CCc4ccccc4)c4cccnc4)ccc32)=C1
C1=CC(n2ncc3cc(OC(CCc4ccccc4)c4cccnc4)ccc32)=C1
C1=CC(n2ncc3cc(OC(CCc4ccccc4)c4cccnc4)ccc32)=C1
C1=CC(n2ncc3cc(OC(CCc4ccccc4)c4cccnc4)ccc32)=C1
C1=C(n2ncc3cc(OC(CCc4ccccc4)c4cccnc4)ccc32)C1
C1=C(n2ncc3cc(OC(CCc4ccccc4)c4cccnc4)ccc32)CC1
C1=C(n2ncc3cc(OC(CCc4ccccc4)c4cccnc4)ccc32)CC1
C1=C(n2ncc3cc(OC(CCc4ccccc4)c4cccnc4)ccc32)CC1
C1=C(n2ncc3cc(OC(CCc4ccccc4)c4cccnc4)ccc32)CC1
C1=C(n2ncc3cc(OC(CCc4ccccc4)c4cccnc4)ccc32)CC1
C1=C(n2ncc3cc(OC(CCc4ccccc4)c4cccnc4)ccc32)CC1
C1=C(n2ncc3cc(OC(CCc4ccccc4)c4cccnc4)ccc32)CCC1
C1=C(n2ncc3cc(OC(CCc4ccccc4)c4cccnc4)ccc32)CCC1
C1=C(n2ncc3cc(OC(CCc4ccccc4)c4cccnc4)ccc32)CCC1
C1=C(n2ncc3cc(OC(CCc4ccccc4)c4cccnc4)ccc32)CCC1
C1=C(n2ncc3cc(OC(CCc4ccccc4)c4cccnc4)ccc32)CC1
C1=C(n2ncc3cc(OC(CCc4ccccc4)c4cccnc4)ccc32)CCC1
C1=C(n2ncc3cc(OC(CCc4ccccc4)c4cccnc4)ccc32)CCCC1
C1=C(n2ncc3cc(OC(CCc4ccccc4)c4cccnc4)ccc32)CCCC1
C1=C(n2ncc3cc(OC(CCc4ccccc4)c4cccnc4)ccc32)CCCC1
C1=CC(n2ncc3cc(OC(CCc4ccccc4)c4cccnc4)ccc32)=CCC1
c1ccc(CCC(Oc2ccc3c(cnn3-c3ccccc3)c2)c2cccnc2)cc1
c1ccc(CCC(Oc2ccc3c(cnn3-c3ccccc3)c2)c2cccnc2)cc1
c1ccc(CCC(Oc2ccc3c(cnn3-c3ccccc3)c2)c2cccnc2)cc1
c1ccc(CCC(Oc2ccc3c(cnn3-c3ccccc3)c2)c2cccnc2)cc1
c1ccc(CCC(Oc2ccc3c(cnn3-c3ccccc3)c2)c2cccnc2)cc1
c1ccc(CCC(Oc2ccc3c(cnn3-c3ccccc3)c2)c2cccnc2)cc1
c1ccc(CCC(Oc2ccc3c(cnn3-c3ccccc3)c2)c2cccnc2)cc1
c1ccc(CCC(Oc2ccc3c(cnn3-c3ccccc3)c2)c2cccnc2)cc1
c1ccc(CCC(Oc2ccc3c(cnn3-c3ccccc3)c2)c2cccnc2)cc1
O=C1OCc2cc(NC(=O)C(CCc3ccccc3)CCc3ccccc3)ccc21
O=C1OCc2cc(NC(=O)C(CCc3ccccc3)CCc3ccccc3)ccc21
O=C1OCc2cc(ONC(=O)C(CCc3ccccc3)CCc3ccccc3)ccc21
O=C1OCc2cc(ONC(=O)C(CCc3ccccc3)CCc3ccccc3)ccc21
O=C(NOc1ccc2c(c1)COC2)C(CCc1ccccc1)CCc1ccccc1
O=C(NOc1ccc2c(c1)COC2)C(CCc1ccccc1)CCc1ccccc1
O=C(NOc1ccc2c(c1)CCC2)C(CCc1ccccc1)CCc1ccccc1
O=C(NOc1ccc2c(c1)CCC2)C(CCc1ccccc1)Cc1ccccc1
O=C(NOc1ccc2c(c1)CCC2)C(CCc1ccccc1)c1ccccc1
O=C(NOc1ccc2c(c1)CCC2)C(CCc1ccccc1)c1ccccc1
O=C(NOc1ccc2c(c1)CCN2)C(CCc1ccccc1)c1ccccc1
O=C(NOc1ccc2c(c1)CCN2)C(CCc1ccccc1)c1ccccc1
c1ccc(CCCc2cccc(COc3ccc4c(c3)CCN4)c2)cc1
c1ccc(CCCc2cccc(COc3ccc4c(c3)CCN4)c2)cc1
c1ccc(CCCc2cccc(COc3ccc4c(c3)CCN4)c2)cc1
c1ccc(CCC(Oc2ccc3c(c2)CCN3)c2ccccc2)cc1
c1ccc(CCC(Oc2ccc3c(c2)CCN3)c2ccccc2)cc1
c1ccc(CCC(Oc2ccc3c(c2)CCCN3)c2ccccc2)cc1
c1ccc(CNCC(Oc2ccc3c(c2)CCCN3)c2ccccc2)cc1
c1ccc(C(CNCc2cccnc2)Oc2ccc3c(c2)CCCN3)cc1
c1ccc(C(CNCc2cccnc2)Oc2ccc3c(c2)CCCN3)cc1
c1ccc(C(CNCCc2cccnc2)Oc2ccc3c(c2)CCCN3)cc1
O=C(Cc1ccncc1)NCC(Oc1ccc2c(c1)CCCN2)c1ccccc1
O=C(Cc1ccncc1)NCC(Oc1ccc2c(c1)CCN2)c1ccccc1
O=C(Cc1ccncc1)NCC(Oc1ccc2c(c1)CCN2)c1ccccc1
O=C(Cc1ccncc1)NCC(Oc1ccc2[nH]ccc2c1)c1ccccc1
O=C(Cc1ccncc1)NCC(Oc1ccc2[nH]ccc2c1)c1ccccc1
O=C(Cc1ccncc1)NCC(Oc1ccc2[nH]ccc2c1)c1ccccc1
O=C(CC1=CC=NC1)NCC(Oc1ccc2[nH]ccc2c1)c1ccccc1
O=C(CC1=CC=N1)NCC(Oc1ccc2[nH]ccc2c1)c1ccccc1
O=C(CC1=CC=N1)NCC(Oc1ccc2[nH]ncc2c1)c1ccccc1
c1ccc(COc2ccc3[nH]ncc3c2)cc1
c1ccc(COc2ccc3[nH]ncc3c2)cc1
c1ccc(COc2ccc3[nH]ncc3c2)cc1
c1ccc(COc2ccc3[nH]ncc3c2)cc1
c1ccc(COc2ccc3[nH]ncc3c2)cc1
C1=C(n2ncc3cc(OCc4ccccc4)ccc32)N1
C1=C(n2ncc3cc(OCc4ccccc4)ccc32)CN1
C1=C(n2ncc3cc(OCc4ccccc4)ccc32)CC1
C1=C(n2ncc3cc(OCc4ccccc4)ccc32)CC1
C1=C(n2ncc3cc(OCc4ccccc4)ccc32)CC1
C1=C(n2ncc3cc(OCc4ccccc4)ccc32)CC1
C1=C(n2ncc3cc(OCc4ccccc4)ccc32)CNC1
C1=C(n2ncc3cc(OCc4ccccc4)ccc32)CCC1
C1=C(n2ncc3cc(OCc4ccccc4)ccc32)CCCC1
C1=C(n2ncc3cc(OCc4ccccc4)ccc32)CCCC1
C1=CC(n2ncc3cc(OCc4ccccc4)ccc32)=CCC1
c1ccc(COc2ccc3c(cnn3-c3ccccc3)c2)cc1
c1ccc(COc2ccc3c(cnn3-c3ccccc3)c2)cc1
C1=CCC=C(n2ncc3cc(OCc4ccccc4)ccc32)C=C1
C1=CCC=C(n2ncc3cc(OCc4ccccc4)ccc32)C=C1
C1=CCC=C(n2ncc3cc(OCc4ccccc4)ccc32)C=C1
C1=CCC=C(n2ncc3cc(OCc4ccccc4)ccc32)C=C1
c1ccc(COc2ccc3c(cnn3-c3ccccc3)c2)cc1
c1ccc(COc2ccc3c(cnn3-c3ccccc3)c2)cc1
c1ccc(COc2ccc3c(cnn3-c3ccccc3)c2)cc1
c1ccc(COc2ccc3c(cnn3-c3ccccc3)c2)cc1
c1ccc(COc2ccc3c(cnn3-c3ccccc3)c2)cc1
c1ccc(COc2ccc3c(cnn3-c3ccccc3)c2)cc1
c1ccc(COc2ccc3c(cnn3-c3ccccc3)c2)cc1
c1ccc(COc2ccc3c(cnn3-c3ccccc3)c2)cc1
c1ccc(COc2ccc3c(cnn3-c3ccccc3)c2)cc1
c1ccc(COc2ccc3c(cnn3-c3ccccc3)c2)cc1
c1ccc(COc2ccc3c(cnn3-c3ccccc3)c2)cc1
O=C(c1cccc(-n2ncc3cc(OCc4ccccc4)ccc32)c1)N1CN1
O=C(c1cccc(-n2ncc3cc(OCc4ccccc4)ccc32)c1)N1CNC1
O=C(c1cccc(-n2ncc3cc(OCc4ccccc4)ccc32)c1)N1CNC1
O=C(c1cccc(-n2ncc3cc(OCc4ccccc4)ccc32)c1)N1CNC1
O=C(c1cccc(-n2ncc3cc(OCc4ccccc4)ccc32)c1)N1CCC1
O=C(c1cccc(-n2ncc3cc(OCc4ccccc4)ccc32)c1)N1CCC1
O=C(c1cccc(-n2ncc3cc(OCc4ccccc4)ccc32)c1)N1CCCC1
O=C(c1cccc(-n2ncc3cc(OCc4ccccc4)ccc32)c1)N1CCCC1
O=C(c1cccc(-n2ncc3cc(OCc4ccccc4)ccc32)c1)N1CCCCC1
O=C(c1cccc(-n2ncc3cc(OCc4ccccc4)ccc32)c1)N1CCCCC1
O=C(c1cccc(-n2ncc3cc(OCc4ccccc4)ccc32)c1)N1CCCCC1
O=C(c1cccc(-n2ncc3cc(OCc4ccccc4)ccc32)c1)N1CCCNCC1
O=C(c1cccc(-n2ncc3cc(OCc4ccccc4)ccc32)c1)N1CCCNCC1
O=C(c1cccc(-n2ncc3cc(OCc4ccccc4)ccc32)c1)N1CCNCC1
O=C(c1cccc(-n2ncc3cc(OCc4ccccc4)ccc32)c1)N1CCCCC1
O=C(c1cccc(-n2ncc3cc(OCc4ccccc4)ccc32)c1)N1CCCC1
O=C1OCc2cc(NC(=O)C(CCc3ccccc3)CCc3ccccc3)ccc21
O=C1OCc2cc(NC(=O)C(CCc3ccccc3)CCc3ccccc3)ccc21
O=C1OCC2C(NC(=O)C(CCc3ccccc3)CCc3ccccc3)=CC=C12
O=C(NC1=CC2C(=O)OCC12)C(CCc1ccccc1)CCc1ccccc1
O=C(NC1C2COC(=O)C21)C(CCc1ccccc1)CCc1ccccc1
O=C(NC1C2COC(=O)C21)C(CCc1ccccc1)Cc1ccccc1
O=C(NC1C2COC(=O)C21)C(CCc1ccccc1)Cc1ccccc1
O=C(NC1C2COC(=O)C21)C(CCc1ccccc1)Cc1ccccc1
O=C(NC1C2COC(=O)C21)C(CCc1ccccc1)Cc1ccccc1
O=C(NC1C2COC(=O)C21)C(CCc1ccccc1)c1ccccc1
O=C(NC1C2COC(=O)C21)C(CCc1ccccc1)c1ccccc1
O=C(NC1C2COC(=O)C21)C(CCc1ccccc1)c1ccccc1
O=C(NC1C2COC(=O)C21)C(CCc1ccccc1)c1ccccc1
O=C(NC1C2COC(=O)C21)C1CC(c2ccccc2)Cc2ccccc21
O=C1OCC2C(NCC3CC(c4ccccc4)Cc4ccccc43)C12
O=C1OCC2C(NC3CC(c4ccccc4)Cc4ccccc43)C12
O=C1OCC2C(NC3CC(c4ccccc4)Cc4ccccc43)C12
O=C1OCC2C(NC3CC(c4ccccc4)c4ccccc43)C12
O=C1OCC2C(CC3CC(c4ccccc4)c4ccccc43)C12
O=C1OCC2C1C2C1CC(c2ccccc2)c2ccccc21
O=C1OCC2C1C2C1CC(c2ccccc2)c2ccccc21
O=C1OCC2C1C2C1CC(c2ccccc2)c2ccccc21
O=C1OCC2C1C2C1CC(c2ccccc2)c2ccccc21
O=C1OCC2C1C2C1CC(c2ccccc2)c2ccccc21
O=C1OCC2C1C2C1CC(c2ccccc2)c2ccccc21
O=C1OCC2C1C2C1CC(c2ccccc2)c2ccccc21
O=C1OCC2C1C2C1CC(c2ccccc2)c2ccccc21
O=C1OCC2C1C2C1CC(c2ccccc2)c2ccccc21
O=C1OCC2C1C2C1CC(c2ccccc2)c2ccccc21
O=C1OCC2C1C2C1CC(c2ccccc2)c2ccccc21
O=C1OCC2C1C2C1CC(c2ccccc2)c2ccccc21
O=C1OCC2CC(C3CC(c4ccccc4)c4ccccc43)C12
O=C1OCC2CC(C3CC(c4ccccc4)c4cc5c(cc43)OCCO5)C12
O=C1OCC2CC(C3CC(c4ccccc4)c4cc5c(cc43)OCO5)C12
O=C1OCC2CC(C3CC(c4ccccc4)c4cc5c(cc43)OCO5)C12
O=C1OCC2CC(C3c4cc5c(cc4C3c3ccccc3)OCO5)C12
O=C1OCC2CC(C3c4cc5c(cc4C3c3ccccc3)OCO5)C12
O=C1OCC2CCC(C3c4cc5c(cc4C3c3ccccc3)OCO5)C12
O=C1OCC2CCC(C3c4cc5c(cc4C3c3ccccc3)OCO5)C12
O=C1OCC2CCC(C3OC(c4ccccc4)c4cc5c(cc43)OCO5)C12
O=C1OCC2CC3C(c4ccccc4)c4cc5c(cc4CC3C12)OCO5
O=C1OCC2CC3CC(c4ccccc4)c4cc5c(cc4CC3C12)OCO5
O=C1OCC2CC3CC(c4ccccc4)c4cc5c(cc4CC3C12)OCO5
O=C1OCC2C3CC(c4ccccc4)c4cc5c(cc4CC3C12)OCO5
O=C1OCC2C3CC(c4ccccc4)c4cc5c(cc4CC3C12)OCO5
O=C1OCC2C1C1Cc3cc4c(cc3C(c3ccccc3)C21)OCO4
O=C1OCC2CC(c3ccccc3)c3cc4c(cc3CCC12)OCO4
O=C1OCC2CC(c3ccccc3)c3cc4c(cc3CCC12)OCO4
O=C1OCC2CC(c3ccccc3)c3cc4c(cc3CCC12)OCO4
O=C1OCC2C1CCc1cc3c(cc1C2c1ccccc1)OCO3
O=C1OCC2C1CCc1cc3c(cc1C2c1ccccc1)OCO3
O=C1OCC2CCc3cc4c(cc3C(c3ccccc3)C12)OCO4
O=C1OCC2CCc3cc4c(cc3C(c3ccccc3)C12)OCO4
O=C1OCC2CCc3cc4c(cc3C(c3ccccc3)C12)OCO4
O=C1OCC2Cc3cc4c(cc3C(c3ccccc3)C12)OCO4
O=C1OCc2cc(NC(=O)C(CCc3ccccc3)CCc3ccccc3)ccc21
O=C1OCc2cc(NC(=O)C(CCc3ccccc3)CC3Cc4ccccc43)ccc21
O=C1Oc2cc(NC(=O)C(CCc3ccccc3)CC3Cc4ccccc43)ccc21
O=C1Oc2cc(NC(=O)C(CCc3ccccc3)CC3Cc4ccccc43)ccc21
O=C(Nc1ccc2c(c1)OC2=O)NC(CCc1ccccc1)CC1Cc2ccccc21
O=C(NC(CCc1ccccc1)CC1Cc2ccccc21)c1cccc2c1OC2=O
O=C(NC(CCc1ccccc1)CC1c2ccccc21)c1cccc2c1OC2=O
O=C(NCC(CCc1ccccc1)CC1c2ccccc21)c1cccc2c1OC2=O
O=C(NCC(CCc1ccccc1)CC1c2ccccc21)c1cccc2c1OC2=O
O=C(NCC(Cc1ccccc1)CC1c2ccccc21)c1cccc2c1OC2=O
O=C(NCC(Cc1ccccc1)CC1c2ccccc21)c1cccc2c1OC2
O=C(NCC(Cc1ccccc1)CC1c2ccccc21)c1cccc2c1OC2
O=C(NCC(Cc1ccccc1)CC1c2ccccc21)c1cccc2c1OC2
O=C(NCC(Cc1ccccc1)CC1Cc2ccccc21)c1cccc2c1OC2
O=C(NCC(CNc1ccccc1)CC1Cc2ccccc21)c1cccc2c1OC2
O=C(NCC(CNc1ccccc1)CC1Cc2ccccc21)c1cccc2c1O2
O=C(NCC(CNc1ccccc1)CC1CCc2ccccc21)c1cccc2c1O2
O=C(NCC(CNc1ccccc1)CC1CCc2ccccc21)c1ccccc1
O=C(NCC(CNc1ccccc1)CC1CCCc2ccccc21)c1ccccc1
O=C(NCC(CNc1ccccc1)CC1CCCc2ccccc21)c1ccccc1
O=C(NCC(CNc1ccccc1)CC1CCCc2ccccc21)c1ccccc1
O=C(NCC(CNc1ccccc1)CC1(c2ccccc2)CCC1)c1ccccc1
O=C(NCC(CNc1ccccc1)CC1(c2ccccc2)CCC1)c1ccccc1
O=C(NCC(CNc1ccccc1)CC1(c2ccccc2)CCC1)c1ccccc1
O=C(NCC(CNc1ccccc1)CC1(c2ccccc2)CCC1)c1ccccc1
O=C(NCC(CNc1ccccc1)CC1(c2ccccc2)CC1)c1ccccc1
O=C(NCC(CNc1ccccc1)CC1(c2ccccc2)CC1)c1cccnc1
O=C(NCC(CNc1ccccc1)CC1(c2ccccc2)CCC1)c1cccnc1
O=C(NCC(CNc1ccccc1)CC1(c2ccccc2)CCC1)c1cccnc1
O=C(NCC(CCNc1ccccc1)CC1(c2ccccc2)CCC1)c1cccnc1
O=C(NCC(CCNc1ccccc1)CC1(c2ccccc2)CCC1)c1cccnc1
O=C(NCC(CCNc1ccccc1)CC1(c2ccccc2)CCC1)c1cccnc1
O=C(NCC(CCNc1ccccc1)CC1(c2ccccc2)CCC1)c1cccnc1
O=C(NCC(CCNc1ccccc1)CC1(c2ccccc2)CCC1)c1cn[nH]c1
O=C(NCC(CCNc1ccccc1)CC1(c2ccccc2)CCC1)c1cn[nH]c1
O=C(NCC(CCNc1ccccc1)CC1(c2ccccc2)CCC1)c1cn[nH]c1
O=C(NCCCC1(c2ccccc2)CCC1)c1cnn(Cc2ccccc2)c1
O=C(NCCCC1(c2ccccc2)CCC1)c1cnn(-c2ccccc2)c1
O=C(NCCCC1(c2ccccc2)CCC1)c1cnn(-c2ccccc2)c1
O=C(NCCCC1(c2ccccc2)CCC1)c1cnn(-c2ccccc2)c1
O=C(NCCCC1(c2ccccc2)CCC1)c1cnn(-c2ccccc2)c1
O=C(NCCCC1(c2ccccc2)CCC1)c1cnn(-c2ccccc2)c1
O=C(NCCCC1(c2ccccc2)CCC1)c1cnn(-c2ccccc2)c1
O=C(NCCCC1(c2ccccc2)CCC1)c1cnn(-c2ccccc2)c1
O=C(NCCCC1(c2ccccc2)CCC1)c1cnn(-c2ccccc2)c1
O=C(NCCCC1(c2ccccc2)CCC1)c1cnn(-c2ccccc2)c1
O=C1OCc2cc(NC(=O)C(CCc3ccccc3)CCc3ccccc3)ccc21
C=C1C=C(C(CCc2ccccc2)C(=O)Nc2ccc3c(c2)COC3=O)C1
C=C1C=C(C(CCc2ccccc2)C(=O)Nc2ccc3c(c2)COC3=O)C1
C=C1C=C(C(CCc2ccccc2)C(=O)Nc2ccc3c(c2)COC3=O)C1
C=C1C=C(c2ccc(CCCC(=O)Nc3ccc4c(c3)COC4=O)cc2)C1
C=C1C=C(c2ccc(CCCC(=O)Nc3ccc4c(c3)COC4=O)cc2)CN1
C=C1C=C(c2ccc(CCC(=O)Nc3ccc4c(c3)COC4=O)cc2)CN1
C=C1C=C(c2ccc(CCC(=O)Nc3ccc4c(c3)COC4=O)cc2)CN1
C=C1C=C(c2ccc(NCC(=O)Nc3ccc4c(c3)COC4=O)cc2)CN1
C=C1C=C(c2ccc(NC(=O)Nc3ccc4c(c3)COC4=O)cc2)CN1
C=C1C=C(c2ccc(NC(=O)Nc3ccc4c(c3)COC4=O)cc2)CN1
C=C1C=C(c2ccc(NC(=O)Nc3ccc4c(c3)COC4=O)cc2)CN1
C=C1C=C(c2ccc(NC(=O)Nc3ccc4c(c3)C(=O)OC4)cc2)CN1
C=C1C=C(c2ccc(NC(=O)Nc3ccc4c(c3)C(=O)O4)cc2)CN1
C=C1C=C(c2ccc(NC(=O)Nc3ccc4c(c3)C(=O)O4)cc2)CN1
C=C1C=C(c2ccc(NC(=O)Nc3ccccc3)cc2)CN1
C=C1C=C(c2ccc(NC(=O)Nc3ccccc3)cc2)CN1
C=C1C=C(c2ccc(NC(=O)Nc3ccccc3)cc2)CN1
C=C1C=C(c2ccc(NC(=O)Nc3ccccc3)cc2)CN1
C=C1C=C(c2ccc(NC(=O)Nc3ccccc3)cc2)CN1
C=C1C=C(c2ccc(NC(=O)Nc3ccccc3)cc2)CN1
C=C1C=C(c2ccc(NC(=O)Nc3ccccc3)cc2)CN1
C=C1C=C(c2ccc(NC(=O)Nc3ccccc3)cc2)CN1
C=C1CC=C(c2ccc(NC(=O)Nc3ccccc3)cc2)CN1
C=C1CC=C(c2ccc(NC(=O)NCc3ccccc3)cc2)CN1
C=C1CC=C(c2ccc(NC(=O)NCc3ccccc3)cc2)CN1
C=C1NCC(c2ccc(NC(=O)NCc3ccccc3)cc2)=CC1=N
C=C1C=C(c2ccc(NC(=O)NCc3ccccc3)cc2)CNC1=C
C=C1C=C(c2ccc(NC(=O)NCc3ccccc3)cc2)CNC1=C
O=C(NCc1ccccc1)Nc1ccc(C2=CC3=CC=C3NC2)cc1
O=C(NCc1ccccc1)Nc1ccc(C2=CC3=CC=C3NC2)cc1
O=C(Nc1ccccc1)Nc1ccc(C2=CC3=CC=C3NC2)cc1
O=C(Nc1ccccc1)Nc1ccc(C2=CC3=CC=C3NC2)cc1
O=C(Nc1ccccc1)Nc1ccc(C2=CC3=CC=C3NC2)cc1
O=C(Nc1ccccc1)Nc1ccc(C2=CC3=CC=C3NC2)cc1
O=C(Nc1ccccc1)Nc1ccc(C2=CC3=CC=C3NC2)cc1
O=C(Cc1ccc(C2=CC3=CC=C3NC2)cc1)Nc1ccccc1
O=C(Cc1ccc(C2=CC3=CC=C3NC2)cc1)Nc1ccccc1
O=C(Cc1ccc(C2=CC3=CC=C3NC2)cc1)Nc1ccccc1
O=C(Cc1ccc(C2=CC3=CC=C3NC2)cc1)Nc1ccccc1
O=C(Cc1ccc(C2=CC3=CC=C3NC2)cc1)NCc1ccccc1
O=C(Cc1ccc(C2=CC3=CC=C3NC2)cc1)NCc1ccccc1
O=C(Cc1ccc(C2=CC3=CC=C3NC2)cc1)Nc1ccccc1
O=C(Cc1ccc(C2=CC3=CC=C3NC2)cc1)Nc1ccccc1
O=C(Cc1ccc(C2=CC3=CC=C3NC2)cc1)Nc1ccccc1
O=C(Cc1ccc(C2=CC3=CC=C3NC2)cc1)Nc1ccccc1
O=C(Cc1ccc(C2=CC3=CC=C3NC2)cc1)Nc1ccccc1
O=C(CCc1ccc(C2=CC3=CC=C3NC2)cc1)Nc1ccccc1
O=C(CCc1ccc(C2=CC3=CC=C3NC2)cc1)Nc1ccccc1
O=C(CCc1ccc(C2=CC3=CC=C3NC2)cc1)NCc1ccccc1
O=C(Cc1ccc(C2=CC3=CC=C3NC2)cc1)NCc1ccccc1
O=C(CNCc1ccccc1)c1ccc(C2=CC3=CC=C3NC2)cc1
O=C(NCc1ccccc1)c1ccc(C2=CC3=CC=C3NC2)cc1
O=C(OCc1ccccc1)c1ccc(C2=CC3=CC=C3NC2)cc1
O=C(COCc1ccccc1)c1ccc(C2=CC3=CC=C3NC2)cc1
O=C(COCc1ccccc1)Cc1ccc(C2=CC3=CC=C3NC2)cc1
O=C(COc1ccccc1)Cc1ccc(C2=CC3=CC=C3NC2)cc1
O=C(COc1ccccc1)Cc1ccc(C2=CC3=CC=C3NC2)cc1
O=C(COc1ccccc1)c1ccc(C2=CC3=CC=C3NC2)cc1
O=C(COc1ccccc1)c1ccc(C2=CC3=CC=C3NC2)cc1
O=C(COc1ccccc1)c1ccc(C2=CC3=CC=C3NC2)cc1
O=C(COc1ccccc1)c1ccc(C2=CC3=CC=C3NC2)cc1
O=C(COc1ccccc1)c1ccc(C2=CC3=CC=C3NC2)cc1
O=C(COc1ccccc1)c1ccc(C2=CC3=CC=C3NC2)cc1
O=C(Oc1ccccc1)c1ccc(C2=CC3=CC=C3NC2)cc1
O=C(Oc1ccccc1)c1ccc(C2=CC3=CC=C3NC2)cc1
O=C(Oc1ccccc1)c1ccc(C2=CC3=CC=C3NC2)cc1
O=C(Oc1ccccc1)c1ccc(C2=CC3=CC=C3NC2)cc1
O=C(Cc1ccc(C2=CC3=CC=C3NC2)cc1)Oc1ccccc1
O=C(Nc1ccc(C2=CC3=CC=C3NC2)cc1)Oc1ccccc1
O=C(Nc1ccc(C2=CC3=CC=C3NC2)cc1)Oc1ccccc1
O=C(Nc1ccc(C2=CC3=CC=C3NC2)cc1)Oc1ccccc1
O=C(Nc1ccc(C2=CC3=CC=C3NC2)cc1)Oc1ccccc1
C1=C2NCC(c3ccccc3)=CC2=C1c1ccccc1
C1=CC2=C1C=C(c1ccccc1)CNc1ccccc12
C1=CC2=C1C=C(c1ccccc1)CNc1ccccc12
C1=Cc2ccccc2NCC(c2ccccc2)=C1
C1=Cc2ccccc2NCC(c2ccccc2)=C1
C1=Cc2ccccc2NCC(c2ccccc2)=C1
O=C1CN1c1ccc(C2=CC=Cc3ccccc3NC2)cc1
O=C1CN1c1ccc(C2=CCc3ccccc3NC2)cc1
O=C1CN1Cc1ccc(C2=CCc3ccccc3NC2)cc1
O=C1CN1Cc1ccc(C2=CCc3ccccc3NC2)cc1
O=C1CN1c1ccc(C2=CCc3ccccc3NC2)cc1
O=C1CN1c1ccc(C2=CCc3ccccc3NC2)cc1
O=C1CN1c1ccc(-c2ccc3c(c2)CC=CCN3)cc1
C1=CCc2cc(-c3ccccc3)ccc2NC1
C1=CCc2cc(-c3ccccc3)ccc2NC1
C1=CCc2cc(-c3ccccc3)ccc2NC1
C1=CCc2cc(-c3ccccc3)ccc2NC1
C1=CCc2cc(-c3ccccc3)ccc2NC1
C1=CCc2cc(-c3ccccc3)ccc2NC1
C1=CCc2cc(-c3ccccc3)ccc2NC1
c1ccc(-c2ccc3c(c2)CC2=C(CN3)C2)cc1
c1ccc(-c2ccc3c(c2)CC2=C(CN3)C2)cc1
c1ccc(-c2ccc3c(c2)CC2=C(CN3)C2)cc1
c1ccc(-c2ccc3c(c2)CC2=C(CN3)C2)cc1
O=c1c2c1Cc1cc(-c3ccccc3)ccc1NC2
O=c1c2c1Cc1cc(-c3ccccc3)ccc1NC2
O=c1c2c1Cc1cc(-c3ccccc3)ccc1NC2
O=c1c2c1Cc1cc(-c3ccccc3)ccc1NC2
O=c1c2c1Cc1cc(-c3ccccc3)ccc1NC2
O=c1c2c1Cc1cc(-c3ccccc3)ccc1NC2
O=c1c2c1Cc1cc(-c3ccccc3)ccc1NC2
O=c1c2c1Cc1cc(-c3ccccc3)ccc1NC2
O=c1c2c1Cc1cc(-c3ccccc3)ccc1NC2
O=c1c2c1Cc1cc(-c3ccccc3)ccc1NC2
O=C1CC2=C1Cc1cc(-c3ccccc3)ccc1NC2
O=C1CC2=C1Cc1cc(-c3ccccc3)ccc1NC2
O=c1c2c1Cc1cc(-c3ccccc3)ccc1NC2
O=c1c2c1Cc1cc(-c3ccccc3)ccc1NC2
C1=CCc2cc(-c3ccccc3)ccc2NC1
C=C1Cc2cc(-c3ccccc3)ccc2NCC1=O
O=C1CCc2cc(-c3ccccc3)ccc2NC1
O=C1CNc2ccc(-c3ccccc3)cc2C1
O=C1CNc2ccc(-c3ccccn3)cc2C1
O=C1CNc2ccc(-c3ccccn3)cc2C1
O=C1CNc2ccc(-c3ccccn3)cc2C1
O=C1CNc2ccc(-c3ccccn3)cc2C1
O=C1CNc2ccc(-c3ccccn3)cc2C1
O=C1CNc2ccc(-c3ccncc3)cc2C1
O=C1CNc2ccc(-c3ccncc3)cc2C1
O=C1CNc2ccc(-c3cc4ncc3-4)cc2C1
O=C1CNc2ccc(C3=CC=C3)cc2C1
O=C1CNc2ccc(-c3cccs3)cc2C1
O=C1CNc2ccc(-c3cccs3)cc2C1
O=C1CNc2ccc(-c3cccs3)cc2C1
O=C1OCc2cc(NC(=O)C(CCc3ccccc3)CCc3ccccc3)ccc21
O=C1OCc2cc(NCC(CCc3ccccc3)CCc3ccccc3)ccc21
O=C1OCc2c1ccc(NCCCCc1ccccc1)c2-c1ccccc1
O=C1OCc2c1ccc(NCCCCc1ccccc1)c2-c1ccccc1
O=C1OCc2c1ccc(NCCCC1CCc3ccccc31)c2-c1ccccc1
c1ccc(-c2ccccc2NCCCC2CCc3ccccc32)cc1
c1ccc(-c2ccccc2NCCCC2CCc3ccccc32)cc1
c1ccc(-c2ccccc2NCCCC2CCCc3ccccc32)cc1
c1ccc(-c2ccccc2NCCCC2CCCc3ccccc32)cc1
c1ccc(-c2ccccc2NCCCC2CCCc3ccccc32)cc1
c1ccc(-c2ccccc2NCCCC2CCCc3ccccc32)cc1
c1ccc(-c2ccccc2NCCCC2CCCc3ccccc32)cc1
c1ccc(-c2ccccc2NCCCC2CCCc3ccccc32)nc1
c1ccc(-c2ccccc2NCCCC2CCCc3ccccc32)nc1
c1ccc(-c2ccccc2NCCCC2CCCc3ccccc32)nc1
c1ccc(-c2ccccc2NCCCC2CCCc3ccccc32)nc1
c1ccc(-c2ccccc2NCCCC2CCCc3ccccc32)nc1
c1ccc(-c2ccccc2NCCCC2CCCc3ccccc32)nc1
c1ccc(-c2ccccc2NCCCC2CCCc3ccccc32)nc1
c1ccc(-c2ccccc2NCCCC2CCCc3ccccc32)nc1
c1ccc(-c2ccccc2NCCCC2CCCc3ccccc32)nc1
c1ccc(-c2ccccc2NCCCC2CCCc3ccccc32)nc1
c1ccc(-c2ccccc2NCCCC2CCCc3ccccc32)nc1
c1ccc(-c2ccccc2NCCCC2CCCc3ccccc32)nc1
c1ccc(-c2ccccc2NCCCC2CCCc3ccccc32)nc1
c1ccc(-c2ccccc2NCCCC2CCCCc3ccccc32)nc1
c1ccc(-c2ccccc2NCCCC2CCCCc3ccccc32)nc1
c1ccc(-c2ccccc2NCCCC2CCCCCc3ccccc32)nc1
c1ccc(-c2ccccc2NCCCC2CCCCCc3ccccc32)nc1
c1ccc(-c2ccccc2NCCCC2CCCCCc3ccccc32)nc1
c1ccc(-c2ccccc2NCCCC2CCCCc3ccccc32)nc1
c1ccc(-c2ccccc2NCCCC2CCCCc3ccccc32)nc1
c1ccc(-c2ccccc2NCCCC2CCCCc3ccccc32)nc1
c1ccc(-c2ccccc2NCCCC2CCCCc3ccccc32)nc1
c1ccc(-c2ccccc2NCCCC2CCCCc3ccccc32)nc1
c1ccc(-c2ccccc2NCCCC2CCCc3ccccc32)nc1
c1ccc(-c2ccccc2NCCCC2CCCc3ccccc32)nc1
c1ccc(-c2ccccc2NCCCC2CCCc3ccccc32)nc1
c1ccc(-c2ccccc2NCC(CCOC2CC2)CC2CCCc3ccccc32)nc1
c1ccc(-c2ccccc2NCC(CCOC2CC2)CC2CCCCc3ccccc32)nc1
c1ccc(-c2ccccc2NCCCC2CCCCc3ccccc32)nc1
c1ccc(-c2ccccc2NCCCC2CCCCc3ccccc32)nc1
c1ccc(-c2ccccc2NCCCC2CCCCc3ccccc32)nc1
c1ccc(-c2ccccc2NCCCC2CCCc3ccccc32)nc1
c1ccc(-c2ccccc2NCCCC2CCCc3ccccc32)nc1
c1ccc(-c2ccccc2NCCCC2CCCc3ccccc32)nc1
c1ccc(-c2ccccc2NCCCC2CCCc3ccccc32)nc1
c1ccc(-c2ccccc2NCCCC2CCCc3ccccc32)nc1
c1ccc(-c2ccccc2NCCCC2CCCc3ccccc32)nc1
c1ccc(-c2ccccc2NCCCC2CCCc3ccccc32)nc1
c1ccc(-c2ccccc2NCCCC2CCCc3ccccc32)nc1
c1ccc(-c2ccccc2NCCCC2CCCc3ccccc32)nc1
c1ccc(-c2ccccc2NCCCC2CCCc3ccccc32)nc1
c1ccc(-c2ccccc2NCCCC2CCCCc3ccccc32)nc1
c1ccc(-c2ccccc2NCCCC2CCCCc3ccccc32)nc1
c1ccc(-c2ccccc2NCCCC2CCCCc3ccccc32)nc1
c1ccc(-c2ccccc2NCCCC2CCCCc3ccccc32)nc1
c1ccc(-c2ccccc2NCCCC2CCCCc3ccccc32)nc1
c1ccc(-c2ccccc2NCCCC2CCCCc3ccccc32)nc1
c1ccc(-c2ccccc2NCCCC2CCCCc3ccccc32)nc1
c1ccc(-c2ccccc2NCCCC2CCCCc3ccccc32)nc1
c1ccc(-c2ccccc2NCCCC2CCCCc3ccccc32)nc1
c1ccc(-c2ccccc2NCCCC2CCCCc3ccccc32)nc1
c1ccc(-c2ccccc2NCCCC2CCCCCc3ccccc32)nc1
c1ccc(-c2ccccc2NCCCC2CCCCCc3ccccc32)nc1
c1ccc(-c2ccccc2NCCCC2CCCCCc3ccccc32)nc1
c1ccc(-c2ccccc2NCCCC2CCCCCc3ccccc32)nc1
c1ccc(-c2ccccc2NCCCC2CCCCc3ccccc32)nc1
c1ccc(-c2ccccc2NCCCC2CCCCc3ccccc32)nc1
c1ccc(-c2ccccc2NCCCC2CCCCCc3ccccc32)nc1
c1ccc(-c2ccccc2NCCCC2CCCCCc3ccccc32)nc1
c1ccc(-c2ccccc2NCCCC2CCCCCc3ccccc32)nc1
c1ccc(-c2ccccc2NCCCC2CCCCCc3ccccc32)nc1
c1ccc(-c2ccccc2NCCCC2CCCCc3ccccc32)nc1
c1ccc(-c2ccccc2NCCCC2CCCCc3ccccc32)nc1
c1ccc(-c2ccccc2NCCCC2CCCCc3ccccc32)nc1
c1ccc(-c2ccccc2NCCCC2CCCCc3ccccc32)nc1
c1ccc(-c2ccccc2NCCCC2CCCCc3ccccc32)nc1
c1ccc(-c2ccccc2NCCCC2CCCCCc3ccccc32)nc1
c1ccc(-c2ccccc2NCCCC2CCCCCc3ccccc32)nc1
c1ccc(-c2ccccc2NCCCC2CCCCc3ccccc32)nc1
c1ccc(-c2ccccc2NCCCC2CCCc3ccccc32)nc1
c1ccc(-c2ccccc2NCCCC2CCCc3ccccc32)nc1
c1ccc(-c2ccccc2NCCCC2CCCCc3ccccc32)nc1
c1ccc(-c2ccccc2NCCCC2CCCCc3ccccc32)nc1
c1ccc(-c2ccccc2NCCCC2CCCCc3ccccc32)nc1
c1ccc(-c2ccccc2NCCCC2CCCCc3ccccc32)nc1
c1ccc(-c2ccccc2NCCCC2CCCCc3ccccc32)nc1
c1ccc(-c2ccccc2NCCCC2CCCCc3ccccc32)nc1
c1ccc(-c2ccccc2NCCCC2CCCCc3ccccc32)nc1
c1ccc(-c2ccccc2NCCCC2CCCCc3ccccc32)nc1
c1ccc(-c2ccccc2NCCCC2CCCCc3ccccc32)nc1
c1ccc(-c2ccccc2NCCCC2CCCCc3ccccc32)nc1
c1ccc(-c2ccccc2NCCCC2CCCCc3ccccc32)nc1
c1ccc(-c2ccccc2NCCCC2CCCCc3ccccc32)nc1
c1ccc(-c2ccccc2NCCCC2CCCc3ccccc32)nc1
c1ccc(-c2ccccc2NCCCC2CCCc3ccccc32)nc1
c1ccc(-c2ccccc2NCCCC2CCCc3ccccc32)nc1
c1ccc(-c2ccccc2NCCCC2CCCc3ccccc32)nc1
c1ccc(-c2ccccc2NCCCC2CCCc3ccccc32)nc1
c1ccc(-c2ccccc2NCCCC2CCCc3ccccc32)nc1
c1ccc(-c2ccccc2NCCCC2CCCc3ccccc32)nc1
c1ccc(-c2ccccc2NCCCC2CCCc3ccccc32)nc1
c1ccc(-c2ccccc2NCCCC2CCCc3ccccc32)nc1
c1ccc(-c2ccccc2NCCCC2CCCc3ccccc32)nc1
c1ccc(-c2ccccc2NCCCC2CCCc3ccccc32)nc1
c1ccc(-c2ccccc2NCCCC2CCCCc3ccccc32)nc1
c1ccc(-c2ccccc2NCCCC2CCCCc3ccccc32)nc1
c1ccc(-c2ccccc2NCCCC2CCCCc3ccccc32)nc1
c1ccc(-c2ccccc2NCCCC2CCCCc3ccccc32)nc1
c1ccc(-c2ccccc2NCCCC2CCCc3ccccc32)nc1
c1ccc(-c2ccccc2NCCCC2CCCc3ccccc32)nc1
c1ccc(-c2ccccc2NCCCC2CCCc3ccccc32)nc1
c1ccc(-c2ccccc2NCCCC2CCCc3ccccc32)nc1
c1ccc(-c2ccccc2NCCCC2CCCc3ccccc32)nc1
c1ccc(-c2ccccc2NCCCC2CCCc3ccccc32)nc1
c1ccc(-c2ccccc2NCCCC2CCCc3ccccc32)nc1
c1ccc(-c2ccccc2NCCCC2CCCc3ccccc32)nc1
c1ccc(-c2ccccc2NCCCC2CCCCc3ccccc32)nc1
c1ccc(-c2ccccc2NCCCC2CCCCc3ccccc32)nc1
c1ccc(-c2ccccc2NCCCC2CCCCc3ccccc32)nc1
c1ccc(-c2ccccc2NCCCC2CCCCCc3ccccc32)nc1
c1ccc(-c2ccccc2NCCCC2CCCCCc3ccccc32)nc1
c1ccc(-c2ccccc2NCCCC2CCCCc3ccccc32)nc1
c1ccc(-c2ccccc2NCCCC2CCCCc3ccccc32)nc1
c1ccc(-c2ccccc2NCCCC2CCCc3ccccc32)nc1
c1ccc(-c2ccccc2NCCCC2CCCc3ccccc32)nc1
c1ccc(-c2ccccc2NCCCC2CCCc3ccccc32)nc1
c1ccc(-c2ccccc2NCCCC2CCCc3ccccc32)nc1
c1ccc(-c2ccccc2NCCCC2CCCCc3ccccc32)nc1
c1ccc2c(c1)CCCCC2CCCNc1ccccc1-c1cc(CN2CC2)ccn1
c1ccc2c(c1)CCCC2CCCNc1ccccc1-c1cc(CN2CC2)ccn1
c1ccc(-c2ccccc2NCCCC2CCCc3cccc(CN4CC4)c32)nc1
c1ccc(-c2ccccc2NCCCC2CCCc3cccc(CN4CC4)c32)nc1
c1ccc(-c2ccccc2NCCCC2CCCc3ccccc32)nc1
c1ccc(-c2ccccc2NCCCC2CCCc3ccccc32)nc1
c1ccc(-c2ccccc2NCCCC2CCCc3ccccc32)nc1
c1ccc(-c2ccccc2NCCCC2CCCc3ccccc32)nc1
c1ccc(-c2ccccc2NCCCC2CCCc3ccccc32)nc1
c1ccc(-c2ccccc2NCCCC2CCCc3ccccc32)nc1
c1ccc(-c2ccccc2NCCCC2CCCc3ccccc32)nc1
c1ccc(-c2ccccc2NCCCC2CCCc3ccccc32)nc1
c1ccc(-c2ccccc2NCCCC2CCCc3ccccc32)nc1
c1ccc(-c2ccccc2NCCCC2CCCc3ccccc32)nc1
c1ccc(-c2ccccc2NCCCC2CCCc3ccccc32)nc1
c1ccc(-c2ccccc2NCCCC2CCCc3ccccc32)nc1
c1ccc(-c2ccccc2NCCCC2CCCc3ccccc32)nc1
c1ccc(-c2ccccc2NCCCC2CCCc3ccccc32)nc1
c1ccc(-c2ccccc2NCCCC2CCCc3ccccc32)nc1
c1ccc(-c2ccccc2NCCCC2CCCc3ccccc32)nc1
c1ccc(-c2ccccc2NCCCC2CCCc3ccccc32)nc1
c1ccc(-c2ccccc2NCCCC2CCCc3ccccc32)nc1
c1ccc(-c2ccccc2NCCCC2CCCc3ccccc32)nc1
c1ccc(-c2ccccc2NCCCC2CCCc3ccccc32)nc1
c1ccc(-c2ccccc2NCCCC2CCCc3cc4c(cc32)CNC4)nc1
c1ccc(-c2ccccc2NCCCC2CCCc3ccccc32)nc1
c1ccc(-c2ccccc2NCCCC2CCCc3ccccc32)nc1
c1ccc(-c2ccccc2NCCCC2CCCc3ccccc32)nc1
c1ccc(-c2ccccc2NCCCC2CCCc3ccccc32)nc1
c1ccc(-c2ccccc2NCCCC2CCCc3ccccc32)nc1
c1ccc(-c2ccccc2NCCCC2CCCc3ccccc32)nc1
c1ccc(-c2ccccc2NCCCC2CCCc3ccccc32)nc1
c1ccc(-c2ccccc2NCCCC2CCCc3ccccc32)nc1
c1ccc(-c2ccccc2NCCCC2CCCc3ccccc32)nc1
c1ccc(-c2ccccc2NCCCC2CCCc3ccccc32)nc1
c1ccc(-c2ccccc2NCCCC2CCCc3ccccc32)nc1
c1ccc(-c2ccccc2NCCCC2CCCc3ccccc32)nc1
c1ccc(-c2ccccc2NCCCC2CCCCc3ccccc32)nc1
c1ccc(-c2ccccc2NCCCC2CCCCc3ccccc32)nc1
c1ccc(-c2ccccc2NCCCC2CCCCc3ccccc32)nc1
c1ccc(-c2ccccc2NCCCC2CCCCc3ccccc32)nc1
c1ccc(-c2ccccc2NCCCC2CCCCc3ccccc32)nc1
c1ccc(-c2ccccc2NCCCC2CCCCc3ccccc32)nc1
c1ccc(-c2ccccc2NCCCC2CCCCc3ccccc32)nc1
c1ccc(-c2ccccc2NCCCC2CCCCc3ccccc32)nc1
c1ccc(-c2ccccc2NCCCC2CCCCc3ccccc32)nc1
c1ccc(-c2ccccc2NCCCC2CCCCCc3ccccc32)nc1
c1ccc(-c2ccccc2NCCCC2CCCCCc3ccccc32)nc1
c1ccc(-c2ccccc2NCCCC2CCCCCc3ccccc32)nc1
c1ccc(-c2ccccc2NCCCC2CCCCCc3ccccc32)nc1
c1ccc(-c2ccccc2NCCCC2CCCCCc3ccccc32)nc1
c1ccc(-c2ccccc2NCCCC2CCCCCc3ccccc32)nc1
c1ccc(-c2ccccc2NCCCC2CCCCCc3ccccc32)nc1
c1ccc(-c2ccccc2NCCCC2CCCCCc3ccccc32)nc1
c1ccc(-c2ccccc2NCCCC2CCCCCc3ccccc32)nc1
c1ccc(-c2ccccc2NCCCC2CCCCCc3ccccc32)nc1
c1ccc(-c2ccccc2NCCCC2CCCCc3ccccc32)nc1
c1ccc(-c2ccccc2NCCCC2CCCCc3ccccc32)nc1
c1ccc(-c2ccccc2NCCCC2CCCCc3ccccc32)nc1
c1ccc(-c2ccccc2NCCCC2CCCCc3ccccc32)nc1
c1ccc(-c2ccccc2NCCCC2CCCCc3ccccc32)nc1
c1ccc(-c2ccccc2NCCCC2CCCc3ccccc32)nc1
c1cncc(Cc2ccccc2NCCCC2CCCc3ccccc32)c1
c1cncc(-c2ccccc2NCCCC2CCCc3ccccc32)c1
c1cncc(-c2ccccc2NCCCC2CCCCc3ccccc32)c1
c1cncc(-c2ccccc2NCCCC2CCCCc3ccccc32)c1
c1cncc(-c2ccccc2NCCCC2CCCCc3ccccc32)c1
c1cncc(-c2ccccc2NCCCC2CCCCc3ccccc32)c1
c1cncc(-c2ccccc2NCCCC2CCCCc3ccccc32)c1
c1cncc(-c2ccccc2NCCCC2CCCc3ccccc32)c1
c1cncc(-c2ccccc2NCCCC2CCCc3ccccc32)c1
c1cncc(-c2ccccc2NCCCC2CCCc3ccccc32)c1
c1cncc(-c2ccccc2NCCCC2CCCc3ccccc32)c1
c1cncc(-c2ccccc2NCCCC2CCCc3ccccc32)c1
c1cncc(-c2ccccc2NCCCC2CCCc3ccccc32)c1
c1cncc(-c2ccccc2NCCCC2CCCc3ccccc32)c1
c1cncc(-c2ccccc2NCCCC2CCCc3ccccc32)c1
c1cncc(-c2ccccc2NCCCC2CCCc3ccccc32)c1
C=C(NCCCC1CCCc2ccccc21)c1cccc2ncccc12
C=C(NCCCC1CCCc2ccccc21)c1cccc2ncccc12
c1ccc2c(c1)CCCC2CCCNCc1cccc2ncccc12
c1ccc2c(c1)CCCC2CCCNc1cccc2ncccc12
O=C(CCC1CCCCc2ccccc21)Nc1ccc2c(=O)oncc2c1
O=C(CC1CCc2ccccc2C1)Nc1ccc2c(=O)oncc2c1
O=C(CC1CCc2ccccc2C1)Nc1ccc2c(=O)oncc2c1
O=C(CC1CCc2ccccc2C1)Nc1ccc2c(=O)oncc2c1
O=C(CC1Cc2ccccc2C1)Nc1ccc2c(=O)oncc2c1
O=C(Nc1ccc2c(=O)oncc2c1)OCC1Cc2ccccc2C1
O=C(Nc1ccc2c(=O)oncc2c1)OCC1Cc2ccccc2C1
O=C(Nc1ccc2c(=O)oncc2c1)OC1CCC2c3ccccc3CC12
O=C(Nc1ccc2c(=O)oncc2c1)OC1CCC2c3ccccc3CC12
O=C(Nc1ccc2c(=O)oncc2c1)OCC1Cc2ccccc2C1
O=C(Nc1ccc2c(=O)oncc2c1)OC1Cc2ccccc2C1
O=C(Nc1ccc2c(c1)C=NOC2)OC1Cc2ccccc2C1
O=C(Nc1ccc2c(c1)C=NOC2)OC1Cc2ccccc2C1
O=C(Nc1ccc2c(c1)C=NONC2)OC1Cc2ccccc2C1
O=C(Nc1ccc2c(c1)C=NON2)OC1Cc2ccccc2C1
O=C(Nc1ccc2c(c1)C=NON2)OC1Cc2ccccc2C1
O=C(Nc1ccc2c(c1)C=NON2)OC1CNc2ccccc2C1
O=C(Nc1ccc2c(c1)C=NON2)OC1CNc2ccccc2C1
O=C(Nc1ccc2c(c1)C=NON2)OC1CNc2ccccc2C1
O=C(Nc1ccc2c(c1)C=NON2)OC1CNc2ccccc2C1
O=C(Nc1ccccc1)OC1CNc2ccccc2C1
O=C(Nc1ccccc1)OC1CNc2ccccc2C1
O=C(Nc1ccccc1)OC1CNc2ccccc2C1
O=C(Nc1ccccc1)OC1CNc2ccccc2C1
O=C(Nc1ccccc1)OC1CNc2ccccc2C1
O=C(Nc1ccccc1)OC1CNc2ccccc2C1
O=C(Nc1ccccc1)OC1CNc2ccccc2C1
O=C(Nc1ccccc1)OC1CNc2ccccc2C1
O=C(Nc1ccccc1)OC1CNc2ccccc2C1
O=C(Nc1ccccc1)OC1CNc2ccccc2C1
O=C(Nc1ccccc1)OC1CNc2ccccc2C1
O=C(Nc1ccccc1)OC1CNc2ccccc2C1
O=C(Nc1ccccc1)OC1CNc2ccccc2C1
O=C(Nc1ccccc1)OC1CNc2ccccc2C1
O=C(Nc1ccccc1)OC1CNc2ccccc2C1
O=C(Nc1ccccc1)OC1CNc2ccccc2C1
O=C(Nc1ccccc1)OC1CNc2ccccc2C1
O=C(Nc1ccccc1)OC1CNc2ccccc2C1
O=C(Nc1ccccc1)OC1CNc2ccccc2C1
O=C(Nc1ccccc1)OC1CNc2ccccc2C1
O=C(Nc1ccccc1)OC1CNc2ccccc2C1
O=C(Nc1ccccc1)OC1CNc2ccccc2C1
O=C(Nc1ccccc1)OC1CNc2ccccc2C1
O=C(Nc1ccccc1)OC1CNc2ccc3c(c2C1)C3
O=C(Nc1ccccc1)OC1CNc2ccc3c(c2C1)C3
O=C(Nc1ccccc1)OC1CNc2ccc3c(c2C1)CC3
O=C(Nc1ccccc1)OC1CNc2ccc3c(c2C1)CC3
O=C(Nc1ccccc1)OC1CNc2ccc3c(c2C1)CC3
O=C(Nc1ccccc1)OC1CNc2ccc3c(c2C1)CC3
O=C(Nc1ccccc1)OC1CNc2ccc3c(c2C1)CC3
O=C(Nc1ccccc1)OC1CNc2ccc3c(c2C1)CCC3
O=C(Nc1ccccc1)OC1CNc2ccc3c(c2C1)CC3
O=C(Nc1ccccc1)OC1CNc2ccc3c(c2C1)CC3
O=C(Nc1ccccc1)OC1CNc2ccc3c(c2C1)CCC3
O=C(Nc1ccccc1)OC1CNc2ccc3c(c2C1)CC=C3
O=C(Nc1ccccc1)OC1CNc2ccccc2C1
O=C(Nc1ccccc1)OC1CNc2ccc3c(c2C1)CCC=C3
O=C(Nc1ccccc1)OC1CNc2ccc3c(c2C1)CCC=C3
O=C(Nc1ccccc1)OC1CNc2ccc3c(c2C1)CCC=C3
O=C(Nc1ccccc1)OC1CNc2ccc3ccccc3c2C1
O=C(Nc1ccccc1)OC1CNc2ccc3ccccc3c2C1
O=C(Nc1ccccc1)OC1CNc2ccc3ccccc3c2C1
O=C(Nc1ccccc1)OC1CNc2ccc3ccccc3c2C1
O=C(Nc1ccccc1)OC1CNc2ccc3ccccc3c2C1
O=C(Nc1ccccc1)OC1CNc2ccc3ccccc3c2C1
O=C(Nc1ccccc1)OC1CNc2ccc3ccccc3c2C1
O=C(Nc1ccccc1)OC1CNc2ccc3ccccc3c2C1
O=C(Nc1ccccc1)OC1CNc2ccc3ccccc3c2C1
O=C(Nc1ccccc1)OC1CNc2ccc3ccccc3c2C1
O=C(Nc1ccccc1)OC1CNc2ccc3ccccc3c2C1
O=C(Nc1ccccc1)OC1CNc2ccc3ccccc3c2C1
O=C(Nc1ccccc1)OC1CNc2ccc3ccccc3c2C1
O=C(Nc1ccccc1)OC1CNc2ccc3ccccc3c2C1
O=C(Nc1ccccc1)OC1CNc2ccc3ccccc3c2C1
O=C(Nc1ccccc1)OC1CNc2ccc3ccccc3c2C1
O=C(Nc1ccccc1)OC1CNc2ccc3c(CC4CCC4)cccc3c2C1
O=C(Nc1ccccc1)OC1CNc2ccc3c(CC4CCC4)cccc3c2C1
O=C(Nc1ccccc1)OC1CNc2ccc3c(CCC4CCC4)cccc3c2C1
O=C(Nc1ccccc1)OC1CNc2ccc3c(CC4C5CCC54)cccc3c2C1
O=C(Nc1ccccc1)OC1CNc2ccc3c(CC4CC4)cccc3c2C1
O=C(Nc1ccccc1)OC1CNc2ccc3c(C4CC4)cccc3c2C1
O=C(Nc1ccccc1)OC1CNc2ccc3c(C4CC4)cccc3c2C1
O=C(Nc1ccccc1)OC1CNc2ccc3c(C4CCC4)cccc3c2C1
O=C(Nc1ccccc1)OC1CNc2ccc3ccccc3c2C1
O=C(Nc1ccccc1)OC1CNc2ccc3ccccc3c2C1
O=C(Nc1ccccc1)OC1CNc2ccc3ccccc3c2C1
O=C(Nc1ccccc1)OC1CNc2ccc3c(CC4CCC4)cccc3c2C1
O=C(Nc1ccccc1)OC1CNc2ccc3ccccc3c2C1
O=C(Nc1ccccc1)OC1CNc2ccc3ccccc3c2C1
O=C(Nc1ccccc1)OC1CNc2ccc3ccccc3c2C1
O=C(Nc1ccccc1)OC1CNc2ccc3ccccc3c2C1
O=C(Nc1ccccc1)OC1CNc2ccc3ccccc3c2C1
O=C(Nc1ccccc1)OC1CNc2ccc3ccccc3c2C1
O=C(Nc1ccccc1)OC1CNc2ccc3ccccc3c2C1
O=C(Nc1ccccc1)OC1CNc2ccc3ccccc3c2C1
O=C(Nc1ccccc1)OC1CNc2ccc3ccccc3c2C1
O=C(Nc1ccccc1)OC1CNc2ccc3ccccc3c2C1
O=C(Nc1ccccc1)OC1CNc2ccc3ccccc3c2C1
O=C(Nc1ccccc1)OC1CNc2ccc3ccccc3c2C1
O=C(Nc1ccccc1)OC1CNc2ccc3ccccc3c2C1
O=C(Nc1ccccc1)OC1CNc2ccc3ccccc3c2C1
O=C(Nc1ccccc1)OC1CNc2ccc3ccccc3c2C1
O=C(Nc1ccccc1)OC1CNc2ccc3ccccc3c2C1
O=C(Nc1ccccc1)OC1CNc2ccc3ccccc3c2C1
O=C(Nc1ccccc1)OC1CNc2ccc3ccccc3c2C1
O=C(Nc1ccccc1)OC1CNc2ccc3ccccc3c2C1
O=C(Nc1ccccc1)OC1CNc2ccc3c(CCC4CO4)cccc3c2C1
O=C(Nc1ccccc1)OC1CNc2ccc3c(CCC4CO4)cccc3c2C1
O=C(Nc1ccccc1)OC1CNc2ccc3c(CCC4NO4)cccc3c2C1
O=C(Nc1ccccc1)OC1CNc2ccc3ccccc3c2C1
O=C(Nc1ccccc1)OC1CNc2ccc3ccccc3c2C1
O=C(Nc1ccccc1)OC1CNc2ccc3ccccc3c2C1
O=C(Nc1ccccc1)OC1CNc2ccc3c(C4CN4)cccc3c2C1
O=C(Nc1ccccc1)OC1CNc2ccc3c(C4CN4)cccc3c2C1
O=C(Nc1ccccc1)OC1CNc2ccc3c(C4=CN4)cccc3c2C1
O=C(Nc1ccccc1)OC1CNc2ccc3c(C4=CNC4)cccc3c2C1
O=C(Nc1ccccc1)OC1CNc2ccc3c(C4=CNC4)cccc3c2C1
O=C(Nc1ccccc1)OC1CNc2ccc3c(C4=CNC4)cccc3c2C1
O=C(Nc1ccccc1)OC1CNc2ccc3c(C4=CNC4)cccc3c2C1
O=C(Nc1ccccc1)OC1CNc2ccc3c(C4=CNC4)cccc3c2C1
O=C(Nc1ccccc1)OC1CNc2ccc3c(C4=CN5CCCC45)cccc3c2C1
O=C(Nc1ccccc1)OC1CNc2ccc3c(C4=CN5CCC45)cccc3c2C1
O=C(Nc1ccccc1)OC1CNc2ccc3c(C4=CN5CC45)cccc3c2C1
O=C(Nc1ccccc1)OC1CNc2ccc3c(C4=CN5CC45)cccc3c2C1
O=C(Nc1ccccc1)OC1CNc2ccc3c(C4=CNCC4)cccc3c2C1
O=C(Nc1ccccc1)OC1CNc2ccc3c(-c4cc[nH]c4)cccc3c2C1
O=C(Nc1ccccc1)OC1CNc2ccc3c(-c4cc[nH]c4)cccc3c2C1
O=C(Nc1ccccc1)OC1CNc2ccc3c(-c4cc[nH]c4)cccc3c2C1
O=C(Nc1ccccc1)OC1CNc2ccc3c(-c4ccc[nH]4)cccc3c2C1
O=C(Nc1ccccc1)OC1CNc2ccc3c(-c4ccc[nH]4)cccc3c2C1
O=C(Nc1ccccc1)OC1CNc2ccc3c(-c4ccc[nH]4)cccc3c2C1
O=C(Nc1ccccc1)OC1CNc2ccc3c(-c4ccc[nH]4)cccc3c2C1
O=C(Nc1ccccc1)OC1CNc2ccc3c(-c4ccc[nH]4)cccc3c2C1
O=C(Nc1ccccc1)OC1CNc2ccc3c(-c4ccc[nH]4)cccc3c2C1
O=C(Nc1ccccc1)OC1CNc2ccc3c(-c4ccc[nH]4)cccc3c2C1
O=C(Nc1ccccc1)OC1CNc2ccc3c(-c4ccc[nH]4)cccc3c2C1
O=C(Nc1ccccc1)OC1CNc2ccc3c(-c4ccc[nH]4)cccc3c2C1
O=C(Nc1ccccc1)OC1CNc2ccc3c(-c4ccc[nH]4)cccc3c2C1
O=C(Nc1ccccc1)OC1CNc2ccc(-c3cccc4cc[nH]c34)cc2C1
O=C(Nc1ccccc1)OC1CNc2ccc(-c3cccc4cc[nH]c34)cc2C1
O=C(Nc1ccccc1)OC1CNc2ccc(-c3cccc4cc[nH]c34)cc2C1
O=C(Nc1ccccc1)OC1CNc2ccc(-c3cccc4cc[nH]c34)cc2C1
O=C(Nc1ccccc1)OC1CNc2ccc(-c3cccc4cc[nH]c34)cc2C1
O=C(Nc1ccccc1)OC1CNc2ccc(-c3cccc4cc[nH]c34)cc2C1
O=C(CCC1CCCCc2ccccc21)Nc1ccc2c(=O)oncc2c1
O=C(CCCCCCCc1ccccc1)Nc1ccc2c(=O)oncc2c1
O=C(CCCCCCc1ccccc1)Nc1ccc2c(=O)oncc2c1
O=c1oncc2c(Cc3ccccc3)cccc12
O=c1oncc2c(-c3ccccc3)cccc12
O=c1oncc2c(-c3ccccc3)cccc12
O=c1oncc2c(-c3ccccc3)cccc12
O=c1oncc2c(-c3ccccc3)cccc12
O=c1oncc2c(-c3ccccc3)cccc12
O=c1oncc2c(-c3ccccc3)cccc12
O=c1oncc2c(-c3ccccc3)cccc12
O=c1oncc2c(-c3ccccc3)cccc12
O=c1oncc2c(-c3ccccc3)ccnc12
O=c1oncc2c(-c3ccccc3)ccnc12
O=c1oncc2c(-c3ccccc3)ccnc12
O=c1oncc2c(-c3ccccc3)ccnc12
O=c1oncc2c(-c3ccccc3)ccnc12
O=c1oncc2c(-c3ccccc3)ccnc12
O=C1Nc2nccc(-c3ccccc3)c2C=NO1
O=C1Nc2nccc(-c3ccccc3)c2C=NO1
O=C1Nc2nccc(-c3ccccc3)c2C=NO1
O=C1Nc2nccc(-c3ccccc3)c2C=NO1
O=C1Nc2nccc(-c3ccccc3)c2C=NO1
O=C1Nc2nccc(-c3ccccc3)c2C=NO1
N=C1Nc2nccc(-c3ccccc3)c2C=NO1
N=C1Nc2nccc(-c3ccccc3)c2C=NO1
c1ccc(-c2ccnc3[nH]nconcc23)cc1
c1ccc(-c2ccnc3[nH]nconcc23)cc1
c1ccc(-c2ccnc3[nH]nconcc23)cc1
c1ccc(-c2ccnc3[nH]nconcc23)cc1
c1ccc(-c2ccnc3[nH]nconcc23)cc1
c1ccc(-c2ccnc3[nH]nconcc23)cc1
c1ccc(-c2ccnc3[nH]nconcc23)cc1
c1ccc(-c2ccnc3[nH]nconcc23)cc1
c1ccc(-c2ccnc3[nH]nconcc23)cc1
c1ccc(-c2ccnc3[nH]nconcc23)cc1
c1ccc(-c2ccnc3[nH]nconcc23)cc1
c1ccc(-c2ccnc3[nH]nconcc23)cc1
c1ccc(-c2ccnc3[nH]nconcc23)cc1
c1ccc(-c2ccnc3[nH]nconcc23)cc1
O=C(NCC1CN1)c1cnc2[nH]nconcc2c1-c1ccccc1
O=C(NCC1CN1)c1cnc2[nH]nconcc2c1-c1ccccc1
O=C(NCC1=CN1)c1cnc2[nH]nconcc2c1-c1ccccc1
c1ccc(-c2ccnc3[nH]nconcc23)cc1
c1ccc(-c2ccnc3[nH]nconcc23)cc1
c1ccc(-c2ccnc3[nH]nconcc23)cc1
c1ccc(-c2ccnc3[nH]nconcc23)cc1
c1ccc(-c2ccnc3[nH]nconcc23)cc1
c1ccc(-c2ccnc3[nH]nconcc23)cc1
c1ccc(-c2ccnc3[nH]nconcc23)cc1
c1ccc(-c2ccnc3[nH]nconcc23)cc1
c1ccc(-c2ccnc3[nH]nconcc23)cc1
c1ccc(-c2ccnc3[nH]nconcc23)cc1
c1ccc(-c2ccnc3[nH]nconcc23)cc1
c1ccc(-c2ccnc3[nH]nconcc23)cc1
c1ccc(-c2ccnc3[nH]nconcc23)cc1
c1ccc(-c2ccnc3[nH]nconcc23)cc1
c1ccc(-c2ccnc3[nH]nconcc23)cc1
c1ccc(-c2ccnc3[nH]nconcc23)cc1
c1ccc(-c2ccnc3[nH]nconcc23)cc1
c1ccc(-c2ccnc3[nH]nconcc23)cc1
c1ccc(-c2ccnc3[nH]nconcc23)cc1
c1ccc(-c2ccnc3[nH]nconcc23)cc1
c1ccc(-c2ccnc3[nH]nconcc23)cc1
c1ccc(-c2ccnc3[nH]nconcc23)cc1
c1ccc(-c2ccnc3[nH]nconcc23)cc1
c1ccc(-c2ccnc3[nH]nconcc23)cc1
c1ccc(-c2ccnc3[nH]nconcc23)cc1
c1ccc(-c2ccnc3[nH]nconcc23)cc1
c1ccc(-c2ccnc3[nH]nconcc23)cc1
c1ccc(-c2ccnc3[nH]nconcc23)cc1
c1ccc(-c2ccnc3[nH]nconcc23)cc1
c1ccc(-c2ccnc3[nH]nconcc23)cc1
c1ccc(-c2ccnc3[nH]nconcc23)cc1
c1ccc(-c2ccnc3[nH]nconcc23)cc1
c1ccc(-c2ccnc3[nH]nconcc23)cc1
c1ccc(-c2ccnc3[nH]nconcc23)cc1
c1ccc(-c2ccnc3[nH]nconcc23)cc1
c1ccc(-c2ccnc3[nH]nconcc23)cc1
c1ccc(-c2ccnc3[nH]nconcc23)cc1
c1ccc(-c2ccnc3[nH]nconcc23)cc1
c1ccc(-c2ccnc3[nH]nconcc23)cc1
c1ccc(-c2ccnc3[nH]nconcc23)cc1
c1ccc(-c2ccnc3[nH]nconcc23)cc1
c1ccc(-c2ccnc3[nH]nconcc23)cc1
c1ccc(-c2ccnc3[nH]nconcc23)cc1
c1ccc(-c2ccnc3[nH]nconcc23)cc1
O=C(NCc1ccc(-c2ccnc3[nH]nconcc23)cc1)C1=NNC1
O=C(NCc1ccc(-c2ccnc3[nH]nconcc23)cc1)C1=NCC1
O=C(NCc1ccc(-c2ccnc3[nH]nconcc23)cc1)C1=NC1
O=C(NCc1ccc(-c2ccnc3[nH]nconcc23)cc1)C1=NC1
O=C(NCc1ccc(-c2ccnc3[nH]nconcc23)cc1)C1=CC1
O=C(NCc1ccc(-c2ccnc3[nH]nconcc23)cc1)C1=CC1
O=C(NCc1ccc(-c2ccnc3[nH]nconcc23)cc1)C1=CC1
O=C(NCc1ccc(-c2ccnc3[nH]nconcc23)cc1)C1=CC1
O=C(NCc1ccc(-c2ccnc3[nH]nconcc23)cc1)C1=CC1
O=C(NCc1ccc(-c2ccnc3[nH]nconcc23)cc1)C1=CC1
O=C(NCc1ccc(-c2ccnc3[nH]nconcc23)cc1)C1=CC1
O=C(NCc1ccc(-c2ccnc3[nH]nconcc23)cc1)C1=CC1
O=C(NCc1ccc(-c2ccnc3[nH]nconcc23)cc1)C1=CC1
O=C(NCc1ccc(-c2ccnc3[nH]nconcc23)cc1)C1=CC1
O=C(NCc1ccc(-c2ccnc3[nH]nconcc23)cc1)C1=CC1
O=C(NCc1ccc(-c2ccnc3[nH]nconcc23)cc1)C1=CO1
O=C(NCc1ccc(-c2ccnc3[nH]nconcc23)cc1)C1=CO1
O=C(NCc1ccc(-c2ccnc3[nH]nconcc23)cc1)C1=CO1
O=C(NCc1ccc(-c2ccnc3[nH]nconcc23)cc1)C1=CO1
O=C(NCc1ccc(-c2ccnc3[nH]nconcc23)cc1)C1=CO1
O=C(NCc1ccc(-c2ccnc3[nH]nconcc23)cc1)C1=CC1
O=C(NCc1ccc(-c2ccnc3[nH]nconcc23)cc1)C1=CC1
O=C(NCc1ccc(-c2ccnc3[nH]nconcc23)cc1)c1cc1=O
O=C1C=C(C(=O)NCc2ccc(-c3ccnc4[nH]nconcc34)cc2)C1
O=C1C=C(C(=O)NCc2ccc(-c3ccnc4[nH]nconcc34)cc2)C1
O=C1C=C(C(=O)NCc2ccc(-c3ccnc4[nH]nconcc34)cc2)C1
O=C1C=C(C(=O)NCc2ccc(-c3ccnc4[nH]nconcc34)cc2)CC1
O=C1C=CC(C(=O)NCc2ccc(-c3ccnc4[nH]nconcc34)cc2)=C1
O=C(NCc1ccc(-c2ccnc3[nH]nconcc23)cc1)C1=CC=C1
O=C(NCc1ccc(-c2ccnc3[nH]nconcc23)cc1)C1=CC=C1
O=C(NCc1ccc(-c2ccnc3[nH]nconcc23)cc1)C1=CC=C1
O=C(NCc1ccc(-c2ccnc3[nH]nconcc23)cc1)C1=CC=C1
O=C(NCc1ccc(-c2ccnc3[nH]nconcc23)cc1)C1=CCC=C1
O=C(NCc1ccc(-c2ccnc3[nH]nconcc23)cc1)C1=CCC=C1
O=C(NCc1ccc(-c2ccnc3[nH]nconcc23)cc1)C1=CCC=C1
O=C(NCc1ccc(-c2ccnc3[nH]nconcc23)cc1)C1=CCC=C1
O=C(NCc1ccc(-c2ccnc3[nH]nconcc23)cc1)C1=CCCC=C1
O=C(NCc1ccc(-c2ccnc3[nH]nconcc23)cc1)c1ccccc1
O=C(NCc1ccc(-c2ccnc3[nH]nconcc23)cc1)c1ccccc1
O=C(NCc1ccc(-c2ccnc3[nH]nconcc23)cc1)c1ccccc1
O=C(NCc1ccc(-c2ccnc3[nH]nconcc23)cc1)c1ccccc1
O=C(NCc1ccc(-c2ccnc3[nH]nconcc23)cc1)c1ccccc1
O=C(NCc1ccc(-c2ccnc3[nH]nconcc23)cc1)c1ccccc1
O=C(NCc1ccc(-c2ccnc3[nH]nconcc23)cc1)c1ccccc1
O=C(NCc1ccc(-c2ccnc3[nH]nconcc23)cc1)c1ccccc1
O=C(NCc1ccc(-c2ccnc3[nH]nconcc23)cc1)c1ccccc1
O=C(NCc1ccc(-c2ccnc3[nH]nconcc23)cc1)c1ccccc1
O=C(NCc1ccc(-c2ccnc3[nH]nconcc23)cc1)c1ccccc1
O=C(NCc1ccc(-c2ccnc3[nH]nconcc23)cc1)c1ccccc1
O=C(NCc1ccc(-c2ccnc3[nH]nconcc23)cc1)c1ccccc1
O=C(NCc1ccc(-c2ccnc3[nH]nconcc23)cc1)c1ccccc1
O=C(NCc1ccc(-c2ccnc3[nH]nconcc23)cc1)c1ccccc1
O=C(NCc1ccc(-c2ccnc3[nH]nconcc23)cc1)c1ccccc1
O=C(NCc1ccc(-c2ccnc3[nH]nconcc23)cc1)c1ccccc1
O=C(NCc1ccc(-c2ccnc3[nH]nconcc23)cc1)c1ccccc1
O=C(NCc1ccc(-c2ccnc3[nH]nconcc23)cc1)c1ccccc1
O=C(NCc1ccc(-c2ccnc3[nH]nconcc23)cc1)c1ccccc1
O=C(NCc1ccc(-c2ccnc3[nH]nconcc23)cc1)c1ccccc1
O=C(NCc1ccc(-c2ccnc3[nH]nconcc23)cc1)c1ccccc1
O=C(NCc1ccc(-c2ccnc3[nH]nconcc23)cc1)c1ccccc1
O=C(NCc1ccc(-c2ccnc3[nH]nconcc23)cc1)c1ccccc1
O=C(NCc1ccc(-c2ccnc3[nH]nconcc23)cc1)c1ccccc1
O=C(NCc1ccc(-c2ccnc3[nH]nconcc23)cc1)c1ccccc1
O=C(NCc1ccc(-c2ccnc3[nH]nconcc23)cc1)c1ccccc1
O=C(NCc1ccc(-c2ccnc3[nH]nconcc23)cc1)c1ccccc1
O=C(NCc1ccc(-c2ccnc3[nH]nconcc23)cc1)c1ccccc1
O=C(NCc1ccc(-c2ccnc3[nH]nconcc23)cc1)c1ccccc1
O=C(NCc1ccc(-c2ccnc3[nH]nconcc23)cc1)c1ccccc1
O=C(NCc1ccc(-c2ccnc3[nH]nconcc23)cc1)c1ccccc1
O=C(NCc1ccc(-c2ccnc3[nH]nconcc23)cc1)c1ccccc1
O=C(NCc1ccc(-c2ccnc3[nH]nconcc23)cc1)c1ccccc1
O=C(NCc1ccc(-c2ccnc3[nH]nconcc23)cc1)c1ccccc1
O=C(NCc1ccc(-c2ccnc3[nH]nconcc23)cc1)c1ccccc1
O=C(NCc1ccc(-c2ccnc3[nH]nconcc23)cc1)c1ccccc1
O=C(NCc1ccc(-c2ccnc3[nH]nconcc23)cc1)c1ccccc1
O=C(NCc1ccc(-c2ccnc3[nH]nconcc23)cc1)c1ccccc1
O=C(NCc1ccc(-c2ccnc3[nH]nconcc23)cc1)c1ccccc1
O=C(NCc1ccc(-c2ccnc3[nH]nconcc23)cc1)c1ccccc1
O=C(NCc1ccc(-c2ccnc3[nH]nconcc23)cc1)c1cccnc1
O=C(NCc1ccc(-c2ccnc3[nH]nconcc23)cc1)c1cccnc1
O=C(NCc1ccc(-c2ccnc3[nH]nconcc23)cc1)c1cccnc1
O=C(NCc1ccc(-c2ccnc3[nH]nconcc23)cc1)c1cccnc1
O=C(NCc1ccc(-c2ccnc3[nH]nconcc23)cc1)c1cccnc1
O=C(NCc1ccc(-c2ccnc3[nH]nconcc23)cc1)c1cccnc1
O=C(NCc1ccc(-c2ccnc3[nH]nconcc23)cc1)c1cccnc1
O=C(NCc1ccc(-c2ccnc3[nH]nconcc23)cc1)c1cccnc1
O=C(NCc1ccc(-c2ccnc3[nH]nconcc23)cc1)c1cccnc1
O=C(NCc1ccc(-c2ccnc3[nH]nconcc23)cc1)c1cccnc1
O=C(NCc1ccc(-c2ccnc3[nH]nconcc23)cc1)c1cccnc1
O=C(NCc1ccc(-c2ccnc3[nH]nconcc23)cc1)c1cccnc1
O=C(NCc1ccc(-c2ccnc3[nH]nconcc23)cc1)c1ccccc1
O=C(NCc1ccc(-c2ccnc3[nH]nconcc23)cc1)c1ccccc1
O=C(NCc1ccc(-c2ccnc3[nH]nconcc23)cc1)c1ccccc1
O=C(NCc1ccc(-c2ccnc3[nH]nconcc23)cc1)c1ccccc1
O=C(NCc1ccc(-c2ccnc3[nH]nconcc23)cc1)c1ccccc1
O=C(NCc1ccc(-c2ccnc3[nH]nconcc23)cc1)c1ccccc1
O=C(NCc1ccc(-c2ccnc3[nH]nconcc23)cc1)c1ccccc1
O=C(NCc1ccc(-c2ccnc3[nH]nconcc23)cc1)c1ccccc1
O=C(NCc1ccc(-c2ccnc3[nH]nconcc23)cc1)c1ccccc1
O=C(NCc1ccc(-c2ccnc3[nH]nconcc23)cc1)c1ccccc1
O=C(NCc1ccc(-c2ccnc3[nH]nconcc23)cc1)c1ccccc1
O=C(NCc1ccc(-c2ccnc3[nH]nconcc23)cc1)c1ccccc1
O=C(NCc1ccc(-c2ccnc3[nH]nconcc23)cc1)c1ccccc1
O=C(NCc1ccc(-c2ccnc3[nH]nconcc23)cc1)c1ccccc1
O=C(NCc1ccc(-c2ccnc3[nH]nconcc23)cc1)c1ccccc1
O=C(NCc1ccc(-c2ccnc3[nH]nconcc23)cc1)c1ccccc1
O=C(NCc1ccc(-c2ccnc3[nH]nconcc23)cc1)c1cccnc1
O=C(NCc1ccc(-c2ccnc3[nH]nconcc23)cc1)c1cccnc1
O=C(NCc1ccc(-c2ccnc3[nH]nconcc23)cc1)c1cccnc1
O=C(NCc1ccc(-c2ccnc3[nH]nconcc23)cc1)c1cccnc1
O=C(NCc1ccc(-c2ccnc3[nH]nconcc23)cc1)c1cccnc1
O=C(NCc1ccc(-c2ccnc3[nH]nconcc23)cc1)c1cccnc1
O=C(NCc1ccc(-c2ccnc3[nH]nconcc23)cc1)c1cccnc1
O=C(NCc1ccc(-c2ccnc3[nH]nconcc23)cc1)c1cccnc1
O=C(NCc1ccc(-c2ccnc3[nH]nconcc23)cc1)c1cccnc1
O=C(NCc1ccc(-c2ccnc3[nH]nconcc23)cc1)c1cccnc1
O=C(NCc1ccc(-c2ccnc3[nH]nconcc23)cc1)c1cccnc1
O=C(NCc1ccc(-c2ccnc3[nH]nconcc23)cc1)c1cccnc1
O=C(NCc1ccc(-c2ccnc3[nH]nconcc23)cc1)c1cccnc1
O=C(NCc1ccc(-c2ccnc3[nH]nconcc23)cc1)c1cccnc1
O=C(NCc1ccc(-c2ccnc3[nH]nconcc23)cc1)c1cnc2c(c1)CCN2
O=C(NCc1ccc(-c2ccnc3[nH]nconcc23)cc1)c1cnc2[nH]ccc2c1
O=C(NCc1ccc(-c2ccnc3[nH]nconcc23)cc1)c1cnc2[nH]ccc2c1
O=C(NCc1ccc(-c2ccnc3[nH]nconcc23)cc1)c1cnc2[nH]ccc2c1
O=C(NCc1ccc(-c2ccnc3[nH]nconcc23)cc1)c1cnc2[nH]ccc2c1
O=C(NCc1ccc(-c2ccnc3[nH]nconcc23)cc1)c1cnc2[nH]ccc2c1
O=C(NCc1ccc(-c2ccnc3[nH]nconcc23)cc1)c1cnc2[nH]ccc2c1
O=C(NCc1ccc(-c2ccnc3[nH]nconcc23)cc1)c1cnc2[nH]ccc2c1
O=C(NCc1ccc(-c2ccnc3[nH]nconcc23)cc1)c1cnc2[nH]ccc2c1
O=C(NCc1ccc(-c2ccnc3[nH]nconcc23)cc1)c1cnc2[nH]ccc2c1
O=C(NCc1ccc(-c2ccnc3[nH]nconcc23)cc1)c1cnc2[nH]ccc2c1
O=C(NCc1ccc(-c2ccnc3[nH]nconcc23)cc1)c1cnc2[nH]ccc2c1
O=C(NCc1ccc(-c2ccnc3[nH]nconcc23)cc1)c1cnc2[nH]ncc2c1
O=C(NCc1ccc(-c2ccnc3[nH]nconcc23)cc1)c1cnc2[nH]ncc2c1
O=C(NCc1ccc(-c2ccnc3[nH]nconcc23)cc1)c1cnc2[nH]ncc2c1
O=C(NCc1ccc(-c2ccnc3[nH]nconcc23)cc1)c1cnc2[nH]ncc2c1
O=C(NCc1ccc(-c2ccnc3[nH]nconcc23)cc1)c1cnc2[nH]ncc2c1
O=C(NCc1ccc(-c2ccnc3[nH]nconcc23)cc1)c1cnc2[nH]ncc2c1
O=C(NCc1ccc(-c2ccnc3[nH]nconcc23)cc1)c1cnc2[nH]ncc2c1
O=C(NCc1ccc(-c2ccnc3[nH]nconcc23)cc1)c1cnc2[nH]ncc2c1
O=C(NCc1ccc(-c2ccnc3[nH]cconcc23)cc1)c1cnc2[nH]ncc2c1
O=C(NCc1ccc(-c2ccnc3[nH]cconcc23)cc1)c1cnc2[nH]ncc2c1
O=C(NCc1ccc(-c2ccnc3[nH]cconcc23)cc1)c1cnc2[nH]ncc2c1
O=C(NCc1ccc(-c2ccnc3[nH]cconcc23)cc1)c1cnc2[nH]ncc2c1
O=C(NCc1ccc(-c2ccnc3[nH]cconcc23)cc1)c1cnc2[nH]ncc2c1
O=C(NCc1ccc(-c2ccnc3[nH]cconcc23)cc1)c1cnc2[nH]ncc2c1
O=C(NCc1ccc(-c2ccnc3[nH]cconcc23)cc1)c1cnc2[nH]ncc2c1
O=C(NCc1ccc(-c2ccnc3[nH]cconcc23)cc1)c1cnc2[nH]ncc2c1
O=C(NCc1ccc(-c2ccnc3[nH]cconcc23)cc1)c1cnc2[nH]ncc2c1
O=C(NCc1ccc(-c2ccnc3[nH]cconcc23)cc1)c1cnc2[nH]ncc2c1
O=C(NCc1ccc(-c2ccnc3[nH]cconcc23)cc1)c1cnc2[nH]ncc2c1
O=C(NCc1ccc(-c2ccnc3[nH]cconcc23)cc1)c1cnc2[nH]ncc2c1
O=C(NCc1ccc(-c2ccnc3[nH]cconcc23)cc1)c1cnc2[nH]ncc2c1
O=C(NCc1ccc(-c2ccnc3[nH]cconcc23)cc1)c1cnc2[nH]ncc2c1
O=C(NCc1ccc(-c2ccnc3[nH]cconcc23)cc1)c1cnc2[nH]ncc2c1
O=C(NCc1ccc(-c2ccnc3[nH]cconcc23)cc1)c1cnc2[nH]ncc2c1
O=C(NCc1ccc(-c2cccc3[nH]cconcc23)cc1)c1cnc2[nH]ncc2c1
O=C(NCc1ccc(-c2cccc3[nH]cconcc23)cc1)c1cnc2[nH]ncc2c1
O=C(NCc1ccc(-c2cccc3[nH]cconcc23)cc1)c1cnc2[nH]ncc2c1
O=C(NCc1ccc(-c2cccc3[nH]cconcc23)cc1)c1cnc2[nH]ncc2c1
O=C(NCc1ccc(-c2cccc3[nH]cconcc23)cc1)c1cnc2[nH]ncc2c1
O=C(NCc1ccc(-c2cccc3[nH]cconcc23)cc1)c1cnc2[nH]ncc2c1
O=C(NCc1ccc(-c2cccc3[nH]cconcc23)cc1)c1cnc2[nH]ncc2c1
O=C(NCc1ccc(-c2cccc3[nH]cconcc23)cc1)c1cnc2[nH]ncc2c1
O=C(NCc1ccc(-c2cccc3c2C=NOC=CC3)cc1)c1cnc2[nH]ncc2c1
O=C(NCc1ccc(-c2cccc3c2C=NOC=CC3)cc1)c1cnc2[nH]ncc2c1
O=C(NCc1ccc(-c2cccc3c2C=NOC=C3)cc1)c1cnc2[nH]ncc2c1
O=C(NCc1ccc(-c2cccc(-c3cnoc3)c2)cc1)c1cnc2[nH]ncc2c1
O=C(NCc1ccc(-c2cccc(-c3cnoc3)c2)cc1)c1cnc2[nH]ncc2c1
O=C(NCc1ccc(-c2c3ccc(-c4cnoc4)c2CC3)cc1)c1cnc2[nH]ncc2c1
O=C(NCc1ccc(-c2cccc(-c3cnoc3)c2)cc1)c1cnc2[nH]ncc2c1
O=C(NCc1ccc(-c2cccc(-c3cnoc3)c2)cc1)c1cnc2[nH]ncc2c1
O=C(NCC1=CC(c2cccc(-c3cnoc3)c2)C=C1)c1cnc2[nH]ncc2c1
O=C(NCC1=CC(Cc2ccc(-c3cnoc3)cc2)C=C1)c1cnc2[nH]ncc2c1
O=C(NCC1=CC(Cc2ccc(-c3cnoc3)cc2)C=C1)c1cnc2[nH]ncc2c1
O=C(NCC1=CC(Cc2ccc(-c3cnoc3)cc2)=C1)c1cnc2[nH]ncc2c1
O=C(NCC1=CC(CCc2ccc(-c3cnoc3)cc2)=C1)c1cnc2[nH]ncc2c1
O=C(NCCC1=C(CCc2ccc(-c3cnoc3)cc2)C=C1)c1cnc2[nH]ncc2c1
O=C(NCCC1=CC=C1CCc1ccc(-c2cnoc2)cc1)c1cnc2[nH]ncc2c1
O=C(NCC1=CC=C1CCc1ccc(-c2cnoc2)cc1)c1cnc2[nH]ncc2c1
O=C(NCC1=C=C1CCc1ccc(-c2cnoc2)cc1)c1cnc2[nH]ncc2c1
O=C(NCC1=C=C1Cc1ccc(-c2cnoc2)cc1)c1cnc2[nH]ncc2c1
O=C(NCC=CCc1ccc(-c2cnoc2)cc1)c1cnc2[nH]ncc2c1
O=C(NCCCc1ccc(-c2cnoc2)cc1)c1cnc2[nH]ncc2c1
O=C(NCCc1ccc(-c2cnoc2)cc1)c1cnc2[nH]ncc2c1
O=C(NCc1ccc(-c2cnoc2)cc1)c1cnc2[nH]ncc2c1
O=C(CCC1CCCCc2ccccc21)Nc1ccc2c(=O)oncc2c1
O=C(CCC1CCCCc2ccccc21)Nc1ccc2c(=O)oncc2c1
O=C1CC(C2CCCCc3ccccc32)N1c1ccc2c(=O)oncc2c1
O=C1CC(C2CCCCc3ccccc32)N1c1ccccc1
O=C1CC(C2CCCCc3ccccc32)N1c1ccccc1
O=C1CC(C2CCCCc3ccccc32)N1c1ccccc1
O=C1CC(C2CCCCc3ccccc32)N1c1ccccc1
O=C1CC(C2CCCCc3ccccc32)N1c1ccccc1
c1ccc(N2CCC2C2CCCCc3ccccc32)cc1
c1ccc(N2CCC2C2CCCCc3ccccc32)cc1
c1ccc(N2CC2C2CCCCc3ccccc32)cc1
c1ccc(N2CC2C2CCCCc3ccccc3C2)cc1
c1ccc(N2CC2C2CCCCc3ccccc3C2)cc1
c1ccc(N2CC2C2CCCCc3ccccc3C2)cc1
c1ccc(N2CC2C2CCCCc3ccccc3C2)cc1
c1ccc(N2CC2C2CCCCc3ccccc3C2)cc1
c1ccc(N2CC2C2CCCCc3ccccc3C2)cc1
c1ccc(N2CC2C2CCCCc3ccccc3C2)cc1
c1ccc(N2CC2C2CCCCc3ccccc3C2)cc1
c1cc(C2CCCCc3ccccc3C2)cc(N2CC2)c1
c1cc(C2CCCCc3ccccc3C2)cc(N2CC2)c1
c1cc(C2CCCCc3ccccc3C2)cc(N2CC2)c1
c1cc(C2CCCCc3ccccc3C2)cc(N2CC2)c1
c1cc(C2CCCCc3ccccc3C2)cc(N2CCC2)c1
c1cc(C2CCCCc3ccccc3C2)cc(N2CCC2)c1
c1cc(C2CCCCc3ccccc3C2)cc(N2CCC2)c1
c1cc(C2CCCCc3ccccc3C2)cc(N2CCC2)c1
c1cc(C2CCCCc3ccccc3C2)cc(N2CCC2)c1
c1cc(C2CCCCc3ccccc3C2)cc(N2CCC2)c1
c1cc(C2CCCCc3ccccc3C2)cc(N2CCC2)c1
c1cc(C2CCCCc3ccccc3C2)cc(N2CCC2)c1
c1cc(C2CCCCc3ccccc3C2)cc(N2CCC2)c1
c1cc(C2CCCCc3ccccc3C2)cc(N2CCC2)c1
c1cc(C2Cc3ccccc3CCCC2CCCC2CC2)cc(N2CCC2)c1
c1cc(C2Cc3ccccc3CCCC2CCCC2CC2)cc(N2CCC2)c1
c1cc(C2Cc3ccccc3CCCC2CCCC2CC2)cc(N2CCC2)c1
c1cc(C2Cc3ccccc3CCCC2CCCC2CC2)cc(N2CCC2)c1
c1cc(C2Cc3ccccc3CCCC2CCCC2CC2)cc(N2CCC2)c1
c1cc(C2Cc3ccccc3CCCC2CCCC2CC2)cc(N2CCC2)c1
c1cc(C2Cc3ccccc3CCCC2CCCC2CC2)cc(N2CCC2)c1
c1ccc2c(c1)CCCC(CCCC1CC1)C(c1ccc(N3CCC3)cc1)C2
C1=C(C2Cc3ccccc3CCCC2CCCC2CC2)CC(N2CCC2)=C1
C1=C(C2Cc3ccccc3CCCC2CCCC2CC2)CC(N2CCC2)=C1
C1=C(C2Cc3ccccc3CCCC2CCCC2CC2)CC(N2CC2)=C1
C1=C(C2Cc3ccccc3CCCC2CCCC2CC2)CC2=C1N2
C1=C(C2Cc3ccccc3CCCC2CCCC2CC2)CCN2CC=C12
C1=C(C2Cc3ccccc3CCCC2CCCC2CC2)CN2CC=C12
C1=C(C2Cc3ccccc3CCCC2CCCC2CC2)CN2CCC=C12
C1=C(C2Cc3ccccc3CCCC2CCCC2CC2)CN2CCC=C12
C1=C(C2Cc3ccccc3CCCC2CCCC2CC2)CCN2CCC=C12
C1=C(C2Cc3ccccc3CCCC2CCCC2CC2)CCN2CCC=C12
C1=C(C2Cc3ccccc3CCCC2CCCC2CC2)CCn2cccc21
C1=C(C2Cc3ccccc3CCCC2CCCC2CC2)CCCn2cccc21
C1=C(C2Cc3ccccc3CCCC2CCCC2CC2)CCCn2cccc21
C1=C(C2Cc3ccccc3CCCC2CCCC2CC2)CCCc2cc[nH]c21
C1=C(C2Cc3ccccc3CCCC2CCCCC2CC2)CCCc2cc[nH]c21
C1=C(C2CCCCc3ccccc3C2)CCCc2cc[nH]c21
C1=C(C2CCCCc3ccccc3C2)CCCc2cn[nH]c21
C1=C(C2CCCCc3ccccc3C2)CCCc2cn[nH]c21
C1=C(C2CCCCc3ccccc3C2)CCCc2cn[nH]c21
C1=C(C2Cc3ccccc3CCCC2CCCC2CC2)CCCc2cn[nH]c21
C1=C(C2Cc3ccccc3CCCC2CCCC2CC2)CCCc2cn[nH]c21
C1=C(C2Cc3ccccc3CCCC2CCCC2CC2)CCCCc2cn[nH]c21
C1=C(C2Cc3ccccc3CCC2CCCC2CC2)CCCCc2cn[nH]c21
C1=C(C2Cc3ccccc3CCC2CCCC2CC2)CCCCc2cn[nH]c21
C1=C(C2Cc3ccccc3CCCC2CCCC2CC2)CCCCc2cn[nH]c21
C1=C(C2Cc3ccccc3CCCC2CCCC2CC2)CCCCc2cn[nH]c21
C1=C(C2Cc3ccccc3CCCC2CCCC2CC2)CCCCc2cn[nH]c21
C1=C(C2Cc3ccccc3CCCC2CCCC2CC2)CCCCc2cn[nH]c21
C1=C(C2Cc3ccccc3CCC2CCCC2CC2)CCCCc2cn[nH]c21
C1=C(C2Cc3ccccc3CCC2CCCC2CC2)CCCCc2cn[nH]c21
C1=C(C2Cc3ccccc3CCC2CCCC2CC2)CCCc2cn[nH]c21
C1=C(C2Cc3ccccc3CCC2CCCC2CCC2)CCCc2cn[nH]c21
C1=C(C2Cc3ccccc3CC2CCCC2CCC2)CCCc2cn[nH]c21
C1=C(C2Cc3ccccc3CC2CCCC2CC2)CCCc2cn[nH]c21
C1=C(C2Cc3ccccc3CC2CCCC2CC2)CCCc2cn[nH]c21
C1=C(C2Cc3ccccc3CC2CCCC2CC2)CCCc2cn[nH]c21
C1=C(C2Cc3ccccc3CCC2CCCC2CC2)CCCc2cn[nH]c21
C1=C(C2Cc3ccccc3CCC2CCCC2CC2)CCCc2cn[nH]c21
C1=C(C2Cc3ccccc3CCC2CCCC2CC2)CCc2cn[nH]c21
C1=C(C2Cc3ccccc3CCC2CCCC2CC2)CCc2cn[nH]c21
C1=C(C2Cc3ccccc3CCC2CCCC2CC2)CCc2cn[nH]c21
C1=C(C2Cc3ccccc3CCC2CCCC2CC2)CCCc2cn[nH]c21
C1=C(C2Cc3ccccc3CCC2CCCC2CC2)CCCc2cn[nH]c21
C1=C(C2Cc3ccccc3CCC2CCCC2CC2)CCCc2cn[nH]c21
C1=C(C2Cc3ccccc3CCC2CCCC2CC2)CCCc2cn[nH]c21
C1=C(C2Cc3ccccc3CCC2CCCC2CC2)CCCc2cn[nH]c21
C1=C(C2Cc3ccccc3CCC2CCCC2CC2)CCCc2cn[nH]c21
C1=C(C2Cc3ccccc3CCC2CCCC2CCC2)CCCc2cn[nH]c21
C1=C(C2Cc3ccccc3CCC2CCCC2CCC2)CCCc2cn[nH]c21
C1=C(C2Cc3ccccc3CCC2CCCC2CCC2)CCCc2cn[nH]c21
C1=C(C2Cc3ccccc3CCC2CCCC2CCC2)CCCCc2cn[nH]c21
C1=C(C2Cc3ccccc3CCC2CCCC2CCC2)CCCCc2cn[nH]c21
C1=C(C2Cc3ccccc3CCC2CCCC2CCCC2)CCCCc2cn[nH]c21
C1=C(C2Cc3ccccc3CCC2CCCC2CCCC2)CCCCc2cn[nH]c21
C1=C(C2Cc3ccccc3CCC2CCCC2CCCC2)CCCCc2cn[nH]c21
C1=C(C2Cc3ccccc3CCCC2CCCC2CCCC2)CCCCc2cn[nH]c21
C1=C(C2Cc3ccccc3CCCC2CCCC2CCC2)CCCCc2cn[nH]c21
C1=C(C2Cc3ccccc3CCCC2CCCC2CCC2)CCCCc2cn[nH]c21
C1=C(C2Cc3ccccc3CCCC2CCCC2CCCC2)CCCCc2cn[nH]c21
C1=C(C2Cc3ccccc3CCCC2CCCC2CCCC2)CCCCc2cn[nH]c21
C1=C(C2Cc3ccccc3CCCC2CCCC2CCCCC2)CCCCc2cn[nH]c21
C1=C(C2Cc3ccccc3CCCC2CCCC2CCCCC2)CCCCc2cn[nH]c21
C1=C(C2Cc3ccccc3CCCC2CCCC2CCCCC2)CCCc2cn[nH]c21
C1=C(C2Cc3ccccc3CCCC2CCCC2CCCCC2)CCCc2cn[nH]c21
C1=C(C2Cc3ccccc3CCCC2CCCC2CCCCC2)CCCc2cn[nH]c21
C1=C(C2Cc3ccccc3CCCC2CCCC2CCCCC2)CCCc2cn[nH]c21
C1=C(C2Cc3ccccc3CCCC2CCCC2CCCCC2)CCCc2cn[nH]c21
C1=C(C2Cc3ccccc3CCCC2CCCC2CCCC2)CCCc2cn[nH]c21
C1=C(C2Cc3ccccc3CCC2CCCC2CCCC2)CCCc2cn[nH]c21
C1=C(C2Cc3ccccc3CCC2CCCC2CCC2)CCCc2cn[nH]c21
C1=C(C2Cc3ccccc3CCC2CCCC2CCC2)CCCc2cn[nH]c21
C1=C(C2Cc3ccccc3CCC2CCCC2CCC2)CCCc2cn[nH]c21
C1=C(C2Cc3ccccc3CCC2CCCC2CCC2)CCCc2cn[nH]c21
C1=C(C2Cc3ccccc3CCC2CCCC2CCC2)CCCc2cn[nH]c21
C1=C(C2Cc3ccccc3CCC2CCCC2CCC2)CCCc2cn[nH]c21
C1=C(C2Cc3ccccc3CCC2CCCC2CCC2)CCCc2cn[nH]c21
C1=C(C2Cc3ccccc3CCC2CCCC2CC2)CCCc2cn[nH]c21
C1=C(C2Cc3ccccc3CCC2CCCC2CC2)CCCc2cn[nH]c21
C1=C(C2Cc3ccccc3CCC2CCCC2CC2)CCCc2cn[nH]c21
C1=C(C2Cc3ccccc3CCC2CCCC2CC2)CCCc2cn[nH]c21
C1=C(C2Cc3ccccc3CCC2CCCC2CC2)CCCCc2cn[nH]c21
C1=C(C2Cc3ccccc3CCC2CCCC2CC2)CCCCc2cn[nH]c21
C1=C(C2Cc3ccccc3CCC2CCCC2CCC2)CCCCc2cn[nH]c21
C1=C(C2Cc3ccccc3CCC2CCCC2CCC2)CCCCc2cn[nH]c21
C1=C(C2Cc3ccccc3CCC2CCCC2CCC2)CCCc2cn[nH]c21
C1=C(C2Cc3ccccc3CCC2CCCC2CCC2)CCCc2cn[nH]c21
C1=C(C2Cc3ccccc3CCC2CCCC2CCCC2)CCCc2cn[nH]c21
C1=C(C2Cc3ccccc3CCC2CCCC2CCCC2)CCCCc2cn[nH]c21
C1=C(C2Cc3ccccc3CCC2CCCC2CCCC2)CCCCc2cn[nH]c21
C1=C(C2Cc3ccccc3CCC2CCCC2CCCC2)CCCCc2cn[nH]c21
C1=C(C2Cc3ccccc3CCC2CCCC2CCCC2)CCCc2cn[nH]c21
C1=C(C2Cc3ccccc3CCC2CCCC2CCCC2)CCCc2cn[nH]c21
C1=C(C2Cc3ccccc3CCC2CCCC2CCC2)CCCc2cn[nH]c21
C1=C(C2Cc3ccccc3CCC2CCCC2CCC2)CCCc2cn[nH]c21
C1=C(C2Cc3ccccc3CCC2CCCC2CCC2)CCCc2cn[nH]c21
C1=C(C2Cc3ccccc3CCC2CCCC2CCC2)CCc2cn[nH]c21
C1=C(C2Cc3ccccc3CCC2CCCC2CCC2)CCc2cn[nH]c21
C1=C(C2Cc3ccccc3CCC2CCCC2CCC2)CCCCn2nccc21
C1=C(C2Cc3ccccc3CCC2CCCC2CCC2)CCCCn2nccc21
C1=C(C2Cc3ccccc3CCC2CCCC2CC2)CCCCn2nccc21
C1=C(C2Cc3ccccc3CCC2CCCC2CC2)CCCCn2nccc21
C1=C(C2Cc3ccccc3CCC2CCCC2CC2)CCCCn2nccc21
C1=C(C2Cc3ccccc3CCC2CCCC2CC2)CCCn2nccc21
C1=C(C2Cc3ccccc3CCC2CCCC2CC2)CCCn2nccc21
C1=C(C2Cc3ccccc3CC2CCCC2CC2)CCCn2nccc21
C1=C(C2Cc3ccccc3CC2CCCC2CC2)CCCn2nccc21
C1=C(C2Cc3ccccc3CC2CCCC2CC2)CCCn2nccc21
C1=C(C2Cc3ccccc3CCC2CCCC2CC2)CCCn2nccc21
C1=C(C2Cc3ccccc3CCC2CCCC2CC2)CCCn2nccc21
C1=C(C2Cc3ccccc3CC2CCCC2CC2)CCCn2nccc21
C1=C(C2Cc3ccccc3CC2CCCC2CC2)CCCCn2nccc21
C1=C(C2Cc3ccccc3CCC2CCCC2CC2)CCCCn2nccc21
C1=C(C2Cc3ccccc3CCC2CCCC2CC2)CCCCn2nccc21
C1=C(C2Cc3ccccc3CCC2CCCC2CC2)CCCCn2nccc21
C1=C(C2Cc3ccccc3CCC2CCCC2CC2)CCCCn2nccc21
C1=C(C2Cc3ccccc3CCC2CCCC2CC2)CCCCn2nccc21
C1=C(C2Cc3ccccc3CCC2CCCC2CC2)CCCCn2nccc21
C1=C(C2Cc3ccccc3CCC2CCCC2CCC2)CCCCn2nccc21
O=C1CCCC(C2Cc3ccccc3CCC2CCCC2CCC2)=Cc2ccnn21
O=C1CCCC(C2Cc3ccccc3CCCC2CCCC2CCC2)=Cc2ccnn21
O=C1CCCC(C2Cc3ccccc3CCCC2CCCC2CCC2)=Cc2ccnn21
O=C1CCCC(C2Cc3ccccc3CCCC2CCCC2CCC2)=Cc2ccnn21
O=C1CCC(C2Cc3ccccc3CCCC2CCCC2CCC2)=Cc2ccnn21
O=C1CCC(C2Cc3ccccc3CCCC2CCCC2CCC2)=Cc2ccnn21
O=C1CCC(C2Cc3ccccc3CCCC2CCCC2CCCC2)=Cc2ccnn21
O=C1CCC(C2Cc3ccccc3CCCC2CCCC2CCCC2)=Cc2ccnn21
O=C1CCCC(C2Cc3ccccc3CCCC2CCCC2CCCC2)=Cc2ccnn21
O=C1CCCC(C2Cc3ccccc3CCCC2CCCC2CCCC2)=Cc2ccnn21
O=C1CCC(C2Cc3ccccc3CCCC2CCCC2CCCC2)=Cc2ccnn21
O=C1CCC(C2Cc3ccccc3CCCC2CCCC2CCCC2)=Cc2ccnn21
O=C1CCC(C2Cc3ccccc3CCCC2CCCC2CCC2)=Cc2ccnn21
O=C1CCC(C2Cc3ccccc3CCCC2CCCC2CCC2)=Cc2ccnn21
O=C1CC(C2Cc3ccccc3CCCC2CCCC2CCC2)=Cc2ccnn21
O=C1CC(C2Cc3ccccc3CCCC2CCCC2CCC2)=Cc2ccnn21
O=C1CC(C2Cc3ccccc3CCCC2CCCC2CCC2)=Cc2ccnn21
O=C1CC(C2Cc3ccccc3CCCC2CCCC2CCC2)=Cc2ccnn21
O=C1CCC(C2Cc3ccccc3CCCC2CCCC2CCC2)=Cc2ccnn21
O=C1CCC(C2Cc3ccccc3CCC2CCCC2CCC2)=Cc2ccnn21
O=C1CCC(C2Cc3ccccc3CCC2CCCC2CCCC2)=Cc2ccnn21
O=C1CCC(C2Cc3ccccc3CCCC2CCCC2CCCC2)=Cc2ccnn21
O=C1CCC(C2Cc3ccccc3CCCC2CCCC2CCCC2)=Cc2ccnn21
O=C1CCC(C2Cc3ccccc3CCCC2CCCC2CCCC2)=Cc2ccnn21
C1=C(C2Cc3ccccc3CCCC2CCCC2CCCC2)CCCc2cn[nH]c21
C1=C(C2Cc3ccccc3CCCC2CCCC2CCCC2)CCCc2cn[nH]c21
C1=C(C2Cc3ccccc3CCCC2CCCC2CCCC2)CCCc2cn[nH]c21
C1=C(C2Cc3ccccc3CCCC2CCCC2CCC2)CCCc2cn[nH]c21
C1=C(C2Cc3ccccc3CCCC2CCCC2CCC2)CCCc2cn[nH]c21
C1=C(C2Cc3ccccc3CCCC2CCCC2CCC2)CCCc2cn[nH]c21
C1=C(C2Cc3ccccc3CCCC2CCCC2CCC2)CCCc2cn[nH]c21
C1=C(C2Cc3ccccc3CCCC2CCCC2CCC2)CCCc2cn[nH]c21
C1=C(C2Cc3ccccc3CCCC2CCCC2CCC2)CCCc2cn[nH]c21
C1=C(C2Cc3ccccc3CCCC2CCCC2CC2)CCCc2cn[nH]c21
C1=C(C2Cc3ccccc3CCCC2CCCC2CC2)CCc2cn[nH]c21
C1=C(C2Cc3ccccc3CCCC2CCCC2CC2)CCc2cn[nH]c21
C1=C(C2Cc3ccccc3CCCC2CCCC2CC2)CCc2cn[nH]c21
C1=C(C2Cc3ccccc3CCCC2CCCC2CC2)CCc2cn[nH]c21
C1=C(C2Cc3ccccc3CCCC2CCCC2CC2)CCc2cn[nH]c21
C1=C(C2Cc3ccccc3CCCC2CCCC2CC2)CCc2cn[nH]c21
C1=C(C2Cc3ccccc3CCCC2CCCC2CC2)CCc2cn[nH]c21
C1=C(C2Cc3ccccc3CCCC2CCCC2CC2)CCCc2cn[nH]c21
C1=C(C2Cc3ccccc3CCCC2CCCC2CC2)CCCc2cn[nH]c21
C1=C(C2Cc3ccccc3CCCC2CCCCC2CC2)CCCc2cn[nH]c21
C1=C(C2Cc3ccccc3CCCC2CCCCC2CC2)CCCc2cn[nH]c21
C1=C(C2Cc3ccccc3CCCC2CCCCC2CC2)CCCCc2cn[nH]c21
C1=C(C2Cc3ccccc3CCCC2CCCC2CC2)CCCCc2cn[nH]c21
C1=C(C2Cc3ccccc3CCCC2CCCC2CC2)CCCCc2cn[nH]c21
C1=C(C2Cc3ccccc3CCCC2CCCC2CC2)CCCCc2cn[nH]c21
C1=C(C2Cc3ccccc3CCCC2CCCC2CC2)CCCCc2cn[nH]c21
C1=C(C2CC(c3ccccc3)CCC2CCCC2CC2)CCCCc2cn[nH]c21
C1=C(C2CC(c3ccccc3)CCC2CCCC2CC2)CCCCc2cn[nH]c21
C1=C(C2CCC(c3ccccc3)CC2CCCC2CC2)CCCCc2cn[nH]c21
C1=C(C2CCC(c3ccccc3)CC2CCCC2CC2)CCCCc2cn[nH]c21
C1=C(C2CCC(c3ccccc3)CC2CCCC2CC2)CCCc2cn[nH]c21
C1=C(C2CCC(c3ccccc3)CC2CCCC2CC2)CCCc2cn[nH]c21
C1=C(C2CCC(c3ccccc3)CC2CCCC2CC2)CCCc2cn[nH]c21
C1=C(C2CCC(c3ccccc3)CCC2CCCC2CC2)CCCc2cn[nH]c21
C1=C(C2CCC(Cc3ccccc3)CCC2CCCC2CC2)CCCc2cn[nH]c21
C1=C(C2CCC(Cc3ccccc3)CCC2CCCC2CC2)CCCc2cn[nH]c21
C1=C(C2CCCCCC2CCCC2CC2)CCCc2cnn(CCc3ccccc3)c21
C1=C(C2CCCCCC2CCCC2CC2)CCCc2cnn(CCc3ccccc3)c21
C1=C(C2CCCCCC2CCCC2CC2)CCCc2cnn(CCCc3ccccc3)c21
C1=C(C2CCCCCC2CCCC2CC2)CCCc2cnn(CCc3ccccc3)c21
C1=C(C2CCCCCC2CCCC2CC2)CCCCc2cnn(CCc3ccccc3)c21
C1=C(C2CCCCCCC2CCCC2CC2)CCCCc2cnn(CCc3ccccc3)c21
C1=C(C2CCCCCCC2CCCC2CC2)CCCCc2cnn(Cc3ccccc3)c21
C1=C(C2CCCCC2CCCC2CC2)CCCCc2cnn(Cc3ccccc3)c21
C1=C(C2CCCCCC2CCCC2CC2)CCCCc2cnn(Cc3ccccc3)c21
C1=C(C2CCCCCC2CCCC2CC2)CCCCc2cnn(-c3ccccc3)c21
C1=C(C2CCCCC2CCCC2CC2)CCCCc2cnn(-c3ccccc3)c21
C1=C(C2CCCCC2CCCC2CC2)CCCCc2cnn(-c3ccccc3)c21
C1=C(C2CCCCCC2CCCC2CC2)CCCCc2cnn(-c3ccccc3)c21
C1=C(C2CCCCCC2CCCC2CC2)CCCCc2cnn(-c3ccccc3)c21
C1=C(C2CCCCCC2CCCC2CC2)CCCCc2cnn(-c3ccccc3)c21
C1=C(C2CCCCCC2CCCC2CC2)CCCCc2cnn(-c3ccccc3)c21
C1=C(C2CCCCCC2CCCC2CC2)CCCCc2cnn(-c3ccccc3)c21
C1=C(C2CCCCCC2CCCC2CC2)CCCc2cnn(-c3ccccc3)c21
C1=C(C2CCCCCC2CCCC2CC2)CCCc2cnn(-c3ccccc3)c21
C1=C(C2CCCCCCC2CCCC2CC2)CCCc2cnn(-c3ccccc3)c21
C1=C(C2CCCCCCC2CCCC2CC2)CCc2cnn(-c3ccccc3)c21
C1=C(C2CCCCCCC2CCCC2CC2)CCc2cnn(-c3ccccc3)c21
C1=C(C2CCCCCCC2CCCC2CC2)CCc2cnn(-c3ccccc3)c21
C1=C(C2CCCCCCC2CCCC2CC2)CCc2cnn(-c3ccccc3)c21
C1=C(C2CCCCCCC2CCCC2CC2)CCc2cnn(-c3ccccc3)c21
C1=C(C2CCCCCCC2CCCC2CC2)Cc2cnn(-c3ccccc3)c21
C1=C2CCCCCC(CCCC3CC3)C2CCc2cnn(-c3ccccc3)c21
C1=C2CCCCC(CCCC3CC3)C2CCc2cnn(-c3ccccc3)c21
C1=C2CCCCC(CCCC3CC3)C2Cc2cnn(-c3ccccc3)c21
C1=C2CCCC(CCCC3CC3)C2Cc2cnn(-c3ccccc3)c21
O=C(CCC1CCCCc2ccccc21)Nc1ccc2c(=O)oncc2c1
O=C(CCC1CCCCc2ccccc21)Nc1ccccc1
O=C(CCC1CCCCc2cnccc21)Nc1ccccc1
O=C(CCCC1CCCCc2cnccc21)Nc1ccccc1
O=C(CCCCc1ccncc1C1CC1)Nc1ccccc1
O=C(CCCCc1ccncc1C1CCC1)Nc1ccccc1
O=C(CCCCc1ccncc1C1CCC1)Nc1ccccc1
O=C(CCCCc1ccncc1C1CCC1)Nc1ccccc1
O=C(CCCc1ccncc1C1CCC1)Nc1ccccc1
O=C(CCCc1ccncc1C1CCC1)Nc1ccccc1
O=C(CCCc1ccncc1C1CCC1)Nc1ccccc1
O=C(CCCc1ccncc1C1CCC1)c1ccccc1
O=C(CCCc1ccncc1C1CCC1)c1ccccc1
c1ccc(CCCCc2ccncc2C2CCC2)cc1
c1ccc(CCCCc2ccncc2C2CCCC2)cc1
c1ccc(CCCCc2ccncc2C2CCCC2)cc1
c1ccc(CCCCc2ccncc2C2CCCC2)cc1
c1ccc(CCCCc2ccncc2C2CCCC2)cc1
c1ccc(CCCc2ccncc2C2CCCC2)cc1
c1ccc(CCCc2ccncc2C2CCCC2)cc1
c1ccc(CCCc2ccncc2C2CCCC2)cc1
c1ccc(CCCc2ccncc2C2CCCC2)cc1
c1ccc(CCCc2ccncc2C2CCCC2)cc1
c1ccc(CCCc2ccncc2C2CCCC2)cc1
c1ccc(CCCCc2ccncc2C2CCCC2)cc1
c1ccc(CCCCc2ccncc2C2CCCC2)cc1
c1ccc(CC(CCc2ccncc2C2CCCC2)C2CC2)cc1
c1ccc(CC(CCc2ccncc2C2CCCCC2)C2CC2)cc1
c1ccc(CC(CCc2ccncc2NC2CCCCC2)C2CC2)cc1
c1ccc(CC(CCc2ccncc2NC2CCCCC2)C2CCC2)cc1
c1ccc(CC(CCc2ccncc2NC2CCCCC2)C2CCCC2)cc1
c1ccc(CC(CCc2ccncc2NC2CCCC2)C2CCCC2)cc1
c1ccc(CC(CCc2ccncc2NC2CCCC2)C2CCCCC2)cc1
c1ccc(CC(CCc2ccncc2NC2CCNC2)C2CCCCC2)cc1
c1ccc(CC(CCc2ccncc2NC2CCN2)C2CCCCC2)cc1
c1ccc(CC(CCc2ccncc2NC2CCN2)C2CCCCCC2)cc1
c1ccc(CC(CCc2ccncc2NC2CCC2)C2CCCCCC2)cc1
c1ccc(CC(CCc2ccncc2NC2CC2)C2CCCCCC2)cc1
c1ccc(CC(CCc2ccncc2)C2CCCCCC2)cc1
c1ccc(CC(CCc2ccncc2)C2CCCCCC2)cc1
c1ccc(CC(CCc2ccncc2NCC2CN2)C2CCCCCC2)cc1
c1ccc(CC(CCc2ccncc2NCC2CN2)C2CCCCC2)cc1
c1ccc(CC(CCc2ccncc2NC2C3NC23)C2CCCCC2)cc1
c1ccc(CC(CCc2ccncc2NC2C3CC32)C2CCCCC2)cc1
c1ccc(CC(CCc2ccncc2NC2C3CC32)C2CCCCC2)cc1
c1ccc(CC(CCc2ccncc2NC2C3CC32)C2CCCCC2)cc1
c1ccc(CC(CCc2ccncc2NC2C3CC32)C2CCCC2)cc1
c1ccc(CC(CCc2ccncc2NC2C3CC32)C2CCCC2)cc1
c1ccc(CC(CCc2ccncc2NC2C3CC32)C2CCCC2)cc1
c1ccc(CC(CCc2ccncc2NC2CC2)C2CCCC2)cc1
c1ccc(CC(CCc2ccncc2NC2CC2)C2CCCC2)cc1
c1ccc(CC(CCc2ccncc2NC2CC2)C2CCCC2)cc1
c1ccc(CC(CCc2ccncc2NC2CNC2)C2CCCC2)cc1
c1ccc(CC(CCc2ccncc2NC2CNC2)C2CCCC2)cc1
c1ccc(CC(CCc2ccncc2)C2CCCC2)cc1
c1ccc(CC(CCc2ccncc2)C2CCCC2)cc1
c1ccc(CC(CCc2ccncc2)C2CCCC2)cc1
c1ccc(CC(CCc2ccncc2NC2CC2)C2CCCC2)cc1
c1ccc(CC(CCc2ccncc2NC2CC2)C2CCCC2)cc1
c1ccc(CC(CCc2ccncc2)C2CCCC2)cc1
c1ccc(CC(CCc2ccncc2)C2CCCC2)cc1
c1ccc(CC(CCc2ccncc2)C2CCCC2)cc1
c1ccc(CC(CCc2ccncc2)C2CCCC2)cc1
c1ccc(CC(CCc2ccncc2)C2CCCC2)cc1
c1ccc(CCNc2cnccc2CCCC2CCCC2)cc1
c1ccc(CCNc2cnccc2CCCC2CCCC2)cc1
c1ccc(CNc2cnccc2CCCC2CCCC2)cc1
c1ccc(CNc2cnccc2CCCC2CCCC2)cc1
c1ccc(CNc2cnccc2CCCC2CCCC2)cc1
c1ccc(CNc2cnccc2CCCC2CCCC2)cc1
c1ccc(CNc2cnccc2CCCC2CCCC2)cc1
C1=C(CC(CCc2ccncc2NCc2ccccc2)C2CCCC2)C1
c1ccc(CNc2cnccc2CCC(CC2CC2)C2CCCC2)cc1
c1ccc(CCNc2cnccc2CCC(CC2CC2)C2CCCC2)cc1
c1ccc(CCNc2cnccc2CCC(CC2CC2)C2CCCCC2)cc1
c1ccc(CCNc2cnccc2CCC(CCC2CC2)C2CCCCC2)cc1
c1ccc(CCNc2cnccc2CCC(CCC2CC2)C2CCCCC2)cc1
c1ccc(CCNc2cnccc2CCC(CCC2CC2)C2CCCCCC2)cc1
c1ccc(CCNc2cnccc2CCCC2CCCCCC2)cc1
c1ccc(CCNc2cnccc2CCC(CC2CC2)C2CCCCCC2)cc1
c1ccc(CCNc2cnccc2CCC(C2CCCCCC2)C2CC2)cc1
c1ccc(CCNc2cnccc2CCCC2CCCCCC2)cc1
c1ccc(CCCC(CCc2ccncc2)C2CCCCCC2)cc1
c1ccc(CCC(CCc2ccncc2)C2CCCCCC2)cc1
c1ccc(CCC(CCc2ccncc2)C2CCCCCC2)cc1
c1ccc(CCC(CCCc2ccncc2)C2CCCCCC2)cc1
c1ccc(CCC(CCCc2ccncc2)C2CCCCC2)cc1
c1ccc(CCC(CCC2CNc3cnccc32)C2CCCCC2)cc1
c1ccc(CCC(CCC2CNc3cnccc32)C2CCCCCC2)cc1
c1ccc(CCC(CCC2CNc3cnccc32)C2CCCCCC2)cc1
c1ccc(CCC(CCC2CNc3cnccc32)C2CCCCCC2)cc1
c1ccc(CCC(CCC2Nc3cnccc32)C2CCCCCC2)cc1
c1ccc(CCC(CCC2Nc3cnccc32)C2CCCCCC2)cc1
c1ccc(CCC(CCC2Nc3cnccc32)C2CCCCCC2)cc1
c1ccc(CCC(CC2Nc3cnccc32)C2CCCCCC2)cc1
c1ccc(CCC(CC2Cc3ccncc3N2)C2CCCCCC2)cc1
c1ccc(CCC(CC2Cc3ccncc3N2)C2CCCCCCC2)cc1
c1ccc(CCC(CC2Cc3ccncc3N2)C2CCCCCCC2)cc1
c1ccc(CCC(CC2Cc3ccncc3N2)C2CCCCCCC2)cc1
c1ccc(CCC(CC2Cc3ccncc3N2)C2CCCCCCC2)cc1
c1ccc(CCC(Cc2cc3ccncc3[nH]2)C2CCCCCCC2)cc1
c1ccc(CCC(Cc2cc3ccncc3[nH]2)C2CCCCCC2)cc1
c1ccc(CCC(Cc2cc3ccncc3[nH]2)C2CCCCC2)cc1
c1ccc(CCC(Cc2cc3ccncc3[nH]2)C2CCCC2)cc1
O=C(CCC1CCCCc2ccccc21)Nc1ccc2c(=O)oncc2c1
O=C(CCC1CCCCc2ccccc21)Nc1ccc2c(=O)oncc2c1
O=C(CC1CCCc2ccccc2C1)Nc1ccc2c(=O)oncc2c1
O=C(CC1CCCc2ccccc2C1)Nc1ccc2c(=O)oncc2c1
O=C(CC1CCCc2ccccc2C1)Nc1ccc2c(=O)oncc2c1
O=C(CC1CCCc2ccccc2C1)Nc1ccccc1
c1ccc(NCCC2CCCc3ccccc3C2)cc1
c1ccc(N2OC2CC2CCCc3ccccc3C2)cc1
c1ccc(N2OC2CC2CCCc3ccccc3C2)cc1
c1ccc(N2OC2CC2CCCc3ccccc3C2)cc1
c1ccc(N2OC2CC2CCCc3ccccc3C2)cc1
c1ccc(N2OC2CCC2CCCc3ccccc3C2)cc1
c1ccc(N2OC2CC2CCCCc3ccccc32)cc1
c1ccc(N2OC2C2CCCCc3ccccc32)cc1
c1ccc(N2OC2C2CCCCc3ccccc32)cc1
c1ccc(N2OC2C2CCCCc3ccccc32)cc1
c1ccc(N2OC2C2CCCCc3ccccc3C2)cc1
c1ccc(N2OC2C2CCCCc3ccccc3C2)cc1
c1ccc(N2OC2C2CCCCc3ccccc3C2)cc1
c1ccc(N2OC2C2CCCCc3ccccc3C2)cc1
c1ccc(N2OC2C2CCCCc3ccccc3C2)cc1
c1ccc(N2NC2C2CCCCc3ccccc3C2)cc1
c1ccc(N2NC2C2CCCCc3ccccc3C2)cc1
c1ccc(N2CC(C3CCCCc4ccccc4C3)N2)cc1
c1ccc(N2CC(C3CCCCc4ccccc4C3)N2)cc1
c1ccc(N2CC(C3CCCCc4cccnc4C3)N2)cc1
c1ccc(N2CC2C2CCCCc3cccnc3C2)cc1
C1=C(C2CCCCc3cccnc3C2)N1c1ccccc1
C1=C(C2CCCCc3cccnc3C2)N(c2ccccc2)C1
C1=C(C2CCCCc3cccnc3C2)N(c2ccccc2)C1
C1=C(C2CCCCc3cccnc3C2)N(c2ccccc2)C1
C1=C(C2CCCCc3cccnc3C2)CN(c2ccccc2)C1
C1=C(C2CCCCc3cccnc3C2)CN(c2ccccc2)C1
C1=C(C2CCCCc3cccnc3C2)CCN(c2ccccc2)C1
C1=C(C2CCCCc3cccnc3C2)CCN(c2ccccc2)C1
C1=C(C2CCCCc3ccccc3C2)CCN(c2ccccc2)C1
C1=C(C2CCCCc3ccccc3C2)CCN(c2ccccc2)C1
C1=C(C2CCCCc3ccccc3C2)CCN(c2ccccc2)C1
C1=C(C2CCCCc3ccccc3C2)CCN(c2ccccc2)C1
C1=C(C2CCCCc3ccccc3C2)CCN(c2ccccc2)C1
C1=C(C2CCCCc3ccccc3C2)CCN(c2ccccc2)C1
C1=C(C2CCCCc3ncccc3C2)CCN(c2ccccc2)C1
C1=C(C2CCCCc3ncccc3C2)CCCN(c2ccccc2)C1
C1=C(C2CCCCc3ncccc3C2)CCCN(c2ccccc2)C1
C1=C(C2CCCCc3ncccc3C2)CCCN(c2ccccc2)C1
C1=C(C2CCCCc3ncccc3C2)CCCN(c2ccccc2)C1
C1=C(C2CCCCc3ncccc3C2)CCCN(c2ccccc2)C1
C1=C(C2CCCCc3ncccc3C2)CCCN(c2ccccc2)C1
C1=C(C2CCCCc3ncccc3C2)CCN(c2ccccc2)C1
C1=C(C2CCCCc3ccccc3C2)CCN(c2ccccc2)C1
C1=C(C2CCCCc3ccccc3C2)CCN(c2ccccc2)CC1
C1=C(C2CCCCc3ccccc3C2)CCN(c2ccccc2)CC1
C1=C(C2CCCCc3ccccc3C2)CCN(c2ccccc2)C1
C1=C(C2CCCCc3ccccc3C2)CCN(c2ccccc2)C1
C1=C(C2CCCCc3ccccc3C2)CCCN(c2ccccc2)C1
C1=C(C2CCCCc3ccccc3C2)CCCN(c2ccccc2)C1
C1=C(C2CCCCc3ccccc3C2)CCCN(c2ccccc2)C1
C1=C(C2CCCCc3ccccc3C2)CCC2C1N2c1ccccc1
C1=C(C2CCCCc3ccccc3C2)CC2C1N2c1ccccc1
C1=C(C2CCCCc3ccccc3C2)CC2C1N2c1ccccc1
C1=C(C2CCCCc3ccccc3C2)CC2C1N2c1ccccc1
C1=C(C2CCCCc3ccccc3C2)CC2=C1N2c1ccccc1
C1=C(C2CCCCc3ccccc3C2)CC2=C1N2c1ccccc1
C1=C(C2CCCCc3ccccc3C2)CC2=C1N2c1ccccc1
C1=C(C2CCCCc3ccccc3C2)CC2=C1N2c1ccccc1
C1=C(C2CCCCc3ccccc3C2)CC2=C1N2c1ccccc1
C1=C(C2CCCCc3ccccc3C2)CC2=C1N2c1ccccc1
C1=C(C2CCCCc3ccccc3C2)CCC2=C1N2c1ccccc1
C1=C(C2CCCCc3ccccc3C2)CCC2=C1N2c1ccccc1
C1=C(C2CCCCc3ccccc3C2)CCC2=C1N2c1ccccc1
C1=C(C2CCCCc3ccccc3C2)CCC2=C1N2c1ccccc1
C1=C(C2CCCCc3ccccc3C2)CCCC2=C1N2c1ccccc1
C1=C(C2CCCCc3ccccc3C2)CCCC2=C1N2c1ccccc1
C1=C(C2CCCCc3ccccc3C2)CCCCC2=C1N2c1ccccc1
C1=C(C2CCCCc3ccccc3C2)CCCCC2=C1N2c1ccccc1
C1=C(C2CCCCc3ccccc3C2)CCCCC2=C1N2c1ccccc1
C1=C(C2CCCCc3ccccc3C2)CCCCC2=C1N2c1ccccc1
C1=C(C2CCCCc3ccccc3C2)CCCCC2=C1N2c1ccccc1
C1=C(C2CCCCc3ccccc3C2)CCCCC2=C1N2c1ccccc1
C1=C(C2CCCCc3ccccc3C2)CCCCC2=C1N(c1ccccc1)C2
C1=C(C2CCCCc3ccccc3C2)CCCCC2=C1N(c1ccccc1)C2
C1=C(C2CCCCc3ccccc3C2)CCCCC2=C1N(c1ccccc1)CC2
C1=C(C2CCCCc3ccccc3C2)CCCCC2=C1N(c1ccccc1)CC2
C1=C(C2CCCCc3ccccc3C2)CCCCc2ccn(-c3ccccc3)c21
C1=C(C2CCCCc3ccccc3C2)CCCCc2ccn(-c3ccccc3)c21
C1=C(C2CCCCc3ccccc3C2)CCCCc2cnn(-c3ccccc3)c21
C1=C(C2CCCCc3ccccc3C2)CCCc2cnn(-c3ccccc3)c21
C1=C(C2CCCc3ccccc3C2)CCCc2cnn(-c3ccccc3)c21
C1=C(C2CCCc3ccccc3C2)CCCCc2cnn(-c3ccccc3)c21
C1=C(C2CCCc3ccccc3C2)CCCCc2cnn(-c3ccccc3)c21
C1=C(C2CCc3ccccc3C2)CCCCc2cnn(-c3ccccc3)c21
C1=C(C2CCc3ccccc3C2)CCCc2cnn(-c3ccccc3)c21
C1=C(C2CCc3c4ccc-4c3C2)CCCc2cnn(-c3ccccc3)c21
C1=C(C2Cc3c4ccc-4c3C2)CCCc2cnn(-c3ccccc3)c21
C1=C2CCC(C3=Cc4c(cnn4-c4ccccc4)CCC3)CCC2=C1
C=C1CCC(C2=Cc3c(cnn3-c3ccccc3)CCC2)CCC1=C
C=C1CCC(C2=Cc3c(cnn3-c3ccccc3)CCC2)CC1=C
C=C1CCCC(C2=Cc3c(cnn3-c3ccccc3)CCC2)C1
C=C1CCCC(C2=Cc3c(cnn3-c3ccccc3)CCCC2)C1
C=C1CCC(C2=Cc3c(cnn3-c3ccccc3)CCCC2)C1
C=C1CCC(C2=Cc3c(cnn3-c3ccccc3)CCC2)C1
C=C1CCC(C2=Cc3c(cnn3-c3ccccc3)CC2)C1
C=C1CCCC(C2=Cc3c(cnn3-c3ccccc3)CC2)C1
C=C1CCCC(C2=Cc3c(cnn3-c3ccccc3)C2)C1
C1=C(C2CCCCC2)Cc2cnn(-c3ccccc3)c21
C1=C2CCCCC2CCc2cnn(-c3ccccc3)c21
C1=C2CCCCC2Cc2cnn(-c3ccccc3)c21
O=C(CCC1CCCCc2ccccc21)Nc1ccc2c(=O)oncc2c1
O=C(CCC1CCCCc2ccccc21)Nc1ccc2c(=O)oncc2c1
O=C(CC1CCCc2ccccc2C1)Nc1ccc2c(=O)oncc2c1
O=C(CC1CCCc2ccccc2C1)Nc1ccc2c(=O)oncc2c1
O=C(CC1CCCc2ccccc2C1)Nc1ccc2c(=O)oncc2c1
O=C(CC1CCCc2cccc3c2C1CC3)Nc1ccc2c(=O)oncc2c1
O=C(CC1CCCc2cccc3c2C1C3)Nc1ccc2c(=O)oncc2c1
O=C(CC1CCCc2cccc3c2C1C3)Nc1ccc2c(=O)oncc2c1
O=C(CC1CCCc2cccc3c2C1C3)Nc1ccc2c(=O)oncc2c1
O=C(CC1CCCc2cccc3c2C1C3)Nc1ccc2c(=O)oncc2c1
O=C(CC1CCCc2cccc3c2C1C3)Nc1ccc2c(=O)oncc2c1
O=C(CC1CCCc2cccc3c2C1C3)Nc1ccccc1
O=C(CC1CCCc2cccc3c2C1C3)Nc1ccccc1
O=C(CC1CCCc2cccc3c2C1C3)Nc1ccccc1
O=C(CC1CCCc2cccc3c2C1C3)Nc1ccccc1
O=C(CC1CCCc2cccc3c2C1C3)Nc1ccccc1
O=C(CC1CCCc2cccc3c2C1C3)Nc1ccccc1
O=C(CCc1ccccc1)CC1CCCc2cccc3c2C1C3
c1ccc(CCCCC2CCCc3cccc4c3C2C4)cc1
c1ccc(CCCCC2CCCc3cccc4c3C2C4)cc1
c1ccc(CCCCC2CCCc3cccc4c3C2C4)cc1
c1ccc(CCCC2CCCc3cccc4c3C2C4)cc1
c1ccc(CCCCC2CCCc3cccc4c3C2C4)cc1
c1ccc(CCCCC2CCCc3cccc4c3C2C4)cc1
c1ccc(CCCCC2CCCc3cccc4c3C2C4)cc1
c1ccc(COCCC2CCCc3cccc4c3C2C4)cc1
c1ccc(COCCC2CCCc3cccc4c3C2C4)cc1
c1ccc(CCCCC2CCCc3cccc4c3C2C4)cc1
c1ccc(CCCC2CCCc3cccc4c3C2C4)cc1
c1ccc(CCCC2CCCc3cccc4c3C2C4)cc1
c1ccc(CCCC2CCCc3cccc4c3C2C4)cc1
c1ccc(CCCC2CCCc3cccc4c3C2C4)cc1
c1ccc(CC2CCC2C2CCCc3cccc4c3C2C4)cc1
c1ccc(CC2CCCC2C2CCCc3cccc4c3C2C4)cc1
c1ccc(CC2CCCC2C2CCCc3cccc4c3C2C4)cc1
c1ccc(CC2CCCCC2C2CCCc3cccc4c3C2C4)cc1
c1ccc(CC2CCCCC2C2CCc3cccc4c3C2C4)cc1
c1ccc(CC2CCCCCC2C2CCc3cccc4c3C2C4)cc1
c1ccc(CC2CCCCCCC2C2CCc3cccc4c3C2C4)cc1
c1ccc(CC2CCCCCCC2C2CCc3cccc4c3C2C4)cc1
c1ccc(CC2CCCCCC3C4Cc5cccc(c54)CCCC23)cc1
c1ccc(CC2CCCCCC3C4Cc5cccc(c54)CCC23)cc1
c1ccc(CC2CCCCCC3C4Cc5cccc(c54)CC23)cc1
c1ccc(CC2CCCCCC(C3Cc4ccccc43)C2)cc1
c1ccc(CC2CCCCCC(C3Cc4ccccc43)C2)cc1
c1ccc(CC2CCCCC(C3Cc4ccccc43)C2)cc1
c1ccc(CC2CCCCC(C3c4ccccc43)C2)cc1
c1ccc(CC2CCCCC(C3c4ccccc43)C2)cc1
c1ccc(CC2CCCCC(C3c4ccccc43)CC2)cc1
c1ccc(CC2CCCCC(Cc3ccccc3)CC2)cc1
c1ccc(CC2CCCCC(c3ccccc3)CC2)cc1
c1ccc(CC2CCCCN(c3ccccc3)CC2)cc1
c1ccc(CC2CCCCN(c3ccccc3)C2)cc1
c1ccc(CC2CCCCN(c3ccccc3)C2)cc1
c1ccc(CC2CCCCCN(c3ccccc3)C2)cc1
c1ccc(CC2CCCCCN(c3ccccc3)C2)cc1
c1ccc(CC2CCCCN(c3ccccc3)C2)cc1
c1ccc(CC2CCCCN(c3ccccc3)C2)cc1
C=C1CCCC(Cc2ccccc2)CN1c1ccccc1
C=C1CCCC(Cc2ccccc2)CN1c1ccccc1
C=C1CCCC(Cc2ccccc2)CN1c1ccccc1
C=C1CCCC(Cc2ccccc2)CN1c1ccccc1
C=C1CCCC(Cc2ccccc2)CN1c1ccccc1
c1ccc(CC2CCCC(=C3CCN3)N(c3ccccc3)C2)cc1
c1ccc(CC2CCCC(=C3CN3)N(c3ccccc3)C2)cc1
c1ccc(CC2CCCC(=C3CN3)N(c3ccccc3)C2)cc1
c1ccc(CC2CCCC(=C3CN3)N(c3ccccc3)C2)cc1
C=C1CCCC(Cc2ccccc2)CN1c1ccccc1
C=C1CCCC(Cc2ccccc2)CN1c1ccccc1
C=C1CCCC(Cc2ccccc2)CN1c1ccccc1
C=C1CCCC(Cc2ccccc2)CN1c1ccccc1
C=C1CCCC(Cc2ccccc2)CN1c1ccccc1
C=C1CCCC(Cc2ccccc2)CN1c1ccccc1
c1ccc(CC2CCCC(=C3CCN3)N(c3ccccc3)C2)cc1
C1=NC(=C2CCCC(Cc3ccccc3)CN2c2ccccc2)C1
C1=NC(=C2CCCCC(Cc3ccccc3)CN2c2ccccc2)C1
C1=NC1=C1CCCCC(Cc2ccccc2)CN1c1ccccc1
C=C1CCCCC(Cc2ccccc2)CN1c1ccccc1
C=C1CCCCC(Cc2ccccc2)CN1c1ccccc1
C=C1CCCCC(Cc2ccccc2)CN1c1ccccc1
C=C1CCCCC(Cc2ccccc2)CN1c1ccccc1
C=C1CCCC(Cc2ccccc2)CN(c2ccccc2)C1
C=C1CCCC(Cc2ccccc2)CN1c1ccccc1
C=C1CCCC(Cc2ccccc2)CN1c1ccccc1
C=C1CCCC(Cc2ccccc2)CN1c1ccccc1
C=C1CCCC(Cc2ccccc2)CN1c1ccccc1
C=C1CCCC(Cc2ccccc2)CN1c1ccccc1
C=C1CCCC(Cc2ccccc2)CN1c1ccccc1
C=C1CCCC(Cc2ccccc2)CN1c1ccccc1
C1=CN(c2ccccc2)CC(Cc2ccccc2)CCC1
C1=CN(c2ccccc2)CC(Cc2ccccc2)CCC1
C1=CN(c2ccccc2)CC(Cc2ccccc2)CCC1
C1=CN(c2ccccc2)CC(Cc2ccccc2)CCC1
C1=CN(c2ccccc2)CC(Cc2ccccc2)CCC1
C1=CN(c2ccccc2)CC(Cc2ccccc2)CCC1
C1=CN(c2ccccc2)CC(Cc2ccccc2)CCC1
C1=CN(c2ccccc2)CC(Cc2ccccc2)CCC1
C1=CN(c2ccccc2)CC(Cc2ccccc2)CCC1
C1=CN(c2ccccc2)CC(Cc2ccccc2)CCC1
C1=CN(c2ccccc2)CC(Cc2ccccc2)CCC1
C1=CN(c2ccccc2)CC(Cc2ccccc2)CCC1
C1=CN(c2ccccc2)CC(Cc2ccccc2)CCC1
C1=CN(c2ccccc2)CC(Cc2ccccc2)CCC1
C1=CN(c2ccccc2)CC(Cc2ccccc2)CCC1
C1=CN(c2ccccc2)CC(Cc2ccccc2)CCC1
C1=CN(c2ccccc2)CC(Cc2ccccc2)CCC1
C1=CN(c2ccccc2)CC(Cc2ccccc2)CCC1
C1=CN(c2ccccc2)CC(Cc2ccccc2)CCC1
C1=CN(c2ccccc2)CC(Cc2ccccc2)CCC1
C1=C(C2CC2)CCCC(Cc2ccccc2)CN1c1ccccc1
C1=C(C2CC2Cc2ccccc2)CCCCCN1c1ccccc1
C1=C(C2CCC2Cc2ccccc2)CCCCCN1c1ccccc1
C1=C(C2CCC2Cc2ccccc2)CCCCCN1c1ccccc1
C1=C(C2CCC2Cc2ccccc2)CCCCCN1c1ccccc1
C1=C(C2CCC2Cc2ccccc2)CCCCCN1c1ccccc1
C1=C(C2CC2Cc2ccccc2)CCCCCN1c1ccccc1
C1=C(C2CC2Cc2ccccc2)CCCCCN1c1ccccc1
C1=C(C2CC2Cc2ccccc2)CCCCN1c1ccccc1
C1=C(C2CC2Cc2ccccc2)CCCCN(c2ccccc2)O1
C1=C(C2CC2Cc2ccccc2)CCCN(c2ccccc2)O1
C1=C(C2CC2Cc2ccccc2)CCCN(c2ccccc2)C1
C1=C(C2CCC2Cc2ccccc2)CCCN(c2ccccc2)C1
C1=C(C2CCC2Cc2ccccc2)CCCN1c1ccccc1
C1=C(C2CCC2Cc2ccccc2)CCCN(c2ccccc2)N1
C1=C(C2CCC2Cc2ccccc2)CCN(c2ccccc2)N1
C1=C(C2CCC2Cc2ccccc2)CCN(c2ccccc2)C1
C1=C(C2CCC2Cc2ccccc2)CCN(c2ccccc2)NC1
C1=NN(c2ccccc2)CCC(C2CCC2Cc2ccccc2)=C1
C1=NN(c2ccccc2)CCC(C2CCCC2Cc2ccccc2)=C1
C1=NN(c2ccccc2)CC(C2CCCC2Cc2ccccc2)=C1
c1ccc(CC2CCCC2c2ccnn2-c2ccccc2)cc1
c1ccc(CC2CCCCC2c2ccnn2-c2ccccc2)cc1
c1ccc(CC2CCCCC2c2ccnn2-c2ccccc2)cc1
c1ccc(CC2CCCCC2c2ccnn2-c2ccccc2)cc1
c1ccc(CC2CCCC3CCc4cnn(-c5ccccc5)c4C32)cc1
c1ccc(CC2CCCCC3CCc4cnn(-c5ccccc5)c4C32)cc1
c1ccc(CC2CCCCC3CCc4cnn(-c5ccccc5)c4CC32)cc1
c1ccc(CC2CCCCC3CCc4cnn(-c5ccccc5)c4CCC32)cc1
c1ccc(CC2CCCCC3Cc4cnn(-c5ccccc5)c4CCC23)cc1
c1ccc(CC2CCCC3Cc4cnn(-c5ccccc5)c4CCC23)cc1
c1ccc(CC2CCCC3CCc4cnn(-c5ccccc5)c4CCC32)cc1
C1=CC2C(CCCC2Cc2ccccc2)CCc2cnn(-c3ccccc3)c21
C1=C2CCC(Cc3ccccc3)CC2CCc2cnn(-c3ccccc3)c21
C1=C2CCC(Cc3ccccc3)CC2CCc2cnn(-c3ccccc3)c21
C1=C2CCC(Cc3ccccc3)CC2CCCc2cnn(-c3ccccc3)c21
C1=C2CCC(Cc3ccccc3)C2CCCc2cnn(-c3ccccc3)c21
C1=C2CCC(Cc3ccccc3)C2CCc2cnn(-c3ccccc3)c21
C1=C2CCCC(Cc3ccccc3)C2CCc2cnn(-c3ccccc3)c21
C1=C2CCCC(Cc3ccccc3)C2Cc2cnn(-c3ccccc3)c21
c1ccc(ON=C2CCNc3ccc(-c4cccc5cc[nH]c45)cc32)cc1
C(CCNc1ccc(-c2cccc3cc[nH]c23)cc1)=NOc1ccccc1
C(CCNc1ccc(-c2cccc3cc[nH]c23)cc1)=NNc1ccccc1
C(CCNc1ccc(-c2cncc3cc[nH]c23)cc1)=NNc1ccccc1
C(CCNc1ccc(-c2cncc3cc[nH]c23)cc1)=NNc1ccccc1
C1=Cc2cncc(-c3ccc(NCCC=NNc4ccccc4)cc3)c2C1
C(CCNc1ccc(-c2cncc3c2CC3)cc1)=NNc1ccccc1
C(CCNc1ccc(-c2cncc3c2CC3)cc1)=NNc1ccccc1
C(CCNc1ccc(-c2cncc3c2CC3)cc1)=NCc1ccccc1
C(CCNc1ccc(-c2cncc3c2CCC3)cc1)=NCc1ccccc1
C(CCNc1ccc(-c2cncc3c2CCC3)cc1)=NCc1ccccc1
C(=CCc1ccccc1)CCNc1ccc(-c2cncc3c2CCC3)cc1
C(=CCc1ccccc1)CCNc1ccc(-c2cncc3c2CCCC3)cc1
C(=CCc1ccccc1)CCNc1ccc(-c2cncc3c2CCC3)cc1
C(=CCc1ccccc1)CCNc1ccc(-c2cncc3c2CCC3)cc1
c1ccc(CC2CCc3cncc(-c4ccccc4)c32)cc1
c1ccc(CC2CCc3cncc(-c4ccccc4)c32)cc1
c1ccc(CC2CCc3cncc(-c4ccccc4)c32)cc1
c1ccc(CC2CCc3cncc(-c4ccccc4)c32)cc1
c1ccc(CC2CCCc3cncc(-c4ccccc4)c32)cc1
c1ccc(CC2CCCc3cncc(-c4ccccc4)c32)cc1
c1ccc(CC2CCCc3cncc(-c4ccccc4)c32)cc1
c1ccc(CC23CCCc4ccccc4-c4cncc(c42)CCC3)cc1
c1ccc(CC23CCCCc4cncc(c42)-c2ccccc2CCC3)cc1
c1ccc(CC23CCCC2CCc2ccccc2-c2cnccc23)cc1
c1ccc(CC23CCCCC2CCc2ccccc2-c2cnccc23)cc1
c1ccc(CC23CCCCCC2CCc2ccccc2-c2cnccc23)cc1
c1ccc(CC23CCCCCC2CCc2ccccc2-c2cnccc23)cc1
c1ccc(CC23CCCCCCC2CCc2ccccc2-c2cnccc23)cc1
c1ccc(CC23CCCCCC2CCc2ccccc2-c2cnccc23)cc1
c1ccc(CC23CCCCCC2CCc2ccccc2-c2cnccc23)cc1
c1ccc(CC23CCCCCC2CCc2cncc(-c4ccccc4)c23)cc1
c1ccc(CC23CCCCCC2CCc2cncc(-c4ccccc4)c23)cc1
c1ccc(CC23CCCCCC2CCc2cncc(-c4ccccc4)c23)cc1
c1ccc(CC23CCCCCC2CCc2cncc(-c4ccccc4)c23)cc1
c1ccc(CC23CCCCCC2CCc2cncc(-c4ccccc4)c23)cc1
c1ccc(CC23CCCCCC2CCc2cncc(-c4ccccc4)c23)cc1
c1ccc(CC23CCCCCC2CCc2c3ccnc2-c2ccccc2)cc1
c1ccc(CC2CCCC3(Cc4ccccc4)c4ccncc4CCC3C2)cc1
c1ccc(CC2CCC3(Cc4ccccc4)c4ccncc4CCC3C2)cc1
c1ccc(CC23CCC(c4ccccc4)CC2CCc2cnccc23)cc1
c1ccc(CC23CCC(c4ccccc4)CC2CCc2cnccc23)cc1
c1ccc(CC23CCC(c4ccccc4)CC2CCc2ccccc23)cc1
c1ccc(CC23CCC(c4ccccc4)CC2CCc2ccccc23)cc1
c1ccc(CC23CCC(c4ccccc4)CC2CCc2ccccc23)cc1
c1ccc(CC23CCC(c4ccccc4)CC2CCc2ccccc23)cc1
c1ccc(CC23CCC(c4ccccc4)CC2CCc2ccccc23)cc1
c1ccc(CC23CCC(c4ccccn4)CC2CCc2ccccc23)cc1
c1ccc(CC23CCC(Cc4ccccn4)CC2CCc2ccccc23)cc1
c1ccc(CC23CCC(Cc4ccccn4)CC2CCc2ccccc23)cc1
c1ccc(CC23CCC(CNc4ccccn4)CC2CCc2ccccc23)cc1
c1ccc(CC23CCC(CNc4ccccn4)CC2CCc2ccccc23)cc1
c1ccc(CC23CCC(CNc4ccccn4)CC2CCc2ccccc23)cc1
c1ccc(CC23CCC(CNc4ccccn4)CC2CCc2ccccc23)cc1
c1ccc(CC23CCC(CNc4cnccn4)CC2CCc2ccccc23)cc1
c1ccc(CC23CCC(CNc4cnccn4)CC2CCc2ccccc23)cc1
c1ccc(CC23CCC(CNc4cnccn4)CC2CCc2ccccc23)cc1
c1ccc(CC23CCC(Nc4cnccn4)CC2CCc2ccccc23)cc1
c1ccc(CC23CCC(Nc4cnccn4)CC2CCc2ccccc23)cc1
c1ccc(CC23CCC(Nc4cnccn4)CC2CCc2ccccc23)cc1
c1ccc(CC23CCC(Nc4cnccn4)CC2CCc2ccccc23)cc1
c1ccc(CC23CCC(CNc4cnccn4)CC2CCc2ccccc23)cc1
c1ccc(CC23CCC(CNc4cnccn4)CC2CCc2ccccc23)cc1
c1ccc(CC23CCC(CNc4cnccn4)CC2CCc2ccccc23)cc1
c1ccc(CC23CCC(CNc4cnccn4)CC2CCc2ccccc23)cc1
c1ccc(CC23CCC(CNc4cnccn4)CC2CCc2ccccc23)cc1
c1ccc(CC23CCC(CCc4cnccn4)CC2CCc2ccccc23)cc1
c1ccc(CC23CCCC(CCc4cnccn4)CC2CCc2ccccc23)cc1
c1ccc(CC23CCCC(CNc4cnccn4)CC2CCc2ccccc23)cc1
c1ccc(CC23CCCC(CNc4cnccn4)CC2CCc2ccccc23)cc1
c1ccc(CC23CCCC(CNc4cnccn4)CC2CCc2ccccc23)cc1
c1ccc(CC23CCCC(CNc4cnccn4)CC2CCc2ccccc23)cc1
c1ccc(CC23CCCCC(CNc4cnccn4)CC2CCc2ccccc23)cc1
c1ccc(CC23CCCCC(CNc4cnccn4)CC2CCc2ccccc23)cc1
c1ccc(CC23CCCCC(CNc4cnccn4)CC2CCc2ccccc23)cc1
c1ccc(CC23CCCC(CNc4cnccn4)CC2CCc2ccccc23)cc1
c1ccc(CC23CCCC(CNc4cnccn4)CC2CCc2ccccc23)cc1
c1ccc(CC23CCCC(CNc4cnccn4)CC2CCc2ccccc23)cc1
c1ccc(CC23CCCC(CNc4cnccn4)CC2CCc2ccccc23)cc1
c1ccc(CC23CCCC(CNc4cnccn4)CC2CCc2ccccc23)cc1
c1ccc(CC23CCCC(CNc4cnccn4)CC2CCc2ccccc23)cc1
c1ccc(CC23CCCC(CNc4cnccn4)CC2CCc2ccccc23)cc1
c1ccc(CC23CCC(CNc4cnccn4)CC2CCc2ccccc23)cc1
c1ccc(CC23CCC(CNc4cnccn4)CC2CCc2ccccc23)cc1
c1ccc(CC23CCC(CNc4cnccn4)CC2CCc2ccccc23)cc1
c1ccc(CC23CCC(CNc4cnccn4)CC2CCc2ccccc23)cc1
c1ccc(CC23CCC(CNc4cnccn4)CC2CCc2ccccc23)cc1
c1ccc(CC23CCC(CNc4cnccn4)CC2CCc2ccccc23)cc1
c1ccc(CC23CCC(CNc4cnccn4)CC2CCc2ccccc23)cc1
c1ccc(CC23CCC(CNc4cnccn4)CC2CCc2ccccc23)cc1
c1ccc(CC23CCC(CNc4cnccn4)CC2CCc2ccccc23)cc1
O=C(NNc1cnccn1)c1ccc2c(c1)CCC1CCCCC21Cc1ccccc1
O=C(NNc1cnccn1)c1ccc2c(c1)CCC1CCCCC21Cc1ccccc1
O=C(Nc1cnccn1)c1ccc2c(c1)CCC1CCCCC21Cc1ccccc1
O=C(Nc1cnccn1)c1ccc2c(c1)CCC1CCCCC21Cc1ccccc1
O=C(Nc1cnccn1)c1ccc2c(c1)CCC1CCCCC21Cc1ccccc1
O=C(Nc1cnccn1)c1ccc2c(c1)CCCC1CCCCC21Cc1ccccc1
O=C(Nc1cnccn1)c1ccc2c(c1)CCCC1CCCCC21Cc1ccccc1
O=C(Nc1cnccn1)c1ccc2c(c1)CCCC1CCCCC21Cc1ccccc1
O=C(Nc1cnccn1)c1ccc2c(c1)CCCC1CCCCC21Cc1ccccc1
O=C(Nc1cnccn1)c1ccc2c(c1)CCCC1CCCCC21Cc1ccccc1
O=C(Nc1cnccn1)c1ccc2c(c1)CCCC1CCCCC21Cc1ccccc1
O=C(Nc1cnccn1)c1ccc2c(c1)CCC1CCCCC21Cc1ccccc1
O=C(Nc1cnccn1)c1ccc2c(c1)CCC1CCCCC21Cc1ccccc1
O=C(Nc1cnccn1)c1ccc2c(c1)CCC1CCCCCC21Cc1ccccc1
O=C(Nc1cnccn1)c1ccc2c(c1)CCC1CCCCCC21Cc1ccccc1
O=C(Nc1cnccn1)c1ccc2c(c1)CCC1CCCCCC21Cc1ccccc1
O=C(Nc1cnccn1)c1ccc2c(c1)CCC1CCCCCC21Cc1ccccc1
O=C(Nc1cnccn1)c1ccc2c(c1)CCC1CCCCC21Cc1ccccc1
O=C(Nc1cnccn1)c1ccc2c(c1)CCC1CCCCC21Cc1ccccc1
O=C(Nc1cnccn1)c1ccc2c(c1)CCC1CCCCC21Cc1ccccc1
c1ccc(ON=C2CCNc3ccc(-c4cccc5cc[nH]c45)cc32)cc1
c1ccc(ON=C2CCNc3ccc(-c4ccccc4)cc32)cc1
c1ccc(ON=C2CCNc3ccc(-c4ccccc4)cc32)cc1
C(CCNc1ccc(-c2ccccc2)cc1)=NOc1ccccc1
C(CCNc1ccc(-c2ccccc2)cc1)=NOc1ccccc1
C(CCNc1ccc(-c2ccccc2)cc1)=NCOc1ccccc1
C(CCNc1ccc(-c2ccccc2)cc1)=NCOc1ccccc1
C(CCNc1ccc(-c2ccccc2)cc1)=NCOc1ccccc1
C(CCNc1ccc2c(c1)CCCNc1ccccc1-2)=NCOc1ccccc1
C(CCNc1ccc2c(c1)CCCNc1ccccc1-2)=NCOc1ccccc1
C(CCNc1ccc2c(c1)CCCCc1ccccc1-2)=NCOc1ccccc1
C(CCNc1ccc2c(c1)CCCCc1ccccc1-2)=NCOc1ccccc1
C(CCNc1ccc2c(c1)CCCCc1ccccc1-2)=NCOc1ccccc1
c1ccc(OCNCCCNc2ccc3c(c2)CCCCc2ccccc2-3)cc1
c1ccc(OCNCCCNc2ccc3c(c2)CCCC3c2ccccc2)cc1
c1ccc(OCNCCCNc2ccc3c(c2)CCCC3c2ccccc2)cc1
c1ccc(OCNCCCNc2ccc3c(c2)CCCC3c2ccccc2)cc1
c1ccc(OCNC2CCc3ccccc3C2c2ccccc2)cc1
c1ccc(OCNC2CCc3ccccc3C2c2ccccc2)cc1
c1ccc(OCNC2CCc3ccccc3C2c2ccccc2)cc1
c1ccc(OCNC2CCc3ccccc3C2c2cccnc2)cc1
c1ccc(OCNC2CCc3ccccc3C(c3cccnc3)C2)cc1
c1ccc(OCNC2CCc3ccccc3C(c3cccnc3)C2)cc1
c1ccc(OCCC2CCc3ccccc3C(c3cccnc3)C2)cc1
c1ccc(OCC2CCc3ccccc3C(c3cccnc3)C2)cc1
c1ccc(OCC2CCc3ccccc3C(Cc3cccnc3)C2)cc1
c1ccc(OCC2CCc3ccccc3C(Cc3cccnc3)C2)cc1
c1ccc(OCC2CCc3ccccc3C(Cc3cccnc3)C2)cc1
c1ccc(OCC2CCc3ccccc3C(Cc3cccnc3)C2)cc1
c1ccc(OCC2CCc3ccccc3C(Cc3cccnc3)C2)cc1
c1cncc(CC2CC(COc3ccc4c(c3)CC4)CCc3ccccc32)c1
c1cncc(CC2CC(COc3ccc4c(c3)CC4)CCc3ccccc32)c1
c1cncc(COc2ccc3c(c2)CCC(COc2ccc4c(c2)CC4)CC3)c1
c1cncc(COc2ccc3c(c2)CCC(COc2ccc4c(c2)C4)CC3)c1
c1cncc(COc2ccc3c(c2)CCC(Oc2ccc4c(c2)C4)CC3)c1
c1cncc(COc2ccc3c(c2)CCC(C2c4ccccc42)CC3)c1
c1cncc(COc2ccc3c(c2)CCC(C2c4ccccc42)CC3)c1
c1cncc(COc2ccc3c(c2)CCC(C2c4ccccc42)CC3)c1
c1cncc(COc2ccc3c(c2)CCC(C2Cc4ccccc42)CC3)c1
c1cncc(COc2ccc3c(c2)CCC(C2Cc4ccccc42)CC3)c1
c1cncc(COc2ccc3c(c2)CCC(C2Cc4ccccc42)CC3)c1
c1cncc(COc2ccc3c(c2)CCC(C2Cc4ccccc42)CC3)c1
c1cncc(COc2ccc3c(c2)CCC(C2Cc4ccccc42)CCC3)c1
c1cncc(COc2ccc3c(c2)CCC(C2Cc4ccccc42)CCC3)c1
c1cncc(COc2ccc3c(c2)CCC(C2CCc4ccccc42)CCC3)c1
c1cncc(COc2ccc3c(c2)CCC(C2CCc4ccccc42)CCC3)c1
c1cncc(COc2ccc3c(c2)CCC(C2CCc4ccccc42)CCC3)c1
c1cncc(COc2ccc3c(c2)CCC3C2CCCc3ccccc3CC2)c1
c1cncc(COc2ccc3c(c2)CCC3C2CCCc3ccccc3CC2)c1
c1cncc(COc2ccc3c(c2)CCC3C2CCc3ccccc3CC2)c1
C1=C2CCC(C3CCc4cc(OCc5cccnc5)ccc43)CCC2=CC1
C1=C2CCC(C3CCc4cc(OCc5cccnc5)ccc43)CCC2=CC1
C1=C2CCC(C3CCCc4cc(OCc5cccnc5)ccc43)CCC2=CC1
C1=C2CCC(C3CCCCc4cc(OCc5cccnc5)ccc43)CCC2=CC1
C1=C2CCC(C3CCCCc4cc(OCc5cccnc5)ccc43)CCC2=CC1
C1=C2CCC(C3CCCCc4cc(OCc5cccnc5)ccc43)CCC2=C1
C1=C2CCC(C3CCCCc4cc(OCc5cccnc5)ccc43)CC2=C1
C1=C2CCC(C3CCCCc4cc(OCc5cccnc5)ccc43)CC12
C1=C2CC(C3CCCCc4cc(OCc5cccnc5)ccc43)CC12
C1=C2CC(C3CCCCc4cc(OCc5cccnc5)ccc43)CC12
c1cncc(COc2ccc3c(c2)CCCCC3C2CCCC2)c1
C=C1CCc2cc(OCc3cccnc3)ccc2C(C2CCCC2)C1
c1cncc(COc2ccc3c(c2)CCCCC3C2CCCC2)c1
c1cncc(COc2ccc3c(c2)CCCCCC3C2CCCC2)c1
c1cncc(COc2ccc3c(c2)CCCCCC3C2CCCC2)c1
c1cncc(COc2ccc3c(c2)CCCCCC3C2CCCCC2)c1
c1cncc(COc2ccc3c(c2)CCCCCC3C2CCCCC2)c1
c1cncc(COc2ccc3c(c2)CCCCC3C2CCCCC2)c1
c1cncc(COc2ccc3c(c2)CCCC3C2CCCCC2)c1
c1cncc(COc2ccc3c(c2)CCCC3C2CCCCC2)c1
c1cncc(COc2ccc3c(c2)CCC2CCCCCCC32)c1
c1cncc(COc2ccc3c(c2)CCC2CCCCCCC32)c1
C1=CCC2c3ccc(OCc4cccnc4)cc3CCC2CCC1
C1=CCC2c3ccc(OCc4cccnc4)cc3CCC2CCC1
c1cncc(COc2ccc3c(c2)CCC2CCCCC32)c1
C1=C(CC2CCC3c4ccc(OCc5cccnc5)cc4CCC3C2)C1
C1=C(C2CCC3c4ccc(OCc5cccnc5)cc4CCC3C2)C1
C1=C(C2CCC3c4ccc(OCc5cccnc5)cc4CCC3C2)C1
c1cncc(COc2ccc3c(c2)CCC2CCCCC32)c1
c1cncc(COc2ccc3c(c2)CCC2CCCCC32)c1
c1cncc(COc2ccc3c(c2)CCC2CCCCC32)c1
c1cncc(COc2ccc3c(c2)CCC2CCCCC32)c1
c1cncc(COc2ccc3c(c2)CCC2CCCCC32)c1
c1ccc(ON=C2CCNc3ccc(-c4cccc5cc[nH]c45)cc32)cc1
C(=NOc1ccccc1)c1cccc(-c2cccc3cc[nH]c23)c1
C(=NCc1ccccc1)c1cccc(-c2cccc3cc[nH]c23)c1
C(=NCc1ccccc1)c1cccc(-c2cccc3cn[nH]c23)c1
C(=NCc1ccccc1)c1cccc(-c2cccc3cn[nH]c23)c1
C(=NCc1ccccc1)c1cccc(-c2cccc3cn[nH]c23)c1
C(=NCc1ccccc1)c1cccc(-c2cccc3cn[nH]c23)c1
C(=Cc1cccc(-c2cccc3cn[nH]c23)c1)c1ccccc1
C(=Cc1cccc(-c2cccc3cn[nH]c23)c1)c1ccccc1
c1ccc(Cc2cccc(-c3cccc4cn[nH]c34)c2)cc1
c1ccc(Cc2cccc(-c3cccc4cn[nH]c34)c2)cc1
c1ccc(Cc2ccc3c(c2)-c2cccc4cnn(c24)C3)cc1
c1ccc(Cc2ccc3c(c2)c2cccc4cnn3c42)cc1
c1ccc(Cc2ccc3c(c2)c2cccc4cnn3c42)cc1
c1ccc(Cc2ccc3c(c2)Cc2cccc4cnn-3c24)cc1
c1ccc(Cc2ccc3c(c2)CCc2cccc4cnn-3c24)cc1
c1ccc(Cc2ccc3c(c2)CCc2cccc4cnn-3c24)cc1
c1ccc(Cc2ccc3c(c2)CCc2cccc4cnn-3c24)cc1
c1ccc(Cc2ccc3c(c2)CCc2cccc4cnn-3c24)cc1
c1ccc(Cc2ccc3c(c2)CCc2cccc4cnn-3c24)cc1
c1ccc(Cc2ccc3c(c2)CCCc2cccc4cnn-3c24)cc1
c1ccc(CCCNc2ccc3c(c2)-n2ncc4cccc(c42)CCC3)cc1
c1ccc(CCCNc2ccc3c(c2)-n2ncc4cccc(c42)CCC3)cc1
c1ccc(CC2CN2c2ccc3c(c2)-n2ncc4cccc(c42)CCC3)cc1
c1ccc(CC2CN2c2ccc3c(c2)-n2ncc4cccc(c42)CCC3)cc1
c1ccc(CC2CN2c2ccc3c(c2)-n2ncc4cccc(c42)CCC3)cc1
c1ccc(CC2CN(c3ccc4c(c3)-n3ncc5cccc(c53)CCC4)C2)cc1
c1ccc(CC2CN(c3ccc4c(c3)-n3ncc5cccc(c53)CCC4)C2)cc1
c1ccc(CC2CCN(c3ccc4c(c3)-n3ncc5cccc(c53)CCC4)C2)cc1
c1ccc(CC2CCCN(c3ccc4c(c3)-n3ncc5cccc(c53)CCC4)C2)cc1
c1ccc(CC2CCCN(c3ccc4c(c3)-n3ncc5cccc(c53)CCC4)C2)cc1
c1ccc(CC2CCCN(c3ccc4c(c3)-n3ncc5cccc(c53)CC4)C2)cc1
c1ccc(CCC2CCCN(c3ccc4c(c3)-n3ncc5cccc(c53)CC4)C2)cc1
c1ccc(CC2CCCCN2c2ccc3c(c2)-n2ncc4cccc(c42)CC3)cc1
c1ccc(CC2CCCCCN2c2ccc3c(c2)-n2ncc4cccc(c42)CC3)cc1
c1ccc(C2CCCCCN2c2ccc3c(c2)-n2ncc4cccc(c42)CC3)cc1
c1ccc(C2CCCCCN2c2ccc3c(c2)-n2ncc4cccc(c42)CC3)cc1
c1ccc(C2CCCCN2c2ccc3c(c2)-n2ncc4cccc(c42)CC3)cc1
c1ccc(C2CCCCN2c2ccc3c(c2)-n2ncc4cccc(c42)CC3)cc1
c1ccc(C2CCCCCN2c2ccc3c(c2)-n2ncc4cccc(c42)CC3)cc1
c1ccc(C2CCCCCN2c2ccc3c(c2)-n2ncc4cccc(c42)CC3)cc1
c1ccc(C2CCCCCN2c2ccc3c(c2)-n2ncc4cccc(c42)CC3)cc1
c1ccc(C2CCCCCN2c2ccc3c(c2)-n2ncc4cccc(c42)CC3)cc1
c1ccc(C2CCCCCN2c2ccc3c(c2)-n2ncc4cccc(c42)CC3)cc1
c1ccc(C2CCCCCN(c3ccc4c(c3)-n3ncc5cccc(c53)CC4)C2)cc1
c1ccc(C2CCCCN(c3ccc4c(c3)-n3ncc5cccc(c53)CC4)C2)cc1
c1ccc(C2CCCCN(c3ccc4c(c3)-n3ncc5cccc(c53)CC4)C2)cc1
c1ccc(C2CCCCN(c3ccc4c(c3)-n3ncc5cccc(c53)CCC4)C2)cc1
c1ccc(C2CCCCN(c3ccc4c(c3)-n3ncc5cccc(c53)CCC4)C2)cc1
c1ccc(C2CCCCN(c3ccc4c(c3)-n3ncc5cccc(c53)CCC4)C2)cc1
c1ccc(C2CCCCN(c3ccc4c(c3)-n3ncc5cccc(c53)CC4)C2)cc1
c1ccc(C2CCCCN(c3ccc4c(c3)-n3ncc5cccc(c53)CC4)C2)cc1
c1ccc(C2CCCCN(c3ccc4c(c3)-n3ncc5cccc(c53)CC4)C2)cc1
c1ccc(C2CCCCN(c3ccc4c(c3)-n3ncc5cccc(c53)CC4)C2)cc1
c1ccc(C2CCCCN(c3ccc4c(c3)-n3ncc5cccc(c53)CC4)CC2)cc1
c1ccc(C2CCCCN(c3ccc4c(c3)-n3ncc5cccc(c53)CC4)CC2)cc1
c1ccc(C2CCCCN(c3ccc4c(c3)-n3ncc5cccc(c53)CC4)CC2)cc1
c1ccc(C2CCCCN(c3ccc4c(c3)-n3ncc5cccc(c53)CCC4)CC2)cc1
c1ccc(C2CCCCN(c3ccc4c(c3)-n3ncc5cccc(c53)CCC4)CC2)cc1
c1ccc(C2CCCCN(c3ccc4c(c3)-n3ncc5cccc(c53)CCC4)CC2)cc1
c1ccc(C2CCCCN(c3ccc4c(c3)-n3ncc5cccc(c53)CC4)CC2)cc1
c1ccc(C2CCCCN(c3ccc4c(c3)-n3ncc5cccc(c53)CC4)CC2)cc1
c1ccc(C2CCCCN(c3ccc4c(c3)-n3ncc5cccc(c53)C4)CC2)cc1
c1ccc(C2CCCCN(c3ccc4c(c3)-n3ncc5cccc(c53)C4)CC2)cc1
c1ccc(C2CCCCN(c3ccc4c(c3)-n3ncc5cccc(c53)C4)CC2)cc1
c1ccc(C2CCCCN(c3ccc4c(c3)-n3ncc5cccc(c53)C4)CC2)cc1
c1ccc(C2CCCCN(c3cccc(-n4ncc5ccccc54)c3)CC2)cc1
c1ccc(C2CCCCN(c3cccc(-n4ncc5ccccc54)c3)C2)cc1
c1ccc(C2CCCCN(c3ccc4cnn(-c5ccccc5)c4c3)C2)cc1
c1ccc(C2CCCCN(c3ccc4cnn(-c5ccccc5)c4c3)C2)cc1
c1ccc(C2CCCCN(c3ccc4cnn(-c5ccccc5)c4c3)C2)cc1
c1ccc(C2CCCCN(c3ccc4cnn(-c5ccccc5)c4c3)C2)cc1
C1=C(N2CCCCC(c3ccccc3)C2)Cc2cnn(-c3ccccc3)c21
C1=C(N2CCCCCC(c3ccccc3)C2)Cc2cnn(-c3ccccc3)c21
C1=C(N2CCCCCC(c3ccccc3)C2)CCc2cnn(-c3ccccc3)c21
C1=C(N2CCCCCC(c3ccccc3)C2)CCc2cnn(-c3ccccc3)c21
C1=C(N2CCCCCC(c3ccccc3)C2)CCc2cnn(-c3ccccc3)c21
C1=C(N2CCCCCC(c3ccccc3)C2)CCc2cnn(-c3ccccc3)c21
C1=C(N2CCCCCC(c3ccccc3)C2)CCCc2cnn(-c3ccccc3)c21
C1=C(C2CCCCCC(c3ccccc3)C2)CCCc2cnn(-c3ccccc3)c21
C1=C(C2CCCCCC(c3ccccc3)C2)CCCc2cnn(-c3ccccc3)c21
C1=C(C2CCCCC(c3ccccc3)C2)CCCc2cnn(-c3ccccc3)c21
C1=C(C2CCCC(c3ccccc3)C2)CCCc2cnn(-c3ccccc3)c21
C1=C(C2CCCC2c2ccccc2)CCCc2cnn(-c3ccccc3)c21
C1=C(C2CCCC2c2ccccc2)CCCc2cnn(-c3ccccc3)c21
C1=C(C2CCCC2c2ccccc2)CCCc2cnn(-c3ccccc3)c21
C1=CC(C2CCCC2C2=Cc3c(cnn3-c3ccccc3)CCC2)C=C1
C1=CC(C2CCCC2C2=Cc3c(cnn3-c3ccccc3)CCCC2)C=C1
C1=CC(C2CCCC2C2=Cc3c(cnn3-c3ccccc3)CCCC2)C1
C1=C(C2CCCC2)CCCCc2cnn(-c3ccccc3)c21
C1=C(C2CCCC2)CCCc2cnn(-c3ccccc3)c21
C1=C(C2CCCC2)CCCc2cnn(-c3ccccc3)c21
C1=C(C2CCCC2)CCCc2cnn(-c3ccccc3)c21
C1=C(C2CCCC2)CCCCc2cnn(-c3ccccc3)c21
C1=C(C2CCCC2)CCCCc2cnn(-c3ccccc3)c21
C1=C(C2CCCC2)CCCCc2cnn(-c3ccccc3)c21
C1=C(C2CCCCC2)CCCCc2cnn(-c3ccccc3)c21
C1=C(C2CCCCC2)CCCCc2cnn(-c3ccccc3)c21
C1=C(C2CCCCC2)CCCCc2cnn(-c3ccccc3)c21
C1=C(C2CCCCCC2)CCCCc2cnn(-c3ccccc3)c21
C1=C(C2CCCCCC2)CCCCc2cnn(-c3ccccc3)c21
C1=C(C2CCCCCCC2)CCCCc2cnn(-c3ccccc3)c21
C1=C(C2CCCCCCC2)CCCCc2cnn(-c3ccccc3)c21
C1=C(C2CCCCCCC2)CCCc2cnn(-c3ccccc3)c21
C1=C(C2CCCCCCC2)CCCc2cnn(-c3ccccc3)c21
C1=C(C2CCCCCCC2)CCCc2cnn(-c3ccccc3)c21
C1=C(C2CCCCCC2)CCCc2cnn(-c3ccccc3)c21
C1=C(C2CCCCCCC2)CCCc2cnn(-c3ccccc3)c21
C1=C(C2CCCCCCC2)CCCc2cnn(-c3ccccc3)c21
C1=C(C2CCCCCC2)CCCc2cnn(-c3ccccc3)c21
C1=C(C2CCCCCC2)CCc2cnn(-c3ccccc3)c21
C1=C(C2CCCCCC2)CCc2cnn(-c3ccccc3)c21
C1=C2CCCCCC2CCCc2cnn(-c3ccccc3)c21
C1=C2CCCCCC2CCc2cnn(-c3ccccc3)c21
C1=C2CCCCCC2Cc2cnn(-c3ccccc3)c21
C1=C2CCCCC2Cc2cnn(-c3ccccc3)c21
c1ccc(ON=C2CCNc3ccc(-c4cccc5cc[nH]c45)cc32)cc1
c1cc(-c2noc3ccccc23)cc(-c2cccc3cc[nH]c23)c1
c1cc(-c2noc3ccccc23)cc(-c2cccc3cc[nH]c23)c1
c1ccc(-c2cccc(-c3noc4ccccc34)c2)cc1
c1ccc(-c2cccc(-c3noc4ccccc34)c2)cc1
c1ccc(-c2cccc(C3=NCOc4ccccc43)c2)cc1
c1ccc(-c2cccc(C3=NCOc4ccccc43)c2)cc1
c1ccc(-c2cccc(C3=NCOc4ccccc43)c2)cc1
c1ccc(-c2cccc(C3=NCOc4ccccc43)c2)cc1
c1ccc(-c2cccc(C3=NCOc4ccccc43)c2)cc1
C1=C(c2cccc(-c3ccccc3)c2)c2ccccc2OC1
c1ccc(-c2cccc(C3CCOc4ccccc43)c2)cc1
c1ccc(Cc2cccc(-c3ccccc3)c2)cc1
c1ccc(Cc2cccc(-c3ccccc3)c2)cc1
c1ccc(Cc2cccc(-c3ccccc3)c2)cc1
c1ccc(Cc2cccc(-c3ccccc3)c2)cc1
c1ccc(Cc2cccc(-c3ccccc3)c2)cc1
c1ccc(Cc2cccc(-c3cccc(OCN4CC4)c3)c2)cc1
c1ccc(Cc2cccc(-c3cccc(OCN4CC4)c3)c2)cc1
c1ccc(Cc2cccc(-c3cccc(OCN4CC4)c3)c2)cc1
c1ccc(Cc2cccc(-c3cccc(OCN4CC4)c3)c2)cc1
c1ccc(Cc2cccc(-c3cccc(OCN4CC4)c3)c2)cc1
c1ccc(Cc2cccc(-c3cccc(OCN4CC4)c3)c2)cc1
c1ccc(Cc2cccc(-c3cccc(OCN4CC4)c3)c2)cc1
c1ccc(Cc2cccc(-c3cccc(OCN4CC4)c3)c2)cc1
c1ccc(Cc2cccc(-c3cccc(OCN4CC4)c3)c2)cc1
c1ccc(Cc2cccc(-c3cccc(OCN4CC4)c3)c2)cc1
c1ccc(Cc2cccc(-c3cccc(OCN4CC4)c3)c2)cc1
c1ccc(Cc2cccc(-c3cccc(OCN4CC4)c3)c2)cc1
c1ccc(Cc2cccc(-c3cccc(OCN4CC4)c3)c2)cc1
c1ccc(Cc2cccc(-c3cccc(OCCN4CC4)c3)c2)cc1
c1ccc(Cc2cccc(-c3cccc(OCCC4CC4)c3)c2)cc1
c1ccc(Cc2cccc(-c3cccc(OCC4CC4)c3)c2)cc1
c1ccc(COc2cccc(-c3cccc(OCC4CC4)c3)c2)cc1
c1ccc(COc2cccc(-c3cccc(OCC4CC4)c3)c2)cc1
c1ccc(COc2cccc(-c3cccc(OC4CC4)c3)c2)cc1
c1ccc(COc2cccc(-c3cccc(OC4CC4)c3)c2)cc1
c1ccc(COc2cccc(-c3cccc(OC4CC4)c3)c2)cc1
c1ccc(COc2cccc(-c3ccccc3)c2)cc1
c1ccc(COc2cc(-c3ccccc3)ccc2N2CC2)cc1
c1ccc(COc2cc(-c3ccccc3)ccc2N2CC2)cc1
c1ccc(COc2cc(-c3ccccc3)ccc2N2CO2)cc1
c1ccc(COc2cc(-c3ccccc3)ccc2N2CO2)cc1
c1ccc(COc2cc(-c3ccccc3)ccc2N2CCO2)cc1
c1ccc(COc2cc(-c3ccccc3)ccc2N2CCO2)cc1
c1ccc(COc2cc(-c3ccccc3)ccc2N2CCCO2)cc1
c1ccc(COc2cc(-c3ccccc3)ccc2N2CCCO2)cc1
c1ccc(COc2cc(-c3ccccc3)ccc2N2CCO2)cc1
c1ccc(COc2cc(-c3ccccc3)ccc2N2CCO2)cc1
c1ccc(COc2cc(-c3ccccc3)ccc2N2CCO2)cc1
c1ccc(COc2cccc(-c3ccccc3)c2N2CCO2)cc1
c1ccc(COc2cccc(-c3ccccc3)c2N2CCO2)cc1
c1ccc(COc2cccc(-c3ccccc3N3CCO3)c2)cc1
c1ccc(COc2cccc(-c3ccccc3N3CO3)c2)cc1
c1ccc(COc2cccc(-c3cccc4c3N3OC3CCO4)c2)cc1
c1ccc(COc2cccc(-c3cccc4c3N3OC3CCO4)c2)cc1
c1ccc(COc2cccc(-c3cccc4c3N3COC3CCO4)c2)cc1
c1ccc(COc2cccc(-c3cccc4c3NCCCO4)c2)cc1
c1ccc(COc2cccc(-c3cccc4c3CCCCO4)c2)cc1
C1=Cc2c(cccc2-c2cccc(OCc3ccccc3)c2)OCC1
C1=Cc2ccc(-c3cccc(OCc4ccccc4)c3)cc2OCC1
C1=Cc2ccc(-c3cccc(OCc4ccccc4)c3)cc2OCC1
C1=Cc2ccc(-c3cccc(OCc4ccccc4)c3)cc2OCC1
c1ccc(COc2cccc(-c3ccc4c(c3)OCCC4)c2)cc1
c1ccc(COc2cccc(-c3ccc4c(c3)OCC4)c2)cc1
c1ccc(COc2cccc(-c3ccc4c(c3)OCO4)c2)cc1
c1ccc(COc2cccc(-c3ccc4c(c3)OCO4)c2)cc1
c1ccc(COc2cccc(-c3ccc4c(c3)OCCO4)c2)cc1
c1ccc(COc2cccc(-c3ccc4c(c3)OCCO4)c2)cc1
c1ccc(COc2cccc(-c3ccc4c(c3)OCCO4)c2)cc1
c1ccc(COc2cccc(-c3ccc4c(c3)OCCO4)c2)cc1
c1ccc(COc2cccc(-c3ccc4c(c3)OCCO4)c2)cc1
c1ccc(COc2cccc(-c3ccc4c(c3)OCCO4)c2)cc1
c1ccc(COc2cccc(-c3ccc4c(c3)OCCO4)c2)cc1
c1ccc(COc2cccc(-c3ccc4c(c3)OCCO4)c2)cc1
c1ccc(COc2cccc(-c3ccc4c(c3)OCCO4)c2)cc1
c1ccc(COc2ccc(Cc3ccc4c(c3)OCCO4)cc2)cc1
c1ccc(COc2ccc(Cc3ccc4c(c3)OCCO4)cc2)cc1
c1ccc(COc2ccc3c(c2)NC3c2ccc3c(c2)OCCO3)cc1
c1ccc(COc2ccc3c(c2)NCC3c2ccc3c(c2)OCCO3)cc1
c1ccc(COc2ccc3c(c2)NCN3c2ccc3c(c2)OCCO3)cc1
c1ccc(COc2ccc3c(c2)NCN3c2ccc3c(c2)OCCO3)cc1
c1ccc(COc2ccc3c(c2)CCN3c2ccc3c(c2)OCCO3)cc1
c1ccc(COc2ccc3c(c2)CCN3c2ccc3c(c2)OCCCO3)cc1
c1ccc(COc2ccc3c(ccn3-c3ccc4c(c3)OCCCO4)c2)cc1
c1ccc(COc2ccc3c(ccn3-c3ccc4c(c3)OCCCCO4)c2)cc1
c1ccc(COc2ccc3c(ccn3-c3ccc4c(c3)OCCCCO4)c2)cc1
c1ccc(COc2ccc3c(ccn3-c3ccc4c(c3)OCCCCO4)c2)cc1
c1ccc(COc2ccc3c(ccn3-c3ccc4c(c3)OCCCCO4)c2)cc1
c1ccc(COc2ccc3c(ccn3-c3ccc4c(c3)OCCCO4)c2)cc1
c1ccc(COc2ccc3c(ccn3-c3ccc4c(c3)OCCCO4)c2)cc1
C1=Cc2cc(OCc3ccccc3)ccc2N(c2ccc3c(c2)OCCCO3)C1
C1=Cc2cc(OCc3ccccc3)ccc2N(c2ccc3c(c2)OCCCO3)C1
C1=Cc2cc(OCc3ccccc3)ccc2N(c2ccc3c(c2)OCCCO3)CC1
C1=Cc2cc(OCc3ccccc3)ccc2N(c2ccc3c(c2)OCCCO3)CC1
C1=Cc2cc(OCc3ccccc3)ccc2N(c2ccc3c(c2)OCCO3)CC1
C1=Cc2cc(OCc3ccccc3)ccc2N(c2ccc3c(c2)OCCO3)CC1
C1=Cc2cc(OCc3ccccc3)ccc2N(c2ccc3c(c2)OCCO3)C1
C1=Cc2cc(OCc3ccccc3)ccc2N(c2ccc3c(c2)OCCO3)C1
C1=NCN(c2ccc3c(c2)OCCO3)c2ccc(OCc3ccccc3)cc21
C1=NCN(c2ccc3c(c2)OCCO3)c2ccc(OCc3ccccc3)cc21
C1=NNN(c2ccc3c(c2)OCCO3)c2ccc(OCc3ccccc3)cc21
C1=NNN(c2ccc3c(c2)OCCCO3)c2ccc(OCc3ccccc3)cc21
C1=NNN(c2ccc3c(c2)OCCCO3)c2ccc(OCc3ccccc3)cc21
c1ccc(COc2ccc3c(cnn3-c3ccc4c(c3)OCCCO4)c2)cc1
c1ccc(COc2ccc3c(cnn3-c3ccc4c(c3)OCCCO4)c2)cc1
c1ccc(COc2ccc3c(cnn3-c3ccc4c(c3)OCCCO4)c2)cc1
c1ccc(COc2ccc3c(cnn3-c3ccc4c(c3)OCCO4)c2)cc1
c1ccc(COc2ccc3c(cnn3-c3ccc4c(c3)OCCO4)c2)cc1
c1ccc(COc2ccc3c(cnn3-c3ccc4c(c3)OCCO4)c2)cc1
c1ccc(COc2ccc3c(cnn3-c3ccc4c(c3)OCCO4)c2)cc1
c1ccc(COc2ccc3c(cnn3-c3ccc4c(c3)OCCO4)c2)cc1
c1ccc(COc2ccc3c(cnn3-c3ccc4c(c3)OCCO4)c2)cc1
c1ccc(COc2ccc3c(cnn3-c3ccc4c(c3)OCCO4)c2)cc1
c1ccc(COc2ccc3c(cnn3-c3ccc4c(c3)OCCO4)c2)cc1
c1ccc(COc2ccc3c(cnn3-c3ccc4c(c3)OCCO4)c2)cc1
c1ccc(COc2ccc3c(cnn3-c3ccc4c(c3)OCCO4)c2)cc1
c1ccc(COc2ccc3c(cnn3-c3ccc4c(c3)OCCO4)c2)cc1
c1ccc(COc2ccc3c(cnn3-c3ccc4c(c3)OCCO4)c2)cc1
c1ccc(COc2ccc3c(cnn3-c3ccc4c(c3)OCCO4)c2)cc1
c1ccc(COc2ccc3c(cnn3-c3ccc4c(c3)OCCO4)c2)cc1
c1ccc(COc2ccc3c(cnn3-c3ccc4c(c3)OCCO4)c2)cc1
c1ccc(COc2ccc3c(cnn3-c3ccc4c(c3)OCCO4)c2)cc1
c1ccc(COc2ccc3c(cnn3-c3ccc4c(c3)OCCO4)c2)cc1
c1ccc(COc2ccc3c(cnn3-c3ccc4c(c3)OCCO4)c2)cc1
c1ccc(COc2ccc3c(cnn3-c3ccc4c(c3)OCCO4)c2)cc1
c1ccc(COc2ccc3c(cnn3-c3ccc4c(c3)OCCO4)c2)cc1
c1ccc(COc2ccc3c(cnn3-c3ccc4c(c3)OCCO4)c2)cc1
c1ccc(COc2ccc3c(cnn3-c3ccc4c(c3)OCCO4)c2)cc1
c1ccc(COc2ccc3c(cnn3-c3ccc4c(c3)OCCO4)c2)cc1
c1ccc(COc2ccc3c(cnn3-c3ccc4c(c3)OCCO4)c2)cc1
c1ccc(COc2ccc3c(cnn3-c3ccc4c(c3)OCCO4)c2)cc1
c1ccc(COc2ccc3c(cnn3-c3ccc4c(c3)OCCO4)c2)cc1
c1ccc(COc2ccc3c(cnn3-c3ccc4c(c3)OCCO4)c2)cc1
c1ccc(COc2ccc3c(cnn3-c3ccc4c(c3)OCCO4)c2)cc1
c1ccc(COc2ccc3c(cnn3-c3ccc4c(c3)OCCO4)c2)cc1
c1ccc(COc2ccc3c(cnn3-c3ccc4c(c3)OCCO4)c2)cc1
c1ccc(COc2ccc3c(cnn3-c3ccc4c(c3)OCCO4)c2)cc1
c1ccc(COc2ccc3c(cnn3-c3ccc4c(c3)OCCO4)c2)cc1
c1ccc(COc2ccc3c(cnn3-c3ccc4c(c3)OCCO4)c2)cc1
c1ccc(COc2ccc3c(cnn3-c3ccc4c(c3)OCCO4)c2)cc1
c1ccc(COc2ccc3c(cnn3-c3ccc4c(c3)OCCO4)c2)cc1
c1ccc(COc2ccc3c(cnn3-c3ccc4c(c3)OCCO4)c2)cc1
c1ccc(COc2ccc3c(cnn3-c3ccc4c(c3)OCCO4)c2)cc1
c1ccc(COc2ccc3c(cnn3-c3ccc4c(c3)OCCO4)c2)cc1
c1ccc(COc2ccc3c(cnn3-c3ccc4c(c3)OCCO4)c2)cc1
c1ccc(COc2ccc3c(cnn3-c3ccc4c(c3)OCCO4)c2)cc1
c1ccc(COc2ccc3c(cnn3-c3ccc4c(c3)OCCO4)c2)cc1
c1ccc(COc2ccc3c(cnn3-c3ccc4c(c3)OCCO4)c2)cc1
c1ccc(COc2ccc3c(cnn3-c3ccc4c(c3)OCCO4)c2)cc1
c1ccc(COc2ccc3c(cnn3-c3ccc4c(c3)OCCO4)c2)cc1
c1ccc(COc2ccc3c(cnn3-c3ccc4c(c3)OCCO4)c2)cc1
c1ccc(COc2ccc3c(cnn3-c3ccc4c(c3)OCCO4)c2)cc1
c1ccc(COc2ccc3c(cnn3-c3ccc4c(c3)OCCO4)c2)cc1
O=C(CC1CCC1)NCC(Oc1ccc2c(cnn2-c2ccc3c(c2)OCCO3)c1)c1ccccc1
O=C(CC1CCC1)NCC(Oc1ccc2c(cnn2-c2ccc3c(c2)OCCO3)c1)c1ccccc1
c1ccc(COc2ccc3c(cnn3-c3ccc4c(c3)OCCO4)c2)cc1
c1ccc(COc2ccc3c(cnn3-c3ccc4c(c3)OCCO4)c2)cc1
c1ccc(COc2ccc3c(cnn3-c3ccc4c(c3)OCCO4)c2)cc1
c1ccc(COc2ccc3c(cnn3-c3ccc4c(c3)OCCO4)c2)cc1
c1ccc(COc2ccc3c(cnn3-c3ccc4c(c3)OCCO4)c2)cc1
c1ccc(COc2ccc3c(cnn3-c3ccc4c(c3)OCCO4)c2)cc1
c1ccc(COc2ccc3c(cnn3-c3ccc4c(c3)OCCO4)c2)cc1
c1ccc(COc2ccc3c(cnn3-c3ccc4c(c3)OCCO4)c2)cc1
c1ccc(COc2ccc3c(cnn3-c3ccc4c(c3)OCCO4)c2)cc1
c1ccc(COc2ccc3c(cnn3-c3ccc4c(c3)OCCO4)c2)cc1
c1ccc(COc2ccc3c(cnn3-c3ccc4c(c3)OCCO4)c2)cc1
c1ccc(COc2ccc3c(cnn3-c3ccc4c(c3)OCCO4)c2)cc1
c1ccc(COc2ccc3c(cnn3-c3ccc4c(c3)OCCO4)c2)cc1
c1ccc(COc2ccc3c(cnn3-c3ccc4c(c3)OCCO4)c2)cc1
c1ccc(COc2ccc3c(cnn3-c3ccc4c(c3)OCCO4)c2)cc1
c1ccc(COc2ccc3c(cnn3-c3ccc4c(c3)OCCO4)c2)cc1
c1ccc(COc2ccc3c(cnn3-c3ccc4c(c3)OCCO4)c2)cc1
c1ccc(COc2ccc3c(cnn3-c3ccc4c(c3)OCCO4)c2)cc1
c1ccc(COc2ccc3c(cnn3-c3ccc4c(c3)OCCO4)c2)cc1
c1ccc(COc2ccc3c(cnn3-c3ccc4c(c3)OCCO4)c2)cc1
c1ccc(COc2ccc3c(cnn3-c3ccc4c(c3)OCCO4)c2)cc1
c1ccc(COc2ccc3c(cnn3-c3ccc4c(c3)OCCO4)c2)cc1
c1cc(COc2ccc3c(cnn3-c3ccc4c(c3)OCCO4)c2)cc(C2CCC2)c1
c1cc(COc2ccc3c(cnn3-c3ccc4c(c3)OCCO4)c2)cc(C2CC2)c1
c1cc(COc2ccc3c(cnn3-c3ccc4c(c3)OCCO4)c2)cc(C2CC2)c1
c1cc(COc2ccc3c(cnn3-c3ccc4c(c3)OCCO4)c2)cc(C2CC2)c1
c1cc(COc2ccc3c(cnn3-c3ccc4c(c3)OCCO4)c2)cc(C2CC2)c1
C1=CC1c1cccc(COc2ccc3c(cnn3-c3ccc4c(c3)OCCO4)c2)c1
C1=CC1c1cccc(COc2ccc3c(cnn3-c3ccc4c(c3)OCCO4)c2)c1
C1=CC1c1cccc(COc2ccc3c(cnn3-c3ccc4c(c3)OCCO4)c2)c1
C1=C2c3ccc(COc4ccc5c(cnn5-c5ccc6c(c5)OCCO6)c4)cc3C12
c1cc2c(cc1COc1ccc3c(cnn3-c3ccc4c(c3)OCCO4)c1)CC2
c1cc2c(cc1COc1ccc3c(cnn3-c3ccc4c(c3)OCCO4)c1)OC2
c1cc2c(cc1COc1ccc3c(cnn3-c3ccc4c(c3)OCCO4)c1)OCC2
c1cc2c(cc1COc1ccc3c(cnn3-c3ccc4c(c3)OCCO4)c1)OCCO2
c1cc2c(cc1COc1ccc3c(cnn3-c3ccc4c(c3)OCO4)c1)OCCO2
c1ccc(-n2ncc3cc(OCc4ccc5c(c4)OCCO5)ccc32)cc1
c1ccc(-n2ncc3cc(OCc4ccc5c(c4)OCCO5)ccc32)cc1
c1ccc(-n2ncc3cc(OCc4ccc5c(c4)OCCO5)ccc32)cc1
c1ccc(-n2ncc3cc(OCc4ccc5c(c4)OCCO5)ccc32)cc1
c1ccc(-n2ncc3cc(OCc4ccc5c(c4)OCCO5)ccc32)cc1
c1ccc(-n2ncc3cc(OCc4ccc5c(c4)OCCO5)ccc32)cc1
c1ccc(ON=C2CCNc3ccc(-c4cccc5cc[nH]c45)cc32)cc1
C(=NOc1ccccc1)c1cccc(-c2cccc3cc[nH]c23)c1
C(=NOc1ccccc1)c1cccc(-c2cccc3cc[nH]c23)c1
C(=Cc1cccc(-c2cccc3cc[nH]c23)c1)Oc1ccccc1
C(=Cc1cccc(-c2cccc3cc[nH]c23)c1)Oc1ccccc1
c1ccc(OCc2cccc(-c3cccc4cc[nH]c34)c2)cc1
c1ccc(OCc2cccc(-c3cccc4cc[nH]c34)c2)cc1
c1ccc(OCc2cccc(-c3cccc4cc[nH]c34)c2)cc1
c1ccc(OCc2cccc(-c3cccc4cn[nH]c34)c2)cc1
c1ccc(OCc2cccc(-c3cccc4cn[nH]c34)c2)cc1
c1ccc(OCc2ccc3c(c2)c2cccc4cnn3c42)cc1
c1ccc(OCc2ccc3c(c2)c2cccc4cnn3c42)cc1
c1ccc(OCc2ccc(-n3ncc4ccccc43)cc2)cc1
c1ccc(OCc2ccc(-n3ncc4ccccc43)cc2)cc1
c1ccc(COc2ccc(-n3ncc4ccccc43)cc2)cc1
c1ccc(COc2ccc(-n3ncc4ccccc43)cc2)cc1
c1ccc(COc2ccc(-n3ncc4ccccc43)cc2)cc1
c1ccc(COc2ccc3c(cnn3-c3ccccc3)c2)cc1
c1ccc(COc2ccc3c(cnn3-c3ccccc3)c2)cc1
c1ccc(COc2ccc3c(cnn3-c3ccccc3)c2)cc1
c1ccc(COc2ccc3c(cnn3-c3ccccc3)c2)cc1
c1ccc(COc2ccc3c(cnn3-c3ccccc3)c2)cc1
c1ccc(COc2ccc3c(cnn3-c3ccccc3)c2)cc1
c1ccc(COc2ccc3c(cnn3-c3ccccc3)c2)cc1
c1ccc(COc2ccc3c(cnn3-c3ccccc3)c2)cc1
c1ccc(COc2ccc3c(cnn3-c3ccccc3)c2)cc1
C1=CC=C(n2ncc3cc(OCc4ccccc4)ccc32)SC=C1
C1=CCSC(n2ncc3cc(OCc4ccccc4)ccc32)=C1
c1ccc(COc2ccc3c(cnn3-c3cccs3)c2)cc1
c1ccc(COc2ccc3c(cnn3-c3cccs3)c2)cc1
c1ccc(COc2ccc3c(cnn3-c3ccns3)c2)cc1
c1ccc(COc2ccc3c(cnn3-c3ccns3)c2)cc1
c1ccc(COc2ccc3c(cnn3-c3ccns3)c2)cc1
c1ccc(COc2ccc3c(cnn3-c3ccns3)c2)cc1
c1ccc(COc2ccc3c(cnn3-c3ccns3)c2)cc1
c1ccc(COc2ccc3c(cnn3-c3ccns3)c2)cc1
c1ccc(COc2ccc3c(cnn3-c3ccns3)c2)cc1
c1ccc(COc2ccc3c(cnn3-c3ccns3)c2)cc1
c1ccc(COc2ccc3c(cnn3-c3ccns3)c2)cc1
c1ccc(COc2ccc3c(cnn3-c3ccns3)c2)cc1
c1ccc(COc2ccc3c(cnn3-c3ccns3)c2)cc1
c1ccc(COc2ccc3c(cnn3-c3ccns3)c2)cc1
c1ccc(COc2ccc3c(cnn3-c3ccns3)c2)cc1
c1ccc(COc2ccc3c(cnn3-c3ccns3)c2)cc1
c1ccc(COc2ccc3c(cnn3-c3ccns3)c2)cc1
c1ccc(COc2ccc3c(cnn3-c3ccns3)c2)cc1
c1ccc(COc2ccc3c(cnn3-c3ccns3)c2)cc1
c1ccc(COc2ccc3c(cnn3-c3ccns3)c2)cc1
c1ccc(COc2ccc3c(cnn3-c3ccns3)c2)cc1
c1ccc(COc2ccc3c(cnn3-c3ccns3)c2)cc1
O=C(NCCCCc1ccccc1)c1cnn(-c2ccccc2)c1
O=C(NCCCCc1ccccc1)c1cnn(-c2ccccc2)c1
O=C(NCCCCc1ccccc1)c1cnn(-c2ccccc2)c1
O=C(NCCCCc1ccccc1)c1cnn(-c2ccccc2)c1
O=C(NCCCCc1ccccc1)c1cnn(-c2ccccc2)c1
O=C(NCCCCc1ccncc1)c1cnn(-c2ccccc2)c1
O=C(NCCCCc1ccncc1)c1cnn(-c2ccccc2)c1
O=C(NCCCc1ccncc1)c1cnn(-c2ccccc2)c1
O=C(NCCCc1ccncc1)c1cnn(-c2ccccc2)c1
O=C(NCCc1ccncc1)c1cnn(-c2ccccc2)c1
O=C(CCCc1ccncc1)c1cnn(-c2ccccc2)c1
O=C(C=CCc1ccncc1)c1cnn(-c2ccccc2)c1
C(=CCc1cnn(-c2ccccc2)c1)Cc1ccncc1
c1ccc(-n2cc(CCCc3ccncc3)cn2)cc1
c1ccc(-n2cc(CCCc3ccncc3)cn2)cc1
c1ccc(-n2ncc3c2NC(Cc2ccncc2)C3)cc1
c1ccc(-n2ncc3c2N=C(Cc2ccncc2)C3)cc1
C1=C(Cc2ccncc2)Cc2cnn(-c3ccccc3)c21
C1=C(Cc2ccncc2)CCc2cnn(-c3ccccc3)c21
c1ccc(-n2ncc3ccc(Cc4ccncc4)cc32)cc1
c1ccc(-n2ncc3ccc(Cc4ccncc4)cc32)cc1
c1cc(Cc2ccncc2)cc(-n2ncc3ccccc32)c1
c1cc(Cc2ccncc2)cc(-n2ncc3ccccc32)c1
c1ccc2c(c1)cnn2-c1ccc(CCc2ccncc2)cc1
c1ccc2c(c1)cnn2-c1ccc(CCc2ccncc2)cc1
c1ccc2c(c1)cnn2-c1ccc(Cc2ccncc2)cc1
c1ccc(-n2ncc3cc(Cc4ccncc4)ccc32)cc1
c1ccc(-n2ncc3cc(Cc4ccncc4)ccc32)cc1
c1ccc(-n2ncc3cc(Cc4ccncc4)ccc32)cc1
c1ccc(-n2ncc3cc(Cc4ccncc4)ccc32)cc1
O=C(NCCCCc1ccccc1)c1cnn(-c2ccccc2)c1
O=C(NCCCCCc1ccccc1)c1cnn(-c2ccccc2)c1
O=C(NCCC1CC(c2ccccc2)C1)c1cnn(-c2ccccc2)c1
O=C(NCCC1CC(c2ccccc2)C1)c1cnn(-c2ccccc2)c1
O=C(NCCC1CC(c2ccccc2)C1)c1cnn(-c2ccccc2)c1
O=C(NCCC1CC(c2ccccc2)C1)c1cnn(-c2ccccc2)c1
O=C(COc1ccccc1C1CCC1)c1cnn(-c2ccccc2)c1
c1ccc(-n2cc(CCOc3ccccc3C3CCC3)cn2)cc1
c1ccc(-n2cc(CCOc3ccccc3C3CCC3)cn2)cc1
c1ccc(OCCc2cnn(-c3cccc(C4CCC4)c3)c2)cc1
c1ccc(OCCc2cnn(-c3cccc(C4CCC4)c3)c2)cc1
c1ccc(OCCc2cnn(-c3cccc(C4CCC4)c3)c2)cc1
c1ccc(OCCc2cnn(CCC3CC(c4ccccc4)C3)c2)cc1
c1ccc(OCc2cnn(CCC3CC(c4ccccc4)C3)c2)cc1
c1ccc(C2CC(CCc3ccc(OCc4cn[nH]c4)cc3)C2)cc1
c1ccc(C2CC(CCc3ccc(OCc4cn[nH]c4)cc3)C2)cc1
c1ccc(C2CC(CCc3ccc(OCc4cn[nH]c4)cc3)C2)cc1
c1ccc(C2CC(CCc3ccc(OCc4cn[nH]c4)cc3)C2)cc1
c1ccc(C2CC(CCc3ccc(OCc4cn[nH]c4)cc3)C2)cc1
c1ccc(C2CC(Cc3ccc(OCc4cn[nH]c4)cc3)C2)cc1
c1ccc(C2CC(c3ccc(OCc4cn[nH]c4)cc3)C2)cc1
C1=NC=C1COc1ccc(C2CC(c3ccccc3)C2)cc1
C1=NC=C1COc1ccc(C2CC(c3ccccc3)C2)cc1
C1=NC=C1COc1ccc(C2CC(c3ccccc3)C2)cc1
C1=NC=C1COc1ccc(C2CC(c3ccccc3)C2)cc1
C1=NC=C1COc1ccc2c(c1)CCC1C(c3ccccc3)CC21
C1=NC=C1COc1ccc2c(c1)CCC1C(c3ccccc3)CC21
C1=NC=C1COc1ccc2c(c1)CCC1C(c3ccccc3)CCC21
C1=NC=C1COc1ccc2c(c1)CCC1C(c3ccccc3)CCC21
C1=NC=C1COc1ccc2c(c1)CCC1C(c3ccccc3)CCC21
C1=NC=C1CCOc1ccc2c(c1)CCC1C(c3ccccc3)CCC21
C1=NC=C1CCCOc1ccc2c(c1)CCC1C(c3ccccc3)CCC21
C1=NC=C1CCCOc1ccc2c(c1)CCC1C(c3ccccc3)CC21
C(=CC1=CN=C1)COc1ccc2c(c1)CCC1C(c3ccccc3)CC21
c1ccc(C2CC3c4ccc(OCc5cccnc5)cc4CCC23)cc1
c1ccc(C2CC3c4ccc(OCc5cccnc5)cc4CCC23)cc1
c1ccc(C2CC3CCc4cc(OCc5cccnc5)ccc4C3C2)cc1
c1ccc(C2CC3CCc4cc(OCc5cccnc5)ccc4C3C2)cc1
c1ccc(C2CC3CCc4cc(OCc5cccnc5)ccc4C3C2)cc1
c1ccc(C2CCC3c4ccc(OCc5cccnc5)cc4CCC3C2)cc1
O=C(NCCCCc1ccccc1)c1cnn(-c2ccccc2)c1
O=C(NCCCC1CCOc2ccccc21)c1cnn(-c2ccccc2)c1
O=C(NCCCC1CCOc2ccccc21)c1cnn(-c2ccccc2)c1
O=C(NCCCC1CCCc2ccccc21)c1cnn(-c2ccccc2)c1
O=C(NCCCC1CCCc2ccccc21)c1cnn(-c2ccccc2)c1
O=C(NCCCC1CCCc2ccccc21)c1cnn(-c2ccccc2)c1
c1ccc2c(c1)CCCC2CCCNc1ccccc1-n1cccn1
c1ccc2c(c1)CCCC2CCCNc1ccccc1-n1cccn1
c1ccc2c(c1)CCCC2CCCNc1ccccc1-n1cccn1
c1ccc2c(c1)CCCC2CCCNc1ccccc1-n1cccn1
c1ccc2c(c1)CCCC2CCCNc1ccccc1-n1cccn1
c1ccc2c(c1)CCCC2CCCNc1ccccc1-n1cccn1
c1ccc2c(c1)CCCC2CCCNc1ccccc1-n1cccn1
c1ccc2c(c1)CCC2CCCNc1ccccc1-n1cccn1
c1cc(NCCCC2CCc3ccccc32)cc(-n2cccn2)c1
c1cc(NCCCC2CCc3ccccc32)cc(-n2cccn2)c1
c1cc(NCCCC2CCCc3ccccc32)cc(-n2cccn2)c1
c1cc(NCCCC2CCCc3ccccc32)cc(-c2ccn[nH]2)c1
c1cc(NCCCC2CCCc3ccccc32)cc(-c2ccn[nH]2)c1
c1ccc2c(c1)CCCC2CCCNc1cccc2ccccc12
c1ccc2c(c1)CCCC2CCCNc1cccc2ccccc12
c1ccc2c(c1)CCCC2CCCNc1cccc2ccccc12
c1ccc2c(c1)CCCC2CCCNc1cccc2ccccc12
c1ccc2c(c1)CCCC2CCCNNc1cccc2ccccc12
c1ccc2c(c1)CCCC2CCCNNc1cccc2ccccc12
c1ccc2c(c1)CCCC2CCCNc1cccc2ccccc12
c1ccc2c(c1)CCCC2CCCNc1cccc2ncccc12
O=C(NCCCCc1ccccc1)c1cnn(-c2ccccc2)c1
O=C(NCCCCc1ccccc1)c1cnn(-c2ccccc2)c1
O=C(NCCCCc1ccccc1)c1cnn(-c2ccccc2)c1
O=C(NCCCCc1ccccc1)c1cnn(-c2ccccc2)c1
O=C(NCCCCc1ccccc1)c1cnn(-c2ccccc2)c1
O=C(NCCCCc1ccccc1)c1cnn(-c2ccccc2)c1
C=C(CCCNC(=O)c1cnn(-c2ccccc2)c1)c1ccccc1
C=C(CCNC(=O)c1cnn(-c2ccccc2)c1)c1ccccc1
O=C(NCCCc1ccccc1)c1cnn(-c2ccccc2)c1
O=C(NCCCNc1ccccc1)c1cnn(-c2ccccc2)c1
O=C(NCCCNc1ccccc1)c1cnn(-c2ccccc2)c1
O=C(NCCCNc1ccccc1)c1cnn(-c2ccccc2)c1
O=C(NCCCNc1ccccc1)c1cnn(-c2ccccc2)c1
O=C(NCCCNc1ccccc1)c1cnn(-c2ccccc2)c1
O=C(NCCCNc1ccccc1)c1cnn(-c2ccccc2)c1
O=C(NCCCNc1ccccc1)c1cnn(-c2ccccc2)c1
O=C(NCCCNc1ccccc1)c1cnn(-c2ccccc2)c1
O=C(NCCCNc1ccccc1)c1cnn(-c2ccccc2)c1
O=C(NCCCNc1ccccc1)c1cnn(-c2ccccc2)c1
O=C(NCCCNc1ccccc1)c1cnn(-c2ccccc2)c1
O=C(NCCCNc1cccc(N2CN2)c1)c1cnn(-c2ccccc2)c1
O=C(NCCCNc1cccc(N2CN2)c1)c1cnn(-c2ccccc2)c1
O=C(NCCCNc1cccc(N2CCN2)c1)c1cnn(-c2ccccc2)c1
O=C(NCCCNc1cccc(N2CC2)c1)c1cnn(-c2ccccc2)c1
O=C(NCCCNc1cccc(N2CC2)c1)c1cnn(-c2ccccc2)c1
O=C(NCCCNc1cccc(N2CC2)c1)c1cnn(-c2ccccc2)c1
O=C(NCCCNc1cccc(N2CC2)c1)c1cnn(-c2ccccc2)c1
O=C(NCCCNc1cccc(N2CC2)c1)c1cnn(-c2ccccc2)c1
O=C(NCCCNc1cccc(N2CC2)c1)c1cnn(-c2ccccc2)c1
O=C(NCCCNc1cccc(N2CC2)c1)c1cnn(-c2ccccc2)c1
O=C(NCCCNc1cccc(N2C=C2)c1)c1cnn(-c2ccccc2)c1
O=C(NCCCNc1cccc2[nH]ccc12)c1cnn(-c2ccccc2)c1
O=C(NCCCNc1cccc2[nH]ccc12)c1cnn(-c2ccccc2)c1
O=C(NCCCNc1cccc2[nH]ccc12)c1cnn(-c2ccccc2)c1
O=C(NCCCNc1cccc2[nH]ccc12)c1cnn(-c2ccccc2)c1
O=C(NCCCNc1cccc2[nH]ccc12)c1cnn(-c2ccccc2)c1
O=C(NCCCNc1cccc2[nH]ccc12)c1cnn(-c2ccccc2)c1
O=C(NCCCNc1cccc2c1ccn2C1CCC1)c1cnn(-c2ccccc2)c1
O=C(NCCCNc1cccc2c1ccn2C1CCC1)c1cnn(-c2ccccc2)c1
O=C(NCCCNc1cccc2c1ccn2C1CCC1)c1cnn(-c2ccccc2)c1
O=C(NCCCNc1cccc2[nH]ccc12)c1cnn(-c2ccccc2)c1
O=C(NCCCNc1cccc2[nH]ncc12)c1cnn(-c2ccccc2)c1
O=C(NCCCNc1cccc2c1cnn2CC1CC1)c1cnn(-c2ccccc2)c1
O=C(NCCCNc1cccc2c1cnn2CC1CC1)c1cnn(-c2ccccc2)c1
O=C(NCCCNc1cccc2c1cnn2CC1CC1)c1cnn(-c2ccccc2)c1
O=C(NCCCNc1cccc2[nH]ncc12)c1cnn(-c2ccccc2)c1
O=C(NCCCNc1cccc2[nH]ncc12)c1cnn(-c2ccccc2)c1
O=C(NCCCNc1cccc2[nH]ncc12)c1cnn(-c2ccccc2)c1
O=C(NCCCNc1cccc2[nH]ncc12)c1cnn(-c2ccccc2)c1
O=C(NCCCNc1cccc2[nH]ncc12)c1cnn(-c2ccccc2)c1
O=C(NCCCNc1cccc2[nH]ncc12)c1cnn(-c2ccccc2)c1
O=C(NCCCNc1cccc2[nH]ncc12)c1cnn(-c2ccccc2)c1
O=C(NCCCNc1cccc2c1cnn2CC1CCCCC1)c1cnn(-c2ccccc2)c1
O=C(NCCCNc1cccc2c1cnn2CC1CCCCC1)c1cnn(-c2ccccc2)c1
O=C(NCCCNc1cccc2c1cnn2CCCCC1CC1)c1cnn(-c2ccccc2)c1
O=C(NCCCNc1cccc2c1cnn2CCCCCC1CC1)c1cnn(-c2ccccc2)c1
O=C(NCCCNc1cccc2c1cnn2CCCCCC1CC1)c1cnn(-c2ccccc2)c1
O=C(NCCCNc1cccc2c1cnn2CCCCC1CC1)c1cnn(-c2ccccc2)c1
O=C(NCCCNc1cccc2c1cnn2CCCC1CC1)c1cnn(-c2ccccc2)c1
O=C(NCCCNc1cccc2c1cnn2CCC1CC1)c1cnn(-c2ccccc2)c1
O=C(NCCCNc1cccc2c1cnn2CCC1CC1)c1ccnn1-c1ccccc1
O=C(NCCCNc1cccc2c1cnn2CCC1CC1)c1ccnn1-c1ccccc1
O=C(NCCCNc1cccc2c1cnn2CCC1CC1)c1ccnn1-c1ccccc1
O=C(NCCCNc1cccc2c1cnn2CC1CC1)c1ccnn1-c1ccccc1
O=C(NCCCNc1cccc2c1cnn2C1CC1)c1ccnn1-c1ccccc1
O=C(NCCCNc1cccc2c1cnn2C1CC1)c1ccnn1-c1ccccc1
O=C(NCCCNc1cccc2c1cnn2C1CC1)c1cccc(-n2cccn2)c1
O=C(NCCCNc1cccc2[nH]ncc12)c1cccc(-n2cccn2)c1
O=C(NCCCNc1cccc2c1cnn2Cn1cccn1)c1ccccc1
O=C(NCCCNc1cccc2c1cnn2Cn1cccn1)c1ccccc1
O=C(NCCCNc1cccc2c1cnn2Cn1cccn1)c1ccccc1
O=C(NCCCNc1cccc2c1cnn2-c1cn[nH]c1)c1ccccc1
O=C(NCCCNc1cccc2c1cnn2-c1cn[nH]c1)c1ccccc1
O=C(NCCCNc1cccc2c1cnn2-c1cc[nH]c1)c1ccccc1
O=C(NCCCNc1cccc2c1cnn2C1=CCC=C1)c1ccccc1
O=C(NCCCNc1cccc2c1cnn2C1=CCCC=C1)c1ccccc1
O=C(NCCCNc1cccc2c1cnn2-c1ccccc1)c1ccccc1
O=C(NCCCNc1cccc2c1cnn2-c1ccccc1)c1ccccc1
O=C(NCCCNc1cccc2c1cnn2-c1ccccc1)c1ccccc1
O=C(NCCCNc1cccc2c1cnn2-c1ccccc1)c1ccccc1
O=C(NCCCCc1ccccc1)c1cnn(-c2ccccc2)c1
O=C(NCCCCc1ccccc1)c1cnn(-c2ccccc2)c1
O=C(NCCCCc1ccccc1)c1cnn(-c2ccccc2)c1
O=C(NCCCC1CCOc2ccccc21)c1cnn(-c2ccccc2)c1
O=C(NCCCC1CCOc2ccccc21)c1cnn(-c2ccccc2)c1
O=C(CCC1CCOc2ccccc21)NCc1cnn(-c2ccccc2)c1
O=C(CCC1CCOc2ccccc21)NCc1cnn(-c2ccccc2)c1
O=C(CCC1CCCc2ccccc21)NCc1cnn(-c2ccccc2)c1
O=C(CCC1CCCc2ccccc21)Nc1cnn(-c2ccccc2)c1
O=C(CCC1CCCc2ccccc21)Nc1cnn(-c2ccccc2)c1
O=C(CCC1CCCCc2ccccc21)Nc1cnn(-c2ccccc2)c1
O=C(CCC1CCCCc2ccccc21)Nc1cnn(-c2ccccc2)c1
O=C(CCC1CCCCc2ccccc21)Nc1cnn(-c2ccccc2)c1
O=C(CCC1CCCCc2ccccc21)Nc1cnn(-c2ccccc2)n1
O=C(CCC1CCCCc2ccccc21)Nc1cccc(-n2nccn2)c1
O=C(CCC1CCCCCc2ccccc21)Nc1cccc(-n2nccn2)c1
O=C(CCC1CCCCCc2ccccc21)Nc1cccc(-c2cn[nH]n2)c1
O=C(CCC1CCCCCc2ccccc21)Nc1cccc(-c2cn[nH]c2)c1
O=C(CCC1CCCCCc2ccccc21)Nc1cccc(-c2cn[nH]c2)c1
O=C(CCC1CCCCCc2ccccc21)Nc1cccc(C2=CN=C2)c1
O=C(CCC1CCCCc2ccccc21)Nc1cccc(C2=CN=C2)c1
O=C(CCC1CCCCc2ccccc21)Nc1cccc(C2=CC=C2)c1
O=C(CCC1CCCc2ccccc21)Nc1cccc(C2=CC=C2)c1
O=C(CCC1CCCc2ccccc21)Nc1cccc(C2=CC=C2)c1
O=C(CCC1CCCc2ccccc21)Nc1cccc(C2=CC=C2)c1
O=C(CCC1CCCc2ccccc21)Nc1cccc(C2=CC=C2)c1
O=C(CCC1CCCc2ccccc21)Nc1ccc2ccccc2c1
O=C(CCC1CCCc2ccccc21)Nc1ccc2ccccc2c1
O=C(CCC1CCCc2ccccc21)Nc1ccc2ccccc2c1
O=C(CCC1CCCCc2ccccc21)Nc1ccc2ccccc2c1
O=C(CCC1CCCCc2ccccc21)Nc1ccc2c(C3CC3)cccc2c1
O=C(CCC1CCCCc2ccccc21)Nc1ccc2c(C3CCO3)cccc2c1
O=C(CCC1CCCCc2ccccc21)Nc1ccc2c(C3CCO3)cncc2c1
O=C(CCC1CCCCc2ccccc21)Nc1ccc2c(C3CO3)cncc2c1
O=C(CCC1CCCCc2ccccc21)Nc1ccc2c(C3CO3)cncc2c1
O=C(CCC1CCCCc2ccccc21)Nc1ccc2c(C3CO3)nncc2c1
O=C(CCC1CCCCc2ccccc21)Nc1ccc2c(C3CO3)nncc2c1
O=C(CCC1CCCCc2ccccc21)Nc1ccc2cnncc2c1
O=C(CCC1CCCc2ccccc21)Nc1ccc2cnncc2c1
O=C(CCC1CCCc2ccccc21)Nc1ccc2cnncc2c1
N=c1oncc2cc(NC(=O)CCC3CCCc4ccccc43)ccc12
N=c1oncc2cc(NC(=O)CCC3CCCc4ccccc43)ccc12
N=c1oncc2cc(NC(=O)CCC3CCc4ccccc43)ccc12
N=c1oncc2cc(NC(=O)CCC3CCc4ccccc43)ccc12
N=c1oncc2cc(NC(=O)CCC3CCCc4ccccc43)ccc12
N=c1oncc2cc(NC(=O)CCC3CCCCc4ccccc43)ccc12
O=C(CCC1CCCCc2ccccc21)Nc1ccc2c(=O)oncc2c1
O=C(CCC1CCCCc2ccccc21)Nc1ccc2c(=O)oncc2c1
O=C(CCC1CCCCc2ccccc21)Nc1ccc2c(=O)oncc2c1
