C1CCC(C2CC(C3CCC(CC4CCC5CCCCC54)CC3)C3CCCCC23)CC1
C1CCC(CCCC2CCC(C3CCCC(C4CCCCC4)C3)CC2)CC1
C1CCC(CCC2CCCC(C3CCCCC3)C2)CC1
C1CCC(CC2CCC(C3CCCCC3)CC2)CC1
C1CCC(CCC2CCC(C3CCCC(C4CCCCC4)C3)CC2C2CCCCC2)CC1
C1CCC(CC2CCC(CCC3CC(CC4CCCC(C5CCCCC5)C4)C4CCCCC34)CC2)CC1
C1CCC(CC2CCC(C3CCCCC3)CC2)CC1
C1CCC(CCCCCC2CC(CC3CCC(C4CCCCC4)CC3)C3CCCCC23)CC1
C1CCC(C2CCCCC2C2CCC(CC3CCC(CC4CCC5CCCCC54)CC3)CC2)CC1
C1CCC(CC2CCC(CC(C3CCCC3)C3CCC3)C(C3CCCCC3)C2)CC1
C1CCC(CCC2CCCC2C2CC(C3CCC4CCCCC43)CC3CCCCC32)CC1
C1CCC(CC2CCCCC2CC2CCC(CCCC3CC3)CC2)CC1
C1CCC(CC2CCC(C3CCCC(CC4CC5CCCCC5C4)C3)CC2)CC1
C1CCC(CCCCCC2CCC(CC3CCC(CCC4CCCCC4)CC3)CC2)CC1
C1CCC(C2CCCC(C(CC3CCC4CCCC4C3)C3CCCC(C4CCCC4)C3)C2)CC1
C1CCC(CC2CC(C3CCCCC3C3CC3)C3CCCCC23)CC1
C1CCC(CC2CCC(CCCC3CCC(C4CCCCC4)CC3)CC2C2CCC3CCCC3C2)CC1
C1CCC(C2CCC(CCCC3CC3)CC2)CC1
C1CCC(C2CCC(C3CCCCC3C3CCCCC3)CC2)CC1
C1CCC(CCCC2CCCC3CCCCC32)CC1
C1CCC(CCCC2CCC(CC3CCC(C4CC4)CC3CCC3CCCCC3)CC2)CC1
C1CCC(C2CCCC(C3CC(C4CCCCC4)CC(C4CCCCC4)C3)C2)CC1
C1CCC(CC2CCC(CC3CCCC(C4CCC5CCCC5C4)C3)CC2)CC1
C1CCC(CC2CCCC3CCCCC32)CC1
C1CCC(CC2CCCCC2)CC1
C1CCC(CCCC2CCC(CC3CCCC(CCC4CCCC4)C3)CC2)CC1
C1CC(CC2CC3CCCCC3C2)CC(CC2CCCC(C3CCC4CCCCC43)C2)C1
C1CCC(CCCCCC2CCC(C3CC3)CC2)CC1
C1CCC(C2CCC3C(CCCC3C3CCCC(C4CCCC4C4CCCCC4)C3)C2)CC1
C1CCC(CC2CCC(CC3CCCCC3)CC2)CC1
C1CCC(CCC2CCCCC2)CC1
C1CCC(C2CCC(C3CC(C4CCCCC4)CCC3C3CCC4CCCC4C3)CC2)CC1
C1CCC(C2CCCC(CC3CCC(CC4CC5CCCCC5C4)CC3)C2)CC1
C1CCC(C2CCCCC2CC2CCC(C3CCCC3)CC2)CC1
C1CCC(CC2CCC(C3CCCCC3)CC2)CC1
C1CCC(CC2CCCC(C3CCCCC3)C2)CC1
C1CCC(CC2CCC(CC3CCC(CC4CCCCC4)CC3)CC2)CC1
C1CCC(C2CCC(CCC3CCC(C4CCCC(CC5CC5)C4)CC3)CC2)CC1
C(CCCC(CC1CC1)CC1CCC2C(CCC2C2CCCC2)C1)CCC1CCCCC1
C1CCC(CCC2CCC(CC3CC4CCCCC4C3)CC2)CC1
C1CCC(CCCC2CCC(C3CCCCC3)CC2)CC1
C1CCC(CC2CCCC(CCC3CCCCC3C3CCC(C4CCCCC4)CC3)C2)CC1
C1CCC(CC2CCC(CCC3CCC(CC4CCCCC4)CC3C3CCCCC3)CC2)CC1
C1CCC(CC2CC(C3CCC(C4CCCCC4C4CCCC4)CC3)C3CCCCC23)CC1
C1CCC(C2CCCCC2)CC1
C1CCC(CCCC2CCCC(CC3CC4CCCCC4C3)C2)CC1
C1CCC(CC2CCC(CCCC3CCCC(CC4CCC4)C3)CC2)CC1
C1CCC(CC2CCC(CC3CCC(CCC4CCC(C5CCCCC5)C4)CC3)CC2)CC1
C1CCC(C2CCCC(C3CCCCC3)C2)CC1
C1CCC(C2CCCC(CCC3CCCCC3CCCCC3CCC(C4CC4)CC3)C2)CC1
C1CCC(CC2CCCCC2C2CCC3CCCCC3C2)CC1
C1CCC(CC2CCCC(CC3CCCCC3)C2)CC1
C1CCC(CCC2CCC(CC3CCC(CC4CCCCC4)CC3)CC2)CC1
C1CCC(CCC2CCCC(CC3CCC(CC4CCCCC4)CC3)C2)CC1
C1CCC(C2CCC(CC3CCCC3)CC2)CC1
C1CCC(C2CCC(C3CCCCC3)CC2)CC1
C1CCC(CC2CCC(C3CCCC(C4CCCCC4)C3)CC2)CC1
C1CCC(CC2CCC(C3CCCCC3CC3CCCCC3)CC2)CC1
C1CCC(CCCC2CCC(CC3CCCCC3)C(C3CCCCC3)C2)CC1
C1CCC(CC2CCC(CCCCC3CC4CCCCC4C3)CC2)CC1
C1CCC(CC2CCC(CC3CCCC(CC4CCCC4)C3)CC2)CC1
C1CCC(C2CCC(C3CCC(C4CCCCC4)CC3)CC2)CC1
C(CCC1CCC(CC2CCCC2)CC1)CCC1CCC(C2CCC(C3CCCCC3)CC2)CC1
C1CCC(CCC2CCC(C3CCCCC3)CC2)CC1
C1CCC(C2CC(C3CCCCC3)CC(C3CCCC3)C2)CC1
C1CCC(C2CCC3CCC(C4CCC(C5CCC6CCCC6C5)C(C5CCC6CCCC6C5)C4)C3C2)CC1
C1CCC(CC2CCC3CC(C4CCCCC4)CC3C2)CC1
C1CCC(CCC2CCCC(C3CCCCC3C3CCC(CC4CCCCC4)CC3)C2)CC1
C1CCC(CC2CCCC(C3CC(CCC4CCC(CC5CCCC5)CC4)CCC3CC3CCCCC3)C2)CC1
C1CCC(CCCC2CCCC(CC3CCCCC3)C2)CC1
C1CCC(CCCC2CC(CC3CCCCC3)CC(CC3CC3)C2)CC1
C1CCC(CCCCC2CCC(CCC3CCC(CCCC4CCCCC4)CC3)CC2)CC1
C1CCC(CCCCCC2CCC(CC3CCC(C4CCCC(CC5CC5)C4)CC3)CC2)CC1
C1CCC(CC2CCC(CC3CCC(C4CCCCC4CC4CCCCC4)CC3)CC2)CC1
C1CCC(C2CCCCC2C2CCC(C3CCCC3)CC2C2CC2)CC1
C1CCC(CC2CCC(CCC3CCCC3)CC2C2CCCCC2)CC1
C1CCC(CC2CCC(C3CC(C4CCCCC4)CC(C4CCCCC4)C3)CC2)CC1
C1CCC(C2CCCCC2)CC1
C1CCC(CC2CCC(CCC3CCC4CCCCC4C3)CC2)CC1
C1CCC(C2CCC(CCCC3CC(C4CCCCC4)CC(C4CCCCC4)C3)CC2)CC1
C1CCC(CC2CCC(CC3CCCCC3C3CCCCC3)C2)CC1
C1CCC(CC2CCC(CCC3CCCC(C4CCCCC4)C3)CC2)CC1
C1CCC(CC2CCC3CC(C4CCCCC4)CC(C4CCCCC4)C3C2)CC1
C1CCC(C2CCC(CCCC3CCC(C4CCCCC4)CC3)CC2)CC1
C1CCC(C2CCCC(CC3CC(C4CCCC5CCCCC54)C4CCCCC34)C2)CC1
C1CCC(CC2CCC(CC3CCC(CC4CCCCC4)CC3)CC2)CC1
C1CCC(CC2CCC(CCC3CCC(C4CCC5CCCC5C4)CC3)CC2)CC1
C1CCC(C2CCC(C3CCC4CCCCC4C3)CC2)CC1
C1CCC(CC2CCC(C3CCC(CC4CCC(C5CCCCC5)CC4)C3)CC2)CC1
C1CCC(C2CCCC(C3CCCC(CC4CCC5CCCCC54)C3)C2)CC1
C1CCC(C2CCCC(CC3CCC(C4CCCCC4)C(C4CCCC4)C3)C2)CC1
C1CCC(CC2CCCC(C3CCCC4CC(C5CCCCC5)CCC43)C2)CC1
C1CCC(C2CCCCC2)CC1
C1CCC(C2CCC(C3CCC4CCCCC4C3)C(C3CCCCC3)C2)CC1
C1CCC(CCC2CC(C3CC3)CCC2CC2CC(CC3CCCCC3)C2)CC1
C1CCC(CC2CCC(C3CC3CCC3CCC4CCCCC4C3)CC2)CC1
C1CCC(CC(CC2CCCCC2C2CCCCC2)C2CCC3CCCCC32)CC1
C1CCC(CC2CC(C3CCCCC3)CCC2C2CCCCC2)CC1
C1CCC(CC2CCC3CC(CC4CCC(C5CC5)CC4)CCC23)CC1
C1CCC(CC2CCC3CC(C4CCCCC4)CC(C4CCCCC4)C3C2)CC1
C1CCC(CCC2CCC(C3CCCCC3C3CCCC3)C(C3CCCCC3)C2)CC1
C1CCC(CCC2CCC(CC3CCCCC3)CC2)CC1
C1CCC(CC2CCCC(CC3CCCC(C4CCCCC4)C3)C2)CC1
C1CCC(CC2CCC(C3CCCCC3)CC2)CC1
C1CCC(CC2CC(CC3CCCCC3)CC(C3CCCCC3)C2)CC1
C1CCC(CC2CCCC(CCCCC3CCC(C4CCCC(C5CCCCC5)C4)CC3)C2)CC1
C1CCC(CCCC2CCC(C3CCCCC3)CC2)CC1
C1CCC(C2CCCCC2C2CCCCC2)CC1
C1CCC(CCCCC2CCC(CC3CCCCC3)CC2)CC1
C1CCC(CC2CCCC(C3CCCC(CC4CCCCC4CC4CCCCC4)C3)C2)CC1
C1CCC(CCC2CCC(C3CCCC3)C(C3CCC4CCCC4C3)C2)CC1
C1CCC(C2CCCC(CC3CCCC(C4CCCCC4)C3)C2)CC1
C1CCC(CCCC2CCCC(CC3CCCC(C4CCCCC4)C3)C2)CC1
C1CCC(CCC2CC(C3CCC(CC4CCCCC4)CC3)C3CCCCC23)CC1
C1CCC(C2CCC(C3CCCCC3C3CCCCC3)C2)CC1
C1CCC(CCCC(CCC2CC(C3CCCCC3)CC(C3CCCCC3)C2)C2CCCCC2)CC1
C1CCC(C2CCC(CC3CCC(C4CCCCC4)CC3)CC2)CC1
C1CCC(CC2CCCC(C3CCC(CC4CCCC4)CC3)C2)CC1
C1CCC(CC2CCC(CC3CCC(CC4CCCC(CC5CC5)C4)CC3)CC2)CC1
C1CCC(C2CC(C3CC3)CCC2CC2CCCCC2C2CCCC2)CC1
C1CCC(CC2CCC(C3CCC3)C(C3CCCCC3)C2)CC1
C1CCC(C2CCCC(CCC3CC(C4CCCCC4)C4CCCCC34)C2)CC1
C1CCC(CCC2CCCC(CC3CCCC(C4CCCCC4)C3)C2)CC1
C1CCC(C2CCCC(CC3CC(CCCCCC4CCCC4)C4CCCCC34)C2)CC1
C1CCC2CC(C3CCC(CCC4CCC(C5CCC6CCCCC65)CC4)CC3)CC2C1
C1CCC(C2CCCCC2C2CCCCC2)CC1
C1CCC(C2CCC(C3CCCC(C4CCCC(CC5CCC6CCCCC6C5)C4)C3)CC2)C1
C1CCC(CC2CCC(C3CCCCC3)CC2)CC1
C1CCC(C2CCCC(CCC3CCCC(C4CCCC4)C3)C2)CC1
C1CCC(CCC2CCCCC2C2CCC(CCCC3CCCC(CC4CCCC4)C3)CC2)CC1
C1CCC(C2CCC(C3CCCCC3)C2C2CCCCC2)CC1
C1CCC(CC2CCC(C3CCCC(C4CCCCC4)C3)CC2)CC1
C1CCC(CCCC2CCCC(CC3CC3)C2)CC1
C1CCC(CCC2CCCC(CCC3CCC(CC4CCCCC4)CC3)C2)CC1
C1CCC(C2CCCC(CCC3CCCC(C4CCCC4)C3)C2)CC1
C1CCC(CC2CCCC(CC3CCCCC3C3CCCCC3)C2)CC1
C1CCC(C2CCC(CC3CC4CCCCC4C3)CC2C2CCCC2)CC1
C1CCC(CC2C(C3CCCCC3)CCC2C2CCCCC2)CC1
C1CCC(CC2CCCCC2C2CCCCC2CC2CCCCC2)CC1
C1CCC(CC2CCC(CCC3CCC4CCCC4C3)CC2)CC1
C1CCC(CCCCC(CC2CCCCC2)C2CCC3CCCC3C2)CC1
C1CCC(C2CCCCC2C2CCC3C(CCCC3C3CCCCC3)C2)CC1
C1CCC(CC2CCC(C(CCC3CC(C4CCCCC4)CCC3C3CCCCC3)C3CCCC3)CC2)CC1
C1CCC(CCC2CCC(CC3CCC(CC4CCCCC4)CC3)CC2)CC1
C1CCC(CC2CCCCC2C2CCC(C3CC(C4CCCCC4)C4CCCCC34)CC2)CC1
C1CCC(CCC2CCC(C3CCC(CC4CCCCC4)CC3)CC2)CC1
C1CCC(CCC2CCC(C3CCC(C4CCCCC4)CC3)CC2)CC1
C1CCC(CCCC2CCC(C3CCCCC3)CC2)CC1
C1CCC(CC2CCCCC2C2CC(C3CCCCC3)CC(C3CCCC3)C2)CC1
C1CCC(C2CCC(CCCC3CCCC(C4CCCCC4)C3)CC2)CC1
C1CCC(CC2CCCCC2C2CCC3CCCCC3C2)C(CCCC2CC3CCCCC3C2)C1
C1CCC(C2CC(CC3CCC(C4CCC5CCCCC54)CC3)C3CCCCC32)CC1
C1CCC(CCC2CCCCC2CCCC2CCC(CC3CCCCC3)CC2)CC1
C1CCC(CC2CCCC(C3CCCC3)C2)CC1
C1CCC(CC2CCC(C3CCC(C4CCCC4)C3)C(C3CCC(C4CCCCC4)CC3)C2)CC1
C1CCC(CCC2CCC(CCC3CCCCC3)CC2)CC1
C1CCC(CC2CCC(C3CCC(C4CCCC(CC5CCCC5)C4)CC3)CC2)C1
C1CCC(CCC2CC(C3CCCC(CC4CCC(C5CCCCC5)CC4)C3)CCC2C2CCCCC2)CC1
C1CCC(C2CCCCC2C2CCCC2)CC1
C1CCC(CCC2CCCC(C3CCCCC3)C2)CC1
C1CCC(C2CCC(C3CCCC(CC4CCC5CCCCC5C4)C3)CC2)C1
C1CCC(CC2CCC(CC3CCCC(CC4CCC5CCCCC5C4)C3)CC2C2CCCCC2)CC1
C1CCC(CC2CCC(C3CCC(C4CCCC(C5CCCCC5)C4)CC3)CC2)CC1
C1CCC(CCC2CCCC(CC3CC4CCCCC4C3)C2)CC1
C1CCC(CCC2CCCCC2)CC1
C1CCC(C2CCC(CCCCC3CCCC(C4CCCCC4)C3)CC2)CC1
C1CCC(CCCCC2CCC(CCC3CCCCC3)CC2)CC1
C1CCC(C2CCCC(CCC3CCC4CCCC4C3)C2)CC1
C1CCC(CCC2CCC(CC3CCC(CCC4CCCCC4C4CCCC4)CC3)CC2)CC1
C1CCC(C(C2CCCCC2)C2CCCCC2)CC1
C1CCC(C2CCCC(C3CCCC(C4CCCCC4)C3)C2)CC1
C1CCC(CC2CCC(CCC3CC(C4CCCCC4)CCC3C3CC3)CC2)CC1
C1CCC(C2CCC(CC3CCC(C4CCCCC4)CC3)CC2)CC1
C1CCC(CCCC2CCC(CC3CCC(CC4CCCCC4)CC3)CC2)CC1
C1CCC2CC(C3CCCC(C4CCCC(C5CC6CCCCC6C5)C4)C3)CCC2C1
C1CCC(C2CCCC(C3CCCCC3)C2)CC1
C1CCC(C2CCCC(C3CCCCC3C3CCCCC3)C2)CC1
C1CCC(CC2CCC(C3CCCC(CC4CCCCC4)C3)CC2)CC1
C1CCC(C2CCCC(C3CCCCC3)C2)CC1
C1CCC(CC2CCCC(C3CCCC(C4CCCCC4)C3)C2)CC1
C1CCC(CC2CCC(C3CCCC(CC4CC4)C3)CC2)CC1
C1CCC(CC2CCCCC2CC2CCC(C3CCCCC3)CC2)CC1
C1CCC(C2CCC(C3CCCCC3)CC2)CC1
C1CCC(C2CCC(C3CC(C4CCCCC4)C4CCCCC43)C(CC3CC4CCCCC4C3)C2)CC1
C1CCC(CC2CCC(C3CCCCC3)CC2CC2CCCCC2)CC1
C1CCC(C2CCC(CC3CCC(CC4CCCC5CCCCC54)CC3)CC2)CC1
C1CCC(C2CCCC(CC3CCCC(C4CCCCC4)C3)C2)CC1
C1CCC(CC2CCC(CC3CCC(C4CCCC4)CC3)C(C3CCCC3)C2)CC1
C1CCC(CCC2CCC(C3CCC(C4CCCCC4)CC3)CC2)CC1
C1CCC(CC2CCC(C3CCC(C4CCC4)CC3)CC2)C1
C1CCC(CC2CCC(CC3CCC(C4CCCCC4)CC3C3CCCC3)CC2)CC1
C1CCC(CC2CCC(CC3CCC(C4CCCCC4)CC3)CC2)CC1
C1CCC(CCCC2CCCC(C3CCCCC3)C2)CC1
C1CCC(C2CCC(CC3CCC4CCCCC43)CC2)CC1
C1CCC(CC2CCCC(C3CCCCC3)C2)CC1
C1CCC(C2CCCCC2C2CCCCC2)CC1
C(CCCC1CCC(CC2CCCC(C3CCCCC3)C2)CC1)CCC1CCCCC1
C1CCC(CC2CCC(C3CCC(CC4CCCC(C5CCCCC5)C4)CC3)CC2)CC1
C1CCC(CC2CCC(C3CCCC(CC4CC5CCCCC5C4)C3)CC2)CC1
C1CCC(C2CCC(CCCCC3CCCC(C4CCC(C5CCC5)CC4)C3)CC2)CC1
C1CC(CC2CCCC(C3CCC(C4CCCC(C5CCC6CCCC6C5)C4)CC3)C2)C1
C1CCC(C2CCCC(C3CCCCC3)C2)CC1
C1CCC(CCC2CCC(CC3CCCCC3CCC3CCCCC3)CC2)CC1
C1CCC(C2CCC(CC3CCCCC3C3CCCCC3)CC2)CC1
C1CCC(CC2CCCC(C3CCC(C4CCC5CCCCC54)CC3)C2)CC1
C1CCC(CCCC2CCCCC2)CC1
C1CCC(CC2CCCC(CC3CCC(C4CCCC4)C(C4CCCCC4)C3)C2)CC1
C1CCC(CC2CCC(CC3CCC(C4CCCC(CC5CCCCC5)C4)CC3)CC2)CC1
C1CCC(CCCC(CC2CCCC(C3CCCCC3)C2)C2CCCCC2CC2CCCCC2)CC1
C1CCC(C2CCCC(CCC3CCCC(C4CCC(C5CCC5)CC4)C3)C2)CC1
C1CCC(C2CC(C3CCCCC3)CC(C3CCCC3)C2)CC1
C1CCC(CCC2CCC(C3CCCCC3)CC2)CC1
C1CCC(CCCC2CCC(CC3CC(CCC4CCCCC4)C4CCCCC34)CC2)CC1
C1CCC(CC2CCC(C3CCCCC3)C(C3CCCCC3)C2)CC1
C1CCC(CC2CCCC(C3CCCCC3CC3CCCCC3)C2)CC1
C1CCC(CCC2CCCC(C3CCCCC3)C2)CC1
C1CCC(C2CCCC(CCC3CCCC(C4CCC5CCCCC54)C3)C2)CC1
C1CCC(CC2CCC(CCCC3CC(C4CCCCC4)CC(C4CCCC(C5CCCC5)C4)C3)CC2)CC1
C1CCC(CC2CCCC(C3CCCC(C4CCCCC4)C3)C2)CC1
C1CCC(CC2CCCC(C3CCC(C4CCCC(C5CCCC5)C4)CC3)C2)CC1
C1CCC(C2CCCC(CCCC3CC(C4CCCCC4)C4CCCCC34)C2)CC1
C1CCC(CC2CCCCC2CC(CC2CCCCC2)C2CCCCC2)CC1
C1CCC(C2CCCC(CCCC3CCCCC3C3CCCCC3)C2)CC1
C1CCC(CC2CC(C3CCC(CCC4CCC(C5CCCCC5)CC4)CC3)C2)CC1
C1CCC(C2CCCC(CCCC3CC4CCCCC4C3)C2)CC1
C1CCC(C2CCC(CC3CCC(C4CCCC4)CC3)CC2)CC1
C1CCC(CC2CCCC(CC3CCCCC3)C2)CC1
C1CCC(C2CCCC(C3CCCCC3)C2)CC1
C1CCC(C2CCCC(C3CCC(C4CCC(CCC5CCC6CCCCC6C5)CC4)CC3)C2)CC1
C1CCC(CCCC2CC(CC3CCC4CCCC4C3)CC(C3CCCCC3)C2)CC1
C1CCC(CC2CCCCC2C2CCCCC2)CC1
C1CCC(C2CC(C3CCC4CCCCC43)CC3CCCCC32)CC1
C1CCC(C2CCC(C3CCCC3)C(C3CCC(CC4CC5CCCCC5C4)CC3)C2)C1
C1CCC(CC2CCCC(C3CCCCC3C3CCCCC3)C2)CC1
C1CCC(CC2CCC(C3CCC4CCCCC4C3)CC2)CC1
C(CCCC1CCCCC1CC1CCCCC1)CCC1CCCCC1
C1CCC(CCC2CCC(CC3CCCCC3)CC2)CC1
C1CCC(CCCC2CCC(CC3CCC(C4CCCCC4)CC3C3CCCCC3)CC2)CC1
C1CCC(CCC2CCC(C3CCCCC3)CC2)CC1
C1CCC(CC2CCC(CC3CCCCC3)CC2)CC1
C1CCC(CC2CCCC(CCC3CCC(C4CCCCC4)CC3)C2)CC1
C1CCC(CCC2CCC(C3CCCCC3CCC3CCCCC3)CC2)CC1
C1CCC(CC2CCCC(C3CCCCC3)C2)CC1
C1CCC(CC2CCC(C3CCC(C4CCCC4)C3CC3CCCCC3)CC2)CC1
C1CCC(CC2CCC(C3CCCCC3)CC2)CC1
C1CCC(C2CCCC(C3CCCCC3C3CCCC3)C2)CC1
C1CCC(CCCC2CCC(CCC3CCCCC3)CC2)CC1
C1CCC(CC2CCC(C3CCC4CCCCC4C3)CC2)CC1
C1CCC(CC2CCC(C(C3CCCCC3)C3CCCCC3)CC2)CC1
C1CCC(CC2CC(C3CCCCC3)C3CCCCC23)CC1
C1CCC(C2CCCC3CCC(CC4CCCCC4CC4CCCC(CCC5CCCC5)C4)CC32)CC1
C1CCC(C2CCCCC2C2CCC3CCCCC3C2)CC1
C1CCC(CCC2CCC(C3CCCC3)CC2C2CCCCC2C2CCC3CCCCC3C2)CC1
C1CCC(CC2CC(C3CCCCC3)C3CCCCC23)CC1
C1CCC(CC2CCCCC2)CC1
C1CCC(C2CCC(C3CCCCC3)C(C3CCCCC3)C2)CC1
C1CCC(C2CCCC(C3CC(C4CCCCC4)CC(C4CCCCC4)C3)C2)CC1
C1CCC(CCC2CC(CC3CCCCC3)CCC2CC2CCCCC2)CC1
C1CCC(C2CCC(CCC3CCC(C4CCCCC4)CC3)CC2)CC1
C1CCC(CC2CCC(C3CCCCC3)CC2)CC1
C1CCC(CCCCC2CCCC(C3CCCC(C4CCC(CCCC5CCCCC5)CC4)C3)C2)CC1
C1CCC(CC2CCCCC2CC2CCCCC2)CC1
C1CCC(CC2CCCC(CC3CCC(C4CCCC(C5CCCC5)C4)CC3)C2)CC1
C1CCC(CC2CCC(CC3CCCCC3)CC2)CC1
C1CCC(C2CCC(CC3CCCC(C4CCCCC4)C3)CC2)CC1
C1CCC(CCC2CCC(CC3CCCCC3)CC2)CC1
C1CCC(CCCC2CCCCC2)CC1
C1CCC(C2CCCC(CC3CC(CC4CCCC4C4CCCCC4)C4CCCCC34)C2)CC1
C1CCC(CCCC2CCC(C3CCCCC3)CC2C2CCCC2)CC1
C1CCC(CC2C(C3CCCCC3)CC(CCC3CCCC3)CC2C2CC2)CC1
C1CCC(CC2CC(C3CCCC(CC4CCCC4)C3)C3CCCCC23)CC1
C1CCC(CCC2CCCC(CCCCC3CCC(CC4CCCCC4)CC3)C2)CC1
C1CCC(C2CCCC(C3CCCCC3)C2)CC1
C1CCC(C2CCCC(C3CCCCC3C3CCCCC3)C2)CC1
C1CCC(CCCC2CCC(CC3CCC(CCC4CCCCC4)CC3)CC2)CC1
C1CCC(CC2CCC3CCC(C4CCCC4)C3C2)CC1
C1CCC(CC2CCC(CC3CCCC(C4CCCCC4)C3)CC2)CC1
C1CCC(CC2CCC(C3CCCC(C4CCCC4)C3)CC2)CC1
C1CCC(CC2CCCCC2C2CCCC(C3CCCCC3)C2)CC1
C1CCC(CC2CCC(CC3CCCCC3)CC2)CC1
C1CCC(C2CCCCC2C2CCC3CCCC3C2)CC1
C1CCC(CCCCC2CCCCC2C2CCC(CCC3CCCCC3)CC2)CC1
C1CCC(CCC2CCC(CC3CCCCC3)CC2)CC1
C1CCC(CC2CCC(C3CCCCC3C3CCCC3)CC2)CC1
C1CCC(CCC2CCC(C3CCCC(C4CCCCC4)C3)CC2)CC1
C1CCC(CC2CCC(C3CCCCC3)CC2)CC1
C1CCC(C2CCCCC2)CC1
C1CCC(C2CCC(CC3CCC(C4CCCCC4)CC3)CC2)CC1
C1CCC(CCCCC2CC(CC3CCCCC3)C3CCCCC23)CC1
C1CCC(CCCC2CCCC(C3CCCC(C4CCCCC4)C3)C2)CC1
C1CCC(C2CCC(C3CCCC(C4CCCC5CCCCC54)C3)CC2)CC1
C1CCC(CCC2CCCC(C3CCC(C4CCCCC4)CC3)C2)CC1
C1CCC(CC2CCCCC2C2CCCCC2)CC1
C1CCC(CCCC2CCC(C3CC(C4CCCCC4)C3)CC2)CC1
C1CCC(CC(C2CCCCC2)C2CCCCC2)CC1
C1CCC(CC2CCC(CC3CCCCC3)CC2)CC1
C1CCC(CCC2CCCC(C3CCCC4CC(C5CCCCC5)CCC43)C2)CC1
C1CCC(CC2CC(CCC3CCC(C4CCCCC4)CC3)C3CCCCC23)CC1
C1CCC(CCC2CCC(C3CCC(CC4CCCCC4)CC3)CC2)CC1
C1CCC(C2CCCCC2)CC1
C1CCC(C2CCCC(C3CCCCC3)C2)CC1
C1CCC(CC2CCCC(CCC3CCCC(C4CCCCC4)C3)C2)CC1
C1CCC(CCCC2CCC(CCC3CCCCC3C3CCCC3)CC2)CC1
C1CCC(CC2CCCC(C3CCCC(C4CCCCC4)C3)C2)CC1
C1CCC(C2CCCC(C3CCCC(CCC4CCC4)C3)C2)CC1
C1CCC(CC2CCCCC2C2CCC(CC3CC4CCCCC4C3)CC2)CC1
C1CCC(CCCC2CCCC(C3CCC(CCC4CCCC(CC5CCC5)C4)CC3)C2)CC1
C1CCC(CCCCC2CCC(CCCC3CCCCC3)CC2)CC1
C(CCCC1CCCC(CC2CCCCC2)C1)CCC1CCCCC1
C1CCC(CC(C2CCCCC2)C2CCCCC2CC2CC3CCCCC3C2)CC1
C1CCC(CCCCC2CCC(CC3CCC(C4CCCC(C5CCCCC5)C4)CC3)CC2)CC1
C1CCC(CCC2CCC(CCCC3CC4CCCCC4C3)CC2)CC1
C1CCC(CC(CC2CCCCC2)C2CCCCC2)CC1
C1CCC(C2CC(C3CCC3)CC(C3CCCC(C(C4CCCCC4)C4CCCC(C5CCCCC5)C4)C3)C2)CC1
C1CCC(CCC2CC(C3CCCCC3)CC(C3CCCCC3)C2)CC1
C1CCC(CCC2CCC(CC3CCCCC3)CC2)CC1
C1CCC(CC2CCC(CC3CCCCC3)CC2)CC1
C1CCC(CC2CCCC(CCC3CCCC(C4CCCCC4C4CCCCC4)C3)C2)CC1
C1CCC(C2CCC(C3CCC(C4CCCC4)CC3)C2)CC1
C1CCC(CC2CCC(C3CCCCC3C3CCC4CCCCC43)CC2)CC1
C1CCC(C2CCCC(CC3CC(C4CCCCC4)C4CCCCC34)C2)CC1
C1CCC(CC2CCC(CCC3CC4CCCCC4C3)CC2)CC1
C1CCC(CC2CCC3CC(C4CCC5CCCCC54)CC(C4CCCCC4)C3C2)CC1
C1CCC(CC2CCCCC2C2CCC3C(CCCC3C3CCCCC3)C2)CC1
C1CCC(CC2CCCC(C3CCCC(C4CCCC4)C3)C2)CC1
C1CCC(CC2CCC(CC3CCC(C4CCCCC4)CC3)CC2)CC1
C1CCC(C2CCC3CCC(C4CCCCC4C4CCCCC4)CC3C2)CC1
C1CCC(CC2CC(CC3CCCCC3C3CCCC(C4CCCCC4)C3)C3CCCCC23)CC1
C1CCC(CC2CCCCC2CC2CCC(CC3CCC(CC4CCCC4)CC3)CC2)CC1
C1CCC(CC2CCCCC2C2CCCC3CC(C4CCCCC4)CCC32)CC1
C1CCC(CCCC2CCC(C3CCC(CC4CCC5CCCCC5C4)CC3)CC2)CC1
C1CCC(CC2CC3CCC(C4CCC(C5CCCC(C6CCCCC6)C5)C4)CC3C(C3CCCCC3)C2)CC1
C1CCC(CC2CCC3C(CCC3C3CCCCC3)C2)CC1
C1CCC(CCC2CC(C3CCCCC3)CCC2C2CCCCC2)CC1
C1CCC(C2CCCC(CC3CCC4CCCC4C3)C2)CC1
C1CCC(CC2CCCC(C3CCC(C4CCCC5CCCCC54)CC3)C2)CC1
C1CCC(CC2CCCC(C3CCCCC3)C2)CC1
C1CCC(CCCCC2CCC(C3CCCC(C4CCCC4)C3)CC2)CC1
C1CCC(CCC2CCC3C(CCCC3C3CCCC(CC4CC5CCCCC5C4)C3)C2)CC1
C1CCC(CCC2CCC(CC3CCC(C4CCC5CCCCC5C4)C3)CC2)CC1
C1CCC(CC2CCCC(CC3CCC(C4CCCC(CC5CC6CCCCC6C5)C4)CC3)C2)CC1
C1CCC(CCC2CCC(CC3CCC(CC4CCCC(C5CCCC5)C4)CC3)CC2)CC1
C1CCC(CC2CCCC(C3CCCCC3)C2)CC1
C1CCC(CCC2CCCC(C3CCCCC3)C2)CC1
C1CCC(CC2CCC(CCCCCC3CCCCC3C3CCC4CCCCC4C3)CC2)CC1
C1CCC(C2CCCCC2C2CCC(C3CCCC(CC4CC4)C3)CC2)CC1
C1CCC(C2CC(C3CCC(CCC4CC5CCCCC5C4)CC3)C3CCCCC23)CC1
C1CCC(CCCC2CCC(CCCCC3CCC3)CC2)CC1
C1CCC(CC2CC(C3CCCCC3)CC3CCCCC32)CC1
C1CCC(CC2CCCC(C3CCCCC3)C2)CC1
C1CCC(C2CCCC2C2CCC(C3CCCC(C4CCC5CCCCC5C4)C3)CC2)CC1
C1CCC(C2CCCC(C3CCC4CCCCC4C3)C2)CC1
C1CCC(CCCC2CCCCC2C2CCCCC2)CC1
C1CCC(CC2CCCCC2CC2CCC(CC3CCC4CCCCC43)CC2)CC1
C1CCC(CCCCC2CCC(CC3CCC(C4CCCCC4)CC3)CC2)CC1
C1CCC(CCC2CCCCC2)CC1
C1CCC(CCC2CC(CC3CCC(C4CCC4)CC3)C3CCCCC23)CC1
C1CCC(CC2CCCCC2C2CCCCC2)CC1
C1CCC(CCCCC2CCC(C3CCC4CCCC4C3)CC2)CC1
C1CCC(C2CC(C3CCC(C4CCCC4)CC3)C3CCCCC23)CC1
C1CCC(CC2CCC(C3CCCCC3)CC2)CC1
C1CCC(CC2CCC(CC3CCCCC3C3CCCCC3)CC2)CC1
C1CCC(C(C2CCCCC2)C2CCCCC2)CC1
C1CCC(CCC2CC3CCC(CCC4CCCCC4)CC3C(C3CCCCC3)C2)CC1
C1CCC2CC(C3CCCCC3C3CCC(CC4CC5CCCCC5C4)CC3)CCC2C1
C1CCC(C2CCCCC2C2CCCCC2CC2CCCC(C3CCCC3)C2)CC1
C1CCC(CCC2CCCC(C3CCC(CC4CCC(CC5CCCCC5)CC4)CC3)C2)CC1
C1CCC(C2CCCC(C3CCC(CCC4CCCC4)CC3C3CCCC3)C2)CC1
C1CCC(CC2CCC(CC3CCC(C4CCCC(C5CCCCC5)C4)C(C4CCCC4)C3)CC2)CC1
C1CCC(C2CCCCC2C2CCCC(C3CC4CCCCC4C3)C2)CC1
C1CCC(C2CCCC(CC3CCCC(C4CCCC(C5CCCCC5)C4)C3)C2)CC1
C1CCC(CCC2CCC(C3CCC(C4CCCC(CC5CCCCC5)C4)CC3)CC2)CC1
C1CCC(CCC2CCC(C3CCCCC3)CC2C2CCCCC2)CC1
C1CCC(C2CCCC(CC3CCC4CC(C5CCCCC5)CCC34)C2)CC1
C1CCC(C2CCCC(CCC3CCCC(C4CCC4)C3)C2)CC1
C1CCC(C2CCC3C(CC(CC4CCCC4)CC3C3CCCCC3)C2)CC1
C1CCC(CCC2CCC(CC3CCCC(C4CC4)C3)CC2)CC1
C1CCC(C2CCC(C3CCCCC3C3CCCCC3)C(C3CCCCC3)C2)CC1
C1CCC(C2CCC(CC3CCC(C4CCCCC4)C(C4CCCCC4)C3)CC2)CC1
C1CCC(CCC2CCC(CCC3CC(C4CCCCC4)CC(C4CCCC4)C3)CC2)CC1
C1CCC(CC2CCCC(CC3CCCCC3)C2)CC1
C1CCC(CC2CCCCC2C2CC(C3CCC(C4CCCCC4)CC3)C3CCCCC32)CC1
C1CCC(C2CCCCC2C2CCCC(CC3CC4CCCCC4C3)C2)CC1
C1CCC(CC2CCCC(C3CCC(C4CCC5CC(C6CC6)CCC5C4)CC3)C2)CC1
C1CCC(C2CC(C3CCCC3)CC(C3CCC(CC4CCCCC4C4CCCCC4)CC3)C2)CC1
C1CCC(C2CCCC(CC3CCC(C4CCCC(C5CCC5)C4)CC3)C2)CC1
C1CCC(CCC2CCC(CC3CCC(CC4CCCCC4)CC3)CC2)CC1
C1CCC(CCC2CC(CC3CCCCC3)CCC2CC2CCCCC2C2CCC(C3CCCC3)CC2)CC1
C1CCC(CCCC2CCC(C3CCCC(CC4CCCCC4)C3)CC2)CC1
C1CCC(CC2CCCCC2C2CCCCC2CC2CCCCC2)CC1
C1CCC(CCC2CCCC(CC3CCC(C4CCCCC4)CC3)C2)CC1
C1CCC(CC2CCCCC2CC2CCCCC2C2CCCCC2C2CCC2)CC1
C1CCC(C2CCCC(CCC3CCCCC3C3CCCCC3)C2)CC1
C1CCC(CC2CC(C3CCCCC3)CCC2C2CCCCC2C2CCCCC2)CC1
C1CCC(C2CCCC(CC3CCC4CCCCC4C3)C2)CC1
C1CCC(C2CCC(CCC3CCCC(C4CCCCC4)C3)CC2)CC1
C1CCC(C2CCCC(C3CCCCC3)C2)CC1
C1CCC(CC2CCC(C3CCCCC3)C(C3CCCCC3)C2)CC1
C1CCC(C2CCC(C3CCCCC3C3CCCCC3)CC2)CC1
C1CCC(CCCCC2CCC(CC3CCC(C4CCCCC4)CC3)CC2)CC1
C1CCC(CC2CCCCC2C2CCCCC2)CC1
C1CCC(C2CCCC(C3CCC(C4CCC(C5CCCC5)CC4)CC3C3CCCCC3)C2)CC1
C1CCC(CCC2CCCC(C3CCCC(C4CCCCC4)C3)C2)CC1
C1CCC(C2CCC(CCCC3CCC(C4CCCCC4)CC3)CC2)CC1
C1CCC(CCCC2CCCC(C3CCCCC3CC3CCCCC3)C2)CC1
C1CCC(CC2CCC(C3CCC(C4CCCCC4C4CCCCC4)CC3)CC2)CC1
C1CCC(CCC2CCC(C3CCCCC3)CC2)CC1
C1CCC(CC2CCCC(CC3CCCC(C4CCCCC4)C3)C2)CC1
C1CCC(CC2CCCC(C3CCCCC3)C2)CC1
C1CCC(C2CC(C3CCC(C4CCC(CCC5CCCC5)CC4)CC3)C2)CC1
C1CCC(CCC2CCCC(CC3CCCCC3)C2)CC1
C1CCC(CC2CCC(C3CCCCC3)CC2)CC1
C1CCC(C2CCCCC2C2CCCCC2CC2CCC(C3CC3)CC2)C1
C1CC2CCC(C3CCC(C4CC5CCCCC5C4)CC3)CC2C1
C1CCC(CC2CCCC(C3CCC(CC4CCCCC4C4CCC5CCCCC5C4)CC3)C2)CC1
C1CCC(CC2CC(C3CCCC(C4CCCCC4)C3)C3CC(C4CC4)CCC23)CC1
C1CCC(CCC2CCC3C(C2)C(CCC2CCCCC2)CC3C2CCCCC2)CC1
C1CCC(C2CCCC(C3CCCCC3)C2)CC1
C1CCC(C2CCC(CCC3CCCC(C4CCCCC4)C3)CC2)CC1
C1CCC(C2CCCC(C3CC(C4CCCCC4)C(C4CCCCC4)C4CCCC34)C2)CC1
C1CCC(CCCC2CCCC(C3CCCCC3)C2)CC1
C1CCC(C2CCCC(CCC3CCCCC3C3CCCCC3)C2)CC1
C1CCC(CC2CCCCC2C2CCCCC2C2CCCCC2C2CCCCC2)CC1
C1CCC(CC2CCCCC2C2CCCC(C3CC(C4CCCC4)CC(C4CCCC4)C3)C2)CC1
C1CCC(C2CCC3CCC(C4CCCCC4C4CCC4)CC3C2)CC1
C1CCC(CC2CCCCC2CCC2CCCC(C3CCCCC3)C2)CC1
C1CCC(CC2CCCCC2C2CCCCC2)CC1
C1CCC(CC2CCC(C3CCC(CC4CCC4)CC3)CC2)CC1
C1CCC(CCCC2CCC(CC3CCCCC3)CC2)CC1
C1CCC(C2CCC(C3CCC4CCCCC4C3)CC2)CC1
C1CCC(CC(C2CCCCC2)C2CCCC(CC3CCC(C4CCCC4)CC3)C2)CC1
C1CCC(CC2CCC(C3CCCCC3)C(C3CCC4CCCC4C3)C2)CC1
C1CCC(CC2CCC(C3CCC(C4CCCCC4)CC3)CC2)CC1
C1CCC(C2CC3CCCC3CC2CCC2CCCCC2C2CCCC2)CC1
C1CCC(CC2CCCC(C3CCCCC3)C2)CC1
C1CCC(CCC2CCC(CC3CCCCC3)CC2)CC1
C1CCC(CC2CC(C3CCCCC3)CC(C3CCCCC3)C2)CC1
C1CCC(CCC2CCC(CCCC3CCCC(C4CCCCC4)C3)CC2)CC1
C1CCC(CC2CCC3C(C2)C(C2CCCCC2)CC3C2CCCCC2C2CCCC2)CC1
C1CCC(CCC2CCCC(CC3CCC(C4CCCC(C5CCCCC5)C4)CC3)C2)CC1
C1CCC(C2CCC3CCCCC3C2)CC1
C1CCC(CC2CCC(CC3CCCCC3CC3CCCCC3)CC2)CC1
C1CCC(C2CCC(CC3CCCC(C4CCCCC4)C3)CC2)CC1
C1CCC(CC2CCCCC2CCC2CC(C3CCCCC3)C3CCCCC23)CC1
C1CCC(CCC2CCCCC2CC2CCCCC2C2CCCCC2)CC1
C1CCC(CC2CCC3CC(C4CCC5CCCCC54)CC(C4CCCCC4)C3C2)CC1
C1CCC(CC2CCCC(CC3CCC4CCCCC4C3)C2)CC1
C1CCC(CC2CCC(C3CCC(C4CCCC(CC5CCCCC5)C4)CC3)CC2)CC1
C1CCC(CCC2CCCCC2C2CCCC(C3CCCCC3)C2)CC1
C1CCC(CC2CCCC(CCCC3CCC(C4CCCCC4C4CCCCC4)CC3)C2)CC1
C1CCC(CCCCC2CCC(CC3CCCCC3)CC2)CC1
C1CCC(C2CCCC(CCC3CCCC(CC4CCCC4)C3)C2)CC1
C1CCC(CC2CCC(CCC3CCC(CC4CCCCC4)CC3)CC2)CC1
C1CCC(CC2CCC(CCC3CCCCC3C3CCCCC3)C(CC3CC3)C2)CC1
C1CCC(CC2CCC(CC3CCC(CC4CCCC4)CC3)CC2)CC1
C1CCC(CC2CCCCC2C2CCCCC2)CC1
C1CCC(CC2CCCC(CC3CCC(C4CCCCC4)CC3)C2)CC1
C1CCC(C2CCCC(CC3CCCCC3CC3CCCC(C4CCC5CCC(C6CCCCC6)CC54)C3)C2)CC1
C1CCC(CCC2CCC(CC3CCCCC3)CC2)CC1
C1CC(C2CCCC(CCC3CCCC(C4CCC5CCCC5C4)C3)C2)C1
C1CCC(C2CCC(CCC3CCCC(C4CCCCC4)C3)CC2)CC1
C(CCCC1CCCCC1C1CC1)CCC1CCCCC1
C1CCC(C2CCC(CC3CC4CCCCC4C3)CC2)CC1
C1CCC(CC2CC(C3CCCC3)CCC2C2CCC3CCCC3C2)C1
C1CCC(CCCC2CCCC(CCCCC3CC4CCCCC4C3)C2)CC1
C1CCC(C2CCC(CC3CC3)CC2CC2CCCC(C3CCC4CCCC4C3)C2)CC1
C1CCC(CC2CCCC(C3CCC(C4CCCC4)CC3)C2)CC1
C1CCC(C2CCC(CCCCCC3CCCCC3C3CCCCC3)CC2)CC1
C1CCC(CC2CCCCC2C2CCC(CC3CCC(C4CC4)CC3)CC2)CC1
C1CCC(C2CCC(CCC3CCCC(C4CCCCC4)C3)CC2)CC1
C1CCC(C2CCCC(CCCC3CCC(C4CCC(C5CCCC5)CC4)CC3)C2)CC1
C1CC(C2CCC(C3CCCC(C4CCC(CC5CC5)CC4)C3)CC2)C1
C1CCC(C2CCC(C3CCCC(C4CCCC4)C3)CC2)CC1
C1CCC(C2CCC(C3CCCC(C4CCCCC4)C3)CC2)CC1
C1CCC(C2CCC(C3CCCCC3)CC2)CC1
C1CCC(CCC2CCC(C3CCCCC3C3CCC4CCCC4C3)CC2)CC1
C1CCC(CCCCC2CC(C3CCCCC3C3CCCCC3)C3CCCCC23)CC1
C1CCC(C2CCCC(CC3CCC(CC4CC5CCCCC5C4)CC3)C2)CC1
C1CCC(C2CCC(CC3CCC(C4CCCC4)CC3)CC2)CC1
C1CCC(CCCCC2CCCC(C3CCC(CC4CCC5CCCC5C4)CC3)C2)CC1
C1CCC(C2CCC(CC3CCC(C4CCCCC4)CC3)CC2)CC1
C1CCC(CC2CCC(CC3CCC(CC4CCCCC4)CC3)CC2)CC1
C1CCC(C2CCCC(C3CC(C4CCCCC4)CC(C4CCCCC4)C3)C2)CC1
C1CCC(C2CCCCC2C2CCC(CCC3CCCC3)CC2)CC1
C1CCC(CC2CCC(CCC3CCCCC3C3CCCC3)CC2C2CCCC2)CC1
C1CCC2CC(C3CCC(C4CC(C5CCC6CCCCC65)CC5CCCCC54)CC3)CC2C1
C1CCC(C2CCCC(C3CCCCC3)C2)CC1
C1CC(CC2CCC(CCC3CC4CCCCC4C3)CC2)CC(C2CCC(C3CCCC(C4CC4)C3)CC2)C1
C1CCC(C2CCCC(C3CCC4CCCC4C3)C2)CC1
C1CCC(CCCCC2CCCC(CC3CCCCC3C3CCC4CCCCC4C3)C2)CC1
C1CCC(CCCC2CCCC(CCCC3CCCCC3)C2)CC1
C1CCC(CCC2CCC(C3CCCC(CC4CCCCC4)C3)CC2)CC1
C1CCC(CCC(CC2CCCCC2)C2CCCC(C3CCCCC3)C2)CC1
C1CCC(CC2CCCC(C3CCCCC3CC3CC4CCCCC4C3)C2)CC1
C1CCC(CC2CCC(CC3CCC4CC(CC5CCC(C6CC6)CC5)CCC34)CC2)CC1
C1CCC(C2CCC(C3CCC(C4CC4)CC3)CC2)CC1
C1CCC(CC2CCC(C3CCCCC3C3CCCC3)CC2)CC1
C1CCC(CC2CCCC(C3CC4CCCCC4C3)C2)CC1
C1CCC(C2CCC(C3CCC4CCCC4C3)C(C3CCC4CCCC4C3)C2)C1
C1CCC(C2CCCC2C2CCC(C3CCCC(C4CCCC(C5CCC(C6CCCC6)CC5)C4)C3)CC2)CC1
C1CCC(C2CCC(C3CCC(C4CCCC(CC5CC6CCCCC6C5)C4)C4CCCCC34)CC2)C1
C1CCC(CCC2CCC(CC3CCCCC3C3CCCCC3)CC2)CC1
C1CC(CCC2CC3CCCCC3C2)CC(C2CCC(C3CCC4CCCCC43)CC2)C1
C(CCCC1CCC(CCC2CCCCC2)CC1)CCCC1CCC2CCCCC2C1
C1CCC(CCC2CCC(C3CCCC(C4CCCCC4)C3)CC2)CC1
C1CCC(CC2CCC(C(C3CC3)C3CCCC(C4CCCCC4)C3)C2)CC1
C1CCC(CCCC2CCCC(C3CCCCC3CC3CCCCC3)C2)CC1
C1CCC(CC2CCCC(CCCC3CCC(C45CC(C4)C5)CC3)C2)CC1
C1CCC(CC2CCC3CCCC(C4CCCCC4)C3C2)CC1
C1CCC(CC2CCCCC2CCCC2CCC3CCCCC32)CC1
C1CCC(C2CCCC(CC3CCC(CC4CC5CCCCC5C4)CC3)C2)CC1
C1CCC(CC2CCC(C3CCCCC3)CC2)CC1
C1CCC(CCC2CCC(C3CCC(CC4CCCCC4)CC3)CC2)CC1
C1CCC(C2CCCC(C3CCC(CC4CCCCC4C4CCCCC4)CC3)C2)CC1
C(CCC1CCCC(CCCC2CCC(C3CCCC3)CC2)C1)CCC1CCCC2CCCCC12
C1CCC(CC2CCC(CC3CCCCC3C3CCCC3)CC2)CC1
C1CCC(CC2CC(C3CCC(CC4CCC(C5CCCC5)CC4)CC3)C3CCCCC23)CC1
C1CCC(C2CC(C3CCCCC3)C3CCCCC23)CC1
C1CCC(C2CCC(C3CCCC3)CC2)CC1
C1CCC(CC2CCC(CC3CCC(C4CCC5CCCCC5C4)CC3)CC2)CC1
C1CCC(CCC2CCCC(C3CCCCC3C3CCCCC3)C2)CC1
C1CCC(CCCC2CCCC(C3CCC(C4CCC4)CC3)C2)CC1
C1CC(CC2CCCCC2C2CCCCC2C2CCC3CCCCC3C2)C1
C1CCC(CC2CCCC(C3CC(CC4CC4)CC(C4CC5CCCCC5C4)C3)C2)CC1
C1CCC(CC2CCCCC2CCCCC2CCC3CCCCC3C2)CC1
C1CCC(CC2CCCCC2C2CCC(C3CCC4CCCCC4C3)CC2)CC1
C1CCC(CC2CCC(CC3CCC(C4CCC5CCCCC5C4)CC3)CC2)CC1
C1CCC(CC2CCCCC2CCCC2CCCCC2C2CCCCC2)CC1
C1CCC(CCCC2CCCC(CC3CCCCC3)C2)CC1
C1CCC(CCCC2CCC(C3CCC(C4CCCCC4)CC3)CC2)CC1
C1CCC(C2CCCC(C3CCCCC3)C2)CC1
C1CCC(C2CCCC(C3CCCCC3C3CCCCC3)C2)CC1
C1CCC(CCCCC2CCCCC2C2CCC3CCCC3C2)CC1
C1CC2CCC(C3CCCC(C4CCCCC4C4CCC4)C3)CC2C1
C1CCC(CC2CCCCC2CCCC2CC3CCC(C4CCCCC4)CC3C(C3CCCCC3)C2)CC1
C1CCC(CCC2CCCC(CC3CCCCC3)C2)CC1
C1CCC(CC2CCCC(C3CCCCC3)C2)CC1
C1CCC(C2CCC(CCCC3CCCC4CC(C5CCCCC5)CCC34)CC2)CC1
C1CCC(CCCC2CCCC(C3CCC4CC(C5CCCC5)CCC43)C2)CC1
C1CCC(CC2CCC(CC3CCCC(C4CCCCC4)C3)CC2)CC1
C1CCC(C2CCCC(C3CCCC(CCC4CCC(C5CCCCC5C5CCCC5)CC4)C3)C2)CC1
C1CCC(CC2CCC(C3CCCCC3CCC3CCC(C4CCCCC4)CC3)CC2)CC1
C1CCC(CC2CCCC(C3CCCCC3)C2)CC1
C1CCC(CC2CCCCC2)CC1
C1CCC(C2CCC(C3CCCC(CCC4CCC(C5CCCC5)CC4)C3)C2)CC1
C1CCC(CC2CCC(C3CCCC(CC4CCCC(CC5CCCCC5)C4)C3)CC2)CC1
C1CCC(CCC2CCC3C(CC4CCCC(C5CCCCC5)C4)CC(CC4CC4)C3C2)CC1
C1CCC(C2CCCCC2C2CCC(CC3CCC4CCCCC4C3)CC2)CC1
C1CCC(CC2CCC(C3CCCCC3)CC2)CC1
C1CCC(C2CCC(CC3CCC(C4CCC(C5CCCC5)CC4)CC3)CC2)CC1
C1CCC(CC2CCC(C3CCC(CC4CCCCC4)CC3)CC2)CC1
C1CCC(CC2CCC(CC3CCCCC3)CC2)CC1
C1CCC(C2CC(C3CCCCC3C3CCC4CCCC4C3)CC3CCCCC32)CC1
C1CCC(C2CCCC(C3CCC(CC4CCC(CCCC5CCCC5)CC4)CC3)C2)CC1
C1CCC(C2CCC(C3CCCCC3C3CCC4CCCC4C3)C3CCCC23)CC1
C1CCC(C2CCC(C3CCCCC3C3CCCCC3)C(C3CCCC3)C2)CC1
C1CCC(C2CCC(C3CCC4CCCCC43)CC2)CC1
C1CCC(C2CCC(C3CCCCC3)CC2)CC1
C1CCC(CC2CC3CCC(C4CCC(CC5CCCC5)C4)CC3C(C3CCCCC3)C2)CC1
C1CCC(CC2CCCC(CC3CC3)C2)CC1
C1CCC(CC2CCC(CC3CCCC(C(C4CCCCC4)C4CCCCC4)C3)CC2)CC1
C1CCC(CC2CCC(C3CCCCC3CC3CCCCC3)CC2)CC1
C1CCC(CC2CCCCC2CCC2CCCC(CCC3CCC4CCCCC43)C2)CC1
C1CCC(CC2CCCCC2C2CCC3C(CCC3C3CCCC3)C2)CC1
C1CCC(C2CCC(C3CCC(CCC4CC(C5CCCCC5)C5CCCCC45)CC3)CC2)CC1
C1CCC(CC2CCC(CCC3CCC(CC4CCCCC4C4CCCCC4)CC3)CC2)CC1
C1CCC(CCCC2CCC(CC3CCCCC3)CC2)CC1
C1CCC(CCC2CC(CC3CCCCC3)CCC2C2CCCCC2)CC1
C1CCC(C2CCC(C3CC(CC4CCCC(C5CCCCC5)C4)C4CCCCC43)CC2)CC1
C1CCC(CCCC2CC(CC3CC3)C(C3CCCCC3)C(C3CC3)C2)CC1
C1CCC(C2CCCC(C3CCC(C4CCCCC4C4CCCC4)CC3)C2)CC1
C1CCC(C2CCCC(CCC3CC4CCCCC4C3)C2)CC1
C1CCC(C2CCC(C3CCCC(CC4CCCC4)C3)CC2C2CCCC2)CC1
C1CCC(CC2CCC(C3CCCCC3)CC2)CC1
C1CCC(CC2CCC3CC(C4CCCCC4)CCC3C2)CC1
C1CCC(CC2CCC(CC3CCC(C4CCCC(C5CCC(CC6CCCC6)CC5)C4)CC3)CC2)CC1
C1CCC(CC2CCC(CC3CCCCC3)CC2)CC1
C1CCC(C2CCCC(CC3CC4CCCC(C5CC6CCCCC6C5)C4C3)C2)CC1
C1CCC(CC2CC3CCC(C4CCCCC4)CC3C(CC3CCCCC3)C2)CC1
C1CCC(CCCC2CCCC(CCC3CCCC(CC4CCCCC4)C3)C2)CC1
C1CCC(CCC2CCCCC2)CC1
C1CCC(CCC2CCC(CC3CCCCC3)CC2)CC1
C1CCC(C2CCC(C3CCCCC3)CC2)CC1
C1CCC(CC2CCC(CC3CCC(CC4CCCCC4)CC3)CC2)CC1
C1CCC(CCC2CCC(CCCCCC3CCC3)CC2)CC1
C(CCCC1CCCC(C2CCC3CCCCC3C2)C1)CCC1CCCCC1
C1CCC(CC2CCC3C(CC4CCCCC4)CCC3C2)CC1
C1CCC(CC2CCCC(C3CCCCC3CC3CCCCC3)C2)CC1
C1CCC(CC2CC(C3CCCCC3)C3CCCCC23)CC1
C1CCC(CC2CCC(CCCC3CCC(CC4CCC(CC5CCCC5)CC4)C3)CC2)CC1
C1CCC(CCC2CCC(C3CCCCC3)C(CCC3CCC3)C2)CC1
C1CCC(CC2CCC(C3CCC(C4CCCCC4)CC3)CC2)CC1
C1CCC(CC2CCC(C3CCCCC3)CC2)CC1
C1CCC(CC2CCCCC2C2CCC3CCCC3C2)CC1
C1CCC(CCC2CCC(C3CCCCC3)CC2)CC1
C1CCC(C2CC(C3CCC4CCCCC43)CC3CCCCC32)CC1
C1CCC(C2CCC(C3CCC3)CC2)CC1
C1CCC(CCC2CCCC(C3CCCCC3C3CCCCC3C3CCCC3)C2)C1
C1CCC(CC2CCC(CCC3CCC(C4CCCCC4)CC3)CC2)CC1
C1CCC(CC2CCC(C3CCC(C4CCCCC4)CC3)CC2)CC1
C1CCC(CC2CCC(C3CCCCC3)CC2)CC1
C1CCC(CC2CCC(C3CCCCC3C3CCC4CCCCC4C3)CC2)CC1
C(CCC1CC2CCCCC2C1)CC1CCCC(CC2CCCC(C3CCC3)C2)C1
C1CCC(C2CCC(CC3CCC(C4CCC5CCCCC54)CC3)CC2C2CCCC2)CC1
C1CCC(CC2CCC(C3CCC(C4CCCCC4)CC3)CC2)CC1
C1CCC(C2CCCC(C3CCCC3C3CCC4CCCCC4C3)C2)CC1
C1CCC(CC2CCC(C3CCCCC3)CC2)CC1
C1CCC(C2CCCCC2C2CCC(C3CCC(C4CCC5CCCCC54)CC3C3CCCCC3)C2)CC1
C1CCC(CC2CCC(C3CCCCC3)C2)CC1
C1CCC(CCCCCC2CCCC(C3CCCCC3)C2)CC1
C1CCC(CC2CCC(C3CCC4CCC(CC5CCCCC5)CC43)CC2)CC1
C1CCC(CCC2CCC3C(CCC3C3CCC(C4CCCCC4)CC3)C2)CC1
C1CCC(C2CCC(C3CCCCC3)CC2)CC1
C1CCC(CC2CCCC(C3CCCCC3C3CCCCC3)C2)CC1
C1CCC(CC2CCCCC2C2CCC(CC3CCC(CCC4CCC4)CC3)CC2)CC1
C1CCC(C2CCC(CC3CC(C4CCCCC4)CC(C4CCCCC4)C3)CC2)CC1
C1CCC(CCCCCC2CCC(CC3CCCCC3CCC3CCCCC3)CC2)CC1
C1CCC(C2CCCCC2C2CCCC2)CC1
C1CCC(C2CCCC(C3CCCCC3C3CCCCC3)C2)CC1
C1CCC(C2CCCCC2)CC1
C1CCC(CC2CCC(C3CCCCC3)CC2)CC1
C1CCC(CC2CCC(C3CCC(C4CCCCC4)CC3)CC2)CC1
C1CCC(CC2CCCCC2C2CCCCC2)CC1
C1CCC(C2CCC(CCC3CCC4CCCC4C3)CC2)CC1
C1CCC(C2CCCC(C3CCCCC3C3CCCCC3)C2)CC1
C1CCC(CCCCC2CCCC(CC3CCC(CC4CCC(C5CCC5)CC4)CC3)C2)CC1
C(CC1CC2CCCCC2C1)CC1CCCC(C2CCCCC2C2CCCC(C3CC4CCCCC4C3)C2)C1
C1CCC(C2CCC(CC3CCC(CC4CCC(CC5CC6CCCCC6C5)CC4)CC3)CC2)CC1
C1CCC(CC2CCCC(C3CCCCC3)C2)CC1
C1CCC(CC2CCCC(C3CCCC(C4CCCCC4)C3)C2)CC1
C1CCC(CC2CCCC(C3CCCCC3CC3CCCC(C4CCCCC4)C3)C2)CC1
C1CC2CCC(C3CCCC(C4CCC(C5CCCCC5C5CCCC5)CC4)C3)CC2C1
C1CCC(CC2CCCC(CCC3CCCC(CC4CCCCC4)C3)C2)CC1
C1CCC(CC2CCCC(C3CCCC(C4CCCCC4)C3)C2)CC1
C1CCC(CCCC2CC(C3CCCCC3)CCC2C2CCC(C3CCCCC3)C2)CC1
C1CCC(C2CCCC(C3CCC(CC4CCCC4)CC3)C2)CC1
C1CCC(CC2CCC(CC3CCCCC3)C(CC3CCCCC3)C2)CC1
C1CCC(CCC2CC(CC3CCCC(C4CCCCC4)C3)CCC2C2CCCCC2)CC1
C1CCC(C2CCCC(C3CCCC(C4CCCCC4)C3)C2)CC1
C1CCC(CCC2CCC(CC3CCCCC3)CC2)CC1
C1CCC(CC2CCC(C3CCCCC3C3CCCCC3)CC2)CC1
C1CCC(CC2CCC(C3CCC(C4CCCC(C5CCCCC5)C4)CC3)C2)CC1
C1CCC2CC(CC3CCCC4CCC(CC5CCCCC5C5CCCC5)CC43)CC2C1
C1CCC(CCCC2CCCC(C3CCCCC3)C2)CC1
C1CCC(CCCC2CCCC(C3CCCCC3C3CCCC3)C2)CC1
C1CCC(C2CCC3CC(C4CCC(C5CCCCC5C5CCCC5)CC4)CCC32)CC1
C1CCC(CC2CCC(CC3CCCC(C4CCCCC4)C3)CC2)CC1
C1CCC(CCC2CCC(CC3CCC(C4CCCC4)CC3C3CCCCC3)CC2)CC1
C1CCC(CC2CCCCC2C2CC(C3CCC4CCCCC43)CC3CCC(CC4CCC4)CC32)CC1
C1CCC(CCC2CCCCC2C2CCC(C3CCC4CCCCC4C3)CC2)CC1
C1CCC(CCCC2CCC(C3CCCC(CC4CC5CCCCC5C4)C3)CC2)CC1
C1CCC(C2CCC(C3CCC(C(C4CCC(C5CCCCC5)CC4)C4CC4)CC3)CC2)CC1
C1CCC(CCC2CCCC(C3CCCCC3)C2)CC1
C1CCC(CC2CCC(C3CCCCC3)CC2C2CCCC2)CC1
C1CCC(CC2CCCC(CC3CCCC(C4CCC(C5CCCCC5)CC4)C3)C2)CC1
C1CCC(CCCCC2CCCC(C3CCCCC3)C2)CC1
C1CCC(CC2CCC(CCCCCC3CCCC(C4CCCCC4)C3)CC2)CC1
C1CCC(CCCCC2CCC(C3CCCC3)CC2)CC1
C1CCC(CCCC2CC(CC3CCCCC3)C3CCCCC23)CC1
C1CCC(C2CCCCC2)CC1
C1CCC(C2CCC3CCC(C4CCCC(CC5CC6CCCCC6C5)C4)CC3C2)CC1
C1CCC(CC2CCC(CC3CCCCC3)C(C3CCCCC3)C2)CC1
C1CCC(CCCC2CCC(CC3CCCCC3)CC2)CC1
C1CCC(CCCCCC2CCC(CC3CCC(CC4CCCCC4)CC3)CC2)CC1
C1CCC(CCC2CCC(CC3CCCCC3)CC2)CC1
C1CCC(CC2CCCCC2C2CCC3CCCCC32)CC1
C1CCC(C2CCCC(C3CCC(CCCC4CCCC(CC5CCCC5)C4)CC3)C2)CC1
C1CCC(CCCC2CCCC(CC3CCCCC3)C2)CC1
C1CCC(C2CCCCC2)CC1
C1CCC(CCC2CCC(C3CCCCC3)CC2)CC1
C1CCC(C2CCCC(C3CCC(CC4CC4)CC3)C2)CC1
C1CCC(C2CCCCC2)CC1
C1CCC(C2CCCC(C3CCCCC3C3CCCCC3)C2)CC1
C1CCC(CC2CCCC(CC3CCCCC3)C2)CC1
C1CCC(C2CCC(CC3CC4CCCCC4C3)CC2)CC1
C1CCC(CC2CCC(CC3CCCCC3)CC2)CC1
C1CCC(CC2CCC(CCCC3CCCC(C4CCCCC4)C3)CC2)CC1
C1CCC(CCCC2CCCC(CC3CCCC(CC4CCCCC4)C3)C2)CC1
C1CCC(C2CCCCC2CC2CCC(C3CCCC(CC4CCCC4)C3)CC2)CC1
C1CCC(CC2CCCCC2C2CCCCC2)CC1
C1CCC(CCCC2CCCCC2)CC1
C1CCC(CCCC2CCC(CCC3CCCCC3)CC2)CC1
C1CCC(CCCC2CCC3CCCC(C4CCCCC4)C3C2)CC1
C1CCC(CC2CCCC(C3CCCCC3)C2)CC1
C1CCC(CC2CCC(CC3CCC(C4CCCCC4)CC3)CC2)CC1
C1CCC(CC2CCC(C3CCCCC3C3CCC(CCC4CCCC4)CC3)CC2)CC1
C1CCC(CC2CC3CCC(C4CCCCC4)CC3C(C3CCCCC3)C2)CC1
C1CCC(CC2CCC(C3CCCC(CC4CCCCC4)C3)CC2)CC1
C1CCC(C2CCCC(C3CCCCC3C3CCC4C(CCCC4C4CCCCC4)C3)C2)CC1
C1CCC(CC2CCC(C3CCCCC3)CC2)CC1
C1CCC(C2CCCC(C3CCC(C4CCCCC4)C(C4CCCCC4)C3)C2)CC1
C1CCC(CC2CCCC(CC3CCC(C4CCC(CCC5CCCC5)CC4)CC3)C2)CC1
C1CCC(CCCC2CCC(CCC3CCCC(C4CCCCC4)C3)CC2)CC1
C1CCC(CC2CC(C3CCCCC3)CC(C3CCCCC3)C2)CC1
C1CCC(CC2CC(C3CCCCC3)CCC2C2CCCCC2)CC1
C1CCC(C2CCC(C3CCC4C(CCCC4C4CCCCC4)C3)C2)CC1
C1CCC(C2CCCC(CCC3CCCC(C4CCCCC4)C3)C2)CC1
C1CCC(C2CCCC(C3CCC(C4CCCC4)CC3)C2)CC1
C1CCC(CC2CCC(C3CCCC(C(CC4CCCCC4)CC4CCCCC4)C3)CC2)CC1
C1CCC(C2CC3CCC(C4CCCCC4)CC3C(C3CCCCC3)C2)CC1
C1CCC(C2CCC(CCC3CCC4CCCC4C3)C(C3CCCC4CCCCC43)C2)CC1
C1CCC(CCC2CCCC(CC3CCC(C4CCCC4)CC3)C2)CC1
C1CCC(CCCC2CCCC(C3CCCCC3)C2)CC1
C1CCC(C2CCC(CCCC3CCCC(C4CCCCC4)C3)CC2)CC1
C1CCC(C2CCCCC2C2CCCC(C3CCC(CCC4CC5CCCCC5C4)CC3)C2)CC1
C1CCC(CC2CCC(C3CCC(C4CCCCC4C4CCCCC4)C3)CC2C2CCCC2)CC1
C1CCC(CCCC2CCC(C3CCCCC3)CC2)CC1
C1CCC(CC2CCC(C3CCCCC3)CC2)CC1
C1CCC(CCC2CCCCC2CC2CCC(C3CCCCC3)CC2)CC1
C1CCC(CCCCCC2CCC(C3CCCCC3)CC2)CC1
C1CCC(C2CCC(C3CCCCC3)C(C3CCC4CCCC4C3)C2)CC1
C1CCC(C2CCCC(C3CCCC(C4CCCCC4)C3)C2)CC1
C1CCC(CC2CCCCC2CC2CCCCC2)CC1
C1CCC(CC2CCCC(C3CCC(C4CCCCC4)C4CCCC34)C2)CC1
C1CCC(CC2CCC(C3CCCCC3CC3CCCCC3)C(C3CCCCC3)C2)CC1
C1CCC(CC2CCC(C3CCCCC3)CC2)CC1
C1CCC(CCC2CCCC(C3CCCCC3C3CCCCC3CCC3CCCCC3)C2)CC1
C1CCC(CCCC2CC(C3CCCCC3)CC(C3CCCCC3)C2)CC1
C1CCC(C2CCCCC2CC2CC2)CC1
C1CCC(CC2CCC(CC3CCC(C4CCCC(C5CCCCC5)C4)CC3)CC2)CC1
C1CCC(CC2CCCC(C3CCCCC3CC3CC4CCCCC4C3)C2)CC1
C1CCC(CC2CCC(CC3CC4CCCCC4C3)CC2C2CCCCC2)CC1
C1CCC(CCCCC2CCCC(C3CCCCC3)C2)CC1
C1CCC(C2CCCC(CC3CCC(C4CCCC(C5CC5)C4)CC3)C2)CC1
C1CCC(CCC2CCCC(C3CCC(CCCC4CCCCC4C4CCCCC4)CC3)C2)CC1
C1CCC(CC2CCC(CC3CCC4CCCCC4C3)CC2)CC1
C1CCC(C2CCCC(C3CCCCC3)C2)CC1
C1CCC(C2CCC(C3CCCCC3C3CCCC3)C(C3CCCC3)C2)C1
C1CCC(CC2CCC(CC3CCCC(C4CCC(CC5CC6CCCCC6C5)CC4)C3)CC2)CC1
C1CCC(C2CCC(CCCCC3CCCCC3CC3CC4CCCCC4C3)CC2)CC1
C1CCC(CCC2CCC(CC3CCCCC3C3CCCCC3)CC2)CC1
C1CCC(CC2CCC(C3CCCCC3)CC2)CC1
C1CCC(CC2CCC(C3CCCCC3)CC2)CC1
C1CCC(CC2CCC(C3CCCCC3)C(C3CCCCC3)C2)CC1
C1CCC(C2CCCC(CC3CCC(CCC4CCCC4)CC3)C2)CC1
C1CCC(CC2CC(C3CCCCC3)CC(C3CCCC3)C2)CC1
C1CCC(CCCC2CCC(C3CC(C4CCCCC4)CC(C4CCC4)C3)CC2)CC1
C1CCC(C2CCCCC2CCC2CC(C3CCCCC3)C3CCCCC23)CC1
C1CCC(CCCC2CCC(C3CCCCC3)CC2)CC1
C1CCC(CC2CCC(C3CCC(C4CCC5CCCCC5C4)CC3)CC2)C1
C1CCC(C2CCCCC2CC2CCCC2)CC1
C1CCC(CC2CCCCC2CC2CC(C3CCCCC3)C3CCCCC23)CC1
C1CCC(CC2CCCC(C3CCCCC3)C2)CC1
C1CCC(CC2CCC(C3CCCC(CC4CCC4)C3)CC2)CC1
C1CCC(CC2CCCC(C3CCCC(C4CCCCC4)C3)C2)CC1
C1CCC(CCCC2CC(CC3CC3)CCC2C2CCCC(C3CCC3)C2)CC1
C1CCC(C2CCCC(C(C3CCCCC3)C3CCCCC3)C2)CC1
C1CCC(CCC2CCCC(C3CCCC(CC4CCCCC4)C3)C2)CC1
C1CCC(CCCC2CCCC(CC3CC4CCCCC4C3)C2)CC1
C1CCC(CC2CCCC(C3CCCCC3)C2)CC1
C1CCC(CCCCC2CCCCC2CC2CCCCC2)CC1
C1CCC(C2CCCC(C3CCC4CCCCC4C3)C2)CC1
C1CCC(CC2CCCCC2C2CCCC(C3CCCCC3CCC3CCCC3)C2)CC1
C1CCC(CC2CCC(CC3CCC(C4CCCCC4)CC3)CC2)CC1
C1CCC(CCCCCC2CCCC(CCC3CCCCC3)C2)CC1
C1CCC(CC2CC(CCCC3CCCC(C4CCCCC4)C3)C3CCCCC23)CC1
C1CCC(CCCCC2CC(C3CCCC(C4CCCCC4)C3)C3CCCCC23)CC1
C1CCC(CC2CCC(C3CCC(C4CCCCC4)C(C4CCCCC4C4CCC5CCCC5C4)C3)CC2)CC1
C1CCC(C2CCCCC2C2CCC(C3CCC(C4CCCC4)CC3)CC2)CC1
C1CCC(C2CCC(CCC3CCCCC3C3CCC(C4CCCCC4)CC3C3CCCCC3)CC2)CC1
C1CCC(C2CC(C3CCC4CCCC(C5CCCCC5)C43)CC3CCCCC32)CC1
C1CCC(CCC2CCCC(C3CCC(CC4CCCCC4)CC3)C2)CC1
C1CCC(CC2CCC3CC(CCC4CCCC(C5CCCCC5C5CCCCC5)C4)CCC23)CC1
C1CCC(CCC2CCC(C3CCC(C4CCCCC4)C3)CC2)CC1
C1CCC(CCC2CCCC(CC3CCC(C4CCCCC4)CC3)C2)CC1
C1CCC(CCC2CCC(C3CCCCC3)CC2CCC2CCCCC2)CC1
C1CCC(CCC2CCC(C3CCC(C4CCCCC4C4CCCCC4)CC3C3CCCC3)C2)CC1
C1CCC(C2CCCC(C3CCCC(C4CCC(C5CCCCC5C5CCCC5)CC4)C3)C2)CC1
C1CC(CCC2CCC(C3CCC4CCCCC4C3)C(C3CCC4CCCC4C3)C2)C1
C1CCC(C2CCC3CCCCC32)CC1
C1CCC(CCCC2CCCC(C3CCCCC3)C2)CC1
C1CCC(C2CCCC(C3CCCC(C4CCCC4)C3)C2)CC1
C1CCC(CCCCC2CCC(CC3CCC(CCCCC4CCCCC4)CC3)CC2)CC1
C1CCC(CC2CCC(CC3CCCCC3)CC2)CC1
C1CCC(CCC2CCCCC2C2CCCCC2C2CCCC2)CC1
C1CCC(C2CCC(C3CCCC(C4CCCC(C5CCC5)C4)C3)CC2)CC1
C1CCC(C2CCCC(C3CCC(CC4CCCCC4C4CCCCC4)CC3)C2)CC1
C1CCC(CCCCCC2CCCCC2)CC1
C1CCC(CCC2CCCC(CCC3CC4CCCCC4C3)C2)CC1
C1CCC(CCC2CCCCC2C2CCC(CC3CCCCC3)CC2)CC1
C1CCC(CCCC2CCC(CC3CCC(CC4CC5CCCCC5C4)CC3)CC2)CC1
C1CCC(CCC2CC(CC3CC3)CCC2C2CCCCC2C2CCCCC2)CC1
C1CCC(CC2CCC(C3CCCCC3)CC2)CC1
C1CCC(CCCCCC2CCCCC2)CC1
C1CCC(CC2CCC(CCCC3CC3)C(CC3CCCCC3C3CCCC(C4CCCCC4)C3)C2)CC1
C1CCC(CCCC2CCC(CC3CCCCC3)CC2)CC1
C1CC(CC2CCC(CC3CCC(CCC4CCC5CCCCC54)CC3)CC2)C1
C1CCC(CCC2C(CCC3CCC4CCCC4C3)CC(C3CCCCC3)CC2C2CCCCC2)CC1
C1CCC(CCC2CCC(CC3CCCCC3)CC2)CC1
C1CCC(CC2CCCC(C3CCCC(C4CCCCC4)C3)C2)CC1
C1CCC(CC2CCC(CC3CCCC(CCC4CCC(C5CCCCC5)CC4)C3)CC2)CC1
C1CCC(CC2CCC(C3CCC(C4CCCCC4)CC3C3CCCCC3)CC2)CC1
C1CCC(CC2CCC(C3CCCCC3C3CCCCC3)C(C3CCCC3)C2)CC1
C1CCC(CC2CCC(CCCCC3CCCC(CC4CCCCC4)C3)CC2)CC1
C1CCC(CC2CCC(C3CCCC(C4CCC(C5CCC6CCCC6C5)C4)C3)CC2)C1
C1CCC(CC2CCC(C3CCC(CC4CCCCC4)CC3)CC2)CC1
C1CCC(C2CCC(C3CCCC(C4CCCCC4)C3)CC2)CC1
C1CCC(C2CCCC(C3CCCC(C4CCCC4)C3)C2)CC1
C1CCC(C2CCCC(C3CCCCC3)C2)CC1
C1CCC(CC2CCC(CC3CCC(C4CCCCC4)CC3)CC2)CC1
C1CCC(CCC2CCC(C3CCCCC3)C(CC3CC3)C2)CC1
C1CCC(C2CCC(CC3CC(C4CCC5CCCC5C4)C4CCCCC34)CC2)CC1
C1CCC(C2CCC3C(CCC3C3CCCC3)C2)CC1
C1CCC(CCCC2CCCC(CCC3CCCCC3)C2)CC1
C1CCC(C2CCCC(CCCC3CCC(C4CCCCC4C4CCCC4)CC3)C2)CC1
C1CCC(C2CCC(C3CC4CCCCC4C3)CC2)CC1
C1CCC(CC2CCC(C3CCCCC3CC3CCCCC3)CC2)CC1
C1CCC(CC2CCC(C3CCCC(C4CCC5C(CCCC5C5CCCCC5)C4)C3)CC2C2CCCC2)CC1
C1CCC(CC2CCC(C3CCCC(CC4CCCC4)C3)CC2)CC1
C1CCC(C2CCC(CC3CCCC(CCC4CCC4)C3)CC2)CC1
C1CCC(CCCC2CCC(C3CCCCC3)CC2)CC1
C1CCC(C2CCC(C3CCCC3)C(C3CCC4CCCC4C3)C2)CC1
C1CCC(CC2CCCC(CC3CCC(C4CCCC4)CC3)C2)CC1
C1CCC(CC2CCC(CC3CCC(C4CCCCC4)CC3)CC2)CC1
C1CCC(CC2CCC(CC3CCC(C4CCCCC4)C(C4CCCCC4)C3)CC2)CC1
C1CCC(CCCC2CCC(CC3CCC(C4CC4)CC3)CC2)CC1
C1CCC(C2CCCCC2C2CCCC2)CC1
C1CCC(CC2CCCC(C3CCCC(C4CCCCC4)C3)C2)CC1
C1CCC(CC2CCCC(C3CCCC(C4CCCC(C5CCCCC5)C4)C3)C2)CC1
C1CCC(CC2CCC(CCCC3CCCCC3C3CCC(CC4CCCCC4)CC3)CC2)CC1
C1CCC(CC2CCCC(C3CCCCC3)C2)CC1
C1CCC(C2CCC(CCC3CCC(C4CCC4)C(C4CCCCC4)C3)CC2)CC1
C1CCC(CCC2CCCC(C3CCCCC3)C2)CC1
C1CCC(CC2CCCC(CC3CCCCC3C3CCCCC3)C2)CC1
C1CCC(CC2CCCC3CC(C4CCCC4C4CCCCC4)CCC23)CC1
C1CCC(C2CCCC(C3CCCCC3)C2)CC1
C1CCC(CCCC2CCCC(C3CCCCC3)C2)CC1
C1CCC(CC2CCC(CC3CCCC(C4CCCCC4)C3)C(C3CCCCC3)C2)CC1
C1CCC(C2CCC3CCCCC3C2)CC1
C1CCC(C2CCCCC2CC2CCC(C3CCC(C4CCC4)CC3)CC2)CC1
C1CCC(CC2CCC(CCC3CCCC(C4CCCCC4)C3)CC2)CC1
C1CCC(CCC2CC(CC3CCCCC3)CC(C3CCCCC3)C2C2CCCC2)CC1
C1CCC(CC2CC(C3CCCC(C4CCCCC4)C3)C3CCCCC23)CC1
C1CCC(CC2CCC(C3CCC(C4CCCCC4)C(C4CCCC4)C3)CC2)CC1
C1CCC(CC2CCC(C3CCC(C4CCCCC4)CC3)CC2)CC1
C1CCC(C2CCCCC2C2CCCCC2)CC1
C1CCC(CC2CCC(CC3CCCC(C4CCC(CC5CCCCC5)CC4)C3)CC2)CC1
C1CCC(CC2CCC(C3CCCCC3)CC2)CC1
C1CCC(C2CCCC(CCC3CCC(C4CC4)CC3)C2)CC1
C1CCC(CCCCC2CCCCC2CC2CCCCC2)CC1
C1CCC(CC2CCC(CC3CCCC(CC4CCCCC4)C3)CC2)CC1
C1CCC(CC2CCCCC2CC2CCC(CCC3CCCC3)CC2)CC1
C1CCC(CCCCC2CCC(C3CCCC(C4CCC4)C3)CC2)CC1
C1CCC(CC2CCC(C3CCCCC3)CC2)CC1
C1CCC(CCC2CCC(C3CCC(C4CCC5CCCCC5C4)CC3)CC2)CC1
C1CCC(CC2CCC(CC3CCC(C4CCCC4)CC3)CC2)CC1
C1CCC(CCCC2CCC(CC3CCC(CC4CCCCC4)CC3)CC2)CC1
C1CCC(CCC2CCCC(CC3CCCCC3)C2)CC1
C1CCC(C2CCCC(C3CCCC(C4CCC4)C3C3CCCC3)C2)CC1
C1CCC(CCCC2CCCC(CC3CCCC(C4CCCC(CC5CCCCC5)C4)C3)C2)CC1
C1CCC(C2CCCCC2CC2CCC(C3CCCC3)CC2)CC1
C1CCC(CC2CCC(C3CCC(C4CCC(CC5CC6CCCCC6C5)CC4)C3)CC2)CC1
C1CCC(CC2CCC(C3CCCC(CC4CCCCC4)C3)CC2)CC1
C1CCC(CC2CC(CCC3CCC4CCCCC4C3)C3CCCCC23)CC1
C1CCC(CCCCC2CCCC(CC3CCCCC3)C2)CC1
C1CCC(C2CCCC(C3CC(C4CCCCC4)CC4CCCCC43)C2)CC1
C1CCC(CCC2CCCCC2C2CCCCC2)CC1
C1CCC(CC2CCC(CCC3CCCC(C4CCCCC4)C3)CC2)CC1
C1CCC(C2CCCC(C3CCCC3)C2)CC1
C1CCC(C2CCC(CC3CCC(CC4CCCC4)CC3)CC2)CC1
C1CCC(CC2CCCC(C3CCC(CCCC4CCCCC4C4CCCCC4)CC3)C2)CC1
C1CCC(C2CCCCC2C2CCCCC2)CC1
C1CCC(CC2CCC(CCC3CCCC(CC4CCCCC4)C3)CC2)CC1
C1CCC(CCC2CC(C3CCCCC3CCC3CCCC(CC4CCCCC4)C3)C3CCCCC23)CC1
C1CCC(CC2CCC(C3CCCC(C4CCCCC4)C3)CC2)CC1
C1CCC(CC2CC(CCC3CCCC(C4CCC(C5CCCCC5)CC4)C3)CCC2C2CCCCC2)CC1
C1CCC(CC2CCCC(C3CCCC(C4CCCCC4)C3)C2)CC1
C1CCC(CC2CC(C3CC(C4CCCCC4)C4CCCCC43)C3CCCCC23)CC1
C1CCC(CCCCC2CCCC(C3CC3)C2)CC1
C1CCC(CCCCC2CCC(CC3CCCCC3)CC2)CC1
C1CCC(C2CC(C3CCC4CCCCC43)CC3CCCCC32)CC1
C1CCC(C2CCC(C3CCCC(CC4CCC5CCCCC54)C3)CC2)CC1
C1CCC(C2CCCCC2CCCC2CCC(C3CCC4CCCCC43)CC2)CC1
C1CCC(CC2CC(C3CCCCC3)CCC2C2CCCCC2)CC1
C1CCC(CCC2CC(CC3CCCCC3)CCC2CC2CCCCC2)CC1
C1CCC(CC2CCC(CC3CCCC(C4CC4)C3)CC2)CC1
C1CCC(C2CCC(C3CCCCC3)CC2)CC1
C1CCC(C2CCC(C3CCC4CCCCC43)CC2)CC1
C1CCC(CC2CCCC(CC3CCC(C4CCCCC4)CC3)C2)CC1
C1CCC(CC2CCC(CCCCCC3CCCC(C4CCC(CC5CCCCC5)CC4)C3)CC2)CC1
C1CCC(CCC2CCC(C3CCC(C4CC4)CC3)CC2)CC1
C1CCC(CCC2CCCC3CC(CC4CCCC(C5CCCCC5)C4)CC23)CC1
C1CCC(CCCC2CCCC(CC3CCCCC3)C2)CC1
C1CCC(C2CCC(C3CCCC(C4CCCCC4)C3)CC2)CC1
C1CCC(CCC2CCC(CC3CCCC(CCCC4CCC5CCCCC54)C3)CC2)CC1
C1CCC(CCC2CCCCC2)CC1
C1CCC(CCC2CC(C3CCCC3)CC(C3CCCCC3C3CCC(CC4CCCCC4)CC3)C2)CC1
C1CCC(CC2CCC(CCCC3CCCC4CCCCC43)CC2)CC1
C1CCC(CC2CCC(CC3CCC(C4CCC5CCCC5C4)CC3)C2)CC1
C1CCC(CCCCC2CCCCC2)CC1
C1CCC(CCC2CCC(CCCC3CCCC(C4CCCCC4)C3)CC2)CC1
C1CCC(CCC2CCCCC2C2CCCC3CCCCC32)CC1
C1CCC(CCC2CCCC(C3CCCC(C4CCCCC4)C3)C2)CC1
C1CCC(C2CCC(CCC3CCC4CCCC4C3)CC2)CC1
C1CCC(CC2CCCCC2)CC1
C1CCC(CC2C(C3CCCCC3)CCC2C2CCC(C3CCCCC3C3CC4CCCCC4C3)CC2)CC1
C1CCC(CCCCCC2CCC(C3CCCCC3)C(CC3CCCCC3)C2)CC1
C1CCC(C(CCC2CC3CCCCC3C2)CC2CCC(CCC3CCC4CCCCC43)CC2)CC1
C1CCC(CCC2CCC3CC(C4CCCCC4C4CCCCC4)CCC23)CC1
C1CCC(CC2CCCCC2C2CCC3C(CC4CCCC4)CC(C4CCCCC4)CC3C2)CC1
C1CCC(CC2CCCC(CC3CCCCC3)C2)CC1
C1CCC(CCC2CCC(CCC3CCC(C4CCCC4)CC3)CC2)CC1
C1CCC(CCCC2CCC(C3CCCCC3)CC2)CC1
C1CCC(CC2CCC(C3CCCCC3C3CCC4CCCCC4C3)C2)CC1
C1CCC(CCCC2CCCC(CC3CCC(CC4CCCCC4)CC3)C2)CC1
C1CCC(CCCCC2CCCCC2C2CCC(CC3CCCCC3)CC2)CC1
C1CCC(CCC2CCC(C3CCC(CC4CCCCC4)CC3)CC2)CC1
C1CCC(C2CCC(C3CCCC3)CC2)CC1
C1CCC(CCCCC2CCCC(C3CCC(C4CCC4)CC3)C2)CC1
C1CCC(CCCC2CCC(CC3CCCCC3)CC2)CC1
C1CCC(C2CCCC(CC3CCCCC3C3CCCCC3)C2)CC1
C1CCC(CC2CC(C3CCCCC3)CCC2CC2CC2)CC1
C1CCC(CC2CCC(C3CCC(CCCCC4CC5CCCCC5C4)CC3)CC2)CC1
C1CCC(CC2CCC(C3CCCC(C4CCCCC4)C3)CC2)CC1
C1CCC(C2CCC(C3CCC(C4CCCCC4)CC3)CC2)CC1
C1CCC(CC2CCCC(C3CCCC(C4CCCC(CC5CCCCC5)C4)C3)C2)CC1
C1CCC(CC2CCC(C3CCCCC3)CC2)CC1
C1CCC(C2CCC(CCCC3CCCC(C4CCCCC4)C3)CC2)CC1
C1CCC(CCCC2CCCCC2C2CCC3CCCC3C2)CC1
C1CCC(CC2CCC(C3CCCC(C4CCC(CC5CCC(C6CCC6)CC5)CC4)C3)CC2)CC1
C1CCC(C2CCC(CC3CCCCC3C3CCC4CCCC4C3)CC2)CC1
C1CCC(C2CCC(C3CCCCC3C3CCC(CC4CCC(CCC5CCC5)CC4)CC3)CC2)CC1
C1CCC(CC2CCC3CCCCC3C2)CC1
C1CCC(CCCC2CCCCC2)CC1
C1CCC(CC2CCC(CC3CCC(C4CCC5C(CC6CCCCC6)CCC5C4)CC3)CC2)CC1
C1CCC(C2CCC(C3CCCC(C4CCC(C5CCCC(C6CCCCC6)C5)CC4)C3)CC2)CC1
C1CCC(C2CCC(C3CCCCC3)CC2)CC1
C1CCC(CCCC2CCC(CCC3CCCCC3CC3CCCCC3)CC2)CC1
C1CCC(CCC2CCCCC2C2CCCCC2)CC1
C1CCC(CC2CCC(CC3CCCCC3)CC2)CC1
C1CCC(CC2CCCC(CC3CCC(C4CC(CC5CCCCC5)C5CCCCC54)CC3)C2)CC1
C1CCC(C2CC(CC3CC3)CC(CC3CCC(C4CCCC4)CC3)C2)CC1
C(CCCC1CCCCC1)CCCC1CCC(C2CCCCC2)CC1
C1CCC(CCCC2CCCCC2)CC1
C1CCC(CC2CCC(CC3CCCCC3)CC2)CC1
C1CCC(CC2CCC(CC3CCCCC3)CC2)CC1
C1CCC(CC2CC(C3CCC(CC4CCCC(CC5CCCC5)C4)CC3)C3CCCCC23)CC1
C1CCC(CC2CCCC(C3CCCC(CC4CC5CCCCC5C4)C3)C2)CC1
C1CCC(CC(CC2CCC3C(CCCC3C3CCCCC3)C2)C2CCCCC2)CC1
C1CCC(C2CCC(C3CCCC(CC4CCCC(C5CCCC(C6CCCCC6)C5)C4)C3)CC2)CC1
C1CCC(CC2CCCC(C3CCCCC3)C2)CC1
C1CCC(C2CCCC(C3CCC(CC4CCCCC4C4CCCCC4)CC3)C2)CC1
C1CCC(C2CCC3CC(C4CCCCC4)CCC3C2)CC1
C1CCC(CCC2CCC(C3CCC4CCCC4C3)CC2C2CCC2)CC1
C1CCC(C2CCC(CC3CCC(CC4CC4)CC3)CC2)CC1
C1CCC(C2CCCC(CC3CCCC(C4CCCCC4)C3)C2)CC1
C1CCC(CC2CCC(C3CCCCC3)C(C3CCCCC3)C2)CC1
C1CCC(CCC2CCCCC2C2CCCCC2)CC1
C1CCCCC1
C1CCC(CC2CCCCC2C2CCC(CC3CCCC3)C(C3CCCCC3)C2)CC1
C1CCC(CC2CCC(CC3CCC(C4CCC5CCCCC54)CC3)CC2)C1
C1CCC(C2CCCC(C3CC(C4CCCCC4)CC(C4CC4)C3)C2)CC1
C1CCC(CC2CCC(C3CCCCC3)CC2)CC1
C1CCC(CCC2CCCC(CCC3CCCCC3)C2)CC1
C1CCC(CC2CCC(CC3CCC(C4CCCCC4)CC3)CC2)CC1
C1CCC(C2CCC3C(CCC3C3CCC(C4CC4C4CCCCC4)CC3)C2)CC1
C1CCC(CCC(C2CCCCC2)C2CCCCC2C2CCC3CCCC3C2)CC1
C1CCC(CC2CCC(C3CCCCC3)CC2)CC1
C1CCC(CC2CCCCC2C2CCCC(C3CCC(CC4CCCC4)CC3)C2)CC1
C1CCC(C2CCC(CCC3CCC(C4CCC(C5CC(C6CCCCC6)C5)CC4)CC3)CC2)CC1
C1CCC(C2CCCCC2CC2CCC(C3CCCC(CC4CCCC4)C3)CC2)CC1
C1CCC(C2CCCC(CCC3CCC(C4CCCCC4C4CCCC4)CC3)C2)CC1
C1CCC(CC2CCC(CC3CCCCC3)CC2)CC1
C1CCC(C2CCC3CC(C4CCCC(C5CC5)C4)CCC32)CC1
C1CCC(C2CCCC(CCC3CCCC(C4CCCCC4)C3)C2)CC1
C1CCC(CC2CCC(CC3CCCC(CC4CCCCC4)C3)CC2)CC1
C1CCC(CCC2CCCC(CC3CCC4CCCCC4C3)C2)CC1
C1CCC(CCC2CCCC(CC3CCCCC3)C2)CC1
C1CCC(CCC2CCC(CC3CCCC(CC4CCCCC4)C3)CC2)CC1
C1CCC(CC2CCC3CC(C4CCCCC4)CC(C4CCCCC4)C3C2)CC1
C1CCC(C2CCC(CCC3CCCC(C4CCCCC4)C3)CC2)CC1
C1CCC(CCC2CCCC(C3CCCC(C4CCCCC4)C3)C2)CC1
C1CCC(CC2CCC(CC3CCC(CC4CCCCC4)CC3)CC2)CC1
C1CCC(CCCC2CC(CC3CCCCC3)CC(CC3CCC3)C2)CC1
C1CCC(CC2CCCCC2C2CCCCC2C2CCC3C(CCCC3C3CCCC3)C2)CC1
C1CCC(CCC2CCC(CCCC3CCCC(C4CCCCC4)C3)CC2)CC1
C1CCC(C2CCCC(CCC3CCCC(C4CCCCC4)C3)C2)CC1
C1CCC(CC2CCCCC2)CC1
C1CCC(C2CCC(CCC3CCCC(C4CCCCC4)C3)CC2)CC1
C1CC(CC2CCC3CC(C4CCC5CCCCC54)CCC3C2)C1
C1CCC(CCCCCC2CCC(C3CCCCC3C3CCCC3)CC2)CC1
C1CCC(C2CCC(C3CCCC(C4CCCC5CCCCC54)C3)CC2)CC1
C1CCC(CC2CCC3C(CC4CCC(C5CCCCC5C5CCCCC5)CC4)CC(CC4CCCCC4)C3C2)CC1
C1CCC(CC2CCCC(C3CCC(CC4CCCC4C4CCC(C5CCCCC5)CC4)CC3)C2)CC1
C1CCC(CC2CCC(C3CCCCC3)CC2CC2CCC(C3CCCCC3)CC2)CC1
C1CCC(CC2CC(CC3CC3)CC(C3CCCC(C4CCCC(C5CCCCC5C5CCCCC5)C4)C3)C2)CC1
C1CCC(CCCC2CCCC(CC3CCC4CCCC4C3)C2)CC1
C1CCC(CCCCC2CCC(CC3CCC(CC4CCCCC4)CC3)CC2)CC1
C1CCC(CC2CCC(C3CCCC(C4CCCCC4)C3)CC2)CC1
C1CCC2CC(CCC3CCCC(C4CCCC5CCCCC54)C3)CCC2C1
C1CCC(CCC2CCCC(CC3CCCC(CC4CCCC4)C3)C2)CC1
C1CCC(C2CCCC(CC3CC(C4CCCC(C5CCCCC5)C4)C4CCCCC34)C2)CC1
C1CCC(C2CC(C3CCCCC3)CC(C3CCCC(C4CCCC4)C3)C2)CC1
C1CCC(CC2CCC(C3CCC(CC4CC5CCCCC5C4)CC3)CC2)CC1
C1CCC(CC2CCCC(C3CCC(C4CCCCC4)CC3)C2)CC1
C1CCC(CCCC2CCC3C(CC4CCCCC4)CC(C4CCCC(CCC5CCCCC5)C4)C3C2)CC1
C1CCC(CCCC2CC(C3CCCCC3CC3CCCCC3)CC3CCC(C4CCCC4)CC23)CC1
C1CCC(C2CCC(C3CCC(C4CCCCC4CC4CC5CCCCC5C4)CC3)CC2)CC1
C1CCC(CCC2CCCCC2CCC2CCC(CC3CCC4CCCCC43)CC2)CC1
C1CCC(CC2CCC(CCC3CCC(C4CCCCC4)CC3)CC2)CC1
C1CCC(C2CCC(C3CCCCC3)CC2)CC1
C1CCC(CCC2CCC(C3CC3)C(CCCC3CCCC4CCCCC43)C2)CC1
C1CCC(CC2CCCCC2C2CCCC(C3CCCCC3)C2)CC1
C1CCC(C2CCC(C3CCCCC3C3CCCC3)CC2)CC1
C1CCC(C2CCC(C3CCCCC3)C(C3CCCC3)C2)CC1
C1CCC(CCCC2CC(C3CCCCC3)CCC2CC2CCCC2)CC1
C1CCC(CC2CCC(C3CCCCC3C3CCC3)CC2)CC1
C1CCC(CCC2CCC(CCCC3CCCC(C4CCC(C5CCC6CCCCC65)CC4)C3)CC2)CC1
C1CCC(CCC(C2CCCCC2)C2CCCCC2)CC1
C1CCC(CCCC2CCC3C(C4CCCC4)CC(C4CCCCC4)C3C2)CC1
C1CCC(CC2CCCC(C3CCC(C4CCCCC4)CC3)C2)CC1
C1CCC(C2CCCCC2)CC1
C1CCC(CC2CCC(CC3CCC(C4CCCCC4)CC3)CC2)CC1
C1CCC(C2CCC3C(CCCC3C3CCCC(C4CC5CCCCC5C4)C3)C2)CC1
C1CCC(CC2CCCC(C3CCC(C4CCCC4)CC3)C2)CC1
C1CCC(CCC2CC(CC3CCCCC3C3CCCCC3)CC(C3CCCCC3)C2)CC1
C1CCC(C2CCC(CCCC3CC(C4CCCCC4)CC(C4CCCC4)C3)CC2)CC1
C1CCC(CC2CCCC(C3CCCCC3C3CCCC3)C2)CC1
C1CCC(CC2CCC(C3CCCC3)C(CCCC3CCCCC3CC3CCCCC3)C2)CC1
C1CCC(C2CCCCC2C2CCC3C(CCCC3C3CCCCC3)C2)CC1
C1CCC(CCC2CCC(C3CCCCC3)CC2)CC1
C1CCC(C2CCC(C3CCCCC3C3CCC4CCCC4C3)CC2)CC1
C1CCC(C2CCC(CC3CC4CCCCC4C3)CC2C2CCCC3CCCCC32)CC1
C1CCC(CC2CCCC(CCC3CCC(C4CCCC4)CC3)C2)CC1
C1CCC(C2CCCC(CC3CCC(C4CCCCC4)C3)C2)CC1
C1CCC(CCCCCC2CCCC(C3CCCC(C4CCC(C5CCC6CCCCC65)CC4)C3)C2)CC1
C1CCC(CC2CCCC(C3CCCCC3)C2)CC1
C1CCC(C2CCC(C3CCC4CCCC4C3)C2C2CCC3CCCCC3C2)CC1
C1CCC(C2CCCC(CC3CCCC(C4CC(C5CCCCC5)CC(C5CCCCC5)C4)C3)C2)CC1
C1CCC(CCCC2CCC(CC3CCC(CC4CCCCC4C4CCCC4)CC3)CC2)C1
C1CCC(CC2CCCC(C3CCCCC3)C2)CC1
C1CCC(CCCCC2CC(C3CCC(C4CCCCC4)CC3)C3CCCCC23)CC1
C1CCC(CC2CCC(C3CCCCC3)CC2)CC1
C1CCC(C2CCCC(CCCC3CCCC(C4CCCCC4)C3)C2)CC1
C1CCC(CCC2CCCC(C3CCCCC3CC3CCCCC3)C2)CC1
C1CCC(CC2CCC(CCCC3CCCCC3CC3CCCCC3)CC2)CC1
C1CCC(CC2CCC(C3CCCCC3)CC2)CC1
C1CCC(CCC2C(C3CCCCC3)CCCC2C2CCC2)CC1
C1CCC(CC2CCC(C3CCCCC3C3CCC4CCCC4C3)CC2)CC1
C1CCC2CC(CC3CCCCC3C3CC(CC4CC5CCCCC5C4)C(C4CCCC4)C3)CC2C1
C1CCC(CC2CCCCC2C2CCC(CC3CC3)CC2)CC1
C1CCC(C2CCC(CC3CC4CCCCC4C3)CC2)CC1
C1CCC(CCC2CCC(CC3CCC(C4CC5CCCCC5C4)CC3)CC2)CC1
C1CC(C2CCCC(C3CCCCC3C3CCCC3)C2)C1
C1CCC2CC(C3CCCCC3C3CCC(CC4CC5CCCCC5C4)C3)CCC2C1
C1CCC(CC2CCCCC2)CC1
C1CCC(CC2CCC(C3CCCC(CC4CCCCC4C4CCCCC4)C3)CC2)CC1
C1CCC(C2CCC(CC3CCCCC3C3CCC4CCCCC43)CC2)CC1
C1CCC(CC2CCCC(C3CC(C4CCCCC4)CC(C4CC4)C3)C2)CC1
C1CCC(C2CCCC(CCC3CCC(C4CCCC4)CC3)C2)CC1
C1CCC(CCCC2CCC(C3CCCCC3)CC2)CC1
C1CCC(CC2CCCC(CC3CCCCC3)C2)CC1
C(CCC1CCC(CCC2CCCC2)CC1)CCC1CCC(C2CCC(C3CCCC3)CC2)CC1
C1CCC(C2CCC(CCCC3CC(C4CCCCC4)CC(C4CCCCC4)C3)CC2)CC1
C1CCC(CC2CCC(CC3CCCCC3)CC2)CC1
C1CCC(CC2CCC(CCC3CCCCC3CC3CCCCC3)CC2)CC1
C1CCC(CCC2CCC(C3CCCCC3)CC2C2CCCCC2)CC1
C1CCC(CC2CCC(CCC3CCC4CCCCC4C3)CC2)CC1
C1CCC2CC(C3CCC(CC4CCC5CCCCC54)CC3)CC2C1
C1CCC(CCC2CCC(CCC3CCCCC3)CC2)CC1
C1CCC(C2CCCC(C3CCC(C4CC5CCCCC5C4)CC3)C2)CC1
C1CCC(CCC2CCCC(C3CCCCC3)C2)CC1
C1CCC(CCCCCC2CCC(CC3CCCCC3)CC2)CC1
C1CCC(CCC2CCCCC2C2CCC3CCCC3C2)CC1
C1CCC(CC2CCC(CCCC3CC(C4CC4)CCC3CC3CCCCC3)CC2)CC1
C1CCC(CCC2CCC(C3CCCC4CC(CC5CCCC(CC6CCCCC6)C5)CC43)C2)CC1
C1CCC(C2CCCC(C3CCCC(C4CCC(C5CCCCC5)CC4C4CCCC4)C3)C2)CC1
C1CCC(CCC2CCC(CCC3CCC(C4CCC4)CC3C3CCCC3)CC2)CC1
C1CCC(C2CCCC(C3CCCC3C3CCCCC3)C2)CC1
C1CCC(CCC2CCCCC2C2CCC3CCCC3C2)CC1
C1CCC(CC2CCCC(C3CCC(C4CC5CCCCC5C4)CC3)C2)CC1
C1CCC(C2CCCCC2C2CCCCC2)CC1
C1CCC(CC2CCC(CC3CCCCC3)C(CC3CCCCC3)C2)CC1
C1CCC(CCC2CCC(C3CCCCC3)CC2C2CCCCC2)CC1
C1CCC(CCC2CCC(C3CCC(CC4CC(CC5CCCCC5)C5CCCCC45)CC3)CC2)CC1
C1CCC(C2CCC(C3CCCC4CC(C5CCCCC5CC5CCCC5)CCC43)CC2)CC1
C1CCC(C2CCC(C3CCCCC3C3CCC4C(CCCC4C4CCCCC4)C3)CC2)CC1
C1CCC(C2CCCC(CCC3CC3)C2C2CCCCC2)CC1
C1CCC(CC2CCC(CC3CCC(C4CCCCC4)CC3)CC2)CC1
C1CCC(C2CCCC(CC3CCC(C4CCCCC4C4CCCCC4)C3)C2)CC1
C1CCC(CC2CC(C3CCCCC3)CC(C3CCCC(C4CCCCC4)C3)C2)CC1
C1CCC(CCCCCC2CCCC(C3CCCCC3C3CCCCC3)C2)CC1
C1CCC(CC2CCC(CC(C3CCCCC3)C3CCCCC3)CC2)CC1
C1CCC(CC2CCCCC2CC2CC2C2CCCC(C3CCCC3)C2)CC1
C1CCC(CCC2CCCCC2CCC2CCCCC2)CC1
C1CCC(CC2CCC(C3CCCC(C4CCCCC4C4CCCC4)C3)CC2)CC1
C1CCC(CCC2CCCC(C3CCC(C4CCCCC4)CC3)C2)CC1
C1CCC(CC2CCCC(CCC3CCCC3)C2)CC1
C1CCC(C2CCC3CCCCC3C2)CC1
C1CCC(CC2CC(C3CC4CCCCC4C3)CC3CCCCC32)CC1
C1CCC(CCC2CCC(CC3CCC(C4CCC5CCCCC54)CC3)CC2)CC1
C1CCC(CCC2CCC(C3CCCCC3)CC2)CC1
C1CCC(C2CCCCC2C2CCC(C3CCCC3)CC2C2CCC3CCCC3C2)CC1
C1CCC(CC2CCC(CCCC3CCC(C4CCCCC4)CC3)CC2)CC1
C(CC1CCC(C2CCC2)CC1)CC1CCCC(CC2CC2)C1
C1CCC(CCCC2CC(C3CCCCC3)C3CCCCC23)CC1
C1CCC(CC2CCC(C3CCCCC3)CC2)CC1
C1CCC(CCCC2CCC(C3CCCCC3)CC2)CC1
C1CCC(CCC2CCCCC2C2CCCC(C3CCCCC3)C2)CC1
C1CCC(CC2CCCC(C3CCCC(C4CCCCC4)C3)C2)CC1
C1CCC(CCCC2CCC(C3CCCCC3)CC2)CC1
C1CCC(CC2CC(CCC3CCCC(C4CCCCC4)C3)C3CCCCC23)CC1
C1CCC(CC2CCCC(CC3CCCCC3CC3CCCCC3)C2)CC1
C1CCC(CC2CCC(C3CCC3)C(C3CCCCC3)C2)CC1
C1CCC(C2CCCCC2C2CCC3CCCC3C2)CC1
C1CCC(CC2CCC(C3CCCCC3)CC2)CC1
C1CCC(CC2CCC(C3CCCC(CC4CCCC4)C3)CC2)CC1
C1CCC(C2CCCCC2CC2CCC(CC3CCCC(C4CCCC4)C3)CC2)CC1
C1CCC(CC2CC(CC3CCCC3)CC(C3CCCCC3)C2)CC1
C1CCC(CCCC2CCCCC2)CC1
C1CCC(CCCC2CCC(CC3CCCCC3)CC2)CC1
C1CCC(C2CCCC(C3CCC(CC4CCCC4)CC3)C2)CC1
C1CCC(CCC2CCCCC2C2CC(C3CCCCC3)CC(C3CCC3)C2)CC1
C1CCC(C2CCC(CCC3CCCC(C4CCCCC4)C3)CC2)CC1
C1CCC(CC2CCC(C3CCCCC3C3CCCCC3)C(C3CCCC3)C2)CC1
C1CCC(C2CC(C3CCCCC3)CC(C3CCCCC3)C2)CC1
C1CCC(CC2CC(CC3CCC4CCCCC4C3)CCC2C2CCCCC2)CC1
C1CCC(C2CCC(C3CCCC3)CC2C2CC3CCCCC3C2)CC1
C1CCC(CCCC2CCC(C3CCCCC3CC3CCCCC3)C(C3CCCC3)C2)CC1
C1CC(CCC2CCC(CC3CCCCC3C3CCCC3)CC2)CC(C2CC2)C1
C1CCC(C2CCC(C3CCCCC3)CC2)CC1
C1CCC(CCC2CCCC(CCCC3CCC(CC4CC4)CC3)C2)CC1
C1CCC(CCCC2CCCC(C3CCCCC3)C2)CC1
C1CCC(CC2CCC(C3CCCCC3)C(C3CCCCC3)C2)CC1
C1CC(C2CC2)CC(C2CCC3C(CCC3C3CCCC3)C2)C1
C1CCC(CC2CCCC(C3CCCCC3)C2)CC1
C1CCC(C2CCC(CC3CC(C4CCCCC4)C4CCCCC34)C(C3CCC4CCCC4C3)C2)CC1
C1CCC(C2CCC(C3CCC4CC(C5CCC6CCCCC65)CC(C5CCCCC5)C4C3)CC2)CC1
C1CCC(CCC2CCC(C3CCCCC3)CC2)CC1
C1CCC(C2CCCCC2)CC1
C1CCC(CC2CCC(CC3CCCC(CC4CC4)C3)CC2)CC1
C1CCC(C2CCCCC2C2CCC3CCCC3C2)CC1
C1CCC(CC2CCC(CC3CC(C4CCCCC4)C4CCCCC34)CC2)CC1
C1CCC(CC2CCC(CC3CCCCC3C3CCCC3)CC2)CC1
C1CCC(CC2CCCC(C3CCC(CCC4CCC(C5CCC5)CC4)CC3)C2)CC1
C1CCC(CCCCC2CCCC(CC3CCCCC3)C2)CC1
C1CCC(CC2CCCC(C3CCCCC3C3CCCCC3)C2)CC1
C1CCC(C2CCC(C3CCCCC3C3CCC(C4CCCCC4)C4CCCC43)CC2)CC1
C1CCC(CC2CCCCC2C2CC3CCCCC3C(C3CCCCC3)C2)CC1
C1CCC(CCC2CCC(C3CCCC(CCC4CCCCC4)C3)CC2)CC1
C1CCC(CCC2CC(C3CCCCC3)CCC2C2CCCCC2)CC1
C1CCC(C2CCC(C3CCCCC3C3CCCCC3)CC2)CC1
C1CCC(CCCC2CCCCC2)CC1
C1CCC(CCCC2CCCCC2C2CCCCC2)CC1
C1CCC(C2CCCC(C3CCCC(C4CCCCC4)C3)C2)CC1
C1CCC(CC2CCC(CC3CCC4CCCC4C3)CC2)CC1
C1CCC(C2CCC(C3CCCC4CCCCC43)CC2)CC1
C1CCC(CCC2CCC(C3CCCCC3)CC2)CC1
C1CCC(CC2CCCC(C3CCCC(CC4CCCC(C5CCCCC5)C4)C3)C2)CC1
C1CCC(C2CC(CC3CC3)CC(C3CCCCC3)C2)CC1
C1CCC(CCC2CCC(CC3CCC(C4CCC(C5CCCCC5)CC4)CC3)CC2)CC1
C1CCC(CCC2CCC(C3CC4CCCCC4C3)CC2)CC1
C1CCC(CC2CCCCC2CCC(C2CCCCC2)C2CCCC(C3CCCCC3)C2)CC1
C1CCC(CCCC2CCCCC2C2CCCC2)CC1
C1CCC(CC2CCC(CCC3CCCC(C4CCCC4)C3)CC2C2CCCC2)CC1
C1CCC(CC2CCC(C3CCCC(CC4CCCCC4)C3)CC2)CC1
C1CCC(C2CCCCC2C2CCC3C(CCCC3C3CCCCC3)C2)CC1
C1CCC(C2CC(CCC3CCC4CCCCC4C3)CCC2C2CCCCC2CC2CCCC2)CC1
C1CCC(CC2CCCCC2C2CCC(C3CCCC(C4CCCC4)C3)CC2)CC1
C1CCC(CCC2CCC(C3CCC(CC4CCCCC4)CC3)C2)CC1
C1CCC(CCC2CCC(CC3CCCCC3)CC2)CC1
C1CCC(CCC2CCC(CC3CC(CC4CCCCC4)C4CCCCC34)CC2)CC1
C1CCC(CCC2CCC3C(CCCC3C3CCCC(C4CCCCC4)C3)C2)CC1
C1CCC(C2CCC(C3CCCCC3)CC2)CC1
C1CCC(CC2CCC(C3CCCC(C4CCCCC4)C3)CC2)CC1
C1CCC(CC2CCC(C3CCC(C4CCC(CC5CCC(C6CCCCC6)CC5)CC4)CC3)CC2)CC1
C1CCC(C2CCC(CC3CCC(CC4CCC(C5CC5)CC4)CC3)CC2)CC1
C1CCC(C2CCCC(C3CCCCC3CC3CCC(CC4CC4)CC3)C2)CC1
C1CCC(CC2CCC(CCC3CCC(CC4CCCC(C5CCCCC5)C4)CC3)CC2)CC1
C1CCC(CCC2CCCCC2CC2CCC(C3CCCCC3)CC2CCC2CCCCC2)CC1
C1CCC(C2CCC(C3CCCC(C4CCC(C5CCCC5)C5CCCC45)C3)CC2)CC1
C1CCC(CC2CCCC(C3CCC(C4CCCCC4)CC3)C2)CC1
C1CCC(C2CCC(C3CC(C4CCCCC4)C4CCCCC34)CC2)CC1
C1CCC(C2CCC(C3CCCCC3)CC2)CC1
C1CCC(CC2CCC(CCC3CCCC(C4CCCCC4)C3)CC2CCC2CC2)CC1
C1CCC(CC2CCCCC2C2CCC(C3CCCC(C4CCCC4)C3)CC2)CC1
C1CCC(CC2CCCC(C3CC(CC4CCCCC4)CC(C4CCCCC4)C3)C2)CC1
C1CCC(C2CCCC(C3CCCCC3C3CCCC3)C2)CC1
C1CCC(CC2CCC(C3CCC4CCCC(C5CCCCC5)C4C3)CC2)CC1
C1CCC(CC2CCCC(C3CCCC(CC4CCCC(C5CCCCC5)C4)C3)C2)CC1
C1CCC(CCCCCC2CCC(C3CCC3)C(CC3CCCCC3)C2)CC1
C1CCC(C2CC(CC3CCC(C4CCCC4)CC3)C3CCCCC32)CC1
C1CCC(CC2CCC(CC3CCC(C4CCCCC4)CC3)CC2)CC1
C1CCC(CCC2CC(C3CCC(CC4CCCCC4)CC3)C3CCCCC23)CC1
C1CCC(CCC2CCCC(C3CCCCC3)C2)CC1
C1CCC(CC2CCC(C3CCCCC3C3CCCCC3)CC2)CC1
C1CCC(CCCC2CCCC(C3CCC4CCCC4C3)C2)CC1
C1CCC(CC2CCC(CCCCC3CCC(C4CCCCC4)CC3)CC2)CC1
C1CCC(C2CCCC(C3CCCCC3C3CCCC3)C2)CC1
C1CCC(CC2CCC(CCC3CCC(C4CCCCC4)CC3)CC2)CC1
C1CCC(CCCCC2CCC(C3CCCC(C4CCCC(C5CCCCC5)C4)C3)CC2)CC1
C1CCC(CC2CC3CCCCC3C2)C(CC2CCC(CC3CC4CCCCC4C3)CC2)C1
C1CCC(CC2CCC(CC3CCCCC3)C(CCC3CCC(C4CCCCC4)CC3)C2)CC1
C1CCC(CCCC2CCCC(CC3CCC3)C2)CC1
C1CCC(CC2CC(C3CCCCC3)CC(C3CCCCC3)C2)CC1
C1CCC(CCC2CCC(C3CCC4C(CC5CCCCC5)CCCC4C3)CC2)CC1
C1CCC(CCC2CCC(CC3CCC(CC4CCCCC4)CC3)CC2)CC1
C1CCC(C2CCCCC2CCC2CCC(C3CCC3)CC2)CC1
C1CCC(CC2CCCC(CC3CCC(C4CCCCC4C4CCCCC4)CC3)C2)CC1
C1CCC(C2CCCCC2)CC1
C1CCC(CC2CCCCC2C2CCC(C3CC3)CC2)CC1
C1CCC(C2CCC(C3CCCCC3)CC2)CC1
C1CCC(CC2CCCC(C3CCCC(CC4CCCCC4C4CCCCC4)C3)C2)CC1
C1CCC(CCC2CCCC(CC3CCCCC3)C2)CC1
C1CCC(CC2CCCC(C3CC(CC4CCCCC4)C4CCCCC43)C2)CC1
C1CCC(CC2CC(CC3CCCC(C4CCCCC4)C3)C3CCCCC23)CC1
C1CCC(CC2CC(C3CCCCC3)C(CC3CCCCC3)C(C3CCCC3)C2)CC1
C1CCC(C2CCCC(CCC3CCC(CC4CC5CCCCC5C4)CC3)C2)CC1
C1CCC(CCC2CCCC(CC3CCCCC3)C2)CC1
C1CCC(C2CCC(C3CCC(CC4CCCC4)CC3C3CCCC3)CC2)CC1
C1CCC(CC2CCC(C3CCCCC3C3CCC4CCCCC43)CC2)CC1
C1CCC(CC2CCCC3CC(C4CCCC(C5CCCCC5)C4)CCC23)CC1
C1CCC(CC2CCC(CCCC3CCCC(CCCCC4CCC(C5CCCCC5)CC4)C3)CC2)CC1
C1CCC(CCC2CCC(C3CCCC(C4CCCC4)C3)CC2)CC1
C1CCC(CCC2CCC(C3CCCCC3)CC2)CC1
C1CCC(CC2CC3CCC(C4CCC(CC5CC5)CC4)CC3C(C3CCCCC3)C2)CC1
C1CCC(CCCC2CCC(CC3CCC(CCCC4CCCCC4)CC3)CC2)CC1
C1CCC(CCC2CC(C3CCCCC3)CC(C3CCCC4CCCCC43)C2)CC1
C1CCC(CC2CCC(C3CC(C4CCCC4)CCC3C3CCCCC3)CC2)CC1
C1CCC(CCC2CCC(C3CCC(C4CCC(CC5CC5)CC4)CC3)CC2)CC1
C1CCC(CC2CCC(C3CCC(C4CCC5CCCCC54)CC3)CC2)CC1
C1CCC(C2CCCCC2C2CCCCC2C2CCCC2)CC1
C1CCC(CC2CCC(CC(CC3CCCCC3)CC3CCCCC3)CC2)CC1
C1CCC(C2CCC(C3CCCC(C4CC4)C3)CC2)CC1
C1CCC(CCC2CCCC(C3CCC(C4CCCCC4)CC3)C2)CC1
C1CCC(C2CCCCC2CC2CCC(CC3CC4CCCCC4C3)CC2)CC1
C1CCC(CCC2CCC(CC3CCCCC3)CC2)CC1
C1CCC(CC2CCCC2)CC1
C1CCC(C2CCCCC2C2CCCCC2)CC1
C1CCC(CC(C2CCCC2)C2CCCCC2C2CCC3CCCC3C2)CC1
C1CCC(C2CCCCC2C2CCCCC2)CC1
C1CCC(C2CCC(CC3CC4CCCCC4C3)CC2)CC1
C1CCC(CCC2CCCCC2CC2CCCCC2)CC1
C1CCC(CC2CCC(C3CCCCC3)CC2)CC1
C1CCC(CC2CCCCC2C2CCCCC2)CC1
C1CCC(CCC2CCC(CCC3CCC(CC4CC4)CC3)CC2)CC1
C1CCC(CC2CCC(CC3CCC3)CC2)CC1
C1CCC(C2CCC(C3CCC3)CC2)CC1
C1CC(C2CCC(C3CCCC(CC4CCCC(C5CCCC5)C4)C3)CC2)C1
C1CCC(C2CCCC(CC3CCC(CCCC4CC4)CC3)C2)CC1
C1CCC(C2CC(C3CCC4CCCCC43)CC3CCCCC32)CC1
C1CCC(CCCC2CCCCC2C2CCC(CC3CCCCC3)CC2)CC1
C1CCC(CCCCCC2CCC(C3CCC(C4CCCCC4)CC3)CC2)CC1
C1CCC(CC2CCC(C3CCC(C4CCCCC4)CC3C3CCCCC3)CC2)CC1
C1CCC(CCCC2CCCC(C3CCCCC3C3CCC3)C2)CC1
C1CCC(CC2CCC(C3CCCC(C4CCCCC4C4CCCCC4)C3)CC2)CC1
C1CCC(CC2CCCC(CCCC3CCCC(C4CCC5CCCCC54)C3)C2)CC1
C1CCC(CC(C2CCCCC2)C2CCC(C3CCCCC3)CC2)CC1
C1CCC(CC2CCC(C3CCCCC3CC3CCCCC3)CC2)CC1
C1CCC(CC2CCC(CC3CCCCC3C3CCC(C4CCCC4)CC3)CC2)CC1
C1CC(C2CCC(CCC3CCC4CCCCC4C3)CC2)C1
C1CCC(C2CCCC(C3CCCC(C4CC4)C3)C2)CC1
C1CCC(C2CCC(C3CC(C4CCCCC4)CCC3C3CCCCC3)CC2)CC1
C1CCC(CC2CCC(C3CCCCC3)CC2C2CCCCC2)CC1
C1CCC(CCC2CCC(CC3CCC(C4CCCCC4)CC3)CC2)CC1
C1CCC(C2CCCC(CCCC3CCC(CC4CCCC(C5CCCC5)C4)CC3)C2)CC1
C1CCC(C2CCC(C3CCC4CC(C5CCCC(C6CCCCC6)C5)CCC4C3)CC2)CC1
C1CCC(CC2CCC3CC(C4CCC5CCCCC54)CC(C4CCCCC4)C3C2)CC1
C1CCC(CC2CCC(C3CCCCC3)C(C3CCCCC3)C2)CC1
C1CCC(C2CCCCC2C2CCCCC2C2CCCCC2)CC1
C1CCC(CC2CCC(C3CC(CC4CCCCC4)CC(CC4CCCCC4)C3)CC2)CC1
C1CCC(CC2CC(CC3CCCCC3)C3CC(C4CC4)CCC23)CC1
C1CCC(C2CCC(CC3CCC4CCCC4C3)CC2)CC1
C1CCC(CC2CCC(C3CCCCC3)CC2)CC1
C1CCC(CCCC2CCC(CC3CCC(CC4CCCCC4)CC3)CC2)CC1
C1CCC(CC2CCCC(C3CCCCC3)C2)CC1
C1CCC(CC2CCCC(C3CCCCC3)C2)CC1
C1CCC(C2CCCCC2C2CCCCC2C2CCC3CCCCC3C2)CC1
C1CCC(CC2CCC(C3CCCC(C4CCCCC4)C3)CC2)CC1
C1CCC(CC2CCC(CC3CCC(CC4CCCCC4)CC3)CC2)CC1
C1CCC(CC2CCC(CC3CCC(C4CCCCC4)CC3)CC2)CC1
C1CCC(C2CCCC(C3CC(C4CCCCC4)CC(C4CCCCC4)C3)C2)CC1
C1CCC(CCC2CCC(CC3CCCCC3)CC2)CC1
C1CCC(CC2CCC(CCCC3CC3)C(C3CCCCC3)C2)CC1
C1CCC(CC2CCC(CC3CCCCC3CC3CCCCC3)CC2)CC1
C1CCC(CC2CC(CC3CCC(C4CC5CCCCC5C4)CC3)C3CCCCC23)CC1
C1CCC(C2CCCCC2C2CCCCC2)CC1
C1CCC(C2CCC(CC3CCC(C4CCC5CCCCC54)CC3)CC2)CC1
C1CCC(CC2CCCC(CCC3CCCCC3C3CCCCC3)C2)CC1
C1CCC(CC2CCC(C3CCCC(CC4CCCC4)C3)CC2)CC1
C1CCC2CC(C3CCC(C4CCC5CCCCC54)CC3)CCC2C1
C1CCC(CCC2CCCCC2C2CCCCC2)CC1
C1CCC(CC2CCC(CC3CCCCC3C3CCCCC3)C2)CC1
C1CCC(C2CCC(CC3CCC(C4CCCCC4C4CCC(CCC5CCCC5)CC4)CC3)CC2)CC1
C1CCC(CCCCC2CCC(CCCC3CCCCC3)CC2)CC1
C1CCC(C2CCC(CC3CCC(CC4CCC5CCCCC54)CC3)CC2)CC1
C1CCC(C2CCCC(C3CCCC(C4CCCC(CC5CCC6CCCCC65)C4)C3)C2)CC1
C1CCC(CC2CC(CC3CCCCC3)CC(C3CCCC3)C2)CC1
C1CCC(C2CCC(CCCCC3CCC(C4CCCC(C5CCC5)C4)CC3)C(C3CCCC3)C2)CC1
C1CCC(CCC2CCCC(C3CCCCC3)C2)CC1
C1CCC(C2CCC(C3CCCCC3)CC2)CC1
C1CCC(CCCC2CC3CCCCC3C2)CC1
C1CCC(C2CCC(C3CCC(CC4CCCC4)CC3)CC2C2CCCCC2)CC1
C1CCC(C2CCC(C3CCC4CCCCC4C3)CC2)CC1
C1CCC(CC(C2CCCCC2)C2CCCCC2)CC1
C1CCC(CCCCCC2CCC(CC3CCCCC3)CC2)CC1
C1CCC(CC2CCC(CCC3CCCC(CC4CCCC(CCC5CC5)C4)C3)CC2)CC1
C1CCC(C2CCC(C3CC(C4CCCCC4)C4CCCCC34)CC2)CC1
C1CCC(CC2CCC(C3CCC(C4CCCC(C5CCCC5)C4)CC3)CC2)CC1
C1CCC(CCC2CCC(CCCC3CCC(C4CCCCC4)CC3)CC2)CC1
C1CCC(CC2CC(C3CCCCC3)CCC2C2CCC3CCCCC3C2)CC1
C1CCC(CC2CCC(CC3CCC(C4CCCCC4)CC3)CC2)CC1
C1CCC(CC2CCCCC2)CC1
C1CCC(CCC2CCC(C3CCCC4CC(C5CCCCC5)CCC43)CC2)CC1
C1CCC(C2CCCC(C3CCC4CC(C5CCC6CCCCC65)CCC4C3)C2)CC1
C1CCC(CCC2CC(C3CCCCC3)CCC2C2CCCCC2)CC1
C1CCC(CC2CCCCC2)CC1
C1CCC(CC2CCC(C3CCCCC3CC3CC4CCCCC4C3)CC2)CC1
C1CCC(CCC2CCCC(CCC3CCCCC3)C2)CC1
C1CCC(CC2CCC(CC3CCC(CCC4CCCC4)CC3)CC2)CC1
C1CCC(C2CCCC(C3CCCCC3)C2)CC1
C1CCC(CC(C2CCCCC2)C2CCC(C3CCCC3)CC2)CC1
C1CCC(CC2CCCC(CC3CCC(C4CCC5CCCC5C4)CC3)C2)CC1
C1CCC(CCC2CCC(CC3CCCCC3)CC2)CC1
C1CCC(CC2CCCC(C3CCC4CCCCC4C3)C2)CC1
C1CCC(C2CC3CCC(C4CCCCC4)CC3C(C3CCCCC3)C2)CC1
C1CCC(CC2CCCCC2C2CCCCC2CC2CCCCC2)CC1
C1CCC(CC2CCCC(CCC3CCCC(C4CC(CC5CCCC5)C5CCCCC54)C3)C2)CC1
C1CCC(C2CCCC(C3CCC(C4CCC(CC5CCCC5C5CCCCC5)CC4)CC3)C2)CC1
C1CCC(CC2CCCC(CCCCC3CCC4CCCCC4C3)C2)CC1
C1CCC(CC2CCC(CC3CCCCC3)CC2)CC1
C1CCC(CCC2CCCC(C(CCC3CCCCC3)C3CCCCC3)C2)CC1
C1CCC(CCC2CCC(C3CCC(CC4CCC(CCC5CCC6CCCCC65)CC4)CC3)CC2)CC1
C1CCC(CC2CCC(C3CCCCC3)CC2)CC1
C1CCC(CC2CCCCC2C2CCCCC2)CC1
C1CCC(CC2CCC(CCCC3CCC3)CC2)CC1
C1CCC(C2CCCC(C3CCC(CC4CCC(CCCC5CCCC5)CC4)CC3)C2)CC1
C1CCC(CCC2CCCC(C3CCCCC3)C2)CC1
C1CCC(CC2CCC3C(CCC4CC4)CC(CC4CCCCC4)C3C2)CC1
C1CCC(CC2CCCC(C3CCCCC3)C2)CC1
C1CCC(CC2CCCC(C3CCCC(C4CCCC(C5CCC5)C4)C3)C2)CC1
C1CCC(CC2CCC(CCC3CC3)CC2C2CCCCC2)CC1
C1CCC(CCC2CCCC(C3CCCCC3)C2)CC1
C1CCC(CC2CCC(CC3CCC(CC4CC4)CC3)CC2)CC1
C1CCC(C2CCC(C3CCCCC3C3CCC4CCCCC4C3)C2)CC1
C1CCC(CC2CCC3CC(C4CCCCC4C4CCC5CCCCC5C4)CCC23)CC1
C1CCC(C2CCC(CCCC3CCC(C4CCCC4)CC3)CC2)CC1
C1CCC(CC2CCCC(CC3CCCC(CC4CCCC4)C3)C2)CC1
C1CCC(CCCC2CCCC(CC3CCCCC3)C2)CC1
C1CCC(CCCC2CCC(CC3CCC(CC4CCCCC4)CC3)CC2)CC1
C1CCC(CC2CCC(CC3CCCC3)CC2CCC2CCC(C3CCCCC3)CC2)CC1
C1CCC(CC2CCC(CC3CCCCC3)CC2)CC1
C1CCC(CC2CCC(C3CCCCC3)CC2)CC1
C1CCC(CCCC2CCC(C3CCCCC3)CC2)CC1
C1CCC(CCC2CCC(CCCC3CCCCC3CC3CCCCC3)C(C3CCC4CCCC4C3)C2)CC1
C1CCC(C2CC(C3CCCCC3)CC(C3CCCC3)C2)CC1
C1CCC(C2CCCC(C3CCCC(C4CCCCC4)C3)C2)CC1
C1CCC(CC2CCCC(C3CCCCC3C3CCC3)C2)CC1
C1CCC(CCCC2CCC(CC3CCC(CCC4CCCCC4)CC3)CC2)CC1
C1CCC(CC2CC(C3CCCCC3)C3CCC(CC4CCC(C5CCCCC5)CC4)CC23)CC1
C1CCC(CCCC2CCC(CC3CCCC(C4CCCCC4)C3)CC2)CC1
C1CCC(CC2CCC(C3CCCCC3CC3CCCC3)CC2)CC1
C1CCC(CC2CCCCC2C2CCCC(C3CCCCC3)C2)CC1
C1CCC(CC2CC(C3CCCCC3)CCC2C2CCCCC2C2CCCCC2)CC1
C1CCC(C2CCCC(C3CCCCC3)C2)CC1
C1CCC(CC2CCCC(CC(C3CCCCC3)C3CCCCC3CC3CCCCC3)C2)CC1
C1CCC(CC2CCC(CC3CCCCC3)CC2)CC1
C1CCC(CCCC2CCCCC2C2CCCCC2C2CCCC2)CC1
C1CCC(C2CCCC(C3CCC4C(CC5CCCC5)CC(C5CCCC5)C4C3)C2)CC1
C1CCC(CC2CCCC(C3CCCC(CC4CCCC4)C3)C2)CC1
C1CCC(C2CCC(C3CCCC(CCCC4CCC(C5CCCCC5)C4)C3)CC2)CC1
C1CCC(C2CCCC(CC3CCCC(C4CCCC(C5CCCCC5)C4)C3)C2)CC1
C1CCC(CC2CCC(CC3CCC4CCCCC4C3)CC2)CC1
C1CCC(C2CCCC(CC3CCCC(C4CCCC(C5CCC5)C4)C3)C2)CC1
C1CCC(CCC2CCC(CCCC3CCC(C4CCCCC4)CC3)CC2)CC1
C1CCC(CC2CC3CCCCC3C(C3CCCCC3)C2)CC1
C1CCC(CC2CC(C3CCCCC3)C3CC(C4CCCCC4)CCC23)CC1
C1CCC(CC2CCC(CCC3CC4CCCCC4C3)CC2)CC1
C1CCC(C2CCC(C3CCCCC3)C(C3CCCCC3)C2)CC1
C1CCC(C2CC3CCCCC3C(C3CCCCC3)C2)CC1
C1CCC(CC2CCCCC2CC2CCC(C3CCCCC3)CC2)CC1
C1CCC(CC2CC(C3CCCCC3)C3CCCCC23)CC1
C1CCC(CCCC2CCCC(CCC3CCCC(C4CCCCC4)C3)C2)CC1
C1CCC(CC2CC(C3CCC(C4CCC5CCCCC5C4)C(C4CCCC4)C3)C3CCCCC23)CC1
C1CCC(CC2CC(CC3CCC(C4CCCCC4)CC3)C3CCCCC23)CC1
C1CCC(CC2CCCCC2CCC2CCCC(C3CCCCC3)C2)CC1
C1CCC(CC2CCC(C3CCCC(CC4CCCCC4)C3)CC2)CC1
C(CC1CCC(C2CCC3CCCC3C2)CC1)CC1CC2CCCCC2C1
C1CCC(CCC2CCCC(CC3CCC(C4CCCCC4C4CCC5CCCCC54)CC3)C2)CC1
C1CCC(CC2CCCCC2C2CCCCC2)CC1
C1CCC(CCC2CCCC(CCC3CCCC(CC4CCCCC4)C3)C2)CC1
C1CCCCC1
C1CCC(CC2CCC(C3CCCCC3)CC2)CC1
C1CCC(CCC2CCC3CCCCC32)CC1
C1CCC(CCC2CC(C3CCCC3)CCC2C2CCC3CCCC3C2)CC1
C1CCC(CCC2CCC3C(CCCC3C3CCCCC3)C2)CC1
C1CCC(CCCC2CCCCC2C2CCC(C3CCCCC3)CC2)CC1
C1CCC(CC2CCC(CC3CCC(C4CCCC5CCCCC54)CC3)CC2)CC1
C1CCC(C2CCC(CCC3CCCC3)CC2C2CCCCC2)CC1
C1CCC(CC2CCCCC2CC2CCC3CCCCC3C2)C1
C1CCC(CCCCC2CC(CCC3CCCCC3)CC(CC3CCCCC3)C2)CC1
C1CCC(C2CCCC(C3CCC(C4CCCCC4)C3)C2)CC1
C1CCC(C2CCC(CC3CCCC4CC(C5CC5)CCC34)CC2)CC1
C1CCC(C2CCCC(CC3CCC(C4CCCC(C5CC5)C4)CC3)C2)CC1
C1CCC(C2CCC(C3CCCCC3C3CCCCC3)CC2)CC1
C1CCC(CC2CCC(CC3CCCCC3C3CCC4CCCC4C3)CC2)CC1
C1CCC(CCC2CCC(C3CCCC(CCC4CCC(CC5CCCCC5)CC4)C3)CC2)CC1
C1CCC(CC2CCC(C3CCCC(C4CCCC4)C3)C(CCCCCC3CC3)C2)CC1
C1CCC(CCC2CCCC(CC3CCC(C4CCCC4)CC3)C2CCC2CCCCC2)CC1
C1CCC(C2CCCC(C3CCCCC3)C2)CC1
C1CCC(C2CCC3CC(C4CC5CCCCC5C4)CC(C4CCCCC4)C3C2)CC1
C1CCC(CCC2CC3CCCCC3C2)CC1
C1CCC2CC(C3CCCCC3C3CCC4CCCC4C3)CCC2C1
C1CCC(CC2CCC(CCC3CCC(CC4CCCCC4C4CCCCC4)CC3)CC2)CC1
C1CCC(C2CCCC(C3CCCC(C4CCCCC4)C3)C2)CC1
C1CCC(CC2CC(C3CCC(C4CCCC(C5CCCCC5)C4)CC3)C3CCCCC23)CC1
C1CCC(CC2CCC3CCC(C4CCCCC4C4CCCCC4)CC3C2)CC1
C1CCC(C2CCCC(C3CCCC(CCCC4CCC5CCCC5C4)C3)C2)CC1
C1CCC(CCC2CCCC(C3CCC4CCCC4C3)C2)CC1
C1CCC(C2CCCC(C3CCCCC3)C2)CC1
C1CCC(CC2CCC(CC3CCCCC3)C(C3CCCCC3)C2)CC1
C1CCC(C2CCCC(C3CCC(C4CCCCC4)CC3C3CCCCC3C3CC3)C2)CC1
C1CCC(CC2CCCC(C3CCC(CC4CCC5CCCC5C4)CC3)C2)CC1
C1CCC(CC2CCCC(C3CC(CC4CC4)CC(C4CCC5CCCCC54)C3)C2)CC1
C1CCC(CC2CCCCC2C2CC3CCCCC3C(C3CCCCC3)C2)CC1
C1CCC(C2CCC(CCC3CCCC(C4CCCCC4)C3)CC2)CC1
C1CCC(CC2CCCC(C3CCCC(C4CCC(C5CCCC5)CC4)C3)C2)CC1
C1CCC(C2CCCC(C(CC3CCC(CC4CC5CCCCC5C4)CC3)C3CCCCC3)C2)CC1
C1CCC(CC2CCCC(C3CCCC(CC4CCCCC4)C3)C2)CC1
C1CCC(CCCC2CC(C3CCCCC3)C3CCCCC23)CC1
C1CCC(CC2CCCC(CCC3CC4CCCCC4C3)C2)CC1
C1CCC(C2CCCCC2C2CC3CCCCC3C2)CC1
C1CCC(C2CC(C3CCCCC3)CC(C(CCC3CCC3)C3CCCCC3)C2)CC1
C1CCC(C2CCCCC2)CC1
C1CCC(CC2CC(C3CCCCC3)CCC2C2CCC(C3CCCC3)CC2)CC1
C1CCC(CC2CCC(C3CCCCC3)CC2)CC1
C1CCC(CC2CCCC(C3CCCCC3)C2)CC1
C1CCC(CC2CCC(C3CCC(CC4CCC(C5CCCCC5)CC4)CC3)C(C3CCCCC3)C2)CC1
C1CCC(C2CCCC(CCC3CCCC(C4CCCCC4)C3)C2)CC1
C1CCC(CC2CCC(CCC3CCC(CCCC4CCCCC4C4CCCCC4)CC3)CC2)CC1
C1CCC(CC2CC(C3CCC(C4CCC5CCCCC5C4)CC3)C3CCCCC23)CC1
C1CCC(CC2CCC3C(CCC3C3CCCCC3)C2)CC1
C1CCC(CCC2CC(C3CCCCC3)CC(C3CCCC(C4CCCCC4)C3)C2)CC1
C1CCC(CCC2CCCC(C3CCCCC3)C2)CC1
C1CCC(CCCC2CCC(CC3CCCCC3)CC2)CC1
C1CCC(CC2CCC(CC3CCC(C4CCCC(C5CCCCC5)C4)CC3)CC2)CC1
C1CCC(C2CCCC(C3CCCCC3)C2)CC1
C1CCC(CC2CC(CC3CCC(CCC4CCC(CC5CCC(C6CCCCC6)CC5)CC4)CC3)C3CCCCC23)CC1
C1CCC(CC(C2CCCCC2)C2CCCCC2)CC1
C1CCC(C2CCC3C(CCC4CCCCC4C4CCC5CCCC5C4)CC(C4CCCCC4)C3C2)CC1
C1CCC(CC2CCC(CCC3CCCCC3C3CCCC3)CC2)CC1
C1CCC(CC2CCCC(CCCCC3CCCC4CC(C5CCCCC5)CCC34)C2)CC1
C1CCC(CC2CCCC(C3CCCCC3)C2)CC1
C1CCC(CCCC2CCCC(C3CCCCC3)C2)CC1
C1CCC(CC2CCC(C3CCCC4CC(C5CCCCC5C5CCCC5)CC43)CC2)CC1
C1CCC(CCCC2CCCC(C3CCCCC3)C2)CC1
C1CCC(C2CCC(CCCC3CCC(C4CCCCC4)CC3)CC2)CC1
C1CCC(C2CCCCC2C2CCC3C(CCCC3C3CCCC3)C2)CC1
C1CCC(C2CCC(CCC3CCCC(C4CCCCC4)C3)CC2)CC1
C1CCC(CCCC2CC(CC3CC3)C3CCC(C4CCCCC4)CC23)CC1
C1CCC(CCCC2CCC(CC3CCCCC3)CC2)CC1
C1CCC(C2CCCCC2C2CCC(C3CCCCC3C3CCCCC3)C2)CC1
C1CCC(CC2CCCCC2CC2CC(C3CCCCC3)C3CCCCC23)CC1
C1CCC(CCC2CC(CC3CCCCC3)CCC2C2CCCCC2)CC1
C1CCC(C2CCCC(C3CCC(C4CCC5CCCCC5C4)CC3)C2)CC1
C1CCC(CCC(C2CCCCC2)C2CCCCC2)CC1
C1CCC(CC2CCCCC2CC2CCC(CC3CC(C4CCCCC4)C3)CC2)CC1
C1CCC(C2CCC(CC3CCC(CC4CCC(CCC5CCC6CCCC6C5)CC4)CC3)CC2)CC1
C1CCC(CC2CC(CCC3CCC(C4CCCCC4)C3)C3CCCCC23)CC1
C1CCC(CC2CCC(C3CC(C4CCC5CCCCC54)CC4CCC(C5CCCCC5)CC43)CC2)CC1
C1CCC(CC2CCC(C3CCC(CC4CCCCC4)CC3)CC2)CC1
C1CCC(CCCC2CCC(C(CC3CC3)C3CCCC(C4CCCCC4)C3)CC2)CC1
C1CCC(CC2CCC(CC3CCC(CCC4CCC5CCCC5C4)CC3)CC2)CC1
C1CCC(CCCCC2CCCCC2)CC1
C1CCC(CCC2CCCC(CCC3CCCC(CC4CCCC(CC5CCCCC5)C4)C3)C2)CC1
C1CCC(CC2CCCC(C3CCCCC3)C2)CC1
C1CCC(CC2CCCC(C3CCCC3)C2)CC1
C1CCC(CCC2CCC(C3CCCC3)CC2)CC1
C1CCC(CCCC2CCC(C3CCC(C4CCC4)CC3)CC2CC2CCCCC2)CC1
C1CCC(CC2CCC(CC3CCCC3)CC2)CC1
C1CCC(CCC2CCCC(C3CCC(C4CCCCC4)CC3)C2)CC1
C1CCC(C2CCC(C3CCC4CCCCC43)CC2)CC1
C1CCC(CCC2CCC3CCCC3C2)CC1
C1CCC(C2CCC(C3CC(C4CCCCC4)C3)CC2)CC1
C1CCC(C2CCC(C3CCCCC3C3CCC(CCC4CCCC4)CC3)CC2)CC1
C1CCC(C2CCCC(CCCC3CCCC(C4CCCC(C5CCCCC5)C4)C3)C2)CC1
C1CCC(CCC2CCC(C3CCCCC3CC3CCCCC3CC3CC4CCCCC4C3)CC2)CC1
C1CCC(CC2CCC(C3CCCC(C4CCCCC4)C3)CC2)CC1
C1CCC(CCCCC2CCC(C3CCC(C4CCCCC4)CC3)CC2)CC1
C1CCC(CC2CCC(C3CCC4CCCC4C3)C(C3CC4CCCCC4C3)C2)CC1
C1CCC(C2CCCCC2C2CCCCC2)CC1
C1CCC(C2CCC(CC3CCCC(C4CCCC5CC(C6CCCCC6)CCC54)C3)CC2)CC1
C1CCC(CCC2CCCCC2CCC2CCC(C3CCCCC3)C(C3CCCC3)C2)CC1
C1CCC(C2CCCC(C(C3CCC4CCCCC4C3)C3CCCCC3CC3CC4CCCCC4C3)C2)CC1
C1CCC(C2CCC3C(CCCC3C3CCCCC3)C2)CC1
C1CCC(CC2CCCCC2C2CCCCC2)CC1
C1CCC(CC2CCC(C3CCCC(C4CCCCC4)C3)CC2)CC1
C1CCC(CC2CCCCC2C2CCCC(C3CCCCC3)C2)CC1
C1CCC(C2CCC3CC(C4CCCC(C5CC5)C4)CCC32)CC1
C1CCC(C2CCCCC2CCC2CCC(C3CCC4C(CCC4C4CCCCC4)C3)CC2)CC1
C1CCC(CCC2CCC(C3CC(CC4CCCCC4)C4CCCCC43)CC2)CC1
C1CCC(C2CCC(C3CCCCC3C3CCCC(C4CCCC4)C3)CC2)CC1
C1CCC(C2CCC(C3CCC4CCCCC43)CC2)CC1
C1CCC(C2CCC(CC3CCC(C4CCCCC4)CC3)CC2)CC1
C1CCC(CC2CCC(CC3CCCCC3)CC2)CC1
C1CCC(CCC2CCC(C3CCCCC3)CC2)CC1
C1CCC(C2CCCC(C3CCCC(C4CCC(C5CCCC5)CC4)C3)C2)CC1
C1CCC(C2CCC(CC3CCC(C4CCCC4)CC3)CC2)CC1
C1CCC(CC2CCC3C(CCC3CC3CCC4CCCCC4C3)C2)CC1
C1CCC(C2CCCC(C3CCCCC3)C2)CC1
C1CCC(CCC2CCCC(CC3CCCC(C4CCC5CCCC5C4)C3)C2)CC1
C1CCC(CCC2CCCC(C3CCCCC3)C2)CC1
C1CCC(CC2CC(C(C3CCCCC3)C3CCCC3)CCC2C2CCCCC2)CC1
C1CCC(C2CC(CC3CCCC(C4CCC(C5CCC5)CC4)C3)C3CCCCC32)CC1
C1CCC(C2CCCC(C3CCCC3)C2CC2CC3CCCCC3C2)CC1
C1CCC(C2CCCC2C2CCCC(C3CCCC4CCCCC43)C2)CC1
C1CCC(CC2CCC(C3C(C4CCCCC4)CC(CCC4CC4)CC3C3CCCC3)CC2)CC1
C1CCC(CCCC2CCC(CC3CCCCC3)CC2)CC1
C1CCC(CCC2CC(CC3CCCCC3)C3CCCCC23)CC1
C1CCC(CCC2CCC(CC3CCCCC3)CC2)CC1
C1CCC(C2CCCC(CC3CCCC(CC4CCCC4)C3)C2)CC1
C1CCC(CC2CCC(CC3CCCCC3)C(CC3CCCCC3)C2)CC1
C1CCC(CC2CCCC(CCCC3CCCC(C4CC5CCCCC5C4)C3)C2)CC1
C1CCC(C2CCC(CC3CCC(CC4CCCC(C5CCCCC5)C4)CC3)CC2)CC1
C1CCC(CCCCC2CCC(CC3CCCC(C4CCCCC4)C3)CC2)CC1
C1CCC(C2CCCCC2C2CCCCC2)CC1
C1CCC(C2CCCC(CCC3CCCCC3C3CCCCC3)C2)CC1
C1CCC(CCC2CCC(C3CCCCC3C3CCCCC3)CC2)CC1
C1CCC(CCCCCC2CCC(C3CCCC4CCCCC43)CC2)CC1
C1CCC(CCCC2CCC(CC3CCCCC3)CC2)CC1
C1CCC(C2CCCCC2C2CCC3CCC(C4CCCCC4)C3C2)CC1
C1CCC(CCCC2CCCCC2C(CC2CCCCC2)C2CCCCC2)CC1
C1CCC(C2CCCCC2C2CCC(C3CCCC4CC(CCC5CCC(C6CC6)CC5)CCC43)CC2)CC1
C1CCC(C2CCCC(C3CCCC(C4CCC(C5CCCCC5)C5CCCC45)C3)C2)CC1
C1CCC(CCCCCC2CCC(C3CCCCC3)CC2)CC1
C1CCC(C2CCC(CCCC3CC4CCCCC4C3)CC2)CC1
C1CCC(CC2CCCCC2C2CCCCC2)CC1
C1CCC(CCC2CC(CCC3CCCCC3)CC(C3CCCCC3)C2)CC1
C1CCC(CCC2CCCC(C3CCCCC3)C2)CC1
C1CCC(C2CCC(C3CCCC(CC4CCC5CCCCC54)C3)C(C3CCCC3)C2)CC1
C1CCC(CC2CCC(CC3CCC(C4CCC(C5CCCC5)CC4)CC3)CC2)CC1
C1CCC(CCC(CC2CCCCC2)C2CCCC(C(CC3CCCCC3)C3CCCCC3)C2)CC1
C1CCC(C2CCCC(C3CCCCC3)C2)CC1
C1CCC(CCC2CC(C3CCCCC3)CC(C3CCCC3)C2)CC1
C1CCC(CC2CCCC(C3CCCC(C4CCCCC4)C3)C2)CC1
C1CCC(C2CCCCC2C2CCCCC2C2CCCC2)CC1
C1CCC(CC(CC2CCCCC2C2CCCCC2)C2CCC3CCCCC32)CC1
C1CCC(CCCCCC2CCCCC2)CC1
C1CCC(CCCC2CCCC(C3CCCC(C4CCC(CC5CCC(CC6CCCCC6)CC5)CC4)C3)C2)CC1
C1CCC(C2CCCCC2C2CCC3CCCC3C2)CC1
C1CCC(CC2CCCC(C3CCCCC3)C2)CC1
C1CCC(CC2CCCCC2C2CCCCC2C2CCCC2)CC1
C1CCC(CCCCC2CCCC(CCC3CCC(CC4CCCCC4)CC3)C2)CC1
C1CCC(CCCCCC2CCCC(C3CCCCC3C3CCCCC3)C2)CC1
C1CCC(CC2CCC(C3CCCC(C4CCC(CCC5CCCC5)CC4)C3)CC2)CC1
C1CCC(CC2CCC3CCCC(C4CCCCC4)C32)CC1
C1CCC(C2CCC(C3CCCC(CC4CCC5CCCCC54)C3)CC2)C1
C1CCC(CC2CCCC(CC3CCC(C4CCCCC4C4CCCCC4)CC3)C2)CC1
C1CCC(CCCCC2CCC(CC3CCCCC3)CC2)CC1
C1CCC(CC2CCC(C3CCC(C4CCCCC4)CC3)CC2)CC1
C1CCC(CCCCC2CCCC(CC3CCCC3)C2)CC1
C1CCC(CC2CCC(C3CCCC3CC3CCCCC3)CC2)CC1
C1CCC(CC2CCCC(C3CCCCC3)C2)CC1
C1CCC(CCC2CCCCC2)CC1
C1CCC(CCCC2CCCC(C3CCC(CC4CCCCC4)CC3)C2)CC1
C1CCC(CC2CCCCC2C2CCCCC2C2CCC3CCCC3C2)CC1
C1CCC(CC2CCC(C3CCCCC3)CC2)CC1
C1CCC(C2CCCC(CCC3CCCCC3C3CCCCC3)C2)CC1
C1CCC(CC2CCC(CCC3CCC(C4CCCCC4)CC3)CC2)CC1
C1CCC(C2CCCC(C3CCCC(CC4CCC5CCCCC54)C3)C2)CC1
C1CCC(C2CCC(CCC3CCCC(C4CCCC(C5CCCCC5)C4)C3)CC2)CC1
C1CCC(CCC2CCC(CC3CCCC(CCCCC4CCCCC4C4CC4)C3)CC2)CC1
C1CCC(C2CCCC(CC3CCC(C4CCCCC4)CC3C3CCCC3)C2)CC1
C1CCC(C2CCC(C3CCCC(C4CCCCC4)C3)CC2)CC1
C1CCC(C2CCCCC2C2CCC3CC(C4CCC5CCCCC54)CC(C4CCCCC4)C3C2)CC1
C1CCC(CCCC2CCCC(CC3CCC4CCCCC4C3)C2)CC1
C1CCC(CCC2CCC(C3CCCCC3)C(C3CCCCC3)C2)CC1
C1CCC(C2CCCC(C3CCCCC3)C2)CC1
C1CCC(C2CCCCC2)CC1
C1CCC(C2CCCCC2C2CCC(CC3CCC(C4CCCC4)CC3)CC2)CC1
C1CCC(C2CCCC(C3CCCC3CC3CCC(C4CCC4)CC3)C2)CC1
C1CCC(CC2CCCC(CC3CC(C4CCCCC4)CCC3C3CCCCC3)C2)CC1
C1CCC(C2CC(C3CCC(CC4CCC(CCC5CCCCC5C5CCCCC5)CC4)CC3)C2)CC1
C1CCC(C2CCC(CCC3CCCC(C4CCCCC4)C3)CC2)CC1
C1CCC(CC(CC2CCCC(C3CCCCC3)C2)C2CCCCC2)CC1
C1CCC(CC2CCC(CC3CC(C4CCCCC4)CC(C4CC4)C3)CC2)CC1
C1CCC(CC2CC3CCC(CC4CCCC4)CC3C(C3CCCCC3)C2)CC1
C1CCC(C2CCCCC2C2CCC3CCCC3C2)CC1
C1CCC(CC2CCCC(CC3CCC(C4CCCC4)CC3C3CCCCC3)C2)CC1
C1CCC(CC2CCC(C3CCC(C4CCCC5CCCCC54)CC3)CC2)CC1
C1CCC(CC2CC(CC3CC3)CC(C3CCCC(C4CCCCC4)C3)C2)CC1
C1CCC(CC2CCCCC2CCC2CCC3C(CC4CCCCC4)CCC3C2)CC1
C1CCC(C2CCC(C3CCCCC3)CC2)CC1
C1CCC(C2CCCC(C3CCCC(C4CCCCC4)C3)C2)CC1
C1CCC(C2CCCC(C3CCCCC3C3CCCCC3)C2)CC1
C1CCC(CC2CCC(C3CCCCC3)CC2)CC1
C1CCC(C2CCCC(C3CC4CCCC(C5CCCCC5)C4C3)C2)CC1
C1CCC(C2CCC(CC3CCCC(C4CCCC(C5CCCCC5)C4)C3)CC2)CC1
C1CCC(C2CCC(CC3CCC(CC4CCC(C5CCCCC5)CC4)CC3)CC2)CC1
C1CC(C2CCCC(C3CCC(C4CCCCC4C4CCC5CCCC5C4)CC3)C2)C1
C1CCC(CCC2CCC(CC3CCCCC3C3CCCCC3)CC2)CC1
C1CCC(CC2CCC(C3CCCC(C4CCC(CC5CCCCC5)CC4)C3)CC2)CC1
C1CCC(C2CCCC(C3CCCC(C4CCCCC4)C3)C2)CC1
C1CCC(CC2CCC(CC3CCC(CC4CCCCC4)CC3C3CCCCC3)CC2)CC1
C1CCC(CC2CCC(CC3CCC(CC4CC(C5CCCC5)C5CCCCC45)CC3)CC2)CC1
C1CCC(CC2CCC(C3CCCCC3)CC2)CC1
C1CCC(C2CCC(CC3CCC(CCC4CC4)CC3)C(C3CCCC3)C2)CC1
C1CCC(CC2CCC(CCC3CCCC(C4CCC4)C3)CC2)CC1
C1CCC(CC2CCC(C3CCCC(C4CCCC(C5CCCC5)C4)C3)CC2)CC1
C1CCC(CCCCC2CC(C3CCCCC3)C3CCCCC23)CC1
C1CCC(CCC2CCC(CC3CCCCC3)CC2)CC1
C1CCC(CCC2CC(C3CCCCC3)C3CCCCC23)CC1
C1CCC(CC(C2CCCCC2)C2CCCC(C3CCCCC3)C2)CC1
C1CCC(CCC2CCC(C3CCC(CC4CCCCC4)CC3)CC2)CC1
C1CCC(CCC2CCC(CCC3CCC(C4CCCCC4)CC3)CC2)CC1
C1CCC(CC2CC3CCC(C4CCCCC4)CC3C(C3CCCCC3)C2)CC1
C1CCC(CCCCC2CCC(CC3CCCCC3)CC2)CC1
C1CCC(CCC2CCC(CC3CCCCC3)CC2)CC1
C1CCC(C2CCC(CCC3CCC(CC4CCCC4)CC3)CC2)CC1
C1CCC(CC2CCCCC2CC2CCC(C3CCC4CCCCC43)CC2)CC1
C1CCC(C2CCC(CC3CCC3)CC2)CC1
C1CCC(C2CCCC(C3CCCC3)C2)CC1
C1CCC(C2CCC(C3CCCC(C4CCCC5CCCCC54)C3)CC2)CC1
C1CCC(C2CCCC(CC3CCC(C4CCC5CCCCC5C4)CC3)C2)CC1
C1CCC(CC2CCCC(C3CC(CC4CCCCC4)CC(C4CCCCC4)C3)C2)CC1
C1CCC(CC2CCC(C3CCCCC3C3CCCCC3)CC2)CC1
C1CCC(CC2CCCC(C3CCC4C(CCC4C4CCCCC4)C3)C2)CC1
C1CCC(CC2CCCC(C3CCCCC3)C2)CC1
C1CCC(CC2CCC(C3CCC4CCCCC43)CC2)CC1
C1CCC(CC2CCCC(CCC3CCCC(CC4CCC5CCCCC54)C3)C2)CC1
C(CCCCC1CCC(C2CCCCC2)C1)CCCC1CCC(CC2CC3CCCCC3C2)CC1
C1CCC(CCC2CCC(CC3CCCCC3)CC2)CC1
C1CCC(CCC2CCC3C(CC4CCCC(C5CCCCC5)C4)CC(CCC4CCC4)C3C2)CC1
C1CCC(CC2CCC(CCCCC3CCCC(CC4CCCCC4)C3)CC2)CC1
C1CCC(CC2CC(C3CCCC(C4CCCCC4)C3)C3CC(CCC4CC4)CCC23)CC1
C1CCC(CCCCC2CCCCC2CCC2CCCC(C3CCCC4CCCCC43)C2)CC1
C1CCC(CCCC2CCC(CC3CCCCC3)C(CC3CCCCC3)C2)CC1
C1CCC(CCC2CC(CC3CCCCC3)CCC2C2CCC(CC3CC4CCCCC4C3)CC2)CC1
C1CCC(CCCCCC2CCCC(CC3CCCCC3)C2)CC1
C1CCC(CC2CCC(C3CCCC(C4CCCCC4)C3)CC2)CC1
C1CCC(C2CCC(C3CCCCC3C3CCCCC3)CC2)CC1
C1CCC(CC2CCCC(CC3CCCCC3C3CCC4C(CCCC4C4CCCC5CCCCC54)C3)C2)CC1
C1CCC(CCCC2CCCC(C3CCCCC3C3CCC4CCC(CCC5CCCCC5)CC4C3)C2)CC1
C1CCC(CC2CCC(C3CCC(CC4CCCC(C5CC6CCCCC6C5)C4)CC3)CC2)CC1
C1CCC(C2CCC(CC3CCCC(C4CCCC(C5CCCC(C6CCCCC6)C5)C4)C3)C2)CC1
C1CCC(C2CCCC2C2CCCCC2)CC1
C1CCC(CCC2CCC(CC3CCC(CCC4CCCCC4)CC3)CC2)CC1
C1CCC(C2CCCC(C3CCCC(CC4CC5CCCCC5C4)C3)C2)CC1
C(CCCC1CCCC(CC2CCCC(C3CCCCC3)C2)C1)CCC1CC1
C1CCC(CCCC2CCC(C3CCCC(CC4CCCCC4)C3)CC2)CC1
C1CCC(CCCC2CCCC(CCCC3CCCCC3)C2)CC1
C1CCC(CC2CCCC(C3CCCCC3)C2)CC1
C1CCC(CCC2CCCCC2C2CCC(CCC3CC3)CC2CC2CCC3CCCCC32)CC1
C1CCC(C2CCCC(CC3CCCC3C3CCC4CCCCC4C3)C2)C1
C1CCC(CC2CCC(CCCCCC3CC4CCCCC4C3)C(CC3CCCCC3)C2)CC1
C1CCC(CC2CCC(CC3CCC(C4CCCCC4C4CCCCC4)CC3)CC2)CC1
C1CCC(CCC2CCC(C3CCCC(C4CCCC(CC5CCCCC5)C4)C3)CC2)CC1
C1CCC(CC2CCCC(C3CCCCC3)C2)CC1
C1CCC(C2CCC(CC3CCC(C4CCC5C(CCC5C5CCCC5)C4)CC3)C(C3CCCC3)C2)CC1
C1CCC(CC2CCC(C3CCCCC3)CC2)CC1
C1CCC(CC2CCC(CCCC3CCC(CC4CCCCC4)CC3)CC2)CC1
C1CCC(CC2CCCCC2C2CCC3CCCCC3C2)CC1
C1CCC(CCC2CCCCC2C2CCCCC2CC2CCCCC2)CC1
C1CCC(C2CCCC(C3CCCC(C4CCCCC4)C3)C2)CC1
C1CCC(CCC2CCC(C3CCCCC3)C(CC3CCCCC3)C2)CC1
C1CCC(CC2CCCCC2)CC1
C1CCC(CCC2CCC(C3CCCCC3)CC2)CC1
C1CCC(CC2CCC(C3CCC(C4CCC4)CC3C3CCCC3)CC2)CC1
C1CCC(C2CCC(C3CC4CCCCC4C(C4CCCCC4)C3)CC2)CC1
C1CCC(CCC2CCCC(C3CCCCC3)C2)CC1
C1CCC(CCC2CC(C3CCC4CCCCC43)C3CCCCC23)CC1
C1CCC(C2CCCC(C3CCC(CCC4CCC5CCCCC5C4)CC3)C2)CC1
C1CCC(CCC2CCC(CCCC3CCC(CCC4CCCC4)CC3)CC2)CC1
C1CCC(CC2CCCC(C3CCCCC3)C2)CC1
C1CCC(CC2CC(CCC3CCCC(C4CCC5CCCC5C4)C3)C3CCCCC23)CC1
C1CCC(CC2CCCCC2C2CCCCC2)CC1
C1CCC(CC2CCC(C3CCCCC3)CC2)CC1
C1CCC(C2CCC(C3CCCCC3)CC2)CC1
C(CCC1CC(CC2CCCC2)C2CCCCC12)CC1CCCC(C2CCC(CC3CC4CCCCC4C3)CC2)C1
C1CCC(CCC2CCCC(C3CCCCC3)C2)CC1
C1CCC(C2CCCCC2)CC1
C1CCC(CCCCC2CC(CC3CCCCC3)C3CCC(CCC4CCCC4)CC23)CC1
C1CCC(CC2CCCC(CCC3CCCC(C4CCCCC4)C3)C2)CC1
C1CCC(CCCCC2CCCCC2C2CCCC2)CC1
C1CCC(CC2C(C3CCCCC3)CCC2C2CCC(C3CCCCC3)CC2)CC1
C1CCC(CC2CCC(C3CCCC(CC4CC4)C3)CC2)CC1
C1CCC(CC2CCC(C3CCCCC3)CC2)CC1
C1CCC(CCCC2CCCC(CC3CCC(C4CCCCC4)CC3)C2)CC1
C1CCC(CC2CCCC(CC3CCCCC3)C2)CC1
C1CCC(C2CCCCC2CC2CCC(C3C4CCCCC4CC3C3CCCCC3)CC2)CC1
C1CCC(CCC2CCCC(CC3CCCC(C4CCCCC4)C3)C2)CC1
C1CCC(CCCCC2CC(CC3CCCCC3)C3CCC(CCC4CCCC4)CC23)CC1
C1CCC(C2CCCC(C3CCCC(C4CCCC(CCCC5CC5)C4)C3)C2)CC1
C1CCC(CCCC2CCC(CC3CCC(C4CCCCC4)CC3)CC2)CC1
C1CCC(C2CCCC(C3CCCCC3C3CCCCC3C3CCCC(C4CCCC4)C3)C2)CC1
C1CCC(CCCC2CCC(C3CC3)CC2C2CCCCC2)CC1
C1CCC(CC2CCC(CC3CCC(C4CCC5CCCCC5C4)CC3)CC2)CC1
C1CCC(CCC2CCC(CC3CCCC(C4CCCCC4)C3)C(C3CCCCC3)C2)CC1
C1CCC(CCCC2CCCC(CC3CCCCC3)C2)CC1
C1CCC(C2CCC(C3CCC(CC4CCCC4)CC3)CC2)CC1
C1CCC(C2CCCC(C3CCC(CC4CCC5CCCCC54)CC3)C2)CC1
C1CCC(CC2CCC(CCC3CC(C4CCCCC4)CC(C4CCCCC4)C3)CC2)CC1
C1CCC(CCCCC2CCCC(C3CCCC(CC4CCCCC4)C3)C2)CC1
C1CCC(CCC2CCCCC2C2CCCCC2C2CCCC2)CC1
C1CCC(CC2CC(CC3CCC(C4CCCCC4)CC3)CC(C3CCCCC3)C2)CC1
C1CCC(CC2CC(CC3CCC(C4CCCCC4)CC3)C3CCCCC23)CC1
C1CCC(CCC2CCCC(CC3CCCCC3)C2)CC1
C1CCC(C2CCC(C3CCCCC3)CC2)CC1
C1CCC(CC2CCC(C3CCCCC3)CC2)CC1
C1CCC(CC2CCC(C3CCCCC3)CC2)CC1
C1CCC(CC2CCC(CCCCC3CCCC(C4CCC(C5CCC5)CC4)C3)CC2)CC1
C1CCC(C2CCCC(C3CCCCC3)C2)CC1
C1CCC(CC2CCC(C3CCCC(C4CCCCC4)C3)CC2)CC1
C1CCC(CC2CCC(CCC3CCC4CC(C5CC5)CC(C5CCCCC5)C4C3)CC2)CC1
C1CCC(CC2CCC(C3CCCCC3)CC2)CC1
C1CCC(CCC2CCC(C3CC3)CC2C2CCCCC2)CC1
C(CCC1CCC(CC2CCC(CC3CC3)CC2)CC1)CCC1CCC(C2CCCCC2)CC1
C1CCC(CC2CCC(CCCCCC3CC4CCCCC4C3)C(CC3CCCCC3)C2)CC1
C1CCC(C2CCCC(C3CCC4CCCC4C3)C2)CC1
C1CCC(CCC2CC3CCCCC3C2)CC1
C1CCC(CC2CCCCC2C2CCCCC2CC2CCCC2C2CCCCC2)CC1
C1CCC(CCCC2CC(CC3CCCCC3)CCC2C2CCCCC2)CC1
C1CCC(CCC2CCCC(C3CCCC(CC4CCCCC4)C3)C2)CC1
C1CCC(C2CCCC(C3CCC4CC(C5CCC6CCCCC65)CC(C5CCCC5C5CCCC5)C4C3)C2)CC1
C1CCC(C2CCC(CC3CCC(CC4CCCC(C5CCCC5)C4)CC3)CC2)CC1
C1CCC(C2CCCC(C3CC(CC4CCCC4)C4CCCCC43)C2)CC1
C1CC(C2CCC(C3CCCCC3CC3CCC(C4CCCCC4CCC4CC4)CC3)CC2)C1
C1CCC(CCC2CCCC(C3CCCCC3)C2)CC1
C1CCC(C2CCC(C3CCC3)CC2)CC1
C1CCC(C2CCCCC2C2CCCCC2)CC1
C1CCC(C2CCCCC2C2CC(CC3CCCC3)C3CCCCC32)CC1
C1CCC(CCC2CCC(CCC3CCC(CC4CCCCC4)CC3)CC2)CC1
C1CCC(C2CCC(CC3CCC(C4CCC4)CC3)CC2)CC1
C1CCC(CCC2CCC(CCCCCC3CC4CCCCC4C3)CC2)CC1
C1CCC(CC2CCC(C3CCCCC3)CC2)CC1
C1CCC(CCC2CCCCC2C2CCCCC2)CC1
C1CCC(C2CCCC(C3CCCCC3)C2)CC1
C1CCC(CCC2CCC3C(CC4CCCCC4)CC(C4CC5CCCCC5C(C5CCCC5)C4)C3C2)CC1
C1CCC(CCCC2CCC(CCC3CCCCC3)CC2)CC1
C1CCC(CC2C(C3CCCCC3)CCCC2C2CCCCC2)CC1
C1CCC(C2CCC(C3CCCC(C4CCC5CCCCC54)C3)CC2)CC1
C1CCC(CC(CC2CCCC(C3CCCCC3)C2)C2CCCCC2)CC1
C1CCC(CC2CCC(CC3CCCCC3)CC2)CC1
C1CCC(CCC2CCC(C3CCC4CCCC4C3)CC2)CC1
C(CCC1CCC(CC2CCCCC2)CC1)CCC1CCC(CC2CCCCC2)CC1
C1CCC(CC2CCCC(C3CCCCC3)C2)CC1
C1CCC(CCCC2CCCC(C3CCC(CC4CC4)CC3)C2)CC1
C1CCC(CC2CCCC(CC3CCCC(CC4CCCCC4)C3)C2)CC1
C1CCC(CCC2CCC(CCC3CCCCC3)CC2)CC1
C1CCC(CC2CCC(C3CCCCC3)CC2)CC1
C1CCC(C2CCC(CC3CCCC4CC(C5CCCCC5)CCC34)CC2)CC1
C1CCC(CC2CCC(CC3CCC(C4CCCC4)CC3)CC2)CC1
C1CCC(CC2CCCCC2C2CCCC(C3CCC(C4CCCCC4)CC3)C2)CC1
C1CCC(C2CCCC(CC3CC(C4CCCCC4)C4CCCCC34)C2)CC1
C1CCC(CCCC2CCCC(C3CCCCC3)C2)CC1
C1CCC(CC2CCC(CC3CCCCC3)C(C3CCCC3)C2)CC1
C1CCC(CC2CCCCC2C2CCC(C3CC4CCCCC4C3)CC2)CC1
C1CCC(C2CCCC(C3CCCC(C4CCCCC4)C3)C2)CC1
C1CCC(C2CC(C3CCC4CCCC(C5CCCCC5)C43)CC3CCCCC32)CC1
C1CCC(CCCC2CCC3CC(C4CCC5CCCCC54)CC(C4CCCCC4)C3C2)CC1
C1CCC(CCCC2CCC(CC3CCCCC3)CC2)CC1
C1CCC(CC2CCC(CC3CCCC(C4CCCCC4)C3)CC2)CC1
C1CCC(CC2CCC(C3CCCCC3)CC2C2CCCC2)CC1
C1CCC(CCC2CCC(C3CCCCC3)CC2C2CCCCC2)CC1
C(CCCC1CCCCC1)CCCC1CCCCC1C1CCC2CCCCC21
C1CCC(C2CCCC(CC3CCCC(C4CCC5CCCC5C4)C3)C2)CC1
C1CCC(C2CCC(CCC3CCC(C4CCCC4)CC3C3CCC(C4CCCC4)CC3)CC2)CC1
C1CCC(CCC2CCC(CCCC3CCCC(C4CCCCC4)C3)CC2)CC1
C1CCC(C2CCCC(C3CCCCC3C3CCCCC3)C2)CC1
C1CCC(CCCC2CCCC(C3CCCCC3)C2)CC1
C1CCC(CCC2CCC(CC3CCC(C4CCCCC4)CC3)CC2)CC1
C1CCC(CC2CCCC(C3CCC(C4CCC5CCCCC54)CC3)C2)C1
C1CCC(C2CCCC(CC3CCCCC3C3CCCCC3)C2)CC1
C1CCC(C2CCCC(C3CCCCC3C3CCC4CCCC4C3)C2)CC1
C1CCC(CC2CCC(C3CCCC(CC4CCC(C5CCCC5)C(C5CCC6CCCC6C5)C4)C3)CC2)CC1
C1CCC(CC2CCCCC2)CC1
C1CCC(C2CCC(C3CCCC(C4CCCCC4)C3)CC2)CC1
C1CCC(C2CCCC(C3CCCC3)C2)CC1
C1CCC(C2CCCCC2C2CCCCC2)CC1
C1CCC(CC2CCC(C3CCCCC3)CC2)CC1
C1CCC(CC(C2CCCCC2)C2CCCCC2)CC1
C1CCC(CC2CCCC(CC3CCCC(CC4CC5CCCCC5C4)C3)C2)CC1
C1CCC(CC2CCCCC2C2CCC(C3CC3)CC2)CC1
C1CCC(CC2CCCC(CCC3CCC(C4CCCC(CC5CCCC5)C4)CC3)C2)CC1
C1CCC(CC2CCCC(CC3CCCCC3C3CCCC3)C2)CC1
C1CCC(CCC2CCC(C3CCC(CC4CCCC(C5CCCC5)C4)CC3)CC2)CC1
C1CCC(CC2CCC(CC3CC(C4CCCC4)CCC3CC3CCCCC3)CC2)CC1
C1CCC(CCC2CCCC(CCCC3CCC(C4CCC4)CC3)C2)CC1
C1CCC(CCCCC2CCCC(C3CCCCC3)C2)CC1
C1CCC(C2CCCC(CC3CCCC(C4CCCCC4)C3)C2)CC1
C1CCC(CCCCCC2CCC(CCCC3CCCCC3)CC2)CC1
C1CCC(C2CCCCC2C2CCCCC2)CC1
C1CCC(CC2CCC(C3CCCCC3CC3CCCC4CC(C5CCCCC5)CCC43)CC2)CC1
C1CCC(CC2CCCC(C3CCCC(C4CCCCC4)C3)C2)CC1
C1CCC(CCC2CCC(CC3CC(C4CCCCC4)C4CCCCC34)CC2)CC1
C1CCC(CCCCC2CCC(CC3CCC(CC4CCCCC4)CC3)CC2)CC1
C1CCC(C2CCC(CCC3CCCC(C4CC4)C3)C(C3CCCC3)C2)CC1
C1CCC(C2CCC(CC3CCCCC3C3CCCCC3)CC2)CC1
C1CCC(CCC2CCCCC2C2CCCCC2C2CCCC2)CC1
C1CCC(C2CCCCC2C2CCCCC2)CC1
C1CCC(CC2CCCCC2CCC2CCCC(C3CCCC(C4CCCCC4)C3)C2)CC1
C1CCC(C2CCCC(C3CCCCC3)C2)CC1
C1CCC(CCCC2CCCCC2C2CCC(CC3CCCCC3)CC2)CC1
C1CCC(C2CCCCC2CCC2CCCC(C3CCC4CCCCC4C3)C2)CC1
C1CCC(CC2CCCCC2C2CCCCC2)CC1
C1CCC(C2CCCC(CCCC3CCC(CC4CCCC4)CC3)C2)CC1
C1CCC(CCC2CC(C3CCCC3)CCC2C2CCC3CCCC3C2)CC1
C1CCC(C2CC(C3CCCCC3)CC(C3CCCCC3)C2)CC1
C1CCC(C2CCC3CCCC(C4CCCCC4)C3C2)CC1
C1CCC(C2CCCCC2C2CCC3C(CCCC3C3CCCCC3)C2)CC1
C1CCC(CC2CCCCC2C2CCC(CCC3CCCC3)CC2)CC1
C1CCC(CC2CCC(C3CC3)C(CC3CCC(C4CCCC4)CC3)C2)CC1
C1CCC(C2CCC(C3CCCCC3)C2CCC2CCCC(CC3CC4CCCCC4C3)C2)CC1
C1CCC(CCCCCC2CCCCC2)CC1
C1CCC(CCC2CCC(C3CCCCC3)C(C3CCC4C(CCC4C4CCCC4)C3)C2)CC1
C1CCC(CC2CCCC(CCCCC3CCC(C4CCCCC4)C3)C2)CC1
C1CCC(CCC2CC(C3CCC4CCCC4C3)CCC2CCC2CCCC(C3CCCCC3)C2)CC1
C1CCC(CC2CCCC(C3CCCC(C4CCCCC4)C3)C2)CC1
C1CCC(CC2CCCC(C3CCCC(CC4CCCCC4)C3)C2)CC1
C1CCC(CCCC2CCC(CC3CCC(CC4CCCCC4)CC3)CC2)CC1
C1CCC(CCCC2CCC(CC3CCCC(CC4CCCCC4)C3)CC2)CC1
C1CCC(C2CCCC(CCC3CC4CCCCC4C3)C2)CC1
C1CCC(CCC2CCC(C3CCC(C4CCCCC4)CC3)CC2)CC1
C1CCC(CCC2CCC(C3CCCCC3)CC2CCC2CCCCC2)CC1
C1CCC(CC2CCC(CCCC3CCCCC3CC3CCCCC3)CC2)CC1
C1CCC(CC2CCC(CCC(CC3CCCCC3)C3CCCCC3)CC2)CC1
C1CCC(C2CCC(CC3CCCC(C4CCCCC4)C3)CC2)CC1
C1CCC(CCC2CCC(C3CCCCC3)CC2)CC1
C1CCC(CCC2CCCC(C3CCCCC3)C2)CC1
C1CCC(CC2CCC(C3CCCCC3)C(C3CCC4CCCC4C3)C2)CC1
C1CCC(CC2CCC(C3CCCCC3C3CCCC4CC(CC5CC6CCCCC6C5)CCC43)CC2)CC1
C1CCC(C2CCC(CCC3CC(CC4CCC4)C4CCCCC34)CC2)CC1
C1CCC(CC2CCCC(C3CCCC(C4CCCCC4)C3)C2)CC1
C1CCC(C2CC(C3CCC4CCCCC43)CC3CCCCC32)CC1
C1CCC(CCCC2CCCC(CC3CCC(C4CCCCC4)CC3)C2)CC1
C1CCC(CCCCCC2CCC(C3CCCCC3)CC2)CC1
C1CCC(CCC2CCC(CC3CCC(CCCCCC4CCCC4)CC3)CC2)CC1
C1CCC(CCC2CCCCC2C2CCCC3CC(C4CCCCC4)CCC32)CC1
C1CCC(CCC2CCC(CC3CCC4CCCCC4C3)CC2)CC1
C1CCC(C2CCC(CC3CCCCC3C3CCCCC3)CC2)CC1
C1CCC(CCCC2CC(CC3CCCCC3)CCC2C2CCCCC2)CC1
C1CCC(CCCCCC2CC(C3CCCCC3)CCC2CC2CCCCC2)CC1
C1CCC(CC2CCC(C3CCCCC3)CC2)CC1
C1CCC(C2CCCCC2)CC1
C1CCC(C2CCCC(CC3CC(CCC4CC5CCCCC5C4)C4CCCCC34)C2)CC1
C1CCC(CC2CCCC(CC3CCCC(C4CCCCC4)C3)C2)CC1
C1CCC(CC2CCC(CC3CCC(CC4CCCCC4)CC3)CC2)CC1
C1CCC(CCCC2CCCCC2C2CCCCC2C2CCCC(C3CCCC3)C2)CC1
C1CCC(CC2CCC(C3CCC(CCC4CCCCC4C4CCCC4)CC3)CC2)CC1
C1CCC(C2CCC3CCC(C4CCCC(CC5CCCCC5C5CCCCC5)C4)CC3C2)CC1
C1CCC(C2CCCCC2C2CCC(CC3CCCC3)CC2)CC1
C1CCC(C2CCCC(C3CCC4CCCCC43)C2)CC1
C1CCC(CC2CCC(C3CCC4CCCC4C3)CC2C2CCCCC2)CC1
C1CCC(CCC2CCCCC2)CC1
C1CC(CC2CCC(CC3CCCCC3CC3CC4CCCCC4C3)CC2)CC(C2CC2)C1
C1CCC(CC2CCCCC2C2CC(C3CCCCC3)C3CCCCC32)CC1
C1CCC(CC2CCCC(C3CCCCC3)C2)CC1
C1CCC(CC2CC(C3CCC(C4CCCCC4)CC3)C3CCCCC23)CC1
C1CCC(CC2CCCCC2C2CCCCC2)CC1
C1CCC(CC2CCCC(C3CCCCC3)C2)CC1
C1CCC(CC2CCCCC2C2CCCCC2)CC1
C1CCC(CCC2CCCCC2CCCCC2CC(C3CCC(CC4CCCCC4)CC3)C2)CC1
C1CCC(C2CCC(C3CCCCC3)C(C3CCCC3)C2)CC1
C1CCC(C2CCC(CCC3CCC4CCCCC4C3)CC2)CC1
C1CCC(C2CCC(CCC3CCC4CCCC4C3)CC2)CC1
C1CCC(CC2CCCCC2CC2CC(CC3CCCCC3)C3CCCCC23)CC1
C1CCC(CCCCCC2CCCCC2)CC1
C1CCC(CC2CCC(C3CCCCC3)C(CC3CCCCC3)C2)CC1
C1CCC(CC2CCCC(C3CCC4CCCC4C3)C2)CC1
C1CCC(CCC2CCCC(C3CCCCC3)C2)CC1
C1CCC(C2CCCCC2)CC1
C1CCC(CC2CCC(C3CCCC(C4CCCCC4)C3)C2)CC1
C1CCC(CC2CCC(C3CCCCC3)CC2C2CCCCC2)CC1
C1CCC(CC2CCC(CCC3CCC(CC4CCCCC4)CC3)CC2)CC1
C1CCC(CC2CCC(CC3CCC(C4CC4)C(CC4CCCC(C5CC5)C4)C3)CC2)C1
C1CC(CC2CCC(C3CCCCC3C3CCCC3)CC2)CC(CC2CC3CCCCC3C2)C1
C1CCC(C2CCC(C3CCC(C4CCCCC4C4CCCCC4)CC3)CC2)CC1
C1CCC(CCC2CCC(CC3CCCCC3CC3CCCCC3)CC2)CC1
C1CCC(CC2CCC(C(CC3CCCCC3)C3CCCC3)CC2)CC1
C1CCC(C2CCC(C3CC3)CC2)CC1
C1CCC(CC2CCC(CCC3CCCC(C4CCC(C5CCCCC5)CC4)C3)CC2)CC1
C1CCC(C2CCCC(CC3CCC(CC4CCC(CCC5CC6CCCCC6C5)CC4)CC3)C2)CC1
C1CCC(C2CCCC(CC3CCCCC3CC3CC4CCCCC4C3)C2)CC1
C1CCC(C2CCCCC2CC2CCC(CC3CC4CCCCC4C3)CC2)CC1
C1CCC(CCCC2CCCC(C3CCCC(C4CCCCC4)C3)C2)CC1
C1CCC(C2CCCC(C3CCCC(CC4CCC5CC(CCC6CCCC6)CCC54)C3)C2)CC1
C1CCC(CC2CCCC(C3CCCCC3)C2)CC1
C1CCC(CCC2CCCC(CC3CCCCC3)C2)CC1
C1CCC(CC2CC(C3CCCCC3)CC(C3CCC3)C2)CC1
C1CCC(C2CCCCC2C2CCC3C(CCCC3C3CCCCC3)C2)CC1
C1CCC(C2CCCC(C3CCCC(C4CCCCC4)C3)C2)CC1
C1CCC(C2CCCC(C3CCC4CCC(C5CCCCC5)CC4C3)C2)CC1
C1CCC(C2CCC(C3CCCCC3C3CCCCC3)CC2)CC1
C1CCC2CC(CCCC3CC(C4CCC5CCCC5C4)C4CCCCC34)CC2C1
C1CCC(C2CCCC(CC3CCCC(C4CCCC(CC5CC5)C4)C3)C2)CC1
C1CCC(CC2CCC(CC3CCCCC3)CC2)CC1
C1CCC(CCCCCC2CC(CC3CCCC(CC4CCCCC4)C3)C3CCCCC23)CC1
C1CCC(CCC2CCCC(C3CCCCC3)C2)CC1
C1CCC(CC2CCCC(CC3CCC(CC4CCC5CCCCC5C4)CC3)C2)CC1
C1CC(CCC2CCC(C3CCCCC3CC3CCCCC3C3CCC4CCCCC4C3)CC2)C1
C1CCC(CC2CCCCC2CC2CCC(C3CCCCC3CC3CCCC3)C(C3CCCCC3)C2)CC1
C1CCC(CC2CCC3CC(C4CCCCC4)CC(C4CCCCC4)C3C2)CC1
C1CCC(CCC2CCCC(CC3CCC(CC4CCCCC4)CC3)C2)CC1
C1CCC(CC2CCC(CC3CCCC(C4CCCC(C5CCCCC5)C4)C3)CC2)CC1
C1CCC(CCCCCC2CCC(C3CCCCC3)CC2)CC1
C1CCC(CC2CCCC(CCC3CCC(C4CCCCC4)CC3)C2)CC1
C1CCC(CCC2CCC(C3CCCCC3C3CCCCC3)CC2)CC1
C1CCC(CCCC2CCCCC2)CC1
C1CCC(C2CCC(C3CCCCC3)C(C3CCCCC3)C2)CC1
C1CCC(CC2CCCC(C3CCCCC3C3CCC4CCCC4C3)C2)CC1
C1CCC(C2CCC(CC3CC4CCCCC4C3)C(C3CCCCC3)C2)CC1
C1CCC(CC2CCC(C3CCCC3C3CCCCC3)CC2)CC1
C(CCC1CCCC(C2CCC(C3CCCC3)CC2)C1)CCC1CCCC(C2CC2)C1
C1CCC(CC2CCCC(C3CCC(CC4CC5CCCCC5C4)CC3)C2)CC1
C1CCC(CCCC2CC(C3CCCC(C4CCCCC4)C3)C3CCCCC23)CC1
C1CCC(CCCCC2CCCC(C3CCCCC3)C2)CC1
C1CCC(C2CCCC(C3CCCCC3C3CCCCC3)C2)CC1
C1CCC(CCCC2CCC(CC3CCC(CC4CCCCC4)CC3)CC2)CC1
C1CCC(CCC2CCCC(C3CCCC(CC4CCCCC4)C3)C2)CC1
C1CCC(CCC2CCCC(C3CCCCC3)C2)CC1
C1CCC(C2CCC(CC3CC(C4CCCCC4)C4CCCCC34)CC2)CC1
C1CCC(CCC2CC(C3CCCCC3)CC(C3CCCCC3)C2)CC1
C1CC2CCC(C3CCCCC3C3CCC(C4CCC5CCCCC54)CC3)CC2C1
C1CCC(CCC2CC(C3CCC3)CC(C3CCCCC3C3CCCCC3)C2)CC1
C(CCC1CCCC2CCCCC12)CCC1CC(CCCC2CC2)C2CCCCC12
C1CCC(C2CCC(CC3CCC(C4CCC(C5CCCCC5)CC4)CC3)CC2)CC1
C1CCC(C2CCC(CC3CCC(CC4CCCC4)CC3)CC2C2CCCCC2)CC1
C1CCC(CCCC2CCCC(C3CCC(CC4CCC(C5CCCCC5)CC4)CC3)C2)CC1
C1CCC(C2CCCC(C3CCCCC3C3CCC4CCCC4C3)C2)C1
C1CCC(CC2CCC(C3CCCC(C4CCC(CC5CCCCC5)CC4)C3)CC2)CC1
C1CCC(CC2CCC(C3CCCCC3C3CCC(C4CCCCC4)CC3)CC2)CC1
C1CCC(CC2CCCC(C3CCCCC3)C2)CC1
C1CCC(CC2CCCC(C3CCCC(CC4CCC(C5CCCC5)CC4)C3)C2)CC1
C1CCC(CC2CCCCC2)CC1
C1CCC(CCCC2CCC(CCCC3CCCC(C4CC5CCCCC5C4)C3)CC2)CC1
C1CCC(CC2CCC(CC3CCCCC3)C(CCC3CCCC(C4CCC(C5CCC5)CC4)C3)C2)CC1
C1CCC(CC2CCCC(C3CCCC(C4CCCCC4)C3)C2)CC1
C1CCC(CC2CCC(CC3CCC4CCCC4C3)CC2)CC1
C1CCC(CCC2CCC(C3CCC(C4CCCCC4)CC3)CC2)CC1
C1CCC(C2CC(C3CCC4CCCCC43)CC3CCCCC32)CC1
C1CCC(C2CC(C3CCC4CCCCC43)CC3CCC(C4CCCC4)CC32)CC1
C1CCC(CC2CCCCC2C2CCCC(C3CCCCC3)C2)CC1
C1CCC(CCCCCC2CCCCC2C2CCCCC2)CC1
C1CCC(CC2CCC(C3CCCCC3)CC2)CC1
C1CCC(C2CCCC2)CC1
C1CCC(CC2CCC3CCCC(CC4CCCCC4)C3C2)CC1
C1CCC(C2CCCC(CCCC3CCCC(C4CCCCC4)C3)C2)CC1
C1CCC(CCCC2CCCC(CCC3CC(C4CCC5CCCCC54)C4CCCCC34)C2)C1
C1CCC(C2CCCC(CCCC3CCCC(C4CCCCC4)C3)C2)CC1
C(CCCC1CCCCC1C1CCCC1)CCC1CCCCC1
C1CCC(CCCCC2CCC(CC3CCC(C4CCCCC4)CC3)CC2)CC1
C1CCC(C2CCCCC2C2CCCCC2)CC1
C1CCC(C2CCCC(CCC3CCCCC3C3CCCCC3)C2)CC1
C1CCC(CC2CCCCC2C2CCC(CC3CC4CCCCC4C3)CC2)CC1
C1CCC(C2CCC(C3CCCC4CC(C5CCC6CCCCC65)CCC43)CC2)CC1
C1CCC(CC2CCCCC2C2CCCC2)CC1
C1CCC(CC2CCC(CCC3CCC(C4CCCC(CC5CCC5)C4)CC3)CC2)CC1
C1CCC(CC2CCCC(C3CCCC4CC(C5CCCCC5C5CCCC5)CCC43)C2)C1
C1CCC(CCC2CCCC(CC3CC4CCCCC4C3)C2)CC1
C1CCC(C2CCCC2C2CCC3C(CCCC3C3CC4CCCCC4C3)C2)CC1
C1CCC(CCC2CCC(CC3CCCCC3)CC2)CC1
C1CCC(CCC2CCCC(C3CCCC(C4CCCCC4)C3)C2)CC1
C1CCC(C2CCCC(CC3CCC(CC4CCC(CC5CC6CCCCC6C5)CC4)CC3)C2)C1
C1CCC(C2CCCC(CCCC3CCC4CCCC4C3)C2)CC1
C1CCC(C2CCC(C3CCCC(C4CCCCC4C4CC4)C3)CC2)CC1
C1CCC(C2CCC(CC3CCC(C4CCCC4)CC3C3CCCCC3)CC2)CC1
C1CCC(C2CCCCC2C2CCCCC2)CC1
C1CCC(CCC2CC(C3CCCCC3)C3CCCCC23)CC1
C1CCC(CC2CCC(C3CCCCC3)CC2)CC1
C1CCC(CCC2CCCCC2CC2CCCCC2)CC1
C1CCC(CCCCC2CCC(CC3CCCCC3)CC2)CC1
C1CCC(C2CCCCC2)CC1
C1CCC(CC2CCCC(CCC3CCC4CCCC(C5CCCCC5)C4C3)C2)CC1
C1CCC(CC2CCCC(C3CCCCC3)C2)CC1
C1CCC(CC2CCC(C3CCCCC3)CC2)CC1
C1CCC(C2CCCCC2CC2CCCC(CC3CCCC3)C2)CC1
C1CCC(C2CCCC(C3CCC(C4CCCC4)CC3)C2)CC1
C1CC(CCCC2CC3CCCCC3C2)CC(CCC2CC3CCCCC3C2)C1
C1CCC(CC2CCC(C3CCCC(CC4CCCC4)C3)CC2)CC1
C1CCC(CCCC2CCC(CC3CCC(CCCC4CCCC4)CC3)CC2)CC1
C1CCC(C2CCCC(CC(C3CCCCC3)C3CCCCC3)C2)CC1
C1CCC(CC2CCCCC2C2CCCCC2)CC1
C1CCC(C2CCCC(CCC3CCCCC3C3CCCCC3)C2)CC1
C1CCC(CC2CCC(CC3CCCC(CC4CC5CCCCC5C4)C3)CC2)CC1
C1CCC(CCC2CCC(CC3CCCCC3)CC2)CC1
C1CCC(CC2CCC(C3CCC(CC4CCC(CC5CC6CCCCC6C5)CC4)CC3)CC2)CC1
C1CCC(CCCC2CCCCC2CC2CCCC(C3CCCCC3)C2)CC1
C1CC2CCC(CC3CCCC(C4CCCCC4C4CCCC4)C3)CC2C1
C1CCC(C2CCCC(CCC3CC4CCCCC4C3)C2)CC1
C1CCC(CC2CCCC(CC3CCCCC3)C2)CC1
C1CCC(CCCCC2CCC(CC3CCCC(C4CCCC4)C3)CC2)CC1
C1CCC(CCC2CCC(CC3CCCCC3)CC2)CC1
C1CCC(CCC2CCC(CCCC3CCCC(C4CCCCC4)C3)CC2)CC1
C1CCC(CC2CCCC(CCCC3CCC(C4CCCC(C5CCCCC5)C4)CC3)C2)CC1
C1CCC(C2CCC(CC3CCC(CCCC4CCC(CC5CCC5)CC4)CC3)CC2)CC1
C1CCC(CC2CCC(C3CCCCC3C3CCCCC3)CC2)CC1
C1CCC(CC2CCC(C3CCCCC3)CC2CCC2CCC(C3CCCCC3)CC2)CC1
C1CCC(CCC2CCC(CC3CCCCC3)CC2)CC1
C1CCC(CCCCC2CC(C3CCCCC3)C3CCCCC23)CC1
C1CCC(C2CCC(C3CCCC3)CC2)CC1
C1CCC(CC2CCCC(C3CCC4CCCCC4C3)C2)CC1
C1CCC(CC2CCC(CCC3CCC(C4CCC5CCCCC5C4)CC3)CC2)CC1
C1CCC(C2CCCCC2C2CCC3CCCC3C2)CC1
C1CCC(CCC2CCC(CCC3CCCCC3)CC2)CC1
C1CCC(C2CCCCC2C2CCC(C3CCCC3)C(C3CCCCC3)C2)CC1
C1CCC(C2CCC(C3CCCCC3C3CC3)CC2)CC1
C1CCC(CC2CCC(C3CCC4CCCCC4C3)CC2)CC1
C1CCC(CC2CCCCC2C2CCCCC2)CC1
C1CCC(C2CCCCC2)CC1
C1CCC(C2CCC(C3CCCC(C4CCCCC4)C3)CC2)CC1
C1CCC(CC2CCC(CC3CCC(C4CCCCC4C4CCC5CCCC5C4)CC3)CC2)C1
C1CCC(CCC2CCC(CC3CCC(C4CCC(C5CCCC5)CC4)CC3)CC2)C1
C1CCC(CC2CCC(C3CCCC(C4CCCCC4)C3)CC2)CC1
C1CCC(C2CCCC2C2CCCC(CC3CC4CCCCC4C3)C2)CC1
C1CC(CC2CC2)CC(C2CCC(C3CCC(CC4CCCC5CCCCC54)CC3)CC2)C1
C1CCC(CC2CCC(C3CCCC(CC4CC5CCCCC5C4)C3)CC2)CC1
C1CCC(C2CCCC(CC3CCCC(C4CCC(C5CCCCC5)C5CCCC45)C3)C2)CC1
C1CCC(CC2CCCCC2)CC1
C1CCC(CC2CCCCC2C2CCC(CC3CCC(C4CCCCC4)CC3)CC2)CC1
C1CCC(CCC2CCC(CC3CC(CCC4CCCCC4)CCC3C3CCCCC3)CC2)CC1
C1CC(CCC2CCCC(C3CCC4CCCC4C3)C2)CC(CC2CC3CCCCC3C2)C1
C1CCC(CCC2CCC(C3CCCC(C4CCCCC4)C3)CC2)CC1
C1CCC(CCCC2CCCCC2C2CCCC(CC3CCCCC3CC3CCCCC3)C2)CC1
C1CCC(CC2CCC(CC3CCCCC3)CC2)CC1
C1CCC(CC2CC(C3CCCCC3)C3CCCCC23)CC1
C1CCC(CC2CCCC(C3CC(C4CCCCC4)C4CCCCC34)C2)CC1
C1CCC(CCC2CCCC(C3CCC(C4CC4)CC3C3CCCC3)C2)CC1
C1CCC(C2CCCC(C3CCC4CCCC4C3)C2)CC1
C1CCC(CCCC2CCC(CC3CCC(CC4CCCCC4)CC3)CC2)CC1
C1CCC(CCCCC2CCCCC2)CC1
C1CCC(C2CCCC(C3CCC(CCCC4CC5CCCCC5C4)CC3)C2)CC1
C1CCC(C2CCC(CCC3CCCCC3C3CCCC3)CC2)CC1
C1CCC(CCC2CCC(C3CCCCC3)CC2)CC1
C1CCC(CCC2CCCCC2C2CCCCC2)CC1
C1CCC(C2CCC(CCC3CCCCC3C3CCC4CCCC4C3)CC2)CC1
C1CCC(CC2CCC(C3CCCCC3)CC2)CC1
C1CCC(CCC2CC(C3CCCCC3)CCC2C2CC2)CC1
C1CCC(C2CCC(CC3CC(C4CCCCC4)C4CCCCC34)CC2)CC1
C1CCC(C2CCC(C3CCCC(CC4CCCC(C5CCCC(C6CCCCC6)C5)C4)C3)CC2)CC1
C1CCC(C2CCCC(C3CCCC(C4CCC(CC5CC5)CC4C4CCCC4)C3)C2)CC1
C1CCC(C2CCCCC2CC2CCCC(CC3CC4CCCCC4C3)C2)CC1
C1CCC(CCC2CCCCC2CC2CCCC(CC3CCCCC3)C2)CC1
C1CCC(CC2CCCC(C3CCC(C4CCCC(CC5CCCC5)C4)CC3)C2)CC1
C1CCC(CCCC2CCCC(CC3CCC4CCCCC43)C2)CC1
C1CCC(C2CCC(C3CC(C4CC4)CC(C4CCCC(C5CCCC(C6CCCCC6)C5)C4)C3)CC2)CC1
C1CCC(CC2CC(CCCC3CC4CCCCC4C3)CC(CC3CCC4CCCCC43)C2)CC1
C1CCC(C2CCC(CC3CCCCC3CC3CCC4CC(CC5CC6CCCCC6C5)CCC43)CC2)C1
C1CCC(C2CCC(C3CCCC(CC4CCC5CCCC5C4)C3)C(C3CCCCC3)C2)CC1
C1CCC(C2CCC(C3CC(CC4CCC5CCCCC54)CC4CCCCC43)C2)CC1
C1CCC(C(CC2CCCC(C3CCCCC3C3CCCC3)C2)C2CC3CCCCC3C2)CC1
C1CCC(CC2CCC(C3CCCCC3)C(C3CCCC(CCC4CCCC4)C3)C2)CC1
C1CCC(CC2CCC(C3CCCCC3)CC2)CC1
C1CCC(CCCCC2CCCC(CC3CCCCC3)C2)CC1
C1CCC(CCCCCC2CCC(C3CCCCC3)CC2)CC1
C1CCC(C2CCC(CC3CCC(CCCCC4CC5CCCCC5C4)CC3)CC2)CC1
C1CCC(CC2CCC(C3CCC(C4CC4)CC3)CC2)CC1
C1CCC(CC2CC(C3CCCCC3)C3CCCCC23)CC1
C1CCC(C2CCCC(CCC3CC4CCCCC4C3)C2)CC1
C1CCC(CCC2CCCC(CC3CCCC(CC4CCCCC4)C3)C2)CC1
C1CCC(C2CCC(C3CCCCC3)CC2)CC1
C1CCC(CC2CCCC(C3CCC(C4CCCCC4)CC3)C2)CC1
C1CCC(CCCC2CCCCC2)CC1
C1CCC(C(C2CCCCC2)C2CCC(CC3CCCC3)CC2)CC1
C1CCC(CC2CCCCC2C2CCC(C3CCCCC3)C(CC3CCCC3)C2)CC1
C1CCC(CC2CCCC(C3CCC(C4CCCC4)CC3)C2)CC1
C1CCC(CCCCCC2CCCCC2)CC1
C1CCC(C2CCCC(C3CCCCC3C3CCC(CC4CCC(CC5CCCC5)CC4)CC3)C2)CC1
C1CCC(C2CCCCC2)CC1
C1CCC(C2CCC(C3CCCCC3)C(C3CCCCC3)C2)CC1
C1CCC(C2CCC(CC3CCCC(C4CCCCC4)C3)CC2)CC1
C1CCC(CCC2CCC(CC3CCC(C4CCCCC4C4CC5CCCCC5C4)CC3)CC2)CC1
C1CCC(C2CCCC(C3CCC(C4CCCC(C5CCCCC5)C4)CC3)C2)CC1
C1CCC(CC2CCC(C3CCCCC3C3CCCCC3)C(C3CCCCC3)C2)CC1
C1CCC(CCC2CCC(C3CCC4CC(CC5CC(C6CCCCC6)C6CCCCC56)CCC43)CC2)CC1
C1CC(CCC2CCCCC2C2CCCC2)CC(CC2CC3CCCCC3C2)C1
C1CCC(C2CCCC(C3CCCC(CCC4CCC5CCCCC54)C3)C2)CC1
C1CCC(CCCC2CCC(CC3CCCCC3)CC2)CC1
C1CCC(CC2CCC(C3CCCCC3)CC2)CC1
C1CCC(CCC2CCCC3CC(C4CCCC5CCCCC54)CCC23)CC1
C1CCC(CC2CCCCC2CC2CCCC(C3CCC4CCCCC4C3)C2)CC1
C1CCC(CC2CCC(CC3CCCCC3C3CCC4CCCCC4C3)CC2)CC1
C1CCC(CC2CCC(CCCC3CCCCC3C3CCC3)C(CC3CCCCC3)C2)CC1
C1CCC(C2CCC3C(CCCC3C3CCC(CC4CCC(C5CCCC5)CC4)CC3)C2)CC1
C1CCC(CCCCC2CCC(CC3CCCCC3)C(CC3CCCC3)C2)CC1
C1CCC(CC2CCC(C3CCC(C4CCCC(CC5CCCCC5)C4)C3)CC2)CC1
C1CCC(CC2CCCC(C3CCCCC3)C2)CC1
C1CCC(CC2CCCC(C3CCCC(C4CCC5CCCC5C4)C3)C2)CC1
C1CCC(CCCC2CCCCC2C2CCCC(CCC3CCCC3)C2)CC1
C1CCC(CCC2CCC(C3CCCC(C4CCC4)C3)CC2)CC1
C1CCC(CC2CCC(C3CCCC(C4CCCCC4)C3)CC2)CC1
C1CCC(CC2CCCC(CCC3CCC(C4CCCCC4)CC3)C2)CC1
C1CCC(C2CCCCC2C2CCCC(C3CCC4CCCCC43)C2)CC1
C1CCC(C2CCC(C3CCC(C4CCC(C5CCCC5)CC4)CC3C3CCCC3)C3CCCCC23)CC1
C1CCC(CC2CCC(C3CC3)CC2C2CCC3CCCC3C2)CC1
C1CCC(C2CCC(CC3CCC4CCCCC43)CC2)CC1
C1CCC(CCC2CCCC(C3CC(C4CCCCC4)C4CCCCC34)C2)CC1
C1CCC(CCCC2CC3CCCCC3C(C3CCCCC3)C2)CC1
C1CCC(CC2CCC(C3CCCC(CC4CCCCC4C4CCCCC4)C3)CC2)CC1
C1CCC(C2CCCC(CCC3CCC(C4CCC(C5CCCC5)CC4)CC3)C2)CC1
C1CCC(CCC2CCC(C3CCCCC3C3CCC(CC4CCCCC4)CC3)CC2)CC1
C1CCC(CC2CCC(CCCC3CCC(CC4CCCC4)CC3)CC2)CC1
C1CCC(C(CCC2CCC(CC3CCC(CCC4CC4)CC3)CC2)C2CCCCC2)CC1
C1CCC(CCCC2CCCC(C3CCCCC3)C2)CC1
C1CCC(C2CCC3C(CCC3C3CCCCC3)C2)CC1
C1CCC(CC2CCC3C(C2)C(CC2CCCCC2)CC3C2CCCCC2)CC1
C1CCC(CCC2CCCCC2CCC2CCCCC2)CC1
C1CCC(CC2CC(C3CCCCC3C3CCC4CCCC4C3)C3CCCCC23)CC1
C1CCC(CC2CCC(CC3CC(CC4CCCCC4)C4CCCCC34)CC2)CC1
C1CCC(CC2CCC(CC3CCC(C4CCCCC4)CC3)CC2)CC1
C1CCC(CCC2CCC(C3CCCCC3C3CCC(CCCC4CCCC4)CC3)CC2)CC1
C1CCC(CC2CCC(C3CCCC3)C(C3CCC(CC4CCCC4)CC3)C2)CC1
C1CCC(CC2CCCCC2C2CCCCC2C2CCC3CCCC3C2)CC1
C1CCC(CC2CCC(CC3CCCCC3C3CCCC3)CC2)CC1
C1CCC(CCCC2CCC(CCC3CCCCC3)CC2)CC1
C1CCC(CC2CCC(CC3CCC(C4CCCC4)CC3)CC2)CC1
C1CC(C2CCC(CCC3CCCC(C4CCCC4)C3)CC2)C1
C1CCC(CCC2CCC(CC3CCCCC3)CC2)CC1
C1CCC(CC2CCCC(C3CCCC(C4CCCCC4)C3)C2)CC1
C1CCC(CCC2CCCC(CCCCCC3CC(C4CCCC4)CCC3CC3CCCCC3)C2)CC1
C1CCC(C2CCCCC2C2CCCC2)CC1
C1CCC(CCC2CCC(CCC3CCC(C4CCCC(C5CCC5)C4)CC3)CC2)CC1
C1CCC(C2CCC(CCC3CCC(C4CCCC(C5CCC5)C4)CC3)CC2)CC1
C1CCC(CC2CCC(C3CCCCC3)CC2)CC1
C1CCC(CCCC2CCCC(CC3CCCC(C4CCCC(C5CCCCC5)C4)C3)C2)CC1
C1CCC(CC2CC(CC3CCCCC3)C3CCCCC23)CC1
C1CCC(C2CCC(C3CCC(C4CCCCC4)CC3)CC2)CC1
C1CCC(C2CC(C3CCC4CCCCC43)CC3CCC(C4CCCC4)CC32)CC1
C1CCC(C2CCCC(C3CCC(C4CCCCC4C4CCCC4)CC3)C2)CC1
C1CCC(C2CCCC(C3CCC(CC4CCCC4)CC3)C2)CC1
C1CCC(C2CCC(CCC3CCCC3)C(C3CCCCC3)C2)CC1
C1CCC(CC2CCCC(CC3CCCCC3)C2)CC1
C1CCC(C2CCC(C3CCC(C4CCC5CCCC5C4)CC3)CC2)CC1
C1CCC(CC2CCCC(C3CCCC(C4CCCCC4)C3)C2)CC1
C1CCC(CC2CCCC(C3CCC(CC4CC5CCCCC5C4)CC3CC3CCCCC3)C2)CC1
C1CCC(CC2CCCCC2C2CCCCC2)CC1
C1CCC(CCCC2CCC(CCCC3CCCCC3)CC2)CC1
C1CCC(CC2CC(C3CCCCC3)CC(C3CCC4CCCC4C3)C2)CC1
C1CCC(C2CCCCC2C2CCCCC2)CC1
C1CCC(CC2CC3CCC(C4CCCCC4CC4CCCCC4)CC3C(C3CCCCC3)C2)CC1
C1CCC(CCC2CCC(C3CCCCC3C3CCCCC3)CC2)CC1
C1CCC(C2CCCC(C3CCC(C4CCCC4)CC3)C2)CC1
C1CCC(C2CCC(C3CCCCC3C3CCCCC3)CC2)CC1
C1CCC(CC2CC(C3CCCCC3)C3CCCCC23)CC1
C1CCC(CCCC2CCCCC2CCCCC2CCCC(C3CCC3)C2)CC1
C1CCC(CC2CCCC(C3CCCC3CC3CCCCC3)C2)CC1
C1CCC(CC2CCC(CC3CC3)CC2C2CCC(C3CCC(C4CCCCC4)CC3)CC2)CC1
C1CCC(C2CC(CC3CC3)CC(C3CCCCC3C3CCC3)C2)CC1
C1CCC(CC2CCC(CC3CCC4CCCC4C3)CC2)CC1
C1CCC(C2CCC(CC3CCC(C4CCCC(C5CCCCC5)C4)CC3)CC2)CC1
C1CCC(C2CCCC(C3CC4CCCCC4C3)C2)CC1
C1CCC(CC2CCC(C3CCCC(CC4CC4)C3)CC2)CC1
C1CCC(CC2CCC(C3CCCC(CC4CC4)C3)CC2)CC1
C1CCC(CCCCC2CCC(CC3CCCCC3)CC2)CC1
C1CCC(C2CCC(CC3CCC3)C(C3CCCC(CC4CC4)C3)C2)CC1
C1CCC(CC2CCC(CC3CCCCC3)CC2)CC1
C1CCC(CCCC2CCCCC2CC2CCCC2)CC1
C1CCC(CC2CCCC(C3CCCCC3)C2)CC1
C1CCC(CC2CCCC(CC3CCCCC3C3CCCCC3)C2)CC1
C1CCC(CC2CCC(C3CCC(CC4CC5CCCCC5C4)CC3)CC2)CC1
C1CCC(C2CCC(C3CCCCC3C3CCCCC3)CC2)CC1
C1CCC(CCC2CCC(CCC3CCCC(CC4CC4)C3)CC2)CC1
C1CCC(C2CC(C3CCC(CC4CC5CCCCC5C4)CC3C3CCCC3)C3CCCCC23)CC1
C1CCC(C2CCCC(CC3CCC(C4CCC5CCCCC5C4)CC3)C2)CC1
C1CCC(CCC2CC(CC3CCCCC3)CCC2CC2CC3CCCCC3C2)CC1
C1CCC(CC2CC(C3CCC(CC4CCCC(C5CCCCC5)C4)CC3)C3CCCCC23)CC1
C1CCC(CCCCC2CCC(CC3CCCCC3)CC2)CC1
C1CCC(C2CCCC(C3CCCC(C(C4CC4)C4CC4)C3)C2)CC1
C1CCC(C2CCCC(CCC3CCC(C4CCCCC4)C3)C2)CC1
C1CCC(CC2CCCCC2C2CCCC(C3CCCCC3)C2)CC1
C1CCC(CCC2CCC(CC3CCCCC3)CC2)CC1
C1CCC(CC2CCC(CC3CCCCC3)CC2)CC1
C1CCC(CCC2CCC(C3CCCCC3)CC2)CC1
C1CCC(CC2CCCC(C3CCCC4CC(C5CCCCC5)CCC43)C2)CC1
C1CCC(CCCCCC2CCC(CC3CCCCC3)CC2)CC1
C1CCC(C2CCC(C3CC4CCCCC4C3)CC2)CC1
C1CCC(CCC2CCCC(C3CCC(CC4CCCCC4)CC3)C2)CC1
C1CCC(CCCC2CCC(CC3CCCCC3)CC2CC2CCCCC2)CC1
C1CCC(CCC2CCCC(CC3CC4CCCCC4C3)C2)CC1
C1CCC(CC2CCC(CC3CCCCC3)CC2)CC1
C1CCC(CC2CCCC(C3CCC(CCC4CCC5CCCC5C4)CC3)C2)CC1
C1CCC(CC2CC(C3CCC3)C3CC(CC4CCC(CC5CCCC5)CC4)CCC23)CC1
C1CCC(C2CCC(C3CCCC(CC4CCCCC4C4CCCCC4)C3)CC2)CC1
C1CCC(CC2CCC(CCCC3CCC(CC4CC5CCCCC5C4)CC3)CC2)CC1
C1CCC(CCCC2CC(CC3CCCCC3)CC3CCC(C4CCCCC4)CC23)CC1
C1CCC(CC2CCCC(C3CCCCC3)C2)CC1
C1CCC(CC2CCC3CC(C4CCC5CCCCC54)CC(CC4CC5CCCCC5C4)C3C2)CC1
C1CCC(C2CCCC(CC3CCC(CC4CCC5CCCC5C4)CC3)C2)CC1
C1CCC(C2CCC(C3CCC4CCCCC43)CC2)CC1
C1CCC(CCCC2CCC(CCC3CCC(C4CCCC4)CC3)CC2)CC1
C1CCC(CC2CCCC(CCC3CCC(C4CCCCC4)CC3)C2)CC1
C1CCC(CC2CC(C3CCCCC3)C3CCCCC23)CC1
C1CCC(CCCCC2CC(C3CCCCC3)CCC2C2CCCCC2)CC1
C1CCC(CCC2CCC(CCCCC3CCCC(C4CCCCC4)C3)CC2)CC1
C1CCC(CC2CCC(CC3CCC4C(CCC4C4CCCCC4)C3)CC2)CC1
C1CCC(CCCCC2CCCC(C3CCCCC3)C2)CC1
C1CCC(C2CCCC(C3CCCCC3)C2)CC1
C1CCC(CC2CC(C3CCC3)CCC2CC2CCC(C3CCCCC3)CC2)CC1
C1CCC(C2CC(C3CCCCC3)CC(C3CCCCC3)C2)CC1
C1CCC(CC2CCC(CC3CCC(C4CCCC(C5CCCCC5)C4)CC3)CC2)CC1
C1CCC(CC2CCC(C3CCCC(C4CC4)C3)CC2)CC1
C1CCC(CC2CCC(CCC(CC3CCCCC3)C3CCC4CCCCC4C3)CC2)CC1
C1CCC(C2CCC(C3CCC(CC4CCC(CC5CC6CCCCC6C5)CC4)CC3)C2)C1
C1CCC(CCC2CCC(C3CCCCC3CC3CCCCC3)CC2)CC1
C1CCC(CC2CCCC(CC3CCC(C4CCCC4)CC3)C2)CC1
C1CCC(C2CCC(CC3CCC(C4CCC(C5CCCCC5)CC4)CC3)CC2)CC1
C1CCC(CCC2CCC(C3CCCC(CCC4CCCCC4)C3)CC2)CC1
C1CCC(CC2CCC3C(CCC3C3CCCC3)C2)CC1
C1CCC(CCC2CCC(CC3CCCCC3)C(CC3CCCC3)C2)CC1
C1CCC(CC2CCC(CC3CCC(CCC4CCCC(C5CCC(C6CCCC6)CC5)C4)CC3)CC2)CC1
C1CCC(CCC2CCCC(C3CCCCC3)C2)CC1
C1CCC(CC2CCCC(CCC3CCC(C4CCCCC4)CC3)C2)CC1
C1CCC(C2CCCC(C3CCCCC3C3CCCCC3)C2)CC1
C1CCC2C(C1)CCC2CC1CC(C2CCCCC2C2CCC3CCCCC32)C2CCCCC12
C1CCC(CC2CCC(C(C3CCCCC3)C3CCCCC3)CC2)CC1
C1CCC(CC2CCC(C3CCCCC3)CC2)CC1
C1CCC(C2CCC(C3CCCC(C4CCCCC4)C3)CC2)CC1
C1CCC(C2CCCCC2C2CCC3CCCC3C2)CC1
C1CCC(C2CCC(C3CCCCC3C3CCC4CCCCC4C3)CC2C2CCCCC2)CC1
C1CCC(CC2CCCC(CC3CCCC(C4CCCCC4)C3)C2)CC1
C1CCC(CC2CC(C3CCCCC3)CC(C3CCCCC3C3CCCCC3)C2)CC1
C1CCC(CCC2CCC(CCC3CCCC(CC4CCCCC4)C3)CC2)CC1
C1CCC(C2CCC3CC(C4CCC(C5CCC6CCCCC65)CC4)CCC3C2)CC1
C1CCC(CCC2CCC(CCCCC3CCCCC3CC3CCCCC3)CC2)CC1
C1CCC(C2CC(C3CCCCC3)CC(C3CCCCC3)C2)CC1
C1CCC(CCC2CCC(CCC3CCC(CC4CCCCC4)CC3)CC2)CC1
C1CCC(CCC2CCCC(C3CCCC(CCC4CCCC4)C3)C2)CC1
C1CCC(C2CCCC(C3CCCCC3)C2)CC1
C1CCC(CC2CCCCC2C2CCCCC2)CC1
C1CCC(C2CCCCC2CCCC2CC3CCCCC3C2)CC1
C1CCC(C2CCCCC2C2CCCCC2CCCCC2CCC3CCCCC23)CC1
C1CCC(CC2CCC(C3CCCC(C4CCCCC4)C3)CC2)CC1
C1CC2CCC(CCC3CCC(CCC4CCCC5CCCCC54)CC3)CC2C1
C1CCC(CC2CCCCC2C2CCCC(C3CCCC3CC3CCCCC3)C2)CC1
C1CCC(C2CCC(C3CCCCC3)CC2)CC1
C1CCC(CCC2CCC(C3CCCC(C4CCCCC4)C3)CC2)CC1
C1CCC(CC2CCC(CC3CCC(C4CCC(C5CCCCC5)CC4)CC3)CC2)CC1
C1CCC(CC2CCC(CC3CCCCC3CC3CCCCC3)CC2)CC1
C1CCC(CC2CCCC(CC3CCC(C4CCC(CC5CCCC(C6CCCCC6)C5)CC4)CC3)C2)CC1
C1CC(CC2CC3CCCCC3C2)CC(C2CCC(C3CCC4CCCC4C3)CC2)C1
C1CCC(CC2CC(CC3CC3)CC(C3CCCCC3)C2)CC1
C1CCC(CC2CCC(CCC3CCC(CCCCC4CCCC(C5CCC5)C4)CC3)CC2)CC1
C1CCC(C2CCCC(CC3CCCCC3C3CCCCC3)C2)CC1
C1CCC(CC2CCCC(C3CCCCC3)C2)CC1
C1CCC(C2CCC(C3CCC4CCCCC4C3)CC2)CC1
C1CCC(CCC2CCC(CC3CCCC(C4CCCCC4)C3)CC2)CC1
C1CCC(CC2CCC(C3CCCCC3)CC2)CC1
C1CCC(C2CCCC(C3CCCCC3)C2)CC1
C1CCC(CC2CCCCC2C2CCCC(CCC3CCC(C4CCC(C5CCCCC5)CC4)CC3)C2)CC1
C1CCC(CCC2CCCC(CCC3CCCCC3)C2)CC1
C1CCC(C2CCC(C3CCCC3)C(C3CCC(C4CCC(CC5CCCC(C6CCCC6)C5)CC4)CC3)C2)CC1
C1CCC(CCC2CCCCC2C2CCCCC2C2CCCC2)CC1
C1CCC(C2CCC(C3CCC4CCCCC43)C(C3CCCCC3)C2)CC1
C1CCC(CC2CC3CCC(C4CCCCC4)CC3C(C3CCCCC3)C2)CC1
C1CCC(C2CCC(C3CCCCC3)C(C3CCCCC3)C2)CC1
C1CCC(CCC2CCC(CC3CCCCC3)CC2)CC1
C1CCC(CCC2CCC(CC3CC(C4CCCCC4)CC(C4CCC4)C3)CC2)CC1
C1CCC(CCCC2CCCC(CC3CCCCC3)C2)CC1
C1CCC(CC2CCC(C3CCCCC3)CC2)CC1
C1CCC(CC2CCCCC2CC2CC3CCCCC3C2)CC1
C1CCC(C2CCCCC2)CC1
C(CCCC1CCCCC1)CCCC1CCCC(CC2CCCC2)C1
C1CCC(CCCC2CCCCC2CCC2CCCCC2)CC1
C1CCC(CC2CCC(C(C3CCCCC3)C3CCCCC3)CC2)CC1
C1CCC(CCC2CCC(CC3CCCCC3)CC2)CC1
C1CCC(CC2CCCCC2C2CCCCC2)CC1
C(CCCC1CCC(C2CCC(C3CCCC3)CC2)CC1)CCC1CCCCC1
C1CCC(CCCCC2CCC(C3CCCCC3CC3CCCCC3)CC2)CC1
C1CCC(C2CCCC(CC3CC(C4CCCCC4)C4CCCCC34)C2)CC1
C1CCC(CC2CCCC(C3CC(C4CCCCC4)CC(C4CCC4)C3)C2)CC1
C1CCC(CC2CCCC(C3CC(C4CCCCC4)CC(C4CCCC4)C3)C2)CC1
C1CCC(C2CCCC(CC3CCCC(C4CC4)C3)C2)CC1
C1CCC(C2CCCC(C3CCCC3)C2)CC1
C1CCC(CC2CC(C3CCC(CC4CC5CCCCC5C4)CC3)C3CCCCC23)CC1
C1CCC(C2CCC(CCCCCC3CCCCC3C3CCCCC3)CC2)CC1
C1CCC(CCC2CCCC(C3CCCCC3)C2)CC1
C1CCC(C2CCC(C3CC4CCCCC4C3)CC2)CC1
C1CCC(C2CCCCC2CCC2CCCC(C3CCC(C4CC4)CC3)C2)CC1
C1CCC(CC2CCC3CC(C4CCC5CCCCC54)CC(C4CCCCC4)C3C2)CC1
C1CCC(C2CCCCC2C2CCCC(C3CCCC(CC4CCCC4)C3)C2)CC1
C1CCC(C2CCCC(C3CCCC3)C2C2CCC(C3CC3)CC2)CC1
C1CCC(CC2CCC(C3CC(C4CCCCC4)CC(C4CCC(CC5CCCCC5)CC4)C3)CC2)CC1
C1CCC(CC2CCCCC2CCCCC2CCC(C3CCCC(CCC4CCC4)C3)CC2)CC1
C1CCC(CCC2CCCC(C3CCCCC3)C2)CC1
C1CCC(C2CCC(C3CCCC3)CC2C2CCCC2)CC1
C1CCC(C2CCCCC2)CC1
C1CCC(C2CCC3CCCC(C4CCCCC4)C3C2)CC1
C1CCC(CC2CCC(CC3CC4CCCCC4C(C4CCCCC4)C3)CC2)CC1
C1CCC2CC(C3CC(C4CCC5CCCCC54)CC4CCCCC43)CC2C1
C1CCC(C2CCCC3CCCCC32)CC1
C1CCC(CC2CCCC(CC3CCC(C4CCCC4)CC3)C2)CC1
C1CCC(CCC2CCC(C3CCC(C4CC4)CC3)CC2)CC1
C1CCC(CC2CCC(CC3CC(C4CCCCC4)CCC3C3CCCCC3)CC2)CC1
C1CCC(CC2CCC(C3CCCCC3)CC2)CC1
C1CCC(CCCCC2CCCC(C3CCC(C4CCCC(CC5CC6CCCCC6C5)C4)CC3)C2)CC1
C1CCC(C2CCCC(C3CCCCC3C3CCC(CC4CC5CCCCC5C4)CC3)C2)CC1
C1CCC(CCCC2CCCCC2C2CCC(CC3CCCCC3)CC2)CC1
C1CCC(CCCC2CCCCC2C2CCC3CCCCC3C2)CC1
C1CCC(CCCCC2CCCC(CC3CCCC(C4CCCCC4)C3)C2)CC1
C1CCC(CC2CCCCC2)CC1
C1CCC(CCCC2CCC(CC3CCC(C4CCCCC4)CC3)CC2)CC1
C1CCC(C2CCC(C3CCCCC3C3CCC(C4CCCC4)CC3)CC2)CC1
C1CCC(CCC(CC2CCCCC2)C2CCCC(CC3CCCCC3)C2)CC1
C1CCC(CCC2CCCC2C2CCCC(CC3CCCCC3)C2)CC1
C1CCC(CC2CCC3C(CC4CCCCC4)CCC3C2)CC1
C1CCC(CCC2CCCC(C3CCCCC3)C2)CC1
C1CCC(CCC2CCCC(CCC3CCC(CC4CC5CCCCC5C4)CC3)C2)CC1
C1CCC(CCC2CCCCC2C2CC(CC3CCCCC3)C3CCCCC32)CC1
C1CCC(CC2CCCC(CC3CCCCC3CC3CCCCC3)C2)CC1
C1CCC(C2CCCC(C3CCC(C4CCC5CCCCC5C4)CC3)C2)CC1
C1CCC(C2CCCC(C3CCC(C4CCC(C5CC6CCCCC6C5)CC4)CC3)C2)CC1
C1CCC(C2CC(C3CCC4CCCCC43)CC3CCC(C4CCCC4)CC32)CC1
C1CCC(CCCC2CCCC(C3CCCC4CC(CC5CC6CCCCC6C5)CCC43)C2)CC1
C1CCC(C2CCCCC2CC2CCCCC2C2CCCCC2C2CCC3CCCC3C2)CC1
C1CCC(CC2CCC(C3CCCCC3C3CCCC3)CC2)CC1
C1CCC(CC2CCC(CCCCC3CCCC(C4CCCCC4)C3)CC2)CC1
C1CC(CCC2CCC(CCC3CCC(C4CCCC(C5CCC5)C4)CC3)CC2)CC(CC2CC2)C1
C1CCC(C2CCC(C3CCCC(CC4CCC(CC5CC6CCCCC6C5)C4)C3)CC2)CC1
C1CCC(C2CCCC(C3CCC(C4CCCC4)CC3)C2)CC1
C1CCC(CCC2CC(C3CCC(CC4CCCCC4)CC3)C3CCCCC23)CC1
C1CCC(CC2CCC(CCCC3CCCC3)CC2)CC1
C1CCC(CC2CCC(CC3CCC(CC4CC5CCCCC5C4)CC3)CC2)CC1
C1CCC(CC2CCCCC2C2CCC(C3CCCCC3C3CCCCC3)CC2)CC1
C1CCC(C2CCC(CC3CCCCC3C3CCCCC3)CC2)CC1
C1CCC(CC2CCC(CC3CCCC3)CC2)CC1
C1CCC(CC2CCC(CCC3CCCC(C4CCCCC4)C3)CC2)CC1
C1CCC(C2CCC(CC3CCC(CCC4CCCC4)CC3)CC2)CC1
C1CCC(CC2CCCCC2C2CCCCC2)CC1
C1CCC(C2CCCCC2CCCC2CCCCC2C2CCCC2)CC1
C1CCC(CCC2CCC(CC3CCCCC3)CC2)CC1
C1CCC(C2CCC(C3CCCCC3)C(C3CCCCC3CCCC3CC4CCCCC4C3)C2)CC1
C1CCC(CC2CC(C3CCCC(CCC4CCC4)C3)C3CCCCC23)CC1
C1CCC(CCC2CCCCC2)CC1
C1CCC(C2CC3CCC(C4CCCCC4)CC3C(C3CCCCC3)C2)CC1
C1CCC(C2CCCCC2C2CCC(C3CCCC(C4CCCC4)C3)C2)CC1
C1CC(CC2CCCC(C3CCCC4CC(C5CCCCC5CC5CCCC5)CCC43)C2)C1
C1CCC(CC2CCCC(CCC3CC4CCCCC4C3)C2)CC1
C1CCC(CC2CCCCC2C2CCC3CCCCC3C2)CC1
C1CCC(C2CCC(C3CCCCC3)CC2)CC1
C1CCC(CCC2CC(C3CCCCC3)CC(C3CCCC(CC4CCCCC4)C3)C2)CC1
C1CCC(CC2CCC3CC(C4CCCCC4)CC(C4CCCCC4)C3C2)CC1
C1CCC(C2CCCCC2C2CCC(C3CCCC(C4CCCC4)C3)C3CCCC32)CC1
C1CCC(CCCC2CCC(C3CCCCC3)CC2)CC1
C1CCC(C2CCC(CCC3CCC4CCCCC43)CC2)CC1
C1CCC(CCC2CC3CCCCC3C(CC3CCCCC3)C2)CC1
C1CCC(C2CCCC(C3CCC4CCCCC43)C2)CC1
C1CCC(C2CCCC(CC3CC(C4CCC5CCCCC54)CC4CCCCC43)C2)CC1
C1CCC(CCCC2CCCC(CCC3CCC4CCCC4C3)C2)CC1
C1CCC(CCCC2CCC(C3CCCC(CC4CC5CCCCC5C4)C3)CC2)CC1
C1CCC(CC2CCCCC2C2CCCC(CCC3CCC4CCCCC43)C2)CC1
C1CCC(C2CCCC(CC3CCCC(C4CCCCC4C4CCCCC4)C3)C2)CC1
C1CCC(C2CCC(C3CCCC(C4CCCCC4)C3)CC2)CC1
C1CCC(C2CCCCC2CCC2CCCCC2C2CCCC2)CC1
C1CCC(CCC2CCC(CCC3CCCC(CCC4CCC(C5CCCCC5)CC4)C3)CC2)CC1
C1CCC(C2CCCC(CC3CC(CC4CCCC4)C4CCCCC34)C2)CC1
C1CCC(CCC2CCCCC2C2CCCC3CCCCC32)CC1
C1CCC(CCCC2CCCCC2C2CCC3CCCCC32)CC1
C1CCC(CC2CCCC(C3CCC(C4CCCCC4)CC3)C2)CC1
C1CCC(CC2CCCC(CC(CC3CCCCC3)C3CCCCC3)C2)CC1
C1CCC(CCC2CC(CC3CCCCC3)C3CCC(C4CCCCC4)CC23)CC1
C1CCC(CC2CCCCC2CCC2CCC(C3CCCCC3)CC2)CC1
C1CCC(C2CCCC(CCCC3CCCC(C4CCCC4)C3)C2)CC1
C1CCC(C2CCC(C3CCC4CC(C5CC5)CC(C5CCCCC5)C4C3)CC2)CC1
C1CCC(C2CCCC(C3CCC(C4CC(C5CCCC5)C5CCCCC45)CC3)C2)CC1
C1CCC(CC2CCCCC2C2CCCC(C3CCCC(C4CCCC4)C3)C2)C1
C1CCC(C2CCC(C3CCC4CCCC4C3)C(C3CCCCC3)C2)CC1
C1CCC(CC2CCCCC2CC(C2CCC(C3CCCC3)CC2)C2CCC3CCCCC3C2)C1
C1CCC(CCC2CCCC(CC3CCCCC3)C2)CC1
C1CCC(C2CCC(C3CCCCC3)C(C3CCCC3)C2)CC1
C1CCC(CCCCC2CCC(CC3CCC(CCC4CCCCC4)CC3)CC2)CC1
C1CCC(CC2CCCCC2)CC1
C1CCC(CC2CCC(CC3CC4CCCCC4C3)CC2)CC1
C1CCC(CC2CCC(C3CCC(C4CCCCC4)CC3C3CCCCC3)C2)CC1
C1CCC(CC2CCC(C3CCC(CC4CCC(C5CCCCC5)CC4)CC3)CC2)CC1
C1CCC(C2CCC(C3CCCC(CCC4CCC(C5CCC5)CC4)C3)CC2)CC1
C1CCC(C2CCC(CC3CCC(C4CCCCC4C4CCCC4)CC3)CC2)CC1
C1CCC(CC2CCCCC2CCC2CCCC(C3CCCCC3)C2)CC1
C1CCC(CCCC2CCCC(CCC3CCC(CC4CCCCC4)CC3)C2)CC1
C1CCC(CCCC2CCCC(CC3CCCCC3)C2)CC1
C1CCC(C2CCCCC2CCC2CCC(CC3CCC4CCCCC4C3)CC2)CC1
C1CCC(CC2CCC(C3CCCCC3)CC2)CC1
C1CCC(CC2CCCC(C3CCCCC3)C2)CC1
C1CCC(C2CCCCC2CCC2CCCCC2C2CCCCC2C2CCCC2)CC1
C1CCC(CCC2CCC(C3CCCCC3)C(C3CCCCC3)C2)CC1
C1CCC(CCCCC2CCC(CC3CCCCC3)CC2)CC1
C1CCC(C2CCC(C3CCCC(C4CCCC(C5CCCC5)C4)C3)CC2)CC1
C1CCC(CC2CCCC(C3CCCCC3)C2)CC1
C1CCC(C2CCC(CC3CCCC(C4CCCCC4)C3)CC2)CC1
C1CCC(CC2CCCC(C3CCCCC3)C2)CC1
C1CCC(CC2CCC(CC3CCCCC3)CC2)CC1
C1CCC(CC2CCC(CCCCC3CC4CCCCC4C3)CC2)CC1
C1CCC(CCC2CCC(CC3CCC(C4CCCCC4)CC3)C2)CC1
C1CCC(CC2CCCC(C(CC3CC3)C3CC(CC4CCCCC4)CCC3C3CCCCC3)C2)CC1
C1CCC(C2CCC(C3CCCCC3)CC2)CC1
C1CCC(CC2CCC(CCC3CCC(C4CCCCC4)CC3)CC2)CC1
C1CCC(C2CCC(CCC3CCCC(C4CCCCC4)C3)CC2)CC1
C1CCC(CC2CCCC(CC3CCC(C4CCCCC4)CC3)C2)CC1
C1CCC(C2CCC(CCC3CCCCC3C3CCCCC3)CC2)CC1
C1CCC(CC2CCCCC2CC2CCCC(CCC3CCCC(C4CCCCC4)C3)C2)CC1
C1CCC(C2CCCCC2C2CCC3CCCC(C4CCCCC4)C3C2)CC1
C1CCC(CC2CCC(C3CCCC(C4CCC(C5CCCCC5)CC4)C3)CC2)CC1
C1CCC(CC2CCCC(CCC3CC(C4CCCCC4)C4CCCCC34)C2)CC1
C1CCC(CCC2CCC(CC3CCC(CC4CCC(C5CCCCC5)CC4)CC3)CC2)CC1
C1CCC(CCC2CCC(CCC3CCCC(CC4CCC(C5CCC5)CC4)C3)CC2)CC1
C1CCC(CCCC2CCC(CC3CCCCC3)CC2)CC1
C1CCC(CC2CCCC(CCC3CCCCC3C3CCCCC3)C2)CC1
C1CCC(CC2CCC3CC(CC4CCC(C5CCCCC5)CC4)CCC23)CC1
C1CCC(CC2CCC(CC3CCC4C(CCC4CC4CCCC(C5CCCC5)C4)C3)CC2)CC1
C1CCC2CC(C3CCCCC3C3CCCCC3CCCC3CC4CCCCC4C3)CCC2C1
C1CCC(CC2CCC(C3CCC4CC(C5CCCC(C6CCCCC6)C5)CCC4C3)CC2)CC1
C1CCC(C2CCC(C3CCCCC3)C(C3CCCC3)C2)CC1
C1CCC(CC2CCC(C3CC3)CC2CCC2CCCC(C3CCCCC3)C2)CC1
C1CCC(CCCC2CCC3CC(C4CCC5CCCCC54)CC(C4CCCCC4)C3C2)CC1
C1CCC(CCC2CCCC(C3CCC4CCCCC43)C2)CC1
C1CCC(C2CCC(CCCC3CCC(C45CC(C4)C5)CC3)CC2)CC1
C1CCC(CCC2CCC(CC3CCCCC3)CC2)CC1
C1CCC(CCCC2CCC(CC3CCCCC3)CC2)CC1
C1CCC(CC(C2CCC(C3CCCC3)CC2)C2CCCC(C3CCC(C4CCCCC4)CC3)C2)CC1
C1CCC(C2CCCC(CC3CC(C4CCCCC4)C4CCC5CCCCC5C4C3)C2)CC1
C1CCC(C2CCC(CCC3CCC(C4CCCC4)CC3)CC2)CC1
C(CCCCC1CCCCC1C1CCCCC1)CCCC1CCCCC1
C1CCC(CCCC2CCC(C3CCCCC3)CC2)CC1
C1CCC(CC2CCC(CC3CCC(CC4CC5CCCCC5C4)CC3)CC2)CC1
C1CCC(CC2CCC(CC3CCC(C4CC4)CC3)CC2)CC1
C1CCC(CC2CCC3C(CC4CCC5CCCC5C4)CC(C4CC5CCCCC5C4)C3C2)CC1
C1CCC(CC2CCCCC2CCC2CCC(C3CCCC3)CC2)CC1
C1CCC(CC2CCCCC2C2CCCCC2CC2CC2)CC1
C1CCC(CC2CCC(C3CCCCC3)CC2)CC1
C(CC1CC1)CC1CCCC(C2CCC(C3CCCC3)CC2)C1
C1CCC(CC2CCC(C3CCCC(CC4CCCC(C5CC5)C4)C3)CC2)CC1
C1CCC(CCC2CCCC(C3CCCC(C4CCCCC4)C3)C2)CC1
C1CCC(C2CCCC(CCC3CCCC3)C2)CC1
C1CCC(CC2CCC(C3CCCC(CC4CCCCC4)C3)CC2)CC1
C1CCC(CCC2CC(C3CCCCC3)C3CCCCC23)CC1
C1CCC(CC2CCC(CC3CC(CC4CCCC4)C4CCCCC34)CC2)CC1
C(CCCCC1CCCCC1)CCCC1CCCCC1
C1CCC(CCC2CCC3CC(C4CCCCC4)CCC23)CC1
C1CCC(CC2CCC(C3CCCCC3)CC2)CC1
C1CCC(C2CCC(C3C(C4CCCCC4)CCC3C3CCCCC3C3CCCCC3)CC2)CC1
C1CCC(CCC2CCCCC2CC2CCCCC2C2CCC3CCCCC3C2)CC1
C1CCC(CC2CCC(CC3CCC(C4CCCCC4)CC3)CC2)CC1
C1CCC(CC2CCCCC2C2CCCC(C3CCCC(CC4CCCC4)C3)C2)CC1
C1CCC(C2CCC(CC3CCC(C4CCCC(C5CCCCC5)C4)C3)C2)CC1
C1CCC(CCCC2CCC(CC3CCCCC3)CC2)CC1
C1CCC(C2CCC(C3CCCC(C4CCCC(CC5CC5)C4)C3)CC2)CC1
C1CCC(CC2CCC(CCCC3CCCC(C4CCCCC4)C3)CC2)CC1
C1CCC(CC2CCC(CCC3CCC(C4CCCC4)CC3)CC2)CC1
C1CCC(CC2CCCC(CCCC3CCC(CCCCC4CCCC4)CC3)C2)CC1
C1CCC(CCC2CCC(C3CCCCC3)CC2)CC1
C1CCC(CC2CCC(C3CCCCC3C3CCCCC3)CC2)CC1
C1CCC(CC2CCCCC2C2CCCCC2CCC2CCCC(C3CCCCC3)C2)CC1
C1CCC(C2CCCCC2C2CCC3CCCCC32)CC1
C(CCC1CC(CCC2CCCCC2CC2CCCC2)C2CCCCC12)CC1CCC2CCCCC2C1
C1CCC(CC2CCCCC2C2CCCCC2)CC1
C1CCC(CC2CCC(CC3CCCC(CC4CCCCC4)C3)CC2)CC1
C1CCC(CCCC2CCCC(CC3CCC4CCCC4C3)C2)CC1
C1CCC(CCC2CCC(CC3CCC(CCCC4CC5CCCCC5C4)CC3)CC2)CC1
C1CCC(CC2CCCC(C3CCCCC3)C2)CC1
C1CCC(CC2CC(C3CCCCC3)CCC2C2CCC3CCCCC3C2)CC1
C1CCC(CCC2CCC(CCCC3CCC(C4CCCCC4)CC3)CC2)CC1
C1CCC(C2CCC(C3CCCCC3C3CCCCC3)CC2)CC1
C1CCC(CC2CCCC(CC3CCCC(C4CCC5CCCC5C4)C3)C2)CC1
C1CCC(CC2CCC(C3CC3)CC2)CC1
C1CCC(CC2CCCC(C3CCCCC3)C2)CC1
C1CCC(CC2CCCCC2CC2CCCC(C3CC4CCCCC4C3)C2)CC1
C1CCC(CCC(CC2CCCCC2)CC2CCCC3CCCCC32)CC1
C1CCC(C2CCCC(C3CCCC3)C2)CC1
C1CCC2C(C1)CCC2C1CC2CCCC(C3CCCCC3C3CCCC3)C2C1
C1CCC(CC2CCC(C3CCCCC3)CC2)CC1
C1CCC(CC2CCC(CC3CCC(C4CCCC(CC5CCCCC5)C4)CC3)CC2)CC1
C1CCC(CC2CCCCC2C2CCCC(CCCCCC3CCC(C4CCCC4)CC3)C2)CC1
C1CCC(CCC2CCCC(C3CCC(C4CCCCC4)CC3)C2)CC1
C1CCC(CCC2CCC(C3CCCC3)CC2)CC1
C1CCC(CC2CCC(C3CCC4CCCCC43)C(C3CCCCC3C3CCCCC3)C2)CC1
C1CCC(C2CC3CCC(C4CCCCC4)CC3C(C3CCCCC3)C2)CC1
C1CCC(CCC2CCCC(C3CCCCC3)C2)CC1
C1CCC(CCCC2CCC(C3CCCCC3C3CCCC3)CC2)CC1
C1CCC(CCC2CCCCC2CCC2CCCC(CC3CCCCC3CC3CCCCC3)C2)CC1
C1CCC(C2CCC(CCC3CCCC(CCC4CCC(C5CCCCC5)C4)C3)CC2)CC1
C1CCC(CCC2CCCC(C3CCCC(CC4CCCCC4)C3)C2)CC1
C1CCC(C2CCCC(CCC3CCCCC3C3CCCC3)C2)CC1
C1CCC(CC2CCCC(C3CCC(C4CCCCC4)CC3C3CCCCC3)C2)CC1
C1CCC(CCCC2CCC(CCC3CCCC3)CC2)CC1
C1CCC(CC2CCC(CC3CCCCC3)C(C3CCCCC3)C2)CC1
C1CCC(CC2CCCC(C3CCCCC3CC3CCCCC3)C2)CC1
C1CCC(C2CCC(CC3CCCC(CC4CC4)C3)CC2C2CCCC2)CC1
C1CCC(C2CCC(C3CCCCC3)C(C3CCC4CCCC4C3)C2)CC1
C1CCC(CC2CCCC(CCC(C3CCCCC3)C3CCCCC3)C2)CC1
C1CCC(CCCC2CCCC(C3CCC(CCC4CCCCC4)CC3)C2)CC1
C1CCC(C2CCC(C3CCC(CC4CCC5CCCC5C4)CC3)C(C3CCCCC3)C2)CC1
C1CCC(CCCC2CCCC(CC3CCCCC3C3CCCCC3)C2)CC1
C1CCC(CC2CCCC(C3CCCCC3C3CCCC3)C2)CC1
C1CCC(C2CCCC(CCC3CCC(C4CCCC4)C(C4CCCC4)C3)C2)C1
C1CCC(CC2CCCCC2C2CCCCC2)CC1
C1CCC(CC2CCCCC2C2CC3CCCCC3C2)CC1
C1CCC(C2CCCC(CCC3CCCCC3C3CCC4CCCC4C3)C2)CC1
C1CCC(C2CCCC(CCCCCC(C3CCCCC3)C3CCCC3)C2)CC1
C1CCC(CCC2CCC(C3CCCCC3)CC2C2CCCCC2C2CCCCC2)CC1
C1CCC(CC2CCCCC2C2CCCCC2)CC1
C1CCC(C2CCCC(C3CCC4CCCCC4C3)C2C2CCCCC2)CC1
C1CCC(CCC2CCC3C(CCCC3C3CCCCC3)C2)CC1
C1CCC(CC2CCCCC2CC2CC(C3CCCCC3)C3CCCCC23)CC1
C1CCC(CCC2CCC(CC3CCCCC3)CC2)CC1
C1CCC(C2CCCCC2CC2CC3CCCCC3C2)CC1
C1CCC(CC2CCCC(C3CCC(C4CCC(C5CCCC5)CC4)CC3)C2)CC1
C1CCC(CCC2CCCCC2C2CCC(CC3CCCCC3)CC2)CC1
C1CCC(C2CCC3CC(C4CCC5CCCCC54)CCC3C2)CC1
C1CCC(C2CCCC(C3CCCC3C3CCCCC3C3CCCCC3)C2)CC1
C1CCC(C2CCC(C3CCC4CCCCC4C3)CC2)CC1
C1CCC(CC2CCC(CC3CCCCC3CC3CCCCC3)CC2)CC1
C1CCC(CC2CCCC(C3CCCC(CC4CCCCC4)C3)C2)CC1
C1CCC(CCCC(CC2CC3CCCCC3C(C3CCCCC3)C2)C2CCC2)CC1
C1CCC(CCC2CCC(C3CCCCC3)CC2)CC1
C1CCC(CCC2CCC(C3CCCC(CC4CCCCC4)C3)CC2)CC1
C1CCC(C2CCCCC2CC2CCC(C3CCCC3)CC2)CC1
C1CCC2CC(CC3CCC(C4CCCC5CCCCC54)CC3)CC2C1
C1CCC(CC2CC(C3CCC(C4CCCCC4)CC3)C2)CC1
C1CCC(C2CCCCC2CCC2CCC(C3CCCC3)CC2)CC1
C1CCC2CC(C3CCC(C4CCCCC4C4CCC5CCCC5C4)CC3)CCC2C1
C1CCC(CCC2CCC(C3CCCC(C4CCCC4)C3)CC2CC2CCCCC2)CC1
C1CCC(CCC2CCC(CCC3CCCCC3)CC2)CC1
C1CCC(C2CC(CC3CCCC3)CCC2C2CCCCC2C2CC3CCCCC3C2)CC1
C1CCC(CCCC2CCCC(C3CCCCC3)C2)CC1
C1CCC(CCCC2CCC(CC3CCCCC3)CC2)CC1
C1CCC(CC(C2CCCCC2)C2CCCC(C3CCCCC3)C2)CC1
C1CCC(C2CCC(CCC3CCC(C4CCC4)CC3)CC2CCC2CC3CCCCC3C2)CC1
C1CCC(C2CCCC(C3CCCC(C4CCCC4)C3)C2)CC1
C1CCC(CCCC2CCCC(C3CCCCC3)C2)CC1
C1CCC(C2CCCC(CC3CCCC(C4CCCCC4)C3)C2)CC1
C1CCC(CC2CCCCC2CC2CCC(CC3CCC(C4CCCC4)CC3)CC2)CC1
C1CCC(CCCC2CC(CC3CCC(CC4CCCCC4)CC3)C3CCCCC23)CC1
C1CCC(CCCCC2CCC(C3CCCC(CCC4CCCCC4)C3)CC2)CC1
C1CCC(CC2CCCC(C3CCCCC3)C2)CC1
C1CCC(C2CCC(CCC3CCCCC3C3CCC4CCCCC4C3)CC2)CC1
C1CCC(CC2CCC(C3CCCCC3)CC2)CC1
C1CCC(C2CCC3C(CCC3C3CCCCC3C3CCC4CCCCC43)C2)CC1
C(CCCC1CCC(C2CCCC2)CC1)CCC1CCC(CC2CCCCC2)CC1
C1CCC(C2CCC(C3CCCCC3CCC3CC4CCCCC4C3)C2)CC1
C1CCC(CC2CCCC(C3CCC4CCCCC43)C2)CC1
C1CCC(CCCC2CCCC(CC3CCCCC3)C2)CC1
C1CCC(C2CC(C3CCCCC3C3CCC(C4CCC4)C3)CCC2C2CCCC2)CC1
C1CCC(CCC2CCC(CCC3CCCC(CCC4CCCCC4)C3)CC2)CC1
C1CCC(C2CCCCC2C2CCCCC2C2CCCC2)CC1
C1CCC(CCCC2CCCC(C3CCC4CCCC4C3)C2)CC1
C1CCC(C2CC(CC3CC4CCCCC4C3)CC(C3CCCC3)C2)CC1
C1CCC(CC2CC(CC3CCC(C4CCCC4)CC3)C3CCC(C4CCCCC4)CC23)CC1
C1CCC(CC2CCC(CC3CCC(C4CCCCC4C4CCC5CCCC5C4)CC3)CC2)CC1
C1CCC(C2CCC(C3CCCC(CC4CCCC(C5CCCC5)C4)C3)CC2)CC1
C1CCC(CC2CCC(CC3CCC4CCCCC43)CC2)CC1
C1CCC(CC2CCCCC2C2CCC(C3CCCCC3)CC2)CC1
C1CCC(C2CCC(C3CCCC(C4CCC5CCCCC54)C3)CC2)CC1
C1CCC(CCC2CC(C3CCC4CCCCC43)CC3CCCCC32)CC1
C1CCC(CC2CCC(C3CCCCC3)CC2)CC1
C1CCC(CCCCC(CC2CCCCC2)C2CCCCC2C2CCCC(C3CC3)C2)CC1
C1CCC(C2CCCCC2CC2CCCC(C3CCCC3)C2)CC1
C1CCC(CC2CCCC(C3CCCCC3)C2)CC1
C1CCC(CC2CCCC(C3CCCCC3)C2)CC1
C1CCC(C2CCC(CCC3CCC(CCC4CCC(C5CCCCC5)CC4)CC3)CC2)CC1
C1CCC(CC2CCC(C3CCCCC3)CC2)CC1
C1CCC(CC2CCC(C3CC3)CC2C2CCC3CCCC3C2)CC1
C1CCC(C2CC(C3CCCCC3)CC(C3CCCCC3)C2)CC1
C1CCC(CC2CCC3C(C2)C(CC2CCCCC2)CC3C2CCCCC2)CC1
C1CCC(CCC2CCC(C3CCCCC3)C(CCC3CCC3)C2)CC1
C1CCC(CC2CCC(CCCCC3CC4CCCCC4C3)CC2)CC1
C1CCC(C2CCC(CC3CC4CCCCC4C3)CC2)C1
C1CCC(CC2CCC(CC3CCC(CC4CC5CCCCC5C4)CC3)CC2)C1
C1CCC(CC2CCC(C3CCCCC3C3CCCCC3)CC2)CC1
C1CCC(CC2CCC(C3CCC(CCC4CCC5C(CC6CCCCC6)CC(C6CCC6)C5C4)CC3)CC2)CC1
C1CCC(CCCCC2CCCC(CC3CCCCC3)C2)CC1
C1CCC(C2CCC(CC3CCCCC3C3CCCC3)CC2)CC1
C1CCC(CCC2CCCC(CC3CCCCC3)C2)CC1
C1CCC(C2CCC(C3CCCC(C4CCCCC4)C3)CC2)CC1
C1CCC(CCC2CCCCC2)CC1
C1CCC(CC2CCC3CC(C4CCC(C5CCCCC5)CC4)CCC23)CC1
C1CCC(CCC2CCCC(CC3CC4CCCCC4C3)C2)CC1
C1CCC(CC2CCC(CC3CCCC(C4CCCCC4)C3)CC2)CC1
C1CCC(CCCCC2CCCC(CC3CCC(C4CCCC(C5CCCCC5)C4)CC3)C2)CC1
C1CCC(C2CCCCC2CCCC2CCC3CCCCC3C2)CC1
C1CCC(CC2CC(C3CCC4CCCCC4C3)C3CC(C4CCCCC4)CCC23)CC1
C1CCC(CCCC2CCCC(CC3CCC(CC4CCCCC4)CC3)C2)CC1
C1CCC(C2CCCC(C3CCCC(C4CC(CC5CCC5)CC(C5CC5)C4)C3)C2)CC1
C1CCC(CC2CCC(C3CCCC3)C(C3CCCCC3)C2)CC1
C1CCC(CCCC2CCCCC2)CC1
C1CCC(CC2CCC(CC3CCCC(C4CCCC4)C3)CC2)CC1
C1CCC(CCC2CCC(C3CCC(CC4CCCCC4)CC3)CC2)CC1
C1CCC(CC2CCCC(C3CCCC(CC4CCC5CCCCC54)C3)C2)C1
C1CCC(CC2CCC(C3CCC(CC4CCCCC4C4CCCCC4)CC3)C2)CC1
C1CCC(CCCC2CCC(C3CCCCC3)CC2)CC1
C1CCC(CCC2CCCCC2C2CCCC(C3CCCCC3)C2)CC1
C1CCC(CC2CC(CC3CCCCC3C3CCCC3)CCC2C2CC3CCCCC3C2)CC1
C1CCC(CC2CCC(C3CCC3)C(CC3CCCC(C4CCCCC4)C3)C2)CC1
C1CCC(C2CCC(C3CC4CCCCC4C3)CC2)CC1
C1CCC(C2CCCC(C3CCC(C4CC5CCCCC5C4)C3)C2)CC1
C1CCC(CC2CCCC(C3CCC4CCCCC43)C2)CC1
C1CCC(C2CCCCC2C2CCC3CCCCC32)CC1
C1CCC(C2CCCCC2C2CCC(CC3CCC(CC4CCC(C5CCCC5)CC4)CC3)C2)CC1
C1CCC(C2CCC(CCC3CCC4CCCCC4C3)CC2)CC1
C1CCC(CC2CCCC(C3CCCCC3)C2)CC1
C1CCC(C2CCC(C3CCCC3)C(C3CCCCC3)C2)CC1
C1CCC(CCC2CCC(C3CCCC(C4CCCCC4)C3)CC2)CC1
C1CCC(CC2CCC(C3CCC(C4CCCCC4)CC3)CC2)CC1
C1CCC(CC2CCC3CCCC(C4CCCCC4)C3C2)CC1
C1CCC(C2CC(C3CCCCC3)CC(C3CCCCC3)C2)CC1
C1CCC(CC2CC(C3CCCCC3)CC(C3CCCCC3)C2)CC1
C1CCC(CCCC2CCCCC2CCC2CCCCC2)CC1
C1CCC2CC(CC3CCCCC3C3CCC(C4CCC5CCCC5C4)CC3)CC2C1
C1CCC(C2CCC(C3CCC4C(CCCC4C4CCCCC4)C3)CC2)CC1
C1CCC(CC2CCC(C3CCCCC3)CC2)CC1
C1CCC(CC2CCC(CC3CCCC(CC4CCCC4)C3)CC2)CC1
C1CCC(CC2C(CC3CCC(CCC4CCCC4)CC3)CCC2C2CCC3CCCC3C2)CC1
C1CCC(CC2CCCC(C3CCCCC3)C2)CC1
C1CCC(CC2CCC(CCC3CCCC(CC4CCCCC4)C3)CC2)CC1
C1CCC(C2CC(CC3CC4CCCCC4C3)CC(C3CCCCC3)C2)CC1
C1CCC(CCCC2CCCC(CCC3CCCCC3)C2)CC1
C1CCC(CCC2CCC(C3CCC(C4CCCCC4)CC3)CC2)CC1
C1CCC(CC2CCC(CC3CCCCC3)CC2)CC1
C1CCC(CCC2CCCC(CC3CC(C4CCCCC4)C4CCCCC34)C2)CC1
C1CCC(CCCC2CCC(C3CCCCC3)CC2)CC1
C1CCC(CCC2CCC3C(CC4CCC(CCC5CC5)CC4)CC(C4CCCCC4)C3C2)CC1
C1CCC(CC2CCCC(C3CC(C4CCCCC4)CCC3C3CCCCC3)C2)CC1
C1CCC(CCC2CCC(C3CCCC(CC4CCCC4)C3)CC2)CC1
C1CCC(CCC2CCCC(C3CCC(C4CCCCC4)CC3)C2)CC1
C1CCC(C2CCC(C3CC3)CC2CCC2CC3CCCCC3C2)CC1
C1CCC(CCCC2CCCC(CCC3CCCC(C4CC4)C3)C2)CC1
C1CCC(CC2CCC(CC3CCC(C4CC(C5CCCCC5)C4)CC3)CC2)CC1
C1CCC(CC2CCCC(C3CCCCC3)C2)CC1
C(CC1CCC(C2CCCC2)CC1)CC1CCC(C2CCC(C3CCCC3)CC2)C(C2CCCC2)C1
C1CCC(CCCC(CCC2CC3CCCCC3C2)CC2CCC3CCCCC3C2)CC1
C1CCC(CC2CCC3CC(C4CCCCC4C4CCC5CCCCC5C4)CCC23)CC1
C1CCC(CC2CCCC(CC3CCCC(C4CCC(C5CCCCC5)CC4)C3)C2)CC1
C1CCC(CCCC2CCC(CC3CCC(C4CCCCC4)CC3)CC2)CC1
C1CCC(CCC2CCC(CC3CCCCC3)CC2)CC1
C1CCC(CCCC2CCC(CC3CCC(CC4CCCCC4)CC3)CC2)CC1
C1CCC(CC2CCC(C3CCCCC3)CC2)CC1
C1CCC(C2CCC(CCC3CCC4CCC(C5CCCCC5C5CCCCC5)CC34)CC2)CC1
C1CCC(CC2CCCCC2C2CCC(C3CCC4CCCCC43)CC2)CC1
C1CCC(C2CCCCC2C2CCC3CCCC3C2)CC1
C1CCC(CCCC2CCC(CC3CCCCC3)CC2)CC1
C1CCC(CC2CCC(C3CCCCC3C3CCCCC3)CC2)CC1
C1CCC(C2CCCC(C3CCCCC3)C2)CC1
C1CCC(C2CCCC(C3CCCCC3)C2)CC1
C1CCC(CCCC2CCC(CCCC3CCC(C4CCCCC4)CC3)CC2)CC1
C1CCC(CCCCC2CCCC(C3CCCC(C4CCC(CCCC5CCCCC5)CC4)C3)C2)CC1
C1CCC(CC2CCCC(CC3CCC4CC(C5CCCCC5)CCC34)C2)CC1
C1CCC(C2CCCCC2C2CCCCC2)CC1
C1CCC(C2CCC(CC(C3CCC(CCC4CC5CCCCC5C4)CC3)C3CCC4CCCCC43)CC2)CC1
C1CCC(C2CCCCC2C2CCC(CCC3CCCC3)CC2)CC1
C1CCC(CC2CCC(C3CCCCC3)CC2)CC1
C1CCC(C2CCCC(CCC3CCCC(C4CCCC4)C3)C2)CC1
C1CC(CC2CC2)CC(CC2CCCCC2C2CCC3CCCCC3C2)C1
C1CCC(CC2CCCC(C3CCCCC3)C2CC2CCCCC2)CC1
C1CCC(C2CCCC(C3CCCC(CCCC4CC4)C3)C2)CC1
C1CCC(CCCC2CCCC(CCC3CCCCC3C3CCCC3)C2)CC1
C1CCC(CCCCC2CCCCC2)CC1
C1CCC(C2CCCCC2C2CCCCC2)CC1
C1CCC(CCCCC(C2CCCCC2)C2CCCC(C3CCCCC3)C2)CC1
C1CCC(CC2CCC(CC3CCCCC3CC3CCCCC3)CC2)CC1
C1CCC(CCC2CC(CCC3CCCCC3)CC(C3CCCCC3)C2)CC1
C1CCC(CC2CCCC(CCC3CCCCC3C3CCCCC3)C2)CC1
C1CCC(CCCCC2CCCC(C3CC(CC4CCCCC4)C4CCCCC43)C2)CC1
C1CCC(CCC2CCC(C3CCCC(C4CCC4)C3)CC2)CC1
C1CCC(CC2CCC(C3CCCCC3)CC2)CC1
C1CCC(C2CC(CC3CCC(C4CCCCC4C4CCCC4)CC3)C3CCCCC32)CC1
C1CCC(CCCC2CCC(C3CCCCC3)CC2)CC1
C1CCC(C2CCC(C3CCCCC3C3CCCCC3)CC2)CC1
C1CCC(CC2CCC(CCCCCC3(C4CCCCC4)CC3)CC2)CC1
C1CCC(C2CC(C3CCCCC3)CC(C3CCC3)C2)CC1
C1CCC(C2CC(C3CCCCC3)CC(C3CCC3)C2)CC1
C1CCC(C2CC(CCC3CC4CCCCC4C3)CC(C3CCCCC3)C2)CC1
C1CCC(CC2CCC(CC3CCC(C4CCCCC4)CC3)CC2)CC1
C1CCC(CC2CCCCC2C2CCCCC2)CC1
C1CCC(CC2CCC(C3CCCC3C3CCCCC3)CC2)CC1
C1CCC(C2CCCCC2CCC2CC3CCCCC3C2)CC1
C1CCC(CC2CCC(CCC3CCC(C4CCCCC4)CC3)C(CC3CC3)C2)CC1
C1CCC(CCCC2CCC(C3CCCCC3)CC2)CC1
C1CCC(C2CCC(C3CCCC(CCC4CCCC(C5CCCCC5)C4)C3)CC2)CC1
C1CCC(C2CCC(CC3CCC3)C(C3CCCCC3)C2)CC1
C1CCC(CC2CCCC(C3CCC4CC(CC5CCCCC5)CC(C5CCCC5)C4C3)C2)CC1
C(CCC1CCC(C2CCCCC2)CC1)CCC1CCC2CCCC2C1
C1CCC(CC2CCCCC2CC2CCCCC2)CC1
C1CCC(CCC2CCCCC2C2CCC3C(CC4CCCCC4)CCCC3C2)CC1
C1CCC(CCC2CCCC(C3CCC(CCC4CCCC4)CC3)C2)CC1
C1CCC(CCCCCC2CCCCC2)CC1
C1CCC(CC2CCC(CC3CCCCC3)C(CC3CCCCC3)C2)CC1
C1CCC(CC2CCCC(C3CCCC(C4CCCC4)C3)C2)CC1
C1CCC(CCCC2CCCCC2C2CCC(CC3CCC3)CC2C2CC2)CC1
C1CCC(CC2CCC(CCC3CCC(C4CCCCC4)CC3)CC2)CC1
C1CCC(C2CCCCC2C2CCCC(C3CC4CCCCC4C(C4CCCCC4)C3)C2)CC1
C1CCC(CC2CCC(CC3CCCCC3)CC2)CC1
C1CCC(CCC2CCC(CC3CCCC(C4CCCCC4)C3)CC2)CC1
C1CCC(CCCC2CC(CC3CC4CCCCC43)CCC2C2CCC2)CC1
C1CCC(C2CCC(CC3CCCC(CC4CCCC(C5CCCCC5)C4)C3)CC2)CC1
C1CCC(CC2CCC(C3CCCC(C4CCCCC4)C3)CC2)CC1
C1CCC(C2CCCCC2CCC2CC(C3CCCC3)C3CCCCC23)CC1
C1CCC(C2CCC3CCCCC3C2)CC1
C1CCC(CCC2CCC(CC3CCCCC3CC3CCCCC3)CC2)CC1
C1CCC(CCC2CCC3CC(C4CC(C5CCCCC5)CCC4C4CCCCC4)CCC23)CC1
C1CCC(CCC2CCCC(C3CCCC(C4CCC(C5CCCC5)CC4)C3)C2)CC1
C1CCC(CC2CCCC(C3CCCCC3)C2)CC1
C1CCC(CC2CCC(C3CCC(CCC4CC(C5CCCCC5)CC(C5CC5)C4)CC3)CC2)CC1
C1CCC(CCC2CCC(C3CCCCC3)CC2)CC1
C1CCC(CC2CCCC(C3CCCC4CC(C5CCCCC5)CCC43)C2)CC1
C1CCC(CC2CCC(CC3CCC(C4CCCC(C5CCCC5)C4)CC3)CC2)C1
C1CCC(CCC2CCCC(CC3CCCCC3C3CCC3)C2)CC1
C1CCC(CC2CCC(C3CCCC(C4CCCC4)C3)CC2)CC1
C1CCC(C2CCCC(C3CCCCC3CCC3CC3)C2)CC1
C1CCC(CCC2CCC(CC3CCC(CC4CCCCC4)CC3)CC2)CC1
C1CCC(CCC2CCC(C3CCC(CC4CCCC4)CC3)C(C3CCC4CCCC4C3)C2)CC1
C1CCC(C2CCCC(CC3CCCCC3C3CCCCC3)C2)CC1
C1CCC(CC2CCC(CC3CCCC(C4CCCCC4)C3)CC2)CC1
C1CCC(CCC2CCC(C3CCCCC3)CC2)CC1
C1CCC2C(C1)CCCC2CC1CCC(C2CCCCC2C2CCCC2)CC1
C1CCC(C2CCCC(C3CCC(C4CCCC4C4CCCCC4)CC3)C2)CC1
C1CCC(CC2CCC(C3CCC(CC4CCCCC4)CC3)CC2)CC1
C1CCC(CC2CCCCC2)CC1
C1CCC(CCC2CCCC(C3CCCCC3)C2)CC1
C1CCC(CCC(CCC2CCCCC2)C2CCCCC2)CC1
C1CCC(CC2CCC(CC3CCCC(C4CCCC(C5CCCCC5)C4)C3)CC2)CC1
C1CCC(CCCC2CCC(C3CCCC3)CC2)CC1
C1CCC(CCC2CCC(C3CCCC(CC4CCCC(C5CCC(C6CC6)CC5)C4)C3)CC2)CC1
C1CCC(CC2CCCC(C3CCCCC3CCC3CCC(C4CCCC4)CC3)C2)CC1
C1CCC2C(C1)CCC2C1CCC(C2CCC(CCC3CC3)CC2)CC1
C1CCC(CC2CCCCC2C2CCCCC2CC2CCCCC2)CC1
C1CCC(CC2CCC(C3CCCCC3)CC2)CC1
C1CCC(CCCC2CCC(CC3CCC(C4CCCCC4)CC3)CC2)CC1
C1CCC(CCC2CCCCC2C2CCCC(C3CCCCC3)C2)CC1
C1CCC(CC2CCCC(C3CCCCC3)C2)CC1
C1CCC(CC2CC(CC3CCCCC3CC3CCC(CC4CCCC4)CC3)C3CCCCC23)CC1
C1CCC(CCC2CCCCC2)CC1
C1CCC(C2CCCC(C3CCC(CCC4CCCC4)CC3)C2)CC1
C1CCC(CCCCC2CC(CC3CCCCC3)CC(CC3CCC4CCCC4C3)C2)CC1
C1CCC(CC2CCC(C3CCC(CC4CC4)CC3)CC2)CC1
C1CCC(CC2CCC(C3CCCCC3)CC2)CC1
C1CCC(CC2CCCCC2C2CCC3CCCC3C2)CC1
C1CCC(CCC2CCCC(CCC3CC4CCCCC4C3)C2)CC1
C1CCC(CC2CCC(C3CCC(C4CCC(C5CCCCC5)CC4)CC3)CC2)CC1
C1CCC(CCCC2CCC(C3CCCC(CC4CCCCC4)C3)CC2)CC1
C1CCC(CC2CCCC(C3CCCC(C4CCCCC4)C3)C2)CC1
C1CCC(C2CCCC(CCCC3CCCCC3C3CCCCC3)C2)CC1
C1CCC(C2CCC(C3CCCCC3)CC2)CC1
C1CCC(CCC2CCCCC2)CC1
C1CCC(CCCC2CCCC3CCC(C4CCCCC4)CC23)CC1
C1CCC(CCC2CCC(C3CCCC(C4CCC5CCCCC54)C3)CC2)CC1
C1CC(CCCC2CCCCC2C2CCCC(CC3CCCC3)C2)CC(CCC2CCC3CCCC3C2)C1
C1CCC(CCCCC2CCCC(CC3CCCCC3)C2)CC1
C1CCC(CCCCC2CCCCC2)CC1
C1CCC(CC2CCC(CC3CCCC(C4CCCCC4)C3)CC2)CC1
C1CCC(CC2CCC(CC3CC(CC4CCCCC4)C4CCCCC34)CC2)CC1
C1CCC(C2CCCCC2)CC1
C1CCC(C2CCCCC2CC2CCCC2)CC1
C1CCC(CCC2CCC(CC3CCCCC3)CC2)CC1
C1CCC(C2CCCCC2CCC2CCCC(CC3CC4CCCCC4C3)C2)CC1
C1CCC(CC2CCC(CC3CCCC3)CC2C2CCCC2)CC1
C1CCC(CC2CCC(C3CCCCC3C3CCCCC3)C(C3CCCC3)C2)CC1
C1CCC(C2CCC(CC3CCCC(CC4CCCCC4C4CCCCC4)C3)CC2)CC1
C1CCC(CC2CC(C3CCCCC3)C3CC(C4CCC5CCCC5C4)CCC23)CC1
C1CCC(CCC2CCC(C3CCCCC3)C(C3CC3)C2)CC1
C(CCCC1CCC2CC(C3CCC4CCCCC43)CC(C3CCCCC3)C2C1)CCC1CCCCC1
C1CCC(C2CCCC(C3CCCCC3)C2)CC1
C1CCC(C2CCCCC2)CC1
C1CCC(C2CCCC(CC3CC(C4CCC5CCCCC54)CC4CCCCC43)C2)CC1
C1CCC(CCC(CCC2CCCCC2)C2CCC(C3CCCCC3)CC2)CC1
C1CCC(CCC2CC(C3CCC(CC4CCCCC4)CC3)C3CCC(C4CCCCC4)CC23)CC1
C1CCC(C2CCCC3CC(C4CCCCC4C(C4CCCCC4)C4CCCCC4)CCC32)CC1
C1CCC(CCC2CCCCC2C2CCCCC2CC2CCCCC2)CC1
C1CCC(CC2CCCC(CC3CCCCC3CC3CC4CCCCC4C3)C2)CC1
C1CCC(CC2CCCC(CCCC3CCCC(C4CCCCC4)C3)C2)CC1
C1CCC(C2CCCC(C3CCCC(C4CCCCC4)C3)C2)CC1
C1CCC(CCCC2CCC(CC3CCC(C4CC5CCCCC5C4)CC3)CC2)CC1
C1CCC(CC2CCCC(C3CCCCC3)C2)CC1
C1CCC(C2CCCC(CCCC3CC4CCCCC4C3)C2)CC1
C1CCC(CCC2CCCC(C3CCCCC3CC3CCCCC3)C2)CC1
C1CCC(CC2CCCC(C3CCCC(CC4CC4)C3C3CCCCC3)C2)CC1
C1CCC(C2CCCC(C3CCCCC3)C2)CC1
C1CCC(C2CCC(CC3CCC(C4CCCC4)CC3)CC2)CC1
C1CCC(CC2CCC(C3CCCCC3)CC2)CC1
C1CCC(CCC2CCCC(C3CCCCC3)C2)CC1
C1CCC(CC2CCCC(CC3CCCC(C4CCCCC4)C3)C2)CC1
C1CCC(C2CCCC(C3CCC(C4CCCCC4C4CCCCC4)C(C4CCCCC4)C3)C2)CC1
C1CCC(CC2CCCC(C3CCC(C4CCCC4)CC3)C2)C1
C1CCC(C2CCCCC2C2CCCCC2C2CCCCC2)CC1
C1CCC(CC2CCC(CCCC3CCC(C4CCCC4)CC3)CC2)CC1
C1CCC(C2CCCC(C3CCC(CC4CCCCC4C4CCCCC4)CC3)C2)CC1
C1CCC(CCC2CCCC(CC3CCCCC3)C2)CC1
C1CCC(CCC2CCCC(CC3CCCCC3)C2)CC1
C1CCC(CC2CCC(C3CCCCC3)CC2)CC1
C1CCC(C2CCC3CC(C4CCC5CCCCC54)CC(C4CCCCC4)C3C2)CC1
C1CCC(C2CCCCC2)CC1
C1CCC(CC2CCC(C3CCCC3)CC2)CC1
C1CCC(CCC2CC(C3CCC4CCCC4C3)CCC2CC2CCCCC2)CC1
C1CCC(CCC2CC(C3CCCCC3)CC(C3CCCCC3)C2CCC2CCCCC2)CC1
C1CCC(C2CC(C3CCC4CCCCC4C3)C3CCCCC23)CC1
C1CCC(CCC2CCC(CC3CC(C4CCCCC4)CC(C4CC4)C3)CC2)CC1
C1CCC(CCC2CCC3CCC(CCC4CCCCC4)C3C2)CC1
C1CCC(C2CCC(CC3CCCC(C4CCCCC4)C3)CC2)CC1
C1CCC(CCCC2CCC(C3CCCC(C4CCC4)C3)CC2)CC1
C1CCC(CC2CCC(C3CCCC3)C(CC3CCCCC3)C2)CC1
C1CCC(CCC2CCC(C3CCCCC3)CC2)CC1
C1CCC(CC2CCC(CC3CCC(CCC4CC5CCCCC5C4)CC3)CC2)CC1
C1CCC(CC2CCCCC2C2CCC3CCCCC3C2)CC1
C1CCC(CC2CCC(C3CCC(CC4CCC(CCCC5CCCC5)CC4)CC3)CC2)CC1
C1CCC(CCCC2CCC(CCC3CCCCC3)CC2C2CCCC(C3CCCC3)C2)CC1
C1CCC(C2CCCC(CC3CCC(C4CCCC(C5CCCC5)C4)CC3)C2)CC1
C1CCC(C2CCCC(C3CCCCC3)C2)CC1
C1CCC(CC2CCCC(C3CCCC(C4CC(CC5CCCC(C6CCCCC6)C5)CC(C5CC5)C4)C3)C2)CC1
C1CCC(C2CCCC(CC3CCCCC3C3CCCCC3)C2)CC1
C1CCC(CCC2CC3CCCCC3C(C3CCCCC3)C2)CC1
C1CCC(CCC2CCC(CC3CCCCC3)CC2)CC1
C1CCC(CC2CCCC(C3CCCC4CC(C5CCCCC5)CCC43)C2)CC1
C1CCC(CC2CCCC(CCC3CC4CCCCC4C3)C2)CC1
C1CCC(CC2CCC(C3CCC(C4CCCCC4)CC3)CC2)CC1
C1CCC(CC2CCCC(CCC3CCC(CCCC4CCC(C5CCCCC5)CC4)CC3)C2)CC1
C1CCC(C2CCC(C3CCC4CC(C5CCC6CCCCC65)CC(C5CCCCC5)C4C3)CC2)CC1
C1CCC(CCC2CCC(C3CCC(CC4CCCC(C5CCCC5)C4)CC3)CC2)CC1
C1CCC(CC2CCCCC2C2CCCC(C3CCCCC3)C2)CC1
C1CCC(CCCCC2CCC(CC3CCCCC3)CC2)CC1
C1CCC(C2CCC(C3CCCCC3)CC2)CC1
C(CCCC1CCCCC1)CCCC1CCC(CCC2CCCCC2)CC1
C1CCC(CCC2CCC(CC3CCCCC3)CC2)CC1
C1CCC(CC2CCCCC2)CC1
C1CCC(CCCCC2CCC(C3CCCC(CCC4CC5CCCCC5C4)C3)CC2)CC1
C1CCC(C2CCCC(C3CCCCC3CC3CCC4CCCCC43)C2)CC1
C1CCC(C2CC3CCC(CCC4CC5CCCCC5C4)CC3C(C3CCCCC3)C2)CC1
C1CCC(C2CCC(C3CCCC3C3CCCCC3)CC2)CC1
C1CCC(CCCC2CCC(CC3CCC(CC4CCCCC4)CC3)CC2)CC1
C1CCC(CCC2CCC(CC3CCCCC3)CC2C2CCCCC2)CC1
C1CCC(CC2CCCC(CC3CCC(C4CCCCC4)CC3)C2)CC1
C1CCC(CCC2CCC(CC3CCC(C4CCC(C5CCCC5)CC4)CC3)CC2)CC1
C1CCC(CC2CCC(C3CCCC(CC4CCCCC4)C3)CC2)CC1
C1CCC(C2CCC(C3CCCCC3)CC2)CC1
C1CCC(CCCC2CCC(C3CCCCC3)CC2)CC1
C1CCC(CC2CCCC(CCC3CC4CCCCC4C3)C2)CC1
C1CCC(CCC2CC3CCCCC3C2)CC1
C1CCC(CCC2CCCCC2C2CC(CC3CCCCC3)C3CCCCC32)CC1
C1CCC(C2CC(C3CCCC(CC4CCC5CCCCC54)C3)CCC2CC2CCCC2)CC1
C1CCC(CCC2CCCC(C3CCC(C4CCCC(C5CCC(C6CCCC6)CC5)C4)CC3)C2)CC1
C1CCC(CCC2CCC(CC3CCCC(C4CCCCC4C4CCC4)C3)CC2)C1
C1CCC(C2CCC(CC3CCC(C4CCC(C5CCCCC5)CC4)CC3)CC2)CC1
C1CCC(CCCC2CCCCC2CC2CCCCC2)CC1
C1CCC(C2CCCC(C3CCC(C4CCC(C5CC5)CC4)CC3)C2)CC1
C1CCC(CC2CCC(CC3CCCC(CCC4CCC(CC5CCC(C6CCCCC6)CC5)CC4)C3)C2)CC1
C1CCC(C2CCC(CCC3CCC(C4CC4)CC3)CC2)CC1
C1CCC(C2CCC(C3CCCC(C4CCC5CCCC5C4)C3)CC2)CC1
C1CCC(CCC2CC(C3CCCCC3)CC(C3CCCCC3)C2)CC1
C1CCC(C2CCCC(C3CCCCC3)C2)CC1
C1CCC(C2CCC(C3CC4CCCCC4C3)C(C3CCCCC3)C2)CC1
C1CCC(CC2CCC(C3CCCC(C4CCCCC4)C3)CC2)CC1
C1CCC(C2CC(C3CCC(C4CCC(CC5CCCC5)CC4)C3)C3CCCCC23)CC1
C1CCC(CCCCCC2CCCC(C3CCC(CC4CCCCC4)CC3)C2)CC1
C1CCC(CCC2CCC(CC3CCCCC3CC3CCCCC3)C(C3CCCCC3)C2)CC1
C1CCC(CC2CCCCC2C2CCCCC2)CC1
C1CCC(CCCC2CCCCC2C2CCCC(CC3CCCCC3)C2)CC1
C1CCC(CCCC2CCCCC2C(CCC2CC2)C2CCCCC2)CC1
C1CCC(CCC2CCC(C3CCCCC3)CC2C2CCCCC2)CC1
C1CCC(CCC2CCC(C3CCCC(C4CCCC4)C3)CC2)CC1
C1CCC(CC2CCC(CCC(CC3CCCCC3)CC3CCCC3)CC2)CC1
C1CCC(C2CCCCC2CC2CCCC2)CC1
C1CCC(CCCC2CCCCC2C2CCCCC2)CC1
C1CCC(CCC2CCCC(CCCC3CCC(CC4CCCC4)CC3)C2)CC1
C1CCC(CCCC2CCC(CC3CCC(CC4CCCCC4)CC3)CC2)CC1
C1CCC(C2CCCC(C3CCCCC3)C2)CC1
C1CCC(CC(C2CCCC2)C2CCCC(C3CCC(C4CCCCC4)CC3)C2)CC1
C1CCC(C2CCCCC2C2CCCC(C3CCCC3)C2)CC1
C1CCC(CC2CCCC(C3CCCCC3C3CCCC3)C2)CC1
C1CCC(CCCCCC2CCC(C3CCCCC3)CC2)CC1
C1CCC(C2CCCC(C3CCCCC3)C2)CC1
C1CCC(CC2CCC(CC3CCC(C4CCC5CCCCC5C4)CC3)CC2)CC1
C1CCC(CC2CCC(C3CCCCC3)CC2)CC1
C1CCC(C2CCCC(C3CCC(C4CCCC4)C(C4CCCCC4)C3)C2)CC1
C1CCC(C2CCCCC2C2CCCC2C(CC2CCCC2)C2CCCCC2)CC1
C1CCC(CC2CC(C3CCCC(C4CCCCC4)C3)CCC2C2CCCCC2)CC1
C1CCC(C2CCCC(CC3CCC(C4CC5CCCCC5C4)CC3)C2)CC1
C1CCC(CCCCC2CCCCC2C2CCCC(CCC3CCCCC3)C2)CC1
C1CCC(C2CCCCC2)CC1
C1CCC(CCC2CCCCC2C2CCCC(CC3CC(CC4CCCCC4)C4CCCCC34)C2)CC1
C1CCC(CC2CCC(C3CCCC(CC4CCCCC4)C3)CC2)CC1
C1CCC(C2CCC(C3CCCC(CC4CCC(C5CCC(CC6CCCC6)CC5)CC4)C3)CC2)CC1
C1CCC(CCC2CCCC(C3CCCCC3)C2)CC1
C1CCC(C2CCCC(C3CCCCC3C3CCC4CCCCC43)C2)CC1
C1CCC(CC2CCCC(C3CCCCC3)C2)CC1
C1CCC(CCC2CCC(CCC3CCCCC3)CC2)CC1
C1CCC(CC2CCCCC2CCCCCC2CC(CC3CCCCC3)C3CCCCC23)CC1
C1CCC(CCC2CCCCC2C2CCCCC2C2CC(CC3CCCC3)C3CCCCC32)CC1
C1CCC(CC2CCCC(C3CCCC(C4CCCCC4)C3)C2)CC1
C1CCC(C2CCCC(CC3CCC(C4CCCC4)CC3C3CCC4CCCC4C3)C2)C1
C1CCC(CC2CCCC(CC3CCC(C4CC5CCCCC5C4)CC3C3CCCCC3)C2)CC1
C1CCC(CCCC2CC(C3CCCCC3)C3CCCCC23)CC1
C1CCC(CC2CCCC(CCCC3CCC4CCCCC43)C2)C1
C(CCCC1CCCCC1C1CCCC(C2CCCCC2)C1)CCC1CCCCC1
C1CCC(CC2CC(CC3CCCCC3)C3CC(CC4CCCC4)CCC23)CC1
C1CCC(CC2CCCC(C3CCCC(CCCC4CCC(C5CCC5)CC4)C3)C2)CC1
C1CCC(C2CCC(CC3CCC(CC4CCCC4)CC3)CC2)CC1
C1CCC(C2CCCC(C3CCCC(C4CC(C5CC5)CC(C5CC6CCCCC6C5)C4)C3)C2)CC1
C1CCC(CCCC2CCCC(C3CCCC(CC4CCCCC4)C3)C2)CC1
C1CCC(CCC2CCC(CC3CCCCC3)CC2C2CCCC2)CC1
C1CCC(CC2CC(CCC3CCCC(CC4CCCC4)C3)C3CCCCC23)CC1
C1CCC(CC2CCC(CCC3CCCC(CC4CCCCC4)C3)CC2)CC1
C1CCC(CC2CCCC(C3CCCCC3)C2)CC1
C1CCC(CCC2CCCC(C3CCC(C4CCCCC4)CC3)C2)CC1
C1CCC(CC2CCCCC2C2CCCCC2)CC1
C1CCC(CCC2CCC(CC3CCC(CC4CCCCC4)CC3)CC2)CC1
C1CCC(C2CCCC(C3CCCCC3)C2)CC1
C1CCC(CC2CCC(CC3CCC(C4CCCCC4)CC3)CC2)CC1
C1CCC(C2CCCC(CCCCC3CCCC3)C2)CC1
C1CCC(C2CCCCC2)CC1
C1CCC(C2CCC(C3CCC(C4CCCCC4)CC3)CC2)CC1
C1CCC(C2CCCC(CC3CCC(C4CCCC4)CC3)C2)CC1
C1CCC(C2CCCCC2C2CCC(C3CCC4CCCCC43)C(C3CCCC3)C2)C1
C1CCC(CCCC2CCCC(CCC3CCCC4CCCCC43)C2)CC1
C1CCC(CCC2CCC3CC(CC4CCC(C5CCCCC5C5CCCCC5)CC4)CCC23)CC1
C1CCC(CC2CCC(CC3CCC(C4CCCC(C5CC5)C4)CC3)CC2)CC1
C1CCC(CC2CCCCC2C2CCCCC2)CC1
C1CCC(CCC2CCC(CC3CCC(CC4CCCCC4)CC3)CC2)CC1
C1CCC(C2CCCC(C3CCCC(C4CCCCC4)C3)C2)CC1
C1CCC(C2CCCC(CC3CCC(CC4CCC4)CC3)C2)CC1
C1CCC(C2CCCCC2C2CCC3C(CCCC3C3CCC4CCCC4C3)C2)CC1
C1CCC(CC2CCC3C(C2)C(CC2CCCCC2)CC3C2CCCCC2)CC1
C1CCC(CC2CCCC(C3CCCC(C4CCCCC4)C3)C2)CC1
C1CCC(CC2CCCC(C3CCCCC3C3CCC(C4CCC4)CC3)C2)CC1
C1CCC(CC2CCC(CC3CCCC(C4CCC(C5CCCC5)CC4)C3)CC2)CC1
C1CCC(CCCC2CC(CC3CCC4CCCC(C5CCCCC5)C4C3)C3CCCCC23)CC1
C1CCC(CC2CCCCC2C2CC(C3CCCCC3C3CCCCC3)CC3CCCCC32)CC1
C1CCC(CC2CCCCC2CCC2CCC(CCC3CC4CCCCC4C3)CC2)CC1
C1CCC(C2CCCC(CC3CCC4CCCCC43)C2)CC1
C1CCC(CC2CCC(C3CCC(CC4CCCCC4)CC3)CC2)CC1
C1CCC(CCCC2CC(C3CCCCC3)C3CCCCC23)CC1
C1CCC(C2CCC(CC3CCC(C4CCCCC4)C3)CC2)CC1
C1CCC(CC2CCC(C3CCC4CCCCC4C3)C(C3CCC4CCCC4C3)C2)CC1
C1CCC(C2CCCC(C3CCCCC3)C2)CC1
C1CCC(CC2CCC(CC3CCC4CCCC4C3)CC2)CC1
C1CCC(CC2CCC(CC3CCC(C4CCCCC4C4CCCC4)CC3)CC2)CC1
C1CCC(CC2CCC(C(CC3CCCCC3)C3CCCCC3)CC2)CC1
C1CCC(C2CCC3CCCC(C4CCCCC4)C3C2)CC1
C1CCC(CCCC2CCCCC2C2CCCC2)CC1
C1CCC(CCC2CC(C3CCC(CC4CC4)CC3)C3CCCCC23)CC1
C1CCC(CC2CCCC(C3CCCCC3)C2)CC1
C1CCC(CCC2CCC(C3CCCCC3)CC2)CC1
C1CCC(CCCCC2CCC(CC3CCCCC3CC3CCCCC3)CC2)CC1
C1CCC(CCC2CC(CCCC3CCCC(C4CCCCC4)C3)C3CCCCC23)CC1
C1CCC(CCCC2CCCC(CC3CCCCC3)C2)CC1
C1CCC(C2CCC(C3CCCCC3)CC2)CC1
C1CCC(CC2CCCCC2CCCCC2CCCC(C3CCCCC3)C2)CC1
C1CCC(CCC2CCC3CC(C4CCCCC4)CCC23)CC1
C1CCC(CC2CCC(C3CC(C4CCCCC4)CC4CCCCC43)CC2)CC1
C1CCC(CC2CCC(CC3CCCCC3)CC2)CC1
C1CCC(CC2CC(CCCC3CCC(C4CCCCC4)CC3)C3CCCCC23)CC1
C1CCC(CC2CCCC(C3CCCC(CC4CCCCC4)C3)C2)CC1
C1CCC(CCC2CCCCC2C2CCCCC2)CC1
C1CCC(CC2CCC(CC3CCC(CCC4CCCCC4C4CCC5CCCCC5C4)CC3)CC2)CC1
C1CCC(C2CCC(CC3CCC(CCC4CCCC4)CC3)CC2CC2CCC2)CC1
C1CCC(CC2CCCC(CCC3CCC(C4CCCC(C5CCCCC5)C4)C3)C2)CC1
C1CC(CCC2CC2)CC(CCC2CC3CCCCC3C2)C1
C1CCC(CCCC2CCCC(C3CCCCC3C3CCCCC3)C2)CC1
C1CCC(CCC2CCCCC2C2CCC3CCCC3C2)CC1
C1CC(CC2CCC(C3CCCCC3C3CCCC3)C2)CC(C2CCCC(C3CC3)C2)C1
C1CCC(C2CCC3CCCC(C4CCCCC4)C3C2)CC1
C1CCC(CC2CCC(C3CCCCC3)C(CC3CCCCC3)C2)CC1
C1CCC(C2CCCC(CCCC3CCC(C4CCC5CC(C6CCCCC6)CCC5C4)C3)C2)CC1
C1CCC(CCC2CCCCC2)CC1
C1CCC(CC2CCC(C3CCC4CCCCC43)CC2)CC1
C1CCC(CC2CCCCC2CCC2CCCC(C3CCCC(C4CC5CCCCC5C4)C3)C2)CC1
C1CCC(CC2CCC(CCC3CCC(CC4CCCC(C5CCCCC5)C4)CC3)CC2)CC1
C1CCC(C2CCC(C3CCC(CCC4CCC5CCCCC54)CC3)CC2)CC1
C1CCC(C2CCC(CCCCC3CCCC(C4CCCCC4)C3)CC2)CC1
C1CCC(C2CCCCC2C2CCC(C3CCCC(CCC4CCC5CCCC5C4)C3)C2)CC1
C1CCC(C2CCC(CCCC3CCCC(C4CCCCC4)C3)CC2)CC1
C1CCC(CCC2CCCCC2CCCC2CCCC(C3CCCCC3)C2)CC1
C1CCC(CC2CCC(CC3CCC(CC4CCCC(C5CCCCC5)C4)CC3)CC2)CC1
C1CCC(CCCC2CC(CC3CCCCC3)CCC2CCCCCC2CC2)CC1
C1CCC(C2CCC(C3CC(CCC4CC5CCCCC5C4)C4CCCCC43)CC2)CC1
C1CCC(CC2CCCCC2C2CCCCC2)CC1
C1CCC(CCCC2CC(C3CCCCC3)CCC2C2CCCCC2)CC1
C1CCC(CC2CCC(C3CCCCC3C3CCCCC3)CC2)CC1
C1CCC(CCC2CCCCC2CC2CCCCC2)CC1
C1CCC(CC2CCCCC2CC2CCCCC2)CC1
C1CCC(C2CCC(C3CCCC(C4CCCCC4)C3)CC2)CC1
C1CCC(CC2CCC(CCC3CCC(C4CCCC4)CC3)CC2)CC1
C1CCC(CC2CCC(C3CCC(C4CCC(C5CCCCC5)CC4)CC3)CC2)CC1
C1CCC(C2CCCCC2C2CCCCC2C2CCCC2)CC1
C1CCC(C2CCC3CC(C4CCC5CCCCC54)CC(C4CCCCC4)C3C2)CC1
C1CCC(CCC2CCCC(C3CCC(CC4CCCCC4)CC3)C2)CC1
C1CCC(CC2CC(C3CCC(C4CCCCC4)CC3C3CCCC3)C3CCCCC23)CC1
C1CCC(C2CCCC(CC3CCCC(CC4CCCC(C5CCC5)C4)C3)C2)CC1
C1CCC(C2CCCCC2C2CCC(C3CCCCC3)C(C3CCCC3)C2)CC1
C1CCC(CC2CCC3CC(C4CCC(C5CCCCC5)CC4)CCC23)CC1
C1CCC(C2CCC(CC3CCC4CCCCC4C3)CC2)CC1
C1CCC(CC2CCCC(C3CCC(C4CCCC4)CC3)C2)CC1
C1CCC(CCC2CC(CCCCCC3CCC(C4CCCC4)CC3)C3CCCCC23)CC1
C1CCC(C2CCCCC2)CC1
C1CCC(CC2CCC(CCC3CCC(CC4CCCCC4)CC3)CC2)CC1
C1CCC(CC2CCCC(CC3CCCC(C4CCCCC4)C3)C2)CC1
C1CCC(CC2CCCC(CC3CCCCC3)C2)CC1
C1CCC(C2CCC(C3CCCC(C4CCCCC4)C3)CC2)CC1
C1CCC(CC2CCCC(C3CCCCC3)C2)CC1
C1CCC(C2CCC(C3CC(C4CCC4)CCC3C3CCCCC3)CC2)CC1
C1CCC(C2CCCC(C3CCCCC3CC3CCCCC3C3CCCC3)C2)CC1
C1CCC(CC2CCC(CCCCCC3CC4CCCCC4C3)CC2)CC1
C1CCC(CC2CCCC(CC3CCCC(CCC4CCC(CCC5CCCC5)CC4)C3)C2)CC1
C1CCC(CC2CCCC(CC(CC3CCCCC3)C3CCCC(CC4CCC5CCCC5C4)C3)C2)CC1
C1CCC(CCC2CCCC(CCC3CCC4CCCCC4C3)C2)C1
C1CC(CC2CC3CCCCC3C2)CC(CC2CCCCC2C2CCC3CCCC3C2)C1
C1CCC(CCCCC2CCCC(C3CC3)C2)CC1
C1CCC(C2CCC(CCC3CCC(C4CCCCC4)C3)CC2)CC1
C1CCC(CCC2CCCC(CC3CCCCC3)C2)CC1
C1CCC(CC2CCC(C3CCCCC3C3CCCCC3)CC2)CC1
C1CCC(CC2CCCC(C3CCCCC3)C2)CC1
C1CCC(CCCCC2CCC(C3CCCCC3)CC2)CC1
C1CCC(CC2CCCCC2)CC1
C1CCC(C2CC(CC3CCCC3)CC(C3CCCCC3C3CC4CCCCC4C3)C2)CC1
C1CCC(CC2CCC(CC3CCCC(CC4CCC5CCCCC54)C3)CC2)CC1
C1CCC(CCC2CCC(CC3CCCC(C4CCCCC4)C3)C(C3CCCCC3)C2)CC1
C1CCC(C2CCC(C3CCCC(C4CC4)C3)CC2)CC1
C1CCC(C2CCCC(C3CCC(C4CCCCC4C4CCCCC4)CC3)C2)CC1
C1CCC(C2CCC(C3CCCC3C3CCCCC3)CC2)CC1
C1CCC(CCCC2CCC(C3CCCC(C4CCCCC4)C3)CC2)CC1
C1CCC(CC2CCCCC2)CC1
C1CCC(CCCC2CCC3CC(C4CCCCC4)CC(C4CCCCC4)C3C2)CC1
C1CCC(C2CCC(CCC3CCC(C4CCCC5CCCCC54)CC3)CC2)CC1
C1CCC(CCC2CCC(C3CCCCC3)CC2)CC1
C1CCC(C2CC(CCC3CCCCC3C3CCC4CCCCC4C3)CC(C3CCCCC3)C2)CC1
C1CCC(CC2CC(CCC3CCC4CCCC4C3)C3CC(C4CCCCC4)CCC23)CC1
C1CCC(CCC2CCCC(C3CCCCC3)C2)CC1
C1CCC(CC2CC(C3CCCC3)CC(C3CCCC(C4CCCCC4CC4CCCCC4)C3)C2)CC1
C1CCC(C2CCCCC2C2CCC3CCCCC3C2)CC1
C1CCC(CCCC(CCC2CCCCC2)C2CCCCC2)CC1
C1CCC(C2CC(C3CCC4CCCCC43)CC3CCCCC32)CC1
C1CCC(CCC2CCC(CC3CCC(C4CCCC(CC5CC5)C4)CC3)CC2)CC1
C1CCC(C2CCCC(CCCC3CCC(C4CCCC4)CC3)C2)CC1
C1CCC(C2CCCC(C3CC(C4CCCCC4)CC(C4CC4)C3)C2)CC1
C1CCC(CC2CC(CC3CCC(C4CCC5CCCCC54)CC3)C3CCCCC23)CC1
C1CCC(C2CCCC(C3CCC(C4CCC5CCCCC5C4)CC3)C2)CC1
C1CCC(CC2CCC(CC3CCCC(C4CCCCC4)C3)CC2)CC1
C1CCC(C2CCCC(C3CCC(CCC4CCC5CCCC5C4)CC3)C2)CC1
C1CCC(CC2CCCCC2C2CCC3CCCC3C2)CC1
C1CCC(CCC2CC(CCC3CCCC(CC4CC5CCCCC5C4)C3)C3CCCCC23)C1
C1CCC(C2CCCC(C3CCCC(C4CCCCC4)C3)C2)CC1
C1CCC(C2CCC(C3CCCCC3)CC2)CC1
C1CCC(C2CCC(C3CCCCC3)C(C3CCCC3)C2)CC1
C1CCC(CCCC2CCC(C3CCC(C4CCCCC4)CC3)CC2)CC1
C1CCC(CC2CCC(CC3CCCCC3)CC2)CC1
C1CCC(C2CC3CCCCC3C2)CC1
C1CCC(C2CCC3C(CCCC3C3CCCC(C4CCC(CC5CCCC5)CC4)C3)C2)CC1
C1CCC(C2CCC(CC3CCC(CCC4CC4)CC3)CC2)CC1
C1CCC(CC2CCC(C3CCCC(CC4CCCCC4)C3)CC2)CC1
C1CCC(C2CCCCC2)CC1
C1CCC(CC2CCC(CC3CC4CCCCC4C3)CC2)CC1
C1CCC(CCC2CCCC(C3CCCCC3)C2)CC1
C1CCC(C2CCCCC2CCC2CCCCC2C2CCCCC2)CC1
C1CCC(CC2CCCC(C3CCCCC3)C2)CC1
C1CCC(CCC2CC3CCCC3CC2C2CCC(CC3CCCCC3)CC2)CC1
C1CCC(CC2CCC(CC3CCCCC3)C(CC3CCCCC3)C2)CC1
C1CCC(CC2CCCC(C3CCCC(CC4CCC5CCCCC54)C3)C2)CC1
C1CCC(C2CCC(CCC3CCC(C4CCCCC4C4CCCCC4)CC3)C2)CC1
C1CCC(CCCCCC2CCCC(CCC3CCCCC3)C2)CC1
C1CCC(C2CCCC3CCC(CC4CCC5CCCCC54)CC32)CC1
C1CCC(CC2CCCC(C3CCCC(C4CCC(C5CCC6CCCCC6C5)CC4)C3)C2)CC1
C1CCC(CCCC2CCC(CC3CCCCC3)CC2)CC1
C1CCC(CCC2CC(C3CCCCC3)CCC2CC2CCCCC2)CC1
C1CCC(CCCC2CCC(C3CCCC(C4CCCCC4)C3)CC2)CC1
C1CCC(CC2CCC(C3CCCCC3C3CCCCC3)CC2)CC1
C1CCC(CC2CCC(C3CCCC(CC4CCCCC4)C3)CC2)CC1
C1CCC(C2CCC(C3CCCC(C4CC4)C3)CC2)CC1
C1CCC(CC2CCCCC2C2CCCC(C3CCCCC3)C2)CC1
C(CC1CC2CCCCC2C1)CC1CCCC(C2CCCC3CCCCC32)C1
C1CCC(CC2CCC(C3CCC4CC(C5CCC6CCCCC65)CC(C5CCCCC5)C4C3)CC2)CC1
C1CCC(CC2CCC(CCC3CCCC(C4CCCCC4)C3)CC2)CC1
C1CCC(CC2CCCC(C3CCC(CC4CCCCC4CC4CCCC4)CC3)C2)CC1
C1CCC(C2CCCC(C3CCC(CC4CCCCC4C4CCCC4)CC3)C2)CC1
C1CCC(C2CCCCC2C(CCC2CC2)C2CCCCC2)CC1
C1CCC(CC2CCC(CC3CCCCC3C3CCCCC3)CC2)CC1
C1CCC(CCC2CCC(CC3CCC(C4CCCCC4)CC3)CC2)CC1
C1CCC(C2CCCC(C3CCC4CCCCC43)C2)CC1
C1CCC(CC2CCCCC2C2CCCCC2C2CCC3CCCC3C2)CC1
C1CCC(CC2CCCCC2)CC1
C1CCC(C2CCC(CCC3CC4CCCCC4C3)CC2)CC1
C1CCC(C2CC(CC3CC3)CC(C3CCCCC3C3CCCCC3)C2)CC1
C1CCC(CC2CCC(C3CCCC(C4CCCCC4)C3)CC2C2CCCC2)CC1
C1CCC(CC2CCC(C3CCC(CCC4CCC(C5CCCCC5)CC4)CC3)CC2)CC1
C1CCC(CC2CCC(C3CCCCC3)CC2)CC1
C1CCC(C2CCCC(C3CCCC(CC4CCC(C5CCCCC5CC5CCC6CCCC6C5)CC4)C3)C2)C1
C1CCC(CCCCCC2CCC(C3CCCCC3)CC2C2CCCCC2)CC1
C1CCC(CC2CCC(CC3CCC(C4CCCCC4)CC3)CC2)CC1
C1CCC(CC2CCC(C3CCC(C4CCCCC4CC4CCCCC4)CC3)CC2)CC1
C1CCC(CCC2CCCCC2C2CCCC(CC3CCCCC3)C2)CC1
C1CCC(CC2CCC(C3CCCCC3C3CCCCC3)CC2)CC1
C1CCC(CCCC2CCCCC2C2CCCCC2)CC1
C1CCC(C2CCC(C3CCC4CCCCC43)CC2C2CCCCC2)CC1
C1CCC(CCC2CCC(CC3CCC(C4CCCCC4)CC3)CC2)CC1
C1CCC(CC2CCC(C3CCCC(C4CCCCC4)C3)CC2)CC1
C1CCC(CCC2CCC3CCC(C4CCCCC4)C3C2)CC1
C1CCC(C2CCCCC2)CC1
C1CCC(CCCCC2CCC(C3CCCCC3C3CCCCC3)C2)CC1
C1CCC(CC2CCC(CCCC3CCCC(C4CCCCC4)C3)CC2)CC1
C1CCC(CC2CCC3CCCC(CC4CCCCC4)C3C2)CC1
C1CCC(C2CCCCC2C2CCC3C(CCCC3C3CCCCC3)C2)CC1
C1CCC(CCC2CCC(CC3CCCCC3)CC2)CC1
C1CCC(CCC2CCCC(C3CCCCC3C3CCCCC3)C2)CC1
C1CCC(C2CCC(C3CCCCC3C3CCCC3)CC2)CC1
C1CCC(CC2CCCC(C3CCCC(C4CCCCC4)C3)C2)CC1
C1CCC(CC2CCCC(C3CCCCC3)C2)CC1
C1CCC(CCCC2CCCC(CC3CCC(C4CCCCC4)CC3)C2)CC1
C1CCC(CCC2CCC(CC3CCCC(CC4CC4)C3)CC2)C1
C1CCC(CCC2CCCC(C3CCCCC3)C2)CC1
C1CCC(CCC2CCC(CC3CCCCC3)C(CCC3CCCCC3)C2)CC1
C1CCC(CC2CC(CC3CCCCC3)CC(C3CCCCC3)C2)CC1
C1CCC(CC2CCC(CCC3CCCC3)CC2)CC1
C1CCC(CC2CCC(C3CC(CC4CCCCC4)C4CCCCC43)CC2)CC1
C1CCC(C2CCCCC2CC2CC(C3CCCCC3)C3CCCCC23)CC1
C1CCC(C2CCC(CC3CCCC(CCC4CCCC4)C3)CC2)CC1
C1CCC(CCC2CCC(CC3CC(CC4CCCC4)C4CCCCC34)CC2)CC1
C1CCC(CCCC2CCCC(C3CCCC(CC4CCCCC4)C3)C2)CC1
C1CCC(CC2CCCC(CC3CCCCC3)C2)CC1
C1CCC(CCC2CCCCC2C2CCC3CCCC3C2)CC1
C1CCC(CC2CCC(CC3CC(CCCC4CCC(C5CCC5)CC4)C4CCCCC34)CC2)C1
C1CCC(CC2CCCCC2C2CCC3C(CCC3C3CCCCC3)C2)CC1
C1CCC(CCCC2CCCC(C3CCCCC3)C2)CC1
C1CCC(CC2CC(C3CCCCC3)C3CCCCC23)CC1
C1CCC(C2CC(C3CCCCC3)CC(C3CCCC3)C2)CC1
C1CCC(CC2CCC(CC3CCC(CC4CC5CCCCC5C4)CC3)CC2)CC1
C1CCC(CC2CCC(CCC3CCCC(C4CCCCC4)C3)CC2)CC1
C1CCC(CC2CCCCC2)CC1
C1CCC(C2CCCC(C3CCC4CCCC4C3)C2)CC1
C1CCC(CCCCC2CCCC(CCC3CCCC(C4CCCCC4)C3)C2)CC1
C1CCC(C2CCCCC2C2CCCCC2C2CCCCC2)CC1
C1CCC(CC2CCCC(C3CCCCC3)C2)CC1
C1CCCCC1
C1CCC(CC2CCC(CC3CCCCC3)CC2)CC1
C1CCC(CCCCC2CCC(CC3CCCCC3)CC2)CC1
C1CCC(CC2CCC(CCC3CCC(CC4CCCCC4)CC3)CC2)CC1
C1CCC(CCCC2CCC(CC3CCCCC3)CC2)CC1
C1CCC(CC2CCCCC2C2CCCC(C3CCCCC3)C2)CC1
C1CCC(CC2CCCC(CC3CCC(C4CCCC(C5CC6CCCCC6C5)C4)CC3)C2)CC1
C1CCC(C2CCC(C3CC4CCCCC4C3)CC2)CC1
C1CCC(C2CCCCC2)CC1
C1CCC(CC2CCCC3CC(CC4CCCC(C5CCCCC5)C4)CC23)CC1
C1CCC(C2CCCC(CC3CCC(C4CCCC4)C3)C2)CC1
C1CCC(C2CCCC(CC3CCCC(C4CCCC4)C3)C2)CC1
C1CCC(C2CC(C3CCC4CCCCC43)CC3CCC(C4CC4)CC32)CC1
C1CCC(CC2CC(CC3CCCC(C4CCCC(C5CCCCC5)C4)C3)C3CCCCC23)CC1
C1CC(C2CCC(C3CCC(CC4CC5CCCCC5C4)CC3)CC2)C1
C1CCC(CCCC2CCCC(C3CC(C4CCCCC4)CC(C4CCCCC4)C3)C2)CC1
C1CCC(CC2C(CC3CCCC(C4CCCCC4)C3)CC(C3CC3)CC2C2CCCCC2)CC1
C1CCC(CC2CCC(C3CCCCC3)CC2)CC1
C1CCC(CCC2CCCC(C3CCCCC3)C2)CC1
C1CCC(CC2CCC(CC3CCCCC3)CC2)CC1
C1CCC(CC2CCC3CC(C4CCCC(C5CCCCC5)C4)CC(C4CCCCC4)C3C2)CC1
C1CCC(CC2CCCC(C3CCC(CC4CCCC(CC5CC6CCCCC6C5)C4)CC3)C2)CC1
C1CCC(CC2CC(C3CCC(C4CCCCC4)CC3C3CCCC3)C3CCCCC23)CC1
C1CCC(CC2CCCC(C3CCC(C4CCC(C5CCCCC5)C4)CC3)C2)CC1
C1CCC(CC2CCC(C3CCCCC3C3CCCCC3)CC2)CC1
C1CCC(C2CCC(C3CCCCC3C3CCCC(C4CCCCC4)C3)CC2)CC1
C1CCC(CC2CCCC(C3CCC(C4CC4)CC3C3CCCC3)C2)CC1
C1CCC(CC2CCCCC2C2CCCCC2)CC1
C1CCC(CC2CCC(CC3CCCCC3)CC2)CC1
C1CCC(CC2CC(C3CCC(C4CCCC(C5CCCCC5)C4)CC3)C3CCCCC23)CC1
C1CCC(CC2CCC3CC(CC4CCC(C5CCCCC5)CC4)CCC3C2)CC1
C1CCC(C2CC(C3CCCC(CC4CCCC4)C3)CC3CCCCC32)CC1
C1CCC(CC2CCCCC2CC2CCCCC2)CC1
C1CCC(CC2CCC(CC3CCCCC3C3CCC(CC4CCCCC4)CC3)CC2)CC1
C1CCC(CC2CCC(C3CCCCC3)CC2)CC1
C1CCC(C2CCC(C3CCC3)CC2C2CCCC(CC3CCCC3)C2)CC1
C1CCC(CCC2CCC(CC3CCC(C4CCCCC4)CC3)CC2)CC1
C1CCC(CC2CCCC(C3CCC(C4CCC(C5CCCCC5)CC4)CC3)C2)CC1
C1CCC(C2CCC(C3CCC4CCCC4C3)C(C3CC4CCCCC4C3)C2)C1
C1CCC(CC2CCCCC2)CC1
C1CCC(C2CCC(C3CC(C4CCC(C5CCCCC5)CC4)C3)CC2)CC1
C1CCC(CCC2CCCC3CC(C4CCCCC4)CCC23)CC1
C1CCC(CCC2CCC(CCC3CCCC(C4CCCCC4)C3)CC2)CC1
C1CCC(CC(CC2CCCC(C3CCCCC3)C2)(C2CCCCC2)C2CCCCC2)CC1
C1CCC(CC2CCC(C(C3CCCCC3)C3CCC(C4CCCC5CCCCC54)CC3)CC2)CC1
C1CCC(CC2CCCC(CC3CCCCC3C3CCCCC3)C2)CC1
C1CCC(CC2CCC(C3CCCCC3)CC2)CC1
C1CCC2CC(CC3CCCCC3C3CCCCC3C3CC4CCCCC4C3)CC2C1
C1CCC(C2CCCC(CC3CCC(CC4CCCC(C5CCC6CCCC6C5)C4)CC3)C2)CC1
C1CCC(CCCCC2CCC(CC3CCCCC3)CC2)CC1
C1CCC(CCC2CCCC(C3CCCCC3)C2)CC1
C1CCC(C2CCC(CC3CC(C4CC4)C4CCCCC34)CC2)CC1
C1CCC(C2CCC(C3CCC(C4CCC5CCCCC5C4)C3)C(C3CCC4CCCC4C3)C2)CC1
C1CCC(C2CCC(C3CCC(C4CCCCC4)CC3)CC2)CC1
C1CCC(CC2CCCC(C3CCCCC3)C2)CC1
C1CCC(C2CCC(CCC3CCCC(CCCC4CCC5CCCC5C4)C3)C2)CC1
C1CCC(CC2CCC(C3CCCCC3)CC2)CC1
C1CCC(C2CCC(CC3CCC(CC4CC4)CC3)CC2)CC1
C1CCC(CC2CCC(C3CC4CCCCC4C3)CC2)CC1
C1CCC(CCCC2CCCC(C3CCCCC3)C2)CC1
C1CCC(C2CCC(C3CCCCC3C3CCCCC3)CC2)CC1
C1CCC(CCCC2CCCC(CC3CCCCC3)C2)CC1
C1CCC(C2CCC(C3CCCCC3)C(C3CCCC(C4CCC5CCCCC54)C3)C2)CC1
C1CCC(CC2CCC(CC3CC4CCCCC4C3)CC2)CC1
C1CCC(C2CCCC(CC3CCCC(C4CCCCC4)C3)C2)CC1
C1CCC(C2CCCC(C3CC(CC4CC5CCCCC5C4)CCC3C3CCCCC3)C2)CC1
C1CCC(CCC2CC3CCC(CC4CCCCC4)CC3C(C3CCCCC3)C2)CC1
C1CCC(CCC2CCCC(C3CCCCC3C3CCCCC3)C2)CC1
C1CCC(C2CCCCC2C2CCCCC2)CC1
C1CCC(C2CCC(C3CCCCC3C3CCCCC3)CC2)CC1
C1CC(CCC2CC2)CC(CC2CCCCC2C2CCC3CCCC3C2)C1
C1CCC(CC2CCC3C(CC4CCCCC4)CC(C4CCCCC4)C3C2)CC1
C1CCC(CC2CCC(C3CC(CC4CCCCC4)C4CCCCC43)CC2)CC1
C1CCC(CC2CCC(CC3CCC(CC4CCC(CCCC5CCC5)CC4)CC3)CC2)CC1
C1CCC(CC2CCC(CC3CC(CC4CCCCC4)CCC3CC3CCC4CCCCC43)CC2)CC1
C1CCC(C2CCCC(C3CCC(C4CCC5CCCCC5C4)CC3)C2)CC1
C1CCC(CC2CCCC(C3CCCC(C4CCCCC4C4CCCCC4)C3)C2)CC1
C1CCC(CCC2CCCC(C3CCC4CCCCC43)C2)CC1
C1CCC(CC2CCC(C3CCCCC3C3CCCCC3)C(C3CCCCC3)C2)CC1
C1CCC(CC2CCCCC2C2CCCC(CCC3CCC(C4CCCC(C5CC5)C4)CC3)C2)CC1
C1CCC(CC2CCCC(C3CCCC(C4CCCCC4)C3)C2)CC1
C1CCC(CC2CC(CC3CCC(CCC4CCC5CCCCC5C4)CC3)C3CCCCC23)CC1
C1CCC(CCCC2CCC(C3CCC(C4CCCCC4)CC3)CC2)CC1
C1CCC(CCC2CC(CC3CCCCC3)CCC2CC2CCCCC2)CC1
C1CCC(C2CCC(CC3CCCC(C4CCCC(CCC5CC5)C4)C3)CC2)CC1
C1CCC(CC2CCCCC2C2CCC3CCCC3C2)CC1
C1CCC(CC2CCCC(C3CCC(C4CCCC4)CC3)C2)CC1
C1CCC(C2CCCC(C3CC(C4CCCCC4)C4CCCCC34)C2)CC1
C1CCC(CCC2CCCCC2C2CCC(CC3CCC(C4CCCC4)CC3)CC2)CC1
C1CCC(C2CCC(CCC3CC(C4CCCCC4)C4CCCCC34)CC2)CC1
C1CCC(C2CCCCC2CCC2CCC2)CC1
C1CCC(C2CCC(C3CCCCC3)CC2)CC1
C1CCC(CC2CCCC(C3CCC(C4CCCCC4C4CCCCC4)CC3)C2)CC1
C1CCC(CCCCC2CCCCC2C2CCC(C3CCCCC3)CC2)CC1
C1CCC(C2CCC(C3CCCCC3C3CCCCC3)CC2)CC1
C1CCC(C2CCC(CC3CCC(C4CCC5CCCCC5C4)CC3)CC2)CC1
C1CCC(CCCCC2CCCCC2C2CC3CCCCC3C2)CC1
C1CCC(C2CCCC(C3CCCCC3)C2)CC1
C1CCC(C2CCCC(C3CCC(CCC4CCCCC4C4CCC4)CC3)C2)CC1
C1CCC(CC2CCC3C(CC4CCCCC4)CC(C4CCCCC4)C3C2)CC1
C1CCC(CC2CCCC(C3CCC(C4CC(CC5CCCCC5)C5CCCCC54)CC3)C2)CC1
C1CCC(CCCC2CCCC(C3CCCC(C4CCCCC4)C3)C2)CC1
C1CCC(C2CCCCC2CC2CCCC(C3CCCC(C4CC4)C3)C2)CC1
C1CCC(CC2CCC(CC3CCCCC3)CC2)CC1
C1CCC(C2CCCCC2C2CCCCC2)CC1
C1CCC(CCCC2CCC(C3CCCCC3)CC2)CC1
C1CCC(CC2CCC(CC3CCC(C4CCC5CCCC5C4)CC3)CC2)CC1
C1CCC(C2CCC(CCCC3CCC(C4CCCC4)C3)C(C3CCC4CCCC4C3)C2)CC1
C1CCC(C2CCC(CC3CCC(C4CCC(C5CCC(CCC6CC6)CC5)C4)CC3)CC2)CC1
C1CCC(C2CCCC(C3CCCC(C4CCCCC4)C3)C2)CC1
C1CCC(CCC2CCCCC2C2CCCCC2)CC1
C1CCC(CC2CC3CCCCC3C2)CC1
C1CCC(CCC2CCC(C3CCCCC3)C(C3CCCCC3)C2)CC1
C1CCC(CCC2CCCCC2C2CCC(CC3CCCCC3)CC2)CC1
C1CCC(CCCC2CCCC(CC3CCCCC3)C2)CC1
C1CCC(CCCCC2CCCC3CC(CC4CCCC(CC5CCCCC5)C4)CCC23)CC1
C1CCC(CCCC2CC(C3CCC(C4CCCCC4)CC3)CCC2C2CCC(CC3CCCC3)CC2)CC1
C1CCC(C2CCCC(C3CCCCC3C3CCCCC3C3CCCC3)C2)CC1
C1CCC(CC2CC(C3CCC(CCC4CCC5CCCCC54)CC3)C3CCCCC23)CC1
C1CCC(C2CCC(CC3CCCCC3CCCC3CCCC3)CC2)CC1
C1CCC(CC2CCCC(C3CCC(C4CCCCC4)CC3)C2)CC1
C1CCC(CCC2CCC(CC3CCCCC3)CC2)CC1
C1CCC(CC2CC(C3CCCCC3)CC(C3CC3)C2)CC1
C1CCC(C2CC(C3CCCC(CC4CC5CCCCC5C4)C3)C3CCCCC23)CC1
C1CCC(CCC2CCC(CCCC3CCCC(C4CCC5CCCCC54)C3)CC2)CC1
C1CCC(CC2CC(C3CC3)CCC2CC2CCC(CC3CC3)CC2)CC1
C1CCC(CC2CCC(C3CCCCC3C3CC4CCCCC4C3)CC2)CC1
C1CCC(CCC2CCC(C3CCCCC3)CC2)CC1
C1CCC(C2CCC(C3CCCCC3)C(CC3CCCC3)C2)CC1
C1CCC(C2CCC(CC3CCCC(C4CCCCC4C4CC4)C3)CC2)CC1
C1CCC(CCC2CCC(C3CCCC(C4CCCCC4)C3)CC2)CC1
C1CCC(CC2CCCC(C3CCCC(CC4CCCCC4)C3)C2)CC1
C1CCC(C2CCC(C3CCCCC3)CC2)CC1
C1CCC(CC2CCC(C3CCCCC3)CC2)CC1
C1CCC(CC2CCCC(C3CCCC(C4CCCCC4)C3)C2)CC1
C1CCC(C2CCC(C3CCCCC3C3CCC4CCCC4C3)C(C3CCC4CCCCC4C3)C2)CC1
C1CCC(CC2CCCC(C3CCCC(C4CCCCC4)C3)C2)CC1
C1CCC(C2CCC(CCC3CCCC(C4CCCC4)C3)CC2)CC1
C1CCC(CC2CCC(CC3CC(C4CCCCC4)C4CCCCC34)CC2)CC1
C1CCC(CCCC2CCCCC2)CC1
C1CCC(C2CCCCC2)CC1
C1CCC(C2CCC3CC(C4CC5CCCCC5C4)C(C4CCCCC4)C3C2)CC1
C1CCC(CC2CCCC(CC3CCC(CCC4CCC(C5CCCC5)CC4)CC3)C2)CC1
C1CCC(CC2CCCC(C3CCCCC3)C2)CC1
C1CCC(CCCC2CCCC(CCCCC3CC(C4CCCCC4)C4CCCCC34)C2)CC1
C1CCC(C2CC(C3CCC4CCCCC43)CC3CCCCC32)CC1
C1CCC(CCC2CCCC(C3CCCC(CC4CCC(C5CCCC5)CC4)C3)C2)CC1
C1CCC(C2CCC(C3CC(C4CCCCC4)CC(C4CCC4)C3)CC2)CC1
C1CCC(CC2CCC(C3CCC4C(CCC4C4CCCCC4)C3)CC2)CC1
C1CCC(CCCC2CCC(C3CCCCC3)CC2)CC1
C1CCC(C2CCC(CCCC(C3CCCCC3)C3CCC3)CC2)CC1
C1CCC(C2CCCC(C3CCCCC3C3CCCCC3)C2)CC1
C1CCC(CC2CCC(CC3CCC(C4CCCCC4C4CCCCC4)C3)CC2)CC1
C1CCC(CC2CCC(C3CCCC(C4CCCCC4)C3)CC2)CC1
C1CCC(CCC2CCCC(C3CCCCC3)C2)CC1
C1CCC(CC2CCCC(C3CCCC(C4CCC4)C3)C2)CC1
C1CCC(CC2CC(C3CCCCC3)C3CCCCC23)CC1
C1CCC(C2CCCC(C3CCCCC3)C2)CC1
C1CCC(C2CCCC(CC3CCC(CCC4CCCC(CC5CC5)C4)CC3)C2)CC1
C1CCC(CC2CCC(C3CCCCC3)CC2)CC1
C1CCC(C2CCC(CCC3CC4CCCCC4C(C4CCCCC4)C3)CC2)CC1
C1CCC(CC2CCCCC2CCC2CC(C3CCCCC3)C3CCCCC23)CC1
C1CCC(CCC2CCCC(C3CCCC4CC(C5CCCCC5)CCC43)C2)CC1
C1CCC(C2CCCC(CC3CCCC(C4CCCC4)C3)C2)CC1
C1CCC(CCCC2CCC(CC3CCCCC3)CC2)CC1
C1CCC(CCCC2CCC(CC3CCCC(C4CCCCC4)C3)CC2)CC1
C1CCC(CCC2CCC(C3CCCCC3)CC2C2CCC3CCCC3C2)CC1
C1CCC(CC2CCC3CCCCC32)CC1
C1CCC(C2CCCCC2C2CCCCC2C2CCCC2)CC1
C1CCC(C2CCCC(CC3CCC4CCCCC43)C2)CC1
C1CCC(C2CC3CC(C4CCCCC4C4CCCCC4)CCC3C(C3CCCCC3)C2)CC1
C1CCC(CC2CCCCC2CC2CCCCC2C2CCC3CCCCC3C2)CC1
C1CCC(CC2CCC(C3CCC(C4CCC4)CC3)CC2)CC1
C1CCC(CC2CCC(CCCC3CCC(C4CCCCC4)C3)CC2)CC1
C1CCC(C2CCC(CCC3CC4CCCCC4C(C4CCCCC4)C3)CC2)CC1
C1CCC(CC2CCC(CC3CCC(CCCC4CC5CCCCC5C4)CC3)CC2)CC1
C1CCC(CC2CCCC(C3CCCCC3)C2)CC1
C1CCC(C2CCCCC2C2CCCC2)CC1
C1CCC(C2CCC(C3CCCC(CC4CCCC4)C3)CC2)CC1
C1CCC(CC2CCC(CCCCCC3(C4CCC5CCCCC5C4)CC3)CC2)CC1
C1CCC(CC2CC(C3CCCCC3)C3CCCCC23)CC1
C1CCC(CC2CCC(CC3CCC(C4CCCCC4)CC3)CC2)CC1
C1CCC(CCCC2CC(CCC3CCCCC3)C3CCCCC23)CC1
C1CCC(CCC2CCCC(C3CC(C4CCCCC4)C4CCCCC34)C2)CC1
C1CCC(CC2CCCC(C3CCCCC3)C2)CC1
C1CCC(CC2CCC(C3CCCCC3)CC2)CC1
C1CCC(CC2CCC(C3CCC(C4CCCC4)CC3)CC2)CC1
C1CCC(C2CCC(C3CCCCC3C3CCCCC3)CC2)CC1
C1CCC(CC2CCC(CC3CCCCC3)CC2)CC1
C1CCC(CCCC2CCCC(C3CCC(C4CCC5CCCCC54)CC3)C2)CC1
C1CCC(CCCCC2CCC(CCC3CCC(CCC4CCCCC4)CC3)CC2)CC1
C1CCC(CC2CCCC(C3CCC(C4CCCCC4)CC3)C2)CC1
C1CCC(CCC2CCC(C3CCCCC3)CC2)CC1
C1CC(CC2CC3CCCCC3C2)CC(C2CCC(CC3CC4CCCCC4C3)CC2)C1
C1CCC(C2CCC(C3CCC(CC4CCC(CC5CC6CCCCC6C5)CC4)CC3)CC2)CC1
C1CCC(C2CCCC(C3CCCC(C4CCCCC4)C3)C2)CC1
C1CCC(C2CCC3CC(C4CCC5CCCCC54)CC(C4CCCCC4)C3C2)CC1
C1CCC(C2CCCC(C3CCCCC3C3CCCCC3)C2)CC1
C1CCC(CC2CCCC(C3CCCCC3)C2)CC1
C1CCC(CCCC2CCCC(C3CCCCC3)C2)CC1
C1CCC(CC2CCCCC2C2CCC(C3CCCC3)CC2)CC1
C1CCC(C2CCCC(C3CCC4C(CC5CCCC5)CC(C5CCCC5)C4C3)C2)CC1
C1CCC(CC2CCCC(C3CCCCC3)C2)CC1
C1CCC(C2CCC(C3CCCC(CC4CCC(C5CCCCC5C5CCCCC5)CC4)C3)CC2)CC1
C1CCC(CCC2CC(CC3CCCCC3)CCC2CC2CCCCC2)CC1
C1CCC(CC2CCC(CC3CCC(CC4CCC4)CC3)CC2)CC1
C1CCC(CC2CCC(C3CCCCC3C3CCC4CCCCC4C3)CC2)CC1
C1CCC(CC2CCC(CCCC3CCCCC3CC3CC4CCCCC4C3)CC2)CC1
C1CCC(CCC2CCC(CC3CCCCC3)CC2)CC1
C1CCC(CCC2CCC(C3CC3)C(C3CCC4CCCCC4C3)C2)CC1
C1CCC(CC2CCCC(C3CCCC(CC4CCCCC4)C3)C2)CC1
C1CCC(C2CCCC2C2CCCC(CC3CC4CCCCC4C3)C2)CC1
C1CCC(C2CCCC(CC3CCC4CC(C5CCCCC5)CCC4C3)C2)CC1
C1CCC(CC2CC(C3CCCCC3)CC(C3CCC4CCCCC43)C2)CC1
C1CCC(CCC2CCC(CC3CCCC(C4CCCCC4)C3)CC2)CC1
C1CCC(CCC2CCC(CC3CCCCC3)CC2)CC1
C1CCC(CC2CCCC(CC3CCCCC3C3CCCCC3)C2)CC1
C1CCC(CCCC2CCC(C3CCCCC3)CC2)CC1
C1CCC(CC2CCC(CC3CCC(CC4CCCCC4CC4CCCCC4)CC3)CC2)CC1
C1CCC(CC2CCC(CC3CCCCC3C3CCCC4CC(CC5CCCCC5)CC43)CC2)CC1
C1CCC(C2CCC(CC3CCC(CC4CC5CCCCC5C4)CC3)C2)CC1
C1CCC(CCC2CCC(C3CCCC(C4CCCCC4)C3)C(C3CCCC3)C2)CC1
C1CCC(CC2CC(CCCC3CCC(C4CCCCC4)C3)C3CCCCC23)CC1
C1CCC(CC2CCC(CC3CCC(C4CCCC4)CC3)CC2)CC1
C1CCC(CC2CCCC(C3CCCCC3)C2)CC1
C1CCC(CC2CCCCC2)CC1
C1CCC(CC2CCC(C3CCCCC3C3CC3)C(CC(C3CCCCC3)C3CCCCC3)C2)CC1
C1CCC(CC2CCCCC2C2CCCC(C3CCCCC3)C2)CC1
C1CCC(CC2CCC(CC3CC(C4CCCCC4)CCC3CCCCC3CC3)CC2)CC1
C1CCC(C2CCC(CC3CCC3)CC2)CC1
C1CCC(CCCCC2CCC(C3CCCCC3)CC2)CC1
C1CCC(C2CCCC(C3CCCCC3)C2)CC1
C1CCC(CCC2CCC(CC3CCCCC3)CC2)CC1
C1CCC(CC2CCCCC2CCC2CCC(C3CCC4CCCC(C5CCCCC5)C4C3)CC2)CC1
C1CCC(C2CCCCC2CCCC2CCC3CCCCC3C2)CC1
C1CCC(CC2CCCC(C3CCC(C4CCCCC4)CC3C3CCCC3)C2)CC1
C1CCC(CC2CCCCC2)CC1
C1CCC(CC2CCC(C3CC4CCC(CC5CCCCC5)CC4C(C4CCCCC4)C3)C2)CC1
C1CCC(CC2CCCC(C3CCC(C4CCCCC4)C(C4CCCCC4)C3)C2)CC1
C1CCC(CCCC2CCC(CC3CCCCC3)CC2CCC2CCCCC2)CC1
C1CCC(CC2CCCC(CC3CC(CC4CC5CCCCC5C4)C4CCCCC34)C2)CC1
C1CCC(C2CCCCC2C2CCC(C3CCC(C4CCC4)CC3)CC2)CC1
C1CCC(CC2CCC(CC3CCCCC3CC3CCCCC3)CC2)CC1
C1CCC(CCC2CCCC(CC3CCCCC3)C2)CC1
C1CCC(C2CCCC(C3CCCC(CCC4CC5CCCCC5C4)C3)C2)CC1
C1CCC(C2CCCC(CC3CCCC(C4CCC(CCC5CCCC5)CC4)C3)C2)CC1
C1CCC(CC2CCC(CC3CCC(CC4CCC(C5CCCCC5)CC4)CC3)CC2)CC1
C1CCC(CCC2CCCCC2C2CCC(C3CCCCC3)CC2)CC1
C1CCC(CC2CC(C3CCCCC3)C3CCCCC23)CC1
C1CCC(CC2CCCC(CC(CC3CCCCC3)C3CCCCC3)C2)CC1
C1CCC(CCC2CCC(C3CCC(C4CCCCC4)CC3)CC2)CC1
C1CCC(CCC2CCCCC2C2CCCCC2)CC1
C1CCC(CC2CCCC(C3CCCC(C4CCCCC4)C3)C2)CC1
C1CCC(C2CCC(CC3CCCCC3CCCC3CCCC3)C(C3CCCC3)C2)CC1
C1CCC(CCC2CCCC(CCC3CCCCC3)C2)CC1
C1CCC2CC(CC3CCC(C4CCCC4)C(CC4CCCCC4C4CCC5CCCC5C4)C3)CC2C1
C1CCC(C2CCCC(CCCC3CCC(CCC4CC5CCCCC5C4)CC3)C2)CC1
C1CCC(CC2CCCC(CCC3CCCC4CCCCC43)C2)CC1
C1CCC(CC2CCC(C3CCCCC3CC3CCCC(C4CCCCC4)C3)CC2)CC1
C1CCC(CC2CCC(CC3CCC(CC4CCCCC4C4CCCCC4)CC3)CC2)CC1
C1CCC(CCC2CCC(C3CCCCC3)CC2CC2CCCCC2)CC1
C1CCC(CC2CCCC(C3CC(CCCC4CC4)CC(C4CCCCC4)C3C3CCCC3)C2)CC1
C1CCC(CCC2CCC(C3CCCCC3)CC2CC2CCCCC2)CC1
C1CCC(CC2CCC(C3CCC(CC4CCCC4)CC3)CC2)CC1
C1CCC(CC2CCC(C3CCCC(C4CCC(CCC5CC5)CC4)C3)CC2)CC1
C1CCC(C2CCC(C3CCC(C4CCCCC4)CC3)CC2)CC1
C1CCC(CC2CCCC(CC3CCCCC3)C2)CC1
C1CCC(CCCC2CCCC(CC3CCCCC3)C2)CC1
C1CCC(C2CCCC(CCC3CCC(C4CCCC4)CC3)C2)CC1
C1CCC(C2CCCC(CCC3CCCC(C4CCCCC4)C3)C2)CC1
C1CCC(C2CCC(C3CCC(CC4CCCC4)CC3)C(C3CCCCC3)C2)CC1
C1CCC(C2CCCCC2C2CCCCC2C2CCCC(CC3CCC(CC4CCC(C5CC5)CC4)CC3)C2)C1
C1CCC(CC2CCCC(C3CCCCC3)C2)CC1
C1CCC(CC2CCCCC2C2CCCCC2)CC1
C1CCC(C2CCCC(C3CCCC(C4CCCCC4C4CCCCC4C4CCCC4)C3)C2)CC1
C1CCC(C(CC2CCCCC2CC2CCCC2)CC2CCCCC2C2CC2)CC1
C1CCC(C2CCC(CC3CC3)CC2CCC2CCC3CCCC3C2)CC1
C1CCC(C2CCCC(CC3CCC4CCCCC43)C2)CC1
C1CCC(C2CCC(C3CCC(CCC4CCCC4)CC3)CC2)CC1
C1CCC(CC2CCC(C3CCC(C4CCCCC4)CC3C3CCCC3)CC2)CC1
C1CCC(CC2CCC(CC3CCCC(CCC4CCCC(C5CCCCC5)C4)C3)CC2)CC1
C1CCC(C2CCCC(CC3CCC(C4CCCC4)CC3)C2)CC1
C1CCC(CCC2CC(CC3CCCCC3)CCC2C2CCC(C3CCCCC3)CC2)CC1
C1CCC(CC2CCC(C3CCCCC3C3CCCC3)CC2)CC1
C1CCC(CCCC2CCC(C3CCCCC3)CC2)CC1
C1CCC(CCCC2CC(CC3CCCCC3)CCC2C2CCCCC2)CC1
C1CCC(CCC2CCCC(CC3CCCCC3)C2)CC1
C1CCC(C2CCC(CC(C3CCCCC3)C3CCC3)CC2)CC1
C1CCC(C2CCCC(CC3CCC(CC4CCCC4)CC3)C2)CC1
C1CCC(CCCCCC2CCCCC2CC2CCCC(C3CCCCC3)C2)CC1
C1CCC(CCC2CCCC(C3CCCCC3)C2)CC1
C1CCC(CC2CC(CCC3CCCCC3C3CCCCC3)C3CCCCC23)CC1
C1CCC(C2CCC(CC3CCCC(C4CCCCC4)C3)CC2)CC1
C1CCC(CCC2CC(CC3CCCCC3CC3CCCCC3)C3CCCCC23)CC1
C1CCC(CC2CCC3C(CCCC3C3CCC(C4CCCCC4)CC3)C2)CC1
C1CCC(CCC2CCCC(C3CCC4CCCCC43)C2)CC1
C1CCC(CCC2CCC3C(CC4CCCC(C5CCCCC5)C4)CC(CC4CC4)C3C2)CC1
C1CCC(CC2CCC(CC3CCCC(CC4CC5CCCCC5C4)C3)CC2)CC1
C1CCC(CC2CCC(CCC3CCCC(C4CCCCC4)C3)CC2)CC1
C1CCC(CC2CC(C3CCC4CCCCC43)CC3CC(C4CCCCC4)CC23)CC1
C1CCC(CCC2CCC(C3CCCCC3)CC2CC2CCCCC2)CC1
C1CCC(C(C2CCCC(C3CCCC3)C2)C2CCCC(C3CCC4CCCCC4C3)C2)CC1
C1CCC(CC2CCC(C3CCCCC3)CC2C2CCCC(C3CCCC(C4CCCCC4)C3)C2)CC1
C1CCC(CC2CCCCC2)CC1
C1CCC(CCCC2CCC(CC3CCCC4CCCCC43)CC2)CC1
C1CCC(CC2CCC(C3CCCCC3C3CCCCC3)CC2)CC1
C1CCC(CCCC2CCC(CCC3CCCCC3)CC2)CC1
C1CCC(C2CCC(C3CCCCC3)CC2)CC1
C1CCC(CCCCC2CCC(CC3CCC(C4CCCCC4)CC3)CC2)CC1
C1CCC(CCCC2CCCCC2C2CC2)CC1
C1CCC(CC2CCC(CC3CCCCC3C3CCC(C4CCCCC4)CC3)CC2)CC1
C(CCCC1CCCCC1CC1CCCCC1)CCC1CCCCC1
C1CCC(CC2CCC3C(C2)C(CC2CCCCC2)CC3C2CCCCC2)CC1
C1CCC(CCC2CCCC(CC3CCCCC3)C2)CC1
C1CCC(CCCC2CCCC(C3CCCC(C4CCCCC4)C3)C2)CC1
C1CCC(CCCC2CCCC(CCCCC3CCC(CC4CCCCC4)CC3)C2)CC1
C(CCCC1CCC2C(CC3CCCCC3)CCC2C1)CCC1CCC(CC2CCCCC2)CC1
C1CCC(C2CCC(C3CCCC4CC(C5CCCCC5)CC43)CC2)CC1
C1CCC(C2CCCC(CC3CCC(C4CCCCC4)CC3C3CCCCC3)C2)CC1
C1CCC(CC2CCCCC2C2CCC(CC3CCC(CC4CCC(C5CCCCC5)CC4)CC3)CC2)CC1
C1CCC(CC2CCC(C3CCCCC3)CC2)CC1
C1CCC(CCC2CCC(CC3CCCCC3)CC2)CC1
C1CC2CCC(C3CCCCC3C3CC(CC4CC4)C4CCCCC43)CC2C1
C1CCC(CCCC2CCCC(C3CCCCC3)C2)CC1
C1CCC(CC2CCC(C3CCC(C4CCCCC4C4CCC5CCCCC5C4)CC3)CC2)CC1
C1CCC(C2CCC(CCCC3CCC(CCCC4CCCC4)CC3)CC2)CC1
C1CCC(CC2CCC(CC3CC4CCCCC4C3)CC2)CC1
C1CCC(CC2CC(CCC3CCCC(C4CCCCC4)C3)C3CCCCC23)CC1
C1CCC(C2CCCC(C3CCCC(CCC4CCC5CCCCC54)C3)C2)CC1
C1CCC(CC2CCC(C3CCCC(C4CCCCC4)C3)CC2)CC1
C1CCC(CCC2CCC(C3CCCCC3CC3CCCCC3)CC2)CC1
C1CCC(CCCCC2CCCC(CC3CCCC(CC4CCCCC4)C3)C2)CC1
C1CCC(CCCC2CCC(CCC3CCCCC3)CC2)CC1
C1CCC(CCC2CCC(CC3CCCCC3)CC2)CC1
C1CCC(CC2CC(C3CCC(C4CCC5CCCC5C4)CC3)C3CCCCC23)CC1
C1CCC(C2CCCCC2)CC1
C1CCC(C2CCC(C3CCCCC3)CC2)CC1
C1CCC(C2CCCCC2CCC2CCC(C3CCCCC3C3CCC4CCCC4C3)CC2)CC1
C1CCC(C2CCCCC2CC2CCCCC2C2CCCCC2)CC1
C1CCC(CC2CCCCC2)CC1
C1CCC(CC2CCCC(CCC3CCC(C4CCCCC4)CC3)C2)CC1
C1CCC(C2CCCCC2C2CCC(C3CCCC(C4CCCC4)C3)CC2)CC1
C1CCC(C2CCC(C3CCCCC3)CC2)CC1
C1CCC(CC2CCCCC2C2CCC(C3CCCCC3)C2)CC1
C1CCC(CCCC2CCC(CC3CCCCC3)CC2)CC1
C1CCC(C2CCCC(CCC3CCC(CC4CC4)CC3)C2)CC1
C1CCC(CCC2CCCC(CC3CCCCC3C3CCCCC3)C2)CC1
C1CCC(C2CCCCC2CC2CCC3CCCCC3C2)CC1
C1CCC(CC2CCCC(C3CCC(C4CCCCC4CC4CCCCC4)CC3)C2)CC1
C1CCC(C2CCCC(C3CCCC(C4CCCCC4)C3)C2)CC1
C1CCC(CC2CC(C3CCCCC3)CC3CCCCC32)CC1
C1CCC(CCCCC2CCCC(C3CCCC(C4CCCCC4)C3)C2)CC1
C1CCC(C2CCC(CC3CCCC(CC4CCC5CCCCC5C4)C3)CC2)CC1
C1CCC(CCCC2CCC(CC3CCC(CC4CCC5CCCCC5C4)CC3)CC2)CC1
C1CCC(C2CCC3C(C4CCCCC4)CC(C4CCCCC4)C3C2)CC1
C1CCC(C2CC(C3CCCCC3)C3CCCCC23)CC1
C1CCC2CC(CC3CCCC(C4CCC5CCC(C6CCCCC6C6CCCC6)CC5C4)C3)CC2C1
C1CCC(CCC2CCC(C3CCCCC3)CC2)CC1
C1CCC(CC2CCC(C3CCCCC3)CC2)CC1
C1CCC(CC2CCC(CC3CCCC3)CC2)CC1
C1CCC(C2CCC(C3CCCCC3C3CCCCC3)CC2)CC1
C1CCC(C2CC(CC3CCCC(C4CC5CCCCC5C4)C3)C3CCCCC32)CC1
C1CCC(CC2CC(CC3CCCCC3)C3CC(C4CCCCC4)CCC23)CC1
C1CCC(CC2CCC(C3CCCC(CC4CCCCC4)C3)CC2)CC1
C1CCC(CCCCC2CCCC(C3CCCCC3)C2)CC1
C1CCC(CCCC(C2CCCCC2)C2CCCC(C3CCCCC3)C2)CC1
C1CCC(CC(C2CCCCC2)C2CCCCC2)CC1
C1CCC(CCC2CCC(CC3CCCCC3)CC2CCC2CCCCC2)CC1
C1CCC(CC2CC(C3CCCCC3)CCC2C2CCCCC2)CC1
C1CCC(CCCC2CCCC(C3CCCCC3)C2)CC1
C1CCC(CC2CCCC(C3CC(CCC4CCC(C5CC5)CC4)CC(C4CCC4)C3)C2)C1
C1CCC(CCC2CCC(C3CCCC(CC4CCC(CC5CCCCC5)CC4)C3)CC2)CC1
C1CCC(C2CCC(C3CCCC(C4CCCCC4)C3)CC2)CC1
C1CCC(CCC2CC(CC3CCCC(CC4CCCCC4)C3)C3CCCCC23)CC1
C1CCC(C2CCC(C3CCCC(CC4CC5CCCCC5C4)C3)CC2)CC1
C1CCC(C2CCCC(C3CCCC(C4CCCCC4)C3)C2)CC1
C1CCC(C2CCCC(C3CCC(C4CCCC(C5CCCC5)C4)CC3)C2)CC1
C1CCC(C2CCCC(C3CCCC(C4CCC5CCCCC5C4)C3)C2)C1
C1CCC(C2CCC(CC3CCCCC3C3CCC4CCCCC4C3)CC2)CC1
C1CCC(CC2CCC(CC3CCCC(C4CCCCC4CC4CCCCC4)C3)CC2)CC1
C1CCC(CC2CCC(C3CCCCC3)CC2)CC1
C1CCC(C2CCC3CCCC(C4CCCCC4)C3C2)CC1
C1CCC(CCC2CCC(CC3CCCCC3)CC2)CC1
C1CCC(CC2CCCC3CC(C4CCCCC4C4CCCC(C5CCCCC5)C4)CCC23)CC1
C1CCC(C2CCCC(C3CCCCC3CC3CC4CCCCC4C3)C2)C1
C1CCC(C2CCC(CC3CCC(CCCC4CCC(C5CCCCC5)C4)CC3)CC2)CC1
C1CCC(CC2CCC(C3CCC4CC(CC5CCCCC5)CC(C5CCCCC5)C4C3)CC2)CC1
C1CCC(CC2CCC(C3CCCC(CC4CCC5CCCCC54)C3)C(C3CCCC3)C2)CC1
C1CCC(CC2CCC(CC3CCCCC3)CC2)CC1
C1CCC(CC2CCCCC2CC2CC(C3CCCCC3)C3CCCCC23)CC1
C(CCC1CCCCC1C1CC1)CC1CCCC(CC2CC3CCCCC3C2)C1
C1CCC(CCCC2CCC(C3CCC(CC4CCCC4)CC3)CC2)CC1
C1CCC(CC2CCC(C3CCC(C4CCCCC4)CC3)CC2)CC1
C1CCC(CC2CCC(C3CCCC(C4CC4)C3)CC2)CC1
C1CCC(CCC2CCC(CC3CCCCC3)CC2)CC1
C1CCC(C2CCCC(C3CC(C4CCCCC4)CC(C4CC4)C3)C2)CC1
C1CCC(C(C2CCC(CCC3CC3)CC2)C2CCCC(C3CCCC(C4CCCC4)C3)C2)CC1
C1CCC(CC2CCC(CC3CCCCC3C3CCCCC3CC3CC3)CC2)CC1
C1CCC(CCCC2CCCC(C3CCC(CC4CCC(C5CC5)CC4)CC3)C2)CC1
C1CCC(CC2CCCC(C3CCC3)C2)CC1
C1CCC(C2CCC(C3CCCCC3)C(C3CCCCC3)C2)CC1
C1CCC(CC2CCC(C3CCCC(CC4CCC(C5CCCC(C6CCCC6)C5)CC4)C3)CC2)CC1
C1CCC(CCCC2CC(C3CCCC3)CCC2C2CCC3CCCC3C2)CC1
C1CCC(CCCC2CCCC(C3CCCC(C4CCCC(C5CCCCC5)C4)C3)C2)CC1
C1CCC(CCCCC2CCC(CC3CCC(CC4CCCCC4)CC3)CC2)CC1
C1CCC(C2CCC(C3CCCC(C4CCCC4)C3)CC2)CC1
C1CCC(C2CCCC(CCCC3CCC(C4CCC5CCCC5C4)CC3)C2)CC1
C1CCC(CCCC2CCC(C3CCCC(C4CCCCC4)C3)CC2)CC1
C1CCC(C2CCCC(C3CCC(CC4CC(CCCC5CCCC5)C5CCCCC45)CC3)C2)CC1
C1CCC(CC2CCCCC2C2CCCCC2C2CCC3CCCCC3C2)CC1
C1CCC(C2CCCC3CC(C4CCCCC4C(C4CCCCC4)C4CC5CCCCC5C4)CCC32)CC1
C1CCC2CC(CC3CCCC(C4CCCCC4C4CCCC4)C3)CC2C1
C1CCC(C2CCC3C(CCCC3C3CCCCC3)C2)CC1
C1CCC(CC2CCC(C3CCCC(C4CCC(C5CCCCC5C5CCCCC5)CC4)C3)CC2)CC1
C1CCC(CC2CCC(CC3CCC(C4CCCC(CC5CC6CCCCC6C5)C4)CC3)CC2)CC1
C1CCC(CC2CCCCC2C2CCCCC2C2CCCCC2)CC1
C1CCC(C2CCCC(C3CCCC(C4CCCCC4)C3)C2)CC1
C1CCC(C2CCC(C3CCCCC3)CC2)CC1
C1CCC(CC2CCC(CC3CCC(C4CCC(C5CCCCC5)CC4)CC3)CC2)CC1
C1CCC(CC2CCCC(C3CCCC(C4CCC(C5CCCCC5)C5CCCC45)C3)C2)CC1
C1CCC(CC2CCC(C3CCCCC3C3CCC4CCCCC4C3)CC2)C1
C1CCC(CC2CC(CC3CCCCC3)CC(C3CCCCC3C3CCCCC3)C2)CC1
C1CCC(CCCC2CCCC(C3CCCCC3)C2)CC1
C1CCC(CC2CCC(CC3CCCCC3)CC2)CC1
C1CCC(C2CCC(CCC3CCC(C4CCCCC4)CC3C3CC3)C(C3CCCC3)C2)CC1
C1CCC(CCC2CCCCC2)CC1
C1CCC(CC2CCC(CCC3CCCC(CC4CCC5CCCCC5C4)C3)CC2)C1
C1CCC(CC2CC(CCCC3CCC(C4CCCCC4)CC3)C3CCCCC23)CC1
C1CCC(CCCC2CCCC(CC3CCCCC3)C2)CC1
C1CCC(CC2CCCCC2C2CCC3C(CCCC3C3CCCCC3)C2)CC1
C1CCC(CCC2CCC(C3CCCCC3)CC2)CC1
C1CCC(CCCCCC2CCCC(C3CCCC(C4CCCCC4)C3)C2)CC1
C1CCC(CCCC2CCCC(C3CCCCC3)C2)CC1
C1CCC(C2CCCCC2C2CCCC2)CC1
C1CCC(CCC2CCC(CC3CCCCC3)CC2)CC1
C1CCC(CC2CCC(CC3CCCC3)CC2)CC1
C1CCC(C2CCCCC2CC2CC(C3CCC4CCCCC4C3)C3CC(C4CCC4)CCC23)CC1
C1CCC(C2CCCCC2C2CCCC(C3CCCC(C4CCCC4)C3)C2)CC1
C1CCC(CC2CCCCC2C2CCCC(C3CCCC3CC3CCCCC3)C2)CC1
C1CCC(CC2CCC(C3CCCCC3CC3CCCCC3)CC2)CC1
C1CCC(CC2CCCC(CCC3CCCC(C4CCCC4)C3)C2)CC1
C1CCC(C2CCC(C3CCC(C4CCC4)CC3)CC2)CC1
C1CCC(CCC2CC(C3CCCCC3C3CCCCC3)C3CCCCC23)CC1
C1CCC(CC2CCCC(C3CCCCC3CC3CCCCC3)C2)CC1
C1CCC2C(C1)CCC2CC1CCC(C2CCC(C3CC3)CC2)CC1
C1CCC(CC2CCC(C3CCCC3)CC2)CC1
C1CCC(CC2CCC(CCC3CCC(CC4CC5CCCCC5C4)CC3)CC2)CC1
C1CCC(CCC2CCC(C3CCCCC3)CC2)CC1
C1CCC(CCC2CCC(C3CC(C4CCCC(CC5CCC(C6CCCC6)CC5)C4)C4CCCCC34)CC2)CC1
C1CCC(C2CCCC(CC3CCCC(C4CCC5CCCCC5C4)C3)C2)CC1
C1CCC(CCCC2CCC(C3CC3)CC2C2CCCCC2)CC1
C1CCC(CC2CC(CCC3CCC(C4CCCCC4)CC3)C3CCC(C4CCCCC4)CC23)CC1
C1CCC(CC2CCCCC2C2CCCC(C3CCCC(CC4CCCC4)C3)C2)CC1
C1CCC(C2CCCC(CC3CCCC(C4CCCC(CCC5CC5)C4)C3)C2)CC1
C1CCC(CCCC2CCCCC2)CC1
C1CCC(CC2CCC(C3CCCCC3)C(CC3CC3)C2)CC1
C1CCC(CC2CCCC(C3CCCCC3)C2)CC1
C1CCC(CC2CCC(CC3CCC(C4CCCCC4)CC3)CC2)CC1
C1CCC(CCCC2CCC(C3CCCCC3C3CCC4CCCC4C3)CC2)CC1
C1CCC(CCC2CCCC(C3CCCCC3)C2)CC1
C1CCC(CC2CCC(C3CCCCC3C3CCCCC3)CC2)CC1
C1CCC(C2CCC(C3CCCCC3)CC2)CC1
C1CCC(CCC2CCCC(CCC3CCC(C4CCCCC4)CC3)C2)CC1
C1CCC(CCC2CCC(CC3CCCCC3)C(CCCC3CCCC3)C2)CC1
C1CCC(CCC2CCC(CCC3CCCCC3CCC3CCCCC3)CC2)CC1
C1CCC(CC2CCCCC2CC2CCCC(C3CCC(C4CCC5CC(C6CC6)CCC5C4)CC3)C2)CC1
C1CCC(CC2CCCCC2C2CC(CCC3CCC4CCCC4C3)C3CCCCC32)CC1
C1CCC(CC2CC(C3CCCC(C4CCCCC4)C3)CCC2CC2CCCC2)CC1
C1CCC(C2CCCC(CC3CC4CCCC(C5CCCC5)C4C3)C2)CC1
C1CCC(C2CCC(C3CCCCC3)CC2)CC1
C1CCC(CCC2CCCC(C3CCC(C4CCCC(C5CCCCC5)C4)CC3)C2)CC1
C1CCC(CCC2CCC(CC3CCC(CC4CCC(C5CCC6CCCCC65)CC4)CC3)CC2)CC1
C1CCC(CC2CCCC(C3CCCCC3)C2)CC1
C1CCC(C2CCCC(C(CC3CC3)C3CCC(CCC4CCC(CC5CCCC5)CC4)CC3)C2)CC1
C1CC(CC2CCCC(CCC3CCC(CC4CCCC5CCCCC54)CC3)C2)C1
C1CCC(CC(CCC2CC3CCCCC3C2)C2CCCC(C3CCC4CCCCC4C3)C2)CC1
C1CCC(CC2CCCCC2C2CCCC2)CC1
C1CCC(CCC2CCCCC2CC2CCCCC2)CC1
C1CCC(CCC2CCCCC2C2CCCCC2C2CCCC(C3CCCC3)C2)CC1
C1CCC(CCC2CCCC(C3CCCCC3)C2)CC1
C1CCC(CC2CCCC(CCCCCC3CCC4CCCCC4C3)C2)CC1
C1CCC(CC(C2CCCC(C3CCCCC3)C2)C2CCCC(C3CCCC3)C2)CC1
C1CCC(CCC2CCCCC2CC2CCCCC2C2CCCC2)CC1
C1CCC(C2CCCC(CC(CC3CCCCC3C3CCCC3)C3CCCCC3)C2)CC1
C1CCC(CC2CCCCC2C2CCC(CC3CCCC3)CC2)CC1
C1CCC(CCCCC2CCC(CC3CCC(CC4CCCCC4)CC3)CC2)CC1
C1CCC(CCCC2CCCC(C3CCC(CC4CCCCC4)CC3)C2)CC1
C1CCC(CCC2CCC(CC3CCC4CCCCC4C3)CC2)CC1
C1CCC(CC2CCC(CC3CCCC(CC4CCCCC4)C3)CC2)CC1
C1CCC(CC2CCCCC2)CC1
C1CCC(C2CCCC(CCC3CCC(C4CC(C5CCCCC5)C4)CC3)C2)CC1
C1CCC(CC2CCC(C3CCCCC3)C(C3CCCCC3)C2)CC1
C1CC2CCC(C3CCCC(C4CCC(C5CC6CCCCC6C5)CC4)C3)CC2C1
C1CCC(C2CCCC(CC3CCCCC3C3CCCCC3)C2)CC1
C1CCC(CC2CCC(C3CCC(CC4CCC5CCCCC54)CC3)CC2)CC1
C1CCC(C2CCCC(C3CCCCC3)C2)CC1
C1CCC(CC2CCC3C(C2)C(CC2CCCCC2)CC3C2CCCCC2)CC1
C1CCC(C2CCCC(C3CCCCC3)C2)CC1
C1CCC(CC2CCCC(C3CCC(CC4CCC(C5CCCCC5)CC4)CC3)C2)CC1
C1CCC(C2CCC(C3CCCC(C4CCC(C5CCCCC5C5CCCC5)CC4)C3)C2)CC1
C1CCC(CC2CCCCC2C2CCCCC2)CC1
C1CCC(CC2CCC(C3CCC(CCC4CCCC4)CC3)CC2)CC1
C1CCC(CCC2CC(C3CCC4CCCCC43)CC3CCCCC32)CC1
C1CCC(C2CCCCC2C2CCCC(CC3CC4CCCCC4C3)C2)CC1
C1CCC(CCC2CCCC(C3CCC(CC4CCCCC4)C3)C2)CC1
C1CCC(CC2CCC(C3CCCCC3C3CCC4CCCC4C3)CC2)C1
C1CCC(CCCCC2CCC(C3CCCCC3)CC2)CC1
C1CCC(C2CC(C3CCCCC3)C(C3CCCCC3C3CCC4CCCC4C3)C3CCCC23)CC1
C1CCC(CC2CCCC(CC3CCCC(C4CCCCC4)C3)C2)CC1
C1CCC(CCC2CC(C3CCCC3)CC(C3CCCC(CC4CCCCC4)C3)C2)CC1
C1CCC(C2CCCCC2)CC1
C1CCC(CC2CCC(CCC3CC(C4CCCCC4)C4CCCCC34)CC2)CC1
C1CCC(CCC2CCCC(CC3CCCCC3)C2)CC1
C1CCC(CCC2CCC(C3CCCCC3)CC2)CC1
C1CCC(CC2CCCCC2C2CCCC(CC3CC(C4CCCC4)C4CCCCC34)C2)CC1
C1CCC(C2CC(C3CCCCC3)C(C3CC3)C(C3CCCCC3)C2)CC1
C1CCC(CCC2CCCC(C3CCCCC3)C2)CC1
C1CCC(CC2CCC(CC3CCC(C4CCCCC4)CC3)CC2)CC1
C1CCC(CC2CCC(CCC3CCCC(C4CCC4)C3)CC2)CC1
C1CCC(CC2CCC(C3CCC(C4CCC5CCCCC5C4)CC3)CC2)CC1
C1CCC(C2CCC(C3CCC4CCCCC43)CC2)CC1
C1CCC(CC2CCCC(C3CCCCC3)C2)CC1
C1CCC(CC2CCC(C3CCCCC3)CC2)CC1
C1CCC(CC2CCC(CCCC3CC(CC4CCCC4)C4CCCCC34)CC2)CC1
C1CCC(CC2CCCC(C3CCCC(CC4CC4)C3C3CCCCC3)C2)CC1
C1CCC(CCC2CCCC(CCCC3CCC(C4CCCCC4)CC3)C2)CC1
C1CCC(C2CCCCC2CC2CCC(C3CCCC3)CC2)CC1
C1CCC(CCC2CCC(C3CCCCC3)CC2)CC1
C1CCC(CCC2CCC3CCC(C4CCCCC4)C3C2)CC1
C1CCC(CC2CCC3CC(C4CCCCC4)CCC3C2)CC1
C1CCC(CCC2CCC(C3CCC3)C(C3CCCC(C4CCCCC4)C3)C2)CC1
C1CCC(CC2CCCC(C3CCCC(CC4CCCCC4)C3)C2)CC1
C1CCC(C2CCCC(C3CCC(C4CCCCC4C4CCC5CCCCC54)CC3)C2)CC1
C1CCC(CC2CCCC(C3CCC(C4CCCCC4)CC3)C2)CC1
C1CCC(C2CCC(CC3CCC4CCCCC43)CC2)CC1
C1CCC(CC2CC(CC3CCCC(C4CCCC4)C3)C3CCCCC23)CC1
C1CCC(CCCC2CC(C3CCCCC3)CCC2C2CCCCC2)CC1
C1CCC(CCCC2CCC(C3CCC(C4CCC(CC5CCCCC5)CC4)CC3)CC2)CC1
C1CCC(CCCC2CC(C3CCCCC3CCC3CCCCC3)C3CCCCC23)CC1
C1CCC(CCCC2CC(CC3CC3)C(C3CCCCC3)C(C3CCCCC3)C2)CC1
C1CCC(CCC2CCCC(CC3CCCCC3)C2)CC1
C1CCC(CC2CCCCC2C2CCCC(CC3CCCC3)C2)CC1
C1CCC(C2CCC(CCC3CCCCC3CC3CCC(C4CCCC(C5CCC6CCCC6C5)C4)CC3)CC2)CC1
C1CCC(CC2CCC(CC3CCC(C4CCCCC4)CC3)CC2)CC1
C1CCC(CC2CC(C3CCCCC3)C3CC(CC4CCC(C5CC5)CC4)CCC23)CC1
C1CCC(C2CCCC(CCC3CCCCC3C3CCC(C4CCC(C5CCC(C6CCCC6)CC5)CC4)CC3)C2)CC1
C1CCC(CCC2CCC(C3CCCC(C4CCCCC4C4CCCCC4)C3)CC2)CC1
C1CCC(CCC2CCCC(CCC3CCCCC3)C2)CC1
C1CCC(CCC2CCC(CC3CCC(CC4CCCCC4)CC3)CC2)CC1
C1CCC(CCC2CCCC(C3CCCCC3)C2)CC1
C1CCC(C2CCCCC2)CC1
C1CCC(CC2CCC(CC3CCCC(C4CCCCC4)C3)CC2)CC1
C1CCC(CCCC2CCC(C3CCCC(C4CCCCC4)C3)CC2)CC1
C1CCC(CCC2CCCC(C3CCCCC3)C2)CC1
C1CCC(CCCC2CC(CC3CCCCC3)CCC2C2CCCCC2)CC1
C1CCC(CC2CCC(C3CCCCC3)CC2C2CCCCC2)CC1
C1CCC(CC2CCCC(C3CCCC(CC4CCCCC4)C3)C2)CC1
C1CCC(CC2CCC(C3CCCC3)C(C3CCCCC3)C2)CC1
C1CCC(CC2CCCCC2C2CCC(C3CCCCC3)CC2CC2CC2)CC1
C1CCC(CCC2CCC(C3CCCCC3)C(C3CCCCC3)C2)CC1
C1CCC(C2CCCC(CCC3CC4CCCCC4C3)C2)CC1
C1CCC(CC2CCC(CC3CCCC(C4CCCCC4C4CCCCC4)C3)CC2)CC1
C1CCC(CCCC2CCCCC2CC2CCCCC2C2CCC3CCCCC3C2)CC1
C1CCC(CC2CCCCC2C2CCC(C3CCC4CCCCC4C3)CC2)CC1
C1CCC(CCC2CCCCC2)CC1
C1CCC(CC2CCC(C3CCCC(CC4CCCCC4)C3)CC2)CC1
C1CCC(C2CCC(C3CCC(CC4CCC5CCCCC54)CC3)CC2)C1
C1CCC(C2CCC(CC3CCCC(C4CCCCC4)C3)CC2)CC1
C1CCC(C2CCC(C3CCC(C4CCCCC4)C(C4CCCC4)C3)CC2)CC1
C1CCC(CCC2CC(CC3CCCCC3)CCC2CC2CCCCC2)CC1
C1CCC(CCC2CCCC(CC3CCC(CC4CCC(CCC5CCCC5)CC4)CC3)C2)CC1
C1CCC(C2CCCC(CCC3CCCCC3C3CCCC3)C2)CC1
C1CCC(CCC2CCCC(CCC3CCCCC3)C2)CC1
C1CCC(CCC2CCC(C3CCCC(C4CCCCC4C4CCCCC4)C3)CC2)CC1
C1CCC(C2CCCC3CC(CC4CCC(CCCCC5CC5)CC4)CCC32)CC1
C1CCC(C2CCC3C(CCC3C3CCCC3)C2)CC1
C1CCC(C2CCCCC2)CC1
C1CCC(CCCC2CCC(C3CCCCC3CC3CCCCC3)C2)CC1
C1CCC(CCC2CCC(CCCC3CCC(C4CCCCC4)CC3)CC2)CC1
C1CCC(CC2CCCCC2CC2CCC3CCCCC32)CC1
C1CCC(CC2CCCC(C3CCC(CC4CCC(C5CCC6CCCCC65)CC4)CC3)C2)CC1
C1CCC(CCCCCC2CCCC(C3CCCC(C4CCCC4)C3)C2)CC1
C1CCC(CCC2CC(C3CCCCC3)CC(C3CCCCC3)C2)CC1
C1CCC(CC(C2CCC(C3CCCCC3)CC2)C2CCC3CCCC3C2)CC1
C1CCC(C2CCCCC2)CC1
C1CCC(CC2CCCC(C3CCC4CCCCC4C3)C2)CC1
C1CCC(CC2CCC(CC3CCC(C4CCCCC4)CC3)CC2)CC1
C1CCC(C2CCCCC2)CC1
C1CCC(CCCC2CCCCC2)CC1
C1CCC(CCCC2CCCC(CCC3CCCCC3)C2)CC1
C1CCC(CCC2CCC(C3CCCCC3C3CCCCC3)CC2)CC1
C1CCC(CC2CCC(C3CC(CC4CCCCC4)C4CCCCC43)CC2)CC1
C1CCC(CCC2CCC(CC3CCC(C4CCCCC4)CC3)CC2)CC1
C1CCC(C2CCC(C3CCCC3)CC2C2CCCCC2)CC1
C1CCC(C2CCC(C3CC(C4CCCCC4)C4CCCCC34)CC2)CC1
C1CCC(C2CCCCC2CC2CCCC(CC3CC4CCCCC4C3)C2)CC1
C1CCC(CC2CCCC(CCC3CC4CCCCC4C3)C2)CC1
C1CCC(CCC2CCCCC2C2CCCCC2)CC1
C1CCC(C2CCCC(C3CCCC4CCC(CC5CCC6CCCCC65)CC43)C2)CC1
C1CCC(C2CCCCC2)CC1
C1CCC(CC2CCC(CC3CCC(CC4CC(C5CCCCC5)C5CCCCC45)CC3)CC2)CC1
C1CCC(CC2CCCC(CC3CCCC(C4CCCCC4)C3)C2)CC1
C1CCC(CCC2CCCCC2C2CCC(C3CCCCC3)CC2)CC1
C1CCC(CC2CCCCC2C2CCC3CC(C4CCC5CCCCC54)CCC3C2)C1
C1CCC(C2CCC(C3CCCC3C3CCCCC3CCC3CC4CCCCC4C3)CC2)CC1
C1CCC(CC2CCCC(C3CCCCC3C3CCCC(CC4CC5CCCCC5C4)C3)C2)CC1
C1CCC(CC2CC(C3CCCCC3CC3CCCCC3)C3CCCCC23)CC1
C1CCC(C2CCCC(CC3CCCCC3C3CCCCC3)C2)CC1
C1CCC(C2CCCCC2C2CCCCC2)CC1
C1CCC(CC2CCCC(C3CCC(C4CCCC4)CC3)C2)C1
C1CCC(CCCCC2CCC(CC3CCC(C4CCCCC4)CC3)CC2)CC1
C1CCC(CC2CCCC(C3CCC4CC(CCC5CCCCC5C5CCCCC5)CC4C3)C2)CC1
C1CCC(C2CCCCC2CC2CCC(CC3CC4CCCCC4C3)CC2)CC1
C1CCC(CC2CCCCC2C2CCCCC2)CC1
C1CCC(C2CCCC(CCCC3CCC3)C2)CC1
C1CCC(CC2CCC(CCCC3CCC(C4CCCCC4)CC3)CC2)CC1
C1CCC(C2CCCC(C3CCCCC3)C2)CC1
C1CCC(CC2CCC(CC3CCC(C4CCCCC4C4CCCCC4)C3)CC2)CC1
C1CCC(CC2CCC(C3CCCCC3)C(C3CCCCC3)C2)CC1
C1CCC(CC2CC(C3CCC(CCC(CCC4CCCC(C5CCCCC5)C4)C4CCCCC4)CC3)C2)CC1
C1CCC(CC2CCCC(CCC3CCCC(C4CCCCC4)C3)C2)CC1
C1CCC(CCCC2CCCC(C3CCCCC3)C2)CC1
C1CCC(CC2CCCCC2CCC2CCCCC2C2CCCCC2)CC1
C1CCC(CCCCC2CCC(C3CCCCC3)CC2)CC1
C1CCC(CCC2CCC(CC3CCCC3)CC2C2CCCCC2)CC1
C1CCC(C2CCC(C3CC(C4CCC5CCCCC54)CC4CCCCC43)CC2)CC1
C1CCC(C2CCC3CC(C4CCC5CCCCC54)CC(C4CCCCC4)C3C2)CC1
C1CCC(C2CC(C3CCC4CCCCC43)CC3CCCCC32)CC1
C1CCC(C2CCCCC2)CC1
C1CCC(CCCCC2CCCCC2C2CCCCC2)CC1
C1CCC(C2CCC(C3CC3)CC2C2CCCCC2)CC1
C1CCC(CC2CC(CCC3CCC(CC4CCC(C5CCCC5)CC4)CC3)C3CCCCC23)CC1
C1CCC(CCCC2CCC(C3CC(C4CCCCC4)C3)CC2)CC1
C(CCCC1CCC(C2CCCCC2)C(C2CC2)C1)CCC1CCCC(C2CCCCC2)C1
C1CCC(CC2CCC(C3CCCCC3)CC2)CC1
C1CCC(C2CCCC(C3CC(C4CCCCC4)CC(C4CCCCC4)C3)C2)CC1
C1CCC(CC2CCC(CC3CCCC(CC4CCC5CCCCC54)C3)CC2)CC1
C1CCC(C2CC3CCC(CC4CCCC4)CC3C(C3CCCCC3)C2)CC1
C1CCC(CC2CCC(CC3CCC(CC4CCC(C5CCCCC5)CC4)CC3)CC2)CC1
C1CCC(C2CCCCC2)CC1
C1CCC(C2CCCCC2CCC2CCCCC2C2CC3CCCCC3C2)CC1
C1CCC(CCC2CCCCC2CC2CCCCC2)CC1
C1CCC(C2CCCC(CC3CCC(C4CCC5CCCC5C4)CC3)C2)CC1
C1CCC(CC2CCCC3CC(C4CCCC4C4CCCCC4)CCC23)CC1
C1CCC(CC2CCCCC2C2CCC(C3CCCCC3)CC2)CC1
C1CCC(CC2CCCC(CCCC3CCC3)C2)CC1
C1CCC(CC2CCC(CCCC3CCCC(CC4CCC5CCCC5C4)C3)CC2)CC1
C1CCC(CC2CCC(CC3CCCCC3)CC2)CC1
C1CCC(CC2CCC(CC3CCCC(CC4CCCCC4C4CCCCC4)C3)CC2)CC1
C1CCC(CC2CC(C3CCC4CCCCC43)CC3CCC(C4CCCCC4CC4CCCC4)CC32)CC1
C1CCC(CCC2CCC(C3CCCCC3)CC2)CC1
C1CCC(CC2CCC(CCCCC3CCCCC3CC3CCCCC3)CC2)CC1
C1CCC(C2CCC(CCC3CCC(C4CCCC4)CC3)CC2)CC1
C1CCC(CC2CCCC(C3CCC4CCCCC4C3)C2)CC1
C1CCC(C2CCCC(CC3CCC(CC4CC4)CC3)C2)CC1
C1CCC(C2CCCC(C3CCC(C4CCCCC4C4CCCCC4)CC3)C2)CC1
C1CCC(CC2CCCC(C3CCCCC3)C2)CC1
C1CCC(CCCC2CCC(C3CCCC(C4CCCC(C5CCCCC5)C4)C3)CC2)CC1
C1CCC(CCC2CCCC(C3CCC(CC4CCCCC4)CC3C3CCCCC3)C2)CC1
C1CCC(C2CCCCC2)CC1
C1CCC(CCC2CCC(C3CCCC(C4CCCC4C4CCCC4)C3)CC2)CC1
C1CCC(C2CCCC(CC3CCCC(C4CCCC(C5CCCCC5)C4)C3)C2)CC1
C1CCC(CC2CCCC(C3CCC(C4CCCCC4)C3)C2)CC1
C1CCC(C2CCCC(C3CCC(C4CCCC(CC5CC6CCCCC6C5)C4)CC3)C2)C1
C1CCC(CC2CCCCC2C2CCC(C3CCC(CC4CCCCC4)C(C4CC4)C3)C2)CC1
C1CCC(CCC2CCCCC2C2CCC(CC3CCCCC3)CC2)CC1
C1CCC(C2CCCC(C3CCC(C4CCC5CCCCC5C4)CC3)C2)CC1
C1CCC(CC(CC2CCCCC2)(C2CCCCC2)C2CCCCC2)CC1
C1CCC(CCCCC2CCCCC2CCC2CCCC(C3CCCCC3)C2)CC1
C1CCC(C2CCCC(C3CCCCC3)C2)CC1
C1CCC(CCC2CCCC(C3CCCC(C4CCCCC4)C3)C2)CC1
C1CCC(CC2CCC(C3CCCC(CC4CCCCC4)C3)CC2)CC1
C1CCC(CCC2CCC(CC3CCCCC3)CC2)CC1
C1CCC(CCC2CCC(C3CCCCC3)C(C3CCCC3)C2)CC1
C1CCC(CC2CCCC(C3CCC(C4CCCCC4)CC3)C2)CC1
C1CCC(C2CCCC(CC3CC4CCCC(C5CCCC5)C4C3)C2)CC1
C1CCC(C2CCC(C3CCC(C4CCCCC4C4CCCC4)CC3)CC2)CC1
C1CCC(CCC2CCC3CC(C4CCC5CCCCC54)CC(C4CCCCC4)C3C2)CC1
C1CCC(CC2CCCC(CCC3CCCCC3CC3CCCCC3)C2)CC1
C1CCC(CC2CCCC(C3CCC(C4CCCC4)CC3)C2)CC1
C1CCC(CCC2CCCC(C3CCCCC3)C2)CC1
C1CCC(CCCC2CCC(CC3CCCCC3)CC2)CC1
C1CCC(CC2CCC(C3CCC(CC4CCC(C5CCCCC5)C4)CC3)CC2)CC1
C(CCCC1CCCC(CC2CCCCC2)C1)CCC1CCCCC1
C1CCC(CC2CCC(C3CCCCC3CC3CCCC(CC4CCCC4)C3)CC2)CC1
C1CCC(CC2CCCC(CCC3CCCC(C4CCCCC4)C3)C2)CC1
C1CCC(CC2CCCC(CCC3CCC(CC4CC5CCCCC5C4)CC3)C2)CC1
C1CCC(CCC2CCCC(CC3CCCCC3)C2)CC1
C1CCC(CC2CCC3C(CCC3C3CCCC(C4CCCCC4C4CCCC4)C3)C2)CC1
C1CCC(C2CCCC(C3CCCC4CC(C5CCCCC5)CCC43)C2)CC1
C1CCC(CC2CCC(CC3CCCCC3C3CCCCC3)CC2)CC1
C1CCC(CC2CCC(C3CCCC(CCC4CC4)C3)CC2)CC1
C1CCC(CCC2CCCC(C3CCCCC3)C2)CC1
C1CCC(CC2CCCCC2)CC1
C1CCC(CC2CCCC(CC3CCCCC3)C2)CC1
C1CCC(C2CCCC(C3CCC4C(CCC5CCCC5)CCC4C3)C2)CC1
C1CCC(CC2CCC(CCC3CCC(C4CCCCC4)CC3)C2)CC1
C1CCC(C2CCC3CCCC(C4CCCCC4)C3C2)CC1
C1CCC(CCCCCC2CCC(C3CCCCC3)CC2)CC1
C1CCC(CC2CCC(C3CCCC4CC(C5CCCCC5)CCC43)C(C3CCCCC3)C2)CC1
C1CCC(C2CCC(CCC3CCCC(C4CCCCC4)C3)CC2)CC1
C1CCC(CCC2CCC(CC3CCCCC3)CC2)CC1
C1CCC(C2CCC(CC3CCCC4CCCCC43)CC2)CC1
C1CCC(C2CCC3CCCCC3C2)CC1
C1CCC(CC2CCCC(C3CCC(CC4CCC5CCCC5C4)CC3)C2)CC1
C1CCC(CC2CCC(C3CCCC(CCC4CCCC4)C3)CC2)CC1
C1CCC(CC2CCCC(CC3CCC4CCCCC43)C2)CC1
C1CCC(CC2CCCCC2CCC2CCCCC2C2CC3CCCCC3C2)CC1
C1CCC(CC2CCC(C3CC(CC4CCCCC4)CCC3C3CCCCC3)CC2)CC1
C1CCC(CCC2CCC(CCC(C3CCCCC3)C3CCCC4CCCCC43)CC2)CC1
C1CCC(CC2CCCCC2C2CCC(CC3CCCC3)CC2)CC1
C1CCC(CCCC2CCC(CC3CCC(CCCC4CC4)CC3)CC2)CC1
C1CCC(CCC2CC(C3CCC(CC4CC5CCCCC5C4)CC3)C3CCCCC23)CC1
C1CCC(CC2CCC(CCC3CCC(CC4CCC5CCCC5C4)CC3)CC2)CC1
C1CCC(C2CCC(CC3CCC(C4CCCCC4C4CCCC4)CC3)CC2)CC1
C1CCC(C2CCC(CCC3CCC4C(C5CCCCC5)CC(C5CCCC5)C4C3)CC2)CC1
C1CCC(C2CCCCC2CC2CCC3CC(C4CCC4)CCC32)CC1
C1CCC(C2CCC(CC3CCC(C4CCCCC4C4CCCC4)CC3)CC2)C1
C1CCC(CC2CCC(CCC3CCC(CC4CCC(C5CCCCC5)CC4)CC3)CC2)CC1
C1CCC(C2CC(C3CCCCC3)CC(C3CCC3)C2)CC1
C1CCC(C2CCC(C3CC(C4CCC(CC5CCCC5)CC4)C4CCCCC43)C(C3CCCC3)C2)CC1
C1CCC(CCC2CCC3C(CCC3CC3CCCC(C4CCCCC4)C3)C2)CC1
C1CCC(C2CCCC(CC3CCCCC3C3CCC(CC4CC5CCCCC5C4)CC3)C2)CC1
C1CCC(C2CCC(C3CCCC(CC4CC5CCCCC5C4)C3)CC2)CC1
C1CCC(CC2CCC(C3CCCC(C4CCCC(CCC5CCCC5)C4)C3)CC2)CC1
C1CCC(CC2CC(C3CCCCC3)CCC2C2CCCCC2)CC1
C1CCC(CCCC2CCC(CC3CCC(CCCC4CCCCC4)CC3)CC2)CC1
C1CCC(C2CCCC(CC3CCC4CCCC4C3)C2)CC1
C1CCC(C2CCCC(C3CCCCC3C3CCCCC3)C2)CC1
C1CCC(CC2CCCCC2C2CCC3C(CCC3C3CCC(C4CCC4)CC3)C2)CC1
C1CCC(CCCC2CCCC(C3CCCCC3)C2)CC1
C1CCC(CC2CCC(C3CCC(C4CCC4)C(CC4CC(CC5CC5)C5CCCCC45)C3)CC2)CC1
C1CCC(CC2CCC(C3CCCC(CC4CCC(CC5CCC6CCCC6C5)CC4)C3)CC2)C1
C1CCC(CCC2CCCC(CC3CCCCC3)C2)CC1
C1CCC(CC2CCC(C3CCCC(CCC4CCC(CC5CCCC5)CC4)C3)CC2)CC1
C1CCC(C2CCC(CC3CCCCC3C3CCC4CCCCC4C3)CC2)CC1
C1CCC(CC2CCC(CCC3CCCC(C4CCCCC4)C3)CC2)CC1
C1CCC(CC2CCC(C3CCCCC3)CC2)CC1
C1CCC(CCC2CCC(C3CCCC(C4CCC(C5CCCC5)CC4)C3)CC2)CC1
C1CCC(CC2CCCCC2C2CCCCC2)CC1
C1CCC(C2CCCC(CC3CCCC(CC4CCC5CCCCC54)C3)C2)CC1
C1CCC(CCCC2CCCC(CC3CCCCC3)C2)CC1
C1CCC(CC2CCCC(C3CCC(C4CCCCC4C4CCCC4)CC3)C2)CC1
C1CCC(CC2CCC(C3CCC(C4CCCCC4C4CCCCC4)CC3)CC2)CC1
C1CCC(CCC2CCC(C3CCCCC3)CC2)CC1
C1CCC(CC2CCC(C3CCCCC3)CC2)CC1
C1CCC(CCC2CCCC3CC(C4CCCCC4C4CCC5CCCC5C4)CCC23)CC1
C1CCC(C2CCCCC2C2CCCC(C3CCC4C(CCC4C4CCCC4)C3)C2)CC1
C1CCC(C2CCCC(C3CCCC4CC(C5CCC6CCCCC6C5)CCC43)C2)CC1
C1CCC(CCC2CCC(CCCCC3CCC(CC4CCCCC4)CC3)CC2)CC1
C1CCC(CC2CCC(CC3CCCCC3)C(CC3CCCCC3C3CCCC3)C2)CC1
C1CCC(C2CCCC(C3CCCC(C4CCCCC4C4CCCC4)C3)C2)CC1
C1CCC(C2CC(CCCC3CCCC3)CC3CCCCC32)CC1
C1CCC(C2CCC(C3CCCCC3)CC2)CC1
C1CCC(CCC2CCCC(C3CCCCC3)C2)CC1
C1CCC(CC2CCC3CC(CC4CCC(C5CCCCC5)CC4)CCC23)CC1
C1CCC(CCC2CCC(CC3CCC(C4CCCCC4C4CCCCC4)CC3)CC2)CC1
C1CCC(C2CCC(CC3CCC(C4CCCCC4C4CCC5C(CCC5C5CCCCC5)C4)C3)CC2)CC1
C1CCC(CCCC2CCC(CCC3CCCC(C4CCCC4)C3)CC2)CC1
C1CCC(C2CCC(CC3CCCC(C4CCCCC4)C3)CC2)CC1
C1CCC(C2CCCCC2C2CCCC2)CC1
C1CCC(CCCCC2CCC(CC3CCCCC3)CC2)CC1
C1CCC(C2CCC(C3CCC(CC4CCCC5CC(C6CCCCC6)CCC45)CC3)CC2)CC1
C1CCC(C2CCC(CCC3CCC(C4CCCC4)CC3)C(C3CCCCC3)C2)CC1
C1CCC(CCCC2CCC(CC3CCCC(CC4CCCC4)C3)CC2)CC1
C1CCC(CCC2CCC(C3CCCCC3CC3CCCCC3)CC2)CC1
C1CCC(CC2CCCC(C3CCCC4CCCC43)C2)CC1
C1CCC(C2CCCCC2CC2CCC(C3CCC4CCCC4C3)C(C3CCCC3)C2)CC1
C1CCC(CCC2CCC(CC3CCCCC3)CC2)CC1
C1CCC(CC2CCCCC2)CC1
C1CCC(CC2CCCC(C3CCCCC3)C2)CC1
C1CCC(C2CCC(CC3CCC(CCCC4CCC4)CC3)CC2)CC1
C1CCC(C(CC2CC2)CC2CC(C3CCCCC3)C3CCC(CCC4CCCC4)CC23)CC1
C1CCC(CCCC2CCC(CC3CC(C4CCCCC4)CC(C4CC4)C3)CC2)CC1
C1CCC(CCCC2CCC3CC(C4CCC5CCCCC54)CC(C4CCCC4)C3C2)CC1
C1CCC(CC(CC2CCCCC2)C2CCCCC2)CC1
C1CCC(CC2CCCCC2)CC1
C1CCC(CCC2CCC(CC3CCCCC3C3CCCCC3)CC2)CC1
C1CCC(CC2CCC(CC3CCCCC3)CC2)CC1
C1CCC(C2CCCC(C3CCC(C4CCCCC4C4CCCC4)CC3)C2)C1
C1CCC(C2CCC(C3CCCCC3)C(C3CCCCC3)C2)CC1
C1CCC(C2CCCC3CCCCC32)CC1
C1CCC(CCCCC2CCCC(CCC3CCCCC3)C2)CC1
C1CCC(C2CCCC(CCCC3CC4CCCCC4C3)C2)CC1
C1CCC(C2CCC(CCCC3CCCC(C4CCCCC4)C3)CC2)CC1
C1CCC(CC2CCC(CCC3CCC4CCCCC4C3)CC2)CC1
C1CCC(CC2CCCC(C3CC(CC4CCC4)CC(C4CCC4)C3)C2)C1
C1CCC(C2CCC(C3CCCC3)CC2)CC1
C1CCC(C2CCC(CC3CCCC(C4CCCC4)C3)CC2)CC1
C1CCC(CC2CCC(C3CC(C4CCCCC4)CC(C4CCC4)C3)CC2C2CCCCC2)CC1
C1CCC(C2CCCC(CCCC3CC(CC4CC4)C4CCCCC34)C2)C1
C1CCC(C2CCCC(C3CCC(C4CCCC(CC5CC6CCCCC65)C4)CC3)C2)CC1
C1CCC(CC2CCC(CC3CCCC(C4CCCCC4)C3)CC2)CC1
C1CCC(C2CCC(C3CCCC4CC(CCC5CCC(C6CC6)CC5)CCC43)CC2)CC1
C1CCC(CCC2CC(CC3CCCC(C4CC5CCCCC5C4)C3)C3CCCCC23)CC1
C1CCC(CCC2CCC(CCC3CCC(C4CCCCC4)CC3)CC2)CC1
C1CCC(C2CCCC(C3CCCC(CC4CC(C5CCCC5)C5CCCCC45)C3)C2)CC1
C1CCC(CC2CCC(C3CCCC(C4CCC(CCC5CC5)CC4)C3)CC2)CC1
C1CCC(CCC2CCC(C3CCCCC3)CC2)CC1
C1CCC(CCC2CCCCC2C2CC(C3CCCCC3)CC2CC2CC3CCCCC3C2)CC1
C1CCC(C2CCC(CCCCC3CCC4CCCC4C3)C(C3CC3)C2)CC1
C1CCC(CC2CCC(C3CCCC(CC4CCCCC4)C3)CC2)CC1
C1CCC(CCC2CCC3CC(C4CCCCC4)CCC23)CC1
C1CCC(CCC2CCC(CCC3CCCC(C4CCCCC4)C3)C(C3CCCCC3)C2)CC1
C1CCC(CCCCCC2CCCC(C3CCCCC3CC3CCCC3)C2)CC1
C1CCC(CC2CCC(C3CC(C4CCC4)CC(C4CC4)C3)CC2)CC1
C1CCC(CCCCC2CCCCC2CC2CC(C3CCCCC3)CC(C3CCCC3)C2)CC1
C1CCC(CC2CC(CC3CCCC(CC4CCCC4)C3)C3CCCCC23)CC1
C1CCC(CC2CC(C3CCCCC3)CC(C3CCCCC3)C2)CC1
C1CCC(CCCCC2CCCC(C3CCCCC3)C2)CC1
C1CCC(CC2CCC(CCCCC3CCCCC3C3CCCC3)CC2)CC1
C1CCC(CCC2CCCCC2CC2CCCCC2)CC1
C1CCC(CCC2CCCC(C3CCC(C4CCCCC4)CC3)C2)CC1
C1CCC(CC2CCCC(C3CC4CCCCC4C3)C2)CC1
C1CCC(CC2CCC(CCCCC3CCCC3)CC2)CC1
C1CCC(CCC2CCCC(C3CCCC(CC4CCCCC4)C3)C2)CC1
C1CCC(C2CCC(C3CCCC(C4CCCC4)C3)CC2)CC1
C1CCC(C2CCCC(C3CCCCC3)C2)CC1
C1CCC(CC2CCC(CCC3CCCC(C4CCC4)C3)CC2)CC1
C1CCC(CCC2CCC3CCCC(C4CCC(C5CCCC5)C4)C3C2)CC1
C1CCC(CCCC2CCCC(C3CCCC(C4CCC5CCCCC54)C3)C2)CC1
C1CCC(CC2CCC(C3CC3)CC2C2CCCCC2)CC1
C1CCC(CC2CCC(C3CCCC(CC4CCCCC4)C3)CC2)CC1
C1CCC(C2CCCC(CCC3CCCC(CC4CCCC(C5CCCCC5)C4)C3)C2)CC1
C1CCC(CC2CCC(C3CCC3)C(CC3CCCC(C4CCCCC4)C3)C2)CC1
C1CCC(C2CCC(C3CCCCC3C3CC3)C(C3CCCC3)C2)CC1
C1CCC(CCCC2CC(C3CCCCC3)CC(C3CCCC(C4CCCCC4)C3)C2)CC1
C1CCC(C2CCC(CC3CCCC(CC4CCCCC4C4CCCCC4)C3)CC2)CC1
C1CCC2CC(CC3CCC(CC4CCC(C5CC6CCCCC6C5)C4)CC3)CC2C1
C1CCC(CC2CCC(C3CCC(C4CCCC(C5CCCCC5)C4)CC3)CC2)CC1
C1CCC(CCC2CCC(C3CCCCC3)CC2CCC2CCCCC2)CC1
C1CCC(CCCCC2CCCCC2C2CCC3CCCCC3C2)C1
C1CCC(C2CCCC(CC3CCC4CC(CC5CCCC(CC6CCC6)C5)CCC43)C2)CC1
C1CCC(CC2CCC(C3CCC4CC(C5CCCCC5C5CCCCC5)CCC43)CC2)CC1
C1CCC(CCC2CCCCC2)CC1
C1CCC(CCCC2CCC(CC3CCCCC3)CC2)CC1
C1CCC(CCCCCC2CCC(C3CCCCC3)CC2)CC1
C1CCC(CC2CCCCC2C2CCCCC2)CC1
C1CCC(CC2CCC(C3CC(C4CCC(C5CCC6CCCCC6C5)CC4)C4CCCCC34)CC2)CC1
C1CCC(CC2CCC(CCC3CCCC(C4CCCCC4)C3)CC2)CC1
C1CCC(CCC2CCC(CC3CCC(C4CCCC(C5CCCCC5)C4)CC3)CC2)CC1
C1CCC(C2CC(C3CCC4CCCCC43)CC3CCCCC32)CC1
C1CCC(CC2CCCC3CCC(C4CC5CCCCC5C(C5CCCCC5)C4)C32)CC1
C1CCC(C2CCC3CCC(CC4CCCCC4C4CCCC5CCCCC54)CC32)CC1
C1CCC(CC2CCCC(C3CCCC(C4CCCC4)C3)C2)CC1
C1CCC(CCC2CCCCC2)CC1
C1CCC(CCC2CCCC(CC3CCCCC3C3CCCCC3)C2)CC1
C1CCC(CC2CCCCC2C2CCC(CCCCC3CCC(CC4CCCC(C5CCCC5)C4)CC3)CC2)CC1
C1CCC(CCC2CCCC(CCC3CCCC(C4CCCC4)C3)C2)CC1
C1CCC(CCC2CCCCC2CC2CCC(C3CCCCC3)C(C3CCCCC3)C2)CC1
C1CCC(CCC2CCC(C3CCCCC3)CC2)CC1
C1CCC(C2CC(C3CCCC(C4CC(CC5CCCC5)CCC4C4CCCC4)C3)C2)CC1
C1CCC(C2CC(CC3CCC(C4CCC4)CC3)CC(C3CCC3)C2)CC1
C(CCC1CCC(C2CCCCC2)CC1)CCC1CCCC(C2CCCCC2)C1
C1CCC2CC(CCCC3CCCCC3C3CCCC3)CC2C1
C1CCC(CCC2CCC(C3CCC(CC4CCCCC4)CC3)CC2)CC1
C1CCC(CCC2CCCC(C3CCCCC3C3CCCC3)C2)CC1
C1CCC(C2CCCC(C3CCCCC3)C2)CC1
C1CCC(CC2CCC(CC3CC(CC4CCCCC4)C4CCCCC34)CC2)CC1
C(CCC1CCC(C2CCCC2)CC1)CCC1CCC(C2CCC(C3CCCCC3)CC2)CC1
C1CCC(CCC2CCC(CCCC3CCCCC3C3CCC4CCCC4C3)CC2)CC1
C1CCC(CC2CC(C3CCCCC3)C3CC(C4CCCCC4)CCC23)CC1
C1CCC(CC2CCC3CCC(CC4CCCCC4)C3C2)CC1
C1CCC(C2CCCCC2C2CCCCC2C2CCCC2)CC1
C1CCC(CC2CCC(C3CCCCC3)CC2)CC1
C1CCC(CCCC2CC(CC3CCCCC3)CCC2CC2CC2)CC1
C1CCC(C2CCCCC2C2CCCC(CCC3CCC(C4CCC4)CC3)C2)CC1
C1CCC(CC2CCCCC2CCC2CCCC(C3CCCCC3)C2)CC1
C1CCC(CCC2CCCC(C3CCCCC3)C2)CC1
C1CCC(CC2CCC(C3CCCCC3)CC2)CC1
C1CCC(C2CCC(CC3CCC(C4CCCC(C5CCC(C6CCC6)CC5)C4)CC3)CC2)CC1
C1CCC(CCCC2CCC(CC3CCC(CCC4CCCC4)CC3)CC2)CC1
C1CCC(C2CCC(C3CCC(C4CCCCC4)CC3)CC2)CC1
C1CCC(CCC2CCCC(C3CCCCC3C3CC(CC4CCCC4)C4CCCCC43)C2)C1
C1CCC(C2CC3CCCC(C4CCCC(CC5CC5)C4)C3C2)C(CC2CC2)C1
C1CCC(CC2CCC(CC3CCCCC3)CC2)CC1
C1CCC(CC2CC(C3CCCC(C4CCCCC4C4CCC4)C3)CC3CCCCC32)CC1
C1CCC(CC2CC(CCC3CC(CC4CC4)CCC3C3CCC4CCCCC4C3)C3CCCCC23)C1
C1CCC(CCCCC2CCC(C3CCCC3)CC2)CC1
C1CCC(C2CCCCC2)CC1
C1CCC(CCC2CC(C3CCC3)CC(C3CCCC(CC4CCCCC4)C3)C2)CC1
C1CCC(CC2CCC(CC3CCCCC3)CC2)CC1
C1CCC(CC2CCCC(C3CCC(C4CCCC(C5CCCCC5)C4)CC3)C2)CC1
C1CCC(CC2CCCC(C3CCCCC3)C2)CC1
C1CCC(CC2CCC(CCC3CCC(CC4CC5CCCCC5C4)CC3)CC2)CC1
C1CCC(C2CCCCC2C2CCCCC2)CC1
C1CCC(CC2CCC(C3CC(CC4CCCC4)C4CCCCC43)CC2)CC1
C1CCC(CCC2CC(C3CCCCC3)CC(C3CCCCC3)C2)CC1
C1CCC(CCC2CCCCC2C2CCC(CC3CCCCC3)CC2)CC1
C1CCC(CC2CCC(C3CCCCC3)CC2)CC1
C1CCC(CC2CCC(CC3CCCC(C4CCCC4)C3)CC2)CC1
C1CCC(CC2CCCC(CC3CCCC(C4CCC5CCCCC5C4)C3)C2)CC1
C1CCC(CC2CCCCC2C2CCC3C(CCCC3C3CC4CCCCC4C3)C2)CC1
C1CCC(C2CCC(CCCCC3CC4CCCCC4C3)CC2)CC1
C1CCC(C2CCCC(C3CCC(CC4CCCC4)CC3)C2)CC1
C1CCC(CCC2CCCCC2C2CCC3CCCC3C2)CC1
C1CCC(CC2CCCC(CCCC3CCC(C4CCCC4)CC3)C2)CC1
C1CCC(CCCC2CCC(CC3CCCCC3)CC2)CC1
C1CCC(CC2CCC3CCC(C4CCC5CCCCC54)C3C2)CC1
C1CCC(C2CCCCC2C2CCCCC2C2CCCC2)CC1
C1CCC(C2CCC(CCCC3CCCCC3C3CCCCC3)CC2)CC1
C1CCC(CC2CCC(CC3CCCC(C4CCCCC4)C3)CC2)CC1
C1CCC(CC2CCC(CC3CCCCC3)CC2)CC1
C1CCC(CCCCC2CCC(CC3CCCCC3)CC2)CC1
C1CCC(CC2CCC(C3CCCC(C4CCCCC4)C3)CC2C2CCCCC2)CC1
C1CCC(C2CCCC(CC3CCC4CCCCC4C3)C2)CC1
C1CCC(C2CCCC(CCC3CCC4CCCCC43)C2)CC1
C1CCC(CC2CCC(CC3CCCCC3)C(C3CCCCC3)C2)CC1
C1CCC(CC2CCC3CC(C4CC(C5CCCCC5)C(C5CC5)C(C5CCCC5)C4)CCC23)CC1
C1CCC2CC(C3CCCCC3CC3CCC4CCCCC43)CCC2C1
C1CCC(CCC2CCC(C3CCCC(CC4CCCCC4)C3)C2)CC1
C1CCC(CC2CCCC(C3CCCCC3)C2)CC1
C1CCC(CC2CCC(CC3CCCCC3)CC2)CC1
C1CC2CCC(CC3CC4CCCCC4C(CC4CCC5CCCC5C4)C3)CC2C1
C1CCC(CCCCC2CCC(CC3CCC(CC4CCCCC4)CC3)CC2)CC1
C1CCC(CCC2CCCCC2C2CCC(C3CCC4CCCCC4C3)CC2)CC1
C1CCC(CCCC2CCC(CC3CCCCC3)CC2)CC1
C1CCC(CC2CCCC(C3CCCCC3)C2)CC1
C1CCC(CC2CCC(C3CCCCC3)C(CC3CCCCC3)C2)CC1
C1CCC(CC2CCC(CCC3CCC(CC4CCCCC4)CC3)CC2)CC1
C1CCC(C2CCCCC2C2CCC(C3CCCCC3C3CCCC3)C2)CC1
C1CCC(C2CCCCC2C2CCCCC2)CC1
C1CCC(CCCCC2CCC(C3CCC(CC4CCC(C5CCCCC5)CC4)CC3)CC2)CC1
C1CCC(CC2CCCCC2C2CC(C3CCCCC3)CC2CCCC2CCC2)CC1
C1CCC(CCC2CCC(CC3CCCCC3)CC2)CC1
C1CCC(C2CCC(CCCC3CCCC(C4CCCCC4)C3)CC2)CC1
C1CCC(CC2CCC(CCC3CCC(C4CCCCC4)CC3)CC2)CC1
C1CCC(CC2CCC3C(CC4CCCCC4)CCC3C2)CC1
C1CCC(CCC2CCC(C3CCCCC3)CC2)CC1
C1CCC(CCC2CCCC(C3CCCCC3)C2CCCCCC2CCCC2)CC1
C1CCC(CCCC2CCC(CC3CCC(CCCC4CCCCC4)CC3)CC2)CC1
C1CCC(C2CCCC(C3CCCC(CC4CCCC(C5CCCC5)C4)C3)C2)CC1
C1CCC(CC2CCC(C3CCCCC3)CC2)CC1
C1CCC(CC2CCC(CC3CCCCC3C3CCCCC3)CC2)CC1
C1CCC(CC2CCC(CC3CCCCC3C3CCCCC3)CC2)CC1
C1CCC(CC2CCC(CC3CCCCC3)C(C3CCCCC3C3CCCCC3)C2)CC1
C1CCC(C2CCC(C3CC4CCCCC4C3)CC2)CC1
C1CCC(CC2CCCCC2CC2CCCCC2)CC1
C1CCC(CCCCC2CCC(CC3CCCC(C4CCCCC4)C3)CC2)CC1
C1CCC(CC2CCCC(C3CCCC(CCC4CC4)C3)C2)CC1
C1CCC(C2CCC(CCCC3CCCC(C4CCCCC4)C3)CC2)CC1
C1CCC(CC2CCCC(C3CCCC(C4CCCC4)C3)C2)CC1
C1CCC(CCC2CCC(CCC3CCCCC3)CC2)CC1
C1CCC(CCC2CCCC(CC3CCC4CCCCC43)C2)CC1
C1CCC(CC2CCC(CCCC3CCCCC3CC3CCCCC3)CC2)CC1
C1CCC(CCC2CCC(CCC3CCCCC3)CC2)CC1
C1CCC(CC(CCC2CCC(CC3CCC(C4CCCCC4)CC3)CC2)C2CCCCC2)CC1
C1CCC(CC2CCC(CC3CCC(C4CCCC5CC(C6CCCCC6)CCC54)CC3)CC2)CC1
C1CCC(CCC2CCC(C3CCC(C4CCCCC4)CC3)CC2)CC1
C1CCC(C2CCC(C3CCC(CCC4CCCC(C5CCCCC5)C4)CC3)CC2)CC1
C1CCC(CC2CC3CCC(CC4CCC5CCCCC5C4)CC3C(C3CCCCC3)C2)CC1
C1CCC(CC2CCCC(C3CC(CC4CCCC(CCC5CCC6CCCCC65)C4)C4CCCCC43)C2)CC1
C1CCC(C2CCCCC2CC2CCC(C3CCC4CCCCC4C3)CC2)CC1
C1CCC(CC2CCC(C3CCC4C(CC5CCCCC5)CCC4C3)CC2)CC1
C1CCC(CC2CC3CCC(CC4CCCCC4)CC3C(C3CCCCC3)C2)CC1
C1CCC(CC2CCC(C3CCCC(C4CCC(C5CCCC(C6CC7CCCCC7C6)C5)CC4)C3)CC2)CC1
C1CCC(CC2CCC3C(CC4CCCCC4)CC(CCCCC4CCC(C5CCCC5)CC4)C3C2)CC1
C1CCC(CC2CCC(CC3CCCCC3)CC2)CC1
C1CCC(CC2CC(C3CC(C4CCCCC4)C4CCCCC43)C3CCCCC23)CC1
C1CCC(CC2CCCC(C3CCCCC3C3CCCC(C4CCCCC4)C3)C2)CC1
C1CCC(CC2CCCC(C3CCCCC3)C2)CC1
C1CCC(CC2CCC(C3CCCCC3)C(C3CCC4CCCC4C3)C2)CC1
C1CCC(CC2CCC(C(C3CC3)C3CCCC(C4CCCCC4)C3)CC2)CC1
C1CCC(C2CCC3C(CCCC3C3CCCCC3)C2)CC1
C1CCC(C2CCCC(C3CCCC(CC4CCCCC4C4CCCCC4)C3)C2)CC1
C1CCC(CCC2CCC(CC3CCC(CC4CCCCC4)CC3)CC2)CC1
C1CCC(CCC2CCC(C3CCCCC3)C(CCC3CCCCC3)C2)CC1
C1CCC(C2CCCCC2)CC1
C1CCC(C2CCCCC2C2CCCCC2C2CCCC2)CC1
C1CCC(C2CCCC(C3CC(C4CCCC4)CC(C4CCCC(CC5CC6CCCCC6C5)C4)C3)C2)CC1
C1CCC(CC2CCCC(C3CCC(CC4CCC5CCCCC54)CC3)C2)CC1
C1CCC(CC(CC2CCCC(C3CCCCC3)C2)C2CCCCC2)CC1
C1CCC(CCCC2CCCCC2)CC1
C1CCC(CC2CCC(CC3CCC4CCCCC43)CC2)CC1
C1CCC(CCC2CCCCC2C2CC3CCCCC3C2)CC1
C1CCC(CCCCC2CC(CC3CCCCC3)C3CCC(CC4CCCCC4)CC23)CC1
C1CCC(CC2CCC(C3CCCCC3)CC2)CC1
C1CCC(C2CCCC(C3CCCC3)C2)CC1
C1CCC(CCC2CCC(CC3CCCCC3)CC2)CC1
C1CCC(CC2CCCCC2)CC1
C1CCC(CCC2CCC(CC3CCCCC3)CC2)CC1
C1CCC(CC2CCCC(C3CCCC(C4CCCC4)C3)C2)CC1
C1CCC(CCCCCC2CCC(C3CCCC(C4CCCC4)C3)CC2)CC1
C1CCC(CC2CCC(C3CCC(C4CCCCC4)C3)C(C3CC4CCCCC4C3)C2)CC1
C1CCC(C2CCC(CC3CCC(CC4CCC5CCCC5C4)CC3)CC2)CC1
C1CCC(C2CCC(CC3CCC(CC4CCC(C5CCC6CCCC6C5)CC4)CC3)CC2)CC1
C1CCC(CCC2CC3CCCCC3C(C3CCCCC3)C2)CC1
C1CCC(CC2CCC(CC3CCCC(C4CCCCC4)C3)CC2)CC1
C1CCC(CC2CCC(C3CCCC(C4CCCCC4)C3)CC2)CC1
C1CCC(CCC2CCCC(C3CCCCC3)C2)CC1
C1CCC(C2CCC(CC3CCC(C4CCCC(C5CC6CCCCC6C5)C4)CC3)CC2)CC1
C1CCC(C2CCCCC2C2CCCCC2CC2CC3CCCCC3C2)CC1
C1CCC(C2CCCCC2C2CCC(C3CCCC3)CC2)CC1
C1CCC(C2CCC(C3CCCCC3CC3CCCC3)CC2)CC1
C1CCC(CCC2CC(CC3CCCCC3)C3CCC(CC4CC5CCCCC5C4)CC23)CC1
C1CCC2CC(C3CCCC(C4CCCC(C5CC6CCCCC6C5)C4)C3)CCC2C1
C1CCC(C2CCCC(C3CCCCC3)C2)CC1
C1CCC(CCC2CCCCC2CC2CCC(C3CCCCC3)CC2)CC1
C1CCC(CC2CCCCC2CC2CCC(C3CCCCC3)CC2)CC1
C1CCC(C2CCCCC2C2CCCCC2)CC1
C1CCC(CCC2CCCCC2C2CCC(C3CCCCC3)CC2)CC1
C1CCC(C2CCC(C3CCCC(C4CCCCC4)C3)CC2)CC1
C1CCC(CC2CCC(C3CCCCC3)CC2)CC1
C1CCC(CC2CC(C3CCCCC3)CCC2C2CCCCC2)CC1
C1CCC(CC2CCCCC2C2CCC(C3CCCC3)CC2C2CCC(C3CC4CCCCC4C3)C2)CC1
C1CCC(CCC2CCCCC2C2CCCCC2)CC1
C1CCC(CC2CCC(CC3CCCC(C4CCCCC4)C3)CC2)CC1
C1CCC(CC2CCCC(C3CC(CC4CCCC4)C4CCCCC43)C2)CC1
C1CCC(CCCCC2CCCCC2CC2CCCCC2C2CCCCC2)CC1
C1CCC(C2CCC(CCCC3CCCC(C4CCCC4)C3)CC2)CC1
C1CCC(CCC2CCCCC2CCC2CCCCC2)CC1
C1CCC(CCC2CCCCC2C2CCC3C(CCC3C3CCC(CC4CCCCC4)CC3)C2)CC1
C1CCC(CC2CCC(CC3CCCCC3)CC2)CC1
C1CCC(C2CCC(CCC3CC(C4CCCC5CCCCC54)C4CCCCC34)CC2)CC1
C1CCC(CCC2CCCC(C(CC3CCCCC3)C3CCCCC3)C2)CC1
C1CCC(CC2CCCC(C3CCCCC3CC3CCCCC3)C2)CC1
C1CCC(CCC2CC(CC3CCCCC3)CCC2C2CCC(C3CCCCC3)CC2)CC1
C1CCC(CCC2CCCC(C3CCCC(C4CCCCC4)C3)C2)CC1
C1CCC(C2CCCC(CC3CC(C4CCCCC4)C4CCCCC34)C2)CC1
C1CCC(CC2CCC(CC3CCC(C4CCC(CC5CC6CCCCC6C5)CC4)CC3)CC2)C1
C1CCC(CCC2CCC(C3CCCCC3)CC2CC2CCCCC2)CC1
C1CCC(CCC2CCC(C3CCCCC3)C2)CC1
C1CCC(C2CCCC(C3CCCC3)C2)CC1
C1CCC(CCC2CCCCC2C2CCC(C3CCCCC3)CC2)CC1
C1CCC(C2CCC(C3CCCCC3)C(C3CCCC3)C2)CC1
C1CCC(C2CCCC(C3CCCC(CC4CCCCC4C4CCCC4)C3)C2)C1
C1CCC(C2CCC(CC3CCCCC3C3CCC4CCCC4C3)CC2)CC1
C1CCC(CC2CCC(C3CCCCC3)CC2)CC1
C1CCC(CC2CCC(CC3CCC(CC4CCCCC4)CC3)CC2)CC1
C1CCC(CC2CCCCC2C2CCCCC2)CC1
C1CCC(C2CCCC(C3CCC4CCCCC4C3)C2)CC1
C1CCC(C2CCC(C3CCCCC3CC3CC4CCCCC4C3)C(C3CCCCC3)C2)CC1
C1CCC(CCC2CCC(C3CCCCC3)CC2)CC1
C1CCC(CCC2CCC(CCCCC3CCC(C4CCCCC4)CC3)CC2)CC1
C1CCC2CC(CC3CCCC(C4CCCC(C5CCCC(CCC6CC6)C5)C4)C3)CC2C1
C1CCC(CC2CC(C3CC3)CC(C3CCCC(CC4CCC5CCCCC5C4)C3)C2)CC1
C1CCC(CCC2CCC(C3CCCC(CCC4CCCCC4)C3)CC2)CC1
C1CCC(CC2CCCCC2CC2CCCCC2)CC1
C1CCC(C2CCC(C3CCC(C4CCC(CC5CCCC5)CC4)CC3)CC2)CC1
C1CCC(CCC2CCC(CC3CCCCC3)CC2)CC1
C1CCC(CC2CCC(CCC3CCC(C4CCCCC4)CC3)CC2)CC1
C1CCC(C2CCCC(CCC3CCCC(CC4CCCC4)C3)C2)CC1
C1CCC(C2CCCCC2C2CCCC2C2CCCCC2)CC1
C1CCC(CCC2CCC(CC3CCC(CC4CCCCC4)CC3)CC2)CC1
C1CCC(CC2CCCCC2)CC1
C1CCC(CC2CCC(C3CCCC(CC4CCC(C5CCCCC5)CC4)C3)CC2)CC1
C1CCC(CCC2CCC(CC3CCC(C4CCCCC4C4CCCC4)CC3)CC2)C1
C1CCC(CCC2CCCC(C3CCC(C4CCCCC4)CC3)C2)CC1
C1CCC(C2CCC(C3CCC(CC4CC(C5CCCCC5)CC5CCCCC54)C3)CC2)CC1
C1CCC(C2CCCC(C3CC(C4CC4)CC(C4CCCC(C5CCCCC5)C4)C3)C2)CC1
C1CCC(CC2CCC(CCCC3CCCC(CC4CCCCC4)C3)CC2)CC1
C1CCC(CCCC2CCCC(C3CCCCC3)C2)CC1
C1CCC(C2CCC3C(CCCC4CCCC(C5CC6CCCCC6C5)C4)CCCC3C2)CC1
C1CCC(CCC2CCC3C(CC4CCCCC4)CCC3C2)CC1
C1CCC(CC2CCCC(C3CCCCC3)C2)CC1
C1CCC(C2CCC3C(CCCC3C3CCCCC3)C2)CC1
C1CCC(CC2CCCC(C3CCCCC3C3CCCCC3)C2)CC1
C1CCC(C2CCCC(C3CC(C4CCCCC4)CC(C4CCC4)C3)C2)CC1
C1CCC(CC2CCC(C3CCCCC3)CC2)CC1
C1CCC(CCC2CCC(CC3CCCCC3)C(C3CCCCC3)C2)CC1
C1CCC(C2CCC(C3CCCC(C4CCC(CC5CC6CCCCC6C5)CC4)C3)CC2)C1
C1CCC(CC2CCC(C3CCCCC3)CC2)CC1
C1CCC(CC2CCC(C3CC(C4CCC(CC5CCC(C6CCCCC6)CC5)CC4)C3)CC2)CC1
C1CCC(CCCCCC2CCC(C3CCC(C4CCCCC4)CC3)CC2)CC1
C1CCC(CCCC2CCCC(CC3CCC(CC4CCCC4)CC3)C2)CC1
C1CCC(CC2CC(C3CCCCC3)CCC2C2CCC(C3CCCCC3)CC2)CC1
C1CCC(CCCC2CCCC(CC3CCCCC3)C2)CC1
C1CCC(CC2CC(C3CCCCC3)CC(C3CCCC3)C2)CC1
C1CCC(C2CCC(C3CCC4CCCC(C5CCCCC5)C4C3)CC2)CC1
C1CCC(C2CCCC(C3CCCC(C4CCCC4)C3)C2)CC1
C1CCC(C2CCCC(CC3CCCCC3C3CCCCC3)C2)CC1
C1CCC(CC2CCC(CC3CCC(CC4CCCCC4)CC3)CC2)CC1
C1CCC(CC2CCC3CC(C4CCC5CCCCC54)CCC3C2)CC1
C1CCC(C2CCCC(C3CCC(C4CCC5CCCCC5C4)CC3)C2)CC1
C1CCC(C2CCC(CC3CCCCC3C3CCCC3)CC2C2CCCC2)CC1
C1CCC(CCCC2CCC(C3CCCCC3C3CCCCC3)CC2)CC1
C1CCC(C2CCC(C3CCCCC3C3CCCCC3)CC2)CC1
C1CCC(CC2CCCCC2CC2CCCCC2C2CCCCC2)CC1
C1CCC(CC2CCC(CCC3CCCC(C(CC4CCCCC4)C4CCCCC4)C3)CC2)CC1
C1CCC(CC2CCC(C3CCCC(C4CCCCC4C4CCCCC4)C3)C2)CC1
C1CCC(CCCCCC2CC(C3CCC4CCCCC43)CCC2CC2CCCCC2)CC1
C1CCC(C2CCCC(C3CCCCC3)C2)CC1
C1CCC(CCCCCC2CCCC(CC3CC(CC4CCCCC4)CCC3CC3CCCCC3)C2)CC1
C1CCC(CC2CCCC(C3CCCCC3)C2)CC1
C1CCC(C2CCC(CC3CCC(C4CCCCC4C4CCCC4)CC3)CC2)CC1
C1CCC(C2CCC(CCC3CCCC(CCCC4CCCC4)C3)C2)CC1
C1CCC(C2CCC(CC3CCCC(C4CCCC(C5CC5)C4)C3)CC2)CC1
C(CCC1CCCCC1C1CCC2CCCC2C1)CC1CCCC(C2CCC(C3CCCC3)CC2)C1
C1CCC(CC2CCC(C3CCCCC3CCC3CCCC(C4CC4)C3)CC2)CC1
C1CCC(CCC2CCCC(CC3CCCCC3)C2)CC1
C1CCC(C2CCCC(C3CCCCC3CCC3CCCC3)C2)CC1
C1CCC(CCCC2CCCCC2CC2CCC(CC3CCCC3)CC2)CC1
C1CCC(CCCC2CCC(C3CCCC(CC4CCC(CC5CCCCC5)CC4)C3)CC2)CC1
C1CCC(CC2CCCC(C3CCCC(CC4CC4)C3)C2)CC1
C1CCC(C2CC(C3CCCCC3)C3CCCCC23)CC1
C1CCC(C2CCCC(CC3CCC4CC(CCC5CCCC5)CCC43)C2)CC1
C1CCC(C2CCCCC2CC2CCC3CCCCC32)CC1
C1CCC(C2CC(C3CCCCC3)CC(C3CCCC3)C2)CC1
C1CCC(CCC2CCCCC2C2CCCCC2C2CCC3CCCC3C2)CC1
C1CCC(CC2CCC(C3CCCCC3C3CCCCC3CC3CCC(CC4CCCC4)CC3)CC2)CC1
C1CCC(CCC2CCC(CCC3CCCCC3)CC2)CC1
C1CCC(CC2CC(CC3CCCC(C4CCCCC4)C3)C3CCCCC23)CC1
C1CCC(CCC2CCCC(C3CCCC(C4CCCCC4)C3)C2)CC1
C1CCC(C2CCC(C3CCCCC3)CC2)CC1
C1CCC(CCC2CCCC(C3CCCCC3)C2)CC1
C1CCC(CCCC2CCC(C3CCC(C4CCCCC4)CC3)CC2)CC1
C1CCC(CC2CCCC(CCCC3CCCC(C4CCCCC4)C3)C2)CC1
C1CCC(CCC2CCC(C3CCCCC3)CC2)CC1
C1CCC(C2CCCC(C3CCCC(C4CCCC(C5CCCCC5)C4)C3)C2)CC1
C1CCC(CC2CCC(C3CCCCC3CC3CCCCC3)CC2)CC1
C1CCC(CC2CCC3C(CC4CCCCC4)CC(CC4CCCCC4)C3C2)CC1
C1CCC(CCCCCC2CCCC(CC3CCCCC3)C2)CC1
C1CCC(CCCCC2CCC(CCCC3CCC(C4CCCC(C5CC5)C4)CC3)CC2)CC1
C1CCC(C2CCCCC2)CC1
C1CCC(CCCCC2CCC(CC3CCC(C4CCCCC4C4CCCCC4)CC3)CC2)CC1
C1CCC(CCCC2CCCC(CC3CC4CCCCC4C3)C2)CC1
C1CCC(CC2CCCC(C3CCCC(CC4CCCC(C5CCCCC5)C4)C3)C2)CC1
C1CCC(CCCC2CCC(CCC3CC(C4CCCCC4)CC(C4CCCCC4)C3)CC2)CC1
C1CCC(CCCC2CC(C3CCCCC3)CC(C3CCCCC3)C2)CC1
C1CCC(CC2CCC3C(CC4CCCCC4)CC(C4CCC4)C3C2)CC1
C1CCC(C2CCCC(C3CCC4CCCC4C3)C2)CC1
C1CCC(CCC2CCC(CC3CCCCC3)CC2)CC1
C1CCC(CC2CCC(C3CCCC(CCC4CCCC(C5CCCC5)C4)C3)CC2)CC1
C1CCC(C2CCC3CCC(C4CCC(C5CCC5)CC4C4CCCC4)CC32)CC1
C1CCC(CC2CCCC(C3CCCCC3C3CCCCC3)C2)CC1
C1CCC(CC2CC(C3CCCCC3)CCC2C2CCC3CCCCC32)CC1
C1CCC(CCCC(CC2CCCCC2)CC2CCCCC2)CC1
C1CCC(CCC2CCCC(C3CC(CC4CCCCC4)C4CCCCC43)C2)CC1
C1CCC(CC2CCC(C3CCCCC3C3CCCCC3)CC2)CC1
C1CCC(CC2CC(C3CCCC(CCCC4CCCC(C5CCCCC5)C4)C3)C3CCCCC23)CC1
C1CCC(CCCC2CCC(CC3CCCC(CCC4CCCCC4)C3)CC2)CC1
C1CCC(CC2CCC(C3CCCCC3)CC2)CC1
C1CCC(CCC2CCC(C3CCCCC3)CC2)CC1
C1CCC(CCCC2CC(C3CCCCC3)CCC2CCC2CCCCC2CC2CCCCC2)CC1
C1CCC(C2CCCC(C3CCCCC3)C2)CC1
C1CCC(CC2CCC3CC(C4CCC5CCCCC54)CC(C4CCCCC4)C3C2)CC1
C1CCC(CC2CCC(C3CCCCC3C3CCCCC3)CC2)CC1
C1CCC(CC2CCC(C3CCC(CC4CCCCC4)CC3)CC2)CC1
C1CCCCC1
C1CCC(CC2CCC(CC3CCC(CC4CCC5CCCC5C4)CC3)CC2)CC1
C1CCC(CC2CCC(C3CCCCC3)CC2)CC1
C1CCC(CCC2CCC(CC3CCC(CC4CCC(CC5CCCCC5)CC4)CC3)CC2)CC1
C1CCC(C2CCC(CCC3CCC4CCCCC43)CC2)CC1
C1CCC(C2CCCC(CC3CCC4CCCC4C3)C2)CC1
C1CCC(C2CCC(C3CC(CC4CCC(C5CCCC5)CC4)C4CCCCC43)CC2)CC1
C1CCC(CCC2CCCC(CC3CCCCC3)C2)CC1
C1CCC(C2CCCC(C(CCC3CCCCC3C3CCCCC3)C3CCCCC3)C2)CC1
C1CCC(CCCCC2CCC(CC3CCCCC3)CC2)CC1
C1CCC(C2CCC(CC3CCC(CCC4CCC5CCCCC5C4)CC3)CC2)CC1
C1CCC(CC2CCC(C3CCCC3)CC2C2CCC3CCCC3C2)CC1
C1CCC(C2CCCCC2)CC1
C1CCC(C2CCCCC2C2CCCCC2)CC1
C1CCC(C2CCCC(C3CCCC(C4CCCCC4)C3)C2)CC1
C1CCC(CC2CCCC(C3CCC(CC4CCCC4)CC3)C2)CC1
C1CCC(CCCC2CCC(C3CCCC(C4CCCCC4)C3)CC2)CC1
C1CCC(CC2CCC(CCC3CCCC(C4CCCCC4)C3)CC2)CC1
C1CCC(CCCC2CCC(C3CCCC(C4CCCCC4)C3)CC2)CC1
C1CCC(CCC2CCC(C3CCCCC3)CC2)CC1
C1CCC(CCC2CC(CC3CCCCC3)C3CC(CC4CCCCC4)CCC23)CC1
C1CCC(CC2CCCC(C3CCCC(C4CCCC4)C3)C2)CC1
C1CCC(CCCCC2CCCCC2C2CCCC(CCC3CCCCC3)C2)CC1
C1CCC(CC2CCCC(C3CC(CC4CCCC4)C4CCCCC43)C2)CC1
C1CCC(CC2CCCC(C3CCC(CC4CCCC4)CC3)C2)CC1
C1CCC(CC2CCC(CC3CCC(C4CCCCC4)CC3)CC2)CC1
C1CCC(CCCC2CCC(C3CCC4C(CCCC4C4CCCCC4)C3)CC2)CC1
C1CCC(CCC2CCCC(C3CCCCC3)C2)CC1
C1CCC(C2CCC(C3CCCCC3)CC2)CC1
C1CCC(CC2CCC(CC3CCC(CC4CCCCC4)CC3)CC2)CC1
C1CCC(CCC2CCCCC2C2CCCCC2)CC1
C1CCC(C2CCCCC2C2CCCCC2)CC1
C1CCC(C2CCCC(CCC3CCCC3)C2)CC1
C1CCC(CC2CCCC(C3CCCCC3)C2)CC1
C(CCCC1CCC(C2CCCCC2)CC1)CCCC1CCCC(C2CC2)C1
C1CCC(CCCC2CCC(C3CCC(CCCC4CCCCC4)CC3)CC2)CC1
C1CCC(CCC2CCCC(CCC3CCCCC3)C2)CC1
C1CCC(CC2CCCC(CC3CCCCC3C3CCCC3)C2)CC1
C1CCC(CC2CCC(CC3CCC(C4CCC5CCCCC5C4)CC3)CC2)CC1
C1CCC(CCC2CCC(C3CCCCC3CCC3CCC(CC4CCCCC4)CC3)CC2)CC1
C1CCC(CCCC2CCC(CC3CCC(C4CC5CCCCC5C4)CC3)CC2)CC1
C1CCC(CC2CCCCC2CC2CC(CC3CC3)C3CCCCC23)CC1
C1CCC(CC2CCC(C3CCC(C4CCCCC4)CC3C3CCCCC3)CC2)CC1
C1CCC(C2CCCC(C3CCCC(C4CCCCC4)C3)C2)CC1
C1CCC(CCC2CC(C3CCCCC3)C3CCCCC23)CC1
C1CCC(CCCCC2CC(C3CCCCC3)CC(C3CCCCC3)C2)CC1
C1CCC(CCCC2CCCCC2CCCC2CCCC(C3CCCCC3)C2)CC1
C1CCC(CCCC2CC(CC3CCCC3)CC(CC3CCCC3)C2)CC1
C1CCC(CC2CCCC(C3CCCC(C4CCCCC4)C3)C2)CC1
C1CCC(C2CCC(C3CCC(CC4CCC(C5CCCC5)CC4)C3)CC2)CC1
C1CCC(C2CCCC(C3CCC(C4CC4)CC3)C2)CC1
C1CCC(CC2CCC(CC3CC(C4CCCCC4)C4CCCCC34)CC2)CC1
C1CCC(CC2CCC3CCCCC3C2)CC1
C1CCC(CCCCC2CCCC(CC3CCC(C4CCC5CCCCC5C4)C3)C2)CC1
C1CCC(CCC2CCCCC2C2CCCCC2C2CCC3CCCC3C2)CC1
C1CCC(CCC2CCC(C3CCC(C4CCCCC4)CC3)C(C3CCCCC3)C2)CC1
C1CCC(C2CCC(CCCC3CCC(CC4CC5CCCCC5C4)CC3)C2)CC1
C1CCC(CC2CCC3CCCC(CC4CCCCC4)C3C2)CC1
C1CCC(CC(C2CCCCC2)C2CC(CCC3CCCC3)CC(C3CCCCC3)C2)CC1
C1CCC(CCC2CCCC(CC3CCCCC3)C2)CC1
C1CCC(C2CCCC(C3CC(CCC4CCC(C5CCCC5)CC4)CC4CCCCC43)C2)CC1
C1CCC(CC2CCCCC2C2CCC(C3CCCC(C4CC4)C3)CC2)CC1
C1CCC(C2CCCC(C3CCC(C4CCCC(C5CCCCC5)C4)CC3)C2)CC1
C1CCC(CCC2CCC(CCCC3CCC(C4CCCCC4)CC3)CC2)CC1
C1CCC(C2CCCCC2C2CCCCC2)CC1
C1CCC(C2CCCCC2C2CCCC(C3CCC4CCCC4C3)C2)CC1
C1CCC(CC2CC(C3CCCCC3)CC(C3CCCCC3)C2)CC1
C1CCC(CC2CCCC(C3CCC(C4CC4)CC3)C2)CC1
C1CCC(CC2CCCC(CC3CCCCC3C3CCCCC3)C2)CC1
C1CCC(CCCC2CCCC(CCCCC3CCCCC3C3CC3)C2)CC1
C1CCC(CCC2CCC3CC(C4CCCCC4)CCC3C2)CC1
C1CCC(CC2CCC3C(CC4CCCC4)CC(C4CCCCC4)C3C2)CC1
C1CCC(CC2CCC(CC3CCC(CCC4CCCC4)CC3)CC2)CC1
C1CCC(C2CCCC(C3CCCCC3C3CCCCC3)C2)CC1
C1CCC(CC2CCCCC2CC2CCC3CCCCC32)CC1
C1CCC(CC2CCCC(C3CCC(CC4CC5CCCCC5C4)CC3)C2)CC1
C1CCC(CC2CCC(C3CCCCC3)CC2)CC1
C1CCC(CC2CCC(CC3CC4CCCCC4C3)CC2)CC1
C1CCC(C2CC(C3CCC4CCCCC43)CC3CCCCC32)CC1
C1CCC(CCC2CCCC(C3CCC(C4CCCCC4)CC3)C2)CC1
C1CCC(CCCC(CCC2CCC(C3CCCCC3)CC2)CC2CCCCC2)CC1
C1CCC(C2CCC(C3CCCC3)CC2C2CCCCC2)CC1
C1CCC(C2CCCC(C3CCCC(CC4CC4)C3)C2)CC1
C1CCC(C2CC(C3CCCCC3C3CC3)CC3CCCCC32)CC1
C1CCC(CCCCC2CC(CC3CCCCC3)CC(C3CCCCC3)C2)CC1
C1CCC(CCC2CCC(CC3CCCCC3C3CCC(CCC4CCCCC4)CC3)CC2)CC1
C(CCCC1CCCCC1)CCCC1CCCCC1C1CCC2CCCCC21
C1CCC(CC2CCC(C3CCC(C4CCCCC4)C3CC3CCCCC3)CC2)CC1
C1CCC(CC2CCC(CC3CCC(CC4CC5CCCCC5C4)CC3)CC2)CC1
C1CCC(C2CCCC(C3CCCCC3C3CCCC3)C2)C1
C1CCC(CC2CCC(CCC3CCC(C4CCCCC4)CC3)CC2)CC1
C1CCC(C2CCCC(C3CCC(C4CCCCC4)C3)C2)CC1
C1CCC(C2CC(CC3CC4CCCCC4C3)CCC2C2CCCCC2CCC2CCCC2)CC1
C1CCC(CCC2CCCCC2C2CCCCC2C2CCCC2)CC1
C1CCC(CCCC2CCC(CC3CCC(CCC4CCCCC4)CC3)CC2)CC1
C1CCC(CCCC2CCC(CCCC3CCC(C4CCCCC4)CC3)CC2)CC1
C1CCC(C2CCCCC2C2CCC3CCCCC3C2)CC1
C1CCC(CC2CC(C3CCC(C4CCC4)CC3)C3CCC(C4CCCCC4)CC23)CC1
C1CCC(C2CCCCC2C2CCCC(C3CC3)C2)CC1
C1CCC(CCCCCC2CCCC(C3CC3)C2)CC1
C1CCC(CC2CCCC(CC3CCCCC3)C2)CC1
C1CCC(CC2CCC(CCC3CCCC(CC4CCCCC4)C3)CC2)CC1
C1CCC(CC2CCC3CC(C4CCCCC4C4CCC5CCCCC5C4)CCC23)CC1
C1CCC(C2CCC3CCCC3C2)CC1
C1CCC(CC2CCCCC2C2CCC(C3CCCCC3C3CCCCC3)C2)CC1
C1CCC(CCC2CCCC(C3CCCC(CC4CCCC(CC5CCC(CC6CCCCC6)C5)C4)C3)C2)CC1
C1CCC(C2CCCC(CC3CCCC(CC4CCC(C5CCC5)CC4)C3)C2)CC1
C1CCC(CC2CCCC(C3CCCC(C4CCCC4)C3)C2)CC1
C1CCC(CC2CCCC(C3CCCC(CC4CCCCC4C4CCCCC4)C3)C2)CC1
C1CCC(CC2CCC(C3CCCC(C4CCC(CCC5CC5)CC4)C3)CC2)CC1
C1CCC(C2CCC(C3CCC(C4CCCCC4)CC3C3CCCC3)C(C3CCCCC3)C2)CC1
C1CCC(C2CCC(CC3CC4CCCCC4C3)CC2C2CCCCC2)CC1
C1CCC(CC2CC(C3CCCCC3)C3CC(C4CCCCC4)CCC23)CC1
C1CCC(CC2CC3CCC(CC4CCCCC4)CC3C(C3CCCCC3)C2)CC1
C1CCC(CC2CCC(C3CCC(C4CCCCC4)CC3CC3CC4CCCCC4C3)CC2)CC1
C1CCC(C2CCCC(CCC3CCCC(CCC4CCC4)C3)C2)CC1
C1CCC(CCC2CCCC(C3CCCCC3)C2)CC1
C1CCC(CC2CC(CC3CCCC(C4CCCCC4)C3)C3CCCCC23)CC1
C1CCC(C2CCCC(CCC3CC(C4CCCCC4)C3)C2)CC1
C1CCC(C2CCC(C3CCCCC3)C(C3CCC4C(CCC4C4CCCC4)C3)C2)CC1
C1CCC(CCC2CCC(C3CCCCC3)CC2)CC1
C1CCC(CC2CCC(CC3CCCC(C4CCCCC4)C3)CC2)CC1
C1CCC(C2CCCCC2C2CCCC3CCCCC32)C1
C1CCC(CC2CCC(C3CC(CC4CCCCC4)C4CCCCC43)CC2)CC1
C1CCC(CCC2CCC(CC3CCC(CCC4CCCC4)CC3)CC2)CC1
C1CCC(C2CCCC(C3CCCCC3C3CCCCC3)C2)CC1
C1CCC(C2CCC(CC3CCCC(C4CCCCC4)C3)CC2)CC1
C1CCC(C2CCCC(CCC(C3CCCCC3)C3CCCCC3)C2)CC1
C1CCC(CCCC2CCCCC2C2CCCCC2)CC1
C1CCC(CC2CCC(CC3CCC(CCCC4CC5CCCCC5C4)CC3)CC2)CC1
C1CCC(CCC2CCC(CCC3CCCC(CC4CCCCC4)C3)CC2)CC1
C1CCC(CCC2CC(C3CCCCC3CC3CCCCC3)C3CCCCC23)CC1
C1CCC(CC2CCC(CC3CCCCC3)CC2)CC1
C1CCC(CC2CCCCC2)CC1
C1CCC(CC2CCC3C(CC4CCCCC4)CCC3C2)CC1
C1CCC(CCC2CCCC(C3CC(C4CCCCC4)CC(C4CC4)C3)C2)CC1
C1CCC(CCC2CCC(C3CCCCC3)CC2C2CCCCC2)CC1
C1CCC(CCC2CCC(CC3CCCCC3)CC2)CC1
C1CCC(C2CCCC(C3CCCCC3)C2)CC1
C1CCC(CCC2CCCCC2C2CCCCC2)CC1
C1CCC2CC(CC3CCCC(C4CCC5C(CCCC5C5CCCC(C6CC6)C5)C4)C3)CC2C1
C1CCC(C2CCCCC2)CC1
C1CCC(CC2CCC(CC3CCCCC3C3CCCCC3)CC2)CC1
C1CCC(CC2CCCCC2CC2CCCCC2)CC1
C1CCC(CCC2CCC(CC3CCC(C4CCCCC4)CC3)CC2)CC1
C1CCC(CC2CCCCC2)CC1
C1CCC(C2CCC(C3CCC4CCCCC43)CC2)CC1
C1CCC(CCCCCC2CCCCC2)CC1
C1CCC(C2CCC(C3CCCCC3)C(CC3CCCC3)C2)CC1
C1CCC(CC2CCCCC2CC2CCC3CCCC(C4CCCCC4CC4CCCCC4)C3C2)CC1
C1CCC(CC2CCC3CC(CC4CCC(C5CCCCC5)CC4)CCC23)CC1
C1CCC(C(C2CCC2)C2CCCC(C3CCCC(C4CCCC4)C3)C2)CC1
C1CCC(C2CCC(C3CCCCC3C3CCCC3)C(C3CCCCC3)C2)CC1
C1CCC(C2CCCCC2CC2CCCCC2C2CCC3CCCCC3C2)CC1
C1CCC(C2CCC(CC3CCC(CCC4CCC4)CC3)CC2)CC1
C1CCC(C2CCCCC2CC2CCCC(C3CCC3)C2)CC1
C1CCC(CC2CCC(C3CCCC(C4CCCCC4)C3)CC2)CC1
C1CCC(CCCCCC2CCC(C3CCCCC3)CC2)CC1
C1CCC(CCCCC2CCC(C(C3CCCCC3)C3CCCCC3)CC2)CC1
C1CCC(CC2CCCC(C3CCC(C4CCCCC4)CC3)C2)CC1
C1CCC(CCCC2CCCC(CCC3CCCCC3)C2)CC1
C1CCC(CCC2CCCC3CCCCC32)CC1
C1CCC(CC2CCC(CC3CCC(CCCC4CC(CC5CCCCC5)CCC4C4CCCC4)CC3)CC2)CC1
C1CCC(CCC2CCCC(C3CCCC4CC(C5CCCCC5)CCC43)C2)CC1
C1CCC(C2CCC(CC3CCCC(C4CCCCC4)C3)CC2)CC1
C1CCC(CC2CC(C3CCCCC3C3CCCCC3)CCC2C2CCCCC2)CC1
C1CCC(C2CCC(CC3CCCC(CC4CCCCC4C4CCCCC4)C3)CC2)CC1
C1CCC(CC2CCC3CCC(C4CCCC(C5CCCCC5)C4)CC3C2)CC1
C1CCC(CC2CCC(CC3CCC(C4CCCCC4)CC3)CC2)CC1
C1CCC(C2CCCC(CCC3CCC4CC(C5CCCCC5)CC(C5CCCCC5)C4C3)C2)CC1
C(CCC1CCCC1)CCC1CCC(CC2CCC(CC3CCCCC3)CC2)CC1
C1CCC(C2CCCC(CC3CCC4CCCCC43)C2)CC1
C1CCC(C2CCCCC2CCC2CCCCC2C2CCCCC2)CC1
C1CCC(CC2CCC(CCC3CCC(C4CCCCC4)CC3)CC2)CC1
C1CCC(CCC2CCC(CC3CCC(CC4CCCCC4)CC3)CC2)CC1
C1CCC(CCC2CCC(CCC3CCCC(C4CCCCC4CC4CCCCC4)C3)CC2)CC1
C1CCC(CC2CCC(CC3CCCC(C4CCCCC4)C3)CC2)CC1
C1CCC(CCC2CCCC(CC3CCCCC3)C2)CC1
C1CCC(CC2CCC(CC3CCCCC3)CC2)CC1
C1CCC(CCC2CCCC(C3CCCCC3)C2)CC1
C1CCC(CCCC2CCC(CC3CCC(CC4CC5CCCCC5C4)CC3)CC2)CC1
C1CCC(CCC2CC(C3CCCCC3)C3CC(CC4CCCCC4)CCC23)CC1
C1CCC(C2CCCC(C3CCCC3)C2)CC1
C1CCC(CC2CCCC(C3CCC(CCC4CCC(CC5CC6CCCCC6C5)CC4)CC3)C2)CC1
C1CCC(C2CCC(CC3CCC(C4CCCCC4)CC3)CC2)CC1
C1CCC(CC2CCC(CCCCC3CCCC(C4CCCCC4)C3)CC2)CC1
C1CCC(CC2CCC(C3CCCCC3)CC2)CC1
C1CCC(CCC2CCCC(C3CC(CC4CCC(C5CCCCC5)CC4)C4CCCCC43)C2)CC1
C1CCC(CCCC2CCC(CCC3CCCCC3)CC2)CC1
C1CCC(CCC2CCC(C3C(C4CCCCC4)CCCC3C3CCCCC3)CC2)CC1
C1CCC(C2CC(C3CCC4CCCCC43)CC3CCCCC32)CC1
C1CCC(CCCCC2CCCC(CCCC3CCCCC3)C2)CC1
C1CCC(CCC2CCC(CCC3CCCCC3)CC2)CC1
C1CCC2CC(C3CCCC(C4CCCCC4C4CCCC4)C3)CC2C1
C1CCC(CC2CCC(CC3CCCCC3C3CCCCC3)CC2)CC1
C1CCC(C2CCC3CCC(C4CCCC(CC5CCC6CCCCC65)C4)CC3C2)CC1
C1CCC(CC2CCCCC2C2CCC(C3CCCC(C4CCCCC4)C3)CC2)CC1
C1CCC(CCCC2CC(C3CCCCC3CC3CCCCC3)C3CCCCC23)CC1
C1CCC(CC2CCC(CCCC3CCCCC3CC3CCCCC3)CC2)CC1
C1CCC(CCCC2CCCCC2C2CC(CC3CCC3)CC(C3CCCCC3)C2)CC1
C1CCC(CC2CCCC(C3CCCCC3)C2)CC1
C1CCC(CC(CC2CCCCC2)C2CCCCC2)CC1
C1CCC(C2CCCC(C3CCC4C(CCCC4C4CCCC(C5CCC5)C4)C3)C2)CC1
C1CCC(C2CCC(CCCC3CCCC4CC(C5CCCCC5)CCC34)CC2)CC1
C1CCC(C2CCCC(CC3CCCC(C4CCC(C5CC5)CC4)C3)C2)CC1
C1CCC(C2CC(C3CCCC3)CCC2C2CCCCC2C2CCCC2)CC1
C1CCC(CC2CC(C3CCCCC3)CCC2C2CCCCC2)CC1
C1CCC(C2CCC(CCCC3CCC(CC4CCC(C5CCCCC5C5CCCC5)C4)CC3)CC2)CC1
C1CCC(CC2CCC(CC3CCCCC3)CC2)CC1
C1CCC(C2CCC(C3CCC(CCC4CCCC(C5CCCCC5)C4)CC3)CC2)CC1
C1CCC(CCC2CCCC(C3CCCC(C4CCCC(C5CCCCC5)C4)C3)C2)CC1
C1CCC(CC2CCCC(C3CCCCC3)C2)CC1
C1CCC(CC2CCC(CCC3CCCC(CC4CCCCC4)C3)CC2)CC1
C1CCC(CC2CCC3CCCC(CC4CCC(CC5CCC(C6CCCCC6)CC5)CC4)C32)CC1
C1CCC(C2CCCC(CC3CCCCC3C3CCC(C4CCCCC4C4CC4)CC3)C2)CC1
C1CCC(C2CCC(C3CCC(CC4CCC5CCCCC54)CC3)CC2)C1
C1CCC(C2CCC(C(C3CCCCC3)C3CC3)CC2)CC1
C1CCC(CCC2CCC(C3CCC4CCCCC4C3)CC2)CC1
C1CCC(CCCC2CCC(C3CCCC(C4CCCCC4)C3)CC2)CC1
C1CCC(C2CCCC(C3CCC(CC4CCC(CC5CCC(C6CC6)CC5)CC4)CC3)C2)C1
C1CC2CCC(CC3CCCC(C4CCC(CC5CCCC6CCCCC65)CC4)C3)CC2C1
C1CCC(CCC2CCCCC2C2CC(C3CCCCC3C3CCCC3)C3CCCCC23)CC1
C1CCC(CCC2CC(CCC3CC4CCCCC4C3)CC(CC3CCCCC3)C2)CC1
C1CCC(C2CCC(C3CCCCC3C3CCCC3)CC2)CC1
C1CCC(CCC2CCCC(C3CCCCC3)C2)CC1
C1CCC(CCCC2CCC(C3CCC(CC4CCCCC4)CC3)CC2)CC1
C1CCC(C2CCC(C3CC(CCC4CCC(C5CCCC5)CC4)C4CCCCC43)CC2)CC1
C1CCC(CCC2CCC(CCCCC3CCC(C4CCCCC4)CC3)CC2)CC1
C1CCC(C2CCC(C3CCC4CCCCC4C3)C2)CC1
C1CCC(C(C2CCCC3CCCCC32)C2CCCCC2C2CCC3CCCCC32)CC1
C1CCC(CC2CCC3CC(C4CCC5CCCCC54)CC(CC4CCCCC4)C3C2)CC1
C1CCC(CC2CCC(C3CCCC(C4CCCCC4)C3)CC2)CC1
C1CCC(CCC2CCC(CC3CCCCC3)CC2)CC1
C1CCC(C2CCC(C3CCCC(C4CCCCC4)C3)CC2)CC1
C1CCC(C(C2CCCCC2)C2CC(C3CCCCC3C3CCCC3)C3CCCCC32)CC1
C1CCC(C2CCCC3CC(C4CCCC(CC5CCC(C6CCCCC6C6CCCC6)CC5)C4)CCC32)CC1
C1CCC(CC2CCC(CC3CCCC(CC4CCCCC4)C3)CC2)CC1
C1CCC(C2CCCC(C3CCCC3)C2)CC1
C1CCC(CC2CCC(C3CCCCC3)CC2)CC1
C1CCC(CCC2CCC(CC3CCCCC3)CC2)CC1
C1CCC(CC2CCC(CCC3CCCCC3C3CCCCC3)CC2)CC1
C1CCC(C2CCC(C3CCCCC3)CC2)CC1
C1CCC(C2CCC(CC3CCC(C4CCCCC4)CC3)CC2)CC1
C1CCC(CCC2CCCC(C3CCCC(C4CCCC(CC5CCCC(C6CCCCC6)C5)C4)C3)C2)CC1
C1CCC(CCC2CCCCC2C2CCC(CC3CCCCC3)CC2)CC1
C1CCC(CCCC2CCC(C3CCCCC3)CC2CCC2CCCCC2)CC1
C1CCC(C2CCC(C3CCCC(C4CCCCC4)C3)CC2)CC1
C1CCC(CC2C(C3CCCCC3)CCC2C2CCCCC2C2CCCCC2)CC1
C1CCC(CC2CCCC(C3CCCC(C4CCCCC4)C3)C2)CC1
C1CCC(CCC2CCCC(CC3CCC(CC4CCCCC4)CC3)C2)CC1
C1CCC(CC2CCCC(C3CCCC(CCC4CCC5CCCC5C4)C3)C2)CC1
C1CCC(CC2CCCC(C3CCCC(C4CCCCC4)C3)C2)CC1
C1CCC(C2CCCCC2C2CCCCC2CC2CC2)CC1
C1CCC(CC2CCC(C3CCCC(C4CCCCC4)C3)CC2)CC1
C1CCC(CCC2CCC(CC3CCCCC3)CC2)CC1
C1CC(CC2CCC(C3CCCC3)CC2)CC(CC2CCC(C3CCCC3)CC2)C1
C1CCC(CCC2CCC(CCC3CCCC(C4CCCC4)C3)CC2)CC1
C1CCC(CC2CCCCC2C2CCCC3CC(C4CCCCC4)CCC32)CC1
C1CCC(CC2CCCC(C3CCCCC3)C2)CC1
C1CCC(CCCC2CCC(CC3CCCC(CC4CCCCC4)C3)CC2)CC1
C1CCC(CC2CCCC(CC(C3CCCCC3)C3CCCCC3)C2)CC1
C1CCC(CC2CCCC(C3CCC4CCCCC43)C2)CC1
C1CCC(C2CCCC(CC3CCC(CC4CCC(C5CCC6CCCCC6C5)CC4)CC3)C2)CC1
C1CCC(CC2CCC(C3CCCC(C4CCCCC4)C3)CC2)CC1
C1CCC(CCC2CCC(C3CCCC3)CC2)CC1
C1CCC(C2CCC(C3CC(C4CCC(C5CCC(CCC6CCCC6)CC5)CC4)C3)CC2)CC1
C1CCC(CCCC2CCC(C3CCC(CCC4CCCCC4)CC3)CC2)CC1
C1CCC(CC2CCCC(C3CCC(C4CCCCC4)CC3C3CCCCC3)C2)CC1
C1CCC(CC2CCC(CC3CCC4CCCCC4C3)CC2)CC1
C1CCC(CC(C2CCCCC2)C2CCCC(CCC3CCC(CC4CCCC4)CC3)C2)CC1
C1CCC(CCC2CCCC(C3CCCCC3)C2)CC1
C1CCC(CCC2CCCC(CC3CCC(CC4CCCCC4)CC3)C2)CC1
C1CCC(C2CCCC(C3CCCC(C4CCCCC4)C3)C2)CC1
C1CCC(CC2CC(C3CCC(C4CCCCC4)CC3)C3CCCCC23)CC1
C1CCC(CC2CCC(C3CCCCC3C3CCCCC3)C2)CC1
C1CCC(C2CCCC(C3CCCCC3C3CCCCC3)C2)CC1
C1CCC(CCCCCC2CCC(C3CCC(CCC4CCCCC4)CC3)CC2)CC1
C1CCC(CCC2CCCC(CC(CC3CCCCC3)C3CCCCC3C3CCCCC3)C2)CC1
C1CCC(C2CCCC(C3CCCCC3)C2)CC1
C1CCC(CCC2CCC(C3CCC(CC4CCC(CC5CC6CCCCC6C5)CC4)CC3)CC2)CC1
C1CCC(CCC2CCCC(C3CCC(CC4CCCCC4)CC3)C2)CC1
C1CCC(CCCC2CCCC(CC3CCC(CC4CCCCC4)CC3)C2)CC1
C1CCC(CCC2CCC(CC3CCCCC3)CC2)CC1
C1CCC(C2CCC(CC3CCC(CC4CCC5CCCCC54)CC3)C2)CC1
C1CCC(CCCCC2CCC(C3CCCCC3)CC2)CC1
C1CCC(CC2CC(C3CCCCC3)C(CC3CCCCC3)C(C3CCCC3)C2)CC1
C1CCC(CCCC2CCCC(C3CCCCC3CC3CCCCC3)C2)CC1
C1CCC(CCC(C2CCCC2)C2CCC(CC3CCCCC3)CC2)CC1
C1CCC(C(CC2CCC3CCCC3C2)C2CCC(CCC3CC4CCCCC4C3)CC2)CC1
C1CCC(C2CCCC(CCC3CCCCC3C3CCC(CC4CC4)CC3)C2)CC1
C1CCC(CCCC2CCCC(C3CCCC(C4CCCCC4)C3)C2)CC1
C1CCC(C2CCCCC2CC2CC(C3CCCCC3)C3CCCCC23)CC1
C1CCC(CCC2CCC3C(C4CCC5CCCC5C4)CC(C4CCCCC4)C3C2)CC1
C1CCC(C2CCC(CC3CCC(CC4CCCC4)CC3)CC2)CC1
C1CCC(CCC(C2CCCCC2)C2CCCC(CC3CCCCC3CC3CCCCC3)C2)CC1
C1CCC(CC2CCC(CCC3CCCC(C4CCC(C5CCCCC5)CC4)C3)CC2)CC1
C1CCC(C2CCCCC2)CC1
C1CCC(CCCC2CCC(CC3CCCCC3)CC2)CC1
C1CCC(CCC2CCCC(CC3CCCCC3)C2)CC1
C1CCC(C2CCCCC2CC2CCC3C(CCC3C3CCCC3)C2)CC1
C1CCC(C2CC(C3CCCCC3)CC(C3CCCC(C4CCC(CC5CCC5)CC4)C3)C2)CC1
C1CCC(C2CCCC(C3CC(C4CCCCC4)CC(C4CCCCC4)C3)C2)CC1
C1CCC(CC2CC(CC3CCC(C4CCCCC4C4CCC5CCCC5C4)CC3)C3CCCCC23)CC1
C1CCC(CC2CCC(CC3CCCCC3)CC2)CC1
C1CCC(C2CCC(CCC3CCCC(C4CCCCC4)C3)CC2)CC1
C1CCC(C2CCC(C3CCC(CCC4CCCC4)CC3)CC2)CC1
C1CCC(CCC2CCCCC2)CC1
C1CCC(CCCCCC2CC(C3CCCCC3)C3CCCCC23)CC1
C1CCC(CCC2CCCCC2CC2CCCCC2)CC1
C1CCC(CCC2CCC(CC3CCCCC3)C(C3CCCC(C4CCCC4)C3)C2)CC1
C1CCC(CC2CCC(CCCC3CCCC(C4CCCCC4)C3)CC2)CC1
C1CCC(C2CCC(CCC3CCCCC3C3CCC4CCCC4C3)CC2C2CCCCC2)CC1
C1CCC(C2CCCC(C3CCCC(CC4CCCC4)C3)C2)CC1
C1CCC(CC2CC(C3CCCCC3)CCC2C2CCCCC2)CC1
C1CCC(C2CC(CC3CCC4CCCCC43)CC3CCCCC32)CC1
C1CCC(C2CCC(CC3CCCCC3C3CCCCC3)CC2)CC1
C1CCC(CC2CCCCC2C2CCC3C(CC4CCCC4)CC(C4CCC5CCCCC54)C3C2)CC1
C1CCC(CCC2CCC(CC3CCCCC3)CC2)CC1
C1CCC(CCCC2CCC(CC3CCC(CCC4CCCCC4)CC3)CC2)CC1
C1CCC(CC2CCCC(C3CCC(C4CC4)CC3)C2)CC1
C1CCC(CCCC2CCC(C3CCCCC3)CC2)CC1
C1CCC(CC2CCC(CC3CCCCC3)CC2)CC1
C1CCC(CC2CCC(CC3CCCCC3)CC2)CC1
C1CCC(CC2CCC(C3CCC(C4CC(C5CCCCC5)C4)CC3)CC2)CC1
C1CCC(C2CCC(C3CCCC3)CC2)CC1
C1CCC(CC2CCC(CC3CCCCC3)CC2)CC1
C1CCC(CC2CCC(CCCCC3CCCCC3C3CCCCC3)CC2)CC1
C1CCC(CCCC2CCC(CC3CCC(C4CCC(C5CCCCC5)C4)CC3)CC2)CC1
C1CCC(CC2CCCC(C3CCC(C4CCCCC4)CC3)C2)CC1
C1CCC(C2CCC(C3CCCC(CC4CC5CCCCC5C4)C3)CC2)CC1
C1CCC(CCC2CCCC(C3CCCC(CC4CCCCC4)C3)C2)CC1
C1CCC(CC2CCC(C3CCCCC3)CC2)CC1
C1CCC(CCC2CCC(C3CCCCC3)CC2)CC1
C1CCC(CCCC2CCC(CC3CCC(CC4CCCCC4)CC3)CC2)CC1
C1CCC(CC2CCC(C3CCC(C4CCCCC4)CC3)CC2)CC1
C1CCC(C2CCCC(CCCC3CCCC(C4CCCC4)C3)C2)CC1
C1CCC(CCCC2CCC(CCCC3CCCCC3C3CCCCC3)CC2)CC1
C1CCC(C2CCC(CC3CCC(C4CCCC(CC5CCCC(C6CCC6)C5)C4)C3)CC2)CC1
C1CCC(CCC2CCC(C3CCCCC3C3CCCCC3)CC2)CC1
C1CCC(CC2CCC(C3CC(CC4CCCCC4)C4CCC(C5CCCCC5)CC43)CC2)CC1
C1CCC(C2CCCCC2C2CCC(C3CC3)CC2C2CCCCC2)CC1
C1CCC(CCC2CCCC(C3CCCCC3)C2)CC1
C1CCC(C2CCC(C3CCC(C4CCCCC4)CC3C3CCCCC3)CC2)CC1
C1CCC(CC2CCC(C3CCC4CCCC4C3)CC2)CC1
C1CCC(CCCC2CCCC(C3CCCC(CC4CCCC(CC5CCCCC5)C4)C3)C2)CC1
C1CCC(CC2CC(C3CC3)CCC2CC2CC(C3CCCCC3)C3CCCCC23)CC1
C1CCC(CCCCC2CCC(CC3CCC(CC4CCC5CCCCC54)CC3)CC2)CC1
C1CCC(C2CCCCC2CC2CC3CCCCC3C2)CC1
C1CCC(CC2CCC3CC(C4CCCC4)CC(C4CCCCC4)C3C2)CC1
C1CCC(CCCC2CCCC(CC3CCCC4CC(C5CCCCC5)CCC34)C2)CC1
C1CCC(C2CCC(CC3CCCCC3C3CCCC3)CC2)CC1
C1CCC(CCC2CCCC(C3CCCCC3)C2)CC1
C1CCC(CC2CCC(CC3CCC(C4CCCC(CC5CC5)C4)CC3)CC2)C1
C1CCC(C2CCCC(C3CCCCC3C3CCC(C4CCCCC4)C3)C2)CC1
C1CCC(C2CCCC(C3CCCC(C4CCC(CCC5CCCC5)CC4)C3)C2)CC1
C1CCC(C2CCCCC2C2CCCCC2)CC1
C1CCC(CC2CCC(CC3CCCC(CC4CCCC(C5CCCCC5)C4)C3)CC2)CC1
C1CCC(C2CCC(C3CCCCC3)CC2)CC1
C1CCC(CCC2CCC(C3CCCCC3)CC2)CC1
C1CCC(CCC2CCCC(C3CCC4C(CC5CCCCC5)CC(C5CCCC5)C4C3)C2)CC1
C1CCC(C2CCCC(C3CCCC(CC4CCC(CC5CC5)CC4)C3)C2)CC1
C1CCC(C2CCCC(C3CCCCC3)C2)CC1
C1CCC(C2CC(C3CCCC(CCCCC4CC5CCCCC5C4)C3)C3CCCCC23)CC1
C1CCC(CC2CCCC(C3CCC(C4CCCCC4)CC3)C2)CC1
C1CCC(CC2CCC3C(C4CCCCC4)CC(C4CCCCC4)C3C2)CC1
C1CCC(CC2CCC(C3CCCCC3CC3CCCCC3)CC2)CC1
C1CCC(CCCCC2CCCCC2CC2CCC(CCC3CCCCC3)CC2)CC1
C1CCC(CC2CCCC(CC3CCCCC3CC3CCCCC3)C2)CC1
C1CCC(CC2CCCC(C3CCC3)C2)CC1
C1CCC(CCC2CCCC(CC3CCCCC3)C2)CC1
C1CCC(CC2CCC(C3CCCCC3)C(C3CCCCC3)C2)CC1
C1CCC(C2CCC(C3CCCC(CC4CCC5CCCC5C4)C3)C2)CC1
C1CCC(C2CCC(C3CCCCC3C3CCCCC3)C(C3CCC4CCCC4C3)C2)CC1
C1CCC(CCC2CCCCC2C2CCC(C3CCC4CCCCC43)CC2)CC1
C1CCC(C2CCCC(C3CCC(C4CCCC(C5CCC6CCCC6C5)C4)CC3)C2)CC1
C(CC1CCC2CCCCC2C1)CC1CCC(C2CCCC(C3CCCC4CCCCC43)C2)C1
C1CCC(CCC2CCCCC2C2CCCCC2)CC1
C1CCC(CCCCC2CCC(C3CC4CCCCC4C3)CC2)CC1
C1CCC(CC2CCCC(C3CCCCC3)C2)CC1
C1CCC(CCCCC2CCCC(CC3CCCC(C4CCCCC4)C3)C2)CC1
C1CCC(CC2CCCC(C3CC4CCCC(C5CCC(C6CCCCC6)CC5)C4C3)C2)CC1
C1CCC(C2CCC(C3CCCCC3)C(C3CCCCC3)C2)CC1
C1CCC(CC2CCC3CC(C4CCCCC4C4CCCCC4)CCC23)CC1
C1CCC(CC2CC(C3CCC(C4CCC5CCCCC5C4)CC3)C3CCCCC23)CC1
C1CCC(C2CCCC(C3CCCC4CCCCC43)C2)C1
C1CCC(C2CCCCC2C2CCCCC2)CC1
C1CCC(C2CCCCC2C2CCC(CC3CCC4CCCC(C5CCCCC5)C4C3)CC2)CC1
C1CCC(CC2CCC3C(CCC3C3CCCCC3)C2)CC1
C1CCC(C2CCCC(C3CCCC(CC4CCC5CCCCC5C4)C3)C2)CC1
C1CCC(CC2CCCC(C3CCC(CC4CCC5CCCCC54)CC3)C2)CC1
C1CCC(C2CCC(CC3CCC(C4CCCCC4)CC3)CC2)CC1
C1CCC(C2CCCC(CC3CCC(CCC4CC4)CC3)C2)CC1
C1CCC(CC2CCCCC2C2CCC(C3CCCCC3)CC2)CC1
C1CCC(C2CCC3CCCCC3C2)CC1
C1CCC(CCCC2CCCC(CC3CCCCC3)C2)CC1
C1CCC(C(CC2CC2)C2CCC(C3CCCC(CC4CC4)C3)CC2)CC1
C1CCC(CC2CCC(CC3CCCC(CC4CC4)C3)CC2)CC1
C1CCC(C2CCCC(C3CCCCC3)C2)CC1
C1CCC(CC2CCC(C3CCC(C4CCCC(C5CCCCC5)C4)C4CCCC34)CC2)CC1
C1CCC(CCCC2CC(CC3CC3)CCC2C2CCCCC2)CC1
C1CCC(CC2CCCC(CC3CCCC(C4CCCCC4)C3)C2)CC1
C1CCC(C2CC(CCCCC3CCC4CCCC4C3)CC3CCCCC32)CC1
C1CCC(C2CCC(CC3CCC4CCCCC4C3)CC2)CC1
C1CCC(CC2CCC(C3CCC(CC4CC5CCCCC5C4)CC3)CC2)CC1
C1CCC(CC2CCC(C3CCCC(C4CCCCC4)C3)CC2)CC1
C1CCC(C2CCCC(CCC3CCC(CC4CCCC4)CC3)C2)CC1
C1CCC(CC2CCC(C3CCCC3)CC2CC2CC3CCCCC3C2)CC1
C1CCC(C2CCCC(C3CCCC(C4CCCCC4C4CCCC4)C3)C2)C1
C1CCC(CC2CCCC(CCCCC3CCC(C4CCCCC4)C3)C2)CC1
C1CC2CCC(C3CC(CC4CCCCC4C4CCCC4)CCC3C3CCCC3)CC2C1
C1CCC(CCCC2CCCC(CC3CCC(C4CCCC4)CC3)C2)CC1
C1CCC(CCC2CC3CCCCC3C2)CC1
C1CCC(CC2CCC(CC3CCCCC3)CC2)CC1
C1CCC(CCC2CCC(CC3CCCCC3)CC2)CC1
C1CCC(CC2CCCC(C3CCCCC3)C2)CC1
C1CCC(CC2CCC(C3CCCCC3)C(C3CCCC3)C2)CC1
C(CCCC1CCCCC1)CCCC1CC2CCCCC2C1
C1CCC(CC2CCC(CCC3CCC(C4CCCCC4)CC3)CC2)CC1
C1CCC(CCCCC2CC(C3CCCCC3)CCC2C2CCCCC2)CC1
C1CCC(CC2CC(C3CCC(CC4CCCC4)CC3)C3CCCCC23)CC1
C1CCC(C2CCC(C3CCCCC3CC3CCCCC3CC3CC4CCCCC4C3)CC2)C1
C1CCC(CC2CCC(CCC3CCC(CC4CCCCC4)CC3)CC2)CC1
C1CCC(C2CCC(CC3CC4CCCCC4C3)CC2)CC1
C(CCC1CCC2CCCC2C1)CCC1CCCCC1C1CCCCC1C1CCC2CCCC2C1
C1CCC(CC2CCCC(C3CC4CCCCC4C(CC4CCCCC4)C3)C2)CC1
C1CCC(CCCC2CC(CC3CCCCC3)C3CCC(C4CCCCC4)CC23)CC1
C1CCC(CC2CCCC(C3CCC(C4CCCCC4)CC3)C2)CC1
C1CCC(C2CCCC(C3CCCCC3C3CCCC3)C2)CC1
C1CCC(C2CCCCC2C2CCCC2CCCC2CC3CCCCC3C2)CC1
C1CCC(CC2CC(C3CCCCC3)CC(C3CCCCC3)C2)CC1
C1CCC(C2CCCC(C3CCCCC3C3CCC(CC4CC5CCCCC5C4)CC3)C2)C1
C1CCC(CCCCC2CCCC(CC3CCC(C4CCC4)CC3)C2)CC1
C1CCC(CCCCC2CCCC(CC3CCC4CCCC4C3)C2)CC1
C1CCC(CCC2CCC(C3CCCCC3)CC2)CC1
C1CCC(C2CCCC(C3CCCCC3C3CCCCC3C3CCCCC3)C2)CC1
C1CCC(CCCCC2CCC(C3CCCC(CC4CC4)C3)CC2)CC1
C1CCC(CCC2CCCC(C3CCCCC3)C2)CC1
C1CCC(CC2CCC(C3CCCCC3)CC2)CC1
C1CCC(CC2CC(CC3CCCCC3)C3CC(C4CCCCC4)CCC23)CC1
C1CCC(CC2CCCC(C3CC(CC4CCCCC4)C4CCCCC43)C2)CC1
C1CCC(CCC2CC(CC3CCCCC3)CC(C3CCCCC3)C2)CC1
C1CCC(C2CCCC(C3CCC(CC4CCCC4)CC3)C2)CC1
C1CCC(CC2CC(C3CCC(C4CCCCC4)CC3)C3CCCCC23)CC1
C1CCC(CCC2CCCC(CCC3CC(C4CCCC4)CCC3CC3CCCCC3)C2)CC1
C(CC1CCC2CCCCC2C1)CC1CCCC(C2CCCCC2C2CCCC2)C1
C1CCC(C2CCCCC2)CC1
C1CCC(CC2CCCC(CC(CC3CC4CCCCC4C3)C3CCCCC3)C2)CC1
C1CCC(C2CCCC(C3CC4CCCCC4C3)C2)CC1
C1CCC(C2CCC(CC3CCC(C4CCCCC4)CC3)CC2)CC1
C1CCC(CCCCC2CCC(CCCCC3CCC(CC4CCC4)CC3)CC2)CC1
C1CCC(CC2CCC(C3CCCC(CC4CCCCC4)C3)CC2)CC1
C1CCC(C2CCCCC2CCC2CCC3CCCCC32)CC1
C1CCC(CCC2CCC(C3CCCCC3C3CCCCC3)CC2)CC1
C1CCC(C2CCCC(C3CC(C4CCCC5CCCCC54)C4CCCCC34)C2)CC1
C1CCC(CC2CCC(CCCC3CCC(CC4CCCCC4)CC3)CC2)CC1
C1CCC(CC2CCCC(CCCCCC3CCCC(C4CCCCC4)C3)C2)CC1
C1CCC(CC2CCC(C3CCC(CC4CCC(C5CCCC5)CC4)CC3)CC2)CC1
C1CCC(CCCCC2CCCC(CC3CCC4CCCCC4C3)C2)CC1
C1CCC(CC2CCC(C3CCC(C4CCCC(C5CCCC5)C4)CC3)CC2)CC1
C1CCC(C2CCC(CC3CCCC(C4CCCC4)C3)CC2)CC1
C1CCC(CC2CCCC(C3CCCCC3)C2)CC1
C1CCC(CCCC2CCCC(C3CCCCC3)C2)CC1
C1CCC(C2CCC3CCCC(C4CCCCC4)C3C2)CC1
C1CCC(C2CCC(CC3CCC(C4CCCCC4)CC3)CC2)CC1
C1CCC(C2CCCCC2C2CCC(C3CCCC4CCCCC43)CC2)C1
C1CCC(CC2CCC(C3CCCCC3C3CCCCC3)CC2)CC1
C1CCC(CCCC2CCC(CC3CCCCC3)CC2)CC1
C1CCC(CC2CCC(CC3CCCCC3)CC2)CC1
C1CCC(CC2CC(CCC3CC3)C3CC(C4CCCCC4)CCC23)CC1
C1CCC(CC2CCCCC2C2CCCC3CC(C4CCCCC4C4CCCC4)CC32)C1
C1CCC(CCC2CCCC(C3CCCCC3)C2)CC1
C1CCC(CC2CCC(C3CCCCC3)CC2)CC1
C1CCC(CC2CCCC(CCC3CCC(C4CCCCC4)CC3)C2)CC1
C1CCC(C2CCC(C3CCC(C4CCCCC4)CC3)CC2)CC1
C1CCC(CC2CCC3CC(C4CCCC4)CC(C4CCCCC4)C23)CC1
C1CCC(CCC2CCC(CC3CCCCC3)CC2)CC1
C1CCC(CC2CCC(C3CCC(C4CCC(C5CCCCC5)CC4)CC3)CC2)CC1
C1CCC(C2CCCC(CCC3CCCC(C4CCCCC4)C3)C2)CC1
C1CCC(CCCC2CCC(CC3CCCCC3)CC2)CC1
C1CCC(CC2CCCCC2CCC2CCC(CC3CCCC3)CC2)CC1
C1CCC(CCCCC2CCCCC2CC2CCCCC2)CC1
C1CCC(CCC2CCC(CC3CCCCC3C3CCCCC3)CC2)CC1
C1CCC(CCCCC2CCCC(C3CCC(CCCC4CCCCC4)CC3)C2)CC1
C1CCC(CCCC2CCCC(CCC3CCCCC3CCC3CCCCC3)C2)CC1
C1CCC(C2CCCCC2C2CCCCC2)CC1
C1CCC(C2CCC(CC3CCC(C4CCCC4)CC3)CC2)C1
C1CCC(C2CCC(CC3CCC(CCC4CCCC4)C(C4CCCCC4)C3)CC2)CC1
C1CCC(C2CCCCC2C2CCCCC2)CC1
C1CCC(C2CCCCC2)CC1
C1CCC(CC2CC(C3CCCCC3)C3CCCCC23)CC1
C1CCC(C2CCCCC2CC2CCCC2)CC1
C1CCC(C2CCCC(C3CCC(C4CCC(C5CCC6CCCC6C5)CC4)CC3)C2)C1
C1CCC(CC2CCC(CCCCC3CCCC3)CC2)CC1
C1CCC(CCCC2CCC(CC3CCCCC3CC3CCCCC3)CC2)CC1
C1CCC(CCC2CCCC(C3CCC(CC4CCCCC4)CC3)C2)CC1
C1CCC(CCC2CCCC(C3CCCCC3C3CCCCC3)C2)CC1
C1CCC(C2CCCC(C3CCC(CCC4CCCCC4C4CCCCC4)CC3)C2)CC1
C1CCC(C2CCCC(C3CCCCC3)C2)CC1
C1CCC(C2CCC(CCCC3CCCC(C4CCCCC4)C3)CC2)CC1
C1CCC(CC2CCC(CC3CCCCC3)CC2)CC1
C1CCC(C2CCC(CCCC3CCC(C4CCCCC4)CC3)CC2)CC1
C1CCC(CCCC2CCC(C3CCC(CC4CCCCC4C4CCCCC4)CC3)CC2)CC1
C1CCC(C2CCCC(C3CCCCC3)C2)CC1
C1CCC(CC2CCC(C3CC(C4CCCCC4)C4CCCCC34)CC2)CC1
C1CCC(CC2CCCCC2C2CCC3C(CCCC3C3CCCCC3)C2)CC1
C1CCC(CCC2CCCC(C3CCCC(C4CCCCC4)C3)C2)CC1
C1CCC(C2CCC(CC3CCCC(C4CCCCC4)C3)CC2)CC1
C1CCC(CCCC2CCC3C(CC4CCCCC4)CC(CC4CCCC4)C3C2)CC1
C1CCC(C2CCC(CC3CC(C4CCC(CCC5CCC6C(CCC6C6CCCCC6)C5)CC4)C3)CC2)CC1
C1CCC(CC2CCC(CC3CCCC(C4CCCCC4)C3)CC2)CC1
C1CCC(CC2CCCC(C3CCC(CCC4CCCC4)CC3)C2)CC1
C1CCC(CCC2CCCC(C3CCCCC3C3CCCCC3)C2)CC1
C1CCC(C2CC(C3CCCC(C4CCCC4)C3)CCC2C2CCC(C3CC3)CC2)CC1
C1CCC(CC2CCCCC2C2CCCC2)CC1
C1CCC(CC2CCC(CC3CCCC(CC4CCC(C5CCCCC5)C4)C3)CC2)CC1
C1CCC(CC2CCC(CC3CCCCC3)CC2)CC1
C1CCC(CCCC2CCC(CC3CCC(C4CCCCC4)CC3)CC2)CC1
C1CCC2CC(CCCC3CCCCC3C3CCCC3)CC2C1
C1CCC(CC2CCCCC2CC2CCCC(C3CCCCC3)C2)CC1
C1CCC(CCCC2CCCC(C3CCCCC3)C2)CC1
C1CCC(CCCC2CCC(CC3CCCCC3)CC2)CC1
C1CCC(CC2CCCCC2CCCC2CCC3CCCCC3C2)CC1
C1CCC(CC2CC(CC3CCC(C4CCCCC4)CC3)C3CCCCC23)CC1
C1CCC(CCCCC2CCC(C3CCCCC3)CC2CC2CCCCC2)CC1
C1CCC(CCC2CCCC(C3CCC(C4CCCCC4)CC3)C2)CC1
C1CCC(CC2CCC(C3CCCCC3)CC2)CC1
C1CCC(C2CCCC(C3CCCC(CC4CCC5CCCCC54)C3)C2)CC1
C1CCC(CCC2CC(C3CCC3)C3CC(C4CCC5CCCCC5C4)CCC23)CC1
C1CCC(CC2CCCCC2)CC1
C1CCC(CCC2CCC(C3CCCC(C4CCCCC4C4CCCCC4)C3)CC2)CC1
C1CCC(C2CCC(CC3CCC4CCCCC4C3)CC2)CC1
C1CCC(CCC2CCC3CC(C4CCC5CCCCC54)CC(CCC4CCCCC4)C3C2)CC1
C1CCC(CC2CCCCC2CC2CCC3CC(CCCC4CC5CCCCC5C4)CCC3C2)C1
C1CCC(CC2CC(C3CCCC(C4CC4)C3)C3CCCCC23)CC1
C1CCC(CC2CCCC(CC3CCC4CCCCC43)C2)CC1
C1CCC(C2CCC(C3CCC4CCCC4C3)C(C3CCC4CCCC4C3)C2)CC1
C1CCC(CCC2CCC(CC3CCCCC3)CC2)CC1
C1CCC(CCCC2CCC(C3CCCCC3)CC2)CC1
C1CCC(CCCC2CCC(CCC3CCC4CCC(C5CCCCC5)C4C3)CC2)CC1
C1CCC(C2CCCC(C3CCC(CCC4CCC5CCCC5C4)CC3)C2)CC1
C1CCC(CC2CCC(C3CCC(C4CCCCC4)CC3)CC2)CC1
C1CCC(C2CCCCC2C2CCC(C3CCCC3)CC2)CC1
C1CCC(C2CCC(CCC3CCCC(C4CCCCC4)C3)CC2)CC1
C1CCC(CC2CCC(CC3CCCCC3)CC2)CC1
C1CCC(C2CCCC(C3CCCC3C3CCCCC3)C2)CC1
C1CCC(CC2CCC(C3CCCC(CC4CCCCC4)C3)CC2)CC1
C1CCC(CCCC2CCC(C3CCCCC3)CC2)CC1
C1CCC(CCCCC2CCCCC2C2CCCC2)CC1
C1CCC(C2CCCC(CC3CCCCC3CCCC3CCC3)C2)CC1
C1CCC(CC2CCCC(C3CCCCC3)C2)CC1
C1CCC(CC2CCC3C(CCC4CCCC4)CC(C4CCCCC4)C3C2)CC1
C1CCC(C2CC3CCC(C4CCCCC4)CC3C(C3CCCCC3)C2)CC1
C1CCC(CC2CC3CCCCC3C(C3CCCCC3)C2)CC1
C1CCC(CCCC2CCCCC2C2CCCCC2C2CCCCC2)CC1
C1CCC(C2CCCC(C3CCCCC3C3CCCCC3)C2)CC1
C1CCC(CC2CC(CC3CC(C4CCCCC4)C4CCCCC34)C3CCCCC23)CC1
C1CCC(C2CCCCC2CC2CCCC(C3CCCC3)C2)CC1
C1CCC(CCCCC2CCCCC2CC2CCC(CCC3CCCCC3)CC2)CC1
C1CCC(C2CCC(C3CCC(C4CCCCC4)CC3)CC2)CC1
C1CCC(CC2CCC(CC3CCCC(CCCCCC4CCCCC4C4CCCCC4)C3)CC2)CC1
C1CCC(CC2CCCCC2)CC1
C1CCC(CC2CCC(C3CCCC(C4CCCCC4)C3)CC2)CC1
C1CCC(CC2CCC(C3CCC(C4CCCCC4)CC3)CC2)CC1
C1CCC(C2CCC(C3CCCC(C4CCCCC4)C3)CC2)CC1
C1CCC(CCCC2CCC(CCC3CC4CCCCC4C3)CC2)CC1
C1CCC(CCCC2CCC(CC3CCC(CC4CCC(CC5CCCCC5)CC4)CC3)CC2)CC1
C1CCC(CC2CC(C3CCC(C4CCCCC4C4CCCC4)CC3)C3CCCCC23)CC1
C1CCC(C2CCCC(CCC3CCCC3)C2)CC1
C1CCC(CCCC2CCCCC2)CC1
C1CCC(C2CCCC(C3CCCCC3)C2)CC1
C1CCC(C2CCCCC2CCC2CCCCC2C2CCCCC2)CC1
C1CCC(C2CCC(C3CCCC(CC4CC5CCCCC5C4)C3)CC2)CC1
C1CCC(C2CCCC(C3CCCC(C4CCCCC4)C3)C2)CC1
C1CCC(C2CCC(C3CCCC(CC4CC5CCCCC5C4)C3)C(C3CC4CCCCC4C3)C2)C1
C1CCC(C2CCCC(C3CCCCC3)C2)CC1
C1CCC(CCCC2CCCC(CC3CCCCC3C3CCCCC3)C2)CC1
C1CCC(C2CCCC(C3CCC(CC4CCCCC4C4CCCCC4)CC3)C2)CC1
C1CCC(CC(CCC2CCCC(C3CCCCC3)C2)C2CCCCC2)CC1
C1CCC(CC2CCC(CC3CCC(C4CCCCC4)CC3)CC2)CC1
C1CCC(CC2CC(C3CCCCC3)CC(C3CCC(C4CCC5CCCC5C4)CC3)C2)CC1
C1CCC(CC2CCC(CC3CCC(C4CCCC4)CC3)CC2)CC1
C1CCC(CC2CC(C3CCC(C4CCCCC4)CC3)C3CCCCC23)CC1
C1CCC(CC2CCC(CC3CCC(C4CCCC(C5CCCCC5)C4)C3)CC2)CC1
C1CCC(C2CC(C3CCC4CCCCC43)CC3CCCCC32)CC1
C1CCC(CC2CCCC(C3CCCCC3CC3CCC4CCCCC4C3)C2)CC1
C1CCC(CCC2CCCC(C3CCCCC3)C2)CC1
C1CCC(CC2CC(C3CCCCC3)CC(C3CCCCC3)C2)CC1
C1CCC(CCCC2CCCCC2)CC1
C1CCC(CCC2CCC3C(CCC3C3CCC(CC4CCCCC4)CC3)C2)CC1
C1CCC(CC2CC(CCC3CCCC(C4CCCCC4)C3)C3CCCCC23)CC1
C1CCC(CC(C2CC3CCCCC3C2)C2CCC(C3CCCCC3)C(C3CCCC3)C2)CC1
C1CCC(CC2CCC(CCCC3CCC(C4CCCC(C5CC5)C4)CC3)CC2)CC1
C1CCC(C2CCC(C3CCCC(C4CCCCC4)C3)CC2)CC1
C1CCC(C2CCC(C3CCCCC3)C(C3CCC(C4CCCCC4C4CCCCC4)C3)C2)CC1
C1CCC(CC2CCCCC2C2CCC3CCCC3C2)CC1
C1CCC(C2CCCC(CCC3CCCC3)C2C2CCCCC2)CC1
C1CCC(CC2CCC(C3CCC(CC4CC5CCCCC5C4)CC3)CC2)CC1
C1CCC(C2CCC(C3CCCCC3)CC2)CC1
C1CCC(C(CC2CCC(CCC3CC4CCCCC4C3)CC2)C2CCCCC2)CC1
C1CCC(CC2CCC(CCC3CCCC(C4CCC5CCCC5C4)C3)CC2)CC1
C1CCC(CCCC2CCC(C3CCCCC3)CC2)CC1
C1CCC(CC2CCCC(CCC3CC(CC4CCCCC4)CCC3CC3CCCCC3)C2)CC1
C1CCC(CC2CCC(C3CCCCC3CC3CCC(CC4CCC5CCCCC5C4)CC3)C2)CC1
C1CCC(CC2CCCCC2C2CCCCC2)CC1
C1CCC(CCC2CC(CC3CCCCC3)CC(CCC3CCCCC3)C2CCC2CCCCC2)CC1
C1CCC(CC2CCC(C3CCCCC3CC3CCCCC3C3CCCCC3)CC2)CC1
C1CCC(C2CCC(CCC3CCCC(C4CCC5CCCC5C4)C3)CC2)CC1
C1CCC(C2CCCC(C3CCC(C4CCCC(C5CCCCC5)C4)CC3)C2)CC1
C1CCC(CCC2CCC(CCC3CCCCC3)C(C3CCCCC3)C2)CC1
C1CCC(CCC2CCCCC2C2CCC(C3CCCC(CC4CCCCC4)C3)CC2)CC1
C1CCC(CC2CCCC(CC3CCCC(CC4CCCCC4)C3)C2)CC1
C1CCC(C2CCCC(C3CCCC(CCC4CCC(C5CCCC5)CC4)C3)C2)CC1
C1CCC(C2CCCCC2CCCC2CCCC3CCCCC32)CC1
C1CCC(CCC2CCCC(C3CCCCC3)C2)CC1
C(CCC1CC2CCCCC2C1)CC1CCCC(CC2CCC3CCCCC3C2)C1
C1CCC(CCC2CCC(CC3CCC(CC4CCC(CC5CCCC5)CC4)CC3)CC2)CC1
C1CCC(CC2CCC(CCC3CCC(CC4CCCCC4)CC3)CC2)CC1
C1CCC(CCC2CCC(CC3CCCCC3)CC2)CC1
C1CCC(CC2CCCCC2C2CCC3C(CCCC3C3CCCC(CC4CC4)C3)C2)CC1
C1CCC(C2CCCC(C3CCCC(C4CCCC(C5CCCCC5)C4)C3)C2)CC1
C1CCC(CC2CCC(C3CCC(C4CCCCC4)CC3)CC2)CC1
C1CCC(CCC2CCC(CC3CCCCC3)C(C3CC4CCCCC4C3)C2)CC1
C1CCC(CC2CCCC(CCC3CCC(C4CCCCC4)CC3)C2)CC1
C(CCCCCC1CCC(C2CCCCC2)CC1)CCCCC1CCCCC1
C1CCC(C2CCCCC2C2CCCC2)C1
C1CCC(C2CCCC(C3CCCC(CCCCC4CCCC4)C3)C2)CC1
C1CCC(CCCC2CC(CC3CCCCC3)CCC2C2CCCCC2)CC1
C1CCC(CCC2CCC(C3CCCCC3)CC2)CC1
C1CCC(CC2CCC(CC3CCC(C4CCCCC4C4CCCC4)CC3)CC2)CC1
C1CCC(C2CCC(C3CC(CCC4CC5CCCCC5C4)C3)CC2)CC1
C1CCC(C2CCCCC2C2CCC3CCCCC3C2)CC1
C1CCC(CC2CC(C3CCC(C4CC5CCCCC5C4)CC3)C3CCCCC23)CC1
C1CCC(C2CCCCC2C2CCC3CCCC3C2)CC1
C1CCC(CC2CCCCC2C2CCC3CCC(CC4CCCCC4)C3C2)CC1
C1CCC(CCC2CCCC(CCCCC3CC(CC4CCCCC4)CCC3CC3CC3)C2)CC1
C1CCC(CC2CCC(CC3CCC(C4CCCCC4)CC3)CC2)CC1
C1CCC(CC2CCCC(C3CCCCC3CC3CCC4CCCC4C3)C2)CC1
C1CCC(C2CCCC(CCCC3CCCC(C4CCCC4)C3)C2)CC1
C1CCC(CC2C(C3CCCCC3)CC(C3CCCCC3)CC2C2CC2)CC1
C1CCC(CC2CCC(CC3CCC(C4CCCCC4)CC3)CC2)CC1
C1CCC(CCC2CCCCC2CCC2CCCC(CC3CCCCC3)C2)CC1
C1CCC(C2CCC(C3CCCCC3)CC2)CC1
C1CCC(CCCCC2CCCC(CC3CCCCC3)C2)CC1
C1CCC(CCC2CCC(C3CCCCC3)CC2)CC1
C1CCC(C2CCC(C3CCCCC3CC3CCCC(C4CCCC(C5CC5)C4)C3)C2)CC1
C1CCC(CCC2CCCCC2C2CCCCC2)CC1
C1CCC(CCC2CCC(CC3CCCCC3)CC2)CC1
C1CCC(CC2CCC(CCC3CCCC(CC4CCCCC4)C3)CC2)CC1
C1CCC(CC2CCCC(C3CC(C4CCCCC4)C4CCCCC34)C2)CC1
C(CCCC1CC(C2CCC3CCCCC32)CC2CCCCC12)CCC1CCCCC1
C1CCC(CC2CCC(CCC3CCCCC3CC3CCC(CC4CC5CCCCC5C4)CC3)CC2)C1
C1CCC(C2CCCC(C3CCCCC3C3CCCCC3)C2)CC1
C1CCC2CC(C3CCCCC3CC3CCC(C4CCCC(CC5CC6CCCCC6C5)C4)CC3)CCC2C1
C1CCC2CC(CC3CCCCC3CC3CCC4CCCCC43)CC2C1
C1CCC(CC2CCC(C3CCC(CC4CCCCC4)CC3)CC2)CC1
C1CCC(CC2CCC(C3CC(C4CCCC4)C4CCCCC34)CC2)CC1
C1CCC(CC2CC(C3CCCCC3)C3CCCCC23)CC1
C1CCC(C2CC(C3CCCCC3)C3CC(CCCC4CCC4)CCC23)CC1
C1CCC(C2CCC(CCC3CCCC(C4CCCCC4)C3)CC2)CC1
C1CCC(CCC2CCCC(CC3CCC(CC4CCCCC4)CC3)C2)CC1
C1CCC(C2CCC(C3CCC(C4CCC(CC5CCCC5)CC4)CC3)CC2)CC1
C(CCCC1CCC(C2CCCCC2)CC1)CCC1CCC(CC2CCC(CC3CCCCC3)CC2)CC1
C1CCC(C2CCCC(CC3CCC4CC(CC5CCCC(C6CCCC6)C5)CCC43)C2)CC1
C1CCC(CC2CCC(C3CCC4C(CCC4C4CCCC4)C3)CC2)CC1
C1CCC(CCCC2CCCCC2CCC2CCCC(C3CCC(CC4CCCCC4)CC3)C2)CC1
C1CCC(CC2CCC3C(CCC3C3CCCCC3CC3CCCCC3)C2)CC1
C1CCC(C2CCC(CC3CCCC4CC(C5CCCC(CC6CCCC6)C5)CCC34)CC2)CC1
C1CCC(CC2CCC(CCC3CCC(C4CCCCC4)CC3)CC2)CC1
C1CCC(CCC2CCC(CCC3CCC(CCC4CCCCC4)CC3)CC2)CC1
C1CCC(CCC2CCC3C(CCC4CCCC(C5CCCCC5)C4)CCC3C2)CC1
C1CCC(CCC2CCCC(C3CC(C4CCCCC4)CC(C4CCCC4)C3)C2)CC1
C1CCC(C2CC(C3CCC4CCCCC43)CC3CCC(C4CCCC4)CC32)CC1
C1CCC(C2CCCC(C3CC(C4CCCCC4)CC(C4CCC4)C3)C2)CC1
C1CCC(C2CC(CC3CCCC(C4CCC5CCCCC5C4)C3)C3CCCCC32)CC1
C1CCC(CCC2CCCC(CCC3CCCCC3)C2)CC1
C1CCC(C2CCCCC2C2CCCCC2)CC1
C1CCC(CCCCCC2CCC(C3CCCC(C4CCCCC4)C3)CC2)CC1
C1CCC(CCCCC2CCC(C3CCCCC3)CC2)CC1
C1CCC(C2CCCC(CCCC3CCCC(C4CCCCC4)C3)C2)CC1
C1CCC(C2CCC(C3CCCCC3)C(C3CCCC3)C2)CC1
C1CCC(CCCC2CCC(CC3CCC(CC4CCCCC4)CC3)CC2)CC1
C1CCC(C2CCCC(C3CCCCC3C3CCCC3)C2)CC1
C1CC(CC2CCC(C3CCCCC3CCC3CCC(CC4CCC5CCCCC54)CC3)CC2)C1
C1CCC(C2CCC(CC3CCCCC3C3CCCCC3)CC2)CC1
C1CCC(C2CCCC(CC3CCC4CC(C5CCC(C6CCCC(C7CC7)C6)CC5)CCC34)C2)C1
C1CCC(CC2CCC(C3CCC(C4CCCCC4C4CCCCC4)CC3)CC2)CC1
C1CCC(CC2CCC(C3CCC(CC4CCCCC4)CC3)CC2)CC1
C1CCC(C2CCCCC2CC2CCC2)CC1
C1CCC(CCCC2CCC(CC3CCC(C4CCCCC4C4CCCCC4)CC3)CC2)CC1
C1CCC(CC2CCCC(CCC3CCCCC3C3CCCCC3)C2)CC1
C1CCC(CC2CCC(C3CCC(C4CCCCC4)CC3)CC2)CC1
C1CCC(CC2CCCC(C3CCCCC3)C2)CC1
C1CCC(CC2CCC(CC3CCCCC3C3CCCCC3)CC2)CC1
C1CCC(CC2CCCC(C3CCCCC3)C2)CC1
C1CCC(CC2CCC(C3CC4CCCCC4C3)C(C3CCCC3)C2)CC1
C1CCC(CC2CCC(C3CCCCC3)C(C3CCCC3)C2)CC1
C1CCC(C(CC2CCCCC2C2CCC3CCCC3C2)C2CCC2)CC1
C1CCC(C2CCCCC2C2CCC3C(CCCC3C3CCCCC3)C2)CC1
C1CCC(CCC2CCCC(CC3CCCCC3)C2)CC1
C1CCC(CC2CCC(C3CCC(C4CCCCC4)CC3)CC2)CC1
C1CCC(CC2CC(C3CCCC(CCCC4CCCC4)C3)C3CCCCC23)CC1
C1CCC(C2CCCCC2CC2CCC(CC3CCCC3)CC2)CC1
C1CCC2C(C1)CCC2CC1CCCCC1C1CCCC(C2CCCCC2C2CCCC2)C1
C1CCC(CC(CC2CCCC(C3CCCCC3)C2)C2CCC3CCCCC32)CC1
C1CCC(CC2CCC(C3CCCC4CCCCC43)CC2C2CCCC2)CC1
C(CCC1CCCC(C2CCCCC2)C1)CCC1CCCC(C2CCCC2)C1
C1CCC(CC2CCC(C3CC(CC4CCC(C5CCCCC5)CC4)C4CCCCC43)CC2)CC1
C1CCC(CC2CCCC(CC3CC(C4CCCCC4)C4CCCCC34)C2)CC1
C1CCC2CC(C3CCC(CC4CC5CCCCC5C4)CC3)CCC2C1
C1CCC(CC2CCC(CC3CCC(CCC4CCCCC4CC4CCCCC4)C3)CC2)CC1
C1CCC(CC2CCCC(CC3CCCC(C4CCCCC4)C3)C2)CC1
C1CCC(CC2CCC(CCCC3CCC4CCCCC43)CC2C2CCCC2)CC1
C1CCC(CC2CCC3CC(C4CCCC(C5CCCCC5)C4)CC(C4CCCCC4)C3C2)CC1
C1CCC(CCC2CCC(C3CCC(CCCC4CCC(CC5CC5)CC4)CC3)CC2)CC1
C1CCC(C2CCCC(C3CCCCC3)C2)CC1
C1CCC(CCCC2CCC(C3CCCCC3)CC2)CC1
C1CCC(C2CCC(CC3CCC(CC4CCC(C5CCCCC5)CC4C4CCC4)CC3)CC2)CC1
C1CCC(C2CCC(C3CCCC(C4CCCCC4)C3)CC2)CC1
C1CCC(CC2CCC(C3CCCC(C4CCCCC4)C3)CC2)CC1
C1CCC(C2CCC(C3CC(C4CCCCC4)CCC3C3CCCCC3)CC2)CC1
C1CCC(C2CCC3C(CCC4CCCCC4C4CCCCC4C4CCCC4)CCCC3C2)CC1
C1CCC(C2CCCC(C3CCC4CCCC4C3)C2)CC1
C1CCC(CCC2CCC(C3CCCCC3)CC2)CC1
C1CCC(CC2CCC(C(CC3CCCC(C4CCCCC4)C3)C3CCC4CCCC4C3)CC2)CC1
C1CCC(C2CCCCC2)CC1
C1CCC(CCC2CCC(CC3CCC4CCCCC43)CC2)CC1
C1CCC(CC2CCCC(C3CCCC(CC4CCC5CCCCC54)C3)C2)CC1
C1CCC(CCCC2CC(C3CCCC(C4CCC(C5CCC6CCCCC6C5)CC4)C3)C3CCCCC23)CC1
C1CCC(CCC2CCCC(C3CCCC(CC4CCCCC4)C3)C2)CC1
C1CCC(CCCC2CCCC(C3CCCCC3)C2)CC1
C1CCC(CCCC2CCCC(C3CCCCC3)C2)CC1
C1CCC(CCC2CCCC(C3CCCCC3)C2)CC1
C1CCC(CC2CCC(C3CCCCC3)CC2)CC1
C1CCC(CC2CCC(C3CCCC(C4CCCCC4)C3)CC2)CC1
C1CCC(C2CCC(CC3CC(C4CCCCC4C4CC4)C4CCCCC34)CC2)CC1
C1CCC(CC2CCCCC2C2CCCCC2)CC1
C1CCC(CC2CCCC(CC3CCCCC3)C2)CC1
C1CCC(C2CCCCC2CC2CCCC(C3CCCC(CCC4CCCC4)C3)C2)CC1
C1CCC(CC2CCCC(C3CCCC(C4CCCCC4)C3)C2)CC1
C1CCC(CC2CCCC(C3CCCCC3)C2)CC1
C1CCC(CC2CCC(CCC3CCC(CCC4CCC5CCCCC54)CC3)CC2)CC1
C1CCC(C2CCCC(C3CCCC(CC4CCC5CCCCC54)C3)C2)CC1
C1CCC(CC2CCCC(C3CCCC(C4CCC(C5CCCCC5)CC4)C3)C2)CC1
C1CCC(C2CCC(C3CCC4CCCC4C3)CC2)CC1
C1CCC(CCCC2CCCC(CC3CC4CCCCC4C3)C2)CC1
C1CCC(C2CCCC(CCC3CCCC(C4CCCCC4)C3)C2)CC1
C1CCC(CCC2CCCC(CC3CCC4CCCCC43)C2)CC1
C1CCC(C2CCC(CC3CCCC(C4CCCCC4)C3)CC2)CC1
C1CCC(CCC2CCC(C3CCCCC3C3CCC4CCCCC4C3)CC2)CC1
C1CCC(C2CC(C3CCCC3)CC(C3CCC(C4CCCC(C5CCC5)C4)CC3)C2)CC1
C1CCC(CCC2CCCCC2CCC2CC3CCCCC3C2)CC1
C1CCC(CC2CCCCC2C2CCCCC2)CC1
C1CCC(CCC2CCC(CC3CCCC(C4CCCCC4)C3)CC2)CC1
C1CCC(CC2CCCCC2C2CCC3C(CC4CCCCC4)CCCC3C2)CC1
C1CCC(CC2CCC(CC3CCCC(CC4CCC(CC5CCCCC5)CC4)C3)CC2)CC1
C1CCC(CCC2CCCC(C3CCC(CCC4CC5CCCCC5C4)CC3)C2)C1
C1CCC(C2CCC(CC3CCCC(CC4CCC5CCCCC54)C3)CC2)CC1
C1CCC(CC2CCCCC2)CC1
C1CCC(CC2CCC(C3CCC(C4CCCCC4)CC3)CC2)CC1
C1CCC(C2CCCC(C3CCCC(C4CCC(CC5CC6CCCCC6C5)CC4)C3)C2)C1
C1CCC(CC2CCC(CC3CCCCC3)CC2)CC1
C1CCC(CC2CCC(C3CCCC(C4CCCCC4)C3)CC2)CC1
C1CCC(CC2CCCCC2)CC1
C1CCC(CC2CCCCC2CCC2CCCCC2C2CCCCC2)CC1
C1CCC(CC2CCC(C3CCC(C4CCCCC4)CC3)CC2)CC1
C1CCC(CC2CCC(CC3CCCC(CC4CCCC(C5CCCC5)C4)C3)CC2)CC1
C1CCC(CCC2CCC(C3CCCCC3)CC2)CC1
C1CCC(CC2CCCCC2CC2CCC(C3CCCCC3)C2)CC1
C1CCC(CC2CCC(C3CCC(C4CCCCC4)CC3C3CCCCC3)C(C3CCC4CCCC4C3)C2)CC1
C1CCC(CCC2CCCC(CCCCC3CCCC4CCCCC34)C2)CC1
C1CCC(C2CCCC(CCC3CCCC(C4CCCC4)C3)C2)CC1
C1CCC(CC2CCCCC2C2CCC(C3CCC3)CC2CC2CC2)CC1
C1CCC(CC2CCC(CC3CCCCC3)CC2)CC1
C1CCC(CC2CCCC(CCC3CCCC(C4CCCCC4)C3)C2)CC1
C1CCC(C2CCC(C3CCCC4CCC(C5CCCCC5)CC43)C2)CC1
C1CCC(C2CCCCC2CC2CCCCC2C2CCCCC2)CC1
C1CCC(CC2CCCCC2C2CCCC(CC3CC3)C2)CC1
C1CCC(CCCC2CCC(CC3CCCCC3)CC2)CC1
C1CCC(CCCC2C(CCC3CCCCC3)CCCC2CCC2CCCCC2)CC1
C1CCC(C2CCCC3CC(C4CCC(CCC5CCCCC5C5CC5)CC4)CCC32)CC1
C1CCC(CCC2CC(C3CCC(CC4CCCCC4)CC3)C3CCCCC23)CC1
C1CCC(C2CCCC(C3CCCCC3)C2)CC1
C1CCC(CCC2CCCC(C3CCCCC3CC3CCCCC3)C2)CC1
C1CCC(CC2CCC(C3CCCCC3)CC2)CC1
C1CCC(CCC2CCC3CCC(C4CCCCC4)C3C2)CC1
C1CCC(C2CCCC(C3CCC4CCCCC43)C2)CC1
C1CCC(CC2CCC(C3CCC(CC4CCCC(C5CCCCC5C5CCCCC5)C4)CC3)CC2)CC1
C1CCC(C2CCC(CC3CCC(CC4CCC(C5CCCC5)CC4)C3)CC2)CC1
C1CCC(CCC(CC2CCCCC2C2CCCC2)C2CCCCC2)CC1
C1CCC(CCC2CCC(C3CCCCC3CCC3CCCCC3)CC2)CC1
C1CCC(CCC2CCCC(C3CCCCC3)C2)CC1
C1CCC(C2CCC(CC3CCC4CC(C5CCC6CCCCC65)CC(C5CCCCC5)C4C3)CC2)CC1
C1CCC(CC2CCC3C(CC4CCCCC4)CC(C4CCC(C5CCCCC5)CC4)C3C2)CC1
C1CCC(C2CCC3CC(C4CC(C5CCCCC5)C5CCCCC45)CCC32)CC1
C1CCC(CCC2CC(C3CCCCC3)CC(C3CC3)C2C2CCCCC2)CC1
C1CCC(CC2CCC(CC3CCCC(C4CCCCC4)C3)CC2)CC1
C1CCC(CC2CCCCC2C2CCC(C3CCCCC3)CC2)CC1
C(CCCC1CCCCC1)CCCC1CCCCC1C1CCCCC1
C1CCC(CC2CCC(CC3CCCC(C4CCCC4)C3)CC2)CC1
C1CCC(CC2CCCC(C3CCCCC3)C2)CC1
C1CCC(CCC2CCCC(CC3CCC4CCCCC4C3)C2)C1
C1CCC(CC2CCCCC2C2CCCCC2C2CCCC(CC3CC3)C2)CC1
C1CCC(CCCC2CCCCC2C2CCC3CCCCC3C2)CC1
C1CCC(CCCC2CC(C3CCCCC3)CC(C3CCC3)C2)CC1
C1CCC(CCC2CCC(C3CCCC(CC4CCCCC4)C3)CC2)CC1
C1CCC(CCCC2CC(C3CCCCC3)C3CCCCC23)CC1
C1CCC(CCC2CCCC(C3CCC4CCCCC43)C2)CC1
C1CCC(CCC2CCCCC2)CC1
C1CCC(CC2CCC(C3CCCCC3)CC2)CC1
C1CCC(C2CCCC2CC2CCCCC2C2CCCC2)CC1
C1CCC(CC2CCC(CCC3CC(C4CCCC(C5CCCC5)C4)C4CCCCC34)CC2)CC1
C1CCC(CCC(CC2CCCCC2)C2CCCC(C3CCCCC3)C2)CC1
C1CCC(CC2CCCC(CC3CCCCC3)C2)CC1
C1CCC(CCC2CCC(C3CCCCC3CC3CCCCC3)CC2)CC1
C1CCC(CCCCC2CCC(C3CCCCC3)CC2)CC1
C1CCC(CCC2CCC3CC(C4CCCCC4)CC(C4CCCCC4)C3C2)CC1
C1CCC(CC2CCC(CC3CCCC(CC4CC5CCCCC5C4)C3)CC2)CC1
C1CCC(CC2CC(CC3CCCCC3)CC(C(CC3CCCCC3)C3CCCCC3)C2)CC1
C1CCC(CCCCC2CC(C3CCCC3)CCC2C2CCCCC2CC2CCCCC2)CC1
C1CCC(CCC2CCCC(C3CCCCC3)C2)CC1
C1CCC(CC2CCCCC2CC2CCCCC2CC2CCC(C3CCCC3)CC2)C1
C1CCC(CC2CCC(C3CCC3)C(CCCC3CCCCC3C3CCCCC3)C2)CC1
C1CCC(CC2CCC(C3CC(CC4CCCCC4)C4CCCCC43)CC2)CC1
C1CCC(CCCCC2CCC(CC3CCCCC3)CC2C2CCCCC2)CC1
C1CCC(C2CCC(CCCCC3CCC(CC4CC5CCCCC5C4)CC3)CC2)CC1
C1CCC(CC2CC(CC3CCC(C4CCCC4)CC3)CCC2CCCCC2CCCC2)CC1
C1CCC(C2CCC(C3C(C4CCCCC4)CC(C4CCCCC4)C4CCCC43)CC2)CC1
C1CCC(CCCCCC2CCCC3CCC(C4CC5CCCCC5C(C5CCCCC5)C4)C23)CC1
C1CCC(CC2CCC(C3CCCC(C4CCCCC4)C3)CC2)CC1
C1CCC(C2CCC(C3CC(C4CCCCC4)C4CCCCC34)CC2)CC1
C1CCC(CCC2CCC(CCCCC3CCCC(C4CCCCC4)C3)CC2)CC1
C1CCC(C2CCC(C3CCC(CC4CCCC(CC5CCCC5)C4)CC3)CC2)CC1
C1CCC(CC2CC(C3CCCCC3C3CCCCC3)C3CCCCC23)CC1
C1CCC(CC2CCC(C3CCCC(C4CCCCC4)C3)CC2)CC1
C1CCC(C2CCC(C3CCCC(C4CCCC(C5CCCCC5)C4)C3)CC2)CC1
C1CCC(CCC2CCC(CC3CCC4CCCCC43)CC2)CC1
C1CCC(CC2CCCCC2)CC1
C1CCC(CCC2CCC(C3CCC(C4CCCCC4)CC3C3CCCC3)CC2)CC1
C1CCC(CCC2CCC(CC3CCCCC3CC3CCCCC3)CC2)CC1
C1CCC(CC2CCC(C3CCCCC3)CC2)CC1
C1CCC(CC2CC(CC3CCCCC3C3CCCCC3)C3CCCCC23)CC1
C1CCC(CC2CCC(C3CCCCC3)CC2)CC1
C1CCC(CC2CCC3CCC(C4CCCCC4C4CCCCC4)CC3C2)CC1
C1CCC(CC2CCC(C3CCC(C4CCCC(C5CCCC5)C4)CC3)CC2)CC1
C1CCC(C2CCC(C3CCCC(C4CCCCC4)C3)CC2)CC1
C1CCC(CC2CCC(CC3CCC(C4CCCCC4)CC3)CC2)CC1
C1CCC(CC2CCCCC2C2CCC(CC3CCC(C4CCCCC4)C3)CC2)CC1
C1CCC(C2CCC(CC3CCC4CCCCC43)CC2)CC1
C1CCC(CC2CCC(CC3CCC(C4CCCCC4)CC3)CC2)CC1
C1CCC(C2CCCC(C3CCCCC3)C2)CC1
C1CCC(CCCC2CCC(CC3CCCCC3)CC2)CC1
C1CCC(CC2CCC(C3CC(C4CCCC(C5CCCCC5)C4)C3)CC2)CC1
C1CCC(CCC2CCC(CCC3CCC(C4CCC4)CC3)CC2)CC1
C1CCC(CC2CCC(CCC3CC4CCCCC4C3)CC2)CC1
C1CCC(CCCCC2CCCC(CC3CCCC3)C2)CC1
C1CCC(C2CCC(C3CCCC(C4CCCCC4)C3)CC2)CC1
C1CCC(C2CCCCC2)CC1
C1CCC(C2CCCC(C3CC(C4CCCCC4)CC(C4CCCCC4)C3)C2)CC1
C1CCC(C2CCCC(C3CC(C4CCC4)CC(C4CCCC(C5CCCCC5)C4)C3)C2)CC1
C1CCC(CC2CCC(C3CCCCC3)C(C3CCCCC3)C2)CC1
C1CCC(CCC2CCCC(C3CCCCC3)C2)CC1
C1CCC(CC2CCC(CCCC3CCC(C4CCCCC4)CC3)CC2)CC1
C1CCC(C2CCCCC2CCC2CCCCC2C2CCCC2)CC1
C1CCC(C2CC(C3CCCCC3)CC(C3CCCC3)C2)CC1
C1CCC(C2CCCC(C3CCCCC3)C2)CC1
C1CCC(CCC2CC(C3CCC(CC4CCCCC4)CC3)C3CCCCC23)CC1
C1CCC(CC2CC(C3CCCCC3)C3CCCCC23)CC1
C1CCC(CC2CCC(C3CCCCC3)CC2C2CCCCC2)CC1
C1CCC(C2CCC(CC3CCC(C4CCCCC4C4CCC5CCCCC5C4)CC3)CC2)C1
C1CCC(C2CCC(C3CCC(CCCC4CCCC4)CC3)CC2)CC1
C1CCC(CCC2CCC(C3CCCCC3)CC2)CC1
C1CCC(CCC2CC(CC3CCCC(C4CCCCC4)C3)C3CCCCC23)CC1
C1CCC(CC2CCCC(C3CCC(C4CCCCC4)CC3)C2)CC1
C(CCC1CCC(C2CCCC(C3CCCC3)C2)CC1)CC1CCC(CC2CC3CCCCC3C2)CC1
C1CCC(CCC2CCC(CCCC3CC(CC4CCCCC4)C4CCCCC34)CC2)CC1
C1CCC(C2CCC(C3CCC(CC4CCCC(C5CCCCC5)C4)C4CCCC34)CC2)CC1
C1CCC(CCC2CCCCC2CC2CCCCC2)CC1
C1CCC(C2CCCC(C3CCCCC3C3CCCCC3)C2)CC1
C1CCC(CCC2CCC(CC3CCCCC3)CC2)CC1
C1CCC(C2CCCC(C3CCCCC3)C2)CC1
C1CCC(CC2CCC(CC3CCC(C4CCCC(CC5CCCCC5)C4)CC3)CC2)CC1
C1CCC(CC2CCCC(C3CCCC(C4CCCCC4)C3)C2)CC1
C1CCC(CC2CCCCC2CCC2CCC3C(CC4CCCC4)CCC3C2)CC1
C1CCC(CCC2CCCC(CC3CC4CCCCC43)C2)CC1
C(CC1CC2CCCCC2C1)CC1CCCC(C2CCCC(C3CCCCC3CC3CCCC3)C2)C1
C1CCC(CC2CCC(C3CCCCC3)CC2)CC1
C1CCC(CCC2CCCC(CCCC3CCC(CC4CCCCC4)CC3)C2)CC1
C1CCC(CCC2CCC(C3CC(C4CCCCC4)CC(C4CCCCC4)C3)CC2)CC1
C1CCC(C2CCC3CC(C4CCC5CCCCC54)CC(C4CCC5CCCCC5C4)C3C2)CC1
C1CCC(CC2CC3CCCCC3C(CC3CCC(CCCC4CCCC4)CC3)C2)CC1
C1CCC(CC2CCC(CC3CCCC(C4CCCCC4)C3)CC2)CC1
C1CCC(CC2CCC(CC3CCC(CCCC4CCC5CCCC5C4)CC3)CC2)CC1
C1CCC(CC(CCC2CCC3CCCCC32)C2CCCCC2)CC1
C1CCC(CC2CCC(CC3CCCCC3C3CCC4CCCCC4C3)CC2)CC1
C1CCC(C2CCC(C3CCC4CCCCC43)CC2)CC1
C1CCC(CCC2CCCCC2C2CCC3C(CCC3C3CCCCC3)C2)CC1
C1CCC(CC2CCC(C3CCCC(CC4CCCCC4)C3)CC2)CC1
C1CCC(CC2CCC(CCC3CC(CC4CCCCC4)CC(C4CCCCC4)C3)CC2)CC1
C(CC1CCC(C2CCCC3CCCC32)CC1)CC1CCCC(C2CCC3CCCC3C2)C1
C1CCC(CC2CCC(C3CCCCC3C3CCCCC3C3CCCC3)C2)CC1
C1CCC(CC2CCCC(C3CCC(C4CCCCC4C4CCCC4)CC3)C2)CC1
C1CCC(CCC2CCC(CCC3CCCCC3C3CCCC3)CC2)CC1
C1CCC(C2CCC(CC3CCC(C4CCCCC4)CC3)CC2)CC1
C1CCC(CC2CCCCC2)CC1
C1CCC(C2CCC(C3CCC(CC4CCC(C5CCC6CCCCC65)CC4)CC3)CC2)C1
C1CCC(CCCC2CCC(C3CCCC3)CC2)CC1
C1CCC(CCC2CCCC(C3CC(C4CCCCC4)C4CCCCC34)C2)CC1
C1CCC(C2CCC(C3CCCCC3C3CCCC3)CC2)CC1
C1CCC(CCCCC2CCCC(CC3CCC(CCC4CCCC(C5CCCCC5)C4)CC3)C2)CC1
C1CCC(CC2CC(C3CCC(C4CCCCC4C4CCCCC4)CC3)C3CCCCC23)CC1
C1CCC(C2CCC(C3CCC(CC4CCCC4)CC3)CC2)CC1
C1CC2CCC(C3CCCC(C4CC(CC5CC5)CC(C5CCC6CCCCC65)C4)C3)CC2C1
C1CCC(C2CCCC(C3CCC(C4CC4)CC3)C2)CC1
C1CCC(CCC2CC(CC3CCCCC3)CCC2CC2CCCCC2)CC1
C1CCC(C2CCCC(CCC3CCCC(C4CCC4)C3)C2)CC1
C1CCC(CC2CCC(CCC3CCCCC3CC3CCCCC3)CC2)CC1
C1CCC(C2CCC(C3CCC(C4CCCC4)CC3C3CCCC3)CC2)CC1
C1CCC(CC2CCCC(C3CCCCC3)C2)CC1
C1CCC(CC2CCCC(C3CCC(C4CCCCC4)CC3)C2)CC1
C1CCC(CC2CCCC(C3CCCC(C4CCCCC4)C3)C2)CC1
C1CCC(CC2CCC(C3CCC(C4CCCCC4)CC3)CC2)CC1
C1CCC(CC2CCCC(C3CCCC(C4CCC4)C3)C2)CC1
C1CCC(C2CCCC(CC3CCC(CCCCC4CCC(C5CC5)CC4)CC3)C2)CC1
C1CCC(C2CCC(CCC3CCCC(C4CCCCC4)C3)CC2)CC1
C1CCC(CCCC2CCC(C3CC(CC4CCCCC4)CCC3C3CCCCC3C3CCCC3)CC2)CC1
C1CCC(CCCC2CCC(CC3CCCCC3)CC2)CC1
C1CCC(CC2CCC(CC3CCCCC3C3CCCC3)CC2)CC1
C1CCC(CC2CCC(C3CCCCC3CC3CCCCC3)C(CCC3CCCC3)C2)CC1
C1CCC(CC2CC(C3CCC(C4CCC4)CC3C3CCCC3)C3CCCCC23)CC1
C1CCC2CC(CC3CC(C4CCCC(CC5CC6CCCCC6C5)C4)C4CCCCC34)CCC2C1
C1CCC(C2CCC3CCCCC32)CC1
C1CCC(CCCCCC2CC(CC3CCCCC3CC3CCCCC3)C3CCCCC23)CC1
C1CCC(CCCCC2CC(CC3CCCCC3)CCC2C2CCCC2)CC1
C1CCC(C2CCCC(C3CCCCC3)C2)CC1
C(CCCC1CCCCC1)CCCC1CCC2C(CCC2C2CCCC2)C1
C1CCC(C2CCCC(C3CCCCC3C3CCCC3)C2)CC1
C1CCC(C2CCC(CC3CCC(CC4CCC(CC5CC6CCCCC6C5)CC4)CC3)CC2)C1
C1CCC(CCC2CC(C3CCCCC3)C3CCCCC23)CC1
C1CCC(C2CCC(C3CCC(C4CC(C5CCCCC5)C4)CC3)CC2)CC1
C1CCC(CCC2CCC(C3CCCCC3)CC2)CC1
C1CCC(CCCC2CC(CC3CCCCC3)CC(C3CCCCC3)C2)CC1
C1CCC(CCC2CCC(CCCCC3CCC(C4CCCCC4)CC3)CC2)CC1
C1CCC(C2CCCCC2)CC1
C1CCC(CC2CCC(CCC3CCCC(CC4CCCCC4)C3)CC2)CC1
C1CCC(C2CCCC(CC3CC(C4CCCCC4)C4CC(CC5CCCC5)CCC34)C2)CC1
C1CCC(CCC2CC(C3CCCC3)CC(C3CCC(CC4CCCCC4)CC3)C2)CC1
C1CCC(CC2CCCC(CC3CCCC(C4CCCC(CC5CCCCC5)C4)C3)C2)CC1
C1CCC(CCCCC2CC(C3CCCCC3)CCC2CC2CC2)CC1
C1CCC(CC2CCCCC2CC2CCCC3CC(C4CCCCC4)CCC32)CC1
C1CCC(C2CCC(CCC3CCCC4CC(C5CCCCC5)CCC34)CC2)CC1
C1CCC(CC2CCCC(C3CCCCC3)C2)CC1
C1CCC(CC2CCC(C3CCCCC3)CC2)CC1
C1CCC(CC2CCC(C3CCCCC3)C(C3CCCCC3)C2)CC1
C1CCC(CCCC2CCC(C3CCC(C4CCCCC4)CC3)CC2)CC1
C1CCC(C2CCC(CCC3CCCC(CC4CC5CCCCC5C4)C3)CC2)CC1
C1CCC(CCCC2CCC(CCC3CCCCC3)CC2)CC1
C1CCC(CC(C2CCCCC2)C2CCCCC2C2CCCCC2)CC1
C1CCC(CCCC2CCC(CC3CCC(C4CCCC4)CC3)CC2)CC1
C1CCC(CC2CCCCC2)CC1
C1CCC(CCCCC2CCCCC2CCC2CCCCC2)CC1
C1CCC(CCCC2CCCCC2C2CCCCC2)CC1
C1CCC(CCCC2CCC(C3CCCCC3C3CCCCC3)CC2)CC1
C1CCC(CCC2CCCC(C3CCCCC3)C2)CC1
C1CCC(CC2CCC3CCC(C4CCC5CCCCC54)CC3C2)CC1
C1CCC(C2CCC(C3CCC(C4CCCCC4)C3)CC2)CC1
C1CCC(CCCCC2CCCC(C3CCCCC3)C2)CC1
C1CCC(CCCCC2CCCC(CC3CC(CC4CCCCC4)C4CCCCC34)C2)CC1
C1CCC(C2CC(C3CCC4CCCCC43)CC3CCCCC32)CC1
C1CCC(CC2CC(C3CCCCC3)CC(C3CCCCC3)C2)CC1
C1CCC(CC2CCCC(CC3CCCC(C4CCC(C5CCCCC5)CC4)C3)C2)CC1
C1CCC(C2CCCC(C3CCCCC3)C2)CC1
C1CCC(CCC2CCC(CC3CCCCC3)CC2)CC1
C1CCC(CCC2CCCC(C3CCCCC3C3CCCCC3)C2)CC1
C1CCC(C2CCCC(CCCCC3CCC(CCC4CCC(C5CCCC5)CC4)CC3)C2)CC1
C1CCC(CC2CC(C3CCCCC3)CC(C3CCCCC3)C2)CC1
C1CCC(C2CCC(CCC3CCCCC3C3CCCCC3)CC2)CC1
C1CCC(C2CCC(C3CCCC(C4CCCCC4)C3)CC2)CC1
C1CCC(CC2CCC(C3CCC(C4CCCCC4)CC3)CC2)CC1
C1CCC(CC2CCC3CCC(C4CCCCC4)C3C2)CC1
C1CCC(CC2CCC(CC3CCC(CC4CCCCC4)CC3C3CCCC3)CC2)CC1
C1CCC(CC2CCCC(CC3CCC4CCCCC43)C2)CC1
C1CCC(CC2CCC(C3CCC(C4CCCCC4)CC3)CC2)CC1
C1CCC(CCC2CCC(CC3CCC(C4CCCCC4)CC3)CC2)CC1
C1CCC(C2CCC(C3CCC4CC(C5CCCCC5)CCC43)CC2)CC1
C1CCC(C2CCC(C3CCCCC3C3CCCC3)CC2)CC1
C1CCC(C2CCC(C3CCCCC3C3CCCCC3)CC2)CC1
C1CCC(C2CC(C3CCC4CCCCC43)CC3CCCCC32)CC1
C1CCC(CC2CCCCC2C2CCC(C3CCCCC3)C2)CC1
C1CCC(CC2CCC(CC3CC4CCC(C5CCC(CC6CC6)CC5C5CCCC5)C4C3)CC2)CC1
C1CCC(CCCC2CC(C3CCCCC3)CCC2C2CCCC(C3CCC3)C2)CC1
C1CCC(C2CCC(CC3CCCC(C4CCCCC4)C3)CC2)CC1
C1CCC(CCC2CCC(C3CCCCC3)CC2)CC1
C1CCC(C2CCC(C3CCC3)CC2)CC1
C1CCC(CCC2CCC(CC3CCCCC3CC3CCCCC3C3CCCCC3C3CCCC3)CC2)CC1
C1CCC(CC2CCC(CC3CCCC(C4CCCCC4)C3)CC2)CC1
C1CCC(CCCCC2CCCCC2C2CCCCC2)CC1
C1CCC(C2CCC(CCCC3CC(C4CCCCC4)CC(C4CCCCC4)C3)CC2)CC1
C1CCC(CC2CCCC(CC3CC3C3CCC(C4CCCCC4)CC3)C2)CC1
C1CCC(CC2CCC(CCC3CCCC3)C(CC3CCCCC3)C2)CC1
C1CCC(CC2CCCC(C3CCCCC3C3CCCCC3)C2)CC1
C1CCC(CC2CCCCC2)CC1
C1CCC(CCCC2CCC(C3CC(CC4CCC(C5CCCC5)CC4)C4CCCCC43)CC2)CC1
C1CCC(CC2CCC(CC3CCCCC3CC3CCCCC3)C(C3CCCCC3)C2)CC1
C1CCC(CC2CCCC(C3CCCCC3)C2)CC1
C1CCC(CC2CCCCC2)CC1
C1CCC(CC2CC3CCC(CCC4CC5CCCCC5C4)CC3C(C3CCCCC3)C2)CC1
C1CCC(CC2CCC(C3CCC4C(CC5CCCCC5)CCC4C3)CC2)CC1
C1CCC(CC2CCC(C3CCCCC3)CC2)CC1
C1CCC(CCCC2CCC(C3CCCCC3C3CCC4CCCCC4C3)CC2)CC1
C1CCC(CC2CCC(CC3CCCC(C4CCCCC4)C3)CC2)CC1
C1CCC(C2CCC(CCC3CCCC(CC4CCCC4)C3)CC2)CC1
C1CCC(CCC2CCCCC2)CC1
C1CCC(C2CCC(CCC3CCCCC3C3CCCCC3)CC2)CC1
C1CCC(CC2CCC(C3CCCC(C4CCCCC4C4CCCCC4)C3)CC2)CC1
C1CCC(CCCC2CCC(CC3CCCCC3)CC2)CC1
C(CCCCC1CCCCC1)CCCCC1CCC(C2CCCC(C3CCC(C4CCCCC4)CC3)C2)CC1
C1CCC(CC2CCC(C3CCCCC3)C(CCC3CC4CCCCC4C3)C2)CC1
C1CCC(CC2CCCCC2C2CCC(C3CCCCC3)CC2)CC1
C1CCC(CCC2CCC(CC3CCCCC3)CC2)CC1
C1CCC(CC2CCCC(CC3CC(C4CCC(C5CCC5)CC4)C4CCCCC34)C2)CC1
C1CCC(CCCCC2CCCC(C3CCCC(C4CCCCC4)C3)C2)CC1
C1CCC(C2CCCCC2C2CCCC2)CC1
C(CCCC1CCCC(CC2CCCCC2)C1)CCC1CCCC1
C1CCC(C2CCCC2)CC1
C1CCC(CC2CCCCC2CCCC2CCCC(C3CCCCC3)C2)CC1
C1CCC(CC2CCCCC2C2CCCC(C3CCCCC3)C2)CC1
C1CCC(C2CCC(CC3CCC(CC4CCC5CCCCC5C4)CC3C3CCCCC3)CC2)CC1
C1CCC(CCC2CCC(CCC3CCCCC3C3CCCCC3)CC2)CC1
C1CCC(CCCC2CCC(CC3CCC(CC4CCC5CCCC5C4)CC3)CC2)CC1
C1CCC(C2CCCC(CCCC3CCCC3)C2)CC1
C1CCC(CC2CCC(CC3CCC(CCCCC4CCC(C5CCCC5)CC4)CC3)CC2)CC1
C1CCC(CC2CCCC(CCC3CCCCC3C3CCC(C4CCC4)CC3)C2)CC1
C1CCC(CCC2CCC(CC3CCCCC3)CC2)CC1
C1CCC(C2CCCC(CCC3CC(C4CCC4)CC(C4CC4)C3)C2)CC1
C1CCC(CCC2CCCC(C3CCCCC3)C2)CC1
C1CCC(CC2CCCC(C3CCC(CC4CCCCC4C4CCC5CCCCC5C4)CC3)C2)CC1
C1CCC(C2CCCC(CCC3CCC(C4CCC(C5CCCC(C6CCCCC6)C5)CC4)CC3)C2)CC1
C1CCC(C2CCC(C(C3CCCCC3)C3CCCCC3)CC2)CC1
C1CCC(C2CCCCC2C2CCCCC2)CC1
C1CCC(C2CCC(C3CCCCC3)C(C3CCCCC3)C2)CC1
C1CCC(CCC2CCCC(C3CCCCC3)C2)CC1
C1CCC(CC2CCCC(C3CCCC3)C2)CC1
C1CCC(CCCC2CCC(C3CCCCC3)CC2)CC1
C1CCC(C2CCCCC2)CC1
C1CCC(CC2CCCCC2C2CC3CCCCC3C(C3CCCCC3)C2)CC1
C1CCC(C2CC(C3CCC4CCCCC43)CC3CCC(CC4CCC5CCCCC54)CC32)CC1
C1CCC(CCCCC2CC(C3CCCCC3)CC(C3CC3)C2)CC1
C1CCC(CC2CC3CCC(C4CCCCC4)CC3C(C3CCCCC3)C2)CC1
C1CCC(CC2CCC(CCC3CCC(C4CCCCC4)CC3)CC2)CC1
C1CCC(CCC2CCC(CC3CCCCC3)CC2)CC1
C1CCC(CCC2CCCCC2CC2CCCCC2)CC1
C1CCC(CC2CCC(C3CCC4CCCCC43)CC2)CC1
C1CCC(C2CC(CC3CCC4CCCCC43)CC(C3CCCCC3)C2)CC1
C1CCC(C2CCC(CCC3CCCC(C4CCC(C5CCCCC5)CC4)C3)CC2)CC1
C1CCC(CC2CC(C3CCCCC3)CCC2C2CCCCC2)CC1
C1CCC(C2CCC(C3CCCCC3CCC3CCCC(C4CCCCC4)C3)CC2)CC1
C1CCC(CCCC2CCCCC2C2CCC3CCC(C4CCC(C5CCC5)CC4C4CCCC4)CC32)CC1
C1CCC(CC2CCC(CCCCC3CC4CCCCC4C3)CC2)CC1
C1CCC(CC2CCC(C3CCCC3C3CCCCC3)CC2C2CCCCC2)CC1
C1CCC(CC2CCC(CC3CCCCC3)CC2)CC1
C1CCC(CCCCC2CC(C3CCCCC3)CCC2C2CCCCC2)CC1
C1CCC(CCCC2CCCCC2C2CCCCC2)CC1
C1CCC(C2CCC(CCC3CC4CCC(C5CCCCC5)CC4C3)CC2)CC1
C1CCC(C2CCC3C(CCCC3C3CCCCC3C3CCCCC3)C2)CC1
C1CCC(CCC2CCCCC2CC2CCCC3CCCCC32)C1
C1CCC(C2CCCCC2CC2CCC(CCC3CCCC(C4CCC5CCCCC54)C3)CC2)CC1
C1CCC(CCC2CCC(CCCCCC3CCCC3)CC2)CC1
C1CCC(CCC2CCC(CC3CCCC(C4CCCC(CC5CCCC5)C4)C3)C(CC3CCCCC3)C2)CC1
C1CCC(C2CCC(C3CCC(C4CCC5CCCCC54)C(C4CCCC4)C3)CC2)CC1
C1CCC(CCCCC2CCC(CC3CCCC(CC4CCCC4)C3)CC2)CC1
C1CCC(CC2CCC(C3CCC(CC4CCC(C5CCCCC5)CC4)CC3)CC2)CC1
C1CCC(CC2CCC(C3CCC4CCCCC43)CC2)CC1
C1CCC(CC2CCC(C3CCCCC3)CC2)CC1
C1CCC(C2CCCC(C3CCCCC3)C2)CC1
C1CCC(CC2CCC(C3CCCCC3)CC2)CC1
C1CCC(CCC2CCCC(CCC3CCCCC3C3CCC4CCCC4C3)C2)CC1
C1CCC(CCC2CCC(CCC3CCCCC3C3CCC4CCCCC4C3)CC2)CC1
C1CCC(C2CCCC(CC3CCC4CCCCC43)C2)CC1
C1CCC(CC(C2CCCCC2)C2CCCCC2C2CCCC(C3CCCCC3)C2)CC1
C1CCC(C2CCC(CCCC3CCC(CC4CCC(C5CCCC5)CC4)CC3)CC2)CC1
C1CCC(C2CCCC(CC3CC4CCCCC4C3)C2)CC1
C1CCC(C2CCCCC2CC2CCCCC2CC2CCC3CCCC(C4CCCCC4)C3C2)CC1
C1CCC(CCC2CCC(C3CCCC(C4CCCC(CC5CCCCC5)C4)C3)CC2)CC1
C1CCC(CC2CCC(C3CCCCC3CC3CCCCC3)CC2)CC1
C1CCC(CC2CCC3CC(CC4CCC5CCCCC54)CC(CC4CCCCC4)C3C2)CC1
C1CCC(C2CCCCC2CCC2CCC(CC3CCC(CC4CC4)CC3)CC2)CC1
C1CCC(CCC2CCCC(CC3CCCCC3)C2)CC1
C1CCC(CCCCC2CCC(CC3CCCCC3)CC2)CC1
C1CCC(C2CCCCC2C2CCCC2C2CCC(CCC3CCCC3)CC2)CC1
C1CCC(CC2CCCC(C3CCCC(C4CCCCC4)C3)C2)CC1
C1CCC(CC2CCC(C3CCCCC3)CC2C2CCCCC2)CC1
C1CCC(C2CCCC(C3CCCC(C4CCCCC4)C3)C2)CC1
C1CCC(CC2CCCC(C3CCCCC3)C2)CC1
C1CCC(CC2CCC(CC3CCC(CCCC4CCCC4)CC3)CC2)CC1
C1CCC(CC2CCC(CC3CCCCC3)CC2)CC1
C1CCC(CC2CC(C3CCC(C4CCCC4)C(CC4CC4)C3)C3CCCCC23)CC1
C1CCC(CC2CC(CC3CCCC(CCC4CCC(C5CCCC5)CC4)C3)C3CCCCC23)CC1
C1CCC(CC2CCC(C3CCCCC3C3CCCCC3)C(C3CC3)C2)CC1
C1CCC(CCC2CCCC(C3CCCCC3)C2)CC1
C1CCC(CC2CCCC(C3CCCCC3)C2)CC1
C1CCC(C2CCC(CC3CCCC(C4CCCCC4)C3)CC2)CC1
C1CCC(C2CCCCC2C2CCCC2)CC1
C1CCC(C2CCC(CC3CCC(CC4CCC(CC5CC6CCCCC6C5)CC4)CC3)CC2)CC1
C1CCC(C2CC3CCCCC3C(C3CCCCC3)C2)CC1
C1CCC(C2CC(C3CCCCC3C3CCCCC3)C3CCCCC23)CC1
C1CCC(CCC2CCC(CC3CCC(C4CCCC(C5CCC5)C4)CC3)CC2)CC1
C1CCC(CC2CCCCC2)CC1
C1CCC(CC2CCC(C3CC3)CC2)CC1
C1CCC(CCC2CCC3CCC(CC4CCCC(CC5CCCCC5)C4)C3C2)CC1
C1CCC(C2CCC(C3CCCCC3)CC2)CC1
C1CCC(CC2CCC(C3CCC(C4CCCC(C5CCCCC5)C4)CC3)CC2)CC1
C1CCC(CCC2CCCC3CC(C4CCCCC4)CCC23)CC1
C1CCC(CC2CC(C3CCCCC3)CC(C3CCCC(C4CCCCC4)C3)C2)CC1
C1CCC(C2CCCCC2C2CCC(C3CCCCC3C3CCCCC3)C2)CC1
C1CCC(CC2CCC3CCCCC3C2)CC1
C1CCC(C2CCCC(CCC3CCC4CCCCC4C3)C2)CC1
C1CCC(C2CCC(CC3CCCCC3CC3CC4CCCCC4C3)C2)CC1
C1CCC(CC2CCC(C3CCCCC3)CC2C2CCC3CCCC3C2)CC1
C1CCC(CCCCC2CCC(CC3CCC(CC4CCCCC4)CC3)CC2)CC1
C1CCC(CCC2CCCC(CC3CCC(CC4CCC(C5CCCC5)CC4)CC3)C2)CC1
C1CCC(CC2CCC(CC3CCC(C4CCCC(C5CCCCC5)C4)CC3)CC2)CC1
C1CCC(C2CCCC(C3CCCCC3)C2)CC1
C1CCC(CCCC2CCC(CC3CCC(CC4CCCC4)CC3)CC2)CC1
C1CCC(CCC2CCCCC2C2CCC(C3CCCC(CCCC4CC5CCCCC5C4)C3)C2)CC1
C1CCC(CCCC2CCC(CC3CCCCC3C3CCCCC3)CC2)CC1
C1CCC(CCCC2CCCCC2CC2CCCCC2)CC1
C1CCC(CCC2CCC(CCC3CCCCC3)C(CCC3CCCCC3)C2)CC1
C1CCC(CCC2CCC(C3CCC(CC4CCCCC4)C3)CC2)CC1
C1CCC(C2CCCC(C3CCC4CCCC4C3)C2)CC1
C1CCC(C2CCCC(CC3CCCC(CC4CCC(C5CCCC5)CC4)C3)C2)CC1
C1CCC(CCCCC2CCC(CC3CCCC3)C(CCC3CCCCC3)C2)CC1
C1CCC(CC2CCCCC2C2CCC3C(CCCC3C3CCCC3)C2)CC1
C1CCC(C2CCC(C3CCCCC3)CC2)CC1
C1CCC(C2CCCC(C3CCCC3)C2)CC1
C1CCC(C2CCCC(C3CCC(C4CCCC4)CC3)C2)CC1
C1CCC(CC2CCC(CCC3CCC(C4CCCC(CC5CCCCC5)C4)CC3)C2)CC1
C1CCC(C2CCCC(C3CCCCC3C3CCCCC3)C2)CC1
C1CCC(CC2CCC(CC3CCCCC3)CC2)CC1
C1CCC(CCC2CCC3C(CCC3C3CC(C4CCCCC4)C4CCCCC43)C2)CC1
C1CCC(CC2CCC(CC3CCC(C4CC5CCCCC5C4)CC3)CC2)C1
C1CCC(C2CCC(CC3CCC(CCC4CC5CCCCC5C4)CC3)CC2)CC1
C1CCC(CC2CCC(CC3CCCC(CC4CCC4)C3)CC2)CC1
C1CCC(C2CCCC(CCC3CCC4CCCC4C3)C2)CC1
C1CCC(CC2CCC(C3CCCCC3C3CCCC(C4CCCC4)C3)CC2)CC1
C1CCC(CCC2CCC(C3CCCCC3C3CCCCC3)CC2)CC1
C1CCC(C2CCC(CCC3CCCC(CC4CCC(C5CCCCC5)CC4)C3)CC2)CC1
C1CCC(C2CCC(CC3CCCC(C4CCC(C5CCCC6CCCCC65)CC4)C3)CC2)CC1
C1CCC(C2CCCC(C3CCCC4CCCCC43)C2)CC1
C1CCC(C2CCCCC2)CC1
C1CCC(CC2CCCCC2C2CCC(C3CCCCC3)C2)CC1
C1CCC(CC2CCC(C3CCC(C4CCCCC4)CC3C3CCCC3)C(C3CCCC3)C2)CC1
C1CCC(C2CC(CCC3CCCCC3C3CCC4CCCCC4C3)C3CCCCC32)CC1
C1CCC(CC2CCCCC2C2CCCCC2)CC1
C1CCC(C2CCC3CCCCC3C2)CC1
C1CCC(CCC2CCCC(CCC3CCCCC3)C2C2CCCC2)CC1
C1CCC(CC2CCCC(C3CCC(C4CCCC(C5CCCCC5)C4)CC3)C2)CC1
C1CCC(C2CCCCC2)CC1
C1CCC(CCCCC2CCCC(CC3CCCC3)C2)CC1
C1CCC(CCC2CC(CC3CCCC(CC4CCCCC4)C3)C3CCCCC23)CC1
C1CCC(CCC2CC(C3CCCCC3)CC(C3CCCC3)C2)CC1
C1CCC(CCC2CCCC(C3CC3)C2)CC1
C1CCC(C2CCCCC2CCC2CCCCC2C2CCCC2)CC1
C1CCC(CCC2CCCC(CC3CCCC3C3CCCCC3)C2)CC1
C1CCC(C2CCCCC2C2CCC(C3CCCC3)CC2C2CCC3CCCC3C2)CC1
C1CCC(CCCC2CCCC(C3CCC(CC4CCCCC4CC4CCCCC4)CC3)C2)CC1
C1CCC(CCC2CCC(C3CCCC(CC4CCCC4)C3)CC2)C1
C1CCC(C2CCCC(CCCC3CCCCC3C3CCCCC3)C2)CC1
C1CCC(CC2CCC(CC3CCC(C4CCCC4)CC3)CC2)CC1
C1CCC(CCC2CCC3C(CCC3C3CCCCC3)C2)CC1
C1CCC(C2CCCCC2)CC1
C1CCC2CC(CCC3CCCC(C4CCCC5CCCCC54)C3)CC2C1
C1CCC(CC2CCC(C3CCCC(C4CCCCC4)C3)CC2)CC1
C1CCC(CC2CCC3CC(CC(C4CCCC4)C4CCCC(C5CCCCC5)C4)CC3C2)CC1
C1CCC(CCC2CCC(CCC3CCCCC3)C(CC3CCCCC3)C2)CC1
C1CCC(CC2CCC(CC3CCC(C4CCC(CCC5CCC6CCCCC6C5)CC4)CC3)CC2)CC1
C1CCC(C2CCCCC2)CC1
C1CCC(C2CCC3C(CCCC3C3CCCCC3)C2)CC1
C1CCC(CCC2CCC(C3CCCC(C4CCC5CCCCC5C4)C3)CC2)CC1
C1CCC(C2CCCCC2CC2CCCC(CC3CC4CCCCC4C3)C2)CC1
C1CCC(CCCC2CCC(C3CC(C4CCC(C5CCCCC5)CC4)C3)CC2)CC1
C1CCC(CCC2CCC(CC3CCCCC3)CC2)CC1
C1CCC(C2CCC(CC3CCC(C4CCC5CCCCC54)CC3)CC2)CC1
C1CCC(CCC2CCC(CC3CCCCC3)CC2)CC1
C1CCC(CC2CCCCC2)CC1
C1CCC(CCC2CCCC3CC(C4CCCCC4)CCC23)CC1
C1CCC(CC2CCC(C3CCC(C(C4CCCCC4)C4CCCCC4)CC3)CC2)CC1
C1CCC(CC2CCC(C3CCCCC3C3CCCCC3)CC2)CC1
C1CCC(C2CCCCC2C2CCC(CCCC3CC4CCCCC4C3)CC2)CC1
C1CCC(CC2CCCC(CC(C3CCCC3)C3CCC(C4CCCCC4)CC3)C2)CC1
C1CCC(CCC2CCC(CC3CCC(CC4CCCCC4)CC3)CC2)CC1
C1CCC(CC2CCC(CCCCCC3CCCC(C4CCCCC4)C3)CC2)CC1
C1CCC(C2CCCC(CCC3CC(C4CCCCC4C4CCCC4)C4CCCCC34)C2)CC1
C1CCC(CCC2CCC(CC3CCC(C4CCCCC4)CC3)CC2)CC1
C1CCC(CC2CCC3C(CC4CCCCC4)CC(C4CCCCC4)C3C2)CC1
C1CCC(C2CCC(C3CCC(C4CCCCC4)C4CCCC34)CC2)CC1
C1CCC(CCC2CCCC(C3CCCCC3)C2)CC1
C1CCC(C2CCC(C3CCCCC3CCCC3CC4CCCCC4C3)C(C3CCC4CCCC4C3)C2)CC1
C1CCC(C2CCCC(C3CC(C4CC5CCCCC5C4)CC(C4CCCC4)C3C3CC4CCCCC4C3)C2)CC1
C1CCC(C2CCC(C3CCC(C4CCCCC4)CC3)CC2)CC1
C1CCC(C2CCC(C3CCCCC3)CC2)CC1
C1CCC(CCC2CCCC(CC3CCCC(C4CCC(C5CCCC(C6CCCCC6)C5)CC4)C3)C2)CC1
C1CCC(C2CCC(C3CCC(C4CCCC(C5CCCCC5)C4)CC3)CC2)CC1
C1CCC(C2CCCC(C3CC(C4CCCCC4)CC(C4CCCCC4)C3)C2)CC1
C1CCC(C2CCCC(C3CCCC(C4CCCCC4)C3)C2)CC1
C1CCC(C2CCC(C3CCCC4CC(C5CCCCC5C5CC5)CCC43)C(C3CC3)C2)CC1
C1CCC(C2CCC3C(CC4CCCC4)CC(CC4CCC5CCCCC54)C3C2)CC1
C1CCC(CCCC2CCC(CC3CCC(CC4CCCCC4)CC3)CC2)CC1
C1CCC(CCCC2CCCC(C3CCCCC3)C2)CC1
C1CCC(CC2CCCCC2C2CCC3CCCCC3C2)CC1
C1CCC(CC2CCCC(C3CCCC4CC(C5CCCCC5)CCC43)C2)CC1
C1CCC(CCC2CCCCC2C2CCCCC2C2CCCC2)CC1
C1CCC(CC2CCC(C3CCC(C4CCCCC4)CC3)CC2)CC1
C1CCC(C2CCC(C3CCC(C4CCC(CC5CCC6CCCCC65)CC4)CC3)CC2)CC1
C1CCC(C2CCCC(CC3CCCC(CC4CCCC4)C3)C2)CC1
C1CCC(CCC2CCC(CCCC3CCC(C4CCCC(C5CCCC5)C4)CC3)CC2)C1
C1CCC(CCC2CC(C3CCCCC3)CCC2C2CCC(C3CCCCC3)CC2)CC1
C1CCC(C2CCCC(CC3CCC(C4CCCC(C5CCCCC5)C4)CC3)C2)CC1
C1CCC(CCC2CCCC(C3CCCCC3)C2)CC1
C1CCC(CCC2CCC(C3CCCC3)C(C3CCCCC3)C2)CC1
C1CCC(CCCCCC2CCC(CC3CCCCC3)CC2)CC1
C1CCC(CCC2CCC(CC3CCCCC3)CC2)CC1
C1CCC(C2CCCCC2C2CCCCC2)CC1
C1CCC(C2CCCC(C3CCCC(C4CCCCC4)C3)C2)CC1
C1CCC(C2CC(CCC3CCC(C4CCCC4)CC3)CCC2C2CCCC2)CC1
C1CCC(CC2CCC(CCC3CCCCC3C3CCC4CCCCC4C3)CC2)CC1
C1CCC(CC2CCCC(C3CCCC(CC4CCCCC4)C3)C2)CC1
C1CCC(CC2CCCCC2CC2CCC(C3CCCCC3)C2)CC1
C1CCC(CC2CCCC(CCC3CC4CCCCC4C3)C2)CC1
C1CCC(CC2CCC(C3CC(CC4CCCCC4)C4CCCCC43)CC2)CC1
C1CCC(CC2CCCCC2C2CCCCC2)CC1
C1CCC(CC2CCC(CCC3CCC(CC4CCC(C5CCCCC5)CC4)CC3)CC2)CC1
C1CCC(CC2CCC(CCCCC3CCC4CCCCC4C3)CC2)CC1
C1CCC(CCCCCC2CCC(C3CCC(CCC4CCCCC4)CC3)CC2)CC1
C1CCC(CCC2CCC(CCC3CCCC(C4CCCCC4)C3)CC2)CC1
C1CCC(CC2CCC(C3CCCC(C4CCCC5CCCCC54)C3)CC2)CC1
C1CCC(C2CCC(CCCCCC3CCCCC3C3CCCCC3)CC2)CC1
C1CCC(CC2CCC(CCCCC3CC4CCCCC4C(C4CCCCC4)C3)CC2)CC1
C1CCC(CC2CCC(CCCC3CC4CCCCC4C3)C(C3CCCCC3)C2)CC1
C1CCC(C2CCCCC2CCC2CCC3CCCC3C2)CC1
C1CCC(CCC2CCCC(CCC3CCCCC3)C2)CC1
C1CCC(C2CCC(C3CCC(C4CC4)CC3)CC2CCC2CCCC2)CC1
C1CCC(CC2CCC3C(CC4CCCCC4)CCCC3C2)CC1
C1CCC(C2CCC(C3CCCC4CCCCC43)C(C3CCCC3)C2)CC1
C1CCC(CCC2CCC(C3CCCCC3C3CCC4CCCC4C3)CC2)CC1
C1CCC(CC2CCCC(C3CCCCC3C3CCCC3)C2)CC1
C1CCC(CC2CCCC(C3CCC(C4CC5CCCCC5C4)CC3)C2)CC1
C1CCC2CC(CC3CCCC(C4CCC5C(CCC5C5CCCC5)C4)C3)CC2C1
C1CCC(CCC2CCCCC2CC2CCCCC2)CC1
C1CCC(CCC2CCC(CC3CCCCC3)CC2)CC1
C1CCC(CCCCCC2CC3CCC(CCCC4CCCCC4)CC3C(C3CCCCC3)C2)CC1
C1CCC(CCC2CCCC(C3CCC(CC4CCCCC4)CC3)C2)CC1
C(CC1CCC(C2CCC2)CC1)CC1CCCC(CCC2CC2)C1
C1CCC(CCCCC2CCC(C3CCC(CC4CCCCC4)CC3)CC2)CC1
C1CCC(C2CC(C3CC4CCCCC4C(C4CCC(C5CCC5)CC4)C3)CC3CCCCC32)CC1
C1CCC(CCCCC2CCC(C3CCCC(C4CCCCC4)C3)CC2)CC1
C1CCC(CC2CCCC(C3CC(C4CC5CCCCC5C4)CCC3CC3CCCC3)C2)CC1
C1CCC(CCC2CC(C3CCC4CCCCC43)C3CCCCC23)CC1
C1CCC(CC2CCC(CC3CCCC(C4CCCCC4)C3)CC2)CC1
C1CCC(CC2CCC(C3CCCC(C4CCCCC4)C3)CC2)CC1
C1CCC(C2CCCC(CCC3CCC(CCCCC4CCCCC4C4CCCC4)CC3)C2)CC1
C1CCC(C2CCCC(C3CC4CCCCC4C(C4CCCCC4)C3)C2)CC1
C1CCC(CCCC2CCC(C3CCCC(CC4CCCCC4)C3)CC2)CC1
C1CCC(CC2CCC3C(CCCC3C3CCCC(C4CCC4)C3)C2)CC1
C1CCC(CCCC2CCCCC2C2CCC3C(CCCC3C3CCCCC3)C2)CC1
C1CCC(C2CCC(CCC3CC4CCCCC4C3)CC2)CC1
C1CCC(CC2CCCCC2CC2CCCC2C2CCCC(CCCC3CCC(CC4CCCC(C5CCC5)C4)CC3)C2)CC1
C1CCC(C2CCCC(C3CCCCC3)C2)CC1
C1CCC(CC2CCC(C3CCCC(CC4CCCCC4)C3)CC2)CC1
C1CCC(C2CCCCC2C2CCC3CCCCC3C2)CC1
C1CCC(CCC2CCC(C3CCC(CC4CC5CCCCC5C4)CC3)CC2)C1
C1CCC(CCCC2CCCC(C3CCCCC3)C2)CC1
C1CCC(C2CCC(CC3CC(C4CCCCC4)CC(C4CCCC4)C3)CC2)CC1
C1CCC(C2CCC(CCC3CCC(C4CCC(C5CCCCC5)CC4)CC3)CC2)CC1
C1CCC(C2CCCC(CCC3CCC(CC4CCC4)CC3)C2)CC1
C1CCC(C2CCCC(C3CCCC(C4CCCCC4)C3)C2)CC1
C1CCC(CC2CCC(CC3CCCCC3C3CCCCC3C3CCCC3)CC2)CC1
C1CCC(C2CC(C3CCC4CCCCC43)CC3CCC(CC4CCCC(C5CCCC5)C4)CC32)CC1
C1CCC(C2CCC(C3CCC(C4CCCCC4)CC3)CC2)CC1
C1CCC(C2CCC3C(CCCC3C3CCCCC3)C2)CC1
C1CCC(CC2CCC(C3CCCC(C4CCCCC4)C3)CC2)CC1
C1CCC(CCC2CCC(CCC3CCCC(C4CCC(C5CCCCC5)CC4)C3)CC2)CC1
C1CCC(C2CCCC(CC3CCCC4CC(C5CCCCC5)CCC34)C2)CC1
C1CCC(C2CCC(CC3CCCC(CC4CCC(C5CCCC5)CC4)C3)CC2)CC1
C1CCC(CC2CCCC(C3CCCCC3CCCC3CCC4CCCCC43)C2)CC1
C1CCC(C2CCCC(C3CCCCC3)C2)CC1
C1CCC(C2CCC(CC3CCC(C(C4CCCCC4)C4CC4)CC3)CC2)CC1
C1CCC(CCCCC2CCC(CC3CCC(CCC4CCCCC4)CC3)CC2)CC1
C1CCC(CC2CCC(C3CCCC(C4CCCC(C5CCCCC5C5CCCC5)C4)C3)CC2)CC1
C1CCC(CCCC2CCCCC2C2CCC(CC3CCCCC3)CC2)CC1
C1CCC(CC2CCC(CCCC3CCCC(C4CCCCC4)C3)CC2)CC1
C1CCC(C2CCC(C3C4CCCCC4CC3C3CCCCC3)CC2)CC1
C1CCC(C2CCCC(C3CCCC(C4CCCCC4C4CCCC4)C3)C2)CC1
C1CCC(CC2CCC(CC3CCC(C4CCCCC4)CC3)CC2)CC1
C1CCC(CC2CCC(CC3CCCCC3CC3CCCC3)CC2)CC1
C1CCC(CC2CCC3CC(C4CCC5CCCCC54)CC(C4CCCCC4)C3C2)CC1
C1CCC(C2CCC(CC3CCCCC3CC3CCCCC3C3CCC4CCCC4C3)CC2)CC1
C1CCC(CCC2CCC3C(C2)C(CC2CCCCC2)CC3C2CCCCC2)CC1
C1CCC(C2CCCC(CC3CCC4CC(CCC5CCC5)CCC43)C2)CC1
C1CCC(CC2CCCC(C3CCC(C4CCCCC4)CC3)C2)CC1
C1CCC(CC2CCC(C3CCCCC3)CC2)CC1
C1CCC(CCC2CCCCC2CC2CCCCC2)CC1
C1CCC(CCC2CCC(CCC3CC4CCCCC4C3)CC2)CC1
C1CCC(CC2CCC(C3CCCC(C4CCC(CC5CCCC5)CC4)C3)CC2)CC1
C1CCC(C2CCC(C3CC(C4CCCC4)C4CCCCC34)CC2)CC1
C1CCC(CC2CCCCC2C2CC(CC3CCCC3)C3CCCCC32)CC1
C1CCC(CCCC2CCCC(C3CCCCC3)C2)CC1
C1CCC(C2CCC(CCCC3CCCC(CC4CCC(C5CCCC5)CC4)C3)CC2)CC1
C1CCC(CC2CCCCC2CCCCCC2CCCC(C3CCC3)C2)CC1
C1CCC(CC2CCCC(C3CCCC(C4CCCCC4C4CCCCC4)C3)C2)CC1
C1CCC(CC2CCCCC2C2CCC3CCCC3C2)CC1
C1CCC(CC2CCC(C3CCCCC3)C(C3CCCCC3)C2)CC1
C1CCC(C2CCC(CC3CC(C4CCC5CCCCC54)C4CCCCC34)CC2)CC1
C1CCC(C2CCCCC2)CC1
C1CCC(CC2CCC(C3CCC(C4CCCC4)CC3)CC2)CC1
C1CCC(C2CCCC(CC3CC(C4CCCC4)C4CCCCC34)C2)CC1
C1CCC(CCCCC2CCC(C3CCCCC3)CC2)CC1
C1CCC(CC2CCCC(CC3CCCCC3CC3CCCCC3)C2)CC1
C1CCC(CCCCC2CCC(C3CCCCC3)CC2)CC1
C1CCC(CC2CCCC(C3CCCC(C4CCCCC4)C3)C2)CC1
C1CCC(C2CCCC(CC3CCCC(C4CCC5CCCC5C4)C3)C2)CC1
C1CCC(CC2CCC(CC3CCCCC3)C(CCC3CCC4CCCCC43)C2)CC1
C1CCC(CC2CCC3CCCC(CC4CCCCC4)C3C2)CC1
C1CCC(C2CCC(CCC3CCCC(C4CCC(C5CCC6CCCCC65)CC4)C3)C2)C1
C1CCC(CCCC2CCCC(C3CCCCC3)C2)CC1
C1CCC(CCCCC2CCC(C3CCC(C4CCCCC4)CC3)CC2)CC1
C1CCC(CCCC2CCCC(C3CCC(CC4CCC(C5CCCCC5)CC4)CC3)C2)CC1
C1CCC(CC2CCC(CC3CCCC4CC(C5CCCCC5)CCC34)CC2)CC1
C1CCC(CCC2CC(CC3CCCCC3)CCC2CCCC2CCC(C3CCCCC3)CC2)CC1
C1CCC(CC2CCCC(C3CCCCC3)C2)CC1
C1CCC(CCC2CC(C3CCC(CC4CCCCC4)CC3)C3CCCCC23)CC1
C1CCC(CCC2CC(CCC3CCCCC3)C3CC(C4CCCCC4)CCC23)CC1
C1CCC(CC2CCCC(CCC3CCC(CCC4CCCC4)CC3)C2)CC1
C1CCC(C2CCCC(C3CCCCC3C3CCCC3)C2)CC1
C1CCC(C2CC(C3CCCC(C4CCCC4)C3)CCC2C2CC2)CC1
C1CCC(CCC2CC(CC3CCCC(C4CCCCC4)C3)C3CCCCC23)CC1
C1CCC(C2CCCC(CCC3CCCC(C4CC5CCCCC5C4)C3)C2)CC1
C1CCC(CC2CC(CC3CCC(C4CCCCC4)C3)C3CCCCC23)CC1
C1CCC(C2CCCC(C3CCCCC3)C2)CC1
C1CCC(C2CCCCC2CC2CCCC2)CC1
C1CCC(C2CCC(C3CCCCC3CC3CCCCC3C3CCC4CCCCC4C3)CC2)CC1
C1CCC(CCC2CC(C3CCCCC3C3CCCC3)C3CCCCC23)CC1
C1CCC(CCCCCC2CCC(CCCC3CCCCC3)CC2)CC1
C1CCC(CC2CCC(C3CCCCC3)CC2)CC1
C1CCC(CC2CCCC2CCC2CC(C3CCCCC3C3CC3)C3CCCCC23)CC1
C1CCC(CC2CCC(C3CCCCC3CC3CCCCC3C3CCCCC3)C(C3CCCC3)C2)CC1
C1CCC(CC2CCC(CC3CCC(CC4CCC(CCC5CCCC5)CC4)CC3)CC2)CC1
C1CCC(CCC2CCCC(C3CCC(CC4CCCCC4)CC3)C2)CC1
C1CCC(CCC2CCC(CCC3CCC(CC4CCCCC4)CC3)CC2)CC1
C1CCC(CC2CCCC(C3CCC(C4CCCCC4)CC3)C2)CC1
C1CCC(CC2CCC(C3CCC(C4CCCCC4)CC3)CC2)CC1
C1CCC(C2CCC(CC3CCC(C4CCCC(CC5CC6CCCCC6C5)C4)CC3)CC2)CC1
C1CCC(CCCC2CCCC(C3CCC(C4CCCC(C5CCCC5)C4)CC3)C2)CC1
C1CCC(CC2CCC3CC(C4CCC5CCCCC54)CC(C4CCCCC4)C3C2)CC1
C1CCC(CCC2CCCC(C3CCC4CCCC4C3)C2)CC1
C1CCC(CC2CCC(C3CCCC3)CC2)CC1
C1CCC(C2CCCC(C(CCC3CCCCC3C3CCCCC3)C3CCCCC3)C2)CC1
C1CCC(CC2CCCCC2CC2CCCC(C3CC4CCCCC4C3)C2)CC1
C1CC(CCC2CCC(C3CCCCC3C3CCCCC3C3CCCC3)CC2)C1
C1CCC(CCCCC2CCC(CC3CCCCC3)CC2)CC1
C1CCC(C2CCC(C3CCCCC3)CC2)CC1
C1CCC(CC2CCC(CC3CCCCC3)CC2)CC1
C1CCC(CC2CCC(CC3CCCC(C4CCCCC4)C3)CC2CC2CCCCC2)CC1
C1CCC(C2CCC(C3CCCCC3C3CCCC(CCC4CCC5CCCC5C4)C3)CC2)C1
C1CCC(C2CCC(C3CC4CCCCC4C3)CC2)CC1
C1CCC(C2CCCC(C3CCC(CCCC4CC4)CC3)C2)CC1
C(CCCC1CCC(CC2CCCC(CCCCC3CCCCC3)C2)CC1)CCC1CCCCC1
C1CCC(CC2CCCC(C3CCC(C4CCC(C5CCCCC5C5CCCC5)CC4)CC3)C2)C1
C1CCC(CCCC2CCC(C3CCCC(CC4CCCCC4)C3)CC2)CC1
C1CCC(CCCCCC2CCCC(C3CCCCC3)C2)CC1
C1CCC(C2CCCCC2CCC2CCC(CCCCC3CCCC3)CC2)CC1
C1CCC(C2CCCC(C3CCCCC3)C2)CC1
C1CCC(CC2CCCC(CC3CCCC(C4CCCC4)C3)C2)CC1
C1CCC(CC2CCCC(CCCC3CCC(CC4CCCC4)CC3)C2)CC1
C1CCC(C2CCC(C3CCCCC3)C2)CC1
C1CCC(C2CCCC(CCC3CCCC(C4CC5CCCCC5C4)C3)C2)CC1
C1CCC(C2CCC3CCCCC3C2)CC1
C1CCC(C2CCCCC2C2CCCC(C3CCCCC3C3CCCC3)C2)CC1
C1CCC(CCCC2CCCC(C3CCCCC3)C2)CC1
C1CCC(CC2CCC(CC3CCCCC3)CC2)CC1
C1CCC(CCC2CCCC(C3CCCCC3)C2)CC1
C1CCC(CC2CCCCC2C2CCC(C3CCC(C4CCC5CCCC5C4)CC3)CC2)CC1
C1CCC(CCCC2CC(CC3CCCC(C4CCCCC4)C3)C3CCCCC23)CC1
C1CCC(CCCC2CCC(CC3CCC(CC4CCC(C5CCCCC5)CC4)CC3)CC2)CC1
C1CCC(C(C2CCCCC2)C2CCC(C3CCC4CCCCC4C3)CC2)CC1
C1CCC(CCCCC2CCCC(C3CCCC(C4CCCCC4)C3)C2)CC1
C1CCC(CC2CCCC(C3CC(C4CCCCC4)CC(C4CCC4)C3)C2)CC1
C1CCC(C2CCC(CCCC3CC4CCCCC4C3)CC2C2CCCCC2)CC1
C1CCC(CCC2CCC(C3CCCCC3C3CCCC(C4CCCCC4)C3)CC2)CC1
C1CCC(C2CCC(CC3CCCC3)C(C3CCCCC3)C2)CC1
C1CCC(CCCC2CCC(C3CCC4CCCCC43)CC2)CC1
C1CCC(CC2CCC(C3CCC(C4CCC(CC5CCCCC5)C4)C3CC3CCCCC3)CC2)CC1
C1CC(CC2CC3CCCCC3C2)CC(CC2CCCCC2C2CCC3CCCCC3C2)C1
C1CCC(CC2CCCC(C3CCCCC3CC3CCC(C4CCCCC4)CC3)C2)CC1
C1CCC(CC2CCC(C3CCCCC3)CC2)CC1
C1CCC(C2CCC(CCC3CCC(C4CCCCC4C4CCC(CCC5CCCC5)CC4)CC3)CC2)CC1
C1CCC(CC2CCC3CCCC(CC4CCCCC4C4CCCCC4)C3C2)CC1
C1CCC(CC2CCC(C3CCCC(C4CCCCC4)C3)CC2)CC1
C1CCC(C2CCCC(CC3CCC(CC4CCCC4)CC3)C2)CC1
C1CCC(C2CCC(C3CCCCC3)C2)CC1
C1CCC(C2CCCCC2)CC1
C1CCC(CCC2CCC(CC3CC4CCCCC4C(C4CCCC4C4CCCC4)C3)CC2)CC1
C1CCC(C2CCCC(CC3CCCC(C4CCCC4)C3)C2)CC1
C1CCC(C2CCC(C3CCCC(C4CCCCC4C4CCCCC4C4CCCC4)C3)CC2)CC1
C1CCC(C2CCC(CC3CCC(C4CCCCC4)CC3)CC2)CC1
C1CCC(CC2CCCC(C3CCCC4CC(C5CCCCC5)CCC43)C2)CC1
C1CCC(CC2CCC(C3CCCCC3C3CCCCC3)CC2)CC1
C1CCC(C2CCC(CC3CCCC(CCCC4CCCCC4C4CCCC4)C3)CC2)CC1
C1CCC(C2CCCC(C3CCCCC3CC3CCCC3)C2)CC1
C1CCC(CCC2CCCCC2)CC1
C1CCC(C2CCCC(CCCC3CCCCC3C3CCCCC3)C2)CC1
C1CCC(C2CCCC(CC3CCCC(C4CCCCC4)C3)C2)CC1
C1CCC(CC2CC(CC3CCCCC3)C3CCCCC23)CC1
C1CCC(CC2CCC(C3CCC4CCCCC43)CC2)CC1
C1CCC(C2CCC(CCC3CCC(C4CC4)CC3)CC2)CC1
C1CCC(C2CCCC(CCCC3CCC4CCCC4C3)C2)CC1
C1CCC(CC2CCCC(CC3CCCC(C4CCCC(CCC5CC5)C4)C3)C2)CC1
C1CCC(CC2CCCC(C3CCC(C4CCCCC4C4CCCCC4)C3)C2)CC1
C1CCC(C2CCCC(CCCC3CCCC(C4CCCCC4)C3)C2)CC1
C1CCC(C2CCC(C3CCCCC3C3CCCCC3)C(C3CCCC3)C2)CC1
C1CCC(CC2CC(CC3CCCCC3)C3CCCCC23)CC1
C1CCC(CC2CCC(C3CCCC(CC4CCCCC4)C3)CC2)CC1
C1CCC(C2CCCC(C3CCC(C4CCCC5CC(C6CCCCC6)CCC54)C3)C2)CC1
C1CCC(CC2CCCCC2C2CCCCC2)CC1
C1CCC(CCC2CCCC(C3CCCCC3)C2C2CCCC2)CC1
C1CCC(CC2CCC(C3CCCCC3)CC2)CC1
C1CCC(C2CCCC(CC3CCC(C4CC5CCCCC5C4)C3)C2)CC1
C1CCC(CCCC2CCCC(C3CCC(CC4CCCCC4)CC3)C2)CC1
C1CCC(C2CCCC(CC3CCC4CCCC(C5CCCCC5)C4C3)C2)CC1
C1CCC(C2CCC(CCC3CCCC(C4CCCCC4)C3)CC2)CC1
C1CCC(CC2CCCC(C3CCCCC3)C2)CC1
C1CCC(CCCC2CCCC(C3CC4CCCCC4C3)C2)CC1
C1CCC(CC2CCCC3CC(C4CCCCC4C4CCCCC4)CCC23)CC1
C1CCC(CC2CC(C3CCCCC3)C3CC(C4CCCCC4)CCC23)CC1
C1CCC(CC2CCCC(C3CCCC(C4CCCCC4)C3)C2)CC1
C1CCC(C2CCCC(C3CC4CCCCC4C3)C2)CC1
C1CCC(CCCC2CCC(C3CCC(CC4CCCCC4)CC3)CC2)CC1
C1CCC(C2CC(C3CCCCC3)CC(C3CCC4CCCC4C3)C2)CC1
C1CCC(CC2CCC(C3CCCC(CC4CCCC(C5CCCCC5)C4)C3)CC2)CC1
C1CCC(CCCC2CCCC(C3CCCCC3)C2)CC1
C1CCC(CC2CCC(CC3CCCCC3)CC2)CC1
C1CCC(C2CCC(C3CCCCC3)CC2)CC1
C1CCC(CC2CCC(CC3CCCCC3)CC2)CC1
C1CCC(CC2CCCC(C3CCCCC3)C2)CC1
C1CCC(CCC2CCCCC2C2CCCC(CC3CCCCC3)C2)CC1
C1CCC(CCC2CCC(C3CCCC(C4CCCCC4)C3)CC2)CC1
C1CCC(CC2CCC(CCC3CCC(CC4CCC(CC5CCCCC5)CC4)CC3)CC2)CC1
C1CCC(CC2CCCCC2C2CCCCC2)CC1
C1CCC(CC2CCC(C3CCCCC3C3CCCC3)CC2)CC1
C1CCC(CCC2CCCC(C3CCCC(CC4CCCC4)C3)C2)CC1
C1CCC(CCC2CCCCC2C2CCCCC2C2CCC3CCCCC32)CC1
C1CCC(C2CCCCC2C2CCC(CC3CCC(C4CCCC4)CC3)CC2)CC1
C1CCC(CCCC2CCC(C3CCCC3)CC2)CC1
C1CCC(C2CCC(C3CCCCC3C3CCC(C4CC4)CC3C3CCCCC3)CC2)CC1
C1CCC(CC2CCCC(CC3CCC(C4CCCCC4)CC3)C2)CC1
C1CCC(CCCCCC2CCCCC2CC2CCCCC2)CC1
C1CC2CCC(C3CCCCC3C3CCC(CC4CCCCC4C4CCCC4)CC3)CC2C1
C1CCC(CCC2CCCC(C3CCC(CC4CCCCC4)CC3C3CCCCC3)C2)CC1
C1CCC(CC2CCC(C3CCCCC3)CC2)CC1
C1CCC(CCCC2CCC(CC3CCC(C4CCCCC4)CC3)CC2)CC1
C1CCC(C2CCCC(CC3CCC(CCC4CCCC4)CC3)C2)CC1
C1CCC(CC2CCC(CCC3CCC(C4CCCC4)CC3)CC2)CC1
C1CCC(C2CCC(C3CCCCC3)C(C3CCCCC3)C2)CC1
C1CCC(C2CCC(CCC3CCCC(C4CCC5CCCC5C4)C3)C(C3CCCC3)C2)CC1
C1CCC(C2CCC(CC3CCC(CCC4CCC(CC5CCC6CCCCC65)CC4)CC3)C2)CC1
C1CCC(CC2CCC(CCC3CCCCC3C3CCCC(CCC4CCCC4)C3)CC2)CC1
C1CCC(CCCCC2CC(C3CCCCC3)C3CCCCC23)CC1
C1CCC(C2CCCC(C3CCCC(C4CCCCC4)C3)C2)CC1
C1CCC(C2CCC(CC3CCC(C4CCCCC4)CC3)CC2)CC1
C1CCC(CCC2CCC(C3CCCC(C4CCCCC4)C3)CC2)CC1
C1CCC(CCCCC2CCCC(C3CCC(CC4CCCCC4)CC3)C2)CC1
C1CCC(C2CCC(C3CCC(CC4CCCCC4C4CCCCC4)CC3)CC2)CC1
C1CCC(CC2CCC(C3CCC(C4CCCCC4)CC3)CC2)CC1
C1CCC(C2CCCC(C3CCCCC3)C2)CC1
C1CCC(CCCC2CCCC(CC3CCCCC3)C2)CC1
C1CCC(CC(C2CCCCC2)C2CCCCC2)CC1
C1CCC(C2CCCC(CC3CCCC(C4CCCC(C5CCCCC5)C4)C3)C2)CC1
C1CCC(CC2CCC(C3CCC(C4CCCCC4)CC3)CC2)CC1
C1CCC(CC2CC(C3CCCCC3CC3CCC4CCCCC4C3)C3CCCCC23)CC1
C1CCC(CC2CCC(CC3CCCCC3)CC2)CC1
C1CCC(C2CCCC(C3CCCCC3C3CCCCC3)C2)CC1
C1CCC(CCCC2CCC(C3CCC(C4CCCC4)CC3)CC2)CC1
C1CCC(CC2CCCCC2)CC1
C1CCC(C2CCCCC2C2CCCCC2)CC1
C1CCC(CCCC2CCCCC2)CC1
C1CCC(CCC2CCC(CC3CCC(C4CCCCC4)CC3)CC2)CC1
C1CCC(CCC2CCC(CC3CCCCC3)CC2)CC1
C1CCC(CCCCC2CCC(C3CCC4CCCCC43)CC2)CC1
C1CCC(C2CCC(C3CCCCC3)CC2)CC1
C1CCC(CC2CCC(CCC(C3CCCCC3)C3CCCCC3)CC2)CC1
C1CCC(CCCC2CCC(C3CCC3)CC2)CC1
C1CCC(CCCC2CCCC(C3CCC(C4CCC4)CC3)C2)CC1
C1CCC(C2CC(C3CCC4CCCCC43)CC3CCC(C4CCC(CC5CCCC5)CC4)CC32)CC1
C1CCC(CCC2CCCC(CC3CCCCC3)C2)CC1
C1CCC(CCC2CCC(CC3CCCCC3)CC2)CC1
C1CCC(CCC(C2CCCCC2)C2CCC(C3CCC3)CC2)CC1
C1CCC(CCCC2CCCC(CC3CCCCC3C3CCC4CCCCC4C3)C2)CC1
C1CCC(C2CCCC(CC3CCCC3)C2)CC1
C1CCC(C2CCC(C3CCCC(C4CCCCC4)C3)CC2)CC1
C1CCC(CC2CCC(CC3CCCC(C4CCCCC4)C3)CC2)CC1
C1CCC(CC(C2CCCCC2)C2CCC(C(CC3CCCC3)C3CCCC3)CC2)CC1
C1CCC(C2CCCCC2C2CCC(C3CCCC3)CC2)CC1
C1CCC(CC2CCCC(C3CCCC(C4CCCCC4CC4CC5CCCCC5C4)C3)C2)CC1
C1CCC(CC2CCC(C3CCC(C4CCC(C5CC5)CC4)CC3)CC2)C1
C1CCC(C2CCCC(C3CCCC(C4CCCCC4)C3)C2)CC1
C1CCC(CC2CCC(CC3CCC(CCC4CCC(C5CCCCC5)CC4)CC3)CC2)CC1
C1CCC(C2CCCC(C3CCCCC3)C2)CC1
C1CCC(C2CCC(CC3CCCC(C4CCCCC4)C3)CC2)CC1
C1CCC(C2CCCC(C3CCC(C4CCCCC4C4CCC5CCCCC54)CC3)C2)CC1
C1CCC(CCC2CCCCC2C2CC(C3CCCCC3)CC(C3CCCCC3)C2)CC1
C1CCC(CC2CCCC(C3CCC(C4CCCC(CC5CCCC6CCCCC65)C4)CC3)C2)CC1
C1CCC(CC2CCCCC2CCCC2CCC(C3CCCCC3)C2)CC1
C1CCC(CC2CC(CC3CCCCC3)CC(C3CCCCC3)C2)CC1
C1CCC(C2CCC(CCC3CCCCC3C3CCC4CCCC4C3)CC2CCC2CC2)CC1
C1CCC(CC2CCC3C(CC4CCCCC4)CC(CC4CCCC4)C3C2)CC1
C1CCC(CCCC2CCCC(CC3CCCC(CC4CCCCC4)C3)C2)CC1
C1CCC(CC2CCC(C3CCCCC3)C(CCC3CCC3)C2)CC1
C1CCC(CC2CCC(CCCCC3CC4CCCCC4C3)CC2C2CCC2)CC1
C1CCC(C2CCC(C3CCCCC3C3CCCCC3)CC2)CC1
C1CCC(CCC2CCCC(CC3CCC(CC4CCCCC4)CC3)C2)CC1
C1CCC(CCCC2CCC(CC3CCC(C4CCCCC4)CC3)CC2)CC1
C1CCC(CC2CCCCC2C2CCCCC2)CC1
C1CCC(C2CCCC(CC3CCC4C(CCC4C4CCC(CC5CCCC5)CC4)C3)C2)CC1
C1CCC(CCC2CC3CCCCC3C2)CC1
C1CCC(CC2CCCCC2CC2CCCC(CC3CC4CCCCC4C3)C2)CC1
C1CCC(CC2CCC(CC3CCCCC3)CC2)CC1
C1CCC(C2CCC(C3CCC(C4CCCCC4C4CCCCC4)CC3)CC2)CC1
C1CCC(C2CCCCC2)CC1
C1CCC(CCCC2CCC(CC3CCC(CCCC4CCCCC4)CC3)CC2)CC1
C1CCC(C2CCC(CCCC3CCC(C4CCCC(C5CCCCC5)C4)CC3)CC2)CC1
C1CCC(C2CCC(C3CCCCC3C3CCCCC3)CC2)CC1
C1CCC(CC2CCC(C3CCC(CC4CCCC5CCCCC54)CC3)CC2)CC1
C1CCC(C2CCCCC2C2CCC(C3CCCC4CC(C5CCCCC5C5CCCC5)CCC43)CC2)CC1
C1CCC(C2CCC(CC3CC4CCCCC4C3)C(C3CCCCC3)C2)CC1
C1CCC(CCCC2CCCC(CCC3CCC(CC4CCCCC4)CC3)C2)CC1
C1CCC(C2CCC3C(CCC3C3CCCCC3C3CCCCC3)C2)CC1
C1CCC(C2CCCC(CCCC3CCCC3)C2)CC1
C1CCC(CCCC2CCCC(C3CCC(C4CCCC4)CC3)C2)CC1
C1CCC(CCC2CC(C3CCCC3)CC(CCC3CCCCC3)C2CCCC2CC2)CC1
C1CCC(CCC2CCCC(C(C3CCCCC3)C3CCCCC3CC3CCCCC3)C2)CC1
C1CCC(C2CCCC(C3CCCC(CC4CCC5CCCCC5C4)C3)C2)CC1
C1CCC(C2CCCC(CC3CCC4CC(C5CC6CCCCC6C5)CCC34)C2)CC1
C1CCC(CCC2CCC(CC3CCCCC3)CC2)CC1
C1CCC(CC2CCC(CC3CC(C4CCCCC4)C4CCC(CC5CCCCC5)CC34)CC2)CC1
C1CCC(CC2CCC(CC3CC(C4CCCCC4)C4CCCCC34)CC2)CC1
C1CCC(CCC2CCC(CC3CCC(CC4CCCCC4)CC3)C(C3CCCC3)C2)CC1
C1CCC(CC2CCC(CCCC3CCCC(C4CCCCC4)C3)CC2)CC1
C1CCC(C2CCC(C3CCCCC3C3CCCCC3)CC2)CC1
C1CCC(C2CCC3CC(C4CCC5CCCCC54)CC(C4CCCCC4CC4CC5CCCCC5C4)C3C2)C1
C1CCC(CCCCC2CCC(CC3CCC(C4CCCCC4)CC3)CC2)CC1
C1CCC(CC2CCC(CC3CCCCC3)CC2)CC1
C1CCC(C2CCCC(CC3CCCC(C4CCCCC4)C3)C2)CC1
C1CCC(CC2CC(C3CCC(C4CCCCC4)CC3)C3CCCCC23)CC1
C1CCC(CCC2CCC(CCC3CC4CCCCC4C3)CC2)CC1
C1CCC(CCCC2CC(C3CCCCC3)CC(C3CCCC3)C2)CC1
C1CCC(C2CCCC(C3CCC(C4CCCC5CCCCC54)CC3)C2)CC1
C1CCC(CCC2CC(C3CC3)CCC2CC2CCCCC2)CC1
C1CCC(C2CCCC(C3CC4CCCCC4C3)C2)CC1
C1CCC(C2CCCC(C3CCC(C4CCCCC4)C(C4CCCC4)C3)C2)CC1
C1CCC(C2CCC(C3CCCCC3)C(C3CCC4CCCC4C3)C2)CC1
C1CCC(CCCC2CCCC(C3CCCCC3C3CCCCC3)C2)CC1
C1CCC(CCC2CCCC(C3CCCCC3)C2)CC1
C1CCC(C2CCC3CCC(C4CCCCC4C4CCCC4)CC3C2)CC1
C1CCC(CC2CCC(CCC3CCC(C4CCCCC4)CC3)CC2)CC1
C1CCC(CC2CCC(C3CCCC(C4CC4)C3)CC2)CC1
C1CCC(C2CCCCC2)CC1
C1CCC(CC2CCC(C3CCCCC3)CC2)CC1
C1CCC(CC(C2CCCC(C3CCCCC3)C2)C2CCC3CCCC3C2)CC1
C1CCC(C2CC(CC3CCCC(C4CCC5CCCCC54)C3)C3CCC(CC4CCC4)CC32)CC1
C1CCC(CCC2CCCC(C3CCCCC3)C2)CC1
C1CCC(CC2CCCCC2C2CCC(C3CCCCC3CCC3CCCC(C4CCC4)C3)CC2)CC1
C1CCC(CC2CCCCC2C2CCCCC2)CC1
C1CCC(C2CCC(C3CCCCC3C3CCCCC3)CC2)CC1
C1CCC(CC2CCCC(CC3CCCC(C4CCCCC4)C3)C2)CC1
C1CCC(CC2CCCCC2CC2CCC3CCCCC32)CC1
C1CCC(CCCCCC2CCC(C3CCC4CCCCC43)C(C3CCCCC3)C2)CC1
C1CCC(C2CCC(C3CCCC(CC4CC4)C3)CC2)C1
C1CCC(CC2CCC(C3CCCCC3)CC2)CC1
C1CCC(CCC2CCC(CC3CCC(CC4CCCC(C5CCCCC5C5CCCC5)C4)CC3)CC2)CC1
C1CCC(CC2CC(C3CCC(C4CCCCC4C4CCC5CCCC5C4)CC3)C3CCCCC23)CC1
C1CCC(CC2CCCC(C3CC4CCCCC4C3)C2)CC1
C1CCC(C2CCC(CC3CC(C4CCCCC4)C4CCCCC34)CC2)CC1
C1CCC(C2CCCC(C3CCCCC3C3CCCCC3)C2)CC1
C1CCC(CCC2CCCCC2C2CCCC(C3CCCC3)C2)CC1
C1CCC(C2CCC(C3CCCCC3C3CCC4CCCC4C3)CC2)CC1
C1CCC(CC2CCC(C3CCC4CCCCC43)CC2)CC1
C1CCC(C2CCCCC2C(C2CCCCC2)C2CCCCC2)CC1
C1CCC(CC2CCC(CC3CCC(CC4CCC(C5CCCCC5)C4)CC3)CC2)CC1
C1CCC(CCC2CCC(CCCC3CCC4CC(CCC5CCCCC5)CCC34)C2)CC1
C1CCC(C2CC(C3CCCCC3)C3CCCCC23)CC1
C1CCC(CCC2CCC3C(CCC(C4CCCCC4)C4CCCC(CC5CCCCC5)C4)CCCC3C2)CC1
C1CCC(CC2CCCC(C3CCCC(C4CCCC4)C3)C2)CC1
C1CCC(CC2CC(C3CCCCC3)CC3CCC(C4CCCCC4)CC32)CC1
C1CCC(CCC2CCC(CC3CCCCC3CCC3CCC(C4CCCCC4)CC3)CC2)CC1
C1CCC(CCCC2CCC(C3CCC(CCC4CCCCC4)CC3)CC2)CC1
C1CCC(CC2CCC(CC3CCC(C4CCCCC4)CC3)CC2)CC1
C1CCC(CC2CCC(CC3CCCC(C4CCCC4)C3)CC2)CC1
C1CCC(CC2CCC(C3CCC(C4CCCCC4)CC3)CC2)CC1
C1CCC(C2CCC(C3CCC(CC4CCCC(C5CCC(C6CCCC6)CC5)C4)CC3)CC2)CC1
C1CCC(C2CCC(CC3CCC4CCCCC43)CC2)CC1
C1CCC(CC2CC(CCCCC3CCCC(C4CCCCC4)C3)C3CCCCC23)CC1
C1CCC(C2CCC(CCC3CCCC(CCCC4CCC(CC5CCCC5)CC4)C3)CC2)CC1
C1CCC(CC2CCC(CC3CCC(CC4CC5CCCCC5C4)CC3)C(C3CCCCC3)C2)CC1
C1CCC(CCC2CCCC(CCCC3CCCC(C4CCCCC4)C3)C2)CC1
C1CCC(CC2CCCC(C3CCCC(C4CCCCC4)C3)C2)CC1
C1CCC(CCC2CCC(C3CCCC(CCC4CCCCC4)C3)CC2)CC1
C1CCC(CC2CCC(CC3CCC(CC4CCCCC4)CC3)CC2)CC1
C1CCC(CC2CC(C3CCCCC3C3CCC4CCCC4C3)C3CCCCC23)CC1
C1CCC(C2CCC(C3CCCC(CC4CC5CCCCC5C4)C3)CC2)CC1
C1CCC(C2CCCC(CCC3CCC(C4CCC4)CC3)C2)CC1
C1CCC(CCCC2CC(CC3CCCCC3)CCC2C2CCC2)CC1
C1CCC(CC2CCCCC2C2CCCC2)CC1
C1CCC(C2CC(CCCC3CCCC(C4CC4)C3)CC(C3CCCCC3)C2)CC1
C1CCC(CC2CCC3CC(C4CCCC(C5CCC5)C4)CCC23)C1
C1CCC(CC2CCCC(C3CCC(CC4CCC4)CC3)C2)CC1
C1CCC(CCC2CCC(CC3CCC(C4CCC(C5CCCCC5)CC4)CC3)CC2)CC1
C1CCC(C2CCC(C3CCC(C4CCCCC4)CC3)CC2)CC1
C1CCC(CC2CCCCC2CC2CCCCC2)CC1
C1CCC(CCCC2CCC(CC3CCC(CCC4CCCCC4)CC3)CC2)CC1
C1CCC(CCC2CCCC(C3CCCC(CC4CCCCC4)C3)C2)CC1
C1CCC(CC2CCC(C3CCCCC3C3CCC4CCCCC4C3)CC2)CC1
C1CCC(CC2CCC(CCC3CC(CC4CCCCC4)C4CCCCC34)CC2)CC1
C1CCC(CC(C2CCCCC2)C2CCCC(C3CCCCC3)C2)CC1
C1CCC(CC2CC(C3CCCCC3)C3CCCCC23)CC1
C1CCC(C2CCCC(C3CCCC(C4CCCC(C5CCC5)C4)C3)C2)CC1
C1CCC(CCC2CC(CCC3CCCCC3)CC(C3CCCCC3)C2)CC1
C1CCC(C2CC(CCC3CCCC4CCCCC43)CC(C3CCCC3)C2)CC1
C1CCC(CCCCCC2CCC3CCC(C4CCCC(CC5CC6CCCCC6C5)C4)CC3C2)CC1
C1CCC(C2CCC(CCC3CCCC(C4CCCCC4)C3)CC2)CC1
C1CCC(CC2CCC(CC3CCCCC3)CC2)CC1
C1CCC(CC2CCC(CC3CCC(CCC4CCCC(C5CCC(CC6CC6)CC5)C4)CC3)CC2)CC1
C1CCC(C2CCCC(CCCC3CCCC(C4CC5CCCCC5C4)C3)C2)CC1
C1CCC(C2CCC(CC3CCC3)CC2)CC1
C1CCC(C2CCCC(C3CCCC(C4CCCC4)C3)C2)CC1
C1CCC(CCC2CCCC(CC3CCC4CCCC4C3)C2)CC1
C1CCC(CC2CCCC(C(CC3CCCCC3)C3CCCCC3)C2)CC1
C1CCC(C2CCC(CC3CCCC3C3CCCC(C4CCCCC4)C3)CC2)CC1
C1CCC(CCCCC2CC(CCC3CCCCC3)CCC2CC2CCCCC2)CC1
C1CCC(CCCC2CCC(CC3CCC(C4CCCCC4)CC3)CC2)CC1
C1CCC(CCC2CCC(CC3CCC(C4CCCCC4)CC3)CC2)CC1
C1CCC(CC2CCC3CC(CC4CCCC(C5CCCCC5)C4)CCC23)CC1
C1CCC(C2CCCC(C3CCCC(C4CCCCC4)C3)C2)CC1
C1CCC(C2CCCC(CC3CCCC(C4CCCCC4)C3)C2)CC1
C1CCC(CC2CCCC(C3CCC(C4CCC(C5CCCCC5)CC4)C3)C2)CC1
C1CCC(C2CCCC(CCC3CC4CCCCC4C3)C2)CC1
C1CCC(CC2CCCCC2C2CCCCC2)CC1
C1CCC(CCCC2CCCCC2)CC1
C1CCC(CC2CCC(CCC3CCC(CC4CCC(CCC5CC6CCCCC6C5)CC4)CC3)CC2)C1
C1CCC(C2CCC(CCC3CCCC(C4CCCCC4)C3)CC2)CC1
C1CCC(CCC2CCC(C3CCCCC3)CC2)CC1
C1CCC(C2CCC(C(C3CCCCC3)C3CCCCC3)CC2)CC1
C1CCC(CCCC2CCCC(C3CCC(C4CCC4)CC3)C2)CC1
C1CCC(CC2CCC(C3CCCC(C4CC4)C3)CC2)CC1
C1CCC(C2CCC3CCCC(C4CCCCC4)C3C2)CC1
C1CCC(CCC2CC(C3CCCCC3)CC(C3CCCCC3)C2)CC1
C1CCC(CC2CCC(CCC3CCC(C4CC4C4CCCCC4)CC3)CC2)CC1
C1CCC(CCCC2CCCCC2)CC1
C1CCC(CCC2CCC(C3CCC4CCCCC43)CC2)CC1
C1CCC(CCCCC2CCCCC2C2CCCCC2)CC1
C1CCC2CC(C3CCCCC3C3CCC4CCCC4C3)CCC2C1
C1CCC(CC2CCCCC2CCC2CCC(C3CCCCC3)CC2)CC1
C1CCC(CC2CCCC(C3CCCC(C4CCCC(C5CCCCC5)C4)C3)C2)CC1
C1CCC(C2CCC(C3CCCC(CC4CCCC4)C3)CC2)CC1
C1CCC(CC2CCC(C3CCCCC3)CC2)CC1
C1CCC(C2CCCCC2C2CCC(C3CCCC(CC4CC5CCCCC5C4)C3)CC2)CC1
C1CCC(CC2CCCC(C3CCCCC3)C2)CC1
C1CCC(C2CCC(CCC3CC4CCCCC4C3)CC2)CC1
C1CCC(C2CCCC(C3CCCCC3C3CCCCC3)C2)CC1
C1CCC(C2CCCC(C3CCCC(C4CCCC4)C3)C2)CC1
C1CCC(CC2CCCC(C3CCCC(CC4CCCCC4)C3)C2)CC1
C1CCC(C2CCCC3CC(C4CCCCC4C4CCC(C5CCCC5)CC4)CCC32)CC1
C1CCC(CCCC2CCCCC2CC2CCC(CCC3CCCCC3)CC2)CC1
C1CCC(CCC2CCC(C3CCCCC3)CC2)CC1
C1CCC(CCC2CCCC(C3CCCCC3)C2)CC1
C1CCC(CCC2CCC(CC3CCCCC3)CC2)CC1
C1CCC(C2CCC(C3CCC4CCCCC4C3)CC2)CC1
C1CCC(C2CCCCC2CC2CC2)CC1
C1CCC(CCC2CCC(C3CCCCC3)CC2)CC1
C1CCC(CC2CCCC(C3CCCCC3C3CCCC(C4CCCC4)C3)C2)CC1
C1CCC(C2CCC(CCC3CCCC4CCCCC43)CC2)CC1
C1CCC(CC2CCCC(C3CCC(CCCCC4CC(C5CCCCC5)C5CCCCC45)CC3)C2)CC1
C1CCC(C2CCC(CCC3CCCCC3C3CCCCC3)CC2)CC1
C1CCC(CC2CCCC(C3CCC(C4CCCCC4)CC3C3CCCC3)C2)CC1
C1CCC(CC2CCC(CC3CCCCC3)CC2)CC1
C1CCC(C2CCC3C(CCC3C3CCCC3)C2)CC1
C1CCC(CCCCC2CCCC(C3CCC(C4CCC4)CC3)C2)CC1
C1CCC(CC2CCC(C3CC(C4CCC5CCCCC5C4)C4CCCCC34)CC2)CC1
C1CCC(CC2CCC(C3CCCC(C4CCCCC4)C3)CC2)CC1
C1CCC(CC2CC(CC3CCCC(C4CCCCC4)C3)C3CCCCC23)CC1
C1CCC(CCCC2CCC3C(CC4CCCCC4)CC(CCC4CCCC4)C3C2)CC1
C1CCC(C2CCC(C3CCC(CC4CCCC5CCCCC54)CC3)CC2)CC1
C1CCC(CC2CCC(CC3CCC(CC4CCCCC4)CC3)CC2)CC1
C(CCCC1CCC(C2CCCCC2)CC1)CCC1CCC(C2CCCCC2)CC1
C1CCC(CCCC2CCCC(C3CC(C4CCCCC4)C4CCCCC34)C2)CC1
C1CCC(C2CCC(C3CCC(C4CCCCC4)CC3C3CCCCC3)CC2)CC1
C1CCC(CC2CCC(C3CCCCC3)C(CCC(CC3CCCCC3)C3CCCCC3)C2)CC1
C1CCC(CCC2CCC(C3CCC(CC4CCCC(CC5CCCCC5)C4)CC3)CC2)CC1
C1CCC(CCC2CCC(C3CCCC(C4CCC4)C3)CC2)CC1
C1CCC(C2CCC(C3CC(C4CCCCC4)C4CCCCC34)C2)CC1
C1CCC(CC2CC3CCC(C4CCCCC4)CC3C(C3CCCCC3)C2)CC1
C1CCC(C2CC(C3CCCCC3)CC(C3CC4CCCCC4C3)C2)CC1
C1CCC(CC2CCC(C3CCC(C4CC5CCCCC5C4)CC3)CC2C2CCCCC2)CC1
C1CCC(CC2CCCC(CC3CCCC(C4CCCCC4C4CCCC4)C3)C2)CC1
C1CCC(C2CCC(C3CCCC(CC4CCCC(C5CCCCC5)C4)C3)CC2)CC1
C1CCC(CCC2CCCC(C3CCCCC3)C2)CC1
C1CCC(CCCC2CCC(C3CC(C4CCCC(C5CCCCC5)C4)C4CCCCC34)CC2)CC1
C1CCC(CC2CCCCC2C2CC(C3CCCCC3)C(C3CCCCC3)C(C3CCCC3)C2)CC1
C1CCC(CC2CCCCC2C2CCC(C3CCCCC3)CC2)CC1
C1CCC(C(CC2CC3CCCCC3C2)C2CCCCC2)CC1
C1CCC(CC2CCCC(CC3CCC(C4CCCCC4)CC3)C2)CC1
C1CCC2CC(CC3CCCCC3C3CCCCC3C3CCC4CCCC4C3)CC2C1
C1CCC(CC2CCCC(CC3CCCCC3)C2)CC1
C1CCC(CC2CCCC(C3CCCCC3)C2C2CCCCC2)CC1
C1CCC(CC2CCCCC2C2CCCC(CC3CCCC3)C2)CC1
C1CCC(CC2CCCC(C3CCCC(C4CCCCC4)C3)C2)CC1
C1CCC(CC2CCC(C3CCCC4CCCCC43)CC2)CC1
C1CCC(C2CCCC(C3CCCCC3)C2)CC1
C1CCC(CCCCC2CCC(C3CCC(C4CCCCC4)CC3)CC2)CC1
C1CCC(CC2CCC(C3CCCCC3)CC2)CC1
C1CCC(C2CCC3C(CCCC3C3CCCCC3)C2)CC1
C1CCC(C2CCCCC2C2CCC(C3CCCC(CC4CC5CCCCC5C4)C3)CC2)CC1
C1CCC(CC2CCCCC2C2CCC(C3CCCCC3)CC2)CC1
C1CCC(CCCCC2CCCCC2)CC1
C1CCC(C2CCCC(C3CCC4CCCCC4C3)C2)CC1
C1CCC(C2CCC(C3CCCC(CC4CCC5CCCCC5C4)C3)CC2)CC1
C1CCC(C2CCC(C3CCCC(C4CCCCC4)C3)CC2)CC1
C1CCC(CC2CCC(CC3CC3)CC2)CC1
C1CCC(C2CCCC(C3CCCCC3C3CCC(C4CCCC4)CC3)C2)CC1
C1CCC(C2CCCC(C3CCC(CC4CCCC(C5CCCCC5C5CCC6CCCC6C5)C4)CC3)C2)CC1
C1CCC(CC2CC(C3CCCCC3)C3CCCCC23)CC1
C1CCC(C2CCCC(CC3CCCCC3C3CCCCC3)C2)CC1
C1CCC(CC2CC(CC3CCCC(C4CCCCC4)C3)C3CCCCC23)CC1
C1CCC(CC2CCC(C3CCCCC3)C(C3CCCC(C4CCCCC4)C3)C2)CC1
C1CCC(CCC2CCCC(C3CCC(C4CCCC4)CC3)C2)CC1
C1CCC(C2CCC(C3CC4CCCCC4C3)CC2)CC1
C1CCC(CCC2CCCCC2C2CCCCC2CC2CCCCC2)CC1
C1CCC(C2CCC(CC3CCCCC3C3CCCCC3)CC2)CC1
C1CCC(CC2CCCC(C3CCC(CC4CCC(C5CCC5)CC4)CC3CC3CCCC3)C2)CC1
C1CCC(CCC2CCC(C3CC(C4CCC5CCCCC5C4)C4CCCCC34)CC2)C1
C1CCC(C2CCC(C3CCCC(C4CCCC(CC5CCC(C6CCC7CCCC7C6)CC5)C4)C3)CC2)C1
C1CCC(CCC(C2CCCCC2)C2CCC(C3CCCCC3)CC2)CC1
C1CCC(CCCC2CCC(CC3CCC(CC4CCCC(C5CCCC5)C4)CC3)CC2)C1
C1CCC(C2CCC(CCCC3CCC4CCC(C5CCCCC5)CC4C3)CC2)CC1
C1CCC(C2CC(C3CCCCC3)CC(C3CCC3)C2)CC1
C1CCC(CCC2CCC(CC3CCCC(C4CCCCC4)C3)CC2)CC1
C1CCC(C2CCCC(C3CC(C4CCCCC4)CC(C4CC4)C3)C2)CC1
C1CC2CCC(C3CCCCC3C3CCCC(C4CC4)C3)CC2C1
C1CCC(C2CCC(C3CCCC(C4CCC(CC5CC6CCCCC6C5)CC4)C3)CC2)CC1
C1CCC(CC2CCC(CC3CCCCC3)C(C3CCCCC3)C2)CC1
C1CCC(CC2CCC(C3CCCCC3)CC2)CC1
C1CCC(CCCCC2CCCCC2C2CCCCC2C2CCCCC2)CC1
C1CCC(CCC2CCC(CC3CCCCC3)CC2)CC1
C1CCC(CCC2CCC(CCCC3CCC4CCCCC4C3)CC2)CC1
C1CCC(CC2CCC(CC3CCC(C4CCCC4)CC3)CC2C2CC2)CC1
C1CCC(CCCC2CCC(C3CC4CCCCC4C3)CC2)CC1
C1CCC(CCC2CCCCC2CCC2CCC(CC3CCCCC3)CC2)CC1
C1CCC(CC2CCC(CC3CCCCC3)CC2)CC1
C1CCC(CCC2CCC(C3CCCCC3)CC2)CC1
C1CCC(C2CCCC(C3CCCC(C4CCC(C5CCC6CCCC6C5)CC4)C3)C2)CC1
C1CCC(C2CCCC(C3CCCCC3C3CCCCC3)C2)CC1
C1CCC(CCC2CC(C3CCCCC3)C3CCCCC23)CC1
C1CCC(CCC2CC(C3CCCCC3)C(C3CCCCC3)C(C3CCCCC3)C2)CC1
C1CCC(CCC2CCC(C3CCCC(CCC4CCCCC4)C3)CC2)CC1
C1CCC(CCCC2CC(CC3CCCC3)CCC2C2CCCCC2)CC1
C1CCC(CC2CCC(C3CCCCC3)CC2)CC1
C1CCC(CCCCCC2CCC(CC3CCCCC3)CC2)CC1
C1CCC(C2CCCC(C3CCCCC3C3CCCCC3)C2)CC1
C1CCC(CC2CCC(CC3CCCC(C4CCCCC4)C3)CC2)CC1
C1CCC(C2CCCC(C3CCCCC3C3CCCC3)C2)CC1
C1CCC(CCCCC2CC(C3CCC4CCCCC43)C3CCCCC23)CC1
C1CCC(CCCC2CC(CCC3CCCCC3)CCC2C2CCCCC2)CC1
C1CCC(C2CCC(CCC3CCCC(C4CCC(CC5CC5)CC4)C3)CC2)CC1
C1CCC(C2CCCC(C3CCC4CCCC4C3)C2)CC1
C1CCC(CCCC2CCCCC2C2CCCCC2C2CCCC(C3CCC4CCCC4C3)C2)C1
C1CCC(CC2CCCCC2C2CCCCC2)CC1
C1CCC(CC2CC(C3CCCCC3)CC3CC(C4CCCCC4)CCC23)CC1
C1CCC(CCCC2CCC(CC3CCCCC3)CC2)CC1
C1CCC(C2CCC(C3CCCCC3)CC2)CC1
C1CCC(C2CCC(C3CC4CCC(C5CCCC(C6CCCCC6)C5)CC4C3)CC2)CC1
C1CCC(CCC2CC(CCC3CCCCC3)CC(C3CCC(C4CCCCC4)C3)C2)CC1
C1CCC(C2CCC(C3CCCCC3C3CCC4C(CCCC4C4CCCCC4)C3)CC2)CC1
C1CCC(C2CCCC(C3CCCCC3)C2)CC1
C1CCC(CCC2CC(C3CCC(C4CCCCC4)CC3)CCC2CC2CCCCC2)CC1
C1CCC(CC2CCC(C3CCC(C4CCCCC4)CC3)CC2)CC1
C1CCC(CC2CC(C3CCCCC3)CC(C3CCCCC3)C2)CC1
C1CCC(C2CCC(CC3CCC(CC4CC5CCCCC5C4)CC3)CC2)CC1
C1CCC(CCC2CCCCC2C2CCC(C3CCC(CC4CCCCC4)CC3)CC2)CC1
C1CCC(C(CC2CCCC(C3CCCCC3C3CCCC3)C2)C2CCCC2)C1
C1CCC(C2CCC(CC3CCC(CC4CCCC(CC5CC5)C4)CC3)CC2)CC1
C1CCC(CCCC2CCC(CC3CCCCC3)CC2)CC1
C1CCC(CCC2CCCC(C3CCCCC3C3CCCCC3)C2)CC1
C1CCC(CCCCC2CCC(CC3CCCCC3)CC2CCC2CC2)CC1
C1CCC(C2CCCCC2C2CCC(CC3CC4CCCCC4C3)CC2)CC1
C1CCC(C(CCC2CCCC(C3CCC4CCCCC43)C2)C2CCCCC2)CC1
C1CCC(C2CCC(CC3CC4CCCCC4C3)C(C3CCC4C(CCC4C4CCCC4)C3)C2)C1
C1CCC(CC2CCCC(C3CCCCC3)C2)CC1
C1CCC(CC2CCC(C3CCCC(C4CCCCC4C4CCC5CCCC5C4)C3)CC2)CC1
C1CCC(CC2CCCC(CC3CCCCC3)C2)CC1
C1CCC(CCCCC2CCCC(C3CCCCC3)C2)CC1
C1CCC(CCCC2CCC(C3CCC4CCCC4C3)C(CC3CCC3)C2)CC1
C1CCC(CCCC2CCC(C3CCCCC3)CC2)CC1
C1CCC(C2CCCC(C3CCCCC3C3CCCCC3C3CCC4CCCCC43)C2)C1
C1CCC(C2CCCC(CCCC3CCCCC3C3CCCCC3)C2)CC1
C1CCC(CCC2CCC(CC3CCC(C4CCCCC4)CC3)CC2)CC1
C1CCC(CCCC2CCCC(C3CCCCC3)C2)CC1
C1CCC(CC2CCCC(CC3CCCCC3)C2)CC1
C1CCC(C2CC(C3CCC(CCC4CC5CCCCC54)CC3)C3CCCCC23)CC1
C1CCC(C2CCC(C3CCCCC3)C(C3CCCCC3)C2)CC1
C1CCC(CC2CCCC(CC3CCCCC3)C2)CC1
C1CC(CC2CC2)CC(C2CCC(CC3CCCCC3C3CCCC3)CC2)C1
C1CCC(CC2CCC(C3CCCC(C4CC(C5CCCCC5)C5CCCCC45)C3)CC2)CC1
C1CCC(CC2CCCC(CC3CCCCC3)C2)CC1
C1CCC(CC2CCCC(CCC3CCCC(C4CCC(C5CCCCC5)CC4)C3)C2)CC1
C1CCC(CC2CCC(C3CCCC(C4CCCCC4)C3)CC2)CC1
C1CCC(C2CC3CCC(C4CCCCC4)CC3C(C3CCCCC3)C2)CC1
C1CCC(CCCCCC2CCCC(CCCC3CCCCC3)C2)CC1
C1CCC(CCC2CCC(C3CCCC(C4CCCCC4)C3)CC2)CC1
C1CCC(CCCC2CCCC(C3CCCCC3)C2)CC1
C1CCC(CCC2CCC(C3CCCC(C4CCCCC4)C3)CC2)CC1
C1CCC(C2CCCCC2C2CCC3CCCC3C2)CC1
C1CCC(C2CCC(C3CCC(C4CCCC(CC5CCCCC5C5CCCCC5)C4)CC3)CC2)CC1
C1CCC(CC2CCC(C3CCC4CCCC(C5CCC(C6CCCC6)C5)C4C3)CC2)CC1
C1CCC(C2CCCC(C3CCCC(C4CCCC4)C3)C2)C1
C1CCC(C2CCC(CC3CCC4CCCCC43)CC2C2CCCC2)CC1
C1CCC(C2CCCCC2C2CCCCC2)CC1
C1CCC(CCC2CCC(C3CCCCC3)CC2)CC1
C1CCC(C2CCC(C3CCC4CCCCC4C3)C(C3CCCC3)C2)CC1
C1CCC(CC2CCC(CC3CCC(C4CCC(CC5CCCCC5)CC4)CC3)CC2)CC1
C1CCC(CC2CCCCC2)CC1
C1CCC(C2CCCC(CC(C3CCCCC3)C3CCCCC3)C2)CC1
C1CCC(CCCC2CCCCC2C2CCCCC2)CC1
C1CCC(CCCCC2CCCC(CCCC3CCCCC3)C2)CC1
C1CCC(CC2CCC(CC3CCCC(C4CCCCC4)C3)CC2)CC1
C1CCC(CC2CCC3C(CCCC3CC3CCCC(C4CCCCC4)C3)C2)CC1
C1CCC(C2CCCC(C3CCC4CCCCC43)C2)CC1
C1CCC(CCCC2CCC(C3CCCCC3)CC2)CC1
C1CCC(CCCC2CCC(C3CCCC(C4CCCCC4)C3)CC2)CC1
C1CCC(CCCC2CCC3C(CCC4CCCCC4)CC(C4CCCCC4)C3C2)CC1
C1CCC(CCCC2CCC(C3CCCC(C4CCCC(C5CCCC5)C4)C3)CC2)CC1
C1CCC(C2CCC(CCCCC3CCC(CC4CCCC(C5CCCC5)C4)CC3)CC2)CC1
C1CCC(CCCC2CCC(CC3CCC(CC4CCCCC4)CC3)CC2)CC1
C1CCC(C2CCCCC2)CC1
C1CCC(CC2CC(CC3CCC(C4CCC(CC5CCCC5)CC4)CC3)C3CCCCC23)CC1
C1CCC(C2CCC(C3CCC4CCCC4C3)C(CCC3CCC(CCC4CCC5CCCCC54)CC3)C2)C1
C1CCC(C2CCC(CCC3CCCC(C4CCCCC4)C3)CC2)CC1
C1CCC(C2CC(C3CCCCC3)C(C3CCC4CCCCC43)C(C3CCCCC3)C2)CC1
C1CCC(CC2CCCC(C3CCCCC3)C2)CC1
C1CCC(CCC2CCC(CCCC3CCC4C(CCC4C4CCCC4)C3)CC2)CC1
C1CCC(CCC2CCC(C3CCCCC3)CC2)CC1
C1CCC(CC2CC(C3CC3)CC(C3CCCC(C4CCCCC4)C3)C2)CC1
C1CCC(C2CCC(CCCCC3CCC4CCCC4C3)CC2C2CCC(C3CCCC3)CC2)CC1
C1CCC(CCCCC2CCC(C3CCCC(CC4CCCCC4)C3)CC2)CC1
C1CCC(CC2CCC(C3CCCCC3C3CCC4CCCCC4C3)CC2)CC1
C1CCC(CC2CCC(CC3CCCCC3C3CCCCC3)C(C3CC3)C2)CC1
C1CCC(CC2CCC(CCC3CCC(C4CCC(CC5CCCC5)CC4)CC3)CC2)CC1
C1CCC(CC2CCCC(CCC3CCC(C4CCCC4)CC3)C2)CC1
C1CCC(CCC2CCC(C3CCCCC3)CC2)CC1
C1CCC(C2CCC(CCCCC3CCC(CC4CCCC4)CC3)C(C3CCC4CCCC4C3)C2)CC1
C1CCC(CCC2CCCCC2C2CCCCC2)CC1
C1CCC(C2CCCC(C3CCC(C4CCC(C5CCCC(CC6CCCC(C7CC7)C6)C5)C5CCCC45)CC3)C2)C1
C1CCC(CC2CCC3CC(CC4CCC(CCC5CCCC(C6CCCCC6)C5)CC4)CCC23)CC1
C1CCC(CCC2CCCCC2C2CC(CC3CCCCC3)C3CCCCC32)CC1
C1CCC(CCCC2CCCC(CCC3CCCCC3)C2)CC1
C1CCC(C2CCC(C3CCCC4CC(C5CCCCC5)CCC43)CC2)CC1
C1CCC(CC2CCCCC2C2CCCCC2)CC1
C1CCC(CCCC2CCC(CC3CCC(CC4CCCCC4)CC3)CC2)CC1
C1CCC(CCCCCC2CCC(CC3CCCC4CCCCC43)CC2)CC1
C1CCC(C2CCCCC2C2CCCCC2)CC1
C1CCC(C2CCC(C3CCCCC3)CC2)CC1
C1CCC(C2CCCC(CCC3CCCCC3C3CCCCC3)C2)CC1
C1CCC(CCCCCC2CCC(C3CCCCC3)CC2)CC1
C1CCC(CC2CCCC(CCC3CCCC4CC(C5CCCCC5)CCC34)C2)CC1
C1CCC(CC2CCC(C3CCCCC3C3CCCCC3)CC2)CC1
C1CCC(CC2CCC(CC3CCCCC3)CC2)CC1
C1CCC(CC2CCC(C3CCCCC3)CC2)CC1
C1CCC(CCC2CCC3CCCCC3C2)CC1
C1CCC(C2CCC(C3CCCC3)CC2C2CCCCC2)CC1
C1CCC(CC2CCCCC2CC2CCCCC2CCC2CCC3CCCCC3C2)CC1
C1CCC(C2CC(CCC3CC3)CC(C3CCCCC3)C2)CC1
C1CCC(C2CCCC(C3CCCCC3)C2)CC1
C1CCC(CC2CCC(C3CCC(C4CCCC4)CC3)CC2)CC1
C1CCC(CCC(CC2CCCCC2)C2CCCCC2)CC1
C1CCC(CC2CC(CC3CCCC(C4CCCC4)C3)C3CCCCC23)CC1
C1CCC(C2CCC(C(C3CCCCC3)C3CCCCC3)C(C3CCC4CCCC4C3)C2)CC1
C1CCC(CC2CCC(CCC3CCC4CCCCC43)CC2)CC1
C1CCC(CCC2CCCC(CCC3CC4CCCCC4C3)C2)C1
C1CCC(CCCC2CCCCC2CC2CCC(CC3CCCCC3)CC2)CC1
C1CCC(CC2CCC3CC(C4CCC5CCCCC54)CC(C4CC5CCCCC5C4)C3C2)C1
C1CCC(C2CCCC(C3CCCCC3C3CCC(C4CCCC4)C(C4CCCC4)C3)C2)C1
C1CCC(CC2CCC(C3CCC(CCC4CCCC(C5CCCCC5)C4)CC3)CC2)CC1
C1CCC(CCC2CCCCC2CCC2CCCC(C3CCCCC3)C2)CC1
C1CCC(CC2CCC(C3CC3)CC2C2CCCCC2)CC1
C1CCC(CCC2CCCC(CC3CCCCC3)C2)CC1
C1CCC(C2CCCC(CCCC3CCC(C4CCCC(C5CCC(C6CCC6)CC5)C4)CC3)C2)CC1
C1CCC(CCCCC2CCC(C3CCCCC3)CC2)CC1
C1CCC(CCCCC2CCCC(CC3CCCC3)C2)CC1
C1CCC(CC2CCCCC2CC2CCCC(C3CCCCC3)C2)CC1
C1CCC(C2CCC(C3CC(C4CCC(C5CCCC5)CC4)CCC3C3CCCCC3)CC2)CC1
C1CCC(CCCC2CCCC(CC3CCCCC3)C2)CC1
C1CCC(CC2CCC(C3CCCC4CC(CC5CCCCC5)CCC43)CC2)CC1
C1CCC(C2CCCC(C3CCCC(C4CCCCC4)C3)C2)CC1
C1CCC(CCC2CCCC(C3CCCCC3)C2)CC1
C1CCC(C2CC(CCC3CCCC3)CC(CC3CCCC3)C2)CC1
C1CCC(C2CCCCC2CC2CCC(C3CCCCC3C3CCC4CCCC4C3)CC2)CC1
C1CCC(CC2CCC(C3CCC(CC4CCCCC4)CC3)CC2)CC1
C1CCC(C2CCCC(CC3CCCCC3C3CCCC3)C2)CC1
C1CCC(CC2CCC(CC3CCCCC3)CC2)CC1
C1CCC(CC2CCC(CCC3CCC(CC4CCC5CCCCC54)CC3)CC2)CC1
C1CCC(C2CCC(C3CCCCC3)CC2)CC1
C1CCC(CC2CCC(C3CCCCC3)C(CC3CCC(CCC4CCCC4)CC3)C2)CC1
C1CCC(CC2CCC(C3CCCCC3)CC2)CC1
C1CCC(CCC2CCCC(CC3CCCCC3)C2)CC1
C1CCC(CC2CCCC(CC3CC4CCCCC4C3)C2)CC1
C1CCC(CCC2CCCC(CC3CCCCC3CC3CCCCC3)C2)CC1
C1CCC(CC2CCCC(CC3CCCC(C4CCCCC4)C3)C2)CC1
C1CCC(CC2CC3CCC(C4CCCCC4)CC3C(C3CCC(C4CCCC4)C3)C2)CC1
C1CCC(C2CCCC(C3CCC(C(C4CCCCC4)C4CC4)CC3)C2)CC1
C1CCC(CCC2CCC(CC3CCC(CC4CCCCC4)CC3)CC2)CC1
C1CCC(CCCCC2CCC(CC3CCCCC3)CC2)CC1
C1CCC(C2CCCC(C3CCCC(C4CCCCC4)C3)C2)CC1
C1CCC(CC2CCC(CC3CCC(C4CC5CCCCC5C4)CC3)CC2)CC1
C1CCC(CCC2CC(CC3CCC(C4CCCCC4)CC3)C3CCCCC23)CC1
C1CCC(C2CCC(CCCCC3CCC(C4CCCCC4)C3)CC2)CC1
C1CCC(CC2CCCC(CC3CCC(C4CCCCC4)CC3)C2)CC1
C1CCC(CCCC2CC(C3CCCCC3)CC(C3CCCCC3)C2)CC1
C1CCC(CCCC2CCC(C3CCC(C4CC4)CC3)CC2C2CCCCC2)CC1
C1CCC(C2CCCCC2C2CCCC2)CC1
C1CCC(CCCCC2CCC(CC3CCCC(C4CCCCC4)C3)CC2)CC1
C1CCC(CC2CCCC(C3CCCCC3)C2)CC1
C1CCC(C2CCCC(C3CCCCC3C3CCCC3)C2)CC1
C1CCC(CC2CC(C3CCCC(C4CCCCC4)C3)C3CCCCC23)CC1
C1CCC(C2CC(CC3CCC(C4CC4)CC3)C3CCCCC32)CC1
C1CCC(C2CC(CC3CCCC(C4CCCC(C5CCCC5)C4)C3)C3CCCCC32)CC1
C1CCC(CC2CCC(C3CCCCC3)CC2)CC1
C1CCC(CC2CCC(C3CCCCC3)CC2)CC1
C1CCC(C2CCC(C3CCC4CCCCC43)CC2C2CCCCC2)CC1
C1CCC(CC2CCC(CC3CCCCC3)CC2)CC1
C1CCC(CCCC2CCC(C3CCC(CC4CCCCC4)CC3)CC2)CC1
C1CCC(CC2CCCC(CC3CCC(C4CCCCC4)CC3)C2)CC1
C1CCC(CCC2CCC(CC3CCC4CCC(CCC5CC6CCCCC6C5)CC43)CC2)C1
C1CCC(C2CCCCC2C2CCCCC2)CC1
C1CCC(C2CCCC(C3CCC4CC(C5CCCCC5)CC43)C2)CC1
C1CCC(CCC2CCCC(C3CCCCC3)C2)CC1
C1CCC(CC2CCCC(CC3CCC(CCCC4CCCC4)CC3)C2)CC1
C1CCC(CC2CCC(C3CCC4CC(CC5CC6CCCCC6C5)CCC43)CC2)CC1
C1CCC(C2CCC(C3CCC(C4CCCCC4)C(C4CCCCC4)C3)CC2)CC1
C1CCC(C2CCCCC2CCC2CCCC(C3CCCC3)C2)CC1
C1CCC(C2CCCCC2C2CCCCC2)CC1
C1CCC(CC2CCCCC2C2CCC(C3CCCCC3)CC2)CC1
C1CCC(CC2CCCC(C3CCCCC3)C2)CC1
C1CCC(C2CCC(CC3CCC(CCC4CCCC4)CC3)CC2)CC1
C1CCC(CCC2CCC(CC3CCC4C(C5CCCCC5)CC(C5CCCC5)C4C3)CC2)CC1
C1CCC(CCCC2CCC(CCC3CCCCC3C3CCCCC3)CC2)CC1
C1CCC(C2CCC(C3CCC4CCCCC43)CC2)CC1
C1CCC(C2CCC(C3CCCC4CC(C5CCCCC5)CCC43)C2)CC1
C1CCC(CCC2CCCC(CC3CCC4CCCCC4C3)C2)CC1
C1CCC(C2CCC(CCC3CCC(CCC4CC4)CC3)CC2)CC1
C1CCC(CCC2CCC(C3CCCCC3)CC2)CC1
C1CCC(CCCCCC2CCC(C3CCC(C4CCCCC4)CC3)CC2)CC1
C1CCC(C2CCC3C(CCC3C3CCCCC3)C2)CC1
C1CCC(CC2CCCC(C3CCC(CC4CCCCC4)C3)C2)CC1
C1CCC(CCC(CCC2CCCC(CC3CCCCC3)C2)CC2CC2)CC1
C1CCC(CCC2CCC(CCCC3CCCC(C4CCCC(CC5CCC5)C4)C3)CC2)CC1
C1CCC(CC2CCC(CC3CCCCC3)CC2)CC1
C1CCC(CCC2CCCC(CC3CCCCC3)C2)CC1
C1CCC(CCCC2CCCC(CC3CCCCC3)C2)CC1
C1CCC(CC2CCC(CC3CCC(CC4CCC5CCCCC5C4)CC3)CC2)CC1
C1CCC(CC2CCC(CC3CCCCC3)CC2)CC1
C1CCC(C2CCCCC2)CC1
C1CCC(C2CCC(C3CC(C4CCCCC4)C4CCCCC34)CC2)CC1
C1CCC(C2CCC(C3CCCCC3C3CCC(CCC4CCCC4)CC3)C(C3CCCCC3)C2)CC1
C1CCC(CC2CCCC(C3CCCCC3)C2)CC1
C1CCC(CCC2CCC(C3CCCCC3)CC2)CC1
C1CCC(CC2CCC(C3CCCCC3)CC2)CC1
C1CCC(CC2CCC(CC3CCCCC3)C(C3CCCCC3)C2)CC1
C1CCC(C2CCC(C3CCC4CCCCC43)CC2)CC1
C1CCC(CCC2CCC(C3CCCCC3C3CCCC(C4CCCCC4)C3)CC2)CC1
C1CCC(CC2CCC(C3CCC(CC4CCCC(C5CCCCC5)C4)CC3)CC2)CC1
C1CCC(C2CCCC(C3CCC4CCCCC4C3)C2)CC1
C1CCC(CCC2CCCC(CC3CCCCC3)C2)CC1
C1CCC(CC2CCC(CC3CCC(CC4CCC(C5CCCCC5)CC4)CC3)CC2)CC1
C1CCC(CC2CCC3C(CCCC3C3CCC(CC4CC5CCCCC5C4)CC3)C2)CC1
C1CCC(CCC2CC(C3CCCCC3)CC(C3CCCCC3)C2)CC1
C1CCC(CC2CCCCC2C2CCC(C3CCCCC3C3CCC4CCCCC4C3)C(C3CCCCC3)C2)CC1
C1CCC(C2CCCCC2C2CCC(C3CCC4CCCCC4C3)CC2)CC1
C1CCC(CC2CCC(C3CCCCC3)CC2)CC1
C1CCC(CC2CCC(CC3CCCC(CC4CCCC5CCCCC54)C3)CC2)CC1
C1CCC(CC2CCC(CC3CCC(C4CC(C5CCCC5)C5CCCCC45)CC3)CC2)CC1
C1CCC(C2CCCC(CCC3CCCCC3CC3CCCCC3C3CCCC3)C2)CC1
C1CCC(C2CCC(C3CCCC(C4CCCC5CCCCC54)C3)CC2)CC1
C1CCC(CCC2CCCC(C3CCC(CC4CCCCC4)CC3)C2)CC1
C1CCC(CC2CCC(CCC3CCC(C4CCCCC4C4CCCCC4)CC3)CC2)CC1
C1CCC(CC2CCCC(C3CCC(C4CCCC4)CC3)C2)CC1
C1CCC(CC2CC(CC3CCC(C4CCCCC4)CC3)C3CCCCC23)CC1
C1CCC(C2CC3CCC(CC4CCCC(C5CC5)C4)CC3C(C3CCCCC3)C2)CC1
C1CCC(C2CCC(C3CCCCC3C3CCCCC3)C2)CC1
C1CCC(CC2CCC(C3CCC(CC4CCCC(C5CCCCC5)C4)CC3)CC2)CC1
C1CCC(CC2CC(C3CCCCC3)C3CCCCC23)CC1
C1CCC(CCCCC2CCC(CC3CCC(CC4CCCCC4)CC3)CC2)CC1
C1CCC(C2CCC(C3CCCCC3C3CCCC(C4CCC(C5CC5)CC4)C3)C(C3CCCC3)C2)CC1
C1CCC(CC2CCCCC2)CC1
C1CCC(CCCCC2CCC(C3CCCCC3)CC2C2CCC3CCCC3C2)CC1
C1CCC(C2CC(CC3CC4CCCCC4C3)CC(C3CCC4CCCC4C3)C2)CC1
C1CCC(CC2CCC3C(CCC3C3CCCCC3)C2)CC1
C1CCC(C2CCCCC2)CC1
C1CCC(CCC2CCC(C3CCCC(CC4CCCCC4)C3)C2)CC1
C1CCC(C2CCCC(C3CCCC(CCC4CC(C5CCC6CCCC6C5)C5CCCCC45)C3)C2)CC1
C1CCC(CCCCC2CCC(CC3CCC(CCCC4CCCC4)CC3)CC2)CC1
C1CCC(CCC2CCC(CCCC3CCCC(CCC4CCCCC4)C3)CC2)CC1
C1CCC(CC2CCCC(CC3CCC(CC4CCCCC4)CC3C3CCCC3)C2)CC1
C1CCC(CC2CC(CCC3CCCC(C4CC5CCCCC5C4)C3)C3CCCCC23)CC1
C1CCC(CCCC2CC(C3CCCCC3)C3CCCCC23)CC1
C1CCC(CC2CCCC(C3CCCCC3C3CCCC3)C2)CC1
C1CCC(CCCC2CCC(C3CCCCC3CC3CCCC(CCC4CCCCC4)C3)CC2)CC1
C1CCC(CC2CCC(C3CCC(CC4CCCC(CC5CCCCC5)C4)CC3)CC2)CC1
C1CCC(C2CCC(CC3CCCC(C4CCCCC4)C3)CC2)CC1
C1CCC(CC2CCC(C3CCCCC3)CC2)CC1
C1CCC(CCCC2CCCC(CC3CCCCC3)C2)CC1
C1CCC(C2CCC(C3CCCC(C4CCCC4)C3)C(C3CCCC3)C2)CC1
C1CCC(CC2CCC(CC3CCCC(C4CCCCC4)C3)CC2)CC1
C1CCC(CC2CCC(CC3CCCC(CC4CCC5CCCC5C4)C3)CC2)CC1
C1CCC(CCC2CCCCC2CCC2CCC(C3CCCCC3)CC2)CC1
C1CCC(C2CCC(CCCC3CCCC(CC4CC5CCCCC5C4)C3)CC2)CC1
C1CCC(CCC2CCCCC2CC2CCC(CCCC3CCCC3)CC2)CC1
C1CCC(C2CCC(C3CCCC(C4CCCCC4)C3)CC2)CC1
C1CCC(C2CCCC(CC3CCCC(C4CCC4)C3)C2)CC1
C1CCC(CC2CC(C3CCC3)CC(C3CCCC(C(C4CCCCC4)C4CCCCC4)C3)C2)CC1
C1CCC(C2CCC3CC(CC4CCCC4)CC(C4CCCCC4)C3C2)CC1
C1CCC(C2CCCC(C3CCCC(C4CCCCC4)C3)C2)CC1
C1CCC(CC2CCCC3CC(C4CCC(C5CCCCC5)CC4)CCC23)CC1
C1CCC(CC2CCCC3CC(C4CCCCC4C4CCCCC4)CCC23)CC1
C1CCC(C2CCC(C3CC(C4CCC5CCCCC54)CC4CCCCC43)CC2)CC1
C1CCC(CC2CCCCC2C2CCCC(CC3CC4CCCCC4C3)C2)C1
C1CCC(CC2CCC(C3CCCCC3CC3CCCCC3)CC2)CC1
C1CCC(C2CCCC(C3CCCC3)C2)CC1
C1CCC(C2CCC(CC3CCC(C4CCCCC4)C3)CC2)CC1
C1CCC(CC2CCCC(CCC(CC3CCCCC3C3CC3)C3CCC4CCCC4C3)C2)CC1
C1CCC(CCCC2CCC(C3CCCCC3)CC2C2CCCC2)CC1
C1CCC(CC2CCC(CC3CCCC(C4CCCCC4)C3)CC2)CC1
C1CCC(C2CCC(C3CCCCC3C3CCCCC3)CC2)CC1
C1CCC(C2CCC(CC3CCCCC3C3CCC4CCCCC4C3)CC2)CC1
C1CCC(CCC2CC(C3CCC3)CCC2C2CCCCC2)CC1
C1CCC(CCC2CCCCC2C2CCCCC2)CC1
C1CCC(CCC2CCCC(CCC3CC4CCCCC4C3)C2)CC1
C1CCC(CCC2CCC(C3CC3)CC2CCC2CCC(C3CCCCC3)CC2)CC1
C1CCC(CC2CCC(CC3CCCC(C4CCCCC4)C3)CC2)CC1
C1CCC(CC2CCCC(C3CCC(C4CCCCC4)C(C4CCCC4)C3)C2)CC1
C1CCC(C2CCC(CCC3CC(C4CCC5CCCCC54)C4CCCCC34)CC2)CC1
C1CCC(CCC2CCCC(C3CC(C4CCCCC4)CC(C4CC4)C3)C2)CC1
C(CCCCC1CCC(C2CCCCC2)CC1)CCCC1CCCCC1
C1CCC(C2CCC(C3CCCCC3)CC2)CC1
C1CCC(C2CCCCC2C2CCCCC2)CC1
C1CCC(C2CCCC(C3CCCCC3)C2)CC1
C1CCC(C2CCC3CC(C4CCC5CCCCC54)CC(C4CCCCC4)C3C2)CC1
C1CCC(CCC2CC(CC3CCCCC3)C3CC(CC4CCCCC4)CCC23)CC1
C1CCC(CC2CCC(CC3CCC(CC4CCC(C5CCCCC5)CC4)CC3)CC2)CC1
C1CCC(CCC2CCC(CCCCC3CCCC(CC4CCCCC4)C3)CC2)CC1
C1CCC(C2CCC(C3CCCCC3C3CCCCC3)CC2)CC1
C1CCC(C2CCC(C3CCCC(CC4CCC5CCCCC54)C3)CC2)C1
C1CCC(CC2CCC(CC3CCCCC3)CC2)CC1
C1CCC(C2CCC(C3CCC(C4CCCCC4)CC3)CC2)CC1
C1CCC(C2CCC(C3CCC(C4CCCC4)CC3)CC2C2CCCC2)CC1
C1CCC(CCC2CCC3CC(C4CCC5CCCCC54)CC(C4CCCCC4)C3C2)CC1
C1CCC(CCC2CCCCC2)CC1
C1CCC(CCC2CCC(C3CCCC(CC4CCCCC4)C3)C(C3CCCCC3)C2)CC1
C1CCC(CC2CCC(CC3CCCCC3CC3CCCCC3)CC2)CC1
C1CCC(CCC2CCCC(C3CCCC4CC(C5CCCCC5)CCC43)C2)CC1
C1CCC(CC2CCC(C3CCCCC3)CC2)CC1
C1CCC(CCC2CCC(CCCC3CCCC(C4CCCCC4)C3)CC2)CC1
C1CCC(C2CCC(CC3CCC3)C(C3CCC4CCCC4C3)C2)CC1
C1CCC(CCC2CCCC(C3CCC(CC4CCCCC4)CC3)C2)CC1
C1CCC(CC2CCC(CC3CC3)C(CC3CCCCC3)C2)CC1
C1CCC(CCCCC2CCC(C3CCCCC3)CC2)CC1
C1CCC(C2CCCCC2CC2CCC(CC3CCCC3)CC2)CC1
C1CCC(CCCC2CCC(C3CCCCC3)CC2)CC1
C1CCC(CC2CCC(CC3CCCCC3)CC2)CC1
C1CCC(CCC2CCCC(C3CCCCC3)C2)CC1
C1CCC(CCCC2CC(C3CCCCC3)CC(C3CCCCC3)C2)CC1
C1CCC(C2CCC(C3CC(C4CCCCC4)C4CCCCC34)CC2)CC1
C1CCC(C2CCC3CCC(C4CCC5CCCCC5C4)C3C2)CC1
C1CCC(CCCC2CCCCC2)CC1
C1CCC(CCCC2CC(C3CCC(C4CCCC4)CC3)C3CCCCC23)CC1
C1CCC(CCC2CCCC(CCC3CCCCC3)C2)CC1
C1CCC(CCCC2CCC(CC3CCCCC3)CC2C2CCCCC2)CC1
C1CCC(C2CCC(CC3CCC(CC4CC5CCCCC5C4)CC3)CC2)CC1
C1CC2CCC(C3CCC4CCCC(C5CCCC5C5CCCC5)C4C3)CC2C1
C1CCC(C2CCC(C3CCCC(CCC4CCCCC4CCC4CC4)C3)CC2)CC1
C1CC(CC2CC2)CC(CC2CC(CC3CCCC(C4CCCC4)C3)C3CCCCC23)C1
C1CCC(C2CCCC(C3CCC(C4CCC4)CC3)C2)CC1
C1CCC(CC2CCC(CC3CCCCC3)CC2)CC1
C1CCC(C2CCCC(C3CCCC(C4CCCCC4)C3)C2)CC1
C1CCC(CCC2CCCC(C3CCC(CC4CCCCC4)CC3)C2)CC1
C1CCC(C(C2CCCC2)C2CCC(CCC3CCC4CCCCC43)CC2)CC1
C1CCC(C2CCC(C3CCCCC3)C(C3CCCC3)C2)CC1
C1CCC(C2CCCC(CCC3CCCCC3C3CCCC3)C2)CC1
C(CCCC1CCC(C2CCCCC2)CC1)CCCC1CCCCC1CCC1CCCCC1
C1CCC(C2CCCC(CCCC3CCCC(C4CCCC(C5CCCCC5)C4)C3)C2)CC1
C1CCC(CC2CCCC(CCCC3CCCC(C4CCCCC4)C3)C2)CC1
C1CCC(CC2CCC(CC3CCC(CC4CCC(C5CCCCC5)CC4)CC3)CC2)CC1
C1CCC(CCC2CC(CCC3CCC(CC4CCCCC4)CC3)C3CCCCC23)CC1
C1CCC(CC2CCC(C3CCCCC3C3CCCCC3)CC2)CC1
C1CCC(CC2CCCC(CC3CC4CCCCC4C3)C2)CC1
C1CCC(C2CC(C3CCCCC3)C3CCCCC23)CC1
C1CCC(CC2CCC(CC3CCCCC3)CC2)CC1
C1CCC(CCCCC2CCC(C3CCCCC3)CC2)CC1
C1CCC(C2CC(C3CCCC3)CC(C3CCCC(CC4CCCC4)C3)C2)CC1
C1CCC(CCC2CCC(CC3CCCCC3C3CCCCC3)CC2)CC1
C1CCC(CCC2CCC(C3CCCCC3CC3CCCCC3)CC2)CC1
C1CCC(CC2CCC(C3CCCCC3)CC2)CC1
C1CCC(C2CCCC(C3CC(C4CCCC4)CCC3C3CCCCC3)C2)CC1
C1CCC(C2CCC(C3CCC(CC4CCCC(C5CCC6CCCCC65)C4)CC3)CC2)CC1
C1CCC(C2CCC(CC3CCC(C4CCC5CCCCC54)CC3)CC2)CC1
C1CCC(C2CCCC(CCC3CCCCC3C3CCCCC3)C2)CC1
C1CCC(CC2CC3CCC(C4CCCCC4)CC3C(C3CCCCC3)C2)CC1
C1CCC(CCCC2CCC(C3CCCCC3)CC2C2CCCC3CCCCC32)CC1
C1CCC(CCCCCC2CCC(CC3CCCCC3)CC2)CC1
C1CCC(C2CCC3C(CCCC3C3CCC(C4CCCC5CCCCC54)CC3)C2)CC1
C1CCC(C2CCC(CC3CC4CCCCC4C3)CC2)CC1
C1CCC(C2CC(C3CCCCC3C3CCCC3)CCC2C2CCC2)CC1
C1CCC(C2CCCC(C3CCCCC3C3CCCCC3)C2)CC1
C1CCC(C2CCC(C3CCCCC3)CC2)CC1
C1CCC(CCCCC2CCC(C3CCCCC3)CC2)CC1
C1CCC(C2CCC(CCCC3CCC(C4CCC4)CC3)CC2)CC1
C1CCC(C2CCC(CC3CCC(C4CCC(C5CCC6CCCCC6C5)CC4)C3)CC2)CC1
C1CCC(CC2CCCC(C3CCCC(C4CCC4)C3)C2)CC1
C1CCC(C2CCC(C3CCC(C4CCCCC4C4CCCCC4)CC3)CC2)CC1
C1CCC(CCC2CCC(C3CCCC(C4CCCCC4C4CCCCC4)C3)CC2)CC1
C1CCC(CCC2CCCC(C3CCCC(CC4CCCC(C5CCCCC5)C4)C3)C2)CC1
C1CCC(C2CCCCC2C2CCCCC2C2CCC3CCCCC32)CC1
C1CCC(CC2CCC(CCC3CCC4CCCCC43)CC2)CC1
C1CCC(C2CCC(C3CCC(C4CCC5CCCCC5C4)C3)C(C3CCC4CCCC4C3)C2)CC1
C1CCC(CC2CCCC3CC(C4CCC(C5CCCCC5)CC4)CC23)CC1
C1CCC(C2CCCC(C3CCCCC3C3CCC4CCCCC4C3)C2)CC1
C1CCC(CCC2CCCC(CCC3CCCCC3)C2)CC1
C1CCC(CCC2CCC(C3CCCC(C4CCCCC4)C3)CC2)CC1
C1CCC(CC2CC(CC3CCCCC3C3CCCCC3)C3CCCCC23)CC1
C1CCC(C2CCCC(C3CCCCC3)C2)CC1
C1CCC(CC2CCC(CCCC3CCC4CCCCC43)CC2)CC1
C1CCC(C2CCC3CCC(CCC4CCC(C5CCC6CCCCC6C5)C4)C3C2)CC1
C1CCC(C2CCC(C3CCC(C4CCC5CCCC5C4)CC3)CC2)CC1
C1CCC(C2CCC(C3CCCC(C4CCCCC4)C3)CC2)CC1
C1CCC(CCC2CCC(CCC3CCCC(C4CCCCC4)C3)CC2)CC1
C1CCC(C2CCCC(CC3CCC(C4CCCC(C5CCCC6CCCC65)C4)CC3)C2)CC1
C1CCC(CC2CC(C3CCC(CC4CCCCC4C4CCCCC4)CC3)C3CCCCC23)CC1
C1CCC(C2CCCC(C3CC(C4CCCC4)CC(C4CCCC(CCC5CCC5)C4)C3)C2)CC1
C1CCC(C2CCC(C3CCCCC3C3CCCCC3C3CCCC3)C2)CC1
C1CCC(CC2CCC(C3CCC(C4CCCCC4C4CCCCC4)C3)CC2)CC1
C1CCC(C2CCC(CC3CCCC3)CC2)CC1
C1CCC(C2CCCCC2CCC2CCC(C3CCCCC3C3CCCCC3)C(C3CCCCC3)C2)CC1
C1CCC(C2CCC(C3CCCCC3C3CCC4CCCC4C3)CC2)CC1
C1CCC(CCCC2CCC(C3CCCC(C4CCCCC4)C3)CC2)CC1
C1CCC(CC2CCCC(C3CCCCC3CC3CCCC3)C2)CC1
C1CCC(CCCCCC2CC(CCC3CCCCC3)CC(C3CCCCC3)C2)CC1
C1CCC(CC(C2CCCCC2)C2CCC(C3CCCCC3)CC2)CC1
C1CCC(CC2CCC(CC3CC(C4CCCCC4)CC(C4CCCCC4)C3)CC2)CC1
C1CCC(CC2CCCCC2)CC1
C1CCC(CC2CCCC(CC3CCCCC3)C2)CC1
C1CCC(CC2CC3CCC(C4CCC(C5CCC5)CC4)CC3C(C3CCCC3)C2)CC1
C1CCC(CC2CCC(C3CCCCC3CC3CCCC3)CC2)CC1
C1CCC(CCC2CCC(CC3CCCCC3)CC2)CC1
C1CCC(CCC2CC(CC3CCCC(CC4CCCCC4)C3)C3CCCCC23)CC1
C1CCC(C2CCCC(C3CCCCC3C3CCCCC3)C2)CC1
C1CCC(CCC2CCCC(C3CCC4CCCC4C3)C2)CC1
C1CCC(C2CCC(C3CCCCC3)C(C3CCCC3)C2)CC1
C1CCC(CC2CCC3CCC(C4CCCC(C5CCCCC5)C4)CC3C2)CC1
C1CCC(CCCC2CCC(C3CCCCC3)CC2)CC1
C1CCC(CC2CCC(CCC3CCC(C4CCC5CCCCC5C4)CC3)CC2)CC1
C1CCC(CC2CCCCC2)CC1
C1CCC(CCCC2CCCC(CC3CCCC3)C2)CC1
C1CCC(CC2CCCCC2CC2CCCC(C3CCCCC3)C2)CC1
C1CCC(CCC2CCC(C3CCCCC3)CC2CCC2CCC(CC3CCCCC3)CC2)CC1
C1CCC(CCCC2CCCCC2CCC2CCCC(CC3CCCCC3)C2)CC1
C1CCC(C2CCCC(C3CCCC(CCC4CCCC(CCC5CCCC5)C4)C3)C2)CC1
C1CCC(CCC2CCCC(CC3CCCC(C4CCC(CC5CCCCC5)CC4)C3)C2)CC1
C1CCC2CC(CC3CCCCC3C3CCCC3)CC2C1
C1CCC(C2CCCCC2C2CCC(C3CCC(CC4CC4)CC3)CC2)CC1
C1CCC(CC2CCCCC2CC2CC3CCCCC3C2)CC1
C1CCC(CCCC2CCCC(C3CCCC(C4CCCCC4)C3)C2)CC1
C1CCC(C2CCCC(C3CCC(C4CCCC4)CC3)C2)CC1
C1CCC(CC2CCCCC2)CC1
C1CCC(C2CCC(CCC3CCCC(C4CCCCC4)C3)CC2)CC1
C1CCC(C2CCC(CC3CC4CCCCC4C3)CC2)CC1
C1CCC(CC2CCC(C3CCCCC3)CC2)CC1
C(CCC1CCC(C2CCCCC2)CC1)CCC1CCC2CCCC2C1
C1CCC(CC2CCC(CCCC3CCCC(C4CCCCC4)C3)CC2)CC1
C1CCC(CC2CCCCC2)CC1
C1CCC(CCCC2CCC(CC3CCCCC3)CC2)CC1
C1CCC(C2CCCCC2C2CCCCC2)CC1
C1CCC(CC2CCC(CC3CCC(CCCC4CCCC(CCCC5CC5)C4)CC3)CC2)CC1
C1CCC(C2CCCC(C3CCCCC3)C2)CC1
C1CCC(CC2CC(C3CCCCC3CC3CCCCC3)C3CCCCC23)CC1
C1CCC(CC2CCCCC2C2CCCCC2C(C2CC2)C2CCCC3CCCCC32)CC1
C1CCC(CCCC2CCCCC2C2CCC(CCC3CCC(CC4CCCCC4)CC3)CC2)CC1
C1CCC(CCCCCC2CCC(CC3CCC(C4CCCCC4)CC3)CC2)CC1
C1CCC(C2CCC3C(C2)C(CC2CCCC(CCC4CCC4)C2)CC3C2CCCC2)CC1
C1CCC(CC2CCCCC2C2CCC(CCC3CCC(C4CCCCC4)CC3)CC2)CC1
C1CCC(CC2CCC(C3CCCCC3)CC2)CC1
C1CCC(C2CCCC3CCC(CC4CC5CCCCC5C4)CC32)CC1
C1CCC(CCC2CCCC(C3CCC(C4CCC5CCCC5C4)CC3)C2)CC1
C1CCC(CC2CCCCC2C2CCC(C3CCCCC3)CC2)CC1
C1CCC(C(CC2CC3CCCCC3C2)C2CCCCC2)CC1
C1CCC(CCC2CC(CC3CCCCC3)C3CC(CC4CCCCC4)CCC23)CC1
C1CCC(C2CCCC(CCCC3CCCC(CC4CC5CCCCC5C4)C3)C2)CC1
C1CCC(C2CCCC(C3CCCC(CC4CCC5CCCCC54)C3)C2)CC1
C1CCC(CC2CCC3CC(CCCC4CCC(C5CCCCC5)CC4)CCC3C2)CC1
C1CCC(C2CC(CCCC3CC4CCCCC4C3)CC3CCCCC32)CC1
C1CCC(CC2CCCC(C3CCCCC3CC3CCCCC3)C2)CC1
C1CCC(C2CCC(CC3CCC(C4CCCC4)CC3)CC2)CC1
C1CCC(CC2CCC(CC3CCC(CC4CCCCC4)CC3)CC2)CC1
C1CCC(C2CCCC(C3CCC(C4CCCCC4C4CCCC4)CC3)C2)CC1
C1CCC(CCCC2CCCC(CC3CCCCC3)C2)CC1
C1CCC(C2CCCC(C3CCC(C4CCCCC4C4CCCC4)CC3)C2)CC1
C1CCC(CCC2CCC(C3CCCCC3)CC2)CC1
C1CCC(C2CCC3CCCC(C4CCCCC4)C3C2)CC1
C1CCC(CCC2CCC(CC3CCCCC3)CC2)CC1
C1CCC(C2CCC(C3CCC(C4CCCC4)CC3)CC2)CC1
C1CCC(CC2CCC(C3CCCC(CC4CCCCC4)C3)CC2)CC1
C1CCC(CC2CCC(C3CCCCC3)CC2)CC1
C1CCC(CCCC2CCC(C3CCC(CC4CC5CCCCC5C4)CC3)CC2)CC1
C1CCC(CC2CCC(C3CCCCC3)CC2C2CCC3C(CCC3C3CCCCC3)C2)CC1
C1CCC(C2CCCC(CC3CCC(CCC(C4CCCCC4)C4CCCCC4)CC3)C2)CC1
C1CC(CC2CCCCC2C2CCCC(CC3CC3)C2)CC(C2CCC(C3CC3)CC2)C1
C1CCC(CC2CCCC(C3CCCCC3)C2)CC1
C1CCC(CC2CCCC(C3CCCC(C4CCCCC4)C3)C2)CC1
C1CCC(CCCC2CCCCC2CCCCC2CCC2)CC1
C1CCC(CC2CCCC(C3CCCCC3)C2)CC1
C1CCC(CC2CCC3C(CCC3C3CCCC(C4CCCCC4)C3)C2)CC1
C1CCC(CCC2CCC(C3CCCC3)CC2)CC1
C1CCC(CC2CCCCC2C2CCCCC2)CC1
C1CCC(C2CCC(CCCC3CCCCC3C3CCC3)CC2)CC1
C1CCC(CCCC2CCC(C3CCC(C4CCCCC4)CC3)CC2)CC1
C1CCC(C2CCCCC2)CC1
C1CCC(C2CCC(CC3CCCC(C4CCCC(C5CC5)C4)C3)CC2)C1
C1CCC(C2CCC(CC3CCC(C4CCC4)CC3)CC2)CC1
C1CCC(C2CCC(CCC(C3CCCCC3)C3CCC(C4CCCC(C5CC5)C4)CC3)CC2)CC1
C1CCC(CC2CCC3CC(C4CCC(C5CC5)CC4)CCC3C2)CC1
C1CCC(CC2CCC(CC3CCC(C(C4CCCCC4)C4CCC(CC5CCCCC5)CC4)C3)CC2)CC1
C1CCC(CC2CC(C3CCC(C4CCCCC4)CC3)C3CCCCC23)CC1
C1CCC(CC2CCCC(CC3CCCCC3)C2)CC1
C1CCC(CCC2CC(C3CCCCC3)CC(C3CCCCC3)C2C2CCCCC2)CC1
C1CCC(C2CCCC(C3CCCC(CC4CCCCC4C4CCCC4)C3)C2)C1
C1CCC(C2CCC(CCCC3CCCC3)CC2)CC1
C1CCC(CC2CCCCC2)CC1
C1CCC(CCC2CCCCC2C2CCC3CCCC3C2)CC1
C1CCC(CC2CCC(CC3CC(C4CCCCC4)C4CCCCC34)CC2)CC1
C1CCC(CC2CCCC(CC3CCC4CCCCC43)C2)CC1
C1CCC(CC2CCCC(C3CCC(C4CCCC(CCC5CCCC5)C4)CC3)C2)CC1
C1CCC(CC2CCC3CC(CC4CCC(C5CCC(C6CCCCC6)CC5)CC4)CCC23)CC1
C1CCC(C(C2CCCCC2)C2CCC(CCCC3CC4CCCCC4C3)CC2)CC1
C1CCC(CCC2CCC(C3CCCCC3)CC2)CC1
C1CCC(CCC2CCC(C3CCCCC3)CC2)CC1
C1CCC(CCCCCC2CCC3CCCCC3C2)CC1
C1CCC(CC2CCCC(C3CC4CCCCC4C3)C2)CC1
C1CCC(CCCCCC2CCC(C3CCCCC3)CC2)CC1
C1CCC(CC2CCC(CC3CCC(CCCC4CCC(C5CCCC5)CC4)CC3)CC2)CC1
C1CCC(CCCCC2CCC(CC3CCCCC3)CC2)CC1
C1CCC(CC2CCCC(C3CCCC(C4CCCCC4)C3)C2)CC1
C1CCC(CC2CC(C3CCCC3)C3CCC4CCCCC4C3C2)CC1
C1CCC(C(C2CCC(C3CCC4CCCC4C3)CC2)C2CCCC(C3CCCC3)C2)CC1
C1CCC(CCC2CCCC(CC3CCCCC3)C2)CC1
C1CCC(CC2CCCC(C3CC(CC4CC4)CCC3CC3CC4CCCCC4C3)C2)CC1
C1CCC(CCC2CCC(CC3CCCCC3CC3CCCCC3)CC2)CC1
C1CCC(CCCC2CCCC(C3CCCCC3)C2)CC1
C1CCC(C2CCC(C3CCCC(C4CCCC4)C3)CC2)CC1
C1CCC(CC2CCC(CC3CC4CCCCC4C3)C(C3CCCC3)C2)CC1
C1CCC(CC2CCCCC2CC2CCC(CC3CCC(C4CCCCC4)CC3)CC2)CC1
C1CC2CCC(C3CCCCC3CC3CCC(C4CCCCC4C4CCCC4)CC3)CC2C1
C1CCC(CCCC2CCC(CCCC3CCCCC3)C(C3CCCC3)C2)CC1
C1CCC(CC2CCC(CC3CCC(CC4CCCC4)CC3)CC2)CC1
C1CCC(C2CCCC(C3CCCCC3)C2)CC1
C1CCC(C2CCC3CC(C4CCC(CC5CCC(CC6CCCC6)CC5)CC4)CCC32)CC1
C1CCC(CCC2CCC(CC3CCC(C4CCCCC4)CC3)CC2)CC1
C1CCC(CC2CCC(CC3CCCCC3)CC2)CC1
C1CCC(CC2CCC(C3CCC(CC4CCCCC4)CC3)CC2)CC1
C1CCC(CC2CC(C3CCCCC3CCCC3CC4CCCCC4C3)C3CCCCC23)CC1
C1CCC(CCC2CCC(CCCC3CCCC(C4CCCCC4)C3)CC2)CC1
C1CCC(CC2CCC(C3CCCC(C4CCC4)C3)CC2)CC1
C1CCC(C2CCCCC2C2CCCCC2)CC1
C1CCC(CC2CCC(CC3CCCCC3)CC2)CC1
C1CCC(CC2CCC(CC3CCCCC3)CC2)CC1
C1CCC(CC2CCC(C3CCCCC3)CC2)CC1
C1CCC(CC2CCCC(C3CCCC(C4CCCCC4)C3)C2)CC1
C(CCC1CCC2CCCCC2C1)CC1CCC(C2CC(CC3CCCC3)C3CCCCC32)CC1
C1CCC(CC2CCC3C(CC4CCCC(C5CCCCC5)C4)CC(CCC4CCCC4)C3C2)CC1
C1CCC(C2CCCC(C3CC4CCCCC4C(C4CCCCC4)C3)C2)CC1
C1CCC(C2CCCCC2C2CCCCC2C2CCCC2)CC1
C1CCC(C2CCCC(C3CCC(C4CCCCC4)C3C3CCCC3)C2)CC1
C1CCC(CC2CCCC(CC3CCC(C4CCCC4)CC3)C2)CC1
C1CCC(CC2CCC(C3CCCCC3)C(C3CCCCC3)C2)CC1
C1CCC(C2CC(CCC3CCCC3)CC3CCC(C4CCC4)CC32)CC1
C1CCC(CC2CCCC(CCC3CCC4CCCCC4C3)C2)CC1
C1CCC(CCCC(C2CCCCC2)C2CCCC(C3CCCCC3)C2)CC1
C1CCC(CCCCC2CCCCC2C2CCCCC2)CC1
C1CCC(C2CCCC(CCCCC3CCCC(C4CCCCC4)C3)C2)CC1
C1CCC(CCCCCC2CCC(CC3CCCC3)CC2C2CCC3CCCC3C2)CC1
C1CCC(CC2CCCC(C3CCCCC3CCCC3CCC(C4CCCCC4)CC3)C2)CC1
C1CCC(CCCC2CCC(C3CCCCC3CCCC3CC4CCCCC4C3)CC2)CC1
C1CCC(CCC2CCC(CCC3CCC(C4CCC5CCCCC5C4)C(C4CCC5CCCC5C4)C3)CC2)CC1
C1CCC(C2CCC(C3CCCCC3CC3CCC(CC4CCCC4)CC3)CC2)CC1
C1CCC(CCCC2CCC(C3CC4CCCCC4C3)C(CC3CCCCC3)C2)CC1
C1CCC(CC2CCCC(C3CCC(C4CCCC(C5CCCCC5)C4)CC3)C2)CC1
C1CCC(CC2CCC(C3CCC(C4CCCCC4)CC3)CC2)CC1
C1CCC(CC2CCC(C3CCCC(C4CCCCC4)C3)CC2)CC1
C1CCC(CC2CCC(C3CCCC(C4CCCCC4)C3)CC2)CC1
C1CCC(CC2CCCCC2C2CCC3C(CCC3C3CCCC3)C2)CC1
C1CCC(CCC2CC(C3CCCC3)CC(C3CCCCC3C3CCCCC3)C2)CC1
C1CCC(CCC2CCC(CC3CCC(C4CCCCC4)CC3)CC2)CC1
C1CCC(CC2CCCC(C3CCC(CC4CCCC4)CC3)C2)CC1
C1CCC(C2CCC(CC3CCC4C(CCCC4C4CCCC(C5CCC5)C4)C3)CC2)C1
C1CCC(C2CCCCC2)CC1
C1CCC(CC2CCC(C3CCCC(C4CCCCC4)C3)CC2)CC1
C1CCC(CC2CC(C3CCC4CCCCC4C3)C3CC(CC4CCC5CCCCC5C4)CCC23)CC1
C1CCC(CC2CCC(C3CCCC(C4CCC(CC5CCCC5)CC4)C3)CC2)CC1
C1CCC(CC2CCC(CC3CCC(C4CCCC(CC5CCCC5)C4)CC3)CC2)CC1
C1CCC(C2CCC(C3CCCC(CC4CCCC(C5CCCCC5)C4)C3)CC2)CC1
C1CCC(CC2CCCC(C3CCC(C4CCCCC4)CC3)C2)CC1
C1CCC(C2CCCC(CCCCC3CCC4CCCCC34)C2)CC1
C1CCC(CCC2CC(C3CCCCC3)CC(C3CCCCC3)C2)CC1
C1CCC(CCC2CC(CC3CCCC(C4CCCCC4)C3)C3CCCCC23)CC1
C(CC1CC2CCCCC2C1)CC1CCCC(C2CCC3CCCCC32)C1
C1CCC(C2CCCC(C3CCCCC3)C2)CC1
C1CCC(C2CCC(CC3CCC(C4CCCCC4)CC3)CC2)CC1
C1CCC(CCC2CCC(CC3CCCCC3)C(CC3CCCC3)C2)CC1
C1CCC(CC2CCCC(CC3CCC(CC4CCCCC4)C(C4CCCC4)C3)C2)CC1
C1CCC(C2CCC3C(CC4CCCC4)CC(C4CCC5CCCCC54)C3C2)CC1
C1CCC(CCC2CCC(CC3CCC(CC4CCCCC4)CC3)CC2)CC1
C1CCC(CCC2CCCCC2C2CCCC(CC3CCCCC3)C2)CC1
C1CCC(C2CCC(C3CCC(CC4CCCC(C5CCCCC5)C4)CC3)CC2)CC1
C1CCC(CC2CCCC(CCCCCC3CCCC(CC4CCCC4)C3)C2)CC1
C1CCC(C2CCC(C3CCCC(C4CCCC4)C3)C(C3CCCCC3)C2)CC1
C1CCC(CCC2CCCC(CC3CC(C4CCCCC4)CC(C4CC4)C3)C2)CC1
C1CCC(C2CCCC(C3CCCC(C4CCCCC4)C3)C2)CC1
C1CCC(CCCCC2CCCCC2CC2CCCCC2)CC1
C1CCC(CCC2CCCCC2CC2CCCC(CC3CCCCC3)C2)CC1
C1CCC(C2CC(C3CCCCC3)C(C3CCC4CCCC4C3)C(C3CC3)C2)CC1
C1CCC(CC2CCC(C3CCCCC3)CC2)CC1
C1CCC(C2CCCC(CC3CCC(CC4CC5CCCCC5C4)CC3)C2)CC1
C1CCC(C2CCC(CC3CCC(CCC4CC5CCCCC5C4)CC3)CC2)C1
C1CCC(C2CCC(CC3CCC(C4CCCCC4)CC3)CC2)CC1
C1CCC(CC2CCCC(CC3CCC3)C2)CC1
C1CCC(C2CCC(CCC3CCCC(C4CCC(C5CCCC5)CC4)C3)CC2C2CCCC2)CC1
C1CCC(C2CCCC(C3CCCCC3C3CCCCC3)C2)CC1
C1CCC(C2CCC(CCC3CCC(CCC4CC5CCCCC5C4)CC3)CC2)CC1
C1CCC(CC2CCC(CC3CCCCC3)C(C3CCCCC3)C2)CC1
C1CCC(CCC2CCCC(C3CCCCC3)C2)CC1
C1CCC(C2CCCC(C3CCC4CCCC4C3)C2)CC1
C1CCC(CC2CCCC(CCC3CCCC4CCC(C5CCC6CCCC6C5)C34)C2)CC1
C1CCC(CC2CC(C3CCCCC3)C3CCCCC23)CC1
C1CCC(CC2CCC(C3CCC(CC4CCCCC4)CC3)CC2)CC1
C1CCC(C2CCCC(CC3CCCC(C4CCCC(C5CCCCC5)C4)C3)C2)CC1
C1CCC(C2CCCC(C3CCCC(C4CCC5CCCCC54)C3)C2)CC1
C1CCC(CC2CCCC(C3CC(CC4CCCC4)C4CCCCC43)C2)CC1
C1CCC(CCC2CC(CC3CCCCC3)C3CCC(C4CCCCC4)CC23)CC1
C1CCC(CCCC2CCC(CC3CCCCC3)CC2)CC1
C1CCC(C2CCC(C3CCCC(CCC4CCC(C5CCC5)CC4)C3)CC2)CC1
C1CCC(C2CC(CCCC3CCCC3)C3CCCCC32)CC1
C1CCC(C2CCC(C3CCCC3)CC2)CC1
C1CCC(CC2CCCC(C3CCC4CCCC4C3)C2)CC1
C1CCC(C2CCC(CC3CCCCC3C3CCC(C4CCCCC4)CC3)CC2)CC1
C1CCC(CCC2CC(C3CCCC(CC4CCCCC4)C3)CCC2C2CCC2)CC1
C1CCC(CCC2CCC3C(CCC4CCCCC4)CC(CCC4CCCCC4)C3C2)CC1
C1CCC(CC2CCCC3CC(C4CCCCC4C4CCCCC4)CCC23)CC1
C1CCC(CC2CCC(CC3CCC(C4CCCCC4)CC3)CC2)CC1
C1CCC(CCC2CC(CC3CCCCC3)CC(C3CCCC(C4CCCC(C5CCCCC5)C4)C3)C2)CC1
C1CCC(CCC2CCC(CC3CCC(CC4CCCCC4)CC3)CC2)CC1
C1CCC(CCC(CC2CCCC2)C2CCCC(C3CCCCC3)C2)CC1
C1CCC(CCC2CCC(CC3CCCCC3CC3CC4CCCCC4C3)CC2)CC1
C1CCC(CC2CC(CCC3CCC(CCC4CCC5CCCCC5C4)CC3)C3CCCCC23)CC1
C1CCC(C2CCC(C3CCCC(C(C4CCCCC4)C4CCCCC4)C3)C(C3CCCC3)C2)CC1
C1CCC(C2CCC(CC3CCCC3)CC2)CC1
C1CCC(CC2CCC(CC3CCC(C4CCCCC4)CC3)CC2)CC1
C1CCC(CC2CCC(C3CCCCC3)CC2)CC1
C1CCC(CCCC2CCC(CC3CCC(CC4CCCCC4)CC3)CC2)CC1
C1CCC(CC2CCCC(CC3CCC(CCC4CC5CCCCC5C4)CC3)C2)CC1
C1CCC(C2CCCC(C3CCCCC3C3CCCCC3)C2)CC1
C1CCC(C2CCC(CC3CCC4CCCCC4C3)CC2)CC1
C1CCC(C2CCCC(C3CCC4CCCCC4C3)C2)CC1
C1CCC(C2CCCC(CC3CCCC(C4CCC5CCC(C6CCCCC6)CC54)C3)C2)CC1
C1CCC(C2CCC3CCCCC3C2)CC1
C1CCC(CCCCC2CCC(CCC3CCCCC3)CC2)CC1
C1CCC(C2CCC(C3CCCC3)CC2C2CCCCC2)CC1
C1CCC(C2CCCC(C3CC4CCCCC4C(C4CCCCC4)C3)C2)CC1
C1CCC(CCCC2CCC(C3CCC(CCC4CCCCC4)CC3)CC2)CC1
C1CCC(CC2CCC(CC3CCC(CC4CCC(C5CCCC5)CC4)CC3)CC2)CC1
C1CCC(CCCC2CCC(CC3CCCCC3)CC2CCC2CCCCC2)CC1
C1CCC(CC2CCCCC2CCC2CCCC(C3CCCCC3)C2)CC1
C1CCC(CC2CCC(C3CCCCC3C3CCCCC3)CC2)CC1
C1CCC(CC2CCC(CC3CCC(C4CCCCC4)CC3)CC2)CC1
C1CCC(C2CCCCC2CCC2CCC(CC3CC4CCCCC4C3)CC2)CC1
C1CCC(C2CC(C3CCC3)CC(C3CCC4CCCC4C3)C2)CC1
C1CCC(CCCC2CC(CC3CCCC3)C3CCC(C4CCCC(CCC5CCCCC5)C4)CC23)CC1
C1CCC(C2CCCCC2)CC1
C1CCC(CC2CCCCC2C2CCCCC2CC2CCCCC2)CC1
C1CCC(CCCC2CCC(CC3CCCCC3CC3CCCCC3)CC2)CC1
C1CCC(CC2CCC(CC3CCC(C4CCC5CCCCC5C4)CC3)CC2)CC1
C1CCC(C2CCCCC2C2CCCCC2)CC1
C1CCC(CC2CCC(CC3CCC(CC4CCCCC4)CC3)CC2)CC1
C1CCC(C2CCC3CC(C4CCC5CCCCC54)CC(C4CCCCC4)C3C2)CC1
C1CCC(CCCCC2CCC(CC3CCC(CC4CCCCC4)CC3)CC2)CC1
C1CCC(CC2CCC(C3CCCCC3)CC2)CC1
C1CCC(CC2CC(C3CCC(C4CC5CCCCC5C4)CC3)C3CCCCC23)CC1
C1CCC(C2CCCCC2C2CCCCC2)CC1
C1CCC(C2CCCC(CCCC3CCCC(C4CCCCC4)C3)C2)CC1
C1CCC(CCCC2CCC(C3CCC(CC4CC5CCCCC5C4)CC3)CC2)CC1
C1CCC(C2CCCCC2C2CCCC(CC3CCCC3)C2)CC1
C1CCC(CC2CCC(CC3CCC(CC4CCCC(C5CCCCC5)C4)CC3)CC2)CC1
C1CCC(CCC2CCCCC2C2CCCCC2)CC1
C1CCC(CC2CCC(CCC3CC4CCCCC4C3)CC2)CC1
C1CCC(CC2CCC(CCC3CCCC(CC4CC4)C3)CC2)CC1
C1CCC(CCC2CCCCC2C2CCC(CC3CCC(C4CCCCC4)C(C4CCCC4)C3)CC2)CC1
C1CCC(CCCCC2CCCC(CCC3CC(CC4CCCCC4)CCC3C3CCC3)C2)CC1
C1CCC(CC2CCC(CCC(C3CCCCC3)C3CCCCC3)CC2)CC1
C1CCC(CC2CCC(C3CCC(CCC4CCCC4)CC3)CC2)CC1
C1CCC(CCCC2CCCCC2C2CCC3CCCC3C2)CC1
C1CCC(CCC2CCC(C3CCCCC3)CC2C2CCCCC2)CC1
C1CCC(CC2CCCCC2CCCC2CCC(C3CCC(C4CCCCC4)CC3)CC2)CC1
C1CCC2C(C1)CCC2CC1CC(C2CCC3CCCCC32)CC2CCCCC21
C1CCC(CC2CCC3C(C4CCCCC4)CC(C4CCCC(C5CCC6CCCCC6C5)C4)C3C2)CC1
C1CCC(CC2CCCC(C3CC(C4CCCCC4)CC(C4CCC4)C3)C2)CC1
C1CCC(CCC2CCC(CC3CCCC(C4CCC4)C3)CC2)CC1
C1CC2CCC(C3CCCCC3C3CCCC3)CC2C1
C1CCC(CC2CCC(C3CCCCC3CC3CC(CC4CCCC4)C4CCCCC34)CC2)CC1
C1CCC(CC2CCC(C3CCC(CC4CCC(C5CCCCC5)CC4)CC3)CC2)CC1
C1CCC(CC2CCCC(CC3CCCC(CC4CCCCC4)C3)C2)CC1
C1CCC(C2CCC(CCC3CCC(CC4CCC(CCCC5CC5)CC4)CC3)CC2)CC1
C1CCC(C2CCCC(C3CCCC(C4CCCC4)C3)C2)CC1
C1CCC(CCC2CCC(CCC3CCCC(C4CCCCC4)C3)CC2)CC1
C1CCC(CC2CCCC(CC3CCCC(C4CCC(CC5CC5)CC4)C3)C2)C1
C1CCC(CC2CC(C3CCC(CCC4CCCC4)CC3)C3CCCCC23)CC1
C1CCC(C2CCCC(C3CCCC(CC4CC4)C3)C2)CC1
C1CCC(C2CCC3CCC(C4CCCC(CC5CC6CCCCC6C5)C4)CC3C2)CC1
C1CCC(CCC2CCCC(C3CCCC(C4CCCCC4)C3)C2)CC1
C1CCC(C2CCCC3CC(CC4CCC(C5CCCC5)CC4)CC32)CC1
C1CCC(CCC2CC(CC3CCCCC3)CC(C3CCCCC3)C2)CC1
C1CCC(CC2CCCC(CCC3CCC(C4CCCCC4)CC3)C2)CC1
C1CCC(CC2CCC(CC3CCC(C4CCCCC4)CC3)CC2)CC1
C1CCC(C2CCCCC2CC2CC(C3CCC4CCCCC4C3)C3CCCCC23)CC1
C1CCC(C2CCC(CCCC3CCC(C4CCCCC4)CC3C3CCCC3)CC2)CC1
C1CCC(C2CCC(C3CCCCC3CCC3CCCCC3C3CCCC3)CC2)CC1
C1CCC(C2CCCCC2)CC1
C(CCCC1CCCCC1)CCCC1CCCC(C2CCC3CCCC3C2)C1
C1CCC2CC(CCC3CCCC(C4CCCC(C5CCC6CCCC6C5)C4)C3)CC2C1
C1CCC(CCCC2CCCC(CC3CC(CC4CCCCC4)C4CCCCC34)C2)CC1
C1CCC(C2CCCC(C3CCCC(C4CCCCC4)C3)C2)CC1
C1CCC(C2CCCC(C3CCCC(CC4CC(C5CCCCC5)C5CCCCC45)C3)C2)CC1
C1CCC(CCC2CCC(CCCC3CCC(CC4CCCCC4)CC3)CC2)CC1
C1CCC(C2CCC(CC3CCCCC3CCC3CCC(C4CCCC4)CC3)CC2)CC1
C1CCC(CC2CCC(C3CCCC(CC4CCCCC4)C3)CC2)CC1
C1CCC(CC2CCC(C3CCCC(C4CCCCC4C4CCCCC4)C3)CC2)CC1
C1CCC(CC2CCCC(C3CCCC(C4CCCC4)C3)C2)CC1
C1CCC(CC2CCC(C3CCCC(CC4CCCCC4)C3)CC2)CC1
C1CCC(C2CC3CCC(C4CCCCC4)CC3C(C3CCCCC3)C2)CC1
C1CCC(CCC2CCC(CC3CCCCC3)CC2)CC1
C1CCC(C2CCCC(C3CCCC(CC4CCCC(C5CCC5)C4)C3)C2)CC1
C1CCC(CC2CCC3CC(CC4CCCCC4)CCC3C2)CC1
C1CCC(C2CCC(C3CCCCC3)C(C3CCCC3)C2)CC1
C1CCC(CCCC2CCCC(C3CC(CC4CCCCC4)C4CCCCC43)C2)CC1
C1CCC(CCCCC2CCCCC2CC2CCCCC2CCC2CCCCC2)CC1
C1CCC(CC2CCCC(C3CC(C4CC4)CCC3CC3CCCCC3)C2)CC1
C(CCC1CCC(C2CCCCC2)CC1)CCC1CCC(C2CCCCC2)CC1
C1CCC(C2CCC(CCCC3CCCC(C4CCCCC4)C3)CC2)CC1
C1CCC(CC2CCC3C(C2)C(CC2CCCCC2)CC3C2CCCCC2)CC1
C1CCC(C2CCC(C3CCC(C4CCCCC4)C3)CC2)CC1
C1CCC(C2CCCC(C3CCCC(C4CCCCC4)C3)C2)CC1
C1CCC(C2CCCC(CC3CC4CCCCC4C3)C2)CC1
C1CCC(CC2CCC(CCC3CCC4C(CC5CCCCC5)CCC4C3)CC2)CC1
C1CCC(CC2CCC(CC(C3CCCCC3)C3CCCCC3C3CCC4CCCCC4C3)CC2)CC1
C1CCC(CC2CCC(CCC3CCC(CC4CCCCC4)CC3)CC2)CC1
C1CCC(C2CCCC(C3CC(C4CCCCC4)CC(C4CCCCC4)C3)C2)CC1
C1CCC(CCC2CC(CCCCC3CCCC(C4CC4)C3)CC(CCC3CCCCC3)C2)CC1
C1CCC(CC2CCC(CC3CCC(CCCC4CCCC4)CC3)CC2)CC1
C1CCC(CC2CCCCC2CC2CCCC(C3CCCCC3)C2)CC1
C1CCC(C2CCC(CC3CC(C4CCCCC4)CC(C4CCCCC4)C3)CC2)CC1
C1CCC(C2CCC(C3CCCCC3)CC2)CC1
C1CCC(CCCC2CCCC(CCCC3CCC(CCC4CCCCC4)CC3)C2)CC1
C1CCC(CCCCC2CCC(CC3CCCCC3)CC2)CC1
C1CC(CCCC2CC(C3CC4CCCCC4C3)C3CCCCC23)CC(CC2CC3CCCCC3C2)C1
C1CCC(CCCC2CCCC(C3CCCC(CCC4CCCC(C5CCC5)C4)C3)C2)CC1
C1CCC(CC2CCC(CC3CCC4CCCC4C3)CC2)CC1
C1CCC(C2CCC(CCCC3CCCC(C4CCCCC4)C3)CC2)CC1
C1CCC(C2CCCCC2)CC1
C1CCC(CC2CCCCC2C2CCC(C3CCCCC3)CC2)CC1
C1CCC(C2CCC(C3CCCC(CC4CCCC(C5CCCCC5)C4)C3)CC2)CC1
C1CCC(CC2CCCC(C3CCCC(CC4CCCCC4)C3)C2)CC1
C1CCC(CC2CCC(C3CCCCC3)C(C3CCC(CCC4CCCC4)CC3)C2)CC1
C1CCC(CC2CCC(CCC3CCC(C4CCC5CCCCC5C4)CC3)CC2)CC1
C1CCC(CC2CCC(C3CCCC(CC4CC4)C3)CC2)CC1
C1CCC(CC2CCCC3CC(C4CCC5CCCCC54)CC(C4CCCCC4)C23)CC1
C1CCC(CC2CCCC(C3CCCC(CCC4CCC5CCCC5C4)C3)C2)CC1
C1CCC(CCCCCC2CCC(C3CCCC(C4CCCCC4)C3)CC2)CC1
C1CCC(CCCCC2CCCC(C3CCCCC3)C2)CC1
C1CCC(CC2CCC(CC3CCCC(C4CCCCC4)C3)CC2)CC1
C1CCC(CC2CCCC(CC3CCC(CC4CCC(C5CCC6CCCC6C5)CC4)C3)C2)CC1
C1CCC(CC2CCC(C3CCCCC3)CC2)CC1
C1CCC(CCC2CCC(CC3CCCCC3)CC2)CC1
C1CCC(C2CCC(CC3CCCCC3CCCC3CCCC3)CC2)CC1
C1CCC(CC2CCC(C(C3CCCCC3)C3CCC(C4CCCC4)CC3)CC2)CC1
C1CCC(CC(C2CCCCC2)C2CCC(C3CCCC(C4CCCCC4)C3)CC2)CC1
C1CC(CC2CCC(CC3CC3)CC2)CC(CC2CCC3CCCC3C2)C1
C1CCC(C2CCC3CC(CC4CCCC(CC5CC5)C4)CC(C4CCCCC4)C3C2)CC1
C1CCC(CCCCC2CCCCC2C2CCCC2)CC1
C1CCC(CC2CCC(C3CCCC(CC4CCCCC4)C3)CC2)CC1
C1CCC(C2CCC(CC3CCC(CC4CCC(C5CCCC5)CC4)CC3)CC2C2CCCCC2)CC1
C1CCC(CC2CCC(C3CC(C4CCCC(C5CCCCC5)C4)C3)CC2)CC1
C1CCC(C2CC(C3CCCCC3)CC(C3CCCCC3)C2)CC1
C1CCC(CC2CCC(CCC3CCCC(C4CCCC4)C3)CC2)CC1
C1CCC(C2CC(C3CCC4CCCCC43)CC3CCC(C4CCC(CCC5CCCC5)C4)CC32)CC1
C1CCC(CCCCC2CCC(C3CCCC(CC4CCCC4)C3)CC2)CC1
C1CCC(CC2CCC(CC3CCCCC3)CC2)CC1
C1CCC(C2CCC(C3CCCCC3C3CCCCC3)CC2)CC1
C1CCC(C2CCC(CC3CCCC(C4CCCCC4)C3)CC2)CC1
C1CCC(CCC2CCC3CCCCC32)CC1
C1CCC(CCCC2CCC(C3CCCCC3)CC2)CC1
C1CCC(C2CCCC(C3CCC4CCCC4C3)C2)CC1
C1CCC(CC2CCC(CCC3CCCC3)C(C3CCC(C4CCCCC4)CC3)C2)CC1
C1CCC(CC2CCC(CC3CCCCC3C3CCCCC3)CC2)CC1
C1CCC(C2CCC(C3CCCCC3)C(C3CCCC3)C2)CC1
C1CCC(CCC2CCCCC2)CC1
C1CCC(CCC2CCCCC2C2CCC(CC3CCCC3)CC2)CC1
C1CCC(CC2CCCCC2C2CCC(C3CCCCC3)CC2CC2CCC2)CC1
C1CCC(CCC2CCCC(C3CCC(CC4CC5CCCCC5C4)CC3)C2)CC1
C1CCC(C2CCCC(C3CCC(CC4CCCC4)CC3)C2)CC1
C1CCC(CCC2CCCC(C3CCCCC3C3CCC(CC4CCCCC4)CC3)C2)CC1
C1CCC(CC2CCCCC2C2CCCC(C3CCCCC3C3CCCC3)C2)CC1
C1CCC(CCCC2CCC(CC3CCC(CC4CCCCC4)CC3)CC2)CC1
C1CCC(C2CC(C3CCCCC3)C(C3CCCCC3)C3C4CCCCC4CC23)CC1
C1CCC(CCC2CCCC(CC3CCC(CC4CCCCC4)CC3)C2)CC1
C1CCC(CC2CCC(C3CCCCC3C3CCCCC3)CC2)CC1
C1CCC(CC2CCC(C3CCCCC3)CC2)CC1
C1CCC(CC2CCCC(CC3CCC4CCCC4C3)C2)CC1
C1CCC(CCC2CCCCC2C2CCC(C3CCC3)CC2)CC1
C1CCC(CC2CCC(C3CCCCC3)CC2)CC1
C1CCC(CC2CCCCC2C2CCCC(CC3CCC3)C2)CC1
C1CCC(CCC2CCC(CCC3CCCCC3)CC2)CC1
C1CCC(CCC2CCCC(C3CCCCC3)C2)CC1
C1CCC(C2CCCCC2CCCC2CCCC(C3CCC4CCCCC4C3)C2)CC1
C1CCC(CC2CCC(CCC3CCC(CC4CCCCC4)CC3)CC2)CC1
C1CCC(C2CCC(C3CCC(CC4CCC5CCCCC54)CC3)CC2)CC1
C1CCC(CCC2CCC(C3CC(C4CCCCC4)C4CCCCC34)CC2)CC1
C1CCC(CC2CCCC(C3CCCCC3)C2)CC1
C1CCC(CCC2CC(C3CCCCC3)CC(CC3CCCCC3)C2C2CCCCC2)CC1
C1CCC(CC2CCC(C3CCCCC3)CC2)CC1
C1CCC(CC2CCCC3CC(C4CCCCC4CC4CC5CCCCC5C4)CCC23)CC1
C1CCC(CC2CCCCC2)CC1
C1CCC(CC2CCCCC2C2CCC(CC3CC(CC4CCCCC4)C4CCCCC34)CC2)CC1
C1CCC(C2CCCCC2)CC1
C1CCC(C2CCCC(CCC3CCC(C4CCCC(C5CCCC5)C4)CC3)C2)CC1
C1CCC(CC2CCC(C3CCCC(C4CCC(C5CCCCC5)CC4)C3)CC2)CC1
C1CCC(CCC2CCC(C3CCCCC3)C(C3CCC4CCCC4C3)C2)CC1
C1CCC(C2CCCC(C3CCCC4CC(C5CCCCC5)CCC43)C2)CC1
C1CCC(CCCCC2CC3CCCCC3C2)CC1
C1CCC(CC2CC(CC3CCCC(C4CCCCC4)C3)C3CCCCC23)CC1
C1CCC(C2CCC(CC3CCC4CCCC4C3)CC2)CC1
C1CCC(CC2CCC(CC3CCCCC3C3CCCCC3)CC2)CC1
C1CCC(C2CCC(C3CCC(C4CCCC(C5CCCC5)C4)CC3)CC2)CC1
C1CCC(CC2CCC(C3CCCC(CC4CCCCC4)C3)CC2)CC1
C1CCC(C2CCCC(CCCC3CCCCC3C3CCCCC3)C2)CC1
C1CCC(C2CCCCC2C2CCCCC2)CC1
C1CCC(CC2CCC(C3CCCC(CC4CCCC4)C3)CC2)C1
C1CCC(CC2CCCC(C3CCCCC3)C2)CC1
C1CCC(CC2CCC(CC3CCCCC3)CC2)CC1
C1CCC(CCC2CCCC(C3CCC(C4CCCCC4C4CCCCC4)C4CCCC34)C2)CC1
C1CCC(C2CCCC(C3CCC4CCCC4C3)C2)CC1
C1CCC(CC2CCC(CC3CCC(CC4CCCCC4)C(C4CCCCC4)C3)CC2)CC1
C1CCC(CCCC2CC(CCC3CCCCC3)CC(CC3CC3)C2)CC1
C1CCC(C2CCC(CCC3CCC(CC4CCC(C5CCCC5)CC4)CC3)CC2)CC1
C1CCC(CCCC2CCC(C3CCCC(C4CCCCC4)C3)CC2)CC1
C1CCC(CC2CCCCC2)CC1
C1CCC(CC2CCC(C3CCC(C4CCC5CCCCC54)CC3)CC2)CC1
C1CCC(CC2CCCCC2C2CCCCC2C2CCC3CCCC3C2)CC1
C1CCC(C2CCCC(C3CCCCC3)C2)CC1
C1CCC(CC2CCCC(C3CCCCC3)C2)CC1
C1CCC(CC2CCCC(C3CCCC(C4CCCCC4)C3)C2)CC1
C1CCC(CCC2CCC(CC3CCC(CC4CCC(CC5CCCC5)CC4)CC3)CC2)CC1
C1CCC(C2CCCC(CC3CCCC(C4CCCCC4)C3)C2)CC1
C1CCC(CC2CCC3CC(C4CCCCC4)CCC23)CC1
C1CCC(CC2CCC(CC3CCCCC3)CC2)CC1
C1CCC(C2CCC(C3CCCCC3)CC2)CC1
C1CCC(CCC2CCC(CC3CCCC(CCC4CCC4)C3)CC2)CC1
C1CCC(C2CCC(C3CCCCC3C3CCC4CCCC4C3)CC2)CC1
C1CCC(CC2CCCC(C3CCCCC3)C2)CC1
C1CCC(C2CCCC(CCC3CC3)C2)CC1
C1CCC(CC2CC(C3CCCCC3)CC(C3CCCCC3)C2)CC1
C1CCC2CC(CC3CCC(CCC4CCC(C5CC6CCCCC6C5)CC4)CC3)CCC2C1
C1CCC(CC2CCC(C3CCCCC3)CC2C2CCCC2C2CCCCC2)CC1
C(CCCC1CCC2CCCC(C3CCCCC3)C2C1)CCC1CCCCC1
C1CCC2CC(C3CCCCC3CC3CCCCC3CC3CC4CCCCC4C3)CCC2C1
C1CCC(CCCC2CCC(CCCC3CCCCC3)CC2)CC1
C1CCC(CC2CCCCC2CC2CCCCC2CC2CCCCC2)CC1
C1CCC(CC2CCCCC2CCC2CCCCC2CC2CCCCC2)CC1
C1CCC(CCC2CCC(C3CCC(C4CCC(CCC5CCCC5)CC4)CC3)CC2)CC1
C1CCC(C2CCCC(C3CCC(C4CCCCC4C4CCCC4)CC3)C2)CC1
C1CCC(CC2CCCC(CC3CCCC(C4CCCCC4)C3)C2)CC1
C1CCC(CCC2CCCC(CC3CCCC(CC4CC5CCCCC5C4)C3)C2)CC1
C1CCC(CC2CCCC(CCC3CC(CC4CCCCC4)C4CCCCC34)C2)CC1
C1CCC(CC2CCC(C3CC(C4CC4)CCC3C3CCCCC3)CC2)CC1
C1CCC(C2CCCC(CCC3CCCC3C3CCCCC3)C2)CC1
C1CCC(CCC2CCCC(CCC3CCCCC3C3CCCCC3)C2)CC1
C1CCC(C2CCCCC2C2CCC(C3CCC(CCCC4CCCC4)CC3)CC2)CC1
C1CCC(CCC2CCC(CC3CCCCC3CC3CCCCC3)CC2)CC1
C1CCC(C2CCC(CCC3CCC4CCCCC43)CC2)CC1
C1CCC(C2CC(C3CCCCC3)CC(C3CCCC(C4CCC5CCCCC54)C3)C2)CC1
C1CCC(CCC2CCCCC2CCC2CCC(CC3CCC(C4CCCCC4)CC3)CC2)CC1
C1CCC(CC2CCCC(C3CCCC(CC4CCC(C5CCC(C6CCCC6)CC5)CC4)C3)C2)CC1
C1CCC(C2CC(C3CCC4CCC(CCC5CCCC5)CC43)CC3CCCCC32)CC1
C1CCC(CC2CCC(CC3CCC(C4CCCCC4)CC3)CC2)CC1
C1CCC(CC2CCC(C3CCC(C4CCCCC4)C3)CC2)CC1
C1CCC(CC2CCCCC2C2CCCCC2)CC1
C1CCC(CC2CCC(CCCCC3CCC(C4CCCCC4)CC3)CC2)CC1
C1CCC(CC2CCC(C3C(C4CCCCC4)CC(CCC4CC4)CC3C3CCCC3)CC2)CC1
C1CCC(C2CCC(C3CCCCC3)CC2)CC1
C1CCC(CC2CCCCC2C2CCCC2C2CCCC(C3CCCCC3)C2)CC1
C1CCC(CC2CCCC(CCC3CCCC(CCC4CC5CCCCC5C4)C3)C2)CC1
C1CCC(CCCC2CCCC(CCCC3CCCCC3)C2)CC1
C1CCC(CC2CCCCC2CC2CCCCC2)CC1
C1CCC(C2CC3CCCCC3C(C3CCCCC3)C2)CC1
C1CCC(C2CCCC(C3CC3)C2)CC1
C1CCC(C2CCCC(C3CCCC(CCC4CCCC4)C3)C2)CC1
C1CCC(CC2CCCC(C3CCC(C4CCCC4)CC3)C2)CC1
C1CCC(CCCC2CCC(CC3CCCCC3)CC2C2CCCCC2)CC1
C1CCC(CC2CC(C3CC(CC4CC4)CCC3CC3CCCCC3)C3CCCCC23)CC1
C1CCC(CCC2CCC(CCC3CCC(C4CCCCC4)CC3)CC2)CC1
C1CCC(CC2CCC(C3CCCC(C4CCCCC4C4CCCCC4)C3)CC2)CC1
C1CCC(CC2CCC(CC3CCC(C4CCC(C5CCCCC5)CC4)CC3)CC2)CC1
C1CCC(CC2CC3CCC(C4CCC(C5CC5)CC4)CC3C(C3CCCCC3)C2)CC1
C1CCC(CC2CC(C3CCCC4CCCCC43)C3CC(CC4CC4)CCC23)CC1
C1CCC(CC2CCCC(C3CCCC(CC4CCCCC4)C3)C2)CC1
C1CC2CCC(CC3CCCC(C4CCC5CCCC5C4)C3)CC2C1
C1CCC(CCCCC2CCC(CCCC3CCCCC3)CC2)CC1
C1CCC(C2CCCCC2C2CCC(CCC3CCC4CCCCC4C3)CC2C2CCCCC2)CC1
C1CCC(C2CCCC3CCC(CCC4CCC5CCCC5C4)CC32)CC1
C1CCC(CCC2CCCC(CC3CCCCC3)C2)CC1
C1CCC(CCC2CCCC(C3CCCC(CC4CCCCC4)C3)C2)CC1
C1CCC(C2CCCC(CC3CCC(C4CCCC4)CC3)C2)CC1
C1CCC(CCCC2CCCC(C3CCCCC3)C2)CC1
C1CCC(C2CCCC(C3CC(C4CCCCC4)CC(C4CC4)C3)C2)CC1
C1CCC(CC2CCCC(CCCCC3CCC(C4CCCCC4)CC3)C2)CC1
C1CCC(C2CCCC(CC3CCCCC3CC3CC4CCCCC4C3)C2)CC1
C1CCC(CC2CCC(C3CCCCC3C3CCC4CCCCC4C3)CC2)CC1
C1CCC(C2CCCC(C3CCCC(CCCC4CCCC4)C3)C2)CC1
C1CCC(C2CCC(C3CCCCC3C3CCCC(C4CCCC4)C3)CC2C2CCCCC2)CC1
C1CCC(C2CCCC2C2CCCCC2)CC1
C1CCC(C2CCC(CC3CCC(C4CCC(C5CCCCC5)CC4)CC3)CC2)CC1
C1CCC(CC2CCCCC2C2CCCC(C3CCC(C4CCCCC4)CC3)C2)CC1
C1CCC(CCCC2CCC(C3CCCCC3)C(C3CCC4CCCC4C3)C2)CC1
C1CCC(C2CCCC(C3CCCCC3)C2)CC1
C1CCC(CC2CCCCC2C2CCCC(C3CCCCC3)C2)CC1
C1CCC(C2CCCCC2C2CCCCC2)CC1
C1CCC(C2CCC(C3CCCC(CC4CCCC(C5CCCCC5)C4)C3)CC2)CC1
C1CCC(CCCC2CCCC(C3CCC(CC4CCCCC4)CC3)C2)CC1
C1CCC(CC2CCCC(CC3CCC(C4CC5CCCCC5C4)C(C4CCCCC4)C3)C2)CC1
C1CCC(C2CCCCC2C2CCCC2)CC1
C1CCC(C2CC(C3CCC(C4CCC4)CC3)C(C3CCCCC3)C3CCCC23)CC1
C1CCCCC1
C1CCC(C2CCC(C3CCC(CCC4CC5CCCCC5C4)CC3)CC2)CC1
C1CCC(CC2CCCCC2C2CCCCC2)CC1
C1CCC(CCCC2CCC(C3CCC(CC4CCCCC4)CC3)CC2)CC1
C1CCC(C2CCC(C3CCCC(C4CCCCC4)C3)CC2)CC1
C1CCC(C2CCC(C3CCCCC3C3CC3)CC2)CC1
C1CCC(C2CCCC3CCC(CC4CCCC(C5CCC5)C4)CC32)CC1
C1CCC(CC2CCC(C3CCC(C4CCCCC4C4CCCCC4)CC3)CC2)CC1
C1CCC(CCCC2CCC(C3CCCC(CCC4CCCCC4)C3)CC2)CC1
C1CCC(CC2CCC(C3CCCC(C4CCCCC4)C3)CC2)CC1
C1CCC(CCCCC2CCC(CC3CCC(CC4CCCCC4)CC3)CC2)CC1
C1CCC(CC2CCCC(C3CCCCC3C3CCC4CCCCC4C3)C2)CC1
C1CCC(CC2CCCCC2)CC1
C1CCC(CCC2CCCCC2C2CCC3C(CCCC3C3CCC4CCCCC43)C2)CC1
C1CCC(CCCC2CCC(C3CCCCC3CC3CCCCC3)CC2)CC1
C1CCC(CCC2CCC(CC3CCCCC3)CC2)CC1
C1CCC(CCC2CCC(CC3CCCCC3)CC2)CC1
C1CCC(CC2CCCC(CCCC3CC4CCCCC4C3)C2)CC1
C1CCC(C2CCCCC2C(C2CCCCC2)C2CCCCC2)CC1
C1CCC(C(C2CCCCC2)C2CCCC(CCC3CCC(C4CC4)CC3)C2)CC1
C1CCC(CCC2CCC(CC3CCCCC3)CC2)CC1
C1CCC(C2CCCC(C3CCCCC3)C2)CC1
C1CCC(CCC2CC(CC3CCCCC3)C3CCCCC23)CC1
C1CCC(C2CCC(C3CCC4CCCC4C3)C(C3CCC4CCCC4C3)C2)CC1
C1CCC(C2CCCCC2C2CCC3CCCC3C2)CC1
C1CCC(CCCCC2CCCC2)CC1
C1CCC(CC2CCC(CCC3CCC4CCCCC4C3)CC2)CC1
C1CCC(CCC2CCC(C3CCCCC3)CC2)CC1
C1CCC(C2CCC(CC3CCC4C(CCCC4C4CCC5CCCCC54)C3)CC2)C1
C1CCC(CC2CCCCC2C2CC(CC3CC3)C3CCCCC32)CC1
C1CCC(CC2CCC(CC3CCC(C4CCCCC4)CC3)CC2)CC1
C1CCC(CC2CCCCC2C2CCCC(CC3CCCC(C4CCC4)C3)C2)CC1
C1CCC(C2CCC(C3CCCCC3C3CCCCC3)CC2)CC1
C1CCC(C2CCCCC2CCC2CCC(CC3CCCC3)CC2)CC1
C1CCC(CCC2CCCC(C3CCCCC3C3CCCC3)C2)CC1
C1CCC(CCC(C2CCCC2)C2CCC(CC3CCCCC3)C(C3CCCCC3)C2)CC1
C1CCC(CCC2CCC(C3CCCC(CC4CCCC5CCCCC54)C3)CC2)CC1
C1CCC(CC2CCCC(C3CC(CC4CCCCC4)CCC3C3CCCCC3)C2)CC1
C1CCC(C2CCC3CCC(CCC4CCC(C5CCC6CCCCC6C5)C4)C3C2)CC1
C1CCC(CC2CCC(CC3CCC(C4CCCCC4)CC3)CC2)CC1
C1CCC(CCCCC2CC3CCCCC3C2)CC1
C1CCC(C2CCC(C3CCC(CC4CCC4)CC3C3CCCC3)CC2)CC1
C1CCC(CCCC2CCCC(C3CCC(C4CCC(C5CCC5)CC4)CC3)C2)CC1
C1CCC(CC2CC(C3CCCCC3)CCC2C2CCCC(C3CCCCC3)C2)CC1
C1CCC(CCCC2CCCC(CCC3CCCCC3)C2)CC1
C1CCC(CCC2CCC(CC3CCCCC3)CC2)CC1
C1CCC(C2CCC(C3CCC(C4CCCC4)CC3)C(C3CC4CCCCC4C3)C2)CC1
C1CCC(C2CCCC(C3CCCCC3C3CCCCC3)C2)CC1
C1CCC(CC2CCC(C3CCCC(C4CCCCC4)C3)C(C3CCCCC3)C2)CC1
C1CCC(CC2CCC(C3CCCCC3)C(C3CCCC3)C2)CC1
C1CCC(C2CCCC(CCC3CCC(CCCC4CCCC4)CC3)C2)CC1
C1CCC(CCC2CCC(CCCC3CCC(CC4CCC(CCC5CCCCC5)CC4)CC3)CC2)CC1
C1CCC(C2CCCCC2CC2CCCC(C(C3CCCCC3)C3CCC4CCCCC43)C2)CC1
C1CCC(C2CCC(C3CCCCC3)CC2)CC1
C1CCC(CCCC2CCCC(C3CCC(C4CCCCC4)CC3C3CCCC3)C2)CC1
C1CCC(C2CCCC(C3CC(C4CCCCC4)CC(C4CCCCC4)C3)C2)CC1
C1CCC(CCC2CCCC(C3CCCCC3C3CCCC3)C2)CC1
C1CCC(CC2CCC(C3CCCCC3C3CCC4CCCC4C3)CC2)CC1
C1CCC(C2CCCC(CC3CCC4CCCC4C3)C2)CC1
C1CCC(CC2CCC(C3CCCCC3)CC2)CC1
C1CCC(CC(C2CCCCC2)C2CCCC(C3CCCCC3)C2)CC1
C1CCC(CC2CCC3CC(C4CCC(CC5CCCCC5)C4)CCC3C2)CC1
C1CCC(C2CCC(C3CCCCC3)C(C3CCCCC3)C2)CC1
C1CCC(CCCCC2CCC(CC3CCCCC3)CC2)CC1
C1CCC(CCCCC2CCCCC2)CC1
C1CCC(CCC2CCC(CC3CCC(C4CCCC(C5CCCCC5)C4)CC3)CC2)CC1
C1CCC(CCCCC2CCCCC2C2CCC(CC3CCCCC3)CC2)CC1
C1CCC(CC2CCC(C3CCCC(C4CCCCC4C4CCCCC4)C3)CC2)CC1
C1CCC(C2CCC(C3CCCCC3C3CCCCC3)CC2)CC1
C1CCC(C2CCC(CCCC3CCC4CCCCC43)CC2C2CCCC2)CC1
C1CCC(CC2CCCC(C3CCC(C4CC(CCC5CCCC5)C5CCCCC54)CC3)C2)CC1
C1CCC(CC2CCC3CC(C4CCCCC4)CCC23)CC1
C1CCC(CC2CCC(C3CCCCC3)C(C3CCCCC3)C2)CC1
C1CCC(CC2CCC(CC3CCC(CCCCC4CCCC(C5CCCC5)C4)CC3)CC2)CC1
C1CCC(CCC2CCC(CC3CCCCC3)CC2)CC1
C1CCC(C2CCC(C3CCC4CC(C5CCC6CCCCC65)CC(C5CCCCC5)C4C3)C2)CC1
C1CCC(C2CCCCC2C2CCCCC2C2CCCCC2)CC1
C1CCC(C2CCC(C3CCCC(C4CCCC5CCCCC54)C3)CC2)CC1
C1CCC(CCC2CCC3CC(C4CCC(C5CCCC5)CC4)CCC23)CC1
C1CCC(CC2CCCCC2CCC2CCC(C3CCCCC3)CC2)CC1
C1CCC(CC2CCC(C3CCCCC3)CC2CC2CCCCC2)CC1
C1CCC(CC2CCC3C(CC4CCC(C5CCCCC5)CC4)CC(CC4CCCC4)C3C2)CC1
C1CCC(CC2CCC(C3CCCCC3)CC2)CC1
C1CCC(CC2CCC(C3CCCCC3)CC2)CC1
C1CCC(CC2CCC(CC3CCCC3)CC2)CC1
C1CCC(C2CCC(CC3CCC(C4CCCC(C5CCCCC5)C4)CC3)CC2)CC1
C1CCC(CC2CCCC(CCC3CCC(CC4CCC4)CC3)C2)CC1
C1CCC(CC2CCC(C3CCCCC3C3CCCCC3)CC2)CC1
C1CCC(CC2CCCCC2C2CCC3C(CCCC3C3CCCCC3)C2)CC1
C1CCC(C2CCCC(CCC3CC3)C2C2CCC(C3CCCC3)CC2)CC1
C1CCC(C2CCC(C3CCCC(C4CCCCC4)C3)CC2)CC1
C1CCC(CCC2CCC(CCC3CCC(C4CCCC(C5CCC6CCCCC65)C4)CC3)CC2)CC1
C1CCC(C2CCCCC2C2CCCCC2C2CCCC2)CC1
C1CCC(CCCC2CC(CC3CCCCC3)CCC2C2CCCCC2)CC1
C1CCC(CCCC2CCC(CCC3CCCC(CC4CCCCC4)C3)CC2)CC1
C1CCC(C2CCCC(CCC3CCC(C4CCCCC4C4CCC5CCCC5C4)CC3)C2)CC1
C1CCC(CC2CCC(CC3CCCCC3C3CCCCC3)CC2)CC1
C1CCC(CC2CCC(CCC3CCC(C4CC5CCCCC5C4)CC3)CC2)C1
C1CCC(CC2CCC(C3CCCCC3)CC2C2CCCCC2)CC1
C1CCC(C2CC(CC3CCC(C4CCCC4)CC3)CC3CCCCC32)CC1
C1CCC(C(C2CCCCC2)C2CCCC(C3CCCC(CC4CCCC4)C3)C2)CC1
C1CCC(C2CCCC(C3CCCC(C4CCCC(CCC5CCC6CCCCC65)C4)C3)C2)CC1
C1CCC(CC2CCCC(C3CCCC(CC4CCC5CCCCC54)C3)C2)CC1
C1CCC(CCC2CCCCC2C2CCCC(CC3CCCCC3)C2)CC1
C1CCC(CC2CCC(C3CCC4C(CC5CCCCC5)CCC4C3)CC2)CC1
C1CCC(CCC2CCC(C3CCCCC3)CC2)CC1
C1CCC(C2CCC(CC3CC(C4CCCCC4)CC(C4CCCCC4)C3)CC2)CC1
C1CCC(CC2CC(C3CCCCC3)CC(C3CCCCC3)C2)CC1
C1CCC(CC2CCC(C3CC(CC4CCCCC4)C4CCCCC43)CC2)CC1
C1CCC(C2CCC(CC3CC(C4CC4)CCC3C3CCCC(C4CC4)C3)CC2)CC1
C1CCC(C2CCCCC2C2CC3CCC(C4CCC5CCCCC54)CC3C2)CC1
C1CCC(CCC2CCCC(CC3CCCC(C4CC(CCCC5CCC5)C5CCCCC54)C3)C2)CC1
C1CCC(CCC2CCC(CC3CCCCC3)CC2)CC1
C1CCC(C2CCC(C3CCCCC3)CC2)CC1
C1CCC(CC2CCCC(C3CCCC(C4CCCCC4)C3)C2)CC1
C1CCC(CCC2CCC(CC3CCCC(CC4CCCCC4)C3)CC2)CC1
C1CCC(C2CCCC(C3CCCCC3CCC3CC4CCCCC4C3)C2)CC1
C1CCC(C2CCC3C(CCCC3C3CCCC(C4CCCCC4C4CCCCC4)C3)C2)CC1
C1CCC(C2CCCCC2C2CCCCC2CC2CCCC(C3CCCC3)C2)CC1
C1CCC(CC2CCC(CC3CCC(C4CCCCC4)CC3)CC2)CC1
C1CCC(CC(CC2CCCCC2C2CCCCC2)C2CCCCC2)CC1
C1CCC(C2CCC(C3CCC(C4CCCCC4C4CCCCC4)CC3)CC2)CC1
C1CCC(C2CCC(C3CCC(C4CCC(C5CCCCC5)CC4)CC3)CC2)CC1
C1CCC(CC2CCC(C3CCCCC3)CC2)CC1
C1CCC(CCC2CCCCC2C(CC2CCCCC2)C2CCCCC2)CC1
C1CCC(CCC2CC(CCC3CCCCC3)CC(C3CCCCC3)C2)CC1
C1CCC(CC2CCCC(C3CCCCC3)C2)CC1
C1CCC(CC2CCCC(C3CCCCC3)C2)CC1
C1CCC(CCC2CCCC(CC3CCCCC3)C2)CC1
C1CCC(CC2CCC(CC3CCCC(C4CCCCC4)C3)CC2)CC1
C1CCC(CC2CCC(CCC3CC4CCCCC4C3)CC2)CC1
C1CCC(CC2CCC(CC3CCCCC3)CC2)CC1
C1CCC(CC2CCC(CC3CCC(CC4CC5CCCCC5C4)CC3)CC2)CC1
C1CCC(C2CCC(C3CCC(C4CCCC(C5CCCCC5)C4)CC3)CC2)CC1
C1CCC(CC2CC(C3CCCCC3)CC(C3CCCCC3)C2)CC1
C1CCC(CCCC2CCC(CC3CCCCC3)CC2)CC1
C1CCC(C2CCCC(C3CCC(C4CCCCC4)CC3C3CCCCC3)C2)CC1
C1CCC(CCC2CCC(CC3CCCCC3)CC2)CC1
C1CCC(CC2CCC(C3CCC(C4CCCCC4)CC3)CC2)CC1
C1CCC(C2CCC(CCC3CCCC(CC4CCCC4)C3)CC2)CC1
C1CCC(CC2CCCCC2C2CCC(C3CCCCC3C3CCC4CCCC4C3)CC2)CC1
C1CCC(CCCC2CCCCC2C2CCCC3CC(C4CCCCC4)CCC32)CC1
C1CC(CCC2CCCC(CC3CCC(CC4CCC5CCCC5C4)CC3)C2)C1
C1CCC(CCC2CCCC(CC3CCCCC3)C2)CC1
C1CCC(CC2CCCCC2C2CCC3C(CCCC3C3CCCCC3)C2)CC1
C1CCC(CC2CCCC(C3CCCCC3)C2)CC1
C1CCC(C2CCCC(C3CCCC(C4CCC5CCCC5C4)C3)C2)C1
C1CCC(C2CCC(C3CCC4CCCCC43)CC2)CC1
C1CCC(C2CCC(CC3CCCC(C4CCCCC4)C3)CC2)CC1
C1CCC(CCC2CCC(CC3CCCCC3)CC2)CC1
C1CCC(CCC2CC(C3CCCCC3)CCC2C2CCCC(CC3CCC3)C2)CC1
C1CCC(C2CCCC(CCCC3CCCCC3C3CCCCC3)C2)CC1
C1CCC(CC2CCC(CC3CCC(C4CCC4)CC3)CC2)CC1
C1CCC(CCCC2CCCCC2C2CCCCC2)CC1
C1CCC(CCCC2CCC(CCC3CCCCC3)CC2)CC1
C1CCC(CCC2CCC3CCCC(C4CCCCC4)C3C2)CC1
C1CCC(CC2CCCCC2)CC1
C1CCC(CC2CC(C3CCCCC3)C(C3CCCCC3)C(C3CC3)C2)CC1
C1CCC(CC2CCC(C3CCCC(C4CCC(CC5CCCC5)CC4)C3)CC2)CC1
C1CCC(CCCC2CCC(CCC(CCC3CCCCC3)C3CCCC3)CC2)CC1
C1CCC(C2CCCC(C3CCCC3)C2)CC1
C1CCC(CCCC2CCC(CCC3CCCCC3)CC2)CC1
C1CCC(CC2CCC(CCC3CCC(C4CCCCC4)CC3)CC2)CC1
C1CCC(C2CCCCC2C2CCCC2)CC1
C(CCCC1CCCC(CC2CCCCC2)C1)CCC1CCCCC1
C1CCC(C2CCC(CC3CC3)C(C3CCC4CCCC4C3)C2)CC1
C1CCC(CC2CCC(CC3CCCCC3)CC2)CC1
C1CCC(CC2CCC(CC3CCCCC3)CC2)CC1
C1CC(CC2CCC(C3CCCC3)CC2)CC(CC2CC3CCCCC3C2)C1
C1CCC(CCC2CCCC(CC3CC4CCCCC4C3)C2)CC1
C1CCC(CCCC2CCCC(C3CCC4CCC(C5CCCCC5)CC43)C2)CC1
C1CCC(CCC2CCC(CC3CCCCC3)CC2)CC1
C1CCC(C2CCCCC2C2CCC(C3CCCCC3CC3CC4CCCCC4C3)C2)CC1
C1CCC(C2CCCC(CC3CCCC(C4CCCCC4)C3)C2)CC1
C1CCC(C2CCCC(CC3CCCCC3C3CCCCC3)C2)CC1
C1CCC(C2CCC(C3CC3)CC2C2CCC3CCCC3C2)CC1
C1CCC(CC2CCCCC2)CC1
C1CCC(C2CCCC(C3CCCC3)C2)CC1
C1CCC(CCCC2CCC(C3CCCCC3)CC2)CC1
C1CCC(C2CCCCC2C2CCCCC2)CC1
C1CCC(C2CC(C3CCC(C4CCCC(C5CCC5)C4)CC3)C3CCCCC23)CC1
C1CCC(C2CCCC(CC3CCCCC3C3CCCCC3)C2)CC1
C1CCC(CC2CCC(CCC3CC3)CC2)CC1
C1CCC(CC2CCCC(CC3CCCCC3)C2)CC1
C1CCC(CC2CCCC(C3CCCC(C4CCC5CCC(C6CCCCC6)CC5C4)C3)C2)CC1
C1CCC(C2CCC(C3CCCC(C4CCCCC4)C3)CC2)CC1
C1CCC(CC2CC(C3CCCC(C4CCCCC4)C3)CCC2C2CCCCC2)CC1
C1CCC(C2CCCC(C3CC(C4CCCCC4)CC4CCCCC43)C2)CC1
C1CCC(CCC2CCC(C3CCCCC3)CC2)CC1
C1CCC(C2CCCC(C3CCCCC3C3CCCCC3)C2)CC1
C1CCC(CCC2CCC(CCC3CCCC(C4CCCCC4)C3)CC2)CC1
C1CCC(CC2CCC(C3CCCC3C3CCCCC3)CC2)CC1
C1CCC(CCCC2CCC(CC3CCCCC3)CC2)CC1
C1CCC(CC2CCC(C3CCCC(CC4CCCCC4)C3)CC2)CC1
C1CCC(CCC2CC(CC3CC4CCCCC4C3)CC(C3CCCCC3)C2)CC1
C1CCC(CCC2CCC(CCC3CCC(CCC4CCCCC4)CC3)CC2)CC1
C1CCC(C2CCCCC2C2CCC(C3CCC4CCCCC43)C2)CC1
C1CCC(CC2CC(C3CCCCC3)C3CCCCC23)CC1
C1CCC(CCCCC2CCCCC2C2CCC(C3CC3)CC2)CC1
C1CCC(CCC2CCCC(C3CCCC(C4CCCCC4)C3)C2)CC1
C1CCC(CCCCC2CCC(CC3CCCCC3)CC2)CC1
C1CCC(CCC2CC(C3CCCCC3)C3CC(C4CCC(C5CCCCC5)CC4)CCC23)CC1
C1CCC(CCC2CCCC(CCCC3CCCCC3CCC3CCCCC3)C2)CC1
C1CCC(C2CCC(C3CCC(C4CCCCC4)C4CCCCC43)C(C3CCCC3)C2)CC1
C1CCC(CCC2CCC(CC3CCCCC3)CC2)CC1
C1CCC(CC2CC(CC3CCCCC3C3CCCCC3)C3CCCCC23)CC1
C1CCC(CC2CCCCC2C2CCC(C3CCCCC3C3CCCCC3)CC2)CC1
C1CCC(C2CCCC(CCC3CCC4CCCCC4C3)C2)CC1
C1CCC(C2CCC(CCC3CCCC(C4CCC4)C3)CC2)C1
C1CCC(C2CCC(CCCC3CCC4CCCCC4C3)CC2)CC1
C1CCC(CCCCC2CCC3CC(C4CCC(CCC5CCCC5)CC4)CCC23)CC1
C1CCC(C(CCC2CCCC(CCC3CC4CCCCC4C3)C2)C2CCCC2)CC1
C1CCC(CC2CCC3CC(C4CCC5CCCCC54)CC(C4CCC5CCCCC54)C3C2)C1
C1CCC(CC2CC(C3CCCCC3)CCC2C2CCCCC2)CC1
C1CC2CCC(CCC3CCC(C4CCC5CCCC5C4)CC3)CC2C1
C1CCC(CC2CCCC(C3CCCC(CC4CCCCC4)C3)C2)CC1
C1CCC(C2CCC3CC(C4CCCC(C5CCC5)C4)CCC32)CC1
C1CCC(CCC2CCCCC2C2CCCC(C3CCCCC3)C2)CC1
C1CCC(C2CCCC(C3CCCCC3C3CC(C4CCCCC4)CC(C4CCC4)C3)C2)CC1
C1CCC(CC2CCC(CC3CCCCC3)CC2)CC1
C1CCC(C2CCC(C3CCCCC3)CC2)CC1
C1CCC(C2CCCC(C3CCCC(C4CCCCC4C4CCCC4)C3)C2)CC1
C1CCC2CC(C3CCCC(CCCC4CCCC5CCCCC54)C3)CCC2C1
C1CCC(CCC2CCC(CC3CCC(CC4CC5CCCCC5C4)CC3)CC2)CC1
C1CCC(C2CCC3CC(C4CC(C5CCCC5)CC(C5CCCC(CC6CC6)C5)C4)CCC32)CC1
C1CCC(CC2CCC(C3CCCCC3)CC2)CC1
C1CCC(CC2CCC(CCC3CCC(C4CCCCC4)CC3)CC2)CC1
C1CCC(CCCC2CCCCC2CC2CCC(C3CCCCC3)CC2)CC1
C1CCC(CCCC2CCCCC2C2CCC(CC3CCCCC3)CC2)CC1
C1CCC(C2CCCC(C3CCCC(C4CCCCC4)C3)C2)CC1
C1CCC(C2CCC3C(CCCC3C3CCCC(C4CCCC4C4CCCCC4)C3)C2)CC1
C1CCC(CCCCC2CCCC(CC3CCCCC3)C2)CC1
C1CCC(CC2CC(CC3CCC4CC(C5CCC(C6CCCC6)CC5)CCC43)C3CCCCC23)CC1
C1CCC(C2CCCC(C3CCC4CC(C5CCC6CCCCC65)CC(C5CCCC5)C4C3)C2)CC1
C1CCC(C2CCC(CCC3CC4CCCCC4C3)CC2)CC1
C1CCC(CCC2CCC(CC3CCC(CC4CCCCC4)CC3)CC2)CC1
C1CCC(CC2CCCCC2CCC2CCC3CCCCC3C2)CC1
C1CCC(CCCCC2CCC(CC3CCCCC3)CC2)CC1
C1CCC(CCC2CCC(C3CCCCC3CC3CCCCC3)C(C3CCCCC3)C2)CC1
C1CCC(CC2CCC3CC(CCC4CCC(C5CCCCC5)CC4)CCC23)CC1
C1CCC(CCC2CCCCC2C2CCC(CC3CCCCC3)CC2)CC1
C1CCC(CCCC2CCC3CC(C4CCC5CCCCC54)CCC3C2)CC1
C(CC1CCC(CCC2CCC3CCCC3C2)CC1)CC1CCC(C2CCCC(C3CCC3)C2)CC1
C1CCC(CC2CCC(C3CCCCC3C3CCCC3)C(C3CCCCC3)C2)CC1
C1CCC(C2CCCC(CC3CCC(C4CCCC4)CC3)C2)CC1
C1CCC(CC2CCCCC2C2CCC(CCC3CCCC(C4CCCCC4)C3)CC2)CC1
C1CCC(CCCC2CCC(C3CCCC(CC4CCCCC4)C3)CC2)CC1
C1CCC(CCC2CCC(C3CCC(C4CCCCC4)CC3)CC2)CC1
C1CCC(CCCC2CCCC(C3CCC(C4CCC4)CC3)C2)CC1
C1CCC(CCCCC2CCC(CCCCC3CCC(CC4CCCCC4)CC3)CC2)CC1
C1CCC(C2CCC(C3CCCC(C4CCCCC4)C3)CC2)CC1
C1CCC(CCC2CCCC(CC3CCCC(C4CC4)C3)C2)CC1
C1CCC(CCCC2CCCC(CCC3CCCCC3)C2)CC1
C1CCC(C2CCC(C3CCCCC3C3CCC4CCCCC4C3)CC2)CC1
C(CC1CCC(CC2CCCCC2C2CC(C3CC3)CCC2C2CCC3CCCC3C2)CC1)CC1CCCC(C2CC2)C1
C1CCC(CCCC2CCCC(CC3CC(CCC4CCCCC4)C4CCCCC34)C2)CC1
C1CCC(CC2CCC(CC3CCCC(CCC4CCCC4)C3)CC2)CC1
C1CCC(C2CCC(CC3CCC(CC4CCC(C5CCCCC5)CC4)CC3)CC2)CC1
C1CCC(C2CCC(C3CCCCC3C3CCCCC3)C(C3CCCCC3)C2)CC1
C1CCC(CC2CCCCC2C2CCCC(C3CCC(C4CCCC4)CC3)C2)CC1
C1CCC(C2CCC3C(CCCC3C3CCC(C4CCCC5CCCCC54)CC3)C2)CC1
C1CCC(CCCC2CCC(C3CCCC(CC4CCCCC4)C3)CC2)CC1
C1CCC(CCCCC2CCC(C3CC4CCCCC4C3)CC2)CC1
C1CCC(CCC2CCCC(CC3CCCCC3)C2)CC1
C1CCC(C2CCCC(C3CCCCC3)C2)CC1
C1CCC(C2CCCCC2)CC1
C1CCC(CCC2CCC(CC3CCC(C4CCC(C5CCCCC5)CC4)CC3)CC2)CC1
C1CCC(CC2CCCC(C3CCCC4CC(C5CCCCC5)CCC43)C2)CC1
C1CCC(C2CCCC(C3CCCCC3CCC3CCCCC3C3CCC(C4CC5CCCCC5C4)C3)C2)CC1
C1CCC(CC2CCC(C3CCC(C4CCCCC4)CC3)CC2)CC1
C1CCC(CCCCC2CCCC(C3CCCC4CCCCC43)C2)CC1
C1CCC(CCCC2CCCC(CC3CCCCC3)C2)CC1
C1CCC(CCC2CCCC(CC3CCCCC3)C2)CC1
C1CCC(CCC2CCC3CCC(CC4CCC(C5CCCCC5)CC4)C3C2)CC1
C1CCC(CC2CC(C3CCC(CCC4CCC(C5CCCCC5)CC4)CC3)C3CCCCC23)CC1
C1CCC(C2CCCC(CC3CCC4CCCCC43)C2)CC1
C1CCC(C2CCCC(C3CCC4CC(C5CCCCC5)CCC4C3)C2)CC1
C1CCC(CCCC2CCC(C3CCCCC3)C2)CC1
C1CCC(CC2CCCC(C3CCCCC3)C2)CC1
C1CCC(C2CCC(C3CCCCC3C3CCCC3)C(C3CCCCC3)C2)CC1
C1CCC(CC2CC(CCCC3CC3)C3CC(C4CCCCC4)CCC23)CC1
C(CCCC1CCC(C2CCCCC2)CC1)CCC1CCCCC1
C1CCC(CC2CCC(CC3CCC(C4CCCC4)CC3)CC2)CC1
C1CCC(C2CCCC(CC3CCCCC3C3CCCCC3)C2)CC1
C1CCC(C2CC(C3CCCC3)CC(C3CC(C4CCCC4)C4CCCCC34)C2)CC1
C1CCC(CCCC2CCCC(C3CCCCC3)C2)CC1
C1CCC(CCC2CCC(CC3CCCCC3)CC2)CC1
C1CCC(CC2CCC(C3CCC(C4CCCCC4)CC3)CC2)CC1
C1CCC(CC2CC(CC3CCC(C4CCCCC4)CC3)C3CCCCC23)CC1
C1CCC(C2CCC(C3CCC(C4CCCCC4)CC3C3CCCC3)CC2)CC1
C1CCC(C2CCC(CCC3CC4CCCCC4C3)CC2)CC1
C1CCC(C2CCCC(C3CCCCC3)C2)CC1
C1CCC(CCCCC2CCC(CC3CCC(CCC4CCCCC4)CC3)CC2)CC1
C1CCC(C2CCCC(CCC3CCCC(C4CCCCC4)C3)C2)CC1
C1CCC(C2CC(C3CCC3)CCC2C2CCC(CC3CCC(CC4CC4)CC3)CC2)CC1
C1CCC(C2CCC(CC3CC4CCC(CCC5CCC6CCCCC6C5)CC4C3)CC2)CC1
C1CCC(CC2CCCC(C3CCCC(C4CCCCC4)C3)C2)CC1
C1CCC(CC2CCC(CC3CCC(C4CCCCC4)CC3)CC2)CC1
C1CCC(CCCCC2CCCC(CCC3CCCCC3CCC3CCCCC3)C2)CC1
C1CCC(C2CCC(C3CC4CCCCC4C(C4CCCCC4)C3)CC2)CC1
C1CCC(CCC2CCCC(CC3CCC(C4CCCCC4)CC3)C2)CC1
C1CCC(CC2CCC(C3CCCCC3C3CCCCC3)CC2)CC1
C1CCC(CC2CCCC(CC3CC(C4CCCCC4C4CCCCC4)C4CCCCC34)C2)CC1
C(CCCC1CCC(CCC2CCC(CC3CCCCC3)CC2)CC1)CCC1CCCCC1
C1CCC(CCCC2CCC(CC3CCCCC3)CC2)CC1
C1CCC(CCC2CCCC(C3CCCCC3)C2)CC1
C1CCC(CC2CCCC(C3CCC(C4CC4)CC3)C2)CC1
C1CCC(CC2CCC(CCCCC3CCCC(C4CCCC4)C3)CC2)CC1
C1CCC(CCC2CC(CCC3CC4CCCCC4C3)CC(CCC3CCCCC3)C2C2CCCC2)CC1
C1CCC(CC2CCC(C3CCCC(C4CCCCC4CC4CCCCC4)C3)CC2)CC1
C1CCC(CC2CCCC(C3CCCC(C4CCCCC4)C3)C2)CC1
C1CCC(C2CCCC3CC(C4CCC(C5CCCC(C6CCCC6)C5)CC4)CCC32)CC1
C1CCC(CC2CC(CC3CC3)CC(C3CCCC(CC4CCC(C5CCCCC5)CC4)C3)C2)CC1
C1CCC(C2CCCC(C3CC4CCCCC4C3)C2)C1
C1CCC(CC2CCCC(CC3CCC(C4CCC5CCCCC5C4)CC3)C2)CC1
C1CCC(CC2CCC(CC3CCC(CCC4CCCCC4CC4CCCCC4)CC3)CC2)CC1
C1CCC(CCCC2CCC(C3CCCCC3)CC2)CC1
C1CCC(CCC2CCC(CC3CCCC(CC4CCCCC4)C3)CC2)CC1
C1CCC(CC2CCCCC2)CC1
C1CCC(CCCCC2CCC(CC3CCC(CC4CCCCC4)CC3)CC2)CC1
C1CCC(CC2CCCC(C3CCCCC3C3CCCCC3)C2)CC1
C1CCC(CC2CCC(C3CCCCC3)CC2CC2CC3CCCCC3C2)CC1
C1CCC(CCCCC2CCC(CC3CCC(C4CCCC(CC5CCCCC5)C4)CC3)CC2)CC1
C1CCC(CC2CCC(CC3CC4CCCCC4C3)CC2)CC1
C1CCC(CC2CCC(CC3CCCC(CC4CCCCC4)C3)CC2)CC1
C1CCC(C2CCCC(C3CCCCC3)C2)CC1
C1CCC(C2CCCCC2C2CCCCC2C2CC2)CC1
C1CCC(CC2CCC(C3CCCCC3C3CCCCC3)CC2)CC1
C1CCC(CC2CCC(CC3CCC(CC4CCCCC4)C3)CC2)CC1
C(CCCC1CCC(CC2CCCCC2)CC1)CCC1CCCCC1
C1CCC(CCC2CC(C3CCCCC3)CC(C3CCCC(C4CCCCC4)C3)C2)CC1
C1CCC(CC2CCCCC2)CC1
C1CCC(CC2CCCC(C3CCCCC3)C2)CC1
C1CCC(CC2CCCC(C3CCCCC3)C2)CC1
C1CCC(CCCC2CC(CC3CCCCC3)CCC2C2CCCCC2)CC1
C1CCC(CC2CC(C3CCCCC3)CC(C3CCCCC3)C2)CC1
C1CCC(CCCC2CCCC(CC3CCC(CC4CCCCC4)CC3)C2)CC1
C1CCC(CC2CCC(C3CCC(CCC4CCCCC4C4CCCC4)CC3)CC2)C1
C1CCC(C2CCCC(C3CCCC(C4CCCCC4)C3)C2)CC1
C1CCC(CC2CCCCC2)CC1
C1CCC(CC2CCC(C3CCCCC3)C(C3CCCCC3)C2)CC1
C1CCC(C2CCC(CC3CCCCC3C3CCCC(C4CCCCC4)C3)CC2)CC1
C1CCC(CCC2CCCC(C3CCCCC3)C2)CC1
C1CCC(CC2CC(C3CCCCC3)C3CC(C4CCCCC4)CCC23)CC1
C1CCC(C2CCC(CC3CCC3)CC2)CC1
C1CCC(CCCC2CCCCC2C2CCCCC2)CC1
C1CCC(C2CCCC(CCC3CCC(C4CCCC4)CC3)C2)CC1
C1CCC(C2CCC(CCC3CCC(C4CCCCC4C4CCCC4)CC3)CC2)CC1
C1CCC(C2CCC(CCC3CCCCC3CC3CCC(C4CCCC4)CC3)CC2)CC1
C1CCC(C2CCC(C3CCCCC3)C(C3CCCCC3)C2)CC1
C1CCC(C2CCCCC2C2CCCCC2)CC1
C1CCC(CCCC2CCCC(C3CCCCC3)C2)CC1
C1CCC(C2CCCCC2C2CCCC(C3CC(C4CCCCC4)C4CCCCC34)C2)CC1
C1CCC(CCC2CCCC(CC3CC(CC4CCCCC4)C4CCCCC34)C2)CC1
C1CCC(CC2CCC(CC3CCCCC3)CC2)CC1
C1CCC(CC2CCC(C3CCC(CC4CCC(CC5CC6CCCCC6C5)CC4)CC3)CC2)C1
C1CCC(CC2CCC(C3CCCCC3)C(C3CC4CCCCC4C3)C2)CC1
C1CCC(CCC2CCC(C3CCCCC3)CC2)CC1
C1CCC(CC2CCCC(C3CCCCC3)C2)CC1
C1CCC2CC(C3CC(C4CCC4)CCC3CC3CCC4CCCCC43)CCC2C1
C1CCC(CCC2CC(C3CCC(C4CC5CCCCC5C4)CC3)C3CCCCC23)CC1
C1CCC(CCCCC2CCC(CC3CCC(CC4CCCCC4C4CC4)CC3)CC2)CC1
C1CCC(C2CCCC(C3CC(C4CCCCC4)C4CCCCC34)C2)CC1
C1CCC(C2CCCCC2C2CCCC(CC3CCCC3)C2)CC1
C1CCC(CC2CCC(CC3CCC(C4CCCC4)CC3)CC2C2CCC2)CC1
C1CC(CC2CCC(CC3CCC(C4CCCCC4C4CCC5CCCCC5C4)CC3)CC2)C1
C1CCC(CCC2CCCCC2C2CCCCC2)CC1
C1CCC(C2CCCCC2)CC1
C1CCC(CCC2CCCC(C3CCC(C4CCC4)C(C4CCCC(C5CCCCC5)C4)C3)C2)CC1
C1CCC(CCCCC2CCC(CC3CCCCC3)CC2CCC2CCCCC2)CC1
C1CCC(CC2CCC(C3CCCCC3)CC2)CC1
C1CCC(CC2CC(C3CC3)CCC2C2CCCCC2)CC1
C1CCC(C2CCCCC2C2CCC3CCCC3C2)CC1
C1CCC(CC2CCC(C3CCCCC3C3CCCCC3)CC2)CC1
C1CCC(C2CCC3CC(C4CCCC4)CC(C4CCCCC4)C3C2)CC1
C1CCC(C2CCC(CC3CCC(CC4CCCC4)CC3)CC2)CC1
C1CCC(CC2CCCCC2C2CCC(CCC3CCCC3)CC2)CC1
C1CCC(CCC2CCCCC2CC2CCC(C3CCCCC3)CC2)CC1
C1CCC(CCC2CCC(C3CCCCC3)CC2)CC1
C1CCC(C2CCC(CCC3CCCC(C4CCCCC4)C3)CC2)CC1
C1CCC2CC(CC3CC(C4CCC5CCCCC54)CC4CCCCC43)CCC2C1
C1CCC(CCC2CCCC(C3CCCCC3)C2)CC1
C(CCCC1CCC(CC2CCCCC2)CC1)CCC1CCCCC1
C1CCC(C2CCCC3CCCCC32)CC1
C1CCC(CCCC2CCC(C3CCCCC3)CC2)CC1
C1CCC(C2CCCCC2)CC1
C1CCC(CC2CCC(C3CCC(C4CCCCC4)CC3)CC2)CC1
C1CCC(C2CCCCC2C2CCCCC2CC2CC3CCCCC3C2)CC1
C1CCC(CC2CC(C3CCCC(C4CCCCC4)C3)C3CCCCC23)CC1
C1CCC(CCCCC2CCCCC2CC2CCCCC2)CC1
C1CCC(C2CCCCC2CCCC2CCC(C3CCCCC3C3CCCC3)C2)C1
C1CCC(CCC2CCC(C3CCCCC3)CC2)CC1
C1CCC(CCC2CCC(CC3CCCCC3)CC2)CC1
C1CCC(CC2CCCC(C3CCC(CC4CCCCC4C4CCC4)CC3)C2)CC1
C1CCC(C2CCC(C3CCCCC3)CC2)CC1
C1CCC(C2CCCCC2C2CCCCC2)CC1
C1CCC(CCC2CCCCC2C2CCCC(CC3CCCCC3)C2)CC1
C1CCC(CCC2CCC(C3CCCCC3C3CCCCC3)C(CC3CCCCC3)C2)CC1
C1CCC(C2CCCCC2C2CCCC(CC3CCC4CCCCC43)C2)CC1
C1CCC(CCC2CCCCC2C2CCCCC2)CC1
C1CCC(CCC2CCCC(C3CCCCC3)C2)CC1
C1CCC(CC2CCC(CCC3CCCCC3C3CCCCC3C3CCC4CCCCC43)CC2)CC1
C1CC(C2CCC(CC3CCC(C4CCCC(CC5CCCC6CCCCC65)C4)CC3)CC2)C1
C1CCC(C2CCCC(CC3CCC(C4CCCCC4)C3)C2)CC1
C1CCC(CC2CCCC(CCCC3CCCC(C4CCCCC4)C3)C2)CC1
C1CCC(C2CCC(CC3CCC3)CC2)CC1
C1CCC(CC2CCCC(CCCC3CCCCC3C3CCCCC3C3CCCC3)C2)CC1
C1CCC(CCC2CCC(CC3CCC(CC4CCCCC4)CC3)CC2)CC1
C1CCC(CC2CCC(CC3CCCCC3)CC2)CC1
C1CCC(CC2CC(CCC3CCCCC3CC3CCC(C4CCCCC4)C3)C3CCCCC23)CC1
C1CCC(CCC2CCC(C3CCCC(C4CCCCC4)C3)CC2)CC1
C1CCC(C2CCCC(CCCC3CCCCC3C3CCCCC3)C2)CC1
C1CCC(C2CCCC(C3CCC(C4CCCCC4C4CCCCC4)CC3)C2)CC1
C1CCC(CCC2CCCC(CC3CCCC(C4CCCCC4)C3)C2)CC1
C1CCC(C2CCCC(C3CCCC(C4CCCCC4)C3)C2)CC1
C1CCC(CCCCC2CCCC(CC3CCCCC3)C2)CC1
C1CCC(CC2CCCC(C3CCCC(C4CCC4)C3)C2)CC1
C1CCC(CC2CCC(CC3CCCCC3CC3CC4CCCCC4C3)CC2)CC1
C1CCC(CC2CCC(C3CCCC(CC4CC5CCCCC5C4)C3)CC2)CC1
C1CCC(C2CCC(CCC3CCCC(C4CCCCC4)C3)CC2)CC1
C1CCC(C2CC(CCCC3CCCC3)C3CC(CC4CCCCC4C4CCCC4)CCC32)CC1
C1CCC(CCCC2CCCC(CCC3CCCC(C4CCCCC4)C3)C2)CC1
C1CCC(CC2CCCC(C3CCC(CCCC4CCCC(C5CCC5)C4)CC3)C2)CC1
C1CCC(CCC2CCC(C3CCCC3)CC2C2CCCCC2)CC1
C1CCC(CC2CCCC(C3CCCCC3)C2)CC1
C1CCC(CCCC2CCC(CC3CCC(C4CCCCC4)CC3)CC2)CC1
C1CCC(CC2CCC(CCC3CCC(CC4CCCCC4)CC3)CC2)CC1
C1CCC(CC2CCC(CCC3CCC(CC4CCC(CCC5CC5)CC4)CC3)CC2)CC1
C1CCC(CCC2CCCC(C3CCCC(CC4CCCCC4)C3)C2)CC1
C1CCC(C2CCCC(C3CCC(CC4CCC5CC(C6CCCC6)CCC45)CC3)C2)C1
C1CCC(CC(CC2CCCC2)C2CCC(CCCC3CC4CCCCC4C3)CC2)CC1
C1CCC(CC2CCCCC2C2CCC3CCCCC3C2)CC1
C1CCC(CC2CCC(CCC3CCC(C4CCCC(C5CCCCC5)C4)CC3)CC2)CC1
C1CCC(C2CC(CC3CC3)CC(C3CCC(C4CCCC4)CC3)C2)CC1
C1CCC(CCC(CCC2CCCC(C3CCCCC3)C2)C(C2CCCCC2)C2CCCC2)CC1
C1CCC(CC2CCC(C3CCCCC3CC3CCCCC3)CC2)CC1
C1CCC(CC2CCCCC2C2CCCC(C3CCCCC3C3CCCCC3)C2)CC1
C1CCC(CC2CCC(CC3CCCCC3C3CCCC3)C(CCCCC3CCCC3)C2)CC1
C1CCC(CCC2CCC(CC3CCC(CCC4CC5CCCCC5C4)CC3)CC2)CC1
C1CCC(CC2CCCC(CCC3CCCCC3C3CCCCC3)C2)CC1
C1CCC(CCCCC2CCC(C3CCCCC3)CC2)CC1
C1CCC(C2CCCC(C3CCC(C4CCCC5CC(C6CC7CCCCC7C6)CCC54)C3)C2)CC1
C1CCC(CCCCC2CCC(CC3CCCCC3)CC2)CC1
C1CCC(CCC2CCC(C3CCCCC3)CC2)CC1
C1CCC(CCC2CCCC(C3CCCC(C4CCCCC4)C3)C2)CC1
C1CCC(C2CCC(CC3CCC(C4CCCC(CC5CCC6CCCCC65)C4)CC3)CC2)CC1
C1CCC(C2CCC(CC3CCC(CCC4CC5CCCCC5C4)CC3)C2)CC1
C1CCC(CC2CCC(C3CCCC3)C(CC3CCCC(C4CCCC4)C3)C2)CC1
C1CCC(CCC2CCC(C3CCCCC3)CC2)CC1
C1CCC(CCC2CCC(CC3CC4CCCCC4C3)CC2)CC1
C1CCC(C2CCC(C3CCCCC3)CC2)CC1
C1CCC2CC(C3CC(C4CCCC5CCCCC54)C4CCCCC34)CCC2C1
C1CCC(C(C2CCCCC2)C2CCCCC2C2CCCC2)CC1
C1CCC(CC2CCC(CC3CCC(C4CCCCC4)CC3)CC2)CC1
C1CCC(C2CCC(C3CCCCC3)C(C3CCCC(C4CCC(CCC5CC5)CC4)C3)C2)CC1
C1CCC(CC2CCCC(C3CCCC(C4CCCC4)C3CC3CCCCC3)C2)CC1
C1CCC(CCCCC2CCC(C3CCC(CCC4CCC(CC5CCCCC5)CC4)CC3)CC2)CC1
C1CCC(CC2CCC(C3CCC4CCCC4C3)CC2)CC1
C1CCC(CCC2CCC(C3CCCC(C4CCCCC4)C3)CC2)CC1
C1CCC(CC2CCC(C3CCC4CCCC4C3)CC2C2CCCCC2)CC1
C1CCC(CC2CCCC(CCCC3CCC(C4CCC5C(CCC5C5CCCCC5)C4)CC3)C2)CC1
C1CCC(CC2CCCC3CCCCC32)CC1
C1CCC(CC2CCCCC2CC2CC(C3CCCCC3)C3CCCCC23)CC1
C1CCC(C2CCC3CCC(C4CCCCC4)CC3C2)CC1
C1CCC(CCCCCC2CCCC(C3CCCCC3)C2)CC1
C1CCC(CC2CCC(CC3CCCCC3C3CCCCC3)CC2)CC1
C1CCC(CC2CCCCC2C2CCC(C3CCCCC3)CC2)CC1
C1CCC(CC2CCC3CC(C4CCC5CCCCC54)CC(C4CCCCC4)C3C2)CC1
C1CCC(CC2CC(C3CCCCC3)CC(C3CCCCC3)C2)CC1
C1CCC(CC2CCC(CCC3CCC(C4CCC4)CC3)CC2)C1
C1CCC(C2CCCC(C3CCCCC3)C2)CC1
C1CCC(CCC2CC(CC3CCCCC3)CC(C3CCCCC3)C2)CC1
C1CCC(CC2CCCC(C3CCCC(CC4CCCCC4)C3)C2)CC1
C1CCC(C2CCC(C3CC4CCC(CC5CCCC5)CC4C3)CC2)CC1
C1CCC(CCCC2CCC(C3CCCCC3)C(CCC3CCCCC3)C2)CC1
C1CCC(CCC2CCCC(C3CCCCC3CC3CCCCC3)C2)CC1
C1CCC(CC2CCC(C3CCCC(CC4CCCC(C5CCCCC5)C4)C3)CC2)CC1
C1CCC(CC2CCC(C3CCCCC3)CC2)CC1
C1CCC(CC2CCCC2)CC1
C1CCC(CCC2CCCC(C3CCCCC3CC3CCCCC3C3CCCC3)C2)CC1
C1CCC(CCC2CC(CC3CC3)CC(C3CCCCC3)C2)CC1
C1CCC(CC2CCC(CC3CCC(CC4CCCCC4)CC3)CC2)CC1
C1CCC(C2CC(C3CCCCC3)CC(C3CCCCC3)C2)CC1
C1CCC(CC2CCC(CCC3CCCCC3CC3CCCCC3)CC2)CC1
C1CCC(CC2CCCCC2C2CCC3CCCC3C2)CC1
C1CCC(C2CC(C3CCCCC3C3CCCC(CCC4CC4)C3)C3CCCCC23)CC1
C1CCC(CC2CCC(CC3CCCCC3C3CCCC3)CC2)CC1
C1CCC(CC2CCCCC2C2CCCCC2)CC1
C1CCC(C2CCC3C(CCCC3C3CCCCC3C3CCCCC3)C2)CC1
C1CCC(CCC2CC(CC3CCCCC3)CCC2CC2CCCC2)CC1
C1CCC(C2CCCC(CCC3CCC(C4CCC5CCCCC5C4)CC3)C2)CC1
C1CCC(C2CCC3C(CCC3C3CCCC3)C2)CC1
C1CCC(C2CC(C3CCCCC3)CC(C3CCCCC3C3CCCC3)C2)CC1
C1CCC(CCC2CCCCC2C2CCCCC2)CC1
C1CCC(CC2CC(C3CCCCC3)C3CCCCC23)CC1
C1CCC(C2CCCCC2)CC1
C1CCC(CC2CCCC(C3CCCCC3C3CCCC(C4CCCCC4)C3)C2)CC1
C1CCC(C2CCCC2C2CCC3C(CCCC3C3CCCCC3)C2)CC1
C1CCC(CC2CCC(CC3CCC4C(CCC4C4CC5CCCCC5C4)C3)CC2)CC1
C1CCC(CC2CCC3CC(C4CCCC(C5CC5)C4)CCC23)CC1
C1CCC(CCCC2CCCC(CC3CCCC3)C2)CC1
C1CCC(C2CCCC(CCC3CCC(CC4CC5CCCCC5C4)CC3)C2)CC1
C1CCC(CCCC2CCC(C3CCCC(CCC4CCCCC4)C3)CC2)CC1
C1CCC(CCC2CCC(CC3CCC(CC4CC5CCCCC5C4)CC3)CC2)CC1
C1CCC(CCC2CC(CC3CCCCC3)C3CCCCC23)CC1
C1CCC(CCC2CCC(CC3CCCCC3)CC2)CC1
C1CCC(C2CCCC(C3CCC(C4CCCC4)CC3)C2)CC1
C1CCC(CC2CCCCC2)CC1
C1CCC(CC2CCCC(C3CC(CC4CC4)CC(C4CCCCC4)C3)C2)CC1
C1CCC(CC2CCCC(CC3CCCC(C4CCCC4)C3)C2)CC1
C1CCC(CC2CCC(CC3CCC(CC4CCC(CC5CCCCC5)CC4)CC3)CC2)CC1
C1CCC(CC2CC(C3CCCCC3)CC(C3CC3)C2)CC1
C1CCC(CC2CCC(C3CCCCC3)CC2)CC1
C1CCC(CC2CCCC(C3CC(C4CCCCC4)CC(C4CC4)C3)C2)CC1
C1CCC(CCC2CCC(C3CCCCC3)CC2)CC1
C1CCC(C2CC(C3CCCCC3)CC(C3CCCCC3)C2)CC1
C(CCCC1CC2CCCCC2C1)CCC1CCC(C2CCCCC2C2CCCC2)CC1
C1CCC(CC2CCC(C3CCCCC3)CC2)CC1
C1CCC(CC2CCCCC2C2CCCC(C3CCCCC3)C2)CC1
C1CCC(C2CCCC(CCCC3CC3)C2)CC1
C1CCC(C2CCC(CC3CCCCC3C3CCCCC3)CC2)CC1
C1CCC(CCC2CCCC(C3CCCC(CC4CCCCC4)C3)C2)CC1
C1CCC(CCC2CCCC(C3CCCCC3)C2)CC1
C1CCC(CC2CCC(CC3CCC(C4CCCC(CCC5CCC6CCCCC65)C4)CC3)CC2)CC1
C1CCC(CC2CCC(C3CCC(C4CCC4)CC3)CC2)CC1
C1CCC(C2CCCCC2C2CCCC2)CC1
C1CCC(CC2CCC(CC3CC(C4CCCCC4)CC(C4CCCC4)C3)CC2)CC1
C1CCC(CCCC2CCC(C3CCCC4CC(C5CCCCC5)CCC43)CC2)CC1
C1CCC(CC2CCCCC2C2CCC3C(CCCC3C3CCCCC3)C2)CC1
C1CCC(C2CCCCC2C2CC2)CC1
C1CCC(C2CCCCC2C2CCC(C3CCC(C4CCCC4)CC3)CC2)CC1
C1CCC(CCCC2CCC(C3CCC3)C(CCC3CCCCC3)C2)CC1
C1CCC(CCC2CCCC(C3CCC(CC4CCC(CC5CC5)CC4)CC3)C2)CC1
C1CCC(CC2CCC(CCCC3CC4CCCCC4C3)CC2)CC1
C1CCC(CCCC2CCC(C3CCCCC3)C(C3CCCCC3)C2)CC1
C1CCC(CCC2CC(C3CCCCC3)CCC2CC2CC(CC3CCCC3)C3CCCCC23)CC1
C1CCC(CC2CCCC(C3CCCCC3C3CCC4C(CCCC4C4CCCCC4)C3)C2)CC1
C1CCC(CCC2CCC(C3CC3)CC2C2CCCCC2)CC1
C1CCC(CC2CCC(CCC3CCCC3)CC2)CC1
C1CCC(C2CCCC3CCC(CCC4CC5CCCCC5C4)CC32)CC1
C1CCC(CCC2CCC(CC3CCC(C4CCCC4)CC3)CC2)CC1
C1CCC(CC2CCCCC2CCCC2CCCCC2C2CCC3CCCC3C2)CC1
C1CCC(CC2CCCCC2CCCCCC2CCC(CC3CCCCC3C3CCCC3)CC2)CC1
C1CCC(C2CCC(C3CCCC(CC4CC5CCCCC5C4)C3)CC2)CC1
C1CCC(CC2CCC(C3CCCC(CC4CCCCC4)C3)CC2)CC1
C1CCC(CC2CCC(C3CCCC3)C(CC3CCCCC3)C2)CC1
C1CCC(CC2CCCC(C3CCC(C4CCCCC4)CC3)C2)CC1
C1CCC(CCC2CCCCC2C2CCCCC2)CC1
C1CCC(CC2CCC(C3CCCCC3C3CCCC3)C(C3CCCC3)C2)CC1
C1CCC(CCCC2CCC(CC3CCCCC3)CC2)CC1
C1CCC(CC2CCCC(C3CCCC(C4CCCCC4C4CCCCC4)C3)C2)CC1
C1CCC(CCC2CCC(C3CCCC(CCC4CCC(CC5CCC(CC6CCCCC6)CC5)CC4)C3)CC2)CC1
C1CCC(CC2CCCCC2CC2CCCC(C3CCCC(C4CCCC4)C3)C2)CC1
C1CCC(C2CCC(C3CCC(C4CCCCC4)CC3)CC2)CC1
C1CC2CCC(CC3CC(C4CCC5CCCCC54)CC4CCCCC43)CC2C1
C1CCC(CCC2CC(CC3CCCCC3)CC(CCC3CCCCC3)C2C2CCCC2)CC1
C1CCC(CC2CCC(C3CCCCC3)CC2)CC1
C1CCC(CC2CCC(C3CCCC(CC4CCCCC4)C3)CC2)CC1
C1CCC(CCCC2CCCCC2C2CCCCC2)CC1
C1CCC(CC2CCC(C3CCCC3)CC2C2CCCC(C3CCCCC3)C2)CC1
C1CCC(CC2CCC(C3CCCC(C4CCCCC4)C3)CC2)CC1
C1CCC(CCCC2CCCC3CCCCC32)CC1
C1CCC(CC2CCC(CCCC3CCCC3)CC2)CC1
C1CCC(C2CCC(CC3CCC(C4CCCCC4)CC3)CC2)CC1
C1CCC(C2CCCC(CC3CCC(C4CCCC(CC5CC6CCCCC6C5)C4)CC3)C2)CC1
C1CCC(CCC2CCC3CC(C4CCC5CCCCC54)CC(C4CCCCC4)C3C2)CC1
C1CCC(C2CCCCC2CCC2CC3CCCCC3C2)CC1
C1CCC(CCCC2CCCC(CCC3CCCC3)C2)CC1
C1CCC(C2CCCC(C3CCCC(C4CCCCC4)C3)C2)CC1
C1CCC(CC2CC(CCC3CCCC3)CC(C3CCCCC3)C2)CC1
C1CCC(C2CCC(C3CCC(CCC4CC5CCCCC5C4)CC3)CC2)CC1
C1CCC(CC2CCCCC2CCC2CCC3CCCCC32)CC1
C1CCC(CC2CCC(CC3CCC(CC4CCCCC4)CC3)CC2)CC1
C1CCC(CCCC2CCCCC2C2CCCCC2)CC1
C1CCC(CC2CCCCC2CC2CCC(C3CCCCC3)CC2)CC1
C1CCC(CCC2CC(C3CCCCC3)C3CCCCC23)CC1
C1CCC(CCCC2CCCCC2C2CCCCC2)CC1
C1CCC(C2CCCCC2CCC2CCCCC2C2CCC3CCCC3C2)CC1
C1CCC(C2CCC(CCC3CC(C4CCCCC4)CC(C4CCCC4)C3)CC2)CC1
C1CCC(CCCCC2CCC(CC3CCC(CC4CCCCC4)CC3)CC2)CC1
C1CCC(CC2CC(C(C3CCCCC3)C3CCCC(CCC4CCCC4)C3)CCC2C2CCCCC2)CC1
C1CCC(C2CCC(CC3CCCCC3C3CCCCC3)CC2)CC1
C1CCC(C2CCC(CCCC3CCCC(CC4CCCCC4C4CCCCC4)C3)CC2)CC1
C1CCC(CC2CCC(CC3CC4CCCCC4C3)C(C(CC3CCCC3)C3CC3)C2)CC1
C1CCC(C2CCCCC2C2CCC(C3CCCCC3)C(C3CCCCC3)C2)CC1
C1CCC(CC2CCCC(C3CC(CC4CCCCC4)C4CCCCC43)C2)CC1
C1CCC(CC2CCC(CCCC(CC3CCC(CCC4CCC(CC5CCCCC5)CC4)CC3)C3CCCCC3)CC2)CC1
C1CCC(C2CCC(C3CCC(C4CCCCC4)CC3)CC2)CC1
C1CCC(CC2CCCC(CC3CCCC(C4CCCCC4)C3)C2)CC1
C1CCC(CC2CCC(C3CCC(CC4CCCCC4)CC3)CC2)CC1
C1CCC(CC2CCCCC2C2CCC(C3CCC(C4CCCC4)CC3)CC2)CC1
C1CCC(CC2CCCC(CC3CCCCC3C3CCC4CCCCC43)C2)CC1
C1CCC(CC2CCC(C3CCCCC3)CC2)CC1
C1CCC(CCC2CCCC(CC3CCC(CC4CC5CCCCC5C4)CC3)C2)CC1
C1CCC(C2CCCC(CC3CCCC(C4CCCCC4)C3)C2)CC1
C1CCC(CCC2CCC(C3CCC(C4CCCCC4)CC3)CC2)CC1
C1CCC(CC2CCC(C3CCCCC3C3CCCC(C4CCC5CCCC5C4)C3)CC2)C1
C1CCC(CC2CC(CC3CCCC3)C3CCC(C4CCCCC4)CC23)CC1
C1CCC(CC2CCC(C3CCCCC3)CC2)CC1
C1CCC(CC2CC(C3CCCC(CC4CCCC4)C3)C3CCCCC23)CC1
C1CCC(C2CC(C3CCCCC3)C(C3CCCC(C4CC4)C3)C(C3CCC3)C2)CC1
C1CCC(CC2CCC(CC3CCC(CCC4CCC(C5CCCCC5)C(C5CCCC5)C4)CC3)CC2)CC1
C1CCC(CC2CCCC(C3CCCCC3)C2)CC1
C1CCC(CC2CCCCC2C2CCCCC2)CC1
C1CCC(C2CCC(CCCC3CCCC(C4CCCC(C5CCCC5)C4)C3)CC2)CC1
C1CCC(CCC2CCC(CC3CCC(C4CCCCC4)CC3)CC2)CC1
C1CCC(CC2CCC(CC3CCCC(C4CCCCC4)C3)C(C3CCCCC3)C2)CC1
C1CCC(CCCCC2CCC(CC3CCCCC3)CC2)CC1
C1CCC(CC2CCC(C3CCCCC3)CC2)CC1
C1CCC(CCC2CC(CC3CCCCC3)C3CCCCC23)CC1
C1CCC(CCC2CCCC(C3CC(CCC4CCCCC4)C4CCCCC43)C2)CC1
C1CCC(C2CCCC(CC3CCC4CCCC4C3)C2)CC1
C1CCC(CC2CCC(C3CCC(CC4CCCCC4)CC3)CC2)CC1
C1CCC(C2CCCCC2CCCC2CCCCC2C2CCCC2)CC1
C1CCC(CC2CCCCC2C2CCC3C(CCCC3C3CCC(C4CCCCC4)CC3)C2)CC1
C1CCC(CCCCC2CCC(C3CCCC(C4CCCC4)C3)CC2)CC1
C1CCC(CC2CCC(CC3CCC(C4CCCCC4)CC3)CC2)CC1
C1CCC(C2CCCCC2C2CCCCC2)CC1
C1CCC(CCC2CCC(CC3CCCCC3)C(C3CCC4CCCC4C3)C2)CC1
C1CCC(CC2CCC(C3CCCC(C4CCC(C5CCCCC5)CC4)C3)C2)CC1
C1CCC(CCCCCC2CCC(CC3CCCCC3)CC2)CC1
C1CCC(CC2CCCC(C3CCCCC3)C2)CC1
C1CCC(CC2CCC(CC3CCC(CC4CCC(C5CCC6CCCCC65)CC4)CC3)C(C3CCCC3)C2)CC1
C1CCC(CC2CCCCC2C2CCCCC2C2CCCC2)CC1
C1CCC(CCCC2CCC(C3CCCCC3CC3CC4CCCCC4C3)CC2)CC1
C1CCC2CC(C3CCCCC3CCC3CCCC(C4CCC(CCC5CC5)CC4)C3)CCC2C1
C1CCC(CCCC2CCC(CCC3CCC(CC4CCC(C5CCCCC5)CC4)CC3)CC2)CC1
C1CCC(CC2CCCC(CC3CCCCC3)C2)CC1
C1CCC(C2CCC(C(C3CCCCC3)C3CCCCC3)CC2)CC1
C1CCC(CCC2CCC(CC3CCCC(C4CCCC(C5CCCCC5)C4)C3)CC2)CC1
C1CCC(C2CCCCC2CCC2CCC(CCC3CC4CCCCC4C3)CC2)CC1
C1CCC(CCC2CC(C3CCCCC3)CCC2C2CCCCC2)CC1
C1CCC(C2CCCCC2C2CCCCC2)CC1
C1CCC(C2CCCCC2C2CCCCC2C2CCCC2)CC1
C1CCC(CC2C(C3CCCC3)CCC2C2CCC(CC3CCC(C4CCCCC4)CC3)CC2)CC1
C1CCC(CC2CCC(CCC3CCCC(C4CCCCC4)C3)CC2)CC1
C1CCC(CC2CCC(C3CCCCC3C3CC(CC4CCCCC4)C4CCCCC43)CC2)CC1
C1CC(C2CCC(C3CCC(CC4CCC(CCC5CCC6CCCCC65)CC4)CC3)CC2)C1
C1CCC(CC2CCCCC2)CC1
C1CCC(C2CC(C3CCCCC3)C(C3CCCCC3)C(C3CC4CCCCC4C3)C2)CC1
C1CCC(CC2CCC3C(CC4CCCCC4)CC(CC4CCCCC4)C3C2)CC1
C1CCC(CC2CCC(C3CCC(CC4CCCCC4)CC3)CC2)CC1
C1CCC(CCC2CCCC(CC3CCC4CC(CC5CCCCC5)CCC34)C2)CC1
C1CCC(CC2CCCC(C3CCCCC3C3CCC4CCCC4C3)C2)CC1
C1CCC(CC2CCCCC2C2CCCCC2)CC1
C1CCC(C(CC2CCC3C(CCCC3C3CCC4CCCCC4C3)C2)C2CCCCC2)CC1
C1CCC(CCC2CCC(CC3CCCCC3)CC2)CC1
C1CCC(C2CCCC(C3CCC(C4CCCCC4CC4CC4)CC3)C2)CC1
C1CCC(C2CCCC(C3CCCCC3C3CCC4CCCC4C3)C2)CC1
C1CCC(CCC2CC(CC3CCCCC3)CC(C3CCCCC3)C2)CC1
C1CCC(CC2CCC(C3CCCC3)C(C3CCCCC3)C2)CC1
C1CCC(CCCCC2CCC(CC3CCCCC3)CC2)CC1
C1CCC(CC2CCCC(CCC3CCCC(C4CCCC4)C3)C2)CC1
C1CCC(CC2CC(C3CCC4CCCCC4C3)C3CCCCC23)CC1
C1CCC(CC2CCCCC2)CC1
C1CC(C2CC2)CC(C2CCC(C3CCC4CCCCC43)CC2)C1
C1CCC(C2CCCC(C3CC(C4CCCCC4)CC(C4CCC5CCCC5C4)C3)C2)CC1
C1CCC(C2CCC(C3CCCCC3)C(C3CCC4CCCC4C3)C2)CC1
C1CCC(C2CCC(C3CCC4CCC(CC5CC6CCCCC6C5)CC43)C2)CC1
C1CCC(C2CCCCC2C2CCCCC2)CC1
C1CCC(C2CCC(C3CCCCC3C3CCCCC3)CC2)CC1
C1CCC(C2CCCC(C3CCCC3C3CCCCC3)C2)CC1
C1CCC(CCC(CC2CCCCC2)C2CCC3CCCC3C2)CC1
C1CCC(CC2CCCC(C3CCCC(CC4CCC(C5CCCCC5)C4)C3)C2)CC1
C1CCC(CC2CCC3C(CCCC3CC3CCCC(C4CCCCC4)C3)C2)CC1
C1CCC(C2CCCCC2C2CCC(C3CCCCC3)C(C3CCCCC3)C2)CC1
C1CCC(CC2CCC(CCC3CCCC3)CC2)CC1
C1CCC(CC2CCCC(CC3CCCCC3)C2)CC1
C1CCC(CCC2CC(C3CCCCC3)C(C3CCCCC3)C(C3CCCCC3)C2)CC1
C1CCC(C2CCC3CC(CCC4CCC5CCCCC54)CCC3C2)CC1
C1CCC(CC2CCCCC2C2CCCCC2)CC1
C1CCC(CCC2CCCC(CC3CCCCC3)C2)CC1
C1CCC(CCC2CC3CCCCC3C(C3CCCCC3)C2)CC1
C1CCC(CC2CCC(C3CCCCC3)CC2)CC1
C1CCC(CC2CCCCC2CC2CCCC(C3CCCC(CC4CC4)C3)C2)CC1
C1CCC(CCCCC2CCCC(CCC3CCCC(C4CCCC(CC5CCCC5)C4)C3)C2)CC1
C1CCC(CC2CCCC(CC3CCC(C4CCCCC4)CC3)C2)CC1
C1CCC(CC2CCC(CC3CCC4CC(C5CCCCC5)CC(C5CCCCC5)C4C3)CC2)CC1
C1CCC(C2CCCCC2)CC1
C1CCC(CCCC2CCC(CC3CCC(CC4CCCCC4)CC3)CC2)CC1
C1CCC(CC2CCCC(C3CCCCC3)C2)CC1
C1CCC(C2CCCC(C3CCCCC3CC3CC3)C2)CC1
C1CCC(CC2CC(CC3CCCC(C4CCC(C5CCCCC5)CC4)C3)C3CCCCC23)CC1
C1CCC(C2CCC(CC3CCC(C4CCCCC4C4CCCC4)CC3)CC2)CC1
C1CCC(CC2CCC(CC3CCC(C4CCCCC4)CC3)C(CCC3CCC3)C2)CC1
C1CCC(CC2CCC(C(CC3CC3)C3CCC(CC4CCCCC4)CC3)CC2)CC1
C1CCC(CC2CCC(C3CCCC(C4CCCCC4)C3)CC2C2CCCC2)CC1
C1CCC(CCCC2CC(CCC3CCCCC3)CC(C3CCCCC3)C2)CC1
C1CCC(CCCCC2CCC(CC3CCCC(C4CCCCC4)C3)CC2)CC1
C1CCC(C2CCCC(C3CCCC(C4CCCCC4)C3)C2)CC1
C1CCC(CC2CCC(CC3CCCC(C4CCCCC4)C3)CC2)CC1
C1CCC(CCC2CCC(CC3CCC4CCCC4C3)CC2CC2CCCC2)CC1
C1CCC(CCCC2CCC(C3CCCC(C4CC5CCCCC5C4)C3)CC2)CC1
C1CCC(CCC2CCCC(CC3CCCCC3C3CCCCC3)C2)CC1
C1CCC(C2CCCCC2)CC1
C1CCC(CCCC2CCCC(CCC3CCCCC3)C2)CC1
C1CCC(CC2CCC(C3CCCC(C4CCCCC4C4CCCCC4)C3)CC2)CC1
C1CCC(C2CCC(C3CCCC(C4CCC5CCCC5C4)C3)CC2)CC1
C1CCC(CC2CCC(CC3CCCC(C4CCCCC4CC4CCCCC4)C3)CC2)CC1
C1CCC(CCC2CCCC(C3CCC(C4CCCC(CC5CC6CCCCC6C5)C4)CC3)C2)CC1
C1CCC(CCC2CCC(C(CCC3CCCCC3)CC3CCCCC3)CC2)CC1
C1CCC(C2CC(C3CCCCC3)C(C3CCCC3)C(C3CCC3)C2)CC1
C1CCC(CCCCC2CCC(CC3CCC(CCC4CCCCC4)CC3)CC2)CC1
C1CCC(CCCC2CCC(CC3CCC(CCC4CCC5CCCCC5C4)CC3)CC2)CC1
C1CCC(C2CCCC(CCC3CCCC(C4CC4)C3)C2)CC1
C1CCC(C2CCC(C3CCCCC3C3CCCCC3)CC2)CC1
C1CCC(CC2CCC(C3CCCCC3)CC2)CC1
C1CCC(CC2CCCC(C3CC(CC4CCCCC4)CC(C4CC4)C3)C2)CC1
C1CCC(CC2CCC(C3CCC(C4CCCCC4)CC3)CC2)CC1
C1CCC(CCCC2CCCC(CC3CCCCC3)C2)CC1
C1CCC(CCC2CC(CC3CCCCC3)CCC2CC2CCCCC2)CC1
C1CCC(CC2CCCC(C3CCCCC3)C2)CC1
C1CCC(CC2CCC(C3CCCCC3)CC2)CC1
C1CCC(CCCCC2CCC(CC3CCCCC3)CC2)CC1
C1CCC(CC2CCC(CCC3CC(C4CCC5CCCCC54)CC4CCCCC43)C2)CC1
C1CCC(C2CC(CCC3CCCC(CC4CC5CCCCC5C4)C3)C3CCCCC32)CC1
C1CCC(CCC2CCCC(C3CCCCC3)C2)CC1
C1CCC(CC2CCC(C3CCC(C4CCCC(C5CCCCC5)C4)CC3)CC2)CC1
C1CCC(C2CCCC(C3CCCCC3)C2)CC1
C1CCC(C2CCC(CC3CCC(C4CCCCC4)C3)CC2)CC1
C1CCC(CC2CCC3C(CCC3C3CCCCC3)C2)CC1
C1CCC(CCC2CCCC(CC3CCCCC3)C2)CC1
C1CCC(CC2CCCC(C3CCC(CCC(C4CCCCC4)C4CCCCC4)CC3)C2)CC1
C1CCC(CCC2CCCC(C3CCCCC3CC3CCCC3)C2)CC1
C1CCC(CCC2CCC3CC(C4CCC5CCCCC54)CCC3C2)CC1
C1CCC(C2CCC(CCCC3CC(C4CCCCC4)CC(C4CCCC4)C3)CC2)CC1
C1CCC(CCC2CCCCC2C2CCCC2)CC1
C1CCC(CC2CC(CC3CCC(C4CC5CCCCC5C4)CC3)C3CCCCC23)CC1
C1CCC(C2CCCC(C3CCC4CCCCC4C3)C2)CC1
C1CCC(CC2CCCCC2)CC1
C1CCC(C2CCC3CC(C4CCCC(CCC5CCCC5)C4)CCC32)CC1
C1CCC(CCC2CCCC(C3CC4CCCCC4C3)C2)CC1
C1CCC(CC2CCC(C3CCC(CCC4CCCC4)CC3C3CCC(CC4CCCCC4)CC3)CC2)CC1
C1CCC(CCC2CCC(CCC3CCCC(C4CCC5CCCC5C4)C3)CC2)CC1
C1CCC(CC2CCCCC2C2CCCC(C3CCCCC3)C2)CC1
C1CCC(C2CCCC(C3CCC(CC4CCC5CCCCC54)CC3)C2)CC1
C1CCC(C2CCCC(C3CC(C4CCCCC4)CC(C4CC4)C3)C2)CC1
C1CCC(C2CC(C3CCCC(CC4CCCC(CC5CC5)C4)C3)C3CCCC3C2C2CCCCC2)CC1
C1CCC(C(C2CCCC2)C2CCCC(CC3CCCC(C4CCC(CC5CCCC5)CC4)C3)C2)CC1
C1CCC(CC2CCCC(CCC3CCC(C4CCCC(C5CC5)C4)CC3)C2)CC1
C1CCC(C2CCC(C3CCCCC3)CC2)CC1
C1CCC(C2CCC(CC3CCCCC3C3CCCCC3)CC2)CC1
C1CCC(C2CCCC(CCC3CCCC(C4CCCC4)C3)C2)CC1
C1CCC(C2CCCC(C3CCC(CC4CCCC5CCCCC54)CC3)C2)CC1
C1CCC(CCC(C2CCCC(CCC3CCC4CCCC4C3)C2)C2CC(C3CCC3)C3CCCCC32)CC1
C1CCC(CCCCCC2CC(C3CCCCC3)CCC2CC2CCCCC2)CC1
C1CCC(CCC2CCCC(CC3CCCC(C4CCCC(CC5CCCCC5)C4)C3)C2)CC1
C1CCC(CC2CCC(CC3CCCC3)C(C3CCCC(CC4CCCC(CC5CC5)C4)C3)C2)CC1
C1CCC(C2CCC(C3CCC(C4CCCC(C5CCCC5)C4)C3)CC2)CC1
C1CCC(C2CCC(CC3CCC(C4CCCC4)CC3)CC2)CC1
C1CCC(CC2CCC3CCCCC3C2)CC1
C1CCC(CC2CCC(CCC3CC4CCCCC4C3)CC2)CC1
C1CCC(CCC2CCCCC2)CC1
C1CCC(CCCCC2CCC(CCC3CCCCC3)CC2)CC1
C1CCC(C2CCCC(CC3CCC(C4CCCC(C5CCCCC5)C4)CC3)C2)CC1
C1CCC(CCC2CCC(C3CCCCC3)CC2)CC1
C1CCC(CCC2CCC(C3CCCCC3)CC2)CC1
C1CCC(C2CCC(C3CCCC(C4CCCCC4)C3)CC2)CC1
C1CCC(C2CCC(C3CCCC(C4CCCCC4)C3)CC2)CC1
C1CCC(CCC2CCCCC2C2CCC3CCCC3C2)CC1
C(CCCC1CCC(C2CCCCC2)CC1)CCC1CCCCC1
C1CCC(C2CCCCC2)CC1
C1CCC(CCC2CC(CC3CCCCC3C3CCC(CCC4CC4)CC3)C3CCCCC23)CC1
C1CCC(CC2CCC(CC3CC(CC4CCCC4)C4CCCCC34)CC2)CC1
C1CCC(C2CCCC(C3CC(C4CCCC4)CCC3CCC3CC4CCCCC4C3)C2)CC1
C1CCC(C2CCC3C(CCCC3C3CCC4C(CCCC4C4CCCC(C5CCCCC5)C4)C3)C2)CC1
C1CCC(C2CCCCC2C2CCCCC2)CC1
C1CCC(C2CCCC(C3CCC4CCC(C5CCCCC5)CC43)C2)CC1
C1CCC(CC2CCC(CC3CCCC(C4CCCC(C5CCCCC5)C4)C3)CC2)CC1
C1CCC(CCC2CCCCC2C2CCC(CCC3CCCC(C4CCCCC4)C3)CC2)CC1
C1CCC(CCC2CCC(C(CC3CCC(CC4CCCCC4)CC3)C3CCCCC3)CC2)CC1
C1CCC(C2CC(CC3CCCC(C4CCCC(C5CCCCC5)C4)C3)C2)CC1
C1CCC(C2CCCC(C3CCCC(C4CCCCC4)C3)C2)CC1
C1CCC(CC2CCCCC2C2CCCCC2C2CCCCC2)CC1
C1CCC(CC2CCC(C3CCCCC3C3CCCCC3)CC2)CC1
C1CCC(CC2CCCCC2C2CCCC(CC3CC3)C2)CC1
C1CCC(C2CCCC(CC3CCCC(CC4CCC5CCCCC54)C3)C2)CC1
C1CCC(C2CCCC(CCC3CCCCC3C3CCCCC3)C2)CC1
C1CCC(CCCCCC2CCCC(C3CCCC(C4CCCCC4)C3)C2)CC1
C1CCC(CC2CCC(C3CCC(CCC4CC4)CC3CC3CCCCC3)CC2)CC1
C1CCC(CC2CCCC3CC(C4CCCCC4C4CCC5CCCC5C4)CCC23)CC1
C1CCC(C2CCC(CCC3CCCCC3C3CCC4CCCCC43)CC2)CC1
C1CCC(CC2CC(C3CC(C4CCCCC4)CC(C4CCCC4)C3)C3CCCCC23)CC1
C1CCC(CC2CCC(C3CCCC(CC4CCCC(C5CCCCC5)C4)C3)CC2)CC1
C1CCC(CC2CCC(C3CCCCC3)C(C3CCCCC3)C2)CC1
C1CCC(CC2CCC(CC3CCCC(C4CCCCC4)C3)CC2)CC1
C1CCC(C2CCCC(C3CCC(C4CCC5CCCCC54)CC3)C2)CC1
C1CCC(C2CCC(C3CCCC(C4CCCC5CCCCC54)C3)CC2)CC1
C1CCC(CCC2CCCC(C3CCC(CC4CCCCC4)CC3)C2)CC1
C1CCC(CCCCCC2CCCC(C3CCCCC3C3CCCCC3)C2)CC1
C1CCC(C2CCC(CCC3CCCC(C4CCCCC4)C3)CC2)CC1
C1CCC(CC2CCCCC2C2CCC(C3CCCCC3)CC2)CC1
C1CCC(C2CCCC(C3CCC(C4CCCC5CC(C6CC7CCCCC7C6)CCC54)C3)C2)CC1
C1CCC(CC2CCC(C3CCCCC3)C(CC3CCCCC3)C2)CC1
C1CCC(CC2CCC(CCCC3CC4CCCCC4C3)CC2)CC1
C1CCC(CC2CC(C3CCCC(C4CCC(C5CCCC5)C4)C3)C3CCCCC23)C1
C1CCC(CC2CCC(CC3CCC4CCCCC4C3)CC2)CC1
C1CCC(CCC2CCC(CC3CCCCC3)CC2)CC1
C1CCC(CCCC2CC(CC3CCC4CCCCC43)CC3CCCCC32)CC1
C1CCC(CCC2CC(CCC3CCCC(C4CCCCC4)C3)CC(C3CCCCC3)C2)CC1
C1CCC(C2CCCC(C3CCC(CC4CCCC(CCC5CC5)C4)CC3)C2)CC1
C1CCC(CC2CCC(C3CCCCC3C3CCC(CC4CCCCC4)C3)CC2)CC1
C1CCC(C2CCCC(C3CCCCC3C3CCCCC3)C2)CC1
C1CCC(CC2CCC(C3CCCCC3)CC2)CC1
C1CCC(CC2CCC(C3CCCC(CC4CCCC4)C3)CC2)CC1
C1CCC(C2CCCCC2C2CCCCC2C2CCCCC2)CC1
C1CCC(C2CCC(C3CCCCC3C3CCCC3)CC2C2CCCC2)CC1
C1CCC(C2CCC(CCCC3CCC(CC4CCC(C5CCCCC5)CC4)CC3)CC2)CC1
C1CCC(CC2CCCC(C3CC(CC4CCCC4)C4CCCCC43)C2)CC1
C1CCC(C2CCCC(C3CCCC(CC4CC4)C3)C2)CC1
C1CCC(C2CCC(C3CCC(CC4CCC(C5CCCCC5C5CCCC5)CC4)CC3)CC2)CC1
C1CCC(CC2CCC(CC3CCCCC3)C(C3CCCCC3)C2)CC1
C1CCC(CCC2CCCC(C3CCCC3)C2)CC1
C1CCC(C2CCCC(CC3CCCC(C4CCCC4)C3)C2)CC1
C1CCC(CCCC2CCCC(C3CCCCC3)C2)CC1
C1CCC(CC2CCCC(C3CCCC(C4CCC4)C3)C2)CC1
C1CCC(CC2CCC3C(CC4CCCCC4)CC(C4CCCCC4)C3C2)CC1
C1CCC(CC2CC(CC3CCCCC3)C3CCCCC23)CC1
C1CCC(CCCC2CCCC(C3CCC(C4CCCC4)CC3)C2)CC1
C1CCC(CC2CCC(C3CCC(CC4CCC(C5CCCC5)CC4)CC3)CC2)CC1
C1CCC(CCCCC(C2CCCCC2)C2CCCC(CC3CCCCC3)C2)CC1
C1CCC(C2CCC(CC3CCC(CC4CCCC(CCCC5CCCCC5C5CCCC5)C4)CC3)CC2)CC1
C1CCC(CCC2CCCCC2CC2CCCCC2)CC1
C1CCC(C2CCCCC2C2CCCCC2)CC1
C1CCC(CC2CCCCC2C2CCC(C3CCCCC3)CC2)CC1
C1CCC(C2CCC3CCCC(C4CCCCC4)C3C2)CC1
C1CCC(CCC2CCC(C3CCCC(CC4CCC5CCCCC54)C3)CC2)CC1
C1CCC(CCCC2CCC(C3CCC(C4CCC5CCCCC54)CC3)CC2)CC1
C1CCC(CCC2CCCC(C3CCCC(C4CCCCC4)C3)C2)CC1
C1CCC(CCCCC2CCCC(C3CCC(CC4CCCC4)CC3)C2)CC1
C1CCC(CCC2CCC(CC3CCC(C4CCCC(CC5CCCCC5)C4)CC3)CC2)CC1
C1CCC(C2CCC(C3CCCCC3C3CCCCC3)CC2)CC1
C1CCC(CC2CCC(CCC3CCC(C4CCC5CCCCC54)CC3)CC2)CC1
C1CCC(CCCCC2CCC3C(C4CCCC4)CC(C4CCCCC4)C3C2)CC1
C1CCC(CCCC2CCCCC2C2CCCCC2)CC1
C1CCC(C2CCCCC2CCC2CCC3CCCCC32)CC1
C1CCC(C2CCCC(CC3CCCC(C4CCC5CCCCC54)C3)C2)CC1
C1CCC(CC2CCC(CCC3CCC(C4CCCCC4)CC3)CC2)CC1
C1CCC(CC2CCCC(CC3CCC(CC4CCC(C5CCCC5)CC4)CC3)C2)C1
C1CCC(CC2CC(C3CCCCC3)CCC2C2CCCCC2)CC1
C1CCC(CCC2CCCCC2)CC1
C1CCC(CC2CCC(CC3CCCCC3C3CCCCC3C3CCCC3)CC2)CC1
C1CCC(C2CCCC(CC3CCC(CC4CCC4)CC3)C2)CC1
C1CCC(CC2CCC(C3CCC(CC4CCC(CC5CC6CCCCC6C5)CC4)CC3)CC2)CC1
C1CCC(CC2CCCC(CC3CCC4CCCCC4C3)C2)CC1
C1CCC(CC2CCC(C3CCCCC3)CC2)CC1
C1CCC(CC2CCCC(C3CCC(C4CCCCC4)CC3)C2)CC1
C1CCC(CCCC2CCCC(C3CCCC(C4CCCCC4)C3)C2)CC1
C1CCC(C2CCCC(C3CCCC(CC4CCC(C5CCCC5)CC4)C3)C2)CC1
C1CCC(C2CCC(CC3CCCCC3C3CCCCC3)CC2)CC1
C1CCC(C2CCCC(C3CCCCC3C3CCC4CCCCC4C3)C2)CC1
C1CCC(C2CCC(CC(C3CCCCC3)C3CCCCC3)CC2)CC1
C1CCC(C2CCCC(C3CCCCC3)C2)CC1
C1CCC(C2CCC(C3CCC4CCCCC43)CC2)CC1
C1CCC(CC2CCC(CC3CCCC(CCC4CCC(C5CCCCC5)C4)C3)CC2)CC1
C1CCC(CC2CCCCC2C2CCCC3CC(C4CCCCC4)CCC32)CC1
C1CCC(C2CCCCC2CCC2CC(C3CCCC3)C3CCCCC23)C1
C1CCC(C2CCC(CC3CCC4CCCCC43)CC2)CC1
C1CCC(C2CCC(C3CCCC(C4CCCCC4C4CCCCC4)C3)CC2)CC1
C1CCC(C2CCCC(C(C3CCCC(C4CCCCC4)C3)C3CCC4CCCCC43)C2)CC1
C1CCC(CC2CC(C3CCC(C4CCCCC4)CC3)C3CCCCC23)CC1
C1CCC(CC2CCCC(C3CCCCC3)C2)CC1
C1CCC(C2CCCC(C3CCCC(CCCC4CCC(C5CCC5)CC4)C3)C2)CC1
C1CCC(C2CCC3C(CCCC3CC3CCCCC3C3CCC4CCCCC4C3)C2)CC1
C1CCC(CC2CCCC(C3CCCC(C4CCCC(C5CCCCC5)C4)C3)C2)CC1
C1CCC(CC2CCC(C3CCCCC3)CC2)CC1
C1CCC(CC2CCC(C3CCCCC3CC3CCCCC3)C(CC3CCCCC3)C2)CC1
C1CCC(CC2CC(C3CCCCC3C3CCCCC3)C3CCCCC23)CC1
C1CCC(CCCC2CCC(C3CCCCC3)CC2)CC1
C1CCC(CC2CCCC(CCC3CC3)C2)CC1
C1CCC(CCC2CCC(CC3CCC(C4CCCCC4C4CCCCC4)CC3)CC2)CC1
C1CCC(CC2CCCC(C3CCC(C4CC(C5CCC(C6CCCCC6)CC5)C4)CC3)C2)CC1
C1CCC(CC2CCC(C3CCC4CC(C5CCC6CCCCC65)CC(C5CCCCC5)C4C3)CC2)CC1
C1CCC(CC2CCC(C3CC(CC4CCCCC4)C4CCCCC43)CC2)CC1
C1CCC(CC2CCCCC2C2CCC(C3CCCCC3)C2)CC1
C1CCC(CCCC2CCC(CC3CCCC(C4CCCCC4)C3)CC2)CC1
C1CCC(CCCC2CCC(C3CCC(C4CCCC4)CC3)C(C3CCCC3)C2)CC1
C1CCC(CC2CCC(C3CCC(C4CCCC(CC5CC6CCCCC6C5)C4)CC3)CC2)CC1
C1CCC(C2CCCCC2CCC2CCCCC2CC2CCCC2)CC1
C1CCC(CC2CC3CCC(C4CCC(C5CCC5)CC4)CC3C(C3CCCCC3)C2)CC1
C1CCC(C2CC(C3CCC4CCCCC43)CC3CCCCC32)CC1
C1CCC(CC2CCC(C3CCCC(C4CCCCC4C4CCCCC4C4CCCC4)C3)CC2)C1
C1CCC(CC2CCCC(C3CCCCC3)C2)CC1
C1CCC(CC2CCCC(CCCC3CCCC(C4CCC4)C3)C2)CC1
C1CCC(CC2CCC(C3CCCCC3)CC2)CC1
C1CCC(C2CCC(C3CCCC(C4CCCC(C5CCCC5)C4)C3)CC2)CC1
C1CCC(C2CCCC(C3CC(C4CCCC(C5CCCCC5)C4)C4CCCCC34)C2)CC1
C1CCC(C2CCCCC2C2CCCCC2)CC1
C1CCC(C2CCCCC2C2CCC2)CC1
C1CCC(CC2CCC(CCCC3CCCC(C4CCC(CC5CCCCC5)CC4)C3)CC2)CC1
C1CCC(CC2CCC(C3CCCCC3CCC3CCCC(C4CCCC(C5CCCCC5)C4)C3)CC2)CC1
C1CCC(C2CCCC(C3CCC(CC4CC5CCCCC5C4)C3)C2)CC1
C1CCC(C2CCCCC2C2CCCCC2C2CCC3CCCC3C2)CC1
C1CCC(CCC2CCC3CC(CC4CCCCC4)CCC23)CC1
C1CCC(C2CC(CC3CCC(CC4CCCC4)CC3)C3CCCCC32)CC1
C1CCC(CCCC2CC(C3CCCCC3)C3CCCCC23)CC1
C1CCC(C2CCCC(C3CCCC3)C2)CC1
C1CCC(CC2CC(CCCC3CCCC(CC4CC5CCCCC5C4)C3)C3CCCCC23)CC1
C1CCC(C2CCC(C3CC(C4CCCCC4)CCC3C3CCCCC3)CC2)CC1
C1CCC(CC2CCC(CC3CCC(C4CCCC4)CC3)CC2)C1
C1CCC(C2CCC(C3CCC(C4CCCC(C5CCCCC5)C4)CC3)CC2)CC1
C1CCC(CCC2CC3CCC(C4CCC(C5CCCCC5)CC4)CC3C2)CC1
C1CCC(CCCC2CCC(C3CCCCC3C3CCC3)CC2)CC1
C1CCC(C2CCCC(C3CCCC(C4CC4CC4CC5CCCCC5C4)C3)C2)CC1
C1CCC(CCC2CCC(C3CCCC(C4CCCCC4)C3)CC2)CC1
C1CCC(C2CCC(C3CCC4CCCC(C5CCCCC5)C4C3)CC2)CC1
C1CCC(CCCC2CCC(CC3CCC4CCCCC4C3)CC2)CC1
C1CCC(CC2CCC(CC3CCC(C4CCCCC4CC4CCCC4)C3)CC2)CC1
C1CCC(CC2CCC(C3CCCCC3)CC2)CC1
C1CCC(CC2CCCCC2C2CCCCC2CCC2CCC2)CC1
C1CCC(CC2CC(C3CCC(C4CCCCC4)CC3)C3CCCCC23)CC1
C1CCC(CCCC2CCCC(CCC3CCCC(C4CCCCC4)C3)C2)CC1
C1CCC(C2CCCCC2CC2CCC(CC(C3CCCCC3)C3CCCCC3)CC2)CC1
C1CCC(CCCCCC2CCC(CC3CCCCC3)CC2)CC1
C1CCC(C2CCCC(CCC3CC(CCC4CC4)CC(CC4CCC5CCCC5C4)C3)C2)C1
C1CCC(CC2CC(C3CCCCC3)C3CCCCC23)CC1
C1CCC(CC2CCC(C3CCCCC3)CC2)CC1
C1CCC(CCC2CCC(C3CCCC4CC(C5CCCCC5)CCC43)CC2)CC1
C1CCC(CC2CCCCC2C2CCCC(C3CCCC3)C2)CC1
C1CCC(CCC2CCCCC2C2CCCCC2)CC1
C1CCC(C2CCC(CC(C3CCCCC3)C3CCC4CCCCC4C3)CC2)CC1
C1CCC(CC2CCC(C3CCCCC3)CC2)CC1
C1CCC(CC2CCCC(CC3CCCC(CC4CCCCC4)C3)C2)CC1
C1CCC(C2CCCC(C3CCC4CCCCC4C3)C2)CC1
C1CCC(CC2CCCC(CCC3CCCC(CC4CCCCC4)C3)C2)CC1
C1CCC(CCCCCC2CC3CCCCC3C(C3CCCCC3)C2)CC1
C1CCC(C2CCCC(C3CCC4CCCCC43)C2)C(CC2CCC(CC3CC3)CC2)C1
C1CCC(C2CCCC(CC3CCCC(C4CCCC(C5CC5)C4)C3)C2)CC1
C1CCC(CCC2CCCC(C3CCC4CC(CC5CCCCC5)CC(C5CCCCC5)C4C3)C2)CC1
C1CCC(CCCCC2CCC(CC3CCCCC3)CC2)CC1
C1CCC(CC2CCCCC2C2CCCC2)CC1
C1CCC(C2CCC(CC3CCCC(C4CCCCC4)C3)CC2)CC1
C1CCC(C2CCCC(C3CCCCC3)C2)CC1
C1CCC(CC2CCCC(CC3CCCCC3C3CCC4CCCC4C3)C2)CC1
C1CCC(C2CC(CCC3CCC4CCCC4C3)CC(C3CCC3)C2)CC1
C1CCC(C2CCCCC2C2CCCCC2)CC1
C1CCC(CC2CCCC(CC3CCC(C4CCCCC4)CC3)C2)CC1
C1CCC(C2CCCCC2)CC1
C1CCC(CC2CCCC(C3CCC4CCC(C5CCCCC5)CC4C3)C2)CC1
C1CCC(C2CCC(CC3CC4CCCCC4C3)CC2)CC1
C1CCC(CC2CCC3C(CC4CCCCC4)CC(CC4CCCCC4)C3C2)CC1
C1CCC(CC2CCC(CC3CCC(C4CCCC(CC5CC5)C4)CC3)CC2)CC1
C1CCC(CC2CCC(C3CCCCC3)C(CC3CCCCC3C3CCCC3)C2)CC1
C1CCC(C2CCCCC2CC2CCCC2)CC1
C1CCC(CC2CCC(CC3CCCCC3)C(CC3CCCCC3)C2)CC1
C1CCC(C2CCCCC2C2CCCCC2C2CCCC2)CC1
C1CCC(CC2CCC(CCC3CCC(CC4CCCCC4)CC3)CC2)CC1
C1CCC(C2CCCCC2)CC1
C1CCC(CCC2CCC(C3CCC(CCCC4CCCC(CC5CCCCC5)C4)C3)CC2)CC1
C1CCC(CCC2CCC3CCCC(C4CCCCC4)C3C2)CC1
C1CCC(CC2CCC(CC3CCCCC3C3CCCCC3)CC2)CC1
C1CCC(C2CCCC(CCC3CCCCC3C3CCC(C4CCC4)CC3)C2)CC1
C1CCC(CC2CCC(CC3CCC(CCC4CCC5CCCCC5C4)CC3)CC2)CC1
C1CCC(CCC2CCCC(C3CCCCC3)C2)CC1
C1CCC(C2CC(C3CCCCC3)CC(C3CCC4C(CCCC4C4CCCCC4)C3)C2)CC1
C1CCC(C2CC(CC3CCCC(CC4CCC5CCCCC54)C3)C3CCCCC32)CC1
C1CCC(CC2CCC3CC(C4CCCCC4)CCC3C2)CC1
C1CCC(C2CCCC(C3CC(C4CCCCC4)CC4CCCCC43)C2)CC1
C1CCC(CCC2CCCCC2CC2CCC(CC3CCC4CCCCC4C3)CC2)CC1
C1CCC(CCC2CCCC(C(C3CCCCC3)C3CCCCC3)C2)CC1
C1CCC(CCCCC2CCCC(C3CCCCC3)C2)CC1
C1CCC(CC2CC(CC3CCC(C4CCCC4)CC3)CC(C3CCCCC3)C2)CC1
C1CCC(CC2CCC(C3CCCCC3)CC2)CC1
C1CCC(C2CCCC(CC3CC(C4CCCCC4)C4CCCCC34)C2)CC1
C1CCC(C2CCC(CC3CCC4CCCC4C3)CC2)CC1
C1CCC(CC2CCCC(C3CC(C4CCCCC4)CC(C4CCCCC4)C3)C2)CC1
C1CCC(CC2CCCCC2CC2CCC(C3CCCC(C4CC4)C3)CC2)CC1
C1CC(CCC2CCC(C3CCCC(CC4CCC(C5CCCC5)CC4)C3)CC2)C1
C1CCC(C2CCC(CC3CC3)CC2)CC1
C1CCC(CCCC2CCC3C(C4CCCCC4)CC(C4CCCCC4)C3C2)CC1
C1CCC(CC2CCC3C(CC4CCCCC4)CC(CC4CCCCC4)C3C2)CC1
C1CCC(CC2CCC(C3CCCC(CC4CCCCC4)C3)CC2)CC1
C1CCC(CC2CCC(CCC(CC3CCCCC3)CC3CCCCC3)CC2)CC1
C1CCC(CCC2CCC(CC3CCCC(C4CCC(C5CCC5)CC4)C3)CC2)CC1
C1CCC(C2CCCC(CC3CC(C4CCC(C5CCC6CCCCC6C5)CC4)C4CCCCC34)C2)CC1
C1CCC(C2CCC(CCCC3CCC(C4CCCCC4)CC3)CC2)CC1
C1CCC(C2CCCC(C3CCCCC3CC3CCCCC3C3CCCCC3)C2)CC1
C1CCC(CC2CCC(CC3CCCC(C4CCCCC4C4CCCCC4)C3)CC2)CC1
C1CCC(CC2CCCC(C3CCCC(CC4CCCCC4)C3)C2)CC1
C1CCC(CCC2CC(CC3CCCCC3)C3CCCCC23)CC1
C1CCC(C2CCC(CC3CCCC3)CC2)CC1
C1CCC(CCCC2CCCC(CC3CCCCC3C3CCCCC3)C2)CC1
C1CCC(CCC2CCC(C3CCCCC3)CC2C2CCCC2)CC1
C1CCC(CCCCCC2CCC(CC3CCCCC3)CC2)CC1
C1CCC(CC2CCCC(C(C3CCCCC3)C3CCCCC3)C2)CC1
C1CCC(CC2CCC(CC3CCC(CC4CCCCC4)CC3)CC2)CC1
C1CCC(CC2CCCC(CC3CCC(C4CCCCC4)C3)C2)CC1
C1CCC(CC2CCCCC2C2CCC3CCCCC3C2)CC1
C1CCC(CCC2CCC(CC3CCCC(C4CCCCC4C4CCCC4)C3)CC2)CC1
C1CCC(CC2CCCC(CC3CC(C4CCCCC4C4CC4)C4CCCCC34)C2)C1
C1CCC(CCC2CC(CC3CCCCC3)CC(CC3CCC(C4CCCCC4)CC3)C2)CC1
C1CCC(C2CCC(CCC3CCCCC3C3CCCCC3)CC2)CC1
C1CCC(C2CCCC(C3CCCCC3)C2)CC1
C1CCC(C2CCC(C3CCCC(CCCC4CCCC4)C3)CC2)CC1
C1CCC(CCCC2CCC(CC3CCCCC3)CC2)CC1
C1CCC(C2CCCCC2CCC2CCC(C3CCC(CC4CC4)CC3)CC2)CC1
C1CCC(C2CCC3C(CCCC3C3CCCCC3)C2)CC1
C1CCC(CC2CCC(C3CCC(C4CCCCC4C4CCCC4)CC3)CC2)CC1
C1CCC(C2CCC(C3CCCCC3C3CCCCC3C3CCCCC3)CC2)CC1
C1CCC(CCC2CCCC(C3CCCC(CC4CCCCC4)C3)C2)CC1
C1CCC(CC2CCC(C3CCCCC3CC3CCC4CCCCC43)CC2)CC1
C1CCC(CCCC2CCC(CC3CCCCC3)CC2)CC1
C1CCC(CC2CCC(CCC3CCC(CC4CCCCC4)CC3)CC2)CC1
C1CCC(CC2CCCC(C3CCCCC3)C2)CC1
C1CCC(C2CCCCC2)CC1
C1CCC(C2CCCCC2C2CCCCC2C2CCCCC2)CC1
C1CCC(CC2CC(CC3CCCCC3)CC(C3CCCCC3)C2)CC1
C1CCC(C2CCC(C3CCCC(CC4CCCC4)C3)CC2)CC1
C1CCC(C2CCC(CC3CCC(C4CCCC4)CC3)CC2)CC1
C1CCC(C2CCC(CCCC3CCCC(C4CCCC5CC(C6CCCCC6)CCC54)C3)CC2)CC1
C1CCC(C2CCC(C3CCCC(CC4CCC(CC5CCC(CCC6CC6)CC5)CC4)C3)CC2)CC1
C1CC2CCC(CC3CCCC(C4CCC5CCCC5C4)C3)CC2C1
C1CCC(C2C3CCCCC3CC2C2CCCCC2C2CCC(C3CCCC3)CC2C2CCCC2)CC1
C1CCC(CCC2CCC(CC3CCCCC3)CC2)CC1
C1CCC(C2CCC(C3CCCCC3)C(C3CCCCC3)C2)CC1
C1CCC(C2CCC(C3CCCC4CCC(C5CCCCC5)CC43)C2)CC1
C1CCC(CCC2CCCC(C3CC(C4CCC(CC5CCCCC5)CC4)C4CCCCC34)C2)CC1
C1CCC(C2CCCCC2C2CCCC(CC3CCCC3)C2)CC1
C1CCC(C2CCCC(CCCC3CCCC(CC4CC5CCCCC5C4)C3)C2)CC1
C1CCC(CC2CCC(C3CCCC(CC4CCC5CCCCC54)C3)CC2)CC1
C1CCC(CC2CCC3C(CC4CCCC(C5CCCCC5)C4)CC(CCCC4CC4)C3C2)CC1
C1CCC(C2CCC2)CC1
C1CCC(CCCC2CCC(CCC3CCCCC3)CC2)CC1
C1CCC(CC2CC(CCC3CCCC(C4CCCCC4)C3)CC(C3CCC3)C2)CC1
C1CCC(CC2CCC(CC3CCCC(C4CCCC(C5CCCCC5)C4)C3)CC2)CC1
C1CCC(CC2CC(C3CCCCC3)C3CCCCC23)CC1
C1CCC(C2CCC(C3CCCC(CC4CC5CCCCC5C4)C3)CC2)CC1
C1CCC(CC2CCC(C3CCCCC3)CC2)CC1
C1CCC(CC2CCC(C3CC(CC4CCCCC4)C4CCC(C5CCC6CCCCC65)CC43)CC2)CC1
C1CCC(CC2CCCC(C3CC(C4CCCCC4)CC(C4CCCCC4)C3)C2)CC1
C1CCC(CC2C(C3CCCCC3)CCCC2C2CCCC2)CC1
C1CCC(CCC2CCC(CC3CCCCC3)CC2)CC1
C1CCC(C2CCC(C3CCCCC3C3CCCCC3)CC2)CC1
C1CCC(CC2CCC(CC3CCC(CC4CCCC(CC5CCCCC5)C4)CC3)CC2)CC1
C1CCC(CCCCC2CCCC(C3CCCCC3)C2)CC1
C1CCC(C2CCC(CC3CCC4CCCCC4C3)CC2C2CCCCC2)CC1
C1CCC(C2CC(CC3CCC(CC4CCCC(CC5CC5)C4)CC3)C3CCCCC32)CC1
C1CCC(CCC2CCCC(CCC3CCCCC3)C2)CC1
C1CCC(CC2CCCC(CCC(CC3CC4CCCCC4C3)C3CCCCC3)C2)CC1
C1CC(CC2CCC(CCCC3CCCC(CC4CCCC4)C3)CC2)C1
C1CCC(CCC2CCCC3CC(C4CCCCC4)CCC23)CC1
C1CCC(CC2CCCCC2CCCC2CCC3CCCCC3C2)CC1
C1CCC(CCCC2CCCCC2)CC1
C1CCC(C2CCC(C3CCCC(C4CCCC(C5CCCCC5)C4)C3)CC2)CC1
C1CCC(CC2CCC(CCC3CCCC(C4CCCC4)C3)CC2)CC1
C1CCC(CCCC2CCC(C3CCCCC3)CC2C2CCCC2)CC1
C1CCC(CC2CCC(C3CCC(CCC4CCC(C5CCCC5)CC4)CC3)CC2)CC1
C1CCC(CC2CCC(C3CCCC(C4CCCC(CCCC5CCCC5)C4)C3)CC2)CC1
C1CCC(CCC2CCCCC2CC2CCC(C3CCC(C4CCCCC4)CC3)CC2)CC1
C1CCC(CC2CCCC(C3CCCCC3C3CCCCC3)C2)CC1
C1CCC(C2CCC(C3CC(C4CCCC(C5CCCCC5)C4)C4CCCCC34)CC2)CC1
C1CCC(C2CCCCC2C2CCCCC2)CC1
C1CCC(C2CCC3CCCCC3C2)CC1
C1CCC(CCC2CCCCC2C2CCCCC2)CC1
C1CCC(CC2CCCCC2CC2CCCC(C3CCCCC3)C2)CC1
C1CCC(CCCC2CCC(C3CCCCC3)C(CC3CCCC3)C2)CC1
C1CCC(C2CC(C3CCC(C4CC5CCCCC5C4)CC3)CC3CCCCC32)CC1
C1CCC(CCC2CCC(C3CCCCC3)CC2)CC1
C1CCC(CCC2CCC(C3CCCCC3)CC2CC2CCCCC2)CC1
C1CCC(CCCC2CCCC(CC3CCCCC3)C2)CC1
C1CCC(C2CCC(C3CCCCC3C3CCC4CCCC4C3)CC2)CC1
C1CCC(C2CC(CC3CCC3)C3CCC(CC4CC5CCCCC5C4)CC32)CC1
C1CCC(CC2CCC(CC3CCCCC3)CC2)CC1
C1CCC(CC2CCCC(CCC3CCCCC3C3CCCC3)C2)CC1
C1CCC(C2CCCC(C3CC(C4CCC5CCCCC5C4)C4CC(CC5CC5)CCC34)C2)CC1
C(CC1CCC(C2CCC2)CC1)CC1CCC(C2CCC(C3CCC4CCCCC4C3)CC2)CC1
C1CCC(C2CC(C3CCC4CCCC(C5CCCCC5)C43)CC3CCCCC32)CC1
C1CCC(CC2CCC(CC3CCCCC3)CC2)CC1
C1CCC(C2CCC(C3CC(C4CCCCC4)C3)CC2)CC1
C1CCC(CC2CCC(CC3CC4CCCCC4C3)CC2)CC1
C1CCC(C2CCCC(C3CCCCC3)C2)CC1
C1CCC(CC2CCC(CC3CCCCC3)CC2)CC1
C1CCC(CC2CCC(CC3CC(C4CCCCC4)C4CCCCC34)CC2)CC1
C1CCC(C2CCCC(C3CCCCC3C3CCCCC3)C2)CC1
C1CCC(CC2CCCC(C3CCCCC3)C2)CC1
C1CCC(C2CCCC(C3CCCCC3)C2)CC1
C1CCC(CC2CC(C3CCC(C4CCCCC4)CC3)C3CCCCC23)CC1
C1CCC(CCC2CCC(C3CCCCC3)CC2)CC1
C1CCC(CCC2CCCC3CCCCC32)CC1
C1CCC(CC2CCC(CCC3CCC(CCCC4CCCC4)CC3)CC2)CC1
C1CCC(C2CCCCC2CC2CCC(C3CCC(C4CC4)CC3)CC2)CC1
C1CCC(CC2CCC(CCC3CCC(C4CCCCC4)CC3CC3CCCCC3)CC2)CC1
C1CCC(C2CCCC(C3CCCCC3)C2)CC1
C1CCC(CCCC2CCC(CC3CCC(CC4CC5CCCCC5C4)CC3)CC2)CC1
C1CCC(CC2CCCC(CCC3CCC(C4CCCCC4)CC3)C2)CC1
C1CCC(CCC2CCC(CCCCCC3CCCC(C4CCCCC4)C3)CC2C2CCCC2)CC1
C1CCC(CCC2CCCCC2CC2CCCCC2C2CCCCC2)CC1
C1CCC(C2CCC(CC3CCC(C4CCCCC4)CC3)CC2)CC1
C1CCC(CCC2CC3CCC(C4CCCCC4)CC3C(C3CCCCC3)C2)CC1
C1CCC(CCC2CCCCC2)CC1
C1CCC(CC2CCCCC2C2CCCCC2)CC1
C1CCC(CCCC2CCCC(CCC3CCCCC3)C2)CC1
C1CCC(C2CCCCC2C2CCCCC2)CC1
C(CCCC1CCC2CCCC(C3CCCCC3)C2C1)CCC1CCC2CCCC2C1
C1CCC(CCC2CCC(C3CCCCC3)C(C3CCC(CC4CCCCC4)CC3)C2)CC1
C1CCC(CCCC2CCCC(C3CCCCC3)C2)CC1
C1CCC(CC2CCCC(C3CCC(CC4CC5CCCCC5C4)CC3)C2)CC1
C1CCC(CC2CCCC(CCC3CCC(C4CCCCC4)CC3)C2)CC1
C1CCC(CCC2CCCCC2C2CCC(C3CCCCC3)CC2)CC1
C1CCC(CC2CCCCC2CC2CCCC(C3CCCCC3)C2)CC1
C1CCC(CCC2CCC(CC3CCCCC3)CC2)CC1
C1CCC(C2CC(C3CCCC3)CC(C3CCCCC3C3CCC4CCCCC4C3)C2)CC1
C1CCC(C2CCCC(C3CCC(C4CCC(C5CCCC5)CC4)CC3)C2)CC1
C1CCC(C2CCCC(CC3CCCCC3C3CCCCC3)C2)CC1
C1CCC(CCC2CCCC(CCC3CCCCC3C3CCC4CCCC4C3)C2)CC1
C1CCC(C2CCCC(C3CC(CCCCC4CCCCC4C4CCCC4)C4CCCCC43)C2)CC1
C1CCC(CCCC2CC(CCC3CCCCC3)CC(C3CCCCC3)C2)CC1
C1CCC(CC2CCC(CC3CCC(C4CCCCC4)CC3)CC2)CC1
C1CCC(CC2CCC(CCCCC3CC(CC4CCCCC4)C4CCCCC34)CC2)CC1
C1CCC(C2CCCCC2)CC1
C1CCC(C2CCCC(C3CCCC(C4CCC5CCCC5C4)C3)C2)CC1
C1CCC(C2CC(C3CCC4CCCCC43)CC3CCCCC32)CC1
C1CCC(CC2CCCCC2C2CCCC(C3CCC(C4CC5CCCCC5C4)CC3)C2)CC1
C1CCC(CCC2CCC(CC3CCCCC3)CC2)CC1
C1CCC(CCC2CCC(C3CCCCC3C3CCCCC3)CC2)CC1
C1CCC(C2CCC3CC(C4CCCCC4)CC3C2)CC1
C1CCC(CC2CCC(C3CCCC3)CC2C2CCCCC2)CC1
C1CCC(CCCC2CCC(CC3CCCCC3)CC2)CC1
C1CCC(CCCC2CCC(C3CCCCC3)CC2)CC1
C1CCC(CC2CCC(CC3CCCCC3)CC2)CC1
C1CCC(CC2CCC(CCCC3CCCC(CC4CCCCC4)C3)CC2)CC1
C1CCC(C2CCCCC2C2CCCCC2)CC1
C1CCC(C2CCC3CC(C4CCC5CCCCC54)CC(C4CCCCC4)C3C2)CC1
C1CCC(CCC2CC(C3CCC(CC4CCCCC4)CC3)C3CCCCC23)CC1
C1CCC(CCC2CCCC(CC3CCCC(C4CCCC4)C3)C2)CC1
C1CCC(CCC2CCCC(C3CCCC(C4CCCCC4)C3)C2)CC1
C1CCC(CC2CCC3C(CC4CCCCC4)CC(C4CCCCC4)C3C2)CC1
C1CCC(C2CCC(C3CCC(CC4CCCCC4C4CCCC4)CC3)CC2)C1
C1CCC(C2CCCC(C3CCC(C4CCC5CCCCC54)CC3)C2)CC1
C1CCC(C2CCC(C3CC4CCCCC4C3)C(C3CCCCC3)C2)CC1
C1CCC(CC(C2CCCCC2)C2CCC(C3CCCCC3)CC2)CC1
C1CCC(C2CCC(C3CCC(CC4CC4)C(C4CCCC4)C3)CC2)CC1
C1CCC(CC2CCCC(CC3CCCC3)C2)CC1
C1CCC(CC2CCCCC2)CC1
C1CCC(C2CC(C3CCC4CCCCC43)CC3CCCCC32)CC1
C1CCC(CCCCC2CC(C3CCCCC3)CCC2CC2CCCCC2)CC1
C1CCC(C2CCCC(C3CCCC(CCC4CC(C5CCCC5)C5CCCCC45)C3)C2)CC1
C1CCC(C2CCCCC2CCC2CCCC(C(CCC3CCCC(C4CCC4)C3)C3CCCCC3)C2)CC1
C1CCC(CC2CCCC(CCCC3CCC(C4CCCCC4)CC3)C2)CC1
C1CCC(CC2CCC(CC3CCCC(C4CCCCC4)C3)CC2)CC1
C1CCC(C2CC(C3CCCCC3)CC(C3CCCC(CC4CCC5CCCCC54)C3)C2)CC1
C1CCC(CC2CCCC(C3CC(C4CCC4)CC(C4CCC5CCCC5C4)C3)C2)CC1
C1CCC(CC2CCC(C3CCCC4CCCCC43)CC2)CC1
C1CCC(CC2CCC(CC3CCCCC3C3CCCCC3)CC2)CC1
C1CCC(CCCCCC2CCC(CC3CCCCC3)CC2)CC1
C1CCC(CC2CCC(C3CCC(C4CCCCC4)CC3)C(CCC3CC3)C2)CC1
C1CCC(CC2CC(CC3CCCC(CC4CCC5CCCC5C4)C3)C3CCCCC23)CC1
C1CCC(C2CCCC(C3CCC(C4CCCC(CC5CC6CCCCC6C5)C4)CC3)C2)CC1
C1CCC(CC2CCC(C3CCCCC3)CC2)CC1
C1CCC(CCC2CCC(C3CCCC(C4CCCCC4)C3)CC2)CC1
C1CCC(C2CCCC(C3CCCCC3)C2)CC1
C1CCC(CCCCC2CCCC(CCCCC3CCCCC3)C2)CC1
C1CCC(C2CCC(CC3CCCCC3C3CCCCC3)CC2)CC1
C1CCC(CC2CCC(C3CCCC(CCC4CCC(C5CCCCC5)CC4)C3)CC2)CC1
C1CCC(CCC2CCC(CCC3CCCCC3)CC2)CC1
C1CCC(C2CCCC(C3CCCC(C4CC(C5CCC5)CC(C5CCC(C6CCCC6)CC5)C4)C3)C2)CC1
C1CCC(CC2CC(C3CC(C4CCCCC4)C4CCCCC43)C3CCCCC23)CC1
C1CCC(CC2CCC(C3CCCCC3)CC2)CC1
C1CCC(CCC2CCC(CC3CCCCC3C3CC4CCCCC4C3)CC2)CC1
C1CCC(C2CCCCC2CCC2CCCCC2C2CCCCC2)CC1
C1CCC(C2CCC(C3CCCCC3C3CCCCC3)CC2)CC1
C1CCC(CC2CCCCC2)CC1
C1CCC(CC2CCC(CCC3CCC(C4CCCCC4)CC3)CC2)CC1
C1CCC(C2CCC(CC(C3CCCCC3)C3CCCCC3)C(CC3CC3)C2)CC1
C1CCC(C2CCCC(C3CCCCC3)C2)CC1
C1CCC(C2CCCC(C3CCCCC3)C2)CC1
C1CCC(CCC2CCC(C3CCCCC3)CC2C2CC2)CC1
C1CCC(C2CCCC(C3CCC4C(CCCC4C4CCCCC4)C3)C2)CC1
C1CCC(CC2CCCC(C3CCCCC3)C2)CC1
C1CCC(CC2CCC3CCCCC3C2)CC1
C1CCC(CCC2CC(CC3CCCC(C4CCCCC4C4CCCCC4)C3)C3CCCCC23)CC1
C1CCC(CC2CCCC(CC3CCCC(C4CCCCC4)C3)C2)CC1
C1CCC(CCC2CC(CC3CC3)CC(C3CCCCC3C3CCCCC3)C2)CC1
C1CCC(CC2CCCC(C3CCCC(C4CCC5CCCCC54)C3)C2)CC1
C1CCC(CC2CCCC(C3CC(CC4CCCCC4)CC(C4CCC5CCCCC54)C3)C2)CC1
C1CCC(CC2CCC(C3CCCCC3)CC2)CC1
C1CCC(CCC2CCCCC2C2CCCCC2)CC1
C1CCC(CCCCC2CCC(CCC3CCC(CC4CCCCC4)CC3)CC2)CC1
C1CCC(CCC2CCC(CCC3CC4CCCCC4C3)CC2)CC1
C1CCC(C2CCCC(C3CCC(C4CC(CCCC5CC5)C5CCCCC54)CC3)C2)CC1
C1CCC(C2CCCC(C3CCC(C4CCCC(C5CCC5)C4)CC3)C2)CC1
C1CCC(CCCC2CCC(CCC3CCCCC3)CC2)CC1
C1CCC(CC2CCCC(CC3CCC4CCC(C5CCC6CCCC6C5)CC4C3)C2)CC1
C1CCC(CC2CCCCC2C2CCC(C3CCCCC3)CC2C2CCCC2)CC1
C1CCC(CCC2CCC(CC3CCC(CC4CCCCC4)CC3)CC2)CC1
C1CCC(CC2CCC(CC3CCCCC3)CC2)CC1
C1CCC(CC2CCC(CC3CCCCC3)CC2)CC1
C1CCC(CC2CCCCC2C2CC3CCCCC3C(C3CCCCC3)C2)CC1
C1CCC(CC2CCC(C3CCCCC3C3CCC4C(CC5CCCCC5)CCC4C3)CC2)CC1
C1CCC(CC2CCC(C3CC3)CC2C2CCCCC2)CC1
C1CCC(CC2CCC(C3CCCCC3C3CCC4CCCCC43)CC2)C1
C1CCC(CCCCC2CCC(CC3CCCCC3)CC2)CC1
C1CCC(C2CCC(C3CCCC4CC(C5CCC6CCCC6C5)CCC43)CC2)CC1
C1CCC(CCCC2CCC(CC3CCCC3)CC2)CC1
C1CCC(CC2CCC(C3CCCCC3)C(CC3CCCCC3)C2)CC1
C1CCC(CC2CCC(C3CCC(C4CCCCC4)CC3)CC2)CC1
C1CCC(C2CCC(C3CCCCC3C3CCCCC3)CC2)CC1
C1CCC(CCCC2CCC(CCC3CCCCC3C3CCC(CC4CCCCC4)CC3)CC2)CC1
C1CCC(C2CCCCC2C2CCCCC2C2CCCC2)CC1
C1CCC(C2CCC(C3CCCCC3)C3CCCC23)CC1
C1CCC(CC2CCC(CCCC3CCCC(CC4CCCC(C5CCC5)C4)C3)CC2)CC1
C1CCC(CC2CCC(CC3CCCCC3)CC2)CC1
C(CCCC1CCC(C2CCCC(C3CCCCC3)C2)CC1)CCC1CCCCC1
C1CCC(C2CCC(CCC3CCC(C4CCCC5CC(C6CCCCC6)CCC54)CC3)C2)CC1
C1CCC(C2CCCC(C3CCC4CCCC4C3)C2)CC1
C1CCC(C2CCCC(CC3CCC4CC(C5CCC(C6CCCC6)CC5)CCC34)C2)CC1
C1CCC(C2CCCC(C3CCCC4CC(C5CCCCC5)CCC43)C2)CC1
C1CCC(C2CCC3C(CCCC3C3CCCC(C4CCC5CCCC5C4)C3)C2)CC1
C1CCC(CC2CCCCC2C2CCCCC2)CC1
C1CCC(CC2CCC(CCC3CCCC(C4CCCCC4)C3)CC2)CC1
C1CCC(CCC2CCCC(C3CCCCC3C3CCCCC3)C2)CC1
C1CCC(CC2CCC(C3CCCCC3)CC2)CC1
C1CCC(C2CCC(C3CCCC3)CC2)CC1
C1CCC(C2CCCC(C3CCCCC3)C2)CC1
C1CCC(CC2CCC(CC3CCC(CCC4CCCC4)CC3)CC2)CC1
C1CCC(CCCCC2CCCCC2C2CCC3CCCCC3C2)CC1
C1CCC(C2CCCC(CCC3CCC(C4CCC5CCCCC54)CC3)C2)CC1
C1CCC(CC2CCC(C3CCCCC3)CC2)CC1
C1CCC(CCC2CC(C3CCC4CCCCC43)CC3CCCCC32)CC1
C1CCC(C2CC(C3CCC(C4CC(C5CCCCC5)C5CCCCC45)CC3)C2)CC1
C1CCC(CCCCC2CCCCC2CC2CCCCC2)CC1
C1CCC(CCCC2CCC(C3CCCCC3)CC2)CC1
C1CCC(CC2CCC(C3CCCCC3)CC2CCCCC2CCCC2)CC1
C1CCC(C2CCCCC2)CC1
C1CCC(CC2CCC(CCC3CCC(CCC4CCCCC4C4CCCC4)CC3)CC2)CC1
C1CCC(CCCCCC2CCC(C3CCCC4CCCCC43)CC2)CC1
C1CCC(CC2CCCCC2C2CCCC(C3CCCCC3)C2)CC1
C1CCC(CCC2CCCCC2CCC2CCCCC2)CC1
C1CCC(CC2CCC(C3CCCCC3C3CCCCC3)C(C3CCCC3)C2)CC1
C1CCC(C2CCC(CC3CCCC(C4CCCCC4)C3)CC2)CC1
C1CCC(CC2CCC(CC3CCC(CC4CCCC(CC5CCCCC5)C4)CC3)CC2)CC1
C1CCC(CC2CCCCC2C2CCCCC2)CC1
C1CCC(CC2CCCCC2C2CCCCC2)CC1
C1CCC(CC2CC(C3CCC(CC4CCC(CC5CCCC5)CC4)CC3)C3CCCCC23)CC1
C1CC(CCCC2CCCC(C3CCC3)C2)C1
C1CCC(CC2CCC(C3CCCCC3)C(CCC3CCCC3)C2)CC1
C1CCC(CC2CC(C3CCC4CCCC4C3)CCC2C2CCCCC2)CC1
C1CCC(CCCCC2CCCC(CCC3CCCCC3)C2)CC1
C1CCC(CC2CCCCC2CC2CCC3CCCC3C2)CC1
C1CCC(CC2CCC(C3CCC(CC4CCCC(CC5CCCC5)C4)CC3)CC2)C1
C1CCC(CC2CCCCC2CC2CCCCC2)CC1
C1CCC(CCC2CC(C3CCCC(CC4CC5CCCCC5C4)C3)C3CCCCC23)CC1
C1CCC(C2CCC(C3CCCCC3)CC2)CC1
C1CCC(CC2CCC(C3CCCCC3)C(C3CCCC3)C2)CC1
C1CCC(CC2CCCC(C3CCCC(C4CCCCC4)C3)C2)CC1
C1CCC(C2CCC3CCCCC32)CC1
C1CCC(CC2CCC3CC(C4CCC5CCCCC54)CCC3C2)CC1
C1CC(C2CCCC(CC3CCC(CC4CC5CCCCC5C4)CC3)C2)C1
C1CCC(CC2CCCCC2C2CCCC(CCC3CCC(C4CCCCC4)CC3)C2)CC1
C1CCC(CCCC2CCC(C3CCCC(C4CC4)C3)CC2)CC1
C1CCC(CC2CCC(C3CCCCC3C3CCCCC3C3CCCC3)CC2)CC1
C1CCC(CC2CC(CC3CC4CCCCC4C3)CCC2C2CCCCC2)CC1
C1CCC(CCCC2CCC(C3CCCCC3)CC2)CC1
C1CCC(CCC2CCC(CC3CCCCC3)CC2CCC2CCCCC2)CC1
C1CCC(CCC2CC2C2CCC(C3CCCCC3)CC2)CC1
C1CCC(CC2CC(C3CCC4CCCCC43)CC3CCCCC32)CC1
C1CCC(CC2CC(CCC3CCCC(CCC4CC5CCCCC5C4)C3)C3CCCCC23)CC1
C1CCC(C2CCC(CCC3CCC(C4CCCC5CCCCC54)CC3)CC2)CC1
C1CCC(C2CCCCC2C2CCCCC2)CC1
C1CCC(CCC2CCCC(C3CCCC(C4CCCCC4)C3)C2)CC1
C1CCC(CC2CCCC(CC3CCC(C4CCCCC4CC4CCCCC4)CC3)C2)CC1
C1CCC(C2CCC3CC(C4CCCC4)CC(C4CC5CCCCC5C4)C3C2)CC1
C1CCC(CC2CCC(C3CCCC(C4CCCCC4)C3)CC2)CC1
C1CCC(CC2CCC(C3CCCC(CC4CC5CCCCC5C4)C3)CC2)CC1
C1CCC(CC2CCC(C3CCCCC3C3CCC(C4CCCCC4)CC3)CC2)CC1
C1CCC(CCC2CCC(CC3CCCCC3)CC2)CC1
C1CC2CCC(CCC3CCCCC3C3CCCCC3C3CCC4CCCC4C3)CC2C1
C1CCC(CC2CCC(CCC3CCCC3CC3CCCC(C4CCCCC4)C3)CC2)CC1
C1CCC(C2CCCC3CC(C4CCCCC4C4CCCC4)CCC32)CC1
C1CCC(CC2CCC(CC3CCC(CC4CCCCC4C4CCCCC4)CC3)CC2)CC1
C1CCC(CC2CCC(C3CCCC(CC4CC4)C3)CC2)CC1
C1CCC(C2CCC(C3CCCCC3)C(C3CCC(CCCCC4CC4)C3)C2)CC1
C1CCC(CCC2CCC(CC3CCCCC3)CC2)CC1
C1CCC(CC2CCCCC2C2CCC(CC3CCCC(C4CCCC4)C3)CC2)CC1
C1CCC(CC2CCCC(C3CCCC(CC4CC5CCCCC5C4)C3)C2)CC1
C1CCC(C2CCC(CCCCC3CC(CC4CC4)CCC3C3CCCCC3)CC2)CC1
C1CCC(CC2CCC(CCCC3CCCC(C4CCC(C5CCCCC5)CC4)C3)CC2)CC1
C1CCC(CC2CCC(C3CCC(C4CCC4)CC3CC3CCCCC3)CC2)CC1
C1CCC(C2CCCC(CC3CCCC(C4CCCCC4C4CCCCC4)C3)C2)CC1
C1CCC(CCCC2CC(C3CCCCC3)CC(C3CCCC3)C2)CC1
C1CCC(CCC2CCC(CCCCC3CCCC(CC4CCCCC4)C3)C(C3CCCCC3)C2)CC1
C1CCC(C2CCC(C3CCC(C4CCCC(C5CCCCC5)C4)CC3C3CCCC3)CC2)CC1
C1CCC(CCCC2CC(C3CCCCC3CC3CC3)C3CCCCC23)CC1
C1CCC(CCC2CCCC(C3CCC(C4CCCCC4C4CCCC4)CC3)C2)CC1
C1CCC(C2CCC(C3CCC(C4CC4)CC3C3CCC4CCCC4C3)C3CCCC23)CC1
C1CCC(C2CCCCC2)CC1
C1CCC(C2CCCC(CCC3CC4CCCCC4C3)C2)CC1
C1CCC(CC2CCC(CCC3CC(CC4CCCCC4)C4CCCCC34)CC2)CC1
C1CCC(C2CCCCC2CC2CC(C3CCCC3)C3CCCCC23)CC1
C1CCC(C2CCCCC2C2CCCCC2CC2CCCC2)CC1
C1CCC(CCCC2CCCC(C3CCCCC3)C2)CC1
C1CCC(C2CCCC(C3CCCCC3)C2)CC1
C1CCC(CCCC2CCC(CC3CCCCC3)CC2)CC1
C1CCC(C2CCC(CC3CCCC3)CC2)CC1
C1CCC(CC2CCC(CC3CCCCC3)CC2)CC1
C1CCC(CC2CCC(C3CCC(C4CCCCC4)CC3)CC2)CC1
C1CCC2CC(CCC3CCCC(C4CCCCC4C4CCCC4)C3)CC2C1
C1CCC(CC2CCCC(C3CCCCC3C3CCCC3)C2)CC1
C1CCC(CC(C2CCCCC2)C2CCCC(C3CCCCC3)C2)CC1
C(CCCC1CCC(CC2CCCC(C3CCCCC3)C2)CC1)CCC1CCCCC1
C1CCC(C2CCCC(C3CC(C4CCCCC4)C(C4CCCC4)C(C4CC4)C3)C2)CC1
C1CCC(C2CCC(C3CCC(C4CCCCC4)C3)CC2)CC1
C1CCC(CC2CC(CC3CCCC(C4CCCCC4)C3)C3CCCCC23)CC1
C1CCC(CCC2CCC(CC3CCC(CC4CCCCC4)CC3)CC2)CC1
C1CCC(CCCC2CCC(CC3CCC(CC4CCC5CCCCC5C4)CC3)CC2)CC1
C1CCC(CCCCC2CCCC(C3CCC(C4CCC4)CC3)C2)CC1
C1CCC(C2CCCC(CCC3CC4CCCCC4C3)C2)CC1
C1CCC(CC2CCC(C3CCCC(CC4CCCCC4)C3)CC2)CC1
C1CCC(CCC2CCCC(CCC3CCCC(CCCC4CCCC(CC5CCCCC5)C4)C3)C2)CC1
C1CCC(C2CCCC(C3CCCC4CCCCC43)C2)CC1
C1CCC(C2CCCC(CC3CCCC3)C2)CC1
C1CCC(C2CCCC(CC3CCCC(C4CCCC4)C3)C2)CC1
C1CCC(CC2CCC(C3CCCC(CC4CCCCC4)C3)CC2)CC1
C1CCC(C2CCCC(CCC3CCCC(CC4CC5CCCCC5C4)C3)C2)CC1
C1CCC(CC2CCC(C3CCC(C4CCCCC4)CC3)CC2)CC1
C1CCC(C2CCC(C3CCCC4CCCCC43)CC2)CC1
C1CCC(CCC2CCCCC2CC2CC3CCCCC3C2)CC1
C1CCC(CC2CCCC(C3CCC(C4CCC(C5CCCC5)CC4)CC3)C2)CC1
C1CCC(CCC2CCCC(CC3CCCC3)C2)CC1
C1CCC(CCC2CCCC(C3CCCC(CC4CCCCC4)C3)C2)CC1
C1CCC(C2CCC(C3CCCCC3)CC2)CC1
C1CCC(C2CCCC(C3CCCC(C4CCCCC4)C3)C2)CC1
C1CCC(CC2CCCC(C3CCCCC3)C2)CC1
C1CCC(C2CCCCC2C2CCCCC2C2CCCCC2)CC1
C1CCC(C2CCC(CCC3CC4CCCCC4C(C4CCCCC4)C3)C2)CC1
C1CCC(CCC2CCCCC2CC2CCCCC2)CC1
C1CCC(C2CCCC(CCC3CCC(C4CCCC4)CC3)C2)CC1
C1CCC(CCCC2CCCCC2C2CCCC(CC3CCCCC3)C2)CC1
C1CCC(C2CCC(C3CC(C4CCCCC4)C4CCCCC34)CC2)CC1
C1CCC(C2CCCC(C3CCCC(C4CCCCC4)C3)C2)CC1
C1CCC(C2CCCC(C3CCCCC3C3CCCC(C4CCCC4)C3)C2)C1
C1CCC(CCCCCC2CCC(C3CCC(C4CCCC(C5CCCCC5)C4)CC3)CC2)CC1
C1CCC(CC2CCC(CCC3CCC4CCCC4C3)CC2)CC1
C1CCC(C2CCC3CCC(C4CCC5CCCCC54)CC3C2)CC1
C1CCC(C2CCC(C3CCCCC3C3CCCC3)CC2)CC1
C1CCC(CC2CCCC(CC3CC(C4CCCCC4)C4CCCCC34)C2)CC1
C1CCC(C2CCCC(CCC3CCCC(C4CCCC4)C3)C2)CC1
C1CCC(CCC2CCC(C3CCC4CCCCC4C3)CC2)CC1
C1CCC(C2CCC3C(CCCC3C3CCC(C4CCCC5CCCCC54)CC3)C2)CC1
C1CCC(CC2CCCCC2CC2CCC(C3CCCC(CC4CC5CCCCC5C4)C3)CC2)CC1
C1CCC(CCC2CCC(C3CCCCC3C3CCC4CCCC4C3)CC2)CC1
C1CCC(CC2CCC(CC3CCCCC3)CC2)CC1
C1CCC(CCC2CCCC(C3CCCCC3)C2)CC1
C1CCC2CC(C3CCCC(C4CCC(CC5CCC6CCCC6C5)CC4)C3)CCC2C1
C1CCC(CCCCC2CCC(C3CCC3)C(C3CCCC(C4CCCCC4)C3)C2)CC1
C1CCC(CC2CCC(CC3CCC(C4CCC(CC5CCCCC5)CC4)CC3)CC2)CC1
C1CCC(CCC2CCCC(C3CCCCC3C3CCCCC3)C2)CC1
C1CCC(C2CCCCC2C2CCCCC2)CC1
C1CCC(CC2CCC(CC3CCC(CC4CCCCC4)CC3C3CCCC3)CC2)CC1
C1CCC(C2CCC(C(CC3CC3)CC(CC3CC3)C3CCCCC3)CC2)CC1
C1CCC(CC2CCC(C3CCCCC3)CC2)CC1
C1CCC(CC2CCCC(CC3CC(C4CCCCC4)CCC3C3CCCC4CCCCC43)C2)CC1
C1CCC(C2CCC(C3CCCC(C4CCCCC4)C3)CC2)CC1
C1CCC(CC2CCCC(C3CCCCC3CC3CCCCC3)C2)CC1
C1CCC(CC2CCC(CC3CCC(C4CCCCC4)C3)CC2C2CCCCC2)CC1
C1CCC(CC2CC(C3CCCCC3C3CCCC3)C3CCCCC23)CC1
C1CCC(C2CCC(CCC3CCCC(C4CCC(CC5CCC(C6CCCC6)CC5)CC4)C3)CC2)CC1
C1CCC(CCC2CCC(C3CCC(CC4CCCCC4)CC3)CC2)CC1
C1CCC(CCCC2CCC(CCC3CCCCC3)CC2)CC1
C1CCC(CCCC2CCC(C3CCCCC3)CC2)CC1
C1CCC(C2CCCC(C3CCC(CCC4CC5CCCCC5C4)CC3)C2)CC1
C1CCC(C2CCC3C(CCCC3C3CCCC(C4CCC5CCCC5C4)C3)C2)CC1
C1CCC(CC2CCC(C3CCCC(C4CCC(C5CCCCC5C5CCCC5)CC4)C3)CC2)CC1
C1CCC(CC2CCCCC2C2CCCC(C3CCCC3)C2)CC1
C1CCC(CCC2CCC(CC3CCCCC3)CC2CC2CCCCC2)CC1
C1CCC(CCC2CCCCC2)CC1
C1CCC(CCCCC2CCCCC2CC2CCCC(C3CCCCC3)C2)CC1
C1CCC(CCC2CCCC(C3CCCC(CC4CCCCC4)C3)C2)CC1
C1CCC(C2CCC(C3CCCCC3C3CCCC3)CC2)CC1
C1CCC2CC(CCC3CCCC(C4CCCCC4C4CCCC4)C3)CC2C1
C1CCC(CC2CCCC(C3CCC4CCCCC43)C2)CC1
C1CCC(CCC2CCC(CCC3CC4CCCCC4C3)CC2)CC1
C1CCC(CC2CCCC(C3CCCCC3)C2)CC1
C1CCC(C2CCC(C3CCCC(C4CCCCC4)C3)CC2)CC1
C1CCC(CC2CCCC(C3CCCCC3)C2)CC1
C(CCCC1CCC(CCC2CCCC2)C(C2CC3CCCCC3C2)C1)CCC1CCCCC1
C1CCC(CC2CCCCC2C2CCC(C3CCC(C4CCC5CCCCC54)CC3)CC2)CC1
C1CCC(CCC2CCC(CC3CCC(CC4CCCCC4)CC3)CC2)CC1
C1CCC(CC2CCC(CC3CCC(CC4CCCCC4)CC3)CC2)CC1
C1CCC(C2CCCCC2C2CCCCC2)CC1
C1CCC(C2CCCC(C3CCCC(C4CCC5CCCC5C4)C3)C2)CC1
C1CCC(CC2CC(C3CCCCC3)C3CCCCC23)CC1
C1CCC(CCC2CCC(CCC3CCCCC3)CC2)CC1
C1CCC(CC2CCC(CC3CCC(C4CCCCC4)CC3)CC2)CC1
C1CCC(C2CCCC(C3CCCCC3)C2)CC1
C1CCC(CC2CCC(C3CCCC(CC4CCCCC4)C3)CC2)CC1
C1CCC(CCC2CCC(CCC3CCCCC3)CC2)CC1
C1CCC(C2CCCC(CC3CCCC3)C2)CC1
C1CCC(CCC2CCC(CC3CCCCC3CC3CCCC3)CC2)CC1
C1CCC(CC2CCC(C3CCCC(C4CCCCC4)C3)CC2)CC1
C1CCC(CC2CCC(CC3CCCC(C4CCC(CC5CC6CCCCC6C5)CC4)C3)CC2)CC1
C1CCC(C2CCC(CC3CC(CC4CC4)C4CCCCC34)CC2)CC1
C1CCC(CCCC2CCC(CCC3CCCCC3)CC2)CC1
C1CCC(CCC2CC(CCC3CCC(CC4CCCCC4)CC3)CC3CCCCC32)CC1
C1CCC(C2CCC(CCCC3CCC(C4CCCC4)CC3)CC2)CC1
C1CCC(C2CC(C3CCC4CCCC4C3)CC3CCCCC32)CC1
C1CCC(CCCCC2CCC(C3CCCCC3)CC2)CC1
C1CCC(CCC2CCCCC2CC2CCCCC2)CC1
C1CCC(C2CC(C3CCCCC3)CC(C3CCCC3)C2)CC1
C1CCC(CCC2CCCC(CC3CCC4CCCC(C5CCCCC5)C4C3)C2)CC1
C1CCC(CC2CCCCC2C2CCCCC2)CC1
C1CCC(CC2CCC(CCC3CCCC(C4CCC4)C3)CC2)CC1
C1CCC(CC2CCC(C3CCC(C4CCC(C5CCC6CCCCC6C5)CC4)CC3)CC2)C1
C1CCC(CCC2CCC(CCC3CCC(C4CCC4)C(C4CCCCC4)C3)CC2)CC1
C1CCC(CC2CCC(C3CCC(CC4CC(CC5CCCCC5)C5CCCCC45)CC3)CC2)CC1
C1CCC(CCCCC2CCCC(C3CCCCC3)C2)CC1
C1CCC(CC2CCCCC2C2CCCC(CC3CC3)C2)CC1
C1CCC(CC2CCC(C3CCCC(C4CCCC(C5CCCCC5)C4)C3)CC2)CC1
C1CCC(C2CCCC(CC3CCCCC3CCC3CCC(C4CCCC4)CC3)C2)CC1
C1CCC(C2CCC(CC3CCC4CCCC4C3)CC2)CC1
C1CCC(C2CCC(C3CCCC(CCC4CCCC4)C3)CC2)CC1
C1CCC(CCCC2CCC(C3CCCCC3)CC2)CC1
C1CCC(CC2CCC(C3CCCC(C4CCCCC4C4CCCCC4)C3)CC2)CC1
C1CCC(CCCCCC2CCC(CC3CCC(CCC4CCCCC4)CC3)CC2)CC1
C1CCC(C2CCC(C3CCCCC3C3CC4CCCCC4C3)C(C3CCCCC3)C2)CC1
C1CCC(CC2CCCCC2)CC1
C1CCC(CC2CCCC(CC3CCC(C4CCC(C5CCCCC5C5CCCC5)CC4)CC3)C2)CC1
C1CCC(CC2CCC(C3CCC(C4CCCCC4)CC3)CC2)CC1
C1CCC(CCC2CCC(C3CCC(CC4CCCC(CC5CCCCC5)C4)CC3)CC2)CC1
C1CCC(C2CCC(CCC3CCC(C4CCCC4)CC3)C2)CC1
C1CCC(CCCC2CCCC(C3CCCCC3)C2)CC1
C1CCC(CC2CCCC(CCCC3CCC(C4CCCC4)CC3)C2)CC1
C1CCC(C2CCC(CC3CCCCC3C3CCCCC3)CC2)CC1
C1CCC(CCCC2CCC(CCC3CCC(CC4CCCCC4)C3)CC2)CC1
C1CCC(C2CCC(CC3CCC(CC4CCC5CCCCC54)CC3)CC2)CC1
C1CCC(CCC2CCCCC2CC2CCCCC2)CC1
C1CCC(CCCCC(C2CCCCC2)C2CCCC(C3CCCCC3)C2)CC1
C1CCC(CCC2CCC(CCC3CCC(C4CCCCC4)CC3)CC2CC2CCCC2)CC1
C1CCC(CC2CCC(CC3CCCC(CC4CCCC4)C3)CC2)CC1
C1CCC(C2CCC(CCCC3CCC(C4CCCCC4)CC3C3CCCC3)CC2)CC1
C1CCC(CCCC2CCC3C(CC4CCC(CC5CCCCC5)CC4)CCC3C2)CC1
C1CCC(CC2CCCC(CC3CCCC(C4CCCCC4)C3)C2)CC1
C1CCC(CC2CCCC(CCC3CCCCC3C3CCCC3)C2)CC1
C1CCC(CC2CCCC(C3CCCCC3)C2)CC1
C1CCC(C2CCCC(C3CCCCC3)C2)CC1
C1CC(CCCC2CC3CCCCC3C2)CC(CC2CCCC(CC3CCCC(C4CCCC4)C3)C2)C1
C1CCC(CC2CCC(C3CCCC(C4CCCCC4)C3)CC2)CC1
C1CCC(CC2CCC(C3CCCCC3CC3CCCCC3)CC2)CC1
C1CCC(CCC2CC(CC3CCCC(CC4CCCCC4)C3)C3CCCCC23)CC1
C1CCC(CC2CCC(C3CCCC(C4CCCCC4)C3)CC2)CC1
C1CCC(C2CCCC(CC(C3CCCC3)C3CCCC3)C2)CC1
C1CCC(CCC2CCCC(C3CCC(C4CCCCC4CC4CCCC4)C3)C2)CC1
C1CCC(CCC2CCCCC2C2CC(CC3CCCCC3)CCC2C2CCCCC2)CC1
C1CCC(CC2CCC(C3CCCCC3)CC2)CC1
C1CCC(C2CCC(C3CCCCC3C3CCC4CCCCC4C3)CC2)CC1
C1CCC(C2CCC(CC3CCC(C4CCCCC4C4CCC5CCCC5C4)CC3)C2)CC1
C1CCC(CC2CCCC(CC3CCCCC3)C2)CC1
C1CCC(CC2CCCC(C3CCCCC3)C2)CC1
C1CCC(C2CCC(CCC3CCCC(C4CCCCC4)C3)CC2)CC1
C1CCC(CC2CCC(CC3CCCC(CCC4CCCC5CCCCC54)C3)CC2)CC1
C1CCC(CC2CCC(C3CCC4CCCCC4C3)CC2CC2CCCCC2)CC1
C1CCC(CCCC2CCCC(C3CCCCC3)C2)CC1
C1CCC(CCCC2CCCCC2CC2CCC3CCCCC3C2)CC1
C1CCC(CC2CCCCC2CCCCC2CCCC(C3CCCC(CC4CCC5CCCC5C4)C3)C2)CC1
C1CCC(C2CCCC(CC3CCC(C4CCCCC4C4CCC5CCCCC5C4)C3)C2)CC1
C1CCC(CCCC2CCCCC2C2CCC3CCCC3C2)CC1
C1CCC(CC2CCC(CC3CCC(C4CC5CCCCC5C4)CC3)CC2)CC1
C1CCC(CCC2CCC(C3CCCC(C4CCCCC4C4CCCCC4)C3)CC2)CC1
C1CCC(CC2CCCC(C3CCCCC3)C2)CC1
C1CCC(C2CCC(C3CCC(C4CCCC4)CC3C3CCCC3)CC2)CC1
C1CCC(CCC2CCC(CC3CCC4CCCC4C3)CC2)CC1
C1CCC(CC2CCCC(CCC3CCC(CC4CCCC(CC5CC5)C4)CC3)C2)CC1
C1CCC(C2CCC(C3CCCCC3C3CCCC3)C(C3CCCC3)C2)CC1
C1CCC(C2CCCC(CCC3CCCC(C4CCC(CC5CCC5)CC4)C3)C2)CC1
C1CCC(CC2CCC(CC3CCCC(C4CCCCC4)C3)CC2)CC1
C1CCC(CC2CCCC(CCC3CCCC(C4CCCCC4)C3)C2)CC1
C1CCC(CCCCCC2CCC(CC3CCCCC3)CC2)CC1
C1CCC(CC2CCCC(C3CC(C4CCCCC4)CC(C4CCC4)C3)C2)CC1
C1CCC(CCCC2CCC(CC3CCC(C4CCCCC4)CC3)CC2)CC1
C1CCC(C2CCCC(C3CCCCC3C3CCCC3)C2)CC1
C1CCC(C2CCC(CCC3CCC(C4CCCCC4)CC3)CC2)CC1
C1CCC(CC2CCC(CC3CCC(CC4CCC(C5CCCC5)CC4)CC3)CC2)CC1
C1CCC(CC2CCC(CCCC3CCC4CCC(C5CCCCC5)CC4C3)CC2)CC1
C1CCC(C2CCCC(C3CCCC(C4CC(CCC5CCCC5)CCC4C4CCCCC4)C3)C2)CC1
C(CCCC1CCCCC1)CCCC1CC2CCCCC2C1
C1CCC(CCC2CCC(CC3CCCCC3C3CCCC3)CC2)CC1
C1CCC(C2CCCC(CC3CCCCC3C3CCCCC3)C2)CC1
C1CCC(CC2CCC(CCC3CCC(C4CCCCC4)CC3)CC2)CC1
C1CCC(CCCCCC2CCC(C3CCCCC3)C2)CC1
C1CCC(CC2CCC(CCC(C3CCCCC3)C3CCCC(C4CCCC4)C3)CC2)CC1
C1CCC(CCC2CCCCC2C2CCC(C3CCCC(C4CCCCC4CC4CCCCC4)C3)CC2)CC1
C1CCC(C2CCCC(CC3CC4CCCCC4C3)C2)CC1
C1CCC(CCC2CCC3CC(C4CCC5CCCCC54)CC(C4CCCCC4)C3C2)CC1
C1CCC(CC2CCC(CC3CCCCC3)CC2)CC1
C1CCC(CCCCC2CCCC(C3CCC(CC4CCCCC4)CC3)C2)CC1
C1CCC(CC2CCCC(C3CCCCC3)C2)CC1
C1CCC(CC2CCC(C3CCCCC3)CC2)CC1
C1CCC(C2CCCC(CC3CCC4CCCCC43)C2)CC1
C1CCC(CCC2CCC(CC3CCCCC3)C(C3CCCC3)C2)CC1
C1CCC(CCC2CCCC(CC3CCCCC3)C2)CC1
C1CCC(CC2CCCCC2C2CCCCC2)CC1
C1CCC(CCC2CCC(C3CCCC4CC(C5CCCCC5CC5CCCCC5)CCC43)CC2)CC1
C1CCC(CC2CCCC(CC3CCCC(C4CCCCC4)C3)C2)CC1
C1CCC(CCCC2CCCC(CC3CCCCC3)C2)CC1
C1CCC(CC2CCC(CC3CCCC(CC4CCCCC4)C3)CC2)CC1
C1CCC(C2CCC(C3CCCCC3)CC2)CC1
C1CCC(CCCC2CCC(C3CCCCC3)CC2)CC1
C1CCC(CC2CCC(C3CCCCC3C3CCCCC3C3CCC4CCCCC4C3)CC2)CC1
C1CCC(C2CCCC(C3CCCC(CC4CCC5CCCC5C4)C3)C2)CC1
C1CCC(CCC2CCC(C3CCCCC3C3CCCCC3)CC2)CC1
C1CCC(CC2CCCC(C3CCCCC3)C2)CC1
C1CCC(CCC2CCCC(C3CCCCC3CC3CCCCC3)C2)CC1
C1CCC(C2CCCC(C3CCCCC3C3CCCCC3)C2)CC1
C1CCC(C2CCC(CC3CCC(C4CCCC(CC5CCC6C(CCC6C6CCCCC6)C5)C4)CC3)CC2)CC1
C1CCC(CC2CCCC(C3CCC(CCC4CCCC4)CC3)C2)CC1
C1CCC(CCCC2CCC(CC3CCCCC3)CC2)CC1
C1CCC(CC2CCCCC2)CC1
C1CCC(CC2CCC(CC3CCCCC3)CC2)CC1
C1CCC(CC2CCC(C3CCCC4CC(C5CCCCC5)CCC43)CC2)CC1
C1CCC(C2CC(C3CCCC(C4CCCC4)C3)CC(C3CCC4CCCC4C3)C2)CC1
C1CCC(C2CCCC(CC3CCC(CC4CC4)CC3)C2)CC1
C1CCC(CCCC2CCC(C3CCCC(CC4CC5CCCCC5C4)C3)CC2)CC1
C1CCC(C2CCCC(CC3CCC(CC4CCC(C5CCCC5)CC4)C3)C2)CC1
C1CCC(CC(CC2CCC(CCC3CCCC(C4CCCCC4)C3)CC2)C2CCCCC2)CC1
C1CCC(CCCC2CCCCC2CC2CCCCC2)CC1
C1CCC(CCCCC2CCC(C3CCC(C4CCCCC4)CC3)CC2)CC1
C1CCC(CCC2CCCC(C3CCCC(C4CCCCC4)C3)C2)CC1
C1CCC(CC2CCC(CC3CCCCC3)CC2)CC1
C1CCC(C2CC(C3CCCC3)CCC2C2CCC3CCCC3C2)CC1
C1CCC(CC2CCC(CCCCC3CCC(CC4CCCCC4)CC3)CC2)CC1
C1CCC(C2CC(CC3CCCC3)CCC2C2CCCCC2C2CCC3CCCC3C2)CC1
C1CCC(CC2CCCC(C3CCCC(CC4CCCCC4)C3)C2)CC1
C1CCC(C2CCC3CC(C4CCC5CCCCC54)CC(C4CC5CCCCC5C4)C3C2)CC1
C1CCC(CC2CC3CCC(CCC4CCC5CCCCC5C4)CC3C2)CC1
C1CCC(CC2CCCCC2C2CCCC(C3CCC(CCCC4CCCC(C5CCCCC5)C4)CC3)C2)CC1
C1CCC(CCC2CCCC(C3CCCCC3)C2)CC1
C1CCC(C2CCC(CC3CCC(CCC4CCC5CCCCC54)C3)C(C3CCCC3)C2)CC1
C1CCC(CC2CCC(CCCCC3CC4CCCCC4C3)CC2)CC1
C1CCC(CC2CCC(C3CCCCC3)CC2)CC1
C1CCC(CC2CCC(C3CCCCC3)CC2)CC1
C1CCC(C2CCCC(C3CCCC(C4CCC4)C3)C2)CC1
C1CCC(CCC2CCCC(CC3CCCCC3)C2)CC1
C1CCC(CC(CC2CCCCC2)C2CCC(C3CCCC3)C(C3CCC4CCCC4C3)C2)CC1
C1CCC(C2CCCCC2CC2CCCC(C3CCC4CCCCC4C3)C2)CC1
C1CCC2C(C1)CCC2C1CCC(CC2CC2)CC1
C1CCC(CCCC(C2CCCCC2)C2CCCC(C3CCCCC3)C2)CC1
C1CCC(CC2CCC(CCCC3CC(CC4CCCCC4)C4CCCCC34)CC2)CC1
C1CCC(CC2CCC(C3CCCCC3)CC2)CC1
C1CCC(CC2CCC(CC3CCCCC3)C(C3CCCCC3)C2)CC1
C1CCC(C2CCCCC2)CC1
C1CCC(C2CCC(CCC3CCCCC3C3CCCC3)C(C3CCCCC3)C2)CC1
C1CCC(CC2CCC(C3CCCCC3)CC2)CC1
C1CCC(CC2CCC(C3CCCC(CC4CCCCC4)C3)CC2)CC1
C1CCC(C2CCC(C3CCCCC3C3CCCC(C4CCC(CC5CCCC5)CC4)C3)CC2)CC1
C1CCC(CC2CCCCC2)CC1
C1CCC(CCC2CCCC(CC3CCC4CC(C5CCCCC5)CCC34)C2)CC1
C1CCC(CC2CCC(C3CCCC(C4CCC5CCCCC5C4)C3)CC2)CC1
C1CCC(CCC2CCC(C3CCC(CC4CCCCC4)CC3)CC2)CC1
C1CCC(C2CCCCC2CC2CCCC(C3CCC(C4CCC(CC5CCCC5)CC4)CC3)C2)CC1
C1CCC(CC2CCCCC2C2CCC3CCC(C4CCC(C5CCC5)CC4C4CCCC4)CC32)C1
C1CCC(CC2CCC(C3CCCCC3)CC2CC2CCCCC2)CC1
C1CCC(C2CCCC(C3CCCCC3)C2)CC1
C1CC(C2CCC(CC3CCC(CC4CCC5CCCCC54)CC3)CC2)C1
C1CCC(CCC2CCCC(C3CCCCC3)C2)CC1
C1CCC(CCC2CCCC(C3CCCCC3)C2)CC1
C1CCC(C2CCCC(C3CC4CCCCC4C3)C2)CC1
C1CCC(C2CCC(C3CCCCC3)CC2)CC1
C1CCC2CC(CCC3CCC(C4CC5CCC(C6CC7CCCCC7C6)CC5C4)CC3)CC2C1
C1CCC(C2CCCC(C3CCCCC3C3CCCCC3)C2)CC1
C1CCC(CCC2CCC(C3CCC(C4CCCCC4)CC3)CC2)CC1
C1CCC(C2CCCC(C3CCC(C4CCCC4)C(C4CCCCC4)C3)C2)CC1
C1CCC(C2CCC(C3CCCCC3C3CCCCC3C3CCCC3)CC2)CC1
C1CCC(CC2CCC(CCC3CCC(C4CCCC(C5CCC5)C4)CC3)CC2)CC1
C1CCC(CC2CCC(C3CCCC(C4CCCCC4)C3)CC2)CC1
C1CCC(CCCC2CCCC(C3CCCCC3)C2)CC1
C1CCC(C2CCCC(C3CCCCC3)C2)CC1
C1CCC(CCC2CCC(CC3CCCC(C4CCC5CCCCC54)C3)CC2)CC1
C1CCC(C2CCCC(CC3CC(C4CCCCC4)C4CCCCC34)C2)CC1
C1CCC(CCCC2CCCC(C3CCC(C4CCC(C5CCCCC5)CC4)CC3)C2)CC1
C1CCC(CC2CCC(CC3CC4CCCCC4C3)CC2C2CCCCC2)CC1
C1CCC(C(C2CCCCC2)C2CCCC(C3CCC4CCCCC43)C2)CC1
C(CC1CCC(C2CCC2)CC1)CC1CCCC(CC2CCC3CCCCC32)C1
C1CCC(CCCC(CC2CCC3CCCC3C2)C2CCCCC2)CC1
C1CCC(C2CCC(CC3CCC(C4CCC(C5CCCC5)CC4)C3)CC2)CC1
C1CCC(CC2CCCCC2C2CCCC(C3CCCCC3)C2)CC1
C1CCC(CC2CCCCC2)CC1
C1CCC(CC2CCCC(CCCC3CCC(CC4CCC(C5CCCCC5)CC4)CC3)C2)CC1
C1CCC(CCCC2CCC(CCC3CCCCC3)CC2)CC1
C1CCC(CC2CCCC(C3CCC(C4CCC(C5CCC5)CC4)C(C4CCCCC4)C3)C2)CC1
C1CCC(CCC2CCC(C3CCCCC3)CC2)CC1
C1CCC(C2CCCC(CC3CC(C4CCCCC4)C(CC4CC4)C(C4CCCC4)C3)C2)CC1
C1CCC(CC2CCCCC2)CC1
C1CCC(CC2CCC(CC3CCCC(C4CCCCC4)C3)CC2)CC1
C1CCC(C2CCC(CCC3CCCCC3C3CCCCC3)CC2)CC1
C1CCC(C2CCCC(C3CCC(CC4CCC5CCCC5C4)CC3)C2)CC1
C1CCC(C2CCCC(C3CCC(C4CCCC4)C(C4CCCCC4)C3)C2)CC1
C1CCC(CC2CCC(CC3CCCC(C4CCCC4)C3)CC2)CC1
C1CCC(C2CCC(C3CCCC4CC(C5CCCCC5)CC43)CC2)CC1
C1CCC(C2CCC(C3CCCC(C4CCCCC4)C3)CC2)CC1
C1CCC(CC2CCC(C3CCCCC3C3CCC(C4CCCCC4)CC3)CC2)CC1
C1CCC(C2CCC(C3CCC3)CC2C2CCCCC2)CC1
C1CCC(CCCC2CCCC(C3CCCC3)C2)CC1
C1CCC(C2CCC(C3CCCC3)CC2)CC1
C1CCC(CC2CCCC(C3CCCC(C4CCC5CCCC5C4)C3)C2)CC1
C1CCC(CC2CCCCC2C2CCCCC2)CC1
C1CCC(C2CCCC(CC3CC(CCCC4CC5CCCCC5C4)C4CCCCC34)C2)CC1
C1CCC(CC2CCCC(C3CCCC(C4CCCC(C5CCC5)C4C4CCCC4)C3)C2)C1
C1CCC(CCCC2CCC(C3CCCC(CC4CCCCC4)C3)CC2)CC1
C1CCC(CC2CCC(C3CCC(C4CCCCC4)CC3)C(C3CCCC(C4CCCCC4)C3)C2)CC1
C1CCC(C2CCC(C3CCCCC3)CC2)CC1
C1CCC(CC2CCC(C3CCCCC3C3CCCCC3)CC2)CC1
C1CCC(CCCCCC2CCC3C(CCC4CCCCC4)CC(CC4CCCCC4)C3C2)CC1
C1CCC(CC2CCCC(C3CCCCC3)C2)CC1
C1CCC(CCCCCC2CCC(CC3CCC(C4CCCCC4)C3)CC2)CC1
C1CCC(C2CCCC(C3CC(C4CCC(C5CCCC5)CC4)C4CCCCC34)C2)CC1
C1CCC(C2CC(CC3CCC4CCCCC43)CC(C3CCCC3)C2C2CCCC2)CC1
C1CCC(CC2CCC(CC3CCC(CC4CC5CCCCC5C4)CC3)CC2)CC1
C1CCC(CC2CCC3CC(C4CCCCC4)CC(C4CCCCC4)C3C2)CC1
C1CCC(CC2CCC(C3CCCC(CC4CCCCC4)C3)CC2)CC1
C1CCC(CCC2CCC(C3CCCCC3)CC2C2CCCC2)CC1
C1CCC(C2CCCC(CC3CCC(C4CCC(C5CCCC5)CC4)CC3)C2)CC1
C1CCC(C2CCC(C3CCC(CC4CCCC4)CC3)CC2)CC1
C1CCC(C2CCC(C3CCCC3)CC2)CC1
C1CCC(CC2CCCC(CC3CCCCC3C3CCCCC3)C2)CC1
C1CCC(C2CCC(C3CCC4CCCC4C3)C(C3CCC4CCCC4C3)C2)CC1
C1CCC(CC2CCCC(CC3CCCC(C4CCCCC4)C3)C2)CC1
C1CCC(CC2CCCCC2C2CCC3CCCCC3C2)CC1
C1CCC(C2CCC(CC3CCCC(CC4CC5CCCCC54)C3)CC2)CC1
C1CCC(CCC2CCCC(C3CCCCC3)C2)CC1
C1CCC(CCC2CCCC(C3CCCCC3CC3CCCCC3)C2)CC1
C1CCC(CCCC2CCCC(CCC3CCC4CCCC4C3)C2)CC1
C1CCC(CCCC2CCC(CC3CCC(CCC4CCCCC4)CC3)CC2)CC1
C1CCC(CCC2CC(CCC3CCCC3)CC(C3CCC(CC4CC5CCCCC5C4)C3)C2)CC1
C1CCC(C2CCC3CCCCC3C2)CC1
C1CCC(CCC2CC(CC3CCCCC3)C3CCC(C4CCCCC4)CC23)CC1
C1CCC(CCC2CCC(C3CCCC(CCC4CCCCC4)C3)CC2)CC1
C1CCC(CC2CCCC(CCC3CCCCC3C3CCCCC3)C2)CC1
C1CCC2C(C1)CCC2C1CCCC(CC2CCCC(C3CCCCC3C3CCC4CCCCC43)C2)C1
C1CCC(C2CCC(C3CC(C4CCCCC4)C4CCCCC34)CC2)CC1
C1CCC(CCC2CCC(C3CCCCC3)C(C3CCCCC3)C2)CC1
C1CCC(C2CCCC(C3CCCCC3)C2)CC1
C1CCC(CCC2CCC(CC3CCCCC3)CC2C2CCCCC2)CC1
C1CCC(CC2CCC(C3CCCCC3)CC2)CC1
C1CCC(CCCC2CCCC(C3CCC4CCCC4C3)C2)CC1
C1CCC(CCCC2CCC(C3CCCC3)C(C3CCC(CC4CCCC4)CC3)C2)C1
C1CCC(C2CCCC(C3CCC(C4CCC4)CC3)C2)CC1
C1CCC(C2CCC(C3CCCCC3)CC2)CC1
C1CCC(CC2CC(C3CCCCC3)CC(C3CCCCC3C3CCCCC3)C2)CC1
C1CCC(CC2CCC(C3CCCC(CC4CCCC4)C3)CC2)CC1
C1CCC(CC2CCCC(C3CCCC(C4CCCCC4CC4CCCCC4)C3)C2)CC1
C1CCC(CC2CC(C3CCC4CCCCC43)CC3CCC(C4CCCCC4)CC32)CC1
C1CCC(CCC2CCCC(C3CCCCC3)C2)CC1
C1CCC(CCCCC2CC(CC3CCCCC3)CC(C3CCCCC3)C2)CC1
C1CCC(C2CCC(CCC3CCC(C4CCC(C5CCCC5)CC4)CC3)CC2)CC1
C1CCC(CCC2CCCC(C3CCCCC3CC3CCCC3)C2)CC1
C1CCC(C2CCC(C3CCCCC3)C(C3CCCCC3)C2)CC1
C1CCC(CC2CCC(CC3CCC(C4CCCC4)CC3)CC2)CC1
C1CCC(CCC2CCCCC2)CC1
C1CCC(CCCC2CC(C3CCCCC3)CCC2CC2CCCCC2)CC1
C1CCC(CC2CCCCC2C2CCCCC2C2CCCCC2)CC1
C1CCC(C2CCC3C(CCCC3C3CCCCC3)C2)CC1
C1CCC(CC2CC(C3CC(C4CCC(C5CCCCC5)CC4)C4CCCCC43)C3CCCCC23)CC1
C1CCC(CCCCC2CCCC(C3CCCCC3)C2)CC1
C1CCC(CCCCC2CCC(CC3CCCCC3)CC2C2CCCCC2)CC1
C1CCC(C2CCC(C3CCC(C4CCCCC4)CC3C3CCCCC3)CC2)CC1
C1CCC(CC2CCC(CC3CC(CC4CCCCC4)CCC3C3CCCCC3)CC2)CC1
C1CCC(C2CCC(C3CCCCC3)CC2)CC1
C1CCC(C2CCC(CC3CCC(C4CCCC4)CC3)CC2)CC1
C1CCC(CCCC2CCC(C3CCCCC3)CC2CC2CCCCC2)CC1
C1CCC(CCC2CCC(CC3CCCCC3)CC2)CC1
C1CCC(CCC2CCC(CC3CCC(C4CCCCC4C4CCCCC4)CC3)CC2)CC1
C1CCC(C2CC(CCC3CC4CCCCC4C3)CC(C3CCCCC3)C2)CC1
C1CCC(CC2CCCC(C3CCCCC3)C2)CC1
C1CCC(CC2CCC3C(CC4CCCCC4)CCC3C2)CC1
C1CCC(CC2CC(C3CCCCC3)CCC2C2CCCC3CCCCC32)CC1
C1CCC(C2CCCC(C3CCCCC3C3CCCCC3)C2)CC1
C1CCC2CC(C3CCCCC3CC3CCCC(C4CCC(CCC5CC5)CC4)C3)CCC2C1
C1CCC(CCCC2CCC(CC3CCC(CCC4CCCCC4)CC3)CC2)CC1
C1CCC(CC2CCC(C3CCCCC3)CC2)CC1
C1CCC(CC2CCCC(CCC3CCCCC3C3CCCC3)C2)CC1
C1CCC(CC2CCC(C3CCC(C4CCCC(CC5CCCC5)C4)CC3)CC2)CC1
C1CCC(CC2CCC(C3CCCCC3)C(CC3CCCCC3)C2)CC1
C1CCC(CCC2CCC(C3CCCCC3C3CCC4CCCC4C3)CC2)CC1
C1CCC(C2CC(C3CCCC3)CC(C3CC4CCCCC4C3)C2)CC1
C1CCC(CCC2CCC(C3CCCC(C4CCCCC4)C3)CC2)CC1
C1CCC(CCC2CC(CCC3CCC(CC4CCC5CCCCC54)CC3)C3CCCCC23)CC1
C1CCC(C2CCCC(C3CCCC(CC4CC4)C3)C2)CC1
C1CCC(CC2CCC(C3CCC4CCCCC43)CC2)CC1
C1CCC(C2CCC3C(CCCC3C3CCCCC3C3CCCCC3)C2)CC1
C1CCC(C2CC(C3CCCCC3)C(C3CCCCC3)C3CCCC23)CC1
C1CCC(C2CCCC(C3CCCC(CC(C4CCCCC4)C4CC4)C3)C2)CC1
C1CCC(C2CCCCC2CC2CCC(C3CCCC(CC4CC5CCCCC5C4)C3)CC2)CC1
C1CCC(C2CC(C3CCCC(C4CCCC4)C3)C3CCCC3C2C2CCCCC2)CC1
C1CCC(CC2CCC(C3CCCCC3)CC2)CC1
C1CCC(CC2CCC(CC3CCCC(C4CCCCC4)C3)C(C3CCCCC3)C2)CC1
C1CCC(C2CCC(CC3CC(C4CCC5CCCCC54)CC4CCCCC43)CC2)CC1
C1CCC(CC2CCCC(CC3CCCCC3)C2)CC1
C1CCC(C2CCC(CCC3CCC(C4CCCC4)CC3C3CCC4C(CCC4C4CCCC4)C3)C2)CC1
C1CCC(C2CCC(CCC3CCCCC3C3CCCCC3)CC2)CC1
C1CCC(CC2CC3CC(C4CCCCC4C4CCCC(C5CC5)C4)CCC3C(C3CC3)C2)CC1
C1CCC(CC2CCC(C3CCCCC3)CC2)CC1
C1CCC(CC2CCC(CC3CCCC(CC4CCCCC4)C3)CC2)CC1
C1CCC(CC2CCCC(C3CCCCC3)C2)CC1
C1CCC(CCC2CCC(CC3CCC(C4CCC(CC5CCCCC5)CC4)CC3)CC2)CC1
C1CCC(CC2CCC(C3CCCC(C4CCCC(C5CCCCC5)C4)C3)CC2)CC1
C1CCC(CC2CCC(CCC3CCC(CC4CCCCC4)CC3)CC2)CC1
C1CCC(C2CCCC(C3CCCC(C4CCCCC4)C3)C2)CC1
C1CCC(CC2CCC(CC3CCCCC3)CC2)CC1
C1CCC(CCCC2CCC(C3CCC(C4CCC(CC5CCC5)CC4)CC3)CC2)CC1
C1CCC(CCC2CC(CC3CCCC3)C3CCC(C4CCCCC4)CC23)CC1
C1CCC(CCCCC2CCC(CC3CCCC(C4CCCCC4)C3)CC2)CC1
C1CCC(C2CCCCC2CC2CCC3CCCCC32)CC1
C1CCC(C2CCC(CC3CCC(CC4CC(C5CCCCC5)C5CCCCC45)CC3)CC2)CC1
C1CCC(CC2CCC(CCCC3CCC(C4CCCCC4)CC3)CC2)CC1
C1CCC(C2CCCC(C3CCCCC3)C2)CC1
C1CCC(CCCC2CCC(CC3CCCCC3)CC2)CC1
C1CCC(CC2CCCCC2C2CC(C3CCCCC3)CC2CC2CC3CCCCC3C2)CC1
C1CCC(CC2CCCCC2C2CC3CCC(C4CCCCC4)CC3C(C3CCCCC3)C2)CC1
C1CCC(CCC2CCC(C3CCCCC3)CC2)CC1
C1CCC(CCCC2CCCC(CC3CCCCC3)C2)CC1
C1CCC(C2CCCCC2C2CCCCC2)CC1
C1CCC(CCC2CCCC(C3CCCCC3)C2)CC1
C1CCC(C2CCCCC2)CC1
C1CCC(CCC2CCC(C3CCCC3)CC2C2CCC3C(CCC3C3CCCC3)C2)CC1
C1CCC(CCC(CC2CCCCC2)C2CCCCC2)CC1
C1CCC(CCCC2CCC(C3CCCCC3)CC2)CC1
C1CCC(C2CCCC(CCCC3CCCC(C4CCCCC4)C3)C2)CC1
C1CCC(CCCC2CCC(C3CCCCC3C3CCCCC3)C2)CC1
C1CCC(CCC2CCCCC2C2CCCCC2)CC1
C1CCC(CC2CC(C3CCCCC3)CC(C3CCCC(C4CCCCC4)C3)C2)CC1
C1CCC(CCC2CC(CCC3CCCC3)CC(CCC3CCCCC3)C2CCC2CCCCC2)CC1
C1CCC(CCC2CCCCC2C2CC(C3CCCCC3)CC(C3CCC4CCCC4C3)C2)CC1
C1CCC(C2CCC(C3CCC(C4CCCCC4)CC3)CC2)CC1
C1CCC(CC2CCC(C3CCC(C4CCC(C5CCCC5)CC4)CC3)CC2)CC1
C1CCC(CCCC2CC(C3CCCCC3)CCC2CCC2CCCCC2)CC1
C1CCC(CC2CC(C3CCCCC3)CCC2CC2CCCC2)CC1
C1CCC(CC2CCC(C3CCCCC3)CC2)CC1
C1CCC(CC2CCCCC2)CC1
C1CCC(CCCC2CCCCC2C2CCCC2)CC1
C1CCC(C2CCCC(CCC3CCCC4CC(C5CCCCC5)CCC34)C2)CC1
C1CCC(C2CCCC(CC3CCCC(C4CCCC(CCC5CCCC5)C4)C3)C2)CC1
C1CCC(C2CCCC(C3CCCCC3)C2)CC1
C1CCC(CC2CCC(C3CCCC(CC4CCCCC4)C3)CC2)CC1
C1CCC(CC2CCC3CCCC(CC4CCC(CC5CCC(C6CCCCC6)CC5)CC4)C32)CC1
C1CCC(CCC2CC(C3CCCCC3)CC(C3CCC3)C2)CC1
C1CCC(CCCC2CCC(CC3CCC(CC4CCC(C5CCCCC5)CC4)CC3)CC2)CC1
C1CCC(C2CCC(C3CCC(C4CCCC4)C3)CC2C2CCCCC2)CC1
C1CCC(C2CCCC(C3CCCC(C4CCCC5CCCCC54)C3)C2)CC1
C1CCC(CC2CCC(C3CCC(CC4CCCC(CC5CCCCC5)C4)CC3)CC2)CC1
C1CCC(CCC2CCCC(C3CCCC(CCC4CCCCC4C4CCCCC4)C3)C2)CC1
C1CCC(C2CCC(C3CCCC(C4CCCC4)C3)CC2)CC1
C1CCC(CCC2CCC(C3CC(CC4CCCC(C5CCCC5)C4)C4CCCCC43)CC2)CC1
C1CCC(CCCC2CC3CCCCC3C(C3CCCCC3)C2)CC1
C1CCC(C2CCC(CC3CCC(C4CCCC(CC5CCC6CCCC6C5)C4)CC3)CC2)CC1
C1CCC(C2CCC(CCC3CCC(C4CCCCC4)C(C4CCCCC4)C3)CC2)CC1
C1CCC(CC2CCC3CCC(C4CCC(C5CCC5)CC4)C3C2)CC1
C1CCC(CCC2CCC(C3CCCC(C4CCCC4)C3)C2)CC1
C1CCC(CC2CCCC(CC3CCCC(CC4CCC4)C3)C2)CC1
C1CCC(CC2CCCCC2)CC1
C1CCC(CC2CCC(C3CC4CCCCC4C3)CC2)CC1
C1CCC(CCC2CCC(C3CCCC(C4CCCC(C5CCCCC5)C4)C3)CC2)CC1
C1CCC(C2CCCCC2C2CCC(CCCC3CCCC3)CC2)CC1
C1CCC(C2CCC(C3CCCCC3)C(C3CCCC3)C2)CC1
C1CCC(CC2CCC(C3CCCCC3)CC2)CC1
C1CCC2CC(CC3CCC(C4CCC(CC5CC6CCCCC6C5)CC4)CC3)CCC2C1
C1CCC(CCCCC2CCCC(CC3CCCC(CCC4CCCCC4)C3)C2)CC1
C1CCC(C2CCC(CC3CCCC(C4CCCCC4)C3)CC2)CC1
C1CCC(C2CCC(CC3CCC(C4CCCC4)CC3)CC2)CC1
C1CCC(C2CCCCC2C2CCCCC2)CC1
C1CCC(CC2CCCC(C3CCCCC3)C2)CC1
C1CCC(C2CCCCC2)CC1
C1CCC(C2CCCCC2C2CCC(CC3CCCCC3C3CCC4CCCCC4C3)C2)CC1
C1CCC(C2CCCCC2CCCCC2CCC(C3CCC4CCCC4C3)CC2)CC1
C1CCC(CC2CCC(C3CCCCC3)CC2)CC1
C1CCC(CC2CCC(C3CCC4CCCCC43)CC2C2CCCCC2)CC1
C1CCC(CC2CCC(C3CCCCC3CC3CCCCC3)CC2)CC1
C1CCC(CC2CCC(C3CCCCC3)CC2)CC1
C1CCC(CC2CC(CC3CCCCC3)CC(C3CCCC3)C2)CC1
C1CCC(C2CC(C3CCCC3)CCC2C2CCCCC2C2CCCC2)CC1
C1CCC(CC2CCCC(C3CCCC(CCCC4CCCC4)C3)C2)CC1
C1CCC(CCCC2CCC3C(CC4CCCCC4)CC(CC4CCCCC4)C3C2)CC1
C1CCC(C2CCCCC2C2CCC3C(CCCC3C3CCC4CCCCC43)C2)CC1
C1CCC(CCC2CCC(CC3CCC(C4CCCCC4)CC3)CC2)CC1
C1CCC(CC2CCCC(CCC3CCC(CC4CCCC(C5CCCC5)C4)CC3)C2)CC1
C1CCC(CCC2CCCC(C3CCCCC3)C2)CC1
C1CCC(CC2CCC(C3CCC4CCCCC4C3)CC2)CC1
C1CCC(C2CCCC(CCCC3CCC(C4CCCC(C5CCCCC5)C4)CC3)C2)CC1
C(CCC1CCCC1)CCC1CCC(C2CCCCC2)CC1
C1CCC(CCCCC2CCC3C(CCC3C3CCCCC3)C2)CC1
C1CCC(CC2CCC(C3CCCC(CC4CCCCC4)C3)CC2)CC1
C1CCC(CCC2CCC(C3CCCCC3)CC2)CC1
C1CCC(CC2CCCCC2CC2CCCC(CCC3CCCC(C4CCCCC4)C3)C2)CC1
C1CCC(CCCC2CCC(C3CCCCC3)CC2)CC1
C1CCC(CC2CCC(C3CCCC(C4CCCCC4)C3)CC2)CC1
C1CCC(C2CCC(C3CCC(C4CCCCC4)CC3)CC2)CC1
C1CCC(CCCCC2CCC(CC3CCCCC3)CC2C2CCCCC2)CC1
C1CCC(CCC2CCC(C3CCC(CCC4CCCCC4)CC3)CC2)CC1
C1CCC(C2CCC(C3CC4CCCCC4C3)CC2C2CCCCC2)CC1
C1CC2CCC(C3CCC4CC(C5CCC6CCCCC65)CC(C5CCCC5)C4C3)CC2C1
C1CCC(C2CCCC(C3CCCC3)C2)CC1
C1CCC(CC2CCCC(CCC3CCC(C4CCC5CCCCC54)C3)C2)CC1
C1CCC(CCC2CCCC(C3CCCCC3)C2)CC1
C1CCC(C2CCC(CCCC3CCCC(C4CCCCC4)C3)CC2)CC1
C1CCC(CC2CCCC(C3CCC(C4CCCCC4)CC3)C2)CC1
C1CCC(CCC2CCC(C3CCCCC3)CC2)CC1
C1CCC(CC2CCCCC2CC2CCCCC2)CC1
C1CCC(CC2CCC(C3CCCC3C3CCC(C4CCCCC4)CC3)CC2)CC1
C1CCC(C2CCC(C3CCCC(C4CCC5CCCC5C4)C3)CC2)CC1
C(CC1CCC(C2CCC(C3CCC4CCCCC43)CC2)CC1)CC1CCCC(C2CCC2)C1
C1CCC(CC2CC(C3CCCC(C4CCCCC4)C3)CC(C3CCC4CCCCC4C3)C2)CC1
C1CCC(CC2CCC(CCCC3CC(CC4CCCCC4)C4CCCCC34)CC2)CC1
C1CCC(CC2CC(C3CCC(C4CCCCC4)C3)CCC2C2CCCCC2)CC1
C1CCC(C2CCC3CC(C4CCC5CCCCC54)CC(CCC4CC5CCCCC5C4)C3C2)CC1
C1CCC(CC2CC(C3CCCCC3)CC(C3CCCCC3)C2)CC1
C1CCC(C2CCCC(CCC3CCCCC3C3CCCCC3)C2)CC1
C1CCC(CC2CCCCC2CCC2CCC(C3CCCCC3)C2)CC1
C1CCC(CCC2CCC3C(CC4CCCCC4)CCC3C2)CC1
C1CCC(CCC2CCCC(C3CCC(C4CCCC(C5CCCCC5)C4)CC3)C2)CC1
C1CCC(CC2CCCCC2C2CCCCC2C2CCC3CCCC3C2)CC1
C1CCC(CCCCCC2CCC(CC3CCCCC3)CC2)CC1
C1CCC(C2CCC(C3CCCC(C4CCCCC4)C3)CC2)CC1
C1CCC(CCC2CCCC(CC3CCC3)C2)CC1
C1CCC(CC2CCC(C3CCCCC3)CC2)CC1
C1CCC(CCC2CC(CC3CC(CC4CCCCC4)C4CCCCC34)C3CCCCC23)CC1
C1CCC(CC2CCC(CC3CCC(C4CCCCC4)CC3)CC2)CC1
C1CCC(C2CCC(CC3CCC(CC4CC5CCCCC5C4)CC3)CC2)CC1
C1CCC(CCC2CC(CC3CCCCC3)C3CCCCC23)CC1
C1CCC(C2CCC(CCCCC3CCCCC3C3CCCC3)CC2)CC1
C1CCC(CC2CCC(C3CCC(CC4CCCCC4)CC3)CC2)CC1
C1CCC(C2CCC(CC3CC4CCCCC4C3)C(CC3CCC3)C2)CC1
C1CCC(C2CCCCC2C2CCC(C3CC(C4CCCCC4)C4CCCCC34)CC2)CC1
C1CCC(C2CCC(CCC3CC(C4CC(C5CCCCC5)C5CCCCC54)C4CCCCC34)CC2)CC1
C(CCCC1CCCC(C2CCCCC2)C1)CCC1CCC(CCC2CCCC2)CC1
C1CCC(CC2CCC(CC3CCCCC3CC3CCCC(C4CC5CCCCC5C4)C3)CC2)CC1
C(CCCC1CC(CC2CCCCC2)CCC1CCCC1CCCCC1)CCC1CCCCC1
C1CCC(CCC2CCC(C3CCC(C4CCCCC4)CC3)C(C3CCCCC3)C2)CC1
C1CCC(CCC2CCCC(C3CC(CC4CCCCC4)CC(C4CCCCC4)C3)C2)CC1
C1CCC(CC2CCC(C3CCC(C4CCCCC4)CC3C3CCC4CCCC4C3)CC2)CC1
C1CCC(CCC2CCCC(C3CCCCC3C3CCC4CCCCC4C3)C2)CC1
C1CCC(CC2CCC(C3CCC(C4CCC4)CC3)CC2)CC1
C1CCC(CCC2CC(CC3CCCCC3)CC(CC3CCCCC3)C2CCC2CC2)CC1
C1CCC(C2CCC(CC3CCC(CC4CCC(C5CCCC5)CC4)CC3)CC2)CC1
C1CCC(CC2CCCCC2C2CCC3C(CC4CCCCC4C4CC4)CCCC3C2)CC1
C1CCC(C2CCC(CC3CCC(CC4CCCCC4C4CCCCC4)CC3)CC2)CC1
C1CCC(CCC2CCC(C3CCCCC3C3CCC(CC4CCCCC4)CC3)CC2C2CCCCC2)CC1
C(CC1CCC(CC2CCC(C3CCC3)CC2)CC1)CC1CCCC(CC2CC3CCCCC3C2)C1
C1CCC(CCCCC2CCCC(C3CCCCC3)C2)CC1
C1CCC(C2CCC(C3CCC3)C(C3CCCCC3)C2)CC1
C1CCC(C2CCC(CC3CCC(C4CCC5CCCCC54)CC3)CC2)CC1
C1CCC(CC2CCCC(C3CCCC(CC4CCCCC4)C3)C2)CC1
C1CCC(C2CCC(CC3CCC(CC4CC5CCCCC5C4)CC3)CC2)CC1
C1CCC(C2CCC(CC3CCC(C4CCC(C5CCCC5)CC4)CC3)CC2)CC1
C1CCC(CCC2CCC(CC3CCCCC3C3CCCC(C4CCCCC4)C3)CC2)CC1
C1CCC(CC2CCC(CCC3CCC(C4CCCCC4)CC3)CC2)CC1
C1CCC(CC2CCC(CC3CCCCC3)C(C3CCCCC3)C2)CC1
C1CCC(C2CCC(CC(CCC3CCCC(C4CCC4)C3)C3CCC4CCCC4C3)CC2)CC1
C1CCC(CCCC2CCC(CC3CCCCC3)CC2)CC1
C1CCC(C2CCCC(C3CCCC(C4CCCCC4C4CCCC4)C3)C2)CC1
C1CCC(CC2CCCC(CCC3CCC(C4CCCCC4)CC3)C2)CC1
C1CCC(CC2CCCC(CCC3CCC(C4CCCCC4)CC3)C2)CC1
C1CCC(CC2CCCC(C3CCC(CCC4CCCC(CCCCC5CCCC5)C4)CC3)C2)CC1
C1CCC(C2CCC3CC(C4CCC5CCCCC54)CC(C4CC5CCCCC5C4)C3C2)CC1
C1CCC(CC2CCC(C3CCCCC3C3CCCCC3)CC2)CC1
C1CCC(C2CC3CCC(C4CCCCC4)CC3C(C3CCCCC3)C2)CC1
C1CCC(CC2CCCCC2CC2CCCC(C3CCCCC3)C2)CC1
C1CCC(CCC2CCCC(C3CCCCC3)C2)CC1
C1CCC(CCC2CCC(C3CC(CCC4CCC(CC5CCCCC5)CC4)C4CCCCC43)CC2)CC1
C1CCC(CC2CCC(CCC3CCCC(C4CCCC4)C3)CC2)C1
C1CCC(C2CCCCC2CC2CCC(C3CCCCC3C3CCCCC3)CC2)CC1
C1CCC(CCCCC2CCCC(CC3CCCC(C4CCCCC4)C3)C2)CC1
C1CCC(C2CCC(C3CCCC(CC4CC5CCCCC5C4)C3)CC2)CC1
C1CCC(C2CCCCC2C2CCCCC2C2CCC3CCCCC3C2)CC1
C1CCC(CC2CCC(CCCC3CCCC(CC4CC4)C3)CC2)CC1
C1CCC(C2CCC(CC3CCC(CCC4CCCC(C5CC5)C4)CC3)CC2)CC1
C1CCC(CC2CCC(C3CC(C4CC4)C4CCCCC34)CC2)CC1
C1CCC(CC2CCCCC2)CC1
C1CCC(CC2CCC(C3CCCC(C4CCCCC4)C3)CC2)CC1
C1CCC(C2CCC(CCC3CCC(C4CCCCC4)CC3)CC2)CC1
C1CCC(CC2CCC(C3CCCCC3CC3CCCCC3)CC2)CC1
C1CCC(CCCC2CCC(C3CCCCC3)CC2)CC1
C1CCC2CC(CCC3CCC(C4CCC5CCCCC54)CC3)CCC2C1
C1CCC(CCC2CCC(C3CCCCC3C3CCCCC3)C(C3CCCCC3)C2)CC1
C1CCC(CCC2CCC(C3CCCCC3)CC2)CC1
C1CCC(C2CCCC3CC(CC4CCC5C(CCCC5C5CCCC6CCCCC65)C4)CCC32)CC1
C1CCC(C2CCC(C3CCCC(CC4CCC5CCCCC54)C3)CC2)C1
C1CCC(CCCCC2CCC(CCC3CCC(CC4CCCCC4)CC3)CC2)CC1
C1CCC(CCC2CCCC(C3CC(C4CCC(C5CCC6CCCCC65)CC4)CCC3C3CC3)C2)CC1
C1CCC(CC2CCCC(C3CCCCC3CCC3CC4CCCCC4C3)C2)CC1
C1CCC(C2CCC(CCC3CCCC(C4CCCCC4)C3)CC2)CC1
C1CCC(C2CCCC(C3CCCCC3C3CCCCC3)C2)CC1
C1CCC(CCC2CCCC(CC3CCCCC3)C2C2CCCCC2)CC1
C1CCC(CCC2CCC(C3CCCCC3C3CCC4CCCCC4C3)CC2)CC1
C1CCC(C2CCC(C3CCCC(C4CCCC4)C3)CC2)CC1
C1CCC(C2CCC(CCCC3CCC(C4CCC5CCCCC54)CC3)CC2)CC1
C1CCC(CC2CCC(CC3CCCC(CC4CCCC4)C3)CC2)CC1
C1CCC(CC2CCC(C3CCC(C4CCC(C5CCCCC5)CC4)CC3)CC2)CC1
C1CCC(C2CCC(C3CCC4CCCCC43)CC2)CC1
C1CCC(CCCC2CCCC(C3CCCCC3)C2)CC1
C1CCC(C2CCCC(C3CC4CCCCC4C3)C2)CC1
C1CCC(CC2CCC(C(CC3CCCCC3)C3CC4CCCCC4C3)CC2)CC1
C1CCC(CC2CCC(CC3CCC(C4CCCCC4)C(C4CCCCC4)C3)CC2)CC1
C1CCC(CCC2CCC(CCC3CCCCC3CC3CCCCC3)CC2)CC1
C1CCC2CC(CCC3CCC(C4CC5CCCCC5C4)CC3)CC2C1
C1CCC(CC2CCCC(C3CCCCC3C3CCCCC3)C2)CC1
C1CCC(C2CCCC(C3CCCCC3C3CCCCC3)C2)CC1
C1CCC(CC2CCC(C3CCCCC3)CC2C2CCC3CCCC3C2)CC1
C1CCC(CCCC2CCCC(CCCC3CCCC(C4CCC4)C3)C2)CC1
C1CCC(C2CCCC(C3CCC(C4CCC(C5CCCC5)CC4)CC3)C2)CC1
C1CCC(C2CC(C3CCCCC3)CC(C3CCCC3)C2)CC1
C1CCC(CCC2CCCC(C3CCCCC3)C2)CC1
C1CCC(C2CC(C3CCC4CCCCC43)CC3CCC(C4CCC(CC5CCC5)C4)CC32)CC1
C1CCC(CCC2CCC(C3CCCCC3)CC2)CC1
C1CCC(CCC2CCCC(C3CCC(CCCC4CC4)CC3)C2)C1
C1CCC(CC2CC(C3CCCCC3)C3CCCCC23)CC1
C1CCC(CC2CCC(C3CCC4CCCC4C3)CC2)CC1
C1CCC(CCCCC2CCC(CC3CCC(CC4CCCCC4)CC3)CC2)CC1
C1CCC(CCC2CCCCC2C2CCCC(C3CCCCC3)C2)CC1
C1CCC(CC2CCC(C3CCCC(CC4CCCCC4)C3)CC2)CC1
C1CCC(C2CCC(CC3CCCC(C4CCCC4)C3)CC2C2CC3CCCCC3C2)CC1
C1CCC(CC2CC(C3CCC(C4CCCCC4)CC3C3CCCC3)C3CCCCC23)CC1
C1CCC(CCCC2CCCC(C3CCCC(C4CCCCC4)C3)C2)CC1
C1CCC(CC2CCC(CC3CC(CC4CCCCC4)C4CCC(CC5CCCCC5)CC34)CC2)CC1
C1CCC(C2CCCC(CCC3CC4CCCCC4C3)C2)CC1
C1CCC(C2CCCC(C3CCCCC3)C2)CC1
C1CCC(CCCC2CCCC(C3CCCC(C4CCC4)C3CC3CCCCC3)C2)CC1
C1CCC(CC2CCC(CC3CCC(C4CCCCC4)CC3)CC2)CC1
C1CCC(C2CC(C3CCCC(C4CCCC4)C3)C3CCCCC23)CC1
C1CCC(C2CCCCC2C2CCCCC2)CC1
C1CCC(CCC2CCCCC2)CC1
C1CCC(CC2CCC(CC3CCC(C4CCCCC4)CC3)CC2)CC1
C1CCC(CC2CCCCC2CC2CCCCC2)CC1
C1CCC(CC2CCC(CC3CC(CC4CCCCC4)C4CCCCC34)CC2)CC1
C1CCC(CCCCC2CCC(C3CCCCC3)CC2)CC1
C1CCC(C2CCC(C3CCC3)CC2)CC1
C1CCC(CC2CCC(CCCCCC3CC4CCCCC4C3)CC2)CC1
C1CCC(CC2CCC(CC3CCCCC3C3CCCCC3)CC2)CC1
C1CCC(CC2CCC(C3CCCCC3C3CCCCC3C3CCCCC3)CC2CC2CCC(C3CCCC3)CC2)CC1
C1CCC(C2CCCC(CCC3CCC4CCCCC43)C2)CC1
C1CCC(C2CCC3C(CCCC3C3CCCCC3)C2)CC1
C1CCC(CC2CCCCC2)CC1
C1CCC(CCC2CCCC(C3CCCCC3)C2)CC1
C1CCC(C2CCC(C3CCC(C4CCC5CCCCC5C4)CC3)CC2)CC1
C1CCC(CCC2CC(C3CCC4CCCCC43)CC3CCC(C4CCCCC4)CC23)CC1
C1CCC(CCCC(C2CCCCC2)C2CCC(CC3CCCCC3)CC2)CC1
C1CCC(CCC2CCC(C3CCCCC3C3CCC4CCCC4C3)CC2)CC1
C1CCC(C2CCC(C3CCCCC3)CC2)CC1
C1CCC(CC2CCC(CCCC3CCCCC3C3CCC4CCCCC4C3)CC2)CC1
C1CCC(C2CCC(CC(CCC3CCCC(C4CCCCC4)C3)C3CCCC(C4CCCCC4)C3)CC2)CC1
C1CCC(CC2CCCCC2C2CCCCC2)CC1
C1CCC(CCCC2CCC(CCC3CCCCC3C3CCCCC3C3CCC3)CC2)CC1
C1CCC(CC2CCCCC2)CC1
C1CCC(C2CCCC(C3CCCC(C4CCCCC4)C3)C2)CC1
C1CCC(CC2CCCC(C3CCCC(C4CCCC(C5CCCCC5)C4)C3)C2)CC1
C1CCC(CC2CCC(CCC3CCCCC3C3CCCCC3C3CCCC3)CC2)CC1
C1CCC(CCC2CCCC(C3CCCCC3C3CCCC3)C2)CC1
C1CCC(C2CC(C3CCC(CCCC4CCCC4)CC3)CCC2CCC2CCCCC2C2CCCC2)CC1
C1CCC(CC2CCCC3CC(C4CCCCC4)CCC23)CC1
C1CCC(CCC2CCCC(C3CCC(C4CCC(C5CCCCC5)CC4)CC3)C2)CC1
C1CCC(CC2CCC(C3CCC(CC4CCCCC4)C3)CC2)CC1
C1CCC(CC2CCC(CCC3CCC(CCC4CCC(C5CCCC(C6CC6)C5)CC4)CC3)CC2)CC1
C1CCC(C2CCC3CC(C4CCCC(C5CCC5)C4)CC(C4CCCC4)C3C2)CC1
C1CCC(CCCCC2CCC(CC3CCCCC3C3CCC4CCCC4C3)CC2)CC1
C1CCC(C2CCCCC2C2CCC(C3CC3)CC2C2CCCCC2)CC1
C1CCC(C2CCCC(C3CCCCC3)C2)CC1
C1CCC(CCC2CCC(C3CCCCC3)C(CC3CCCCC3)C2)CC1
C1CCC(CCC2CCC(C3CCC(C4CC4)CC3C3CCCCC3)C(C3CCCC3)C2)CC1
C1CCC(CC2CCCCC2C2CCCC(C3CCCCC3)C2)CC1
C1CCC(CCC2CC(CCCC3CCC(CC4CCCCC4)CC3)C3CCCCC23)CC1
C1CCC(CCC2CCC(CCC3CCCC(C4CCCCC4)C3)CC2)CC1
C1CCC(CCCCC2CCC(C3CCCCC3)C(C3CCCCC3)C2)CC1
C1CCC(CC2CCC(CC3CC(CC4CCCCC4)CC(C4CCCCC4)C3)CC2)CC1
C1CCC(CCCCCC2CCC(C3CCCC3)C(C3CCCCC3)C2)CC1
C1CC(C2CCCC(CC3CCCC(C4CCCCC4C4CCC(CC5CCCC6CCCCC65)CC4)C3)C2)C1
C1CCC(CCCC2CCC(CC3CCC(C4CCCCC4)CC3)CC2)CC1
C1CCC(C2CCCC(C3CCC4CCCC4C3)C2)CC1
C1CCC(CC2CCCCC2C2CCC3C(CCC3C3CCC(C4CCC4)CC3)C2)CC1
C1CCC(C2CCC(C3CCCCC3)CC2)CC1
C1CCC(CC2CC(CCC3CCCC4CCCCC43)C3CCCCC23)C1
C1CCC(CCCCC2CCC(CC3CCCCC3)CC2)CC1
C1CCC(CCC2CCCC(CCCCC3CCC4CCCC4C3)C2)CC1
C1CCC(CC2CCC3C(CC4CCCCC4)CC(C4CCCCC4)C3C2)CC1
C1CCC(CCC2CCCCC2C2CCCCC2C2CCCCC2)CC1
C1CCC(C2CCC(C3CC(CC4CCCC4)C4CCCCC43)CC2)CC1
C1CCC(CCCC2CCC(CCCC3CCCCC3)CC2)CC1
C1CCC(CCC2CC(C3CCC(CC4CCCCC4)CC3)CCC2C2CCCCC2)CC1
C1CCC(CC2CC(C3CCCCC3)C3CCCCC23)CC1
C1CCC(CC2CCC(CC3CCC(CC4CCCC(C5CCCC5)C4)CC3)CC2)CC1
C1CCC(CC2CCCCC2C2CCCC(CC3CC3)C2)CC1
C1CCC(CCC2CCC(CCC3CCC(C4CCCCC4)CC3)CC2)CC1
C1CCC(CCC2CCC(CC3CCC(CC4CCCCC4)CC3C3CCCC3)CC2)CC1
C1CCC(CC2CCCCC2C2CCCC(CC3CC4CCCCC4C3)C2)CC1
C1CCC(C2CCCC(CCC3CC(C4CCCCC4)C4CCCCC34)C2)CC1
C1CCC(CCCCC2CCC(CCC3CCC(CC4CCCCC4)CC3)CC2)CC1
C1CCC(C2CCCC(C3CCCC(C4CCCCC4)C3)C2)CC1
C1CCC(CCC2CCC(C3CCCCC3)CC2C2CCC(C3CCC3)CC2)CC1
C1CCC(CCC2CCC(C3CCCCC3)CC2)CC1
C1CCC(CCCCC2CCC3C(CCC3C3CCCCC3)C2)CC1
C1CCC(C2CCC(CC3CCCC(C4CCCC(C5CCCCC5)C4)C3)CC2)CC1
C1CCC(CCCCCC2CC(CCCC3CCCCC3)CC(C3CCCCC3)C2)CC1
C1CCC(CCC2CCC(CC3CCCCC3)CC2CC2CCCC(C3CCCC3)C2)CC1
C1CCC(CC2CCC(CC3CCCCC3)CC2)CC1
C1CCC(CC2CCC(CC3CCCC(C4CCCCC4)C3)CC2)CC1
C1CCC(CC2CC(CC3CCCC(C4CCC5CCCCC54)C3)C3CCC(C4CCCCC4)CC23)CC1
C1CCC(C2CCC(C3CCCC(C4CCCCC4)C3)CC2)CC1
C1CCC(CCC2CCC3CC(C4CCC5CCCCC54)CCC3C2)CC1
C1CCC(CCC2CCC(C3CCC(CC4CCC(CC5CC6CCCCC6C5)CC4)CC3)CC2)CC1
C1CCC(CCCC2CCCCC2C2CCC(CC3CCCCC3)CC2)CC1
C1CCC(CCC2CCC3C(CCC3C3CCCCC3)C2)CC1
C1CCC(CC2CCC(CC3CCC(CC4CCCCC4)CC3)CC2)CC1
C1CCC(CC2CCCC(C3CCCC(C4CCCC(C5CCC(C6CCC6)CC5)C4)C3)C2)CC1
C1CCC(CC2CCC(C3CCC(C4CCCC4)CC3)CC2)CC1
C1CCC(CCC2CC(CC3CCCC(C4CCCCC4)C3)C3CCCCC23)CC1
C1CCC(CC2CCCCC2C2CCCCC2)CC1
C1CCC(C2CCCC(C3CCCCC3C3CCCCC3)C2)CC1
C1CCC(CC2CCCC(C3CCCCC3)C2)CC1
C1CCC(CC2CCCC3CCCCC32)CC1
C1CCC(C2CC(C3CCC4CCCCC43)CC3CCC(CCCC4CCCC4)CC32)CC1
C1CCC(CCC2CCCCC2)CC1
C1CCC(CC2CCCC(CC3CCC(C4CCCC(C5CCCCC5)C4)CC3)C2)CC1
C1CCC(C2CCCCC2C2CCCCC2)CC1
C1CCC(CCC2CCC(C3CCCCC3)CC2)CC1
C1CCC(C2CC(C3CCC4CCCCC43)CC3CCCCC32)CC1
C1CCC(CC2CCC(C3CCC4CCCC4C3)C2CCCCC2CCCC(C3CCCCC3)C2)CC1
C1CCC(CC2CCC(C3CCC(C4CCC(CC5CC5)CC4)CC3)CC2)CC1
C1CCC(CCCCC2CCC(CC3CCC(CC4CCCCC4)CC3CC3CC3)CC2)CC1
C1CCC(CCCCC2CCCC(CC3CCC(CCC4CCCCC4)CC3)C2)CC1
C1CCC(CCCC2CCC(C3CCC(C4CCCC4)CC3)CC2)CC1
C1CCC(CC2CCC(CC3CCCC(C4CCCCC4)C3)CC2)CC1
C1CCC(C2CCC(C3CCCCC3C3CCC4CCCC4C3)CC2)CC1
C1CCC(CC2CCCCC2)CC1
C1CCC(CC2CCC(C3CCC(C4CCCC(C5CCCCC5)C4)CC3)CC2)CC1
C1CCC(CCCCC2CCC(CCC3CCCCC3)CC2)CC1
C1CCC(CCCCC2CCCC(C3CCC3)C2)CC1
C1CCC(CCCC2CCC(CC3CCCCC3)CC2)CC1
C1CCC(CCC2CCC(C3CCCCC3)CC2)CC1
C1CCC(CCCC2CCC(C3CC(CC4CCCCC4)C4CCCCC43)CC2)CC1
C1CCC(CC2CCC(C3CCCCC3C3CCCCC3)CC2)CC1
C1CCC(C2CCC(C3CCCC(CC4CCCC(C5CCCC5)C4)C3)CC2)CC1
C1CCC(CC2CCCC(C3CCC(C4CCCC(CC5CCCCC5)C4)CC3)C2)CC1
C1CCC(C2CC(CC3CC4CCCCC4C3)CC(C3CCCC(CC4CCCC4)C3)C2)CC1
C1CCC(C2CCC(C3CCCCC3)C(C3CCCCC3)C2)CC1
C1CCC(CCC2CC(CC3CCCC(C4CCCCC4)C3)C3CCCCC23)CC1
C1CCC(CC2CCCCC2)CC1
C1CCC(CCC2CCCCC2C2CCC(C3CCCC(C4CCCCC4)C3)CC2)CC1
C1CCC(CCCC2CCCC(CCC3CCCCC3)C2)CC1
C1CCC(CCC2CCC(CC3CCC(CC4CC5CCCCC5C4)CC3)CC2)CC1
C1CCC(CCCC2CCC(C3CCC(C4CCC4)CC3C3CCCCC3)CC2)CC1
C1CCC(CCC2CCC(C3CCCCC3)CC2)CC1
C1CCC(CCC2CCCC(C3CCC4CCCC4C3)C2)CC1
C1CCC(CCCCCC2CCC(C3CCC3)C(CC3CCCCC3)C2)CC1
C1CCC(C2CCC3C(C4CCCCC4)CC(C4CCCCC4)C3C2)CC1
C1CCC(CC2CCC(C3CCCCC3)CC2)CC1
C1CCC(C2CCCC(CC3CCC(CC4CCC(C5CCC6CCCCC65)CC4)CC3)C2)CC1
C1CCC(CCC2CCC(CC3CCCCC3)CC2)CC1
C1CCC(C2CCCCC2CC2CC3CCCCC3C2)CC1
C1CCC(C2CCC(C3CCCC(C4CCCCC4)C3)CC2)CC1
C1CCC(CCC2CCCCC2C2CCC3C(CCC4CCCCC4)CCCC3C2)CC1
C1CCC(CC2CCC(C3CCC(C4CCCCC4C4CCCC4)CC3)CC2)CC1
C1CCC(CC2CCCC(C3CCCC(C4CCCCC4)C3)C2)CC1
C1CCC(C2CCC(C3CCCC3)CC2)CC1
C1CCC(CC2CCC(C3CCC(CC4CCCCC4)CC3)CC2)CC1
C1CCC(C2CCC(CC3CCCC(CC4CC4)C3)CC2)CC1
C1CCC(CCCC2CCC(CCC3CCC(C4CCCCC4)CC3)C2)CC1
C1CCC(CC2CCCCC2)CC1
C1CCC2CC(C3CCCCC3CCC3CCC(CC4CCC5CCCCC54)CC3)CCC2C1
C1CCC(CC2CCC(C3CCCCC3C3CCCCC3)CC2)CC1
C1CCC(CC2CCC(CCC3CCC4CCCCC4C3)CC2)CC1
C1CCC(CC2CC3CCCCC3C2)C(CC2CCC(CC3CC4CCCC4C3)CC2)C1
C1CCC(CCC2CCCCC2C2CCCC2)CC1
C1CCC(CC2CC(C3CCCCC3CC3CCCCC3)C3CCCCC23)CC1
C1CCC(CCCC2CCC(C3CCCCC3)CC2)CC1
C1CCC(CC2CCC(C3CCC(CC4CCCCC4)CC3)CC2)CC1
C1CCC(CCCC2CCC(CCC3CCCC(C4CCCCC4)C3)CC2)CC1
C1CCC(CCC2CCC(CC3CCCCC3)CC2)CC1
C1CCC(C2CCCCC2C2CCC(C3CCCC3)CC2C2CCCCC2)CC1
C1CCC(C2CCC(CCC3CCCC(C4CCCCC4)C3)CC2)CC1
C1CCC(CCCC2CCCCC2C2CCCCC2)CC1
C1CCC(CC2CCCC(C3CCCCC3CC3CCCC3)C2)CC1
C1CCC(CCCC2CC(CC3CCCC3)CC(C3CCCCC3)C2)CC1
C1CCC(C2CCCCC2C2CCCCC2)CC1
C1CCC(CCC2CCC(CC3CCCC(C4CCCCC4)C3)C(C3CCCC3)C2)CC1
C1CCC(CC2CCC(CC3CCCC(C4CCCCC4)C3)CC2)CC1
C1CCC(CC2CCC(CC3CCCC(CCC4CCCC5CCCCC54)C3)CC2C2CCCCC2)CC1
C1CCC(CC2CCC(CCCC3CCCC(CC4CCCCC4)C3)CC2)CC1
C1CCC(CCCC2CCC(CC3CCC(CC4CCCC4)CC3)CC2)CC1
C1CCC(CCC2CCCC(C3CCC(CC4CCCCC4)CC3CCC3CCC3)C2)CC1
C1CCC(CC2CCCC(C3CCCCC3)C2)CC1
C1CCC(CCC2CCC3C(CC4CCCC(CC5CC6CCCCC6C5)C4)CC(C4CCC4)C3C2)CC1
C1CCC(CCC2CCC(C3CCCC(CC4CC5CCCCC5C4)C3)CC2)CC1
C1CCC(CC2CCCC(CC3CC3)C2)CC1
C1CCC(C2CC(C3CCCCC3)CC(C3CCC3)C2)CC1
C1CCC(C2CCCCC2C2CCC3CCCCC32)CC1
C1CCC(C2CCC(CC3CCCCC3CCC3CC4CCCCC4C3)CC2)C1
C1CCC(CCC2CCCC(C(C3CCCCC3)C3CCCCC3)C2)CC1
C1CCC(CC(CCCC2CCC(C3CCCC3)CC2)CC2CCC(C3CCCCC3)CC2)CC1
C1CCC(CC2CCCC(CC3CCC4CCCCC4C3)C2)CC1
C1CCC(CCC2CC(CCCC3CCC3)C(C3CCCC3)C2)CC1
C1CCC(CC2CCC(C3CCC4CCCCC43)CC2)CC1
C1CCC(C2CC3CCCCC3C2)CC1
C1CCC(CC2CCCC(CCC3CCC(C4CCC5CCCCC54)CC3)C2)CC1
C1CCC(C2CCC(CC3CCCC(C(CCCC4CCC5CCCCC5C4)C4CCCCC4)C3)CC2)CC1
C1CCC(CCC2CCC(C3CCC(CC4CCC(C5CCCC5)CC4)CC3)CC2)CC1
C1CCC(CC2CCCCC2CC2CCCCC2)CC1
C1CCC(C2CCCCC2CCCC2CCCC(C3CCCC3)C2)CC1
C1CCC(CC2CCC(CCC3CCCC(C4CCCCC4)C3)CC2)CC1
C1CCC(CCC2CCCC(C3CCCC(C4CCCCC4)C3)C2)CC1
C1CCC(CCC2CCCCC2C2CCCCC2)CC1
C1CCC(CC2CCC(C3CCC(C4CCCC(C5CCCC5)C4)CC3)CC2)CC1
C1CCC(CC2CCC(CC3CCC4C(CC5CCCCC5)CCC4C3)CC2)CC1
C1CCC(CCCC2CCCC3CC(CC4CCCCC4CC4CCCC4)CCC23)CC1
C1CCC(C2CCC(C3CCCCC3C3CCC4CCCC4C3)C(C3CCCC3)C2)C1
C1CCC(CCCC2CCC(CCC3CCC(C4CCCC(C5CC5)C4)CC3)CC2)CC1
C1CCC(CC2CCCC(C3CCCCC3C3CCCC3)C2)CC1
C1CCC(CC2CCCCC2CCCC2CCC(C3CCC(C4CCC(C5CCCC5)CC4)C3)CC2)CC1
C1CCC(CCC2CCC(C3CCCCC3)CC2)CC1
C1CCC(CC2CCCC(C3CCCC(C4CC(CC5CC5)CC(C5CCCCC5)C4)C3)C2)CC1
C1CCC(C2CCCCC2C2CCCC(C3CC4CCCCC4C3)C2)CC1
C1CCC(CCC2CCCC(CC3CCCCC3)C2)CC1
C1CCC(CC2CCC3CC(C4CCCC(C5CCCCC5)C4)CC(C4CCC(C5CCCCC5)CC4)C3C2)CC1
C1CCC(CC(CCC2CCCC(C3CCC3)C2)C2CCCCC2)CC1
C1CCC(CC2CCCC(C3CCCC4CCCCC43)C2)CC1
C1CCC(CCCC2CCCCC2)CC1
C1CCC(CCCCC2CC(CC3CCCCC3)CCC2CC2CCCC(CC3CC4CCCCC4C3)C2)CC1
C1CCC(CC2CCCC(CC3CCCCC3)C2)CC1
C1CCC(CCCCC2CCCCC2)CC1
C1CCC(CCC2CCCC(C3CCCC(C4CCCC4)C3)C2)CC1
C1CCC(CCC2CCCCC2C2CCCC2)CC1
C1CCC(CCC2CCC(CC3CCCCC3)CC2)CC1
C1CCC(CC2CCC3CCCC(C4CCCCC4)C3C2)CC1
C1CCC(CCCC2CC(C3CCCCC3C3CCCCC3)C3CCCCC23)CC1
C1CCC(CCC2CCCCC2C2CCCCC2)CC1
C1CCC(C2CCCCC2C2CCC3CCCCC3C2)CC1
C1CCC(CCC2CCCC(C3CCCC3)C2)CC1
C1CCC(C2CCC(CCCC3CCCC(CC4CCCC4)C3)CC2CC2CC2)CC1
C1CCC(CC2CCC(C3CCC(CC4CC4)CC3)CC2)CC1
C1CCC(CC2CCCC(CC3CCCC4CC(C5CCCCC5)CCC34)C2)CC1
C1CCC(CCC2CCC(C3CCCCC3)CC2)CC1
C1CCC(CCCC2CCC(CCC3CCC(C4CCCCC4)CC3)CC2)CC1
C1CCC(CC2CCC(C3CCCC(CC4CCCCC4)C3)CC2)CC1
C1CCC(C2CCCC(CCC3CCCCC3C3CCCC3)C2)CC1
C1CCC(CC2CCC(CC3CCCCC3)CC2)CC1
C1CCC(C2CCC(C3CCCC(C4CCCCC4C4CCCCC4C4CCCC4)C3)CC2)CC1
C1CCC(CC2CCC(CC3CCCCC3C3CCCCC3)CC2)CC1
C1CCC(CC2CCC(CC3CCCCC3)C(CC3CCCCC3)C2)CC1
C1CC2CCC(CC3CCC(C4CCCCC4C4CC5CCCCC5C4)CC3)CC2C1
C1CCC(C2CCC(CC3CCC(C4CCCCC4)CC3)CC2)CC1
C1CCC(CC2CCC(C3CCCCC3)CC2)CC1
C1CCC(C2CCC(C3CCCCC3C3CCCCC3)CC2)CC1
C1CCC(C2CCC(CC3CCC(C4CCCC(C5CCCC5)C4)CC3)CC2)CC1
C1CCC(CC2CCCC(CCC3CCCCC3C3CCCCC3CC3CCCCC3)C2)CC1
C1CCC(CCC2CCCC(C3CCCC(CC4CCC5CCCCC54)C3)C2)CC1
C1CCC(C2CCCCC2C2CCC3CCCC3C2)CC1
C1CCC(CCCC2CCC(CC3CCCCC3)CC2)CC1
C1CCC(C2CCCC(CCC3CCC(C4CCCC4)CC3)C2)CC1
C1CCC(CCC2CCCC(C3CCCC(C4CCCCC4)C3C3CCC3)C2)CC1
C1CCC(CC2CCC(CC3CCCCC3)CC2)CC1
C1CCC(C2CCC(C3CCCC(C4CCC(C5CCCC5)CC4)C3)CC2)CC1
C1CCC(CCC2CCCCC2)CC1
C1CCC(CC2CCC3CC(C4CCCCC4)CCC3C2)CC1
C1CCC(CCC2CCC(CC3CCCCC3)CC2)CC1
C1CCC(CCCC2CCC(CC3CCCCC3)CC2)CC1
C1CCC(CCCCC2CCCCC2CC2CCCCC2)CC1
C1CCC(CCCC2CCCCC2C2CCC(C3CC3)CC2C2CCCC2)CC1
C1CCC(CC2CCCC(CCC3CCC(C4CCCCC4)CC3)C2)CC1
C1CCC(CC2CCC(C3CCCCC3CC3CCC4CCCCC4C3)CC2)CC1
C1CCC(CCC2CCCC(C3CCC(CC4CCCC(C5CCCCC5)C4)CC3)C2)CC1
C1CCC(C2CCCC(C3CCCCC3)C2)CC1
C1CCC(C2CCCCC2C2CCC(C3CCCC3)CC2)CC1
C1CCC(CCCC2CCCC(CCC3CCC(CC4CCCCC4)CC3)C2)CC1
C1CCC(CC2CCC(CC3CCC(C4CC5CCCCC5C4)CC3)CC2)CC1
C1CCC(CC2CCCC(C3CCCC(C4CCCCC4)C3)C2)CC1
C1CCC(C2CCCC(C3CCCC(CC4CCCCC4C4CCCCC4)C3)C2)CC1
C1CCC(CCCC2CC(C3CCCCC3)CC(C3CCC(C4CCCCC4)CC3)C2)CC1
C1CCC(CC2CC(C3CCCCC3)CCC2C2CCC3CCCCC32)CC1
C1CCC(C2CCCCC2CC(C2CCCCC2)C2CCC2)CC1
C1CCC(C2CCCC(CC3CCCCC3C3CCCCC3)C2)CC1
C1CCC(C2CCCC(CC3CC(C4CCCCC4)C4CCCCC34)C2)CC1
C1CCC(CC2CCC(C3CCC(C4CCC(CC5CCCCC5)CC4)CC3)CC2)CC1
C1CCC(CC2CCCC(C3CCCCC3C3CCCCC3)C2)CC1
C1CCC(CC2CCCC(CC3CC(C4CCCCC4)CC(C4CC4)C3)C2)CC1
C1CCC(CC2CCC3C(CCCC3C3CCC(C4CCCC4)CC3)C2)CC1
C1CCC(CC2CCC(CC3CCCCC3)CC2)CC1
C1CCC(CC2CCCC(CC3CCC(C4CCCCC4)CC3)C2)CC1
C1CCC(CCCC2CC(CC3CCCCC3)CC3CCC(C4CCCCC4)CC23)CC1
C1CCC(CCC2CC(C3CCCCC3)C3CCCCC23)CC1
C1CCC(CCC2CCC(CC3CCCCC3)CC2)CC1
C1CCC(CCCC2CCC(CC3CCC(CCCC4CCCCC4)CC3)CC2)CC1
C1CCC(C2CCCC(CC3CCCCC3C3CCCCC3)C2)CC1
C1CCC(CCC2CCCC(CCCC3CCC(C4CCCCC4)CC3)C2)CC1
C1CCC(C2CCC(CCC3CCCCC3C3CCCC3)C(C3CCCCC3)C2)CC1
C1CCC(CC2CC(C3CCC(CC4CCCC4)CC3)C3CCCCC23)CC1
C1CCC(CC2CCC(CCC3CC(C4CC5CCCCC5C4)C4CCCCC34)CC2)CC1
C1CCC(C2CCCC(CC3CCC(CC4CCCCC4C4CCCC4)CC3)C2)C1
C1CCC(CC2CCCC(C3CC3)C2)CC1
C1CCC(CCCC2CCC(C3CCCCC3)CC2)CC1
C1CCC(CCC2CCCC(C3CCCCC3)C2)CC1
C1CCC(C2CCCC(C3CCCC(C4CCCC(C5CCCCC5)C4)C3)C2)CC1
C1CCC(CCCC2CCCCC2CC2CCCCC2C2CCCC2)CC1
C1CCC(CC2CCC(C3CCC(C4CCCCC4)CC3)CC2)CC1
C1CCC(C2CCCCC2C2CCC3CCCC3C2)CC1
C1CCC(C2CCCC(C3CCCC(C4CCCCC4)C3)C2)CC1
C1CCC(CCC2CCCC(C3CC(CC4CCCCC4)CC(C4CC4)C3)C2)CC1
C1CCC(CC2CCCC(C3CCCCC3)C2)CC1
C1CCC(CC2CCCC(C3CCCC(C4CCCC(C5CCCCC5)C4)C3)C2)CC1
C1CCC(CCCC2CCC3CC(C4CCC5CCCCC54)CCC3C2)CC1
C1CCC(C2CC(C3CCCCC3)C3CCCCC23)CC1
C1CCC(CCC2CCC(CCC3CCCC(C4CCCC4)C3)CC2)CC1
C1CCC(CC2CCC(CC3CCC(C4CCCC(C5CCCCC5)C4)CC3)CC2)CC1
C1CCC(C2CCCCC2)CC1
C1CCC(CC2CCC(C3CCC4CCCCC4C3)CC2)CC1
C1CCC(C2CCCC(C3CCCC(C4CCCCC4)C3)C2)CC1
C1CCC(CC2CCCC(C3CCCCC3)C2)CC1
C1CCC(CCC2CC(CCC3CC4CCCCC4C3)CC(C3CCCC(CC4CCCCC4)C3)C2)CC1
C1CCC(CC2CCCCC2)CC1
C1CCC(CCCCCC2CCC(CC3CCC(CC4CCC(C5CCCC5)CC4)CC3)CC2)CC1
C1CCC(CCC2CCC(C3CCCC(C4CCC4)C3)CC2)C1
C1CCC(CC2CCCCC2CCC2CCC(CCCC3CC(CC4CCCCC4)C4CCCCC34)CC2)CC1
C1CCC(CC2CCCCC2CCCC2CCC(C3CCCC(CC4CC5CCCCC5C4)C3)CC2)CC1
C1CCC(C2CCC(C3CCCC(C4CCCCC4)C3)CC2)CC1
C1CCC(C2CCCC(C3CCCCC3)C2)CC1
C1CCC(C2CCCC(CC3CCCC(CC4CC5CCCCC5C4)C3)C2)CC1
C1CCC(C2CCCCC2CC2CCCC(CC3CCC3)C2)CC1
C1CCC(CC2CCC(C3CCC(C4CCCCC4)CC3C3CCCCC3)C2)CC1
C1CCC(CCCCCC2CCC(CC3CCCCC3)CC2)CC1
C1CCC(CC2CCCC(C3CCCCC3)C2)CC1
C1CCC(CC2CC(C3CCCCC3)CCC2C2CCCC(CCC3CCC4CCCC4C3)C2)CC1
C1CCC(C2CCCCC2CCCC2CCC(CCCC3CCC(C4CC5CCCCC5C4)CC3)CC2)CC1
C1CCC(C2CCCC(CC3CC4CCCCC4C3)C2)CC1
C1CCC(CC2CCC(C3CCC(C4CCCCC4)C3)CC2)CC1
C1CCC(CC2CC(C3CCCCC3)CCC2C2CCCCC2)CC1
C1CCC(CCCC2CCC(CCC3CCCC(C4CCCCC4)C3)CC2)CC1
C1CCC(CC2CCC(C3CCCCC3)CC2)CC1
C1CC2CCC(C3CCCCC3C3CCC(C4CCCCC4C4CCCC4)CC3)CC2C1
C1CCC(CCC2CCCC(CCC3CCCCC3)C2CCC2CCCCC2)CC1
C1CCC(CCC2CCC(C3CCCCC3)CC2)CC1
C1CCC(CC2CCCC(C3CCCCC3)C2)CC1
C1CCC(C2CCC(CC3CCCCC3C3CCCCC3)CC2)CC1
C1CCC(CCCCCC2CC(C3CC3)CCC2C2CCCCC2)CC1
C1CCC(CC2CCC(C3CCC(C4CCCCC4)CC3)CC2)CC1
C1CCC(C2CCC3CC(CC4CC5CCCCC5C4)CCC32)CC1
C1CCC(C2CC(C3CCCC(C4CCCC(C5CCC5)C4)C3)C3CCCCC23)CC1
C1CCC(CC(CCC2CCCCC2CC2CCC(C3CCC3)CC2)C2CCCCC2)CC1
C1CCC(C2CCC(C3CCCC(C4CCCCC4)C3)CC2)CC1
C1CCC(CC2CCCCC2C2CCC3CCCC3C2)CC1
C1CCC(CC2CCC(C3CCCC(C4CCC(CCC5CC5)CC4)C3)CC2)C1
C1CCC(C2CCC(C3CC(C4CCC(C5CCCC5)CC4)C3)CC2)CC1
C1CCC(CCC2CCC(C3CCCC(CC4CCCCC4)C3)CC2)CC1
C1CCC(C2CCC(C3CCCCC3)C(C3CCCC4CCCCC43)C2)CC1
C(CCC1CCC(CC2CCCCC2)CC1)CCC1CCC(CC2CCCCC2)CC1
C1CCC(CCCCC2CCC(C3CC4CCCCC4C3)C(CCCC3CC(C4CCCCC4)C4CCCCC34)C2)CC1
C1CCC(CC2CCC(CC3CCC(CCC4CCC(C5CCCCC5)CC4)CC3)CC2)CC1
C1CCC(CCC2CC3CCCCC3C2)CC1
C1CCC(CC(C2CC3CCCCC3C2)C2CCCCC2C2CCCC(C3CCC4CCCC4C3)C2)CC1
C1CCC(CCC2CCC(C3CCC3)CC2)CC1
C1CCC(CC2CCCCC2C2CC3CCCCC3C2)CC1
C1CCC(CCC2CCCCC2C2CC3CCCC(C4CCCCC4)C3C2)CC1
C1CCC(CC2CCC(CC3CCC4CC(C5CCCC5)CC(C5CCCCC5)C4C3)CC2)CC1
C1CCC(CC2CCC(CC3CCCCC3)CC2)CC1
C1CCC(CC2CCC(C3CCCC3)CC2C2CCCC(C3CCCC(C4CCCCC4)C3)C2)CC1
C1CCC(C2CCC(CC3CCCCC3C3CCCCC3)CC2)CC1
C1CCC(CC2CCC(C3CCCC4CCCCC43)C(C3CCCC3)C2)CC1
C1CCC(C2CCC(CCC3CCC4CC(C5CCCCC5)CCC34)CC2)CC1
C1CCC(CC2CCC(CCCC3CCC(C4CCCCC4)CC3)CC2)CC1
C1CCC(CC2CC(CC3CCC(C4CCC4)CC3)C3CCCCC23)CC1
C1CCC(CC2CCCC(CC3CCCCC3)C2)CC1
C1CCC(CCCC2CCC(C3CCCCC3C3CCC(C4CC4)CC3)CC2)CC1
C1CCC(CC2CCCC(C3CCC(C4CCCCC4C4CCCCC4)CC3)C2)CC1
C1CCC(CC2CCC(CC3CCCCC3)CC2)CC1
C1CCC(CCCCCC2CCC(CC3CCCCC3)CC2)CC1
C1CCC(CCCC2CCCC(C3CCC(C4CC5CCCCC5C4)CC3)C2)CC1
C1CCC(C2CCCC(CC3CCC(C4CCC5CCCCC54)CC3)C2)C1
C1CCC(C2CCC(CCCC3CC(C4CCCCC4)CC(C4CCCCC4)C3)CC2)CC1
C1CCC(CC2CCCC(CCC3CCCC(CC4CCCCC4)C3)C2)CC1
C1CCCCC1
C1CCC(CC2CCCC(CC3CCCCC3)C2)CC1
C1CCC(CC2CCC(C3CCC(CC4CCCCC4)CC3)CC2)CC1
C1CCC(C2CCCC(C3CCCC(C4CCCCC4)C3)C2)CC1
C1CCC(CC2CCC(CC3CCC(CC4CCCCC4)CC3)CC2)CC1
C1CCC(C2CCC(CCCC3CCCC(C4CCCCC4)C3)CC2)CC1
C1CCC(CC2CCC(CCCC3CCCC(C4CCCCC4)C3)CC2)CC1
C1CCC(C2CCCC(C3CCCCC3C3CCCCC3)C2)CC1
C1CCC(C2CCCC(C3CCC(CCCCC4CCCCC4C4CCCCC4)CC3)C2)CC1
C1CCC(CCCCC2CCCCC2CC2CCCC(C3CCCCC3)C2)CC1
C1CCC(CC2CCCCC2C2CCC(C3CCCC4CC(C5CCCCC5)CC43)C2)CC1
C1CCC(C2CCC(C3CC4CCCCC4C3)CC2)CC1
C1CCC(CC2CCC(CCCCC3CCCC(CC4CCCCC4)C3)CC2)CC1
C1CCC(CC2CCC(CCC3CC(C4CCCCC4)C4CCCCC34)CC2)CC1
C1CCC(CCC2CCCC(C3CCCC(CC4CC5CCCCC5C4)C3)C2)CC1
C1CCC(CCC2CCC3CCCCC32)CC1
C1CCC(C2CCCC(CC3CCCC(CC4CCCCC4CC4CC4)C3)C2)CC1
C1CCC(CCC2CCC(CC3CCCCC3)CC2)CC1
C1CCC(CC2CCCC(C3CCC(C4CCCCC4)CC3)C2)CC1
C1CCC(C2CCC(C3CCCCC3C3CCC4CCCCC4C3)CC2)CC1
C1CCC(CC2CCC(CC3CCCCC3C3CCC(C4CCC(CC5CCCCC5)CC4)C3)CC2)CC1
C1CCC(CCC2CCC3CC(C4CCCCC4C4CCCCC4)CCC23)CC1
C1CC(CC2CCC(C3CCC(C4CCCC4)CC3)CC2)C1
C1CCC(CCCC2CCC(CC3CCC4CCCC4C3)CC2)CC1
C1CCC(CCC2CCC(CC3CCC(CC4CCCCC4)CC3)CC2)CC1
C1CCC(C2CCCC(CCC3CCCC(C4CCCCC4)C3)C2)CC1
C1CCC(CC2CCC3C(CCC3C3CCCCC3CC3CCCCC3)C2)CC1
C1CCC(CCCC2CCC(C3CCCCC3)CC2)CC1
C1CCC(C2CCC(C3CCC4C(CCC4C4CCCCC4)C3)CC2)CC1
C1CCC(CC2CCC(C3CCC(C4CCCC(CC5CC6CCCCC6C5)C4)C3CC3CCCCC3)CC2)CC1
C1CCC(CC2CCC(CCCC3CCCC(C4CC5CCCCC5C4)C3)CC2)CC1
C1CCC(CC2CCCC(CC3CCCCC3)C2)CC1
C1CCC(CC2CCCC(C3CCCCC3)C2)CC1
C1CCC(CCC2CCC(C3CCCC(C4CCCCC4)C3)CC2)CC1
C1CCC(C2CCCC(C3CCC(C4CCC5CCCCC5C4)CC3)C2)CC1
C1CCC(CC2CCCCC2CCC2CCCCC2C2CCCCC2C2CCCC2)C1
C1CCC(CCCC2CCC(CCC3CCCCC3)CC2)CC1
C1CCC(CC2CCCCC2CC2CCCCC2C2CCCCC2)CC1
C1CCC(CC2CCCCC2C2CCCCC2C2CCCCC2)CC1
C1CCC(CCC2CCCC(C3CCCC(C4CCC5CCCCC5C4)C3)C2)CC1
C1CCC(C2CC(C3CCCCC3)C3CCCCC23)CC1
C1CCC(C2CCCC(CC3CC(C4CCCCC4)C4CCCCC34)C2)CC1
C1CCC(CC2CCCC(CC3CCCC(C4CCC(C5CCCCC5)CC4)C3)C2)CC1
C1CCC(CCC2CCCC(CCC3CCCCC3)C2)CC1
C1CCC(C2CCCC(C3CCCCC3)C2)CC1
C1CCC(CCC2CC(CC3CCCC(C4CC5CCCCC5C4)C3)C3CCCCC23)CC1
C1CCC(CC2CCC(C3CCCC(CCCC4CC5CCCCC5C4)C3)CC2)CC1
C1CCC(C2CCCC(CC3CC3)C2)CC1
C1CCC2CC(C3CC(C4CCCC(C5CCC6CCCC6C5)C4)C4CCCCC34)CCC2C1
C1CCC(CC2C(C3CCC3)CCCC2C2CCCC(CC3CCCC(C4CCCCC4)C3)C2)CC1
C1CCC(C2CCC(C3CCCCC3C3CCCCC3)C3CCCC23)CC1
C1CCC(C2CCCCC2C2CCC(CC3CCC4CCCC4C3)CC2)CC1
C1CCC(CC2CCC(CC3CCC(CC4CCCCC4)C3C3CCCCC3)CC2)CC1
C1CCC(CC2CCCCC2CCC2CCC(CC3CC4CCCCC4C3)CC2)CC1
C1CCC(C2CC(C3CCC4CCCCC43)CC3CCCCC32)CC1
C1CCC(CC2CC3CCC(C4CCCCC4)CC3C(C3CCCCC3)C2)CC1
C1CCC(CC2CCC(CCC3CCCC3)CC2)CC1
C1CCC(CCCCC2CCCC(C3CCC(CC4CCC(C5CC5)CC4)CC3)C2)CC1
C1CCC(C2CCC(C3CCCCC3C3CC4CCCCC4C3)CC2)CC1
C1CCC(CCC2CCCC(C3CCC(C4CCC4)CC3)C2)CC1
C(CCC1CC2CCCCC2C1)CC1CCCC(CCC2CCCC(CC3CCCC3)C2)C1
C1CCC(C2CCC(CCCC3CCCC(C4CCCCC4)C3)CC2)CC1
C1CCC(CCC2CCC(CC3CCCC(C4CCCCC4)C3)CC2C2CCCC2)CC1
C1CCC(CC2CCCC(C3CCC4CCCCC4C3)C2)CC1
C1CCC(CC2CCCCC2CCCCC2CCC(C3CCCCC3)CC2)CC1
C1CCC(CC2CCCC(C3CCCC(CC4CCCC4C4CCCCC4)C3)C2)CC1
C1CCC(CCC2CCC(CC3CCCCC3)CC2)CC1
C1CCC(CC2CCCC(C3CCCCC3)C2)CC1
C1CCC(CC2CCC(C3CCCC(C4CCCCC4)C3)CC2)CC1
C1CCC(C2CCCC(C3CCCCC3)C2)CC1
C1CCC(CCCC2CCC(C3CCCC(C4CCCCC4)C3)CC2)CC1
C1CCC(CCC2CCC(CC3CCC4CCCCC43)CC2)CC1
C1CCC(C2CCC(CCCC3CCCC(C4CCCCC4)C3)CC2)CC1
C1CCC(CCC2CCC(CC3CCC(C4CCCC(CC5CCCCC5)C4)C3)CC2)CC1
C1CCC(C2CCC(CCC3CCCC(C4CCCCC4)C3)CC2)CC1
C1CCC(CC2CCC(CCC3CC4CCCCC4C3)CC2)CC1
C1CCC(CCC2CCCC(C3CCCCC3)C2)CC1
C1CCC(C2CCC(C3CCCCC3)CC2)CC1
C1CCC(CCC2CCCC(C3CCCC(CC4CCC(C5CC5)CC4)C3)C2)CC1
C1CCC(CC2CCC(C3CC(C4CCCC(C5CCC(C6CCCCC6)CC5)C4)C3)CC2)CC1
C1CCC(CC2CCC(C3CCCCC3)CC2)CC1
C1CCC(C2CCCC(C3CC(C4CCCCC4)CC(C4CCC4)C3)C2)CC1
C1CCC(CC2CCC(C3CCCCC3)CC2)CC1
C1CCC(CC2CCC(CCC3CCC(C4CCCCC4)CC3)CC2)CC1
C1CCC(CCC2CCCC(C3CCCCC3)C2)CC1
C1CCC(C2CCC3CC(C4CCC5CCCCC54)CCC3C2)CC1
C1CCC(C2CCC(CCCC3CCCC(C4CCCCC4)C3)CC2)CC1
C1CCC(CC2CCC(C3CCCCC3C3CC3)CC2)CC1
C1CCC(CC2CCC(C3CC3)CC2)CC1
C1CCC(CCC2CCC(CC3CCC(CC4CCC5CCCCC54)CC3)CC2)CC1
C1CCC(CCC2CCCC(C3CCCCC3)C2)CC1
C1CCC(CC2CCCCC2CC2CCC(C3CCCC3)CC2)CC1
C1CCC(C2CCCC(CCC3CCCC(C4CCCCC4)C3)C2)CC1
C1CCC(C2CCCC(C3CCCCC3)C2)CC1
C1CCC(C2CCC(CC3CCCC3)CC2C2CC3CCCCC3C2)CC1
C1CCC(CC2CCC(C3CCCCC3)CC2)CC1
C1CCC(CCC2CCCC(CCC3CCCCC3)C2)CC1
C1CCC(CC2CCCCC2C2CCC(C3CCC(C4CCCCC4)C3)CC2)CC1
C1CCC(C2CCCCC2C2CCCCC2C2CCC3CC(C4CCCCC4C4CCCC4)CCC3C2)CC1
C1CCC(CCC2CCCCC2)CC1
C1CCC(C2CCC(C3CCC(C4CCCCC4)CC3)CC2)CC1
C(CCCC1CCCCC1)CCCC1CCC2C(C3CCCCC3)CC(C3CCCCC3)C2C1
C1CCC(CC2CCC(C3CCCC(CC4CC5CCCCC5C4)C3)CC2)CC1
C1CCC(CCCC2CCC(CC3CCCCC3)C(C3CCC4CCCCC4C3)C2)CC1
C1CCC(C2CCCC(C3CCC(CC4CCC5CCCCC54)CC3)C2)CC1
C1CCC(CCCC2CC(C3CCCCC3)CC(C3CCCC3)C2)CC1
C1CCC(C2CCC(CCC3CCCC(C4CCCC4)C3)CC2)C1
C1CCC(C2CCCCC2)CC1
C1CCC(C2CCCC(C3CCCC(CC4CC4)C3)C2)CC1
C1CCC(CC2CCC(CC3CCCC3)CC2C2CCCCC2)CC1
C1CCC(C2CCC(CCC3CCC(C4CCCC4)CC3C3CCC(C4CCCC4)CC3)CC2)CC1
C1CCC(C2CCCCC2C2CCCC3CCCCC32)C1
C1CCC(C2CC(CCC3CCC4CCCCC43)CC(C3CCCCC3)C2)CC1
C1CCC(CCC2CC(C3CCC3)CCC2CCC2CCC(C3CCCCC3)CC2)CC1
C1CCC(C2CC(C3CC4CCCCC4C3)C3CCCCC23)CC1
C1CCC(CCC2CCCCC2CC2CCCCC2)CC1
C1CCC(CC2CCCC(C3CCC(C4CCCC4)CC3)C2)CC1
C1CCC(CC2CCCCC2C2CCCC(CC3CCC4CCCCC43)C2)CC1
C1CCC(CC2CCCCC2C2CCCC(C3CCC(C4CCCCC4)CC3)C2)CC1
C1CCC(CCC2CCCCC2CCC2CCCCC2CC2CCCCC2)CC1
C1CCC(C2CCC(CC3CCC4CCCCC43)CC2)CC1
C1CCC(CC2CCC(C3CCCCC3)CC2)CC1
C1CCC(C2CC(CCC3CCCC(C4CC5CCCCC5C4)C3)C3CCCCC32)CC1
C1CCC(CC2CCC(CC3CCC(C4CCCCC4)CC3)C(C3CCCCC3)C2)CC1
C1CCC(CCC2CCC(C3CCCC3)CC2)CC1
C1CCC(C2CCCC(CC3CCCCC3C3CCC4CCCC4C3)C2)CC1
C1CCC(CC2CCC(CC3CCCC(CC4CCCCC4)C3)CC2)CC1
C1CCC(CC2CCC(CC3CCC(CC4CCCCC4)CC3C3CCCCC3)CC2)CC1
C1CCC(CCC2CCC(CC3CCCCC3)CC2)CC1
C1CCC(C2CCC(CC3CCC(C4CCCCC4C4CCCCC4)CC3)CC2)CC1
C1CCC(CC2CCC(CCC3CCC(CC4CCCC(C5CCCCC5)C4)CC3)CC2)CC1
C1CCC(C2CCC3CCCC(C4CCCCC4)C3C2)CC1
C1CCC(CC2CCC(CCC3CCC(CC4CCC(C5CCCCC5)CC4)CC3)CC2)CC1
C1CCC(CC2CCC(C3CCCCC3)CC2)CC1
C(CC1CCC(C2CCC2)CC1)CC1CCC2CCCCC2C1
C1CCC(CC2CCC(C3CCCC3)CC2)CC1
C1CCC(C2CCCC(C(C3CCCCC3)C3CCCCC3)C2)CC1
C1CCC(CC2CCCC2C2CCC(C(C3CCCCC3)C3CCC3)CC2)CC1
C1CCC(CCC2CCC(CCCC3CCC(CC4CCCCC4)CC3)CC2)CC1
C1CCC(C2CCC(CC3CCCCC3C3CCC4CCCC4C3)CC2)CC1
C1CCC(CCC2CCCCC2)CC1
C1CCC(CC2CCC(CC3CCC4CCCC4C3)CC2CCCC2CCCC(C3CC3)C2)CC1
C1CCC(CCC2CCCC(C3C(C4CCCCC4)CCCC3C3CCC3)C2)CC1
C1CCC(CCCC2CCCC(CCC3CCC(C4CCC5CCCC5C4)CC3)C2)CC1
C1CCC(C2CCC3CCCCC32)CC1
C1CCC(C2CC(C3CCCC(CCCC4CCCCC4C4CCCC4)C3)C3CCCCC23)CC1
C1CCC(CC2CCC(CC3CCC(CCC(C4CCCCC4)C4CC5CCCCC5C4)CC3)CC2)CC1
C1CCC(C2CCCCC2C2CCCC(C3CCC(C4CCC4)CC3)C2)CC1
C1CCC(C2CC(C3CCCC(C4CCCC4)C3)C3CCCCC23)CC1
C1CCC(C2CCCC(CCC3CC(C4CCCCC4)CC(C4CCC4)C3)C2)CC1
C1CCC(C2CCC(CC3CCCC(C4CCCCC4)C3)CC2)CC1
C1CCC(CC2CCCC(CC3CC(CC4CCC5CCCCC5C4)C4CCCCC34)C2)CC1
C1CCC(CCC2CCC(CC3CCCCC3)C2)CC1
C1CCC(CC2CCCCC2CCCC2CCC(C3CCCCC3CC3CCCC3)CC2)CC1
C1CCC(CCCC2CCC(C3CCCCC3)CC2)CC1
C1CCC(CC2CCCC(C3CCCCC3)C2)CC1
C1CCC(C2CCCC(C3CCC(C4CCCC4)CC3)C2)CC1
C1CCC(CC(C2CCCCC2)C2CCC(C3CCCCC3)CC2)CC1
C1CCC(CC2CCCC(C3CCC4CCCC4C3)C2)CC1
C1CCC(C2CCC(C3CCCCC3)CC2)CC1
C1CCC(CCCC2CCC(CC3CCC(CC4CCC4)CC3)CC2)CC1
C1CCC(CC2CCCC(C3CCCCC3)C2)CC1
C1CCC(CC2CCCCC2C2CCCCC2)CC1
C1CCC(CC2CCCC(C3CCCCC3)C2)CC1
C1CCC(CCC2CCC(CC3CCCCC3)CC2)CC1
C1CCC(C2CCC(C3CCC4CCCC(C5CCCCC5)C4C3)CC2)CC1
C1CCC(C2CCCC(CC3CCCC(CC4CCCC4)C3)C2)CC1
C1CCC(CCC2CCC(CC3CC(CC4CCCCC4)C4CCCCC34)CC2)CC1
C1CCC(CC2CCCCC2)CC1
C1CCC(CC2CCCC(CCC3CCCCC3C3CCC4CCCC4C3)C2)CC1
C1CCC(C2CC(C3CCC4CCCCC43)CC3CCCCC32)CC1
C1CCC(CCCC2CCCC(C3CCC(CC4CCCCC4)CC3)C2)CC1
C1CCC(CC2CCC(CC3CCC(C4CCCCC4C4CCCCC4)CC3)CC2)CC1
C1CCC(CC2CCC(C3CCCC(C4CCCCC4)C3)CC2)CC1
C1CCC(CC2CCC(CC3CC4CCC(C5CCCC(C6CCCCC6)C5)C4C3)CC2)CC1
C1CCC(CC2CCCC(CCC3CC(C4CC4)CCC3CC3CCCCC3)C2)CC1
C1CCC(CCC2CCCCC2)CC1
C1CCC(CC2CCC(CC3CCC4CCC(C5CCCCC5)C4C3)CC2)CC1
C1CCC(C2CC(C3CCC(CC4CCCC(C5CCCC5)C4)CC3)C3CCCCC23)CC1
C(CCCC1CCCCC1)CCCC1CCC(CCC2CCCCC2)CC1
C1CCC(CCCC2CCC3CCCCC3C2)CC1
C1CCC(C2CCCC(CC3CC4CCCC(C5CCCC5)C4C3)C2)CC1
C1CCC(CCC2CCC(C3CC(C4CCCCC4)CC(C4CCC4)C3)CC2)CC1
C1CCC(CCC2CCC(CC3CCCC(CC4CC(CC5CCCCC5)C5CCCCC45)C3)CC2)CC1
C1CCC(CC2CCCC(CC3CCCCC3C3CCCCC3)C2)CC1
C1CCC(CCC2CCC(CC3CCC(C4CCCCC4)CC3)CC2)CC1
C1CCC(CC2CC(CC3CCCC(C4CCCCC4)C3)C3CCCCC23)CC1
C1CCC(C2CCCC(CC3CCC(C4CCC(CC5CC5)CC4)CC3)C2)CC1
C1CCC(CCCCC2CC(CC3CCCC(CCCC4CCCCC4)C3)C3CCCCC23)CC1
C1CCC(CC2CCCC(CCC3CCC4C(CC5CCCCC5)CCC4C3)C2)CC1
C1CCC(CCC2CCCC(C3CCCCC3)C2)CC1
C1CCC(CCC2CCC(CC3CCCCC3)CC2)CC1
C1CCC(CCCCCC2CCCC(C3CCCCC3)C2)CC1
C1CCC(CCCC2CCCC(C3CCCCC3CC3CCCCC3)C2)CC1
C1CCC(CC2CCCC(C3CCC4C(CC5CCCC(CC6CC6)C5)CCC4C3)C2)CC1
C1CCC(CCC2CC(C3CC3)CC(C3CCCC(CC4CCCCC4)C3)C2)CC1
C1CCC(C2CCC(C3CCCCC3C3CCC4CCCC4C3)CC2)CC1
C1CCC(CC2CC(CC3CCCC3)C3CC(C4CCCCC4)CCC23)CC1
C1CCC(C2CCC(CCC3CCCC(CC4CCCC(C5CCCCC5)C4)C3)CC2)CC1
C1CCC(C2CCC(CCCC3CCCC(C4CCCC4)C3)CC2)CC1
C1CCC(C2CCCC(CC3CCC(C4CCCC4)CC3)C2)CC1
C1CCC(C2CCC(C3CCCC(CC4CCCC4)C3)CC2)CC1
C1CCC(CC2CCC(C3CCCC(CC4CC5CCCCC5C4)C3)C(C3CCCCC3)C2)CC1
C1CCC(C2CCC(CC3CCC(CC4CC5CCCCC5C4)CC3)CC2)CC1
C1CCC(CCCC2CCCC(C3CCC(C4CCCCC4)C3)C2)CC1
C1CCC(CCCC2CCC(C3CCCCC3CC3CCCCC3)CC2)CC1
C1CCC(CC2CCC(C3CCCC(C4CC5CCCCC5C4)C3)CC2)CC1
C1CCC(CC2CC(CC3CC3)C3CCC(CCC4CC5CCCCC5C4)CC23)CC1
C1CCC(CCC2CCCCC2C2CCC(CCCCCC3CCCC3)CC2)CC1
C1CCC(CCC2CCC(C3CCC(CC4CCCCC4)C3)CC2)CC1
C1CCC(CCC2CCC3C(CC4CCCCC4)CC(C4CCC5CCCCC5C4)C3C2)CC1
C1CCC(CCCCCC2CCC(CCC3CCCCC3)CC2)CC1
C1CCC(CCC2CCC3CC(CC4CCCCC4)CCC3C2)CC1
C1CCC(CCC2CCC(CCC3CC(C4CCCCC4)CC(C4CCCCC4)C3)CC2)CC1
C1CC2CCC(C3CCCCC3C3CCCCC3C3CCCC3)CC2C1
C1CCC(CC2CCC(C3CC(C4CCCCC4)C4CCCCC34)CC2)CC1
C1CCC(C2CCC(C3CCCC(CCC4CC(C5CCCC5)C5CCCCC45)C3)CC2)CC1
C1CCC(CC2CCCC(C3CCC(C4CCCCC4)CC3)C2)CC1
C1CCC(CC2CCC(CC3CCCC(C4CCCCC4)C3)CC2)CC1
C1CCC(CC2CCC(C3CCCCC3CC3CC3)C(CC3CCCCC3)C2)CC1
C1CCC(CCC2CCCC(CC3CCCCC3)C2)CC1
C1CCC(CCCC(CCC2CCC3CC(C4CCCCC4)CC(C4CCCCC4)C3C2)C2CC2)CC1
C1CCC(CC2CCC(CCC3CCCC(C4CCCCC4)C3)CC2)CC1
C1CCC(CC2CCCCC2C2CC(C3CCCCC3)CC(C3CCC3)C2)CC1
C1CCC(CC2CCC(C3CCCCC3)CC2)CC1
C1CCC(CC2CCC(CC3CCCC4CCCCC43)CC2)CC1
C1CCC(CC2CCCCC2CC2CCCCC2CC2CCCCC2)CC1
C1CCC(C2CCCCC2C2CCCCC2)CC1
C1CCC(C2CC(C3CCCCC3)CC(C3CCCCC3)C2)CC1
C1CCC(CC2CCC(CC3CCCC(C4CCCC(C5CCCCC5)C4)C3)CC2)CC1
C1CCC(C2CCC(C3CCC4CCCCC43)CC2)CC1
C1CCC(CC2CCC(C3CCCCC3)CC2CCC2CCC(C3CCCC3)CC2)CC1
C1CCC(CC2CC(C3CCC(C4CCCCC4)CC3)C3CCCCC23)CC1
C1CCC(C2CCC(C3CCC(C4CCCCC4)CC3C3CCC4CCCC4C3)C(C3CCCC3)C2)CC1
C1CCC(CC2CCC(C3CCCCC3)CC2)CC1
C1CCC(C2CCCC(CC3CCCCC3C3CCCC(C4CCCCC4)C3)C2)CC1
C1CCC(C2CCCC(C3CCC4C(CCCC4C4CCCC(C5CCC5)C4)C3)C2)CC1
C1CCC(C2CCCC(C3CCCCC3C3CCC4CCCC4C3)C2)CC1
C1CCC(CC2CCCC(C3CCCCC3)C2)CC1
C1CCC(C2CCCC(CC3CCC(C4CCC(CC5CC5)CC4)C3)C2)CC1
C1CCC(CC2CCC(C3CCCCC3)CC2C2CCCC(C3CCCCC3)C2)CC1
C1CCC(CC2CCC(CCCC3CCCC(C4CCCC4)C3)CC2)CC1
C1CCC(CCCC2CCCCC2C2CCC(C3CCCC3)CC2)CC1
C1CCC(CC2CCC(CCC3CCC(C4CCCC(C5CCCCC5)C4)CC3)CC2)CC1
C1CCC(CCCC2CCCC(C3CCCC(C4CCCCC4)C3)C2)CC1
C1CCC(CCC2CCCC(C3CCCCC3CC3CCCCC3)C2)CC1
C1CCC(CCC2CCCC(CC3CCC4CCCCC43)C2)CC1
C1CCC(CC2CC3CCCCC3C(C3CCCCC3)C2)CC1
C1CCC(CC2CCCCC2C2CCCCC2)CC1
C1CCC(CC2CCCC(C3CCCC(C4CCCCC4)C3)C2)CC1
C1CCC(CCCC2CCC(CCC3CCC(CC4CCCC4)CC3)CC2)CC1
C1CCC(C2CCCC(CC3CCC(C4CCCCC4)C3)C2)CC1
C(CCC1CCC(C2CCCCC2)CC1)CCC1CCC2CCCC2C1
C1CCC(CC2CCCC(CCC3CCCC(CC4CCCCC4)C3)C2)CC1
C1CCC(C2CCCC(C3CCCCC3)C2)CC1
C1CCC(C2CCC(CCCCC3CCC(C4CCC5CCCC5C4)CC3)CC2)CC1
C1CCC(CCC2CC(CC3CCCC(CC4CCCCC4)C3)C3CCCCC23)CC1
C1CCC(CC2CC(CC3CCCC(C4CCC(C5CCCC5)CC4)C3)C3CCCCC23)CC1
C1CCC(C2CCC(C3CCCC(C4CCCCC4)C3)CC2)CC1
C1CCC(CC2CCCCC2C2CCCC(CC3CCCC3)C2)CC1
C1CCC(CCCC2CCC(CC3CCCCC3)CC2)CC1
C1CCC(CCC2CCC(C3CCC4C(C5CCCC5)CC(C5CCCCC5)C4C3)CC2)CC1
C1CCC(CC2CCC(C3CCCCC3)CC2)CC1
C1CCC(C2CCC(C3CCC4CCCCC43)CC2CC2CCCCC2C2CCC2)CC1
C1CCC(CC2CCC(CCCC3CCCC(C4CCCCC4)C3)CC2)CC1
C1CCC(CCC2CCCCC2C2CCC(C3CCCCC3C3CCCC3)CC2)CC1
C1CCC(CCCC2CCC(C3CCCCC3)CC2)CC1
C1CCC(CC2CC(CC3CCC(C4CCCCC4)CC3)C3CCCCC23)CC1
C1CCC(C2CCCC(CC3CC4CCCCC4C3)C2)CC1
C1CCC(CC2CCCCC2C2CCCCC2C2CCCC2)CC1
C1CCC(CC2CCCCC2)CC1
C1CCC(C2CC3CCC(C4CCCCC4)CC3C(C3CCCCC3)C2)CC1
C1CCC(CCC2CCC(CC3CCC(CC4CCCC4)CC3)CC2)CC1
C1CCC(CC2CCCC(CC3CCCCC3)C2)CC1
C1CCC(C2CCCCC2C2CCC(CCCC3CCCC(C4CCC4)C3)CC2)CC1
C1CCC(C2CCCCC2)CC1
C1CCC(CC2CCCCC2C2CCCCC2)CC1
C1CCC(CCC2CCC(C3CCCCC3CC3CCCCC3)CC2)CC1
C1CCC(CCC2CCCC(C3CC(C4CCCCC4)C4CCCCC34)C2)CC1
C1CCC(CC2CCC(C3CCCCC3)CC2)CC1
C1CCC(CC2CCC(CCC3CC(C4CCCCC4)C4CCCCC34)CC2)CC1
C1CCC(CC2CCC(CCCC3CCC4C(CC5CCCCC5)CCC4C3)CC2)CC1
C1CCC(CCC2CCC(CC3CCC4CCCCC43)CC2)CC1
C1CCC(CC2CCC(C3CC(C4CCCCC4)C3)CC2)CC1
C1CCC(CCC2CCC(CC3CCC(C4CCCCC4C4CCCC4)CC3)CC2)C1
C1CCC(CC2CCCC(CCCC3CCC(CC4CCCCC4CC4CCCCC4)CC3)C2)CC1
C1CCC(CC2CC(C3CCCCC3)C3CC(CC4CC4)CCC23)CC1
C1CCC(CCCC2CCCC(C3CCCCC3)C2)CC1
C1CCC(CCCC2CCC(CCCCC3CCC(C4CCCCC4)CC3)CC2)CC1
C1CCC(CC2CC(C3CCCC3)CCC2C2CCC2)CC1
C1CCC(CC2CCC(C3CCCCC3)CC2)CC1
C1CCC(CCC2CCC(CC3CCC(CC4CCCCC4)CC3)CC2)CC1
C1CCC(C2CCCC(C3CCCC(CC4CCCC(C5CCCC5)C4)C3)C2)CC1
C1CCC(CC2CCC(CC3CCC4CCCCC43)CC2)CC1
C1CCC(CCC2CCC(C3CCCCC3)CC2CC2CCCCC2)CC1
C1CCC(CC2CCCCC2C2CCCC(C3CCCCC3)C2)CC1
C1CCC(CC2CCCCC2CC2CCCCC2)CC1
C1CCC(C2CCC(CC3CCCC(CC4CCCC4)C3)CC2)CC1
C1CCC(C2CC(C3CCC4CCCC4C3)C3CCCCC23)CC1
C1CCC(CCCCC2CCC(C3CCCCC3CC3CCCCC3)C(CCC3CCCC3)C2)CC1
C1CCC(CC2CCC(CC3CCCCC3)C(C3CCCCC3)C2)CC1
C1CCC(CC2CCC3CC(C4CCCCC4)CCC23)CC1
C1CCC(CCCCC2CCC(CC3CCCCC3)CC2C2CCCCC2)CC1
C1CCC(C2CCCCC2C2CCCCC2)CC1
C1CCC(C2CCCC(C3CCCCC3)C2)CC1
C1CCC(CC2CCC(C3CCCCC3)CC2)CC1
C1CCC(CC2CCC(CCC3CCCC(C4CCC4)C3)CC2)CC1
C1CCC(CC2CCC(C3CCC(C4CCCCC4)C3)CC2)CC1
C1CCC(CC2CCC(C3CCCCC3)CC2)CC1
C1CCC(CCC2CCCC(C3CCCCC3C3CCCCC3)C2)CC1
C1CCC(CCC2CCC(C3CCC4CCCCC4C3)CC2)CC1
C1CCC(C2CCCCC2CCC2CCCCC2C2CCC3CCCC3C2)CC1
C1CCC(CC2CCC(CCC3CCCC(C4CCCC(C5CCCCC5)C4)C3)CC2)CC1
C1CCC(CC2CCC(C3CCCC(C4CCCCC4)C3)CC2C2CCCC2)CC1
C1CCC(CC2CCC(CCC3CC4CCCCC4C3)CC2)CC1
C1CCC(C2CCC(C3CCCC(CC4CC5CCCCC5C4)C3)CC2)CC1
C1CCC(CC2CCCCC2C2CCC(C3CCCCC3)CC2C2CC3CCCCC3C2)CC1
C1CCC(C2CCC(CC3CCCC(C4CCCCC4)C3)CC2)CC1
C1CCC(CC2CCC(CCC3CCCCC3CC3CCCCC3)CC2)CC1
C1CCC(CC2CCC3C(CCCC3C3CCCCC3)C2)CC1
C1CCC(CCCC2CCCC(CC3CCC(CC4CCCCC4)CC3)C2)CC1
C1CCC(CC2CCCC(C(CC3CCCCC3)C3CCCCC3)C2)CC1
C1CCC(C2CCC(C3CCCCC3CC3CCCC3)CC2)CC1
C1CCC(CC2CCC(C3CCC4CCCC4C3)C2CC2CCCC(CC3CCC(CC4CCCC4)CC3)C2)CC1
C1CCC(CCCCCC2CCC(C3CCC(C4CCCCC4)CC3)CC2)CC1
C1CCC(CC2CCCC(C3CCCCC3)C2)CC1
C1CCC(C2CCCC(C3CCCCC3C3CCC4CCCCC43)C2)CC1
C1CCC(C2CCCC(C3CC4CCCCC4C3)C2)CC1
C1CCC(CC2CCC(CC3CC(CC4CCCCC4)CCC3C3CCCCC3)CC2)CC1
C1CCC(CC2CCCCC2C2CCCCC2CC2CCCCC2)CC1
C1CCC(C2CCC(CC3CCCC(C4CCCCC4)C3)CC2)CC1
C1CCC(CCC2CCC(C3CCC4C(CC5CCCCC5)CCC4C3)CC2)CC1
C1CCC(CCC2CC(C3CCCCC3)CC(C3CCCC(C4CCCCC4)C3)C2)CC1
C1CCC(CC2CCC(C3CCCCC3CC3CCCCC3)CC2)CC1
C1CCC(C2CCC(C3CCC(C4CC4)CC3)CC2)CC1
C1CCC(CC2CCCCC2)CC1
C1CCC(C2CCCC(C3CCCCC3)C2)CC1
C1CCC(C2CCC(CC3CC3)C(CCCCC3CCCC3)C2)CC1
C1CCC(C2CCCCC2C2CCCCC2C2CCCC3CCCCC32)C1
C1CCC(CC2CCCCC2C2CCC3CCCCC3C2)C1
C1CCC(CC2CCCCC2C2CCCCC2)CC1
C1CCC(CC2CCCC(CCC3CCCC(CC4CCCC(C5CCCCC5)C4)C3)C2)CC1
C1CCC(CCCC2CCCCC2C2CCC(CC3CCCCC3)CC2)CC1
C1CCC(CC2CC(C3CCCCC3)C3CCCCC23)CC1
C1CCC(C2CCCC(CCC3CCC4C(CCCC4C4CCC5CCCCC5C4)C3)C2)CC1
C1CCC(CCC2CC(CC3CCCCC3)C3CCC(C4CCCCC4)CC23)CC1
C1CCC(CC2CCC(CC3CCCC(CC4CC4)C3)CC2)CC1
C1CCC(CC2CCC(C3CCCCC3)C(CC3CCC(C4CCCCC4)CC3)C2)CC1
C1CCC(C2CCCC(C3CCCC(C4CCCCC4)C3)C2)CC1
C1CCC(CCC2CCC(CC3CCCCC3CC3CCCCC3C3CCC3)CC2)C1
C1CCC(C2CCCC(C3CC(CC4CCCC4)C4CCCCC43)C2)CC1
C1CCC(C2CCC(CC3CCC4CCCCC4C3)CC2)CC1
C1CCC(CC2CCC(C3CCCCC3C3CCCCC3)CC2)CC1
C1CCC(C2CCCC(C3CCC(C4CC5CCCCC5C4)CC3)C2)CC1
C1CCC(CC2CCCCC2C2CCCCC2)CC1
C1CCC(CCC2CCCC(C3CCC4CCCC4C3)C2)CC1
C1CCC(CC2CCC(CC3CCCCC3)CC2)CC1
C1CCC(CCC2CCC(CC3CCCC4CCCCC43)CC2)CC1
C(CCCC1CCCC(C2CCCCC2)C1)CCC1CCC(CC2CCCCC2)CC1
C1CCC(CC2CCCCC2)CC1
C1CCC(C2CCC(C3CCCCC3CC3CCC4CCCC4C3)CC2)C1
C1CC(C2CCC(C3CCCCC3CC3CCCCC3C3CCC3)CC2)C1
C1CCC(CC2CCCC(C3CCCCC3)C2)CC1
C1CCC(CC2CCCC(CC3CC(C4CCCCC4)C4CCCCC34)C2)CC1
C1CCC(CC2CCC(C3CC(CC4CCCCC4)C4CCCCC43)CC2)CC1
C1CCC(CC2CCC(C3CCCCC3C3CCC(C4CCC5CCCCC54)C3)CC2)CC1
C1CCC(CCC2CCCC(C3CCCCC3)C2)CC1
C1CCC(CC2CCC(CC3CC(C4CCCCC4)CC(C4CCCCC4)C3)CC2)CC1
C1CCC(C2CCC(C3CCCC(C4CCC5CCCCC54)C3)C(C3CCCC3)C2)CC1
C1CCC(C2CCC3C(C4CCCCC4)CC(C4CCCCC4)C3C2)CC1
C1CCC(CCCCCC2CCCC3CCCCC23)CC1
C1CCC2CC(CC3CCC(CC4CCC(CC5CCCC6CCCCC65)CC4)CC3)CC2C1
C1CCC(CCCCCC2CC3CCCCC3C2)CC1
C1CCC(C2CCC(C(C3CCCCC3)C3CCCC4CCCCC43)CC2)CC1
C1CCC(CC2CCC(CCC3CCCCC3CC3CCCCC3)CC2)CC1
C1CCC(C2CCC(C3CCC3)CC2)CC1
C1CCC(CCCC2CCC3CCC(CC4CCCCC4C4CCCC4)CC23)C1
C1CCC(CCC2CCC(CC3CCCCC3)CC2)CC1
C1CCC(CC2CC(CC3CCCC(C4CCCC4)C3)C3CCC(C4CCCCC4)CC23)CC1
C1CCC(CC2CCCC(C3CCCC(C4CCCCC4)C3)C2)CC1
C1CCC(CC2CCC(C3CCCCC3)CC2)CC1
C1CCC(C2CCC(C3CCCC(C4CCC(CCC5CC5)CC4)C3)C2)CC1
C1CCC(CCC2CCC(C3CCCCC3)CC2)CC1
C1CCC(CC2CCCC(C3CCC(CC4CCCCC4C4CCCC(CC5CCCCC5)C4)CC3)C2)CC1
C1CCC(CCC2CCC(CCCCC3CCCC(CC4CCCCC4)C3)CC2)CC1
C1CCC(CCC2CCC(C3CCCCC3CC3CCCCC3)CC2)CC1
C1CCC(CC2CC3CC(C4CCCCC4C4CCC5CCCCC5C4)CCC3C(C3CC3)C2)CC1
C1CCC(CC2CCCCC2C2CCCCC2)CC1
C1CCC2CC(C3CCC(CCC4CCC(CC5CCC6CCCCC65)CC4)C3)CC2C1
C1CCC(C2CC(C3CCC(CC4CCC(C5CCCC5)C4)CC3)C3CCCCC23)CC1
C1CCC(C2CCC(C3CCC(CCC4CCCC4)CC3)CC2)CC1
C1CCC(CC2CCCC(C3CCCCC3C3CCCC(C4CCCCC4)C3)C2)CC1
C1CCC(CCC2CCCC(C3CCCC(CC4CCCCC4)C3)C2)CC1
C1CCC(C2CCC(C3CCCC3)CC2)CC1
C1CCC(C2CCC(CCC3CCC(C4CCCCC4C4CCCCC4C4CCCCC4)CC3)C2)CC1
C1CCC(CCC2CCC(CC3CC(CC4CCCCC4)C4CCCCC34)CC2)CC1
C1CCC(C2CCCC(CC3CCCC3)C2)CC1
C1CCC(CCC2CCC(C3CCC3)CC2)CC1
C1CCC(CCC2CCCCC2CC2CCCCC2)CC1
C1CCC(CCC2CCC3CCCCC3C2)CC1
C1CCC(CC2CCCC(CCCCC3CCC(CC4CCCC(C5CCC5)C4)CC3)C2)CC1
C1CCC(CCC2CCC(C3CCCC(CC4CCCC4)C3)CC2)CC1
C1CCC(C2CCCC(CC3CCC(CCCC4CCC(C5CCCC5)CC4)CC3)C2)CC1
C1CCC(CCCCC2CC(CC3CCCCC3)CC(CC3CC3)C2)CC1
C1CCC(CC2CCCCC2C2CCC(C3CCCCC3)C2)CC1
C1CCC(CCC2CCCCC2CCCCC2CCCC(C3CCC3)C2)CC1
C1CCC(CCC2CCCCC2C2CC3CCCCC3C2)CC1
C1CCC(CC2CCCC(C3CCCCC3)C2)CC1
C1CCC(C2CCCC(CC3CCCCC3C3CCCCC3)C2)CC1
C1CCC(CC2CCC(CC3CCCCC3)CC2)CC1
C1CCC(CCCCC2CCC(CC3CCC(CCC4CCCCC4)CC3)CC2)CC1
C1CCC(CC2CCCCC2C2CCCCC2)CC1
C1CCC(CCC2CCCC(C3CCCCC3)C2)CC1
C1CCC(CCCC2CCC(CCC3CCC(C4CCCCC4)CC3)CC2)CC1
C1CCC(C2CCCC(C3CCCCC3)C2)CC1
C1CCC(CCCC2CCCC3CC(C4CCCCC4CC4CCCC4)CCC23)CC1
C1CCC(CCC2CC(CC3CC3)CCC2C2CCCCC2)CC1
C1CCC(CC2CCC(C3CCCCC3)CC2)CC1
C1CCC(CCCCCC2CCC(C3CCCCC3)CC2)CC1
C1CCC(CC2CC(C3CCCC(C4CCCCC4)C3)C3CCCCC23)CC1
C1CCC(CCCC2CCCCC2C2CCC(C3CCCCC3)CC2)CC1
C1CCC(C2CCCC(CC3CC(C4CCCCC4)C4CCCCC34)C2)CC1
C1CCC(CC2CCCC(C3CCC(C4CCC(C5CCCC5)CC4)CC3)C2)CC1
C1CCC(CCC2CCCC(C3CCCCC3)C2)CC1
C1CCC(C2CCC(C3CC(C4CCCCC4)C4CCCCC43)C(C3CCCCC3)C2)CC1
C1CCC(CC2CCC(CC3CCCCC3)CC2)CC1
C1CCC(CC2CCC(C3CCCCC3)CC2)CC1
C1CCC(C2CCC3C(C2)C(CCCC2CCCC(C4CCCC4)C2)CC3C2CCC3CCCC3C2)CC1
C1CCC(CC2CCCCC2C2CCC(C3CCC(C4CCC4)CC3)CC2)CC1
C1CCC(CCC2CC(C3CCC4CCCC4C3)CCC2CC2CCCCC2)CC1
C1CCC(CCCCC2CCCCC2CC2CC3CCCCC3C2)CC1
C1CCC(CCCC(CC2CC2)CC2CCC3C(CCC3C3CCCC3)C2)CC1
C1CCC(CC2CCC(C3CCCCC3CC3CCCCC3)CC2)CC1
C1CCC(CCCC2CCC(CC3CCCCC3)CC2)CC1
C1CCC(CCCC2CCC(CC3CCCCC3)CC2)CC1
C1CCC(CCC2CCCCC2CC2CCCCC2)CC1
C1CCC(CCC2CCC(CC3CCCC3)CC2C2CCCCC2)CC1
C1CCC(CC2CCCCC2C2CCCCC2C2CCC3CCCC3C2)CC1
C1CCC(CC2CCCC(CC3CCC(C4CCCC4)CC3)C2)CC1
C1CCC(C2CCCC(CC3CCC(CC4CC5CCCCC5C4)C3)C2)CC1
C1CCC(CC2CCC(C3CCCCC3)CC2)CC1
C1CCC(CCCC2CCC(CCC3CCCCC3)CC2)CC1
C1CCC(C2CCC(C3CCCC(CC4CCCC(C5CCCC5)C4)C3)CC2)CC1
C1CCC(C2CCCCC2C2CCCCC2)CC1
C1CCC(C2CCC(C3CCC(C4CCC5CC(C6CC6)CCC5C4)CC3)CC2)CC1
C1CCC(CCC(CC2CCCCC2)C2CCC(CC3CCCCC3)CC2)CC1
C1CCC(C2CC(C3CCCCC3)CC(C3CCCCC3)C2)CC1
C1CCC(CCCC2CC(C3CCCCC3C3CCC4CCCCC4C3)C3CCCCC23)CC1
C1CCC(CCC2CCCC(C3CCCCC3)C2)CC1
C1CCC(C2CCC(C3CCC(CC4CC5CCCCC5C4)CC3)CC2)CC1
C1CCC(C2CCC(C3CCCCC3)CC2)CC1
C(CCC1CCC(C2CCCCC2)CC1)CCC1CCC(C2CCCC2)CC1
C1CCC(C2CCC(C3CCCC(C4CCCCC4)C3)CC2)CC1
C1CCC(CCC2CCC(C3CCCCC3)CC2)CC1
C1CCC(C2CCCCC2)CC1
C1CCC(CCC2CCC(CCCC3CC(C4CCCCC4)CC(C4CCCC4)C3)CC2)CC1
C1CCC(CC2CCCCC2CC2CCCCC2)CC1
C1CCC(CC2CCC(CC(C3CCCCC3)C3CCCCC3C3CCCC3)CC2)CC1
C1CCC(C2CCCCC2)CC1
C1CCC(CCCC2CCC(CC3CCC(CC4CCCCC4)CC3)CC2)CC1
C1CCC(CC2CCCCC2CC2CCCCC2)CC1
C1CCC(C2CCCC(CCC3CCC4CC(C5CCC6CCCCC65)CC(C5CCCCC5)C4C3)C2)CC1
C1CCC(CC2CCC(C3CCC(C4CCCCC4)CC3)CC2)CC1
C1CCC(CC2CCC(C3CCC(C4CCCCC4)C(C4CCCC4)C3)C2)CC1
C1CCC(CC2CCCCC2C2CCC3CCCCC3C2)CC1
C1CCC(CCC2CCCCC2CC2CCCCC2)CC1
C1CCC(CC2CCCCC2C2CCC(C3CCC4CCCCC43)CC2)CC1
C1CCC(CC2CCC3CCCC(C4CCCCC4)C3C2)CC1
C1CCC(C2CCC(C(CC3CCCC3)C3CCCCC3)CC2)CC1
C1CCC(CC2CCCC(C3CCCCC3CC3CCCCC3)C2)CC1
C1CCC(CC2CCC(C3CCC(C4CCCCC4)CC3)CC2)CC1
C1CCC(C2CCCC(CCC3CCC4CC(C5CCCCC5)CCC34)C2)CC1
C1CC(CC2CC3CCCCC3C2)CC(C2CCC(C3CC4CCCCC4C3)CC2)C1
C1CCC(CC2CCCCC2CC2CCC(CC3CC4CCCCC4C3)C2)CC1
C1CCC(CC2CCCC(CCC3CCC(CC4CCCCC4)C3)C2)CC1
C1CCC(CCCCC2CCCCC2)CC1
C1CCC(CC2CCC(CCCCC3CCC(C4CCCCC4)CC3)CC2)CC1
C1CCC(C2CC(C3CCC4CCCCC43)CC3CCCCC32)CC1
C1CCC(C2CC(C3CCCC3)CC(C3CCCCC3)C2C2CCCCC2)CC1
C1CCC(C2CCC3CC(C4CCCCC4C4CCCCC4)CC(C4CCCCC4)C3C2)CC1
C1CCC(CC2CC(C3CCC(CC4CC5CCCCC5C4)CC3)C3CCCCC23)CC1
C1CCC(CCCC2CCC(C3CCCC(CC4CCCCC4CC4CCCCC4)C3)CC2)CC1
C1CCC(C2CCCC(C3CCCC(C4CCCCC4)C3)C2)CC1
C1CCC(CCC2CCCC(C3CCCCC3)C2)CC1
C1CCC(C2CCCC(CC3CCC(C4CCC5CCCCC54)CC3)C2)CC1
C1CCC(C2CCC(C3CCC(C4CCCC(C5CCCC5)C4)CC3)CC2)CC1
C1CCC(CCCCC2CCC(CC3CCC(C4CCCC4)CC3)CC2)C1
C1CCC(CCCC2CCC(CC3CCCCC3)CC2)CC1
C1CCC(C2CCC(CCCC3CCCC(C4CCCC4)C3)CC2)CC1
C1CCC(CC2CCCC(C3CCC(CCC4CC5CCCCC5C4)CC3)C2)CC1
C1CCC(CC2CCC(C3CCCC(C4CCC4)C3)C(C3CCCC(C4CCCCC4)C3)C2)CC1
C1CCC(C2CCC(C3CCC(C4CCCCC4CC4CCCCC4C4CCCC4)CC3)CC2)CC1
C1CCC(CCC2CCCC(CC3CCCCC3)C2)CC1
C1CCC(C2CCC(C3CCCCC3)C(C3CCCCC3)C2)CC1
C1CCC(CCC2CCC(CC3CCC(C4CCCCC4)CC3)CC2)CC1
C1CCC(CC2CCC(C3CC(C4CCCCC4)CC(C4CCC4)C3)CC2)CC1
C1CCC(CC2CCC(CC3CCCCC3)CC2)CC1
C1CCC(CCCCC2CCCC3CCCCC23)CC1
C1CCC(C2CCC(CC3CCCC(C4CCCCC4)C3)CC2)CC1
C1CCC(C2CCC3C(CCC3C3CCCC(CCCC4CCCCC4C4CCCCC4)C3)C2)CC1
C1CCC(CCC2CCCCC2C2CCCCC2CC2CC3CCCCC3C2)CC1
C1CCC(CCC2CCC(CCC3CCCCC3)C(CCC3CCCC(C4CCCCC4)C3)C2)CC1
C1CCC(CCC2CCCCC2CC2CCCCC2)CC1
C1CCC(CCCCCC2CCC3CCCC(C4CCCCC4)C3C2)CC1
C1CCC(CC2CCC(C3CCCCC3CC3CCCCC3)CC2)CC1
C1CCC(CCC2CCC(C3CCCCC3)CC2)CC1
C1CCC(CCCC2CC(CC3CCCCC3)CC(CCC3CCCCC3)C2CCC2CC2)CC1
C1CCC(CCC2CC(C3CCCCC3)CC(C3CCCCC3)C2)CC1
C1CCC(CC2CCCC(C3CC(C4CCCC4)CC(C4CCC4)C3)C2)CC1
C1CCC(CCCCC2CCC(C3CCCC(CC4CCCCC4)C3)CC2)CC1
C1CCC(CC2CC(C3CC(C4CCCCC4)C4CCCCC43)C3CCCCC23)CC1
C1CCC(CC2CCCC(CC3CCC(C4CCCC4)CC3)C2)CC1
C1CCC(CCC2CCC(C3CCCCC3)CC2)CC1
C1CCC(C2CCCC(C(C3CCCCC3)C3CCCCC3)C2)CC1
C1CCC(CCC2CCCC(CC3CCCCC3)C2)CC1
C1CCC(CCCCCC2CCC(CC3CCC(CC4CCCCC4)CC3)CC2)CC1
C1CCC(CCC2CCCC(CC3CCCC(C4CCCC4)C3)C2)CC1
C1CCC(CC2CCCCC2C2CCCCC2)CC1
C1CCC(CCCC2CCC(CC3CCC(CCC4CCCCC4)CC3)CC2)CC1
C1CCC(CC2CCC(C3CCC(C4CCCCC4)CC3)C2)CC1
C1CCC(CC2CCC(C3CCC(C4CC5CCCCC5C4)CC3)CC2)CC1
C1CCC(CC2CCCC(CC(CC3CCC3)CC3CCCCC3CC3CCCCC3)C2)CC1
C1CCC(CCC2CCC(CCC3CCCCC3)CC2)CC1
C1CCC(C2CCC(C3CCCC(C4CCCC4)C3)C(C3CCCC3)C2)CC1
C1CCC(C(CCC2CC2)CCC2CCCCC2C2CCC(C3CCC4CCCCC43)CC2)CC1
C1CCC(CC2CCC3C(CCCC3C3CCCC(C4CCCCC4)C3)C2)CC1
C(CCC1CCCC(C2CCC3CCCC3C2)C1)CC1CCC1
C1CCC(CCC2CCC(C3CCCCC3C3CCC4CCCCC4C3)CC2)CC1
C1CCC(CCCC2CCC(CC3CCCCC3)CC2)CC1
C1CCC(C2CC(C3CCCCC3)CC(C3CCCC(C4CCCC4)C3)C2)CC1
C1CCC(C2CC3CCCCC3C(C3CCCCC3)C2)CC1
C1CCC(C2CCCC(C3CCCC(CC4CCC5CCCC5C4)C3)C2)CC1
C1CCC(C2CCCC(CC3CC(CCC4CCC5CCCCC54)C4CC(C5CCCCC5)CCC34)C2)CC1
C1CCC(CC2CC(C3CCCC3)CC(C3CCCC(CC4CCCC4)C3)C2)CC1
C1CCC(CCCCCC2CCC(C3CCCCC3)CC2)CC1
C1CCC(CCC2CC(CC3CCCC3)C3CCC(C4CCCCC4)CC23)CC1
C1CCC(C2CCCC(CCCC3CCCCC3C3CCC(C4CCCC4)CC3)C2)CC1
C1CCC(CCC2CCC(C3CCCCC3)CC2)CC1
C1CCC(CCCC2CCC(CC3CCCCC3)CC2)CC1
C1CCC(CC2CCC(C3CCCCC3C3CCCCC3)CC2)CC1
C1CCC(CCCC2CCCC(CC3CCCC(CCC4CCCCC4)C3)C2)CC1
C1CCC(C2CCC(CC3CCCC(C4CCC4)C3)CC2)C1
C1CCC(C2CCCCC2C2CCCCC2)CC1
C1CCC(CC2CCCC(CC3CCCCC3)C2)CC1
C1CCC(C2CCC(C3CCC4CCCCC4C3)C(C3CCC4CCCC4C3)C2)CC1
C1CCC(CC2CCCC(CC3CCCC(C4CCC(CC5CC6CCCCC6C5)CC4)C3)C2)CC1
C1CCC(C2CCC3C(CCC3C3CCCCC3)C2)CC1
C1CCC2CC(C3CCC4CCCCC4C3)CCC2C1
C1CCC(CCC2CCCC(CC3CCCCC3)C2)CC1
C1CCC(CCCC2CCC(C3CCCC(C4CCCCC4)C3)CC2)CC1
C1CCC(C2CCCC(C3CCCCC3C3CCCCC3)C2)CC1
C1CCC(CC2CCC(C3CCCCC3C3CCC(C4CCCCC4)CC3)CC2)CC1
C1CCC(CC2CCCC(C3CCCCC3)C2)CC1
C1CCC(CCC2CCCC(CC3CCCC(C4CCCCC4)C3)C2)CC1
C1CCC(CCCC2CCCCC2)CC1
C1CCC(CCCC2CCC(C3CCCCC3)CC2)CC1
C1CCC(C2CCC(CCC3CCC(CC4CCCCC4C4CCCC4)CC3)CC2)CC1
C1CCC(CCCC2CCCC(CCC3CCC(C4CCCCC4)CC3)C2)CC1
C1CCC(CCC2CCC(C3CCCCC3)CC2)CC1
C1CCC(C2CC(CC3CC4CCCCC4C3)CC(C3CCC3)C2)CC1
C1CCC(C2CCC(C3CCCC(CCC4CCCC4)C3)CC2)CC1
C1CCC(C2CCC(CCCC3CCC(CCC4CCCC(C5CCCCC5)C4)CC3)CC2)CC1
C1CCC(CC2CCC(CC3CC3)CC2CCCC2CCCC(C3CCC4CCCCC4C3)C2)CC1
C1CCC(CCC2CCCC(C3CC4CCCCC4C3)C2)CC1
C1CCC(C2CCCCC2)CC1
C1CCC(CCCC2CCCC(CCC3CCCCC3)C2CCC2CCCCC2)CC1
C1CCC(CCCC2CCC(C3CCC(C4CC5CCCCC5C4)CC3)CC2)CC1
C1CCC(C2CCCC(CC3CCC(C4CCCCC4)C3)C2)CC1
C1CCC(CCC2CCCCC2C2CCCC(C3CCCCC3C3CCCC3)C2)CC1
C1CCC(C2CCC(CC3CCC(C4CCCCC4)CC3)CC2)CC1
C1CCC(CCC2CCC(CC3CCCCC3)CC2)CC1
C1CCC(CC2CCC(C3CCC4CC(C5CCC6CCCCC65)CC(C5CCCCC5)C4C3)C2)CC1
C1CCC(CC2CCC(CC3CCC(CCCC4CCCC4)CC3)CC2)CC1
C1CCC(CC2CCCC(CC3CCCCC3C3CCCC(C4CCCCC4)C3)C2)CC1
C1CCC(CC2CCC(CC3CCC(C4CCCC(CC5CCCCC5)C4)CC3)CC2)CC1
C1CCC(C2CCC(CC3CCC3)CC2)CC1
C1CCC(CC2CCCC(C3CCCCC3)C2)CC1
C1CCC(CCCC2CCC(C3CCC3)CC2)CC1
C1CCC(CC2CCC(CC3CCC(CC4CCCCC4)C(C4CCCCC4)C3)C2)CC1
C1CCC(CC2CC(CC3CCCC(C4CCC(C5CCCCC5)CC4)C3)C3CCCCC23)CC1
C1CCC(CCC2CCC(CCCC3CCC(C4CCCCC4)C3)CC2)CC1
C1CCC(CCC2CCCC(CC3CC4CCCCC4C3)C2)CC1
C1CCC(CC2CCCC(CC3CCC(C4CCCC4)CC3)C2)CC1
C1CCC(CCC2CCC(C3CCC4CCCC4C3)CC2)CC1
C1CCC(CCC2CCCC(C3CCCC(C4CCCCC4)C3)C2)CC1
C1CCC(CCC2CC(CCC3CCCCC3)C3CCCCC23)CC1
C1CCC(CCC2CCC(CCCCCC3CCCCC3CC3CCCCC3)CC2)CC1
C(CCCC1CCC(CC2CCC(CCCC3CCCCC3)CC2)CC1)CCC1CCCCC1
C1CCC(CC2CCC(CC3CCCCC3)CC2)CC1
C1CCC(CCC2CCCC(CC3CCCCC3)C2)CC1
C1CCC(CC2CCC3CC(CC4CCCC4)CC(C4CCCCC4)C3C2)CC1
C1CCC2CC(CCC3CCC(C4CCC(C5CCCCC5C5CCCC5)CC4)CC3)CCC2C1
C1CCC(C2CCC(C3CCC(CCCC4CC5CCCCC5C4)C(C4CCCC4)C3)CC2)CC1
C1CCC(C2CCC(CCC3CCC(C4CCCCC4)CC3)CC2)CC1
C1CCC(C2CCCC(C3CCCC(C4CCCCC4)C3)C2)CC1
C1CCC(C2CCC3C(CCC3C3CCCC(CC4CCCCC4C4CCCC4)C3)C2)CC1
C1CCC(C2CC(CCC3CCCC(C4CCCC(CC5CC5)C4)C3)C3CCCCC32)CC1
C1CCC(CC2CCC(C3CCCC(C4CCCCC4)C3)CC2)CC1
C1CCC(CC2CCC(C3CCCC(C4CCC(CC5CCCCC5)CC4)C3)CC2)CC1
C1CCC(C2CCCCC2CCCC2CCCC3CCCCC32)CC1
C1CCC(CCCCC2CCC(C3CCCC(CC4CCCCC4)C3)CC2)CC1
C1CCC(CC2CCC(C3CCCCC3)CC2)CC1
C1CCC(CC2CCCC(C3CCCC(C4CCCCC4)C3)C2)CC1
C1CCC(CCC2CC(C3CCCCC3)C3CC(CC4CCCCC4CCCC4CCCC4)CCC23)CC1
C1CCC(CCCC2CCC(CCC3CCCC3)CC2)CC1
C1CCC(CCC2CCC(C3CCCCC3CC3CCCCC3)CC2)CC1
C1CCC(CCCC2CCCC(CC3CCCCC3)C2)CC1
C1CCC(C2CCCC(CCC3CCC(C4CC4)CC3)C2)CC1
C1CCC(C2CCCC(C3CCC(C4CCC5CCCCC54)CC3)C2)CC1
C1CCC(CCC2CCC(C3CC4CCCCC4C3)CC2)CC1
C1CCC(CCCC2CCC3CCCC(C4CCCCC4)C3C2)CC1
C1CCC(CC2CCC(C(CC3CCCCC3)CC3CCCC(C4CC4)C3)CC2)CC1
C1CCC(CC2CC(C3CCCCC3)CC(C3CCCC3)C2)CC1
C1CCC(CCC2CCC(C3CCCC(C4CCCCC4)C3)CC2)CC1
C1CCC(CC2CCC(C3CC(C4CCCCC4)C3)CC2)CC1
C1CCC(CC2CCCC(CC3CCCCC3)C2)CC1
C1CCC(C2CCC(C3CCCCC3)C(C3CCCCC3)C2)CC1
C1CCC(CCCC2CCC(CC3CCC(CCC4CCCCC4)CC3)CC2)CC1
C1CCC(CC2CCC(C3CCCCC3)CC2)CC1
C1CCC(C2CCC(CC3CCC(C4CCCC(C5CCCCC5)C4)CC3)CC2)CC1
C1CCC(C2CCCC(C3CCCC(C4CCCCC4)C3)C2)CC1
C1CCC(CC2CCC(CC3CCC(C4CCCCC4)CC3)CC2)CC1
C1CCC(CCC2CCC(C3CCC(CCCC4CCC(C5CCCCC5)C4)CC3)CC2)CC1
C1CCC(CCCC2CCCCC2CCC2CCCCC2C2CCCCC2)CC1
C1CCC(C2CCC3C(C4CCCCC4)CC(C4CCCCC4)C3C2)CC1
C1CC(C2CCCC(CC3CC(C4CCCC(C5CC5)C4)C4CCCCC34)C2)C1
C1CCC(CC2CCC(CCC3CCC(C4CCCC4)CC3)CC2)CC1
C1CCC(CC2CCC(CCCC3CCCC(C4CCCCC4)C3)CC2)CC1
C1CCC(CCCC2CCCC(C3CCCCC3)C2)CC1
C1CCC(CC(C2CCCCC2)C2CCCC(CC3CCC4CCCC4C3)C2)CC1
C1CCC(CCC2CCC(CCC3CCCCC3)CC2)CC1
C1CCC(CCCCC2CCC(C3CCCC3)CC2)CC1
C1CCC(C2CCCCC2CC2CCC(C3CCCCC3C3CCC4CCCC4C3)CC2)CC1
C1CCC(CCCCCC2CCC(C3CCCCC3)CC2)CC1
C1CCC(C2CCC(CCC(CC3CCC3)C3CCCCC3)CC2)CC1
C1CCC(C2CCCC(CCC3CC(C4CCCCC4)CCC3C3CCCCC3)C2)CC1
C1CCC(C2CCC(CC3CCC(CC4CCC(C5CCCCC5)CC4)CC3)CC2)CC1
C1CCC(CCC2CCC3C(C2)C(CC2CCCCC2)CC3C2CCCCC2CC2CCCCC2)CC1
C1CCC(C2CCCC(C3CCCC(CC4CCC(CC5CCCC5)CC4)C3)C2)CC1
C1CCC(CCC2CCC(C3CCCC(C4CCCCC4)C3)CC2)CC1
C1CCC(CCC2CCC(C3CC(C4CCCCC4)C4CCCCC34)CC2)CC1
C1CCC(CCC2CCCCC2C2CCCCC2)CC1
C1CCC(CCC2CCC(C3CCC(CC4CCCCC4)CC3)CC2)CC1
C1CCC(CCCC2CCCC(CCC3CCCCC3)C2)CC1
C1CCC(CC2CCCCC2C2CC(C3CCCCC3)CC(C3CC3)C2)CC1
C1CCC(C2CCC(C3CCC(CC4CCC(C5CCCC5)CC4)CC3)CC2)CC1
C1CCC(CC2CCCCC2C2CCCCC2)CC1
C1CCC(CC2CCCCC2CC2CCC3CCCC3C2)CC1
C1CCC(C2CCCC(C3CCCCC3)C2)CC1
C1CCC(CC2CCC(C3CCCC3)CC2C2CCC(CCC3CC4CCCCC43)CC2)CC1
C1CCC(C2CCC(CC3CCC(CC4CCCC(C5CCCCC5)C4)CC3)CC2)CC1
C1CCC(C2CCC(CCCCC3CCC(C4CCCCC4)CC3)CC2)CC1
C1CCC(CCC2CCCC(C3CCC4CCCC4C3)C2)CC1
C1CCC(C2CCC3CC(C4CCCC(CC5CCCC5)C4)CCC3C2)CC1
C1CCC(CCCC2CCCC(C3CCCC(CC4CCCCC4)C3)C2)CC1
C1CCC(CC2CCCC(CC3CCC(C4CCCCC4)CC3)C2)CC1
C1CCC(C2CCCCC2CC2CCC(C3CCC4CCCCC43)CC2)CC1
C1CCC(CC2CCC(C3CCCC(C4CCC(C5CCC(C6CCCC6)CC5)CC4)C3)CC2)CC1
C1CCC(C2CCCC(C3CCCCC3)C2)CC1
C1CCC(CCC2CCCC(CC3CCCC(C4CCCCC4)C3)C2)CC1
C1CCC(CCC2CCC(C3CCCC(C4CCC4)C3)CC2)CC1
C1CCC(C2CCCC(CC3CC(C4CCCC4)C4CCCCC34)C2)CC1
C1CCC(CCC2CCC(CCCC3CCCC(C4CCCCC4)C3)CC2)CC1
C1CCC(CC2CCC(CC3CCC(C4CCCCC4)CC3)CC2)CC1
C1CCC(C2CCCC(C3CCC(CC4CCCC4)CC3)C2)CC1
C1CCC(C2CCC3C(CCCC3C3CCCCC3)C2)CC1
C1CCC(CCC2CCC(CCC3CCCCC3)CC2)CC1
C1CCC(C2CCC(CC3CCCCC3C3CCCCC3)CC2)CC1
C1CCC(CCC2CCC(CCC3CCCCC3CC3CCCCC3)CC2)CC1
C1CCC(CCCC2CCC(C3CCCCC3)CC2C2CCCCC2)CC1
C1CCC(CCC2CC(CC3CC4CCCCC4C3)CC(C3CCC4CCCCC43)C2)CC1
C1CCC(CC2CCCC(CC3CCCCC3C3CCC(C4CCC5CCCCC5C4)CC3)C2)CC1
C1CCC(CCCC2CCCCC2C2CCCC(CCC3CCCCC3)C2)CC1
C1CCC(CCC2CCC(C3CCCCC3)CC2C2CCCCC2)CC1
C1CCC(CC2CC(CC3CCCCC3C3CCCCC3)C3CCCCC23)CC1
C1CCC(CC2CCC(C3CCCC(C4CCCCC4)C3)CC2)CC1
C1CCC(CC2CCC3CC(C4CCC5CCCCC54)CC(C4CCCCC4)C3C2)CC1
C1CCC(C2CCCC(CC3CC4CCCCC4C3)C2)CC1
C1CCC(CCC2CCCCC2C2CCCCC2C2CCCCC2)CC1
C1CCC(CCCC2CCC(C3CCCC3)CC2)CC1
C1CCC(CC2CCC(C3CCCCC3)CC2)CC1
C1CCC(CC2CCCC(C3CCCCC3)C2)CC1
C1CCC(CC(C2CCCCC2)C2CCCCC2CC2CCCC2)CC1
C1CCC(CCC2CCC(C3CCCC4CCCCC43)CC2)CC1
C1CCC(C2CCC(CCCC3CCCC3)CC2)CC1
C1CCC(C2CCC(CCCC3CCC(C45CC(C4)C5)CC3)CC2)CC1
C1CCC(CC2CCCC(CC3CCC(C4CCCCC4)CC3)C2)CC1
C1CCC(CC2CCCC(C3CCC(C4CCC5CCCCC54)CC3)C2)CC1
C1CCC(C2CC(CCC3CCCC(CC4CCCCC4C4CCCCC4)C3)CC(C3CC3)C2)CC1
C1CCC(CC2CCC(CC3CCC(C4CCCCC4)CC3)CC2)CC1
C1CCC(CCCC2CCC3C(CC4CCCCC4)CCC3C2)CC1
C1CCC(CC2CCC(CCCCC3CCC(CC4CC5CCCCC5C4)C3)CC2)CC1
C1CCC(C2CCC(C3CCCC(C4CCCCC4)C3)CC2)CC1
C1CCC(CC2CCC(C3CCC(C4CCCCC4)CC3)CC2)CC1
C1CCC(CCC2CCC(C3CCCC(CC4CCCCC4)C3)CC2)CC1
C1CCC(CCCCC2CCCC(CC3CCCC(C4CCC4)C3)C2)CC1
C1CCC(CCC2CCC(C3CCCCC3)CC2)CC1
C1CCC(C2CCCCC2C2CCCC(C3CCCCC3C3CCCCC3)C2)CC1
C1CCC(C2CCC(CC3CCC(C4CCCC(C5CCC(C6CC6)CC5)C4)CC3)CC2)CC1
C1CCC(C2CCCC(C3CCCCC3C3CCCCC3)C2)CC1
C1CCC(CC2CC(C3CCCCC3)CC(C3CCC3)C2)CC1
C(CCC1CCCC1)CCC1CCCC(CC2CCC3C(CCC3C3CCCCC3)C2)C1
C1CCC(C2CCCCC2CCC2CCC3CCCCC3C2)CC1
C1CCC(C2CCCCC2C2CCCC(CC3CCCC(C4CC4)C3)C2)CC1
C1CCC(CCCCC2CCC(C3CCCC(C4CCCCC4)C3)CC2)CC1
C1CCC(CC2CCCCC2C2CCC3CCCCC32)CC1
C1CCC(C2CCCC(CC3CCC(CC4CCCC(C5CCCC5)C4)CC3)C2)CC1
C1CCC(CC2CCCCC2CCC2CCCC(C3CCCCC3)C2)CC1
C1CCC(CCC2CCCC(C3CCCC(CC4CCCCC4)C3)C2)CC1
C1CCC(CC2CCCC(C3CC(C4CCCCC4)C4CCCCC34)C2)CC1
C1CCC(CC2CCC(CCC3CC4CCCCC4C3)CC2)CC1
C1CCC(CCC2CCC(CC3CCC(CC4CC5CCCCC5C4)CC3)CC2)CC1
C1CCC(CC2CCC(C3CCCCC3)CC2)CC1
C1CCC(C2CCCCC2C2CCC(CCC3CC4CCCCC4C3)C2)CC1
C1CCC(CCCC2CCC(CCC3CCCCC3)CC2)CC1
C1CCC(CCC2CCCC(CC3CCCCC3)C2)CC1
C1CCC(CC2CCC(C3CCCC(C4CCCCC4)C3)CC2)CC1
C1CCC(CCC2CCC3CC(C4CCC(C5CCCCC5)CC4C4CCCCC4)CCC23)CC1
C1CCC(C2CCCC(C3CCCCC3)C2)CC1
C1CCC(CC2CCCC(CCC3CCCCC3C3CCC(C4CCCCC4)CC3)C2)CC1
C1CCC(CCCCC2CCC(CCCC3CCC4CCCCC4C3)CC2)CC1
C1CCC(CC2CCC(C3CCCCC3)CC2)CC1
C1CCC(CC2CCCC(CC3CCCCC3)C2)CC1
C1CCC(CC2CCC(C3CCCCC3)CC2)CC1
C1CCC(CC2CCC(CCCCC(CC3CCCCC3)C3CCC3)CC2)CC1
C1CCC(C2CCC(C3CCCCC3)CC2)CC1
C1CCC(CCCCCC2CCCC(CCC3CCC(C4CCCCC4)CC3)C2)CC1
C1CCC(C2CCCCC2C2CCCCC2)CC1
C1CCC(C2CCCC(CCC3CCCC(CC4CC5CCCCC5C4)C3)C2)CC1
C1CCC(CCCC2CCCC(CCCC3CCC(CC4CCCCC4)CC3)C2)CC1
C1CCC(C2CC(C3CCC4CCCCC43)CC3CCCCC32)CC1
C1CCC(CC2CCCC(CCC3CCCC(C4CC5CCCCC5C4)C3)C2)C1
C1CCC(C2CCC(CC3CCC(C4CCCCC4)CC3)CC2)CC1
C1CCC(C2CCC(C3CCCCC3)CC2)CC1
C1CCC2CC(CCC3CCCC(C4CC5CCCCC5C4)C3)CCC2C1
C1CCC(C2CC(C3CCCCC3)CC(C3CCCC3)C2)CC1
C1CCC(CC2CCC(C3CCCCC3)CC2)CC1
C1CCC(CCC2CC(CC3CCCCC3)CCC2C2CCCCC2)CC1
C1CCC(C2CCC(C(C3CCCCC3)C3CCCCC3)CC2C2CCCC2)CC1
C1CCC(CC2CCC(C3CC4CCCCC4C3)C(C3CCC4CCCC4C3)C2)C1
C1CCC(CC2CCC(CC3CCCCC3)CC2)CC1
C1CCC(CC2CCCC(C3CCC4CCCCC43)C2)CC1
C1CCC(CCC2CCCC(CC3CCCCC3)C2)CC1
C1CCC(CCCC2CCC3CC(CC4CCC(C5CCCC(C6CCC(C7CCC7)CC6)C5)CC4)CCC23)CC1
C1CCC(CC2CCC(C3CCC(C4CCCC4)CC3)CC2)CC1
C1CCC(CCC2CCC(C3CCCCC3C3CCC4CCCC4C3)CC2)CC1
C1CCC2CC(CC3CCC(C4CCCC(C5CCCC5)C4)CC3)CCC2C1
C1CCC(CC2CCCC(CC3CCCCC3)C2)CC1
C1CC(C2CCC(C3CCCC(CC4CCC(C5CCCC6CCCCC65)CC4)C3)CC2)C1
C1CCC(CC2CCC(CC3CCC(C4CCCCC4)CC3)CC2)CC1
C1CCC(CC2CC(C3CCCCC3CC3CCCCC3)C3CCCCC23)CC1
C1CCC(CCC2CCCC(C3CCCC(C4CCCCC4)C3)C2)CC1
C1CCC(C2CCCC(C3CC(CC4CC4)CC(C4CCCCC4C4CCCC4)C3)C2)CC1
C1CCC(CC2CCCC(CC3CCCCC3)C2)CC1
C1CCC(C2CCCC(C3CCC(C4CCC(C5CCCC5)CC4)C3)C2)CC1
C1CCC(CC2CCC(C3CC4CCCCC4C3)CC2C2CCCCC2)CC1
C1CCC(CCCC2CCC(CC3CCC(CC4CCCCC4)CC3)CC2)CC1
C1CCC(CCC2CCCCC2CCC2CCC(C3CCCCC3)CC2)CC1
C1CCC(C2CCCC(C3CCCCC3)C2)CC1
C1CCC(C2CCCC(C3CCCCC3C3CC3)C2)CC1
C1CCC(C2CCCC(C3CCC(C4CC(C5CCCC5)C5CCCCC45)CC3)C2)CC1
C1CCC(CC2CCCCC2CCCC2CC3CCCCC3C2)CC1
C1CCC(CCC2CCC(CC3CCC(CC4CCC5CCCCC54)CC3)CC2)CC1
C1CCC(C2CCC(C3CCCCC3)CC2)CC1
C1CCC(CCCC2CCC(C3CCCCC3)CC2)CC1
C1CCC(C2CCC(C3CCCCC3C3CCC3)C(C3CCCCC3)C2)CC1
C1CCC(C2CCCC(CCCC3CCCCC3C3CCC4CCCC4C3)C2)CC1
C1CCC(C2CCCC(C(CCCC3CCC4CCCCC4C3)C3CCCCC3)C2)CC1
C1CCC(CCC2CCC3C(CCCC3C3CCCC(CC4CCC5CCCCC5C4)C3)C2)CC1
C1CCC(CC2CCC(CCC3CCC(CC4CCCCC4)C(CC4CCCCC4)C3)CC2)CC1
C1CCC(CCCC2CCC(C3CCCCC3)CC2)CC1
C1CCC(CC2CCCC(CC3CCCC(C4CCCCC4)C3)C2)CC1
C1CCC(CCC2CC(CC3CC3)CC(C3CCCCC3)C2)CC1
C1CCC(CC2CCC(CCC3CCC4C(CCC4C4CCCCC4)C3)CC2)CC1
C1CCC(CC2CCC(CC3CCCCC3)CC2)CC1
C1CCC(CC2CCCCC2C2CCC3C(CC4CCCCC4C4CCCC4)CCCC3C2)CC1
C1CCC(CC2CCC(C3CCCCC3C3CCCC3)CC2)CC1
C1CCC(C2CCCCC2C2CCC(C3CC3)CC2C2CCC(C3CCCC(C4CCC4)C3)CC2)CC1
C1CCC(C2CCCC(C3CCC(CC4CCC(C5CCC5)CC4)CC3)C2)CC1
C1CCC(CC2CCC(CC3CC(CC4CCCCC4)C4CCCCC34)CC2)CC1
C1CCC(C2CC(CC3CCC(C4CCCC4)CC3)CC3CCCCC32)CC1
C1CCC(CCCCC2CCC(CCC3CCCC(CC4CCCCC4)C3)CC2)CC1
C1CCC(CC2CCCCC2C2CCC3C(CCC3C3CCCCC3)C2)CC1
C1CCC(CC2CCCC(C3CCCCC3)C2)CC1
C1CCC(CC2CCCC(C3CCCC(C4CCCC(C5CCCCC5)C4)C3)C2)CC1
C1CCC(CC2CC(C3CC(C4CCCCC4)CC(C4CCC4)C3)C3CCCCC23)CC1
C1CCC(CCC2CCCC(C3CCCC(CC4CCCCC4)C3)C2)CC1
C1CCC(CC2CCC(CC3CCC(C4CCCCC4)CC3)CC2)CC1
C1CCC(CCC2CCCC(C3CCCC(CC4CCCCC4)C3)C2)CC1
C1CCC(CCC2CCC(CC3CCCCC3)CC2)CC1
C1CCC(CC2CCC(CC3CCCCC3)C(CC3CCCCC3)C2)CC1
C1CCC(CCC2CCC(C3CCC4C(CC5CCCCC5)CCCC4C3)CC2)CC1
C1CCC(C2CCC(C(C3CCCCC3)(C3CCCC3)C3CC3)CC2)CC1
C1CCC(CCCC2CCC(CC3CCCCC3)CC2)CC1
C1CCC(CCCC2CCCC(C3CCCC(CC4CCCC4)C3)C2)CC1
C1CCC(CCCC(CCC2CCCCC2C2CCCCC2)C2CCCCC2)CC1
C1CCC(C2CCCC(CC3CCC(CCCC4CCC5CCCC5C4)CC3)C2)CC1
C1CCC(CCCCC2CCCC(CC3CCCCC3CCC3CCCCC3)C2)CC1
C1CCC(CCC2CCCCC2C2CCCCC2)CC1
C1CCC(C2CCCCC2C2CCCC(C(C3CCCCC3)C3CCCCC3)C2)CC1
C1CCC(CC2CCC(C3CCC(C4CCCCC4)CC3)CC2)CC1
C1CCC(C2CCC(CC3CCC(CC4CCCC4)CC3)CC2)CC1
C1CCC(CCCCCC2CC(C3CCC4CCCCC43)CC3CCC(C4CCCCC4)CC23)CC1
C1CCC(C2CC(C3CCC4CCCCC43)CC3CCC(C4CCCC4)CC32)CC1
C1CCC(C2CCCC(C3CCCC(C4CCCC(CCC5CCCC5)C4)C3)C2)CC1
C1CCC(C2CC(CC3CCC4CCCCC43)CC3CCCCC32)CC1
C1CCC(CC2CCC(CC3CCCC(C4CCCCC4)C3)CC2)CC1
C1CCC(C2CCC(CC3CCCC(C4CCCC(C5CCC5)C4C4CCCCC4)C3)CC2)CC1
C1CCC(C2CCCC(C3CCC(CCCCC4CC5CCCCC5C4)CC3)C2)CC1
C1CCC(CCCC(C2CCC(C3CCCCC3)CC2)C2CC2)CC1
C1CCC(C2CCC(CC3CCCC(C4CCCC(C5CCC5)C4)C3)CC2)C1
C1CCC(CC2CCC(CC3CCCC3C3CCC4CCCCC4C3)CC2)CC1
C1CCC(CC2CCC(C3CC4CCCCC4C(C4CCCC4)C3)CC2)CC1
C1CCC(C2CC3CCC(CC4CCC5CCCCC54)CC3C(C3CCCCC3)C2)CC1
C1CCC(C2CCCCC2CC(C2CCCCC2)C2CCCCC2)CC1
C1CCC(CC(C2CCCC(C3CCCCC3)C2)C2CCCC(C3CCCC3)C2)CC1
C1CCC(CCCC2CCCC(C3CCCC(CC(C4CCCCC4)C4CCCCC4)C3)C2)CC1
C1CCC(CCCCCC2CCC(CC3CCCCC3)CC2)CC1
C1CCC(CC2CCC(CCC3CCC(C4CCCCC4)CC3)CC2)CC1
C1CCC(CCCC2CCC(CCC3CCCCC3)CC2)CC1
C1CCC(C2CCC(C3CCCCC3)CC2)CC1
C1CCC(CCC2CCC(C3CCC(C4CCCCC4C4CCCC4)CC3)CC2)CC1
C1CCC(CC2CCCC(C3CCCC(C4CCCCC4)C3)C2)CC1
C1CCC(CCC2CCCC(C3CCCC(CC4CCCCC4)C3)C2)CC1
C1CCC(CCC2CCC(C3CCCCC3)C(CC3CCCCC3)C2)CC1
C1CCC(CC2CC(C3CCCCC3)CCC2C2CCCCC2)CC1
C1CCC(CCC2CCC3CC(C4CCC(CC5CCCCC5)CC4)CCC23)CC1
C1CCC(C2CCC(C3CCCCC3)CC2)CC1
C1CCC(CCC2CCC3C(C4CCCCC4)CC(C4CCCCC4)C3C2)CC1
C1CCC(C2CCC(C3CCCCC3C3CCCCC3)CC2)CC1
C1CCC(CCC2CCC(C3CCCCC3)CC2)CC1
C1CCC(CCCC2CCC(C3CCCCC3)CC2)CC1
C1CCC(CC2CCC(CCC3CCCC3)C(C3CCC(C4CCCCC4)CC3)C2)CC1
C1CCC(C2CCCC(C3CCC4C(CCCC4CC4CCCC5CCCCC54)C3)C2)CC1
C1CCC(CC2CCC(C3CCC(C4CCCCC4)CC3)CC2)CC1
C1CCC(CCCC2CCCC(C3CCCCC3)C2)CC1
C1CCC(CCCC2CC3CC(C4CCCCC4C4CCCCC4)CCC3C(C3CCC3)C2)CC1
C1CCC(CC2CCCC(C3CCC(CC4CCCCC4C4CCC5CCCCC5C4)CC3)C2)CC1
C1CCC(CC2CCC(CCC3CC4CCCCC4C3)CC2)CC1
C1CCC(C2CCCC(C3CC3)C2)CC1
C1CCC(C2CCCC(C3CCC(CC4CCC5CCCC5C4)CC3)C2)CC1
C1CCC(CCC2CCCC(C3CCCCC3)C2)CC1
C1CCC(CC2CCC(C3CCCCC3)CC2)CC1
C1CCC(C2CCC(C3CCC(C4CCCCC4)C4CCCCC43)C(C3CCCCC3)C2)CC1
C1CCC(CCCCC2CCC(C3CCCCC3)C(C3CCCC3)C2)CC1
C1CCC(CC2CCCC(CC3CCC(C4CCCC(C5CCC(C6CCC6)CC5)C4)CC3)C2)CC1
C1CCC(CC2CC(CC3CC3)CC(C3CCCCC3)C2)CC1
C1CCC(CC2CC(C3CCCCC3C3CCC4CCCCC4C3)C3CCCCC23)CC1
C1CCC(CC2CC(C3CCCCC3CC3CCCCC3)C3CCCCC23)CC1
C1CCC(C2CCCC(CC3CCC4CCCC4C3)C2)CC1
C1CCC(C2CC(C3CC3)CCC2CCCC2CCCC2)CC1
C1CCC(CCCC2CC(C3CCCCC3)CCC2CC2CCCCC2)CC1
C1CCC(CC2CCC(CC3CCC(C4CCCCC4)C3)CC2)CC1
C1CCC(C2CCCC(C3CCCC4CC(C5CCCCC5C5CCCCC5)CCC43)C2)CC1
C1CCC(CCCCCC2CC(CC3CCCC(CC4CCCCC4)C3)C3CCCCC23)CC1
C1CCC(CC2CCC(CC3CC(CC4CCCCC4)C4CCCCC34)CC2)CC1
C1CCC(CC2CCC(C3CCCC(CC4CCCCC4)C3)CC2)CC1
C1CCC(CC2CCC(C3CCCCC3)CC2)CC1
C1CCC(C2CCCC(C3CCC(C4CCC5CCCCC54)CC3)C2)CC1
C1CCC(CCCCC2CCCC(CC3CCCC(CCC4CC5CCCCC5C4)C3)C2)CC1
C1CCC(CCC2CCC(CC3CCC(CC4CCC(CC5CCCC5)CC4)CC3)CC2)CC1
C1CCC(CCC2CCC(CC3CCCCC3)CC2CCC2CCCCC2)CC1
C1CCC(CCC2CCC(CCCC3CCC(CC4CCCCC4)CC3)CC2)CC1
C1CCC(CC2CCC(C3CCCCC3)CC2)CC1
C1CCC(CC2CCC(CCCC3CCC4CCCCC4C3)CC2)CC1
C1CCC(CC2CCC(CC3CCCC(C4CCCCC4)C3)CC2)CC1
C1CCC(CCCC2CCC(C3CCC(C4CCC4)CC3C3CCCCC3)CC2)CC1
C1CCC(CCCCCC2CCC(CC3CCC(C4CCCCC4)CC3)CC2)CC1
C1CCC(CC2CCCCC2C2CCC(C3CC4CCCCC4C3)CC2)CC1
C1CCC(CCCCC2CCCC(C3CCCC(C4CC4)C3)C2)CC1
C1CCC(CC2CCCC(CC3CCC(C4CCCCC4)CC3)C2)CC1
C1CCC(CC2CCCCC2C2CCCCC2)CC1
C1CCC(C2CCCC(C3CC(CC4CCCC(CC5CCCC5)C4)C4CCCCC43)C2)CC1
C1CCC(CCC2CC(CC3CCCCC3)CC(CC3CC4CCCCC4C3)C2)CC1
C1CCC(C2CC(C3CCC(CC4CCCC4)CC3)C3CCCCC23)CC1
C1CCC(C2CCC(C3CCC(CC4CCCC4)CC3)CC2)CC1
C1CCC(CCC2CCC(CC3CCCC(C4CCCCC4)C3)CC2)CC1
C1CCC(CCCC2CCC(C3CCCC(C4CCCCC4)C3)CC2)CC1
C(CCCC1CCCCC1CC1CCCCC1)CCC1CCCCC1
C1CCC(CCCCCC2CCCCC2CC2CCC(C3CC3)CC2)CC1
C1CCC(C2CCCC(CC3CCCCC3C3CCC4CCCCC4C3)C2)CC1
C1CCC(CCCC2CCC(C3CCCCC3)CC2CC2CCCC(C3CCCCC3)C2)CC1
C1CCC(CCC2CCC(CCC3CCCCC3CC3CCCCC3)CC2)CC1
C(CCCC1CCCCC1)CCCC1CCCCC1C1CCCCC1
C1CCC(C2CCC(C3CC(C4CCCCC4)CC(C4CCCCC4)C3)CC2)CC1
C1CCC(C2CCC(C3CCCC(C4CCCC(CC5CC6CCCCC6C5)C4)C3)CC2)CC1
C1CCC(CCC2CCC3CCCCC32)CC1
C1CCC(C2CCCC(C3CCCC(C4CCCCC4)C3)C2)CC1
C1CCC(CC2CCCC(C3CCCCC3)C2)CC1
C1CCC(CC2CC3CCCCC3C2)CC1
C1CCC(CC2CCCC(C3CCCC(C4CCCC4)C3)C2)CC1
C1CCC(C2CCC(CC3CCC4CCCC4C3)CC2)CC1
C1CCC(CC2CCC(C3CCCCC3)CC2)CC1
C1CCC(CCC2CCCC(C3CCC(C4CCC4)CC3)C2)CC1
C1CCC(CCC2CCC(CC3CCCCC3C3CCCCC3)CC2)CC1
C1CCC(CC2CCCC(C3CCCC(C4CCCCC4)C3)C2)CC1
C1CCC(CCC2CCC(C3CCC(CC4CCCCC4)CC3)CC2)CC1
C1CCC(CC2CCCC(C3CCCCC3)C2)CC1
C1CCC(CC2CCCC(C3CCC(CC4CC5CCCCC5C4)CC3)C2)CC1
C1CCC(CCC2CCC(CCC3CC4CCCCC4C3)C(CC3CCCCC3)C2)CC1
C1CCC(CCCC2CCC(CC3CCCC(C4CC4)C3)CC2)CC1
C1CCC(C2CCCC3CCC(CC4CCCC4)CC32)CC1
C1CCC(C2CCCCC2CCC2CCCC(C3CC3)C2)CC1
C1CCC(CCC2CCC(C3CC(CCC4CCCCC4)C4CCCCC43)CC2)CC1
C1CCC(CC2CCC(CC3CCC(C4CCCC4)CC3)CC2)CC1
C1CCC(C2CCC(CCCC3CCCCC3CC3CCCC3)CC2)CC1
C1CCC(CCC2CCC(CC3CCCCC3C3CCCCC3)CC2)CC1
C1CCC(CCCCC2CCC(C3CCCCC3)CC2)CC1
C1CCC(CCCC2CCC(C3CCCCC3C3CCCCC3)CC2)CC1
C1CCC(CCC2CCC(CC3CCC(CCC4CCCCC4)CC3)CC2)CC1
C1CCC(CCC2CCC(C3CCCCC3)CC2CC2CCCCC2)CC1
C1CCC(CC2CCC(C3CC(C4CCCC(C5CC5)C4)C4CCCCC34)CC2)C1
C1CCC(CC2CCCC(C3CCCCC3C3CCCCC3)C2)CC1
C1CCC(C2CCC(C3CCCCC3CC3CCCC3)CC2)CC1
C1CCC(CC2CCCCC2C2CCCCC2)CC1
C1CCC(CCC2CC(C3CCC4CCCCC43)CC3CCCCC32)CC1
C1CCC(CCCC2CCC(CC3CCC(CCC4CCCCC4)CC3)CC2)CC1
C1CCC(CCC2CCC(CC3CCC(CC4CC4)CC3)CC2)CC1
C1CCC(CCC2CCC(C3CCCC(CCCCC4CCCC4)C3)C2)CC1
C1CCC(CC2CCC(C3CCCC(CC4CCCCC4)C3)CC2)CC1
C1CCC(C2CCC3C(CC4CCCC4)CC(C4CCCCC4)C3C2)CC1
C1CCC(CC2CCC(C3CCC4CCCC4C3)CC2)CC1
C1CCC(C2CCCCC2C2CCCCC2C2CCCCC2)CC1
C1CCC(CC2CCC(CC(CC3CCCCC3)C3CCCCC3)CC2)CC1
C1CCC(CC2CCCC3CC(C4C(C5CCCCC5)CCC4C4CCCC4)CCC23)CC1
C1CCC(CC2CCCC(C3CCCCC3C3CCCCC3)C2)CC1
C1CCC(CC2CCCCC2)CC1
C1CCC(CCCC2CCCC(C3CC(C4CCC(CC5CCCCC5)CC4)C3)C2)CC1
C1CCC(CC2CCCCC2C2CCCC(CC3CC(CC4CCCCC4)C4CCCCC34)C2)CC1
C1CCC(CCCC2CCC(CC3CCC(CCC4CCCC(C5CCCCC5)C4)CC3)CC2)CC1
C1CCC(CCC2CCCC(C3CCCCC3)C2)CC1
C1CCC(CC2CCCCC2C2CCCCC2CCCC2CCCC2)CC1
C1CCC(CC2CCCC(C3CCCCC3C3CCCCC3)C2)CC1
C1CCC(CCCC2CCC(C3CCCC3C3CCCCC3)CC2)CC1
C1CCC(CC2CCC(CCCC3CCCC(C4CCCCC4)C3)CC2)CC1
C1CCC(CC2CCC(CCC3CCC(C4CCCC(C5CCC5)C4)CC3CC3CCCCC3)CC2)CC1
C1CCC(CC2CCC(C3CCCC(CC4CCC5CCCCC54)C3)CC2)CC1
C1CCC(C2CCC(CCC(CC3CCC3)C3CCCCC3)CC2)CC1
C1CCC(CC2CCC(CCC3CCC(C4CCCCC4)CC3)CC2)CC1
C1CCC(C2CCC(CC3CCCCC3C3CCCCC3)CC2)CC1
C1CCC(CC2CCC(CC3CCCC(C4CCCCC4)C3)CC2)CC1
C1CCC(CCC2CCC(CCCC3CCCC(C4CCC4)C3)CC2)CC1
C1CCC(CC2CCC3CC(C4CCC5CCCCC54)CC(C4CCCCC4)C3C2)CC1
C1CCC(C2CCC(CCCC3CCC(CC4CCC(C5CC5)CC4)CC3)CC2)CC1
C1CCC(C2CCC(C3CCCC(C4CCCCC4)C3)CC2)CC1
C1CCC(C2CCC(C3CCCC(C4CCCCC4)C3)CC2)CC1
C1CCC(CC(CC2CCCC(CC3CC4CCCCC4C3)C2)C2CCCCC2)CC1
C1CCC(CC2CC(CC3CC(C4CCCCC4)C4CCCCC34)C3CCCCC23)CC1
C1CCC(C2CCCC(C3CCCCC3)C2)CC1
C1CCC(CC2CCCC(CCC3CC(C4CCCCC4)C4CCCCC34)C2)CC1
C1CCC(CC2CCCC(CC3CCCCC3)C2)CC1
C1CCC(CC2CCC(CC3CCC(C4CCCCC4)CC3)CC2)CC1
C1CCC(CCCC2CCCC(C3CCC(C4CCCCC4)CC3)C2)CC1
C1CCC(C2CCC(C3CCC4C(CCCC4C4CCCC4)C3)CC2)CC1
C1CCC(C2CCC(CCCC3CCCCC3C3CCCCC3)CC2)CC1
C1CCC(CCCC2CC(CC3CCCCC3)CCC2CC2CCCCC2)CC1
C1CCC(CCC2CCC(CCC3CCCCC3C3CCCCC3)CC2)CC1
C1CCC(CCC2CC(CC3CCCCC3)CCC2C2CCC(CC3CCCC3)CC2)CC1
C1CCC(C2CCCC(C3CCC(C4CCCCC4CC4CCCC4)C3)C2)CC1
C1CCC(CC2CC(C3CCCC(C4CCCCC4)C3)C3CCCCC23)CC1
C1CCC(CCC2CCC(C3CCCC(C4CCCCC4)C3)CC2)CC1
C1CCC(CC2CC(C3CCCCC3)CC3CCC(C4CCCCC4)CC32)CC1
C1CCC(CCC2CCCCC2CC2CCCC(C3CCC4CCCCC4C3)C2)CC1
C1CCC(CC2CCCC(C3CCC(C4CCCCC4)CC3)C2)CC1
C1CCC(C2CCC(CC3CCC(C4CCCC4)C3C3CCC4CCCCC4C3)CC2)CC1
C1CCC(CC2CCCC(C3CCCCC3)C2)CC1
C1CCC(C2CCCCC2C2CCCC2)CC1
C1CCC(CC2CCCC(CC3CCC(C4CCCC4)CC3)C2)C1
C1CCC(CCC2CC(CC3CCCC(C4CCC4)C3)CC3CC(C4CCCCC4)CCC23)CC1
C1CCC(CCC2CC(C3CCCCC3)CCC2CC2CCC2)CC1
C1CCC(CC2CCC(C3CCCCC3)CC2)CC1
C1CCC(C2CC(C3CCC(C4CC4)CC3)CC3CCC(CC4CC5CCCCC5C4)CC32)CC1
C1CCC(C2CCCC(CCCC3CCCC(C4CCCCC4)C3)C2)CC1
C1CCC(C2CCCC(C3CCCC(C4CCCC(C5CC5)C4)C3)C2)CC1
C1CCC(CCC2CCCC(C3CCCCC3)C2)CC1
C1CCC(CC2CCCCC2C2CCCC(C3CCC(CC4CCCC4)CC3)C2)CC1
C1CCC(CCC2CCC3CC(C4CCCCC4)CC(C4CCCCC4)C3C2)CC1
C1CCC(CCCCC2CCC(C3CCC(CC4CCCC(C5CCCCC5)C4)CC3)CC2)CC1
C1CCC(C2CCCC(C3CCCCC3)C2)CC1
C1CCC(CC2CCC(C3CCC(CCCC4CCCC(C5CCCCC5CC5CCCCC5)C4)CC3)CC2)CC1
C1CCC(CC2CCC(CC3CCCCC3)CC2)CC1
C1CCC(C2CCCC(CC3CCC(C4CCCC(C5CCCC5)C4)C3)C2)CC1
C1CCC(CC2CCCCC2C2CCCCC2C2CCCCC2)CC1
C1CCC(CCC2CCC(CCC3CCCC(CC4CCCCC4)C3)CC2)CC1
C1CCC(CC2CC(CC3CCCCC3C3CCCC3)C3CC(C4CCCCC4)CCC23)CC1
C1CCC(CC2CCC(CC3CCC(C4CCCCC4)C(C4CCCCC4)C3)CC2)CC1
C1CCC(CCC2CCC(CCC3CCCCC3)CC2)CC1
C1CCC(C2CCC(CC3CCC(CC4CCC5CCCCC5C4)CC3)CC2)CC1
C1CCC(C2CCC(C3CCCC(C4CCCC4)C3)CC2)CC1
C1CCC(CC2CCCCC2C2CCC3CCCCC3C2)CC1
C1CCC(C2CCCC(CCCC3CCCCC3C3CCCCC3)C2)CC1
C1CCC(C2CCCC(CC3CCCC(CCCCC4CC5CCCCC5C4)C3)C2)CC1
C1CCC(CCC2CCCCC2)CC1
C1CCC(CC2CCC(C3CCCCC3)CC2)CC1
C1CCC(C2CCCC(C3CCCCC3)C2)CC1
C1CCC(C2CCC(C3CCC4CCCCC43)CC2)CC1
C1CCC(CCC2CC(CC3CCCC(C4CCCCC4)C3)C3CCCCC23)CC1
C1CCC(CCCC2CCC(CC3CCCCC3)CC2)CC1
C1CCC(CCC2CCC(CC3CCCC(C4CCCCC4C4CCCCC4)C3)CC2)CC1
C1CCC(C2CCC(C3CCCC(C4CCCCC4)C3)CC2)CC1
C1CCC(CCCCC2CCCC(C3CCCCC3C3CCCCC3)C2)CC1
C1CCC(CC2CC(C3CCCCC3)C3CCCCC23)CC1
C1CCC(CC2CCC3C(CCC4CCCC(C5CCCCC5)C4)CC(C4CCCCC4)C3C2)CC1
C1CCC(CC2CCC(CC3CCCC(C4CCCCC4)C3)C2)CC1
C1CCC(C2CCC(CC3CCCC(CC4CCC4)C3)CC2)CC1
C1CCC(CCCCC2CCCC(C3CCCCC3)C2)CC1
C1CCC(C2CCCCC2C2CCCCC2)CC1
C1CCC(CCC2CCCC(CCC3CCCCC3)C2)CC1
C1CCC(C2CCCCC2CC2CCCCC2C2CCCCC2)CC1
C1CCC(CC2CC(C3CCCC3)CCC2C2CCC3CCCC3C2)CC1
C1CCC(CC2CCCC(CCCC3CCC(CC4CCC5CCCCC5C4)CC3)C2)C1
C1CCC(C2CCCC(C3CCCCC3C3CCCCC3)C2)CC1
C1CCC(CC2CCCC(CC3CCCCC3C3CCCCC3)C2)CC1
C1CCC(CC2CCCCC2C2CCC3CCCCC3C2)CC1
C1CCC(CCCCC2CCC(C3CCCCC3)CC2)CC1
C1CCC(CCCC2CCC(CC3CCCCC3)CC2)CC1
C1CCC(C2CCC(C3CCC4CCCC4C3)C2)CC1
C1CCC(CC2CCCC(C3CCCCC3)C2)CC1
C1CCC(CC2CCCCC2)CC1
C1CCC(CC2CCC(C3CCCCC3)CC2)CC1
C1CCC(CC2CCC(CC3CCC(C4CCCCC4CC4CCCCC4)CC3)CC2)CC1
C1CCC(CCCC2CCCC(C3CCC(C4CC4)CC3CCCC3CCCCC3)C2)CC1
C1CCC(CCCC2CCC(CCC3CCCC(CCC4CCC5C(CCC5C5CCCC5)C4)C3)CC2)CC1
C1CCC(CC2CCCCC2C2CCC3CCCCC32)CC1
C1CCC(CCC2CCC(CCC3CCCCC3)C(CCC3CCCCC3)C2)CC1
C1CCC(C2CCC(CCC3CCC(CC4CCC(CC5CC6CCCCC6C5)CC4)CC3)CC2)CC1
C1CCC(CC2CCC(C3CCCC(CC4CCCCC4)C3)CC2)CC1
C1CCC(CCC2CCCCC2C2CCC(CCC3CCCCC3C3CCCCC3)CC2)CC1
C1CCC(CCC2CC(CC3CCCCC3C3CCCCC3)CC(C3CCCCC3)C2)CC1
C1CCC(CCC2CCCC(CC3CCCC(C4CCCC5CC(C6CCCCC6)CCC54)C3)C2)CC1
C1CCC(CCC(CC2CCCC(C3CCCCC3)C2)C2CCCC(C3CC3)C2)CC1
C1CCC(CCC2CCCC3CC(CC4CCC(CC5CCCCC5)CC4)CCC23)CC1
C1CCC(CC2CCCC(CCC3CC(CC4CCCC4C4CCCCC4)C4CCCCC34)C2)CC1
C1CCC(CCCC2CCCC3CCC(CC4CCCCC4)CC23)CC1
C1CCC(C(C2CCC3CCCC3C2)C2CCCC(C3CCC4CCCC4C3)C2)CC1
C1CCC(CCC2CCCC(C3CCC(C4CCCCC4)C(C4CCCC4)C3)C2)CC1
C1CCC(CCCCCC2CCC(C3CCC(CCC4CCCCC4)CC3)CC2)CC1
C1CCC(CC2CCC(C3CCCC4CC(C5CCCCC5)CCC43)CC2)CC1
C1CCC(CC2CCCCC2C2CCCCC2CCC2CCCCC2CC2CC3CCCCC3C2)CC1
C1CCC(CCCC2CC(CC3CCCC(CC4CCCCC4)C3)C3CCCCC23)CC1
C1CCC(CCC2CCCC(C3CCCCC3)C2)CC1
C1CCC(CCCC2CCCC(CC3CCCCC3)C2)CC1
C1CCC(C2CCCC(C3CCCC4CCCCC43)C2)CC1
C1CCC(CC2CCC(CC3CCCC(C4CCC(C5CCCC5)CC4)C3)CC2)CC1
C1CCC(CC2CCCC(C3CCC(C4CC4)CC3)C2)CC1
C1CCC(CC2CCCCC2)CC1
C1CCC(CCC2CCC(CCC3CCC(CC4CCCCC4)CC3)CC2)CC1
C1CCC(CCCC2CCC(C3CCC(CCC4CCCCC4)CC3)CC2)CC1
C1CCC(CC2CCC(C3CCC(C4CCCCC4C4CCCC4)CC3)CC2)CC1
C1CCC(CC2CCC(C3CCCC(CCC4CCCC5CCCCC54)C3)CC2)CC1
C1CCC(C2CCC(C3CCCC(C4CCCCC4)C3)CC2)CC1
C1CCC(CC2CCCC(C3CCCC(C4CCC4)C3)C2)CC1
C1CCC(CC2CCC(CCC3CCCCC3C3CCCCC3)CC2)CC1
C1CCC(CCCC2CCCC(C3CCCC(C4CCCCC4)C3)C2)CC1
C1CCC(C2CCCCC2C2CCCC(C3CCC(C4CCCC4)CC3C3CCCC3)C2)CC1
C1CCC(CC2CCC(CC3CCCC(C4CCCCC4)C3)CC2)CC1
C1CCC(CC2CCC(CCC3CC4CCCCC4C3)C(C3CCCCC3)C2)CC1
C1CCC(CC2CCCC(C3CC4CCC(C5CCCCC5)CC4C(C4CCCCC4)C3)C2)CC1
C1CCC(C2CCCC(CC3CCC(C4CCC5CCCC5C4)CC3)C2)C1
C1CCC(C2CCC(C3CCC(CC4CCC(C5CCCC5)CC4)CC3)C2C2CCCCC2)CC1
C1CCC(CC2CCCC(C3CCCC(C4CCCCC4)C3)C2)CC1
C1CCC(CC2CCCCC2)CC1
C1CCC(CCCC2CCCC(CC3CCCCC3)C2)CC1
C1CCC(CC2CCC(C3CCCC(C4CCCCC4)C3)CC2C2CCC2)CC1
C1CCC(CC2CCC(CC3CCCCC3C3CCC4C(CCCC4C4CC4)C3)CC2)CC1
C1CCC(CCCCC2CCC(CC3CCCCC3)CC2)CC1
C1CCC(C2CCC(CC3CCC(C4CCCC4)CC3C3CCCCC3)CC2)CC1
C1CCC(C2CCCCC2C2CCCC(C3CCCCC3C3CCCC3)C2)CC1
C1CCC(C2CCC(C3CCCCC3)CC2)CC1
C1CCC(CC2CC(C3CCCCC3)CCC2CC2CCC(C3CCCC3)CC2)CC1
C1CCC(CC2CCC(C3CCCCC3)CC2)CC1
C1CC2CCC(CCC3CCC(C4CCCC5CCCCC54)C(C4CCCC4)C3)CC2C1
C1CCC(CC2CCC(C3CCCCC3CC3CCCC3)C(CC3CCCCC3)C2)CC1
C1CCC(C2CCC(CCC3CCC(C4CCC(C5CCC5)C(C5CCCC5)C4)CC3)CC2)CC1
C1CCC(C2CCC(CC3CCCCC3CC3CCCC3)CC2)CC1
C1CCC(CCC2CCCC(CC3CCCC4CC(C5CCCCC5)CCC34)C2)CC1
C1CCC(CC2CCCCC2C2CCCCC2)CC1
C1CCC(C2CCC(CC3CCCCC3CC3CC4CCCCC4C3)CC2)CC1
C1CCC(CC2C(C3CCCCC3)CCCC2C2CCCC2)CC1
C1CCC(CC2CCC(CCC3CCCCC3C3CCCCC3)CC2)CC1
C1CCC(CCC2CCCCC2C2CCC3CCCCC3C2)CC1
C1CCC(CC2CCC(C3CCCC(C4CCCCC4)C3)CC2)CC1
C1CC(CC2CCC(C3CCCC(C4CCCC4)C3)CC2)CC(CC2CCC3CCCCC32)C1
C1CCC(C2CCC(CC3CCCC(CCC4CC5CCCCC5C4)C3)CC2)CC1
C1CCC(CC2CCCC(C3CC4CCCCC4C(C4CCCCC4)C3)C2)CC1
C1CCC(CC2CCC(C3CCCC(C4CCC(C5CCCCC5)CC4)C3)CC2)CC1
C1CCC(C2CCCCC2C2CCC(CCCC3CCC(C4CCCC4)CC3)C2)CC1
C1CCC(CC2CCC(CC3CCC(C4CCCCC4)C3)CC2)CC1
C1CCC(C2CCC(C3CCCC(C4CCCCC4)C3)CC2)CC1
C1CCC(CCCC2CC(CC3CCCCC3)CCC2C2CCCCC2)CC1
C1CCC(C2CCCC(CC3CCCC(C4CCCCC4C4CCCCC4)C3)C2)CC1
C1CCC(CC2CCCCC2C2CCCC(CC3CCC3)C2)CC1
C1CCC(C2CCC(C3CCC(C4CCC(CCC5CCCC(C6CCCCC6)C5)CC4)CC3)CC2)CC1
C1CCC(C2CCCC(C3CCCC(CC4CC5CCCCC5C4)C3)C2)CC1
C1CCC(CC2CCC(CCCC3CCCC(C4CCCCC4)C3)CC2)CC1
C1CCC(C2CCCC(C3CCCC(C4CCCCC4)C3)C2)CC1
C1CCC(C2CCCC(CCC3CCCC(C4CCCCC4)C3)C2)CC1
C1CCC(C2CCCC(C3CCCCC3)C2)CC1
C1CCC(CCC2CCCC(CC3CCCCC3)C2)CC1
C1CCC(CC2CCC(C3CCCC(CCC4CCCC4)C3)CC2)CC1
C1CCC(C2CCC(CCC3CCC(C4CCC4)C(CCC4CCCC4)C3)CC2)CC1
C1CCC(CCCCC2CCC(CC3CCCC(CC4CCCCC4)C3)CC2)CC1
C1CCC(CC2CC3CCC(C4CCCCC4)CC3C(C3CCCCC3)C2)CC1
C1CCC(CCCC2CCC(CC3CCCCC3)CC2)CC1
C1CCC(CC2CCCC(C3CCCC(C4CCCCC4)C3)C2)CC1
C1CCC(C2CCCC(CCC3CCCC(C4CCC(CC5CCC5)CC4)C3)C2)CC1
C1CCC(C2CCCC(CC3CCC(C4CC5CCCCC5C4)CC3)C2)CC1
C1CCC(CC2CCCC(CC3CC(CC4CCCCC4)C4CCCCC34)C2)CC1
C1CCC(CC2CCC(C3CCC4CCCCC43)CC2)CC1
C1CCC(CCC2CCC(CCC3CCCCC3)C(C3CCCC3)C2)CC1
C1CCC(C2CCCCC2C2CCCC2)CC1
C1CCC(CCCCC2CCC(CC3CCCCC3)CC2)CC1
C1CCC(CC2CCCC(CC3CCC(C4CCCCC4C4CCCC4)CC3)C2)CC1
C1CCC(CCCC2CCCC(CC3CCC(C4CCCCC4)CC3)C2)CC1
C1CCC(CCC2CCCC(C3CCCCC3)C2)CC1
C1CCC(CC2CCCC(CC3CCCC3C3CC4CCCCC4C(C4CCCCC4)C3)C2)CC1
C1CCC(C2CCCC(C3CCCCC3C3CCCC3)C2)CC1
C1CCC(C2CCCC(C(C3CCCCC3)C3CCCC(C4CCCCC4)C3)C2)CC1
C1CCC(CCC2CCC(CC3CC(C4CCCC4)C4CCCCC34)CC2)CC1
C1CCC(CCC2CCC3C(CC4CCCCC4)CC(CC4CCCCC4)C3C2)CC1
C1CCC(C2CCCC(CC3CCCCC3C3CCCCC3)C2)CC1
C1CCC(CC2CCC(CC3CCC4CCCCC43)CC2)CC1
C1CCC(CC2CCC(CC3CCCCC3)CC2)CC1
C1CCC(CC2CCC(C3CCC(CC4CCCCC4CC4CCCCC4)CC3)CC2)CC1
C1CCC(CC2CCCC(C3CCC(C4CCCCC4)CC3)C2)CC1
C1CCC(CCCC2CCCCC2C2CCCCC2)CC1
C1CCC(C2CCCCC2C2CCCCC2)CC1
C1CCC(CCC2CC(C3CCCCC3C3CCCCC3)C3CCCCC23)CC1
C1CCC(CC2CCCC(CC3CCC(CC4CC5CCCCC5C4)CC3)C2)CC1
C1CCC(CCCCCC2CCCCC2CC2CCCCC2)CC1
C1CCC(CCC2CCCC(C3CCCCC3)C2)CC1
C1CCC(C2CCC(CCCCC3CC(CC4CC4)CCC3C3CCCCC3)CC2)CC1
C1CCC(C2CCC(CCCC3CC(C4CCCCC4)CC(C4CCCC4)C3)CC2)CC1
C1CCC(CCC2CC(CC3CCCC(C4CCCCC4)C3)C3CCCCC23)CC1
C1CCC(CC2CCC(C3CCCCC3)CC2)CC1
C1CCC(C2CCCC(CC3CCC(C4CCCC4)CC3)C2)CC1
C1CCC(C2CC(C3CCCCC3)CC(C3CCCCC3)C2)CC1
C1CCC(CCCCC2CCC(CC3CCCC(C4CCCCC4)C3)CC2)CC1
C1CCC(CCCC2CCC(CC3CCC(C4CCCCC4)CC3)CC2)CC1
C1CCC(CC2CCCC(C3CCCCC3)C2)CC1
C1CCC(CC2CC3CCC(C4CCCCC4C4CCCCC4)CC3C(C3CCCCC3)C2)CC1
C1CCC(C2CCCC(C3CCCCC3CC3CCC4CCCCC43)C2)CC1
C1CCC(C2CCC(CC3CCC(C4CCCCC4C4CCC5CCCC5C4)CC3)C2)C1
C1CCC(CCC2CCC(CCC3CCCCC3)CC2)CC1
C1CCC(CC2CCCC(CC3CCCC(C4CCCCC4)C3)C2)CC1
C1CCC(C2CCCC(C3CCCCC3)C2)CC1
C1CCC(CC2CCCC(CC3CCCCC3)C2)CC1
C1CCC(CCC2CCC(CC3CCCCC3C3CCCC4CC(C5CCCCC5C5CCCC5)CCC43)C2)CC1
C1CCC(CCCCCC(CC2CCCCC2)C2CCCCC2)CC1
C1CCC(CC2CCCC(C3CCCCC3)C2)CC1
C1CCC(CCCCC2CCC(C3CCCCC3)CC2)CC1
C1CCC(CC2CCC(CC3CCC(CC4CCCCC4)CC3)CC2)CC1
C1CCC(CC2CCC(C3CCCCC3)CC2)CC1
C1CCC(C2CC(CCC3CCCC(CC4CCC4)C3)CC(C3CCC4CCCCC4C3)C2)CC1
C1CCC(CC2CCCC(CC3CCC(C4CCCC(C5CCCC5)C4)CC3)C2)CC1
C1CCC(CC(CC2CCCCC2)C2CCCCC2)CC1
C1CCC(C2CCC(C3CCCC(C4CCCC(CCC5CCC(CC6CC6)CC5)C4)C3)CC2)CC1
C1CCC(CC2CCCCC2CCC2CCCC(C3CCCCC3)C2)CC1
C1CCC(C2CCC(CC3CCC4C(CCC4C4CCCCC4)C3)CC2)CC1
C1CCC(CCCC2CCC(C3CCCCC3)CC2CCC2CCC(CC3CCCCC3)CC2)CC1
C1CCC(CC2CCC(C3CCCC(C4CCCCC4)C3)CC2)CC1
C1CCC(C2CCCC(C3CCCC(C4CCCCC4)C3)C2)CC1
C1CCC(CCCC2CCCC(C3CCCCC3)C2)CC1
C1CCC(C2CCC(C3CCCCC3C3CCCCC3C3CCC4CCCCC4C3)CC2)CC1
C1CCC(CC2CCCCC2C2CCCCC2)CC1
C1CCC(CC2CCCCC2C2CCCCC2)CC1
C1CCC(CC2CCC(CC3CCC(C4CCCCC4)CC3)CC2)CC1
C1CCC(CC2CCC(CC3CCCC(CC4CCCCC4)C3)CC2)CC1
C1CCC(CCC2CCC(CC3CCCC(C4CCCCC4)C3)CC2)CC1
C1CCC(CC2CC(C3CCCC3)CC(C3CCCC(C4CCCCC4)C3)C2)CC1
C1CC(CCC2CCCC(C3CCCC3)C2)CC(CC2CCC3CCCCC32)C1
C1CCC(C2CCC3C(C4CCCCC4)CC(C4CCCCC4)C3C2)CC1
C1CCC(C2CCCC(CC3CCCC(CC4CCC(C5CCC6CCCCC6C5)CC4)C3)C2)CC1
C1CCC(CC2CCC(C3CCCCC3CC3CCCCC3)CC2)CC1
C1CCC(C2CCCC(C3CCCC(CCCCC4CCC5CCCC5C4)C3)C2)CC1
C1CCC(CC2CC(C3CCCCC3)CCC2C2CCCCC2)CC1
C1CCC(C2CCC(C3CCC4CCCCC4C3)CC2)CC1
C1CC(CCC2CC3CCCCC3C2)CC(C2CC2)C1
C1CCC(CC2CCC(C3CCCC(CCC4CCC(C5CC5)CC4)C3)CC2)CC1
C1CCC(C2CC(C3CCC4CCCC4C3)CC3CCC(CCC4CCCC4)CC32)CC1
C1CCC(C2CCC(C3CCCCC3C3CCCCC3)C(C3CCCCC3)C2)CC1
C1CCC(C2CCCC(C3CCC4CC(CC5CCCC5)CCC4C3)C2)CC1
C1CCC(CCC2CCC(CC3CCCCC3)CC2)CC1
C1CCC(CC2CCC(CC3CCC(CC4CCCCC4)CC3)CC2)CC1
C1CCC(CCCC2CCC(CC3CCCCC3C3CCCCC3)CC2)CC1
C1CCC(C2CCC(C3CCCC(C4CCCCC4)C3)CC2)CC1
C1CCC(C2CCC(C3CCCC(CC4CC5CCCCC5C4)C3)CC2)CC1
C1CCC(C2CCC(CC3CCCCC3C3CCC(C4CC4)CC3)CC2)CC1
C1CCC(CCC2CCC(CC3CCCCC3)CC2CCC2CCCCC2)CC1
C1CCC(C2CCCCC2CC2CCC(CCCC3CCC4C(CCC4C4CCCC4)C3)CC2)CC1
C1CCC(C2CCC(CC3CCCC(CC4CCC5CCCCC54)C3)CC2)CC1
C1CCC(CC2CCC(C3CCCCC3CC3CCCCC3)CC2)CC1
C1CCC(C2CCC(C3CCCC(CC4CCCC4)C3)CC2)CC1
C1CCC(CCC2CCCCC2C2CCC2)CC1
C1CCC(C2CCCC(CC3CCCC(C4CC4)C3)C2)CC1
C1CCC(C2CCCC(CC3CC(CC4CCCC4)C4CCCCC34)C2)CC1
C1CCC(CC2CCCCC2)CC1
C1CCC(CC2CCCCC2)CC1
C1CCC(C2CCC(C3CCC(CC4CCCCC4C4CCCCC4)CC3)CC2)CC1
C1CCC(CC2CCC(C3CCCC(CC4CCCCC4)C3)CC2)CC1
C1CCC(CCC2CCC3CC(C4CCCCC4)CCC3C2)CC1
C(CC1CCC2CCCCC2C1)CC1CCCC(C2CCCCC2C2CCCC2)C1
C1CCC(CC2CCCC(CC(C3CCCC3)C3CCCC(C4CCCCC4)C3)C2)CC1
C1CCC(CCCC2CCC(CCC3CCCCC3)CC2)CC1
C1CCC(CC2CCC(C3CCCCC3)CC2C2CCCC2C2CCC3CCCC3C2)CC1
C1CCC(CC2CCC(C3CCCC(CCC4CC4)C3)CC2)CC1
C1CCC(C2CC(C3CCCCC3)CC(C3CCCC3)C2)CC1
C1CCC(C2CCC(CC3CCCC(CC4CCCC(C5CCCCC5)C4)C3)CC2)CC1
C1CCC(CCCC2CCC(CCCC3CCCCC3)CC2)CC1
C1CCC(CC2CCC(CC3CCC(C4CCC5CCCCC5C4)C3)CC2)CC1
C1CCC(CC2CCC(CCC3CCC(C4CCC5CCCCC5C4)C3)CC2)CC1
C1CCC(CC2CCC(CC3CC(C4CCC5CCCCC54)CC4CCCCC43)CC2)CC1
C1CCC(CC2CCC(CC3CCCCC3)CC2)CC1
C1CCC(C2CCC(CC3CCCCC3C3CCC4CCCCC4C3)CC2)CC1
C1CCC(CC2CCC(C3CCCC(CC4CC4)C3)CC2)CC1
C1CCC(CC2CCCCC2C2CC3CCC(C4CCCC4)CC3C(C3CCCCC3)C2)CC1
C1CCC(CC2CCC(C3CCCCC3)C(CC3CCCCC3)C2)CC1
C1CCC(CCC2CCC(CC3CCC4CCCCC43)C(C3CCCC3)C2)CC1
C1CCC(C2CCCCC2C2CCCC2)CC1
C1CCC(CCCCCC2CCC(CC3CCCCC3)CC2)CC1
C1CCC(C2CCC(C3CCCC(C4CC5CCCCC5C4)C3)CC2)CC1
C1CCC(CCCCC2CCCC(C3CCC(CC4CCCCC4)CC3)C2)CC1
C1CCC(C2CCC(C3CCCCC3)CC2)CC1
C1CCC(C2CCCC(CC3CCC(C4CC(C5CCCCC5)C4)CC3)C2)CC1
C1CCC(CC2CCC(C3CCC(CCC4CC4)CC3)CC2)CC1
C1CCC(CC2CCC(CC3CCC(C4CCC5CCCCC5C4)CC3)CC2)CC1
C1CCC(C2CCCCC2C2CCCCC2)CC1
C1CCC(C2CCCC(C3CCCC(C4CCCC4)C3)C2)CC1
C1CCC(CC2CCC(C3CCCCC3)CC2)CC1
C1CCC(C2CCC(CC3CCC(C4CCCCC4)CC3)CC2)CC1
C1CCC(CCC2CCC(C3CCC(CC4CCCCC4)CC3)CC2)CC1
C(CC1CCC(C2CCCC2)CC1)CC1CCC(C2CCCC(CC3CCCC3)C2)CC1
C1CCC(CC2CCCC(C3CCC(CC4CCC5CCCCC5C4)CC3)C2)CC1
C1CCC(C2CCC3CCC(C4CCCCC4)CC3C2)CC1
C1CCC(CC2CCC(CCC3CCC4CCCCC43)CC2CC2CCCCC2)CC1
C1CCC(C2CCCC(C3CC(C4CCCCC4)C4CCCCC34)C2)CC1
C1CCC(C2CC(C3CCCCC3)CC(C3CCCCC3)C2)CC1
C1CCC(CC2CCC(C3CCCCC3)CC2)CC1
C1CCC(CCCCCC2CCC(CCCCC3CCCCC3)CC2)CC1
C1CCC(C2CCCCC2CCC2CCC3CCCCC32)CC1
C1CCC(CCC2CCC(C3CCCC3)CC2)CC1
C1CCC(CCC2CCCCC2CC2CCCCC2)CC1
C1CCC(C2CCCC(C3CCC4C(CCC4C4CCCCC4)C3)C2)CC1
C1CCC2CC(C3CCCCC3C3CCC4CCCCC43)CCC2C1
C1CCC(CC2CC(CC3CCC(C4CC5CCCCC5C4)CC3)C3CCCCC23)CC1
C1CCC(C2CCC(C3CCC3)CC2)CC1
C1CCC(CC2CCC(C3CCCCC3)CC2)CC1
C1CCC(C2CCCCC2)CC1
C1CCC(C2CCCCC2CCC2CC3CCCCC3C2)CC1
C1CCC(CCCC2CCC(CC3CCCCC3)CC2)CC1
C1CCC(CC2CCCC(C3CCCCC3)C2)CC1
C1CCC(C2CCC(CC3CCCC3)CC2)CC1
C1CCC(CC2CCCC(CC3CCCC(C4CCCC4)C3)C2)CC1
C1CCC(CCC2CC(C3CCCCC3)CC(C3CCCC3C3CCCCC3)C2)CC1
C1CCC(CC2CCC(CC3CC(C4CCCCC4)CC(C4CCCC4)C3)CC2)CC1
C1CCC(CCC2CCCC(C3CCCCC3)C2)CC1
C1CCC(CCC2CCCC(C3CCCC(C4CCCCC4)C3)C2)CC1
C1CCC(C2CCCC(C3CCCC(C4CCCCC4)C3)C2)CC1
C1CCC(CCC2CCC(C3CCCC(CC4CCCC4)C3)CC2)CC1
C1CCC(CC2CCCC(C3CCCC(CC4CCCCC4)C3)C2)CC1
C1CCC(C2CCCC(C3CCCC(CC4CC5CCCCC5C4)C3)C2)C1
C1CCC2CC(C3CCCC4CC(C5CCC(C6CCCC6)CC5C5CCCC5)CCC43)CCC2C1
C1CCCCC1
C1CCC(CC2CC(C3CCCCC3)C3CC(C4CCCCC4)CCC23)CC1
C1CCC(CC2CCC(C3CCC(C4CCCCC4)CC3)CC2)CC1
C1CCC(CCCC2CC(CCC3CCCCC3C3CCCC3)C3CCCCC23)CC1
C1CCC(CC2CCCCC2C2CCC(C3CCCCC3)CC2)CC1
C1CC2CCC(C3CCCCC3C3CCC4CCCCC43)CC2C1
C1CCC(C2CCCCC2CC2CCCC(CC3CC4CCCCC4C3)C2)CC1
C1CCC(CC2CCC3CCCC3C2)CC1
C1CCC(C2CCC(CC3CCCCC3C3CCCC(C4CCCCC4)C3)CC2)CC1
C1CCC(C2CCCC(C3CCC(C4CCCCC4C4CCCC4)CC3)C2)CC1
C1CCC(CC2CCC(CCCC3CCCCC3CC3CCCCC3)CC2)CC1
C1CCC(CCCC2CCCC(C3CCC(CC4CCCCC4)CC3)C2)CC1
C1CCC(CC2CCCCC2C2CCCCC2)CC1
C1CCC(CC2CCCCC2C2CCC(CC3CCC(C4CCCC4)CC3)CC2)CC1
C1CCC(C2CCC(CC3CCC(C4CCCCC4C4CCCCC4)C3)CC2)CC1
C1CCC(CCC2CCCCC2C2CCCCC2)CC1
C1CCC(CC2CCCC(CC3CCCCC3)C2)CC1
C1CCC(CC2CCCC(C3CCCC(C4CCCCC4)C3)C2)CC1
C1CCC(CC2CCC(C(CC3CCCCC3CC3CCCCC3)C3CCCC3)CC2)CC1
C1CCC(CC2CCCC(C3CCCC(C4CCC5CCCC5C4)C3)C2)CC1
C1CCC(CCC2CCCCC2CC2CCC(C3CCCCC3)CC2)CC1
C1CCC(CC2CCC(CCCCCC3CC4CCCCC4C3)CC2)CC1
C1CCC(CC2CCC(CC3CCCCC3)CC2)CC1
C1CCC(CC2CCCC(CCC3CC4CCCCC4C3)C2)CC1
C1CCC(CC2CCCCC2C2CCC3CCCC3C2)CC1
C1CCC(CC2CCCC(CC3CCC(CC4CC(CC5CCCCC5)C5CCCCC45)CC3)C2)CC1
C1CCC(C2CCCCC2)CC1
C1CCC(CCC2CCC(CCC3CCCCC3)CC2)CC1
C1CCC(CC2CCC(CC3CCCCC3CC3CC3)CC2)CC1
C1CCC(CCCC2CCCCC2C2CCC(CC3CCCCC3)CC2)CC1
C1CCC(CC2CCCCC2)CC1
C1CCC(CC2CCC(CCC3CC(CC4CCCC4)C4CCCCC34)CC2)CC1
C1CCC(CC2CC(C3CCC(C4CCC4)CC3)C3CCCCC23)CC1
C1CCC(CCC2CCCC(C3CCC(CC4CCC(C5CC5)CC4)CC3)C2)CC1
C1CCC2C(C1)CCC2C1CCCC2CCC(C3CCCCC3C3CC3)CC21
C1CCC(CC2CCC(C3CCCCC3C3CCCCC3)CC2)CC1
C1CCC(CCCC2CCCCC2CC2CCCCC2)CC1
C1CCC(CCCCC2CCCCC2C2CCCCC2C2CCCCC2)CC1
C1CCC(C2CCC(CC3CCC3)C(C3CCCCC3)C2)CC1
C1CCC(C2CCCC(C3CCC(CC4CCC(C5CCCC(C6CCCCC6)C5)CC4)CC3)C2)CC1
C1CCC(C2CCCCC2C2CCC3CCCC3C2)CC1
C1CCC(CC2CCC3CC(CCC4CCC(C5CCC6CCCC6C5)CC4)CC3C2)CC1
C1CCC(C2CCCC(CC3CCCC(C4CCCCC4)C3)C2)CC1
C1CCC(CC2CCC(C3CC(C4CCCCC4)CCC3C3CCC4CCCCC4C3)CC2)CC1
C1CCC(CC2CC(C3CCCCC3CC3CCCCC3)C3CCCCC23)CC1
C1CCC(CC2CCC(CC3CC(C4CCCCC4)C4CCCCC34)CC2)CC1
C1CCC(C2CCC(C3CC(C4CCCCC4C4CCCCC4)C4CCCCC34)CC2)CC1
C1CCC(CC2CCC(CC3CCC(C4CCC(C5CCCCC5C5CCCC5)C4)CC3)CC2)CC1
C1CCC(CC2CCCC(C3CCC4CC(C5CCCCC5C5CCCCC5)CCC43)C2)CC1
C1CCC(C2CCC(CC3CCC(CC4CCC(C5CCCCC5)CC4)CC3)CC2)CC1
C1CCC(CCCCC2CCC(C3CCCCC3C3CCC4CCCC4C3)CC2)CC1
C1CCC(CC2CCCCC2CC2CCCC(C3CCCCC3)C2)CC1
C1CCC(C2CCC(C3CCCCC3)CC2)CC1
C1CCC(CC2CCCC(C3CC4CCCCC4C3)C2)CC1
C1CCC(CC2CCCC(CC3CCCCC3C3CCC3)C2)C1
C1CCC(CCCC2CCC(C3CC(CC4CCCCC4)C4CCCCC43)CC2)CC1
C1CCC(CC2CCC(CCCCC3CCC(C4CCCCC4)CC3)CC2)CC1
C1CCC(CCCC2CCC(CCC3CCCCC3)CC2)CC1
C1CCC(CCC2CCC(CC3CCCCC3)CC2)CC1
C1CCC(C2CCC(C3CCC(CC4CC5CCCCC5C4)CC3)CC2)CC1
C1CCC(CCC2CC(C3CCCCC3C3CCCCC3)C3CCCCC23)CC1
C1CCC(CC2CCCC(CC3CCC4C(CC5CCCCC5)CCC4C3)C2)CC1
C1CCC(C2CCCCC2C2CCC2)CC1
C1CCC(CC2CCC(C3CCCC(CC4CCCCC4)C3)CC2)CC1
C1CCC(C2CCC(CC3CCC(CC4CC5CCCCC5C4)CC3)CC2)CC1
C1CCC(C2CCCC(C3CCCC(CC4CC4)C3)C2)C1
C1CCC(CCC2CCCC(CC3CCC4CC(CC5CCCCC5)CCC34)C2)CC1
C1CCC(C2CCC(CC3CCC(CC4CCC(C5CCCC5)CC4)CC3)CC2)CC1
C1CCC(CC2CC(CC3CCCCC3)CC(C3CCCCC3)C2)CC1
C1CCC(CCC2CC(C3CCC4CCCCC43)CC3CCCCC32)CC1
C1CCC(CC2CCCCC2)CC1
C1CCC(C2CCC(CC3CCC(CC4CCC(C5CCC(CC6CCCC6)CC5)CC4)CC3)CC2)CC1
C1CCC(C2CCCC(CC3CC(CC4CCCC4)C4CCCCC34)C2)CC1
C1CCC(CC2CCC(CCC3CCCC(C4CCCCC4)C3)CC2)CC1
C1CCC(CCC2CCC(C3CCC(CC4CCCCC4)CC3)CC2)CC1
C1CCC(CC2CCC(C3CCCC3)CC2)CC1
C1CCC(C2CCCC(C3CCC4CCCC4C3)C2)CC1
C1CCC(CCCC2CCC(C3CCC(CC4CC4)CC3)CC2)CC1
C1CCC(C2CCCCC2C2CCC(C3CCC(C4CCCC4)CC3)CC2)CC1
C1CCC(C2CCCCC2)CC1
C1CCC(C2CCCC(C3CCCC(C4CCCCC4C4CCCCC4)C3)C2)CC1
C1CCC(CC2CCC3CC(C4CCC(C5CCCCC5)CC4)CCC23)CC1
C1CCC(CC2CCCC3CC(C4CCCCC4C4CCCCC4)CCC23)CC1
C1CCC(C2CCCC(C(C3CCCCC3)C3CCCCC3)C2)CC1
C1CCC(CCCCC2CCC(CC3CCC(CCC4CCCCC4)CC3)CC2)CC1
C1CCC(C2CCCC(C3CCCC(CC4CCCC4)C3)C2)CC1
C1CCC(C2CCC(C3CCCC(CCC4CCCC5CCCCC54)C3)CC2)CC1
C1CCC(CCC2CCC(C3CCC4CCCCC43)C(C3CCC4CCCC4C3)C2)CC1
C1CCC(CCCCC2CCC(C3CCCCC3)CC2)CC1
C1CCC(CC2CCC(CC3CCCCC3)CC2)CC1
C1CCC(CCCC2CCC(CC3CCC(CC4CC5CCCCC5C4)CC3)CC2)CC1
C1CCC(CC2CCCCC2CC2CCCCC2)CC1
C1CCC(CCC2CCC(C3CCC4CCCC4C3)CC2)CC1
C1CCC(CCC2CCCC(C3CCCCC3)C2)CC1
C1CCC(C2CCC(C3CCCC(CCCC4CCCC(CC5CCC6CCCCC65)C4)C3)CC2)CC1
C1CCC(CCC2CCCC(CCC3CCC(C4CCCCC4)C(C4CCCCC4)C3)C2)CC1
C1CCC(CCC2CCC(C3CCC(CCC4CC5CCCCC5C4)CC3)CC2)CC1
C1CCC(CCCC2CCC(CC3CCCCC3)CC2)CC1
C1CCC(CC2CCC(CC3CCC(CC4CCCCC4)CC3)CC2)CC1
C1CCC(CCCC2CCC(CC3CCC(C4CCCCC4)CC3)CC2)CC1
C1CCC(C2CCC(CC3CCC(CCC4CCCC(C5CCCCC5)C4)CC3)CC2)CC1
C1CCC(CC2CCCC(CC3CCC(CCCC4CCCC(CC5CCC5)C4)CC3)C2)CC1
C1CCC(C2CCC(C3CCCCC3)CC2)CC1
C1CCC(CCC(CC2CCCCC2)C2CCCCC2)CC1
C1CCC(CCC2CCC(CCC3CCC(CC4CCCCC4)CC3)CC2)CC1
C1CCC(C2CCCC3CC(C4CCCC5CCCCC54)CCC32)CC1
C1CCC(CCCC2CCC(CC3CCCCC3)CC2CC2CCCCC2)CC1
C1CCC(CC2CC(CC3CCCC(C4CCCCC4)C3)CC(C3CCCCC3)C2)CC1
C1CCC(CCCC2CCC(C3CCCCC3)CC2)CC1
C1CCC(CCCC2CCCC(CC3CCCCC3)C2)CC1
C1CCC(C2CC(C3CCCC(C(C4CCCCC4)C4CCC4)C3)C3CCCCC23)CC1
C1CCC(CCC2CCC(CC3CCCCC3)CC2)CC1
C1CCC(CC2CCCC(C3CCCCC3C3CCCCC3)C2)CC1
C1CCC(CC2CCC(CC3CC(C4CCCCC4)CC(C4CCC4)C3)CC2)CC1
C1CCC(C2CCCC(C3CCCCC3)C2)CC1
C1CCC(C2CCC(C3CCC(CCC4CC5CCCCC5C4)CC3)CC2)CC1
C1CCC(CCC2CCC(CC3CCC(C4CCCCC4)CC3)CC2)CC1
C1CC(C2CCC(C3CCC(CCC4CC5CCCCC5C4)CC3)CC2)C1
C1CCC(CC2CCC(C3CCCCC3)CC2)CC1
C1CCC(CC2CCC(C(CC3CCCC3)C3CCCCC3)CC2)CC1
C1CCC(CCC2CCC(C3CCCC(C4CCCCC4)C3)CC2)CC1
C1CCC(CCC2CCC(CC3CCCCC3)CC2)CC1
C1CCC(CCC2CCC3C(CC4CCCCC4)CC(C4CCCCC4)C3C2)CC1
C1CCC(C2CCC(CC3CCC4CC(C5CCCCC5)CCC34)C2)CC1
C1CCC(CC2CCCC(C3CCCCC3)C2)CC1
C1CCC(CC2CCC(C3CCC4CCCCC4C3)CC2)CC1
C1CCC(CCC2CCC3CCCC(C4CCCCC4)C3C2)CC1
C1CCC(C2CCC(C3CCC4CCCCC4C3)CC2)CC1
C1CCC(CCC(C2CCCCC2)C2CCCC(C3CCC(CC4CCCC4)CC3)C2)CC1
C1CCC(C2CCCC(C3CC(CC4CC4)C4CCCCC43)C2)CC1
C1CCC(CC2CCC3CC(C4CCC5CCCCC54)CC(CC4CCCCC4)C3C2)CC1
C1CCC(C2CCCC3CCC(C4CCC5CCCC5C4)CC32)CC1
C1CCC(CC2CCCC(CC3CCCCC3C3CCCCC3)C2)CC1
C1CCC(CCCCC2CCCCC2)CC1
C1CCC(C2CCC(C3CCCC(C4CCCCC4)C3)CC2)CC1
C1CCC(CCCC2CCCCC2C2CCCCC2)CC1
C1CCC(CC2CCCC(CC3CCCCC3C3CCCCC3)C2)CC1
C1CCC(CCC2CCCCC2)CC1
C1CCC(CCC2CCCC(C3CCCC(C4CCCCC4)C3)C2)CC1
C1CCC(CC2CCC(C3CCCC(CC4CCCCC4)C3)CC2)CC1
C1CCC(CCC2CCC(CCCCCC3CCC(C4CCCCC4CC4CCCCC4)CC3)CC2)CC1
C1CCC(CC2CC(CC3CCCCC3)CC(C3CCCCC3)C2)CC1
C(CCCC1CCC(CCC2CCCCC2)CC1)CCC1CCC1
C1CCC(CC2CCC(C3CCCCC3)C(C3CCCCC3)C2)CC1
C1CCC(CC2CCC(CCC3CCCC(C4CCCCC4)C3)CC2)CC1
C1CCC(CC2CCC(CCCC3CCCCC3C3CCCCC3)CC2)CC1
C1CCC(CC2CC(CC(C3CCCCC3)C3CCC4CCCC4C3)C3CCCCC23)CC1
C1CCC(CCC2CCC(CC3CCCCC3)CC2)CC1
C1CCC(C(C2CC2)C2CCCCC2C2CCCCC2C2CCCC2)CC1
C1CCC(CC2CCCC(C3CC(C4CCCCC4)C4CCCCC34)C2)CC1
C1CCC(CCCCC2CCC(CCC3CCCC(CC4CCCCC4)C3)CC2)CC1
C1CCC(CCC2CCC3C(CC4CCCCC4)CC(C4CCCCC4)C3C2)CC1
C1CC2CCC(CC3CCC(CC4CC(C5CCC6CCCCC65)C5CCCCC45)CC3)CC2C1
C1CCC(CC2CCC(CC3CCCC(C4CCCCC4)C3)CC2)CC1
C1CCC(CC2CC(CC3CCCCC3)CC(C3CCCCC3)C2)CC1
C1CCC(C2CCCC(C3CCC(C4CCCCC4)C3)C2)CC1
C1CCC(C2CCC(CCCC3CCCC4CC(C5CCCCC5)CCC34)CC2)CC1
C1CCC(CCC2CCCC(C3CCC(CC4CCCCC4)CC3)C2)CC1
C1CCC(C2CCC(C3CCCC(C4CCCC4)C3)CC2)CC1
C1CCC(CCC2CCCC(C3CCCCC3)C2)CC1
C1CCC(C2CCC(C3CCCCC3)CC2)CC1
C1CCC(CCCCC2CCC(CCC3CCCCC3C3CCCC(C4CCCCC4)C3)CC2)CC1
C1CCC(C2CCC(CC3CCCCC3C3CCC4CCCCC4C3)CC2)C1
C1CCC(CC2CCCCC2C2CCCCC2C2CCCCC2)CC1
C1CCC(CC2CCCC2C2CCC(CC3CCCC(CC4CCCC4)C3)CC2)CC1
C1CCC(CCCCC2CCC(CC3CCC(CC4CCCCC4)CC3)CC2)CC1
C1CCC(CCC2CCC(CC3CCC(CC4CCCCC4)CC3)CC2)CC1
C1CCC(CCCC2CCCC(C3CCCCC3)C2)CC1
C1CCC(CC2CCCCC2C2CCCCC2)CC1
C1CCC(C2CCCC(C3CCCC(C(CCC4CCCC4)C4CCCCC4)C3)C2)CC1
C1CCC(CCCCC2CCC(CCC3CCC(CC4CCCCC4)CC3)CC2)CC1
C1CCC(CC2CCCC(C3CC(C4CCCCC4)CC(C4CCC4)C3)C2)CC1
C1CCC(CCC2CCC3C(CC4CCCCC4)CC(CC4CCCC4)C3C2)CC1
C1CCC(CCC2CCCC(C3CCC(C4CCC(CC5CC6CCCCC6C5)CC4)CC3)C2)CC1
C1CCC2CC(CCC3CCCCC3C3CCC4CCCCC43)CC2C1
C1CCC(C2CCC(CC3CCCCC3CCC3CC3)CC2C2CCCCC2)CC1
C(CCCC1CCCCC1)CCCC1CCC(C2CCC3C(CCC3C3CCCCC3)C2)CC1
C1CCC(CCCC2CCC(C3CCC(CCC4CCCCC4)CC3)C(C3CCC3)C2)CC1
C1CCC(CC2CCC(C3CCCC(CC4CCCCC4)C3)CC2)CC1
C1CCC(CC2CCC3C(CC4CCCCC4)CCC3C2)CC1
C1CCC(CCCC2CC(C3CCCCC3)C3CCCCC23)CC1
C1CC(CCCC2CCCC(CCC3CC4CCCCC4C3)C2)C1
C1CCC(CC2CCC(CC3CCCCC3CC3CCCCC3)CC2)CC1
C1CCC(CC2CCCC(C3CCC(C4CCCCC4)CC3)C2)CC1
C1CCC(CC2CCCC(C3CCCC(C4CCCC(C5CCCCC5C5CCCCC5)C4)C3)C2)CC1
C1CCC(C2CCCC(C3CCCC(C4CCCC(C5CC5)C4)C3)C2)CC1
C1CCC(CC2CCC(CC3CCCC(CC4CCCCC4)C3)CC2)CC1
C1CCC(CCC2CCC(C3CCC(C4CCCCC4)CC3)CC2)CC1
C1CCC(CC2CCC(CC3CCCCC3)CC2)CC1
C1CCC(CCCC2CCCC(C3CCCCC3)C2)CC1
C1CCC(CCC2CCC(CC3CC(CC4CCCCC4)C4CCCCC34)CC2)CC1
C1CCC(CC2CCC(C3CCCCC3C3CCC4CCCCC4C3)CC2)CC1
C1CCC(C2CCC(C3CCCC(C4CCCCC4)C3)CC2)CC1
C1CCC(C2CCCC(C3CCCC(C4CCCCC4)C3)C2)CC1
C1CCC(CCCC2CCC(C3CCC(C4CCCCC4)CC3)CC2)CC1
C1CCC(CCCCCC2CCC(C3CCCCC3)CC2)CC1
C1CCC(CCCC2CCC(CC3CCC(C4CCCCC4)CC3)CC2)CC1
C1CCC(CCC2CCCC(C3CCCCC3)C2)CC1
C1CCC(CCC2CCC3CC(C4CCCCC4)CC(C4CCCCC4)C3C2)CC1
C1CCC(CC2CCCCC2C2CCC(C3CCCC3)CC2)CC1
C1CCC(CCC2CCC(CC3CCCCC3)C(C3CCCCC3)C2)CC1
C1CCC(CC2CCC(CC3CCCC(CCC4CCCC(CC5CCCCC5)C4)C3)CC2)CC1
C1CCC(CCC2CCCC(CC3CCCC(C4CC4)C3)C2)CC1
C1CC2CCC(C3CCCCC3CC3CC(CC4CCC5CCCCC54)C4CCCCC34)CC2C1
C1CCC(C2CCCC(C3CCC(CCCC4CCC(C5CCCC(C6CC6)C5)CC4)CC3)C2)CC1
C1CCC(CC2CC(CCC3CCC(C4CCC(C5CCCCC5)CC4)CC3)C3CCCCC23)CC1
C1CCC(CC2CCCC(C3CCCCC3)C2)CC1
C1CCC(CC2CCC(C3CCCCC3CC3CCCCC3)CC2)CC1
C1CCC(C2CC(C3CCC4CCCCC43)CC3CCCCC32)CC1
C1CCC(C2CCC(CC3CCC(C4CCCC4)CC3)CC2)CC1
C1CCC(CCCC2CCCC(C3CCCCC3)C2)CC1
C1CCC(C2CCCC(C3CCCC(CC4CC4)C3)C2C2CC2)CC1
C1CCC2CC(C3CCC(C4CC(C5CCC6CCCCC6C5)C5CCCCC45)CC3)CCC2C1
C1CCC(CC2CCC(C3CCCCC3)CC2)CC1
C1CCC(CC2CCCCC2)CC1
C1CCC(CC2CCCCC2C2CCC(CC3CC4CCCCC4C3)CC2)CC1
C1CCC(C2CCCC(CC3CC4CCCCC4C3)C2)CC1
C1CCC(C2CCCC(C3CCC(CC4CCCC4)CC3)C2)CC1
C1CCC(CCC2CCCC(CC3CCCC3)C2)CC1
C1CCC(CC2CCC(C3CCC(C4CC(CC5CCCC(C6CCCCC6)C5)C5CCCCC54)CC3)CC2)CC1
C1CCC(CC2CCCC(C3CC(C4CCCCC4)C4CCCCC34)C2)CC1
C1CCC(CC2CCCC(CC3CCC(CC4CCCCC4)C(C4CCCCC4)C3)C2)CC1
C1CCC(CC2CCC(CC3CCC(C4CC4)CC3C3CCCC3)CC2)CC1
C1CCC(C2CC(C3CCCC3)CCC2C2CCCCC2C2CCC3CCCC3C2)CC1
C1CCC(CC2CCC(C(CC3CCCCC3)C3CCC(C4CCCCC4)CC3)CC2)CC1
C1CCC(CCC2CCC(CC3CC4CCCCC4C3)CC2)CC1
C1CCC(CC2CCC(CC3CCCC(CC4CC4)C3)CC2)CC1
C1CCC(CCC2CCC(C3CCCCC3)CC2)CC1
C1CCC(C2CCCCC2C2CCC3CCCCC32)CC1
C1CCC(CC2CCC(CC3CCC(C4CCCCC4)CC3)CC2)CC1
C1CCC(C2CCC(C3CCCCC3)C(C3CCCCC3)C2)CC1
C1CCC(CC2CCC(CC3CCC(CC4CCCCC4)CC3)CC2)CC1
C1CCC(CC2CCCC(CC3CCC(C4CCCCC4)CC3)C2)CC1
C(CCCC1CCCC(CC2CCCCC2)C1)CCC1CC1
C(CCCCC1CC2CCCCC2C1)CCCC1CCCC(CC2CCCCC2)C1
C1CCC(CC2CCCC(CC3CCCC(C4CCC5CCCCC5C4)C3)C2)CC1
C1CCC(CCC2CCC(C3CCCCC3)CC2)CC1
C1CCC(CC2CCC(C3CCCCC3)CC2C2CCCCC2)CC1
C1CCC(CCC2CCC(CCCCC3CCCCC3CC3CC4CCCCC4C3)CC2)CC1
C1CCC(C2CCCCC2C2CCC3CCCC3C2)CC1
C1CC2CCC(CC3CCC(CCC4CCC(CC5CCC6CCCCC65)CC4)CC3)CC2C1
C1CCC(CC2CCC(C3CCCCC3CC3CCCC3)C2CC2CCCCC2)CC1
C1CCC(CC2CCCC(CCC3CCCC(CC4CCCCC4)C3)C2)CC1
C1CCC(CC2CCC(CCC3CCCC4CCCCC43)CC2)CC1
C1CCC(C2CCCC(C3CCCCC3)C2)CC1
C1CCC(CCCCC2CCC(CC3CCC(C4CCC5CCCC5C4)CC3)CC2)CC1
C1CCC(CC2CCCC(CCCC3CCCCC3C3CCC4CCCCC4C3)C2)CC1
C1CCC(CC2CCC(CCCC(CC3CCCC3)C3CCCCC3)CC2)CC1
C1CCC(CC2CCC(C3CCC4CCCC(CC5CCC6CCCC6C5)C4C3)CC2)CC1
C1CC(CCC2CCCCC2C2CCCC2)CC(CC2CC3CCCCC3C2)C1
C1CCC(CCCCCC2CC3CCCCC3C2)CC1
C1CCC(C2CCCCC2)CC1
C1CCC(CC2CCC(CCC(CC3CCCCC3)C3CCCCC3)CC2)CC1
C1CCC(CC2CCCCC2C2CCC(CCC3CCCC(C4CCCCC4)C3)CC2)CC1
C1CCC(CCCC2CCCC(CC3CCC(C4CCCCC4)CC3)C2)CC1
C1CCC(C2CCC3CCCCC32)CC1
C1CCC(C2CCC(CCCCC3CCCCC3C3CCCCC3)CC2)CC1
C1CCC(C2CCCCC2CC2CCC(CC3CCCCC3C3CCCC3)CC2)CC1
C1CCC(CC2CCCCC2C2CCC3CCCCC3C2)CC1
C1CCC(C2CCC(C3CCCCC3)C(C3CCCC(CC4CC4)C3)C2)CC1
C1CCC(C2CCC3CCCCC3C2)CC1
C1CCC(C2CCCC3CC(C4CCC5CCCCC5C4)CCC32)CC1
C1CCC(CCC2CCCCC2CC2CCC(C3CCCCC3)CC2)CC1
C1CCC(CCC2CCCCC2)CC1
C1CCC(CCC2CCCCC2C2CCCCC2)CC1
C1CCC(CC2CCC3CCC(CC4CC(CC5CCCCC5)C5CCCCC45)C3C2)CC1
C1CCC(CC2CCC(C3CCCC(C4CCCC(C5CCC6CCCC6C5)C4)C3)CC2)CC1
C1CCC(CC2CCCCC2CCC2CCCC(CCC3CC3)C2)CC1
C1CCC(C2CCC(C3CCCC(C4CCCC(C5CCCCC5)C4)C3)CC2)CC1
C1CCC(C2CCCCC2CCC2CCCCC2C2CCCCC2)CC1
C1CCC(CC2CCCC(C3CCCC(C4CCCCC4)C3)C2)CC1
C1CCC(CCC2CCCC(C3CC(CC4CCCCC4)C4CCCCC43)C2)CC1
C1CCC(CC2CCC(C3CCCC(C4CCCCC4)C3)CC2)CC1
C1CCC(CC2CCC3C(CC4CCCCC4)CC(CC4CCCCC4)C3C2)CC1
C1CCC(CC2CCCC(C3CCCCC3)C2)CC1
C1CCC(CCCCCC2CCC(CC3CCCCC3)CC2)CC1
C1CCC(C2CCC(C3CCC4C(CCCC4C4CCCCC4)C3)CC2)CC1
C1CCC(CCC2CCCCC2C2CCCCC2C2CCCCC2)CC1
C1CCC(CCC2CC(C3CC4CCCCC4C3)CCC2C2CCCCC2)CC1
C1CCC(CC2CCC(CC3CCC(CC4CCCCC4)CC3)CC2)CC1
C(CCCC1CC2CCCCC2C1)CCC1CCC(CC2CCCCC2)CC1
C1CCC(CCC2CCC(CCC3CCCCC3)CC2)CC1
C1CCC(CC2CCC(CC3CCC(C4CCCCC4)CC3)CC2)CC1
C1CCC(CC2CC(C3CCCCC3)CC(C3CCCCC3C3CCCCC3)C2)CC1
C1CCC(CC2CC(C3CCCC3)CC(C3CCCC(C4CCCC4)C3)C2)CC1
C1CCC(CCCC2CCC(CC3CCC(C4CCCCC4)CC3)CC2)CC1
C1CCC(C2CCCCC2C2CCCCC2)CC1
C1CCC(C2CCCC(C3CCCCC3)C2)CC1
C1CCC(CC2CC(CC3CCCC3)C3CC(C4CCC(C5CCCCC5)C4)CCC23)CC1
C1CCC(CC2CCC(CC3CCC(CC4CCCCC4)CC3)CC2)CC1
C1CCC(CCCCC2CCC(CC3CCC(C4CCCC4)CC3)C(CC3CCCCC3)C2)CC1
C1CCC(CCCC2CCCCC2C2CCCCC2)CC1
C1CCC(C2CCC(CC3CC(C4CCCCC4C4CCCCC4)C4CCCCC34)CC2)CC1
C1CCC(CC2CCCC(C3CC3)C2)C(CCCC2CCCC2C2CCCC3CCCCC32)C1
C1CCC(CCC2CCCCC2C2CCCCC2)CC1
C1CCC(CCC2CCC(C3CCC(CC4CCCCC4)CC3)CC2)CC1
C1CCC(C2CCCC(C3CC(C4CCCC4)CC4CCCCC43)C2)CC1
C1CCC(C2CCCCC2C2CCC(CC3CCC4CCCCC4C3)CC2)CC1
C1CCC(CCC2CCCCC2CC2CCCCC2C2CCCC2)CC1
C1CCC(CC2CCC(C3CCCCC3)CC2C2CCCC2)CC1
C1CCC(CCC2CCC(C3CCCC(CCCC4CCCCC4C4CCCCC4)C3)CC2)CC1
C1CCC(C2CCCC(C3CCCCC3)C2)CC1
C1CCC(C2CCC(CCC3CCC(C4CCCC4)CC3)CC2)CC1
C1CCC(CC2CCC(C3CCCC(C4CCCCC4)C3)CC2)CC1
C1CCC(CC2CCC(C3CCCC(C4CCC5CCCCC5C4)C3)CC2)CC1
C1CCC(CC2CCC(C3CCC(C4CCCC(C5CCCCC5)C4)CC3)CC2)CC1
C1CCC(C2CCC(C3CCC(C4CCCCC4)CC3)CC2)CC1
C1CCC(C2CCCCC2CC2CCCC(CCCC3CCCC(C4CCC4)C3)C2)CC1
C1CCC(CC2CCCC(C3CCCC(C4CCCCC4)C3)C2)CC1
C1CCC(CC2CC(C3CCCCC3)C3CCC4CCCCC4C3C2)CC1
C1CCC(CCC2CCCC(C3CCCCC3)C2)CC1
C1CCC(CC2CCCC(C3CCCCC3)C2)CC1
C1CCC(CC2CCCC(CCC3CCC4CCC(C5CCCCC5)C4C3)C2)CC1
C1CCC(CC2CCCCC2C2CCC3C(CC4CCCC4)CCC3C2)CC1
C1CCC(C2CCCC(CC3CC(C4CCC5CCCCC5C4)C4CCCCC34)C2)CC1
C1CCC(C2CCC(CC3CCC(CCC4CC5CCCCC5C4)CC3)CC2)CC1
C1CCC(CC2CCC(C3CCCCC3)C(C3CCCCC3)C2)CC1
C1CCC(CC2CC(CC3CC3)CCC2C2CCCCC2)CC1
C1CCC(CC2CC(CCC3CCC(C4CC5CCCCC5C4)CC3)C3CCCCC23)CC1
C1CCC(C2CCC(CCC3CCCCC3CC3CCCC3)CC2)CC1
C1CCC(C2CCCCC2C2CCCCC2)CC1
C1CCC(CCC2CCCC(CC3CCCCC3)C2)CC1
C1CCC(CC2CC(C3CCCCC3)C3CCCCC23)CC1
C1CCC(CCC2CC(C3CCCCC3)CC(C3CCC4CCCC4C3)C2)CC1
C1CCC(C2CCCC(CC3CCC(C4CCCCC4)C3)C2)CC1
C1CCC(C2CCCC(CC3CCCCC3C3CCCCC3)C2)CC1
C1CCC(C2CC(C3CCC4CCCC4C3)CC3CCCCC32)CC1
C1CCC(C2CCCCC2CCC2CCCCC2C2CCCCC2)CC1
C1CCC(CCCC2CCC(CCC3CCCCC3)CC2)CC1
C1CCC(CC2CCC(C3CCCC(C4CCCC(CC5CCCCC5)C4)C3)CC2)CC1
C1CCC(CC2CCC(C3CCCC(C4CCCCC4)C3)CC2C2CCCCC2)CC1
C1CCC(CC2CCCCC2CC2CCC(CC3CCC(C4CCC5CCCCC54)C3)CC2)CC1
C1CCC(CC2CCC(C3CC(C4CCCCC4)C3)CC2)CC1
C1CCC(C2CCCC(C3CCCC(C4CCC(CCC5CCCC5)C(C5CCC6CCCC6C5)C4)C3)C2)CC1
C1CCC(CCC2CC(C3CCC4CCCC4C3)CCC2CCC(C2CC2)C2CCC3CCCCC3C2)CC1
C1CCC(C2CCCC(CC3CCC4CCCC4C3)C2)CC1
C1CCC(CCC2CCCCC2C2CCCCC2)CC1
C1CCC(CCCC2CC(C3CCCCC3)C3CCC(CC4CCCC(C5CCCC5)C4)CC23)CC1
C1CCC(CCCC2CCC(C3CCCCC3)CC2)CC1
C1CCC(C2CC(C3CCCCC3C3CCCC3)C3CCCCC23)CC1
C1CCC(CC2CCC(CCC(CC3CCCCC3)C3CCC4CCCCC4C3)CC2)CC1
C1CCC(CC2CCC(CC3CCC(CC4CCC(C5CC5)CC4)CC3)CC2)CC1
C1CCC(CCCCCC2CCCC(C3CCCCC3)C2)CC1
C1CCC(C2CCC(C3CCCCC3C3CCCCC3)CC2)CC1
C1CCC(CC2CCC(CCC3CCCC(C4CCCCC4)C3)CC2)CC1
C1CCC(CCC2CCC(CC3CCC(C4CCCCC4)CC3)CC2)CC1
C1CCC(CCCC2CCC(C3CCCCC3)CC2)CC1
C1CCC(CC2CC(C3CCCCC3)C3CCCCC23)CC1
C1CC(C2CCC(CCC3CCC(CC4CC5CCCCC5C4)CC3)CC2)C1
C1CCC(CCC2CCCC(C3CCCCC3)C2C2CCCCC2)CC1
C1CCC(C2CCCC3CC(CCC4CCC(C5CCC6CCCC6C5)CC4)CCC32)CC1
C1CCC(C2CCCC(CCC3CCCC(C4CCCCC4)C3)C2)CC1
C1CCC(C2CCC(C3CC(C4CCCCC4)C4CCCCC34)CC2)CC1
C1CCC(CCCC2CCC(C3CCCC(C4CCCCC4)C3)CC2)CC1
C1CCC(CC2CC(C3CCC(CC4CCC(C5CCCCC5)CC4)CC3)C3CCCCC23)CC1
C1CCC(CCCC2CCCC(C3CCCCC3)C2)CC1
C1CCC(CCCCC2CCCCC2)CC1
C1CCC(CCC2CCC(C3CCCC(C4CCC(CCC5CCCCC5)CC4)C3)CC2)CC1
C1CCC(CCC2CCC(C3CCC(C4CCC(CC5CCCCC5)CC4)CC3C3CCCC3)CC2)CC1
C1CCC(C2CCC(C3CCC(CC4CC4)CC3)CC2)CC1
C1CCC(CCC2CCCC(CCCCC3CCC(CC4CCCCC4)CC3)C2)CC1
C1CCC(C2CCC(CCC3CCCC(C4CCC4)C3)CC2)CC1
C1CCC(C2CCC(C3CCC(CC4CC5CCCCC5C4)C3)CC2)CC1
C1CCC(C2CCCC(CC3CCCCC3C3CCCCC3)C2)CC1
C1CCC(CC2CCCCC2C2CCCCC2)CC1
C1CCC(CCCCC2CCCC(CCCC3CCCCC3)C2)CC1
C1CCC(CC2CC(CC3CCCC(C4CCCCC4)C3)C3CCCCC23)CC1
C1CCC(CCC2CCC(C3CCCC(C4CCCCC4)C3)CC2)CC1
C1CCC(C2CC(C3CCCC3)CC(C3CCCC(CCC4CCCC4)C3)C2)CC1
C1CCC(CC2CCC(CC3CCCCC3)CC2)CC1
C1CCC(CCC2CCCC(CC3CCC(C4CCCCC4)CC3)C2)CC1
C1CCC(CC2CCC(C3CCCC3)CC2C2CCCCC2)CC1
C1CCC(C2CCC(C3CCCC(CC4CCC5CCC(C6CCCCC6)C5C4)C3)CC2)CC1
C1CCC(CC2CCCC(CCC3CCCCC3C3CCCCC3)C2)CC1
C1CCC(CC2CCCC(CC3CCCCC3CC3CCCCC3)C2)CC1
C1CCC(C2CCC(CC3CCCC(C4CCCCC4)C3)CC2)CC1
C1CCC(C2CCCC(C3CCCCC3)C2)CC1
C1CCC(CCCC2CC(CC3CCC(C4CCCCC4)CC3)C3CCCCC23)CC1
C1CCC(C2CCCCC2C2CCC(C3CCC3)CC2)CC1
C1CCC(CCCC2CCCC(C3CCCCC3)C2)CC1
C1CCC(CC2CCC(C3CCCC(C4CCCC4)C3)CC2)CC1
C1CCC(CC2CCC(CC3CCCCC3)CC2)CC1
C1CCC(C2CCCC3CC(C4CCCCC4C4CCC(C5CC6CCCCC6C5)CC4)CCC32)CC1
C1CCC(C2CCC(CCC3CC(C4CC4)CCC3C3CCCCC3)CC2)CC1
C1CCC(CC2CCC(CCC3CCCCC3C3CCCC3)CC2)CC1
C1CCC(CC2CCCC(CCCC3CC(CC4CCCCC4)C4CCCCC34)C2)CC1
C1CCC(C2CCCC(C3CCCCC3C3CCC(C4CCCC4)CC3)C2)CC1
C1CCC(CC2CCC(C3CCCC(CCCCC4CC4)C3)CC2)CC1
C1CCC(CCCCC2CCC(C3CC4CCCCC4C3)C(CC3CCCC3)C2)CC1
C1CCC(CCCCC2CCC(C3CC(C4CCCCC4)C4CCCCC34)CC2)CC1
C1CCC(CCC2CCC(CCCC3CCCC(C4CCCCC4CC4CCCCC4)C3)CC2)CC1
C1CCC(C2CCCCC2C2CCCC(CCCCC3CCC(CC4CC4)CC3)C2)CC1
C1CCC(CC2CCCCC2C2CCC3CCCC3C2)CC1
C1CCC(C2CCCC(C3CCCC3)C2)CC1
C1CCC(C2CCCC(C3CCCC(C4CCCCC4)C3)C2)CC1
C1CCC(CC2CCC(CCCCC3CCCC(C4CCCCC4)C3)CC2)CC1
C1CCC(CCCC2CCCCC2C2CCCC(CC3CCCC3)C2)CC1
C1CCC(C2CCCC(C3CCCC(C4CCCCC4)C3)C2)CC1
C1CCC(CC2CCCCC2)CC1
C1CCC(CCCC2CCC(C3CC(C4CCC(CC5CCCCC5)CC4)C4CCCCC34)CC2)CC1
C1CCC(C2CCCC(CCCC3CC(CC4CC4)CCC3C3CCCC(C4CCC4)C3)C2)CC1
C1CCC(CC2CCC(C3CCCC(CC4CC5CCCCC54)C3)CC2)CC1
C1CCC(C2CCCC(C3CCCCC3)C2)CC1
C1CCC(CC2CCCC(CC3CCCCC3)C2)CC1
C1CCC(C2CCC(C3CCC(C4CCCCC4)CC3)CC2)CC1
C1CCC(CC2CCC(CC3CCC(C4CCCCC4)CC3)CC2)CC1
C1CCC(CC2CCCC(C3CCC(CC4CCC(C5CCCCC5)CC4)CC3)C2)CC1
C1CCC(CCC2CC(CC3CCCCC3)CCC2CC2CC3CCCCC3C2)CC1
C1CCC(CCCC2CCCC(C3CCCCC3)C2)CC1
C1CCC(C2CCCC(C3CCC(CC4CCC(C5CCC5)CC4)CC3CC3CCCC3)C2)CC1
C1CCC(CC2CCCCC2C2CC(C3CCCCC3)CC(C3CCCCC3)C2)CC1
C1CCC(CC2CC(CC3CCCCC3)C3CCCCC23)CC1
C1CCC(CC2CCC(CCC3CCCCC3C3CCCCC3)CC2)CC1
C1CCC(CC2CCCCC2CC2CCCCC2)CC1
C1CCC(CC2CCCC(C3CCC(CC4CCCC4C4CCCCC4)CC3)C2)CC1
C1CCC(CCCCC2CCCC(CC3CCC(CCC4CCCCC4)CC3)C2)CC1
C1CCC(CCCCC2CCCCC2C2CCCCC2)CC1
C1CCC(CC2CCC(C3CCCC(C4CCCCC4)C3)CC2)CC1
C(CCCC1CCC(CC2CCC(C3CCCCC3)CC2)CC1)CCC1CCCCC1
C1CCC(C2CCCC(C3CCCC(C4CCCCC4)C3)C2)CC1
C1CCC(CC2CCC(C3CCCC(C4CCC(C5CCCCC5)CC4)C3)CC2)CC1
C1CCC(C2CCCC(C3CCCCC3)C2)CC1
C1CCC(CC2CCC(CC3CCCCC3)CC2)CC1
C1CCC(CC2CCC(CC3CCCCC3)CC2)CC1
C1CCC(CC2CCCC(C3CCC(CC4CC4)CC3)C2)CC1
C1CCC(CC2CCC(CC3CCC(C4CCCCC4)CC3)CC2)CC1
C1CCC(CCC2CCC(CC3CCC(CC4CCCCC4)CC3)CC2)CC1
C1CCC(CCC2CCC(C3CCCCC3)CC2C2CCCCC2)CC1
C1CCC(CC2CCCC(C3CCCCC3)C2)CC1
C1CCC(CCC2CCC(CC3CCCCC3)CC2)CC1
C1CCC(CC2CCCC(C3CCCC(CC4CCCCC4)C3)C2)CC1
C1CCC(CC2CCC(CC3CCCC(C4CCCC4)C3)CC2)CC1
C1CCC(C2CCCC(C3CCCCC3)C2)CC1
C1CCC(C2CCCC(C3CCC(CC4CCC5CCCCC54)CC3)C2)CC1
C1CCC(C2CCC3CC(C4CCC(C5CCCC5)C4)CC(C4CCCCC4)C3C2)CC1
C1CCC(CC2CCCC(C3CCC(CCC4CCCC(C5CC5)C4)CC3)C2)CC1
C1CCC(CC2CCCCC2CC2CCCC(C3CCCCC3)C2)CC1
C1CCC(C2CCC(C3CCC(CC4CCC(CC5CC6CCCCC6C5)CC4)CC3)CC2)C1
C1CCC(CCC2CCCC(C3CCCC(CC4CCCCC4)C3)C2)CC1
C1CCC(CC(CCC2CCCCC2C2CCCCC2)C2CCCCC2)CC1
C1CCC(CC2CCCC(C3CCCC(C4CCCCC4)C3)C2)CC1
C1CCC(CC(C2CCCCC2)C2CCC3CCCCC32)CC1
C1CCC(CC2CCC(CC3CCC(C4CCCCC4CC4CC4)CC3)CC2)CC1
C1CCC(CC2CCC(C3CCCCC3)CC2)CC1
C1CCC(C2CCCC(C3CCCCC3)C2)CC1
C1CCC(CCC(CC2CCCCC2)C2CCCCC2)CC1
C1CCC(CCC2CCCC(C3CCCCC3)C2)CC1
C1CCC(CC2CCC(CC3CCCCC3)CC2)CC1
C1CCC(C2CCC(C3CCCC3)C(C3CCCC3)C2)CC1
C1CCC(C2CCC(CCC3CC4CCCCC4C3)CC2)CC1
C1CCC(C2CCCC(C3CCC4C(CC5CCCC5)CCC4C3)C2)CC1
C1CCC(CC2CCC(C3CCCCC3)C(CC3CCCCC3)C2)CC1
C1CCC(CC2CCC(C3CCCCC3)CC2)CC1
C1CCC(CC2CCCC(CC3CCC4CC(C5CCCCC5C5CCCCC5)CCC34)C2)CC1
C1CCC(C2CCCCC2)CC1
C1CCC(CCCC2CCCC(C3CCCC(C4CCCCC4)C3)C2)CC1
C1CCC(C2CCC(C3CCCCC3C3CCC4CCCC4C3)C(C3CCCC3)C2)CC1
C1CCC(CCC2CCC(C3CCCC(C4CCCC(C5CCCCC5)C4)C3)CC2)CC1
C1CCC(CC2CCC(CC3CCCCC3C3CCCCC3)CC2)CC1
C1CCC(CC2CCC(C3CCC(CCCC4CCC5CCCCC5C4)CC3)CC2)CC1
C1CCC(CCCC2CCCC(CCC3CCC(C4CCCC(C5CCCC6CCCCC65)C4)CC3)C2)C1
C1CCC(CCC2CCC(C3CCCCC3)C(CCC3CCCCC3)C2)CC1
C1CCC(C2CCCCC2)CC1
C1CCC(C2CCCC(C3CCC(CC4CCC(C5CCCCC5C5CCCCC5)CC4)CC3)C2)CC1
C1CCC(CCC2CCCC3CCCCC32)CC1
C1CCC(C2CCC(C3CCCC(C4CCCC4)C3)CC2)CC1
C1CCC(C2CCC(C3CCCC(CC4CCCC(C5CCC5)C4)C3)CC2)CC1
C1CCC(C2CCCCC2C2CCC3CCCC3C2)CC1
C1CCC(C2CCCC(C3CCCCC3)C2)CC1
C1CCC(CC2CCC(CCCCC3CCCCC3C3CCC4CCCCC4C3)CC2)CC1
C1CCC(C2CCCC2C(C2CCCCC2)C2CCCCC2)CC1
C1CCC(CC2CCC(CC3CC4CCCCC4C3)CC2)CC1
C1CCC(CCC2CCCC(C3CCCCC3)C2)CC1
C1CCC(C2CCC(CCCCC3CCC(C4CCC(C5CC6CCCCC6C5)CC4)CC3)CC2)CC1
C1CCC(C2CC3CCC(C4CCCCC4)CC3C(C3CCCCC3)C2)CC1
C1CCC(CC2CCC(C3CCCCC3)CC2)CC1
C1CCC(CCCC2CCC(CC3CCC(C4CCCCC4)CC3)CC2)CC1
C1CCC(CC2CCC(C3CCCCC3)CC2)CC1
C(CCC1CCCC1)CCC1CCC(C2CCCCC2)CC1
C1CCC(C2CCC(C3CCCC(C4CCC(C5CCCC5)CC4)C3)CC2)CC1
C1CCC(C2CCCC(CC3CCCC3)C2)CC1
C1CCC(CCC2CCC(CC3CCCCC3)CC2)CC1
C1CCC(C2CCCC(CC3CCCC(C4CCCC(CC5CCCC5)C4)C3)C2)CC1
C1CCC(CC2CC(C3CCCCC3)CCC2C2CC(C3CCCCC3)CC(C3CCC3)C2)CC1
C1CCC(C2CCC(C3CCCC(C(CC4CC5CCCCC5C4)C4CCCC4)C3)CC2)C1
C1CCC(C2CCC(CC3CC(C4CCCCC4)C4CCCCC34)CC2)CC1
C1CCC(CCC2CC(C3CCC(C4CC5CCCCC5C4)CC3)C3CCCCC23)CC1
C1CCC(CC2CCC(C3CCCC(CC4CC5CCCCC5C4)C3)CC2)CC1
C1CCC(C2CCCCC2CCCC2CCC3CCCC3C2)CC1
C1CCC(CCCCCC2CCC(CC3CCC(C4CCC4)CC3)CC2)CC1
C1CCC(CC2CCC(C3CCCCC3C3CCC(CC4CCC(CC5CC5)CC4)CC3)CC2)CC1
C1CCC(CC2CCCCC2CCCC2CCCCC2CC2CCC(C3CCCC(C4CCC4)C3)CC2)C1
C1CCC(C2CCC(C3CCC(C4CCCCC4)CC3)CC2)CC1
C1CCC(CC2CCCC(C3CCCC(C4CCCCC4)C3)C2)CC1
C1CCC(CC2CCC(CCC3CCC(CC4CCC(CC5CCCCC5)CC4)CC3)CC2)CC1
C1CCC2C(C1)CCCC2CC1CC2CCC(C3CCCC4CCCCC43)CC2C1
C1CCC(C2CCCCC2C2CCCCC2)CC1
C1CCC(CC2CCC(C3CCCC(CC4CCCCC4)C3)CC2)CC1
C1CCC(C2CCC(C3CCCCC3)C(C3CCCCC3)C2)CC1
C1CCC(C2CCC(CC3CC(C4CCC4)C4CCCCC34)CC2)CC1
C1CCC(CCC2CCCC(C3CCCCC3)C2)CC1
C1CCC(C2CCC(C3CCCC3)CC2)CC1
C1CCC(CC2CC(C3CCCCC3)CCC2CCC2CCC(C3CCCCC3)C2)CC1
C1CCC(CCC2CCC(CC3CCCCC3CC3CCCCC3)CC2)CC1
C1CCC(CCC2CCC(CC3CCCCC3)CC2)CC1
C1CCC(CC2CC(C3CCCC(CC4CCC5CCCCC5C4)C3)C3CCCCC23)CC1
C1CCC(CC2CCCC(CCCC3CCC(C4CCCCC4)CC3)C2)CC1
C1CCC(CC2CCC(CC3CCC(CC4CCCCC4)CC3)CC2)CC1
C1CCC(CCC2CCCCC2)CC1
C1CCC(CC2CCC(C3CCCCC3)CC2)CC1
C1CCC(C2CCC(C3CCC4CCCCC4C3)CC2)CC1
C1CCC(C2CCCCC2C2CCCCC2C2CCCCC2)CC1
C1CCC(CC2CCC(CC3CCC(CCC4CC5CCCCC5C4)C(C4CCCCC4)C3)CC2)CC1
C1CCC(CCC2CCC(C3CCCCC3CC3CCCC3C3CCC4CCCCC4C3)CC2)CC1
C1CCC(C2CCCCC2CC2CCCC(C3CCCC(CC4CC4)C3)C2)CC1
C1CCC(CC2CCC(C3CC(CC4CCCCC4)C4CCCCC43)CC2)CC1
C1CCC(C2CCC(C3CCC4CC(C5CCCCC5)CCC43)CC2)CC1
C1CCC(CCC(CC2CCCCC2)C2CCCCC2)CC1
C1CCC(CC2CCCC(C3CCC4CCCCC4C3)C2)CC1
C1CCC(C2CCCC(C3CCCC(C4CCC(CC5CC5)CC4)C3)C2)CC1
C1CCC(CC2CCCCC2)CC1
C1CCC(CC2CCCC(C3CCCCC3C3CC4CCCCC4C3)C2)CC1
C1CCC(C2CC(C3CCCC3)CC(C(CCCC3CCCC3)C3CCCCC3)C2)CC1
C1CCC(C2CCCC(C3CCC(C4CC4)CC3)C2C2CCCCC2)CC1
C1CCC(CCC2CC(CC3CCCCC3)C3CCCCC23)CC1
C1CCC(CC2CCCC(C3CCCC(C4CCC(C5CCCCC5)CC4)C3)C2)CC1
C1CCC(CCC2CCCCC2C2CCCC(C3CCC(CC4CCCCC4)CC3)C2)CC1
C1CCC(C2CCCCC2CCCC2CCCC(CC3CCCC(C4CCC4)C3)C2)CC1
C1CCC(CC2CCCC(CC3CCCCC3)C2)CC1
C1CCC(CC2CCCCC2C2CCCCC2)CC1
C1CCC(C2CCC(CC3CCCC(C4CCCCC4C4CCCCC4)C3)CC2)CC1
C1CCC(C2CCCCC2C2CCCCC2)CC1
C1CCC(CC2CCCC(C3CCCCC3)C2)CC1
C1CCC(CCC2CCCC(C3CCCCC3CC3CCC4CCCCC43)C2)CC1
C1CCC(CCCC2CCC(CC3CCC(C4CCCCC4)CC3)CC2)CC1
C1CCC(CC2CCC(C3CCC4CCCCC4C3)C(C3CCC4C(CC5CCCCC5)CCC4C3)C2)CC1
C1CCC(C2CCC(C3CCCCC3)CC2)CC1
C1CCC(CC2CCCC(C3CCCCC3)C2)CC1
C1CCC(C2CCC(C3CCCCC3)CC2)CC1
C1CCC(CC2CCC3CC(C4CCC5CCCCC54)CC(C4CCCCC4)C3C2)CC1
C1CCC(CCC2CCCC(C3CCCCC3C3CCCCC3C3CCCC3)C2)C1
C1CCC(CC2CCCC(CC3CCCCC3C3CCC4CCCCC4C3)C2)C1
C1CCC(C2CC(C3CCCC(CC4CCC4)C3)C3CC(CCC4CCCC4)CCC23)CC1
C1CCC(C2CCCCC2C2CCCCC2)CC1
C1CCC(CCC2CCC(CC3CCC(CCC4CCCCC4)CC3)CC2)CC1
C1CCC(C2CCC(C3CC(C4CCCCC4)C4CCCCC34)CC2)CC1
C1CCC(C2CCCC(CC3CCC(C4CCC5CC(C6CCCCC6)CC(C6CCCCC6)C5C4)CC3)C2)CC1
C1CCC(CCC2CCCCC2)CC1
C1CCC(C2CCCC(CC3CCCC(C4CCCCC4)C3)C2)CC1
C1CCC(CCCC2CCCCC2C2CCC(CCC3CCCCC3)CC2)CC1
C1CCC(CC2CCC(CCCC3CCCCC3C3CCCCC3)CC2)CC1
C1CCC(CC2CCCC(C3CCC(C4CCCCC4)CC3)C2)CC1
C1CCC(CCC2CCC(C3CCCCC3C3CC4CCCCC4C3)CC2)CC1
C1CCC(C2CCCCC2C2CCCC(C3CCC(CC4CCCC4)CC3)C2)CC1
C1CCC(CC2CCCCC2C2CCCCC2)CC1
C1CCC(CCC2CCCC(CC3CCCCC3)C2)CC1
C1CCC(CCC2CCCC(C3CCCCC3)C2)CC1
C1CCC(CC2CCCC(CCC3CCCC(C4CCCCC4)C3)C2)CC1
C1CCC(C2CCCCC2C2CCC(CC3CCC(CC4CCCC4)CC3)CC2)CC1
C1CCC(CC2CCC(CC3CCCC(CC4CCCCC4)C3)CC2)CC1
C1CCC(CCC2CCC(CC3CCC(CCC4CCC(C5CCCC5)CC4)CC3)CC2)CC1
C1CCC(CCC2CCCC(C3CCCCC3)C2)CC1
C(CCCC1CCCCC1)CCCC1CCCCC1C1CCCCC1
C1CCC(CC2CCC(C3CCCC(CC4CCCCC4)C3)CC2)CC1
C1CCC(CC2CCCC(C3CCCCC3)C2C2CCCCC2)CC1
C1CCC(CCC(C2CCCCC2)C2CC(CC3CCCCC3)CCC2C2CCCC2)CC1
C1CCC(CCCCCC2CCC(C3CCCCC3)CC2)CC1
C1CC(C2CCC(C3CCCC(C4CCC(CC5CCC(CC6CC7CCCCC7C6)CC5)CC4)C3)CC2)C1
C1CCC(CC2CCC(CC3CCCCC3)CC2)CC1
C1CCC(C2CCCC(C3CCCC(C4CCCC5CC(C6CCCC6)CCC54)C3)C2)CC1
C1CCC(CC2CCCC(C3CCCCC3)C2)CC1
C1CCC(CC2CCC(C3CCC(C4CCCCC4C4CC4)CC3)CC2)CC1
C1CCC(CC2CCCC(CCC3CCCCC3C3CCCC3)C2)CC1
C1CCC(CCCC2CCC(CC3CCCC(CC4CC5CCCCC5C4)C3)CC2)CC1
C1CCC(C2CCCC(C3CCCCC3)C2)CC1
C1CCC(CC2CCC(C3CCC(C4CCCCC4)C3)CC2)CC1
C1CCC(CCCC2CCCCC2CCC2CCCCC2)CC1
C1CCC(CCCCC2CCCC(C3CCCCC3C3CCCCC3)C2)CC1
C1CCC(CCC2CCC(C3CCCC(C4CCCCC4)C3)CC2)CC1
C1CCC(CC2CCCCC2C2CCCCC2)CC1
C1CCC(CCCC2CCCCC2)CC1
C1CCC(CCCC2CCC(CC3CCCC(CC4CCCCC4)C3)CC2)CC1
C1CCC(CC2CCCC(C3CCCC(CC4CCC4)C3)C2)CC1
C1CCC(C2CCCC(C3CCCCC3)C2)CC1
C1CCC(C2CCC(CC3CCCC(CC4CCC(C5CCCC5)CC4)C3)CC2)CC1
C1CCC(CCC2CCC(CC3CCC(C4CCCCC4)CC3)CC2)CC1
C1CCC(CC2CCCCC2C2CC3CCC(C4CCCCC4)CC3C(C3CCCCC3)C2)CC1
C1CCC(C2CCCC(CCC3CCC(C4CCC5CCCCC54)CC3)C2)C1
C1CCC(CC2CCCCC2CCCC2CCCCC2C2CCCC2)CC1
C1CCC(CC2CC3CCC(C4CC4)CC3C(C3CCCCC3)C2)CC1
C1CCC(C2CCC(C3CCCC(C4CCCC4)C3)CC2C2CCCCC2CC2CCCC2)CC1
C1CCC(C2CCC(C3CC(C4CCCCC4)C4CCCCC34)CC2)CC1
C1CCC(CCC2CCC(C3CCCC(C4CCCCC4C4CCCCC4)C3)CC2)CC1
C1CCC(C2CCCC(C3CCCC(CCCC4CCCC(C5CCCC5)C4)C3)C2)CC1
C1CCC(CC2CCCC(CC3CCCCC3)C2)CC1
C1CCC(CC2CCC(CC3CCC(C4CC(C5CCCCC5)C(C5CCCCC5)C4)CC3)CC2)CC1
C1CCC(C2CCCC(C3CCCC(C4CCCCC4)C3)C2)CC1
C1CCC(CC2CCC(C3CCCC(C4CCC(C5CCCCC5)CC4)C3)CC2)CC1
C1CCC(C2CCCCC2CC2CC2)CC1
C1CCC(CC2CC(C3CCCCC3C3CCC4CCCC4C3)C3CCCCC23)C1
C1CCC(CC2CCC(C3CCCCC3)CC2)CC1
C1CCC(CCC2CCC(C3CCCCC3)CC2)CC1
C1CCC(C2CCC3CC(C4CCCC4)CC(C4CCCCC4)C3C2)CC1
C1CCC(CCC2CCC(CCC3CCCCC3)CC2)CC1
C1CCC(CC2CCCC(C3CCCCC3C3CCC4CCCCC43)C2)CC1
C1CCC(CCCCC2CCCCC2C2CCCCC2)CC1
C1CCC(CCC2CCC(C3CC(C4CCC(C5CCC6CCCCC65)CC4)C3)CC2)CC1
C1CCC(CC2CCC(C3CCC(CCC4CCCC4)C3)CC2)CC1
C1CCC(CC2CCCC(C3CCCC(C4CCCCC4)C3)C2)CC1
C1CCC(CCC2CCC(C3CCCCC3)CC2)CC1
C1CCC(CC2CCCC(C3CCCCC3CC3CCCC3)C2)CC1
C1CCC(CC2CCC(C3CCCC(C4CCCC4)C3)CC2)CC1
C1CCC(CCC2CCCC(CC3CCCCC3)C2)CC1
C1CCC(CCC2CCC(CC3CCCCC3)CC2)CC1
C1CCC(CCCC2CCC(C3CCCCC3)CC2)CC1
C1CCC(CCCC2CCC3CCCC(C4CCCCC4)C3C2)CC1
C1CCC(CC2CCCCC2)CC1
C1CCC(CCC2CCC(CCC3CCCC(C4CCCCC4)C3)CC2)CC1
C1CCC(CC2CC(C3CCCC(CCC4CCC(C5CCCCC5)CC4)C3)C3CCCCC23)CC1
C1CCC(CCC2CCC(CC3CCCCC3)CC2)CC1
C1CCC(C2CCC(CC3CCC(CCC4CCC(C5CCCC5)CC4)CC3)CC2)CC1
C1CCC(CCCCC2CCC(CC3CCCCC3)CC2)CC1
C1CCC(C2CCC(CC3CCC(C4CCCC(C5CCCC5)C4)CC3)C3CCCC23)CC1
C1CCC(C2CCC(C3CCCCC3)C(C3CCCC3)C2)CC1
C1CCC(CC2CCCC(C3CCCC(C4CCCCC4)C3)C2)CC1
C1CCC(CCCC2CCCCC2)CC1
C1CCC(C2CCC(CC3CCC(C4CCCC4)CC3)CC2)CC1
C1CC2CCC(C3CCCC3C3CCC(C4CCCC4)C(C4CCC5CCCC5C4)C3)CC2C1
C1CCC(CCCCC2CCCC(C3CCCCC3)C2)CC1
C1CCC(CC2CCC(CC3CCCCC3C3CCCCC3)CC2)CC1
C1CCC(C2CCC(CCC3CCC(C4CCC(CC5CCCC5)CC4)CC3)CC2)CC1
C1CCC(CC2CCC(CC3CCC(CC4CC5CCCCC5C4)CC3)CC2)CC1
C1CCC(C2CCC(C3CCCCC3C3CCCCC3C3CCCCC3)CC2)CC1
C1CCC(CC2CCC(C3CCCCC3)CC2)CC1
C1CCC(C2CCC(C3CCC(C4CCCC4)CC3)CC2)CC1
C1CCC(CCCC2CCC(C3CCCC(CC4CC5CCCCC54)C3)C2)CC1
C1CCC(CCCC2CCC(CC3CCC(CCC4CCCCC4)CC3)CC2)CC1
C1CCC(CC2CCC(CC3CC(C4CCCCC4)C4CCCCC34)CC2)CC1
C1CCC(C2CC(CC3CCCC(C4CCCC4)C3)C3CCCCC32)CC1
C1CCC(CC2CCC3CCCC(C4CCCCC4)C3C2)CC1
C(CCC1CCCC1)CCC1CCCC(CC2CCCCC2C2CCC3CCCC3C2)C1
C1CCC(C2CCC(CCC3CCCCC3C3CCCC4CCCCC43)CC2)CC1
C1CCC(C2CCCC(C3CCC(CC4CCC5CCCC5C4)CC3)C2)C1
C1CCC(CCC2CCC(C3CCCC(C4CCC4)C3)CC2C2CCCCC2)CC1
C1CCC(CC2CCC3C(CCC3C3CCC(CCC4CC5CCCCC5C4)CC3)C2)CC1
C1CCC(CCC2CCC(CC3CCCC(CC4CCCCC4)C3)CC2)CC1
C1CCC(C2CCCC(C3CCC(CC4CCCC4)CC3)C2)CC1
C1CCC2CC(CCC3CCC(CCC4CC5CCCCC5C4)CC3)CC2C1
C1CCC(CC2CC3CC(C4CCCCC4)CCC3C(C3CCCCC3)C2)CC1
C1CCC(CC2CCC(CCC3CCCC(C4CCCCC4)C3)CC2)CC1
C1CCC(C2CCC3CCC(CCCC4CCC5CCCC5C4)CC3C2)CC1
C1CCC(C2CCCCC2C2CCC3CCCC3C2)CC1
C1CCC(CC2CCC(CCC3CCC(C4CCC5CCCCC5C4)CC3)CC2)C1
C1CCC(CCCCC2CCC(CC3CCCCC3)CC2)CC1
C1CCC(CCC2CCC(CC3CCC(CC4CCCCC4)CC3)CC2)CC1
C1CCC(CC2CCC(C3CCCCC3)CC2)CC1
C1CCC(CC2CC(C3CCCCC3)CCC2CCC2CCCC2)CC1
C1CCC(CCC2CC(CCC3CCCCC3)CC(C3CCCCC3)C2)CC1
C1CCC(C2CC(C3CCCCC3)CC(C3CCCCC3)C2)CC1
C1CCC(CCC2CC(C3CCCCC3)CC(C3CCCC3)C2)CC1
C1CCC2CC(CCC3CCCCC3C3CCCC3)CC2C1
C1CCC(C2CCCC(C3CC(C4CCCCC4)CC(C4CCCC4)C3)C2)CC1
C1CCC(CCC2CCCC(C3CCCC(C4CCCC4)C3)C2)CC1
C1CCC(CC2CCC(C3CCCCC3)CC2)CC1
C1CCC(CCCCCC2CCCC(CC3CCCCC3)C2)CC1
C1CCC(CCC2CCC(C3CCCCC3C3CCCCC3)C(C3CCCC3)C2)CC1
C1CCC(CCCC2CCC(CCC3CCC(C4CCCCC4)CC3)CC2)CC1
C1CCC(CC2CCCC(C3CCCCC3)C2)CC1
C1CCC(CC2CCCCC2)CC1
C1CCC(CC2CCC(CC3CCC(C4CCCCC4)CC3)CC2)CC1
C1CCC(C2CCCC(CC3CCC(C4CC4)CC3C3CCCCC3)C2)CC1
C1CCC(CCC2CCCC(CC3CCCCC3)C2)CC1
C1CCC(CC2CCC3CCCCC3C2)CC1
C1CCC(CCCC2CCC(CC3CCC(CC4CCCCC4)CC3)CC2)CC1
C1CCC(C2CCC(CC3CCC(C4CCCC4)C(C4CCCCC4)C3)CC2)CC1
C1CCC(C2CCC(C3CCCCC3)CC2)CC1
C1CCC(CCC2CCCCC2C2CCCCC2)CC1
C1CCC(CC2CCCC(CCC3CCC4CCC(C5CCCCC5)C4C3)C2)CC1
C1CCC(CCC2CCC(CC3CCCCC3)CC2)CC1
C1CCC(CC2CCC(CC3CCC(C4CCCCC4)CC3)CC2)CC1
C1CCC(CC2CCC(C3CCCC(CC4CCCCC4)C3)CC2)CC1
C1CCC(CC2CCC(CCC3CCC(C4CCCCC4)CC3)CC2)CC1
C1CCC(CCCC2CCC(CC3CCCCC3C3CCC4CCCC4C3)CC2)CC1
C1CCC(CCC2CCCC(C3CCC(CC4CCCCC4)CC3)C2)CC1
C1CCC(C2CC(C3CCCCC3)CC(C3CCCCC3)C2)CC1
C1CCC(CCC2CCCC(C3CCCCC3)C2CCC2CCCCC2)CC1
C1CCC(CC2CCCC(CC3CCC4CCCC4C3)C2)CC1
C1CCC(CC2CCCCC2C2CCC3CCC(CCC4CCCC4)C3C2)CC1
C1CCC(CCCCCC2CC(CC3CCCCC3)C3CCCCC23)CC1
C1CCC(CC2CCC(C3CCCCC3CCC3CCC4CCCCC43)CC2)CC1
C1CCC(CC2CCCC(C3CC(CC4CCCCC4)C4CCCCC43)C2)CC1
C1CCC(CC2CCC(CC3CC4CCCCC4C3)CC2)CC1
C1CCC(C2CCCC(CCCC3CCC(CC4CCCC4)CC3)C2)CC1
C1CCC(CC(CC2CCCC2)C2CCCC(C3CCCC(C4CCCC(C5CCCCC5)C4)C3)C2)CC1
C1CCC(C2CCC3C(CCC4CC(C5CCCCC5)C5CCCCC45)CCCC3C2)CC1
C1CCC(CC2CC(C3CCCCC3)C3CCCCC23)CC1
C1CCC(CC2CCC(C3CCCCC3)CC2)CC1
C1CCC(CC2CCC(C3CCCCC3)CC2)CC1
C1CCC(C2CCCCC2C2CCCC(C3CCCC(CCC4CCCCC4C4CCCC4)C3)C2)CC1
C1CCC(C2CCC(C3CCCCC3)CC2)CC1
C1CCC(CCCCC2CCCCC2CC2CCCCC2)CC1
C1CCC(CC2CCC(CCCC3CCCC3)CC2)CC1
C1CCC(CC2CCCC(C3CC(C4CCCCC4)C4CCCCC34)C2)CC1
C1CCC(CCC2CCCCC2C2CCCCC2)CC1
C1CCC(C2CCCC(CCC3CCCC4CC(C5CCCCC5)CCC34)C2)CC1
C1CCC(CCC2CC(CC3CCCCC3)CCC2C2CCCC(C3CCC(C4CCCC4)CC3)C2)CC1
C1CCC(CC2CCCCC2CCC2CCC(C3CCCC(C4CCCCC4)C3)CC2)CC1
C1CCC2CC(C3CCC(C4CCCCC4C4CCCC4)CC3)CC2C1
C1CCC(C2CCC(C3CCCCC3)C(C3CCC4CCCC4C3)C2)CC1
C1CCC(CC2CCCC3CC(C4CCCCC4)CCC23)CC1
C1CCC2C(C1)CCC2C1CCCCC1C1CCCC(C2CCC(CCC3CC3)CC2)C1
C1CCC(CCCCC2CCC(CC3CCC(C4CCCCC4C4CCCCC4)CC3)CC2)CC1
C1CCC(CC2CCC(CC3CCCCC3)CC2)CC1
C1CCC(C2CCC(C3CCCCC3C3CCC4CCCC4C3)C(C3CCCC3)C2)C1
C1CCC(C2CCCCC2C2CCC(CCC3CCC4CCCC4C3)C2)CC1
C1CCC(CCC2CCCC(CC3CC4CCCCC4C3)C2)CC1
C1CCC(CC2CCCCC2C2CCC(C3CCCCC3C3CCC(CCCC4CC4)CC3)CC2)CC1
C1CCC(CC2CCC(CC3CCCCC3C3CCCC(C4CCCC4)C3)CC2)CC1
C1CCC(CC2CCCCC2)CC1
C1CCC(CCC2CCC(CC3CCCCC3)CC2)CC1
C1CCC(CC2CCCCC2C2CCCCC2C2CCC(C3CCCC3)CC2)CC1
C1CCC(CCC2CCC(CC3CCC(CCC4CCCCC4CC4CCCCC4)CC3)CC2)CC1
C1CCC(C2CCC(C3CCCCC3C3CCC4CCCC4C3)CC2)CC1
C1CCC(CC2CCCC(C3CCC(CCCC4CCC(C5CCCCC5)CC4)CC3)C2)CC1
C1CCC(CC2CCC3CC(C4CC(C5CCCCC5)C5CCCCC45)CCC23)CC1
C1CCC(CC2CCC(CCC3CCCC(C4CCCCC4)C3)CC2)CC1
C1CCC2CC(C3CCC4CCCCC43)CCC2C1
C(CCC1CCCCC1C1CC1)CC1CCCC(CC2CC3CCCCC3C2)C1
C1CCC(C2CCC(CCCC3CCC(CC4CC5CCCCC5C4)CC3)C2)CC1
C1CCC(CC2CCC3CC(C4CCC5CCCCC54)CC(CC4CCCCC4)C3C2)CC1
C1CCC(CC2CCC3CCCC3C2)CC1
C1CCC(CC2CCC(C3CCCC(C4CCCCC4)C3)CC2)CC1
C1CCC(C2CCCC(C3CCCC(CC4CC(C5CCCCC5)C5CCCCC45)C3)C2)CC1
C1CCC(CCCCCC2CCC(C3CCCC(CC4CCCCC4)C3)CC2)CC1
C1CCC(CCC2CCC(CCCC3CC4CCCCC4C3)CC2)CC1
C1CCC(C2CCCC(CC3CCCC(CC4CCCC(C5CCC5)C4)C3)C2)CC1
C(CCCC1CCC(CC2CCC(C3CCCC3)CC2)CC1)CCC1CCCCC1
C1CCC(C2CCC(C3CCCCC3)C(C3CCCCC3)C2)CC1
C1CCC(CCC2CCCCC2C2CCCCC2)CC1
C1CCC(CC2CCC(CC3CCC(CC4CCCC4)CC3)CC2)CC1
C1CCC(CC2CC(C3CCCCC3)C3CCCCC23)CC1
C1CCC(CCCC2CCCC(C3CCCCC3)C2)CC1
C1CCC(CC2C(CC3CC3)CC(CC3CC3)CC2C2CCCC(CCC3CC4CCCCC4C3)C2)CC1
C1CCC(CC2CCC(CC3CCC(CC4CCC5CCCCC54)CC3)CC2)CC1
C1CCC(C2CCCCC2C2CCCCC2)CC1
C1CCC(CC2CCC(CC3CCCCC3)CC2)CC1
C1CCC(CC2CCCCC2CCCC2CCC(CC3CC4CCCCC4C3)CC2)CC1
C1CCC(C2CCC(CCC3CCCCC3C3CCCCC3)CC2)CC1
C1CCC(CCCC2CCCCC2)CC1
C1CCC(C2CCC(C3CCCCC3C3CCCCC3)C2)CC1
C1CCC(CCC2CCCC(C3CCC(C4CCCCC4)CC3)C2)CC1
C1CCC(CCC2CCC(C3CCCCC3)CC2)CC1
C1CCC(CC2CCC3CC(C4CCCCC4)CCC23)CC1
C1CCC(C2CCC(CC3CCC4CCCCC4C3)CC2CCC2CCCC2)CC1
C1CCCCC1
C1CCC(CCC2CCCCC2C2CCCC(C3CCCCC3)C2)CC1
C1CCC(CC2CCC(C3CCC4CCCC(C5CCCCC5)C4C3)CC2)CC1
C1CCC(CCCCC2CCCCC2C2CCCCC2CC2CCCCC2)CC1
C1CCC(C2CCCC(C3CCCC(C4CCC(CC5CC5)CC4)C3)C2)CC1
C1CCC(C2CCC(C3CC(C4CCCCC4)CC(C4CCCC4)C3)CC2)CC1
C1CCC(C2CCCC(C3CCC4CCCCC43)C2)CC1
C1CCC(C2CCCC(C3CCCC(C4CCCCC4)C3)C2)CC1
C1CCC(CC2CCC(CCC3CCCC(C4CCCCC4)C3)CC2)CC1
C1CCC(CCC2CCC(C3CCCC3)CC2)CC1
C1CCC(C2CCCC(C3CCCCC3)C2)CC1
C1CCC(C2CCC(CC3CCCC3)C(C3CCCCC3)C2)CC1
C1CCC(CC2CCC3CC(C4CCC(C5CCCC(C6CCCC6)C5)C4)CCC3C2)CC1
C1CCC(CCCC2CCC(C3CCCCC3)CC2C2CCCCC2)CC1
C1CCC(CCCC2CCC(CCC3CCCC(C4CCCCC4)C3)CC2)CC1
C1CCC(CC2CCC(CC3CCC(CCC(CC4CCCCC4)C4CCC4)CC3)CC2)CC1
C1CCC(C2CCCC(C3CCCC(C4CCCCC4)C3)C2)CC1
C1CCC(CC2CCCC(C3CCCCC3)C2)CC1
C1CCC(C2CCC(CCC3CCC4CCCCC43)CC2)CC1
C1CCC(CC2CCCCC2C2CCCC3CC(CC4CCCC(C5CCCCC5)C4)CC32)CC1
C1CCC(CCC2CCC(CCC3CCCCC3)CC2)CC1
C1CCC(CCC2CCC(CC3CCC(C4CCCCC4)C3)CC2)CC1
C1CCC(CC2CCCCC2C2CCCC(CC3CCC(CC4CCCC4)CC3)C2)CC1
C1CCC(CCCC2CC(CCC3CCCCC3)CC(C3CCCCC3)C2)CC1
C1CCC(C2CCCCC2C2CCCC(CC3CCC3)C2)CC1
C1CCC(C2CCCC(CC3CCC(C4CCCC4)CC3)C2)CC1
C1CCC(CC2CCCCC2CCC2CCCC(C3CCC(C4CCCC4)CC3)C2)CC1
C1CCC(C2CC(C3CCCCC3)CC(C3CCC3)C2)CC1
C1CCC(CC2CCCC(CCC3CCCCC3C3CCCCC3)C2)CC1
C1CCC(C2CCCC(C3CCCCC3)C2)CC1
C1CCC(CC2CCCC(C3CCCCC3)C2)CC1
C1CCC(C2CCCC(C3CCCC(CC4CCCC(C5CCC6CCCC6C5)C4)C3)C2)CC1
C1CCC(CC2CCC(C3CCCC(C4CCCCC4C4CCCCC4)C3)CC2)CC1
C1CCC(C2CCCC(C3CC(CC4CCCC4)CC(C4CCCCC4)C3)C2)CC1
C1CCC(C2CCCCC2C2CCCCC2)CC1
C1CCC(CCCCC2CCCCC2C2CCC3CCCCC32)CC1
C1CCC(CCCCCC2CCC(CCCC3CC4CCCCC4C3)CC2)CC1
C1CCC(CCCC2CCCC(CCC3CCC(CC4CCCCC4)CC3)C2)CC1
C1CCC(C2CCCC(CC3CCC(C4CCCCC4CC4CC4)CC3)C2)CC1
C1CCC(C2CCC(CCC3CCCC(C4CCC5CCCCC54)C3)CC2)CC1
C1CCC(CCC2CCCC(CC3CCC(CC4CCCCC4)CC3)C2)CC1
C1CCC(C2CCCC(CC3CCCC(C4CCCCC4)C3)C2)CC1
C1CCC(C2CCCCC2)CC1
C1CCC(CCC2CCCC(CC3CCCCC3)C2)CC1
C1CCC(CC2CC(CC3CCCCC3)CC(C3CCCCC3)C2)CC1
C1CCC(CC2CCCC(C3CCCCC3)C2)CC1
C1CCC(CCCC2CCCC(CC3CCCCC3)C2)CC1
C1CCC(CC2CCCC(C3CCCCC3)C2CC2CCCCC2)CC1
C1CCC(C2CCC(CCCC3CCC(C4CCCCC4)C3)CC2)CC1
C1CCC(CC2CCCC(C3CCCCC3)C2)CC1
C1CCC(CC2CCCC(CCC3CCC(CCC4CCCC(C5CCCCC5)C4)CC3)C2)CC1
C1CCC(CC2CCC(CC3CCC(CC4CCC(C5CCC6CCCCC65)CC4)CC3)CC2)CC1
C1CCC(CC2CCC(CC3CCCCC3)CC2)CC1
C1CCC(CCCC2CCCC(C3CCC(C4CCC5CCCCC54)CC3)C2)CC1
C1CCC(CC2CC(C3CCC(C4CCCCC4C4CCCCC4)CC3)C3CCCCC23)CC1
C1CCC(CCCCC2CCC(CC3CCCCC3)CC2C2CCCCC2)CC1
C1CCC(C2CCC(CC3CCCCC3C3CCCCC3)CC2)CC1
C1CCC(CCCC2CC3CCCCC3C(C3CCCCC3)C2)CC1
C1CCC(CCCC2CCCCC2C2CCCC(C3CCCCC3)C2)CC1
C1CCC(CCC2CCCC(C3CCCCC3)C2)CC1
C1CCC(C2CCCCC2CC2CC3CCCCC3C2)CC1
C1CCC(CC2CCCCC2)CC1
C1CCC2CC(CCCC3CCCCC3C3CCC4CCCCC4C3)CCC2C1
C1CCC(CC2CCCC(CC3CCC(CC4CCC(C5CCCC(C6CCCCC6)C5)C4)CC3)C2)CC1
C1CCC(CC2CCC(C3CCCCC3)CC2)CC1
C1CCC(CC2CCC(CC3CCC(C4CCC5CCCCC54)CC3)CC2)CC1
C1CCC(C2CCCC(C3CCCCC3)C2)CC1
C1CCC(C2CCCCC2CCCCC2CCCCC2CC2CC2)CC1
C1CCC(CCC2CCCC(C3CCC(CCC4CCCCC4C4CCC(C5CCCCC5)CC4)CC3)C2)CC1
C1CCC(CCC2CCC(CCCC3CCCC(C4CCCCC4)C3)CC2)CC1
C1CCC(CC2CCCC(CCCC3CCCCC3C3CCC4CCCCC4C3)C2)CC1
C1CCC(CC2CCC(C3CCCC(C4CCCC(C5CCCCC5C5CCCC5)C4)C3)C2)C1
C1CCC(CC2CCCC3CC(C4CCCC(C5CC(C6CCCCC6)C5)C4)CCC23)CC1
C1CCC(CC2CCCCC2)CC1
C1CCC(C2CCCC(C3CCC4CCCC4C3)C2)CC1
C1CCC(CCC2CCCC(C3CCC(C4CCCC4)CC3)C2)CC1
C1CCC(CCCC2CCC(C3CCCCC3C3CCCCC3)CC2)CC1
C1CCC(CCCC2CCC(CC3CCC(C4CCCCC4)CC3)CC2)CC1
C1CCC(C2CCCCC2)CC1
C1CCC(CC2CCCC(CC3CCCCC3)C2)CC1
C1CCC(CCC2CCC(C3CCC4CC(CC5CCCCC5)CCC43)CC2)CC1
C1CCC(CC2CCCC(C3CCCCC3C3CCCCC3)C2)CC1
C1CCC(CC2CC(C3CCC(C4CCCCC4)CC3)C3CCCCC23)CC1
C1CCC(C2CCCC(CCCC3CCC(C4CCCC(C5CCC6CCCC6C5)C4)CC3)C2)CC1
C1CCC(C2CCCC(C3CCCCC3)C2)CC1
C1CCC(CCCC2CCCCC2C2CCCCC2)CC1
C1CCC(C2CC(CC3CC3)CC(C3CCCCC3C3CCCCC3)C2)CC1
C1CCC(CCC2CCCC(C3CC(C4CCCCC4)C4CCCCC34)C2)CC1
C1CCC(C2CCC(C3C(CC4CC5CCCCC5C4)CC(C4CCCCC4)C4CCCC43)CC2)CC1
C1CCC(CCC2CCC(C3CCC(C4CCCC(C5CCCCC5)C4)CC3)CC2)CC1
C1CCC(CC2CCC(CC3CC(C4CCCCC4)C4CCCCC34)CC2)CC1
C1CCC(C2CCCCC2CC2CCC(C3CCCC3)CC2C2CCCC(C3CC3)C2)CC1
C1CCC(C2CCCCC2C2CCCCC2C2CCC(C3CC3)CC2C2CCCC2)C1
C1CCC(CC2CCCC(C3CCCCC3)C2)CC1
C1CCC(CC2CCC3C(CCCC3C3CCCCC3CC3CCCCC3)C2)CC1
C1CCC(CCCCC2CCCC(CCCCC3CCCCC3)C2)CC1
C1CCC(C2CCCC(CC3CCCC(CC4CC5CCCCC5C4)C3)C2)CC1
C1CCC(C2CCCCC2C2CC3CCCCC3C2)CC1
C1CCC(CC2CCC(C3CCCCC3)C(C3CCCC3)C2)CC1
C1CCC(CCC2CCCC(CCC3CCCCC3)C2CC2CCC(C3CCCCC3)CC2)CC1
C1CCC(CC2CCCC(C3CCCCC3C3CCCCC3CC3CCCCC3)C2)CC1
C1CCC(C2CCCC(C3CCCC(C4CCCCC4)C3)C2)CC1
C1CCC(CC2CCCC(C3CC(CC4CCC5CCCCC54)CC(C4CCCC4)C3)C2)CC1
C1CCC(C2CCC(CC3CC4CCCCC4C3)CC2)CC1
C1CCC(CCC2CCC3CC(C4CCC5CCCCC54)CC(C4CCCCC4)C3C2)CC1
C1CCC(CC2CCC(C3CCC(C4CCCCC4)CC3)CC2)CC1
C1CCC(CC2CCC(CCC3CCC(CC4CCCCC4)CC3)CC2)CC1
C1CCC(CCC2CC(CC3CCCCC3)C3CCCCC23)CC1
C1CCC(CC2CCCCC2C2CC3CCC(C4CCCC4)CC3C(C3CCCCC3)C2)CC1
C1CCC(CCCC2CCC(C3CCC(CC4CCCCC4)CC3)CC2)CC1
C1CCC(CC2CCC(CC3CCCCC3)CC2)CC1
C1CCC(CC2CCC3CCC(C4CCCCC4)C3C2)CC1
C1CCC(C2CCC(CC3CCC(CC4CCCC4)CC3)CC2)CC1
C1CCC(CC2CCC(C3CCCCC3CCC3CCCC(CC4CCCCC4)C3)CC2)CC1
C1CCC(C2CCCCC2CCC2CCC(C3CCCC3)CC2)CC1
C(CCCC1CCCCC1)CCCC1CCCC(CC2CCCC(C3CCCC3)C2)C1
C1CCC(CC2CCC(C3CCC(C4CC5CCCCC5C4)CC3)C3CCCCC23)CC1
C1CCC(CCC2CCC(C3CCC(CC4CCCCC4)CC3)CC2)CC1
C1CCC(C2CCCC(CCC3CCCCC3C3CCCCC3)C2)CC1
C1CCC(CC2CCCCC2CC2CCC(CC3CCC(C4CCCCC4)CC3)CC2)CC1
C1CCC(CCC2CCCC(C3CCC(CC4CC(C5CC5)CCC4C4CCCCC4)CC3)C2)CC1
C1CCC(CCC2CC(CC3CCC(C4CCCCC4)CC3)C3CCCCC23)CC1
C1CCC(C2CCC(C3CCCC(C4CCCC4)C3)CC2C2CCCCC2)CC1
C(CCC1CCC2CCCCC2C1)CCC1CCCC(C2CCC(C3CCCCC3)CC2)C1
C1CCC(CCC2CCCC(CC3CCCCC3C3CCC4CCCC4C3)C2)CC1
C1CC(C2CCCC(C3CCCC(CC(CC4CC5CCCCC5C4)C4CCC(C5CC5)CC4)C3)C2)C1
C1CCC(C2CCCC(C3CCCCC3C3CCCC3)C2)CC1
C1CCC(C2CC(C3CCCCC3)CC(C3CCC4CCCCC4C3)C2)CC1
C1CCC(C2CCCC(C3CCCC(CC4CCC(CC5CC5)CC4)C3)C2)C1
C1CCC(CC2CC(C3CCCC3)CC(C3CCCCC3)C2C2CCCCC2)CC1
C1CCC(C2CCC(CCCC(C3CCC3)C3CCC(CC4CCCC4)CC3)CC2)CC1
C1CCC(C2CCCC(C(C3CCCCC3)C3CCCCC3)C2)CC1
C1CCC(C2CCC(C3CCCC(C4CCCCC4)C3)CC2)CC1
C1CCC(CC2CC(C3CCCCC3CC3CCCCC3)C3CCCCC23)CC1
C1CCC(CC2CC(C3CCCCC3)C3CCCCC23)CC1
C1CCC(CCCCCC2CCC(C3CCC(C4CCCCC4C4CCCC4)CC3)CC2)CC1
C1CCC(CC2CCCCC2C2CCC(CC3CCC(C4CCCCC4)CC3)CC2)CC1
C1CCC(C2CCCCC2CCC2CCCCC2C2CCCCC2)CC1
C1CCC(C2CCC3CCCC(C4CCCCC4)C3C2)CC1
C1CCC(C2CCC(CC3CCC(C4CCCCC4C4CCCC4)CC3)CC2)C1
C1CCC(CCCC2CCC(CCC3CCC(CCCC4CCC4)CC3)CC2)CC1
C1CCC(CCCCC2CCCCC2C2CCCCC2)CC1
C1CCC(C2CCC(C3CCCCC3)C(C3CCC4CCCC4C3)C2)CC1
C1CCC(CCCCC2CCCCC2CCC2CCCC(C3CCCCC3CC3CCCCC3)C2)CC1
C1CCC(C2CCC(C3CC(C4CCCCC4)C3)CC2)CC1
C1CCC(CC2CCC3CCC(C4CCC(C5CCC5)CC4)CC32)CC1
C1CCC(CC2CCC(CC3CC4CCCCC4C3)CC2)CC1
C(CCC1CCCC1)CCC1CCC(CC2CCC(CC3CCCCC3)CC2)CC1
C1CCC(C2CCC(C3CCCCC3CC3CC3)CC2CC2CCCC2)CC1
C1CCC(CC2CCC(C3CCCCC3)CC2)CC1
C1CCC(C2CCCC(C3CCC(C4CCCCC4C4CCCC4)CC3)C2)CC1
C1CCC(CCCCC2CCC(CC3CCCCC3)CC2)CC1
C1CCC(C2CCC(CC3CCC(CC4CCC5CCCC5C4)CC3)CC2)CC1
C1CCC(CCCC2CCC(CC3CCC(CC4CC5CCCCC5C4)CC3)CC2)CC1
C1CCC(C2CCC(C3CC(C4CCC5CCCCC5C4)C4CCCCC34)CC2)CC1
C1CCCCC1
C1CCC(CCC2CCCC(CCC3CCCCC3)C2C2CCCC2)CC1
C1CCC(C2CCCC(CC3CCCCC3C3CCCC(C4CCCCC4)C3)C2)CC1
C1CCC(C2CCCC(CC3CCC(CC4CCC(CCC5CC5)CC4)CC3)C2)CC1
C1CCC(C2CCC(CC3CC(C4CCC4)C4CCCCC34)CC2)CC1
C1CCC(CC2CCC(C3CCCC(CC4CCCCC4)C3)CC2)CC1
C1CCC(C2CCCCC2C2CCCC(CCCC3CCC(C4CCCC4)CC3)C2)CC1
C1CCC(CC2CC(CC3CCCCC3)C(C3CCCCC3)C(C3CCCC(C4CCCCC4)C3)C2)CC1
C1CCC(C2CCC(CCC(C3CCC(C4CCCCC4)CC3)C3CC3)CC2)CC1
C1CCC(C2CCC3CC(C4CCC5CCCCC54)CCC3C2)CC1
C1CCC(C2CCCC(C3CCCCC3)C2)CC1
C1CC(CCCC2CCC(CC3CCCC(C4CC5CCCCC5C4)C3)CC2)C1
C1CCC(CC2CCC(CC3CCC4C(CC5CCCCC5)CCC4C3)CC2)CC1
C1CCC(CC2CCCCC2C2CCCCC2)CC1
C1CCC(C2CCCC(C3CCCCC3)C2)CC1
C1CCC(CC2CCC(CC3CCC4CCCCC43)CC2)CC1
C1CCC(CCC2CCCC(C3CCCC(CC4CCCC4)C3)C2)CC1
C1CCC(CCC2CCCCC2CCCC2CCC3CCCCC3C2)CC1
C1CCC(C2CC(C3CCCCC3)CC(C3CC4CCCCC4C3)C2)CC1
C1CCC(CC2CCC(CC3CCC(CCC4CCC5CCCCC5C4)CC3)CC2)CC1
C1CCC(C2CCCCC2C2CC(C3CCC4CCCCC43)CC3CCCCC32)CC1
C1CCC(CC2CCC(CCCC3CCCC(CC4CC4)C3)CC2)CC1
C1CCC(CC2CCCC(C3CCC4CCCCC4C3)C2)CC1
C1CCC(C2CCC(CCCC3CCCCC3C3CCCCC3)CC2)CC1
C1CCC(CC2CCC(CC3CCCCC3)CC2)CC1
C1CCC(C2CCCC(C3CCCCC3)C2)CC1
C1CCC(CC2CCC(C3CCCCC3CC3CCCCC3)CC2)CC1
C(CC1CCC(CC2CCCC2)CC1)CC1CCC(C2CCCC(C3CCCC3)C2)CC1
C1CCC(CC2CCCCC2C2CCCC(C3CCC(C4CCCC5CCCCC54)CC3)C2)CC1
C1CCC(CC2CCC(CC3CCC4CCCCC4C3)CC2)CC1
C1CCC(CCC2CCCCC2CC2CCC(C3CCCCC3)CC2)CC1
C1CCC(C2CCCC(C3CCC4CCC(C5CCCCC5)CC4C3)C2)CC1
C1CCC(C2CCCC(C3CC4CCCCC4C3)C2)CC1
C1CCC(C2CCCC(C3CCCC(CC4CCC5CCCCC54)C3)C2)CC1
C1CCC(CCCC2CCCCC2C2CCC(CC3CC4CCCCC4C3)CC2)CC1
C1CCC(C2CCC(CCCCC3CCC(C4CCCCC4)CC3)CC2)CC1
C1CCC(CC2CCCCC2C2CCC(CCC3CCCCC3C3CCC(C4CCCC4)CC3)C2)CC1
C1CCC(CCC2CCCCC2C2CCCCC2)CC1
C1CCC(CC2CCCCC2C2CCCC(C3CCCCC3)C2)CC1
C1CCC(CCCC2CCC(CC3CCCCC3)CC2)CC1
C1CCC(CCC2CCC(C3CCC(CCC4CCC(C5CCCCC5)CC4)CC3)CC2)CC1
C1CCC(CC2CCCC(CCC3CCCCC3C3CCCCC3)C2)CC1
C1CCC(C2CCC(C3CCCCC3)CC2)CC1
C1CCC(C2CCC(CC3CCCCC3C3CCCCC3)C(C3CCC4CCCC4C3)C2)CC1
C1CCC(CCC2CCC(CC3CCC(CC4CCCCC4)CC3)CC2)CC1
C1CCC(CC2CCCCC2)CC1
C1CCC(CC2CCC(CC3CCCCC3CC3CCCCC3)CC2)CC1
C1CCC(CC2CCC(CCCC3CCCC(C4CCC(CC5CCCCC5)C4)C3)CC2)CC1
C1CCC(CC2CCC(C3CCCC(CC4CCCCC4)C3)CC2)CC1
C1CCC(CCCC2CCC(C3CCCC(CCC4CCCCC4)C3)CC2)CC1
C(CCC1CCCCC1C1CC1)CC1CCC(C2CCC(CC3CCCC(C4CCCC4)C3)CC2)CC1
C1CCC(CCCCC2CCCC(C3CCCCC3)C2)CC1
C1CCC(CCC2CC(CC3CCCCC3)CCC2C2CCCCC2)CC1
C1CCC(CC2CCC(CC3CCCCC3)CC2)CC1
C1CCC(C2CCC(C3CC3)CC2C2CCCCC2)CC1
C1CCC(CC2CCC(C3CCC(C4CCC5CCCCC54)C3C3CCCC3)CC2)CC1
C1CCC(CCCC2CCCCC2C2CCCCC2)CC1
C1CC(CCC2CCCC(C3CCC(CC4CCCCC4C4CCCC4)CC3)C2)C1
C1CCC(C2CCC(C3CCCCC3)CC2)CC1
C1CCC(CCC2CCC(C3CCCC(CC4CCCCC4)C3)CC2C2CCCCC2)CC1
C1CCC(CCCCC2CCCC(C3CCCCC3)C2)CC1
C1CCC(CC2CCCC(CCC3CC(C4CCCCC4)C4CCCCC34)C2)CC1
C1CCC(CCC(CC2CCCC2)C2CCCC(C3CCCC(C4CCCCC4CC4CCCCC4)C3)C2)CC1
C1CCC(C2CCC3CC(C4CC(C5CCCC5)CCC4C4CCC5CCCC5C4)CCC32)CC1
C1CCC(CC2CCC(C3CCCCC3)C(C3CCC(CC4CCCC4)CC3)C2)CC1
C1CCC(CC2CCC(C3CCCCC3)CC2)CC1
C1CCC(C2CCCC(C3CCC(C4CCC5CCCCC5C4)CC3)C2)CC1
C1CCC(C2CCCC(CC3CCCC(C4CCCCC4)C3)C2)CC1
C1CCC(CCC2CCCC(C3CCCCC3C3CCCC3)C2)CC1
C1CCC(CCC2CC(C3CCCCC3)CC(C3CCCC3)C2)CC1
C1CCC(CC2CCC(C3CCCC(C4CCCCC4)C3)CC2)CC1
C1CCC(CC2CCCCC2C2CCCC(C3CCCCC3)C2)CC1
C1CCC(CC2CCC(CCCC3CC4CCCCC4C3)CC2)CC1
C1CCC(C2CC(CC3CCCC3)CC(CC3CCC(C4CCCC4)CC3)C2)CC1
C1CCC(CC2CCCCC2C2CCC(C3CCCCC3)CC2C2CCCC2)CC1
C1CCC(C2CCC(CCC3CC(C4CCC(C5CCCCC5)CC4)C4CCCCC34)CC2)CC1
C1CCC(C2CCC(C3CCCC(C4CCCCC4)C3)CC2)CC1
C1CCC(CC2CCC(CC3CCCCC3)CC2)CC1
C1CCC(C2CCC(C3CCCC(CCCC4CCCC(C5CCCC5)C4)C3)CC2)CC1
C1CCC(CCC2CCCC(C3CCCC(CCC4CCCCC4)C3)C2)CC1
C1CCC(C2CCCC(C3CCCC4CC(C5CCC6CCCCC65)CCC43)C2)CC1
C1CCC(CC2CCC(CC3CCCCC3)C(CCCCC3CC3)C2)CC1
C1CCC(CCC2CCC(C3CCC(C4CCCCC4)C3)CC2)CC1
C1CCC(CCCC2CCCC(C3CCCCC3)C2)CC1
C1CCC(CCCC2CCC(C3CCCCC3C3CCCCC3)CC2)CC1
C1CCC(C2CCC(CC3CC(C4CCCCC4)CCC3C3CCCCC3)CC2)CC1
C1CCC(C2CCCC(CC3CCCCC3C3CCCC(C4CCCCC4)C3)C2)CC1
C1CCC(CCCCC2CCC(CC3CCCCC3)CC2)CC1
C1CCC(C2CCCC(C3CCCCC3)C2)CC1
C1CCC(CC2CCCC(CC3CC4CCCCC43)C2)CC1
C1CCC(C2CCCC(C3CCCCC3)C2)CC1
C1CCC(CCCCC2CCC(CC3CCCCC3C3CCC4CCCC4C3)CC2)C1
C1CCC(C2CCCCC2C2CCC(CC3CCCC3)CC2)CC1
C1CCC(C2CCCC(C(CC3CCC4CCCC4C3)C3CCCC(C4CCCC4)C3)C2)CC1
C(CCC1CCC(C2CCCC(C3CCCCC3)C2)CC1)CCC1CC2CCCCC2C1
C1CCC(CC2CCC(CC3CCC(C4CCCCC4C4CCCCC4)CC3)CC2)CC1
C1CCC(C2CC(C3CCCCC3)CC(C3CCCC3)C2)CC1
C1CCC(C2CCC(C3CCCCC3C3CCC4CCCCC4C3)CC2C2CCCCC2)CC1
C1CCC(CCC2CCC3C(CC4CCCCC4)CC(C4CCCCC4)C3C2)CC1
C1CCC(CC2CCC(CCC3CCC(C4CCCC(C5CCCCC5)C4)CC3)CC2)CC1
C1CCC(CC2CCC(CCCC3CCC4CC(CC5CCCCC5)CC(C5CCCCC5)C4C3)CC2)CC1
C1CCC(CCC2CCCC(CC3CCCCC3)C2)CC1
C(CCCC1CC1)CCCC1CCC(CC2CCCCC2)CC1
C1CCC(C2CCC3CCC(C4CCC(CCC5CCCCC5C5CCCCC5)CC4)C3C2)CC1
C1CCC(CC2CCCC(C3CC(CC4CCCC4)C4CCCCC43)C2)CC1
C1CCC(CC2CCCC(C3CCC(CC4CC5CCCCC5C4)C(C4CCCCC4)C3)C2)CC1
C1CCC(C2CCCC(CCC3CCCC3)C2)CC1
C1CCC(C2CCCCC2CC2CCCCC2C2CCCCC2)CC1
C1CCC(CCCC2CCC(CCC3CCCCC3)CC2)CC1
C1CCC(CC2CC(CC3CCCC(C4CCCC(C5CCCCC5)C4)C3)C3CCCCC23)CC1
C1CCC(CCCCCC2CCC(C3CCC(C4CCCCC4)CC3)CC2)CC1
C1CCC(CC2CCCCC2C2CCCCC2)CC1
C1CCC(C2CCC(C3CCCC(CC4CC4)C3)CC2)CC1
C1CCC(CC2CCC(CCCC3CCC(C4CCC(C5CCCCC5)CC4)CC3)CC2)CC1
C1CCC(CC2CCC(CCC3CCCCC3C3CCCC3)CC2)CC1
C1CCC(C2CCC(C3CCCC(C4CCC5CCCCC54)C3)CC2)CC1
C1CCC(CCCCCC2CCCCC2C2CCC3CCCCC32)CC1
C1CCC(CC2CCCC(C3CCC4CCCC4C3)C2)CC1
C1CCC(CC2CCC(C3CCCC(C4CCCCC4)C3)CC2)CC1
C1CCC(CCC2CCCCC2CC2CCCC(C3CC(CC4CCCCC4)C4CCCCC43)C2)CC1
C1CCC(CCCCC2CCCC(C3CCCCC3)C2)CC1
C1CCC(C2CCCCC2CC2CCC(CC3CC4CCCCC4C3)CC2)CC1
C1CCC(CCCC2CCC(CC3CCCC(CC4CCCCC4C4CCCC4)C3)CC2)CC1
C1CCC(CC2CCCC(C3CCCC(C4CCCCC4)C3)C2)CC1
C1CCC(C2CCC(CCCC3CC(C4CCCCC4)CC(C4CCCC4)C3)CC2)CC1
C1CCC(CC2CCCCC2C2CCCCC2)CC1
C1CCC(CC2CCCCC2C2CCC(CCC3CCCC3)CC2)CC1
C1CCC(CC2CC(C3CCCCC3)CC(C3CCCC(C4CCCCC4)C3)C2)CC1
C1CCC(C2CCCCC2C2CCC3CCCC3C2)CC1
C1CCC(C2CCC(CC3CCC(C4CCC5CCCCC5C4)CC3)C2)CC1
C1CCC2CC(C3CCCCC3C3CCCC3)CC2C1
C1CCC(C(CCCC2CCC(C3CCC(C4CC4)CC3)CC2)C2CCCCC2)CC1
C1CCC(CCC2CC(CC3CCCCC3)CCC2C2CCC2)CC1
C1CCC(CC2CCCC(CCCC3CCCC(C4CC4)C3)C2)CC1
C1CCC(C2CCCC(C3CCCCC3C3CCC4CCCC4C3)C2)CC1
C1CCC(CCC2CCCC(CCCCC3CCC4CCCCC4C3)C2)CC1
C1CCC(C2CCCC(C3CCCCC3)C2)CC1
C1CCC(CCCCC2CCC(C3CCCC(CC4CCCCC4)C3)CC2)CC1
C1CCC(CC2CCC(CC3CCCC(C4CCCC(C5CCCCC5)C4)C3)CC2)CC1
C1CCC(CC2CCCCC2C2CCC(C3CCCC(C4CCCCC4)C3)CC2)CC1
C1CCC(CC2CCCCC2C2CCCCC2CC2CC2)CC1
C1CCC(C2CCC(CC3CC(C4CCCCC4)CC(C4CCCC4)C3)CC2)CC1
C1CCC(CC2CCCC(C3CCC4CCCC4C3)C2)CC1
C1CCC(CC2CCC(CC3CCC(C4CC(C5CCCCC5)C4)CC3)CC2)CC1
C1CCC(CCC2CCCCC2CC2CCCCC2)CC1
C1CCC(CC2CCC3CCCCC3C2)CC1
C1CCC(CC2CCC(CC3CCCC(C4CCCCC4)C3)CC2)CC1
C1CCC(CC2CCCC(C3CC(C4CCCCC4)CCC3C3CCCCC3)C2)CC1
C1CCC(C2CCC(C3CCCCC3)C(C3CCCCC3)C2)CC1
C1CCC(CC2CCCC(C3CCCCC3)C2)CC1
C1CCC(CC2C(C3CCCCC3)CCCC2C2CCCC(C3CCCCC3)C2)CC1
C1CCC(CCCCC2CCCCC2C2CCCCC2C2CCCC(CC3CCCCC3)C2)CC1
C1CCC(CC2CCC(C3CC(CC4CCCCC4)C4CCCCC43)CC2)CC1
C(CCCC1CCCCC1)CCCC1CCC(CC2CC2)CC1CCC1CCCCC1
C1CCC(C2CCCCC2C2CCCCC2)CC1
C1CCC(C2CCC(C3CCCCC3)CC2)CC1
C1CCC(CC2CCC(CCC3CCC(C4CC4C4CCCCC4)CC3)CC2)CC1
C1CCC(CC2CCC(CCC3CCCCC3C3CCCCC3)CC2)CC1
C1CCC(CC2CCCCC2)CC1
C1CCC(CC2CCCC(C3CCCCC3C3CCCCC3)C2)CC1
C1CCC(CC2CCC(CCC3CCC(CC4CC4)CC3CC3CCCC3)CC2)CC1
C1CCC(C2CCC(CC3CCC4CCCC4C3)CC2)CC1
C1CCC(CC2CCC(C3CCC4CCCCC43)CC2)CC1
C1CCC(C2CCC(CCC3CCC(C4CCC(C5CCCC5)CC4)CC3)CC2)CC1
C1CCC(CC2CCCC(CC3CCCC3)C2)CC1
C1CCC(CCCC2CCC(C3CCCCC3C3CCCCC3)CC2)CC1
C1CCC(CCC2CCC3CCC(C4CCCCC4)C3C2)CC1
C1CCC(CC2CCC(C3CCCCC3)C(C3CCCCC3)C2)CC1
C1CCC(CCCC2CCCC(C3CCC(C4CCCCC4)CC3C3CCCC3)C2)CC1
C1CCC(CC2CCCCC2CCC2CCC3CCC(CCC4CCCC5CCCCC54)CC3C2)CC1
C1CCC(C2CCCCC2C2CCC3C(CCCC3C3CCCCC3)C2)CC1
C1CCC(CCC2CCC(CC3CCC(CCC4CCCCC4)CC3)CC2)CC1
C1CCC(CCC2CCC(C3CCC4C(CC5CCCCC5)CCCC4C3)CC2)CC1
C1CCC(CCCC2CCCC(CCC3CCCCC3)C2)CC1
C1CCC(C2CC3CCCCC3C(C3CCCCC3)C2)CC1
C1CCC(C2CCC(C3CCCC3)CC2)CC1
C1CCC(C2CCCCC2C2CCCCC2)CC1
C1CCC(CC2CCC(CC3CCCCC3)CC2)CC1
C1CCC(CCC2CCC(C3CCCCC3)CC2CCC2CCCCC2)CC1
C1CCC(CCC2CC(C3CCC(C4CCCCC4)CC3)C3CCCCC23)CC1
C1CCC(CCCC2CCC(CC3CCC(C4CCCCC4C4CCCC4)CC3)CC2)CC1
C1CCC(CCC2CCC(CCC3CCC(C4CCCCC4)CC3)C(C3CCCCC3)C2)CC1
C1CCC(C2CCC(C3CCCCC3)C(CC3CCC(CCC4CC5CCCCC5C4)CC3)C2)CC1
C1CCC(CCC2CCC(CC3CC4CCCCC4C3)CC2)CC1
C1CCC(C2CCCC(C3CCCCC3C3CCC4C(CCCC4C4CCC4)C3)C2)CC1
C1CCC(CC2CCC(C3CCCCC3)CC2)CC1
C1CCC(CC2CCC(C3CCCCC3CC3CCCCC3)C(CC3CCCCC3)C2)CC1
C1CCC(CC2CCC(CCC3CCCCC3C3CCC3)CC2)CC1
C1CCC(CC2CCC(C3CCCCC3)CC2)CC1
C1CCC(CC2CCCCC2C2CCC(C3CCCCC3)CC2)CC1
C1CCC(CC2CCC(CC3CCCCC3C3CCCC3)CC2)CC1
C1CCC(C2CCCCC2C2CCCCC2C2CCCC2)CC1
C1CCC(CCC2CCC(CCC3CCC(CC4CCCCC4)CC3)CC2)CC1
C1CCC(C2CCC(C3CCCCC3)CC2)CC1
C1CCC(C2CCCC(C3CCCC(C4CCCCC4C4CCCC4)C3)C2)CC1
C1CCC(CC2CCCCC2C2CCCC(C3CC(C4CCCCC4)C3)C2)CC1
C1CCC(C2CCCC(C3CCCCC3)C2)CC1
C1CCC(CCC2CCC(CC3CCC4CCCCC43)CC2)CC1
C1CCC(CCC2CCCC(C3CCCCC3)C2C2CCCC2)CC1
C1CCC(CCC2CCCCC2)CC1
C1CCC(CC2CCC(CC3CCCCC3C3CCCC3)CC2)CC1
C1CCC(CC2CCCCC2C2CCC3CCCC3C2)CC1
C1CCC(CC2CCCCC2C2CCCCC2)CC1
C1CCC(CC2CC(CC3CCCC(C4CCCCC4)C3)C3CCCCC23)CC1
C1CCC(C2CCC(CC3CCC(C4CCCC4)CC3)CC2)CC1
C1CCC(CCC2CCC(CC3CCCCC3)CC2)CC1
C1CCC(CC2CCC(CC3CCCCC3)CC2)CC1
C1CCC(CC2CCCC(CC3CCC4CCCCC43)C2)CC1
C1CCC(CCCC2CCC(C3CCCC(CC4CC5CCCCC5C4)C3)CC2)CC1
C1CCC(C2CCCC(C3CCCCC3CCC3CCCC(C4CCCC4)C3)C2)CC1
C1CCC(CC2CC(CCC3CCCCC3C3CCCCC3)CC(C3CCCC(C4CCCCC4)C3)C2)CC1
C1CCC(C2CCC(C3CCCCC3)CC2)CC1
C1CCC(CCCC2CCCC2CCC2CC(CC3CCCCC3)CCC2C2CCCCC2)CC1
C1CCC(CCC2CCC(C3CCC(CC4CCCCC4)CC3)CC2)CC1
C1CCC(CC2CCC(C3CCCC(C4CCCCC4)C3)CC2)CC1
C1CCC(CCC2CCCC(CC3CCCCC3)C2)CC1
C1CCC(C2CCC3C(CCCC4CCCC4)CCCC3C2)CC1
C1CCC(CC2CCCCC2C2CCCCC2)CC1
C1CCC(C2CCC(C3CCCCC3C3CCCC4CC(C5CCCCC5)CCC43)CC2)CC1
C1CCC(C2CCC(C3CCC(C4CCCC4)CC3)CC2C2CCC3CCCC3C2)CC1
C1CCC(CC2CCC(CC3CCC(CC4CCC(CC5CCCCC5)CC4)CC3)CC2)CC1
C1CCC(CC2CCC(C3CCCCC3)CC2)CC1
C1CCC(CC2CCCC(CCC3CCC(C4CCCC4)CC3)C2)CC1
C1CCC(CCCC2CCC(CCC3CCCCC3)CC2)CC1
C1CCC(CCCC2CCCC(CC3CCC(C4CCCC4)CC3)C2)CC1
C1CCC(CCCC2CC(CCC3CCCCC3)C3CCCCC23)CC1
C1CCC(CC2CCCC(CCCC3CCCC(C4CCCCC4)C3)C2)CC1
C1CCC(CC2CCC(C3CCCCC3)CC2)CC1
C1CCC(CC2CCC(CCCCCC3CCCC(C4CCC(C5CCCCC5)CC4)C3)CC2)CC1
C1CCC(CC2CCC3CCC(C4CCCCC4)C3C2)CC1
C1CCC(C2CCCCC2)CC1
C1CCC(C2CCCCC2C2CCCCC2C2CCCCC2)CC1
C1CCC(CC2CCC(C3CCC(CC4CCCCC4)C3)CC2)CC1
C1CCC(CCC2CCC(CCC3CCCCC3)CC2)CC1
C1CCC(CCCC2CCC(C3CCC(C4CCCC4)CC3)CC2)CC1
C1CCC(C2CCC(C3CCCCC3)CC2)CC1
C1CCC(CC2CCCC(C3CCCCC3)C2)CC1
C1CCC(CC2CCC(C3CCCCC3CC3CCCC(C4CCCCC4)C3)CC2)CC1
C1CCC(C2CCC3C(CCCC3C3CCCCC3)C2)CC1
C1CCC(CC2CCCC(C3CCC(C4CCCCC4)C(C4CCC5CCCC5C4)C3)C2)CC1
C1CCC(CCCCC2CCC(C3CCCCC3)CC2)CC1
C1CCC(CC2CCC(CC3CCC(CC4CC4)CC3)CC2)CC1
C1CCC(CC2CCCCC2CCCC2CCC(C3CCCCC3)CC2)CC1
C1CC(CCC2CCCCC2C2CCCC(C3CCCCC3C3CCCC3)C2)CC(C2CCC3CCCC3C2)C1
C1CCC(CCC2CCCC(CC3CC4CCCCC4C3)C2)CC1
C1CCC(CCC2CCCC(C(CC3CCCCC3)C3CCCCC3)C2)CC1
C1CCCCC1
C1CCC(C2CCCCC2C2CCCCC2C2CCC3CCCCC32)CC1
C1CCC(C2CCC(C3CCCC3)CC2)CC1
C1CCC(CC2CCCC(CC3CCC(C4CCCCC4)CC3)C2)CC1
C1CCC(CCCC2CCCC(CC3CCCCC3)C2)CC1
C1CCC(CC2CCC(C3CCC4CCCC(CC5CCCCC5)C4C3)CC2)CC1
C1CCC(CC2CCC(C3CCCCC3C3CCCCC3)CC2)CC1
C1CCC(C2CCCC(C3CCCC3)C2)CC1
C1CCC(CC2CCC(C3CCCC4CC(C5CCCCC5)CCC43)CC2)CC1
C1CCC(CC2CCC(CC3CC(CC4CCCCC4)C4CCCCC34)CC2)CC1
C1CCC(CCCCC2CCCCC2CC2CCC(CC3CCCCC3)CC2)CC1
C1CCC(CCC2CCCC(C3CCCCC3)C2)CC1
C1CCC(C2CCCC(CC3CCC(C4CCCCC4C4CCCC4)CC3)C2)CC1
C1CCC(C2CCC(C3CCC4CCC(C5CCCCC5)C4C3)CC2)CC1
C1CCC(CC2CCCC(C3CCC(CC4CCC(CCCCCC5CC6CCCCC6C5)CC4)CC3)C2)CC1
C1CCC(CCCC2CCC(CC3CCC(CC4CCCCC4)CC3)CC2)CC1
C1CCC(CC2CCC(C3CCCCC3)CC2)CC1
C1CCC(CC2CCCCC2CC2CCCC(C3CCCCC3)C2)CC1
C1CCC(CC2CC(CCC3CCCC(C4CCCCC4)C3)CC(C3CCCCC3C3CCCCC3)C2)CC1
C1CCC(CC2CCCCC2CCC2CC3CCCCC3C2)CC1
C1CCC(CCC2CCCCC2C2CCC(CC3CCC(CC4CC4)CC3)CC2)CC1
C1CCC(CC2CCC(CC3CCC(C4CCCCC4)CC3)CC2)CC1
C1CCC(CC2CCCCC2C2CCCC2)CC1
C1CCC(C2CCCCC2)CC1
C1CCC(C2CCCC(C3CCCC(C4CCC(C5CCCC5)CC4)C3)C2)CC1
C1CCC(CC2CCC(C3CCCC(C4CC4)C3)CC2)CC1
C1CCC(CCCC2CCC(C3CCCCC3)CC2)CC1
C1CCC(CC2CCC(CCC3CC(C4CCCCC4)C4CCCCC34)CC2)CC1
C1CCC(CC2CCC(CC3CCCCC3)CC2)CC1
C1CCC(C2CC(C3CCCCC3)CC(C3CCCCC3C3CCCC3)C2)CC1
C1CCC(C(CC2CCCCC2CCC2CC3CCCCC3C2)C2CCC2)CC1
C1CCC(CCC2CC(C3CCCCC3C3CCCC(CC4CCCCC4)C3)C3CCCCC23)CC1
C1CCC(CC2CC(CC3CCCC(C4CC5CCCCC5C4)C3)C3CCCCC23)CC1
C1CCC(C2CCCCC2)CC1
C1CCC(CC2CCCCC2C2CCCCC2)CC1
C1CCC(CC2CC(C3CCCCC3)CC(C3CCCCC3C3CCC4CCCC4C3)C2)CC1
C1CCC(CCC2CCCC(C3CCCCC3)C2)CC1
C1CCC(C2CCCC(C3CCCCC3)C2)CC1
C1CCC(CCC(CCC2CCC(CC3CCCCC3)CC2)C2CCCCC2)CC1
C1CCC(CCCC2CCCCC2)CC1
C1CCC(C2CCCC(C3CCCCC3)C2)CC1
C1CCC(C2CCCCC2C2CCCCC2C2CCCCC2C2CCCC2)CC1
C1CCC(CC2CCCC(CC3CCC(C4CCCCC4)CC3)C2)CC1
C1CCC(CC2CCC(C3CCCCC3)CC2)CC1
C1CCC(CC2CCCC(CC3CCCCC3C3CCC4CCCCC4C3)C2)CC1
C1CCC(C2CCC(CCCC3CCCC(C4CCCCC4)C3)CC2)CC1
C1CCC(CCCC2CC(CC3CCCCC3)C3CCCCC23)CC1
C1CCC2CC(CC3CCC(C4CCCCC4C4CCC5CCCC5C4)CC3)CC2C1
C1CCC(C2CCCCC2C2CCC(C3CCC(C4CCCC(C5CCCC5)C4)CC3)CC2)CC1
C1CCC(C2CCCC(C3CCCC(C4CCCCC4)C3)C2)CC1
C1CCC(CC2CCCC(C3CCCC(C4CCCCC4)C3)C2)CC1
C1CCC(C2CCCC(C3CC(C4CCCCC4)CC(C4CC4)C3)C2)CC1
C1CCC(CCCC2CCCC(C3CCCCC3)C2)CC1
C1CCC(C2CC(CC3CCC(C4CCC(CC5CCCC5)CC4)CC3)C3CCCCC32)CC1
C1CCC(C2CCCCC2CC2CCC3CCCC(C4CCCCC4)C3C2)CC1
C1CCC(CCC2CCC(CC3CCCCC3)CC2)CC1
C1CCC(CC2CCC(CCCC3CCC(CC4CCC5CCCCC54)CC3)CC2)CC1
C1CCC(CC2CCC(CC3CCC(CC4CCC(C5CCC6CCCCC65)CC4)CC3)CC2)CC1
C1CCC(C2CCCC(C3CCCC(CC4CCC5CCCCC54)C3)C2)CC1
C1CCC(CC2CCCC(CCC3CC(CC4CCCCC4)C4CCCCC34)C2)CC1
C1CCC(CC2CCC(CC3CCCCC3C3CCCCC3)CC2)CC1
C1CCC(CC2CCCC(CC3CC(C4CCCCC4)C4CCCCC34)C2)CC1
C1CCC(CC2CC(C3CCCC3)CCC2C2CCC3CCCC3C2)CC1
C1CCC(CCC2CCCC(C3CCCCC3)C2)CC1
C1CCC(CCC2CCC(CC3CCCCC3)CC2)CC1
C1CCC(CCCCCC2CCC(C3CCCCC3)CC2)CC1
C1CCC(C2CCC(CC3CCC(C4CCCC(C5CCCCC5)C4)CC3)CC2)CC1
C1CCC(CC2CCCCC2CCC2CCCCC2C2CCCCC2)CC1
C1CCC2CC(CC3CCC(C4CCC(C5CCCC5)CC4C4CC5CCCCC5C4)CC3)CCC2C1
C1CCC(CC2CCCC(C3CCCCC3)C2)CC1
C1CCC(CCC2CCCC(C3CCC(C4CCC5CCCC5C4)CC3)C2)CC1
C1CCC(CC2CCC(CC3CCC(C4CCCC(C5CCCCC5)C4)C(C4CCCCC4)C3)CC2)CC1
C1CCC(CC2CCC(C3CCCCC3)CC2)CC1
C1CCC(C2CCCC(CCC3CCC4CCCCC4C3)C2)CC1
C1CCC(CCCC2CCC(CC3CCC(CCCC4CCCCC4)CC3)CC2)CC1
C1CCC(CC2CC(C3CCCC3)C3CCCCC23)CC1
C1CCC(CC2CCCCC2C2CCC(C3C(C4CCCCC4)CCCC3C3CCC3)CC2)CC1
C1CCC(CC2CC(C3CCCCC3)CC(C3CCCC(C4CCCC4)C3)C2)CC1
C1CCC(C2CC(CC3CCC(CCC4CCC5CCCCC54)CC3)C3CCCCC32)CC1
C1CCC(CC2CCC(C3CCCC4CCCCC43)CC2)CC1
C1CCC(C2CCC(C3CCCC3)CC2)CC1
C1CCC(CC2CCC(C3CC(C4CCCCC4)C3)CC2)CC1
C1CCC(C2CCCC(CC3CCCC(C4CCCC(CC5CCCC(C6CCCC6)C5)C4)C3)C2)CC1
C1CCC(CCCC2CCC(C3CCCCC3)CC2)CC1
C1CCC(C2CCCCC2C2CCCCC2)CC1
C1CCC(CCC2CCCCC2C2CCCC(C3CC(C4CCC(C5CC5)CC4)C3)C2)CC1
C1CCC(CCCC2CCC(C3CCC(C4CCC(C5CCCC5)CC4)CC3)CC2)CC1
C1CCC(CCCCCC2CCC(C3CCCCC3)C(CCCC3CCCCC3)C2)CC1
C1CCC(C2CCC(CC3CCC(CC4CCCCC4C4CCCCC4)CC3)CC2)CC1
C1CCC(CC2CCCC(CC3CCC(CC4CCCCC4)CC3C3CCC4CCCC4C3)C2)CC1
C1CCC(C2CCCC(C3CCCCC3)C2)CC1
C1CCC(CCC2CCCC(C3CCCCC3)C2)CC1
C1CCC(CCCCC2CCCCC2C2CC2)CC1
C1CCC(C2CCCCC2C2CCCC(C3CCC4CCCCC43)C2)CC1
C1CCC(CC2CCC(C3CCCC(CCCCCC4CCC(CC5CC5)CC4)C3)CC2)CC1
C1CCC(CC2CCCCC2CCC2CC(CCC3CCC(C4CCCCC4)CC3)C3CCCCC23)CC1
C1CCC(CCC2CCC(C3CCC(CC4CCC5CCCC5C4)CC3)CC2)CC1
C1CCC(CCCC2CCCC(CC3CCCCC3)C2)CC1
C1CCC(CC2CCC(CC3CCC(CC4CCCCC4)CC3)CC2)CC1
C1CCC(C2CCCCC2)CC1
C1CCC(CC2CC(CCCC3CCC(CC4CCCC4)CC3)C3CCCCC23)CC1
C1CCC(C2CC(C3CCCCC3)CC(C3CCC3)C2)CC1
C1CCC(CCC2CCC(C3CCC(CCC4CCCC4)CC3)CC2)CC1
C1CCC(CCC2CC(CC3CCCCC3)CCC2C2CCCCC2)CC1
C1CCC(CC2CCCCC2CCC2CCC(C3CCCCC3)CC2)CC1
C1CCC(CCCC2CCCCC2C2CCCCC2C2CCCC2)CC1
C1CCC(CC2CCC3C(CC4CCCCC4)CC(C4CCCC4)C3C2)CC1
C1CCC(CC2CCCC(C3CCCCC3)C2)CC1
C1CCC(CCCC2CCCC(C3CCCCC3)C2)CC1
C1CCC(C2CCCC(CC3CCCC(C4CC4)C3)C2)CC1
C1CCC(CC2CCC(C3CCCCC3)CC2)CC1
C1CCC(C2CCCC(C3CCCCC3C3CC(CCC4CCCC4)CC4CCCCC43)C2)CC1
C1CCC(CCC2CCC(CCC3CCC(C4CCCCC4)CC3)CC2)CC1
C1CCC(CCCC2CCC(CCC3CCCCC3)CC2)CC1
C1CCC(CC2CC(CC3CCCCC3)C3CCCCC23)CC1
C1CCC(C2CCCCC2C2CCCC(C3CC3)C2)CC1
C1CCC(CCC2CC(C3CCCCC3)CC(C3CCCCC3)C2)CC1
C1CCC(CC2CCC(C3CCC(C4CCC(C5CCCCC5)CC4)CC3)CC2)CC1
C1CCC(C2CCC(CCCC3CCCC(C4CCCC(CC5CCCC5)C4)C3)CC2)CC1
C1CCC(CCC(CC2CCC3CCCCC3C2)C2CCCCC2)CC1
C1CCC(CCC2CCC(CC3CCCCC3)CC2)CC1
C1CCC(C2CCC(CC3CCCC(C4CCCCC4)C3)CC2)CC1
C1CCC(CC2CC(CC3CCC(C4CCC(C5CCCCC5)CC4)CC3)C3CCCCC23)CC1
C1CCC(C2CCCC(CC3CC3)C2)CC1
C1CCC(CCC2CCCC(C3CCC4C(CCC4C4CCCCC4)C3)C2)CC1
C1CCC(C2CCC(CCCC3CCCC(C4CCCCC4)C3)CC2)CC1
C1CCC(C2CCCCC2CC2CCC(CC3CCC(CC4CC4)CC3)CC2)CC1
C1CCC(C2CCCC(CC3CC(C4CCCCC4)CC(C4CCCCC4)C3)C2)CC1
C1CCC(CC2CCCC(C3CCCCC3CC3CCCCC3)C2)CC1
C1CCC(C2CCCC(CC3CC(C4CCCCC4)C4CCCCC34)C2)CC1
C1CCC(CCCCC2CCC(CC3CCCCC3)CC2)CC1
C1CCC(C2CCC(C3CCC(CC4CCC(CC5CC6CCCCC6C5)CC4)CC3)CC2)CC1
C1CCC(CC2CCC3C(CC4CCCCC4)CC(C4CCCC4)C3C2)CC1
C1CCC(CC2CCC3CC(C4CCCCC4)CC(C4CCCCC4)C3C2)CC1
C1CCC(CC2CCCC(C3CCC(C4CCCCC4)CC3)C2)CC1
C1CCC(CC2CCCC(C3CC(C4CCCCC4)CC(C4CCC4)C3)C2)CC1
C1CCC(C2CCCC(CC3CCC4CCC(C5CCC(C6CCCCC6)C5)C4C3)C2)CC1
C1CCC(C2CCC3CCCC(C4CCCCC4)C3C2)CC1
C1CCC(CC2CCCC(C3CCCCC3)C2)CC1
C1CCC(CCC2CCCC(C3CCCC(C4CCCCC4)C3)C2)CC1
C1CCC(CCC2CCCCC2C2CCCC(CC3CCCCC3)C2)CC1
C1CCC(CC2CCCC3CC(CCC4CCC(CC5CCC(CCC6CCC6)CC5)CC4)CCC23)CC1
C1CCC(CCCC2CCC(C3CCCC(C4CCC4)C3)CC2)CC1
C1CCC(C2CCCC(CCCC3CCC(C4CC4)CC3)C2)CC1
C1CCC(CCCCC2CCCC(C3CCCCC3)C2)CC1
C1CCC(C2CCC(C3CCCCC3)CC2)CC1
C1CCC(CCCC2CCCC3CCC(C4CC5CCCCC5C(C5CCCCC5)C4)C23)CC1
C1CCC(C2CC3CCC(C4CCCCC4)CC3C(C3CCCCC3)C2)CC1
C(CCC1CCCCC1CC1CC2CCCCC2C1)CC1CCC2CCCCC2C1
C1CCC(C2CCC(C3CCCC(CCC4CC5CCCCC5C4)C3)CC2)CC1
C1CCC(CC2CCCCC2CC2CC3CCCCC3C2)CC1
C1CCC(CC2CCC(C3CCCC(C4CCCCC4)C3)CC2)CC1
C1CCC(C2CCC(C3CCCC(C4CCCCC4)C3)CC2)CC1
C1CCC(C2CCCC(C3CCC(CCCC4CC5CCCCC5C4)CC3)C2)CC1
C1CCC(CC2CCCC(CC3CCCC(C4CCCCC4)C3)C2)CC1
C1CCC(CC2CCC(CC3CCCC(CCC4CCC(C5CCCCC5)CC4)C3)CC2)CC1
C1CCC(C2CCCC(CC3CCCCC3C3CCCCC3)C2)CC1
C1CCC(C2CCCCC2C2CCC(CC3CCC(CC4CCC5CCCCC54)CC3)CC2)CC1
C1CCC(C2CCC(CC3CCC(CCCC4CCCCC4C4CCCCC4)CC3)CC2)CC1
C1CCC(CCC2CCC(CC3CCC(C4CCC5CCCCC5C4)C(C4CCCC4)C3)C(C3CCCCC3)C2)CC1
C1CCC(C2CC(CCC3CCCCC3C3CCCCC3)CC(C3CCC3)C2)CC1
C1CCC(CC2CCC(C3CCCCC3)CC2)CC1
C1CCC(C2CCC(C3CC(CC4CCCC4)CCC3CCC3CCCC3)CC2)CC1
C1CCC(CC2CCCCC2C2CCCCC2C2CC3CCCCC3C2)CC1
C1CCC(CC2CCC(C3CC(CC4CCCC(CC5CCCCC5)C4)C4CCCCC43)CC2)CC1
C1CCC(C2CCC(C3CCC(CC4CCCC4)CC3)CC2)CC1
C1CCC(CCC2CCC(C3CCCC(C4CCCCC4)C3)CC2)CC1
C1CCC(C(C2CCCCC2)C2CCCCC2CC2CCCC2)CC1
C1CCC(C2CCCCC2C2CCCCC2C2CCCC2)CC1
C1CCC(C2CCCC(CC3CCCC3)C2)CC1
C1CCC(C2CC(C3CCCCC3)C3CCCCC23)CC1
C1CCC(CC2CCCCC2C2CCC3CCCCC3C2)CC1
C1CCC(CC2CCCCC2C2CCC(CCC3CCC(C4CCC4)CC3)CC2)CC1
C1CCC(CCC(C2CCCCC2)C(CC2CCCCC2)C2CCCCC2)CC1
C1CCC(C2CC(C3CCCCC3)CC(C3CCCCC3)C2)CC1
C1CCC(CCCC2CCC(CC3CCCCC3)CC2CC2CCCCC2)CC1
C1CCC(CCC2CCCC(C3CCCCC3CC3CC4CCCCC4C3)C2)CC1
C1CCC(CC2CCC(CC3CCC(C4CCCCC4)CC3)CC2)CC1
C1CCC(C2CC(C3CCCC3)CC(C3CCCCC3)C2C2CCCCC2)CC1
C1CCC(C2CCCC(CC3CCC(C4CCCC5CCCCC54)CC3)C2)CC1
C1CCC(C2CC(C3CCC(CCC4CC5CCCCC5C4)CC3)C3CCCCC23)CC1
C1CCC(CC2CCCC(C3CC4CCCCC4C3)C2)CC1
C1CCC(CCC2CCC(CCCC3CCC(C4CCCC4)C(C4CCCCC4)C3)CC2)CC1
C1CCC(C2CCCCC2C2CCCC(C3CCCCC3C3CCCCC3)C2)CC1
C1CCC(CCC2CCC(C3CC(C4CCCCC4)C3)CC2)CC1
C1CCC(CCC2CCC(CC3CCCCC3)CC2)CC1
C1CCC(CCC2CCCC(C3CCC(C4CCC(C5CCCCC5)CC4)CC3)C2)CC1
C1CCC(CC2CCC(CC3CCC(CCCC4CC4)CC3)CC2)CC1
C1CCC(CCC2CCCC(C3CCCC(C4CCCCC4)C3)C2)CC1
C1CCC(CCCC2CCC(CC3CCCCC3)CC2C2CCCCC2)CC1
C1CCC(CC2CCC(C3CCC(CC4CCCCC4C4CCCCC4)CC3)C2)CC1
C1CCC(CCCC2CC(CC3CCCC(CC4CCCCC4)C3)C3CCCCC23)CC1
C1CCC(C2CCCC(C3CCCCC3CC3CCC4CCCCC4C3)C2)CC1
C1CCC(CCC2CC(C3CCCC(CC4CC5CCCCC5C4)C3)C3CCCCC23)CC1
C1CCC(CCC2CCCC(C(CC3CCCCC3)C3CCCC3)C2)CC1
C1CCC(CCC2CCCC(C3CC4CCCCC4C3)C2)CC1
C1CCC(CCCC2CCCC(CC3CCCCC3)C2)CC1
C1CCC(CC2CCC(CC3CCCC(CC4CCCCC4)C3)CC2)CC1
C1CCC(CC2CCC(CC3CCCCC3)CC2)CC1
C1CCC(CCC2CCCC(CC3CCCC(C4CCCCC4)C3)C2)CC1
C1CCC(CC2CC(C3CCCC3)CC(C3CCCC4CC(C5CCCCC5)CCC43)C2)CC1
C1CCC(CCCC2CCC(CC3CCCCC3)C(C3CCCCC3)C2)CC1
C1CCC(C2CCC(CC3CC4CCCCC4C3)CC2)CC1
C1CCC(C2CCC(C3CCCCC3)C(C3CCCC4CCCCC43)C2)CC1
C1CCC(CC(CCC2CCC(C3CCCCC3C3CCC3)CC2)C2CCCCC2)CC1
C1CCC(CC2CCC(CC3CCC(CC4CCC(C5CCCC6CCCCC65)CC4)CC3)CC2)CC1
C1CCC(CC2CCCC(C3CCCCC3C3CCC4CCCCC43)C2)CC1
C1CCC(C2CCC(CC3CCCCC3C3CCCCC3)CC2)CC1
C1CCC(CCCC2CCC(CC3CCCCC3)CC2)CC1
C1CCC(C2CCC(CCC3CCC(C4CCCC4)CC3)CC2)CC1
C1CCC(CCC2CCC(CCCCC3CCCCC3CC3CCCCC3)CC2)CC1
C1CCC(C2CCC(C3CCCCC3)CC2)CC1
C1CCC(CC2CCC3C(CC4CCCCC4)CC(C4CCCCC4)C3C2)CC1
C1CCC(CC2CCCCC2CC2CC2)CC1
C1CCC(CC2CCC(CCC3CCCC(C4CCCCC4)C3)CC2)CC1
C1CCC(CC2CCC(C3CCCCC3)C(C3CCCCC3)C2)CC1
C1CCC(CC2CCCC(C3CC(CCC4CCCC4)CC(C4CCCCC4)C3)C2)CC1
C1CCC(CC2CCC(CCCCC3CCC(CC4CCCC4)CC3)CC2)CC1
C1CCC(C2CCC(C3CCCCC3)CC2)CC1
C1CCC(C2CCC(CCC3CCCCC3C3CCCC3)CC2)CC1
C1CCC(CCCC2CCCC(C3CCCCC3)C2)CC1
C(CCC1CCC(C2CCC(CC3CCC(CC4CCCC4)CC3)CC2)CC1)CC1CC1
C1CCC(CCCC2CCCC(CC3CCC4CCCCC43)C2)CC1
C1CCC(C2CCC(C3CCC(CCC4CCC5CCCCC54)CC3)CC2)C1
C1CCC(CC2CCC(CC3CCCCC3)CC2)CC1
C1CCC(CCC2CCCCC2C2CCCCC2)CC1
C1CCC(CC2CCCCC2C2CCCCC2)CC1
C1CCC(CC2CCC(CCC3CCCCC3C3CCCCC3)CC2)CC1
C1CCC(C2CCCC(CC3CCC4CCCCC4C3)C2)CC1
C1CCC(CC2CCCCC2C2CCCC(C3CCCCC3)C2)CC1
C1CCC(C2CCCC(C3CCCCC3)C2)CC1
C1CCC2CC(C3CCCCC3CCC3CCC4CCCC4C3)CCC2C1
C1CCC(C2CCCC(CCC3CCCC(C4CC5CCCCC5C4)C3)C2)CC1
C1CCC(CC2CCCC(CC3CCCCC3)C2)CC1
C1CCC(CCCC2CCCC(C3CCCCC3)C2)CC1
C1CCC(CCCC2CCC(C3CCCCC3)CC2)CC1
C1CCC(CC2CCCCC2)CC1
C1CCC(CCCC2CCC(CCC3CCCC(C4CCC(C5CCCCC5)CC4)C3)CC2)CC1
C1CCC(CC2CCC(CC3CCCCC3C3CCC4CCCC4C3)CC2)CC1
C1CCC(CC2CCC(C3CCCC(C4CCCCC4)C3)CC2)CC1
C1CCC(C2CCC(C3CCCC(C4CCCC5CC(C6CCCCC6)CCC54)C3)CC2)CC1
C1CCC(CCC2CCCC(C3CCCC(C4CCCCC4)C3)C2)CC1
C1CCC(CCC2CCCCC2CC2CCCCC2)CC1
C1CCC(CC2CCC(CC3CCCCC3)CC2)CC1
C1CCC(C2CCCCC2C2CCCC(CC3CC3)C2)CC1
C1CCC(C2CCC(CC3CCCC(C4CCCCC4C4CCCC4)C3)CC2)C1
C1CCC(CC2CCCC(C3CCC3)C2)CC1
C1CCC(CC2CCCCC2C2CCC(CCC3CCC(C4CCCCC4)CC3)CC2)CC1
C1CCC(CC2CCCC(CC3CCC(C4CCCC4)CC3)C2)CC1
C1CCC(C2CCC(CCCC3CCCC(C4CCCCC4)C3)CC2)CC1
C1CCC(C2CCCCC2)CC1
C1CCC(CC2CCCC(CCC3CC(CC4CCCCC4)C4CCCCC34)C2)CC1
C1CCC(CC2CCC(C3CCCC(C4CCCCC4)C3)CC2)CC1
C1CCC(CC2CCC3C(C4CCCC4)CC(C4CCC5CCCCC5C4)C3C2)CC1
C1CCC(CC2CC(C3CCCCC3)C(C3CCCCC3)C(C3CCCC3)C2)CC1
C1CCC(C2CC(C3CCCCC3)CC(C3CCC3)C2)CC1
C1CCC(CCC2CC(CC3CCC(C4CCCCC4)CC3)C3CCCCC23)CC1
C1CCC(C2CCCC(C3CCCCC3)C2)CC1
C1CCC(C2CCCC(C3CCCC(CCC4CCCC4)C3)C2)CC1
C1CCC(CC(CC2CCC(C3CC4CCCCC4C3)CC2)C2CCCCC2)CC1
C1CCC(CC2CCC(C3CCCC(C4CCC(C5CCCC5)CC4)C3)CC2)CC1
C1CCC(CCC2CCCC(C3CC(CCC4CCCCC4)CC(C4CCCCC4)C3)C2)CC1
C1CCC(CCC2CCCC(C3CCC(C4CCCC4)CC3)C2)CC1
C1CCCCC1
C1CCC(C2CCCC(CC3CCC4CCCCC43)C2)CC1
C1CCC(CCC2CCC(C3CCCCC3)CC2)CC1
C1CCC(CCCC2CCC(C3CCCCC3)CC2)CC1
C1CCC(CC2CCCC(C3CCCCC3)C2)CC1
C1CCC(C2CCCC(C3CCCC(C4CCCC5CCCCC54)C3)C2)CC1
C1CCC(CC2CCCCC2CC2CCC3CCCC(C4CCCCC4)C3C2)CC1
C1CCC(CC2CCC(CC3CCCCC3)CC2)CC1
C1CCC(CCCCCC2CCCC(C3CCCC(CCC4CCCCC4C4CCCCC4)C3)C2)CC1
C1CCC(C2CC(C3CCC(C4CCCC4)CC3)CC(C3CCCCC3)C2CC2CCCC2)CC1
C1CCC(CCCC2CCCCC2)CC1
C1CCC(C2CCCC(CCCC3CCC4CCCC4C3)C2)CC1
C1CCC(C2CCC3CC(C4CCCCC4)CCC3C2)CC1
C1CCC(C2CCCC(CCC3CC(C4CCCCC4)C4CCCCC34)C2)CC1
C1CCC(CC2CCCCC2)CC1
C1CCC2CC(C3CCC(C4CCCC5CCCCC54)CC3)CC2C1
C1CCC(CC2CC(CCC3CCCCC3C3CCCCC3)C3CCC(C4CCCCC4)CC23)CC1
C1CCC(C2CCCC(CC3CCCCC3C3CCCCC3)C2)CC1
C1CCC(CCCC2CCCC(C3CCC4CCCCC43)C2)CC1
C1CCC(CC2CCC(CC3CCCC(C4CCCCC4)C3)CC2)CC1
C1CCC(CC2CCC(CCC3CCCCC3C3CCC4CCCC4C3)CC2)CC1
C1CCC(CC2CCC3C(CC4CCCCC4)CC(C4CCCC4)C3C2)CC1
C1CCC(CC2CCCC(C3CCCCC3)C2)CC1
C1CCC(CC2CCC(C3CCCC(CC4CC5CCCCC5C4)C3)CC2)CC1
C1CCC(C2CCC3CCC(CC4CCC(CCCC5CC6CCCCC6C5)CC4)CC3C2)CC1
C1CCC(CC2CC3CCCCC3C(C3CCCCC3)C2)CC1
C1CCC(CCCCCC2CCC3CCCC3C2)CC1
C1CCC(CC2CCCCC2C2CC(C3CCC4CCCC4C3)CCC2C2CCCC(C3CCCC3)C2)CC1
C1CCC(C(CC2CC3CCCCC3C2)C2CCCC(CC3CCCC3)C2)CC1
C1CCC(CCC2CCC(C3CCCCC3)CC2)CC1
C1CCC(CCC2CCC(CCC3CCCC(C4CCCCC4)C3)CC2)CC1
C1CCC(CCC2CCCC(CC3CCCCC3)C2)CC1
C1CCC(C2CCCC(C(CC3CCC(CC4CC4)CC3)C3CCCCC3)C2)CC1
C1CCC(CCC2CCCCC2C2CCCCC2)CC1
C1CCC(CC2CCC(C3CCC(CC4CCCCC4)CC3)CC2)CC1
C1CCC(C2CCCC(CCC3CCCC(C4CCCCC4)C3)C2)CC1
C1CCC(C2CCC(C3CCCCC3)CC2)CC1
C1CCC(CC2CCC(C3CCC4CC(C5CCCCC5)CCC4C3)CC2)CC1
C1CCC(CC2CCC(C3CCC(CC4CCCC4)CC3C3CCCCC3)CC2)CC1
C1CCC(CCCCCC2CCC(C3CCCC(CC4CC4)C3)CC2)CC1
C1CCC(CCC2CCCC(CCC3CCCCC3)C2)CC1
C1CCC(CC2CCC(CCC3CC4CCCCC4C3)CC2)CC1
C1CCC(CCC2CCC(CCC3CCCCC3)C(CC3CCCC3)C2)CC1
C1CCC(CCC2CCCC(CC3CCCC(CC4CCCCC4)C3)C2)CC1
C1CCC(C2CCC3CCCC(C4CCCCC4)C3C2)CC1
C1CCC(CC2CC(CC3CCCCC3)C3CC(C4CCCCC4)CCC23)CC1
C1CCC(C2CCC(C3CCCC(C4CCCC4)C3)CC2C2CCCCC2)CC1
C1CCC(C(C2CCCCC2)C2CCCCC2C2CCCC2)CC1
C1CCC(CC2CCC(CCC3CCC(CC4CCCC(C5CCCCC5)C4)CC3)CC2)CC1
C1CCC(CC2CCC(C3CCCCC3)CC2)CC1
C1CCC(C2CCCC(C3CCCC(C4CCCC4)C3)C2)C1
C1CCC(CC2CCC(C3CCC(C4CCCCC4)CC3)CC2)CC1
C1CCC(CC2CCCC(CCC3CCC(C4CCCCC4)CC3)C2)CC1
C1CC1CC1CCC(C2CCC(C3CCC(CC4CC4)CC3)CC2)CC1
C1CCC(C2CCC(C3CCCCC3C3CCC4CCCC4C3)CC2)CC1
C1CCC(CCC2CCC(C3CCC(C4CCC5CCCCC54)CC3C3CCCC3)CC2)CC1
C1CCC(C2CCC(C3CCCCC3CC3CCCC3)CC2)CC1
C1CCC(CC2CCC(C3CCCCC3)CC2)CC1
C1CCC(CCCCC2CCC(C3CCC(C4CCCCC4)CC3)CC2)CC1
C1CCC(C2CCC(C3CCCCC3C3CCCCC3)CC2)CC1
C1CCC(CC2CCCCC2)CC1
C1CCC(CC2CCCCC2C2CCCCC2)CC1
C1CCC(C2CCC(C3CCC(CC4CCCC4)CC3)CC2)CC1
C1CCC(CC2CCCC(C3CCC3)C2)CC1
C1CCC(C2CCCC(C3CCC(C4CC(C5CCC6CCCCC65)CC5CCCCC54)C3)C2)CC1
C1CCC(C2CCCCC2CCCC2CCCCC2C2CCCCC2)CC1
C1CCC(CCC2CCC(CC3CCCCC3)CC2)CC1
C1CCC(C2CCC(CCCC3CCCC(C4CCCCC4)C3)CC2)CC1
C1CCC(CC2CCC(CCCC3CCC4CCCCC4C3)CC2)CC1
C1CCC(CCC2CCCCC2C2CCC(C3CCCCC3)CC2)CC1
C1CCC(C2CCCC(C3CCC(C4CCCC4)CC3C3CCCC3)C2)CC1
C1CCC(C2CCC(C3CCCCC3)CC2)CC1
C1CCC(C2CCCC(C3CC4CCCCC4C3)C2)CC1
C1CCC(C2CCCCC2)CC1
C1CCC(CC2CCC(C3CCCCC3)CC2)CC1
C1CCC(CC2CCC(C3CCCCC3CCCC3CCC4CCCC4C3)CC2)CC1
C1CCC(CC2CCC(C3CCC(C4CCCCC4)C3)CC2)CC1
C1CCC(CC2CC(C3CCCCC3)C3CC(C4CCCCC4)CCC23)CC1
C1CCC(C2CCCCC2C2CCC(CC3CC3)C(C3CCCC3)C2)CC1
C1CCC(CCCCC2CCC(CC3CCCCC3)CC2)CC1
C1CCC(CC2CCC(C3CCCCC3)C(CC3CC3)C2)CC1
C1CCC(CC2CC3CCCCC3C(C3CCCCC3)C2)CC1
C1CCC(CC2CCCCC2)CC1
C1CCC(C2CCCCC2C2CCC(CC3CCC(CCC4CCCC4)CC3)CC2)CC1
C1CCC(CCC2CCCC(C3CCCCC3)C2)CC1
C1CCC(CC2CCCCC2CCC2CCCC(C3CCCCC3)C2)CC1
C1CCC(C2CCCC(C3CCCC3)C2)CC1
C1CCC(CC2CCCC2CCC2CCCC(C3CCCCC3)C2)CC1
C1CCC(CC2CC(C3CCCCC3)C3CCCCC23)CC1
C1CCC(CCC2CC(C3CCC3)CC(C3CCCC(C4CCCC4)C3)C2)CC1
C1CCC(CCC2CCCC(C3CCCCC3)C2)CC1
C1CCC(CCC2CCCCC2)CC1
C1CCC(CCCC2CCC(C3CCCCC3C3CC4CCCCC4C3)CC2)CC1
C1CCC(CCC2CCC(C3CCCCC3)CC2)CC1
C1CCC(CCC2CCC(CC3CCCCC3)CC2)CC1
C1CCC(CCC2CCC3C(CCC3C3CCCC3)C2)CC1
C1CCC(C2CCCCC2C2CCC3CCC(C4CCC5CC(C6CC6)CCC5C4)CC3C2)C1
C1CCC(CC2CCC(C3CCC3)C(CCC3CCC(C4CCCCC4)CC3)C2)CC1
C1CCC(CC2CCC(CC3CCC(C4CCCCC4)CC3C3CCCCC3)CC2)CC1
C1CCC(C2CCC(C3CCCCC3C3CCCCC3)CC2)CC1
C1CCC(CC2CCC(C3CCC(CCC4CCCCC4C4CCC5CCCC5C4)C3)CC2)CC1
C1CCC(CCCC2CCCCC2C2CCCCC2)CC1
C1CCC(CC2CCCCC2CC2CCCC(CCC3CCC(C4CCCCC4)CC3)C2)CC1
C1CCC(CC2CCC(CC3CCC(C4CCCC4)CC3)CC2)CC1
C1CCC(C2CCCC(CCCCC3CCCCC3C3CCCCC3)C2)CC1
C1CCC(CC2CCC(C3CCC(C4CCCCC4)CC3)C(C3CCC4CCCC4C3)C2)CC1
C1CCC(C2CCCC(CC3CC(C4CCCCC4)C4CCCCC34)C2)CC1
C1CCC(C2CCC(CCCCC3CCC(C4CCC(C5CCCC5)CC4)CC3)CC2)CC1
C1CCC(CC2CCC(C3CCCCC3C3CCCCC3)CC2)CC1
C1CCC(CCC2CCC(CC3CCCCC3)CC2)CC1
C1CCC(C2CCCCC2CC2CCCC(C3CCC(C4CCC4)CC3)C2)CC1
C1CCC(CC2CCC(C3CCC(CC4CCCCC4)CC3)CC2)CC1
C1CCC(CCCCC2CCCC(C3CCCCC3)C2)CC1
C1CCC(C2CCCC(CC3CCC(C4CCCC(C5CCCCC5)C4)CC3)C2)CC1
C1CCC(C2CCCC(CC3CCCC(C4CCCCC4)C3)C2)CC1
C1CCC(C2CCCC(CCC3CCC(CCC4CCCC(C5CCCC5)C4)C3)C2)CC1
C1CCC(CCC2CCCCC2C2CCCCC2CC2CCCCC2)CC1
C1CCC(CC2C(C3CCC3)CCCC2C2CCC(C3CCC4CCCCC43)CC2)CC1
C1CCC(CCCC2CCCC(CC3CC3)C2)CC1
C1CCC(C2CCCC(C3CC(C4CCC5CCCC5C4)C4CCCCC34)C2)CC1
C1CCC(CCCC2CCC(C3CCCCC3)CC2)CC1
C1CCC(C2CCCCC2CC2CCC(C3CCCC(C4CC4)C3)CC2)CC1
C1CCC(CCCCCC2CCC3CC(CCCC4CCCCC4)CC(C4CCCCC4)C3C2)CC1
C1CCC(CC2CCC(CC3CCC(C4CCCC4)CC3)CC2)CC1
C1CCC(CC2CCCCC2C2CCC(C3CCC(C4CCCC4)CC3)C2)CC1
C1CCC(CC2CCC(C3CC(C4CCCCC4)C3)CC2)CC1
C1CCC(C2CCCCC2CCCCCC2CCCCC2C2CCCC2)CC1
C1CCC(C2CCCCC2C2CCCC(C3CCC(C4CCCC4)CC3)C2)CC1
C1CCC(C2CCCC(C3CCCC(C4CCCCC4)C3)C2)CC1
C1CCC(CC2CC(C3CCCCC3)CCC2C2CCCCC2)CC1
C1CCC(CC2CCCCC2C2CCCC2CC2CCCCC2)CC1
C1CCC(CC2CCCC(C3CCC(CC4CCC(C5CCCCC5)CC4)C3)C2)CC1
C1CCC(CCC2CCC(CC3CCC(C4CCCCC4C4CCCC4)CC3)CC2)CC1
C1CCC(CC2CCC(CC3CCC(CC4CCCC4)CC3)CC2)CC1
C1CCC(CCC2CCC(C3CCC(CCC4CCCCC4)CC3)CC2)CC1
C1CCC(CC2CCCC(C3CC(C4CCCCC4)C4CCCCC34)C2)CC1
C1CCC(C2CCC(C3CCCC3)C(C3CCCCC3)C2)CC1
C1CCC(C2CCC(C3CCCC3)CC2)CC1
C1CCC(C2CCCCC2C2CCC(C3CCCCC3C3CCC4CCCC4C3)CC2)CC1
C1CCC(C2CCCCC2CC2CCC(CC3CCCC3)CC2)CC1
C1CCC(CCC2CCCC3CCC(C4CC5CCCCC5C(C5CCCCC5)C4)C23)CC1
C1CCC(C2CCCCC2C2CCC3C(CCCC3C3CCCCC3)C2)CC1
C1CCC(CCC2CCC(CC3CCC(CC4CCCCC4)CC3)CC2)CC1
C1CCC(CC2CCC(CC3CCCCC3)C(C3CCC4CCCC4C3)C2)CC1
C1CCC(C2CCCC(C3CCCCC3C3CCCC(CCC4CC4)C3)C2)CC1
C1CCC(C2CCCC(CC3CCC(C4CCCCC4)CC3C3CCCC3)C2)CC1
C1CCC(C2CCC(C3CC(CCCC4CCCC(C5CCCCC5)C4)C4CCCCC43)CC2)CC1
C1CCC(CC2CCC(C3CCCCC3)CC2)CC1
C1CCC(CC2CCCCC2CC2CCCCC2)CC1
C1CCC(CCC2CCC(C3CCCCC3)CC2)CC1
C1CCC(C2CCCC(C3CC4CCC(C5CCC(C6CCCCC6)C5)CC4C(C4CCCCC4)C3)C2)CC1
C1CCC(CC2CCC(CCC3CCC(CC4CC4)CC3)CC2)CC1
C1CCC(CC2CC(C3CCCC3)CC(C3CCCC(C4CCCC4)C3)C2)CC1
C1CCC(CC2CCC(CC3CCC(C4CCCCC4)CC3)CC2)CC1
C1CCC(CCC2CCCC(CC3CCCCC3)C2)CC1
C1CCC(CC2CCCCC2)CC1
C1CCC(CC2CCC(CC3CCCCC3)CC2)CC1
C1CCC(CCCC2CCC(CC3CCCCC3)CC2)CC1
C1CCC(CCCCC2CCCC(CC3CCC(CC4CCCCC4)CC3)C2)CC1
C1CCC(CCC2CCCCC2C2CCCCC2)CC1
C1CCC(CCC2CCCCC2C2CCCCC2C2CCC3CCCC3C2)CC1
C1CCC(C2CCC(CCCCC3CCCCC3C3CCCC(CC4CCCC4)C3)CC2)CC1
C1CCC(CCCCC2CCC(C3CCCCC3)CC2)CC1
C1CCC(CCC2CCCC(CC3CCC4C(CCC4C4CCCCC4)C3)C2)CC1
C1CCC(CC2CCC(CCC3CCC(C4CCCCC4)CC3)CC2)CC1
C1CCC(CC2CCC(CC3CCC(CCC4CCCCC4CC4CCCCC4)CC3)CC2)CC1
C1CCC(C2CCCCC2CC2CC3CCCCC3C2)CC1
C1CCC(CCC2CCCC(C3CC(C4CCCCC4)CC(C4CCCCC4)C3)C2)CC1
C1CCC(CCC2CCC(CC3CCCC(C4CCCCC4)C3)CC2)CC1
C1CCC(CCC2CCC(C3CCCCC3)CC2)CC1
C1CCC(C2CCC(C3CCCCC3)CC2)CC1
C1CCC(C2CCC(C3CCCC(C4CCCC(C5CCCCC5)C4)C3)CC2)CC1
C(CCC1CCC(C2CCCCC2)CC1)CCC1CCC2CCCC2C1
C1CCC(C2CCCC(C3CCCCC3C3CCC4CCCCC4C3)C2)CC1
C1CCC(C2CCC(C3CCC(C4CCCC4)CC3)CC2)CC1
C1CCC(CC(C2CCCCC2)C2CCC(C3CCCCC3)C(C3CCCC3)C2)CC1
C1CCC(C2CCC(C3CCCC(CC4CC5CCCCC5C4)C3)CC2)CC1
C1CCC(CC2CCCC(CCC3CCCC4CCCCC43)C2)CC1
C1CCC(CC2CCC(CC3CCCC(C4CCC4)C3)CC2)CC1
C1CCC(CC2CCCC(CCC3CCC(CC4CC5CCCCC5C4)CC3)C2)CC1
C1CCC(CC2CCC(CC3CCCC(CC4CC5CCC(C6CCCC6)C5C4)C3)CC2)CC1
C1CCC(C2CCC(CCCC3CCCCC3C3CCCCC3)C2)CC1
C1CCC(CC2CCC(C3CCCCC3)CC2)CC1
C1CCC2CC(C3CCC(C4CCCC(CC5CCC6CCCC6C5)C4)CC3)CCC2C1
C1CCC(CCC2CCC(C3CCCC(C4CCCCC4)C3)CC2)CC1
C1CCC(C2CCC(CC3CCC(C4CCCC4)CC3C3CCC4CCCC4C3)CC2)CC1
C1CCC(CC2CCCC(C3CCCCC3)C2)CC1
C1CCC(CC2CCC(C3CCCC(C4CCCCC4C4CCCCC4)C3)CC2)CC1
C1CCC(CCC2CCCC(C3CCCC(C4CCCC4)C3)C2)CC1
C1CCC2CC(C3CCC(CC4CCCCC4C4CCCC4)CC3)CC2C1
C1CCC(CCC2CCC(C3CCCCC3CC3CCCCC3CC3CCCCC3)CC2)CC1
C1CCC(C2CCCCC2C2CCCCC2C2CCCC2)CC1
C1CCC(C2CCC(C3CCCC(C4CCCCC4)C3)CC2)CC1
C1CCC(CC2CCC(C3CCCC(C4CC4)C3)CC2)CC1
C1CCC(CC2CCC(CCC3CCC(CC4CCCC4)CC3)CC2)CC1
C1CCC(CCC2CCC(CCC3CCCC(CCC4CCC(CCC5CCCC5)CC4)C3)CC2)CC1
C1CCC(CC2CCC(C3CCC(C4CCCC4)CC3)CC2)CC1
C1CCC(CC2CCC(CC3CCC(CC4CCCCC4)C3)CC2)CC1
C1CCC(CCCC2CCCC(C3CCCC(CC4CCCCC4)C3)C2)CC1
C1CCC(CC2CCCC(CCCC3CCCC4CC(C5CCCCC5)CCC34)C2)CC1
C(CCCC1CCCCC1C1CCCCC1)CCC1CCC(C2CCCCC2)CC1
C1CCC(CC2CCC(C3CCCC(C4CCCC4)C3)CC2)C1
C1CCC(C2CCC3CC(CC4CCC(CCC5CCC5)CC4)CC(C4CCCCC4)C3C2)CC1
C1CCC(CC2CCC(CC3CCC(C4CCCCC4)CC3)CC2)CC1
C1CCC(C2CC(C3CCC4CCCCC43)CC3CCCCC32)CC1
C1CCC(C2CCCCC2)CC1
C1CCC(CCC2CCC(CC3CCCCC3)CC2)CC1
C1CCC(CCCCCC2CCCCC2)CC1
C1CCC(CC2CCC(C3CCCCC3CC3CCC(C4CC5CCCCC5C4)CC3)CC2)CC1
C1CCC(C2CCCCC2C2CCC3CCCCC3C2)CC1
C1CCC(C2CCCC(C3CCCC(CC4CCCC(CC5CCCC5)C4)C3)C2)CC1
C1CCC(CC2CC(CCC3CCCC3)CC(C3CCCCC3)C2)CC1
C1CCC(CCC2CCCC(C3CCC(CC4CCCCC4)CC3)C2)CC1
C1CCC(CC2CCC(C3CCC(CC4CC4)CC3)CC2)CC1
C1CCC(C2CCC(CC3CCCCC3C3CCC3)C2)CC1
C1CCC(C2CCC(C3CCCC(CC4CCCC(C5CCC5)C4)C3)CC2)CC1
C1CCC(CCC2CCC(C3CCC(C4CCCCC4)CC3)CC2)CC1
C1CCC(C2CCC(C3CCC(C4CC(CC5CCCC5)C5CCCCC54)CC3)C2)CC1
C1CCC(C2CC(C3CCCCC3)CC(C3CCCCC3)C2)CC1
C1CCC(CC2CCC(CCC3CCC(C4CCCCC4)CC3)CC2)CC1
C1CCC(C2CCC(C3CCC(C4CCC5CCCCC5C4)CC3)C2)CC1
C1CCC(C2CCC(C3CCC(C4CCC(C5CCCCC5)CC4)CC3)CC2)CC1
C1CCC(CCCC2CCC(C3CCC4C(CC5CCCCC5)CCC4C3)CC2)CC1
C1CCC(C2CC(C3CCCCC3)C3CCCCC23)CC1
C1CCC(C2CCCC(CC3CCC4CCCCC43)C2)C1
C1CCC(C2CCC(CCC3CCCC(C4CCCCC4)C3)CC2)CC1
C1CCC(CC2CCCCC2C2CCC(CC3CCCC3)CC2)CC1
C1CCC(CCC2CCC(CCC3CCC(CC4CCCC4)CC3)CC2)CC1
C1CCC(CC2CCCC(CC3CCCCC3)C2)CC1
C1CCC(CC2CCC(C3CCC4CCCCC4C3)CC2)CC1
C1CCC(CC2CCC(C3CCC(CC4CCC(C5CCC5)CC4)CC3)CC2)C1
C1CCC(CC2CCC(C3CCCCC3)CC2)CC1
C1CCC(CCCCC2CCC(CCCC3CCCCC3)CC2)CC1
C1CCC(C2CCCCC2C2CCCC(CC3CCC4CCCCC4C3)C2)CC1
C1CCC(CCC2CCC(CC3CCCCC3)C(C3CCC(C4CCCCC4)CC3)C2)CC1
C1CCC(CC2CCC(CC3CCC(C4CCCC4)CC3)CC2)CC1
C1CCC(CC2CCC(C3CCCCC3)C(C3CCCCC3)C2)CC1
C1CCC(CCC2CCC(C(C3CCCCC3)C3CC(CC4CCCCC4)C4CCCCC43)CC2)CC1
C1CCC(CC2CCC(C3CCC(C4CCC(CC5CCCCC5)CC4)C3)CC2)CC1
C1CCC(CCC2CCC3CC(C4CCCCC4)CC(C4CCCCC4)C3C2)CC1
C1CCC(CCC2CCCCC2C2CCC3CCCC3C2)CC1
C1CCC(C2CCC(C3CCC4CCCC4C3)CC2)CC1
C1CCC(CC2CCC(C3CCCCC3)CC2)CC1
C1CCC(CCC2CCC(C3CCC(CC4CCCCC4)CC3)CC2)CC1
C1CCC(CC2CCC(CC3CCCCC3)CC2)CC1
C1CCC(CCC2CC(C3CCCCC3)CC(CC3CC3)C2CCC2CCCCC2)CC1
C1CCC(CC2CCC(C3CCCCC3)CC2)CC1
C1CCC(CC2CCC(CC3CCCCC3)C(CCC3CCC(C4CCCCC4)CC3)C2)CC1
C1CCC(CC2CC(C3CCCCC3)CC(C3CCCC3)C2)CC1
C1CCC(CC2CCC(CCCC3CCCC(C4CCCCC4)C3)CC2)CC1
C1CCC(CC2CC(C3CCCCC3)CC(C3CCCC3)C2)CC1
C1CCC(C2CCCCC2C2CCCC(CC3CC4CCCCC4C3)C2)CC1
C1CCC(C2CC(C3CCCC3)C3CCCCC23)CC1
C1CCC(CC2CCCC(C3CCCCC3)C2)CC1
C1CCC(CC2CCC(C3CCCC(CCC4CCC(C5CCCCC5)CC4)C3)CC2)CC1
C1CCC(CCC2CCC(CCC3CCCCC3)CC2)CC1
C1CCC(CC2CCCC(C3CCCC(C4CCCC(C5CCCCC5)C4)C3)C2)CC1
C1CCC(CC2CCC(C3CCCC(C4CCC(C5CC5)CC4)C3)CC2)CC1
C1CCC(CC2CCC(CCCC3CCCC(C4CCC5CCCCC5C4)C3)CC2)CC1
C1CCC(CCC2CCC(CCC3CCCCC3)C(C3CCC4CCCC4C3)C2)CC1
C1CCC(CCC2CC(C3CCCCC3)C3CCC(C4CCCC(C5CCCCC5)C4)CC23)CC1
C1CCC(CCCC2CC(CC3CCCCC3)C3CCCCC23)CC1
C1CCC2CC(C3CCC(CCCC4CCCCC4C4CCCC4)CC3)CCC2C1
C1CCC(CCC2CCCCC2CC2CCC3CCCC3C2)CC1
C1CCC(C2CCC(CC3CCC(CC4CCCC4)CC3)CC2)CC1
C1CCC(CC2CCCCC2CC2CCCCC2C2CCC(C3CCCC3)CC2)CC1
C1CCC(CC2CCCC(C3CCCC(C4CCCCC4)C3)C2)CC1
C1CCC(CCC2CCC(CC3CCCCC3)CC2)CC1
C1CCC(C2CCC(C3CCCC(CC4CCC(C5CC5)CC4)C3)CC2C2CCCCC2)CC1
C1CCC(C2CCCCC2CC2CCCC(C3CCC3)C2)CC1
C1CCC(C2CCCCC2C2CCCC2)CC1
C1CCC(CCCC2CCC(C3CCCCC3)C(C3CCC4CCCCC4C3)C2)CC1
C1CC(C2CCC(CCC3CCC(CCC4CC4)CC3)CC2)C1
C1CCC(CC2CCC(C3CCC4C(CC5CCCCC5)CCC4C3)CC2)CC1
C1CCC(C2CCC(CC3CCC4CCCCC43)CC2)CC1
C1CCC(CC2CC(CC3CC3)CC(C3CCCC(C4CCCCC4)C3)C2)CC1
C1CCC(CCC2CCC3CC(C4CCCC(C5CCCCC5)C4)CCC23)CC1
C1CCC(CCC2CC(C3CCCCC3)CC(C3CCCCC3)C2)CC1
C1CCC(CCC2CCC(CC3CCCCC3)C(C3CCCCC3)C2)CC1
C1CCC(CC2CCCCC2C(CC2CCCCC2)C2CCCCC2)CC1
C1CCC(C2CC(C3CCC4CCCC(C5CCCCC5)C43)CC3CCCCC32)CC1
C1CCC(CCC2CCC(C3CC(CC4CCCCC4)C4CCCCC43)CC2)CC1
C1CCC(CCCC2CCC(CC3CCCCC3)CC2)CC1
C1CCC(CCCC2CCC(C3CCCCC3CC3CCCCC3)CC2)CC1
C1CCC(C2CCC(C3CCCCC3)CC2)CC1
C1CCC(CCCC2CCC(C3CCCC(C4CC4)C3)CC2)CC1
C1CCC2CC(CCC3CCC(C4CCCC(C5CCCC5)C4)CC3)CCC2C1
C1CCC(CC2CCCCC2)CC1
C1CCC(C2CCCC(CC3CC(C4CCCCC4)C4CCCCC34)C2)CC1
C1CCC(CC2CC3CCC(C4CCCCC4)CC3C(C3CCCCC3)C2)CC1
C1CCC(CCCC2CCC(CCCC3CCCCC3)CC2)CC1
C1CCC(CCC2CC(C3CCCC(C4CCCC4)C3)CCC2C2CCCCC2)CC1
C1CCC(C2CCC(C3CCCC(CC4CC5CCCCC5C4)C3)CC2)CC1
C1CCC(C2CCC(C3CC3)CC2CC2CCC3CCCCC32)CC1
C(CCC1CCC(CC2CCC(C3CCC4CCCCC4C3)CC2)CC1)CC1CCC1
C1CCC(C2CCCC(CC3CC3)C2)CC1
C1CCC(C2CCCC(C3CCCCC3)C2)CC1
C1CCC(CC2CCCC(C3CCCC(C4CCCCC4)C3)C2)CC1
C1CCC(CCC2CCCC(C3CCC(C4CCCCC4)CC3)C2)CC1
C1CCC(CCCC2CCC(C3CCCCC3)C2)CC1
C1CCC(C2CCCC(C3CC(CC4CC4)CC(C4CCC4)C3)C2)CC1
C1CCC(CC2CCC(CCC3CCC(CC4CCC(CC5CCCCC5)CC4)CC3)CC2)CC1
C1CCC(C2CCC(C3CCC(C4CCCCC4)C3)CC2)CC1
C1CCC(CCC2CCC(CC3CCCCC3)CC2)CC1
C1CCC(CCCCC2CC(CC3CC3)CCC2C2CCCCC2)CC1
C1CCC(C2CCC(C3CCCC3)CC2)CC1
C1CCC(CCCCC2CCC(CC3CCCC(CC4CCCCC4)C3)CC2)CC1
C1CCC(CCC2CCCC(C3CCCCC3)C2)CC1
C1CCC(CC2CCC3C(CCC3C3CCCCC3)C2)CC1
C1CCC(CC2CCC(C3CCC(C4CCCCC4)CC3)CC2)CC1
C1CCC(C(C2CCCCC2)C2CCCCC2)CC1
C1CCC(CC2CCCCC2CCCC2CCC(C3CCCCC3)C2)CC1
C1CCC(C2CCCCC2C2CCC3CCCCC3C2)CC1
C1CCC(CC2CCCCC2CCCC2CCCC(C3CCCCC3)C2)CC1
C1CCC(C2CCCCC2C2CCCCC2)CC1
C1CCC(CC2CCC(C3CCC(CC4CCCCC4)CC3CC3CCCC3)CC2)CC1
C1CCC(CCCC2CCCC(C3CCCCC3)C2)CC1
C1CCC(C2CCC(CC3CCC(CC4CC5CCCCC5C4)CC3)CC2)CC1
C1CCC(CCC2CCCC(C3CCC(C4CCC(C5CCC5)C(C5CCCCC5)C4)CC3)C2)CC1
C1CCC(CCC2CCC(CC3CCC(CC4CCCCC4)CC3)CC2)CC1
C1CCC(CC2CCC(CC3CCCC(C4CCCCC4)C3)CC2)CC1
C1CCC(CC2CCC(C3CCCCC3)CC2)CC1
C1CCC(CC2CCC(C3CCC(C4CC4)CC3C3CCCCC3)CC2)CC1
C1CCC(CC2CCCC(C3CCC(C4CCC(C5CCCC5)CC4)CC3)C2)CC1
C1CCC(CCCCC2CCCC(C3CCC4CCCCC4C3)C2)CC1
C1CCC(CC2CCCC(C3CCCC4CC(C5CCCCC5)CCC43)C2)CC1
C1CCC(CC2CCC(CCC3CCC(C4CCCC4)CC3)CC2C2CCCCC2)CC1
C1CCC(CC2CCCC(C3CCCCC3CC3CCCCC3)C2)CC1
C1CCC(CCC2CCC(C3CCCCC3CC3CCCCC3)CC2)CC1
C1CCC(C2CCC3C(CCCC3C3CCCC(C4CCC(C5CCCC5)CC4)C3)C2)CC1
C1CCC(C2CCCC(C3CCCCC3)C2)CC1
C1CCC(C2CCCCC2C2CCC(CC3CCC4CCCCC43)CC2)CC1
C1CCC(CC2CCCC(CC3CCC4CCCC4C3)C2)CC1
C1CCC(CCCC2CCC(CCC3CC4CCCCC4C3)CC2)CC1
C1CCC(CCC2CCCCC2CCC2CCC(C3CCCCC3)CC2)CC1
C1CCC(CC2CCCCC2C2CC3CCCCC3C(CC3CCCCC3)C2)CC1
C1CCC(C2CCC(CC3CCC(C4CCCCC4)CC3C3CCCCC3)CC2)CC1
C1CCC(CC2CCC(C3CCCCC3)CC2)CC1
C1CCC(CCC2CCC(CC3CCC(CC4CCC(C5CCCCC5)CC4)CC3)C2)CC1
C1CCC(CCCCC2CCC(C3CCCCC3)CC2)CC1
C1CCC(C2CCCC(C3CCCCC3)C2)CC1
C1CCC(C2CCC(C3CCCC(C4CCCCC4)C3)CC2)CC1
C1CCC(CCCC2CCCC(CC3CCCCC3)C2)CC1
C1CCC(CCC2CCCC(C3CCCC(C4CCCC(C5CCC(C6CCCCC6)CC5)C4)C3)C2)CC1
C1CCC(CC2CCCC(C3CCCCC3CC3CCC(C4CCCCC4)CC3)C2)CC1
C1CCC(CC2CCC(C3CCC(C4CCCCC4)CC3)CC2)CC1
C1CCC(CC2CC(C3CCCCC3)CC3CC(C4CCCCC4)CCC23)CC1
C1CCC(CC2CCCCC2CC2CCCCC2)CC1
C1CCC(CCCC2CCCC(C3CC4CCCCC4C3)C2)CC1
C(CC1CCCC(C2CCCC2)C1)CC1CCCC(C2CCCC2)C1
C1CCC(C2CC(CCC3CC4CCCCC4C3)C3CC(C4CCCCC4)CCC3C2)CC1
C1CCC(C2CCC(C3CCC4CCCCC43)CC2C2CCCCC2)CC1
C1CCC(C2CCCC(C3CCC4CCCCC4C3)C2)CC1
C1CCC(C2CCC(C3CCCCC3C3CCCC3C3CCCC3)CC2)CC1
C1CCC(CCC2CCCCC2C2CCCC(C3CCCCC3)C2)CC1
C1CCC(CCC2CCCC(C3CCCCC3)C2)CC1
C1CCC(C2CCCC(CC3CC(C4CCCCC4)C(C4CCC4)C(C4CC4)C3)C2)CC1
C1CCC(CC2CC(C3CCCCC3CC3CC4CCCCC4C3)CCC2CC2CCC3CCCCC3C2)CC1
C1CCC(C2CCCC(C3CCCCC3C3CCCCC3)C2)CC1
C1CCC(CCCCC2CCCCC2CCCC2CCCC(C3CCCC3)C2)CC1
C1CCC(C2CCCC(C(C3CCCCC3)C3CCCC4CCCCC43)C2)CC1
C1CCC(C2CCCC(CC3CC(C4CCCCC4)C4CCCCC34)C2)CC1
C1CCC(CC2CCC(CC3CCC(C4CCCCC4C4CCCCC4)CC3)CC2)CC1
C1CCC(C2CCCCC2)CC1
C1CCC(CCC2CCC(CC3CCCCC3)CC2)CC1
C1CCC(C2CCCC(C3CC(C4CCC4)CC(C4CCC5CCCC5C4)C3)C2)CC1
C1CCC(CCC2CCC(C3CCCCC3)CC2)CC1
C1CCC(CC2CCC(CCC3CC4CCC(C5CCCC(CCC6CCC7CCCC7C6)C5)CC4C3)CC2)C1
C1CCC(C2CCCCC2C2CCC(C3CCCCC3)C(C3CCC4CCCC4C3)C2)CC1
C1CCC(CC2CCC(C3CCCCC3)CC2)CC1
C1CCC(CC2CCC(C3CCCCC3)CC2)CC1
C1CCC(CCCCCC2CCC(CC3CCCCC3)CC2)CC1
C1CCC(C2CCCC(C3CCC4C(CCC4C4CCCC4)C3)C2)CC1
C1CCC(CC2CCC(C3CC(CCC4CC4)CCC3C3CCCCC3)CC2)CC1
C1CCC(CCC2CCC(C3CCC(C4CCCCC4)CC3)CC2)CC1
C1CCC(CC2CCCC(CC3CCCC(C4CCCC(C5CCCCC5)C4)C3)C2)CC1
C1CCC(CC2CC(C3CCCCC3)CCC2C2CCCCC2)CC1
C1CCC(C2CCC(CCCCC3CCC(C4CCCCC4)CC3)CC2)CC1
C1CCC(CC2CCCC(C3CCCCC3CC3CCCCC3)C2)CC1
C1CCC(CC2CC(C3CCCCC3)CC3CCC(C4CCCCC4)CC32)CC1
C1CCC(CC2CC(CC3CCCCC3)C3CCCCC23)CC1
C1CCC(CC2CCCCC2)CC1
C1CCC(C2CCCCC2C2CCC(C3CCCC(CC4CC5CCCCC5C4)C3)CC2)CC1
C1CCC(C2CCCCC2CCC2CCCCC2C2CCCC2)CC1
C1CCC(CC2CC(C3CCCC3)CC(C3CCCC(C4CCCC4)C3)C2)CC1
C1CCC(CCC2CCC(C3CC3)C(C3CCC4CCCCC4C3)C2)CC1
C1CCC(C2CCC(CC3CCC(C4CCCC4)CC3)CC2)CC1
C1CCC(C2CCCC(C3CCCCC3C3CCC(C4CCCCC4)C3C3CCCC3)C2)CC1
C1CCC(CCC2CCCCC2C2CCC(C3CCCCC3)CC2C2CCCCC2)CC1
C1CCC(CC2CC(C3CCCCC3)CCC2C2CCCCC2C2CC2)CC1
C1CCC(CCC2CCC(C3CCCC(C4CCCCC4)C3)CC2)CC1
C1CCC(CCC2CCC(C3CCCCC3)CC2)CC1
C1CCC(C2CCC(C3CCC4CCCC4C3)CC2)CC1
C1CCC(C2CCC(CC3CC4CCCCC4C3)CC2)CC1
C1CCC(CC2CCCCC2C2CCC3CCCCC3C2)CC1
C1CCC(C2CCCC(CCC3CCC(CC4CCC(CC5CCCC5)CC4)CC3)C2)CC1
C1CCC(CC2CCCC(C3CCCC(C4CCCCC4)C3)C2)CC1
C1CCC(CC2CC(CC3CCCCC3)C3CC(CCC4CC4)CCC23)CC1
C1CCC(CCC2CCC(CC3CCCCC3)CC2)CC1
C1CCC(CCC2CC(C3CCCCC3)CC(C3CCC3)C2C2CCCCC2)CC1
C1CCC(C2CCCC(C3CCCCC3)C2)CC1
C1CCC(CCCC2CCCC(C3CCCCC3C3CCCCC3)C2)CC1
C1CCC(C2CCC(CCCCC3CCC(C4CCCCC4)CC3)CC2)CC1
C1CCC(C2CCC(CC3CCC(C4CCCCC4)C(C4CCCCC4)C3)CC2)CC1
C1CCC(CC2CCC(C3CC4CCCCC4C3)C(C3CCCC(C4CC4)C3)C2)CC1
C1CCC(C2CCCC(C3CCCCC3)C2)CC1
C1CCC(CC2CCC(CC3CC4CCCCC4C3)C(C3CCCCC3)C2)CC1
C1CCC(C2CCCCC2)CC1
C1CCC(CC2CCC(CCC3CCC(CC4CC5CCCCC5C4)CC3)CC2)CC1
C1CCC(C2CCC(C3CCC(C4CCCC4)C(C4CCCCC4)C3)CC2)CC1
C1CCC(C2CCC(C3CCC(C4CCCCC4)CC3)CC2)CC1
C1CCC2C(C1)CCC2C1CCCC1
C1CCC(CCCCCC2CCC(C3CC(C4CCCCC4)C4CCCCC34)CC2)CC1
C1CCC(CCC2CCCC(CC3CCCCC3)C2)CC1
C1CCC(C2CCC(CC3CCC4CCCC4C3)CC2)CC1
C1CCC(CC2CCCC(CC3CCCC(C4CCCCC4C4CCCCC4)C3)C2)CC1
C1CCC(C2CCCCC2CC2CCCCC2C2CCC3CCCCC32)CC1
C1CCC(C2CCC(CCC3CC4CCCCC4C3)CC2)CC1
C1CCC(C2CCCCC2CC2CCCC2)CC1
C1CCC(CC2CCCCC2CCC2CCC(C3CCCCC3)C2)CC1
C1CCC(CC2CCC(CCC3CCC4CCC(C5CCCCC5)CC4C3)CC2)CC1
C1CCC(C2CCCCC2C2CCCC(CCCC3CC4CCCCC4C3)C2)CC1
C1CCC(CC2CCCCC2C2CCCC(C3CCCC(C4CCC(C5CCCCC5)CC4)C3)C2)CC1
C1CCC(CCC2CCCC(C3CCCC(C4CCCCC4)C3)C2)CC1
C1CCC(C2CCC(C3CCCCC3C3CCCC3)C(C3CCC4CCCC4C3)C2)CC1
C1CCC(C2CCCC(C3CCC(CC4CCC5CCCCC54)CC3)C2)CC1
C1CCC(CC2CCCCC2C2CC(C3CCCCC3)C3CCCCC32)CC1
C1CCC(CC2CCCC(C3CCCCC3)C2)CC1
C1CCC(C2CCCCC2CC2CCC(CC3CCCC3)CC2C2CCCCC2)CC1
C1CCC(C2CCCC(CC3CCC4CC(CC5CCCCC5C5CCCCC5)CCC34)C2)CC1
C1CCC(CCCC(CC2CCCCC2)C2CCCCC2)CC1
C1CCC(C2CCC(CC3CCC(C4CCCCC4)CC3)CC2)CC1
C1CCC2C(C1)CCC2C1CC2CCCCC2C(C2CCCC2)C1
C1CCC(C2CCCCC2)CC1
C1CCC(CC2CCC(CCC3(C4CCCCC4)CC3)CC2)CC1
C1CCC(CC2CCCC(C3CCCC(CC4CCCCC4)C3)C2)CC1
C1CCC(C2CCCC(CCC3CCCC(C4CCCCC4)C3)C2)CC1
C1CCC(C2CCCC3CCCCC32)CC1
C1CCC(CC2CCC(CC3CCC4CC(CC5CCCCC5)CCC34)CC2)CC1
C1CCC(CCC2CCC(CC3CCCCC3)CC2)CC1
C1CCC(CC2CCC(C3CCC(C4CCC5CCCC5C4)CC3)CC2)CC1
C1CCC(CC2CCCC(C3CCCCC3CC3CCCCC3)C2)CC1
C1CCC(CC2CCC(C3CCCCC3)CC2)CC1
C1CCC(CCCC2CCCCC2C2CCCC(CCC3CCCCC3)C2)CC1
C1CCC(C2CCC(C3CCCC(C4CCCC4)C3)CC2)CC1
C1CCC(CCC2CCCC(CC3CCCCC3)C2)CC1
C1CCC(CC2CCCC(C3CCCC(C4CCCCC4)C3)C2)CC1
C1CCC(C2CCC(CCC3CCCC(C4CCCC4)C3)CC2)CC1
C1CCC(C(CC2CCC3CCCC3C2)C2CCCCC2)CC1
C1CCC(CCC2CCC(C3CCCCC3)C(C3CCCC3)C2)CC1
C1CCC(C2CCCCC2C2CCCCC2C2CCC3CCCC3C2)CC1
C1CCC(C2CCC(CCC3CCC(CC4CC5CCCCC5C4)CC3)CC2)CC1
C1CCC(CC2CCCC(C3CCCCC3)C2)CC1
C1CCC(CC2CC3CCC(C4CCCCC4)CC3C(C3CCCCC3)C2)CC1
C1CCC(C2CCC(CC3CCC(CCC4CCCC4)CC3)CC2)CC1
C1CCC(C2CCCCC2)CC1
C1CCC(C2CCCC(C3CCCCC3)C2)CC1
C1CCC(CCC2CCC(CC3CCC(CC4CCCC(C5CCCCC5)C4)CC3)CC2)CC1
C1CCC(CCCC2CCC(C3CCCCC3)CC2CCC2CCCC2)CC1
C1CCC(CC2CCCCC2CC2CCC3CCCCC3C2)CC1
C1CCC(CCC2CCC(C3CCCCC3)CC2)CC1
C1CCC(CC2CCCCC2C2CCCCC2)CC1
C1CCC(CC2CC(C3CCCCC3)CC(C3CCCCC3)C2)CC1
C1CCC(CC2CCC(C3CCCCC3C3CCC4CCCCC4C3)CC2)C1
C1CCC(C(C2CCCCC2)C2CCCC(C3CCC(C4CCC4)CC3)C2)CC1
C1CCC(C2CCC(CCC3CCC(C4CCCCC4)CC3)CC2)CC1
C1CCC(CC2CCCCC2C2CCCCC2)CC1
C1CCC(CCC2CCC(CC3CCCCC3C3CCCC(CC4CC5CCCCC5C4)C3)CC2)CC1
C1CCC(CC2CCCC(C3CCCCC3)C2)CC1
C1CCC(C2CCCC(CC3CCCC4CC(C5CCCCC5)CCC34)C2)CC1
C1CCC(CC2CCCC(C3CCCCC3)C2)CC1
C1CCC(C2CC(CC3CCC4CCCCC43)CC3CCCCC32)CC1
C1CCC(C2CCCC(C3CCCC4CC(C5CCCCC5)CCC43)C2)CC1
C1CCC(CCCC2CCC(CC3CCC(CC4CCC(C5CCCCC5)CC4)CC3)CC2)CC1
C1CCC(CC2CCC(C3CCCCC3)CC2)CC1
C1CCC(C2CCCC(CC3CCC(C4CCCC(C5CCCCC5)C4)CC3)C2)CC1
C1CCC(CCC2CCC(CC3CCCCC3)CC2)CC1
C1CCC(CCCCC2CCC(C3CCCC(CC4CCCCC4)C3)CC2)CC1
C1CCC(CC2CCCC(C3CCC(C4CCC5CCCCC54)CC3)C2)CC1
C1CCC(CCC2CCCCC2CCC2CCCC(CC3CCCCC3)C2)CC1
C1CCC(CCC2CCC(C3CCCCC3)CC2)CC1
C1CC(CC2CCCC(C3CCC3)C2)CC(CC2CC3CCCCC3C2)C1
C1CCC2CC(CC3CCC(CCC4CCC(CC5CC6CCCCC6C5)CC4)CC3)CC2C1
C1CCC(C2CCC(CC3CCC(C4CCC(CC5CCCCC5C5CCCCC5)CC4)CC3)CC2)CC1
C1CCC(CC2CCCC(CC3CC(C4CCC5CCCCC5C4)C4CCCCC34)C2)CC1
C1CCC(CC2CCCC(C3CCCCC3CC3CCC4CCCC4C3)C2)CC1
C1CCC(CCC2CC(CC3CCCC3)CC(C3CCCCC3)C2)CC1
C1CCC(C2CCCC3CCC(C4CCC(C5CC5)CC4)CC32)CC1
C1CCC(CCC2CCC(C3CCCC3)CC2)CC1
C1CCC(CC2CCCC(CC3CCCCC3C3CCC4CCCC4C3)C2)CC1
C1CCC(C2CCC(C3CCCCC3C3CCCCC3)CC2)CC1
C1CCC(CC2CCCC(C3CCCCC3)C2C2CCCCC2)CC1
C1CCC(CCC2CCC(CCCC3CCCCC3CC3CCC4CCCCC4C3)CC2)CC1
C1CCC(CCCC2CCC(CC3CCC(CCC4CCCCC4)CC3)CC2)CC1
C1CCC(C2CCC3CCC(C4CCCCC4)CC3C2)CC1
C1CCC(C2CCC(C3CCCC(C4CCCC(CC5CCCC5)C4)C3)CC2)CC1
C1CCC(CCC2CCCC(CC3CCCCC3)C2)CC1
C1CCC(CCC2CCCC(C3CCC(C4CCCCC4)CC3)C2)CC1
C1CCC(C2CCCC(C3CCCCC3)C2)CC1
C1CCC(CC2CCC(CC3CCCCC3)CC2)CC1
C1CCC(C2CCCC(C3CC(C4CCCCC4)CC(C4CC4)C3)C2)CC1
C1CCC(CCC2CCC(C3CCC(C4CCCC4)CC3)CC2)CC1
C1CCC(C2CCCC(C3CCCCC3)C2)CC1
C1CCC(CCC2CC(C3CCCCC3)CC(C3CCCC(C4CCCCC4)C3)C2)CC1
C1CCC(C(CC2CCC(C3CCCCC3C3CCCC3)CC2)C2CCCC2)CC1
C1CCC(CCCC2CCCCC2)CC1
C1CCC(CCC2CCCC(CC3CCCCC3)C2)CC1
C1CCC(CC2CCCCC2)CC1
C1CCC(CCCCCC2CCC(CC3CCC(CCC4CCCCC4)CC3)CC2)CC1
C1CCC(C2CCCC(C3CCCC(C4CCCCC4)C3)C2)CC1
C1CCC(CC2CCCC(C3CCCC(C4CCCCC4CC4CCCCC4)C3)C2)CC1
C1CCC(CC2CCC(CCC3CCCC(C4CCCCC4)C3)CC2)CC1
C1CCC(C2CCCC(CCC3CCC(C4CCCC4)CC3)C2)CC1
C1CCC(CC2CCCCC2C2CCC(C3CCCC3)CC2)CC1
C1CCC(CCC2CC3CCCCC3C2)CC1
C1CCC(CCC2CCC3CCCCC3C2)CC1
C1CCC(CC2CC(CCCC3CC(C4CCCCC4)C4CCCCC34)C3CCCCC23)CC1
C1CCC(CC2CCC(C3CCCCC3)C(CCC3CCCC3)C2)CC1
C1CCC(CCC2CCC(CC3CCC(C4CCCCC4)CC3)CC2)CC1
C1CCC(C2CCCCC2CC2CCCC(CCC3CCCCC3CCC3CCCC3)C2)CC1
C1CCC(CC2CCCC(C3CCC(C4CCC4)CC3)C2)C1
C1CC(CCC2CC3CCCCC3C2)CC(CC2CC(CCCC3CCC4CCCCC4C3)C3CCCCC23)C1
C1CCC(CCC2CCC(C3CCCC(CC4CCCCC4)C3)CC2)CC1
C1CCC(CCC2CCC(CC3CCC(CC4CCC4)CC3)CC2)CC1
C1CCC(C2CCCC(C3CCC(C4CC(C5CCCCC5)C4)CC3)C2)CC1
C1CCC(CCCC2CCC(CC3CCCCC3)CC2CC2CCC3CCCCC3C2)CC1
C1CCC(C2CC(C3CCCC3)CC(C3CCC4C(CCC4C4CCCCC4)C3)C2)CC1
C1CCC(C2CCCCC2)CC1
C1CCC(C2CC(C3CCCCC3)CC(C3CCCC3)C2)CC1
C1CCC(C2CCCC(C3CCCC3)C2)CC1
C1CCC(CC2CCCC(CCC3CCC4CC(C5CCC6CCCCC65)CC(C5CCCCC5)C4C3)C2)CC1
C1CCC(CCC2CC(C3CCCCC3)CCC2CC2CCCCC2)CC1
C1CCC(CC2CCCC(C3CCCCC3)C2)CC1
C1CCC(CCCC2CC(C3CCCCC3CC3CCCCC3)C3CCCCC23)CC1
C1CCC(CCC2CCCC(C(CCC3CCCCC3)CC3CCCCC3)C2)CC1
C1CCC(CC2CCC(C3CCCC(CC4CCCCC4)C3)CC2)CC1
C1CCC(CC2CCCCC2CCC2CCC(C3CCCCC3)CC2)CC1
C1CCC(C2CCC(CCCC3CCCC(CC4CC4)C3)CC2)CC1
C1CCC(CCC2CCC3CC(C4CCC5CCCCC54)CC(C4CCCCC4)C3C2)CC1
C(CCCC1CCCCC1)CCCC1CCC(C2CCCCC2CC2CCCCC2)CC1
C1CCC(CCC2CCCC(CC3CCC(CC4CCCCC4)CC3)C2)CC1
C1CCC(CC2CCCC(C3CCCCC3)C2)CC1
C1CCC(C2CCCCC2)CC1
C1CCC2CC(C3CCC4CCCCC43)CCC2C1
C1CCC(C2CCC(C3CCCC(C4CCCC4)C3)CC2)C1
C1CCC(CC2CCC(C3CCCCC3)CC2)CC1
C1CCC(CC2CCCC(C3CC(C4CCC4)CC(C4CCC5CCCC5C4)C3)C2)CC1
C1CCC(CC2CCCC(C3CCCCC3)C2)CC1
C1CCC(C2CCCCC2C2CCCCC2)CC1
C1CCC(C2CCCCC2)CC1
C1CCC(CCC2CCC(C3CCCCC3CC3CCCCC3)CC2)CC1
C1CCC(CCC2CCC(C3CCCC(C4CCCCC4)C3)CC2)CC1
C1CCC(CCC2CCCCC2CC2CCCCC2)CC1
C1CCC(CC2CCCC(CCC3CCCC(C4CCCCC4)C3)C2)CC1
C1CCC(C2CCCC(C3CC(C4CCCCC4)C4CCCCC34)C2)CC1
C1CCC(CC2CCC(C3CC(CC4CCCCC4)C4CCCCC43)CC2)CC1
C1CCC(CC2CCCC(C3CC(C4CCCCC4)C4CCCCC34)C2)CC1
C(CCCC1CCCCC1)CCCC1CCCC(C2CCCCC2)C1
C1CCC(CC2CCC(C3CC(C4CCCCC4)CC(C4CC4)C3)CC2)CC1
C1CCC(CC2CCC(C3CCCCC3)CC2)CC1
C1CCC(CC2CC(CCCCC3CCC(C4CCCC4)CC3)C3CCCCC23)CC1
C1CCC(CC2CCCC(C3CCC(CCC4CC5CCCCC5C4)CC3)C2)CC1
C1CCC(CC2CCC(CC3CCCCC3CCC3CCCC(C4CCC4)C3)CC2)CC1
C1CCC(CCC2CCC(C3CCCCC3)C(CC3CCCCC3)C2)CC1
C1CCC(CC2CCC(C3CCCCC3)CC2)CC1
C1CCC(C2CCC(CC3CCC(CC4CCC4)CC3)CC2)CC1
C1CCC(CC2CCCC(C3CC(C4CCCCC4)C4CCCCC34)C2)CC1
C1CCC(C2CCC(C3CCCCC3)CC2)CC1
C1CCC(CC2CC(C3CCC(C4CCCCC4)CC3)C3CCCCC23)CC1
C1CCC(CC2CCC(C3CCCCC3)CC2)CC1
C1CCC(CCC2CCCC(C3CCC(C4CCCCC4)C3)C2)CC1
C1CCC(CCCCC2CCCC(C3CCC(CC4CCCCC4)CC3)C2)CC1
C1CCC(CCCCC2CCC(CCCC3CCCCC3)CC2)CC1
C1CCC(CCC2CCCC(CC(C3CCCCC3)C3CCC(CC4CCCCC4)CC3)C2)CC1
C1CCC(CCC2CC3CCCCC3C(C3CCCC(CC4CCCCC4)C3)C2)CC1
C1CCC(C2CCC(C3CCC(C4CCCC(C5CCC(CCC6CCCC6)CC5)C4)CC3)CC2)CC1
C1CCC(C2CCCC(CCC3CCC(C4CCCCC4)C3)C2)CC1
C1CCC(CCC2CCCC2C2CCCCC2)CC1
C1CCC(CCCCC2CCC(C3CC4CCCCC4C3)C(CC3CCCCC3)C2)CC1
C1CCC(CC2CCC(CC3CCC(C4CCCCC4)CC3)CC2)CC1
C1CCC(CC2CCC(C3CCCCC3)CC2)CC1
C1CCC(CCCC2CCC(C3CCC4CCCCC43)CC2)CC1
C1CCC(C2CCCCC2)CC1
C1CCC(CC2CCCCC2CCCCC2CCC(C3CCCCC3)CC2)CC1
C1CCC(C2CCCC(C3CCCCC3)C2)CC1
C1CCC(CC2CCCC(CCC3CCCC(C4CCCCC4)C3)C2)CC1
C1CCC(CCCCCC2CCC(C3CCCCC3CC3CCCCC3)CC2)CC1
C1CCC(CC2CCCCC2)CC1
C1CCC(C2CCCC(C3CCCC4CC(C5CCCCC5)CCC43)C2)CC1
C1CCC(C2CCCC3CC(CC4CCCC(C5CCC6CCCC6C5)C4)CCC32)CC1
C1CCC(C2CCCC(C3CCC(C4CCC4)CC3)C2)CC1
C1CCC(CCCC2CCC(CC3CCC(CC4CCCCC4)CC3)CC2)CC1
C1CCC(CCCC2CCCC(C3CCC(C4CCCCC4)CC3)C2)CC1
C1CCC(C2CC(C3CCCCC3)CC(C3CCCC3)C2)CC1
C1CCC(CCCCCC2CCCC(C3CCCCC3C3CCCCC3)C2)CC1
C1CCC(CCCCC2CC(C3CCCCC3)CCC2C2CCCCC2)CC1
C1CCC(CCC2CCC(CC3CCC(C4CCCCC4C4CCCC4)CC3)CC2)CC1
C1CCC(CC2CCCC(C3CCCCC3)C2)CC1
C1CCC(C2CCCCC2C2CCCC(C3CCC4CCCCC43)C2)CC1
C1CCC(C2CC(C3CCC(C4CCCC4)CC3)C3CCCCC23)CC1
C1CCC(CCC2CCCC(C3CCCCC3)C2)CC1
C1CCC(CC2CCCCC2C2CCCCC2C2CCC3C(CCCC3C3CCCCC3)C2)CC1
C1CCC(CC2CCC(CC3CCC(CC4CCC5CCCCC5C4)CC3)CC2)C1
C1CCC(CCCC2CCC(CC3CCCCC3)CC2)CC1
C1CCC(CC2CCCC(CCC3CCC(CCC4CC5CCCCC5C4)CC3)C2)CC1
C1CCC(CC2CCC(CC3CCC(C4CCCCC4)CC3)CC2)CC1
C1CCC(CC2CCC(CCCC3CCCCC3C3CCCC3)CC2)CC1
C1CCC(CC2CCC(C3CCCCC3)C(C3CCCCC3)C2)CC1
C1CCC(C2CCCC(CCC3CC4CCCCC4C3)C2)CC1
C1CCC(CC2CC(C3CCCCC3)CC(C3CCCCC3)C2)CC1
C1CCC(CC2CCC(C3CCCCC3)CC2)CC1
C1CCC(C2CCCC(C3CCC(C4CCC(C5CCCC(C6CCCC6)C5)CC4)CC3)C2)CC1
C1CCC(CC2CCC(C3CCCC(CC4CCCCC4)C3)CC2)CC1
C1CCC(CC2CCCCC2C2CCC(C3CCCCC3)CC2CC2CC2)CC1
C1CCC(CCC2CCCCC2CC2CCCCC2)CC1
C1CCC(C2CCCCC2C2CCCCC2)CC1
C1CCC(CCC2CCCC(C3CCCC(C4CCCCC4)C3)C2)CC1
C1CCC(CC2CCCC(C3CCCC(CCCCC4CCCC(C5CCCC5)C4)C3)C2)CC1
C1CCC(CC2CCC(CC3CCC(CC4CCC(C5CCCC5)CC4)CC3)CC2)CC1
C1CCC(C2CCCCC2C2CCC(CC3CC4CCCCC4C3)CC2)CC1
C1CCC(C2CCCC(C3CCCCC3)C2)CC1
C1CCC(C2CCC(C3CCCCC3)CC2)CC1
C1CCC(C2CC(C3CC3)CCC2C2CCCC(C3CCC(C4CCCCC4C4CCCCC4C4CCCC4)CC3)C2)CC1
C1CCC(C2CCCC(C3CCCC(C4CCCC(CC5CC5)C4)C3)C2)CC1
C1CCC(CC2CCCC(CCCC3CCCCC3C3CCCCC3)C2)CC1
C1CCC(CC2CCC3CC(C4CCCC(C5CCCCC5)C4)CCC23)CC1
C1CCC(C2CCCC(C3CCCC(CC4CC5CCCCC5C4)C3)C2)CC1
C1CCC(CCCC2CCC(CC3CCCC(C4CCC(C5CCCCC5)CC4)C3)CC2)CC1
C1CCC(C2CCCCC2C2CCC3CCCCC3C2)CC1
C1CCC(CCCC2CC3CCC(C4CCCCC4)CC3C(C3CCCCC3)C2)CC1
C(CCCC1CCCCC1)CCCC1CCC(CCC2CCCCC2)CC1
C1CCC(C2CCC3CC(C4CCC5CCCCC54)CC(C4CCCCC4)C3C2)CC1
C1CCC(CCC2CCC(CCCC3CCCC(C4CCCCC4)C3)CC2)CC1
C1CCC(C2CCC(CC3CCCC(CCC4CCCCC4C4CCCCC4)C3)CC2)CC1
C1CCC(CCC2CC(C3CCCCC3)CC(C3CCC(C4CC4)CC3)C2)CC1
C1CCC(CCCC2CCC(C3CCCCC3)CC2)CC1
C1CCC(C2CCCC(C3CCCCC3)C2)CC1
C1CCC(CCCC2CCC(CC3CCC(CCC4CCCCC4)CC3)CC2)CC1
C1CCC(C2CCC(CCC3CCCCC3C3CCCC3)C(C3CCCCC3)C2)CC1
C1CCC(CC2CCC3C(CCC3C3CCCCC3)C2)CC1
C1CCC(CC2CCC(CC3CCCCC3)CC2)CC1
C1CCC(CC2CCC(CC3CCCCC3)CC2)CC1
C1CCC(CCC2CC(CC3CCC(C4CCCCC4)CC3)C3CCCCC23)CC1
C1CCC(CCC2CCC(CCC3CCC(C4CCCCC4)CC3)CC2)CC1
C1CCC(C2CCCC(CC3CC4CCCCC4C3)C2)CC1
C1CCC(CCCC2CCC(CC3CCCCC3)CC2)CC1
C1CCC(CC2CCC(C3CCCC(C4CCCCC4)C3)C2)CC1
C1CCC(CC2CC(C3CCCCC3)CC(C3CCCCC3)C2)CC1
C1CCC(CCCCCC2CCC(CC3CCCCC3)CC2)CC1
C1CCC(CCCCC2CCC(CCC3CCCC(C4CCCCC4)C3)CC2)CC1
C1CCC(CC2CCC(C3CCC(C4CCC4)CC3)CC2)CC1
C1CCC(CCC2CCCCC2CC2CCCCC2)CC1
C1CCC(C2CCC3C(CCCC3C3CCCCC3)C2)CC1
C1CCC(CC2CCCC(CCC3CCCC(C4CCCCC4)C3C3CCCC3)C2)CC1
C1CCC(CC2CCC(CCCC3CCC(C4CCCCC4)CC3)CC2)CC1
C1CCC(C2CCCC(CC3CC(C4CCCCC4)CC(C4CC4)C3)C2)CC1
C1CCC(CCC2CCC(C3CCC(CC4CCCCC4)CC3)CC2)CC1
C1CCC(CCC2CCCC(C3CCCCC3CCC3CCC(C4CCC4)CC3)C2)CC1
C1CCC(CC2CCCCC2)CC1
C1CCC(CC2CCC(CC3CCC(C4CC4)CC3)CC2)CC1
C1CCC(C2CCCC(CCC3CCC(C4CCCC4)CC3)C2)CC1
C1CCC(CCCCC2CCC(CC3CCCC(C4CCCC4)C3)CC2)CC1
C1CCC(CCC2CCC(C3CCCCC3)CC2)CC1
C1CCC(CCC2CCC(CC3CCC(C4CCCC4)CC3)CC2)CC1
C1CCC(CCCC2CCC(CC3CCC(CC4CCCCC4)CC3)CC2)CC1
C1CCC(CCCCC2CCCCC2)CC1
C1CCC(CCCC2CCC(CC3CCCCC3)CC2)CC1
C1CCC(C2CCC(C3CCCC(C4CCCC4)C3)CC2)CC1
C1CCC(CCC2CCCC(C3CC(CCC4CCC(C5CCC5)CC4)C4CCCCC43)C2)CC1
C1CCC(CC2CCCC(C3CCCCC3)C2)CC1
C1CCC(C2CCCC(C3CCCC(C4CCCC(C5CCCCC5)C4)C3)C2)CC1
C1CCC(CCCC2CCC3CC(C4CCC5CCCCC54)CC(C4CCCCC4)C3C2)CC1
C1CCC(C2CCCCC2CCC2CC3CCCCC3C2)CC1
C1CCC(C2CCCC(C3CCCC(C4CCCCC4)C3)C2)CC1
C1CCC(CCC2CCC(CC3CCC(C4CCCC4)CC3)CC2)CC1
C1CC2CCC(C3CC(C4CC4)CCC3C3CCC3)CC2C1
C1CCC(C2CCCC(C3CCCCC3C3CCCCC3)C2)CC1
C1CCC(CC2CCCC(CCCC3CCC4CCCCC4C3)C2)CC1
C1CCC(CC2CCC(C3CCCC(CC4CCCCC4)C3)CC2)CC1
C1CCC(C2CCCC(CCC3CCC3)C2)CC1
C1CCC(CCCC2CCC(CC3CCC(C4CCCCC4)CC3)CC2)CC1
C1CCC(CC2CCCC(C3CCCC(C4CCCCC4)C3)C2)CC1
C1CCC(C2CCCC(CCCC3CCCCC3CC3CCC(CC4CCCC4)CC3)C2)CC1
C1CCC(C2CCCC(C3CCCC(CC4CCCCC4C4CCCCC4)C3)C2)CC1
C1CCC(C2CCC(C3CCCC(C4CCCC(CC5CCCCC5C5CCCCC5)C4)C3)CC2)CC1
C1CCC(C2CCC(C3CCC(C4CCCCC4)CC3)CC2)CC1
C1CCC(CCC2CCC(C3CCC4CCCCC43)C(C3CCCCC3)C2)CC1
C1CCC(C2CCC3CC(C4CCCCC4C4CCCCC4)CC(C4CCCCC4)C3C2)CC1
C1CCC(CC2CC(C3CCCC(C4CCCCC4)C3)C3CCCCC23)CC1
C1CCC(CC2CCC(CC3CCC(CC4CC(CC5CCCCC5)C5CCCCC45)CC3)CC2)CC1
C1CCC(CC2CCC(CC3CCCCC3CC3CCC(C4CCCC4)CC3)CC2)C1
C1CCC(C2CCC(C3CCC(C4CCCC(C5CCC6CCCCC65)C4)CC3)C2)CC1
C1CCC(CC2CC(C3CCCCC3)C3CCCCC23)CC1
C1CCC(CCCCC2CCC(C3CCCCC3)CC2)CC1
C1CCC(CC2CCC(CCC3CCC4CCCCC4C3)CC2)CC1
C1CCC(C2CCCCC2C2CCC(C3CCC(CC4CC4)CC3C3CCCCC3)C2)CC1
C1CCC(C2CCC(CC3CCC(C4CCC5CCCCC54)CC3)CC2)C1
C1CCC(C2CCCC(C3CCCCC3)C2)CC1
C1CCC(C2CCCCC2C2CCCC(C3CC(CC4CC4)C4CCCCC43)C2)CC1
C1CCC(CC2CCC(CCCC3CCC(C4CCCCC4)CC3)CC2)CC1
C1CCC(CCC2CCCC(CC3CC(CC4CCCCC4)C4CCCCC34)C2)CC1
C1CCC(CCCC2CCCC(C3CCC(CC4CCCCC4)CC3)C2)CC1
C1CCC(CC2CCC(CC3CCCCC3)CC2)CC1
C1CCC(CC2CCCC(C3CCCCC3)C2)CC1
C1CCC(CCCCC2CCCC(CCC3CCC(C4CC4)CC3)C2)CC1
C1CCC(CC2CCC(C3CCC(C4CCCCC4)CC3)CC2)CC1
C1CCC(CCC2CC(C3CCC4CCCCC43)CC3CCC(C4CCCCC4)CC23)CC1
C1CCC(C2CCCC(C3CC(C4CCCCC4)C4CCCCC34)C2)CC1
C1CCC(CC2CCC(CCCC3CCCC(C4CCCCC4)C3)CC2)CC1
C1CCC(CCCC2CCCC(CC3CCC(C4CCCC4)CC3)C2)CC1
C1CCC(CCCCC2CCC(C3CCCCC3)CC2)CC1
C1CCC(CC2CCCCC2C2CCC3C(CCCC3C3CCCC(C4CCCCC4)C3)C2)CC1
C1CCC(CCCC2CCCC(C3CCCCC3)C2)CC1
C1CCC(CCCCC2CCC(C3CCCCC3)C2)CC1
C1CCC(C2CCC(C3CCCCC3CCC3CCCC(C4CCCCC4)C3)CC2)CC1
C1CCC(C2CCC3C(CCCC3C3CCCC(CC4CCCC(C5CCC5)C4)C3)C2)CC1
C(CCCC1CCCCC1)CCCC1CCC(C2CCCCC2C2CCCCC2)CC1
C1CCC(C2CCCCC2C2CCC3C(CCCC3C3CCCCC3)C2)CC1
C1CCC2C(C1)CCC2C1CCCC(C2CC(C3CCC4CCCCC43)CC3CCCCC32)C1
C1CCC(CC2CCCC(CC3CCC(C4CC5CCCCC5C4)CC3)C2)CC1
C1CCC(CC2CCC(C3CCCCC3)CC2)CC1
C1CCC(CCC2CCC(CCC3CCCCC3)CC2)CC1
C1CCC(CCCCC2CCC(CCCC3CCC(C4CCCCC4)C3)CC2)CC1
C1CCC(CCC(CCC2CC(CC3CCCCC3)C3CCCCC23)C2CCCC(C3CCC4CCCC4C3)C2)CC1
C1CCC(C2CCCC(C3CCCCC3C3CCCCC3)C2)CC1
C1CCC(CC2CCCC(C3CCCCC3CC3CCCCC3)C2)CC1
C1CCC(CC2CCC(C3CCCCC3C3CCCCC3)C(C3CCC4CCCC4C3)C2)CC1
C1CCC(C2CCCC(C3CCCCC3)C2)CC1
C1CCC(C2CCC(C3CCCCC3)CC2)CC1
C1CCC(CC2C(C3CCC3)CC(C3CCCCC3)CC2C2CCCCC2C2CCCCC2)CC1
C1CCC(CC2CCCC(CC3CCCCC3)C2)CC1
C1CCC(CC2CCCCC2)CC1
C1CCC(C2CCC(C3CCCC(C4CCCC(CC5CC5)C4)C3)CC2)CC1
C1CCC(C2CCC(C3CCC(C4CCCCC4)CC3)CC2)CC1
C1CCC(CC2CC(C3CCCCC3)CC3CCC(CC4CC5CCCCC5C4)CC32)CC1
C1CCC(CC2CCC(C3CCCCC3)CC2C2CCCCC2)CC1
C1CCC(CCCC2CCC(C3CC3)CC2)CC1
C1CCC(C2CCCC(C3CCC(C4CCC(C5CCCC5)CC4)CC3)C2)CC1
C1CCC(CC2CC(C3CCCCC3)CC3CCC(C4CCCCC4)CC32)CC1
C1CCC(C2CCC(C3CCCCC3)CC2)CC1
C1CCC(CC2CCC(CC3CCCCC3)CC2)CC1
C1CCC(C2CCC3C(CCC3C3CCCC3)C2)CC1
C1CCC(CCC2CC(C3CCCC3)C3CC(C4CCCCC4)CCC23)CC1
C1CCC(CC2CCCCC2C2CCCCC2)CC1
C1CCC(CCCC2CCCCC2C2CCCCC2)CC1
C1CCC(CC2CCCCC2C2CCCCC2)CC1
C1CCC(CCC2CCC(CC3CCC(C4CCC(C5CCCCC5)CC4)C3)CC2)CC1
C1CCC(C2CCCC(C3CCCC(C4CCCC4)C3)C2)CC1
C1CCC(C2CCCC(CC3CCC(CC4CCC4)CC3)C2)CC1
C1CCC(C2CCC(C3CCC(C4CCCC5CC(C6CCC7CCCCC76)CCC54)CC3)CC2)CC1
C1CCC(CCCC2CCC(C3CC4CCCCC4C3)C(CC3CCCCC3)C2)CC1
C1CCC(CC2CCC(CC3CCC(CCC4CCCC4)CC3)CC2)CC1
C1CCC(C2CCC(CC3CCC4CCCCC4C3)CC2)CC1
C1CCC(CC2CCC(CCC3CCC(CC4CCC(CC5CC5)CC4)CC3)CC2)CC1
C1CCC(C2CC(CC3CCCC3)CCC2CCC2CCCC2)CC1
C1CCC(CC2CCC(C3CCCC(C4CCCC4)C3)CC2)CC1
C1CCC(CC2CCC(CC3CC3)C(CC3CCCCC3)C2)CC1
C1CCC(CCCC2CCC(CC3CCCC(CCC4CCCCC4)C3)CC2)CC1
C1CCC(C2CCC(CC3CCCCC3CC3CC4CCCCC4C3)CC2)CC1
C1CCC(CCC2CCC(CC3CCC(CC4CCCCC4)CC3)CC2)CC1
C1CCC(CCCC2CCCCC2C2CCC(CCC3CCC(CC4CCCCC4)CC3)CC2)CC1
C1CCC(C2CCC(C3CCCCC3C3CCC4CCCC4C3)CC2)CC1
C1CCC(C2CCCC(C3CCCC(C4CCC4)C3)C2)CC1
C1CCC(CC(C2CCCCC2)C2CCCCC2C2CCCC2)CC1
C1CCC(C2CCCC(CC3CCCCC3C3CC4CCCCC4C3)C2)CC1
C1CCC(CCC2CCCCC2C2CCCCC2)CC1
C1CCC(C2CCC(CC3CCC(C4CCCCC4)C(C4CCCC4)C3)CC2)CC1
C1CCC(CCCC2CC(C3CC3)CC(C3CCCC(CCC4CCCCC4)C3)C2)CC1
C1CCC(CCCCCC2CCC(C3CCCCC3)CC2)CC1
C1CCC(CC2CCCC(CC3CCC(C4CCCCC4)C(C4CCCC4)C3)C2)CC1
C1CCC(C2CCC(C3CCCC(C4CCCCC4)C3)CC2)CC1
C1CCC(C2CCC(C3CCCCC3C3CCCC(C4CCCCC4)C3)CC2)CC1
C1CCC(C2CCCC(CC3CC4CCCCC4C3)C2)CC1
C1CCC2CC(CC3CCCCC3C3CCCCC3CC3CC3)CC2C1
C1CCC(CC2CCCCC2C2CCCCC2C2CCC3C(CCCC3C3CCC3)C2)CC1
C1CCC2CC(C3CCCCC3C3CCCCC3C3CCCC3)CCC2C1
C1CCC(CC2CCC(CC3CCC(CC4CCCCC4)CC3)CC2)CC1
C1CCC2CC(CC3CCCC(C4CC(C5CCCC5)C5CCCCC45)C3)CC2C1
C1CCC(CCC2CCC(CCC3CCCCC3)CC2)CC1
C1CCC(C2CCC3C(CCCC3C3CCCC3C3CCCCC3)C2)CC1
C1CCC(CCCC2CCC(CCC3CCCCC3)CC2)CC1
C1CCC(CC2CCC(C3CCCCC3)CC2)CC1
C1CCC(CC2CCC(CCC3CCCCC3C3CCCCC3)CC2)CC1
C1CCC(CCCCC2CCCC(C3CCCCC3)C2)CC1
C1CCC(C2CCCCC2C2CCC(C3CCCC3)CC2C2CCCC2)CC1
C1CCC(CCC2CCC(C3CCCCC3)C(C3CCCCC3)C2)CC1
C1CCC(CC2CCC(CCC3CCC(C4CCCCC4)CC3)C(C3CC3)C2)CC1
C1CCC(CCCC2CCC3C(CCC3C3CCCC3)C2)CC1
C1CCC(CCC2CCCC(C3CCCCC3)C2)CC1
C1CCC(CCC2CCCCC2)CC1
C1CCC(C2CCCC(C3CCC(CC4CCC5CCCCC54)CC3)C2)C1
C1CCC(CC2CCC(CC3CCC(CCC4CCCC4)CC3)CC2)CC1
C1CCC(CC2CCC(C3CCC4CCCCC4C3)CC2)CC1
C1CCC(C2CCC(C3CCCCC3)C(C3CCCC3)C2)CC1
C1CCC(C2CCC(CC3CCC(CC4CCC(C5CCC(C6CCC6)CC5)CC4)CC3)CC2)CC1
C1CCC(CC2CCCC(C3CCC4CCC(CC5CCCCC5)CC4C3)C2)CC1
C1CCC(CC2CCCC(C3CCCCC3)C2)CC1
C1CCC(CC2CCC(C3CCCCC3)CC2)CC1
C1CCC(CCCC2CCCC(C3CCCCC3)C2CC2CCCCC2)CC1
C1CCC(CCCC2CCC(C3CCCC(C4CC4)C3)CC2)CC1
C1CCC(C2CCCCC2C2CCCCC2)CC1
C1CCC(CC2CCCCC2C2CCC3CCCC3C2)CC1
C1CCC(CC2CCCCC2CC2CCC(C3CCCCC3)CC2)CC1
C(CCC1CC1)CCC1CCCC(C2CCC(C3CCC(C4CCCCC4)CC3)C3CCCC23)C1
C1CCC(CC2CC(C3CCC(C4CCCCC4)CC3)C3CCCCC23)CC1
C1CCC(C2CCC(C3CCCCC3C3CCCC3)C(C3CCCC3)C2)CC1
C1CCC(CCCC2CCCC(CCC3CCCC(CC4CCCCC4)C3)C2)CC1
C1CCC(CC2CCC(C3CCCC(C4CCCC(C5CCC5)C4)C3)CC2)CC1
C1CCC(CC2CCCCC2C2CCC3C(CCCC3C3CCCC4CCCCC43)C2)CC1
C1CCC(C2CCC(C3CCC(C4CCCC(C5CCCCC5)C4)C4CCCC34)CC2)CC1
C1CCC(CCCCC2CCCCC2)CC1
C1CCC(CC2CCC3CC(C4CCCCC4C4CC5CCCCC5C4)CCC23)CC1
C1CCC(CCCCCC2CCC(CCC3CCCCC3)CC2CC2CCCCC2)CC1
C1CCC(C2CCC(C3CCCC(CC4CCCC4)C3)C(C3CCCC3)C2)CC1
C1CCC(C2CCCC(C3CCCCC3)C2)CC1
C1CCC(C2CCCCC2C2CCC3C(CCC3C3CCCC3)C2)CC1
C1CCC(C2CCC(C3CC(C4CC4)CCC3C3CCCC(C4CCCCC4)C3)CC2)CC1
C1CCC(C2CCCCC2)CC1
C1CCC(CCC2CCC(C3CCCC(C4CC5CCCCC5C4)C3)CC2)CC1
C1CCC(CC2CCCC(C3CCCCC3)C2)CC1
C1CCC(CCCC2CCC(CC3CCCCC3)CC2)CC1
C1CCC(CC2CCCC(CCC3CCC(C4CCC4)CC3)C2)CC1
C1CCC(C2CCC(CCC3CCCCC3C3CCC(C4CCCCC4)CC3)CC2)CC1
C1CCC(CCC2CCC(C3CCCCC3)CC2)CC1
C1CCC(C2CCCC(C3CCCC(C4CCCCC4)C3)C2)CC1
C1CCC(CCC2CCC(CC3CCC(CC4CCC5CCCC5C4)CC3)CC2)CC1
C1CCC(CC2CCC(C3CCCC3)CC2)CC1
C1CCC(C2CCC(C3CCCCC3C3CCCCC3)C(C3CCCCC3)C2)CC1
C1CCC(CC2CC(C3CCCCC3)C3CC(C4CCCCC4)CCC23)CC1
C1CCC(C2CCCC(C3CCC(C4CCC5CCCCC54)CC3)C2)CC1
C1CCC(CC2CCCCC2CCCC2CCC(C3CCCCC3)C2)CC1
C1CCC(C2CCCC(C3CCCCC3)C2)CC1
C1CCC(CCC2CC(CC3CCCCC3)C3CCC(C4CCCCC4)CC23)CC1
C1CCC(C2CCCCC2CC2CCC(C3CCC(C4CCCCC4C4CCCCC4)CC3)C2)CC1
C1CCC(C2CCC(CC3CCC(CCC4CCC5C(CCCC5C5CCCCC5)C4)CC3)CC2)CC1
C1CCC(C2CCC(CCCC3CCC(CCC4CCCC(C5CCCCC5)C4)CC3)CC2)CC1
C1CCC(CC2CCC(CC3CCC(C4CCCCC4)CC3)CC2)CC1
C1CCC(CCC2CC(C3CCC(CC4CCCCC4)CC3)C3CCCCC23)CC1
C1CCC(CCC2CCC(C3CC3)CC2)CC1
C1CCC(CCCC2CCC(CC3CCCC(C4CCCCC4)C3)CC2)CC1
C1CCC(C2CCCCC2C2CCCC(CC3CCCC3)C2)CC1
C1CCC(C2CCC(C3CCCCC3)CC2)CC1
C1CCC(C2CCC(C(C3CC3)C3CCCCC3C3CCCCC3)CC2)CC1
C1CCC(CC2CCC(CC3CCC(C4CCCC(CC5CCCCC5)C4)CC3)CC2)CC1
C1CCC(C2CC(C3CCCC(C4CCCC4)C3)CC(C3CC4CCCCC4C3)C2)CC1
C1CCC(CC2CCC(C3CCCCC3)CC2)CC1
C1CCC(CC2CCC(C3CCC(CC4CCC(C5CCCCC5)CC4)CC3)CC2)CC1
C1CCC(CCC2CCC(C3CCC(CC4CCCCC4)CC3)CC2)CC1
C1CCC(C2CCCCC2C2CCCCC2)CC1
C1CCC(CCCC2CCCC(C3CCCCC3)C2)CC1
C1CCC(CC2CCC(C3CCCC(C4CCCCC4)C3)CC2)CC1
C1CCC(CC2CCC(C3CCCCC3CCCC3CCCC3)CC2)CC1
C1CCC(CC2CCCC(CC3CC(C4CCCCC4)C4CCCCC34)C2)CC1
C1CCC(CCC2CCC(CC3CCCCC3)CC2)CC1
C1CCC(CCC2CCCCC2C2CCCCC2C2CCCC(C3CCCCC3)C2)CC1
C1CCC(C2CC(CC3CCCC(C4CCC5CCCCC5C4)C3)C3CCCCC32)CC1
C1CCC(CC2CCC(CC3CCC(C4CCCCC4)CC3C3CCCC3)CC2)CC1
C1CCC(CC2CCC3CCC(C4CCCC(CC5CCC(CCC6CC6)CC5)C4)CC3C2)CC1
C1CCC(CC2CCCC(C3CCC4CCCCC43)C2)CC1
C1CCC(CC2CCCCC2C2CCC3CCCC(C4CCCCC4)C3C2)CC1
C1CCC(CCC2CCC(CC3CCCC(C4CCC(CC5CCCCC5)CC4)C3)CC2)CC1
C1CCC(CCCCC2CC(C3CCCCC3)CCC2CC2CCCCC2)CC1
C1CCC(CC2CCC(CC3CCC(C4CCC5CCCCC5C4)CC3)CC2)CC1
C1CCC(C2CCC(C3CCC4CCCCC4C3)CC2)CC1
C1CCC(CCC2CC(CC3CCCCC3)CCC2C2CC3CCCCC3C2)CC1
C1CCC(C2CCCC(CCC3CCCC3)C2)CC1
C1CCC(CCCC2CCC(CC3CCCCC3)C(CC3CCC4CCCCC43)C2)CC1
C1CCC(CCC2CCCC(CC3CCCC(C4CCCCC4)C3)C2)CC1
C1CCC(CCC2CCCCC2C2CCC3CCCCC32)CC1
C(CCC1CCCCC1C1CCC2CCC(C3CCC(C4CCC4)CC3)CC21)CC1CC1
C1CCC(CCC2CC(CC3CCCC(CC4CC4)C3)C3CCCCC23)CC1
C1CCC(C2CCCC(CC3CCCC(C4CCCCC4)C3)C2)CC1
C1CCC(CC2CCCC(C3CCCCC3)C2)CC1
C1CCC(CC2CCC(C3CCC(CC4CCC(C5CCCCC5)CC4)C3)CC2)CC1
C1CCC(C2CCC(C3CCCCC3)CC2)CC1
C1CCC(CC2CCC(CC3CCC(C4CCC(C5CCC(CC6CC6)CC5)CC4)CC3)CC2)CC1
C1CCC(C2CCCC(CCC3CC(C4CCCCC4)CC(C4CCC4)C3)C2)CC1
C1CCC(C2CCCC(C3CCCCC3)C2)CC1
C1CCC(CCCC2CCC(CC3CCC(CC4CCCCC4)CC3)CC2)CC1
C1CCC(CC2CCCCC2C2CCC3C(CC4CCCCC4)CCC3C2)CC1
C1CCC(C2CCC(CCCC3CCCC(C4CCC(C5CCCCC5)CC4)C3)CC2)CC1
C1CCC(C2CCC(CC(C3CCCCC3)C3CCCCC3)CC2)CC1
C1CCC(CCC2CCC(CC3CCCCC3)CC2)CC1
C1CCC(CCCC2CCC(C3CCCCC3)CC2)CC1
C1CCC(C2CCC(CC3CCCC(C4CC5CCCC5CC4C4CCC(C5CCCCC5)C4)C3)C2)CC1
C1CCC(CC2CCCC(C3CCCC(C4CCCCC4)C3)C2)CC1
C1CCC(CCCCC2CCCC(CC3CCCC3)C2)CC1
C1CCC(CC2CCC(CCCCC3CCC(C4CCCCC4)CC3)CC2)CC1
C1CCC(CCC2CCCC(C3CCCCC3)C2)CC1
C1CCC(C2CCC(CC3CCCC(C4CC4)C3)CC2)C1
C1CCC(CCCCC2CCC(CCCCCCC3CCC(C4CCC4)CC3)CC2)CC1
C1CCC(C2CCC(C3CCCCC3CC3CCCC3)CC2)CC1
C1CCC(CC2CCC(C3CCCCC3)CC2)CC1
C1CCC(CC2CC(C3CCCCC3)CC(C3CCC4CCCC4C3)C2)CC1
C1CCC(CC2CCC(C3CCCC(CC4CCCCC4)C3)CC2)CC1
C1CCC(CC2CCC(CC3CCC(C4CCCC(CC5CCCCC5)C4)CC3)CC2)CC1
C1CCC(CCC2CCC(C3CCCCC3)CC2CCCC2CCCCC2CC2CCCCC2)CC1
C1CCC(C2CCC(CCC3CCCC(CC4CCCC(C5CCCCC5)C4)C3)CC2)CC1
C1CCC(C2CCCCC2C2CCCCC2)CC1
C1CCC(CCCC2CCCC(CC3CCC(CC4CCCCC4)CC3)C2)CC1
C1CCC(CCCC2CCCC(C3CCC4CCC(C5CCCCC5)CC4C3)C2)CC1
C1CCC(CCC2CCCC(C3CCC(C4CCCCC4)CC3)C2)CC1
C1CCC(C2CC(C3CCCCC3)C(C3CCCCC3)C(C3CCC4CCCC4C3)C2)CC1
C1CCC(CC2CCC(CC3CC(CC4CCCCC4)C4CCCCC34)C(CCC3CCCC3)C2)CC1
C1CCC(CCC2CCC(C3CCCCC3)CC2)CC1
C1CCC(CC2CCC(CC3CCC(C4CCCCC4)CC3)CC2)CC1
C1CCC(CC2CCC(CC3CCC(CC4CCCCC4)CC3)CC2)CC1
C1CCC(C2CCC(CCCC3CCCCC3C3CCCCC3C3CCCCC3)CC2)CC1
C1CCC(CC2CCC(CC3CCC(C4CCCC4)CC3)CC2)CC1
C1CCC(CCC2CCCC(C3CCCCC3)C2)CC1
C1CCC(CC2CCC(CC3CCCC(C4CCCCC4)C3)CC2)CC1
C1CCC(C2CCCC(C3CCC(CCCCC4CC4)CC3)C2)CC1
C1CCC(CC2CCC(CC3CCC(CCCC4CC4)CC3)CC2)CC1
C1CCC(CC2CCCC(C3CCCC(C4CCCCC4)C3)C2)CC1
C1CCC(CC2CCC(CC3CCC(CC4CC5CCCCC5C4)CC3)C2C2CCCCC2)CC1
C1CCC(CC2CCCC(C3CCCCC3)C2)CC1
C1CCC(CCCCC2CCC(C3CCCCC3CCC3CCCCC3)CC2)CC1
C1CCC(CCC2CCC(C3CCCCC3)CC2CC2CCC(CC3CCCCC3)CC2)CC1
C1CCC(C2CCC(C3CCC(C4CCCC(C5CC5)C4)CC3)C2)CC1
C1CCC(CC2CCCC(C3CCC4CCCC4C3)C2)CC1
C1CCC(CC2CCC3C(C2)C(CC2CCCCC2)CC3C2CCCCC2)CC1
C1CCC(CCCC2CC(C3CCCCC3)CC(CCC3CCCCC3)C2CCC2CCCCC2)CC1
C1CCC(CC2CCC3C(C2)CC(C2CCC4CCCCC42)CC3C2CCC3CCCCC32)CC1
C1CCC(C2CC(C3CCC(C4CCC5CCCCC5C4)C3)CC3CCC(C4CCCC4)CC32)CC1
C1CCC(CCCC2CCCC(C3CCC(C4CCCCC4)CC3)C2)CC1
C1CCC(CC2CCCCC2C2CCCCC2)CC1
C1CCC(C2CCCC(CCCCC3CCCC(CC4CCC5CCCCC54)C3)C2)CC1
C1CCC(C2CCC(CC3CCCC(C4CCC(C5CCCCC5)C4)C3)CC2)CC1
C1CCC(CC2CCC(C3CCCCC3)CC2)CC1
C1CCC(CCCC2CCC(C3CCCCC3CC3CCCCC3)CC2)CC1
C1CCC(CCC2CCCC3CC(C4CCCCC4)CCC23)CC1
C1CCC(CCCCCC2CCCC(CCCC3CCCCC3)C2)CC1
C1CCC(C2CCC(CC3CCC4CC(C5CCCCC5)CCC4C3)CC2)CC1
C1CCC(C2CCCCC2CC2CC3CCCCC3C2)CC1
C1CCC(C2CC(C3CCCC3)CC(C3CCCCC3C3CCCCC3)C2)CC1
C1CCC(CC2CCCCC2CCCCC2CCC(C3CCCCC3)CC2)CC1
C1CCC(CCCCC2CCCC(C3CCCCC3)C2)CC1
C1CCC(CC2CCC(C3CCCCC3)CC2)CC1
C1CCC(CCC2CCCC(C3CCCCC3)C2)CC1
C1CCC(CC2CCC(C3CCC(CC4CCCCC4)CC3)CC2)CC1
C1CCC(CC2CC(C3CCC(C4CCCCC4)CC3)C3CCCCC23)CC1
C1CCC(CC2CCCC(CC3CCCCC3)C2)CC1
C1CCC(C2CCC(C3CCCC(C4CCCCC4)C3)CC2)CC1
C1CCC(CC2CCC(CC3CCCCC3C3CCCCC3)CC2)CC1
C1CCC(CCC2CCCC(CCC3CCCCC3)C2C2CCCCC2)CC1
C1CCC(CC2CCC(C3CCC(C4CCCC(C5CCCCC5)C4)CC3)CC2)CC1
C1CCC(CC2CCC3C(CC4CCCCC4)CC(C4CCCC(C5CCCCC5)C4)CC3C2)CC1
C1CCC(CC2CC(CC3CCCCC3C3CCC3)CCC2C2CCCCC2)CC1
C1CCC(CCC2CCC(CC3CCC(C4CCCC(CC5CC5)C4)CC3)CC2)CC1
C1CCC(C2CCCC(C3CC(C4CCCCC4)CC(C4CCC4)C3)C2)CC1
C1CCC(CC2CCCC(C3CCCCC3)C2)CC1
C1CCC(C2CCCCC2C2CCCCC2C2CCC3CCCC3C2)CC1
C(CCCC1CCC(CC2CCC(C3CC3)CC2)CC1)CCC1CCCCC1
C1CCC(CC2CCCC3CC(C4CCCC(C(C5CCCCC5)C5CCCC5)C4)CCC23)CC1
C1CCC(CCC2CCC3C(C2)CC(C2CCC4CCCCC42)CC3C2CCCCC2)CC1
C1CCC(CCCC2CCC(CC3CCC(C4CC(CC5CCCCC5)C5CCCCC54)CC3)CC2)CC1
C1CCC(CC2CC(C3CC(C4CCCCC4)CC(C4CCCCC4)C3)C3CCCCC23)CC1
C1CCC(CCCCC2CCC(C3CC(CC4CCCCC4)CC4CCCCC43)CC2)CC1
C1CC2CCC(CC3CCC(CC4CCC(CC5CC6CCCCC6C5)CC4)CC3)CC2C1
C1CCC(C2CCCC(C3CCCCC3C3CCCC3)C2)CC1
C1CCC(C2CCC(C3CCC(C4CCCC(CC5CCCC5)C4)CC3)CC2)CC1
C1CCC(CCCC2CCC(C3CCCCC3)CC2)CC1
C1CCC(C2CC(C3CCCCC3)CC(C3CC3)C2)CC1
C1CCC(CC2CCC3CC(C4CCCC(CC5CC6CCCCC6C5)C4)CCC3C2)CC1
C(CCC1CC2CCCCC2C1)CC1CCC(C2CCCC2)CC1
C1CCC(CC2CCCCC2C2CCC(C3CCCCC3)CC2)CC1
C1CCC(CC2CCC(C3CCC(CC4CCCC4)CC3)CC2)CC1
C1CCC(CC2CCCC(CCCCC3CCCC(C4CCCCC4)C3)C2)CC1
C(CCCC1CCCC(C2CCCCC2)C1)CCCC1CC2CCCCC2C1
C1CCC(C2CCCCC2)CC1
C1CCC(CCC2CCCC(C3CCCC(C4CCCCC4)C3)C2)CC1
C1CCC(C2CCCCC2)CC1
C1CCC(CC2CCCC(C3CC(CCC4CCCC4)CC4CCCCC43)C2)CC1
C1CCC(CCCC2CCC(C3CCCCC3C3CCCCC3)CC2)CC1
C1CCC(CCC2CCCC(C3CCC4CCCCC43)C2)CC1
C1CCC(CCC2CCCC(C3CCCC(C4CCCC4)C3)C2)CC1
C1CCC(CC2CCC(C3CCCCC3)CC2)CC1
C1CCC(CCC2CCCCC2C2CCC(C3CCC4CCCCC43)CC2)CC1
C1CCC2CC(CC3CCC(CC4CCC(CC5CC6CCCCC6C5)CC4)CC3)CC2C1
C1CCC(CCC2CCCCC2C2CCC(CC3CCC(C4CCCC4)C3)CC2)CC1
C1CCC(C2CCC(CC3CCC(CCC4CCCCC4C4CCCC4)C3)CC2C2CCCCC2)CC1
C1CCC(CCC2CCC(CC3CCC(CCC4CCCC(C5CCCCC5)C4)CC3)CC2)CC1
C1CCC(CC2CCCCC2)CC1
C1CCC(CCCC2CCC(C3CCCCC3)CC2)CC1
C1CCC(CC2CCCC(C3CCCCC3)C2)CC1
C1CCC(C2CCCCC2C2CCCC(CCC3CCC(C4CCC4)CC3)C2)CC1
C1CCC(CC2CCCC(CCC3CCCC(C4CCCCC4)C3)C2)CC1
C1CCC(CCC2CCC(CC3CCCCC3)CC2C2CCCCC2)CC1
C1CCC(C2CCCCC2)CC1
C1CCC(C2CCC(C3CCC(CCC4CCC4)CC3)CC2)CC1
C1CCC(C2CCC(C3CCCCC3)CC2)CC1
C1CCC(CC2CCCCC2C2CCCC(CC3CCCC3CC3CC4CCCCC4C3)C2)CC1
C1CCC(CC2CCC3C(CC4CCCCC4)CC(C4CCCCC4)C3C2)CC1
C1CCC(CC2CCCC(CC3CCC(C4CCCCC4)CC3)C2)CC1
C1CCC(CC2CCCC(C3CC(CC4CCCCC4)CC(CC4CCCC4)C3)C2)CC1
C1CCC(CC2CCC(CC3CCC(C4CCCCC4C4CCC5CCCCC5C4)CC3)CC2)CC1
C1CCC(C2CCC(C3CCCCC3)CC2)CC1
C1CCC(C2CCC(CC3CCCC(C4CCCCC4)C3)CC2)CC1
C1CCC(CCCC2CCCCC2C2CCCC(C3CCCCC3)C2)CC1
C1CCC(CC2CCCC(CCC3CCC(CC4CC5CCCCC5C4)CC3C3CCCCC3)C2)CC1
C1CCC(C2CCCC(CC3CCC4CCCCC43)C2)CC1
C1CCC(CC2CCCCC2)CC1
C1CCC(C2CCC(C3CCCCC3)CC2)CC1
C1CCC(C2CCCCC2)CC1
C1CCC(CCC2CCC(CCC3CCCC(C4CCCCC4)C3)CC2)CC1
C1CCC(C2CCCC(C3CCCC(CC4CCCC4)C3)C2)CC1
C1CCC(C2CCCC(C3CCCCC3C3CCCCC3)C2)CC1
C1CCC(CC2CCCC(CC3CCCCC3C3CCCCC3)C2)CC1
C1CCC(CC2CCCC(CC3CCC(C4CCCCC4)CC3)C2)CC1
C1CCC(CCC2CC(CC3CCCCC3)CC(CC3CCCC3)C2)CC1
C1CCC(CC2CCCC(CCC3CCCC(CC4CCCCC4)C3)C2)CC1
C1CCC(CCCC2CCC(CC3CCCC(CC4CCCC4)C3)CC2)CC1
C1CCC(C2CCCC(C3CC(C4CCCCC4)CC(C4CCCCC4)C3)C2)CC1
C1CCC(CCC2CCCCC2C2CCC(C3CCCCC3)CC2)CC1
C1CCC(CC2CCC(C3CCC(CC4CCCCC4)CC3)CC2)CC1
C1CCC(C2CCC(C3CCC(C4CCC(C5CCCC(C6CC6)C5)CC4)CC3)CC2)CC1
C1CCC(CCC2CCCC(C3CC(CC4CCCCC4)CC(C4CCC4)C3)C2)CC1
C1CCC(C2CC(C3CCC4CCCCC43)CC3CCC(CC4CCCC4)CC32)CC1
C1CCC(CC2CCC(C3CCCCC3)CC2)CC1
C1CCC(C2CCCC(C3CCC(CCCCC4CCC5CCCCC45)CC3)C2)CC1
C1CCC(C2CCCC(C3CCC4CCCC4C3)C2)CC1
C1CCC(C2CC(C3CCC4CCCCC4C3)C3CCCCC23)CC1
C1CCC(CC2CC(C3CCCCC3)CCC2C2CCCCC2)CC1
C1CCC(CC2CCC(C3CCCCC3)CC2)CC1
C1CCC(CC2CCCC(C3CCCCC3C3CCC(C4CCCCC4)CC3)C2)CC1
C1CCC(C2CCCCC2C2CCCCC2)CC1
C1CCC(C2CCC(C3CCC(C4CCCC4)CC3)CC2C2CCCC2)CC1
C1CCC(CC2CCCC(C3CCCCC3)C2)CC1
C1CCC(C2CCCC(C3CCCC(C4CCC(C5CC5)CC4)C3)C2)CC1
C1CCC(CCCC2CCC(CC3CCCCC3)CC2)CC1
C1CCC(CC2CCCC(C3CCC4CCCC4C3)C2)CC1
C1CCC(CCC2CCCC(CC3CCCCC3C3CCCCC3)C2)CC1
C1CCC(CCC2CCC(CC3CCCC(C4CCCC(C5CCCC5)C4)C3)CC2)CC1
C1CCC(CC2CCCC(C3CCCCC3)C2)CC1
C1CCC(C2CCCC(C3CCCCC3C3CCCCC3)C2)CC1
C1CCC(CC2CCC(C3CCCC4CC(C5CCC(C6CCCCC6)CC5)CCC43)CC2)CC1
C1CCC(CC2CCC(CC3CCCCC3)CC2)CC1
C1CCC(CC2CCC(C3CCCCC3CC3CCC4CCCC4C3)CC2)CC1
C1CCC(CCCC2CCC(C3CCCC(C4CCCCC4)C3)C2)CC1
C1CCC(CC2CCCC(C3CCC(C4CCCCC4C4CCCCC4)C3)C2)CC1
C1CCC(C2CCCC(CC3CCCCC3C3CCCCC3)C2)CC1
C1CCC(CC2CCC(CC3CCCCC3)CC2)CC1
C1CCC(C2CCC(CCC3CCCC(C4CCCCC4)C3)CC2)CC1
C1CCC(C2CCC(CCC3CCCC(C4CC5CCCCC5C4)C3)CC2)C1
C1CCC(C2CCCC(C3CCCCC3)C2C2CCCCC2)CC1
C1CCC(CC2CCCC(C3CCCCC3C3CCCC3)C2)CC1
C1CCC(CCC2CCC(C3CCCCC3)CC2)CC1
C1CCC(CCC(CC2CCCC(C3CCCCC3C3CCCC3)C2)C2CC3CCCCC3C2)CC1
C1CCC(CCCCCC2CCC(C3CCCCC3)CC2CC2CCCCC2)CC1
C1CCC(CC2CCC(C3CCCCC3CC3CCCC(CCCC4CC4)C3)CC2)CC1
C1CCC(C2CCC(C(CCC3CCCCC3C3CCCCC3)C3CCCCC3)CC2)CC1
C1CCC(C2CCC(CC3CCCC(C4CCCCC4)C3)CC2)CC1
C1CCC(CCC2CCC(C3CCC3)CC2)CC1
C1CCC(CCCC2CCCC(C3CCCC(C4CCCCC4)C3)C2)CC1
C1CCC(CC2CCCCC2CC2CCC(CC3CCCCC3C3CCCC3)CC2)CC1
C1CCC(C2CC(CC3CCC3)CC(C3CCCCC3)C2)CC1
C1CCC(C2CCCCC2)CC1
C1CCC(CCC2CCC(CC3CCCCC3)CC2)CC1
C1CCC(CC2CCCC(C3CCC(CC4CCCC4)CC3)C2)CC1
C1CCC(C2CCCCC2C2CCC3C(CCCC3C3CCCCC3)C2)CC1
C1CCC(CC2CCCCC2C2CCC3C(CCCC3C3CC(CC4CCCCC4)C4CCCCC43)C2)CC1
C1CCC(C2CCCC(CC3CC(C4CCCCC4)C4CCCCC34)C2)CC1
C1CCC(CC2CCCCC2)CC1
C1CCC(CC2CC(C3CCCCC3)CC(C3CCCCC3)C2)CC1
C1CCC(CC2CC(CC3CCC(C4CCCC4)CC3)CCC2CCCC2CC2)CC1
C1CCC(C2CCC(C3CCCC3C3CCCC(C4CCCCC4)C3)CC2)CC1
C1CCC(CC2CCCC(C3CCCC(C4CCCCC4)C3)C2)CC1
C1CCC(C2CCC(C3CCCCC3C3CCCC3)CC2)CC1
C1CCC(C2CCC(C3CCCCC3CC3CCCCC3C3CCCC3)CC2)CC1
C1CCC(CCCC2CCCC(C3CCCC(CCC4CCCCC4)C3)C2)CC1
C1CCC(CC2CCC(CCC3CCC(C4CCCCC4C4CCCCC4)CC3)CC2)CC1
C1CCC(CCCC2CCC(C3CCC(CC4CCCCC4)CC3)CC2)CC1
C1CCC(CC2CCC(C3CCC(C4CCCCC4)CC3)CC2)CC1
C1CCC(C2CCC(CC3CCC(CCC4CC5CCCCC5C4)CC3)CC2)CC1
C1CCC(CCC2CCCC(C3CCCC(CC4CCCCC4)C3)C2)CC1
C1CCC(C2CCCC(C3CCC(CCC4CCCC4)CC3)C2)CC1
C1CCC(CC2CCCC(C3CCC(C4CC5CCCCC5C4)CC3)C2)CC1
C1CCC(C2CCC(C3CCC(C4CC5CCCCC5C4)CC3)CC2)CC1
C1CCC(CCC2CCCC(CC3CCCC(CCC4CCCC5CCCCC54)C3)C2)CC1
C1CCC(CCC2CCCC(C3CCCCC3)C2C2CCCCC2)CC1
C1CCC(C2CC(C3CCCC(C4CCCC4)C3)CC(C3CCCCC3C3CCCCC3)C2)CC1
C1CCC(CCCC2CCCC(C3CCCC(CC4CCCCC4)C3)C2)CC1
C1CCC(C2CCC(C3CCCCC3)C(CC3CCC3)C2)CC1
C1CCC(CC2CCCC(C3CCC(C4CCCC(CC5CCCCC5CC5CCCCC5)C4)CC3)C2)CC1
C1CCC(CC2CCC(C3CCC4CCC(C5CCCCC5)C4C3)CC2)CC1
C1CCC(CCC2CCC(CCCC3CCCC(C4CCCCC4)C3)CC2)CC1
C1CCC(CCC2CCCCC2C2CCC3C(CCCC3C3CCC4CCCCC4C3)C2)CC1
C1CCC(CC2CCCC(C3CC(C4CC(C5CCCCC5)C5CCCCC54)C4CCCCC34)C2)CC1
C1CCC(C2CCCC(C3CCCC3C3CCC(CC4CCC4)CC3)C2)CC1
C1CCC(CCCC2CCCCC2)CC1
C1CCC(CC2CCC(C3CCCCC3)CC2)CC1
C1CCC(CCC2CCC(C3CCC(CC4CCC(C5CCCC5)C4)CC3)CC2)CC1
C1CCC(C2CCC(C3CCC(C4CCCCC4)CC3)CC2)CC1
C1CCC(CCC2CCCC(C3CC4CCCCC4C3)C2)CC1
C1CCC(CC2CCC(CC3CCC(C4CCCC4)CC3)CC2)CC1
C1CC(CCC2CCC(C3CCC(C4CCCC4)CC3)C(C3CCCC3)C2)C1
C1CCC(CC2CCC(CCC3CCC(CC4CCCC4)CC3)CC2)CC1
C1CCC(CCC2CCCC(C3CCCCC3)C2)CC1
C1CC(CC2CCC(C3CCCCC3CCC3CCCC(CC4CCC5CCCCC5C4)C3)CC2)C1
C1CCC(CC2CCCCC2C2CCCCC2)CC1
C1CCC(C2CCC(C3CCCCC3)C(C3CCCCC3)C2)CC1
C1CCC(CCC2CCCCC2C2CCCCC2)CC1
C1CCC(CCCC2CCCC(C3CCCCC3)C2)CC1
C1CCC(CCC2CCCC(C3CCCCC3C3CCCCC3C3CCCC3)C2)CC1
C1CCC(C2CCCC(C3CCCCC3)C2)CC1
C1CCC(CC2CC(CC3CCC(CC4CCCC(C5CCCCC5)C4)CC3)C3CCCCC23)CC1
C1CCC(C2CCCC2C2CC(C3CCC4CCCCC43)CC3CCCCC32)CC1
C1CCC(CCCCC2CCCCC2C2CCC(C3CCCCC3)CC2C2CCCC2)CC1
C1CCC(CCC2CCC(C3CCCCC3)CC2)CC1
C1CCC(CC2CC(C3CCCCC3)C3CC(CCC4CC5CCCCC5C4)CCC23)CC1
C1CCC(C2CC(CCCC3CCC4CCCCC4C3)CCC2C2CCCC2)CC1
C1CCC(CC2CCCC(CC3CCC(C4CCCCC4)CC3)C2)CC1
C1CCC(CCC2CCC3CC(C4CCC(C5CCCC5)CC4)CCC23)CC1
C1CCC(CC2CCC(C3CCC(C4CCCCC4)CC3)C(C3CCCCC3)C2)CC1
C1CCC(CCCCC2CCC(CC3CCCC(C4CCCCC4)C3)CC2)CC1
C1CCC(CCCC2CCC(C3CCCC(CCC4CC5CCCCC5C4)C3)CC2)CC1
C1CCC(C2CCCC(CC3CCCC(CC4CCCC4)C3)C2)CC1
C1CCC(C2CCCC(C3CCCCC3)C2)CC1
C1CCC(C2CCC(CC3CCCC(C4CCC(C5CCCCC5)C4)C3)CC2)CC1
C1CCC(CC2CCC(CC3CC(CC4CCCCC4)C4CCCCC34)CC2)CC1
C1CCC(CC2CCCCC2C2CCCC(C3CCCC(C4CCCCC4)C3)C2)CC1
C1CCC(C2CCCCC2)CC1
C1CCC(C2CCCC(C3CCCC3)C2)CC1
C1CCC(C2CCCC3CCC(C4CCC(C5CC5)CC4)CC32)CC1
C1CCC(CC2CCC(CCC3CCCC(CC4CC5CCCCC54)C3)CC2)CC1
C1CCC(CCC2CC3CCC(C4CCCC(C5CC5)C4)CC3C(C3CCCCC3)C2)CC1
C1CCC(C2CCCCC2CCCC2CC3CCCCC3C2)CC1
C1CCC(CC2CC(CC3CCC(CCCC4CCCC4)CC3)C3CCCCC23)CC1
C1CCC(C2CCC3CC(CC4CCCC(C5CCCC(C6CCCC6)C5)C4)CCC32)CC1
C1CCC(CC2CCC(C3CCC(C4CCCCC4)CC3)CC2)CC1
C1CCC(C2CCCC(C3CCCCC3)C2)CC1
C1CCC(CC2CCC(CC3CCCCC3)CC2)CC1
C1CCC(CC2CCCC(C3CCCC(C4CCCCC4)C3)C2)CC1
C1CCC(CC2CCC(CC3CCC(CC4CCCC4)CC3)CC2)CC1
C1CCC(C2CC(C3CCCCC3)CC(C3CCCC3)C2)CC1
C1CCC(C2CCC(C3CCCCC3)C(C3CCCC3)C2)CC1
C1CCC(CC2CCC(C3CC(C4CCC(C5CCCCC5)CC4)C3)CC2)CC1
C1CCC(CC2CCCC(C3CCCCC3)C2)CC1
C1CCC(CC2CCCCC2)CC1
C1CCC(CC2CCC(C3CCC(CC4CCCCC4)CC3)CC2)CC1
C1CCC(C2CCCC(C3CCCCC3)C2)CC1
C1CCC(C2CC(C3CC3)CCC2C2CCCC(C3CCCC3)C2)CC1
C1CCC(C2CCCC(CCCC3CCCC(C4CCCCC4C4CCC5CCCC5C4)C3)C2)CC1
C1CCC(CC2CCC3C(C4CCCC4)CC(C4CCCCC4)C3C2)CC1
C1CCC(CCC2CCCCC2CC2CCC(C3CCCCC3)CC2)CC1
C1CCC(CC2CCCCC2C2CCCCC2)CC1
C1CCC(C2CCC(C3CCC(C4CCCCC4)CC3)CC2)CC1
C1CCC(C2CCCCC2CCC2CC3CCCCC3C2)CC1
C1CCC(CC2CCCC(C3CCCC(C4CCCCC4)C3)C2)CC1
C1CCC(CCC2CCCC(C3CCCCC3)C2)CC1
C1CCC(CC2CCCC(C3CCCCC3CCCC3CCC(C4CCCCC4)CC3)C2)CC1
C1CCC(CC2CC(C3CCCCC3CC3CCCCC3)C3CCCCC23)CC1
C1CCC(CC2CC(CCCCC3CCCCC3C3CCC4CCCCC4C3)C3CCCCC23)CC1
C1CCC(CC2CCCC(C3CCCCC3)C2)CC1
C1CCC(CCCC2CCCCC2C2CCCC(CCCC3CCCCC3CCC3CC3)C2)CC1
C1CCC(C2CC(CC3CCCC(C4CCC5CCCCC5C4)C3)C3CCCCC32)CC1
C1CCC(CCCCC2CC(CC3CCCCC3)CC(C3CCCCC3)C2)CC1
C1CCC(C2CCCC(CC3CCC(CC4CCC(C5CCCC5)CC4)CC3)C2)CC1
C1CCC(C2CC(CC3CCCC(CC4CCCC4)C3)C3CCC(CC4CCCC4)CC32)CC1
C1CCC(C2CCCCC2)CC1
C1CCC(CCCC2CCCC(C3CCCCC3C3CCC4CCCC4C3)C2)CC1
C1CCC(CCC2CCC(C3CCCCC3C3CCCC3)C(C3CCC4CCCC4C3)C2)CC1
C1CCC(C2CCCCC2CC2CCC(C3CCCCC3)C(C3CCCCC3)C2)CC1
C1CCC(C2CCCC(C3CCC4CCCCC4C3)C2)CC1
C1CCC(CC2CCC(C3CCC(C4CC4)CC3C3CCC4CCCC4C3)CC2)C1
C1CCC(CCC2CCC(C3CCCCC3)CC2CC2CCCCC2)CC1
C1CCC(C2CCC(CC3CCCC(C4CCCCC4)C3)CC2)CC1
C1CCC(CC2CCCC(C3CCC(C4CCC5CCCCC54)CC3)C2)CC1
C1CCC(CC2CCC(CC3CCCCC3)CC2)CC1
C1CCC(CC2CCC(CC3CCCCC3)CC2)CC1
C1CCC(CC2CCC(CCC3CCCC(C4CCCC(C5CC5)C4)C3)CC2)CC1
C1CCC(CC2CCC(C3CCC(C4CCCCC4)CC3)CC2)CC1
C1CCC(CC2CCC(CCC3CCC(CC4CCC5CCCCC54)CC3)C(C3CCCC3)C2)CC1
C1CCC(C2CC3CCCCC3C(C3CCCCC3)C2)CC1
C1CCC(CC2CCCC(CC3CCCC(CC4CCCCC4C4CCCCC4)C3)C2)CC1
C1CCC(C2CCC(CCC3CCCC(CC4CCC(CC5CCC5)CC4)C3)CC2)CC1
C1CCC(CC2CCC(C3CC(CC4CCCCC4)C4CCCCC43)CC2)CC1
C1CCC(CC2CCCC3CC(C4CCC(C5CCCCC5)CC4)CCC23)CC1
C1CCC(CC2CCC(CC3CCC(CCCC4CCCC4)CC3)CC2)CC1
C1CCC(CC2CCCC(CC3CCCCC3)C2)CC1
C1CCC(C2CCCCC2C2CCCCC2C2CCCC2)CC1
C1CCC(C2CCC(CCC3CCC(C4CCCCC4)CC3)CC2)CC1
C1CC(C2CCC(C3CCC(C4CCCCC4C4CCC5CCCC5C4)CC3)CC2)C1
C1CCC(CC2CCC(CCC3CCCC(C4CCC4)C3)CC2)CC1
C1CCC(C2CCC(C3CCCCC3)CC2)CC1
C1CCC(CC2CCCC(C3CCC4CC(C5CCCCC5)CCC43)C2)CC1
C1CCC(C2CCC(C3CCCCC3C3CCCCC3)C2)CC1
C1CCC(CC2CCC3CC(C4CCCCC4)CC(C4CCCC4)C3C2)CC1
C1CCC(C2CCC(CCCC3CCCC(C4CCCCC4)C3)CC2)CC1
C1CCC(CC2CCC(CC3CCCCC3C3CCCCC3)CC2)CC1
C1CCC(CC2CCC(C3CCC(C4CCCCC4)CC3)CC2)CC1
C1CCC(CCCC2CCCC(C3CCCCC3)C2)CC1
C1CCC(CCC2CCC(CC3CCCCC3CC3CCCCC3)CC2)CC1
C1CCC(C2CCCC(C3CCCC4CC(C5CCCCC5)CCC43)C2)CC1
C1CCC(C2CCC(CCC3CCC(C4CCCCC4)C(C4CCC(C5CCCCC5)CC4)C3)CC2)CC1
C1CCC(CCC2CCCC(C3CCCC(C4CCCCC4)C3)C2)CC1
C1CCC(CC2CCC(CC3CCC(CC4CC4)CC3)CC2)CC1
C1CCC(CCCC2CCCC(C3CCCCC3C3CCCCC3)C2)CC1
C1CCC(CC2CCC(C3CCC4CCCCC43)CC2)CC1
C1CCC(CCC2CCC(C3CCCCC3)C(C3CCCC3)C2)CC1
C1CCC(C2CCC(C3CCC(C4CCC(C5CCCCC5)C(C5CCCCC5)C4)CC3)CC2)CC1
C1CCC(CC2CCCC(CC3CCCCC3)C2)CC1
C1CCC(C2CCC(C3CCCC(C4CCCCC4C4CCCC4)C3)CC2)CC1
C1CCC(CC2CCCC(C3CC(CC4CCCCC4)CC(C4CC4)C3)C2)CC1
C1CCC(C2CCC(CC3CCCC(CC4CCC5CCCC5C4)C3)CC2)CC1
C1CCC(CC2CCC(CC3CCC(C4CCCCC4)CC3)CC2)CC1
C1CCC(CC2CCC(CC3CCC4CCCCC43)CC2)CC1
C1CCC(C2CCCCC2CCC2CCC(C3CCC3)CC2)CC1
C1CCC(CC2CCC(CC3CCC(CC4CCCCC4C4CCCCC4)CC3)CC2)CC1
C(CCCC1CC(C2CCCCC2)CCC1CCCC1CCCCC1)CCC1CCCCC1
C1CCC(CC2CCC(C3CCC(C4CCCC4)CC3)CC2)CC1
C1CCC(CCCC2CCCCC2C2CCCC(CC3CCCCC3)C2)CC1
C1CCC(CC2CC(C3CCCCC3C3CCCCC3)C3CCCCC23)CC1
C1CCC(C2CC(C3CCCCC3)C3CCCCC23)CC1
C1CCC(CC2CCC(C3CCCCC3C3CCCCC3)CC2)CC1
C1CCC(CC2CCC(C3CCCC(C4CCC(C5CCCCC5)CC4)C3)CC2)CC1
C1CCC(C2CCCC(CC3CCC(C4CCCC(CC5CC6CCCCC6C5)C4)CC3)C2)CC1
C1CCC(CC2CCCCC2CCC2CCCC(C3CCCC4CCCCC43)C2)CC1
C1CCC(CC2CC(C3CCCCC3)C3CCCCC23)CC1
C1CCC(C2CCCC(C3CCCCC3)C2)CC1
C1CCC(CCC2CC(CCC3CCCCC3)CC(C3CCCCC3)C2)CC1
C1CCC(C2CCCC(C3CCC(C4CCCCC4C4CCCC4)CC3)C2)CC1
C1CCC(C2CCC3C(CC4CCCC(C5CCCC5)C4)CCC3C2)CC1
C1CCC(CC2CCC(C3CCCCC3)CC2)CC1
C1CCC(C2CCCC(CC3CCC(C4CCCCC4C4CCCCC4)CC3)C2)CC1
C1CCC(C2CCCC(C3CCCCC3)C2)CC1
C1CCC(CCC2CC(CC3CCCCC3)CCC2CCCC2CCC3CCCCC32)CC1
C1CCC(C2CCC(CC3CCCC(C4CCC(C5CCCCC5C5CCCCC5)CC4)C3)CC2)CC1
C1CCC(CC2CCCCC2C2CCCC2)CC1
C1CCC(C2CCCCC2CC(C2CCCCC2)C2CCCCC2)CC1
C1CCC(C2CCCC(CC3CCCC(CC4CCC5CCCCC5C4)C3)C2)CC1
C1CCC(CC2CCCCC2C2CCCCC2C2CCCC2)CC1
C1CCC(CCC2CCC(CC3CCCC3)CC2C2CCCCC2)CC1
C1CCC(C2CCC(C3CCCC(C4CCCCC4)C3)CC2)CC1
C1CCC(C2CCC(CC3CCC(CCCC4CCC(C5CCC(CC6CC6)CC5)CC4)CC3)CC2)CC1
C1CCC(CC2CCCCC2CC2CCCC(C3CCCCC3)C2)CC1
C1CCC(C2CCCC(CC3CCCCC3C3CCC4CCCCC4C3)C2)C1
C1CCC(C2CCCCC2C2CCC(C3CC4CCCCC4C3)CC2)CC1
C1CCC(CCC2CC(C3CCC(CC4CCCCC4)CC3)C3CCCCC23)CC1
C1CCC(CC2CCC(C3CCCC(CC4CCCCC4)C3)CC2)CC1
C1CCC(CC2CCCC(CC3CCCC(C4CCCCC4)C3)C2)CC1
C1CCC(CC2CCC(C3CCCCC3)CC2)CC1
C1CCC(C2CCC(CCCC3CCCCC3C3CCCCC3)CC2)CC1
C1CCC(CC2CCCC(C3CCCC(C4CCCCC4)C3)C2)CC1
C1CCC(CC2CCC(C3CCC(C4CC4)CC3)CC2)CC1
C1CCC(CC2CCC(C3CCC(CC4CCCCC4C4CCCCC4)CC3)C2)CC1
C1CCC(CCC2CCC(CC3CCCCC3)CC2)CC1
C1CCC(C2CCC(CCCCC3CCC(C4CCCCC4)CC3)CC2)CC1
C1CCC(CC2CCC(C3CCCC4CC(C5CCCCC5C5CCCCC5)CCC43)CC2)CC1
C1CCC(C2CCC(CC3CCCC(C4CCCC(C5CCCC5)C4)C3)CC2)CC1
C1CCC(C2CCCCC2C2CCCCC2)CC1
C1CCC(CC2CCC(CC3CCC(CCC4CCCC(C5CCCCC5)C4)CC3)CC2)CC1
C1CCC2CC(CC3CCCCC3C3CCCCC3C3CCC4CCCC4C3)CC2C1
C1CCC(C2CCC(CC3CCCC(C4CCCCC4)C3)CC2)CC1
C1CCC(CC2CCC(CC3CCC(C4CCCCC4)CC3)CC2)CC1
C1CCC(CC2CC(CCCCC3CCC4CCCCC4C3)C3CC(C4CCCCC4)CCC23)CC1
C1CCC(CC2CCC(CCCCC3CC(CC4CCCCC4)C4CCCCC34)CC2)CC1
C1CCC(CCC2CCC(CC3CCC4CCCCC43)CC2C2CCC3CCCC3C2)C1
C1CCC(CCCC2CCCC(C3CCCCC3)C2C2CCC2)CC1
C1CCC(CCCC2CCC(CCC3CCCC(C4CCCCC4)C3)CC2)CC1
C1CCC(C2CCCCC2C2CCC(CCCC3CCCC3)CC2)CC1
C1CCC(CC2CCC(CC3CCC(CCCC4CCCC4)CC3)CC2)CC1
C1CCC(CCCCC2CCCCC2)CC1
C1CCC(CCC2CC(C3CCCCC3)CCC2C2CCCCC2)CC1
C1CCC(CC2CCCCC2C2CCCCC2C2CCCC2)CC1
C1CCC(CCCC2CCC(C3CC(CCCC4CCCCC4)C4CCCCC43)CC2)CC1
C1CCC2CC(CCC3CCCC(C4CCCC5CCCCC54)C3)CC2C1
C1CCC(CC2CCCC(CC3CCC(C4CCCCC4)CC3)C2)CC1
C1CCC(CC2CCCCC2C2CCC3C(CCCC3C3CCCC4CC(CC5CCCC5)CCC43)C2)CC1
C1CCC(CC2CCCC(C3CCCCC3)C2)CC1
C1CCC(C2CCC(C3CCCCC3C3CCC4C(CCCC4C4CCCC4)C3)CC2)CC1
C1CCC(C2CCCC(C3CCCCC3)C2)CC1
C1CCC(CCCC2CCC(C3CCCCC3CC3CCCCC3)CC2)CC1
C1CCC(CC2CCC(CC3CCC(CCCC4CC5CCCCC5C4)CC3)CC2)CC1
C1CCC(CCCCC2CCCCC2CCC2CCCCC2)CC1
C1CCC(CCCC2CCCC(C3CCCCC3)C2)CC1
C1CCC(CC2CCC(CC3CCCCC3)CC2)CC1
C1CCC(CCCC2CCCCC2C2CCC3CCCC3C2)CC1
C1CCC(C2CCC(CC3CCC(CC4CC5CCCCC5C4)CC3)CC2)CC1
C1CCC(CCC2CC(C3CCCCC3)CC(C3CCCC3)C2C2CC2)CC1
C1CCC(C2CCCC(C3CCCC(C4CCCCC4)C3)C2)CC1
C1CCC(CC2CC(CCC3CCC(CCC4CC4)CC3)CC(C3CCCCC3)C2)CC1
C1CCC(CCC2CCCC(C3CCCC(C4CCCCC4)C3)C2)CC1
C1CCC(CC2CCCC(CCCCC3CCCC(CC4CCCCC4)C3)C2)CC1
C1CCC(CC2CCC(C3CCCCC3)CC2)CC1
C1CCC(C2CCC(C3CCCCC3)C(C3CCCC3)C2)CC1
C1CCC(CCCCC2CCC(C3CCCCC3)CC2)CC1
C1CCC(C2CCCCC2C2CCCC(C3CCCCC3C3CC4CCCCC4C3)C2)CC1
C1CCC(C2CCC(CC3CCC(CCCC4CCC(C5CCCC5)CC4)CC3)CC2)CC1
C1CCC(CC2CCCC(C3CCCC(C4CCCCC4)C3)C2)CC1
C1CCC(C2CCC(C3CCC(C4CCC5CCCCC54)CC3)CC2)CC1
C1CCC(C2CCC(CCCC3CCC4CCCCC4C3)CC2C2CCCCC2)CC1
C1CCC(C2CCC3C(CCC3C3CCCCC3)C2)CC1
C1CCC(CCC2CCCC(C3CCC3)C2)CC1
C1CCC(CC2CCCCC2C2CCCC(CC3CCCC3)C2)CC1
C1CCC(C2CCC(C3CCCCC3C3CCC4CCCCC4C3)CC2)CC1
C1CCC(C2CCC3CC(C4CCCCC4)CCC3C2)CC1
C1CCC(CC2CCC(C3CCCCC3)CC2C2CCCCC2)CC1
C1CCC2C(C1)CCC2CC1CCC(C2CCC(C3CCCCC3C3CCC(C4CC4)CC3)CC2)CC1
C1CCC(CC2CCCCC2C2CCCCC2)CC1
C1CCC(CC2CCC(C3CCCCC3)CC2)CC1
C1CCC(CCC2CCC(C3CCCCC3)CC2)CC1
C1CCC(CC2CCC3CC(C4CCCCC4)CCC23)CC1
C1CCC(CC2CCCC(CCC3CCC(C4CCCCC4)CC3)C2)CC1
C1CCC(C2CCC(CC3CCC(C4CCCCC4)CC3C3CCC4CCCC4C3)CC2)CC1
C1CCC(CC2CCC(C3CCCCC3)CC2)CC1
C1CCC(CC2CC(CC3CCCC(C4CCCC(C5CCCCC5)C4)C3)C3CCCCC23)CC1
C1CCC(CC2CCCC(CC3CCCCC3)C2)CC1
C1CCC(CC2CC3CCCCC3C(C3CCCCC3)C2)CC1
C1CCC(CC2CCCCC2C2CCCCC2)CC1
C1CCC(C2CCCC(CCC3CC(C4CCCCC4)CC(C4CCCC4)C3)C2)CC1
C1CCC(C2CCCCC2CCCC2CC(C3CCCCC3C3CCCCC3)C3CCCCC23)CC1
C1CCC(CCC2CCC(C3CCCC3)CC2CCC2CCC(C3CCC3)CC2)CC1
C1CCC(C2CCCC(C3CC(C4CCCCC4)CC(C4CCCCC4)C3)C2)CC1
C1CCC(C2CCC(CC3CCC4CCCCC4C3)CC2C2CCCCC2)CC1
C1CCC(CC2CCC(C3CCCCC3C3CCC4CCCCC4C3)CC2)CC1
C1CCC(C2CCCCC2CC2CC(CC3CCC3)CC3CCCCC32)CC1
C1CCC(CC2CCC(C3CCCCC3)CC2C2CCCC2)CC1
C(CCCC1CCCCC1CC1CC2CCCCC2C1)CCC1CCCCC1
C1CCC(C2CCCC(C3CCCCC3C3CCCCC3)C2)CC1
C1CCC(CC2CCC(C3CCCCC3)CC2)CC1
C1CCC(CCC2CC(C3CCCCC3)C3CCCCC23)CC1
C1CCC(C2CCCCC2)CC1
C1CCC(C2CCCC(CCC3CCCCC3C3CCCCC3)C2)CC1
C1CCC(C2CCCCC2C2CCC(C3CCC(C4CCC4)CC3)CC2)CC1
C1CCC(C2CCC(CC3CC(C4CCCCC4)CC(C4CC4)C3)CC2)CC1
C1CCC(C2CCC(CCCC3CCCC(C4CCCCC4)C3)CC2)CC1
C1CCC(CCC2CCC(CC3CCC(CC4CCCCC4)CC3)CC2)CC1
C1CCC(C2CC(CC3CCC(C4CCC5CCCCC54)CC3)C3CCCCC32)CC1
C1CCC(C2CCCCC2C2CCC3CCCCC3C2)CC1
C1CCC(C2CCCCC2)CC1
C1CCC(CCC2CCC(CC3CCC(CC4CCCCC4)CC3)CC2)CC1
C1CCC(CCCC2CCC(CC3CCCCC3)CC2)CC1
C1CCC(CCCC2CCCCC2)CC1
C1CCC(CC2CCCC(C3CCC(C4CCCCC4)CC3)C2)CC1
C1CCC(C2CCCC(CCCC3CCCCC3C3CCCCC3)C2)CC1
C1CCC(C2CCCC(CC3CCC4CCCCC43)C2)CC1
C1CCC(C2CC(C3CCCCC3)CC(C3CCCCC3)C2)CC1
C1CCC(C2CCCC(C3CCCCC3)C2)CC1
C1CCC(CC2CCC(C3CCCC(C4CCC5CCCC5C4)C3)CC2)C1
C1CCC(CC2CCCC(C3CCCCC3)C2)CC1
C1CCC(CC2CCCCC2C(C2CCCCC2)C2CCCCC2)CC1
C1CCC(CC2CCCC(CCC3CCCCC3C(C3CCCCC3)C3CCCCC3)C2)CC1
C1CCC(CC2CCCCC2CCC2CCC3C(C4CCCCC4)CC(C4CCCCC4)C3C2)CC1
C1CCC(C2CCCC(CCCCC3CC3)C2)CC1
C1CCC(CCCC2CCCCC2CC2CCC(C3CCC4CCCCC4C3)CC2)CC1
C1CCC(CC2CCC(C3CCC(C4CCCC4C4CCCCC4)CC3C3CCCC3)C2)CC1
C1CCC(CC2CCCCC2C2CCCCC2C2CCCCC2)CC1
C1CCC(C2CCC3CCC(C4CCCC(CC5CC5)C4)CC3C2)CC1
C1CCC(CC2CCCC(CCC3CC(C4CCCCC4)C4CCCCC34)C2)CC1
C1CCC(C2CCCC3CC(C4CCCCC4C4CCC(C5CCCC5)CC4)CCC32)CC1
C1CCC(C2CC(C3CCCCC3)CC(C(C3CCCCC3)C3CC3)C2)CC1
C1CCC(C2CCC(CC3CCC(CC4CC(C5CCC(C6CC6)CC5)C5CCCCC45)CC3)CC2)CC1
C1CCC(C2CCC(CC3CCCCC3C3CCCC3)CC2)CC1
C1CCC(CC2CCCCC2C2CCC3C(CCCC3C3CCCCC3)C2)CC1
C1CCC(CC2CC(CCC3CCCCC3CC3CC4CCCCC4C3)C3CCCCC23)CC1
C1CCC(CC2CCC(C3CCC(C4CC4)CC3C3CCCCC3)C(C3CCCCC3)C2)CC1
C1CCC(CCCCC2CC(CC3CCCCC3)CC(CC3CC3)C2)CC1
C1CCC(CC2CCC(C3CCCCC3CC3CCCCC3)CC2)CC1
C1CCC(CC2CCC(CC3CCCCC3)CC2)CC1
C1CCC(CCCC2CCC(C3CCC(C4CC5CCCCC5C4)CC3)CC2)C1
C1CCC(C2CCCC(CCC3CCCC4CCCCC43)C2)CC1
C1CCC(CC2CC(CCCC3CCCC(C4CCCC(C5CCCCC5)C4)C3)C3CCCCC23)CC1
C1CCC(C2CCCCC2C2CCC3CCCC3C2)CC1
C1CCC(C2CCCCC2)CC1
C(CCCC1CCCCC1)CCCC1CCCC(CC2CCC3CCCCC3C2)C1
C1CCC(CC2CCC3C(CC4CCCCC4)CC(C4CCCC4)C3C2)CC1
C1CCC(CCC2CCCC(C3CCC(C4CCC(C5CCCCC5)CC4)CC3)C2)CC1
C1CCC(C2CCCC(CCC3CCC(C4CCCC(CC5CCCC5)C4)CC3)C2)CC1
C1CCC(CC2CCC(C3CCC(C4CCCCC4)CC3)CC2)CC1
C1CCC(CCCC2CCC(CC3CCCCC3)CC2)CC1
C1CCC2CC(CCC3CCC(C4CCCC(C5CC5)C4)CC3)CC2C1
C1CCC(CCC2CCC(CC3CCCCC3)CC2)CC1
C1CCC(CC2CC(C3CCC(C4CCC(C5CCCC5)CC4)CC3)C3CCCCC23)CC1
C1CCC(CC2CCCC(C3CCCC(C4CCCC5CCCCC54)C3)C2)CC1
C1CCC(CC2CCCCC2C2CCCC(CC3CCCC3)C2)CC1
C1CCC(CC2CCC3CC(C4CCCCC4)CCC23)CC1
C1CCC(CC2CCC(C3CCCC(CC4CCCCC4)C3)CC2)CC1
C1CCC(CC2CCC(C3CCC(CC4CCCCC4)CC3)CC2)CC1
C1CCC(CCC2CCCC(CC3CC(C4CCCCC4)C4CCCCC34)C2)CC1
C1CCC(C2CCCCC2C2CCC3CCCC3C2)CC1
C1CCC(CCC2CCC(C3CCCC(CC4CCCC(C5CCCCC5)C4)C3)CC2)CC1
C1CCC(CC2CCC3CCC(C4CCCCC4C4CCC5CCCCC5C4)CC3C2)CC1
C1CCC(CCC2CC(CC3CCCCC3)C3CCCCC23)CC1
C1CCC(CCC2CCC(C3CCCC(C4CCCCC4C4CCCC4)C3)CC2)CC1
C1CCC(C2CCCC(CCC3CCCC(CC4CCCC(C5CCCCC5)C4)C3)C2)CC1
C1CCC(C2CCCC(C3CCC(CC4CCCC4)CC3C3CCCC3)C2)CC1
C1CCC(C2CCCC(C3CCCCC3C3CC4CCCCC4C3)C2)CC1
C1CCC(CC2CCC3CCCC(C4CCC(C5CCCC5)C4)C3C2)CC1
C1CCC(CC2CCC(C3CCCCC3)CC2)CC1
C1CCC(CC2CCC(C3CCC(CC4CCCCC4)CC3)CC2)CC1
C1CCC(CCCCC2CCCCC2CC2CCCCC2C2CCCCC2)CC1
C1CCC(CCC2CCC(CCC3CCC(CC4CCCCC4)CC3)CC2)CC1
C1CCC(C2CCCCC2C2CCCCC2C2CCC3CCCC3C2)CC1
C1CCC(C2CCC(CCC3CC4CCCCC4C3)CC2C2CCCCC2)CC1
C(CCC1CC1)CCC1CC(CC2CC(C3CCC3)CCC2C2CCC3CCCC3C2)C2CCCCC12
C1CCC(CCCC2CCCC(C3CCCCC3)C2)CC1
C1CCC(CCC2CC(C3CCC3)CC3CC(C4CCCCC4C4CCC(C5CCCC5)CC4)CCC23)CC1
C1CCC(C2CCCCC2C2CCCC(C3CCCCC3C3CC3)C2)CC1
C1CCC(C2CCC(CC3CCCC(C4CCCC4)C3)CC2)CC1
C1CCC(CCC2CCCCC2C2CCCCC2CC2CCCCC2)CC1
C1CCC(CC2CCCC(C3CCC(CCC4CCCC(C5CCC5)C4)CC3)C2)CC1
C1CCC(C2CCCC(C3CCC(C4CCCCC4C4CCCC4)C(C4CCCCC4)C3)C2)CC1
C1CCC(CCCC2CC(C3CCCCC3)CCC2CC2CCC2)CC1
C1CCC(CC2CC(C3CCCCC3)CCC2C2CCCCC2)CC1
C1CCC(C2CCC(CCC3CCCCC3C3CCCC4CCCCC43)CC2)CC1
C1CCC(CCC2CCC(CCCC3CCC(C4CCCC4)CC3)CC2)CC1
C1CCC(CC2CCC(CC3CCC(CCCC4CCCC4)CC3)CC2)CC1
C1CCC(CC2CCCCC2C2CCCCC2)CC1
C1CCC(C2CCC(CCCC3CCCC(C4CCCCC4)C3)CC2)CC1
C1CCC(CCCCCC2CCC(CC3CCCCC3)CC2)CC1
C1CCC(CC2CCC(CC3CCCCC3)CC2)CC1
C1CCC(CC2CCC(CC3CCC(CCCC4CCC5CCCCC54)CC3)CC2)CC1
C1CCC(CC2CCC(C3CCCC(CC4CCCCC4)C3)CC2)CC1
C1CCC(CCCC2CCC(CC3CCCCC3)CC2)CC1
C1CCC(CCCC2CCC(CC3CCCCC3)CC2)CC1
C1CCC(CC2CCCC3CC(C4CCCCC4)CCC23)CC1
C1CCC(CC2CC3CCCCC3C(C3CCCCC3)C2)CC1
C(CCC1CCC(C2CCCCC2)CC1)CCC1CCC(C2CCCCC2)CC1
C1CCC(CC2CCC(CCCCCC3CCCC(C4CCC(CC5CCCCC5)CC4)C3)CC2)CC1
C1CCC(CC2CCCC(CC3CCC4CCCCC43)C2)CC1
C1CCC(CC2CC(C3CCC4CCCCC4C3)C3CCCCC23)CC1
C1CCC(CCCCC2CCC(CCC3CCCCC3CC3CCCCC3)CC2)CC1
C1CCC(CC2CC(C3CCC(C4CCC5CCCCC5C4)CC3)C3CCCCC23)CC1
C1CCC(CC2CC(CC3CCCCC3)CC(C3CCCCC3)C2)CC1
C1CCC(C2CCC(C3CCCCC3)CC2)CC1
C1CCC(C2CCCC(C3CCCCC3CCC3CC4CCCCC4C3)C2)CC1
C1CCC(CC2CCC(CCC3CCCCC3C3CCCCC3)CC2)CC1
C1CCC(CCCC2CCC(CC3CCCCC3)CC2)CC1
C1CCC(CC2CCCC3CCC(C4CCCCC4)CC32)CC1
C1CCC(CC2CCC(CCCC3CCCC(CC4CCCCC4)C3)CC2)CC1
C1CCC(CC2CCCC(C3CCC(C4CCC5CCCCC54)CC3)C2)CC1
C1CCC(C2CCCCC2CC2CCC(C3CCCC3C3CCCCC3)CC2)CC1
C1CCC(CC2CCCCC2C2CCC3CCCC3C2CC2CCCCC2)CC1
C1CCC(CC2CCC(C3CCCCC3)CC2)CC1
C1CCC(C2CCC(C3CCCC3)CC2)CC1
C1CCC(CC2CCCC(C3CCCCC3)C2)CC1
C1CCC(CCCCC2CCC(CCC3CC4CCCCC4C3)CC2)CC1
C1CCC(C2CCCC(CC3CCC(CC4CCC(C5CCCCC5C5CCCCC5)CC4)CC3)C2)CC1
C1CCC(CC2CCC(CC(C3CCCCC3)C3CCCC3)CC2)CC1
C1CCC(CC2CCC(C3CCCCC3CC3CCCCC3)CC2)CC1
C1CCC(CCCC2CCCC(C3CC(C4CCCCC4)C4CCCCC34)C2)CC1
C1CCC(CCCC2CCC(CC3CCC(CC4CCCCC4)CC3)CC2)CC1
C1CCC(CCCCCC2CCCC(CCC3CCCCC3)C2)CC1
C1CCC(C2CCCCC2)CC1
C1CCC(CCC2CCCC(C3CCCC(C4CCCC(C5CCCCC5)C4)C3)C2)CC1
C1CCC(CCCC2CCCC(C3CCCCC3C3CCCC3)C2)CC1
C1CCC(C2CCC(CCC3CCCC(C4CCCCC4)C3)CC2)CC1
C1CCC(C2CCC(CC3CCC(CCCC4CCCC(CC5CC6CCCCC6C5)C4)CC3)C2)CC1
C1CCC(C2CCCC(CCC3CCCC(C4CCC(C5CCC6CCCC6C5)CC4)C3)C2)CC1
C1CCC(CCCC2CCCC(CCCC3CCCC(C4CCCCC4)C3)C2)CC1
C1CCC(CC2CCC(C3CCCCC3)C2)CC1
C1CCC(CC2CCCC(CCC3CCCCC3CC3CCCCC3)C2)CC1
C1CCC(CC2CCCC(C3CCCC(C4CCCC(C5CCCCC5)C4)C3)C2)CC1
C1CCC(CC2CCCC(C(CCCC3CCC(C4CCCCC4)CC3)C3CCC3)C2)CC1
C1CCC(CC2CCC(CCC3CCCC(CCC4CCC(C5CCCC5)CC4)C3)CC2)CC1
C1CCC(CC2CCCC(C3CC(CC4CCCCC4)C4CCCCC43)C2)CC1
C1CCC(C2CCCC(C3CC(CC4CC4)CC(C4CCCCC4)C3)C2)CC1
C1CCC(CCCCC2CCCC(CC3CCCCC3)C2)CC1
C1CC(CC2CCCCC2C2CCC2)CC(C2CC3CCCCC3C2)C1
C1CCC(C2CCCC(C3CC3)C2)CC1
C1CCC(CC2CCCC(CCC3CCCC3C3CCCC(C4CC5CCCCC5C4)C3)C2)CC1
C1CCC(CC2CCC(CC3CCC(CC4CCCCC4)CC3)CC2)CC1
C1CCC(CC2CCCC(C3CCCCC3)C2)CC1
C1CCC(CCCCC2CCCC(C3CCCC(C4CCCCC4)C3)C2)CC1
C1CC2CCC(CC3CCC(C4CCCC(CC5CC6CCCCC6C5)C4)CC3)CC2C1
C1CCC(CC2CCC(CC3CCCCC3C3CCCC3)CC2)CC1
C1CCC(CC2CCC(CCCCC3CCC(C4CCCCC4)C3)CC2)CC1
C1CCC(CC2CCCCC2CCC2CCC(C3CC3)CC2C2CCCCC2)CC1
C1CCC(C2CCCC(CC3CCCC(CCCCC4CC5CCCCC5C4)C3)C2)CC1
C1CCC(CC2CCC(CCCC3CCC(C4CCCCC4)C3)CC2)CC1
C1CCC(CCCCCC2CCC(C3CCC(C4CCCC4)CC3)CC2)CC1
C1CCC(CCCCC2CCCC(C3CCCCC3)C2)CC1
C1CCC(CCC2CCC(CC3CCC(C4CCCCC4)CC3)CC2)CC1
C1CCC(C2CCC(C(C3CC3)C3CCCC(C4CCCCC4)C3)CC2)CC1
C1CCC(CC2CCC(CC3CCC(CC4CCCCC4C4CCCCC4)CC3)CC2)CC1
C1CCC(C2CCCCC2C2CCC(C3CC3)CC2)C1
C1CCC(CCC2CCC(C3CCC(CC4CCCC(CC5CC5)C4)CC3)CC2)CC1
C1CCC(CC2CCC(C3CCCC4CC(C5CCCCC5CC5CCCCC5)CCC43)CC2)CC1
C1CCC(C2CCC(CC3CCCC(C4CCC5CCC(C6CCCCC6)CC54)C3)CC2)CC1
C1CCC(CC2CCC(CC3CCC(CCCC4CCCC(C5CCCCC5)C4)CC3)CC2)CC1
C1CCC(CCC2CCCCC2CC2CCC3CCCCC3C2)CC1
C1CCC(CCC2CCC(CC3CCC(CCCC4CCCC4)CC3)CC2)CC1
C1CCC(CCC2CCC(C3CCCCC3)CC2)CC1
C1CCC(CCCCCC2CCC(CC3CCCC4CCCCC43)CC2)CC1
C1CCC(C2CCC(CC3CCC4C(CCCC4C4CCCC(C5CCC6CCCCC6C5)C4)C3)CC2)CC1
C1CCC(CCC2CCCCC2CC2CCCCC2)CC1
C1CCC(CC2CCC(C3CCC(CC4CCCCC4)CC3)CC2)CC1
C1CCC(C2CCCC3CCC(C4CCC5CCCC5C4)CC32)CC1
C1CCC(CC2CCC(C3CCCC3)CC2)CC1
C1CCC(CCCCC2CCC(CCC3CCCCC3)CC2)CC1
C1CCC(CC2CC(CC3CCCCC3)C3CCCCC23)CC1
C1CCC(CCC2CC(CC3CCCCC3)CCC2CC2CCCCC2)CC1
C1CCC(CC2CCCC(C3CCCCC3)C2)CC1
C1CCC(CCC(CC2CCCCC2C2CCC3CCCCC32)C2CCCCC2)CC1
C1CCC(C2CCCCC2)CC1
C1CCC(CC2CCC(C3CCCCC3)CC2)CC1
C1CCC(C2CCCCC2)CC1
C1CCC(CC2CCCC(C3CCCCC3C3CCCCC3)C2)CC1
C1CCC(CC2CCC(C3CCCCC3)CC2)CC1
C1CCC(CC2CCC(CC3CCCCC3)CC2)CC1
C1CCC(CCCCCC2CCC(CC3CC(C4CCCC4)C4CCCCC34)CC2)CC1
C1CCC(CCC2CCCC(C3CCCC(C4CCCCC4)C3)C2)CC1
C1CCC(CCC2CCC3C(CC4CCCCC4)CC(CC4CCCCC4)C3C2)CC1
C1CCC(CC2CCCC(CCCC3CCCC(C4CCCCC4)C3)C2)CC1
C1CCC(C2CCCC(CC3CCCCC3C3CCCCC3)C2)CC1
C1CCC(CCCC2CC(C3CCCCC3)C3CCCCC23)CC1
C1CCC(C2CCC(C3CC4CCCCC4C3)CC2)CC1
C1CCC(CC2CCC(C3CCCC(C4CCC5CCCCC5C4)C3)CC2)CC1
C1CCC(CC2CCCC(CCCCC3CCC(CC4CCC5CCCC5C4)CC3)C2)CC1
C1CCC(CC2CC(C3CCCC(C4CCCCC4)C3)CCC2C2CCCCC2)CC1
C1CCC(CCCC2CCC(C3CCC(C4CCCCC4)C4CCCC34)CC2)CC1
C1CCC(C2CCCCC2C(C2CCCCC2)C2CCCCC2)CC1
C1CCC(C2CCC(C3CCCCC3C3CCCC3)C(C3CCCCC3)C2)CC1
C1CCC(CC2CCC(CCCCCC3CC4CCCCC4C3)CC2)CC1
C1CCC(CC2CCCC(C3CCCCC3C3CCCCC3)C2)CC1
C1CCC(CC2CCC(C3CCCCC3)CC2)CC1
C1CCC(CC2CCCCC2)CC1
C1CCC(C2CCCC(C3CCC(C4CC(CC5CCCC5)CCC4C4CCCCC4)CC3)C2)CC1
C1CCC(C2CCCC(CCC3CCCCC3C3CCCCC3)C2)CC1
C1CCC(CCC2CCC(CCC3CCC(C4CCCCC4)CC3C3CCCCC3)CC2)CC1
C1CCC(C2CCCC(C3CCCCC3)C2)CC1
C1CCC(C2CCCC(C3CCCC(CC4CCCCC4C4CCCCC4)C3)C2)CC1
C1CCC(C2CCC(CCCC3CCC4CCCC4C3)CC2)CC1
C1CCC(C2CC(C3CCC(C4CC4)CC3)C3CCCCC23)CC1
C1CCC(C2CCC(CC3CCC(C4CCC(CCC5CCC6CCCCC65)CC4)CC3)CC2)CC1
C1CCC(CC2CCC3C(CCC3C3CCC(C4CCCCC4)CC3)C2)CC1
C(CC1CCC(CC2CCC(C3CCCC(C4CCCC4)C3)CC2)CC1)CC1CC2CCCCC2C1
C1CCC(C2CCCCC2C2CCC(CC3CCC3)CC2)CC1
C1CCC(CC2CCC(C3CCCCC3)CC2)CC1
C1CCC(CCCCCC2CCC(C3CCC(CCC4CCCCC4C4CCCCC4)CC3)CC2)CC1
C1CCC(CC2CCCC(C3CCCCC3)C2C2CCCCC2)CC1
C1CCC(CCCC2CCC(CC3CCC(C4CCCCC4)CC3)CC2)CC1
C1CCC(CCCC2CCC(C3CCCC4CCCCC43)C(C3CCCC3)C2)CC1
C1CCC(C2CCCC(C3CCC(C4CCCC5CC(C6CCCCC6)CCC54)C3)C2)CC1
C1CCC(CCCC2CCCC(C3CCCCC3)C2)CC1
C1CCC(CCCC2CCCC(C3CCCC(C4CCCCC4)C3)C2)CC1
C1CCC(C2CCC(C3CCCCC3C3CCCCC3)CC2)CC1
C1CCC(CC2C(C3CCCCC3)CCCC2C2CCCCC2)CC1
C1CCC(C2CCCC(C3CCCC(C4CCCC4)C3)C2)CC1
C1CCC(CCC2CCCCC2C2CCCCC2)CC1
C1CCC(C2CCC(CCC3CC4CCCCC4C3)CC2)CC1
C1CCC(CC2CCCC(C3CCCC(C4CCCC4)C3)C2)CC1
C1CCC(CCCCCC2CCC(CCCC3CC4CCCCC4C3)CC2)CC1
C1CCC(CCC2CCC(CC3CCCC(C4CCCCC4)C3)CC2)CC1
C1CCC(C2CCC3C(CCCC3C3CCC(CC4CC5CCCCC5C4)CC3)C2)CC1
C1CCC(C2CCC3CC(C4CCCCC4)CCC3C2)CC1
C1CCC(CCC2CCC(CCC3CCCC3)CC2C2CCC3CCCC3C2)CC1
C1CCC(CC2CCCC(CC3CCCCC3)C2)CC1
C1CCC(C2CCC3C(CC4CCCC4)CC(C4CCC(CCC5CCCC5)CC4)C3C2)CC1
C1CCC(CCC2CCCC(CC3CCCCC3)C2)CC1
C1CCC(CCC2CCC(C3CCCCC3)CC2)CC1
C1CCC(CCC2CCC3C(CC4CCCCC4)CC(CCC4CCCCC4)C3C2)CC1
C1CCC(C2CCCC(CC3CCCC(C4CC4)C3)C2)CC1
C1CCC(CC2CCC(C3CCC(C4CCCCC4)CC3)CC2)CC1
C1CCC(CCC2CCCC(C3CCCC(C4CCCCC4)C3)C2)CC1
C1CCC(C2CCCCC2C2CCC3CCCCC3C2)CC1
C1CCC(C2CCCC(C3CCCC4CCCCC43)C2)CC1
C1CCC(CC2CCC3CC(C4CCC(C5CC5)CC4)CCC3C2)CC1
C1CCC(C2CC3CCCCC3C(C3CCCCC3)C2)CC1
C1CCC(CC2CCCC(C3CCCCC3)C2)CC1
C1CCC(CCC2CCC3C(C4CCCCC4)CC(C4CCC(C5CCCC5)CC4)C3C2)CC1
C1CCC(C2CCCC(C3CC(CC4CCC5CCCCC54)CC4CCCCC43)C2)CC1
C1CCC(CC2CCC(CC3CCC(C4CCCC4)CC3)CC2)C1
C1CCC(CC2CCC(C3CCC(C4CCCCC4C4CCCCC4)C3)CC2)CC1
C1CC(CCC2CC3CCCCC3C2)CC(CC2CCCC(CC3CCC4CCCC4C3)C2)C1
C1CCC(CCC2CCC(CCC3CCCCC3CC3CCCCC3)CC2)CC1
C1CCC(CCCC(CC2CCCCC2)C2CCCCC2)CC1
C1CCC(C2CCCC(CC3CCCC(CC4CCCC4)C3)C2)CC1
C1CCC(CC2CCC(C3CCCC(CCC4CCCC(CC5CCCCC5)C4)C3)CC2)CC1
C1CCC(CCC2CCC(C3CCC(C4CCCCC4)CC3)CC2)CC1
C1CCC(CCCCC2CCC(CCC3CCCCC3)CC2)CC1
C(CCCC1CCC(C2CC3CCCCC3C2)C(CC2CCCCC2)C1)CCC1CCCCC1
C1CCC(CCCCC2CCC(CC3CCC(C4CC4)CC3)CC2)CC1
C1CCC(C2CCCC(C3CCC(CCC4CCCC4)CC3)C2)CC1
C1CCC(CC2CCCC(C3CCC(CC4CCCCC4)C(CC4CC4)C3)C2)CC1
C1CCC(CCC2CCC(C3CCCCC3)CC2CC2CCCCC2)CC1
C1CCC(CC2CCC(CC3CCCC(CC4CC5CCCCC5C4)C3)C(CC3CCCC3)C2)CC1
C1CCC(CCC2CCC(CCCC3CC(CC4CCCCC4)CCC3C3CCCCC3)C2)CC1
C1CCC(CCCCC2CCC(CC3CCCCC3)CC2)CC1
C1CCC(CCCC2CCCC(C3CCCCC3)C2)CC1
C1CCC(CC2CCC(CC3CCCCC3)CC2)CC1
C1CCC(CCC2CCC(CC3CCCCC3)CC2)CC1
C1CCC(CC2CCC(CCC3CCC(C4CC(C5CCCC5)C5CCCCC45)CC3)CC2)CC1
C1CCC(CC2CCCCC2C2CCCCC2)CC1
C1CCC(CCCC2CCCCC2C2CCCCC2)CC1
C1CCC(C2CCC(C3CCCCC3C3CCCCC3)CC2)CC1
C1CCC(C2CCCC(CC3CC(C4CCCC5CCCCC54)C4CCCCC34)C2)CC1
C1CCC(CC2CCC(C3CCCC(C4CCCCC4)C3)CC2)CC1
C1CCC(CCCC2CCC(CCC3CCCCC3CCC3CCC3)CC2)CC1
C1CCC(C2CCCC(C3CCCCC3C3CCCCC3)C2)CC1
C1CCC(C2CCC(C3CCCC(CC4CCCC(C5CCCC5)C4)C3)CC2)C1
C1CCC(CC2CC(C3CCCCC3)CCC2CCC2CCCC(C3CCCCC3)C2)CC1
C1CCC(CCCCC2CCC(CC3CCCCC3)CC2)CC1
C1CCC(CC2CCC(C3CCCCC3)CC2)CC1
C1CCC(CCC2CCCC(CC3CCCC(C4CC5CCCCC5C4)C3)C2)CC1
C1CCC(CC2CCCCC2C2CCC3CCCC3C2)CC1
C1CCC(CC2CCC(C3CCCC(CC4CCCCC4)C3)CC2)CC1
C1CCC(C2CCCC(CCC3CCCC4CCCCC43)C2)CC1
C1CCC(C2CCCC(C3CCCCC3)C2)CC1
C1CCC(C2CCCC(C3CCC(CC4CCCC4)CC3)C2)CC1
C1CCC(CC2CCC(CC3CC4CCCCC4C3)CC2)CC1
C1CCC(CC2CCC(CC3CCC(C4CCCCC4)CC3)CC2)CC1
C1CCC(CCCC2CCC(CC3CCCCC3)CC2)CC1
C1CCC(C2CCC(C3CCC(C4CCCC(C5CCC6CCCCC65)C4)CC3)CC2)CC1
C1CCC(C2CCC(C3CCCC4CC(CCC5CCC(C6CCCCC6C6CCCC6)CC5)CCC43)CC2)CC1
C1CCC(CCCC2CCCCC2CC2CCC(CC3CCC(C4CCCC4)CC3)CC2)CC1
C1CCC(C2CC(CCC3CC4CCCCC4C3)CC(C3CCCCC3)C2)CC1
C1CCC(C2CCC(CC3CCC(CC4CCCC4)CC3)CC2)CC1
C1CCC(CC2CCCC(CC3CCCCC3)C2)CC1
C1CCC(CC2CCCCC2C2CCC(C3CCCCC3)CC2)CC1
C1CCC(CCCC2CCCC(C3CCCC(C4CCCC4)C3)C2)CC1
C1CCC(CC2CCCC(C3CC(CC4CCCCC4)CC(C4CC4)C3)C2)CC1
C1CCC(CCC2CCCCC2CC2CCCC(C3CCCCC3)C2)CC1
C1CCC(CCC2CCCC(C3CCC(C4CCC5CCCCC54)CC3)C2)CC1
C1CCC(CC2CCCC(CC3CC(CC4CCCCC4)CC(C4CCCCC4)C3)C2)CC1
C1CCC(CC2CCC(CCC3CCCC(C4CCCCC4)C3)CC2)CC1
C1CCC(C2CCC(C3CC(C4CCCC4)C4CCCCC34)CC2)CC1
C1CCC(CC2CCC(CC3CCC(C4CCCCC4)CC3)CC2)CC1
C1CCC(CC2CCC(CC3CCC4CCC(C5CCCCC5)C4C3)C(CCC3CC3)C2)CC1
C1CCC(C2CCC(C3CCCCC3C3CCC4CCCC4C3)CC2)CC1
C1CCC(C2CCCCC2)CC1
C1CCC(CCCCC2CCC(CC3CCC(C4CCCCC4)CC3)CC2)CC1
C1CCC(CC2CCCC(C3CCCC(CC4CCCCC4C4CCCC4)C3)C2)C1
C1CCC(CCC2CCCC(CC3CCCC3)C2)CC1
C1CCC(CCC2CCCC3CC(C4CCCCC4C4CCC5CCCCC5C4)CCC23)CC1
C1CCC(C2CCCC(CCC3CCC(CC4CCCCC4C4CCCCC4)CC3)C2)CC1
C1CCC(C2CCCC(CC3CC3)C2)CC1
C1CCC(CC2CCC(C3CCCCC3)CC2)CC1
C1CCC(CC2CCC(CCC3CCC(C4CCCCC4)CC3)CC2)CC1
C1CCC(CC2CC3CCCCC3C2)CC1
C1CCC(C2CCCCC2)CC1
C1CCC(CC2CC(C3CC(C4CCCCC4)C4CCCCC43)C3CCCCC23)CC1
C1CCC(CCC2CCC(C3CCCCC3)CC2)CC1
C1CCC(C2CCC(CC3CCCC(CC(C4CCCC4)C4CCCC4)C3)CC2)CC1
C1CCC(CC2CCC(C3CCC(C4CCCCC4)CC3)CC2)CC1
C1CCC(C2CCC(C3CCCCC3)CC2)CC1
C1CCC(CCCC2CCC(C3CCCCC3)CC2)CC1
C1CCC(C2CCCCC2C2CCC(C3CCCC3)CC2)CC1
C(CCC1CCC(CC2CCCCC2)CC1)CCC1CCC(C2CCCC2)CC1
C1CCC(C2CCCC(CCCC3CCCCC3C3CCCCC3)C2)CC1
C1CCC(C2CCC(C3CCCC(C4CCCCC4C4CCCCC4)C3)CC2)CC1
C1CCC(C2CCCC(C3CCCCC3C3CCCCC3)C2)CC1
C1CCC(CCCC2CCC(CCC3CCC(CC4CCCCC4)CC3)CC2)CC1
C1CCC(C2CCCCC2C2CCCCC2)CC1
C1CCC(CC2CCC(C3CCC4C(CC5CCCCC5)CC(CC5CCCCC5)C4C3)CC2)CC1
C1CCC(CCC2CCC(CCC3CCC(C4CCCCC4)CC3)CC2)CC1
C1CCC(CC2CCCC2C2CCCC(CC3CCCC3)C2)CC1
C1CCC(C2CCCCC2)CC1
C1CCC(C2CCC(C3CCC(CC4CCC5CCCC5C4)CC3)C(C3CCCC3)C2)CC1
C1CCC(CCCC(C2CCCCC2)C2CCCC(CC3CCCC3)C2)CC1
C1CCC(C2CCCC(C3CCCC3)C2)CC1
C1CCC(C2CCCC(C3CCCC(C4CCCCC4C4CCC5C(CCC5C5CCCC5)C4)C3)C2)C1
C1CCC(CCC2CCC(C3CCCC(CC4CC5CCCCC54)C3)CC2)CC1
C1CCC(CC2CCCC(C3CC(C4CCCCC4)CC(C4CCCCC4)C3)C2)CC1
C1CCC(CCCCC2CCC(C3CCCCC3)CC2C2CCCCC2)CC1
C1CCC(C2CCCC(CC3CCCC(C4CCCCC4)C3)C2)CC1
C1CCC(CC2CCCCC2C2CCCCC2)CC1
C1CCC(CCCCC2CCC(CC3CCCC3)CC2)CC1
C1CCC(C2CCCC(CCCCCC3CC(CCCC4CC4)C4CCCCC34)C2)CC1
C1CCC(CCC2CCC(C3CCCCC3)CC2)CC1
C1CCC(CCC2CCC(CC3CCCCC3)CC2)CC1
C1CCC(CCC2CCCCC2C2CCC(CC3CCCCC3)CC2)CC1
C1CCC(CCC2CCC(C3CCCCC3)CC2)CC1
C1CCC(CCC2CCC3C(C4CCCCC4)CC(C4CCCC(CC5CCCCC5)C4)C3C2)CC1
C1CCC(CCC2CCC(CC3CC4CCCCC4C3)CC2)CC1
C1CCC(CC2CCCCC2C2CCCCC2)CC1
C1CCC(C2CCC(C3CCCCC3)C(C3CCC4CCCC4C3)C2)CC1
C1CCC(CCCC2CCC(C3CCCCC3)C2C2CCC(CC3CC3)CC2)CC1
C1CCC(CCCCCC2CCC(CCC3CCC(CC4CCCCC4)CC3)CC2)CC1
C1CCC(C2CCC(C3CCCCC3)C(C3CCC4CCCC4C3)C2)CC1
C1CCC(CC2CC(C3CCCCC3)C3CCCCC23)CC1
C1CC(C2CCCC(CC3CCC(CC4CCC(CCC5CC5)CC4)CC3C3CCCC3)C2)C1
C1CCC(C2CCC3CC(C4CCCC(CC5CCCC5)C4)CCC32)CC1
C1CCC(CC2CC(C3CCCCC3)CC(C3CCCC3)C2)CC1
C1CCC(CC2CC(C3CCCCC3)CCC2CCC2CCCC(C3CCC3)C2)CC1
C1CCC(CCCCC2CCC(CC3CCCCC3CC3CCCCC3)CC2)CC1
C1CCC(CCC2CCCC(C3CCCCC3)C2)CC1
C1CCC(C2CCC(CCC3CCCC(C4CCCCC4)C3)CC2)CC1
C1CCC(CC2CC(CC3CC4CCCCC4C3)C3CCCCC23)CC1
C1CCC(CCCC2CCC(C3CCCCC3)CC2)CC1
C1CCC(CCC2CCCC(C3CCCCC3)C2)CC1
C1CCC(CCC2CC(C3CCCCC3C3CCC4CCCCC4C3)C3CCCCC23)CC1
C1CCC(C2CCC(C3CCCCC3C3CCCC(C4CCCC(CC5CCC5)C4)C3)CC2)CC1
C1CCC(CCCC2CC(CC3CCCCC3)CC(C(C3CCCCC3)C3CC3)C2)CC1
C1CCC(CC2CCCC(C3CC(C4CCC4)CC(C4CCC4)C3)C2)CC1
C1CCC(CC2CCC(CCC3CCC(CCCC4CC4)CC3)CC2)CC1
C1CCC(CCC2CCC(C3CCCCC3)CC2)CC1
C1CCC(C2CCC(C3CCCC(C4CCCCC4)C3)CC2)CC1
C1CCC(CCCCCC2CCC3C(CC4CCCCC4)CC(CC4CCCC4)C3C2)CC1
C1CCC(CCCC2CCC(CC3CCCCC3)CC2)CC1
C1CCC(C2CCC(CC3CCCC(C4CCCCC4)C3)CC2)CC1
C1CCC(CCCCC2CCC(CC3CCC(CCC4CCCC4)CC3)CC2)CC1
C1CCC(C2CCC(C3CCCCC3)CC2)CC1
C1CCC(CC2CCCC3CC(C4CCCCC4C4CCCCC4)CCC23)CC1
C1CCC(CC2CC(C3CCCC(C4CCCCC4)C3)CC(C3CCC4CCCC4C3)C2)CC1
C1CCC(CC2CCC(C3CCCCC3)C(C3CCC4CCCC4C3)C2)CC1
C1CCC(CC2CCC(C3CCC(C4CCCCC4C4CCC(C5CCC6CCCCC65)CC4)CC3)CC2)C1
C1CCC(CC2CCC(C3CCC4CCCC4C3)C2C2CCCCC2)CC1
C1CCC(C2CCC(C3CCCCC3C3CCC4CCCCC4C3)C2)CC1
C1CCC(CCC2CCC(C3CCCCC3)CC2)CC1
C1CCC(C2CCCC(CC3CCC4CCCCC43)C2)CC1
C1CCC(C2CCCCC2C2CCC(C3CCC(C4CCC5CCCCC5C4)CC3)CC2)CC1
C1CCC(CCC2CCCC(CC3CCCCC3C3CCCC3)C2)CC1
C1CCC(C2CCCC2C2CCC(C3CCC(C4CCCC4)CC3)CC2)CC1
C1CCC(CC2CCC(CCC3CCC(C4CCCCC4)C3)CC2)CC1
C1CCC(C2CCCC(CC3CCCC4CCC(C5CCC6CCCC6C5)C43)C2)CC1
C1CCC(C2CCCC(CCCC3CCC(CC4CCCC(C5CC5)C4)CC3)C2)CC1
C1CCC(CC2CCC(CCCC3CCCC(C4CC4)C3)CC2)CC1
C1CCC(CC2CCC(CC3CCC(CC4CC(C5CCCCC5)C5CCCCC45)CC3)CC2)CC1
C1CCC(C2CCCCC2C2CCC3CCCC3C2)CC1
C1CCC(CCC2CCC(CC3CCC(CCC4CCCCC4)CC3)CC2)CC1
C1CCC(C2CCCC(CC3CCCC3)C2)CC1
C1CCC(CCCC2CCCCC2C2CCCCC2)CC1
C1CCC(CC2CCC(C3CCCCC3)CC2)CC1
C1CCC(CC2CCCCC2C2CCCC(C3CCC3)C2)CC1
C1CCC(CCCC2CCCC(C3CCC4CC(CCC5CCCCC5)CCC43)C2)CC1
C1CCC(CCC2CCCC(C3CC(C4CCCCC4)CC(C4CCC4)C3)C2)CC1
C1CCC(CCC2CCC(C3CCC(C4CCCCC4)CC3)C(C3CCCCC3)C2)CC1
C1CCC(CC2CCCC(C3CCCCC3C3CCCCC3)C2)CC1
C1CCC(C2CC(C3CCCCC3)C3CCCCC23)CC1
C1CCC(CC2CCC(CCCCC3CCCC(C4CCCC4)C3)CC2)CC1
C1CCC(CCC2CCC(CC3CCCCC3)CC2)CC1
C1CCC(CC2CCC(C3CCCC3)CC2)CC1
C1CCC(CCC2CCC(CC3CCC(CCCC4CCCC(C5CCC5)C4)CC3)CC2)CC1
C1CCC2CC(C3CCCCC3CCC3CCCC4CCCCC43)CCC2C1
C1CCC(C2CCCC(CC3CCCC3)C2)CC1
C1CCC(CC2CCCCC2C2CCCCC2)CC1
C1CCC(CCCC2CCC(C3CCCCC3)CC2)CC1
C1CCC(CCC2CCCC(CC3CCCCC3)C2)CC1
C1CCC(C2CCC(C3CCC4CCCCC43)CC2)CC1
C1CCC(CCC2CCC(CC3CC3)CC2)CC1
C1CCC(C2CCCC(CC3CCCC(CCC4CC5CCCCC5C4)C3)C2)CC1
C1CCC(C2CCCCC2CC2CCC(C3CCCC(CC4CC4)C3)CC2)CC1
C1CCC(CCC2CCCCC2)CC1
C1CCC(C2CCCC(C3CCCC(CCCCC4CCCCC4C4CCCCC4)C3)C2)CC1
C1CCC(C2CCC3CC(C4CCCC(C5CCCCC5C5CCCC5)C4)CCC32)CC1
C1CCC(C2CCCC(CC3CCC4CCCCC43)C2)CC1
C1CCC(CC2CCCC3CC(C4CCCCC4)CCC23)CC1
C1CCC(CC2CCC(CC3CCC(C4CCCCC4)CC3)CC2)CC1
C1CCC(C2CCC(C3CCCCC3)C(C3CCCCC3)C2)CC1
C1CCC(CC2CCC(C(C3CCCCC3)C3CCCCC3)CC2)CC1
C1CCC(CC2CCCC(C3CCCC(C4CCCCC4)C3)C2)CC1
C1CCC(CC2CCCC(C3CCC(C4CCCCC4)CC3)C2)CC1
C1CCC(CC2CCCC(C3CCC4CCCC4C3)C2)CC1
C1CCC(C2CCC(CCC3CCC(CC4CCC5CCCC5C4)CC3)CC2)CC1
C1CCC(CC2CCC(C3CCCCC3)CC2)CC1
C1CCC(CC2CCCCC2C2CC(C(CC3CCCCC3)C3CCCCC3)C3CCCCC23)CC1
C1CCC(CCCCC2CCC(C3CCCCC3)CC2)CC1
C1CCC(CCC2CC(C3CCC3)C3CC(CC4CCC(C5CCCCC5)CC4)CCC23)CC1
C1CCC(CCC2CCCC(CC3CCCC(C4CCCCC4)C3)C2)CC1
C1CCC(CC2CCC(C3CCCC(C4CCC(CC5CCCC5)CC4)C3)CC2)C1
C1CCC(C2CCC3CC(C4CCC5CCCCC5C4)CCC3C2)CC1
C1CCC(CCCC2CCCC(C3CCCC(CCC4CCCCC4)C3)C2)CC1
C1CC(C2CCC(C3CCC(CC4CC4)CC3)CC2)C1
C1CCC(C2CCCCC2C2CCC(C3CCCC(C4CCCC4)C3)CC2)CC1
C1CCC(CC2CCC(CC3CCCC(C4CCCCC4)C3)CC2)CC1
C1CCC(C2CCCCC2C2CCC(C3CCCC(C4CCCC4)C3)CC2)CC1
C1CCC(C2CCCCC2)CC1
C1CCC(CC2CCCCC2)CC1
C1CCC(CC2CCCC(C3CC(CC4CCCC4)C4CCCCC43)C2)CC1
C1CCC(C2CC(C3CCC3)CC(C3CCCCC3C3CCCCC3)C2)CC1
C1CCC(CC2CCC(C3CCCCC3C3CCCC3)CC2)CC1
C1CCC(C2CCCC(C3CCCC(C4CC(CC5CCC5)CC(C5CCC5)C4)C3)C2)CC1
C1CCC(CC2CCCC(C3CCCC(CCC4CCC5CCCC5C4)C3)C2)CC1
C1CCC(CC2CCC(C3CCCC(C4CCCCC4)C3)CC2)CC1
C1CCC(CC2CCC(C3CCCCC3)CC2C2CCCC2)CC1
C1CCC(CC2CCC(C3CCCC(C4CCCC(CC5CCCCC5)C4)C3)CC2)CC1
C1CCC(C2CCC(CC3CC(CC4CCCC4)C4CCCCC34)CC2)CC1
C1CCC(C2CCC(CCC3CCCC(C4CCC5CCCCC5C4)C3)CC2)CC1
C1CCC(CC2CCC(C3CCC(CCCC4CCC5CCCCC5C4)CC3)C(C3CCCC3)C2)CC1
C1CCC(CC2CCC(C3CCCCC3)CC2)CC1
C1CCC(CC2CCC(CC3CCCC(CC4CCCCC4)C3)CC2)CC1
C1CCC(CC2CCC(C3CC(C4CCCC(CC5CCCC5)C4)C4CCCCC34)CC2)CC1
C1CCC(C2CCCC(CC3CCCCC3C3CCCCC3)C2)CC1
C1CCC(C2CCC(CCC3CCC(C4CCC(C5CCCCC5)C(C5CCCC5)C4)CC3)CC2)CC1
C1CCC(CC(CC2CCC(C3CCCCC3)CC2)C2CCCCC2)CC1
C1CCC(C2CCC3CCCCC3C2)CC1
C1CCC(CC2CCC(C3CCCCC3)C(C3CCC(C4CCCCC4)CC3)C2)CC1
C1CCC(CCCC2CCC(CCC3CCCC(C4CCCCC4)C3)CC2)CC1
C1CCC(CCC2CCC(CC3CCCCC3)CC2)CC1
C1CCC(CC2CCCCC2C2CCC(C3CCC4CCCC4C3)CC2)CC1
C1CCC(CCCCC2CCC(CC3CCCCC3)CC2)CC1
C1CCC(CC2CCC(C3CCCCC3)CC2CC2CCC3CCCC3C2)CC1
C1CCC(C2CCC(C3CCCCC3C3CCCCC3)CC2)CC1
C1CCC(C2CCC(CC3CCC(CCC4CCC5CCCCC54)CC3)CC2)CC1
C1CCC(CCCCC2CC(CC3CCCCC3)CCC2CCC2CCCCC2)CC1
C1CCC(CC2CCC(CCC3CCCC(C4CCCCC4)C3)CC2)CC1
C1CCC(CC2CCCCC2C2CCCCC2C2CCCCC2)CC1
C1CCC(CC(CC2CCCC(C3CCCCC3)C2)C2CCCCC2)CC1
C1CCC(CCCC2C(CCC3CCCCC3)CCC2C2CCCCC2)CC1
C1CCC(CCC2CCC(CC3CC4CCCCC4C3)C(C3CCCCC3)C2)CC1
C1CCC(CC2CCC(CC3CCCCC3C3CCCCC3)CC2)CC1
C1CCC(CCC2CC(C3CCC3)C3CC(C4CCCCC4C4CCCCC4)CCC23)CC1
C1CCC(CCCC2CCCCC2C2CCCCC2)CC1
C1CCC(CCC2CCC(C3CC(C4CCC4)CCC3C3CCC4CCCCC43)CC2)CC1
C1CCC(CC2CCCC(CC3CCCC(C4CCCCC4)C3)C2)CC1
C1CCC(C2CCC(CC3CCC(CC4CCC(CC5CC6CCCCC6C5)CC4)CC3)CC2)CC1
C1CCC(CCC2CCCC(CC3CCC(C4CCCCC4)CC3)C2)CC1
C1CCC(C2CCC(CC3CCC4C(CCCC4C4CCCC4)C3)CC2C2CCCCC2)CC1
C1CCC(CCC2CCC(CC3CCC(CC4CCCCC4)CC3)CC2)CC1
C1CCC(C2CCCC(C3CCCC(C4CCCC4)C3)C2)CC1
C1CCC(C2CCCC2C2CCC3CCCCC3C2)CC1
C1CCC(CCCCC2CCC(CC3CCCCC3)CC2C2CC2)CC1
C1CCC(CCC2CCC(CC3CCCC(CCC4CCCC(C5CCCC5)C4)C3)CC2)CC1
C1CCC(CCCCC2CCC(CC3CCCCC3)CC2)CC1
C1CCC(C2CCCC(CCC3CCCC(C4CCC5CCCCC54)C3)C2)CC1
C1CCC(CC2CC(C3CCCCC3)CCC2C2CCCCC2)CC1
C1CCC(CCC2CCC(CC3CCCCC3)CC2)CC1
C1CCC(C2CCCC(CC3CC(C4CCCC(C5CC6CCCCC6C5)C4)C4CCCCC34)C2)CC1
C1CCC(CC2CCCCC2CC2CCCCC2)CC1
C1CCC(CCC2CCC(C3CCC(C4CCCCC4)CC3)CC2)CC1
C1CCC(C2CCC(C3CCC(CCCC4CCC(CC5CCCC5)CC4)CC3)CC2)CC1
C1CCC(C2CCC(C3CCC(CC4CCC(C5CCCC5)C4)CC3)CC2)CC1
C1CCC(C2CCC(CCC3CCCC(C4CCCCC4)C3)CC2)CC1
C1CCC(CCCC2CCC(CC3CCCCC3)CC2)CC1
C1CC2CCC(CC3CCCC(C4CCCC(C5CCC6CCCC6C5)C4)C3)CC2C1
C1CCC(CCCC2CC(CC3CCCCC3)CCC2CC2CCCCC2)CC1
C1CCC(CC2CCCCC2CCC2CCCCC2C2CCCC2)C1
C1CCC(CC2CCCC(CCC3CCCC(CC4CCC4)C3)C2)C1
C1CCC2CC(CC3CCCC(C4CCC5CC(C6CCC7CCCCC76)CCC5C4)C3)CC2C1
C1CCC(CC2CCC(CC3CCCCC3)CC2)CC1
C1CCC(C2CC(C3CCC4CCCCC43)C3CCCCC23)CC1
C1CCC(CCC2CC(CCC3CCCCC3)CC(C3CCCCC3)C2)CC1
C1CCC(CCCC2CCCC(CCC3CCCCC3)C2)CC1
C1CCC(C2CCCCC2)CC1
C1CCC(CC2CCCC(CCCC3CCCCC3C3CCCCC3)C2)CC1
C1CCC(C2CCCCC2)CC1
C1CCC(C2CCCC(CC3CCCC(C4CCCCC4)C3)C2)CC1
C1CCC(CC2CCC3C(C2)C(CC2CCCCC2)CC3C2CCCCC2)CC1
C1CCC(C2CCC(C3CCCC(C4CCCCC4)C3)CC2)CC1
C1CCC(CCC2CCC(CC3CCCCC3)CC2C2CCCCC2)CC1
C1CCC(CC2CCC(CCCC3CCC(C4CCCCC4)CC3)CC2)CC1
C1CCC(CC2CCC(CC3CCC(C4CCCCC4)C3)CC2)CC1
C1CCC(CCC2CCC(C3CCCC(C4CC4)C3)CC2)CC1
C1CCC(CC2CCCCC2CCCC2CCCC3CC(C4CCCCC4)CCC23)CC1
C1CCC(CCC2CCC(CCC3CCC(C4CC(CC5CCCCC5)C5CCCCC54)CC3)CC2)CC1
C1CCC(CC2CCCCC2CCC2CCC(C3CCCC3)CC2)CC1
C1CCC(CC2CCC(CC3CCCC(C4CCC(C5CCC5)CC4)C3)CC2)CC1
C1CCC(CC2CCC(C3CCCC(C4CCCC4)C3)CC2)CC1
C1CCC(C2CCCCC2C2CCC3C(CC(C4CCC5CCCC5C4)CC3C3CCC3)C2)CC1
C1CCC(CC2CC(CC3CCCC(CCC4CCC(C5CCCCC5)CC4)C3)C3CCCCC23)CC1
C1CCC(CC2CCC(C3CCCCC3)CC2C2CCCCC2)CC1
C1CCC(CCCCC2CCC(CC3CCCCC3)CC2)CC1
C1CCC(CC2CCC(CC3CC(C4CCCCC4)CC(C4CCCC4)C3)CC2)CC1
C1CCC(CC2CCC(C3CCCC(C4CCCC4)C3)CC2)CC1
C1CCC(CC2CCC(CCCC3CCCC(CC4CCCCC4)C3)CC2)CC1
C1CCC(CC2CCCCC2CC2CCCCC2)CC1
C1CCC(CCCC2CCC(CC3CCC(C4CCCCC4)CC3)CC2)CC1
C1CCC(C2CCC(CCCC3CCCC(C4CCCCC4)C3)CC2)CC1
C1CCC(CCC2CCC(CCCC3CCC4C(CCC4C4CCCCC4)C3)CC2)CC1
C1CCC(CC2CCC(C3CCCCC3)CC2)CC1
C1CCC(CC2CCC(CCCCC3CCCC(CC4CCCCC4)C3)CC2)CC1
C1CCC(CCCC2CCCC(CCCC3CCCC(CC4CCC5CCCCC54)C3)C2)CC1
C1CCC(CC2CCC(CC3CCCC(CC4CCCC4)C3)CC2)CC1
C1CCC(C2CCCC(C3CCCCC3)C2)CC1
C1CCC(C2CCCC(C3CCCC(CCCC4CCCC4)C3)C2)CC1
C1CCC(CC2CCC(CCC(C3CCCCC3)C3CCCCC3)CC2)CC1
C1CCC(CCC2CCC(CC3CCCCC3)CC2)CC1
C1CCC(CC2CCCC(C3CCCCC3)C2)CC1
C1CCC(CC2CCC3CCC(C4CCCCC4)C3C2)CC1
C1CCC(CCC2CCC(C3CCCCC3C3CCCCC3)CC2)CC1
C1CCC(C2CCCC(CCC3CCC(C4CC(C5CCCCC5)C4)CC3)C2)CC1
C1CCC(CCCCC2CCCC(C3CCC(C4CCCCC4)CC3)C2)CC1
C1CCC(CC2CCC(C3CCCCC3)CC2)CC1
C1CCC(C2CC(C3CCC(C4CCCC(CC5CC5)C4)CC3)C3CCCCC23)CC1
C1CCC(CC2CCC(C3CCC4CC(C5CCC(CCCC6CCCC(C7CC7)C6)CC5)CCC43)CC2)CC1
C1CCC(CC(CC2CCC(C3CCCCC3)CC2)C2CCCC(CCC3CC4CCCCC4C3)C2)CC1
C1CCC(CC2CCC(CCCCC3CC(C4CCCCC4)CC(C4CCC4)C3)CC2)CC1
C1CCC(CCC2CC(C3CCCCC3)C(CC3CCCCC3)C(C3CCCCC3)C2)CC1
C1CCC(CCCC2CC(CC3CCC4CCCCC4C3)C3CCCCC23)CC1
C1CCC(CC2CC(CC3CCC(C4CCCC4)CC3)CC(C3CC3)C2)CC1
C1CCC(CC2CCC(C3CCCCC3)CC2)CC1
C1CCC(CCC2CCC(C3CCC4CCCCC4C3)CC2)CC1
C1CCC(CCC2CCC(C3CCCCC3)C2)CC1
C1CCC(CC2CCCCC2CCC2CCCC2CC2CCC(C3CCCC3)CC2)CC1
C1CCC(C2CCC(C3CCCC3)CC2)CC1
C1CCC(CC2CC(C3CCCCC3)C3CC(CC4CCC5CCCCC54)CCC23)CC1
C1CC2CCC(CC3CCC(C4CCCCC4C4CCC5CCCCC54)CC3)CC2C1
C1CCC(C2CCC3C(CCCC3C3CCCCC3)C2)CC1
C1CCC(CC2CCC(C3CCC(CC4C(C5CCCCC5)CCCC4C4CCCC4)CC3)CC2)CC1
C1CCC(C2CCCCC2C2CCC(C3CCC(CC4CCC5CCCCC54)CC3)CC2)CC1
C1CCC(CCC2CC(C3CCCCC3)CC(C3CCCC(C4CCCC4)C3)C2)CC1
C1CCC(C2CCCC(C3CCC(C4CCCC(C5CCCCC5)C4)C3)C2)CC1
C1CCC(CC2CCC(CC3CCCC(C4CCCCC4)C3)CC2)CC1
C1CCC(CC2CCCCC2)CC1
C1CCC(C2CCC(CC3CCC(C4CCC5CCCCC5C4)CC3)CC2)CC1
C1CCC(CC2CCC(C3CCC(C4CCCCC4)CC3)C(C3CCCC3)C2)CC1
C1CCC(CC2CCC(CC3CCCC(CC4CCCCC4)C3)CC2)CC1
C1CCC(C2CCCCC2C2CCCC(C3CCCCC3C3CC4CCCCC4C3)C2)CC1
C1CCC(CCCCCC2CCC3C(CCCC3C3CCC(C4CCCCC4)CC3)C2)CC1
C1CCC(CCC2CCC(C3CCCCC3)CC2)CC1
C1CCC(C2CCC(C3CCCCC3)C(C3CCCCC3)C2)CC1
C1CCC(C2CC(C3CCCCC3)CC(C3CC3)C2)CC1
C1CCC(CC2CCC(C3CCCC(CC4CCCCC4)C3)CC2)CC1
C1CCC(CCCC2CCCC(C(CCC3CCC4CCCCC43)C3CCCCC3)C2)CC1
C1CCC(CCCC2CCC(C3CCCCC3)CC2)CC1
C1CCC(CC2CC3CC(C4CCCCC4CC4CCCCC4)CCC3C(C3CC3)C2)CC1
C1CCC(CCC2CCCCC2)CC1
C1CCC(CC2CCC(CC3CCC(CC4CCC(C5CCCC5)CC4C4CCCC(C5CC5)C4)CC3)CC2)CC1
C1CCC(C2CCC(C3CCC(CC4CCCC4)CC3)CC2)CC1
C1CCC(C2CC(C3CCCCC3)CC(C3CCC3)C2)CC1
C1CCC(CC2CCCCC2CCC2CC3CCCCC3C2)CC1
C1CCC(CCC2CCCC(C3CCC(C4CCCCC4)CC3)C2C2CCCC2)CC1
C1CCC(C2CCCCC2C2CCCCC2C2CCCCC2)CC1
C1CCC(CC2CCCCC2C2CCCCC2)CC1
C1CCC(CCCC2CCC(C3CCCCC3)CC2)CC1
C1CCC(CCCC2CC(C3CCCC3)CC(C3CCCC(C4CCCCC4)C3)C2)CC1
C1CCC(C2CCCC2CC2CCC(C3CCCC(C4CCCC4)C3)CC2)CC1
C1CCC(C2CCC(C3CC(C4CCCCC4)C3)CC2)CC1
C1CCC(C2CCCC(CC3CCC(CCC4CCC(C5CCCC5)C4)CC3)C2)CC1
C1CCC(C2CC3CCC(C4CCC(C5CC5)CC4)CC3C(C3CCCCC3)C2)CC1
C1CCC(CC2CCC(CCC3CCCC(CCC4CCC(C5CCCC5)CC4)C3)CC2)CC1
C1CCC(C2CCCCC2)CC1
C1CCC(CC2CCC(CCCC3CCC(C4CCCC5CCCCC54)CC3)CC2)CC1
C1CCC(C2CCC(CCC3CCCC(C4CCCC4)C3)C(C3CCCCC3)C2)CC1
C1CCC(C2CCC3CCC(C4CCCCC4)CC3C2)CC1
C1CCC(CCC2CCC(CC3CCC(CC4CCCCC4)CC3C3CCCCC3)CC2)CC1
C1CCC(CC2CCC3CCC(C4CCCC4)C3C2)CC1
C1CCC(CCC2CCC(CC3CCC(CC4CCCCC4)CC3)CC2)CC1
C1CCC(C2CCCC(CCCCC3CCCCC3C3CCCC3)C2)CC1
C1CCC(C2CCC(C3CCCCC3C3CCCCC3)CC2)CC1
C1CCC(CC2CCCCC2CC2CCC(C3CCC(C4CCCCC4)CC3)CC2)CC1
C1CCC(CC2CCCC(CC3CCC(C4CCCCC4)CC3)C2)CC1
C1CCC(C(C2CCCCC2)C2CCCCC2CCC2CCCC2)CC1
C1CCC(CCCCCC2CCC(CC3CCC(C4CCCCC4)CC3)CC2)CC1
C1CCC(CCC2CCCC(C3CC(C4CCCCC4)CC(C4CC5CCCCC5C4)C3)C2)CC1
C1CCC(CC2CCCCC2)CC1
C1CCC(C2CCC3CCC(C4CCC5CCCCC5C4)C3C2)CC1
C1CCC(CCC2CCCCC2)CC1
C1CC(CCC2CC3CCCCC3C2)CC(CC2CC2)C1
C1CCC(CCC2CCC(CC3CCCCC3)CC2)CC1
C1CCC(CCC2CCC(CCC3CCCCC3)CC2)CC1
C1CCC(CC2CCCCC2CCC2CCC(C3CCCCC3)CC2)CC1
C1CCC(CC2CCCCC2C2CCCC(C3CCCCC3)C2)CC1
C1CCC(CC2CCCCC2CC2CCCCC2)CC1
C1CCC(CCCCC2CCC(CCC3CCC(C4CCCCC4)CC3)CC2)CC1
C1CCC(CCCCCC2CCCC(C3CCCCC3)C2)CC1
C1CCC(CC2CCCCC2C2CCCCC2)CC1
C1CCC(CC2CCCC(C3CCCCC3)C2)CC1
C1CCC(C2CCCCC2C2CCC3CCCCC32)CC1
C1CCC(CCCC2CCC(CCC3CCCCC3)CC2)CC1
C1CCC(CCCCC2CCC(C3CCCC(C4CCCCC4)C3)CC2)CC1
C1CCC(CC2CCC(CC3CCC(C4CC5CCCCC5C4)CC3)CC2)CC1
C1CCC(CCC2CC(CC3CCC4CCCCC43)CC3CCCCC32)CC1
C1CCC(CC2CCCCC2C2CCCC(C3CCCCC3)C2)CC1
C1CCC(C2CCCC(CC3CCC4CCCCC4C3)C2)CC1
C1CCC(C2CCCC3CCCCC32)CC1
C1CCC(C2CCC(C3CCC4CCCCC43)C(C3CCCC3)C2)CC1
C1CCC(C2CCCC(C3CCCC(CC4CCC5CCCCC54)C3)C2)CC1
C1CCC(CC2CC(CC3CCCCC3)CC(C3CCCCC3)C2)CC1
C1CCC2CC(C3CCCCC3CC3CCCCC3C3CCCC3)CCC2C1
C1CCC(C2CCC(C3CCCC3C3CCCCC3)CC2)CC1
C1CCC(CC2CCC(CCC3CCC(C4CCCCC4)CC3)CC2)CC1
C1CCC(C2CCCC(C3CCCCC3)C2)CC1
C1CCC(CCC2CCC(CC3CCCCC3)C(CCC3CCCCC3)C2)CC1
C1CCC(C2CCC(CC3CCC(C4CCCC(C5CCCCC5)C4)C3)CC2)CC1
C1CCC(CC2CCC(CCC3CC(CC4CCCCC4)CCC3C3CCCC3)CC2)CC1
C1CCC(CCC2CCC(CC3CCCC(CC4CCCCC4)C3)CC2)CC1
C1CCC(CC2CCCC(C3CCCCC3C3CCCCC3)C2)CC1
C1CCC(CCC(CCC2CCC3CCCCC3C2)C2CCC2)CC1
C1CCC(CC2CC(C3CCC4CCCCC43)CC3CCCCC32)CC1
C1CCC(CCCCC2CCC(CC3CCC(CCCCC4CCCC4)CC3)CC2)CC1
C1CCC(CC2CCCCC2C2CCCCC2CC2CCC(C3CCCCC3)CC2)CC1
C1CCC(C2CCCC(C3CCCC(CC4CC5CCCCC5C4)C3)C2)CC1
C1CCC(C2CCC(C(C3CCCCC3)C3CCC(CCC4CCC5CCCCC54)CC3)CC2)CC1
C1CCC(CC2CC(C3CCCCC3)CC(C3CCCCC3)C2)CC1
C1CCC(C2CCC(C3CCCCC3C3CCCCC3)CC2)CC1
C1CCC(CCC2CCCC(C3CCCCC3)C2)CC1
C1CCC(CC2CC(CC3CCCC(C4CCCCC4)C3)C3CCCCC23)CC1
C1CCC(C2CCC(C3CCCC(C4CCCCC4)C3)CC2)CC1
C1CCC(C2CCCC(C3CC(CCCC4CCC4)CCC3C3CCCCC3)C2)CC1
C1CCC(CC2CCC(CC3CCC(C4CCCC(CC5CC5)C4)CC3)CC2)CC1
C1CCC(CCC2CCC(C3CCC(C4CCCCC4)CC3)CC2)CC1
C1CCC(CC2CCC(C3CCCCC3)C(C3CCCCC3)C2)CC1
C1CCC(CCCC2CCC(CC3CCCCC3)CC2CC2CCCCC2)CC1
C1CCC(CCC2CCC(C3CCCCC3)CC2)CC1
C1CCC(CC2CCC(CCC3CCCCC3C3CCCCC3)CC2)CC1
C1CCC(CC2CCC(C3CCC(CC4CCCCC4)CC3)CC2)CC1
C1CCC(CCCCC2CCC(CC3CCCCC3)CC2)CC1
C1CCC(CC2CCCC(CCC3CCC(CCC4CCCCC4C4CCCCC4)CC3)C2)CC1
C1CCC(CC2CCCC(C3CCC4CCCC4C3)C2)CC1
C1CCC(CCC2CCCC(C3CCC(C4CCCCC4)CC3)C2)CC1
C1CCC(CCC2CCC(C3CCCCC3)C(C3CCCCC3)C2)CC1
C1CCC(CCC2CCC(C3CCC(CC4CCC5CCCCC54)CC3)C(C3CCCCC3)C2)CC1
C1CCC(CC2CCC(CC3CCCC(C4CCCCC4)C3)CC2)CC1
C1CCC(C2CCC(CC3CCC4CCCCC43)CC2)CC1
C1CCC(CC2CCC(CC3CCC(CC4CCCCC4)CC3)CC2)CC1
C1CCC(C2CCC3CCCCC32)CC1
C1CCC(CC2CCC(C3CCC4CCCC4C3)C(C3CCC4CCCC4C3)C2)CC1
C1CCC(CC2CCCC(CC3CCC(C4CCCC(CC5CC6CCCCC6C5)C4)CC3)C2)CC1
C1CCC(CCC2CCC(CC3CCCCC3)C(CC3CCCCC3)C2)CC1
C1CCC(CC2CCC(CCC3CCCC(C4CCC4)C3)CC2)CC1
C1CCC(CC2CCCCC2)CC1
C1CCC(CC2CCCCC2C2CCC(C3CCCC3)C(C3CCCC3)C2)CC1
C1CCC(CC2CCC(CC3CCCCC3)CC2)CC1
C(CC1CCC(C2CCCC(C3CCC3)C2)CC1)CC1CCCC(C2CCC(C3CCC3)CC2)C1
C1CCC(CC2CCCC(C3CCCC(C4CCCC4)C3)C2)CC1
C1CCC(C2CCCCC2)CC1
C1CCC(CCCCCC2CCC(CC3CCCCC3)CC2)CC1
C1CCC(CC2CCCC(C3CCCC(C4CCCCC4)C3)C2)CC1
C1CCC(C2CCC(C3CC4CCC(C5CCCCC5C5CCCC5)CC4C3)CC2)CC1
C1CCC(CC2CCC(C3CCC4CCCCC43)CC2)CC1
C1CCC(C2CCCCC2C2CCCCC2)CC1
C1CCC(CC2CCCC(C3CCCC(C4CCC(CCC5CC5)CC4)C3)C2)CC1
C1CCC(CCC2CC3CC(C4CCC5CCCC5C4)CCC3C(C3CC3)C2)CC1
C1CCC(C2CCC(CC3CCCC3)CC2)CC1
C1CCC(CC2CCCC(C3CCCC(CC4CCCCC4)C3)C2)CC1
C1CCC(C2CCCC(CC3CCC3)C2)CC1
C1CCC(CC2CCCC(C3CCCC(C4CCCCC4)C3)C2)CC1
C1CCC(CCCCC2CCC(CC3CCC(CC4CCCCC4)CC3)CC2)CC1
C1CCC(C2CCC(C3CCCC(C4CCCC4)C3)C(C3CCCC3)C2)CC1
C1CCC(CC2CCC(C3CCC(CC4CCCCC4)CC3)CC2)CC1
C1CCC(CC2CC(C3CCCCC3)CC(C3CCC4CCCC4C3)C2)CC1
C1CCC(C2CCC3C(C2)CC(C2CCC4CCCCC42)CC3C2CCCCC2)CC1
C1CCC(CCC2CCCCC2)CC1
C1CCC(CC2CCC(CC3CCC(CC4CCC(C5CCCC(C6CCCC6)C5)CC4)CC3)CC2)CC1
C1CCC(CC2CCC(CC3CCCCC3C3CCC(CC4CC5CCCCC5C4)CC3)CC2)CC1
C1CCC(CC2CCC(CCCC(CC3CCCCC3)CC3CCCCC3)CC2)CC1
C1CCC(C2CCC(C3CCC(C4CC5CCCCC5C4)CC3)C(C3CCCCC3)C2)CC1
C(CCCC1CCCC(CCC2CCCCC2)C1)CCC1CCCCC1
C1CCC(CC2CCCC(CC3CCC(C4CCCC4)CC3)C2)CC1
C1CCC(C2CCCC(CC3CCCCC3C3CCCCC3)C2)CC1
C1CCC(CC2CCC3CC(C4CCC5CCCCC54)CC(C4CCCCC4)C3C2)CC1
C1CCC(CC2CCC(C3CC(C4CCC(C5CCCC5)CC4)C4CCCCC34)CC2)C1
C1CCC(CCC2CCC(CC3CCCC(CC4CCC(C5CCCCC5)C4)C3)CC2)CC1
C1CCC(CCC2CCCC(C3CCC(C4CCCCC4)C(C4CCCCC4)C3)C2)CC1
C1CCC(CCC2CCCCC2)CC1
C1CCC(C2CCCC(CC3CC4CCCC(C5CCCC5)C4C3)C2)CC1
C1CCC(CCCCCC2CCC(CC3CCCCC3)CC2)CC1
C1CCC(CC2CCCC(C3CCCCC3)C2)CC1
C1CCC(CC2CCC(CCC3CCCC(C4CCCCC4)C3)CC2)CC1
C1CCC(CCC2CCC(C3CCCCC3)C(C3CCC4CCCCC4C3)C2)CC1
C1CCC(CC2CC(C3CCCCC3)C3CC(CCCC4CC4)CCC23)CC1
C1CCC(CCC2CC(CC3CCC(C4CCCCC4)CC3)CC(C3CCCCC3)C2)CC1
C1CCC(C2CCC(C3CCC(CCCC4CC(C5CCCCC5)CC(C5CCCC5)C4)CC3)CC2)CC1
C1CCC(CC2CCCCC2C2CCC3CCC(C4CCCCC4)CC3C2)CC1
C1CCC(CC2CCCC(C(C3CCCCC3)C3CCCC(CC4CC4)C3)C2)CC1
C1CCC(C2CCCC(CC3CCCC(CC4CCCC4)C3)C2)CC1
C1CCC(CC2CCC(C3CCCCC3)CC2)CC1
C1CCC(C2CCC(C3CCCC(CCC4CCCC(C5CCCCC5)C4)C3)CC2)CC1
C1CCC(CCC2CCC(CCC3CCCC(CCC4CCCCC4)C3)CC2)CC1
C1CCC(C2CCCCC2C2CCC(CC3CCC(C4CCC(C5CCCC5)CC4)CC3)CC2)CC1
C1CCC(CC2CCC(C3CCC4CCCCC43)CC2)CC1
C1CCC(CCCC2CC3CCC(C4CCCCC4)CC3C(C3CCCCC3)C2)CC1
C1CCC(CCC2CCCC(CCC3CCCCC3)C2)CC1
C1CCC(CC2CCC(C3CCC(CC4CCC5CCCC5C4)CC3)CC2)CC1
C1CCC(CCCC2CCC(CCC3CCCCC3)C(C3CCCCC3)C2)CC1
C1CCC(CC2CCCCC2C2CCC(C3CCCCC3)CC2)CC1
C1CCC(CCCC2CC(C3CCC3)CC(C3CCCC(CC4CCCCC4)C3)C2)CC1
C1CCC(C2CC(CC3CCCC3)CC(C3CCCC(C4CCC4)C3)C2)CC1
C1CCC(C2CCC(CCC3CC(C4CC4)CCC3C3CCCCC3)CC2)CC1
C1CCC(CC2CCC(C3CCC(C4CCCCC4)CC3)C(C3CCCCC3)C2)CC1
C1CCC(CC2CC3CCCCC3C(CC3CCC4CCCC4C3)C2)CC1
C1CCC(CC2CCCC(C3CCCCC3C3CCCCC3)C2)CC1
C1CCC(CCCC2CCC(CC3CCCCC3CC3CCCCC3)CC2)CC1
C1CCC(C2CCCCC2CCC2CCCCC2C2CCCCC2)CC1
C1CCC(CC2CCCCC2C2CCCC(C3CCCCC3)C2)CC1
C1CCC(CCC2CC(C3CCCCC3)CC(C3CCCC(C4CCCCC4)C3)C2)CC1
C1CCC(CCCC2CCC(C3CCC4CCCCC4C3)CC2)CC1
C1CCC(C2CCC(C3CCC4CCCCC4C3)CC2)CC1
C1CCC(CCC2CCCCC2)CC1
C1CCC(C2CC(C3CCCCC3)CC(C(C3CCCCC3)C3CC3)C2)CC1
C1CCC(CC2CCC(CCC3CC(CC4CC4)CCC3C3CCCCC3)CC2)CC1
C1CCC(CC2CCCCC2C2CCC(C3CCC(C4CC(C5CCCCC5)C4)CC3)CC2)CC1
C1CCC(CC2CCCC(CCC3CCCC(C4CCCCC4)C3)C2)CC1
C1CCC(C2CCC(C3CC(C4CCCCC4)C4CCCCC34)CC2)CC1
C1CCC(CC2CCC(CC3CCC(C4CCCC(C5CCCC5)C4)CC3)CC2)CC1
C1CCC(CCC2CCCC(C3CCC(CC4CCCCC4)CC3)C2)CC1
C1CCC(CCC2CCC(CC3CCCCC3)CC2)CC1
C1CCC(CCCC2CCCCC2CCC2CCC(CC3CCCCC3)CC2)CC1
C1CCC(CCCC2CCCC(C3CCCCC3)C2)CC1
C1CCC(CCC2CCC(C3CCC(C4CCC5CCCCC54)CC3)CC2)CC1
C1CCC(C2CCCCC2CCC2CCCCC2C2CCCCC2C2CCCCC2)CC1
C1CCC(C2CCC(C3CCCCC3)CC2)CC1
C1CCC(CC2CCC(CC3CCCC3)CC2)CC1
C1CCC(CC2CCCCC2)CC1
C1CCC(C2CCCC(C3CCCC(C4CC4)C3)C2)CC1
C1CCC(CC2CCCCC2C2CCCCC2)CC1
C1CCC(CC2CCCC(CCCC3CCC(CC4CCCC4)CC3)C2)CC1
C1CCC(C2CCCC(CC3CCCCC3C3CCCCC3)C2)CC1
C1CCC(CCC2CCCC(C3CC(CCC4CCCCC4)CC(C4CC4)C3)C2)CC1
C1CCC(CC2CCCCC2CC2CCC3CCCCC32)CC1
C1CCC(CC2CCC(CCCC3CCCC(CC4CCCCC4)C3)CC2)CC1
C1CCC(CCCC2CCCC(C3CCCCC3)C2)CC1
C1CCC(C2CCCC(C3CCCC(C4CCC4)C3)C2)CC1
C1CCC(CCC2CCC3C(CC4CCCC(C5CCC5)C4)CC(CCC4CCCC4)C3C2)CC1
C1CCC(CC2CCCC(CC3CCC4CC(C5CCCCC5)CCC4C3)C2)CC1
C1CCC(CCCCC2CCCC(C3CCCC(C4CC4)C3)C2)CC1
C1CCC(CC2CCC(C3CCC(C4CCC5CCCCC5C4)CC3)CC2)CC1
C1CCC(CC2CCC(C3CCC(CC4CCCCC4)C(CC4CCCC4)C3)C2)CC1
C1CCC(CCC2CCCC(C3CC(CC4CCCCC4)C4CCCCC43)C2)CC1
C1CCC(CC2CCC(CC3CCCCC3)CC2)CC1
C1CCC(CC2CCC(CC3CCC(C4CCCCC4)CC3)CC2)CC1
C1CCC(C2CCC(C3CCCCC3C3CCCCC3)C3CCCCC23)CC1
C1CCC(CC2CCCC(C3CCCCC3C3CCCCC3C3CCCC3)C2)C1
C1CCC(CC2CCC(CC3CCC(C4CCCC4)CC3)CC2)CC1
C1CCC(C2CC(C3CCC(CCC4CCC(C5CCCC5)CC4)CC3)C3CCCCC23)CC1
C1CCC(CCC2CC(C3CCCCC3)CC(C3CCCCC3)C2)CC1
C1CCC(C2CCC(CCC3CCCC(C4CCCC4)C3)CC2C2CCCCC2)CC1
C1CCC(C2CCC(C3CCC4CCCC4C3)C(C3CCCCC3C3CCCCC3)C2)CC1
C1CCC(CCCCC2CCC(CC3CCC(C4CCCCC4)CC3)CC2)CC1
C1CCC(CC2CCCCC2C2CCCC(C3CCCCC3)C2)CC1
C1CCC(C2CC(C3CCCCC3)CC(C3CCCCC3)C2)CC1
C1CCC(CC2CCCC(C3CCCC(CC4CCC(C5CCCCC5)CC4C4CCCC4)C3)C2)CC1
C1CCC(C2CCC(C3CCC4C(CCC4C4CCCCC4)C3)CC2)CC1
C1CCC(C2CCCC(CCC3CC4CCCCC4C3)C2)CC1
C1CCC(CC2CCC(C3CCCC(CC4CCCCC4)C3)CC2)CC1
C1CCC(CC2CCCCC2C2CCC3CCCC3C2)CC1
C1CCC2CC(C3CCCCC3C3CCC(C4CCC(C5CC5)CC4)CC3)CCC2C1
C1CCC(CC2CCC3CC(CCC4CCC5CCCCC5C4)CCC23)CC1
C1CCC(CC2CCC(C3CCCCC3)C(CC3CCCCC3)C2)CC1
C1CCC(C2CCC(CC3CCCC(C4CCCCC4)C3)CC2)CC1
C1CCC(CCC2CCC(C3CCC4CCCCC4C3)CC2)CC1
C1CCC(C2CCCC(CC3CCCC(C4CCCCC4)C3)C2)CC1
C1CCC(CCC2CCCC(CC3CCCCC3)C2)CC1
C1CCC(CC2CCCCC2C2CCCC(CC3CCCCC3C3CCC4CCCCC4C3)C2)CC1
C1CCC(CCCCCC2CCCC(CCC3CCC4CCCCC43)C2)CC1
C1CCC(CC2CCC(C3CCCC(C4CCCCC4)C3)CC2)CC1
C1CCC(CC2CCC(C3CCCCC3)CC2)CC1
C1CCC(C2CC(C3CCCCC3)C3CCCCC23)CC1
C1CCC(CCC2CCC(C3CCCCC3)CC2)CC1
C1CCC(C2CCCCC2C2CCC(CC3CCC4CCCCC43)CC2C2CCCCC2)CC1
C1CCC(CCCCCC2CCCC(C3CCC(CC4CCCCC4)CC3)C2)CC1
C1CCC(CC2CCC(C3CCCC(CCC4CCCC4)C3)CC2)CC1
C1CCC(CCCC2CCCCC2)CC1
C1CCC(CC2CCC(CC3CCCCC3C3CCCCC3CC3CC3)CC2)CC1
C1CCC(CCC2CCC(C3CCCCC3)CC2)CC1
C1CCC(C2CCCC(CC3CCCC4CC(C5CCCCC5)CCC34)C2)CC1
C1CCC(CC2CCC(CC3CCC(CC4CCCCC4C4CCCCC4)CC3)CC2)CC1
C1CCC(CC2CCC(C3CCCCC3C3CCCCC3)CC2)CC1
C1CCC(CC2CCCC(C3CCCCC3)C2)CC1
C1CCC(CCC2CCC(CC3CCC(CCC4CCCCC4CC4CCCCC4)CC3)CC2)CC1
C1CCC(CCCCC2CCCC(CCC3CCCC(CC4CCCCC4)C3)C2)CC1
C1CCC(C2CCC(CCCCC3CCCC3)CC2)CC1
C1CCC(CC2CCCCC2C2CCC(C3CCCCC3)CC2)CC1
C1CCC(CC2CCC(C3CCCC(C4CCCCC4)C3)CC2)CC1
C1CCC(C2CCCC(CCC3CCCC(C4CCCC(C5CCCC5)C4)C3)C2)CC1
C1CCC(CC2CC(C3CCCCC3)CC(C3CCCCC3)C2)CC1
C1CCC(CCC2CCCCC2C2CC3CCCCC3C2)CC1
C1CCC(CCC2CCCCC2)CC1
C1CCC(CC2CCCCC2)CC1
C1CCC(CC2CCC(C3CCCCC3)CC2)CC1
C1CCC(CCC2CCCC(C3CCCC(CCC4CC5CCCCC5C4)C3)C2)CC1
C1CCC(CC2CCCC(C3CCCC(C4CCCCC4)C3)C2)CC1
C1CCC(CC2CCCCC2CC2CCCCC2C2CCCCC2)CC1
C1CCC(C2CCC(C3CCC4CCCC4C3)C(CC3CCCC3)C2)CC1
C1CCC(CC2CCC(C3CCC(C4CCCC(C5CCCCC5)C4)CC3)CC2)CC1
C1CCC(C2CCCC(CC3CCC(C4CCCC4)CC3)C2)CC1
C1CCC(CCC2CC(CC3CCCCC3)CC(C3CCCCC3)C2)CC1
C1CCC(C2CC(C3CCCCC3C3CCCCC3)CC(C3CCC4CCCCC43)C2)CC1
C1CCC2C(C1)CCCC2CC1CCC(C2CCC3CCCCC32)CC1
C1CCC(C2CCCC(CCC3CCCCC3C3CCCCC3)C2)CC1
C1CCC(CCC2CCCCC2)CC1
C1CCC(CC2CCCC(C3CCCC(CC4CCCC4)C3)C2)CC1
C1CCC(CCC2CCCCC2C2CCCCC2)CC1
C1CCC(CCCC2CCC(CCC3CCC(C4CCC4)CC3)CC2)CC1
C1CCC(CC2CCC(CCC3CCC(CC4CCCCC4)CC3)CC2)CC1
C1CCC(CCCCC2CCC(CCC3CCCCC3)CC2)CC1
C1CCC(CCCC2CCCCC2C2CCCCC2)CC1
C1CCC(CC2CCCC(C3CCCC(C4CCCCC4)C3)C2)CC1
C1CCC(C2CCCCC2C2CCC(C3CCCCC3C3CCCCC3)CC2)CC1
C1CCC(CC2CCCC(C3CC(CC4CC5CCCCC5C4)C4CCCCC43)C2)CC1
C1CCC(C2CCCC(CCC3CCCCC3C3CCC4CCCCC4C3)C2)CC1
C1CCC(C2CCC(C3CCCCC3)CC2)CC1
C1CCC(CC2CCCC(C3CCCC(C4CCCC(C5CCCC(C6CCCCC6)C5)C4)C3)C2)CC1
C1CCC(CC2CCCCC2CC2CCC(CC3CCCC(C4CCCCC4)C3)CC2)CC1
C1CCC(C2CCCCC2CC2CCCC(CC3CC4CCCCC4C3)C2)CC1
C1CCC(C2CCC(C3CCCCC3)CC2)CC1
C1CCC(CC2CCCCC2)CC1
C1CCC(C2CCCC(CCCC3CCC(C4CC5CCCCC5C4)CC3)C2)CC1
C1CCC(CCC2CCCCC2)CC1
C1CCC(CC2CCC(C3CCC(CC4CCC(C5CC6CCCCC6C5)CC4)CC3)CC2)CC1
C1CCC(CCCCC2CCCCC2CC2CCCCC2)CC1
C1CCC(CCC2CCCC(C(CCC3CCCCC3)C3CCCCC3)C2)CC1
C1CCC(CCCC2CCCCC2C2CCCCC2)CC1
C1CCC(C2CCCCC2C2CCCC(CCCCC3CCCC3)C2)CC1
C1CCC(CCC2CCCC(CCC3CCCCC3)C2)CC1
C1CCC(CCCC2CCCCC2)CC1
C(CC1CCC(CC2CCC(C3CC4CCCCC4C3)C2)CC1)CC1CCC2CCCC2C1
C1CCC(CC2CC(C3CCCCC3)C3CCC(CCC4CCC5CCCCC5C4)CC23)CC1
C1CCC(C2CCCC(C3CCC3)C2)CC1
C1CCC(C2CCCC(CC3CCC(CCCC4CCCC4)CC3)C2)CC1
C1CCC(C2CC(CCC3CCC(C4CCCC4)CC3)CC(C3CCCCC3)C2)CC1
C1CCC(CCC2CCC(CC3CCCCC3CC3CCCCC3)CC2)CC1
C1CCC(C2CCC(CCC3CCCC3)CC2)CC1
C1CCC(CC2CCC(C3CC4CCCCC4C(C4CCCCC4)C3)CC2)CC1
C1CCC(CC2CCC(C3CCCCC3)CC2)CC1
C1CCC(C2CCCC(C3CCCCC3C3CCC4C(CCCC4C4CCC4)C3)C2)C1
C1CCC(CC2CCC(C3CCCC(C4CCCC4)C3)CC2)CC1
C1CCC(CCC2CCC(C3CCCC(C4CCCCC4)C3)CC2)CC1
C1CCC(CCCC2CCC(C3CCC(C4CCCCC4)CC3)CC2)CC1
C1CCC(C2CCCCC2CCC2CCC(CCC3CCC(CC4CCCC4)CC3)CC2)CC1
C1CCC(C2CCC(CCCC3CCCC(C4CCCCC4)C3)CC2)CC1
C1CCC(CC2CCCCC2C2CCCC(C3CCCCC3)C2)CC1
C1CCC(CCC2CCC(CC3CCCCC3)CC2)CC1
C1CCC(C2CCC(C3CCCCC3C3CCCC3)C(C3CCCC3)C2)CC1
C1CCC(C2CCC(C3CCCCC3)CC2)CC1
C1CCC(C2CCCC(C3CCCCC3C3CCCCC3)C2)CC1
C1CCC(C2CCC(C3CCC4CCCCC43)CC2C2CCCC2)CC1
C1CCC(CC2CCCC(C3CCCC(C4CCC5C(CCC5C5CCCCC5)C4)C3)C2)CC1
C1CCC(CC2CCC(CC3CCC(CC4CCCC(C5CC5)C4)CC3)CC2)CC1
C1CCC(CCC2CCC(CC3CCC(CC4CCCCC4)CC3)CC2)CC1
C1CCC(CCCC2CCC(CC3CCCCC3)CC2)CC1
C1CCC(C2CCC(C3CCCC(CCCC4CCCCC4C4CCC5CCCC5C4)C3)CC2)CC1
C1CCC(C2CCCC(C3CCCC(C4CCCC4)C3)C2C2CCCC2)CC1
C1CCC(CC2CCCC(CC3CCCC3)C2)CC1
C1CCC(C2CCCCC2CC2CCC(CCC3CCCCC3C3CCCC3)C(C3CCCC3)C2)CC1
C1CCC(CC2CCCC(C3CCCC(C4CCCC4)C3)C2)CC1
C1CCC(C2CCCC(C3CC(C4CCCCC4)CC(C4CCCC4)C3)C2)CC1
C1CCC(C2CCCCC2C2CCCC(C3CCCCC3C3CC3)C2)CC1
C1CCC(CC2CC3CCC(C4CCCCC4)CC3C(C3CCCCC3)C2)CC1
C1CCC(CC2CCC(CC3CCCCC3)CC2)CC1
C1CCC(CC2CCCC(C3CCCCC3)C2)CC1
C1CCC(CCC2CCC(CCCC3CCCC(C4CCCCC4)C3)CC2)CC1
C1CCC(CC2CCC(CC3CCC(C4CCCC4)CC3)CC2)CC1
C1CCC(CC2CCC(C3CCCCC3)C(C3CCC(C4CC5CCCCC5C4)CC3)C2)CC1
C1CCC(CCC2CCC(CCC3CCCCC3)C(C3CCCCC3)C2)CC1
C1CCC(CCCCC2CCC(CC3CCCCC3)CC2)CC1
C1CCC(CC2CC3CCC(CC4CCCCC4)CC3C(C3CCCCC3)C2)CC1
C1CCC(C2CCC(CC3CC(C4CCCCC4)C4CCCCC34)CC2)CC1
C1CCC(CC2CCC(CC3CCC(CCCC4CC4)CC3)CC2)CC1
C1CCC(C2CCCCC2)CC1
C1CCC(CC2CCCC(C3CCC(CC4CCCC(C5CCCCC5)C4)CC3)C2)CC1
C1CCC(CCCC2CCCC(CC3CCC(CCC4CCCCC4)CC3)C2)CC1
C1CCC(C2CCCC(CCCCC3CCC(C4CCCC4)CC3)C2)CC1
C1CC(CC2CCC3CCCCC32)CC(C2CC3CCCCC3C2)C1
C1CC2CCC(C3CCCC(C4CCCCC4C4CCCC5CCCCC54)C3)CC2C1
C1CCC(CC2CCCC(C3CCC(C4CCC(C5CCCCC5)CC4)C4CCCC34)C2)CC1
C1CCC(CC2CCCC(C3CCCC(C4CCCC4)C3)C2)CC1
C1CCC(CC2CCCCC2C2CCCC(CC3CCCC(C4CCCCC4)C3)C2)CC1
C1CCC(CCCCC2CCC(CC3CCCCC3)CC2)CC1
C1CCC(C2CCCC(CC3CCCCC3C3CCCCC3)C2)CC1
C1CCC(CC2CCC(CC3CCCCC3)C(C3CCCCC3)C2)CC1
C1CCC(C2CCCC(C3CCCCC3)C2)CC1
C1CCC(CCC2CCCC(C3CCC(C4CCCCC4)C(C4CCCCC4)C3)C2)CC1
C1CCC(C2CC(C3CCC(C4CCCC(C5CCC5)C4)CC3)C3CCCCC23)CC1
C1CCC(C2CCC(CCCCC3CCC(C4CCCC4)CC3)CC2)CC1
C1CCC(CC2CC3CC(C4CCCC(C5CCCCC5)C4)CCC3C2C2CCCCC2)CC1
C1CCC(CCC2CCC(CC3CCCCC3)CC2)CC1
C1CCC(CC2CCCC(CC3CCC(C4CCC5CCCC5C4)CC3C3CCCCC3)C2)CC1
C1CCC(CCC2CCC(CC3CC4CCCCC4C3)CC2C2CCCC2)CC1
C1CCC(C2CCCCC2)CC1
C1CCC(C2CCC(C3CCCCC3)CC2)CC1
C1CCC(C2CCC(C3CCCC(CC4CCCCC4CC4CCCC4)C3)CC2)CC1
C1CCC(CCC2CCC3CC(CC4CCCCC4)CC(C4CCCCC4)C3C2)CC1
C1CCC(CCC2CCC(CC3CCC(C4CCCCC4)CC3)CC2)CC1
C1CCC(CC2CCCC(C3CCCCC3C3CCCCC3C3CCCC3)C2)CC1
C1CCC(CCCCCC2CC(CC3CC3)CCC2C2CCCC(C3CCC3)C2)CC1
C1CCC(CC2CCC(CC3CCCCC3)CC2)CC1
C1CCC(CC2CCCCC2C2CCCCC2)CC1
C1CCC(C2CCC(C3CCCCC3)C(C3CCC4CCCC4C3)C2)CC1
C1CCC(CC2CCCCC2CCCC2CC(C3CCCCC3)CC(C3CCCC3)C2)CC1
C1CCC(CC2CC(C3CCCC3)CCC2C2CCC3CCCC3C2)CC1
C1CCC(C2CCC(CC3CCC(C4CCC4)CC3)CC2)CC1
C1CCC(CC2CCC(CCC3CCCC(CC4CCCCC4)C3)CC2)CC1
C1CCC(CCC2CCC(CC3CCC(C4CCCCC4)CC3)CC2)CC1
C1CCC(CC2CCCCC2C2CCCCC2)CC1
C1CCC(CC2CCCC(CCC3CC4CCCCC4C3)C2)CC1
C1CCC(C2CCCC(C3CCC(C4CCCC4)CC3)C2)CC1
C1CC(CCC2CCCC(CCCC3CCC(CCC4CCC(C5CCCC5)CC4)CC3)C2)C1
C1CCC(CC2CCC(C3CCCCC3)CC2)CC1
C1CCC(CCC2CCCC(C3CCC(C4CCCCC4)CC3)C2)CC1
C1CCC(CCC2CCCC(C3CCCC3)C2)CC1
C1CCC(CCCC2CCCC(C3CCC(CC4CCCCC4)CC3C3CCCCC3)C2)CC1
C1CCC(C2CCC(CC3CCC(C4CCCC(CCC5CC5)C4)CC3)CC2)CC1
C1CCC(CC2CCC(CC3CCCC(C4CCCCC4)C3)CC2)CC1
C1CCC(CCC2CC(CCC3CCCCC3)C(C3CCCCC3)C(C3CCCCC3)C2)CC1
C1CCC(CCC2CCCC(C3CCCCC3C3CCCCC3)C2)CC1
C1CCC(CC2CCC(CCC3CCCC(C4CCCCC4)C3)CC2)CC1
C1CCC(C2CCCCC2C2CCC(C3CCCC(C4CCC5CCCC5C4)C3)CC2)CC1
C1CCC(C2CCC(C3CCCCC3)CC2)CC1
C1CCC(CC2CCC3CC(C4CCCCC4)CCC23)CC1
C1CC(CC2CCC(C3CC3)CC2C2CCCC2)CC(C2CC2)C1
C1CCC(CCCC2CCC(CCC3CCCCC3)CC2)CC1
C1CCC(C2CCC(C3CCCCC3)CC2)CC1
C1CCC(CCCCC2CCC(CC3CCC(CCCC4CCCCC4)CC3)CC2)CC1
C1CCC(CCC2CCCC(C3CCCC(C4CCCCC4)C3)C2)CC1
C1CCC(CC2CCC(C3CCC(CC4CCC(C5CCCC5)CC4)CC3)CC2)CC1
C1CCC(CCC2CCCCC2C2CCCC(C3CCCCC3)C2)CC1
C1CCC(C2CCC(C3CCCC(C4CCCCC4)C3)CC2)CC1
C1CCC(CC2CCC(CC3CCC(C4CCC4)CC3)CC2)CC1
C1CCC(CC2CCC(C3CCCCC3)CC2)CC1
C1CCC(CC2CCCC(CCCCC3CC4CCCCC4C3)C2)CC1
C(CC1CCC(C2CCCC2)CC1)CC1CCC2CCCCC2C1
C1CCC(C2CCCC(CCCC3CCC4CCCC4C3)C2)CC1
C1CCC(CC2CCC(C3CCCCC3)C(C3CCCC3)C2)CC1
C1CCC(CCC2CCCCC2CC2CCCCC2)CC1
C1CCC(CC2CCC(C3CCCCC3C3CCCC(C4CCCCC4)C3)CC2)CC1
C1CCC(C2CC(C3CCCCC3)C3CCCCC23)CC1
C1CCC(CCC2CCCC(CC3CCC(CC4CCCCC4)CC3)C2)CC1
C1CCC(CCCC2CCC(CC3CCCCC3)CC2)CC1
C1CCC(C2CCCCC2CC2CCC(CCC3CCCC3)CC2)CC1
C1CCC(CCC2CCCC(C3CCC(C4CCCCC4)CC3)C2)CC1
C1CCC(C2CCCC(C3CCC(C4CCCCC4C4CCCC4)CC3)C2)CC1
C1CCC(C2CCCC(CC3CCC3)C2)CC1
C1CCC(CC2CCCCC2C2CCC(C3CCCCC3CC3CCCCC3)CC2)CC1
C1CCC(CC2CCCCC2C2CC3CCCCC3C(C3CCCCC3)C2)CC1
C1CCC(CCCC2CCCC(C3CCCC(C4CCCCC4)C3)C2)CC1
C1CCC(CCC2CCC(CCC3CCCC(C4CCCCC4)C3)CC2)CC1
C1CCC(CC2CCCC(CCCC3CCCC(C4CCCCC4)C3)C2)CC1
C1CCC(CCCC2CCCC(C3CCC(CC4CCCCC4)CC3)C2)CC1
C1CCC(CC2CCC(C3CCCCC3)CC2)CC1
C1CCC(CCCC2CCCCC2C2CCCCC2)CC1
C1CCC(CC2CCC(CCC3CC3)CC2)CC1
C1CCC(CC2CCC(C3CCCCC3)CC2)CC1
C1CCC(C2CCCCC2C2CCC3CCCCC32)CC1
C1CCC(CC2CCC(C3CCCCC3C3CC4CCCCC4C3)CC2)CC1
C1CCC(C2CCC(CCCC3CCC(CC4CCC5CCCCC5C4)CC3)CC2)CC1
C1CCC(C2CCCC3CC(CCCC4CCC(CC5CCC(C6CC6)CC5)CC4)CC32)CC1
C1CCC(CCC2CCC(CCCC3CCCCC3CC3CCCCC3)CC2)CC1
C1CCC(CC2CC(CCCC3CCC(C4CCCCC4)CC3)C3CCCCC23)CC1
C1CCC(C2CCCCC2CC2CCCCC2C2CC2)CC1
C1CCC(CC2CCC3C(CC4CCCCC4)CC(CCCC4CCC(CC5CCCC5)CC4)C3C2)CC1
C1CCC(C2CCC(C3CCCC3C3CCC4CCCCC43)CC2)CC1
C1CCC(CCC2CCCCC2C2CCC(C3CCC(C4CCCCC4)CC3)CC2)CC1
C1CCC(CCC2CCCCC2C2CCC(CC3CCC4CCCCC43)CC2)CC1
C1CCC(C2CCC(C3CCCCC3C3CCCCC3)CC2)CC1
C1CCC(CCC2CC(CC3CCCCC3)CCC2C2CCCCC2)CC1
C1CCC(CCC2CC(C3CCCC(C4CCCCC4)C3)CCC2C2CCCCC2)CC1
C1CCC(C2CCCC(CC3CCCC(C4CCCCC4)C3)C2)CC1
C1CCC(CC2CCCCC2C2CCC3C(CC4CCCCC4)CCCC3C2)CC1
C1CCC(C2CCC(C3CCC(C4CCC(C5CC5)CC4)CC3)CC2)CC1
C1CCC(C2CCC(CCCCC3CCCC(CC4CCCC(C5CCCCC5)C4)C3)CC2)CC1
C1CCC(CCC2CCC(C3CCCC(CC4CCCC(CC5CCC5)C4)C3)CC2)C1
C1CCC(CCCCC2CCC(CC3CCCCC3)CC2)CC1
C1CCC(C2CCC(C3CCCCC3C3CCCCC3)CC2)CC1
C1CCC(CC2CCC(C3CCCCC3)CC2)CC1
C1CCC(CCCC2CCCCC2C2CCCC(C3CCCCC3)C2)CC1
C1CC(CC2CC2)CC(C2CCCC(C3CCCC4CCCCC43)C2)C1
C1CCC(C2CCCCC2C2CCCCC2C2CCC3CCCC3C2)CC1
C1CCC(CC2CCC(CC3CCCCC3)CC2)CC1
C1CCC(CC2CCC(C3CCC(CC4CCC(C5CCCCC5)CC4)CC3)CC2)CC1
C1CCC(C2CCCC(C3CCCCC3C3CC4CCCCC4C3)C2)CC1
C1CCC(C2CCC(C3CCC(C4CCCCC4)CC3)CC2)CC1
C1CCC(C2CCCC(C3CCCC(C4CC4)C3)C2)CC1
C1CCC(CC2CCCC3CC(C4CCCCC4C4CCC(C5CCCCC5)CC4)CCC23)CC1
C1CC(CCCC2CC3CCCCC3C2)CC(CC2CCC3CCCCC3C2)C1
C1CCC(C2CCCC(C3CCC4CCC(C5CCCCC5)CC43)C2)CC1
C1CCC(CCCCC2CCC(CC3CCCCC3)CC2)CC1
C1CCC(CC2CCC(CC3CCCC(C4CCCC4)C3)CC2)CC1
C1CCC(C2CC(C3CCC4CCCCC43)CC3CCC(C4CCC5CCCCC54)CC32)CC1
C1CCC(CCC2CC(CCC3CCC(C4CCCCC4)CC3)C3CCCCC23)CC1
C1CCC(C2CCCC(CCCC3CC4CCCCC4C3)C2)CC1
C1CCC(C2CCC(CC3CCCC(CC4CCCCC4C4CCCCC4)C3)CC2)CC1
C1CCC(C2CCCCC2C2CCCCC2)CC1
C1CC1CCC1CCC(C2CCC(CCC3CCC(C4CC4)CC3)CC2)CC1
C1CCC(CC2CCC(C3CCCC(C4CCCCC4)C3)CC2)CC1
C1CCC2CC(C3CCCCC3C3CCCCC3C3CCC(CC4CC5CCCCC5C4)CC3)CCC2C1
C1CCC(C2CCCC(CC3CCCC(C4CCCC4)C3)C2)C1
C1CCC(CC2CCC(CCC3CCC(C4CCCC(C5CCCC5)C4)CC3)CC2)CC1
C1CCC(CC2CCC(CC3CCC(CCCC4CCCCC4C4CC4)CC3)CC2)C1
C1CCC(CCC2CCC3C(C4CCCC4)CC(C4CCCCC4)C3C2)CC1
C1CCC(CCC2CCCC(C3CC4CCCCC4C3)C2)CC1
C1CCC(C2CCCCC2CCCC2CCCC2)CC1
C1CCC(CC2CC(CC3CC3)CC(C3CCCC(CC4CCCC(C5CCCC5)C4)C3)C2)CC1
C1CCC(CC2CCC(C3CCCCC3)CC2)CC1
C1CCC(CCCC2CCC(C3CCC(CC4CCCCC4)CC3)CC2)CC1
C1CCC(CCC2CCCC(C3CCCCC3)C2)CC1
C1CCC(CC2CCC(CC3CCCC(CC4CCCC(C5CCCCC5)C4)C3)CC2)CC1
C1CCC(CCCC2CCCC(C3CCC(CC4CCC(C5CCC5)CC4)CC3)C2)CC1
C1CCC(CC2CCCC(CCCC3CCC4CCCCC43)C2)CC1
C1CCC(CC2CCCCC2)CC1
C1CCC(CC2CCCC(C3CCCCC3)C2)CC1
C1CCC(CC2CCCC(C3CCCCC3)C2)CC1
C1CCC(C2CCCCC2C2CCC(CC3CC4CCCCC4C3)CC2)CC1
C1CCC(C2CCC(C3CCCC(C4CCCCC4)C3)CC2)CC1
C1CCC(CCC2CCC(CC3CCCCC3)CC2)CC1
C1CCC(CC2CC(C3CCCCC3)C3CC(C4CCCCC4)CCC23)CC1
C1CCC(C(CC2CCCC(CC3CC4CCCCC4C3)C2)C2CCCC2)CC1
C1CCC(C2CCCC(C3CCCC(CC4CCCCC4C4CCCCC4)C3)C2)CC1
C1CCC(CCC2CCCC(C3CC(CCC4CCCCC4)CC(C4CCCC4)C3)C2)CC1
C1CCC(CC2CCC(CC3CCC(CC4CCCC4)CC3)CC2)CC1
C1CCC(CC2CCC(CCCC3CC(C4CCCCC4)CC(C4CCCC4)C3)CC2)CC1
C1CCC(CC2CCC(C3CCC(CC4CCCCC4)C3)CC2)CC1
C1CCC(C2CCC(CC3CCCC(C4CCCC(C5CCCC5)C4)C3)CC2)CC1
C1CCC(CC2CCCC3CC(C4CCCCC4C4CCCCC4C4CCCC4)CCC23)CC1
C1CCC(CCC2CCC(CCCCC3CCC4CCCC4C3)CC2)CC1
C1CCC(CCCC2CCC(CC3(C4CCCCC4)CC3)CC2)CC1
C1CCC(CCCC2CC(CC3CCCCC3)CCC2CC2CCCCC2)CC1
C1CCC(CCCC2CCC(CC3CCCC(CC4CCCCC4)C3)CC2)CC1
C1CCC(CC2CCCC(C3CCC4CCC(C5CCCCC5)CC4C3)C2)CC1
C1CCC(C2CCC(CC3CCCCC3C3CCC(CCC4CC5CCCCC5C4)CC3)CC2)CC1
C1CCC(CC2CCC(C3CCCCC3CC3CCC(C4CCCCC4)CC3)CC2)CC1
C1CCC(C2CCCC(CC3CC(CC4CCC5CCCCC5C4)C4CCCCC34)C2)CC1
C1CCC(C2CCCCC2CC2CCC(C3CCCCC3C3CCCC3)CC2)CC1
C1CCC(C2CCC(CC3CCCC(C4CCCCC4)C3)CC2)CC1
C1CCC(C2CCCC(C3CCCCC3)C2)CC1
C1CCC(CC2CCCCC2CC2CCC3C(CCC3C3CCCCC3)C2)CC1
C1CCC(C2CC(C3CCC(CC4CCCC(C5CCCC5)C4)CC3)C2)CC1
C1CCC(CC2CCC(CCC3CCC(C4CCCCC4)C(C4CCCCC4)C3)C2)CC1
C1CCC(C2CCCCC2CCC2CCC(C(C3CCCC3)C3CC4CCCCC4C3)CC2)CC1
C1CCC(C2CCC(C3CCC(C4CCCC4)CC3)CC2)CC1
C1CCC(CC2CCC(C3CCCCC3C3CC3)CC2)CC1
C1CCC(C2CCC(CC3CCC(CCCCC4CCCC4)CC3)CC2C2CCCCC2)CC1
C1CCC(CC2CCC(C3CCCC(C4CCCCC4)C3)CC2)CC1
C1CCC(CC2CCC(C3CC(CC4CCCCC4)CC(C4CCCCC4)C3)CC2)CC1
C1CCC(CCCC2CCC(CC3CCCCC3)CC2)CC1
C1CCC(CC2CCC(CC3CC(C4CCC(C5CCCCC5)CC4)C4CCCCC34)CC2)CC1
C1CCC(CCC2CCCC(C3CCCCC3)C2)CC1
C1CCC(CCC2CCC(C3CCCCC3)CC2)CC1
C1CCC(CCC2CCCC(C3CC(CC4CCCCC4)C4CCCCC43)C2)CC1
C1CCC(CCC2CC(CCC3CCCCC3)CC(CCC3CCCCC3)C2)CC1
C1CCC(C2CCC3CCCC(C4CCCCC4)C3C2)CC1
C1CCC(CC2CCCC(C3CCCCC3)C2)CC1
C1CCC(C2CCC(C3CCCC(C4CCCCC4)C3)CC2)CC1
C1CCC(CC2CC(C3CCCCC3)CC(C3CCCCC3)C2)CC1
C1CCC(CCC2CCC(C3CCCCC3C3CCCC(C4CCCCC4)C3)CC2)CC1
C1CCC(CC2CCC(C3CCCC(CC4CCCC4)C3)CC2)CC1
C(CCCCC1CCCCC1)CCCCC1CCC(C2CCC2)CC1
C1CCC(CC(C2CCC3CCCC3C2)C2CCCC(C3CCC4CCCCC4C3)C2)CC1
C1CCC(C2CCCCC2C2CCC(CCCC3CC4CCCCC4C3)CC2)CC1
C1CCC(CC2CCC(CC(CC3CCCCC3)CC3CCC(C4CC5CCCCC5C4)CC3)CC2)CC1
C1CCC(CC2CCC(C3CCCCC3)C(CC3CCCCC3CC3CCCCC3)C2)CC1
C1CCC(CCC2CC(C3CCC4CCCCC43)CC3CCCCC32)CC1
C1CCC(C2CCC(C3CCCC(C4CCC(CC5CC5)CC4)C3)CC2)CC1
C1CCC(CCCC2CCC(CC3CCC(C4CCCC(CC5CC5)C4)CC3)CC2)CC1
C1CCC(C2CCCC(CC3CCCCC3C3CCC4CCCCC4C3)C2)CC1
C1CCC(C2CCC(C3CCCC(C4CCCCC4C4CCCC4)C3)CC2)C1
C1CCC(CCCC2CCC(CC3CCC(C4CCCCC4)CC3)CC2CC2CCCCC2)CC1
C1CCC(CCC2CCCC(C3CCC(C4CCC5CCCCC54)C(CC4CCCCC4)C3)C2)CC1
C1CCC(C2CCCCC2CCC2CCCCC2C2CC(CC3CCCC3)C3CCCCC32)CC1
C1CCC(CC2CCC(C3CCCCC3)CC2C2CCCC2)CC1
C1CCC(CC2CCCC(C3CCC(C4CCCC4)CC3)C2)CC1
C1CCC(CC2CCC(C3CCC(CC4CCC4)CC3C3CCCC3)CC2)CC1
C1CCC(CCCCC2CC(C3CCCCC3)CCC2CCCC2CCCCC2)CC1
C1CCC(CCC2CCC(CC3CCC(C4CCCCC4)C3)CC2)CC1
C1CCC(CCCC2CCC(CC3CCC(CC4CCC(CC5CCCCC5)CC4)CC3)CC2)CC1
C1CCC(CC2CCC(CC3CCCCC3)CC2)CC1
C1CCC(CC2CCCCC2C2CCCC(C3CCCC3)C2)CC1
C1CCC(C2CCCC(CCC3CCCC(C4CCCCC4)C3)C2)CC1
C1CCC(CCCCC2CCC(CC3CCC(C4CCCCC4)CC3)CC2)CC1
C1CCC(C2CCC3CCCCC32)CC1
C1CCC(CCCCCC2CCC(C3CCCCC3)CC2)CC1
C1CCC(CCC2CCC(CCC3CCCC(CC4CCCCC4)C3)CC2)CC1
C1CCC(CC2CCCC2C2CCC(C3CCCCC3)CC2)CC1
C1CCC(C2CCC(CC3CCCCC3C3CCCCC3)CC2)CC1
C1CCC(CCC2CCCCC2C2CCCCC2)CC1
C1CCC(CC2CCC(C3CCCCC3)CC2)CC1
C1CCC(C2CCC(C3CCCCC3C3CCCC3)CC2)CC1
C1CCC(CC2CC(CC3CCC(C4CCCC(C5CCCCC5)C4)CC3)C3CCCCC23)CC1
C1CCC(CCCC2CC(CCCC3CCCCC3CC3CCCCC3)CCC2CC2CCCCC2)CC1
C1CCC(CC2CCCC(C3CCC(C4CCCC(C5CCCC5)C4)CC3)C2)CC1
C1CCC(CC2CCCC(CC3CCCCC3)C2)CC1
C1CCC(C2CCCC(CC3CC(C4CCCCC4)C4CCCCC34)C2)CC1
C1CCC(CCC2CCC(C3CCCC(C4CCCCC4)C3)C(C3CCCC3)C2)CC1
C1CCC(CC2CCCC(CCC3CCCCC3CCCCC3CC4CCCCC4C3)C2)CC1
C1CCC(CC2CCC(CC3CCCC(C4CCC(C5CCC5)CC4)C3)CC2)CC1
C1CCC(CC2CCC(CC3CCC(C4CCCC4)CC3)CC2)CC1
C1CCC(CCCC2CCCC(C3CC(C4CCCCC4)CC(C4CCCCC4)C3)C2)CC1
C1CCC(CC2CCC3CC(CCCCC4CCC4)CCC23)CC1
C1CCC(C2CCCC(CCC3CCC(C4CCCCC4C4CCC5CCCC5C4)CC3)C2)CC1
C1CCC(CC2CCCCC2CCCC2CCC(CCCCC3CCCC(CC4CCCC4)C3)CC2)CC1
C1CCC(CCC2CCC3CCCCC3C2)CC1
C1CCC(C(C2CCCC(CCC3CCCC3)C2)C2CC3CCCCC3C2)CC1
C1CCC(C2CCC(CCCC3CCCC(C4CCCCC4)C3)CC2)CC1
C1CCC(CC2CCCC(C3CCC(CCCCC4CCC(C5CCCC(C6CCCCC6)C5)CC4)CC3)C2)CC1
C1CCC(CC2CCC(C3CCC4C(CC5CCCC(C6CCCCC6)C5)CCCC4C3)CC2)CC1
C1CCC(CCCC2CCC(CC3CCCCC3)CC2)CC1
C1CCC(CCC2CCC(CC3CCCC(CC4CCC5CCCCC5C4)C3)CC2)CC1
C1CCC(CC2CCC3C(CC4CCCCC4)CC(CC4CCCCC4)C3C2)CC1
C1CCC(C2CCCC(CCCCC3CCC4CCCCC34)C2)CC1
C1CCC(C2CCC(CC3CCCC(C4CCCC(CCC5CCCC5)C4)C3)CC2)CC1
C1CCC(CC2CCC(CC3CCC(CC4CC5CCCCC5C4)CC3)CC2)CC1
C1CCC(CCCC2CCC(CCCC3CCC(C4CCCCC4)CC3)CC2)CC1
C1CCC(CC2CCCCC2)CC1
C1CCC(C2CCCC(C3CCCCC3)C2)CC1
C1CCC(CC2CCC(C3CCCC3)C(CC3CCC4C(CCCC4C4CC5CCCCC5C4)C3)C2)CC1
C1CCC(CCCCC2CC(C3CC3)CCC2C2CCC(CC3CCCCC3)CC2)CC1
C1CCC(CCCC2CCCC(CCCC3CCC(CCCC4CCCC4)CC3)C2)CC1
C1CCC(C(C2CCCCC2)C2CCC(C3CCC4CCCC4C3)CC2)CC1
C1CCC(C2CCCCC2CC2CCC(CCC3CC3)CC2)CC1
C1CCC(CC2CCCC(C3CCCC(CC4CCCCC4)C3)C2)CC1
C1CCC(CCC2CCCC(C3CCCCC3CC3CCCCC3)C2)CC1
C1CCC(CC2CCCC(CCCCC3CC(CC4CCCCC4)C4CCCCC34)C2)CC1
C1CCC(C2CCC3CCC(C4CCCCC4C4CCCCC4)CC3C2)CC1
C1CCC(CC2CCCCC2)CC1
C1CCC(CCC2CCCCC2C2CCC3CCCCC3C2)CC1
C1CCC(C2CCCC(C3CCC4CCCCC43)C2)CC1
C1CCC(CC2CCC(C3CCCCC3)CC2)CC1
C1CCC(CC2CCC(C3CCCC(C4CCCCC4)C3)CC2)CC1
C1CC(CC(C2CCC(CCC3CC4CCCCC4C3)CC2)C2CCC3CCCCC32)C1
C(CCCCC1CCC(C2CCCCC2)CC1)CCCC1CCCCC1
C1CCC(CCC2CCC(CCC3CCC4CCCCC43)CC2)CC1
C1CCC(CC2CCC(CC3CCCCC3)CC2)CC1
C1CCC(CC2CCC(CCCC3CCCC(C4CCCCC4)C3)CC2)CC1
C1CCC(CC2CCC3CC(C4CCCC(C5CCC5)C4)CCC23)CC1
C1CCC(CCCC2CC(CC3CCC3)CCC2CC2CCCC(CC3CCCCC3)C2)CC1
C1CCC(CCC2CCC(CC3CCCCC3)CC2)CC1
C1CCC(CC2CCCC(CCC3CCCCC3C(C3CCCCC3)C3CCCCC3)C2)CC1
C1CCC(CC2CCC(C(CC3CCC(CCC4CCC5CCCCC54)CC3)C3CCCCC3)CC2)CC1
C1CCC(CC(C2CCCCC2)C2CCCCC2)CC1
C1CCC(C2CCCC(C3CCCC(CC4CCCC4)C3)C2)CC1
C1CCC(CCC2CCC(CC3CCCCC3)CC2)CC1
C1CCC(C2CCCC(C3CC(CCC4CC4)C4CCC(CCC5CC5)CC43)C2)CC1
C1CCC(CCC2CCC(C3CCCCC3)C(C3CCCCC3)C2)CC1
C1CCC(C(C2CCCCC2)C2CCCCC2)CC1
C1CCC(C2CCC(CC3CCC4CCCCC4C3)CC2)CC1
C1CCC(C2CCC(C3CCCCC3C3CCCCC3)CC2)CC1
C1CCC(CCCCC2CCC(CC3CCC(C4CCCC4)CC3)CC2)CC1
C1CCC(C2CCC3CCCCC32)CC1
C1CCC(CCCC2CC(CCC3CCCCC3)C3CCCCC23)CC1
C1CCC(C2CCCCC2C2CCCCC2)CC1
C1CCC2C(C1)CCC2C1CCCC(CC2CC(C3CCC4CCCCC43)C3CCCCC23)C1
C1CCC(CC2CCCC(C3CC(CC4CCCCC4)CCC3C3CCCC3)C2)CC1
C1CCC(C2CCC(C3CCCCC3C3CCCCC3)CC2)CC1
C1CCC(C2CCCCC2C2CCCCC2)CC1
C1CCC(CC2CCC(CC3CCC(C4CCCCC4)CC3)CC2)CC1
C1CCC(CC2CC(C3CCCCC3)CC(C3CCC4CCCC4C3)C2)CC1
C1CCC(CCCC2CCCC(CC3CCCCC3)C2)CC1
C1CCC(CC2CCC(CC3CCC(CC4CC5CCCCC5C4)CC3)CC2)CC1
C1CCC(CC2CCC(CC3CCCC(C4CCCCC4)C3)CC2)CC1
C1CCC(CC2CCC(C3CCCCC3)C(C3CCCCC3)C2)CC1
C1CCC(C2CC(C3CCCC3)CC(C3CCCC(CC4CCCC4)C3)C2)CC1
C1CC(CC2CCCCC2C2CCC3C(CCCC3C3CCCC3)C2)CC(C2CCC3CCCC3C2)C1
C1CCC(C2CCCCC2C2CCC(C3CCCC(C4CCC5CCCCC54)C3)CC2)C1
C1CCC(CC2CCC(CC3CCCCC3)C(CC3CCCCC3C3CCC4CCCCC4C3)C2)CC1
C1CCC(CCC2CCCC(CC3CCC(C4CCCCC4)CC3)C2)CC1
C1CCC(CCC2CCC(C3CCCCC3)CC2)CC1
C1CCC(CC2CCC(CC3CCC(CC4CCCCC4C4CCCC4)CC3)CC2)CC1
C1CCC(CCC2CC(C3CCC4CCCCC43)CC3CCCCC32)CC1
C1CCC(CCCC2CCC(CCC3CCC(C4CCCC4)CC3)CC2)CC1
C1CCC(C2CCCC(C3CCCC(C4CCC5CCCCC54)C3)C2)CC1
C1CCC(C2CCC(C3CCCCC3)CC2)CC1
C1CCC(CCCC2CCC(CC3CCC(CC4CCCCC4)CC3)CC2)CC1
C1CCC(CC2CCCCC2C2CCC(C3CCCCC3)CC2)CC1
C1CCC(CCC2CCC(C3CCCC(CC4CCCC4)C3)CC2)CC1
C1CCC(C2CCCC(CC3CCCCC3C3CCCC3)C2)CC1
C1CCC(C2CCC(C3CCCCC3C3CCCCC3)CC2)CC1
C1CCC(CCC2CCCC(C3CCCC(C4CCCCC4)C3)C2)CC1
C1CCC(CC2CCC(C3CCCC3)C(C3CCC(CCC4CCCCC4CC4CCCCC4)CC3)C2)CC1
C1CCC(CC2CCCC(C3CCCCC3CC3CCCCC3)C2)CC1
C1CCC(C2CCCCC2CC2CCC3C(CCC3C3CCCCC3)C2)CC1
C1CCC(C2CCC(CCC3CCCCC3C3CCCCC3)CC2)CC1
C1CCC(C2CCCC(C3CCCC(CC4CC(C5CCCCC5)C5CCCCC45)C3)C2)CC1
C1CCC(CCCCC2CC(C3CCCC3)C3CC(CCC4CCCCC4)CCC23)CC1
C1CCC(C2CCCC(CCCC3CCCCC3C3CCC4CCCC4C3)C2)CC1
C1CCC(C2CCC(CC3CCC(C4CCCCC4)CC3)CC2)CC1
C1CCC(CC2CCC(C3CCC(C4CCCCC4)CC3)CC2)CC1
C1CCC(CC2CCCC(C3CCC4CC(C5CCCC(C6CC6)C5)CCC43)C2)CC1
C1CCC(CC2CCC(CC3CCCCC3C3CCCCC3)CC2)CC1
C1CCC(CC2CCC(CCC3CCCC(C4CCCCC4)C3)CC2)CC1
C1CCC(CCC2CCCC(C3CCCC(CCCC4CCC(C5CCCCC5)CC4)C3)C2)CC1
C1CCC(CCCC2CCC(CC3CCCCC3)CC2)CC1
C1CCC(C2CCCC(C3CCCCC3C3CCCCC3C3CCCCC3)C2)CC1
C1CCC(CCC2CCCC(C3CCC(C4CCCCC4CC4CC5CCCCC5C4)CC3)C2)C1
C1CCC(CCC2CCCC(C3CCC(C4CCCCC4C4CCCC4)CC3)C2)CC1
C1CCC(CC2CCCC(CC3CCCC(CC4CCCC4)C3)C2)CC1
C1CCC(CCC2CCCC(C3CCC(C4CCCCC4)CC3)C2)CC1
C1CCC(CCC2CCCCC2C2CCC(CC3CCC(C4CCC5CCCCC54)CC3)CC2)CC1
C1CCC(CCC2CCC(CCC3CC4CCCCC4C3)C(C3CCCCC3)C2)CC1
C1CCC(C2CCCC(CC3CCC(CC4CCC(C5CC5)CC4)CC3)C2)C1
C1CCC(CCC2CCC(CC3CCCC(C4CC4)C3)CC2)CC1
C1CC(CCC2CCCC(CC3CCC4CCCCC43)C2)CC(CC2CC2)C1
C1CCC(CCC2CCC(CC3CCCCC3)CC2)CC1
C1CCC(CCC2CCCC(CCC3CCC(C4CC4)CC3)C2)CC1
C1CCC(CCC2CCCC(C3CCCCC3)C2)CC1
C1CCC(CC2CC(C3CCCC(CCC4CCCC4)C3)C3CCCCC23)CC1
C1CCC(CC2CCC(C3CCCC(C4CCCC4)C3)CC2)CC1
C1CCC(CC2CCC(CCCCC3CCCC(C4CCCCC4)C3)CC2)CC1
C1CCC(CCC2CCCC(C3CCCCC3CC3CCCCC3)C2)CC1
C1CCC(CC2CCC(C3CCCCC3)CC2)CC1
C1CCC(CC2CCC(C3CCCCC3)C2C2CCC(C3CCCC3)C(C3CCC4CCCC4C3)C2)CC1
C1CCC(CC2CCC(C3CC(CC4CCCCC4)CCC3C3CCC(C4CCCC4)CC3)CC2)CC1
C1CCC(CCC2CC(C3CCCC3)CC(C3CCCC(CC4CCCCC4)C3)C2)CC1
C1CCC(C(C2CCCCC2)C2CC2)CC1
C1CCC(CCCC2CCCCC2)CC1
C1CCC(CC2CCC(C3CCCCC3)CC2)CC1
C1CCC(CCCCCC2CC3CCCCC3C(C3CCCCC3)C2)CC1
C1CCC(CC2CCC(CC(C3CCC(C4CCCCC4)CC3)C3CCCC(C4CCCC4)C3)CC2)CC1
C1CCC(CCCCC2CCCC(C3CCCC(CCC4CCCCC4)C3)C2)CC1
C1CCC(CCC2CCC(CCC3CCCC(C4CCCCC4)C3)CC2)CC1
C1CCC(C2CCC(C3CCCC(C4CCCCC4)C3)CC2)CC1
C1CC(C2CCC(CCC3CCC(C4CCCC(C5CCC5)C4)CC3)CC2)C1
C1CCC(C2CC(CCCC3CC4CCCCC4C3)CC(C3CCCCC3)C2)CC1
C1CCC(CC2CCC(CC3CCCC(C4CCCCC4)C3)CC2)CC1
C1CCC(CCC2CCCC(C3CCCCC3)C2)CC1
C1CCC(CCC2CCCC(C3CCCCC3)C2)CC1
C1CCC(CC2CCCC(C3CCC(C4CCCC5CCCCC54)CC3)C2)CC1
C1CCC(CC2CCCC(CC3CCC3)C2)CC1
C1CCC(CCC2CCC(C3CCCCC3C3CCC4CCCC4C3)CC2)CC1
C1CCC(CCC2CCC(C3CCCCC3)CC2)CC1
C1CCC(CC2CCC(CC3CCCCC3)CC2)CC1
C1CCC2CC(CC3CCC(C4CCCCC4CC4CCC(C5CC5)CC4)CC3)CC2C1
C1CCC(CC2CCC(C3CCCC(CCCC4CCC(C5CCCC5)CC4)C3)CC2)CC1
C1CCC(CC2CCC3CC(C4CCCCC4)CCC3C2)CC1
C1CCC(CCCCC2CCCC(C3CCC(C4CCC4)CC3)C2)CC1
C1CCC(C2CCC(C3CCC(CC4CCCC4)CC3)CC2)CC1
C1CCC(CC2CCCC(C3CCCCC3)C2)CC1
C1CCC(CC2CCC(C3CCCCC3)CC2)CC1
C1CCC(C2CCCC3CCCCC32)CC1
C1CCC(C2CCCCC2C2CCC3CCCC3C2)CC1
C1CCC(CC2CCCCC2C2CCCCC2)CC1
C1CCC(C2CCCC(C3CCCC(C4CCC(C5CCCC(CC6CCC(C7CCCC7)C6)C5)CC4)C3)C2)CC1
C(CCCC1CCC(CC2CCCCC2)CC1)CCC1CCCCC1
C1CCC(CCC2CCC(C3CCCCC3)CC2)CC1
C1CCC(CCCC2CCC(C3CCCC(CC4CCCC4)C3)CC2)CC1
C1CCC(CC2CCCC(C3CCCC(CC4CC5CCCCC5C4)C3)C2)CC1
C1CCC(C2CCC(CCCC3CC3)CC2)CC1
C1CCC(CC2CCCC(CC3CCCC(C4CCCCC4)C3)C2)CC1
C1CCC(C2CC(C3CCCCC3)C(C3CCC4CCCCC4C3)C(C3CCCCC3)C2)CC1
C1CCC(CCC2CCCC(C3CCC(C4CCCCC4)CC3)C2)CC1
C1CCC(CC2CCC(CC3CCC(C4CCCCC4)CC3)CC2)CC1
C1CCC(C2CCC(CC3CCC(C4CCCC4)CC3)C(CCCC3CCCC3)C2)CC1
C1CCC(CCC2CCCC(C3CCCCC3C3CC4CCCCC4C3)C2)CC1
C1CCC(C2CCC(CCCC3CCC4CCCCC4C3)CC2)CC1
C1CCC(CCCC2CCC(CCCCC3CCC(C4CCCCC4)CC3)CC2)CC1
C1CCC(C2CCC(CC3CCCC(C4CCCCC4)C3)CC2)CC1
C1CCC(CCC2CCCC(C3CCCCC3C3CCC(C4CCCCC4)CC3)C2)CC1
C1CCC(CC2CCCC(C3CCCC(C4CCCCC4)C3)C2)CC1
C1CCC(CC2CCC(CC3CCC4CC(CC5CCC(C6CCCCC6)CC5)CCC34)CC2)CC1
C1CCC(CC2CCC(C3CCCC(CC4CCCCC4)C3)CC2)CC1
C1CCC(C2CCCC3CCC(C4CCC5CCCCC54)CC32)CC1
C1CCC(C2CCCC(CC3CC(C4CCC4)CCC3CC3CC4CCCCC4C3)C2)CC1
C1CCC(CC2CCC(CC3CCC(CC4CCCCC4)CC3)CC2)CC1
C1CCC(CC2CCC(C3CCCCC3C3CCCC3)CC2)CC1
C1CCC(CC2CCC(C(CC3CCCCC3)C3CCC(C4CCCCC4)C(C4CCCC4)C3)CC2)CC1
C1CCC(CCCC2CCCC(C3CCCCC3)C2)CC1
C1CCC(C2CCC(CC3CCC(C4CCC(CC5CCCC5)CC4)CC3)CC2)CC1
C1CCC(CCC2CCC(C3CC(CC4CCCCC4)C4CCCCC43)CC2)CC1
C1CCC(CCCC2CCC(CC3CCCCC3)CC2)CC1
C1CCC(CCC2CC(C3CCCCC3)CC(C3CCCC3)C2)CC1
C1CCC(CC2CCC(CCCCC3CCCC(CC4CC4)C3)CC2)CC1
C1CCC(CCCC2CC(CCC3CCCCC3)CC(C3CCCCC3)C2)CC1
C(CCC1CCC1)CCC1CCCC(C2CCCC(C3CCCCC3)C2)C1
C1CCC(CCC2CCC(C3CCC(CCC4CCC(C5CCCCC5)CC4)C3)CC2)CC1
C1CCC(CCCC2CCC(CCC3CCC(C4CCCCC4)CC3)CC2)CC1
C1CCC(CC2CCC(C3CCC3)C(CCC3CCCC(C4CCCC5CCCCC54)C3)C2)CC1
C1CCC(CCCC2CCC(C3CCCCC3)CC2)CC1
C1CCC(CC2CCC(C3CCCCC3CCC3CCC3)CC2)CC1
C1CCC(CCCCC2CCCC(CC3CCCCC3)C2)CC1
C1CC(C2CCC(C3CCCC(C4CCC(CC5CC6CCCCC6C5)CC4)C3)CC2)C1
C1CCC(CC2CCC(CC3CCCC(C4CCC5CCCC5C4)C3)CC2)CC1
C1CCC(C2CCC(CC3CCCC(C4CCCCC4)C3)CC2)CC1
C1CCC(C2CCC(CCC3CCC(C4CCCCC4)CC3C3CCCC(CC4CC5CCCCC5C4)C3)CC2)CC1
C1CCC(CC2CCC3C(CC4CCCCC4)CC(CCCC4CCCC4)C3C2)CC1
C1CCC(CCC2CCCC(CC3CC3)C2)CC1
C1CCC(CCC2CCCCC2C2CCCCC2)CC1
C(CCCC1CCCC(C2CCCC(CC3CCCC3)C2)C1)CCC1CCCCC1
C1CCC(CC2CC(CCC3CCCC(C4CCCCC4)C3)C3CCCCC23)CC1
C1CCC(CC2CCCCC2CCC2CCC(CC3CCCC4CCCCC43)CC2)CC1
C1CCC(C2CC(CC3CCCCC3C3CCC4CCCC4C3)C3CCCCC32)CC1
C1CCC(C2CCC(C3CCCCC3)C2C2CCCC2)CC1
C1CCC(CC2CCCC(C3CCCCC3)C2)CC1
C1CCC(CC2CCC(CCC3CCCC(C4CCCCC4)C3)CC2)CC1
C1CCC(C2CC3CCCCC3C(C3CCCCC3)C2)CC1
C1CCC(C2CCCC(C3CCCCC3C3CC(C4CCC5CCCCC5C4)C4CCCCC43)C2)CC1
C1CCC(C2CCCC(CCC3CCC(C4CCC(C5CCCCC5)C4)CC3)C2)CC1
C1CCC(C2CCC(CCCCCC3CCCCC3C3CCC4CCCCC4C3)CC2)CC1
C1CCC(CC2CCC(C3CCCC(C4CCC(CCC5CC5)CC4)C3)CC2)CC1
C1CCC2CC(CCC3CCC(CC4CCC(CCC5CC5)CC4)CC3)CCC2C1
C1CCC(C2CCCC(C3CCCCC3)C2)CC1
C1CCC(CC2CCCCC2C2CCCCC2)CC1
C1CCC(C2CCCC(CCC3CCCCC3C3CCC4CCCC4C3)C2)CC1
C1CCC(CC(C2CCCCC2)C2CCC(C3CCCC3)CC2)CC1
C1CCC(CCC2CCC(C3CC(CC4CCCCC4)C4CCCCC43)CC2)CC1
C1CCC(CCCCCC2CCCC(CCC3CCCCC3)C2)CC1
C1CCC(CC2CC(CCC3CCC(C4CC4)CC3)C3CCCCC23)CC1
C1CCC(CC2CCC(C3CCC4CCCC(CC5CCC6CCCC6C5)C4C3)CC2)CC1
C1CCC(CCCC2CC(CC3CCCCC3)CCC2C2CCCCC2)CC1
C1CCC(C2CCCC(C3CCCC3)C2)CC1
C1CCC(CCCC2CC(C3CCCC(CC4CCCCC4)C3)C3CCCCC23)CC1
C1CCC(CCC2CCCC(C3CCCCC3)C2)CC1
C1CCC(CCCC2CCCCC2C2CCCCC2)CC1
C1CCC(CCCC2CCCC(CC3CCCC(CC4CCCCC4)C3)C2)CC1
C1CCC(CCC2CCCC(C3CCC(C4CCCCC4)CC3)C2)CC1
C1CCC(C2CCC(C3CCCC(C4CCCCC4)C3)CC2)CC1
C1CCC(CCCC2CCCC(C3CCCC(C4CC(CC5CCCC5)C5CCCCC54)C3)C2)CC1
C1CCC(CCC2CCC(C3CCCCC3CC3CCCCC3)C(C3CCCCC3)C2)CC1
C1CCC(CCCCC2CCC(CC3CCCCC3)CC2)CC1
C1CCC(CCCCC2CCCC(CC3CC(C4CCCCC4)C4CCCCC34)C2)CC1
C1CCC(CCC2CCCCC2CC2CCCCC2CC2CCCCC2)CC1
C1CCC(CC2CCC(CCC3CCC(CC4CCCCC4)CC3)CC2)CC1
C1CCC2CC(C3CCCCC3C3CCC4C(CCC4C4CCCC4)C3)CCC2C1
C1CCC(CC2CC(C3CCCCC3)C3CCC(C4CCCCC4)CC23)CC1
C1CCC(CC2CCCCC2CCC2CCC3CCCC3C2)C1
C1CCC(CC2CCC(C3CCCC(C4CCCCC4)C3)CC2)CC1
C1CCC(CCC2CCCC(C3CCC(CCC4CCCC4)CC3)C2)CC1
C1CCC(CC2CCCC(CC3CCCCC3C3CCCCC3)C2)CC1
C1CCC(CC2CCCC(CC3CCC(CC4CCC(C5CCCC5)CC4)CC3)C2)CC1
C1CCC(C2CCCC(CC(CC3CCCCC3C3CCCCC3)C3CCCC3)C2)CC1
C1CCC(CC2CCCC(C3CCCC(C4CCC5C(CC6CC6)CCCC5C4)C3)C2)CC1
C1CCC(C2CCC(C3CCCCC3)CC2)CC1
C1CCC(CCCC2CCC(CC3CCC(C4CCCCC4)CC3)CC2)CC1
C(CCCC1CCCC(C2CCC(CC3CC4CCCCC4C3)CC2)C1)CCC1CCCCC1
C1CCC(CCCC2CCC(C3CCCCC3C3CCCCC3)C(C3CCCCC3)C2)CC1
C1CCC(C2CCCC(C3CCCC(C4CCCCC4)C3)C2)CC1
C1CCC(C2CCCC(C3CCCCC3C3CCCCC3)C2)CC1
C1CCC(CC2CCCCC2CCCCCC2CC3CCCCC3C2)CC1
C1CCC(CC2CCCC(C3CCC(CCC4CCCC4)CC3)C2)CC1
C1CCC(C2CC(CCC3CCCC4CCCCC43)CCC2C2CCCCC2C2CCCC2)CC1
C1CCC(CCC2CCC3C(CCC4CCCCC4)CC(C4CCCCC4)C3C2)CC1
C1CCC(C2CCCC(CCC3CCC4CCC(C5CCC6CCCC6C5)CC4C3)C2)CC1
C1CCC(C2CCC(CC3CCC(C4CCC(C5CCCC5)CC4)CC3)CC2)CC1
C1CCC(C2CCCC(C3CCCC(C4CCC(C5CCC6CCCCC6C5)CC4)C3)C2)CC1
C1CCC(CCCC2CCCC(C3CCCC(CC4CCCCC4)C3)C2)CC1
C1CCC(CCC2CCC(CCC3CCCCC3)CC2)CC1
C1CCC(CCC2CCC(CCC3CCCCC3)CC2)CC1
C1CCC(CC2CCC(C3CCCC(CC4CCCC(C5CCCC5)C4)C3)CC2)CC1
C1CCC(CC2CCC(C3CC(C4CCCCC4)C4CCCCC34)CC2)CC1
C1CCC(CC2CCC(C3CCC(C4CCCCC4)C3)CC2)CC1
C1CCC(CCC2CCCC(CC3CCCCC3)C2)CC1
C1CCC(CCCC2CCCC(C3CCC(C4CCCCC4C4CCCC4)CC3)C2)CC1
C1CCC2CC(CCC3CC(C4CCC5CCCCC54)CC4CCCCC43)CC2C1
C1CCC(C2CCCCC2C2CCCCC2)CC1
C1CCC(C2CCCC(C3CCC4CCCC4C3)C2)C1
C1CCC(C2CCCC(CCC3CCCC(CC4CCC5CCCCC54)C3)C2)CC1
C1CCC(C2CCC(C3CCCC4CCCCC43)CC2)CC1
C1CCC(CC2CC3CCCCC3C(C3CCCCC3)C2)CC1
C1CCC(C2CCCCC2)CC1
C1CCC(CC2CCC(CC3CC(C4CCC4)CCC3CC3CC4CCCCC4C3)CC2)CC1
C1CCC(CC2CCCC(C3CC(C4CCCCC4)CC(C4CCCCC4)C3)C2)CC1
C1CCC(CC2CCC(CCCC3CCC(C4CCCCC4)CC3)CC2)CC1
C1CCC(C2CCCC(C3CCCC(C4CCCC5CC(C6CCCCC6)CCC54)C3)C2)CC1
C1CCC(CCC2CCC(CCCC3CCCC(C4CCCCC4)C3)CC2)CC1
C1CCC(CC2CCCC(CC3CCCC(C4CCCC4)C3)C2)CC1
C1CCC(CC2CCC(C3CCC4CCCC4C3)CC2)CC1
C1CCC(CC2CCCCC2CCC2CCCCC2C2CCCCC2)CC1
C1CCC(CCCC2CCC(CC3CCC(CC4CCC(CCC5CCCCC5)CC4)CC3)CC2)CC1
C1CCC(C2CC(C3CCC4CCCCC43)CC3CCC(CCC4CCC5CCCC5C4)CC32)CC1
C1CCC(CCCC2CCCC(CCC3CCCCC3)C2)CC1
C1CCC(C2CCC(CC3CCC(C4CCCC4)C(CC4CCC5CCCC5C4)C3)CC2)CC1
C1CCC(CCC2CCCC(C3CCC3)C2CCC2CCCCC2)CC1
C1CCC(CC2CCC(C3CCCCC3)C(CCCCC3CCCC3)C2)CC1
C1CCC(CC2CC(C3CCC3)CCC2C2CCCCC2)CC1
C1CCC(CC2CCC(CCC3CCCC(C4CCCCC4)C3)CC2)CC1
C1CCC(CCCC2CCC(CC3CCC(CC4CCCCC4)CC3)CC2)CC1
C1CCC(C2CCC(C3CCC(C4CC4)CC3)CC2)CC1
C1CCC(CCC2CCCCC2)CC1
C1CCC(C2CCCC(C3CCCCC3)C2)CC1
C1CCC(CC2CCCCC2C2CCC(C3CCCCC3)CC2)CC1
C1CCC(C2CCC(CCC3CCCC(C4CCCCC4)C3)CC2)CC1
C1CCC(CC2CCC(CC3CCCC(C4CCCCC4)C3)CC2)CC1
C1CCC(CCCCC2CCCCC2)CC1
C1CCC(CCCC2CCC3C(CCC3CC3CCCC(CCC4CCC5CCCC5C4)C3)C2)C1
C1CCC(CC2CCC(CC3CCC(C4CCCC4)CC3)CC2)CC1
C1CCC(C2CCCC(C3CCCC(C4CCC4)C3)C2)CC1
C1CCC(C2CCCCC2)CC1
C1CCC(C2CCC(CC3CC(C4CCCCC4)C4CCCCC34)CC2)CC1
C1CCC(CC2CCCCC2C2CCC(CCC3CCCC(C4CCCCC4)C3)CC2)CC1
C1CCC(CC2CC(C3CCCCC3)CC(C3CCCCC3)C2)CC1
C1CCC(C2CCCCC2)CC1
C1CCC(CC2CCC(CCC(CC3CCCC3)C3CCCCC3)C(C3CCCCC3)C2)CC1
C1CCC(CC2CCCC(CCC3CCC(C4CCCCC4)CC3)C2)CC1
C1CCC(C2CCC(C3CCC(CCCC4CCCC4)CC3)CC2)CC1
C1CCC(C2CCCCC2CCCCC2CCC(C3CCC4CCCC4C3)CC2)CC1
C1CCC(C2CCCC(C3CCC(C4CCCC4)CC3)C2)CC1
C1CCC(CCCC2CCCC(CCC3CCCCC3)C2)CC1
C1CCC(C2CCCCC2)CC1
C1CCC(C2CCC(CC3CC(CC4CCCC(C5CCCCC5)C4)C4CCCCC34)CC2)CC1
C1CCC(CCC2CCC(CC3CCCCC3)CC2)CC1
C1CCC(C2CCC(CC3CCC(CC4CCCC(C5CCC6CCCCC65)C4)CC3)CC2)CC1
C1CCC(CC2CCCC(C3CCCCC3CC3CCCCC3C3CCCCC3)C2)CC1
C1CCC(CCC2CCC(C3CCC(C4CCCCC4CC4CCCCC4)CC3)CC2)CC1
C1CCC(CCC2CCC3C(CC4CCCCC4)CC(C4CCCCC4)C3C2)CC1
C1CCC(CC2CC(C3CCCCC3)CC(C3CCCCC3CC3CCCCC3)C2)CC1
C1CCC(CC2CCC(C3CC(CC4CCCCC4)C4CCCCC43)CC2)CC1
C1CCC(CCCC2CCCC(CC3CCCCC3)C2)CC1
C1CCC(CC2CCC(C3CCCC(CC4CC5CCCCC5C4)C3)CC2)CC1
C1CCC(CCC2CCCC(CC3CCCCC3)C2)CC1
C1CCC(C2CCC(CC3CCCCC3C3CCC4CCCCC43)CC2)CC1
C1CCC(CCCC2CCC(C3CCC(C4CCCCC4)C3)CC2)CC1
C1CCC(CCC2CC(CC3CCCC(C4CCCCC4)C3)C3CCCCC23)CC1
C1CCC(CC2CCC(CC3CCCCC3)CC2)CC1
C1CCC(CCCCCC2CCC(C3CCCC(C4CCCCC4C4CCCCC4)C3)CC2)CC1
C1CCC(C2CCCC(C(C3CCCCC3)C3CCCC(C4CCCC4)C3)C2)CC1
C1CCC(CCC2CCC(C3CCC(C4CC5CCCCC5C4)CC3)CC2)CC1
C1CCC(C2CCC(CCC3CCCC(CC4CCC5CCCCC54)C3)CC2)CC1
C1CCC(CC2CCCC(C3CCC4CCCC4C3)C2)CC1
C1CCC(CCC2CCCC2CC2CCC(CC3CCC(C4CCCCC4)CC3)CC2)CC1
C1CCC(C2CCC(CC3CCCC(C4CCCC4)C3)CC2)C1
C1CCC(CC2CC(C3CCC(C4CCC4)CC3)C3CCCCC23)CC1
C1CCC(CC2CCCC(C3CCCCC3)C2)CC1
C1CCC(C2CCC(CCCC3CCCCC3C3CCCCC3)CC2)CC1
C1CCC(CCC2CC(CC3CCCCC3)CC(C3CCCCC3)C2)CC1
C1CCC(CC2CCC(CCCC3CCCCC3C3CCCCC3)CC2)CC1
C1CCC(CC2CCC3CC(C4CCCCC4)CC(C4CCCCC4)C3C2)CC1
C1CCC(C2CCC(C3CCCCC3)C2)CC1
C1CCC(CCC2CCC(CCC3CCCCC3)CC2)CC1
C1CCC(CCC2CCC(C3CCCCC3C3CCCCC3)CC2)CC1
C1CCC(CC2CCCCC2C2CCC(C3CCCC(C4CCCCC4)C3)CC2)CC1
C1CCC(CCCC2CCCC(CC3CCCCC3)C2)CC1
C1CCC(CC2CCCCC2C2CCCCC2C2CCC3CCCCC3C2)CC1
C(CC1CCC(CC2CC3CCCCC3C2)CC1)CC1CC2CCCCC2C1
C1CCC(CCC2CCC(CC3CCC(CC4CCC(C5CCCCC5)CC4)CC3)CC2)CC1
C1CCC(CCC2CCC(CC3CCCCC3CC3CCCCC3)CC2)CC1
C1CCC(CC2CCCC(CCC3CCCCC3C3CCC4CCCCC43)C2)CC1
C1CCC(C2CCC(CC3CCC(C4CCCCC4)CC3)CC2)CC1
C1CCC(CCC2CCCC(CCCCCC3CCCCC3C3CCC4CCCCC4C3)C2)CC1
C1CCC(C2CCCCC2C2CCC3CCCCC32)CC1
C1CCC(C2CCCCC2)CC1
C1CCC(C2CCCC(C3CCCC(CC4CC5CCCCC5C4)C3)C2)CC1
C1CCC(CCCC2CCCC(C3CCCC(C4CCCCC4)C3)C2)CC1
C1CCC(CCC2CC(CC3CCCCC3)CCC2C2CCCC2)CC1
C1CCC(CCC2CCCCC2)CC1
C1CCC(CCC2CC(CC3CCC(C4CCC(C5CCCCC5)C4)CC3)C3CCCCC23)CC1
C1CCC(CC2CCCCC2CCCC2CC3CCCCC3C2)CC1
C1CCC(CC2CCC(CCCC3CC4CCCCC4C3)C(C3CCCC(C4CCCCC4)C3)C2)CC1
C1CCC(CC2CCC(CC3CCC(C4CCCC4)CC3)CC2)CC1
C1CCC(CCC2CC(C3CCCC(C4CCCCC4)C3)C3CCCCC23)CC1
C1CCC(C2CCC(C3CCCCC3)C(C3CCCC3)C2)CC1
C1CCC(C2CCC(CCCCC3CC4CCCCC4C(C4CCCCC4)C3)CC2)CC1
C1CCC(CC2CCCCC2CC2CC3CCCCC3C2)CC1
C1CCC(C2CCCC(C3CC4CCCCC4C(C4CCCCC4)C3)C2)CC1
C1CCC(CC2CCC(CC3CCCCC3)CC2)CC1
C1CCC(CC2CCCC(CC3CCCCC3)C2)CC1
C1CCC(CCC2CCCC(CC3CCCCC3)C2)CC1
C1CCC(C2CCCC(CCC3CCCCC3C3CCCCC3)C2)CC1
C1CCC(CC2CC(C3CCCCC3)CC(C3CCCC(C4CCCC4)C3)C2)CC1
C1CCC(CCCC2CCCCC2C2CCCCC2)CC1
C1CCC(CCC2CCCC(C3CCCC(C4CCCCC4)C3)C2)CC1
C1CCC(CC2CCCC(C3CCCCC3CCC3CCC(CC4CC5CCCCC5C4)CC3)C2)CC1
C1CCC(C2CCC(CC3CCCC(C4CCCCC4)C3)CC2)CC1
C1CCC(C2CC(C3CCCCC3)C(C3CCCCC3)C3CCCC23)CC1
C(CCCC1CCC(C2CCCCC2)CC1)CCC1CCC(CC2CCCCC2)CC1
C1CCC(CC2CCC(C3CCCC(CC4CCCCC4)C3)CC2)CC1
C1CCC(CC2CCC(CCC3CCCC(C4CCCCC4)C3)CC2)CC1
C1CCC(C2CCCC(C3CCC4CCCC4C3)C2)CC1
C1CCC(C2CCC(CC(C3CCCCC3)C3CCCCC3)CC2)CC1
C1CCC(C2CCC(CCC3CCCC(C4CCC5CCCC5C4)C3)CC2)CC1
C1CCC(CC2CCC(CC3CC4CCCCC4C3)CC2)CC1
C1CCC(C2CCCC(CCCC3CCCCC3C3CCC4CCCC4C3)C2)CC1
C1CCC(CCC2CCC(C3CCCCC3)CC2C2CCCC2)CC1
C1CCC(CCC2CCC(C3CCCCC3)C(C3CCCCC3)C2)CC1
C1CCC(C2CCC(C3CCCC(C4CCCCC4)C3)CC2)CC1
C1CCC(CC2CCC(C3CCCC(CC4CCCC4)C3)CC2)CC1
C1CCC(C2CCCCC2)CC1
C1CCC(C2CCCCC2C2CCC(C3CC3)CC2CC2CCC3CCCCC32)CC1
C1CCC(CCC2CCC(C3CCCC(C4CCCC4)C3)CC2)CC1
C1CCC(CC2CCC(C3CCCCC3)CC2)CC1
C1CCC(CC2CCCC(C3CCCCC3)C2)CC1
C1CCC(CCC2CCC(C3CCCCC3)CC2)CC1
C1CCC(CC2CCCC(C3CCCC(C4CCCC(CC5CCCC(C6CCCC6)C5)C4)C3)C2)CC1
C1CCC(CCCC2CCC(CC3CCC(C4CCCCC4)CC3)CC2CC2CCCCC2)CC1
C1CCC(CCC2CCC3C(C2)CC(C2CCC4CCCCC42)CC3C2CCCCC2)CC1
C1CCC(C2CC(C3CCCCC3)C3CCCCC23)CC1
C1CCC(CC2CCCCC2CC2CCC(C3CC(C4CCCCC4)C4CCCCC34)CC2)CC1
C1CCC(C2CCC(CC3CCC(C4CCC5CCCCC54)CC3)CC2)C1
C1CCC(CCCCCC2CCC(C3CCCCC3)CC2)CC1
C1CCC(CCC2CC(CC3CCC(C4CCCCC4)CC3)CCC2C2CCCCC2)CC1
C1CCC(CC2CCC(CC3CCCCC3)CC2)CC1
C1CCC(CC2CCC(CC(C3CCCCC3)C3CCCCC3)CC2)CC1
C1CCC(C2CCCC(C3CCC4CCCCC4C3)C2)CC1
C1CCC(C2CCCC(C3CCCCC3C3CCCCC3)C2)CC1
C1CCC(CCCCC2CCCC(C3CC4CCCCC4C3)C2)CC1
C1CCC(CCC2CCCC(C3CCC(C4CCC5CCCCC54)CC3)C2)CC1
C1CCC(CCCC2CCCC(CCC3CCCCC3)C2)CC1
C1CCC(CCC2CCC(C3CCCCC3C3CCCCC3)C2)CC1
C1CCC(CC2CCCC(C3CCCCC3)C2)CC1
C1CCC(CC2CCC(CC3CCCCC3)CC2)CC1
C1CCC(CC2CCCCC2)CC1
C1CCC(CC2CCC(C3CCC(CC4CC4)CC3)CC2)CC1
C1CCC(CCC2CCC(CC3CCC(CCCC4CCCCC4C4CCCCC4)CC3)CC2)CC1
C1CCC(CC2CCC(CCC3CCC4CCCC4C3)CC2)CC1
C1CCC(C2CCCC(CCCC3CCCC(C4CCCCC4)C3)C2)CC1
C1CCC(CC2CCC3C(CC4CCC5CCCC5C4)CC(C4CCCCC4)C3C2)CC1
C1CCC(CC2CCC(C3CCCC(C4CCCCC4CC4CCCCC4)C3)CC2)CC1
C1CCC(CCCCC2CCC(C3CCCCC3)CC2)CC1
C1CCC(C2CCCC3CCCCC32)CC1
C1CCC(CC2CCC(C3CCCCC3CC3CCCC(C4CCCC4)C3)CC2)CC1
C1CCC(CCCC2CCC(CC3CC(CCC4CCCC4)CC(CC4CCCCC4)C3)CC2)CC1
C1CCC(CC2CCCC(C3CCCC4CC(C5CCCCC5)CCC43)C2)CC1
C1CCC(C2CCC(C3CCCC3)C(C3CCCCC3)C2)CC1
C(CC1CC2CCCCC2C1)CC1CCCC(C2CCCC(C3CCC(C4CCCC4)CC3)C2)C1
C1CCC(CC2CCC(CC3CCCCC3)CC2)CC1
C1CCC(C2CCCC(C3CCC(CCC4CCCCC4C4CCCC4)CC3)C2)C1
C1CCC(CC2CCC(CCC3CCCC(C4CCCCC4)C3)CC2)CC1
C1CCC(CCC2CCC(C3CCC4CC(C5CCCCC5)CCC43)C(CCCCCC3CC3)C2)CC1
C1CCC(CCCC2CCC(CCC3CCCC4CCCCC43)CC2)CC1
C1CCC(CCCCCC2CCCC(CC3CCC4CCCCC4C3)C2)CC1
C1CCC(CC2CCC(C3CCCCC3)CC2)CC1
C1CCC(CC2CCCCC2C2CCCCC2)CC1
C(CCCCC1CCCC1)CCCCC1CC(C2CCCCC2)CC(C2CCCCC2)C1
C1CCC(CC2CCC(C3CCCCC3)CC2)CC1
C1CCC(C2CCCC(C3CCCC(CC4CCC5CCCCC54)C3)C2)CC1
C1CCC(C2CCCCC2C2CCC(C3CC4CCCCC4C3)CC2)CC1
C1CCC(CC2CCC(C3CCCCC3)CC2)CC1
C1CCC(CC2CCC(CC3CCCCC3)CC2)CC1
C1CCC(CC2CCC(CC3CCC(CC4CCCC(C5CCCCC5)C4)CC3)CC2)CC1
C1CCC(CC2CCCCC2CCCC2CCCC2)CC1
C1CCC(CC2CCC(CCC3CCC(C4CCCCC4C4CCCCC4)CC3)CC2)CC1
C1CCC(C2CC3CCC(C4CCCCC4)CC3C(C3CCCCC3)C2)CC1
C1CCC(C2CCCCC2CCC2CCCC(C3CCCC(CCC4CCC4)C3)C2)CC1
C1CCC(C2CCC(CC3CCCC(C4CCCCC4)C3)CC2)CC1
C1CCC(C2CCCC(C3CC(CC4CCCC(C5CCCC5)C4)C4CCCCC43)C2)CC1
C1CCC(CC2CCCCC2)CC1
C1CCC(CCC2CCCC(C3CCC(CC4CCCCC4)CC3)C2)CC1
C(CCC1CC1)CCC1CC(CC2CC(C3CCCC3)CCC2C2CCC3CCCC3C2)C2CCCCC12
C1CCC(CCC2CCCC(C3CCCC(CCC4CCCC4)C3)C2)CC1
C1CCC(C2CCCC(CC3CC(CC4CCC5CCCCC54)C4CCCCC34)C2)CC1
C1CCC(CC(CC2CCCCC2)C2CCCCC2)CC1
C1CCC(C2CCC(C3CCCCC3)CC2)CC1
C1CCC(CC2CCCC(C3CCCCC3)C2)CC1
C1CCC(CC2CCCCC2CC2CCCC(C3CCCC(C4CCCCC4)C3)C2)CC1
C1CCC(C2CCC(CC3CCCCC3C3CCCCC3)CC2)CC1
C1CCC(CC2CCC(C3CCCC(CC4CC5CCCCC5C4)C3)CC2C2CCCCC2)CC1
C1CCC(CCCCCC2CCC(C3CCCCC3)CC2)CC1
C1CCC(CC2CC(CC3CCCCC3)C3CCCCC23)CC1
C1CCC(CC2CCCC(CC3CC(CC4CCCCC4)C4CCCCC34)C2)CC1
C1CCC(C2CCC(CC3CCCC(CCCC4CCCC4)C3)CC2)CC1
C1CCC(C2CC(C3CCCC3)CC(C3CCCC(C4CCCC4)C3)C2)CC1
C1CCC(C2CCC(CC(C3CCC(C4CCCC4)CC3)C3CC3)CC2)CC1
C1CCC(C2CCC(CCC3CCCC(C4CCCCC4)C3)CC2)CC1
C1CCC(CC2CCC(CCC3CCC(C4CCCCC4)CC3)CC2)CC1
C1CCC(CCC2CCC(CC3CCCCC3)CC2)CC1
C1CCC(CCC2CCCCC2C2CCCCC2)CC1
C1CCC(CCC2CCC(CC3CCCCC3)CC2)CC1
C1CCC(C2CCC(C3CCCC(C4CCCCC4)C3)CC2)CC1
C1CCC(CC2CCC(C3CCC(C4CCCCC4)CC3)CC2)CC1
C1CCC(C2CC(C3CCCCC3)CC(C3CCCCC3)C2)CC1
C1CCC(CC(C2CCCCC2)C2CC(CC3CCCC3)C3CCCCC32)CC1
C1CCC(CCC2CCCC(C3CCCCC3CC3CCCCC3)C2)CC1
C1CCC(C2CCCCC2CCC2CCC(C3CCC4CCCCC4C3)CC2)CC1
C1CCC(C2CCCC(CC3CCCCC3C3CCCCC3)C2)CC1
C1CCC(CC2CCC(CC3CCCC(CC4CC(CC5CCC(C6CCCCC6)CC5)C5CCCCC45)C3)CC2)CC1
C1CCC(CCC2CCC(CCC3CCC4C(CCC4C4CCCCC4)C3)CC2)CC1
C1CCC2CC(C3CCC(CC4CCCC5CCCCC54)CC3)CC2C1
C1CCC(CCCC2CC(CC3CCCC3)C(C3CC3)C(CC3CC3)C2)CC1
C1CCC(CC2CCC(CC3CCC(CCC4CCC(C5CCCCC5)CC4)CC3)CC2)CC1
C1CCC(CC2CCCC(C3CCCC(C4CCC4)C3)C2)CC1
C1CCC2CC(C3CCCCC3C3CCCC(CC4CC4)C3)CC2C1
C1CCC(CC2CCC(C3CCC(C4CCCCC4)CC3)CC2)CC1
C1CCC(CCC2CCCC(CC3CCCC(CC4CCCCC4)C3)C2)CC1
C1CCC(CCCC2CCCC(C3CCCC(C4CCC(C5CCCC(C6CC6)C5)CC4)C3)C2)C1
C1CCC(CC2CCCC(CCC3CC(CC4CCCCC4)C4CCCCC34)C2)CC1
C1CCC(C2CCCC(C3CCC(CC4CCCC4)CC3)C2)CC1
C1CCC(C2CC(C3CCCC3)CC(C3CCCC(CC4CC5CCCCC5C4)C3)C2)CC1
C1CCC(C2CCCC(C3CCCC(C4CCC5CCCCC5C4)C3)C2)CC1
C1CCC(CCCC2CCC(CC3CCC(C4CCCC(C5CCCCC5)C4)CC3)CC2)CC1
C1CCC(C2CC(C3CCCCC3C3CCCCC3)C3CCCCC23)CC1
C1CCC(CCCC2CCCC(C3CCCC(CCC4CCC5CCCC5C4)C3)C2)CC1
C1CCC(CC2CCC(C3CCC(C4CCCCC4)CC3)CC2)CC1
C1CCC(CCC2CCCC(CCCCCC3CCC4CCCCC34)C2)CC1
C1CCC(CCCC2CCCC(CC3CCCCC3)C2)CC1
C1CCC(CCCCCC2CCCC(C3CCCCC3)C2)CC1
C1CCC(CC2CCCCC2C2CCC(C3CCC(C4CCC5CCCCC5C4)CC3)CC2)CC1
C1CCC(CCCCC2CCC(CCCC3CCC(CC4CCCCC4)CC3)CC2)CC1
C1CCC(CCC2CC(CCCCC3CCC4CCCC4C3)CC(C3CCCCC3)C2)CC1
C1CCC(CC2CCCC(C3CCCC(C4CCCCC4)C3)C2)CC1
C1CCC(C2CCCC(CC3CCCC(C4CCC4)C3)C2)CC1
C1CCC(C2CCC(C3CCC(C4CCCC4)CC3)CC2C2CCCC2)CC1
C1CCC(C2CCC(CC3CCCC(C4CCC(C5CCCCC5)CC4)C3)CC2)CC1
C1CCC(C2CCCC(C3CC4CCCCC4C(C4CCCCC4)C3)C2)CC1
C1CCC(CCCC2CCCC(CC3CCCCC3)C2)CC1
C1CCC(C2CCCCC2C2CCCC(C3CCCC3)C2)CC1
C1CCC(CC2CCC(CC3CCCCC3)CC2)CC1
C1CCC(C2CCCCC2)CC1
C1CCC(CCC2CCCC(C3CCCCC3)C2)CC1
C1CCC(CCCC2CCC3CC(C4CCCCC4C4CCC5CCCC5C4)CCC23)CC1
C1CCC(CCCC2CCC3C(CCC3CC3CCCC(C4CCCCC4)C3)C2)CC1
C1CCC(CC2CCCCC2)CC1
C1CCC(C2CCCCC2)CC1
C1CCC(CC2CCC(CC3CCCC(CC4CCCCC4)C3)CC2)CC1
C(CC1CCC(C2CCC2)CC1)CC1CCCC(C2CCC2)C1
C1CCC(C2CCCC(CC3CCCC(CC4CC5CCCCC5C4)C3)C2)CC1
C1CCC(CC2CCCC(CC3CCC(CC4CCCCC4)CC3CCCC3CCCC3)C2)CC1
C1CCC(CC2CCCC(C3CCCC(CC4CCC(C5CCCC5)CC4)C3)C2)CC1
C1CCC(CCCC2CCC(C3CCC(CC4CCCCC4)CC3)CC2)CC1
C1CCC(C2CCCCC2C2CCC3CCCC3C2)CC1
C1CCC(CCCC2CCCCC2CC2CCC(C3CCCC3)CC2)CC1
C1CCC(CCCCC2CCC(CC3CCC(C4CCCCC4)CC3)CC2)CC1
C1CCC(C2CCCC(CC3CCC(C4CCCC(CC5CCCC5)C4)CC3)C2)CC1
C1CCC(CC2CCCC(C3CCCC(C4CCCC4)C3)C2)CC1
C1CCC(C2CCCC(C3CCCCC3CC3CCCC3)C2)CC1
C1CCC(CC2CCC(CC3CCC(CC4CCCC4)CC3)CC2)CC1
C1CCC(CCC2CCCC(C3CCCC(C4CCCCC4)C3)C2)CC1
C1CCC(CCC2CCC(CC3CCC(CC4CCCCC4)CC3)CC2)CC1
C1CCC(C2CCC3CCC(CC4CCCCC4C4CCCC4)CC32)CC1
C1CCC(CCC2CCCC(C3CCCC3)C2)CC1
C1CCC(CC2CCC(CC3CCC(C4CCCCC4)C3)CC2C2CCCCC2)CC1
C1CCC(C2CCCC(C3CCCCC3C3CCCCC3)C2)CC1
C1CCC(C2CC(C3CCCC(CC4CC5CCCCC54)C3)CC3CCCCC32)CC1
C1CCC(CCCC2CCCC(C3CCCC(C4CCC4)C3)C2)CC1
C1CCC(CC2CCCCC2C2CCC(C3CCCCC3)CC2)CC1
C1CCC(C2CCC(C3CCCCC3)CC2)CC1
C1CCC(C2CCCC(CC3CCC4CCCC4C3)C2)CC1
C1CCC(C2CCC(CC3CCCCC3CC3CC4CCCCC4C3)CC2)CC1
C1CCC(CC2CCCCC2C2CC(C3CCC(CCCC4CCC5CCCC5C4)CC3)C3CCCCC32)CC1
C1CCC(CC2CCCC(CC3CCC(C4CCCCC4)CC3)C2)CC1
C1CCC(CCCCC2CCC(C3CCCC(CCC4CCCCC4)C3)CC2)CC1
C1CCC(CC2CC(C3CCCCC3)CCC2C2CCCCC2C2CCCCC2)CC1
C1CCC(CCCCC2CCCC(C3CCCC(CC4CC5CC6CCCCC6C5C4)C3)C2)CC1
C1CCC(CC2CCCCC2C2CCCC(C3CCCCC3)C2)CC1
C1CCC(C2CCC(C3CCC4C(CCCC4C4CCCC(C5CCCCC5)C4)C3)CC2)CC1
C1CCC(C2CC(CCC3CCCC3)C3CC(C4CCCCC4)CCC3C2)CC1
C1CCC(CCCCC2CCCC(C3CCCC(C4CC4)C3)C2)CC1
C1CCC(CC2CC(C3CCC4CCCCC43)CC3CCC(CCCC4CCCC4)CC32)CC1
C1CCC(CCCC2CCCCC2CCC2CC3CCCCC3C2)CC1
C1CCC(CCC2CCCC(CCCC3CC(CC4CCCCC4)C4CCCCC34)C2)CC1
C1CCC2CC(C3CCC4CCCCC43)CCC2C1
C1CCC(CC2CCCCC2C2CC3CCCCC3C(C3CCCCC3)C2)CC1
C1CCC(C2CC(C3CCCCC3)C3CCCCC23)CC1
C1CCC(CC2CCCC(C3CCC(C4CC(C5CCCC5)C5CCCCC45)CC3)C2)CC1
C1CCC(CC2CCC(CC3CCCCC3C3CCCC3)CC2)CC1
C1CCC(CCCC2CCC(C3CCCC3)CC2)CC1
C1CCC(CC2CCCCC2C2CCCCC2)CC1
C1CCC(CC2CCCC3CCC(C4CCCC4C4CCCCC4)CC32)CC1
C1CCC(CC2CCCCC2C2CCCC(CC3CC3)C2)CC1
C1CCC(CC2CCCCC2)CC1
C1CCC(CC2CCCC(C3CCCC(C4CCC(C5CCCCC5)CC4)C3)C2)CC1
C1CCC(C2CCCC(C3CCCC(CCC4CCCC5CCCCC54)C3)C2)C1
C1CCC(C2CCC(CC3CCC(CCCC4CCCC4)CC3)CC2)CC1
C1CCC(C2CCC(CCC3CCC(C4CCC(C5CCCCC5)CC4)CC3)CC2)CC1
C1CCC(CCC2CCC(C3CCCCC3)CC2)CC1
C1CCC(C2CCC(C3CCCCC3C3CCCCC3)C(C3CCCCC3)C2)CC1
C1CCC(CC2CCCC(C3CCCC(C4CCCCC4)C3)C2)CC1
C1CCC(CCC2CCC(CC3CCC(C4CCCC(C5CCC6CCCCC6C5)C4)CC3)CC2)C1
C1CCC(C2CCC3C(CCC3C3CCCC(C4CCCCC4)C3)C2)CC1
C1CCC(C2CCCCC2C2CCC(C3CCC(CCC4CCCC4)CC3)CC2)CC1
C1CCC(CCC2CCCCC2C2CCC(C3CCCCC3)CC2)CC1
C1CCC(C2CCCC(CC3CCCC(C4CCCCC4)C3)C2)CC1
C1CCC(C2CCCCC2C2CCC3CCCC3C2)CC1
C1CCC(CC2CCCC(C3CCCCC3)C2)CC1
C1CCC(C2CCCC(C3CCCC4CCCC43)C2)CC1
C1CCC(CCCCC2CCCC(C3CCCC(C4CCCCC4)C3)C2)CC1
C1CCC(CC2CCCC(C3CCCCC3)C2)CC1
C1CC(C2CCC(CCC3CCCCC3C3CCC3)CC2)CC(C2CC2)C1
C1CCC(C2CCCC3CCC(CC4CC(C5CCCCC5)C5CCCCC45)CC32)CC1
C1CCC(C2CCCC(C3CCCC(CC4CCCC4)C3)C2)CC1
C1CCC(CC2CCCC(C3CCC(C4CCCCC4)CC3)C2)CC1
C1CCC(CCCC2CC(C3CC3)CCC2C2CCCCC2)CC1
C1CCC(CCC2CCCC(C3CCCCC3)C2)CC1
C1CCC(C2CCCC(C3CC(C4CCCCC4)CC4CCCCC43)C2)CC1
C1CCC(CCCC2CCC(C3CCCCC3)CC2)CC1
C1CCC(CCCC2CCC(CC3CCC(CCCC4CCCC4)CC3)CC2)CC1
C1CCC(CCC2CC(CC3CCCC(C4CCC5CCCCC5C4)C3)C3CCCCC23)CC1
C1CCC(CCC2CCC(CCCC3CCC(C4CCCCC4)CC3)CC2)CC1
C1CCC(CC2CCCC(C3CCCCC3)C2)CC1
C1CCC(C2CCCC(C3CCC4CCCCC43)C2)CC1
C1CCC(C2CCC(C3CCCC(C4CCCC4)C3)CC2)C1
C1CCC(C2CCC(C3CCCCC3C3CCCCC3)CC2)CC1
C1CCC(C2CCC(C3CCC(C4CCCCC4)CC3)CC2)CC1
C1CCC(CCCC2CCC(CC3CCC(CCCCC4CCCC4)CC3)CC2)CC1
C1CCC(CCC2CCCC(C3CCCCC3C3CCCCC3)C2)CC1
C1CCC(CC2CCC(C3CCC(CCC4CCC(C5CCCCC5)C4)CC3)CC2)CC1
C1CCC(C2CCC(CC3CCCCC3C3CCC4CCCCC4C3)CC2)CC1
C1CCC(CC2CCC3CC(C4CCCCC4C4CCC4)CCC23)CC1
C1CCC(CCC2CCCC(C3CCCCC3C3CCCCC3)C2)CC1
C1CCC(CC2CCC(CC3CCCCC3CC3CCCCC3)CC2)CC1
C1CCC(C2CCC3CCC(CCC4CCCC(CC5CCC6CCCCC65)C4)CC3C2)CC1
C1CCC(CCCC2CCC(C3CCC(CC4CCCCC4)CC3)CC2)CC1
C1CCC(CC2CCC(C3CCCC(CC4CC4)C3)CC2)CC1
C1CCC(CC2CCCC(C3CCCCC3)C2)CC1
C1CCC(CC2CCC(C3CCCCC3)C2)CC1
C1CCC(CC2CCC(CC3CCC(C4CCCCC4)CC3)CC2)CC1
C1CCC(CCC2CCC(C3CCCCC3)C(C3CCCCC3)C2)CC1
C1CCC(CCC2CCC3CCC(C4CCCCC4)C3C2)CC1
C1CCC(C2CC(C3CCCCC3)C3CCCCC23)CC1
C1CCC(CCC2CCCCC2C2CCC(C3CCC4CCCC4C3)CC2)CC1
C1CCC(CCCCC2CCC(C3CCCCC3)CC2)CC1
C1CCC(CC2CCC(C3CCC(C4CCCC4)CC3)CC2)C1
C1CCC(CC2CCC(CC3CCC4C(CC5CCCCC5)CCC4C3)CC2)CC1
C1CCC(CC2CCCCC2CC2CCC3CCCCC3C2)C1
C1CCC(C2CCC(CCC3CCCCC3C3CCCCC3)CC2)CC1
C1CCC(CCCC2CCCC(C3CCCCC3)C2)CC1
C1CCC(CCC2CCC(CC3CCCC(C4CCCCC4)C3)CC2CC2CCCC2)CC1
C1CCC(CCCC2CCC(CC3CCCCC3)CC2)CC1
C1CCC(CC2CCC(C3CCCC(C4CCCCC4)C3)CC2)CC1
C1CCC(CCC(C2CCCCC2)C2CCCC(C(C3CCCCC3)C3CCC4CCCC4C3)C2)CC1
C1CCC(CCC2CCCCC2)CC1
C1CCC(CCCC2CCC(CCCC3CCCCC3)CC2)CC1
C1CCC(CC2CCCCC2CC2CCCC(C3CCCCC3)C2)CC1
C1CCC(C2CCC(CCC3CCCC(C4CCCCC4)C3)CC2)CC1
C1CCC(CCCC2CCCC(CC3CC4CCCCC4C3)C2)CC1
C1CCC(C2CCCC(CCC3CCC(C4CCCC(C5CCCCC5)C4)CC3)C2)CC1
C1CCC(CC2CCC3CC(C4CCC5CCCCC54)CC(C4CCCCC4)C3C2)CC1
C1CCC(CC2CCC(CCC3CCC(C4CCC5CCCCC5C4)CC3)CC2)CC1
C1CCC(CC2CCCC(C3CCCCC3C3CCCCC3C3CCCC3)C2)C1
C1CCC(CCCC2CCCC(C3CCC(C4CCCCC4)CC3)C2)CC1
C1CCC2C(C1)CCCC2CC1CCC(C2CCCC3CCCCC32)CC1
C1CCC(CCCC2CCCC(C3CCCCC3)C2)CC1
C1CCC(CCC2CCC(CC3CCC(CC4CCCCC4)CC3)CC2)CC1
C1CCC(CC2CCC(C3CCC(C4CCCCC4)CC3)CC2)CC1
C1CCC(C2CCC(C3CC(C4CCC(C5CCCCC5)CC4)C3)CC2)CC1
C1CCC(CCC2CCC(CCCC3CCC(CC4CCC(C5CCCCC5)CC4)C3)CC2)CC1
C1CCC(CCCC2CCC(CC3CCCCC3)CC2)CC1
C1CCC(C2CCC(CC3CCC(CC4CC5CCCCC5C4)CC3)CC2)CC1
C1CCC(C2CCC3CCCC(C4CCCCC4)C3C2)CC1
C1CCC(C2CCCC(CCC3CCC4CC(C5CCCCC5)CCC4C3)C2)CC1
C(CCCC1CCCC(CC2CCCCC2)C1)CCC1CCCCC1
C1CCC(C2CCC(C3CCCCC3)CC2)CC1
C1CCC(CC2CCC(C3CCCCC3)CC2)CC1
C1CCC(CCC2CCC(C3CCCCC3)CC2)CC1
C1CCC(C2CCCC(CCC3CCCCC3C3CCCCC3)C2)CC1
C1CCC(CCC2CCC(CC3CCCCC3)CC2)CC1
C1CCC(CC2CCC(CC3CCCCC3C3CCC4CCCCC4C3)CC2)CC1
C1CCC(C2CCC3C(CCCC3C3CCCC(CCC4CCC(C5CC5)CC4)C3)C2)CC1
C1CCC(C2CCC(C3CCCCC3CC3CCCC(C4CCCC4)C3)CC2)CC1
C1CCC(CCCCC2CCC(CCC3CCCCC3)CC2)CC1
C1CCC(CC2CCC(CC3CCCC3)CC2)CC1
C1CCC(CC2CCC(C3CCCC4CCCCC43)CC2)CC1
C1CCC(CC2CCC(C3CCC4C(CCC4C4CCCCC4)C3)C(C3CCCC3)C2)CC1
C1CCC(C2CCCC(C3CCCCC3)C2)CC1
C1CCC(CC2CCCCC2C2CCC3CCC(CC4CCCCC4)C3C2)CC1
C1CCC(CCCC2CCCC(CC3CCCCC3)C2)CC1
C1CCC(C2CC(C3CCC4CCCCC43)CC3CCC(CCC4CC4)CC32)CC1
C1CCC(C2CCCC(CCC3CCC(CC4CC5CCCCC5C4)CC3)C2)CC1
C1CCC(C2CCCC(C3CCCCC3)C2)CC1
C1CCC(CC2CCC(C3CCCCC3)CC2C2CCCC2)CC1
C1CCC(CC2CCC(C3CCCCC3C3CCCCC3)CC2)CC1
C1CCC(CCC2CC(C3CCCCC3)CC(C3CCCCC3)C2)CC1
C1CCC(CC2CC(C3CCCCC3)C3CCCCC23)CC1
C1CCC(CCC2CCC(CC3CCCCC3)CC2)CC1
C1CCC(C2CCC(C3CCC(C4CCCC4)CC3C3CCC4CCCC4C3)C(C3CCCCC3)C2)CC1
C1CCC(C2CCC3C(CCCC3C3CCCCC3)C2)CC1
C1CCC(CCC2CC(C3CCCCC3)CC(C3CCCCC3)C2)CC1
C1CCC(C2CCCC(C3CCC(CCC4CCC5CCCCC54)CC3C3CCCC3)C2)CC1
C1CCC(CC2CCC(C3CCCCC3)C2)CC1
C1CCC(CCCC2CCC(CC3CCC(CC4CCCCC4)CC3)CC2)CC1
C1CCC(C2CCCC(C3CCCCC3CC3CC4CCCCC4C3)C2)CC1
C1CCC(CC2CCCCC2)CC1
C1CCC(C2CCC(CCC3CCCC(CC4CCCC4)C3)CC2)CC1
C1CCC(CC2CCCC(C3CCC(C4CCC4)CC3)C2)CC1
C1CCC(CC2CCCC(C3CCCC(C(C4CCCCC4)C4CCCC4)C3)C2)CC1
C1CCC(C2CCCCC2C2CCCCC2C2CCCC2)CC1
C1CCC(CC2CCC(CCC3CCC4CCCC4C3)CC2)CC1
C1CCC(CC2CCCCC2CC2CCCCC2CC2CCCCC2CC2CCCCC2)CC1
C1CCC(CC2CCCC(C3CCCCC3)C2)CC1
C1CCC(CC2CCC(CCC3CCCC(C4CCCCC4)C3)CC2)CC1
C1CCC(C2CCCCC2C2CCCC(CC3CCC(C4CCCC4)CC3)C2)CC1
C1CCC(CC2CCC(C3CCCCC3)CC2C2CCCCC2)CC1
C1CCC(CC2CCC(C3CCCCC3)CC2C2CCCC2)CC1
C1CCC(C2CCCC(C3CCCC4CC(C5CCCCC5)CCC43)C2)CC1
C1CCC(CC2CCC(C3CCCCC3C3CCCCC3)CC2)CC1
C1CCC(CCCCC2CCCC(C3CCCCC3C3CCCCC3)C2)CC1
C1CCC(CC2CCC3C(CC4CCCC(CCC5CCC5)C4)CCC3C2)CC1
C1CCC(CCC2CCC(CCC3CCC4CC(C5CCCCC5)CCC4C3)CC2)CC1
C1CCC(CC2CCC(C3CCCC3)CC2)CC1
C1CCC(CC2CCCC(CCCC3CCCCC3CC3CC4CCCCC4C3)C2)CC1
C1CCC(C2CCC(C3CCCCC3)C(C3CCCCC3)C2)CC1
C1CCC(C2CC(CC3CCC4CC(C5CCC(C6CCCC6)CC5)CCC43)C3CCCCC32)CC1
C1CCC(CC2CCC(C3CCCC(CC4CCCC4)C3)CC2)CC1
C1CCC(CC2CCCC(CC3CCCCC3)C2)CC1
C1CCC(CCC2CCCC(C3CC(C4CCCCC4)CC(C4CCCCC4)C3)C2)CC1
C1CCC(CC2CC(C3CCC(C4CCCCC4)CC3)C3CCCCC23)CC1
C1CCC(C2CCCCC2C2CCC(C3CCC(C4CCC5CC(C6CC6)CCC5C4)CC3)CC2)C1
C1CCC(CC2CCCCC2)CC1
C1CCC(CC2CCC(CC3CCC(CC4CCC(C5CCCCC5)CC4)CC3)CC2)CC1
C1CCC(CC2CCCCC2CCCC2CCCC(C3CCCCC3)C2)CC1
C1CCC(C2CCC(C3CCC(C4CCC(C5CC5)CC4C4CCCC4)CC3)C(C3CCCCC3)C2)CC1
C1CCC(CCCCC2CCCCC2CC2CCC(C3CCCCC3)CC2)CC1
C1CCC(C2CCCCC2C2CCC(C3CCCC(C4CCCC4)C3)C2)CC1
C1CCC(CC2CC(C3CCCCC3)CCC2C2CCCCC2)CC1
C1CCC(CC2CCCC(CCCC3CCCCC3C3CCCCC3)C2)CC1
C1CCC(CC2CCC(C3CCC(CCCC4CCCC4)CC3)CC2)CC1
C(CCCC1CCCCC1)CCCC1CCCC2CCCCC12
C1CCC(CC2CCCC(C3CCC(C4CCCCC4)CC3)C2)CC1
C1CCC(CC2CCC(CC3CCCCC3)CC2)CC1
C1CCC(CC2CCCC(C3CCCCC3)C2)CC1
C1CCC(CCCC2CCCC(CCCC3CCCCC3)C2)CC1
C1CCC(C2CCCCC2C2CCC(CC3CCCC(C4CC5CCCCC5C4)C3)CC2)CC1
C1CCC(C2CCC(C3CCCCC3CC3CCCC(C4CCCC4)C3)CC2)CC1
C1CCC(C2CCC3CCCC3C2)CC1
C1CCC(CCCC2CCCC(CC3CCCCC3C3CCCCC3)C2)CC1
C1CCC(C2CCC(CC3CCCC(C4CCC4)C3)CC2CCCC2CCCC2)CC1
C1CCC(CCCC2CCCC(CCC3CCCCC3)C2)CC1
C1CCC(CCC2CCC(C3CCCC(C4CCCCC4)C3)CC2)CC1
C1CCC(CC2CC(CCC3CCC(CC4CCC5CCCC5C4)CC3)C3CCCCC23)CC1
C1CCC(C2CCCCC2CCC2CCCCC2C2CCCC2)CC1
C1CCC(CC2CCCC3CCC(CC4CCCC(C5CCCCC5)C4)CC32)CC1
C1CCC(CCCCC2CCCC(CCC(C3CCCCC3)C3CCC3)C2)CC1
C1CCC(CCCCC2CCCCC2CC2CCCCC2)CC1
C1CCC(CC2CCC3CC(CCC4CCCC(C5CCCCC5)C4)CCC23)CC1
C1CCC(CC2CCCCC2C2CCC3C(CC4CCCC4)CC(C4CC5CCCCC5C4)C3C2)CC1
C1CCC2CC(C3CCC(C4CCCCC4C4CCC5CCCCC54)CC3)CC2C1
C1CCC(CCCC2CC(C3CCCCC3)CCC2C2CCC2)CC1
C1CCC(CC2CCC(CC3CCC(C4CCC(C5CCCC5)C4)CC3)CC2)CC1
C1CCC(CCC2CCCC(CCC3CCCC(C4CCCCC4)C3)C2)CC1
C1CCC(C2CCCC(CC3CC(C4CCCCC4)C4CCCCC34)C2)CC1
C1CCC(CCC2CCCC3CCCC(C4CCC(C5CCCCC5)CC4)C32)CC1
C1CCC(CCCC2CCC(CC3CCC(CC4CC5CCCCC5C4)CC3)CC2)CC1
C1CCC(C2CCC(CC3CCC(CC4CCCC(C5CCCC5)C4)CC3)CC2)C1
C1CCC(C2CCC(C3CCCCC3C3CCCC3)C(C3CCC4CCCC4C3)C2)CC1
C1CCC(C2CCC3CCCCC3C2)CC1
C1CCC(C2CCCC(CCC3CC4CCCCC4C3)C2)CC1
C1CCC(C2CC(C3CCCCC3)CC(C3CCCCC3)C2)CC1
C1CCC(CCC2CCC3C(CC4CCCCC4)CC(C4CC5CCCCC5C4)C3C2)CC1
C1CCC(CC2CCC(C3CCCCC3)CC2)CC1
C1CCC(CC2CCC(C3CCCC(C4CCCC4)C3)CC2)CC1
C1CCC(C2CCCC(C3CCCCC3)C2)CC1
C1CCC(C2CCCC(CCC3CCC(CC4CCC(C5CCC6CCCCC65)CC4)CC3)C2)CC1
C1CCC(CC2CCCC(CC3CC(CC4CCCCC4)CCC3C3CCCCC3)C2)CC1
C1CCC(CCCC2CCC(CC3CCC4CCCCC4C3)CC2)CC1
C1CCC(CCC2CCC(CC3CCCCC3CC3CCCCC3)CC2)CC1
C1CCC(C2CCC(C3CCC(CCC4CCCC4)CC3)CC2)CC1
C1CCC(CCCC2CCCC(C3CCCC(CC4CCCCC4)C3)C2)CC1
C1CCC(CC2CCC(CCC3CCCC(CC4CCCCC4)C3)CC2)CC1
C1CCC(CC2CCC(C3CCC(CC4CCCC4)CC3CC3CCC(C4CCCC4)CC3)C2)CC1
C1CCC(CCCCC2CCC(CC3CCCCC3)CC2)CC1
C1CCC(C2CCC(CC3CCCC(C4CCCC4)C3)CC2)CC1
C1CCC(CC2CC(C3CCCCC3)CC(C3CCCCC3CC3CCCCC3)C2)CC1
C1CCC(CC2CCC(C3CCC(C4CCCCC4)C3)CC2C2CCCCC2)CC1
C1CCC(CC2CCC(C3CCCC(C4CCCC4)C3)CC2)CC1
C1CCC(C2CCC3CC(C4CCC5CCCCC54)CC(C4CCCC4)C3C2)CC1
C1CCC(C2CCCC(CC3CC4CCCCC4C3)C2)CC1
C1CCC(CCC2CCCC(CC3CCCCC3)C2)CC1
C1CCC(CC2CCCC(C3CCCCC3)C2)CC1
C1CCC(CC2CCC(CC3CCCC(C4CCC5CCCC5C4)C3)CC2)C1
C1CCC(C2CCCC(CC3CC(CC4CCC5CCCCC5C4)C4CCCCC34)C2)CC1
C1CCC(CC2CCC(CC3CCC(C4CCCCC4)CC3)CC2)CC1
C1CCC(C2CCC(CC3CC(C4CCCC(C5CCCC5)C4)C4CCCCC34)CC2)CC1
C1CCC(CC2CCC(CCC3CCCC3)C(C3CCCCC3C3CCCC3)C2)CC1
C1CCC(C2CCC(CC3CCC(CC4CCCC(C5CCCC(C6CCCCC6)C5)C4)CC3)CC2)CC1
C1CCC(C2CCC(C3CCCCC3)CC2)CC1
C1CCC(CC2CCC(CC3CCCCC3)CC2)CC1
C1CCC(C2CCC(CCCC3CCCC(C4CCCCC4)C3)CC2)CC1
C1CCC(CC2CCCC(C3CCCCC3)C2)CC1
C1CCC(CC2CCC(CC3CCCCC3)CC2)CC1
C1CCC(C2CCC(C3CCC(C4CC4)CC3)CC2)CC1
C1CCC(C2CCC(CCC(C3CCCCC3)C3CCCCC3)CC2)CC1
C1CCC(CC2CCCC(C3CCCCC3)C2)CC1
C1CCC(C2CCCC(C3CCCCC3)C2)CC1
C1CCC(CCCCC2CCCC(C3CC4CCCCC4C3)C2)CC1
C1CCC(CC2CCC(CC3CCC(C4CCC5CCCCC5C4)CC3)CC2)CC1
C1CCC(C2CCCC(C3CCCC(C4CCCCC4)C3)C2)CC1
C1CCC(CC2CCCC(C3CCCCC3)C2)CC1
C1CCC(C2CCCC(CC3CCCCC3CC3CCC(C4CCCC4)CC3)C2)CC1
C1CCC(CCCCC2CCCC(C3CCCCC3)C2)CC1
C1CCC(C2CC(CC3CCC(CC4CCCC4)CC3)CCC2C2CCC2)CC1
C1CCC(CCC2CCCC2C2CCCC(CC3CCCCC3)C2)CC1
C1CCC(C2CCC(C3CCC4CCCCC43)CC2C2CCCCC2)CC1
C1CCC(CCCCC2CC(C3CCC4CCCCC43)CC3CCCCC23)CC1
C1CCC(CC2CCCC(C3CCCC(C4CCC(C5CCCCC5)C5CCCC45)C3)C2)CC1
C1CCC(CCC2CCCC(C3CCC4CCCCC4C3)C2)CC1
C1CCC(C2CCC(CC3CCC4CCCC4C3)CC2)CC1
C1CCC(CCCC2CCC(CC3CCC4CCCC4C3)CC2)CC1
C1CCC(CC2CCCC(C3CCCCC3)C2)CC1
C1CCC(CC2CCC(CCCC(C3CCCCC3)C3CC3)CC2)CC1
C1CCC(CC2CCCCC2C2CCCCC2)CC1
C1CCC(CC2CCC(C3CCCC(C4CCCC(C5CCCCC5)C4)C3)CC2)CC1
C1CCC(C2CCCC(C3CCC(CC4CCC(CCC5CC6CCCCC6C5)CC4)CC3)C2)CC1
C1CCC(CCCCC2CCCC(C3CCCC(CCC4CC5CCCCC5C4)C3)C2)CC1
C1CCC2CC(CCC3CC(C4CCCC(CC5CCC6CCCCC65)C4)C4CCCCC34)CC2C1
C1CCC(CCCC2CCCCC2C2CCCCC2C2CCCCC2)CC1
C1CCC(C2CCC(CCC3CC4CCCCC4C3)CC2C2CCCCC2)CC1
C1CCC(C2CCC(C3CCCCC3)CC2)CC1
C1CCC(CCC2CC(C3CCCCC3)CCC2CC2CCC2)CC1
C1CCC(CC2CCC(C3CCC(CC4CC4)CC3)CC2)CC1
C1CCC(CCC2CCC(C3CCCCC3)CC2)CC1
C1CCC(C2CCCC(C3CCCCC3)C2)CC1
C1CCC(C2CCC(C3CCC(C4CCCCC4C4CCCCC4)C3)CC2)CC1
C1CCC(CC2C(C3CCCCC3)CCCC2C2CCCC2)CC1
C1CCC(CC2CCC(C3CCCCC3)CC2C2CCCCC2)CC1
C1CCC(CCCC2CCCCC2)CC1
C1CCC(CCCCC2CCC(C3CCCC(C4CCCCC4)C3)CC2)CC1
C1CCC(CCC2CC(C3CC4CCCCC4C(C4CCCCC4)C3)CCC2C2CCCCC2)CC1
C1CCC(CCC2CC(CC3CCCCC3)CC(C3CCCCC3)C2)CC1
C1CCC(CCCCC2CCCC(CC3CCCCC3)C2)CC1
C1CCC(CC2CCC(C3CCCC(CC4CCCCC4)C3)CC2)CC1
C1CCC(CC2CCCCC2C2CCC3CCCC3C2)CC1
C1CCC(C2CCC(C3CCC4CCCCC43)CC2)CC1
C1CCC(C2CCCCC2C2CCCC(CCC3CCC(CCC4CCCC4)CC3)C2)CC1
C1CCC(CCCCC2CCCCC2CC2CCCCC2)CC1
C1CCC(C2CCC(C3CCC(C4CC(C5CCCCC5)C4)CC3)CC2)CC1
C1CCC(CC2CCCCC2C2CCC(C3CCCC(C4CCCCC4)C3)CC2)CC1
C1CCC(CCC2CCC(C3CCCCC3)CC2)CC1
C1CCC(CC2CCCCC2C2CCCC(C3CCC(C4CCCC(C5CCCC5)C4)CC3)C2)CC1
C1CCC(CC2CCCCC2C2CCCCC2)CC1
C1CCC(C2CCCC(C3CCCCC3)C2)CC1
C1CCC(C2CCCC(C3CCC(CC4CCCCC4C4CCCCC4)CC3)C2)CC1
C1CCC(CC2CCC(CC3CCCCC3)CC2)CC1
C1CCC(CCC2CCCCC2C2CCCCC2C2CCCCC2)CC1
C1CCC(C2CCC(C3CC4CCCCC4C3)CC2)CC1
C1CCC(CCC2CCCC(C3CC(C4CCCCC4)CC(C4CCCCC4)C3)C2)CC1
C1CCC(C2CCC(C3CC(C4CCCCC4C4CCC5CCCC5C4)C4CCCCC34)CC2)C1
C1CCC(C2CCC(C3CCCC(C4CCCCC4)C3)CC2)CC1
C1CCC(CCCCC2CCC(CC3CCC(C4CCCCC4)CC3)CC2)CC1
C1CCC(CCC2CCCCC2CCC2CCC(CC3CCCCC3)CC2)CC1
C1CCC(CC2CCC(CC3CCC(CCC4CC4)CC3)CC2)CC1
C1CCC(C2CCC(CC3CCCC(C4CCCCC4)C3)CC2)CC1
C1CCC(CCC2CCCC(CC3CCCCC3)C2)CC1
C1CCC(CCCC2CCCC(C3CCC(C4CCC(C5CCCC5)CC4)CC3)C2)CC1
C1CCC(CC2CCC(CC3CCCC(C4CCCCC4)C3)CC2)CC1
C1CCC(CCC2CCC(C3CCCC(CC4CCCCC4)C3)CC2)CC1
C1CCC(C2CCCC(CC3CCCC(C4CCCCC4)C3)C2)CC1
C1CCC(CC2CCC(CC3CCCC(C4CCCCC4)C3)CC2)CC1
C1CCC(CC2CCCC(C3CCC(CCC4CCCCC4C4CCCC4)CC3)C2)CC1
C1CCC(CCC2CCCC(C3CCC(C4CCCC4)CC3)C2)CC1
C1CCC(CC(C2CCCC2)C2CCC(CCC3CCCC3)CC2)CC1
C1CCC(C2CCCC(CC3CCCC(CC4CCCC4)C3)C2)CC1
C1CCC(CCC2CCCC(CC3CCCCC3)C2)CC1
C1CCC(CCC2CCCC(CC3CCCC(CC4CCCC(C5CCC5)C4)C3)C2)CC1
C1CCC(C2CCCC(CC3CCCC(C4CCCCC4)C3)C2)CC1
C1CCC(CCCC2CCC(CC3CCC(CC4CCCCC4)CC3)CC2)CC1
C1CCC(C2CCCCC2C2CCC(C3CC3)CC2C2CCCCC2)CC1
C1CCC(C2CCCCC2)CC1
C1CCC(CC2CCC(C3CCC4CCCCC43)CC2CC2CCCCC2)CC1
C1CCC(CCC2CC(C3CCCCC3)CCC2C2CCCC(C3CCCCC3)C2)CC1
C1CCC(C2CCCCC2C2CCCCC2)CC1
C1CCC(CCC2CCC(CCC3CCCC(C4CCCCC4)C3)CC2)CC1
C1CCC(CCCC2CCCCC2C2CCC(CC3CCCCC3)CC2)CC1
C1CCC(CC2CCC(CC3CCC4CCCCC43)CC2)CC1
C1CCC(CCC2CCC(C3CCCCC3)CC2)CC1
C1CCC(CC2CCCC(C3CCCC(C4CCCC4)C3)C2)CC1
C1CCC(CC2CCCC3CC(C4CCCCC4CC4CCC(C5CCCCC5)CC4)CCC23)CC1
C1CCC(CC2CCC(CC3CCCC(CC4CCCCC4)C3)CC2)CC1
C1CCC(CCCCC2CCC3CC(C4CCC5CCCCC54)CC(C4CCCCC4)C3C2)CC1
C1CCC(CC2CCCC(C3CCCC4CCCCC43)C2)CC1
C1CCC(C2CCCC(C3CC(C4CCCCC4)C(C4CCCCC4)C(C4CCCC4)C3)C2)CC1
C1CCC(CCCCC2CCC(CC3CCCCC3C3CCCC3)CC2)CC1
C1CCC(C2CCCC(C3CCC(C4CCCC(C5CCCCC5)C4)CC3)C2)CC1
C1CCC(CC2CCC(CCC3CCCCC3CC3CCCCC3)CC2)CC1
C1CCC(CCCCC2CC(CC3CCCC(C4CCCCC4)C3)C3CCCCC23)CC1
C1CCC(CCC2CCC(C3CCCC(C4CCC(CCC5CC5)CC4)C3)CC2)C1
C1CCC(CCC2CCCC(C3CC(CCC4CCCCC4)CC4CCCCC43)C2)CC1
C1CCC(C2CCCC(CCC3CCCCC3C3CCC(C4CCC4)CC3)C2)CC1
C1CCC(CCCCCC2CCC(C3CCCCC3)CC2)CC1
C1CCC(CC2CCC3CC(C4CCC5CCCCC54)CC(C4CCCCC4)C3C2)CC1
C1CCC(CC2CCC(CC3CCCC(C4CCCCC4)C3)CC2)CC1
C1CCC(CC2CCCC(C3CCCC(C4CCCCC4)C3)C2)CC1
C1CCC(C2CCCCC2C2CCCCC2)CC1
C1CCC(C2CCCC(C3CCCC(C4CCCCC4)C3)C2)CC1
C1CCC(CC2CCCCC2C2CCCCC2C2CCCCC2)CC1
C1CCC(CC2CCC(CC3CCC(C4CCCC4)CC3)CC2)CC1
C1CCC(CC2CCCC(C3CCC(CC4CC5CCCCC5C4)CC3)C2)CC1
C1CCC(CC2CCCCC2C2CCC(C3CCCC(C4CC5CCCCC5C4)C3)C3CCCC23)CC1
C1CCC(CCC2CCCCC2C2CCCCC2CC2CCCCC2)CC1
C1CCC(C2CCCC(CC3CCCCC3CCCC3CCCC3)C2)CC1
C1CCC(C2CCC(CC3CCC(CC4CC5CCCCC5C4)CC3)CC2)CC1
C1CCC(CCCC2CCCC(CC3CCC4CCCCC4C3)C2)CC1
C1CCC(CC2CCCC(C3CCCCC3)C2)CC1
C1CCC(CCCC2CCC(CC3CCC(C4CCCC(CC5CCC5)C4)CC3)CC2)CC1
C1CCC(CCC2CCC(CC3CCC(CC4CCCCC4C4CCCC4)CC3)CC2)CC1
C1CCC(CCCC2CCC(CC3CCCCC3)CC2)CC1
C1CCC(CCCCC2CCCCC2C2CCCCC2)CC1
C1CCC(CC2CCC(C3CCC(C4CCCC4)CC3)CC2)CC1
C1CCC(CCC2CCCC(C3CCCC(CC4CCCCC4)C3)C2)CC1
C1CCC(CC2CCC(CC3CC3)CC2)CC1
C1CCC(CC2CCC(CC3CCCC(C4CCCC4)C3)CC2)CC1
C1CCC(CC2CCCC(C3CCCCC3)C2)CC1
C1CCC(CCC2CCCCC2C2CCCCC2)CC1
C1CCC(C2CC(C3CCC4CCCCC43)CC3CCCCC32)CC1
C(CCC1CCCC1)CCC1CCC(C2CCC(C3CCCCC3)CC2)CC1
C1CCC(CCC2CCC(CC3CCC(CC4CCCCC4)CC3)CC2)CC1
C1CCC(CC2CCCCC2CCCCCC2CCC(C3CCCCC3)CC2)CC1
C1CCC(CCC2CCC(C3CCC(C4CCC5CCCCC54)CC3)CC2)CC1
C1CCC(CCCCCC2CCC(C3CCCCC3)CC2)CC1
C1CCC(CCC2CCCC(C3CCCCC3)C2)CC1
C1CCC(C2CCC(C(C3CCCCC3)C3CC3)CC2)CC1
C1CCC(CC2CCC(CCCC3CCCC(C4CCCCC4)C3)CC2)CC1
C1CCC(C2CC(C3CCCCC3)CC(C3CCCCC3)C2)CC1
C1CCC(CCC2CCCCC2)CC1
C1CCC(CCC2CCC(C3CCCC(C4CCCCC4)C3)CC2)CC1
C1CCC(CC2CCC(C3CCCC(CC4CCCCC4)C3)CC2)CC1
C1CCC(C2CCC(C3CCCC(C4CCCCC4)C3)CC2)CC1
C1CCC(CC2CCC(C3CCC(C4CCCCC4)CC3)CC2)CC1
C1CCC(CCC2CCCC(C3CCCCC3)C2)CC1
C1CCC(CC2CCC(CC3CCCCC3)CC2)CC1
C1CCC(C2CCCC(C3CCC(C4CC(C5CCCCC5)C4)CC3)C2)CC1
C1CCC(CCCC2CCCC(C3CCCCC3)C2)CC1
C1CCC(CC2CCCC(C3CCCC(C4CCCCC4)C3)C2)CC1
C1CCC(CC2CCC(C3CCCC(C4CCCCC4)C3)CC2)CC1
C1CCC(CC2CCCC(CC3CCC(C4CCCC4)CC3)C2)CC1
C1CCC(CCC2CCCC2C2CCCCC2)CC1
C1CCC(CC2CCC(CCCCC3CCC4CCCC4C3)CC2)CC1
C1CCC(CC2CCC(C3CC(CC4CCCC(C5CCCCC5)C4)C4CCCCC43)CC2CC2CC2)CC1
C1CCC(CCCC2CC(CC3CCCCC3)C3CCC(CC4CCCCC4)CC23)CC1
C1CCC(CC2CCCC(C3CCCC(C4CCCCC4)C3)C2)CC1
C1CCC(CC2CCC(C3CCCC3C3CCCCC3)CC2)CC1
C1CCC(CC2CC(C3CCCCC3)CC(C3CCCC3)C2)CC1
C1CCC(CC2CCCC(C3CCCC(C4CCCC(C5CCC6CCCCC65)C4)C3)C2)CC1
C1CCC(CCCC2CCC(CC3CCCC(C4CCCCC4CC4CCCCC4)C3)CC2)CC1
C1CCC(CC2CCCC(C3CCCC(C4CCCC4)C3)C2)CC1
C1CCC(CCCC2CC(CCC3CCCCC3)C3CCCCC23)CC1
C1CCC(C2CCC(C3CCCC(C4CCC(C5CCC5)CC4)C3)CC2)C1
C1CCC(CC2CCCC(CC3CCCC(C4CCC(CC5CCCC5)CC4)C3)C2)CC1
C1CCC(CC2CCC(CCCCC3CCC4CCCCC34)CC2)CC1
C1CCC(CC2CCCC(C3CCC(C4CCCC(CC5CC6CCCCC6C5)C4)CC3)C2)CC1
C1CCC(CC2CCCC(C3CC(CC4CCCCC4)C4CCCCC43)C2)CC1
C1CCC(CCC2CCC(C3CCCCC3)CC2)CC1
C1CCC(CCCC2CCCC(C3CCC(C4CCCCC4)CC3)C2)CC1
C1CCC(C2CCCCC2CCC2CCC(C3CCC3)CC2)CC1
C1CCC(CC2CCCCC2C2CCCCC2)CC1
C1CCC(CC2CCC(C3CCCC(CCC4CC5CCCCC5C4)C3)CC2)CC1
C1CCC(C2CC(CCCC3CCCCC3C3CCCCC3)CC(C3CCC3)C2)CC1
C1CCC(CC2CC(C3CCCCC3)C3CCCCC23)CC1
C1CCC(C2CCC(C3CCCCC3)CC2)CC1
C1CCC(CC2CCC3CC(C4CCCCC4)CC(C4CCCCC4)C3C2)CC1
C1CCC(CC2CCC(C3CCCCC3C3CC4CCCCC4C3)CC2)CC1
C1CCC(C2CCC(CCCC3CCCCC3C3CCCC3)CC2)C1
C1CCC(CC2CCC(CC3CCCCC3)CC2)CC1
C1CCC(CC2CCC(C3CCCC(C4CCCCC4)C3)CC2)CC1
C1CCC(CCC2CCC(C3CCC(C4CC5CCCCC5C4)CC3)CC2)CC1
C1CCC(CC2CCCCC2C2CCCCC2)CC1
C1CCC(CC2CCC(C3CCCCC3)C(C3CCCCC3)C2)CC1
C1CCC(C2CCCC(C3CCCCC3)C2)CC1
C1CCC(C2CCCC(C3CCC(CCC4CCCC4)CC3)C2)CC1
C1CCC(C2CCCC(CC3CCC(C4CCCCC4)C3)C2)CC1
C1CCC(C2CCC(CCC3CCCCC3CCCC3CCCC3C3CCCC4CCCCC43)CC2)CC1
C1CCC(C2CCC(C3CCCCC3C3CCC4CCCCC4C3)CC2)CC1
C1CCC(CCCCC2CCC(CC3CCCCC3)CC2)CC1
C1CCC(CC2CCCCC2C2CCCCC2)CC1
C1CCC(C2CCC(CCC3CCC(CC4CCC(C5CCCCC5)CC4)CC3)CC2)CC1
C1CCC(C2CCCC(C3CCCC(CCC4CCCCC4C4CCCCC4)C3)C2)CC1
C1CCC(CCC2CCCC(C3CCC(C4CCCCC4)CC3)C2)CC1
C1CCC(CC2CCC(CC3CCC(C4CCCC4CC4CCCCC4)CC3)CC2)CC1
C1CCC(CCCCC2CCCC(C3CCC(C4CCCCC4)CC3C3CCCC3)C2)CC1
C1CCC(CCC2CCC(C3CCCC(CC4CCCCC4)C3)CC2)CC1
C1CCC(C2CCC(C3CCCCC3C3CCCC3)CC2C2CCCCC2)CC1
C1CCC(C2CCC(C3CCCCC3)CC2)CC1
C1CCC(CCC2CC(CCC3CCCCC3)CC(C3CCCCC3CC3CCCCC3)C2)CC1
C1CCC(C2CCC(C3CCC4CCCCC4C3)CC2)CC1
C1CCC(C2CCC(C3CCC(C4CCC5CCCCC54)C3)CC2)CC1
C1CCC(C2CCCC(CCC3CCC(C4CCCCC4C4CCCC4)CC3)C2)CC1
C1CCC(CC2CCC(C3CCC(CCC4CC5CCCCC5C4)CC3)CC2)CC1
C1CCC(C2CCC(CCC3CCCC(C4CCCCC4)C3)CC2)CC1
C1CCC(C2CC(CCC3CCCC3)CC3CCC(CCCC4CC4)CC32)CC1
C1CCC(CCC2CCCC(C3CCC(C4CCCCC4)CC3)C2)CC1
C1CCC(CC2CC(C3CCCC(C4CCC5CCCCC5C4)C3)C3CCCCC23)C1
C1CCC(C2CCC(C3CCCCC3C3CCC4CCCCC4C3)C(C3CCCCC3)C2)CC1
C1CCC(CCC2CC(CC3CCC(C4CCCC4)CC3)CC(C3CCCC3)C2)CC1
C1CCC(C2CCCC(C3CCCC4CC(C5CCCCC5C5CCC5)CCC43)C2)C1
C1CCC(CC2CCC(CCC3CC(C4CCCCC4)C4CCCCC34)CC2)CC1
C1CCC(CC2CCCC(CC3CCCCC3)C2)CC1
C1CCC(CCCCC2CCCCC2CC2CCCCC2)CC1
C1CCC(CCC2CCCC(C3CC(C4CCCCC4)C4CCCCC34)C2)CC1
C1CCC(CC2CCC(CC3CCCCC3)C(CCC3CCCC(C4CCCCC4)C3)C2)CC1
C1CCC(C2CCC(CC3CCC(C4CCC4)C(C4CCCCC4)C3)CC2)CC1
C1CCC(C2CCC3CC(C4CCC(C5CC6CCCCC6C5)CC4)CCC3C2)CC1
C1CCC(CC2CCCC(C3CCCCC3)C2)CC1
C1CCC(CC2CCCCC2)CC1
C1CCC(CC2CCC(CCC3CCCC(CC4CC5CCCCC5C4)C3)CC2)CC1
C1CCC(C2CCCC(C3CCC(CC4CCC(C5CCCC(C6CCCCC6)C5)C4)CC3)C2)CC1
C1CCC(C2CCCC(C3CCCCC3)C2)CC1
C1CCC(CCCC2CCCC(C3CCCCC3)C2)CC1
C1CCC(CC2CCCC(CCC3CCCCC3CC3CCCCC3)C2)CC1
C1CCC(CCC2CCC(C3CCCCC3)CC2)CC1
C1CCC(CCC2CCC(CC3CCCCC3)CC2)CC1
C1CCC(CCCCC2CCCC(C3CCC(CC4CC5CCCCC5C4)CC3)C2)CC1
C1CCC(C2CCC(C3CCCCC3C3CCCCC3)CC2)CC1
C1CCC(C2CCCC(CC3CCC(C4CCCCC4C4CCCCC4)CC3)C2)CC1
C1CCC(CC2CCC(C3CCC(CC4CCCC(CC5CCCCC5)C4)CC3)CC2)CC1
C1CCC(C2CCC(C3CCCCC3)CC2)CC1
C1CCC(CC2CCC(C3CCC4CCCC4C3)CC2C2CCCC2)CC1
C1CCC(C2CCCC(C3CC(C4CCCCC4)CCC3C3CCCCC3)C2)CC1
C1CCC(CC2CCCC(C3CCCCC3)C2)CC1
C1CCC(C2CCCC(C3CCCCC3)C2)CC1
C1CCC(CCC2CCC(CCCC3CCC(CC4CCCCC4)CC3)CC2)CC1
C1CCC(C2CC(C3CCCCC3)CC(C3CCC4CCCCC4C3)C2)CC1
C1CCC(CC2CCC(CC3CCCCC3)CC2)CC1
C1CCC(CC2CCC(CCCCC3CCCC(C4CCCCC4)C3)CC2)CC1
C1CCC(CCC2CCCCC2)CC1
C1CCC(CCC2CCC(C3CCCCC3)CC2)CC1
C1CCC(CC2CCCCC2C2CCC(C3CCC4CCCC4C3)CC2)CC1
C1CCC(CCC2CCC(CCCC3CCCC(CC4CCCC4)C3)CC2)CC1
C1CCC(CCC2CC(C3CCCCC3)C3CCCCC23)CC1
C1CCC(CC2CC(C3CCCCC3)CC(C3CCCCC3)C2)CC1
C1CCC(C2CCC(C3CCCCC3)CC2)CC1
C1CCC(C2CCC(C3CCC(C4CCCCC4)CC3)CC2)CC1
C1CCC(C2CCC(C3CCC(C4CCCC4)CC3C3CCC4CCCC4C3)CC2)C1
C1CCC(CCC2CCC(CC3CCCCC3C3CC3)CC2)CC1
C1CCC(C2CCC(C3CCCCC3)CC2)CC1
C1CCC(CC2CCC(C3CCCCC3)CC2)CC1
C1CCC(C2CCCC(C3CCCCC3)C2)CC1
C1CCC(CCCCC2CCCC(C3CCCCC3)C2)CC1
C1CCC(CCCC2CCC(CC3CCC(CC4CCCCC4)CC3)CC2)CC1
C1CCC(CCC2CCCC(C3CCCCC3C3CCC(C4CCC4)CC3)C2)CC1
C1CCC(CC2CCCC(CCC3CC4CCCCC4C3)C2)CC1
C(CCC1CCC(C2CCC(CC3CC4CCCCC4C3)CC2)CC1)CC1CCC1
C1CCC(CC2CC(CC3CCCCC3)C3CCCCC23)CC1
C1CCC(C2CCC(C3CCCC(C4CCCCC4)C3)CC2)CC1
C1CCC(CC2CC(C3CCC(C4CCCCC4)CC3)C3CCCCC23)CC1
C1CCC(CC2CCCC(CCCCCC3CCC(C4CCCCC4)CC3)C2)CC1
C1CCC(CCC2CCCC(C3CCCCC3)C2)CC1
C1CCC(CC2CCC(C3CCCCC3)CC2)CC1
C1CCC(C2CCCC(CC3CCCC(C4CCCCC4)C3)C2)CC1
C1CCC(C2CCC(C3CCCCC3)CC2)CC1
C1CCC(C2CCC(CCC3CCCC3)CC2)CC1
C1CCC(CCCCC2CCC(CC3CCC(CC4CCCC4)CC3)CC2)CC1
C1CCC(CCC2CCC(C3CCCCC3)C(C3CCCCC3)C2)CC1
C1CCC(CC2CCC(C3CCCC(CCC4CCCC(C5CCCC5)C4)C3)CC2)CC1
C(CCCC1CCCC(CC2CCCCC2)C1)CCC1CCCCC1
C1CCC(CC2CC(C3CCCCC3)CC(C3CCCCC3)C2)CC1
C1CCC(CCC2CCCCC2)CC1
C1CCC(CC2CCCCC2CCC2CCCC(C3CCCC(C4CCC4)C3)C2)C1
C1CCC(C2CCCC(C3CCCCC3C3CC(C4CCCCC4)C4CCCCC43)C2)CC1
C1CCC(C2CCC(C3CCCCC3C3CCCCC3)CC2)CC1
C1CCC(C2CCCC(CC3CCC(C4CCC5CCCC5C4)CC3)C2)CC1
C1CCC(CC2CC(CC3CCCCC3)C3CCCCC23)CC1
C1CCC(C2CCCC(CC3CCC4CCCCC43)C2)CC1
C1CCC(CCCCCC2CCC(C3CCCCC3)CC2)CC1
C1CCC(C2CCC(CC3CCC(CC4CCC(CC5CC6CCCCC6C5)CC4)CC3)CC2)CC1
C1CCC(CC2CCC(C3CC4CCCCC4C3)CC2)CC1
C1CCC(C2CCCCC2)CC1
C(CCC1CCCC(C2CCCC2)C1)CCC1CCC2CCCC2C1
C1CCC(CC2CCC(CC3CCC(C4CCCCC4)CC3)CC2)CC1
C1CCC(CC2CCC(CC3CCC(CC4CCC4)CC3)CC2)C1
C1CCC(C2CCC(CC3CCC(CC4CCC(CC5CCCC5)CC4)CC3)C2)CC1
C1CCC(CCC(CCC2CCC(CC3CCCCC3)CC2)C2CCC3CCCCC3C2)CC1
C1CCC(CCC2CCCC(CCC3CCCCC3)C2)CC1
C1CCC(CC2CCCC(C3CCCCC3)C2)CC1
C1CCC2CC(C3CCC(CCC4CCCCC4C4CCCC4)CC3)CC2C1
C1CCC(CCCC2CCC(CC3CCCCC3)CC2)CC1
C1CCC(CCC2CCCCC2C2CCCCC2)CC1
C1CCC(C2CCCC(CCCCCC3CCCC4CCCCC34)C2)CC1
C1CCC(CC2CCCCC2C2CCCCC2CC2CCCC(C3CCCCC3)C2)CC1
C1CCC(CC2CCC(C3CCCCC3)C2)CC1
C1CCC(CC2CCCC(CC3CCCC(C4CCCCC4)C3)C2)CC1
C1CCC(CCCCC2CC(CC3CCCC(C4CCC4)C3)C3CCCCC23)CC1
C1CCC(CC2CCC(C3CCCCC3C3CCC4CCCC4C3)CC2)CC1
C1CCC(C2CCC(C3CCCCC3)CC2)CC1
C1CCC(CCCCCC2CCC(CC3CCCCC3)CC2)CC1
C1CCC(C2CC(CC3CCC3)CC(C3CCC3)C2C2CCCCC2)CC1
C1CCC(CCC2CCC(CCCCCC3CCC4CCCC4C3)CC2)CC1
C1CCC(CCC2CCC(C3CCCCC3)CC2)CC1
C1CCC(CCCC2CC(CC3CCCCC3)CCC2C2CCCCC2)CC1
C1CCC(CC2CCCC(C3CCCCC3)C2)CC1
C1CCC(CC2CCC(CC3CCC(CC4CCCC(C5CCCC5)C4)CC3)CC2)CC1
C1CCC(CC2CCC(CC3CCC(CC4CCCCC4)CC3)CC2)CC1
C1CCC(CC2CCC(CCCC3CCC(C4CCCCC4)CC3)CC2)CC1
C1CCC(CC2CCC(C3CCCCC3)CC2)CC1
C1CCC(C2CCCC(C3CCCC(C4CCCC(C5CCCCC5)C4)C3)C2)CC1
C1CCC(CCC2CCC(CC3CCC(CCC4CCCCC4)CC3)CC2)CC1
C1CCC(CCC2CCCC(CC3CCCCC3)C2)CC1
C1CCC(C(CC2CCCC2)C2CCCC(C3CCC4CCCCC43)C2)CC1
C1CCC(C2CCC(CCCC3CCCC(C4CCCCC4)C3)CC2)CC1
C1CCC(CC2CCC(C3CCCCC3)C(CC3CCCCC3)C2)CC1
C1CCC(C2CCCCC2)CC1
C1CCC(CCCC2CCC(CC(CC3CCCCC3)CC3CCCCC3)CC2)CC1
C1CCC(C2CCC(C3CCC(C4CCCCC4C4CCCCC4)CC3)CC2)CC1
C1CCC(CCCC2CCCCC2C2CCCCC2)CC1
C1CCC(CCCC2CCCC(C3CCC(C4CCCC4)CC3)C2)C1
C1CCC(CC2CCCC(C3CCC(C4CCCCC4C4CCC(C5CCCC(C6CCCC6)C5)C4)CC3)C2)C1
C1CCC(C2CCCCC2C2CCCCC2C2CCC3CCCC3C2)CC1
C1CCC(CC2CCC(CC3CCCC(CC4CCCCC4)C3)CC2)CC1
C1CCC(CC2CCCC(C3CCC(C4CC(CC5CCCCC5)C5CCCCC54)CC3)C2)CC1
C1CCC(CCC2CCCC(CC3CCCCC3)C2)CC1
C1CCC(CC2CCC(CC3CCCC(C4CCCC(C5CCCC5)C4)C3)CC2)CC1
C1CCC(CCCC2CC(CC3CCCC(C4CCCC4)C3)C3CCCCC23)CC1
C1CCC(CC2CCC(CCC3CCC4C(CCCC4C4CCC5CCCCC54)C3)CC2)C1
C1CCC(C2CCCCC2C2CCC(C3CCC(C4CCCC4)CC3)CC2)CC1
C1CCC(CC2CCCCC2CC2CCCC(C3CCC4CCCC4C3)C2)CC1
C1CCC(CC2CCC(CC3CCCCC3)CC2)CC1
C1CCC(CCC2CCC(C3CCCCC3CC3CCCCC3)CC2)CC1
C1CCC(C2CCC(CC3CCCC3)CC2)CC1
C1CCC(CC2CCC(C3CC(CC4CCCCC4)C4CCCCC43)CC2)CC1
C1CCC(CC2CCCC(C3CCC(C4CCCC(C5CCCCC5)C4)CC3)C2)CC1
C1CCC(CC2CC(CC3CCC4CCCC4C3)CC(C3CCCCC3)C2)CC1
C1CCC(CC2CCCC(CC3CCCC(C4CCCCC4)C3)C2)CC1
C1CCC(CC2CCCC(C3CCCCC3C3CCC4C(CCCC4C4CCCCC4)C3)C2)CC1
C1CCC(CC2CCC(C3CCCCC3)CC2)CC1
C1CCC(C2CCCCC2)CC1
C1CCC(CC2CC(C3CCC(CC4CCC(C5CCCCC5)CC4)CC3)C3CCCCC23)CC1
C1CCC(C2CCC(CCCCC3CCCC(C4CCCCC4)C3)CC2)CC1
C1CCC(CC2CC(CC3CCC(CC4CCC(C5CCCCC5)CC4)CC3)C3CCCCC23)CC1
C1CCC(CC2CCCC(C3CCCCC3)C2)CC1
C1CCC(C2CCC(C3CCCCC3)C(C3CCCC3)C2)CC1
C1CCC(CCC2CCC(C3CCCCC3)CC2)CC1
C1CCC(CCCC2CCC(CC3CCCCC3)CC2)CC1
C(CC1CCC(C2CCC2)CC1)CC1CCCC(C2CCCC2)C1
C1CCC(C2CCC(C3CCCCC3)CC2)CC1
C1CCC(CC2CCCC(C3CCCC(C4CCCCC4)C3)C2)CC1
C1CCC(CCCCC2CCCCC2)CC1
C1CCC(CCCC2CCCC(C3CCC(C4CC5CCCCC5C4)CC3)C2)CC1
C1CCC(CCC2CCC(CCC3CCCCC3)CC2)CC1
C1CCC(CC2CCCCC2)CC1
C1CCC(C2CCCCC2C2CCC3C(CCCC3C3CCCCC3)C2)CC1
C1CCC(CCCC2CCCCC2C2CCC(CC3CCCCC3)CC2)CC1
C1CCC(C2CCCC(C3CCC4CCCC4C3)C2)CC1
C1CCC(CC2CC(C3CCCCC3C3CCCC3)C3CCCCC23)CC1
C1CCC(CCC2CCC(CC3CCC(C4CCCCC4)CC3)CC2)CC1
C1CCC(CC2CCC3CCC(C4CCCCC4)CC32)CC1
C1CCC(CCCC2CCC(CCC3CCC(CC4CCCCC4)CC3)CC2)CC1
C1CCC(CCCCC2CCCC(C3CCCCC3)C2)CC1
C1CCC(C2C(C3CCC4CCCCC4C3)CCC2C2CCCCC2C2CCC3CCCC3C2)CC1
C1CCC(C2CCCC(C3CCCC(C4CC(C5CCCCC5)C5CCCCC45)C3)C2)CC1
C1CCC(CC2CCCC(C3CCCCC3CC3CCCCC3)C2)CC1
C1CCC(C2CCC3CCCC3C2)CC1
C1CCC(CC2CCC(C3CCCC(CC4CCCC4)C3)CC2)CC1
C1CCC(CC2CCC(CC3CCC(CCCC4CCC5CCCCC5C4)CC3)CC2)CC1
C1CCC(CC2CCCC(C3CCCC(CC4CCC5CCCCC54)C3)C2)CC1
C1CCC(CC2CCC(CC3CCCC3CC3CC(C4CC4)CCC3C3CCCC(C4CCCCC4)C3)CC2)CC1
C1CCC(C2CCC(CC3CC4CCCC4C4CCCCC34)CC2)CC1
C1CCC(CCCC2CCC(CC3CCCCC3)CC2)CC1
C1CCC(CCC2CCC(C3CCCCC3)C(C3CCC4CCCCC4C3)C2)CC1
C1CCC(CC2CCCCC2)CC1
C1CCC(CC2CCCC(C3CCCCC3)C2)CC1
C1CCC(C2CCCCC2C2CCCC(CCC3CCCC3)C2)CC1
C1CCC(CCC2CCCCC2C2CCCC(C3CCC3)C2)CC1
C1CCC(CC2CCC(C3CCCC3)CC2C2CCCCC2)CC1
C1CCC(CC2CCC3CC(C4CCC(C5CCCCC5)CC4)CCC23)CC1
C1CCC(CC2CCCC(C3CCCCC3C3CCCCC3)C2)CC1
C1CCC(CCCC2CC(C3CCCCC3)CCC2CC2CCCCC2)CC1
C1CCC(CCC2CC3CCCCC3C2)CC1
C1CCC(CC2CCC3C(C4CCCCC4)CC(C4CCCCC4)C3C2)CC1
C1CCC(CC2CCCC(C3CCC(C4CCCCC4)CC3)C2)CC1
C1CCC(CCCC2CCCCC2C2CCC(CCC3CCCCC3)CC2)CC1
C1CCC(CCC2CCCC(C3CCC(C4CCCCC4)CC3)C2)CC1
C1CCC(CC2CCC(C3CCCC(C4CCCCC4C4CCCCC4)C3)CC2)CC1
C1CCC(CCCC2CC(C3CCCCC3)C3CCCCC23)CC1
C1CCC(CC2CCC(C3CCCC(CC4CC4)C3)CC2)CC1
C1CCC(C2CCCC(CCCC3CC4CCCCC4C3)C2)CC1
C1CCC(CC2CCC(C3CCCCC3C3CCCCC3)CC2)CC1
C1CCC(CCCCC2CCC(CCCC3CCCCC3)CC2)CC1
C1CCC(C2CCCC(C3CC(C4CCCCC4)C4CCCCC34)C2)CC1
C1CCC(CC2CCCC(C3CCCC(C4CCCCC4)C3)C2)CC1
C1CCC(CC2CCCC(CCC3CCCC(CC4CC(CC5CCCCC5)C5CCCCC45)C3)C2)CC1
C1CCC(C2CCC(C3CCCCC3)CC2)CC1
C1CCC(CC2CC(CC3CCC(C4CCCCC4)CC3)C3CCCCC23)CC1
C1CCC(C2CCC3CCC(CCC4CCC(CC5CCC6CCCCC65)CC4)CC32)CC1
C1CCC(CC2CCC(CCCCC3CCC(CC4CCC4)CC3)CC2)CC1
C1CCC(CC2CCC(C3CCCC(CC4CC5CCCCC5C4)C3)CC2)CC1
C1CCC(C2CCCCC2CCC2CCCCC2C2CCCCC2)CC1
C1CCC(CCC2CC(C3CCC(CC4CCCCC4)CC3)C3CCCCC23)CC1
C1CCC(C2CCC(C3CCC(C4CCCCC4)CC3)CC2)CC1
C1CCC(C2CCCCC2C2CCCCC2)CC1
C1CCC(CC2CCCC(C3CCCC4CC(C5CCCCC5C5CCCC5)CCC43)C2)CC1
C1CCC(CC2CCC(CC3CCC(CCC4CCCC(CC5CCC5)C4)CC3)CC2)CC1
C1CCC(CCC2CCCC(C3CCCCC3)C2)CC1
C1CCC(CCC2CC(CC3CCCCC3)CC(C3CCCCC3)C2)CC1
C1CCC(C2CCCC(C3CCC4CCC(C5CCCCC5)CC43)C2)CC1
C1CCC2C(C1)CC2CC1CCCC(C2CCCCC2C2CCCC2)C1
C1CCC(C2CCC3CC(C4CCC(C5CCCC5)CC4)CC(C4CCCCC4)C3C2)CC1
C1CCC(CC2CCCCC2C2CCC(C3CCCC(C4CCCCC4)C3)CC2)CC1
C1CCC(CC2CCCCC2C2CCCCC2C2CCCCC2)CC1
C1CCC(CCC2CCCCC2CC2CCCC(C3CCCCC3)C2)CC1
C1CCC(CC2CCC(CCCC3CCCC(CC4CCCCC4)C3)CC2)CC1
C1CCC(C2CCCC(C3CCC(C4CCCCC4C4CCCCC4)CC3)C2)CC1
C1CCC(CC2CCCC(CCC3CCC(C4CCCCC4)CC3)C2)CC1
C1CCC(CCCC2CCC(C3CCC(CC4CCCCC4)CC3)CC2)CC1
C1CCC(CC2CCCC(C3CCC4CCCC4C3)C2)CC1
C(CC1CCC(CC2CCC(C3CCC4CCCC4C3)CC2)CC1)CC1CCC2CCCCC2C1
C1CCC(CCCC2CC(C3CCCC3)CC(C3CCCC(C4CCC5CCCC5C4)C3)C2)CC1
C1CCC(CCCCC2CCCCC2CC2CCCCC2)CC1
C1CCC(C2CCCC2C2CC(C3CCC4CCCCC43)CC3CCCCC32)CC1
C1CCC(CC2CCC(C3CC(C4CCC(CC5CCCCC5)CC4)C3)CC2)CC1
C1CCC(C2CC(CC3CC3)CC(C3CCCC(C(C4CCCCC4)C4CCCC4)C3)C2)CC1
C1CCC(C2CCC(C3CCCC4CCCCC43)C(C3CCCC3)C2)CC1
C1CCC(CCCC2CCC(C3CCCC(C4CCC4)C3)CC2)CC1
C1CCC(CCCCC2CCC(CCCC3CCCCC3)CC2)CC1
C1CCC(C2CCC(CCC3CCC(CC4CC5CCCCC5C4)CC3)CC2)CC1
C1CCC(CC2CCC(C3CCCC(C4CCC(C5CCCCC5)CC4)C3)CC2)CC1
C1CCC(CCC2CCC(C3CCCCC3)CC2)CC1
C1CCC(C2CCC(CCC3CCC(C4CCC5CCCC5C4)CC3)CC2)C1
C1CCC(C2CCCCC2)CC1
C1CCC(CCCCC2CCCCC2)CC1
C1CCC(C2CCCC(CC3CC(C4CCCC(C5CCCCC5)C4)C4CCCCC34)C2)CC1
C1CCC(C2CCC(CCCC3CCCCC3C3CCCC4CCCCC43)CC2)CC1
C1CCC(C2CCC(CC3CCC(C4CCCC4)CC3)CC2)CC1
C1CCC(CC2CCC3CC(CCCC4CCC5CCCC5C4)CC(C4CCCCC4)C3C2)CC1
C1CCC(CC2CCCC(CC3CCCCC3)C2)CC1
C1CCC(CCCC2CCC(C3CCC(C4CCCCC4)CC3)CC2C2CCCC2)CC1
C1CCC(C2CCCC(CC3CCCC(C4CC4)C3)C2)CC1
C1CCC(C2CCC(CCC3CCC3)CC2)CC1
C1CCC(C2CCCC(C3CCCCC3)C2)CC1
C1CCC(CC2CCC(C3CCCCC3)CC2)CC1
C1CCC(C2CCC(CC3CCC(CCC4CC5CCCCC5C4)CC3)CC2)C1
C1CCC(CC2CCCC(C3CCC4CCCCC43)C2)CC1
C1CCC(C2CCC(C3CCCC(C4CCC(C5CCCC5)CC4)C3)CC2)CC1
C1CCC(CC2CCC(C3CCC4CCCCC4C3)CC2CCC2CC2)CC1
C1CCC(C2CCCC(CC3CCCCC3C3CCC4CCCCC4C3)C2)CC1
C1CCC(CC2CCC(C3CCC(C4CCCCC4)CC3)CC2)CC1
C1CCC(CC2CCC(CC3CCC(C4CCCCC4)CC3)CC2)CC1
C1CCC(C2CCCC(CC3CCCC(C4CCC(C5CC5)CC4)C3)C2)C1
C1CCC(C2CCC(CC3CCCC3)CC2)CC1
C1CCC(C2CCC(C3CCC4CCCCC4C3)C2)CC1
C1CCC(CC2CCC(C3CCC(C4CCCCC4)CC3CCC3CCCC3)CC2)CC1
C1CCC(CC2CCC(CC3CCC(C4CCCCC4)CC3)CC2)CC1
C1CCC(CC2CCC(C3CCCC3)CC2)CC1
C1CCC(CC2CCCC(C3CCCCC3C3CCCCC3)C2)CC1
C1CCC(C2CCC(C3CCCC3)CC2C2CCCCC2)CC1
C1CCC(CCCCC2CCCCC2)CC1
C1CCC(CC2CCCCC2)CC1
C1CCC(CC2CC(C3CCCCC3)C(C3CCCCC3CC3CC4CCCCC4C3)C2)CC1
C1CCC(C2CCCCC2C2CCC3CCCC3C2)CC1
C1CCC(C2CCCC(C3CCCCC3)C2)CC1
C1CCC(CC2CCC(CC3CCC(CC4CCC(C5CCCCC5)CC4)C3)C2)CC1
C1CCC(C2CCC(C3CCCC(C4CCCC5CCCCC54)C3)CC2)CC1
C1CCC(C2CCCC(C3CC(C4CCCCC4)CC(C4CCCCC4)C3)C2)CC1
C1CCC(C2CCC3CCCC(C4CCCCC4)C3C2)CC1
C1CCC(CCC2CCCC3CC(C4CCCCC4C4CCCCC4)CCC23)CC1
C1CCC(C2CCC(CC3CCCC(CCC4CCC(C5CCC5)CC4)C3)CC2)CC1
C1CCC(CCC2CC(C3CCC(CC4CCCCC4)CC3)C3CCCCC23)CC1
C1CCC(CC2CCC(C3CCC(C4CCCCC4)CC3)CC2)CC1
C1CCC(C2CCC(CCC3CCC4CCCCC4C3)CC2)CC1
C1CCC(CCC2CCC(C3CC3)CC2)CC1
C1CCC(CC(C2CCCCC2)C2CCCC(C3CCCC(C4CCCCC4)C3)C2)CC1
C1CCC(CCCCC2CCC(CC3CCC(CCC4CCCCC4)CC3)CC2)CC1
C1CCC(CCCC2CCC(CC3CCC(C4CCCCC4)CC3)CC2)CC1
C1CCC(C2CCCC(C3CCCCC3)C2)CC1
C1CCC(CC2CC(C3CCCCC3)CCC2CC2CCCCC2C2CCCCC2)CC1
C1CCC(CC2CCC(CC3CCC(C4CCCCC4)CC3)C(C3CCCC3)C2)CC1
C1CCC(CCCC2CCC(CCC3CCCCC3)CC2)CC1
C1CCC(CCCC2CC(C3CC3)CCC2CC2CCCCC2)CC1
C1CCC(CC2CCC(C3CCCCC3C3CCCCC3C3CCC(C4CCC5CCCCC54)CC3)CC2)CC1
C1CCC(CC2CCCC(C3CCCCC3)C2)CC1
C1CCC(CCC2CCCC(CC3CCCC3)C2)CC1
C(CCC1CCCC1)CCC1CCC(C2CCCC(C3CCCCC3)C2)CC1
C1CCC(C2CCCC(C3CCCCC3)C2)CC1
C1CCC(CC2CCCC(C3CCCC(CCC4CCC(C5CCCCC5)CC4)C3)C2)CC1
C1CCC(CCCC2CC(CC3CCCCC3)CCC2C2CCCC(C3CCC3)C2)CC1
C1CCC(CC2CCC(CCC3CCC(C4CCCCC4)CC3)CC2)CC1
C1CCC(CC2CCCCC2C2CCC(CCC3CCC(C4CCCCC4)CC3)CC2)CC1
C1CCC(CC2CCCC(CC3CCCC(CC4CCCC5CCCCC54)C3)C2)CC1
C1CCC(CC2CC(C3CCCCC3)CC(C3CCCCC3)C2)CC1
C1CCC(C2CC(C3CCCC(CC4CCC(C5CCCC5)CC4)C3)C3CCCCC23)CC1
C1CCC(C2CCCC(CCCCC3CCC(C4CCCC4)CC3)C2)CC1
C1CCC(C2CCCC(C3CC(C4CCCCC4)C4CCCCC34)C2)CC1
C1CCC(C2CCCC(C3CCC(CCC4CC5CCCCC5C4)CC3)C2)CC1
C1CCC(CCC2CC(C3CCCCC3)CC(C3CCCCC3)C2)CC1
C1CCC(CCC2CCCC(C3CC(CC4CCCCC4)C4CCCCC43)C2)CC1
C1CCC(C2CCCCC2C2CCCCC2C2CCCC2)CC1
C1CCC(CC2CCCCC2C2CCC(C3CCCCC3)CC2)CC1
C1CCC(C2CCCC(CC3CC(C4CCCCC4)C4CCCCC34)C2)CC1
C1CCC(CC2CCCC(CCCC3CCCC(C4CCCCC4)C3)C2)CC1
C1CCC(C2CCC(CC3CCC4CCCCC43)CC2)CC1
C1CCC(C2CCC(CC3CCCC3)CC2)CC1
C1CCC(CC2CCCC(CCCCC3CCCC(C4CCCCC4)C3)C2)CC1
C1CCC(CC2CCCC(C3CCCC(C4CCCCC4)C3)C2)CC1
C1CCC(C2CC3CCC(C4CCCCC4)CC3C(C3CCCCC3)C2)CC1
C1CCC(C2CCCC(CCCC3CCCC(C4CC5CCCCC5C4)C3)C2)CC1
C1CCC2C(C1)CCC2CCC1CC2CCCCC2C(C2CCCC2C2CCCC2)C1
C1CCC(CC2CCCC(C3CCCC(C4CCCCC4)C3)C2)CC1
C1CCC(CCC2CCC(C3CCCCC3CCC3CCCCC3)CC2)CC1
C1CCC(C2CCC(C3CCC3)CC2)CC1
C1CCC(C2CCC(CCC3CCC(CC4CC5CCCCC5C4)CC3)CC2)CC1
C1CCC(CC2CCC(CC3CCC(CCCC4CCCCC4CC4CCCCC4)CC3)CC2)CC1
C1CCC(CCCC2CCC(CC3CCCCC3)C(CC3CC3)C2)CC1
C1CCC(CC2CCC(CC3CCCC(C4CCCCC4)C3)CC2)CC1
C1CCC(CC2CCCC(C3CCCCC3)C2)CC1
C1CCC(CC2CC(CCCC3CCC(C4CCCCC4)CC3)C3CCCCC23)CC1
C1CCC(CC2CCC(CC3CCC(CC4CCCC(C5CCCCC5)C4)CC3)CC2)CC1
C1CCC(CC2CCC(C3CCCCC3)C(CC3CC4CCCCC4C3)C2)CC1
C1CCC(CCC2CCCC(C3CCC(C4CCC(CC5CCCCC5)CC4)CC3)C2)CC1
C1CCC(CCC2CCC(CCC3CCCC(C4CCCCC4)C3)CC2)CC1
C1CCC(CC2CC(C3CCCCC3)CC(C3CCCCC3)C2C2CCCCC2)CC1
C1CCC(CCC2CCCC(CC3CCCCC3)C2)CC1
C1CCC(CCC2CCC(CCCC3CCCC(C4CCCCC4)C3)CC2)CC1
C1CCC(CC2CCCCC2C2CC(C3CCC4CCCCC43)CC3CCCCC32)CC1
C1CCC(CCCC2CCC(CC3CCCCC3)CC2)CC1
C1CCC(CCCC2CCC(CC3CCCCC3CCC3CCCCC3)CC2)CC1
C1CCC(CCCCCC2CCCC(CC3CCCCC3)C2)CC1
C1CCC(CC2CCCC(CC3CCCCC3C3CCC(CC4CC4)CC3)C2)C1
C1CCC(CC2CCC(C3CCCCC3CC3CCCCC3)CC2)CC1
C1CCC(C2CCC(C3CCCCC3)CC2)CC1
C1CCC(C2CCC(CCCC3CC(C4CCCCC4)CC(C4CCCC4)C3)CC2)CC1
C1CCC(C2CC(C3CCCCC3)CC(C3CCCC3)C2)CC1
C1CCC(C2CCCC(C3CCC4CCCCC4C3)C2)CC1
C1CCC(CC2CCC(C3CCC(C4CCC(C5CCCCC5)CC4)CC3)CC2)CC1
C1CCC(CCC(C2CCCCC2)C2CCC3CCCCC32)CC1
C1CCC(CCC2CCCC(CC3CCCCC3)C2)CC1
C1CCC(CCCCCC2CCC(C3CCCCC3)CC2)CC1
C1CCC(C2CCCC(C3CC(CC4CC4)CC(C4CCCCC4C4CCCC4)C3)C2)CC1
C1CCC(C2CCCC(C3CCCCC3)C2)CC1
C1CCC(C2CCC(CCC3CCC(C4CCCC(C5CC5)C4)CC3)CC2)CC1
C1CCC(CC2CCC(CC3CCCC(C4CCCCC4)C3)C(C3CCCCC3)C2)CC1
C1CCC(CCCCC2CCCC(CCC3CCCCC3CCC3CC3)C2)CC1
C1CCC(CC2CCC(C3CCCC(CC4CCCCC4)C3)CC2)CC1
C1CCC(CC2CC3CCC(C4CCCCC4)CC3C(C3CCCCC3)C2)CC1
C1CCC(CCC2CCCC(CC3CCCC(C4CCC(C5CCCC5)CC4)C3)C2)C1
C1CCC(CCC2CCCC(C3CCCC(CC4CCCCC4)C3)C2)CC1
C1CCC(CCC2CCC(CCC3CCC(C4CCCCC4C4CC4)CC3)CC2)CC1
C1CCC(C2CCC(CC3CC(CC4CCCC4)C4CCCCC34)C(CC3CC4CCCCC4C3)C2)CC1
C1CCC(C2CCC(CC3CCCC3)C(CCCC3CCC(C4CC4)CC3)C2)CC1
C1CCC(CCCC2CCCC(CCCC3CCC3)C2)CC1
C1CCC(CC2CC(C3CCCCC3)C3CCCCC23)CC1
C1CCC(C2CC(C3CC(C4CCCC4)CCC3C3CCCCC3)C3CCCCC23)CC1
C1CCC(CC2CCCC(C3CCCC(CCCC4CCCC4)C3)C2)CC1
C1CCC(CC2CCC(CC3CCCC(C4CCCCC4)C3)CC2)CC1
C1CCC(CCC2CC(C3CCCC3)CCC2CC2CCCCC2CC2CCCCC2)CC1
C1CCC(C2CCC(C3CCCCC3C3CCCCC3)CC2)CC1
C1CCC(C2CCCCC2CC2CC3CCCCC3C2)CC1
C1CCC(CCC2CCC(C3CCC(C4CCCCC4)C4CCCC43)C(C3CCCC3)C2)CC1
C1CCC(CCCC2CC(CC3CCCCC3)C3CCCCC23)CC1
C1CCC(C2CCC(C3CCCC(C4CCCCC4)C3)CC2)CC1
C1CCC(C2CCC(C3CCCCC3)C(C3CCCCC3)C2)CC1
C1CCC(CCCCCC2CCCCC2CC2CCCCC2C2CCCC(C3CCCC3)C2)CC1
C1CCC(CC2CCC(CCCC3CCCCC3C3CCCCC3)CC2)CC1
C1CCC(C2CCC(C3CCCCC3)CC2)CC1
C1CCC(C2CCCCC2C2CCC(C3CCCC3)C(C3CCCCC3)C2)CC1
C1CCC(C2CCCCC2C2CCC3CCCC3C2)CC1
C1CCC(C2CCCCC2)CC1
C1CCC(CCC2CCC(C3CCCC(CC4CCCC4)C3)CC2)CC1
C1CCC(CC2CCCC(C3CCCCC3)C2)CC1
C1CCC(CCCCCC2CCC(C3CCC(C4CC4)CC3)CC2)CC1
C1CCC(C2CCCC(C3CCC(C4CCCCC4C4CCCCC4)CC3)C2)CC1
C1CCC(C2CCC(CC3CCC(C4CCCCC4C4CCCC4)CC3)CC2)CC1
C1CCC(C2CCCCC2C2CCCCC2)CC1
C1CCC(C2CCC(CC3CCCC(CCC4CCC(C5CCC6CCCCC6C5)CC4)C3)CC2)CC1
C1CCC(CC2CCCCC2CC2CCCCC2C2CCCCC2)CC1
C1CC2CCC(CCC3CCC(CCC4CC5CCCCC5C4)CC3)CC2C1
C1CCC(CCCC2CCCC(C3CCCCC3C3CCCCC3)C2)CC1
C1CCC(CC2CCC(C3CCCC(CC4CCC5CCCCC54)C3)CC2)CC1
C1CCC(CCCC2CCCCC2)CC1
C1CCC(C(CCC2CC3CCCCC3C2)C2CCCC(C3CCCC(C4CC4)C3)C2)CC1
C1CCC(CCC2CCC(C3CCC(C4CCCCC4)CC3)CC2)CC1
C1CCC(CC2CCCCC2CC2CCCCC2)CC1
C1CCC(C2CCC(C3CCC(CCC4CCC5CCCCC54)CC3)CC2)CC1
C1CCC(C2CCCC(CC3CCCC(C4CC4)C3)C2)CC1
C1CCC(C2CCCC(CCCC3CCCC(C4CCCCC4)C3)C2)CC1
C1CCC(CC2CCC(CC3CCCC(C4CCC5CCCCC54)C3)CC2C2CCCC2)CC1
C1CCC(C2CCCC(CC3CCCC4CC(C5CCCCC5)CCC34)C2)CC1
C1CCC(CCCC2CCCCC2C2CCCCC2)CC1
C1CCC(CC2CCC(C3CCCC(CC4CCCCC4)C3)CC2)CC1
C1CCC(C2CCC(CC3CCC(CCCC4CCCC4)CC3)CC2)CC1
C1CCC(C2CCC(C3CCCCC3C3CCCCC3)CC2)CC1
C1CCC(CCC2CCC(C3CCCCC3)CC2)CC1
C1CCC(CC2CCC(CC3CCC4C(CC5CCCCC5)CCC4C3)CC2)CC1
C1CCC(C2CC(C3CCCCC3)C3CC(CCC4CCC5CCCCC54)CCC23)CC1
C1CCC(CC2CCCC(CC3CC(C4CCC(C5CC6CCCCC6C5)CC4)C4CCCCC34)C2)CC1
C1CCC(CCCCC2CCC(CCC3CCC(CC4CCCCC4)CC3)CC2)CC1
C1CCC(CCC2CCCCC2C2CCCCC2)CC1
C1CCC(C2CCC(C3CCCCC3)C(C3CCCCC3)C2)CC1
C1CCC(CCC2CCC(CC3CCC(CC4CCCCC4)CC3)CC2)CC1
C1CCC(CC2CCCC(CCC3CCCC(CCCCC4CCC5CCCC5C4)C3)C2)CC1
C1CCC(CC2CCC(C3CCC(CC4CCC(C5CCCCC5)CC4)CC3)CC2)CC1
C1CCC(CCC2CCCC(C3CCCCC3)C2)CC1
C1CCC(CCCC2CCC3CC(C4CCC5CCCCC54)CC(C4CCCCC4)C3C2)CC1
C1CCC(C2CCCC(C3CCCC(CCC(C4CCCCC4)C4CCCC(C5CCCCC5)C4)C3)C2)CC1
C1CCC(C2CCC(C3CC4CCCCC4C3)CC2C2CCCCC2)CC1
C1CCC(CC2CCCCC2C2CCCC(C3CCCCC3)C2)CC1
C1CCC(CCCC2CC(CC3CCCCC3)CCC2CCC2CCCC2)CC1
C1CCC(CC2CCC3C(CCC3C3CCC(C4CC4)CC3)C2)CC1
C1CCC(CC2CC(CCCC3CCC(C4CCCC(C5CCCCC5)C4)C3)C3CCCCC23)CC1
C1CCC(C2CCC(C3CCC(C4CCCCC4)CC3)CC2)CC1
C1CCC(C2CC(C3CCCC3)CC(C3CC(CC4CCCC4)CCC3C3CCCC3)C2)CC1
C1CCC(CC2CC(C3CCCC(C4CCCCC4)C3)C3CCCCC23)CC1
C1CCC(CCCC2CCCC(C3CCCCC3)C2)CC1
C1CCC(CC2CCC(C3CC4CCCCC4C(C4CCCC4)C3)CC2)CC1
C(CCC1CCC(CC2CCC(CCC3CCC3)CC2)CC1)CCC1CCC(C2CCCCC2)CC1
C1CCC(C2CCC(CC3CC3)CC2C2CCCCC2)CC1
C1CCC(CCC2CCCC(C3CCCCC3)C2)CC1
C1CCC(C2CCC(CC3CCC(CC4CCC(C5CC6CCCCC6C5)CC4)CC3)CC2)CC1
C1CCC(CC2CCCCC2C2CCC(C3CCCC3)CC2)CC1
C1CCC(C2CCCC(CC3CCCC3)C2)CC1
C1CCC(CCCCC2CCC(CC3CCC(CCC4CCCCC4)CC3)CC2)CC1
C1CCC(C2CCCC(C3CCCCC3)C2)CC1
C1CCC(CC2CC(C3CCCC(C4CCCCC4)C3)CCC2C2CCCCC2)CC1
C1CCC(CC(C2CCCCC2)C2CCCCC2)CC1
C1CCC(CC2CCC(C3CCC(CCC4CCC5CCCCC5C4)CC3)CC2)CC1
C1CCC(C2CCCC(C3CCC(C4CCCC4)CC3)C2)CC1
C1CCC(CCC2CCCCC2)CC1
C1CCC(CC2CCC(CCCC3CC(C4CCCCC4)C4CCCCC34)CC2)CC1
C1CCC(CCC2CCC(C3CCC(C4CCCCC4)CC3)CC2)CC1
C1CCC2CC(CC3CCC(C4CCCC5CCCCC54)CC3)CC2C1
C1CCC(C2CC(C3CCC3)CCC2CC2CC3CCCCC3C2)CC1
C1CCC(CCC2CCCC(CC3CC4CCCCC4C3)C2)CC1
C1CCC2CC(C3CC(C4CCCC4)C4CCC(C5CCC6CCCC6C5)CC34)CCC2C1
C1CCC(CC2CCCC(C3CCCCC3)C2)CC1
C1CCC(C2CCC(C3CCC4CCC(C5CCCCC5)C4C3)CC2)CC1
C1CCC(CCC2CCCCC2C2CCC3CCCC3C2)CC1
C1CCC(C2CCCC(C3CCCCC3C3CCCC(C4CCCCC4C4CCCC4)C3)C2)CC1
C1CCC(CC2CCCC(C3CCC(C4CCCCC4)C(C4CCCC4)C3)C2)CC1
C1CCC(C2CCC(CC3CC4CCCCC4C3)CC2)CC1
C1CCC(CC2CCCC(CCCC3CC(CC4CCCC4)C4CCCCC34)C2)CC1
C1CCC(CC2CCCCC2)CC1
C1CCC(C2CCC(CC3CCCC(C4CCCCC4)C3)CC2)CC1
C1CCC(CCC2CC(C3CCC4CCCC4C3)CCC2C2CCCCC2)CC1
C1CCC(C2CCCC(CC3CCCCC3C3CCCC3)C2)CC1
C1CCC(CC2CCCCC2C2CCCCC2)CC1
C1CCC(CCC2CCC(C3CCCCC3)CC2)CC1
C1CCC(C2CCC(CCC3CCCCC3CC3CCC3)CC2)CC1
C1CCC(CCC2CCCC(C3CCC(CC4CC5CCCCC5C4)CC3)C2)CC1
C1CCC(CC2CCCC(C3CCCC(C4CCC5CCCCC5C4)C3)C2)CC1
C1CCC(C2CCC(CC3CCC(CC4CCCCC4C4CCCC4)CC3)CC2)C1
C1CCC(CC2CC(C3CCC(C4CCCCC4)CC3)C3CCCCC23)CC1
C1CCC(CCCC2CCCC(CCC3CCCCC3)C2)CC1
C1CCC(C2CCCCC2C2CCCCC2)CC1
C1CCC(C2CCC(CC3CCCC3)CC2C2CCC3CCCC3C2)CC1
C1CCC(CC2CCC(C3CCC(C4CCCCC4)CC3)CC2)CC1
C1CCC(CCCC2CCC(CC3CCC(C4CCCC(CCC5CCCC5)C4)CC3)CC2)CC1
C1CCC(CC2CCCCC2C2CC3CCCCC3C(C3CCCCC3)C2)CC1
C1CCC(CC2CCCCC2C2CCCCC2)CC1
C1CCC(C2CCCCC2C2CCC(CC3CCC(C4CC5CCCCC5C4)CC3)CC2)CC1
C1CCC(C2CCCC(CCCC3CCCC(C4CCCC4)C3)C2)CC1
C1CCC(CCC2CCCC(CCCC3CCC(C4CCCCC4)CC3)C2)CC1
C1CCC(CCCC2CCC(C3CCCCC3)CC2)CC1
C1CCC(CCC2CC(CC3CCCC(CC4CCCCC4)C3)C3CCCCC23)CC1
C1CCC(CC2CCCC(CC3CCC(CCC4CCCC5CCCCC54)CC3)C2)CC1
C(CCCC1CCCCC1)CCCC1CCCCC1C1CCC(CC2CCCCC2)CC1
C1CCC(CCCC2CCCCC2C2CCC(C3CCCC(C4CCCCC4)C3)C2)CC1
C1CCC(CC2CCCC(C3CCC(C4CCC(C5CCCCC5)CC4C4CCCC4)CC3)C2)CC1
C1CCC(CCCC2CCCCC2)CC1
C1CCC(CCC2CCC(C3CCCCC3C3CCCCC3)CC2)CC1
C1CCC(CCCCC2CCC(C3CCCCC3)CC2)CC1
C1CCC(CC2CCCC(C3CCC(C4CC4)CC3)C2)CC1
C1CCC(CC2CCC(CC3CCC(C4CCC(CC5CCCC5)CC4)CC3)CC2)CC1
C1CCC(C2CCCC(CCC3CCCC3)C2)CC1
C1CCC(C2CC(CCC3CC4CCCCC4C3)CC(C3CCCCC3)C2)CC1
C1CCC(C2CCCC(CC3CCC(C4CCCCC4C4CCC5CCCC5C4)CC3)C2)C1
C1CCC(CCCCC2CCC(CC3CCCCC3C3CCCC3)CC2)CC1
C1CCC(C2CC(C3CCC4CCCCC43)CC3CCC(CC4CCC(C5CCCC5)CC4)CC32)CC1
C1CC(CC2CCC(C3CCCC(C4CCC5CCCCC54)C3)CC2)C1
C1CCC(CCC2CCCC(CCC3CCC(CC4CCCCC4)CC3)C2)CC1
C1CCC(C2CCC(C3CC(C4CCCCC4)CC(C4CCC4)C3C3CCCCC3)CC2)CC1
C1CCC(C2CCCC(C3CCC(C4CCCC4)CC3)C2)CC1
C1CCC(CCCC2CCC(CC3CCCCC3)CC2)CC1
C1CCC(CCCC2CCC(CC3CCCCC3)CC2)CC1
C1CCC(C2CCC3C(CC4CCCC(C5CCCC5)C4)CC(C4CCCCC4)C3C2)CC1
C1CCC(CC2CCC(CC3CC(C4CCCCC4)C4CCCCC34)CC2)CC1
C1CCC(C2CCC(CC3CCC3)C(C3CCCCC3)C2)CC1
C1CCC(C2CCC(CC3CC(C4CCCCC4)CC(C4CCCCC4)C3)CC2)CC1
C1CCC(CC2CC(C3CCC3)C3CC(C4CCCCC4C4CCCC4)CCC23)CC1
C1CCC(CCC2CC(CC3CCCCC3)CC(C3CCCCC3)C2)CC1
C1CCC(CC2CCC(C3CCC4CCCCC43)CC2)CC1
C1CCC(C2CCC(C3CCC4CCCCC4C3)CC2)C1
C1CCC(C2CCCCC2C2CCC(CCC3CCC4CCCCC4C3)CC2)CC1
C1CCC(CCCC2CCCC(C3CCCCC3)C2)CC1
C1CCC(C2CCCC(C3CCCCC3C3CCCCC3)C2)CC1
C1CCC(C2CCC(C3CCC(C4CCCCC4C4CCCCC4)CC3)CC2)CC1
C1CCC(C2CCC(C3CCC(C4CCCCC4)C4CCCC43)C(C3CCCC3)C2)CC1
C1CCC(CCC(C2CCCCC2)C2CCC(CC3CCC(C4CCCCC4)CC3)CC2)CC1
C1CCC(CC2CCC(CCC(C3CCCCC3)C3CCCCC3)CC2)CC1
C1CCC(C2CCC(CC3CCC(C4CCCCC4C4CCC5CCCC5C4)CC3)CC2)C1
C1CCC(CCC2CCCC(CC3CCCCC3C3CCCCC3)C2)CC1
C1CCC(C2CCC(CC3CCC(C4CCCC4)CC3)C(C3CCCCC3)C2)CC1
C1CCC(CC2CCCC(CC3CCCCC3C3CCCCC3C3CCCC3)C2)CC1
C1CCC(CC2CCCC(CCC3CCCC(C4CCCC(CC5CCCCC5)C4)C3)C2)CC1
C1CCC(CC2CCC(CCC3CCCCC3CC3CCCCC3)CC2)CC1
C1CCC(CC2CCC(C3CCCC(C4CCCC4)C3)CC2)CC1
C1CCC(C2CCC(CCC3CCC4CCCCC4C3)CC2)CC1
C1CCC(C2CCC(CCC3CCCC(CC4CCC(C5CCCCC5)CC4)C3)CC2)CC1
C1CCC(CCCC2CC(C3CCCC(CC4CCCCC4)C3)C3CCCCC23)CC1
C1CCC(C2CCC(CC3CCC(C4CCC(C5CCC(C6CCCCC6)CC5)CC4)CC3)CC2)CC1
C1CCC(CC2CCC(C3CCCCC3C3CCCCC3)CC2)CC1
C1CCC(CCC2CCCC(CC3CC4CCCC(C5CCCCC5CC5CCCCC5)C4C3)C2)CC1
C1CCC(CC2CCCC(C3CCC(C4CCCC(C5CCCCC5)C4)C3)C2)CC1
C1CCC(CC2CCC(C3CCC4CCCCC43)C(C3CCCCC3)C2)CC1
C1CCC(CC2CCCCC2CC2CCC(C3CCCCC3)CC2)CC1
C1CCC(CC2CCCCC2C2CCC(C3CCCC(C4CCCCC4)C3)CC2)CC1
C1CCC(CCC2CCC(CCCC3CC4CCCCC4C3)CC2C2CCCCC2)CC1
C1CCC(CCC2CCCCC2C2CCC(C3CCC4CCCC4C3)CC2)CC1
C1CCC(CC2CCC(CC3CCCCC3)CC2)CC1
C1CCC(C2CCC3CC(C4CCC5CCCCC5C4)CC(C4CCCCC4)C3C2)CC1
C1CCC(CCCC2CCC(CCCC3CCCCC3)CC2)CC1
C1CCC(CC2CCC3CCCC(C4CCCCC4)C3C2)CC1
C1CCC(C2CCCC(CCCC3CCC(C4CCC5CC(C6CCCCC6)CCC5C4)C3)C2)CC1
C1CCC(CC2CCCC(CC3CCCC(CC4CCCC(C5CCCC5)C4)C3)C2)CC1
C1CCC(C2CCCCC2CCC2CCCC(C3CCCC3)C2)CC1
C1CCC(C2CCCC(CCCC3CCC(C4CCC4)CC3)C2)CC1
C1CCC(CC2CCC(C3CCCC(CC4CC4)C3)CC2)CC1
C1CCC(CCCC2CCC(CC3CCC(CC4CCCCC4)CC3)CC2)CC1
C1CCC(CC2CC(CCC3CCC(C4CC(CC5CC5)CCC4C4CCCC4)C3)C3CCCCC23)C1
C1CCC(CC2CCC(CCC3CCCCC3C3CCCCC3)CC2)CC1
C1CCC(CCC2CCCCC2C2CCC(C3CCCCC3)CC2)CC1
C1CCC(CCCC2CC(C3CCCCC3C3CCC4CCCC4C3)C3CCCCC23)CC1
C1CCC(CCCC(CCCC2CCCCC2)CC2CCCCC2)CC1
C1CCC(C2CCC(C3CCCC(CCC4CCCC4)C3)CC2)CC1
C1CCC(CC2CCC(C3CCCCC3)CC2)CC1
C1CCC(C2CCCC(C3CC3C3CCCCC3)C2)CC1
C1CCC(C2CCC(C3CC(CC4CCCC(C5CCCCC5C5CCCCC5)C4)C4CCCCC43)CC2)CC1
C1CCC(CC2CC(CC3CCCC(C4CCCC4)C3)C3CCCCC23)CC1
C1CCC(CC2CCC(C3CCC(C4CCCCC4)CC3)C(C3CCCCC3)C2)CC1
C1CCC(CCC2CCCC(C3CCCCC3)C2)CC1
C1CCC(CC2CCC(CCCC3CCCC(CC4CCCC(CC5CC6CCCCC6C5)C4)C3)CC2)CC1
C1CCC(CCC2CCC(C3CCCCC3)C(C3CCC4C(CCC4C4CCCC4)C3)C2)CC1
C1CCC(C2CCC(CCCC3CCCC(CC4CC4)C3)CC2)CC1
C1CCC(CC2CCC(C3CCCCC3C3CCC(C4CCCC4)CC3)CC2)CC1
C1CCC(CC2CCC(CCCC3CCCC(C4CCCCC4)C3)CC2)CC1
C1CCC(CCC2CCC(CC3CCCCC3C3CCCC4CCCCC43)CC2)CC1
C1CCC(CCC2CCCCC2C2CCC(C3CCCCC3)CC2)CC1
C1CCC(CC2CCCCC2C2CCCCC2)CC1
C1CCC(CC2CCCC(C3CCCC(C4CCC(C5CCCCC5)CC4)C3)C2)CC1
C1CCC(C2CCC(C3CCC4CCC(CCC5CC6CCCCC6C5)C4C3)CC2)CC1
C1CCC(CC2CCCCC2C2CCCCC2)CC1
C1CCC(CC2CC(C3CCCCC3)CCC2C2CCCCC2)CC1
C1CCC(CC2CC(C3CCCCC3)CCC2C2CCC3CCCCC3C2)CC1
C1CCC(C2CCCCC2)CC1
C1CCC(C2CC(CCC3CCC4CCCCC4C3)CCC2C2CCC2)CC1
C1CCC(CC2CCC(CC3CCC(C4CCCCC4C4CCCC4)CC3)CC2)CC1
C1CCC(CC2CC(CC3CCCC(C4CCCCC4)C3)C3CCCCC23)CC1
C1CCC(CC2CC(C3CCCCC3)C3CCCCC23)CC1
C1CCC(C2CCC(C3CCC(C4CC(CC5CCCC5)C5CCCCC54)CC3)C2)CC1
C1CC(C2CCC(CCC3CCCC(C4CCCCC4C4CCC(C5CCCC5)CC4)C3)CC2)C1
C1CCC(CCC2CCCC(CC3CC(C4CCCC4)C4CCCCC34)C2)CC1
C1CCC(C2CCC(CCCC3CCCC(C4CCCCC4)C3)CC2)CC1
C1CCC(CC2CC(CC3CCC(C4CCCCC4)CC3)C3CCCCC23)CC1
C1CCC(C2CCC(C3CCCC(C4CCC(C5CCCC5)CC4)C3)CC2)CC1
C1CCC(C2CCC(C3CCCCC3)CC2)CC1
C1CCC(C2CCC(C3CCC(CC4CCC(C5CCCC(C6CCCCC6)C5)CC4)CC3)CC2)CC1
C1CCC(CC2CCCC(CC3CCCC(C4CCCC4)C3)C2)CC1
C1CCC(CC2CCC(CC3CCCCC3)CC2)CC1
C1CCC(C2CCCCC2)CC1
C1CCC(C2CCC(C3CCCCC3)CC2)CC1
C1CCC(C2CCCC(CC3CC(C4CCCCC4)CC(C4CCCCC4)C3)C2)CC1
C1CCC(C2CCC(C3CCCCC3)C(C3CC4CCCCC4C3)C2)CC1
C1CCC(C2CCCC(CCC3CCC4CCCCC4C3)C2)CC1
C1CCC(CC2CCC(C3CCC(C4CCCCC4C4CCC5CCCC5C4)CC3)CC2)CC1
C1CCC(CC2CCC(C3CCC(C4CCCCC4)CC3)CC2)CC1
C(CCCC1CCCC(CC2CCCCC2)C1)CCC1CCCCC1
C1CCC(CCCC2CCCC(C3CCCCC3)C2)CC1
C1CCC(C2CCCC(CC3CCCCC3C3CCC(C4CCCC(C5CCCC5)C4)CC3)C2)CC1
C1CCC(CC2CCCCC2C2CCC(C3CCCC3)CC2)CC1
C1CCC(CC2CCC(C3CC(CCCC4CCC(C5CCCCC5)CC4)CC(C4CCC4)C3)CC2)CC1
C1CCC(C2CCC(C3CCC4CCCC4C3)CC2)C1
C1CCC(C2CCCC(C3CCCC(C4CCC(CCC5CCC5)CC4)C3)C2)CC1
C1CCC(CCCCC2CCC(CC3CCCCC3)CC2)CC1
C1CCC(CC2CCC(CCC3CC(CC4CCCCC4)C4CCCCC34)CC2)CC1
C1CCC(CC2CCCC(C3CCCCC3)C2)CC1
C1CCC(C2CC(C3CCCCC3)CC(C3CCCC3)C2)CC1
C1CCC(CC2CCCC(C3CCC(C4CCCC4)CC3)C2)CC1
C1CCC(C2CCCCC2C2CCC(CC3CCC(C4CCCC4)CC3)CC2)CC1
C1CC(C2CCC(C3CCCC(CCC4CCCC(C5CCCC5)C4)C3)CC2)C1
C1CCC(CCC2CCC(C3CCC(C4CCCC4)CC3)CC2)CC1
C1CCC(CC2CCC(CC3CCCC(C4CCCC4)C3)CC2)CC1
C1CCC(CCC2CCCC(C3CCCCC3)C2)CC1
C1CCC(CCC2CCCCC2C2CCCC(C3CCCC(CC4CCCCC4)C3)C2)CC1
C1CCC(CC2CCCC(C3CCCCC3C3CCC4CCCCC4C3)C2)CC1
C1CCC(C2CCC(C3CCC(CCC4CCC(C5CCCC6CCCCC65)CC4)CC3)CC2)CC1
C1CCC(CC2CCCC(C3CCCCC3)C2)CC1
C1CCC(C2CCCC(CC3CCCC(C4CCCCC4)C3)C2)CC1
C1CCC(C2CC(C3CCCC3)CCC2CCC2CC3CCCCC3C2)CC1
C1CCC(C2CCCC(C3CCCCC3C3CCCCC3C3CCCCC3)C2)CC1
C1CCC(C2CCCCC2C2CCC3C(CCCC3C3CCCC3)C2)CC1
C1CCC(CC2CCC(C3CCCC(C4CCCC4)C3)CC2)CC1
C1CCC(CC2CCC(C3CCCCC3)CC2C2CCCCC2)CC1
C1CCC2CC(CC3CCC(CCC4CCC(CC5CC6CCCCC6C5)CC4)CC3)CC2C1
C1CCC(CCC2CC(CC3CCCC(C4CCCCC4)C3)C3CCCCC23)CC1
C1CCC(CCCC2CCC(CC3CC(CC4CC5CCCCC5C4)CC(C4CCCCC4)C3)CC2)CC1
C1CCC(C2CCCC(C3CCCCC3)C2)CC1
C1CCC(C2CCC(C3CCCCC3C3CCCC3)CC2)CC1
C1CCC(CCCC2CCCCC2C2CCCCC2C2CCCCC2)CC1
C1CCC(CC2CCC(C3CCC(CC4CCCCC4)CC3)CC2)CC1
C1CCC(CC2CCC(CC3CC(C4CCCCC4)C4CCCCC34)CC2)CC1
C1CCC(CCCC2CCCC(CC3CC(C4CCCCC4)CCC3C3CCCCC3)C2)CC1
C1CCC(CC2CCCC(C3CCC(CC4CC5CCCCC5C4)CC3)C2)CC1
C1CCC(CC2CCC(CC3CCC(CC4CC5CCCCC5C4)CC3)CC2)CC1
C(CCCC1CC(C2CCCC2)C2CCCCC12)CCC1CCC(CC2CCC(C3CCC3)CC2)CC1
C1CC(C2CCC(C3CCCC(C4CCCCC4C4CCCC4)C3)CC2)C1
C1CCC(CCCC2CCC(C3CCCCC3)CC2CC2CCCCC2)CC1
C1CCC(CC2CC(CCCCC3CCCC(C4CCCCC4)C3)C3CCCCC23)CC1
C1CCC(C2CCCC(CCC3CCC4C(CCCC4C4CCCCC4)C3)C2)CC1
C1CCC(CC2CCCC(CC3CCC(CC4CCCC4)CC3)C2)CC1
C1CCC(CC2CCCC(C3CCCC(C4CC5CCCCC5C4)C3)C2)C1
C1CCC(C2CC(C3CCCCC3)C3CCCCC23)CC1
C1CCC(C2CCC(CC3CCC(CCCC4CCC(C5CCCC5)CC4)CC3)CC2)CC1
C1CCC2CC(C3CCC4CC(C5CCC6CCCCC65)CCC4C3)CC2C1
C1CCC(CC2CCC(CC3CCCCC3C3CCCC(C4CCCCC4)C3)CC2)CC1
C1CCC(CC2CCC(C3CC(C4CCCCC4)C4CCC(CC5CCCCC5)CC34)CC2)CC1
C1CCC(CCC2CCCC(C3CCCCC3C3CCC(CC4CCCC4)CC3)C2)CC1
C1CCC(C2CC(C3CCCC(CCCC4CCCC4)C3)C3CCCCC23)CC1
C1CCC(CC2CCC(CCC3CCCC(C4CCCCC4)C3)CC2)CC1
C1CCC(CCCCC2CCC(C3CCCCC3C3CCCCC3)C2)CC1
C1CCC(CC2CCC(CCC3CCCCC3C3CCCCC3C3CCCCC3)CC2)CC1
C1CCC(CC2CC3CCC(C4CCC(C5CCCCC5CC5CCCCC5)CC4)C3C2)CC1
C1CCC(CC2CC(C3CCC(C4CCCCC4C4CCCCC4)CC3)C3CC(C4CC4)CCC23)CC1
C1CCC(CCCCC2CCC(CC3CCCCC3)CC2)CC1
C1CCC(CCC2CCCCC2C2CC3CCCCC3C(C3CCCCC3)C2)CC1
C1CCC(C2CCC(C3CCCCC3)C(C3CCC4CCCC4C3)C2)CC1
C1CCC(CC2CCC(CC3CCC(CC4CCC(CC5CCCCC5)CC4)CC3)CC2)CC1
C1CCC(C2CCC(C3CCCC(CC4CC4)C3)CC2)CC1
C1CCC(C2CCC(C3CCC(C4CCC(C5CCCC5)CC4)CC3)CC2)CC1
C1CCC(CCCC2CCC(CC3CCCCC3CCC3CC3)CC2)CC1
C1CCC(CCC2CCC(CC3CCCCC3)CC2)CC1
C1CCC(CCCC2CCCC(C3CCCC(CC4CCCCC4)C3)C2)CC1
C1CCC(CC2CCC(CCCC3CC4CCCCC4C3)CC2)CC1
C1CCC(C2CCC(C3CCCCC3)CC2)CC1
C1CCC(CC2CCCC(C3CCCC(C4CCCCC4)C3)C2)CC1
C1CCC(CC2CCCCC2CCC2CCC(C3CCC3)CC2)C1
C1CCC(CC2CCC(C3CCCCC3)CC2)CC1
C1CCC(CCC2CC(C3CCCCC3)CC(C3CCC3)C2)CC1
C1CCC(CCC2CCCC(C3CCCCC3)C2)CC1
C1CCC(CC2CCCC(C3CCCC(C4CCCCC4)C3)C2)CC1
C1CCC(CC2CCCC(CC3CCCC(C4CCCC4)C3)C2)CC1
C1CCC(CC2CC(C3CCCCC3)CC(C3CCCCC3)C2)CC1
C1CCC(C2CCC(CCCC3CC(C4CCCCC4)CC(C4CC4)C3)CC2)CC1
C1CCC(CCCC2CCC(C3CCC3)CC2C2CCC3CCCC3C2)CC1
C1CCC(CCCCC2CCC(CC3CCCCC3)CC2)CC1
C1CCC(C2CCCCC2C2CCCCC2)CC1
C1CCC(CCCC2CCC(C3CCC(CCCC4CCCCC4)CC3)CC2)CC1
C1CCC(C2CCCC(CCC3CCCCC3C3CCC4CCCC4C3)C2)C1
C1CCC(CC2CCC(C3CCC(CC4CCCCC4)C3)CC2)CC1
C1CCC(CC2CCC(CCC3CCC(C4CCCC(C5CCCCC5)C4)CC3)CC2)CC1
C1CCC(CC2CCC(C3CCCCC3)CC2)CC1
C1CCC(C2CCC3CCC(CCC4CCC(CC5CCC6CCCCC65)CC4)CC32)CC1
C1CCC(C2CCC(C3CCCCC3C3CCCCC3)CC2)CC1
C1CCC(C2CCCC(C3CCCCC3C3CCCCC3)C2)CC1
C1CCC(C2CCCCC2C2CCC(C3CCCC3)CC2)CC1
C1CCC(CC2CC(CC3CCCCC3CCCC3CC4CCCCC4C3)CC(C3CCC3)C2)CC1
C1CCC(C2CCCC(C3CCC4CCCCC43)C2)CC1
C1CCC(CC2CCCC(CCCCCC3CCCCC3C3CCC(C4CCCCC4)CC3)C2)CC1
C1CCC(CC2CCC(CC3CCC(CC4CCCC4)CC3)CC2)CC1
C1CCC(CCC2CCCC(CCC3CCCCC3)C2C2CCC(C3CCCC3)CC2)CC1
C1CCC(C2CCC(C3CCCCC3)C(C3CCCC3)C2)CC1
C1CCC(C2CCCCC2)CC1
C1CCC(CCC2CCC(CC3CCC(CC4CCCCC4)CC3)CC2)CC1
C1CCC(CC2CCC(C3CCCCC3)CC2)CC1
C1CCC(C2CCC(CC3CC4CCCCC4C3)CC2)CC1
C1CCC(C2CCCCC2C2CCCCC2C2CCCC2)CC1
C1CCC(C2CCC(C3CCCC(C4CCC5CCCCC5C4)C3)CC2)CC1
C1CCC(C2CC(C3CCCC3)C3CCCCC23)CC1
C1CCC(CCC2CCC(C3CCCCC3)CC2)CC1
C1CCC(CCC2CCC(CC3CCCC(CCC4CCCCC4)C3)CC2)CC1
C1CCC(C2CC(C3CCCCC3)CC(C3CCCC(C4CCCC4)C3)C2)CC1
C1CCC(CCCCC2CCCC(C3CCC4CCCCC4C3)C2)CC1
C1CCC(CCCC2CCC(C3CCCC(CCCC4CCCCC4)C3)CC2)CC1
C1CCC(CCCC2CCC(CCC3CCCCC3)CC2)CC1
C1CCC(CC2CCC(CC3CCCC(CC4CCCCC4)C3)CC2)CC1
C1CCC(C2CCC(CC3CCCCC3C3CCCCC3)CC2)CC1
C1CCC(C2CC(C3CCCCC3)CC(C3CCCCC3)C2)CC1
C1CCC(CC2CCCC(CCC3CCC(CCC4CCCC(C5CCCCC5)C4)CC3)C2)CC1
C1CCC(C2CC(C3CCCCC3)CC(C3CCCC3)C2)CC1
C1CCC(CCC2CCC(CC3CCC(CCC4CCC(C5CCCC5)C4)CC3)CC2)CC1
C1CCC(C2CCCCC2C2CCCCC2C2CCCCC2)CC1
C1CCC(CCCC2CCC(CC3CCC(CCC4CC4)CC3)CC2)CC1
C1CCC(C2CCCC(C3CCCCC3C3CCCC3)C2)CC1
C1CCC(CC2CCC(C3CCCCC3)CC2)CC1
C1CCC(C2CCCC(CCC3CCCC(CC4CC4)C3)C2)CC1
C1CCC(C2CCC(CCC3CC4CCCCC4C3)CC2)CC1
C1CCC(CC2CCCC(C3CCCCC3)C2)CC1
C1CCC(CCCC2CCC(CCC3CCCCC3)CC2)CC1
C1CCC(CCC2CC(C3CCCCC3)CC(C3CCCCC3)C2)CC1
C1CCC(C2CCCC(C3CCCC(C4CCC(C5CCCCC5)CC4C4CCCC4)C3)C2)CC1
C1CCC(C2CCCCC2)CC1
C1CCC(CCC2CC(C3CCCCC3)CC(C3CCCCC3)C2)CC1
C1CCC(C2CCC(C3CCCC(C4CCCCC4)C3)CC2)CC1
C1CCC(C2CCC(C3CCCC(C4CCC5CCCCC54)C3)CC2)CC1
C1CCC(CC2CCCC(C3CCCC(C4CCCC4)C3)C2)CC1
C1CCC(CCCCC2CCC(CCCC3CCC(C4CCCC(C5CC5)C4)CC3)CC2)CC1
C1CCC(CCC2CCC(C3CCCCC3)CC2)CC1
C1CCC(CC2CCCC3CC(CCC4CCC(C5CCC(C6CCCCC6)CC5)CC4)CCC23)CC1
C1CCC2CC(CCC3CCC4CCC(C5CCC6CCCCC6C5)CC34)CCC2C1
C1CCC(CCC2CCCC(C(C3CCCCC3)C3CCCCC3CCC3CCCCC3)C2)CC1
C1CCC(C2CCC(CCCCC3CCCC(C4CCCCC4)C3)CC2)CC1
C1CCC(C2CCCC(C3CCC4CCCC(C5CCCCC5)C4C3)C2)CC1
C1CCC(CC2CCCCC2C2CCCC3CCCCC32)CC1
C1CCC(C2CCC(C3CCCC(C4CCCCC4)C3)CC2)CC1
C1CCC(CCCCC2CCC(CCCC3CCCCC3)CC2)CC1
C1CCC(CCC2CCC(C3CCCCC3)CC2)CC1
C1CCC(CCC2CCCC(C3CCCCC3)C2)CC1
C1CCC(C2CCC(CC3CCC(C4CCCCC4C4CCCCC4)CC3)CC2)CC1
C1CCC(C2CCCCC2)CC1
C1CCC(CC2CCCC(CCC3CCCCC3C3CCCCC3)C2)CC1
C1CCC(CC2CCC(C3CCCC3)CC2)CC1
C1CCC2CC(CCC3CC(C4CCCC5CCCCC54)C4CCCCC34)CCC2C1
C1CCC(C2CCCC(C3CCCC(C4CCCCC4)C3)C2)CC1
C1CCC(C2CCCC(C3CCCCC3C3CCC(C4CCC5CCCC5C4)CC3)C2)CC1
C1CCC(C2CCC(C3CCCCC3)C(C3CCCCC3)C2)CC1
C1CCC(C2CC(CC3CCC(CC4CCC4)CC3)CC(C3CC3)C2)CC1
C1CCC(C2CCC(C3CCCCC3C3CCC4C(CCCC4C4CCCC5CCCCC54)C3)CC2)CC1
C1CCC(CC2CCCC(C3CCCCC3)C2)CC1
C1CCC(CCCC2CCCCC2C2CCC3CCCC3C2)CC1
C1CCC(CC2CCC(CC3CCC(C4CCC5CCCCC54)CC3)CC2)CC1
C1CCC(CCCCC2CCC(C3CCCCC3)CC2)CC1
C1CCC(CC2CCC3CC(C4CCCCC4)CCC3C2)CC1
C1CCC(CC2CCC(CC3CCC(C4CCCCC4)CC3)CC2)CC1
C1CCC(CC2CCC(CC3CCCC(CC4CCCCC4)C3)CC2)CC1
C1CCC(CCC2CCCC(C3CCCCC3)C2)CC1
C1CCC(CCCC2CCCCC2C2CCC3CC(C4CCCCC4)CCC32)CC1
C1CCC(CC2CCCCC2C2CCC3CCCC3C2)CC1
C1CCC(CCC2CCCCC2C2CCC3CCCC3C2)CC1
C1CCC(CC2CCC(CC3CCCCC3)CC2)CC1
C1CCC(CC2CCC(CCC3CCCC(C4CCCCC4)C3)CC2)CC1
C1CCC(CC2CCC(CC3CCCCC3)CC2)CC1
C1CCC(C2CCC(C3CCC(CC4CCC(C5CCCC5)CC4)CC3)CC2)CC1
C1CCC(CCC2CCCC(C3CCCC(CCC4CCCC(CC5CCCC5)C4)C3)C2)CC1
C1CCC(CCCC2CC(C3CCCCC3)C(C3CC3)C(C3CCCCC3)C2)CC1
C(CCCC1CCC(CC2CCCCC2C2CCCCC2)CC1)CCC1CCCCC1
C1CCC(CC2CCC(C3CCC(CC4CCC(C5CCCC5)C4)CC3)CC2)CC1
C1CCC(CC2CCC(C3CCCCC3)CC2)CC1
C1CCC(C2CC(C3CCCCC3)CC(C3CCCCC3)C2)CC1
C1CCC(C2CCCCC2C2CCCCC2C2CCCCC2)CC1
C1CCC(C2CCC(C3CCCCC3)CC2)CC1
C1CCC(C2CCC(C3CCCCC3)C(C3CCCCC3)C2)CC1
C1CCC(CCC2CCCC(C3CCCCC3)C2)CC1
C1CCC(C2CCCC(C(CCC3CC4CCCCC4C3)C3CCC(C4CC5CCCCC5C4)CC3)C2)CC1
C1CCC(CCC2CCC(C3CCCC(C4CCC5CCCCC54)C3)CC2)C1
C1CCC(CCCC2CCC(C3CCCCC3)CC2CCC2CCCCC2)CC1
C1CCC(CCC2CCC(CC3CCC4CCCC4C3)CC2)CC1
C1CCC(C2CCCC(C3CCCCC3C3CCCCC3)C2)CC1
C1CCC(CCCC2CCC(CC3CCCCC3)CC2)CC1
C1CCC(C2CCC(C3CCC(C4CC(CC5CCCC5)C5CCCCC54)CC3)C2)CC1
C1CCC(C2CCC3C(C2)CC(C2CCC4CCCCC42)CC3C2CCCCC2)CC1
C1CCC(CC2CCCC(C3CCC(C4CCCC5CCCCC54)CC3)C2)CC1
C1CCC(CCCC2CCC3CCC(C4CC5CCCCC5C(C5CCCCC5)C4)C3C2)CC1
C1CCC(CCCC2CCCC(C3CCCCC3)C2)CC1
C1CCC(CCCCC2CCC(C3CCC(CCC4CCCCC4)CC3)CC2)CC1
C1CCC(CCC2CCC(CC3CCCCC3)CC2)CC1
C1CCC(CCCC2CCC3C(CCC3C3CCCC3)C2)CC1
C1CCC2CC(C3CCC(C4CCCC(C5CCC6CCCCC65)C4)CC3)CCC2C1
C1CCC(CCCC2CCCC(CCCC3CCCC(C4CCCCC4)C3)C2)CC1
C1CCC(C2CCC3CC(CC4CCCC(C5CCCCC5CC5CC6CCCCC6C5)C4)CCC32)CC1
C1CCC(CC2CCC(CC3CCC(C4CCC(CC5CCCC5)CC4)CC3)CC2)C1
C1CCC(C2CCCC(CCCC3CCC(C4CCCC4)CC3)C2)CC1
C1CCC(CC2CCC(CC3CCC(C4CCCC(CC5CC6CCCCC6C5)C4)CC3)CC2)CC1
C1CCC(CC2CCC(CC3CCCCC3CC3CCCCC3)CC2)CC1
C1CCC(CC2CC(CC3CCC(C4CCCCC4)CC3)C3CCCCC23)CC1
C1CCC(C2CCC(CCC3CCC4C(C5CCCCC5)CC(C5CCCCC5)C4C3)CC2)CC1
C1CCC(CC2CCCCC2C2CCCCC2)CC1
C1CCC(CC2CC3CCC(C4CCCCC4)CC3C(CC3CCCC3)C2)CC1
C1CCC(CCCCC2CCCC(CC3CCCC3)C2)CC1
C1CCC(CC2CC(CC3CCCC(C4CCCCC4)C3)C(C3CCCCC3)C(C3CCCCC3)C2)CC1
C1CCC(CCC2CCC(C3CCCCC3)CC2)CC1
C1CCC(CC2CC(C3CCCCC3)C3CCCCC23)CC1
C1CCC(CC2CC(CC3CCC(CCCC4CCCC(C5CCCC5)C4)CC3)C3CCCCC23)CC1
C1CCC(C2CCC3C(CCC4CCC(CC5CCCC(CC6CC6)C5)CC4)CCC3C2)CC1
C1CCC(CCC2CCC(C3CCC(CC4CCCCC4)CC3)CC2)CC1
C1CCC(C2CCCC(C3CCCCC3C3CCCCC3)C2)CC1
C1CCC(CC2CCC(C3CCCCC3CCC3CCC4CCCCC43)CC2)CC1
C1CCC(C2CCCCC2CC2CCCC(C3CCC3)C2)CC1
C1CCC(CCC2CCCC(CCC3CCCC(C4CCCCC4)C3)C2)CC1
C1CCC(C2CCCC(C3CCCC(C4CCCCC4)C3)C2)CC1
C1CCC(CCC2CCCCC2C2CCCCC2)CC1
C1CCC(CC2CCC(C3CC4CCCCC4C3)CC2)CC1
C1CCC(C2CCC(CCC3CCC4CCCC4C3)C(C3CCCCC3)C2)CC1
C1CCC(CC2CC3CCCCC3C2)C(CCC2CC3CCCCC3C2)C1
C1CCC(CC2CCC3C(CC4CCCCC4)CCC3C2)CC1
C1CCC(CC2CCCC(C(CC3CCCCC3)C3CCC(CCC4CCCC4)CC3)C2)CC1
C1CCC(C2CCCC(C3CC(C4CCCCC4)CC(C4CCC4)C3)C2)CC1
C1CCC(CCC2CCC(C3CCCCC3)C(CC3CCCCC3)C2)CC1
C1CCC(CC2CCC3CC(C4CCCCC4)CCC3C2)CC1
C1CCC(C2CCCC(C3CCC(C4CCC5CC(C6CC6)CCC5C4)CC3)C2)CC1
C1CCC(CCC2CCCCC2CC2CCC(CC3CCCCC3)CC2)CC1
C1CCC(CCCC2CCCC(CCC3CC4CCCCC4C3)C2)CC1
C1CCC(CC2CCCC(C3CCC(CC4CCC(C5CCCC5)CC4)CC3)C2)CC1
C1CCC(CC2CCCC(CCC(C3CCCCC3)C3CCCCC3)C2)CC1
C1CCC(CC2CCC(C3CCCCC3)CC2)CC1
C1CCC(C2CC(C3CCC4CCCCC43)CC3CCCCC32)CC1
C1CCC(CC2CCC(C3CCCC(C4CCCC4)C3)CC2)CC1
C1CCC(CC2CCCC(C3CCCCC3)C2)CC1
C1CCC(CCC2CCCC(C3CCCCC3)C2)CC1
C1CCC(CCC2CCC(CC3CCCCC3)C(C3CCCC3)C2)CC1
C1CC(C2CCC(CC3CCC(C4CCC(C5CCCC5)CC4)CC3)CC2)C1
C1CCC(C2CCCCC2C2CCC(CC3CCC(C4CC5CCCCC5C4)CC3)CC2)CC1
C1CCC(CC2CCC(C3CCCC(CC4CCCCC4)C3)CC2)CC1
C1CCC(CC2CCC3C(CCC3C3CCCCC3)C2)CC1
C1CCC(C2CCCC(CC3CC4CCCCC4C3)C2)CC1
C1CC2CCC(C3CCC(C4CCCCC4C4CCCCC4C4CCCC4)C3)CC2C1
C1CCC(C2CCC(CC3CCC(CCC4CCC5CCCCC54)CC3)CC2)CC1
C1CCC(CC2CCC(C3CCCCC3)CC2)CC1
C1CCC(CC2CCCC(C3CCCCC3C3CCCC(CCC4CCCC4)C3)C2)CC1
C1CCC(CCC2CCC(CCC3CCCCC3)CC2)CC1
C1CCC(CCC2CCCCC2C2CCCCC2)CC1
C1CCC(CCCC2CCCC(C3CCC4CCCCC43)C2)CC1
C1CCC(CCC2CCC(CC3CCCCC3)C(C3CCC4CCCCC4C3)C2)CC1
C1CCC(C2CCC(C(C3CCCCC3)C3CCCC3)CC2)CC1
C1CCC(CC2CCC(C3CCC(C4CCCCC4)CC3)CC2)CC1
C1CCC(C2CCCC(C3CCCCC3)C2)CC1
C1CCC(CC2CCC(C3CCCCC3)CC2)CC1
C1CCC(C2CCC(CC3CCC(C4CCCC(C5CCCCC5)C4)CC3)CC2)CC1
C1CCC(CC2CCCC(CC3CCC(C4CCCCC4)CC3)C2)CC1
C1CCC(CC2CCC(C3CCC(CCC4CC5CCCCC5C4)CC3)CC2)CC1
C1CCC(C2CC(CC3CCC(C4CCCC4)CC3)C3CCCCC32)CC1
C1CCC(C2CCCC(CCC3CCC(C4CCCCC4C4CCCCC4)CC3)C2)CC1
C1CCC(CC2CCCC(C3CCCC(C4CCCC(C5CCCCC5)C4)C3)C2)CC1
C1CCC(CC2CCC(C3CCCC(C4CCCCC4CC4CCCCC4)C3)CC2)CC1
C1CCC(CCC2CCC3C(C4CCCCC4)CC(C4CCCCC4)C3C2)CC1
C1CCC(C2CCCC(CCC3CCC4CCCCC43)C2)CC1
C1CCC(CC2CCC(CCC3CCCC(C4CCCCC4)C3)CC2)CC1
C1CCC(CCCCCC2CCC(CC3CCCCC3)CC2)CC1
C1CCC(CCC2CCCCC2CCC2CCCC(CC3CCCCC3)C2)CC1
C1CCC(C2CCCC(CCC3CCCC(C4CCCCC4)C3)C2)CC1
C1CCC(CCC2CCC(C3CCC4CCCC4C3)CC2C2CCCCC2)CC1
C1CCC(C2CCCC(C3CCCC(C4CCCC4)C3)C2)CC1
C1CCC(CC2CCC(CC3CCCCC3)CC2)CC1
C1CCC(CC2CCC(CCC3CCC(C4CCC(C5CCCCC5)CC4)CC3)CC2)CC1
C1CCC(C2CCC(C3CCCC(C4CCCC(C5CCCCC5)C4)C3)CC2)CC1
C1CCC(CCCCC2CCCC(CC3CCC(CC4CCCC4)CC3)C2)CC1
C1CCC(CCC2CCCCC2C2CCCCC2)CC1
C1CCC(CCC2CCC(C3CCCCC3)CC2)CC1
C1CCC(CC(CC2CCCCC2)C2CCCCC2C2CCCCC2)CC1
C1CCC(CC2CCCC(C3CCCC(C4CCCCC4)C3)C2)CC1
C1CCC(CCC2CCCC(C3CCCCC3)C2)CC1
C1CCC(CC2CCCCC2CCCCC2CCC(C3CCCCC3)C(C3CCCCC3)C2)CC1
C1CCC(CC2CCCC(CC3CCCCC3CC3CCCCC3)C2)CC1
C1CCC(CC2CCC(C3CC(CC4CCCC4)C4CCCCC43)C(C3CCCCC3)C2)CC1
C1CCC(CC2CCC(C3CCCC4CC(C5CCC6CCCCC65)CCC43)CC2)CC1
C1CCC(C2CCC(CC3CCCCC3C3CCC(CCC4CCCC4)CC3)CC2)CC1
C1CCC(C2CCCCC2C2CCCCC2)CC1
C1CCC(CC2CCC(C3CCC(C4CCCC4)CC3)CC2C2CCCC2)CC1
C1CCC(CC2CCC(CC3CCC(C4CCC(C5CCCCC5)CC4)CC3)C2)CC1
C1CCC(CC2CCC(C3CCCCC3)C(C3CCCCC3)C2)CC1
C1CCC(CC2CCC(CC3CCCCC3)CC2)CC1
C1CCC(C(C2CCCCC2)C2CCCCC2C2CCCC2)CC1
C1CCC(CCCCC2CCCC(CC3CCCCC3)C2)CC1
C1CCC(CC2CCC3CC(C4CCC5CCCCC54)CCC3C2)CC1
C1CCC(CC2CC(C3CCCC3)CC(C3CCCC(C4CCCCC4)C3)C2)CC1
C1CCC(CC2CCCC(CC3CCCC(CCC4CCC(C5CCCCC5)CC4)C3)C2)CC1
C1CCC(CCC2CCCCC2C2CCCCC2)CC1
C1CCC(CC2CC3CCC(CC4CCCCC4)CC3C(C3CCCC3)C2)CC1
C1CCC(C2CCC(C3CC(C4CCCCC4)CC(C4CCC4)C3)CC2)CC1
C1CCC(CC2CCC(C3CCC(C4CCCCC4)CC3C3CCCCC3)CC2)CC1
C1CCC(CCCCC2CCCC(CC3CCCCC3)C2)CC1
C1CCC(CCCCC2CCC(C3CCCCC3)CC2)CC1
C1CCC(CCC2CCCC(C3CCCC(C4CCCC4)C3)C2)CC1
C1CCC(CC2CCCCC2C2CCCCC2)CC1
C1CCC(CC2CCC(CCC3CCCC(CC4CCC5CCCCC54)C3)CC2)CC1
C1CCC(C2CCC(CCC3CCCC3)CC2)CC1
C1CCC(CC2CC(CC3CCC(C4CCCC4)CC3)C3CCCCC23)CC1
C1CCC(CC2CCC(CCC3CC(CC4CCCCC4)CCC3CC3CCCCC3)CC2)CC1
C1CC(CC2CC2)CC(CC2CCCC(C3CCC4CCCCC43)C2)C1
C1CCC(CCCC2CCCC(CCC3CCC(C4CCCCC4)CC3)C2)CC1
C1CCC(C2CCC(C3CCCCC3C3CCC4C(CCCC4C4CC4)C3)CC2)CC1
C1CCC(CC2CCC(CC3CCCCC3)CC2)CC1
C1CCC(CC2CCC(C3CCCCC3)CC2)CC1
C1CCC(C2CCCC(C3CCC(CC4CC4)CC3)C2)CC1
C1CCC(CC2CCCCC2C2CCC3CCCCC3C2)CC1
C1CCC(C2CCC(CC3CC4CCCCC4C3)CC2C2CCCC2)CC1
C1CCC(CC2CCC(C3CCCC(CC4CCC5CCCCC54)C3)CC2)CC1
C1CCC(C2CCCC(C3CCCCC3)C2)CC1
C1CCC(CC2CCC(CCCCC3CCC(CCCCC4CC4)CC3)CC2)CC1
C1CCC(CCC2CCCCC2)CC1
C1CCC(C2CCCC(C3CCCCC3)C2)CC1
C1CCC(CCCCC2CCCC(C3CCCC(C4CCCCC4)C3)C2)CC1
C1CCC(CCC2CCCC(CC3CCCCC3)C2)CC1
C1CCC(C2CCCC(C3CCCCC3)C2)CC1
C1CCC(CCC2CC3CCCCC3C2)CC1
C1CCC(CCCCC2CCC(C3CC(CC4CCCCC4)C4CCCCC43)CC2)CC1
C1CCC(CC2CCCC(C3CCCC3)C2)CC1
C1CCC(CC2CCC(CCC3CCCC(C4CCCCC4)C3)C(C3CCC4CCCC4C3)C2)CC1
C1CCC(CCCC2CCCC(C3CCCCC3)C2)CC1
C1CCC(CCC(CCC2CCC(CC3CCCCC3)CC2)CC2CCCC2)CC1
C1CCC(CCCCC2CC(C3CCCCC3)CC(C3CCCCC3)C2)CC1
C1CCC(C2CCCCC2)CC1
C1CCC(CCCC2CCCCC2)CC1
C1CCC(CC2CCCC(C3CCCC4CC(CC5CC6CCCCC6C5)CCC43)C2)CC1
C1CCC(CCCC2CCCC(C3CC(C4CCCC4)CCC3CC3CCCCC3)C2)CC1
C1CCC(C2CCC3CC(C4CCCCC4)CCC3C2)CC1
C1CCC(CC2CCC(CC3CCCCC3)CC2)CC1
C1CCC(C2CCCC(C3CCCC(C4CCCCC4)C3)C2)CC1
C1CCC(CCCCC2CCC(CC3CCC(CC4CCCCC4)CC3)CC2)CC1
C1CCC(C2CCCCC2C2CCCCC2)CC1
C1CCC(CCC2CCC(CC3CCC(C4CCCCC4)CC3)CC2C2CCCC2)CC1
C1CCC(CCCC2CC(C3CCC4CCCCC43)CC3CCC(C4CCCCC4)CC23)CC1
C1CCC(C2CCCC2CCC2CCCCC2C2CCCC2)CC1
C1CCC(C2CCCC(C3CCCC(C4CCC(C5CCCC5)CC4)C3)C2)CC1
C1CCC(CC2CCCC(C3CCCCC3)C2)CC1
C1CCC(C2CCCC(CCC3CCCCC3C3CCCCC3)C2)CC1
C1CCC(CC2CCC(CC3CCCCC3C3CCCC3)CC2)CC1
C1CCC(CC2CC(C3CCCCC3)C3CCCCC23)CC1
C1CCC(CCC2CCC(CC3CCC4C(CCC5CCCCC5)CC(C5CCC5)C4C3)CC2)CC1
C1CCC(CC2CCCC(CC3CCC(C4CCCC4)CC3)C2)CC1
C1CCC(CC2CCCCC2C2CCCCC2)CC1
C1CCC(CC2CCCC(CC3CCC4CC(C5CCCCC5)CCC34)C2)CC1
C1CCC(CCCC2CC3CCC(CC4CCCCC4)CC3C(C3CCCCC3)C2)CC1
C1CCC(CC2CCCC(C3CCCC(CCCC4CCCC4)C3)C2)CC1
C1CCC(CCC2CCC(CCC3CCCCC3C3CCCCC3)CC2)CC1
C1CCC(CC2CCC(CC3CCCCC3)CC2)CC1
C1CCC(C2CCC(CCCC3CC4CCCCC4C3)CC2)CC1
C1CCC(CC2CCCC(C3CCCC(CC4CCCC(C5CCCCC5)C4)C3)C2)CC1
C1CCC(CC2CCC(C3CCC(C4CCCCC4)CC3)CC2)CC1
C1CCC(CCC2CCCC(C3CCCC(C4CCCCC4)C3)C2)CC1
C1CCC(CCC2CCC(C3CCCCC3)CC2)CC1
C1CCC(CCCC2CCC(C3CCC(C4CCCCC4)CC3)CC2)CC1
C1CCC(C2CCC(C3CCCCC3)CC2)CC1
C1CCC(CC2CCCCC2C2CCCCC2)CC1
C1CCC(CC2CCCC(C3CCCCC3CC3CCCCC3)C2)CC1
C1CCC(CCC2CCC(CC3CCCCC3)CC2)CC1
C1CCC(C2CCCC(C3CCCCC3)C2)CC1
C1CCC(C2CCCC(C3CCCCC3C3CCC4CCCCC4C3)C2)C1
C1CCC(C2CCCC(C3CCCC(C4CCCCC4)C3)C2)CC1
C1CCC(C(C2CCCCC2)C2CCCC(C3CCCC(C4CCCC4)C3)C2)CC1
C1CCC(CC2CCCC(C3CCCC(C4CCCCC4)C3)C2)CC1
C1CCC(CCC2CCCCC2C2CCCCC2)CC1
C1CCC(C2CCC(CC3CCC(C4CCCCC4)CC3)CC2)CC1
C1CCC(C2CCC(CCC3CCCC(C4CCCCC4)C3)CC2)CC1
C1CCC(CC2CCCC(C3CCCCC3)C2)CC1
C1CCC(CCC2CCCC(CCC3CCC(CC4CCCCC4)CC3)C2)CC1
C1CCC(CCC2CCC(CC3CCC(C4CCCCC4C4CCCC4)CC3)CC2)CC1
C1CCC(CC2CCC(C3CCC4C(CC5CCCCC5)CCC4C3)CC2)CC1
C1CCC(CCC2CCC(C3CCCCC3)CC2)CC1
C1CCC(CCCCC2CCCC3CC(C4CCCCC4)CCC23)CC1
C1CCC(CCC2CCC(CC3CCCCC3)C(C3CCCCC3)C2)CC1
C1CCC(CCC2CC(CC3CCCCC3)C3CCC(CC4CCCCC4)CC23)CC1
C1CCC(CC2CCCC(C3CCCCC3)C2)CC1
C1CCC(CC2CC3CCC(C4CCCCC4)CC3C(C3CCCCC3)C2)CC1
C1CCC(CC2CCC(C3CCCCC3)C(CC3CCCCC3)C2)CC1
C1CCC(CC2CC(C3CCCCC3)CC(C3CCCC3)C2)CC1
C1CCC(C2CCCCC2C2CCCC2)CC1
C1CCC(C2CCCC(CC3CCC(CCC4CCCC4)CC3)C2)CC1
C1CCC(C2CCC(C3CCCCC3)CC2)CC1
C1CCC(CCCC2CCCC(C3CCC(C4CCC5CCCCC54)CC3)C2)CC1
C1CCC(CC2CCC(C3CCCCC3C3CCC(C4CCCCC4)CC3)CC2C2CCCCC2)CC1
C1CCC(C2CC(C3CCCCC3)CC(C3CCCC(C4CC4)C3)C2)CC1
C1CCC(CC2CCCCC2CC2CCCCC2)CC1
C1CCC(CC2CCCC(C3CCC(C4CCCCC4)CC3)C2)CC1
C1CCC(CCC2CCCC(CC3CCC(C4CCCCC4)CC3)C2)CC1
C1CCC(C2CCC(CC3CCCC(C4CCCC4)C3)CC2C2CCCC2)CC1
C1CCC(C2CCCC(C3CCCC(C4CCCC4)C3)C2)CC1
C1CCC(C2CC(C3CCCCC3)C3CC(CCCC4CCCC(C5CCCC5)C4)CCC23)CC1
C1CCC(CC2CCC(CCC3CCC4CCC(C5CCCCC5)CC4C3)CC2)CC1
C1CCC(CC2CCCC(C3CCCCC3)C2)CC1
C1CCC(CC2CCC(CC3CC(C4CCCC(C5CCCCC5)C4)C4CCCCC34)CC2)CC1
C1CCC(CC2CCC(CCC3CCCC(C4CCCCC4)C3)CC2)CC1
C1CCC(CC2CCCC(C3CCCC(C4CCC5CCCC5C4)C3)C2)CC1
C1CCC(C2CCC3C(C4CCCCC4)CC(C4CCCCC4)C3C2)CC1
C1CCC(CCCCC2CC(C3CCC3)CC(C3CCCC(CC4CCCCC4)C3)C2)CC1
C1CCC(CC2CCC(CC3CCC(CCC4CC4)CC3)CC2)CC1
C1CCC(CC2CCCCC2CC2CC2C2CCCC(C3CCCC(C4CCCCC4)C3)C2)CC1
C1CCC(C2CCCC(C3CCC4C(CCC4C4CCCC4)C3)C2)C1
C1CCC(CCC2CC(CCC3CCCCC3)C3CCCCC23)CC1
C1CCC(CCC2CCCC(C3CCCC(CCC4CCCCC4)C3)C2)CC1
C1CCC(CCCC2CCCC(CC3CCCC(CC4CCCCC4)C3)C2)CC1
C1CCC(CCCC2CCCCC2C2CCCC(C3CCCCC3C3CCCC3)C2)CC1
C1CCC(C2CCC(C3CCCCC3C3CCC(C4CCCC4)CC3)CC2)CC1
C1CCC(C2CCCC(CC3CCC4CCCCC4C3)C2)C1
C1CCC(CC2CCCC(C3CCCC(CC4CCCCC4)C3)C2)CC1
C1CCC(C2CCC(CC3CCC(C4CCC(C5CCCC5)CC4)CC3)C2)CC1
C1CCC(CC2CCCC(C3CCCC4CC(C5CCCCC5)CCC43)C2)CC1
C1CCC(C2CCC(C3CC(C4CCCCC4)C4CCCCC34)CC2)CC1
C1CCC(C2CCCC(C3CCCC(C4CCCC4)C3)C2)CC1
C1CCC(CC2CCC(C3CC(C4CCC4)CC(C4CCCC(CC5CCCCC5)C4)C3)CC2)CC1
C1CCC(CC2CCC(CCCC3CCC(C4CCCCC4)CC3)CC2)CC1
C1CCC(CCC2CCC(CC3CCC(CCCC4CCCC(CC5CCCCC5)C4)CC3)CC2)CC1
C1CCC(CC2CCC(CC3CCC(CC4CCCCC4)CC3)CC2)CC1
C1CCC(C2CC(C3CCCCC3)CC(C3CCCCC3)C2)CC1
C1CCC(CCC2CCC(C3CCCCC3)CC2)CC1
C1CCC(CCC2CCC(C3CCC(C4CCCCC4)CC3)CC2)CC1
C1CCC(CCC2CCCC(C3CC(C4CCCCC4)CC(C4CCCC4)C3)C2)CC1
C1CCC(CC2CC3CCC(C4CCCCC4)CC3C(C3CCCCC3)C2)CC1
C1CCC(CCCC2CCC(C3CCCCC3)CC2C2CCCCC2)CC1
C1CCC(C2CCCCC2C2CCCCC2)CC1
C1CCC(CC2CCC(CC3CCC4CCCCC4C3)C(CC3CCCCC3)C2)CC1
C1CCC(CC2CCC(C3CCC(C4CCCCC4)CC3)CC2)CC1
C1CCC(CCC2CCCC(C3CCCCC3)C2)CC1
C1CCC(CCCC2CCCC(C3CCCC(C4CCCCC4)C3)C2)CC1
C1CCC(C2CCCC(C3CCC4CCCC4C3)C2)CC1
C1CCC(C2CCC(CC3CCC(C4CCCCC4)CC3)CC2)CC1
C1CCC(C2CCC(C3CCCC(C4CCCCC4C4CCCCC4)C3)C2)CC1
C1CCC(C2CCCC(C3CCCC(C4CCCCC4)C3)C2)CC1
C1CCC(CC2CCCC(C3CCCC(C4CCCCC4)C3)C2)CC1
C1CCC(C2CCC3C(CCCC3C3CCCCC3C3CCCCC3)C2)CC1
C1CCC(CC2CCC(C3CCCC(C4CCCCC4C4CCC5CCCCC5C4)C3)CC2)CC1
C1CCC(C2CCCCC2C2CCCCC2)CC1
C1CCC(CC2CCC(CC3CCCCC3)CC2)CC1
C1CCC(CC2CC(C3CCCCC3C3CCCCC3)C3CCCCC23)CC1
C1CCC(C2CCCCC2C2CCC3CCCCC32)CC1
C1CCC(CC2CC3CCCCC3C(CC3CC(C4CCCCC4)CCC3CC3CCCCC3)C2)CC1
C1CCC(CCCC2CC(CC3CCCCC3)C3CCC(C4CCC(C5CCCCC5)CC4)CC23)CC1
C1CCC(CCCC2CC(C3CCCCC3)CC(C3CCCC3)C2)CC1
C1CCC(CC2CCC(C3CCCCC3)CC2)CC1
C1CCC(CCCCCC2CCCCC2)CC1
C1CCC(CCC2CCCC(C3CCCC3)C2)CC1
C1CCC(C2CCC(C3CCCCC3)CC2)CC1
C1CCC(CC2CC(C3CCC(CCC4CCC5CCCC5C4)CC3)C3CCCCC23)CC1
C1CCC(CC2CC(C3CCCC(C4CCCCC4)C3)C3CCCCC23)CC1
C1CCC(CC2CCC(C3CCC4CCCCC4C3)CC2)CC1
C1CCC(C2CCCC(CC3CCCC(C4CCCC4)C3)C2)CC1
C(CCCC1CCC(CC2CCCC2)CC1)CCCC1CCCC(C2CCCCC2)C1
C1CCC(C2CCC(C3CCCCC3)C(C3CCCCC3)C2)CC1
C1CCC(C2CCC(CC3CCC(C4CCCC(C5CCCCC5)C4)CC3)CC2)CC1
C1CCC(CC2CCC3CCCC3C2)CC1
C1CCC(C2CCC3C(CC4CCCC(C5CC5)C4)CC(C4CCCCC4)C3C2)CC1
C1CCC(CCC2CCC(CCC(C3CCCCC3)C3CCCCC3)CC2)CC1
C1CCC(CCCCC2CCC(CC3CCC(CC4CCCCC4)CC3)CC2)CC1
C1CCC(CCC2CCCC(C3CCCCC3)C2)CC1
C1CCC(CCC2CCCCC2C2CCCC2)CC1
C1CCC(C2CCCC(C3CCCC4CCCCC43)C2)CC1
C1CCC(CC2CCCC(CC3CC(CC4CCCCC4)C4CCCCC34)C2)CC1
C1CCC(CCC2CCCC(C3CC(C4CCCCC4)CCC3CC3CCCCC3)C2)CC1
C1CCC(CC2CCCCC2C2CCCC2)CC1
C1CCC(C2CC(C3CCC4CCCCC43)CC3CCCCC32)CC1
C1CCC(CC2CCCC(C3CCCCC3)C2)CC1
C1CCC(CC2CCC(CC3CCCCC3)C(C3CCCCC3)C2)CC1
C1CCC(C2CCC(CC3CCC4CCCC4C3)CC2)CC1
C1CC(C2CC2)CCC1CC1CCC(C2CC2)CC1
C1CCC(C2CCCCC2C2CCCCC2C2CCCCC2)CC1
C1CCC(CCC2CCCC(CC3CCCCC3)C2)CC1
C1CCC(C2CCC(CCC3CCCC(C4CCCCC4)C3)CC2)CC1
C1CCC(C2CCCCC2CC2CCC(CC3CCC(CC4CC4)CC3)CC2)CC1
C1CCC(CC2CCCCC2C2CCC3C(CC4CCC(CC5CC5)CC4)CCCC3C2)CC1
C1CCC(CC2CCC(C3CCCC(C(C4CCCCC4)C4CCC4)C3)CC2)CC1
C(CCC1CCC2C(CCC2C2CCCC2)C1)CCC1CCCCC1C1CC1
C1CCC(CC2CCC(C3CCCCC3)CC2C2CCC3CCCCC3C2)CC1
C1CCC(CCC2CCC(C3CCCC(CCC4CCCC4)C3)CC2)CC1
C1CCC(CCCCCC2CCCC(C3CCC(CC4CCCCC4)CC3)C2)CC1
C1CCC(CC2CCCC(C3CCC4CCCC4C3)C2)CC1
C1CCC(C2CCCC2)CC1
C1CCC(CC2CCCCC2C2CCC3CCCC3C2)CC1
C1CCC(CC2CCCCC2C2CCCCC2)CC1
C(CCCC1CCCC2CC(C3CCCCC3)CCC12)CCC1CCCCC1
C1CCC(CC2CCCCC2C2CCC(C3CCC(C4CCCCC4)C4CCCC34)CC2)CC1
C1CCC(C2CCCC(CCCCC3CC4CCCCC4C3)C2)CC1
C1CCC(CCC2CCC(C3CCCCC3)CC2C2CCCC(CC3CCCCC3)C2)CC1
C1CCC(CCCCC2CCC(C(CC3CCCCC3)C3CCC(C4CCCCC4)CC3)CC2)CC1
C1CCC(C2CCCC(C3CCC(C4CCCC4)CC3C3CCCCC3)C2)CC1
C1CCC(CC2CCC(CC3CCCCC3C3CCCCC3)CC2)CC1
C1CCC(CC2CCCCC2CC2CCCC(CC3CCC(CCC4CCCC4)CC3)C2)CC1
C1CCC(C2CCCCC2C2CC(CC3CCCC3)C3CCCCC32)CC1
C1CCC(CC2CCCC(C3CCCCC3)C2)CC1
C1CCC(CC2CCCC(CCC3CCC(C4CCCC(CC5CC6CCCCC6C5)C4)CC3)C2)CC1
C1CCC(CCC2CCC(CCCCCC3CC4CCCCC4C3)CC2)CC1
C1CCC(CCCCC2CC(C3CCCCC3)C3CCC(C4CCCCC4)CC23)CC1
C1CCC(C2CCCC(CCCC3CCC3)C2)CC1
C1CCC(CCCC2CCC3C(C4CCCCC4)CC(C4CCCCC4)C3C2)CC1
C1CCC(CCC2CCCCC2CCC2CCCCC2)CC1
C1CCC(C2CC(CCCCC3CCC(CC4CCCC4)CC3)C3CCCCC32)CC1
C1CCC(CC2CC(CC3CCCC(C4CCC4)C3)C3CCCCC23)CC1
C1CCC(CC2CCCC(C3CCCC(C4CCCCC4)C3)C2)CC1
C1CCC(C2CCCC(C3CCCCC3)C2)CC1
C1CCC(C2CCCC(C3CCC(C4CCCCC4C4CCCC4)CC3)C2)CC1
C1CCC(CCCCC2CCC(CCC3CCC(CC4CCCCC4)CC3)CC2)CC1
C1CCC(C2CCCC(CC3CCCC(C4CCC(C5CCCC5)CC4)C3)C2)CC1
C1CCC(C2CCC(CCC3CCCC(CC4CCC4)C3)CC2)CC1
C1CCC(CC2CC(CC3CC4CCCCC4C3)CC(C3CCCC(C4CCCC4)C3)C2)CC1
C1CCC(C2CCCCC2C2CCCCC2)CC1
C1CCC(C2CCC(CC3CCC(C4CCCCC4C4CCCC4)CC3)CC2)CC1
C1CCC(CC2CCCC(CC3CCCCC3)C2)CC1
C1CCC(C2CCC(C3CCC4CCCCC43)CC2)CC1
C1CCC(CC2CCC(CCCCC3CCC(C4CCCCC4)CC3)CC2)CC1
C1CCC(CC2CCC(CC3CCCC(CC4CC5CCCCC5C4)C3)CC2)CC1
C1CCC(C2CCC3C(CCCC3C3CCCC(C4CC(CC5CCCC5)C5CCCCC54)C3)C2)CC1
C1CCC(CC2CCCC(CCC3CCC(C4CCC(C5CCCC5)CC4)CC3)C2)CC1
C1CCC(C2CCC(CC3CCCC3)C(C3CCCCC3)C2)CC1
C1CCC(C2CCCCC2)CC1
C1CCC(CCC2CCC(C3CCCC(C4CCC4)C3)CC2CCC2CCCCC2)CC1
C1CCC(CCCC2CCC(C3CCCC(C4CCCCC4)C3)CC2)CC1
C1CCC(CC2CCCC(C3CCCCC3)C2)CC1
C1CCC(C2CCCC(C3CCCC(CC4CCC5CCCC5C4)C3)C2)CC1
C1CCC(CC2CCC(C3CCCCC3)CC2C2CCCC2)CC1
C1CCC(C2CCC3CC(C4CCCC(CC5CC6CCCCC6C5)C4)CC3C2)CC1
C1CCC(CC2CCC(CC3CCCC(C4CCCCC4)C3)CC2)CC1
C1CCC(CC2CCC(CC3CCC(C4CCC(CC5CC5)CC4)CC3)CC2)CC1
C1CCC(CC2CCC(CC3CCCCC3)CC2)CC1
C1CCC(C2CCC(CCC3CCC(CC4CC4)CC3)C(C3CCCCC3)C2)CC1
C1CCC(C2CCC(C3CCC4CCCCC43)CC2)CC1
C1CCC(C2CCCC(C3CC4CCC(C5CCCCC5)CC4C(C4CCCCC4)C3)C2)CC1
C1CCC(C2CCC(C3CCCCC3C3CCCC3)CC2)CC1
C1CCC(C2CCCC(C3CCCCC3)C2)CC1
C1CCC(C2CC(C3CCCC(C4CC4)C3)CC3CCCCC32)CC1
C1CCC(CCC2CCCCC2C2CCCCC2)CC1
C1CCC(CCCC2CCC(CC3CCCCC3CC3CC4CCCCC4C3)CC2)C1
C1CCC(C2CCCC(C3CCCCC3)C2)CC1
C1CCC(CC2CCC(CC3CCCC(C4CCCCC4)C3)CC2)CC1
C1CCC(CCC2CCC(CC3CCCCC3)CC2)CC1
C1CCC(C2CCCC(C3CCCCC3)C2)CC1
C1CCC(CC2CCCCC2C2CCC(CC3CCC3)CC2)CC1
C1CCC(CC2CCCC(CC3CCCC3)C2)CC1
C1CCC(C2CCCCC2)CC1
C1CCC(CCC2CCC(CCCC3CCCC(CC4CCCCC4)C3)CC2)CC1
C1CCC(CCCC2CCCCC2)CC1
C1CCC(C2CCCC(C3CCCC(C4CCCC(C5CCCCC5)C4)C3)C2)CC1
C1CCC(CCC2CCCCC2C2CCCCC2)CC1
C1CCC(C2CCCC(CCC3CCC(CC4CC5CCCCC5C4)CC3)C2)CC1
C1CCC(CCCCC2CCC(CC3CCCC(C4CCCCC4)C3)CC2)CC1
C1CCC(CCC2CCC(C3CCCCC3C3CCCCC3C3CCCC3)C(CCCC3CCCC(C4CCC4)C3)C2)CC1
C1CCC(C2CCC(C3CCCC4CC(C5CCCCC5)CCC43)CC2)CC1
C1CCC2C(C1)CCC2CCC1CCCC(C2CCC(C3CC3)CC2C2CCCC2)C1
C1CCC(CCCCCC2CC(C3CCCCC3)CC(C3CCCC3)C2)CC1
C1CCC(C2CCCC2CC2CCCC(C3CCC4CCCCC4C3)C2)CC1
C1CCC(C2CCCC(C3CCCCC3)C2)CC1
C1CCC(C2CCC3CCC(CCCC4CCC(CCC5CCCC5)CC4)CC3C2)CC1
C1CCC(CC2CCCC(C(CC3CCCCC3)C3CCC(C4CCCC4)CC3)C2)CC1
C1CCC(CCC2CC(C3CCCC(C4CCCCC4)C3)CCC2C2CCCCC2)CC1
C1CCC(CC2CCC(CC3CCC4C(CCCC4C4CCC(C5CCCCC5)CC4)C3)CC2)CC1
C1CCC(C2CCCCC2)CC1
C1CCC(CCC2CCC(CC3CCCCC3)CC2CCC2CCCCC2)CC1
C1CCC(C2CCCCC2C2CCC3C(CCCC3C3CCCC(C4CC4)C3)C2)CC1
C1CCC(CCCC2CCC(CCC3CC(C4CCCCC4)C4CCCCC34)CC2)CC1
C1CCC(C2CCCC(CCC3CC4CCCCC4C3)C2)CC1
C1CCC(CC2CCC(C3CCCC(CC4CCCCC4)C3)CC2)CC1
C1CCC(CCC2CCC(CC3CCC(CCCC4CCC4)CC3)CC2)CC1
C1CCC(C2CC(CCCCC3CCC(CC4CC4)CC3)C3CCCCC32)CC1
C1CCC(CC2CCCC(C3CCCCC3C3CCCCC3C3CCC4CCCCC4C3)C2)CC1
C1CCC(CCC2CCCC(C3CCCC(C4CCC5CCCCC5C4)C3)C2)CC1
C1CCC(C2CCC(C3CCCCC3C3CCCCC3)CC2)CC1
C1CCC(CC2CCCC(CC3CCCCC3)C2)CC1
C1CCC(CCC2CCCCC2C2CCCCC2)CC1
C1CCC(CCC2CCCC(CC3CCCCC3)C2)CC1
C1CCC(CCCC2CCC(CC3CCCCC3)CC2)CC1
C(CCCC1CC(C2CCCCC2)C2CCCCC12)CCC1CCC(C2CCCCC2)CC1
C1CCC(CCCC2CCC(C3CCCCC3)CC2)CC1
C1CCC(CC2CCC(CC3CCCCC3)CC2)CC1
C1CCC(CCC2CCC(CCC3CCC(C4CCCCC4C4CCCC4)CC3)CC2)CC1
C1CCC(C2CCCC(C3CCCC(C4CCCC(CC5CC5)C4)C3)C2)CC1
C1CCC(CC2CCCCC2CC2CC3CCCCC3C2)CC1
C1CCC(CC2CCCC(C3CCCCC3)C2)CC1
C1CCC(CCC2CCC(CC3CCCCC3)CC2C2CCC3CCCC3C2)CC1
C1CCC(CCCC2CCCC(C3CCCCC3)C2)CC1
C1CCC(CC2CC(C3CCCCC3)CCC2CC2CCC(C3CCCC3)CC2)CC1
C1CCC(CC2CCC(CCC(CCC3CCCC(C4CCCCC4)C3)CC3CCCCC3)CC2)CC1
C1CCC(CC2CCCC(C3CCC4CCCCC4C3)C2)CC1
C1CCC(CCCCC2CCC(CC3CCCCC3)CC2)CC1
C1CCC(CC2CCC(CCC3CCCCC3C3CCCCC3)CC2)CC1
C1CCC(C2CCCC(C3CCC(C4CCCC(C5CCC(C6CCC(C7CCCC7)CC6)CC5)C4)CC3)C2)CC1
C1CCC(C2CCC(CCCC3CCCC(CC4CCC(C5CCCCC5)CC4)C3)CC2)CC1
C1CCC2CC(CC3CCC(CC4CCC(CC5CCC6CCCCC65)CC4)CC3)CC2C1
C1CCC(C2CCCC(C3CCCC(CC4CCC5CCCCC54)C3)C2)CC1
C1CCC(CCC2CCCC(CC3CCCCC3)C2)CC1
C1CCC(C2CCCC(CC3CCC(C4CC5CCCCC5C4)CC3)C2)CC1
C1CCC(CC2CCCC(C3CCCCC3)C2)CC1
C1CCC(CCCC2CCC(C3CCC(C4CCCC4)C(C4CCC(CC5CCCCC5)C4)C3)CC2)CC1
C1CCC(C2CCC(CC3CCC(CC4CCCCC4C4CCCC4)CC3)CC2)CC1
C1CCC(CC2CCC(C3CCCC(C4CCCCC4)C3)CC2)CC1
C1CCC(CC2CCC(C3CCC4CCCCC4C3)CC2C2CCCCC2)CC1
C1CCC(CCC2CCC3C(CC4CCCCC4)CC(C4CCCCC4)C3C2)CC1
C1CCC(CCCC2CCCC(C3CC(C4CCCCC4)CC(C4CCCC4)C3)C2)CC1
C1CCC(C2CCCC(CCC3CCC4CCCC4C3)C2)CC1
C1CCC(CCC2CCCC(CC3CC4CCCCC4C3)C2)CC1
C1CCC(C2CC(C3CCCC(CC4CCC5CCCC5C4)C3)CC3CCC(CC4CC5CCCCC5C4)CC32)CC1
C1CCC(CC2CCCC(C3CCCC(CC4CCCCC4)C3)C2)CC1
C1CCC(CC2CCC(C3CCCCC3C3CC4CCCCC4C3)CC2)CC1
C1CCC(CC2CCC(C3CCCCC3)CC2CC2CCCCC2)CC1
C1CCC(CCC2CCCCC2C2CCCCC2)CC1
C1CCC(CC2CCCCC2C2CCC(C3CCCCC3)CC2)CC1
C1CCC(C2CCC(C3CC(C4CCC(C5CCCCC5C5CCCC5)CC4)C4CCCCC34)CC2)CC1
C1CCC(CCC2CCC(CC3CCCCC3CC3CCCCC3)CC2)CC1
C1CCC(CCC2CCC(CCCC3CCCCC3C3CCCCC3)CC2)CC1
C1CCC(CCCCC2CC(CC3CCCCC3)C3CCC(CC4CCCCC4)CC23)CC1
C1CCC(CC2CCC(C3CCCC3CC3CCCCC3)CC2)CC1
C1CCC(C2CCC3CC(CC4CCCC(C5CCC(C6CCCC6)CC5)C4)CCC32)CC1
C1CCC(C2CCC(CC3CCC(CC4CCCC4)CC3)CC2C2CCCCC2)CC1
C1CCC2CC(C3CCCC4CCCCC43)CCC2C1
C(CCC1CCCCC1CCC1CCCC(C2CCCC2)C1)CCC1CCCCC1C1CCCC1
C1CCC(CC2CCC(CCC3CCCC(CC4CCCCC4)C3)CC2)CC1
C1CCC(CC2CCC(CC3CCC(C4CCCCC4)CC3)CC2)CC1
C1CCC(CC2CCCC(C3CCC(C4CCCCC4)CC3)C2)CC1
C1CCC(C2CCCC(CC3CCC(C(C4CCCCC4)C4CCCC4)CC3)C2)CC1
C1CCC(C2CCCC3CC(C4CC(C5CCCCC5)C5CCCCC45)CCC32)CC1
C1CCC(CCCC2CCC(CCC3CCCC(C4CCCC(C5CCCCC5)C4)C3)CC2)CC1
C1CCC(CC2CCC(CC3CCCCC3)CC2)CC1
C1CCC(CCC2CCCC(CC3CCC(C4CCCC(CC5CCCC(CC6CCCC6)C5)C4)CC3)C2)CC1
C1CCC(CC2CCC(C3CCCCC3C3CCCCC3)CC2)CC1
C1CCC(C2CCC(CC3CCC(CC4CC5CCCC(C6CCCC6)C5C4)CC3)CC2)C1
C1CCC(CC2CCC(C3CCC(CC4CC4)CC3)CC2)CC1
C1CCC(CC2CCCC(CCC3CCCC(CC4CCCCC4)C3)C2)CC1
C1CCC(CCCC2CCCCC2C2CCC3CCCC3C2)CC1
C1CCC(CC2CCC(CCC3CCC(C4CCCCC4)CC3)CC2)CC1
C1CCC(CC2CCCC(C3CCC(CC4CCCC(C5CCCC5)C4)CC3)C2)CC1
C1CCC(CC2CCCC(C3CCCCC3)C2)CC1
C1CCC(CC2CCC(CC3CCCC(C4CCCCC4)C3)CC2)CC1
C1CCC(C2CCCC(C3CCCCC3C3CCCCC3)C2)CC1
C1CCC(CCC2CC(CC3CCCC(C4CCCCC4)C3)C3CCCCC23)CC1
C1CCC(C2CCC3C(CCC3C3CCC(C4CCC5CCCCC54)CC3)C2)CC1
C1CCC(CCCCC2CCCCC2CC2CCC(CC3CCCCC3)CC2)CC1
C1CCC(CCCC2CCCCC2C2CCC(C3CCCCC3)CC2)CC1
C1CCC(CC2CCCC(C3CC(C4CCCCC4)CC(C4CC4)C3)C2)CC1
C1CCC(C2CC3CCCCC3C(C3CCCCC3)C2)CC1
C1CCC(CC2CC(C3CC(C4CCCCC4)C4CCCCC43)C3CCCCC23)CC1
C1CCC(C2CCC(C3CCC(CC4CC4)CC3)C(C3CCC4C(CCC4C4CCCC4)C3)C2)C1
C1CCC(CCC2CCC3C(C2)C(CC2CCCCC2)CC3C2CCCCC2)CC1
C1CCC(CC2CCC(C3CCCCC3CC3CCCC3)C(CC3CCCCC3)C2)CC1
C1CCC(CC2CCC3CCC(C4CCCCC4)CC3C2)CC1
C1CCC(CC2CCC(C3CCC(C4CC5CCCCC5C4)C3)CC2)CC1
C1CCC(C2CCCCC2C2CCC2)CC1
C1CCC(CCC2CCC(CCCC3CCC(C4CCCCC4)CC3)CC2)CC1
C1CCC(C2CCCC(C3CCC4CCC(C5CCCC5)CC4C3)C2)CC1
C1CCC(CC2CCC(C3CCCCC3)CC2)CC1
C1CCC(CCCC2CCC(CC3CCCCC3)CC2)CC1
C1CCC(CCCCC2CCCCC2)CC1
C1CCC(C2CCCCC2)CC1
C1CCC(CC2CCCC(C3CCCC(C4CCCCC4)C3)C2)CC1
C1CCC(CCC2CCCCC2C2CCC(C3CCC(C4CCCC4)CC3)CC2)CC1
C1CCC(C2CCCC(CC3CC(C4CCCCC4)C4CCCCC34)C2)CC1
C1CCC(CCC2CCC(CC3CCCCC3)CC2)CC1
C1CCC(CC2CC(C3CCCCC3)C3CCCCC23)CC1
C1CCC(CC2CCC(C3CCCCC3C3CC3)CC2)CC1
C1CCC(CC2CCC(CCC3CCCC(C4CCCCC4)C3)CC2)CC1
C1CCC(C2CCCC(C3CCCC(CC4CCCC(C5CCCC5)C4)C3)C2)CC1
C1CCC(CC2CCC(C3CCC(CCCC4CC5CCCCC5C4)CC3)CC2)CC1
C1CCC(CC2CCCC(CCC3CCCCC3C3CCCCC3)C2)CC1
C1CCC(CC2CCCC(C3CCCC(C4CCCCC4)C3)C2)CC1
C1CCC(C2CCCC(CC3CCC(C4CCC(C5CCCCC5)C4)CC3)C2)CC1
C1CCC(CCCC2CCCC(C3CCC(CC4CCCCC4)CC3CC3CC3)C2)CC1
C1CCC(CC2CCC(C3CCC(C4CCCCC4)C3)CC2)CC1
C1CCC(C2CCCC(C3CCC(C4CCCC4)C(C4CCC5CCCC5C4)C3)C2)C1
C1CCC(C2CCCCC2)CC1
C1CCC(C2CCC(CCC3CCCC(C4CCCCC4)C3)CC2)CC1
C1CCC(C2CC(CCC3CC3)CC(C3CCCCC3C3CCCCC3)C2)CC1
C1CCC(C2CCCC(C3CCC(C4CCCC5CCCCC54)CC3)C2)CC1
C1CCC(CC2CCC3CCC(C4CCCCC4)C3C2)CC1
C1CCC(C2CCCC(C3CC(C4CCCCC4)CC(C4CCCCC4)C3)C2)CC1
C1CCC(CC2CCC(C3CCCC(C4CCCCC4)C3)CC2)CC1
C1CCC(CC2CCC(C3CCCC(C4CCCC(C5CCC5)C4)C3)CC2)CC1
C(CCCC1CCC(C2CCCCC2)CC1)CCC1CCCCC1
C1CCC(C2CCCC(CC3CCC4CCC(CCCC5CC6CCCCC6C5)C4C3)C2)C1
C1CCC(CCCCC2CCCC(CC3CCCC3)C2)CC1
C1CCC(C2CCCC(C3CCCCC3C3CCCC3)C2)CC1
C1CCC(CCCC2CCC(CC3CCC(C4CCC(C5CCCCC5)CC4)CC3)CC2)CC1
C1CCC(CC2CCC(C3CCCC(C4CCCCC4C4CCCCC4)C3)CC2)CC1
C1CCC(C2CCCC(C3CC(C4CCCCC4)CC(C4CCCC4)C3)C2)CC1
C1CCC(CC2CCC(C3CCCCC3)C(CC3CCCCC3)C2)CC1
C1CCC(CC2CCCC(CCC3CCC(C4CCC4)CC3)C2)CC1
C1CCC(CCC2CCCC(CC3CCC(C4CCCC(C5CCCCC5)C4)CC3)C2)CC1
C1CCC(CCCC2CCC(CCC3CCC(CC4CCCCC4)CC3)CC2)CC1
C1CCC(C2CCC(C3CCCC(C4CCC5CCCC5C4)C3)CC2)CC1
C1CCC(CC2CCC(CCCC3CC4CCCCC4C3)CC2)CC1
C1CCC(C2CCCC(C3CCCC(CC4CCC(C5CCCC5)CC4)C3)C2)CC1
C1CCC(CC2CCC(C3CCC(CC4CCC(C5CCCCC5)CC4)C3)CC2)CC1
C1CCC(CCCC2CCC(C3CCCCC3)CC2)CC1
C1CCC(CCCC2CCC3CCCCC3C2)CC1
C1CCC(CCCCC2CCCC(CCCC3CCC(CC4CCCCC4)CC3)C2)CC1
C1CCC(CCC2CCC(C3CCC(C4CCCCC4)CC3)CC2)CC1
C1CCC(C2CCCCC2C2CCCCC2)CC1
C1CCC(CCCCCC2CCC(C3CCCCC3)CC2)CC1
C1CCC(CCCC2CCC(CC3CCC(CC4CCCCC4)CC3)CC2)CC1
C1CCC(CC2CCCC(CCCCC3CCC(C4CCCCC4)CC3)C2)CC1
C1CCC(CC2CCC(CC3CC(CC4CCCCC4)C4CCCCC34)CC2)CC1
C1CCC(CCC2CCC(C3CCCCC3)CC2C2CCCC2)CC1
C1CCC(CCC2CCCC(CCCC3CCC(CC4CCCCC4)CC3)C2)CC1
C1CCC(CC2CCCC(C3CCCC(CC4CC5CCCCC5C4)C3)C2)CC1
C1CCC(CCC2CC(CC3CCCCC3)CCC2C2CCCCC2)CC1
C1CCC(CC2CCC(C3CCCCC3)C(CC3CCCCC3)C2)CC1
C1CCC(CC2CCCCC2C2CCC3C(C2)C(CC2CCCCC2)CC3C2CCCCC2)CC1
C1CCC(CC2CC(C3CCCCC3C3CCCC3C3CCCC(C4CCCCC4)C3)C3CCCCC23)CC1
C1CCC(CC2CCC(CC3CCCCC3C3CCCCC3)CC2)CC1
C1CCC(C2CCC(C3CCCCC3)CC2)CC1
C1CCC(C2CCC(CCCCCC3CCCC4CCCCC34)CC2)CC1
C1CCC(CCC2CCC(CCC3CCC(CC4CCCCC4)CC3C3CCCCC3)CC2)CC1
C1CCC(C2CCCCC2)CC1
C1CCC(CCC2CCCCC2C2CCC(C3CCCCC3)CC2)CC1
C1CCC(CC2CCC(C3CCCC(CC4CCCC(C5CC5)C4)C3)CC2)CC1
C1CCC(CC2CCC(CCC3CCC(CCC4CCCC(CC5CCCCC5)C4)C3)CC2)CC1
C1CCC(CCC2CCCC(C3CCCC(C4CCCCC4)C3)C2)CC1
C1CCC(CC2CCCC(C3CCCCC3)C2)CC1
C1CCC(CCCC2CCCC(CC3CCC4CCCC4C3)C2)CC1
C1CCC(C2CC(C3CCC4CCCCC43)CC3CCC(CC4CCCC4)CC32)CC1
C1CCC(C2CCC(CCCC3CCC(CC4CCCC4)CC3)CC2)CC1
C1CCC(CC2CCCCC2C2CCCCC2)CC1
C1CCC(C2CCC(CCC3CCCC(C4CC4)C3)CC2)CC1
C(CC1CCC(CC2CCC3CCC(CC4CCCC4)C3C2)CC1)CC1CC2CCCCC2C1
C1CCC(CC2CCC(CC3CCCC(C4CCCC4)C3)CC2)CC1
C1CCC(CCC2CCCCC2C2CCC(CC3CCC(CC4CC4)CC3)CC2)CC1
C1CCC(C2CCCC(C3CCC(CC4CC5CCCCC5C4)CC3C3CCCCC3)C2)CC1
C1CCC(C2CCC3CC(C4CCC5CCCCC54)CCC3C2)CC1
C1CCC(CCC2CC(CC3CCC3)CCC2CC2CCCCC2)CC1
C1CCC(CCC2CCC(CCC3CCCCC3CC3CCCCC3)CC2)CC1
C1CCC(CC2CCC(C3CCC(C4CCCCC4)CC3)CC2)CC1
C1CCC(CC2CCC(CCC3CCCC(CC4CCCCC4)C3)CC2)CC1
C1CCC(CC2CCC(C3CCCC(CC4CCCCC4)C3)CC2)CC1
C1CCC(C2CCCCC2C2CCC3CCCC3C2)CC1
C1CCC(CCC2CC(CC3CCCC(CC4CCCCC4)C3)C3CCCCC23)CC1
C1CCC(CCC2CCCCC2)CC1
C1CCC(C2CCCC(C3CCC(CC4CCC(CCC5CCC6CCCC6C5)CC4)CC3)C2)CC1
C1CCC(CC2CCCC(CCC3CCCC4CCCCC43)C2)CC1
C1CCC(CCC2CCC(CCC3CCCC(CC4CCCCC4)C3)CC2)CC1
C1CCC(CCC2CCCC(CCC3CCCC4CCCCC43)C2)CC1
C1CCC(C2CCC(C3CCCCC3)CC2)CC1
C1CC2CCC(C3CCC(CCC4CCC5C(CCCC5C5CCCC5)C4)CC3)CC2C1
C1CCC(CC2CCCC(C3CCCCC3)C2)CC1
C1CCC(CCC2CCC(CCC3CCC(CC4CCCCC4)CC3)CC2)CC1
C1CCC(CCCC2CC(CC3CCCCC3C3CCC4CCCCC4C3)C3CCCCC23)CC1
C1CCC(CCCC2CCCCC2C2CCCC(C3CCCC3)C2)CC1
C1CCC(CCCC2CCC3CC(CC4CCCCC4)CC(C4CCCCC4)C3C2)CC1
C1CCC(C2CCCC(C3CCCC(C4CCC5CCCCC5C4)C3)C2)CC1
C(CCC1CCCC(CC2CCCC2)C1)CCC1CCC2CCCC2C1
C1CCC(CC2CCC(CCC3CCCCC3C3CCCCC3)CC2)CC1
C1CCC(CCC2CCC(CC3CCCCC3)CC2)CC1
C1CCC(C2CCCC(C3CCCC4CC(C5CCCCC5)CCC43)C2)CC1
C1CCC(CC2CCC(CC3CCC(C4CCCCC4C4CCCCC4)CC3)CC2)CC1
C1CCC(CCC2CC(CCCC3CCCCC3CC3CCCCC3)C3CCCCC23)CC1
C1CCC(C2CCC(CC3CCC(CC4CCCC(C5CCCCC5)C4)CC3)CC2)CC1
C1CCC(C2CCC(C3CCCCC3C3CCCC3)CC2)CC1
C1CCC(C2CCC(CCC3CCCC(C4CCCC4)C3)CC2)CC1
C1CCC(CCC2CC(CC3CCCCC3)CC(CC3CCCCC3)C2)CC1
C1CCC(CCC2CCC(C3CCCCC3CC3CCCCC3C3CCC4CCCC4C3)CC2)CC1
C1CCC(CC2CCC(C3CCCCC3)CC2)CC1
C1CCC(CCCC2CCCCC2C2CCCCC2)CC1
C1CCC(CCC2CC(CCC3CC3)CCC2CC2CCCCC2)CC1
C1CCC(CC2CCC(C3CCCCC3)CC2)CC1
C1CCC(C2CCCCC2C2CCCCC2)CC1
C1CCC(CCCC2CC(CC3CCCCC3)C3CCCCC23)CC1
C1CCC(C2CCC(C3CCC(C4CCC5C(CCCC5C5CC5)C4)CC3)CC2)CC1
C1CCC(CC2CCCC(CCC3CC4CCCCC4C3)C2)CC1
C1CCC(C2CCC(C3CCC4CCCC4C3)C(CC3CCC4CCCCC43)C2)CC1
C1CC(CCC2CCCCC2C2CCC3CCCC(C4CCCC4)C3C2)CC(C2CC2)C1
C1CCC(C2CCC(C3CCCCC3)CC2)CC1
C1CCC(CC2CCC(CCC3CCCC(C4CCCCC4)C3)C2C2CCCCC2)CC1
C1CCC(CCCC2CCCC(CCC3CCC4CCCC4C3)C2)CC1
C1CCC(C2CCC(C3CC4CCCCC4C(CCC4CCCC4)C3)CC2)CC1
C1CC(C2CCCC(CCC3CCCC(C4CCCC(C5CC5)C4)C3)C2)C1
C1CCC(CCC2CCC(C3CCC(CC4CCCCC4)CC3C3CCCC3)C(C3CCCC3)C2)CC1
C1CC(CCC2CCCCC2C2CCC3CCCC3C2)CC(C2CCC3CCCC3C2)C1
C1CCC(C2CC(C3CC3)CC3CCCCC32)CC1
C1CCC(CC2CCCC(C3CCC(C4CCCCC4)CC3)C2)CC1
C1CCC(CCC2CCC(CCCC3CCC(CCC4CCCC4)CC3)CC2)CC1
C1CCC(CC2CC(CC3CCCC(C4CCCCC4)C3)C3CCCCC23)CC1
C1CCC(C2CCCC(C3CCCC(C4CCCC(C5CCCCC5C5CCCCC5)C4)C3)C2)CC1
C1CCC(CCC2CCCCC2)CC1
C1CCC(C2CCC(C3CCCCC3)CC2)CC1
C1CCC(C2CCCCC2CCC2CCCCC2C2CCC(C3CCCC(C4CCCC4)C3)C2)CC1
C1CCC(CC2CCC(C3CCCC(C4CCC5CCCC5C4)C3)CC2)C1
C1CCC(CCCC2CCC3C(CCCC3C3CCCCC3C3CCC4CCCC4C3)C2)CC1
C1CCC(CCC2CC(CC3CCC(CC4CCC(C5CCCCC5)CC4)CC3)C2)CC1
C1CCC(C2CCCC(CC3CCCCC3C3CC3)C2)CC1
C1CCC(CC2CCC(CC3CCCC(CC4CCC(C5CCCCC5)CC4)C3)CC2)CC1
C1CCC(C2CCC(CC3CCCC(C4CCCC(C5CCCC(CC6CC6)C5)C4)C3)CC2)C1
C1CCC(CCCCC2CCCC(CCC3CCC(CC4CCCCC4)CC3)C2)CC1
C1CCC(C2CCCCC2C2CCC(C3CCCC4CCCCC43)CC2)C1
C1CCC(C2CCCC(C3CCC4CCCC4C3)C2)CC1
C1CCC(CC2CCC(CCC3CCC(C4CCCC4)CC3)CC2)CC1
C(CCCCC1CC2CCCCC2C1)CCCCC1CCCCC1CC1CCCCC1
C1CCC(CCCC2CCC(CC3CCC(C4CCCCC4CCCC4CCCCC4)CC3)CC2)CC1
C1CCC(C2CCCC(C(CCC3CCCC3)C3CCC3)C2)CC1
C1CCC(CCC2CCCCC2)CC1
C1CCC(CCC2CCC(CC3CCCCC3)CC2)CC1
C1CCC(CC2CC(C3CCC(C4CC5CCCCC5C4)CC3)C3CCCCC23)CC1
C1CCC(C2CCCC(CC3CC4CCCCC4C3)C2)CC1
C1CCC(C2CCCC(CCCC3CCC(CCCC4CCCC4)CC3)C2)CC1
C1CCC(CC2CCCC(CC3CCCC(C4CCC4)C3)C2)CC1
C1CCC(CCCCCC2CCC(CCC3CCCCC3)CC2)CC1
C1CCC(CCC2CCC(C3CCCCC3)CC2)CC1
C1CCC(CCC2CCCC(C3CCCCC3)C2)CC1
C1CCC(C2CCCCC2C2CCCCC2)CC1
C1CCC(CCCC2CC(CC3CCCCC3)CCC2C2CCCCC2)CC1
C1CCC(CCCC2CCCCC2)CC1
C1CCC(C2CC(C3CCCCC3)C(C3CCCCC3C3CCC4CCCC4C3)C3CCCC23)CC1
C1CCC(CCC2CCCC(C3CCCCC3)C2)CC1
C1CCC(C2CCC(C3CCC4CCCCC4C3)CC2)CC1
C1CCC(C2CCCCC2)CC1
C1CCC(CCC2CCCC(C3CCCCC3C3CCC(C4CCC(C5CCC5)CC4)CC3)C2)CC1
C1CCC(CC2CCC(C3CCCCC3)CC2)CC1
C1CCC(C2CC(CC3CCCC(C4CCCC4)C3)C3CCCCC32)CC1
C1CCC(C2CCC(CCC3CCC4C(CCC4C4CCCCC4)C3)CC2)CC1
C1CCC(CCC2CCCC(C3CC(C4CCCCC4)CC(C4CCCCC4)C3)C2)CC1
C1CCC(C2CCC(C3CC4CCCCC4C3)CC2)CC1
C1CCC(CCC2CCCC(C3CCCC(C4CCCCC4)C3)C2)CC1
C1CCC(CCC(CC2CCCCC2)C2CCCCC2)CC1
C1CCC(CCC2CCC(C3CCC(C4CCCC4)CC3)CC2)C1
C1CCC(C2CCC(C3CCCCC3)CC2)CC1
C1CCC(CC2CCCC(CC3CCCCC3)C2)CC1
C1CCC(C2CCC(C3CCCCC3)CC2)CC1
C1CCC(C2CCCC(C3CC(CC4CC4)CC(C4CCCCC4)C3)C2)CC1
C1CCC(CC2CCC(CC3CCCCC3)CC2)CC1
C1CCC(C2CC(CC3CC4CCCCC4C3)CC(C3CCCCC3)C2)CC1
C1CCC(CCCCC2CCC(C3CCC(CC4CCCCC4)CC3)CC2)CC1
C1CCC(CCC2CCC(CCC3CCCCC3CCC3CCCCC3)CC2)CC1
C1CCC(C2CCC(CC3CCC(CC4CCCC(C5CCCCC5C5CCCCC5)C4)CC3)CC2)CC1
C1CCC(CC2CCCCC2)CC1
C1CCC(CCCCC2CCC3CCCC(C4CCCCC4)C3C2)CC1
C1CCC(CC2CCC(CCCC3CCC(CC4CCCCC4C4CCCCC4)CC3)CC2)CC1
C1CCC(CC2CCCCC2CCCCC2CCC3CCCCC23)CC1
C1CCC(CC2CCCC(C3CCCC(CC4CCC(C5CCCCC5)C4)C3)C2)CC1
C1CCC(CCCCC2CCC(C3CCCCC3)CC2)CC1
C1CCC(CCCCC2CCC(C3CCCC(C4CCCCC4)C3)CC2)CC1
C1CCC(CCCC2CCC(CC3CCCCC3)CC2)CC1
C1CCC(C2CCCC2CC2CC(CC3CC3)CCC2C2CCCCC2)CC1
C1CCC(C2CCCC(CC3CCC4CCCCC4C3)C2)CC1
C1CCC(CCC2CCC(C3CCCC(C4CCCCC4)C3)CC2)CC1
C1CCC(C2CCCC(C3CCCCC3)C2)CC1
C(CC1CCCC(C2CCC(C3CCC4CCCCC43)CC2)C1)CC1CC2CCCCC2C1
C1CCC(CCCCCC2CCC(CC3CCCC(C4CCCCC4)C3)CC2)CC1
C1CCC(CC2CCCCC2C2CCCC(CC3CC4CCCCC4C3)C2)CC1
C1CCC(CC2CCCC(CC3CCCCC3)C2)CC1
C1CCC(C2CCCC(C3CCCCC3)C2)CC1
C1CCC(C2CCC(C3CCCCC3)C(C3CCCCC3)C2)CC1
C1CCC(CC2CCC(C3CCC(CCC4CCCC4)CC3)CC2)CC1
C1CCC(CC2CCCC(C3CCCC(CC4CCCCC4)C3)C2)CC1
C1CCC(CC2CCC(C3CCCCC3CCC3CCCCC3C3CCCCC3)C2)CC1
C1CCC(CC2CCCCC2C2CCCCC2)CC1
C1CCC(CCCC2CCCC(CC3CCC(CCC4CCC5CCCC5C4)CC3)C2)CC1
C1CCC(CC2CCC(CC3CCCCC3)CC2)CC1
C1CCC(CC2CCC(C3CCCCC3)CC2)CC1
C1CCC(CC2CCCC(C3CC(C4CCCCC4)C4CCCCC34)C2)CC1
C1CCC(CCC2CCCC(C3CCC4CCCC4C3)C2)C1
C1CCC(CC2CCC(CC3CCCCC3)CC2)CC1
C1CCC(CCCC2CCC(CC3CCCCC3)CC2)CC1
C1CCC(CC2CCCCC2C2CCCCC2C2CCC3CCCC3C2)CC1
C1CCC(CC2CCCC(CCC3CCCC(C4CCCC4C4CCCCC4)C3)C2)CC1
C1CCC(CC2CC(C3CCCCC3)CC(C3CCCCC3)C2)CC1
C1CCC(C2CCCC(C3CCCCC3)C2)CC1
C1CCC(C2CCC(CC3CCC(C4CCCC4)CC3)CC2)CC1
C1CCC(C2CCC(C3CCCCC3)CC2)CC1
C1CCC(CCC2CCC3C(CC4CCCCC4)CC(CCC4CCCCC4)C3C2)CC1
C1CCC(C2CCC3CCCC(C4CCCCC4)C3C2)CC1
C1CCC(CCCC2CCC(C3CC3)CC2)CC1
C1CCC(CC2CCCC2C2CCC(CC3CCC(C4CCCCC4)CC3)CC2)CC1
C1CCC(CCC2CC(CC3CCCCC3)CC(C3CCCCC3)C2)CC1
C1CCC(C2CCC(C3CCCC(C4CCCCC4C4CCCC4)C3)CC2)CC1
C1CCC(CC2CC(C3CCCCC3)CC(C3CCCCC3)C2)CC1
C1CCC(CCCC2CC(C3CCCCC3)CC(C3CCCCC3)C2)CC1
C1CCC(CCCCCC2CCC(CCC3CCCCC3)CC2)CC1
C1CCC(CC2CCC(CCCC3CCCCC3C3CCC4CCCCC4C3)CC2)CC1
C1CCC(CC2CCC(CCC3CCCC(C4CCCCC4C4CCCCC4)C3)CC2)CC1
C1CCC(CCC2CCC(C3CCC(CC4CCCCC4)CC3)CC2)CC1
C1CCC(C2CCC(C3CCCC3)CC2)CC1
C1CCC(C2CCCCC2C2CCCCC2)CC1
C1CCC(CC2CC(C3CCC4CCCCC43)CC3CCCCC32)CC1
C1CCC(C2CCC(CC3CCCC(C4CCCCC4)C3)CC2)CC1
C1CCC(CCC2CCCC(CC3CCCC3C3CCCCC3)C2)CC1
C1CCC(CC2CCCC(CC(C3CCCCC3)C3CCCCC3)C2)CC1
C1CCC(CCCC2CCCC(CC3CCCCC3)C2)CC1
C1CCC(C2CCC(CC3CCC(C4CCCC(C5CCCCC5)C4)C3)CC2)CC1
C1CCC(CC2CCC(CCC3CCCC3)C(C3CCC4C(CC5CCCCC5)CCCC4C3)C2)CC1
C1CCC(C2CCCC(C3CCCC3)C2)CC1
C1CCC(CCC2CCCC(C3CCC4CCCC4C3)C2)CC1
C1CCC(CCC2CCC(CC3CCCCC3)CC2)CC1
C1CCC(CCCC2CCC(CC3CCC(CC4CCCCC4)CC3)CC2)CC1
C1CCC(C2CCC(C3CCC(CCC4CC5CCCCC5C4)CC3)CC2)CC1
C1CCC(CCC2CCC(CC3CCCC(CC4CCCCC4)C3)CC2)CC1
C1CCC(CCC2CCC(CC3CCCCC3)CC2)CC1
C1CCC(CCCC2CCC(C3CCC(CCC4CCCC(CCC5CC6CCCCC6C5)C4)CC3)CC2)CC1
C1CCC(CCC2CCC(CC3CCCCC3)CC2)CC1
C1CCC(CCCC2CCCCC2)CC1
C1CCC(C2CC3CCCCC3C(C3CCCCC3)C2)CC1
C1CCC(CC2CCCC(C3CCCCC3)C2)CC1
C1CCC(CC2CCCC(CC3CCCCC3C3CCCCC3)C2)CC1
C1CCC(C2CCC(CC3CCC(CC4CCC(C5CCCCC5)CC4)CC3)CC2)CC1
C1CCC(CC2CCCC(CCC3CCCCC3C3CCCC4CC(CC5CC6CCCCC6C5)CCC43)C2)CC1
C1CCC(C2CC3CCCCC3C(C3CCCCC3)C2)CC1
C1CCC(CCC2CCCC(CC3CCC(C4CCC(CC5CCCCC5)CC4)CC3)C2)CC1
C1CCC(CCC2CCCCC2C2CC(C3CC3)CCC2C2CCCCC2)CC1
C1CCC(C2CCCC(CC3CCC(CC4CCC(C5CCCC5)CC4)CC3)C2)CC1
C1CCC(CCCC2CC(CCC3CCC4CCCCC4C3)CCC2C2CCCCC2)CC1
C1CCC(CCCC(CC2CCCCC2)C2CCCC(C3CCCCC3)C2)CC1
C1CCC(C2CCCC(C3CCCCC3C3CCCCC3)C2)CC1
C1CCC(CC2CCC(CC3CCCCC3)C(CC3CCCCC3)C2)CC1
C1CCC(C2CCC(CCC3CCCC(CCC4CC5CCCCC5C4)C3)CC2)CC1
C1CCC(C2CC(C3CCCCC3)CC(C3CCCC3)C2)CC1
C1CCC(CC2CCC(CC3CCC(C4CCCCC4)CC3)CC2)CC1
C1CCC(CC2CCC(CCCCCC3CCCC(C4CCCC4)C3)CC2)CC1
C1CCC(C2CCC(CCC3CCCC(C4CCCCC4)C3)CC2)CC1
C1CCC(C2CCC(CCC3CC4CCCCC4C3)CC2)CC1
C1CCC(C2CC(C3CCC4CCCCC43)CC3CCCCC32)CC1
C1CCC(C2CCCCC2)CC1
C1CCC(CC2CCCC(CC3CC(C4CCCCC4)C4CC(CCCC5CCCC5)CCC34)C2)CC1
C1CCC(CC2CCC3C(CCC4CCC5CCCCC54)CCCC3C2)CC1
C1CCC(CC2CCC(C3CCCCC3)CC2)CC1
C1CCC(CCC2CCC(C3CCCCC3)CC2)CC1
C1CCC(CCCC2CCCCC2CC2CCC(C3CCCC(C4CCCC4)C3)C2)CC1
C1CCC(CC2CCC(CC3CCCCC3CC3CCCCC3)CC2)CC1
C1CCC(C2CCCC(C3CCC(C4CCCC(C5CCCC(C6CCCCC6)C5)C4)CC3)C2)CC1
C1CCC(C2CCC(C3CCCCC3)CC2)CC1
C1CCC(CCCC2CCCC(CC3CCCC3)C2)CC1
C1CCC(CC2CCC(C3CCCCC3)C(C3CCC4CCCC4C3)C2)CC1
C1CCC(C2CCC(CC3CCCC(C4CCCCC4)C3)CC2)CC1
C1CCC(CCC2CCCC(CCC3CCCC(C4CCCCC4)C3)C2)CC1
C1CCC(CC2CCCC(CCC3CCCC(C4CCCCC4)C3)C2)CC1
C1CCC(CC2CCC(C3CCC(C4CCCCC4)CC3)CC2)CC1
C1CCC(CC2CCCC(CCC3CCC(C4CCCCC4)CC3)C2)CC1
C1CCC(C2CCCCC2C2CCCCC2)CC1
C1CCC(CCCCC2CCC(CCC3CCCCC3)CC2)CC1
C1CCC(CC2CCC(CCC3CCCC(C4CCC(CC5CCCCC5)CC4)C3)CC2)CC1
C1CCC(CCCC2CCC(CC3CCC(CC4CCCC(C5CCCCC5)C4)CC3)CC2)CC1
C1CCC(C2CCCCC2)CC1
C1CCC(C2CCC(CC3CCCCC3CCCC3CCCC3)C(C3CCCC3)C2)CC1
C1CCC(CC2CC(C3CCCCC3)C3CC(C4CCCCC4)CCC23)CC1
C1CCC(C2CCC(C3CCCC(C4CCC(C5CCCCC5)CC4)C3)CC2)CC1
C1CCC(C2CCCC3CCCCC32)CC1
C1CCC(C2CCCC(C3CCCCC3)C2)CC1
C1CCC(C2CCC(CC3CCC(C4CCCC4)CC3)CC2)CC1
C1CCC(CCCC2CCC(C3CCCCC3)CC2)CC1
C1CCC(CCCC2CCCCC2C2CCC(C3CCCCC3)C2)CC1
C1CCC(CCCCC2CCCC(CCCC3CCCC(C4CCCC4)C3)C2)CC1
C1CCC(C2CCC(C3CCC(C4CCCCC4)CC3)CC2)CC1
C1CCC(CC2CCC(C3CCCCC3)CC2)CC1
C1CCC(CCCC2CCC(CC3CCCCC3)CC2)CC1
C1CCC(CC2CCC(C3CCCCC3)CC2)CC1
C1CCC(CCC2CCCCC2C2CCC(C3CCCCC3)CC2)CC1
C1CCC(CC2CCCCC2C2CCCC(C3CCC(CC4CCC(C5CCCC5)CC4)CC3)C2)CC1
C1CCC(C2CCC(C3CCC4CC(C5CCCCC5)CCC43)CC2)CC1
C1CCC(C2CCCC(CC3CCCC(C4CCCCC4)C3)C2)CC1
C1CCC(CC2CCCC(C3CCCCC3)C2)CC1
C1CCC(CCCC2CC3CCCCC3C2)CC1
C1CCC(C2CCCC(C3CCC(C4CCC(C5CCCC5)CC4)CC3)C2)CC1
C1CCC(C2CCC(CCCC3CCCCC3CC3CCCCC3C3CCCC3)CC2)CC1
C1CCC(CC2CCC(C3CCCC(C4CCCCC4)C3)CC2)CC1
C1CCC(C2CCC(C3CCCC(C4CCCCC4)C3)CC2)CC1
C1CCC(CCC2CCC(C3CCCCC3C3CCC4CCCC4C3)CC2)CC1
C1CCC(CC2CCC3C(CC4CCCCC4)CC(C4CCC(CC5CCC(C6CCCC6)CC5)CC4)C3C2)CC1
C1CCC(CC2CCC(CC3CCCCC3)CC2)CC1
C1CCC(C2CCC(CCCC3CCCC(C4CCCCC4)C3)CC2)CC1
C1CCC(CCC2CCCC(C3CCCC(C4CCC5CCCCC54)C3)C2)CC1
C1CCC(C2CCC(CC3CCCCC3C3CCC(C4CCCCC4)CC3)CC2)CC1
C1CCC(C2CCC(CCC3CCCC(C4CCCCC4)C3)CC2)CC1
C1CCC(CC2CCCC(CC3CCCCC3C3CCCCC3)C2)CC1
C1CCC(CCC2CCC(CCC3CCCCC3)CC2)CC1
C1CCC(C2CCC(C3CCCC(C4CCCCC4)C3)CC2)CC1
C1CCC2C(C1)CCC2CC1CCCC(C2CCCCC2C2CCCC2)C1
C1CCC(CC2CCC(C3CCCC(CC4CCCC(C5CCCCC5)C4)C3)C(CC3CCCCC3)C2)CC1
C1CCC(CC2CCC(C3CCCCC3)CC2)CC1
C1CCC(CCCCC2CCC(CCCCC3CC4CCCCC4C3)CC2)CC1
C1CCC(CC2CCCC(C3CCCCC3)C2)CC1
C1CCC(CC2CCC(C3CCCCC3)C(CC3CCCCC3)C2)CC1
C1CCC(CC2CCC(C3CCC(C4CCC5CCCCC54)CC3)C2)CC1
C1CCC(CC2CCC(C3CCC3)C(CC3CCCC(C4CCCCC4)C3)C2)CC1
C1CCC(CC2CCC(C3CCCCC3)C(C3CCCCC3)C2)CC1
C1CCC(C2CCC(C3CCCCC3)CC2)CC1
C1CCC(CC2CCC(CCCCC3CCC(C4CCCCC4)CC3)CC2)CC1
C1CCC(CC2CCC(CC3CCC4CC(CC5CCCCC5)CCC34)CC2)CC1
C1CCC(C2CCCC(C3CCC4CCCC4C3)C2)CC1
C1CCC(CCCC2CCCCC2)CC1
C1CCC(CC2CCCC(CC3CCCCC3)C2)CC1
C1CCC(CC2CCC3CC(CC4CCC(CC5CC6CCCCC6C5)CC4)CCC23)CC1
C1CCC(CCCC2CCC(C3CCCC(C4CCCCC4C4CCCC4)C3)CC2)CC1
C1CCC(CCCC2CCC(C3CCCC(C4CCCC4)C3)CC2)CC1
C(CCCCC1CCC(CC2CCC(C3CCCC3)CC2)CC1C1CCC1)CCCC1CCCCC1
C1CCC(C2CC(CC3CCC(C4CC4)CC3)CC(C3CCCC3)C2)CC1
C1CCC(CCC2CCC(C3CCCC(C4CCC5C(CC6CCCC6)CCC5C4)C3)CC2)CC1
C1CCC(CC2CCC(CC3CCC(CCC4CCC5CCCCC5C4)CC3)CC2)CC1
C1CCC(CC2CC(C3CCCCC3C3CCCCC3)C3CCCCC23)CC1
C1CCC(CC2CCC(C3CCC(C4CCCCC4)CC3)CC2)CC1
C1CCC(CCC2CC(CC3CCCCC3)CC(CC3CCCCC3)C2)CC1
C1CCC(CC2CCC(C3CCCCC3)CC2)CC1
C1CCC(CC2CCC(CC3CCC(CC4CC4)CC3)CC2)CC1
C1CCC(C2CCCCC2C2CCCCC2)CC1
C1CCC(CC2CCCC(C3CCCC(CC4CCCCC4)C3)C2)CC1
C1CCC(C2CCC(C3CCCCC3)CC2)CC1
C1CCC(CCC2CC(C3CCCCC3)CC(C3CCCCC3)C2)CC1
C1CCC(C2CCCCC2)CC1
C1CCC(CC2CCC(CCCC3CCC(CC4CCCCC4)CC3)CC2)CC1
C1CCC(C2CC(CCC3CC4CCCCC4C3)CC(CC3CC4CCCCC4C3)C2)CC1
C1CCC(CCC2CCC(CC3CCCCC3)CC2)CC1
C1CCC(CCCCC2CCC(CC3CCC(C4CC4)CC3)CC2)CC1
C1CCC(CC2CCCCC2C2CCC(C3CCC4CCCCC43)C(C3CCCCC3)C2)CC1
C1CCC(CC2CCC(C3CCCC(CC4CCCCC4)C3)CC2)CC1
C1CC(CCC2CCCC(C3CCCC3)C2)CC(CC2CCCC(CC3CC3)C2)C1
C1CCC(CCCCC2CCC(C3CCCCC3)CC2)CC1
C1CCC(CCC2CCCC(C3CCCC(C4CCCC5CCCCC54)C3)C2)CC1
C1CCC(C2CCC(CC3CCC(C4CCCC4)CC3)CC2)CC1
C1CCC(C2CC(C3CCC4CCCCC4C3)C3CCCCC23)CC1
C1CCC(CCC2CC3CCCCC3C2)CC1
C1CCC(CCCCC2CCCC(CC3CCC4CCCC4C3)C2)CC1
C1CCC(CC2CCCC(CC3CCCCC3)C2)CC1
C1CCC(C2CCC3CC(C4CCC5CCCCC54)CCC3C2)CC1
C1CCC(C2CCCC(CC3CCCC(C4CCCCC4)C3)C2)CC1
C1CCC(CC2CCC(C3CCCC(CC4CCCCC4)C3)CC2)CC1
C1CCC(C2CCCC(CCCC3CC4CCCCC4C3)C2)CC1
C1CCC(C2CCCC(CCC3CCC(CC4CCCC(C5CCCCC5)C4)CC3)C2)CC1
C1CCC(C2CCC(CCC3CCC(CC4CC5CCCCC5C4)CC3)CC2)CC1
C1CCC(CC2CCCC(CC3CCCC(C4CCC(C5CCCCC5)CC4)C3)C2)CC1
C1CC(CC2CC3CCCCC3C2)CC(C2CCC(C3CCCCC3C3CCCC3)CC2)C1
C1CCC(CCC2CCC(C3CCC(CC4CCCCC4)CC3)CC2)CC1
C1CCC(C2CCC(C3CCC(CC4CCC(C5CC5)CC4)CC3)CC2)CC1
C1CCC(CC2CCCC(CCC3CCC(C4CCCCC4)C(C4CCCCC4)C3)C2)CC1
C1CCC(C2CCC(CC3CCC(C4CCCCC4C4CCCCC4)CC3)CC2)CC1
C1CCC(CC2CCCCC2C2CCCCC2C2CCCCC2)CC1
C1CCC(CCC2CCC(CC3CCCCC3)CC2)CC1
C1CCC(CC2CCC(CC3CCCC(CC4CCCCC4)C3)CC2)CC1
C1CCC(CC2CCC(CC3CCC(CC4CCC(C5CCCCC5)CC4)CC3)C2)CC1
C1CCC(CCC2CCC(C3CCC(C4CCCC(C5CCCCC5)C4)CC3)CC2)CC1
C1CCC(C2CCCC(C3CCC(C4CCC4)CC3)C2)CC1
C1CCC(C2CCCC(C3CCC4CC(C5CCC6CCCCC65)CC(C5CCCC5)C4C3)C2)C1
C1CCC(CC2CCCC(C3CCCCC3)C2)CC1
C1CCC(CCCC2CCC(C3CCCCC3C3CCCC(CC4CC5CCCCC5C4)C3)CC2)CC1
C1CCC(CC2CC(C3CCCCC3)C3CCCCC23)CC1
C1CCC(C2CCC(CCCC3CCCC(CC4CC4)C3)CC2)CC1
C1CCC(CCC2CCC(CC3CCCCC3)CC2)CC1
C1CCC(C2CCC3C(CCCC3C3CCCCC3)C2)CC1
C1CCC(C2CC(C3CCCCC3C3CCCCC3)C3CCCCC23)CC1
C1CCC(CC2CCC(CC3CCCCC3)CC2)CC1
C1CCC(CCC2CC(CC3CCCCC3)CCC2C2CCCCC2)CC1
C1CCC(CCCC2CCC(C3CCC(C4CC(C5CCCCC5)C4)CC3)CC2)CC1
C1CCC(CCC2CC(CC3CCCCC3)CCC2C2CCCCC2)CC1
C1CCC(C2CC(CC3CC4CCCCC4C3)C(C3CCCCC3C3CC(C4CCCC4)C4CCCCC43)C2)CC1
C1CCC(CC2CCCCC2C2CCCCC2CCC2CC3CCCCC3C2)CC1
C1CCC(CCCC2CC(C3CCCCC3)CCC2CC2CCCCC2)CC1
C1CCC(C2CCC(C3CCC(CC4CCC(C5CCCC5)CC4)CC3)CC2)CC1
C1CCC(CCCC2CCC(C3CCC(C4CCCCC4)CC3)CC2)CC1
C1CCC(CC2CCC(CCC3CC(CC4CCCCC4)C4CCCCC34)CC2)CC1
C1CCC(CC2CCC(CCC3CCCC3)CC2)CC1
C1CCC(CCC2CCC(C3CCCCC3C3CCCCC3)C(C3CCCC3)C2)CC1
C1CCC(CC2CCCC(C3CCC(C4CCCC(C5CCCCC5)C4)CC3)C2)CC1
C1CCC(CC2CCC3C(CCCC3C3CCCC(C4CCC4)C3)C2)CC1
C1CCC(CCCC2CCCCC2CCC2CCCCC2C2CCCCC2)CC1
C1CCC(CC2CCCC(C3CCCC(C4CCCC4)C3)C2)CC1
C1CCC(CC2CCC(C3CCC(CC4CC4)CC3)CC2)CC1
C1CCC(C2CCCC(CC3CCCC(C4CCC4)C3)C2)CC1
C1CCC(CCC2CCC(CC3CCC(C4CC5CCCCC5C4)CC3)CC2)CC1
C1CCC(CCCCC2CCC(CC3CCCCC3CC3CCCCC3)CC2)CC1
C1CCC(C(C2CCCCC2)C2CCCCC2C2CCC3CCCC3C2)CC1
C1CCC(C2CCCCC2)CC1
C1CCC(CCCC2CCC(CC3CCCC(C4CCCCC4)C3)CC2)CC1
C1CCC(CC2CCCCC2CCC2CCCC(C3CCCC(C4CCCCC4)C3)C2)CC1
C1CCC(CC2CCCC(C3CCCCC3)C2)CC1
C1CCC(C2CCCCC2C2CCCCC2C2CCCC2)CC1
C1CCC(C2CC(C3CCC4CCCCC43)CC3CCCCC32)CC1
C1CCC(CC(CC2CCC3CC(C4CCCCC4)CCC3C2)C2CCC2)CC1
C1CCC(CC2CCC(C3CCCCC3)CC2)CC1
C1CCC(CCC2CCC(CCC3CCCC(CCC4CC5CCCCC5C4)C3)CC2)CC1
C1CCC(CCCC2CCC(CC3CCCCC3)CC2)CC1
C1CCC(CC2CCC(CCC3CCC(CC4CC5CCCCC5C4)C3)CC2)CC1
C1CCC(C2CCCC(C3CCCCC3C3CC3)C2)CC1
C1CCC(CCC2CC(CC3CCCCC3)CC(CC3CCCCC3)C2)CC1
C1CCC(CC2CCC(CC3CCCCC3)CC2)CC1
C1CCC(CC2CCC(CC3CC4CCCCC4C3)CC2)CC1
C1CCC(CC2CCCCC2CC2CCCCC2C2CCC3CCCCC3C2)CC1
C1CCC(CC2CCC(C3CCCCC3)CC2)CC1
C1CC(CCC2CCC(C3CCCC(C4CCCC(CC5CCCC5)C4)C3)CC2)C1
C(CCC1CC2CCCCC2C1)CC1CCC(C2CCCCC2C2CCCCC2C2CCCC2)CC1
C1CCC(CC2CCCC(C3CCCCC3)C2)CC1
C1CCC2CC(C3CCC(C4CC(C5CCCC5)C5CCCCC45)CC3)CC2C1
C1CCC(CCC2CCC(CCC3CCC(CC4CCCCC4)CC3)CC2)CC1
C1CCC(CC2CCC(C3CCCCC3)CC2C2CCCCC2)CC1
C1CCC(CCCC2CC(C3CCCCC3)C3CCC(C4CCCCC4)CC23)CC1
C1CCC(CCCC2CCCCC2CC2CCCCC2C2CCC(C3CCCC3)CC2)CC1
C1CCC(C2CCC(CCC3CCC3)CC2)CC1
C1CCC(CCC2CCCCC2C2CCCCC2)CC1
C1CCC(C2CCCC3CC(C4CCCCC4CC4CCCCC4C4CCCC4)CCC32)CC1
C1CCC(CCC2CCCC(C3CCCCC3)C2)CC1
C1CCC(CCCC2CCC(CCCC3CCCCC3)CC2)CC1
C1CCC(CC2CCC(C3CCCCC3)C(CC3CCCCC3)C2)CC1
C1CCC(CCCC(C2CCCCC2)C2CCCCC2C2CCCC2)CC1
C1CCC(CCC2CCC3C(CC4CCCCC4)CC(C4CCCCC4)C3C2)CC1
C1CCC(CC2CCC(C3CCCCC3)CC2)CC1
C1CCC(CC2CCCC(C3CCCC(C(C4CCCCC4)C4CCC4)C3)C2)CC1
C1CCC(C2CC3CC(C4CCCCC4C4CCCCC4)CCC3C(C3CC3)C2)CC1
C1CCC(C2CCC(C3CCC(C4CCCC4)CC3)CC2)CC1
C1CCC(CCC2CCC(C3CCC(CC4CC5CCCCC5C4)CC3)CC2)CC1
C1CCC(C2CCC(CC3CCC(C4CCCC4)CC3)CC2)CC1
C1CCC(C2CCC(CCCCC3CCC(CC4CC5CCCCC5C4)CC3)CC2)CC1
C1CCC(C2CCC(CC3CCCC(C4CCCCC4)C3)CC2)CC1
C1CCC(C2CCC(CC3CCCC(C4CCC(CC5CCCC5)CC4)C3)CC2)CC1
C1CCC(C2CCCC(CC3CCC4CCCC4C3)C2)CC1
C1CCC(CCC2CCCCC2CC2CCCC(C3CCCCC3)C2)CC1
C1CCC(CC2CC(C3CCCCC3)CC(C3CCCCC3C3CCCC3)C2)CC1
C1CCC(CCC2CCCC(C3CCCCC3C3CCCC3)C2)CC1
C1CCC(CC2CCCCC2C2CC2C2CCCC(C3CCCCC3)C2)CC1
C1CCC(C2CCCC(CC3CCCC(CCCCC4CCC5CCCCC5C4)C3)C2)CC1
C1CCC(C2CCCCC2C2CCCC(CC3CCC4CCCCC43)C2)CC1
C1CCC(CCC2CCC(C3CCCCC3)C(C3CCC4CCCC4C3)C2)CC1
C1CCC(C2CCCCC2)CC1
C1CCC(CC2CCCC(CC3CCCC(CC4CCCCC4)C3)C2)CC1
C1CCC(C2CCCCC2CC2CCC(CCCC3CC4CCCCC4C3)CC2)CC1
C1CCC(C2CCCC(C3CCC(CC4CC5CCCCC5C4)CC3)C2)CC1
C1CCC(C2CCC(C3CCCCC3)C(C3CCCC3)C2)CC1
C1CCC(C2CCC(C3CCC(CCCC4CCCC(C5CCCC(C6CCCCC6)C5)C4)CC3)CC2)CC1
C1CCC(CCCCC2CCC(C3CCCC(C4CCCCC4)C3)CC2)CC1
C1CCC(CC2CCC(CC3CCCCC3)CC2)CC1
C1CCC(C2CCC(C3CCC(C4CCCC(CC5CC6CCCCC6C5)C4)CC3)CC2)CC1
C1CCC(CCC2CCCC(CC3CCC(C4CCC5CCCCC5C4)CC3)C2)CC1
C1CCC(CC2CCC(CC3CCCC4CCCCC43)CC2)CC1
C1CCC(CCCCC2CCCC(C3CC4CCCCC4C3)C2)CC1
C1CCC(C2CC(C3CCCCC3)CC(C3CCCCC3)C2)CC1
C1CCC(CC2CCC(C3CCC(C4CCCCC4C4CCCC4)CC3)CC2)CC1
C1CCC(C2CCC(CC3CCC(C4CCCCC4)CC3)CC2)CC1
C1CCC(CC2CCC(C3CCCCC3)CC2)CC1
C1CCC(CCC2CCC(CC3CCCCC3)CC2)CC1
C1CCC(C2CC(C3CCCCC3)CC(C3CCCCC3)C2)CC1
C1CCC(CCCC2CCCCC2C2CCCC(CCC3CCCCC3)C2)CC1
C1CCC(CC2CCC(CC3CCCCC3)CC2)CC1
C1CCC(CCC2CCC(C3CCC(C4CCCCC4)CC3)CC2)CC1
C1CCC(C2CCC(C3CCCC3)CC2)CC1
C1CCC(CC2CCC(C3CCCC(C4CCCC4)C3)CC2C2CCCCC2)CC1
C1CCC(CCC2CCCCC2CC2CCCCC2)CC1
C1CCC(CC2CCC(CC3CCC(CC4CCCCC4C4CCCCC4)CC3)CC2)CC1
C1CCC(C2CCC(CC3CCC(CC4CC5CCCCC5C4)CC3)CC2)CC1
C1CCC(C2CCCC(CCCC3CCC(CCC4CC4)CC3)C2)CC1
C1CCC(C2CCC(C3CCCCC3CCC3CCCC3)CC2)CC1
C1CCC(CCC2CCCCC2C2CCCC3CCCCC32)CC1
C1CCC(C2CCC(C3CCCC(C4CCCCC4)C3)CC2)CC1
C1CCC(C2CCCC(C3CCCCC3C3CCCCC3)C2)CC1
C1CCC(CC2CCCC(CCC3CCC(CCC4CCC5CCCC5C4)CC3)C2)CC1
C1CCC(CC2CCC(C3CCCCC3)CC2)CC1
C1CC(CC2CCC(C3CCCCC3C3CCC4CCCCC4C3)CC2C2CCCC2)C1
C1CCC(CC2CCC(C3CCCC(CC4CCCCC4)C3)CC2)CC1
C1CCC(CC2CCC(C3CCC(C4CCCCC4)C3)CC2)CC1
C1CC(CCC2CC3CCCCC3C2)CC(CC2CCCCC2C2CCC3C(CCC3C3CCC(C4CCC4)CC3)C2)C1
C1CCC(CCC2CCCC(CCC3CCC(CC4CCCCC4)CC3)C2)CC1
C1CCC(C2CCC(C3CCCCC3C3CCCCC3)C2)CC1
C1CCC(CC2CCC(CCCC3CCC(CC4CCCCC4)CC3)CC2)CC1
C1CCC(CC2CCC(C3CCCCC3)CC2)CC1
C1CCC(C2CCCC(CC3CCC(CC4CCCC4)CC3)C2)CC1
C1CCC(CC2CCC(C3CCC(CC4CC(C5CCC5)C5CCCCC45)CC3)CC2)CC1
C1CCC(CCC2CCCCC2CC2CCC(C3CCCCC3)CC2)CC1
C1CCC(CCC2CCCC(C3CCCCC3)C2)CC1
C1CCC(CCCCC2CC(CC3CC3)CCC2C2CCCC(C3CCC3)C2)CC1
C1CCC(CC2CCC(CC3CC(CC4CCCCC4)C4CCCCC34)CC2)CC1
C1CCC(CC2CCC(C3CC4CCCCC4C3)C(C3CCCCC3)C2)CC1
C1CCC(CCC2CCC(C(CCC3CCCCC3)C3CCCCC3)CC2)CC1
C1CCC(CCC2CCCC(CC3CCCC(CC4CCCCC4)C3)C2)CC1
C1CCC(C2CCC(C3CCCC(C4CCC5CCCCC54)C3)C2)CC1
C1CCC(C2CCCC(C3CCCCC3)C2)CC1
C1CC2CCC(CCC3CCC(CCC4CCC(C5CC6CCCCC6C5)CC4)CC3)CC2C1
C1CCC(CC2CCCC(C3CCC(CCCC4CCCC(C5CCCC5)C4)CC3)C2)CC1
C1CCC(C2CCCC(CCCC3CCCC(CCC4CCCC4)C3)C2)CC1
C1CCC(C2CC3CCCCC3C(C3CCCCC3)C2)CC1
C1CCC(CCCCC2CCCC(CC3CCCCC3)C2)CC1
C1CCC(C2CCCCC2CCCC2CCCC(CC3CC3)C2)CC1
C1CCC(CCCC2CCC(C3CCCCC3)CC2)CC1
C1CCC(C2CCC(C3CCCCC3)CC2)CC1
C1CCC(CC2CCC(C3CCCCC3)C(CCC3CC3)C2)CC1
C1CCC(CCC2CCCC(CC3CCCCC3)C2)CC1
C1CCC(C2CC(C3CCCCC3)C(C3CCCCC3)C(C3CCC3)C2)CC1
C1CCC(C2CCCC(C3CCC4CCCCC4C3)C2)CC1
C1CCC(CC2CCCCC2C2CCCCC2C2CCC(C3CCCC3)CC2)CC1
C1CCC(CCC2CCC3C(CCC3CC3CCCC(C4CCCCC4)C3)C2)CC1
C1CCC(CCCCC2CCC(CCC3CCCCC3)CC2)CC1
C1CCC(CC2CCC(C3CCCCC3)CC2)CC1
C1CCC(CC2CCCC(C3CCC(C4CCCC5CCCCC54)CC3)C2)CC1
C1CCC(CCC2CCCC(CC3CCC(C4CCCC(CC5CCCCC5)C4)CC3)C2)CC1
C1CCC(CCC2CCCC(CCC3CCCCC3)C2)CC1
C1CCC(C2CCC(C3CCCCC3)C(C3CCCCC3C3CCCCC3)C2)CC1
C1CCC(CC2CCC(C3CCCCC3)CC2)CC1
C1CCC(C2CCCCC2CC2CCCC(CC3CCC4CCCCC43)C2)CC1
C1CCC(CCCC2CCC(C3CCCCC3)CC2)CC1
C1CCC(CCCC2CCC(CC3CC(CC4CCCCC4)CC(C4CCCCC4)C3)CC2)CC1
C1CCC(CC2CCC(C3CCCCC3)CC2)CC1
C1CCC(CCC2CCCCC2)CC1
C1CCC(CCCC2CCC3C(CC4CCCCC4)CC(C4CCCCC4)C3C2)CC1
C1CCC(C2CC(C3CCCCC3)C3CCCCC23)CC1
C1CCC(CC2CCC(CC3CCC(C4CCCCC4)CC3)CC2)CC1
C1CCC(CCCC2CCCCC2)CC1
C1CCC(CC2CCC(CC3CCC(C4CCC(CC5CCCCC5)CC4)CC3)CC2)CC1
C(CCCC1CCC(CCC2CCCCC2)CC1)CCC1CCCCC1
C1CCC(C2CCC(CC3CC(C4CCC4)CCC3C3CCCCC3)CC2)CC1
C1CCC(CC2CCC(C3CCCCC3CC3CCCC(CC4CC5CCCCC5C4)C3)CC2)C1
C1CCC(CC2CCCC(CC3CC4CCCCC4C3)C2)CC1
C1CCC(CC2CCCCC2CCCCC2CCCCC2C2CCCC2)CC1
C1CCC(CC2CCCCC2C2CCC(C3CCCCC3)CC2)CC1
C1CCC(C2CC(C3CC(C4CCC(C5CCCC5)C4)C4CCCCC43)C3CCCCC23)CC1
C1CCC(CCCC2CCCC(C3CCC(CC4CCCCC4)CC3)C2)CC1
C1CCC(CC2CCC(CC(C3CCCCC3)C3CCCCC3)CC2)CC1
C1CCC(C2CCCC(C3CCC4CCCCC43)C2)CC1
C1CCC(C2CCCC(C3CCCCC3C3CCCCC3)C2)CC1
C1CCC(C2CCCC(C3CCC(C4CCC(C5CCCC5)CC4)CC3)C2)CC1
C1CCC(C2CCC(C3CCCCC3)CC2)CC1
C1CCC(CC2CCCCC2C2CCCCC2)CC1
C1CCC(C2CCCC(C3CCCC(C4CCCCC4)C3)C2)CC1
C1CCC(CC2CCCC(C3CCCC(C4CCCCC4)C3)C2)CC1
C1CCC(CC2CCC(CC3CCC(CC4CC(CC5CCCCC5)C5CCCCC45)CC3)CC2)CC1
C1CCC(CC2CCCC(C3CCCC(C4CCC(CCCCC5CC5)CC4)C3)C2)CC1
C1CCC(CC2CCCCC2C2CCC3C(CCCC3C3CCCCC3)C2)CC1
C1CCC(CCC2CCC(C3CCCC(C4CCCC4)C3)CC2)CC1
C1CCC(CCCC2CCCC(C3CCC(CCC4CCCCC4)CC3)C2)CC1
C1CCC(CCC2CCCC(CC3CCCCC3)C2)CC1
C1CCC(C2CCC3CC(C4CCCC(CC5CC6CCCCC6C5)C4)C(C4CCCCC4)C3C2)CC1
C1CCC(CC2CCC(CCCC3CCCCC3CC3CCCCC3)CC2)CC1
C1CCC(CC2CCCCC2)CC1
C1CCC(CC2CCC(CCC(CCC3CCC4CCCCC4C3)CC3CCCCC3)CC2)CC1
C1CCC(CC2CCCCC2C2CCC(C3CCCCC3)C2)CC1
C1CCC(CCCC2CCC(CC3CCC4C(CCCC4C4CCCCC4)C3)CC2)CC1
C1CCC(C2CCCC(C3CCC(C4CCCC4)CC3C3CCCC3)C2)CC1
C1CCC(CCC2CCCCC2C2CCC3C(CCCC3C3CCC(C4CCC4)CC3)C2)CC1
C1CCC(CC2CC(C3CCCCC3)C3CCCCC23)CC1
C1CCC(CC2CCC(CCCC3CCCC(C4CCCCC4)C3)CC2)CC1
C1CCC(CCC(CC2CCCCC2C2CCCCC2)C2CCC3CCCC3C2)CC1
C1CCC(CCCC2CCCCC2C2CCC(CC3CCC4CCCCC4C3)CC2)CC1
C1CCC(CC2CCCC(C3CCC(C4CC4)CC3)C2)CC1
C1CCC(CC2CCC(CC3CCC(C4CCCCC4)C3)CC2C2CCCCC2)CC1
C1CCC(CCC2CCC(CCCC3CCC(C4CCCCC4)CC3)CC2)CC1
C1CCC(C2CCCC(C3CCCCC3)C2)CC1
C1CCC(C2CCCCC2CCC2CCCCC2C2CCC3CCCC3C2)CC1
C1CCC(CC2CCC(C3CC(CCC4CCC(C5CCCC5)CC4)C4CCCCC43)CC2)CC1
C1CCC(CCC2CCC(CC3CCCCC3)CC2)CC1
C1CCC(C2CCC(C3CCCC3)CC2C2CCC3CCCC3C2)CC1
C1CCC(CC2CC(C3CCCC4CCCCC43)C3CCCCC23)CC1
C1CCC(CCCCC2CCCCC2)CC1
C1CCC(CC2CC(C3CCCC(CC4CCC5CCCCC5C4)C3)CCC2C2CCCCC2)CC1
C1CCC(C2CCCC(CCC3CCC(C4CCC4)CC3)C2)CC1
C1CC2CCC(C3CCCCC3CCCCC3CCCCC3C3CC3)CC2C1
C1CCC(CC2CCCC(C3CCC(CC4CCC(C5CCCC5)CC4)CC3)C2)CC1
C1CCC(C2CCC3C(CCC3C3CCCCC3)C2)CC1
C1CCC(CC2CC(C3CCCCC3)C3CCCCC23)CC1
C1CCC(CC2CCC(C3CCCC(C(CCCC4CCC4)C4CCCCC4)C3)CC2)CC1
C1CCC(CCC2CCC(CC3CCC(C4CCC(CC5CCCCC5)CC4)CC3)CC2)CC1
C1CCC(CCC2CCC3CC(C4CCCCC4CC4CCC(C5CCCC(C6CCC6)C5)CC4)CCC23)CC1
C1CCC(CCC2CCCCC2C2CCCCC2)CC1
C1CCC(CC2CCCC(C3CCCC(C4CCCCC4)C3)C2)CC1
C1CCC(CCC2CCC(CC3CCCCC3)CC2)CC1
C1CCC(C2CCC3CCCC(C4CCCC4C4CCCCC4)C3C2)CC1
C1CCC(CC2CCCCC2C2CCC(C3CCCCC3)C(CC3CCCC3)C2)CC1
C1CCC(CCC2CCC(CC3CCCC(C4CCC5CCCCC54)C3)CC2)CC1
C1CCC(CCCC2CCCC(C3CCCC(C4CCCCC4)C3)C2)CC1
C1CCC(C2CCCC3CCC(C4CCCC(C5CCC(CCC6CCCC6)CC5)C4)CC32)CC1
C1CCC(CC2CCCCC2)CC1
C1CCC(C2CCCC(CCCC3CC4CCCCC4C3)C2)CC1
C1CCC(CCCC2CCC(C3CCC(C4CC4)CC3)CC2)CC1
C1CCC(CC2CCCC(CC3CCCC(C4CCCCC4)C3)C2)CC1
C1CCC(CCCC2CCCCC2C2CCCCC2)CC1
C1CCC(C2CC(C3CCCCC3)C3CC(CC4CCCC4)CCC23)CC1
C1CCC(C2CCC(C3CCCCC3)C(C3CCCCC3)C2)CC1
C1CCC(C2CCC(C3CCC4CCCCC43)CC2)CC1
C1CCC(CC2CCC(CCC3CCCC(C4CCC5CCCCC54)C3)CC2)CC1
C1CCC(CC2CCC(CC3CCC(CC4CCC(C5CCCCC5)CC4)CC3)CC2)CC1
C1CCC(CCC2CC(CC3CCCCC3)CCC2C2CCCCC2)CC1
C1CCC(CCC2CCC(C3CCC(C4CCC(C5CCCCC5)CC4)CC3)CC2)CC1
C1CCC(CC2CCCCC2CC2CC2)CC1
C1CCC(CC2CCCC(C3CCC(C4CC4)CC3C3CCCC3)C2)CC1
C1CCC(CCCCC2CCC(CCC3CCCCC3)CC2)CC1
C1CCC(CCC2CCC(C3CCC(CC4CCC(C5CCCCC5)CC4)CC3)CC2)CC1
C1CCC(CC2CCC(C3CCCC(CC4CCC(C5CCCCC5)CC4)C3)CC2)CC1
C1CCC(CC2CCC(C3CC(C4CCCCC4)C4CCC(CC5CCCCC5)CC34)CC2)CC1
C1CCC(CC2CCC(CC3CCCCC3)CC2)CC1
C1CC(CC2CC3CCCCC3C2)CC(C2CCC(CC3CCC4CCCCC43)CC2)C1
C1CCC(CC2CCC(CCC3CCCC(C4CCCC4)C3)CC2CCC2CC2)CC1
C1CCC(C2CCC(C3CCCCC3)CC2)CC1
C1CCC(CC2CCC(CC3CCCCC3)C(C3CCCCC3)C2)CC1
C1CCC(C2CCCC(C3CCCCC3C3CCCCC3)C2)CC1
C1CCC(CC2CCC(C3CCC(C(CC4CCCCC4)C4CCCCC4)C3)CC2)CC1
C1CCC(CC2CCC(C3CCCC(C4CCCCC4)C3)C(C3CCCCC3)C2)CC1
C1CCC(CC2CCC(C3CCCCC3CC3CCCCC3C3CCC4CCCCC4C3)C2)CC1
C1CCC(C2CCC(CC3CC3)CC2C2CCCCC2)CC1
C1CCC(CCC2CC(C3CCCCC3)C3CCC(C4CCCCC4)CC23)CC1
C1CCC(C2CCCCC2)CC1
C1CCC(CC2CCC3CCCC(C4CCCCC4)C3C2)CC1
C1CCC(CC2CCCC(CCC3CCCC(C4CCCCC4)C3)C2)CC1
C1CCC(CC2CCCC(CCC3CCCC(CC4CCC5CCCCC54)C3)C2)CC1
C1CCC(CC2CCC(C3CCCC(CCCCC4CC5CCCCC5C4)C3)CC2)CC1
C1CCC(CC2CC(C3CCCCC3)CCC2C2CCCCC2)CC1
C1CCC(CCCC2CCC(CCC3CCCCC3)CC2)CC1
C1CCC(CC2CCC(CC3CCCC(C4CCC(C5CCCC5)CC4)C3)CC2)CC1
C1CCC(CCCC2CC(CCC3CCCCC3)CC(C3CCCCC3)C2)CC1
C1CCC(CCC2CCC(CCC3CCCC(C4CCCCC4)C3)CC2)CC1
C1CCC(CCC2CCCC(C3CC(C4CCCCC4)CC(C4CCCCC4)C3)C2)CC1
C1CCC(C2CC(C3CCCCC3C3CCCC3)C3CCCCC23)CC1
C1CCC(CCC2CCC(C3CCCCC3C3CCCCC3)CC2)CC1
C1CCC(C2CCCC(CC3CC4CCCC(C5CC6CCCCC6C5)C4C3)C2)CC1
C1CCC(C2CCCC(C3CCCC(CC4CC5CCCCC5C4)C3)C2)CC1
C1CCC(CCCC2CCC(C3CCCCC3)CC2)CC1
C1CCC(CCC2CCC(C3CCCCC3)CC2)CC1
C1CCC(CC2CCC(CC3CCCCC3)CC2)CC1
C(CCCCC1CCC(C2CCCCC2)CC1)CCCC1CCCCC1
C1CCC(CC2CCC(CCC3CCC(CC4CCCCC4)CC3)CC2)CC1
C1CCC(CCC2CCCC(C3CCCC(C4CCCCC4)C3)C2)CC1
C1CCC(CCC2CCC(CCC3CC(CC4CCCCC4)CCC3C3CCCC3)CC2)CC1
C1CCC(CC2CCCC(C3CCCCC3)C2)CC1
C1CCC(CC2CCC(C3CCCCC3)CC2)CC1
C1CCC(CC2CC(CC3CCCC(C4CCCCC4)C3)C3CCCCC23)CC1
C1CCC(CCCC2CCC(CC3CCCCC3)CC2)CC1
C1CCC(CCCCC2CCC(CC3CCC(CCC4CCCCC4)CC3)CC2)CC1
C1CCC(C2CCCCC2CCC2CCC(C3CCC3)CC2)CC1
C1CCC(CCC2CCCCC2C2CCCC(CC3CCCCC3C3CCCC3)C2)CC1
C1CCC2C(C1)CCCC2C1CCCC(C2CCCCC2C2CCCCC2C2CCCC2)C1
C1CCC(CC2CCCC(C3CC3)C2)CC1
C1CCC(CC2CCCC(C3CCC(C4CCCCC4)CC3)C2)CC1
C1CCC(CC2CCCC(C3CCCCC3C3CC3)C2)CC1
C1CCC(CC2CCCC(C3CCCC(C4CCCCC4)C3)C2)CC1
C1CCC(CCCC2CCCC(C3CC(C4CC4)CCC3CC3CCCCC3)C2)CC1
C1CCC(C2CCCC(C3CCC4CCC(C5CCCC5)C4C3)C2)CC1
C1CCC(C2CCC(C3CCC(CC4CCCC4)C3)C(C3CCC4CCCC4C3)C2)CC1
C1CCC(CCC2CCC(CC3CCCC(C(CC4CCCCC4)C4CCCCC4)C3)CC2)CC1
C1CCC(CC2CCC3C(C2)C(CC2CCCCC2)CC3C2CCCCC2)CC1
C1CCC(CCC2CCCC(CC3CCCC(CCCC4CC5CCCCC5C4)C3)C2)CC1
C1CCC(CC2CCCC(C3CCC(CC4CC5CCCCC5C4)CC3)C2)CC1
C1CCC(CC2CCCCC2)CC1
C1CCC(C(C2CCCCC2)C2CCCCC2C2CCCC2)CC1
C1CCC(CC2CCC(C3CCC(CC4CCC(C5CCCCC5CC5CCCCC5)CC4)CC3)CC2)CC1
C1CCC(CC2CCCC(C3CCCCC3C3CCCC3)C2)CC1
C1CCC(CC2CCCC(C3CC(C4CCCCC4)CCC3C3CCCCC3)C2)CC1
C(CCC1CCC(C2CCCCC2)CC1)CCC1CCC(C2CCCCC2)CC1
C1CCC(CCC2CCC(C3CCCC(C4CCCC4)C3)CC2C2CCCCC2)CC1
C1CCC2CC(C3CCCC(C4CCCCC4C4CCCC4)C3)CC2C1
C1CCC(C2CC(C3CCCC(C4CCCC(CC5CC(C6CCCCC6)C6CCCCC56)C4)C3)C2)CC1
C1CCC(CCC2CCC(CC3CCCCC3)CC2)CC1
C1CCC(CCC2CCC(CC3CCCC(C4CCCC4)C3)CC2)CC1
C1CCC(CC2CCC(C3CCCCC3C3CCCCC3)CC2)CC1
C1CC(C2CCCC(CC3CCCC(C4CC4)C3)C2)C1
C1CCC(CC2CCC(CC3CCCCC3)CC2)CC1
C1CCC(CC2CCC(CC3CCC(CC4CCCCC4)CC3)CC2)CC1
C1CCC(CC2CCC(CCC3CCCC(C4CCC5CCCC5C4)C3)CC2)CC1
C1CCC(C2CCC(C3CCC3)CC2)CC1
C1CCC(CC(CC2CCCC(C3CC3)C2)C2CCC(C3CCCC3)CC2)CC1
C1CC(CCC2CCC(C3CCC(C4CCCC4)CC3)CC2)CC(CC2CC2)C1
C1CCC(C2CCC(CC3CCC(CCCC4CC5CCCCC5C4)CC3)C2)CC1
C1CCC(CC2CCC(CC3CCCCC3C3CCCCC3)CC2)CC1
C1CCC(C2CCCCC2CCC2CC3CCCCC3C2)CC1
C1CCC(CCC2CCCCC2C2CCCCC2)CC1
C1CCC(CCCC2CC(CC3CCCCC3)C3CCC(CC4CCCCC4)CC23)CC1
C1CCC(C2CCC(C3CCCC(CC4CCCC4)C3)CC2)CC1
C1CCC(C2CCC(C3CCCCC3)CC2)CC1
C1CCC(C2CCC(CC3CCC(C4CCCCC4)CC3)CC2)CC1
C1CCC(C2CCC(CC3CCC4CCCCC43)CC2)CC1
C1CCC(C2CCCC(CC3CC(C4CCCC(C5CCCCC5)C4)C4CCCCC34)C2)CC1
C1CCC(CC(CC2CCCC(C3CCC(C4CCCC4)CC3)C2)C2CC3CCCCC3C2)CC1
C1CCC(C2CCCCC2C2CCC3CCCCC3C2)CC1
C1CCC(C2CCC(C3CCCCC3C3CCCCC3)CC2)CC1
C1CCC(CC2CCCC(C3CCCCC3)C2)CC1
C1CCC(C2CCC(CCCC3CC3)CC2)CC1
C1CCC(C2CCC3CC(CC4CCCC(C5CCCC5)C4)CCC3C2)CC1
C1CCC(CCC2CCC(CC3CCCCC3)C(C3CCCCC3)C2)CC1
C1CCC(CCC2CCCC(CC3CCCCC3)C2)CC1
C1CCC(C2CC(C3CCC3)CC(C3CCCC(CC4CCCCC4C4CCCCC4)C3)C2)CC1
C1CCC(CCC2CCCC(C3CCCC(C4CCC(CC5CCCC5)CC4)C3)C2)CC1
C1CCC(CC2CCCC(C3CCCCC3)C2)CC1
C1CCC(C2CCCC(CCC3CC(C4CCCC(C5CCCCC5)C4)C3)C2)CC1
C1CCC(CCC2CCC(CC3CCCCC3)CC2)CC1
C1CCC(CCC2CCCC(CC3CCC(C4CCCCC4)CC3)C2)CC1
C1CCC(CC2CCC(C3CCCCC3)CC2)CC1
C1CCC(CCC2CCCCC2C2CCC(C3CCCCC3)CC2)CC1
C1CCC(CCC2CCCC(CC3CCCC(C4CCC5CCCCC54)C3)C2)CC1
C1CCC(CCC2CCCCC2CC2CCC(C3CCCCC3)C(C3CCCCC3)C2)CC1
C1CCC(CCC2CC(CC3CCCC(C4CCCCC4)C3)C3CCC(CC4CCCCC4)CC23)CC1
C1CCC(CC2CCC(C3CCCCC3)C(C3CCC4CCCC4C3)C2)CC1
C1CCC(C2CCC(CC3CC(C4CCCCC4)C4CCCCC34)CC2)CC1
C1CCC(CC2CCCC(C3CCCC(CC4CCC(C5CCCCC5)CC4)C3)C2)CC1
C1CCC(CC2CC(C3CCCCC3)C3CCCC3C2C2CCCCC2)CC1
C1CCC(CCCCC2CCC3CC(C4CCC5CCCCC54)CC(C4CCCCC4)C3C2)CC1
C1CCC(C2CCCCC2)CC1
C1CCC(C2CCCCC2CC2CC3CCCCC3C2)CC1
C1CCC(CC2CCC3CC(C4CCC5CCCCC54)CC(C4CCCCC4)C3C2)CC1
C1CCC(C2CCCC(CCC3CCC(CCC4CCC5C(CCC5C5CCCC5)C4)CC3)C2)CC1
C1CCC(CC2CCC(CC3CCCCC3)CC2)CC1
C1CCC(C2CCC3C(CC(CC4CCCC4)CC3C3CCCCC3)C2)CC1
C1CCC(CCCCC2CCCC(C3CCCC(C4CCCCC4)C3)C2)CC1
C1CCC(CC2CCCC(CC3CCC(C4CCCCC4)CC3)C2)CC1
C1CCC(CC2CCC(C3CCCCC3)CC2)CC1
C1CCC(CC2CCCC(CCC3CCCC(C4CCCCC4)C3)C2)CC1
C1CCC(CCCC2CCCC(C3CCCC3)C2)CC1
C1CCC(CC2CCC(CCCC3CCCC(C4CCCCC4)C3)CC2)CC1
C1CCC(CC2CCCC(C3CCCCC3)C2)CC1
C1CCC(C2CCC(CC3CC4CCCCC4C3)CC2)CC1
C1CCC(C2CC(CC3CCC(CCC4CCCC4)CC3)CC(C3CCCC3)C2)CC1
C1CCC(CCCC2CCCC(C3CCCCC3)C2)CC1
C1CCC(CCCC2CCCCC2)CC1
C1CCC(C2CCCC(C3CCCC4CC(C5CCCCC5C5CCCC5)CCC43)C2)CC1
C1CCC(CCCC2CCCCC2)CC1
C1CCC(C2CCC(C3CCCCC3C3CCCCC3C3CCCC3)CC2)CC1
C1CCC(C2CCCCC2)CC1
C1CCC(CCC2CCC(C3CCCCC3C3CCC4CCCC4C3)CC2)CC1
C1CCC(CC2CCCC(C3CCCCC3)C2)CC1
C1CCC(C2CCC(CC3CCCCC3CC3CCC(CC4CC4)C3)C(C3CCCC3)C2)CC1
C1CCC(C2CCC(C3CCCC3C3CCC4CCCCC4C3)CC2)CC1
C1CCC(CCC2CC(C3CCCCC3)CC(C3CCCC(CC4CC4)C3)C2)CC1
C1CCC(CCCCC2CCCCC2C2CCCC(C3CCCCC3)C2)CC1
C1CCC(CCCC2CCCCC2C2CCCCC2)CC1
C1CCC(CCCCC2CCCCC2CCC2CCCCC2)CC1
C1CCC(CCC2CCCC(C3CCCC(C4CCCCC4)C3)C2)CC1
C1CCC(CCC2CCC(C3CCC4C(CC5CCC(C6CCC6)CC5)CCCC4C3)CC2)CC1
C1CCC(C2CCC(C3CCCCC3C3CCCC3)C(C3CCCCC3)C2)CC1
C1CCC(CC2CCC(CCC3CCC4CCCCC4C3)CC2)CC1
C1CCC(C2CCCC(CCC3CCC(CCC4CCCC4)CC3)C2)CC1
C1CCC(CC2CCCC(C3CCC(C4CCCC(C5CCCC5)C4)CC3)C2)CC1
C1CCC(CCCCCC2CCCCC2)CC1
C1CCC(C2CCCC(C3CCC(C4CCC(C5CCC(CCC6CCCC6)CC5)CC4)CC3)C2)CC1
C1CCC(CCCC2CCC(CC3CCCCC3)CC2)CC1
C1CCC(CC2CCC(C3CCCCC3CC3CCCCC3)CC2)CC1
C1CCC(CCCCC2CCCC(CCC3CCCCC3)C2)CC1
C1CCC(C2CCC(C3CCC(CCC4CCC(CC5CC6CCCCC6C5)CC4)CC3)CC2)CC1
C1CCC(C2CCC(C3CCCCC3C3CCCCC3)C(C3CCCC3)C2)CC1
C1CCC(CCCCC2CCCC(C3CCCCC3)C2)CC1
C1CCC2CC(C3CCCCC3C3CCCCC3C3CCC4CCCCC43)CCC2C1
C1CCC(CC2CC(C3CCCCC3)CC(C3CCCCC3)C2)CC1
C1CCC(C2CCC(C3CCCC(C4CCCC4)C3)CC2)CC1
C1CCC(CC2CCC(CC3CCCCC3)C(CC3CCC4CCCCC43)C2)CC1
C1CCC(CC2CC(CCCC3CCC3)C3CC(C4CCCCC4)CCC23)CC1
C1CCC(CC2CCC(C3CCCCC3)CC2)CC1
C1CCC(CC2CCC(C3CCCCC3)CC2)CC1
C1CCC(CCCC2CCCCC2C2CCC(C3CCCC3C3CCCC3)C2)CC1
C1CCC(CCCC2CC(C3CCCCC3)CC(C3CC3)C2)CC1
C1CCC(CC2CCCC(C3CCCC(C4CCC(C5CCCCC5)CC4)C3)C2)CC1
C1CCC(CCC2CCCC(C3CCCC(C4CCCC(C5CCCCC5)C4)C3)C2)CC1
C1CCC(C2CCC(CC3CCCCC3C3CCCC4CC(C5CCC6CCCCC6C5)CCC43)CC2)CC1
C1CCC(CCCC2CCCC(CC3CCC4CCCCC4C3)C2)CC1
C1CCC(C2CCCC(C3CC(C4CCC5CCCCC54)CC4CCCCC43)C2)C1
C1CCC(CC2CCC3CC(C4CCCCC4CC4CC4)CCC23)CC1
C1CCC(C2CCCCC2)CC1
C1CCC(CC2CCCC(C3CCCC(C4CCCCC4)C3)C2)CC1
C1CCC(CC2CCC(CCC3CCC4CC(CC5CCCCC5)CC(C5CCCCC5)C4C3)CC2)CC1
C1CCC(CC2CCCCC2C2CCC(CCC3CCCC3)CC2)CC1
C1CCC(C2CCC(CC3CC3)CC2C2CCCCC2)CC1
C1CCC(CCC2CCCC(C3CCCCC3)C2)CC1
C1CCC(CCC2CCC(CCC3CCCC(CC4CCCC(C5CCCC5)C4)C3)CC2)CC1
C1CCC(CC2CCCC(C3CC(CC4CCCC4)C4CCCCC43)C2)CC1
C1CCC(C2CCCC(C3CCCC(CC4CC4)C3)C2C2CC2)CC1
C1CCC(CCC2CCCC(C3CCCCC3)C2)CC1
C1CCC(C2CCCCC2CCC2CCC3CCCC3C2)CC1
C1CCC(C2CCCC(CC3CCCCC3C3CCCCC3)C2)CC1
C1CCC(CC2CCC(C3CCCC3)C(C3CCC(CC4CCC(CCC5CC5)CC4)CC3)C2)CC1
C1CCC(CC2CCC(CC3CCC(C4CCC(C5CCCCC5)CC4)CC3)CC2)CC1
C1CCC(CC2CCC(CCCC3CCC(C4CCCCC4)C3)CC2)CC1
C1CCC(CCC2CCCC(C3CCCCC3)C2)CC1
C1CCC(CCC2CCC(CCC3CCC(C4CCC(CCC5CCCCC5)CC4)CC3)CC2)CC1
C1CCC(CCC2CCC(CC3CCCCC3)CC2)CC1
C1CCC(CCC2CCCC(C3CCCCC3C3CCCCC3)C2)CC1
C1CCC(C2CCCCC2C2CCCC(C3CCC(C4CCCCC4C4CCCC4)CC3)C2)CC1
C1CCC(C2CCCC(CC3CC(C4CCCCC4)C4CCCCC34)C2)CC1
C(CCCC1CCC2C(CC3CCCCC3)CC(C3CCCC(C4CCCCC4)C3)CC2C1)CCC1CCCCC1
C1CCC(C2CCC(C3CCCCC3)CC2)CC1
C1CCC(CC2CCC(CC3CCCC(CC4CCCCC4)C3)CC2)CC1
C1CCC(CC2CCC(C3CCCCC3)CC2)CC1
C1CCC(CC2CCC3C(C2)C(CCC(CC2CCCC2)C2CCCCC2)CC3C2CCCCC2)CC1
C1CCC(CCCC2CCCC(C3CCC4CC(C5CCCCC5)CCC4C3)C2)CC1
C1CCC(CC2CCCC(C3CCCCC3)C2)CC1
C1CCC(CC2CCCC(C3CCCC(C4CCCCC4)C3)C2)CC1
C1CCC(C2CCC(C3CCCCC3C3CCCCC3)CC2)CC1
C1CCC(C2CC(C3CCCC(CC4CC5CCCCC5C4)C3)C3CCCCC23)CC1
C1CCC2C(C1)CCC2CC1CCCC(C2CCC3CCCCC32)C1
C1CCC(CC2CCC(CC3CCC3)CC2)CC1
C1CCC(CCCC2CC(C3CCCCC3)CCC2CCC2CCCCC2)CC1
C1CCC(C2CCCC(CCCC3CCCC(C4CCCCC4C4CCCCC4)C3)C2)CC1
C1CCC(CC2CCC(C3CCCCC3C3CCCC3)CC2)CC1
C1CCC(C2CCCCC2CC2CCCC(C3CCCCC3CCC3CCC(CCC4CC4)CC3)C2)CC1
C1CCC(C2CCC(C3CCCC(CC4CCCC4)C3)CC2)CC1
C1CCC(C2CCC(CC3CCCC4CC(CC5CCCC(C6CCCCC6)C5)CC34)CC2)CC1
C1CCC(CCC2CCC(C3CCC(CC4CCC(C5CCCC5)CC4)CC3)CC2)CC1
C1CCC(CCC2CCCC(CC3CCC3)C2)CC1
C1CCC(C2CCCC(C3CCC(C4CCC(C5CC6CCCCC6C5)CC4)CC3)C2)CC1
C1CCC(CC2CCC(C3CCCCC3)CC2)CC1
C1CCC(C2CCC(CC3CCC3)C(CC3CCC(CC4CCC4)CC3)C2)CC1
C1CCC(CC2CC(C3CCCCC3)CC(C3CCCCC3)C2)CC1
C1CCC(CCCC2CCC(C3CCC(C4CCCCC4)CC3)CC2)CC1
C1CCC(CCCC2CCCC(C3CCCC3C3CCCC(C4CCCCC4)C3)C2)CC1
C1CCC(CC2CCCCC2CC2CCC(C3CC4CCCCC4C3)CC2C2CCCC2)CC1
C1CCC(CC2CCC(C3CC4CCCCC4C3)CC2C2CCCC2)CC1
C1CCC(CC2CCC(C3CCC(C4CCC(CC5CCCCC5)C4CC4CCCCC4)CC3)CC2)CC1
C1CCC(CCCC2CC(CC3CCCC3)CC(C3CC3)C2)CC1
C1CCC(C2CCCC(CCC3CCC(C4CCC4)CC3)C2)CC1
C1CCC(CC2CCCC(C3CCCC4CC(C5CCCCC5)CCC43)C2)CC1
C1CCC(C2CC(CC3CCC(C4CCCCC4C4CCC(CC5CC5)CC4)CC3)C3CCCCC32)CC1
C1CCC(C2CCC(CC3CCCC3)CC2)CC1
C1CCC(C2CCC(CC3CCCC(CC4CC4)C3)CC2)CC1
C1CCC(CCC2CCC(C3CCCCC3)CC2)CC1
C1CCC(CCC2CCCCC2C2CCCCC2C2CCC(C3CCCC(CC4CCCC4)C3)CC2)CC1
C1CCC(CCC2CCCC(C3CCCC(C4CC5CCCCC5C4)C3)C2)CC1
C1CCC(C2CCC(C3CCC(C4CCCC(C5CC5)C4)CC3C3CCCC3)CC2)CC1
C1CCC(CC2CCCC(C(C3CCC(C4CCCCC4)CC3)C3CC3)C2)CC1
C1CCC(CC2CCC(C3CCC(C4CCCC4)CC3)CC2)CC1
C1CCC(C2CCC(CC3CCC4CCCCC4C3)C(C3CCCC3)C2)CC1
C1CCC(C2CCC(C3CC(CCC4CCCC5CC(C6CC6)CCC45)C4CCCCC43)CC2)CC1
C1CCC(C2CCCC(CCC3CCCCC3C3CCCCC3)C2)CC1
C1CCC(C2CCCC(C3CCCCC3)C2)CC1
C1CCC(CCC2CC(C3CCCCC3)CC(C3CCCC3)C2)CC1
C1CCC(CC2CCCCC2CC2CCCCC2C2CCCCC2C2CCC3CCCCC3C2)CC1
C1CCC(CC(CC2CCCCC2)C2CCC(CCC3CCCC3)CC2)CC1
C1CCC(C2CCCC(C3CCCC(C4CCCCC4)C3)C2)CC1
C1CCC(CC2CCC(C3CCCCC3C3CCCCC3C3CCCC3)CC2)CC1
C1CCC(C2CCCC(CC3CC(C4CCCCC4CCC4CC4)C4CCCCC34)C2)CC1
C1CCC(C2CCC(CC3CCCC(C4CCCCC4)C3)CC2)CC1
C1CCC(CCC2CCC(CCC3CCC(C4CCCCC4)CC3)CC2)CC1
C1CCC(CCC2CCCC(CC3CCCCC3C3CCCCC3)C2)CC1
C(CCC1CCCC1)CCC1CC2CCC(C3CCCCC3)CC2C(C2CCCCC2)C1
C1CCC(C2CCC(C3CC(CC4CCCC4)C4CCCCC43)CC2)CC1
C1CCC(CC2CCC(C3CCCCC3C3CCCCC3)CC2)CC1
C1CCC(CC2CCC(CC3CCCCC3C3CCCC(CC4CCCCC4)C3)CC2)CC1
C1CCC(CCC2CCC(C3CCCC(C4CCC5CCCC5C4)C3)CC2)C1
C1CCC(CC2CCCC(CC3CCC(C4CCCCC4C4CCCC4)CC3)C2)CC1
C1CCC(CC2CCC(CCC3CCCC(CC4CCCCC4)C3)CC2)CC1
C1CCC(CCC2CCCCC2C2CCCCC2)CC1
C1CCC(CCC2CCCC(CC3CCCCC3)C2)CC1
C1CCC(CC2CCC(CC3CCC(CC4CCCCC4)CC3)CC2)CC1
C1CCC(C2CCCC(C3CCC4C(CCCC4C4CCCC(CCC5CC5)C4)C3)C2)CC1
C1CCC(C2CCC(C3CCCCC3)CC2)CC1
C1CCC(C2CCCC(CC3CC(C4CCCC4)C4CCCCC34)C2)CC1
C1CCC(CC2CCCCC2C2CCCCC2)CC1
C1CCC(CC2CCC(CCC3CCCC(CCCCC4CCC(C5CCCC5)CC4)C3)CC2)CC1
C1CCC(CC2CCCC(C3CCCC(C4CCCC4)C3)C2)CC1
C1CCC(CCCCC2CCCC(C3CCCCC3)C2)CC1
C1CCC(CC2CCC(C3CCCC(CC4CCCCC4)C3)CC2)CC1
C1CCC(CCC2CCC(CC3CCCCC3)CC2)CC1
C1CCC(CCC2CCCCC2C2CCC(CCC3CC4CCCCC4C3)CC2)CC1
C1CCC(C2CCCC(C3CCCCC3)C2)CC1
C1CCC(CCC2CCCC3CC(CC4CCCC5CCCCC54)CCC23)CC1
C1CCC(CCC2CCC(C3CCCCC3)CC2)CC1
C1CCC(CCC2CCCCC2C2CCCCC2)CC1
C1CCC(CCC2CCCC(C3CCCC(C4CCCCC4)C3)C2)CC1
C1CCC(CC2CCCC(C3CCCCC3)C2)CC1
C1CCC(C2CCCC(CC3CCC(CC4CCC(C5CCCCC5)C4)CC3)C2)CC1
C1CCC(C2CCC(CC3CC(C4CCCC4)C4CCCCC34)CC2)CC1
C1CCC(C2CCC(CCCC3CCC(C4CCCCC4)CC3)CC2)CC1
C1CCC(CC2CCCC(CC3CCCCC3)C2)CC1
C1CCC(C(C2CCCCC2)C2CCCCC2C2CCCC2)CC1
C1CCC(CC2CCC(CCC3CCC(CC4CCCC(C5CCCCC5)C4)CC3)CC2)CC1
C1CCC(CCC2CCCCC2C2CCC(CC3CCC(C4CCCC(CC5CCCC5)C4)CC3)CC2)CC1
C1CCC(CCC2CCC(C3CCCC(C4CCCCC4)C3)CC2)CC1
C1CCC(C2CCC(C3CC(C4CCCC4)C4CCCCC34)CC2)CC1
C1CCC(CCC2CCCCC2)CC1
C1CCC(C2CCC(CC3CCCC3)CC2C2CCC3CCCC3C2)CC1
C1CCC(CC2CCC(CCC3CCC(C4CCC4)CC3)CC2)CC1
C1CCC(CCC2CCC(C3CCCCC3C3CCCCC3)C(C3CCCCC3)C2)CC1
C1CCC(CCCC2CCCC(CCC3CCCC(C4CCCCC4)C3)C2)CC1
C1CCC(C2CCC(C3CCCC(CCC4CCCCC4C4CCC5CCCC5C4)C3)CC2)CC1
C1CCC(C2CCC(C3CCC(CCC4CC4)CC3)CC2)CC1
C1CCC(C2CC(CCC3CC(CCC4CCC5CCCCC5C4)C4CCCCC34)CCC2C2CCC2)CC1
C1CCC(CC2CCCCC2C2CCC(CCCC3CCC(C4CCCCC4)CC3)CC2)CC1
C1CCC(CCC2CCCC(CCC3CCCCC3)C2)CC1
C1CCC(C2CCC3C(CC4CCCC(C5CCCCC5C5CCCC5)C4)CC(C4CCCCC4)C3C2)CC1
C1CCC(C2CCC(CC3CCCC(C4CCCC4)C3)CC2)C1
C1CCC(CCCC(C2CCCCC2)C2CCCC(CC3CCC(CC4CCCCC4)CC3)C2)CC1
C1CCC(CCCC2CCCCC2)CC1
C1CCC(CCC2CCC(CC3CCC(C4CCCCC4)CC3)CC2)CC1
C1CCC(CCC2CCC(CCCC3CCC(C4CCC(C5CCCCC5)CC4)CC3)CC2)CC1
C1CCC(CCC2CCCC(CC3CCCC(C4CCCCC4)C3)C2)CC1
C1CCC(CCC2CCCCC2C2CCCC(CC3CCCCC3)C2)CC1
C1CCC(CCCCC2CC(CC3CCCC3)CCC2C2CCCCC2)CC1
C1CCC(CCC2CCCC(C3CCCCC3CC3CCCCC3)C2)CC1
C1CCC(CC2CCC(C3CCCCC3)CC2)CC1
C1CCC(CCCC2CCC(C3CCCCC3)C(CC3CCCCC3)C2)CC1
C1CCC(CCCC2CCCCC2)CC1
C1CCC(CC2CCCC(C3CCCCC3)C2)CC1
C1CCC(CCC2CCC(C3CCC(C4CCCCC4)CC3)CC2)CC1
C(CCCC1CCCCC1)CCCC1CCCCC1C1CCC(C2CCCCC2)CC1
C1CCC(CC2CCC(C3CCCCC3CC3CCCCC3)CC2)CC1
C1CCC(CCCC2CCC(CC3CCC(C4CCCC4)CC3)CC2)CC1
C1CCC(CC2CCCC(CC3CC(CC4CCCCC4)C4CCCCC34)C2)CC1
C1CCC(CC2CCC(CC3CCCCC3C3CCCCC3)CC2)CC1
C1CCC(C2CCC(C3CCCC(C4CCCCC4)C3)CC2)CC1
C1CCC(CCC2CCC(CCC3CCCCC3)CC2)CC1
C1CCC(C2CCC3CCC(C4CCCCC4)C3C2)CC1
C1CCC(CCCCCC2CC(C3CCCCC3)C3CCCCC23)CC1
C1CCC(C2CCCC(CCC3CCCC(CCC4CC5CCCCC5C4)C3)C2)CC1
C1CCC(CCCCC2CC(C3CCCC3)CC(C3CCCC(CCC4CCC4)C3)C2)CC1
C1CCC(CCC2CCCCC2C2CCCCC2)CC1
C1CCC(C2CCCC(CC3CC4CCCCC4C3)C2)CC1
C1CCC(CCCCC2CCC(CC3CCCCC3)CC2CCCC2CCCCC2)CC1
C1CCC(C2CCC(C3CCC(C4CCC5CCCCC5C4)C3)CC2)CC1
C1CCC(C2CCCCC2C2CCCC(CCCC3CCCC(CC4CC5CCCCC5C4)C3)C2)CC1
C1CCC(C2CCC(CCC3CCCCC3C3CCCCC3)CC2)CC1
C1CCC(CCCC2CC(C3CCCC3)CCC2C2CCC3CCCC3C2)CC1
C1CCC(CCCC(CC2CCCCC2)C2CCCCC2)CC1
C1CCC(CC2CCC(C3CCCCC3)CC2)CC1
C1CCC(C2CCCC(C3CCCC(CCC4CCCC(C5CCC5)C4)C3)C2)CC1
C1CCC(C2CCC(C3CCC4CCCCC43)CC2C2CCCC2)CC1
C1CCC(CCCC2CCCC(C3CCCCC3)C2)CC1
C1CCC(CC2CCC(CC3CCCCC3)C(C3CCCCC3)C2)CC1
C1CC2CCC(C3CCCCC3C3CCC4CCCC4C3)CC2C1
C1CCC(CCC2CCC(CC3CCCCC3C3CCCCC3)CC2)CC1
C1CCC(C2CCCCC2C2CCC3CCCCC3C2)CC1
C1CCC(CCC2CCC(CCC3CC4CCCCC4C3)CC2)CC1
C1CCC(CC2CCC(C3CCCCC3)CC2)CC1
C1CCC(CC2CCCC(CCC3CCCCC3CC3CCCCC3)C2)CC1
C1CCC(CC2CCC(C3CCC(C4CCCC4)CC3)CC2)CC1
C1CCC(CC2CCCC(CC3CCCCC3C3CCCCC3)C2)CC1
C1CCC(CC2CCC(C3CCCCC3)C(C3CCCC3)C2)CC1
C1CCC(C2CCCC(CC3CC(C4CCC5CCCC5C4)CCC3C3CCCCC3)C2)CC1
C1CCC(CC2CCC(C3CCCCC3CC3CCCCC3)CC2)CC1
C1CCC(CCC2CC(CC3CCC(C4CCCCC4)CC3)C3CCCCC23)CC1
C1CCC(CCC2CC(C3CCCCC3)C3CCCC3C2C2CCCCC2)CC1
C1CCC(CCC2CC(C3CCCCC3)CC(C3CCCCC3)C2)CC1
C1CCC(CC2CCCCC2)CC1
C(CCCC1CCCCC1C1CCC(CCCCC2CCCCC2)CC1)CCC1CCCCC1
C1CCC(CCC2CCCC(C3CCC(CC4CC5CCCCC5C4)CC3)C2)CC1
C1CCC(CCCC2CCCC(C3CCCCC3C3CCC4CCCCC4C3)C2)C1
C1CCC(C2CCCC(C3CCCC(CC(C4CCC4)C4CCCC5CCCCC54)C3)C2)CC1
C1CCC(CC2CCCC(C3CCC(CC4CCC(C5CCCCC5)CC4)CC3)C2)CC1
C1CCC(CC2CC(C3CC(CC4CCCCC4)C4CCCCC43)C3CCCCC23)CC1
C1CCC(CC2CCCC(C3CCCCC3)C2)CC1
C1CCC2CC(CC3CCC(CC4CCC5CCCCC5C4)CC3)CCC2C1
C1CCC(CC2CCC(C3CCCCC3)CC2)CC1
C1CCC(CC2CCC(C3CCCC(CCC4CC4)C3)CC2)CC1
C1CCC(CC2CCC(CCCC3CCCC(C4CCCC(CC5CC5)C4)C3)CC2)CC1
C1CCC(CCC(CC2CCC(CC3CC(CC4CCCC4)C4CCCCC34)CC2)C2CCCCC2)CC1
C1CCC(C2CCC(C3CCCC(C4CCCCC4)C3)CC2)CC1
C1CCC(CC2CCC(CC3CC(CC4CCCCC4)C4CCCCC34)CC2)CC1
C1CCC(C2CCC3C(CC4CCCC(C5CCCC5)C4)CCCC3C2)CC1
C1CCC(CCC2CCCC(C3CCC(C4CCCCC4)CC3)C2)CC1
C1CCC(CC2CCCC(C3CC(CC4CCC5CCCCC5C4)C4CCCCC43)C2)CC1
C1CCC(CCC2CCC(CCCC3CCCCC3CC3CCCCC3)CC2)CC1
C1CCC(CC2CCC(C3CCCCC3)CC2)CC1
C1CCC(CCCC2CCC(CC3CCC(C4CCCCC4)CC3)CC2)CC1
C1CCC(C2CCCCC2C2CC(CC3CCC4CCCC4C3)C3CCCCC32)CC1
C1CCC(CCC2CCC(CCCCCC3CCC(CC4CC4)CC3)CC2)CC1
C1CCC(CC2CCCC(C3CCC(C4CC(CC5CCC5)C5CCCCC54)CC3)C2)CC1
C1CCC(C2CCCCC2C2CCC3C(CCCC3C3CCCCC3)C2)CC1
C1CCC(CCC2CCC(CC3CC4CCCCC4C3)CC2)CC1
C1CCC(CC2CCC(C3CCCCC3C3CCC4CCCC4C3)C(C3CCCCC3)C2)CC1
C1CCC(CC2CCC(C3CCCCC3CC3CCCCC3)CC2)CC1
C1CCC(CCC2CCCCC2C2CC(CC3CCCCC3)C3CCCCC32)CC1
C1CCC(CCC2CCC(C3CCC(C4CCCCC4)CC3)C(C3CCCCC3)C2)CC1
C1CCC(CC2CCC(C3CCC(CC4CCC(C5CCCC5)CC4)CC3)CC2)CC1
C1CCC(CC2CC(C3CC3)CC(C3CCCC(C4CC5CCCCC5C4)C3)C2)CC1
C1CCC(C2CCCCC2C2CCC3CCCCC32)CC1
C1CCC(CC2CCCCC2CCC2CCC(CCC3CCCC(C4CCCCC4)C3)CC2)CC1
C1CCC(CC2CCCC(C3CC(C4CCCCC4)CC(C4CCC4)C3)C2)CC1
C1CCC(C2CCCC(CC3CCCC(CC4CCC5CCCCC5C4)C3)C2)CC1
C1CCC(C2CCC3C(CCCC3C3CCCC(C4CCCC4)C3)C2)CC1
C1CCC(C2CCCCC2C2CCC3CCCC3C2)CC1
C1CCC(CCCC2CCC(C3CCCC3)C(C3CCCCC3)C2)CC1
C1CCC(C2CCC(C3CCC(C4CCCC(C5CCCCC5)C4)C4CCCCC34)CC2)CC1
C1CCC(CCC2CC(C3CCC4CCCCC43)CC3CCCCC32)CC1
C1CCC(C2CCCC(C3CCC(C4CCCCC4)C(C4CCCC4)C3)C2)CC1
C1CCC(CC2CCC(CC3CCCCC3C3CCCCC3)CC2)CC1
C1CCC(CCC2CCCCC2C2CCC(C3CCCCC3C3CCCCC3)CC2)CC1
C1CCC(CCC2CCC(CC3CCCCC3)CC2)CC1
C1CCC(CCCC2CCC(CC3CCCCC3)CC2C2CCCCC2)CC1
C1CCC(CCCCC2CCC(CCC3CCCCC3)CC2)CC1
C1CCC(CCCC2CCC(C3CCCC(C4CCCCC4)C3)CC2)CC1
C1CCC(CC2CCCC(CCC3CCCCC3C3CCC(C4CCCCC4)CC3)C2)CC1
C1CCC(CC2CCC(C3CCC4CCCCC43)CC2)CC1
C1CCC(CC2CCC(C3CCCCC3CC3CCCCC3)CC2)CC1
C1CCC(CCC(C2CCCCC2)C(CC2CCCCC2CC2CCCCC2)C2CCCC2)CC1
C1CCC(C2CCCC(CC3CC(C4CCCCC4)C4CCCCC34)C2)CC1
C1CCC(C2CCC(C3CCC(C4CCCCC4)C(C4CCCC4)C3)CC2)CC1
C1CCC(CCC2CCCC(CCC3CCC(C4CCCCC4)CC3)C2)CC1
C1CCC(CC2C(C3CCCCC3)CCCC2C2CCCCC2)CC1
C1CCC(CC2CCC(C3CCCCC3)CC2)CC1
C1CCC(CCC2C(CC3CCCCC3)CCCC2C2CCCCC2)CC1
C1CCC(C2CCC3CC(C4CCCCC4)CC3C2)CC1
C1CCC(CC2CC(C3CCC(C4CCC4)CC3)C3CCCCC23)CC1
C1CCC(CCC2CCC(CC3CCCCC3C3CCCC3)CC2)CC1
C1CCC(C2CCC(C3CCCC(C4CCCCC4)C3)CC2)CC1
C1CCC(CCCCC2CCCCC2CC2CCC3CCCC(C4CCCCC4)C3C2)CC1
C1CCC(C2CCC(CC3CCC(CC4CCCC(CCC5CCC5)C4)CC3)CC2)CC1
C1CCC(C2CCCC(C3CCCCC3C3CCC(C4CCCC4)C(C4CCCCC4)C3)C2)CC1
C1CCC(CCC2CCCC(CC3CCC(C4CCCCC4)CC3)C2)CC1
C1CCC(CCC2CCC(C3CCC4CCCCC4C3)CC2)CC1
C1CCC(CC2CCC(C3CCCC3CC3CCCCC3)CC2)CC1
C1CCC(CC2CCC(CCC3CCC(C(CC4CCCCC4)C4CCCCC4)CC3)CC2)CC1
C1CCC(C2CCCC(C3CCCC(C4CCCCC4)C3)C2)CC1
C1CCC(CCCC2CCCC(C3CCCCC3)C2)CC1
C1CCC(CC(CC2CC2)C2CCC(C3CCCC(C4CCCCC4)C3)CC2)CC1
C1CCC(CCCC2CCCCC2)CC1
C1CCC(C2CCCC(C3CCC(C4CCCC(C5CCCC(C6CCCCC6)C5)C4)CC3)C2)CC1
C1CCC(CC2CCC(CCC3CCCCC3C3CCCC3)CC2)CC1
C1CCC(CC2CCCC(CC3CCCC(C4CCCCC4)C3)C2)CC1
C(CCCC1CCC(CC2CCCCC2CC2CCCCC2)CC1)CCC1CCC(CC2CCCC2)CC1
C1CCC(CCC2CCCC(CC3CC(CC4CCCCC4)C4CCCCC34)C2)CC1
C1CCC(CCC2CCC(C3CCCCC3)C(C3CCCCC3)C2)CC1
C1CCC(C2CCCC(C3CCCCC3)C2)CC1
C1CCC(CC2CCC(C3CCC(C4CCCCC4)CC3)CC2)CC1
C1CCC(CC2CCCC(C3CCC(C4CCCC4)CC3)C2)CC1
C1CCC(CC2CCC(CC3CC3)CC2CC2CCC3CCCC3C2)CC1
C(CCCC1CCC(CC2CCC(CCCC3CCCC3)CC2)CC1)CCC1CCCCC1
C1CCC(C2CCCC(C3CCCCC3)C2)CC1
C1CCC(CC2CC2)CC1
C1CCC(CC2CCCCC2C2CCC(C3CCCCC3)C2)CC1
C1CCC(C2CCC(C3CCCCC3C3CCC4CCCCC4C3)CC2)CC1
C1CCC(CC2CCCCC2CCCC2CCCC(C3CCCCC3)C2)CC1
C1CCC(C2CCCC(CC3CCC(C4CCCC4)CC3)C2)CC1
C1CCC(CC2CCCC(C3CCCC(C4CCCC(CC5CCCC5)C4)C3)C2)CC1
C1CCC(CCC2CCC(CC3CC3)CC2)CC1
C1CCC(CCC2CCC(C3CCC(CC4CCCC(C5CCCCC5)C4)CC3)CC2)CC1
C1CCC(CCC2CCC(C3CCCC(C4CCCCC4)C3)CC2)CC1
C1CCC(CCCC2CCCCC2C2CCC(CC3CCC(CC4CCCCC4)CC3)CC2)CC1
C1CCC(CCC2CCC(CCC3CCCCC3)CC2)CC1
C1CCC(CCC2CCCC(C3CC4CCCCC4C(CC4CCCCC4)C3)C2)CC1
C1CCC(C2CCC(CC3CCC(CC4CCCC(C5CC6CCCCC6C5)C4)CC3)CC2)CC1
C1CCC(C2CCCCC2C2CCC(CCCC3CCC4CCCCC43)CC2)CC1
C1CCC(C(C2CCCC3CCCCC32)C2CCCCC2C2CCC3CCCCC32)CC1
C1CCC(CC2CCC(C3CCCC(C4CCC4)C3)CC2)CC1
C1CCC(CCC2CCCC(C3CCCCC3)C2)CC1
C1CCC(CC2CC(CC3CC(C4CCCCC4)C4CCCCC34)C3CCCCC23)CC1
C1CCC(CCC2CCCCC2CC2CCCC(C3CCCCC3)C2)CC1
C1CCC(C2CC(C3CCCCC3)C3CC(CCC4CCCC4)CCC23)CC1
C1CCC(CC2CCC(CC3CCC(C4CCCCC4)CC3)CC2)CC1
C1CCC(C2CCC(CC3CCCC(C4CCCC4)C3)CC2)CC1
C1CCC(CCC(C2CCCCC2)C2CCCC(C3CCC(CC4CCCC4)CC3)C2)CC1
C1CCC(CC2CCC(CCC3CCCC(C4CCCCC4)C3)CC2)CC1
C1CCC(C2CCCC(CCC3CCC(C4CCCC(C5CCCCC5)C4)CC3)C2)CC1
C1CCC(CC2CCC(C3CCCCC3)C(C3CCCCC3)C2)CC1
C1CCC(C2CCCCC2CC2CCCC(C3CCCC3)C2)CC1
C1CCC(CCC2CCCC(CC3CCCCC3)C2)CC1
C1CCC(CC2CCCC(C3CCCC(CC4CCCCC4)C3)C2)CC1
C1CCC(C2CCC(C3CCCC(C4CC4)C3)CC2)CC1
C1CCC(C2CCCCC2C2CCCCC2)CC1
C1CCC(CC2CCCC(C3CCCC(C4CCCCC4)C3)C2)CC1
C1CCC(CC2CCC(CCCC3CCC(C4CCCC(C5CCCCC5)C4)CC3)CC2)CC1
C1CCC(C2CCC(C3CCCCC3)C(C3CCCCC3)C2)CC1
C1CCC(CCC2CC(C3CCCCC3)CC(CCC3CC3)C2CCC2CCCCC2)CC1
C1CCC(C2CCC3CCC(C4CCCCC4CC4CCCCC4C4CCC5CCCCC5C4)CC3C2)CC1
C1CCC(CCCC2CCC(C3CCCC(CC4CCCC4)C3)C2)CC1
C1CCC(CC2CCCC(C3CCCCC3)C2)CC1
C1CCC(CC2CC(CC3CCCCC3)CC(C3CCCCC3)C2)CC1
C1CCC(CCC2CCC3C(C4CCCCC4)CC(C4CCCCC4)C3C2)CC1
C1CCC(C2CCC3CC(CC4CCCCC4C4CCCC4)CCC3C2)CC1
C1CCC(CC2CCC3CCCC(C4CCCCC4)C3C2)CC1
C1CCC(CCC2CCC(C3CCCC(C4CCCC(C5CCC5)C4)C3)CC2C2CCCCC2)CC1
C1CCC(CCCC2CCCCC2C2CCCCC2CC2CCCCC2)CC1
C1CCC(CCC2CCCCC2C2CCCCC2)CC1
C1CCC(CCC2CCC(CC3CCCCC3)CC2)CC1
C1CCC(C2CCCCC2C2CCCC(C3CCCC3)C2)CC1
C1CCC(CCCC2CCCC(C3CCCCC3C3CCCCC3)C2)CC1
C1CCC(C2CCC(CCCC3CC3)CC2)CC1
C1CCC(CCC2CCC(C3CCCCC3)CC2)CC1
C1CCC(CC2CCC(CC3CCCCC3C3CCCCC3)CC2)CC1
C1CCC(CC2CCC3C(C2)C(CC2CCCCC2)CC3C2CCCCC2)CC1
C1CCC2CC(CC3CCCCC3C3CCCCC3C3CCC4CCCCC43)CC2C1
C1CCC(CCC2CCC(CC3CCC(C4CCCCC4)CC3)CC2)CC1
C1CCC(CC2CCC(C3CCCC(C4CCCC4)C3)CC2)CC1
C1CCC(CCCC2CCC(CC3CCC(C4CCCCC4CC4CCCCC4)CC3)CC2)CC1
C1CCC(CCC2CCC3CCC(C4CCCCC4)C3C2)CC1
C1CCC(C2CC(C3CCC3)CCC2C2CCC(CC3CCCC3)CC2)CC1
C1CCC(C2CCCC(C3CCC(C4CCC(C5CCCC5)CC4)CC3)C2)CC1
C1CCC(CCC2CC3CCC(C4CCCCC4)CC3C(C3CCCCC3)C2)CC1
C1CCC(CC2CCC(CC3CCC(CC4CCCCC4)CC3C3CCCC3)CC2)CC1
C1CCC(C2CCCC(CC3CCCC(C4CCCC(C5CCCCC5)C4)C3)C2)CC1
C1CCC(CCC2CCCC(CC3CCCC3)C2)CC1
C1CCC(CC2CCCCC2C2CCCCC2)CC1
C1CCC(CCC2CCCCC2CCC2CCCCC2C2CCCCC2C2CCC2)CC1
C1CCC(CC2CCC(C3CCCC(CC4CCCCC4)C3)CC2)CC1
C1CCC(CC2CCC(C3CCCC(C4CCCCC4)C3)CC2)CC1
C1CCC(C2CCC(C3CCCCC3)C(C3CCCCC3)C2)CC1
C1CCC(CCCC2CCCCC2C(CCC2CC2)C2CCCCC2)CC1
C1CCC(C2CCC(CCCC3CCC(C4CCCC4)CC3)C2)CC1
C1CCC(CC2CC(C3CCCCC3C3CCCCC3)C3CCCCC23)CC1
C1CCC(CC2CCC(CCC3CCC(C4CCCCC4)CC3)CC2CC2CCCC2)CC1
C1CCC(C2CCC(C3CCC(C4CCCCC4C4CCCC4)C(C4CCCC4)C3)C2)CC1
C1CCC(CC2CCCC(CC3CCCC(C4CCCCC4)C3)C2)CC1
C1CCC(CC2CCCC(C3CCCC(C4CCCCC4)C3)C2)CC1
C1CCC(CC2CCCC(CC3CCCCC3)C2)CC1
C1CCC(C2CCC(C3CCC(C4CCCC(C5CCCCC5)C4)CC3)CC2)CC1
C1CCC(CCC2CCC(CC3CCCCC3)CC2C2CCCCC2)CC1
C1CCC(CCCC2CCCCC2C2CCCCC2)CC1
C1CCC(CC2CCCCC2CCC2CCC(C3CCC(CC4CCC(C5CC5)CC4)CC3)CC2)CC1
C1CCC(CCC2CC(CC3CCCCC3)CC(C3CCCCC3)C2)CC1
C1CCC(CCCC2CCCC(CC3CCCC3)C2)CC1
C1CCC(CCC2CC(C3CCC3)CC(C3CCCC(C4CCCCC4)C3)C2)CC1
C1CCC(CC2CC(CCCC3CCC4C(CCC4C4CCCC4)C3)C3CCCCC23)CC1
C1CCC(CC2CCC(CCC3CCC(CC4CCCCC4)CC3)CC2)CC1
C1CCC(CC2CCCC(C3CCCCC3)C2)CC1
C1CCC(CCC2CCC(CCC3CCCC(CC4CC4)C3)CC2)CC1
C1CCC(CCCC2CCC(CC3CC(C4CCCCC4)C4CCCCC34)CC2)CC1
C1CCC(CC2CCC(CC3CCCC(C4CCCCC4)C3)CC2)CC1
C1CCC(CC2CC(C3CCCCC3)CC3CCC(C4CCCCC4)CC32)CC1
C1CCC(C2CCCC(CC3CCCC(C4CCC(C5CCCCC5)C5CCCC45)C3)C2)CC1
C1CCC2CC(CCC3CC(C4CCCC4)CC(C4CCCC(C5CCCC5)C4)C3)CCC2C1
C1CCC(CCC2CCCC(C3CCCCC3)C2)CC1
C1CCC(CC2CCC(C3CCCC(C4CCCCC4)C3)CC2)CC1
C1CCC(CC2CCC(CCC3CCC(C4CCC5CC(C6CC6)CCC5C4)CC3)C2)CC1
C1CCC(CC2CCCC(C3CCCC(C4CCC(C5CCCCC5)CC4)C3)C2)CC1
C1CCC(CC2CCC(CCC3CC4CCCCC4C3)CC2)CC1
C1CCC(CCC2CCC(CC3CCCCC3)CC2)CC1
C1CCC(CCC2CCCC(CCC3CCCC(C4CCCCC4)C3)C2)CC1
C1CCC(CCCC2CCC(C3CCCCC3C3CCCCC3)CC2)CC1
C1CCC(CC2CCC(C3CCC(C4CCCCC4CC4CCC(C5CCCCC5)CC4)CC3)CC2)CC1
C1CCC(CCCCC2CCC(CC3CCCCC3)CC2)CC1
C1CCC(CCCCC2CCC(CC3CCC(C4CCCCC4)CC3)CC2)CC1
C1CC(CC2CCC3CCCCC32)CC(C2CCCC(C3CCCCC3C3CCCC3)C2)C1
C1CCC(CC2CCCC(C3CCC4CCCC4C3)C2)CC1
C1CCC(CC2CCCC(CCC3CCC(CCCC4CCCC(C5CCCCC5)C4)CC3)C2)CC1
C1CC(CCC2CCC(C3CCCC(C4CCCC4)C3)CC2)C1
C(CCC1CCC(C2CCC3CCCCC32)CC1)CCC1CCCC(C2CC3CCCCC3C2)C1
C1CCC(CC2CCC(CCC3CCCCC3CC3CCCCC3)CC2)CC1
C1CCC(C2CCC(C3CCCCC3)CC2)CC1
C1CCC(CCC2CCCC(C3CCCC(CC4CCCCC4)C3)C2)CC1
C1CCC(C2CCCCC2CC2CCCCC2C2CCC3CCCCC3C2)CC1
C1CCC(CCCCC2CCC3C(CC4CCCCC4)CC(C4CCCCC4)C3C2)CC1
C1CCC(CCC2CCCCC2)CC1
C1CCC(CC2CCCCC2CC2CCCC(C3CC4CCCCC4C3)C2)CC1
C1CCC(CCCCC2CCC(C3CCCCC3)CC2)CC1
C1CCC(C2CCC(CCCC3CCCCC3C3CCCCC3)CC2)CC1
C1CCC(CC(C2CCCCC2)C2CCCCC2)CC1
C1CCC(CCC2CCCC(C3CCCCC3)C2)CC1
C1CCC(CC2CC(C3CCC4CCCCC43)CC3CCCCC32)CC1
C1CCC(C2CCC(C3CCC(C4CCC4)CC3C3CCCCC3)CC2)CC1
C1CCC(CCCC2CCCC(C3CCCC(C4CC4)C3)C2)CC1
C1CCC(CCC2CCCC(CCC3CCCCC3)C2)CC1
C1CCC(CCCCC2CC(C3CCCCC3)C3CCCCC23)CC1
C1CCC(CCCC2CCC(C3CC4CCCCC4C3)CC2C2CCCC2)CC1
C1CCC(C2CCC(CC3CCC4CCCC4C3)CC2)CC1
C1CCC(C2CCCC(C3CCCCC3)C2)CC1
C1CCC(CCCC2CCC(CC3CCCCC3)CC2)CC1
C1CCC(CC2CCC(C3CCCCC3)CC2)CC1
C1CCC(CC2CCCC(C3CCCCC3CC3CCCC(C4CCCCC4)C3)C2)CC1
C1CCC(C2CCC(CC3CCC(CC4CC5CCCCC5C4)CC3)CC2)CC1
C1CCC(CC2CC(CC3CCC4CCCC4C3)CC(C3CCCCC3)C2)CC1
C1CCC(CC2CCC(C3CCC4CCC(CC5CCCCC5)CC4C3)CC2)CC1
C1CCC(CC2CCC(C3CCCCC3)CC2)CC1
C1CCC(C2CCCC(CCCC3CCC4CCCCC43)C2)CC1
C1CCC(C2CCC(CC3CCC(CCCC4CCCCC4C4CCC5CCCC5C4)CC3)CC2)C1
C1CCC(CCC2CCCCC2CCCC2CCCC(C3CCCCC3)C2)CC1
C1CCC(CC2CC(C3CCCCC3)C3CCCCC23)CC1
C1CCC(CC2CCC(CC3CCCCC3C3CCCCC3)C2)CC1
C1CCC(C2CCC(C3CCCCC3)CC2)CC1
C1CCC(CC2CCC(C3CCCCC3CC3CCCCC3)CC2)CC1
C1CCC(CC2CC3CCC(C4CCCCC4)CC3C(CC3CC3)C2)CC1
C1CCC(C2CCC(C3CCC4CCCCC4C3)CC2)CC1
C1CCC(C2CCC(C3CC(C4CCC5CCCCC54)CC4CCCCC43)CC2)CC1
C1CCC(CCC2CCC(C3CCC(CC4CCC5CC(C6CCC7CCCCC76)CCC5C4)CC3)CC2)CC1
C1CCC(CC2CCCCC2C2CCC3C(CCCC3C3CCCCC3)C2)CC1
C1CCC(CCC2CCC(CCCCC3CCCC(CC4CCCCC4)C3)CC2)CC1
C1CCC(CC2CCCCC2C2CCC3C(CC4CCCCC4)CCCC3C2)CC1
C1CCC(C2CCCC(C3CCC(C4CCCCC4C4CCCC4)CC3)C2)CC1
C1CCC(C2CCCC(C3CCCC(C4CCCCC4)C3)C2)CC1
C1CCC(C2CCC(C3CCCC(C4CCC(C5CCC5)CC4)C3)CC2)C1
C1CCC(C2CCC(C3CCCCC3)CC2)CC1
C1CCC(CC2CCCCC2C2CCCC(C3CCC(C4CCCCC4)CC3)C2)CC1
C1CCC(CCC2CCCC(C3CCCCC3)C2)CC1
C1CCC(CC2CCC(CC3CCC4CCCCC43)CC2)CC1
C1CCC(C2CCC3CCCC3C2)CC1
C1CCC(CC2CCC(CC3CCC(CC4CCCCC4)CC3)CC2)CC1
C1CCC(CCC2CCC(CCC3CCC(C4CCCCC4)CC3)CC2)CC1
C1CCC(C2CCCC(CC3CCCC(C4CCCCC4)C3)C2)CC1
C1CCC(C2CCCC(CC3CCC4CC(C5CCC6CCCC6C5)CCC34)C2)CC1
C1CCC(CCC2CCC(C3CCCCC3)CC2)CC1
C1CCC(C2CCCC(C3CCCC(C4CCCCC4)C3)C2)CC1
C1CCC(CC2CCC(CC3CCC(C4CCCC(CC5CCCCC5)C4)CC3)CC2)CC1
C1CCC(CC2CCC(CCCC3CCCC(CC4CC4)C3)CC2)CC1
C1CCC(CCC2CCC(C3CCCC3)CC2CC2CCCCC2)CC1
C1CCC(CC2CCCCC2)CC1
C1CCC(C2CC(C3CCCCC3)CC(C3CCCCC3)C2)CC1
C1CCC(CC2CCCCC2CCC2CCC(C3CCCCC3)CC2)CC1
C1CCC(CCC2CCC(CC3CCCCC3)CC2)CC1
C1CCC(CC2CCCC(C3CCCCC3)C2)CC1
C1CCC(C2CCCCC2)CC1
C1CCC(CCC(CC2CC3CCCCC3C2)C2CCCCC2)CC1
C1CCC(CCC2CCCCC2C2CCC(CC3CCCCC3)CC2)CC1
C1CCC(CC2CC(C3CCCCC3)CCC2C2CCCC(C3CCCCC3)C2)CC1
C1CCC(CC2CCC(CC3CCC(C4CCCC(CC5CCCC(C6CCCCC6)C5)C4)CC3)CC2)CC1
C1CCC(C2CCC(CCC3CC(C4CCCCC4)CC(C4CCCCC4)C3)CC2)CC1
C1CCC(CCCCCC2CCCCC2)CC1
C1CCC(C2CCCC(C3CCCC(CC4CCC5CCCCC54)C3)C2)CC1
C1CCC(C2CCC(C3CCCCC3)C(C3CCCCC3)C2)CC1
C1CCC(C2CCC(CC3CCC(C4CC4)CC3)CC2)CC1
C1CCC(C2CCC(C3CCCCC3)CC2)CC1
C1CCC(C2CCCCC2C2CCCCC2)CC1
C1CCC(CC2CCC(C3CCC(C4CCCCC4)CC3)CC2)CC1
C1CCC(CC2CC(C3CC(CCC4CCCC4)CC(C4CCCCC4)C3)C3CCCCC23)CC1
C1CCC(C2CC(CC3CCC4C(CC5CC5)CCC4C3)C3CCCCC32)CC1
C1CCC(C2CCC3CC(C4CCC5CCCCC54)CCC3C2)CC1
C1CCC(CC2CCC(CCC3CCCC(C4CCCCC4)C3)CC2)CC1
C1CCC(CCCCCC2CCC(CC3CCCCC3)CC2)CC1
C1CCC(CC2CCC(C3CCCCC3)C(CCC3CCC(C4CCCCC4)CC3)C2)CC1
C1CCC(CCC2CCC(CCC3CCCC(CC4CC4)C3)CC2)CC1
C1CCC(CCC2CCC(C3CCCCC3)CC2)CC1
C1CCC(C2CCC(C3CCCCC3C3CCCC3)CC2)C1
C1CCC(CC2CC(C3CCCCC3)CC(C3CCCCC3)C2)CC1
C1CCC(CCC2CCC(C3CCCC(CC4CCCCC4)C3)CC2)CC1
C1CCC(CCCCC2CCCCC2C2CCC(C3CCCCC3)CC2)CC1
C1CCC(CCC2CCC(C3CCCCC3)CC2)CC1
C1CCC(CCC2CCCC(C3CCCCC3)C2)CC1
C1CCC(C2CCC(C3CCCC(C4CCCC(C5CCCCC5)C4)C3)CC2)CC1
C1CCC(CC2CCC(CC3CCC4CCCCC4C3)CC2)CC1
C1CCC(CCC2CC(C3CCC(C4CCCCC4)CC3)CC3CCCCC32)CC1
C1CCC(C2CCC(C3CCCCC3C3CCCCC3)CC2)CC1
C1CCC(CCCCCC2CCC(C3CCCCC3)CC2CCC2CCCCC2)CC1
C1CCC(CCC2CCC(C3CCCC(CCC4CCCCC4)C3)CC2)CC1
C1CCC(C2CC(CC3CC3)CC(C3CCCCC3)C2)CC1
C1CCC(CCC2CCC(C3CCCC(C4CCC(C5CCC(CC6CCCCC6)CC5)CC4)C3)CC2)CC1
C1CCC(C2CCCCC2)CC1
C1CCC(CCC2CCC(C3CCC(CC4CCCCC4)CC3)CC2)CC1
C1CCC(C2CCC(C3CCCCC3C3CCCCC3)CC2)CC1
C1CCC(CCC2CCCC(CC3CCC(CC4CCCCC4)CC3)C2)CC1
C1CCC(CC2CC(C3CCC4CCCCC43)CCC2C2CCCCC2)CC1
C1CCC(CCC2CCCC(CC3CCCCC3)C2)CC1
C1CCC2CC(C3CCC(CC4CCC5CCCCC54)CC3)CCC2C1
C1CCC(CCCCC2CCCC(C3CCCCC3)C2)CC1
C1CCC(C2CCC(CC3CCC(C4CCCCC4)CC3)CC2)CC1
C1CCC(CCC2CCC(CC3CCCCC3)C(C3CCCC(C4CCCC4)C3)C2)CC1
C1CCC(C2CCC(CC3CCCC(C4CCC(C5CCCC5)CC4)C3)CC2)CC1
C1CCC(CCCC2CCC(CC3CCCCC3)CC2CCC2CC3CCCCC3C2)CC1
C1CC(CC2CC3CCCCC3C2)CC(CC2CCCCC2C2CCC(CCC3CC3)CC2)C1
C1CCC(C2CC(C3CCCCC3)CC(C3CCCCC3)C2)CC1
C1CCC(CCC2CCC(C3CCC(CC4CCC(C5CCCC(C6CCC7CCCC7C6)C5)C4)CC3)CC2)C1
C1CCC(C2CCCCC2C2CCC(C3CCCCC3C3CCCCC3)C2)CC1
C1CCC(C2CCCCC2)CC1
C1CCC(CC2CCC(C3CCCCC3)C(CC3CCCCC3)C2)CC1
C(CCC1CCC(C2CCCCC2)CC1)CCC1CCC(C2CCCCC2)CC1
C1CCC(CCCCC2CCC(CC3CCC(C4CCC4)CC3)CC2)CC1
C1CCC(C2CC(C3CCC4CCCCC43)CC3CCC(C4CCCC4)CC32)CC1
C1CCC(CCC2CCCCC2C2CCCCC2)CC1
C1CCC(CC2CCC(CC3CCCCC3C3CCC(CC4CCCCC4)C3)CC2)CC1
C1CCC(CC2CCCC(C3CCCC(CC4CCCC(C5CCCCC5)C4)C3)C2)CC1
C1CCC(CCC(C2CCCCC2)C2CCC(CC3CCCCC3)CC2)CC1
C1CCC(C2CCCCC2C2CCCC2)CC1
C1CCC(CCCC2CCCCC2)CC1
C1CCC(C2CCC(C3CCCC(CC4CC5CCCCC5C4)C3)CC2)CC1
C1CCC(CCC(C2CCCCC2)C2CCCCC2)CC1
C1CCC(CCC2CC(CCC3CCCCC3)CC(C3CCCCC3)C2)CC1
C1CCC(C2CCC(CCC3CC4CCCCC4C3)CC2)CC1
C1CCC(C2CCC(C3CCCCC3)CC2)CC1
C1CCC(CCCC2CCC(C3CCC4CCCCC43)C(C3CCCCC3)C2)CC1
C1CCC(CCC2CCC(CCC3CCC(C4CCCC4)CC3)CC2)CC1
C1CCC(C2CCCC(C3CCCC(CCC4CCC(CC5CC6CCCCC6C5)CC4)C3)C2)CC1
C1CCC(C2CCCCC2CC2CCCC(CC3CC4CCCCC4C3)C2)CC1
C1CCC(CC2CCC(CCC3CCCCC3C3CCCCC3)CC2)CC1
C1CCC(CC2CCCC(C3CC4CCCCC4C3)C2)CC1
C1CCC(CC2CCCC2CC2CCCCC2C2CCCCC2)CC1
C1CCC(C2CCCCC2C2CCCC(CC3CCC3)C2)CC1
C1CCC(CC2CCCC(CC3CCCC(C4CCCC(C5CCCCC5)C4)C3)C2)CC1
C1CCC(CCC2CCCCC2CC2CCCCC2)CC1
C1CCC2CC(CC3CCCC(C4CCCCC4CC4CCCC5CCCCC54)C3)CCC2C1
C1CCC(CCC2CCCC(CC3CCCCC3)C2)CC1
C1CCC(CCCC2CC(CC3CCCCC3)CCC2C2CCCC(C3CCCC3C3CCCC3)C2)CC1
C1CCC(CCC2CC3CCCCC3C2)CC1
C1CCC(CC2CCC(CC3CCC(C4CCCC(C5CCCCC5)C4)CC3)CC2)CC1
C1CCC(C2CCCC(C3CCCC(CC4CCCCC4C4CCCCC4)C3)C2)CC1
C1CCC(CC2CC(C3CCCC3)C3CC(C4CCCCC4)CCC23)CC1
C1CCC(CC2CC(C3CCCCC3)CCC2C2CCCCC2)CC1
C1CCC(C2CCCCC2C2CC(C3CCCC3)CC(C3CCCC(CC4CCCC4)C3)C2)CC1
C1CCC(C2CCCC(CC3CC(C4CCCCC4)C4CCCCC34)C2)CC1
C1CCC(CC2CCCCC2C2CCCC(C3CCCCC3)C2)CC1
C1CCC(CC2CCC(CCC3CCC(CC4CC4)CC3)C(CC3CCCCC3)C2)CC1
C1CCC(C2CCC3C(CCC3C3CCCC3)C2)CC1
C1CCC(C2CCC(C3CCCCC3)C(C3CCCCC3)C2)CC1
C1CCC(CC2CCC(C3CCCCC3)C2C2CCC(C3CCCCC3)CC2)CC1
C1CCC(CCC2CCC(C3CCCCC3)CC2)CC1
C1CCC(C(CC2CCCCC2C2CCC2)C2CCC(C3CC4CCCCC4C3)CC2)CC1
C1CCC(C2CCCC(CC3CCC(CC4CCC5CCCCC54)CC3)C2)C1
C1CCC(CCC2CCC(C3CCCCC3)CC2)CC1
C1CCC(CCC2CCCC(CC3CCC(C4CCCC4)CC3)C2)CC1
C1CCC(CC2CCCCC2CCC2CC(C3CCCCC3)C3CCCCC23)CC1
C1CCC(CC2CCC(C3CCC(C4CCCCC4)CC3)C(C3CCC4CCCC4C3)C2)CC1
C1CCC(C2CCCC(C3CCC(C4CCC5CCCCC5C4)CC3)C2)CC1
C1CCC(CC2CCCCC2CC2CCCCC2)CC1
C1CCC(CCCC2CCC(CC3CCC(C4CCCCC4C4CCCCC4)CC3)CC2)CC1
C1CCC(CC2CCC(C3CCCCC3)CC2)CC1
C1CCC(CC2CCC(C3CCCCC3)C(C3CCC(C4CCCCC4)CC3)C2)CC1
C1CCC(CC2CCC(CCC3CCCCC3C3CCC4CCCC4C3)CC2)CC1
C1CCC(CCC2CCC(CC3CCC(CC4CCCCC4)CC3)CC2)CC1
C1CCC(CCC2CCC(C3CCCC(CCC4CCCCC4)C3)CC2)CC1
C1CCC(CC2CCCC(C3CC(CCC4CC4)CCC3C3CCCCC3)C2)CC1
C1CCC(CC2CCC(CCC3CCCC4CC(C5CCCCC5C5CCCC5)CCC34)CC2)CC1
C1CCC(CCC2CCCC(CC3CC(C4CCC(C5CCCCC5)CC4)C4CCCCC34)C2)CC1
C1CCC(C2CCC(C3CCCCC3)CC2)CC1
C1CCC(CC2CCC(C3CCCCC3)CC2)CC1
C1CCC(C2CCCC(C3CC(CCC4CCCC4)CC(C4CCCCC4)C3)C2)CC1
C1CCC(CC2CCCC(CCCCCC3CCC(C4CCCCC4)CC3)C2)CC1
C1CCC(C2CCCCC2C2CCCCC2C2CCCC2)CC1
C1CCC(CC2CCC(C3CCCC(C4CCCCC4)C3)CC2)CC1
C1CCC(CCC2CCCC(C3CCCC(CC4CCCC(C5CCCCC5)C4)C3)C2)CC1
C1CCC(C2CCC(C3CCCCC3)CC2)CC1
C1CCC(C2CCCC(C3CCCC(C4CCCCC4)C3)C2)CC1
C1CCC(CCCC2CCCC(C3CCCC(C4CCCC4)C3)C2)CC1
C1CCC(CC2CCCC2CC2CCCC(C3CCC(C4CCCCC4)CC3)C2)CC1
C1CCC(CC2CCC(C3CCCC(C4CCCCC4)C3)CC2)CC1
C1CCC(CC2CCCC(CC3CCCC(C4CCCCC4)C3)C2)CC1
C1CCC(C2CCCCC2C2CCC(CCC3CCCC3)CC2)CC1
C1CCC(CC2CCCC(C3CCCCC3C3CCCCC3)C2)CC1
C1CCC(CC2CCCC(C3CCCCC3)C2)CC1
C1CCC(CC2CCCC(CCC3CCCC(C4CCCCC4)C3)C2)CC1
C1CCC(CCC2CCC(CC3CCC(CC4CCCCC4)CC3)CC2)CC1
C1CCC(CC2CCC(CC3CCC(CC4CCCC(CCC5CC5)C4)CC3)CC2)CC1
C1CCC(C2CCC(C3CCCC(C4CCC4)C3)CC2)CC1
C1CCC(CCCC2CC(CC3CCCC3)CC(C3CCCCC3)C2)CC1
C1CCC(CC2CCCCC2C2CCCC(CCC3CCCC(C4CCCCC4)C3)C2)CC1
C1CCC(C2CCC(CCCC3CCCC(C4CCCCC4)C3)CC2)CC1
C1CCC(CC2CCC(C3CCC(C4CCCCC4)CC3)CC2)CC1
C1CCC(CCC2CCC(CC3CCCCC3)CC2CC2CCCCC2)CC1
C1CCC(CCC2CCC(CCC3CC4CCCCC4C3)CC2)CC1
C1CCC(CC2CC(C3CCC4CCCC(C5CCCCC5)C4C3)C3CCCCC23)CC1
C1CCC(C2CCC(C3CCC(CC4CCCCC4C4CCCCC4)CC3)CC2)CC1
C1CCC(C2CCCC(C3CCCCC3)C2)CC1
C1CCC(C2CCC(C3CC4CCCCC4C3)C(CC3CCCC3)C2)CC1
C1CCC(CCC2CCCCC2CCC2CCCCC2)CC1
C1CCC(C2CCC3CCCCC32)CC1
C1CCC(CC2CCCC(C3CC3)C2)CC1
C1CCC(CC2CCCC(C3CCCCC3)C2)CC1
C1CCC(CCCC2CCCC(C3CCC4C(CCCC4C4CCCC4)C3)C2)CC1
C1CCC(C2CCC(CC3C(C4CCCCC4)CCCC3C3CCC3)CC2)CC1
C1CCC(CCCCCC2CCC(CC3CCC(CC4CCCCC4)CC3)CC2)CC1
C1CCC(C2CCC(C3CCCCC3C3CCCC(C4CCCCC4)C3)CC2)CC1
C1CCC(C2CCC(C3CCCCC3C3CCC4CCCC4C3)CC2C2CC3CCCCC3C2)CC1
C1CCC(C2CCC(C3CCCCC3C3CCCCC3)C(C3CCC4CCCC4C3)C2)CC1
C1CCC(CC2CCCC(CC3CCCCC3)C2)CC1
C1CCC(CCC2CCC(C3CCCCC3)CC2)CC1
C1CCC(C2CCC3CC(C4CCC5CCCCC5C4)CCC32)CC1
C1CCC(C2CCC(C3CC3)C(C3CCCC3)C2)CC1
C1CCC(CCCC2CCCC(CCC3CCCCC3)C2)CC1
C1CCC(CC2CCC(CCCC3CCCCC3CCC3CC4CCCCC4C3)CC2)CC1
C1CCC(C2CCC(C3CCC4CCCC4C3)CC2)CC1
C1CCC(CC2CCC(CCC3CCCC(CCC4CC5CCCCC5C4)C3)CC2)C1
C1CCC(CC2CCC(C3CCCCC3CC3CCCCC3)CC2)CC1
C1CCC(CC2CCCC(C3CCCCC3)C2)CC1
C1CCC(C2CC(C3CCCCC3)CC(C3CCC3)C2)CC1
C1CCC(CC2CCCCC2CC2CCCCC2C2CCC3CCCCC3C2)C1
C1CCC(CCC2CCCCC2)CC1
C1CCC(CC2CCCCC2)CC1
C1CCC(CCC2CC(C3CCCCC3)CCC2C2CCCCC2)CC1
C1CCC(CCC2CC(CC3CCCCC3)CCC2C2CCCCC2)CC1
C1CCC(CC2CCC(C3CCCCC3)CC2)CC1
C1CCC(CC2CCC(CC3CCCCC3)C(C3CCCCC3)C2)CC1
C1CCC(CC2CCCCC2C2CCCC(C3CCCCC3)C2)CC1
C1CCC(CCCC2CCCC(CC3CCCCC3)C2)CC1
C1CCC(CCCCC2CCC(CC3CCCCC3)CC2)CC1
C1CCC(CC2CC(C3CCCCC3)CC3CCCCC32)CC1
C1CCC(C2CCC(C3CCCCC3CC3CCC4CCCCC4C3)C(C3CCC4CCCC4C3)C2)CC1
C1CCC(CCC2CCC(CC3CCC(CC4CCCCC4C4CCCC4)CC3)CC2)CC1
C1CCC(CCCC2CCC(CC3CCC(C4CCCCC4)CC3)CC2)CC1
C1CCC(CC2CCC3CC(C4CCC5CCCCC54)CCC3C2)CC1
C1CCC(CC2CCCCC2C2CCCC(C3CCCCC3)C2)CC1
C1CCC(C2CCCC(C3CCCC(CC4CC4)C3)C2)CC1
C1CCC(C2CCC3CCC(C4CCC(C5CCC(C6CCCC6)CC5)CC4)C3C2)CC1
C1CCC(C2CCC3CCCC(CC4CCC(CCC5CC6CCCCC6C5)CC4)C3C2)CC1
C1CCC(CCCCC2CCCC(C3CCCCC3)C2)CC1
C1CCC(CC2CCCC(C3CCCCC3C3CCCCC3)C2)CC1
C1CCC(CC2CC(CC3CCC(CC4CCCC(C5CCCC5)C4)CC3)C3CCCCC23)CC1
C1CCC(CC2CC(C3CCCCC3)CCC2C2CCC3CCCCC3C2)CC1
C1CCC(CC2CCCC(CC3CCCCC3)C2)CC1
C1CCC(CC2CCC(CCC3CCC(C4CCCCC4)CC3)CC2)CC1
C1CCC(C2CCC(C3CCCCC3)CC2)CC1
C1CCC(C2CCCCC2)CC1
C1CCC(CCCC2CCCCC2C2CCCCC2)CC1
C1CCC(CC2CCC(C3CCCCC3)CC2C2CCCCC2)CC1
C1CCC(CCCC2CCC(C3CCC(C4CCCCC4)CC3)CC2)CC1
C1CCC(CCC2CCCCC2C2CCC3CCC(C4CCCCC4)CC3C2)CC1
C1CCC(CCC2CCCC(C3CCCCC3)C2)CC1
C1CCC(C2CCC(CC3CCC(C4CCC(CCC5CCCC5)CC4)CC3)CC2)CC1
C1CCC(CCCC2CCC(CCC3CCC(CCC4CCCCC4)CC3)CC2)CC1
C1CCC(CCC2CCC(C3CCC(CC4CCCCC4)CC3)CC2)CC1
C1CCC(CCCCC2CCC(CCCCC3CCCCC3)CC2)CC1
C1CCC(C2CCC(C3CCC(CC4CCCC4)CC3)CC2)CC1
C1CCC(C2CCCC(C3CCC(C4CCCC4)CC3)C2)CC1
C1CCC(C2CCCC(CC3CCCC(C4CCCC(C5CCCCC5)C4)C3)C2)CC1
C1CCC(C2CC3CCCCC3C(C3CCCCC3)C2)CC1
C1CCC(C2CCCC(C3CCC(CC4CCCC(C5CCCC5)C4)CC3)C2)CC1
C1CCC(CC2CCCC(C3CCC(C4CCCC4)CC3)C2)CC1
C1CCC(CCCC2CCC(CC3CCC(CC4CCCCC4)CC3)CC2)CC1
C1CCC(C2CCC(CC3CCC(C4CCC5CCCCC5C4)CC3)CC2)CC1
C1CCC(CC2CCC(C3CCCCC3)CC2)CC1
C1CCC(CC2CCC(C3CCCCC3CC3CCCCC3)CC2CCC2CC2)CC1
C1CCC(CC2CC(CCC3CCCC(CC4CCC(C5CCCCC5)CC4)C3)C3CCCCC23)CC1
C1CCC(CCCCCC2CCCC(C3CCCC(CC4CC5CCCCC5C4)C3)C2)CC1
C1CCC(C2CC3CCC(C4CC(C5CCCC5)CC(C5CCCC(C6CCCC6)C5)C4)CC3C2)CC1
C1CCC(C2CCCCC2)CC1
C1CCC(CC2CCC(C3CCCCC3)CC2)CC1
C1CCC(CC2CCCC(C3CCCCC3)C2)CC1
C1CCC(CC2CCCCC2C2CCCC(C3CCCCC3)C2)CC1
C1CCC(CC2CCC(C3CCCCC3)C(C3CCCCC3)C2)CC1
C1CCC(C2CCC(C3CCCCC3)CC2)CC1
C1CCC(CCCC2CCCC(C3CCCCC3)C2)CC1
C(CCC1CCC2CCCC2C1)CC1CCC(CC2CCC(CC3CC4CCCCC4C3)CC2)CC1
C1CCC(CCCCC2CCCCC2C2CCCCC2CCC2CCCCC2)CC1
C1CCC(CCCC2CCC(C3CCCCC3)CC2)CC1
C1CCC(CCC2CC(C3CCC4CCCCC43)CC3CCCCC32)CC1
C1CCC(C2CCCC3CCCCC32)CC1
C1CCC(C2CCC(C3CCC(CC4CCCCC4C4CCCC4)CC3)CC2)CC1
C1CCC(C2CCC(C3CCC4C(CCCC4C4CCC4)C3)CC2)CC1
C1CCC(CC2CCCCC2C2CCC(C3CCCCC3)CC2)CC1
C1CCC(CC2CCC(CCCC3CC4CCCCC4C3)CC2)CC1
C1CCC(C2CCCC(C3CCC(C4CCCCC4C4CCCC4)CC3)C2)CC1
C1CCC(C2CCC3CCCC(C4CCCCC4)C3C2)CC1
C1CCC(CCC2CCCC(CC(CCC3CCCCC3)(C3CCCC3)C3CCCC3)C2)CC1
C1CCC(CC2CCCCC2CC2CCCCC2C2CCCCC2C2CCCC2)CC1
C1CCC(CC2CCC(C3CCCCC3)CC2)CC1
C1CCC(C2CCCC(CC3CCC(CC4CCCCC4C4CCCC4)CC3)C2)CC1
C1CCC(CCC2CCCC(C3CCCC(C4CCCCC4)C3)C2)CC1
C1CCC(C2CCCC(C3CCCC(CCCC4CCC5CCCCC54)C3)C2)CC1
C1CCC(CCCC2CCCCC2)CC1
C1CCC(CC2CCCC(CCC3CCCCC3C3CCCCC3)C2)CC1
C1CCC(CC2CC(C3CCC(C4CCCCC4)CC3)C3CCCCC23)CC1
C1CCC(CCC2CC(CC3CCCC(C4CCCCC4)C3)C3CCCCC23)CC1
C1CCC(CCC2CCC(CC3CCCCC3)CC2)CC1
C1CCC(CCC2CCCCC2C2CCCC(CC3CC4CCCCC4C3)C2)CC1
C(CCC1CCCC1)CCC1CCC(C2CCCCC2)CC1
C1CCC(CCCC2CCC(CCC3CCCCC3)CC2)CC1
C1CCC(CCC2CCC(CCCCCC3CCCCC3CC3CCCCC3)CC2)CC1
C1CCC(CCCC2CCC(CC3CCC(CC4CCCCC4)CC3)CC2)CC1
C1CCC(CC2CCC(CCC(C3CCC3)C3CCCC(C4CC4)C3)CC2)CC1
C1CCC(C2CCCC(CC3CCC(C4CCCC4)CC3)C2)CC1
C1CCC(CCCCCC2CCCCC2C2CCC(C3CCC(CC4CCCCC4)CC3)CC2)CC1
C1CCC(CC2CCCC(C3CCC(C4CCCCC4)C(C4CCCCC4)C3)C2)CC1
C1CCC(CCC2CCCC(CC3CCCCC3)C2)CC1
C1CCC(C2CCCCC2CCC2CCCCC2C2CCCCC2)CC1
C1CCC(CC(C2CCCCC2)C2CCCC(CC3CC4CCCCC4C3)C2)CC1
C1CCC(CCC2CCC(C3CCCC(CC4CCCCC4)C3)CC2)CC1
C1CCC(CC2CCC(CC3CCC(C4CCCCC4)CC3)CC2)CC1
C1CCC(C2CCC3CCC(C4CCC5CCCC5C4)C3C2)CC1
C1CCC(C2CCCC(C3CCCC4CCCCC43)C2)CC1
C1CCC(C2CCCC(CCCC3CCC4CC(C5CCCCC5)CCC34)C2)CC1
C1CCC(C2CCC(CC3CCCC(C4CCCCC4)C3)CC2)CC1
C1CCC(CCC2CCCCC2)CC1
C1CCC(C(C2CCCCC2)C2CCCCC2C2CCCC2)CC1
C1CCC(CC2CCC(C3CC(C4CCC(C5CCCCC5)CC4)C3)CC2)CC1
C1CCC(CC2CCC(CC3CCC(CC4CC4)CC3)CC2)CC1
C1CCC(C2CCCCC2C2CCCCC2C2CCCC2)CC1
C1CCC(CCC2CC(CC3CCCCC3)CC(C3CCCCC3)C2)CC1
C1CCC(C2CCCCC2C2CCC3CCCC3C2)CC1
C1CC2CCC(C3CCCCC3C3CCC(C4CCCC5CCCCC54)CC3)CC2C1
C1CCC(CC2CCCC(C3CCCC(C4CCCCC4)C3)C2)CC1
C1CCC(CCCCCC2CC(CCCC3CCCCC3)CC(CC3CCCC3)C2)CC1
C1CCC(CCC2CCCC(CC3CCCCC3)C2)CC1
C1CCC(CC2CCCC(CC3CCCC(C4CCC(CCC5CCC(C6CC6)CC5)CC4)C3)C2)CC1
C1CCC(CC2CCCC(C3CCCC(CC4CCC(C5CCCCC5)C4)C3)C2)CC1
C1CCC(CC2CCC(CC3CCC(CC4CC4)CC3)CC2)CC1
C1CCC(C2CCCC(C3CCC(C4CCCC4)CC3C3CCCC3)C2)CC1
C1CCC(CC2CCC(CC3CCCC(CC4CCCC(C5CC5)C4)C3)CC2)CC1
C1CCC(CC2CCCC(C3CCC4C(CC5CCCC5)CCC4C3)C2)CC1
C1CCC(CCC2CCCC(CC3CCCC(C4CCCC4)C3)C2)CC1
C1CCC(C2CCCC(C3CCCCC3)C2)CC1
C1CCC(CC2CCC3C(CC4CCCC(CC5CCC(CC6CCCC6)CC5)C4)CC(C4CC4)C3C2)CC1
C1CCC(C2CCC(C3CCCC(C4CCCCC4C4CCC(C5CCC5)CC4)C3)CC2)CC1
C1CCC(C2CCCC(C3CCC4CCCCC43)C2)CC1
C1CCC(CC2CCC3C(CC4CCCCC4)CC(C4CCCC4)C3C2)CC1
C1CCC(C2CCC(CC3CCC4CCCCC43)CC2)CC1
C1CCC(CC2CCCCC2C2CCC(C3CCCCC3)CC2)CC1
C1CCC(CC2CCC(C3CCCC(C4CCCCC4C4CCCCC4)C3)CC2)CC1
C1CCC(CC2CCC(CC3CCCC(CC4CCC5CCCCC5C4)C3)C2)CC1
C1CCC(CCCC2CCCC(CCCC3CCC(C4CCCC4)CC3)C2)CC1
C1CCC(C2CCCC(CC3CCC(CC4CCCCC4C4CCCC4)CC3)C2)CC1
C1CCC(C(CC2CCCC(C3CC4CCCCC4C3)C2)C2CCCCC2)CC1
C1CCC(CC2CCCC(C3CCC(C4CCCCC4)C(C4CCCC4)C3)C2)CC1
C1CCC(CCC2CCC(CC3CCCCC3)CC2)CC1
C1CCC(CCCC2CCC(C3CCCC(CC4CC5CCCCC5C4)C3)CC2)CC1
C1CCC(CC2CCC3C(CC4CCCCC4)CCC3C2)CC1
C1CCC(C2CCC(C3CCC(CC4CC5CCCCC5C4)CC3)CC2)CC1
C1CCC(CC2CCCCC2C2CCCCC2C2CCCCC2)CC1
C1CCC(CCCC2CCCC(CC3CCCCC3CC3CCCCC3)C2)CC1
C1CCC(CCCC(CCC2CCC(C3CCCCC3)CC2)C2CCCCC2)CC1
C1CCC(CC2CCCCC2)CC1
C1CCC(CCCC2CCC(CC3CCC(CC4CCCCC4)CC3)CC2)CC1
C1CCC(C2CCC(CC3CCC(C4CCCCC4)C3)CC2)CC1
C1CCC(CC2CCC(C3CCCCC3CCC3CCCCC3C3CCCCC3)CC2)CC1
C1CCC(CCCC2CC(CC3CCCCC3)C3CCCCC23)CC1
C1CCC(C2CCCC(C3CCC(C4CC4)CC3)C2)CC1
C1CCC(C2CCCC(CC3CCCCC3CCC3CCCCC3C3CCCC3)C2)CC1
C1CCC(C2CC(C3CCCCC3)CC(C3CCCCC3)C2)CC1
C1CCC(CC2CCC(C3CCCC3)CC2)CC1
C1CCC(CC2CCC(CC3CCCCC3)CC2)CC1
C1CCC(CC2CCC(CCCC3CCC(C4CCCCC4)CC3)CC2)CC1
C1CCC(CC2CCC(CC3CCC(C4CCC(CCCC5CCC5)CC4)CC3)CC2)CC1
C1CCC(CCCCCC2CCCC(C3CCCC(C4CCCCC4)C3)C2)CC1
C1CCC(C2CCC(CCCC3CCCC(C4CCCCC4)C3)CC2)CC1
C1CCC(CCCC2CCCC(C3CCCCC3)C2)CC1
C1CCC(C2CCCC(CC3CCCC(CCC4CC(C5CCCCC5)C5CCCCC45)C3)C2)CC1
C1CCC(C2CCCC(C3CCCC(C4CCCC4)C3)C2)CC1
C1CCC(CC2CCC(CCC3CCCC(C4CCCCC4)C3)CC2)CC1
C1CCC(C2CCC(C3CCCC(C4CCCCC4)C3)CC2)CC1
C1CCC2CC(CCCC3CCCCC3C3CCCCC3C3CCC4CCCC4C3)CC2C1
C1CCC(C2CCCC(C3CCC(CC4CCC5CCCCC54)CC3)C2)CC1
C1CCC(CCC2CCCCC2CC2CCC(C3CCCCC3)CC2C2CCCC2)CC1
C1CCC(C2CCC(CC3CCCC(C4CCCCC4)C3)CC2)CC1
C1CCC(CCC2CCC(CCC3CCCCC3)CC2)CC1
C1CCC(CC2CCC(C3CCCCC3)CC2)CC1
C1CCC(CC2CCC(C3CC(C4CCCCC4)CCC3C3CCCC3)CC2)CC1
C1CCC(CC2CCC(CC3CCC(C4CCCCC4)CC3)CC2)CC1
C1CCC(CC2CCCC(CC3CCCCC3)C2)CC1
C1CCC(CCCCC2CCCCC2C2CCC(CC3CCCCC3)CC2)CC1
C1CCC(CCCCC(CC2CCCC2)C2CCC(CC3CCCCC3)CC2)CC1
C1CCC(CCCC2CCCC(C3CCCCC3)C2)CC1
C1CCC(CCC2CCC(CC3CCCCC3)CC2CCC2CCCCC2)CC1
C1CCC(CCC2CCCC(C3CCCC(C4CCCCC4)C3)C2)CC1
C1CCC(CCC2CCC(CC3CCCCC3)CC2)CC1
C1CCC(CC2CCC(CC3CCCCC3)C(C3CCCC3)C2)CC1
C1CCC(CC2CC(C3CCCCC3)CC(C3CCCC(C4CCCCC4)C3)C2)CC1
C1CCC(CCC2CC(C3CC3)CCC2C2CCCC(CCC3CC4CCCCC4C3)C2)CC1
C1CCC(CCC2CCCC(CC3CCC(C4CCC5CCCCC54)CC3)C2)CC1
C(CC1CCC(C2CCCC2)CC1)CC1CCCC(CC2CCC(C3CCC4CCCC4C3)C2)C1
C1CCC(CC2CCC(CCCC3CCCC(CC4CCCC4)C3)CC2)CC1
C1CCC(CCCCCC2CCC(CC3CCC(CCCCC4CCCCC4)CC3)CC2)CC1
C1CCC(CC2CCC(C3CCCCC3)C(CC3CCCC(CC4CCC5CCCCC54)C3)C2)CC1
C1CCC(CC2CC(C3CCC3)CC(C3CCC(C4CCC5CCCCC54)CC3)C2)CC1
C1CCC(C2CCCC(CC3CCCCC3C3CCCCC3)C2)CC1
C1CCC(CCC2CCCC(C3CCCC(C4CCCCC4)C3)C2)CC1
C1CCC(CC2CCC(CC3CCC(C4CCC(CC5CCCC(CC6CCCCC6)C5)CC4)CC3)CC2)CC1
C1CCC(CCC2CCC(C3CCC4CCCCC4C3)CC2C2CCCCC2)CC1
C1CCC(C2CC(C3CCC3)CC(C3CCCC4CCCCC43)C2)CC1
C1CCC(C2CCC(CCC3CCCC3)CC2C2CCCCC2)CC1
C1CCC(CCCC2CCCCC2CCC2CCCCC2)CC1
C1CCC(C2CCCCC2C2CC(C3CCCC3)CCC2C2CCC3CCCC3C2)CC1
C1CCC(CC2CCC(C3CCCCC3CC3CCCCC3)C2)CC1
C1CCC(CCC2CCCC(C3CCCC(C4CCC(CC5CC6CCCCC6C5)CC4)C3)C2)CC1
C1CCC(CCC2CC(C3CCCCC3)CCC2C2CCCCC2)CC1
C1CCC(C2CCC(C3CCCCC3C3CCCCC3)CC2)CC1
C1CCC(C2CCC(C3CCCCC3C3CCC(C4CCCC(C5CCCC5)C4)C3)CC2)CC1
C1CCC(CC2CCC(CC3CCCCC3)CC2)CC1
C1CCC2CC(CC3CC(C4CCCCC4C4CCCC4)C4CCCCC34)CC2C1
C1CCC(C2CCCC(CCCC3CC(CC4CC4)CCC3C3CCCCC3)C2)CC1
C1CCC(CCC2CCC(C3CCCC(C4CCC5CCCCC5C4)C3)CC2)CC1
C1CCC(CCCC2CCC(C3CCCCC3)CC2)CC1
C1CCC(CCCCC2CCCC(CCC3CCC4CCCC4C3)C2)CC1
C1CCC(CC2CCCC(C3CC(CC4CCCCC4)CC(C4CCC4)C3)C2)CC1
C1CCC(CC2CCC(CC3CCCCC3)CC2)CC1
C1CCC(CCC2CC(C3CCCC(C4CCCC4)C3)CCC2C2CCCCC2)CC1
C1CCC(CCC2CC(C3CCCCC3)C(C3CCC4CCCCC43)C(C3CCCCC3)C2)CC1
C1CCC(C2CCCC(CCC3CCCC4CCCCC43)C2)CC1
C1CCC(CC2CC(C3CCC(CC4CCC(C5CCCCC5)CC4)CC3)C3CCCCC23)CC1
C1CCC(CC2CCCCC2C2CCCC2)CC1
C(CCCC1CCCCC1)CCC1CCCCC1
C1CCC(CC(CC2CC2)C2CC(C3CCCCC3)CC(C3CCC(C4CCCCC4C4CCCC4)CC3)C2)CC1
C1CCC(C2CCC(C3CCCC(C4CCCCC4)C3)CC2)CC1
C1CCC(CC2CCC(C3CCC4CCCCC4C3)CC2)CC1
C1CCC(CC2CCC3C(CC4CCCCC4)CC(CC4CCCC4)C3C2)CC1
C1CCC(C2CCC(CC3CC3)CC2)CC1
C1CCC(CCC2CC(C3CCCCC3)C3CCCC3C2C2CCCCC2)CC1
C1CCC(CC2CC3CCCCC3C(C3CCCCC3)C2)CC1
C1CCC(C2CCC(C3CCCC(C4CCCCC4)C3)CC2)CC1
C1CCC(CCC2CCC(C3CCCC(C4CCCCC4)C3)CC2)CC1
C1CCC(C2CCC(C3CCCCC3)CC2)CC1
C1CCC(C2CCC(CC3CCCC(C4CCC(C5CCCC5)CC4)C3)CC2)C1
C1CCC(C2CCC(C3CCCCC3C3CCCCC3C3CCC4CCCCC4C3)CC2)C1
C1CCC(CC2CCC(CC3CCCCC3)C(C3CCCCC3)C2)CC1
C1CCC(CCC2CCC(C3CCCC3)CC2)CC1
C1CCC(CC2CCC(CCC3CCCC(C4CCCCC4)C3)CC2)CC1
C1CCC(C2CC(C3CCC4CCCCC43)CC3CCCCC32)CC1
C1CCC(CCCCC2CCCC(C3CCC(CC4CCC4)CC3)C2)CC1
C1CCC(CC2CCCC(C3CCCC(C4CCCCC4)C3)C2)CC1
C1CCC(CCC2CCCC(C3CCCC(C4CCCCC4)C3)C2)CC1
C1CCC(CC2CCCC(C3CCCCC3)C2)CC1
C1CCC(CC2CCCC(CC3CCCCC3)C2)CC1
C1CCC(CC2CCC(C3CCC(C4CCCCC4)CC3)CC2)CC1
C1CCC(CCCCCC2CCCC(C3CCCCC3)C2)CC1
C1CCC(C2CCCC(C3CCCCC3)C2)CC1
C1CCC(CCCC2CC(C3CCCC(CC4CCCCC4)C3)C3CCCCC23)CC1
C1CCC(C2CCC(CC3CCCC4CCCCC43)CC2)CC1
C1CCC(C2CCC3C(CCCC3C3CCC4CC(C5CCCCC5)CCC43)C2)CC1
C1CCC(C2CCC(CC3CCC(C4CCCC(C5CCCCC5)C4)CC3)CC2)CC1
C1CCC(C2CCC(CCCCC3CCC(C4CCCC4)CC3)CC2)CC1
C1CCC(CCCCC2CC3CCCCC3C(C3CCCCC3)C2)CC1
C1CCC(CCC2CCCCC2C2CCCCC2)CC1
C1CCC(C2CC(C3CCCCC3C3CC3)CC3CCCCC32)CC1
C1CCC(CCC2CCCCC2CC2CCC(C3CCC(C4CC4)CC3)CC2)CC1
C1CCC(C2CCCCC2CCCC2CCC(CC3CCC(C4CC4)CC3)CC2)C1
C1CCC(CC2CCC(C3CCCCC3C3CCCCC3)CC2)CC1
C1CCC(CC2CCCC(C3CCCCC3)C2CC2CCCCC2)CC1
C1CCC(C2CCCCC2C2CCCC(C3CCC(C4CCCC5CCCCC54)CC3)C2)CC1
C1CCC(CCC2CCC(C3CCCC(CC4CCCCC4)C3)CC2)CC1
C1CCC(C2CCCC(C3CC4CCCCC4C3)C2)CC1
C1CCC(CC2CCC(CC3CCCCC3)CC2)CC1
C1CCC(CCC2CCC(CC3CCCCC3)CC2)CC1
C1CCC(CCCCC2CCCC(C3CCCCC3)C2)CC1
C1CCC(CC2CCC(C3CC(CC4CCC(C5CCCCC5)CC4)C4CCCCC43)CC2)CC1
C1CCC(CC2CCCCC2C2CCC(C3CC4CCCCC4C3)CC2)CC1
C1CC(CC2CCC(CC3CC(CC4CCCC(C5CCC5)C4)C4CCCCC34)CC2)C1
C1CCC(CCCCC2CCCCC2)CC1
C1CCC(C2CCC(C3CCC4CCC(C5CCCCC5)CC4C3)CC2)CC1
C1CCC(CC2CCC(C3CCCC(CCC4CCCC(C5CCCC5)C4)C3)CC2)CC1
C1CCC(C2CC(C3CCCCC3C3CCCC3)CCC2C2CCCC2)CC1
C1CCC(C2CCCCC2)CC1
C1CCC(CC2CCCC(C3CCC(CC4CCC5CCCC5C4)CC3)C2)CC1
C1CCC(C2CCC(C3CCCCC3)C(C3CCCC3)C2)CC1
C1CCC(C2CCCCC2C2CCCCC2)CC1
C1CCC(CCC2CCCCC2C2CCCCC2C2CCCCC2)CC1
C1CCC(C2CCCCC2C2CCCCC2C2CCCC2)C1
C1CCC(C2CCCC(CC3CCCC(C4CCCCC4)C3)C2)CC1
C1CCC(CC2CCCCC2)CC1
C1CCC(C2CCCCC2C2CCC(CC3CC4CCCCC4C3)CC2)CC1
C1CCC(CCCC2CCCCC2C2CCC(CC3CCCCC3)CC2)CC1
C1CCC(C2CCC(CC3CCC3)C(C3CCCCC3)C2)CC1
C1CCC(CCC2CCCCC2C2CCCCC2)CC1
C1CCC(C2CCC(CCCC3CCC(CC4CCC5CCCC5C4)CC3)CC2)CC1
C1CCC2CC(CCC3CCC(CC4CCC5CCCCC54)CC3)CC2C1
C1CCC(C2CCCC(CC(C3CCCCC3)C3CCC(C4CCCC4)CC3)C2)CC1
C1CCC(C2CCCC(CCC3CCCC(C4CCCCC4)C3)C2)CC1
C1CCC(CC2CCCC(CC(C3CCC(C4CCCCC4)CC3)C3CC3)C2)CC1
C1CCC(C2CCCC(C3CCCCC3)C2)CC1
C1CCC(CC2CCCC(C3CCCC4CC(CC5CC6CCCCC6C5)CCC43)C2)CC1
C1CCC(CC2CCC(C3CCCC3)CC2)CC1
C1CCC(CC2CCCC(C3CCCCC3)C2)CC1
C1CCC(C2CCC3C(CCCC3C3CCC(C4CCCC4)CC3)C2)CC1
C1CCC(CCC2CCC(CC3CCC(CC4CCCCC4)CC3)CC2)CC1
C1CCC(CC2CCCC(C3CCC3)C2)CC1
C1CCC(CC2CC(C3CCCC(C4CCCCC4)C3)C3CCCCC23)CC1
C1CCC(CCC2CCCC(C3CCCCC3)C2)CC1
C1CCC(CC2CCCC(CC3CCCC(C4CCCCC4)C3)C2)CC1
C1CCC(CC2CCC(CCC3CCC(C4CCCCC4)CC3)CC2)CC1
C1CCC(CC2CC(C3CCCCC3)CC(C3CCCCC3)C2)CC1
C1CCC(CC2CCC(CCC3CCCC(CC4CCCCC4)C3)CC2)CC1
C1CCC(CC2CCC(CC3CCC(C4CCCCC4)CC3)CC2)CC1
C1CCC(CC2CCC(CC3CCC(C4CCCCC4CCC4CC4)CC3)CC2)CC1
C1CCC(CC2CCCC(C3CCCCC3)C2)CC1
C1CCC(C2CCCCC2)CC1
C1CCC(C2CCC(C3CCC(C4CCCCC4)CC3)CC2)CC1
C1CCC(CC2CCCCC2CC2CCCC(CC3CC(CC4CCCC4)C4CCCCC34)C2)CC1
C1CCC(C2CCC(C3CCC4CCC(C5CCCCC5C5CCCCC5)CC4C3)CC2)CC1
C1CCC(C2CCC(C3CCCC4CCCCC43)C(C3CCCCC3)C2)CC1
C1CCC(CC2CCCCC2C2CCCCC2)CC1
C1CCC(CC2CC(CCCC3CCCC(C4CCCCC4)C3)C3CCCCC23)CC1
C1CCC(CCCCC2CCCC(CC3CCC(CC4CCCCC4)CC3)C2)CC1
C1CCC(C2CCC(C3CCCC(C4CCC(C5CCCC5)CC4)C3)CC2)C1
C1CCC(C2CCCCC2CC2CCCCC2C2CCCCC2C2CCC3CCCC3C2)CC1
C1CCC(CCC2CCC(C3CCC(CC4CC5CCCCC5C4)CC3)CC2)CC1
C1CCC(CC2CC(CC3CCCC(CC4CCC5CCCCC5C4)C3)C3CCCCC23)C1
C1CCC(CC2CCCC(C3CCCCC3CCCC3CCCC3)C2)CC1
C1CC2CCC(C3CCCCC3C3CCCC(CC4CC4)C3)CC2C1
C1CCC(C2CCCC(C3CCCCC3)C2)CC1
C1CCC(CC2CCC(C3CC3)CC2)CC1
C1CCC(CC2CCC(C3CCCC(CC4CCC(C5CCCCC5)CC4)C3)CC2)CC1
C1CCC(CC2CCCCC2CC2CCC(C3CCCC3)CC2)CC1
C1CCC(CC2CCCC(C3CCCC(CCCC4CCCC(C5CCCCC5)C4)C3)C2)CC1
C1CCC(CC2CCC(C3CCC(C4CCCCC4C4CCCCC4)CC3)CC2)CC1
C1CCC(CCC2CCC(C3CCCCC3CC3CCCC(CC4CCCC4)C3)CC2)CC1
C1CCC(CCCC2CCCC(CC3CCC4CC(CCC5CCCCC5)CCC43)C2)CC1
C1CCC(C2CCCC(CCCC3CCC(C4CCCC4)CC3)C2)CC1
C1CCC(C2CCCC(C3CCCC(C4CCCC(CCC5CCCC5)C4)C3)C2)CC1
C1CCC(C2CCC(CCCC3CCC(C45CC(C4)C5)CC3)CC2)CC1
C1CCC(CC2CCCCC2C2CCCCC2)CC1
C1CCC(CCC2CCC3CCC(C4CCCCC4)C3C2)CC1
C1CCC(C2CCC(C3CCCCC3)CC2)CC1
C1CCC(CC2CCC(CC3CCC(CC4CCCCC4C4CCCCC4)CC3)CC2)CC1
C1CCC(CC2CCCCC2)CC1
C(CCCC1CC1)CCCC1CCCC(CCCC2CCCCC2)C1
C1CCC(C2CCC(C3CCCCC3C3CCCCC3)CC2)CC1
C1CCC(CC2CCCC(CCC3CCC(C4CCCCC4)CC3)C2)CC1
C1CCC(C2CCCC(C3CCCCC3C3CCC(C4CC4)CC3)C2)CC1
C1CCC(C2CCC(C3CCCCC3)CC2)CC1
C1CCC(CCCC2CCCCC2C2CCCCC2)CC1
C1CCC(CC2CCC(C3CCCC3)CC2)CC1
C1CCC(CC2CCCCC2C2CCC3CCCCC3C2)CC1
C1CCC(C2CC(CCC3CCC(CC4CCC(CC5CCCC5)CC4)CC3)C3CCCCC32)CC1
C1CCC(C2CCCC(CC3CC3)C2)CC1
C1CCC(CCC2CC(CCCC3CCC(C4CCC5CCCCC54)CC3)C3CCCCC23)CC1
C1CCC(C2CCCC(CCCCCC3CC(C4CCCCC4)C4CCCCC34)C2)CC1
C1CCC(CCCCC2CCCCC2C2CCCCC2)CC1
C1CCC(CCC2CCC(C3CC4CCCCC4C3)CC2)CC1
C1CCC(C2CCC(CC3CCC(CC4CCCC(CCCCC5CCCC5)C4)CC3)CC2)CC1
C1CCC(CCC2CCCC(CCCCC3CCCCC3CC3CCCCC3)C2)CC1
C1CCC(CC2CCCCC2CC2CCCCC2)CC1
C1CCC(CC2CCCC(CC3CCC(C4CC(C5CCCCC5)C4)CC3)C2)CC1
C1CCC(CC2CCC(CCC3CCC(CC4CCCCC4)CC3)CC2)CC1
C1CCC(C2CCC(CC3CCCC(C4CCCCC4)C3)CC2)CC1
C1CCC(CC2CCC(CC3CCC(CCC4CCC(C5CCCCC5)CC4)C3)CC2)CC1
C1CCC(CCCCC2CC(C3CCCC3)CCC2C2CC(CC3CCCC3)C3CCCCC32)CC1
C1CCC(CC2CCCC(C3CCCC(C4CCCCC4)C3)C2)CC1
C1CCC(C2CCCC(C3CCCC(C4CCCC(C5CCCCC5)C4)C3)C2)CC1
C1CCC(C2CCCC(CCC3CCCC3)C2)CC1
C1CCC(CC2CCC(C3CCCCC3)CC2)CC1
C1CCC(CCC2CC(C3CCCC4CCCCC43)C3CCCCC23)CC1
C1CCC(CC2CCC(CC3CCCC3)CC2)CC1
C1CCC(CC2CC(CC(CCCCC3CC4CCCCC4C3)C3CCCCC3)C3CCCCC23)CC1
C1CCC(CC2CCCC3CC(C4CCCCC4C4CCC5CCCC5C4)CCC23)CC1
C1CCC(C2CCCC(C3CCCCC3)C2)CC1
C1CCC(C2CCCCC2C2CCC(C3CCCCC3C3CCCCC3)C2)CC1
C1CCC(CC2CCC(CC3CCCCC3C3CCCCC3)CC2)CC1
C1CCC(CCCCC2CCCC(CCCCC3CCCCC3)C2)CC1
C1CCC(CCC2CCCCC2C2CC3CCCCC3C(C3CCCCC3)C2)CC1
C1CCC(C2CCCCC2C2CCCCC2)CC1
C1CCC(CC2CCCCC2CC2CCC(C3CCCC3)CC2)CC1
C1CCC(CCC2CCC(C3CCCC(CCC4CCCCC4)C3)CC2)CC1
C1CCC(CC2CCC(C3CCCCC3CC3CCCCC3)CC2)CC1
C1CCC(C2CCCC(C3CCC(C4CCCCC4C4CCCC4)CC3)C2)C1
C1CCC(C2CC(CC3CCC4CCCCC4C3)C3CCCCC32)CC1
C1CCC2CC(C3CCC(C4CCCC(C5CCCC(CCC6CC6)C5)C4)CC3)CCC2C1
C1CCC(CCCCC2CCCC(C3CCC(CCCC4CCCC(CC5CCCCC5)C4)CC3)C2)CC1
C1CCC(C2CCC(C3CCCCC3)CC2)CC1
C1CCC(C2CCCC(C3CCCCC3C3CCCCC3)C2)CC1
C1CCC(CCCC2CCCC(C3CCCCC3)C2)CC1
C1CCC(C2CCC(CC3CCCC(CCC4CCC5CCCCC54)C3)CC2CCC2CCCC2)CC1
C1CCC(CCCC2CCC(CCC3CCC(CCC4CC5CCCCC5C4)CC3)CC2)CC1
C1CCC(CC2CCC(C3CCCCC3)C(C3CCCCC3C3CCC4CCCCC4C3)C2)CC1
C1CCC(CCC2CCCC(C3CCCCC3)C2)CC1
C1CCC(C2CCC(C3CCCC(C4CCCCC4C4CCC5CCCCC5C4)C3)CC2)C1
C1CCC(CC2CC3CCC(C4CCC5CCCCC54)CC3C(C3CCCCC3)C2)CC1
C1CCC(CC2CCC(C3CC(C4CCCCC4)CC(C4CCCCC4)C3)CC2)CC1
C1CCC(CC2CCC(CC3CCC(CC4CCCCC4)CC3)CC2)CC1
C1CCC(C2CCC(CCCC3CCC4CCCC4C3)CC2)CC1
C1CCC(CCC2CCCC(C3CCC4CCC(CC5CCCCC5)CC43)C2)CC1
C1CCC(C2CCC(CC3CCC(C4CCCCC4)C(C4CCCCC4)C3)CC2)CC1
C1CCC(C2CCCC(C3CCCC(C4CCCCC4)C3)C2)CC1
C1CCC(CC2CCCC(CC3CCC(C4CCCCC4)CC3)C2)CC1
C1CCC(CCC2CCCC3CCC(C4CCCCC4)CC23)CC1
C1CCC(C2CCCC(CCCC3CCC4CCCCC43)C2)CC1
C1CCC(C2CCCC(C3CCCC(C4CCCCC4)C3)C2)CC1
C1CC2CCC(CC3CCCCC3C3CCCCC3C3CCC4CCCC4C3)CC2C1
C1CCC(CC2CCCCC2CCCCC2CCC(C3CCCCC3)CC2)CC1
C1CCC(CCC2CCCC(C3CCCCC3)C2)CC1
C1CCC(CCCCC2CCC(CC3CCCCC3)CC2)CC1
C1CCC(C2CCCCC2CC2CCC(C3CCCC3)CC2)CC1
C1CCC(C2CCC(C3CCCCC3)CC2)CC1
C1CCC(CC2CCC(CC3CCCC(CC4CCCCC4C4CCCCC4)C3)CC2)CC1
C1CCC(CC2CCCCC2C2CC3CCC(C4CCCCC4)CC3C(C3CCCC3)C2)CC1
C1CCC(CCC2CCC(C3CCCC(CCC4CCCCC4)C3)CC2)CC1
C1CCC(C2CCCC(CCC3CCCCC3C3CCCC(C4CCCCC4)C3)C2)CC1
C1CCC(CCCC2CCC3C(CC4CCCCC4)CCCC3C2)CC1
C1CCC(CC2CCCCC2C2CCC(C3CCCCC3)CC2)CC1
C1CCC(CCCC2CCCCC2C2CCCC(C3CCCCC3)C2)CC1
C1CCC(CC2CCCC(C3CCCCC3)C2)CC1
C1CCC(CCCC2CCC(CC3CCC4CCCCC4C3)CC2)CC1
C1CCC(CC2CCCC(CC3CCC4C(CCC4C4CCCC4)C3)C2)CC1
C1CCC(C2CCC(C3CCCCC3C3CCCC3)CC2)CC1
C1CCC(C2CCCC(CC3CC(C4CCCCC4)C4CCCCC34)C2)CC1
C1CCC(CCCCCC2CCC(C3CCCCC3C3CCCCC3)CC2)CC1
C1CCC(C2CCC(CC3CCCC(CC4CCCC(CCC5CC6CCCCC6C5)C4)C3)CC2)CC1
C1CCC(CCC2CC(C3CCCC(CC4CCCCC4)C3)CCC2C2CCCCC2)CC1
C1CCC(CCCC(CCCC2CCCCC2)C2CCCCC2)CC1
C1CCC(CCC2CCCC(C3CCC(C4CC4)CC3)C2)CC1
C1CCC(CC2CCC(CCCC3CC(CC4CCCCC4)C4CCCCC34)CC2)CC1
C1CCC(CC2CCC(C3CCCCC3)CC2)CC1
C1CCC(CC2CCC(CC3CCC4CCC(CC5CCCCC5)CC43)CC2)CC1
C1CCC(CCC2CCCC(C3CCCC(CC4CCCCC4)C3)C2)CC1
C1CCC(CCC2CCCC(C3CCCCC3)C2)CC1
C1CCC(CC2CCC(CC3CCC(C4CCCC(C5CCCCC5)C4)CC3)CC2)CC1
C1CCC(CCC2CCCC(C3CCC(CC4CCC(C5CC5)CC4)CC3)C2)CC1
C1CCC(CC2CCC(C3CCCC(C4CC4)C3)CC2)CC1
C1CCC(CC2CCC(CC3CCCCC3)CC2)CC1
C1CCC(CCC2CCCCC2C2CCCC(C3CCCCC3)C2)CC1
C1CCC(C2CCC(C3CCCCC3)CC2)CC1
C1CCC(CC2CCCC(C3CCC4CCC(C5CCCCC5)CC43)C2)CC1
C1CCC(CC2CCC3C(CCC3CC3CCCCC3C3CCCCC3)C2)CC1
C1CCC(CC2CC(C3CCC4CCCCC43)CC3CCCCC32)CC1
C1CCC(C2CCC(CC3CC4CCCCC4C3)CC2)CC1
C1CCC(C2CCC3C(CC4CCCC4)CC(C4CCCCC4CC4CCCC4)C3C2)CC1
C1CCC(C2CCC(CC3CCCC3)CC2)CC1
C1CCC(CC2CCC(C3CCC(CCC4CCC5CCCCC54)CC3)CC2)CC1
C1CCC(C2CCCC(CC3CCC4CCCCC43)C2)CC1
C1CCC(CC2CCCC(C3CCCCC3)C2)CC1
C1CCC(C2CCC(C3CCCC4CCC(C5CCCCC5)CC43)C2)CC1
C(CCCC1CC2CCCCC2C1)CCC1CCCCC1
C1CCC(C2CCC3CC(C4CCC5CCCC5C4)CCC32)CC1
C1CCC(C2CC(C3CCC4CCCCC43)CC3CCC(CCC4CCCC(CC5CC5)C4)CC32)CC1
C1CCC(CC2CCC(CC3CCC(C4CCC5CCCCC5C4)CC3)CC2)CC1
C1CCC(CCC2CCCC(CCC3CCCCC3C3CCCCC3)C2)CC1
C1CCC(C2CCC(CC3CCC(CCC4CCCCC4C4CCCCC4)CC3)CC2)CC1
C1CCC(CCCC2CCCC(C3CCCCC3)C2)CC1
C1CCC(CCCCC2CCCCC2C2CCCCC2)CC1
C1CCC(CC2CCC(C3CCC(C4CCC4)CC3)CC2)CC1
C1CCC(CCCC2CCCCC2CCC2CCCCC2)CC1
C1CCC(CC2CC2)CC1
C1CCC(CC2CCC(C3CCCCC3)CC2)CC1
C1CCC(C2CCCC(C3CCCCC3)C2)CC1
C1CCC(CCC2CCC(CCCC3CCCC(C4CCC4)C3)CC2)CC1
C1CCC(CC2CCCC(CCCC3CCCCC3C3CCC4CCCC4C3)C2)CC1
C1CCC(CC2CCC(CCCC3CC(CC4CCCCC4)CC(C4CCCCC4)C3)CC2)CC1
C1CCC(C2CCCC(CC3CCCC(C4CCCCC4)C3)C2)CC1
C1CCC(CCC2CCCC(CC3CCC(C4CCCC(CC5CC6CCCCC6C5)C4)CC3)C2)C1
C1CCC(CCCC2CCCCC2)CC1
C1CCC(CCC2CCCC(CC3CCC(CC4CCCCC4)CC3)C2)CC1
C1CCC(CC2CCC(C3CCCCC3)CC2)CC1
C1CCC(C2CC(C3CCCCC3)CC(C3CCCCC3)C2)CC1
C(CCC1CC2CCCCC2C1)CCC1CCCC(C2CCCCC2C2CCCCC2)C1
C1CCC(CC2CCCC(CCC3CCCCC3C3CCCCC3)C2)CC1
C1CCC(C2CCC(CC3CCC(CCCCC4CC5CCCCC5C4)CC3)CC2)CC1
C1CCC(C2CCCCC2)CC1
C1CCC(CCCCC2CCC(C3CCC4CCCCC43)CC2)CC1
C1CCC(CC2CCC(C3CCCC(CCC4CCC5CCCCC5C4)C3)C2)CC1
C1CCC(CC2CCC(C3CCCC3)C(C3CCCC(C4CCCCC4)C3)C2)CC1
C1CCC(CCC2CCCC(C3CCC(C4CCCCC4C4CCC5CCCCC54)CC3)C2)CC1
C1CCC(CC2CCCC(C3CCC(C4CCCCC4)CC3)C2)CC1
C1CCC(C2CCCCC2CC2CCCC(C3CCCC(C4CCCC4)C3)C2)CC1
C1CCC(CCCC(C2CCC(CCC3CC3)CC2)C2CCC3CCCC3C2)CC1
C1CCC(CC2CC(CC3CCCCC3)CC(CC3CC3)C2)CC1
C1CCC(C2CCCC(C3CCCCC3)C2)CC1
C1CCC(CC2CCC(CC3CCC(CCC4CCCC(C5CCCCC5)C4)CC3)CC2)CC1
C1CCC(C2CCC(CC3CCC(C4CCC(C5CCCCC5)CC4)C(C4CCCCC4)C3)CC2)CC1
C1CCC(CCC2CCCC(C3CCC(CC4CCCCC4)C(C4CCCCC4)C3)C2)CC1
C1CCC(CC2CCC(C3CCCCC3C3CCCCC3)CC2)CC1
C1CCC(CCC2CCCC(CC3CCCCC3C3CCCCC3)C2)CC1
C1CCC(CC2CCC(CC3CCCCC3)CC2)CC1
C1CCC(CC2CCC(C3CCCC(CC4CCCCC4)C3)CC2)CC1
C1CCC(CC2CCC(C3CCCCC3)CC2)CC1
C1CCC(CC2CCC(C3CCCCC3C3CCCCC3CC3CCC(CC4CCCC4)CC3)CC2)CC1
C1CCC(C2CCC(C3CCCCC3)C(CCC3CCCC4CCCCC43)C2)CC1
C1CCC(CCCC2CCCC(C3CCCC(CC4CCCCC4)C3)C2)CC1
C1CCC(CCC2CCC(C3CCCC3)CC2)CC1
C1CCC(CCCC2CCC(CC3CCCCC3CC3CCCCC3)CC2)CC1
C1CCC(C2CCCC(CC(C3CCCCC3)C3CCC(C4CCCCC4)C3)C2)CC1
C1CCC(C2CC(C3CCCCC3)C3CCCCC23)CC1
C1CCC(CCC2CCC(C3CCCCC3)CC2)CC1
C1CCC(CCC2CCCC(CC3CCCCC3C3CCC4CCCC4C3)C2)CC1
C1CCC(C2CCCC(C3CCCCC3C3CCCCC3)C2)CC1
C1CCC2CC(CCC3CCC(CCC4CCC5CCCCC54)CC3)CCC2C1
C1CCC(CC2CCC(CC3CCCCC3)CC2)CC1
C1CCC(C2CCCCC2C2CCC3CCCC3C2)CC1
C1CCC(CC2CCCCC2CCC2CCC(C3CCCCC3)CC2)CC1
C1CCC(C2CCCC(C3CCCCC3C3CCCC3)C2)CC1
C1CCC(CC2CCC(CC3CCC4CCCC4C3)CC2)CC1
C1CCC(CCC2CCC(CC3CCC(CC4CCCCC4)CC3)CC2)CC1
C1CCC(CCC2CCCC(C3CCCCC3CCC3CC4CCCCC4C3)C2)CC1
C1CCC(C2CCC(CCC3CCCCC3C3CCCC3)C(C3CCCCC3)C2)CC1
C1CCC(CC2CCC(C3CCCCC3)CC2)CC1
C1CCC(CC2CCC(C3CCC(CCC4CC4)CC3)CC2)CC1
C1CCC(CC2CCC(CCC3CCCCC3C3CCCCC3)CC2)CC1
C1CCC(C2CCC(C3CCC4C(CCCC4C4CCCCC4)C3)CC2)CC1
C1CCC(CC2CCC(CC3CCC(C4CCC(C5CCCCC5)CC4)CC3)CC2)CC1
C(CCCC1CCC(CC2CC2)C(CC2CC2)C1)CCC1CCCCC1
C1CCC(C2CCCC(C3CCCC(C4CCCCC4)C3)C2)CC1
C1CCC(C2CCC(CCCC3CCCC(C4CC4)C3)CC2)CC1
C1CCC(CC2CCCC(C3CCCC(CC4CCCCC4C4CCCC4)C3)C2)CC1
C1CCC(C2CCC(CC3CCCC(C4CCCCC4)C3)CC2)CC1
C1CCC(CC2CCCC(C3CCC4CCCC4C3)C2)CC1
C1CCC(CC2CCC(CCC3CCCC(C4CCCC4)C3)CC2)CC1
C1CCC(CC2CCC(CCCC3CCCCC3CC3CCCCC3)CC2)CC1
C1CCC(C2CCC(CC3CCC(C4CCCC4)CC3)CC2)CC1
C1CCC(C2CCCC(C3CCCC3)C2C2CCCCC2)CC1
C1CCC(C2CC(C3CCCCC3)CC(C3CCCCC3)C2)CC1
C1CCC(CC2CCCCC2CC2CCCC(C3CCC(CC4CCC(C5CC5)CC4)CC3)C2)CC1
C1CCC(CC2CCCCC2C2CCCC(CC3CC(CC4CCCCC4)C4CCCCC34)C2)CC1
C1CCC(C2CCCCC2CC2CCC(C3CC(C4CCCC4)C4CCCCC34)CC2)CC1
C1CCC(C2CCC(C3CCCCC3)C(C3CCCC3)C2)CC1
C1CCC(CCCCC2CCC(CCCC3CC(CC4CCCCC4)C4CCCCC34)CC2)CC1
C1CCC(CCCC2CCCC(C3CCC(C4CCCCC4)CC3)C2)CC1
C1CCC(CC2CCCC(CC3CCC(CC4CCC(CC5CCCC5)CC4)CC3)C2)CC1
C1CCC(C2CCCC(CC3CCCC(C4CCCCC4)C3)C2)CC1
C1CCC(C2CCCC(CC3CC4CCCCC4C3)C2)CC1
C1CCC(CCC2CCC(CC3CCC(CCC4CCCCC4)CC3)CC2)CC1
C1CCC(CCC2CCCC(C3CCCCC3)C2)CC1
C1CCC(C2CCCCC2CCCC2CCC(C3CC4CCCCC4C3)CC2)CC1
C1CCC(CCCCC2CCC(C3CCCCC3)CC2)CC1
C1CCC(CCC(C2CCCC2)C2CCCCC2C2CCCC2)CC1
C1CCC(C2CCCC(C3CCCC(C4CC5CCCCC5C4)C3)C2)C1
C1CCC(CC2CCC(CC3CCC(C4CCCCC4)CC3)CC2)CC1
C(CCC1CC1)CCC1CCC(CCC2CCC(CC3CCCCC3)CC2)CC1
C1CCC(CCC2CCC(C3CCCCC3)C(C3CCCC3)C2)CC1
C1CCC(C2CCC(CC3CCCC4CC(C5CCCCC5)CCC34)CC2)CC1
C1CCC(CC2CCCC(CCC3CCCC(C4CCCCC4)C3)C2)CC1
C1CCC(C2CCC(C3CCCCC3)CC2)CC1
C1CCC(CCCC2CCCC(CCCC3CCCC(C4CCCCC4)C3)C2)CC1
C1CCC(CC2CCCC(C(CC3CCCCC3C3CCCCC3)C3CCCCC3)C2)CC1
C1CCC(CC2CCC(CC3CCCCC3CC3CCCC3)CC2)CC1
C1CCC(C2CCC(CC3CCC(CCCC4CC4)CC3)CC2)CC1
C1CCC(C2CCCC(CCC3CCC(C4CCC4)CC3)C2)CC1
C1CCC(C2CCC(CC3CCC(CC4CCC(CC5CCCC5)CC4)CC3)CC2)CC1
C1CCC(CCC2CCCC(C3CCC4CCCC4C3)C2)CC1
C1CCC(C2CCCC(CCC3CCC(C4CCCC4)CC3)C2)CC1
C1CCC(C2CCCCC2CC2CCCC2)CC1
C1CCC(CCCCC2CCCC(C3CCCCC3)C2)CC1
C1CCC(C2CC(C3CCCC(C4CCCC(C5CCC5)C4)C3)C3CCCCC23)CC1
C1CCC(C2CCC(C3CCC4C(CCC4C4CCCCC4)C3)C(C3CCCC3)C2)CC1
C1CCC(CCCC2CCC(C3CCCC(CCCC4CCCCC4)C3)CC2)CC1
C1CCC(CCCC2CCC(C3CCCCC3)CC2)CC1
C1CCC(C2CCCC(C3CCCC(C4CCCCC4)C3)C2)CC1
C1CCC(CCCCCC2CCC(CC3CCCC(CC4CCCCC4)C3)CC2)CC1
C1CCC(CC2CCC(CC3CCCCC3)CC2)CC1
C1CCC(C2CCCCC2CCCC2CCC(C3CCCCC3C3CCCCC3)CC2)CC1
C1CCC(C2CCC(CCC3CCCC(C4CCCCC4)C3)CC2)CC1
C1CCC(CC2CCC(C3CCC(C4CCC(C5CCC(C6CCCC6)C(C6CCCCC6)C5)CC4)CC3)C2)CC1
C1CCC(C2CCC(CCCC3CC(C4CCC4)CC(C4CCCC(C5CCCCC5)C4)C3)CC2)CC1
C1CCC(CCC2CCCC(C3CCCCC3)C2)CC1
C1CCC(CCCC2CCCC(CC3CCC(C4CCCCC4)CC3)C2)CC1
C1CCC(CCCC2CCC(C3CCCCC3)CC2)CC1
C1CCC(CCC2CCCC3CC(C4CCC5CCCCC5C4)CCC23)CC1
C1CCC(CC2CCCC(CCC3CCC(C4CCC(CCC5CCCC5)CC4)CC3)C2)CC1
C1CCC(C2CCC(CC3CCC4CCCC4C3)CC2)CC1
C1CCC(C2CCCC(CCC3CC(C4CCCCC4)C4CC(C5CCCC5)CCC34)C2)CC1
C1CCC(CC2CCC(C3CCCCC3C3CCCCC3)CC2)CC1
C1CCC(CC2CCCCC2)CC1
C1CCC(CC2CCCC(CC3CC4CCCCC4C3)C2)CC1
C1CCC(C2CCCC(CC3CCCC(C4CCCCC4)C3)C2)CC1
C1CCC(CCC2CCC(C3CCCC3)CC2CCC2CCCCC2)CC1
C1CCC(CCCCC2CCCC(C3CCCCC3)C2)CC1
C1CCC(CCCC2CCC(CCCCCC3CCCC(C4CCCCC4)C3)CC2)CC1
C1CCC(CC2CCC(C3CCCC(C4CCCC(C5CC5)C4)C3)CC2)CC1
C1CCC2CC(C3CCCC(CC4CC(C5CCCC5)CCC4CC4CCC5CCCCC54)C3)CCC2C1
C1CCC(C2CCCC(CC3CCC(CCC4CC5CCCCC5C4)C(C4CCCCC4)C3)C2)CC1
C1CCC(CC2CCC(C3CCCCC3)C(C3CCCCC3)C2)CC1
C1CCC(CC2CCC(CCC3CC4CCCCC4C3)CC2C2CCCCC2)CC1
C1CCC(CCC2CCC(CC3CCC(C4CCCC(C5CCCC5)C4)CC3)CC2)CC1
C1CCC(CC2CCC(CCCC3CCCC(CC4CCCCC4)C3)CC2)CC1
C1CCC(CC2CCC(CC3CCCCC3CC3CCCCC3)C2)CC1
C1CCC(CC2CCC(CCCC3CCC(CC4CCCCC4)CC3)CC2)CC1
C1CCC(C2CCC(C3CCC(C4CC(C5CCCCC5)C4)CC3)CC2)CC1
C1CCC(C2CCC(C3CCCCC3)CC2)CC1
C1CCC(C2CCC(CCCCC3CCCC(C4CCCC(C5CCCCC5)C4)C3)CC2)CC1
C1CCC(CCCCCC2CCCC3CCCCC23)CC1
C1CCC(C2CCCC(C3CCCCC3)C2)CC1
C1CCC(CC2CC(C3CC(C4CCCCC4)CC(C4CCC4)C3)C3CCCCC23)CC1
C1CCC(CC2CCCC(C3CC(C4CCCC4)C4CCCCC34)C2)CC1
C1CCC(C2CCCC(C3CCCCC3)C2)CC1
C1CCC(CC2CC(C3CCC(C4CCCCC4)CC3)C3CCCCC23)CC1
C1CCC(C2CCC(C3CCC(C4CCCC4)CC3)C(C3CCCCC3)C2)CC1
C1CCC(CC2CCC(CC3CCC(C4CC(CC5CC5)C5CCCCC54)CC3)CC2)CC1
C1CCC(CCCC2CCC(CC3CCC(C4CCCC(CCC5CCCCC5)C4)CC3)CC2)CC1
C1CCC(CCC(C2CCCCC2)C2CCCC(C3CCCCC3)C2)CC1
C1CCC(CC2CCCCC2C2CCCCC2)CC1
C1CCC(CC2CCC(CC3CCCCC3)CC2)CC1
C1CCC(C2CCC(C3CCC(C4CCC(C5CCC6CCCCC65)CC4)CC3)CC2)C1
C1CCC(CC2CCC(C3CCCC(C4CCC5CCCC5C4)C3)CC2)CC1
C1CCC(CC2CCC3CC(C4CCC5CCCCC54)CC(CC4CCCCC4)C3C2)CC1
C1CCC(CCC2CCC(CC3CCCC(CC4CCCC(CC5CCCC5)C4)C3)C2)CC1
C1CCC(CC2CCC(CC3CCCC(C4CC5CCCCC5C4)C3)CC2)CC1
C1CCC(CC2CCC(C3CCCCC3)CC2)CC1
C1CCC(C2CCC(C3CCC(CCC4CCC5CCCC5C4)CC3)CC2)CC1
C1CCC(CC2CCC(C3CC(C4CCCCC4)C3)CC2)CC1
C1CCC(CC2CCCC(C3CCC(CC4CCC(C5CCCCC5)CC4)CC3)C2)CC1
C1CCC(C2CCC(CCCC3CCC(C4CCCC4)CC3)CC2)CC1
C1CCC(CCCCCC2CCC(CC3CCC(C4CCC(C5CCCCC5)CC4)CC3)CC2)CC1
C1CCC(C2CCCCC2C2CCCC(C3CCCC(C4CCCC4)C3)C2)CC1
C1CCC(C2CCC(CCC3CCCC(C4CCCCC4)C3)CC2)CC1
C1CCC(C2CCC(CC3CCC(CC4CC5CCCCC5C4)CC3)CC2)CC1
C1CCC(CCC2CCC(CC3CCC(CCCC4CC5CCCCC5C4)CC3)CC2)CC1
C(CCCC1CCCCC1)CCCC1CCCC(CC2CCCCC2)C1
C1CCC(CC2CCCC2C2CCC3C(CC4CCC5C(CCC5C5CCCCC5)C4)CCCC3C2)CC1
C1CCC(CC2CC(C3CCCCC3)C3CCC4CCCCC4C3C2)CC1
C1CCC(CCC2CCC(CC3CCC(C4CCCCC4)CC3)CC2)CC1
C1CCC(CC2CCC(CC3CCCCC3C3CCCCC3CC3CCCCC3)CC2)CC1
C1CCC(CCC2CCCCC2C2CCCCC2C2CCCC(C3CCCCC3)C2)CC1
C1CCC(CCC2CC(C3CCCC3)CC(CCC3CCCCC3)C2CC2CCCCC2)CC1
C1CCC(CCCC2CCC(CC3CCC(C4CCCCC4)CC3)CC2)CC1
C1CCC(CC2CCC(CCC3CCCC3)CC2)CC1
C1CCC(CC2CCCC(C3CCCC4CC(C5CCCCC5)CCC43)C2)CC1
C1CCC(CCC2CCC(C3CCCCC3)CC2)CC1
C1CCC(CCC2CCC(C3CCCCC3C3CCCCC3)CC2)CC1
C1CCC(C2CCCC(C3CCCCC3)C2)CC1
C1CCC(CCCCCC2CCCC(CC3CCCCC3)C2)CC1
C1CCC(CCC2CCC(C3CCCCC3)CC2)CC1
C1CCC(CCCCCC2CCCCC2CC2CCCCC2)CC1
C1CCC(C2CCCC(C3CCC(CC4CC4)CC3C3CCCC3)C2)CC1
C1CCC(C2CCC(CC3CC4CCCCC4C3)CC2)CC1
C1CCC(C2CC(C3CCCCC3C3CCCC3)C3CCCCC23)CC1
C1CCC(C2CCCC(C3CCCC(C4CCCC4)C3)C2)CC1
C1CCC(CC2CCC3C(C2)C(C2CCCCC2)CC3C2CCCCC2C2CCCCC2)CC1
C1CCC(CC2CCC(C3CCCCC3)CC2)CC1
C1CCC(CC2CC(CC(CCC3CCC(C4CCC4)CC3)C3CCCCC3)C3CCCCC23)CC1
C1CCC(CCC2CCCCC2)CC1
C1CCC(CCC2CCC(CCC3CCC(C4CCCCC4)CC3)CC2)CC1
C1CCC(C2CCC(C3CCCC(C4CCCCC4)C3)CC2)CC1
C1CCC(CC2CCC(C3CCCCC3)CC2)CC1
C1CCC(CCC2CCCC3CCCCC32)CC1
C1CCC(CCCC2CCCCC2)CC1
C1CCC2C(C1)CCCC2CCCC1CCCC2CC(C3CCCC4CCCCC43)CCC12
C1CCC(CCC2CCCCC2)CC1
C1CCC(C2CCC(CC3CC(C4CCCCC4)C4CCCCC34)CC2)CC1
C1CCC(C2CCC(C3CCCC(CCC4CCCC(C5CCCC5)C4)C3)CC2)CC1
C1CCC(C2CCC(C3CCC(CCC4CCCC4)CC3)CC2)CC1
C1CCC(CC2CCCCC2)CC1
C1CCC(CC2CCCC(C3CCCCC3)C2)CC1
C1CCC(CCC2CCCCC2C2CCCCC2)CC1
C1CCC(CCCC2CCC3CC(C4CCCCC4)CC(C4CCCCC4)C3C2)CC1
C1CCC(CC2CCC(C3CCC(C4CC4)CC3)CC2)CC1
C1CCC(C2CCC(CC3CCCCC3C3CCC4CCCCC43)CC2)CC1
C1CCC(CC2CCC(CCC3CCCC(C4CCCCC4)C3)CC2)CC1
C1CCC(CC2CCCC(CCC3CCCC(C4CCCCC4C4CCCC4)C3)C2)CC1
C1CCC(C2CCCC(CCCC3CCCC(C4CCCCC4)C3)C2)CC1
C1CCC(CC2CCC(C3CCCCC3C3CCCC3)C(C3CCCCC3)C2)CC1
C1CCC(CC2CCC(C3CCCCC3)CC2)CC1
C1CCC(CC2CCC(CC3CCC(CC4CCCCC4CC4CCCCC4)C3)CC2)CC1
C1CCC(CCCCC2CCCC(C3CCCCC3)C2)CC1
C1CCC(CC2CCC3CCCC(CC4CCCCC4)C3C2)CC1
C1CCC(CC2CCC(CC3CCCCC3)CC2)CC1
C1CCC(C2CCC(C3CCCCC3)C(CCCCCC3CCCC3)C2)CC1
C1CCC(C2CCC(CC3CC4CCC(C5CCCCC5)CC4C(C4CCCCC4)C3)CC2)CC1
C1CCC(C2CCCC(C3CC(C4CCCCC4)CC(C4CC4)C3)C2)CC1
C1CCC(CCC2CCC(CC3CCCCC3CCC3CC4CCCCC4C3)CC2)CC1
C1CCC(CC2CCCC(C3CCC(C4CCCCC4)CC3)C2)CC1
C1CCC(C2CCC(C3CCC(C4CCCC4)CC3)CC2)CC1
C1CCC(CCCC2CCC(CC3CCCCC3)CC2CCCC2CCCCC2C2CCCC2)CC1
C1CCC(CC2CCCC(C3CC(CC4CCCC4)C4CCCCC43)C2)CC1
C1CCC(C2CCCC(C3CCCCC3)C2)CC1
C1CCC(C2CCCC(CC3CCCC(CC4CCCCC4C4CCCC4)C3)C2)CC1
C1CCC(CC2CCC(CCC3CCCC(C4CCC(C5CCCC5)CC4)C3)CC2)CC1
C1CCC(C2CCC3C(CCC3C3CCC(C4CCCC4)CC3)C2)CC1
C1CCC(C2CCCCC2CC2CCC(CC3CCCCC3C3CCCCC3)CC2)CC1
C1CCC(CCC2CCCCC2CC2CCC(C3CCCCC3)CC2C2CCCC2)CC1
C1CCC(CC2CCCC(C3CC(CC4CCCCC4)C4CCCCC43)C2)CC1
C1CCC(CCCCCC2CCCC(C3CCCCC3)C2)CC1
C1CCC(CCC2CCC(CC3CCCCC3)CC2)CC1
C1CCC(CCC2CCC(CCC3CCCCC3)CC2)CC1
C1CCC(CC(C2CCCC(C3CCCCC3)C2)C2CCCCC2CC2CC2)CC1
C1CCC(CC2CCCC(C3CCCC(C4CC(CC5CCCCC5)C5CCCCC54)C3)C2)CC1
C1CCC(CC2CCCC(CCC3CCCCC3C3CCCCC3)C2)CC1
C1CCC(C2CCCC(C3CCC(C4CCCC4)C(C4CCCC4)C3)C2)CC1
C1CCC(C2CCC(C3CCCC(CCC4CC4)C3)C(C3CCC4CCCC4C3)C2)C1
C1CCC(C2CCC3CC(C4CCC5CCCCC54)CCC3C2)CC1
C1CCC(CC2CCCC(C3CCC(C4CC(C5CCCC5)C5CCCCC45)CC3)C2)CC1
C1CCC(CC2CC(C3CCCCC3)CC(C3CCCC(C4CCCCC4)C3)C2)CC1
C1CCC(C2CCC(C3CCCCC3C3CCCCC3)CC2)CC1
C1CCC(C2CCC(C3CCCCC3C3CCC4CCCC4C3)C3CCCC23)CC1
C1CCC(CC2CCCC(CCCC3CCCC(C4CCCCC4)C3)C2)CC1
C1CCC(C2CCC(C3CCC(C4CCCCC4)C3C3CCCCC3)CC2)CC1
C(CCCCC1CCC(CC2CCC(CC3CCCCC3)CC2)CC1)CCCC1CCCCC1
C1CCC(C2CCC(C3CCCC(C4CCCC4)C3)CC2)CC1
C1CCC(C2CCC(CC3CCC3)CC2)CC1
C1CCC(CCCCCC2CCC(CC3CCC(C4CCCCC4)CC3)CC2)CC1
C1CCC(C2CCCC3CC(C4CCCCC4CCCC4CCC5CCCCC5C4)CCC32)CC1
C1CCC(C2CCC(C3CC(C4CCCCC4)CC(C4CCC4)C3)CC2)CC1
C1CCC(C2CCC(CC3CCCCC3C3CCCC(C4CCCC4)C3)CC2)CC1
C1CCC(CCCC2CCCC(CC3CCCCC3)C2)CC1
C1CCC(C2CCCC(CC3CCCC(C4CCC(C5CCCC5)CC4)C3)C2)CC1
C1CCC(C2CCC(C3CCC(C4CCCC(C5CCC(C6CCCC6)CC5)C4)CC3)CC2)C1
C1CCC(CC2CCCC(CCCC3CCC(CC4CCCC4)CC3)C2)CC1
C1CCC(C2CCCCC2)CC1
C1CCC(CC2CCCC(C3CC(C4CCCCC4)CC(C4CCCCC4)C3)C2)CC1
C1CCC(CC2CCC(CC3CCC(CCCCCC4CC5CCCCC5C4)CC3)CC2)CC1
C1CCC(CCC2CCC(CC3CCCCC3)CC2)CC1
C1CCC(CC2CCCC(CC3CCCC(C4CCCCC4)C3)C2)CC1
C1CCC(C2CCC(C3CCCC(C4CCCCC4)C3)CC2)CC1
C1CCC(CC2CC(CC3CCCC(C4CCCCC4)C3)C3CCCCC23)CC1
C1CCC(CC2CCC(CC3CCC(CCC4CC5CCCCC5C4)CC3)CC2)CC1
C1CCC(CCC2CCCCC2CC2CCCC(C3CCCCC3)C2)CC1
C1CCC(CC2CC(C3CCCCC3C3CCCCC3)C3CCCCC23)CC1
C1CCC(CC2CCC(C3CCCC(C4CCCCC4)C3)CC2)CC1
C1CCC(C2CCC(C3CCCC4CCC(C5CCCCC5C5CCCC5)CC43)C2)C1
C1CCC(CC2CCCCC2CC2CCCCC2)CC1
C1CCC(CC2CCCC(CC3CCCC(C(C4CCCCC4)C4CCCCC4)C3)C2)CC1
C1CCC(CC2CCCC(CCC(C3CCCCC3)C3CCCCC3)C2)CC1
C1CCC(C2CCC3CC(C4CCC5CCCCC54)CCC3C2)CC1
C1CCC(CCC2CCC(C3CCC(C4CCCC(CC5CCCCC5)C4)CC3)CC2)CC1
C1CCC(C2CCC(C3CCC(CC4CC4)CC3)CC2C2CCCCC2)CC1
C1CCC(C2CCCC(C3CCCCC3CCC3CCCCC3C3CCCC3)C2)CC1
C1CCC(CC2CCCCC2C2CCC3CCCCC32)CC1
C1CCC(CC2CC(CC3CCCCC3C3CCCCC3)C3CCCCC23)CC1
C1CCC(CC2CCC(C3CCCCC3)C(CCC3CCCCC3C3CCCCC3)C2)CC1
C1CCC(CCCCC2CCCC(C3CCC(C4CCCCC4)CC3)C2)CC1
C1CCC(C2CCC(CC3CCC(C4CCCCC4)CC3)CC2)CC1
C1CCC(CC2CCCCC2C2CCCCC2)CC1
C1CCC(CCCCC2CCCCC2)CC1
C1CCC(C2CCCCC2C2CCCCC2)CC1
C1CCC(C2CCC(CCCC3CCCCC3C3CCCCC3)CC2)CC1
C1CCC(CC2CCCC(C3CCC(CC4CCC(C5CCCCC5)CC4)CC3)C2)CC1
C1CCC(C2CCC(C3CCCCC3CC3CCCC(CC4CC5CCCCC5C4)C3)CC2)CC1
C1CCC(CCCCC2CCCCC2C2CCCCC2C2CCCC2)CC1
C1CCC(C2CCCC(C3CCCCC3CC3CCCC3)C2)CC1
C1CCC(C2CCCC(C3CCC(CCC4CCC5CCCC5C4)CC3)C2)CC1
C1CCC(CCC2CCC(CCCCC(CC3CCC4CCCC4C3)C3CCCCC3)CC2)CC1
C1CCC(CC2CCC(C3CCC(C4CCCCC4)CC3)CC2)CC1
C1CCC(CCC2CCCC(C3CCC(C4CCCCC4C4CCCCC4)CC3)C2)CC1
C1CCC(C2CCC(C3CCCCC3)CC2)CC1
C1CCC(C2CCCC3CCCCC32)CC1
C1CCC(C2CCCCC2C2CCCCC2)CC1
C1CCC(CCCCCC2CCCC(CC3CCC4CCCCC4C3)C2)CC1
C1CCC(CCCCC2CCC(CC3CCC(CC4CCCCC4)CC3)CC2)CC1
C1CCC(CC2CCC(C3CCCCC3)CC2)CC1
C1CCC(C2CCCCC2CCC2CCCCC2C2CCCCC2)CC1
C1CCC(CC2CCC(C3CC(CC4CCCCC4)C4CCCC(C5CCCCC5)C43)CC2)CC1
C1CCC(C2CCC(C3CC(C4CCC(CC5CC5)CC4)C4CCCCC34)CC2)CC1
C1CCC(CC2CCC(C3CCC(C4CC4)CC3)C(C3CCCC3)C2)CC1
C1CCC(CC2CCCC(CC3CCC(CC4CCC(C5CCCCC5)CC4)CC3)C2)CC1
C1CCC(CCC(CCC2CCCCC2)CC2CCC(C3CCCCC3)CC2CCC2CCCCC2)CC1
C1CCC(CC2CCC(CC3CCCC(CC4CCCCC4)C3)CC2)CC1
C1CCC(CC2CCC(C3CCCCC3)C(C3CCCCC3)C2)CC1
C1CCC2C(C1)CCC2C1CCCC(CC2CC(C3CCC4CCCCC43)C3CCCCC23)C1
C1CCC(CC2CCC(C3CCCC(C4CCCCC4)C3)CC2)CC1
C1CCC(C2CCCC(CC3CCCC(C4CCC5CCCC5C4)C3)C2)CC1
C1CCC(CCC2CCC(CC3CCCC(C4CCCCC4)C3)CC2)CC1
C1CCC(CC2CCC(C3CCC(C4CCCCC4)CC3)C(C3CCC4CCCC4C3)C2)CC1
C1CCC(C2CCC(CCCC3CC4CCCCC4C3)CC2)CC1
C1CCC(C2CCC(C3CCCC(C4CC(C5CCCCC5)C5CCCCC45)C3)CC2)CC1
C1CCC(CCC2CCCCC2C2CCC(C3CCCCC3)CC2)CC1
C1CCC(CC2CCC(C3CCCCC3)CC2)CC1
C(CCCC1CCC(C2CCC3CCCC(C4CCCCC4)C3C2)CC1)CCC1CCCCC1
C1CCC(CCCC2CCCCC2C2CCCCC2)CC1
C1CCC(C2CCCC(C3CCCCC3C3CCC4CCCC4C3)C2)CC1
C1CCC(CC2CC(C3CCCCC3)CC(C3CCC(C4CCCCC4)CC3)C2)CC1
C1CCC(CC2CCC(CCCCC3CCCCC3C3CCCCC3)CC2)CC1
C1CCC(CC2CCCC(CC3CCCCC3)C2)CC1
C1CCC(CC2CCCCC2C2CCC3C(CCCC3C3CCCCC3)C2)CC1
C1CCC(C2CCCCC2C2CCCC2)CC1
C1CCC(CCCC2CCCC(CC3CCCCC3)C2)CC1
C1CCC(C2CCCCC2C2CCCC(C3CCCCC3CC3CCC3)C2)CC1
C1CCC(CCC2CCC(C3CCCC(CC4CC5CCCCC5C4)C3)CC2)CC1
C1CCC(CCCCC2CCCC(C3CCC(C4CCCCC4)CC3)C2)CC1
C1CCC(CCC2CCCC(CCCCC3CCC4CC(C5CCCCC5)CCC34)C2)CC1
C1CCC(CC2CCC(CC3CCC4CCCCC4C3)CC2)CC1
C1CCC(C2CCC(C3CCCCC3)CC2)CC1
C1CCC(CCCC2CCC(C3CCCCC3)C(C3CCCCC3)C2)CC1
C1CCC(C2CCCCC2C2CCC3CCCCC3C2)CC1
C1CCC(CC2CCCC(C3CCCCC3)C2)CC1
C1CCC(CCC2CCC(C3CCCCC3C3CCCCC3)CC2)CC1
C1CCC(CC2CCCC(C3CCC(CCCC4CCC(CCC5CCCC5)CC4)CC3)C2)CC1
C1CCC(C2CCCC(CC3CCCCC3C3CCC4CCCCC4C3)C2)CC1
C1CCC(CC2CCCCC2C2CCCCC2)CC1
C1CCC(CCC2CCCCC2C2CCCCC2)CC1
C1CCC(C2CCCC(C3CCCC(C4CCCCC4)C3)C2)CC1
C1CCC(C2CCCCC2)CC1
C1CCC(CC2CCC(CCC3CCC(C4CC(CC5CCCCC5)C4)CC3)CC2)CC1
C1CCC(C2CCC(C3CC3)CC2C2CCCCC2)CC1
C1CCC(CC2CCCC(C3CCC(C4CCC5CCCCC54)CC3)C2)CC1
C1CC(CCC2CC3CCCCC3C2)CC(C2CCC(C3CC3)CC2)C1
C1CCC(CC2CCCC(CCCC3CCCC(C4CCCCC4)C3)C2)CC1
C1CCC(C2CCCCC2C2CCC3C(CC4CC5CCCCC5C4)CCCC3C2)CC1
C(CCCC1CCCCC1)CCCC1CCCC(C2CCCCC2)C1
C1CCC(C2CCC(CCC3CC4CCCCC4C3)CC2)CC1
C1CCC(CC2CCC(C3CCCC(C4CCCCC4)C3)CC2)CC1
C1CCC(CC2CCC(C3CCC(C4CCCC(C5CCCCC5)C4)CC3)CC2)CC1
C1CCC(CC2CCCC(C3CCCCC3)C2)CC1
C1CCC(C2CCCC(C3CCC(CCC4CC5CCCCC5C4)CC3)C2)CC1
C1CCC(CC2CCCCC2C2CCCCC2)CC1
C1CCC(C2CCCCC2)CC1
C1CCC(C2CCC(C3CCCC(C4CCCCC4C4CCCC4)C3)CC2)C1
C1CCC(CC2CCC(C3CCC(CC4CCCCC4)CC3)CC2)CC1
C1CC(C2CCCC(CC3CCCC(C4CCCC(CCC5CC6CCCCC6C5)C4)C3)C2)C1
C1CCC(CCC2CCCC(CC3CCC(CC4CCC(CCC5CCCC5)CC4)CC3)C2)CC1
C1CCC(C2CCCCC2CC2CCCC(C3CCCCC3C3CCCC3)C2)CC1
C1CCC(C2CCCC(CCCCC3CC4CCCCC4C3)C2)CC1
C1CCC(CC2CCC(CCC3CCCC(C4CCC(C5CCCC5)CC4)C3)CC2)CC1
C1CCC(C2CCCC(C3CCCCC3C3CCCC3)C2)CC1
C1CCC(CCC2CCCC(C3CCC(C4CCCCC4)CC3)C2)CC1
C1CCC(C2CCCC(C3CCC4CCC(C5CCCCC5)CC43)C2)CC1
C1CCC(C2CC(C3CCCCC3C3CCCCC3)C3CCCCC23)CC1
C1CCC(C2CCC(C3CCCCC3C3CCC4CCCC4C3)C(C3CCCCC3)C2)CC1
C1CCC(CC2CCC(CC3CCCCC3)CC2)CC1
C1CCC(CCCC2CCC(CC3CCC(CCC4CCCCC4)CC3)CC2)CC1
C1CCC(CC2CCCC(CCC3CCC(C4CCCC4)CC3)C2)CC1
C1CCC(C2CCCC(C3CCC(CCC4CCCCC4C4CCCCC4)CC3)C2)CC1
C1CCC(CC2CCC(CC3CCC4CCCCC43)CC2)CC1
C1CCC(CCC2CCCCC2)CC1
C1CCC(CC2CCC(CCCC3CC4CCCCC4C3)C(CC3CCCCC3)C2)CC1
C1CCC(CCC2CCCC(C3CCCCC3)C2)CC1
C1CCC(C2CCCC(CCCC3CC3)C2)CC1
C1CCC(CCCCCC2CCCC(CC3CCCC3)C2)CC1
C1CCC(CC2CCC(C3CCCC(C4CCCC4)C3)CC2C2CCCCC2)CC1
C1CCC(CC2CCCC(CCC3CCCC(CC4CC5CCCCC5C4)C3)C2)CC1
C1CCC(CC2CCCCC2C2CCCC(CC3CC4CCCCC4C3)C2)CC1
C1CCC(CC2CCCCC2CC2CCCCC2C2CCC3CCCCC3C2)CC1
C1CCC(C2CCCCC2C2CCCC(C3CCCC3)C2)CC1
C1CCC(CC2CCCC(C3CCCCC3C3CC4CCCCC4C3)C2)C1
C1CCC(CCCC2CCCC(CC3CCCCC3)C2)CC1
C1CCC(CCC2CCC(CCCC3CCCC(C4CCCCC4)C3)CC2)CC1
C1CCC(CC(CC2CCCCC2C2CCC3CCCC3C2)C2CCCCC2)CC1
C1CCC(CC2CC(C3CCCCC3)C3CCCCC23)CC1
C1CCC(CCC2CCCC(CC3CC4CCCCC4C3)C2)CC1
C1CCC(CCCC2CCCC(CCC3CCC(C4CCCC4)CC3)C2)CC1
C1CCC(CCCC2CCCC(CC3CCC(CC4CCCCC4)CC3)C2)CC1
C1CCC(CC2CCC(CC3CCCC(CC4CCCCC4)C3)CC2)CC1
C1CCC(CCCC2CCCC(C3CCCC(CC4CCCC(C5CCCCC5)C4)C3)C2)CC1
C1CCC(CCCCC2CCC(C3CCCCC3)CC2)CC1
C1CCC(CCC2CC(C3CCCCC3)CCC2C2CCCCC2)CC1
C1CCC(CCCCCC2CCC(CC3CCCCC3)CC2)CC1
C1CCC(C2CCCC(C3CCCC4CC(C5CCCCC5)CCC43)C2)CC1
C1CCC(CCC2CCC(CC3CCCCC3)C(C3CCCC3)C2)CC1
C1CCC(C2CCCCC2CC2CCCCC2C2CCC(C3CCCC3)CC2)CC1
C1CCC(CC2CCCC(C3CCCCC3)C2)CC1
C1CCC(CCC2CCCC(C3CCCC(C4CCCCC4)C3)C2)CC1
C1CCC(CCC2CCCC(C3CC(C4CCCCC4)CC(C4CCCC4)C3)C2)CC1
C1CCC(C2CC(C3CCCCC3)CC(C3CCCC3)C2)CC1
C1CCC(C2CCC(C3CCCCC3C3CCC4C(CCCC4C4CCCCC4)C3)CC2)CC1
C1CCC(CC2CCCCC2CC2CCC(C3CCCCC3)CC2)CC1
C1CCC(CCC2CCCC(C3CCCCC3C3CCCCC3)C2)CC1
C1CCC(C2CCCC(C3CCC4CCCCC43)C2)CC1
C1CCC(CCCCC2CC(C3CCCCC3)C3CCCCC23)CC1
C1CCC(CC2CCCC(C3CCCCC3)C2)CC1
C1CCC(CCCC2CCCCC2C2CCCCC2C2CCCCC2)CC1
C1CCC(C2CCCC(CCCC3CC4CCCCC4C(C4CCCCC4)C3)C2)CC1
C1CCC(C2CCCC(CC3CCC4CCCCC43)C2)CC1
C1CCC(CCCCCC2CCCC(C3CCCC(CCC4CCCCC4)C3)C2)CC1
C1CCC(CCC2CCC(C3CCCCC3C3CCCCC3)CC2)CC1
C1CCC(CC2CCCC(C3CCCCC3)C2)CC1
C1CCC(CCCC2CC(CC3CCCC(C4CCC(C5CCCCC5)CC4)C3)C3CCCCC23)CC1
C1CCC(C2CCCC(C3CCCCC3)C2)CC1
C1CCC(C2CCC(C(C3CCC3)C3CCC(CCCCC4CC5CCCCC5C4)CC3)CC2)CC1
C1CCC(C2CCC(CC3CCCCC3C3CCCCC3C3CCCCC3)CC2)CC1
C1CCC(CC2CCCCC2CCC2CCC3C(CCCC3C3CCC(C4CCCCC4)CC3)C2)CC1
C1CCC(C2CCCCC2C2CCCCC2C2CCCCC2)CC1
C1CCC(CCC2CC(C3CCC(CC4CCCCC4)CC3)C3CCCCC23)CC1
C1CCC(CCCC2CCC3CCC(C4CCCCC4)C3C2)CC1
C1CCC(CCCC2CCC(C3CCCCC3)CC2)CC1
C1CCC(CC2CCC(CC3CCC(C4CCCCC4)C(C4CCCCC4)C3)CC2)CC1
C1CCC(CCC2CCCCC2CC2CCC(CC3CCCCC3)CC2)CC1
C1CCC(CC2CCCC(CC3CCCCC3)C2)CC1
C1CCC(CC2CCCC(C3CCC(C4CCC5CCCCC54)CC3)C2)CC1
C1CCC(C2CCCCC2)CC1
C1CCC(CC(CC2CCC(C3CCCCC3)CC2)C2CCCCC2)CC1
C1CCC(CC2CCCC(C3CCC4CCCC4C3)C2)CC1
C1CCC(CCC2CCC(CC3CCCCC3)C(CCCC3CCCC3)C2)CC1
C1CCC(CC2CCCC(CCC3CCC(C4CC4)CC3C3CCCCC3)C2)CC1
C1CCC(C2CCC(C3CCC(C4CCCCC4)C(C4CCCCC4)C3)C2)CC1
C1CCC(CCC2CCCC(C3CCCCC3)C2)CC1
C1CCC(CC2CCC(CC3CCCCC3)C(C3CCCC(C4CCCC4)C3)C2)CC1
C1CCC(C2CCCC(C3CC(CC4CC4)CC(C4CCC5CCCC5C4)C3)C2)CC1
C1CCC(CCC2CCC(CC3CCCCC3)CC2)CC1
C1CCC(CCC2CCC(C3CCC(CC4CC5CCCCC5C4)CC3)CC2)CC1
C1CCC(CCC2CCC(C3CCCC4CCCCC43)CC2)CC1
C1CC(C2CCC(C3CCCC(CC4CCC5CCCCC5C4)C3)CC2)C1
C1CCC(CCC2CCCCC2CC2CC3CCCCC3C2)CC1
C1CCC(CCCC2CCC(CC3CCCCC3CC3CCCCC3)CC2)CC1
C1CCC(CCC2CC(C3CCCCC3)CC(C3CC3)C2)CC1
C1CCC(CC2CCCC(CC3CCCC(C4CCCCC4)C3)C2)CC1
C1CCC(CCCC2CCC(CC3CCC(C4CCCCC4)C3)CC2)CC1
C1CCC(CCCCC2CCCC(C3CCCC(C4CCCCC4)C3)C2)CC1
C1CCC(CCCC2CCC(CC3CC4CCCCC4C(C4CCCCC4)C3)CC2)CC1
C1CCC(CCC2CC(CC3CCCC(CC4CCCCC4)C3)C3CCCCC23)CC1
C1CCC(CC2CCC(CC3CCC(CCCC4CCCC4)CC3)CC2)CC1
C1CCC(C2CCC(C3CCC(C4CCCC(C5CCCCC5C5CCCCC5)C4)CC3)CC2)CC1
C1CCC(C2CCCCC2C2CCC(C3CCCC(CC4CC4)C3)CC2)CC1
C1CCC(CCC2CCCC(CC3CCCCC3)C2)CC1
C1CCC(CCCCCC2CCC(CC3CCCCC3)CC2)CC1
C1CCC(CCCCC2CCC(C3CCCCC3C3CCC(C4CCCCC4)CC3)CC2)CC1
C1CCC(CCC2CCC(CC3CCC(C4CCCCC4)CC3)CC2)CC1
C1CCC(C2CCCCC2C2CCCCC2C2CCCCC2)CC1
C1CCC(C2CCC(C3CCC(C4CCCC4)CC3)CC2)CC1
C1CCC(CC2CCCC(CCC3CCC(C4CCCCC4)CC3)C2)CC1
C1CCC(CCCC2CCCC(C3CCCCC3)C2)CC1
C1CCC(CC2CCCC(C(CCC3CCC(C4CCCCC4)CC3)(C3CCC3)C3CC3)C2)CC1
C1CCC(CCC2CCC(C3CCCCC3)CC2)CC1
C1CCC(CC2CCC(CCC3CCC(C4CCCC(C5CCCCC5)C4)CC3)CC2)CC1
C1CCC(CCC2CCC(C3CCC3)CC2)CC1
C1CCC(CCC2CCCC(CC3CCCCC3)C2)CC1
C1CCC(C2CCCCC2C2CC3CCCC(C4CCCCC4)C3C2)CC1
C1CCC(CC2CCCCC2CCC2CCC(CC3CCCCC3)C(C3CCCC3)C2)CC1
C1CCC(CC2CCCC(C3CCCCC3C3CCCCC3)C2)CC1
C1CCC(C(C2CCC(CC3CCCC3)CC2)C2CCCCC2C2CCCC2)CC1
C1CCC(CCCC2CCCC(C3CCCCC3C3CC(CC4CCCCC4)C4CCCCC43)C2)CC1
C1CCC(C2CCC(CC3CCC(CCC4CCC(CC5CCCC(C6CCC6)C5)CC4)CC3)CC2)CC1
C1CCC(C2CCC(CCC3CCCC(C4CCCCC4)C3)CC2)CC1
C1CCC(C2CCCCC2)CC1
C1CCC(C2CCC(C3CCC(CC4CCC(C5CCC6CCCCC65)CC4)CC3)C2)CC1
C1CCC(CCC2CCC(C3CCCC(C4CCCCC4)C3)CC2)CC1
C1CCC(CCC2CCC3C(CC4CCCCC4)CCC3C2)CC1
C1CCC(CC2CCCC(CC3CCC(C4CC(C5CCCCC5)C4)CC3)C2)CC1
C1CCC(CC2CCCC(C3CCC4CCCCC43)C2)CC1
C1CCC(CC2CCCCC2CCC2CCCC(C3CCCCC3)C2)CC1
C1CCC(CCCC2CCC(CC3CCCCC3)CC2)CC1
C1CCC(C(CCC2CCCC(C3CCCC3)C2)C2CCCC(C3CCCC3)C2)CC1
C1CCC(C2CCCCC2C2CCCCC2)CC1
C1CCC(CC2CC(C3CCC4CCCCC4C3)C3CC(CC4CC4)CCC23)CC1
C1CCC(C2CCC(CC3CCC(CCCCC4CCC5CCCC5C4)CC3)CC2)CC1
C1CCC(CC2CCCC(C3CCC(C4CCC4)CC3)C2)CC1
C1CCC(C2CC(C3CCC4CCCCC43)CC3CCCCC32)CC1
C1CCC(CCC2CCCCC2C2CCCCC2)CC1
C1CCC(C2CC(C3CCCCC3)CC(C3CCC(C4CCCC4)CC3)C2)CC1
C1CCC(CCC2CCC(CC3CCC(CC4CC5CCCCC5C4)CC3)CC2)CC1
C1CCC(C2CCC(C3CCCC(C4CCCCC4)C3)CC2)CC1
C1CCC(C2CCCCC2C2CCC3CCCC3C2)CC1
C1CCC(CCCC2CCC(CCCC3CCC(C4CCCCC4)CC3)CC2)CC1
C1CCC(C2CCC(CCC3CCC4CCCCC43)CC2)CC1
C1CCC(C2CCC(C3CCCC(C4CCCC4)C3)CC2)CC1
C1CCC(C2CCC(C3CCC(C4CCCC4)CC3)CC2)CC1
C1CCC(C2CCCC(CC3CC(CC4CCC4)C4CCCCC34)C2)CC1
C1CCC(C2CCC(C3CCCC(C4CCCCC4)C3)CC2)CC1
C1CCC(C2CCC(CC3CCCC(CC4CC5CCCCC5C4)C3)CC2)CC1
C1CCC(CCCC2CCC(C3CCCCC3)CC2)CC1
C1CCC(C2CCCC(CCC3CCCC(C4CCCCC4)C3)C2)CC1
C1CCC(CC2CCC(C(C3CCCCC3)C3CCCC3)CC2)CC1
C1CCC(C2CCC(C3CCCC(C4CCCCC4)C3)CC2)CC1
C1CCC(CCC2CCCC(CC3CCCCC3)C2)CC1
C1CCC(CC2CCCC(CC3CCCC(CC4CCCCC4)C3)C2)CC1
C1CCC(CC2CCCC(C3CCC3)C2)CC1
C1CCC(C2CCCC(CCC3CC4CCCCC4C3)C2)CC1
C1CCC(C2CCC(C3CC(CC4CCCC4)C4CCCCC43)C(C3CC3)C2)CC1
C1CCC2CC(CC3CCCCC3C3CCC4C(CC5CC6CCCCC6C5)CCCC4C3)CC2C1
C1CCC(CC2CCC(CC3CC(C4CCCCC4)CC(C4CC4)C3)CC2)CC1
C1CCC(C2CCCC(C3CCCC(CC4CC(C5CCCCC5)C5CCCCC45)C3)C2)CC1
C1CCC(C2CCC(C3CCCCC3C3CCC4C(CCCC4C4CCCCC4)C3)CC2)CC1
C1CCC(C2CCC3C(CCCC3C3CCC(C4CCCCC4)CC3C3CCCC3)C2)CC1
C1CCC(CC2CCCC(CC3CCCCC3C3CCCCC3)C2)CC1
C1CCC(CCC2CCCCC2C2CCCCC2)CC1
C1CCC(C2CCC3CCCC(C4CCCCC4)C3C2)CC1
C1CCC(CC2CCC(C3CCC(C4CCCCC4)CC3)CC2)CC1
C1CCC(C2CCCCC2CC2CCCC(CC3CCC4CCCCC43)C2)CC1
C1CCC(CCC2CCCC(C3CCCC(CCC4CCCCC4)C3)C2)CC1
C1CCC(CCC2CCCCC2CC2CCCCC2C2CCCCC2)CC1
C1CCC(CC(C2CCCCC2)C2CCC(C3CCCCC3)CC2)CC1
C1CCC(CC2CCC(C3CCCCC3)CC2)CC1
C1CCC(CCCCCC2CC3CCCCC3C(C3CCCCC3)C2)CC1
C1CCC(C2CCCC(C3CCCCC3)C2)CC1
C1CCC(CCC2CCCC(C3CCCCC3)C2)CC1
C1CCC(CCC2CCCCC2C2CCCCC2)CC1
C1CCC(CC2CCC(C3CCCCC3)CC2)CC1
C1CCC(CC2CC(CC3CCCC(C4CCCC(C5CCCCC5)C4)C3)C3CCCCC23)CC1
C1CCC(CCC2CC(CCCC3CCCC3)C3CC(C4CCCC(CC5CCCC5)C4)CCC23)CC1
C1CC(C2CCC(C3CCCC(CCC4CC5CCCCC5C4)C3)CC2)C1
C1CCC(CCC2CCC3CC(C4CCCCC4)CC(C4CCCCC4)C3C2)CC1
C1CCC(CC2CCCC(C3CCC(C4CC(C5CCCC5)C5CCCCC45)CC3)C2)CC1
C1CCC(CC2CCCC(C3CCC(C4CCCC(C5CC5)C4)CC3)C2)CC1
C1CCC(CCCC2CCC(C3CCCC(CC4CC(CCC5CCCCC5)C5CCCCC45)C3)CC2)CC1
C1CCC(CCC2CCC(C3CCCCC3C3CCCCC3CC3CCCCC3)CC2)CC1
C1CCC(CC2CC(C3CCC(C4CCCCC4)CC3)C3CCCCC23)CC1
C1CCC(CCC2CCC(CC3CCCCC3)CC2)CC1
C1CCC(CC2CCC(CC3CCCC(C4CCCCC4)C3)CC2)CC1
C1CCC(CC2CCCC(C3CCCCC3C3CCCCC3)C2)CC1
C1CCC(C2CCC(C3CCC(C4CCCCC4C4CCCCC4)CC3)CC2)CC1
C1CCC(CCCC2CCCC(C3CCCC(C4CCCCC4)C3)C2)CC1
C1CCC(CC2CCCCC2CC2CCC(CC3CCC(C4CCCCC4)CC3)CC2)CC1
C1CCC(CC2CCC(C3CC(C4CCCCC4)C4CCCCC34)CC2)CC1
C1CCC(CC2CCC(CC3CCC(C4CCCC4)CC3)CC2)C1
C1CCC(CC2CCC(CC3CCC(C4CCCCC4)CC3)CC2)CC1
C1CCC(C2CCC(CCC3CCC(C4CCCC(C5CCCCC5)C4)CC3)CC2)CC1
C1CCC(CCC2CCCC(C3CCCCC3)C2)CC1
C1CCC(CCCCC2CCCC(C3CCCC(CCCC4CCC4)C3)C2)CC1
C1CCC(CC2CCCC(C3CCC(C4CCCCC4C4CCCCC4)C3)C2)CC1
C1CCC(CC2CCC(CC3CCCCC3)CC2)CC1
C1CCC(CCC2CCCCC2C2CCC3C(CCCC3C3CCCCC3)C2)CC1
C1CCC(CCC2CCCC(C3CCCCC3CC3CCCCC3)C2)CC1
C1CCC(CCC2CCC(CC3CCCCC3C3CCCC3)CC2)CC1
C1CCC(CC2CCCC(C3CCC(C4CCC(C5CCCCC5)CC4)CC3)C2)CC1
C1CCC(CCCC2CCC(C3CCCCC3)CC2C2CCCC(CCC3CCCCC3)C2)CC1
C1CCC(CC2CCCC(C3CCCC(C4CCCCC4)C3)C2)CC1
C1CCC(C2CC(C3CCCCC3)CC(C3CC3)C2)CC1
C1CCC(CC2CCC(C3CCCCC3)CC2)CC1
C1CCC(CCC2CCCC(CC3CCCCC3)C2)CC1
C1CCC(C2CCCCC2)CC1
C1CCC(C2CCCC(C3CC4CCCCC4C3)C2)CC1
C1CCC(CC2CCCC(CC3CCCC3)C2)CC1
C1CCC(CCCC2CCCC(CC3CCCCC3)C2)CC1
C1CCC(C2CCC(C3CCCC(C4CCCCC4)C3)CC2)CC1
C1CCC(CC2CCC(CC3CCCC(C4CCCCC4)C3)CC2)CC1
C1CCC(C2CCC(C3CCCCC3)CC2)CC1
C1CCC(CC2CCCCC2C2CCCC(CC3CCC(C4CCC5CCCC5C4)C(C4CCCC4)C3)C2)CC1
C1CCC(CCCCC2CCC(CC3CCCCC3)CC2)CC1
C1CCC(CCCCC2CCC(CCC3CCCCC3)CC2)CC1
C1CCC(CC2CCCC(C3CCCCC3)C2)CC1
C1CCC(CC2CCC(CCC3CCCCC3C3CCCCC3)CC2)CC1
C1CCC(CCC2CCC3CC(CCC4CCC(CC5CCCC(C6CCCCC6)C5)CC4)CCC23)CC1
C1CCC(C2CC(C3CCCCC3)CC(C(C3CCCCC3)C3CCCCC3)C2)CC1
C1CCC(CCC2CCC(CCCCC3CCCC(C4CCCC4)C3)CC2)CC1
C1CCC2CC(CCC3CCC4CCC(C5CCCC(CC6CC7CCCCC7C6)C5)CC4C3)CC2C1
C1CCC(CC2CCC(C3CCC(C4CCC4)CC3)CC2)CC1
C1CCC(CC2CCC(CC3CCCC(CC4CCCCC4)C3)CC2)CC1
C1CCC(CCCCCC2CCC(CC3CCCCC3)CC2)CC1
C1CCC(CCC2CCCC(C3CCCCC3)C2)CC1
C1CCC(CCC2CCCC(C3CCCC(C4CCCCC4)C3)C2)CC1
C1CCC(CC2CCC(C3CCCC(CC4CCCC4)C3)CC2)CC1
C1CCC(CC2CC(C3CCCCC3)C3CCCCC23)CC1
C1CCC(C2CCCC2CC2CCCCC2CCCC2CCC3CCCCC3C2)CC1
C1CCC(CC2CCC(CC3CCC(CC4CCCCC4)CC3)CC2)CC1
C1CCC(C2CCC(C3CCCC(C4CCCCC4)C3)CC2)CC1
C1CCC(C2CCC(CCCC3CCCC(C4CCCCC4)C3)CC2)CC1
C1CCC(CCCC2CCCC(CC3CCCCC3)C2)CC1
C1CCC(CC2CCCC(C3CCCC(CCC4CCC5CCCC5C4)C3)C2)CC1
C1CCC(CCCC2CCC(C3CCCCC3)CC2C2CCCC2)CC1
C1CCC(CC2CCCC(CCCC3CCCC(C4CCCCC4)C3)C2)CC1
C1CCC(CC2CCCC(CC3CCC(CCC4CCCC4)CC3)C2)CC1
C1CCC(C2CCC(CCCC3CCCC(C4CCCCC4)C3)CC2)CC1
C1CCC(C2CCC3C(CC4CCCC(C5CCCC5)C4)CCC3C2)CC1
C1CCC(C2CCCC(CCC3CCC4CC(C5CCCCC5)CC(C5CCCCC5)C4C3)C2)CC1
C1CCC(CC2CCC(CC3CCCC(C4CC5CCCCC5C4)C3)CC2)CC1
C1CCC(CC2CCC(C3CCCCC3)CC2)CC1
C1CCC(CCC2CCCCC2C2CCCCC2)CC1
C1CCC(CC2CCC(C3CCCCC3)CC2)CC1
C1CCC(CCCCC2CC(CCC3CCCCC3)CCC2C2CCC2)CC1
C1CCC(C2CCCCC2C2CCCC2)CC1
C1CCC(CCC2CCC(CC3CCC(C4CCCCC4C4CCCCC4)CC3)CC2)CC1
C1CCC(CC2CCC(C3CCCC(CC4CC5CCCCC54)C3)CC2)CC1
C1CCC(C2CCCC(C3CCCC(C4CCCCC4)C3)C2)CC1
C1CCC(C2CCCCC2CC2CC(C3CCCCC3)C3CCCCC23)CC1
C1CCC(CC2CCCC(C3CCCCC3CC3CCCCC3)C2)CC1
C1CCC(C2CCCC(C3CCCCC3C3CCCC3)C2)CC1
C1CCC(CCCCCC2CCC(C3CCCCC3)CC2)CC1
C1CCC(C2CCCCC2C2CCC(CC3CCCC3)CC2)CC1
C1CCC(CC2CCC(C3CCC(C4CC4)CC3C3CCCC3)CC2)CC1
C1CCC(CCCC2CCC(C3CCC4CC(C5CCCCC5)CCC43)CC2)CC1
C1CCC(CC2CCC(C3CCC(C4CC5CCCCC5C4)CC3)CC2)CC1
C1CCC(CC2CCCC(C3CCC(C4CCCC4)C(C4CCC5CCCC5C4)C3)C2)CC1
C1CCC(CCC2CCCCC2C2CCC(C3CCCC(CC4CCCCC4)C3)CC2)CC1
C1CCC(CC2CC(CC3CCCCC3)CC(C3CCCC(C4CCCCC4)C3)C2)CC1
C1CCC(CCCC2CCC(C3CCCCC3)CC2)CC1
C1CCC(C2CCCCC2C2CCCC2)CC1
C1CCC(CCCCC2CCC(CCCCC3CCCC(C4CCCCC4)C3)CC2)CC1
C1CCC(C2CCCC(CC3CCCC(C4CCCCC4)C3)C2)CC1
C1CCC(CC2CCC(C3CC3)CC2CC2CCCCC2)CC1
C1CCC(C2CCC(C3CCCCC3C3CCCCC3)CC2)CC1
C1CCC(CC2CCC(CC3CCC(C4CCCCC4)CC3)CC2)CC1
C1CCC(C2CC(C3CCCC3)CC(C3CCCCC3C3CCCCC3)C2)CC1
C1CCC(CCCC2CC3CCC(CCC4CCCCC4)CC3C(C3CCCCC3)C2)CC1
C1CCC(C2CCC(C3CCCCC3)CC2)CC1
C1CCC(CCCC2CCC(CC3CCC(CC4CCCC4)CC3)CC2)CC1
C1CCC(CC2CCCC(CC3CCCCC3)C2)CC1
C1CCC(CC2CCCC(C3CCCCC3)C2)CC1
C1CCC(CCC2CCCC(CC3CCCCC3)C2)CC1
C1CCC(C2CCC(C3CCCCC3C3CCCCC3)CC2)CC1
C1CCC(CCCCC2CCC(CCC3CCCCC3)CC2C2CCC3CCCCC32)CC1
C(CCC1CCC(C2CCCCC2)CC1)CCC1CCCC(C2CCCCC2)C1
C1CCC(C2CCC(CC3CCCC(C4CCCC(C5CC6CCCCC6C5)C4)C3)CC2)C1
C1CCC(CCCC2CCC(CCC3CCCCC3)CC2)CC1
C1CCC(CCCCC2CCC(CC3CCCC(CC4CCCCC4)C3)CC2)CC1
C1CCC(C2CCCC(C3CCC(C4CCC5CCCCC5C4)CC3)C2)CC1
C1CCC(CC2CCC(CC3CCC(C4CCCCC4)CC3)CC2)CC1
C1CCC(CCC2CCCC(C3CCC(CC4CCCCC4)CC3)C2)CC1
C1CCC(CC(C2CCCCC2)C2CCCCC2C2CCCCC2)CC1
C1CCC(CCC2CC(C3CCCCC3)CCC2C2CCCCC2)CC1
C1CCC(CC2CCCCC2C2CCC(CC3CCC(C4CCCC4)CC3)CC2)CC1
C1CCC(CC2CCCC(CCCC3CCC(C4CC(C5CCCCC5)C5CCCCC45)CC3)C2)CC1
C1CCC(C2CCC3CCC(C4CCCCC4)C3C2)CC1
C1CCC(CCCC2CCCCC2)CC1
C1CCC(CC2CCCCC2C2CCC(C3CCC4CCCCC43)C(C3CCCCC3)C2)CC1
C1CCC(C2CCC3CC(C4CCC(CCCC5CCCC(C6CCCC6)C5)CC4)CCC32)CC1
C1CCC(C2CCCCC2)CC1
C1CCC(CCC2CCCCC2C2CCCCC2)CC1
C1CCC(CC2CCC(CC3CCC(C4CCCC(C5CC5)C4)CC3)CC2)CC1
C1CCC(C2CCCCC2C2CCCCC2)CC1
C1CCC(CC2CCC(CC3CCCCC3C3CCCCC3)CC2)CC1
C1CCC(C2CCC(CCC3CCCC(C4CCCCC4)C3)CC2)CC1
C1CCC(CCC2CCCC(CC3CCCCC3)C2)CC1
C1CCC(C2CCC(C3CCCCC3)CC2)CC1
C1CCC(CCC2CCC(C3CCC4CC(C5CC5)CCC4C3)CC2)CC1
C(CC1CCC(C2CCC(CC3CCC4CCCCC4C3)CC2)CC1)CC1CCCC(C2CCC2)C1
C1CCC(C2CCC3C(CC4CCCC(CC5CCCC5)C4)CC(C4CCCCC4)C3C2)CC1
C1CCC(CC2CC(C3CCCCC3)C3CC(C4CCCCC4)CCC23)CC1
C1CCC(CC2CCCCC2C2CCC(CCC3CCC4CCCC4C3)CC2)CC1
C1CCC(C2CCC(C3CCC(C4CCCCC4)CC3)CC2)CC1
C1CCC(C2CCC(CC3CCC(CC4CCCCC4C4CCCC4)CC3)CC2)CC1
C1CCC(CCCC2CCC(C3CC4CCCCC4C3)CC2)CC1
C1CCC(CC2CC(CC3CCC(C4CCC5CCCCC54)CC3)C3CCCCC23)CC1
C1CCC(CCCC2CCC(C3CCCCC3)C(C3CCCC3)C2)CC1
C1CCC(C2CC(C3CCCCC3)CC(C3CCCCC3)C2)CC1
C1CCC(CC2CCCC(CC3CCCCC3C3CCCCC3)C2)CC1
C1CCC(C2CCC(C3CCCC(C4CCCC4)C3)CC2)CC1
C1CCC(CC2CCCC3CC(C4CCCCC4C4CCCCC4)CCC23)CC1
C1CCC(CCCC2CCCC(C3CCCCC3)C2)CC1
C1CCC(CCC2CCC(C3CCCCC3)C(C3CCCC3)C2)CC1
C1CCC(C2CCCCC2C2CC(CC3CCCC3)C3CCCCC32)CC1
C1CCC(CC2CCC(CC3CCC(C4CCCC(C5CCCCC5)C4)CC3)CC2)CC1
C1CCC(C2CCC(C3CCC(C4CCCCC4)CC3)CC2)CC1
C1CCC(CC2CCCCC2C2CCCC(CC3CCCC3)C2)CC1
C1CCC(CCC2CCC(CC3CCCCC3)CC2)CC1
C1CCC(CCC2CCCC(C3CCCCC3C3CCCCC3)C2)CC1
C1CCC(CC2CCC(CC3CCC(CC4CCCCC4)CC3)CC2)CC1
C1CCC(CC2CCC(CC3CCC(C4CCCC4)CC3C3CCCCC3)CC2)CC1
C1CCC(C2CCC(CCC3CCCCC3C3CCCCC3)CC2)CC1
C1CCC(C2CCCC3CC(CCC4CCC(C5CCC6CCCCC6C5)CC4)CC32)CC1
C1CCC(C2CCC(C3CCCCC3C3CCC4CCCCC4C3)CC2)CC1
C1CCC(CCCC2CCC(CC3CCC(CCC4CCCCC4)CC3)CC2)CC1
C1CCC(C2CCC(C3CCC(C4CCCCC4)CC3C3CCCCC3)C2)CC1
C1CCC(CCCCC2CCCC(C3CCCCC3CCC3CCC(C4CCCC4)CC3)C2)CC1
C1CCC2CC(C3CCCCC3CC3CCC4CCCCC43)CCC2C1
C1CCC(CCCC2CCC(C3CCCCC3)CC2)CC1
C1CCC(CCC2CCC(C3CCCCC3)CC2)CC1
C1CCC(C2CCC(CC3CCC(CC4CC5CCCCC5C4)CC3)CC2)CC1
C1CCC(CCCCCC2CCCC(C3CCCCC3)C2)CC1
C1CCC(CC2CCC(CC3CCCC4CCCCC43)CC2)CC1
C1CCC(CC2CCCCC2C2CCCCC2)CC1
C1CCC2CC(CC3CCC(C4CCCCC4C4CCC5CCCC5C4)CC3)CC2C1
C1CCC(CCCC2CCCCC2)CC1
C1CCC(CCC2CCC(C3CCCCC3)CC2)CC1
C1CCC(C2CCC(CC3CCC(C4CCCC4)CC3)CC2)CC1
C1CCC(CCC2CCC(CCC3CCCCC3)CC2)CC1
C1CCC(C2CCC(CC3CCCC(C4CCCCC4)C3)CC2)CC1
C1CCC(CC2CCC(C3CCCCC3CC3CCCCC3)CC2)CC1
C1CCC(C2CCC(C3CCCCC3C3CCCC3)CC2)CC1
C1CCC(CCC2CC(C3CCCC3C3CCCCC3CC3CCCCC3)CC3CCCCC32)CC1
C1CCC(CCC2CCCCC2)CC1
C1CCC(CC2CCC(C3CCC(C4CCCCC4)CC3)CC2)CC1
C1CCC(CCCC2CCCC(C3CCCCC3)C2)CC1
C1CCC(C2CCC(CC3CCCC(C4CCCC4)C3)CC2)CC1
C1CC(C2CCCC(CC3CCC(C4CCC5CCCCC5C4)CC3)C2)C1
C1CCC(CCC2CCCCC2C2CCC(CC3CCCC(C4CCCCC4)C3)CC2)CC1
C1CCC(CC2CCC(CC3CCC(CCCC4CCCC4)CC3)CC2)CC1
C1CCC(C2CCCCC2C2CCC3CCCCC3C2)CC1
C1CCC(CC(CCC2CCC(C3CCCCC3)CC2)C2CCCCC2)CC1
C1CCC(CCCCC2CCC(CC3CCCC(C4CCCC(CC5CCCC5)C4)C3)CC2)CC1
C1CCC(CCC2CCC3C(CC4CCCCC4)CC(C4CCCCC4)C3C2)CC1
C1CCC(CCC2CCC(C3CCC(C4CCCCC4)CC3)C2)CC1
C1CCC(CCCCCC2CCC(C3CCCC(C4CCCC(CCC5CCCCC5)C4)C3)CC2)CC1
C1CCC(CCCC2CCCC(C3CCCCC3)C2)CC1
C1CC(CC2CC2)CC(C2CCC(CC3CCC(C4CC4)CC3)CC2)C1
C1CCC(CC2CC(CC3CCCCC3)CC(C3CCCCC3)C2)CC1
C1CCC(CCC2CC(C3CCCCC3)CCC2CC2CCCCC2)CC1
C1CCC(CCC2CC(C3CCCCC3)CC(C3CCC4CCCCC43)C2)CC1
C1CCC(CC2CCC(CC3CCC(C4CCCCC4)CC3C3CCCCC3)CC2)CC1
C1CCC(CC2CCC(C3CCC(CC4CCCC4)CC3)CC2)CC1
C1CCC(C2CCCC(CCC3CCCC(C4CCCCC4)C3)C2)CC1
C1CCC(CC2CCCC(C3CCCC(C4CCCCC4)C3)C2)CC1
C1CCC(CCC2CCC(CC3CCCCC3)CC2)CC1
C1CCC(CC2CCC(C3CCCCC3)CC2)CC1
C1CCC(CC2CCC(CC3CCC(CCCC4CCCCC4C4CCCCC4)CC3)CC2)CC1
C1CCC(CC2CCC(C3CCC(C4CCCCC4)C3)CC2)CC1
C1CCC(C2CCC(C3CCCC(C4CCCCC4)C3)CC2)CC1
C1CCC(CCC2CCCCC2)CC1
C1CCC(CC2CCC(CCC3CCCCC3C3CCC4CCCC4C3)CC2)CC1
C1CCC(C2CCCCC2C2CCC3CCCCC32)CC1
C1CCC(C2CCCC(C3CCC(C4CCCCC4C4CCC(CC5CC5)CC4)CC3)C2)CC1
C1CCC2CC(CC3CCC(CC4CCCCC4C4CCCC4)CC3)CCC2C1
C1CCC(CCC2CCCCC2)CC1
C1CCC(CC2CCC(CC3CCCCC3)CC2)CC1
C1CCC(C2CCC(CC3CCC(C4CCCCC4)CC3)CC2)CC1
C1CCC(CCC2CCC(CC3CCCCC3)CC2)CC1
C1CCC(C2CCCC(C3CCCC(C4CCCC4)C3)C2)CC1
C1CCC(CC2CC(C3CCCCC3)CC(C3CCCCC3)C2)CC1
C1CCC(C2CCCC(C3CCC4CC(C5CCC6CCCCC65)CC(C5CCCCC5)C4C3)C2)CC1
C1CCC(C2CCCCC2C2CCC(CC3CCC(CC4CCC(CC5CCC6CCCC6C5)CC4)CC3)C2)CC1
C1CCC(CC2CCC(CC3CCC(CCC4CC5CCCCC5C4)CC3)CC2)C1
C1CCC(CCCC2CCC(CCC3CCC(CC4CCCCC4)CC3)CC2)CC1
C1CCC(CCC2CCC(CCC3CCCCC3C3CCC4CCCC4C3)CC2)CC1
C1CCC(C2CCCCC2C2CCCCC2C2CCCC2)CC1
C1CCC(CCC2CCC(CC3CCCCC3)CC2)CC1
C1CCC(CC2CCC(C3CCC(C4CCC5CCCC5C4)CC3)CC2)CC1
C1CCC(CC2CCCC(CC3CCC(CC4CCCC4)CC3)C2)CC1
C1CCC(CCC2CCCC(C3CCCC(C4CCCCC4)C3)C2)CC1
C1CCC(CC2CCCC(C3CCCC(C4CCC(C5CCCCC5)CC4)C3)C2)CC1
C1CCC(CCC2CCCC(CC3CCC(CC4CCCCC4)CC3)C2)CC1
C1CCC(C2CCC(C3CCCCC3)CC2)CC1
C1CCC(CCC2CCC(CC3CCC(CC4CCCCC4)CC3)CC2)CC1
C1CCC(CC2CCC(C3CCCCC3CC3CCCCC3)CC2)CC1
C1CCC(CC2CCCCC2)CC1
C1CCC(CCCCCC(C2CCCC2)C2CCCC(C3CCC(C4CCC4)CC3)C2)CC1
C1CCC(C2CCC(C3CCCCC3)CC2)CC1
C1CCC(CC2CCCC(CCC3CCCC(C4CCC(C5CCCC5)CC4)C3)C2)CC1
C1CCC(C2CCCC(C3CCC(CC4CCCCC4C4CCCC4)CC3)C2)CC1
C1CCC(CCCCC2CCCC(C3CCC(CC4CC4)CC3)C2)CC1
C1CCC(CC2CCC(CC3CCC(C4CC(C5CCCCC5)C4)CC3)CC2)CC1
C(CCC1CCC(C2CCC(CC3CCCC(CC4CC4)C3)CC2)CC1)CC1CC1
C1CCC(CC2CCCC3CC(C4CCCCC4C4CCC5CCCC5C4)CCC23)CC1
C1CCC(CCC2CCC(C3CCCC(C4CCCCC4)C3)CC2)CC1
C1CCC(CCCCC2CCC(CC3CCCC3)CC2)CC1
C1CCC(CC2CCCC2C2CCC(C3CCCCC3)CC2)CC1
C1CCC(CC2CCC(C3CCCCC3)CC2)CC1
C1CCC(CCC2CC(C3CCCCC3)CCC2C2CCCCC2C2CCC3CCCCC32)CC1
C1CCC(C2CC3CCC(CC4CCC4)CC3C(C3CCCCC3)C2)CC1
C1CCC(CCC2CCCC(C3CCCCC3CCC3CCCCC3)C2)CC1
C1CCC(CC2CCC(CCCC3CCCCC3CC3CCCCC3)CC2)CC1
C1CCC(CCC2CCCC(CCC3CCCC(CC4CCCC4)C3)C2)CC1
C1CCC(CC2CCCCC2C2CCCCC2)CC1
C1CCC(C2CCCC(C3CCCC(CCCC4CCCC4)C3)C2)CC1
C1CCC(C2CCC(C3CCCC(C4CCCCC4)C3)CC2)CC1
C1CCC(C2CCC(C3CCCCC3)CC2)CC1
C1CCC(CC2CCCCC2)CC1
C1CCC(CCCC2CCC(C3CCC(C4CCCCC4)CC3)CC2)CC1
C1CCC(CC2CCC(CC3CCCC3)CC2)CC1
C1CCC(C2CCCC(C3CCC(CC4CCCC4C4CCCC5CC(C6CCCCC6)CCC54)CC3)C2)CC1
C1CC(C2CCCC(CC3CCCCC3C3CCC4CCCCC4C3)C2)C1
C1CCC(C2CCCC(CC3CC(CC4CCC4)CC(C4CCCCC4)C3)C2)CC1
C1CCC(C2CCCC(CCC3CCCC(C4CCC5CCCC5C4)C3)C2)CC1
C1CCC(CCCC2CCCC(C3CCCCC3)C2)CC1
C1CCC(CC2CCC(C3CC3)CC2C2CCCCC2)CC1
C1CCC(CC2CCC(C3CCCC(CC4CC4)C3)C(C3CCCC3)C2)CC1
C1CCC(CC2CCCC(C3CCC(C4CCCC4)C(CC4CCCC(C5CCCC5)C4)C3)C2)CC1
C1CCC(C2CCCC(C3CCC4CCCC4C3)C2)CC1
C1CCC(C2CCCC(CCCC3CCC(CC4CCCC4)CC3)C2)CC1
C1CCC(C2CCC(C3CCCCC3C3CCCCC3)C(C3CCCCC3)C2)CC1
C1CCC(C2CCC(C3CCCC(C4CC(C5CCCCC5)C5CCCCC45)C3)CC2)CC1
C1CCC(CC2CCCC(C3CCCCC3)C2)CC1
C1CCC(C2CCC(C3CCCC3)CC2)CC1
C1CCC(CCC2CCCC(C3CCCC(CCCC4CCC4)C3)C2)CC1
C1CCC(CC2CCCCC2CC2CCC(CC3CCC(CCCC4CCCC4)CC3)CC2)CC1
C1CCC(CCC2CCC(CCC3CCC(CC4CCCCC4)CC3)CC2)CC1
C1CCC(CC2CCC(C3CCCCC3)CC2)CC1
C1CCC(C2CCCC(CC3CCC4CCCCC43)C2)CC1
C1CCC(CCC2CCCC(C3CCC(C4CCCC(C5CCCCC5)C4)CC3)C2)CC1
C1CCC(CC2CCC(CC3CCC(C4CCCCC4)CC3)CC2)CC1
C1CCC(C2CCC(C3CCCC3)CC2C2CCC3CCCC3C2)CC1
C1CCC(CCCC2CCC(C3CCCCC3)CC2)CC1
C1CCC(C2CCCCC2)CC1
C1CCC(CC2CC(C3CCCCC3)C3CCCCC23)CC1
C1CCC(C2CC(C3CCCC(CCC4CCC4)C3)CC3CCC(CC4CCCC(C5CC5)C4)CC32)CC1
C1CCC(CC2CCCC(C3CCCCC3)C2)CC1
C1CCC(CC2CCCC(CC3CCCCC3)C2)CC1
C1CCC(C2CCCC(C3CCC(CCC4CC4)CC3)C2)CC1
C1CCC(CCC2CCCC(C3CC(CCC4CCCCC4)C4CCCCC43)C2)CC1
C1CCC(CCC2CCCC(C3CC(C4CCCCC4)CC(C4CCCC4)C3)C2)CC1
C1CCC(CC2CCCCC2C2CCCC(C3CCCCC3)C2)CC1
C1CCC(CCC2CCC(C3CCCCC3)CC2)CC1
C1CCC(CC2CCCC(CCC3CCCCC3C3CCCCC3)C2)CC1
C1CCC(CCCC2CCC(C3CCC4CCCCC43)CC2C2CCCCC2)CC1
C1CCC(CC2CCC(C3CCC(C4CCCCC4)CC3)CC2)CC1
C1CCC(CCC2CCCC(CC3CCCC4CC(C5CCC(CC6CCCCC6)CC5)CCC34)C2)CC1
C1CCC(CC(CCC2CCC2)C2CCCC(C3CCCCC3)C2)CC1
C1CCC(CC2CC(C3CCCCC3)C3CC(CC4CCCC4)CCC23)CC1
C1CCC(C2CCCC(CCC3CCCC3)C2)CC1
C1CCC(CC2CCCCC2C2CCC(C3CCCCC3)CC2)CC1
C1CCC(C2CCCC(C3CCCCC3)C2)CC1
C1CCC(C2CCC(CC3CCC(CC4CCCC(C5CCCCC5)C4)CC3)CC2)CC1
C1CCC(CCCC2CC(C3CCCCC3)CCC2CCC2CCCCC2)CC1
C1CCC(CCC2CCCC(CC3CCC4CCCC4C3)C2)CC1
C1CCC(CC2CCCC(CC3CCCCC3C3CCCCC3C3CCCCC3)C2)CC1
C1CCC(CCC2CCCCC2C2CCCC(C3CCCCC3)C2)CC1
C1CCC(C2CCCC(C3CCCC(C4CCC(C5CCCCC5C5CC6CCCCC6C5)C4)C3)C2)CC1
C1CCC(CC2CCCC(C3CCCC(CCC4CC4)C3)C2)CC1
C1CCC(CC2CCCC(C3CCCCC3)C2)CC1
C1CCC(C2CCC(C3CCC4CCCCC43)CC2)CC1
C1CCC(CC2CCCC(C3CCCCC3)C2)CC1
C1CCC(C2CCC(C3CCCC3)CC2C2CCCCC2)CC1
C1CCC(C2CCC(CCC3CCC(C4CCCCC4)CC3)CC2)CC1
C1CCC(CC2CCC(CCC3CCC(C4CCCC4)CC3)CC2)CC1
C1CCC(CC2CCC(CCC3CCC(C4CCCCC4)CC3)CC2)CC1
C1CCC(CCC2CCC(C3CCCC(C(C4CCCC4)C4CCCC(CCC5CCCCC5)C4)C3)CC2)CC1
C1CCC(C2CCC(C3CCCCC3)CC2)CC1
C1CCC(CCC2CC(CC3CCCCC3)CC(C3CCCCC3)C2)CC1
C1CCC(CC2C(C3CCCCC3)CC(C3CCCCC3)CC2C2CCC2)CC1
C1CCC(CCCC2CCCC(C3CCC4CCCCC43)C2)CC1
C1CCC(CCCC2CCCC(CC3CCCCC3)C2)CC1
C1CCC(CCC2CCCCC2C2CCC(CC3CCC4CCCC4C3)CC2)CC1
C1CCC(C2CCCC(C3CCCC3C3CCCC(CC4CC5CCCCC5C4)C3)C2)CC1
C1CCC(CC2CCC(CCCC3CCCCC3C3CCCCC3)CC2)CC1
C1CCC(CCC2CCCC(CCC3CCC(CC4CCCCC4)CC3)C2)CC1
C1CCC(CCCC2CCC(C3CCCCC3)CC2C2CCCC2)CC1
C1CCC(CC2CCC(CC3CCC(C4CCC5CCCC5C4)CC3)CC2)CC1
C1CCC(C2CCCC(CC3CCC4CCCCC43)C2)CC1
C1CCC(C2CCCCC2)CC1
C1CCC(CCCC2CCC(CC3CCC(C4CCCCC4)C(CCC4CCC4)C3)CC2)CC1
C1CCC(C2CC(C3CCCCC3)CC(C3CCCCC3)C2)CC1
C1CCC(CCCCC2CCCCC2C2CCC(C3CCC(C4CCCCC4)CC3)CC2)CC1
C1CCC(CCC2CCC(C3CCC(C4CCCC(C5CCCCC5)C4)CC3)CC2)CC1
C1CCC(CC2CCC(CCC3CCC4CCCC4C3)CC2)CC1
C1CCC(CC2CCC(C3CC3C3CCCCC3)CC2)CC1
C1CCC(C2CC3CCC(CC4CC5CCCCC5C4)CC3C(C3CCCCC3)C2)CC1
C(CC1CC1)CC1CCCC(C2CCC3CC(C4CCC5CCCCC54)CCC3C2)C1
C1CCC(CCC2CCC(C3CCCCC3CCC3CCCCC3)C(C3CCC4CCCC4C3)C2)CC1
C1CCC(C2CCC(CCC3CCCC(C4CC4)C3)CC2)CC1
C1CCC(CC2CCCC(C3CCC4C(CC5CCCCC5)CC(C5CCCC5)C4C3)C2)CC1
C1CCC(CC2CCC(C3CC(C4CCC(C5CCCC5)CC4)C4CCCCC34)CC2)C1
C1CCC(CC2CCCCC2CCCC2CCC(CC3CCCCC3)C(C3CCC3)C2)CC1
C1CCC(C2CCCC(CC3CCCC(C4CCCCC4C4CCCC4)C3)C2)C1
C1CCC(CCCCC2CC(C3CCCC(C4CCC5CCCCC54)C3)CCC2CC2CCCCC2)CC1
C1CCC(CC2CCC(C3CCCC(C4CCCC5CCCCC54)C3)CC2)CC1
C1CCC(CCC2CCCCC2C2CCCCC2CC2CC2)CC1
C1CCC(CCC2CC(C3CC4CCCCC4C3)C3CCCCC23)CC1
C1CCC(CCCCC2CCC(CC3CC(CCC4CCCCC4)C4CCCCC34)CC2)CC1
C1CCC(C2CCC(CC3CCCC(C4CCCCC4)C3)CC2)CC1
C1CCC(CCCCC2CCC(CC3CCC(C4CCCC(C5CCC5)C4)CC3)CC2)CC1
C1CCC(C2CCCCC2)CC1
C1CCC(CCCC2CCC(C3CCC4C(CCC4C4CCCCC4)C3)CC2)CC1
C1CCC(C2CCC(C3CCC4CCCCC4C3)CC2)CC1
C1CCC(CC2CC(CC3CCCCC3)C3CC(CC4CCCC(C5CCCC5)C4)CCC23)CC1
C1CCC(CC(CC2CCC(C3CCCCC3)CC2C2CCCCC2)C2CCCC(C3CCCCC3)C2)CC1
C1CCC(CC2CCC3CC(C4CCC5CCCCC54)CC(C4CCCCC4)C3C2)CC1
C1CCC(CC2CCCC(C3CCCC(C4CCCCC4CC4CCCCC4)C3)C2)CC1
C1CCC(CC2CCC(C3CCC(CC4CC(CC5CCCCC5)CCC4CCC4CC4)CC3)CC2)CC1
C1CCC(CC2CCCC(C3CCCC4CC(C5CCCC5CC5CCCCC5)CCC43)C2)CC1
C1CCC(C2CCCC(C3CCC(C4CCC5CCCCC54)C(C4CCC5CCCC5C4)C3)C2)CC1
C(CCC1CCC(C2CCCCC2C2CCC3CCCC3C2)CC1)CCC1CC2CCCCC2C1
C1CCC(CC2CCCC(CCC3CCCC(C4CCCCC4)C3)C2)CC1
C(CCC1CCC(C2CCCC2)CC1)CCC1CCCC(CC2CC3CCCCC3C2)C1
C1CCC(CCC2CCCC(C3CCCCC3C3CCCCC3C3CCCC(C4CCCC4)C3)C2)CC1
C1CCC(CC2CCC(CC3CCC(CC4CCCCC4)CC3)CC2)CC1
C1CCC(C2CCCCC2C2CCCCC2)CC1
C1CCC(CC2CCCCC2CCC2CCCC(C3CCCC3)C2)CC1
C1CCC(C2CCC3CCCC(C4CCCCC4)C3C2)CC1
C1CCC(C2CCC(C3CCCCC3)CC2)CC1
C1CCC(CC2CCC(C3CCCCC3)CC2C2CCCC2)CC1
C1CCC(C2CCCC(CC3CCCC(C4CC4)C3)C2)CC1
C1CCC(C(CCC2CC3CCCCC3C2)(C2CCCCC2)C2CCC(C3CCCC3)CC2)CC1
C1CCC(CCC2CCCCC2)CC1
C1CCC(CC2CCC(C3CCCC3)CC2C2CCC3CCCC3C2)CC1
C1CCC(C2CCCCC2C2CCCCC2)CC1
C1CCC(CC2CCC(CC3CCC(C4CCCCC4)CC3)CC2)CC1
C1CCC(C2CCC(C3CCCCC3)C(CC3CC3)C2)CC1
C1CCC(C2CCCCC2)CC1
C1CCC(CC2CCCCC2C2CCC(C3CCC(C4CCC4)CC3)CC2)CC1
C1CCC(CC2CCCC(C3CCC(CC4CCCCC4CC4CCCCC4)CC3)C2)CC1
C1CCC(CC2CCC(C3CCCCC3)CC2)CC1
C(CCCCC1CCCCC1CC1CCCCC1)CCCC1CCCCC1
C1CCC(CC2CCC(C3CCC4C(CCC4C4CCC4)C3)CC2)CC1
C1CCC(CC2CCC(CC3CCCC(C4CCCC(C5CCCCC5)C4)C3)CC2)CC1
C1CCC(C2CCCC(CCCC3CC4CCCCC4C3)C2)CC1
C1CCC(C2CCCCC2C2CCC(C3CCCCC3C3CCCC3)CC2)CC1
C1CCC(CCCC2CCCC(C3CCCCC3)C2)CC1
C1CCC(CC2CC(C3CCCCC3)C3CCCCC23)CC1
C1CCC(C2CCCC(C3CC(C4CCCC4)CCC3C3CCCC(CC4CC4)C3)C2)CC1
C1CCC(C2CCC(C3CCCCC3)CC2)CC1
C1CCC(CCCCC2CCCCC2C2CCCCC2CC2CCCCC2)CC1
C1CCC2CC(CC3CCCC(C4CCCC(C5CCC6CCCC6C5)C4)C3)CC2C1
C1CCC(CCC2CCC(CC3CCCCC3CC3CCCCC3)CC2)CC1
C1CCC(CC2CCC(C3CCCC(C4CCC4)C3)C(CC3CC3)C2)CC1
C1CCC(CCCC2CC(C3CCCCC3)CCC2C2CCCCC2)CC1
C1CCC(CCC2CCC(CC3CCCCC3)CC2)CC1
C1CCC(CCCC2CCC(C3CCC(C4CCCCC4)CC3)C(C3CCCC3)C2)CC1
C1CCC(CCC2CCCC(C3CCCCC3)C2)CC1
C1CCC(C2CCCC(C3CCC(CC4CCC(C5CCCC5)CC4)CC3)C2)CC1
C1CCC(CC2CCC(CC3CCC(C4CCC5CCCCC5C4)CC3)CC2)CC1
C1CCC(C2CCC3C(CCC3C3CCCC(C4CCCCC4)C3)C2)CC1
C1CCC(CC2CCCC(CC3CCCCC3)C2)CC1
C1CCC(C2CC(C3CCCC3)CC(C3CCC(C4CC4)CC3)C2)CC1
C1CCC(C2CCCC(CC3CCC(CCC4CC4)CC3)C2)CC1
C1CCC(CCC2CCC(CC3CCC(CC4CC5CCCCC5C4)CC3)CC2)CC1
C1CCC(CC2CCCCC2C2CCC(C3CCCC3)CC2)CC1
C1CCC(CCCCC2CC(C3CCCCC3)CC(C3CCCC3)C2)CC1
C1CC(CC2CCCC(C3CCCC(C4CCCC(C5CC5)C4)C3)C2)C1
C1CCC(C2CCC(CC3CCC(CCCC4CC4)CC3)CC2)CC1
C1CCC(CC2CCC(C3CCC(C4CCCCC4)CC3C3CCCCC3)CC2)CC1
C1CCC(CC(C2CCC(C3CCCCC3)CC2)C2CC2)CC1
C1CCC(CCC2CCCC(CC3CCC(CC4CCCC4)CC3)C2)CC1
C1CCC(C2CCCC(C3CCC4CC(C5CCC6CCCCC65)CC(C5CCCCC5)C4C3)C2)CC1
C1CCC(CC2CC(C3CCC(C4CCCCC4)CC3)C3CCCCC23)CC1
C1CCC(CCC2CCC(C3CCCC3)CC2)CC1
C1CCC(C2CCC(C3CCCC(C4CCCCC4)C3)CC2)CC1
C1CCC(CCC2CCCC(C3CCCC(CC4CCCCC4)C3)C2)CC1
C1CCC(CC2CCC(CC3CCCCC3)CC2)CC1
C1CCC(CC2CCC(CC3CC(CC4CCCCC4)CCC3C3CCCCC3)CC2)CC1
C1CCC(CC2CCC(CC3CC4CCCCC4C3)CC2)CC1
C1CCC(C2CCCC(C3CCCC3CCC3CCC(C4CCCCC4)CC3C3CCCC3)C2)CC1
C1CCC(CC2CCCCC2)CC1
C1CCC(C2CCC(CCCC3CCC(C4CCCCC4)CC3)CC2)CC1
C1CC(CC2CCC(CC3CCCC(C4CCC5CCCC5C4)C3)CC2)C1
C1CCC(CCC2CCC(C3CCCC(C4CCCCC4)C3)CC2)CC1
C1CCC(C2CCC(CCC3CCC(C4CCCCC4)CC3)CC2)CC1
C1CCC(C2CCC(C3CCCC4CCCCC43)C(CC3CC3)C2)CC1
C1CCC(C2CCCC(C3CCC4CCCCC43)C2)CC1
C1CCC(CCCCC2CCC(C3CCCCC3)CC2)CC1
C1CCC(CC2CC(C3CCC4CCCCC43)CC3CCCCC32)CC1
C1CCC(CCC2CCCCC2C2CCCCC2)CC1
C1CCC(CC2CCC(CC3CCCCC3)CC2)CC1
C1CCC(CC2CCC(C3CCCC(C4CCCCC4)C3)CC2C2CCCC2)CC1
C1CCC(CC2CCC(C3CCC4CC(C5CCCC(CC6CCCCC6)C5)CCC43)CC2)CC1
C1CCC(C2CCCC(C3CCCCC3)C2)CC1
C1CCC(CCC2CCC(CC3CCC(C4CCCCC4)CC3)CC2)CC1
C1CCC(CC2CCC(CC3CCCCC3CC3CCCC(C4CCCCC4)C3)CC2)CC1
C1CCC(CC2CCC(C3CCCCC3)CC2)CC1
C1CCC(CCCCC2CCC(C3CCCCC3)CC2)CC1
C1CCC(CC2CCC(CC3CCC(C4CCCCC4)CC3C3CCCCC3)CC2)CC1
C1CCC(CC2CCC(C3CCCCC3)C(CC3CCCCC3)C2)CC1
C1CCC(C2CCC(CC3CC(C4CCCC(CC5CC6CCCCC6C5)C4)C4CCCCC34)CC2)CC1
C1CCC(CC2CCCC(C3CCCC(C4CCCC(C5CCC6CCCC6C5)C4)C3)C2)CC1
C1CCC(CC2CC(CCC3CC3)CC(CC3CCC4CCCC4C3)C2)C1
C1CCC(CCCC2CCCC(C3CCC(CCC4CC4)CC3)C2)CC1
C1CCC(C2CCCC(CCC3CC4CCCCC4C3)C2)CC1
C1CCC(CCCC2CCC(C3CCCC(C4CCCCC4)C3)CC2)CC1
C1CCC(CC2CCC(C3CCC4CC(C5CCCCC5)CCC43)CC2)CC1
C1CCC(C2CCCC(C3CCCC(C4CCCCC4)C3)C2)CC1
C1CCC(CC2CCCC(C3CCCCC3)C2)CC1
C1CCC(C2CCCC(C3CCCC(C4CCCCC4)C3)C2)CC1
C1CCC(CCCCCC2CCC(CCCC3CCCC3)CC2)CC1
C1CCC(C2CCC(CC3CCCC(C4CCCC4)C3)CC2)CC1
C1CCC(C2CCCCC2C2CCC(C3CCCC3)CC2)CC1
C1CCC(CCC2CCCCC2C2CCCC(CC3CC3)C2)CC1
C1CCC(CC2CCC(C3CCC(CCC4CCCC(C5CCCCC5)C4)CC3)CC2)CC1
C1CCC(CC2CCCC(C3CCC(C4CCCC(C5CCCCC5)C4)CC3)C2)CC1
C(CCCC1CCCCC1)CCCC1CCCC(C2CCCC(C3CCCCC3)C2)C1
C1CCC(CC2CCC(C3CCCC(C4CCCCC4)C3)CC2)CC1
C1CCC(CC2CCC(CCCCC3CCC3)CC2)CC1
C1CCC(C2CCC(CC3CCCCC3C3CCCCC3)C(C3CCCC3)C2)CC1
C1CCC(CC2CCC(C3CCCCC3)CC2)CC1
C1CCC(CC2CCC(C3CCC(C4CCCCC4)CC3)CC2)CC1
C1CCC2C(C1)CCC2CCC1CC(C2CCCCC2C2CCCC2)C2CCCCC12
C1CCC(C2CCC(C3CCCCC3)CC2)CC1
C1CCC(CCC2CCC(C3CCCC(C4CCC4)C3)CC2CC2CCC2)CC1
C1CCC(CC2CCC(CC3CCC(C4CCCCC4)CC3)CC2)CC1
C1CCC(CCCC2CCC3CCC(C4CCCC(C5CCCCC5)C4)CC23)CC1
C1CCC(CCC2CCC(C3CCCCC3)CC2)CC1
C1CCC(C2CCC(C3CCCC4CCCCC43)CC2)CC1
C1CCC(CC2CCC(CC3CCC(CC4CC5CCCCC5C(C5CCCCC5)C4)CC3)CC2)CC1
C1CCC(CCC2CCCCC2C2CCC(C3CCCC3)CC2)C1
C1CCC(CCC2CCCC(CC3CCC(CC4CCCCC4)CC3)C2)CC1
C1CCC(CCCC2CCCC(C3CCCCC3)C2)CC1
C1CCC(C2CC(C3CCCC(CC4CCC5CCCCC54)C3)CCC2C2CCCC2)CC1
C1CCC(CC2CCCCC2C2CCC(C3CCCC3)CC2CC2CCC2)CC1
C1CCC(CCC2CCCC(CCC3CCC(CC4CCCCC4)CC3)C2)CC1
C1CCC(C2CCCCC2)CC1
C1CCC(C2CCC3C(CCC3C3CCCCC3)C2)CC1
C1CCC(CC2CCCCC2CC2CCCC(C3CCC4CCCC4C3)C2)CC1
C1CCC(CCCC2CCCCC2C2CCCC(C3CCC(CC4CCCCC4)CC3)C2)CC1
C1CCC(C2CCCC(C3CCCC(C4CCCCC4CC4CCCC4)C3)C2)CC1
C1CCC(C2CCCC(C3CC(C4CCC5CCCCC54)CC4CCC(C5CCCCC5)CC43)C2)CC1
C1CCC(CCC2CCC(C3CCCC(C4CCCCC4C4CCCCC4)C3)C2)CC1
C1CCC(C2CCCC(CC3CCCC(C4CCCCC4)C3)C2)CC1
C1CCC(C2CCCC(CC3CCC4CCCC4C3)C2)CC1
C1CCC(CCC2CCC(CCC3CCCC(CC4CCCCC4)C3)CC2)CC1
C1CCC(CC2CCCCC2)CC1
C1CCC(CCCC2CCC(CC3CCCCC3)CC2C2CCCCC2)CC1
C1CCC(CC2CCCC(C3CCCCC3)C2)CC1
C1CCC(C2CC(C3CCCC3)CC(C3CCCC(CCC4CCCC(C5CCC5)C4)C3)C2)CC1
C1CCC(CC2CCCCC2C2CCCCC2C2CCCCC2)CC1
C1CCC(CCCCC2CCC(CCCC3CC4CCCCC4C3)CC2)CC1
C1CCC(C2CCC(C3CCCCC3C3CCCCC3)CC2)CC1
C1CCC(C2CCC(C3CCCCC3)CC2)CC1
C1CCC(C2CCCC(C3CCC(C4CCCCC4C4CCCCC4)CC3)C2)CC1
C1CCC(C2CCCC(C3CCCCC3C3CCCCC3)C2)CC1
C1CCC(CCC2CCC(C3CCC(CCC4CCCC4)CC3)CC2)CC1
C1CCC(CCC2CCC(C3CCCCC3)CC2)CC1
C1CCC(C2CCC(C3CC4CCC(C5CCCCC5)CC4C3)CC2)CC1
C1CCC(C2CCCC(C3CCC(CCC4CCCC4)CC3)C2)CC1
C1CCC(CCC2CCC(C3CCCCC3)CC2)CC1
C1CCC(CC(C2CCCCC2)C2CCCCC2C2CCCCC2)CC1
C1CCC(CC2CC(CC3CCC(C4CCCCC4)CC3)C3CCCCC23)CC1
C1CCC(C2CCC(C3CCCCC3C3CCCCC3)CC2)CC1
C1CCC(CC2CCC(CCC3CCCC(C4CCCCC4)C3)CC2)CC1
C(CCC1CCC(C2CCCCC2)CC1)CCC1CCCC(C2CCCC(CCC3CCCC3)C2)C1
C1CCC(C2CCC(C3CCCCC3)C(C3CCCC3)C2)CC1
C1CCC(C2CCCCC2)CC1
C1CCC(CCC2CCCC(C3CCC(C4CCCCC4)CC3)C2)CC1
C1CCC(C2CCC(CC3CCC(C4CC4)CC3)CC2)CC1
C1CC(CC2CC3CCCCC3C2)CC(CC2CCCCC2C2CCC3C(CCCC3C3CCCC3)C2)C1
C1CCC(CC2CCC(CC3CCC(C4CCCC4)CC3)CC2)CC1
C1CCC(C2CC(C3CCC3)CC(C3CCC4CCCCC43)C2)CC1
C1CCC(C2CCC(CCC3CCC(C4CCCC4)C3)CC2)CC1
C1CCC(CCCC2CCCCC2)CC1
C1CCC(CCC2CCCC(CC3CCCCC3)C2)CC1
C1CCC(CCCC2CCC(C3CCC(C4CCC5CCCCC54)CC3)CC2)CC1
C1CCC(CCC2CCC(C3CCCC(CC4CC5CCCCC5C4)C3)CC2)CC1
C1CCC(CCCC2CCC(CC3CCC(C4CCCCC4)CC3)CC2)CC1
C1CCC(CCC2CCCC(C3CCC(C4CCCCC4)CC3)C2)CC1
C1CCC(C2CCC(CC3CCC(C4CCCC5CCCCC54)CC3)C2)CC1
C1CCC(CCC2CCCCC2CC2CCCCC2)CC1
C1CCC(CCCC2CCC(C3CCCCC3)CC2)CC1
C1CCC(CC2CCC(CC3CCC(CC4CCC(CCC5CCCC5)CC4)CC3)CC2)CC1
C1CCC(C2CCC(C3CCCCC3C3CCCC3)CC2)CC1
C1CCC(C2CCCC(CC3CCC(C4CCCC(C5CCCCC5)C4)CC3)C2)CC1
C1CCC(CCCCC2CCCC(C3CCCC(CCC4CCCC(C5CCC5)C4)C3)C2)CC1
C1CCC(CC2CC(C3CCCCC3)CC(C3CCCC(C4CCCCC4)C3)C2)CC1
C1CCC(CCC2CCCC(C3CCCCC3)C2)CC1
C1CCC(CCCC2CCCC(CCC3CCCC(C4CC5CCCCC5C4)C3)C2)CC1
C1CCC(CCCC2CCC(CC3CCCCC3)CC2)CC1
C1CCC(CCCC2CCCC(C3CCC(C4CCCC4)CC3)C2)CC1
C1CCC(CCC2CCCC(CC3CCC(CC4CCCCC4)CC3)C2)CC1
C1CCC(C2CCCC(C3CCC(CCCC4CC5CCCCC5C4)CC3)C2)CC1
C1CCC(CC(CCC2CCC3CCCC3C2)C2CCCC(C3CCCC3)C2)CC1
C1CCC(CCC2CCC(C3CCCCC3)C(CCC3CCCCC3)C2)CC1
C1CCC(CCCCC2CCC(C3CCCC(C4CCC(CC5CCCC5)CC4)C3)CC2)CC1
C1CCC(CCCCC2CCC(C3CCC(C4CCCCC4)CC3C3CCCC3)CC2)CC1
C1CCC(CC2CCC(CCCC3CCCC(C4CC4)C3)CC2)CC1
C1CCC(CC2CCC(C3CCCCC3)CC2)CC1
C1CCC(CC2CCC(CCC3CCCC(C4CCC(C5CCCCC5)CC4)C3)CC2)CC1
C1CCC(CCC2CCCC(C3CCCCC3)C2)CC1
C1CCC(C2CCCC(C3CCCCC3C3CCCC3)C2)CC1
C1CCC(CCC2CCCCC2C2CCC3CCC(C4CCC5CCCCC5C4)CC3C2)CC1
C1CCC(CC2CCCCC2)CC1
C1CCC(CCCCC2CCC(CC3CCC(CC4CCC(C5CCCCC5)CC4)CC3)CC2)CC1
C1CCC(CCC2CC(CC3CCCCC3)C3CC(CC4CCCCC4)CCC23)CC1
C1CCC(C2CC(CC3CCC(CC4CC5CCCCC5C4)CC3)C3CCCCC32)CC1
C1CCC(C2CCCC(C3CC(C4CC4)CC(C4CCCC(CCC5CCC5)C4)C3)C2)CC1
C1CCC(CCC2CCCC(C3CCCC(C4CCCCC4)C3)C2)CC1
C1CCC(C2CCCCC2C2CCC3C(CCC3C3CCCC3)C2)CC1
C1CCC(C2CCCC(C3CCCC(CC4CCCCC4C4CCCCC4)C3)C2)CC1
C1CCC(CCC2CCCC(C3CCC(C4CCC5C(CCCC5C5CCCCC5)C4)CC3)C2)CC1
C1CCC(CC2CCC(CC3CCC(CC4CCC5CCCCC5C4)CC3)CC2)CC1
C1CCC(CCC2CCC(C3CCCCC3)CC2)CC1
C1CCC(CCCC2CCC(C3CC(C4CCC(C5CCCCC5C5CCCCC5)CC4)C3)CC2)CC1
C1CCC(CC2CCC(C3CCCC(CC4CCCCC4)C3)CC2)CC1
C1CCC(C2CCC(C3CCC(C4CC4)CC3)CC2)CC1
C1CCC(CC2CCCC(C3CCCCC3)C2)CC1
C1CCC(C2CCC(CCCC3CC3)CC2)CC1
C1CCC(CCC2CCC(C3CCCC3)CC2)CC1
C1CCC(CC2CC(C3CCCC(C4CCCCC4)C3)C3CCCCC23)CC1
C1CCC(C2CCCC(C3CCCCC3)C2)CC1
C1CCC(CC2CCCC(C3CCCCC3)C2)CC1
C1CCC(CCCC2CCCCC2CC2CCC(CC3CCCCC3)CC2)CC1
C1CCC(CC2CCCCC2C2CCCCC2C2CCCCC2C2CCCCC2)CC1
C1CCC(CCCCC2CCCC(C3CC4CCCCC4C3)C2)CC1
C(CCCC1CC2CCCCC2C1)CCC1CCC(CC2CCC(C3CCCCC3)CC2)CC1
C1CCC(CC2CCCCC2C2CCCCC2C2CCCC2)CC1
C1CCC(CCC2CCC(CCC3CCCCC3)CC2)CC1
C1CCC(CC2CCC(C3CC(CC4CCCCC4)C4CCCCC43)CC2)CC1
C1CCC(CC2CCC(CC3CCC(C4CC(C5CCCCC5)C5CCCCC45)CC3)CC2)CC1
C1CCC(CCC2CCCCC2)CC1
C1CCC(C2CCCC(C3CCC4C(CCC4C4CCCC4)C3)C2)CC1
C1CCC(C2CCC(C3CCCC(C4CCCCC4)C3)CC2)CC1
C1CCC(CCCC2CCCC(C3CCC(CC4CCCCC4)CC3)C2)CC1
C1CCC(CCC2CCCC3CC(C4CCCCC4CC4CC4)CC23)CC1
C1CCC(CCC2CCC(C(CC3CC3)C3CC4CCCCC4C3)CC2)CC1
C1CCC(CC2CC(C3CCCCC3C3CCCC3)C3CCCCC23)CC1
C1CCC(C2CCCC(CC3CC4CCCCC4C3)C2)CC1
C1CCC(CCC2CCC(C3CCC(C4CC4)CC3)CC2)CC1
C1CCC(CCC2CCC(C3CCCCC3)C(C3CCC(CC4CC5CCCCC5C4)CC3)C2)CC1
C1CCC(C2CCCC(C3CCCCC3)C2)CC1
C1CCC(C2CCC3CC(C4CCC5CCCCC54)CC(C4CCCCC4)C3C2)CC1
C1CCC(CC2CCC(CCC3CC4CCCCC4C3)CC2)CC1
C1CCC(C2CCC(CCCC3CC(C4CCCCC4)CC(C4CCCCC4)C3)CC2)CC1
C1CCC(C2CCCCC2)CC1
C1CCC(CC2CCCCC2CCC2CCCCC2CC2CCC(C3CCCCC3)CC2)CC1
C1CCC(CC2CC(C3CCC3)CC(C3CCC4CCCCC4C3)C2)CC1
C1CCC(C2CCC(CC3CCCC(C4CCCCC4)C3)CC2)CC1
C1CCC(CCC2CCC(CC3CCC(CCC4CCCCC4)CC3)CC2)CC1
C1CCC(C2CCCC(CCCC3CCC(CC4CC5CCCCC5C4)CC3)C2)CC1
C1CCC(CCC2CCC(CC3CCCC(C4CCCCC4CC4CCCCC4)C3)CC2)CC1
C1CCC(C2CCCC3CC(C4CCCCC4C4CCC5CCCC5C4)CCC32)CC1
C1CCC(CC2CCC(CC3CCCCC3)CC2)CC1
C1CCC(C2CCCC(C3CCC(C4CC5CCCCC5C4)CC3)C2)CC1
C1CCC(C2CC(C3CCC(C4CCCC(CC5CCCC5)C4)CC3)C3CCCCC23)CC1
C1CCC(C2CCC(C(C3CCCC3)C3CCCCC3C3CCC(C4CCCC4)CC3)CC2)CC1
C1CCC(CC2CCCCC2C2CCC(C3CCCCC3)CC2)CC1
C1CCC(CCC2CCCCC2)CC1
C1CCC(CC2CCC(C3CCCCC3)CC2)CC1
C1CCC(C2CC(C3CCCCC3)CC(C3CCCC(CC4CCCC4)C3)C2)CC1
C1CCC(C2CCC(CC3CCC(C4CCC5CCCCC5C4)CC3)CC2)CC1
C1CCC(CC2CCCCC2C2CCC3C(CCCC3C3CCCCC3)C2)CC1
C1CCC(C2CCCC(CCC3CCCCC3C3CCCCC3)C2)CC1
C1CCC(CC2CCC(CC3CCCC(C4CCCCC4C4CCC(C5CCCC5)CC4)C3)CC2)CC1
C1CCC(C2CCC(CCCC3CCC(C4CCCCC4)CC3)CC2)CC1
C1CCC(CC2CCCCC2C2CCC(CC3CC3)CC2)CC1
C1CCC(C2CCCCC2CCCC2CCCCC2C2CCCCC2)CC1
C1CCC(CC2CCC3CC(C4CCCCC4)CC(CC4CCCCC4)C3C2)CC1
C1CCC(C2CCC(C3CCCC(C4CCCCC4)C3)CC2)CC1
C1CCC(CCC2CCC(C3CCCC(CC4CCCCC4)C3)CC2)CC1
C1CCC(CC2CCC(CC3CCCCC3CC3CC4CCCCC4C3)CC2)C1
C1CCC(C2CCC(CC3CCC4CC(C5CCCCC5)CCC34)CC2)CC1
C1CCC(CC2CCC(CC3CCCCC3)CC2)CC1
C1CCC(CC2CCC(CC3CCC(CC4CCCCC4)CC3)CC2)CC1
C1CCC(CCCC2CCCC(C3CCCCC3)C2)CC1
C1CCC(C2CCC(C3CCCCC3)C(C3CCCCC3C3CCCCC3C3CCCC3)C2)CC1
C1CCC(CC2CCC3CCC(C4CCCCC4)C3C2)CC1
C1CCC(C2CCCCC2)CC1
C1CCC(C2CCC(C3CCCC(C4CCC(C5CCCCC5)CC4)C3)CC2)CC1
C1CCC(CCC2CCCC(C(C3CCCCC3)C3CCCCC3)C2)CC1
C1CCC(CC2CCCC(CC3CCC(CC4CCC5C(CC6CCCCC6)CCC5C4)CC3)C2)CC1
C1CCC(CC2CCC(C(C3CCCCC3)C3CCCCC3)CC2)CC1
C1CCC(CC2CCC(CC3CCC(CCC4CCC5CCCC5C4)CC3)CC2)CC1
C1CCC(CCCC2CCC(CC3CCCCC3)CC2)CC1
C1CCC(CCC(CC2CCC(C3CCC4CCCC4C3)CC2)C2CCCCC2)CC1
C1CCC(CCCC2CCC(CC3CCCCC3)CC2)CC1
C1CCC(CCC2CCCCC2C2CC3CCCCC3C2)CC1
C1CCC(CC2CCC(C3CCC(C4CCCCC4)CC3)CC2)CC1
C1CCC(C2CCC(C3CCCC(C4CCCCC4)C3)CC2)CC1
C1CCC(CCC2CCCC(CCCC3CCCCC3CC3CCCCC3)C2)CC1
C1CCC(CC2CCCC(C3CCCC(C4CCC5CCCC5C4)C3)C2)CC1
C1CCC(CCC2CCCC(C3CCCC3)C2)CC1
C1CCC(C2CCC3C(CCCC3C3CCCCC3C3CCCC3)C2)CC1
C1CCC(CC2CCC3C(CCC3C3CCC(C4CC4)CC3)C2)CC1
C1CCC(C2CCCC(C3CCCCC3)C2)CC1
C1CCC(CC2CCCCC2C2CCC(C3CCCCC3)CC2)CC1
C1CCC(CC2CCC(CC3CCC(CCC(C4CCCCC4)C4CCCCC4)CC3)CC2)CC1
C1CCC(CC2CCC(C3CCC(CC4CCCCC4)CC3)CC2)CC1
C1CCC(CC2CCCCC2C2CCC(C3CCC4CCCC4C3)CC2CC2CC3CCCCC3C2)CC1
C1CCC(CCC2CCC(CC3CCC(CC4CCCCC4)CC3)CC2)CC1
C1CCC(CC2CCC(C3CCC(CCCC4CCCCC4CC4CCCCC4)CC3)CC2)CC1
C1CCC(CCC2CCCC(CC3CCCC3)C2)CC1
C1CCC(C2CCC(C(C3CCCCC3)C3CCC4CCCC4C3)CC2)CC1
C1CCC(CCC2CCCC(CCC3CCC4CCCCC4C3)C2)CC1
C1CCC(CC2CCC(CCC3CCC(CC4CCCCC4)CC3C3CCCC3)CC2)CC1
C1CCC(CC2CCC(C3CCC(C4CCCCC4)CC3)CC2)CC1
C1CCC(C2CCCC2C2CCC3C(CCCC3C3CCCCC3)C2)CC1
C1CCC(CCC2CCC(CCCC3CCCC(CCC4CCCCC4)C3)CC2)CC1
C1CCC(C2CCCC(C3CCC(CC4CCCCC4C4CCC4)CC3)C2)CC1
C1CCC(C2CCCC(CC3CCC(CC4CCC(CC5CC5)CC4)CC3)C2)CC1
C1CCC(C2CCC(C3CCCCC3C3CCCCC3)C(C3CCCC3)C2)CC1
C1CCC(C2CC3CCCCC3C(C3CCCCC3)C2)CC1
C1CCC(CC2CCC(CC3CCC(CCC4CC4)CC3)CC2)CC1
C1CCC(CC2CCCCC2C2CCCC(C3CCCC(C4CCCCC4)C3)C2)CC1
C1CCC(C2CCC(CCCC3CCCC(C4CCC4)C3)CC2)CC1
C1CCC(CC2CCCCC2C2CC(C3CCCCC3)CC(C3CCC3)C2)CC1
C1CCC(CCCCC2CCC(CC3CCCCC3)CC2)CC1
C1CCC(CCCC2CCCCC2CC2CCCC(C3CCCCC3)C2)CC1
C1CCC(CC2CCC(CC3CCCCC3)CC2)CC1
C1CCC(CCC2CCCCC2CC2CCCCC2)CC1
C1CCC(CCC2CCC(C3CCCC(C4CCCCC4)C3)CC2)CC1
C1CCC(C2CCC(CC3CCC(C4CCCCC4)CC3)CC2)CC1
C1CCC(CCC2CCCC(C3CCCCC3)C2)CC1
C1CCC(CCCCC2CCCC(CC3CCCC3)C2)CC1
C1CCC(CC2CCC(C3CCCCC3)CC2)CC1
C1CCC(CC2CCCCC2CC2CCCCC2)CC1
C1CCC(CCC2CCC3C(CC4CC4)CC(CC4CCC(CCC5CCCC5)CC4)C3C2)CC1
C1CCC(CCC2CCCCC2C2CCC3CCC(C4CCCC(CC5CCCCC5)C4)CC3C2)CC1
C1CCC(CC2CCC(CC3CCC(C4CCCCC4CC4CCCCC4)CC3)CC2)CC1
C1CCC(CC2CCC(CC3CCCCC3)CC2)CC1
C1CCC(C2CC(C3CCC4CCCCC43)CC3CCCCC32)CC1
C1CCC(C2CCCC(C3CCCCC3)C2)CC1
C1CCC(CCC2CCCC(C3CCCC(CC4CCCCC4)C3)C2)CC1
C1CCC(CCC2CCCCC2)CC1
C1CCC(CCCC2CCCCC2C2CCCCC2)CC1
C1CCC(CC2CCCC(C3CCCC(CCC4CCCC4)C3)C2)CC1
C1CCC(CC(CC2CCC(CCC3CCC4CCCCC43)CC2)C2CCCCC2)CC1
C1CCC(CCC2CCC(CCCC3CC(C4CCCCC4)CC(C4CCCCC4)C3)CC2)CC1
C1CCC(C2CCC(C3CCC(C4CCCC(C5CCCC5)C4)CC3)CC2)CC1
C1CCC(C2CC(C3CCCCC3)C3CC(CCC4CCCC4)CCC23)CC1
C1CCC(CCC2CC(CCC3CCC(C4CCC(CC5CC6CCCCC6C5)CC4)CC3)C3CCCCC23)CC1
C1CCC(CC2CCC(C3CCCC(C4CCCCC4)C3)CC2C2CCCC2)CC1
C1CCC(C2CCCCC2C2CCCCC2)CC1
C1CCC(CC2CCC(C3CCCC(CC4CCC(C5CCCCC5)CC4)C3)CC2)CC1
C1CCC(C2CCC(CCC3CC(C4CCCCC4)CC(C4CCCC4)C3)CC2)CC1
C1CCC(C2CCC(C3CCCCC3)CC2)CC1
C1CCC(C2CCC(C3CCCC(C4CCCC(C5CCC6CCCCC6C5)C4)C3)CC2)CC1
C1CCC(CCCC2CCCC(C3CCCCC3)C2)CC1
C1CCC(CC2CCCCC2CC2CCCC(C3CCCCC3)C2)CC1
C1CCC(C2CCC(C3CCCCC3)C(C3CCCC3)C2)CC1
C1CCC(CCCCC2CCC3C(CC4CCCCC4)CCC3C2)CC1
C1CCC(CCC2CCC(CC3CCCC(CC4CCCCC4)C3)CC2)CC1
C1CCC(C2CCC(C3CCCCC3)CC2)CC1
C1CCC(CC2CCC(C3CCCCC3)CC2)CC1
C1CCC(CCCC2CCC(C3CCCC(CC4CCCCC4)C3)CC2)CC1
C1CC(CC2CCC(C3CCCC3)CC2)CC(CC2CCC(C3CCCC3)CC2)C1
C1CCC(CC2CCC(C3CCCCC3CC3CCCCC3)CC2)CC1
C1CCC(CCC2CCCC(C3CCCCC3)C2)CC1
C1CCC(CC2CCCC(CC3CCCCC3CC3CCCCC3)C2)CC1
C1CCC(CCCC2CCCCC2C2CCC(C3CCCC(C4CCCCC4)C3)C2)CC1
C1CCC(CC2CCC(CC3CCCC(CC4CCCCC4)C3)CC2)CC1
C1CCC(CC2CC(CC3CCCCC3CC3CCC4CCCC4C3)C3CCCCC23)CC1
C1CCC(CC2CCCC(C3CCCC(C4CCCC4)C3C3CC3)C2)CC1
C1CCC(CC2CCCC(C3CCCC(C4CCC5CCCC5C4)C3)C2)CC1
C1CCC(CC2CCC(C3CCCC(CC4CCCCC4C4CCC5CCCCC5C4)C3)CC2)CC1
C1CCC(CC2CCC(C3CCCC3C3CCC(CC4CCC(C5CCCCC5)CC4)CC3)CC2)CC1
C1CCC(C2CCCC(CC3CCCC(C4CC4)C3)C2)CC1
C1CCC(CC2CCC(C3CCCCC3CCCC3CCCCC3CC3CC4CCCCC4C3)CC2)CC1
C1CCC(C2CCCCC2)CC1
C1CCC(C2CCC(CC3CCCC(C4CCCC4)C3)CC2)CC1
C1CCC(C2CCC(C3CCCCC3)CC2)CC1
C1CCC(CC2CCCCC2CC2CC3CCCCC3C2)CC1
C1CCC(CCC2CCC(C3CCC4CCCC4C3)CC2C2CCCC2)CC1
C1CCC(CCC2CCCCC2C2CCCCC2)CC1
C1CCC(CCC2CCC(CC3CCCCC3)CC2)CC1
C1CCC(CCCC2CCCC(C3CCC(C4CCCCC4)CC3)C2)CC1
C1CCC(CC2CCC(C3CCCCC3C3CCCC3)CC2C2CCCCC2)CC1
C1CCC(CCC2CCC(CC3CCC(CC4CCCCC4)CC3)CC2)CC1
C1CCC(CC2CCCCC2C2CCCC(C3CC3)C2)CC1
C1CCC(CC2CCCCC2CCC2CCCC(C3CCCCC3)C2)CC1
C1CCC(CC2CCCCC2)CC1
C1CCC(C2CCC(C3CCC(CC4CCC5CCCC5C4)CC3C3CCCC3)CC2)C1
C1CCC(CCC2CCC(CC3CCC4CCCCC43)CC2)CC1
C1CCC(C2CCC(C3CC(C4CCCCC4)C4CCCCC34)CC2)CC1
C1CCC(CC2CCCC(C3CCCCC3C3CCCC3)C2)CC1
C1CCC(CC2CCC(C3CCCCC3)CC2)CC1
C1CCC(CCC2CC(C3CCCCC3)CC(C3CCC3)C2)CC1
C1CCC(CCC2CCCCC2CCC2CCC(C3CCCCC3)CC2)CC1
C1CCC(CCC2CCCC(C3CCCCC3)C2)CC1
C1CCC(CCCC2CCCC(C3CCC(CC4CCCCC4)CC3)C2)CC1
C1CCC(C2CCCCC2C2CCCCC2)CC1
C1CCC(CC2CCC(CC3CCCCC3C3CCC(C4CCCCC4)C4CCCC43)CC2)CC1
C1CCC(CC2CCC(C3CCC(C4CCCC(CC5CCCCC5)C4)CC3)CC2)CC1
C1CCC(CCC2CCCCC2CCC2CCCCC2C2CCCC2)CC1
C1CCC(CC2CCC(CC3CCC(C4CCCCC4)CC3)C2)CC1
C(CCCC1CCC(C2CCCCC2)CC1)CCC1CCC(CC2CCCCC2)CC1
C1CCC(CC2CCC(CC3CCCCC3)CC2)CC1
C1CCC(CC2CC(C3CCCCC3)CC(C3CCCCC3)C2)CC1
C1CCC(C2CCCC(C3CCCC3)C2)CC1
C1CCC(CC2CCCCC2C2CCCC2)CC1
C1CCC(C2CCCC(C3CCC(CCC4CCC4)CC3)C2)CC1
C1CCC(CCCC2CC(C3CCC(C4CCCC(C5CCC5)C4)CC3)C3CCCCC23)CC1
C1CCC(CCCCC2CCC3CC(C4CCC5CCCCC54)CC(C4CCCCC4)C3C2)CC1
C1CCC(CCC2CCC(C3CCCCC3)C2C2CCCC(C3CCCCC3)C2)CC1
C1CCC(CCC2CCCCC2CC2CC3CCCCC3C2)CC1
C1CCC(CC2CCCC(C3CCCCC3)C2)CC1
C1CCC(CCCCC2CCC(CCC3CCCCC3)CC2)CC1
C1CCC(CC2CCC(C3CC3)CC2)CC1
C1CCC(CCCC2CCCC(C3CCC(C4CCCC(C5CCCCC5)C4)CC3)C2)CC1
C1CCC(CCCC2CCCCC2C2CC(CC3CCCCC3)CC(C3CCC3)C2)CC1
C1CCC(C2CCC(C3CCC(C4CCCC(CCC5CC6CCCCC6C5)C4)CC3)CC2)C1
C1CCC(CC2CCC(C3CCC4C(CCCC4C4CCCC4)C3)CC2)CC1
C1CCC(CC2CCC(CCC3CCC(CC4CCCCC4)CC3)CC2)CC1
C1CCC(C2CCC(C3CCCCC3)CC2)CC1
C1CCC(CC2CCC(CC3CCCCC3)CC2)CC1
C1CCC(C2CCC(CC3CCCCC3C3CCCC3)CC2)CC1
C1CCC(CCCC2CCC(CC3CCC(CC4CC4)CC3)CC2)CC1
C1CCC(CCCC2CCCC(C3CCCC(CC4CCCCC4)C3)C2)CC1
C1CCC(C2CCC(C3CCCC4CC(C5CCCCC5)CC43)CC2)CC1
C1CCC(CC2CCC(CC3CCC4CCCCC43)CC2)CC1
C1CCC(C2CCC(C3CCCC(C4CC4)C3)CC2)CC1
C1CCC(C2CC(C3CCCCC3)C3CCCCC23)CC1
C1CCC(CC2CCCCC2CC2CCCC(C3CCCCC3)C2)CC1
C1CCC(CC2CCC(C3CCC(C4CCCCC4)CC3)CC2)CC1
C1CCC(C2CCCC(CC3CCC(C4CCCC4)C3)C2)CC1
C1CCC(CC2CCCC(C3CC(CC4CCCC4)C4CCCCC43)C2)C1
C1CCC(CCC2CCC(CC3CCCCC3)CC2)CC1
C1CCC(CCC2CCCCC2C2CCCC(C3CCCCC3)C2)CC1
C1CCC(CCC2CCC(CCCC3CCCC(CC4CCCCC4)C3)CC2)CC1
C1CCC(C2CCC(CC3CCCC(C4CCCCC4)C3)CC2)CC1
C1CCC(CC2CCCC(C3CCCCC3)C2)CC1
C1CCC(C2CCCC(C3CCCC(C4CCC(C5CC5)CC4)C3)C2)CC1
C1CCC(CC2CCC(CC3CCCCC3)C(C3CCCCC3C3CCCCC3)C2)CC1
C1CCC(CC2CCC(CC3CCCC(CC4CCCCC4C4CCCC4)C3)CC2)CC1
C1CCC(CC2CCC(CC3CCCC(CC4CCCCC4)C3)CC2)CC1
C1CCC(C2CCC(CC3CCCCC3C3CCCCC3)C(C3CCC4CCCC4C3)C2)CC1
C1CCC(CC2CCC(CC3CCCCC3)CC2)CC1
C1CCC(CCC2CCC(C3CCCCC3C3CCC4CCCC4C3)CC2)CC1
C1CCC(CCCC2CCC(CC3CCCC(C4CC4)C3)CC2)CC1
C1CCC(CC2CCCC(C3CCCCC3)C2)CC1
C1CCC(CCCC2CCC(C3CCC(C4CCCCC4)CC3)CC2)CC1
C1CCC(CCC2CCC(C3CCCCC3)CC2)CC1
C1CCC(C2CCCC(C3CCCC(C4CCCCC4)C3)C2)CC1
C1CCC(CCC(C2CCCCC2)C2CCCCC2)CC1
C1CCC(CCC2CCCCC2C2CCC3C(CCCC3C3CCCCC3C3CCCC3)C2)C1
C1CCC(C2CCC(CC3CCCCC3CC3CCC(C4CCCC4)CC3)CC2)CC1
C1CCC(C2CCCC(C3CCC(CC4CCC(CCCC5CCC5)CC4)CC3)C2)CC1
C1CCC(CC2CCCC(C3CCCCC3CC3CCCCC3)C2)CC1
C1CCC(CCC2CC(CCC3CCC(C4CCCCC4)C3)CCC2CC2CCCCC2)CC1
C1CCC(C2CCC(C3CCCCC3)CC2)CC1
C1CCC(CC2CCCC(CCCC3CC(C4CCCCC4)C4CCCCC34)C2)CC1
C1CCC(C2CCCC(CC3CCCC(C4CCC(CCCC5CCCCC5CC5CCCC5)CC4)C3)C2)CC1
C1CCC(CC2CCCC(CCC3CCC(CC4CCCCC4)CC3C3CCCC3)C2)CC1
C1CCC(CCC2CCCC(CC3CCCCC3)C2)CC1
C1CCC(C2CCCCC2CC2CCC3C(CCC3C3CCCC3)C2)CC1
C1CCC(CCCC2CCCCC2C2CCCCC2)CC1
C1CCC(C2CCCCC2C2CCC3CCCCC3C2)CC1
C(CCC1CCCCC1C1CCCC1)CC1CCC(C2CCC3CCCCC3C2)CC1
C1CCC(CC2CCC(C3CCCCC3)CC2)CC1
C1CCC(C2CCC(CC3CCC(C4CCCCC4)CC3)CC2)CC1
C1CCC(CCC2CC3CCC(C4CCCCC4)CC3C(C3CCCCC3)C2)CC1
C1CCC(CCC2CCC(C3CCCC(C4CCCC4)C3)CC2)CC1
C1CCC(CC2CCCC(CC3CCCCC3)C2)CC1
C1CCC(CC2CCCCC2C2CCCCC2)CC1
C1CCC(CC2CCC3CC(C4CCCCC4C4CCC(C5CCCCC5)CC4)CCC23)CC1
C1CCC(CCC2CCCC3CCC(C4CCC(CC5CC5)CC4C4CCCCC4C4CCCCC4)C23)CC1
C1CCC(C2CCCC(CC3CCCC(C4CCCC(C5CCC(CC6CCCC6)CC5)C4)C3)C2)CC1
C1CCC(CC2CCCCC2CCC2CCCC(CCC3CC(C4CC4)CCC3CCC3CC4CCCCC4C3)C2)CC1
C1CCC(CCCC2CCCC(C3CCCCC3CC3CCCCC3)C2)CC1
C1CCC(CCCC2CCC(C3CC(C4CCC(C5CCCC5)CC4)C4CCCCC34)CC2)C1
C1CCC(C2CCC(CCC3CCC4CCCCC43)CC2C2CCCCC2)CC1
C1CCC(C2CCC(CCC3CCCCC3C3CCCC3)CC2)CC1
C1CCC(CC2CCCC(CC3CCCC(C4CCCCC4)C3)C2)CC1
C1CCC(CCC2CCC(CC3CCCC(CC4CCCCC4)C3)CC2)CC1
C1CCC(C2CCC(CCC3CCC4CCCCC4C3)CC2)CC1
C1CCC(CC2CCC(CC3CCCCC3)CC2)CC1
C1CCC(C2CCC(CC3CCC(CC4CCC(CCC5CC6CCCCC6C5)CC4)CC3)CC2)C1
C1CCC(CC2CCC(C3CCCCC3)C(C3CC3)C2)CC1
C1CCC(CC2CCCC(CC3CCC(CC4CCCCC4C4CCCCC4)CC3)C2)CC1
C1CCC(CC2CCCCC2C2CCCC(CC3CCC4CCCC4C3)C2)CC1
C1CCC(CCC2CCC(C3CCCC(C4CCC(CC5CCCCC5)CC4C4CCCC4)C3)CC2)CC1
C1CCC(CCC2CCCC(C3CCC(CCCC4CCCC4)CC3)C2)CC1
C1CCC(CC2CCC(C3CCCCC3)CC2C2CCCCC2)CC1
C1CCC(CC2CCC(CC3CCCC4CCCCC43)CC2)CC1
C1CCC(C2CC3CCC(C4CCCCC4)CC3C(C3CCCCC3)C2)CC1
C1CCC(C2CC(C3CCCCC3)C3CC(C4CCCC(C5CCC5)C4)CCC23)CC1
C1CCC(CCCC2CC(C3CCCC(C4CCCCC4)C3)CCC2CC2CCCCC2)CC1
C1CCC(C2CCCCC2)CC1
C1CCC(C2CCCC(C3CCCC(C4CCC(C5CCCC5)CC4C4CCCC4)C3)C2)CC1
C1CCC(CC2CCC(CC3CCC(CC4CCCCC4)CC3C3CCCC3)CC2)CC1
C1CCC(C2CCC(C3CCCC(C4CCCC4)C3)CC2)CC1
C1CCC(CCC2CCC(C3CCC4CCCC4C3)CC2)CC1
C1CCC(CC2CCC(C3CCCCC3)CC2)CC1
C1CCC(CC2CCCC(C3CCCC(C4CCC(C5CCCCC5)CC4)C3)C2)CC1
C1CCC(CC2CCC(C3CCCCC3)CC2CC2CCCCC2)CC1
C1CCC(CC2CC(C3CCCCC3)C3CCC(C4CCCCC4)CC23)CC1
C1CCC(CCCCCC2CCCC(C3CCCCC3)C2)CC1
C1CCC(C2CC3CCCCC3C(C3CCCCC3)C2)CC1
C1CCC(C2CCC(CCC3CCC(CC4CCCCC4C4CCCCC4)CC3)CC2)CC1
C1CCC(C2CCC(CCCC3CC3)CC2)CC1
C1CCC(C2CCC(CCC3CCC(C4CCCCC4)CC3)CC2)CC1
C1CCC(C2CCCC(CC3CCC(C4CCCC(C5CCCCC5)C4)CC3)C2)CC1
C1CCC(CCC2CCC(C3CCC(C4CCCCC4)CC3)CC2)CC1
C1CCC(CC2CCCC(CC3CCCCC3C3CCC(C4CCC5CCCCC5C4)CC3)C2)CC1
C1CCC(C2CC(C3CCCCC3C3CCC4CCCCC4C3)C3CCCCC23)CC1
C1CCC(CC2CCCCC2CC2CC(C3CCCCC3)CC(C3CCC3)C2)CC1
C1CCC(C2CCCC(C3CCCCC3C3CCCC3)C2)CC1
C1CCC(C2CCCCC2CCC2CCCCC2C2CCCCC2C2CCCC2)CC1
C1CCC(CC2CCCC(C3CCCC(C4CCCCC4)C3)C2)CC1
C1CCC(CC2CCCCC2)CC1
C1CCC(C2CCC(CC3CCCC3)CC2)CC1
C1CCC(CCC2CCCC(CC3CC(CCC4CCCCC4)C4CCCCC34)C2)CC1
C1CCC(CC2CCCCC2C2CCCC(C3CCCCC3)C2)CC1
C1CCC(CCC2CCCC(C3CCCCC3)C2)CC1
C1CCC(CCC2CC(C3CCCCC3CC3CCCCC3)CCC2C2CCCCC2)CC1
C1CCC(CC2CCCC(CC3CC4CCCCC4C3)C2)C1
C1CCC(C2CCCC(C3CCCCC3)C2)CC1
C1CCC(CC2CCCC(C3CCCCC3CC3CC4CCCCC4C3)C2)C1
C1CCC(CC2CCC(C3CC(C4CCC(C5CCCC5)CC4)C4CCCCC34)CC2)C1
C1CCC(CC2CCCC(C3CCCCC3)C2)CC1
C1CCC(CCCCC2CCC(C3CCCCC3C3CCC4CCCC4C3)CC2)CC1
C1CCC(CC2CC(C3CCCCC3)C3CCCCC23)CC1
C1CCC(C2CCC(CC3CCCC(CC4CC5CCCCC5C4)C3)CC2)CC1
C1CCC(CCCC2CCC3CC(C4CCCCC4)CC(C4CCCCC4)C3C2)CC1
C1CCC(C2CCC(C3CCCC(CCCCC4CC4)C3)CC2)CC1
C1CCC(CC2CCCC(C3CCCCC3)C2)CC1
C1CCC(CC2CCC(C3CCCCC3CC3CCC3)CC2)CC1
C1CCC(C2CCC(CC3CCC(C4CCCC4)CC3)CC2)CC1
C1CCC(C2CCC(CC3CCC4CC(C5CCCCC5C5CCC6CCCCC6C5)CCC34)CC2)CC1
C1CCC(CCCC2CCCC(C3CCCC(C4CCCCC4)C3)C2)CC1
C1CCC(CC2CCC(C3CCCC(C4CCCCC4)C3)CC2)CC1
C1CC(CC2CC3CCCCC3C2)CC(C2CCC(CC3CCC(CC4CCC5CCCCC54)CC3)CC2)C1
C1CCC(CCC2CCC(C3CCCCC3CCC3CCC4CCCC4C3)CC2)CC1
C1CCC(CC2CCCC(C3CCCCC3)C2)CC1
C1CCC(C2CCC(CCCC3CCC(C4CCCCC4)C(CCCC4CCCC4)C3)CC2)CC1
C1CCC(C2CCC(CC3CC(C4CCCCC4)CCC3CC3CC4CCCCC4C3)CC2)CC1
C1CCC(CCCCCC2CCC(CC3CCC(C4CCCCC4)CC3)CC2)CC1
C1CCC(CC2CCC(CC3CCC(CC4CCCC(CC5CC5)C4)CC3)CC2)CC1
C1CCC(C2CCC3CCC(CC4CC5CCCCC5C4)CC32)CC1
C1CCC(C2CC(C3CCCCC3)CC(C3CCCC(C4CCCC4)C3)C2)CC1
C1CCC(CCC2CCC3C(CC4CCCC4)CC(C4CCCCC4)C3C2)CC1
C1CCC(CCC2CCC(CC3CCCCC3)CC2CC2CCCCC2)CC1
C1CCC(C2CCC(CC3CCC(C4CC5CCC(CCC6CCCC6)CC5C(C5CCCCC5)C4)CC3)CC2)CC1
C1CCC(CCCC2CCCC(C3CCCCC3)C2)CC1
C1CCC(CC2CC(C3CCCCC3)CCC2C2CCCCC2)CC1
C1CCC(CCC2CC(C3CCCCC3)CC(C3CCCCC3)C2C2CCCCC2)CC1
C1CCC(C2CCC(C3CCCC3)CC2C2CCC3CCCC3C2)CC1
C1CCC(CC2CCCCC2C2CCCCC2C2CCCCC2)CC1
C1CCC(CCCCCC2CCCC3CCCCC23)CC1
C1CCC(C2CCC3C(CCC3C3CCC(C4CCC4)CC3)C2)CC1
C1CCC(C2CCC(CC3CCC(CC4CCC(C5CCCC5)CC4)CC3)CC2C2CCC3CCCC3C2)CC1
C1CCC(CCC2CCC(CC3CCCCC3)CC2)CC1
C1CCC(CC2CCC(CC3CCCCC3C3CCC(C4CCCCC4)CC3)CC2)CC1
C1CCC(CCCC2CCC(CC3CCCCC3)CC2)CC1
C1CCC(CCC2CCC(C3CCCC(C4CCCCC4)C3)CC2)CC1
C1CCC(C2CCC(CCC3CC(C4CCCCC4)CCC3C3CCCCC3)CC2)CC1
C1CCC(C2CCC(CC3CCCC(C4CCCCC4)C3)CC2)CC1
C1CCC(CC2CCC(CC3CCCCC3)C(CCC3CCCCC3CC3CCCCC3)C2)CC1
C1CCC(CC2CCC(C3CCCCC3)C(CC3CCCC3)C2)CC1
C1CCC(CCCC2CCCC(C3CCC(CC4CCCCC4)CC3)C2)CC1
C1CCC(C2CCC(CC3CCC(C4CCC5CCCCC5C4)CC3)CC2CC2CC2)CC1
C1CCC(C2CCC3C(CCC3C3CCC(C4CCC4)CC3)C2)CC1
C1CCC(CCC2CCC(CC3CCC(C4CCC5CCCCC5C4)CC3)CC2)CC1
C1CCC(CCC2CCC(C3CCCC(C4CCCCC4)C3)CC2)CC1
C1CCC(C2CCC(C3CCCCC3C3CCC4CCCC4C3)CC2)CC1
C1CCC(C2CCC(CCC3CCCC(C4CCCC4)C3)CC2)CC1
C1CCC(CCCC2CC(CC3CCCCC3)C3CCC(C4CCCC5CCCCC54)CC23)CC1
C1CCC(C2CCCC3CC(C4CCCCC4C4CCCC4)CC32)CC1
C1CCC(CCC2CCC(CC3CCCCC3)CC2)CC1
C1CCC(CC2CCC(CCC3CCC(C4CC4CC4CCCCC4)CC3)CC2)CC1
C1CCC(C2CCCC(CC3CCC(C4CCCC(C5CCCCC5)C4)CC3)C2)CC1
C1CCC(C2CCC3CC(CC4CCCC(C5CC5)C4)CCC3C2)CC1
C1CCC(CCC2CC(CC3CCCCC3)CC(C3CCCCC3)C2)CC1
C1CCC(CC2CCC(C3CCCC(C4CCC5CCCCC5C4)C3)CC2)CC1
C1CCC(C2CCC(C3CCC(C4CCCCC4)C3)CC2)CC1
C1CCC(CC2CCCC(C3CCCC(CCC4CCCC(C5CCCCC5)C4)C3)C2)CC1
C1CCC(C2CCCCC2CCC2CCCCC2C2CCCCC2)CC1
C(CC1CCCC(C2CCCC2)C1)CC1CCCC(C2CCCC2)C1
C1CCC(C2CCCC(C3CCCCC3)C2)CC1
C1CCC(CC2CCC(C3CCCCC3)CC2)CC1
C1CCC(C2CCC(C3CCC(C4CCCC(CC5CC6CCCCC6C5)C4)CC3)CC2)CC1
C1CCC(CC2CCCC(C3CCC4CCC(C5CCCCC5)CC4C3)C2)CC1
C1CCC(CC2CCC3C(C4CCCCC4)CC(C4CCCCC4)C3C2)CC1
C1CCC(C2CCC(CC3CCCC3)CC2)CC1
C1CCC(CCC2CCC(CC3CCCCC3)CC2)CC1
C1CCC(CCC2CCCC(CCC3CC3)C2)CC1
C1CCC(C2CCC(C(CC3CC3)CC(CC3CC3)(C3CCCCC3)C3CCC(C4CCCC4)CC3)CC2)CC1
C1CCC(CC2CCCCC2CC2CCC(CC3CCCCC3C3CCCCC3)CC2)CC1
C1CCC(CCCC2CCC(CC3CCCCC3)CC2CCC2CCCCC2)CC1
C1CCC(CC2CC(C3CCCCC3C3CCCCC3)C3CCCCC23)CC1
C1CCC(CC2CCCCC2)CC1
C1CCC(CCCCC2CCCC(CC3CCCC(CC4CCCCC4)C3)C2)CC1
C1CCC(CC2CCCC(C3CCCCC3)C2)CC1
C1CCC(C2CCCCC2CC2CCCC(C3CCCC4CC(C5CCCCC5CC5CCCC5)CCC43)C2)CC1
C1CCC(C2CCCC(CC3CCCCC3C3CCC4CCCCC43)C2)CC1
C1CCC(CCCCC2CCC(CC3CCCCC3C3CCCCC3C3CCCCC3)CC2)CC1
C1CCC(C2CCCC(C3CC(CC4CCC4)CC(C4CCC4)C3)C2)CC1
C1CCC(CC2CCCCC2C2CCCCC2)CC1
C1CCC(CCCC2CCC(C3CCCCC3)CC2CCCC2CCCCC2)CC1
C1CCC(CCCC2CCC(C3CCCCC3)C(C3CCCC3)C2)CC1
C1CCC(C2CCCCC2C2CCCCC2)CC1
C1CCC(CC2CCC(CC3CCC(CC4CCCCC4)CC3C3CCCC3)CC2)CC1
C1CCC(CC2CCC(C3CCC(CC4CCCC4)CC3)CC2)CC1
C1CCC(CCC2C(CC3CCCCC3)CC(C3CCCCC3)CC2CC2CCCC2)CC1
C1CCC(C2CCCC(C3CC4CCC(CC5CCC(C6CCC6)CC5)CC4C(C4CCCCC4)C3)C2)CC1
C1CCC(CC2CCC(C3CCCCC3)CC2)CC1
C1CCC(CC2CCC(CCCC3CCCCC3C3CCCCC3)CC2)CC1
C1CCC(CCCC2CCC(CC3CCCCC3)CC2C2CCCCC2)CC1
C1CCC(C2CCCCC2)CC1
C1CCC(C2CCCC(C3CCCCC3C3CCC(C4CCCC4)CC3)C2)CC1
C1CCC(CC2CCC(C3CCCCC3)CC2)CC1
C1CCC(C2CCC(CCCC3CCCCC3C3CCCCC3)CC2)CC1
C1CCC(CC2CCCCC2C2CCCCC2)CC1
C1CCC(CC2CCC(C3CCCC(C4CC5CCCCC5C4)C3)CC2)CC1
C1CC(CC2CC3CCCCC3C2)CC(C2CCC(CC3CCC4CCCCC43)CC2)C1
C1CCC(C2CCCCC2C2CCCCC2)CC1
C1CCC(CC2CCC(CC3CCCCC3CC3CCCCC3)C(C3CCCCC3)C2)CC1
C1CCC(CC(C2CCCCC2)C2CCCC(C3CCCCC3)C2)CC1
C1CCC(CCC2CC(CCC3CCCCC3)CC(C3CCCCC3)C2)CC1
C1CCC(C2CCCCC2CCCCC2CCC(C3CCCC(C4CC4)C3)CC2)CC1
C1CCC(C2CCCCC2)CC1
C1CCC(CCC2CCC3C(CCC3C3CC(CCC4CCCCC4)C4CCCCC43)C2)CC1
C1CCC(CCCC2CCC(CCC3CCCCC3)CC2C2CCCC2)CC1
C1CCC(CC2CCCC(CC3CCCC(CC4CCCC4)C3)C2)CC1
C1CCC(CC2CCCC(C3CCCCC3)C2)CC1
C1CCC(CC2CCC(C3CCC(C4CCCC4)CC3)CC2)CC1
C1CCC(CCCC2CCC(CCC3CCCCC3)CC2)CC1
C1CCC(CC2CCCC(C3CC4CCCC(C5CCC(C6CCCCC6)CC5)C4C3)C2)CC1
C1CCC(C2CCCC(C3CCCC3)C2)CC1
C1CCC(CC2CCCCC2C2CCC(C3CCC(CC4CCC4)CC3)CC2)CC1
C1CCC(C2CCC(C3CCC(CC4CCC5CCCCC54)CC3)CC2)CC1
C1CCC(CC2CCCCC2CC2CCC(CC3CCC(C4CCCC4)CC3)CC2)CC1
C1CCC(CCCCC2CCC(C3CCCC(C4CCCCC4)C3)C2)CC1
C1CCC(CCC2CCC(C3CCC(CC4CCCCC4)CC3)CC2)CC1
C1CCC(C2CCCCC2CCC2CCCCC2C2CCCCC2)CC1
C1CCC(CC2CCCCC2C(C2CCCCC2)C2CCCCC2)CC1
C1CCC(C2CCCC(CC3CC(CC4CCCCC4C4CCCCC4)C4CCCCC34)C2)CC1
C1CCC(C2CCCCC2)CC1
C1CCC(CC2CCC(C3CCC(CC4CCCCC4)CC3)CC2)CC1
C1CCC(CC2CC(C3CCC3)CCC2CC2CCC3CCCCC3C2)CC1
C1CCC(C2CCC(CC3CCCC(C4CCCCC4)C3)CC2)CC1
C1CCC(CCC2CCC(CCC3CCCCC3)CC2)CC1
C1CCC(CCCC2CCCCC2CCCCC2CCCC2)CC1
C1CCC(CC2CCCC(CC3CCCCC3)C2)CC1
C1CCC(CC2CCCCC2CC2CCC(CC3CCCC(C4CCCCC4)C3)CC2)CC1
C1CCC(C2CCC(CC3CCCC(C4CCCC4)C3)CC2)CC1
C1CCC(CCCCC2CCCC(CC3CCCC(C4CC5CCCCC5C4)C3)C2)CC1
C1CCC(CCC2CCC(CC3CCCCC3)CC2)CC1
C1CCC(CCCC2CCCC(CCC3CCCC(CC4CCCCC4)C3)C2)CC1
C1CCC(CC2CCCC(CC3CCCCC3C3CCCCC3)C2)CC1
C1CCC(C2CCCCC2C2CCC3C(CCCC3C3CCCCC3)C2)CC1
C1CCC(CC2CCCC(CCC3CCCC(CC4CCCCC4)C3)C2)CC1
C1CCC(CC2CCCC(C3CCCCC3)C2)CC1
C1CCC(CC2CCCCC2C2CCC2)CC1
C1CCC(CC2CCCC(C3CCCC(C4CCCCC4C4CCCCC4)C3)C2)CC1
C1CCC(CC2CCCCC2C2CCCCC2)CC1
C1CCC(CCC2CCC(C3CC(CCC4CCCCC4)C4CCCCC43)CC2)CC1
C1CCC(CC2CC(C3CCCCC3)CC(C3CCCCC3)C2)CC1
C1CCC(CCC2CCC(CC3CCCCC3)CC2)CC1
C1CCC(CCCCC2CCCCC2C2CCC3CCCCC32)CC1
C1CCC(CC2CCC(C3CCC(C4CCCC4)CC3)CC2)CC1
C1CCC(CC(C2CCCCC2)C2CCCCC2)CC1
C1CCC(CCCC2CCCC(C3CCC(CC4CCCCC4)CC3)C2)CC1
C1CCC(CCCCC2CCCC(CC3CCCCC3)C2)CC1
C1CCC(CCCCC2CCC(C3CCCCC3)CC2)CC1
C1CCC(C2CCCC(C3CCCC(C4CCCCC4)C3)C2)CC1
C1CCC(CC2CCCC(C3CCCCC3)C2)CC1
C1CCC(CC2CCCCC2C2CCCCC2)CC1
C1CCC(C2CCC(CCCC3CCCC(CC4CC5CCCCC5C4)C3)CC2)CC1
C1CCC(CCCC2CCCC(CC3CCCCC3)C2)CC1
C1CCC(C2CCC(C3CCCCC3)CC2)CC1
C1CCC(CCCCC2CCC(CC3CCC(CC4CCCCC4)CC3)CC2)CC1
C1CCC(C2CCCCC2)CC1
C1CCC(C2CCCC3CCC(CC4CCCCC4C4CCCC4)C32)CC1
C1CCC(CCC2CCCC(C3CCCC(CC4CCCCC4)C3)C2)CC1
C1CCC(CCC2CC(CC3CCCCC3)C3CCC(C4CCCCC4)CC23)CC1
C1CCC(C2CCC(CC3CCC(C4CCCC(CC5CCCC5)C4)CC3)CC2)CC1
C1CCC(C2CCCCC2CC2CCC(C3CCC(CC4CCCC4)CC3)CC2)CC1
C1CCC(CC2CCC(CCCCC3CCCC(CC4CCCCC4)C3)CC2)CC1
C1CCC(C2CCC(C3CCC4CCCC(C5CCCCC5)C4C3)CC2)CC1
C1CCC(C2CCC(C3CCCC(CCCC4CCCC(C5CCCCC5)C4)C3)CC2)CC1
C1CCC(CCCC2CCCCC2CC2CCC(CC3CCCCC3)CC2)CC1
C1CCC(CC2CCC(C3CCCCC3)CC2)CC1
C1CCC(CC2CCCC(C3CCCC(C4CCCCC4)C3)C2)CC1
C1CCC(C2CCC(C3CCCCC3)C(C3CCCC3)C2)CC1
C1CCC(CC2CCC(CCC3CC4CCCCC4C3)CC2)CC1
C1CCC(C2CCC(CCC3CCCC(C4CCCCC4)C3)CC2)CC1
C1CCC(C2CCCCC2)CC1
C1CCC(CCC2CCC(CCCC3CCCC(CC4CCCCC4)C3)CC2)CC1
C1CCC(CCCCCC2CCC(CCCC3CCCCC3)C(C3CCCC3)C2)CC1
C1CCC(CCC2CCCC(C3CCCCC3)C2)CC1
C1CCC(C2CCCC3CCC(CC4CCC(C5CCC6CCCCC65)CC4)CC32)CC1
C1CCC(CC2CCC(CCC3CCC(C4CCCCC4)CC3)CC2)CC1
C1CCC(C2CCC(CCC3CCCCC3C3CCCCC3)CC2)CC1
C1CCC(C2CCCC3CCCCC32)CC1
C1CCC(C2CCCC(C3CCCC(C4CCCC4)C3)C2)CC1
C1CCC(C2CCCC(C3CCCCC3)C2)CC1
C1CCC(CCC2CCC(CC3CCCCC3C3CCC4CCCCC4C3)CC2)CC1
C1CCC2C(C1)CCCC2CC1CCCC(C2CCC3CCCCC32)C1
C1CCC(CC2CCCC(C3CCC(C4CCCCC4)CC3)C2)CC1
C1CCC(CC(CC2CCC(C3CC(C4CCCCC4)CC(C4CCCC4)C3)CC2)C2CCCCC2)CC1
C1CCC(CC2CCC(CCCC3CC(C4CCCCC4)C4CCCCC34)CC2)CC1
C1CCC(CC2CCCC(C3CCCC(C4CCCCC4)C3)C2)CC1
C1CCC(CC2CCCCC2C2CCC(C3CCC(C4CCCC4)CC3)CC2)CC1
C1CC(CC2CCC3CCCCC32)CC(CC2CCCCC2C2CCC3CCCC3C2)C1
C1CCC(C2CCC(CCCCC3CCC(C4CCCCC4C4CCCCC4)CC3)C2)CC1
C1CCC(C2CCCCC2C2CCCCC2)CC1
C1CCC(CC2CCC(C3CCCCC3)C(C3CCCCC3)C2)CC1
C1CCC(C2CCCCC2C2CCCCC2C2CCCCC2C2CCCC2)CC1
C1CCC(C2CCCC(C3CCCCC3)C2)CC1
C1CCC(C2CCCC(C3CCCCC3C3CCCCC3)C2)CC1
C1CCC(CCC2CCCC(C3CCCCC3)C2)CC1
C1CCC(CCC2CCC(C3CCCCC3)C(CC3CCCCC3)C2)CC1
C1CCC(CCC2CC(C3CCCCC3)CC3CCCCC32)CC1
C1CCC(CCC2CC3CCC(C4CCCC4)CC3C(C3CCCCC3)C2)CC1
C1CCC(CC2CCCC(C3CCC4C(CCC5CCCC(C6CCC6)C5)CCCC4C3)C2)CC1
C1CCC(CC2CCCC2C2CCC(C3CCCCC3C3CCCC3)CC2)CC1
C1CCC(CC2CCCC(C3CCCCC3C3CCCCC3)C2)CC1
C1CCC(CC2CCCCC2CC2CCC(C3CCCCC3)CC2C2CCCCC2)CC1
C1CCC(CC2CCCC(C3CCCC(CC4CCCC(C5CCCC5)C4)C3)C2)CC1
C1CCC(C2CCCC(CC3CCCC(C4CCCC(C5CCCCC5)C4)C3)C2)CC1
C1CCC(C2CCC(CCCC3CC(C4CCCCC4)CC(C4CCC4)C3)CC2)CC1
C1CCC(CC2CCCC3CCC(C4CC5CCCCC5C(C5CCCCC5)C4)C32)CC1
C1CCC(CC2CCCC(C3CCCCC3)C2)CC1
C1CCC(CC2CCCC(C3CCCCC3)C2)CC1
C1CCC(C2CCCCC2CCC2CCCC2C2CCCCC2)CC1
C1CCC(CCCCC2CCCCC2CCC2CCCC(CC3CC4CCCCC4C3)C2)CC1
C1CCC(C2CCC(C3CCCCC3C3CCCCC3C3CCCCC3)CC2)CC1
C1CCC(C2CCC(C3CCC4CCCCC4C3)CC2)CC1
C1CCC(C2CCC(C3CCC4CCCCC4C3)CC2)CC1
C1CCC(CCCCC2CCC(CC3CCCCC3)C(CC3CCCCC3)C2)CC1
C1CCC(C2CCCCC2C2CCC3CCCC3C2)CC1
C1CCC(CCCC(CC2CCCC(CC3CCCCC3)C2)C2CCCC(C3CC3)C2)CC1
C1CCC(C2CCCC(C(C3CCCCC3)C3CCCCC3)C2)CC1
C1CCC(C2CCC(C3CCCCC3)CC2)CC1
C1CCC(CC2CC(CC3CCCC(C4CCCCC4)C3)C3CCCCC23)CC1
C1CCC(CCCC2CCC(C3CCCCC3)CC2)CC1
C1CCC(CCCC2CCC(C3CCCCC3C3CCC4CCCC4C3)CC2)CC1
C1CCC(CC2CCCC(C3CCCC(C4CCC(C5CCCCC5)CC4)C3)C2)CC1
C1CCC(CCC2CCC(C3CCCCC3CC3CCC4CCCCC4C3)CC2)CC1
C1CCC(C2CCCCC2C2CCCCC2C2CCC3CCCC3C2)CC1
C1CCC(C2CCC(C3CCCCC3C3CCCCC3)CC2)CC1
C1CCC(CC2CCCCC2C2CCCC(C3CCCC3)C2)CC1
C1CCC(CCCCC(CCCC2CCCCC2)CC2CCC(C3CCCCC3)CC2)CC1
C1CCC(C2CCCC2C2CCC(C3CCC4CCCCC43)CC2)CC1
C1CCC(CC2CCC(CCC3CCC(C4CCCCC4)CC3)CC2)CC1
C1CCC(CCC2CCCCC2)CC1
C1CCC(C2CCCC(C3CCC(CC4CCCC(C5CC5)C4)CC3)C2)CC1
C1CCC(CCCC2CCCC(C3CCCCC3)C2)CC1
C1CCC(CCC2CCCC(CC3CC(CC4CC4)C4CCCCC34)C2)CC1
C1CCC(CCC2CCCC(C3CCCCC3)C2)CC1
C1CCC(CC2CCC(CC3CCCC(C4CCC(C5CCCCC5)CC4)C3)CC2)CC1
C1CCC(C2CCC(C3CCCCC3)C(C3CCCCC3)C2)CC1
C1CCC(CCC2CC(C3CCCCC3)CC(C3CCCCC3)C2)CC1
C1CCC(CCCC2CCC3C(CCCC3C3CCCCC3)C2)CC1
C1CCC(CC2CCC3CC(C4CCCCC4)CCC23)CC1
C1CCC(CCCC2CCC(C3CCCCC3)CC2)CC1
C1CCC(CCCC2CCCC(C3CCCCC3)C2)CC1
C1CCC(C2CCC(CC3CC4CCCCC4C3)CC2C2CCCC2)CC1
C1CCC(CC2CCC(CCC3CCC(CC4CCC(CCC5CCC5)CC4)CC3)CC2)CC1
C1CCC(CC2CCCC(C3CCCCC3C3CCCC3C3CCCC3)C2)CC1
C1CCC(CC2CCCC(CC3CCCC(C4CCCCC4)C3)C2)CC1
C1CCC(CCCC2CCC(CC3CCCCC3)CC2)CC1
C1CCC(CCC2CCC(CCCC3CCC(CCC4CCC(CC5CC5)CC4)CC3)CC2)CC1
C1CCC(CC2CCCC(C3CCCCC3)C2)CC1
C1CCC(CCCC2CC(C3CCCCC3)CC(C3CCCCC3)C2)CC1
C1CCC(CC2CCCC(C3CCCCC3)C2)CC1
C1CCC(CCC2CCC(C3CCCCC3C3CCC(CC4CCCCC4)CC3)CC2)CC1
C1CCC(C2CCCCC2)CC1
C1CCC(CC2CCCCC2CC2CCCCC2CC2CCCCC2)CC1
C1CCC(CCCC2CCC(CC3CCC(C4CCCCC4)CC3)CC2)CC1
C1CCC(CC2CCC(CC3CCC(C4CCCCC4)CC3)CC2)CC1
C1CCC(C2CCC(C3CCCC(C4CCCCC4)C3)CC2)CC1
C1CCC(CCCC2CCCCC2CCC2CCCCC2C2CCCCC2)CC1
C1CCC(C2CCCC(CC3CCC(C4CC4)CC3)C2)CC1
C1CCC(CCCCCC2CCC(CC3CCC(CC4CCCCC4)CC3)CC2)CC1
C1CC(C2CCC(CCC3CC4CCCCC4C4CCCCC34)CC2)C1
C1CCC(CC2CCCC(C3CCCCC3)C2)CC1
C1CCC(C2CCCCC2C2CCC3C(CCC3C3CCCCC3)C2)CC1
C1CCC(C(C2CCCCC2)C2CCCC(C3CCCC(C4CC4)C3)C2)CC1
C1CCC(CCC2CCCC(C3CCCCC3)C2)CC1
C1CCC(C2CCCCC2CC2CCC(CCC3CCC(C4CCCC(C5CCC5)C4)CC3)CC2)CC1
C1CCC(CC2CC(CC3CCCCC3)C3CCCCC23)CC1
C1CCC(CC2CCC(CC3CCC(CCCCC4CCC(C5CCCCC5)C4)CC3)CC2)CC1
C1CCC(CCC2CCCCC2C2CCCC(C3CCCC(CC4CCCCC4)C3)C2)CC1
C1CCC(CC2CCCC(C3CCCCC3)C2)CC1
C1CCC(CCCC2CCCC(C3CCCCC3C3CCCCC3)C2)CC1
C1CCC(C2CCCC(C3CCCC(C4CCCC4)C3)C2)CC1
C1CCC(CCCC2CCCC(C3CCCC3)C2)CC1
C1CCC(C2CCC(C3CCCCC3C3CCC4CCCC4C3)CC2)CC1
C1CCC(CC2CCC(C3CCC(C4CCCCC4)CC3C3CC4CCCCC4C3)C2CC2CCCCC2)CC1
C1CCC(CCCC2CCCC(C3CCC(CC4CCCCC4)CC3)C2)CC1
C1CCC(CCCC2CCCC(CC3CCCCC3C3CCC4CCCCC4C3)C2)CC1
C1CCC(CC2CCC(C3CCC(C4CCC4)CC3)CC2)CC1
C1CCC(C2CCCC(CC3CCC(C4CCCC(C5CCCC5)C4)C(C4CCCC4)C3)C2)CC1
C1CCC(CC2CCC(C3CCC4CCCCC43)CC2)CC1
C1CCC(CCCCC2CCCC(CC3CCCCC3)C2)CC1
C1CCC(CC2CCCCC2C2CCCCC2C2CCCC2)CC1
C1CCC(C2CCC(CC3CCCC4CCCCC43)CC2)C1
C1CCC(C2CCC(C3CCCCC3)CC2)CC1
C1CCC(C2CCCC(C3CCCCC3C3CCC4CCCCC4C3)C2)CC1
C1CCC(CC2CCCCC2C2CCCCC2C2CCC3CCCC3C2)C1
C1CCC(C2CCCCC2C2CCC3C(CCCC3C3CC4CCCCC4C3)C2)CC1
C1CCC(C2CCCCC2C2CCC(CC3CCCCC3C3CCC4CCCCC4C3)CC2)CC1
C1CCC(C2CCC(CC3CCCC(C4CCCCC4)C3)CC2)CC1
C1CCC(CC2CCCCC2C2CCCCC2CC2CCCCC2)CC1
C1CCC(C2CC(C3CCC(C4CCC5CCCCC54)CC3)C2)CC1
C1CCC(CCC2CCCC(C3CC(C4CCCCC4)C4CCCCC34)C2)CC1
C1CCC(C2CCCCC2C2CCC3CCCCC32)CC1
C1CCC(C2CCCCC2C2CCC3C(CC(CC4CCCC4)CC3C3CCCCC3)C2)CC1
C1CCC(C2CCCC(C3CCCCC3)C2)CC1
C1CCC(C2CCC(C3CCCC(C4CCCCC4C4CCC5CCCCC5C4)C3)CC2)CC1
C1CCC(C2CCC3C(CCCC3C3CCCCC3)C2)CC1
C1CCC(CC2CCCCC2C2CCCCC2)CC1
C1CCC(C2CCC(CCC3CCCC(C4CCCCC4)C3)CC2)CC1
C1CCC(C2CCCCC2)CC1
C1CCC(CCC2CCCC(CCC3CCCCC3C3CCCC3)C2)CC1
C1CCC(C2CC(C3CCCCC3)C3CCCCC23)CC1
C1CCC(CC2CCCC(C3CCCCC3)C2)CC1
C1CCC(C2CCCCC2CC2CCCC(C3CCC(C4CC4)CC3)C2)CC1
C1CCC(C2CCC(C3CCCC(C4CCCCC4)C3)CC2)CC1
C1CCC(CC2CCCC(C3CCCC(CCC4CCC(C5CCCC5)CC4)C3)C2)CC1
C1CCC(CC2CCC(C3CCCCC3C3CCCC4CCCCC43)CC2)C1
C1CCC(C2CCC(CCC3CCCC(C4CCC(C5CCCCC5)CC4C4CCCC4)C3)CC2)CC1
C1CCC(CC2CCC(C3CCC(CC4CCC(C5CCCCC5)CC4)CC3)CC2)CC1
C1CCC(C(CC2CC2)C2CCC(C3CCCC(CC4CC4)C3)CC2)CC1
C1CCC(CCC2CCCC(C3CC(C4CCCCC4)CC(C4CCC4)C3)C2)CC1
C1CCC(CCCC2CCCC(CC3CCCCC3)C2)CC1
C1CCC(CC2CC(C3CCCCC3)CC(C3CCCCC3)C2)CC1
C1CCC(C2CCC(CC3CC4CCCCC4C3)CC2)CC1
C1CCC(CC2CC(C3CCC4CCCCC43)CC3CCC(C4CCC(C5CCCCC5)C4)CC32)CC1
C1CCC(C2CCC(CC3CCC3)CC2)CC1
C1CCC(CCC2CCCC(CC3CCCC(C4CCCC4)C3)C2)CC1
C1CCC(CC2CCCC(C3CC4CCCCC4C3)C2)CC1
C1CCC(CCC2CCC(CC3CCCCC3C3CCCCC3)CC2)CC1
C1CCC(C2CCC(C3CCCCC3C3CCCCC3)CC2)CC1
C1CCC(CCC2CC(CCC3CCCCC3)C3CCCCC23)CC1
C1CCC(C2CCCC(C3CCC(CC4CC4)CC3)C2)CC1
C1CCC(CCCCC2CCC(CC3CCCCC3)CC2)CC1
C1CCC(CC2CCCCC2C2CCC(C3CCC4CCCC4C3)CC2)CC1
C1CCC(CCCC2CCC(C3CCCC(C4CCCCC4)C3)CC2)CC1
C1CCC(CC2CCCCC2CC2CCC(C3CCC(CCC4CC5CCCCC5C4)CC3)CC2)CC1
C1CCC(C2CC(C3CCCCC3)C(C3CCCCC3)C(C3CCCCC3)C2)CC1
C1CCC(CC2CCC(CC3CCCC(CC4CCCC4)C3)CC2)CC1
C1CCC(C2CC(CC3CCC(C4CCCC4)CC3)CC3CCCCC32)CC1
C1CCC(CC2CCCC(C3CCC(C4CCCCC4)CC3)C2)CC1
C1CCC(CCC2CCC(CCC3CC3)CC2)CC1
C1CCC(CCC2CCCCC2CC2CCCCC2)CC1
C(CCCC1CCCCC1)CCCC1CCCCC1C1CCCC(C2CCCCC2)C1
C1CCC(C2CCC(CC3CCC(C4CCCCC4)CC3)CC2)CC1
C1CCC(CC2CCCC3CC(C4CCCCC4C4CCC5CCCC5C4)CCC23)CC1
C1CCC(CCC2CCCC(C3CCCCC3)C2CCC2CCCCC2)CC1
C1CCC(CC2CCC(CC3CCC(CCCC4CCCCC4CC4CCCCC4)CC3)CC2)CC1
C1CCC(CC2CC(CC3CCC(CC4CCCCC4C4CCCC4)CC3)C3CCCCC23)CC1
C(CCCC1CCCCC1)CCCC1CCC(CC2CCC(CCCCCC3CCCCC3)CC2)CC1
C1CCC(C2CCC(CC3CC3)CC2C2CCCCC2)CC1
C1CCC(C2CCC(C3CCCCC3C3CCCC3)CC2)CC1
C1CCC(CCCC2CCCC(CC3CCCC(C4CCCCC4)C3)C2)CC1
C1CCC(C2CCCCC2CC2CC(C3CCCCC3)C3CCCCC23)CC1
C1CCC(CC2CCC(CC3CCC(C(CC4CCC(C5CC5)CC4)C4CCCC4)CC3)CC2)CC1
C1CCC(CCC2CCCCC2)CC1
C1CCC(CC2CC(CC3CCCCC3)CC(C3CCCC(C4CCCCC4)C3)C2)CC1
C1CCC(CC2CCC(CCC3CCCC(C4CCCCC4)C3)CC2)CC1
C1CCC(C2CCCC(C3CCCCC3CC3CC4CCCCC4C3)C2)C1
C1CCC(CCC2CCC(CC3CCC(C4CCCCC4C4CCC5CCCC5C4)CC3)C2)CC1
C1CCC(CCCC2CCC(CC3CCCC(C4CCCCC4)C3)CC2)CC1
C1CCC(CC2CCC(CC3CCC4CCCCC43)CC2)CC1
C1CCC(CC2CCC(C3CCCCC3)CC2C2CCCC2)CC1
C1CCC(CCC2CCC3CCC(C4CCCCC4CC4CCC5CCCC5C4)CC23)C1
C1CCC(CC2CCC(CC3CCCCC3C3CCCCC3)CC2)CC1
C1CCC(CC2CCCCC2C2CCCCC2)CC1
C1CCC(CCCC2CCCCC2C2CCCCC2C2CCC3CCCC3C2)CC1
C(CCCC1CCC(CC2CCCCC2)CC1)CCC1CCCCC1
C1CCC(CCCCC2CCC(CC3CC(C4CCCCC4)C4CCCCC34)CC2)CC1
C1CCC(CC2CCC(CCC3CCCCC3CC3CCCCC3)CC2)CC1
C1CCC(CC2CCC(C3CCC(C4CCCCC4)CC3)CC2)CC1
C(CCCC1CCCCC1)CCCC1CCCC(C2CCCCC2)C1
C1CCC(C2CCC(CCC3CCC(C4CCCCC4)CC3)CC2)CC1
C1CCC(C2CCCC(C3CCCCC3)C2C2CCCCC2)CC1
C1CCC(CCC2CCC(C3CCCCC3)CC2CCC2CCCCC2)CC1
C1CCC(CCC2CCC(CC3CCC(CC4CCCCC4)CC3)CC2)CC1
C1CCC(C2CCCCC2C2CCCC(C3CCC(C4CCCC(CCC5CCCC5)C4)CC3)C2)CC1
C1CCC(CC2CCCC(C3CCCC(C4CCCCC4)C3)C2)CC1
C1CCC(CC2CCCC(CC3CC3)C2)CC1
C1CCC(CCC2CCC(C3CC(C4CCCCC4)CC(C4CCCC4)C3)CC2)CC1
C1CCC(CC2CCCCC2C2CCCC(CC3CCCC(C4CCCC4)C3)C2)CC1
C1CCC(CC2CCC(CCCC3CCCC(CC4CCCCC4)C3)CC2)CC1
C1CCC(CC2CCCC(CCC3CCCCC3C3CCCCC3)C2)CC1
C1CCC(CC2CCC(C3CCCC(CCC4CC5CCCCC5C4)C3)CC2)CC1
C1CCC(C2CCC(CCC3CC4CCCCC4C3)CC2)CC1
C1CCC(CCC2CCCC(CCCCC3CC4CCCCC4C3)C2)CC1
C1CCC(CC2CCCCC2CC2CC3CCCCC3C2)CC1
C1CCC(CC2CCC(C3CCCCC3)CC2)CC1
C1CCC(C2CCCC(CCCC3CC3)C2)CC1
C1CCC(CCC2CCCC(C3CCCCC3)C2)CC1
C1CCC(CCC2CCCC(C3CCCCC3)C2)CC1
C1CCC(CCCC2CCCC(CC3CCCC4CC(C5CCCCC5)CCC34)C2)CC1
C1CCC(C2CCC(CC3CCC(CCC4CCCC4)CC3)CC2)CC1
C1CCC(C2CCCCC2C2CCCC(CC3CC3)C2)CC1
C1CCC(CC2CCC(CCC3CCC4CCCCC43)CC2)CC1
C1CCC(C2CC(C3CCCCC3)C3CCCCC23)CC1
C1CCC(CCCC2CCCC(C3CCCCC3)C2)CC1
C1CCC(CCCC2CCC(CC3(CC4CCCCC4)CC3)CC2)CC1
C1CCC(CCCCC(CC2CCCCC2)C2CCCCC2C2CCCC2)CC1
C1CCC(CCCCC2CCC(CC3CCC(CC4CCCCC4)CC3)CC2)CC1
C1CCC(C2CCCC(C3CC(C4CCCCC4)C4CCCCC34)C2)CC1
C1CCC(CC2CCC(CCC3CCC(C4CCCC(C5CCCC5)C4)C3)CC2)CC1
C1CCC(C2CCC(C3CCCCC3)CC2)CC1
C1CCC(CCCCC2CCC(CC3CCCCC3)CC2)CC1
C1CCC(CC2CC(CC3CCC(C4CCCCC4)CC3)C3CC(C4CCCCC4)CCC23)CC1
C1CCC(CC2CCC(CC3CCC(C4CCCC4)CC3)CC2)CC1
C1CCC(CCCC2CCCC(C3CCCCC3)C2)CC1
C1CCC(CC2CCC(CC3CCCCC3)CC2)CC1
C1CCC(C2CCC(C3CCCCC3)C(C3CCCCC3)C2)CC1
C1CCC(C2CCC(CC3CCCC(CC4CCCC(C5CCCCC5)C4)C3)CC2)CC1
C1CCC(C2CCC(CC3CCCC(C4CCCCC4)C3)CC2)CC1
C1CCC(C2CC3CCCCC3C(C3CCCCC3)C2)CC1
C1CCC(CC2CC(C3CCCCC3CCCC3CCC4CCCC4C3)C3CCCCC23)C1
C1CCC(CC2CCC(CCC3CCCC(CC4CCCCC4)C3)CC2)CC1
C1CCC(CCCC2CCC(C3CCCCC3)CC2)CC1
C1CCC(CCC2CCC(CCC3CCC4CCCC4C3)CC2)CC1
C1CCC(C2CCCC(CC3CC(CC4CCC(CCC5CCC6CCCC6C5)CC4)C4CCCCC34)C2)C1
C1CCC(CC2CCC(C3CCCCC3C3CCC4CCCC4C3)CC2)CC1
C1CCC(C2CCCCC2C2CCCC3CC(CC4CC5CCCCC5C4)CCC32)CC1
C1CCC(CCC2CC(CC3CCCCC3)CC(C3CCCC(C4CCCCC4)C3)C2)CC1
C1CCC(CC2CCCCC2CC2CCC(CC3CCCC(C4CCCCC4)C3)CC2)CC1
C1CCC(CC2CCC(C3CCCC(CC4CCCCC4)C3)CC2)CC1
C1CCC(CC2CCC(C3CCCCC3CC3CCCCC3)CC2)CC1
C1CCC(C2CCCCC2CCC2CC3CCCCC3C2)CC1
C1CCC(CCC2CCCCC2C2CCC3C(CCCC3C3CCCCC3)C2)CC1
C1CCC(C2CCCC(C3CCC(C4CCC5CCCCC54)CC3)C2)CC1
C1CCC(C2CCC(CC3CCC(C4CC4)CC3)CC2)CC1
C1CCC(CC2CCCC(C3CCCCC3)C2)CC1
C1CCC(CCCCCC2CCC(CC3CCCCC3)CC2C2CCCCC2)CC1
C1CCC(CC2CCC(CC3CCC(C4CCCCC4)C3)CC2C2CCCCC2)CC1
C1CCC(CC2CCCCC2C2CCCCC2C2CCCCC2)CC1
C1CCC(CC2CCC(CC3CCC(CC4CCC4)CC3)CC2)CC1
C1CCC(C2CCC(C3CCCC(CC4CC4)C3)CC2CCC2CC2)CC1
C(CCCC1CCCC(C2CCCCC2)C1)CCC1CCC(CC2CCCCC2)CC1
C(CCC1CCCC(C2CCC3CCCC3C2)C1)CC1CC2CCCCC2C1
C1CCC(CCCC2CCC(CC3CCC(C4CCCCC4)CC3)CC2)CC1
C1CCC(CC2CCC(CC3CC(C4CCC5CCCC5C4)C4CCCCC34)CC2)CC1
C1CCC(CCC2CCC(CC3CCC(C4CC(C5CCCCC5)C4)CC3)CC2)CC1
C1CCC(CCC2CC(C3CCCCC3)CCC2C2CCCCC2)CC1
C1CCC(C(C2CCCCC2)C2CCCCC2)CC1
C1CCC(CC2CCC(CCC3CCCC(C4CCCCC4)C3)CC2)CC1
C1CCC(C2CCC(CC3CCC(C4CCCC(C5CC5)C4)CC3)CC2)CC1
C1CCC(C2CCC(CC3CCC(CC4CC5CCCCC5C4)CC3)CC2)CC1
C1CCC2C(C1)CCC2CC1CC2CCC(C3CCCC4CCCCC43)CC2C1
C1CCC(C2CCC(C3CCCC(C4CCCCC4)C3)CC2)CC1
C1CCC(CCC2CCC(C3CCCCC3)C(C3CCCCC3)C2)CC1
C1CCC(CCC2CCC3CCCC(C4CCCCC4)C3C2)CC1
C1CCC(CC2CCC(C3CCCC(CC4CC5CCCCC54)C3)C(C3CCCC3)C2)C1
C1CCC(CCCCC2CCC(CC3CCCCC3)CC2CC2CCCCC2)CC1
C1CCC(CC2CCC(C3CCCC(C4CCCCC4C4CCC4)C3)CC2)CC1
C1CCC(CCC2CCCC(C3CCC(C4CC4)CC3)C2)CC1
C1CCC(CCC2CCC(CC(CCC3CCCCC3)C3CCCCC3)CC2)CC1
C(CCCC1CC2CCC(C3CCC(CC4CC4)CC3)CC2C(C2CCCCC2)C1)CCC1CCCCC1
C1CCC(C2CCC(C3CCC(C4CC4)CC3C3CCCC3)CC2)CC1
C1CCC(C2CCCCC2)CC1
C1CCC(CCCC2CCCCC2)CC1
C1CCC(C2CCC(CC3CCC(C4CCCCC4)C3)CC2)CC1
C1CCC(CCC2CCC(CCCCC3CCC(C4CCCCC4)CC3)CC2)CC1
C1CCC(CC2CCC(C3CCC(C4CCC(C5CC5)CC4)CC3)CC2)CC1
C1CCC(CC2CCC(C3CCC(C4CCC(C5CCC(CC6CCCC6)CC5)CC4)CC3)CC2)CC1
C1CCC(CCC2CCCC(CC3CCCC(C4CCC5CCCCC54)C3)C2)CC1
C1CCC(CC2CCCC(CC3CCC(CC4CCCCC4)C(C4CCCC4)C3)C2)CC1
C1CCC(C2CCC(C3CCCC(C4CCC4)C3)C(C3CCC4CCCCC43)C2)CC1
C1CCC(CCCC2CCCC(CCC3CCCCC3)C2)CC1
C1CCC(CCC2CCCCC2)CC1
C1CCC(CC2CCCC(CC3CCCCC3C3CCC(C4CCCCC4)CC3)C2)CC1
C1CCC(CC2CCCCC2C2CCC3CCCCC3C2)CC1
C1CCC(CCCC2CCCCC2C2CCC(C3CCCCC3C3CCCCC3)CC2)CC1
C1CCC(CC2CCC(CC3CCC(C4CCC(C5CCCCC5)CC4)CC3)CC2)CC1
C1CCC(C2CCCCC2)CC1
C1CCC(CC2CCC(C3CCC(CC4CCCCC4)CC3)CC2)CC1
C1CCC(C2CCCCC2C2CCCCC2)CC1
C1CCC(CCCC2CCCC(CCCC3CCCCC3)C2)CC1
C1CCC(C2CCC(CCC3CCCC(C4CCCCC4)C3)CC2)CC1
C1CCC(CCC2CCCC(CC3CCC(CC4CCCCC4)CC3)C2)CC1
C1CCC(C2CCC(CC3CCCCC3C3CCC(CC4CCC5CCCCC54)CC3)C2)CC1
C1CCC(CCC(CC2CCC(CC3CCCCC3)CC2)CC2CCC(C3CCCC(C4CCCCC4)C3)CC2)CC1
C1CCC(C2CCCCC2C2CCC(C3CCC(CC4CCCC(C5CCCC5)C4)CC3)CC2)CC1
C1CCC(CC2CCCCC2)CC1
C1CCC(CCC2CCC(CC3CCC(CC4CCCCC4)CC3)CC2)CC1
C1CCC(C2CC(C3CCC4CCCCC43)CC3CCCCC32)CC1
C1CCC(CC2CCC(CC3CCC(C4CCCCC4C4CCC5CCCCC5C4)CC3)CC2)CC1
C1CCC(CCCC2CCC(CC3CCCCC3)CC2C2CCCCC2)CC1
C1CCC(C2CCCC(CC3CCC(C4CCCC(C5CCCC5)C4)CC3)C2)CC1
C1CCC(CC2CCC(C3CCCCC3)CC2)CC1
C1CCC(C2CCC(C3CCCC4CCCCC43)C(C3CCCC3)C2)CC1
C1CCC(CCCCC2CCCCC2)CC1
C1CCC(C2CCC(C3CCC(C4CCC4)CC3)CC2)CC1
C1CCC(CC2CCCCC2)CC1
C1CCC(CC2CC(CCCC3CCC(C4CCCCC4)CC3)C3CCCCC23)CC1
C1CCC(CC2CCC(C3CCCC(CC4CCCCC4)C3)CC2)CC1
C1CCC(C2CCC(CC3CCCC(C4CCCCC4)C3)CC2)CC1
C1CCC2CC(CCC3CC(C4CC4)CCC3C3CCC4CCCC4C3)CC2C1
C1CCC(C2CCC(CC3CCCC(C4CCCCC4)C3)CC2)CC1
C1CCC(CCCC2CCCC(CCC3CC4CCCCC4C3)C2)CC1
C1CCC(C2CCCC(CCCC3CCCC(C4CCCC4)C3)C2)CC1
C1CCC(CC2CCC(C3CCCCC3)CC2)CC1
C1CCC(CCCCC2CCC(C3CC3)CC2CC2CCCCC2)CC1
C1CCC(CC2CCC(C3CCC3)C(CC3CCCCC3C3CCC4C(CCCC4C4CC4)C3)C2)CC1
C1CCC(C2CCCC(CC3CC(C4CCC5CCCC5C4)C4CCCCC34)C2)CC1
C1CCC(C2CCC(C3CCCC(C4CCC4)C3)CC2)C1
C1CCC(CCC2CC(C3CCCCC3CC3CCCC(C4CCCCC4)C3)C3CCCCC23)CC1
C1CCC(CC2CCCC(CC3CCC(C4CCCC4)CC3)C2)CC1
C1CCC(CC2CCCCC2C2CCCCC2)CC1
C1CCC(CCC2CCCC(CC3CCCCC3)C2)CC1
C1CCC(CC2CCC(C3CCC(C4CCCCC4C4CCCCC4)CC3)CC2)CC1
C1CCC(C2CCCCC2C2CCCC(CCC3CCCCC3C3CCC(C4CCC4)CC3)C2)CC1
C1CCC(CC2CCCC(CC3CCC(CC4CC5CCCCC5C4)CC3)C2)CC1
C1CCC(C2CCC(CCCC3CCCCC3C3CCCCC3)CC2)CC1
C(CCC1CCC1)CCC1CCC(CC2CCC(C3CCCCC3)CC2)CC1
C1CCC(CC2CCCC(CCC3CCCC(C4CC5CCCCC5C4)C3)C2)CC1
C1CCC(CC2CCC3C(C2)C(CC2CCCCC2)CC3C2CCCCC2)CC1
C1CCC(CCCCC2CCCCC2CC2CCCCC2)CC1
C1CCC(CC2CC(CCC3CCCC(C4CCCC(C5CCCCC5)C4)C3)C3CCCCC23)CC1
C1CCC(CC2CCCC(CC3CCCC(C4CCCCC4)C3)C2)CC1
C1CCC(CCC2CCC(C3CCCC(C4CCCCC4C4CCCCC4)C3)CC2)CC1
C1CCC(C2CCC(C3CCCC(C4CC4)C3)CC2)CC1
C1CCC(CC2CCC(CC3CCC3)CC2)CC1
C1CCC(CC2CCCCC2C2CC(CCCC3CC4CCCCC4C3)C3CCCCC32)CC1
C1CCC(CCCCC2CCC3CCCC(C4CCCCC4)C3C2)CC1
C1CCC(CCCC2CCC(C3CCCC(CC4CC5CCCCC5C4)C3)CC2)CC1
C1CCC(CC2CCC(CC3CCCCC3)C(C3CCCC(C4CCCC4)C3)C2)CC1
C1CCC(C2CCC(CC3CCCCC3C3CCCCC3)CC2)CC1
C1CCC(CCC2CCCC(CCCCCC3CCC(C4CCCCC4)C(C4CC4)C3)C2)CC1
C1CCC(C2CC(C3CCC3)CC(C3CCCC(CC4CCC5CCCC5C4)C3)C2)CC1
C1CCC(CCC2CCC(C3CCCCC3)CC2CCC2CCCCC2)CC1
C1CCC(C2CCCC(CC3CC(C4CCCCC4)C4CCCCC34)C2)CC1
C1CC(C2CCC(CC3CCCC(C4CCCC4)C3)CC2)C1
C1CCC(C2CCC(CC3CCC(C4CCCC(C5CCCC5)C4)CC3)CC2)C1
C1CCC(CCC2CCC(CC3CCCC(CCC4CCC(C5CCC5)CC4)C3)CC2)CC1
C1CCC(CC2CC(C3CCCCC3)C3CCCCC23)CC1
C1CCC(C2CCC(C3CCC(C4CCCC4)C(C4CCC5CCCC5C4)C3)CC2)C1
C1CCC(CC2CCCC(CC3CCCCC3)C2)CC1
C1CCC(CCCCCC2CCC(CC3CCCCC3)CC2)CC1
C1CCC(CC2CCC(CC3CCC(CCC4CCCC(C5CCCCC5)C4)CC3)CC2)CC1
C1CCC(CCC2CC(CC3CCCCC3)C3CCC(C4CCC5CCCCC5C4)CC23)CC1
C1CCC(CCCC(CC2CC2)C2CCCC(C3CCCCC3C3CCCC3)C2)CC1
C1CCC(C2CCC(C3CCCCC3)CC2)CC1
C(CCCC1CCCCC1)CCCC1CC(CC2CCCCC2)CCC1CC1CC1
C1CCC(C2CCC(CCC3CCCC(C4CCC(C5CCC5)CC4)C3)CC2)CC1
C1CCC(CC2CCCC(C3CCCC(CC4CCCCC4)C3)C2)CC1
C1CCC(C2CCCCC2C2CCCC(CC3CCCC3)C2)CC1
C1CCC(C2CCCC(C3CCCC(C4CCCCC4)C3)C2)CC1
C1CC(C2CCC(CCC3CC(C4CCCC(C5CCCC5)C4)CCC3C3CCC3)CC2)C1
C1CCC(CCC2CCCC(C3CCCC(C4CCC(C5CCCCC5)C5CCCC45)C3)C2)CC1
C1CCC2CC(CCC3CCC(CCC4CCCCC4C4CCCC4)CC3)CCC2C1
C1CCC(C2CCC(C3CCCCC3)CC2)CC1
C1CCC(C2CCCC(C3CCCCC3)C2)CC1
C1CCC(C2CCC(C3CCCCC3)C(C3CCCC3)C2)CC1
C1CCC(CC2CCC(CC3CC(C4CC4)C4CCCCC34)CC2)CC1
C1CCC(CC2CCC(CC3CCC(C4CCCCC4)CC3)CC2)CC1
C1CCC(CC2CCC(CCCC3CCCC(C4CCCCC4)C3)CC2)CC1
C1CCC(CC2CCC(C3CCCC(C4CCCCC4)C3)CC2)CC1
C1CCC(CC2CCCC(CC3CCCCC3C3CCCCC3)C2)CC1
C1CCC(CC2CCC(CC3CCCCC3C3CCCC(C4CCCC(C5CCCCC5)C4)C3)CC2)CC1
C1CCC(CCC2CCC(CC3CCC(CC4CCCC(C5CCCCC5)C4)CC3)CC2)CC1
C1CCC(C2CCC(CC3CCC(C4CCCCC4)C(C4CCCCC4)C3)C2)CC1
C1CCC(CC2CCCC(CCC3CCC(CCC4CCC(CCCCC5CC6CCCCC6C5)CC4)C3)C2)CC1
C1CCC(CC2CCCCC2C2CCCCC2)CC1
C1CCC(C2CCCC(C3CCCCC3)C2C2CCCCC2)CC1
C1CCC(C2CCC(C3CCC4CCCCC4C3)CC2)CC1
C1CCC(C2CCCCC2C2CCC(CC3CCC(C4CCCC4)CC3)CC2)CC1
C1CCC(CC2CCC(CC3CCC(C4CCCC4C4CCCC(C5CCCCC5)C4)CC3)CC2)CC1
C1CCC(CC2CCCCC2C2CCC(C3CCCC3)CC2C2CCCC2)CC1
C1CCC(C2CCCC3CC(C4CCC(C5CCCCC5C5CCCCC5C5CCCC5)CC4)CCC32)CC1
C1CCC(C2CC(C3CCC(CCC4CCCC5CCCCC54)CC3)C2)CC1
C1CCC(CC2CCC3CC(C4CCCC4)CCC3C2)CC1
C1CCC(C2CCCC(CC3CCCCC3C3CCCC3)C2)CC1
C1CCC(CC2CCC(C3CCC(C4CCCCC4)CC3)CC2)CC1
C1CCC(C2CC(C3CCC4CCCCC43)CC3CCC(CC4CCCC4)CC32)CC1
C1CCC(CCCC2CCCC(CC3CCCCC3)C2)CC1
C1CCC(C2CCCC(C3CCCCC3)C2)CC1
C1CCC(C2CCCCC2C2CCCCC2C2CCCCC2)CC1
C1CCC(C2CCCCC2C2CCCC2)CC1
C1CCC(CC2CCC(C3CCCCC3)C(C3CCCCC3)C2)CC1
C1CCC(C2CCC(CCC3CCC4C(CC5CCCC5)CCC4C3)CC2)CC1
C1CCC(CCCC2CCC(CC3CCCCC3)CC2C2CCC(C3CCCCC3)CC2)CC1
C1CCC(CC2CCCC(C3CCCCC3)C2)CC1
C1CCC(CC2CCCC(C3CCCC(C4CCCCC4)C3)C2)CC1
C1CCC(CCCCC2CCCC(C3CCCCC3)C2)CC1
C1CCC(CC2CCCCC2CCCC2CCC(C3CCCC3)CC2)CC1
C1CCC(CCC2CCCCC2C2CCC(C3CCC4CC(C5CC5)CCC4C3)CC2)CC1
C1CCC(CC2CC(CC3CCCCC3)CC(C3CCCCC3)C2)CC1
C1CCC(C2CCCC(C3CCC(CC4CC5CCCCC5C4)CC3)C2)CC1
C1CCC(CCCCC2CCCC(C3CCCCC3)C2)CC1
C1CCC(C2CCCC(CCC3CCCCC3C3CCCCC3)C2)CC1
C1CCC(CC2CCC(C3CCCCC3CC3CCCCC3)CC2)CC1
C1CCC(CCCCC2CCCCC2C2CCCCC2)CC1
C1CCC(CC2CCC3C(CC4CCC5CCCCC54)CC(C4CCCCC4)C3C2)CC1
C1CCC(CC2CCC(C3CCC4CCCCC4C3)CC2C2CCCCC2)CC1
C1CCC(CCC2CC(CC3CCC(C4CCCCC4)CC3)C3CCCCC23)CC1
C1CCC(CC2CCCCC2CCC2CCC(C3CCCC3)CC2)CC1
C1CCC(CC2CC(C3CCCCC3)CC(C3CCCCC3)C2)CC1
C1CCC(CC2CCCCC2C2CCCCC2)CC1
C1CCC(CCC2CCCC(C3CCCCC3)C2)CC1
C1CC(CC2CC3CCCCC3C2)CC(CC2CCCCC2C2CCC3CCCC3C2)C1
C1CC(C2CCCC(CCC3CCC(CC4CC5CCCCC5C4)CC3)C2)C1
C1CCC(C2CCC(C3CCCCC3)CC2)CC1
C1CCC(C2CCC(CCC3CCCC(C4CCCCC4)C3)CC2)CC1
C1CCC(CC2CC(CC3CCCC(C4CC4)C3)CCC2CCC2CCCC2)CC1
C1CCC(C2CC(C3CCCCC3C3CCC4CCCC4C3)C3CCCCC23)CC1
C1CCC(C2CC(C3CCC(C4CCCC4)CC3)C3CCCCC23)CC1
C1CCC(CCCCC2CCC(C3CCCCC3)CC2)CC1
C1CCC(C2CCCC(C3CCC(C4CC5CCCCC5C4)CC3)C2)CC1
C1CCC(CC2CCC(C3CCCCC3)CC2)CC1
C1CCC(CC2CCCC(C3CCCC(C4CCC(C5CCCCC5)C5CCCC45)C3)C2)CC1
C1CCC(C2CCC(C3CCCCC3)CC2)CC1
C1CCC(CC2CCCC(CC3CCCC(C4CCCCC4)C3)C2)CC1
C1CCC(CC2CCC(CC3CCC(C4CCCCC4)C3)CC2)CC1
C1CCC(C2CCCC(C3CCCC4CC(C5CCCCC5)CCC43)C2)CC1
C1CCC(CC2CCCCC2CCC2CCCCC2C2CCCCC2)CC1
C1CCC(CC2CCCCC2C2CC3CCC(C4CCCC4)CC3C(C3CCCCC3)C2)CC1
C1CCC(C2CCCCC2CC2CCC(C3CCCC3)CC2)CC1
C1CCC(C2CC(C3CCCCC3)CC(C3CCCCC3)C2)CC1
C1CCC(CC2CCC(CC3CCCC(CC4CCCCC4)C3)CC2)CC1
C1CCC(CC2CCC(CCC3CC(CC4CCCCC4)C4CCCCC34)CC2)CC1
C1CCC(CCCC2CCC(C3CCCCC3CC3CCCCC3)CC2)CC1
C1CCC(CCCCCC2CCC(C3CCCCC3)CC2)CC1
C1CCC(C2CCC(C3CCC(C4CCCC4)CC3)CC2)CC1
C1CCC(CC2CCCCC2C2CCC3C(CCCC3C3CCCCC3)C2)CC1
C1CCC(CCCCC2CCC(CC3CCC(C4CCCCC4)CC3)CC2)CC1
C1CCC(CCCC2CCCC(CCC3CCCCC3)C2)CC1
C1CCC(CC2CCC(C3CCCC(CC4CCCCC4)C3)CC2)CC1
C1CC(C2CCC(C3CCCCC3C3CCCC(CC4CC5CCCCC5C4)C3)CC2)C1
C1CC(C2CCCC(C3CCC(C4CCC5CCCC5C4)CC3)C2)C1
C1CCC(CCC2CCCCC2C2CCCCC2CC2CCCCC2)CC1
C1CCC(CCC2CC(C3CCC4CCCCC43)C3CCCCC23)CC1
C1CCC(CCCC2CCC(CC3CCCCC3)CC2)CC1
C1CCC(CC2CCCC(C3CCCCC3)C2)CC1
C1CCC(CC2CCCC(CCCCC3CCCCC3C3CCCCC3)C2)CC1
C1CCC(C2CCC(CCC3CCCC(C4CCCCC4)C3)CC2)CC1
C1CCC(CC2CCCC(C3CCCC(C4CCCCC4)C3)C2)CC1
C1CCC(C2CCC(C3CCC4CCCCC43)CC2)CC1
C1CCC(C2CC3CCC(C4CCCC4)CC3C(C3CCCCC3)C2)CC1
C1CCC2CC(C3CCC4C(CCC4C4CCCC4)C3)CCC2C1
C1CCC(C2CCC(C3CCCCC3)C(C3CCCCC3)C2)CC1
C1CCC(CC2CCC(CC3CCC(CC4CCCCC4)C(C4CCCC4)C3)CC2)CC1
C1CCC(C2CC(C3CC3)CC(C3CCCC(CC4CCCC(CC5CC5)C4)C3)C2)CC1
C1CCC(CC2CC(C3CCCCC3)C3CCCCC23)CC1
C1CCC(CC2CCC(CC3CCC(C4CCCCC4)CC3)CC2)CC1
C1CCC(CC2CCCCC2C2CCC(CCC3CC4CCCCC4C3)C(C3CCCCC3)C2)CC1
C1CCC(CCCC2CCCC(C3CCCCC3)C2)CC1
C1CCC(CCCCCC2CCCC(C3CCC(C4CCCC(C5CC5)C4)CC3)C2)CC1
C1CCC(C2CCC3CCCCC3C2C2CCCCC2C2CCCC(C3CCC4CCCC4C3)C2)CC1
C1CCC(C2CCCC(CC3CCCCC3C3CCC4C(CCC4C4CCCCC4)C3)C2)CC1
C1CCC(CC2CCC(CC3CCC(C4CCCCC4)CC3)CC2)CC1
C1CCC(CC2CCC3CC(C4CCCCC4)CCC23)CC1
C1CCC(C2CCC(C3CCC(C4CCCCC4)CC3)CC2)CC1
C1CCC(CCC2CCCC(CCC3CCCCC3)C2)CC1
C1CCC(CC2CCCC(C3CCCC(C4CCCCC4)C3)C2)CC1
C1CCC(C2CCCCC2)CC1
C1CCC(CC2CCCC(C3CCCCC3CC3CCCCC3)C2)CC1
C1CCC(C2CCCCC2C2CCCC(C3CCC(CCC4CC4)CC3)C2)CC1
C1CCC(CC2CCC(CC3CCC(CC4CCCCC4)CC3)CC2)CC1
C1CCC(C2CCC(C3CCCC(CC4CC(CC5CC5)C5CCCCC45)C3)C2)CC1
C1CCC(C2CC(C3CCC(CC4CCCC(C5CCCC5)C4)CC3)C2)CC1
C1CCC(CCCC2CC(C3CCCCC3)CC(C3CCCC(C4CCCCC4)C3)C2)CC1
C1CCC(CC2CCC(C3CCC(CCCC4CC4)CC3)CC2)CC1
C1CCC(CCC2CCCCC2C2CCCC(CC3CCCCC3)C2)CC1
C1CCC(C2CCCC(C3CCC(C4CC4)CC3)C2)CC1
C1CCC(CCCCCC2CCC(C3CCC(CC4CCCCC4)CC3)CC2)CC1
C1CCC(C2CCCC(C3CCCC(C4CCC5CCCCC5C4)C3)C2)CC1
C1CCC(CCCC2CC3CCCCC3C2)CC1
C1CCC(CC2CCC(CC3CCC(CC4CCCCC4)CC3)CC2)CC1
C1CCC(CC2CCC(C3CCCCC3C3CCCCC3CC3CCCCC3)CC2)CC1
C1CCC(CCC2CCCC(C3CCCCC3)C2)CC1
C1CCC(C2CCCC(CCCC3CCCC(C4CCCCC4)C3)C2)CC1
C1CCC(CCC2CCCC(CCC3CCC(C4CCCCC4)CC3)C2)CC1
C1CCC(CC2CCCC(CC3CC(C4CCCCC4)CC(C4CC4)C3)C2)CC1
C1CCC(CCCC2CCCC(CC3CCC4CCCC4C3)C2)CC1
C1CCC(CC2CC(CC3CCCCC3)CC(C3CCCCC3)C2)CC1
C1CCC(CC2CCC(CCC3CC(C4CCCCC4)CCC3C3CCCCC3)CC2)CC1
C1CCC(CCC2CCCCC2CCC2CCCCC2)CC1
C1CCC(CC2CCCCC2CC2CCCCC2)CC1
C1CCC(CCC2CCCC(C3CCC(C4CCCC4)CC3)C2)CC1
C1CCC(C2CCC(CC3CCC(CCCC4CC4)CC3)CC2C2CCCC2)CC1
C1CCC(CC2CC(C3CCCCC3)C3CCCCC23)CC1
C1CCC(C2CCCC(C3CCC(C4CCCCC4)C(C4CCCCC4)C3)C2)CC1
C1CCC(CC2CCC(CC3CCC(CCC4CC5CCCCC5C4)CC3)CC2)CC1
C1CCC(CCC2CCCCC2CC2CCCCC2)CC1
C1CCC(C2CCC(C3CCCCC3C3CCCC3)CC2)CC1
C1CCC(CCCC2CCC(CCC3CCCC(C4CCCCC4)C3)CC2)CC1
C1CCC(CC2CCC(CC3CCCCC3)CC2)CC1
C1CCC(CCC2CCCC(CC3CCC(C4CCCCC4)CC3)C2)CC1
C1CCC(CC2CCCCC2CC2CCC(C3CCCCC3CC3CCCCC3)CC2)CC1
C1CCC(C2CCCC(CC3CC4CCCCC4C3)C2)CC1
C1CCC(CCC2CCCCC2C2CCCCC2)CC1
C1CCC(CC2CCCC(C3CC4CCCCC4C3)C2)CC1
C1CCC(C2CCCCC2C(C2CCCC2)C2CCCCC2C2CCC3CCCC3C2)CC1
C1CCC(C2CCC(C3CCCC(CC4CCC5CCCC5C4)C3)CC2)CC1
C1CCC(C2CCCCC2CC2CCC(CCC3CCC4CCCC4C3)CC2)CC1
C1CCC(CCC2CCC(C3CCCCC3)CC2CCC2CCCCC2)CC1
C1CCC(CCC2CCC3CCCC(CC4CCC5CCCC5C4)C3C2)CC1
C1CCC(CC2CCCC(C3CC(CC4CCCCC4)C4CCCCC43)C2)CC1
C1CCC(CCCC2CCCC(C3CCC(C4CCCC4)CC3)C2)CC1
C1CCC(CCCC2CCC(C3CCCCC3)CC2)CC1
C1CCC(CC2CCC(CC3CCCC(C4CCCCC4)C3)CC2)CC1
C1CCC(CC2CCC(CC3CCCC(C4CCC(C5CCCCC5)CC4)C3)CC2)CC1
C1CCC(CC2CCC(CC3CCCC(C4CCC5CCCCC54)C3)CC2)CC1
C1CCC(CC2CCCCC2C2CCC(C3CCC(C4CCCCC4)CC3)CC2)CC1
C1CCC(C2CC(CC3CCCC(CC4CC5CCCCC5C4)C3)CC(C3CCCCC3)C2)CC1
C1CCC(CCCCCC2CCCC(C3CCC4CCCCC4C3)C2)CC1
C1CCC(CC2CCC(CCC3CCC(C4CCCC4)CC3)CC2)CC1
C1CCC(C2CCCC(C3CCC4CCC(C5CCCC5)C4C3)C2)CC1
C1CCC(CC2CCCC(CC3CCCC(C4CCCCC4)C3)C2)CC1
C1CCC(C2CC(C3CCCCC3)CC(C3CCCC3)C2)CC1
C1CCC(CCCCC(CC2CCCCC2)C2CCCCC2)CC1
C1CCC(CC2CCC3CC(C4CCC(CC5CCC6CCCCC6C5)CC4)CCC23)CC1
C1CCC(CC2CCC(C3CCCCC3)CC2)CC1
C1CCC(CC2CCC3C(CC4CCCCC4)CC(CC4CCCCC4)C3C2)CC1
C1CCC(CC2CC(C3CCC(C4CCCCC4)CC3)CCC2CC2CC2)CC1
C1CCC(C2CCC3CCC(C4CCCCC4C4CCCCC4)CC3C2)CC1
C1CCC(CC2CCC(CCC3CCC4CCCCC43)CC2)CC1
C1CCC(CCCCCC2CCC(C3CCC(C4CC5CCCCC5C4)CC3)CC2)CC1
C1CCC(C2CCCC(C3CCC(C4CCCCC4C4CCC(C5CCCC5)C4)CC3)C2)CC1
C1CCC(CCC2CCC(C3CC(CC4CCCCC4)CC(C4CCCC4)C3)CC2)CC1
C1CCC(CC2CCCC(C3CCCCC3CC3CCCCC3)C2)CC1
C1CCC(C2CCC(CCCC3CC4CCCCC4C3)CC2)CC1
C1CCC(CC(C2CCCCC2)C2CCCC(C3CCCC(C4CCCCC4)C3)C2)CC1
C1CCC(C2CCCC(C3CCC4CCC(C5CCCCC5)CC4C3)C2)CC1
C1CCC(CCCCC2CCC(CC3CCCCC3)CC2)CC1
C1CCC(CC2CCCC(C3CCCC(CC4CCCCC4)C3)C2)CC1
C1CCC(C2CCCC(C3CCC4CCCC4C3)C2)CC1
C1CCC(CC2CCC(C(CC3CCCCC3)C3CCCCC3)CC2)CC1
C1CCC(CCCCC2CCC3C(CCC3C3CCCCC3)C2)CC1
C1CCC(CC2CCCCC2C2CCCCC2)CC1
C1CCC(CCCC2CCC(CCCC3CCCC(CC4CCCCC4)C3)CC2)CC1
C1CCC(CC2CCCCC2C2CCCC(CC3CCC4CCCCC43)C2)CC1
C1CCC(CCC2CCCCC2C2CCCCC2)CC1
C1CCC(CCC2CCC(CCCCCC3CCCCC3C3CCCC3)CC2)CC1
C1CCC(CCC2CCC(CC3CCCCC3)CC2CCC2CCC(CC3CCCCC3)CC2)CC1
C1CCC(CCC(CC2CCCCC2)C2CCC(C3CCC(C4CCCCC4)CC3)CC2)CC1
C1CCC(CC2CCC(CC3CCCCC3)C(C3CCCCC3C3CCC4CCCC4C3)C2)CC1
C1CCC(CCCCC2CCCC(CCCC3CCCCC3)C2)CC1
C1CCC(C2CCCC(C3CCCC(C4CCCC(C5CCCCC5)C4)C3)C2)CC1
C1CCC(C2CCCC(CC3CC3)C2)CC1
C1CCC(CCC2CCC(CC3CCCCC3)CC2)CC1
C1CCC(C2CCC(C3CCCC(C4CCCCC4)C3)CC2)CC1
C1CCC(C2CCC(C3CCCC(C4CCCCC4)C3)CC2)CC1
C1CCC(CC2CCCC(C3CCCCC3)C2)CC1
C(CCCC1CCCC(CC2CC2)C1)CCC1CCCCC1
C1CCC(C2CCC(CCCC3CCC(C4CCCC(C5CCCCC5)C4)CC3)CC2)CC1
C1CCC(CCCC2CC(CC3CCCC(C4CCCCC4)C3)C3CCCCC23)CC1
C1CCC(C2CCC(CCC3CC4CCCCC4C3)CC2)CC1
C1CCC(CCC2CCCCC2CC2CCC3CCCCC32)CC1
C1CCC(CC2CCC(CCC3CCCC(CC4CCCCC4)C3)CC2)CC1
C1CCC(CCC2CCC(CC3CCC(CCC4CCCCC4)C(C4CCCCC4)C3)CC2)CC1
C1CCC(C2CCCC(C3CCCCC3)C2)CC1
C1CCC(CCCC2CCCCC2)CC1
C1CCC(CCC2CCC(C3CCCCC3)CC2)CC1
C1CCC(CC2CCC(C3CCCCC3)CC2)CC1
C1CCC(CC2CCC(CCC3CC4CCCCC4C3)CC2)CC1
C1CCC(C2CCCCC2C2CCCCC2)CC1
C1CCC(CCC2CCC(C3CCCCC3)CC2)CC1
C1CCC(CC2CCC(CC3CCCCC3C3CCCCC3)CC2)CC1
C1CCC(CC2CCCC(C3CCC(C4CC(C5CCCCC5)C4)CC3)C2)CC1
C1CCC(CC2CCC(CCC3CCC(CC4CC4)CC3)CC2)CC1
C1CCC2CC(C3CC(C4CC5CCCCC5C4)C4CCCCC34)CCC2C1
C1CCC(CCC2CCC(CC3CCCCC3)CC2)CC1
C1CCC(CCC2CCC(CC3CCCCC3CCC3CCCCC3)CC2)CC1
C1CCC(CCCC2CCC(C3CCCC(C4CCCCC4)C3)CC2)CC1
C1CCC(CCC2CCC(C3CCC4CCCCC43)CC2)CC1
C1CCC(CCC2CCC(CC3CCCCC3)CC2)CC1
C1CCC(C2CC3CCCCC3C(C3CCCCC3)C2)CC1
C1CCC(C2CCC(C3CCCC(C4CCCC4)C3)C3CCCC23)CC1
C1CCC(CCCC2CCCC(C3CCCCC3CC3CCCCC3)C2)CC1
C1CCC(CCC2CCCC(CC3CCCCC3C3CCCCC3)C2)CC1
C1CCC(CCCC2CCC(CC3CCC(C4CCC5CCCCC54)CC3)CC2)CC1
C1CCC(CCC2CC(C3CCCCC3)CC(CC3CC4CCCCC4C3)C2CCC2CCCCC2)CC1
C1CCC(CC2CCC(CCCC3CCC(C4CCCCC4CC4CCCCC4)CC3)CC2)CC1
C1CCC(C2CCC(C3CCC(CC4CCC5CCCCC54)CC3)CC2)CC1
C1CCC(C2CCC(C3CCC4CCCCC43)CC2)CC1
C1CCC(CC2CCC(C3CCCCC3CC3CCCCC3)C(CC3CC3)C2)CC1
C1CCC(C2CCC3CCCCC3C2)CC1
C1CC2CCC(CCC3CCC(CCC4CCCC(C5CC5)C4)CC3)CC2C1
C1CCC(CCC2CCCCC2CC2CCCC(C3CCCC(C4CC4)C3)C2)CC1
C1CCC(CC2CCC(CCC3CCC4C(CC5CCCCC5)CCC4C3)CC2)CC1
C1CCC(C2CCC(C3CCCC(CC4CCCCC4C4CCCCC4)C3)C2)CC1
C1CCC(C2CCC(CCC3CCCCC3C3CCC(C4CCC(C5CCCC5)CC4)CC3)CC2)C1
C1CCC(C2CCC(C3CCCCC3)CC2)CC1
C1CCC(C2CCCC(C3CCCCC3C3CCCCC3C3CCCC3)C2)C1
C1CCC(CC2CC(C3CCC4CCCCC43)CC3CC(C4CCC(C5CCCC5)CC4)CC23)CC1
C1CCC(CCCCC2CCC(C3CCCC(C4CCCCC4)C3)CC2)CC1
C1CCC(CC2CCC(C3CCCCC3CC3CC4CCCCC4C3)CC2)CC1
C1CCC(CC2CC3CCCCC3C(C3CCCCC3)C2)CC1
C1CCC(C2CCCCC2CCC2CC(C3CC3)CCC2CCC2CC3CCCCC3C2)CC1
C1CCC(CCC2CC(C3CCCC(C4CCCC4)C3)CCC2C2CCCCC2)CC1
C1CCC(C2CCC(C3CCCC(C4CCCCC4)C3)CC2)CC1
C1CCC(CC2CCC(CCCCC3CCCC3)CC2)CC1
C1CCC(CCC2CCC(C3CCC(CC4CCCC4)CC3)CC2)CC1
C1CCC(CCC2CCC(CCC3CCCCC3C3CCC4CCCCC4C3)CC2)C1
C1CCC(CC2CCC(C3CCCCC3)CC2)CC1
C1CCC(CCC2CCC(C3CCC4CCCC4C3)CC2)CC1
C1CCC(CCCC2CCC(C3CCC(C4CC4)CC3)CC2)C1
C1CCC(C2CCCCC2)CC1
C1CCC(CC2CC3CCC(C4CCCCC4)CC3C2)CC1
C1CCC(C2CCC(C3CC(C4CCCCC4)C3)CC2)CC1
C1CCC(C2CCCC(C3CCCC(C4CCCCC4)C3)C2)CC1
C1CCC(C2CCCC(C3CCCC(CC4CC4)C3)C2)CC1
C1CCC(CC2CCCC(CCC3CCCCC3CC3CCCCC3)C2)CC1
C1CCC(C2CCC(C3CCC4CCCCC4C3)CC2)C1
C(CC1CCC(C2CCC(CC3CC3)C(C3CCCC3)C2)CC1)CC1CC2CCCCC2C1
C1CCC(CC2CCC3C(CCC3C3CCCC(C4CCCCC4)C3)C2)CC1
C1CCC(CCCCCC2CCC(C3CCCCC3)C(C3CCCCC3)C2)CC1
C1CCC(C2CCCCC2C2CCCCC2C2CCCC(CC3CC4CCCCC4C3)C2)CC1
C1CCC(CCCCC2CCC(CC3CCC(C4CCCCC4CC4CCCCC4)CC3)CC2)CC1
C1CCC(CC2CCCCC2C2CCCCC2)CC1
C1CCC(CCCCC2CCC(CC3CCCCC3)CC2)CC1
C1CCC(C2CCC(CCC3CCC(C4CCC5CCCCC5C4)CC3)CC2)CC1
C1CCC(CC2CCCCC2C2CCCCC2)CC1
C1CCC(CCC2CCC(CCC3CCCCC3)CC2)CC1
C1CCC(C2CCCC(C3CCCCC3)C2)CC1
C1CCC(C2CCC(C3CCCCC3)C(C3CCCCC3)C2)CC1
C1CCC(CC2CC(C3CCCC3)CC(C3CCCC(C4CCCCC4)C3)C2)CC1
C1CCC(C2CCCCC2CC2CCC3CCCCC3C2)CC1
C1CCC2CC(CC3CCC(C4CCCC5CC(C6CCC(CC7CC7)CC6)CCC54)CC3)CC2C1
C1CCC(C2CCCCC2)CC1
C1CCC(CCC2CCC(C3CCCCC3)CC2)CC1
C1CCC(CC2CCC(C3CCCCC3)CC2C2CCCCC2)CC1
C1CCC(CCC2CCCC(CC3CCCCC3)C2)CC1
C1CCC(C2CCC(C3CCCC(C4CCC(C5CCCC(C6CCCCC6)C5)CC4)C3)CC2)CC1
C1CC(C2CCCC(C3CCCC(CCC4CC5CCCCC5C4)C3)C2)C1
C1CCC(C2CC(C3CCC4CCCCC43)CC3CCCCC32)CC1
C1CCC(CC2CCCCC2C2CCCCC2)CC1
C1CCC(CCCC2CC(C3CCCC3)C3CC(CCC4CCCCC4)CCC23)CC1
C1CCC(C2CC(C3CCC(C4CC(CC5CCCC5)C5CCCCC54)CC3)C2)CC1
C1CCC(C2CCC(C3CCCC(C4CCCCC4)C3)CC2)CC1
C1CCC(CCCC2CCC(C3CCCC(CC4CCCC4)C3)CC2)CC1
C1CCC(CCCCC(C2CCCCC2)C2CCCCC2)CC1
C1CCC(CCC2CCCCC2C2CCCCC2)CC1
C1CCC(C(C2CCC2)C2CCC(C3CCCC(CC4CCC(C5CCCC5)CC4)C3)CC2)CC1
C1CCC(CC2CCC(CC3CCC(CCCC4CC4)CC3)CC2)CC1
C1CCC(CC2CCCCC2C2CCCC(C3CCCCC3)C2)CC1
C1CCC(CCC2CCC(C3CCCCC3C3CCC3)CC2)CC1
C1CCC(CCC2CCC(C3CCCCC3C3CCC4CCCC4C3)CC2)CC1
C1CCC(C2CCCC(C(C3CCCCC3)C3CCCCC3)C2)CC1
C1CCC(C2CCC(CC3CCC(CC4CCCC4)CC3)CC2)CC1
C1CCC(CC2CCCC(C3CCC(C4CCCCC4)CC3)C2)CC1
C1CCC(CC2CCCC(C3CCC(C4CCCC(C5CC5)C4)CC3)C2)C1
C1CCC(C2CCCC(CC3CCC(CC4CC5CCCCC5C4)CC3)C2)CC1
C1CCC(CCCC2CCC(C3CCCCC3C3CCCC3)CC2)CC1
C1CCC(C2CCCC(C3CCCCC3)C2)CC1
C1CCC(CC2CCC(C3CCCC(C4CCCCC4)C3)CC2)CC1
C1CCC(CC2CCCC(C3CCCCC3)C2)CC1
C1CCC(CC2CCC(C3CCC(C4CCCCC4)CC3)C(CC3CCCCC3)C2)CC1
C(CCCC1CCCC(C2CCCCC2)C1)CCC1CCC(C2CCCCC2)CC1
C1CCC(CCC2CCC(C3CCC4CCCCC43)CC2)CC1
C1CCC(C2CCCC(C3CCCC3)C2)CC1
C1CCC(CCC2CCCC(C3CC(CC4CCC(C5CCCCC5)CC4)C4CCCCC43)C2)CC1
C1CCC(CCC2CCCCC2C2CCCC(C3CCCCC3)C2)CC1
C1CCC(CCC2CCCC(C3CCCC(C4CCC5CCCCC54)C3)C2)CC1
C1CCC(CC2CCC(C3CCCCC3)CC2)CC1
C1CCC(CC2CCCCC2C2CCC(C3CCCCC3)CC2CC2CCCCC2)CC1
C1CCC(CCC2CCC(CC3CCCCC3)CC2)CC1
C1CCC(CCC2CCCC(C3CCC(C4CCCCC4C4CCCCC4)CC3)C2)CC1
C1CCC(CC2CCCC(CC3CCC(CCC4CCC(C5CCCCC5)CC4)CC3)C2)CC1
C1CCC(CCC2CCC(C3CCCCC3)CC2C2CCC3CCCCC32)CC1
C1CCC(CCC2CCC(CCC3CCCCC3C3CCCCC3)CC2)CC1
C1CCC(C2CCC3CCC(C4CCCC(CCC5CC6CCCCC6C5)C4)C3C2)CC1
C1CCC(C2CCCCC2C2CC3CCC(C4CCCC4)CC3C(C3CCCCC3)C2)CC1
C1CCC(C2CCCC(C3CCCC(C4CCCC(C5CCCCC5)C4)C3)C2)CC1
C1CCC(C2CCC(C3CCCCC3C3CCCC3)CC2)CC1
C1CCC(CC2CCC(C3CCC(C4CCCCC4C4CCCCC4)CC3)CC2)CC1
C1CCC(C2CCC(CC3CCCCC3C3CCCCC3)CC2)CC1
C1CCC(CCC2CCC(CC3CCCCC3)CC2)CC1
C1CCC(C2CCC(CC3CCC(C(CC4CCCC(C5CCCCC5)C4)C4CCCC4)CC3)CC2)CC1
C1CCC(CC2CCCC(C3CCCCC3)C2)CC1
C1CCC(C2CC(C3CCC4CCCCC43)CC3CC(CCC4CCCC(C5CC5)C4)CCC32)CC1
C1CCC(CC2CCC(CCC3CCC(CC4CCCC(C5CC5)C4)CC3)CC2)CC1
C1CCC(C2CCCC(C3CCC(C4CCCC4)CC3)C2)CC1
C1CCC(CCC2CCCC(C3CCCCC3CC3CCCCC3)C2)CC1
C1CCC(CCC2CCC(CC3CCC(C4CCCCC4)CC3)CC2)CC1
C1CCC(C2CCC(C3CCCC(C4CCC(C5CCCC5)CC4)C3)CC2)CC1
C1CCC(CCC2CCCC(C3CCC(CCC4CC5CCCCC5C4)CC3)C2)CC1
C1CCC(CC2CCC3CC(C4CC5CCCCC5C4)CCC3C2)CC1
C1CCC(CCC2CC(CC3CCCCC3)CCC2C2CCCCC2)CC1
C1CCC(CC2CCC(C3CCCC(C4CCCCC4)C3)CC2)CC1
C1CCC(CCC2CCCC(CC3CCCCC3)C2)CC1
C1CCC(CCC2CCCC(C3CCC(C4CC4)CC3)C2)CC1
C1CCC(C2CCC3CC(C4CCC5CCCCC54)CC(C4CCCC4)C3C2)CC1
C1CCC(CC2CCC(CCCC3CCCC3C3CCCC(C4CCCCC4)C3)CC2)CC1
C(CCC1CC2CCCCC2C1)CC1CCC(CC2CCC(CC3CCCC3)CC2)CC1
C1CCC(CCC2CCC3C(C4CCC(C5CCCCC5)CC4)CC(C4CCCC4)C3C2)CC1
C1CCC(CCC2CCC(C3CCC4CC(C5CCCC5)CC(C5CCCCC5)C4C3)CC2)CC1
C1CCC(C2CC(C3CCCCC3)C3CCCCC23)CC1
C1CCC(CCC2CCCC(CC3CCCC(C4CCCC4)C3)C2)CC1
C1CCC(CC2CCCCC2C2CCCC(C3CCCC(C4CCCCC4)C3)C2)CC1
C1CCC(CCC2CC(C3CCCCC3)CC(C3CCCCC3)C2)CC1
C1CCC(CCCCCC2CCC(CC3CCCCC3)CC2)CC1
C1CCC(CCC2CCCC(C3CCCC(C4CCCCC4)C3)C2)CC1
C1CCC(CC2CCCCC2C2CCC(C(CC3CCCCC3)C3CCCCC3)CC2)CC1
C1CCC(CCC2CC3CCCCC3C2)CC1
C1CCC(CC2CCCCC2C2CCC(C3CCC4CCCCC4C3)CC2)CC1
C1CCC(CCCCCC2CCC(C3CCC(CC4CC5CCCCC5C4)CC3)CC2)CC1
C1CCC(CCCCC2CCC(CC3CCCCC3)CC2)CC1
C1CCC(CC2CCC3C(CC4CCCCC4)CC(CC4CCCCC4)C3C2)CC1
C1CCC(CC2CCCCC2)CC1
C1CCC(CC2CCC(CC3CCCC(CCC4CCCC5CCCCC54)C3)C2)CC1
C1CCC(CCCCC2CCC(C3CCCCC3)CC2)CC1
C1CCC(CCC2CC(C3CCCC(C4CCCC(C5CCCCC5)C4)C3)C3CCCCC23)CC1
C1CCC(C2CCCC(C3CCCC(C4CCCCC4)C3)C2)CC1
C1CCC(CCCC2CCC(CC3CCC(CC4CCCCC4)CC3)CC2)CC1
C1CCC(CCCCCC2CCC(CC3CCCCC3C3CCCC3)CC2)CC1
C1CCC(CC2CCC(C3CCC(C4CCCC4)CC3)C(C3CCCC3)C2)CC1
C1CCC(CCC2CCCC(C3CC(C4CCCCC4)CC(C4CCC4)C3)C2)CC1
C1CCC(CC2CCC3CCCC3C2)CC1
C1CCC(C2CCCCC2C2CCC3CCCC3C2)CC1
C1CCC(CCC2CCCC(C3CCCCC3)C2)CC1
C1CCC(C2CCCC(CC3CCCCC3C3CCCCC3)C2)CC1
C1CCC(C2CC(C3CCC4CCCCC43)CC3CCCCC32)CC1
C1CCC(C2CCC(C3CCC4CCCC4C3)C(C3CCC4CCCC4C3)C2)C1
C1CCC(CC2CCCC(C3CCCCC3)C2)CC1
C1CCC(CCCC2CCC(C3CCCCC3)CC2)CC1
C1CCC(CCC2CCC(CC3CCCCC3)CC2)CC1
C1CCC(CC2CCC(CCCC3CCC(CCCC4CCCC4)CC3)CC2)CC1
C1CCC(C2CCCC(C3CCC(CC4CCCC4)CC3)C2)CC1
C1CCC(CC2CCC(C3CCCCC3)CC2)CC1
C1CCC(CC2CCCCC2C2CCC(C3CCCC(C4CCCCC4)C3)CC2)CC1
C1CCC(CCC2CCC(CCC3CCC(CC4CCCCC4)CC3)CC2)CC1
C1CCC(C2CCCCC2)CC1
C1CCC(CC2CCC(CCCC3CCCC(C4CCCCC4)C3)CC2)CC1
C1CCC(C2CCCC(C3CCCC(CCCC4CCC(CCC5CC5)CC4)C3)C2)CC1
C1CCC(CC2CCC(C3CCCCC3)CC2C2CCC3CCCC3C2)CC1
C1CCC(C2CCCCC2C2CCCCC2)CC1
C1CCC(CCC2CCCCC2C2CCCCC2)CC1
C1CCC(CCC2CCCC(CC3CCCCC3)C2)CC1
C1CCC(CCC2CCC(CC3CCCCC3)CC2)CC1
C1CCC(CC2CCC(CC3CCC(C4CCCC4)CC3)CC2)CC1
C1CCC(C2CCCC(C3CCCC(C4CCCCC4)C3)C2)CC1
C1CCC(C2CCCC(CC3CCC(C4CCCCC4)CC3C3CCCCC3)C2)CC1
C1CCC(C2CCCC(CCC3CCC(C4CCC(C5CCCC(C6CCCC6)C5)CC4)CC3)C2)CC1
C1CCC(CC2CCC(C3CCCCC3C3CCCCC3)C(C3CCCCC3)C2)CC1
C1CCC(C2CCCC(CC3CCC(C4CCCCC4)C3)C2)CC1
C1CCC(C2CCCCC2CC2CCCC2)CC1
C1CCC(CC2CCC(C3CCCCC3)CC2)CC1
C1CCC(C2CCCCC2C2CCCCC2)CC1
C1CCC(CC2CCCCC2C2CC(C3CCCCC3)C3CC(CC4CC5CCCCC5C4)CCC32)CC1
C1CCC(CC2CC(C3CCCC(C4CCC(C5CCCCC5)CC4)C3)C3CC(C4CCCCC4)CCC23)CC1
C1CCC(CCC2CCC(CC3CCCCC3)CC2)CC1
C1CCC(C2CCCCC2)CC1
C1CCC(CCCC2CCC(C3CCCC(CCC4CCCCC4)C3)C2)CC1
C1CCC(CCCC2CCC(CC3CCCC3)CC2)CC1
C1CCC(C2CCCCC2C2CCC(CCC3CCCC3)CC2)CC1
C1CCC(C2CCCC(C3CCC(C4CCCC4)CC3)C2)CC1
C1CCC(CCC2CCCC(C3CCCC(CC4CCCCC4)C3)C2)CC1
C1CCC(CCCC2CCC(CC3CCCC3)CC2)CC1
C1CCC(CCCCC2CCC(C3CCCC(CC4CCCCC4)C3)CC2)CC1
C1CCC(CCC2CC(C3CCC(CC4CCCCC4)CC3)C3CCCCC23)CC1
C1CCC(C2CCCC(C3CCCCC3)C2)CC1
C1CCC(C2CC(C3CCC4CCCCC43)C3CCCCC23)CC1
C1CCC(CC2CCCC(CCCCC3CCCC(CC4CCCCC4)C3)C2)CC1
C(CCC1CCCC(C2CCCC2)C1)CC1CCCC(CC2CCC3CCCC3C2)C1
C1CCC(CC2CCCCC2C2CCCCC2)CC1
C1CCC(C2CCC(C3CCCCC3)CC2)CC1
C1CCC(CCC2CCCC(CC3CCCCC3)C2)CC1
C1CCC(CCC2CC(C3CCCCC3)CCC2C2CCC3CCCCC3C2)CC1
C1CCC(CC2CCC(CC3CCC(C4CCCCC4)CC3)CC2)CC1
C1CCC(CC2CCCCC2C2CCCCC2)CC1
C1CCC(CC2CCC(C3CCC4C(CCC4C4CCCCC4)C3)CC2)CC1
C1CCC(C2CCCC(C3CCC(C4CCC(C5CCCCC5)CC4C4CCCC4)CC3)C2)CC1
C1CCC(C2CCCC(CC3CCC4CCCCC43)C2)C1
C1CCC(CCCC2CCC(C3CCCC(C4CCCC4)C3)CC2)CC1
C1CCC(CCC2CCCCC2CC2CCCCC2C2CCCCC2)CC1
C1CCC(CCC2CCCC(CC3CCCCC3)C2)CC1
C1CCC(CCC2CCCC(CCCC3CCC(CC4CCCCC4)CC3)C2)CC1
C1CCC(CC2CCC(CC3CC3)CC2CC2CCCCC2)CC1
C1CCC(CC2CCC(C3CCC(CC4CCCC4)CC3C3CCCCC3)CC2)CC1
C1CCC(CC2CCC3CC(C4CCC5CCCCC54)CCC3C2)CC1
C1CCC(CC2CCC(C3CCCCC3)C(C3CCCCC3)C2)CC1
C1CCC(CC2CCCC(C3CCC4CC(CC5CCC6CCCC6C5)CC4C3)C2)CC1
C1CCC(CC2CCCC(C3CCCCC3)C2)CC1
C1CCC(CC2CCCCC2CC2CCCC(C3CCCCC3)C2)CC1
C1CCC(C2CCC(CC3CCC(C(CC4CCC(C5CCCCC5)CC4)C4CCCCC4)CC3)CC2)CC1
C1CCC(CC2CCCC(CCC3CCCC(C4CCCCC4)C3)C2)CC1
C1CCC(CC2CCCC(C3CCC(CC4CCC4)CC3)C2)CC1
C1CCC(CCC2CCCC(C3CCC4CCCC4C3)C2)CC1
C1CCC(C2CC(C3CCCCC3)C3CCCCC23)CC1
C1CCC(CC2CCC(C3CCCCC3)CC2)CC1
C1CCC(CCC2CCC(CCC3CCC(C4CCC(C5CCCC6CCCCC65)CC4)CC3)CC2)CC1
C1CCC(C2CCCCC2)CC1
C1CCC(CC2CCC(C3CCC(C4CCCCC4)CC3)CC2)CC1
C(CCC1CC2CCCCC2C1)CC1CCC(C2CCC(CC3CC3)CC2)CC1
C1CCC(CCC2CCCC(C3CCCCC3)C2)CC1
C1CCC(CC2CCCC(CCCC3CCCCC3CC3CCCCC3)C2)CC1
C1CCC(CCCC2CCC(C3CCC(C4CCC5CCCC5C4)CC3)CC2)CC1
C1CCC(CC2CCC(C3CCCCC3C3CCCC3)CC2)CC1
C1CCC(CC2CCCCC2CCC2CC(CC3CCCCC3)C3CCCCC23)CC1
C1CCC(C2CC(C3CCCCC3)C3CCCCC23)CC1
C1CCC(CC2CCCCC2CCC2CCCC(C3CCCC4CCCCC43)C2)CC1
C1CCC(CC2CCC(C3CCCC(CC4CCCCC4)C3)CC2)CC1
C(CCC1CCC(CC2CCCC2)CC1)CCC1CCC(C2CCC(C3CCCCC3)CC2)CC1
C1CCC(C2CCCCC2C2CCCC3CC(CC4CC5CCCCC5C4)CCC32)CC1
C1CCC(C2CCCCC2)CC1
C1CCC(CC2CCC(C3CCC(CC4CC5CCCCC5C4)CC3)CC2)CC1
C1CCC(C2CCC(C3CCC(CC4CCCC4)CC3)CC2)CC1
C1CCC(CC2CCC3C(CCC4CCCC4)CC(CCC4CCCCC4C4CCCC4)C3C2)CC1
C1CCC(CC2CCC(C3CCCC3)C(C3CCC4CCCCC4C3)C2)CC1
C1CCC(CC2CCC(CC3CCCCC3)CC2)CC1
C1CCC(CCCC2CCC3C(C4CCCCC4)CC(C4CCCCC4)C3C2)CC1
C1CCC(CC2CCCC(C3CC4CCCCC4C(C4CCCCC4)C3)C2)CC1
C1CCC(CCCCC2CCC(C3CCCCC3)CC2)CC1
C1CCC(CC2CC(CC3CCCC(C4CCCCC4)C3)C3CCCCC23)CC1
C1CCC(CC2CCCC(C3CCC(C4CCCCC4C4CCCCC4)CC3)C2)CC1
C1CCC(C2CCCC(CC3CCCCC3C3CCCCC3)C2)CC1
C1CCC(CC2CCC(CC3CCC(CCCC4CCC(CC5CCCC5)CC4)CC3)CC2)CC1
C1CCC(C2CCCC(CCCCC3CCCCC3C3CCCCC3)C2)CC1
C1CCC(CCC2CCC(CC3CCCC(C4CCCCC4)C3)CC2)CC1
C1CCC(CC2CCC(C3CCCCC3)C2)CC1
C1CCC(C2CCCC(CCC3CCC4C(CCCC4C4CCC(CCC5CC6CCCCC6C5)CC4)C3)C2)CC1
C1CCC(CC2CCC(C3CCCC(C4CCCC(CCC5CCC6CCCCC6C5)C4)C3)CC2)CC1
C1CCC(CCC2CCCC(CC3CCCC(C4CCCCC4)C3)C2)CC1
C1CCC(CC2CCC(C3CCCC(CC4CCCCC4)C3)CC2)CC1
C1CC(CCCC2CCC(CC3CCC(C4CCCC4)CC3)CC2C2CCC2)C1
C1CCC(CC2CCC(CC3CCCCC3)CC2)CC1
C1CCC(CC2CCC(C3CCCC(CCCC4CCCC4)C3)CC2)CC1
C1CCC(CC2CCC(C3CCCCC3)CC2)CC1
C1CCC(CCC2CCC(C3CCCCC3)CC2)CC1
C1CCC(CC2CCC(CCC3CCC(CC4CCCCC4)CC3C3CCCC3)C2)CC1
C1CCC(CCC2CCC(C3CCCCC3CC3CCCCC3)CC2)CC1
C1CCC(CCC2CCCC(CC3CCCC(CC4CCCCC4)C3)C2)CC1
C1CCC(C2CCC(C3CCCC(C4CCCC4)C3)CC2)CC1
C1CCC(C2CC(C3CCC4CCCC(C5CCCCC5)C43)CC3CCCCC32)CC1
C1CCC(C2CCC(C3CCCC(C4CCCCC4)C3)CC2)CC1
C1CCC(C2CCCC(C3CCCCC3)C2)CC1
C1CCC(C2CCC3CCCCC3C2)CC1
C1CCC(C2CCC(CC3CCC(CC4CCCCC4C4CCCC4)CC3)CC2)CC1
C1CCC(CC2CCC(C3CCCCC3)C(C3CCCC3)C2)CC1
C1CCC(CC2CCCC(CCC3CCCC(C4CCCC(C5CCCCC5)C4)C3)C2)CC1
C1CCC(C2CCC(C3CCCC4CCCCC43)CC2)CC1
C1CCC(CC2CCC(CCC3CCCC(C4CCCCC4)C3)CC2)CC1
C1CCC(CC2CC(C3CCCC(CC4CCCC(C5CCCCC5)C4)C3)C3CCCCC23)CC1
C1CCC(C2CCC(CCC3CCC(CC4CCC5CCCC5C4)CC3)CC2)C1
C1CCC(CC2CCC(CC3CCCC(CCC4CCCC(C5CC5)C4)C3)CC2)CC1
C1CCC(C2CCC3CC(C4CCC5CCCCC54)CC(C4CCCCC4)C3C2)CC1
C1CCC(CCC2CCC(C3CCCC(C4CCCC4)C3)CC2)CC1
C1CCC(CCC2CCC(CC3CCC(CC4CCCCC4)CC3)CC2)CC1
C1CCC(CCCC2CCC(CC3CCCCC3)CC2)CC1
C1CCC(CC2CCCC(CC3CC3)C2)CC1
C1CCC(CCCC2CCC(CC3CCCCC3)CC2)CC1
C1CCC(C2CCC(C3CCCCC3C3CC4CCCCC4C3)CC2CCC2CC3CCCCC3C2)CC1
C1CCC(C2CCCCC2C2CCCCC2)CC1
C1CCC(C2CCC(CCC3CC(C4CCCC(C5CCC5)C4)C4CCCCC34)CC2)C1
C1CCC(CC2CCC(C3CCC(CCC4CC4)CC3C3CCCCC3)CC2)CC1
C1CCC(CCC2CC(C3CCCCC3)CCC2CC2CC3CCCCC3C2)CC1
C1CCC(CCC2CC(C3CCCCC3)CC(C3CCCC3)C2)CC1
C1CCC(CC2CCCCC2C2CCC(C3CCCC(C4CC4)C3)C2)C1
C1CCC(CC2CCCCC2C2CCCCC2)CC1
C1CCC(CC2CCC(C3CCCCC3)C(CC3CCCCC3)C2)CC1
C1CCC(C2CCC(CC3CCCC(C4CCCCC4)C3)CC2)CC1
C1CCC(CC2CCCCC2C2CCCCC2)CC1
C1CCC(CC2CCCCC2CCCC2CC3CCCCC3C2)CC1
C1CCC(C2CCCC(CC3CCC(C4CCCCC4)CC3C3CCCC3)C2)CC1
C1CCC(C2CCCC(C3CCCCC3)C2)CC1
C1CCC(CCCC2CCCCC2)CC1
C1CCC(C2CCCC(C3CCC(CC4CCC5CCCCC54)CC3)C2)CC1
C1CCC(CC2CCCC(C3CCC4CCCC4C3)C2)CC1
C1CCC(CC2CCCCC2C2CCCCC2C2CCCCC2)CC1
C1CCC(CCCC2CCCC(C3CCCCC3)C2)CC1
C1CCC(CCC2CCCC(C3CCCCC3)C2)CC1
C1CCC(CCC2CCC(C3CCCCC3)CC2)CC1
C1CCC(CC2CCC3CCCC(C4CCCCC4)C3C2)CC1
C1CCC(CCCC2CCCCC2CC2CCCCC2)CC1
C(CCCC1CCCC(CC2CCCCC2)C1)CCC1CC1
C1CCC(C2CCC(C3CCCC(C4CCCCC4)C3)CC2)CC1
C1CCC(CCCCC2CCC(CCC3CCCCC3)CC2)CC1
C1CCC(CC2CCCC(CC3CCCC(CC4CCCC4)C3)C2)CC1
C1CCC(C2CCC(CC3CCC(C4CCCCC4)CC3)CC2)CC1
C1CCC(CCCC2CCC(C3CCCCC3)CC2)CC1
C1CCC(CCCCC2CCCC(C3CCCCC3)C2)CC1
C1CCC(CC2CCC(C3CCC(C4CCC5CCCC5C4)CC3)CC2)CC1
C1CCC(CCCC2CCC(C3CCCCC3C3CCCCC3)CC2)CC1
C1CCC(CC2CC(C3CCCCC3)CCC2C2CC3CCCCC3C2)CC1
C1CCC(CCCCC2CCC(C3CCC(C4CCCC(C5CCCCC5)C4)CC3)CC2)CC1
C1CCC(C2CCCCC2)CC1
C1CCC(C2CCCCC2C2CCCCC2)CC1
C1CCC(CC2CCC(C3CCC(CC4CCCCC4CCC4CC4)CC3)CC2)CC1
C1CCC(C2CCCC(CC3CCC(C4CCCCC4)CC3CC3CC3)C2)CC1
C1CCC(CCC2CCCC(C3CCCC(CC4CCCCC4)C3)C2)CC1
C1CCC(C2CCCC(CCC3CCCC(CC4CCCC4)C3)C2)CC1
C1CCC(CCC2CCC3CC(C4CCCCC4)CCC3C2)CC1
C1CCC(CC2CCCC(C3CCCC(C4CCCCC4)C3)C2)CC1
C1CCC(CC2CCCC(C3CCCC(CC4CCCCC4)C3)C2)CC1
C1CCC(CCC2CCC(CC3CCC(CC4CC5CCCCC5C4)CC3)CC2)C1
C1CCC(CC2CCC(C3CCCCC3)CC2)CC1
C1CCC(C2CCCC(C3CCCCC3C3CCCCC3C3CCCCC3)C2)CC1
C1CCC(CC2CC(CC3CCCCC3)C3CC(C4CCC(C5CC5)CC4)CCC23)CC1
C1CCC(CCCC2CCC(CC3CCC(CC4CCCCC4C4CCCCC4)CC3)CC2)CC1
C1CCC(C2CCCCC2)CC1
C1CCC(CCCC2CCCC(C3CCC(CC4CCCCC4C4CCCC4)CC3)C2)CC1
C1CCC(CC2CCC(C3CCCCC3)CC2CC2CC2)CC1
C1CCC(CCC2CCCC(CCC3CCCCC3)C2)CC1
C1CCC(CCCC2CCCC(CC3CCCCC3)C2)CC1
C1CCC(CC2CCC(C3CCC(C4CCCCC4)CC3)CC2)CC1
C1CCC(C2CCCC(CC3CCCCC3C3CCCCC3)C2)CC1
C1CCC(CC2CCC(C3CCC(C4CCCC(C5CCCCC5)C4)CC3)CC2)CC1
C(CCCC1CCCCC1C1CCC(CCC2CCCC(C3CCCC3)C2)CC1)CCC1CCCCC1
C1CCC(C2CCC(C3CCCCC3)CC2)CC1
C1CCC(C2CCCC(C3CCCCC3C3CCCC(CCCC4CCCC4)C3)C2)CC1
C1CCC(CC2CCC(CCCC3CCCCC3C3CCCCC3)C(C3CCCC3)C2)CC1
C1CCC(C2CCCC(CC3CCCC3CC3CC4CCCCC4C3)C2)CC1
C1CCC(C2CCCCC2C2CCCC2CC2CCC(CCC3CCCC3)CC2)CC1
C1CCC(C2CCC(CCC3CCC(C4CCCCC4)C3)CC2)CC1
C1CCC(CCC2CCCC(CC3CCCCC3)C2)CC1
C1CCC(CC2CCC(CCC3CCCC(CCC4CCCCC4C4CCCC4)C3)CC2)CC1
C1CCC(C2CCCC(CC3CCC4CCCC4C3)C2)CC1
C1CCC(CC2CCC(C3CCC(C4CCCC4)CC3)CC2)C1
C1CCC(CC2CCC(C(CC3CC3)C3CCC(C4CCCC(CC5CC5)C4)CC3)CC2)CC1
C1CCC2CC(CC3CCC4C(CCCC4C4CCCCC4C4CCCC4)C3)CC2C1
C1CCC(CCCCC2CCCC(C3CCCC(CC4CCCCC4)C3)C2)CC1
C1CCC(CCC2CCC(CC3CCCCC3C3CCC4CCCC4C3)CC2)CC1
C1CCC(CC2CCCCC2)CC1
C1CCC(C2CCC(C3CCCC(CC4CCC5CCCCC54)C3)CC2)CC1
C1CCC(CC2CCC(CC3CCCC(C4CCCCC4)C3)CC2)CC1
C1CCC(CCC2CCCCC2C2CCCCC2)CC1
C1CCC(C2CC(C3CCCCC3)C(C3CCCCC3)C3CCCC23)CC1
C1CCC(CC2CCC(CC3CCCCC3)CC2)CC1
C1CCC(CCCCC2CC(C3CCCC(C4CCC(C5CCCCC5)CC4)C3)C3CCCCC23)CC1
C1CCC(CCCC2CCC(CC3CCCCC3)C(C3CCCC3)C2)CC1
C1CCC(CCC2CCCC(CC3CCC4CCCC(CC5CCCCC5)C4C3)C2)CC1
C1CCC(C2CCCC(CCCCC3CCCC(C4CCCCC4)C3)C2)CC1
C1CCC(C2CCCCC2C2CCCC(CC3CC4CCCCC4C3)C2)CC1
C1CCC(CCC2CCCC(CC3CCCCC3)C2)CC1
C1CCC(CC2CC3CCCCC3C(CC3CCCCC3)C2)CC1
C1CCC(C2CCC(CC3CCC(CCC4CCCC(C5CCCCC5)C4)CC3)CC2)CC1
C1CCC(CC2CCC(C3CCCCC3C3CCC4CCCCC4C3)C(C3CCCCC3)C2)CC1
C1CCC(CCCC2CCCC(C3CCCC(CC4CCCCC4)C3)C2)CC1
C1CCC(CCC2CCCCC2)CC1
C1CCC(CC2CCCCC2C2CCC3CCCC(C4CCCCC4)C3C2)CC1
C1CCC(CC2CCCC3CC(C4CCC(C5CCCCC5)CC4)CCC23)CC1
C1CCC(C2CCCCC2C2CCCCC2)CC1
C1CCC(CC2CCC(C3CCC(C4CCCC(C5CC5)C4)CC3)CC2)C1
C1CCC(CC2CCC(C3CCCCC3C3CCCCC3)CC2)CC1
C1CCC(CC2CCCCC2C2CCCC2C2CC3CCCCC3C2)CC1
C1CCC(C2CCC(CCC3CCC(C4CCCCC4C4CCCC4)CC3C3CCCC3)CC2)CC1
C1CCC(CC2CCC(CCC3CCC(CC4CCC(C5CCCCC5)CC4)CC3)CC2)CC1
C1CCC(CCC2CCCCC2)CC1
C1CCC(CC2CCC(CCCCC3CCCCC3CC3CCCCC3)CC2)CC1
C1CCC(CC2CCCC(C3CCCCC3)C2)CC1
C1CCC(CCCC2CC(CC3CCCCC3)CCC2CC2CCCCC2)CC1
C1CCC(CC2CCC(C3CCCCC3)C(C3CCC4CCCC4C3)C2)CC1
C1CCC(CC2CCC(C3CCCC(C4CCCCC4C4CCCCC4)C3)CC2C2CCCCC2)CC1
C1CCC(CC2CCCC(C3CCCCC3)C2)CC1
C1CCC(CCCC2CCCC(CC3CCC4CC(C5CCCCC5)CCC4C3)C2)CC1
C1CCC(CC2CCCC(C3CCCCC3C3CCCC(CC4CC4)C3)C2)CC1
C1CCC(CC2CCC3CCC(CC4CCC(C5CCCCC5)CC4)CC3C2)CC1
C1CCC(CC2CCC(C3CCCC4CC(CC5CCCC(C6CCCCC6)C5)CC43)CC2)CC1
C1CCC(CC2CCC(CC3CC(C4CCCCC4)CC(C4CCCC4)C3)CC2)CC1
C1CCC(CCC2CCC(CCCC3CCCC(CC4CCC4)C3)CC2)CC1
C1CCC(C2CCC(CCC3CCC(C4CCC(CCC5CC5)CC4)CC3)CC2)C1
C1CCC(CCCC2CC(CC3CCCCC3)C3CCC(CC4CCCCC4)CC23)CC1
C1CCC(CC2CCCC(CCC3CC(C4CCCC(C5CCCCC5)C4)C4CCCCC34)C2)CC1
C1CCC(CC2CCC(CCCC3CCCC(C4CCCC(C5CCCCC5)C4)C3)CC2)CC1
C1CCC(CC2CC(C(C3CCCCC3)C3CCC(CCC4CCCC4)CC3)C3CCCCC23)CC1
C1CCC(CC2CCC(CC3CCC(CCCC(C4CCCCC4)C4CCCCC4)CC3)CC2)CC1
C1CCC(CC2CCC(C3CCCC(CC4CCCCC4)C3)CC2)CC1
C1CCC(CCCC2CCC(CC3CCCCC3)CC2)CC1
C1CCC(C2CCCC(C3CCC(C4CCCC4)CC3)C2)CC1
C1CCC(C2CCC(CCC3CCCC(C4CCC5CCCCC54)C3)CC2CCC2CCC2)CC1
C1CCC(C2CCC(C3CCCCC3)CC2)CC1
C1CCC(CC2CCCC(C3CCCC(CC4CCCCC4)C3)C2)CC1
C1CCC(C2CC(C3CCCCC3)CC(C(CC3CC3)C3CCCCC3)C2)CC1
C1CCC(CC2CCC(C3CCC(C4CCCCC4)CC3)CC2)CC1
C1CCC(CCC2CCCC(CC3CCC(CC4CCCCC4)CC3)C2)CC1
C1CCC(C2CCCC(C3CCC(C4CCC5CCCCC5C4)CC3)C2)CC1
C1CCC(CC2CC(C3CCC(C4CCCCC4)CC3)C3CCCCC23)CC1
C1CCC(C2CCC3CCC(C4CCCCC4)C3C2)CC1
C1CCC(C2CCC(C3CCC(CC4CCCC(C5CCC6CCCCC6C5)C4)CC3)CC2)CC1
C1CCC(CCCCCC2CCCC(C3CCCCC3)C2)CC1
C1CCC(CC2CCC(CCC3CCC(C4CCCCC4)CC3)CC2)CC1
C1CCC(CC2CCCCC2C2CCC(CC3CC4CCCCC4C3)CC2)CC1
C1CCC(CC2CC(CC3CCCC(C4CCC(C5CCCC5)CC4)C3)C3CCCCC23)C1
C1CCC(C2CCC(C3CCCCC3)C(C3CCC4CCCC4C3)C2)CC1
C1CCC(CC2CCC(CC3CCCCC3)CC2)CC1
C1CCC(CCC2CCCCC2C2CCCCC2)CC1
C1CCC(CC2CCC(CCC3CCCC(CC4CCCCC4)C3)CC2)CC1
C1CCC(CCCC2CCCC(CC3CCC(C4CCCC(C5CC5)C4)CC3)C2)CC1
C1CCC(CCC2CCCC(C3CCCC3)C2)CC1
C1CCC(CC2CCC(CC3CCCC(C4CCCCC4)C3)CC2)CC1
C1CCC(CC2CCC(C3CCCC3C3CCCC(CC4CCCC4)C3)CC2)CC1
C1CCC(CC2CCC(CCC3CCCCC3C3CCC(CC4CCCCC4)CC3)CC2)CC1
C1CCC(CCC2CCC(C3CCCC3)C(C3CCC4C(CCC4C4CCCC4)C3)C2)CC1
C1CCC(CC2CCCCC2)CC1
C1CCC(CC2CCCC(C3CCCC(C4CCC(C5CC5)CC4)C3)C2)CC1
C1CCC(C2CCC(C3CCCC(C4CCC(C5CCC6CCCCC65)CC4)C3)CC2)CC1
C1CCC(C2CCC(C3CCCC3)CC2C2CCC3CCCC3C2)CC1
C1CCC(CC2CCC(CC3CCC(C4CCCC(CC5CCCCC5)C4)CC3)CC2)CC1
C1CCC(CC2CCC(C3CCC(CC4CCCCC4)CC3)CC2)CC1
C1CCC(CC2CCC(CC3CCCCC3)CC2)CC1
C1CCC(CC2CCCC(C3CCC(C4CCCCC4)CC3)C2)CC1
C1CCC(CCC2CCCC(C3CCCCC3)C2)CC1
C1CCC(CC2CCC(CC3CCCCC3C3CCCCC3)CC2)CC1
C1CCC(CC2CCCC(C3CCCCC3CC3CC4CCCCC4C3)C2)CC1
C1CCC(CCC2CCCC(CCC3CCCCC3)C2CCC2CCCCC2)CC1
C1CCC(CC2CCC(CCCCCC3CCCC(C4CCCCC4)C3)CC2)CC1
C1CCC(CCCCC2CCCC(C3CCC(C4CCCCC4)CC3)C2)CC1
C1CCC(C2CCCC(CCC3CCC(CCC4CCCC4)CC3)C2)CC1
C1CCC(CC2CCC(C3CCCCC3)CC2)CC1
C1CCC(CC2CCCC(CCC3CCCCC3C3CCCCC3)C2)CC1
C1CCC(C(C2CC2)C2CC2)CC1
C1CCC(CC2CCC(CCC3CCCCC3CC3CCCCC3)CC2)CC1
C1CCC(C2CCC(C3CCCCC3)C(C3CCCC3)C2)CC1
C1CCC(CC2CC(C3CCCCC3CC3CCCCC3)C3CCCCC23)CC1
C1CCC(CC2CCCC(C3CCCCC3)C2)CC1
C1CCC(CC2CCCCC2C2CCCCC2C2CCC3CCCCC3C2)CC1
C1CCC(CCC2CCC3CC(CC4CCC(CC5CCCCC5)CC4)CCC23)CC1
C1CCC(CCCCC2CCCC(CCC3CCCCC3)C2)CC1
C1CCC(CC2CCC(CC3CCCC(C4CCCCC4)C3)CC2)CC1
C1CCC(CC(CC2CCC(C3CCCCC3)CC2)C2CCCCC2)CC1
C1CCC(CCCC2CCC(C3CCCCC3)C2)CC1
C1CCC(C2CCCC(C3CCCCC3)C2)CC1
C1CCC(C2CC(C3CCC(C4CCC4)C(CCC4CCCC4)C3)C3CCCCC23)CC1
C1CCC(CCCC2CC(C3CCCC(C4CCCC4)C3)C3CCCCC23)CC1
C(CC1CCC(C2CCC(CCC3CC4CCCCC4C3)CC2)CC1)CC1CC2CCCCC2C1
C1CCC(CCC2CCC(C3CCCC3CC3CCCCC3)CC2)CC1
C1CCC(C2CCCC(CCCC3CCCCC3C3CCCCC3)C2)CC1
C1CCC(CC2CCC(CC3CCCCC3C3CCCCC3)CC2)CC1
C1CCC(CCCCCC2CC(CC3CC3)C3CCCCC23)CC1
C1CCC(CC2CC(C3CCCCC3)CCC2CC2CCCC2)CC1
C1CCC(CCC2CCC(CCCC3CCCC(CC4CCCC4)C3)CC2)CC1
C1CCC(CC2CCC(C3CCCCC3)CC2)CC1
C1CCC(CCCC2CCCC(C3CCCCC3)C2)CC1
C1CCC(CCC2CCC(CC3CCCCC3)CC2C2CCCC2)CC1
C1CCC(CC2CCC(C3CCCCC3)CC2)CC1
C1CCC(CC2CCCC(CC3CCCCC3)C2)CC1
C1CCC(CC2CCC(C3CCCCC3)C(C3CCCCC3)C2)CC1
C1CCC(CCCCC2CCCCC2C2CCCCC2)CC1
C1CCC(CCC2CC(CC3CCC(C4CCCCC4)CC3)CC(C3CCCC3)C2)CC1
C1CCC(CC2CCC(CC3CCCCC3)CC2)CC1
C1CCC(CC2CCC(CCC3CCCC(C4CCCCC4)C3)CC2)CC1
C1CCC(CCC2CCC(CC3CCC(CCC4CCCCC4)CC3)CC2)CC1
C1CCC(C2CCC(C3CCCC(C4CCCC4)C3)CC2)CC1
C1CCC(CCCC2CC(C3CCCCC3)CCC2CCC2CCCCC2)CC1
C1CCC(CCC2CCCCC2)CC1
C1CCC(CCC2CCCC(C3CCCCC3)C2)CC1
C1CCC(CC2CCC3CC(C4CCCC(C5CCCC5)C4)CC(C4CCCCC4)C3C2)CC1
C1CCC(CC2CCCC(CC3CCCC(C4CCC5CCCCC54)C3)C2)CC1
C1CCC(CC2CCC(C3CCCC(CC4CC(CC5CCCCC5)C5CCCCC45)C3)CC2)CC1
C1CCC(CCCC2CC(CCC3CCC(CCC4CCCCC4)CC3)CC(C3CCCCC3)C2)CC1
C1CCC(CC2CC(CC3CCCC(C4CCCCC4)C3)C3CCCCC23)CC1
C1CCC(CC2CCC(CC3CCCCC3)CC2)CC1
C1CCC(CC2CCC(C3CCCC(C4CCCC(C5CCCCC5)C4)C3)CC2)CC1
C1CCC(CC2CCCCC2C2CCCCC2)CC1
C1CCC(CC2CCCC(CC3CCCCC3)C2)CC1
C1CCC(C2CCC3CCCC3C2)CC1
C1CCC(C2CCCC(CCC3CCC(C4CCCC4)CC3)C2)CC1
C1CCC(CC2CCC(C3CCCC(CCCC4CCCC(C5CCCCC5)C4)C3)CC2)CC1
C1CCC(CC2CCCC(C3CCCCC3C3CCCC3)C2)CC1
C1CCC(C2CC3CCC(C4CCCCC4)CC3C(C3CCCCC3)C2)CC1
C1CCC(C2CCCC(C3CCCCC3)C2)CC1
C1CCC(CC2CCC(CC3CCCCC3)CC2)CC1
C1CCC(C2CCCC(C3CCC(CC4CCCCC4C4CCC5CCCC5C4)CC3)C2)CC1
C1CCC(CC2CC(C3CCC(C4CCCCC4)CC3)C3CCCCC23)CC1
C1CCC(CCC2CCCC(C3CCC(C4CCCC4)CC3)C2)CC1
C1CCC(CC2CCC(C3CC(CC4CCCCC4)C4CCCCC43)CC2)CC1
C(CCC1CC(CC2CCCC2)C2CCCCC12)CC1CCC(CC2CCCC(C3CCC3)C2)CC1
C1CCC(C2CCCCC2CC2CCC(C3CCCC3)CC2)CC1
C1CCC(CCC2CCCC(CCC3CCCC(C4CCCCC4)C3)C2)CC1
C1CCC(CC2CCC(CC3CCC4CCCCC43)CC2)CC1
C1CCC(C2CCC(C3CCCCC3)C2)CC1
C1CCC(C2CCCC(CC3CCCC(CC4CC5CCCCC5C4)C3)C2)CC1
C1CCC(CCCC2CCC(C3CCCCC3)CC2)CC1
C1CCC(C2CCC(C3CCCCC3)C(C3CCCCC3)C2)CC1
C1CCC(CCC2CCC(C3CCCCC3)CC2)CC1
C1CCC(C2CC(CC3CCC4CCCCC43)CC(C3CCCC3)C2)CC1
C1CCC(CC2CCC(C3CCCCC3)CC2)CC1
C1CCC(C(CCC2CCCC(CC3CC3)C2)C2CCCCC2)CC1
C1CCC(CCCC2CCC(C3CCCCC3)CC2)CC1
C1CCC(CCC2CCCC(C3CCC(CC4CCCCC4)CC3)C2)CC1
C1CCC(CC2CCC(C3CCCC(C4CCC(C5CCC6CCCCC65)CC4)C3)CC2)CC1
C1CCC(CC2CCC(C3CCC(CCC4CCC(C5CCCCC5)CC4)CC3)CC2)CC1
C1CCC(CC2CCCC(C3CCCCC3CC3CCCC(C4CCCCC4)C3)C2)CC1
C1CCC(CCC2CCCC(CC3CCCCC3)C2)CC1
C1CCC(CCC2CCCC(C3CCCCC3)C2)CC1
C1CCC(CC2CCCCC2CCC2CCC(CC3CCCC3)CC2)CC1
C1CCC(CCC2CCC(CCC3CCCC(CCC4CCC(C5CCCCC5)CC4)C3)CC2)CC1
C1CCC(CCCC2CCC(CC3CCC(C4CCC(CCC5CCCC5)CC4)CC3)CC2)CC1
C1CCC(C2CCC(C3CCC4CCCCC4C3)C2)CC1
C1CCC(C2CCC(C3CC(C4CCCC4)C4CC(C5CCCC5)CCC34)CC2)CC1
C1CCC(C2CCC(C3CCC(C4CCCCC4)CC3)CC2)CC1
C1CCC(CCC2CCC(C3CCCCC3)CC2)CC1
C1CCC(C2CCC(C3CC(CC4CCCC4)C4CCCCC43)CC2)CC1
C1CCC(C2CCCC(CCC3CCC(C4CCCC(C5CCCCC5)C4)CC3)C2)CC1
C1CCC(CCC2CCCC(CC3CCCCC3)C2)CC1
C1CCC(CC2CCC(CC3CCC(C4CCCC(C5CCCCC5)C4)CC3)CC2)CC1
C1CCC(CC2CC(CC3CC(C4CCCCC4)C4CCCCC34)C3CCCCC23)CC1
C1CCC(C2CCCCC2C2CCC3C(CC4CC5CCCCC5C4)CCC3C2)CC1
C1CCC(C2CCC(C3CCC3)CC2)CC1
C1CCC(CCCC2CCC(C3CCCC(C4CCCCC4)C3)CC2)CC1
C1CCC(C2CCCC(CC3CCCC(CCCC4CC(C5CCCCC5)C5CCCCC45)C3)C2)CC1
C1CCC(CC2CCCC(C3CCCCC3)C2)CC1
C1CCC(CC2CCC(C3CCCCC3)CC2)CC1
C(CCCC1CCC(CCC2CC3CCCCC3C2)CC1)CCC1CCCCC1
C1CCC(CCC2CCCC(CC3CCCCC3)C2)CC1
C1CCC(CCC2CCC(C3CCCC(CCC4CCCCC4C4CCCCC4)C3)CC2)CC1
C1CCC(CCC2CCCC(CCC3CCCCC3CC3CCCCC3CC3CCCCC3)C2)CC1
C1CCC(CCC2CCC(C3CCC(CC4CCCCC4)CC3C3CCCC3)CC2)CC1
C1CCC(CCCCC2CCC(CC3CCCCC3)CC2)CC1
C1CCC(CC2CCCC(C3CCC(C4CCCCC4)CC3C3CCC4CCCC4C3)C2)CC1
C1CCC(CC2CCC(CC3CCCCC3)CC2)CC1
C1CCC(C2CCC(C3CCCC(CC4CCC(C5CCCC5)CC4)C3)CC2)CC1
C1CCC(CCC2CCC(C3CCC4CC(C5CCCC(C6CCCCC6)C5)CCC43)CC2)CC1
C1CCC(C2CCCC(C3CCCC(C4CCCCC4)C3)C2)CC1
C1CCC(CC2CCC(C3CC(C4CCCC(C5CCCCC5)C4)C3)CC2)CC1
C1CCC(C2CCC(C3CCC(C4CCCC4)CC3)CC2)CC1
C1CCC(C2CCCC(CC3CCC4CCCCC43)C2)CC1
C1CCC(CC2CCC(CC3CCC(C4CCCC4)CC3)CC2)CC1
C1CCC(CC2CCC(CC3CCC(CC4CCCCC4)CC3)CC2)CC1
C1CCC(CCCCC2CCC(C3CCC(C4CCCCC4)CC3)CC2)CC1
C1CCC(CCCCCC2CCCC(CCCC3CCCC(CC4CCCCC4)C3)C2)CC1
C1CCC(CCC2CCCC(CC3CCC(C4CCCCC4)CC3)C2)CC1
C1CCC(CC2CCCC(CCC3CCCC(C4CCCCC4)C3)C2)CC1
C1CCC(CCCC2CCCCC2C2CCCC(C3CCCCC3)C2)CC1
C1CCC(CCC2CCCC(C3CCCCC3CC3CCCCC3)C2)CC1
C1CCC(C2CCCC(C3CCCCC3CC3CCCC3)C2)CC1
C1CCC(CCCC2CC(C3CCCCC3)C3CCCCC23)CC1
C1CCC(CCCC2CCC(CCC3CCCCC3)CC2CCC2CCCCC2)CC1
C1CCC(CCCCCC2CCC(C3CCCCC3)CC2)CC1
C1CCC(CC2CCC(CC3CCCCC3C3CCCCC3)CC2)CC1
C1CCC(C2CCC(C3CC(C4CCC5CCCCC54)C4CCCCC34)CC2)C1
C1CC(CCC2CCCC(C3CC(C4CCC(CC5CCC6CCCCC65)CC4)C4CCCCC34)C2)C1
C1CCC(CC2CCC(CC3CC4CCC(C5CCCCC5)C4C3)CC2)CC1
C1CCC(CCC2CCC(C3CCC4CCCC4C3)CC2)CC1
C1CCC(CCC2CCCC(C3CCCCC3)C2)CC1
C1CCC(C2CCCC(C3CCCCC3C3CCC4CCCCC4C3)C2)CC1
C1CCC(CCCCC2CC(CC3CCCCC3)CCC2C2CCCCC2)CC1
C1CCC(C2CCC(C3CCCC(CCC4CCCC(C5CCCC(C6CCCCC6)C5)C4)C3)CC2)CC1
C1CCC(C2CCCCC2CC2CCCCC2C2CCC3CCCCC3C2)CC1
C1CCC(CC(CC2CCCCC2)C2CCCCC2)CC1
C1CCC(CCC2CCC(CC3CCCCC3CC3CCCC3)CC2)CC1
C1CCC(C2CCCC(C3CCCCC3C3CCCC3)C2)CC1
C1CCC(C2CCCCC2CC2CC3CCCCC3C2)CC1
C1CCC(C2CCCCC2CCCC2CCCC(CC3CCCC3)C2)CC1
C(CCC1CCCCC1C1CCCC(CC2CCCC2)C1)CC1CCC(CCC2CC3CCCCC3C2)CC1
C1CCC(CCC2CCC(CC3CCC(C4CCCCC4)CC3)CC2)CC1
C1CCC(C2CCCC(CC3CC(C4CCCC(C5CCCCC5)C4)C4CCCCC34)C2)CC1
C1CCC(CCC2CCCCC2C2CCCCC2)CC1
C1CCC(CC2CCCC(C3CCC4CCC(CC5CCCCC5)CC4C3)C2)CC1
C1CCC(C2CCC3CCC(C4CCCC(C5CCCC5)C4)CC3C2)CC1
C1CCC(C2CCCCC2)CC1
C1CCC(CCC2CCCC(CC3CCCCC3)C2)CC1
C1CCC(CCC2CCCC(C3CCCC(C4CCCCC4)C3)C2)CC1
C1CCC(C2CCCC(CC3CC(C4CCCC(C5CCCC(C6CCC6)C5)C4)C4CCCCC34)C2)CC1
C1CCC(CCC2CCC(CC3CCCCC3)CC2)CC1
C1CCC(C2CCCC(C3CCCCC3)C2)CC1
C1CCC(C2CCC(CCCC3CCCC(C4CCCCC4)C3)CC2)CC1
C1CCC(CCC2CCCC(CCCCC3CCC(C4CCCCC4)CC3C3CCCC3)C2)CC1
C1CCC(CCCC2CCC(C3CCCCC3C3CCC(C4CCCCC4)CC3)CC2)CC1
C1CCC(CCCCC2CCCC(CCC3CCC4CCCC4C3)C2)CC1
C1CCC(CC2CCC(CC3CCC(C4CCCCC4)CC3)CC2)CC1
C1CCC(CC2CCCC(C3CCCCC3CC3CCCCC3)C2)CC1
C1CCC(CC2CCCCC2C2CCCCC2)CC1
C1CCC(CCC2CCCC(C3CCCCC3)C2)CC1
C1CCC(C2CCCC(CC3CCCC(C4CCCC4)C3)C2)CC1
C1CCC(C2CCC(CC3CCC(CC4CCCC4)CC3)CC2)CC1
C1CCC(C2CCC(C3CCC4CCCC4C3)C(C3CCC4CCCC4C3)C2)C1
C1CCC(CCCC2CCC(CC3CCC(CC4CCCCC4)CC3)CC2)CC1
C1CCC(CC2CC(C3CCC4CCCCC43)CC3CCCCC32)CC1
C(CCCC1CCCCC1)CCCC1CCCCC1
C1CCC(CCC2CCC(CC3CCC(C4CCCC4)CC3)CC2)CC1
C1CCC(CCC2CCCCC2C2CCC(CC3CCCCC3)CC2)CC1
C1CCC(CCCC2CCCC(C3CCCCC3)C2)CC1
C1CCC(CC2CCC(CC3CCCC(C4CCCCC4)C3)CC2)CC1
C1CCC(CCCC2CC(CC3CCCCC3)CCC2C2CCCCC2)CC1
C1CCC(CC2CCCCC2CC2CCC(CCC3CC4CCCCC4C3)CC2)CC1
C1CCC(CCC2CCC(CCC3CCC(CC4CCCCC4)CC3)CC2)CC1
C1CCC(CC2CCC(CC3CCC(CCC4CCCC(C5CCCCC5)C4)CC3)CC2)CC1
C1CCC(CC2CCC(CC3CCCC(C4CCCCC4)C3)CC2)CC1
C1CCC(CCC2CCCC(C3CCCC(C4CCCC4)C3)C2)CC1
C1CCC(CC2CCC(CC3CCC(C4CCCC(C5CC5)C4)CC3)C(C3CCCC3)C2)CC1
C1CCC(C2CCC(CCCC3CCCC(C4CCCCC4)C3)CC2)CC1
C1CCC(CC(C2CCCCC2)C2CCCC(CC3CCC4CCCC4C3)C2)CC1
C1CCC(CCCCC2CCC(CCC3CCCCC3)CC2)CC1
C1CCC(CC2CCC3CCC(CC4CCCCC4)C3C2)CC1
C1CCC(CCCC2CCCC(CC3CCCC(C4CCCCC4)C3)C2)CC1
C1CCC(CC2CCC(CC3CC(C4CCC5CCCCC5C4)C4CCCCC34)C2)CC1
C1CCC(CCC2CCCC(CC3CCCCC3)C2)CC1
C1CCC(CC2CC3CCC(CC4CCCCC4)CC3C(C3CCCCC3)C2)CC1
C1CCC(CC2CCC(CC3CCC(C4CCCCC4)CC3)CC2)CC1
C1CCC(CC2CCC(CCCC3CCC(CC4CCCCC4)CC3)CC2)CC1
C1CCC(CCC2CCCCC2C2CCC(C3CCCCC3CCC3CCC3)CC2)CC1
C1CCC(CCC2CCC(CC3CCCCC3)CC2)CC1
C1CCC(CC2CCC(C3CCCCC3)CC2)CC1
C1CCC(CC2CCCC(C3CCCCC3)C2)CC1
C1CCC(CC2CCC(C3CCC(C4CCCCC4)C3)CC2)CC1
C1CCC(C2CCC(C3CCCCC3)C(C3CCCC(C4CC4)C3)C2)CC1
C1CCC(CC2CCC(CCC3CCCCC3CCC3CCC(C4CCCCC4)CC3)CC2)CC1
C1CCC(C2CCC(C3CCCCC3)CC2)CC1
C1CCC(CCC2CCCC(C3CCCC(CC4CCCCC4)C3)C2)CC1
C1CCC(CCC2CCCC(C3CCC4CCCCC4C3)C2)CC1
C1CCC(C2CC(C3CCCC3)CC(C3CC4CCCCC4C3)C2)CC1
C1CCC(C2CCCC(C3CCCCC3C3CCCC3)C2)C1
C1CCC(CCC(C2CCCC(CC3CC3)C2)C2CCCC(C3CCCCC3)C2)CC1
C1CCC(CC2CCC(C3CCC4CCCCC4C3)CC2)CC1
C1CCC(CCC2CCC(C3CCC(CC4CCCC4)CC3)CC2)CC1
C1CCC(CCCC2CCC(CC3CCC(CCC4CCCCC4)CC3)CC2)CC1
C1CCC(CCCC2CCC(CC3CCC(CCCC4CCCCC4)CC3)CC2)CC1
C1CCC(CC2CCCCC2C2CCCCC2)CC1
C1CCC(CCC2CCCC(CCCC3CCCCC3C3CCCCC3)C2)CC1
C1CCC(CC2CCCCC2C2CCCCC2)CC1
C1CCC(CC2CCCC(CCC3CCCC(C4CCCCC4)C3)C2)CC1
C1CCC(CC2CCCC(CC3CCCC(CC4CCC5CCCC5C4)C3)C2)CC1
C1CCC(CCC2CCCCC2CCC2CCCCC2)CC1
C1CCC(CCCCC2CCC(CCC3CCCC3)CC2)CC1
C1CCC(CCCC2CCC(CCCCC3CCCC3)CC2)CC1
C1CCC(C2CCCC(C3CCCCC3)C2)CC1
C1CCC(CCC2CCCC(C3CCCCC3)C2)CC1
C1CCC(C2CCC(C3CCC(C4CCCC(C5CCCC5)C4)CC3)CC2)CC1
C1CCC(CC2CCC(C3CCCCC3)CC2C2CCCCC2)CC1
C1CCC(CCCC2CC(CC3CCC4CCCC4C3)CCC2C2CCCCC2)CC1
C1CCC(C2CCC(CC3CCC(CC4CCCC5CCCCC54)CC3)CC2)CC1
C1CCC(C2CCCC(CC3CCCC(C4CCCCC4)C3)C2)CC1
C1CCC(CC2CCC3C(CCC3C3CCCCC3)C2)CC1
C1CCC(CC2CCC(CCC3CCCC(C4CCCC(C5CCCC5)C4)C3)CC2)CC1
C1CCC(C2CCC(CC3CCCC(C4CCCCC4)C3)CC2)CC1
C1CCC(CC2CCCCC2)CC1
C1CCC(CCCCCC2CCC(C3CCCC(C4CCC5CCCCC54)C3)CC2)CC1
C1CCC(C2CCC(CCCC3CCC(CC4CCC5CCCCC5C4)CC3)CC2)CC1
C1CCC2CC(C3CCC(C4CCC4)C(C4CCCC4)C3)CC2C1
C1CCC(CC2CCC(C3CC(C4CCCC(CC5CCCC(C6CCCC6)C5)C4)C3)CC2)CC1
C1CCC(CC2CCCCC2CC2CC(C3CCCCC3)C3CCCCC23)CC1
C1CCC(C2CCC(C3CCC(CCCC4CC4)CC3)CC2)CC1
C1CCC(CCCC2CCC3C(CC4CCCCC4)CC(C4CCCC4)C3C2)CC1
C(CCC1CC2CCCCC2C1)CC1CCC(CC2CCCCC2C2CCC3CCCCC3C2)CC1
C1CCC(CCC2CCC(C3CCCCC3)CC2)CC1
C1CCC(CC2CCC(C3CCCC(C4CCCC4)C3)CC2)CC1
C1CCC(C2CCC(C3CCCCC3)CC2)CC1
C1CCC(CC2CCC(C3CCC(C4CCC5CCCCC5C4)CC3)CC2)CC1
C1CCC(CCC2CCCC(C3CCCCC3)C2)CC1
C1CCC(CC2CCC(CCC3CCCC(C4CC(C5CCCCC5)C4)C3)C(C3CCCC3)C2)CC1
C1CCC(CCC2CC(C3CCC3)CC(C3CCCC(C4CCCCC4)C3)C2)CC1
C1CCC(CCC2CC(C3CCCC3)CC(C3CCCC(C4CCCCC4)C3)C2)CC1
C1CCC(CCCC2CC(C3CCCCC3)CC(C3CCCC3)C2)CC1
C1CCC(CC2CCC(C3CCCCC3C3CCCCC3)CC2)CC1
C1CCC(CCC2CCCC(C3CCCC(CC4CCCCC4)C3)C2)CC1
C1CCC(CCCC2CCCCC2C2CCC3CCCC3C2)CC1
C1CCC(CC2CCCC(CC3CCCCC3CCCC3CCCC(C4CCCCC4)C3)C2)CC1
C1CCC(CCC2CCC(CCCC3CCC(CCC4CCCC4)CC3)CC2)CC1
C1CCC(CC2CCC(C3CCCCC3)C(CCC3CC4CCCCC4C3)C2)CC1
C1CCC(CCCCCC2CCC(CCC3CCC4CCCCC4C3)CC2C2CCCC2)CC1
C1CCC(CC2CCCCC2CC2CCC(CC3CC4CCCCC4C3)CC2)CC1
C1CCC(C2CCCC(C3CCC(CC4CCCCC4C4CCCC4)CC3)C2)C1
C1CCC(CCCC2CC(C3CCC4CCCCC43)CC3CCC(C4CCCCC4)CC23)CC1
C1CCC(C2CCC(C3CCC4CC(C5CCC6CCCCC65)CC(C5CCCCC5)C4C3)C2)CC1
C1CCC(C2CCC(C3CCCC(C4CCCCC4)C3)CC2)CC1
C1CCC(C2CCC(C3CCCC(C4CCCCC4)C3)CC2)CC1
C1CCC(CC2CCCC(C3CCCC(C4CCC5CCCCC5C4)C3)C2)CC1
C1CCC(CC2CCC(C3CCC4CC(C5CCCCC5)CCC4C3)CC2)CC1
C1CCC(CC2CCCC(CCCCC3CCC(C4CCCCC4)CC3)C2)CC1
C1CCC(C2CCCC(CC3CCC(C4CCCC4)CC3)C2)CC1
C1CCC(CCCC2CCCCC2C2CCCCC2)CC1
C1CCC(C2CCCC(C3CC4CCCCC4C3)C2)CC1
C1CCC(CC2CCC(C3CCC4C(CC5CCCCC5)CC(C5CCCCC5)C4C3)CC2)CC1
C1CCC(CCC2CCC(CC3CCCCC3)CC2)CC1
C1CCC(CCCCC2CCCC(C3CCCCC3)C2)CC1
C1CCC(CC2CCCC(CC3CCCCC3)C2)CC1
C1CCC(CCC2CCCCC2)CC1
C1CCC(CC2CCC(CC3CCC(C4CCCCC4)CC3)CC2)CC1
C1CCC(C2CCC(CC3CCCC(C4CCCCC4)C3)CC2)CC1
C1CCC(CC2CCC(CC3CCC(CC4CCCCC4)C(C4CCCC4)C3)CC2)CC1
C1CCC(CCCC2CCC(C3CCCCC3)CC2)CC1
C1CCC(CCCCCC2CCC(CC3CCCC(CC4CCCCC4)C3)CC2)CC1
C1CCC(CCCC2CCCCC2C2CCCC(CC3CCCCC3)C2)CC1
C1CCC(C2CCC(C3CCC3)CC2)CC1
C1CCC(CC2CCC(CC3CCCC(C4CCCC4)C3)CC2)CC1
C1CCC(CC2CCCC(C3CCCCC3CC3CCCCC3)C2)CC1
C1CCC(CCCCC2CCCC(C3CCCCC3)C2)CC1
C1CCC(C2CC(C3CCCCC3)CC(C3CCC3)C2)CC1
C1CCC(CC2CCC(CCC3CCCC(CC4CCCCC4)C3)CC2)CC1
C1CCC(C2CCC3CC(C4CCCC(CCC5CCC6CCCC6C5)C4)CCC32)CC1
C1CCC(C2CCCC(CC3CCC4CCCC4C3)C2)CC1
C1CCC(CC2CCC(CC3CCC(CC4CCC(C5CCC5)CC4)CC3)CC2)CC1
C1CCC(C2CCCC(CC3CCCCC3C3CCCCC3)C2)CC1
C1CCC(CCCCCC2CC(CCC3CCCCC3)CC(CC3CC3)C2)CC1
C1CCC(CCC2CCC(CC3CCC(CCCCCC4CC5CCCCC5C4)CC3)CC2)CC1
C1CCC(CCCC2CCCC(CCC3CCCCC3)C2)CC1
C1CCC(CC2CCC(CC3CCC(CC4CCCC4)CC3)CC2)CC1
C1CCC(CCCC2CCC(CC3CCCCC3)CC2)CC1
C1CCC(CCC2CC(C3CC4CCCCC4C3)C3CCCCC23)CC1
C1CCC(CC2CCCC(CCCC3CCCC(CC4CCCC(C5CCCCC5)C4)C3)C2)CC1
C1CCC(CCC2CCC(CC3CCC4CCCC4C3)CC2)CC1
C1CCC(CCC2CCCC(C3CCCC(C4CCCC4)C3)C2)CC1
C1CCC(CCCCC2CCC(CC3CCCCC3)CC2)CC1
C1CCC(CCCC2CCC(C3CCC(CC4CCCCC4)CC3)CC2)CC1
C1CCC(CCCC2CC(C3CCC(CC4CCCCC4)CC3)C3CCCCC23)CC1
C1CCC(CC2CCC(C3CCCCC3)CC2)CC1
C1CCC(C2CCCCC2CC2CCC3CCCC3C2)CC1
C1CCC(C2CCCCC2C2CCCCC2)CC1
C1CCC(C2CC(C3CCC3)CC(C3CCC4CCCC4C3)C2)CC1
C1CCC(C2CCC(CC3CCC(C4CCC(C5CCCCC5)CC4)CC3)CC2)CC1
C1CCC(CCCC2CCC(CC3CCC(CC4CCCCC4)CC3)CC2)CC1
C1CCC(CC2CCCC(CCC3CC4CCCCC4C3)C2)CC1
C1CCC(C2CCC(C3CCCC(CCC4CCCC(C5CCCCC5)C4)C3)CC2)CC1
C1CCC(C2CCC(C3CCC(CCCC4CC5CCCCC5C4)CC3)CC2)CC1
C1CCC(CCC2CCC(CC3CCCCC3)CC2C2CC3CCCCC3C2)CC1
C1CCC(CC2CCC(C3CC3)CC2)CC1
C1CCC(CCC2CCCC(CC3CCCC(CC4CCC4)C3)C2)CC1
C1CCC(CCC2CCC3C(CC4CCCCC4)CC(CC4CCCC4)C3C2)CC1
C1CCC(CC2CCCC(C3CCCC3)C2)CC1
C1CCC(CC2CCC(CC3CC(C4CCCCC4)C4CCCCC34)CC2)CC1
C1CCC(CCCCC2CCCCC2)CC1
C1CCC(CC2CCCC(C3CCCC(C4CCC(C5CCCCC5)CC4)C3)C2)CC1
C1CCC(CC2CCC(C3CCCC(C4CCCCC4)C3)CC2)CC1
C1CCC(CC2CCC(CCCC3CCCC(CCC4CCC5CCCCC5C4)C3)CC2)CC1
C1CCC(C2CCCCC2C2CCCC(C3CCCC(CC4CC4)C3)C2)CC1
C1CCC(CC2CC(CCC3CCC(C4CCCCC4)CC3)C3CCCCC23)CC1
C1CCC(C2CCCC(CCCC3CCCC(C4CCCCC4)C3)C2)CC1
C1CCC(C2CC(C3CCCCC3)C(C3CCCCC3)C(C3CCC3)C2)CC1
C1CCC(C2CCCC(C3CCCCC3)C2)CC1
C1CCC(CC2CCC(C3CCCCC3)CC2)CC1
C1CCC(CCCCC2CCC(C3CCC(C4CCCC4)CC3)CC2)CC1
C1CCC(CCC2CCC(CC3CCCCC3)CC2)CC1
C1CCC(C2CCCC(CC3CCCC(CCC4CC5CCCCC5C4)C3)C2)CC1
C1CCC(CCC2CCCCC2)CC1
C1CCC(C2CCC(CC3CCCC(CC4CC4)C3)C(C3CCCC3)C2)CC1
C1CCC(CC2CCCCC2C2CCCCC2)CC1
C1CCC(CC2CCCC(C3CCCCC3)C2)CC1
C1CCC(CCC2CCC(CC3CCC(CC4CCCCC4)CC3)CC2)CC1
C1CCC(C2CCCC(CC3CCCCC3CC3CC4CCCCC4C3)C2)CC1
C1CCC(CC2CCC(CC3CCCCC3)CC2)CC1
C1CCC(CCC2CCCC(C3CCCCC3)C2)CC1
C1CCC(CC2CCCCC2CC2CCC(C3CCCC3)CC2)CC1
C1CCC(CC2CCC(CC3CCCC(CC4CCCCC4)C3)CC2)CC1
C1CCC(C2CC(C3CCCCC3)CC(C3CCCC3)C2)CC1
C1CCC(C2CCC(CC3CCCCC3C3CCC4CCCC4C3)CC2)CC1
C1CCC(CCC2CC(CC3CCCC(C4CCC(CC5CCCCC5)CC4)C3)C3CCCCC23)CC1
C1CCC(CC2CCC3CC(C4CCCCC4C4CCCCC4)CCC23)CC1
C1CCC(CC2CCC(C3CCCCC3CC3CCCCC3)C(CC3CCCCC3)C2)CC1
C1CCC(CC2CCCCC2)CC1
C1CCC(C2CCCC(C3CCCCC3C3CCCCC3)C2)CC1
C1CCC(C2CCC3C(CC4CCCC4)CC(CC(C4CCCCC4)C4CCCCC4)C3C2)CC1
C1CCC(C2CCC(CC3CCCCC3C3CCC4CCCCC4C3)CC2)CC1
C1CCC(CC2CCC(CCCCC3CCCC(C4CCCCC4)C3)CC2)CC1
C1CCC(C2CCC(C3CCCC(C4CCCCC4)C3)CC2)CC1
C1CCC(CC2CCC(C3CCCCC3)C(CCCC3CCCC3)C2)CC1
C1CCC(C2CC3CCCCC3C(C3CCCCC3)C2)CC1
C1CCC(C2CCCC(CC3CCC(C4CCCC4)CC3)C2)CC1
C1CCC(CC2CCCC(C3CCCC3)C2)CC1
C1CCC(CCCC2CCCCC2C2CCCCC2C2CCCC(CCC3CCCCC3)C2)CC1
C1CCC(CC2CCCC(C3CCCC4CC(CC5CCC6CCCC6C5)CCC43)C2)CC1
C1CCC(C2CCC(C3CC(C4CCC5CCCCC54)CC4CCC(C5CCCC5)CC43)CC2)C1
C1CCC(CC2CCCC(C3CCC(C4CCC(CC5CC5)C4)CC3)C2)CC1
C1CCC(CC2CCC(C3CCCCC3)CC2)CC1
C1CCC(C2CC(C3CCCC3)CC(C(C3CCC3)C3CCCC(C4CCCC4)C3)C2)CC1
C1CCC(CCCC2CCCC(C3CC3)C2)CC1
C1CCC(CC2CCC(CCCC3CCCC(CC4CCC(C5CC5)CC4)C3)CC2)C1
C1CCC(CC2CCCC(CC3CCCC(C4CCC5CCCCC54)C3)C2)CC1
C1CCC(CCCC2CCC(CC3CCC4CCCCC43)CC2)CC1
C1CCC(CCC2CCC(C3CCC(C4CCCCC4)CC3)CC2)CC1
C1CCC(CCC2CCCC2CC2CCC(C3CCCC(CC4CC4)C3)CC2)CC1
C1CCC(C2CCC(CCC3CCC(C4CCC(C5CCCCC5)CC4)CC3)CC2)CC1
C1CCC(C2CCCC(C3CCCC(C4CCCCC4)C3)C2)CC1
C1CCC(C2CCC(C3CCCCC3)C(C3CCCCC3)C2)CC1
C1CCC(CC2CCCC(CC3CCCCC3)C2)CC1
C1CCC(C2CCCC(CCC3CCCCC3C3CCCCC3CCC3CC4CCCCC4C3)C2)CC1
C1CCC(C2CC(C3CCCCC3)CC(C3CCCCC3)C2)CC1
C1CCC(C2CCCC(C3CC(C4CCCCC4)C4CCCCC34)C2)CC1
C1CCC(C2CCCC(C3CCCCC3)C2)CC1
C1CCC(C2CCCC3CC(CC4CCCC(C5CCCC5)C4)CCC32)CC1
C1CCC(C2CCCCC2C2CCC(C3CCCC3)CC2)CC1
C1CCC(CC2CCC(CC(CC3CCCCC3)C3CCCCC3)CC2)CC1
C1CCC(CC2CCC(CCCC3CCCC(C4CC4)C3)C(C3CCCCC3)C2)CC1
C1CCC(CC2CCC(CC3CCCC(C4CCCC4)C3)CC2)CC1
C1CCC(CC2CCC(C3CCC4CCCCC4C3)CC2)CC1
C1CCC(CC2CCCC(CC3CCC(C4CCCCC4)CC3)C2)CC1
C1CCC(C2CCCCC2CC2CCC(C3CCCC3)CC2)CC1
C1CCC(CC2CCC(CC3CCCCC3)CC2)CC1
C1CCC(CCC2CC(C3CCCC3)CC(C3CCCC(C4CCC(C5CC5)CC4)C3)C2)CC1
C1CCC(C2CCCCC2C2CCC(CC3CCC(C4CCCC4)CC3)CC2)CC1
C1CCC(CC2CCC(C3CCCCC3)C(C3CCCC(C4CCCCC4)C3)C2)CC1
C1CCC(CCCC2CCCCC2CC2CCC(C3CCCC(CC4CCCCC4)C3)CC2)CC1
C1CCC(C2CCC3C(C2)CC(C2CCC4CCCCC42)CC3C2CCCCC2)CC1
C1CCC(CC2CCC(CC3CCCC(C4CCCCC4)C3)CC2)CC1
C1CCC(C2CCCCC2C2CCC3C(CCCC3C3CCCCC3)C2)CC1
C1CCC(CC2CCC(C3CCCC(CC4CCC(C5CCCCC5)C5CCCCC45)C3)CC2)CC1
C1CCC(CC2CCC(C3CC(C4CCCCC4)C4CCCCC34)CC2)CC1
C1CCC(CCCCCC2CCC(C3CCCCC3)CC2)CC1
C1CCC(C2CCCC(CCC3CCC(C4CCC(C5CCCC5)CC4)CC3)C2)CC1
C1CCC(CC2CCCC(CC3CCC4CCCCC43)C2)CC1
C1CCC(CC2CCCCC2C2CCCCC2C2CCCCC2)CC1
C1CCC(C2CCC(C(CC3CCCC3)C3CCC(C4CCCCC4)C3)CC2)CC1
C1CCC(CC2CC(C3CCC(C4CCCCC4)CC3)C3CCCCC23)CC1
C1CCC(CC2CCC(C3CCCCC3)C(C3CCCCC3)C2)CC1
C1CCC(C2CCC(CCC3CCCC3)C(C3CCCCC3)C2)CC1
C1CCC(CCCC2CCC(C3CCCC(CCCC4CCCCC4)C3)CC2)CC1
C1CCC(CC2CCCC(CC3CCCCC3C3CCCCC3)C2)CC1
C1CCC(C2CCCC(C3CCCCC3)C2)CC1
C1CCC(C2CCCC(C3CCC(C4CCCCC4)C(C4CCCCC4)C3)C2)CC1
C1CCC(C2CCCCC2CC2CCCC(C(C3CCCCC3)C3CCCCC3)C2)CC1
C1CCC(C2CCC(C3CCCCC3C3CCCC3)C(C3CCCCC3)C2)CC1
C1CCC(CCCC2CCC(CC3CCC(C4CCCCC4)CC3)CC2)CC1
C1CCC(CCC(C2CCCCC2)C(CC2CCC(C3CCCC3)CC2)C2CCCC2)CC1
C1CCC(CC2CCC(CC3CC(CC4CCC(C5CCCCC5)CC4)C4CCCCC34)CC2)CC1
C1CCC(CC2CCC(C3CCCCC3)CC2C2CCCCC2)CC1
C1CCC(C2CCCC(C3CCCCC3)C2)CC1
C1CCC(CCC2C(C3CCCCC3)CCCC2C2CCC2)CC1
C1CCC(CC2CCCCC2C2CCCCC2C2CCCC(C3CCCCC3)C2)CC1
C1CCC(CC2CCCCC2CCCCC2CCC(CCC3CCCC(C4CCCC(C5CC5)C4)C3)CC2)CC1
C1CCC(CC2CCC(CC3CC(C4CCCCC4)C4CCCCC34)CC2)CC1
C1CCC(CC2CCCC(C3CCC(C4CCCCC4)CC3)C2)CC1
C1CCC(C2CCC(C3CC(C4CCCCC4)C3)CC2)CC1
C1CCC(CCC2CCCC(CC3CCCC(C4CCCCC4)C3)C2)CC1
C1CCC(C2CCC(CC3CCC4CCCC(C5CCCCC5)C4C3)CC2)CC1
C1CCC(C2CCCCC2C2CCCCC2)CC1
C1CCC(CC2CCC(CC3CCC(C4CCCCC4CC4CCCCC4)CC3)CC2)CC1
C1CCC(CCC2CCC(C3CCCCC3CC3CCCCC3)CC2)CC1
C1CCC(CC2CC(CC3CCCCC3)C3CC(C4CCCCC4)CCC23)CC1
C1CCC(C2CCC(C3CCCC(C4CC5CCCCC5C4)C3)CC2)CC1
C1CCC(CC2CCC(C3CCC(CCC4CCC5CCCC5C4)CC3)CC2)CC1
C1CCC(CCC2CC(C3CCCCC3)CCC2C2CCCCC2C2CCC3CCCC3C2)CC1
C1CCC(CCC2CCCC(C3CCC(C4CCC5CCCCC54)CC3)C2)CC1
C1CCC(C2CCCC(CC3CCC(C4CCCC5CCCCC54)CC3)C2)C1
C1CCC(C2CCCC(CCC3CCC(CC4CC5CCCCC5C4)CC3)C2)CC1
C1CCC(CC2CCC(C3CCCC(C4CCCC(C5CCCCC5)C4)C3)CC2)CC1
C1CCC(C2CCC(C3CCC(C4CCCCC4)CC3)CC2)CC1
C1CCC(CC2CCCC(CC3CCCC(C4CCCCC4)C3)C2)CC1
C1CCC(CC2CCCC(CCC3CCCC(C4CCCCC4)C3)C2)CC1
C1CCC(CCCC2CCCC(CC3CCCCC3)C2)CC1
C1CCC(C2CCC(CCC3CCC4CCCCC4C3)CC2)CC1
C1CCC(CC2CCCCC2C2CCCC(C3CCCC4CCCCC43)C2)CC1
C1CCC(CCCC2CCCC(C3CCCC(CC4CCCCC4)C3)C2)CC1
C1CCC(C2CCCCC2CCC2CCC(C3CCCCC3)C(C3CCCC3)C2)CC1
C1CCC(CCC2CCC(C3CCCCC3)CC2)CC1
C1CCC(CC2CCC(C3CCC(C4CCCCC4)CC3)CC2)CC1
C1CCC(CCCCC2CCC(CC3CCC(CCCC4CCCCC4)CC3)CC2)CC1
C1CCC(CC2CCCCC2C2CC(C3CCCCC3)C3CCCCC32)CC1
C1CCC(CC2CCC3CC(C4CCC5CCCCC54)CC(C4CCCCC4)C3C2)CC1
C1CCC(CC2CCC(CCCCC3CC(C4CC4)CCC3CC3CCCCC3)CC2)CC1
C1CCC(C2CCCC(C3CC(C4CCC5CCCCC54)CC4CCCCC43)C2)CC1
C1CCC(C2CCC(C3CCCCC3)CC2)CC1
C1CCC(CC2CCC(CCC3CCC(C4CCCC(C5CCCCC5)C4)C(C4CCCC4)C3)CC2)CC1
C1CCC(CCC2CCCC(C3CCCCC3)C2)CC1
C1CCC(CCC2CCC(C3CCCC3)C(CC3CCCCC3)C2)CC1
C1CCC(C2CCC(CC3CCC(CC4CCCC(C5CCCCC5)C4)CC3)CC2)CC1
C1CCC(CC2CCC(CC3CCC(C4CCCCC4C4CCCCC4)CC3)CC2)CC1
C1CCC(C2CCC3CCCC(C4CCCCC4)C3C2)CC1
C1CCC(CC2CCC(CC3CCCC(CC4CCC5CCCCC54)C3)CC2)CC1
C1CCC(CC2CCC(CC3CCCCC3)CC2)CC1
C1CCC(CCCCC2CCCCC2CCCC2CCCCC2CC2CCCCC2)CC1
C1CCC(CC2CCCC(C3CCCC(C4CCCCC4)C3)C2)CC1
C1CCC(CCC2CCCC(C3CCCCC3)C2)CC1
C1CCC(CCCC2CC(CC3CCCC3)CCC2CC2CCCCC2)CC1
C1CCC(CC2CCCC(C3CCCCC3CC3CCCCC3)C2)CC1
C1CCC(CC2CCC3CC(C4CCCCC4C4CCC5CCCC5C4)CCC23)CC1
C1CCC(CC2CCC(C3CCCCC3C3CCCC(C4CCCCC4)C3)CC2)CC1
C1CCC(C2CCC(CCCC3CCCC(C4CCCCC4)C3)CC2)CC1
C1CCC(CCC2CCCCC2C2CCC(C3CCCCC3)CC2)CC1
C1CCC(CCCC2CCCC(C3CCC(CC4CCCCC4)CC3)C2)CC1
C1CCC(C2CCC(C3CCCC(C4CC4)C3)CC2)CC1
C1CCC(CCC2CCCC(C3CC(C4CCCCC4)CC(C4CCC4)C3)C2)CC1
C1CCC(CC2CCC(C3CCC(C4CCC4)CC3)CC2)CC1
C1CC(C2CCC(C3CCC(C4CCCCC4CC4CCC5CCCCC54)CC3)CC2)C1
C1CCC(C2CCC(CCCC3CC3)C(C3CCCCC3)C2)CC1
C1CCC(CCC2CCC(CC3CCCCC3)CC2)CC1
C1CCC(CC2CCCC(C3CCCCC3CC3CCCCC3)C2)CC1
C1CCC(CC2CCCC(C3CCC4CCC(C5CC(C6CCCCC6)C6CCCCC56)CC4C3)C2)CC1
C1CCC(CC2CCC(C3CCCCC3)CC2)CC1
C1CCC(CC2CCC(CC3CCCCC3)CC2)CC1
C1CCC(CCC2CCC(C3CCCC3)CC2C2CCCC(C3CC3)C2)C1
C1CCC(C2CC(C3CCC4CCCCC43)CC3CCCCC32)CC1
C1CCC(C2CCC(C3CCCC(CC4CCCC4)C3)CC2)CC1
C1CCC(CC2CCCC(CC3CCCC(C4CCCC(CC5CCCCC5)C4)C3)C2)CC1
C1CCC(CCC2CCC(C3CCCC(C4CCCCC4)C3)CC2)CC1
C1CCC(CC2CCCC(C3CC(C4CCCCC4)CC(C4CCC4)C3)C2)CC1
C1CCC(C2CCCC(CC3CCCCC3C3CCCCC3)C2)CC1
C(CCCC1CCCCC1)CCCC1CCC(C2CCCCC2)CC1
C1CCC(CCCCC2CCC(CCC3CCCCC3)CC2)CC1
C1CCC(CCC2CCC(CC3CCC(CCC4CCCCC4)CC3)CC2)CC1
C1CCC(C2CCCC(CCC3CCCC(C4CCCCC4)C3)C2)CC1
C1CCC(CC2CCC(CC3CCCCC3)CC2)CC1
C1CCC(CCCC2CCC(CC3CCCCC3)CC2)CC1
C1CCC(CCCC2CCCC(CC3CC(CC4CCCCC4)C4CCCCC34)C2)CC1
C1CCC(C2CCCC(CC3CC(C4CCCCC4)C4CC(CC5CCCC5)CCC34)C2)CC1
C1CCC(CC2CCC(C3CCCC(C4CCC(CC5CCCC(CC6CCCC6)C5)CC4)C3)CC2)CC1
C1CCC(CC2CCC(C3CCCCC3)CC2)CC1
C1CCC(CC2CCCCC2CCC2CCCC(C3CCCCC3)C2)CC1
C1CCC(C2CCC3CCCC(C4CCCCC4)C3C2)CC1
C1CCC(C2CCC(C3CCCCC3)CC2)CC1
C1CCC(CC2CCC(CCC(CC3CCCCC3)C3CCCC(C4CCCCC4)C3)CC2)CC1
C1CCC(CCCC2CCCC(CC3CCCC(CC4CCCCC4)C3)C2)CC1
C1CCC(CC2CCC(C3CCCCC3)C(C3CCCCC3)C2)CC1
C1CCC(C2CCC(CC3CCC(C4CCC5CCCCC5C4)CC3)C2)CC1
C1CCC(CC2CCCCC2CC2CCCCC2C2CCCCC2)CC1
C1CCC(CC2CCCCC2)CC1
C1CCC(CC2CCCC(CCC3CCC(C4CCC5CCCCC54)CC3)C2)CC1
C1CCC(C2CCCC(C3CCCCC3)C2)CC1
C1CCC(CCCC2CCCCC2C2CCCCC2)CC1
C1CCC(CC2CCC(CC3CCC3)CC2)CC1
C1CCC(C2CCCC(C3CCCC(C4CCCC4)C3)C2)CC1
C1CCC(CC2CCC(C3CCCC(C4CCCCC4)C3)CC2)CC1
C1CCC(C2CCC(CC3CC4CCCCC4C3)C(C3CCCCC3)C2)CC1
C1CCC(C2CCC(C3CCC(C4CCCCC4)CC3)CC2)CC1
C1CCC(CC2CCC(C3CCCCC3)C(C3CCCC3)C2)CC1
C1CCC(CCCC2CCC(C3CCCC(CC4CCCCC4)C3)CC2)CC1
C1CCC2CC(CCC3CCCCC3C3CCCC(CC4CC5CCCCC5C4)C3)CC2C1
C1CCC(CCC2CCC(C3CCC(CCC4CCC5CCCCC5C4)CC3)CC2)CC1
C1CCC(CC2CCCC(C3CCCCC3C3CCCCC3)C2)CC1
C1CCC(C2CCC(C3CC4CCCCC4C3)CC2)CC1
C1CCC(C2CCC(CC3CCCC(C4CCCCC4)C3)CC2)CC1
C1CCC(C2CCC(CC3CCC(C4CCCC4)CC3)C2)CC1
C1CCC(CCCC2CCC(CC3CCCCC3)CC2CC2CCCCC2CC2CCCCC2)CC1
C1CCC(CC2CCC(CCC3CCC4C(CCC5CCCC5)CCC4C3)CC2)CC1
C1CCC(C2CC(C3CCCCC3)CC(C3CC3)C2)CC1
C1CCC(CCC2CCC(CCCC3CCCC(C4CCCCC4)C3)CC2)CC1
C(CCC1CCC(C2CCCCC2)CC1)CCC1CCC(C2CCCCC2)CC1
C1CCC(CC(C2CCCCC2)C2CCCCC2)CC1
C1CCC(CC2CCCC(CC3CCC(CC4CCCCC4C4CCCCC4)CC3)C2)CC1
C1CCC(CCCCC2CCC(CCC3CCCCC3)CC2)CC1
C1CCC(C2CCCCC2)CC1
C1CCC(C2CCC3CC(CC4CC(C5CCC6CCCCC65)CC5CCCCC54)CCC3C2)CC1
C1CCC(CC2CCC(CCC3CCC(C4CCCC4)CC3)CC2)CC1
C1CCC(C2CCCC(CC3CCC(CC4CCCC5CC(C6CCCCC6C6CCCC6)CCC45)CC3)C2)CC1
C1CCC(CCCC2CCCC(C3CCCCC3)C2)CC1
C1CCC(CCC2CCC(CC3CCC(C4CCCCC4)CC3C3CCCC3)CC2)CC1
C1CCC(CC2CCC(C3CCCCC3)CC2)CC1
C1CCC(C2CCC(CC3CCCC(C4CCCCC4)C3)CC2)CC1
C1CCC(CC2CCCCC2C2CCCCC2)CC1
C1CCC(CC2CCC(C3CCC3)CC2C2CCCC2)CC1
C1CCC(C2CCCCC2C2CCC(C3CCCC(CC4CCCC4)C3)CC2)CC1
C1CCC(C2CC(C3CCCCC3)C3CCCCC23)CC1
C1CCC(CC2CCCC(C(CC3CCCCC3)CC3CCCCC3)C2)CC1
C1CCC(CC2CCC(C3CC(CC4CCCCC4)CC4CCCCC43)C(C3CCCCC3)C2)CC1
C1CCC(CC2CCC(C3CCC(C4CCCCC4)CC3)CC2)CC1
C1CCC2CC(C3CCCCC3C3CCC4CCCC4C3)CCC2C1
C1CCC(CC2CCCC(C3CCC(CC4CCC(C5CC5)CC4)CC3)C2)C1
C1CCC(CC2CCCCC2C2CCC(C3CCCCC3)CC2)CC1
C1CCC(C2CCC(CC3CCC4CCC(C5CCCCC5)C4C3)CC2)CC1
C1CCC(C2CCCC(C3CCC(C4CCCCC4C4CCCCC4)C3)C2)CC1
C1CCC(C2CCC(C3CCCC(CC4CC5CCCCC5C4)C3)CC2)CC1
C1CCC(CC2CCC(C3CCCC(CC4CCCCC4)C3)CC2)CC1
C1CCC(CC2CCC3CC(C4CCC5CCCCC54)CCC3C2)CC1
C1CCC(C2CCC(C3CCCCC3C3CCCCC3)CC2)CC1
C1CCC(CC2CC(CC3CCCCC3)C3CC(CCC4CC5CCCCC5C4)CCC23)CC1
C1CCC(CCC2CCC(C3CCC4CCCCC43)C(C3CCCCC3)C2)CC1
C1CCC(CC2CCC(CCC3CC(CC4CCCCC4)C4CCCCC34)CC2)CC1
C1CCC(C2CC(CCCCC3CCC(CC4CCCC4)CC3)CCC2C2CCCC2)CC1
C1CCC(CCCC2CCC(C3CC(CC4CCCC4)CC4CCC(CC5CCCCC5)CC43)C2)CC1
C1CCC(C2CCCC(CC3CCC(C4CCCC(C5CCCC5)C4)CC3)C2)C1
C1CCC(C(CCC2CCCC(CC3CC4CCCCC4C3)C2)C2CCCCC2)CC1
C1CCC(CC2CCC(C3CCCCC3)CC2)CC1
C1CCC(CC2CC(C3CCCCC3CC3CC4CCCCC4C3)CCC2CC2CC2)CC1
C1CCC(CC2CCCC(C3CCCC(CC4CCC5CCCC5C4)C3)C2)CC1
C1CCC(CCC2CCCC(C3CCC4CCCC4C3)C2)CC1
C1CCC(CC2CCC(C3CCCC(C4CCCCC4)C3)CC2)CC1
C1CCC(CC2CCCC(CCC3CCCCC3CC3CCCCC3)C2)CC1
C1CCC(CCCCC2CCC(CCCCCC3CCC(C4CCCCC4)CC3)CC2)CC1
C1CCC(C2CCCC(C3CCCCC3CC3CCC4CCCCC4C3)C2)CC1
C(CCC1CC2CCCCC2C1)CC1CCC(CC2CCC(C3CCCC3)CC2)CC1
C1CCC(CCCC2CCC(C3CCCCC3)CC2C2CCCC2)CC1
C1CCC(CCCC2CCCC(CCC3CCCCC3)C2)CC1
C1CCC(CC2CCCC(CCC3CC(CC4CCCCC4)C4CCCCC34)C2)CC1
C1CCC(CC2CCC(C3CCCCC3C3CCCCC3)CC2)CC1
C1CCC(CCCC2CCC(C3CCCCC3)CC2)CC1
C1CCC(CC2CCC(C3CCC(C4CCC(CCC5CC6CCCCC6C5)CC4)C4CCCC34)CC2)CC1
C1CCC(CC2CCC(CC3CCCCC3C3CCCCC3)CC2)CC1
C1CCC(CC2CCC(CCC3CCC(C4CCCCC4)CC3)CC2)CC1
C1CCC(CC2CCCCC2C2CCCC(C(CCC3CC4CCCCC4C3)C3CCCCC3)C2)CC1
C1CCC(CCCC2CC(C3CCCCC3)CCC2CCC2CCCCC2)CC1
C1CCC(CCC2CCC(CC3CCC(C4CCCC4)CC3)CC2)CC1
C1CCC(C2CCC(C3CCCC(C4CCCC4)C3)C3CCCC23)CC1
C1CCC(C2CCC(C3CCCCC3C3CCC4CCCCC4C3)CC2)CC1
C1CCC(CC2CCCC(C3CCC(C4CCCC(C5CCC(C6CCCCC6)CC5)C4)CC3)C2)CC1
C1CCC(CCC2CCC(CCC3CCC(CC4CC4)CC3)CC2)CC1
C1CCC(CCCC2CCCC(CC3CCCC(CC4CCCCC4)C3)C2)CC1
C1CCC(C2CCCC(CCC3CC4CCCCC4C3)C2)CC1
C1CCC(CC2CCCCC2C2CCC(C3CCCC(C4CCCCC4)C3)CC2)CC1
C1CCC(CC2CCCC(C3CCCCC3CC3CCCCC3C3CCC3)C2)CC1
C1CCC(CC2CCC(CC3CCC(CC4CCCCC4)CC3CC3CCCCC3)CC2)CC1
C1CCC(CC2CCCC(C3CCCCC3)C2)CC1
C1CCC(C2CCC(CC3CC(C4CCCCC4)CCC3C3CCCCC3)C2)CC1
C1CCC(C2CCCC(C3CCC(C4CCCCC4)CC3C3CCCC3)C2)CC1
C1CCC2CC(C3CCCCC3C3CCC(CC4CCC(CC5CC6CCCCC6C5)CC4)CC3)CCC2C1
C1CCC(C2CCCC(CC3CCCCC3C3CCCCC3)C2)CC1
C1CCC(C2CCCC(CCCC3CCCCC3C3CCCCC3)C2)CC1
C1CCC(CCCC2CCCC(CCCC3CCC(C4CCCC(C5CCC5)C4)CC3)C2)CC1
C1CCC(CCC2CCC(CC3CCCCC3)CC2)CC1
C1CCC(C2CCC(C3CCC(C4CCCC4)CC3C3CCCC3)CC2)CC1
C1CCC(C2CCCC3CCCCC32)CC1
C1CCC(CC2CCC(CC3CCC(CC4CCC5CCCCC54)CC3)CC2)CC1
C1CCC(C2CCC(CC3CCC(C4CC5CCCCC5C4)CC3)CC2)CC1
C1CCC(CCCCC2CCC(C3CCC(CC4CCCCC4)CC3)C(C3CCCCC3)C2)CC1
C1CCC(CC2CCC(C3CCC4CCCCC43)CC2)CC1
C1CCC(C2CCCC(C3CCCCC3)C2)CC1
C1CCC(CC2CCCCC2CCC2CCCC(C3CCC4CCCC4C3)C2)CC1
C1CCC(CCC2CCCC(C3CCCC(CC4CCC(C5CCCCC5)CC4)C3)C2)CC1
C1CCC(CC2CCCCC2C2CCCCC2)CC1
C1CCC(CCC2CCCCC2CC2CCCCC2)CC1
C1CCC(C2CCC(C3CCC(CC4CC4)CC3C3CCCCC3)CC2)CC1
C1CCC(CC2CCCCC2C2CCC(C3CCCC(C4CCCCC4)C3)CC2)CC1
C1CCC(CCC2CCC(CC3CCC(C4CCCCC4)CC3)CC2)CC1
C1CCC(C2CC(C3CCCCC3)CC(C3CCC3)C2)CC1
C1CCC(C2CCC(C3CCCCC3)CC2)CC1
C1CCC(CCC2CCCC(C3CCCC(C4CCCCC4)C3)C2)CC1
C1CCC(CC2CCC3C(CCC3CC3CCCC(C4CCC(C5CCCCC5)CC4)C3)C2)CC1
C1CCC(CCCC2CCCC(CC3CCCCC3)C2)CC1
C1CCC(CC2CCCCC2C2CCCCC2)CC1
C1CCC(CCCCC2CCCC(C3CCCC4CC(C5CCCCC5)CCC43)C2)CC1
C1CCC(CCC2CCC(CC3CCCCC3)CC2)CC1
C1CCC(CCC2CCC(C3CCC(C4CCCC4)CC3)CC2)CC1
C1CCC(CC2CCCCC2C2CCCC(C3CCCC(C4CCCCC4)C3)C2)CC1
C1CCC2CC(CCC3CCC(CC4CCCC(C5CCCC5)C4)CC3)CCC2C1
C1CCC(C2CCC(C3CCC(C4CCCCC4)CC3)CC2)CC1
C1CCC(CCC2CCC(CC3CCCCC3CC3CC4CCCCC4C3)CC2)CC1
C1CCC(CCCCC2CCC(CCC3CCC(C4CCC4)CC3)CC2)CC1
C1CCC(C2CCCCC2C2CCCC2)CC1
C1CCC(CCC2CCCC(C3CCCCC3)C2C2CCC3CCCCC32)CC1
C1CCC(CCCC2CCC(C3CCC(C4CCCCC4)CC3)CC2)CC1
C1CCC(CCCC2CCC(C3CCC(C4CCC(C5CCCC5)CC4)CC3)CC2)C1
C1CCC(CCCC2CCC(C3CCC4CCCCC4C3)CC2)CC1
C1CCC(CCCC2CCC(CC3CCC(CC4CCC(CC5CCCC5)CC4)CC3)CC2)CC1
C1CCC(CC2CCC(CC3CCCCC3)CC2)CC1
C1CCC2C(C1)CCC2C1CCC(CCC2CCCC(C3CCCC4CCCCC43)C2)CC1
C1CCC(C2CCCC(C3CCCCC3)C2)CC1
C1CCC(CC2CCCC(C3CCC(C4CCCCC4)CC3)C2)CC1
C1CCC(CC2CCC(CC3CCCCC3)CC2)CC1
C1CCC(C2CCCCC2C2CCCC(C3CCCC3C3CCCC4CCCCC43)C2)C1
C1CCC(CC2CCC(CC3CCC(C4CCCC(CC5CC6CCCCC65)C4)CC3)CC2)CC1
C1CCC(CCCCC2CC(CC3CCCC(CC4CCCCC4)C3)C3CCCCC23)CC1
C1CCC(CCC2CCC(C3CCCCC3)CC2)CC1
C1CCC(CC2CCCCC2C2CCC(C3CCCCC3)CC2)CC1
C1CCC(C2CCC(CC3CCC(C4CCCCC4CCC4CCC5CCCC5C4)CC3)CC2)C1
C1CCC(CCC2CC(C3CCC(CC4CCCCC4)CC3)C3CCCCC23)CC1
C1CCC(CC2CC(C3CCCC3)CCC2CCC2CCC(C3CCCCC3)CC2)CC1
C1CCC(CC2CCC(C3CCCCC3C3CCCCC3)CC2)CC1
C1CCC(C2CCCC(C3CCC(C4CCC(CCC5CCCC6CCCCC65)CC4)CC3)C2)C1
C1CCC(CC2CCCC(C3CCC(CC4CCCC4)CC3)C2)CC1
C1CCC(C2CCCC(CC3CCC4CCCCC43)C2)CC1
C1CCC(CC2CCC(C3CCCCC3)CC2)CC1
C1CCC(CCC2CCC(C3CCCCC3)CC2)CC1
C1CCC(C2CCCCC2C2CCCCC2)CC1
C1CCC(C2CCCC(C3CCCC(C4CCCCC4)C3)C2)CC1
C1CCC(CC2CCC(C3CCC4CCCCC43)CC2)CC1
C1CCC(CCC2CCCC(C3CC(CCC4CCCCC4)CC(C4CCCC4)C3)C2)CC1
C1CCC(C2CCC(C3CCC(C4CCC(C5CCCC5)C4)CC3)CC2)CC1
C1CCC(C2CCCCC2)CC1
C1CCC(CC2CCCCC2)CC1
C1CCC(CCC2CCC(C3CCC(CC4CCCCC4)CC3)CC2)CC1
C1CCC(CCCC2CCCCC2C2CCC(C3CCC4CCCCC4C3)CC2)CC1
C1CCC(C2CCC(CCCC3CCC(C4CCCCC4)CC3)CC2)CC1
C1CCC(C2CCCCC2C2CCC(CCC3CC4CCCCC4C3)CC2)CC1
C1CCC(CC2CCC(C3CCCC(C4CCCCC4)C3)CC2)CC1
C1CCC(CC2CCC(C3CCCCC3C3CCC4C(CCC4C4CCCC(C5CCCC5)C4)C3)CC2)CC1
C1CCC(CCC2CCCC(C3CCCC(CCC4CCCC4)C3)C2)CC1
C1CCC(CCCC2CCC(CC3CCC(C4CCCC4)CC3)CC2)CC1
C1CCC(C2CCCC(CCC3CCC(C4CCCCC4C4CCC5CCCC5C4)CC3)C2)CC1
C1CCC(CCCCC2CCCCC2CC2CC3CCCCC3C2)CC1
C1CCC(C2CCCC(C3CCCCC3C3CCC(C4CCCCC4)C3)C2)CC1
C1CCC(CCC2CCC(C3CCCCC3)CC2)CC1
C1CCC(CC2CCCC(C3CCCCC3)C2)CC1
C1CCC(CCC2CCC(C(C3CCCCC3)C3CCC(CC4CCCCC4)CC3)CC2)CC1
C1CCC(CC2CCC(C3CCCC3)CC2C2CCCCC2)CC1
C1CCC(CC2CCCC(C3CCCC(C4CCC5CCCC5C4)C3)C2)CC1
C1CCC(CC2CCCCC2C2CCCCC2)CC1
C1CCC(CC2CCC(CC3CCC(C4CCC(CC5CCCCC5)C4)CC3)CC2)CC1
C1CCC(CC2CC(CCC3CCCC(C4CCCCC4)C3)C3CCCCC23)CC1
C1CCC(CCC2CC(C3CC3)CCC2CC2CCCCC2)CC1
C1CCC(CC2CCCCC2CC2CCCC(CCCC3CCC4CCCCC43)C2)CC1
C1CCC(CCCC2CCC(CC3CCC(C4CCCCC4)CC3)CC2)CC1
C1CCC(CCCC2CCCC(C3CCCCC3)C2)CC1
C1CCC(CCCCC2CCCCC2CCCC2CCCCC2)CC1
C1CCC(CC2CCCCC2C2CCCCC2C2CCCC2)CC1
C1CCC(CC2CCCC(C3CCCCC3)C2)CC1
C1CCC(CCCCC2CCCCC2)CC1
C1CCC(CCCCCC2CCCCC2)CC1
C1CCC(C2CCC(C3CCCC(C4CCC5CCCCC54)C3)CC2)CC1
C1CCC(C2CCC(CC3CCCC4CC(C5CCCCC5)CCC34)CC2)CC1
C1CCC(C2CCCC(CC(C3CCCCC3)C3CCC(C4CCCC4)CC3)C2)CC1
C1CCC(C(C2CCCCC2)C2CCC(C(CC3CCCC3)C3CCCC3)CC2)CC1
C1CCC(CC2CCC3C(CCC3CC3CCC(C4CCCCC4)C(CC4CC4)C3)C2)CC1
C1CCC(CC2CCC3CCCC(C4CCCCC4)C3C2)CC1
C1CCC(CC2CCC(CCC3CCC(CC4CCC(CCCC5CCCC5)CC4)CC3)CC2)CC1
C1CCC(C2CCCC(C3CCC(CC4CCCCC4C4CCC(C5CC5)CC4)CC3)C2)CC1
C1CCC(CC2CCCC(C3CCC(CC4CC(CC5CCCCC5)C5CCCCC45)CC3)C2)CC1
C1CCC(C2CCCC(C3CCCCC3)C2)CC1
C1CCC(CC2CCC3CC(C4CCC(C5CCCC(CC6CC6)C5)CC4)CC(C4CCCCC4)C3C2)CC1
C1CCC(CC2CCC(CCCC3CCC(C4CCCCC4)C3)CC2)CC1
C1CCC(CCC2CCC(CCC3CCCCC3)CC2)CC1
C1CCC(CCC2CCC(CC3CCC(CCC4CCCCC4)CC3)CC2)CC1
C1CCC(CC2CCC(CCCCC3CCCC(C4CCCCC4)C3)CC2)CC1
C1CCC(C2CC(C3CCCC(C4CCCC4)C3)C3CCC(CC4CCCC4)CC23)CC1
C1CCC(CCCC2CCC(CC3CCC(C4CCCCC4)CC3)CC2)CC1
C1CCC(C2CCCCC2C2CCC(CCC3CCCC3)CC2)CC1
C1CCC(CC2CCCCC2C2CCC(C3CCCC3)CC2)CC1
C1CCC(CCC2CCCC(C3CCCC(CC4CCCCC4)C3)C2)CC1
C1CCC(C2CCCC(CCC3CCC(CC4CCCC4)CC3)C2)CC1
C1CCC(CC2CC(C3CCCCC3)CCC2C2CCCCC2)CC1
C1CCC(CCC2CCC(CC3CCC(C4CCC(C5CCCCC5)CC4)CC3)CC2)CC1
C1CCC(C2CCCC(CC3CCC(CCCC4CCC5CCCCC54)CC3)C2)C1
C1CCC(CC2CCC(C3CCC(CC4CCCCC4)C(C4CC4)C3)CC2)CC1
C1CCC(CCC2CCC(C3CCCC(C4CCCCC4)C3)CC2)CC1
C1CCC(C2CC(CCCC3CCCC4CCCCC43)C3CCCCC32)CC1
C1CCC(C2CCC(CC3CCCC(C4CCCCC4)C3)CC2)CC1
C1CCC(C2CCCC(C3CCCC(C4CCC5CCCC5C4)C3)C2)CC1
C1CCC(CC2CCC(C3CCCCC3)CC2)CC1
C1CCC(CCCC2CCC3CC(C4CCCCC4)CC(C4CCCCC4)C3C2)CC1
C1CCC(C2CCC(CCCCC3CCC(CCC4CCCCC4C4CCCCC4)CC3)CC2)CC1
C1CCC(CCCCC2CCC(C3CCC3)CC2)CC1
C1CCC(CC2CCCC(C3CC(C4CCCCC4)CC(C4CC4)C3)C2)CC1
C1CCC(CC2CCC(C3CCCCC3)CC2)CC1
C1CCC(CC2CCC(C3CCCCC3CC3CCCCC3)CC2)CC1
C1CCC(CC2CCC(C3CCCCC3)CC2)CC1
C1CCC(CCC2CCC(CC3CCCCC3)CC2)CC1
C1CCC(CCC2CCC(C3CC(C4CCCCC4)C4CCCCC34)CC2)CC1
C1CCC(CC2CCC(C3CCC(C4CCC(C5CCCCC5)CC4)CC3)CC2)CC1
C1CCC(CC2CCCC(CC3CCCC(C4CC(C5CCCCC5)CC(C5CCCC5)C4)C3)C2)CC1
C1CCC(C2CCCC3CC(C4CCCCC4C4CCCC4)CC32)CC1
C1CCC(C2CCCCC2)CC1
C1CCC(CC2CCC(CC3CCCCC3C3CCCC3)CC2)CC1
C1CCC(C2CC3CCCCC3C(C3CCCCC3)C2)CC1
C1CCC(CCC2CC(C3CC4CCCCC4C3)CC(CCC3CCCCC3)C2CCC2CC2)CC1
C1CCC(C2CCCC(C3CCCCC3)C2)CC1
C1CCC(C2CC(C3CCC(CC4CCC(C5CCC(CCCC6CCCC6)CC5)CC4)CC3)C2)CC1
C1CCC(C2CCCC(C3CCC(CC4CCC5CCCCC5C4)CC3)C2)CC1
C1CCC(CC2CCC(CC3CCCCC3)CC2)CC1
C1CCC(CCC2CCCCC2C2CCC(C3CCC4CCCC4C3)CC2C2CCCCC2)CC1
C1CCC(CCC2CCC3C(C4CCCCC4)CC(C4CCCCC4)C3C2)CC1
C1CCC(C2CCCC(C3CCC(C4CCCCC4C4CCC5CCCC5C4)CC3)C2)CC1
C1CCC(CCCCC2CCC(CC3CCCCC3)CC2)CC1
C1CCC(C2CCCC(C3CCC(C4CCCC4)CC3)C2)CC1
C1CCC(C2CCC3CC(C4CCC5CCCCC54)CC(C4CC4)C3C2)CC1
C1CCC(C2CCCCC2)CC1
C1CCC(CC2CCC(C3CCC(C4CCCCC4CC4CC5CCCCC5C4)CC3)CC2)C1
C1CCC2CC(CCC3CCC(CC4CCC(C5CCC6CCCC6C5)CC4)CC3)CC2C1
C1CCC(CC2CCCC(C3CC4CCCCC4C3)C2)CC1
C1CCC(C2CCCC(CCC3CCCCC3C3CCCCC3C3CCCC3)C2)CC1
C1CCC(CC2CCC(C3CCC(C4CCCCC4)CC3)CC2)CC1
C1CCC(CC2CCC(C3CCC(C4CCCCC4)CC3)CC2)CC1
C1CCC(CC2CCC(CC3CCCC(CC4CC5CCCCC5C4)C3)CC2)CC1
C1CCC(CCCCCC2CCC(CC3CCC(CC4CCCCC4)CC3)CC2)CC1
C1CCC(CC2CC(C3CCCCC3)C3CCC(C4CCCCC4)CC23)CC1
C1CCC(CCCC2CCC(CC3CCCC4CC(C5CCCCC5)CCC34)CC2)CC1
C1CCC(CC2CCC(CCC3CCCC4CCCCC43)CC2)CC1
C1CCC(CCCCC2CCC(CC3CCCCC3)CC2)CC1
C1CCC(CCC2CCCC(C(CC3CCC(C4CCCCC4)CC3)C3CC3)C2)CC1
C1CCC(CCCCC2CCCC(C3CCCCC3)C2)CC1
C1CCC(CC2CCCC(C3CCCCC3)C2)CC1
C1CCC(CCC2CC(C3CCCCC3CC3CCCCC3)C3CCCCC23)CC1
C1CCC(CCC2CCCC(C3CCCCC3)C2)CC1
C1CCC(C2CCCC(C3CCCCC3C3CCCC3)C2)CC1
C1CCC(C2CCCC(CCC3CCC(CC4CCC(CCC5CC5)CC4)CC3)C2)CC1
C(CCCCC1CCCCC1)CCCCC1CCC(CC2CCCCC2)CC1
C1CCC(C2CCCCC2CCCCC2CC3CCCCC3C2)CC1
C1CCC(CCCCC2CCC(CC3CCC(CC4CCCC(CC5CCCCC5)C4)CC3)CC2)CC1
C1CCC(CC2CCCC(C3CCCC4CC(C5CCCCC5)CCC43)C2)CC1
C1CC2CCC(C3CC(CC4CCC5C(CCCC5C5CCCC5)C4)CCC3C3CCCC3)CC2C1
C1CCC(CC2CCCC(C3CCC(C4CC(CC5CCCCC5)C5CCCCC54)CC3)C2)CC1
C1CCC(CC2CCCCC2CC2CCCC(C3CCCCC3)C2)CC1
C1CCC(CCCCC2CC(CC3CCCCC3)C3CCC(C4CCC(C5CCCCC5)CC4)CC23)CC1
C1CCC(CCCC2CCCC(C3CCC(CC4CCC(CCC5CCCCC5)CC4)CC3)C2)CC1
C1CCC(CCCC2CCC3C(C4CCCCC4)CC(C4CCCCC4)C3C2)CC1
C1CCC(C2CCCCC2)CC1
C1CCC(C2CCC(C3CCC(CCCC4CCCC(C5CCCCC5)C4)CC3)CC2)CC1
C1CCC(CC2CCC(C3CCC4CCCC(C5CCCCC5)C4C3)CC2)CC1
C1CCC(CC2CCCCC2CC2CCCC(C3CCCCC3)C2)CC1
C1CCC(C2CCC(C3CCCCC3C3CCCCC3)CC2)CC1
C1CCC(CCCC2CC(C3CCCCC3)CC(C3CCCC3)C2)CC1
C1CCC(CCC2CCCC(CC3CCCCC3C3CCCC3)C2)CC1
C1CCC(CC2CCCC(CC3CCCCC3)C2)CC1
C1CCC(CCC2CCC(C3CCCCC3)CC2)CC1
C1CCC(C2CCC(C3CCC4CCCCC4C3)CC2)C1
C1CCC(CCC2CCCC(CC(C3CCCC3)C3CCCC3)C2)CC1
C1CCC(CCC2CCCC(C3CCCCC3)C2)CC1
C1CCC(C2CCCC(C3CCC(C4CCC5CCCCC54)CC3)C2)CC1
C1CCC(CCCC(CC2CCCCC2)C2CCC(CC3CCCCC3)CC2)CC1
C1CCC(C2CCC(CCCC3CCCC(C4CCCCC4)C3)CC2)CC1
C1CCC(C2CCCCC2C2CCC(C3CCC(CCC4CCCC4)CC3C3CCCCC3)C2)CC1
C1CCC(CCCCC2CC(C3CCCCC3)CCC2C2CCCCC2)CC1
C1CCC(C2CCCC(CC3CCCC(CC4CCCC5CCCCC54)C3)C2)CC1
C(CCCCCCC1CCCCC1C1CCCCC1)CCCCCC1CCCCC1
C1CCC(CCC2CCC(C3CCC(C4CCC(CC5CC5)CC4)CC3)CC2)CC1
C1CCC(CCC2CCCCC2C2CCC(C3CCCCC3)CC2C2CCCCC2)CC1
C1CCC(CC2CCCC(C3CCCC(C4CCCCC4)C3)C2)CC1
C1CCC(C2CCCC(C3CCC4CCCC4C3)C2)CC1
C1CCC(CCCCCC2CCC(C3CCCCC3)CC2)CC1
C1CCC(CCCCCC2CCCC(C3CCC(CC4CCC(CCCC5CCCC5)CC4)CC3)C2)CC1
C1CCC(CC2CCC(CC3CC4CCCCC4C3)C(C3CCCCC3)C2)CC1
C1CCC(C2CCC(CCCC3CCCC(CC4CCC4)C3)CC2)CC1
C1CCC(CC2CCC(C3CCC(CC4CCCC4)CC3)CC2)CC1
C1CCC(C2CCCC(C3CC(C4CCCCC4)C4CCCCC34)C2)CC1
C1CCC(CC2CCCCC2C2CCC(C3CCCCC3)CC2C2CCCCC2)CC1
C1CCC(CCCCC2CCCCC2CC2CCCCC2)CC1
C1CCC(CCCCC2CCC(C3CCCCC3)CC2)CC1
C1CCC(CCC2CCCC(C3CCCCC3)C2C2CCCCC2)CC1
C1CCC(C2CCCCC2C2CCCCC2C2CCCCC2)CC1
C1CCC(CC2CCC(CC3CCCC4CC(C5CCCCC5)CCC34)CC2)CC1
C1CCC(CC2CCC(CC3CCCCC3)CC2)CC1
C1CCC(CC2CCC(C3CCCCC3)CC2C2CCCCC2)CC1
C1CCC(C2CCCC(C3CC(CCC4CCCC4)CC(C4CCCCC4)C3)C2)CC1
C1CC(CCC2CCCCC2C2CCC3CCCC3C2)CC(C2CCC3CCCC3C2)C1
C1CCC(CCC2CCC(C3CCCC(C4CCCCC4)C3)CC2)CC1
C1CCC(C2CCCC(C3CCC(CCC4CC4)CC3)C2)CC1
C1CCC(CCC2CCC(C3CCCCC3)CC2)CC1
C1CCC2C(C1)CCC2C1CC2CCCCC2C(C2CCCC2)C1
C1CCC(CC2CCCCC2CC2CCC(C3CCCCC3)CC2C2CCCC(C3CCC3)C2)CC1
C1CCC(CC2CCC(CC(CC3CCC(C4CCCCC4)CC3)C3CCCCC3)CC2)CC1
C1CCC(C2CCCC(CC3CCC(C4CCCCC4C4CCC4)CC3)C2)CC1
C1CCC(C2CC(C3CCCC(CCC4CCC(CC5CC5)CC4)C3)C3CCCCC23)CC1
C1CCC(CC2CCC(C3CCCCC3)CC2CC2CCCCC2)CC1
C1CCC(C2CCC(C3CC(C4CCCCC4)CCC3C3CCCCC3)CC2)CC1
C1CCC(C2CCC(C3CCC(C4CCCCC4)CC3)CC2)CC1
C1CCC(CCC2CCCC(C3CCCC(C4CCCCC4)C3)C2)CC1
C1CCC(C2CCC(C3CCCC3)CC2)CC1
C1CCC(C2CCCC(CC3CCC(C4CCCC4)CC3)C2)CC1
C1CCC(C2CCC(C3CCC4CCCC4C3)CC2C2CCCCC2)CC1
C1CCC(CCC2CC(C3CCCCC3)CC(C3CCCCC3)C2)CC1
C1CCC(CC2CCCC(C3CCCC(C4CCCCC4)C3)C2)CC1
C1CCC(C2CC(CC3CCC(C4CCCC4)CC3)C3CCCCC32)CC1
C1CCC(CCC2CCCC(C3CCCC(CC4CCCCC4)C3)C2)CC1
C1CCC(CCC2CCCC(CC3CCCCC3)C2)CC1
C1CCC(C2CCC(C3CCCCC3C3CCCC(C4CCCCC4)C3)CC2)CC1
C1CCC(C2CCC(CC3CCCC(C4CCCCC4)C3)CC2)CC1
C1CCC(CCCC2CC(C3CCCCC3)C3CCCCC23)CC1
C1CCC(CC2CCC(C3CC4CCCCC4C(C4CCCCC4)C3)C2)CC1
C1CCC(C2CCC(C3CCC(C4CCCCC4C4CCCC4)CC3)CC2)CC1
C1CC2CCC(C3CCCCC3C3CCC4CCCCC43)CC2C1
C1CCC(C2CCC(CC3CCC(C4CCCC4)C(C4CCCC5CC(C6CCCCC6)CCC54)C3)CC2)CC1
C1CCC(CCC2CCCCC2)CC1
C1CCC(C2CCCC(C3CC(C4CCCCC4)C4CCCCC34)C2)CC1
C1CCC(CC2CCC(CCC3CCC(CC4CCCC(CC5CCCCC5)C4)CC3)CC2)CC1
C1CCC(CC2CCCC(C3CCC(CC4CCCC4)CC3)C2)CC1
C1CCC(C2CCC(CC3CCCC(C4CCCC4)C3)CC2)CC1
C1CCC(C2CCC(CCC3CCCC(CC4CCCC4)C3)CC2)CC1
C1CCC(CCC2CCCCC2C2CCC(C3CCCCC3)CC2)CC1
C1CCC(CCCCC2CC(CC3CCCC(CC4CCCCC4)C3)C3CCCCC23)CC1
C1CCC(CC2CCCCC2CC2CCCC(C3CCCCC3)C2)CC1
C1CCC(C2CCCC(CCC3CCCCC3C3CCCC3)C2)CC1
C1CCC(CCC2CC(C3CCCCC3)CC(C3CCCCC3)C2)CC1
C1CCC(C2CC(CC3CC3)CC(C3CC4CCCCC4C3)C2)CC1
C1CCC(CC2CCC(C3CCCCC3)CC2)CC1
C1CCC(CC2CCC(C3CCCCC3)CC2C2CCC3CCCC3C2)CC1
C1CC(CCC2CC3CCCCC3C2)CC(C2CCCC(CC3CC3)C2)C1
C1CCC(CCC2CCC(CC3CCCCC3)CC2)CC1
C1CCC(C2CCC(C3CC(C4CCCCC4)C4CCCCC34)CC2)CC1
C1CCC(CCCCCC2CCC(CC3CCCCC3)CC2C2CCCCC2)CC1
C1CCC(CC2CCC(CC3CCCC(CC4CCCCC4)C3)CC2)CC1
C1CCC(CC2CCC(C3CC4CCC(CC5CCCCC5)CC4C(C4CCCCC4)C3)CC2)CC1
C1CCC(CCC2CCC3CC(C4CCC5CCCCC54)CC(C4CCCCC4)C3C2)CC1
C1CCC(CCC2CCCC(C3CCCCC3)C2)CC1
C1CCC(C2CCC(C3CCCCC3)CC2)CC1
C1CCC(CC2CCC(C3CCCCC3)CC2C2CCCCC2)CC1
C1CCC(CC2CCCCC2C2CCCCC2)CC1
C1CCC(CC2CC(C3CCCC3)C3CC(C4CCCCC4C4CCCC4)CCC23)CC1
C1CCC(CCC2CCC(C3CCCC3)CC2)CC1
C1CCC(CCC2CCCC(C3CCCCC3)C2)CC1
C1CCC(CC2CCC(C(C3CCCCC3)C(C3CCCCC3)C3CCCC(C4CC4)C3)CC2)CC1
C1CCC(CCC2CCCC(C3CCCC(C4CCCC4)C3)C2)CC1
C1CCC(C2CCC(C3CCCCC3CCCC3CC4CCCCC4C3)CC2)CC1
C1CCC(CC2CCCCC2C2CCC3C(CC4CCCCC4)CCCC3C2)CC1
C1CCC(C2CCC3C(CCC3C3CCCCC3)C2)CC1
C1CCC(CC2CCCC(C3CCCCC3)C2)CC1
C1CCC(CC2CCCCC2C2CCCCC2)CC1
C1CCC(C2CCCC(C3CC4CCC(C5CCCCC5)CC4C(C4CCCCC4)C3)C2)CC1
C1CCC(C2CC(C3CCCCC3)CC(C3CCCCC3)C2)CC1
C1CCC(C2CCC(C3CCCCC3)C(C3CCCCC3)C2)CC1
C1CCC(CC2CCCCC2C2CCC(C3CCC(C4CCCCC4)CC3)CC2)CC1
C1CCC(CC2CCCC(CC3CCCCC3C3CCCCC3CC3CCCCC3)C2)CC1
C1CCC(CC2CCC(CC3CC4CCCCC4C3)CC2)CC1
C1CCC(CCC2CCCCC2C2CC(CC3CCCCC3)C3CCCCC32)CC1
C1CCC(CC2CCCC(C3CCCC(C4CCC(C5CCCCC5)C5CCCC45)C3)C2)CC1
C1CCC(C2CCCC(CCC3CCCC(CC4CCC5CCCCC54)C3)C2)CC1
C1CCC(CCCC2CCC(C3CCCCC3CC3CCCCC3)CC2)CC1
C1CCC(CC2CCC(CC3CCCC(C4CCCCC4)C3)CC2)CC1
C1CCC(C2CCCCC2CC2CCC(CC3CCCC3)CC2)CC1
C1CCC(CCC2CCCC(C3CCCCC3)C2)CC1
C1CCC(C2CCCCC2C2CCC3CCCC3C2)CC1
C1CCC(CC2CCC(CC3CCCCC3)CC2)CC1
C1CCC(CC2CCC(CCCC3CC(CC4CCCCC4)C4CCCCC34)C(C3CCCCC3)C2)CC1
C1CCC(CCCCC2CCC(C3CCCC3)CC2)CC1
C1CCC(CC2CCCC(CC3CCCC(C4CCCCC4)C3)C2)CC1
C1CCC(C2CCC(C(CC3CC3)C3CCCCC3)CC2)CC1
C1CCC(CCC2CCCC(C3CCCCC3)C2)CC1
C1CC(CC2CCC3CCCCC32)CC(C2CCC(CCC3CCCCC3C3CCC3)CC2)C1
C1CCC(C2CCC(C3CC(C4CC(C5CCCCC5C5CC5)C5CCCCC54)C4CCCCC34)CC2)CC1
C1CCC(CCC2CCC(CC3CCCCC3)C(C3CCCCC3)C2)CC1
C1CCC(CCCCC2CCCCC2C2CCC(CCC3CCCCC3)CC2)CC1
C1CCC(C2CCC(C3CCCCC3)CC2)CC1
C1CCC(CC2CCC(CCC3CCC(C4CCCC4)CC3)CC2)CC1
C1CCC(CCCC2CC(C3CCCCC3)CC(C3CCCC3)C2)CC1
C1CCC(CCCCCC2CCC(C3CCC(C4CCCC(CC5CC5)C4)CC3)CC2)CC1
C1CCC(CCCCC2CCC(CC3CCC(C4CCCCC4)C(C4CCCCC4)C3)CC2)CC1
C1CCC(C2CC(C3CC4CCCCC4C3)CC(C3CCCCC3)C2C2CC3CCCCC3C2)CC1
C1CCC(C2CC(C3CCCCC3)C(C3CCCCC3)C3CCCC23)CC1
C1CCC(CCC2CCCC(C3CC(CCC4CCCCC4)CC(CCC4CCCCC4)C3)C2)CC1
C1CCC(CC2CCCC(C3CCCC(C4CCCCC4)C3)C2)CC1
C1CCC(CCC2CCC3C(CC4CCCCC4)CC(CCC4CC5CCCCC5C4)C3C2)CC1
C1CCC(CCCC2CCC(CC3CCCC(C4CCCCC4)C3)CC2)CC1
C1CCC(CCC2CC(CC3CCCCC3)CCC2CC2CC3CCCCC3C2)CC1
C1CCC(CCC2CCCCC2C2CCCC3CC(C4CCCCC4)CCC32)CC1
C1CCC(CC2CCCC(C3CCC(C4CCCC(C5CCC5)C4)CC3)C2)CC1
C1CCC(CCC2CCC(C3CCC4CCC(CC5CCCCC5)CC43)CC2)CC1
C1CCC(CCC2CCC(C3CCCCC3)C(C3CCCCC3)C2)CC1
C1CCC(CCC2CCC(C3CCC(C4CCCC4)CC3)CC2)CC1
C1CCC(CCC2CCCC(C3CCCCC3C3CCCCC3CC3CCCCC3)C2)CC1
C1CCC(C2CCCCC2C2CCCCC2)CC1
C1CCC(C2CCC3CC(CC4CCC(C5CCCC(C6CCC7CCCCC76)C5)CC4)CCC3C2)CC1
C1CCC(C2CCC(CC3CCCC(C4CCCC(C5CCC5)C4)C3)CC2)CC1
C1CCC(CCCC2CCC(C3CCCCC3)CC2)CC1
C(CCCC1CCCCC1)CCCC1CCCCC1C1CCC2CCCCC21
C1CCC(C2CCCC(C3CC(C4CCCCC4C4CCCC4)C4CCCCC34)C2)CC1
C1CCC(C2CCC3CC(C4CCCCC4C4CCC(C5CCCC5)CC4)CCC32)CC1
C1CCC(CCCC2CCC(C3CCC4CCCCC4C3)CC2)CC1
C1CCC(C(C2CCCCC2)C2CCC(CCC3CCC4CCCC4C3)CC2)CC1
C1CCC(CCCCC2CCC(C3CCCCC3)CC2C2CCCCC2)CC1
C1CCC(C2CCCC(CCCC3CCC(CC4CCCC(C5CCC5)C4)CC3)C2)CC1
C1CCC(CC2CC(C3CCC(C4CCCC4)CC3)C3CCCCC23)CC1
C1CCC(CC2CCC3CC(C4CCCCC4)CC(C4CCCCC4)C3C2)CC1
C1CCC(CC2CC(CC3CCC(CC4CCC(C5CCCCC5)CC4)CC3)C3CCCCC23)CC1
C1CCC(C2CCC(CC3CCC(C4CCC5CCCCC5C4)CC3)CC2)CC1
C1CCC(CCC2CCC(C3CCC(C4CCCC4)CC3)CC2)C1
C1CCC(CCCCC2CCCC(CC3CC3)C2)CC1
C1CCC(CC2CCC(CC3CCCCC3)CC2)CC1
C1CCC(CC2CCC(CC3CCCCC3)CC2)CC1
C1CCC(CCC2CCC(C3CCCC(CCC4CCCC(C5CCCCC5)C4)C3)CC2)CC1
C1CCC(CC2CCC(C3CCCC(C4CCCCC4)C3)C2)CC1
C1CCC(C2CCC3C(CCCC3C3CCCCC3)C2)CC1
C1CCC(CCC2CCC(CC3CCC(C4CCCCC4)CC3)CC2)CC1
C1CCC(C2CCC(C3CCCC3)CC2C2CCC(C3CCCC(CC4CCC4)C3)CC2)CC1
C1CCC(C2CCC(CC3CC4CCCCC4C3)CC2)CC1
C1CCC(C2CCC(CCC3CCC(C4CCCC(C5CCCC5)C4)CC3)CC2)CC1
C1CCC(CC2CC(C3CCCC(CCC4CC5CCCCC5C4)C3)C3CCCCC23)CC1
C1CCC(CC2CCC(CCC3CCC(C4CCCCC4)C(C4CCCCC4)C3)CC2)CC1
C1CCC(CC2CCCCC2C(C2CC2)C2CCCCC2C2CCC3CCCCC3C2)CC1
C1CCC(C2CCCC(C(C3CCCCC3)C3CCCCC3)C2)CC1
C1CCC(CCC2CC(C3CCCCC3)CC(C3CCCCC3)C2)CC1
C1CCC(C2CCCC(C3CCC(C4CCCC4)CC3)C2)CC1
C1CCC(CCCCC2CCC(CC3CCCCC3)CC2C2CCCCC2)CC1
C1CCC(CCC2CCC(C3CCCCC3)CC2)CC1
C(CC1CC1)CC1CCC(CCC2CCC(C3CCC(C4CCCC4)CC3)CC2)CC1
C1CCC(CC2CCC(C3CCCC4CCCCC43)C(C3CCCC3)C2)CC1
C1CCC(CC2CCC(C3CCCCC3)CC2)CC1
C(CCC1CCC(CC2CCC(CC3CC4CCCCC4C3)CC2)CC1)CC1CC1
C1CCC(CCCC2CCCC(C3CCC3)C2)CC1
C(CCCC1CCCCC1)CCCC1CCCCC1CCC1CCC(C2CCCCC2)CC1
C1CCC(C2CCCC(CCC3CCC(CC4CCCC4)CC3)C2)CC1
C1CCC(CCC2CCCCC2C2CCCC3CC(CC4CC5CCCCC5C4)CCC32)CC1
C1CCC(CC2CCC(C3CCC(C4CCCCC4)CC3)C(C3CCCCC3)C2)CC1
C1CCC(CC2CCC(C3CCCCC3CC3CCCCC3)CC2)CC1
C1CCC(CC2CCC(CC3CCCCC3C3CCC4C(CCCC4C4CCCCC4)C3)CC2)CC1
C1CCC(C2CCCCC2CC2CCC3CCCC3C2)CC1
C1CCC(CC2CCCC(CC3CCCCC3)C2)CC1
C1CCC(CCC2CC(C3CCCC3)CC(C3CCCCC3)C2CCC2CCCCC2)CC1
C1CCC(CC2CCCC(C3CCC4CCCCC43)C2)CC1
C1CCC(CCC2CCCCC2C2CC(C3CCCCC3)C3CCCCC32)CC1
C1CCC(C2CCCC(CC3CCC4CCCCC43)C2)CC1
C1CCC(CC2CCC(C3CCCC(C4CCC5CCCCC5C4)C3)CC2)CC1
C1CCC(CCC2CCC(CC3CCCCC3)CC2)CC1
C1CCC(CCC2CCCC(CCC3CCCC(CC4CCCCC4)C3)C2)CC1
C1CCC(CC2CCC(C3CCCC(C4CCCCC4)C3)CC2)CC1
C1CCC(CC2CCCCC2)CC1
C1CCC(C2CC(CCC3CCC4CCCCC4C3)CC(C3CC4CCCCC4C3)C2)CC1
C1CCC(C2CCCC(CC3CCCC(C4CCCC4)C3)C2)CC1
C1CCC(CC2CCCC(CC3CCCC(C4CCCCC4)C3)C2)CC1
C1CCC(CC2CCCC(CC3CCCC(CCC4CCC(C5CCCC(C6CCCCC6)C5)CC4)C3)C2)CC1
C1CCC(C2CCC(CC3CCCCC3CC3CCCC3)CC2)CC1
C1CCC(CC2CCCC(C3CCCCC3)C2)CC1
C1CCC(CCC2CCCC(CCCC3CCCCC3C3CCCCC3C3CCCCC3)C2)CC1
C1CCC(CCCC2CCCCC2CCC2CCC(C3CCCCC3)C2)CC1
C1CCC(CCC2CC(C3CCCC(C4CCCCC4)C3)C3CCCCC23)CC1
C1CCC(CC2CCC3C(CCC3CC3CCC4CCCCC4C3)C2)CC1
C1CCC(CC2CCCC(C3CCCC(C4CCC5CCCC5C4)C3)C2)CC1
C1CCC(CCCC2CCCC(C3CCC4CCCCC4C3)C2)CC1
C1CCC(CCCC2CCC(C3CCCCC3)CC2C2CCCCC2)CC1
C1CCC(CC2CCCC(C3CCCCC3CC3CCCCC3)C2)CC1
C1CCC(CC2CCC(C3CCC(C4CCCCC4)C(CC4CCCCC4)C3)CC2)CC1
C1CCC(CC2CCCC(C3CCCC3)C2)CC1
C1CCC(C2CCCCC2CC2CCCC(C3CCCC(CC4CC5CC6CCCCC6C5C4)C3)C2)CC1
C1CCC(CC2CCC(C3CCCCC3)CC2)CC1
C1CCC(CC2CCC(C3CCCCC3CCCC3CCCC(C4CCCCC4)C3)CC2)CC1
C1CCC(C2CCC(C3CCC(CC4CCC5CCCCC54)CC3C3CCCC3)CC2)C1
C1CCC(C2CCCCC2C2CCCCC2C2CCCCC2)CC1
C1CCC(CC2CCCC(C3CCC4CC(CC5CCCC5)CC(C5CCCCC5)C4C3)C2)CC1
C1CCC(CC2CCCCC2CC2CCCCC2)CC1
C1CCC(C2CCCC3CCCCC32)CC1
C1CC(CC2CCCCC2CC2CC3CCCCC3C2)CC(C2CCC(CC3CCC4CCCCC43)CC2)C1
C1CCC(C2CCCC(CC3CCCC(CC4CCCC4)C3)C2)CC1
C1CCC(CCCCC2CCC(C3CCCC3)CC2)CC1
C1CCC(C2CCCCC2C2CCC(C3CCC3)CC2)CC1
C1CCC(C2CCCCC2CC2CCC(CC3CCCCC3C3CCCCC3)CC2)CC1
C1CCC(CC2CCCC(CCCC3CCCC(CC4CCC(C5CCCCC5)CC4)C3)C2)CC1
C1CCC(C2CCC(C3CC3)CC2C2CCCCC2)CC1
C1CCC(CC2CCC(C3CCCCC3)CC2C2CCC3CCCCC32)CC1
C1CCC(CCC2CCCCC2C2CCC(C3CCCCC3)CC2)CC1
C1CCC(CCC(C2CCCCC2)C2CCCCC2C2CCC3CCCCC3C2)CC1
C1CCC(C2CCCC(C3CCC4CCCCC43)C2)CC1
C1CCC(C2CCC(CC3CCCC(C4CCCC4)C3)CC2)CC1
C1CCC(C2CCC(C3CCCC(C4CCCCC4)C3)CC2)CC1
C1CCC(CCCC2CCC(C3CCCCC3)CC2CC2CCCCC2)CC1
C1CCC(CCC2CCCC(CCC3CCC(C4CCCC4)CC3)C2)CC1
C1CCC(CC2CCC(CCC3CCC(C4CCCC4)CC3)CC2)CC1
C1CCC(CC2CCCCC2CCCCCC2CCC(C3CCC4CCCCC4C3)CC2)CC1
C1CCC(CC2CCC(CCC3CCCC(C4CCCCC4)C3)CC2)CC1
C1CCC(CC2CCCCC2)CC1
C1CCC(CC2CCCC(C3CCCC(CC4CCCCC4)C3)C2)CC1
C1CCC(CC2CCCC(C3CCCCC3)C2)CC1
C1CCC(C2CCCC(C3CCC4CCCCC4C3)C2)CC1
C1CCC(CCC2CCC3C(CCC3C3CCC(C4CCCC4)CC3)C2)CC1
C1CCC(CCCCC2CCCCC2CC2CCCC(C3CCCCC3)C2)CC1
C1CCC(CCCC2CCCC(C3CCCCC3C3CCC(C4CCC5CCCCC54)CC3)C2)CC1
C1CCC(CC2CCC(CCC3CCCC3)C(CC3CCCCC3)C2)CC1
C1CCC(C2CCCCC2CC2CC3CCCCC3C2)CC1
C1CCC(C2CCC3CC(CC4CCC5CCCCC54)CCC3C2)CC1
C1CCC(CCCCCC2CCC3CCCCC3C2)CC1
C1CCC(C2CCCC(C3CCCCC3)C2)CC1
C1CCC(CC2CCC(CC3CCCC(C4CCCC(C5CCCCC5)C4)C3)CC2)CC1
C1CCC(CC2CCC(C3CCCC(CC4CCCCC4)C3)CC2)CC1
C1CCC(CCCC2CCCC(C3CCCCC3CC3CCCCC3)C2)CC1
C1CCC(CCC2CCCCC2CCCC2CCC(CC3CCCCC3)CC2)CC1
C1CCC(C2CCC(CC3CC4CCC(C5CCC5)CC4C(C4CCCCC4)C3)CC2)CC1
C1CCC(CCC2CCCC(CC3CCC(CC4CCC5CCCCC54)CC3)C2)CC1
C1CCC(C2CCCC(CC3CCCC(C4CCCCC4)C3)C2)CC1
C1CCC(CCCC2CCC(CC3CCC(C4CCCCC4)CC3)CC2)CC1
C1CCC(C2CCCC(C3CCCCC3C3CCC(CC4CC5CCCCC5C4)CC3)C2)CC1
C1CCC(CCC2CCCC(C3CCCC(CC4CCC5CCCC(C6CCCCC6)C5C4)C3)C2)CC1
C1CCC(CCC2CCC(CC3CCC(CC4CCCC4)CC3)CC2)CC1
C1CCC(CC2CCCC(C3CCC(C4CCCCC4)CC3)C2)CC1
C1CCC(CC2CCCC(C3CC4CCCCC4C3)C2)CC1
C1CCC(CC2CCCC(C3CCCC(CC4CCCCC4)C3)C2)CC1
C1CCC(CC2CCC(CCCC3CCC(C4CCCCC4)CC3C3CCCC3)CC2)CC1
C1CCC(CCC2CCC(CC3CC4CCCCC4C3)CC2)CC1
C1CCC(C2CCC(CCC3CCCC(C4CCCCC4C4CCCCC4)C3)CC2)CC1
C1CCC(C2CCCCC2C2CCC(C3CCCCC3)C2C2CCCCC2)CC1
C1CCC(CCCC2CCC(C3CCCCC3)CC2)CC1
C1CCC(CC2CCC(C3CCC(C4CCC(C5CC6CCCCC6C5)CC4)CC3)CC2)CC1
C1CCC(CCC2CCC(C3CCCCC3)CC2)CC1
C1CCC(C2CC(CCC3CCCC3)CCC2C2CCCCC2C2CCCC2)CC1
C1CCC(CCCC2CCC(C3CCCCC3C3CCC(CC4CCCCC4)CC3)CC2)CC1
C1CCC(CC2CCCC(C3CCC(C4CCCCC4CC4CCCCC4)CC3)C2)CC1
C1CCC(C2CCCCC2C2CCC(C3CCC(CC4CCCC4)CC3C3CCCCC3)C2)CC1
C1CCC(CCCC2CCC(CC3CCCCC3)CC2)CC1
C1CCC(C2CCC(CCC3CCCCC3C3CCCCC3)CC2)CC1
C1CCC(CC2C(C3CCCCC3)CCC2C2CCCC(C3CCCCC3)C2)CC1
C1CCC(CCCCC2CCC(C3CCCC(C4CCCCC4)C3)C2)CC1
C1CCC(CC2CCC(CC3CCCCC3)CC2)CC1
C1CCC(CC2CCCC(CC3CCCC(C4CCC4)C3)C2)CC1
C1CCC(CCCC2CCCC(CC3CCC4CCCCC43)C2)CC1
C1CCC(CCCC2CC(C3CCCCC3)CC(C3CCC3)C2)CC1
C1CCC(CC2CCC(C3CC(CC4CCC(CCCC5CC5)CC4)C4CCCCC43)CC2)CC1
C1CCC(CCCCC2CCC(CCC3CCCCC3)CC2)CC1
C1CCC(CCC2CCCCC2C2CCCCC2C2CCCC2)CC1
C1CCC(C2CCCC(CCC3CC4CCCCC4C3)C2)CC1
C1CCC(CC2CC(C3CCCCC3)CC(C3CCCCC3)C2)CC1
C1CCC(CC2CCCCC2C2CCCC(C3CCC4C(CCC4C4CCCC4)C3)C2)CC1
C1CCC(CC2CCCC(C3CCCCC3)C2)CC1
C1CCC(C2CCC(C3CCCC(C4CCCCC4)C3)CC2)CC1
C1CCC(CCC2CCCC(CC3CCCC(C4CCCCC4)C3)C2)CC1
C1CCC(C2CCCC(C3CCCC(C4CCC(C5CCCC5)CC4)C3)C2)CC1
C1CCC(C2CCCCC2CC2CCC(CC3CCC(CC4CCCC4)CC3)CC2)CC1
C1CCC(CC2CCC(CC3CC(CCC4CCC(C5CCCCC5)CC4)C4CCCCC34)CC2)CC1
C1CCC(CCC2CCC(C3CCCC(CCC4CCCCC4)C3)CC2)CC1
C1CCC(CCC2CCC(C3CCCCC3)CC2)CC1
C1CCC(CCCC2CCCCC2C2CCCCC2C2CCCCC2)CC1
C1CCC(CC2CCC(CC3CCC(CC4CCCCC4)CC3)CC2)CC1
C1CCC(CCCCC2CCC(CC3CCCCC3)CC2)CC1
C1CCC(C2CC(C3CCC4CCCC(C5CCCC5)C43)CC3CCCCC32)CC1
C1CCC(CC2CCC(CC3CCCC(CC4CCCCC4)C3)CC2)CC1
C1CCC(CC2CCC(C3CCCCC3)CC2)CC1
C1CCC(C2CCCC(C3CCC4CCC(C5CCCCC5)CC43)C2)CC1
C1CCC(CC2CCC(C3CCCCC3)CC2)CC1
C1CCC(CC2CCC(CCC3CCC4CCCCC4C3)CC2)CC1
C1CCC(C2CCC(CCCC3CCC(CC4CCCCC4C4CCCC4)CC3)CC2)CC1
C1CCC(CC2CCCC(CCCC3CCC4CCCCC43)C2)CC1
C1CCC(CC2CCC(C3CCCCC3)CC2)CC1
C1CCC(CC2CCCCC2C2CCC(C3CCC(CCC4CC5CCCCC5C4)CC3)CC2)CC1
C1CCC(C2CCCC(CCC3CCCC(CCCCC4CC5CCCCC5C4)C3)C2)CC1
C1CCC(C2CCCCC2C2CCCC(C3CCCCC3C3CCCC3)C2)CC1
C1CCC(C2CCCC(CCC3CCC(C4CCC5CCCCC5C4)CC3)C2)CC1
C1CCC(CC2CCC(C3CCCC3)CC2)CC1
C1CCC(C2CCC(CCC3CC4CCCCC4C3)CC2)CC1
C1CCC(C2CCC(C3CCCCC3)CC2)CC1
C1CCC(CCC2CCC(C3CCCCC3)CC2)CC1
C(CCC1CCC(CC2CCCCC2)CC1)CCC1CCC(CC2CCCC2)CC1
C1CCC(CC2CCC(CC3CCC(CCC(C4CCCCC4)C4CC4)CC3)CC2)CC1
C1CCC(CCCCC2CCC(CCC3CCCCC3)CC2)CC1
C1CCC(CC2CCCC(CC3CCC(C4CCCCC4)CC3C3CCCC3)C2)CC1
C1CCC(CCC2CCC(CC3CC(C4CCCCC4)CC(C4CCCC4)C3)CC2)CC1
C1CCC(CC2CCCCC2C2CCCCC2C2CCCC(C3CCCC3)C2)CC1
C1CCC(CC2CCCC(C3CCC(C4CCCCC4)CC3)C2)CC1
C1CCC(CCCC2CCC(CCC3CCCC(CC4CC5CCCCC5C4)C3)CC2)CC1
C1CCC(CC2CCC(C3CCC(C4CCCC4)CC3)CC2)CC1
C1CCC(CC2CCC(C3CC3)CC2C2CCCC2)CC1
C1CCC(C2CCCCC2)CC1
C1CCC(C2CCCCC2)CC1
C1CCC(C2CCC(C3CCCCC3)CC2)CC1
C1CCC(CC2CCC3C(CCC3C3CCC(C4CCCCC4)CC3)C2)CC1
C1CCC(C2CCC(C3CCCCC3)CC2)CC1
C1CCC(CCC2CCCC(C3CC4CCCCC4C3)C2)CC1
C1CCC(C2CCC(C3CCCCC3)C2)CC1
C1CCC(C2CCC3CC(C4CCCCC4)CCC3C2)CC1
C1CCC(CCC2CCCCC2C2CCCCC2)CC1
C1CCC(CCC2CCCC2C2CCCCC2)CC1
C1CCC(CC2CCCC(C3CCCCC3)C2)CC1
C1CCC(CCCC2CCCC(C3CCCCC3C3CCCCC3)C2)CC1
C1CCC(CC2CCCCC2CC2CCC(C3CCCCC3)CC2)CC1
C1CCC(CC2CCCC(CC3CCC4CC(CC5CCC(C6CCCCC6)CC5)CCC43)C2)CC1
C1CCC(CC2CC(C3CCCC(C4CCCCC4)C3)C3CCCCC23)CC1
C1CCC(CCC2CCCC(C3CCCCC3)C2)CC1
C1CCC(CC2CCC(C3CCC(C4CCCCC4)CC3)CC2)CC1
C1CCC(CC2CCCCC2)CC1
C1CCC(CC2CCCC(CC3CCC3)C2)CC1
C1CCC(CC2CCCC(C3CC4CCCCC4C3)C2)CC1
C1CCC(C2CCC(C3CCCCC3C3CCCC3)CC2)CC1
C1CCC(C2CCCC(C3CCCCC3)C2)CC1
C1CCC(C2CCC(CC3CCCC(C4CCCC(C5CCC5)C4)C3)CC2)CC1
C1CCC(CCC2CCCCC2)CC1
C1CCC(CCC2CCCC(C3CCC(C4CCC4)CC3)C2)CC1
C1CCC(CC2CCC(C3CCCC3)CC2)CC1
C1CCC(C2CCC(CC3CCCC(CC4CC5CCCCC5C4)C3)CC2)CC1
C1CCC2CC(CC3CCCC(C4CCCC(C5CCC6CCCCC65)C4)C3)CC2C1
C1CCC(CC2CCCC(C3CCCC(CC4CC4)C3)C2)CC1
C1CCC(CCCC2CCC(CC3CCC(C4CCCCC4)CC3)CC2)CC1
C1CCC(C2CCCC(CCC3CCCCC3C3CCCC3)C2)C1
C1CCC(C2CCCC(C(CCC3CCC3)C3CCCCC3)C2)CC1
C1CCC(CCC2CCC(CCCC3CCC(CC4CCCCC4)CC3)CC2)CC1
C1CCC(C2CC(C3CCCCC3C3CCC4CCCC4C3)C3CCCCC23)CC1
C1CCC(C2CCCC(C3CCCC(C4CCCCC4)C3)C2)CC1
C1CCC(CC2CCC(CCC3CCCCC3C3CC3)CC2)CC1
C1CC(C2CCCC(C3CCCCC3C3CCCC3)C2)C1
C1CCC(CC2CCC(CC3CCC(C4CC5CCCCC5C4)CC3)CC2)C1
C1CCC(CCCC2CCCC(CC3CC(C4CCCCC4)CC(C4CC4)C3)C2)CC1
C1CCC(C2CCCC(C3CCCCC3CC3CC4CCCCC4C3)C2)CC1
C1CCC(C2CCC(CCC3CCCCC3C3CCCCC3)CC2)CC1
C1CCC(CCC2CCCCC2C2CCCCC2)CC1
C1CCC(CC2CCC(CC3CCCC(C4CCCCC4)C3)CC2)CC1
C1CCC(CCC2CCC(CCCC3CC4CCCCC4C3)CC2)CC1
C1CCC(C2CCC(C3CCCC(C4CCCC4)C3)CC2)CC1
C1CCC(C2CCC(CCCC3CCCC3)CC2)CC1
C1CCC(CCCC2CCCC(CC3CCCCC3C3CCC(CC4CCCCC4)CC3)C2)CC1
C1CCC(CCC2CCCC(C3CCC4C(CC5CCCCC5)CCC4C3)C2)CC1
C1CCC(C2CCCC(C3CCCC3)C2)CC1
C1CCC(CC2CCC(CC3CCCC(CC4CCCC(C5CCCC5)C4)C3)CC2)CC1
C1CCC(CCCC2CCC(C3CCCC(C4CC4)C3)CC2)CC1
C1CCC(CCCCCC2CCC(CC3CCC(C4CCC5CCCCC5C4)CC3)CC2)CC1
C1CCC(C2CCCC(CC3CCC(CC4CCCC(C5CCCCC5)C4)CC3)C2)CC1
C1CCC(CCCC2CCCC(CC3CCCCC3)C2)CC1
C1CCC(CC2CCC3C(C2)C(CC2CCCCC2)CC3C2CCCCC2)CC1
C1CCC(C2CC(CC3CC3)CC(C3CCCCC3C3CCCCC3)C2)CC1
C1CCC(C2CCC(CC3CCCC(C4CCCCC4)C3)CC2)CC1
C1CCC(CCC2CCC(CC3CCC(CCCC4CCCC(C5CCCCC5)C4)CC3)CC2)CC1
C1CCC(CCC2CCCC(CCCC3CCC(C4CCCCC4)CC3)C2)CC1
C1CCC(CCCCCC2CCC(C3CCC(CC4CCCCC4)CC3)CC2)CC1
C1CC2CCC(CC3CCC(CCC4CCC5CCCCC54)CC3)CC2C1
C1CCC(CCC2CCCC(C3CCC(CC4CCC5CCCCC54)CC3)C2)CC1
C1CCC(C2CCC(C3CCCC(CC4CCC(C5CCCC(C6CCCC6)C5)C4)C3)CC2)CC1
C1CCC(C2CCCC(C3CCC(C4CCC5CCCC5C4)CC3)C2)CC1
C1CCC(CC2CCCCC2C2CCCCC2CC2CC2)CC1
C1CCC(CC2CCC(C3CCC(C4CCCC4)C(C4CCCC4)C3)CC2)CC1
C1CCC(CC2CCCCC2C2CCCCC2CCCCC2CCCC(C3CCC3)C2)CC1
C1CCC(C2CCCC(C3CCCC(C4CCC4)C3)C2)CC1
C1CCC(CC2CCC(CCC3CCC(C4CCCC(CC5CCCC5)C4)CC3)CC2)CC1
C1CCC(CC2CCC(CCCC3CCCCC3CCCC3CCC4CCCCC43)CC2)CC1
C1CCC(CC2CCCC(CC3CCCCC3C3CCCCC3)C2)CC1
C1CCC(CC2CCC(CC3CC4CCCCC4C3)CC2)CC1
C1CCC(CCCC2CCC(C3CCC(CCC4CCCC4)CC3)CC2)CC1
C1CCC(C2CCCCC2C2CCC(CC3CC3)C(C3CCCC3)C2)CC1
C1CCC(CCCC2CCCC(CC3CCCCC3)C2)CC1
C1CCC(CCC2CCCC(C3CCC(C4CCCC(C5CCCCC5)C4)CC3)C2)CC1
C1CCC(CCCC2CCCC(C(CC3CC4CCCCC4C3)C3CCCCC3)C2)CC1
C1CCC(C2CC(C3CCCC(C4CCCCC4C4CCCC4)C3)C2)CC1
C1CCC(CCCC2CCCC(C3CCCC(C4CCC(C5CCCCC5)CC4)C3)C2)CC1
C1CCC(CC2CCCC(CCC3CCCC(C4CCCCC4)C3)C2)CC1
C1CCC2CC(C3CCCCC3C3CCC(C4CCC4)C(C4CCC5CCCCC5C4)C3)CCC2C1
C1CCC(CC2CCC(C3CCCCC3)CC2)CC1
C1CCC(CC2CCC(CCC3CCCCC3C3CCCC3)CC2)CC1
C1CCC(CC2CCC(CCC3CCC(CCC4CCC5C(C6CCCCC6)CC(C6CCCCC6)C5C4)CC3)CC2)CC1
C1CCC(CCC2CCC(CC3CCCCC3)CC2)CC1
C1CCC(CC2CCCC(CCC3CCCC3)C2)CC1
C1CCC(CC2CC(CC3CCC(C4CCCC(C5CCC6CCCCC65)C4)CC3)C3CCCCC23)C1
C1CCC(CC2CCCC(C3CCCCC3)C2)CC1
C1CCC(CCC2CCC(C3CCC(C4CCCCC4)C3)CC2)CC1
C1CCC(CCCCC2CCCC(CC3CCCCC3)C2)CC1
C1CCC(C2CCCCC2C2CCCC(C3CCCC(CC4CCCC4)C3)C2)CC1
C1CCC(CC2CCC(C3CCCCC3C3CCCCC3)CC2)CC1
C1CCC(C2CCC(CCCC3CC(C4CCCCC4)CC(C4CCC4)C3)CC2)CC1
C1CCC(CCC2CCC3C(CC4CCCCC4)CC(C4CCCCC4)C3C2)CC1
C1CCC(CC2CCC(C3CCCC(CC4CCCCC4)C3)CC2)CC1
C1CCC(CCCC2CCC(CCC3CCCCC3)CC2)CC1
C1CCC(C2CCCCC2C2CCCCC2)CC1
C1CCC(CC2CCC(CC3CCC(CC4CCCC(C5CCCCC5)C4)CC3)CC2)CC1
C1CCC(CCC2CCC(CC3CCC(C4CCCC4)CC3)CC2)CC1
C1CCC(CC2CC3CCC(C4CCCCC4)CC3C(C3CCCCC3)C2)CC1
C1CCC(CCC2CCCC(C3CCCCC3C3CCCC3)C2)CC1
C1CCC(C2CCCC(C3CCCC4CCCC43)C2)CC1
C1CCC(C2CCCC(CCC3CCCC(C4CCCC(C5CCCCC5)C4)C3)C2)CC1
C1CCC(CCC2CCCC(C3CCCCC3CCCCC3CC4CCCCC4C3)C2)CC1
C1CCC(CCC2CCCC3CCC(C4CC5CCCCC5C(C5CCCCC5)C4)C23)CC1
C1CCC(CC2CCC(C3CCC(C4CCCCC4)CC3)CC2)CC1
C1CCC(C2CCCC(C3CCCC4CCCCC43)C2)CC1
C1CCC(CCCC2CCC(C3CCC(CC4CCCCC4)CC3)CC2)CC1
C1CCC(CCCCC2CCCCC2C2CCC(C3CCCCC3)CC2)CC1
C1CCC(C2CCCC(CC3CCCC(C4CCCCC4)C3)C2)CC1
C1CCC(C2CCC(C3CCC(C4CCCCC4)CC3C3CCCC3)CC2)CC1
C1CCC(C2CCCC(CCC3CC4CCCCC4C3)C2)CC1
C1CCC(CCC2CC(C3CCCCC3)CC(C3CCCC(C4CCCCC4)C3)C2)CC1
C1CCC(CC2CCCC(C3CCC(C4CCC(C5CCCCC5)CC4)C4CCCC34)C2)CC1
C1CCC(C2CCCC(C3CCC(C4CCC(C5CCCC5)CC4)CC3)C2)CC1
C1CCC(CC2CCCC(C3CCCCC3CC3CCCCC3)C2)CC1
C1CCC(CC2CCCCC2C2CCCCC2)CC1
C1CCC(CC2CCC(C3CCCC(C4CCCCC4)C3)CC2)CC1
C1CCC(CCCCC2CCC(C3CCCCC3)CC2C2CCCC2)CC1
C1CCC(CCCCCC2CCC(CC3CCCCC3)CC2)CC1
C1CCC(CCC2CCCC(C3CCCC(CC4CCCCC4)C3)C2)CC1
C1CCC(C2CCC(CCC3CC4CCCCC4C3)CC2)CC1
C1CCC(C2CCC(CC3CCC(C4CCCCC4CCC4CC4)CC3)CC2)CC1
C1CCC(CC2CCC(CC3CCCC(CC4CCC(CCC5CC5)CC4)C3)CC2)CC1
C1CCC(CC2CCC(C3CCCC(CC4CC5CCCCC5C4)C3)CC2)CC1
C1CCC(CCC2CCC(CCC3CCCC(C4CCCCC4)C3)CC2)CC1
C1CCC2C(C1)CCC2C1CCCC(CC2CCCCC2C2CCC3CCCCC32)C1
C1CCC(C2CCCCC2)CC1
C1CCC(C(C2CC2)C2CCCC(CC3CCC(CCC4CC5CCCCC5C4)CC3)C2)CC1
C1CCC(CCC2CCC(C3CCCC(C4CCCCC4)C3)CC2)CC1
C1CCC(C2CCC(CC3CCC(CC4CCCC4)CC3)CC2)CC1
C1CCC(CC2CCCCC2C2CCCCC2C2CCC(CCC3CC3)CC2)CC1
C1CCC(C2CCCCC2C2CCCCC2)CC1
C1CCC(CC2CCC3CCCC(C4CCCCC4)C3C2)CC1
C1CCC(C2CCC(C3CCC(C4CCCCC4)CC3)CC2)CC1
C1CCC(CCC2CC(C3CCCCC3)CC(C3CCCCC3)C2)CC1
C1CCC2CC(CC3CCCC(C4CCC(CCC5CCCCC5C5CCCC5)CC4)C3)CCC2C1
C1CCC(CCC2CCC(CC3CCC(C4CCCCC4)C(C4CCCC4)C3)CC2)CC1
C1CC(CC2CCCC(C3CCC4CCCC4C3)C2)CC(CC2CCCC3CCCC32)C1
C1CCC(CCCC2CC(C3CCCCC3)C3CC(CCC4CCCC4)CCC23)CC1
C1CCC(CCC2CCC(CCC3CCC(CC4CCCCC4)CC3)CC2)CC1
C1CCC(CC2CCCC(C3CCCCC3CC3CCCCC3)C2)CC1
C1CCC(C2CCCC(CCC3CCC(CC4CCCC4)CC3)C2)CC1
C1CCC(CC2CCCC(C3CCCC(C4CCCC5CCCCC54)C3)C2)CC1
C1CCC(C2CCCC(C3CCC(CC4CCCCC4C4CCCCC4)CC3)C2)CC1
C1CCC(CCC2CCC(C3CCCCC3)CC2)CC1
C1CCC(CC2CCC(CCCC3CCC(C4CCC4)CC3)CC2)CC1
C1CCC(CCC2CCC(C3CCCCC3)CC2)CC1
C1CCC(CC2CC(C3CCCCC3)CCC2CCCCC2CCCC2)CC1
C1CCC(CC2CC3CCCCC3C(CCCC3CCC(C4CCCC(C5CCCCC5)C4)CC3)C2)CC1
C1CCC(CC2CCC(CC3CCCCC3)CC2)CC1
C1CCC(C2CCCC(C3CCCCC3)C2)CC1
C1CCC(C2CC(C3CCCCC3)C3CC(CCC4CCCC4)CCC23)CC1
C1CCC(CC2CCCC(C3CCCCC3)C2)CC1
C1CCC(C2CCCCC2C2CCCCC2)CC1
C1CCC(C(C2CCCC2)C2CCC(CC3CCC(C4CC4)CC3)CC2)CC1
C1CCC(C2CC3CCC(CC4CC5CCCCC5C4)CC3C(C3CCCCC3)C2)CC1
C1CCC(C2CCCC(CC3CCC4C(CCCC4C4CCCCC4)C3)C2)CC1
C1CC(CCC2CCC(CC3CCC(C4CC4)CC3)CC2)CC(CC2CC3CCCCC3C2)C1
C1CCC2CC(C3CC(C4CCC5CCCCC54)CC4CCCCC43)CCC2C1
C1CCC(C2CCCC(CC3CCCC3C3CCC4CCCCC4C3)C2)CC1
C1CCC(CC2CC(CC3CCC(C4CCCCC4)CC3)C3CCCCC23)CC1
C1CCC(C2CC(C3CCCCC3)CC(C3CCCC3)C2)CC1
C1CCC(C2CCCC(C3CCCC(C4CCCC(C5CC5)C4)C3)C2)CC1
C1CCC(CCC2CC(CCC3CCCCC3)CC(CC3CCCCC3)C2)CC1
C1CCC(C2CCCCC2C2CCCCC2C2CCC3CCCC3C2)CC1
C1CCC(CC2CCCCC2CCC2CCCCC2C2CCC3CCCCC3C2)CC1
C1CCC(CCC2CC(C3CCCCC3)CC(C3CCCC(CC4CCCCC4)C3)C2)CC1
C1CCC(CCCC2CC(C3CCCC3)CCC2C2CCCCC2)CC1
C1CCC(C2CCCC(CC3CCC4CC(CCC5CC6CCCCC6C5)CCC43)C2)CC1
C1CCC(C2CCCC(CC3CCCCC3C3CCCCC3)C2)CC1
C1CCC(CC2CCCC(CCC3CCCCC3C3CCCC3)C2)CC1
C1CCC(CC2CCCC(C3CCCCC3CCCC3CCCC3)C2)CC1
C1CCC(CC2CCC(C3CCCC(CC4CCCCC4)C3)CC2)CC1
C1CC2CCC(CC3CCCC(C4CCC(CCC5CC6CCCCC6C5)C4)C3)CC2C1
C1CCC(C2CCCCC2)CC1
C1CCC(CC2CCCC(C3CCCC(C4CCC5CCCCC5C4)C3)C2)CC1
C1CCC(CCCC2CCCCC2C2CCC3CCCC3C2)CC1
C1CCC(C2CCC(C3CCC(C4CCCCC4)CC3C3CCCC3)CC2)CC1
C1CCC(CC2CCC(CCC3CCCCC3CCC3CCCCC3C3CCCC3)CC2)CC1
C1CCC(CCCC2CCC(C3CCCCC3)CC2)CC1
C1CCC(CC2CCC(CC3CCC(C4CCCCC4)CC3)CC2)CC1
C1CCC(CC2CCC(C3CCCCC3)CC2)CC1
C1CCC(CCC2CCCC(CC3CCCCC3)C2)CC1
C1CCC(C2CCCC(CCCC3CCC4CCCCC43)C2)CC1
C(CCCC1CCC(C2CCCCC2)CC1)CCC1CCCCC1
C1CCC(C2CCC(C3CCCCC3CC3CCC4CCCCC4C3)CC2)CC1
C1CCC(CC2CCC(C3CCCCC3)CC2C2CCCC2)CC1
C1CCC(CC2CCC(CC3CCCCC3C3CCCCC3)CC2)CC1
C1CCC(C2CCC(CC3CCCC(C4CC(C5CCCCC5)C4)C3)CC2)CC1
C1CCC(CC2CCC(CCC3CCCC(C4CCCCC4)C3)CC2)CC1
C1CCC(CCC2CCCC(CCC3CC4CCCCC4C3)C2)CC1
C1CCC(CC2CCC(C3CCCCC3)CC2)CC1
C1CCC(C2CCCCC2C2CCC3CCCCC32)CC1
C1CCC(C2CCCC(CC3CCCCC3C3CCCC(CC4CCCC4)C3)C2)CC1
C1CCC(CCC2CCCCC2CC2CCC(C3CCCC3)CC2)CC1
C1CCC(CC2CCC(CC3CCCCC3)CC2)CC1
C1CCC(CCC2CCC(C3CC(CC4CCCCC4)C4CCCCC43)CC2)CC1
C1CCC(C2CCC(C3CCCCC3)C(CC3CC3)C2)CC1
C1CCC(C2CCC(C3CCC(C4CCC5CCCC5C4)CC3)CC2)CC1
C(CCCC1CCCCC1)CCC1CCCCC1
C1CCC(CCCC2CC(CC3CCCCC3)C3CCC(C4CCCCC4)CC23)CC1
C1CCC(C2CCCC(C3CCC(C4CC(C5CCCCC5)C4)CC3)C2)CC1
C1CCC(CC2CCC(C3CCC(C4CCCCC4)CC3)CC2)CC1
C1CCC(CC2CCCC(C3CCC(C4CCCCC4)CC3C3CCCC3)C2)CC1
C1CCC(CC2CCCC(C3CCC4CCCCC43)C2)CC1
C1CCC(CCCC2CCCC(C3CCCC(C4CCCCC4)C3)C2)CC1
C1CCC(CC2CCCC(CC3CCCCC3)C2)CC1
C1CCC(CCC2CCC(C3CCCC(CC4CCCCC4)C3)CC2)CC1
C1CCC(CC2CCCC(C3CCC4CCCCC4C3)C2)CC1
C1CCC(CC(C2CCCC2)C2CCCC(C3CCCCC3)C2)CC1
C1CCC(C2CCC(C3CCCC3)CC2C2CCC(C3CC4CCCCC4C3)C2)CC1
C1CCC(CC(C2CCCC2)C2CCC(C3CCCC(CC4CC5CCCCC5C4)C3)CC2)CC1
C1CCC(CC2CCC(C3CCCC(C4CC4)C3)CC2)CC1
C1CCC(CCCC2CC(C3CCCCC3)CC(CCC3CCCCC3)C2CCC2CCCCC2)CC1
C1CCC(CCCC2CCC(CC3CCC(CC4CCCCC4)CC3)CC2)CC1
C1CCC(C2CC3CCC(C4CCCCC4)CC3C(C3CCCCC3)C2)CC1
C1CCC(CC2CCCCC2CC2CCCC3CCCCC32)CC1
C1CCC(CCC2CCCC(CCC3CCC(C4CCCCC4)CC3)C2)CC1
C1CCC(C2CCC(C3CCCCC3)CC2)CC1
C1CCC(C2CCC(CC3CC3)C(C3CCC4CCCC4C3)C2)CC1
C1CCC(C2CCCCC2)CC1
C1CCC(C2CCCC(C(CC3CC3)C3CCCC(C4CCC(CCC5CCC5)CC4)C3)C2)CC1
C1CCC(CCCC2CCCC(C3CCC4CCCCC43)C2)CC1
C1CCC(C2CCCCC2CC2CCCCC2C2CCCCC2CC2CC2)CC1
C1CCC(C2CC(C3CCCCC3)CC(C3CCCC3)C2)CC1
C1CCC(CC2CCCCC2CCC2CCCC2)CC1
C1CCC(CCC2CCC(CC3CCCCC3)CC2C2CCCCC2)CC1
C1CCC(CCC2CCCC(CC3CCC(C4CCCC(C5CCCCC5)C4)CC3)C2)CC1
C1CCC(CC2CCC(C3CCCCC3)CC2)CC1
C1CCC(CC2CCC(CC3CCC(C4CCCCC4)CC3)CC2)CC1
C1CCC(CC2CCC(CCC3CC(CC4CCCCC4)CCC3CCCC3CC3)CC2)CC1
C1CCC2CC(CC3CCCC(C4CCCCC4C4CCCC4)C3)CC2C1
C1CCC(CCCC2CCC(CCC3CCC(CC4CCCC(CC5CCCCC5)C4)CC3)CC2)CC1
C1CCC(C2CCCC(C3CCCCC3)C2)CC1
C1CCC(CCC2CCC3C(CCC3C3CCC(C4CCCC4)CC3)C2)CC1
C1CCC(CC2CC(C3CCCCC3C3CCCC3)C3CCCCC23)CC1
C1CCC(CCC2CCCC(CCC3CCCCC3)C2)CC1
C1CCC(C2CC(C3CC4CCCCC4C3)CC(C3CCCCC3C3CCCCC3)C2)CC1
C1CCC(CC2CCCC(CC3CC4CCCCC4C3)C2)CC1
C1CCC(C2CCCC(C3CCCCC3C3CCC3)C2)CC1
C1CCC(CCC2CCCC(CCCCC3CCCCC3CC3CCCCC3)C2)CC1
C1CCC(CC2CCC(C3CCC(CC4CCC(C5CCCC5)C4)CC3)CC2)CC1
C1CCC(CC2CCC(CC3CCCC(CC4CCCCC4C4CCCCC4)C3)CC2)CC1
C1CCC(C2CCCCC2C2CCC3CCCCC3C2)CC1
C1CCC(CCCC2CCC(C3CCCC(C4CCCCC4)C3)CC2)CC1
C1CCC(C2CCC3CC(C4CCCCC4C4CCC5CCCCC5C4)CCC32)CC1
C1CCC(CCCC2CCC(C3CCCCC3)CC2)CC1
C1CCC(CCCCC2CCC(CCC3CCC(CC4CCCC4)CC3)CC2)CC1
C1CCC(CCCC2CCC(CC3CCCCC3)CC2)CC1
C1CCC(CCC(CC2CCCCC2)C2CCCCC2)CC1
C1CCC(CC2CCC(C3CCC(C4CCCCC4)CC3)CC2)CC1
C1CCC(C2CCCC(C3CC(C4CCCCC4)CC(C4CCCCC4)C3)C2)CC1
C1CCC(CC2CCC(CC3CCCCC3)CC2)CC1
C1CCC(CCC2CCC(CC3CCC(C4CCCC(CC5CCCCC5)C4)CC3)CC2)CC1
C1CCC(CCC2CCCC3CC(CC4CCCC(C5CCCCC5)C4)CC23)CC1
C1CCC(CC2CCCCC2C2CCCCC2C2CCC3CCCCC3C2)C1
C1CCC(C2CC(CC3CCCCC3C3CCCC4CCCCC43)C3CCCCC32)CC1
C1CCC(CCC2CCC(CC3CCC(CC4CCCCC4)CC3)CC2)CC1
C(CCCC1CCCCC1)CCCC1CCCC(C2CCCCC2)C1
C1CCC(C2CCC(C3CCC(C4CCC4)CC3)CC2)CC1
C1CCC(CCC2CCC(C3CCCCC3)CC2)CC1
C1CCC(CC2CC(CC3CCCCC3)CC(C3CCCCC3)C2)CC1
C1CCC(C2CCCC(C3CCCC(CC4CC4)C3)C2)CC1
C1CCC(C2CCC(C3CCCCC3)CC2)CC1
C1CCC(CCCC2CCC(CC3CCC(CC4CCCC4)CC3)CC2)CC1
C1CCC(CC2CCC(CC3CCC(C4CCCC4)CC3)CC2)CC1
C1CCC(CC2CCC(C3CCCC(C4CCCCC4)C3)CC2)CC1
C1CCC(C2CCC(CC3CCC4CCCCC4C3)CC2)CC1
C1CCC(CCCC2CCC(CCC3CC4CCCCC4C3)C(C3CCCCC3)C2)CC1
C1CCC(CC2CC(CCC3CCC(C4CCCCC4)CC3)C3CCCCC23)CC1
C1CCC(CC2CCC(C3CCCCC3C3CCCCC3C3CCCC3)CC2)CC1
C1CCC(C2CCCC(C3CCC(C4CCC(C5CCCCC5C5CCC6CCCC6C5)CC4)C4CCCC34)C2)C1
C1CCC(C2CCC(C3CCCCC3C3CCCCC3)C(C3CCCC3)C2)CC1
C1CCC(CC2CC(C3CCCCC3C3CCCC(CCCC4CCC4)C3)C3CCCCC23)CC1
C1CCC(CCC2CC(C3CCC4CCCCC43)CC3CCCCC32)CC1
C1CCC(CC2CCCC(C3CCCC(CC4CCCCC4)C3)C2)CC1
C(CCC1CCC(CC2CCCCC2)CC1)CCC1CCC(C2CCCC2)CC1
C1CCC(C2CCCC(C3CCCC(C4CCCCC4)C3)C2)CC1
C1CCC(CCCC2CC3CCCCC3C(C3CCCCC3)C2)CC1
C1CCC(C2CCCC(C3CCC3)C2)CC1
C1CCC(CC2CCC(C3CCCC(CC4CCCCC4)C3)CC2)CC1
C1CCC(CC2CCC(CC3CCC(C4CCCC(C5CC6CCCCC6C5)C4)CC3)CC2)CC1
C1CCC(C2CCC(C3CCCCC3C3CCCC3)CC2)CC1
C1CCC(CCCCC2CCC(CC3CCCCC3)CC2)CC1
C1CCC(CCCC2CCCC(C3CCCCC3C3CCCCC3C3CCCC3)C2)CC1
C1CCC(CCC2CCC3C(CC4CCC(C5CCCC5)CC4)CC(C4CCCCC4)C3C2)CC1
C1CCC(C2CCCC(C3CCCC(C4CCCC4)C3)C2)CC1
C1CCC(C2CC(C3CCCC(C4CC5CCCCC5C4)C3)C3CCCCC23)CC1
C1CCC(CCCC2CCCC(CCCC3CCCC(CC4CCCCC4)C3)C2)CC1
C1CCC(CC2CCC3C(C2)C(CC2CCCC2)CC3C2CCCC2)CC1
C1CCC(CC2CCCCC2C2CCCCC2)CC1
C1CCC(CC2CCC3C(CCC3CC3CCCC(C4CCCCC4)C3)C2)CC1
C1CCC(CC2CCC(C3CCC(CCC4CC5CCCCC5C4)CC3)CC2)CC1
C1CCC(CC2CCC(C3CCC(C4CCCCC4)CC3)C(C3CCC4CCCC4C3)C2)CC1
C1CCC(CC2CCC(CC3CCCC(C4CCCC(C5CCC5)C4)C3)CC2)CC1
C1CCC(C2CCCC(C3CCCC(C4CCCCC4)C3)C2)CC1
C1CCC(C2CCC(CC3CCCC(C4CCCCC4)C3)CC2)CC1
C1CCC(CCCCC2CCCCC2C2CCC(C3CCC(CC4CCCCC4)CC3)CC2)CC1
C1CCC(CC2CCC(C3CC4CCCCC4C(C4CCCCC4)C3)CC2)CC1
C1CCC(CC2CCCC(CCCC3CCCCC3C3CCCCC3)C2)CC1
C1CCC(CCC2CCCCC2)CC1
C1CCC(CC2CCCCC2CC2CCCCC2)CC1
C1CCC(CC2CCCC(CCC3CCCC(C4CCCC(C5CCCCC5)C4)C3)C2)CC1
C1CCC(CCC2CCC(CC3CCCCC3)CC2)CC1
C1CCC(C2CCCC(CCC3CCCCC3CCC3CCCCC3CC3CC3)C2)CC1
C1CCC(CCCCCC2CCCC(C3CCCCC3)C2)CC1
C1CCC(C2CCCCC2)CC1
C1CCC(C2CCCC(C3CCC(CCCCC4CCC5CCCCC45)CC3)C2)CC1
C1CCC(CC2CCC(CC3CCCC(C(C4CCCCC4)C4CC4)C3)CC2)CC1
C(CCC1CCC(CC2CCCCC2)CC1)CCC1CCC(C2CCCCC2)CC1
C1CCC(C2CCCC(CC3CCCC(C4CCCCC4)C3)C2)CC1
C1CCC(C2CCC(CCC3CCC(C4CCCCC4)CC3)CC2)CC1
C1CCC(CC2CCC(C3CCCC(C4CCCCC4)C3)CC2)CC1
C1CCC(CCCC2CCCC(CCC3CCCCC3)C2)CC1
C1CCC(CC2CCCCC2CCCC2CCC3CCCCC3C2)CC1
C1CCC(CCC2CCC(CC3CCCCC3)CC2)CC1
C1CCC(CC2CCCC(C3CCCC(C4CC5CCCCC5C4)C3)C2)CC1
C1CCC(CC2CCC(C3CCC4CCCCC43)CC2)CC1
C1CCC(CC2CCC(CC3CCC(C4CCCCC4)CC3)CC2)CC1
C1CCC(CC2CCCCC2CC2CCC(CCC3CCCC3)CC2)CC1
C1CCC(CC2CCC(CC3CCCCC3)CC2)CC1
C1CCC(C2CCC(C3CCC3)CC2C2CCC3CCCC3C2)CC1
C1CCC(CCCC2CCCCC2C2CCC(C3CCCCC3)CC2)CC1
C(CCC1CCCC(C2CCCCC2)C1)CCC1CCC2CCCCC2C1
C1CCC(C2CCCC(C3CC(CC4CCCC(C5CCC5)C4)C4CCCCC43)C2)CC1
C1CCC(CC2CCC(CC3CCC(CC4CCC(C5CC5)CC4)CC3)CC2)CC1
C1CCC(CC2CCC(CC3CCCC(C4CCCCC4)C3)CC2)CC1
C1CCC(CC2CCC(CC3CCC(C4CCCC(CC5CCCCC5)C4)CC3)CC2)CC1
C1CCC(CC2CC(CC3CCCC(C4CCCCC4)C3)CC(C3CCCCC3)C2)CC1
C1CCC(C2CCC(CCC3CC4CCCCC4C3)CC2)CC1
C1CCC(CC2CCC(CCC3CCCC(CC4CCCC(CC5CCCCC5)C4)C3)CC2)CC1
C1CCC(CC(C2CCCCC2)C2CCCCC2)CC1
C1CCC(CCCCCC2CCCCC2CC2CCCCC2CCC2CCC3CCCCC32)CC1
C1CCC(CC2CC(C3CCCCC3)CC(C3CCCCC3)C2)CC1
C1CCC(CCC2CCCC2C2CCCC(C3CCCCC3)C2)CC1
C1CCC(C2CCC3C(C4CCCCC4)CC(C4CCCCC4)C3C2)CC1
C1CCC(C2CCC(CC3CCC(CCCC4CCCCC4C4CCCCC4)CC3)CC2)CC1
C1CCC(CCC2CCCCC2CC2CCC(C3CCCC(CC4CCCCC4)C3)CC2)CC1
C1CCC(CC2CCCC(C3CCCC(C4CCCC(C5CCCC5)C4)C3)C2)C1
C1CCC(CC2CCC(C(CC3CCCCC3CC3CCCCC3)C3CCCC3)CC2)CC1
C1CCC(CC2CCC(CC3CCCC(C4CCCCC4C4CCCCC4)C3)CC2)CC1
C1CCC(CC2CCCC(C3CCCCC3)C2)CC1
C1CCC(C2CCCC(C3CCCC(C4CCC(C5CCC5)CC4)C3)C2)CC1
C1CCC(CC2CCCCC2C2CCCCC2)CC1
C1CCC(C2CCCC(CCCCC3CCCC(C4CCCC4)C3)C2)CC1
C1CCC(CC2CC(C3CCCCC3)CCC2C2CCC3CCCC3C2)CC1
C1CCC(CCC2CC(C3CCC(C4CCCC4)CC3)CCC2C2CCCCC2)CC1
C1CCC(CC2CCC(CC3CCCCC3)CC2)CC1
C1CCC(CC2CCC(CCC3CCC(C4CCCCC4)CC3)CC2)CC1
C1CCC(CC2CCCC(C3CCCC(C4CCCC4)C3)C2)CC1
C1CCC(CC2CCCCC2C2CCCC(C3CCCCC3)C2)CC1
C1CCC(C2CCC(CCCC3CC3)CC2)CC1
C1CCC(CCC2CCC(CCCC3CC4CCCCC4C3)CC2)CC1
C1CCC(CC2CCCC(C3CCCCC3)C2)CC1
C1CCC(CCCCC2CCC(C3CCC(CC4CCCCC4)CC3)CC2)CC1
C1CCC(CCC2CCC(C3CCCCC3)CC2C2CCCCC2)CC1
C(CCCC1CCCCC1)CCCC1CCCC(C2CC3CCCCC3C2)C1
C1CCC(CC(CC2CC2)C2CCCCC2C2CCCCC2)CC1
C1CCC(CC2CCC(C3CCCCC3)CC2)CC1
C1CCC(CCC2CCC(C3CCC(CC4CCCCC4)CC3C3CCCC3)CC2)CC1
C1CCC(C2CCC(CC3CCCC(CC4CCCCC4C4CCCCC4)C3)CC2)CC1
C1CCC(CCC2CCCCC2C2CCC(C3CCCC(C4CCCCC4)C3)CC2)CC1
C1CCC(CC2CCC(CC3CCCCC3)CC2)CC1
C1CCC(CCCC2CC(C3CCC3)CC(C3CCCC(CC4CCCCC4)C3)C2)CC1
C(CC1CC1)CC1CCC(CC2CCC(C3CCCCC3C3CCC4CCCC4C3)CC2)CC1
C1CCC(CCCCCC2CCCC(C3CCCC(C4CCCCC4)C3)C2)CC1
C1CCC(C2CCCC(C3CCCC(C4CCC(C5CCC6CCCC6C5)CC4)C3)C2)CC1
C1CCC(CCCC2CCCC(CC3CCCCC3)C2)CC1
C1CCC(CCC2CC(C3CCCCC3)CC(C3CCCC3)C2)CC1
C1CCC(CCCC2CCC(C3CCC(CC4CCC(C5CCCCC5CCC5CC5)CC4)CC3)CC2)CC1
C1CCC(CCC2CCCCC2CCC2CCCCC2)CC1
C1CCC(CCCCC2CCC(C3CCCCC3)C(C3CCC4CCCC4C3)C2)CC1
C1CCC(C2CC3CCCCC3C(CC3CCC(C4CCCC4)CC3)C2)CC1
C1CCC(C2CCCC(CCC3CCCC(CCC4CC5CCCCC5C4)C3)C2)CC1
C1CCC(CC2CCC(CC3CCCCC3C3CCCCC3)CC2)CC1
C1CCC(CCCC2CCC(C3CCCCC3)CC2)CC1
C1CCC(C2CCC(C3CCCCC3)CC2)CC1
C1CCC(CCC2CCCC(C3CCCCC3)C2)CC1
C1CCC(CC2CCCC3CC(C4CCCCC4)CCC23)CC1
C1CCC(C2CCCCC2C2CCC(C3CCCC(CC4CCCC4)C3)CC2)CC1
C1CCC(C(C2CCC(C3CCCC3)CC2)C2CCCC(C3CCC4CCCC4C3)C2)CC1
C1CCC(CCC2CCC(CC3CCCCC3)CC2C2CCCC2)CC1
C1CCC(CCC2CCC(CC3CCCCC3)CC2)CC1
C1CCC(CCCCC2CCC(C3CCCCC3)CC2)CC1
C1CCC(C2CCCCC2CCCCC2CCC(CCC3CC3)CC2)CC1
C1CCC(C2CC(CCC3CC4CCCCC4C3)CC(C3CCCC3)C2)CC1
C1CCC(C2CC(C3CCCC(CC4CCC4)C3)C3CCC(C4CCC5CCCCC54)CC23)CC1
C1CCC(C2CCCC(C3CCCC(C4CCCC4)C3)C2)CC1
C1CCC(CC2CCCCC2C2CCC3C(CCCC3C3CCCCC3)C2)CC1
C1CCC(CC2CCCC(CCC3CCC(C4CCCC(C5CCC5)C4)CC3)C2)CC1
C1CCC(CC2CCCCC2C2CCCCC2)CC1
C1CCC(CC2CCC(CC3CCC(CC4CC5CCCCC5C4)CC3)CC2)CC1
C1CCC(C2CCCC(C3CCCCC3CC3CCCC(CC4CCCC4)C3)C2)CC1
C1CCC(CC2CCCCC2C2CCC(C3CCCCC3)CC2)CC1
C1CCC(C2CCCC(CCC3CCC4CC(C5CCC6CCCCC65)CCC4C3)C2)CC1
C1CCC(CCCC2CCC(C3CCCC(CC4CCCCC4)C3)CC2)CC1
C1CCC(CCC2CCCC3CC(C4CCCCC4)CCC23)CC1
C1CCC(C2CCCC(C3CCCCC3CC3CCCC3)C2)CC1
C1CCC(CCCC2CCC(C3CCC(CC4CCCCC4)CC3)CC2)CC1
C1CCC(CC2CCCCC2CC2CCCCC2)CC1
C1CCC(CC2CCC(C3CCC(C4CCCCC4)C3C3CCCCC3)CC2)CC1
C1CCC(C2CCC(C3CCCCC3C3CCCCC3)CC2)CC1
C1CCC(C2CCC(C3CCC(C4CCCCC4)C(C4CCCC4)C3)CC2)CC1
C1CCC(CC2CCCC(CC3CCCC(CC4CCC(C5CCCCC5)CC4)C3)C2)CC1
C1CCC(C2CCC(CC3CC(C4CCCCC4)CC(C4CCCCC4C4CCCCC4)C3)CC2)CC1
C1CCC(CC2CCC(CC3CCCC(C4CCC5CCCCC54)C3)CC2)CC1
C1CCC(CCC2CC3CCCCC3C2)CC1
C1CCC(C2CCCCC2CCC2CCCC2)CC1
C1CCC(C2CCCC(C3CCCC3C3CCCCC3)C2)CC1
C1CCC(CC2CCCC(C3CCC(CCC4CCCC4)CC3)C2)CC1
C1CCC(C2CCCC(CC3CC4CCCCC4C3)C2)CC1
C1CCC(C2CCC3CC(C4CC4)CCC3C2)CC1
C1CCC(C2CCCC(CCC3CCCCC3C3CCCC3)C2)CC1
C1CCC(CC2CCCC(C3CCCCC3)C2)CC1
C1CCC(CC2CCC(CC3CC(CC4CCCCC4)C4CCCCC34)CC2)CC1
C1CCC(CC2CCCC(CC3CCC4CC(CC5CCCCC5)CCC43)C2)CC1
C1CCC(CC2CCC(CC3CCC(C4CCCCC4)C(CCCC4CCCC4)C3)CC2)CC1
C1CCC(C2CCC(CC3CCCCC3C3CCC4CCCCC4C3)CC2)C1
C1CCC(C2CCC(C3CCCC(C4CCCCC4)C3)CC2)CC1
C1CCC(CCCCCC2CCCC(C3CCCC(C4CCCCC4)C3)C2)CC1
C1CCC(CC2CC(C3CCCC3)C3CCCCC23)CC1
C1CCC(C2CCC(CCCC3CCCC(C4CCCCC4)C3)CC2)CC1
C1CCC(CCC2CCC3C(CC4CCCCC4)CC(C4CCCCC4)C3C2)CC1
C1CCC(CCC2CCCCC2C2CCCCC2)CC1
C1CCC(CC2CCC(CCC3CCCCC3C3CCCCC3)CC2)CC1
C1CCC(CC2CCCC3CC(C4CCCCC4)CCC23)CC1
C1CCC(CC2CCC(C3CCC(CC4CCC(C5CCCC5)CC4)CC3)CC2)CC1
C1CCC(CC2CCC(C3CCCCC3)CC2)CC1
C1CCC(CCC2CCC(C3CCCCC3)CC2)CC1
C1CCC(C2CCCC(C3CCCCC3C3CCCCC3)C2)CC1
C1CCC(CCCC2CCC(CC3CCCCC3)CC2)CC1
C1CCC(C2CC(C3CCC(C4CCCC(C5CCCC5)C4)CC3)C3CCCCC23)CC1
C1CCC(CC2CCC(CCCCC3CCC(C4CCCC4)CC3)CC2C2CCCC2)CC1
C1CCC(CCC2CCCCC2C2CCCCC2)CC1
C1CCC(CC2CCCCC2C2CCCCC2)CC1
C1CCC(C2CCC(CC3CCC(CC4CCC5CCCCC5C4)C3)CC2)CC1
C1CCC(CC2CCCCC2)CC1
C1CCC(CCCCCC2CCC3CC(C4CCCCC4)CC(C4CCCCC4)C3C2)CC1
C1CCC(CCC(C2CCCCC2)C2CCCCC2CC2CCCCC2)CC1
C1CCC(C2CC(C3CCCCC3)C3CC(CCC4CCCC(C5CCC6CCCCC6C5)C4)CCC23)CC1
C1CCC(CC2CCC(CCC3CC3)CC2)CC1
C1CCC(C2CCC(CC3CCC4CCCCC43)CC2)CC1
C1CCC(CCCC2CCCC(CC3CCCCC3)C2)CC1
C(CCC1CCC(CCCC2CCC3CCCC3C2)CC1)CCC1CCCC(C2CCCCC2)C1
C1CCC(CCC2CCCC(CC3CCCC(C4CCCCC4)C3)C2)CC1
C1CCC(CC2CCCCC2)CC1
C1CCC(CCC2CCCC(C3CCC(C4CCCCC4)CC3)C2)CC1
C1CCC(C2CCCC(CCCCCC3CCCCC3C3CCCC3)C2)CC1
C1CCC(C2CCCC(CC3CCC(C4CCC4)CC3)C2)CC1
C1CCC(CCC2CCCC(CC3CCCCC3C3CCCCC3)C2)CC1
C1CCC(CC2CCC(CCCCC3CC(CC4CCCCC4)C4CCCCC34)CC2)CC1
C1CCC(CC2CC(C3CCCCC3)C3CCC(CC4CCC5CCCC5C4)CC23)CC1
C1CCC(CC2CCC(C3CCCCC3C3CCC4CCCC4C3)CC2)C1
C1CCC(CCC2CCCC(C3CCCCC3CCC3CCCCC3)C2)CC1
C1CCC(CC2CCC(C3CC4CCCCC4C(C4CCCCC4)C3)C2)CC1
C1CCC(C2CCCC(CCC3CCCC(C4CCCCC4)C3)C2)CC1
C1CCC(CCCCC2CC(C3CCCCC3)CCC2C2CCCCC2)CC1
C1CCC(CCC2CCCCC2C2CCCCC2)CC1
C1CCC(C2CCC(CC3CCC(CC4CC5CCCCC5C4)CC3)C(C3CCCC3)C2)CC1
C1CCC(CCC2CCCCC2C2CCC3C(CCCC3C3CCCCC3)C2)CC1
C1CCC(CC2CCCCC2)CC1
C1CCC(CCC2CCCC(CC3CCCCC3C3CCCC3)C2CCC2CCCCC2)CC1
C1CCC(CC2CCC(CC3CCCCC3)CC2)CC1
C1CCC(C2CCCCC2C2CCC(CC3CCC(C4CCCC4)CC3)CC2)CC1
C1CCC(CCCCCC2CCC(C3CCCCC3)CC2)CC1
C1CCC(CCC2CCC(C3CCCCC3)CC2)CC1
C1CCC(C2CCCC(CC3CCC(CC4CCCC4)CC3C3CCCCC3)C2)CC1
C1CCC(CC2CCC(CC3CCCCC3)CC2)CC1
C1CCC(CC2CCCCC2CC2CCCCC2C2CCC3CCCCC3C2)CC1
C1CCC(CC2CCC(C3CCCC(CC4CCCCC4)C3)CC2)CC1
C1CCC(CC2CCCCC2C2CCC(C3CCCCC3C3CCCC3)CC2)CC1
C1CCC(CCCC2CCCC(C3CCCCC3CCCCC3CC4CCCCC4C3)C2)CC1
C1CCC(C2CCC(C3CCC4CCCC4C3)CC2)CC1
C1CCC(C2CCCCC2C2CCCCC2)CC1
C1CCC(C2CCCC(C3CCCCC3C3CCCCC3)C2)CC1
C1CCC(CCCC2CC(C3CCCC(C4CCCCC4)C3)C3CCCCC23)CC1
C1CCC(CCC2CCC(C3CCCC3)CC2)CC1
C1CCC(CC2CCC(CCCC3CC(C4CCCCC4)CC(C4CCCCC4)C3)CC2)CC1
C1CCC(CC2CCCC2C2CCC(CCC3CCCC4CCCCC43)CC2)CC1
C1CCC(C2CCCCC2C2CCCCC2)CC1
C1CCC(CC2CCCCC2C2CCC(C3CCC3)CC2)CC1
C1CCC(CCC2CCCC(C3CCCCC3)C2)CC1
C1CCC(C2CCC(CC3CCC(CC4CCC5CCCC5C4)CC3)CC2)CC1
C1CCC(CC2CCCCC2C2CCC3C(CC4CCCC4)CC(C4CCC5CCCCC54)C3C2)CC1
C1CCC(C2CCCCC2C2CCCCC2C2CCCCC2)CC1
C1CCC(C2CCCCC2C2CCCCC2C2CCC(CC3CC3)CC2)CC1
C1CCC(CC2CCC(CC3CCCCC3)C(CC3CCCCC3)C2)CC1
C1CCC(CCCC2CCC(C3CCCCC3)CC2)CC1
C1CCC(CC2CCCCC2C2CCC(C3CCCCC3C3CCCC3)C2)CC1
C1CCC(CCC2CCC(CC3CCC(CCC4CC5CCCCC5C4)CC3)CC2)C1
C1CCC(CCC2CCC(CC3CCC(CC4CCCCC4)CC3)CC2)CC1
C1CCC(CC2CC(CC3CCCCC3)CC(C3CCCCC3)C2)CC1
C1CCC(CCC2CCCC(C3CCCCC3)C2)CC1
C1CCC(C2CCCC(CC3CCCC3)C2)CC1
C1CCC(CCCC2CCCC(C3CCC3)C2)CC1
C1CCC(CC2CC(C3CCCCC3)CCC2C2CCC3CCCC3C2)CC1
C1CCC(CCC2CCCC(C(C3CCCCC3)C3CCCCC3)C2)CC1
C1CCC(CC2CCC(C3CCCCC3)CC2)CC1
C1CCC(CC2CCCC(CCC3CCCCC3C3CCC4CCCCC4C3)C2)CC1
C1CCC(CC2CCC(C3CCCCC3C3CCCCC3)CC2)CC1
C1CCC(C2CCC(CC3CC4CCCCC4C3)CC2)CC1
C1CCC(CC2CCC(C3CCCC(CC4CC5CCCCC5C4)C3)CC2)CC1
C1CCC(CCC2CCC3CCCCC3C2)CC1
C1CCC(CC2CC(CCC3CC(C4CCCCC4)C4CCCCC34)C3CCCCC23)CC1
C1CCC(CC2CCCC(CC3CCCCC3)C2)CC1
C1CCC(C2CCC(CC3CCCCC3C3CCC4CCCCC4C3)CC2)CC1
C1CCC(CCC2CC(C3CCCCC3)CC(C3CCCCC3)C2)CC1
C1CCC(CCC2CCCC(C3CCCCC3)C2)CC1
C1CCC(CC2CCC(C3CCCCC3C3CCCCC3)CC2)CC1
C1CCC(C2CCC(C3CCCCC3C3CCC4CCCC4C3)CC2)CC1
C1CCC(C2CCC(C3CC(CC4CCCC4)C4CCCCC43)CC2)CC1
C1CCC(CCC2CCC(C3CC4CCCCC4C3)CC2)CC1
C1CCC(CC2CCCCC2C2CCC(C3CCCCC3)CC2)CC1
C1CCC(CCC2CCC(CC3CCCCC3)CC2)CC1
C1CCC(CC2CCC(C3CCC4CCCCC4C3)CC2)CC1
C1CCC(CC2CCCC(C3CCCCC3)C2)CC1
C1CCC(C2CCCC(C3CCCCC3)C2)CC1
C1CCC(CC2CCCC(C3CCC(C4CCCC4)CC3)C2)CC1
C1CCC(CC2CCCCC2C2CCCC(C3CCC4CCCCC4C3)C2)C1
C1CCC(CC2CCCC(CCC3CCCCC3C3CCCCC3)C2)CC1
C(CCCC(C1CCCCC1)C1CCCCC1)CCC1CC2CCCCC2C1
C1CCC(C2CCCC(C3CCCC(C4CCCCC4)C3)C2)CC1
C1CCC(CC2CCC(C3CCCCC3CC3CCCCC3)CC2)CC1
C1CCC(C2CCCCC2CC2CCCCC2CC2CCCC2)CC1
C1CCC(C2CCCC(C3CCC(C4CCCCC4)C3C3CCCCC3)C2)CC1
C1CCC(C2CCCC(CCC3CCCC(C4CCCCC4)C3)C2)CC1
C1CCC(CCC2CCC(CCC3CCCCC3)CC2)CC1
C1CCC(CCC2CCC(C3CC(CC4CCCCC4)C4CCCCC43)CC2)CC1
C1CCC(CCCCCC2CCC(C3CCCCC3)CC2)CC1
C1CCC(C2CCC(C3CCC(C4CCCCC4)CC3)CC2)CC1
C1CCC(C2CCCC(C3CCCCC3)C2)CC1
C1CCC(C2CCC(C3CCCC(C4CCCC4)C3)CC2)CC1
C1CCC(C2CCCCC2CCC2CCCCC2C2CCCCC2)CC1
C1CCC(CC2CCC(C3CCCC(C4CCCCC4)C3)CC2)CC1
C1CCC(CC2CCC(C3CCCC(CC4CC(C5CCCCC5)C5CCCCC45)C3)CC2)CC1
C1CCC(CCC2CC(CC3CCCCC3)C3CCC(C4CCCCC4)CC23)CC1
C1CCC(C2CCCC(C3CCCC(CCC4CCCC(C5CCC6CCCCC65)C4)C3)C2)CC1
C1CCC(C2CCCC(C3CCCCC3)C2)CC1
C1CCC(CC2CCCCC2)CC1
C(CCC1CCC(C2CCCC2)CC1)CCC1CCC(C2CCC3CCCCC3C2)CC1
C1CCC(CCC2CCCC(C3CCCCC3C3CCCCC3)C2)CC1
C1CCC(CCC2CCCCC2CC2CCCCC2C2CCC3CCCCC3C2)CC1
C1CCC(CC2CCC(CCCC3CCCC(C4CCCCC4)C3)CC2)CC1
C(CCC1CC1)CCC1CC(CC2CC(C3CCCC3)CCC2CC2CCCC2)C2CCCCC12
C1CCC(C2CCCCC2CCC2CC(C3CCCCC3)C3CCCCC23)CC1
C1CCC(C2CCC(C3CC4CCCCC4C3)CC2)CC1
C1CCC(C2CCCC(C(CC3CCCC(CCC4CCCC4)C3)C3CCCCC3)C2)CC1
C1CCC(CC2CCCC(CCCCCC3CCCCC3CC3CC4CCCCC4C3)C2)CC1
C1CCC(C2CCC(C3CCCC4CC(C5CCCCC5)CC43)CC2)CC1
C1CCC(CCCC2CCC(C3CCCC(C4CCCCC4)C3)CC2)CC1
C1CCC(CC2CC(CC3CC3)CC(C3CCCCC3CC3CCCCC3)C2)CC1
C1CCC(CCC2CCCC(C3CCC(CCC4CC5CCCCC5C4)CC3)C2)CC1
C1CCC(C2CC(CC3CCCC3)C3CCCCC32)CC1
C1CCC(CC2CC(C3CCCCC3)C3CCCCC23)CC1
C1CCC(CC2CC(C3CCC(C4CCCCC4)CC3)C3CCCCC23)CC1
C1CCC(C2CCC(CC3CCC(C4CCC(C5CCCCC5)CC4)CC3)CC2)CC1
C1CCC(C2CCC(C3CCCC3)CC2)CC1
C1CCC(CC2CCC(C3CCCCC3CC3CCCCC3)CC2)CC1
C1CCC(C2CCCCC2C2CCCCC2)CC1
C1CCC(C2CCCCC2C2CCCCC2)CC1
C1CCC(CCC2CCC(C3CCC(C4CC5CCCCC5C4)C3)CC2)CC1
C1CCC(CC2CCCC(CC3CCC(C4CCCC(C5CC5)C4)C3)C2)CC1
C1CCC(CC2CC(C3CCC(C4CCCCC4)CC3)C3CCCCC23)CC1
C1CCC(C2CCCC(C3CCCC(CCC4CC5CCCCC5C4)C3)C2)CC1
C1CCC(CCCC2CCCC(C3CCCCC3)C2)CC1
C1CCC(C2CCC(C3CCCCC3)C(C3CCCC3)C2)CC1
C1CCC(CC2CCC(CCC3CCC(C4CCCCC4)CC3)CC2)CC1
C1CCC(CCCC2CCC(CC3CCC(CCC4CCCC(CC5CCC6CCCCC65)C4)CC3)CC2)C1
C1CCC(CCC2CCCC(C(CC3CCCCC3)CC3CCCCC3)C2)CC1
C1CCC(C2CCC3CC(C4CCC5CCCCC54)CCC3C2)CC1
C1CCC(CCC2CC(CCC3CCC(C4CCC5CCCCC54)CC3)C3CCCCC23)CC1
C1CCC(CC2CC(C3CCCCC3)CC(C3CC4CCCCC4C3)C2)CC1
C1CCC(CC2CCC(CC3CCCC(CC4CCCC(C5CCCCC5)C4)C3)CC2)CC1
C1CCC(CC2CC(CC3CC3)CCC2C2CCCCC2)CC1
C1CCC(CC2CCCCC2C2CCCC(CC3CC3)C2)CC1
C1CCC(CCC2CCCC(C3CCCCC3)C2)CC1
C1CCC(CC2CCCC(C3CCCC(C4CCCC4)C3)C2)CC1
C1CCC(C2CCC(C3CCCCC3C3CCC4CCCC4C3)CC2)CC1
C1CCC(C2CCCC(CC3CC(C4CCC5CCCCC54)C4CCCCC34)C2)CC1
C1CCC(C2CCCCC2CCC2CCC3CC(C4CCC5CCCCC54)CC(C4CCCCC4)C3C2)CC1
C1CCC(C2CCCCC2CC2CCC(CC3CCC(C4CCCC4)CC3)CC2)CC1
C1CCC(CC2CCCC(CC3CCCCC3)C2)CC1
C1CCC(C2CCC(CCC3CCCC(C4CCC(C5CCCC(C6CCCC6)C5)CC4)C3)CC2)CC1
C1CCC(CC2CC3CCC(C4CCCCC4)CC3C(C3CCCCC3)C2)CC1
C1CCC(CC2CCCC(C3CCCC(CC4CCC5CCCCC5C4)C3)C2)CC1
C1CCC(CC2CCC(CCCC3CCCCC3CC3CCC4CCCC4C3)CC2)CC1
C(CCC1CCC(CC2CCCC(C3CCCC3)C2)CC1)CC1CCC1
C1CCC(CCC2CCC(C3CCCCC3C3CCCCC3)CC2)CC1
C1CCC(C2CC(C3CCCC3)CCC2C2CCCC(C3CCCC3)C2)CC1
C1CCC(CC2CCC(C3CCCCC3)CC2)CC1
C1CCC(CCC2CC(C3CCCCC3)CC(C3CCCC3)C2)CC1
C1CCC(CCCC2CCCC(C3CCC(CC4CCC(CCC5CCCCC5)CC4)CC3)C2)CC1
C1CCC(CC2CCC(CC3CCC(C4CCCCC4)CC3)CC2)CC1
C1CCC(C2CCCCC2C2CCC(C3CCC3)C2)CC1
C1CCC(CC2CCCC(C3CC(CC4CCCC4)C4CCCCC43)C2)CC1
C1CCC(CC2CCC3C(CCC3C3CC(C4CCCCC4)C4CCCCC43)C2)CC1
C1CCC(CC2CCCC(C3CCCCC3CC3CCCCC3)C2)CC1
C1CCC(CC2CCC(C3CCC4CCCCC4C3)CC2)CC1
C1CCC(C2CCC(C3CCCCC3)CC2)CC1
C1CCC(CC2CCCCC2CCCCCC2CCCC(C3CCCCC3)C2)CC1
C1CCC(CC(C2CCCCC2)C2CCCC(C3CCCCC3)C2)CC1
C1CCC(CCC2CCC(C3CCCCC3)CC2)CC1
C1CCC(CC2CCC(CC3CCCC(C4CC(CC5CCCCC5)C5CCCCC54)C3)CC2)CC1
C1CCC(C2CCCCC2C2CCCCC2CC2CCC(CC3CCCC3)CC2)CC1
C1CCC(C2CCCCC2C2CCCC(CC3CCC(C4CCCC4)CC3)C2)CC1
C1CCC(C2CCC(C3CCCCC3)C2)CC1
C1CCC(C2CCCCC2)CC1
C1CCC(CCC2CCCC(C3CCCCC3)C2)CC1
C1CCC(C2CCC(C3CCCCC3C3CCC4CCCCC4C3)C(C3CCCCC3)C2)CC1
C1CCC(C2CCC(CC3CCC(C4CCC4)CC3)CC2)CC1
C1CCC(CCCC2CCCC(CC3CC(C4CCCC4)C4CCCCC34)C2)CC1
C1CCC(CC2CC(C3CCC(C4CCCCC4)CC3)C3CCCCC23)CC1
C1CCC(CCCC2CCCC(C3CCCC(CCC4CC4)C3)C2)CC1
C1CCC(C2CCCCC2C2CCCCC2C2CCCCC2)CC1
C1CCC(C2CCC(C3CCCCC3)CC2)CC1
C1CCC(C2CCCCC2CCCCCC2CCC(CC3CCC4CCCCC43)CC2)CC1
C1CCC(CCCC2CCCC(C3CCCC(CC4CCCCC4)C3)C2)CC1
C1CCC(CC2CCCC(C3CCCCC3)C2)CC1
C1CCC(C2CCCCC2C2CCCC(C3CCCC(C4CCCC4)C3)C2)CC1
C1CCC(CCCCC2CCCCC2C2CCCCC2)CC1
C1CCC(CCCC2CCCC(C3CCCCC3)C2)CC1
C1CCC(CCC2CCC(CCC3CCC(C4CCCCC4)CC3)CC2)CC1
C1CCC(CCC2CCC(CC3CCCCC3)CC2)CC1
C1CCC(C2CCC(CC3CC(C4CCCCC4)CCC3C3CCCCC3)CC2)CC1
C1CCC(CC2CCCCC2C2CCCCC2C2CCCC2)C(CC2CC2)C1
C1CCC(CC2CCC(C3CCCC(CCCC4CCCC4)C3)CC2)CC1
C1CCC(C2CC(C3CCCCC3)CC(C3CCC(C4CCCC4)CC3)C2)CC1
C1CCC(CC2CCCC(CC3CCCCC3C3CCCCC3C3CCC4CCCC4C3)C2)C1
C1CCC(C2CCC(CCC3CCCC(C4CCCCC4)C3)CC2)CC1
C1CCC(CC2CCC(CC3CCCCC3)CC2)CC1
C1CCC(C2CCCCC2C2CCC3C(CCCC3C3CCCCC3)C2)CC1
C1CCC(CC2CCCCC2C2CCCC(CC3CCC(C4CCCCC4)CC3)C2)CC1
C1CCC(CC2CCC(C3CCCCC3)C2)CC1
C1CCC(C2CCCC(C3CCCC(CCCC4CCC(CC5CC6CCCCC6C5)CC4)C3)C2)CC1
C1CCC(CC2CCC3CCCC3C2)CC1
C1CCC(CC2CCC(C3CCC(C4CCC4)C(C4CCCCC4)C3)CC2)CC1
C1CCC(CCC2CCCC(CC(CCC3CCCCC3)C3CCCCC3)C2)CC1
C1CCC(CC2CCCCC2C2CCC(C3CCCC(CC4CC5CCCCC5C4)C3)CC2)CC1
C1CCC(CC2CCC(CC3CCC(CCCCC4CCCC(C5CCCCC5)C4)CC3)CC2)CC1
C1CCC2CC(CCC3CCC(C4CCCC5CCCCC54)CC3)CC2C1
C1CCC(C2CCCCC2)CC1
C1CCC(CC2CCC(CC3CCCC3)C(CC3CCCC(C4CCCCC4)C3)C2)CC1
C1CCC(CC2CCC(C3CCC4CC(C5CCCCC5)CCC4C3)C2)CC1
C1CCC(CC2CCC(C3CCCCC3CCC3CC4CCCCC4C3)CC2)CC1
C1CCC(CCC2CCC(C3CCCC(CC4CC5CC6CCCCC6C5C4)C3)CC2)CC1
C1CCC(CC2CCCCC2CCC2CCCC(C3CCCCC3)C2)CC1
C1CCC(C2CCCCC2)CC1
C1CCC(CC2CCC3CC(C4CCC5CCCCC54)CC(CC4CCCCC4)C3C2)CC1
C1CCC(CCC2CCCC(C3CCC(CCC4CC4)CC3)C2)CC1
C1CCC(CCCC2CCC(C3CCCCC3)CC2)CC1
C1CCC(C2CCC(C3CCCCC3C3CCC4CCCC4C3)CC2)CC1
C1CCC(CCC(CC2CCCCC2)C2CCCC(CC3CCCCC3)C2)CC1
C1CCC(CC2CCC(CC3CCCCC3)CC2)CC1
C1CCC(CC2CCC(CC3CCCCC3)CC2)CC1
C1CCC(CCCCC2CCCC(C3CCC3)C2)CC1
C1CCC(C2CCCC(C3CCCCC3)C2)CC1
C1CCC(C2CCC(CCCC3CCC(C4CCC(C5CCCCC5)CC4)CC3)CC2)CC1
C1CCC(CC2CC(C3CCCCC3)CCC2C2CCCCC2)CC1
C1CCC(C2CCC(C3CCCC(C4CCCC(C5CCC5)C4)C3)CC2)CC1
C1CCC(CCCC2CCC(C3CCC(C4CCCCC4)CC3)CC2)CC1
C1CCC(C2CCCC(CCC3CCCC(C4CCCCC4)C3)C2)CC1
C1CCC(C2CCC(C3CCCCC3C3CCCCC3)CC2)CC1
C1CCC(CCCCCC2CCCCC2)CC1
C1CCC(CCC2CCC(C3CCC(C4CCC5CCCCC54)CC3)CC2)CC1
C1CCC(C2CCCC(C3CCCCC3)C2)CC1
C1CCC(CC2CCC(CC(CC3CCCCC3)C3CCCCC3)CC2)CC1
C1CCC(CC2CCCC(CC3CCCCC3C3CCCCC3)C2)CC1
C1CCC(CC2CCC(CCC3CCCCC3CC3CCCCC3)CC2)CC1
C1CCC(CC2CCCCC2C2CCCC(C3CCCCC3)C2)CC1
C1CCC(CC2CCC(C3CCCCC3CC3CCCCC3)CC2CC2CCCCC2)CC1
C1CCC(CC2CCCC(C3CCCCC3C3CCCC3)C2)CC1
C1CCC(CC2CCC(C3CCCCC3)CC2)CC1
C1CCC(CC2CCCCC2CCCC2CCC(C3CCCC3)CC2)CC1
C1CCC(CC2CCCCC2C2CCCCC2C2CCCCC2)CC1
C1CCC(CCC2CCC(C3CCCC(C4CCC4)C3)CC2)CC1
C1CCC(CC(C2CCCCC2)C2CCCCC2C2CCCCC2)CC1
C1CCC(CC2CCC(C3CCC(C4CCCCC4)CC3)CC2)CC1
C1CCC(C2CCC(CC3CC(CC4CCCC4)C4CCCCC34)CC2)CC1
C1CCC(CCC2CC(C3CCCCC3)C3CCC(CC4CCCCC4)CC23)CC1
C1CCC(CCC2CCC(CC3CCCCC3)CC2)CC1
C1CC(CCC2CCCC(C3CCC(C4CCCC4)CC3)C2)CC(CC2CC3CCCCC3C2)C1
C1CCC(CC2CCC(CC3CCCCC3C3CCCCC3)CC2)CC1
C1CCC(CC2CCC(CC3CCC(CC4CCCC4)CC3)CC2)CC1
C1CCC(CCCC2CCCCC2C2CCCCC2C2CCCC2)C1
C1CCC(C2CCCCC2)CC1
C1CCC(CC2CCCCC2)CC1
C1CCC(C2CC(CCC3CCCC(C4CCCC4)C3)C3CCCCC32)CC1
C1CCC(CC2CCC(CCC3CCCCC3CC3CCCCC3)CC2)CC1
C1CCC(CC2CCCCC2)CC1
C1CCC(C2CCCC3CC(C4CCC5CCCCC5C4)CCC32)CC1
C1CCC(C2CCCC(C3CCCC4CCCCC43)C2)CC1
C1CCC2CC(CCCC3CC(C4CCCCC4C4CCCC4)C4CCCCC34)CC2C1
C1CCC(CCC2CCC(C3CCCC(CCC4CCCCC4)C3)CC2)CC1
C1CCC(CCCC2CCCC(C3CCCC(CCC4CCCCC4)C3)C2)CC1
C1CCC(CCCC2CC(C3CCCC(C4CCCCC4)C3)C3CCCCC23)CC1
C1CCC(CC2CCC3CCC(CC4CCCCC4)CC3C2)CC1
C1CCC(CCC2CCCC(C3CCCC(CC4CCCC4)C3)C2)CC1
C1CCC(CC2CCC(CCCC3CCCC(C4CCCCC4)C3)CC2)CC1
C1CCC(C2CCCC(CCC3CCCCC3C3CCCCC3)C2)CC1
C1CCC(C2CCC(C3CCCC(C4CCCC4)C3)CC2)CC1
C1CCC(CC2CCC(C3CCCCC3)CC2C2CCCC2)CC1
C1CCC(CC2CCC(CC3CCC(CC4CCCCC4)CC3)CC2)CC1
C1CCC(C2CCCC(CCCC3CCCC(C4CCC(C5CCCC5)CC4)C3)C2)CC1
C1CCC(CC2CCC(C3CCCCC3)C(C3CCCC3)C2)CC1
C1CCC(CC2CCCC(CCC3CCCC4CCCCC43)C2)CC1
C1CCC(CCCC2CCC(CC3CCCCC3)CC2)CC1
C1CCC(CC2CCC(C3CCC(C4CCC(CC5CCCC5)CC4)C3)CC2)CC1
C1CCC(C2CCCC(C3CCCC3)C2)CC1
C1CCC(CC2CCCCC2C2CCCCC2)CC1
C1CCC(C2CCCCC2CCC2CCCCC2C2CCCC2)CC1
C1CCC(CC2CC3CCC(C4CCCCC4)CC3C(C3CCCCC3)C2)CC1
C1CCC(C2CCCCC2CC2CCCCC2C2CCC2)CC1
C1CCC(CCC2CCCC(C3CCCC(CC4CCCC(C5CCC(CC6CCCCC6)CC5)C4)C3)C2)CC1
C1CCC(CCC2CCC(C3CCC(CC4CCCCC4)CC3)CC2)CC1
C1CCC(CCC2CCC(CCC3CCCCC3)CC2)CC1
C1CCC(C2CCCCC2C2CCC3CCCCC3C2)CC1
C1CCC(CC2CCC(CC3CCCCC3)CC2)CC1
C1CCC(C(CCCCC2CCCC2)CC2CCCCC2C2CCCCC2)CC1
C1CCC(C2CCCC(C3CCCCC3)C2)CC1
C1CCC(CCCC2CCC(CC3CCC(C4CCCC(CCCC5CCCCC5)C4)CC3)CC2)CC1
C1CCC(C2CCC(CCC3CCC(C4CCCCC4)C(C4CCCC4)C3)CC2)CC1
C1CCC2C(C1)CCC2C1CCC(CC2CCC(C3CCC(C4CCCC4)C3C3CCC3)CC2)CC1
C1CCC(CC2CCC(CC3CCC4CCCC4C3)CC2)CC1
C1CCC(CC2CCCCC2CC2CCCCC2)CC1
C(CCCC1CCC(CC2CCCCC2)CC1)CCC1CCCCC1
C1CCC(C2CCCCC2C2CCCC(CC3CCCC3)C2)CC1
C1CCC(CCC2CCC(CC3CCCCC3C3CCCCC3)CC2)CC1
C1CCC(C2CCCC(C3CC(C4CCCCC4)CC(C4CCCCC4)C3)C2)CC1
C1CCC(CC2CCC3CCC(C4CCCCC4C4CCCCC4)C3C2)CC1
C1CCC(CCCC2CCCC(CC3CCCCC3)C2)CC1
C1CCC(CC2CCCC(CCC3CCC(CCC4CCC(C5CCCCC5)CC4)CC3)C2)CC1
C1CCC(CCC2CCCC(CC3CCC(CC4CCCC(CC5CCCCC5)C4)CC3)C2)CC1
C1CCC(CC2CCC(C3CC(CC4CCCCC4)C4CCCCC43)CC2)CC1
C1CCC(CC2CC(C3CCCC(C4CCCCC4)C3)C3CCCCC23)CC1
C1CCC(CCCCC2CCC(CC3CCC(CC4CC4)CC3)CC2)CC1
C1CCC(CC2CCC(CCCC3CCCC(CC4CCC4)C3)CC2)CC1
C1CCC(C2CCCC(CCCC3CCC(CCC4CCC(CC5CCCC5)CC4)CC3)C2)CC1
C1CCC(CC2CCCCC2CC2CCCC(C3CCCCC3)C2)CC1
C1CCC(CCCCC2CCC(C3CCCCC3)CC2)CC1
C1CCC(CC2CCCC(C3CCCC(C4CC4)C3)C2)CC1
C1CCC(C2CCCC(C3CCCCC3)C2)CC1
C1CCC(C2CCCCC2)CC1
C1CCC(C2CCC(C3CCC(C4CCCC(C5CC5)C4)CC3)CC2)CC1
C1CCC(C2CCC(C3CCC(CCC4CCCC(C5CCCCC5)C4)CC3)CC2)CC1
C1CCC(C2CCC(CC3CCC(C4CCCCC4)CC3)CC2)CC1
C1CCC(CCCCC2CCC(C3CCC(CCC4CCCC4)CC3)CC2)CC1
C1CCC(CCCC2CCC(C3CCCCC3)CC2)CC1
C1CCC(C2CCCC(CC3CC(C4CCCCC4)C4CCCCC34)C2)CC1
C1CCC(C2CC(C3CCCCC3)C3CCCCC23)CC1
C1CCC(CC2CCCC(CC3CCC(C4CCCCC4)CC3)C2)CC1
C1CCC(CC2CCC(C3CCCCC3)CC2)CC1
C1CCC(CC2CCC(C3CC3)CC2CCCCCC2CCC(C3CCCCC3)CC2)CC1
C1CCC(CCC2CCC(CC3CCCCC3)CC2)CC1
C1CCC(CCC2CCC3CC(CC4CCC(C5CC5)CC4)CCC23)CC1
C1CCC(CCC2CCCCC2)CC1
C1CCC(C2CCCC3CCC(C4CCCCC4C4CCC(CC5CC5)CC4)CC32)CC1
C1CCC(CCC2CCCCC2C2CCC(CC3CC4CCCCC4C3)CC2)CC1
C1CCC(C2CCCC(C3CCCCC3)C2)CC1
C1CCC(C2CCCCC2CC2CCCC(C3CCCC(C4CCCC4)C3)C2)CC1
C1CCC(CCCCCC2CCCC(C3CCCC(C4CCCCC4)C3)C2)CC1
C1CCC(C2CCC(C3CCCCC3C3CCCCC3C3CCCCC3)CC2)CC1
C1CCC(CCCC2CCCC(CCCCC3CCC4CCCC4C3)C2)CC1
C1CCC(C2CC(C3CCC3)CC(C3CCCC(CC4CCC5CCCCC54)C3)C2)CC1
C1CCC(CC2CCC(CC3CCCCC3)C(CC3CCC(C4CCCCC4)CC3)C2)CC1
C1CCC(C2CCCCC2C2CCCC(CC3CCC4C(CCC4C4CCCC4)C3)C2)C1
C1CCC(CC2CC(C3CCCC(C4CCCCC4)C3)C3CCCCC23)CC1
C1CCC(CC2CCCC(C3CCCC3)C2)CC1
C1CCC(CCC2CCCC(C3CCC3)C2CCC2CCC(C3CCC4CCCC4C3)CC2)CC1
C1CCC(C2CCCCC2CC2CCC(C3CCCCC3C3CCCCC3)C2)CC1
C1CCC(CCC2CCCC3CCCCC32)CC1
C1CCC(CC2CCC(CC3CCCC4CCCCC43)CC2)CC1
C1CCC2CC(CC3CCC(CCC4CC(C5CCCC5)C5CCCCC45)CC3)CCC2C1
C1CCC(C2CC(C3CCCCC3)C3CCCCC23)CC1
C1CCC(CCCC2CCC(CC3CCC(CC4CCCCC4)CC3)CC2)CC1
C1CCC(CCCC2CCC(CCC3CCCC(C4CCC4)C3)CC2)CC1
C1CCC(CC2CCC(CCC3CCCCC3C3CCCCC3)CC2)CC1
C1CCC(C2CC(C3CCC4CCCCC4C3)C3CCCCC23)CC1
C1CCC(CCCCC2CCCC(CC3CCCCC3)C2)CC1
C1CCC(CCCC2CCC(C3CCC(C4CCCCC4)CC3)CC2)CC1
C1CCC(C2CCCCC2)CC1
C1CCC(CCC2CC(CC3CCCCC3)CCC2CC2CCC(C3CCCCC3)C2)CC1
C1CCC2C(C1)CCCC2C1CCCCC1C1CCC(C2CC2)CC1C1CCCC1
C1CCC(CC2CC(C3CC3)CCC2C2CCCCC2)CC1
C1CCC(C2CCCCC2)CC1
C1CCC(CCCCC2CCCCC2CC2CCC(CCC3CCCCC3)CC2)CC1
C1CCC(CCCC2CCC(C3CCCCC3)CC2)CC1
C1CCC(CCC2CCCC(C3CCC(C4CCCC4)CC3)C2)CC1
C1CCC(CC2CCCCC2C2CCCCC2CCC2CCC3CCCCC32)CC1
C1CCC(CC2CCCC(C3CCCC(C4CCCCC4)C3)C2)CC1
C1CCC(CC2CCCC(CCC3CCCC(C4CCC(C5CCC6CCCCC65)CC4)C3)C2)CC1
C1CCC(C2CC3CCC(C4CCCCC4)CC3C(C3CCCCC3)C2)CC1
C1CCC(CC2CCC(CC3CCC(CC4CC5CCCCC5C4)CC3)CC2)CC1
C1CCC(C2CCC(C3CCCCC3C3CCCCC3)CC2)CC1
C1CCC(CC2CCC(CC3CCCCC3C3CCCCC3)CC2)CC1
C1CCC(C2CCC(C3CCCCC3)CC2)CC1
C1CCC(C2CCC(C3CCC(C4CCCC4)CC3)CC2)CC1
C1CCC(CC2CCC(CCC3CC(C4CCCCC4)C4CCCCC34)CC2)CC1
C1CCC(CC2CCCC(C3CCCC(C4CCCCC4)C3)C2)CC1
C1CCC(C2CC(C3CCCCC3)C3CCCCC23)CC1
C1CCC(C2CCC(C3CCCCC3)CC2)CC1
C1CCC(CCC2CCC3C(CCCC3C3CCCC(C4CCCCC4)C3)C2)CC1
C1CCC(CC2CCC(C3CCCCC3)CC2)CC1
C1CCC(C2CCC(C3CCCCC3)CC2)CC1
C1CCC(CCC2CCCCC2C2CCCCC2)CC1
C1CCC(CCC2CCC(CC3CCCC(C4CCCC(CC5CCCCC5)C4)C3)CC2)CC1
C1CCC(C2CCCC(C3CC(C4CCCCC4)CC(C4CC4)C3)C2)CC1
C1CCC(C2CCCC(C3CCCCC3C3CCCC(C4CCCC4)C3)C2)CC1
C1CCC(CCCCCC(C2CCCCC2)C2CCCC(C3CCC3)C2)CC1
C1CCC(CCCC2CCC(C3CCC(C4CCCCC4)CC3)CC2)CC1
C1CCC(CC(C2CCCC(C3CCC3)C2)C2CCCCC2CC2CC3CCCCC3C2)CC1
C1CCC(C2CC(CCC3CCC4CCCCC43)CC(C3CCCCC3)C2)CC1
C1CCC(C2CCCC(C3CCCCC3)C2)CC1
C1CCC(CCCCC2CCCC(C3CCC(CC4CCCCC4)CC3)C2)CC1
C1CCC(CCCCC2CCCC(C3CCCCC3)C2)CC1
C1CCC(C2CCC(C3CCCCC3)C(C3CCCC3)C2)CC1
C1CCC(CC2CCC(CC3CCCC(C4CCCCC4)C3)CC2)CC1
C1CCC(C2CCC3CC(C4CCC5CCCCC54)CC(C4CCCCC4)C3C2)CC1
C1CCC(C2CCC(C3CCCCC3CC3CCCC4CCCCC43)CC2)CC1
C1CCC(CC2CCC(C3CCCC(CC4CCCCC4CC4CCCC4)C3)CC2)CC1
C1CCC(C2CCC(C3CCC(C4CCC4)CC3)CC2)C1
C1CCC(CC2CCCCC2C2CCCCC2)CC1
C1CCC(CCCC2CCCCC2C2CCCC(C3CCCCC3)C2)CC1
C1CCCCC1
C1CCC(C2CCC(CC3CCC(C4CCC(C5CCCC5)CC4)C3)CC2)CC1
C1CCC(CCC2CCCCC2CC2CCCCC2)CC1
C1CCC(C2CC(C3CCCCC3)C3CCCCC23)CC1
C1CCC(CC2CCC(C3CCCC(C4CCCC4)C3)CC2)CC1
C1CCC(C2CCCCC2C2CCCCC2C2CCCCC2)CC1
C1CCC(C2CCCC(CC3CCC(C4CCCCC4)C3)C2)CC1
C1CCC(CCC2CCCCC2C2CCC3CCCCC3C2)CC1
C1CCC(C2CCC(C3CCC3)CC2)CC1
C1CCC(C2CCCC(C3CCC4CCC(C5CCCCC5)CC4C3)C2)CC1
C1CCC(C2CCCC(C3CCCCC3)C2)CC1
C1CCC(C2CCC(CC3CCCCC3CC3CC4CCCCC4C3)CC2)CC1
C1CCC(C2CCC(C3CCCC(CCCC4CC5CCCCC5C4)C3)CC2)CC1
C1CCC(C2CCCC(C3CCC(CC4CCC(C5CCC5)CC4)CC3)C2)CC1
C1CCC(CCC2CC(C3CCC4CCCCC43)CC3CCCCC32)CC1
C1CCC(C2CCCC(CC3CCCC(C4CCCC(C5CCCCC5)C4)C3)C2)CC1
C1CCC(CC2CCCCC2C2CCCCC2)CC1
C1CCC(C2CCCC(C3CCCCC3)C2)CC1
C1CCC(CC2CCC(CC3CCCC(C4CCCCC4)C3)CC2)CC1
C1CCC(CCC2CCCCC2C2CC(CC3CCCCC3)C3CCCCC32)CC1
C1CCC(C2CCCC(CCC3CCCCC3C3CCC(C4CCC5CCCCC5C4)CC3)C2)CC1
C1CCC(C2CCC(CC3CCC(CCCC4CCCC5CCCCC54)CC3)CC2)CC1
C1CCC(C2CCC(C3CCCC(C4CCCC(C5CCC(C6CC6)CC5)C4)C3)CC2)C1
C1CCC(C2CCCC3CC(C4CCCCC4C4CCC(C5CCCC5)CC4)CCC32)CC1
C1CCC(CC2CCCC(C3CCCCC3)C2)CC1
C1CCC(C2CCCC(C3CCCCC3C3CCCC(C4CCCCC4)C3)C2)CC1
C1CCC(CC2CCC(C3CCCCC3C3CCCCC3)C2)CC1
C1CCC(CC(C2CCCCC2)C2CCCCC2)CC1
C1CCC(C2CCCCC2C2CCC(C3CCCC(C4CCCC4)C3)CC2)CC1
C1CCC(CC2CCC(C3CCCC(CCC4CCCCC4C4CCCCC4)C3)CC2)CC1
C1CCC(C2CCC(CC3CCC(C4CCC(C5CCCCC5)CC4)CC3)CC2)CC1
C1CCC(CC2CCCCC2C2CCC(C3CCCCC3)C2)CC1
C1CCC(CC2CCCCC2CC2CC3CC(C4CCCCC4C4CCCC(C5CC5)C4)CCC3C(C3CC3)C2)CC1
C1CCC(CC2CCC(C3CCCCC3)CC2)CC1
C1CCC(CC2CCCCC2C2CCC(C3CCCCC3)CC2)CC1
C1CCC(C2CCC(C3CCC(CC4CCCC4)CC3)CC2)CC1
C1CCC(CCCCC2CCC(CC3CCCCC3)CC2CCC2CC3CCCCC3C2)CC1
C1CCC(CC2CCC(C3CCCC(C4CCCCC4)C3)CC2)CC1
C1CCC(CC2CC(CCC3CCCC(C4CCCCC4)C3)CC(C3CCCCC3)C2)CC1
C1CCC(C2CCC(C3CC(C4CCCCC4)C3)CC2)CC1
C1CCC(CC2CCC(CC3CCCC(C4CCCCC4)C3)CC2)CC1
C1CCC(CCCC2CCC(C3CC3)C(C3CCCC(C4CCCC4)C3)C2)CC1
C1CCC(C2CCCC(C(CC3CC4CCCCC4C3)C3CCCCC3)C2)CC1
C1CCC(CCC2CCCC3CC(C4CCCCC4CC4CCCC4)CCC23)CC1
C1CCC(C2CCCC(C3CCC(CCC4CCC(C5CCC6CCCCC65)CC4)CC3)C2)CC1
C1CCC(C2CCCC(CCC3CC4CCCCC4C3)C2)CC1
C(CCCCC1CC(CC2CCCCC2)CCC1CC1CC1)CCCC1CCCCC1
C1CCC(C2CCC(C3CCCCC3C3CCC(CC4CC5CCCCC5C4)CC3)CC2)C1
C1CCC(C2CCCCC2C2CCCC2)CC1
C1CCC(CCC2CCCCC2C2CCC3CCCCC3C2)CC1
C1CCC(CC2CCCC(C3CCCCC3C3CCCC3)C2)CC1
C1CCC(CCCC2CCC(CC3CCCCC3)CC2)CC1
C1CCC(CCCCC2CC(C3CCCCC3)CC2C2CCC3CCCC3C2)CC1
C1CC(C2CCC(CC3CCCCC3C3CCCC3)CC2)C1
C1CCC(CCCC2CCC(CCC3CCC(CC4CCCCC4)CC3)CC2)CC1
C1CCC(C2CCCCC2C2CCCCC2)CC1
C1CCC(CCCCC2CCC(CCC3CCCCC3)CC2)CC1
C1CCC(CC2CCC(C3CCCCC3)CC2C2CCCCC2)CC1
C1CCC(CCC2CCCC(C3CCCC(CCC4CCCCC4)C3)C2)CC1
C1CCC(C2CCCC(C3CCCCC3C3CCCCC3)C2)CC1
C1CCC(C2CCCCC2C2CCCCC2)CC1
C1CCC(CCCC2CCCC(CC3CCC(C4CCCC4)CC3C3CCCCC3)C2)CC1
C1CCC(CC2CCC(C3CCC(CCC4CC4)CC3)CC2)CC1
C1CCC(CCC2CC(C3CCCCC3)CCC2C2CCCCC2C2CCCCC2)CC1
C1CCC(CC2CCC(C3CCCCC3)CC2)CC1
C1CCC(CCCCCC2CCC(C3CCCC3)C(C3CCCCC3)C2)CC1
C1CCC(CC2CCCCC2C2CCC(C3CCCCC3)C2)CC1
C1CCC(CC2CCCC(CC3CCCCC3C3CCCCC3)C2)CC1
C1CCC(CCCC2CCC(C3CCCCC3)CC2)CC1
C1CCC(CC2CCCC(C3CCCCC3)C2)CC1
C1CCC(CCC2CCC(CC3CCC(CC4CCCCC4)CC3)CC2)CC1
C1CCC(C2CCCC(CC3CC4CCCCC4C3)C2)CC1
C1CCC(CCC2CCCC(CCCC3CCCC3)C2)CC1
C1CCC(C2CCCC(C3CCCCC3C3CCC(C4CCCC4)CC3)C2)CC1
C1CC2CCC(CC3CCC(C4CCCCC4C4CCC5CCCC5C4)CC3)CC2C1
C1CCC(CC2CCCC(C3CCCCC3)C2)CC1
C1CCC(C2CCCC(C3CCCCC3)C2)CC1
C1CCC(C2CCCC(C3CCCC(C4CCC(C5CCCC5)CC4)C3)C2)CC1
C1CCC(CCC2CCC(C3CCCC(C4CCCCC4)C3)CC2)CC1
C1CCC(CC2CCC(CC3CCC(CC4CC4)CC3)CC2)CC1
C1CCC(C2CCCCC2C2CCC3CCCC3C2)CC1
C1CCC(C2CCC(CCCC3CCCCC3C3CCCCC3C3CCCC3)CC2)CC1
C1CCC(CC2CCC(C3CC(CC4CCCCC4)C4CCCCC43)CC2)CC1
C1CCC(CCC2CCC(CC3CCCC(C4CCC(C5CCCC5)C4)C3)CC2)CC1
C1CCC(CCCC2CCC(C3CCC4C(CCC5CCC6CCCC6C5)CCC4C3)CC2)CC1
C1CCC(CC2CCCC(C3CC(C4CCCCC4)CCC3CC3CCCCC3)C2)CC1
C1CCC(C2CCCCC2C2CCCC(CCCC3CCCCC3CC3CC4CCCCC4C3)C2)CC1
C1CCC(C2CCC(C3CCCCC3C3CCC4CCCCC43)C2)CC1
C1CCC(CCCC2CCCC(CC3CCCCC3CC3CCC(CCC4CCCCC4)CC3)C2)CC1
C1CCC(C2CCCC(C3CCCCC3)C2)CC1
C1CCC(C2CCC(CCC3CCCCC3C3CCCC(C4CCCCC4)C3)C2)CC1
C1CCC(CC2CCC(CC3CCCC3)CC2)CC1
C1CCC(CC2CC(C3CCC(C4CCCCC4)CC3)C3CCCCC23)CC1
C1CCC(CC2CCCCC2C2CCCCC2)CC1
C1CCC(CCC2CCCC(C3CCCC(C4CCCC4)C3)C2)CC1
C1CCC(C2CCCC(C3CCCCC3C3CCCCC3)C2)CC1
C1CCC2CC(C3CCCCC3C3CCC(C4CCCC4)C(C4CCCC4)C3)CCC2C1
C1CCC(C2CCC(C3CC4CCCCC4C3)CC2)C1
C1CCC(CCC2CCC(CC3CCCC(CC4CCCCC4C4CCCCC4)C3)CC2)CC1
C1CCC(C2CC(C3CCCCC3)CC(C3CCC(C4CCCC4)CC3)C2)CC1
C1CCC(C(C2CCCCC2)C2CCCCC2CCC2CC2)CC1
C1CCC(C2CCC(C3CCCC(CC4CC5CCCCC5C4)C3)CC2)CC1
C1CCC(CC2CCCC(C3CCCCC3)C2)CC1
C1CCC(CCCC2CCC(CC3CCCCC3)C(CC3CCCCC3)C2)CC1
C1CCC(CC2CCC(C3CCCCC3)CC2C2CCCCC2)CC1
C1CCC(C2CCCC(C3CCCCC3CCCC3CCC4CCCC4C3)C2)CC1
C1CCC(CC2CCCC(CC3CCCCC3C3CCC(C4CCCCC4C4CCCC4)CC3)C2)C1
C1CCC(CCCC2CCC(C3CCCCC3C3CCCCC3)CC2)CC1
C1CCC(CCCC2CCC(C3CCCCC3)CC2CCC2CCCCC2)CC1
C1CCC(CC2CCC(CCCC3CC(CC4CCCCC4)C4CCCCC34)CC2)CC1
C1CCC(CCC2CCC(C3CCC(CC4CCCCC4)CC3)CC2)CC1
C1CCC(C2CCC(CC3CCCCC3C3CCCCC3)CC2)CC1
C1CCC(C2CCCCC2C2CCCC(C3CCC4CCCCC43)C2)CC1
C1CCC(CC2CCC3CCCCC3C2)CC1
C1CCC(CCCCC2CCCC(C3CCCC(CC4CCCCC4)C3)C2)CC1
C1CCC(CCC2CCCC(CC3CCC4CCCCC4C3)C2)CC1
C1CCC(CCC2CCC(CC3CCCCC3)CC2)CC1
C1CCC(CC2CCCCC2CCC2CCC(C3CCCCC3)CC2)CC1
C1CCC(CCC2CCC(CCCC3CCC(C4CCCCC4)CC3C3CCCCC3)CC2)CC1
C1CCC(CC2CCC(CC3CCC(CC4CCCC4)CC3)CC2)CC1
C1CCC(C2CCC(CC3CCCCC3C3CCC4C(CCCC4C4CCCCC4)C3)CC2)CC1
C1CCC(CC2CCCC(C3CCC(CCC4CCCC(C5CCCCC5)C4)CC3)C2)CC1
C1CCC(CC2CCCCC2C2CCCCC2CC2CCCCC2)CC1
C1CCC(CCC2CCC(CCC3CCC(C4CCCC5CCCCC54)CC3)CC2)CC1
C1CCC(CC2CCCCC2C2CCCC(C3CCC(CCCC4CCCC4)CC3)C2)CC1
C1CCC(C2CCCC(CCCCC3CCC(CCCC4CC5CCCCC5C4)CC3)C2)CC1
C1CCC2CC(C3CCCC(C4CCC5CCCCC5C4)C3)CCC2C1
C1CCC(CC2CCC3C(CC4CCCCC4)CC(CC4CCCCC4)C3C2)CC1
C1CCC(CC2CC(C3CCC(C4CCCCC4)CC3)C3CCCCC23)CC1
C1CCC(CCCCCC2CCC(CC3CCC(CC4CCCCC4)CC3)CC2)CC1
C1CCC(CC2CC(C3CCCCC3)CC3CCCCC32)CC1
C1CCC(CC2CCC(C3CCCCC3)CC2)CC1
C1CCC(CCCC2CCC(CC3CCCCC3CC3CCCCC3CC3CCCCC3)CC2)CC1
C1CCC(CCCC2CCCCC2CC2CCC(C3CCCC3)CC2)CC1
C1CCC(CC2CCCC(C3CCCC4CC(C5CCCC(C6CCCCC6)C5)CC43)C2)CC1
C1CCC(CCCC2CCCC(CC3CC3)C2)CC1
C1CCC(CC2CCCCC2C2CCCCC2)CC1
C1CCC(C2CCCCC2)CC1
C1CCC(C2CCCC(C3CCCCC3C3CCCC3)C2)CC1
C1CCC(CC2CCC(C3CCCCC3)CC2)CC1
C1CCC(C2CCCCC2C2CCC3C(CCCC3C3CCCCC3)C2)CC1
C1CCC(CC2CC3CCC(CC4CC5CCCCC5C4)CC3C(C3CCCCC3)C2)CC1
C(CCCC1CCC(CC2CCCCC2)CC1)CCC1CCCCC1
C1CCC(CC2CCC(CCCCC3CCC(CC4CCC(CC5CCCCC5)CC4)CC3)CC2)CC1
C1CCC(C2CCC(C3CCCCC3CCCC3CCC(C4CCCC4)CC3)CC2)CC1
C1CCC(C2CCC(C3CCCCC3)CC2)CC1
C1CCC(CCC2CCCC(CC3CCCCC3CC3CCCCC3)C2)CC1
C(CCCC1CCC(C2CCCCC2)CC1)CCC1CCCCC1
C1CCC(C2CCC(CC3CC(CC4CCCC4)C4CC(C5CCCCC5)CCC34)CC2)CC1
C1CCC(CC2CCC(CCC3CCC(C4CCCC(CC5CC5)C4)CC3)CC2)CC1
C1CCC(CC2CCC(CC3CCC(C4CCCCC4)C3)CC2)CC1
C1CCC(CCC2CCCC(CCC3CCCCC3)C2CCC2CCCCC2)CC1
C1CCC(C2CCC(CCC3CCCC(C4CCCCC4)C3)CC2)CC1
C1CCC(CC2CCC(CC3CCCC(C4CCCCC4)C3)CC2)CC1
C1CCC(CC2CCC(CC3CCCCC3)CC2)CC1
C1CCC(CCC2CCCCC2)CC1
C1CCC(CCCC(C2CCCCC2)C2CCC(C3CCCCC3)CC2)CC1
C1CCC(CC2CCCCC2CCCCC2CCC(C3CCCCC3C3CCCC3)CC2)CC1
C1CCC(CCC2CCC(CCC3CCCCC3)CC2)CC1
C1CCC(CC2CCC(C3CCCC(CC4CCCCC4)C3)CC2)CC1
C1CCC(CCCC2CCCC(CCC3CCC(CC4CCCCC4)CC3)C2)CC1
C1CCC(CCC2CCC(C3CCCCC3C3CC4CCCCC4C3)CC2)CC1
C1CCC(CC2CCCC(C3CCCC(C4CCCCC4)C3)C2)CC1
C1CCC(CC2CCCC3CC(C4CCCCC4C4CCCCC4C4CCCCC4)CCC23)CC1
C1CCC(C2CCC(C3CCCCC3)CC2)CC1
C1CCC(CC2CC(C3CCCCC3)CC(C3CCCC3)C2)CC1
C1CCC(C2CCCC(C3CCCCC3)C2)CC1
C1CCC(C2CC(CC3CCC(C4CC5CCCCC5C4)CC3)C3CCCCC32)CC1
C1CCC(CCCC2CCCC(C3CCCCC3CCCCC3CC4CCCCC4C3)C2)CC1
C1CCC(CCC2CCCC(CC3CCCC(CCC4CC5CCCCC5C4)C3)C2)CC1
C1CCC(C2CCC(CC3CCCCC3C3CCC(C4CCCCC4)C3)CC2)CC1
C1CCC(CC2CCC(C3CCCCC3C3CCC(CCC4CCCC4)CC3)CC2)CC1
C1CCC(C2CCCC(C3CCCC3)C2)CC1
C1CCC(CCC(CCCCC2CCCC(C3CCCCC3)C2)CC2CCCCC2)CC1
C1CCC(C2CCCCC2CC2CCC3CC(C4CCC5CCCCC54)CC(CC4CC4)C3C2)C1
C1CCC(C2CCCC(C3C(C4CCC(CC5CCCCC5C5CCCC5)CC4)CCC3C3CC3)C2)CC1
C1CCC(CCC2CCCC(C3CCCCC3)C2)CC1
C1CCC(CCC2CCC3CC(C4CC(C5CCCC5)CCC4C4CCC5CCCC5C4)CCC23)CC1
C1CCC(C2CCCC(C3CCC(C4CC4)CC3)C2)CC1
C1CCC(CC2CCC(C3CCCCC3)CC2)CC1
C1CCC(CC2CCCC(CC3CCC4CC(C5CCC(C6CCCCC6)CC5)CCC34)C2)CC1
C1CCC(CC2CCCCC2C2CCC(CC3CC3)CC2)CC1
C1CCC(CCC2CCC(CC3CCC(CCC4CCCCC4)CC3)CC2)CC1
C1CCC(CC2CCC(CCC3CCCC(CC4CCCCC4)C3)CC2)CC1
C1CCC(CC2CCC(CCCC3CCCC(C4CCCC(C5CCCCC5)C4)C3)C2)CC1
C1CCC(C2CCC(CC3CCC(C4CCCCC4C4CCCC4)CC3)CC2)C1
C1CCC(CCC2CCCC3CCCCC32)CC1
C1CCC(C2CCCC(C3CC(CC4CC4)CC(C4CCCCC4)C3)C2)CC1
C1CCC(CC2CCC(CC3CCCC(C4CCCC4)C3)CC2)CC1
C1CCC(C2CCC(CC3CCC(CCC4CC5CCCCC5C4)CC3)C(C3CCCCC3)C2)CC1
C1CCC(CC2CCC(C3CCCCC3C3CCCC3)CC2)CC1
C1CCC(CCC2CCCC(CC3CC(CC4CCCCC4)C4CCCCC34)C2)CC1
C(CCC1CC2CCCCC2C1)CC1CCCC(CC2CC3CCCCC3C2)C1
C(CCC1CCC(C2CCCC2)CC1)CCC1CCCC(C2CCCC2)C1
C1CCC(CCCCC2CCC(CC3CCCCC3)CC2)CC1
C1CCC(C2CC(C3CCC4CCC(C5CCCCC5)C(C5CCCCC5)C43)CC3CCCCC32)CC1
C1CCC(CCCC2CCC(CCCCC3CCCC(C4CCCCC4C4CCCCC4)C3)CC2)CC1
C1CCC(CC2CCC(C3CCCCC3)C(C3CCCC3)C2)CC1
C1CCC(C2CCC(C3CCC(CCCCC4CC4)CC3)CC2)CC1
C1CCC2CC(CCC3CCC(C4CC5CCCCC5C4)CC3)CC2C1
C1CCC(CCCC2C(CCC3CCCCC3)CC(C3CCCCC3)CC2C2CC2)CC1
C1CCC(C2CCCC(C3CCC4CCCC4C3)C2)CC1
C1CCC(CC2CCC(CC3CCCC(CC4CCCCC4)C3)CC2)CC1
C1CCC(CCC2CC(C3CCC4CCCCC43)C3CCCCC23)CC1
C1CCC(CC2CCCC(CC3CCCC(C4CCCCC4)C3)C2)CC1
C1CCC(CC2CC(C3CCCCC3)C3CC(CCCC4CC5CCCCC5C4)CCC23)CC1
C1CCC(CCCC2CCC(C3CCCCC3C3CCCCC3)CC2)CC1
C1CCC(C2CCCC(C3CCCC4CCCCC43)C2)CC1
C1CCC(C2CC3CCCCC3C2)CC1
C1CCC(CC2CCC(C3CCCCC3CC3CCCC(C4CCCC4)C3)CC2)C1
C1CCC(CCCCC2CCCC(CC3CCCCC3)C2)CC1
C1CCC(CCC2CCC(CC3CCC(CCC4CCCC(C5CCCCC5)C4)CC3)CC2)CC1
C1CCC(C2CCCCC2C2CCC(C3CCCC3)CC2C2CCC(C3CC4CCCCC4C3)C2)CC1
C1CCC(CCC2CCCC(CC3CCCC(CCC4CCCC(CC5CCCC5)C4)C3)C2)CC1
C1CCC(CCC2CCCC(C3CCCC4CC(C5CCCCC5CC5CCCCC5)CCC43)C2)CC1
C1CCC(CC2CCCC(C3CCC(C4CCC(C5CCCCC5)CC4)CC3)C2)CC1
C1CCC(CCC2CCC(CC3CCCC3)CC2)CC1
C1CCC(CC2CCCC(CC3CCCCC3)C2)CC1
C1CCC(CC2CCCC(CC3CCCCC3)C2)CC1
C1CCC(CCC2CC(CCC3CCCCC3)CC(CC3CCCCC3)C2)CC1
C1CCC(CC2CCC(CC3CCC(CCCCC4CCC4)CC3)CC2)CC1
C1CCC(CC2CCC(CCCCC3CCCC(C4CCCCC4)C3)CC2)CC1
C1CCC(CCCC2CCCC(C3CC(C4CCC(CC5CCCCC5)CC4)C3)C2)CC1
C1CCC(CC2CCC(CCCCC3CCCC(C4CCCCC4)C3)CC2)CC1
C1CCC(CCCC2CCC(CCC3CCCC(C4CC5CCCCC5C4)C3)CC2)CC1
C1CCC(CCC2CCC(C3CCCC(C4CCCC(C5CCCC5)C4)C3)CC2)C1
C1CC(CCC2CCC(C3CC3)CC2)CC(C2CCC(C3CCC4CCCCC43)CC2)C1
C1CCC(C2CC(CC3CCC4CCCCC43)CC3CCC(CCC4CCCC(CC5CC6CCCCC6C5)C4)CC32)CC1
C1CCC(C2CC(C3CCC3)CC(C3CCC4CCCCC43)C2)CC1
C(CCCC1C(CC2CCCCC2)CCC1C1CCCCC1)CCC1CCCC1
C1CCC(C2CCC(CC3CC(C4CCCCC4)C4CCCCC34)CC2)CC1
C1CCC(CC(CCC2CCC(C3CCCCC3)CC2)C2CCC3CCCCC3C2)CC1
C1CCC(CCC2CCC3CC(C4CCC5CCCCC54)CC(CC4CCCCC4)C3C2)CC1
C1CCC(CC2CCCC(CC3CCCCC3C3CCCCC3)C2)CC1
C1CCC(CC2CCCCC2CC2CCC(C3CCCCC3)C2)CC1
C1CCC(CC2CCCC(CC3CCCCC3C3CCCCC3)C2)CC1
C1CCC(CCCC2CCC(CC3CCC(CCCC4CC4)CC3)CC2)CC1
C1CCC(CCCC2CCC(CCCC3CCCC(C4CC4)C3)CC2)CC1
C1CCC(C2CCCC(C3CCCC(C4CCC5CCCCC54)C3)C2)CC1
C1CCC(CC2CCCCC2C2CCC(C3CCC(C4CCCCC4)C4CCCC34)CC2)CC1
C1CCC(CCCC2CCC(CC3CCC(C4CCCCC4)CC3)CC2)CC1
C1CCC(C2CCCC(C3CCC(C4CCCC(C5CCC5)C4)CC3)C2)CC1
C1CC(C2CCC(C3CCCC(CCC4CCCC(C5CCC5)C4)C3)CC2)C1
C1CCC(CC2CCCC(C3CCC4CCCCC43)C2)CC1
C1CCC(CCCC2CCCC(C3CCC(CC4CCC5CCCC5C4)CC3)C2)CC1
C1CCC(CCCCCC2CCCCC2C2CCC(CC3CCCCC3)CC2)CC1
C1CCC(CCC2CCCCC2)CC1
C1CCC(C2CCC(CC3CC(C4CCCCC4)C4CCCCC34)CC2)CC1
C1CCC(CCC2CCC(C3CCCCC3CCC3CCC(C4CCCCC4)CC3)CC2)CC1
C1CCC(CC2CCCCC2C2CCC(CC3CC4CCCCC4C3)CC2)CC1
C1CCC(C2CCCCC2C2CCC(C3CC(CCC4CC4)CCC3C3CCCCC3)C2)CC1
C1CCC(CC2CCCCC2C2CCCCC2)CC1
C1CCC(C2CCC(CCCC3CC4CCCCC4C3)CC2)CC1
C1CCC(CCC2CCCC(CC3CCCCC3)C2)CC1
C1CCC(CCCC2CCC(C3CC(C4CCCCC4)C4CCCCC34)CC2)CC1
C1CCC(CC(CC2CCCC(C3CCCCC3)C2)C2CCCCC2)CC1
C1CCC(CCC2CCC(CCCC3CCC(CC4CCCCC4)CC3)CC2)CC1
C1CCC(CC2CCC(C3CCCCC3)CC2)CC1
C1CCC(C2CCCC(CCCC3CCC4CCCCC43)C2)CC1
C1CCC(CC2CCC(CCC3CCC(C4CCCC(CC5CCCCC5)C4)CC3)CC2)CC1
C1CCC(C2CCCCC2CC2CCCC(C3CCCC(CC4CCCC4)C3)C2)CC1
C1CCC(C2CCC(CC3CCCC(C4CCCCC4)C3)CC2)CC1
C1CCC(CC2CCC(CC3CCC(C4CCCC4)CC3)CC2)CC1
C1CCC(CCC2CCC(C3CC(CC4CCCCC4)CCC3CC3CCCCC3)CC2)CC1
C1CCC(CCC2CCCC(C3CCC(C4CCCCC4)CC3)C2)CC1
C1CCC(C2CCC(C3CCCC(CC4CCCC4)C3)CC2)CC1
C1CCC(CCCC2CCC(C3CCC(C4CCCC4)CC3)C(CC3CCCCC3)C2)CC1
C1CCC(C2CCC(CC3CCC(C4CCCC(C5CCCCC5)C4)CC3)CC2)CC1
C1CCC(CCC2CCCC(C3CCCC(C4CC(CC5CCCCC5)CC(C5CC5)C4)C3)C2)CC1
C1CCC(CCC2CCCCC2CCC2CCCCC2)CC1
C1CCC(CCC2CC(C3CCCCC3)CC(C3CCC(C4CCCCC4)CC3)C2)CC1
C1CCC(CCC2CCCC(C3CCCCC3)C2)CC1
C1CCC(CCC2CCC(CC3CCC4CCC(C5CCCCC5)C4C3)CC2)CC1
C1CCC(CCC2CC(C3CCCCC3)CC(C3CCCC(C4CCCCC4)C3)C2)CC1
C1CCC(CC2CCC(CCCCC3CCCCC3C3CCCCC3)CC2)CC1
C1CCC(C2CCC(C3CCC(C4CCC(C5CCCCC5)C4)CC3)CC2)CC1
C1CCC(C2CCC(C3CCCC(C4CCCCC4)C3)CC2)CC1
C1CCC(C2CCCC(CC3CCCC(C4CCCCC4)C3)C2)CC1
C1CCC(CC2CCC(CCC3CCCCC3C3CCCCC3)CC2)CC1
C1CCC(CC2CCCC(CCC3CCC(CC4CC5CCCCC5C4)CC3)C2)CC1
C1CCC(C2CCCCC2C2CCC(C3CCCCC3C3CCCCC3)CC2)CC1
C1CCC(CC2CCC(CC3CCC(CC4CCCC(C5CCCCC5)C4)CC3)CC2)CC1
C1CCC(C2CCC(C3CCCCC3)CC2)CC1
C1CCC(C2CCC(CCCC3CCCC(C4CCCCC4)C3)CC2)CC1
C1CCC(CC2CCC(CC3CCCCC3)C(CC3CCCCC3)C2)CC1
C1CCC(CC2CCC(CC3CCCCC3)CC2)CC1
C1CCC(CC2CCC(CC3CCCC(C4CCCCC4)C3)C2)CC1
C1CCC(CC2CCC(C3CCCCC3C3CCC4CCCCC4C3)CC2)CC1
C1CCC(CCC2CCC(C3CCCC4CCCCC43)CC2)CC1
C1CCC(C2CC(C3CCCC(CC4CC5CCCCC5C4)C3)C3CCCCC23)CC1
C1CCC(CC2CCC(CCCC3CCC4CCCC4C3)CC2)CC1
C1CCC(CC2CCC(C3CCCC(C4CCCC(C5CCCCC5)C4)C3)CC2)CC1
C1CCC(CC2CCC(CC3CCCCC3)CC2)CC1
C1CCC(CCC2CCC(C3CCC4C(C5CCCCC5)CC(C5CCCCC5)C4C3)CC2)CC1
C1CCC(CC2CCCCC2C2CC(CC3CCCC3)CC(C3CCCCC3)C2)CC1
C1CCC(CC2CCC(C3CCCCC3)CC2CC2CCCCC2)CC1
C1CCC(CC2CCCC(C3CCCC(C4CCCCC4C4CCCC4)C3)C2)CC1
C1CCC(CC2CCC(CCC3CC(C4CCCCC4)C4CCCCC34)CC2)CC1
C1CCC(CC2CCC(CCCCC3CCC4CCCCC4C3)CC2)CC1
C1CCC(C2CCC(C3CCCCC3)CC2)CC1
C1CCC(C2CCCCC2C2CCC(CC3CCC4CCCCC43)CC2)CC1
C1CCC(CCCC2CCCC(CC3CCCCC3CC3CCCCC3)C2)CC1
C1CCC(CC2CCC(CC3CCCC(C4CCCCC4)C3)CC2)CC1
C1CCC(CC2CCCC(CC3CCC(C4CCCCC4)C3)C2)CC1
C1CCC2CC(C3CCCCC3C3CCCCC3CC3CCC4CCCCC43)CCC2C1
C1CCC(C2CCC(CC3CCC(C4CCCCC4)CC3)CC2)CC1
C1CCC(C2CCCC(C3CCCCC3C3CCCC3)C2)CC1
C1CCC(C2CCC(C3CCCCC3)C(C3CCCCC3)C2)CC1
C1CCC(C2CCCC(C3CCCC(C4CCCCC4)C3)C2)CC1
C1CCC(CC2CCC(C3CCC(CC4CC4)CC3)CC2)CC1
C1CCC(C2CCCC(CCC3CCC(C4CCCCC4C4CCCCC4)CC3)C2)CC1
C1CCC(CC2CCC(C3CCC4CCCCC4C3)CC2)CC1
C1CCC(CC2CCC(CC3CCC(C4CCCCC4)CC3)CC2)CC1
C1CCC(CC2CCC(CC3CCC(CC4CCCCC4)CC3)CC2)CC1
C1CCC(CCC2CCC(C3CCC4CCCCC43)CC2)CC1
C1CCC(CCCC2CCC(C3CCCC4CC(C5CCCCC5)CCC43)CC2)CC1
C1CCC(CCC2CCCC(C3CCCC(CCC4CCCC4)C3)C2)CC1
C1CCC(C2CCCC(CC(C3CCCCC3)C3CCC(C4CCCC4)CC3)C2)CC1
C1CCC(C2CCCC(C3CCCCC3)C2)CC1
C1CCC(CC2CCC(CC3CCCCC3C3CCCC3)CC2)CC1
C1CCC(CCC2CCCC(C3CCCC(C4CCCCC4)C3)C2)CC1
C1CCC(CC2CCCCC2C2CCCCC2)CC1
C1CCC(C2CCC3CCC(C4CCCCC4)C3C2)CC1
C1CCC(CC2CCC3CCCC(C4CCCCC4)C3C2)CC1
C1CCC(C2CC(C3CCCC(CC4CCC5CCCC5C4)C3)C3CCCCC23)CC1
C1CCC(C2CCC(CC3CCC(CC4CC5CCCCC5C4)CC3)CC2)CC1
C1CCC(C2CCC(C3CCCCC3)C(C3CCC4C(CCC5CCCC5)CCC4C3)C2)CC1
C1CCC(CCC2CCC3CC(C4CCCCC4)CCC3C2)CC1
C1CCC(CC(C2CCC(C3CCCCC3)CC2)C2CC2)CC1
C1CCC(CC2CCC(CC3CCC(CC4CC5CCCCC5C4)CC3)CC2)CC1
C1CCC(C2CCCC(CCC3CCCC(C4CCCCC4)C3)C2)CC1
C1CCC(C2CCC(C3CCC(CCC4CCC(C5CCC5)CC4)CC3)CC2)CC1
C(CC1CCC(C2CC3CCCCC3C2)CC1)CC1CCCC(C2CCCC(C3CC3)C2)C1
C1CCC(CC2CC(CC3CCCC(CCC4CCCC4)C3)C3CCC(C4CCCCC4)CC23)CC1
C1CCC(C2CCCC3CCC(CCC4CCCC(CCCC5CC5)C4)CC32)CC1
C1CCC(CC2CCCCC2C2CCC(C3CCCCC3)CC2C2CCCC2)CC1
C1CCC(CC2CCCC(CC3CCCC3)C2)CC1
C1CCC(CC2CCCC(C3CCC4CCCCC43)C2)CC1
C1CCC(CC2CCC(C3CCC(C4CCC(CC5CCCCC5)CC4)CC3)CC2)CC1
C1CCC(C2CCC(C3CCCC(C4CCC5CCCCC54)C3)CC2)C1
C1CCC(C2CCC(CC3CCC(CC4CCC5CCCCC54)CC3)CC2)CC1
C1CCC(CC2CCCC(C3CCCCC3)C2)CC1
C1CCC(CC2CCC(CCCCC3CCC(CC4CCCCC4)CC3)CC2)CC1
C1CCC(C2CCC(CCCC3CCCC(C4CCCCC4)C3)CC2)CC1
C1CCC(C2CCCC(CCCCC3CCC(C4CCCC4)CC3)C2)CC1
C1CCC(C2C3CCCCC3CCC2C2CCCCC2C2CCCC2)CC1
C1CCC(CC2CCC(C3CCCC(CC4CC4)C3)CC2)CC1
C1CCC(CCCC2CCC(CCC3CCCCC3CC3CCCCC3)C2)CC1
C1CCC(C2CCCCC2C2CCCCC2)CC1
C(CC1CCCC(C2CCC3CCCC3C2)C1)CC1CCCC(C2CC3CCCCC3C2)C1
C1CCC(CCCCC2CCCC(C3CCCCC3C3CCC4CCCC4C3)C2)CC1
C1CC(CCC2CC3CCCCC3C2)CC(CC2CC(C3CCCCC3C3CCCC3)C3CCCCC23)C1
C1CCC(CC2CCC(CC3CCC(C4CCCC4)CC3)CC2)CC1
C1CCC(CCC2CC(CC3CC3)CC(C3CCCCC3)C2)CC1
C1CCC(CCC2CCC(CC3CCCCC3)CC2C2CCCC2)CC1
C1CCC(CC2CCCC(CCC3CCCC(C4CCCC4)C3)C2)CC1
C1CCC(CCC2CCCC(CC3CC(CC4CCCC4)C4CCCCC34)C2)CC1
C1CCC(CCC2CCC(C3CCCCC3)C(C3CCCCC3)C2)CC1
C1CCC(C2CCC(CCC3CCCC(C4CCCCC4)C3)CC2)CC1
C1CCC(CC2CCCC(C3CCCCC3)C2CC2CCCCC2)CC1
C1CCC(CC2CCC(CC3CCCCC3)CC2)CC1
C1CCC(CC2CCC(CC3CCC(C4CCCCC4CC4CC5CCCCC5C4)CC3)CC2)CC1
C1CCC(C2CCCCC2C2CCCC(CCCC3CCCC3)C2)CC1
C1CCC(CC2CC(CC3CCC(C4CCC5CCCC5C4)CC3)C3CCCCC23)CC1
C1CCC(C2CCC(C3CCC(C4CCCC(C5CC5)C4)CC3)CC2)CC1
C1CCC(C2CCCC(CC3CCC(CCC4CC5CCCCC5C4)CC3)C2)CC1
C1CCC(C2CCC3C(CCC3C3CCCCC3)C2)CC1
C1CCC(CCCC2CCCC(C3CCCCC3)C2)CC1
C1CCC(CC2CCCC(CC3CCC(CC4CCCCC4)CC3C(CC3CC3)C3CC3)C2)CC1
C1CCC(CC2CCC(C3CCCCC3)C2)CC1
C1CCC(C2CCC(CCC3CCCCC3C3CCC4CCCC4C3)C(C3CCCC3)C2)CC1
C1CCC(CC2CCC(CC3CCCCC3C3CCC(C4CCCCC4)CC3)CC2)CC1
C1CCC(CCCC2CCCC(C3CCCC(C4CCCC5CCCCC54)C3)C2)CC1
C1CCC(CCCCCC2CCC(CCCC3CCCCC3)CC2)CC1
C1CCC(CCC2CCC(CC3CCCCC3)CC2C2CCCCC2)CC1
C1CCC(CCC2CCC(CCC(CCC3CCCCC3)CC3CC3)CC2)CC1
C1CCC(CCCC2CC(CC3CCCCC3)CCC2C2CCCCC2)CC1
C1CCC(CC2CCC(CCC3CCCC(C4CCCCC4)C3)CC2)CC1
C1CCC(CC2CCC(C3CCCCC3C3CCCCC3)CC2)CC1
C1CCC(C2CCCC(C(CCC3CCCCC3C3CCCCC3)C3CCCCC3)C2)CC1
C1CCC(CCCC2CC(CC3CCCC(C4CCCCC4)C3)C3CCC(CC4CCCCC4)CC23)CC1
C1CCC(C2CCC(CC3CCCC(C4CC(C5CCCCC5)C5CCCCC45)C3)CC2)CC1
C1CCC(CC2CCC(CC3CCCC(CC4CCCCC4)C3)CC2)CC1
C1CCC(CC2CCC(CCC(CC3CC4CCCCC4C3)C3CCCCC3)CC2)CC1
C1CCC(CCCCCC2CCCC(C3CCCCC3)C2)CC1
C1CCC(CCC2CCCC(C3CCCC(CC4CC5CCCCC5C4)C3)C2)CC1
C1CCC(CCCC2CCCC(CC3CCCCC3)C2)CC1
C1CCC(CC2CCC(CC3CCC(C4CCCCC4)CC3)CC2)CC1
C1CCC(CC2CCC(CC3CC(CCC4CC5CCCCC5C4)C4CCCCC34)CC2)CC1
C1CCC(C2CCCC(CC3CC(C4CCCCC4)C4CC(C5CCCCC5)CC34)C2)CC1
C1CCC(C2CCCC(C3CCC(C4CCC5CCCCC54)CC3)C2)CC1
C1CCC(CCC2CCC(CC3CCC(C4CCCCC4)CC3)CC2)CC1
C1CCC(C2CCCC(C3CCC4CCCCC43)C2)CC1
C1CCC(C2CCC(C3CCCCC3)C(C3CCCCC3)C2)CC1
C1CCC(CCC2CCC(CC3CCC(C4CCCC(C5CCCCC5)C4)CC3)CC2)CC1
C1CCC(C2CC(C3CCC4CCCCC43)CC3CCCCC32)CC1
C1CCC(C2CCC(C3CC3)CC2C2CCCC(C3CCC4CCCC4C3)C2)CC1
C1CCC(CC2CCC(CC3CCC(C4CCCCC4)CC3)CC2)CC1
C1CCC(CCC2CCCC(CC3CCCCC3)C2)CC1
C1CCC(CC2CCC(C3CCCCC3)CC2)CC1
C1CCC(C2CCC(CC3CCC(C4CCC5CCCCC54)CC3)CC2)CC1
C1CCC(CCCC2CCC(CC3CCC(CCCC4CCCCC4)CC3)CC2)CC1
C1CCC(CC2CCCCC2CCC2CC(CC3CCC(C4CCCC4)CC3)C3CCCCC23)CC1
C1CCC(CC2CCC(CC3CCCCC3C3CCCCC3)CC2)CC1
C1CCC(CC2CCCCC2C2CC(CC3CCC(C4CCCCC4)CC3)C3CCCCC32)CC1
C1CCC(CCC2CCCC(C3CCCCC3)C2)CC1
C1CCC(CCC2CCCC(C3CCCC(C4CCCC(CC5CCC(CC6CCCCC6)CC5)C4)C3)C2)CC1
C1CCC(CC2CCC(C3CCCCC3)C(C3CCC(CC4CC5CCCCC5C4)CC3)C2)CC1
C1CCC(CC2CCCC(C3CCCC(CC4CC5CCCCC5C4)C3)C2)CC1
C1CCC(CCCCCC2CCC(CC3CCC(C4CCCCC4)CC3)CC2)CC1
C1CCC(C2CCCCC2)CC1
C1CCC(CCC2CCCC(CC3CCCC(CC4CCCCC4)C3)C2)CC1
C1CCC(CC2CCCC(C3CCCCC3)C2)CC1
C1CCC(CCC2CCCC(C3CCCC(CCCC4CCCC(C5CCCC5)C4)C3)C2)CC1
C1CCC(C2CCC(C3CCCCC3C3CCC4CCCC4C3)CC2)CC1
C1CCC(CCC2CCC(C3CCCCC3C3CCC4CCCCC4C3)CC2)CC1
C1CCC(CCCCC2CC(CC3CCCCC3)CC(CC3CCCC3)C2)CC1
C1CCC(CC2CC(C3CCCCC3)CCC2C2CCCCC2)CC1
C1CCC(CCC2CCC(CC3CCCC(C4CCC(CC5CCCCC5)CC4)C3)CC2)CC1
C1CCC(C2CCCC(CC3CCCCC3C3CCCC3)C2)CC1
C1CCC(CCC2CCCC(C3CCC(CCC4CCCCC4CC4CCCC4)CC3)C2)CC1
C1CCC(C2CCCC(C3CCCC(C4CCCCC4)C3)C2)CC1
C1CCC2CC(C3CCC4CCCCC43)CCC2C1
C1CCC(CC2CCCCC2CC2CCCCC2CC2CCC(CC3CC4CCCCC4C3)CC2)CC1
C1CCC(C2CCC(CC3CC4CCCCC4C3)CC2)CC1
C1CCC(CCC2CCC(C3CCCCC3)C(CC3CCCC(C4CC4)C3)C2)CC1
C1CCC(CCCC2CC(C3CCCCC3)CC(C3CCCC3)C2)CC1
C1CCC(C2CCCCC2C2CCCCC2C2CCC3CCCCC3C2)CC1
C1CCC(CCC2CCCC(CC3CC4CCCCC4C3)C2)CC1
C1CCC(C2CCCC(C3CCCCC3CCC3CC4CCCCC4C3)C2)CC1
C1CCC(CCCC2CCC(CC3CCCCC3)CC2)CC1
C1CCC(CC(CC2CCCCC2)C2CCC(C3CCCC4CCCCC43)CC2)CC1
C1CCC(CC2CCC(C3CCCCC3CC3CCCCC3)CC2)CC1
C1CCC(CC2CCCCC2C2CCCC(C3CCCCC3)C2)CC1
C(CCCC1CCC(CC2CCC(CC3CCCCC3)CC2)CC1)CCC1CCCCC1
C1CCC(CC2CCCC(C3CCCC(CCC4CCC4)C3)C2)CC1
C1CCC(CCCC2CCCC(CCC3CCCCC3CC3CCCCC3)C2)CC1
C1CCC(CCC2CCC(CCCC3CCC(C4CCCCC4)CC3)CC2)CC1
C(CCC1CCCCC1CC1CC2CCCCC2C1)CC1CCCC(C2CCC2)C1
C1CCC(CCC2CCC(CCCC3CCC(C4CCCCC4)CC3)CC2)CC1
C1CCC(C2CC(CC3CCCC3)C3CC(C4CCC(C5CCCC5)CC4)CCC32)CC1
C1CCC(CC2CCC(CC3CCC(C4CCCCC4)CC3)CC2)CC1
C1CCC(CC(C2CCCCC2)C2CCCCC2)CC1
C1CCC(CCCCC2CCC(CCC3CCCCC3)CC2)CC1
C1CCC(CCC2CCCC(CC3CCCCC3)C2)CC1
C1CCC(C2CCC(C3CCCCC3)CC2)CC1
C1CCC(C2CCCC(C3CCCCC3)C2)CC1
C1CCC(CC2CCC(CC3CCC(C4CCCC(C5CCCCC5)C4)CC3)CC2)CC1
C1CCC(CCCC2CC(CCC3CCCCC3)CC(C3CCCCC3)C2)CC1
C1CCC(C2CCC(C3CCCCC3)CC2)CC1
C1CCC(C2CCCC3CC(C4CCCCC4C4CCCC4)CCC32)CC1
C1CCC(CC2C(C3CCCCC3)CCC2C2CCC3CCCCC3C2)CC1
C1CCC(C2CCC3CCC(C4CC5CCCCC5C(C5CCCCC5)C4)C3C2)CC1
C1CCC(CCCC2CCCC(CCCCC3CCC(CC4CCCCC4)CC3)C2)CC1
C1CCC(CC2CC3CCC(C4CCCCC4)CC3C(C3CCCCC3)C2)CC1
C1CCC(CCCC2CCC(CC3CCCC(CC4CCCCC4)C3)CC2)CC1
C1CCC(CC2CCCCC2CC2CCCCC2C2CCCCC2)CC1
C1CCC(C2CCCC(C3CCCCC3)C2)CC1
C1CCC(C2CCCCC2C2CCCCC2)CC1
C1CCC(C2CCC(CC3CCCC(C4CCCC4)C3)CC2)CC1
C1CCC(CC2CCC(C3CCCCC3)CC2C2CCCCC2)CC1
C1CCC(CC2CCCCC2C2CCCCC2)CC1
C1CC(CC2CCC(C3CCCC(C4CCC4)C3)CC2)C1
C1CCC(CC2CCC(CCC3CC(CC4CCCCC4)CCC3CCC3CC4CCCCC4C3)CC2)CC1
C1CCC(C2CCC(C3CCCCC3)CC2)CC1
C1CCC(CCC2CCCC(CCC3CCC(C4CCCCC4)C3)C2)CC1
C1CCC(CCC2CCCC(CC3CCC(C4CCCCC4C4CCC4)CC3)C2)CC1
C1CCC(CC2CC3CCCCC3C(C3CCCCC3)C2)CC1
C1CCC(C2CCCCC2CC2CCCC2)CC1
C1CCC(CC2CCC(CC3CCC(C4CC(C5CCCCC5)C4)CC3)CC2)CC1
C1CCC(C2CCC(CC3CCC(C4CCCC(CC5CC5)C4)CC3)CC2)CC1
C1CCC(CC2CCC(C3CCC(C4CCC(CC5CCCCC5)CC4)CC3)CC2)CC1
C1CCC(CC2CCCC(C3CCCC(C4CCCCC4)C3)C2)CC1
C1CCC(CC2CCC(C3CCCCC3)C(CC3CC(CC4CCCCC4)C4CCCCC34)C2)CC1
C1CCC(CCC2CCC(C3CCC(C4CCC(CC5CCCC5)CC4)CC3)CC2)CC1
C1CCC(C2CCC3CC(C4CCC5CCCCC54)CC(C4CCCCC4)C3C2)CC1
C1CCC(CCC2CCCC(C3CCCC(C4CCC(C5CCCCC5)CC4)C3)C2)CC1
C1CCC(CC2CC(C3CCC3)CC(C3CCCC(CC4CC4)C3)C2)CC1
C1CCC(CCCCCC2CCC(C3CCC3)CC2)CC1
C1CCC(CCC2CCC(C3CCCCC3)CC2C2CCCC2)CC1
C1CCC(C2CCC(C3CCCCC3)CC2)CC1
C1CCC(CCC2CCCC(C3CCCC(CC4CCCC4)C3)C2)CC1
C1CCC(CCC2CCCC(CC3CCCCC3)C2)CC1
C1CCC(C2CCCC(C3CCCCC3C3CCCC(C4CCCCC4)C3)C2)CC1
C1CCC(CCC2CCCCC2)CC1
C1CCC(CC(C2CCCCC2)C2CCCC(C3CCCCC3)C2)CC1
C1CCC(C2CCC(C3CCCCC3C3CCCCC3)C2)CC1
C1CCC(CC2CCC(C3CCC(C4CCCCC4)C(C4CCC4)C3)CC2)CC1
C1CCC(CC2CCCCC2C2CCCC(C3CCCC3)C2)CC1
C1CCC(C2CCCC(C3CCCC(C4CCC5CCCC5C4)C3)C2)CC1
C1CCC(C(C2CCCC2)C2CCCC(C3CCC(C4CCC4)CC3)C2)CC1
C1CCC(C2CCCCC2)CC1
C1CCC(CCCCC2CCC(C3CCCCC3)CC2C2CCCCC2)CC1
C1CCC(CC2CC(CC3CCCC(C4CCCCC4)C3)C3CCCCC23)CC1
C1CCC(CC2CCC(C3CCCCC3)CC2)CC1
C1CCC(C2CCCC(CC3CCC(C4CCC5CCCCC54)CC3)C2)CC1
C1CCC(CC2CCCCC2CC2CCCC(C3CCCCC3)C2)CC1
C1CCC(C2CCC(CCCC3CCCC(C4CC4)C3)CC2)CC1
C1CCC(CC2CC3CCCCC3C(C3CCCCC3)C2)CC1
C1CCC(CC2CCC(CCCCCC3CCC(C4CCCCC4)C3)CC2)CC1
C1CCC(CCCCC2CCC(C3CCCCC3)CC2)CC1
C1CCC(CCC2CCCC(CCCCC3CC4CCCCC4C3)C2)CC1
C1CCC(C2CCCCC2CC2CC3CCCCC3C2)CC1
C1CCC(C2CCC(C3CCC(C4CC(C5CCCCC5)C4)CC3)CC2)CC1
C1CCC(CC2CC(C3CCCCC3C3CCC4CCCC4C3)C3CCCCC23)CC1
C1CCC(C2CCC(C3CCCCC3)C(CC3CCCC3)C2)CC1
C1CCC(C2CC(C3CCCC3)CC(C3CCCCC3C3CCC4CCCCC4C3)C2)CC1
C1CCC(CCCC2CCC(C3CCC(C4CCCCC4)CC3)CC2)CC1
C1CCC(CCCC2CCC(C3CCCC(C4CCCC4)C3)CC2)CC1
C1CCC(CCC2CCCC(CCC3CC(CC4CCCCC4)C4CCCCC34)C2)CC1
C1CCC(CC2CCC3C(CC4CCCCC4)CC(C4CCCCC4)C3C2)CC1
C1CCC(CCCC2CCCC(CC3CCC(CCC4CCCCC4)CC3)C2)CC1
C(CCC1CCC(CCC2CC2)CC1)CCC1CCC(C2CCCCC2)CC1
C1CCC(C2CCCC(CCCC3CC4CCCCC4C3)C2)CC1
C1CCC(CCC2CCC(C3CCCCC3C3CCCCC3)CC2)CC1
C1CCC(CC2CCC(CC3CCC(C4CCCCC4C4CCC5CCCCC54)CC3)CC2)CC1
C1CCC(CC2CCCC(C3CC(C4CCC4)CC(C4CCC5CCCC5C4)C3)C2)CC1
C1CCC(CCCCC2CCC(CC3CCCC(C4CCC4)C3)CC2)CC1
C1CCC(C2CCCC(C3CCCC(C4CCC5CCCCC5C4)C3)C2)CC1
C1CCC(CC2CCCC(C3CCCCC3)C2)CC1
C1CCC2CC(CC3CCC(CC4CCCC(C5CCC6CCCCC65)C4)CC3)CC2C1
C1CCC(C2CCC(C3CCCCC3C3CCCCC3)C2)CC1
C1CCC(CC2CCC(CCC3CCCCC3CC3CCCCC3)CC2)CC1
C1CCC(CC2CCC(CC3CC(CCC4CCCC(CC5CCCCC5)C4)C4CCCCC34)CC2)CC1
C1CCC(CC2CCCC(C3CCCCC3)C2)CC1
C1CCC(CCCC2CCCCC2C2CCCCC2)CC1
C1CCC(C2CCCC(C3CCCCC3)C2)CC1
C1CCC(C2CCCCC2CC2CCC(C3CCCC3)CC2)CC1
C1CCC(CC2CCCC(C3CCCCC3)C2)CC1
C1CCC(C2CCCCC2C2CCC3C(CCCC3C3CCCCC3)C2)CC1
C1CCC(C2CCC(C3CCCCC3C3CCC(CCC4CCC4)CC3)CC2)CC1
C1CCC(C2CCCC(CC3CCC(C4CCCCC4CC4CC5CCCCC5C4)CC3)C2)CC1
C1CCC2C(C1)CC(C1CCC3CCCCC31)CC2CC1CCC(C2CC2)CC1
C1CCC(CC2CCCC(C3CCC3)C2)CC1
C1CCC(CC2CCC(C3CCC(CC4CCCCC4)CC3)CC2)CC1
C1CCC(C2CCC(C3CCCCC3)CC2)CC1
C1CCC(CCC2CCC(CCC3CCC4CCCCC4C3)CC2C2CCCCC2)CC1
C1CCC(CCC2CCC(C3CCCCC3)CC2CCC2CCCCC2)CC1
C1CCC(CCCC2CCC(CC3CCCCC3)CC2)CC1
C1CCC(CC2CCCCC2CC2CCCCC2)CC1
C1CCC(CC2CC(C3CCCC3)C3CC(C4CCCCC4)CCC23)CC1
C1CCC(C2CCCC(C3CCCC3)C2)CC1
C1CCC(CC2CCC(C3CCCCC3)CC2)CC1
C1CCC(CC2CCC(CCC3CCC(CC4CC4)CC3)CC2)CC1
C1CCC(CC2CCC(C3CCC(CC4CC(CC5CCCCC5)C5CCCCC45)CC3)CC2)CC1
C1CCC(C2CCCC(C3CCC(CC4CCC(CC5CCC(C6CC6)CC5)CC4)CC3)C2)C1
C1CCC(C2CCCC(CC3CCCC(CC4CCC5CCCCC54)C3)C2)CC1
C1CCC(C2CC(CCC3CC4CCCCC4C3)CC(C3CCCC(C4CC4)C3)C2)CC1
C(CCCC1CCCCC1)CCCC1CCCCC1CCC1CCC(C2CCCCC2)CC1
C1CCC(CCC2CCC(CC3CCC(C4CCCC5CCCCC54)CC3)CC2)C1
C1CCC(CC2CCC(C3CCCC(C4CCCC(C5CC5)C4)C3)CC2)CC1
C1CCC(CC2CCCC(CC3CCC(CCCCC4CCCC4)CC3)C2)CC1
C1CCC(C2CCC(CCC3CC(CC4CCCC4)C4CCCCC34)C(C3CCCCC3)C2)CC1
C1CCC(CC2CCCC3CCCCC32)CC1
C1CCC(CCCCC2CCCC(C3CCC(C4CCC4)CC3)C2)CC1
C1CCC(CC2CCC(CC3CCC(C4CCCCC4)CC3)CC2)CC1
C1CCC(CC2CCC(CCC3CCCC(C4CCCCC4)C3)CC2)CC1
C1CCC(CC2CCCCC2C2CCCCC2)CC1
C1CCC(CC2CCCC(C3CCCCC3C3CCC4CC(C5CC6CCCCC6C5)CCC43)C2)C1
C1CCC(CC2CCC(CC3CCC4CC(C5CCCCC5)CC(C5CCCCC5)C4C3)CC2)CC1
C1CCC(C2CCC(C3CCCCC3C3CCCCC3)C(C3CCCC3)C2)CC1
C1CCC(CCC2CCCCC2)CC1
C1CCC(CCC2CCCC(CC3CCCCC3)C2)CC1
C1CCC(C2CCCC(C3CCCC(C4CCCCC4)C3)C2)CC1
C1CCC(CCCC2CCCC(CCC3CCC(CC4CCCCC4)CC3)C2)CC1
C1CCC(C2CCCCC2CC2CCCC3CC(C4CCCCC4C4CCCCC4)CCC23)CC1
C1CCC(C2CCC(CC3CCCC(C4CCCC(C5CCCC5)C4)C3)CC2)CC1
C1CCC(C2CCC(C3CCCC(C4CCCCC4)C3)CC2)CC1
C1CC(C2CCC(CC3CCC(C4CCCCC4C4CCC5CCCC5C4)CC3)CC2)C1
C1CCC(CC2CCCC(CC3CCCCC3)C2)CC1
C1CCC(CCC2CCCC(C3CCCCC3)C2)CC1
C1CCC(C2CCCCC2C2CCCC(CCC3CC4CCCCC4C3)C2)CC1
C1CCC(CCC2CCC(CC3CCC(C4CCCCC4)CC3)CC2)CC1
C1CCC(CC2CCCCC2C2CCCC2)CC1
C1CCC(C2CCCC(C3CCC(C4CCCC4)CC3)C2)CC1
C1CCC(CCC2CCCC(CCC3CCCC(CC4CCCCC4)C3)C2)CC1
C1CCC(C2CCC(CCC3CCC(C4CCCCC4)CC3)CC2)CC1
C1CCC(C2CCC(C3CCC(C4CCCC4)CC3)CC2)CC1
C1CCC(C2CCC(CCCC3CCCC(C4CCCCC4)C3)CC2)CC1
C1CCC(CC2CCC(C3CCC(C4CCCC4)CC3)CC2)CC1
C1CCC(CC2CCC(CC3CCC(C4CCCCC4)CC3)CC2)CC1
C1CCC(CC2CCC(CC3CCCCC3)CC2)CC1
C1CCC(C2CCCCC2)CC1
C1CCC(C(CCC2CC3CCCCC3C2)C2CCCCC2)CC1
C1CCC(CCCCC2CCC(CC3CCCCC3)CC2)CC1
C1CCC(CC2CCCC(C3CCCC(C4CCC(C5CCCC5)CC4)C3)C2)CC1
C1CCC(CC2CCC(C3CCCC3)CC2C2CCCCC2)CC1
C1CCC(C2CCC(CC3CCC(CC4CCCC4)CC3)CC2)CC1
C1CCC(CCC2CCCCC2C2CCCCC2)CC1
C1CCC(CC2CCCCC2C2CCC(C3CCCCC3)CC2)CC1
C1CCC(CC2CCCCC2C2CCCC(C3CCC4CCCC4C3)C2)CC1
C1CCC(CC2CCCC(C3CCCCC3)C2)CC1
C1CCC(CCC2CC(C3CCCCC3)CC(C3CCCC3)C2)CC1
C1CCC(CC2CCC(CCC3CC3)CC2)CC1
C1CCC(CCC2CCC(CC3CCCCC3)CC2C2CCCCC2)CC1
C1CCC(CC2CCCC(C3CCC4CCCC4C3)C2)CC1
C1CCC(CCC2CCC(CC3CCC(C4CCCCC4C4CCC5CCCCC5C4)CC3)CC2)CC1
C1CCC(CCC2CCC(C3CCC4CCCCC4C3)CC2)CC1
C1CCC(CC2CC3CCCCC3C2)CC1
C1CCC(CCC2CCCC(C3CCCCC3)C2)CC1
C1CCC(CCCC2CCC(C3CCCC(C4CCCCC4)C3)CC2)CC1
C1CCC(CC2CCC(C3CCCC3)C(CC3CCCCC3)C2)CC1
C1CC2CCC(CCC3CCCC(C4CCC5CCCC5C4)C3)CC2C1
C1CCC(CC2CCC(CC3CCC(CC4CCCC4)CC3)CC2)CC1
C1CCC(C2CCCC(C3CC(C4CCCCC4)CC(C4CCCCC4)C3)C2)CC1
C1CCC(CCC2CCC(CC3CCCCC3)CC2)CC1
C1CCC(CCC2CCCCC2C2CCCC(CC3CCCCC3)C2)CC1
C1CCC(CCCC2CC(CC3CCCCC3)CCC2C2CCCCC2)CC1
C1CCC(C2CCCCC2)CC1
C1CCC(CCC2CCC(C3CCCCC3)CC2)CC1
C1CCC(C2CCC(C3CC(C4CCCCC4C4CCCCC4)C4CCCCC34)CC2)CC1
C1CCC(CCCC2CCC(C3CCCCC3)CC2)CC1
C1CCC(CC2CCCC(C3CCCC(CC4CCC5CCCCC54)C3)C2)C1
C1CCC(CC2CCCC(C3CCC(C4CCC(C5CCCCC5)CC4)CC3)C2)CC1
C1CCC(CC2CCCCC2C2CCCCC2)CC1
C1CCC(C2CCCCC2C2CC3CCCCC3C2)CC1
C1CCC(C2CCC(C3CCC(C4CCCCC4C4CCCCC4C4CCC4)CC3)C3CCCC23)CC1
C1CCC(CCCC2CCC(CCC3CCCCC3)CC2CCC2CCCCC2)CC1
C1CCC(CC2CCCC(C3CCC(CCCC4CCCC(C5CCCCC5)C4)CC3)C2)CC1
C1CCC(C2CC(C3CCCC3)CC(C3CCCC(CC4CCCC4)C3)C2)CC1
C1CCC(C2CCCC(C3CCCCC3)C2)CC1
C1CCC(CCC2CCCC(C3CCCC(CCC4CCCCC4)C3)C2)CC1
C1CCC(CC2CC(CC3CCCC(C4CCC5CCCC5C4)C3)CC(C3CC3)C2)CC1
C1CCC(C2CCC(CC3CC(C4CCCCC4)C4CCCCC34)CC2)CC1
C1CCC(CCC2CC(CC3CCC4CCCC4C3)CC(C3CCCCC3)C2)CC1
C1CC2CCC(C3CC(CC4CCC5CCCCC54)C4CCCCC43)CC2C1
C1CCC(C2CCC(CC3CCC4CCCCC43)CC2)CC1
C1CCC(CC2CCC(CC3CCCC(C4CC(CC5CCCC5)C5CCCCC54)C3)CC2)CC1
C1CCC(CCCC2CCCCC2CCC2CCC(C3CC3)CC2)CC1
C1CCC(CCC2CC(CC3CCC3)CCC2CC2CCCCC2)CC1
C1CCC(C2CC(C3CCCC3)CC(C3CCCC3)C2)CC1
C1CCC(CCC2CCC(C3CCCCC3)CC2)CC1
C1CCC(CC2CCCC(C3CCCCC3)C2)CC1
C1CCC(CCCC2CCCC(C3CCCCC3C3CC(CC4CCCCC4)C4CCCCC43)C2)CC1
C1CCC(CCC2CCCC(C3CCC4CCCCC4C3)C2)CC1
C1CCC(CC2CCC(CCC3CCC(C4CCCCC4)CC3)CC2)CC1
C1CCC(C2CCCC(C3CCCC(CCCC4CCCCC4C4CCCCC4)C3)C2)CC1
C1CCC(C2CCC(CC3CCCC(CC4CC4)C3)CC2)CC1
C1CCC(CC2CCCC(CCCC3CCCCC3CC3CCC(CC4CCC5CCCC5C4)CC3)C2)CC1
C1CCC(CC2CCCC(C3CCC4C(CCC4C4CCCCC4)C3)C2)CC1
C1CCC(CC2CCC(CCC3CCC(CC4CCC(C5CCCC5)CC4)C3)CC2)CC1
C1CCC(CCC2CCC(C3CCCCC3)CC2)CC1
C1CCC(CC2CCCC(C3CCC(C4CCC(C5CCC5)CC4C4CCCCC4)CC3)C2)CC1
C1CCC(CCC2CCCCC2C2CC(C3CCCCC3)C3CCCCC32)CC1
C1CCC(C2CCC(C3CCCCC3)CC2)CC1
C1CCC(CC2CCCCC2C2CCCC(CCC3CC4CCCCC4C3)C2)CC1
C1CCC(C2CCC(CCC3CCC(C4CCCCC4)CC3)CC2)CC1
C1CCC(CCC2CCCC(C3CCCCC3)C2)CC1
C1CCC(C2CCC(C3CCC(C4CCCCC4)CC3)CC2)CC1
C1CCC(CC2CC(CC3CCC(C4CCC(C5CCCCC5)CC4)CC3)C3CCCCC23)CC1
C1CCC(C2CCC(CC3CCCC4CCCCC43)CC2)CC1
C1CCC(C2CCCC(CC3CCC(C4CCCCC4C4CCCC4)CC3)C2)CC1
C1CCC(C2CCC(CC3CCC4CCCC4C3)CC2)CC1
C1CCC(CCCCC2CCC(CC3CCCCC3)CC2)CC1
C1CCC2CC(C3CC(C4CCC5CCCC5C4)C4CCCCC34)CCC2C1
C1CCC(CC2CCC(CC3CCC(C4CCCC(CC5CC6CCCCC65)C4)CC3)CC2)CC1
C1CCC(C2CCCC(CCCCC3CCCC4CCCCC34)C2)CC1
C(CC1CCC(C2CCC3CCCCC32)CC1)CC1CCCC(C2CCCC2)C1
C1CCC(C2CCCC(C3CCCCC3C3CCCCC3)C2)CC1
C1CCC(CCC2CCCC(C3CCC(CC4CCC(CC5CCCCC5)CC4)CC3)C2)CC1
C1CCC(CCC2CCCCC2C2CCCCC2)CC1
C1CCC(CCCCC2CCC(CC3CCCCC3)CC2CC2CCCCC2)CC1
C1CCC(CCCCC2CCC(C3CCCC(CC4CCC(C5CCCC5)CC4)C3)CC2)CC1
C1CCC(CC2CCCC(CC3CCCCC3)C2)CC1
C1CCC(CC2CCC(CC3CCC(C4CCCC(CC5CCCCC5)C4)CC3)CC2)CC1
C1CCC(C2CCCC(C3CCCCC3)C2)CC1
C1CCC(C2CCCC(C3CCCCC3)C2)CC1
C1CCC(CC2CCC3C(C2)CC(C2CCC4CCCCC42)CC3C2CCCCC2)CC1
C1CCC(CC2CCCCC2C2CCCC(C3CCCCC3)C2)CC1
C1CCC(CCC2CCC(CC3CCCC4CCCCC43)CC2)CC1
C1CCC(CC2CCCC(CC3CCCCC3)C2)CC1
C1CCC(C2CCCC(C3CCC(CCC4CCC5CCCCC5C4)CC3)C2)CC1
C1CCC(CC2CCCCC2C2CCCC(C3CCCCC3)C2)CC1
C1CCC(CC2CCCC(C(C3CCCCC3)C3CCC3)C2)CC1
C1CCC(CCC2CCCC(C3CCC(C4CCCC(C5CCCC5)C4)CC3)C2)CC1
C1CCC(C2CCCC(C3CCCCC3)C2)CC1
C1CCC(C2CCCC(CC3CCCC(C4CCCCC4)C3)C2)CC1
C1CCC(C(CC2CC2)C2CC(CCCC3CCCC4CCCCC43)C3CCCCC32)CC1
C1CCC(CCCC2CCC(C3CCCCC3)C(C3CCCCC3)C2)CC1
C1CCC(CCC2CCCCC2C2CCCCC2)CC1
C1CCC(C2CCCC(C3CCCCC3)C2)CC1
C1CCC(C2CC(C3CCCCC3)CC(C3CCCCC3)C2)CC1
C1CCC(CC2CCCC(CCC3CC4CCCCC4C3)C2)CC1
C1CCC(CCCCC2CCC(CC3CCCCC3)CC2CC2CCCCC2)CC1
C1CCC(CC2CCC(CCCC3CC(CC4CCCCC4)C4CCCCC34)CC2)CC1
C1CCC(CC2CCCC(CC3CCCC(CC4CC(CC5CCCCC5)C4)C3)C2)CC1
C1CCC(CC2CCCCC2C2CCCCC2)CC1
C1CCC(CC2CCCC(C3CCCCC3)C2C2CCCCC2)CC1
C1CCC(CCC2CCC(C3CCCCC3)CC2)CC1
C1CCC(CC2CC(CC3CCC(C4CCCCC4)CC3)C3CCCCC23)CC1
C1CCC(CCC2CCC(C3CCCCC3C3CCC4CCCC4C3)CC2)CC1
C1CCC(CC2CCC(CC3CCCCC3)CC2)CC1
C1CCC(CC2CCC(CC3CCCC(CC4CCCCC4)C3)CC2)CC1
C1CCC(C2CCCC(C3CCCC4CCCCC43)C2)CC1
C1CCC(C2CCCCC2C2CCCCC2)CC1
C1CCC(CCC2CCCC(C3CCCC(C4CCCCC4)C3)C2)CC1
C1CCC(C2CCCCC2C2CCCCC2C2CC3CCCCC3C2)CC1
C1CCC(C2CCC(C3CCCC3C3CCCCC3)CC2)CC1
C1CCC(CCC2CC(CC3CCCCC3)CCC2C2CCCCC2)CC1
C1CCC(CC2CC(C3CCCCC3)CC(C3CCC(C4CCCCC4)CC3)C2)CC1
C1CCC(C2CCC3CC(C4CCCC(CC5CC6CCCCC6C5)C4)CCC3C2)CC1
C1CCC(CCC2CCC(CC3CCCC(C4CCCC(CC5CCCCC5)C4)C3)CC2)CC1
C1CCC(CC2CCCCC2CC2CCCC(CC3CCC(C4CCC5CCCCC54)CC3)C2)CC1
C(CCC1CCCC(C2CCC3CC(C4CCC(CCC5CC5)CC4)CCC32)C1)CC1CCC1
C1CCC(C2CCCC(CC3CCCC(CC4CCC(CCC5CC5)CC4)C3)C2)CC1
C1CCC(CC2CCC(CC3CCC(C4CCC(C5CCCC(C6CC6)C5)CC4)CC3)CC2)CC1
C1CCC(CC2CCCCC2CC2CCC(CC3CCCC(CC4CCCC4)C3)CC2)CC1
C1CCC(CC2CCCC(CCC3CC4CCCCC4C3)C2)CC1
C1CCC(CC2CCCC(C3CCCCC3CC3CCCCC3)C2)CC1
C1CCC(CCC2CCCC(C3CCCCC3)C2)CC1
C1CCC(CCC2CCC(C3CCCCC3CCC3CCCCC3)CC2)CC1
C1CCC(C2CCC(CC3CCC(CC4CCC(CCC5CC5)CC4)CC3)CC2)CC1
C1CCC(C2CC3CCC(C4CCCCC4)CC3C(C3CCCCC3)C2)CC1
C1CCC(CC2CCC(CC3CCCCC3)CC2)CC1
C1CCC(CC2CCC(CC3CCCCC3C3CCCCC3)CC2)CC1
C1CCC(CC2CCC3C(CC4CCCCC4)CC(CC4CCCC(C5CCCCC5)C4)C3C2)CC1
C1CCC(CCCC2CCC(C3CCC(CCC4CC5CCCCC5C4)CC3)CC2)CC1
C1CCC(C2CCCCC2)CC1
C1CCC(C2CCCC(CC3CCC(C4CCCC4)CC3)C2)CC1
C1CCC(CC2CCC(CCCC3CCCC(C4CCCC4)C3)CC2)CC1
C1CCC(C2CCCC(C3CC4CCCCC4C3)C2)CC1
C1CCC(CC2CCC(C3CCCCC3)CC2CC2CCCCC2)CC1
C1CCC(CCC2CCCC(C3CCC(C4CCCC4)CC3)C2)CC1
C1CCC(C2CCC(C3CCC(CCC4CCC(C5CC5)CC4)CC3)C(C3CCCC3)C2)CC1
C(CCC1CCC(C2CCCCC2)CC1)CCC1CCCC(C2CCCCC2)C1
C1CCC(C2CCC(C(C3CCCCC3)C3CC3)CC2)CC1
C1CCC(CC2CCCC(C3CCC(C4CCCCC4C4CCCCC4)C4CCCC34)C2)CC1
C1CCC(C2CCCCC2CC2CCCC(CC3CCCC3)C2)CC1
C1CCC(CCC2CCC(CC3CCC(CCC4CCCC(C5CCCCC5)C4)CC3)CC2)CC1
C1CCC(CCCC2CCCCC2)CC1
C1CCC(CCCC2CCC(C3CCCCC3)CC2)CC1
C1CCC(CCCC2CC(C3CC3)CCC2C2CCCC(C3CCCCC3)C2)CC1
C1CCC(CC2CCCC(CC3CCCCC3C3CCCC3)C2)CC1
C1CCC(CC2CCC(C3CCC4CCC(CCC5CC5)CC43)CC2)CC1
C1CCC(CCC2CCCC(C3CCCCC3)C2)CC1
C1CCC(CCC2CCC(CC3CCC(C4CCCCC4)CC3)CC2)CC1
C1CCC(CCC2CCC(CC3CCCCC3)C(C3CCCCC3)C2)CC1
C1CCC(CCCC2CC(CC3CCCC3C3CCCCC3)C3CCCCC23)CC1
C1CCC(CC2CCC(CCCC3CCC(CC4CCC(CCCC5CC5)CC4)CC3)CC2)CC1
C1CCC(CCC2CCC3CCC(C4CCCCC4)C3C2)CC1
C1CCC(CC2CC(C3CCCCC3)C3CCCCC23)CC1
C1CCC(CC2CCC(C3CCCCC3)C(CC3CCCCC3)C2)CC1
C1CCC(C2CCCC(C3CC(C4CCCCC4)CC(C4CC4)C3)C2)CC1
C1CCC(C2CCCC(C3CCCCC3)C2)CC1
C1CCC(C2CCC(C3CCCCC3)C2)CC1
C1CCC(CC2CCC(C3CCCC(CC4CCCCC4)C3)CC2)CC1
C1CCC(CC2CCC(C3CCCCC3)C(CCC3CCCCC3CC3CCCCC3)C2)CC1
C1CCC(CCCC2CCCC(CCC3CCCCC3)C2)CC1
C1CCC(CCCC2CCC(CCC3CCCCC3)CC2C2CCC3CCCC3C2)CC1
C1CCC(CC2CCC(CC3CC(CC4CCCCC4)C4CCCCC34)CC2)CC1
C1CCC(CCCCC2CCC(CC3CC4CCCCC4C3)CC2)CC1
C1CCC(CC2CCC(CC3CCC(C4CCCC4)CC3CC3CCC4CCCCC4C3)CC2)CC1
C1CCC(CC2CCC3CC(C4CCC5CCCCC5C4)CCC23)CC1
C1CCC(CC2CCCC(CCC3CCCC(C4CCCC4)C3)C2)C1
C1CCC(CC2CCCC(C3CCCC3CC3CCCCC3)C2)CC1
C1CCC(C2CCCC(C3CCC(CC4CCCCC4C4CCC5CCCC5C4)CC3C3CCCCC3)C2)CC1
C1CCC(CCC2CCC(C3CC(C4CCCCC4)C4CCCCC34)CC2)CC1
C1CCC(CCC2CCCC(CC3CCCC(C4CC5CCCCC5C4)C3)C2)CC1
C1CCC(C2CC(C3CCCC3)CC(C3CCCC(CCC4CCCC4)C3)C2)CC1
C1CCC(CC2CC(C3CCCCC3)CC(C3CCC3)C2)CC1
C1CCC(CCC2CCC(CC3CCCCC3)CC2)CC1
C1CCC(C2CCCC(C3CC(CCC4CCCC4)CC4CCCCC43)C2)CC1
C1CCC(CC2CCC(CC3CCCCC3)CC2)CC1
C1CCC(CCC2CC(C3CCCC(C4CCCCC4)C3)CCC2C2CCCCC2)CC1
C1CCC(CCC2CC(CCC3CCCC3)CC(C3CCCC(C4CCCCC4)C3)C2)CC1
C1CCC(CC2CCC(CC3CCCCC3)CC2)CC1
C1CCC(CC2CCCC(C3CCCC(C4CCCCC4)C3)C2)CC1
C1CCC(CCC2CCC(C3CCC(CC4CCCCC4)CC3)CC2)CC1
C1CCC(CCC2CCC(CC3CCCCC3)CC2)CC1
C1CCC(CC2CCCC(CC3CCC4CCCCC43)C2)CC1
C1CCC(C2CCC3CC(CCCC4CCCC(C5CCCC5)C4)CCC32)CC1
C1CCC(C2CCC(C3CCCCC3)CC2)CC1
C1CCC(C2CCC(C3CCC(C4CCCCC4)CC3)CC2)CC1
C1CCC(C2CCC(CCC3CCCCC3C3CCCCC3)CC2)CC1
C1CCC(CCC2CCC(C3CCCC(C4CCCCC4)C3)CC2)CC1
C1CCC(C2CCC(C3CCC(CC4CCC5CCCCC54)CC3)CC2)CC1
C1CCC(CC2CCCCC2CCC2CCCC(C3CCCCC3)C2)CC1
C1CCC(C2CCC(CC3CCCC(C4CCCC(C5CCCCC5)C4)C3)CC2)CC1
C1CCC(CCC2CCCCC2)CC1
C1CCC(CCCC2CC(CC3CCCCC3)CC(C3CCCC(C4CCCCC4)C3)C2)CC1
C1CCC(C2CCCC(CC3CCC4CCCCC43)C2)CC1
C1CCC(CC2CC(C3CCC(C4CCCCC4)CC3)C3CCCCC23)CC1
C1CCC(CCC2CCCC(C3CCC(C4CCCC5CC(C6CCCCC6)CCC54)CC3)C2)CC1
C1CCC(CC2CCCC(CCC3CCCC(CC4CCCC4)C3)C2)CC1
C1CCC(CC(CCC2CCCC2)C2CCCC(CC3CCC(C4CCCCC4)CC3)C2)CC1
C1CCC(C2CCC(C3CCCC(C4CCCC(C5CCCCC5)C4)C3)CC2)CC1
C1CCC(CC2CCC(CCC3CCC(C4CCCCC4)CC3)CC2)CC1
C1CCC(CC2CCC(CC3CCC(C4CCC5CCCC5C4)CC3)CC2)CC1
C1CCC(CC2CCC(C3CCCCC3)CC2)CC1
C1CCC(CC2CCC(C3CCCCC3)CC2)CC1
C1CCC(C2CCCCC2C2CCCC(CC3CC4CCCCC4C3)C2)CC1
C1CCC(CC2CCCC(CCC3CCC(CC4CCC(C5CCCC5)CC4)CC3)C2)CC1
C1CCC(CC2CCC(CCC3CCCC(CC4CCCCC4)C3)CC2)CC1
C1CCC(CCC2CCC(C3CCCC(C4CCCCC4)C3)CC2)CC1
C1CCC(CCCC2CCC(CC3CCCCC3)CC2)CC1
C1CCC(C2CCC(C3CC(C4CCCCC4)C4CCCCC34)CC2)CC1
C1CCC(CC2CCCC(C3CCCCC3)C2)CC1
C1CCC(C2CCCC(CCC3CCCC(CC4CCC5CCCCC54)C3)C2)CC1
C1CCC(CCC2CCCC(C3CCCCC3)C2)CC1
C1CCC(C2CCCC(CCC3CCCCC3C3CCCCC3)C2)CC1
C1CCC(C2CCC(C3CCC(C4CCCCC4)CC3)CC2)CC1
C1CCC(CC(CCCC2CCCC2)C2CCCC(C3CCCCC3)C2)CC1
C1CCC(CCC2CCCCC2C2CCCCC2CCC2CCCC(C3CCCC(C4CC4)C3)C2)C1
C1CCC(C2CCC(C3CCC(C4CC4)CC3C3CCCC3)CC2)CC1
C1CCC(CC2CCC(C3CCCCC3)CC2)CC1
C1CCC(CC2CCC(C3CCCC(CCC4CCC(C5CCCCC5)CC4)C3)CC2)CC1
C1CCC(C2CC3CCCCC3C2)CC1
C1CCC(CC(C2CCCCC2)C2CCCC(C3CCCCC3)C2)CC1
C1CCC(CC2CCC(C3CCCCC3CC3CCCCC3)CC2)CC1
C1CCC(CC2CCCCC2C2CCCCC2C2CCCCC2C2CCCC2)CC1
C1CCC(C2CCC(C3CCC4CCCCC4C3)CC2)CC1
C1CCC(C2CCC(C3CCCC(C4CCCCC4C4CCCC4)C3)C2)CC1
C1CCC(CC2CCC(C3CCCCC3C3CCC4CCCC4C3)CC2)CC1
C1CCC(CCCCCC2CCC(C3CCCCC3)CC2CCC2CCCCC2)CC1
C1CCC(C2CCCC(C3CCCC(C4CCCCC4)C3)C2)CC1
C1CCC(CCCC2CCCC(CC3CCC(CC4CC4)CC3)C2)CC1
C1CCC(CC2CCC(CC3CCCCC3)C(C3CCCCC3)C2)CC1
C1CCC(CC2CCCCC2)CC1
C1CCC2CC(CC3CCC(CCC4CCCC5CCCCC54)CC3)CC2C1
C1CCC(CC2CCCC3CC(CCC4CCCCC4C4CCC5CCCC5C4)CCC23)CC1
C1CCC(CC2CCC(CC3CCC(CCCC4CC4)CC3)CC2)CC1
C1CCC(CC2CCCCC2CC2CCCCC2)CC1
C1CCC(C2CCCC(C3CCCCC3)C2)CC1
C1CCC(CC2CCC(CCC(CC3CCCCC3)C3CCCCC3)CC2)CC1
C1CCC(CC2CCC(C3CCCCC3C3CCCCC3)CC2)CC1
C1CCC(CC2CCC(CC3CC(CC4CCCCC4)C4CCCCC34)CC2)CC1
C1CCC(C2CCCC(C3CCCCC3)C2)CC1
C1CCC(C2CCCCC2C2CCC(CC3CCC4C(CCC4C4CCCCC4)C3)CC2)CC1
C1CCC(CC2CCC(C3CCC4CCCCC43)CC2)CC1
C1CCC(CC2CC(CC3CCCC(C4CCC5CCCC5C4)C3)C3CCCCC23)C1
C1CCC(C2CCCC(CCCC3CCCC(C4CCC4)C3)C2)CC1
C1CCC(CCCC2CCCC3CCCCC32)CC1
C1CCC(CC2CCC(C3CCC(CC4CCCCC4)CC3)CC2)CC1
C1CCC(CC2CCC(CCC3CCC4C(CCC4C4CCCCC4)C3)CC2)CC1
C1CCC2CC(C3CCCCC3CC3CCCC(C4CCC5CCCC5C4)C3)CCC2C1
C1CCC(CCC2CCCC(C3CCCCC3)C2)CC1
C1CCC(C2CCCC(C3CCCCC3)C2)CC1
C1CCC(C2CC(C3CCCCC3)CC(C3CCCCC3)C2)CC1
C1CCC(C2CCC(C3CCCCC3)CC2)CC1
C1CCC(CCCC2CCCC(CC3CCCCC3)C2)CC1
C1CCC(CC2CCCC(C3CCCCC3)C2)CC1
C1CCC(C2CCCCC2)CC1
C1CCC(C2CCCC(CC3CCC(C4CCCC(C5CCCC5)C4)CC3)C2)CC1
C1CCC(CCCCC2CCCCC2C2CCCCC2)CC1
C1CCC(CCC2CCCC(CC3CC4CCCC(CC5CCC6CCCCC65)C4C3)C2)CC1
C1CCC(CC2CCCC(CCCCCC3CCCC(CC4CCCCC4)C3)C2)CC1
C1CCC(CC2CCCC(CCC3CCC(CC4CCCCC4C4CCCC4)CC3)C2)CC1
C1CCC(CCC(C2CCCCC2)C2CCCCC2CC2CCCCC2)CC1
C1CCC(CCC2CCC(CC3CCCCC3)CC2C2CCCCC2C2CCCCC2)CC1
C1CCC(CCC2CCCC(CCC3CCCCC3CCC3CCCCC3)C2)CC1
C1CCC(CC2CC(C3CCCCC3)C3CCCCC23)CC1
C1CCC(C2CCCCC2C2CCC3C(CC4CCCC4)CCC3C2)CC1
C1CCC(CC2CCC(C3CCC(C4CC5CCCCC5C4)CC3)CC2)CC1
C1CCC(CC2CCCC2C2CCCCC2CC2CCC3CCCC(C4CCCCC4)C3C2)CC1
C1CCC(CCCC2CCC(CC3CCC(CC4CCC(CC5CCCC5)CC4)CC3)CC2)CC1
C1CCC(C2CCCCC2C2CCCCC2)CC1
C1CCC(CCCC2CC3CCCCC3C2)CC1
C1CCC(CC2CCC(C3CCCCC3)CC2)CC1
C1CCC(C2CCCCC2CC2CCC(C3CCCCC3)C(C3CCCCC3)C2)CC1
C1CCC(CC2CCC(CC3CCCCC3)CC2)CC1
C1CCC(C2CCCC(C3CC4CCCCC4C3)C2)C1
C1CCC(CCCC2CCCCC2CC2CCCCC2)CC1
C1CCC(CC2CCCC(CCC3CC(CC4CCCCC4)C4CCCCC34)C2)CC1
C1CCC(CCCC2CCCC(CC3CCC(CC4CCCCC4)CC3)C2)CC1
C1CCC(CC2CCCC(C3CC4CCCCC4C3)C2)CC1
C1CCC(CC2CCC(CC3CCCCC3)CC2)CC1
C1CCC(CC2CCCC(C3CCCC(C4CCCCC4)C3)C2)CC1
C1CCC(C2CCCC(CC3CC(C4CCCCC4)C4CCCCC34)C2)CC1
C1CCC(CCCC2CCC(CC3CCCC(CCCC4CCC(C5CCCCC5)CC4)C3)CC2)CC1
C1CCC(C2CCC(C3CCCCC3)CC2)CC1
C1CC(CCCC2CCC(CCC3CCC(CC4CCC(CC5CCCC(C6CCC6)C5)CC4)CC3)CC2)C1
C1CCC(CC2CCC(C3CCCC(C4CCC(C5CC(C6CCCC6)C6CCCCC56)CC4)C3)C2)CC1
C1CCC(CC2CC(C3CCC(C4CCC5CCCCC54)CC3)C3CCCCC23)C1
C1CCC(C2CCCC(C3CCCCC3)C2)CC1
C1CCC(CC2CCC(CC3CCC(CC4CCCCC4)CC3)CC2)CC1
C1CCC(C2CCCC(CC3CC4CC(C5CCCCC5)CCC4C(C4CC4)C3)C2)CC1
C1CCC(CC2CCCCC2C2CCCC(C3CCCCC3)C2)CC1
C1CCC(C2CCCC(C3CCCCC3)C2)CC1
C1CCC(CC2CCC(C3CCCCC3)CC2)CC1
C1CCC(CC2CCC(CCCC3CCC(CC4CCCCC4)CC3)CC2)CC1
C1CCC(CC2CCCCC2C2CCCCC2C2CCCC2)CC1
C1CCC(CC2CCCCC2CC2CCCC(C3CCCCC3)C2)CC1
C1CCC(CC2CCCCC2CC2CCC(C3CCCCC3)CC2)CC1
C1CCC(C2CCC(CC3CCC(C4CCCC(C5CCCCC5)C4)CC3)CC2)CC1
C1CCC(C2CCC(C3CCCC(CC4CCC(C5CCCC5)CC4)C3)CC2)CC1
C1CCC(CCC2CCC(C3CCCCC3)CC2)CC1
C1CCC(C2CCC(C3CCCCC3)C(C3CCCCC3)C2)CC1
C1CCC(CC2CCC3CC(C4CCC5CCCCC54)CC(C4CCCCC4)C3C2)CC1
C1CCC(C2CCC(CC3CCC(CC4CCCCC4CC4CCCC4)CC3)CC2)CC1
C1CCC(CC2CCC(C3CCC(C4CCC(CCC5CC5)CC4)CC3)CC2)CC1
C1CCC(C2CCC(CC3CCC(CCC4CC(C5CCCCC5)C5CCCCC45)CC3)C(C3CCCC3)C2)CC1
C1CCC(CC2CC(C3CCCC(C4CCCCC4)C3)C3CCCCC23)CC1
C1CCC(CC2CCCCC2)CC1
C1CCC(CC2CCC(CCCC3CCC(C4CCC5CCCC5C4)CC3)CC2)CC1
C1CCC(CC2CCC(CCC3CC(CC4CCCCC4)CCC3CC3CCCCC3)CC2)CC1
C1CCC(CCC2CCCCC2)CC1
C1CCC(CCC2CCCC3CC(C4CCCCC4)CCC23)CC1
C1CCC(CCCCC2CCC(C3CCCC4CCCCC43)CC2)CC1
C1CCC(CC2CCC(C3CCC(C4CCCCC4)CC3)C2)CC1
C1CCC(C2CC(CC3CCCC3)C3CCCCC32)CC1
C1CCC(CC2CCCC(C3CCC(C4CCCCC4)CC3)C2)CC1
C1CCC(CC2CCC(CCC3CCCC(C4CCCC(C5CCCCC5)C4)C3)CC2)CC1
C1CCC(CCCCCC2CCCCC2)CC1
C1CCC(CC2CCC(C3CCCC(CC4CCC4)C3)CC2)CC1
C1CCC(C2CCC(C3CCCCC3CC3CCCC3)CC2)CC1
C1CCC(CC2CCCCC2C2CCCCC2)CC1
C1CCC(CC2CCC(C3CCCCC3)CC2)CC1
C1CCC(CCC2CCC(CCC3CCCCC3CC3CCCCC3)CC2)CC1
C1CCC(C2CCC3CCCCC3C2)CC1
C1CCC(CC2CCCC(C3CCCC(C4CCCCC4)C3)C2)CC1
C1CCC(CC2CCCCC2C2CCCCC2)CC1
C1CCC(CCCC2CCC(CCC3CC(C4CCC5CCCCC54)C4CCCCC34)CC2)CC1
C1CCC(C2CCC(C3CCCCC3)CC2)CC1
C1CCC(CC2CCC(CC3CCC(CC4CCCCC4)CC3)CC2)CC1
C1CCC(CC2CC(C3CCCCC3)C3CCC(C4CCCCC4)CC23)CC1
C1CCC(C2CCCC(C3CCCC(C4CCCCC4)C3)C2)CC1
C1CCC(CC2CCCCC2)CC1
C1CCC(CCC2CC(CC3CCCC3)C3CCC(C4CCCC(C5CCCCC5)C4)CC23)CC1
C1CCC(C2CC(C3CCCCC3)CC(C3CCCCC3)C2)CC1
C1CCC(C2CCCCC2C2CCCCC2)CC1
C1CCC(C2CCCC(CCC3CCC4CCCC(C5CCCC(C6CCCCC6)C5)C4C3)C2)CC1
C1CCC(CC2CCCCC2C2CCCCC2)CC1
C1CCC(CC2CCCC(C3CCCCC3)C2)CC1
C1CCC(C2CCCC(CCC3CC(C4CCCCC4)C4CCCCC34)C2)CC1
C1CCC(C2CCCC(C3CCCCC3)C2)CC1
C1CCC(CC2CCC3C(C4CCCCC4)CC(C4CCCC(C5CCCCC5)C4)C3C2)CC1
C1CCC(CC2CCC(C3CCC(C4CCCCC4)CC3)CC2)CC1
C1CCC(CC2CCC(CC3CC4CCCCC4C3)CC2)CC1
C1CCC(CC2CCC(CCC3CCCC(C4CCCC(C5CCCC5)C4)C3)CC2)CC1
C1CCC(CCCC2CCC(C3CCCCC3)CC2C2CCC3CCCC3C2)CC1
C1CCC(C2CCC(C3CCCCC3)C(C3CCCCC3)C2)CC1
C1CCC(CC2CCCC(C3CCCC(C4CCCCC4)C3)C2)CC1
C1CCC(CCCCC2CCCC(CC3CCCC(C4CCCCC4)C3)C2)CC1
C1CCC(C2CC(C3CCCCC3C3CCC4CCCCC4C3)CCC2C2CCC2)CC1
C1CCC(CC2CCCCC2C2CCCC(CC3CCC(CC4CCCC4)CC3)C2)CC1
C1CCC(CCC2CCC(CC3CCCCC3)CC2)CC1
C1CCC(C2CCC(C3CCCCC3)C(C3CCCC3)C2)CC1
C1CCC(CC2CCCC(CC3CCCC(C4CCCC4)C3)C2)CC1
C1CCC(CCC2CCCC(C3CCCC(C4CCCCC4)C3)C2)CC1
C1CCC(CCCC2CCC(CC3CCCCC3)CC2)CC1
C1CCC(CC2CCC(CCC3CCCC(C4CCC(CC5CCCC5)CC4)C3)CC2)CC1
C1CCC(CC2CCC(CC3CCC(C4CCCCC4)CC3)CC2)CC1
C1CCC(C2CCC(CC3CCC(C4CCCCC4CCC4CC5CCCCC5C4)CC3)CC2)CC1
C1CCC(CC2CCCCC2CCC2CCCCC2C2CCCC2)CC1
C1CCC(CCCC2CCC(CC3CCC(CC4CCCCC4)CC3)CC2)CC1
C1CCC(CC2CCC(CC3CCCCC3)CC2)CC1
C1CCC(CC2CCCC(CC3CC(C4CCCCC4)C(C4CCCCC4)C4CCCC34)C2)CC1
C1CCC(CCC2CCCCC2C2CCCC(C3CC(C4CCCCC4)C4CCCCC34)C2)CC1
C1CCC(C2CCC3C(CCCC3C3CCCCC3C3CCC4CCCCC4C3)C2)CC1
C1CCC(CCCCCC2CCCCC2C2CCC(C3CCCCC3)CC2)CC1
C1CCC(C2CCCC(CC3CCC4CCCCC43)C2)CC1
C1CCC(CC2CCCCC2CC2CCCC(C3CCCCC3)C2)CC1
C1CCC(CCCC2CCC3C(CCCC3C3CCC(C4CCCC5CCCCC54)CC3)C2)CC1
C1CCC(CCC2CCC(C3CCCCC3)CC2)CC1
C1CCC(CCC2CCCC(C3CCCCC3CC3CCCCC3)C2)CC1
C1CCC(C2CCCC(C3CCCC(CC4CCCCC4C4CCC4)C3)C2)CC1
C1CCC(CC2CCCC(CC3CCC(C4CCCCC4)CC3C3CCCC3)C2)CC1
C1CCC(C2CCC(CC3CCCC(C4CCCCC4)C3)CC2)CC1
C1CCC(CC2CCCC(CCCCC3CCCC(C4CCCCC4)C3)C2)CC1
C1CCC(C2CCCCC2C2CCCC(C3CCCC(C4CCC5CCCCC54)C3)C2)C1
C1CCC(CCCC2CCCCC2C2CCCC2)CC1
C1CCC(CC2CCC(C3CCC(C4CCC(CC5CCCCC5)CC4)CC3)CC2)CC1
C1CCC(C2CCCC(C3CCCCC3)C2)CC1
C1CCC(CCCCC2CCC(C3CCCCC3CCC3CCCCC3)C2)CC1
C1CCC(CC2CCCC(CC3CCC(C4CCCC4)CC3)C2)CC1
C1CCC(CC2CCCCC2C2CCC(C3CCC3)CC2CC2CC2)CC1
C1CCC(C2CCCC(C3CCCCC3)C2)CC1
C1CCC(CC2CCC(C3CC(C4CCC(C5CCCCC5)CC4)C4CCCCC34)CC2)CC1
C1CCC(CC2CC(CC3CCC(C4CCC5CCCCC5C4)CC3)CCC2C2CCCCC2)CC1
C1CCC(CC2CCCCC2C2CCCC(CC3CCCCC3C3CCCCC3)C2)CC1
C1CCC(CC2CCCC(C3CCCCC3C3CCC4CCCC4C3)C2)CC1
C1CCC(CC2CCC(C3CCC(CC4CCCCC4)CC3)CC2)CC1
C1CCC(C2CCCC(C3CCCCC3)C2)CC1
C1CC(C2CC2)CC(C2CCC(C3CC4CCCCC4C3)CC2)C1
C1CCC(CC2CCCC(C3CCC(CC4CCC5CCCCC54)CC3)C2)CC1
C1CCC(C2CCCC(C3CCC4CCCCC43)C2)CC1
C1CCC(CCC2CCCCC2)CC1
C1CCC(C2CCC(C3CCCCC3C3CCCCC3)CC2)CC1
C1CCC(CC2CCC(C3CCCC(C4CCCCC4)C3)CC2CC2CCCC2)CC1
C1CCC(CC2CCCC(CC3CCC(C4CCCCC4)CC3)C2)CC1
C1CCC(C2CC(C3CCC(C4CCCC(C5CCCC5)C4)CC3)CC3CCCCC32)CC1
C1CCC(CC2CCC(CC3CCCCC3)C(C3CCCCC3)C2)CC1
C1CCC(CC2CCC(C3CCCC(C4CCCCC4)C3)CC2)CC1
C1CCC(CC2CCCCC2C2CCC3CCCC3C2)CC1
C1CCC(CC2CC(C3CCCCC3)CC(C3CCCCC3)C2)CC1
C1CCC(CCC2CC(CC3CCCC(C4CC4)C3)CCC2C2CCCCC2C2CCC3CCCCC32)CC1
C(CCCC1CCCCC1)CCCC1CCCC(C2CCCCC2C2CCCCC2)C1
C1CCC(C2CCC(C(C3CCCCC3)C3CC3)CC2)CC1
C1CCC(C2CCCC(C3CC(CC4CCCC4)C4CCCCC43)C2)CC1
C1CCC(C2CCCC(C3CCCC(CC4CCC5CCCCC54)C3)C2)CC1
C1CCC(CC2CCC(CC3CCCCC3)CC2)CC1
C1CCC(CC2CCCCC2CC2CCC(C3CCCCC3)CC2)CC1
C1CCC(C2CCCC(C3CCCCC3)C2)CC1
C1CCC(C2CCC(C3CCCCC3)CC2)CC1
C1CCC(CC2CCCC(C3CCCCC3)C2)CC1
C1CCC(C2CCCC(C3CC(C4CCC(CC5CC6CCCCC6C5)CC4)C4CCCCC34)C2)CC1
C1CCC(CC2CCCCC2)CC1
C1CCC(CC2CCCC(CCC3CCCC(C4CCCCC4)C3)C2)CC1
C1CCC(CC2CCC(C3CCCC(CCC4CCC(C5CCC5)CC4)C3)CC2)CC1
C(CC1CCC(C2CCC3CCCC3C2)CC1)CC1CCC2CCCC2C1
C1CCC(C2CCC(C3CCCC4CCCCC43)CC2)CC1
C1CCC(CCC2CCC(C3CCC(CC4CCCCC4)CC3)CC2)CC1
C1CCC(CCCCC2CCC(CCC3CCCC(C4CCC5CCCCC54)C3)CC2)CC1
C1CCC(CC2CCC(CC3CCC(CC4CCCCC4)CC3)CC2)CC1
C1CCC(CC2CCCC(CC(C3CCCCC3)C3CCCCC3)C2)CC1
C1CCC(C2CCCCC2C2CCC(C3CC3)CC2C2CCCCC2)CC1
C1CCC(C2CCCC(CC3CCC(CC4CC5CCCCC5C4)CC3)C2)CC1
C1CCC(C2CCCCC2)CC1
C1CCC(CCCC2CC(C3CCCCC3)CCC2C2CCCCC2)CC1
C1CCC(CCC2CCCC(C3CCCC(CCC4CCCCC4)C3)C2)CC1
C1CCC(CC2CCCC(CC3CCCCC3C3CCC(CC4CCC4)CC3)C2)CC1
C1CCC(CC2CCCC(C3CCCCC3)C2)CC1
C1CCC(C2CCCC(C(C3CCCCC3)C3CCC(C4CCCCC4C4CCCCC4)CC3)C2)CC1
C1CCC(C2CCC(C3CC(C4CCCCC4)CC(C4CCCCC4)C3)CC2)CC1
C1CCC(CCCC2CCC(CC3CCC(C4CCCC4)CC3)CC2)CC1
C1CCC(C2CCC(CCC3CCC4CCC(C5CCCCC5)CC34)CC2)CC1
C1CCC(CC2CCC(CC3CCCCC3C3CCCCC3)CC2)CC1
C1CCC(C2CCC3CCCCC3C2)CC1
C1CCC(CC2CCC(C3CCCC(CC4CCC5C(CCC5C5CCCCC5)C4)C3)CC2)CC1
C(CCCC1CCC(C2CCC3C(CCCC3C3CCCCC3)C2)CC1)CCC1CCCCC1
C1CCC(CC2CCC(CCC3CCC(CC4CC5CCCCC5C4)CC3)CC2)CC1
C1CCC(CCCCC2CCCC(C(C3CCCC3)C3CCC4CCCCC4C3)C2)CC1
C1CCC(C2CCCC(C3CCCCC3C3CCCCC3)C2)CC1
C1CCC(CC2CCC3C(CC4CCCCC4)CC(C4CCCCC4C4CCCCC4)C3C2)CC1
C1CCC(CCCC2CCCC(C3CCCCC3)C2)CC1
C1CCC(CCCC2CCCCC2C2CCCCC2)CC1
C1CCC(CCC2CC(CCCC3CCC(CC4CCCCC4)CC3)C3CCCCC23)CC1
C1CCC(CCCCCC2CCC(CCCC3CCCC(C4CCCCC4)C3)CC2)CC1
C1CCC(CC2CCCC(C3CCCCC3)C2)CC1
C1CCC(C2CCCC(CC3CCC4CC(CC5CCC6CCCCC65)CCC34)C2)CC1
C1CCC(CC2CC(C3CCCCC3)C3CC(C4CCCCC4)CCC23)CC1
C1CCC(CCC2CCC(C3CCCCC3)CC2)CC1
C1CCC(CCC2CC3CCCCC3C2)CC1
C1CCC(CC2CCC(CCC3CC(CC4CCCCC4)C4CCCCC34)CC2)CC1
C1CCC(CCCCCC2CCC(CCCCC3CCCCC3)CC2)CC1
C1CCC(CCCC2CCC3CCCCC3C2)CC1
C1CCC(CCCC2CCC(CC3CCCCC3)CC2)CC1
C1CCC(CCC2CCC(C3CCCC(CC4CCCC4)C3)CC2)CC1
C1CCC(CC2CCCC(CC3CCCCC3CC3CCCC3)C2)CC1
C1CCC(C2CCCC(CCCC3CCCC4CCCCC43)C2)CC1
C1CCC(CCC2CCC(CC3CCCCC3C3CCCCC3)CC2)CC1
C1CCC(C2CCC(C3CCCC(C4CCCC4)C3)CC2)CC1
C1CCC(CC2CCCCC2)CC1
C1CCC(C2CCC(C3CCC(CC4CCC4)CC3)CC2)CC1
C1CCC(CCCC2CCC(CC3CCCCC3)CC2)CC1
C1CCC(C2CCC(CCC3CCC(C4CCCC4)CC3)CC2)CC1
C1CCC(C2CCC(CC3CCCC(C4CCC(C5CCC(CCCC6CC6)CC5)CC4)C3)C2)CC1
C1CCC(CCC2CCCCC2)CC1
C1CCC(CCC2CC(C3CCCCC3)C(C3CCCCC3)C(C3CCCC3)C2)CC1
C1CCC(CC2CCC3CC(C4CCCCC4)CCC3C2)CC1
C1CCC(CC2CCCCC2C2CCCCC2)CC1
C1CCC(CCCCC2CCCC(CC3CCCC3)C2)CC1
C1CCC(C2CCC(C3CCC(C4CCCCC4C4CCCC4)CC3)CC2)C1
C1CCC(C2CCCCC2CCC2CCCC(C3CCC4CCCC4C3)C2)CC1
C1CCC(CCC2CCCC(C3CCCCC3)C2)CC1
C1CCC2CC(CC3CCCC(C4CCCC(C5CCCCC5C5CCCC5)C4)C3)CC2C1
C1CCC(CC2CCC(C3CCC4CCCC4C3)CC2C2CCCCC2)CC1
C1CCC(CC2CCC(C3CCCC(C4CCCCC4)C3)CC2)CC1
C1CCC(CC2CCCC(CC3CCCC(C4CCCCC4)C3)C2)CC1
C1CCC(C2CCC(C3CCCCC3)C(CCCC3CCCCC3C3CCCC3)C2)CC1
C1CCC(C2CCCC(CCC3CCC(C4CCC4)CC3)C2)CC1
C1CCC(C2CCCC(C3CCCCC3)C2)CC1
C1CCC(CCC2CCC(CC3CCC(C4CCCC(CC5CC5)C4)CC3)CC2)CC1
C1CCC(CCC2CCC(CC3CCCCC3)CC2)CC1
C1CCC(CCCCC2CCC(C3CCC(C4CCC5CCCCC54)CC3)CC2)CC1
C1CCC(C2CC(C3CCCCC3)CC(C3CCCCC3)C2)CC1
C1CCC(CCC2CCC(CCC3CCCC(CC4CCC(C5CCCCC5C5CCC5)CC4)C3)CC2)CC1
C1CCC(CC2CCC(CC3CCC4C(CC5CCCCC5)CCC4C3)CC2)CC1
C1CCC(C2CCCC(CC3CCC(CC4CCCC(C5CCCCC5)C4)CC3)C2)CC1
C1CCC(CCC2CCCC(C3CCCC(C4CCCC4)C3)C2)CC1
C1CCC(CCCC2CCC(CC3CCCCC3C3CCCC3)CC2)CC1
C1CCC(CCCC2CC(C3CCCC3)CC(C3CCCC(C4CCCCC4)C3)C2)CC1
C1CCC(CC2CCCCC2C2CCCCC2)CC1
C1CCC(C2CCCC(CC3CCCC(C4CC5CCCCC5C(C5CCCCC5)C4)C3)C2)CC1
C1CCC(CCC2CCCC(C3CCCCC3)C2)CC1
C1CCC(CC2CCCCC2)CC1
C1CCC(CCC2CCC(C(CCC3CCCCC3)C3CCCCC3)CC2)CC1
C1CCC2CC(C3CCC(C4CCCC(C5CCCC(C6CCCC6)C5)C4)CC3)CCC2C1
C1CCC(CC2CCC(CC3CCCCC3C3CCCC3)CC2)CC1
C1CCC(CCC2CCCC(C3CCC(CC4CCCC(C5CCCC5)C4)CC3)C2)CC1
C1CCC(CCC2CCCCC2C2CCC3C(CC4CCCC4)CCC3C2)CC1
C1CCC(CCCCC2CCCC(CC3CC3)C2)CC1
C1CCC(CCC2CCCCC2CCC2CCC(CC3CCCCC3)CC2)CC1
C1CCC(C2CCCC(CC3CCCC(C4CCCC4)C3)C2)CC1
C1CCC(CC2CCCC(CCCC3CCC(CC4CCC(CC5CC6CCCCC6C5)CC4)CC3)C2)CC1
C1CCC(CC2CCCC(C3CCCC(C4CCCCC4)C3)C2)CC1
C1CCC(CC2CCC(C3CC(C4CCCCC4C4CCCC4)C4CCCCC34)CC2)CC1
C1CCC(C2CCC(CC3CCCCC3C3CCCCC3)CC2)CC1
C1CCC(C2CCCCC2C2CCCCC2)CC1
C1CCC(CC2CC(CC3CCC(C4CCCCC4)CC3)C3CCCCC23)CC1
C1CCC(CCC2CCCCC2C2CC(CC3CCCCC3)CCC2CC2CCCCC2)CC1
C1CCC(CCCC2CCCC(CC3CCCCC3)C2)CC1
C1CCC(CCC2CCCCC2CC2CCCC(CC3CCCCC3)C2)CC1
C1CCC(C2CCCC(C3CCCC(C4CCCC4)C3)C2)CC1
C1CCC(C2CCCC(C3CCCCC3)C2)CC1
C1CCC(C2CC(C3CCC(C4CCC(C5CCC6CCCCC65)CC4)CC3)C2)CC1
C1CCC(CC2CCC(CCC3CCC(C4CCCC4)CC3)CC2)CC1
C1CCC(CC2CCCCC2C2CCCC(CC3CC4CCCCC4C3)C2)CC1
C1CCC(CCCC2CCCC(CC3CCCCC3)C2)CC1
C1CCC(CC2CCC(C3CCCCC3)CC2)CC1
C1CCC(CC2CCC(CC3CCC(CCCC4CC(CC5CCCC5)C5CCCCC45)CC3)CC2)CC1
C1CCC(CCC2CCCC(C3CCCC(C4CCCC4)C3)C2)CC1
C1CCC(CC2CCCC(C3CCC(C4CCCCC4)CC3)C2)CC1
C1CCC(CC2CCC(CC3CCCCC3C3CCCCC3)CC2)CC1
C1CCC(CCC2CC(CC3CC3)CCC2C2CCCCC2)CC1
C1CCC(CCCCC2CCCC(C3CCCC3CCC3CCCCC3)C2)CC1
C1CCC(CCC2CCCC(CC3CCCCC3C3CCC4CCCCC4C3)C2)CC1
C1CCC(CCC2CCC(C3CCCC(C4CCCCC4)C3)CC2)CC1
C1CCC(CC2CCCCC2C2CCCC2C2CCC(C3CCCCC3)CC2)CC1
C1CCC(C2CCC(C3CCCCC3)CC2)CC1
C1CCC(C2CCCC(C3CCCCC3)C2)CC1
C1CCC(C2CCCCC2CC2CCC(C3CCC(CCCC4CC4)C3)CC2)CC1
C1CCC(CC2CCCCC2C2CCC(C3CCCC(C4CCCCC4)C3)C3CCCC23)CC1
C1CCC(CCC2CCCC(C3CCCCC3)C2)CC1
C1CCC(C2CCC(CCC3CCCC(C4CCCCC4)C3)CC2)CC1
C1CCC(CC2CCCC(C3CCCCC3)C2)CC1
C1CCC(CC2CCC(CCCC3CCCC(CC4CCCCC4)C3)CC2)CC1
C1CCC(CC2CCCC(C3CCCCC3CC3CCCCC3)C2)CC1
C1CCC(C2CCCC(C3CCCCC3)C2)CC1
C1CCC(CCCC2CCC(CC3CCC4CCCC4C3)CC2)CC1
C1CCC(C2CCC(C3CCCC(C4CCCCC4)C3)CC2)CC1
C1CCC(C2CCCC(CCCC3CCCCC3C3CCCCC3C3CCCCC3)C2)CC1
C1CCC(CCCCC2CCCCC2C2CCC(C3CCCCC3)C(CC3CC3)C2)CC1
C1CCC(CCCC2CCCC(C3CCCC(C4CCC(CC5CCC(C6CCCCC6)CC5)CC4)C3)C2)CC1
C1CCC(CCC2CCCCC2CC2CCC3CCCCC32)CC1
C1CCC(C2CCCC(C3CCCC4CCCCC43)C2)CC1
C1CCC(CC2CCC(CC3CCCCC3C3CCCCC3)CC2)CC1
C1CCC(CCC(CC2CCCCC2)C2CCC(CC3CCCCC3)CC2)CC1
C1CCC(CCC2CCCC(C3CCCC(C4CCCC4)C3)C2)CC1
C(CCCC1CCC(C2CCCCC2)CC1)CCC1CCCCC1
C1CCC(C2CCCC(C3CCCCC3)C2)CC1
C1CCC(CC2CCCCC2)CC1
C1CCC(CCC2CCC(CC3CCCC(CC4CCCCC4)C3)CC2)CC1
C1CCC(CC2CCC(CC3CCC(C4CCCC4)CC3)CC2)CC1
C1CCC(CCC2CCCCC2)CC1
C1CCC(C2CCC(CC3CCC(C4CC5CCCCC5C(C5CCCCC5)C4)CC3)C2)CC1
C1CCC(CC2CCC(C3CC(C4CCCC(C5CCCCC5C5CCCC5)C4)C3)CC2)CC1
C1CCC(C2CCC(C3CCCCC3C3CCCC3)C(C3CCCCC3)C2)CC1
C1CCC(C2CCC(CC3CCCC4CC(C5CCCCC5)CCC34)CC2)CC1
C1CCC(C2CCC(CC3CCCC(C4CCCCC4)C3)CC2)CC1
C1CCC(C2CCC(C3CC(C4CCCCC4)C4CCCCC34)CC2CC2CCC2)CC1
C1CCC(CC2CCC(CC3CCCCC3C3CCCC3)CC2)CC1
C1CCC(C2CCC(C3CCC4CC(CC5CC5)CC(C5CCCCC5)C4C3)C2)CC1
C1CCC(C2CCCCC2C2CCCCC2)CC1
C1CCC(CC2CCC(CC3CCC(C4CCCCC4C4CCCCC4)CC3)CC2)CC1
C1CCC(CCCC2CCC(C3CCCCC3)CC2)CC1
C1CCC(CCC2CC(CCC3CC3)CC(CC3CCC4CCCC4C3)C2)CC1
C1CCC(C2CCCC(CC3CC3)C2)CC1
C1CCC(CC2CCC(CC3C(C4CCCCC4)CC(C4CCCCC4)CC3C3CCCC3)CC2)CC1
C1CCC(CC2CCC(CC3CCC(C4CCCCC4)CC3)CC2)CC1
C1CCC(CCC2CCC3CC(CC4CCC5CCCCC54)CC(CC4CCC(CC5CCCCC5)CC4)C3C2)CC1
C1CCC(CCCC2CCC(CC3CCCC(C4CCCCC4)C3)CC2)CC1
C1CCC(CC2CCC(C3CCCC(C4CCCCC4)C3)CC2)CC1
C1CCC(CCC2CCC(C3CCCC(C4CCCCC4)C3)CC2)CC1
C1CCC(C2CC(C3CCC4CCCCC43)CC3CCCCC32)CC1
C1CCC(CCC2CCC(CC3CCCCC3)CC2)CC1
C1CCC(C2CCC(CCCC3CCCCC3C3CCCC3)CC2)CC1
C1CCC(CCC2CC(CCC3CCC(CC4CCCCC4)CC3)C3CCCCC23)CC1
C1CCC(CC2CCC(C3CC3)CC2C2CCC3CCCC3C2)CC1
C1CCC(CC2CCCCC2C2CCC(C3CCCCC3)CC2C2CCCCC2)CC1
C1CCC(CCC2CCCCC2C2CCC(CC3CCCCC3)CC2)CC1
C1CCC(CC2CCC(CC3CCCCC3)C(CC3CCCCC3C3CCCCC3)C2)CC1
C1CCC(CC2CCCC(C3CCCC(CC4CCCCC4)C3)C2)CC1
C1CCC(C2CCC(CCC3CCCC(C4CCCCC4)C3)CC2)CC1
C1CCC(CC2CC(CCCC3CCC3)C3CC(C4CCCC(CCC5CCCC5)C4)CCC23)CC1
C1CCC(CC2CCCC(C3CCCCC3)C2)CC1
C1CCC(CC2CCCC(CC3CCCC(C4CCCCC4)C3)C2)CC1
C1CCC(CC2CCCC(C3CCCC(CC4CCC(CC5CC6CCCCC6C5)CC4)C3)C2)CC1
C1CCC(CC2CCCC(CCCCCC3CCCC(C4CC4)C3)C2)CC1
C1CCC(C2CCC(CC3CCC(C4CCCC4)CC3)CC2)CC1
C1CCC(CC2CCC(CCC3CCCCC3CC3CCCCC3)C(C3CCCC3)C2)CC1
C1CCC(C2CCCC(CC3CC4CCCCC4C3)C2)CC1
C1CCC(CCC2CCC(CC3CCCCC3)CC2)CC1
C1CCC(CC2CCC(CC3C(CC4CCCCC4)CCC3C3CCCCC3CC3CCCCC3)CC2)CC1
C(CC1CCC(CC2CCC3CCCCC32)CC1)CC1CC2CCCCC2C1
C1CCC(CC2CCC(CCC3CCC(CCC4CCCCC4C4CCCC4)CC3)CC2)CC1
C1CCC(CCCCC2CCC(C3CC(C4CCCCC4)C4CCCCC34)CC2)CC1
C1CCC(CCCC2CCC(CC3CCC(CC4CCCCC4)CC3)CC2)CC1
C1CCC(CCCC(CC2CCCCC2)C2CCC(CC3CC4CCCCC4C3)CC2)CC1
C1CCC(C2CCC(C3CCCCC3)C(C3CCCC3)C2)CC1
C1CCC(CC2CCCCC2C2CCCCC2)CC1
C1CCC(C2CCCC(C3CCC4CCCCC4C3)C2)CC1
C1CCC(C2CC(CC3CCC4CCCCC43)CC(C3CCCCC3)C2)CC1
C1CCC(CCCC2CCCC(CC3CCC(CC4CCCCC4)CC3)C2)CC1
C1CCC(C2CCCC(C3CCC(CC4CCC(C5CCCC5)CC4)CC3)C2)CC1
C1CCC(CCC2CCC(C3CCCCC3)CC2)CC1
C1CCC(C2CCCCC2C2CCCCC2C2CCCC(C3CCC4CCCC4C3)C2)CC1
C1CCC(CC2CCCCC2C2CCC(C3CCCC3)CC2C2CCC3CCCC3C2)CC1
C1CCC(CC2CCC(CCC3CCC(CC4CC5CCCCC5C4)CC3)C2)CC1
C1CCC(C2CCC(C3CCC(C4CCCC4)CC3)CC2)CC1
C1CCC(C2CCCC(CCC3CCC(C4CCCC(C5CCCCC5)C4)CC3)C2)CC1
C1CCC(CCCC2CCCC(CC3CCC(CCC4CCCCC4)CC3)C2)CC1
C1CCC(CCCC2CCCC(C3CCCC(C4CCCCC4)C3)C2)CC1
C1CCC(CCCC2CCCC(C3CCCCC3)C2)CC1
C1CCC(CCCCC2CCC(CC3CCC(C4CCCCC4)CC3)CC2)CC1
C1CCC(C2CCCC(CC3CCC(C4CCCC4)CC3)C2)CC1
C1CCC(CC2CCCC(C3CCC(C4CCC5CCCC5C4)CC3)C2)CC1
C1CCC(CC2CCC(CCCC3CCCC(CC4CC4)C3)CC2)C1
C1CCC(C2CCC3CCCC(C4CCCCC4)C3C2)CC1
C1CCC(C2CCC3CC(C4CCC(CC5CCCC(C6CCC7CCCC7C6)C5)CC4)CCC3C2)CC1
C1CCC(C2CCCCC2C2CCC3CCCC3C2)CC1
C1CCC(C2CCCC(CC3CCC(CC4CC4)CC3)C2)CC1
C1CCC(C(C2CCCCC2)C2CCCC(CC3CCC4CCCCC4C3)C2)CC1
C1CCC(C(C2CCCCC2)C2CCCCC2C2CCCC2)CC1
C1CCC(CC2CCC(C3CCCC(CC4CCCC(C5CCCCC5)C4)C3)CC2)CC1
C1CCC(C2CC3CCCCC3C(C3CCCCC3)C2)CC1
C1CCC(C2CCCCC2C2CCCC(CC3CCCC(CCC4CCCC4)C3)C2)CC1
C1CCC(CC2CCC(CCC3CC(CC4CCCCC4)C4CCCCC34)CC2)CC1
C1CCC(C2CCCC(CC3CCC(C4CCCC(C5CCCCC5)C4)CC3)C2)CC1
C1CCC(CCCCC2CCCC(CC3CCCCC3)C2)CC1
C1CCC(CC2CCCC(C3CCCC(CC4CC4)C3)C2)CC1
C1CCC(CC2CCC3CCCC(CC4CCCCC4)C3C2)CC1
C1CCC(CCC2CCC(C3CC3)CC2C2CCCC(C3CCCCC3)C2)CC1
C1CCC(C2CCCC(C3CCC4C(CCCC4C4CCC5CCCCC54)C3)C2)CC1
C1CCC(CC(CC2CCCC(C3CCCCC3)C2)C2CCC3CCCCC32)CC1
C1CCC(CCC2CCCC(CC3CCC4CCCC4C3)C2)CC1
C1CCC(C2CCCC(CC3CCCCC3C3CCC(CC4CCCC4)CC3)C2)CC1
C1CCC(CCCC2CCC(C3CCCCC3)CC2)CC1
C1CCC(CCC2CCC(C3CC(C4CCC(CCC5CCC(CC6CCCCC6)CC5)CC4)C4CCCCC34)CC2)CC1
C1CCC(C2CCC(CC3CCCCC3C3CCCCC3)CC2)CC1
C1CCC(C2CCC3C(CCC3C3CCCCC3)C2)CC1
C1CCC(CC2CCC3CC(C4CCCC(C5CCCC5)C4)CCC23)CC1
C1CCC2CC(CCC3CCC(C4CCC(CC5CCC(C6CCCCC6C6CCCC6)CC5)CC4)CC3)CC2C1
C1CCC(CCCCCC2CCC(C3CCC(C4CCCCC4)CC3)CC2)CC1
C1CCC(CCCC2CCC(C3CCCCC3CCC3CCCC(C4CCCCC4)C3)CC2)CC1
C1CCC(CCCC2CCCC(CCC3CCC(C4CCCCC4)CC3)C2)CC1
C1CCC(CCC2CCC3CCCC(C4CCCCC4)C3C2)CC1
C1CCC(C2CCCC(CC(C3CCCCC3)C3CCC(C4CCCC4)CC3)C2)CC1
C1CCC(C2CCCCC2)CC1
C1CCC(CCC2CCCC(CC3CCCCC3)C2)CC1
C1CC(CCC2CCC(C3CC3)CC2)CC(C2CCC(C3CCC4CCCCC43)CC2)C1
C1CCC(CC2CCC(CCC3CCCC(CC4CCCCC4)C3)CC2)CC1
C1CCC(C2CCC(CC3CCCCC3CCC3CC3)CC2)CC1
C1CCC(CC2CC(CCCCC3CC4CCCCC4C3)CC(C3CCCCC3)C2)CC1
C1CCC(C2CCC(C3CCCC3)CC2)CC1
C1CCC(CCCCC2CCC(C3CCCCC3)CC2C2CCCC3CCCCC32)CC1
C1CCC(CC2CCC(C3CCCCC3CC3CCC4CCCC4C3)CC2)CC1
C1CCC(CC2CCCCC2CCCC2CCC(C3CCCCC3)CC2)CC1
C1CCC(CCC2CCCC(CC3CCC(C4CCCCC4)C3)C2)CC1
C1CCC(CC2CC3CCCCC3C(C3CCCCC3)C2)CC1
C1CCC(C2CCCC(CC3CCCCC3C3CCCCC3)C2)CC1
C1CCC(C2CCCC(CCC3CCC(C4CC4)CC3)C2)CC1
C1CCC(CCCC2CCC(C3CCCC(C4CCCCC4)C3)CC2)CC1
C1CCC(CC2CCCC(C3CCCCC3CC3CCCCC3)C2)CC1
C1CCC(CC2CCC(C3CCCC(C4CCC(CCCC5CCC5)CC4)C3)CC2)CC1
C1CCC(CCC2CCC(C3CCCCC3)CC2)CC1
C1CCC(C2CCCC(C3CCCCC3)C2)CC1
C1CCC(C2CCCC(C3CCCC(CC4CCCC5CC(C6CCCCC6)CCC45)C3)C2)CC1
C1CCC(CCC2CCC(C3CCCC(C4CCCCC4CC4CCCCC4)C3)CC2)CC1
C1CCC(C2CCC(C3CCC(CCC4CCCC4)CC3)CC2)CC1
C1CCC(CC2CC(C3CCCCC3)C3CC(C4CCCCC4)CCC23)CC1
C1CC(CC2CCC(C3CCCCC3C3CCCC3)CC2)CC(C2CCC3CCCC3C2)C1
C1CCC(CCC2CCC(C3CCCCC3)C(C3CCCCC3)C2)CC1
C1CCC(CCC2CCC(C(CCC3CC4CCCCC4C3)C3CCCCC3)CC2)CC1
C1CCC(C2CC(CCC3CCCC(C4CCCC4)C3)C3CCCCC32)CC1
C1CCC(C2CCCC(C3CCC(C4CCCCC4)C(C4CCCC4)C3)C2)CC1
C1CCC(C2CCCC(CC3CCCC(C4CCCCC4C4CCCCC4C4CCCC4)C3)C2)CC1
C1CCC(CC2CCCC(CC3CCC(C4CCCCC4C4CCCCC4)CC3)C2)CC1
C1CCC(CC2CCC(CC3CCC(C4CCC(C5CC6CCCCC6C5)CC4)CC3)CC2)CC1
C1CCC(C2CCCC(CCC3CCC(C4CCCC(CC5CC6CCCCC65)C4)C(C4CCCC4)C3)C2)CC1
C1CCC(CCCC2CCC(CC3CC4CCCCC4C3)CC2)CC1
C1CCC(CCC2CCCC(C3CCCC(C4CCCCC4)C3)C2)CC1
C1CCC(C2CCCC(C3CCC(C4CCC(CCC5CCCC5)CC4)CC3)C2)CC1
C1CCC(CCC2CCC(C3CCC(C4CCCCC4C4CCCCC4)CC3)CC2)CC1
C1CCC(CC2CCC(CCC3CCC4CCCC4C3)CC2)CC1
C1CCC(CC2CCCCC2C2CCC(CC3CCCCC3)C(C3CC3)C2)CC1
C1CCC(C2CC(C3CCC4CCCCC43)CC3CCCCC32)CC1
C1CCC(CC(C2CCCCC2)C2CCC(CC3CCC4CCCC4C3)CC2)CC1
C1CCC(CC2CCCC(C3CCCC(C4CCCC4)C3)C2)CC1
C1CCC(CC2CCC(CC3CCC(CCC4CCCC4)CC3)CC2)CC1
C1CCC(CCCC2CCCCC2)CC1
C1CCC(CCCC2CCC(CCCC3CCCCC3)CC2)CC1
C1CCC(CC2CCCC(C3CCC(C4CCCC4)CC3)C2)CC1
C1CCC(CC2CCC(C(CC3CCCCC3)C3CCCCC3)CC2)CC1
C1CCC(C2CCCC(CC3CCCCC3C3CCCC(C4CCCC(C5CCCCC5)C4)C3)C2)CC1
C1CCC(C2CCC(C(CCC3CC4CCCCC4C3)C3CCCCC3)CC2)CC1
C1CCC(CC2CCCC(CC3CCCC(C4CCCC4)C3)C2)CC1
C1CCC(C2CCC(C3CCCCC3C3CCC4CCCC4C3)CC2)C1
C1CCC(CC2CCC(CCC3CCCC(C4CCCCC4)C3)CC2)CC1
C1CCC(C2CCC(C3CCCCC3C3CCC(CC4CC5CCCCC5C4)CC3)CC2)CC1
C1CCC(C2CCC(CC3CCC(C4CCCCC4)CC3)CC2)CC1
C1CCC(CCC2CCCC(CCCC3CCC(C4CCCCC4)CC3)C2)CC1
C1CCC(CC2CCCC(CCC3CCC(C4CCC(C5CC6CCCCC6C5)CC4)CC3)C2)C1
C1CCC(C2CCC(CCCC3CCCC(C4CCCCC4)C3)CC2)CC1
C1CCC(CCC2CCCCC2C2CCCC2)CC1
C1CCC(C2CCC(C3CCC(C4CCCCC4)CC3)CC2)CC1
C1CCC(C2CCCC(C3CCCCC3)C2)CC1
C1CCC(CCC2CCC(C3CCCC(C4CCCCC4C4CCCCC4)C3)CC2)CC1
C1CCC(CCC2CCC(C3CC(CC4CCCCC4)C4CCCCC43)CC2)CC1
C1CCC(C2CCCC(CC3CC4CCCC(CC5CCCC(CC6CCCC6)C5)C4C3)C2)CC1
C1CCC(C2CCCC(C3CCC(C4CCCC(C5CCCC5)C4)CC3)C2)CC1
C1CCC(C2CCCC(C3CCCCC3)C2)CC1
C1CCC(C2CCC(C3CCC(CC4CCCC4)CC3)CC2)CC1
C1CCC(CC2CCC(C(CCC3CCCC(C4CCCC4)C3)C3CCCC3)CC2)CC1
C1CCC(CC2CCC(C3CC(CC4CCCCC4)C4CCCCC43)CC2)CC1
C1CCC(CC2CCCC(C3CCCCC3)C2C2CCCCC2)CC1
C1CCC(C2CCC(C3CCC(C4CCC5CCCCC5C4)CC3)CC2)CC1
C1CCC(CC2CCCC(CC3CCCCC3)C2)CC1
C1CCC(CC2CCC(C3CCCC(C4CCCCC4)C3)CC2)CC1
C1CCC(CC2CCCCC2CC2CCCCC2)CC1
C1CCC(CC2CC(CC3CCCC(C4CCC(CC5CC6CCCCC6C5)CC4)C3)C3CCCCC23)CC1
C1CCC(CC2CCCC(C3CCCCC3)C2)CC1
C1CCC(CC2CCC(C3CCC(C4CCCCC4)CC3)CC2)CC1
C1CCC(C2CCCC(C3CCCC(C4CCCC4)C3)C2)CC1
C1CCC(CCC2CCC(C3CCC(CC4CCCCC4)CC3)CC2)CC1
C1CCC(CCC2CCCC(C3CCC(C4CCCCC4)CC3)C2)CC1
C1CCC(CC(C2CCCCC2)C2CCCC(C3CCCCC3)C2)CC1
C1CCC(C2CCCC(C3CCCCC3)C2)CC1
C1CCC(C2CCCCC2C2CCCC(CC3CC4CCCCC4C3)C2)CC1
C1CCC(C2CCC(C3CCC(C4CCCCC4)C4CCCC43)C(C3CCCCC3)C2)CC1
C1CCC(C2CCC3CCCCC3C2)CC1
C1CCC(CCCCC2CCC(CC3CCCCC3)CC2)CC1
C1CCC(CC2CCC(C3CCC(CC4CCCCC4)CC3C3CCCCC3)CC2)CC1
C1CCC(CCC2CCCCC2C2CCCCC2)CC1
C1CCC(C2CCC(C3CCC(CCC4CCCC(C5CCCCC5)C4)CC3)CC2)CC1
C1CCC(CCC2CCCC(C3CCCCC3)C2)CC1
C1CCC(CCC2CCC(CCC3CCCCC3C3CCCC3)CC2)CC1
C1CCC(C2CCCC(CC3CCC(C4CCC(C5CCCC5)CC4)CC3C3CCCC3)C2)CC1
C1CCC(CCCC2CCC(CC3CCCCC3)CC2C2CCCC2)CC1
C1CCC(CC2CCCCC2C2CCC(C3CCC(C4CC4)CC3C3CCCC3)CC2)CC1
C1CCC(C2CCCCC2C2CCCCC2C2CCC3CCCC3C2)CC1
C1CCC(CC2CCC(C3CCCC3)CC2)CC1
C1CCC(CC2CCC(C3CCCCC3)CC2)CC1
C1CCC(C2CCC(C3CCCC(CC4CC(C5CCCC5)C5CCCCC45)C3)CC2)CC1
C1CCC(CC2CCC(C3CCC4CCCCC4C3)CC2)CC1
C1CCC(CCC2CC(CC3CCCCC3)CCC2C2CCCCC2)CC1
C1CCC(CCC2CCCC(C3CCCCC3)C2)CC1
C1CCC(C2CCC(CCC3CC(C4CCCCC4)C4CCCCC34)CC2)CC1
C1CCC(CC(C2CCCCC2)C2CCCCC2)CC1
C1CCC(CC2CCC(CCCCC3CCCCC3C3CCCCC3)C(C3CCCCC3)C2)CC1
C1CCC(CCCCCC2CCCC(CC3CCC(CC4CCCCC4)CC3)C2)CC1
C1CCC(C2CCC(C3CCC4CCCC4C3)CC2)CC1
C1CCC(CCCC2CCC(CCC3CCCCC3C3CCCCC3)CC2)CC1
C1CCC(CC2CCC(CC3CCCCC3)CC2)CC1
C1CCC(CC2CCC(CC3CCCCC3CC3CCCCC3)C(CC3CCCCC3)C2)CC1
C1CCC(C2CCC(CCC3CCCCC3C3CCCCC3)CC2)CC1
C1CCC(C2CCC(CC3CCC(CCC4CCCCC4C4CCCCC4)CC3)CC2)CC1
C1CCC2CC(C3CCCC(C4CCCCC4C4CCC5CCCC5C4)C3)CCC2C1
C1CCC(C2CCCCC2)CC1
C1CCC(CC2CCCCC2C2CCCC(C3CCCCC3)C2)CC1
C1CCC(CC2CCC(CC3CCCCC3)CC2)CC1
C1CCC(CC2CCCC(C3CCCC(CC4CCCCC4)C3)C2)CC1
C1CCC(CC2CCCCC2)CC1
C1CCC(CCC2CCC(C3CCCCC3C3CCC4CCCC4C3)CC2)CC1
C1CCC(C2CCCC(CC3CCCC(C4CCCC(CCC5CC5)C4)C3)C2)CC1
C1CCC(C2CCCC(CCC3CC(C4CCCCC4)CC(C4CCC4)C3)C2)CC1
C1CCC(C2CCC(CCCCC3CCCC(C4CCCCC4)C3)CC2)CC1
C1CCC(CCCCCC2CCC(CC3CCCCC3)CC2)CC1
C1CCC(CC2CCC(CC3CCCCC3)CC2)CC1
C1CCC(CC2CCC(C3CCCC3)CC2)CC1
C1CCC(C2CCCC(CCCCC3CCC(C4CCC(CC5CC5)CC4)CC3)C2)CC1
C1CCC(CC2CCCC(CC3CCCC(C4CCCCC4)C3)C2)CC1
C1CCC(C2CCCC(CC3CCC(CC4CCCCC4C4CCCCC4)CC3)C2)CC1
C1CCC(C2CCC(CC3CCC(C4CCC4)CC3C3CCCC3)CC2)CC1
C1CCC(C2CCCCC2)CC1
C1CCC(CC2CCCC(C3CCC(CC4CC5CCCCC5C4)CC3)C2)CC1
C1CCC(CC2CCC(C3CCCC(CC4CCC(C5CCCCC5)CC4)C3)CC2)CC1
C1CCC(CC2CC(CC3CC(C4CCC(C5CCCC5)CC4)C4CCCCC34)C3CCCCC23)C1
C1CCC(C2CCC(C3CCC(C4CCCC(C5CCCCC5C5CCCC5)C4)CC3)CC2)C1
C1CCC(CC2CCC(CC3CCCCC3)CC2)CC1
C1CCC(CC2CCC(C3CCCCC3CC3CCCCC3)CC2)CC1
C(CCC1CCC(C2CCC(C3CCCCC3)CC2)CC1)CCC1CCCC(C2CCCC2)C1
C1CCC(C2CCC(CCCC3CCC(CC4CC4)C(C4CCCCC4)C3)CC2)CC1
C1CCC(CC2CCCC(C(CC3CCC4CCCC4C3)C3CCCC(C4CCCC4)C3)C2)CC1
C1CCC(CCC2CCC(CC3CCCCC3C3CCCCC3)CC2)CC1
C1CCC(CCC2CCC(C3CCCC(C4CCC5CCCCC54)C3)CC2)CC1
C1CCC(C2CCC(CCC3CC(C4CCCCC4)CCC3C3CCC4CCCCC4C3)CC2)CC1
C1CCC(CC2CCC(C3CCCCC3)CC2)CC1
C1CCC(CC2CC(CC3CCC(C4CCCCC4)CC3)C3CCCCC23)CC1
C1CCC(C2CCCC(CC3CCC(C4CCCC4)CC3C3CCCC3)C2)CC1
C1CCC(C2CCCCC2C2CCC(C3CC(CCC4CC4)CCC3C3CCCCC3)C2)CC1
C1CCC(CCC2CCC(C3CC(CC4CCCCC4)C4CCCCC43)CC2)CC1
C1CCC(CCC2CCCC(C3CC4CCC(CC5CCCCC5)CC4C3)C2)CC1
C1CCC(CCC2CCCC(C3CCCCC3)C2)CC1
C1CCC(CC2CCC(CC3CCCC(C4CCCC4)C3)CC2)CC1
C1CCC(CC2CCC3C(CC4CCCCC4)CC(C4CCC5CCCC5C4)C3C2)CC1
C1CCC(CC2CCC(CC3CCCC(CC4CCCC(CC5CCCC5)C4)C3)CC2)CC1
C1CCC(CC2CCCC(CCC3CCCCC3C3CCCCC3C3CCCC3)C2)CC1
C1CCC(CC2CCC(CC3CCC(C4CCCCC4)C3)CC2)CC1
C1CCC(CC2CCC(C3CCCC(CC4CCCCC4)C3)CC2)CC1
C1CCC(C2CCCC(CC3CC4CCCCC4C3)C2)CC1
C1CCC(CC2CCCC2C2CCCC(C3CCCCC3C3CCCC3)C2)CC1
C1CCC(CC2CCCC(C3CCCC(C4CCCCC4)C3)C2)CC1
C1CCC(C2CCCC(CCC3CC(C4CCCCC4)CC(C4CCCCC4)C3)C2)CC1
C1CCC(CC2CC(C3CCCCC3)CC(C3CCCCC3)C2)CC1
C1CCC(C2CCCCC2C2CCC3CCCCC3C2)CC1
C1CCC(CCCC2CCC(CC3CCCCC3)CC2)CC1
C1CCC(CCC2CCCC(C3CCCCC3)C2)CC1
C1CCC(C2CCC3CCC(C4CC(C5CCCCC5)CC(C5CCCCC5)C4C4CCCCC4)C3C2)CC1
C1CCC(CC2CCCC(C3CCCCC3CC3CCCCC3)C2)CC1
C1CCC(CCC2CCCCC2CC2CCC3CCCCC32)CC1
C1CCC(CC2CCCC(CC3CCCCC3)C2)CC1
C1CCC(CCC2CCCC(C3CCCC(CC4CC5CCCCC5C4)C3)C2)CC1
C1CCC(CC2CCC(CC3CCCCC3)CC2)CC1
C1CCC(CC2CCC(CC3CCCC(C4CCC(C5CCC(CC6CCCCC6)CC5)CC4)C3)CC2)CC1
C1CCC(C2CCC(CC3CCCC3)C(C3CCC4CCCC4C3)C2)CC1
C1CCC(CCC2CCC(CCCC3CCC3)CC2)CC1
C1CCC(C2CCCC(C3CCCCC3C3CCC(CC4CC4)CC3)C2)CC1
C1CCC(CC2CCC3C(CCCC3C3CCCC(C4CCC4)C3)C2)CC1
C1CCC(C2CCC(CCC3CCC(CCC4CCCC5CCCCC54)CC3)CC2)CC1
C1CCC(CC2CCC(C3CCCCC3CC3CCCCC3)CC2)CC1
C1CCC(CC2CCC3CCC(C4CCCCC4)C3C2)CC1
C1CCC(CC2CC(C3CCCCC3)C3CCC(CC4CCC5CCCC5C4)CC23)CC1
C1CCC(CC2CCCCC2CC2CCC(CCC3CCC4CCCCC4C3)CC2)CC1
C1CCC(CC2CCCCC2C2CCC(C3CCCC3)CC2C2CCCCC2)CC1
C1CCC(C2CCC(C3CCCCC3C3CCCCC3)CC2)CC1
C1CCC(C2CCCC(C3CCC(C4CCCCC4)CC3CCC3CCCC3)C2)CC1
C1CCC(CC2CCCC(C3CC(CC4CC4)CC(C4CCCCC4)C3)C2)CC1
C1CCC(CC2CCCCC2)CC1
C1CCC(CCC2CCCC(CC3CCCCC3)C2)CC1
C1CCC(C2CCCC(C3CCC4CCCCC4C3)C2)CC1
C1CCC(C2CCCCC2C2CCC3CCCCC3C2)CC1
C1CC(CC2CCCCC2C2CCCCC2C2CCCC2)C1
C1CCC(CCCCCC2CCC(C3CC3)CC2C2CCC3CCCC3C2)CC1
C1CCC(CCC2CCC(CC3CCC(C4CCCCC4)CC3)CC2)CC1
C1CCC(CC2CCCCC2C2CCCCC2)CC1
C1CCC2CC(C3CCCCC3C3CCC(C4CCC5CCCCC54)CC3)CCC2C1
C1CCC(CCC2CCC(CC3CCCCC3)C(CC3CCCCC3)C2)CC1
C1CCC(C2CCCCC2)CC1
C1CCC(C2CCCC(C3CCCCC3)C2)CC1
C1CCC(CCCC2CC(CCC3CCCCC3)CC(C3CCCCC3)C2)CC1
C1CCC(CC2CCCC(C3CCCC(C4CCCCC4)C3)C2)CC1
C1CCC(CCCC2CCCCC2CCC2CCCC(C3CCCCC3)C2)CC1
C1CCC(CCC2CCC(CC3CCC(CC4CCCCC4)CC3)CC2)CC1
C1CCC(CC2CCC(CCC3CCCCC3C3CCC4CCCCC4C3)CC2)CC1
C1CCC(CCCC2CCCCC2CCC2CCCCC2)CC1
C1CCC(CC2CC(C3CCC(C4CCCCC4)CC3)C3CCCCC23)CC1
C1CCC(CCC2CCC(CC3CCCCC3)CC2)CC1
C1CCC(CCC2CCC(C3CCCC3)CC2)CC1
C1CCC(CC(CC2CCC2)C2CCCC(C3CCCCC3)C2)CC1
C1CCC(CC2CCCCC2C2CC(C3CCCCC3)CCC2C2CCCC2)CC1
C1CCC(C2CCCC(C3CCCCC3)C2)CC1
C1CCC(C2CCC3C(CCCC3C3CCCCC3)C2)CC1
C1CCC(CC2CCCC(C3CCCC(C4CCCCC4)C3)C2)CC1
C1CCC(CC2CCC3C(C2)C(CC2CCCCC2)CC3C2CCCCC2)CC1
C1CCC(CC2CCC(C3CCC(CC4CCCC(C5CCCCC5)C4)CC3)CC2)CC1
C1CCC(CC2CCCC(C3CCCC(C4CCCCC4)C3)C2)CC1
C1CCC(C2CCC(C3CCCCC3)CC2)CC1
C1CCC(CCC2CCCC(CC3CCC(C4CCCCC4)CC3)C2)CC1
C1CCC(CCC2CCC(CCC3CCCCC3)CC2)CC1
C1CCC(CCC2CCC3C(CCC4CCCC(C5CCCCC5)C4)CCC3C2)CC1
C1CCC(C2CCCCC2C2CCCC(CC3CCCC(CC4CCCC4)C3)C2)CC1
C1CCC(C2CC(C3CCCC(C4CCC4)C3)CC3CCCCC32)CC1
C1CCC(CCC2CCC(C3CCCC(CC4CCCCC4)C3)CC2)CC1
C(CCC1CC1)CCC1CCC(CC2CCC(CC3CCCCC3C3CCCC3)CC2)CC1
C1CCC(C2CCC(CCCC3CCC(C4CCCCC4)CC3)CC2)CC1
C1CCC(C2CCCC(CC3CCCC(C4CC4)C3)C2)CC1
C1CCC(CCCC2CCCC(C3CCCCC3)C2)CC1
C1CCC(CCC2CCC(C3CCCC(C4CCCC(C5CCCC5)C4)C3)CC2)CC1
C1CCC(C2CCCC(C3CCCCC3)C2)CC1
C1CCC(CCC2CCC(CC3CCCCC3)CC2)CC1
C1CCC(CCC2CCC(CC3CCC(C4CC(CC5CCCC5)C5CCCCC54)CC3)CC2)CC1
C1CCC(CC2CCC(CC3CCCCC3CC3CCCCC3)CC2)CC1
C1CCC(CC2CCCC(C3CCCCC3C3CCCCC3)C2)CC1
C1CCC(CC2CC(C3CCCC(CC4CCCC(C5CCCCC5)C4)C3)C3CCCCC23)CC1
C1CCC(CC2CCCC(C3CC(C4CCCC4)CCC3CC3CCCCC3)C2)CC1
C1CCC(CC2CCC(CC3CCCCC3)CC2)CC1
C1CC2CCC(C3CCC(C4CC4)CC3C3CCC4CCCC4C3)CC2C1
C1CCC(CC2CCCC(C(C3CCCCC3)(C3CCCCC3)C3CCC3)C2)CC1
C1CCC(CC2CCCC(CC3CCCC(C4CCCCC4)C3)C2)CC1
C1CCC(C2CC(C3CCC4CCCC4C3)CC3CCC(CCC4CCCC4)CC32)CC1
C1CCC(CCC2CCCC(CC3CCCCC3)C2)CC1
C1CCC(C2CCCC(CC3CCCC(CC4CCC5CCCCC54)C3)C2)CC1
C1CCC(CC2CCCC(C(CCCCC3CCC4CCCCC4C3)CC3CC3)C2)CC1
C1CCC(CC2CC3CCCCC3C(C3CCCCC3)C2)CC1
C1CCC(C2CCC(C3CCCC(CC4CCCC4)C3)CC2)CC1
C1CCC(C2CC(CC3CC4CCCCC4C3)CC(C3CCCCC3)C2)CC1
C1CCC(C2CCCC(C3CCC4CCC(C5CCCCC5)CC4C3)C2)CC1
C1CCC2C(C1)CCCC2CC1CCCCC1C1CCC1
C1CCC(CC2CCC(CC3CCC(C4CCCCC4)CC3)CC2)CC1
C1CCC(CC2CCCCC2CC2CCCCC2)CC1
C1CCC(CCC2CC(CC3CCCCC3)CC3CCC(C4CCCC(C5CC5)C4)CC23)CC1
C1CCC(CC2CCCCC2CC2CCC(CCC3CCCCC3C3CCCCC3)CC2)CC1
C1CCC(CCC2CCCCC2C2CCCC2)CC1
C1CCC(CCCC2CCCC(CC3CCCCC3)C2)CC1
C1CCC(C2CCCC(C3CCCC(C4CCCC(CCC5CCC6CCCCC65)C4)C3)C2)CC1
C1CCC(CC2CCC(C3CCCC(CC4CCCCC4)C3)CC2)CC1
C1CCC(CCC2CCC(CC3CCCCC3)CC2)CC1
C1CCC(CC2CCC(C3CCC(CC4CCCCC4)CC3)CC2)CC1
C1CCC(C2CCC(CC3CCCC(C4CCCCC4)C3)CC2)CC1
C1CCC(CCCC2CCC3CC(C4CCCCC4C4CCC5CCCC5C4)CCC23)CC1
C1CCC(C2CCCC(C3CCCCC3)C2)CC1
C1CCC2CC(CC3CCC(CC4CCC(CC5CCCCC5C5CCCC5)CC4)CC3)CC2C1
C1CCC(C2CCCC(C3CCCCC3)C2)CC1
C1CCC(CCCC2CCC(CC3CCC(C4CCC(C5CCCCC5)CC4)CC3)CC2)CC1
C1CCC(CCC2CC(C3CCCCC3)CCC2C2CCCCC2C2CCC3CCCC3C2)CC1
C1CCC2CC(C3CC(C4CCC5CCCCC54)CC4CCCCC43)CC2C1
C1CCC(CC2CCCC(C3CCCCC3)C2)CC1
C1CCC(C2CCC3CCCCC32)CC1
C1CCC(C2CCC(C3CCCC(C4CCC(C5CCCCC5)C4)C3)CC2)CC1
C1CCC(CCC2CCC(CC3CC(CC4CCCCC4)C4CCCCC34)CC2)CC1
C1CCC(CC2CCC(CC3CCCCC3CC3CCCCC3)CC2)CC1
C1CCC(CC2CCC(CC3CCCCC3C3CCCCC3)C(C3CCCCC3)C2)CC1
C1CCC(CC2CCCC(CCC3CC4CCCCC4C3)C2)CC1
C1CCC(CC2CCCC(C3CC(CC4CCCCC4)C4CCCCC43)C2)CC1
C1CCC(CCC2CC(C3CCCC(CC4CCCCC4)C3)C3CCCCC23)CC1
C1CCC(C2CCC(CC3CCC(C4CCCCC4)CC3)CC2)CC1
C1CCC(C2CC(C3CCCC(CC4CCC5CCCCC5C4)C3)C3CCCCC23)CC1
C1CCC(CCCCC2CC(C3CCCC(C4CCCCC4)C3)C3CCCCC23)CC1
C1CCC(C2CCC(C3CCCC(CC4CC5CCCCC5C4)C3)CC2)CC1
C1CCC(CC2CCCC(C3CCCC(C4CCCC4)C3)C2)CC1
C1CCC(CC2CCCC(C3CCCCC3)C2)CC1
C1CCC(C2CCCC(CCC3CCCC(CCC4CCC5CCCCC54)C3)C2)CC1
C1CCC(CCC2CCC(C(C3CCCCC3)C3CCCCC3)CC2)CC1
C1CCC(CCC2CCCC(CCCCC3CC(C4CCCC4)C4CCCCC34)C2)CC1
C1CCC(CCCCC2CCC(CC3CCCCC3)CC2)CC1
C1CCC(CC2CCCC(C3CCC4CCCCC43)C2)CC1
C1CCC(C2CCCCC2CC2CCC(CC3CCC(CC4CC4)CC3)CC2)C1
C1CCC(CC2CCCC(CCCC3CCCCC3CC3CCC(C4CCCC4)CC3)C2)CC1
C1CCC(CCCCCC2CC(CCCC3CCCC(C4CC4)C3)C3CCCC3C2)CC1
C1CCC(CCC2CCCC(C3CCCCC3)C2)CC1
C1CCC(CC2CCCCC2C2CCCCC2)CC1
C1CCC(C2CCCC(C3CCCC(C4CCCC(CC5CCC(C6CCCC6)CC5)C4)C3)C2)CC1
C1CCC(C2CCC(C3CCC3)CC2C2CCCCC2)CC1
C1CCC(CC2CCC(CC3CCCCC3)C(CC3CCCCC3)C2)CC1
C1CCC(CCC2CCC(C3CCCCC3)CC2)CC1
C1CCC(CCC2CCC(C3CCCCC3)CC2)CC1
C1CCC(CCC2CCC(C3CCCC3)CC2)CC1
C1CCC(CCC2CCCC(C3CCCC(C4CCCC4)C3)C2)CC1
C1CCC(CC2CCC(C3CCC(C4CCCCC4)CC3C3CCCC3)C(C3CCCC3)C2)CC1
C1CCC(CC2CCCCC2C2CCC3CCCC3C2)CC1
C1CCC(C2CCC(C3CCC(C4CCCCC4)CC3C3CCCC3)C(C3CCCCC3)C2)CC1
C1CCC(CCC2CC(C3CCC4CCCC4C3)CCC2CCC2CCC3CCCC3C2)CC1
C1CCC(C2CCC(C3CCC(C4CCCCC4)CC3)CC2)CC1
C1CCC(CC2CCCC(C3CCCCC3)C2)CC1
C1CCC(CC2CCC(C3CCCCC3)C(C3CCCCC3)C2)CC1
C1CCC(C2CCC(C3CCCCC3C3CCC4CCC(C5CCC5)CC4C3)CC2)CC1
C1CCC(C2CCC(C3CCCC(C4CCCC4)C3)CC2)CC1
C1CCC(CC2CCC(C3CCCC(C4CCCCC4)C3)CC2)CC1
C1CCC(C2CCC(C3CCCCC3)CC2)CC1
C1CCC(CC2CCC(CC3CCCCC3)CC2)CC1
C1CCC(CCCC2CCC(CC3CCCCC3)CC2CC2CCCCC2)CC1
C1CCC(CC2CCC(C3CC(C4CCCCC4)CC4CCCCC43)CC2)CC1
C1CCC(CC2CCCC(CCCC3CCC(CC4CC4)CC3)C2)CC1
C1CCC(CC2CCC(C3CCCC(CCC4CCCC4)C3)CC2)CC1
C1CCC(CCCCC2CCC(CC3CCCCC3)CC2)CC1
C1CCC(CC2CCC(CC3CCCC(C4CCCC4)C3)CC2)CC1
C1CCC(CCC2CCCC(CCC3CCCCC3)C2)CC1
C1CCC(CC2CCCC(C3CCCCC3CC3CCCCC3CCCC3CCCC3)C2)CC1
C1CCC(CCC2CC(C3CCCCC3)CC3CCC(C4CCCCC4)CC23)CC1
C1CCC(CC2CCCC2C2CCCCC2CC2CCCC(C3CC3)C2)CC1
C1CCC(CC2CCC(C3CCCCC3CC3CC4CCCCC4C3)CC2)C1
C1CCC(CCC2CCCCC2C2CC3CCCCC3C2)CC1
C1CCC(C2CCCC(CC3CCCCC3C3CCC4CCCC4C3)C2)CC1
C1CCC(C2CCC(C3CCC(CC4CCC5CCCCC54)CC3)CC2)CC1
C1CCC(CC2CCCCC2CCCC2CCCC2)CC1
C1CCC(CCCC2CCC(C3CCCCC3)CC2)CC1
C1CCC(CC2CCC(C3CCCC(CC4CCCCC4C4CCCC4)C3)CC2)CC1
C1CCC(C2CCCCC2C2CCC3C(CCC3C3CCCCC3)C2)CC1
C1CCC(CC2CCC(CCCC3CCC(CC4CCCCC4)CC3)CC2)CC1
C1CCC(CCC2CC(CC3CCCCC3)C3CCC(C4CC4)CC23)CC1
C1CCC(C2CCCC(C3CCCCC3)C2)CC1
C1CCC(CC2CCC(CC3CCC(C4CCCCC4)C3)CC2C2CCCCC2)CC1
C1CCC(CC2CCC(C3CCC4CCCC4C3)CC2)CC1
C1CCC(C2CC(C3CCCC3)CC(C3CCC4CCCC4C3)C2)CC1
C1CCC(C2CCC(CC3CCCC(C4CCCCC4)C3)CC2)CC1
C1CCC(C2CCC3CC(C4CCC5CCCCC54)CCC3C2)CC1
C1CCC(C2CCC(CC3CCCCC3C3CCCCC3)CC2)CC1
C1CC(CC2CC3CCCCC3C2)CC(C2CCC(C3CCCC(C4CC4)C3)CC2)C1
C1CCC(CC2CCCC(C3CCCCC3)C2)CC1
C1CCC2CC(CC3CCC(CCC4CCC(C5CCCC6CCCCC65)CC4)CC3)CC2C1
C1CCC(CC2CCCC(CC3CCC(C4CCC5CCCCC5C4)CC3)C2)CC1
C1CCC(CC2CCC(CC3CCC(CC4CCCCC4C4CC4)CC3)CC2)C1
C1CCC(CC2CCCC(C3CCCC(C4CCCCC4)C3)C2)CC1
C1CCC(CCCC2CCCCC2CC2CCC(C3CCCC3)CC2)CC1
C1CCC(CCCC2CCCC(C3CCCCC3)C2)CC1
C1CCC(CCC2CCC(CC3CCCCC3CC3CCCCC3)C(C3CCCCC3)C2)CC1
C1CCC(C2CCC(CC3CCC(CCC4CCC(C5CCCC5)CC4)CC3)CC2)CC1
C1CCC(CCCCC2CCC(C3CCCCC3)CC2)CC1
C1CCC(CCC2CCCCC2CC2CCCCC2)CC1
C1CCC(CCCCC2CCCCC2)CC1
C1CCC(CCC2CCCC2CCC2CCC(C3CCCCC3)CC2)CC1
C1CCC(CCC2CCC(C3CCCCC3)CC2)CC1
C1CCC(C2CCCC(CC3CCC4CCCCC43)C2)CC1
C1CCC(C2CCC(CCCCC3CCCC(C4CCCCC4)C3)CC2)CC1
C1CCC(CCCCC2CCC(C3CCC(C4CC4)CC3)CC2)CC1
C1CCC(C2CC(C3CCC(C4CCC(CCCC5CCCC5)CC4)CC3)C2)CC1
C1CCC(CC2CCCC(C3CCCCC3)C2)CC1
C1CCC(CCCC2CCCC(CC3CCCCC3C3CCCCC3)C2)CC1
C1CCC(CCC2CCCC(CCC3CCC(CC4CCC5CCCCC54)CC3C3CCCCC3)C2)CC1
C1CCC(CC2CC(C3CCC(C4CCCCC4)CC3)C3CCCCC23)CC1
C1CCC(CCC2CCCC(C3CC(C4CCCCC4)CC(C4CCC4)C3)C2)CC1
C1CCC(C2CCCCC2CC2CCCC(CC3CCC4CCCCC43)C2)CC1
C1CCC(C2CC(CCC3CCC(C4CCC4)CC3)CC3CCC(CCC4CCCC4)CC32)CC1
C1CCC(CCCC2CCC(CC3CCC(CCC4CC4)CC3)CC2)CC1
C1CCC(C2CCC(CC3CCC(C4CCC5CCCCC5C4)CC3)CC2)C1
C1CCC(CC2CCC(C3CCCC(CC4CCCCC4)C3)CC2)CC1
C1CCC(CC2CCC(C3CCCCC3)C(C3CC4CCCCC4C3)C2)CC1
C1CCC(C2CCC3CC(C4CCC5CCCCC54)CC(CC4CCCCC4C4CCCCC4)C3C2)CC1
C1CCC(CCC2CCC(C3CCC(C4CCC5CCCCC54)CC3)CC2)CC1
C1CCC(CCCC2CCCC(CC3CCC(C4CCCCC4CC4CCCCC4)CC3)C2)CC1
C1CCC(CC2CCCC(C3CC4CCCCC4C3)C2)CC1
C1CC(C2CCC(C3CC(CCC4CCC5CCCCC54)C4CCCCC43)C(C3CCCC3)C2)C1
C1CCC(CC2CCC(C3CCCC(C4CCCCC4)C3)CC2)CC1
C1CCC(CCCC2CCCC(CC3CCCC3)C2)CC1
C1CCC(C2CCCC(C3CCCCC3C3CCCCC3)C2)CC1
C1CCC(C2CCCC(C3CCC(CCC4CCC5CCCCC54)CC3)C2)C1
C1CCC(CCC2CCCC(CC3CCCC(C4CCCCC4)C3)C2)CC1
C1CCC(CC2CCC(C3CCC(C4CCCCC4CC4CCCCC4)CC3)CC2)CC1
C1CCC(C2CCC(C3CCCC(CC4CCCC(CCCC5CC5)C4)C3)CC2)CC1
C1CCC(C2CCCC(C3CCCC(CCC4CC4)C3)C2)CC1
C1CCC(CCC2CCC(CC3CCC(C4CCCCC4)CC3)CC2)CC1
C1CCC(CCCCC2CCC(C3CCCCC3)C(CC3CCCCC3)C2)CC1
C1CCC(C2CCC(CCC3CCCC(C4CCC(CC5CCCC5)CC4)C3)CC2)CC1
C1CCC(C2CCCCC2C2CCCCC2C2CC2)CC1
C1CCC(CC2CCCC(CCCC3CCCC(C4CCCCC4C4CCCC4)C3)C2)CC1
C1CCC(CC2CCC3C(CC4CCCCC4C4CCCCC4)CC(CC4CCCCC4)C3C2)CC1
C1CCC(CC2CCC(C3CCCC3)CC2)CC1
C1CCC(CCC2CCC(CC3CCCCC3)CC2)CC1
C1CCC(C2CCCC(C3CCCC(C4CCCC4)C3)C2)CC1
C1CCC(C2CCCCC2C2CCCCC2)CC1
C1CCC(CC2CCC(CC3CCCCC3)CC2)CC1
C1CCC(C2CCCCC2C2CCCCC2)CC1
C1CCC(C2CCC3CCCCC32)CC1
C1CCC(C2CCC(CCC3CCC(CC4CC5CCCCC5C4)CC3)CC2)C1
C1CCC(CCC2CCCCC2)CC1
C1CCC(CC2CC(CC3CCC(C4CCCC4)CC3)C3CCCCC23)CC1
C1CCC(CC2CCC(C(C3CCCCC3)C3CCCCC3)CC2)CC1
C1CCC(CC2CCCC(C3CCC(C4CCC5CCCCC54)CC3)C2)CC1
C1CCC(CCC2CCC(C3CCCCC3)CC2)CC1
C1CCC(C2CCC(C3CCC(C4CCCC4)CC3)CC2C2CCCC(C3CCC(C4CCC4)CC3)C2)CC1
C1CCC(CC2CCC(CCC3CCC(C4CCCCC4C4CCCCC4)C3)CC2)CC1
C1CCC(CCCC2CCCC(CC3CCC(C4CCCCC4)CC3)C2)CC1
C1CCC(C2CCC(C3CCCCC3C3CCCCC3)C(C3CCCC3)C2)CC1
C1CCC(C2CCCC3CCC(C4CCCCC4C4CCC(C5CCCC(C6CCCC6)C5)CC4)CC32)CC1
C1CCC(CCC2CCCC(C3CC(C4CCCCC4)CC(C4CCCCC4)C3)C2)CC1
C1CCC(C2CCCCC2)CC1
C1CCC(CCC2CCC3CC(CC4CCCCC4)CC(C4CCCCC4)C3C2)CC1
C1CCC(CC2CCC(CC3CC(C4CCCCC4)C4CCCCC34)CC2)CC1
C1CCC(CCC2CC(C3CCCCC3)CC(C3CCCCC3)C2)CC1
C1CCC(CCC2CCC(CC3CCCC(C4CCCC(CC5CCCC5)C4)C3)CC2)CC1
C1CCC(C2CCC(CC3CCC(CCCCC4CCCC4)CC3)CC2)CC1
C1CCC(C2CC(C3CCCCC3)C3CCCCC23)CC1
C1CCC(CC2CCCC(CCC3CC(C4CCCCC4)C4CCCCC34)C2)CC1
C1CCC(CCC2CCC(CC3CCCCC3)CC2)CC1
C1CCC(C2CCC(C3CCC4CCCCC43)CC2)CC1
C1CCC(CCC2CCCCC2C2CCC(C3CCCCC3)CC2C2CCCCC2)CC1
C1CCC(C2CCCC(C3CCC(CC4CC5CCCCC5C4)CC3)C2)CC1
C1CCC(CCC2CCC(C3CCCC3)CC2CCC2CCCCC2)CC1
C1CCC(C2CCCCC2C2CCCC2)CC1
C1CCC(CC2CCCC3CC(C4CCCCC4C4CCCCC4)CCC23)CC1
C1CCC(CC2CCCCC2)CC1
C1CCC(C2CCCC(C3CCCC(CCC4CC5CCCCC5C4)C3)C2)CC1
C1CCC(CCC2CCCC(C3CC3)C2)CC1
C1CCC(CCCC2CCC(CC3CCC(CCC4CCCCC4)CC3)CC2)CC1
C1CCC(CC2CCCCC2C2CCC3CC(C4CC5CCCCC5C4)CCC32)CC1
C1CCC(CC2CCCCC2C2CCC3CCC(C4CCCCC4)CC3C2)CC1
C1CCC(CC2CCC(CC3CCCC(CC4CCC5CCCC5C4)C3)C(C3CCCC3)C2)CC1
C1CCC(CCCC2CCC(C3CCCCC3)CC2)CC1
C1CCC(CCCCC2CCC(CCCC3CCCCC3)CC2)CC1
C1CCC(CCC2CCC(C3CCCCC3)CC2)CC1
C(CC1CC2CCCCC2C1)CC1CCCC(C2CC(C3CCCC3)CC(C3CC3)C2)C1
C1CCC(CC2CCCC(C3CCC(C4CCCCC4)CC3)C2)CC1
C1CCC(CC2CCC(CC3CCCCC3)CC2)CC1
C1CCC(CCC2CC(C3CCCC3)CC(C3CCCC(C4CCCCC4)C3)C2)CC1
C1CCC(CC2CCC(CC3CCC(CCCC4CCCC(C5CC5)C4)CC3)CC2)CC1
C1CCC(CC2CCCC(C3CCCCC3)C2)CC1
C1CCC(C2CCC(C3CCC4CCCCC4C3)CC2)CC1
C1CCC(CC2CCC(C3CCC4CCCCC43)CC2)CC1
C1CC(CCC2CCC(CC3CC(C4CCC5CCCCC54)CC4CCCCC43)CC2)C1
C1CCC(C2CCC3CC(C4CCC4)CC(C4CCCCC4)C3C2)CC1
C1CCC(C2CC(CC3CCCC3)CC(C3CCCC(CCC4CCC(C5CCC5)CC4)C3)C2)CC1
C1CCC(CC2CCC(C3CCC(CCC4CCC(CC5CCCC5)CC4)CC3)CC2)CC1
C1CCC(C2CCCC(C3CCCCC3)C2)CC1
C1CCC(CC2CCC(CC3CCCCC3)C(C3CCCCC3)C2)CC1
C1CCC(CCCC2CCCC(CC3CCC(C4CCCC(C5CCCCC5)C4)CC3)C2)CC1
C1CCC(C2CC3CCC(C4CCCCC4)CC3C(C3CCCCC3)C2)CC1
C1CCC(CCCC2CCC(C3CCCC3)CC2)CC1
C1CCC(CC2CCC3C(CCCC3C3CCCC(C4CCC(C5CCCCC5)C4)C3)C2)CC1
C1CCC(CC2CCCCC2C2CCCC(CC3CC3)C2)CC1
C1CCC(CC2CCC(C3CCC4CC(C5CCC(CCCC6CC7CCCCC7C6)CC5)CCC43)CC2)CC1
C1CCC(C2CCC(CC3CCCC(C4CCCCC4)C3)CC2)CC1
C1CCC(CCCCC2CC(C3CCCCC3)C3CCCCC23)CC1
C1CCC(CC2CC(C3CCCCC3CC3CCCCC3)C3CCCCC23)CC1
C1CCC(C2CCCCC2)CC1
C1CCC(C2CCC(C3CC(C4CCCCC4)C3)CC2)CC1
C1CCC(CCC2CCCC(C3CCCC(C4CCCCC4)C3)C2)CC1
C1CCC(C2CCC(C3CCCCC3)CC2)CC1
C1CCC(C2CCCC(C3CCCCC3)C2)CC1
C1CCC(CC2CC(CC3CCC(C4CCC5CCCCC54)CC3)C3CCCCC23)CC1
C1CCC(CC2CCCC(C3CCC(CC4CCC(CC5CCCC5)CC4)CC3)C2)CC1
C1CCC(CC2CCC(C3CCCCC3)C(CC3CCCCC3)C2)CC1
C1CCC(CC2CCC(CC3CCCCC3)CC2)CC1
C1CCC(C2CCCC(C3CCCC(C4CCCCC4)C3)C2)CC1
C1CCC(C2CCCC(C3CCC3)C2)CC1
C1CCC(C2CCCC(CC3CC(CC4CCC5CCCCC5C4)C4CCCCC34)C2)CC1
C1CCC(CCCC2CCCCC2C2CCC(C3CCCCC3)C2)CC1
C1CCC(CCC2CCC(CC3CCCCC3)CC2)CC1
C1CCC(CC2CCC(C3CCCCC3)CC2)CC1
C1CCC(CC2CCC3CCC(CC4CCC(C5CCCCC5)CC4)CC3C2)CC1
C1CCC(CC2CCC(CC3CCC(CC4CCC(C5CCCC5)CC4)CC3)CC2)C1
C1CCC(C2CCCC(CCCC3CCC(C4CCCC4)CC3)C2)CC1
C1CCC(CCC2CCC3C(CC4CCCCC4)CC(C4CCCCC4)C3C2)CC1
C1CCC(CC2CCC(CCC3CCCC(C4CC4CC4CCCCC4)C3)CC2)CC1
C1CCC(CCC2CCCC(CC3CCCCC3)C2)CC1
C1CCC(CC2CCCC(CCC3CC4CCCCC4C3)C2)CC1
C1CCC(CC2CCC(C3CCCCC3)CC2)CC1
C1CCC(CC2CCCC(C3CCCCC3)C2)CC1
C1CCC(CC2CCCCC2C2CC(C3CCCCC3)C3CCCCC32)CC1
C1CCC(CCCCCC2CCCC(C3CCCCC3)C2)CC1
C1CCC(CC2CCC(CCCC3CCC(C4CCCC4)CC3)CC2)CC1
C1CCC(CCC2CCC(C3CCCCC3)CC2)CC1
C1CCC(CC2CC(C3CC3)CC(C3CCCCC3)C2CC2CCCCC2)CC1
C1CCC(CCC2CCCC(C3CCC(CC4CCCCC4)CC3)C2)CC1
C1CCC(CCCCC2CCCC(C3CCCC(CC4CCC(CC5CCCCC5)CC4)C3)C2)CC1
C1CCC(C2CCC(C3CCCCC3C3CCC4CCCC4C3)CC2)C1
C1CCC(C2CCC(C3CCCCC3C3CCC4CCCCC4C3)CC2C2CCCCC2)CC1
C1CCC(C2CCCCC2)CC1
C1CCC(C2CCC(C3CCCCC3)C(C3CCC4CCCC4C3)C2)CC1
C1CCC(CCC2CCC3C(C4CCCCC4)CC(C4CCCCC4)C3C2)CC1
C1CCC(C2CCCC(C3CCCCC3)C2)CC1
C1CCC(CC2CCCC(C3CCCCC3)C2)CC1
C1CCC(C2CCCC(C3CCC4CCCC4C3)C2)CC1
C1CCC(CC2CCCC(C3CCC4CCCCC43)C2)CC1
C1CCC(CC2CCC(CCCCC3CCCC(C4CCCCC4)C3)CC2)CC1
C1CCC(CC2CCC(C3CCCC(CCCCC4CCC4)C3)CC2)CC1
C1CCC(CCCC2CCCC(CC3CCCCC3)C2)CC1
C1CCC(CCCC2CCC(C3CCC(CC4CCCCC4)CC3)CC2)CC1
C1CCC(C2CCC(C3CCCC4CCCCC43)C(CC3CC3)C2)CC1
C1CCC(CCCC2CCC(C3CCC(C4CCCCC4)CC3)CC2)CC1
C1CCC(CC2CCCCC2C2CCCCC2)CC1
C1CCC(CC2CC(C3CCCCC3)CCC2C2CCCCC2)CC1
C1CCC(CC2CCC(CC3CCC(CC4CCCCC4C4CC4)CC3)CC2)C1
C1CCC(CCCC2CCC(CC3CCCCC3)CC2)CC1
C1CCC(CC2CCC(C3CCCCC3)CC2)CC1
C1CCC(CCCC2CCCC(CC3CCCCC3)C2)CC1
C1CCC(CCC2CCC(CC3CCC(CC4CCCCC4)CC3)CC2)CC1
C1CCC(C2CCC(C3CCCCC3C3CCCCC3)CC2)CC1
C1CCC(CCC2CC3CCC(C4CCCCC4)CC3C(C3CCCCC3)C2)CC1
C1CCC(CC2CCCC(CC(C3CCC(C4CCCCC4)CC3)C3CC3)C2)CC1
C1CCC(C2CCCCC2CCC2CCC3CC(C4CCC5CCCCC54)CCC3C2)CC1
C1CCC(C2CCC(C3CCC(C4CC4)CC3)CC2)CC1
C1CCC(CC2CCCC(C3CCCCC3)C2)CC1
C1CCC(CC2CCCCC2C2CCC3C(CCCC3C3CCCCC3)C2)CC1
C1CCC(CC2CCCCC2C2CCCC(C3CCC4CCCCC43)C2)CC1
C1CCC(C2CCCC(C3CCC(C4CCCC(C5CCC6CCCC6C5)C4)CC3)C2)C1
C1CCC(CCC2CCC(CCC3CCCCC3)C(CCC3CCCCC3)C2)CC1
C1CCC(C2CCCC(C3CCCCC3)C2)CC1
C1CCC(CC2CCCCC2)CC1
C1CCC(CC2CCC(CC3CCCCC3)CC2)CC1
C1CCC(CC2CCCC(C3CCCC(C4CC4)C3)C2)CC1
C1CCC(CC2CCCC(CCC3CCC(C4CCCCC4)CC3)C2)CC1
C1CCC(CC2CCCC(CCC3CCC(C4CCC(C5CCC5)CC4)C(C4CCCC4)C3)C2)CC1
C1CCC(CC2CCCC(C3CCC(C4CCCC4)C3)C2)CC1
C1CCC(CC2CCCC(C3CCC(CC4CCCC(C5CCCC5)C4)CC3)C2)CC1
C1CCC(CCC2CCCC(C3CCCC(CC4CCCCC4)C3)C2)CC1
C1CCC(CCC2CCCCC2C2CCCCC2)CC1
C1CCC(CC2CCCC(C3CCCC(C4CCCC4)C3)C2)CC1
C1CCC(C2CCC(C3CCCC(C4CCCCC4)C3)CC2)CC1
C1CCC(CC2CCCC(CC3CCCCC3CC3CCCCC3)C2)CC1
C1CCC(CCC2CCC(CC3CCC(CC4CCCCC4)CC3)CC2)CC1
C1CCC(C2CCCC(CCC3CCC(CCC4CCC(C5CCCC5)CC4)CC3)C2)CC1
C1CCC(C2CCCCC2C2CCCCC2)CC1
C1CCC(CCC2CCCCC2)CC1
C1CCC(CC2CCCC(CC3CCC(C4CCCC(C5CCCCC5)C4)CC3)C2)CC1
C1CCC(CC2CCC3CC(C4CCC5CCCCC54)CC(C4CCCCC4)C3C2)CC1
C1CCC(CC2CCCCC2C2CCC3C(CC4CCC5CCCCC54)CCCC3C2)CC1
C1CCC(CC2CC(CC3CCC4CCCCC43)C3CC(CC4CCC5CCCC5C4)CCC23)CC1
C1CCC(C2CCC(CC3CCCC(C4CCCC(C5CCC(C6CCCCC6)CC5)C4)C3)CC2)CC1
C1CCC(CC2CCC(C3CCCCC3)C(C3CCC(C4CCCCC4)CC3)C2)CC1
C1CCC(C2CCCC(C3CCCCC3)C2)CC1
C1CCC(CCC2CCC(C3CCCC3C3CCC(C4CCCCC4)CC3)CC2)CC1
C1CCC(CC2CCC(C3CCCCC3)CC2)CC1
C1CCC(C2CCCC(C3CCCC(CCC4CCC5CCCCC54)C3)C2)CC1
C1CCC(CC2CCCC(C3CCCCC3)C2)CC1
C1CCC(CC2CCC(CCC3CCCC(C4CCCCC4)C3)CC2)CC1
C1CCC(CC2CC(C3CCCCC3)C3CCCCC23)CC1
C1CCC(CC2CCCC(CC3CCCC(C4CCCCC4)C3)C2)CC1
C1CCC(CCCCC2CCC(C3CC3)CC2CCCC2CCC(CC3CCCC3)CC2)CC1
C1CCC(CC2CCC(C3CCCC3)CC2)CC1
C1CCC(C2CCCCC2C2CCC(C3CCCC3)CC2)CC1
C1CCC(C2CCC3C(CCCC3C3CCC(C4CCCC5CCCCC54)CC3)C2)CC1
C1CCC(CC2CCCC(C3CCCC(CC4CC5CCCCC5C4)C3)C2)CC1
C1CCC(C2CCC(C3CCC(C4CCCCC4)CC3)CC2)CC1
C1CCC(CC2CCCC(CC3CC(CC4CC5CCCCC5C4)C4CCCCC34)C2)CC1
C1CCC(C2CCC(CC3CCCC(C4CCCCC4)C3)CC2)CC1
C1CCC(CC2CCCC(C3CCCCC3)C2)CC1
C1CCC(C2CCCCC2C2CCC3C(CCCC3C3CCCCC3)C2)CC1
C1CCC(C2CCC(CC3CCCC(C4CCC5CCCCC54)C3)CC2)CC1
C1CCC(CCCC2CCCC(C3CCCCC3)C2)CC1
C1CCC(C2CCC(CCC3CCC(C4CCCCC4)CC3)CC2)CC1
C1CCC(CC2CCC(C3CCCC3)C(C3CCC(CC4CCCC(C5CCCCC5)C4)CC3)C2)CC1
C1CCC(CC2CCC(CC3CCC(C4CCCCC4)C(C4CCCC4)C3)CC2)CC1
C1CCC(CC2CCC(CC3CCC(CCC4CC4)CC3)CC2)CC1
C1CCC(CC2CCC(C3CCCC(C4CCCCC4)C3)CC2)CC1
C1CCC(C2CCC(CC3CCC(C4CCC5CCCCC5C4)C(C4CCC5CCCC5C4)C3)CC2)C1
C1CCC(CC2CCCC(CCCC3CCC(CC4CCC4)CC3)C2)CC1
C1CCC(CC2C(C3CCCCC3)CCCC2C2CCCC2)CC1
C1CCC(CCCC2CCCCC2)CC1
C(CCC1CCCC(CC2CC2)C1)CC1CCCC(CCC2CC3CCCCC3C2)C1
C1CCC(C2CCC(C3CCCCC3C3CCCCC3)CC2)CC1
C1CCC(CC2CCC3C(CC4CCCCC4)CCC3C2)CC1
C1CCC(CC2CCC(C3CCCCC3)C(CC3CCCCC3)C2)CC1
C1CCC(CC2CCC(CC3CCCC(C4CCCCC4)C3)CC2)CC1
C1CCC(CCC2CCCC(C3CCCC(C4CCCCC4)C3)C2)CC1
C1CCC(CCC2CCC(C(CCC3CCCCC3)C3CCCCC3)CC2)CC1
C1CCC(CCCC2CC(CC3CCCCC3)C3CCCCC23)CC1
C(CCCC1CCC2CCCCC12)CCC1CCC(C2CC(CC3CCCCC3)CC3CCCCC32)CC1
C1CCC(CCC2CCCCC2C2CCCCC2C2CCC3CCCC3C2)CC1
C1CCC(CC2CCCC(C3CCCCC3)C2)CC1
C1CCC(CCC2CCCC(C3CCCC(C4CCCCC4)C3)C2)CC1
C1CCC(CCC2CCC(CC3CCC4CCCCC43)CC2)CC1
C1CCC(CC2CCC(CC3CCCCC3)C(CC3CC4CCCC(CC5CCCCC5)C4C3)C2)CC1
C1CCC(CC2CCCCC2C2CCC(CCCC3CC3)CC2)CC1
C1CCC(CC2CCCC(CC3CCCCC3CC3CCCCC3)C2)CC1
C1CCC(C2CCC(CCC3CC3)CC2)CC1
C1CCC(CC2CCCC(C3CCCC(CC4CCCCC4)C3)C2)CC1
C1CCC2CC(CCC3CCCC(C4CCCCC4C4CCC5CCCCC54)C3)CC2C1
C1CCC(CC2CCC(CCC3CCC4CCCCC43)CC2)CC1
C1CCC(C2CCCCC2C2CCCCC2C2CCC(C3CCCC(C4CC4)C3)CC2)CC1
C1CCC(CCC2CCCC(C3CCCCC3)C2)CC1
C1CCC(C2CCCCC2C2CCC3CCCC3C2)CC1
C1CCC(CCC2CCCC(CCCC3CCC(CC4CCCC4)CC3)C2)CC1
C1CCC(CC2CCC(CC3CCCCC3)CC2)CC1
C1CCC(C2CCC(CC3CCCC(CC4CC5CCCCC5C4)C3)CC2)CC1
C1CCC(CC2CCC(C3CCCCC3)CC2)CC1
C1CCC(C2CCCCC2)CC1
C1CCC(C2CCC(C3CCC4CCCC4C3)C(C3CCCC3)C2)C1
C1CC(CCC2CCCC(C3CC(CC4CCC5CCCCC5C4)C4CCCCC43)C2)C1
C1CCC(CCC2CCC3CC(C4CCC5CCCCC54)CC(C4CCCCC4)C3C2)CC1
C1CCC(CC2CCC3CC(CCC4CCCC(C5CCCCC5)C4)CCC23)CC1
C1CCC(CCC2CC(C3CCCCC3)CCC2CCC2CCCC(C3CCCCC3)C2)CC1
C1CCC(CC2CCCC(CC3CC(C4CCCCC4)CC(C4CC4)C3)C2)CC1
C1CC2CCC(C3CCCCC3C3CCC4CCCCC43)CC2C1
C1CCC(CC2CCCCC2C2CCCCC2)CC1
C1CCC(CCCC2CCCCC2C2CCCCC2)CC1
C1CCC(C2CCCC(C3CCC4CCCCC4C3)C2)CC1
C1CCC(CCCCC2CCCCC2C2CCCCC2C2CCCC(C3CCCC3)C2)CC1
C1CCC(CCCCC2CCCCC2C2CCC(CC3CCCCC3)C2)CC1
C1CCC(C2CCC(C3CCCCC3CCC3CCCC(C4CCCCC4)C3)CC2)CC1
C1CCC(CC2CCCCC2C2CCC3CCCC3C2)CC1
C1CCC(CCCC2CCC(CC3CCC(CCC4CCC(CCC5CCCCC5)CC4)CC3)CC2)CC1
C1CCC(CC2CCCC(C3CCCC(C4CCCCC4)C3)C2)CC1
C1CCC(C2CCC(CCCC3CCCC(CC4CCC(CC5CCC5)CC4)C3)CC2)CC1
C1CCC(CCC2CCCC(CC3CCC(C4CCCCC4)CC3)C2)CC1
C1CCC(CC2CCC(C3CCC4CCCCC43)CC2)CC1
C1CCC(CCC2CCCCC2C2CCC(C3CCCCC3)CC2)CC1
C1CCC(C2CCC3C(CCC3C3CCCCC3CCCCCC3CC3)C2)CC1
C1CCC(CCC2CCCCC2)CC1
C1CCC(CC2CC(C3CCC3)CCC2C2CCCCC2)CC1
C1CCC(CC2CCCC(C3CCCC(CCCC4CCC4)C3)C2)CC1
C1CCC(C2CCCC(CCCC3CCCCC3CCC3CCCC3)C2)CC1
C1CCC(CC2CCCC(CC3CCCC(C4CCCCC4)C3)C2)CC1
C1CCC(CCCCC2CC(C3CCCC(CC4CCCCC4)C3)C3CCCCC23)CC1
C1CCC(C2CCC(C3CCCC(C4CCC(CCC5CCCC5)CC4)C3)CC2)CC1
C1CCC(CC2CCC3CC(C4CCCCC4C4CCC5CCCC5C4)CCC23)CC1
C1CCC(CC2CC(C3CCCC(C4CCCCC4)C3)C3CCCCC23)CC1
C1CCC(C2CC(C3CCCC(CC4CCC(C5CCCC5)CC4)C3)C3CCCCC23)CC1
C1CCC(CC2CCC(C3CCCCC3)CC2)CC1
C1CCC(CCCC2CCCCC2CCCC2CCCCC2)CC1
C1CCC(CCCCCC2CCCC(C3CCCCC3)C2)CC1
C1CCC(CCCC2CCCC(CCCC3CCC(C4CCCCC4)CC3)C2)CC1
C1CCC(CCC2C(C3CCCCC3)CC(C3CCCCC3)CC2C2CCCC2)CC1
C1CCC(CC2CCCC(CC3CCCCC3)C2)CC1
C1CCC(CC2CCC(CC3CCC(C4CCCCC4C4CC4)CC3)CC2)CC1
C1CCC(CC2CCC(C3CCCC(CC4CCCCC4C4CCCCC4)C3)CC2)CC1
C1CCC(CC2CCC(CC3CCC(CCCC4CC5CCCCC5C4)CC3)CC2)CC1
C1CCC(CCC2CCC(CC3CCC(C4CCC5CCCCC5C4)CC3)CC2)CC1
C1CCC(CCCC2CCC(CC3CCC(C4CCCCC4)CC3)CC2)CC1
C1CCC(CC2CCC(CC3CCC(CC4CCCCC4)CC3)CC2)CC1
C1CCC(CCC2CCC(C3CCC(C4CCCCC4)CC3)CC2)CC1
C1CCC(CC2CCCC(C3CCCCC3)C2)CC1
C1CCC(C2CCC(C3CCCCC3C3CCC(C4CCCC4)CC3)CC2)CC1
C1CCC(CCC2CCC(CC3CCC(CC4CCC(C5CCCCC5)CC4)CC3)CC2)CC1
C1CCC(CC2CCC(C3CC(C4CCCC(CCC5CC5)C4)CCC3C3CCCC3)CC2)C1
C1CCC(CCC2CCC(C3CCCC4CCCC(CCC5CCCCC5)C43)CC2)CC1
C1CCC(C2CC(C3CCCCC3)C(C3CCCCC3C3CCC4CCCC4C3)C3CCCC23)CC1
C1CCC(C2CCC3C(C4CCCC4)CC(C4CCCCC4C4CCCCC4)C3C2)CC1
C1CCC(CC2CCC(C3CCCCC3)CC2)CC1
C1CCC(CCC2CCCC(CCC3CCCC(C4CCC(C5CCCCC5)C4)C3)C2)CC1
C1CCC(C2CC(C3CCCCC3)C(C3CCCCC3)C(C3CCCCC3)C2)CC1
C1CCC(C2CCCCC2C(C2CCCCC2)C2CCCCC2)CC1
C1CCC(CC2CCCC(C3CCCCC3)C2)CC1
C1CCC(CC2CCCC(C3CCCC(C4CCCCC4)C3C3CCCCC3)C2)CC1
C1CCC(C2CCCC(C3CCC(CC4CCC(CCCC5CCCC5)CC4)CC3)C2)CC1
C1CCC(CC2CCCC(C3CCCCC3)C2)CC1
C1CCC(CC2CCCCC2C2CCC3C(CC(C4CCCCC4)CC3C3CC3)C2)CC1
C1CCC(CC2CC(C3CCC(C4CCCCC4)CC3)C3CCCCC23)CC1
C1CCC(CCCC2CCCCC2)CC1
C1CCC(CCC2CC(C3CCCCC3)CCC2CC2CCCCC2)CC1
C1CCC(CC2CCC(CC3CCCC(C4CCCC(CC5CCCCC5)C4)C3)CC2)CC1
C1CCC(CCC2CCC(C3CCCCC3)CC2)CC1
C1CCC(CCC2CCCC(CC3CC3)C2)CC1
C1CCC(CCCCC2CCC3C(CCC3C3CCCCC3)C2)CC1
C1CCC(CCCC2CCCC(C3CCC(CC4CCCCC4)CC3)C2)CC1
C1CCC(CC2CCCC(C3CCCC(C4CCCCC4)C3)C2)CC1
C1CCC(CC2CCCC(CC3CC3)C2)CC1
C1CCC(CCC2CCCCC2C2CCCCC2CCCCC2CC2)CC1
C1CCC(CCC2CCC(CC3CCCCC3)CC2)CC1
C1CCC(CCC2CCC3CC(C4CCCCC4CC4CCCCC4)CC(C4CCCCC4)C3C2)CC1
C1CCC(CC2CCCC(C3CCC(C4CCCC5CCCCC54)CC3)C2)CC1
C1CCC(CC2CCCCC2CC2CCCCC2C2CCCCC2)CC1
C1CCC(CC2CCC(C3CCCC(C4CCCCC4)C3)CC2)CC1
C1CCC(CCC2CCC3CC(CC4CCCC4)CC(C4CCCCC4)C3C2)CC1
C1CCC(CCCCC2CCC(CC3CCCCC3)CC2)CC1
C1CCC(C2CCCC(C3CCCC4CC(C5CCCCC5)CCC43)C2)CC1
C1CCC(C2CCC(CCC3CCC4CCCC(C5CCCCC5)C4C3)CC2)CC1
C1CCC(CCC2CCC(CC3CCCCC3)CC2)CC1
C1CCC(CC2CCCC(C3CCCC(C4CCCCC4)C3)C2)CC1
C1CCC(C2CCC(C3CCCCC3C3CCCC(C4CCCCC4)C3)CC2)CC1
C1CCC(CCC2CCC(C3CC3)CC2CC2CCCCC2)CC1
C1CCC(CC2CCC(C3CCCC(CC4CCCCC4)C3)CC2)CC1
C1CCC(CCCC2CCC(C3CCCCC3)CC2)CC1
C1CCC(CC2CC(C3CCCCC3)C2)CC1
C1CCC(C2CCCCC2CCCC2CCC(C3CCC(CC4CCC(C5CCCC5)CC4)CC3)CC2)CC1
C1CCC(CCC2CCC(CC3CCCCC3CCC3CCCC(CCC4CCCCC4)C3)CC2)CC1
C1CCC(CCCC2CCC(C3CCC4CC(C5CCC6CCCCC65)CCC4C3)CC2)CC1
C1CCC(C2CCCCC2C2CCC(C3CC4CCCCC4C(C4CCC(C5CCCC5)CC4)C3)CC2)CC1
C1CCC(C2CCC(C3CCCC(CC4CCCC(C5CC6CCCCC6C5)C4)C3)CC2)CC1
C1CCC(CC2CCC(C3CCC(CC4CCCCC4)CC3)CC2)CC1
C1CCC(CCCCC2CCC(CC3CCCCC3)CC2)CC1
C1CCC(C2CCC(C3CCCCC3)C(C3CCCCC3)C2)CC1
C1CCC(CC2CCC(CC3CCCCC3C3CCCC3)CC2)CC1
C1CCC(C2CCCC(C3CCC(C4CCCCC4C4CCCC4)C(C4CCCC4)C3)C2)CC1
C1CCC(CC2CCC(C3CCCCC3)CC2)CC1
C1CCC(C2CC(C3CCC(CC4CCC(C5CC5)CC4)CC3)C3CCCCC23)CC1
C1CCC(CCCCC2CCC(CC3CCCCC3)CC2)CC1
C1CCC(CCC2CCC(C3CCCCC3)CC2)CC1
C1CCC(CC2CCC(C3CC3)CC2)CC1
C1CCC(CC2CCCCC2)CC1
C1CCC(CCC2CCCC(C3CCCCC3)C2)CC1
C1CCC(CC2CCC3C(CCC3CC3CCCC(CC4CCC(CC5CCCC5)CC4)C3)C2)CC1
C1CCC(CCCC2CC(C3CCCCC3)CCC2CC2CCC2)CC1
C1CCC(CCC2CCCC(C3CCCCC3)C2)CC1
C1CCC(CCC2CCC(C3CCCCC3)CC2)CC1
C1CCC(CCC2CCCC(C3CCCCC3)C2)CC1
C1CCC(CCCC2CCC(C3CCCC(CCC4CC5CCCCC5C4)C3)CC2)CC1
C1CCC(CCC2CC(CCC3CCCCC3)CC(CCC3CCCC3)C2)CC1
C1CCC(C2CCCC(C3CCCC(C4CCC4)C3)C2)CC1
C1CCC(CC(C2CCCC2)C2CCCC(C3CCCCC3)C2)CC1
C1CCC(CC2CCCC(C3CCCC(C4CCC5CCCCC54)C3)C2)CC1
C1CCC(CCC2CCC(C3CCCCC3)CC2)CC1
C1CCC(CC2CCC(C3CCC4CCCCC43)C(C3CCCCC3)C2)CC1
C1CCC(CCCCC2CCC(C3CCCCC3)CC2C2CCCCC2)CC1
C1CCC(C2CCCC(C3CCCC(C4CCCC(C5CCCC5)C4)C3)C2)CC1
C1CCC(C2CCCC(C3CCCC(C4CCCCC4)C3)C2)CC1
C1CCC(C2CCC(C3CCC(C4CCCCC4)C4CCCC34)CC2)CC1
C1CCC(CCCCCC2CCC(CC3CCC(C4CCCCC4)CC3)CC2)CC1
C1CCC(CCCCCC2CCCCC2C2CCCC(CCC3CCCCC3)C2)CC1
C1CCC(CC2CCC(C3CCCCC3)CC2)CC1
C1CCC(C2CCCC(C3CCCC(C4CCCCC4)C3)C2)CC1
C1CCC(CC2CCC(C3CCCC(C4CCC(C5CCCC5)C(C5CCC6CCCC6C5)C4)C3)CC2)CC1
C1CCC(C2CCC(CC3CCC(C4CCC(C5CC(C6CCCCC6)C5)CC4)CC3)CC2)CC1
C1CCC(CCC2CCC(CC3CCC(CCC4CCCCC4)CC3)CC2)CC1
C1CCC(C2CCC(C3CCC(CCCC4CCC5CCCC5C4)CC3)CC2)CC1
C1CCC(C2CCCC(C3CCCCC3)C2)CC1
C1CCC(CC2CCCCC2C2CCCCC2C2CCCCC2)CC1
C1CCC(CC2CCC(C3CCCCC3)CC2)CC1
C1CCC(C2CCC(C3CC4CCCCC4C3)CC2)CC1
C1CCC(CCC2CCCC(CC3CCCCC3)C2)CC1
C1CCC(C2CCCC(C3CCCC(CCC4CCCCC4C4CCCC4)C3)C2)C1
C1CCC2CC(CCC3CCCCC3C3CCC4C(CCCC4C4CCCC4)C3)CC2C1
C1CCC(C2CCC(CC(CCC3CCC4CCCCC43)C3CCCC(C4CCCC4)C3)CC2)CC1
C1CCC(CC2CCC(CCCC3CCCCC3C3CCCCC3)CC2)CC1
C1CCC(CCC2CCC(CC3CCCCC3)CC2)CC1
C1CCC(CC2CCC3C(CC4CCCCC4)CC(C4CCCCC4CC4CCCCC4)C3C2)CC1
C1CCC(CC2CCC(CC3CCCC(C4CCCCC4)C3)CC2)CC1
C1CCC(CC2CCCCC2CCCC2CCC3CCC(C4CCCCC4)C3C2)CC1
C1CCC(CCC2CC(CC3CCCCC3C3CCC4CCCCC4C3)CC(C3CCCC3)C2)CC1
C1CCC(CCCCC2CCCC(C3CCCC4CC(C5CCCCC5)CCC43)C2)CC1
C1CCC(CC2CCC(C3CCCCC3C3CCCCC3)CC2)CC1
C1CCC(C2CCC(C3CCC(CC4CCC(CC5CCCC5)CC4)CC3)CC2)CC1
C1CCC(CC2CCCC(C3CCC(CC4CCC(C5CCCC5)CC4)CC3)C2)CC1
C1CCC(CC2CCC(C3CCCCC3)CC2)CC1
C1CCC(CC2CCCCC2CCC2CCCC(C3CCCCC3)C2)CC1
C1CCC(C2CCC(CCC3CCCC(C4CCC(C5CC5)CC4)C3)CC2)C1
C1CCC(CC2CCC(CC3CCCCC3)CC2)CC1
C1CCC(C2CC(C3CCC4CCCCC43)CC3CCC(CC4CCCC4)CC32)CC1
C1CCC(CC2CCC(CC3CCC(CC4CCCC(CC5CCCCC5)C4)CC3)CC2)CC1
C1CCC(C2CC(C3CCC4CCCCC43)CC3CCCCC32)CC1
C1CCC(CCC2CCC(C3CCCC4CC(CC5CCCCC5)CCC43)CC2)CC1
C1CCC(CCCCCC2CCC(CC3CCC(CC4CCCCC4)CC3)CC2)CC1
C1CCC(CCC2CCCCC2)CC1
C1CCC(C2CCCC(C3CCCCC3C3CCCCC3)C2)CC1
C1CCC(CCC2CCC(CCC3CCCC(C4CCCC4)C3)CC2)CC1
C1CCC(C2CCCC(CCC3CCCC(C4CCCCC4)C3)C2)CC1
C1CCC(C2CCC(C3CCCCC3CCC3CC4CCCCC4C3)CC2)CC1
C1CCC(C2CCCC(C3CCC(C(C4CCCCC4)C4CCCCC4)CC3)C2)CC1
C1CCC(CCCC2CCC(CC3CCCCC3)CC2)CC1
C1CCC(C2CCC(C3CCC(C4CCCC4)CC3)CC2)CC1
C1CCC(CC2CC(C3CCCCC3C3CCC(C4CCCC4)CC3)C3CCCCC23)CC1
C1CCC(CCCCCC2CCC(CC3CCCCC3)CC2)CC1
C1CCC(C2CCCC(C3CCCCC3C3CCCC(C4CCCC4)C3)C2)CC1
C1CCC(CC2CC3CCCCC3C2)C(CCCC2CCC(CCC3CC4CCCCC4C3)CC2)C1
C1CCC(CCC2CCC(CC3CCCCC3C3CCCC3)CC2)CC1
C1CCC(C2CCCCC2)CC1
C1CCC(CC2CCCCC2C2CCCC(C3CCCC(C4CCC5CCCCC54)C3)C2)CC1
C1CCC(CC2CCCC(C3CC(C4CCCCC4)C4CCCCC34)C2)CC1
C1CCC(C2CCC(C3CC(C4CCCCC4)C3)CC2)CC1
C1CCC(CC2CC(C3CC(C4CCCCC4)CCC3C3CCCC3)CCC2C2CCCC2)CC1
C1CCC(CCCC2CCC(CC3CCCCC3)CC2)CC1
C1CCC(CCCC2CCC(C3CCCC(C4CCCCC4)C3)CC2)CC1
C1CCC(CC2CCCCC2)CC1
C1CCC(CCC2CCC(CC3CCC(C4CCCC(C5CCCCC5)C4)CC3)CC2)CC1
C1CCC(CCC2CCC(C3CCCCC3C3CCCC3)CC2)CC1
C1CCC(CC2CCC(CC3CCC(CC4CC5CCCCC5C4)CC3)CC2)CC1
C1CCC(CC2CCCC(C3CCCCC3)C2)CC1
C1CCC(CC(C2CCCCC2)C2CCCCC2)CC1
C1CCC(CC2CCCCC2C2CCCC(C3CCCCC3)C2)CC1
C1CCC(CC2CC(C3CCC4CCCC4C3)CCC2C2CCCCC2)CC1
C1CCC(CC2CCCCC2CCC2CCC(C3CCCCC3)CC2)CC1
C1CCC(C2CCC(CC3CCCC(C4CCCC4)C3)CC2)CC1
C1CCC(CC2CCC(CC3CCCCC3C3CC3)CC2)CC1
C1CCC(C2CCC(C3CCCCC3)C2)CC1
C1CCC(CC2CCCC(C3CCCC(C4CCCCC4)C3)C2)CC1
C1CCC(CC2CCC(CC3CCC(C4CCCCC4CC4CCCC4)CC3)CC2)CC1
C1CCC(CC2CCCC(C3CCC4CCCC4C3)C2)CC1
C1CCC(CCCC2CCCC(CC3CC(CCCC4CCCC4)C4CCCCC34)C2)CC1
C1CCC(C2CCCCC2C2CCC(CC3CCC(C4CCCC(CC5CCC5)C4)CC3)CC2)CC1
C1CCC(CC2CC(C3CCCC3)CCC2C2CCC(CC3CC4CCCCC4C3)CC2)CC1
C1CCC(C2CCC(CC3CC(CC4CCCC(C5CCCCC5)C4)C4CCCCC34)CC2)CC1
C1CCC(CCCCCC2CCCC(CCC3CCC4CCCC4C3)C2)CC1
C1CCC(C2CCCC(C3CCC(CCCCCC4CCC5CCCCC45)CC3)C2)CC1
C1CCC(C2CCC(CC3CCCC(C4CCCC(CC5CCCC5)C4)C3)CC2)CC1
C1CCC(CC2CCCCC2C2CCC3C(CCC3C3CCC(C4CCC4)CC3)C2)CC1
C1CCC(CC2CCC(CCC3CCCC(CC4CCCC5CCCCC54)C3)CC2)CC1
C1CCC(C2CCC(CCC3CC4CCCCC4C3)CC2)CC1
C1CCC(CCCCC2CCC(CC3CCC(C4CCC(C5CCCC5)CC4)CC3)CC2)C1
C1CCC(CC2CCCC(CC3CC4CCCCC4C3)C2)CC1
C1CCC(CC2CCCC(C3CCCC(C4CCCCC4)C3)C2)CC1
C1CCC(CC2CCC(CCC(CC3CCCCC3)C3CCC4CCCC4C3)CC2)CC1
C1CCC(C2CCCC(C3CCC(C4CCCCC4)C(C4CCCCC4)C3)C2)CC1
C1CCC(CC2CCCC(CC(C3CCCCC3)C3CCCC(CC4CCCCC4)C3)C2)CC1
C1CCC(CC2CCC(CC3CCC(CC4CCCCC4)CC3)CC2)CC1
C1CCC(CC2CC(C3CCCCC3)C3CCCC3C2C2CCCCC2C2CCC3CCCC3C2)CC1
C1CCC(CCC2CCC(C3CCCCC3)C(CC3CCCCC3)C2)CC1
C1CCC(CC2CCC(C3CCCCC3)CC2)CC1
C1CC(CC2CC3CCCCC32)CC(CC2CC(C3CCC(C4CCCC4)CC3)C3CCCCC23)C1
C1CCC(CC2CCCC(C3CCCCC3)C2)CC1
C1CCC(CC2CCCC(C3CCCCC3)C2)CC1
C1CCC(C2CCCCC2C2CCCCC2)CC1
C1CCC(CC2CCCC(C3CCC(C4CC4)CC3C3CCCC3)C2)CC1
C1CCC(C2CCCC(C3CCCCC3C3CCCCC3)C2)CC1
C1CCC(CCC2CCC(C3CCCC(C4CCCCC4)C3)CC2)CC1
C1CC(CCC2CCCC(C3CCC(C4CCC(CC5CC5)CC4)CC3)C2)C1
C1CCC(C2CCC(C3CCC4CCCCC4C3)C(C3CCCCC3)C2)CC1
C1CCC(CC2CCCCC2C2CCCCC2C2CCCC2)CC1
C1CCC(CCC2CCCC(C3CCCCC3)C2)CC1
C1CCC(CC2CCCC(C3CCCCC3)C2)CC1
C1CCC(CCCC2CCCCC2)CC1
C1CCC(CC2CCC(C3CCCC(C4CCCC4)C3)CC2C2CCCCC2)CC1
C1CCC(C2CCC(CCC3CC4CCCCC4C3)CC2)CC1
C1CCC(C2CC(C3CCCC(C4CCC(CC5CCCC5)CC4)C3)C3CCCCC23)CC1
C1CCC(CC2CCC(CCCC3CCCC(C4CCC5CCCCC54)C3)CC2)CC1
C1CCC(CC2CCC(CCCC3CCCC(C4CCCCC4)C3)CC2)CC1
C1CCC(CC2CCC3CC(C4CCCCC4)CCC3C2)CC1
C1CCC(C2CCC(C3CCCCC3C3CCCCC3)CC2)CC1
C1CCC(C2CC(CCC3CC3)CC3CCCCC32)CC1
C1CCC(C2CCC(CC3CCC(C4CCCCC4)C3)CC2)CC1
C1CCC(C2CCC(C(CC3CCCC3)C3CCC(C4CCCCC4)C3)CC2)CC1
C1CCC(CC2CCC(CC3CCCC(C4CCC4)C3)CC2)CC1
C1CCC(CCC2CCCC(CC3CC(C4CCCC4)C4CCCCC34)C2)CC1
C1CCC(CC2CCC(C3CCCC(C4CCCCC4)C3)CC2C2CCCC2)CC1
C1CCC(C2CCC(CC3CCC(CC4CCCC4)CC3)CC2)CC1
C1CCC(C2CCCCC2C2CCC(CCC3CCC(C4CCCC(C5CCCC5)C4)CC3)CC2)CC1
C1CCC(CC2CCCCC2)CC1
C1CCC(CC2CCC(C3CCC(CC4CCCCC4)CC3)CC2)CC1
C1CCC(C2CCC(C3CCC(C4CCCCC4)CC3)CC2)CC1
C1CCC(C2CCCC(C3CCCC(CC4CC(C5CC5)C5CCCCC45)C3)C2)CC1
C1CCC(CC2CCCC(C3CC(CC4CCCCC4)CC(C4CCCCC4)C3)C2)CC1
C1CCC(CCCC2CCCC(CC3CCC(CCC4CCCCC4)CC3)C2)CC1
C1CCC(C2CC(C3CCC4CCCCC43)CC3CCC(C4CC4)CC32)CC1
C1CCC(CCC2CCCC(C3CCC(C4CCCCC4)CC3)C2)CC1
C1CCC(C2CCC(C3CCCCC3)CC2)CC1
C1CCC(CC2CCC(C3CCC(C4CCC(C5CCCCC5)CC4)CC3)CC2)CC1
C1CCC(CCC2CCCC(C3CCC4CCCCC43)C2)CC1
C1CCC(CCCCC2CCCCC2C2CCCCC2)CC1
C1CCC(C2CCC(CC3CCC(CC4CCCC4)CC3)CC2)CC1
C1CCC(CCC2CCC(CC3CCC(C4CCCC(CCC5CCCCC5)C4)CC3)CC2)CC1
C1CCC(C2CCCC(C3CCC(CC4CCCCC4C4CCCC4)CC3)C2)CC1
C1CCC(C2CCCC3CCCCC32)CC1
C1CCC(CC2CCCC(CCC3CC3)C2)CC1
C1CCC(C2CCCC(C3CCCC(CC4CCC(C5CCCC5)CC4)C3)C2)CC1
C1CCC(CC2CCCC(C3CCCCC3)C2)CC1
C1CCC(CC2CCCCC2)CC1
C1CCC(CCCC2CCC(CC3CCC(C4CCCCC4)CC3)CC2)CC1
C1CCC(CC2CCCC(C3CCCC(C4CCCC(C5CCCC5)C4)C3)C2)CC1
C1CCC(C2CCCC(C3CCCC(C4CCCCC4)C3)C2)CC1
C1CCC(CC2CCC(CC3CCC(CC4CCCC4)CC3)CC2)CC1
C1CCC(CC2CCCC(C3CCCCC3C3CCC(C4CC5CCCCC5C4)CC3)C2)CC1
C1CCC(CCC2CCCC(C3CCCCC3)C2)CC1
C1CCC(CC2CCCC(C3CC(C4CCCCC4)CC(CC4CC4)C3C3CCCCC3)C2)CC1
C1CCC(CC2CCC(CC3CC(C4CCC(C5CCCCC5)CC4)C4CCCCC34)CC2)CC1
C1CCC(C2CCC3CC(C4CCC(C5CCCCC5)C4)CCC3C2)CC1
C1CCC(C2CCC3C(CCCC3CC3CCCCC3CC3CCC4CCCCC4C3)C2)CC1
C1CCC(CC2CCCC(CC3CCC(C4CC(CC5CCCCC5)C5CCCCC54)CC3)C2)CC1
C1CCC(CCC2CCCC(CC3CCCC(C4CCCCC4C4CCCCC4)C3)C2)CC1
C1CCC(C2CCC(CC3CCCCC3C3CCCCC3)CC2)CC1
C1CCC(CCCCC2CCCC(CCC3CCCCC3)C2)CC1
C1CCC(C2CCCC(C3CCCCC3)C2)CC1
C1CCC(CCC2CCCCC2CC2CCC(C3CCCC(C4CCCCC4)C3)CC2)CC1
C1CCC(C2CCC(C3CCC4CC(C5CCCCC5)CCC4C3)CC2)CC1
C1CCC(C2CCCC(C3CCCCC3)C2)CC1
C1CCC(CCC2CCC(C3CCCC3)CC2)CC1
C1CC2CCC(CC3CCC(CC4CCCC(C5CCC6CCCCC65)C4)CC3)CC2C1
C1CCC(CC2CCCC(C3CCCC(C4CCCC4)C3)C2)CC1
C1CCC(CCC2CCCC(C3CCC3)C2)CC1
C1CCC(CC2CCC(C3CCCCC3)CC2)CC1
C1CCC(CC2CCC3C(CCC3C3CCCCC3)C2)CC1
C1CCC(CC2CCCC(C3CCCC(C4CCCCC4)C3)C2)CC1
C1CCC(C2CC(C3CCCCC3)C(C3CCCCC3)C(C3CCC3)C2)CC1
C1CCC(CC2CCCC(C3CC(CC4CCCCC4)C4CCCCC43)C2)CC1
C1CCC(CC2CCCC(CCC3CCCC(CC4CCC(C5CCCCC5)CC4)C3)C2)CC1
C1CCC(CC2CCC(C3CCCCC3)CC2C2CCCCC2)CC1
C1CCC(C2CCCC(CCC3CC4CCCCC4C3)C2)CC1
C1CCC(CCCC2CCC(CC3CCC(CCCC4CCCCC4)CC3)CC2)CC1
C1CCC(CC2CCC(CCCC3CC4CCCCC4C3)CC2)CC1
C1CCC(C2CCC(C3CCCC(C4CCCCC4)C3)CC2)CC1
C1CCC(CC2CCCCC2C2CCCCC2)CC1
C1CCC(CCC2CCC(CCCC3CCC4CC(C5CCC6CCCCC65)CC(C5CCCC5)C4C3)CC2)CC1
C1CCC(CCCC2CCCC(C3CCCCC3C3CCCCC3)C2)CC1
C1CCC(C2CCC(C3CCC4CCCCC43)CC2)CC1
C1CCC(CCCC2CCC(C3CCCCC3)CC2C2CCCCC2)CC1
C1CCC(CC2CC(C3CCC(C4CC(C5CCCCC5)C4)CC3)C3CCCCC23)CC1
C1CCC(CCCCC2CCCCC2)CC1
C1CCC(CC2CCCCC2C2CCC(C3CCCCC3)CC2)CC1
C1CCC(CCC2CCC(CCCCC3CCC(CC4CCC(C5CCCCC5)CC4)CC3)CC2)CC1
C1CCC(C2CCC(CCC3CCCC(C4CCC(CC5CC5)CC4)C3)CC2)C1
C1CCC(CCC2CCCC(C3CC4CCCCC4C3)C2)CC1
C1CCC(CC2CCC(C3CCCCC3)CC2)CC1
C1CCC(C2CCCC(CC3CCCC4CCCCC43)C2)CC1
C1CCC(C2CCC(CC3CCCC(C4CCCCC4)C3)CC2)CC1
C1CCC(CCC2CCC(C3CCCCC3)CC2)CC1
C1CCC(C2CCCCC2C2CCCCC2C2CCCCC2)CC1
C1CCC(CCC2CCC(CC3CCC(C4CCC(CC5CCCCC5)C4)CC3)CC2)CC1
C1CCC(CC2CCCC(C3CCCCC3)C2)CC1
C1CCC(CC2CCC(CC(C3CCCCC3)C3CCC(C4CCCCC4)CC3)CC2)CC1
C1CCC(CCC2CCC(C3CCCCC3)CC2)CC1
C1CCC(C2CCCC(CC3CC(C4CCCCC4)C4CCCCC34)C2)CC1
C1CCC(C2CCC(CC3CCCC(CCC4CCC(CC5CC5)CC4)C3)CC2)CC1
C1CCC(C2CCCC(CCC3CCC(C4CCCC4)CC3)C2)CC1
C1CCC(CCC2CCCC(CC3CCCCC3)C2)CC1
C1CCC(C2CCC(C3CCC4CCCCC4C3)CC2)C1
C1CCC(C2CCCCC2C2CCCCC2)CC1
C1CCC(CC2CCCC(CC3CC(C4CCCCC4)C4CCCCC34)C2)CC1
C1CCC(CC2CCC(C3CCCCC3)CC2)CC1
C1CCC(CCC2CCCC(C3CCCCC3C3CCCCC3C3CCCC3)C2)CC1
C1CCC(CCC2CCC(C3CCC(C4CCCC(CCC5CCCCC5)C4)C4CCCC34)CC2)CC1
C1CCC(CC2CCCC(C3CC(CC4CCCCC4)C4CCCCC43)C2)CC1
C1CCC(CCCCC2CCCC(CC3CCC(CCC4CCCCC4)CC3)C2)CC1
C1CCC(CC2CCC(C3CCCCC3)CC2)CC1
C1CCC(CC2CCCC2CC2CCC(CC3CC(CC4CCCCC4)C4CCCCC34)CC2)CC1
C1CCC(C2CCC(C3CCCCC3CC3CCC(C4CCC4)CC3)CC2)CC1
C1CCC(C2CCCCC2CC2CCCC(C3CCCC3)C2)CC1
C1CCC(CC2CCC(C3CCC(C4CCCCC4)CC3)CC2)CC1
C1CCC(CCC(C2CCCCC2)C2CCC3CCCCC32)CC1
C1CCC(C2CCCC(CCCC3CCCC(C4CCCCC4)C3)C2)CC1
C1CCC(CC2CCC(CC3CCCCC3C3CCCC(C4CCCCC4)C3)CC2)CC1
C1CCC(CC2CCC(C3CCCCC3)CC2)CC1
C1CCC(CC2CCC(CCCCC3CC(C4CCCCC4)C4CCCCC34)CC2)CC1
C1CCC(CC2CCC(C3CC(C4CCC5CCCCC54)CC4CCC(CC5CCCC5)CC43)CC2)CC1
C(CCCC1CC(C2CCCCC2)CC(C2CCCCC2)C1)CCC1CCCCC1
C1CCC(CC2CCC(C3CCCCC3)CC2)CC1
C1CCC(CC2CCCCC2CC2CCCCC2CC2CCCCC2)CC1
C1CCC(CC2CCCCC2C2CCC(C3CCCCC3)CC2)CC1
C1CCC(CC2CCCC(CCC3CCCC4CCCCC43)C2)CC1
C1CCC(CC2CCCC(C3CC(C4CCCCC4)CC(C4CCC4)C3)C2)CC1
C1CCC(CC2CCC(CC3CC4CCCCC4C3)CC2)CC1
C1CCC(CCC2CCC(CC3CCCCC3)CC2)CC1
C1CCC(CCC2CCCCC2CCC2CCC(C3CCC(CC4CCCCC4)CC3)CC2)CC1
C1CCC(C2CCCC(C3CCCC(C4CCCC4)C3)C2)CC1
C1CCC(C2CCCC(C3CCCCC3C3CCC4CCCCC4C3)C2)CC1
C1CCC(CCC2CC(CC3CCCC(C4CCCCC4)C3)C3CCCCC23)CC1
C1CCC(C2CCC(C3CC(C4CCCCC4)CC(C4CCCCC4)C3)CC2)CC1
C1CCC(CC2CCC(CC3CCCCC3)CC2)CC1
C1CCC(CCC2CCC(C3CCCCC3)CC2)CC1
C1CCC(C2CCC(CC3CCCCC3C3CCCCC3)CC2)CC1
C1CCC(CCC2CCCC(CCC3CCCCC3)C2)CC1
C1CCC(C2CCC(CCC3CCCC(C4CCC4)C3)CC2)C1
C1CCC(CCC2CCC(CC3CCC(CC4CCC(C5CCCCC5)CC4)CC3)CC2)CC1
C1CCC(C2CCCC(CC3CCC4CC(C5CCCC(C6CCC(C7CCC7)CC6)C5)CCC34)C2)CC1
C1CCC(C2CCC(C3CCC4C(CCC4C4CCCCC4)C3)CC2)CC1
C1CCC(CC2CC(CC3CCCCC3)CC(C3CCCCC3)C2)CC1
C1CCC(CC2CCC(CCC3CC(C4CCCCC4)CC(C4CCCCC4)C3)CC2)CC1
C1CCC(CC2CCCCC2C2CCC(C3CC4CCCCC4C3)CC2)CC1
C1CCC(C2CCCCC2CC2CCCC(CC3CCCC3)C2)CC1
C1CCC(C2CCCC(C3CCCC(C4CCCC4)C3)C2)CC1
C1CCC(C2CCCC(C3CCC(CC4CCC4)CC3)C2)CC1
C1CCC(CCCCC2CC(CC3CC3)CCC2CC2CCCCC2)CC1
C1CCC(CC2CCCCC2C2CCCCC2)CC1
C1CCC(CC2CCCC(C3CCCCC3C3CCC4CCCCC4C3)C2)CC1
C1CCC(CC2CCCC(CC3CCCCC3)C2)CC1
C1CCC(CCCC2CCC(CC3CCCCC3)CC2)CC1
C1CCC(C2CCC(C3CCCC(C4CCCCC4)C3)CC2)CC1
C1CCC(CCC2CCC(C3CCCCC3)CC2)CC1
C1CCC(CC2CCC(C3CCCC3)CC2)CC1
C1CCC(C2CCC(C3CC4CCCCC4C3)CC2)CC1
C1CCC(CC2CCC(CC3CCC(CCC4CC5CCCCC5C4)CC3)CC2)CC1
C1CCC(CC2CCCCC2C2CCC3C(CC4CCCCC4)CC(C4CCCCC4)CC3C2)CC1
C1CCC(CCCC2CCCC(C3CCC(CCC4CCC4)CC3)C2)CC1
C1CCC(CC2CCC3C(CC4CCCC4)CCC3C2)CC1
C1CCC(CC2CC(CCC3CCCC(C4CCCCC4)C3)C3CCCCC23)CC1
C1CCC(C2CCCCC2C2CCC(C3CC4CCCCC4C3)CC2)CC1
C1CCC(CCC2CCC(CCCC3CCCC(C4CCC4)C3)CC2)C1
C1CCC(CC2CCCC(C3CCC(C4CC5CCCCC5C4)CC3)C2)CC1
C1CCC(CCC2CCC(CC3CCCCC3C3CCCCC3)CC2)CC1
C1CCC(CCCCCC2CCC(CC3CCCCC3)CC2CCC2CCCCC2)CC1
C1CCC(C2CCCCC2C2CCC(C3CCC(C4CCCC4)CC3)CC2)CC1
C1CCC(C2CCC3CC(C4CCC(CCC5CCC(C6CCCC6)CC5)CC4)CCC32)CC1
C1CCC(C2CCC(C3CCC(C4CCCC(C5CCC6CCCCC65)C4)CC3)C2)CC1
C1CCC(CCC2CCC(C3CCC4C(CC5CCCC(C6CCCC6)C5)CC(CC5CCCCC5)C4C3)CC2)CC1
C1CCC(CCC2CCCC(C3CCC4CCCCC4C3)C2)CC1
C1CCC(C2CCC(C(CC3CCCC3)C3CCCCC3)CC2)CC1
C1CCC(CC2CCC(CC3CCCC(C4CCCC(CC5CCC(C6CCCCC6)CC5)C4)C3)CC2)CC1
C1CCC(C2CCC(CCCC3CCC(C4CCCCC4)CC3)CC2)CC1
C1CCC(C2CCC3CC(CCC4CCCC4)CCC32)CC1
C1CCC(CC2CCC(CCC3CCCC(C4CCCCC4)C3)CC2)CC1
C1CCC(CCCC2CC(CCC3CCC(CCC4CCCCC4)CC3)C3CCCCC23)CC1
C1CCC(C2CC(C3CCC4CCCCC43)CC3CCCCC32)CC1
C1CCC(C2CCC(C3CCCCC3C3CCC4CCCCC4C3)CC2)C1
C1CCC(C(CC2CCCCC2C2CCC3CCCC3C2)C2CCCCC2)CC1
C1CCC(CCC2CCC(CC3CCCCC3)C(C3CCCCC3)C2)CC1
C1CCC(CCC2CC(CC3CCCCC3C3CCCC3)CC(C3CCCC3)C2)CC1
C1CCC(CCCCCC2CCC(C3CCCCC3)CC2)CC1
C1CCC(C2CC(C3CCCCC3)C3CCCCC23)CC1
C1CC2CCC(C3CCCCC3C3CCC4C(CCC4C4CCC5CCCCC54)C3)CC2C1
C1CCC(CC2CCCCC2)CC1
C1CCC(C2CCC3CC(C4CCC5CCCCC54)CC(C4CCCCC4)C3C2)CC1
C1CCC(CC2CCC(C3CCCC(C4CCCC4)C3)CC2)CC1
C1CCC(C2CCCCC2C2CCCCC2)CC1
C1CCC(CC2CC(CC3CCC4CCCCC43)CC3CCCCC32)CC1
C1CCC(C2CCC(C3CCCC4CC(C5CCCCC5)CCC43)CC2)CC1
C1CCC(C2CCC(C3CCC(C4CCCC(C5CCCCC5)C4)CC3)CC2)CC1
C1CCC(C2CCC(C3CCCC(C4CCCCC4)C3)CC2)CC1
C1CCC(CC2CCCCC2)CC1
C1CCC(CCC2CCC(C3CCCC3)CC2)CC1
C1CCC(C2CCCCC2)CC1
C1CCC(CCC2CCC(C3CCC(C4CCCC4)CC3)CC2)CC1
C1CCC(C2CCCCC2CC2CCCC(C3CCC(C4CCCC(C5CCCC5)C4)CC3)C2)CC1
C1CCC(CC2CCCCC2C2CCC(CC3CCC3)CC2)CC1
C1CCC(C2CCCCC2)CC1
C1CCC(CC2CCC(CCC3CCC(C4CCC(CC5CC6CCCCC6C5)C4)CC3)CC2)CC1
C1CCC(CC2CCC(C3CCCC3)C(C3CCC4CCCC4C3)C2)CC1
C1CCC(CCCC2CCCCC2CC2CCCCC2CC2CCCCC2)CC1
C1CCC(C2CCC(CC3CCCC(CC4CC5CCCCC5C4)C3)CC2)CC1
C1CCC(C2CCCCC2C2CCC3C(CCCC3C3CCCCC3)C2)CC1
C1CCC(CCCCCC2CCCC(CCC3CCCCC3)C2)CC1
C1CCC(CC2CCC3CCC(C4CCCCC4)C3C2)CC1
C1CCC(CC2CCCC(CC3CCC(C4CCCCC4)CC3)C2)CC1
C1CCC(C2CCCCC2C2CCC(C3CCC(C4CCCC4)CC3)CC2)CC1
C1CCC(CCCC2CCC(CC3CCCCC3)CC2)CC1
C1CCC(CC2CCC(CC3CCCCC3)CC2)CC1
C1CCC(C2CCCC(CCCCC3CCC4CCCCC4C3)C2)CC1
C1CCC(CC2CC(C3CCCCC3)CCC2CC2CCC(C3CCCCC3)CC2)CC1
C1CCC(C2CCC(CC3CCCCC3C3CCCCC3)CC2)CC1
C1CCC(C2CCC(C3CCCC3)C(C3CCCCC3)C2)CC1
C1CCC(C2CC(C3CCC(C4CCC4)CC3C3CCCC3)C3CCCCC23)CC1
C1CCC(C2CCCC(CC3CCCCC3C3CCCCC3)C2)CC1
C1CCC(CCCC2CCCCC2)CC1
C1CCC(C2CC(CCC3CCCC(C4CCC4)C3)CC(C3CCCCC3)C2)CC1
C1CCC(C2CCC(CCC3CCC4CCCC(C5CCCCC5)C4C3)CC2)CC1
C1CCC(CC2CCC(CC3CCCC(C4CCCCC4)C3)CC2)CC1
C1CCC(CC2CCC(CC3CC(CCCC4CC5CCCCC5C4)C4CCCCC34)CC2)CC1
C1CCC(CCC2CCC(CC3CCC(CC4CCCCC4)CC3)CC2)CC1
C1CCC(CC2CCC(CCC3CCC4CCCC4C3)CC2)CC1
C1CCC(CCCC2CCCC(CC3CCCCC3)C2)CC1
C1CCC(CC2CCC(C3CCC(C4CCCCC4)CC3)CC2)CC1
C1CCC(C2CC(C3CCC(C4CCCCC4C4CCCC4)CC3)C2)CC1
C1CCC(CCCC2CCC(CCC3CCC(C4CCC(C5CCCCC5)C4)CC3)CC2)CC1
C1CCC(CC2CCC(C3CCCC(CC4CCCCC4)C3)CC2)CC1
C1CCC(CCCC2CC(C3CCCCC3)CC(C3CCCCC3)C2)CC1
C1CCC(C2CCC(CC3CCC(C4CCC(CC5CCCC5)CC4)CC3)CC2)CC1
C1CCC(CCCC2CCCCC2C2CCC3CCCC3C2)CC1
C1CCC(C2CCC(CC3CCC(CCC4CCC5CCCC5C4)CC3)CC2)C1
C1CC(CC2CCC(C3CCCC(C4CCCC4)C3)CC2)CC(CC2CCCC(C3CCC4CCCC4C3)C2)C1
C1CCC(CC2CCC(CC3CCC(CC4CCCC4)CC3)CC2)CC1
C1CCC(C2CCCC(C3CC4CCCCC4C3)C2)CC1
C1CCC(CCC2CC(C3CC4CCCCC4C3)CCC2C2CCCCC2)CC1
C1CCC(CCCC2CCC(CC3CCCCC3)CC2)CC1
C1CCC(CC2CCCCC2CC2CCCC(C3CCCCC3)C2)CC1
C1CCC(CCC2CCC3CC(CC4CCC(C5CCCCC5)CC4)CCC23)CC1
C1CCC(CC2CC(CCC3CCC4CCCCC43)C3CC(C4CCCCC4)CCC23)CC1
C1CCC(CC2CCC(CC3CCC(C4CCCCC4)CC3)CC2)CC1
C1CCC(C2CCCCC2C2CCCC(C3CCC4CCCC4C3)C2)CC1
C1CCC(C2CCC(CC3CCC(C4CC4)CC3)CC2)CC1
C1CCC(CCCCCC2CCCCC2C2CCCCC2)CC1
C1CCC(CC2CCCCC2C2CCCCC2)CC1
C1CCC(CCCCCC2CCC(C3CCCCC3)CC2)CC1
C1CCC(CCC2CCCCC2)CC1
C1CCC(C2CCC(C3CCCC(C4CCCC4)C3)CC2)CC1
C1CCC(C2CCCC(C3CCCC(CC4CC4)C3)C2)CC1
C1CCC(CCCC2CCC(CCC3CCCCC3)CC2CCC2CCCCC2)CC1
C1CCC(CCC2CCC(CC3CCCC(CC4CCCCC4)C3)CC2)CC1
C1CCC(C2CCC(CCC3CCCC(C4CCCCC4)C3)CC2)CC1
C1CCC(CC2CCC(CCCC3CC3)CC2CC2CCCCC2)CC1
C1CCC(C2CCCCC2C2CCC(CC3CCC(C4CCCC4)CC3)CC2)CC1
C1CCC(CCCCCC2CCC(CC3CCC(C4CCCCC4)CC3)CC2)CC1
C1CCC(CCC2CCC3C(CCC3CC3CCC(C4CCCCC4)CC3C3CCCCC3)C2)CC1
C1CCC(CCCC2CCC(C3CCC(C4CCCC4)C(C4CCC(CC5CCCCC5)C4)C3)CC2)CC1
C1CCC(C2CCC(CC3CCC(C4CCCC(C5CCCCC5)C4)CC3)CC2)CC1
C1CCC(CCC2CCC(C3CCCCC3C3CCCCC3CC3CCCCC3)CC2)CC1
C1CCC(CCCCCC2CCCCC2C2CCCCC2C2CCCC2)CC1
C1CCC(CC2CCC(C3CCCCC3C3CCCC(C4CCCC4)C3)CC2C2CCCC2)CC1
C1CCC(CCC2CCC(C3CCCC3)CC2C2CCC3C(CCC3C3CCCC3)C2)C1
C1CCC(C2CCCCC2CC2CCC(CC3CCC(C4CCCC4)CC3)CC2)CC1
C1CCC(C2CCCC(CC3CCC4C(CCCC4C4CCCCC4)C3)C2)CC1
C1CCC(C2CC(CCC3CCCC(C4CC5CCCCC5C4)C3)CC(C3CCCC3)C2)CC1
C1CCC(CC2CC(C3CCC4CCCCC43)CC3CCC(C4CCCCC4)CC32)CC1
C1CCC(CCCC2CCC(CCC3CC3)CC2)CC1
C1CCC(CCC2CCC(CC3CCCCC3)CC2)CC1
C1CCC(CCCCCC2CCC(CC3CCCCC3)CC2)CC1
C1CCC(CCCC2CC(C3CCCCC3C3CCCCC3)C3CCCCC23)CC1
C1CCC(CC2CCCC(C3CCC(C4CCC(C5CCCCC5)CC4)C4CCCC34)C2)CC1
C1CCC(C2CCCC(CCCC3CCCCC3C3CCC4CCCC4C3)C2)CC1
C1CCC(CCC2CCCCC2CCC2CCC(C3CCC3)CC2)CC1
C1CC2CCC(C3CC(C4CCCC4)C4CCCCC34)CC2C1
C1CCC(CCC2CCC(CC3CCCC(C4CCCCC4)C3)CC2)CC1
C1CCC(CC2CCCCC2C2CCCCC2C2CCCC2)CC1
C1CCC(CC2CC3CCCCC3C(C3CCCCC3)C2)CC1
C1CCC(C2CCCC(C3CCCCC3C3CCCC3)C2)CC1
C1CCC(CC2CCC(CCC3CCCC(C4CCC5CCCCC54)C3)CC2)CC1
C1CCC(C2CCC(CC3CCC3)C(C3CCCCC3)C2)CC1
C1CCC(CCC2CCCC(CCC3CCCCC3)C2)CC1
C1CCC(CC2CCCC(C3CCC4CCCCC43)C2)CC1
C1CCC(CC2CCC(CC3CCCCC3)CC2)CC1
C1CCC(C2CCC(CC3CCCC4CCCCC43)CC2)CC1
C1CCC(C2CCCC(C3CCCCC3C3CCC3)C2)CC1
C1CCC(CC2CCC(CC3CCC(C4CCCCC4)C3)CC2C2CCCCC2)CC1
C1CCC(CC2CCC(CCCCCC3CCCCC3CC3CCCCC3)CC2)CC1
C1CCC(CCCC2CCC(CC3CCCC(CC4CC(C5CCCCC5)C5CCCCC45)C3)CC2)CC1
C(CCCC1CCCC(C2CCCCC2)C1)CCC1CCCCC1
C1CCC(CC2CCCCC2C2CCC(CC3CCC(CCCC4CCC5CCCCC5C4)CC3)CC2)CC1
C1CCC(C2CCCC(CC3CCC4CCCC4C3)C2)CC1
C1CCC(CC2CCCCC2C2CCC(CC3CCC4C(CCCC4C4CC4)C3)CC2)CC1
C1CCC(CCC2CCC(CCC3CCCC(C4CCCCC4)C3)CC2)CC1
C1CCC(CCC2CCCC3CC(C4CCCCC4C4CCCC4)CC23)CC1
C1CCC(C2CC2)C(CC2CC2)C1
C1CCC(CCCC2CCCC(CC3CCCCC3)C2)CC1
C1CCC(CC2CCC3CC(C4CCCC(C5CCC6CCCCC6C5)C4)CCC23)CC1
C1CCC(CC2CC3CCCCC3C(C3CCCCC3)C2)CC1
C1CCC(C2CCCC(C3CCCCC3)C2)CC1
C1CCC(CCC2CCCC(CC3CCC(C4CCCCC4)CC3)C2)CC1
C1CCC(CCCC2CCC(C3CCCC(C4CC4)C3)CC2)CC1
C1CCC(C2CCCC(CC3CCCC(C4CCCC4)C3)C2)CC1
C1CCC(CC2CCCC(C3CCC(C4CCCC4)CC3)C2)CC1
C1CCC(CCCCCC2CCCCC2C2CCCCC2)CC1
C1CCC(C2CC(C3CCC4CCCCC43)CC3CCC(CC4CCC(C5CCCC5)CC4)CC32)CC1
C1CCC(CC2CCC(C3CCCCC3)C(CC3CCCCC3)C2)CC1
C1CCC(CCC2CCCC(CC3CCCCC3)C2)CC1
C1CCC(CC2CCCCC2CC2CCC3CCCC(C4CCCCC4)C3C2)CC1
C1CCC(CCC2CCCC(C3CCC(CC4CCCCC4)CC3)C2)CC1
C1CCC(CCC2CC(CC3CCCCC3)CCC2C2CCC(CC3CCCC3)CC2)CC1
C1CCC(CC2CCC(CC3CCC(C4CCC(C5CCCCC5)CC4)CC3)CC2)CC1
C1CCC(CCC2CCCC(CCC3CC4CCCCC4C3)C2)CC1
C1CCC(CC2CCC(CCC3CCC(CCCC4CCCCC4C4CCCCC4)CC3)CC2)CC1
C1CCC(CCC2CCCC(CCC3CCCCC3)C2)CC1
C1CCC(CC2CCC(C3CCCCC3)CC2)CC1
C1CCC(C2CCC(C3CCCCC3C3CCCC3)CC2)CC1
C1CC(CCC2CCC(C3CCCCC3C3CCCC3)CC2)C1
C1CCC(CC2CCC(CC3CCC(C4CCCC(C5CCCCC5)C4)CC3)CC2)CC1
C1CCC(CC2CCC(CC3CCC(CC4CCCCC4)CC3)CC2)CC1
C1CCC(C2CCC3CC(C4CC(C5CCCCC5)C5CCCCC45)CCC32)CC1
C1CCC(CCCCC2CCCC(C3CCCCC3)C2)CC1
C1CCC(CC2CCC(CC3CCCCC3)CC2)CC1
C1CCC(CCCCC2CCC(CC3CCCCC3)CC2)CC1
C1CCC(CC2CCC(CC3CCC(C4CCC(C5CCCCC5)CC4)CC3)C2)CC1
C1CCC(CCC2CCC(CC3CCCCC3)CC2)CC1
C1CCC(CCCC2CCCCC2C2CCC3CCCC3C2)CC1
C1CCC(CCC2CCC(CC3CCC(CCCCC4CC4)CC3)CC2)CC1
C1CCC(CCC2CCCC(C3CCCC(CC4CCCCC4)C3)C2)CC1
C1CCC(CC2CCC(C3CCC4CCCCC43)CC2)CC1
C1CCC(CCC2CCC(C3CC(CC4CCCCC4)C4CCCCC43)CC2)CC1
C1CCC(C2CCC(C3CCCC(C4CCCCC4)C3)CC2)CC1
C1CCC(CCCC2CCC(C3CCC(CC4CCCCC4)CC3)CC2C2CCCC2)CC1
C1CCC(CC2CCCC(C3CCC(C4CCCC5CC(CC6CCCCC6)CCC54)CC3)C2)CC1
C1CCC(CC2CCC(C3CCCC3)CC2)CC1
C1CCC(C2CCCC(CC3CCCC(C4CCCC(C5CCCCC5)C4)C3)C2)CC1
C1CCC(CC2CCC(CC3CC4CCCCC4C3)CC2)CC1
C1CCC(C2CCC(CC3CCCCC3C3CCCCC3)CC2)CC1
C1CCC(C2CCC(CC3CCC(C4CCCCC4)CC3)CC2)CC1
C1CCC(CC2CC2)CC1
C1CCC(CCC2CCC(CC3CCCC(C4CCC(CC5CCCCC5)CC4)C3)CC2)CC1
C1CCC(CC2CC(C3CCC(C4CCCCC4)CC3)C3CCCCC23)CC1
C1CCC(CC2CCC(C3CCCCC3C3CCCCC3)C(C3CCCC3)C2)CC1
C1CCC(C2CCCC(C3CCC(C4CCC(C5CC5)CC4)C(C4CCCCC4)C3)C2)CC1
C1CCC(C2CCCC(C3CCC(CCC4CCCC4)CC3)C2)CC1
C1CCC(CCCC2CCC(CC3CCCCC3)CC2)CC1
C1CCC(CC2CCCCC2C2CCCC(C3CCCCC3)C2)CC1
C1CCC(C2CCC(C3CCCC(CC4CCCC(C5CCCCC5)C4)C3)CC2)CC1
C1CCC(CCCCC2CCC(CC3CCCCC3)CC2)CC1
C1CCC(C2CCC(C3CCCCC3)C(C3CCCCC3)C2)CC1
C1CCC(CC2CCC3CCCC3C2)CC1
C1CCC(CC2CCC(C3CCC(C4CCCC(C5CCCCC5)C4)C3)CC2)CC1
C1CCC(C2CCCCC2CC2CC3CCCCC3C2)CC1
C1CCC(CCC2CCC(CC3CCC(C4CCCCC4)CC3)CC2)CC1
C1CCC(CC2CC(CC3CCCCC3)C3CCCCC23)CC1
C1CCC(C2CCCCC2)CC1
C1CCC(CCC2CCC(C3CCCC(CC4CCCCC4)C3)CC2)CC1
C1CCC(C2CCC(C(C3CC3)C3CCCC(C4CCCCC4)C3)CC2)CC1
C1CCC(CC2CCC(C3CCCCC3)CC2)CC1
C1CCC(CC2CCC(CCC3CCCCC3CC3CCCCC3)C2)CC1
C1CCC(C2CCC(C3CC(CC4CCC(C5CCCC5)CC4)C4CCCCC43)CC2)CC1
C1CCC(CCC2CCC(CC3CCCCC3)CC2)CC1
C1CCC(C2CCC(C3CCCC(C4CCCCC4)C3)CC2)CC1
C1CCC(C2CCCCC2C2CCC(C3CCC(CCC4CCCC4)CC3)CC2)CC1
C1CCC(CC2CCCC(C3CCC(C4CCCCC4)CC3)C2)CC1
C1CCC(CCCCC2CCCC(C3CCC(CCC4CCCCC4)CC3)C2)CC1
C1CCC(CC2CCCCC2CC(CC2CCCCC2C2CC2)C2CCC3CCCC3C2)C1
C1CCC(C2CCC(CC3CCCC(C4CCCCC4)C3)CC2)CC1
C1CCC(C2CCCC(C3CCCCC3)C2)CC1
C1CCC(C2CCC(C3CCC(C4CCC4)CC3C3CCCCC3)CC2)CC1
C1CCC(C2CCC(CCC(C3CCCCC3)(C3CCCCC3)C3CCCC3)CC2)CC1
C1CCC(C2CCC(C(C3CCCC3)C3CCCC(C4CCC(C5CCC5)CC4)C3)CC2)CC1
C1CCC(CC2CCCC(CCC3CCC(C4CCCC(C5CCC5)C4)CC3)C2)CC1
C1CCC(CCCC2CCCCC2C2CCCCC2CC2CCCCC2)CC1
C1CCC(CC2CCCCC2C2CCCC(CC3CCCC(C4CCCCC4)C3)C2)CC1
C1CCC(CCCC2CCC(CCC3CCCCC3)CC2C2CCCCC2)CC1
C1CCC(C2CCC(C3CCCC(C4CCCCC4)C3)CC2)CC1
C1CCC(CCC2CCC(CC3CCC(CC4CCCCC4)CC3)CC2)CC1
C1CCC(CC2CC(CC3CCCC(C4CCCCC4)C3)C3CCCCC23)CC1
C1CCC(CC2CCCC(C3CCC4CCC(C5CCCC(C6CCCCC6)C5)CC4C3)C2)CC1
C1CCC(C2CCC(CC3CCCC(C4CCC5CCCC5C4)C3)CC2)CC1
C1CCC(CC2CCCC(CCC3CCC(C4CCC5CCCCC54)CC3)C2)CC1
C1CCC(CC2CCCC(CC3CCCCC3)C2)CC1
C1CCC(CC2CC(CC3CCC(C4CCCC4)CC3)CC(C3CC3)C2)C1
C1CCC(C2CCC(CC3CCCCC3C3CCC(C4CCCCC4)C3)CC2)CC1
C1CCC(C2CCCCC2C2CCCCC2CC2CCCC(C3CCCC3)C2)CC1
C1CCC(C2CCCC(C3CCCCC3)C2)CC1
C1CCC(CC2CCC(C3CCC(C4CCC(CC5CCCCC5)CC4)C3)CC2)CC1
C1CCC(CCCCC2CCCC(CCC3CCCCC3)C2)CC1
C1CCC(CCC2CCC(CCC3CCCC(C4CC5CCCCC5C4)C3)CC2)CC1
C1CCC(C2CCC(C3CCC(CC4CC(C5CCCCC5)C5CCCCC45)CC3)CC2)CC1
C1CCC(CCC2CCC3C(CC4CCCCC4)CC(CCC4CCCCC4)C3C2)CC1
C1CCC(C2CCC(C3CCCCC3)CC2)CC1
C1CCC(CCCC2CCC(CC3CCC(C4CCC5CCCCC5C4)CC3)CC2)CC1
C1CCC(CC2CCC(C3CCCCC3)C(C3CCCCC3)C2)CC1
C1CCC(CC2CCCC(CC3CCCCC3)C2)CC1
C1CCC(CCC2CCC(CC3CCC(C4CCC(CC5CCCCC5)CC4)CC3)CC2)CC1
C1CCC(C2CCC(CC3CCCC(C4CC4)C3)CC2)C1
C1CCC(CC2CCCC(CC3CCCC(C4CCCCC4)C3)C2)CC1
C1CCC(CCC2CCC(C3CCCCC3)C(C3CCCCC3)C2)CC1
C1CCC(C2CCC(C3CCCCC3C3CCCCC3C3CCCCC3)CC2)CC1
C1CCC2CC(C3CCCCC3C3CCC4CCCC4C3)CCC2C1
C1CCC(C2CCC(CC3CCC(C4CCCCC4C4CCCCC4)C3)CC2)CC1
C1CCC(CC2CCCC(C3CCCC3CC3CCCCC3)C2)CC1
C1CCC(CCCC2CCC(C3CC3)CC2C2CCC3CCCC3C2)CC1
C1CCC(CC2CCCCC2C2CCCCC2)CC1
C1CCC(CCC2CCCC(CCC3CCCCC3)C2)CC1
C1CCC(CC2CCCC(CC3CCC4C(CCC4C4CCCC4)C3)C2)CC1
C1CCC(CC2CCC(CC3CCC(CC4CCCCC4)CC3)CC2)CC1
C1CCC(CCCC2CCC(CC3CCCCC3)CC2)CC1
C1CCC(CC2CC(C3CCCCC3)C3CCCCC23)CC1
C1CCC(C2CCCC(CCC3CCCCC3CCC3CCC3)C2)CC1
C1CCC(CCC(CC2CC3CCCCC3C2)C2CCCCC2)CC1
C1CCC(CCCCC2CCC(C3CCC(CC4CCCCC4)CC3)CC2)CC1
C1CCC(C2CC(CC3CCC4CCCCC4C3)C3CCCCC32)CC1
C1CCC(CCCCCC2CCC(CCC3CCCCC3)CC2)CC1
C1CCC(CC2CCCCC2C2CCC(C3CC3)CC2)CC1
C1CCC(CCC2CCCC(C3CCC4CCCC4C3)C2)CC1
C1CCC(CC2CC(C3CCCCC3)C3CCCCC23)CC1
C1CCC(C(CC2CCC2)C2CCCC(C3CCCC(C4CCCC4)C3)C2)CC1
C1CCC(C2CCC3CCCCC3C2)CC1
C1CCC(CC2CCC(CC3CCC(C4CCC4)CC3)CC2)CC1
C1CCC(C2CCC(CCCC3CCCC(C4CCCC4)C3)CC2C2CCC2)CC1
C1CCC(CC2CCC3CCCC(C4CCCCC4)C3C2)CC1
C1CCC2CC(C3CCCCC3C3CCC4CCCC4C3)CCC2C1
C1CCC(C2CCC(C3CCCC(C4CCCCC4)C3)CC2)CC1
C(CCC1CCCCC1C1CCCC1)CC1CCCC(CCC2CCC(C3CCCC3)CC2)C1
C1CCC(CCC2CCC(C3CCCC(C4CCCCC4CC4CCCCC4)C3)C2)CC1
C1CCC(CC2CCCCC2C2CCCCC2C2CCCC(C3CCCCC3)C2)CC1
C1CCC(CC2CCC(CC3CC(C4CCCCC4)C4CCCCC34)CC2)CC1
C1CCC(C2CCC(C3CCCC3)C(C3CCC(CC4CCCC4)CC3)C2)CC1
C1CCC(CCCC2C(C3CCCCC3)CCC2C2CCCCC2)CC1
C1CCC(CC2CCC(CCC3CCC(CC4CCCCC4)CC3)CC2)CC1
C1CCC(CC2CCC(CC3CCCC(C4CCCCC4)C3)CC2)CC1
C1CCC(CCC2CCC(CC3CCCCC3)CC2CC2CCCCC2)CC1
C1CCC(C2CCCC(C3CCC(C4CCCC4)C(C4CCC5CCCC5C4)C3)C2)C1
C1CCC(CCC2CCCCC2C2CCC3CCCC3C2)CC1
C1CCC(CC2CCC(CCC3CCCCC3C3CCCCC3)CC2)CC1
C1CCC(C2CCC(C3CCCC4CCCCC43)C(C3CCCC3)C2)CC1
C1CCC(CC2CCC(C3CCC(CC4CCC(C5CCCC5)C4)CC3)CC2)CC1
C1CCC(CCCCC2CCCCC2)CC1
C1CCC(C2CCCC(C3CCC4CCCCC43)C2)CC1
C1CCC(CC2CCCC(CC3CC(C4CCC5CCCCC54)CC4CCCCC43)C2)CC1
C1CCC(C2CCCC(C3CCCC(CCCC4CC(C5CCCCC5)C5CCCCC45)C3)C2)CC1
C1CCC(CCC2CCC(CC3CCCCC3)CC2)CC1
C1CCC(C2CCC(CC3CCC(C4CCC5CCCCC54)CC3)CC2)CC1
C1CCC(CC2CCCCC2C2CCC(C3CCCCC3)CC2C2CCCC2)CC1
C1CCC(CCCC2CCC(CC3CCCCC3)CC2)CC1
C1CCC(CC2CCC3C(CC4CCC(C5CCCC5)CC4)CCC3C2)CC1
C1CC2CCC(C3CCCC(C4CCCCC4C4CCCC4)C3)CC2C1
C1CCC(CCCCC2CCCC(C(CC3CCCCC3)C3CCCC3)C2)CC1
C1CCC(C2CCCC(C3CCCC(C4CCCCC4)C3)C2)CC1
C1CCC(CCC2CCC(C3CCC(C4CCCCC4)CC3)CC2)CC1
C1CCC(CCC2CCCC(CC3CCCC(C4CCCCC4)C3)C2)CC1
C1CCC(C2CC(C3CCC4CCCCC43)CC3CCC(C4CCCC4)CC32)CC1
C1CCC(CCCCC2CCC(C3CCCC(C4CCCCC4)C3)CC2)CC1
C1CCC(CCC2CCC(CCCC3CCC(CC4CCCCC4)CC3)CC2)CC1
C1CCC(CC2CCC(C3CCCCC3)CC2)CC1
C1CCC(C2CC(CC3CCCC3)CCC2CC2CCCC(C3CCC(C4CC5CCCCC5C4)CC3)C2)CC1
C1CCC(CC2CCC(C3CCCCC3)C(C3CCCC3)C2)CC1
C1CCC(CC2CC(C3CCCCC3)C3CCCCC23)CC1
C1CCC(CC2CCC(C3CCCC(CCC4CCCC4)C3)CC2)CC1
C1CCC(CCCC2CCCCC2)CC1
C1CCC(CCCC2CCCCC2)CC1
C1CCC(CCC2CCC(C3CCC(CCCC4CCC5CCCCC5C4)CC3)CC2)CC1
C1CCC(CCCC2CCC(CCC3CCCCC3)CC2CCC2CCCCC2)CC1
C1CCC(CCC2CCCC(CC3CC(CC4CCCCC4)C4CCCCC34)C2)CC1
C1CCC(CCCCC2CCC(CC3CCCCC3)CC2CC2CCC3CCCC3C2)CC1
C1CCC(CCCC2CCC(CCC3CCCCC3)CC2)CC1
C1CCC(CC2CCCCC2C2CCC(C3CCCCC3)CC2C2CCCC2)CC1
C1CCC(C2CCC(C3CCCC(C4CCCC4)C3)CC2)CC1
C1CCC(CC2CC(C3CCCCC3)CC(C3CCC3)C2)CC1
C1CCC(CC2CCC(CCC3CCC4CCCCC4C3)CC2)CC1
C1CCC(C2CCCC(CC3CCC3)C2)CC1
C1CCC(CCCC2CCC(C3CCC(C4CCC5CCCCC54)CC3)CC2)CC1
C1CCC(CCC2CCC(C3CCCC3)CC2)CC1
C1CCC(C2CCC(CC3CCCCC3C3CCCCC3)CC2)CC1
C1CCC(CCC2CCCC(C3CCCCC3)C2)CC1
C1CCC(C2CCC(CC3CCCC(C4CCCCC4)C3)CC2)CC1
C1CCC(CC2CCC3CCC(C4CCCC(C5CCCCC5)C4)CC3C2)CC1
C1CC(CCCC2CCCC3CCCCC32)CC(CC2CC2)C1
C1CCC(CC2CCCC(CCC3CCC(CC4CCC(C5CCCCC5)CC4)CC3)C2)CC1
C1CCC(C2CCCC(CC3CC(C4CCCCC4)C4CCCCC34)C2)CC1
C1CC2CCC(C3CCCCC3C3CCC(C4CCC5CCCCC54)CC3)CC2C1
C1CCC(CC2CCC(CC3CCCCC3)CC2)CC1
C1CCC(C2CCCC(C3CCCCC3)C2)CC1
C1CCC(CCC2CCC(C3CCCCC3C(C3CCCCC3)C3CCCC3)CC2CC2CCCCC2)CC1
C1CCC(CC2CCC(CC3CCC(C4CCCCC4)CC3)CC2)CC1
C1CCC(C2CCC(CC3CCCC3)CC2)CC1
C1CCC(CCCCCC2CCCCC2CC2CCCCC2)CC1
C1CCC(CC2CCC(CC3CCC(C4CCC5C(CCC5C5CCCCC5)C4)CC3)CC2)CC1
C1CCC(C2CCC(C3CCCCC3)CC2)CC1
C1CCC(CC2CCC(C3CCCCC3)CC2)CC1
C(CC1CCC(CC2CCCC(C3CCCC3)C2)CC1)CC1CCC(C2CCC2)CC1
C1CCC(CC2CCC(CCCC3CCC(C4CCCC4)CC3)CC2)CC1
C1CCC(CC2CCCCC2C2CCCC(C3CCC4CCCC4C3)C2)CC1
C1CCC(CC2CCC(C3CCCCC3)CC2)CC1
C1CCC(CCC2CCCCC2C2CCCCC2)CC1
C1CCC(CC2CCC3CC(C4CCCCC4)CC(CC4CCCCC4)C3C2)CC1
C1CCC(CCC2CCCCC2C2CCCCC2CC2CCCCC2)CC1
C1CCC(C2CCC(CC3CCC(CC4CC4)CC3)CC2)CC1
C1CCC(CCCC2CCC(C3CCCCC3)CC2C2CCCCC2C2CCCC2)CC1
C1CCC(CC2CCC(C3CCCC(C4CCCCC4)C3)CC2)CC1
C1CCC(CCCC2CCC(C3CCCCC3)CC2C2CCCCC2)CC1
C1CCC(C2CCC(C3CCCCC3)CC2)CC1
C1CCC(CC2CCCCC2C2CCCCC2C2CCC(C3CC(CC4CCCCC4)C4CCCCC43)C2)CC1
C1CCC(CCC2CCC3CC(CC4CCC(C5CCCCC5)CC4)CCC3C2)CC1
C1CCC(CC2CCC(CCCC3CCC(CC4CCCCC4)CC3)CC2)CC1
C1CCC(CC2CCC(CC3CCCCC3)CC2)CC1
C1CCC(CC2CCC(C3CCCCC3)CC2)CC1
C1CCC(C2CCCC(CC3CCC(CC4CC4)CC3)C2)CC1
C1CCC(C2CCCC(CC3CCC(C4CCCCC4)C3)C2)CC1
C1CCC(C2CCCC(CC3CCC(C4CCC4)CC3)C2)CC1
C1CCC(CCC(CCC2CCCCC2)(CCC2CCC3CCCC3C2)CC2CCCCC2)CC1
C1CCC(C2CCC(C3CCCC(C4CCCC4)C3)C(C3CCCCC3)C2)CC1
C1CCC(CC2CCCCC2C2CCCCC2)CC1
C1CCC(CCCCC2CCCC(C3CCCC3)C2)CC1
C1CCC(CC2CCC(CC3CCCCC3)C(C3CC4CCCCC4C3)C2)CC1
C(CC1CCCC(C2CC2)C1)CC1CCC2CC(C3CCC4CCCCC43)CCC2C1
C1CCC(C2CCCC(C3CCC(CCC4CCCC4)CC3)C2)CC1
C(CCC1CCCC1)CCC1CCC(C2CCC(C3CCC(C4CCCC4)CC3)CC2)CC1
C1CCC(CC2CCC(C3CCC(C4CCCCC4)CC3)CC2)CC1
C1CCC(CC2CCCCC2C2CCC3CCCCC3C2)CC1
C1CCC(CC2CCC3CCCC3C2)CC1
C1CCC(CC2CCCCC2C2CCC3CCCC3C2)CC1
C1CCC(C2CCC3CCC(C4CCCCC4C(C4CCCCC4)C4CCCCC4C4CCCC4)CC3C2)CC1
C1CCC(C2CCCCC2C2CCCC(C3CCC4C(CCC4C4CCCC4)C3)C2)CC1
C1CCC(CCC2CCC(CC3CCCC(CC4CCCCC4)C3)CC2)CC1
C1CCC(CC2CCCC(C3CCCCC3)C2)CC1
C1CCC(CCC2CCC(C3CCCCC3CCC3CCCCC3)CC2)CC1
C1CCC(CC2CCC(C3CC3)CC2)CC1
C1CCC(CC2CCC(CC3CCC4CCCCC4C3)CC2)CC1
C1CCC(C2CCC(C3CCC(CCC4CC5CCCCC5C4)CC3)C2CC2CCCC3CCCCC32)CC1
C1CCC(CCCC2CCC(CCC3CCC(CCC4CCCCC4)CC3)CC2)CC1
C1CCC(CC2CCC(C3CC(C4CCCCC4)CC4CCCCC43)C(C3CCCCC3)C2)CC1
C1CCC(CC2CCC(CC3CCCCC3)CC2)CC1
C1CCC(CC2CCCC(C3CCCCC3)C2)CC1
C1CCC(CCC2CCC(CC3CC4CCCCC4C3)CC2)CC1
C1CCC(CCC2CCC(CC3CCCCC3C3CCCC3)CC2)CC1
C1CCC(CCC2CCCC(C3CCCC(C4CCCC4)C3)C2)CC1
C1CCC(CC2CCC(C3CCC(C4CCCCC4)CC3)CC2)CC1
C1CCC(CCC2CCC(CCCC3CC(C4CCCCC4)CC(C4CC4)C3)CC2)CC1
C1CCC(CC2CCC(CCC3CCCC(C4CCCCC4)C3)CC2)CC1
C1CCC(CCCC2CCCC(CC3CCC(C4CCCCC4)CC3)C2)CC1
C1CCC(C2CCCC(CCC3CC(C4CCCCC4)CC(C4CC4)C3)C2)CC1
C1CCC(C2CCCC(C3CCCCC3)C2)CC1
C1CCC(CC2CCCCC2C2CCCCC2C2CCCC(CCC3CC3)C2)CC1
C1CCC(CC2CCCC(CC3CCC(CC4CCC(CC5CCCC5)CC4)CC3)C2)CC1
C1CCC(CC2CCC(CCC3CCC(CC4CCCCC4)CC3)CC2)CC1
C1CCC(CCC2CCC(CC3CCC(C4CCC5CCCCC5C4)CC3)CC2)CC1
C1CCC(CCCC2CCC(CC3CCC(C4CCCCC4)CC3)CC2)CC1
C1CCC(C2CCCCC2)CC1
C1CCC(CC2CCCC(CCCCCC3CCC(C4CCC4)C(C4CCCCC4)C3)C2)CC1
C1CCC(CCCC2CCCC(C3CCCC(CC4CCCCC4)C3)C2)CC1
C1CCC(CC2CCCCC2C2CCC(C3CC3)CC2C2CCCC2)CC1
C1CCC(CCCC2CC(C3CCCCC3)C3CCCCC23)CC1
C1CCC(CCC2CCCC(C3CCC(CC4CCCC4)CC3)C2)CC1
C1CCC(CCCCCC2CCCCC2C2CCCC3CCCCC32)CC1
C1CCC(C2CCC(C3CCCC3)CC2C2CCCCC2)CC1
C1CCC(C2CC(C3CCC3)CC(C3CCC4CCC(C5CCCCC5)C4C3)C2)CC1
C1CCC(C2CCC(C3CCCC3)CC2)CC1
C1CCC(CC2CCCC(CC3CCCCC3)C2)CC1
C1CCC(CCC2CCCC(C3CCCCC3)C2C2CCCCC2)CC1
C1CCC(CC2CCC(C3CCCCC3)CC2)CC1
C1CCC(C2CCC(CCC3CCCC(C4CCCCC4)C3)CC2)CC1
C1CCC(C2CCCC(C(C3CCCCC3)C3CC3)C2)CC1
C1CCC(CCC2CCCCC2C2CCCC(C3CCC(C4CCCCC4)CC3)C2)CC1
C1CCC(CCC2CCC(C3CCCC3)CC2C2CCCCC2)CC1
C1CCC(CCCC2C(C3CCCCC3)CC(CCC3CCCCC3)CC2C2CCCCC2)CC1
C1CCC(CCC2CCCC(CCCC3CCC(CC4CC4)CC3)C2)CC1
C1CCC(CCC2CCCC(CCC3CCC(C4CCCC(CCC5CCCCC5)C4)CC3)C2)CC1
C1CCC(CC2CCC(CC3CCCC(CC4CC4)C3)CC2)CC1
C1CCC(CCC2CCCC(CC3CCCC4CC(C5CCCCC5)CCC34)C2)CC1
C1CCC(C2CCC(C3CCC(C4CCCC4)C3)CC2)CC1
C1CCC(CC2CCC(CC3CC3)C(CCC(CC3CCCC3)C3CCCC3)C2)CC1
C1CCC(CC2CCC(C3CCCCC3)CC2)CC1
C1CCC(C2CCCC(C3CC(C4CCC5CCCCC54)CC4CCCCC43)C2)CC1
C1CCC(CC2CCCC(C3CC(CC4CCCCC4)CC(C4CCC4)C3)C2)CC1
C1CCC(CC2CCC(C3CCCCC3)CC2)CC1
C1CCC(C2CCCC(C3CCCCC3)C2)CC1
C1CCC(CCC2CCCC(C3CCC(C4CC4)CC3C3CCCC3)C2)CC1
C1CCC(CC2CCC(CC3CCC(C4CCC5CCCCC5C4)C3)CC2)CC1
C1CC(CCC2CC2)CC(C2CCCC(C3CC3)C2)C1
C1CCC(C2CCCCC2)CC1
C1CCC(CCC(CC2CCC(C3CCCC3)CC2)C2CCCCC2)CC1
C1CCC(CCC2CCC(CC3CCC(C4CCCC4)CC3)CC2)CC1
C1CCC(C2CCC(C3CCC(C4CCCCC4C4CCCCC4)CC3)CC2)CC1
C1CCC(CC2CCC(C3CCC(C4CCCCC4)CC3)CC2)CC1
C1CCC(C2CCCC(CCCC3CCC(C4CCCC(C5CCCCC5)C4)CC3)C2)CC1
C1CCC(CC2CCCC(CCC3CCCC(C4CCCCC4)C3)C2)CC1
C1CCC(C2CCC(CC3CCC4CCCCC4C3)CC2)CC1
C1CCC(CC2CCC(C3CCCC(C4CCC(CC5CCCCC5)CC4)C3)CC2)CC1
C1CCC(C2CCC(C3CCC(C4CCCC(C5CCCC5)C4)C(C4CCCCC4)C3)CC2)CC1
C1CCC(C2CCC(C3CCCCC3)CC2)CC1
C1CCC(C2CCC(C3CCCCC3C3CCCCC3C3CCCCC3)CC2)CC1
C1CCC(C2CCC(CCC3CCC(C4CCC(C5CCC(CC6CCCC6)CC5)CC4)CC3)C2)CC1
C1CCC(CCC2CCCC(C3CCC(CC4CCCC(C5CCCCC5)C4)CC3)C2)CC1
C1CCC(CC2CCCC(C3CCCC(C4CCCC5CCCCC54)C3)C2)CC1
C1CCC(CC2CCCC(C3CCCCC3)C2)CC1
C1CCC(C2CC3CC(CC4CCC5C(CCC5C5CCCCC5)C4)CC3C2)CC1
C1CCC(C2CCC(C3CCC(C4CCCCC4)CC3)CC2)CC1
C1CC(CC2CC2)CC(CC2CCC(CC3CC4CCCCC4C3)CC2)C1
C1CCC(CC(C2CCCCC2)C2CCCCC2)CC1
C1CCC(CC2CCCCC2C2CCC(C3CCCCC3)CC2C2CCCC2)CC1
C1CCC(CC2CCCC(CC3CCCC(CC4CCCCC4)C3)C2)CC1
C1CCC(C2CCCCC2C2CCC3CCCCC3C2)CC1
C1CCC(CC2CC(CC3CCC(C4CCCCC4)CC3)C3CCCCC23)CC1
C1CCC(C2CCC(CCC3CCC(C4CCCCC4C4CCCCC4)CC3)CC2)CC1
C1CCC(CCC2CCCC(CC3CCC4CCCCC4C3)C2)CC1
C1CCC(CC2CC3CCCCC3C2)C(CC2CCC(CC3CC4CCCCC4C3)CC2)C1
C1CCC(CC2CCC(C3CCCC(CC4CCCCC4)C3)CC2)CC1
C1CCC(CCCCC2CCC(CC3CCCCC3)CC2)CC1
C1CCC(CCCC2CC(C3CCCCC3)CC(C3CCCCC3)C2)CC1
C1CCC(CCCCC2CC(CC3CC3)CCC2C2CCC3CCCCC3C2)CC1
C1CCC(C2CCCC(C3CC(C4CCCCC4)CC(C4CCCCC4)C3)C2)CC1
C1CCC(C2CCC(CC3CCCCC3CC3CCC(CC4CCCC4)CC3)CC2)CC1
C1CCC(C2CC(C3CCC3)CCC2C2CCC(CC3CCC(CCCC4CC5CCCCC5C4)CC3)CC2)CC1
C1CCC(C2CCC(CC3CCC(CC4CCCCC4C4CCC5CCCC5C4)CC3)CC2)CC1
C1CCC(C2CC(C3CCCCC3)CC(C3CCCC(C4CCCC4)C3)C2)CC1
C1CCC(CCCC2CCCCC2)CC1
C1CCC(CCCC2CCCC(CC3CCCCC3)C2)CC1
C1CCC(CC2CCC(C3CCCCC3)CC2)CC1
C1CCC(C2CCC(CC3CC4CCCCC4C3)CC2)CC1
C1CCC(CCC2CCC(CC3CCCC(C4CCCCC4)C3)C2)CC1
C1CCC(CC2CCC(C3CCC(CCCC4CCCC4)CC3)CC2)CC1
C1CCC(CC2CCC(C3CCCCC3)CC2)CC1
C1CCC(CC2CCCC(C3CCC(C4CCC5CCCCC5C4)CC3)C2)CC1
C1CCC(CC2CCCCC2CCCC2CCC(C3CCCCC3)CC2)CC1
C1CCC(C2CCC(C3CCCC(C4CCCCC4)C3)CC2)CC1
C1CCC(C2CCCC2C2CC(C3CCC4CCCCC43)CC3CCCCC32)CC1
C1CCC(CCCCC2CCCC(C3CCCCC3)C2)CC1
C1CCC(CCCCC2CCC(C3CCCC(C4CCCCC4)C3)CC2)CC1
C1CCC(C2CCCC(C3CCCC(C4CCCCC4)C3)C2)CC1
C1CCC(CC2CCC(C3CCCCC3)CC2)CC1
C1CCC(C2CCC(CC3CCC(C4CCCCC4)CC3)CC2)CC1
C(CCCC1CCC(C2CCCC(CC3CCCCC3)C2)CC1)CCCC1CC2CCCCC2C1
C1CCC(C2CCCCC2C2CCC(CC3CCCC3)CC2C2CCCC2)CC1
C1CCC(CCC2CCC(CC3CCCCC3)CC2)CC1
C1CCC(CC2CCCC(C3CCCC(CC4CC5CCCCC5C4)C3)C2)CC1
C1CCC(CCC2CCCC(C3CCCC(C4CCCCC4)C3)C2)CC1
C1CCC(CC2CCCC(C3CCCCC3C3CCCCC3)C2)CC1
C1CCC(CCC2CCC(C3CCC(C4CCC4)CC3CC3CCCCC3)CC2)CC1
C1CCC(CC2CCCCC2CC2CCCC(C3CCCCC3)C2)CC1
C1CCC(C2CC(C3CCC3)CC(C3CCCCC3C3CCC(C4CCCC4)CC3)C2)CC1
C(CC1CCC2CCCCC2C1)CC1CCCC(C2CCC3CCCC3C2)C1
C1CCC(CC2CCCCC2CCC2CCCCC2C2CCCCC2)CC1
C1CCC(CCC2CCCC3CC(C4CCC(CC5CCCCC5)CC4)CCC23)CC1
C1CCC(C2CCCCC2C2CCC3CCCC3C2)CC1
C1CCC(C2CCCC(CCC3CCC4CCCCC4C3)C2)CC1
C1CCC(C2CCC(C3CCCCC3C3CCCC(C4CCC4)C3)CC2)C1
C1CCC(C2CCCC(C3CCCCC3)C2)CC1
C1CCC(C2CCC(C3CCC4CCCC(C5CCCCC5)C4C3)CC2)CC1
C1CCC(CC2CCC(C3CCC(C4CCC(CC5CCC(C6CCCCC6)CC5)CC4)CC3)CC2)CC1
C1CCC(C2CCCC(CC3CCC(CC4CC5CCCCC5C4)CC3)C2)C1
C1CCC(CC2CC(CC3CCCCC3)C3CCCCC23)CC1
C1CCC(CCC2CCC(CC3CC(CCC4CC5CCCCC5C4)C4CC(C5CCCCC5)CCC34)CC2)CC1
C1CCC(CC2CCC(CC3CCC(C4CCCC(C5CCCCC5)C4)CC3)CC2)CC1
C1CCC(CCC2CCCC(C3CCCC(C4CCCCC4)C3)C2)CC1
C1CCC(CCCC2CCCC(CCC3CC4CCCCC4C3)C2)CC1
C1CCC(CC2CCC(C3CCCCC3)CC2)CC1
C1CCC(CC2CCC(CCC3CCC(C4CCCCC4)C3)CC2)CC1
C1CCC(CCC2CCCCC2C2CCCCC2C2CCCCC2)CC1
C1CCC(C2CCCC3CC(CCCC4CCC(C5CC6CCCCC6C5)CC4)CCC32)CC1
C1CCC(C2CCC(C3CCCCC3)C(C3CCC4CCCC4C3)C2)CC1
C1CCC(CC2CCC(CC3CCC(C4CCCCC4)CC3)CC2)CC1
C1CCC(C2CCC(C3CCCCC3)C(CC3CCCC3)C2)CC1
C1CCC(C2CCC3C(CCCC3C3CCC4C(CCC4C4CCCCC4)C3)C2)CC1
C1CCC(CC2CCC(CCC3CCC(CC4CCCCC4)CC3)CC2)CC1
C1CCC(CC2CCC(CCC(CC3CCCCC3)C3CCCCC3)CC2)CC1
C1CCC(CC2CCCC(C3CCC4CCC(C5CCCCC5)CC43)C2)CC1
C1CCC(C2CCCCC2)CC1
C1CCC(CCCC2CCCC(CC3CC3)C2)CC1
C1CCC(CC2CCCC(C3CCCC(C4CCCC(C5CCCCC5)C4)C3)C2)CC1
C1CCC(CC2CCCCC2C2CCCC(C3CCCCC3)C2)CC1
C(CC1CC1)CC1CCC(CC2CCC(CC3CCC(CCCC4CC4)CC3)CC2)CC1
C1CCC(CCCC2CCC(C3CCCCC3)CC2)CC1
C1CCC(CCCCC2CCCC(CCCC3CCC3)C2)CC1
C1CCC(C2CCCCC2CCC2CCCCC2C2CCCC2)C1
C1CCC(CC2CCCC(CCC3CCC(C4CCCC(C5CCCCC5)C4)CC3)C2)CC1
C1CCC(CCC2CCC(C3CCCC(CC4CCCCC4)C3)CC2)CC1
C1CCC(CCC2CCCC(C3CCCC(C4CCCCC4)C3)C2)CC1
C1CCC(CC2CCCCC2C2CCCC2C2CCC3C(C4CC4)CC(C4CCCC(C5CCCC5)C4)C3C2)CC1
C1CCC(CCC(CC2CCCCC2)C2CCCCC2)CC1
C1CCC(C2CCCC(C3CCCCC3)C2)CC1
C1CCC(CCCC2CCC(CCC3CCCCC3)CC2C2CCCCC2)CC1
C(CCC1CC1)CCC1CCC(CC2CCC(CC3CCCCC3)CC2)CC1
C1CCC(C2CCCC(C3CCCCC3C3CCCC(C4CCCCC4)C3)C2)CC1
C1CCC(CCC2CCCCC2CC2CCC(C3CCC(C4CCC(C5CC5)CC4)CC3)CC2)CC1
C1CCC(CC2CCCCC2C2CCC(C3CCCCC3)CC2)CC1
C1CCC(CCCCCC2CCCC(C3CCCCC3)C2)CC1
C1CCC(CCC2CCC(C3CCC(C4CCC(C5CCCCC5)CC4)CC3)CC2)CC1
C1CCC(C2CCC(CCC3CCC4CCCCC4C3)CC2)CC1
C1CCC(CC2CCC(CC3CCCCC3C3CCCC3)CC2)CC1
C1CCC(CC2CCC(C3CCC(C4CCCC4)CC3)CC2)CC1
C1CCC(C2CCC(C3CCCCC3C3CCCCC3)C(C3CCC4CCCC4C3)C2)CC1
C1CCC(C2CC(CCC3CCC(CC4CCC(CCC5CCCC5)CC4)CC3)C3CCCCC32)CC1
C1CCC(CCCC(C2CCCCC2)C2CCCC(C3CCCC(C4CCCCC4)C3)C2)CC1
C1CCC(CC2CCC(C3CCCC(C4CC(C5CCCCC5)CC(C5CCC5)C4)C3)CC2)CC1
C1CCC(C2CCC(C3CCCCC3C3CCCCC3)CC2)CC1
C1CCC(CCC2CCC(CC3CCCCC3)CC2)CC1
C1CCC(CC2CCC(C3CCCCC3C3CCCC3)CC2)CC1
C1CCC(C2CCCC(CCCC3CCCC(C4CCCCC4)C3)C2)CC1
C1CCC(CC2CCCC(C3CCCCC3)C2)CC1
C1CCC(C2CCCCC2C2CCC(C3CCCC3)CC2)CC1
C1CCC(CCC2CCCC(C3CCCC4CC(C5CCCCC5)CCC43)C2)CC1
C1CCC2CC(CC3CCCC(C4CCC5CCCC5C4)C3)CC2C1
C1CCC(C2CCC(CCCC3CCC(CC4CCCCC4C4CCCC4)CC3)CC2)CC1
C1CCC(C2CCCC(CCC3CCC4CCCC4C3)C2)CC1
C1CCC(CC2CCC(CCC3CCCC(CC4CCCCC4)C3)CC2)CC1
C1CCC(CCCCC2CCCC(C3CCCCC3)C2)CC1
C1CCC(CCC2CCC(C3CCCCC3)CC2)CC1
C1CCC(CC2CCC(CC3CCCC(C4CCC(C5CC5)CC4)C3)CC2)CC1
C1CCC(CCCCC2CCCC(C3CCCC(CC4CCCCC4)C3)C2)CC1
C1CCC(C2CCC(C3CCCCC3C3CCCCC3)CC2)CC1
C1CCC(CC(CC2CCCC2)(C2CCCCC2)C2CCCCC2)CC1
C1CCC(CC2CCC(CC3CCCCC3)CC2)CC1
C1CCC(C2CCCC(C3CCCCC3)C2)CC1
C1CCC(C2CCCC(CC3CCCCC3C3CCCCC3)C2)CC1
C1CCC(CC2CCC(C3CCCCC3)C(C3CCCCC3)C2)CC1
C1CCC(CC2CCC(C3CCCC(CC4CCCCC4)C3)CC2)CC1
C1CCC(C2CCC(CCC3CC(C4CCCCC4)C4CCCCC34)C2)CC1
C1CCC(C2CCCC(CCC3CCC(C4CCCCC4C4CCCCC4)CC3)C2)CC1
C1CCC(C2CCC(CCC3CCCCC3CCC3CC3)CC2)CC1
C1CCC(CC2CCC(CC3CCCCC3)CC2)CC1
C1CCC(C2CC(C3CC(C4CCC(C5CCCC5)CC4)C4CCCCC43)C3CCCCC23)CC1
C1CC(CC2CCC(C3CCC4CCCCC4C3)CC2)C1
C1CCC(C2CCCC(C3CCCCC3)C2)CC1
C1CCC(CCC2CCC(C3CCCCC3)CC2C2CCCC2)CC1
C1CCC(CC2CCC(CCCCC3CCCC(C4CCCC4)C3)CC2)CC1
C1CCC(CCC2CCC(C3CCCCC3CC3CCCCC3)CC2)CC1
C1CCC(CCC2CCC(C3CCC(C4CCCCC4)CC3)CC2)CC1
C1CCC(CC2CC(CCC3CCCC(C4CCCCC4)C3)C3CCCCC23)CC1
C1CCC(C2CCC(C3CCCCC3)C2)CC1
C1CCC(CCCC2CCC(C3CCCCC3)CC2)CC1
C1CCC(C2CCCC(CC3CC(CC4CCCCC4C4CCCC4)C4CCCCC34)C2)CC1
C1CCC(C2CCC(CC3CCCC(CC4CC4)C3)CC2C2CCCC2)CC1
C1CCC(C2CCC(C3CCCCC3C3CCCC3)CC2)CC1
C1CCC(CC2CCCCC2CC2CCCCC2)CC1
C1CCC(CCC2CCC3C(CCC3C3CCCCC3)C2)CC1
C1CCC(C2CCCC3CCCCC32)CC1
C1CCC(C2CCCCC2C2CCC(C3CCC(C4CCC(C5CCC5)CC4)CC3)CC2)CC1
C1CCC(CCC2CCC(C3CCCCC3C3CCCC3)C(C3CCCCC3)C2)CC1
C1CCC(C2CCCC(C3CC(C4CCCCC4)CC(C4CCCC4)C3)C2)CC1
C1CCC(C2CCCC(CC3CC(C4CCC5CCCCC54)CC4CCCCC43)C2)CC1
C1CCC(CC2CCC(C3CCC(C4CC(CCC5CC6CCCCC6C5)C4)CC3)CC2)CC1
C1CCC(CC2CCC(C3CCC(C4CCCC4)CC3)CC2)CC1
C1CCC(C2CCC(C3CCC(C4CCCCC4)CC3)CC2)CC1
C1CCC(CCCC2CCC(CCC3CCC(CC4CCCCC4)CC3)CC2)CC1
C1CCC(CCCCC2CCC3CC(C4CCCCC4)CC(C4CCCCC4)C3C2)CC1
C1CCC(C2CCCCC2C2CCC3C(CCCC3C3CCCCC3)C2)CC1
C1CCC(CCC2CCCCC2C2CCCCC2)CC1
C1CCC(CC2CCCC(C3CCC(C4CCCCC4)CC3)C2)CC1
C1CCCCC1
C1CCC(C2CCCC(CCC3CC4CCCCC4C3)C2)CC1
C1CCC(CC2CC(CC3CCC(C4CCC5CCCCC5C4)C3)C3CCCCC23)CC1
C1CCC(CCC2CCC(CCCCCC3CCC(C4CCCCC4)CC3)CC2)CC1
C1CCC(CC2CCCC(CCC3CCCC(C4CCCCC4)C3)C2)CC1
C1CCC(CCC2CCC(CC3CCC(CCC4CC5CCCCC5C4)CC3)CC2)CC1
C1CCC(C2CCCCC2)CC1
C1CCC(CC2CCC3C(CC4CCCC(C5CCC6CCCCC65)C4)CC(C4CCCCC4)C3C2)CC1
C1CCC(C2CCC(CC3CCCCC3CC3CCCC3)CC2)CC1
C1CCC(CC2CCC(CCC3CC(C4CCCCC4)CC(C4CCCCC4)C3)CC2)CC1
C1CCC(CC2CCCCC2)CC1
C1CCC(CC2CCC(C3CCCCC3C3CCC4CCCCC4C3)CC2)CC1
C1CCC(CCCC2CCCC(CCC3CCCCC3)C2)CC1
C1CCC(CC2CCCC(CC3CCCCC3)C2)CC1
C1CCC(CC2CCCCC2CCC2CCCC2)CC1
C1CCC(C2CCCC(CCC3CC(C4CCCCC4)C4CCCCC34)C2)CC1
C1CCC(C2CCC(C3CCCCC3C3CCCCC3)CC2)CC1
C1CCC(CCC2CC(C3CCCCC3)CC(CC3CCCCC3)C2CCC2CCCCC2)CC1
C1CCC(CC2CCC(CC3CCCCC3CC3CCCCC3)CC2)CC1
C1CCC(CCCC2CCC(C3CCC(CC4CCCC(CCC5CC6CCCCC6C5)C4)CC3)CC2)CC1
C1CCC(CCC2CCC(CC3CCCCC3)CC2)CC1
C1CCC(CCC(CC2CCC3CCCCC3C2)C2CCCCC2)CC1
C1CCC(C2CCCC(C3CCC(C4CCC5CCCC5C4)CC3)C2)CC1
C1CCC(CC2CCCC(C3CCCCC3C3CCCC3)C2)CC1
C1CCC(CCCC(CC2CCCCC2)CC2CC(CC3CCCCC3)C3CCCCC23)CC1
C1CCC(CC2CCCC(C3CCC(C4CCCCC4C4CCCC4)CC3)C2)CC1
C1CCC(CCCC2CC(C3CCCCC3)C3CCCCC23)CC1
C1CCC(C2CCC(C3CCC(C4CC5CCCCC5C4)C3)CC2)CC1
C1CCC(CC2CCCCC2C2CCC3CCCCC3C2)CC1
C1CCC(CC2CCC(C3CCCCC3C3CCCCC3)CC2)CC1
C1CCC(CC2CCC(CC3CCC(CC4CCCCC4)CC3)CC2)CC1
C1CCC(C2CCCC3CC(C4CCC5CCCC5C4)CCC32)CC1
C1CC(CC2CCCC(CC3CCC(CC4CCCC(C5CCCC5)C4)CC3)C2)C1
C1CCC(CCCC2CCCC(CC3CCCC(CC4CCCCC4)C3)C2)CC1
C1CCC(C2CCCCC2C2CCCCC2)CC1
C1CCC(CC2CCC3CC(C4CCCCC4)CC(C4CCCCC4)C3C2)CC1
C1CCC(CCC2CCC(C3CCCC(C4CCCCC4)C3)CC2)CC1
C1CCC(CCCCC2CCCC(CCC3CCCCC3)C2)CC1
C1CCC(C2CCCC(CC3CCCC4CC(C5CCCCC5C5CCCCC5)CCC34)C2)CC1
C1CCC(CC2CCC(C3CCC(C4CCCC4)CC3C3CCCCC3)CC2)CC1
C1CCC(CC2CCC(C3CC(C4CCCC4)CCC3C3CCC4CCCC4C3)CC2)CC1
C1CCC(CCC2CCCC(CC3CCCCC3)C2)CC1
C1CCC(CCC2CCC(C3CCC(CC4CC4)CC3)CC2)C1
C1CCC(CCCCC2CCCCC2)CC1
C1CCC(CC2CCC(CC3CC4CCCCC4C3)CC2)CC1
C1CCC(CC2CCC(C3CCCCC3CCC3CC3)CC2)CC1
C1CCC(C2CCCC(C3CCCC(C4CCCCC4)C3)C2)CC1
C1CCC(CCCC2CC(CC3CCCCC3)CCC2CC2CCCCC2)CC1
C1CCC(C2CCC(CC3CCC(CC4CCCC(C5CCCC5)C4)CC3)CC2)CC1
C1CCC(CCC2CC(CC3CCCC(C4CCC(C5CCCCC5)CC4)C3)C3CCCCC23)CC1
C1CCC(C2CCC(C3CC3)CC2)CC1
C1CCC(CC2CC3CCCCC3C(C3CCCCC3)C2)CC1
C1CCC(CCC2CCCC(C3CCCCC3)C2C2CCCCC2)CC1
C1CCC(C2CCC(CC3CCC(C4CCCCC4)C3)CC2)CC1
C1CCC(CCCCCC2CC3CCCCC3C(C3CCCCC3)C2)CC1
C1CCC(CCC2CCCCC2C2CCCCC2)CC1
C1CCC2CC(C3CCC(CC4CC4)CC3CC3CC3)CCC2C1
C1CCC(CCC2CCC(C3CCCC(C4CCCC(C5CCCCC5)C4)C3)CC2)CC1
C1CCC(CC2CCC(C3CCC(CC4CCCCC4)C3)CC2)CC1
C1CCC(C2CCCCC2C2CCCCC2)CC1
C1CCC(C2CCCC(C3CCCCC3CC3CCC(CC4CCCCC4C4CCCC4)CC3)C2)CC1
C1CCC(CCCCC2CCCCC2)CC1
C1CCC(C2CCC(C3CCCCC3C3CCCCC3)CC2)CC1
C1CCC(C2CCCC(CCC3CCCC3)C2)CC1
C1CCC(CC2CCC(CC3CCC(CC4CCCCC4)CC3)CC2)CC1
C1CCC(CC2CCC(C3CC(C4CCC(CC5CCC6CCCCC6C5)CC4)C3)CC2)CC1
C1CCC(CCC2CCCC(C3CCC(CCC4CCCCC4CC4CCCCC4)CC3)C2)CC1
C1CCC(CCCC2CC(C3CCCCC3)CCC2CCC2CCCC(CC3CCCCC3)C2)CC1
C1CCC(C2CCCC(C3CCC(C4CCCC4)CC3)C2)CC1
C1CCC(C2CCCC(CCC3CC(C4CCCCC4)C4CCCCC34)C2)CC1
C1CCC(CC2CCCC(C3CCCC3)C2)CC1
C1CCC(C2CCCC(CC3CCCC(C4CCCCC4C4CCCC4)C3)C2)CC1
C1CCC(CCC2CC(C3CCCCC3)C(CC3CCCC3)C(C3CCCCC3)C2)CC1
C1CCC(C2CCCC(C3CC(C4CCCCC4)CC(C4CC4)C3)C2)CC1
C1CCC(CCC2CCC(C3CCCCC3)CC2CC2CCC(C3CCCCC3)C2)CC1
C1CCC(CC2CCCC(C3CCCC(C4CCC(C5CCCCC5)CC4)C3)C2)CC1
C1CCC(CCC2CCCCC2C2CCCC(CC3CCCC(C4CCCCC4)C3)C2)CC1
C1CCC(CCCCC2CCC(C3CCCCC3)C(CC3CCCCC3)C2)CC1
C1CCC(CC2CCCC(CC3CCC4CCCCC43)C2)CC1
C1CCC(CC2CCC(CC3CCCCC3C3CCCCC3)CC2)CC1
C1CCC(CCCCC2CCCCC2C2CCCCC2)CC1
C(CCCC1CCCC(C2CCCCC2)C1)CCC1CCC(C2CC3CCCCC3C2)CC1
C1CCC(C2CCC(CC3CCCC3)CC2)CC1
C1CCC(CC2CCC(C3CCC(C4CCCCC4)CC3)CC2)CC1
C1CCC(CC2CCC(CCC3CCCC(C4CCC5CCCCC54)C3)CC2)CC1
C1CCC(C2CC(C3CCCCC3)CC(C3CCCC(CCC4CC5CCCCC5C4)C3)C2)CC1
C1CCC(CC2CCCC(CC3CCC4CCCC4C3)C2)CC1
C1CCC(CCCC2CCC(CC3CCC(C4CCCC(C5CCCC5)C4)CC3)CC2)CC1
C1CCC(CCC2CCC(CC3CCC(C4CCCCC4)CC3)CC2)CC1
C1CCC(CC2CCCC(CC3CCCC(CC4CC(CC5CC5)CCC4C4CCCCC4)C3)C2)CC1
C1CCC(CCC2CCC(C3CCCCC3)CC2)CC1
C1CCC(C2CCC(C3CC(C4CCCCC4)C4CCCCC43)C(C3CCCC3)C2)CC1
C1CCC(CCC2CCCC2C2CCCC(CC3CCCCC3)C2)CC1
C1CCC(CCCCCC2CCCC(C3CCCCC3C3CCCCC3)C2)CC1
C1CCC(CC2CCCC(C3CCCCC3)C2)CC1
C1CCC(CC2CCC(CC3CCCCC3)CC2)CC1
C(CC1CCCC(C2CCCC2)C1)CC1CCCC(C2CCC2)C1
C1CCC(CCCCC2CCCC(C3CCCC(C4CCCCC4)C3)C2)CC1
C1CCC(C2CCC(CC3CC4CCCCC4C3)CC2)CC1
C1CCC(CCC2CCC(CC3CCCCC3)CC2)CC1
C1CCC(CC2CCC(C3CC(C4CCCC5CCCCC54)C4CCCCC34)CC2)CC1
C1CCC(CCC2CC3CCCCC3C2)CC1
C1CCC(CC2CCC(CC3CCCCC3C3CCC4CCCC4C3)CC2)CC1
C1CCC(CC2CCC(C3CCCC(C4CCCCC4)C3)CC2)CC1
C1CCC(C2CCCC(C3CCCCC3)C2)CC1
C1CCC(CC2CCC(CCCC3CCC(C4CCCCC4)CC3)CC2)CC1
C1CCC(CC2CCC(C3CCCCC3CCC3CCC3)CC2CC2CCCCC2)CC1
C1CCC(CCC2CCC(C3CCCC(C4CCC(CC5CCCCC5)CC4)C3)CC2)CC1
C1CCC(CCC2CCC(CCCC3CCCC(C4CCCCC4)C3)CC2)CC1
C1CCC(CC2CCC(C3CC(C4CCCCC4)C3)CC2)CC1
C1CCC(CCCC2CCC(CCC3CCCCC3)CC2)CC1
C1CCC(CC2CCC(CC3CCC(C4CCC(CC5CCCC5)CC4)CC3)CC2)CC1
C1CCC(CC2CCCC(C3CCC(C4CCCC(CC5CCCC(C6CCCCC6)C5)C4)CC3)C2)CC1
C1CCC(C2CCCC(CC3CCCCC3CC3CCCC3)C2)CC1
C1CCC(CCC2CCC(CC3CCCCC3)CC2)CC1
C1CCC(C2CCCC(C3CCCCC3C3CCCCC3)C2)CC1
C1CCC(CC2CC(C3CCCC3)CC(C3CCCC(C4CCCC4)C3)C2)CC1
C1CCC(CC2CCC(CC3CCC(CCCCC4CC5CCCCC5C4)CC3)CC2)CC1
C1CCC(CCC(CCCC2CCC(CC3CCCCC3)CC2)C2CCCCC2)CC1
C1CCC(CC2CCC(C3CCCCC3CC3CCCCC3)CC2)CC1
C1CCC(C2CCC(CC3CCCC(C4CC(C5CCCCC5)CC(C5CC5)C4)C3)CC2)CC1
C1CCC(C2CCC(C3CCC(C4CCCCC4)CC3)CC2)CC1
C1CCC(C2CCCCC2CC2CC3CCCCC3C2)CC1
C1CCC(CC2CCC(CC3CCCCC3)CC2)CC1
C1CCC(CC2CCC(CCCCC3CCCCC3C3CCCCC3)CC2)CC1
C1CCC(CCC2CCCC(C3CCCC(CC4CCCC4)C3)C2)CC1
C1CCC(CC2CCCCC2C2CCCCC2C2CCCCC2)CC1
C1CCC(CC2CCC(C3CCCCC3)CC2)CC1
C1CCC(CCCCCC2CCCC(C3CCCCC3C3CCCCC3)C2)CC1
C1CCC(C2CCCCC2C2CCC3CCCC3C2)CC1
C1CCC(C2CCC(CC3CCCCC3C3CCCC3)CC2)CC1
C1CCC(CCCCC2CCC(CCCC3CCCCC3)C(C3CCCC3)C2)CC1
C1CCC(CC2CC(C3CCCC(C(CC4CCCCC4)C4CCCCC4)C3)C3CCCCC23)CC1
C1CCC(CC2CCCC(CC3CCC(C4CCC4)CC3)C2)CC1
C1CCC(C2CCC(CC3CCC(C4CCCC4)CC3)CC2)CC1
C1CCC(CC2CCC(CC3CCC(C4CCCCC4)CC3)CC2)CC1
C1CCC(C2CC(CCC3CCCC3)CC(CC3CCCC3)C2)CC1
C1CCC(C2CCC(CCCC3CCCC(C4CCCCC4)C3)CC2)CC1
C1CCC(C2CCC3C(CCCC3C3CCCCC3)C2)CC1
C1CCC(CC2CC(C3CCCCC3)C3CC(CCCCC4CC4)CCC23)CC1
C1CCC(C2CCCCC2C2CCCCC2)CC1
C1CCC(C2CCC(C3CCCC(C4CCCC(C5CCCCC5)C4)C3)CC2)CC1
C1CCC(CC2CCC(CC3CCC(C4CCCC(CC5CCCC5)C4)C3)CC2)CC1
C(CCC1CCCC1)CCC1CCC(CC2CCC(CC3CCCCC3)CC2)CC1
C1CCC(C2CCCCC2C2CCCC2)CC1
C1CCC(CCCC2CCCCC2CCC2CCCC(CCC3CCCCC3CC3CCCCC3)C2)CC1
C1CCC(CCC2CCCC(CCC3CCCC(C4CCCCC4)C3)C2)CC1
C1CCC(C2CCC(CCCC3CC4CCCCC4C3)CC2)CC1
C1CCC(CCCC2CC(C3CCCCC3)CC(C3CCCC(C4CCCCC4)C3)C2)CC1
C1CCC(CC2CCCCC2CCC2CCC(CC3CCCC(C4CCC4)C3)CC2)CC1
C1CCC(CC2CCC(CC3CCCC(C4CCCC(C5CCCCC5)C4)C3)CC2)CC1
C1CCC(CCC2CCCC(CC3CCCCC3C3CCCCC3)C2)CC1
C1CCC(C2CCCC(C3CCCC3)C2)CC1
C1CCC(C2CCCCC2C2CCCCC2)CC1
C1CCC(CCC2CCCC(CCC3CCCCC3)C2CCC2CCCCC2)CC1
C1CCC(C2CCCC(CC3CCCCC3C3CCCCC3)C2)CC1
C1CCC(C2CCCC(C3CCC(C4CC(C5CCCCC5)C4)CC3)C2)CC1
C1CCC(CC2C3CCCCC3CC2C2CC(C3CCCCC3)C3CCCCC32)CC1
C1CCC(C2CCC(CCCC3CCC(C4CCCCC4C4CCCCC4)CC3)CC2)CC1
C1CCC(C2CCC(C3CCCC(CCC4CC4)C3)CC2)CC1
C1CCC(C2CCC3C(CCCC3C3CCC(CC4CCCC5CCCC54)CC3)C2)CC1
C1CCC(CCC2CCC(C3CCCC4CC(C5CCCCC5C5CC5)CCC43)C(C3CC3)C2)CC1
C1CCC(CC2CCC(CC3CCCC(CC4CCCCC4)C3)CC2)CC1
C1CCC(CCC2CC(C3CCCCC3)CC(C3CCCC3)C2)CC1
C1CCC(CC2CCCCC2C2CCCCC2CCCC2CCC3CCCCC3C2)CC1
C1CCC(CCCC2CC(CC3CCCCC3)CC(CC3CC3)C2)CC1
C1CCC(CC2CCC(C3CCCCC3)CC2)CC1
C1CCC(C2CCC(CC3CCC(C4CCCCC4)C(C4CCCCC4)C3)C2)CC1
C1CCC(C2CCCC(C3CCCCC3)C2)CC1
C1CCC(CC2CC(C3CCCCC3)CC(C3CCCC(C4CCCCC4)C3)C2)CC1
C1CCC(C2CCCC2CC2CCCC(C3CCC4CCCC4C3)C2)CC1
C1CCC(CCC2CCCC(CC3CCCCC3)C2)CC1
C1CCC(CC2CCC(CCC3CCC4C(CC5CCCCC5)CCC4C3)CC2)CC1
C1CCC(CC2CCC(CC3CCCCC3)C(C3CCCCC3)C2)CC1
C1CCC(CC2CCC3CCC(C4CCCCC4)CC32)CC1
C1CCC(CC2CCCC(C3CCCCC3)C2)CC1
C1CCC(CC2CCC(C3CCCCC3)CC2)CC1
C1CCC(C2CCC(C3C(C4CCCCC4)CC(C4CCCCC4)C4CCCC43)CC2)CC1
C1CCC(CC2CCC(C3CC(C4CCCCC4)C4CCCCC34)CC2)CC1
C1CCC(CCCC2CCCCC2CC2CC3CCCCC3C2)CC1
C1CCC(C2CCCCC2C2CCCC(CC3CCCC3)C2)CC1
C1CCC(C2CCC(CCCCC3CC4CCCCC4C3)CC2)CC1
C1CCC(CCC2CCC(C3CCC(C4CCCC(C5CCCCC5)C4)C3)CC2)CC1
C1CCC(C2CCC(C3CCCCC3C3CCCCC3)CC2)CC1
C1CCC(C2CCC(CC3CCC(CC4CC5CCCCC5C4)CC3)CC2)CC1
C1CCC(CC2CCCC(C3CCC(C4CCCCC4)CC3)C2)CC1
C1CCC(C2CCC(CCC3CCC(C4CCC(CC5CCCC5)CC4)CC3)CC2)CC1
C1CCC(C2CCC(CC3CCCCC3C3CCC(C4CCCCC4)CC3)CC2)CC1
C1CCC(C2CCC(C3CCC(C4CCCCC4)CC3)CC2)CC1
C1CCC(C2CCCC(CC3CCCC3)C2)CC1
C1CCC(CCC2CCC(C3CCCCC3)C(C3CCC4CCCC4C3)C2)CC1
C1CCC(C2CC(CCC3CC3)CC(C3CCCCC3C3CC3)C2)CC1
C1CCC(CC2CCC(CC3CCCCC3)CC2)CC1
C1CC(C2CCC(CCC3CCC(C4CC5CCCCC5C4)CC3C3CCC3)CC2)C1
C1CCC(CCCCC2CCCC(CC3CCCCC3)C2)CC1
C1CCC(CC2CCC(CCC3CCCC(CC4CCCCC4)C3)CC2)CC1
C1CCC(C2CCC(C3CCCCC3)CC2)CC1
C1CCC(CCCC2CCC(CC3CCCCC3CC3CCCCC3)CC2)CC1
C1CCC(CCC2CCCCC2C2CCC(C3CCCCC3)CC2)CC1
C1CCC(CC2CCCCC2C2CC(C3CCCCC3)CC(C3CCCCC3)C2)CC1
C(CC1CC1)CC1CCCC(C2CCCC(CCC3CC4CCCCC4C3)C2)C1
C1CCC(C2CCCCC2CC2CCCCC2C2CCCCC2)CC1
C1CCC(CC2CCC(C3CCCCC3)C(C3CCCCC3)C2)CC1
C1CCC(C2CCC(CC3CCC(CCC4CCCCC4C4CCCCC4)CC3)CC2)CC1
C1CCC(C2CCC(CCC3CCCC(C4CCCCC4C4CCCCC4)C3)CC2)CC1
C1CCC(CCC2CCC(C3CCCCC3)CC2)CC1
C1CCC(C2CCCCC2C2CC(CC3CCCC(C4CCCC4)C3)C3CCCCC32)CC1
C1CCC(CCC2CCC(C3CCCCC3)CC2)CC1
C1CCC(C2CCC(C3CCCC3C3CCC4CCCCC4C3)CC2)CC1
C1CCC(CC2CCCC(C3CCC(C4CCCCC4)CC3C3CCCCC3)C2)CC1
C1CCC(CCCCC2CCC(CCCCC3CCCCC3)CC2)CC1
C1CCC(CC2CCC(C3CCCCC3C3CCCCC3)CC2)CC1
C(CCCC1CCC(C2CCCCC2)CC1)CCC1CCC(C2CCCCC2)CC1
C1CCC(CCCC2CC(CC3CCCCC3)CCC2C2CCCCC2C2CC2)CC1
C1CCC(CCC2CCC(C3CCCC(C4CCCCC4)C3)CC2)CC1
C1CCC(CCCCC2CCC(C3CCCCC3)CC2)CC1
C1CCC(CC2CC(CC3CCCCC3C3CCC4CCCC4C3)C3CCCCC23)CC1
C1CCC(CC2CCC(CCCCCC3CCCC(C4CCC(C5CCCC5)CC4)C3)CC2)CC1
C1CCC(CC2CCCC(CCCC3CCCC(C4CCCCC4)C3)C2)CC1
C1CCC(C2CCC(C3CCCCC3)CC2)CC1
C1CCC(C2CCCC(CC3CCCCC3C(C3CCCCC3)C3CCCCC3)C2)CC1
C1CCC(CC2CCCC(C3CCCCC3)C2)CC1
C1CCC(CC2CC(C3CCCC3)CC(C3CCCC(C4CCCCC4)C3)C2)CC1
C1CCC(CCC2CCCCC2C2CCC3C(CCC4CCCCC4)CCCC3C2)CC1
C1CCC(C2CCC(C3CCCCC3CCCC3CCC3)CC2C2CCCCC2)CC1
C1CCC(CC2CCC(CC3CCC(C4CCCCC4)CC3)CC2)CC1
C1CCC(CC2CCC(CC3CCCCC3)CC2)CC1
C1CCC(CC2CCCC(CCCC3CCCCC3C3CCCCC3)C2)CC1
C(CC1CC2CCCCC2C1)CC1CCCC(C2CCC3CCCCC3C2)C1
C1CCC(CC2CCC(CC3CCCC(C4CCCC4)C3)CC2)CC1
C1CCC(CC2CC(C3CCCCC3)CCC2C2CCCCC2)CC1
C1CCC(CCCC2CCCCC2)CC1
C(CC1CCC(C2CCCC2)CC1)CC1CCCC(C2CCC(C3CCCC3)CC2)C1
C1CCC(CC2CCCCC2C2CCC(CCC3CCCC(C4CCCCC4)C3)CC2CCC2CCCC2)CC1
C1CCC(C2CCC(CC3CCC(CC4CCC(CC5CCCC(C6CCCCC6)C5)CC4)CC3)CC2)CC1
C1CCC(CCCC2CCCC(C(CC3CCCCC3)C3CCC(C4CCCCC4)CC3)C2)CC1
C1CCC(CC2CCCC(CCCC3CCCCC3CC3CCCCC3)C2)CC1
C1CCC(CC2CCC(CCCC3CCCC(C4CCC(C5CCCCC5)CC4)C3)CC2)CC1
C1CCC(CCC2CCC(C3CCC(C4CCCCC4)CC3)CC2)CC1
C1CCC(CC2CCCCC2)CC1
C1CCC(CCCCCC2CCC(CCCCC3CCCCC3)CC2)CC1
C1CCC(CC2CCCC(CC3CCCC(C4CCC5CCCCC54)C3)C2)CC1
C1CCC(CC2CCC(C3CCC(CC4CCCCC4C4CCC5CCCCC5C4)C3)CC2)CC1
C1CCC(CC2CCC(C3CCCCC3)CC2)CC1
C1CCC(CC2CCC(C3CCC4CCCC4C3)CC2)CC1
C1CCC(CCCC2CCCCC2)CC1
C1CCC(C2CC(C3CCCCC3C3CCCCC3)CC(C3CCC4CCCCC43)C2)CC1
C1CCC(CC2CCC(C3CCCCC3)C(C3CCCCC3)C2)CC1
C1CCC(C2CCC(C3CCC4CCCCC43)CC2)CC1
C1CCC(CCC2CCC(C3CCCCC3C3CC4CCCCC4C3)CC2)CC1
C1CCC(C2CCC3C(CCC3C3CCCCC3)C2)CC1
C1CCC(CC2CCCC(C3CCC4CCCCC43)C2)CC1
C(CCC1CC1)CCC1CC(C2CCCCC2)CC(C2CCCC2)C1
C1CCC(C2CCCC(CCCC3CCC3)C2)CC1
C1CCC(CCCCC2CCC(C3CCC(C4CCCCC4)CC3)CC2)CC1
C1CCC(CCC2CCCCC2C2CCCCC2)CC1
C1CCC(CCCC2CCCCC2C2CCCC(C3CC3)C2)CC1
C1CCC(C2CCC(C3CCC4CCCCC4C3)C2)CC1
C1CCC(CCCC2CCC(C3CCCC(C4CCCCC4)C3)CC2)CC1
C1CCC(C2CCC(CC3CCC(C4CCCCC4C4CCC5CCCC5C4)CC3)C2)C1
C1CCC(C2CCCCC2C2CCCCC2C2CCCCC2)CC1
C1CCC(C2CCC(C3CCC(CC4CCCC4)CC3)CC2C2CCCC2)CC1
C1CCC(CC2CCC(CC3CCC(C4CCCCC4)CC3)CC2)CC1
C1CCC(CCC2CCCC(C3CCCCC3)C2)CC1
C1CCC(C2CCCC(CC3CCC(C4CC5CCCCC5C4)CC3)C2)CC1
C(CC1CCCC(C2CCCC2)C1)CC1CCCC(C2CCCC(C3CCC(C4CCCC4)CC3)C2)C1
C1CCC(CCCC2CCCC(CC3CCCCC3CC3CCCCC3)C2)CC1
C1CCC(C2CCCCC2CCC2CCC(C3CC3)CC2)CC1
C1CCC(CCC2CCC(C3CCCC(C4CCC4)C3)CC2)CC1
C1CCC(CCCC2CCC(C3CCCCC3C3CCCCC3)CC2)CC1
C1CCC(CC2CC(CCC3CCC(C4CCC(C5CCCCC5)CC4)CC3)C3CCCCC23)CC1
C1CCC(CCCC2CCCC(C3CCC(C4CCCCC4)CC3)C2)CC1
C1CCC(C2CCC(C3CCCCC3CC3CCC4CCCCC4C3)CC2)CC1
C1CCC(CC2CC3CCC(CC4CCCCC4)CC3C(C3CCCCC3)C2)CC1
C1CCC(CCCC2CCC(CC3CCCCC3)CC2)CC1
C1CCC(CC2CCC3C(C2)C(CC2CCC4CCCC4C2)CC3C2CCCCC2)CC1
C1CCC(CCC2CC(CC3CCCCC3)CC(C3CCCCC3)C2)CC1
C1CC(CC2CCCC(CC3CCC(C4CCCCC4C4CCCC4)CC3)C2)C1
C1CCC(CC2CCCC(C3CCCC(C4CCCCC4)C3)C2)CC1
C1CCC(C2CCC(CC3CCC(C4CCCCC4)CC3)CC2)CC1
C1CCC(C2CCC(CCC3CCCC(C4CCCCC4)C3)CC2)CC1
C1CCC(CC2CC(C3CCCCC3CC3CCCCC3)C3CCCCC23)CC1
C1CCC(C2CCCC(CC3CC(CC4CCCC4)C4CC(C5CCCCC5)CCC34)C2)CC1
C1CCC(CCCC2CCC(C3CCCC3)C(C3CCCCC3)C2)CC1
C1CCC(CCC2CCCC3CC(C4CCCC4C4CCCCC4)CCC23)CC1
C1CCC(C2CCCC(C3CCCC(CC4CCC4)C3)C2)CC1
C1CCC(CCC2CCCC(C3CCCC(C(C4CC4)C4CCCC5CC(C6CCCCC6)CCC54)C3)C2)CC1
C1CCC(C2CCC(C3CCCCC3C3CCCCC3)CC2)CC1
C1CCC(C2CCC(C3CC(C4CCC5CCCCC54)CC4CCCCC43)CC2)CC1
C1CCC(CC2CCCC(C3CCC(C4CCCC(CC5CCCCC5)C4)CC3)C2)CC1
C1CCC(CCCC2CCCC3CC(C4CCCCC4CC4CC5CCCCC5C4)CCC23)CC1
C1CCC(C2CCCC(CC3CCC(CC4CCC(CCCC5CC5)CC4)CC3)C2)CC1
C1CCC(CCC(CC2CCCCC2)C2CCCC(C3CCCCC3)C2)CC1
C1CCC(CC2CCC(C3CCCC(CC4CCCCC4)C3)CC2)CC1
C1CCC(C2CCC(CCC3CCCC(CC4CCC(C5CCCCC5)CC4)C3)CC2)CC1
C1CCC(CC2CCC(C3CCCC(CC4CC4)C3)CC2)CC1
C1CCC(C2CCC3CC(C4CCC5CCCCC54)CCC3C2)CC1
C1CCC(C2CCCC(C3CCCC4CC(C5CCCCC5CC5CC5)CC43)C2)CC1
C1CCC(C2CCCCC2C2CCC(C3CCC4CCCCC43)CC2)CC1
C1CCC(C2CCCC(C3CCCCC3C3CCCC3)C2)CC1
C1CCC(CCC2CCC(CC3CCCCC3C3CCC4CCCCC4C3)CC2)CC1
C1CCC(CC2CCC(C3CCCC3)CC2)CC1
C1CCC(C2CC(C3CCCCC3)CC(C3CCCC3)C2)CC1
C1CCC(CC2CCC(CC3CCCCC3)CC2)CC1
C1CCC(C2CCCC(C3CCCC(CCCC4CCCCC4C4CCCCC4)C3)C2)CC1
C1CCC(CCC2CCC(C3CCCC(CCCC4CC5CCCCC5C4)C3)CC2)CC1
C1CCC(C2CCCC(CC3CCCCC3C3CCCCC3)C2)CC1
C1CCC(CCC2CC(C3CCCCC3)CC(C3CC4CCCCC4C3)C2)CC1
C1CCC(CC2CCC(C3CCC3)C(C3CCCCC3)C2)CC1
C1CCC(CCC2CCC(CC3CCCCC3C3CCCC3)CC2)CC1
C1CCC(C2CCC(CC3CCC(C4CCCCC4)CC3)CC2)CC1
C1CCC(CCCCCC2CCCC(C3CC3)C2)CC1
C1CCC(C2CC(C3CCC4CCCCC43)CC3CCC(CC4CCC5CCCC5C4)CC32)CC1
C1CCC(C2CCC(CCCC3CCC(C4CC(C5CCCCC5)C4)CC3)CC2)CC1
C1CCC(CC2CCC(C3CC(C4CCCCC4)CCC3C3CCC(C4CCCC4)C3)CC2)CC1
C1CCC(C2CCC(C3CCCC(C4CCCCC4)C3)CC2)CC1
C1CCC(CCCC2CCC(CC3CCC4CCCC4C3)CC2)CC1
C1CCC(CC2CCCCC2C2CCC(C3CC4CCCCC4C3)C3CCCC23)CC1
C1CCC(CC2CCCCC2CC2CC3CCCCC3C2)CC1
C1CCC(CCC(C2CCCCC2)C2CCCC(CC3CCC4CCCC4C3)C2)CC1
C1CCC(C2CC(C3CCC4CCCCC43)CC3CCC(C4CCCC4)CC32)CC1
C1CCC(C2CCC(CC3CCC(CC4CC4)CC3)CC2)CC1
C1CCC(C2CCC(C3CC4CCCCC4C3)CC2)CC1
C1CCC(CCCC2C(C3CCCCC3)CCC2C2CCC3CCCCC3C2)CC1
C1CCC(CC2CCCC(C3CCCCC3)C2)CC1
C1CCC(CCC2CCC(C3CCCC(C4CCCCC4)C3)CC2C2CCC3CCCCC32)CC1
C1CCC(CCCC2CCC(C3CCCCC3C3CCCCC3C3CCCC3)CC2)CC1
C1CCC(C2CCC(CCC3CCCC(CC4CCCCC4CC4CCCC4)C3)C2)CC1
C1CCC(CCCC2CCCC(C3CCCCC3)C2)CC1
C1CCC(C2CCC(CCCC3CCCC(C4CCCCC4)C3)CC2)CC1
C1CCC(C2CCC3CCC(CCC4CCCC4)CC32)CC1
C1CCC(CCC2CCCC(C3CCCC(C4CCCCC4)C3)C2)CC1
C1CCC(CC2CCC(CCC3CCC(C4CCCCC4)C3)CC2)CC1
C1CCC(CC2CCC(CCCC3CCCC(C4CCCCC4)C3)CC2)CC1
C1CCC(CC2CCC(C3CCCCC3C3CCCC3)CC2)CC1
C1CCC(C2CCC(CCCC3CCC(C4CCCC4)CC3)CC2)CC1
C1CCC(CCC2CCCC(CCC3CCC(C4CCCCC4)CC3)C2)CC1
C1CCC(CC2CCCC(C3CC(C4CCCCC4)CC(C4CCCC4)C3)C2)CC1
C1CCC(CC2CCCC(C3CCCC(C4CCCCC4)C3)C2)CC1
C1CCC(CCC2CCCC(C3CCC4CCC(CC5CCCCC5)CC43)C2)CC1
C1CCC(C2CCCC(CC3CC4CCCCC4C3)C2)CC1
C1CCC(CC2CC(C3CCC3)C3CC(C4CCCCC4)CCC23)CC1
C1CCC(C2CCCCC2C2CCCCC2)CC1
C1CCC(CCC2CCCC(C3CCCCC3)C2)CC1
C1CCC(CC2CCC(C3CCCCC3)CC2)CC1
C1CCC(CC(CCC2CCCC(C3CCCCC3)C2)CCC2CCC3CCCC3C2)CC1
C1CCC(C2CC3CCC(CC4CC5CCCCC5C4)CC3C(C3CCCCC3)C2)CC1
C1CCC(CCCC2CCC(C3CCC(CC4CCC(CC5CCCCC5)CC4)CC3)CC2)CC1
C1CCC(CCC2CCC(CC3CC4CCCCC4C3)CC2)CC1
C1CCC(CCC2CCC(CC3CCCC(CC4CCCCC4)C3)CC2)CC1
C1CCC(CCC2CC(CCC3CCCCC3)CC(C3CCCC(CC4CCCCC4)C3)C2)CC1
C1CCC(CCCCCC2CCC3CCC(C4CCC5CCCCC5C4)C3C2)CC1
C1CCC(CC2CCCC2CCC2CCC(C3CCCCC3)CC2)CC1
C1CCC(C2CCC(C3CCCCC3)CC2)CC1
C1CCC(CCCCC2CCCC(C3CCCCC3CC3CCCCC3)C2)CC1
C1CCC(C2CC3CCCCC3C(C3CCCCC3)C2)CC1
C1CCC(C2CCCCC2C2CCCCC2)CC1
C1CCC(CC2CCC(CC3CCC(C4CC5CCCCC5C4)CC3)CC2)CC1
C1CCC(C2CCC(CC3CCC(C4CC(CCC5CC5)CCC4C4CCC(CC5CC5)C4)CC3)CC2)CC1
C1CCC(C2CC(CC3CCCC(C4CCCC4)C3)C3CCCCC32)CC1
C1CCC(CCC2CCC(CC3CCCC(C4CCCCC4)C3)CC2)CC1
C1CCC(CCC2CCC(C3CCCCC3)CC2)CC1
C1CCC(CCCC2CCCC(CCC3CCCC(CCC4CCCCC4)C3)C2)CC1
C1CCC(CCCC2CC(C3CCCCC3)CC(C3CCCCC3)C2)CC1
C1CCC(CCCCC2CCC(C3CCCC(CC4CCCCC4)C3)CC2C2CCCC2)CC1
C1CCC(CCCC2CCC(C3CCCC(C4CCCCC4)C3)CC2)CC1
C1CCC(CC2CCC(C3CCCC(C4CCCCC4)C3)CC2)CC1
C1CCC(C2CCCC(C3CCCC(CC4CCC5CCCCC54)C3)C2)CC1
C1CCC(CC2CCC(CCCC3CCCC(C4CCCCC4)C3)CC2)CC1
C1CCC(CCCCC2CCC(C3CCCCC3)CC2)CC1
C1CCC(CCC2CCC(C3CCCCC3)CC2CCC2CCCC2)CC1
C1CCC(CCCC2CCCC(CC3CCCCC3)C2)CC1
C1CCC(CCCC2CCCC(C3CC(C4CCCCC4)CCC3CC3CCC3)C2)CC1
C1CCC(CC2CCCC(C3CCCCC3)C2)CC1
C1CCC(CCCC2CCC(CC3CCCCC3C3CCCCC3)CC2)CC1
C1CCC(C2CCC(CC3CCC(C4CCCCC4)CC3)CC2)CC1
C1CCC(C2CCC(CC3CC4CCCCC4C3)C(CC3CCCC(CC4CCCC4)C3)C2)CC1
C(CCCC1CCCCC1)CCCC1CCCC(C2CCCCC2)C1
C1CCC(CC2CCC(CC3CCCCC3)CC2)CC1
C1CCC(CCC2C(C3CCCCC3)CCC(C3CCCCC3)C2C2CCCCC2)CC1
C1CCC(CCC2CCCC(C3CCCCC3)C2)CC1
C1CCC(CCC2CCC(C3CCCCC3)C(C3CCCC(CC4CCC4)C3)C2)CC1
C1CCC(CC2CCC(CC3CCCCC3C3CCCCC3CC3CCCCC3)CC2)CC1
C1CCC(C2CC(CCCCC3CCC(C4CC4)CC3)CC(C3CCCC3)C2)CC1
C1CCC(CC2CCCCC2C2CCC(C(CC3CCCCC3)C3CCCCC3)C2)CC1
C1CCC(C2CCC(C3CC(C4CCCC4)C4CCCCC34)CC2)CC1
C1CCC(CC2CC(C3CCC(C4CCCCC4)CC3)C3CCCCC23)CC1
C1CCC(CCCCC2CCC(CCCC(CC3CCCCC3)C3CCCCC3)CC2)CC1
C1CCC(C2CCCCC2C2CCC(CCC3CCCC(CC4CC5CCCCC54)C3)C2)CC1
C1CCC(CCCC(CC2CCCCC2)C2CCC(CC3CCCCC3)CC2)CC1
C1CCC(CC2CCCCC2C2CCCCC2C2CCC(C3CC3)CC2C2CCCCC2)CC1
C1CCC(CC2CCC(CCCCC3CCC(C4CCCCC4)CC3)CC2)CC1
C1CCC(C2CCC(CC3CCC(C4CCC(C5CCCCC5)CC4)CC3)CC2)CC1
C1CCC(C2CCC(C3CCCC(C4CCCCC4)C3)CC2)CC1
C1CCC(CCC2CCC(CC3CCC(C4CCCCC4)CC3)CC2)CC1
C1CCC(CCCC2CCC(CCCC3CCC(CC4CCCCC4)CC3)CC2)CC1
C1CCC(C2CCC(C3CCC(C4CCCCC4)CC3)CC2)CC1
C1CCC(CC(CCC2CCC(CCC3CCCC3)CC2)C2CCCCC2)CC1
C1CCC(C2CCC(CCC3CCCC(CCCCC4CCCC4)C3)CC2)CC1
C1CCC(C2CCCC(C3CCCC(C4CCCC(CC5CCCC5)C4)C3)C2)CC1
C1CCC(CC2CCC(C3CCCCC3)CC2)CC1
C1CCC(CC2CCCC(CCC3CCC(C4CCCCC4)C3)C2)CC1
C1CCC(C2CCCC(CCC3CCCCC3C3CCCC(C4CCCCC4)C3)C2)CC1
C1CCC(C2CCCCC2C2CCC(C3CCC4CCCCC43)CC2)CC1
C1CCC(C2CCC(C3CCCCC3C3CCCCC3C3CCC4CCCC4C3)CC2)CC1
C1CCC(CC2CCCC(C3CCCCC3)C2)CC1
C1CCC(C2CCCC(C3CCCCC3)C2)CC1
C1CCC(CC2CCC(C3CCCCC3C3CCCC3)CC2)CC1
C1CCC(C2CCCCC2CCC2CCC3CCCCC3C2)CC1
C1CCC(CCC2CCC(C3CCC(C4CCCCC4)C(CCC4CCCC(C5CCCCC5)C4)C3)CC2)CC1
C1CCC(C2CCCC(CC3CCCC(C4CCCC(CC5CCCC5)C4)C3)C2)CC1
C1CCC(CCC2CCCC(C3CCC4CCCCC4C3)C2)CC1
C1CCC(CC2CCC(CC3CCCCC3C3CCCCC3)CC2)CC1
C1CCC(C2CCCC(CC3CC(C4CCCCC4)C4CCCCC34)C2)CC1
C1CCC(CC2C(CCC3CCC(CCCC4CC5CCCCC5C4)CC3)CCCC2C2CCC2)CC1
C1CCC(CCC2CCCCC2)CC1
C1CCC(CC2CCCCC2C2CCC(C3CCCCC3)CC2)CC1
C1CCC(C2CC(CCC3CCC4CCCC4C3)CC(C3CCC3)C2)CC1
C1CCC(CCC2CC(C3CCCC(C4CCCCC4)C3)C3CCCCC23)CC1
C1CCC(CCCC2CCC(CC3CC3)CC2)CC1
C1CCC(CCC2CCC(CC3CCCCC3)CC2)CC1
C1CCC(CCCC2CCC(CC3CCC(C4CCCCC4)CC3)CC2)CC1
C1CCC(CC2CCCC(C3CCCCC3C3CCCC3)C2)CC1
C1CCC(CC2CCCC(C3CCC(C4CCCCC4)CC3)C2)CC1
C1CCC(CCC2CCCC(C3CC(C4CCCCC4)C3)C2)CC1
C1CCC(CC2CCC(CC3CCC(C4CCCCC4)CC3)C(C3CCCC3)C2)CC1
C1CCC(CC2CCC(C3CCC(C4CCCC(CC5CCCCC5)C4)CC3)CC2)CC1
C1CCC(C2CCC(C3CCC(CC4CCCC(C5CCC5)C4)CC3)CC2)C1
C1CCC(C2CCC(C3CCCCC3)C(C3CCCCC3)C2)CC1
C1CCC(C2CCCC(C3CC(C4CCCCC4)CC(C4CCCCC4)C3)C2)CC1
C1CCC(CCCCC2CCC(CC3CCCCC3)CC2)CC1
C1CCC(CC2CCC(C3CCCCC3)CC2)CC1
C1CCC(C2CCCCC2C2CCC(C3CCC(C4CCC4)CC3C3CCCC3)CC2)CC1
C1CCC(CC2CCCC(C3CCCCC3)C2)CC1
C1CCC(C2CC(C3CCCCC3)CC(C3CC4CCCCC4C3)C2)CC1
C1CCC(CC2CCC(CC3CCCCC3)C(CC3CCC(CC4CCCC(CC5CCCC5)C4)CC3)C2)CC1
C(CCCC1CCC(C2CCCCC2)CC1)CCCC1CC2CCCCC2C1
C1CCC(CCCC2CCC(CCC3CCC(C4CCCC4)CC3)CC2)CC1
C1CCC(C2CCC(C3CCCC(C4CC(C5CCCCC5)CC(C5CC6CCCCC6C5)C4)C3)CC2)CC1
C1CCC(C2CCCC2CC2CCCCC2C2CCCC2)CC1
C1CCC(CCCC2CCCCC2C2CCCCC2)CC1
C1CCC(CCCC2CCCCC2C2CCC(CC3CCC(C4CCCC4)CC3)CC2)CC1
C1CCC(CCC2CCC(C3CCCCC3)CC2)CC1
C1CCC(CC2CCCC(CCC3CCCC(C4CCCCC4)C3)C2)CC1
C1CCC(C2CCCC(C3CCCC(C4CCCCC4)C3)C2)CC1
C1CCC(CCCC2CCCC(C3CCCCC3)C2)CC1
C1CCC(CCC2CCC(C3CCC(C4CCCCC4)CC3)CC2)CC1
C1CCC(C2CCC(CCC3CCC4CCC(C5CCCCC5)C4C3)CC2)CC1
C1CCC(CC2CCC(C3CCC(C4CCCC4)CC3)CC2)CC1
C1CCC2CC(C3CCC(CC4CCC(CC5CC5)CC4)CC3)CC2C1
C1CCC(C2CCCC(CC3CCCC(C4CCCCC4)C3)C2)CC1
C1CCC(CC2CC(C3CCCCC3)CCC2C2CCCCC2)CC1
C1CCC(C2CC(CC3CCC4CCCC4C3)C3CCCCC32)CC1
C1CCC(CC2CCC(C3CCCCC3)CC2)CC1
C1CCC(CCCCC2CCC(C3CCCCC3CC3CCCC(CC4CCCCC4)C3)CC2)CC1
C1CCC(CC2CCCCC2CC(C2CCCCC2)C2CC3CCCCC3C2)CC1
C1CCC(CCC2CC(C3CCCCC3)CC(C3CCCC3C3CCCCC3)C2)CC1
C1CCC(CC2CCCCC2CCCCCC2CC3CCCCC3C2)CC1
C1CCC(C2CCCCC2CC2CCC(C3CC(CCC4CCC5CCCCC5C4)C4CCCCC43)CC2)CC1
C1CCC(CC2CC(C3CC3)CCC2CC2CCC(CC3CC3)CC2)C1
C1CCC(CC2CCC(C3CCC(CC4CCCCC4)CC3)CC2)CC1
C1CCC(CCCCC2CC(C3CCC(CC4CCCC4)CC3)C3CCCCC23)CC1
C1CCC(CC2CCC(C3CCCCC3C3CCCCC3)CC2)CC1
C1CCC2CC(C3CCCCC3CC3CCC(CC4CCC(C5CC5)CC4)CC3)CCC2C1
C1CCC(CC2CCC(CC3CCC(C4CCCCC4)CC3)CC2)CC1
C1CCC(CCC2CCCC(C3CCC(CC4CCCC(C5CCCC5)C4)CC3)C2)CC1
C1CCC(CC2CCCCC2CC2CC3CCCCC3C2)CC1
C1CC(CC2CCC(C3CC4CCCCC4C3)CC2)CC(CC2CC3CCCCC3C2)C1
C1CCC(CCCC2CCC(C3CCCCC3)C(C3CCCCC3)C2)CC1
C1CCC(C2CC(C3CCC4CCCCC43)CC3CCCCC32)CC1
C1CCC(CCCC2CCC(C3CCCC3)CC2C2CCCC(C3CCCCC3)C2)CC1
C1CCC(CCCCC2CCCC(C3CCCC(C4CCCCC4)C3)C2)CC1
C1CCC(CCCC2CCCC(C3CCC(CCC4CCC4)CC3)C2)CC1
C1CCC(C2CC(C3CCC4CCCCC43)CC3CCC(CC4CC4)CC32)CC1
C1CCC(CCCCC2CCCC(CC3CCC(C4CCCCC4)CC3)C2)CC1
C1CCC(C2CC(CCC3CCCCC3C3CCCCC3)CC(C3CCCC3)C2)CC1
C1CCC(C2CCC(CCCC3CCC(CC4CCCC(C5CCCC5)C4)CC3)CC2)CC1
C1CCC(C2CCC(C3CCC(C4CCCC4)C(C4CCC5CCCC5C4)C3)CC2)CC1
C1CCC(C2CCCC(CCC3CCCC(C4CCC(C5CCC6CCCCC65)CC4)C3)C2)CC1
C1CCC(C2CCCC(C3CCCCC3)C2)CC1
C1CCC(CC2CCC(CC3CCCC(C4CCC5CCCC5C4)C3)CC2)C1
C1CCC(CCCCC2CCC(CCCCC3CCCCC3CC3CCCCC3)CC2)CC1
C1CCC(CC2CCCC(C3CC(CC4CCCCC4)CC(C4CC4)C3)C2)CC1
C1CCC(CC2CCC(C3CCCCC3CC3CCCCC3)CC2)CC1
C1CCC(CCCC2CCC(C3CCC(C4CCCCC4CC4CCCCC4)CC3)CC2)CC1
C1CCC(C2CCCC(C3CCCC(CC4CCC5CCCCC5C4)C3)C2)CC1
C1CCC(CCC2CCCC(C3CCC4C(CCC4C4CCCC4)C3)C2)CC1
C1CCC(C2CCCC(CC3CCC(CC4CCCC(CC5CC6CCCCC6C5)C4)CC3)C2)CC1
C1CCC(C2CCCCC2C2CCC3CCCCC32)CC1
C1CCC(C2CCC(C3CCC4CCCC4C3)CC2)CC1
C1CCC2CC(CCC3CCCC(C4CCCC(C5CCCC(CC6CC6)C5)C4C4CC4)C3)CC2C1
C1CCC(C2CCC(C3CCCCC3)CC2)CC1
C1CCC(CC2CCCC(CC3CC(CCC4CC4)C4CCCCC34)C2)CC1
C1CCC(CCC2CCCCC2)CC1
C1CCC(CCCC2CCC(CC3CCCCC3)CC2)CC1
C1CCC(C2CC(C3CCCCC3)CC(C3CCCCC3)C2)CC1
C1CCC(C2CCCC(C(CCC3CC4CCCCC4C3)C3CCCCC3)C2)CC1
C1CCC(CC2CCCC(CC3CCC(C4CCCC4)CC3)C2)CC1
C1CCC(CC2CCCC(C3CCCC4CCCCC43)C2)CC1
C1CCC(CCCC2CC(CC3CCC(CCC4CCCCC4)CC3)C3CC(CC4CCCCC4)CCC23)CC1
C1CCC(CC2CCC(C3CCC4CCCCC4C3)CC2)CC1
C1CCC(CC2CCCCC2CC2CCC3CC(CC4CCCC4)CC(C4CCCCC4)C3C2)CC1
C1CCC(CCCC2CCC(C3CCCC(C4CCCCC4)C3)CC2)CC1
C1CCC(CCC2CCC(C3CCCC(C4CCCCC4)C3)CC2)CC1
C1CCC(CC2CCCCC2CC2CCCCC2)CC1
C1CCC(CC2CCCC(CC3CCCCC3)C2)CC1
C1CCC(CC2CCC(C3CCC(C4CCCCC4)CC3)CC2)CC1
C1CCC(C2CCC(CCC3CC3C3CCCCC3)CC2)CC1
C1CCC(CC2CCC3CC(C4CCCCC4)CC3C2)CC1
C1CCC(CC2CCC(C3CCCCC3)CC2)CC1
C(CC1CCC(CCC2CCC3CCCCC3C2)CC1)CC1CCC(C2CCCC(C3CCC3)C2)CC1
C1CCC(CCCC2CCCCC2C2CCCCC2)CC1
C1CCC(CC2CCCC(C3CCC(CC4CCC(CCCC5CC5)CC4)CC3)C2)CC1
C1CCC(CCC2CCC(CC3CCC(CCC4CCCCC4)CC3)CC2)CC1
C1CCC(CCC2CCCC(C3CCCCC3)C2)CC1
C1CCC(CC2CCCCC2)CC1
C1CCC(CCCCC2CCC(CC3CCCCC3)CC2)CC1
C1CCC(CC2CCCCC2C2CC(C3CCCCC3)CC(C3CCC4CCCC4C3)C2)CC1
C1CCC(CC2CCC(CC3CCCCC3)CC2)CC1
C1CCC(CCC2CC(CC3CCCC(C4CCCCC4)C3)CCC2C2CCCCC2)CC1
C1CCC(C2CCC(C3CCC4CCCCC4C3)C(CC3CCC(C4CC4)CC3)C2)CC1
C1CCC(C2CCC(C3CCCC(C4CCCC(C5CCCC5)C4)C3)CC2)CC1
C1CCC(CCC2CC(CC3CCCC(C4CCCCC4)C3)C3CCCCC23)CC1
C1CCC(CCCC2CCCC(CCC3CCCCC3)C2)CC1
C1CCC(CC2CCC(C3CCCC(C4CCCCC4)C3)CC2)CC1
C1CCC(CC2CCC(C3CC(CC4CCCCC4)CC(C4CC4)C3)CC2)CC1
C1CCC(CC2CCCCC2C2CCCC(C3CCCCC3)C2)CC1
C1CCC(CC2CCCCC2C2CCC3CCCC(C4CCCCC4)C3C2)CC1
C1CCC(CCCC2CCC(C3CCCCC3)C(C3CCCCC3)C2)CC1
C1CCC(CC2CCCC(C3CCCCC3C3CCCCC3)C2)CC1
C1CCC(CCCCC2CCC(CC3CCC(CC4CCCCC4)CC3)CC2)CC1
C1CCC(CCC2CCC(C3CCCCC3)CC2C2CCCCC2)CC1
C1CCC(CCCC2CCCC(CCC3CCCCC3)C2)CC1
C1CCC(CCC2CC(C3CCC(C4CC(C5CCCCC5)C4)CC3)C3CCCCC23)CC1
C1CCC(CCC2CCC(CCC3CC4CCCCC4C3)CC2)CC1
C1CCC(CC2CCCC(CC3CCC(C4CCCCC4)CC3)C2)CC1
C1CCC(C2CCCC(C3CCCCC3)C2)CC1
C1CCC(CCCC2CCC(C3CCCCC3)CC2)CC1
C1CCC(CCC2CCCC(C3CCCCC3)C2)CC1
C1CCC(CC2CCCCC2C2CCC(C3CC3)CC2C2CCCC2)CC1
C1CCC(CCC2CCCC(C3CCCCC3)C2)CC1
C1CCC(CC2CC(C3CCCCC3)CC(C3CCCCC3)C2)CC1
C1CCC(CC2CCCCC2C2CCCCC2C2CCCCC2)CC1
C1CCC(CCC2CCC3CCCCC32)CC1
C1CCC(CC2CCC(CC3CCCCC3)CC2)CC1
C1CCC(CC2CCC(C3CCCC(C4CCCCC4)C3)CC2)CC1
C1CCC(C2CCC(CCC3CCCC(C4CCCCC4)C3)CC2)CC1
C1CCC(CCC2CCC(CC3CCCCC3)CC2C2CCCCC2)CC1
C1CCC(C2CCC(CCC3CC4CCCCC4C3)CC2)CC1
C1CCC(CC2CCC(CC3CCCC(CC4CC4)C3)CC2)CC1
C1CCC(CC2CC(C3CCC(CC4CC4)CC3)C3CCCCC23)CC1
C1CCC(C2CCCCC2C2CCC(C3CCC(C4CCCCC4)C(C4CCCC4)C3)C2)CC1
C1CCC(CC2CCCCC2C2CCCCC2)CC1
C1CCC(C2CCC(C3CCC(CC4CCCC4)CC3)C(C3CCC4CCCCC4C3)C2)CC1
C1CCC(CC2CCC(C3CCCCC3C3CCCCC3)CC2)CC1
C1CCC(C2CCCC(CC3CCCC(C4CCCC(C5CCCC5)C4)C3)C2)CC1
C1CCC(CCCCC2CCC(C3CCCCC3)CC2)CC1
C1CCC(CC2CCCC(CCC3CC4CCCCC4C3)C2)CC1
C1CCC(CCC2CCC(C3CCCC(CCC4CCCCC4)C3)CC2)CC1
C1CCC(CCC2CCC(C3CCC4C(CCCC4C4CCCC4)C3)CC2)CC1
C1CCC(C2CCCCC2C2CCCCC2CCCC2CCC3CCCCC32)CC1
C1CCC(CCC2CCC3CC(C4CCC5CCCCC54)CC(CC4CCCCC4)C3C2)CC1
C1CCC(CC2CCC(CC(C3CCCCC3)C3CCCCC3)CC2)CC1
C1CCC(CC2CCC(C3CCCCC3)CC2)CC1
C1CCC(CCC2CCCCC2C2CCC3CCCCC3C2)CC1
C1CCC(CC2CCCC(CC3CCCCC3C3CCC4CCCCC4C3)C2)CC1
C1CCC(CC2CCC(C3CCC(C4CCCC(C5CCCC(C6CCCCC6)C5)C4)C3)CC2)CC1
C1CCC(C2CCCC(C3CCC(C4CCCC4)CC3)C2)CC1
C1CCC(CCC2CCCC(C3CC4CCCCC4C(C4CCCCC4)C3)C2)CC1
C1CCC(CC2CCC(C3CCCC(C4CCC5CCCCC5C4)C3)CC2)CC1
C1CCC(CC2CC(C3CCC(CC4CCCC(C5CCC6CCCCC65)C4)CC3)C3CCCCC23)CC1
C1CCC(C2CCC(CC3CCC(CC4CCC(C5CCCCC5)CC4)CC3)CC2)CC1
C1CCC(CC2CCC(CCC3CCCC(C4CCCCC4)C3)CC2)CC1
C1CCC(C2CCCC(C3CCCCC3C3CCCCC3)C2)CC1
C1CCC(CC2CC3CCC(CC4CCCCC4C4CCCCC4)CC3C(C3CCCCC3)C2)CC1
C1CCC(CCCCC2CCC(CC3CCC(CC4CCCCC4)CC3)CC2)CC1
C1CCC(CC2CCC(C3CCCC(C4CCCCC4)C3)CC2)CC1
C1CCC(CC2CCCCC2)CC1
C1CCC(CC2CCC(CC3CCCCC3)CC2)CC1
C1CCC(CCC2CCC(CC3CCCCC3)CC2)CC1
C1CCC(CCC2CCC(CC3CCCCC3)CC2)CC1
C1CC(CC2CCCC(CCCC3CCCCC3C3CCCCC3C3CCCC3)C2)C1
C1CCC(CCC(C2CCCCC2)C2CCCCC2C2CCC3C(CCCC3C3CCCCC3)C2)CC1
C1CCC(CCC2CC(C3CCCCC3)CC(C3CCCCC3)C2)CC1
C1CCC(CCC2CCC(CCCC3CCCC3)CC2C2CCCCC2)CC1
C1CCC(CC2CCC(CCCCC3CCCC(C4CCCCC4CC4CCC4)C3)CC2)CC1
C1CCC(CCCC2CCCC(C3CCCC(C4CCCCC4)C3)C2)CC1
C1CCC(CCC2CC(CC3CC3)CCC2C2CCCCC2)CC1
C1CCC(CC2CCC(CC3CC(C4CCCC4)C4CCC(C5CCCCC5)CC34)CC2)CC1
C1CCC(CCCC2CCCC(CC3CCCC3)C2)CC1
C1CCC(C2CCCC(C3CC(C4CCC5CCCCC5C4)CC4CCCCC43)C2)CC1
C1CCC(C2CCCC(C3CCCCC3C3CCCCC3)C2)CC1
C1CCC(C2CCC(CC3CCC(CCCC4CC4)CC3)CC2)CC1
C1CCC(CC2CCCC(C3CC(C4CCCCC4)CC(C4CCCCC4)C3)C2)CC1
C1CCC(CC2CCC(C3CCCCC3)CC2)CC1
C1CCC(CCC(CCC2CCC(CC3CCCCC3)CC2)C2CCCCC2)CC1
C1CCC(C2CCCCC2C2CCC(CC3CCCCC3CC3CC4CCCCC4C3)CC2)CC1
C1CCC(CCCCC2CCCC(C3CCCCC3C3CCC4CCCC4C3)C2)CC1
C1CCC(CC2CCC(CC3CCC(C4CCCCC4)C3)C(CC3CCCC3)C2)CC1
C1CCC(C2CCCC(C3CCCC(C4CCC5CCCCC54)C3)C2)C1
C1CCC(CC2CCC(CC3CCCCC3C3CCCC(CC4CCCC(CC5CC6CCCCC6C5)C4)C3)CC2)CC1
C1CCC(CC2CCC(CC3CCC(CC4CCCCC4)CC3)CC2)CC1
C1CCC(CC2CCCC(CCC3CCCC(C4CCCCC4)C3)C2)CC1
C1CCC(CC2CC(C3CCCCC3)CC(C3CCCC3)C2)CC1
C1CCC(C2CCC3C(CCCC3C3CCC(CCCC4CCC(C5CCCC5)CC4)CC3)C2)CC1
C1CCC(CC(C2CCCCC2)C2CCC(CCC3CCC(C4CCC4)CC3)CC2)CC1
C1CCC(CC2CCC(C3CCCCC3)CC2)CC1
C1CCC(CC2CCC(CC3CCCC(CC4CC5CCCCC5C4)C3)CC2)C1
C1CCC(CC2CCC(CC3CCC(C4CC(C5CCCCC5)C4)CC3)CC2)CC1
C1CCC(CC2CCC(C3CCCCC3)CC2)CC1
C1CCC(CC2CCCC(C3CCC(C4CCCCC4)CC3)C2)CC1
C1CCC(C2CCCCC2C2CCCCC2C2CCCC2)CC1
C1CCC(CC2CCCCC2C2CCC(CC3CCC(C4CCCCC4)CC3C3CCCCC3)C2)CC1
C1CCC(CCC2CCC(C3CCCCC3)CC2)CC1
C1CCC(C2CCC(C3CCCCC3)CC2)CC1
C1CCC(CC2CC(CC3CCCC(C4CCCCC4)C3)C3CCC(C4CCCCC4)CC23)CC1
C1CCC(CC2CCC(C3CCCCC3)CC2)CC1
C1CCC(C2CCC(C3CCCCC3C3CCCCC3C3CCCCC3)CC2)CC1
C1CCC(CC2CCCCC2C2CCCC(CCCC3CCCC3)C2)CC1
C1CCC(CC2CCCCC2)CC1
C1CCC(CCC2CCCC(C3CCC(C4CCC(C5CCC5)CC4)CC3)C2)CC1
C1CCC(C2CCC(C3CCCCC3C3CCC(C4CCC5CCCCC5C4)CC3)CC2)CC1
C1CCC(CCC2CCC(C3CCCC3)C(C3CCCCC3)C2)CC1
C1CCC(CCCC2CCC(C3CCCC(C4CCCCC4)C3)CC2)CC1
C1CCC(C2CCCCC2CC2CCCC(CC3CCC4CCCCC43)C2)CC1
C1CCC(C2CCCCC2)CC1
C1CCC(C2CCCCC2CC2CCC(CC3CCC(C4CCCC4)CC3)CC2)CC1
C(CCCC1CCCC(C2CCCCC2)C1)CCC1CCC(C2CCCCC2)CC1
C1CCC(CCC2CCCC(C3CCCCC3)C2)CC1
C1CCC(CCCC2CC(CC3CCCCC3)CCC2C2CCCCC2)CC1
C1CCC(CC2CCC(CC3CCC(CC4CCCCC4)CC3)CC2)CC1
C1CCC(CCC2CCCC(C3CCCC3)C2)CC1
C1CCC(CCCCC2CCCCC2C2CCC3C(CCC3C3CCCC3)C2)CC1
C1CCC(CCCC2CC(CC3CCCCC3)CC(C3CCCCC3)C2)CC1
C1CCC(C2CCCC(C3CCC(C4CCCC(CC5CC5)C4)CC3)C2)CC1
C1CCC(CCCC2CC(C3CCCCC3)C3CC(CC4CCCCC4)CCC23)CC1
C1CCC(CCCCC2CCC(CCCCC3CCCCC3)CC2)CC1
C1CCC(CCC2CC(CC3CCCCC3)CC(C3CCCCC3)C2)CC1
C1CCC(C2CCCC(CC3CCC(C4CCC5CCCC5C4)CC3)C2)CC1
C1CCC(C2CCCC(CC3CCC4CCCC4C3)C2)CC1
C1CCC(CCC2CCC(C3CCCCC3)CC2C2CCCCC2)CC1
C1CCC(C2CCC(CC3CCC(C4CCCCC4C4CCCCC4)CC3)CC2)CC1
C1CCC(C2CCC(C3CCC(C4CCCCC4)C(C4CCCCC4)C3)CC2)CC1
C1CCC(CCCC2CCC(C3CCCC(CCC4CCC5CCCC5C4)C3)CC2)CC1
C1CCC(CC2CCCC(CC3CCCC(C4CCCC4)C3)C2)CC1
C1CCC(CCC2CCC(C3CCC(CC4CCCCC4)CC3)CC2)CC1
C1CCC(CC2CCCCC2C2CCCCC2)CC1
C1CCC(CCC2CCC(C3CCCCC3)CC2)CC1
C1CCC(CCC2CCC(CC3CCC(CC4CCCCC4)CC3)CC2)CC1
C1CCC(CCCC2CCC(CC3CCC(C4CCCC(CC5CC5)C4)CC3)CC2)CC1
C1CCC(C2CCCC(C3CCC4CCCCC4C3)C2)CC1
C1CCC(C2CC(C3CCC4CCCCC43)CC3CCCCC32)CC1
C1CCC(C2CCCC(C3CCCCC3)C2)CC1
C1CCC(CC2CCCC(CC3CCCCC3)C2)CC1
C1CCC(CC2CCCC(C3CCCCC3)C2)CC1
C1CCC(CC2CCC(C3CCC(CC4CCCCC4)CC3C3CCC4CCCC4C3)CC2)CC1
C1CCC(CCC2CCCC3CC(C4CCC(C5CCCCC5)CC4)CCC23)CC1
C1CCC(CCC2CC3CCCCC3C2)CC1
C1CCC(CC2CCCCC2C2CCCCC2CC2CCCC2)CC1
C1CCC(CC2CCC(C3CCCC3CC3CCCCC3)CC2)CC1
C1CCC(CC2CCCC(C3CCCCC3)C2)CC1
C1CCC(CC2CCCC(C3CCCCC3C3CCCCC3)C2)CC1
C1CCC(CC2CCCC(CC3CCCCC3CC3CCCCC3)C2)CC1
C1CCC(CCC2CCC(CC3CC4CCCCC4C3)CC2)CC1
C1CCC(CC2CCCC(C3CCC3)C2)CC1
C1CCC(CC2CCCC(C3CCC(C4CCCCC4C4CCCCC4)C(C4CCCC4)C3)C2)CC1
C1CCC(CC2CCC(C3CCCCC3C3CCC(C4CCCCC4CC4CCCCC4)CC3)CC2)CC1
C1CCC(CC2CCCCC2CCC2CCCC(C3CCCCC3)C2)CC1
C1CCC(CCC2CC(C3CCC(C4CCC4)CC3C3CCCC3)C3CCCCC23)CC1
C1CCC(CCC2CCCCC2C2CCC(CC3CCCCC3)CC2C2CCCC2)CC1
C1CCC(CCC2CCC(C3CCCCC3)C(C3CCCC3)C2)CC1
C1CCC(CC2CCC(CC3CCCC(C4CCCCC4)C3)CC2)CC1
C1CCC(CC2CC3CCC(C4CCCCC4)CC3C(C3CCCCC3)C2)CC1
C1CCC(CC2CCCCC2C2CCCCC2)CC1
C1CCC(C2CCC(C3CCCC(C4CCCCC4)C3)CC2)CC1
C1CCC(CCC2CCC(C3CCC(C4CCCCC4C4CCCCC4C4CCCCC4)CC3)CC2)CC1
C1CCC(CCC2CCC(CC3CCCCC3)CC2)CC1
C1CCC(C2CCC(C3CCCCC3C3CCC4CCCC4C3)C(C3CCCC3)C2)CC1
C1CCC(C2CCCCC2CC2CCCC(C3CC(C4CCCC4)CC(C4CC4)C3)C2)CC1
C1CCC(C2CCCCC2C2CCCCC2)CC1
C1CCC(C2CCC(CCCC3CCCCC3C3CCCC3)C2)CC1
C1CCC(C2CCC(CC3CCC(CCCCC4CCC5CCCC5C4)CC3)CC2)CC1
C1CCC(CCCC2CCC(CC3CCC(C4CCCC(C5CCCCC5)C4)CC3)CC2)CC1
C1CCC(CCCCC2CC(C3CCCCC3)CCC2CCC2CCC(C3CCCC(CC4CCCCC4)C3)C2)CC1
C1CCC(CCC2CCC(C3CCCC(C4CCCCC4C4CCCCC4)C3)CC2)CC1
C1CCC(CC2CCCC(CCCC3CCCCC3C3CCCCC3)C2)CC1
C1CCC(CC2CCC(C3CCCC(CC4CCCCC4C4CCCCC4)C3)CC2)CC1
C1CCC(C2CCCC(CC3CCCC(CC4CCC5CCCCC54)C3)C2)CC1
C1CCC(CC2CCC(C3CCCCC3C3CCC4CCCCC4C3)CC2)CC1
C1CCC(CCC2CCC(CC3CC4CCCCC4C3)CC2)CC1
C1CCC(C2CCCC(C3CCC3)C2)CC1
C1CCC(C2CCCC3CCC(C4CCC5CCCCC54)CC32)CC1
C1CCC(CCCC2CCC(CC3CCCC(CC4CC5CCCCC5C4)C3)CC2)CC1
C1CCC(CCCC2CCC(CC3CCCCC3)CC2)CC1
C1CCC(CC2CCC(C3CCCCC3)CC2)CC1
C1CCC(C2CCC3CCC(C4CCC(CCC5CC6CCCCC6C5)CC4)C3C2)CC1
C1CCC(CCC2CCCC(C3CCCCC3)C2)CC1
C1CCC(CCC2CCC(CCC3CCCC4CCCCC43)CC2)CC1
C1CCC(CCC2CCCC(C3CC(C4CCCCC4)CC(C4CCC4)C3)C2)CC1
C1CCC(CCCC2CCCC(CC3CCCCC3)C2)CC1
C1CCC(CCC2CCC(CC3CCCCC3)CC2)CC1
C1CCC(CC2CCC(CC3CCC(C4CCCCC4)CC3)CC2)CC1
C1CCC(CC2CCCCC2C2CCCC(C3CCC4CCCCC43)C2)CC1
C1CCC(CC2CCCC(CCC3CCC(C4CCCCC4)CC3)C2)CC1
C1CCC(CC2CCC(CCC3CCC4CCCCC4C3)CC2)CC1
C1CCC(C2CCC(CCC3CCC(CC4CC5CCCCC5C4)CC3)CC2)CC1
C1CCC(CCC2CC(CC3CCCCC3)CCC2C2CCCCC2)CC1
C1CCC(CC2CCC(C3CCCCC3C3CCCCC3)CC2)CC1
C1CCC(CC2CCC(C3CC4CCCCC4C(C4CCCCC4)C3)CC2)CC1
C1CCC(C2CCCCC2C2CCCCC2C2CCCC2)CC1
C(CCC1CCC2CCCC2C1)CCC1CCCC(C2CCCC(C3CCCCC3)C2)C1
C1CCC(CCC2CCC(C3CCC(CC4CCC5C(CCC6CCCCC65)C4)CC3)CC2)CC1
C1CCC(CCCCCC2CCC(CC3CCCCC3)CC2)CC1
C1CCC(CCCC2CCC(C3CCCCC3)CC2)CC1
C1CCC(CC2CCCC(C3CCCC(CCC4CCC(C5CCCCC5)CC4)C3)C2)CC1
C1CCC(CC2CCCC(C3CCC(C4CCCCC4)CC3)C2)CC1
C1CCC(CC2CCC3CC(C4CCC5CCCCC54)CC(C4CC4)C3C2)CC1
C1CCC(C2CCCCC2)CC1
C1CCC(C2CCC(C3CCC(C4CCCCC4)C(C4CCCCC4)C3)CC2)CC1
C1CCC(C2CC(C3CCCCC3CC3CCCC3)C3CCCCC23)CC1
C1CCC(CCC2CCCCC2)CC1
C1CCC(CCC2CCC(CC3CCCCC3)CC2CC2CCC(C3CCCCC3)CC2)CC1
C1CCC(CCCC2CCC(CC3CCCC3)CC2)CC1
C1CCC(CCC2CCC(C3CCCC(C4CCC5CCCCC54)C3)CC2)CC1
C1CCC(C2CCC(C3CCCCC3)C(C3CCCCC3)C2)CC1
C1CCC(CC2CCC(C3CCCCC3)CC2C2CCCC2)CC1
C1CCC(CC2CCC3CC(C4CCCCC4)CCC23)CC1
C1CCC(CCCC2CCC(C3CCCC(CC4CCCCC4)C3)CC2)CC1
C1CCC(C2CC(CC3CCC(C4CC4)C(C4CCCCC4)C3)CC(C3CCCCC3)C2)CC1
C1CCC(C2CC(C3CCC4CCCCC4C3)C3CCCCC23)CC1
C1CCC(CCCC2CCC(C3CC(CCC4CCCC4)CCC3C3CCCCC3)CC2)CC1
C1CCC(C2CCCC(C3CCCCC3)C2)CC1
C1CCC(CC2CCC(CCC3CCC4CCCCC4C3)C(C3CCCC3)C2)CC1
C1CCC(C2CCCC(C(C3CCCCC3)C3CCCCC3)C2)CC1
C1CCC(C2CCCCC2C2CCC(CC3CC3)CC2)CC1
C1CCC(CC2CCC(CC3CCC4CC(C5CCC6CCCCC65)CC(C5CCCCC5)C4C3)CC2)CC1
C1CCC(C2CCCC(C3CCCCC3)C2)CC1
C1CCC(C2CCCC(C3CCCC(C4CCCC4)C3)C2)CC1
C1CCC(CC2CCC(CCC3CCC(C4CCCCC4)CC3)CC2)CC1
C1CCC(CCC2CCC(CC3CC(CC4CCCC4)C4CCCCC34)CC2)CC1
C1CCC(CCCC2CCCC(CC3CCCC(CC4CCCCC4)C3)C2)CC1
C1CCC2C(C1)CCC2C1CC2CCCCC2C(C2CCCC2)C1
C1CCC(CC2CCC(C3CCCCC3)CC2)CC1
C1CCC(CC2CCC(CCCCC3CCCC(CC4CCCC(C5CC5)C4)C3)CC2)CC1
C1CCC(CC2CCCCC2CC2CC3CCCCC3C2)CC1
C1CCC(C2CCCC(CC3CCCC(C4CCCCC4)C3)C2)CC1
C1CCC(C2CCC(C3CCCC(C4CCCCC4)C3)CC2)CC1
C1CCC(CCC2CCC(CCCC3CCC(CCC4CC5CCCCC5C4)CC3)CC2)C1
C1CCC(C2CCCC(C3CCC(C4CCCCC4)C3)C2)CC1
C1CCC(CCCC2CC(CC3CCCCC3)CC(C3CCCC(C4CCCCC4)C3)C2)CC1
C1CCC(CCC2CCCC(C3CCCCC3CC3CCCCC3)C2)CC1
C1CCC(CCC2CCC(C3CCCCC3)CC2C2CCCCC2)CC1
C1CCC(CCC2CCCCC2C2CCCC(C3CCCCC3)C2)CC1
C1CCC(CCC2CCCC(C3CCCC(C4CCCCC4)C3)C2)CC1
C1CCC(CC2CCC(CC3CCC(CC4CCC5CCCCC5C4)CC3)CC2)CC1
C1CCC(CC2CCCCC2C2CCCCC2)CC1
C1CCC(CC2CCC(CC3CCC(C4CCCCC4)CC3)CC2)CC1
C1CCC(CCCC2CCC(C3CCCCC3)C2C2CCC(CCC3CCCCC3)CC2)CC1
C1CCC(CC2CCC(CCCCCC3CCC(C4CCCCC4)C3)CC2)CC1
C1CCC(C2CCC(CC3CCC3)CC2C2CCCCC2)CC1
C1CCC(C2CCC(C3CCC4CCCC4C3)C(C3CCC4CCCCC4C3)C2)CC1
C1CCC(C2CCC(C3CCC(C4CCCCC4)C(C4CCCCC4)C3)C2)CC1
C1CCC(CC2CCC(CCCCCC3CCCC(C4CCCC4)C3)CC2)CC1
C1CCC(CC2CCCCC2CCCC2CC(C3CCCC3)CCC2C2CCCCC2)CC1
C1CCC(CC2CCC(CCC3CC(C4CCCCC4)C4CCCCC34)CC2)CC1
C1CCC(CC2CCC(CC3CCC(C4CCCCC4)CC3)CC2)CC1
C1CCC(CC2CCC(C3CCCCC3CC3CCC(C4CCCCC4)CC3)CC2)CC1
C1CCC(CC2CCCC(C3CCCCC3)C2)CC1
C1CCC(C2CCCC(C3CCCC(CC4CCCC4)C3)C2)CC1
C1CCC(CC2CCCC(CC3CCC(CC4CCC(C5CCC6CCCC6C5)CC4)CC3)C2)C1
C1CCC(CC2CCCCC2C2CCC(C3CCCC(C4CCCCC4)C3)CC2)CC1
C1CCC(CC2CCC(CC3CCC4C(CCC4C4CCCCC4)C3)CC2)CC1
C1CCC(CC2CCC(C3CCC(CC4CCCC(CC5CCCC5)C4)CC3)CC2)CC1
C1CCC(CC2CCC(CCCCCC3CC(C4CCCCC4)CC(C4CCC4)C3)CC2)CC1
C1CCC(CCC2CCC(C3CCCC(C4CCC(C5CCCCC5)CC4)C3)CC2)CC1
C1CCC(CCC2CCCC(C3CCCC(CCC4CCCCC4)C3)C2)CC1
C1CCC(CCC2CCCCC2C2CCC3C(CC4CCCCC4)CCCC3C2)CC1
C1CCC(CC2CC(C3CCCCC3)CC(C3CCCCC3CC3CCCC3)C2)CC1
C1CCC(CC2CCC(C3CCCC(C4CCCCC4)C3)CC2)CC1
C1CCC(C2CCCC(CC3CCC(C4CC4)CC3)C2)CC1
C1CCC(CC2CCCC(C3CCC4CCC(C5CCCCC5)CC43)C2)CC1
C1CCC(CC2CCCC(CCCC3CCCC(C4CCCCC4)C3)C2)CC1
C1CCC(C2CCC3CCCC(C4CCCCC4)C3C2)CC1
C1CCC(CCC2CCCCC2CC2CCCCC2)CC1
C1CCC(CCCC2CCC(CCCC3CCCCC3)CC2)CC1
C1CCC(CCCC2CCCC(CC3CC4CCCCC4C3)C2)CC1
C1CCC(CC2CCC(C(C3CCCCC3)C3CCCCC3)CC2)CC1
C1CCC(C2CCCCC2C2CCCC(C3CCC4CCCC4C3)C2)CC1
C1CCC(CC2CCCCC2C2CC(C3CCCC(C4CCCCC4)C3)C3CCCCC32)CC1
C1CCC(CC2CCCCC2CC2CC(CC3CCCCC3)C3CCCCC23)CC1
C1CCC(CCCC2CC(C3CCC(C4CCCC4)CC3)C3CCCCC23)CC1
C1CCC(CCC2CCC(C3CCC4C(CCC5CCCCC5)CCCC4C3)CC2)CC1
C1CCC(CC2CCCCC2C2CCC(C3CCCCC3)C(C3CCCCC3)C2)CC1
C1CCC(C2CCCC(CCC3CCCC(C4CCC(C5CCC5)CC4)C3)C2)CC1
C1CCC(CC2CCC(C3CCCCC3)CC2CC2CC3CCCCC3C2)CC1
C1CCC(CC2CCCC(C3CC(C4CCCCC4)CCC3C3CCC4CCCC4C3)C2)CC1
C1CCC(C2CCCC(C3CCC4CCCC4C3)C2)CC1
C1CCC(CC2CCCCC2CC2CCC(C3CCCCC3)CC2)CC1
C1CCC(CCC2CCCCC2C2CCCCC2CC2CCCCC2)CC1
C1CCC(C2CCCCC2C2CCC(CC3CC3)CC2)CC1
C1CCC(C2CCC(C3CCCCC3)C(C3CCC4CCCC4C3)C2)CC1
C1CCC(CC2CCCCC2C2CCC(CC3CCC(C4CCCC4)CC3)CC2)CC1
C1CCC(C2CCC(CCCC3CC3)CC2)CC1
C1CCC(CC2CCC3CC(CC4CCC(CCC5CCC6CCCCC65)CC4)CCC23)CC1
C1CCC(CCCCC2CCC(C3CCCCC3)CC2)CC1
C1CCC(C2CCCC(C3CCCC4CCCCC43)C2)CC1
C1CCC(CC2CCCC(CCC3CCCCC3C3CCCCC3)C2)CC1
C1CCC(C2CCC(C3CCC4CCCCC43)CC2)CC1
C1CCC(CC2CCC(CCC3CCCCC3C3CCCCC3)CC2)CC1
C(CCCC1CC2CCCCC2C1)CCC1CCC(C2CCCCC2C2CCCC2)CC1
C1CCC(CC2CCC(CCC3CCC(C4CCCC(C5CC5)C4)CC3)CC2)CC1
C1CCC(CC2CCCC(CCCC3CCC(CC4CCCC(C5CCCC5)C4)CC3)C2)CC1
C1CCC(CC2CCC(CC3CCCC3)CC2)CC1
C1CCC(CC2CCC(CC3CC(C4CCCCC4)CC(C4CC4)C3)CC2)CC1
C1CCC(C2CCCC(CCC3CCC(C4CCC4)CC3)C2)CC1
C1CCC(CC2CCC(C3CCCC(C4CCCCC4)C3)CC2)CC1
C1CCC(C2CCC(CCCC3CCCC(C4CCCCC4)C3)CC2)CC1
C1CCC(CCC2CCCC(CC3CCCCC3)C2)CC1
C1CCC(CC(C2CCCCC2)C2CCCC(C3CCCCC3)C2)CC1
C1CCC(C2CCC(CCC3CCC4CCCCC43)CC2)CC1
C1CCC(CC2CCC(CCC3CCC(C4CCC(CC5CCCCC5)CC4)CC3)CC2)CC1
C1CCC(CCCC2CCC(CC3CCC(CCC4CCCCC4)CC3)CC2)CC1
C1CC(CCC2CCC3CCCCC3C2)CC(CC2CC2)C1
C1CCC(CCC2CCC(C3CCC(C4CCCCC4)CC3)CC2)CC1
C1CCC(CCCCC2CCCC(CCC3CCCCC3)C2)CC1
C1CCC(CC2CCC(C3CCCC3)CC2)CC1
C1CCC(CCC2CC(C3CCCC(C4CCCC(C5CCCCC5)C4)C3)C3CCCCC23)CC1
C1CCC(CCCC2CCCC(C3CCCCC3)C2)CC1
C1CCC(CCCC2CCC3CC(C4CCC5CCCCC54)CCC3C2)CC1
C1CCC(C2CCC3C(CC4CCC4)CCC3C2)CC1
C1CCC(CC2CCC(C3CCC4CCCC4C3)CC2)CC1
C1CCC(CCCC2CCCCC2CCC2CCCCC2C2CCCCC2)CC1
C1CCC(CCCC2CCC(CCC3CC4CCCCC4C(C4CCCCC4)C3)C2)CC1
C(CCCC1CCCCC1)CCC1CCCCC1
C1CCC(CC2CCCCC2C2CCC(C3CCCCC3)CC2)CC1
C1CCC(C2CCC(CCC3CCC(CC4CCC(C5CCCC5)CC4)CC3)CC2)CC1
C1CCC(CC2CCCC(C(CC3CCCCC3)C3CCCC3)C2)CC1
C1CCC(CC2CCC(C3CCC4CCCCC43)CC2)C1
C1CCC(C2CCCC(C3CC(C4CCCCC4)C(C4CCCCC4)C4CCCC34)C2)CC1
C1CCC(CCCC2CCC(C3CCCC(C4CCC(CCC5CC5)CC4)C3)CC2)CC1
C1CCC(CCCC2CCCC(CCC3CCCCC3)C2)CC1
C1CCC(C2CCCC(C3CCCCC3)C2)CC1
C1CCC(C2CCC(CCCC3CCCC(CC4CC4)C3)CC2)CC1
C1CCC(CCC2CCCC(C3CCCCC3)C2)CC1
C1CCC(C2CCC(CC3CCC(C4CCCCC4C4CCCCC4)CC3)CC2)CC1
C1CCC(CCC2CCCC(CCC3CCCCC3C3CCCCC3)C2)CC1
C1CCC(C2CCCC(C3CCC(C4CCCCC4)CC3C3CCCC3)C2)CC1
C1CCC(CCCC2CCCCC2)CC1
C1CCC(C2CCCCC2)CC1
C1CCC(C2CCC(CC3CC(C4CCCCC4)CC(C4CCCC4)C3)CC2)CC1
C1CCC(C2CCCC(C3CCCCC3)C2)CC1
C1CCC(CCC2CCCCC2)CC1
C1CCC(CC2CCC(C3CC(CC4CCCCC4)C4CCCCC43)CC2)CC1
C1CCC(C2CCCCC2CC2CCCC(CCC3CCC4CCCC4C3)C2)CC1
C1CCC(CC2CCCCC2CCCCC2CCC(C3CCCCC3)CC2)CC1
C1CCC(CC2CCCC(C3CCCCC3)C2)CC1
C1CCC(C2CCC(C3CC(C4CCC4)CCC3C3CCCCC3)CC2)CC1
C1CCC(CCC2CCCC(CC3CCCCC3)C2)CC1
C1CCC(CCC2CC(C3CCCCC3)CC(C3CCCCC3)C2)CC1
C1CCC(C2CCCC(C3CCC(C4CCCC(CC5CCCC5)C4)CC3)C2)CC1
C1CCC(CCC2CCCCC2C2CCC(C3CCCCC3)C(C3CCCC3)C2)CC1
C1CCC(C2CCC(CCC3CCCC(C4CCC5CCCC5C4)C3)C(C3CCCCC3)C2)CC1
C1CCC(CC2CCC(CC3CC(C4CCCCC4)C4CCCCC34)CC2)CC1
C1CCC(C2CCCC(C3CCCC(C4CCCC(C5CCCC5)C4)C3)C2)CC1
C1CCC(CC2CCCC(C3CCC(CCCCC4CC5CCCCC5C4)CC3)C2)CC1
C1CCC(CC2CCCCC2CC2CCCCC2CC2CCC(C3CCCCC3)CC2)CC1
C1CCC(CC2CCCCC2)CC1
C1CCC(CCCCC2CCCC(CCCC3CCCCC3)C2)CC1
C1CCC2CC(C3CCCCC3C3CCC4CCCC4C3)CCC2C1
C1CCC(CCC2CCCC(C3CCC(C4CCCCC4C4CCCCC4)C3)C2)CC1
C1CCC(CC2CCCC3CC(C4CCCCC4C4CCC5CCCC5C4)CCC23)CC1
C1CCC(CC2CCC(CC3CCCCC3)CC2)CC1
C1CCC(C2CC(CCC3CCC(C4CCCC4)CC3)CC(C3CCCCC3)C2)CC1
C1CCC(CC(CC2CCCCC2C2CCCCC2)C2CCCCC2)CC1
C1CCC(CC2CCC(CC3CCCC(C4CCCCC4)C3)CC2)CC1
C1CCC(CCCC2CCCC(CCC3CCCC(C4CCCCC4)C3)C2)CC1
C1CCC(CC2CCC(CCCC3CCCC(C4CCCCC4)C3)CC2)CC1
C1CCC(C2CCCC(C3CC4CCCCC4C3)C2)CC1
C1CCC(C2CCCC(C3CC(CC4CCC5CCCC5C4)C4CCCCC43)C2)CC1
C1CCC(CCC2CCCC(CCC3CC(CC4CCCCC4)CCC3CC3CCCCC3)C2)CC1
C1CCC(C2CCCC(CC3CCC(C4CCC5CCCCC54)CC3)C2)CC1
C1CCC(CC2CCC(C3CCCC(C4CCCCC4)C3)CC2)CC1
C1CCC(CC2CCC(C3CCCCC3)CC2)CC1
C1CCC(C2CCC(C3CCCC(C4CCCC(C5CCCCC5)C4)C3)CC2)CC1
C1CCC(C2CCCC(C3CCCCC3)C2)CC1
C1CCC(CCC2CC(CC3CCCCC3)C3CCC(C4CCCCC4)CC23)CC1
C1CCC(CCC2CCC(CC3CCC(C4CCCCC4)CC3)CC2)CC1
C1CCC(C2CCC(CC3CC(C4CC(C5CCCCC5)C5CCCCC54)C4CCCCC34)CC2)CC1
C1CCC(CCCC2CCC(CCCC3CCCC(C4CCCCC4)C3)CC2)CC1
C1CCC(CC2CC(C3CCCCC3C3CCCC3)C3CCCCC23)CC1
C1CCC(CC2CCCC(C3CCC(C4CCCCC4)CC3)C2)CC1
C1CCC(CC2CCCC(CC3CCC(C4CCCCC4)CC3)C2)CC1
C1CCC(CCCC2CCC(C3CCCCC3)CC2C2CCCCC2)CC1
C1CCC(C2CCC(C3CC4CCCCC4C3)CC2C2CCC(C3CCC4CCCC4C3)CC2)CC1
C1CCC(CC2CCCC(C3CC(C4CCCCC4)CC(C4CC4)C3)C2)CC1
C1CCC(CCCCC2CCCCC2C2CC(C3CCCCC3)C3CCCCC32)CC1
C1CCC(CCC2CCCC(CC3CCCCC3)C2)CC1
C1CCC(CC2CC(CCCC3CCC(C4CCCCC4)CC3)C3CCCCC23)CC1
C1CCC(CC2CCC(C3CC(CC4CCCC4)C4CCCCC43)C(C3CCCC3)C2)CC1
C1CC(CCCC2CC3CCCCC3C2)CC(CCC2CCC(C3CCCC3)CC2)C1
C1CCC(CCC2CCC(CCC3CCCC(CC4CCCCC4)C3)CC2)CC1
C1CCC(CCC2CCC(C3CCCCC3C3CCCCC3)CC2)CC1
C1CCC(C2CCCCC2C(C2CCCCC2)C2CCC3CCCCC32)CC1
C1CCC(CCCC2CCCC(C3CCCCC3)C2CCC2CCCCC2)CC1
C1CCC(CCCC2CCC(CC3CCCCC3)CC2CCC2CCC2)CC1
C1CCC(C2CCCCC2C(C2CCCCC2)C2CCCCC2)CC1
C1CCC(C2CCCCC2C2CCCCC2)CC1
C1CCC(CCC2CCC(CC3CC4CCCCC4C3)CC2)CC1
C1CCC(C2CCCC(C3CCCCC3C3CCCCC3)C2)CC1
C1CCC(CC2CCC(C3CCC(C4CCC(C5CCCCC5)CC4)CC3)CC2)CC1
C1CCC(CC2CCC(C3CCCC(C4CCCCC4)C3)CC2)CC1
C1CCC(CCC2CCC(CC3CCC(C4CCC5CCCCC5C4)CC3)CC2)CC1
C1CCC(CC2CC(C3CCC4CCCC4C3)CCC2CCCC2CC2)CC1
C1CCC(CC2CCC(CC3CCC(C4CCC5CCCCC54)CC3)C(CC3CCCCC3)C2)CC1
C1CCC(C2CC3CCC(CCC4CCC4)CC3C(C3CCCCC3)C2)CC1
C1CCC(C2CC(C3CCCCC3)C3CCCCC23)CC1
C1CCC(C2CCCC(CC3CCCC(C4CCC5CCCC5C4)C3)C2)CC1
C1CCC(CC2CCC(CCCC3CCCCC3C3CCCCC3)CC2)CC1
C1CCC(CC2CCC(CC3CCC(C4CCCC4)CC3)CC2)CC1
C1CCC(CCC(CC2CCCCC2)C2CCCC(C3CCC(C4CCCCC4)CC3)C2)CC1
C1CCC(CCCC2CCCC(CC3CCCC(C4CCCCC4)C3)C2)CC1
C1CCC(CCC2CCCC(C3CCCC(C4CCCCC4)C3)C2)CC1
C1CCC(CCCC2CC(C3CCCCC3)CC(C3CCCCC3)C2)CC1
C1CCC(CC2CCC(CC3CCC(CCC4CCCC(C5CCCCC5)C4)CC3)CC2)CC1
C1CCC(C2CCCCC2C2CCCC(C3CCCCC3CCC3CC4CCCCC4C3)C2)CC1
C1CCC(C2CCCCC2C2CC(C3CC4CCCCC4C3)C3CCCCC32)CC1
C1CCC(CC2CCC(CC3CC(CC4CCCCC4)C4CCCCC34)CC2)CC1
C1CCC(CCC2CC(CC3CC4CCCCC4C3)CCC2CCC2CCCC(C3CCCCC3)C2)CC1
C1CCC(CCC2CCC(C3CCC(CC4CCCCC4)CC3)CC2)CC1
C1CCC(CCCCC2CCCCC2)CC1
C1CCC(CCC2CCCC(C3CCCCC3)C2)CC1
C1CCC(CC2CCC(CC3CCCCC3CC3CCCCC3)CC2)CC1
C1CCC(C2CC(CC3CC3)CC(C3CCCC(C4CC4)C3)C2)CC1
C1CCC(CCCC(C2CCCCC2)C2CCCCC2C2CCC3CCCCC3C2)CC1
C1CCC(CCCC2CCC(C3CCCC(C4CCCC(CCC5CCCCC5)C4)C3)CC2)CC1
C1CCC(CC2CCCC(C3CCCCC3)C2)CC1
C1CCC(C2CCCC(C3CCCCC3C3CCCCC3C3CCCCC3)C2)CC1
C1CCC(C2CCC(CCCC3CC3)CC2)CC1
C1CCC(C(C2CCCC(C3CCCC3)C2)C2CCC3CCCCC32)CC1
C1CCC(CC2CCCCC2CC2CC(C3CCCCC3)CCC2CCC2CCCC2)CC1
C1CCC(CC2CCC(CCCC3CCC(CC4CCCCC4)CC3)CC2)CC1
C1CCC(CC2CCCC(C3CCCCC3)C2)CC1
C1CCC(C2CCCC(C3CCCCC3)C2)CC1
C1CCC(CC2CCC(C3CCCCC3)CC2)CC1
C1CCC(CCCCC2CCC(CC3CCCCC3)CC2)CC1
C1CCC(CC2CCCC(C3CCCCC3)C2)CC1
C1CCC(CC2CCC3CC(C4CCCCC4)CC(C4CCCC4)C3C2)CC1
C1CCC(CCC2CC(CC3CCCCC3)CCC2C2CCCCC2)CC1
C1CCC(CCC2CCCC(CC3CCCC(C4CC4)C3)C2)CC1
C1CCC(C2CCCC(C3CCC(C4CCCC5CCCCC54)CC3)C2)CC1
C1CCC(CC2CCCCC2CC2CCCC(C3CCCCC3)C2)CC1
C1CCC(CCC2CC(C3CCCCC3)CCC2C2CCCCC2)CC1
C1CCC(C2CCC(CC3CCCC(C4CCCCC4)C3)CC2)CC1
C1CCC(CC2CCCCC2C2CCCC(C3CCCCC3)C2)CC1
C1CCC(CCCC2CCCC(CC3CCCC(C4CC4)C3)C2)CC1
C1CCC(CC2CCCCC2C2CCC3C(CCCC3C3CCCCC3)C2)CC1
C1CCC(CCCC2CCCC(CC3CCCCC3)C2)CC1
C1CCC(C2CCC(C3CCCCC3C3CCC4CCC(C5CCC5)C4C3)CC2)CC1
C1CCC(C2CCCC(CC3CC(CC4CCC(C5CCCC5)CC4)C4CCCCC34)C2)CC1
C1CCC(C2CCC3CC(C4CCC(C5CCCC5)CC4)CCC32)CC1
C1CCC(CCCCCC2CC(C3CCCCC3)CCC2C2CCC2)CC1
C1CCC(C2CCC3CCCCC32)CC1
C1CCC(C2CCCC(CC3CC(C4CCCCC4C4CCCC4)C4CCCCC34)C2)CC1
C1CCC(CC2CCCC(C3CCC4CCCC4C3)C2)CC1
C1CCC(C2CCC(C3CCC(C4CCCCC4C4CCCC4)CC3)CC2)CC1
C1CCC(C2CCC(CC3CCCCC3CC3CC4CCCC4C3)CC2)CC1
C1CCC(C2CCCCC2C2CCCCC2C2CCCC2)C1
C1CCC(CCC2CCC(CC3CC(C4CCCCC4)C4CCCCC34)CC2)CC1
C1CCC(CC2CC(C3CCCCC3)CCC2C2CCCCC2)CC1
C1CCC(CCC2CCCC(CC3CCC(C4CCCCC4)CC3)C2)CC1
C1CCC(C2CCCC(CC3CC(C4CCCCC4)C3)C2)CC1
C1CCC(CC2CCCC(CC3CCC(C4CCCC4)CC3)C2)CC1
C1CCC(C2CCCC(C3CCCCC3)C2)CC1
C1CCC(CCC2CCCC(C3CCCC(CC4CCCCC4)C3)C2)CC1
C1CCC(CC2CCCC(C3CCCCC3CC3CCCCC3)C2)CC1
C1CCC(CCCCC2CCCC(CCCC3CCC(CC4CCCC4)CC3)C2)CC1
C1CCC(CC2CCCCC2CCC2CCC(C3CCCC3)CC2)CC1
C1CCC(C2CCCC(CCCCC3CCCCC3C3CCCC3)C2)CC1
C1CCC(CC2CCC(CC3CCCCC3C3CCCCC3)CC2)CC1
C1CCC(CCC2CCC(CC3CCC(CC4CCCCC4)CC3)CC2)CC1
C1CCC(CCCCC2CCC(C3CC(C4CCCCC4)C3)CC2)CC1
C1CCC(C2CCC(CC3CCC(C4CCCCC4)CC3)CC2)CC1
C1CCC(CC2CCC(C3CCC(C4CCCCC4)CC3)CC2CCCC2CCCC2)CC1
C1CCC(CC2CCC(C3CCCCC3)CC2)CC1
C1CCC(CCC2CCC(C3CCCCC3)CC2)CC1
C1CCC(C2CCCC(CCC3CC4CCCCC4C3)C2)CC1
C1CCC(CC2CCC(CCCC3CCC(CC4CC5CCCCC5C4)CC3)CC2)CC1
C1CCC(CCC(C2CCCCC2)C2CCCC(C3CCCCC3)C2)CC1
C1CCC(C2CCCCC2)CC1
C1CCC(C2CCCC(CC3CCCC(C4CCCCC4)C3)C2)CC1
C1CCC(CC2CCCCC2C2CCCCC2)CC1
C1CCC(CC2CCC(CC3CCCCC3)CC2)CC1
C1CCC(C2CCCC(CC3CC4CCCC(C5CC6CCCCC6C5)C4C3)C2)CC1
C1CCC(CC2C(C3CCCC3)CCCC2C2CCCC(C3CCCCC3)C2)CC1
C1CCC(CC2CCCC(C(C3CCCCC3)C3CCCCC3)C2)CC1
C1CCC(CC2CCCC(C3CCCCC3)C2)CC1
C1CCC(C2CC3CCCCC3C(C3CCC4CCCCC43)C2)CC1
C1CCC(CC2CCCCC2C2CCC(C3CCCCC3)CC2)CC1
C1CCC(CCC2CCCC(C3CCCCC3C3CCCCC3)C2)CC1
C1CCC(C2CCC(CC3CCC(C4CCCC(CC5CCC6CCCC6C5)C4)CC3)CC2)CC1
C1CCC(C2CCC(C3CCC(C4CC4)CC3C3CCCC3)CC2)CC1
C1CCC(CCCC2CCC(CC3CCCC(CCC4CCC(C5CCCCC5)CC4)C3)CC2)CC1
C1CCC(CC2CCC(C3CCCCC3)CC2)CC1
C1CCC(C2CCCC(C3CCC(C4CCCC5CCCCC54)CC3)C2)CC1
C1CCC(C2CCCC(C3CCCC(C4CCCCC4)C3)C2)CC1
C1CCC(CC2CCC(C3CCCCC3)CC2)CC1
C1CCC(CCCC2CCCC(C3CCCCC3)C2)CC1
C1CCC(CC2CCC(C3CCC(C4CCCCC4C4CCCC4)CC3)CC2)CC1
C1CCC(C2CCCC(C3CCCCC3)C2)CC1
C1CCC(C2CCC(C3CCCCC3)CC2)CC1
C1CCC(CCC2CC(C3CCCC(C4CCCCC4)C3)CC3CC(C4CCCCC4)CCC23)CC1
C1CCC(CCC2CCCC(C3CCC(CC4CCCCC4)CC3)C2)CC1
C1CCC(CCC2CCC(C3CCCCC3)CC2)CC1
C1CCC(CCCCC2CCCCC2CCC2CCCCC2)CC1
C1CCC(CCCC2CCCC(C3CCCCC3)C2)CC1
C1CCC(C2CCCC(C3CCCCC3C3CCCCC3)C2)CC1
C1CCC(CCC2CCCC(C3CCC(CC4CCC4)CC3)C2)CC1
C1CCC(CC2CCC3C(CC4CCCC(C5CCCCC5)C4)CC(C4CCCC4)C3C2)CC1
C1CCC(CC2CCCC(C3CCCCC3)C2)CC1
C1CCC(CC2CCC(C3CCCCC3)CC2C2CCCC2)CC1
C1CCC(CC2CCCCC2)CC1
C1CCC(CC2CCCCC2CC2CCCCC2CC2CCCCC2)CC1
C1CCC(CCCCCC2CCC(CC3CCCCC3)CC2C2CCCCC2)CC1
C1CCC(C2CCCCC2C2CCC(C3CCCC3)CC2C2CCC3CCCC3C2)CC1
C1CCC(C2CCC(C3CCCC(C4CCCCC4)C3)CC2)CC1
C1CCC(C2CCC(C3CCCCC3)C(C3CC4CCCCC4C3)C2)CC1
C1CCC(CC2CCC(C3CCCC(CC4CC5CCCCC5C4)C3)CC2)CC1
C1CCC(CC2CC(C3CCCCC3)C3CCC(C4CCCCC4)CC23)CC1
C1CCC(CC2CCC3CC(CC(C4CCCCC4)C4CCCCC4)CCC23)CC1
C1CCC(C2CCCC(CCC3CCCC4CC(C5CCC6CCCCC65)CCC34)C2)CC1
C1CCC(CC2CCC(C3CCCCC3)CC2)CC1
C1CCC(C2CCC(CC3CC(C4CCCCC4)C4CCCCC34)CC2)CC1
C1CCC(CC(CCC2CCCC(CC3CCCC3)C2)C2CCCCC2)CC1
C1CCC(CCC2CCCC(C3CCC(C4CCCC(C5CCCCC5)C4)CC3)C2)CC1
C1CCC(CC2CC(C3CCC(C4CCCCC4)CC3)C3CC(C4CC5CCCCC5C4)CCC23)CC1
C1CCC(CC2CC(C3CCCCC3)C3CCCCC23)CC1
C1CCC(CC2CCCC(C3CCCC(C4CCC5CCCCC5C4)C3)C2)CC1
C1CCC(CC2CCCC(CCC3CCCCC3C3CCCC3)C2)CC1
C1CCC(C2CCCC(C3CCCC(CCC4CC5CCCCC5C4)C3)C2)CC1
C1CCC(C2CCC(C3CCCCC3C3CCCCC3C3CCCC3)CC2)CC1
C1CCC(CCC2CCC(C3CCCCC3)CC2)CC1
C1CCC(CCC2CCC(CCCC3CCC(C4CCC(C5CCCCC5)CC4)CC3)CC2)CC1
C1CCC(CC2CCC(CC3CCC(C4CCCCC4)CC3)CC2)CC1
C1CCC(CC2CCC(C3CCC(C4CCCC4)CC3)CC2)CC1
C1CCC(CC2CCC(CC3CC4CCCCC4C3)CC2)CC1
C1CCC(CCC2CCC(C3CCC(C4CCC5CCCCC5C4)CC3)CC2)CC1
C1CCC(C2CC3CCCCC3C(C3CCCCC3)C2)CC1
C1CCC(CC2CCC(C3CCCCC3)C(CC3CCCCC3)C2)CC1
C1CCC(CCC(CCC2CCCC2)C2CCC(C3CCCCC3)CC2)CC1
C1CCC(CC2CCC(CCC3CCC4CC(C5CCCCC5)CCC34)CC2)CC1
C1CCC(C2CCCCC2CC2CCCCC2C2CCC3CCCC3C2)CC1
C1CCC(CCC2CCC(CC3CC4CCCCC4C3)CC2)CC1
C1CCC(C2CC(C3CCC4CCCCC43)CC3CCCCC32)CC1
C1CCC(CC2CCC(CC3CCC(C4CCCCC4)CC3)CC2)CC1
C1CCC(C2CCC3CCC(C4CCCCC4)C3C2)CC1
C1CCC(CC2CCC3C(CC4CCCCC4)CC(CC4CCCCC4)C3C2)CC1
C1CCC(CC2CCC(C3CCCCC3)CC2)CC1
C1CCC(CCCC2CCC(C3CCCCC3C3CCCCC3C3CCCCC3)CC2)CC1
C1CCC(CC2CCCC(CC3CCCC(C4CCCCC4)C3)C2)CC1
C1CCC(C2CCC(CC3CCC(C4CCCCC4)CC3)CC2)CC1
C1CCC(CC2CCC(CC3CCCCC3)CC2)CC1
C1CCC(CCCCC2CCCC(CC3CCCCC3)C2)CC1
C1CCC(CC2CC(C3CC3)CCC2C2CCCCC2C2CCCCC2)CC1
C1CCC(C2CCC(CC3CCC(CCCC4CCCC4)CC3)CC2)CC1
C(CCC1CC1)CCC1CCC2CCCC(C3CCCCC3)C2C1
C1CCC(C2CCCC(CC3CCC4CCCCC43)C2)CC1
C1CCC(CCC2CCCC(CC3CCCCC3)C2)CC1
C1CCC(C2CCC(C3CCCCC3)CC2)CC1
C1CCC(CCCCC2CCC(CC3CCCC(C4CCCC(C5CCCC5)C4)C3)CC2)CC1
C1CCC(CCCC2CCCC(CC3CCC(CC4CCC4)CC3)C2)CC1
C(CCCC1CCCCC1)CCCC1CCCCC1CCCCC1CCCCC1
C1CCC(C2CC(CC3CCC4CCCCC4C3)C3CCCCC32)CC1
C1CCC(CCCC2CCCC(CC3CCC(CC4CCCCC4)CC3)C2)CC1
C1CCC(C2CCCCC2)CC1
C1CCC(CC2CCCCC2)CC1
C1CCC(CCCC2CCCC(C3CCCC(CC4CCCCC4)C3)C2)CC1
C1CCC(CCCCC2CCC(CC3CCCC(CCC4CCCC4)C3)CC2)CC1
C1CCC(CC2CCC(C3CCCC(C4CCC(C5CC(C6CCCC6)C6CCCCC56)CC4)C3)CC2)CC1
C1CCC(CCCC2CCCC(C3CCCCC3)C2)CC1
C1CCC(C2CCC(CCC3CC(C4CCCCC4)C4CCCCC34)CC2)CC1
C1CCC(CCCCC2CCC(CC3CCC(C4CCCC5CCCCC54)C(C4CCCC4)C3)CC2)CC1
C1CCC(CC2CCC(C3CCCCC3C3CCCCC3)CC2)CC1
C1CCC(CC2CC3CCC(C4CCCCC4C4CCCCC4)CC3C(C3CCCC3)C2)CC1
C1CCC(CCC2CCCC(C3CCCCC3)C2)CC1
C1CCC(C2CCCCC2CC2CCC3CCCC(C4CCCCC4)C3C2)CC1
C1CCC(CC2CC(CC3CCCCC3C3CCCCC3)C3CCCCC23)CC1
C1CCC(CC2CCC(CC3CCCCC3)CC2)CC1
C1CCC(CCCC2CCCC(C3CCC(C4CCCCC4)CC3)C2)CC1
C1CCC(C2CCCC(C3CCCC(C4CCCCC4)C3)C2)CC1
C1CCC(CC2CCCC(C3CC(C4CCCCC4)CC(C4CCC4)C3)C2)CC1
C1CCC(CC2CC(C3CCCCC3CC3CCCC(C4CCCCC4)C3)C3CCCCC23)CC1
C1CCC(CCCC2CCCC(C3CCCCC3)C2)CC1
C1CCC(CC2CC(CC3CCC4CCCCC4C3)C3CCCCC23)CC1
C1CCC(C2CCCCC2C2CCC(C3CCCC(C4CCC5CCCCC54)C3)CC2)CC1
C1CCC(CCC2CCC(C3CCCCC3CC3CCCCC3)CC2)CC1
C1CCC2CC(C3CCC4CCCCC43)CCC2C1
C1CCC(CC2CCC(CC3CCC(CC4CCC(C5CCCCC5)CC4)CC3)CC2)CC1
C1CCC(CC2CC(C3CCCCC3)CC(C3CCCC3)C2)CC1
C1CCC(CC2CCC(C3CCCCC3C3CCCCC3)CC2)CC1
C1CCC(CC2CCC(C3CCCC(C4CCC4)C3)CC2)CC1
C1CCC(C2CCC(CCC3CCCC(C4CCCCC4)C3)CC2)CC1
C1CCC(C2CCCC(C3CCC(CC4CCCC4)CC3)C2)CC1
C1CCC(CC(CC2CCCCC2C2CCC(C3CCCCC3)C2)C2CCCCC2)CC1
C1CCC(CCC2CCC(CCC3CCCCC3)CC2)CC1
C1CCC(C2CCC3CC(C4CCC(CC5CCCC5)CC4)CCC32)CC1
C1CCC(CCC2CCCC2C2CC(C3CCC4CCCCC43)CC3CCCCC32)CC1
C1CCC(CCC2CCC(C3CCCCC3)CC2CC2CC3CCCCC3C2)CC1
C1CCC(CC2CCCCC2C2CCCCC2)CC1
C1CCC(CCC2CCCCC2)CC1
C1CCC(CCC2CCC(CC3CCC(C4CC(C5CCCCC5)C4)CC3)CC2)CC1
C1CCC(C2CCCCC2)CC1
C1CCC(C2CC(CC3CCCC(C4CCCC4)C3)C3CCCCC32)CC1
C1CCC(CC2CCC(C3CCCCC3C3CCCCC3)CC2)CC1
C1CCC(C2CCCC(C3CCCC3CCC3CCCCC3C3CCCC3)C2)CC1
C1CCC(CCC2CCC3CCC(C4CCCCC4C4CCCCC4)CC3C2)CC1
C1CCC(C2CCCC(CCCC3CCC(CC4CCCC4)CC3)C2)CC1
C1CCC(C(CCC2CCC(CCC3CCC4CCCCC4C3)CC2)C2CCCCC2)CC1
C1CCC(CC2CCCC(C3CCCCC3)C2)CC1
C1CCC(C2CCCCC2CC2CCCC(C3CCC(C4CC4)CC3C3CCCC3)C2)CC1
C1CCC(CC2CCC(C3CCCC(CCC4CCCC(C5CCCCC5)C4)C3)CC2)CC1
C1CCC(C2CCC(CCCC3CCCC(C4CCCCC4)C3)CC2)CC1
C1CCC(CCCC2CCC(CC3CCCCC3)CC2)CC1
C1CCC(C2CCC(C3CCC(C4CCCC4)CC3)CC2)CC1
C1CCC(CC2CCCC(C3CCCC(C4CCCCC4)C3)C2)CC1
C1CCC(CC2CCCC(C3CCCC(C4CCCCC4)C3)C2)CC1
C1CCC(CC2CCCC(C3CC(CC4CCCCC4)CC(C4CCCCC4)C3)C2)CC1
C1CC2CCC(CC3CCCCC3CC3CCCC(C4CC5CCCCC5C4)C3)CC2C1
C1CCC(CCC2CC3CCCCC3C(C3CC4CCCCC4C(C4CCCCC4)C3)C2)CC1
C1CCC(CC2CCC3C(CC4CCCCC4)CC(C4CCCCC4)C3C2)CC1
C1CCC(CCCC2CCC(CC3CCCCC3)CC2)CC1
C1CCC(C2CC(C3CCCCC3)C3CCCCC23)CC1
C1CCC(C2CCC3C(CCCC3C3CCC(C4CCCC(C5CC5)C4)C(C4CCCC4)C3)C2)CC1
C1CCC(CC2CC(C3CCCCC3)CCC2C2CCCCC2)CC1
C1CCC(C2CCCC3CCC(C4CC5CCCCC5C4)CC32)CC1
C1CCC(CC2CCC(CCC3CCCCC3C3CCCC3)CC2)CC1
C1CCC(CCC2CCCCC2)CC1
C1CCC(CC2CCC(C3CCC(CC4CCC5CCCC5C4)CC3)CC2)CC1
C1CCC(CC2CCC(C3CCCC(CC4CCCCC4)C3)CC2)CC1
C1CCC(CCCCC2CC(C3CCCC3)CC(C3CCCC(C4CCCCC4)C3)C2)CC1
C1CCC(C2CCC(CC3CCC(C4CC4)CC3)CC2)CC1
C1CCC(C2CCCC(C3CCCCC3CCC3CCCC(C4CCC4)C3)C2)CC1
C1CCC(CC2CCCCC2C2CCC(C3CCCCC3)C2)CC1
C1CCC(CC2CCC(CCC3CC(CC4CCCCC4)CCC3C3CCC3)CC2)CC1
C1CCC(C2CC(C3CCCCC3)CC(C3CCC3)C2)CC1
C1CCC(C2CCC(CCCC3CCCC(C4CCCC4)C3)CC2)CC1
C1CCC(CC2CCC(C3CCC(C4CCCC(CC5CC6CCCCC6C5)C4)CC3)CC2)CC1
C1CCC(CCC2CCC(CC3CCCCC3)CC2)CC1
C1CCC(CCC2CCCCC2C2CCC3CCCCC3C2)CC1
C1CCC(CC2CCC(CC3CCC(CC4CCCCC4C4CCCC(C5CCCC5)C4)CC3)C2)C1
C1CCC(CC2CCC(CC3CCCC(C4CCC(C5CCCCC5)CC4)C3)CC2)CC1
C1CCC(C2CCCC(CC3CCCC(CCCC4CCCC4)C3)C2)CC1
C1CCC(CC2CCC(C3CCC(C4CCC(C5CCCCC5)CC4)CC3)CC2)CC1
C1CCC(C2CC(C3CCCCC3)CC(C3CCCC3)C2)CC1
C1CCC(CC2CCC(CC3CC(C4CCC4)CCC3CC3CCCCC3)CC2)CC1
C1CCC(CC2CCCC(C3CCCCC3C3CCCCC3C3CCCC3)C2)C1
C1CCC(C2CCCCC2)CC1
C1CCC(CCC2CCCCC2CCC2CCCCC2)CC1
C1CCC(CC2CCC(CCCCC3CC(CC4CCC(CC5CCCCC5)CC4)C4CCCCC34)CC2)CC1
C1CCC(C2CCC(CC3CCC(CC4CCCCC4C4CCCCC4C4CCCC4)CC3)CC2)CC1
C1CCC(CC2CCCCC2C2CCCC(CCC3CCC4CCCC4C3)C2)CC1
C1CCC(C2CCCCC2CC(C2CCCCC2)C2CCCCC2)CC1
C1CCC(CC2CCC(CC3CCC(CC4CCCCC4)CC3)CC2)CC1
C1CCC(CC2CCC(CC3CCCCC3C3CCC4CCCCC4C3)CC2)CC1
C1CCC(C2CCC(C3CCCCC3)CC2)CC1
C1CCC(CC2CCC(CC3CCC(C4CCCCC4)CC3)CC2)CC1
C1CCC(C2CCCC(CCCC3CCC(C4CCCCC4)C3)C2)CC1
C1CCC(CC2CC(C3CCCCC3)CC(C3CCCCC3)C2)CC1
C1CCC(C2CCC(C3CC4CCCCC4C3)CC2C2CCCC2)CC1
C1CCC(CCC2CCC(CCC3CCCCC3)CC2)CC1
C1CCC(C2CCCCC2CC2CCCCC2CC2CC3CCCCC3C2)CC1
C1CCC(CC2CCCCC2C2CCCCC2)CC1
C1CCC(CC2CCC(CCC3CCC(CC4CCCCC4)CC3)CC2)CC1
C1CCC(CCCCC2CCC(C3CCC(CCC4CCCCC4)CC3)CC2)CC1
C1CCC(C2CCCCC2C2CCCCC2)CC1
C1CCC(CCC2CCC(CCC3CC4CCCCC4C3)CC2)CC1
C1CC(CC2CC3CCCCC3C2)CC(CC2CC(C3CCC(CC4CC5CCCCC5C4)CC3)C3CCCCC23)C1
C1CCC(CC2CCCC(CCCC3CCCCC3C3CCCCC3)C2)CC1
C1CCC(C2CC(C3CCCCC3)CC(C(CC3CCC3)C3CCCCC3)C2)CC1
C1CCC(CCCC2CCCC(C3CC(CCC4CC5CCCCC5C4)CC(C4CCCC4)C3)C2)CC1
C1CCC(CCCC2CCC(CC3CCC(CC4CCCCC4)CC3)CC2)CC1
C1CCC(C2CCC(CCC3CC4CCC(C5CCCCC5)CC4C(C4CCCCC4)C3)CC2)CC1
C1CCC(CC2CC(C3CCCCC3C3CCCCC3)C3CCCCC23)CC1
C1CCC(CCC2CCC(CC3CCC(C4CCCCC4)CC3)CC2C2CCCC2)CC1
C1CCC(CC2CCC(C3CCC(C4CCC4)CC3)C(C3CCCCC3)C2)CC1
C1CCC(C2CCC(CC3CCC(CCCC4CC4)CC3)CC2)CC1
C1CCC(CCC2CCCC(CC3CCCCC3)C2)CC1
C1CCC(CCC2CCC(C3CCCCC3C3CCCCC3)CC2)CC1
C1CCC(C2CCCC(C3CCCCC3)C2)CC1
C1CCC(CC2CCCC(C3CCCCC3)C2)CC1
C1CCC(CC2CCCC(C3CC4CCCCC4C3)C2)CC1
C1CCC(C2CCC(C3CCCCC3)CC2)CC1
C1CCC(C2CCCCC2C2CCCC(CC3CC4CCCCC4C3)C2)CC1
C1CCC(CC2CCC(C3CCCC(CC4CCCCC4)C3)CC2)CC1
C1CCC(C2CCCC(C3CCCCC3)C2)CC1
C1CCC(CCC2CCC(C3CCCCC3)CC2)CC1
C1CCC(CC2CCC(CCC3CCCC(CC4CCCC4)C3)CC2)CC1
C1CCC(CC2CCC(CCCC3CCC(C4CCCCC4)CC3)CC2)CC1
C1CCC(CC2CCCCC2C2CCC(C3CCCCC3)CC2CC2CC2)CC1
C1CCC(C2CCC(CC3CCCCC3C3CCCCC3)CC2)CC1
C1CCC(CCCC2CCC(CC3CCCCC3)CC2)CC1
C1CCC(C2CCC(C3CCC(CCC4CCCC4)CC3)CC2)CC1
C1CCC(CC2CCCCC2C2CCCCC2)CC1
C1CCC(C2CC(C3CCCCC3)CC(C3CCC(C4CCCC4)CC3)C2)CC1
C1CCC(C2CCCC(C3CCC(C4CCC(CCC5CCC6CCCCC65)CC4)CC3)C2)C1
C1CCC(CCC2CCCCC2C2CCC3CCCC3C2)CC1
C1CCC(CCC2CCCCC2C2CCCCC2C2CCC3CCCC3C2)CC1
C1CCC(CCC2CCC(C3CCCCC3)CC2)CC1
C1CCC(CC2CCC(C3CCCCC3C3CCCCC3)CC2)CC1
C1CCC(CCC2CCC(CC3CCC(CC4CC5CCCCC5C4)CC3)CC2)CC1
C1CCC(CC2CCC(CCC3CCC(CC4CCC(C5CCCCC5)CC4)CC3)CC2)CC1
C1CCC(CCCC2CCCC(CC3CCCCC3)C2)CC1
C1CCC(CCCC2CCC(C3CCCCC3C3CCCCC3)CC2)CC1
C1CCC(CCCCC2CCC(CC3CCCCC3)CC2)CC1
C1CCC(C2CC3CCCCC3C(C3CCCCC3)C2)CC1
C1CCC(C2CCCC(C3CCCCC3CCC3CCC4CCCC4C3)C2)CC1
C1CCC(CC2CC3CCC(C4CCCCC4)CC3C(CC3CCCCC3)C2)CC1
C1CCC(C2CCC(C3CCCC(C4CCCCC4)C3)CC2)CC1
C1CCC(CC2CCC(C3CCC(C4CCC(C5CCC6CCCCC65)CC4)CC3)CC2)C1
C1CCC(CCCC2CC(C3CCCCC3)CC(C3CCCCC3)C2)CC1
C1CCC(CC2CC(C3CCCCC3)CC(C3CC3)C2)CC1
C1CCC(CC2CCC(CC3CCC3)CC2C2CCCCC2)CC1
C1CCC(CCC(C2CCCC(C3CCCCC3)C2)C2CCCCC2CC2CCCCC2)CC1
C1CCC(CC2CCC(CC3CCCC(CC4CCC(C5CCC5)CC4)C3)CC2)CC1
C1CCC(C2CCCC(C3CCCCC3C3CCC4CCCCC4C3)C2)CC1
C1CCC(CCC2CCCC(C3CCC(C4CCCCC4)CC3)C2)CC1
C1CCC(CCCC2CCCC(C3CCCCC3C3CCCC(C4CCCCC4)C3)C2)CC1
C1CCC(CC2CCC(CC3CCC(C4CCCC(C5CCCCC5)C4)CC3)C2)CC1
C1CCC(CC2CCCC(C3CCC(C4CCC5CCCCC5C4)CC3)C2)CC1
C1CCC(CCCCCC2CCC(CC3CC4CCCCC4C3)CC2)CC1
C1CCC(CC2CC(C3CCCCC3)CC(C3CCCCC3)C2)CC1
C1CCC(CCC2CCC(C3CCCCC3)CC2)CC1
C1CCC(C2CCCC(C3CCCCC3)C2)CC1
C1CCC(C2CCCC(CC(C3CCCCC3)C3CCCC(C4CCCCC4)C3)C2)CC1
C1CCC(CCC2CCC(C3CCC(C4CCCC(C5CCCCC5)C4)CC3)CC2)CC1
C1CCC(CCCC2CCCC(C3CCCCC3)C2)CC1
C1CCC(C2CC(C3CCCCC3)CC(C3CCCC3C3CCCCC3)C2)CC1
C1CCC(C2CCC(CC3CCC(C4CCCCC4)C(C4CCC(C5CCCCC5)CC4)C3)CC2)CC1
C1CCC(CC2CCC(CC3CCC4CCCCC4C3)CC2)CC1
C1CCC(CC2CCCCC2C2CCCCC2)CC1
C1CCC(CC2CCC(C3CCCC(CC4CCCCC4)C3)CC2)CC1
C1CCC(CCC2CCCCC2C2CCCCC2)CC1
C1CCC(C2CCCC(C3CCCCC3CC3CCC4CCCCC4C3)C2)CC1
C1CCC(CC2CCCC(C3CCCCC3)C2)CC1
C1CCC(CC2CC(C3CCCC(C4CCCCC4)C3)C3CCCCC23)CC1
C1CCC(CCCC2CCC(C3CCC(C4CCC(C5CCCC5)CC4)CC3)CC2)CC1
C1CCC(C2CCC(C3CCCCC3)CC2)CC1
C1CCC(CCC2CCC(C3CCC4C(CC5CCCCC5)CCC4C3)CC2)CC1
C1CCC(CCC2CCC(C3CCCCC3)CC2)CC1
C1CCC(CCCC2CCC(CC3CCCCC3)CC2)CC1
C1CCC(CCC2CCC(CC3CCCCC3)CC2)CC1
C1CCC(CC2CCCC(C3CCC(CC4CCCC4)CC3)C2)CC1
C1CCC(C2CCCC(C3CCCCC3C3CCCC3)C2)CC1
C1CCC(CC2CCCCC2CC2CCCCC2)CC1
C1CCC(CC2CCCC(C3CCCCC3)C2)CC1
C1CCC(CC2CCC(C3CC(CC4CCCCC4)C4CCCCC43)CC2)CC1
C1CCC(CCCC2CCC(C3CCCCC3C3CCCC(CC4CCC4)C3)CC2)CC1
C1CCC(C2CCCC(C3CCCC(C(C4CCCCC4)C4CCCCC4)C3)C2)CC1
C1CCC(CCC2CCCCC2C2CCCC(C3CCCCC3)C2)CC1
C1CCC(CC2CCC(CC3CCCC3)CC2)CC1
C1CCC(C2CCC(C3CCCC3C3CCCCC3)CC2)CC1
C1CCC(C2CCCC(CC3CCC4CC(C5CCCCC5)CCC34)C2)CC1
C1CCC(CCCCC2CCCC(CC3CCCCC3)C2)CC1
C1CCC(CCC2CCCC(C3CCCCC3)C2)CC1
C1CCC(CC2CCCC(CCCC3CC4CCCCC4C3)C2)CC1
C1CC2CCC(C3CCCCC3CCC3CCCCC3C3CCCC3)CC2C1
C1CCC2CC(CCC3CCCC(C4CCCCC4C4CCCC4)C3)CC2C1
C1CCC(C2CCC(CCC3CCCC(C4CCCCC4)C3)CC2)CC1
C1CCC(CCCCC2CCC(CC3CCC(CCCC4CCCCC4)CC3)CC2)CC1
C1CCC(C2CCC(CC3CCCCC3C3CCCC3)CC2)CC1
C1CCC(C2CCCC(CCC3CCCC(C4CCCCC4)C3)C2)CC1
C1CCC(CC2CCC(C3CC(CC4CCCCC4)C4CCCCC43)CC2)CC1
C1CCC(CCC2CCC(C3CCCCC3)CC2)CC1
C1CCC2CC(CCCC3CCCCC3C3CC(C4CCC4)C4CCCCC43)CC2C1
C1CC(C2CCC(C3CCC(CC4CCCCC4C4CCCC4)CC3)CC2)C1
C1CCC(CCCC2CCC(CC3CCCC(C(C4CCCCC4)C4CC4)C3)CC2)CC1
C1CCC(CC2CCCC(C3CCCC(C4CCCC4)C3)C2)CC1
C1CCC(CC2CCC(C3CC(CC4CCCCC4)C4CCCCC43)CC2)CC1
C1CCC(CC2CCC(CC3CCC(C4CCC(CC5CCCCC5)CC4)CC3)CC2)CC1
C1CCC(CCCCC2CCC(CC3CCC(CC4CCCCC4)CC3)CC2)CC1
C1CCC(CCCC2CCC(C3CCC(C4CCCC4)CC3)CC2)CC1
C1CCC(CCCC2CCC(C3CCC(C4CCCCC4)C(C4CCCC4)C3)CC2)CC1
C1CCC(CC2CCC(CCCC3CCC(C4CCCCC4)CC3)CC2)CC1
C1CCC(C2CCCC(C3CCC(CC4CC4)CC3)C2)CC1
C1CCC(CCC2CCCCC2)CC1
C1CCC(CC2CCCC(C3CCCC(CC4CCCCC4)C3)C2)CC1
C1CCC(CC2CCC(CCC(C3CCCCC3)C3CCCCC3)CC2CC2CCCC2)CC1
C1CCC(C2CCCC(C3CCCCC3)C2)CC1
C1CCC(C2CCC(C3CCC(C4CCCCC4)CC3)CC2)CC1
C1CCC(C2CCCC(C3CC(CC4CCCC4)CC(C4CCCCC4)C3)C2)CC1
C1CCC(CC2CCCC(CC3CCCC(CCC4CCCC4)C3)C2)CC1
C1CCC(C2CCC(C3CCCC(C4CCCCC4)C3)CC2)CC1
C1CCC(C2CCCC(CCC3CC(C4CCCCC4)C4CCCCC34)C2)CC1
C1CCC(C2CCC(C3CCCC3)CC2C2CCCCC2)CC1
C1CCC(CC2CCCC(CC3CCCC(C4CCC5CCCC5C4)C3)C2)CC1
C1CCC(C2CCC(CC3CCCC(C4CCCCC4)C3)CC2)CC1
C1CCC(CCCC2CC(CC3CCCCC3)CCC2CC2CCCCC2)CC1
C1CCC(C2CCCC(C3CCCC(C4CCCCC4)C3)C2)CC1
C1CCC(C2CCC(C3CCCC3)CC2C2CCCCC2)CC1
C1CCC(C2CCCC(C3CCCCC3C3CCCCC3)C2)CC1
C1CCC(C2CCCC(CCC3CCC(C4CCCCC4C4CC5CCCCC5C4)CC3)C2)C1
C1CCC(CCCC2CCCC(C3CCC(C4CCC4)CC3)C2)CC1
C1CCC(CCCC2CCC(CC3CC4CCCCC4C3)CC2)CC1
C1CCC(C2CC(C3CCCC(CC4CCC4)C3)C2)CC1
C1CCC(CCC2CC(CC3CCCCC3)CC(C3CCCC(CC4CCCCC4)C3)C2)CC1
C1CCC(C2CCCC2)CC1
C1CCC(CC2CCCCC2C2CCC(C3CCCCC3)CC2)CC1
C1CCC(CCCC2CCCC(C3CCCC(CCC4CCCCC4)C3)C2)CC1
C1CCC(CC2CCCC(C3CCCCC3CC3CCCCC3)C2)CC1
C1CCC(C2CCCC(CC3CCCC4CC(C5CCCCC5C5CCCCC5)CCC34)C2)CC1
C1CCC(CC2CCCCC2C2CCCCC2C2CCCCC2)CC1
C1CCC(CCCCC2CCCCC2)CC1
C1CCC(CC2CCCC2C2CCCCC2C2CCCCC2)CC1
C(CCCC1CCCCC1C1CCCCC1CC1CCCCC1)CCC1CCCCC1
C1CCC(CC2CCC(CC3CCC(C4CCCCC4)CC3)CC2)CC1
C1CCC(CC2CCC(CC3CCCC(CC4CC(C5CCCCC5)C5CCCCC45)C3)CC2)CC1
C1CCC(CCCC2CCC(CCC3CCC(C4CCCCC4)CC3)CC2)CC1
C1CCC(C2CCCC(CC3CCCC(C4CC4)C3)C2)CC1
C1CCC(CC2CCCC(CC3CCCCC3C3CCCC3)C2)CC1
C1CCC(C2CCC3CCC(C4CCCC(CC5CCC5)C4)CC3C2)CC1
C1CCC(C2CCCCC2C2CCC3CCCCC3C2)CC1
C1CCC(CCC2CCC(CCC3CCCCC3)C(C3CCCCC3)C2)CC1
C1CCC(C2CCC(CCC3CCC(C4CC(CC5CCCC5)CCC4CCC4CCCC4)CC3)CC2)CC1
C1CCC(CC2CCCC(C3CCCC(C4CCCCC4)C3)C2)CC1
C1CCC(C2CCC(C3CCC(C4CCCC(CC5CC6CCCCC6C5)C4)CC3)CC2)CC1
C1CCC(C2CCC(C3CCC(C4CCCCC4)CC3)CC2)CC1
C1CCC(C2CCCC(C3CCC4CCCCC4C3)C2)CC1
C1CCC(CCCCC2CC(C3CCCCC3)C3CCCCC23)CC1
C1CC2CCC(CC3CCC(CC4CCC(C5CCC6CCCC6C5)CC4)CC3)CC2C1
C1CCC(CCC2CCCCC2C2CCCCC2)CC1
C1CCC(CCC2CCCC(C3CCC4CCC(CC5CCCCC5)CC43)C2)CC1
C1CCC(CC2CCCCC2C2CCC(CC3CCCCC3)C2CC2CCCCC2)CC1
C1CCC(C2CC(CC3CC3)CC(C3CCCC(CCC4CC5CCCCC5C4)C3)C2)CC1
C1CCC(CC2CCCC(CC3CCC(C4CCCC4)CC3)C2)CC1
C1CCC(CC2CCC(C3CCCC4CC(C5CCCCC5)CCC43)C(C3CCCC3)C2)CC1
C1CCC(C2CCCCC2C2CCCCC2C2CCCCC2)CC1
C1CCC(CC2CCC(C3CCCCC3)CC2)CC1
C1CCC(CC2CCC(CC3CCCC4CCCCC43)CC2)CC1
C1CCC(C2CCCC(CC3CCCCC3C3CCCCC3C3CCCC3)C2)C1
C1CCC(C2CCCC(C3CCCCC3)C2)CC1
C1CCC(CCC2CCC(CC3CCC4C(CC5CCCCC5)CCC4C3)CC2)CC1
C1CCC(CCCC2CCCCC2)CC1
C1CCC(CC2CCC(C3CCC(C4CCCCC4C4CCCCC4)CC3)CC2)CC1
C1CCC(CCC2CCC(C3CCC(C4CCCC4)CC3)CC2)CC1
C1CCC(C2CCCC(CCCCC3CCC(C4CC5CCCCC5C4)CC3)C2)CC1
C1CCC(CCC2CCCC(CC3CC(C4CCC5CCCCC5C4)C4CCCCC34)C2)C1
C1CCC(C2CCCC3CCC(C4CC4)CC32)CC1
C1CCC(C2CCCC(C3CCC(C4CCC(CC5CCCCC5C5CCCC5)CC4)CC3)C2)C1
C1CCC(CCCC2CCCCC2)CC1
C1CCC(CCC2CCCCC2C2CCCCC2)CC1
C1CCC(CC2CCC(C3CCCC3)C(C3CCC4CCCC4C3)C2)C1
C1CCC(CC2CCC(C3CCCCC3)CC2)CC1
C1CCC(CC2CCCCC2CC2CCCCC2)CC1
C1CCC(CCC2CCC(CC3CCCCC3)CC2)CC1
C1CCC(CCC2CCCCC2CC2CCCCC2)CC1
C1CCC(CC2CC(CC3CCCC(CC4CCC5CCCCC5C4)C3)C3CCCCC23)CC1
C1CCC(CCC2CCCC(CC3CCCCC3C3CCCC(C4CC4)C3)C2)CC1
C1CCC(CC2CCC(C3CCCC(C4CCCCC4)C3)CC2)CC1
C1CCC(CC2CCC(CCC3CCCC3)CC2)CC1
C1CCC(C2CCCC(C3CCCC(C4CCCC(CCC5CC5)C4)C3)C2)CC1
C1CCC(C2CCCCC2C2CCC3C(CCC3C3CCCC3)C2)CC1
C1CCC(CC2CCC(C3CCCCC3)CC2C2CCCCC2)CC1
C1CCC(CC2CCC(C3CCC(CC4CCCCC4)CC3)CC2)CC1
C1CCC(CC2CCC3C(CC4CCCCC4)CC(C4CCC(C5CCC5)CC4)C3C2)CC1
C1CCC(CCC2CCCC(C3CCCCC3)C2)CC1
C1CCC(CCC2CCC(CC3CCCCC3)CC2)CC1
C1CCC(CCC2CCC(C3CCCC(C4CCCCC4)C3)CC2)CC1
C1CCC(CCC2CCC(CC3CCCCC3)CC2)CC1
C1CCC(CCC2CC3CCCC3CC2C2CCCC2)CC1
C1CCC(C2CCCC(C3CCCCC3C3CCCCC3)C2)CC1
C1CCC(CCCC2CCC(CC3CCC(CC4CCCCC4)CC3)CC2)CC1
C1CCC(CC2CCC(CCC3CCCC(C4CCCCC4)C3)CC2)CC1
C1CCC(C2CCCC(C3CCCC(C4CCCC4)C3)C2)CC1
C1CCC(CCC2CCC(CCC3CCCC(C4CCCCC4CC4CCCCC4)C3)CC2)CC1
C1CCC(CCC(C2CC2)C2CCCCC2C2CCCC(CC3CCCCC3)C2)CC1
C1CCC(CC2CCC(CCC3CCCC(C4CCCC4)C3)CC2)CC1
C1CCC(C2CCC(CC3CCCC(C4CCC5CCCCC5C4)C3)CC2)CC1
C1CCC(CCCCCC2CCC(C3CCCC(C4CCC4)C3)CC2)CC1
C1CCC2CC(C3CCC(C4CCC5CCCC5C4)CC3)CCC2C1
C1CCC(CC2CCCCC2CCC2CCC(C3CCCCC3)C2)CC1
C1CCC(C2CCCCC2)CC1
C1CCC(C2CCC(CC3CCC(CCCC4CCCCC4C4CCCC4)CC3)CC2)CC1
C1CCC(CCCC2CC(C3CCCC4CCCCC43)CCC2C2CCC(CC3CC3)CC2)CC1
C1CCC(CCCCC2CCC(CC3CCCCC3)CC2)CC1
C1CCC(C2CCC(C3CCCCC3)C(CC3CCCC3)C2)CC1
C1CCC(CC2CCCCC2C2CCCCC2)CC1
C1CCC(CCCCC2CCC(CC3CCCC(C4CCCCC4)C3)CC2)CC1
C1CCC(CC2CCC(CCCC3CCC(C4CCC5CCCCC5C4)CC3)CC2)CC1
C1CCC(C2CCC(CCC3CCCC(C4CCCCC4)C3)CC2)CC1
C1CCC(CC2CCCC(CC3CCC(CC4CCC5CCCCC54)CC3)C2)CC1
C1CCC(CC2CC(CC3CCC(C4CCCCC4)CC3)C3CCCCC23)CC1
C1CCC(C2CCC(CCCC3CCCCC3C3CCCCC3)C(C3CCCCC3)C2)CC1
C1CCC(C2CCCCC2C2CCCCC2)CC1
C1CCC2CC(C3CCC(CC4CCC5CCCC5C4)CC3C3CCC4CCCC4C3)CCC2C1
C1CCC(CC2CCC(C3CCC(CCC4CC5CCCCC5C4)CC3)CC2)CC1
C1CCC(CCCC2CC(CC3CCCCC3)C3CCCCC23)CC1
C1CCC(CC(C2CC2)C2CCCC(CC3CCC(CCC4CC4)CC3)C2)CC1
C1CCC(C2CCCC(C3CCCC(C4CCCCC4)C3)C2)CC1
C1CCC(CCCC2CC(CC3CCCCC3)CCC2C2CCCCC2)CC1
C1CCC2CC(C3CCC(C4CCCCC4C4CCCC4)CC3)CCC2C1
C1CCC(CC2CCC(C3CCCC(C4CCCCC4)C3)CC2)CC1
C1CCC(C2CCCC(C3CCCC(CC4CCCCC4C4CCCCC4)C3)C2)CC1
C1CCC(CC2CCC(C3CCCC(CC4CCCCC4)C3)CC2)CC1
C1CCC(CC2CCC(CCC3CCC(CCCC4CC5CCCCC5C4)C(C4CCCC4)C3)CC2)CC1
C1CCC(C2CC3CCC(C4CCCCC4)CC3C(C3CCCCC3)C2)CC1
C1CCC(C2CCC(C3CCCC(C4CCCCC4)C3)CC2)CC1
C1CCC(CC2CCC(CC3CCCCC3)CC2)CC1
C1CCC(C2CCCC(C3CCCCC3)C2)CC1
C1CCC(CCC2CCC(CC3CCC(C4CCCCC4)C(C4CCCCC4)C3)CC2)CC1
C1CCC(C2CCCC(C3CCCC(C4CCCC4)C3)C2)CC1
C1CCC(CCCC2CCC(C3CCCCC3C3CCCCC3C3CCCC3)CC2)CC1
C1CCC(C2CCCC(C3CCCCC3C3CCCCC3)C2)CC1
C1CCC(CCC2CCCC(C3CCC(C4CCCCC4)CC3)C2)CC1
C1CCC(CCCC2CCC(CC3CCCCC3)CC2)CC1
C1CCC(C2CCCCC2)CC1
C1CCC(C2CCCC(C3CCCCC3C3CCCC(C4CCCCC4)C3)C2)CC1
C1CCC(C2CCCC(C3CC(C4CCCCC4)C4CCCCC34)C2)CC1
C1CCC(CC2CC(CC3CCCCC3C3CCC(CC4CC5CCCCC5C4)CC3)C3CCCCC23)C1
C1CCC(C2CCCC(C3CCCC(C4CCCCC4C4CCCC4)C3)C2)CC1
C1CCC(CC2CC(C3CCCC(CC4CC5CCCCC5C4)C3)C3CCCCC23)CC1
C1CCC(CC2CCC(CC3CCC(C4CCCCC4)CC3)CC2)CC1
C1CCC(CCCC2CCCC(CC3CC(C4CCCC4)C4CCC(C5CCC5)CC34)C2)CC1
C1CCC(CCC2CCCC(C3CCCCC3)C2)CC1
C1CCC(C2CCCC(CCC3CC(C4CCCCC4)CCC3C3CCCCC3)C2)CC1
C1CCC(C2CCCC(CCCC3CCC3)C2)CC1
C1CCC(C2CCC(CC3CCCC(C4CCCC4)C3)CC2C2CCCC2)CC1
C1CCC(CC2CCC(C3CCC(C4CCC5CCCCC5C4)CC3)C2)CC1
C1CCC(CCC2CCC(CC3CCCCC3)CC2)CC1
C1CCC(CCC2CCC3C(CCCC3C3CCC(CC4CCCCC4)CC3)C2)CC1
C1CCC(CC2CCC(CCC3CCCC(CC4CCCCC4)C3)CC2)CC1
C1CCC(CC2CCC(C3CCCCC3)CC2)CC1
C1CCC(CCC2CCC(CCCC3CCC4CCCCC4C3)CC2)CC1
C1CCC(CCCCCC2CCC(CC3CCCCC3)CC2)CC1
C1CCC(CC2CCC(C3CCCCC3)CC2)CC1
C1CCC(CCC2CCCC(C3CCCC(CC4CCCCC4)C3)C2)CC1
C1CCC(CC2CCCCC2C2CCCCC2)CC1
C1CCC(CCCCC2CCC(CCC3CCCCC3)CC2)CC1
C1CCC(CCC2CCCC(CCCCCC3CCCCC3C3CCCCC3)C2)CC1
C1CCC(CC2CCCC(CCCC3CCCC(C4CCCCC4)C3)C2)CC1
C1CCC(CC2CCCCC2CCC2CC3CCCCC3C2)CC1
C1CCC(CC2CCC(C3CC(CC4CCC(C5CCCC5)CC4)C4CCCCC43)CC2)CC1
C1CCC(C2CCCC(C3CCCC(C4CCC(C5CCCC5)CC4)C3)C2)CC1
C1CCC(CCC2CC(C3CCCCC3)C3CCC(CC4CCCCC4)CC23)CC1
C1CCC(CC2CCC(C3CCCCC3)CC2C2CCCCC2)CC1
C1CCC(CC2CCC3CC(C4CCC5CCCCC54)CC(CC4CCCCC4)C3C2)CC1
C1CCC(C2CCC(CCCC3CCC4CCCCC4C3)C(C3CCCCC3)C2)CC1
C1CCC(CC2CCCCC2C2CCCC(C3CCCCC3)C2)CC1
C1CCC(CC2CCC(CCCC3CCC(CC4CC4)C(CC4CCCCC4)C3)CC2)CC1
C1CCC(C2CCCCC2CC2CCC(CC3CC3)CC2)CC1
C1CCC(CC2CCC(CCC3CCC(CC4CCC(CCC5CCCC5)CC4)CC3)CC2)CC1
C1CCC(CCC2CCC(C3CCCCC3C3CCCC3)C(C3CCCCC3)C2)CC1
C1CCC(CCCCC2CCCC(CCC3CCCCC3)C2)CC1
C1CCC(CCC2CCC(CC3CCCC(C4CCCCC4)C3)CC2)CC1
C1CCC(CC2CCC(C3CC(C4CCCCC4)C4CCCCC34)CC2)CC1
C1CCC(CCC2CCC(CC3CCCC(C4CCC(CCC5CCCCC5)CC4)C3)CC2)CC1
C1CCC(C2CCC(CC3CCC(C4CCCCC4)CC3)CC2)CC1
C1CCC(CCCC2CCC(CC3(CC4CCCCC4)CC3)CC2)CC1
C1CCC(CCCC2CCCC(C3CC(C4CCCCC4)CC(C4CCC4)C3)C2)CC1
C1CCC(C2CCCC(CC3CCCCC3C3CCC(C4CCCC4C4CCCCC4)CC3)C2)CC1
C1CCC(CC2CCC(C3CCC4CCCCC43)CC2)CC1
C1CCC(CCCCC2CCC(C3CCCCC3)CC2)CC1
C1CCC(C2CCC(CCC3CCCC4CCCCC43)CC2)CC1
C1CCC(CC2CCC(CC3CCCCC3)CC2)CC1
C1CCC(CC2CCC3C(CC4CCCCC4)CCC3C2)CC1
C1CCC(CC2CCCC(C3CCC(C4CCCC4)CC3)C2)CC1
C1CCC(CC2CCC(CCC3CCC(C4CCC(CC5CCCCC5)CC4)CC3)CC2)CC1
C1CCC(CCCCC2CCC(CC3CCCCC3)CC2)CC1
C1CCC(C2CC(C3CCCCC3)CC(C3CCC3)C2)CC1
C1CCC(CCCC2CCC(C3CCC(CC4CCCCC4)CC3)CC2)CC1
C1CCC(CCCC2CCCCC2C2CCC(C3CCCCC3)C2)CC1
C1CCC(C2CCCC(C3CCC(C4CCCCC4)CC3C3CCCCC3)C2)CC1
C1CCC(C2CC(C3CCCC3)CC(C3CCCC3C3CCCCC3)C2)CC1
C1CCC(CCC2CCC(C3CCCCC3)CC2)CC1
C1CCC(C2CCCC3CCCCC32)CC1
C1CCC2CC(C3CCC(C4CCC(CC5CCC(C6CC6)CC5)CC4)CC3)CC2C1
C1CCC(CC2CCCC(CCC3CC(C4CCCC4)C4CC(CC5CCCCC5)CCC34)C2)CC1
C1CCC(CC2CCCCC2)CC1
C1CCC(CC2CC(C3CCCC3)C3CCC4CCCCC4C3C2)CC1
C1CCC(CCC2CCC(C3CCC4CCCCC43)CC2)CC1
C1CCC(CC2CC(C3CCC(C4CCCCC4)CC3)C3CCCCC23)CC1
C1CCC(CCCC2CCCC(C3CCCCC3C3CCCCC3)C2)CC1
C1CCC(CCC2CCCC(CC3CCCCC3)C2)CC1
C1CCC(CCC2CCC(C3CCC3)CC2)CC1
C1CCC(C2CCC3CCCC(C4CCCCC4)C3C2)CC1
C1CCC(C2CC3CCC(C4CCCCC4)CC3C(C3CCCCC3)C2)CC1
C1CCC(CC2CCC(CC3CCC(C4CCCC4)CC3)CC2)CC1
C1CCC(CC2CCCCC2C2CCCCC2)CC1
C1CCC(CC2CCCCC2C2CCCCC2C2CCCCC2)CC1
C1CCC(CC(C2CCCCC2)C2CCC(C3CCCC(C4CCCCC4)C3)CC2)CC1
C(CCC1CCC(CC2CCCCC2)CC1)CCC1CCC(C2CCCCC2)CC1
C1CCC(CCC2CCCCC2C2CCCCC2)CC1
C1CCC(C2CCCCC2)CC1
C1CCC(C2CCC(C3CCCC(C4CCCC(C5CCCCC5)C4)C3)CC2)CC1
C1CCC(C2CCC(C3CCC4CCCCC43)CC2)CC1
C1CCC(C2CCC(C3CCCCC3)C(C3CCC4CCCC4C3)C2)CC1
C1CCC(C2CCC3CCCCC32)CC1
C1CCC(C2CCC(C3CCC(C4CCCC4)CC3)CC2)CC1
C1CCC(CCC2CCC(CC3CCCCC3)CC2)CC1
C1CCC(CCC2CCC(C3CCC(C4CCCCC4)CC3)CC2)CC1
C1CCC(CCC2CCC(CC3CCCCC3)CC2)CC1
C1CCC(CC2CCC(C3CCCCC3C3CCCCC3)CC2)CC1
C1CCC(CCCCC2CCC(CC3CCC(C4CCCCC4)CC3)CC2)CC1
C1CCC(C2CCC(CC3CCCC(CC4CCC(C5CCCCC5)C4)C3)CC2)CC1
C1CCC(C2CCCC(C3CCCC(C4CCCC(C5CCCCC5)C4)C3)C2)CC1
C1CCC(C2CCCCC2C2CCC3C(CCC3C3CCCC3)C2)CC1
C1CCC(CCC2CC(CC3CCCC(C4CCCC(CC5CCCCC5)C4)C3)C3CCCCC23)CC1
C1CCC(CCC2CCC(CCCCCC3CC3)C(C3CCC4CCCCC43)C2)CC1
C1CCC(CCC2CCCC(C3CCCCC3)C2)CC1
C1CCC(CC2CCC(CCC3CCC(CC4CCCCC4)CC3)CC2)CC1
C1CCC(CCC2CCC(CC3CCCCC3)CC2CC2CCC2)CC1
C1CCC(C2CCCC(CC3CCC(C4CCCCC4)C3)C2)CC1
C1CCC(C2CCCC(CCC3CCCC(CC4CC5CCCCC5C4)C3)C2)CC1
C1CCC(C2CCCC(CC3CCCC(C4CCCC(C5CCCCC5)C4)C3)C2)CC1
C1CCC(CC2CCC(C3CCCCC3)C(CC3CCC(C4CCCC(C5CCC5)C4)CC3)C2)CC1
C1CCC(C2CCC(CC3CCCC(CC4CCCCC4C4CCCCC4)C3)CC2)CC1
C1CCC(CC2CCC(CC3CCCC(C4CCC5CCCCC54)C3)CC2)CC1
C1CCC(CC2CCCC(CCC3CCCC(C4CCCC(C5CCCCC5)C4)C3)C2)CC1
C1CCC(C2CCCCC2C2CCCCC2)CC1
C1CCC(CC2CCCC(CC3CCCCC3)C2)CC1
C1CCC(C2CCCC(CC3CCC(CC4CCC4)CC3)C2)CC1
C1CCC(CC2CCC(CCC3CCC(C4CCCCC4C4CCCCC4)CC3)CC2)CC1
C1CCC(CC2CCC(C3CCCCC3)CC2)CC1
C1CCC(CC2CCC(C3CCCC4CC(C5CCCCC5)CCC43)CC2)CC1
C1CCC(CCC2CCC(CC3CCCCC3)CC2)CC1
C1CCC(CC2CCCC(CC3CCCCC3)C2)CC1
C1CCC(CCC2CCC(CC3CCCCC3)CC2)CC1
C1CCC(CC2CCCC(C3CCCCC3)C2)CC1
C1CCC(C2CCC(CC3CCC4CCCC4C3)CC2)CC1
C1CCC(C2CCCCC2CCC2CCCC(CC3CC4CCCCC4C3)C2)CC1
C1CCC(CC2CCC(CC3CCCCC3CC3CC4CCCCC4C3)CC2)CC1
C1CCC(CC2CCC(C(CC3CCCCC3C3CCC(C4CCCCC4)CC3)C3CCCCC3)CC2)CC1
C1CCC(CC2CCC(CCCCCC3CC4CCCCC4C3)CC2)CC1
C1CCC(CCC2CCCC(C3CCCCC3)C2)CC1
C1CCC(CC2CCCCC2C2CCCCC2)CC1
C1CCC(CCCCC2CCC(C3CCCCC3)C(C3CCCCC3)C2)CC1
C1CCC(CCC2CCCC(CC3CCCC(C4CCCCC4)C3)C2)CC1
C1CCC(C2CCC(CCC3CCCC(C4CCC(CC5CCC5)CC4)C3)CC2)CC1
C1CCC(CCCCC2CCC(CCC3CCC(CC4CCCCC4)CC3)CC2)CC1
C1CCC(C2CCCC(C3CC(C4CCCCC4)C(C4CCCCC4)C4CCCC34)C2)CC1
C1CCC(CC2CC(C3CCCCC3C3CCCC3)C3CCCCC23)CC1
C1CCC(CC2CCC(C3CCCCC3)CC2)CC1
C1CCC(CC2CCC(C3CCCC4CCCCC43)CC2)CC1
C1CCC(CC2CCC(C3CCCCC3)CC2)CC1
C1CCC(CCCC2CCCC(CC3CCCC(CC4CCCCC4)C3)C2)CC1
C1CCC(C2CC3CCC(C4CCCCC4)CC3C(C3CCCCC3)C2)CC1
C1CCC(CC2CCC(C3CCCCC3)CC2)CC1
C1CCC(CCCC2CCCCC2C2CCC(CC3CCCCC3)CC2)CC1
C1CCC(CCC2CCCC(C3CCCCC3)C2)CC1
C1CCC(CC2CC(C3CCCC(C4CCCCC4)C3)C3CCCCC23)CC1
C1CCC(CC2CCC(C3CC(CC4CCCCC4)C4CCCCC43)CC2)CC1
C1CCC(CC2CCCC(CCCC3CCC(C4CCCCC4)CC3)C2)CC1
C1CCC(C2CCCC(CC3CC4CCCCC4C3)C2)CC1
C1CCC(CCC2CCC(CC3CCCCC3)CC2)CC1
C1CCC(CCCCC2CCCC(CC3CCC(CC4CCCCC4)CC3)C2)CC1
C1CCC(CCCC2CCCC(C3CCCCC3)C2)CC1
C1CCC(CCC(C2CCC(CC3CCCCC3)CC2)C2CCC(C3CC3)CC2)CC1
C1CCC(CCC2CC(CC3CCCCC3)CCC2C2CCCCC2)CC1
C1CCC(CC2CCC3CC(C4CCCCC4)CCC3C2)CC1
C1CCC(CCC2CCCC(CCCCC3CCC(CC4CCCCC4)CC3)C2)CC1
C1CCC(CCCC2CCC(C3CCCCC3)CC2)CC1
C1CCC(C2CCC(C3CCCC4CCCCC43)CC2)CC1
C1CCC(CC2CCC(C3CCCC(CC4CC4)C3)CC2)CC1
C1CCC(CC2CCC(C3CCCC(C4CCCCC4)C3)CC2)CC1
C1CCC(CC2CCCC(CC(C3CCCCC3)C3CCCCC3)C2)CC1
C1CCC(CCCCC2CCC(C3CCC4CCCCC4C3)CC2)CC1
C1CCC(CC2CCC(C3CCCCC3C3CCCC(C4CCCCC4)C3)CC2)CC1
C1CCC(C2CCC(CCC3CCC(CC4CCC(C5CCCC5)C4)CC3)CC2)CC1
C1CCC(C2CCC(C3CCCCC3)C(C3CCC(C4CCCC4)CC3)C2)CC1
C1CCC(CCC2CCCCC2)CC1
C1CCC(C2CCCC(CC3CCCC(C4CCC5CCCCC54)C3)C2)CC1
C1CCC(C2CCCCC2C2CCCCC2)CC1
C(CC1CCC(C2CCCC2)CC1)CC1CCC2CC(C3CCC4CCCCC43)CCC2C1
C1CCC(C2CCC(C3CCCC(C4CCCCC4)C3)CC2)CC1
C1CCC(CC2CCCC(C3CCCC(C4CC4)C3)C2)CC1
C1CCC(CCCC2CCCCC2)CC1
C1CCC(CCC2CCCC(C3CCCCC3)C2)CC1
C1CCC(CCC2CCC(C3CCCCC3)CC2)CC1
C1CCC(CCC2CCC3CC(C4CCC5CCCCC54)CC(C4CCCCC4)C3C2)CC1
C1CCC(CC2CCC(C(CC3CC3)C3CCCC(C4CCCCC4)C3)CC2)CC1
C1CCC(CCCCCC2CCCC(C3CCCC(CC4CCCC4)C3)C2)CC1
C1CCC(CC2CCCCC2C2CCC3CCCC3C2)CC1
C1CCC(CC2CCCC(CCCC3CCC(C4CCCCC4)CC3)C2)CC1
C1CCC(C2CCC(C3CCC4CCCCC43)CC2)CC1
C1CCC(CCC2CCCC(C3CCCCC3)C2)CC1
C1CCC(C2CCCC(C3CCCC(C4CCCCC4)C3)C2)CC1
C1CCC(C2CCC(CC3CCC(CC4CCCCC4C4CCCC4)CC3)CC2)CC1
C1CCC(CC2CCCCC2C2CCCCC2)CC1
C1CCC(C2CC(C3CCC4CCCC4C3)CC3CCCCC32)CC1
C1CCC(CC2CCC3CC(C4CCC(C5CCCC(C6CCCCC6)C5)CC4)CCC23)CC1
C1CCC(CC2CCCC(C3CCC4CCCCC43)C2)CC1
C1CCC(CC2CCC(C3CCCC(C4CCCCC4)C3)CC2)CC1
C1CCC(C2CCC3C(CCC3C3CCCC3)C2)CC1
C1CCC(C2CC(C3CCCCC3)CC(C3CCCC3)C2)CC1
C1CCC(CCC2CCCC(CC3CCCCC3)C2)CC1
C1CCC(CC2CCC(CCCC3CCC(C4CCCCC4)CC3)CC2)CC1
C1CCC(C2CCC(C3CC3)CC2C2CCCCC2)CC1
C1CCC(CCC2CCCC(CC3CCC(C4CCCCC4)CC3)C2)CC1
C1CCC(CC2CCCCC2CCC2CCC(C3CCCC(C4CCCCC4)C3)CC2)CC1
C1CCC(C2CCCC(C3CCCCC3)C2)CC1
C1CCC(C2CCCC(C3CCCC3CC3CCC(C4CCC4)CC3)C2)CC1
C1CCC(C2CCC(C3CCCCC3CC3CC(CC4CCC5CCCC5C4)C4CCCCC34)CC2)CC1
C1CCC(CC2CCCC(C3CCCCC3)C2)CC1
C1CCC(C2CCCCC2C2CCCCC2C2CCC3CCCCC3C2)CC1
C1CCC(CC2CCCC(CC3CCC(C4CCCC4)CC3)C2)CC1
C1CCC(C(CC2CC(C3CCCCC3)C3CCCCC23)C2CCCCC2)CC1
C1CCC(C2CCC(CC3CCC(CCCCC4CCCC(C5CCCCC5)C4)CC3)CC2)CC1
C1CCC(CC2CCCC(C3CCCC3)C2)CC1
C1CCC(CCC2CCCC(C3CCCCC3C3CCCCC3C3CCCC3)C2)CC1
C1CCC(CCC2CCCC(CC3CCCCC3)C2)CC1
C1CCC(C2CCC(CC3CCCCC3C3CCCCC3)CC2)CC1
C1CCC(CCC2CCC3C(CCC3C3CCCCC3)C2)CC1
C1CCC(C2CCCCC2C2CCCCC2)CC1
C1CCC(CCCC2CCC(CCC3CCCC(CC4CCCCC4)C3)CC2)CC1
C1CCC(CC2CCCC(C3CCC(CC4CCCC4)CC3)C2)CC1
C1CCC(CC2CCC(CC3CCCCC3)CC2)CC1
C1CCC(C2CCCCC2C2CCCCC2C2CCCCC2C2CCCC2)C1
C1CCC(C2CCC(C3CCCCC3)C(C3CCCC3)C2)CC1
C1CCC2C(C1)CCC2C1CCCCC1C1CCCC(C2CC2)C1
C1CCC(CC2CC(CCCC3CCC(C4CCCCC4)C3)C3CCCCC23)CC1
C1CCC(C2CCC(C3CCCCC3C3CCCC(C4CCCCC4)C3)CC2)CC1
C1CCC(C2CCCC(C3CCC(C4CCC5CCCCC5C4)CC3)C2)CC1
C1CCC(CC2CCC(CC3CCCCC3)CC2)CC1
C1CCC(CCCCC2CCCC(C3CCC(C4CCC4)CC3)C2)CC1
C1CCC(C2CCC(CCC3CCC(CC4CC5CCCCC5C4)CC3)CC2)CC1
C1CCC(CCCCCC2CCCC(C3CCCCC3)C2)CC1
C1CCC2CC(C3CCC(C4CCCCC4C4CCC5CCCC5C4)CC3)CCC2C1
C1CCC(C2CCCC(CCC3CCCCC3CC3CCC3)C2)CC1
C1CCC(C2CCCC3CC(C4CCCCC4CC4CC5CCCCC5C4)CCC32)CC1
C1CCC(CC2CC(C3CCCCC3)C3CCCCC23)CC1
C1CCC(CC2CCC(C3CCCC(C4CCC(C5CCCC5)CC4)C3)C2)CC1
C1CCC(CCC2CCC(CC3CCCCC3C3CCC4CCCCC4C3)CC2)CC1
C1CCC(CCCCC2CC(CC3CCCCC3)CC3CCC(C4CCCCC4)CC23)CC1
C1CCC(CC2CC(CCC3CCC(C4CCCC4)CC3)C3CCCCC23)CC1
C1CC(C2CCCC(C3CCC(C4CCC5CCCCC5C4)CC3)C2)C1
C1CCC(C2CCCC3CC(C4CCCC(C5CCCC(CC6CC6)C5)C4)CCC32)CC1
C1CCC(C2CCCC(C3CCCCC3C3CCCCC3)C2)CC1
C1CCC(CC2CCCC(C3CCC(CCCC4CCC(C5CCCCC5)C4)CC3)C2)CC1
C1CCC(CC2CCC(CCCC3CCC4CCCCC4C3)CC2)C1
C1CCC(CC2CCCCC2C2CCCCC2C2CCCC2)CC1
C1CCC(CCC2CCCC3CC(C4CCCCC4)CCC23)CC1
C1CCC(CCCCCC2CCCC(CC3CCCCC3)C2)CC1
C1CCC(CC2CCC(CCC3CC4CCCCC4C3)CC2)CC1
C1CCC(CC2CCCC(C3CCCC(C4CCCCC4)C3)C2)CC1
C1CCC(CC2CC(CCCC3CCCC3)CCC2C2CCC3CCCC3C2)CC1
C1CCC(CCCC2CCC(CC3CCCCC3)CC2)CC1
C1CCC(CC2CC(C3CCCCC3)CC(C3CC4CCCCC4C3)C2)CC1
C1CCC(CC2CCC(CC3CCCCC3)CC2)CC1
C1CCC(CC2CC(C3CCCCC3)C3CCCCC23)CC1
C1CCC(CC2CCC(C3CCCCC3)CC2)CC1
C1CCC(C2CCCC(CCCC3CCC4CC(C5CCCCC5)CCC4C3)C2)CC1
C1CCC(CC2CCCC(C3CCC(CC4CCCCC4)C(CC4CCCC4)C3)C2)CC1
C1CCC(CC2CCCC(C3CCC(CC4CCCCC4C4CCCC(C5CCC6CCCC6C5)C4)C3)C2)CC1
C1CCC2CC(CC3CCC(C4CCCC(C5CCC6CCCC6C5)C4)CC3)CC2C1
C1CCC(CC2CCCCC2C2CCC(CCCCC3CCC(C4CCCC4)CC3)CC2CC2CC2)CC1
C1CCC(C2CCC(CCCCC(CC3CC3)C3CCCC(C4CCCCC4)C3)CC2)CC1
C1CCC(C2CCC(C3CCCCC3)CC2)CC1
C1CCC(CCC2CCCC3CC(C4CCCCC4CC4CCC(CC5CCCCC5)CC4)CCC23)CC1
C1CCC(CCC2CCCCC2C2CCC(C3CCCC3)CC2C2CCC3CCCC3C2)CC1
C1CCC(C2CCCC(CC3CC(C4CCCCC4)CC(C4CC4)C3)C2)CC1
C1CCC(CCC2CCC(C3CCCCC3)CC2)CC1
C1CCC(CCCCC2CCCCC2C2CCCCC2)CC1
C1CCC(CC2CCCC(C3CCCC(C4CCCCC4)C3)C2)CC1
C1CCC(CCC2CCCCC2C2CCC2)CC1
C1CCC(CC2CCCCC2C2CCCCC2)CC1
C1CCC(CC2CCC(C3CC(CC4CC4)CCC3C3CCC4CCCCC4C3)CC2)C1
C1CCC(CC2CCC(CCC3CCCC(CC4CC5CCCCC5C4)C3)CC2)CC1
C1CCC(CC2CCC(CC3CCC(CC4CCCCC4)CC3)CC2)CC1
C1CCC(CCCCC2CCC(CC3CCC(C4CCCC4)CC3)CC2)CC1
C1CCC(CCCCCC2CCC(C3CCCCC3)CC2)CC1
C1CCC(C2CCC(C3CCC(C4CCCC(C5CCCC5)C4)CC3)CC2)CC1
C1CCC(C2CCC(C3CCCCC3)CC2)CC1
C1CCC(CC2CCCC(C3CCCCC3)C2)CC1
C1CCC(CCC2CCCC(C3CCCCC3)C2)CC1
C1CCC(CCC2CCCCC2CCCC2CCCC(C3CCCC3)C2)CC1
C1CCC(CCCCCC2CC(C3CCCCC3)C3CCCCC23)CC1
C1CC(CC2CC3CCCCC3C2)CC(CC2CCCCC2CC2CCCC(C3CC4CCCCC4C3)C2)C1
C1CCC(CC2CCCC(C3CCC(CCC4CCC(C5CC(C6CCCCC6)C5)CC4)CC3)C2)CC1
C1CCC(C2CCC(CC3CCCC(C4CCCCC4)C3)CC2)CC1
C1CCC(CCCC2CCC(CCC3CCCCC3)CC2)CC1
C1CCC(C2CCC(CCC3CCCC(C4CCCCC4)C3)CC2)CC1
C1CCC(CCC2CCC(CC3CCC(C4CCC(CC5CCCCC5)CC4)C3)CC2)CC1
C1CCC(C2CCC(CC3CCC4CC(C5CCC6CCCCC65)CCC4C3)CC2)CC1
C1CCC(CC(C2CCCCC2)C2CC(C3CCC4CCCCC43)CC3CCCCC32)CC1
C1CCC(CCCC2CC3CCCCC3C2)CC1
C1CCC(C2CCCC(CCC3CCCC(C4CCCCC4)C3)C2)CC1
C1CCC(CCCCC2CCCCC2CC2CCCCC2)CC1
C1CCC(CC2CCC(CC3CCCCC3C3CCCCC3)CC2)CC1
C1CCC(CC2CCCC(CCC3CC(C4CCCCC4)CCC3C3CCCCC3)C2)CC1
C1CCC(CC2CCC(C3CCCC(C4CCC(C5CCCC5)CC4)C3)CC2)CC1
C1CCC(CC2CCCC(C3CCCCC3)C2)CC1
C1CCC(C2CCCC(C3CCC(C4CCCC(C5CCCC5)C4)CC3)C2)CC1
C1CCC(CC2CCC(CC3CCCC(C4CCCCC4)C3)CC2)CC1
C1CCC(C2CCCCC2C2CCC(C3CCCC(CC4CC5CCCCC5C4)C3)CC2)CC1
C1CCC(CC2CCC(C3CCC(CC4CCCCC4)CC3)CC2)CC1
C1CCC(CC2CCCCC2C2CCC(CC3CCCC(C4CCCCC4)C3)C2)CC1
C1CCC(CCC2CCCC(C3CCCCC3)C2)CC1
C1CCC(C2CCCC(C3CCCCC3)C2)CC1
C1CCC(C2CCC(CC3CC4CCCCC4C3)C(C3CCCC3)C2)C1
C1CCC(CC(C2CCCC(C3CCCCC3)C2)C2CCCCC2C2CCCCC2)CC1
C1CCC(CC2CCCC(CC3CCCC(C4CC5CCCCC5C4)C3)C2)CC1
C1CCC(C2CCC(C3CCC4CCCCC43)CC2CCC2CCCC2)CC1
C1CCC(CC2CC(CC3CCCC3)CC(C3CCC(C4CCCCC4)CC3)C2)CC1
C1CCC(C2CCCC(C3CCC(CC4CC5CCCCC5C4)CC3)C2)CC1
C1CCC(CCC2CCC(CCCC3CCCC(CC4CCCCC4)C3)CC2)CC1
C1CCC(C2CCC(CCC(C3CCCCC3)C3CCCCC3)C2)CC1
C1CCC(CCCCC2CCC(C3CCCCC3)CC2)CC1
C1CCC(CCCC2CCC(CC3CC4CCCCC4C3)CC2)CC1
C1CCC(C2CC(C3CCCC(CC4CC4)C3)CC(C3CC4CCCCC4C3)C2)C1
C1CCC(CCCC2CCC(CCC3CCCCC3)CC2)CC1
C1CCC(C2CCC3CC(C4CCCC(C5CCCC(C6CCC7CCCCC76)C5)C4)CCC3C2)CC1
C1CCC(C2CCC3C(C4CCCC4)CC(C4CCCCC4)C3C2)CC1
C1CCC(CC2CC(C3CCC(C4CCCC4)CC3)C3CCCCC23)CC1
C1CCC(CC2CCC(CCCC3CCCC(C4CCCCC4)C3)C(C3CCCCC3)C2)CC1
C1CCC(CC2CCC(CC3CCC(CC4CCCC(C5CCCC5)C4)CC3)C2)CC1
C1CCC(CC2CCCCC2)CC1
C1CCC(CC2CCC(CC3CCCC(CC4CCCCC4)C3)CC2)CC1
C1CCC(CC2CCCCC2C2CCCC(C3CCCCC3CC3CCCCC3)C2)CC1
C1CCC(CC2CC(C3CCCCC3)C3CCCCC23)CC1
C1CCC(CCC2CCCCC2C2CCC(CC3CCCCC3)CC2)CC1
C1CCC(CCC2CC(C3CCCCC3)CC(C3CCCCC3)C2)CC1
C1CCC(CCC2CCC(CC3CCCCC3)CC2)CC1
C1CCC(CCC2CCCC(CC3CCCCC3)C2)CC1
C1CCC(CCC2CC3CCCC3CC2C2CCC(C3CCCCC3)C2)CC1
C1CCC(CC2CCCCC2C2CCC(C3CCCCC3)CC2)CC1
C1CCC(CCCC2CCCC(C3CCCC(C4CCC(C5CCCC5)CC4)C3)C2)CC1
C1CCC(CC2CCC3CC(CC4CCCCC4C4CCCCC4)CCC23)CC1
C1CCC(C2CCCC(C3CCC(C4CCCC4)C(C4CCC5CCCC5C4)C3)C2)CC1
C1CCC(C2CCCC(C3CCCC(C4CCCCC4C4CCCC4)C3)C2)C1
C1CCC(C2CCCC(CCC3CCC(CCC4CCC5CCCCC54)CC3)C2)CC1
C1CCC(CCCC2CCC(C3CCCCC3)C(CC3CCCCC3)C2)CC1
C1CCC(CC2CC(C3CCCC(C4CCCCC4)C3)C3CCCCC23)CC1
C1CCC2C(C1)CCCC2CCC1CCC(C2CCC3CCCCC32)CC1
C1CCC(C2CCCCC2)CC1
C1CCC(C2CCC(C3CCCC(C4CC4)C3)CC2)CC1
C1CCC(C2CCC(C3CCC(CC4CCC(CC5CCCCC5CC5CCC5)CC4)CC3)CC2)CC1
C1CCC(C2CCCC(C3CCC(CCC4CCC(CC5CC5)CC4)CC3)C2)CC1
C1CCC(CC2CCCCC2C2CCCCC2)CC1
C1CCC(C2CCC(CCCCC3CCCC(C4CCCCC4)C3)CC2)CC1
C1CCC(C2CC(C3CCCC3)CCC2CCC2CCCCC2C2CC2)CC1
C1CCC(C2CCC(CC3CCC4C(CCCC4C4CCCC(C5CCC5)C4)C3)CC2)C1
C1CCC(CC2CCCC(CCC3CC4CCCCC4C3)C2)CC1
C1CCC(CCC2CCC(C3CCCCC3)CC2C2CCCCC2)CC1
C1CCC(CC2CCC(C3CCCCC3)CC2)CC1
C1CCC(CC2CCC(CC3CCCC(CC4CCCCC4)C3)CC2)CC1
C1CCC(C2CCCC(C3CCC(CC4CCC(CCC5CC5)CC4)CC3)C2)CC1
C1CCC(CC2CCC(CC3CC(C4CCCCC4)C4CCCCC34)CC2)CC1
C1CCC(CCCCC2CCC(CC3CCCCC3)CC2)CC1
C1CCC(CCC2CCC(C3CCC(CC4CCC5CCCCC54)CC3)CC2)CC1
C1CCC(CC2CCCC(CC3CCCC(CCC4CCCC5CCCCC54)C3)C2)CC1
C1CC(CCC2CCC(C3CC3)CC2)CC(CC2CC3CCCCC3C2)C1
C1CCC(CC2CCCCC2C2CCCCC2C2CC3CCCCC3C2)C1
C1CCC(CCC2CCC(C3CC(C4CCCCC4)CC(C4CCCCC4)C3)CC2)CC1
C1CCC(C2CCCC(C3CCC4CCCCC4C3)C2)CC1
C1CCC(CC2CCCC(CCC3CCC(C4CCCCC4)CC3)C2)CC1
C1CCC(CCC2CCC(CCC3CC4CCCCC4C3)CC2)CC1
C1CCC(CC2CC(CC3CCCC(C4CCCC(C5CC5)C4)C3)C3CCCCC23)CC1
C1CCC(CC2CCCC(C3CCCCC3)C2)CC1
C1CCC(CCC2CCC(CC3CCC(C4CCCCC4)CC3)CC2)CC1
C1CCC(CC(C2CCCCC2C2CCCCC2)C2CCCC3CCCCC32)CC1
C1CCC(CCC2CC(C3CCCC(C4CCCC4)C3)C3CC(CC4CCCC4)CCC23)CC1
C1CCC(CC2CCC(CC3CC4CCCCC4C3)CC2)CC1
C(CCC1CCC(C2CCCCC2)CC1)CCC1CCCC(C2CCC(CC3CC3)CC2)C1
C1CCC(CC2CCCCC2C2CCC(CCCC3CC(C4CCCC4)CCC3C3CCC4CCCC4C3)CC2)CC1
C1CCC(C2CCC(C3CCCC(C4CCCCC4)C3)CC2)CC1
C1CCC(CC2CCCC(C3CCC(CC4CCCCC4)C(C4CCCC4)C3)C2)CC1
C1CCC(CCC2CC(CC3CCCCC3)CCC2C2CCCCC2)CC1
C1CCC(CC2CCC(CC3CCCC(C4CCCCC4)C3)CC2)CC1
C1CCC(CCCC2CCC(CC3CCCCC3)CC2)CC1
C1CCC(CC2CCCC(C3CCCC(C4CCC(C5CCCCC5)C4)C3)C2)CC1
C1CCC(CCCCC2CCC(CC3CCCCC3)CC2)CC1
C1CCC(CCC2CCC(C3CCCCC3)C(C3CCCCC3)C2)CC1
C1CCC(CC2CCC(C3CCCCC3CC3CCCCC3)CC2)CC1
C1CCC(CCC2CCCC(C3CC(C4CCCCC4)CC(C4CCC4)C3)C2)CC1
C1CCC(CCC2CCC(CC3CCC(C4CC4)CC3)CC2)CC1
C1CCC(CC2CCC(CCCC3CCCC3)C(CCC3CC4CCCCC4C3)C2)CC1
C1CCC(C2CCCC(CC3CCCCC3C3CCCCC3)C2)CC1
C1CCC(C2CCC(C3CCC(C4CCCCC4)CC3)CC2)CC1
C1CCC(C2CCCCC2C2CCC3C(CCCC4CC5CCCCC5C4)CCCC3C2)CC1
C1CCC(C2CCC(C3CCCC3)CC2)CC1
C1CCC(CCCC2CCC(CC3CCC(CCCC4CC5CCCCC5C4)CC3)CC2)CC1
C1CCC(CC2CCC(C3CCCC(C4CCCCC4C4CCCC4)C3)CC2)CC1
C1CCC(CC2CCC(CC3CCCC(C4CCCC4)C3)CC2)CC1
C1CCC(C2CCCC(CCCC3CCC4CCC(C5CCCCC5)C4C3)C2)CC1
C1CCC(CC2CCC(C3CCCC(C4CCCCC4)C3)CC2)CC1
C1CCC(CCC2CCCC(C3CCCCC3C3CCCC4CCCCC43)C2)CC1
C1CCC(CCC2CCC(C3CCCCC3)CC2)CC1
C1CCC(C2CC(C3CCCCC3)C3CCCCC23)CC1
C1CCC(CC2CCC(CC3CCCC(C4CCCCC4)C3)CC2)CC1
C1CCC(C2CCCCC2CC2CCCCC2C2CCCCC2)CC1
C1CCC(CCC2CCCC(C3CCCCC3)C2)CC1
C1CCC(C2CCCC(C3CCCCC3)C2)CC1
C1CCC(CC2CCC(C3CCC(C4CCC(C5CCCCC5)CC4)CC3)CC2)CC1
C1CCC(CC2CCCC(CC3CCCCC3C3CCCC3)C2)CC1
C1CCC(C2CCC(CCC3CCC(CC4CCC(C5CCCC5)CC4)CC3)CC2)CC1
C1CCC(CCCC2CC3CCC(CC4CCCC4)CC3C(C3CCCCC3)C2)CC1
C1CCC(CCC2CCC(CC3CCC(CC4CCCCC4)CC3)CC2)CC1
C1CCC(CC2CCCCC2CC2CCCCC2)CC1
C1CCC(CCC2CCCCC2C2CC3CCCCC3C2)CC1
C1CCC(CC2CCC(C3CCCC4CCCCC43)CC2)CC1
C1CCC(CC2CCCC(C3CCCCC3CC3CCCCC3)C2)CC1
C1CCC(C2CCCC(C3CCCC(C4CCCC(C5CCCCC5)C4)C3)C2)CC1
C1CCC(CCC2CC(C3CCC(CC4CCCCC4)CC3)C3CCCCC23)CC1
C1CCC(CC2CCC(C3CCCCC3)CC2)CC1
C1CCC(C2CCC(C3CCCCC3)CC2)CC1
C1CCC(CC2CCC(C3CCCCC3)C(CC3CCCCC3CC3CCCCC3)C2)CC1
C1CCC(CC2CCC(C3CCCC(C4CCCCC4)C3)CC2)CC1
C1CCC(CCCC2CCC(CC3CCCC(CC4CCCCC4)C3)CC2)CC1
C1CCC(CCC2CC(C3CCC(CC4CC4)CC3)C3CCCCC23)CC1
C1CCC(CCC2CC(C3CCC(C4CCCC(C5CCCCC5)C4)CC3)C3CCCCC23)CC1
C1CCC2CC(CC3CCCC(C4CCC5CCCC5C4)C3)CC2C1
C1CCC(CC2CCC(C3CCC(C4CCCC4)C3CC3CCCCC3)CC2)CC1
C1CCC2CC(CCCC3CCCC4CC(C5CCCCC5CC5CC5)CC34)CC2C1
C1CCC(C2CCCCC2C2CCC(C3CCCC3)CC2C2CCCC2)CC1
C1CCC(C2CCC(CCC3CC4CCCCC4C3)C(C3CCCCC3)C2)CC1
C1CCC(CCC2CC(C3CCCCC3)C3CCCCC23)CC1
C1CCC(CC2CCCC(C3CCCCC3)C2)CC1
C1CCC(C2CCCCC2C2CCCC2)CC1
C1CCC(C2CC(CCC3CCCC3)CC(CC3CCCC3)C2)CC1
C1CCC(CC2CCCCC2C2CCCCC2C2CCCC2)CC1
C1CCC(CC2CCC(C3CCCC(C4CCC5CCCCC5C4)C3)CC2)CC1
C1CCC(CC2CCC(C3CCCC(CC4CCCCC4)C3)CC2)CC1
C1CCC(C2CCCC(CC3CCCC(C4CCCCC4)C3)C2)CC1
C1CCC(C2CCCC(C3CCCCC3C3CCCCC3C3CCCC3)C2)CC1
C1CCC(CCC2CCC(C3CCCCC3)C(CC3CCCCC3)C2)CC1
C1CCC(CC(CC2CCCCC2)C2CCCCC2)CC1
C1CCC(C2CCC(CC3CCC(C4CCC4)CC3)CC2)CC1
C1CCC(C2CCC(C3CCCCC3)C(C3CCCC3)C2)CC1
C1CCC(CCCCCC2CCC(C3CCC3)C(CC3CCCCC3)C2)CC1
C1CCC(CC2CCCCC2)CC1
C1CCC(C2CCC(C3CCC4C(CCCC4C4CCCC4)C3)CC2)CC1
C1CCC(CC2CCC(CC3CCCC(C4CCCCC4)C3)CC2)CC1
C1CCC(C2CCCC(CCCC3CCCCC3C3CCCCC3)C2)CC1
C1CCC(C2CCCC(CC3CCC4CCCCC43)C2)CC1
C1CCC(C2CCC(C3CCCC(C4CCC5CCCC5C4)C3)CC2)CC1
C1CCC(CCC2CCC(C3CCCCC3CC3CCC4CCCCC43)CC2)CC1
C1CCC(C2CCC3CCCC(C4CCCC4)C3C2)CC1
C1CCC(C2CCCC(CCC3CCCC3C3CCC4C(CC5CCC6CCCCC65)CCCC4C3)C2)CC1
C1CCC(C2CCCCC2)CC1
C1CC(CC2CCCC(C3CCC3)C2)CC(CC2CC3CCCCC3C2)C1
C1CCC(C2CCCC(CCC3CCCC(C4CCCC(C5CCCCC5)C4)C3)C2)CC1
C1CCC(CCCC2CCC(C3CCCCC3CC3CCCCC3)CC2)CC1
C1CCC(C2CCCCC2CCC2CCC3CCCC(C4CCCCC4)C3C2)CC1
C1CCC(CC2CCC(CC3CC(C4CCC(CC5CCCCC5)CC4)C4CCCCC34)CC2)CC1
C1CCC(CCC2CCCCC2C2CCC(C3CCCCC3)CC2)CC1
C1CCC(CC2CCC(CCCC3CCCC(C4CCCC4)C3)CC2)CC1
C1CCC(CC2CC(CC3CCC(C4CC5CCCCC5C4)CC3)C3CCCCC23)CC1
C1CCC(C2CCC3C(C4CCCCC4)CC(C4CCCCC4)C3C2)CC1
C1CCC(CC2CCCCC2C2CCCCC2C2CCCCC2)CC1
C1CCC(CCCCC2CCCCC2C2CCC(C3CCCC3)CC2C2CCC3CCCC3C2)CC1
C1CCC(C2CCC(C3CC(C4CCCCC4)C4CCCCC43)C(C3CCCC3)C2)CC1
C1CCC(CCCCCC2CCC(C3CCCCC3)CC2)CC1
C1CCC(CC2CC(C3CCCCC3)C3CCCCC23)CC1
C1CCC(C2CCCC(C3CCCCC3)C2)CC1
C1CCC(C2CC(C3CCC(C4CCC5CCCCC54)CC3)CC3CCCCC32)CC1
C1CCC(C2CCCCC2)CC1
C1CCC(CC2CCCC(CC3CCCC(C4CCC(C5CCCCC5)CC4)C3)C2)CC1
C1CCC(CC2CCC(CC3CCCCC3)CC2)CC1
C1CCC(CC2CC(C3CCC(C4CCCCC4)CC3)C3CCCCC23)CC1
C1CCC(C2CCC3CC(C4CCCCC4)CC(C4CCCC4C4CCCCC4)C3C2)CC1
C1CCC(CC2CCC(CC3CCC(C4CCCCC4)CC3)CC2)CC1
C1CCC(CCCC2CC(CC3CCC(C4CCCC4)CC3)CC(C3CCCCC3C3CCCC3)C2)CC1
C1CCC(CCCCC2CCC(CC3CCCCC3)CC2)CC1
C1CCC(CC2CCCC(C3CCCCC3)C2)CC1
C1CCC(CC2CCC(C3CCCCC3)CC2C2CCCCC2)CC1
C1CCC(C2CCC(C3CCCC(C4CCCCC4)C3)CC2)CC1
C1CCC(C2CCC(C3CCCC(C4CCCCC4)C3)CC2)CC1
C1CCC(CC2CCCCC2C2CCCCC2)CC1
C1CCC(CC2CC(C3CCC(C4CCCC5CCCCC54)CC3)C3CCCCC23)CC1
C1CCC(CC2CCCC(C3CCCCC3)C2)CC1
C1CCC(C2CCC3C(CCCC3C3CCCCC3)C2)CC1
C1CCC(C2CCCC(C3CCCCC3CC3CC4CCCCC4C3)C2)CC1
C1CCC(C2CCCCC2C2CCCCC2)CC1
C1CCC(C2CCCC(CC3CCC(C4CCCCC4)C3)C2)CC1
C1CCC(C2CCC(C3CCC4CCCCC43)CC2)CC1
C1CCC(C2CC3CCC(C4CCCCC4)CC3C(C3CCCCC3)C2)CC1
C1CC2CCC(C3CCCC(C4CCCCC4C4CCCCC4C4CCCC4)C3)CC2C1
C1CCC(CCCC2CCCC(CCC3CCCC3)C2)CC1
C1CCC(CCC2CCCC(C3CCCCC3)C2)CC1
C1CCC(CC2CCCC(C3CCCCC3)C2)CC1
C1CCC(CC2CCCCC2C2CCC3CCCCC3C2)C1
C1CCC(C2CCC(C3CCCCC3)CC2)CC1
C1CCC(C2CCC(CCC3CCCC(CC4CCC(C5CCCCC5)CC4)C3)CC2)CC1
C1CCC(C2CCC(CC3CCC(C4CCCCC4)CC3)CC2)CC1
C1CCC(CC2CCC(CC3CCCCC3CC3CCCC(C4CCCCC4)C3)CC2)CC1
C1CCC(C2CCC(CC3CCC(C4CCCCC4)CC3)CC2)CC1
C1CCC(CC2CCC(C3CCC4CCCC4C3)C(C3CCCCC3)C2)CC1
C1CCC(CC2CC(CCC3CCC(C4CCCC4)CC3)C3CCCCC23)CC1
C1CCC(C2CCCCC2CCC2CCC(CC3CCC(C4CC4)CC3)CC2)CC1
C1CCC(CC2CCCC(C3CCC(CCC4CCC(C5CCCCC5)CC4)CC3)C2)CC1
C1CCC(C2CCC(C3CCCCC3C3CCC4CCCC4C3)CC2)CC1
C1CCC(CC2CCC(C3CCCCC3C3CCC(C4CCCCC4)CC3)C2)CC1
C1CCC(CCC2CCC(C3CCCCC3)CC2)CC1
C1CCC(CCC2CCCC(C3CCCC(C4CCCCC4)C3)C2)CC1
C1CCC(C2CCCCC2)CC1
C1CCC(CCCCC2CCC(C3CCCCC3)CC2C2CCCCC2)CC1
C1CCC2CC(C3CCCCC3C3CCCC(C4CCCCC4C4CC5CCCCC5C4)C3)CCC2C1
C1CCC(CC(CC2CCC(C3CCCCC3)CC2)C2CCCC(C3CCCCC3)C2)CC1
C1CCC(CCC2CCCC(C3CCCCC3)C2)CC1
C1CCC(CC2CCCC(CC3CCCC(CC4CCCCC4)C3)C2)CC1
C1CCC(C2CCC(CC3CCC(CCCC4CCCC4)CC3)CC2)CC1
C1CCC(CCC2CCCC(C3CCCC3CC3CCCCC3)C2)CC1
C1CCC(CCC2CCC(CC3CCCCC3)CC2)CC1
C1CCC(C2CCCC(C3CCCC(C4CCCCC4)C3)C2)CC1
C1CCC(C2CCCC(C3CCCCC3)C2)CC1
C1CCC(CC2CCCC(C3CCC4CCCC4C3)C2)CC1
C1CCC(C2CCCC(C3CCC(CC4CCC(CCCC5CCC6CCCCC65)CC4)CC3)C2)C1
C1CCC(CC2CCCC(C3CCCC(C4CCCCC4)C3)C2)CC1
C1CCC(CC2CCCC(CCCC3CCC(C4CCCCC4)CC3)C2)CC1
C1CCC(C(C2CCCC2)C2CCCCC2C2CCC(C3CC3)CC2C2CCCC2)CC1
C1CCC(CCCCC2CCCC(C3CCC(CCC4CCCCC4)CC3)C2)CC1
C1CCC(C2CCCCC2C2CCC3CCCC3C2)CC1
C1CCC(CC2CCC(CC3CCCCC3)C(C3CCCCC3)C2)CC1
C1CCC(CC2CCC(CC3CCC(C4CCC5CCCCC54)CC3)CC2)CC1
C1CCC(C2CCCCC2C2CCCCC2)CC1
C1CCC(CC2CCC(C(CC3CCCCC3)C3CCCCC3C3CCCCC3)CC2)CC1
C1CCC(CC2CCCCC2C2CCCC(C3CCCCC3)C2)CC1
C1CCC(CC2CC(C3CCCCC3)C3CCCCC23)CC1
C1CCC(C2CCCCC2C2CCC3CCCCC3C2)CC1
C1CCC2CC(CCC3CCCCC3C3CCC4CCCCC43)CC2C1
C1CCC(CC2CCC(CCC3CCC(CC4CCCCC4)CC3)CC2)CC1
C1CCC(CCC2CCCCC2C2CCCC(C3CCCCC3)C2)CC1
C1CCC(CCCCC2CCC(CC3CCCCC3)CC2)CC1
C1CC(CCC2CCC3CCCCC32)CC(CC2CCCCC2C2CCC(C3CCCC3)CC2)C1
C1CCC(CCC2CC3CCCCC3C2)CC1
C1CCC(C2CCC(C3CCC(CC4CC5CCCCC5C4)CC3)CC2)CC1
C1CCC(CC2CCC(CC3CC4CCCCC4C3)CC2)CC1
C1CCC(CC2CCC(C3CCCC(C4CCCCC4)C3)CC2)CC1
C1CCC(CC2CCC3CC(C4CCC(CC5CCC(C6CCCCC6)C5)CC4)CCC3C2)CC1
C1CCC(CC2CCCC(CC3CCCC3)C2)CC1
C1CCC(CC2CCCC(C3CCC4CCC(C5CCCCC5)CC43)C2)CC1
C1CCC(C2CC(C3CCCC(CC4CC5CCCCC5C4)C3)CC3CCCCC32)CC1
C1CCC(CCC2CCC(CC3CCC(C4CCCCC4CC4CCCCC4)CC3)CC2)CC1
C1CCC(C2CCC(C3CCCC(C4CCCCC4)C3)CC2)CC1
C1CCC(CCC2CCC(CC3CCCCC3)CC2)CC1
C1CCC(C2CCCCC2C2CC(C3CCCCC3C3CCCC3)CCC2C2CCC3CCCC3C2)CC1
C1CCC(CC2CCCCC2CCC2CCC(C3CCCCC3)CC2)CC1
C1CCC(C2CCC(CC3CCC(CC4CCCC4)CC3)CC2)CC1
C1CCC(CCC2CCC3C(CC4CCCCC4)CC(C4CCCCC4)C3C2)CC1
C1CCC(CCC2CCC(C3CCCC(CC4CCCCC4)C3)CC2)CC1
C1CCC(CCCC2CC(C3CCCCC3)CC(C3CCCCC3)C2)CC1
C1CCC(CCC2CC(C3CCCCC3)CC(C3CCC3)C2)CC1
C1CCC(CCCCC2CCCC(C3CCC(C4CC4)CC3)C2)CC1
C1CCC(CCCC2CCCCC2CCC2CCCC(C3CCCCC3)C2)CC1
C1CCC(C2CCCC(C3CCCC(C4CCCCC4)C3)C2)CC1
C1CCC(CC2CCC(C3CCCC(C4CCCCC4)C3)CC2)CC1
C1CCC(CC2CCC(C3CCCCC3)C(C3CC4CCCCC4C3)C2)CC1
C1CCC(CCCC2CCCC(CCCC3CCC(CC4CCCCC4)CC3)C2)CC1
C1CCC(CC2CCCC(C(CCC3CCCC(C4CCCCC4)C3)(C3CCC3)C3CC3)C2)CC1
C1CCC(C2CCCC(CCCC3CCC4CCCCC43)C2)CC1
C1CCC(C2CCC(C3CCCCC3C3CCCCC3)C(C3CCCCC3)C2)CC1
C1CCC(CCCC2CCCC(CCC3CCCC(C4CC5CCCCC5C4)C3)C2)C1
C1CCC(CCC2CCCC(CC3CCCCC3)C2)CC1
C1CCC(CCC2CCC(CC3CCCCC3)CC2)CC1
C1CCC(CC2CCC3C(CC4CCCCC4)CC(C4CCCCC4)C3C2)CC1
C1CCC(C2CCC(C3CCCCC3)CC2)CC1
C1CCC(CCCC2CCC(C3CCC(CCC4CCCCC4)CC3)CC2)CC1
C1CCC(CC2CCCC(C3CC(C4CCCCC4)CC(C4CCCCC4)C3)C2)CC1
C1CCC(CC(C2CCCCC2)C2CCCC(C3CCCC3)C2)CC1
C1CCC(CCC2CCC(C3CCCC(C4CCCCC4)C3)CC2)CC1
C1CCC(CCCC2CCC(CCC3CCCCC3)CC2)CC1
C1CCC(CC2CCC(CC3CCC(C4CCCC4)CC3)CC2)CC1
C1CCC(CCC2CCC(C3CCCC(C4CCCCC4)C3)CC2)CC1
C1CCC(CC2CCCC(C3CCCCC3)C2)CC1
C1CCC(CCCC2CCCCC2CC2CCCCC2)CC1
C1CCC(CC2CCCC(C3CCC4CCCC4C3)C2)CC1
C1CCC(CC2CCC(C3CCCCC3)CC2)CC1
C1CCC(C2CCCCC2C2CCCCC2)CC1
C1CCC(CC2CCCCC2C2CCC(CCC3CC4CCCCC4C3)CC2)CC1
C1CCC(CCC2CCC(CC3CCCCC3)CC2)CC1
C1CCC(CC2CCC(C3CCCCC3CC3CCCCC3)CC2)CC1
C1CCC(CC2CCC(CC3CCCCC3C3CCCCC3)CC2)CC1
C1CCC(CCCCCC2CCC(C3CCCCC3)C(CC3CCCC(C4CCCCC4)C3)C2)CC1
C1CCC(CCCC2CCC(C3CCCCC3)CC2)CC1
C1CCC(C2CCC(CC3CC(C4CCC(C5CC6CCCCC6C5)CC4)C4CCCCC34)CC2)C1
C1CCC(CCC2CCC(C3CCCCC3)CC2)CC1
C1CCC(CCC2CC(C3CCCCC3)CC(C3CCCCC3)C2)CC1
C(CCCC1CCC2CC(C3CC(C4CCCCC4)C4CCCCC34)CCC12)CCC1CCCCC1
C1CCC(CCCC2CCC(CC3CCCCC3)CC2)CC1
C1CCC(CC2CCC(C3CCCC3)CC2)CC1
C1CCC(CC2CCC(C3CCCCC3)CC2)CC1
C1CCC(CCC2CCC(C3CCCCC3)C(C3CCCCC3)C2)CC1
C1CCC(C2CC(C3CCCC(C4CCCC(C5CCC5)C4)C3)C3CCCCC23)CC1
C1CCC(CCC2CCC(CCCC3CC4CCCCC4C3)CC2)CC1
C1CCC(C2CCC(CCC3CCCC(C4CCCC4)C3)CC2C2CCCCC2)CC1
C1CCC(C2CCCC(CC3CCC3)C2)CC1
C1CCC(CCC2CC(CC3CCCCC3)CCC2C2CCCCC2)CC1
C1CCC(CC2CCC(C3CCCCC3)CC2)CC1
C1CCC(CC2CCCC(C3CCC(C4CCCC4CC4CCCCC4)CC3)C2)CC1
C1CCC(CC2CCCC(CC3CCCCC3)C2)CC1
C1CCC(CCCCC2CC3CCC(CC4CCCC4)CC3C(C3CCCCC3)C2)CC1
C1CCC(CCC2CCCCC2CC2CCCC(CC3CCC(C4CCCC4)CC3)C2)CC1
C1CCC(CCCC2CC(CCC3CCCCC3)C3CCCCC23)CC1
C1CCC(CC2CCCC(C3CCCCC3)C2)CC1
C1CCC(CCC2CCC(CC3CCC(C4CCCCC4)CC3)CC2)CC1
C1CCC(CCCCC2CCCC(CC3CCCCC3)C2)CC1
C1CCC(C2CCC(C3CCCCC3)C(C3CCCC3)C2)CC1
C1CCC(CC2CCCC(CCC3CC4CCCCC4C3)C2)CC1
C1CCC(CC2CCC(C3CCC(C4CCCCC4)CC3)CC2)CC1
C1CCC(C2CCCC(C3CCCC(C4CCCCC4)C3)C2)CC1
C1CCC(C2CCC(C3CCCCC3C3CC(CC4CCC5CCCCC54)C4CCCCC43)CC2)CC1
C1CCC(CCC2CCC(CCCC3CCC(C4CCCCC4)CC3)CC2)CC1
C1CCC(CCC2CCCCC2C2CCC(CC3CCCCC3)CC2)CC1
C1CCC(CCC2CCC(CC3CCCCC3)CC2)CC1
C1CCC(CCC2CCC(CC3CCCCC3)CC2)CC1
C1CCC(C2CCCC(CCCC3CCC(CC4CCC(C5CCCC5)CC4)CC3)C2)CC1
C1CCC(C2CCC(CC3CCCCC3C3CCC4C(CCCC4C4CCCC4)C3)CC2)CC1
C1CCC(CC2CCC(CC3CCCCC3)C(CC3CCC(C4CCC5CCCCC54)CC3)C2)CC1
C1CCC(C2CC3CCC(C4CCCCC4)CC3C(C3CCCCC3)C2)CC1
C1CCC(CC2CCC(CC3CCC(C4CCCCC4CC4CCCCC4)CC3C3CC3)CC2)CC1
C1CCC(C2CCCC(CCC3CCC(CC4CCCC(C5CCC5)C4)CC3)C2)CC1
C1CCC(CC2CCCC(C3CCCC(CC4CCCC4)C3)C2)CC1
C1CCC(CC2CCCC(C3CCC(C4CCCCC4)CC3)C2)CC1
C1CCC(C2CC(C3CCCCC3)CC(C3CC3)C2)CC1
C1CCC(C2CCC(CCCC3CCC(CCC4CC4)CC3)CC2)CC1
C1CCC(CC2CCC(C3CCC(CC4CCC(C5CCCCC5)CC4)CC3)CC2)CC1
C1CCC(CC2CCC(CC3CCCC3)CC2)CC1
C1CCC(CC2CCCC(C3CCCCC3)C2)CC1
C1CCC(CCC2CC(C3CCCCC3)C3CC(CC4CCCCC4)CCC23)CC1
C1CCC(CCC2CC(CC3CCCCC3)CCC2C2CCCC(C(CCC3CCCCC3)C3CCC3)C2)CC1
C1CCC(CC2CCC(CC3CC(CC4CCCCC4)C4CCCCC34)CC2)CC1
C1CCC(CCC2CCC(CC3CCCCC3CC3CC4CCCCC4C3)CC2)CC1
C1CCC(CC2CCCC(C3CCCC(CC4CCC(C5CCCCC5)CC4)C3)C2)CC1
C1CCC(CCC2CCCC(C3CCCC(C4CCCCC4)C3)C2)CC1
C1CCC(CC2CCCC2C2CCCC(CC3CCC(C4CCCCC4)C(C4CCCC4)C3)C2)CC1
C1CCC(CC2CCC(C3CCCC(C4CCCCC4)C3)CC2)CC1
C1CCC(C2CCC(C3CCCCC3C3CCC4CCCCC4C3)CC2)CC1
C1CCC(CC2CCCC(C3CC(C4CCCC(C5CCCCC5)C4)C4CCCCC34)C2)CC1
C1CCC(CCCCC2CCC(CC3CCCCC3)CC2)CC1
C1CCC(CC2CCC3C(CC4CCCCC4)CCC3C2)CC1
C1CCC(CCC2CCCC(C3CCCC(C4CCCCC4)C3)C2)CC1
C1CCC(CCC2CCC(C3CCCC(C4CCCCC4)C3)CC2)CC1
C1CCC(CC2CCCCC2)CC1
C1CCC(C2CCCC(CCCCC3CCCCC3C3CCCCC3)C2)CC1
C1CCC(CCCC2CCC(C3CCC(C4CCCCC4)CC3)CC2)CC1
C(CCCC1CCCC1)CCCC1CCC(CC2CCC(C3CCCCC3)CC2C2CCCC2)CC1
C1CCC(CCC2CCC(CC3CCC(C4CCCCC4)CC3)CC2)CC1
C1CCC(CC2CCCC(C3CCCCC3)C2)CC1
C1CCC(CC2CCCCC2CCC2CCCCC2C2CCCC(C3CCCCC3)C2)CC1
C1CCC(CCC(CCC2CCC(C3CCCCC3)CC2)C2CCCC2)CC1
C1CCC(CCC2CCCCC2C2CCC3CCCCC3C2)CC1
C1CCC(C2CCCCC2CC2CCCC(C3CCCC(C4CCCC4)C3)C2)CC1
C1CCC(CC2CC(C3CCC3)CCC2C2CCCCC2)CC1
C1CCC(CCCCC2CCCC(CC3CCCCC3)C2)CC1
C1CCC(CCC2CC(CC3CCCCC3)CCC2C2CCCCC2)CC1
C1CC(C2CCCC(C3CCCC(C4CCC5CCCCC54)C3)C2)C1
C1CCC(CC2CCCC(C3CCCCC3)C2)CC1
C1CCC(CCC2CCC(CC3CCCCC3)CC2C2CCCCC2)CC1
C1CCC(CC2CCCCC2C2CCCC2)CC1
C1CCC(CCCCC2CCC(CC3CCC(C4CCCCC4)CC3)CC2)CC1
C1CCC(CCC2CCCC(CC3CCC(C4CCCCC4)CC3)C2)CC1
C1CCC(CCCC2CCCCC2CC2CCCCC2)CC1
C1CCC(C2CC(C3CCC(CC4CC5CCCCC5C4)CC3C3CCCCC3)C3CCCCC23)CC1
C1CCC(CCC2CCC(C3CCC(C4CCCCC4)CC3)CC2)CC1
C1CCC(C2CCCCC2C2CCCCC2)CC1
C1CCC(CC2CC(C3CCCC(C4CCC(C5CCCCC5)C4)C3)CC3CCCCC32)CC1
C1CCC(C2CCC(C(C3CCCCC3)C3CC3)CC2)CC1
C1CCC(CCC2CCC3C(CC4CCCCC4)CC(C4CCCC4)C3C2)CC1
C1CCC(CCC2CCC(C3CC3)C(C3CCC4CCCCC4C3)C2)CC1
C1CCC(C2CCC(C3CCCC3)C(C3CCCCC3)C2)CC1
C1CCC(CC2CCC(C3CC(C4CCC(CC5CCCC5)CC4)C4CCCCC34)CC2)CC1
C1CCC(CCCC2CCCC(CCCCC3CCCC(C4CCCCC4)C3)C2)CC1
C1CCC(CCC2CCCC(C3CCCCC3)C2)CC1
C1CCC(CC2CCC(CC3CC4CCCCC4C3)CC2)CC1
C1CCC(CC2CCCCC2)CC1
C1CCC(CC2CCC(C3CC(CC4CCCCC4)C4CCCCC43)CC2)CC1
C1CCC(CCCCC2C(C3CCCC3)CC(C3CCCC3)CC2C2CCCC(C3CCCC3)C2)CC1
C1CCC(CC2CC(CC3CCC(C4CCCCC4)CC3)C3CCCCC23)CC1
C1CCC(CCC2CCCCC2C2CCCC2)CC1
C1CCC(CC2CCC(CC3CCC(C4CCCCC4)CC3)CC2)CC1
C1CCC(C2CCC(C3CCCCC3C3CCC4CCCCC4C3)CC2)CC1
C1CCC(C(CC2CCCC2)C2CCC(CC3CCC(C4CCCC4)CC3)CC2)CC1
C1CCC(CCC2CCCCC2)CC1
C(CCCC1CCC(CC2CCCCC2)CC1)CCC1CCCCC1
C1CC2CCC(C3CCCC(C4CCCCC4C4CCCC4)C3)CC2C1
C1CCC(C2CCCC(C3CCC4C(CCC4C4CCCC4)C3)C2)CC1
C1CCC(CCC2CCC(C3CCCCC3)CC2C2CCCC2)CC1
C1CCC(C2CCC3CC(C4CCC5CCCCC54)CCC3C2)CC1
C1CCC(CCCC2CCC3CC(C4CCC5CCCCC54)CC(C4CCCCC4)C3C2)CC1
C1CCC(CCC2CCC(C3CCCCC3)CC2)CC1
C1CCC(CCCCC2CCC(C3CCC(C4CCCCC4)CC3)CC2)CC1
C1CCC(CC2CCC(C3CCCCC3)C(C3CCC(C4CCCCC4)CC3)C2)CC1
C1CCC(CC2CCC(C3CCC4CCCCC43)CC2)CC1
C1CCC(CC2CCC(CCC3CCCC3)CC2C2CCC3CCCC3C2)CC1
C1CCC(CCCC2CCC(C3CCCCC3)CC2CCCC2CC2)CC1
C1CCC(C2CCCC(C3CCC(C4CCCCC4)CC3C3CCCC3)C2)CC1
C1CCC(CCCC2CCC(C3CCC(C4CCCCC4)CC3)CC2)CC1
C1CCC(CC2CCC(C3CC(C4CCCC(CC5CCCCC5)C4)C4CCCCC34)CC2)CC1
C1CCC(C2CCCC(CC3CCC(CCC4CCC5CCCC5C4)CC3)C2)CC1
C1CCC(C2CCCC(C3CCC(C4CCCCC4C4CCCCC4)CC3)C2)CC1
C1CCC(C2CCC(C3CCCC(C4CCCC4)C3)CC2)CC1
C1CCC(CCC2CCC(C3CCCCC3)C(C3CCC(C4CCCC4)CC3)C2)CC1
C1CCC(CC2CCCCC2C2CCC(CC3CC4CCCCC4C3)CC2)CC1
C1CCC(CC2CCCC(CC3CCC4CC(C5CCCCC5)CCC34)C2)CC1
C1CCC(CCCCC2CCC(CCC3CCC(CC4CCCCC4)CC3)CC2)CC1
C1CCC(C2CCCCC2)CC1
C1CCC(C(CC2CCC(C3CCCC3)CC2)C2CCCCC2)CC1
C1CCCCC1
C1CCC(CCCCCC2CCC(CC3CCCCC3)CC2)CC1
C1CCC(CCC2CCC(C3CCCCC3C3CCCCC3C3CCCC3)CC2)CC1
C1CCC(C2CCCCC2C2CCCCC2C2CCC3CCCCC3C2)CC1
C1CCC(C2CC(CC3CCC(C4CCC(C5CC5)CC4)CC3)C3CCCCC32)CC1
C1CCC(C2CCC(C3CCC(C4CC(C5CCCCC5)C4)CC3)CC2)CC1
C1CCC(CCCCC2CCCC(C3CCC(C4CCC4)CC3)C2)CC1
C1CCC(C2CCC(C3CCCC3)C(C3CCCCC3)C2)CC1
C1CCC(C2CCC(CCC3CCCCC3CCCCCC3CCCCC3C3CCCCC3)CC2)CC1
C1CCC(CC2CCC(CC3CCCCC3)CC2)CC1
C1CCC(CCC2CCC(CCCC3CCC(C4CCCCC4)C3)CC2)CC1
C1CCC(C2CCC(C3CCCCC3C3CC4CCCCC4C3)C(C3CCCCC3)C2)CC1
C1CCC(CC2CCC(C3CCCCC3C3CCC(C4CCCCC4)CC3)C(C3CCCC3)C2)CC1
C1CCC(CC2CCC(CC3CCCC(C4CCC5CCCC5C4)C3)CC2)CC1
C1CCC(C2CCC3CCCC(C4CCC(C5CCCC5)C4)C3C2)CC1
C1CCC(CCC2CCCC(C3CCC(C4CCCC4)CC3)C2)CC1
C1CCC(C2CCC(CCCC3CCCC(C4CCC5CCCCC5C4)C3)CC2)CC1
C(CCC1CCC2CCCC2C1)CCC1CC(C2CCCCC2)CC(C2CCC2)C1
C1CCC(C2CCCCC2C2CCC3C(CCCC3C3CCCCC3)C2)CC1
C1CCC(C2CC(C3CCCCC3)CC(C3CCCC(C4CCCC4)C3)C2)CC1
C1CCC(CC2CCCCC2CC2CCCCC2C2CCC3CCC(C4CCCCC4)CC32)CC1
C1CCC(CCCC2CCC(C3CCCCC3)C(C3CCCCC3)C2)CC1
C1CCC(CC2CCC3CCCCC32)CC1
C1CCC(CC2CCC3CC(C4CCCCC4)CC(C4CCCCC4)C3C2)CC1
C1CCC(CCCC2CCCC(C3CCC(C4CCCC(CC5CC5)C4)CC3)C2)CC1
C1CCC(CC2CCC(CCC3CCC(C4CCCC4)CC3)CC2CCCC2CCCC2)CC1
C1CCC(CC2CCCCC2)CC1
C1CCC(CCC2CCC(CC3CCCCC3)CC2)CC1
C1CCC(C2CCC(C3CCCC3)CC2)CC1
C1CCC(CC2CCCC(CC3CC(C4CCCC5CCCCC54)C4CCCCC34)C2)CC1
C1CCC(CCC2CCC(C3CCCC(CC4CCCCC4)C3)CC2)CC1
C1CCC(CCCC2CCC(C3CC4CCCCC4C3)C(CC3CCCCC3)C2)CC1
C1CCC(CCC2CCCC(CC3CCCCC3)C2)CC1
C1CCC(C2CCC(CCC3CCCC(C4CCCCC4)C3)CC2)CC1
C1CCC(CCC2CCC(C3CCCC(CC4CCCCC4)C3)CC2)CC1
C1CCC(CCC2CCCCC2C2CCCCC2)CC1
C1CCC(CC2CCC(CCC3CCC(C4CCCCC4)CC3)CC2)CC1
C1CCC(CCCCC2CCCC3CC(C4CCCCC4)CCC23)CC1
C1CCC(C2CCC(CC3CCC(C4CCC5CCCCC54)CC3)CC2)CC1
C1CCC(CCC2CCC(C3CCC(C4CCCC4)CC3)CC2)CC1
C1CCC(CCC2CCCCC2C2CCC(C3CCCCC3)CC2)CC1
C1CCC(CCC2CCC(CC3CCC(C4CCCCC4)CC3)CC2)CC1
C1CCC(C2CCC(C3CCC(C4CCCC(C5CC5)C4)C(C4CC4)C3)CC2)CC1
C1CCC(CCCC2CCC(CC3CCC(C4CCCCC4)CC3)CC2)CC1
C1CCC(CCC2CCCC(C3CCCCC3)C2)CC1
C1CCC(CC2CCC(CC3CCCCC3)C(C3CCCC3)C2)CC1
C1CCC(CCC2CCCC(C3CCCCC3CCC3CCCCC3)C2)CC1
C1CC2CCC(CCC3CCCC(C4CCC(C5CC5)CC4)C3)CC2C1
C1CCC(CC2CCCC(C3CCCC(CC4CCCCC4)C3)C2)CC1
C1CCC(CC2CCCCC2C2CCCCC2C2CCCCC2)CC1
C1CCC(C2CCCC(C3CCC(C4CCCCC4C4CCCC4)CC3C3CCCC3)C2)CC1
C1CCC(C2CCC(C3CCCCC3C3CCC4CCCCC43)C2)CC1
C1CCC(CC2CCC(C3CCCCC3)CC2C2CCC3CCCCC32)CC1
C1CCC(CC2CCCC(C3CC(CC4CCCCC4)C4CCCCC43)C2)CC1
C1CCC(CCC2CCC(CC3CCCCC3)CC2C2CCCCC2)CC1
C1CCC(C2CCC(CC3CC3)CC2CC2CCCC(CCC3CC3)C2)CC1
C1CCC(CC2CC(CC3CCCCC3)CC(C3CCCCC3)C2)CC1
C1CCC(CC2CCCC(C3CCC(C4CCCCC4)CC3)C2)CC1
C1CCC(CCCCCC2CCC(CC3CCC(C4CCC5CCCCC5C4)CC3)CC2)CC1
C1CCC(CC2CCC(C3CCCCC3CCCC3CCCC(C4CCC4)C3)CC2)CC1
C1CCC(C2CCCCC2)CC1
C1CCC(C2CCCC(C3CCCC(C4CCCC(C5CCC6CCCCC6C5)C4)C3)C2)CC1
C1CCC(CCCCC2CC(C3CCCCC3)CCC2CCC2CCCCC2)CC1
C1CCC(C2CCC(CCCCC(CC3CCC(C4CCCCC4)CC3)C3CCCCC3)CC2)CC1
C1CCC(CC2CC(C3CCCCC3)C3CCCCC23)CC1
C1CCC(C2CC(CC3CCCC3)CCC2C2CCCC2)CC1
C1CCC(CCC2CCC(C3CCCC(CC4CCCCC4)C3)CC2)CC1
C1CCC(C2CC(CC3CCCC(C4CCC5CCCCC5C4)C3)C3CCCCC32)CC1
C1CCC(CCCC2CCC(C3CCC(C4CCCCC4C4CCCC4)CC3)CC2)CC1
C1CCC(C2CCC(CCCC3CCCC(C4CCCCC4)C3)CC2)CC1
C1CCC(C2CCC(C3CCC(C4CCCCC4C4CCCC4)CC3C3CCCC3)CC2)CC1
C1CCC(CCC2CCC(C3CCCCC3)CC2)CC1
C1CCC(CC2CCC(C3CCCC3)C(C3CCCCC3)C2)CC1
C1CCC(CCCC2CCCCC2CCC2CCC(C3CCCCC3)CC2)CC1
C1CCC(CCC2CCC(C3CCC(CC4CCCCC4)CC3)C2)CC1
C1CCC(C2CCCC(C3CCCC(C4CCCCC4)C3)C2)CC1
C1CCC(CC2CCC(C3CCC(CC4CCC(CC5CCCCC5)C4)CC3)CC2)CC1
C1CCC(C2CCC(CC3CC3)CC2C2CCCCC2)CC1
C1CCC(CCC2CCC(C3CCC4C(CCC4C4CCCCC4)C3)CC2)CC1
C1CCC(CC2CCC(CC3CCCCC3)CC2)CC1
C1CCC(C2CCCCC2C2CCCCC2)CC1
C1CCC(CC2CCC(CC3CCCCC3)CC2)CC1
C1CCC(CCC2CCCCC2C2CCCC(C3CCCC(C4CCC(C5CCCC5)CC4)C3)C2)CC1
C(CCCCC1CCCCC1)CCCCC1CCCC(CC2CCCCC2)C1
C1CCC(C2CC(C3CCCC3)CCC2C2CCC3CCCC3C2)CC1
C1CCC(C2CCCC(C3CCC(C4CCC5CCCC5C4)CC3)C2)CC1
C1CCC(CC2CCC(C3CCCC(CC4CCCCC4)C3)CC2)CC1
C1CCC(CC2CCCC(CCCCC3CCCC(CC4CCCCC4)C3)C2)CC1
C1CCC(CCC2CCC(C3CCCCC3)CC2)CC1
C1CCC(CC2CCC(C3CCCCC3)CC2)CC1
C1CCC(CCC2CCCC(C3CCCCC3C3CCCC3)C2)CC1
C1CCC(CCC2CCC(C3CCCCC3C3CCCCC3)CC2C2CCCCC2)CC1
C1CCC(CC2CC(C3CCC4CCCCC43)CC3CCC(C4CCCCC4)CC32)CC1
C1CCC(C2CCC(C3CCC(C4CCC5CCCCC5C4)CC3)C2)CC1
C1CCC(CC2CCC(C3CCCC(C4CCCCC4)C3)CC2)CC1
C1CCC(CC2CC(C3CCC(C4CCCCC4)CC3)C3CCCCC23)CC1
C1CCC(C2CCCC(CCC3CCC(C4CC5CCCCC5C4)CC3)C2)CC1
C1CCC(CC2CCCCC2C2CCC(CC3CCC(CCCC4CC4)CC3)CC2)CC1
C1CCC(CCC2CCC(CC3CCCC(C4CCCCC4)C3)CC2)CC1
C1CCC(CCCC2CCC(CCC3CCC(CC4CCCCC4)CC3)CC2)CC1
C1CCC(C2CCC(CC3CCCC(C4CCCCC4)C3)CC2)CC1
C1CCC(CC2CCC(CCC3CCCCC3C3CCCCC3)CC2)CC1
C1CCC(C2CCC(C3CCCC(C4CCC(C5CCCC(CC6CC7CCCCC7C6)C5)CC4)C3)CC2)CC1
C1CCC(CC2CCC(CCC3CCC(C4CCCCC4)CC3)C(C3CCCC3)C2)CC1
C1CCC(C2CCC(CCC3CCC(C4CCCCC4)CC3)CC2)CC1
C1CCC(CCC2CCC(CC3CCC4CCCC4C3)CC2)CC1
C1CCC(CCC2CCCC3CC(C4CCC(CC5CCCCC5)C4)CCC23)CC1
C1CCC(CCCC2CCC(CCC3CCCCC3)CC2)CC1
C1CCC(C2CCCC(CC3CCC4CCCC4C3)C2)CC1
C1CCC(CCC2CCC(C3CCC(CCC4CCCCC4)C(C4CCCCC4)C3)CC2)CC1
C1CCC(C2CCCCC2C2CC3CCCCC3C2)CC1
C1CCC(CCC2CCCCC2CC2CCCCC2)CC1
C1CCC(C2CCCC(C3CCCC(C(C4CCCCC4)C4CCC5CCCCC54)C3)C2)CC1
C1CCC(C2CC(C3CCC4CCCCC43)CC3CCCCC32)CC1
C1CCC(C2CCC(C3CCCCC3)CC2)CC1
C1CCC(C2CCCC(C3CCCCC3)C2)CC1
C1CCC(CCCC2CCC(C3CCCCC3)CC2)CC1
C1CCC(CCCC2CCC(C3CCCCC3)CC2C2CCCCC2)CC1
C1CCC(CCCC2CC(C3CCC(CC4CCCCC4)CC3)C3CCCCC23)CC1
C1CCC(CC2CCCCC2C2CCCCC2C2CCCCC2C2CCCCC2)CC1
C1CCC(CC2CCCC(CC3CCCCC3C3CCC4CCCCC4C3)C2)CC1
C1CCC(C2CCC(C3CCC(CCC4CC5CCCCC5C4)CC3)CC2)CC1
C1CCC(CCCC2CCC(C3CCCCC3C3CCCC3)CC2)CC1
C1CCC(C2CCC(C3CCC(C4CCCC5CCCC54)CC3)CC2)CC1
C1CCC(CCC2CCCCC2CC2CC3CCCCC3C2)CC1
C1CCC(CCC2CCC(CC3CCCCC3)CC2)CC1
C1CCC(CC2CCC(C3CCCCC3)CC2)CC1
C1CCC(CCC2CCC(C3CC(CC4CCCCC4)C4CCCCC43)CC2)CC1
C1CCC(CC2CCCCC2CC2CC3CCCCC3C2)CC1
C1CCC(CC2CCC(C3CCCCC3)CC2)CC1
C1CCC(CCC2CC(CC3CCCCC3)CCC2C2CCCCC2)CC1
C1CCC(CCC2CCC3CC(C4CCCC4)CC(C4CCCCC4)C3C2)CC1
C1CCC(C2CCCCC2C2CCCCC2C2CCCC(C3CCC4CCCC4C3)C2)CC1
C1CCC(CCCC2CCC(C3CC(CC4CCCC4)CC4CCCCC43)C2)CC1
C1CCC(CCC2CCC(CC3CCCCC3)CC2)CC1
C1CCC(C2CC3CCCCC3C(C3CCCCC3)C2)CC1
C1CCC(CC2CC(C3CCCCC3)CC(C3CCCCC3)C2)CC1
C1CCC(CC2CCC(CCCC3CCCCC3CC3CCCCC3)CC2)CC1
C1CCC(CC2CCC(C3CCCCC3)CC2)CC1
C1CCC(CC2CCCCC2)CC1
C1CCC2C(C1)CCC2CCC1CCCC(C2CCCCC2C2CCCC2)C1
C1CCC(C2CCC(C3CCCCC3)CC2)CC1
C1CCC(CCC2CCC(CC3CCCCC3)CC2)CC1
C1CCC(CC2CCC(C3CCCCC3)C(C3CC(C4CCCCC4)C3)C2)CC1
C1CCC(C2CCC(CC3CCC(C4CCCC4)CC3)CC2)CC1
C1CCC(C2CCCCC2C2CCC(C3CCC3)C(C3CCCCC3)C2)CC1
C1CCC(CC2CCC(CC3CC(CC4CCCCC4)C4CCCCC34)CC2)CC1
C1CCC(C2CCC3C(CCC3C3CCC(C4CCCCC4C4CCCC4)CC3)C2)CC1
C1CCC(CCC2CCC(CC3CCC(C4CCCCC4)CC3)CC2)CC1
C1CCC(CCCC2CCCC(CCC3CCCCC3)C2)CC1
C1CCC(CC2CCC3C(C2)CC(C2CCC4CCCCC42)CC3C2CCCCC2)CC1
C1CCC(C2CCCCC2CC2CCCCC2C2CCC3CCCCC3C2)CC1
C1CCC(CC2CCCC(C3CCCCC3)C2)CC1
C1CCC(C2CCC3C(CCCC3C3CC(C4CCCCC4C4CCCCC4)C4CCCCC34)C2)CC1
C1CCC(CCCC2CCCC(C3CCCCC3)C2)CC1
C1CCC(CC2CCCCC2CC2CC(C3CCCCC3)C3CCCCC23)CC1
C1CCC(CC2CCC(C3CCCCC3)CC2)CC1
C1CCC(CC2CCC(CC3CCCCC3C3CCCCC3)CC2)CC1
C1CCC(C2CCC3C(CCCC3C3CCC4CCCCC4C3)C2)CC1
C1CCC(CCCC2CCCC(CCCC3CCCCC3)C2)CC1
C1CCC(CC2CCCCC2CCCC2CCC(CC3CCC(CC4CCCC4)CC3)CC2)CC1
C1CCC(CCCCC2CCC(C3CCCCC3)CC2)CC1
C1CCC(CCCCC2CCCC(C3CCCCC3)C2)CC1
C1CCC(CC2CCC(CC3CCCC(C4CCCCC4)C3)CC2)CC1
C1CCC(CCCCCC2CCCC(C3CCCCC3)C2)CC1
C1CCC(CC2CCCC(C3CCCCC3)C2)CC1
C1CCC(CCC2CCCCC2C2CCC3CCCCC32)CC1
C1CCC(CCC2CCC(CC3CCCC(CC4CCCCC4)C3)CC2)CC1
C1CCC(CC2CC(CCCC3CCCC(CC4CCC(C5CCCCC5)CC4)C3)C3CCCCC23)CC1
C1CCCCC1
C1CCC(CC2CCC(C3CCCCC3C3CCCCC3)CC2)CC1
C1CCC(C2CCC(C3CCCC3C3CCC4CCCCC4C3)CC2)CC1
C1CCC(C2CCC(CCC3CCCC(C4CCC5CCCC5C4)C3)CC2)CC1
C1CCC(CCCC2CCCC(C3CCC(CC4CCCCC4)CC3)C2)CC1
C1CCC(C2CCCCC2C2CCC3C(CCCC3C3CCCCC3)C2)CC1
C1CCC(C2CCCC(C3CCCC(C4CCCCC4)C3)C2)CC1
C1CCC(C2CCCC(CCC3CCCC(C4CC5CCCCC5C4)C3)C2)CC1
C1CCC(CCC2CCCC(C3CCCC(C(C4CCCCC4)C4CCCC4)C3)C2)CC1
C1CCC(CCC2CCCCC2C2CCCC(C3CCCCC3)C2)CC1
C1CCC(CC2CCCC(CCC3CC(C4CCC5CCCC5C4)C4CCCCC34)C2)CC1
C1CCC2CC(C3CCC4CCCCC43)CCC2C1
C1CCC(CCCC2CCC(CC3CCCCC3)CC2)CC1
C1CCC(CC2CCC(C3CCCCC3C3CCCC3)CC2)CC1
C1CCC(C2CC(CC3CCCC(CC4CC4)C3)C3CCCCC32)CC1
C1CCC(C2CCC(CCCC3CCC4CCCCC43)CC2)CC1
C1CCC(CC2CCCC(C3CCCCC3)C2)CC1
C1CCC(CC2CC(CC3CCCC(C4CCCCC4)C3)C3CCCCC23)CC1
C1CCC(CC2CCC(CC3CCCC(C4CCCC5CC(C6CCCCC6)CCC54)C3)CC2)CC1
C1CCC(C2CCCC(C3CCC4CCCC4C3)C2)CC1
C1CCC(CC2CCCCC2CC2CCC(C3CCCCC3)CC2)CC1
C1CCC(C2CC(C3CCC4CCCCC43)CC3CCC(CC4CC(CCC5CCCC5)C5CCCCC45)CC32)CC1
C1CCC(C2CCC(C3CCCCC3)C(C3CCCCC3)C2)CC1
C1CCC(CCCCC2CCC(CC3CCCCC3)CC2)CC1
C1CC(CC2CC3CCCCC3C2)CC(C2CCC(C3CCC(C4CC4)CC3)CC2)C1
C1CCC(CC2CCC(C3CCCCC3)CC2)CC1
C1CCC2CC(C3CCC(CCC4CCC5CCCCC54)CC3)CC2C1
C1CCC(CC2CCC(C3CCCCC3C3CCCCC3)CC2)CC1
C1CCC(CCC2CCCC(C3CCCCC3)C2)CC1
C1CCC(C2CCC(C3CCC4CCCC4C3)CC2C2CCCC2)CC1
C1CCC(CCC2CCCC(CCCCCC3CCC4CCCC4C3)C2CCC2CCCCC2)CC1
C1CCC(CC2CCCCC2C2CCC(C3CCCCC3)CC2)CC1
C1CCC(C2CCC(C3CCCC4CC(C5CCCCC5)CCC43)CC2)CC1
C1CCC(C2CCC(CCCCC3CCC4CCCC4C3)CC2)CC1
C1CCC(CCCC2CCC(C3CCCC(CC4CCCC4)C3)CC2)CC1
C1CCC(CCCCC2CCC(C3CCCC(CC4CCCCC4)C3)CC2)CC1
C1CCC(C2CCC(C3CC(CC4CCCC4)C4CCCCC43)CC2)CC1
C1CCC(CCCC2CCCC(C3CCC(CC4CCCCC4)CC3)C2)CC1
C1CCC(CC2CCC(CC3CCC(C4CCCC(CC5CCC6CCCCC6C5)C4)CC3)CC2)CC1
C1CCC(CCCC2CCC(C3CCC(CC4CCCCC4)CC3)CC2)CC1
C1CCC(CC2CCC(C3CCC4CCCCC4C3)CC2)CC1
C1CCC2CC(C3CCC(CC4CCCC5CCCCC54)CC3)CCC2C1
C1CCC(CC2CCCC(CC3CC(CC4CCCCC4)C4CCCCC34)C2)CC1
C1CCC(CC2CCC(C3CCC(CC4CCCC(C5CCCCC5)C4)CC3)CC2)CC1
C1CCC(CCC2C(CCC3CCC4CCCC4C3)CCCC2C2CCCCC2)CC1
C1CCC(C2CCC(CC3CCC(CCC4CCCC(C5CCC6CCCCC65)C4)CC3)CC2)CC1
C1CCC(C2CCC(C3CCCC(C4CCCC(C5CCCCC5C5CCCCC5C5CCCC5)C4)C3)CC2)C1
C1CCC(CC2CCC(C3CCCCC3C3CCCCC3)CC2)CC1
C1CCC(CC2CCCC(C3CCC(C4CCC5CCCC5C4)CC3C3CCCCC3)C2)CC1
C1CCC(CCC2CCCC(CC3CCCCC3)C2)CC1
C1CCC(C2CC3CCC(CC4CC5CCCCC5C4)CC3C(C3CCCCC3)C2)CC1
C1CCC(CC2CCC3C(C4CCCCC4)CC(C4CCCCC4)C3C2)CC1
C1CCC(C2CCCC(CC3CCCC(C4CCC(C5CC6CCCCC6C5)CC4)C3)C2)CC1
C1CCC(C2CCC(C3CCCCC3)CC2)CC1
C1CCC(C2CCCC(C3CCCC(C4CCCCC4C4CCCCC4)C3)C2)CC1
C1CCC(CC2CCC(CC3CCC(C4CCC(CC5CCCCC5)CC4)CC3)CC2)CC1
C1CCC(C2CCCC(CC3CCCCC3C3CCCCC3)C2)CC1
C1CCC(C2CCCC(CC3CC(C4CCCC4)C4CCCCC34)C2)CC1
C1CCC(C2CCCCC2CC2CCC(C3CCCCC3C3CCCCC3)CC2)CC1
C1CCC(CCCC2CCC(CCC3CCCCC3)CC2)CC1
C1CCC(CC2CCCC(C3CCC(C4CCCC(CC5CCCCC5)C4)CC3)C2)CC1
C1CCC(C2CCC(CC3CCC(CC4CC5CCCCC5C4)CC3)CC2)CC1
C1CCC(C2CCC3CCCCC3C2)CC1
C1CCC(CC2CCCC(CC3CCC(C4CCCCC4)CC3)C2)CC1
C1CCC(CCCC2CCCC(C3CCC(CC4CCC(C5CCC(CC6CCCCC6)CC5)CC4)CC3)C2)CC1
C1CCC(C2CCCCC2C2CCC(CC3CCCC3)CC2)CC1
C1CCC(C2CCCC(C3CCC4CCCCC43)C2)CC1
C1CCC(C2CCCCC2C2CCCCC2)CC1
C1CCC(C2CCCC(CCC3CCC(CC4CC4)CC3)C2)CC1
C1CCC(CC2CC(C3CCCCC3)CC(C3CC4CCCCC4C3)C2)CC1
C1CCC(C2CCC(CCCC3CCCC(C4CCCCC4)C3)CC2)CC1
C1CCC(CCCCC2CC(CC3CCCC(CCC4CCCCC4)C3)C3CCCCC23)CC1
C1CCC(CCCC2CCCC(C3CCCCC3)C2)CC1
C1CCC(C2CCCCC2C2CCCC2)CC1
C1CCC(CC2CCCC(CC3CCCC(C4CCCCC4)C3)C2)CC1
C1CCC(CC2CCC(CC3CCC(C4CCCCC4)C(CC4CCCCC4)C3)CC2)CC1
C1CCC(CC2CCC(C3CCCCC3CC3CCCCC3)CC2)CC1
C1CCC(C2CCCCC2)CC1
C1CCC(C2CCCC(C3CCCCC3)C2)CC1
C1CCC(CCC2CCCCC2C2CCC(C3CCCCC3)CC2)CC1
C1CCC(CCCC2CCCCC2)CC1
C1CCC(CC2CC(C3CCCC3)CC(C3CCCCC3)C2C2CCCCC2)CC1
C1CCC(CCC2CCCC(C3CCCCC3)C2CCC2CCCCC2)CC1
C1CCC(C2CCC(CC3CCCC(C4CCC5CCCC5C4)C3)CC2)CC1
C(CC1CCC2CCCC2C1)CC1CCCC(C2CCC(C3CCCC3)CC2)C1
C1CCC(C2CCC(C3CCC(CCC4CC5CCCCC5C4)CC3)CC2C2CCCCC2)CC1
C1CCC(C2CC(C3CCCCC3)C3CCCCC23)CC1
C1CCC(C2CCCC(C3CCCCC3)C2)CC1
C1CCC(CC2CCCC(C3CC(C4CCC4)CC(C4CCCCC4C4CCC5CCCC5C4)C3)C2)CC1
C1CCC(C2CCC(CC3CCCC(C4CCCCC4)C3)CC2)CC1
C1CCC(C2CCC(C3CCCCC3C3CCCC(C4CCCCC4)C3)CC2)CC1
C1CCC(CC2CCC(CC3CCCCC3)CC2)CC1
C1CCC(CC2CC3CCC(C4CCCCC4)CC3C(C3CCCCC3)C2)CC1
C1CCC(CC2CCCC(C3CCCCC3)C2)CC1
C1CCC(CC2CCCCC2C2CCCCC2)CC1
C1CCC(CCC2CCC(CC3CCC(C4CCCCC4)CC3CC3CCCCC3)CC2)CC1
C1CCC(C2CCCC(C3CCCCC3)C2)CC1
C1CCC(C2CCC(C3CCCCC3)CC2)CC1
C1CCC(CCCCC2CCC(CC3CCCCC3)CC2)CC1
C1CCC(CCC2CCC(C3CCCCC3CC3CCC4CCCC4C3)CC2)CC1
C1CCC(CC2CCC(C3CCCCC3CCCCC3CCCC(C4CCCCC4)C3)CC2)CC1
C1CCC(CC2CCC(CCC3CCCC4CCCC(C5CCC6CCCCC65)C43)CC2)CC1
C1CCC(C2CCCC(C3CCCCC3)C2)CC1
C1CCC(C2CCCCC2C2CCCC(C3CCC4C(CCC4C4CCCC4)C3)C2)CC1
C1CCC(C2CCCC(CC3CC(C4CCCCC4)C4CCCCC34)C2)CC1
C1CCC(CC2CCC(CCCC3CC4CCCCC4C3)C(C3CCCC3)C2)CC1
C1CCC(C2CCC3CCCC(C4CCCCC4)C3C2)CC1
C1CCC(CC2CCCC(CC3CCC(C4CCCC4)CC3)C2)CC1
C1CCC(CCC2CCC(CC3CCCCC3CC3CC3)CC2)CC1
C1CCC(CCC2CCC(CC3CCCC(CC4CCCC(C5CC5)C4)C3)CC2)CC1
C1CCC(C2CCC(C3CCCCC3)CC2)CC1
C1CCC(CCCC2CCC(C3CCCC(C4CCC(CCC5CCCCC5)CC4)C3)CC2)CC1
C1CCC(CC2CCC(C3CCC(C4CCCCC4)CC3)CC2)CC1
C1CCC(C2CCCCC2CC2CCC(C3CC4CCCCC4C3)CC2)CC1
C1CCC(CC2CCC(C3CCCC(CCCC4CC5CCCCC5C4)C3)CC2)CC1
C1CCC(CCC2CCC(C3CCC(CC4CCCC(C5CCCCC5)C4)CC3)CC2)CC1
C1CCC(CCCCC2CCCCC2CC2CCCCC2)CC1
C1CCC(CC2CCCCC2C2CCCC(C3CCCCC3)C2)CC1
C1CC(CCC2CCCC(CCC3CCC(C4CCCC4)CC3)C2)C1
C1CCC(C2CCC(C3CCCC(C4CC(C5CCCCC5)C5CCCCC45)C3)C2)CC1
C1CCC(CCC2CCC(CC(C3CCCCC3)C3CCCCC3)CC2)CC1
C1CCC(CCC2CCC(CCC3CCC(C4CCCCC4)CC3)CC2)CC1
C1CCC(C2CCC(C3CCCCC3)C(C3CCCC3)C2)CC1
C1CCC(C2CCCC(C3CCCC(C4CCCCC4)C3)C2)CC1
C1CCC(CC2CCC(CCC3CCCC(C4CCCCC4)C3)CC2)CC1
C1CCC(C2CCC(C3CCCCC3C3CCCC3)CC2)CC1
C1CCC(C2CCCC(C3CCC(C4CCCC4)CC3)C2)CC1
C1CCC(CC2CCC(C3CC3)CC2CCC2CCC(C3CCCC3)CC2)CC1
C1CCC(C2CCC(C3CCCCC3)CC2)CC1
C1CCC(C2CC(C3CCCCC3C3CCC4CCCC4C3)C3CCCCC23)CC1
C1CCC(C2CCC(CCCC3CC(CC4CCCC4)CC(C4CCCCC4)C3)CC2)CC1
C1CCC(CCCCC2CC(CCCC3CCCCC3)CC(CC3CCCCC3)C2)CC1
C(CCCC1CCC(CCCC2CCC(C3CCCCC3)CC2)CC1)CCC1CCCCC1
C1CCC(CC2CCC(C3CC(C4CCCCC4)CC(C4CC4)C3C3CCCCC3)CC2)CC1
C1CCC(CC2CCCC(C3CCCC(C4CCCCC4)C3)C2)CC1
C1CCC(CC2CC(C3CCCC(C4CCCCC4)C3)C3CC(C4CCCCC4)CCC23)CC1
C1CCC(C2CCCCC2C2CCCCC2)CC1
C1CCC(CCCC2CCC(CC3CCCC3)CC2)CC1
C1CCC(CC2CCC3C(CC4CCCCC4CC4CCCCC4)CC(C4CCCCC4)C3C2)CC1
C1CCC(CC2CCCCC2C2CCCCC2)CC1
C1CCC(CCC2CCC3CCCCC3C2)CC1
C1CCC(CCC2CCCC(C3CCC(C4CCCCC4)C3)C2)CC1
C1CCC(C2CCCCC2)CC1
C1CCC(C2CCC(C3CCCCC3)CC2)CC1
C1CCC(CC2CCCCC2C2CCC(C3CC4CCCCC4C3)CC2)CC1
C1CCC(C2CCCC(CC3CCC(CC4CCCC4)CC3)C2)CC1
C1CCC(CC2CCCCC2)CC1
C1CCC(CC2CCCC(C3CCCCC3)C2)CC1
C1CCC(CCCC2CCC(C3CCCC(C4CCCCC4)C3)CC2)CC1
C1CCC(C2CCC(C3CCCC(C4CC4)C3)CC2)CC1
C1CCC(CC2CCC(CC3CCC(CC4CC4)C(C4CCCC4)C3)CC2)CC1
C1CCC2CC(CCC3CCCC(C4CCCC(C5CCCC5)C4)C3)CCC2C1
C1CCC(CC2CCC3CC(C4CCC5CCCCC54)CC(C4CCCCC4)C3C2)CC1
C1CCC(C2CCCC(C3CCCC4CCCCC43)C2)CC1
C1CCC(CCC2CCCC(C3CCCC(C4CCCCC4)C3)C2)CC1
C1CCC(CC2CCC(C3CCCC(CC4CCCCC4)C3)CC2)CC1
C1CCC(C2CCCC(C3CCCCC3)C2)CC1
C1CCC(CCCC2CCC(CC3CCCCC3CC3CCCCC3)CC2)CC1
C1CCC(C2CCCC(CC3CCCC3)C2)CC1
C1CCC(CC2CC(CCCC3CCC(C4CCCCC4)CC3)CC(C3CCCCC3)C2)CC1
C1CCC(CC2CCCC(C3CCCC(C4CCCCC4)C3)C2)CC1
C1CCC(CCC2CC(C3CC3)CCC2CC2CCCCC2)CC1
C1CCC(CC2CCC(CC3CCC(CC4CCC5CCCC5C4)CC3)CC2)CC1
C1CCC(CC2CCCC(CC3CCC(C4CCCCC4)CC3)C2)CC1
C1CCC(CCCC2CCC(CC3CCCCC3)CC2)CC1
C1CCC(C2CCCCC2C2CCCCC2C2CCCCC2)CC1
C1CCC(CCCC2CCC(CC3CCCCC3)CC2CC2CCCCC2)CC1
C1CCC(CC2CCCC(CCC3CCC(C4CCCCC4)CC3)C2)CC1
C1CCC(CCCC2CCCCC2CC2CCCCC2)CC1
C1CCC(CC2CCC(CC3CC3)CC2CCCCCC2CCCC(C3CCCCC3)C2)CC1
C1CCC(CC2CCC(C3CCCCC3C3CCCC3)CC2)CC1
C1CCC(CC2CCCC(C3CC(C4CCCCC4)C4CCCCC34)C2)CC1
C1CCC(CCC2CCC(CC3CCCC(CC4CCC(C5CCCC5)CC4)C3)CC2)CC1
C1CCC(CCC2CC(CC3CCCCC3)C3CCC(CC4CCC5CCCCC54)CC23)CC1
C1CCC(C2CCCC(C3CCCCC3C3CCCCC3)C2)CC1
C(CCC1CCC(C2CC3CCCCC3C2)CC1)CCC1CCC2CCCC2C1
C1CCC(CCCC2CCC(C3CCCCC3)CC2)CC1
C1CCC(C2CCCCC2)CC1
C1CCC(C2CCC(CCCC3CCCC(C4CCCCC4)C3)CC2)CC1
C1CCC(CCCCC2CCC(CC3CCC(C4CCCC4)CC3)CC2)CC1
C1CCC(CC2CCC(CC3CCC(C4CCCCC4C4CCCC4)CC3)CC2)CC1
C1CCC(CC2CCC(CCC3CCC(CC4CCCCC4)CC3)CC2)CC1
C1CCC(CC2CCCC(C3CCCCC3C3CCC(C4CCCC4)CC3C3CCCC3)C2)CC1
C1CCC(CCC2CCCCC2)CC1
C1CCC(C2CCCC(CC3CCCC(C4CCCCC4)C3)C2)CC1
C1CCC(CC2CCC(C3CCCCC3CC3CCCCC3)CC2)CC1
C1CCC(C2CCCC(C3CCC(CCC4CC5CCCCC5C4)CC3)C2)C1
C1CCC(CC2CCCCC2CCCCC2CC3CCCCC3C2)CC1
C1CCC(CCCC2CCCCC2C2CCCCC2)CC1
C1CCC(CC2CCCCC2C2CCC3CCC(C4CCCCC4)CC32)CC1
C1CCC(CC2CC(C3CCCCC3)C3CC(C4CCCCC4)CCC23)CC1
C1CCC(CC2CCCC(C3CCCC(C4CCCC(C5CCCCC5)C4)C3)C2)CC1
C1CCC(CC2CC(C3CCCCC3)C3CC(C4CCCCC4)CCC23)CC1
C1CCC(CC2CCCC(C3CC(C4CCCCC4)CC(C4CCCCC4)C3)C2)CC1
C1CCC(CCC2CCC(C3CCCC(CCCCC4CC5CCCCC5C4)C3)C2)CC1
C1CCC(CCCCC2CC(C3CCCCC3)CCC2CC2CCCCC2)CC1
C1CCC(CC2CCC(CC3CCC(C4CCCC(C5CCCCC5)C4)CC3)CC2)CC1
C1CCC(CCCCCC2CCCC(CC3CCCC(C4CCCC(C5CC5)C4)C3)C2)CC1
C1CCC(CCC2CCCC(CC3CCCCC3)C2)CC1
C1CCC(C2CCCC(C3CCCCC3C3CCCC(C4CCC(CC5CC5)CC4)C3)C2)C1
C1CCC(CCCC2CCCC(CC3CCCC(CC4CCCCC4)C3)C2)CC1
C1CCC(CCCC2CCC(CC3CCCCC3)CC2C2CCCC2)CC1
C1CCC(C2CCCC(CC3CCCC(CC4CCCC4)C3)C2)CC1
C1CCC(C2CC(C3CCCCC3)C(C3CCCCC3)C3CCCC23)CC1
C1CCC(CC2CCC(CCC3CCCC(C4CCCCC4)C3)CC2)CC1
C(CCCC1CCC(C2CCCCC2)CC1)CCCC1CC(CCCC2CC2)C2CCCCC12
C1CCC(CCC2CCC(CC3CCCCC3C3CCCCC3)CC2C2CCC3CCCC3C2)CC1
C1CCC(CC2CCC(C3CC(C4CC5CCCCC5C4)C4CCCCC34)CC2)CC1
C1CCC(C2CCCC(C3CCCCC3C3CCCCC3)C2)CC1
C1CCC(C2CCCC(C(CCC3CC3)C3CCCCC3)C2)CC1
C1CCC(CCC2CCCCC2CC2CCC(CC3CCC(C4CCCCC4)CC3)CC2)CC1
C1CCC(C2CCC(CC3CC4CCCCC4C3)CC2)CC1
C1CCC(CCCCCC2CCCC(CC3CCC4C(CCC4C4CCCCC4)C3)C2)CC1
C1CCC(CCCCC2CCCCC2C2CCC(C3CCCCC3)CC2)CC1
C1CCC(C2CCCC(C3CCCCC3C3CCCC3)C2)CC1
C1CCC(CC2CCCCC2)CC1
C1CCC(CC2CCCC(C3CCCC(C4CCCCC4)C3)C2)CC1
C1CCC(CCC2CCC(CC3CCC(CC4CCCC4)CC3)CC2)CC1
C1CCC(CCCC2CCCCC2C(C2CCCCC2)C2CCCCC2)CC1
C1CCC(CCCC2CCCC(C3CCC(CC4CCC(CC5CC6CCCCC6C5)CC4)CC3)C2)CC1
C1CCC(CC2CC(C3CCCCC3CC3CCCCC3)C3CCCCC23)CC1
C1CCC(CC2CCC(CC3CCC(C4CCCC(C5CCCC(C6CCC6)C5)C4)CC3)CC2)CC1
C1CCC(CCC2CCCCC2C2CCCCC2)CC1
C1CCC(CC2CCC(CCC3CCC(C4CCC(CCC5CCC6CCCCC6C5)CC4)CC3)CC2)CC1
C1CCC(CC2CCC(CCC3CCCC(CC4CCC5CCCCC5C4)C3)CC2)CC1
C1CCC(CCC2CCC(CC3CCCCC3)C(C3CCCCC3)C2)CC1
C1CCC(C2CC(C3CCC4CCCCC43)CC3CCC(CC4CCC5CCCCC54)CC32)CC1
C1CCC(CC2CCC(C3CCC(CCC4CC4)CC3)CC2)CC1
C1CCC(CCC2CCCCC2C2CCCCC2)CC1
C1CCC(CC2CCC(C3CCCCC3C3CCC4CCCCC4C3)CC2)CC1
C1CCC(C2CCCCC2C2CCCCC2)CC1
C1CCC(C2CCC(CC3CCCCC3C3CCC4CCCCC4C3)CC2)CC1
C1CCC(CC2CCC3CC(C4CCC(CCC5CCCC5)CC4)CCC23)CC1
C1CCC(C2CCCCC2C2CCCCC2C2CCC3CCCC3C2)CC1
C1CCC(CC2CCCCC2C2CCCCC2)CC1
C1CCC(CC2CC(CC3CCC(C4CCCCC4)CC3)C3CCCCC23)CC1
C1CCC(C2CCCCC2)CC1
C1CCC(CCC2CCC(C(CCC3CCCCC3)C3CCCCC3)CC2)CC1
C1CCC(CCC2CCC(C3CCCC(C4CCCCC4)C3)C(C3CCCC3)C2)CC1
C1CCC(C2CCCC(CCC3CCCC(C4CCCCC4)C3)C2)CC1
C1CCC(CCC2CCC(C3CCCCC3)CC2)CC1
C1CCC(C2CCCC(C3CCCC(C4CCCCC4)C3)C2)CC1
C1CCC(C2CCC3CC(C4CCC5CCCCC54)CC(C4CCCCC4)C3C2)CC1
C1CCC2CC(CC3CCC(CC4CCC(CC5CC6CCCCC6C5)CC4)CC3)CC2C1
C1CCC(CCC2CCC(C3CCC(C4CCCC4)CC3)CC2)CC1
C1CCC(C2CCCC(CC3CCC(C4CCCC4)CC3)C2)CC1
C1CCC(C2CCCC(C3CCCC(C4CCCC(C5CC5)C4)C3)C2)CC1
C1CCC(CC2CCCCC2)CC1
C1CCC(CCCC2CCC(CC3CCC(C4CCCC(C5CCCC5)C4)CC3)CC2)CC1
C1CCC(CCC2CCC(CC3CCC(CCCC4CCCC4)CC3)CC2)CC1
C1CCC(CCC2CCC(CC3CCC(CCC4CCCC(C5CC5)C4)CC3)CC2)CC1
C1CCC(C2CCCC(C3CCCC(C4CCCCC4)C3)C2)CC1
C1CCC(CC2CCC(C3CCCCC3)CC2)CC1
C1CCC(C2CCCCC2)CC1
C1CCC(C2CCCC(CC3CCCCC3C3CCCCC3C3CCCC3)C2)CC1
C1CCC(CC2CCCCC2C2CCCC2)C(CC2CC2)C1
C1CCC(CC2CCC(C3CCCCC3)CC2C2CCCCC2)CC1
C1CCC(C2CCC(C3CCCCC3C3CCCCC3C3CCCC3)CC2)CC1
C1CCC(CC2CCCCC2C2CCC(C3CCCCC3)CC2C2CCCC2)CC1
C1CCC(CC2CCC(C3CCCC(C4CCCCC4)C3)CC2)CC1
C1CCC(CCC2CCC3CCC(C4CCCCC4)CC3C2)CC1
C1CCC(CCCC2CCCC(C3CCC(C4CCCC4)CC3)C2)CC1
C1CCC(CC2CCC(C3CCC(CC4CCCC(C5CCC(C6CCCC6)CC5)C4)CC3)C2)CC1
C1CCC(C2CCC(CCC3CCCC(C4CCCCC4)C3)CC2)CC1
C1CCC(C2CCCC(C3CCCCC3)C2)CC1
C1CCC(CCC2CCC(CCC3CCCC(CC4CCCCC4)C3)CC2)CC1
C1CCC(C2CCC(C3CCCCC3C3CCCCC3)CC2)CC1
C1CCC(C2CCC(CC3CCC(C4CCCCC4)CC3)CC2)CC1
C1CCC(CCC2CCC(CC3CCCCC3)CC2)CC1
C1CCC(CCCC2CCC(CC3CCCCC3)CC2)CC1
C1CCC(C2CCC(CC3CCC(C4CCCCC4)CC3)CC2)CC1
C1CCC(C2CCC(C3CCC(C4CCC4)CC3C3CCCCC3)CC2)CC1
C1CCC(C2CCC(C3CCCC(C4CCC5CCC(C6CCCCC6)CC5C4)C3)CC2)CC1
C1CCC(C2CC(C3CCC4CCCC4C3)CC(C3CCCCC3C3CCCC3)C2)CC1
C1CCC(CC2CCCC(C3CCCCC3)C2)CC1
C1CCC(C2CCCCC2C2CCCCC2)CC1
C1CCC(CCC2CCCC(CC3CCCCC3)C2)CC1
C1CCC(CC2CCC(CCCC3CCC(C4CCCCC4)CC3)CC2)CC1
C1CCC(CC2CCC(C3CCCCC3)CC2)CC1
C1CCC(CCC2C(C3CCCCC3)CC(C3CC4CCCCC4C3)CC2C2CCCCC2)CC1
C1CCC(CCCCC2CCC(C3CCCCC3)C(C3CCC4CCCC4C3)C2)CC1
C1CCC(CC2CCCC(C3CCCCC3)C2)CC1
C1CCC(CC2CCCCC2C2CCC(CCC3CCC4CCCC4C3)CC2)CC1
C1CCC(CCC2CCC(CCCC3CCC(C4CCCCC4)CC3)CC2)CC1
C1CCC(CCC2CC(CC3CCCCC3)CCC2C2CCCCC2CC2CCCC2)CC1
C1CCC(C2CCCC(C3CCC(CCC4CCC5CCCCC5C4)CC3)C2)CC1
C1CCC(CCC2CCCCC2C2CCCC(CC3CCCCC3)C2)CC1
C1CCC(C2CCCCC2C2CCCCC2CCC2CCC3CCCCC32)CC1
C1CCC(CC2CCCCC2C2CC(C3CCCCC3)C3CCCCC32)CC1
C1CCC(CC2CC(C3CCCCC3)CC(C3CCCCC3)C2)CC1
C1CCC(CC2CCCC(C3CCC(CC4CCCC(C5CCCCC5)C4)C3)C2)CC1
C1CCC(C2CCCC(C3CC(C4CCC5CCCCC54)CC4CCCCC43)C2)CC1
C1CCC(CC2CCCC(CCC3CCC(CC4CCCCC4)CC3CCC3CCC3)C2)CC1
C1CCC(CC2CCC(C3CCC(C4CCCC4)CC3)C(C3CCCC3)C2)CC1
C1CCC(C2CCC(C3CCC(C4CCCCC4C4CCCCC4)CC3)CC2)CC1
C1CCC(CC2CCC(CC3CC(C4CCCC(CC5CCCCC5)C4)C4CCCCC34)CC2)CC1
C1CCC(CC2CCCC(C3CCCCC3C3CCCCC3)C2)CC1
C1CCC(CCC2CC(C3CCCCC3)CC(C3CCCC(CC4CC5CCCCC5C4)C3)C2)CC1
C1CCC(C2CCCC(C3CCCC(C4CCCCC4)C3)C2)CC1
C1CCC(C2CCCC(CC3CCC(C4CCCC(CCC5CC(CC6CC6)C6CCCCC56)C4)CC3)C2)CC1
C1CCC(CC2CCC(C3CCCC(C4CCCC(C5CCCCC5CC5CCCC5)C4)C3)CC2)C1
C1CCC(CCC2CCCCC2CC2CCCCC2)CC1
C1CCC(C2CC(CCC3CCCC(C4CCC(C5CC5)CC4)C3)C3CCCCC32)CC1
C1CCC(CCC2CC(CC3CCCCC3)C3CCCCC23)CC1
C1CCC(CC2CCCC(C3CCCCC3)C2)CC1
C1CCC(CC2CCC(C3CCCCC3CC3CCCC3)CC2)CC1
C1CC(CC2CCCC(C3CCC(CC4CCC(CCCC5CCC6CCCCC6C5)CC4)CC3)C2)C1
C1CCC(CC2CCC(CC3CC4CCCCC4C3)CC2)CC1
C1CCC(CCCC2CCCC(C3CCCCC3)C2)CC1
C1CCC(CC2CCC(CC3CCCCC3C3CCCC(C4CCCCC4)C3)CC2)CC1
C1CCC(CCCC2CCCC(C3CCC(C4CCC(C5CCCCC5)C4)CC3)C2)CC1
C1CCC(C2CCCC(C3CCC(C4CCCCC4)C(C4CCCCC4)C3)C2)CC1
C1CCC(CCCC2CCC(CC3CCC(CC4CCCCC4C4CCCC4)CC3)CC2)CC1
C1CCC(CCC2CCC(CC3CCCCC3)CC2)CC1
C1CCC(CC2CCCC(C3CCCC(C4CCCCC4)C3)C2)CC1
C1CCC(C2CCC(C3CCCCC3)CC2)CC1
C1CCC(CC2CCC(CC3CCC(C4CCCC4)CC3)CC2)CC1
C1CCC(CC2CCC(C3CCCC(CC4CCCCC4C4CCC4)C3)CC2C2CCCC2)CC1
C1CCC(C2CCCCC2C2CCC(C3CCCC3)CC2C2CCCC2)CC1
C1CCC(CCCCC2CCCC(C3CCCC(C4CCCCC4)C3)C2)CC1
C1CCC(C2CCCC(C3CCCCC3CC3CCCC3)C2)CC1
C1CCC(CCC2CCC(CC3CCCCC3)CC2)CC1
C1CCC(CCCC2CCC(C3CCC(C4CCC5CCCCC54)CC3)CC2)CC1
C1CCC(C2CCC(CC3CCCC(C4CCCCC4)C3)CC2)CC1
C1CCC(CCCC2CCCC(CC3CCCC3)C2)CC1
C1CCC(CCC2CC(CC3CCCCC3)CC(C3CCCCC3)C2)CC1
C1CCC(CCCCCC2CCC(CC3CCCCC3)CC2)CC1
C1CCC(CCCC2CCC(CC3CCCCC3)C(C3CCCCC3)C2)CC1
C1CCC(C2CCCC(C3CCCCC3)C2)CC1
C1CCC(CC2CCC(CCC3CCC(C4CCCC(CC5CCCCC5)C4)CC3)CC2)CC1
C1CCC(CC2CCC(C3CCCCC3)C(CCCC3CC3)C2)CC1
C1CCC(CC2CCC3C(CC4CCCCC4)CCC3C2)CC1
C1CCC(CC2CCC(C3CCCCC3)CC2C2CCC3CCCC3C2)CC1
C1CCC(CC2CCC(C3CCCCC3C3CCCC3)CC2)CC1
C1CCC(CC2CCC(CC3CCC(C4CCCCC4)CC3)CC2)CC1
C1CCC(C2CCCC(C3CCCCC3)C2)CC1
C1CCC(CCC2CCCC(C3CCCC4CC(C5CCCCC5)CCC43)C2)CC1
C1CCC(CCC2CCC(CCC3CCCCC3)CC2)CC1
C1CCC(C2CCC(C3CCC(C4CCCCC4)CC3)CC2)CC1
C(CCCC1CCCC(CC2CCCCC2)C1)CCC1CCC(CC2CCCC2)CC1
C1CCC(CC2CC(C3CCC(C4CCCCC4)CC3)C3CCCCC23)CC1
C1CCC(C2CCC(C3CCCCC3)CC2)CC1
C1CCC(C2CCCCC2)CC1
C1CCC(CC2CCC(C3CCCCC3)CC2)CC1
C1CCC(CCC2CCC(C3CCCCC3)CC2C2CCCCC2)CC1
C1CCC(C2CCC(C3CCCCC3)C(CC3CCCC3)C2)CC1
C1CCC(C2CCC(C3CCCCC3)C(C3CCCC3)C2)CC1
C1CCC(CCCC2CCC(CC3CCC(C4CCCCC4)CC3)CC2)CC1
C1CCC(CCC2CCC(C3CCCC(C4CCCCC4)C3)CC2)CC1
C1CCC(CC2CCC(C3CCCCC3)CC2)CC1
C1CCC(C2CCCCC2C2CCCCC2C2CCCC2)CC1
C1CCC(CC2CC(C3CCCCC3)CCC2C2CCCCC2)CC1
C1CCC(C2CCCC(CC3CCCC(CC4CCC5CCCCC54)C3)C2)CC1
C1CCC(CC2CCC(C3CCCCC3)CC2)CC1
C1CCC(CCC2CCC(CC3CCC4CCCCC43)CC2)CC1
C1CCC(C2CCCCC2C2CCCCC2C2CCCCC2)CC1
C1CCC(CCC2CC(CC3CCCC4CCCCC43)CC(C3CCCCC3)C2)CC1
C1CCC(C2CCCC(CCCC3CCCCC3C3CCCCC3)C2)CC1
C1CCC(CCC2CCC(CC3CCC(CC4CCCCC4)CC3)CC2)CC1
C1CCC(CC2CCCC(C3CCCCC3)C2)CC1
C1CCC(CC2CCCC(CC3CCC4CC(C5CCCCC5)CCC34)C2)CC1
C1CCC(CC2CCCC(C3CCCCC3)C2)CC1
C1CCC(C2CCC(C3CCCCC3)CC2)CC1
C1CCC(CC2CCCCC2CC2CCCCC2)CC1
C1CCC(CC2CCC(CC3CCCCC3)CC2)CC1
C1CCC(CCCC2CCC(C3CCCCC3)CC2)CC1
C1CCC(CC2CCCCC2C2CCC(C3CCCC3)CC2)CC1
C1CCC(C2CCC(C3CCC(CC4CCCC4)CC3)CC2)CC1
C1CCC(CCC2CCC(CC3CCCCC3)CC2)CC1
C1CCC(CCC2CCCC(CC3CCCCC3)C2)CC1
C1CCC(CC2CCC(CCC3CCCC(CC4CC5CCCCC5C4)C3)CC2)CC1
C1CCC(CC2CCC(C3CCCCC3)C(CC3CCCCC3)C2)CC1
C1CCC(CCC2CCCCC2)CC1
C1CCC(C2CCCC(CC3CCC(CCC4CCC(C5CCC6CCCCC65)CC4)CC3)C2)CC1
C1CCC(CC2CCC(C3CCCCC3CC3CCCCC3)CC2)CC1
C1CCC(C(CCC2CCC(C3CCC4C(CCC4C4CCCCC4)C3)CC2)C2CCC2)CC1
C1CCC(CCCCC2CCC(CCCC3CC4CCCCC4C3)CC2)CC1
C1CCC(CC2CCC(CCCC3CCC(C4CCCCC4)CC3)CC2)CC1
C1CCC(C2CCC(C3CCCCC3CC3CCCCC3C3CC4CCCCC4C3)CC2)CC1
C1CCC(C2CCCC(CC3CCC(C4CCC5CCCCC5C4)CC3)C2)CC1
C1CCC(C2CCCC(C3CCC(CC4CC5CCCCC5C4)CC3)C2)CC1
C1CCC(CCC2CCC(CC3CCC(C4CCCCC4C4CCC4)CC3)CC2)CC1
C1CCC(CC2CCCC(CCC3CCCC(C4CC(C5CCCCC5)C4)C3)C2)CC1
C1CCC(CC2CCC(CC3CCC(CC4CCCCC4C4CCCCC4)CC3)CC2)CC1
C1CCC(C2CCCCC2C2CCC(CC3CC4CCCCC4C3)CC2)CC1
C1CCC(C2CCC(C3CCC(C4CCCC(C5CCCCC5)C4)CC3)CC2)CC1
C1CCC(CCCCC2CCCC(C3CC4CCCCC4C3)C2)CC1
C1CCC(CC2CCCC(CCC3CC3)C2)CC1
C1CCC(CC2CCC(C3CCCCC3)CC2)CC1
C1CCC(C2CCC(CC3CCC(C4CCC5CCCCC5C4)CC3)CC2)CC1
C1CCC(C2CCCC(C3CCC(CCC4CC5CCCCC5C4)CC3)C2)CC1
C1CCC(CCCC2CCC(C3CCCCC3)CC2)CC1
C1CCC(CC2CCC(C3CCCC(C4CCCCC4C4CCCCC4)C3)CC2)CC1
C1CCC(CC2CCC3CCCC(C4CCCCC4)C3C2)CC1
C1CCC(CC2CCCC(C3CCCC(C4CCCCC4)C3)C2)CC1
C1CCC(CCC2CCC(C3CCCC3)CC2)CC1
C1CCC(C2CCC(C3CCCC3)C(C3CCCCC3)C2)CC1
C1CCC(C2CCCC(C3CCCCC3)C2)CC1
C1CCC(C2CCCCC2C2CCC3CCCC3C2)CC1
C1CCC(CC2CCC(CC3CCC(C4CCCCC4)C3)CC2C2CCCCC2)CC1
C1CCC(CC2CCC3CC(C4CCC5CCCCC54)CCC3C2)CC1
C1CCC(C2CCC(CCC3CCC(C4CCCC4)CC3)C(C3CCCCC3)C2)CC1
C1CCC(CC2CCCCC2CC2CCCC2C2CCCC(C3CCCCC3)C2)CC1
C1CCC(CC2CCC(C3CCCCC3)CC2)CC1
C1CCC(C2CCC(C3CCCCC3)CC2)CC1
C1CCC(CC2CCC(CC3CCCCC3)CC2)CC1
C1CCC(CCCCC2CCC(CC3CCCCC3)CC2)CC1
C1CCC(CCC2CCC(C3CCC4CC(C5CCCCC5)CCC4C3)C2)CC1
C1CCC(CC2CC(CC3CCCC(CC4CC4)C3)C3CCCCC23)CC1
C1CCC(CCC2CC(CC3CCCCC3)CCC2CCC2CCCC2CC2CCCCC2)CC1
C1CCC(C2CCCC(CCCC3CCCCC3C3CCC4CCCCC4C3)C2)CC1
C1CCC(CC2CC3CCC(C4CCCCC4)CC3C(C3CCCC(C4CC4)C3)C2)CC1
C1CCC(C2CCC(CCC3CCC4CCCCC43)C(C3CCCCC3)C2)CC1
C1CCC(CCCCCC2CCC(C3CCC(CCC4CCCC4)CC3)CC2)CC1
C1CCC(CCC2CCCC(C3CCC(CCC4CCC(C5CC5)CC4)CC3)C2)CC1
C1CCC(CCC2CCCCC2C2CCCCC2C2CCCCC2)CC1
C1CCC(CCC2CCCCC2CC2CCCC(C3CC3)C2)CC1
C1CCC(CC2CCC(CC3CCCC(C4CCCCC4)C3)CC2)CC1
C1CCC(C2CCCCC2C2CCC3C(CCC3C3CCCC3)C2)CC1
C1CCC(CCC2CCC(C3CCC4CCCCC43)CC2)CC1
C1CCC(C2CCCCC2)CC1
C1CCC(CCCC2CCC(CCC3CCC4CCCCC4C3)CC2)CC1
C1CCC(CCC2CCCC(CC3CCCC(C4CCC(CC5CCCCC5C5CCCC5)CC4)C3)C2)CC1
C1CCC(CC2CCCCC2)CC1
C1CCC(CC2CCC(C3CCCCC3)CC2)CC1
C1CCC(C2CCCC(C3CCCCC3C3CCCCC3)C2)CC1
C1CCC(CCCC2CCCC(C3CCCCC3C3CCCCC3)C2)CC1
C1CCC(CC2CCC(CC3CCC(C4CCCCC4)CC3)CC2)CC1
C1CCC(CCC2CCC(CC3CCCCC3)CC2)CC1
C1CCC(CCC2CC(C3CC(CC4CCCCC4)C4CCCCC43)CCC2C2CCC2)CC1
C1CCC(C2CCCC(C3CCCC(C4CCCCC4)C3)C2)CC1
C1CCC(CCC2CC(CC3CCCC(C4CCC(CC5CCCCC5)CC4)C3)C3CCCCC23)CC1
C1CCC(CC2CCC(C3CCCC(C4CCC(C5CCCC5)CC4)C3)CC2)CC1
C1CCC(C2CCC(CC3CCC(C4CC4)CC3)CC2)CC1
C1CCC(CC2CC(C3CCCC(CC4CCC5CCCC5C4)C3)C3CCCCC23)CC1
C1CCC(CCC2CCC(CC3CCC(C4CCCCC4)CC3)CC2)CC1
C1CCC(C2CCCCC2)CC1
C1CCC(CC2CCC(C3CCCCC3)CC2)CC1
C1CCC(CC2CCC(CC3CCCCC3)CC2)CC1
C1CCC(C2CCC(C3CCC4CCCCC4C3)CC2)CC1
C1CCC(C2CCC3CC(CCC4CCCC4)CC(C4CCCCC4)C3C2)CC1
C1CCC(C2CCC(C3CC(CCC4CCCC4)C4CCCCC43)CC2)CC1
C1CCC(CC2CCC(CC3CCCCC3C3CCCCC3)CC2)CC1
C1CCC(C2CCCC(C3CCC(CCC4CC4)CC3)C2)CC1
C1CCC(CC2CCC(C3CCCCC3)CC2)CC1
C1CCC(CC2CCC(C3CCCCC3)CC2)CC1
C1CCC(CC2CCCCC2)CC1
C1CCC(C2CCCC(CC3CC4CCCC(CC5CC6CCCCC6C5)C4C3)C2)CC1
C1CCC(CC2CCCC(C3CCCCC3)C2)CC1
C1CCC(CCC2CCC(C3CCCCC3)CC2CCC2CCCCC2)CC1
C1CCC(CCC2CCC(CC3CCCC(CC4CCCCC4)C3)CC2)CC1
C1CCC(C2CCC(CCC3CCC(CC4CC5CCCCC5C4)CC3)CC2)CC1
C1CCC(CCC2CCCC(CCCC3CCC4CCCCC4C3)C2)CC1
C1CCC(C2CCCC(C3CCCCC3)C2)CC1
C1CC(CC2CCC(C3CCC4CCCCC4C3)CC2)CC(CC2CCC3CCCCC32)C1
C1CCC(C2CCCC(CC3CCCCC3C3CCCCC3)C2)CC1
C1CCC(CC2CCCC(C3CCC4CC(C5CCCCC5)CCC4C3)C2)CC1
C1CCC(C2CCC(C3CCC(C4CCC(C5CCCCC5)CC4)CC3)CC2)CC1
C1CCC(C2CCCC(CC3CCC(CCC4CCC5CCCC5C4)CC3)C2)CC1
C1CCC(C2CC(C3CCCCC3)CC(C3CC3)C2)CC1
C1CC(CC2CCCCC2CC2CC3CCCCC3C2)CC(C2CC2)C1
C1CCC(CCC2CC(C3CCCCC3)CC(C3CCCC3)C2)CC1
C1CCC(C2CC(C3CCC4CCCC4C3)CC(C3CCCCC3)C2CC2CCCC2)CC1
C1CCC(CCC2CCCCC2)CC1
C1CCC(CCCC2CCCCC2C2CCCC2)CC1
C1CCC(CCCCC2CCC3CC(CC4CCCCC4)CCC23)CC1
C1CCC(CC2CCCC(CC3CCC(CC4CCCCC4)CC3C3CCCCC3)C2)CC1
C1CCC(CCCC2CCC(CC3CCCCC3C3CCC(CC4CCCC4)CC3)CC2)CC1
C1CCC(CCCC2CCCC(C3CC(C4CCCCC4)CC(C4CCCCC4)C3)C2)CC1
C1CCC(CCC2CCC(C3CCCCC3)CC2)CC1
C1CCC(C2CCC(CCC3CC4CCCCC4C3)CC2)CC1
C1CCC(C2CCCC2C2CCC3C(CCC4CCCC(C5CCCC5)C4)CCCC3C2)CC1
C1CCC(C2CCCCC2CC2CCC(C3CCCC3)CC2)CC1
C1CCC(C(CCC2CCCCC2C2CCCC2)CC2CCC2)CC1
C1CCC(CC2CCC(CC3CC4CCCCC4C3)CC2)CC1
C1CCC(C2CCCC(C3CCCCC3)C2)CC1
C1CCC(C2CCC(C3CCCC(CC4CCCC4)C3)CC2)CC1
C1CCC(CCC2CCC(CC3CCCCC3)C(C3CCCCC3)C2)CC1
C1CCC(CCCCC2CCCC(C3CCC4C(CCCC4C4CCCCC4)C3)C2)CC1
C1CCC(CC2CCC(C3CCCC(CC4CCCCC4)C3)CC2)CC1
C1CCC(CCC2CCC(C3CCCC(C4CCCCC4)C3)CC2C2CCCC2)CC1
C1CCC(C2CCC(C3CCCC3)CC2C2CCCCC2)CC1
C1CCC(C2CCCC(CCC3CC4CCCCC4C3)C2)CC1
C1CCC(CC2CCC(CC3CCC(C4CCC(C5CCCCC5)CC4)CC3)CC2)CC1
C1CCC(CCC2CCCCC2CCC2CCCCC2)CC1
C1CCC(CCCC2CCCC(C3CCCCC3)C2CCC2CCCCC2)CC1
C1CCC(CCC2CCC(CCCC3CCCCC3C3CCCC3)CC2)CC1
C1CCC(CC2CCCC(CCCCC3CCC4CCCCC34)C2)CC1
C1CCC(CC2CCC(CC3CCCCC3)CC2)CC1
C1CCC(C2CCCC(C3CC(C4CC4)CC(C4CCCCC4CC4CC5CCCCC5C4)C3)C2)CC1
C1CCC(C2CCCC(C3CCCCC3C3CCCCC3)C2)CC1
C1CCC(C2CC(C3CCCCC3)C(C3CCCCC3)C(C3CCCCC3)C2)CC1
C1CCC(CC2CCC(C3CCCCC3)CC2)CC1
C1CCC(CC2CC(C3CCC(C4CCCCC4C4CCCC4)CC3)C3CCCCC23)CC1
C1CCC(CC2CCC(CC3CCCCC3C3CCCCC3)CC2)CC1
C1CCC(CC2CCCC(C3CCCCC3C3CCC(C4CCC5CCCCC54)CC3)C2)CC1
C1CCC(CC2CCC(C3CCC(CC4CC(C5CCCCC5)C4)CC3)CC2)CC1
C1CCC(CC2CCC(C3CCC(C4CCCC(CC5CCCC5)C4)CC3)C(C3CCCC3)C2)CC1
C1CCC(C(C2CCCC2)C2CCCC(C3CCCC(C4CCCCC4C4CCCC4)C3)C2)CC1
C1CCC(C2CC(C3CCC(CC4CCCC(CCC5CC5)C4)CC3)C2)CC1
C1CCC(CC2CC(CC3CCCC(CC4CCCC(C5CCCCC5)C4)C3)C3CCCCC23)CC1
C1CCC(C2CCCC(CC3CCCC(C4CCC5CCCCC5C4)C3)C2)CC1
C1CCC(CCCC2CC(CC3CCCC(C4CCCCC4)C3)C3CCCCC23)CC1
C1CCC(CC2CCCCC2C2CCCCC2)CC1
C(CCCC1CCCCC1)CCC1CCCCC1
C1CCC(CC2CCC(CCCCCC3CCCCC3C3CCCCC3)CC2)CC1
C1CCC(C2CCCC(CC3CCC(CC4CC5CCCCC5C4)CC3)C2)CC1
C1CCC(CC2CCC(CC3CCC(C4CCCCC4CC4CCCCC4)CC3)CC2)CC1
C1CCC(C2CCC(C3CCC(C4CCCCC4)CC3)CC2)CC1
C1CCC(CC2CCCC(C3CCC(C4CCCCC4)CC3)C2)CC1
C1CCC(CC2CCC(CC3CCC(CC4CCCC(C5CCCCC5)C4)CC3)CC2)CC1
C1CCC(CCCC2CCCC(C3CCC(C4CCCCC4)CC3)C2)CC1
C1CCC(CCC2CC(CC3CCCCC3)CC(C3CCCCC3)C2)CC1
C1CCC(C2CCCC(C3CCCC4CC(C5CCCCC5)CCC43)C2)CC1
C1CCC(CC2CCCCC2C2CCCCC2C2CCCCC2)CC1
C1CCC(CC2CCC(C3CCC(C4CCCC(C5CCCC5)C4)CC3)CC2)CC1
C1CCC(C2CC(C3CCC3)CC(C3CCCC(CC4CCCC4)C3)C2)CC1
C1CCC(CC2CCC(CC3CCCCC3CC3CCCCC3C3CCCCC3)CC2)CC1
C1CCC(C2CCCC(C3CCCCC3)C2)CC1
C1CCC(CC2CCCCC2)CC1
C1CCC(CC2CCCC(CC3CCC4CC(C5CCCCC5)CCC34)C2)CC1
C1CCC(C2CCC3CC(CCC4CCCCC4C4CCCCC4)CC3C2)CC1
C1CCC(CC2CCC(CC3CCC(C4CCCCC4)CC3)CC2)CC1
C1CCC(C2CCC(C3CCCC(C4CCCCC4CCC4CC5CCCCC5C4)C3)CC2)C1
C1CCC(CCCC2CCC(CC3CCCCC3)CC2CCCCC2CC2)CC1
C1CCC(CCCC2CCCC(C3CCCCC3)C2)CC1
C1CCC(C2CCCC(C3CCCC(CC4CCCCC4C4CCCC4)C3)C2)CC1
C1CCC(C2CCCC(CC3CCC(C4CCCC(C5CCCCC5)C4)CC3)C2)CC1
C1CCC(CCC2CCC(CC3CCCCC3)CC2)CC1
C1CCC(C2CCCCC2)CC1
C1CCC(CCC2CCCC(CC3CCCCC3)C2)CC1
C1CCC(C2CCCCC2C2CCCCC2CC2CCCC3CCCCC32)CC1
C1CCC(CCC2CCCC(C3CCCCC3)C2)CC1
C1CCC(C2CCCC(CC3CCCC(C4CC4)C3)C2)CC1
C1CCC(C2CCCC(C3CCCCC3)C2)CC1
C1CCC(C2CCC3CC(C4CCC5CCCCC54)CC(C4CCCCC4)C3C2)CC1
C1CCC(CCC2CCCC(C3CCC(C4CCCCC4CC4CCCCC4)CC3)C2)CC1
C1CCC(CCC2CCCCC2C2CCCC2)CC1
C1CCC(CCCC2CCCC(CC3CCCCC3)C2)CC1
C1CCC(CC2CCCCC2C2CCC3C(CC4CCCCC4)CCCC3C2)CC1
C1CCC(C2CCCC(C3CCCCC3C3CCCCC3)C2)CC1
C1CCC(CC2CC(C3CCCCC3CC3CCCCC3)C3CCCCC23)CC1
C1CCC(C2CC3CCC(C4CCCCC4)CC3C(C3CCCCC3)C2)CC1
C1CCC(CC2CCC(CCC(CC3CCCCC3)C3CCCCC3)CC2)CC1
C1CCC(CCCCC2CCC(C3CCC3)C(C3CCCC(C4CCC5CCCCC5C4)C3)C2)CC1
C1CCC(CC2CCCCC2C2CCC(C3CCCC(CCC4CC4)C3)CC2CCC2CCCC2)CC1
C1CCC(CCCCCC2CCCC(C3CCCCC3)C2)CC1
C1CCC(CCC2CC(CC3CCCCC3)CC(C3CCCC(CC4CCCCC4)C3)C2)CC1
C1CCC(CC2CCCC(C3CCCC(C4CCCCC4)C3)C2)CC1
C1CCC(CC2CCC(C3CCCC(C4CCCCC4)C3)CC2)CC1
C1CCC(C2CCCC(C3CCC(C4CCC5CCCCC54)CC3)C2)CC1
C1CCC(C2CCCC(C3CCCCC3)C2)CC1
C1CCC(CC2CCCCC2C2CCC(CCC3CCC(CC4CCCC4)CC3)CC2)CC1
C1CCC(C2CCC(C3CCCC(CCC4CC5CCCCC5C4)C3)CC2)CC1
C1CCC(CC2CCCC(C3CC(CC4CCCCC4)CC(CC4CCCCC4)C3)C2)CC1
C1CCC(CC2CCC(C3CCCCC3)CC2)CC1
C1CCC(CC2CCCCC2C2CCCCC2C2CCC3CCCCC32)CC1
C1CCC(CCC2CCC3CC(CC4CCCCC4)CC3C2)CC1
C1CCC(CC2CCC(C3CCCCC3)CC2C2CCC3CCCC3C2)CC1
C1CCC(CC2CCC(CC3CCC(C4CCCC(C5CCCCC5)C4)C3)CC2)CC1
C1CCC(CC2CC3CCC(C4CCCCC4)CC3C(CC3CCCCC3)C2)CC1
C1CCC(CC2CCC(CC3CCC(CC4CCC5CCCCC54)CC3)CC2)CC1
C1CCC(CC2CCC(CCCC3CC(C4CCC5CCCCC54)C4CCCCC34)CC2)CC1
C1CCC(CC2CCC(C3CCCCC3C3CCCC3)C(C3CCCCC3)C2)CC1
C1CCC(CCC2CCC(CC3CCC(C4CCCCC4)CC3)CC2)CC1
C1CCC(C2CCCCC2C2CCCC(C3CCCC(CCCC4CCC5CCCC5C4)C3)C2)CC1
C1CCC(CC2CCC(C3CCCCC3)CC2)CC1
C1CCC(C2CCCC(CC3CCC(C4CC5CCCCC5C4)CC3)C2)CC1
C1CCC(CC2CCCC(CC(C3CCCCC3)C3CCCCC3)C2)CC1
C1CCC(CCC2CCC(C3CC(CC4CCCCC4)CCC3C3CCC4CCCC4C3)CC2)CC1
C1CCC(CCCC2CCCC(C3CCCC(C4CCCC(CC5CCCCC5)C4)C3)C2)CC1
C1CCC(CC2CCCC(C3CCCCC3)C2)CC1
C1CCC(C2CCC(C3CCC(C4CCCCC4)C3)CC2)CC1
C1CCC(CCC2CCC(C3CCCCC3)CC2)CC1
C1CCC(CCCCC2C(CCCC3CCCCC3)CC(C3CCCCC3)CC2CCC2CCCCC2)CC1
C1CCC(C2CCCC(C3CC(C4CCCCC4)C4CCCCC34)C2)CC1
C1CCC(CCC2CCC(CC3CCC(C4CCCCC4)CC3)CC2)CC1
C1CCC(C2CCC(CC3CCC(C4CCCC4)CC3)CC2C2CCCCC2)CC1
C1CCC(CC2CCC3CC(C4CCC5CCCCC54)CCC3C2)CC1
C1CCC(C2CC(C3CCCCC3)C3CC(CC4CC5CCCCC5C4)CCC23)CC1
C1CCC(C2CCCCC2)CC1
C1CCC(CCC2CCC(C3CCC(C4CCCC4)CC3)CC2)C1
C1CCC(CC2CCC(C3CCCCC3)CC2)CC1
C1CCC(CCCCCC2CCC(CC3CCCCC3)CC2)CC1
C1CCC(CC2CCC3C(CC4CCCCC4)CC(CC4CCCC(CC5CCC5)C4)C3C2)CC1
C1CCC(CC2CCC(CCCCC3CCC(CC4CC5CCCCC5C4)CC3)CC2)CC1
C1CCC2CC(C3CCCC(CCCC4CCC5CCCCC54)C3)CCC2C1
C1CCC(C2CCCC(C3CC(C4CCCCC4)C4CCCCC34)C2)CC1
C1CCC(CC2CCCC(C3CCCCC3)C2)CC1
C1CCC(CC2CCCCC2C2CCCCC2)CC1
C1CCC(C2CCC(C3CCCCC3)C2)CC1
C1CCC(CC2CCC(CC3CCC(C4CCCC(C5CCCCC5)C4)CC3C3CCCCC3)CC2)CC1
C1CCC(C2CCC(C3CCCCC3C3CCCCC3)C(C3CCCCC3)C2)CC1
C(CCCC1CCC(C2CCCC2)C1)CCC1CCC(CC2CCCCC2)CC1
C1CCC(CC2CCC(C3CCCC3C3CCCCC3)CC2)CC1
C1CCC(CCC2CCCC(C3CCCCC3)C2)CC1
C1CCC(CCCC2CCC(CCCC3CCCCC3)CC2)CC1
C1CCC(CCCCC2CCCCC2C2CCCCC2)CC1
C1CCC(CC2CCC(CC3CCCCC3C3CCCCC3C3CCCC3)CC2)C1
C1CCC(CCCC2CC(CCC3CCCCC3)CC(C3CCCCC3)C2)CC1
C1CCC(CC2CCC(C3CCCCC3)CC2)CC1
C1CCC(C2CCC(C3CCCC(CC4CCCC(C5CCCCC5)C4)C3)CC2)CC1
C1CCC(C2CCC(C3CCC4CC(C5CCCCC5)CC(C5CCCCC5)C4C3)CC2)CC1
C1CCC(CCC2CCC(CCCCCC3CCCCC3CC3CCCCC3)CC2)CC1
C1CCC(CCC2CCCC(CC3CCCCC3)C2)CC1
C1CCC(CC2CC3CCCCC3C(C3CCCCC3)C2)CC1
C1CCC(C2CCCCC2CCC2CCC(C3CCCC3)CC2)CC1
C1CCC(C2CCC(CC3CCC(CCCC4CC4)CC3)CC2)CC1
C1CCC(C2CCCC(C3CCCCC3C3CCC4CCCCC4C3)C2)CC1
C1CCC(CCC2CCCC(C3CCCCC3)C2)CC1
C1CCC(C2CCC(C3CCCC(CCC4CCCC4)C3)CC2)CC1
C1CCC(C2CCCC(CC3CCCC3)C2)CC1
C1CCC(CCCC2CCC(C3CCCC(CCC4CCCCC4)C3)CC2)CC1
C1CCC(CC2CCC(CC3CCCC(C4CCCC(C5CCCC(CC6CCCCC6)C5)C4)C3)CC2)CC1
C1CCC(CC2CCC(C3CC3)CC2)CC1
C1CCC(CC2CCCC2C2CCCCC2C2CC3CCCCC3C2)CC1
C1CCC(CC2CCC(C3CCCC(C4CCCCC4)C3)CC2)CC1
C1CCC(C2CCCC(C3CCCC(C4CCC5C(CCCC5C5CCC6CCCCC65)C4)C3)C2)CC1
C1CCC(C2CCC(C3CCCCC3)C2)CC1
C(CCCC1CCCCC1C1CCC(C2CCCCC2)CC1)CCC1CCCCC1
C1CCC(CC2CCCCC2C2CCCC(C3CCCCC3)C2)CC1
C(CCC1CCC(C2CCCCC2)CC1)CCC1CCCC(C2CC2)C1
C1CCC(C2CCCC(CC3CCCCC3C3CCCC3)C2)CC1
C1CCC(CCC2CCC(CCC3CCCCC3)CC2)CC1
C1CCC(CC2CC(C3CCCCC3)C(CC3CCCCC3)C(C3CC3)C2)CC1
C1CCC(C2CCCC3CCC(CCCC4CCC5CCCCC5C4)CC32)CC1
C1CCC(CCC2CCC(CC3CC3)C(CCC3CCC(C4CCC5CCCCC5C4)CC3)C2)C1
C1CCC(CCC2CCC(C3CCCC3)CC2C2CCCCC2)CC1
C1CCC(CCC2CCCC(C3CCCCC3)C2)CC1
C1CCC(C2CCC(CC3CCC(C4CCC(C5CCCCC5)CC4)CC3)CC2)CC1
C1CCC(CCCC2CCCC(C3CCCCC3)C2)CC1
C(CCC1CC2CCCCC2C1)CC1CCC(C2CCC(CC3CC4CCCCC4C3)CC2)CC1
C1CCC(C2CCCCC2CC2CCC(CCC3CC4CCCCC4C3)CC2)CC1
C1CCC(C2CCCC(C3CC4CCCCC4C3)C2)CC1
C1CCC(C2CCC3CCCC(C4CCCCC4)C3C2)CC1
C1CCC(CC2CCCC(CCC3CCC4CCCCC4C3)C2)CC1
C1CCC(CC2CCCC(C3CCCCC3)C2)CC1
C1CCC(C2CCCC(C3CCC4CCCC4C3)C2)CC1
C1CCC(CC2CCCC(C3CCCCC3)C2)CC1
C(CCCC1CCCC(C2CCC(C3CCCC3)CC2)C1)CCC1CCCCC1
C1CCC(C2CCCC(CC3CC(C4CCC4)CC(C4CCCC(C5CC6CCCCC6C5)C4)C3)C2)C1
C1CCC(CCC2CC(C3CCC(C4CCCCC4)CC3)C3CCCCC23)CC1
C1CCC(C2CCCC(CCC3C(C4CCCCC4)CCCC3C3CCCC3)C2)CC1
C1CCC(C2CCCC(C3CCCCC3)C2)CC1
C1CCC(CC2CCC(C3CCCCC3)CC2)CC1
C1CCC(CCC2CC(C3CCCCC3)CC(C3CCCCC3)C2)CC1
C1CCC(CCC2CCC(C3CCC(CC4CCCCC4)CC3)CC2)CC1
C1CCC(C2CC(C3CCC3)CCC2C2CCC(C3CCCC(CCCC4CCCC4)C3)CC2)CC1
C1CCC(CCCCC2CC(CC3CCCCC3)CCC2CC2CCCCC2)CC1
C1CCC(CC2CCC(C3CCCCC3CCC3CCC4CCCCC43)CC2)CC1
C1CCC(CCC2CCC(CC3CCCCC3)CC2)CC1
C1CCC(CC2CCCC(CC3CCC(CC4CCCC4)CC3)C2)CC1
C1CCC(CCC2CCC(C3CCC4CC(C5CCC6CCCCC65)CCC4C3)CC2)CC1
C1CCC(CC2CCCC(CCC3CCC(CC4CCCC(C5CC5)C4)CC3)C2)CC1
C1CCC(CC2CCC(CC3CCC4CCC(C5CCCCC5)C4C3)CC2)CC1
C1CCC(CCCC2CCCC(C3CCCC(C4CCCC(C5CCCC5)C4)C3)C2)CC1
C1CCC(CC2CCC3CC(CC4CCC5CCCCC5C4)CCC23)CC1
C1CCC(CC2CCC(C3CCCCC3C3CCCCC3CC3CCCCC3)CC2)CC1
C1CCC(CCC2CCCC(C3CCC(C4CCCCC4)CC3)C2)CC1
C1CCC(C2CCCC(C3CCCC(CCCC4CCC5CCCC5C4)C3C3CCCC3)C2)CC1
C1CCC(CC2CCC(CC3CCC(C4CCCCC4)CC3)CC2)CC1
C1CCC(CC2CCC(C3CCCCC3CCC3CCCCC3C3CCCC3)CC2)CC1
C1CCC(C2CCCC(CCCCC3CCC(CC4CC4)CC3)C2)CC1
C1CCC(CCC2CCC(C3CCCCC3)CC2)CC1
C1CCC(CC2CCCC(C3CCCCC3)C2)CC1
C1CCC(C2CCCC(CC3CCC(C4CCCCC4C4CCCC5CCCCC54)CC3)C2)CC1
C1CCC(C2CCC(C3CCC(C4CCCCC4)CC3)CC2)CC1
C1CCC(CCCC(CC2CCCCC2)C2CCCCC2C2CCCCC2)CC1
C1CCC(C2CCCC(CCC3CCC(C4CCCC(CC5CCCC5)C4)CC3)C2)CC1
C1CCC(C2CCCC(CCC3CCC(CCC4CCCC4)CC3)C2)CC1
C1CCC(CC2CCCC(CC3CC4CCCC(C5CCC(CC6CCCCC6)C5)C4C3)C2)CC1
C1CCC(C(CC2CC2)C(C2CCCCC2)C2CCC(C3CC4CCCCC4C3)CC2)CC1
C1CCC(CC2CCCC(C3CC(C4CCCCC4)CC(C4CCC4)C3)C2)CC1
C1CCC(CCC2CC(CC3CC3)CC(C3CCCC(CC4CCCCC4)C3)C2)CC1
C1CCC(CC2CCC(C3CCCC(CC4CCCCC4)C3)CC2)CC1
C1CCC(CC2CCC(C3CCCCC3)CC2)CC1
C1CCC(CC2CCC3CC(C4CCC5CCCCC54)CC(C4CCCCC4)C3C2)CC1
C1CCC(C2CCC(C3CCC4CCCCC43)CC2)CC1
C1CCC(CCC2CC(CCC3CCC(CC4CCCCC4)CC3)CC(C3CCCCC3)C2)CC1
C1CCC(CC2CCC(CC3CCC(C4CC5CCCCC5C4)CC3)CC2)CC1
C1CCC(CC2CCC(CCCCCC3CCCC(C4CCCCC4)C3)CC2)CC1
C1CCC(CCC2CCC(CC3CCC4CCCCC43)CC2)CC1
C1CCC(CC2CCCC(C3CCCCC3)C2)CC1
C1CCC(C2CCC(C3CCCCC3C3CCC(CCC4CCCC4)CC3)CC2)CC1
C1CCC(C2CCC(C3CCCCC3)CC2)CC1
C1CCC(CCCCC2CCCC(C3CCCC3)C2)CC1
C1CCC(C2CCC(C3CCCCC3)CC2)CC1
C1CCC(C2CCC(C3CCCC(CC4CCCC4)C3)CC2)CC1
C1CCC(CC2CCCCC2CC(CC2CCCCC2)C2CCCCC2)CC1
C1CCC(C2CC(C3CCCCC3)CC(C3CCCCC3C3CCCCC3)C2)CC1
C1CCC(C2CCC3C(CCC3C3CCC(C4CCC4)CC3)C2)CC1
C1CCC(C2CC(C3CCC4CCCCC4C3)C3CCCCC23)CC1
C1CCC(CC2CCCC(C3CCCC(CC4CCCCC4)C3)C2)CC1
C1CCC(CCCC2CCC(C3CCC(CCC4CCCCC4)CC3)CC2)CC1
C1CCC(CCC2CCCCC2)CC1
C1CCC(C2CCC(CC3CCC(CC4CCC(C5CCCC(C6CCC6)C5)CC4)CC3)CC2)CC1
C1CCC(CC2CCC(C3CCCCC3)CC2)CC1
C1CCC(CC2CCCC(C3CCCC(C4CCCCC4)C3)C2)CC1
C1CCC(CC2CCC(C3CCCC(CCCCC4CCCC(C5CCCCC5)C4)C3)CC2)CC1
C1CCC(CC2CCC(CCCCC3CCC(C4CCCCC4)CC3)CC2)CC1
C1CCC(C2CCC(C3CCCC(C4CCCCC4)C3)CC2)CC1
C1CCC(CC2CCCCC2)CC1
C1CCC(C2CC(C3CCCC(CC4CCC5CCCCC54)C3)C3CCC(CCC4CCCC4)CC23)CC1
C1CCC(CCCCC2CCCC(CC3CCCCC3)C2)CC1
C1CCC(CCCC2CCC(C3CCCCC3)C(C3CCCCC3)C2)CC1
C1CCC(C2CCC(CC3CCC(C4CCCC(C5CCCC5)C4)CC3)CC2)CC1
C1CCC(CC2CCC(C3CCCCC3C3CCCCC3)CC2)CC1
C1CCC(CC2CCC(C3CC(C4CCCCC4)CC4CCCCC43)CC2)CC1
C1CCC(C2CCC(C3CCCCC3C3CCCCC3C3CCCC3)CC2)CC1
C(CCCC1CCCCC1)CCCC1CCC(CCC2CCC3CCCCC32)CC1
C1CCC(C2CCC3CCC(C4CCCCC4)C3C2)CC1
C1CCC(CCC2CCC(C3CCC4CCCCC4C3)CC2C2CCCCC2)CC1
C1CCC(C2CC(CC3CC(CC4CCCC(C5CCC5)C4)C4CCCCC34)CCC2C2CCC2)CC1
C1CCC(CC2CCC(CC3CCC(C4CCCC4)CC3)CC2)CC1
C1CCC(CC2CC(CC3CCC(CC4CCC(C5CCCCC5)CC4)CC3)C3CCCCC23)CC1
C1CCC(C2CCCC(C3CCCC(CC4CCCCC4C4CCC5CCCCC5C4)C3)C2)CC1
C1CCC(CC2CCCCC2C2CCCCC2)CC1
C1CCC(C2CCCC(C3CCCCC3)C2)CC1
C1CCC(CC2CC3CCC(C4CCCCC4)CC3C(C3CCC(C4CCCCC4)C3)C2)CC1
C1CCC(CC2CCCC(CC3CCCCC3C3CCCCC3)C2)CC1
C1CCC(CC2CCC(CC3CCC4CCCC4C3)CC2)CC1
C1CCC(CC2CCCCC2C2CCC3CCC(CC4CCCCC4)C3C2)CC1
C1CCC(CC2CCC(C3CCCCC3)CC2)CC1
C1CCC(C2CCCC(C3CC3)C2C2CCC3CCCC3C2)CC1
C1CCC(CC2CC(C3CCCCC3)C3CCCCC23)CC1
C1CCCCC1
C1CCC(CCCCC2CCC(C3CCC(C4CCC5CCCCC5C4)CC3)CC2)CC1
C1CCC(CCC2CCC(CC3CC4CCC(C5CCCC(C6CC6)C5)CC4C(C4CCCCC4)C3)CC2)CC1
C1CCC(CC2CCC(CC3CCCCC3C3CCCCC3)CC2)CC1
C1CCC(CC2CCCCC2CCCC2CCC3CCCCC32)CC1
C1CCC(C2CCCCC2C2CCC(CC3CCC4CCCC4C3)CC2)CC1
C1CCC(CC2CC(C3CCCCC3)CCC2CCC2CCCC(C3CCCC3)C2)CC1
C1CCC(CC2CCCC(C3CCCC(C4CCCCC4CC4CCCCC4)C3)C2)CC1
C1CCC(CCCCC2CCC3CCCC(C4CCCCC4)C3C2)CC1
C1CCC(CC2CC(C3CCC(C4CCCCC4)CC3)C3CCCCC23)CC1
C1CCC(CC2CCC(CC3CCC(C4CCCC(CC5CC6CCCCC6C5)C4)CC3)CC2)C1
C1CCC(C2CC(C3CCCCC3)CC(C3CCCC3)C2)CC1
C1CCC(C2CCCCC2C2CCCCC2)CC1
C1CCC(CCC(CC2CCCCC2)C2CCCCC2)CC1
C1CCC(CCC2CCC(CCC3CCC(CC4CCCCC4)CC3)CC2)CC1
C1CCC(CC2CC(CC3CCCC(C4CCCCC4)C3)C3CCCCC23)CC1
C1CCC(CC2CCC(C3CCCCC3)CC2)CC1
C1CCC(CCC2CCCC(C3CCCCC3)C2)CC1
C1CCC(C2CCCC(CC3CCC(CC4CC5CCCCC5C4)CC3)C2)CC1
C1CCC(C2CC(C3CCCC3)C3CCCCC23)CC1
C1CCC(CC2CCC(CCC3CC(C4CC4)C4CC(C5CCCCC5)CCC34)CC2)CC1
C1CCC(CC2CCC(C3CCCCC3C3CCC(CCC4CCCC4)CC3)CC2)CC1
C1CCC(CC2CCCC(CC3CCC(C4CCCC4)CC3)C2)CC1
C1CCC(CC2CC(C3CC3)CCC2C2CCCCC2)CC1
C1CCC(CCCCC2CCC(CCCC3CCC(CCC4CC5CCCCC5C4)CC3)CC2)CC1
C1CCC(C2CCCC(C3CCC4C(CC5CC5)CCCC4C3)C2)CC1
C1CCC(CCCCC2CCCCC2CCC2CCC(C3CCCCC3)CC2)CC1
C1CCC(CC2CCCC(C3CC(CC4CCCC4)C4CCCCC43)C2)CC1
C1CCC(CC2CCC(CC3CCCC(C4CCCCC4CC4CCCCC4)C3)CC2)CC1
C1CCC(C2CCCC(CC3CC4CC(C5CCC6CCCCC65)C(C5CCCC5)C4C3)C2)CC1
C1CCC(CCCC2CCC(C3CCCCC3C3CCCC3)C(CC3CC3)C2)CC1
C1CCC(C2CCC(C3CCCC(C4CCCCC4)C3)CC2)CC1
C1CCC(CC2CCCCC2CC2CCC3CC(CCCC4CC5CCCCC5C4)CC3C2)CC1
C1CCC(CCCCC2CCC(CC3CCCCC3)CC2)CC1
C1CCC(CCC2CCC(C3CCCCC3)CC2)CC1
C1CCC(CC2CCCCC2CC2CC(C3CCCCC3)C3CCCCC23)CC1
C1CCC(C2CCC(C3CCCC(C4CCC4)C3)CC2)CC1
C1CCC(CCC2CCCC(CC3CCCCC3)C2)CC1
C1CCC(CC2CCC(C3CCCC(C4CCCCC4)C3)CC2)CC1
C1CCC(CC2CCC(C3CCC(CC4CCCCC4)CC3)CC2)CC1
C1CCC(CC2CCC(CC3CCC(C4CCCCC4)CC3C3CCCCC3)CC2)CC1
C1CCC(CC2CCCC(CC3CCCCC3)C2)CC1
C1CCC(C2CCC(C3CCC(C4CC(C5CCC6CCCC6C5)CCC4C4CCCC4)C(C4CCCC4)C3)CC2)C1
C(CCC1CCC(C2CCC3CCC(CCCC4CCC5CCCCC5C4)C3C2)CC1)CC1CC1
C1CCC(CCC2CCC(C3CCCCC3)CC2)CC1
C1CCC(CC2CCCC(CC3CCCC(C4CCCCC4)C3)C2)CC1
C1CCC(CC2CCCCC2)CC1
C1CCC(CCC2CCC(CCCCC3CCC4CC(C5CC5)CCC4C3)CC2)CC1
C1CCC(CCC2CCCC(C3CCCCC3)C2)CC1
C1CCC(CC2CCC(C3CCCCC3)CC2)CC1
C1CCC(C2CCCC(CC3CCC(C4CCCC(C5CCCCC5)C4)CC3)C2)CC1
C1CCC(C2CCCC(C3CCCC(C4CCCCC4C4CCCC4)C3)C2)CC1
C1CCC(C2CC(C3CCC4CCCCC43)CC3CCCCC32)CC1
C1CCC(CCC2CCC(CC3CCCCC3)C(C3CCCC(C4CCCCC4)C3)C2)CC1
C1CCC(CCC2CCCC(C3CCCC(CC4CCCCC4C4CC4)C3)C2)CC1
C1CCC(CCC2CCCCC2C2CCCC2)CC1
C1CCC(CC2CCCC(C3CCCC4CCCCC43)C2)CC1
C1CCC(CCCCC2CCCCC2CCC2CCCC(C3CCCCC3)C2)CC1
C1CCC(CCC2CCCC(CC3CCCCC3)C2)CC1
C1CCC(C2CCC(CC3CCCC(CC4CCC(C5CCCC(C6CCCC6)C5)CC4)C3)C2)CC1
C1CCC(CC2CCC(CC3CCCCC3)CC2)CC1
C1CCC(CC2CCC(CCC3CCC(CCCC4CCCC(C5CCCCC5)C4)CC3)CC2)CC1
C1CCC(CC2CCC(C3CCCCC3)CC2)CC1
C1CCC(C2CCCC(C3CCC4CCCCC4C3)C2)CC1
C1CCC(CCC2CCCC3CC(C4CCCCC4)CCC23)CC1
C1CCC(C2CCCCC2)CC1
C1CCC(CC2CCC(C3CCCC(C4CCC(C5CCCCC5)CC4)C3)CC2)CC1
C1CCC(CCCC2CCC(C3CCCCC3)CC2)CC1
C1CCC(C2CCC(CCC3CCC(CC4CCC(C5CCCCC5)CC4)CC3)CC2)CC1
C1CCC(CC2CCCCC2C2CCCCC2)CC1
C1CCC(CCC2CCCC(C3CCC(C4CCCCC4)CC3)C2)CC1
C1CCC(CCC2CCC(CCC3CCCCC3)CC2)CC1
C1CCC(CCC2CCC3CC(C4CCC5CCCCC54)CC(C4CCCCC4)C3C2)CC1
C1CCC(C2CCC(C3CCC(C4CCCCC4)CC3C3CCCC3)CC2)CC1
C1CCC(CCC2CCC(C3CCC4CCCC4C3)CC2)CC1
C1CCC(CCCC2CCC(CC3CCC(CC4CCCCC4)CC3)CC2)CC1
C1CCC(CCC2CCCCC2C2CCC3CCCC3C2)CC1
C1CCC(C2CCCCC2)CC1
C1CCC(CCC2CCCCC2)CC1
C1CCC(CC2CCC(C3CCCCC3)CC2)CC1
C1CCC(CC2CCCCC2C2CCCC(C3CCCCC3)C2)CC1
C1CCC(CC2CCCC(C3CCC(C4CCCCC4)CC3C3CCCCC3)C2)CC1
C1CCC(CC2CCC(CC3CC(C4CCCCC4)CC(C4CCC4)C3)CC2)CC1
C1CCC(CCC2CCCCC2)CC1
C1CCC(C2CCCC(C3CCCCC3)C2)CC1
C1CCC(CCCC2CCC(CC3CCCC(C4CCC(C5CCC(C6CCCCC6)CC5)CC4)C3)CC2)CC1
C1CCC(C2CCCC(C3CCC(C4CCCCC4C4CCCCC4)CC3)C2)CC1
C1CCC(C2CCCC3CCCCC32)CC1
C1CCC(C2CCC(C3CCC(CC4CCCC4)CC3)CC2)CC1
C1CCC(C2CCC(CCCC3CCCCC3C3CCC(C4CCCCC4)CC3)CC2)CC1
C1CCC(CC2CCC(CC3CCCCC3)CC2)CC1
C1CCC(C2CCCC(CCC3CCC(C4CCCCC4)C3)C2)CC1
C1CCC(C2CC(CC3CCC3)CCC2CCC2CCC(CC3CCC(CC4CC4)CC3)CC2)CC1
C1CCC(CCCC2CCCC(CCC3CCCCC3)C2)CC1
C1CCC(CC2CCCC(C3CCC(CCC4CCCCC4CC4CCCCC4)CC3)C2)CC1
C1CCC(C2CCCCC2C2CCC(C3CCCCC3)C(C3CCC4CCCC4C3)C2)CC1
C1CCC(CCC2CCC(CCCCC3CC4CCCCC4C3)CC2)CC1
C1CCC(CCCCCC2CCC(CCCC3CCCCC3)CC2)CC1
C1CCC(C2CCC(C3CCCC(C4CCCC(C5CCCCC5)C4)C3)CC2)CC1
C1CCC(CC2CCC(C3CCC(CC4CCCCC4)C(C4CCCC4)C3)CC2)CC1
C1CCC(C2CCCC(C3CCCCC3C3CCCCC3CC3CC4CCCCC4C3)C2)CC1
C1CCC(CC2CCCC(CC3CCC(CC4CCCCC4C4CCCC4)CC3)C2)CC1
C1CCC(CCC2CCC(C3CCCCC3)CC2)CC1
C1CCC(CC2CCC(C3CCC(CC4CCC(C5CCCCC5)CC4)CC3)CC2)CC1
C1CCC(CCC2CCCC(CCC3CCCCC3C3CCCCC3)C2)CC1
C1CCC(CCCCCC2CCC(CCC3CC4CCCCC4C3)CC2)CC1
C1CCC(CCCC2CCC(CC3CCCCC3)CC2)CC1
C1CCC(CCC2CCC(CC3CCC(CC4CCCCC4)CC3)CC2)CC1
C1CCC(CC2CCCC(CCCCCC3CCC4CCCCC34)C2)CC1
C1CCC(CCCCC2CCCC(C(CC3CCCCC3)C3CCCCC3)C2)CC1
C1CCC(CC2CCCCC2CC2CCCC2)CC1
C1CCC(C2CCCC(CC3CCC(CCC4CCCCC4C4CCCCC4)CC3)C2)CC1
C1CCC(C2CCCCC2C2CCCCC2)CC1
C1CCC2CC(CC3CCC(CC4CCC(CCC5CC6CCCCC6C5)CC4)CC3)CCC2C1
C1CCC(CCCC2CC(C3CCCCC3)CCC2CC2CCCCC2)CC1
C1CCC(CC2CCCCC2C2CCC3CCCC3C2)CC1
C1CCC(C2CCC(C3CCC4CC(C5CCCCC5)CC(C5CCCCC5)C4C3)CC2)CC1
C1CCC(C2CCCC(C3CCC4C(CCCC4C4CCCC(C5CC5)C4)C3)C2)CC1
C1CCC(CC2CCC(CC3CCCCC3)CC2)CC1
C1CCC(CCC2CCCC(C3CCC(C4CCC5CCCCC54)CC3)C2)CC1
C1CCC(CCCC2CCCC(CCC3CC4CCCCC4C3)C2)CC1
C1CCC(CC2CCC(C3CCCC(C4CCCCC4)C3)CC2)CC1
C1CCC(C2CCC(CC3CCC(C4CCCCC4CCC4CCC5CCCC5C4)CC3)CC2)C1
C1CCC(CC2CCC(C3CCCCC3)CC2)CC1
C1CCC(CCC2CCCCC2C2CCC(C3CCCCC3CC3CCCCC3)CC2)CC1
C1CCC(CC2CCC(C3CCC(CCC4CCCC4)CC3)CC2)CC1
C1CCC(C2CCC(CC3CCC(C4CC5CCCCC5C4)C3)CC2)CC1
C1CCC(C2CCCC(C3CCC(C4CC5CCCCC5C4)CC3)C2)C1
C1CCC(CCC2CCC(C3CCCCC3)CC2)CC1
C1CCC(CCCC2CCC(C3CCC(CCC4CCCCC4)CC3)CC2)CC1
C1CCC(CC2CCC(CCCC3CCCC(CC4CCCCC4)C3)CC2)CC1
C1CCC(CC2CCC(CC3CCCC(CC4CC5CCCCC5C4)C3)CC2)CC1
C1CCC(C2CC3CCC(C4CCCC4)CC3C(C3CCCCC3)C2)CC1
C1CCC(C2CCC(CC3CC4CCCCC4C3)CC2C2CCCC2)CC1
C1CCC(C2CCC(C3CCCCC3)C(C3CC3)C2)CC1
C1CCC(C2CCC(C3CCCCC3)CC2)CC1
C1CCC(C2CCC(CCCC3CC4CCCCC4C3)CC2)CC1
C1CCC(CCCC2CCCC(C3CC(CC4CCCCC4)C4CCCCC43)C2)CC1
C1CCC(CC2CCC3C(CC4CCCCC4)CCC3C2)CC1
C1CCC(C2CCC3CCC(CC4CCCC(C5CCCCC5CC5CCCC5)C4)CC3C2)CC1
C1CCC(CC2CCCC(CC3CCCCC3C3CCC(C4CCCCC4)CC3)C2)CC1
C1CCC(CCC2CCC(CC3CCC(CC4CCCCC4)CC3)CC2)CC1
C1CCC(CCCC2CC(C3CC3)CCC2CC2CCCCC2)CC1
C1CCC(CC2CCCCC2C2CCC(C3CCC(C4CCCCC4C4CCCCC4)CC3)C2)CC1
C1CCC(CC2CCC(C3CCCCC3)CC2)CC1
C1CCC(C2CCC(C3CCC(C4CCCC(CC5CC6CCCCC6C5)C4)CC3)C2)C1
C1CCC(CC2CCC(C3CCCCC3)CC2)CC1
C1CCC(CC2CC(CC3CCCCC3)CC(C3CC3)C2)CC1
C1CCC(C2CCCCC2CCC2CCCCC2C2CCCCC2)CC1
C1CCC(CC2CCCC(CC3CCCCC3C3CCCCC3)C2)CC1
C1CCC(C2CCCCC2)CC1
C1CCC(CC2CC(C3CCCCC3)CC(C3CCCCC3)C2)CC1
C1CCC(CCC2CCC(C3CCCCC3)CC2)CC1
C1CCC(CCC2CCCCC2CC2CCCCC2)CC1
C1CCC(CC2CCC(CCCCCC3CCCCC3CC3CCCCC3)CC2)CC1
C1CCC(CCC2CCC(CC3CCCCC3)CC2CCC2CCCCC2)CC1
C1CCC(CCC2CCC(C3CCCC(C4CCCCC4)C3)CC2)CC1
C1CCC(CCC2CCC3C(CC4CCCCC4)CC(CC4CCCCC4)C3C2)CC1
C1CCC(C2CCC(C3CCCC(C4CCCC(CC5CCCC5)C4)C3)CC2)CC1
C1CCC(CCC2CCC(C3CCC4CC(C5CCC6CCCCC65)CC(C5CCCCC5)C4C3)CC2)CC1
C1CCC(C2CCC(CC3CCC(C4CCCCC4)CC3)CC2)CC1
C1CCC(C2CCC(CC3CCC(C4CCC5CCCCC5C4)C3)C2)CC1
C1CCC(C2CCCC(C3CCCCC3)C2)CC1
C1CCC(CCCC2CCCC(C3CCCC(C4CCCC4)C3)C2)CC1
C1CCC(CC2CCC(C3CCCCC3)CC2)CC1
C1CCC(CCCCC2CCCCC2C2CCCCC2)CC1
C1CCC(CCCCCC2CC(CCC3CCCCC3)C3CCCCC23)CC1
C1CCC(C2CCC(CC3CCC(C(C4CCCCC4)C4CCC(CCC5CC5)CC4)CC3)CC2)CC1
C1CCC(C2CCC(CCC3CCCCC3C3CCCCC3)CC2)CC1
C1CCC(C2CCC(C3CCCC(C4CCCCC4)C3)CC2)CC1
C1CCC(CCC2CCCC(CCC3CCCC(C4CCCCC4)C3)C2)CC1
C1CCC(CC2CCC(C3CCCC(CC4CCCC4)C3)C2)CC1
C1CCC(C2CCCC(C3CC(C4CCCC(C5CCCC5)C4)CCC3C3CCC(C4CC4)CC3)C2)CC1
C1CCC(CCCCC2CCCCC2CC2CCCCC2)CC1
C1CCC(CC2CCCC(CCC3CC(C4CCCC4)C4CCCCC34)C2)CC1
C1CCC(C2CCCCC2C2CCC(C3CCCCC3C3CCCCC3)C2)CC1
C1CCC(CC2CCCC(CC3CCC(C4CCCCC4)CC3)C2)CC1
C1CCC(CCC2CCC(CC3CCC(CCC4CCCCC4CC4CCCCC4)CC3)CC2)CC1
C1CCC(C(C2CCCCC2)C2CCCC(CC3CC3)C2)CC1
C1CCC(CC2CCCC(CC3CCCCC3)C2)CC1
C1CCC(CC2CCC(C3CCCC(C4CCCCC4C4CCCCC4C4CCCC4)C3)CC2)CC1
C1CCC(CC2CCCCC2C2CCCCC2)CC1
C1CCC(CCC2CCC(CC3CCCCC3)CC2)CC1
C1CCC2CC(CC3CCC(C4CCCCC4C4CCCC4)CC3)CC2C1
C1CCC(CC2CCC(CC3CC4CCCCC4C3)CC2)CC1
C1CCC(CCC2CCCCC2C2CCCCC2)CC1
C1CCC(CC2CCCC(CCC3CCC(CCC4CCC(C5CCCCC5)CC4)CC3)C2)CC1
C1CCC(CCC2CC(CC3CCC4CCCCC4C3)CC(C3CCCC(C4CCCCC4)C3)C2)CC1
C1CCC(CC2CCC3CC(C4CCCCC4)CCC3C2)CC1
C1CCC(CCC2CCCCC2C2CCCCC2)CC1
C1CCC(CC2CCCC(C3CCCCC3)C2)CC1
C1CCC(CC2CCC(CC3CCC(CC4CCCCC4)CC3CC3CCCCC3)CC2)CC1
C1CCC(CC2CCC(CC3CCCC(CC4CCCC(C5CCCCC5)C4)C3)CC2)CC1
C1CC(CCC2CC3CCCCC3C2)CC(CC2CCC(C3CCCC3)CC2)C1
C1CCC(C2CC(C3CCCCC3C3CCCC3)CC3CCCCC32)CC1
C1CCC(CCC2CCC(CCCC3CCCC(C4CCCCC4)C3)CC2)CC1
C1CCC(CCC2CCC(C3CCCCC3)CC2)CC1
C1CCC(CC2CC(CC3CCCCC3C3CCC4CCCCC4C3)C3CCCCC23)CC1
C1CCC(CCCC2CCCCC2C2CCCCC2)CC1
C(CCCC1CCC(C2CCCC(CCC3CCCCC3)C2)CC1)CCC1CCCCC1
C1CCC(C2CCCC(C3CCCCC3)C2)CC1
C1CCC(CCC2CCCCC2)CC1
C1CCC(CC2CCC(C3CC(CC4CCCCC4)C4CCCCC43)CC2)CC1
C1CCC(CC2CCCCC2C2CCCCC2)CC1
C1CCC(CC2CCC(CCC3CCCC(C4CCCCC4)C3)CC2)CC1
C1CCC(CCC2CCCCC2C2CCCCC2)CC1
C1CCC(C2CC(C3CCCC(C4CCC(CC5CCC5)CC4)C3)C3CCCCC23)CC1
C1CCC(CCC2CCCC(C3CC(CC4CCCC4)CCC3C3CCCCC3)C2)CC1
C1CCC2CC(C3CC(C4CCCCC4C4CC5CCCCC5C4)C4CCCCC34)CCC2C1
C1CCC(C2CCC(CCC3CCC(C4CCCCC4)CC3C3CCC4CCCC4C3)CC2)CC1
C1CCC(CC2CCCCC2C2CCCCC2)CC1
C1CCC(CCCC2CCCCC2)CC1
C1CCC(CC2CCCC(CCC3CCC(CC4CC(C5CCC5)C5CCCCC45)CC3)C2)CC1
C1CCC(CC2CCCC(CC3CCCCC3)C2)CC1
C1CCC(C2CCC(CCCCCC3CCC4CCCCC4C3)C(C3CCCC3)C2)CC1
C1CCC(C(C2CCCCC2)C2CCCC(C3CCC4CCCC4C3)C2)CC1
C1CCC(C2CCCCC2)CC1
C1CCC(CC2CCC(C3CCCC(CC4CCCCC4)C3)CC2)CC1
C1CCC(CCC2CCC(C3CCC4C(CC5CCCCC5)CCC4C3)CC2)CC1
C1CCC(C2CCC(CC3CCC(C4CCCCC4)CC3)CC2)CC1
C(CCCC1CCCCC1)CCCC1CCCCC1
C1CCC(CCCCCC2CCCC(C3CCCCC3)C2)CC1
C1CCC(C2CCCC(C3CCCC4CC(C5CCCCC5C5CCCCC5)CCC43)C2)CC1
C1CCC(C2CCCC(C3CCC(C4CCC(C5CCC5)CC4)CC3)C2)CC1
C1CCC(C2CCCC3CC(C4CCCCC4C4CCCCC4C4CCCC4)CCC32)CC1
C1CCC(CCCCC2CCCCC2C2CCCC(C3CCCCC3)C2)CC1
C1CCC(CCC2CCCC(C3CCCCC3C3CCCCC3)C2)CC1
C1CCC(C2CCCCC2)CC1
C1CCC(CC2CCC(CCC3CCC(C4CCCCC4)CC3)CC2)CC1
C1CCC(CC2CCCC(C3CCC(CCC4CCC5CCCCC54)CC3)C2)CC1
C1CCC(CC2CCC(CC3CCCCC3C3CCCCC3)CC2)CC1
C1CCC(C2CCC(C3CCCCC3)CC2)CC1
C1CCC(CCC2CCCCC2C2CCC(CC3CCCC3)CC2)CC1
C1CCC(CCC2CCC(C3CCCCC3)CC2)CC1
C1CCC(CCCC2CCC(CC3CCCCC3C3CCCCC3)CC2)CC1
C1CCC(CCC2CCC(C3CCCCC3)C(CCC3CCCCC3)C2)CC1
C1CCC(CCCC2CCC(CCC3CCCCC3)C(C3CCCC3)C2)CC1
C1CCC(C2CC(C3CCCC3)CC(C3CC(C4CCCCC4)C4CCCCC34)C2)CC1
C1CCC(CCC2C(CC3CC3)CC(C3CCCCC3)CC2C2CCCCC2)CC1
C1CCC(CC2CCC(CCCCC3CCCC(C4CCCC4)C3)CC2)CC1
C1CCC(CCCCC2CCCC(C3CCCCC3)C2)CC1
C1CCC(CC2CCC(C3CCC4CCCCC43)CC2)CC1
C1CCC(CCC2CCCC(C3CCCCC3)C2)CC1
C1CCC(CC2CCC(C3CCC(CC4CCCCC4)CC3)CC2)CC1
C1CCC(CC(CCCC2CCC(C3CCCCC3)CC2)C2CCCC2)CC1
C1CCC(CC2CC(C3CC(C4CCCCC4)C4CCCCC43)C3CCCCC23)CC1
C1CCC(CCCCC2CCCC(CCCCC3CCCCC3)C2)CC1
C1CCC(CCC2CCC(CCC3CCC(C4CCCC4)CC3)CC2)CC1
C1CCC(C2CCC(CCC3CCCC(C4CCCC4)C3)CC2C2CCCCC2)CC1
C1CCC(CC2CCC(CC3CCC(C4CCCCC4)CC3)CC2)CC1
C1CCC(C2CCCC(C3CCCCC3)C2)CC1
C1CCC(CC2CCCCC2CCCC2CCC3C(CCCC3C3CCCCC3)C2)CC1
C1CCC(C2CCC(CC3CCC(CCCC4CC4)CC3)CC2)CC1
C1CCC(CCC2CCC(C3CCCCC3)CC2)CC1
C1CCC(CC2CCC(C3CCCCC3C3CCCC3)CC2)CC1
C1CCC(CCC2CCCC(C3CCCC(C4CCCCC4)C3)C2)CC1
C1CCC(CCC2CCCCC2CCC2CCC(C3CCCCC3)CC2)CC1
C1CCC(CC2CCC(C3CCC4CCCCC43)CC2CC2CCCCC2)CC1
C1CCC(CCC2CCCCC2C2CCC(C3CCCC3)CC2C2CCC3CCCC3C2)CC1
C1CCC(CCC2CCCCC2CC2CCCCC2)CC1
C1CCC(CCCC2CCC(CC3CCCC(C4CCCCC4)C3)CC2)CC1
C1CCC(CC2CCC(C3CCC(C4CCCCC4C4CCCCC4)CC3)CC2)CC1
C1CCC(CC2CCCC(C3CCCC(CCCC4CC5CCCCC5C4)C3)C2)C1
C1CCC(CC2CC(C3CCC(CC4CCC(C5CCC5)CC4)CC3)C3CCCCC23)CC1
C1CCC(C2CCC(C3CCCCC3)CC2)CC1
C1CCC(C2CCC(CCC3CCCCC3C3CCCCC3)CC2)CC1
C1CCC(CC2CCC(CC3CC(C4CC4)CCC3CC3CCCCC3)CC2)CC1
C1CCC(CCC2CC(C3CCCCC3)CC(C3CCCCC3)C2)CC1
C1CCC(CCCCC2CCCC(C3CCCCC3)C2)CC1
C1CCC(C2CCCC(C3CCCC(C4CCCC4)C3)C2)CC1
C1CCC(CC2CCCCC2CC2CCC(C3CCCCC3)CC2)CC1
C1CCC(C2CCC(C3CCC(C4CCCC(C5CCCC5)C4)CC3)CC2)CC1
C1CCC(C2CCCC(CC3CCC(C4CCCCC4)CC3C3CCCCC3)C2)CC1
C1CCC(C2CCC(C3CCCC(CC4CCCC(C5CCC(C6CCCC6)CC5)C4)C3)CC2)C1
C1CCC(CC2CCC(C3CCC(CC4CCC(C5CCC(C6CC6)CC5)CC4)CC3)CC2)CC1
C1CCC(CCC2CCC(CCC3CCC4CC(C5CCCCC5)CCC4C3)CC2)CC1
C1CCC(CC2CCC(C3CCC(C4CCCC(C5CCCCC5)C4)CC3)C2)CC1
C1CCC(CCCC2CCC(C3CCCCC3)C2)CC1
C1CCC(CCC2CCCC(CC3CCCCC3)C2)CC1
C1CCC(C2CCC(CCC3CCC(C4CCC5CCCCC54)CC3)CC2)CC1
C1CCC(C2CCCC(C3CCC3)C2)CC1
C1CCC(C2CCC(CCCCC3CCC(CCC4CCCC(C5CCCCC5)C4)CC3)CC2)CC1
C1CCC(C2CCCC(CC3CC(C4CCCC4)C4CCC(C5CCC5)CC34)C2)CC1
C1CCC(C2CCC(C3CCC(C4CC4)CC3)CC2)CC1
C1CCC(CC2CCC3CC(C4CCCC(C5CCCCC5)C4)CCC23)CC1
C1CCC(CC2CCC(C3CCCC(C4CCCCC4)C3)CC2)CC1
C1CCC(C2CCC(CC3CCC(C4CCC4)CC3)CC2)CC1
C1CCC(CC2CCCC(C3CCC(C4CCCCC4)CC3)C2)CC1
C1CCC(C2CCC(C3CCC(C4CCC5CCCC5C4)CC3C3CCCCC3)CC2)CC1
C1CCC(C2CCC(C3CCCCC3)CC2)CC1
C1CCC(CC2CCC(C3CCCCC3)CC2)CC1
C1CCC(CC2CCCCC2C2CCCC(CC3CCC4CCCCC43)C2)CC1
C1CCC(C2CCCC(C3CCC(C4CC(C5CCCC(C6CCCCC6)C5)C5CCCCC45)CC3)C2)CC1
C1CCC(CC2CCC(CC3CCCCC3C3CCCCC3)CC2)CC1
C1CCC(CCC2CC(C3CC4CCCCC4C3)CCC2CC2CCCCC2)CC1
C1CCC(CCC2CCCCC2C2CCCC(C3CCCCC3)C2)CC1
C1CCC(C2CCC(C3CCCCC3)C(C3CCCCC3)C2)CC1
C1CCC(CC2CCCCC2C2CCCCC2)CC1
C1CCC(C2CCCC(C3CCCCC3)C2)CC1
C1CCC(C2CCC(C3CCCC(CC4CC4)C3)CC2)CC1
C1CCC(CCC2CCC(C3CCCC(CC4CC5CCCCC5C4)C3)CC2)CC1
C1CCC(CCCC2CCC(CC3CCC(C4CCCCC4)CC3)CC2)CC1
C1CCC(CCCC2CCC(CCCC3CCCCC3)CC2)CC1
C1CCC(CCC2CCCC(C3CCCCC3)C2)CC1
C1CCC(CCCCC2CCC(C3CCCCC3)CC2)CC1
C1CCC(CC2CCC(CC3CCCC(CC4CCCC4)C3)CC2)CC1
C1CCC(CC2CC(C3CCCCC3)CC(C3CCC3)C2)CC1
C1CCC(CCC2CCCCC2C2CCCCC2C2CCCCC2)CC1
C1CCC(CCCCC2CCC(CC3CCC(C4CCC4)C(C4CCCCC4)C3)C2)CC1
C1CCC(CC2CCCCC2)CC1
C1CCC(CC2CCCC(CC3CCC(CCCC4CCCC(CC5CCC5)C4)CC3)C2)CC1
C1CCC(C2CCC3C(CC4CCC(C5CCC6CCCCC6C5)CC4)CCCC3C2)CC1
C1CCC(CC2CCCCC2CC2CCCC3CCCCC32)CC1
C1CCC(CC2CCC(CCC3CCCC(C4CCCCC4)C3)CC2)CC1
C1CCC(C2CCCCC2C2CCCCC2C2CC3CCCCC3C2)CC1
C1CCC(CCC(CCC2CCCCC2)C2CCCCC2CCC2CCC(C3CC3)CC2)CC1
C1CCC(C2CCCC(C3CC(C4CCC5CCCCC54)CCC3C3CCCCC3)C2)CC1
C1CCC(CCC2CCCCC2C2CCC3C(CCCC3C3CCCCC3)C2)CC1
C1CCC(C2CC(C3CCC4CCCCC43)CC3CCC(CC4CCCC(C5CCC5)C4)CC32)CC1
C1CCC(C2CCC(C3CCCC3)CC2)CC1
C1CCC(CC2CCCC(C3CCC(C4CCCCC4)CC3)C2)CC1
C1CCC2CC(C3CCCCC3CCC3CC4CCCCC4C3)CCC2C1
C1CCC(CC2CCCC(CC3CCCC(CC4CC5CCCCC5C4)C3)C2)CC1
C1CCC(CCCCC2CCC(CCC3CCCC(C4CCC(CC5CCCCC5)CC4)C3)CC2)CC1
C1CCC(CC2CCCCC2CCC2CCCC(C3CCCCC3)C2)CC1
C1CCC(CCCC2CCC(CCC3CCC(CC4CCCCC4)CC3)CC2)CC1
C1CCC(C2CCCC(C3CCCC(C4CCCC(C5CCCCC5C5CCCC5)C4)C3)C2)CC1
C1CCC(C2CCCCC2C2CCC(C3CCCCC3C3CCCCC3)CC2)CC1
C1CCC(C2CCC(CC3CC(C4CCCCC4)C4CCCCC34)CC2)CC1
C1CCC(C2CCC(CC3CCC(CC4CCCCC4C4CCCCC4)CC3)CC2)CC1
C1CCC(C2CCC(CC3CCC(CC4CCCC(C5CCCCC5)C4)CC3)CC2)CC1
C1CCC(C2CCCC(C3CCCCC3)C2)CC1
C1CCC(CCC2CC(C3CCCCC3)CC(C3CCCCC3)C2)CC1
C1CCC(C2CCC(CC3CCC(C4CCCCC4)CC3)CC2)CC1
C1CCC(CC2CCC(CC3CC(CCC4CCCC4)CCC3C3CCCCC3)CC2)CC1
C1CCC(CCC2CCCC(C3CCCCC3)C2)CC1
C1CCC(CC2CCC(CC3CC(CC4CCCCC4)CCC3C3CCC3)C2)CC1
C1CCC(CC2CC(C3CCCCC3C3CCC4CCCCC4C3)C3CCCCC23)CC1
C1CCC(C2CCC(C3CCC(C4CCC4)CC3)CC2)CC1
C1CCC(CC2CCCC(CC3CCCC(C4CCCCC4)C3)C2)CC1
C1CCC(CC2CC(C3CCCCC3)C3CC(C4CCCCC4)CCC23)CC1
C1CCC(CC2CCCCC2C2CCCC(C3CC(C4CCCC4)CC(C4CC4)C3)C2)CC1
C1CCC(CC2CCC(C3CCCC(C4CCC(C5CCCCC5)CC4)C3)CC2)CC1
C1CCC(CCCCC2CCC(CCCC3CCCCC3)CC2)CC1
C1CCC(CCCC2CCCC(C3CCCC(CCC4CC4)C3)C2)CC1
C1CCC(CC2CCC(C3CCCCC3)CC2CC2CCCCC2)CC1
C1CCC(CCC2CCC(C3CCC(CC4CCC(C5CCCCC5)CC4)CC3)CC2)CC1
C1CCC(CCC2CCC(CCC3CCC(CC4CCCCC4)CC3)CC2)CC1
C1CCC(CC2CCC(C3CC(CC4CCCCC4)C4CCCCC43)CC2)CC1
C1CCC(CC2CCCC(C3CCCC(C4CCCCC4)C3)C2)CC1
C1CCC(C2CCC(C3CCC(C4CCCCC4C4CCCC4)CC3)CC2)CC1
C1CCC(CCCCCC2CCC(CC3CCC(CC4CC5CCCCC5C4)CC3)CC2)CC1
C1CCC(CCC2CCC(CC3CCCCC3)CC2)CC1
C1CCC(CCCC2CCCC(CC3CCCCC3)C2)CC1
C1CCC(C2CCCCC2CC2CCC(CC3CCC3)CC2)CC1
C1CCC(C2CCC(C3CCC(C4CCCCC4C4CCC5CCCCC5C4)CC3)CC2)C1
C1CCC(C2CCC(CCCC3CCCC(C4CCCCC4)C3)CC2)CC1
C1CCC(CCC2CCCC(C(CC3CCCCC3)C3CCCC(CC4CCC5CCCC5C4)C3)C2)CC1
C1CCC(CCCC2CCC(CC3CCCCC3C3CCCC3)CC2)CC1
C1CCC(CC2CCC(CC3CCC(CCCC4CCC5CCCCC54)CC3)CC2)CC1
C1CCC(CCCC2CCCC(CC3CCCCC3)C2)CC1
C1CCC(CC2CCCC(CC3CC(CC4CCCCC4)CCC3C3CCCCC3)C2)CC1
C(CCC1CC2CCCCC2C1)CC1CCCC(C2CCC(C3CCC3)CC2)C1
C(CCCC1CCC(C2CCCCC2)CC1)CCC1CCCCC1
C1CCC(CC2CCC(C3CCC3)C(C3CCCCC3)C2)CC1
C1CCC(C2CCC(CC3CCCC(CC4CC4)C3)CC2)CC1
C1CCC(CCC2CCC(CC3CCC(C4CCCC(C5CCCCC5)C4)CC3)CC2)CC1
C1CCC(C2CC(CC3CCCC(CC4CC5CCCCC5C4)C3)C3CCCCC32)CC1
C1CCC(CCC2CC(CC3CCCCC3)CC(C3CCCC(CC4CCCCC4)C3)C2)CC1
C1CCC(CCC2CCC(CC3CCC(C4CC4)CC3)CC2)C1
C1CCC(CCC2CCCC(C3CCCCC3)C2)CC1
C1CCC(CCCC2CCC(CC3CCCCC3)CC2)CC1
C1CCC(CC2CC3CCC(C4CCCCC4)CC3C(C3CCCCC3)C2)CC1
C1CC(C2CCCC(CC3CC(C4CCCC(C5CC5)C4)C4CC(C5CCCC5)CCC34)C2)C1
C1CCC(CC2CCCC(C3CCCCC3)C2)CC1
C1CCC(CCC2CCC(C3CCCCC3)C(C3CCCC3)C2)CC1
C1CCC(CC2CCC(CCC3CCCC4CC(C5CCCCC5C5CCCCC5)CCC34)CC2)CC1
C1CCC(CC2CCC(CCCC3CCCC(C4CCCC(C5CCCC5)C4)C3)CC2)CC1
C1CCC(CC2CCCCC2C2CCC(CCCCC3CC3)CC2C2CC3CCCCC3C2)CC1
C1CCC(CCC2CCC(C3CCCC3)CC2)CC1
C1CCC(CCC2CCCC(C3CCCC(C4CCCCC4)C3)C2)CC1
C1CCC(C2CCCC(CCC3CCCCC3C3CCCCC3)C2)CC1
C1CCC(CCC2CCC(C3CCC(C4CCCCC4)CC3C3CCCCC3)CC2)CC1
C1CCC(CC2CCC(C3CC3)CC2)CC1
C1CCC(CCC2CCC(C3CCCCC3C3CCC4CCCC4C3)CC2)CC1
C1CCC(C2CCCCC2C2CC(C3CCC4CCCCC4C3)C3CCCCC32)CC1
C1CCC(CC2CCCC(C3CCCCC3)C2)CC1
C1CCC(C2CCCC(C3CCC(C4CCCC4)C(C4CCCCC4)C3)C2)CC1
C1CCC(CC2CCCC(C3CCCC(CC4CCCCC4)C3)C2)CC1
C1CCC(CC2CCCC(CC3CC(C4CCCCC4)C4CCCCC34)C2)CC1
C1CCC(CC2CCC(CCCCC3CCCC(CC4CCCCC4)C3)CC2)CC1
C1CCC(C2CCCC(CCC3CCCC(C4CCCC4)C3)C2)CC1
C1CCC(C2CCCCC2C2CCCCC2)CC1
C1CCC(C2CCC3C(CCCC3C3CCCCC3)C2)CC1
C1CCC(CC2CCCC(CCC3CCC(C4CCCCC4)CC3)C2)CC1
C1CCC(CCC2CCC3C(CC4CCCCC4)CC(C4CCCCC4)C3C2)CC1
C1CCC(C2CCC(CCC3CCCC(CC4CCCC(C5CCCCC5)C4)C3)CC2)CC1
C1CCC(C2CCC(C3CCCCC3CC3CCCC(C4CCCC4)C3)CC2)CC1
C1CCC(CCCC2CCCC(C3CC(C4CC4)CC(C4CC5CCCCC5C4)C3)C2)CC1
C1CCC(C2CC(C3CCC4CCCCC43)CC3CCCCC32)CC1
C1CCC(CC2CCC(C3CCCCC3)CC2)CC1
C1CCC(CC2CCC(CCCCC3CCCC(C4CCCCC4)C3)CC2)CC1
C1CCC(C2CCC(C3CCCCC3)C(C3CCCCC3)C2)CC1
C1CCC(C2CCCCC2)CC1
C1CCC(CC2CCCC(CC3CCCC(CCC(C4CCCCC4)C4CCCCC4)C3)C2)CC1
C1CCC(CCCC2CCC(CC3CCC(C4CCCC4)CC3)CC2)CC1
C1CCC(CC2CCC(C3CCC(CC4CCC(C5CCCCC5)CC4)CC3)CC2)CC1
C1CCC(CC2CCC(CC3CCCC(CCC4CCCC5CCCCC54)C3)CC2)CC1
C1CCC(CC2CCCCC2C2CCCC(C3CCC(C4CCCCC4)CC3)C2)CC1
C1CCC(C2CCC(C3CCC(C4CCCCC4)C4CCCCC34)CC2)CC1
C1CCC(C2CCCC(C3CCCCC3)C2)CC1
C1CCC(CC2CCCC(CCCCC3CCCC(C4CC4)C3)C2)CC1
C1CCC(CC2CCC(CCC3CCCC(C4CCCCC4)C3)CC2)CC1
C1CCC(C2CCC(C3CCC(C4CCCC4)CC3C3CCCCC3)CC2)CC1
C1CCC(CCC2CCC(CCC3CCCC(C4CCCCC4)C3)CC2)CC1
C1CCC(C2CCCC(CCCC3CCCCC3C3CCCCC3)C2)CC1
C1CCC(CCCCC2CCCCC2C2CCCCC2)CC1
C1CCC(CCCC2CC(CC3CCCCC3)CC(C3CCCCC3)C2)CC1
C1CCC(CC2CCCC3CC(C4CCCCC4CC4CCC5CCCCC54)CCC23)CC1
C1CCC(CCCC2CCC(C3CCCCC3)CC2)CC1
C1CCC(CC2CCC(C3CCC(C4CCC(CC5CCCCC5)CC4)CC3)CC2)CC1
C1CCC(C2CCCC(CCC3CCCC(C4CCCC4)C3)C2)CC1
C1CCC(C2CCCC(CCCCC3CCCCC3CCC3CCC(CC4CCCC4)CC3)C2)CC1
C1CCC(C2CCC3CC(C4CCC5CCCCC54)CCC3C2)CC1
C1CCC(C2CCCC(C3CCCCC3C3CCC(CCC4CCCC4)CC3)C2)CC1
C1CCC(CC2CCCCC2)CC1
C1CCC(C2CCCC(C3CCCC(C4CCCCC4)C3)C2)CC1
C1CCC(CCCC2CCC(CCC3CCCCC3)CC2)CC1
C1CCC(CCCCCC2CCC(CC3CCCCC3)CC2)CC1
C1CCC(C2CCCC(C3CCC4CC(C5CCCCC5)CCC4C3)C2)CC1
C1CCC(C2CCCCC2CCC2CCC(C3CCCC3)CC2)CC1
C1CCC2CC(C3CCCCC3CC3CCC(CC4CCC5CCCCC54)CC3)CCC2C1
C1CCC(C2CCCCC2CC2CC(C3CCCCC3)C3CCCCC23)CC1
C1CCC(CCCCC2CCCC(CC3CCCCC3)C2)CC1
C1CCC(CC2CCC(CC3CCCCC3)CC2)CC1
C1CCC(C2CCCCC2CC2CCCC(CCC3CCC(CC4CCCC4)CC3)C2)CC1
C1CCC(CC2CCC(C3CC(C4CCC5CCCCC54)CC4CCCCC43)CC2)CC1
C1CCC(C2CCC(CC3CC4CCCCC4C3)CC2)CC1
C1CCC(CC2CCCC(C3CCCC(C4CCCCC4)C3)C2)CC1
C1CCC(CC2CC(C3CCC(C4CCCC(C5CCC5)C4)CC3)C3CCCCC23)CC1
C1CCC(C2CCCCC2C2CCC(C3CC(C4CCCC4)CCC3C3CCCCC3)C2)CC1
C1CCC(CC2CCCC(C3CCCCC3)C2)CC1
C1CCC(CCC2CCCCC2CCC2CCC(C3CCCCC3)CC2)CC1
C1CCC(CCC2CCCC(CC3CCCCC3C3CCCCC3C3CCCC3)C2)CC1
C1CCC(CCC2CCCCC2C2CCC(C3CCCCC3)CC2)CC1
C1CCC(C2CCCC(CC3CCCC(C4CCCCC4)C3)C2)CC1
C1CCC(CCC2CCCC(C3CCCCC3)C2)CC1
C1CCC(C2CCCCC2C2CCCCC2C2CCCCC2)CC1
C1CCC(C2CCCC(C3CCCC(CC4CC(CC5CCCC5)C5CCCCC45)C3)C2)CC1
C1CCC(C2CCC(C3CCCC(C4CCCCC4)C3)CC2)CC1
C1CCC(CCCC2CCC(CC3CCCCC3)CC2)CC1
C1CCC(CCC2CCCC(C3CCC(C4CCCCC4)CC3)C2)CC1
C1CCC(CCC2CCCCC2C2CCC3CCCC3C2)CC1
C1CCC(CC2CCCC(CC3CCCC(C4CCCCC4)C3)C2)CC1
C1CCC(CCC2CCC(CCCCCC3CC4CCCCC4C3)CC2)CC1
C1CC(CC2CC3CCCCC3C2)CC(C2CCC(C3CCCCC3C3CCCC3)CC2)C1
C1CCC(CCC2CCCC(C3CCCCC3)C2)CC1
C1CCC(CCCC2CCC(CC3CCC(CC4CCCCC4)C(C4CCCC4)C3)C2)CC1
C1CCC(CCC2CCCC(C3CCCC(CC4CCCCC4)C3)C2CCC2CCCCC2)CC1
C1CCC(CC2CCC(C3CCC(C4CCCCC4C4CCCCC4)CC3)CC2)CC1
C1CCC(C2CCCC(C3CCC(CCC4CC5CCCCC54)CC3)C2)CC1
C1CCC(CC2CCC(C3CCCCC3)CC2)CC1
C1CCC(CC2CC(C3CCCCC3)C3CCCCC23)CC1
C1CCC(CC2CCC(CC3CCCCC3C3CCCCC3)CC2)CC1
C1CCC(CCCC2C(CC3CCCCC3)CC(C3CCCCC3)CC2C2CCCCC2)CC1
C1CCC(CCCC2CCC(C3CCCCC3C3CCCCC3)CC2)CC1
C1CCC(CC2CCC(C3CCCC(C4CCCC(C5CCCCC5)C4)C3)CC2)CC1
C1CCC(CC2CCC(CCC3CCCC(C4CCC(C5CCC(C6CCCCC6)CC5)C4)C3)CC2)CC1
C1CCC(C2CCC(C3CCC(C4CCCC5CC(C6CCCCC6)CC54)CC3)CC2)CC1
C1CCC(C2CCCC(C3CCCC(CC4CC5CCCCC5C4)C3)C2)CC1
C1CCC(C2CCCC(C3CCCCC3)C2)CC1
C1CCC(CC2CCCCC2)CC1
C1CCC(CCC2CCC(C3CCCCC3)CC2)CC1
C1CCC(C2CCC(CCC3CCCCC3C3CCC(C4CCCCC4)CC3)CC2)CC1
C1CCC(CC2CCC(C3CCCCC3)CC2)CC1
C1CCC(C2CCCC(C3CCCC(CCC4CCC4)C3)C2)CC1
C1CCC(C2CCCCC2C2CCC(C3CCCCC3CCCC3CCC(C4CC4)CC3)C2)CC1
C1CCC(CC2CCCCC2CC2CC(C3CCCCC3)C3CCCCC23)CC1
C1CCC2CC(C3CCCCC3CC3CC4CCCCC4C3)CCC2C1
C1CCC(CC2CC(C3CCCCC3CC3CCCCC3)C3CCCCC23)CC1
C(CC1CC1)CC1CCC(CCCC2CCC(C3CCCC3)CC2)CC1
C1CCC(CC2CCC(C3CC(CC4CC4)CC(C4CCCCC4)C3)CC2)CC1
C1CCC(C2CCCC(C3CC(C4CCCCC4)CC(C4CC5CCCCC5C4)C3)C2)CC1
C1CCC(C2CCC(C3CCCCC3)CC2)CC1
C1CCC(CCC2CCC(CC3CCC(C4CCCCC4C4CCCCC4)CC3)CC2)CC1
C1CCC(CC2CCCCC2)CC1
C1CCC(CC2CCCC(C3CCC(C4CC4)CC3)C2)CC1
C1CCC(CC2CCCC(C3CCCC(C4CCCCC4)C3)C2)CC1
C1CCC(CC2CCCC(C3CCCC(C4CCCCC4)C3)C2)CC1
C1CCC(CC2CCCC(C3CCCCC3)C2)CC1
C1CCC(CCC2CCCCC2)CC1
C1CCC(CCCCC2CCC(CCC3CCC(C4CC4)CC3C3CCCCC3)CC2)CC1
C1CCC(CCC2CCCC(CC3CCCCC3)C2)CC1
C1CCC(CC2CCC(C3CCC(CC4CCCCC4)CC3)CC2)CC1
C1CCC(CC2CCC(CCCC3CC4CCCCC4C(C4CCCCC4)C3)CC2)CC1
C1CCC(C2CCC(CC3CCC(C4CCCCC4CCC4CCC5CCCC5C4)CC3)CC2)CC1
C1CCC(C2CC3CCCCC3C(C3CCCCC3)C2)CC1
C1CCC(CC2CCC3C(CCC3CC3CCCCC3CC3CCCCC3)C2)CC1
C1CCC(CCCCC2CCC(C3CCCCC3)CC2)CC1
C1CCC(CCCCC2CCC(CC3CCC(C4CC4)CC3C3CCCCC3)CC2)CC1
C1CCC(CCCC2CCC(CC3CCCC(C4CCCC4)C3)CC2C2CCCC2)CC1
C1CCC(CCC2CCC(C3CCCCC3)CC2C2CCCCC2)CC1
C1CCC(CC2CC(C3CCCCC3)CC(C3CCCCC3)C2)CC1
C1CCC(C2CCC(CC3CCCC(C4CCCCC4)C3)CC2)CC1
C1CCC(CCC2CCCC(CC3CCCCC3)C2)CC1
C1CCC(CCC2CC(C3CCC4CCCCC43)CCC2C2CCCCC2)CC1
C1CCC(CC2CCCCC2C2CCC(C3CCCCC3)CC2)CC1
C1CCC(CC2CCCC(C3CCCCC3)C2)CC1
C1CCC(C2CC3CCC(C4CCCCC4)CC3C(C3CCCCC3)C2)CC1
C1CCC(CCC2CCC(CCCCC3CCCC(C4CCCCC4)C3)CC2)CC1
C1CCC(C2CCCC(CC3CCC4CC(C5CCC5)CCC34)C2)CC1
C1CCC(CC2CCCCC2C2CCCCC2)CC1
C1CCC(C2CCC(CCC3CCCCC3C3CCCC3)CC2)CC1
C1CCC(C2CCC(CC3CCCCC3C3CCC4CCCC4C3)CC2)CC1
C1CCC(CCC2CCC(C3CCCCC3)CC2)CC1
C1CCC(CCC2CCC(C3CCCC4CC(C5CCCCC5)CCC43)CC2)CC1
C1CCC(CC2CC(CC3CCCCC3)C3CC(C4CCCCC4)CCC23)CC1
C1CCC(CCC2CCC(C3CCCCC3CC3CCCCC3)CC2)CC1
C1CCC(CC2CCC(CC3CCCCC3)CC2)CC1
C1CCC(CCC2CCC(CC3CCCCC3)CC2)CC1
C1CCC(C2CCCCC2C2CCCCC2C2CCCCC2)CC1
C1CCC(CC2CC(CC3CCCCC3)C3CCCCC23)CC1
C1CCC(C2CCC3CCC(C4CC5CCCCC5C(C5CCCCC5)C4)C3C2)CC1
C1CCC(CCC2CCC(C3CCC(C4CC5CCCCC5C4)CC3)CC2)C1
C1CCC(CCC2CCCCC2)CC1
C1CCC(C2CCCC(C3CCC4CC(CC5CCC(C6CCC6)CC5)CCC4C3)C2)CC1
C1CCC(CCC2CCC(CC3CCCCC3)CC2)CC1
C1CCC(CC2CCC(CCC3CCCC(C4CCC5CCCC5C4)C3)CC2)CC1
C1CCC(C2CCCC(CC3CCCC(C4CCCC4)C3)C2)CC1
C1CCC(CCCC2CCC(C3CCCCC3)C(C3CCC4CCCCC4C3)C2)CC1
C1CCC(C2CCCC(CC3CCC(C4CCCCC4)C(C4CCCCC4)C3)C2)CC1
C1CCC(CC(CC2CCCC(C3CCCCC3C3CCCC3)C2)C2CCCCC2)CC1
C1CCC(CCC2CC(C3CCCCC3)CC(C3CCCCC3)C2)CC1
C1CCC(C2CCCC(CCC3CC4CCCCC4C3)C2)CC1
C1CCC(CC2CCC(C3CCC(C4CC(C5CCCCC5)CC4CC4CCCCC4)C3)CC2)CC1
C1CCC(CC2CCC(C3CCCCC3)CC2)CC1
C1CCC(CC2CCC(CC3CCC(CC4CCCCC4)CC3)CC2)CC1
C1CCC(CC2CCCCC2)CC1
C1CCC(CCC2CCC(C3CCCC(CC4CCCCC4)C3)CC2)CC1
C1CCC(CC2CCCC(C3CCCCC3)C2)CC1
C1CCC(CC2CCCCC2CC2CCCCC2)CC1
C1CCC(CC2C(C3CCCC3)CCCC2C2CCCC(C3CCCC(C4CC4)C3)C2)CC1
C1CCC(CC2CCC(C3CCCCC3)CC2)CC1
C1CCC(CCCC2CCC3C(CC4CCCCC4)CC(C4CCCCC4)C3C2)CC1
C1CCC(CC2CCCC(C3CCC4CCC(CC5CCCCC5)CC43)C2)CC1
C1CCC(CC2CCCC(CC3CCC(C4CCC5CCCCC5C4)CC3)C2)CC1
C1CCC(CCCCCC2CCC(CCCC3CC4CCCCC4C3)C(C3CCCC3)C2)CC1
C1CCC(C2CCCC(C3CCC4CCCC4C3)C2)CC1
C1CCC(CC2CCCC(C3CCCCC3)C2)CC1
C1CCC(CC2CCC(CC3CCCCC3)CC2)CC1
C1CCC(CCCC2CCCC(CCC3CCCCC3)C2)CC1
C1CCC(CC2CCC(CCC3CCCC(C4CCCC(C5CCCC(C6CCCC6)C5)C4)C3)CC2)CC1
C1CCC(C2CC(CC3CCC(CC4CCCC(CC5CCCC5)C4)CC3)C3CCCCC32)CC1
C1CCC(CCCCC2CC(C3CC3)CC(C3CCCC(CC4CCCCC4)C3)C2)CC1
C1CCC(CCC2CCCC(C3CCC(CC4CCCC4)CC3)C2)CC1
C1CCC(CC2CCC(C3CCC4CCCC4C3)CC2CC2CCCCC2)CC1
C1CCC(C2CCC(C3CCCCC3C3CCC4CCCCC4C3)CC2)CC1
C1CCC(CCC2CCCC(CCCCC3CCCC(C4CCCCC4)C3)C2)CC1
C1CCC(CC2CC(C3CCCC(C4CCCC4)C3)C3CCCCC23)CC1
C1CCC(CCC2CCC(CC3CCCC(C4CCCCC4)C3)CC2)CC1
C1CCC(C2CCC(C3CC(C4CCCCC4)C4CCCCC34)CC2)CC1
C1CCC(C2CCC(C3CCC4CC(C5CCC6CCCCC65)CC(C5CCCCC5)C4C3)CC2)CC1
C1CCC(CC2CC(C3CCCCC3)CC(C3CCCCC3)C2)CC1
C1CCC(CCCC2CCC(CCC3CCCCC3)CC2)CC1
C1CCC(C2CCCC(C3CCC4CCCCC4C3)C2)CC1
C1CCC(CC2CC(C3CCCCC3)C3CCCCC23)CC1
C1CCC(CC2CCC(C3CCCC(C4CCCCC4)C3)CC2)CC1
C1CCC(CC2CC(CCCC3CCCC(C4CCCCC4)C3)C3CCCCC23)CC1
C1CCC(CC2CCC(CCC3CCC(C4CCCCC4)CC3)CC2)CC1
C1CCC(CCCC2CCCCC2C2CCC(C3CCCC(C4CCCCC4)C3)CC2)CC1
C1CCC(C2CC(C3CCCCC3)C3CC(CC4CCC4)CCC23)CC1
C1CCC(CCCCC2CCC(CC3CCC(C4CC4)CC3)CC2)CC1
C1CCC(C2CCC(CC3CCCC(C4CCC4)C3)CC2)C1
C1CCC(CCCC2CCC(CC3CCC(CCC4CCCCC4)CC3)CC2)CC1
C1CCC(CC2CCC(CC3CCCC(C4CCCCC4C4CCCC5CCCCC54)C3)CC2)CC1
C1CCC(CC2CCC(C3CCCC(C4CCCCC4)C3)CC2)CC1
C1CCC(CC2CCCCC2C2CCC(C3CC(C4CCCCC4)CC4CCCCC43)CC2)CC1
C1CCC(CCC2CCC(CC3CCC(CC4CCCCC4)CC3)CC2)CC1
C1CCC(CC2CCC(CC3CCCCC3)CC2)CC1
C1CCC(CCC2CCC(C3CCCCC3)CC2)CC1
C1CCC(C2CCCC(C3CC(C4CCCCC4)CC(C4CC4)C3)C2)CC1
C1CCC(CCCC2CCC3CCC(C4CCCCC4)C3C2)CC1
C1CCC(C2CCC3CC(C4CCCCC4)CC3C2)CC1
C1CCC(CCC2CCCC(CC3CCCC(C4CCCCC4)C3)C2)CC1
C1CCC(CC2CCCC(CC3CCC(CC4CCCCC4)CC3C3CCCCC3)C2)CC1
C1CCC(C2CC(C3CC4CCCCC4C3)CC3CCCCC32)CC1
C1CCC(CC2CC(C3CCCCC3)CC(C3CCCCC3)C2)CC1
C1CCC(CC2CCC(C3CCCC(C4CCC4)C3)CC2)CC1
C1CCC(CCC2CCCC(C3CCCC(C4CCCC4)C3)C2)CC1
C1CCC(CCC2CCC(CC3CCC(C4CCCCC4CC4CCCCC4)CC3)CC2)CC1
C1CCC(C2CC(C3CCC4CCCCC43)CC3CCC(CCCCC4CCC5CCCCC45)CC32)CC1
C1CCC(CCCC2CCC(C3CCCCC3)CC2)CC1
C1CCC(CCCCC2CCC(C3CCCCC3)CC2)CC1
C1CCC(C2CCCCC2C2CCCC2)CC1
C1CCC(C2CCC(C3CCC4CCCC4C3)C(CCC3CCCCC3CC3CCC4CCCCC4C3)C2)CC1
C1CCC(CCCCC2CCC(CC3CCC(CCC4CCCCC4)CC3)CC2)CC1
C1CCC(CC2CCCCC2)CC1
C1CCC(C2CCCC(C3CC(C4CCCC4)CCC3CCC3CCCC(C4CCC4)C3)C2)CC1
C1CCC(CCCC2CCCCC2)CC1
C1CCC(CC2CCC(C3CCCCC3)CC2)CC1
C1CCC(CC2CCC(C3CCCCC3)CC2)CC1
C1CCC(CC2CCCC(CCC3CCCC(C4CCCCC4)C3)C2)CC1
C1CCC(C2CC3CCCCC3C(C3CCCCC3)C2)CC1
C1CCC(CCCC2CCCCC2)CC1
C1CCC(CC2CCCC2C2CCC(CC3CCC(C4CCC5CCCCC54)CC3)CC2)CC1
C1CCC(C2CCCC(C3CC(CC4CCCC4)C4CCCCC43)C2)CC1
C1CC(CC2CCC3CCCCC32)CC(C2CCC3CCCC3C2)C1
C1CCC(C2CCCC(C3CCCC(CC4CC5CCCCC5C4)C3)C2)CC1
C1CCC(CCCCC2CCCC(C3CCCC3)C2)CC1
C1CCC(C2CCCC(C3CCCC(CC4CCC5CCCCC54)C3)C2)CC1
C1CCC(CCCC2CCC(C3CCC(CC4CCC5CCCC5C4)CC3)CC2)CC1
C1CCC(CC2CCC(CC3CCC(C4CCC(CC5CCCCC5)CC4)C3)CC2)CC1
C1CCC(CCC2CCC(CC3CCCCC3)CC2)CC1
C1CCC(CCC2CC(CC3CCCCC3)CCC2C2CCC(C3CCCCC3)CC2)CC1
C1CCC(CCC2CCC(C3CCC(C4CC4)CC3)CC2)CC1
C1CCC(C2CCCC(C3CCCCC3)C2)CC1
C1CCC(C2CCCC(C3CCCCC3)C2)CC1
C1CCC(CCC2CCC(CC3CCCCC3)CC2C2CCCCC2)CC1
C1CCC(CCCC2CCC(C3CCC(C4CCC5CCCCC5C4)CC3)CC2)CC1
C1CCC(CCC2CCC(C3CCCCC3)CC2)CC1
C1CCC(CC2CCC(CC3CCCCC3)CC2)CC1
C1CCC(CCC2CCCC(CC3CCC(CC4CCCCC4)CC3)C2)CC1
C1CCC(CCC2CC(C3CCC4CCCCC43)CC3CCCCC32)CC1
C1CCC(C2CCCCC2C2CCC3CCCCC32)C1
C1CCC(CCCCC2CCC(CC3CCC(CC4CCCCC4)CC3)CC2)CC1
C1CCC(C2CCCC(CC3CCCC(C4CCCCC4)C3)C2)CC1
C1CCC(C2CC(C3CCCC3)CC(C3CCC(C4CC5CCCCC5C4)CC3)C2)CC1
C1CCC(CC2CCC(C3CCCCC3)CC2)CC1
C1CCC(C2CCC(C3CC4CCCCC4C(C4CCCCC4)C3)CC2)CC1
C1CCC(CC2CCC(CCC(CC3CCCCC3)C3CCCCC3)CC2)CC1
C1CCC(C2CCCC(C3CCCCC3C3CCCCC3)C2)CC1
C1CCC(CC2CCCCC2C2CCC(C3CCCCC3)CC2C2CCCCC2)CC1
C1CCC2CC(CCC3CCCC(C4CCCCC4C4CCCC4)C3)CCC2C1
C1CCC(C2CCC(C3CCCCC3C3CCCCC3)CC2)CC1
C1CCC(CCC2CCC(C3CCCCC3C3CCC4CCCC4C3)CC2)CC1
C1CCC(CCC2CCC(CCCC3CCC(C4CCCCC4)CC3)CC2)CC1
C1CCC(CC2CCC3CCCC3C2)CC1
C1CCC(C2CCCC(CCCC3CCCC3)C2)CC1
C1CCC(CCC2CCC(CC3CCC(C4CCCCC4)CC3)CC2)CC1
C1CCC(CC2CCC(CCC3CCCC(CC4CCCCC4)C3)CC2)CC1
C1CCC(CC2CCCC(CC3CCCCC3)C2)CC1
C1CCC(C2CCCCC2C2CCCCC2)CC1
C1CCC(CCC2CCCC(C3CCC(CC4CCCCC4)CC3)C2)CC1
C1CCC(CC2CCC(CCCC3CCCC3C3CCCC(C4CCC(CC5CCCCC5)CC4)C3)CC2)CC1
C1CCC(C2CCCC(C3CCCC(C4CCC5CCCCC5C4)C3)C2)CC1
C1CCC(C2CCC(C3CCCCC3)C(C3CCCCC3)C2)CC1
C1CCC(C2CCCC(C3CC(C4CCCCC4)CC(C4CCCC4)C3)C2)CC1
C1CCC(C2CCC(C3CCCC3)CC2)CC1
C1CCC(C2CCC(CC3CCC(CCC4CCCC4)CC3)CC2)CC1
C1CCC(CCCC2CCCC(C3CCC(CC4CC4)CC3)C2)CC1
C1CCC(CCC2CCCC(CC3CCCCC3)C2)CC1
C1CCC(CC2CCCC(C3CCC4C(CCCC4C4CCC4)C3)C2)CC1
C1CCC(C2CCCCC2C2CCC3C(CCCC3C3CCCCC3)C2)CC1
C1CCC(C2CCCCC2C2CCCCC2CC2CCCC(C3CCCC3)C2)CC1
C1CCC(C2CCCCC2)CC1
C1CCC(CC2CCCC(C3CCC(C4CCCCC4)CC3)C2)CC1
C1CCC(CCCC2CCCC(CC3CCCCC3)C2)CC1
C1CCC(CCCCC2CCC(CC3CCCCC3C3CCCCC3)CC2)CC1
C1CCC(CCC2CC3CCCCC3C2)CC1
C1CCC(CC2CCCCC2C2CCCCC2)CC1
C1CCC(CC2CCCC(CC3CCC(CC4CCC(CC5CC6CCCCC6C5)CC4)CC3)C2)CC1
C1CCC(C2CCCC(C3CCCCC3)C2)CC1
C1CCC(CCCCC2CCCCC2C2CCC(C3CCC4CCCC4C3)CC2)CC1
C1CCC(CCC2CCCCC2CC2CCC(C3CCCCC3)C(C3CCCC3)C2)CC1
C1CCC(CCC(CC2CCCCC2)C2CCCCC2)CC1
C1CCC(CC2CCCC(C3CCC4CCCC4C3)C2)CC1
C1CCC(C2CCCC3CC(C4CCC(C5CCCC5)CC4)CCC32)CC1
C1CCC(CC2CCCCC2C2CCCCC2)CC1
C1CCC(CCCCC2CC(CC3CCC(CC4CCCCC4)CC3)CCC2CCC2CCCCC2)CC1
C1CCC(CCC2CCCC(CCC3CCC(CC4CCCCC4)CC3)C2)CC1
C1CCC(CCC2CCC3C(CC4CCCCC4)CC(CC4CCCCC4)C3C2)CC1
C1CCC(C2CCCCC2C2CCCCC2)CC1
C1CCC(CC2CCCC(C3CCC(C4CCCCC4)C(C4CCCC4)C3)C2)CC1
C1CCC(C2CCC(C3CCC4CCCC4C3)CC2)CC1
C1CCC(CCC2CCCC(C3CCC(CC4CCCCC4)CC3)C2)CC1
C1CCC(CCC2CCC(CC3CCCCC3)CC2)CC1
C1CCC(C2CCCCC2C2CCCC(CC3CC4CCCCC4C3)C2)CC1
C1CCC(CCC2CCCC(C3CCCCC3)C2)CC1
C1CCC(CC2CCCCC2CC2CCC3CCCC(C4CCCCC4)C3C2)CC1
C1CCC(CC2CCCC(C3CCCCC3)C2)CC1
C1CCC(CCCCC2CCC(C3CCC3)C(C3CCCCC3)C2)CC1
C1CCC(CCC2CCCCC2C2CCCCC2)CC1
C1CCC(C2CCC(C3CCC(C4CC4)CC3C3CCC4CCCC4C3)C(C3CCCC3)C2)CC1
C1CCC(C2CCC(C3CCCC(C4CCCCC4)C3)CC2)CC1
C1CCC(CC(CC2CCCCC2)C2CCC(C3CCCCC3)CC2)CC1
C1CCC(C2CC(C3CCCC3)C3CCCCC23)CC1
C1CCC(CCCC2CCC(CC3CCCCC3)CC2)CC1
C1CCC(CCCCC2CC(CC3CCC(C4CCCCC4)CC3)C3CCCCC23)CC1
C1CCC2CC(C3CCCCC3C3CCCCC3C3CCC4CCCC4C3)CCC2C1
C1CCC(C2CC(C3CCC3)CC(C3CCCCC3CCCCC3CCC3)C2)CC1
C1CCC(CC2CCC(C3CC(CC4CCCCC4)C4CCCCC43)CC2)CC1
C1CCC(C2CCCC(C3CCCCC3C3CCCCC3)C2)CC1
C1CCC(CC2CC(CC3CCCCC3)C3CCCCC23)CC1
C(CCCC1CCCC(C2CCCCC2)C1)CCC1CCCCC1
C1CCC(CCC2CCCC(C3CCCCC3)C2)CC1
C1CCC(CCC2CCC(C3CCCC(CC4CC5CCCCC5C4)C3)CC2)CC1
C1CCC(CCC2CCCCC2C2CCCC2C2CCC(CC3CCCCC3)CC2)CC1
C1CCC(CC2CCC(C3CCCCC3)CC2)CC1
C1CCC(CCCCC2CCC(CC3CCCCC3)CC2)CC1
C1CCC(C2CCCCC2)CC1
C1CCC(CCC2CCCCC2CCC2CCCCC2)CC1
C1CCC(C2CCC(CC3CCC(CCC4CCC(C5CCCC5)CC4)C(C4CCCC4)C3)CC2)CC1
C1CCC(CCC2CCCCC2CC2CCCCC2)CC1
C1CCC(C2CCCCC2C2CCC3CCCC3C2)CC1
C1CCC(CC2CCCC(C3CCCCC3)C2)CC1
C1CCC(CC2CCC(CC3CCCCC3C3CCCCC3)CC2)CC1
C1CCC(C2CCC(CCC3CCCCC3C3CCC4CCCC4C3)CC2)CC1
C1CCC(CCC2CC(C3CCCCC3)CCC2CC2CCCCC2)CC1
C1CCC(C2CCCC(CC3CCC(C4CCCC5CCCCC54)CC3)C2)CC1
C1CCC(CCC2CCCC(C3CCCCC3C3CCCCC3)C2)CC1
C1CCC(CC2CCC(C(CCCCC3CCC(C4CCCCC4)CC3)C3CCCC3)CC2)CC1
C1CCC(CC2CCCC(C3CCC(CC4CCC5CCCCC54)CC3)C2)CC1
C1CCC(CC2CCCCC2C2CCCCC2)CC1
C1CCC(CCCC2CC(CCC3CCCCC3)CC(CC3CCCCC3)C2)CC1
C1CCC(CC2CCC(CC3CCC(C4CCCCC4)CC3)CC2)CC1
C1CCC(CCC2CCCC(C3CCC3)C2)CC1
C1CCC(C2CCCCC2C2CCC(CC3CCC(C4CCCC4)CC3)CC2)CC1
C1CCC(CC2CCCC(C3CC(CC4CCCCC4)CC(C4CC4)C3)C2)CC1
C1CCC(CC2CCCC(CC3CCCCC3)C2)CC1
C1CCC(CC2CCC(CCC3CCCC(C4CCCCC4)C3)CC2)CC1
C1CCC(CC2CC(C3CCCCC3)CC(CC3CC3)C2C2CCCCC2)CC1
C1CCC(CC2CCCC(C3CCC4CCC(C5CCCCC5)CC4C3)C2)CC1
C1CCC(C2CCCC(CC3CCC(C4CCC5CCCCC5C4)CC3)C2)CC1
C1CCC(CC2CCC(CC3CCC(C4CCCCC4)CC3)CC2)CC1
C1CCC(CCC2CCC(C3CCCCC3)C(C3CCCCC3)C2)CC1
C1CCC(CCCC2CCCC(C3CCCC(C4CCCC(C5CCCCC5)C4)C3)C2)CC1
C1CCC(CC2CCC(C3CCCC(CC4CC5CCCCC5C4)C3)CC2)CC1
C1CCC(C2CCC(C3CCCCC3)CC2)CC1
C1CCC(CC2CCC(CCCC3CCCC(C4CCCCC4)C3)CC2)CC1
C1CCC(CCC2CCCC(C3CCCC3)C2)CC1
C1CCC(C2CCC3CCC(CC4CCCC4C4CCC5CCCCC54)CC32)CC1
C1CCC(CC2CCC(CC3CCC(C4CCCC5CC(CC6CC7CCCCC7C6)CCC54)CC3)CC2)C1
C1CCC(CCC2CCC(CC3CCCCC3)CC2)CC1
C1CCC(CC2CCCC(CC3CCC(C4CCCCC4)CC3)C2)CC1
C1CCC(CCC2CCC(CCC3CC4CCCCC4C3)CC2)CC1
C1CCC(CCC2CCCCC2C2CCC(CC3CCC(CC4CCCCC4)C(C4CCCC4)C3)CC2)CC1
C1CCC(CC2CCC(CC3CC4CCCCC4C3)C(C3CCCC3)C2)CC1
C1CCC(CC2CCCC(C3CC(CC4CCCCC4)CC(C4CCCCC4)C3)C2)CC1
C1CCC(C2CCCC(CCC3CCC4CCCCC43)C2)CC1
C1CCC(CCCC2CCCC(C3CCC(C4CCCCC4)CC3C3CCCC3)C2)CC1
C1CCC(CCC2CCCC(C3CCCCC3)C2)CC1
C1CCC(CC2CCCCC2C2CCC3CCCC3C2)CC1
C1CCC(CC2CCC(CC3CCCCC3C3CCCCC3)CC2)CC1
C1CCC(CCC2CCCC(CC3CCC(CC4CCCCC4)CC3)C2)CC1
C1CCC(C2CCC(CC3CCCC4CC(C5CCCCC5)CCC34)CC2)CC1
C1CCC(CC2CCCC(C3CCCCC3CC3CCCCC3)C2)CC1
C1CCC(C2CCC(C3CCCCC3)C(CC3CCCC3)C2)CC1
C1CCC(C2CCCCC2CCCCC2CCC(CCC3CC4CCCCC4C3)CC2)CC1
C1CCC(CC2CCC(CC3CCC(C4CCCCC4CC4CCCCC4)CC3)CC2)CC1
C1CCC(C2CCC(C3CCCC(C4CCCCC4)C3)CC2)CC1
C1CCC(CC2CCC(C3CCC4CCCCC4C3)CC2)CC1
C1CCC(CC2CCC(CC3CCC4CCCCC43)C(C3CCC4CCCC4C3)C2)CC1
C1CCC(CC2CCCC(C3CC4CCCCC4C(C4CCCC4)C3)C2)CC1
C1CCC(CC2CCC(C3CC(CC4CCCCC4)C4CCCCC43)CC2)CC1
C1CC(CC2CCCC(C3CCCCC3C3CCC(C4CCC4)CC3)C2)C1
C1CCC(C2CCC(C3CCCCC3C3CCC(C4CCCCC4)CC3)CC2)CC1
C1CCC(C2CCC(C3CCCCC3C3CCCCC3)CC2)CC1
C1CCC(CCC2CCCC(C3CCCC(C4CCC(C5CCCCC5)CC4)C3)C2)CC1
C1CCC(CCCC2CCCC(C3CCC4CCCCC4C3)C2)CC1
C1CCC2CC(CCC3CCCC(C4CCCC(C5CCC5)C4)C3)CCC2C1
C1CCC(CCCC2CCC3CCCCC32)CC1
C1CCC(C2CCCC(CC3CCC4CCCC4C3)C2)CC1
C1CCC(C2CCCC(CCCC3CC4CCCCC4C3)C2)CC1
C1CCC(CCC2CC(CC3CCC(C4CCCCC4)CC3)C3CCCCC23)CC1
C1CCC(C2CCCCC2C2CCCCC2C2CCCC2)CC1
C1CCC(CC2CC(CC3CCCCC3)C3CC(C4CCCCC4)CCC23)CC1
C1CCC(CC2CCC(CCCCC3CCCC(CC4CCCCC4)C3)CC2)CC1
C1CCC(CC2CCC(C3CCCC3)CC2)CC1
C1CCC(CC2CCC(C3CCCCC3)CC2CC2CCCCC2)CC1
C1CCC(CC2CCC(CCC3CCC(C4CCCC(CC5CC6CCCCC6C5)C4)CC3)CC2)CC1
C1CCC(C2CCC(CC3CCC(CCC4CCCC(C5CCC6CCCCC65)C4)CC3)CC2)C1
C1CCC(CC2CCCCC2C2CCCC(CC3CC(C4CC4)C4CCCCC34)C2)CC1
C1CCC(CC2CCC(C3CCCCC3)CC2)CC1
C1CCC(C2CCC(CC(C3CCCCC3)C3CCCCC3)C2)CC1
C1CCC(CC2CCCC(C3CCCCC3)C2)CC1
C1CCC(CC2CCC(C3CCC(C4CC5CCCCC5C4)CC3)CC2C2CCC3CCCC3C2)C1
C1CCC(CC2CCCCC2C2CCCCC2)CC1
C1CCC(CC2CCCC(CCC3CCC(C4CCCCC4)CC3)C2)CC1
C1CCC(CCC2CCC(C3CCCCC3C3CCC4CCCC4C3)CC2)C1
C1CCC(CC2CCC(C3CCC(C4CCCCC4)CC3)CC2)CC1
C1CCC(CCCC2CCCC(C3CCCCC3)C2)CC1
C1CCC(CC2CCCCC2)CC1
C1CCC(CCCCC2CCC(CC3CCC(CC4CCCCC4)CC3)CC2)CC1
C1CCC(CC2CCC(CCCCC3CCC4CCCCC34)CC2)CC1
C1CCC(CC2CCC(CCC3CCC(C4CCC(C5CCCCC5)CC4)CC3)CC2)CC1
C1CCC(CCC2CC(CC3CCCCC3)CCC2CC2CCC(CC3CC4CCCCC4C3)CC2)CC1
C1CCC(CC2CCCC(CCC3CCC(C4CCCC(C5CC5)C4)CC3)C2)CC1
C1CCC(CC2CCC(C3CCCC(C4CCCCC4)C3)CC2)CC1
C1CCC(CCCC2CC(CC3CCCCC3)CCC2CC2CCC(C3CCCCC3)C2)CC1
C1CCC(CC2CCC(C3CCC(C4CCCCC4)CC3)CC2)CC1
C1CCC(CC2CCC(C3CCCCC3)CC2C2CCCC2)CC1
C1CCC(CC2CCC(C3CCC(C4CCC(C5CCCCC5)CC4)C(C4CCCCC4)C3)CC2)CC1
C1CCC(CCCC2CCC(CC3CCCC(CC4CCC(C5CCC5)CC4)C3)CC2)CC1
C1CCC(C2CCC(C3CCC(CC4CC5CCCCC5C4)C3)CC2)CC1
C1CCC(C2CCCC(C3CCCC(C4CCCCC4)C3)C2)CC1
C1CCC(CCCCC2CCC(CC3CCC(CC4CCCCC4)CC3)CC2)CC1
C1CCC(CCC2CCCC(C3CCCCC3)C2)CC1
C1CCC(CC2CCCCC2C2CCCCC2)CC1
C1CCC(CC2CCCCC2C2CCCCC2)CC1
C1CCC(C2CCCC(C3CCCCC3)C2)CC1
C1CCC(CCC2CCCC(C3CCCCC3)C2C2CCCCC2)CC1
C1CCC(CCC2CCCC(C3CCCCC3)C2)CC1
C1CCC(CC2CCC3CC(CC4CCCC(C5CCC5)C4)CCC23)CC1
C1CCC(CC2CCCC(C3CCC(CC4CCC(CC5CC5)CC4)CC3)C2)CC1
C1CCC(C2CC(C3CCC4CCCCC43)CC3CCCCC32)CC1
C1CCC(C2CCCC(C3CCC4CCCCC4C3)C2)CC1
C1CCC(CCC2CCCC(C3CCCCC3)C2)CC1
C1CCC(C2CC3CCC(C4CCCCC4)CC3C(C3CCCCC3)C2)CC1
C1CCC(C2CCCC(C3CCCC(C4CCCCC4)C3)C2)CC1
C1CCC(CCCCC2CCC(CC3CCC(C4CCCCC4)CC3)CC2)CC1
C1CCC(C2CCCCC2)CC1
C1CCC(CCC2CCCCC2C2CCCCC2)CC1
C1CCC(C2CCCC(C3CCCC(C4CCCC(C5CCCCC5)C4)C3)C2)CC1
C1CCC(C2CCC(CC3CCCCC3C3CCCCC3)CC2)CC1
C1CCC(CC2CCC(CC3CCCCC3)CC2)CC1
C1CCC(CCC2CCCC(CC3CCCC(CC4CCCCC4)C3)C2)CC1
C1CCC(CCCC2CCCC(C3CCCCC3)C2)CC1
C1CCC(CC2CCCCC2)CC1
C1CCC(CCC2CC(C3CCC3)CC(CCC3CCCCC3)C2C2CCCC2)CC1
C1CCC(CC2CCC(C3CCC(C4CCCCC4)CC3)CC2)CC1
C1CCC(CCCC2CCC(CC3CCC(CC4CCCCC4)CC3)CC2)CC1
C1CCC(CCCC2CCC(C3CCCCC3C3CCCCC3)CC2)CC1
C1CCC(C2CCC(C3CCCCC3)C(C3CCCC3)C2)CC1
C1CCC(CC2CCC(C3CCCCC3)CC2)CC1
C1CCC(CC2CCCC(C3CCCC(CC4CCCCC4)C3)C2)CC1
C1CCC(CC2CCC(C3CCCCC3C3CCC4CCCCC4C3)CC2)CC1
C1CCC(CCCCC2CCC(CC3CCCC3)CC2CCCC2CC3CCCCC3C2)CC1
C1CCC(CCC2CC(C3CCCCC3)C3CCCCC23)CC1
C1CCC(C2CCCC(C3CCCCC3)C2)CC1
C1CCC(CC2CCCC(C(C3CCCCC3)C3CCCCC3)C2)CC1
C1CCC(C2CCCCC2C2CCC(CC3CCC(CC4CC4)CC3)CC2)C1
C1CCC(C2CC(CC3CCC4CCCCC43)CC3CCCCC32)CC1
C1CCC(C2CCC(C3CCCC4CC(C5CCCCC5C5CCCC5)CCC43)CC2)CC1
C1CCC(C2CCC(CC3CCC(C4CCCCC4)CC3)CC2)CC1
C1CCC(CC2CCCC(C3CCCC(CC4CCCCC4)C3)C2)CC1
C1CCC(CC2CCCCC2C2CCC(C3CCCCC3)CC2)CC1
C1CCC(CCCC2CCCCC2C2CCCC(C3CCCC3)C2)CC1
C1CCC(C2CCCC(CC3CCC(CCC4CCC(C5CCCC5)CC4)CC3)C2)CC1
C1CCC(CCCC2CCC(C3CCC4CCCCC43)CC2)CC1
C1CCC(CC2CCC(CCC3CCCC3)C(CC3CCCCC3)C2)CC1
C1CCC(CC2CCCCC2CC2CCCCC2C2CCCCC2)CC1
C1CCC(C2CCC(C3CCCC(C4CCC4)C3)CC2C2CCCCC2)CC1
C1CCC(CC2CCCCC2C2CCCCC2C2CCCCC2)CC1
C1CCC(CCCC2CC(CC3CCCC3)CC(CC3CC3)C2)CC1
C1CCC(CC2CC(C3CCCC(CCC4CCC4)C3)C3CC(C4CCCCC4)CCC23)CC1
C1CCC(CCCC2CC(CCC3CCC(CC4CCC(C5CCCCC5)CC4)CC3)C3CCCCC23)CC1
C1CCC(CCC2CC(C3CCC4CCCCC43)CC3CCCCC32)CC1
C1CCC(CCCC2CCCC(C3CCCCC3)C2)CC1
C1CCC(CCCCC2CCC(CC3CCC(CCCCC4CCCC4)CC3)CC2)CC1
C1CCC(CCCC2CC(CC3CCC(CC4CCCC4)CC3)C3CCC(CC4CCCCC4)CC23)CC1
C1CC(C2CCCC(CC3CCC(C4CCCCC4C4CCC5CCCCC5C4)CC3)C2)C1
C1CCC(C2CCC(CCC3CCCC3)CC2)CC1
C1CCC(C2CCC(CCC3CCC(CCC4CCC(C5CCCCC5)CC4)CC3)CC2)CC1
C1CCC(CC2CC(C3CCC(C4CCCCC4)CC3)CCC2C2CCCCC2)CC1
C1CCC(CC2CCC(CC3CCC(C4CCCCC4)CC3)CC2)CC1
C1CCC(C2CCCC(CC3CCCCC3C3CCC4CCCCC4C3)C2)CC1
C1CCC(CC2CCC3C(CCC3CC3CCCC(C4CCCCC4)C3)C2)CC1
C1CCC(C2CCCCC2C2CCCC2)CC1
C1CCC(C2CCCC(CCCC3CCC(C4CCCCC4)C3)C2)CC1
C1CCC(CC2CCCC(CC3CCCCC3)C2)CC1
C1CCC(CC2CCC(C3CCC(C4CC(CC5CCCC5)C5CCCCC54)CC3)CC2)CC1
C1CCC(CC2CC(C3CCCC(C4CCCCC4)C3)C3CCCCC23)CC1
C1CCC(C2CCC(C3CCC4C(CCCC4C4CCCCC4)C3)C2)CC1
C1CCC(CC2CCC(CCC3CCCC(CC4CCCCC4)C3)CC2)CC1
C1CCC(C2CCC(CC3CCC(C4CCCC(C5CCCCC5)C4)CC3)CC2)CC1
C1CCC(C2CCC(C3CCCCC3)CC2)CC1
C1CCC2CC(C3CCCCC3C3CCC(CC4CC5CCCCC5C4)CC3)CCC2C1
C1CCC(C2CCCC(CC3CCCC3)C2)CC1
C1CCC(CCCCC2CC(C3CCCCC3)CCC2C2CCCCC2)CC1
C1CCC(CC2CCCC(C3CCCC(C4CCCCC4)C3)C2)CC1
C1CCC(C2CCC(CC3CCC(C4CCCCC4)CC3)CC2)CC1
C1CCC(CC2CCCC(C3CCC(C4CCCCC4)CC3)C2)CC1
C1CCC(CCC2CCCCC2C2CCC3C(CCC3C3CCCCC3C3CCCCC3)C2)CC1
C(CCCC1CCC(CC2CCC(CC3CCC(C4CCCC4)CC3)CC2)CC1)CCC1CCCCC1
C1CCC(CC2CC(C3CCCCC3)CC(C3CCCC3)C2)CC1
C1CCC(CCCC2CCC(CCC3CCCCC3)CC2)CC1
C1CCC(CC2CC(CC3CCCCC3)CC(C3CCCCC3)C2)CC1
C1CCC(CC2CCC(CC3CCCC(C4CCCCC4)C3)CC2)CC1
C1CCC(CCCC2CCCCC2C2CCCCC2C2CCC3CCCC3C2)CC1
C1CCC(CC2CC(C3CCCCC3)C3CCCCC23)CC1
C1CCC2CC(CCC3CCC(CC4CCCC5CCCCC54)CC3)CC2C1
C1CCC(CC2CCCC(CCC3CCC(CC4CCCCC4)CC3C3CCCC3)C2)CC1
C1CCC(CCCCCC2CCCC(C3CCCCC3)C2)CC1
C1CCC(C2CCC(CC3CCCCC3CCCC3CCCC3)C(C3CCCC3)C2)CC1
C1CCC(CC2CCC(C3CC(C4CCCCC4)C3)CC2)CC1
C1CCC(CC2CCC(C3CCC(C4CCCCC4)CC3)CC2)CC1
C1CCC(CC2CCCCC2)CC1
C1CCC(CC2CCC(CC3CCCC(C4CCCCC4C4CCCCC4)C3)CC2)CC1
C1CCC(CCC2CCCC(C3CCCCC3C3CCC(C4CCCC4)CC3)C2)CC1
C1CCC(C2CCC(C3CCCCC3)CC2)CC1
C1CCC(C2CC(CCC3CC3)CC(CC3CC4CCCCC4C3)C2)CC1
C1CCC(CC2CCCCC2C2CCCCC2)CC1
C1CC2CCC(C3CCC(CCC4CCC(C5CCCC6CCCCC65)CC4)CC3)CC2C1
C1CCC(CC2CCCCC2C2CC(C3CCCCC3)CC(C3CCC3)C2)CC1
C1CCC(CCC2CCC(CC3CCCCC3)CC2)CC1
C1CCC(CC2CCCCC2C2CCC3CCCC3C2)CC1
C1CCC(C2CCCC(C3CCCCC3)C2)CC1
C1CCC(CCCC2CCCC(C3CCCC(CCCC4CCCCC4)C3)C2)CC1
C1CCC(C2CCCC(C3CCCCC3)C2)CC1
C1CCC(CCCC2CC(CC3CCCCC3)C3CCC(C4CC5CCCCC5C4)CC23)CC1
C1CCC(CC2CCC3CCC(C4CCCCC4)CC3C2)CC1
C1CCC(C2CCC(C3CCCC(CC4CCCC(C5CCC6CCCCC6C5)C4)C3)CC2)C1
C1CCC(CC2CCC(CCCCCC3CCC(CC4CCCCC4)CC3CC3CCC3)CC2)CC1
C1CCC(CCCC2CCCC(CC3CCCCC3)C2)CC1
C1CCC(C2CC(C3CCCCC3)C3CCCCC23)CC1
C1CCC(CC2CCC(C3CCCCC3)CC2)CC1
C1CCC(CC2CCCC(CC3CC(C4CCCCC4)C4CCCCC34)C2)CC1
C1CCC(CCC2CCCC(CCC3CCCC(CC4CCCCC4)C3)C2)CC1
C1CCC(C2CC3CCCCC3C2)CC1
C1CCC(CCCC2CCC(CC3CCCCC3)CC2)CC1
C1CCC(CCCC2CCC3CC(C4CCC5CCCCC54)CCC3C2)C1
C1CCC(CCC2CCCCC2C2CCC3CCCC3C2)CC1
C1CCC(CC2CCCCC2CC2CCCC(C3CCCC(C4CCCCC4)C3)C2)CC1
C1CCC(CC2CCC(C3CCC(CC4CCC(C5CCCC(C6CC6)C5)C4)CC3)CC2)C1
C1CCC(CCC2CCCC(C3CCC(CC4CCCCC4)CC3)C2)CC1
C1CCC(CC2CCC(CCC3CCCC(C4CCCCC4)C3)CC2)CC1
C1CCC(CC2C(C3CCCCC3)CCC2C2CCCCC2)CC1
C1CCC(CC2CCCCC2C2CCC3C(CC4CCC5CCCC5C4)CC(CC4CCCCC4)C3C2)CC1
C1CCC(C(C2CCCC2)C2CCC(CC3CC(CC4CC4)C4CCCCC34)CC2)CC1
C1CCC(C2CCCCC2)CC1
C1CCC(CC2CCC(C3CCCCC3CC3CCCCC3)CC2)CC1
C1CCC(CC2CCCCC2CCCCC2CCC(C3CC4CCCCC4C3)CC2)CC1
C1CCC(CCCC2CCCC(C3CCC(CC4CCCCC4)CC3)C2)CC1
C1CCC(C2CC(C3CCCCC3)CC(C3CC3)C2)CC1
C1CCC(CC2CCC(CC3CC(C4CCCCC4)CC(C4CC4)C3)CC2)CC1
C(CC1CCC(C2CCC2)CC1)CC1CCCC(C2CCCC(C3CCCC3)C2)C1
C1CCC(CCCC2CCCC(C3CCCCC3)C2)CC1
C1CCC(C2CC(C3CCCC3)CC(C3CCC(CC4CCCC4)CC3)C2)CC1
C1CCC(CC2CCC(C3CCCCC3)CC2C2CCCCC2)CC1
C1CCC(C2CCCC(CC(C3CCCCC3)C3CC3)C2)CC1
C1CCC(CC2CCC(C3CCCCC3CC3CCCCC3)C(CC3CCCCC3)C2)CC1
C1CCC(CCCCC2CCCC(CC3CCCC3)C2)CC1
C1CCC(CCC2CCC(C3CCCC3)CC2)CC1
C1CCC(CCC2CCCC(C3CCCC(CC4CCCCC4)C3)C2)CC1
C1CCC(CC2CCCC(C3CCC(C4CCCC4)CC3)C2)CC1
C1CCC(CCC2CCC(CC3CC(CC4CCC(C5CCCCC5)CC4)C4CCCCC34)CC2)CC1
C1CCC(C2CCC3C(CCCC3C3CCCC(C4CCC4)C3)C2)CC1
C1CCC(CCCC2CC(CC3CCCCC3)CC(C3CCCCC3)C2)CC1
C1CCC(CCC2CCC(CC3CCC(C4CCCC(C5CCCCC5)C4)CC3)CC2)CC1
C1CCC(C2CCC(C3CCCC(C4CCC(CC5CCCC5)CC4)C3)CC2)CC1
C1CCC(C2CCCC(CC3CC(CC4CCCC4)C4CCCCC34)C2)CC1
C1CCC(CCCC2CCC(C3CCC4CCCCC43)CC2C2CCC(C3CCCC(C4CC4)C3)CC2)C1
C1CCC(CC2CCC(CCC3CCCC(CC4CCCC4)C3)CC2)CC1
C1CCC2C(C1)CC(C1CCC3CCCCC31)CC2CCC1CCC(C2CCCCC2C2CCCC2)C1
C1CCC(CCCCCC2CCC(CC3CCCCC3)CC2)CC1
C1CCC(C2CCCC(CCC3CCC4CCCCC4C3)C2)CC1
C1CCC(CCCC2CCC3C(CC4CCCCC4)CC(C4CCCCC4)C3C2)CC1
C1CCC(CCC2CCCC(C3CCCCC3)C2)CC1
C1CCC(C2CCCC3CC(C4CCCC(C5CCCC5)C4)CC32)CC1
C1CCC(CC2CCC(CC3CCCC(CC4CCCCC4)C3)CC2)CC1
C1CCC(CCCC2CCCC(C3CCCCC3)C2)CC1
C1CCCCC1
C1CCC(C2CCCC(CC3CCCC3)C2)CC1
C1CCC(C2CCCC(C3CCC4CCCCC43)C2)CC1
C(CCCC1CCC(C2CCCC(C3CCC(C4CCCCC4)CC3)C2)CC1)CCC1CCC(C2CCCCC2)CC1
C1CCC(C2CCC3C(CC4CCCCC4C4CCCCC4)CC(C4CCCCC4)C3C2)CC1
C1CCC(CC2CC(CC3CCCC(C4CCCCC4)C3)C3CCCCC23)CC1
C1CCC(CC2CCCC(C3CCC(CCC4CCC4)CC3)C2)CC1
C1CCC(CC2CCCC(C3CCCC(C4CCCC(C5CCCCC5)C4)C3)C2)CC1
C1CCC(CC2CCC(CC3CCC4CCCCC43)CC2)CC1
C1CCC(C2CCC(C3CCCC(CC4CCCC4)C3)CC2)CC1
C1CCC(CC2CCCCC2C2CCCCC2)CC1
C1CCC(CC2CCC(CC3CCCC(C4CCCC(C5CCCCC5)C4)C3)CC2)CC1
C1CCC(CC2CCC3C(CCC3CC3CCCCC3C3CCCCC3)C2)CC1
C1CCC(CC2CC3CCCCC3C(C3CCCCC3)C2)CC1
C1CCC(C2CCC(C3CCC(CCC4CC5CCCCC5C4)CC3)C2)CC1
C1CCC(C2CCC(CCC3CCCC(C4CCC5CCCCC54)C3)CC2)C1
C1CCC(C2CCC(C3CCCCC3C3CCCCC3)C(C3CCCC3)C2)CC1
C1CCC(C2CCC(CCC3CCC(C4CCC5CCCCC5C4)CC3)CC2)CC1
C1CCC(C2CCC(C3CCCCC3C3CCCCC3)CC2)CC1
C1CCC(C2CCCC(C3CC(CC4CCCC4)C4CCCCC43)C2)CC1
C1CCC(C2CCCC(CC3CCC(CCC(C4CCCCC4)C4CCCCC4)CC3)C2)CC1
C1CCC(CC2CCCCC2C2CCCC3CC(C4CCCCC4)CCC32)CC1
C1CCC(C2CCCC(C3CCCCC3)C2)CC1
C1CCC(C2CCCC(C3CCC(CCC4CCCC4)CC3)C2)CC1
C1CCC(CCCC2CC(CC3CCCCC3)CCC2CCC2CCCCC2)CC1
C1CCC(CC2CCCC2C2CCCC(C3CCC(C4CCCC4)CC3)C2)CC1
C1CCC(CCC2CCC(CC3CCC(CC4CC5CCCCC5C4)CC3)CC2)CC1
C1CCC(C2CCC(C3CCC(C4CCCC4)CC3)CC2)CC1
C1CCC(C2CCC(CCC3CCCC4CC(C5CCCCC5)CCC34)CC2)CC1
C1CCC(CC2CCC(CC3CCCCC3)CC2)CC1
C1CCC(CC2CCCCC2C2CC(C3CCCCC3)CC(C3CCCC3)C2)CC1
C1CCC(CC2CCCC(CC3CCC4CCCCC43)C2)CC1
C1CCC(C2CCCCC2)CC1
C1CCC(CC2CCC(CC3CCCC3)CC2)CC1
C1CCC(C2CCC(CC3CC4CCCCC4C3)CC2)CC1
C1CCC(CC(CCCC2CCC(CC3CCCCC3)CC2C2CCCCC2)CC2CC2)CC1
C1CCC(CCCC2CCCCC2)CC1
C1CCC(C2CCCC(C3CCCC(C4CCCCC4)C3)C2)CC1
C1CCC(C2CC(C3CCCCC3)CC(C3CCCCC3)C2)CC1
C1CCC(C2CCC(C3CC3)CC2C2CCCCC2)CC1
C1CCC(CCC2CCCC(C3CCCCC3)C2)CC1
C1CCC(CCCCCC2CCCC(C3CCCCC3)C2)CC1
C1CCC(CC2CCCCC2C2CCCCC2C2CCCC2)CC1
C1CCC(CCC2CC(C3CCCCC3)CC(C3CCCCC3)C2)CC1
C1CCC(C2CCCC(C3CCCC(C4CCCC4)C3)C2)CC1
C1CCC(C2CC(CC3CC4CCCCC4C3)CC(C3CCCCC3)C2)CC1
C1CCC(CCCC2CCC(C3CCCCC3)C2)CC1
C1CCC(C2CCCC(C3CCC(CC4CCC(CC5CC6CCCCC6C5)CC4)CC3)C2)C1
C1CCC(C2CCC(C3CCC(C4CCCCC4)CC3)CC2)CC1
C1CCC(C2CCCCC2)CC1
C1CCC(CCC2CCCC(C3CCCCC3)C2)CC1
C1CCC(CC2CCC(C3CCCCC3)CC2)CC1
C1CCC(C2CCCCC2C2CCC3C(CCCC3C3CC4CCCCC4C3)C2)CC1
C1CCC(CCC2CCC3C(CCC4CCCCC4)CCCC3C2)CC1
C1CCC(CC2CCC(C3CCC4CCCC(C5CCCCC5)C4C3)CC2)CC1
C1CCC(CC2CCCCC2)CC1
C1CCC(CC2CCCC(CCCC3CCC(CCC4CCCC(C5CCCCC5)C4)CC3)C2)CC1
C1CCC(CCC2CCCC(CC3CCCCC3)C2)CC1
C1CCC(C2CC(CC3CCC(C4CCC4)CC3)C3CCCCC32)CC1
C1CCC(CC2CCC(C3CCCC(C4CCCCC4CC4CCCCC4)C3)CC2)CC1
C1CCC(CC2CCCC(C(C3CCCCC3)C3CCC(C4CCC5CCCC5C4)CC3)C2)CC1
C(CCC1CCCC2CCCCC12)CC1CCC(CCC2CCCC(C3CCC4CCCC4C3)C2)CC1
C1CCC(CC2CCC(C3CCCC(C4CCCCC4CC4CCC(C5CCCCC5)CC4)C3)CC2)CC1
C1CCC(CCC2CCC(C3CCCC(C4CCC(C5CCC5)CC4)C3)CC2)CC1
C1CCC(CC2CCC(C3CCCCC3C3CCCCC3)CC2)CC1
C1CCC(CCC2CCCCC2C2CCC(C3CCCC3)CC2)C1
C1CC(C2CCC(C3CC3)CC2)CC(C2CCC(C3CCCCC3C3CCCC3)CC2)C1
C1CCC(CCCC2CCCCC2C2CCC3CCCC3C2)CC1
C1CCC(CC2CCC(C3CCCC(C4CCCCC4)C3)CC2)CC1
C1CCC(CCC2CC(C3CCCCC3)C(CC3CCCC(C4CC4)C3)C(C3CCCCC3)C2)CC1
C1CCC(C2CCCC(C3CC(C4CCCCC4)CC(C4CCCC4)C3)C2)CC1
C1CCC(C2CCCC3CC(CCC4CCC(C5CCCC5)CC4)CCC32)CC1
C1CCC(C2CC(C3CCCC3)CC(C3CC4CCCCC4C3)C2)CC1
C1CCC(CC2CCCCC2C2CCC(C3CCCC(C4CCCC(C5CCCCC5)C4)C3)CC2)CC1
C1CCC(CCCC2CCCC(CCC3CCC(CCCCC4CCCC4)CC3)C2)CC1
C1CCC(C2CCCCC2)CC1
C1CCC(CCCCCC2CCC(CC3CCC4CCCCC4C3)CC2C2CCCCC2C2CCCC2)CC1
C1CCC(CCCCC2CCCC(C3CCC(C4CCCC4)CC3)C2)CC1
C1CCC(CC2CC(C3CCC(CC4CC5CCCC(C6CCCC6)C5C4)CC3)C3CCCCC23)CC1
C1CCC(CC2CCC(CCC3CCC(C4CCCCC4)CC3)CC2)CC1
C1CCC(CC2CCC(C3CCCC(C4CCCCC4C4CCCC4)C3)CC2)C1
C1CCC(CC2CCC(C3CCC(C4CCCCC4)CC3)CC2)CC1
C1CC(CC2CCC(CCC3CCCC(C4CCCC4)C3)CC2)C1
C1CCC(C2CCCC(C3CC4CCC(CC5CCCC5)CC4C(C4CCCCC4)C3)C2)CC1
C1CCC(CC2CCC(C3CCCCC3)CC2)CC1
C1CCC(C2CC(CC3CCCC(C4CCCC(C5CCCC5)C4)C3)C3CCCCC32)CC1
C1CCC(CCCC2CCC(C3CCCC3)CC2)CC1
C1CCC(C2CCC(CC3CCCC(C4CCCCC4C4CCCC4)C3)CC2)C1
C1CCC(CCC2CCCC(C3CC(CCC4CCCCC4)CCC3C3CCCCC3)C2)CC1
C1CCC(C2CCCC2C2CCCC(C3CCCCC3)C2C2CCCCC2)CC1
C1CCC(C2CCC(CC3CCC(C4CCC5CCCCC54)CC3)CC2)C1
C1CCC(CCC2CC(C3CCCCC3)CC(C3CCCCC3)C2)CC1
C1CCC(CC2CCCC(CCCC3CCC(CC4CCCC4)CC3)C2)CC1
C1CCC(C2CCCC(C3CCCCC3CCC3CCCCC3C3CCCC3)C2)CC1
C1CCC(C2CCC(C3CCC(CC4CC4)CC3)CC2)CC1
C1CCC(C2CCCC(C3CCCCC3)C2)CC1
C1CCC(CC2CCC(CC3CCC(C4CC5CCCCC5C4)CC3)CC2)C1
C1CCC(CC2CCC(C3CCCCC3)CC2)CC1
C1CCC(CC2CCCC(C3CCCC(C4CCCCC4)C3)C2)CC1
C1CCC(C2CCCCC2CCCC2CCCC(C3CCCC(C4CCCC4)C3)C2)CC1
C(CCCC1CCCC(CCCCC2CCCC3CCCCC23)C1)CCC1CCCCC1
C1CCC(CC2CCC(CC3CCCCC3)CC2)CC1
C1CCC(C2CCC(CC3CCC(C4CCCC(C5CCC6CCCCC65)C4)CC3)CC2)CC1
C1CCC(CCC2CCCC(C3CCCCC3)C2)CC1
C1CCC(CC2CCC(C3CCCCC3)CC2)CC1
C1CCC(CC2CCC(CCCCC3CCCC(C4CCC5CCCCC54)C3)CC2)CC1
C1CCC(CC2CCC(C3CCC4C(CC5CCCCC5)CCC4C3)CC2)CC1
C1CCC(CC2CCC(C3CCC3)C(CC3CCCC(C4CCCCC4)C3)C2)CC1
C1CCC(CCC2CC3CCC(C4CCCC(C5CCCCC5)C4)CC3C(C3CCCCC3)C2)CC1
C1CCC(CC2CC(C3CCCCC3C3CCCC3)C3CCCCC23)CC1
C1CCC(CCC2CCC(CC3CCCCC3)CC2)CC1
C1CCC(CC2CCC(CC3CCCC(C4CCC(C5CCCCC5)CC4)C3)CC2)CC1
C1CCC(CCCC2CCC(CC3CCCC(CC4CCCCC4)C3)CC2)CC1
C1CCC(CCCC2CCCC(C3CCCCC3)C2)CC1
C1CCC(C2CCCCC2C2CCCCC2C2CCC(CC3CCCC3)CC2)CC1
C1CCC(C2CCCC(C3CCCCC3)C2)CC1
C1CCC(C2CCCCC2C2CCC(CCC3CCCC3)CC2)CC1
C1CCC(CC2CCC(CCC3CCCC(CC4CC5CCCCC5C4)C3)CC2)C1
C1CCC(CC2CC(CCCCC3CCCC(C4CCCCC4)C3)C3CCCCC23)CC1
C1CCC(C2CCCCC2C2CCCCC2C2CCCCC2)CC1
C1CCC(CCCC2CC(C3CCCCC3C3CCC4CCCCC4C3)C3CCCCC23)CC1
C1CCC(CC2CCCC(C3CCCC4CC(C5CCCCC5)CCC43)C2)CC1
C1CCC(C2CCC(C3CC(C4CCCCC4)C4CCCCC34)CC2)CC1
C1CCC(CCC2CCC3CC(C4CCCCC4)CC(C4CCCCC4)C3C2)CC1
C1CCC(CC2CCC(CC3CCC(C4CCCCC4)C3)CC2)CC1
C1CCC(CC2CCCC(C3CCCCC3)C2)CC1
C1CCC(C2CCCCC2)CC1
C1CCC(CC2CCCCC2C2CCCCC2)CC1
C1CCC(C2CC(C3CCCCC3)CC(C3CCCCC3)C2)CC1
C1CCC(C2CCC(C3CCCC(C4CCC(C5CCCCC5)C4)C3)CC2)CC1
C1CCC(CCC2CCCC(C3CCCCC3)C2)CC1
C1CCC(CC2CCCC(C3CCCCC3CC3CCCCC3)C2)CC1
C1CCC(C2CC3CCC(C4CCCCC4)CC3C(C3CCCCC3)C2)CC1
C1CCC(CCC2CCC(CCC3CCCC3)C(C3CCCC(CC4CCCCC4)C3)C2)CC1
C1CCC(CCCC2CCC(CCC3CCCCC3)CC2)CC1
C1CCC(CCC2CCCC(CCC3CCCCC3)C2)CC1
C1CCC(CC2CCC(C3CCC(C4CCCCC4)CC3)CC2)CC1
C1CCC(C2CCCC(C3C(C4CCCCC4)CCCC3C3CCC3)C2)CC1
C1CCC(CC2CCC(CC3CCCC(C4CCCC4)C3)CC2)CC1
C1CCC(CC2CCC(C3CCCCC3)C2)CC1
C1CCC(C2CCCC(CCC3CCC(CC4CCCC(CC5CC5)C4)CC3)C2)CC1
C1CCC(C2CCCC(C3CCCCC3C3CCCCC3)C2)CC1
C1CCC(CCCC2CC(C3CCCCC3)CC(C3CCCC3)C2)CC1
C1CCC(C2CCC(C3CCCC(C4CCCCC4)C3)CC2)CC1
C1CCC(C2CCCCC2C2CCC(C3CCCC3)CC2)CC1
C1CCC(CCC2CCCCC2C2CCCC(C3CCC(CC4CCCCC4)CC3)C2)CC1
C1CCC(CCCCCC2CCC(CCCCC3CCCCC3)CC2)CC1
C1CCC(C2CCC(CC3CC4CCCCC4C3)CC2)CC1
C1CCC(C2CC(CCC3CCC4CCCCC4C3)CC(C3CCCCC3)C2)CC1
C1CCC(CCC2CCC3CC(C4CCCCC4)CCC23)CC1
C1CCC(CCC2CCC3CCCCC3C2)CC1
C1CCC(CCC2CCCCC2CCC2CCCCC2)CC1
C1CCC(C2CCC(CC3CCCC3)CC2)CC1
C1CCC(CCCCC2CCCC(C3CCC(CCC4CCCCC4)CC3)C2)CC1
C1CCC(CCC2CCC(CC3CCCCC3)CC2)CC1
C1CCC(CC2CCCC(C3CCCCC3)C2)CC1
C1CCC(CC2CCC(CCC3CCC4CCCCC4C3)CC2)CC1
C1CCC(C2CCCC(CC3CCC(C4CCC(C5CCCC(C6CCCC6)C5)CC4)CC3)C2)CC1
C1CCC(C2CCCC(CC3CCCCC3C3CCCCC3C3CCCCC3)C2)CC1
C1CCC(CC2CC(C3CCCCC3)CC(C3CCC3)C2)CC1
C1CCC(CC2CC(C3CCCC3)CC(C3CCCCC3)C2C2CCCCC2)CC1
C1CCC(C2CC(CC3CC3)CC(C3CCCC3)C2)CC1
C1CCC(CCCC2CCC(CCCC3CCC(C4CCCCC4)CC3)CC2)CC1
C1CCC(C2CCCC(C3CCCCC3)C2)CC1
C1CCC(C2CCCC(C3CCC(CC4CCC5CCCCC54)CC3)C2)CC1
C1CC(CCCC2CCC(C3CCC(CC4CCC(CC5CCCC5)CC4)CC3)CC2)C1
C1CCC(C2CCC(C3CCC(C4CCCCC4)CC3)CC2)CC1
C1CCC(CC2CCC(C3CCCC(C4CCCCC4)C3)C(CC3CC3)C2)CC1
C1CCC(CC2CC(CCC3CC3)CCC2CC2CCCC(C3CC4CCCCC4C3)C2)CC1
C1CCC(C2CCC(CC3CCC(CC4CCC(C5CCC5)CC4)CC3)CC2)CC1
C1CCC(CC2CCCCC2C2CCCC(C3CCC(C4CCCC4)CC3)C2)CC1
C1CCC(CC2CCCC(C3CCCCC3C3CCCCC3)C2)CC1
C1CCC(CC2CCC(C3CCCC(CC4CCCCC4)C3)CC2)CC1
C1CCC(C2CCCC(CC3CCCC(CCCC4CCC5CCCC5C4)C3)C2)CC1
C1CCC(C2CCC3CCC(CC4CCCC(C5CCC6CCCCC65)C4)CC3C2)CC1
C1CCC(C2CCC3CC(C4CCCC(C5CCCC5)C4)CCC32)CC1
C1CCC(CCC2CCC(CC3CCC(C4CCC4)CC3)CC2)CC1
C1CCC(C2CCC(C3CCCCC3CC3CCC4CCCCC4C3)CC2)CC1
C1CCC(C2CCC(C3CCC(C4CCC5CCCCC5C4)CC3)CC2)CC1
C1CCC(C2CCC(CCC3CCC(C4CCC4)CC3)CC2)CC1
C1CCC(CCCCCC2CCC(CCC3CCCCC3)CC2)CC1
C1CCC(C2CC(C3CCCCC3C3CCCC3)CCC2CCC2CC3CCCCC3C2)CC1
C1CCC(C2CC(CC3CCCCC3CC3CCCC(C4CC4)C3)CC(C3CC3)C2)CC1
C1CCC(CCC2CCC(CC3CCCCC3)CC2)CC1
C1CCC(CC2CCC(CC3CCCCC3)C(C3CCCCC3)C2)CC1
C1CCC(CC2CCC(CC3CCC(C4CCCC4)CC3)CC2)CC1
C1CCC(CC2CCC(C3CCC(C4CCC(C5CCC(C6CCCC6)CC5)CC4)CC3)CC2)CC1
C1CCC2CC(CC3CCC(CC4CCC5CCCCC54)CC3)CC2C1
C1CCC(CC2CCC(C3CCCCC3)CC2C2CCCCC2)CC1
C1CCC(CCCCCC2CCC(CCC3CCCCC3)CC2)CC1
C1CCC(CCC2CC3CCCCC3C2)CC1
C1CCC(C2CCC(C3CCCC3)CC2)CC1
C1CCC(C2CCCCC2CC2CCCCC2C2CCCCC2CCC2CCCC2)CC1
C1CCC(CC(C2CCC(C3CCCCC3)CC2)C2CC2)CC1
C1CCC(CC2CCC(CCC3CCCCC3C3CC3)CC2)CC1
C1CCC(C2CCCCC2CC2CCC(C3CCCC3)C(C3CCC4CCCC4C3)C2)CC1
C1CCC(CCC2CCC(CC3CCCCC3C3CCC(C4CCC5CCCCC5C4)CC3)CC2)CC1
C1CCC(CCCCC2CCC(C3CCCCC3)CC2)CC1
C1CCC(C2CCC(CC3CCCC(C4CCC5CCCCC54)C3)CC2)CC1
C1CCC(CC2CCC(C3CCCCC3)CC2)CC1
C1CCC(CCC2CCCCC2CC2CCC(CC3CC4CCCCC4C3)CC2)CC1
C1CC(CCC2CC2)CC(CC2CCC(CC3CCC4CCCCC43)CC2)C1
C1CCC(C2CCC(C3CCCCC3C3CCCC3)C(C3CCCC3)C2)CC1
C1CCC(CC2CCC(CC3CCCCC3)CC2)CC1
C1CCC(CC2CCCCC2)CC1
C1CCC(CC2CCCCC2)CC1
C1CCC(CCCC2CCC(CCCC3CCC(C4CCC5C(CCC5C5CCCCC5)C4)CC3)CC2)CC1
C1CCC(C2CCCC(CCCCC3CCCC(C4CCCC4)C3)C2)CC1
C1CCC(CC2CCCC(CC3CCC(C4CCCCC4)CC3)C2)CC1
C1CCC(CCC2CCCC(C3CCCC(C4CCCCC4)C3)C2)CC1
C1CCC(CC2CCC(CCC3CCC(CC4CCC(CCC5CC6CCCCC6C5)CC4)CC3)CC2)CC1
C1CCC(CC2CCCC(C3CCCCC3)C2)CC1
C1CCC(C2CCCCC2)CC1
C1CCC(CC2CCC(C3CCCC3)CC2)CC1
C1CCC(CCCCC2CCCCC2C2CCCCC2)CC1
C1CCC(C2CCCC(CC3CC4CCCCC4C3)C2)CC1
C1CCC2CC(CC3CCC(CC4CC4)CC3C3CCCCC3CC3CCCC4CCCCC43)CC2C1
C1CCC(CCC2CCCC(CC3CCCC(C4CCCC4)C3)C2)CC1
C1CCC(CCCC2CC(C3CCCCC3)CCC2CCC2CCCCC2)CC1
C1CCC(C2CCC(C3CCCC(CCCC4CC5CCCCC5C4)C3)CC2)CC1
C1CCC(CCC2CCCC(C3CCCCC3CC3CCCCC3)C2)CC1
C1CCC(CC2CCC(C3CC(C4CCC(C5CCCCC5)CC4)C3)CC2)CC1
C1CCC(C2CCCC(C3CCCC(C4CCCCC4)C3)C2)CC1
C(CCC1CCC(CC2CCCC(CC3CCCCC3C3CCCCC3)C2)CC1)CCC1CCC(C2CCCCC2)C1
C1CCC(C2CC(C3CCCCC3)CC(C3CCCCC3)C2)CC1
C1CCC(CC2CC(C3CCC(C4CCCCC4)CC3)C3CCCCC23)CC1
C1CCC(CC2CCC(CC3C(CC4CCCCC4)CC(C4CCCCC4)CC3C3CCCC3)CC2)CC1
C1CCC(CC2CCCC(CCCC3CCC(C4CCC5CCCCC5C4)CC3)C2)CC1
C1CC2CCC(CCC3CCCCC3C3CC4CCCCC4C3)CC2C1
C1CCC(CCCC2CCC(CC3CCCC4CCCCC43)CC2)CC1
C1CCC(C2CCC(CC3CCC(CC4CCC5CCCCC54)CC3)CC2)CC1
C1CCC(CCCC2CCC(CC3CCC(C4CCCCC4)CC3)CC2)CC1
C1CCC(CCCC2CCCC(C3CCCCC3)C2)CC1
C1CCC(C2CCCC(C3CCCC(CC4CCC5CCCCC54)C3)C2)CC1
C1CCC(CC2CC(C3CCCCC3)CCC2C2CCCCC2)CC1
C1CCC(CC2CCCC(C3CCCCC3)C2)CC1
C1CCC(CC2CCC(C(C3CCCCC3)C3CCCC(CC4CCCCC4)C3)CC2)CC1
C1CCC(C2CCC(C(C3CCCCC3)C3CC3)CC2)CC1
C1CCC(CC2CCC(C3CCCCC3)CC2)CC1
C1CCC(C2CCC(CC3CCCC(CC4CCC5CCCCC5C4)C3)CC2)CC1
C1CCC(CC2CCC(C3CCCC(CCC4CC(CC5CCCC5)C5CCCCC45)C3)CC2)CC1
C1CCC(C2CCCC(C3CCC(C4CCCC4)CC3)C2)CC1
C1CCC(CCC(C2CCCCC2)C2CCC(CC3CCCCC3)CC2)CC1
C1CCC(C2CCCC(CCCC3CC4CCCCC4C3)C2)CC1
C1CCC(C2CCCC(CCC3CCCCC3CC3CCC3)C2)CC1
C1CCC(CCC2CCC(CCC3CCC(C4CCC5CCCCC5C4)CC3)CC2)CC1
C1CCC(C2CCCC(C3CCCC(C4CCCCC4CC4CCC4)C3)C2)CC1
C1CCC(C2CCC(C3C(C4CCCCC4)CCCC3C3CCC3)C2)CC1
C1CCC(CCC2CCC(CC3CCC(C4CCC5CCCCC5C4)CC3)CC2)CC1
C1CCC(C2CCCC(CC3CCCC(C4CCCC(CC5CCC6CCCC6C5)C4)C3)C2)CC1
C1CCC(CC2CCC(C3CCC(C4CCCCC4)CC3)CC2)CC1
C1CCC(C2CCCC(C3CCCC(C4CCCCC4)C3)C2)CC1
C1CCC(CCC2CCC(CCC3CCCCC3)C(C3CCCCC3)C2)CC1
C1CCC(CC2CCCC(CCCCC3CCC4C(CC5CCCCC5)CCC4C3)C2)CC1
C1CCC(CC2CCC3CC(C4CCCCC4)CC(C4CCCCC4)C3C2)CC1
C1CCC(C2CCC(C3CC(C4CCCCC4)C4CCCCC34)CC2)CC1
C1CCC(CC2CCC(C3CCCC(C4CCC4)C3)CC2)CC1
C1CCC(C2CCCCC2)CC1
C(CC1CCC(C2CCC2)CC1)CC1CCCC(C2CCCC2)C1
C1CCC(CCCC2CCC(C3CCCCC3)CC2)CC1
C1CCC(C2CCC(CC3CCC(CC4CCCC4)CC3)CC2)CC1
C1CCC(CCC2CCC(CC3CCCCC3)CC2)CC1
C1CCC(C2CCCC(C3CCCCC3)C2)CC1
C1CCC(CC2CCCC(C3CCCCC3)C2)CC1
C1CCC(CC2CCC(C3CCCCC3CC3CCCCC3)CC2CC2CC2)CC1
C1CCC(CC2CCC(CC3CCCCC3C3CCC4CCCCC4C3)CC2)CC1
C1CCC(CCC2CCCCC2C2CCCCC2)CC1
C1CCC(CC2CCCC(C3CCC(C4CCC4)CC3)C2)CC1
C1CCC(CCCC2CC3CCC(C4CCCCC4)CC3C(C3CCCCC3)C2)CC1
C1CCC(CCC2CC(C3CCCCC3)CC(C3CCCCC3)C2)CC1
C1CCC(CCCC2CC(C3CCCCC3)CCC2CCCC2CCC3CCCCC32)CC1
C1CCC(CC2CCCC(CC3CC(CC4CCCCC4)C4CCCCC34)C2)CC1
C1CCC(CCC2CC(C3CCCCC3CC3CCCCC3)CCC2C2CCCCC2)CC1
C1CCC(CCCC2CCCCC2C2CCCCC2)CC1
C1CCC(CC2CCC(CC3CCC(CCC4CC4)CC3)CC2)CC1
C(CC1CCCC(CC2CC2)C1)CC1CCCC(CC2CCC3CCCCC32)C1
C1CCC(CC2CCC(CC3CCC(C4CCCC5CCCCC54)CC3)CC2)CC1
C1CCC(CCC2CCCC(C3CCCCC3C3CCCC(CC4CCCCC4)C3)C2)CC1
C1CCC(CC2CCCCC2C2CCC(C3CCC3)CC2)CC1
C1CCC(CC2CCCC(C3CCCCC3C3CCCCC3)C2)CC1
C1CCC(C2CCCCC2C2CCCCC2)CC1
C1CCC(C2CC(C3CCC3)C(C3CCCCC3)C(C3CCC(C4CCCCC4C4CCCCC4)CC3)C2)CC1
C1CCC(C2CCCC(C3CCCCC3C3CCCCC3)C2)CC1
C1CCC(CCCCC2CCCC(CC3CCCC(CC4CCCCC4)C3)C2)CC1
C1CCC(CCCC2CC(CCC3CCCCC3)CC(C3CCCCC3)C2)CC1
C1CCC(CC2CC(C3CCCCC3)C3CCCCC23)CC1
C1CCC(C2CCCCC2CCCC2CCC(C3CCCC(C4CCCC4)C3)CC2)CC1
C1CCC(C2CCC(C3CCCC4CC(C5CCCCC5)CCC43)C2)CC1
C1CCC(C2CCC(C3CCC4CCCC4C3)C(C3CCC4CCCC4C3)C2)C1
C1CCC(CCCC2CC(C3CCCCC3)CCC2C2CCCCC2)CC1
C1CCC(C2CCC(C3CCCCC3C3CCCC(C4CCC5CCCC5C4)C3)CC2)CC1
C1CCC(C2CCC3CC(C4CCCC4)CC(C4CCCCC4)C3C2)CC1
C1CCC(CC2CC(CC3CCCCC3C3CCCCC3)C3CCCCC23)CC1
C1CCC(C2CCCCC2C2CCC3C(CCCC3C3CCC4CCCCC43)C2)CC1
C1CCC(C2CCC(C3CCC(C4CCC(C5CCC6CCCCC6C5)CC4)CC3)CC2)CC1
C1CCC(C2CCCCC2CCC2CCC(CC3CC3)CC2)C1
C1CCC(CC2CC(C3CCCC(C4CCCC(C5CCCCC5)C4)C3)C3CCCCC23)CC1
C1CCC(CC2CCCC(CC3CCCC(C4CCCCC4)C3)C2)CC1
C1CCC(CC2CCC3C(CC4CCCCC4)CC(CC4CCCCC4)C3C2)CC1
C1CCC(CC2CCC(C3CCCCC3)CC2)CC1
C1CCC(CC2CCC(C3CCCCC3)CC2)CC1
C1CCC(C2CC(C3CCCC3)CCC2C2CCC(C3CC4CCCCC4C3)CC2)CC1
C1CCC(C2CCCC(CCC3CCC(C4CCCC4)CC3)C2)CC1
C1CCC(C2CCC(C3CCCCC3)C(C3CCCCC3)C2)CC1
C1CCC(CC2CCC(CC3CCC(C4CCC5CCCCC5C4)CC3)CC2)CC1
C1CCC(C2CCC(CC3CCC(C4CCCCC4)CC3)CC2)CC1
C1CCC(C2CCC3CCCC(C4CCCCC4)C3C2)CC1
C1CCC(CCC2CCC(CCC3CCCCC3)CC2)CC1
C1CCC(CC2CCCC(CC3CCCCC3)C2)CC1
C1CCC(CC2CCC(CC3CCC(C4CCCC4)CC3)CC2)CC1
C1CCC(C2CCCC(CC3CCCC(C4CCCCC4C4CCCCC4)C3)C2)CC1
C1CCC(C2CCCCC2CC2CCC(CCCC3CCCC3)CC2)CC1
C1CCC(C2CCC(C3CCCCC3C3CCCCC3)CC2)CC1
C1CCC(CC2CC(C3CCC4CCCC4C3)CCC2C2CCCCC2)CC1
C1CCC(C2CCCC(CC3CCC(CCC4CC4)CC3)C2)CC1
C1CCC(CC2CCC(C3CCCCC3)CC2)CC1
C1CCC(CCCCC2CC3CCCCC3C2)CC1
C1CCC(CC2CC(C3CCCCC3)CCC2C2CCCCC2)CC1
C1CCC(CC2CCCC(C3CCCCC3)C2)CC1
C1CCC(CCC2CCC3C(CCC3CC3CC(C4CCCCC4)C4CCCCC34)C2)CC1
C1CCC(C2CCCCC2CC2CC3CCCCC3C2)CC1
C1CCC(C2CCCCC2CC2CCC(C3CCCCC3)C(C3CCCCC3)C2)CC1
C1CCC(CCCC2CCC(C3CCCC3)CC2)CC1
C1CCC(CC2CCCC(C3CCCCC3C3CCC4CCCCC43)C2)CC1
C1CCC(CCCC2CCC(CC3CCC(C4CCCC(C5CCCC5)C4)CC3)CC2)CC1
C1CCC(CCCC2CCCC(CC3CCC(CC4CCCCC4)CC3CC3CCCCC3)C2)CC1
C1CCC(CC2CCC(C3CCCCC3)CC2)CC1
C1CCC(CCC2CCC(CCC3CCCCC3)CC2)CC1
C1CCC(CCC2CCCC(C3CCC(C4CCCCC4)CC3)C2)CC1
C1CCC(C2CCC(C3CCCCC3CC3CC3)CC2)CC1
C(CCCC1CCCCC1C1CCCCC1)CCC1CCCCC1
C1CCC(C2CCCC(C3CCCC(CCCC4CC(C5CCCC5)C5CCCCC45)C3)C2)CC1
C1CCC(CCCC2CC(C3CCCCC3)CCC2C2CCCCC2)CC1
C1CCC(CCC2CCC(CCC3CCCCC3)C(C3CCCC3)C2)CC1
C1CCC(C2CCC(C3CCC3)CC2)CC1
C(CC1CCCC(C2CCC(C3CCCCC3C3CCCC3)CC2)C1)CC1CC2CCCCC2C1
C1CCC(CCC2CCCC(CC3CC4CCC(C5CCCCC5)CC4C(C4CCCCC4)C3)C2)CC1
C1CCC(CC2CC(C3CCC4CCCC4C3)C3CC(CC4CCC5CCCCC54)CCC23)CC1
C1CCC(CC2CCCCC2C2CCCC(C3CCCCC3)C2)CC1
C1CCC(CCC2CCCCC2CCC2CCCCC2)CC1
C1CCC(CC2CCC3CC(C4CCC(C5CCCCC5)C4)CCC3C2)CC1
C1CCC(C2CCCC(C3CCCC3)C2)CC1
C1CCC(C2CCCC(CC3CCC4CC(C5CCCCC5)CCC34)C2)CC1
C1CCC(C2CCCCC2C2CCCCC2)CC1
C1CCC(CC2CCCCC2C2CCCCC2)CC1
C1CCC(CC2CCC(CCC3CCC(C4CC4)CC3)CC2)CC1
C1CCC(CC2CCC(C3CCCCC3)C(C3CCCCC3C3CCCCC3)C2)CC1
C1CCC(CCCC2CCCC(C3CCCCC3)C2)CC1
C1CCC(CCC2CCCC(C3CCCCC3)C2)CC1
C1CCC(CC2CCCC(C3CCC(CC4CCC(CC5CC5)CC4)CC3)C2)CC1
C1CCC(C2CCC(C3CCC(C4CCCC(C5CCCC5)C4)C3)CC2)CC1
C1CCC(C2CCCC(C3CCCC(C4CCCCC4C4CCCC4)C3)C2)CC1
C1CCC(CCCC2CCC(C3CCCCC3)C2C2CCC(C3CCCC(C4CC4)C3)CC2)CC1
C1CCC(CC2CCC(CC3CCC(C4CCCCC4)CC3)CC2)CC1
C1CCC(CC2CCCCC2C2CCCCC2)CC1
C1CCC(CC2CCCC(C3CCCCC3)C2)CC1
C1CCC(CC2CCCC(CC3CCCCC3)C2)CC1
C1CCC(CC2CCCCC2CC2CCC(C3CCCCC3CC3CCCCC3)CC2)CC1
C1CCC(C2CCCC(C3CCCC(C4CCCCC4)C3)C2)CC1
C1CCC(CC2CCC(C3CCC(C4CCCCC4)CC3)CC2)CC1
C1CCC(CCC2CCC(C3CCCCC3CCC3CC3)CC2)CC1
C1CCC(CC2CCC(C3CCC(C4CCCCC4)CC3)CC2)CC1
C1CCC(CCCC2CCC(C3CCCCC3)C(CC3CCCCC3)C2)CC1
C1CCC(CCCC2CCCC(C3CCCCC3)C2)CC1
C1CCC(CC2CCCC(C3CCCCC3CC3CCCCC3)C2)CC1
C1CCC(CCC2CCCC(CCC3CCC(C4CCCCC4)CC3)C2)CC1
C1CCC(C2CCCC(C3CCCCC3CC3CC4CCCCC43)C2)CC1
C1CCC(CC2CCC(C3CCCCC3)CC2)CC1
C1CCC(C2CCC(CC3CCCCC3C3CCCC3)CC2)CC1
C1CCC(C2CCCCC2C2CCCCC2)CC1
C1CCC(CC2CCC(C3CCCCC3C3CCCC3)CC2)CC1
C1CCC(CCCC2CC(CC3CCC3)CCC2CC2CCCC(C3CCC4CCCC4C3)C2)CC1
C1CCC(CC2CCC(C3CCCCC3C3CCCCC3)CC2)CC1
C1CCC(CC2CCC(CC3CCCC(CC4CC4)C3)CC2)CC1
C1CCC(C2CCCC(C3CC4CCC(C5CCCC5)CC4C(C4CCCCC4)C3)C2)CC1
C1CCC(CC2CCCC2C2CCC(C3CCCCC3)CC2)CC1
C1CCC(CCC2CCCCC2C2CCCCC2)CC1
C1CCC(CC2CCCC(C3CC3)C2)CC1
C1CCC(CC2CCC(C3CCCC(C4CCCCC4)C3)CC2)CC1
C1CCC(CCCC2CCC(CC3CCCCC3)CC2)CC1
C1CCC(CC2CCC(CCCC3CCCC(C4CCCCC4)C3)CC2)CC1
C1CCC(CC2CCC(C3CCC(CC4CCC(CC5CCCC5)CC4)CC3)CC2)CC1
C1CCC(C2CCCC(C3CCCC(CC4CCCC(C5CC5)C4)C3)C2)CC1
C1CCC(C2CCCC(C3CCCCC3)C2)CC1
C1CCC(C2CC(CC3CCC3)CC(C3CCCCC3)C2)CC1
C1CCC(CCC2CCC(C3CC(C4CCCCC4)C3)CC2)CC1
C1CCC(CC2CCC(CC3CCCCC3CC3CCCC3C3CCCCC3)CC2)CC1
C1CCC(CCC2CCC(C3CCCC(C4CCCCC4CC4CC5CCCCC5C4)C3)CC2)CC1
C1CCC(CC2CC(C3CCCCC3)CCC2C2CCCCC2)CC1
C1CCC(C2CCCC(CCC3CCCC3)C2)CC1
C1CCC(CC2CCCC(C3CCCCC3)C2)CC1
C1CCC(C2CCC(CC3CCC(C4CCCC(C5CCCCC5)C4)CC3)CC2)CC1
C1CCC(C2CCC(CC3CCC(C4CCCCC4)CC3)CC2)CC1
C1CCC(CCC2CCCC(C3CCCCC3CC3CCCCC3)C2)CC1
C1CCC(CC2CCCC(CC3CCCC(C4CCCC4)C3)C2)CC1
C1CCC(C2CCCCC2C2CCCCC2CC2CCCCC2C2CCCC3CCCCC32)CC1
C1CCC(CC2CCCC(C3CCC(C4CCCCC4)CC3)C2)CC1
C1CCC(CC2CCC(C3CCCCC3)C(C3CCCCC3)C2)CC1
C1CCC(CC2CCC(C3CC4CCCCC4C3)CC2)CC1
C1CCC2CC(C3CCCCC3CC3CCC(CC4CC5CCCCC5C4)CC3)CCC2C1
C1CCC(CC2CCC(C3CCCCC3)CC2)CC1
C1CCC(CCCCC2CCCC(C3CCCCC3)C2)CC1
C1CCC(CC2CCCCC2C2CCCCC2)CC1
C1CCC(C2CCCC(CC3CCCC(CC4CCC5CCCC5C4)C3)C2)CC1
C1CCC(CC2CCC(C3CCCCC3)C(C3CCCC3)C2)CC1
C1CCC(CCC2CCC(C3CCCCC3)C(C3CCCCC3)C2)CC1
C1CCC(CCC2CCCC3CC(C4CCCCC4C4CCC5CCCC5C4)CCC23)CC1
C1CCC(CC2CCCCC2C2CCCCC2)CC1
C1CCC(CCCC2CCC(CC3CCCCC3)CC2)CC1
C1CCC(C2CCCC(C3CCCCC3)C2)CC1
C1CCC(CC2CCC(CCCC3CCCC(C4CCC5CCCCC5C4)C3)CC2C2CCCC2)CC1
C1CCC(CC2CCC(C3CC(CC4CCCCC4)C4CCCCC43)CC2)CC1
C1CCC(CC2CCC(CCCC3CCC(C4CCCCC4)C3)CC2)CC1
C1CCC(CCCCC2CCCC(CCC3CCC(C4CCCC4)CC3)C2)CC1
C1CCC(CC2CCC(CCCCC3CCC(CC4CCCC(CC5CCCCC5)C4)CC3)CC2)CC1
C1CCC(CCCCC2CCC(C3CCCCC3)CC2C2CCCCC2)CC1
C1CCC(CCC2CCC(CC3CCCCC3)CC2)CC1
C1CCC(CC2CCC(C3CCCCC3C3CCCCC3)CC2)CC1
C1CCC(C2CCCCC2)CC1
C1CCC(C2CCCC(C3CCC(C4CCCC4)CC3)C2)CC1
C1CCC(CCC2CCCCC2C2CCCCC2C2CCCC2)CC1
C1CCC(CC2CCCC(CC3CCCC(C4CCCCC4)C3)C2)CC1
C1CC(CC2CCC(CC3CCCC(CCCC4CCC(C5CCCC5)CC4)C3)CC2)C1
C1CCC(CC2CCC(C3CCCCC3)CC2)CC1
C1CCC(C2CCC(C3CCCC(C4CCCCC4)C3)CC2)CC1
C1CCC(CC2CCCCC2C2CCCC(C3CCCCC3)C2)CC1
C1CCC(CC2CCC3C(CC4CCCCC4)CCC3C2)CC1
C1CCC(C2CCC(CC3CCC(C4CCCCC4)CC3)CC2)CC1
C1CCC(CCC2CCC(C3CCC3)CC2)CC1
C1CC(CC(C2CCCC2)C2CCCC2)CC(C2CCC(CC3CC3)CC2)C1
C1CCC(CCC2CC(C3CCCCC3)CC(C3CCCC(C4CCCCC4)C3)C2)CC1
C1CCC(C2CCCCC2C2CCCCC2)CC1
C1CCC(CC2CCC(CC3CCCCC3C3CCCC3)CC2)CC1
C1CC2CCC(C3CCC(C4CC4)CC3C3CCC4CCCC4C3)CC2C1
C1CCC(CC2CCC(CCC3CCCC(C4CCCCC4)C3)CC2)CC1
C1CCC(CC2CCC(CC3CCC(C4CCCC(CC5CCCCC5)C4)CC3)CC2)CC1
C1CCC(CCCC2CCC(C3CCC(C4CCCC(C5CCC(C6CCCCC6)CC5)C4)CC3)CC2)CC1
C1CCC(CC2CCCCC2C2CCC3C(CC4CCCCC4)CCCC3C2)CC1
C1CCC(CC2CCCC(C3CCCCC3C3CCCC3)C2)CC1
C1CCC(CC2CCCC(C3CCCC(C4CCC(C5CCCCC5)CC4)C3)C2)CC1
C1CCC(C2CCC(C3CCC(CC4CCC5CCCCC54)CC3)CC2)C1
C1CCC(CC2CCC(C3CCCC(C4CCCC4)C3)CC2)CC1
C1CCC(C2CCCC(C3CCCCC3C3CCCCC3)C2)CC1
C1CCC(CC2CCC(C3CCCCC3)CC2)CC1
C1CCC(CCC2CCCC(C3CCC(C4CCCCC4)CC3)C2)CC1
C1CCC(CC2CCCC(C3CCCCC3C3CCC(C4CCC4)CC3)C2)CC1
C1CCC(CC2CCC(C3CCCC(CC4CC5CC6CCCCC6C5C4)C3)CC2)CC1
C1CCC(CC(C2CCCCC2)C2CCCCC2)CC1
C1CCC(CCC2CCCC(CCC3CCC(C4CCCCC4)C(C4CCC5CCCC5C4)C3)C2)CC1
C1CCC(CC2CCC(C3CCCCC3C3CCC3)CC2)CC1
C1CCC(CC2CCC(C3CCC(C4CCCCC4)CC3C3CCCCC3)C2)CC1
C1CCC(CCC2CCCC(CC3CC(C4CCCC4)C4CCCCC34)C2)CC1
C1CCC(CC2CCC(CC3CCCC(CC4CCCCC4)C3)CC2)CC1
C1CCC(CCC2CCC3C(CCC3C3CCCCC3)C2)CC1
C1CCC(CCCC2CCC(C3CC4CCCCC4C3)CC2)CC1
C1CCC(CCCC2CCC(C3CCCCC3)C(CC3CCCC3)C2)CC1
C1CCC(CCC2CCCC(CC3CCC(CC4CCC(C5CCCCC5)CC4)CC3)C2)CC1
C1CCC(CCCC2CC(C3CCCCC3)CC(C3CCCCC3)C2)CC1
C(CCC1CCCCC1C1CCC2CCCC2C1)CC1CCC(CCC2CC3CCCCC3C2)CC1
C1CCC(C2CCCC(C3CCCC(C4CCCCC4C4CCCCC4)C3)C2)CC1
C1CCC(CCC2CC(CC3CCCCC3)CCC2C2CCCCC2C2CCCC2)CC1
C1CCC(CC2CCC(CC3CCC(C4CCCCC4)CC3)CC2)CC1
C1CCC(CC2CCC(CCCC3CCCC(C4CCCCC4)C3)CC2)CC1
C1CCC(C2CCCCC2C2CCCC(CC3CC4CCCCC4C3)C2)CC1
C1CCC(CCCC2CCCC(C3CCCCC3)C2)CC1
C1CCC(C2CCC(C3CCCCC3)CC2)CC1
C1CCC(C2CCC(CCC3CC4CCCCC4C3)CC2)CC1
C1CCC(CC2CCCC(C3CCCCC3)C2)CC1
C1CCC(C2CCCC(C3CCCCC3C3CCCC3)C2)CC1
C1CCC(CCCCCC2CCC(CC3CCCCC3)CC2)CC1
C1CCC(CCC2CCCC(C3CCCC(CC4CCCCC4)C3)C2)CC1
C1CCC(C2CCCCC2CCC2CCC(C3CCCC3)CC2C2CCCCC2)CC1
C1CCC(CCC2CCCC(CC3CCCCC3)C2)CC1
C1CCC(CCC2CC(C3CCCCC3)CC(CCCC3CC3)C2C2CCCCC2)CC1
C1CCC(CC2CCCC(C3CCCCC3)C2)CC1
C1CCC(CCCC2CCC(CC3CCCCC3)CC2CCC2CCC2)CC1
C1CCC(CC2CC3CCC(C4CCCCC4)CC3C(C3CCCCC3)C2)CC1
C1CCC(CC2CCC(C3CCCCC3)CC2C2CCCC2)CC1
C1CCC(CCC2CCCCC2CCCC2CCCC(C3CCCC3)C2)CC1
C1CCC(C2CCC(CCC3CCC4CCCC4C3)C(C3CCC4C(CCC4C4CCCC4)C3)C2)C1
C1CCC(CC2CCC3CC(C4CCC(CC5CCC6CCCCC6C5)CC4)CC(C4CCCCC4)C3C2)CC1
C1CCC(CC2CCCC(C3CCCCC3)C2)CC1
C1CCC(CC2CCC(C3CCCC(C4CCCCC4C4CCCC(C5CCCCC5)C4)C3)CC2)CC1
C1CC(CCC2CCCC3CCCCC32)CC(CC2CCC(CC3CCC(C4CC4)CC3)CC2)C1
C1CCC(CCC2CCCC(CC3CCCCC3)C2)CC1
C1CCC(C2CCCC(C3CCCCC3)C2)CC1
C1CCC(CCCCCC2CCC(CC3CCC(CC4CC5CCCCC5C4)CC3)CC2)CC1
C1CCC(CC2CCCC(C3CCCC(CC4CCCCC4C4CCCCC4)C3)C2)CC1
C1CCC(CC2CCC(C3CCCCC3)CC2)CC1
C1CCC(CCCCC2CCC(CC3CCCCC3)CC2CC2CCCCC2)CC1
C1CCC(CC2CCC(CCC3CCCCC3CC3CCCCC3)CC2)CC1
C1CCC(C2CCCC(CC3CCC(C4CC4)CC3)C2)CC1
C1CCC(CCC2CCCCC2C2CCC(CC3CCCCC3)CC2)CC1
C1CCC(C2CCCCC2C2CCCCC2C2CCCCC2)CC1
C1CCC(CC2CCCC(CCC3CCCC(C4CCCCC4)C3)C2)CC1
C1CCC(CCCC2CC3CCCCC3C2)CC1
C1CCC(C2CCCC(C3CCC(CC4CCC(CCC5CCCC5)CC4)CC3)C2)CC1
C1CCC(CCC2CC(C3CCCCC3)CC(C3CCCCC3)C2)CC1
C1CCC(CC2CC(C3CCCC(C(C4CCCCC4)C4CCCCC4)C3)C3CCCCC23)CC1
C1CCC(CCC2CCCC(C3CCCCC3)C2)CC1
C1CCC(C2CCCC(C3CCCC(C4CCCC(C5CC(C6CCCCC6)CC6CCCCC65)C4)C3)C2)CC1
C1CCC(CC2CCC(C3CCCCC3)CC2)CC1
C1CCC(CCC2CCC(CC3CCCCC3)CC2)CC1
C1CCC(C2CCCCC2C2CCCC(C3CCC4CCCC4C3)C2)CC1
C1CCC(C2CCCC(CCC3CCC(C4CCCC(C5CCCCC5)C4)CC3)C2)CC1
C1CCC(CC2CCC(CCC3CCCC(C4CCCCC4)C3)CC2)CC1
C1CCC(CC2CCCCC2C2CCC3CCCCC32)CC1
C1CCC(CC2CCC(CCC3CC(CC4CCCCC4)C4CCCCC34)CC2)CC1
C1CCC(CCC2CCC(CCC3CCCCC3)CC2)CC1
C1CCC(CC2CCCC(CC3CCCC(CC4CCCC4)C3)C2)CC1
C1CCC(CC2CCC(CCC3CCCC(C4CCC(C5CCCCC5)CC4)C3)CC2)CC1
C1CCC(C2CCCC(C3CCCCC3C3CCCCC3)C2)CC1
C1CCC(C2CCC(C3CCCC(C4CCC(C5CCCC(CC6CCC(CC7CC7)CC6)C5)CC4)C3)CC2)CC1
C1CCC(CC2CCCCC2CCC2CCC3CCCCC3C2)CC1
C1CCC(C2CC(CCC3CCC4CCCCC4C3)C3CCCCC32)CC1
C1CCC(CC2CCCC(CC3CCCC(CC4CCCCC4)C3)C2)CC1
C1CCC(CCCC2CCC(C3CCCCC3)C(C3CC3)C2)CC1
C1CCC(CCCCC2CCC(CC3CCC(C4CCCCC4)CC3)CC2)CC1
C1CCC(CC2CCC(C3CCCCC3)CC2)CC1
C1CCC(CC2CC(C3CCC3)C3CC(C4CCCCC4C4CCCCC4)CCC23)CC1
C1CCC(CCCC2CCC(CC3CCCCC3)CC2)CC1
C1CCC(CCC2CCC(C3CCCCC3C3CCCCC3C3CCCC3)CC2)CC1
C1CCC(CCC2CCC3C(CCCC3C3CCCCC3)C2)CC1
C1CCC(CC2CCC(CC(CCCCC3CCCC(C4CCCCC4)C3)CC3CCCCC3)CC2)CC1
C1CCC(CCCC2CCC(CC3CCC(CC4CC5CCCCC5C4)CC3)CC2)CC1
C1CCC(C2CC(C3CCCCC3)CC(C3CCCC(C4CCCC4)C3)C2)CC1
C1CCC(CC2CCCC(CCC3CCC4CCCCC4C3)C2)CC1
C1CCC(CCC2CCC(C3CCC(CC4CCCCC4)CC3)CC2)CC1
C1CCC(CC2CCC(C3CCCC(C4CCC(C5CCCCC5)C4)C3)CC2)CC1
C1CCC(C2CCC3C(CCCC3C3CCCC4CCCCC43)C2)CC1
C1CCC(CCC2CCC(CC3CCCCC3)CC2)CC1
C1CCC(CC2CCCC(C3CCCC(C4CCCC4)C3)C2)CC1
C1CCC(CC2CCC(CC3CCCCC3CC3CCCCC3)CC2)CC1
C1CCC(CC2CCC(CC3CCC(C4CCCCC4)CC3)CC2)CC1
C1CCC(C2CCC(C3CCCC3)CC2)CC1
C1CCC(C2CCCC(C3CCC(C4CCCC(C5CCCC(C6CCCC6)C5)C4)CC3)C2)CC1
C1CCC(CCCC2CCCC(CCCC3CCCCC3)C2)CC1
C1CCC(C2CCC(CCC3CCCC(CC4CCC4)C3)CC2C2CCCC2)CC1
C1CCC(C2CCC(C3CCC3)CC2)CC1
C1CCC(C2CCCC(C3CCC(C4CC(C5CCCC5)C5CCCCC45)CC3)C2)CC1
C1CCC(C2CCC3C(CCCC3C3CCCC(CC4CCC(C5CCCC5)CC4)C3)C2)CC1
C1CCC(CC(CC2CCCC(C3CCCCC3)C2)C2CCCCC2)CC1
C1CCC(CCC2CCCCC2C2CCC(CC3CCCC3)CC2)CC1
C1CCC(C2CCCC(C3CCCCC3C3CCCCC3C3CCCC3)C2)CC1
C1CCC(CC2CCCCC2C2CCCC(CC3CC3)C2)CC1
C1CCC(CC2CCC(C(CCC3CCCC(CC4CC4)C3)C3CCCCC3)CC2)CC1
C1CCC(CC2CCC(CCCC3CC(C4CCCCC4)C4CCCCC34)CC2C2CCCC2)CC1
C1CCC(CCC2CCCC(CCCC3CCCC(C4CCCCC4)C3)C2)CC1
C1CCC(CCC2CCC3C(CCCC3C3CCC(C4CCCCC4)CC3)C2)CC1
C1CCC(CCCC2CCC(CCC3CCCCC3)CC2)CC1
C1CCC(C2CCC3CC(C4CCCCC4)CCC3C2)CC1
C1CCC(CCCC2CCC(CC3CCC(CCC4CCCC4)CC3)CC2)CC1
C(CCCC1CCC(CC2CCCCC2)CC1)CCC1CCCCC1
C1CCC(C2CCCCC2C2CC(CC3CC3)CC(CC3CCC4CCCC4C3)C2)CC1
C1CCC(CCC2CCC(C3CCCCC3)C(C3CCCCC3)C2)CC1
C1CCC(CCCCC2CCC(C3CCCC(CCC4CCCC4)C3)CC2)CC1
C1CCC(CCCCC2CCC(C3CCCCC3)CC2)CC1
C1CCC(CCCCC2CCC(CC3CCC(CCC4CC5CCCCC5C4)CC3)CC2)CC1
C1CCC(CCCC2CCC3CC(C4CCCCC4)CC(C4CCCCC4)C3C2)CC1
C1CCC(CC2CCC(C3CCCCC3)CC2)CC1
C1CCC(CCC2CC(C3CCCC3)CCC2C2CCC3CCCC3C2)CC1
C1CCC(CC2CC(CC3CCCCC3)C3CC(C4CCCCC4)CCC23)CC1
C1CCC(CC2CCC(CCCC3CCCCC3C3CCC3)C(C3CCCCC3)C2)CC1
C1CCC(C2CCC(C3CCCC(CC4CC4)C3)CC2)CC1
C1CCC(CC2CC3CCC(C4CCCCC4)CC3C(C3CCCCC3)C2)CC1
C1CCC(CC2CCC(CC3CCC(C4CCCCC4)CC3C3CCCCC3)CC2)CC1
C1CCC(CCC2CCC(CC3CCC4CCCC4C3)CC2)CC1
C1CCC(CCC2CCC(C3CCCCC3CCC3CCC3)CC2)CC1
C1CCC(CCC2CCC3C(CC4CCCCC4)CC(CCC4CCCCC4)C3C2)CC1
C1CCC(CC2CCCC(CCC3CCC(C4CCC(C5CCCC5)CC4)C(CC4CCCCC4)C3)C2)CC1
C1CC(CCC2CCC(C3CC3)CC2)CC(C2CCC(CC3CC4CCCCC4C3)CC2)C1
C1CCC(C2CCC(CC3CCC(C4CCCC4)CC3)CC2)CC1
C1CCC(CCC2CCC(CC3CCCCC3)CC2)CC1
C1CCC(CC2CCC(CCCC3CCCC(C4CCCCC4)C3)CC2)CC1
C1CCC(C2CCCC(C3CCCC3)C2)CC1
C1CCC(C2CCCC(C3CCCC(CCC4CCC5CCCCC54)C3)C2)CC1
C1CCC(CC2CCC(CC3CCCCC3C3CCCCC3)CC2)CC1
C1CCC(CC2CCCCC2C2CCCC(C3CCC4CCCC4C3)C2)CC1
C1CCC(C2CCC(CCC3CC4CCCCC4C3)CC2)CC1
C1CCC(CC2CCC(CCCC3CCC(CC4CCCCC4)CC3)CC2)CC1
C1CCC(C2CCC(C3CCCCC3C3CCCCC3)CC2)CC1
C1CCC2C(C1)CCC2CCC1CCC(CC2CCC(C3CC3)CC2)CC1
C1CCC(CC2CCCC(CC3CCC(C4CCCCC4)CC3)C2)CC1
C1CCC(CC2CCC3CC(C4CCCC(C5CCCC5)C4)CCC23)CC1
C1CCC(CC2CCCCC2C2CCC(C3CCCCC3)CC2CC2CCCCC2)CC1
C1CCC(C2CCC(C3CC3)CC2)CC1
C1CCC(CCC2CCCCC2C2CCC(C3CCC(C4CCCCC4)CC3)CC2)CC1
C1CCC(C2CCCCC2CC2CC(C3CCCCC3)C3CCCCC23)CC1
C1CCC(CC2CC(C3CCCCC3)C3CCC(CC4CCC4)CC23)CC1
C1CCC(CC2CCCC(C3CCCC(C4CCCCC4)C3)C2)CC1
C1CCC(C2CCC(CC3CCC(C4CCCCC4)C3)CC2)CC1
C1CCC(C2CCCC(C3CCCC(C4CCCC4)C3)C2)CC1
C1CCC(CC2CCC(CC3CCC(C4CCC(CC5CCCCC5)CC4)CC3)CC2)CC1
C1CCC(CC2CCC(CCCC3CCCC(C4CCCCC4)C3)CC2)CC1
C1CCC(CCC2CCCC(CC3CCCCC3)C2)CC1
C1CCC(C2CC(C3CCCCC3)C3CC(CCC4CCC(C5CCCC(C6CCC6)C5)CC4)CCC23)CC1
C1CCC(CCC2CCCC(CC3CCCCC3)C2)CC1
C1CCC(CCC2CCCC(C3CCCCC3CC3CC4CCCCC4C3)C2)CC1
C1CCC(CCC2CCCC(C3CCCCC3)C2)CC1
C1CCC(CC2CCC(CCCC3CCCC(CC4CC4)C3)CC2)CC1
C1CCC(C(C2CCCCC2)C2CCCCC2)CC1
C1CCC(CCC2CCC(CC3CC4CCCCC4C3)CC2)CC1
C1CCC(CC2CCC(C3CCCCC3)CC2)CC1
C1CCC(C2CCC(C3CCCC(C4CCCCC4)C3)CC2)CC1
C1CCC(CC2CCCC(C3CCCC(C4CCCCC4)C3)C2)CC1
C1CCC(C(C2CCC(CC3CCCC3)CC2)C2CCCCC2C2CCCC2)CC1
C1CCC(CC2CCC(CC3CCC(C4CCCC4)C(C4CCCCC4)C3)CC2)CC1
C1CCC(CC2CCC(CC3CCC(C4CCC(CC5CCCCC5)CC4C4CCCC4)CC3)CC2)CC1
C1CC(C2CCC(CC3CCC(C4CCCC5CCCCC54)CC3)CC2)C1
C1CCC(CC2CCC(CC3CC(CC4CCCCC4)C4CCCCC34)CC2)CC1
C1CCC(CC2CCCCC2C2CCC(C3CCCC3)CC2)CC1
C1CCC(CC2CCCC(CCCCCC3CCCC(C4CC4)C3)C2)CC1
C1CCC(C2CCCC(C3CCCCC3)C2)CC1
C1CCC(CC2CCC(C3CCCCC3)CC2)CC1
C1CCC(C2CCCCC2)CC1
C1CCC(CC2CCC(C3CCCCC3C3CCCCC3)CC2)CC1
C1CCC(CCC2CCC(C3CCCC(CC4CCCCC4)C3)CC2)CC1
C1CCC(CC2CCCC(C3CCCC(CC4CCCCC4)C3)C2)CC1
C1CCC(CCCC2CCC(C3CCCCC3)CC2C2CCCC2)CC1
C1CCC(CCC2CCCCC2CCC2CCCCC2)CC1
C1CCC(CCC2CCCC(C3CCCCC3)C2)CC1
C1CCC(CC2CCCC(CCC3CCCC(CC4CCCCC4)C3)C2)CC1
C1CCC(C2CCCC(CC3CCC(CC4CCC4)CC3)C2)CC1
C1CCC(C2CCCC(C3CCC(C4CCCCC4C4CCCC4)C(C4CCCCC4)C3)C2)CC1
C1CCC(CC2CCCC(C3CC(C4CCCCC4)CC(C4CCC4)C3)C2)CC1
C1CCC(C2CCC(CC3CCC4CC(C5CCCCC5)CCC4C3)CC2)CC1
C1CCC(CC2CCCC(CCC3CC(C4CCCCC4)C4CCCCC34)C2)CC1
C1CCC(CC(CCC2CCC3CCCCC3C2)C2CCC(C3CCC3)CC2)CC1
C1CCC(C2CCCCC2C2CCCC(C3CCCCC3C3CCCCC3)C2)CC1
C1CCC(C2CCC(CC3CCCC(C4CCCCC4)C3)CC2)CC1
C1CCC(C2CCCC(CC3CCC4CCCC4C3)C2)CC1
C1CCC(C2CCCC(C3CCCCC3)C2)CC1
C1CCC(C2CCC3C(CCCC3C3CCCCC3)C2)CC1
C1CCC(CCCCC2CCC(CC3CCCCC3C3CCCCC3)CC2)CC1
C1CCC(C2CC(C3CCC3)CC(C3CCC4CCCC4C3)C2)CC1
C1CCC(CC2CCC(C3CCCCC3C3CCC4CCCCC4C3)CC2)CC1
C1CCC(CC2CCC(C3CCC4CCCCC43)C(C3CCC(C4CCCCC4)C3)C2)CC1
C1CCC(CC2CCCC(C3CCCCC3C3CCCCC3)C2)CC1
C1CCC(CC2CCCC(C3CCCC(C4CCCCC4)C3)C2)CC1
C1CCC(CC2CCC(CCC3CCCC3)C(C3CCCC(C4CCCCC4)C3)C2)CC1
C1CCC(C2CCC(CC3CCC(C(C4CCCC4)C4CC4)CC3)CC2)CC1
C1CC(C2CCC3C(CCC3C3CCCC(CC4CC5CCCCC5C4)C3)C2)C1
C1CCC(CC2CCCC(C3CCC(C4CCC5CCCCC5C4)CC3)C2)CC1
C1CCC(CC2CCCCC2C2CCCCC2)CC1
C1CCC(CC2CCC(CC3CCC(CCCC4CC4)CC3)CC2)CC1
C1CCC(CCC2CCC(CC3CCCCC3)CC2)CC1
C1CCC(CCC2CCC(C(C3CCCCC3)C3CCC(C4CCCCC4C4CCC5CCCCC5C4)C3)CC2)CC1
C1CCC(CC2CCC(C3CCCCC3)CC2)CC1
C1CCC(CCC2CC(CC3CCCCC3)CCC2C2CCCCC2)CC1
C1CCC(CCC2CCCC(C3CCCCC3)C2)CC1
C1CCC(CCC2CCC(CCC3CCC(C4CCCCC4)C3)CC2)CC1
C1CCC(CC2CCC(CC3CCCC(CCC4CCCC4)C3)CC2)CC1
C1CCC(CC2CCC(C3CCC(C4CCC(CC5CCCCC5)CC4)CC3)CC2)CC1
C1CCC(CC2CCC(CCCC3CCC(C4CCCCC4)CC3)CC2)CC1
C1CCC(CC2CCCC(C3CCCCC3)C2)CC1
C1CCC(C2CCCC(C3CCCC(C4CCCC4)C3)C2)CC1
C1CCC(C2CCC(CC3CCC(C4CCC5C(CCC5C5CCCCC5)C4)CC3)CC2)CC1
C1CCC(CC2CCC(C3CCC(C4CCCC4)CC3)CC2)CC1
C1CCC(CCC2CCCC(C3CCC3)C2)C1
C1CCC(CC2CCC(C3CCCCC3CC3CCCCC3)CC2)CC1
C1CCC(C2CCC(C3CCCC(C4CCCCC4)C3)CC2)CC1
C1CCC(CCCCC2CCC(CCC(CCC3CCCCC3)C3CCCCC3)CC2)CC1
C1CCC(C2CCCC(C3CCC(C4CCCC(C5CC(CC6CCCC6)C6CCCCC65)C4)CC3)C2)CC1
C1CCC(CC2CCC(C3CCCC(CC4CCCCC4)C3)CC2)CC1
C1CCC(CCCC2CCCCC2C2CCC(CCC3CCCC(CC4CCCCC4)C3)CC2)CC1
C1CCC(CC2CCC(C3CCCCC3)C(C3CCCCC3)C2)CC1
C1CCC(C2CCC(CC3CCC(CCCC4CCCC4)CC3)CC2)CC1
C1CCC(CCC2CC(C3CCCCC3)C3CCCCC23)CC1
C1CCC(C2CCC(CCC3CCC(CC4CCCC4)CC3)CC2)CC1
C1CCC(CC2CCC(C3CCC(C4CCCCC4)CC3)CC2)CC1
C1CCC(CC2CCC(CCCC3CCCCC3C3CCC4CCCCC4C3)CC2)CC1
C1CCC(C2CCCC(C3CCCC(CCC4CCCC(CC5CC6CCCCC6C5)C4)C3)C2)CC1
C1CCC(CCCC2CCC(C3CCCCC3)CC2)CC1
C1CCC(CC2CCCC(C3CCCCC3)C2)CC1
C1CCC(CC2CCCC(CC3CCCCC3)C2)CC1
C1CCC(CCC2CCCC(C3CCCCC3)C2)CC1
C1CCC(CC(CC2CCCCC2)C2CCCC(C3CCC4CCCC4C3)C2)CC1
C1CCC(C2CCCC(C3CCCCC3C3CCCCC3)C2)CC1
C1CCC(C2CCCCC2CC2CC3CCCCC3C2)CC1
C1CCC(CCC2CCCC(CCC3CCC4CCCCC4C3)C2)CC1
C1CCC(CC2CCCC(C3CCCC(CC4CCCCC4)C3)C2)CC1
C1CCC(CC2CCC(CCCCC3CCC(CC4CCCCC4)CC3)CC2)CC1
C1CCC(CC2CCC(CC3CCCCC3)CC2)CC1
C1CCC(CCC2CC(CC3CCCCC3)CC(C3CCCCC3)C2)CC1
C1CCC(CCCC2CCCC(C3CCC(C4CCC4)CC3)C2)CC1
C1CCC(CC2CCCC2C2CCC(C3CCCC(C4CCCC4)C3)CC2)CC1
C1CCC(CC2CC3CCCCC3C(C3CCCCC3)C2)CC1
C1CCC(CCCC2CCC(CCC3CCCCC3)CC2)CC1
C1CCC(CC2CCC(C3CCCC(CC4CCCCC4)C3)CC2)CC1
C1CCC(C2CCC(C3CCCCC3)CC2)CC1
C1CCC(CCCCC2CCC(CCCC3CCC(CC4CCCCC4)CC3)CC2)CC1
C1CCC(CCC2CCCC(CC3CCCC4CC(CCC5CCCCC5)CCC43)C2)CC1
C1CCC(CC2CCCC3CCCCC32)CC1
C1CCC(CCCCCC2CCCCC2CC2CCCCC2)CC1
C1CCC(CC2CCCCC2CCC2CCC(C3CCCC3)CC2)CC1
C1CCC(C2CCC(C3CCCC3C3CCC4CCCCC43)CC2)CC1
C1CCC(CCC2CCCC(CCC3CCCCC3)C2CCCC2CC2)CC1
C1CCC(C2CCC(C3CCCCC3CC3CC(C4CCC5CCCC5C4)C4CCCCC34)C(C3CCCCC3)C2)CC1
C1CCC(C2CCCC(CC3CCC(C4CCCCC4C4CCCCC4)C(C4CCCC4)C3)C2)CC1
C1CCC(CCCCC2CCC(CC3CCCCC3)CC2)CC1
C1CCC(C2CCCC(CCC3CCCCC3C3CCCC3)C2)CC1
C1CCC(CCCC2CCCC(C3CC4CCCCC4C3)C2)CC1
C1CCC(CCCCC2CCC(CCC3CCCC(C4CCCC4)C3)CC2)CC1
C1CCC(C2CCCC(CCC3CC4CCCCC4C3)C2)CC1
C1CCC(CC2CCCC(CC3CCCC(C4CCCCC4)C3)C2)CC1
C1CCC(CC2CC(CCCC3CCC(C4CCCCC4)CC3)C3CCCCC23)CC1
C1CCC2C(C1)CCCC2C1CCCCC1CCC1CCC(C2CCCC3CCCC32)CC1
C1CCC(CCC2CCC(C3CCCCC3C3CCC4CCCCC43)CC2)CC1
C1CCC(CC2CCC(CC3CCCCC3)CC2)CC1
C1CCC(CCC2CCCC(C3CCCCC3)C2)CC1
C1CCC(CC2CC(C3CCCC(CC4CCC5CCCC5C4)C3)C3CCCCC23)CC1
C1CCC(CCCC2CCC(C3CCCC(CC4CCCCC4)C3)CC2)CC1
C1CCC(C2CCCCC2)CC1
C1CCC(C2CCCC(CCC3CCCC(C4CCCC4)C3)C2)CC1
C1CCC(C2CCC(C3CCCCC3)C(C3CCCC3)C2)CC1
C1CCC(C2CCC(CCCC3CCCC(C4CCCCC4)C3)CC2)CC1
C(CCC1CCC2CCCCC2C1)CCC1(C2CCC3CCCCC3C2)CC1
C1CCC(CCC2CCCC(C3CCC(CC4CCCCC4)CC3)C2)CC1
C1CCC(CCC2CCC(CC3CCCCC3)CC2)CC1
C1CCC(CC2CCCC(C3CCCCC3)C2)CC1
C1CCC(C2CCCC(C3CCC(CC4CCCC(C5CCC(C6CCC6)CC5)C4)CC3)C2)CC1
C1CCC(CC2CC(C3CCCCC3)C3CCCCC23)CC1
C1CCC(C2CCC(C3CCCCC3C3CCCCC3)CC2)CC1
C1CCC(CCC2CCC(CC3CCC(C4CCC(CCC5CC5)CC4)CC3)C(CC3CC3)C2)CC1
C1CCC(C2CCC(C3CCC4CCCC4C3)C(C3CCC4CCCC4C3)C2)C1
C1CCC(C2CCCC(C3CCCCC3)C2)CC1
C1CCC(CC2CCCC(CC3CCCCC3)C2)CC1
C1CCC(CC2CCC(CC3CCC(CC4CCCC4)CC3)CC2)CC1
C1CCC(C2CCC(C3CCC(CCC(C4CCCCC4)C4CCCCC4)CC3)CC2)CC1
C1CCC(CC2CCC(CCCC3CCC(C4CC4)CC3)CC2)CC1
C1CCC(CC2CCC(CCC3CC4CCCCC4C3)CC2)CC1
C1CCC(CC2CCC(C3CCCCC3)CC2)CC1
C1CCC(CCC2CCCC(C(CC3CCCCC3)CC3CCC(C4CCCC4)CC3)C2)CC1
C1CCC(CCCCCC2CCC(CC3CCCCC3)CC2)CC1
C1CCC(CC2CCC(C3CCCCC3)CC2)CC1
C1CCC(CC2CCCC(C3CCC(C4CC4)CC3)C2)CC1
C1CCC(CCCCCC2CCC(C3CCCCC3CCC3CCCCC3)CC2)CC1
C1CCC(CCCC2CCC(C3CCC(C4CCCCC4)CC3)CC2)CC1
C1CCC(CC2CCCCC2C2CCC(CCCC3CCCC(C4CCCCC4)C3)CC2)CC1
C1CCC(C2CCCC(CCCC3CCC(CC4CCC(C5CCC6CCCCC6C5)CC4)CC3)C2)CC1
C1CCC(C2CCCCC2)CC1
C1CCC(CC2CCC(C3CCCCC3)CC2CC2CCCC2)CC1
C1CCC(CC2CCCC(C3CCC(C4CCC5CCCCC54)CC3)C2)CC1
C1CCC(CCC2CCCC(CC3CCCC(C4CCCC(C5CCCCC5)C4)C3)C2)CC1
C1CCC(C2CCCC(C3CCCCC3)C2)CC1
C1CCC(CC2CCC(CC3CCCCC3)CC2)CC1
C1CCC(CCCC2CCCCC2C2CCCCC2)CC1
C1CCC(CCC2CCC(CCC3CCCCC3C3CC4CCCCC4C3)CC2)CC1
C1CCC(CCCC2CC(CC3CCCC(CC4CCCCC4)C3)C3CCCCC23)CC1
C1CCC(CC2CCCCC2C2CCCCC2)CC1
C1CCC(C2CCCCC2C2CC(CCC3CC4CCCCC4C3)C3CCCCC32)CC1
C1CCC(CCC2CCCC(C3CCCCC3CCC3CCCCC3)C2)CC1
C1CCC(CCC2CC(C3CCCC(C4CCCC4)C3)CCC2C2CCCCC2)CC1
C1CCC(C2CCC(CCC3CCC(CCC4CCCC(C5CCC6CCCCC65)C4)CC3)CC2)CC1
C1CCC(CCC2CCC(C3CCCCC3C3CC3)CC2)CC1
C1CCC(CC2CCCCC2C2CCCCC2)CC1
C1CCC(C2CCC3C(CC4CCCC4)CC(C4CCCCC4)C3C2)CC1
C1CCC(CCC2CCC(CC3CCCC(C4CCCCC4)C3)CC2)CC1
C1CCC(C2CC(C3CCC4CCCCC43)CC3CCC(CCC4CC5CCCCC5C4)CC32)CC1
C1CCC(CCCC2CCCC(C3CCCCC3)C2)CC1
C1CCC(CC2CC(CC3CCCCC3)C3CC(C4CCCCC4)CCC23)CC1
C1CCC(CCC(C2CCCCC2)C2CCCCC2)CC1
C1CCC(CCC2CC(CCCCC3CCCCC3CC3CCCC3)C3CCCCC23)CC1
C1CCC(CCC2CCC(C3CCC(C4CCCC(C5CC5)C4)CC3)CC2)CC1
C1CCC(C2CCCC(C3CCCCC3C3CCCCC3)C2)CC1
C1CCC(CC2CCC(CC3CCCCC3)CC2)CC1
C1CCC(C2CCC(C3CCCC(C4CCCC4)C3)CC2)CC1
C1CCC(C2CCCC(C3CCCCC3C3CCCCC3)C2)CC1
C1CCC(CCC2CCCCC2C2CCCC(C3CCCCC3)C2)CC1
C1CCC(CC2CCC(CC3CCCC4CCCCC43)CC2)CC1
C1CCC(CC2CCC(CC3CCCCC3CC3CCCCC3)CC2)CC1
C1CCC(C2CCCC(C3CCCCC3C3CCC3)C2)CC1
C1CCC(CC2CC(CC3CCCCC3)C3CC(C4CCCCC4)CCC23)CC1
C1CCC(CC2CCC(CC3CCCCC3)CC2)CC1
C1CCC(C2CCCC(CCC3CC(C4CCC5CCCCC54)CC4CCCCC43)C2)CC1
C1CCC(CCCC2CCC(CC3CCCCC3)CC2)CC1
C1CCC(CCC2CCCCC2)CC1
C1CCC(CCC(C2CCCCC2)C2CCCCC2)CC1
C1CCC(CCC(CC2CCCCC2)C2CCCC(C3CCCC(C4CCCCC4)C3)C2)CC1
C1CCC(CC2CCC(CC3CC(CC4CCCCC4)C4CCCCC34)CC2)CC1
C1CCC(CC2CCC(C3CCCCC3)CC2)CC1
C1CCC(CC2CC(C3CCCC(C4CCCCC4)C3)CCC2C2CCCCC2)CC1
C1CCC(CC2CCC(CC3CCC(C4CCCC4CC4CCCCC4)CC3)CC2)CC1
C1CCC(C2CCC(CCC3CCCC(C4CCCCC4)C3)CC2)CC1
C1CCC(CCCCCC2CCCC(C3CCCCC3)C2)CC1
C1CCC(CC2CCC(CC3CCCC(C4CCC(CCC5CC6CCCCC6C5)CC4)C3)CC2)CC1
C1CCC2CC(C3CCCC(CC4CCC5CCCCC54)C3)CCC2C1
C1CCC(CCCCCC2CCCC(C3CCCCC3)C2)CC1
C(CCC1CCCC(C2CCCCC2)C1)CCC1CCCC(C2CCCC(C3CCCCC3)C2)C1
C1CCC(C2CCCC(CCCCC3CCC(C4CCC(C5CC5)CC4)CC3)C2)CC1
C1CCC(CC2CCC(C3CCCC(C4CCCCC4)C3)CC2)CC1
C1CCC(C2CCC(CCCC3CC(C4CCCCC4)CC(C4CCCCC4)C3)CC2)CC1
C1CCC(CCCC2CCCC(CC3CCCC(C4CC5CCCCC5C4)C3)C2)CC1
C1CCC(CCCCC2CCC(C3CCCCC3)CC2)CC1
C1CCC(CCCC2CCC(C3CCCCC3)CC2CCCC2CCCCC2)CC1
C1CCC(CC2CC(C3CCC4CCCCC43)CC3CCC(CC4CCC5CCCC5C4)CC32)CC1
C1CCC(CCCC2CCC(C3CCCCC3)C(C3CCC4CCCC4C3)C2)CC1
C1CCC(C2CCC(CC(C3CCCCC3)C3CCCCC3)CC2)CC1
C1CCC(CCCC2CCCC(C3CCCCC3)C2)CC1
C1CCC(C2CCCC(C3CCCCC3)C2)CC1
C1CCC(CCC2CCC(CCCC3CCCC(C4CCC5CCCCC54)C3)CC2)CC1
C1CCC(CC2CCCC(C3CCCCC3)C2)CC1
C1CCC(CC2CCC(CC3CC(C4CCC(C5CCCCC5)CC4)C4CCCCC34)CC2)CC1
C1CCC(CCCC2CCCC(CCC3CCCC(CC4CCCCC4)C3)C2)CC1
C1CCC(CC2CCCC(CC3CCC(C4CCCCC4)CC3)C2)CC1
C1CCC(CC2CCC(CC3CCCCC3C3CCCCC3)CC2)CC1
C1CCC(C2CCC(CC3CCC(C4CCCC(CC5CC6CCCCC6C5)C4)CC3)CC2)CC1
C1CCC(CCCCC2CCCC(C3CCCCC3)C2)CC1
C1CCC2CC(CC3CCCC(C4CCCCC4C4CCCC4)C3)CC2C1
C1CCC(CC2CCCC(C3CCCCC3)C2)CC1
C1CCC(CCC2CCC(C3CCC(C4CCC(CC5CCCC5)CC4)CC3)CC2)CC1
C1CCC(CC2CCCCC2CC2CCC(CC3CC4CCCCC4C3)CC2)CC1
C1CCC2CC(C3CCC(C4CCCCC4C4CC4)CC3)CC2C1
C1CCC(CCCCC2CCC(CC3CCCCC3C3CCCC3)CC2)CC1
C1CCC(CC2CCC(C3CCC(C4CCCCC4C4CCCC4)CC3)CC2)CC1
C1CCC(CCC2CC(CCC3CCCCC3C3CCCCC3)CC(C3CCCCC3)C2)CC1
C1CCC(C2CCCC(C3CCCC(C4CCCC4)C3)C2)CC1
C1CCC(C2CCC(C3CCC(C4CCCCC4)CC3)CC2)CC1
C1CCC(C2CCC(CCC3CC4CCCCC4C3)CC2)CC1
C1CCC(CCCCC2CCC(CCCC3CCCCC3)CC2)CC1
C1CCC(CC2CC(C3CCCCC3)CC(C3CCCC3)C2)CC1
C1CCC(CC2CCC(C3CCCCC3)CC2)CC1
C1CCC(CCCC2CC(CC3CCCCC3)C3CCCCC23)CC1
C1CCC(CC2CCC(CC3CCC(C4CCCC4)CC3)C(CC3CCC(C4CCC4)CC3)C2)CC1
C1CCC(C2CCCCC2C2CCC3C(CCC3C3CCCC3)C2)CC1
C1CCC(CC2CCC(C3CC(CC4CCCCC4)C4CCCCC43)C(C3CCCC3)C2)CC1
C1CCC(CC2CCCCC2)CC1
C1CCC(CC2CCC(C3CCCC(C4CCCCC4)C3)CC2)CC1
C1CCC(C2CC(C3CC4CCCCC4C3)CC3CCC(C4CCCC4)CC32)CC1
C1CCC(CCC2CCC(CC3CCCCC3)CC2)CC1
C(CCCC1CCC(CCC2CCCCC2)CC1)CCCC1CCC2CCCCC12
C(CCCC1CCCC(C2CCCCC2)C1)CCC1CCCCC1
C1CCC(C2CCC(CC3CCCC(C4CCCCC4)C3)CC2)CC1
C1CCC(CCC2CCCC(C3CCCCC3)C2)CC1
C1CCC(CC2CCCC(C3CC(C4CCCCC4)CC(C4CCCCC4)C3)C2)CC1
C1CCC(CC2CCCC(CC3CCCC(C4CCCCC4C4CCCCC4)C3)C2)CC1
C1CCC(C2CCCC(C3CCCCC3C3CCCCC3)C2)CC1
C1CCC(C2CCCC(CCCC3CCC(C4CCCC(C5CCCCC5)C4)CC3)C2)CC1
C1CCC(CC2CCCCC2)CC1
C1CCC(CCCC2CC(CC3CCCCC3)C3CCCCC23)CC1
C1CCC(C2CCCC(C3CCCC(C4CCCC(C5CCCCC5)C4)C3)C2)CC1
C1CCC(CC2CCC(C3CC4CCCCC4C3)C(C3CCCC(C4CCCCC4)C3)C2)CC1
C1CCC(CCC2CCCC(C3CCCCC3)C2)CC1
C1CCC(C2CCC(C3CCCC3)C(C3CCCCC3)C2)CC1
C1CCC(CCC2CCC3C(CCC4CCCCC4)CC(CCC4CCCCC4)C3C2)CC1
C1CCC(C2CCC(C3CCCC(CC4CC5CCCCC5C4)C3)CC2)CC1
C1CCC2CC(CC3CCCC(C4CCC5CCCCC54)C3)CC2C1
C1CCC(CC2CCC(CC3CCC(C4CCCCC4)CC3)CC2)CC1
C1CCC2CC(CC3CCCC(C4CCCCC4C4CCCC4)C3)CC2C1
C1CCC(CC2CCCCC2)CC1
C1CCC(CCCCC2CCCC(C3CCCCC3C3CCCCC3)C2)CC1
C1CCC(C2CCCC(C(C3CCCCC3)C3CCCCC3)C2)CC1
C1CCC(CC2CC(CC3CC4CCCCC4C3)C3CCC(C4CC4)CC23)CC1
C1CCC(CC2CCC3CCCC(C4CCCCC4)C3C2)CC1
C1CCC(CCC(C2CCC(C3CCCCC3)CC2)C2CCCC(CC3CCCCC3)C2)CC1
C1CCC(CC2CCC(CC3CCC(CC4CCCCC4)CC3)CC2)CC1
C1CCC(CCC2CCCC(C3CCCCC3)C2)CC1
C1CCC(C2CCC(CCC3CCCC(CCC4CC4)C3)CC2)CC1
C1CCC(CCC2CCC(CCC3CCCCC3C3CCCC3CC3CCCCC3)CC2)CC1
C1CCC(CC2CCCCC2CCC2CCCC(C3CCCCC3)C2)CC1
C1CCC(CC2CCCC(CC3CCCCC3)C2)CC1
C1CCC(C2CCCC(CC3CCCCC3C3CCCCC3)C2)CC1
C1CCC(C2CCC(CC(CCC3CCC4CCCCC43)C3CCCCC3)CC2)CC1
C1CCC(C2CC(C3CCCCC3)C(C3CCCCC3)C3CCCC23)CC1
C1CCC(CCC2CCCCC2C2CCCCC2)CC1
C1CCC(CCC2CCC(CC3CCCCC3)C(C3CCCCC3)C2)CC1
C1CCC(CCC2CCCCC2C2CCC(CCCC3CCC4CCCCC43)CC2)CC1
C1CCC(C2CCCC(CC3CC4CCCC(C5CCCC5)C4C3)C2)CC1
C1CCC(C2CCCC(C3CCCCC3)C2)CC1
C1CCC(C2CCC(C3CCC(C4CCCCC4)CC3)CC2)CC1
C1CCC(CC2CCC(CC3CCCCC3)CC2)CC1
C1CCC(CCCCC2CCCC(C3CCCC4CC(C5CCCCC5)CCC43)C2)CC1
C1CCC(C2CCCC(C3CCC(C4CCC5CCCCC54)C(C4CCCCC4)C3)C2)CC1
C1CCC(C2CCC(CCC3CCCC(C4CCC(C5CCCCC5)C4)C3)CC2)CC1
C1CCC(C2CCC(C3CC(C4CCCCC4)CC(C4CCCCC4)C3)CC2)CC1
C1CCC(CCC2CCCC(C3CCCCC3)C2)CC1
C1CCC(CC2CCCC(C3CCCCC3)C2)CC1
C1CCC(CC2CCC(CC3CCC(C4CCCC(CCC5CC6CC7CCCCC7C6C5)C4)CC3)CC2)CC1
C1CCC(CC2CCC(C3CCCCC3)CC2)CC1
C(CCCCC1CCCCC1)CCCCC1CCCC(C2CCC(CC3CCCCC3)CC2)C1
C1CCC(C2CCCC(C3CCCC(C4CCCC(C5CCCCC5)C4)C3)C2)CC1
C1CCC2CC(C3CCCCC3C3CCCCC3C3CCC4CCCC4C3)CCC2C1
C1CCC(CCCC2CCCCC2)CC1
C1CCC(CC2CC(C3CCC(C4CCCCC4)CC3)C3CCCCC23)CC1
C1CCC(C2CCCC(C3CCCC(CC4CC(C5CCCCC5)C5CCCCC45)C3)C2)CC1
C1CCC(CC2CCC(C3CC(CC4CCCCC4)C4CCCCC43)CC2)CC1
C1CCC(C2CC(CC3CCC4CCCCC43)CC(C3CCCC3)C2)CC1
C1CCC(C2CCC3CCC(C4CCC(CCC5CCC6C(CCC6C6CCCC6)C5)CC4)C3C2)CC1
C1CCC(CCC2CCC3C(CC4CCCCC4)CC(C4CCC(CC5CCC6CCCCC65)CC4)C3C2)CC1
C1CCC2CC(C3CCC(C4CC(C5CCCC5)C5CCCCC45)CC3)CCC2C1
C1CCC(C2CCC(CCCC3CCCC3)CC2)CC1
C1CCC(C2CCC(C3CC(C4CCCCC4)C4CCCCC34)CC2)CC1
C1CCC(CCC2CCCC(CCCC3CCC(C4CCCCC4)CC3)C2)CC1
C1CCC(C2CCCCC2CCC2CCCC(C3CCC4CCCCC43)C2)CC1
C1CCC(CC2CCCCC2CC2CC(CC3CCCCC3)C3CCCCC23)CC1
C1CCC(CC2CCCC(C3CCCC(CC4CCCCC4)C3)C2)CC1
C1CCC(CCC2CCC(C3CC(CCC4CCCCC4)C4CCCCC43)CC2)CC1
C1CCC(CCC2CCCC(CC3CCCCC3)C2)CC1
C1CCC(CC2CCC(CC3CCCC(CC4CC4)C3)CC2)CC1
C1CCC(C2CCCCC2CC2CC3CCCCC3C2)CC1
C1CCC(CC2CCC3CC(CC4CCC(C5CCCCC5)CC4C4CCC5CCCC5C4)CCC23)CC1
C1CCC(C2CCCCC2CC2CCC(CC3CCC4CCCCC43)CC2)C1
C1CCC(C2CCCC(CC3CCCCC3C3CCC4C(CC5CC6CCCCC6C5)CCCC4C3)C2)CC1
C1CCC(CCCC2CCC(CCC3CCCCC3)CC2)CC1
C1CCC(CC2CCCC(C3CCCCC3)C2)CC1
C1CCC(C2CCCC(CC3CCCC(C4CCCC(C5CCC6CCCCC65)C4)C3)C2)C1
C1CCC(C2CCC(C3CCC(C4CC4)CC3C3CCC4CCCC4C3)CC2)C1
C1CCC(CC2CCC(C3CCC(C4CCCC4)CC3)CC2)CC1
C1CCC(C2CCCCC2CC2CCCCC2C2CCCCC2)CC1
C1CCC(C2CCC3CC(C4CCC5CCCCC54)CC(CCCC4CC5CCCCC5C4)C3C2)CC1
C1CCC(C2CCCCC2CC2CCCC2)CC1
C1CCC(CCC2CCC(C3CCCCC3)CC2)CC1
C1CCC(CC2CCC(CC3CCCCC3)CC2)CC1
C1CCC(CC2CCC(C3CCCCC3C3CCCC4CCCCC43)CC2)CC1
C1CCC(CC2CCC3CCCC(C4CCCCC4)C3C2)CC1
C1CCC(CC2CCCCC2CC2CCC(CC3CCCC3)CC2)CC1
C1CCC(C2CC(C3CCCCC3)CC(C3CCC3)C2)CC1
C1CCC(CC2CCC(C3CCCC(C4CCC4)C3)CC2)CC1
C1CCC(CC2CCC(C3CCCC(CC4CCCCC4)C3)CC2)CC1
C1CCC(CC2CCC(CC3CC4CCCCC4C(C4CCCCC4)C3)CC2)CC1
C1CCC(C2CCCCC2CCCC2CCCC3CCCCC32)CC1
C1CCC(CC2CCC(C3CCCCC3)CC2)CC1
C1CCC(CC2CCC(C3CCCCC3CC3CCCCC3)C(CC3CCC3)C2)CC1
C1CCC(CC2CCC(C3CCC(CC4CCCCC4)C3)CC2)CC1
C1CCC(CC2CCC(C3CCC(CC4CCCCC4)C(C4CCC5CCCC5C4)C3)CC2)CC1
C1CCC(C2CCC(CCCC3CCC(CCC4CC5CCCCC5C4)CC3)C3CCCCC32)CC1
C1CCC(C2CCC(C3CCCCC3)CC2)CC1
C1CCC2CC(C3CCC(C4CC4)CC3C3CCC4CCCC4C3)CCC2C1
C1CCC(C2CCC(CCC3CCC(CC4CC5CCCCC5C4)CC3)CC2)CC1
C1CCC(CC2CCC(CCCCCC3CCCC(C4CCC5CCCCC54)C3)CC2)CC1
C1CCC(C2CCC(C3CC3)CC2C2CCC2)CC1
C1CCC(CC2CCC(C3CCCC(C4CCCC5CCCCC54)C3)CC2)C1
C1CCC(C2CCC(C3C(C4CCCCC4)CC(C4CCCCC4)C4CCCC43)CC2)CC1
C1CCC(CC2CCCCC2C2CCC(C3CCCCC3)CC2C2CCCC2)CC1
C1CCC(CC2CCC(C3CCCC(CC4CCCCC4)C3)CC2)CC1
C1CCC(C2CCCCC2C2CCC(C3CCCC3)C(C3CCCCC3)C2)CC1
C1CCC(CC(CCC2CCC(C3CCCCC3)CC2)C2CCCCC2)CC1
C1CCC(CCCCCC2CCCC(C3CCC(CC4CC5CCCCC5C4)CC3)C2)CC1
C1CCC(C2CC(C3CCCCC3)CC(C3CC3)C2)CC1
C1CCC(CCC2CCC(CCC3CCC(C4CCC4)CC3)CC2)CC1
C1CCC(C2CCCCC2C2CCCCC2C2CCCC2)CC1
C1CCC(C2CCC(C3CCCC(C4CCC5CCCCC54)C3)CC2)C1
C1CCC(CCC2CCC(C3CC3)CC2CC2CCCCC2)CC1
C1CCC(CC2CCC(CC3CCCCC3C3CCCCC3)CC2)CC1
C1CCC(CCC2CCC(CC3CCC(CCC4CCCCC4)CC3)CC2)CC1
C1CCC(C2CCCCC2C2CCCC(C3CCC(C4CCC4)CC3)C2)CC1
C1CCC(CCCCC2CCC(C3CCCCC3C3CCCCC3)CC2)CC1
C1CCC(C2CCC(C3CCC4CCCCC4C3)C(C3CCC4C(CCC4C4CCCCC4)C3)C2)CC1
C1CCC(CCCCCC2CCC(CC3CC(CC4CCCCC4)C4CCCCC34)CC2)CC1
C1CCC(CCC2CCC(CC3CCCCC3)CC2)CC1
C1CCC(CC2CCC(CCCCCC3(C4CCC5CCCCC5C4)CC3)CC2)CC1
C1CCC(C2CCC(C3CCC(C4CCCCC4)CC3)CC2)CC1
C1CCC(CC2CCCCC2C2CCCCC2)CC1
C1CCC(CCC2CCC(C3CCCC(C4CCCCC4)C3)CC2)CC1
C1CCC(C2CCCC(C3CCCCC3)C2)CC1
C1CCC(C2CCC(C3CCCC(C4CC4)C3)CC2)CC1
C1CCC(CCC(C2CCCCC2)C2CCC(C3CCCCC3)CC2)CC1
C1CCC(C2CC(C3CCCCC3)CC(C3CCCCC3)C2)CC1
C1CCC(CCC2CCC(C3CCCCC3)CC2CCC2CCCCC2)CC1
C1CCC(C2CCC(CC3CCC(C4CCC(C5CCCC5)CC4)CC3)CC2)CC1
C1CCC(C2CCCC(CC3CCCC(C4CCCC(C5CC(CC6CC6)CC(CC6CC6)C5)C4)C3)C2)CC1
C1CCC(CC2CCCC(C3CCCC(C4CCCCC4)C3)C2)CC1
C1CCC(C2CCC(C3CCCC3)CC2)CC1
C1CCC(CCCC(C2CCCC2)C2CCCC(CC3CCCCC3)C2)CC1
C1CCC(C2CCC(C3CCCCC3C3CCC4CCCCC4C3)CC2)CC1
C1CCC(CCCCC2CCC(CCC3CCCCC3)CC2)CC1
C1CCC(CC2CCC(C3CCCC(C4CCCCC4)C3)CC2)CC1
C1CCC(CCC2CCC(C3CCCCC3)CC2)CC1
C1CCC(CC2CCC(C3CCCCC3C3CCC4CCCC4C3)CC2)CC1
C1CCC(C2CCC(CCC3CCC(C4CC5CCCCC5C4)CC3)CC2)C1
C1CCC(CC2CCCC(CC3CCC(C4CCCCC4)CC3)C2)CC1
C1CCC(C2CCCC(C3CC(CCCC4CCC(C5CCCC5)CC4)CC(C4CCCCC4)C3)C2)CC1
C1CCC(CCCCC2CCC(C3CCCCC3)CC2)CC1
C1CCC(CC2CCC(CC3CCC(C4CCCCC4CC4CCCCC4)C3)CC2)CC1
C1CCC2CC(C3CCCC(C4CCCC5CCCCC54)C3)CCC2C1
C1CCC(C2CCCC(CC3CCCCC3C3CCCCC3)C2)CC1
C1CCC(CC2CCC(C3CCCCC3CC3CCCCC3)CC2)CC1
C1CCC(C2CCC3C(CCCC3CC3CCCCC3C3CCCCC3)C2)CC1
C1CCC(CC2CCCC(C3CCC(C4CCC4)CC3)C2)C1
C1CCC(CCC2CC(C3CCCC3)CC(C3CCCCC3CC3CCCCC3)C2)CC1
C1CCC(CC2CCC(C3CCC(C4CCCCC4)CC3C3CCCC3)CC2)CC1
C1CCC(CCCCCC2CCC(CC3CCCCC3)CC2)CC1
C1CCC(CCC2CCC(C3CCC(C4CCC(C5CCCCC5)CC4)CC3C3CCCCC3)CC2)CC1
C1CCC(CC2CC(C3CCCCC3)C3CCCCC23)CC1
C1CCC(CCCCCC2CCC(CC3CCCCC3)CC2)CC1
C1CCC(C2CCC(CC3CC3)C(C3CCC4CCCC4C3)C2)CC1
C1CCC(CC2CCCCC2C2CCCCC2)CC1
C1CCC(CC2CCC(C3CCC(CC4CCCCC4)CC3)CC2)CC1
C1CCC(CC2CCCC(C3CCCCC3)C2)CC1
C1CCC(CC2CCCC(CCC3CCCC(C4CCCCC4CC4CCCCC4)C3)C2)CC1
C1CCC(CCC2CCC(CC3CC4CCCCC4C3)CC2)CC1
C1CCC(C2CCCC(CC3CCCC(C4CCCC4)C3)C2)CC1
C1CCC(CCCC2CCC(CCC3CCCC(CCC4CCCCC4)C3)CC2)CC1
C1CCC(CCCC2CCC(CC3CCCCC3)C2)CC1
C1CCC(CCCC2CC(C3CCCCC3)CC(C3CCCC3)C2)CC1
C1CCC(C2CCC3CCCC(C4CCCCC4)C3C2)CC1
C1CCC(CC2CCC(C3CCCCC3)CC2)CC1
C1CCC(CC2CCCC(C3CCCC(C4CCCCC4)C3)C2)CC1
C1CCC(CC2CC(C3CCCCC3)C3CCC4CCCCC4C3C2)CC1
C1CCC(CCC2CCCCC2C2CCC3C(CCC3C3CCCCC3)C2)CC1
C1CCC(CC2CCC(C3CCCC3)C(C3CCCCC3)C2)CC1
C1CCC(CCCC2CCCC(C3CCCCC3)C2)CC1
C1CCC2CC(CCC3CCC(C4CCC5CCCCC54)CC3)CCC2C1
C1CCC(CC2CCCC(C3CC(CC4CCCCC4)C4CCCCC43)C2)CC1
C1CCC(C2CCCC(CC3CCCCC3C3CCC4CCCC4C3)C2)CC1
C1CCC(CC2CCCC(C3CCCC(C4CCCCC4)C3)C2)CC1
C1CCC(CCCCC2CCC(CC3CCC(C4CCC(CC5CCCCC5)CC4)CC3)CC2)CC1
C1CCC(CC2CCCCC2C2CCCCC2C2CCC3CCCC3C2)CC1
C1CCC(CC2CCCCC2C2CCC(CCCC3CCCC3)CC2)CC1
C1CCC(C2CCC(C3CCCCC3C3CCCCC3)CC2)CC1
C1CCC(CC2CCC(C3CC(C4CCCCC4)C4CCCCC34)CC2)CC1
C1CCC(CCC2CC3CCC(CC4CCCCC4)CC3C(C3CCCCC3)C2)CC1
C1CCC(CCC2CCC(C3CCC4CCCCC43)CC2)CC1
C1CCC(C2CCCCC2C2CCCC2)CC1
C1CCC(CC2CCC(C3CCC(C4CCCCC4C4CCCC4)CC3)CC2)CC1
C1CCC(C2CCCCC2CCC2CCC(C3CCCC3)CC2CCCC2CCCC2)CC1
C1CCC(C2CCC(C3CCCCC3)CC2)CC1
C1CCC(CC2CCC(C3CCCCC3)CC2)CC1
C1CCC(C2CC(C3CCC4CCCCC43)CC3CCCCC32)CC1
C1CCC(CCCC2CCCC(C3CCCCC3)C2)CC1
C1CCC(CC2CCCC(C3CCC4CCCCC43)C2)CC1
C1CCC(CCCC2CCC(CC3CCCC(C4CCCCC4)C3)CC2)CC1
C1CCC(CCC2CCC(CCC3CCC(C4CCCCC4)CC3)CC2)CC1
C1CCC(CC2CCCC(C3CCCCC3)C2)CC1
C1CCC(CC2CCCC(C3CCC(C4CCCC5CCCCC54)CC3)C2)CC1
C1CCC(CCC2CCC(C3CCCC(CCC4CCCC(C5CC5)C4)C3)CC2)CC1
C1CCC(CC2CC(CC3CCCC(C4CCCCC4)C3)C3CCCCC23)CC1
C1CCC(CCC2CCCC(C3CCC(C4CCCCC4)CC3)C2)CC1
C1CCC(CCC2CCC(CCC3CCCC(CCCC4CC4)C3)CC2)C1
C1CCC(C2CC(C3CCCCC3C3CCCCC3)C3CCCCC23)CC1
C1CCC(CCCCCC2CCCCC2)CC1
C1CCC(C2CCC(C3CCC4CC(C5CCCCC5)CCC4C3)CC2)CC1
C1CCC(CCCCC2CCCC(CCC3CCCCC3)C2)CC1
C1CCC(CC2CCC3CCC(C4CCCC(C5CCCCC5)C4)CC32)CC1
C1CCC(CCCC(CC2CCCCC2)C2CCC(C3CCCCC3)CC2)CC1
C1CCC(CC(C2CCC(C3CCCC3)CC2)C2CCCC(C3CCC(C4CCCCC4)CC3)C2)CC1
C1CCC(CCCCC2CCCCC2CC2CCCCC2)CC1
C1CCC(CCC2CCCC(CCC3CCC(C4CCCCC4)CC3)C2)CC1
C1CCC(CCCC2CCC(C3CCCCC3)CC2)CC1
C1CCC(CC2CCC(C3CCCC(C4CCCCC4)C3)CC2)CC1
C1CCC(CC2CCC(CCC3CCCC(C4CCCCC4)C3)CC2)CC1
C1CCC(CCC2CCC(C3CCCCC3)CC2)CC1
C1CCC(CCCC2CCCC(C3CCCCC3)C2)CC1
C1CCC(C2CCC(CCC3CCCC3)CC2)CC1
C1CCC(C2CCC(C3CCCC(C4CC5CCCCC5C4)C3)CC2)CC1
C1CCC(CCC2CCC3CC(CCC4CC4)CC(CC4CCCC5CCCCC54)C3C2)CC1
C1CC2CCC(C3CCCCC3C3CCC(CC4CCC(CC5CC5)CC4)CC3)CC2C1
C1CCC(CCC2CCC3CCC(C4CCC(CC5CCCCC5)CC4)C3C2)CC1
C1CCC(CCC2CCCC(C3CC(CC4CCCCC4)C4CCCCC43)C2)CC1
C1CCC(CC2CCC(CC3CCCCC3)CC2)CC1
C1CCC(C2CCC(CC3CCC(C4CCCCC4C4CCCC4)CC3)CC2)CC1
C1CCC(C2CCC(C3CCCCC3)CC2)CC1
C1CCC(CCCC2CC(C3CCCCC3)CCC2C2CCC(CCCC3CC4CCCCC4C3)CC2)CC1
C1CCC(C2CCCC(CCC3CCC4CCCCC4C3)C2)CC1
C1CCC(CC2CCC3C(CCC3C3CCCCC3)C2)CC1
C1CCC(CC2CCC(CC3CCCC(C4CCCCC4)C3)CC2)CC1
C1CCC(C2CCCC(CC3CCC(C4CCCCC4C4CCCC4)CC3)C2)CC1
C1CCC(CCC2CCC3CC(C4CCCCC4)CCC23)CC1
C1CCC(CCCC2CCCCC2C2CCCC(CC3CCCCC3)C2)CC1
C1CCC(C2CCCC(C3CCCCC3)C2)CC1
C1CCC(C2CCCCC2C2CCCC(C3CCCCC3C3CCCC3)C2)CC1
C1CCC(CC2CCCC(CC3CCCC(C4CCC(CCC(C5CCCCC5)C5CCCC5)CC4)C3)C2)CC1
C1CCC(CC2CC(CC3CCCCC3)C3CC(C4CCCCC4)CCC23)CC1
C1CCC(CCCC2CCC(C3CCCCC3)CC2)CC1
C(CC1CCC(C2CCCC2)CC1)CC1CCCC(C2CC2)C1
C1CCC(CC2CCC(CCC3CCCC(CC4CCCC(CC5CCCCC5)C4)C3)CC2)CC1
C1CCC(C2CCCCC2)CC1
C1CCC(C2CC3CCC(C4CCCCC4)CC3C(C3CCCCC3)C2)CC1
C1CCC(C2CC3CCCCC3C2)CC1
C1CCC(C2CCCCC2C2CCCCC2)CC1
C1CCC(CCCC(C2CCC2)C2CCCC(CC3CCCCC3)C2)CC1
C1CCC(CC2CCCC(C3CCC3)C2)CC1
C1CC(CCC2CCC(C3CCCC3)CC2)CC(CC2CCC3CCCC3C2)C1
C1CCC(CCC2CCCC(C3CCCCC3C3CCCCC3)C2)CC1
C1CCC2CC(CC3CCCC(C4CCCC(C5CCC6CCCC6C5)C4)C3)CC2C1
C1CCC(C2CC(C3CCCCC3)CC(C3CCCC(CCC4CC4)C3)C2)CC1
C1CCC(CCCC2CCCCC2)CC1
C1CCC(CC2CCCCC2)CC1
C1CCC(CCC2CCC(CC3CCC(CC4CCCCC4)CC3)CC2)CC1
C1CCC(C2CCC(CCC3CCC(C4CCC4)CC3)CC2)CC1
C1CCC(CCCC2CCCC(C3CCCCC3)C2)CC1
C1CCC(CC2CCCC(C3CCCC(CC4CCCCC4)C3)C2)CC1
C1CCC(CC(C2CCCCC2)C2CCCCC2)CC1
C1CCC(CC2CCC3CC(C4CCCC(C5CCCCC5)C4)CCC3C2)CC1
C1CCC(C2CCCCC2)CC1
C1CCC(CCCC2CCCC(CC3CCCCC3)C2)CC1
C1CCC(C2CCC(CCCC3CCC(C4CCCCC4)CC3)CC2)CC1
C1CCC(C2CCC(C3CCCC(C4CCCC4)C3)CC2)CC1
C1CCC(C2CCCC(CC3CCC(CC4CCCC4)CC3)C2)CC1
C1CCC(CC2CCC(C3CCCCC3)CC2)CC1
C1CCC(C2CCCCC2)CC1
C1CCC(CCC2CC(C3CCCCC3)CC(C3CCCC3)C2)CC1
C1CCC(C2CCCCC2C2CCCCC2)CC1
C(CC1CCCC(C2CCCC2)C1)CC1CCCC(C2CCCC2)C1
C1CCC(CC2CCC(C3CCCC(C4CCC5CCCCC5C4)C3)CC2)CC1
C1CCC(C2CCC(C3CCCCC3)C(C3CCCC3)C2)CC1
C1CCC(CC2CCCCC2)CC1
C1CCC(C2CCC(CC3CC(CC4CC4)CCC3C3CCCCC3)CC2)CC1
C1CCC(CC2CCC(C3CCCCC3)CC2)CC1
C1CCC(CCC2CCCC(C3CCC4CCCCC4C3)C2)CC1
C1CCC(CC2CCCCC2C2CCC(CC3CCCC3)CC2)CC1
C(CCCC1CCCC(C2CCC2)C1)CCC1CCC(C2CCCCC2)CC1
C1CCC(C2CCCC(C3CCC(CC4CCC(CC5CCC6CCCCC65)CC4)CC3)C2)CC1
C1CCC(CC2CCC(CC3CCCCC3)CC2)CC1
C1CCC(CCCC2CCCC(CC3CCC(CC4CCCCC4)CC3)C2)CC1
C1CCC(C2CCC(CCC3CCC(C4CC5CCCCC5C4)CC3)CC2)CC1
C1CCC(CC2CC3CCCCC3C(C3CCCCC3)C2)CC1
C1CCC(CC2CCC(CC3CCC(C4CCCCC4C4CCCCC4)C3)CC2)CC1
C1CCC(C2CCC(CC3CCC(C4CCCC4)CC3)CC2)CC1
C1CCC(CC2CCC(C3CCCC(CC4CCCCC4)C3)CC2)CC1
C1CCC(CCC2CCCC(C3CCCCC3)C2)CC1
C1CCC(CCC2CCC(CC3CCCCC3)CC2C2CCCCC2)CC1
C1CCC(C2CC(C3CCCC4CCCCC43)C3CCCCC23)CC1
C1CCC(CC2CCC(C3CCC3)C(C3CCCCC3)C2)CC1
C1CCC(CCC2CCCC(CC3CCCC(C4CCCCC4)C3)C2)CC1
C1CCC(C2CCC(CCC3CCCCC3C3CCC(C4CCCC4)CC3)C2)CC1
C1CCC(C2CCCC(C3CCC(C4CCCC5CCCCC54)CC3)C2)CC1
C1CCC(C2CCCC(C3CCC(C4CCCCC4C4CCCC4)CC3)C2)C1
C1CCC(CCC2CCC(CC3CCCCC3C3CCC4CCCCC43)CC2)CC1
C1CCC(CCC2CCCC(C3CCCCC3)C2CCC2CCCCC2)CC1
C1CCC(C2CC(C3CCCC(CC4CC5CCCCC5C4)C3)C3CCCCC23)CC1
C1CCC(CCCCC2CCC(C3CCC(CC4CCC5CCCCC5C4)CC3)CC2)CC1
C1CCC(CCCCC2CC(C3CC4CCCCC4C3)CCC2C2CCCCC2)CC1
C1CCC(CC2CCC(CC3CCCC(C4CCCCC4)C3)CC2)CC1
C1CCC(C2CCC(C3CC(C4CCCC(CC5CCCC5)C4)C4CCCCC34)CC2)CC1
C1CCC(CCC2CCC(C3CC3)C(C3CCCCC3)C2)CC1
C1CCC(CC2CCC(CC3CCCC3)CC2)CC1
C1CCC(C2CCC(CCC3CCC4CCCCC43)CC2)CC1
C1CCC(C2CCC(C3CCC(C4CCCC(C5CCCC5)C4)CC3)CC2)CC1
C1CCC(C2CCCCC2)CC1
C1CCC(CCCC2CCCC(C3CCCCC3)C2)CC1
C1CCC(C2CCCC(C3CCC(C4CCCC4)CC3)C2)CC1
C1CCC(CC2CCCC(C3CCCCC3)C2)CC1
C1CCC(CCCC2CCC(CC3CCCCC3)CC2C2CCCCC2)CC1
C1CCC(CCC2CCCC(C3CCCCC3C3CCCC(C4CCCC4)C3)C2)CC1
C1CCC(CC2CCCC(C3CCCCC3CC3CCCCC3)C2)CC1
C1CCC(CC2CC(C3CCCC(C4CCCCC4)C3)C3CCCCC23)CC1
C1CCC(C2CCC(CC3CCC(CC4CCC(C5CCCCC5)CC4)CC3)CC2)CC1
C1CCC(CC2CCC(C3CC(C4CCCCC4)CC(C4CC5CCCCC5C4)C3)CC2)CC1
C1CCC(CCCCC2CCC(C3CCCCC3)CC2)CC1
C1CCC(C2CCC(C3CCC(CCC4CCCC(C5CCCCC5)C4)CC3)CC2)CC1
C1CCC(C2CCC(CC3CCC3)CC2)CC1
C1CCC(CC2CCC3CC(C4CCCCC4)CC(C4CCCCC4)C3C2)CC1
C1CCC(CCCC2CCCC(CC3CCCC(C4CCCCC4)C3)C2)CC1
C1CCC(C2CCC(CC3CCCC(C4CCCC(CC5CCCC5)C4)C3)CC2)CC1
C1CCC(CCC2CCCC(CC3CCCC(C4CCCCC4)C3)C2)CC1
C1CCC(CCC2CCC(CC3CC4CCCCC4C3)CC2)CC1
C1CCC(CC2CCC(C3CCCCC3)CC2)CC1
C1CCC(CC2CCC(CC3CCC(C4CCCCC4)CC3)CC2)CC1
C1CCC(CC2CCCC3CCCC(C4CCC5CCCCC54)C32)CC1
C1CCC(CC2C(C3CCCC3)CCCC2C2CCCC(CC3CCC4CCCCC43)C2)CC1
C1CCC(C2CC(C3CCC4CCCCC43)CC3CCCCC32)CC1
C1CCC(CC2CCC(CCCC3CCC(CC4CCC5CCCCC54)CC3)CC2)CC1
C1CCC(CCCC2CCCC(CC3CCCCC3)C2)CC1
C1CCC(CC2CC(CC3CCCCC3C3CCCCC3)C3CCCCC23)CC1
C1CCC(CCC2CCCC(C3CCCCC3)C2)CC1
C1CCC(CC2CCC(CC3CCCCC3)C(CC3CCCC3)C2)CC1
C1CCC(CCCCC2CCCCC2CC2CCC(C3CCCC(CC4CCCCC4)C3)CC2)CC1
C1CCC(CCCC2CC(CC3CCCCC3)CCC2C2CCC2)CC1
C1CCC(CCCCC2CCCCC2)CC1
C1CCC(CC2CCCCC2)CC1
C1CCC(CC2CCCC(CC3CCCCC3)C2)CC1
C1CCC(C2CCC(C3CCCC(C4CCCCC4)C3)CC2)CC1
C1CCC(CC2CCC(C3CCCC(CC4CCCC(C5CCCCC5)C4)C3)CC2)CC1
C1CCC(C2CCC(CC3CC4CCC(C5CCCCC5)CC4C(C4CCCCC4)C3)CC2)CC1
C1CCC(C2CCC(C3CC(CCC4CC4)CC(CC4CCC4)C3)CC2)CC1
C1CCC(CC2CCC(CC3CCC(CC4CCCCC4)CC3)CC2)CC1
C1CCC(C2CC(CC3CCCC(C4CC4)C3)CCC2CCC2CCCC2)CC1
C1CCC(CCCCC2CCC(C3CCCCC3)C(CC3CCCC(C4CCCCC4)C3)C2)CC1
C1CCC(CCCC2CCC(C3CCCCC3C3CCCCC3)CC2)CC1
C1CCC(CC2CCC(CC3CC(C4CCCCC4)C(C4CCCCC4)C(C4CCCC4)C3)CC2)CC1
C1CCC(C2CCC(CC3CCC(CC4CCCC4)CC3)CC2)CC1
C1CCC(C2CCC(C3CCCC(C4CCCCC4)C3)CC2)CC1
C1CCC(CCC2CCC3CC(C4CCC(C5CCCC5)CC4)CCC23)CC1
C1CCC(CC2CCCC(CC3CCC4CC(C5CCCC5)CC4C3)C2)CC1
C1CCC(CC2CCC(C3CCC(CC4CCC(C5CCCCC5)C4)CC3)CC2)CC1
C1CCC(CC2CCC(CCC3CCCC(C4CCC(C5CCCCC5)CC4)C3)CC2)CC1
C1CCC(C2CCCC2CCCCC2CCCC3CCCCC23)CC1
C1CCC(C2CCC(C3CCCCC3C3CCC4CCCC4C3)CC2)C1
C1CCC(CC2CCCC(C3CCCCC3)C2)CC1
C1CCC(CCC2CCC(CC3CCC(C4CCCC(CC5CC5)C4)CC3)CC2)CC1
C(CCCC1CCCCC1)CCCC(C1CCCCC1)C1CCC(C2CCC3CCCC3C2)CC1
C1CCC(C2CCC(C3CCCCC3C3CCCCC3)C(C3CCC4CCCC4C3)C2)CC1
C1CCC(CC2CCCCC2)CC1
C1CCC(CC2CCC(C3CCCC(CC4CCCCC4)C3)CC2)CC1
C1CCC(CC2CCCC(C3CCCCC3C3CCCCC3)C2)CC1
C1CCC(CCC2CCC(CC3CCCCC3)CC2)CC1
C1CCC(C2CCC(CC3CCC(C4CCCC(C5CCCCC5)C4)CC3)CC2)CC1
C1CCC(C2CCCC(C3CCCC(C4CCCCC4)C3)C2)CC1
C1CCC(C2CCCCC2C2CCCCC2)CC1
C1CCC(CC2CCCC(C3CCCCC3)C2)CC1
C1CCC(CC(C2CCCCC2)C2CCC3CCCCC32)CC1
C1CCC(C2CCCC(C3CCCC(C4CCCCC4)C3)C2)CC1
C1CCC(CCC2CCCCC2)CC1
C1CCC(CC2CCC(C3CC(C4CCC5CCCCC54)CC4CCCCC43)CC2)CC1
C1CCC(CCC2CCC(CCC3CCCCC3)CC2)CC1
C1CCC(C2CCCC(C3CCCCC3)C2)CC1
C1CCC(C2CCC(CCC3CCCC(C4CCCCC4)C3)CC2)CC1
C1CCC(CC2CCC(CC3CCC4CCCC4C3)CC2)CC1
C1CC(CC2CCC(CC3CC4CCCCC4C3)CC2)CC(CC2CC3CCCCC3C2)C1
C1CCC(CC2CC(C3CCCC(C4CCCCC4)C3)C3CCCCC23)CC1
C(CCC1CCC(C2CC2)CC1)CCC1CCC(C2CCCC2)C(C2CCCCC2)C1
C1CCC(CC2CCC(C3CCC(CC4CCCCC4)CC3)CC2)CC1
C1CCC(CCC2CCC(C3CCCCC3)C(C3CCCCC3)C2)CC1
C1CCC(C2CCC(C3CCC(C4CCCCC4)CC3)CC2)CC1
C1CCC(C2CCC(CC3CCC(C4CCCCC4)C3)CC2)CC1
C1CCC(CCC2CCC(CC3CC(CC4CCCCC4)CCC3C3CCCCC3)CC2)CC1
C1CCC(CCC2CCC(C3CCCC(CC4CC5CCCCC54)C3)C(CC3CCCCC3)C2)CC1
C1CCC(C2CC(C3CCC(CC4CC4)CC3)C3CCCCC23)CC1
C1CCC(C2CC(C3CCCCC3)CC(C3CCC3)C2)CC1
C1CCC(CC2CCCC(CC3CCC(C4CCCCC4)CC3)C2)CC1
C1CCC(CCC2CCC(CC3CCCCC3)CC2)CC1
C1CCC(CCC2CCC(C3CCCC(C4CCCCC4)C3)CC2)CC1
C1CCC(CC2CCC(CCC3CCCC(CC4CCC5CCCC5C4)C3)CC2)CC1
C1CCC(CC2CCC(C3CCCCC3)C(CC3CCCCC3)C2)CC1
C1CCC(CCCCC2CCC(CC3CCCC(C4CCCC4)C3)CC2)CC1
C1CCC(CCC2CC(C3CCCCC3)CC3CC(C4CCCCC4)CCC23)CC1
C1CCC(CC2CCCC(C3CCCCC3)C2)CC1
C1CCC(CC2CCCC(C3CCCCC3)C2)CC1
C1CCC(CC2CC(C3CCCCC3)C3CCCCC23)CC1
C1CCC(C2CC(C3CCCCC3)CC(C3CCC3)C2)CC1
C1CCC(CC2CCC(C3CCCC(CC4CCCCC4)C3)CC2)CC1
C1CCC(CCC2CCC(CCCC3CC4CCCCC4C3)CC2)CC1
C1CCC(CC2CC(C3CCCCC3)CCC2CC2CCCC(CC3CCCCC3C3CCCCC3)C2)CC1
C1CCC(C2CC(CC3CC(C4CCC5CCCCC54)CC4CCC(C5CC5)CC43)C3CCCCC32)CC1
C1CCC(C2CCC(CC3CC(C4CCCCC4)C4CCCCC34)CC2)CC1
C1CCC(CCCCCC2CCCC(C3CCCCC3C3CCCCC3)C2)CC1
C1CCC(C2CCCC(CC3CC(C4CCCCC4)C4CCCCC34)C2)CC1
C1CCC2CC(CC3CCC(C4CCCC(C5CCC(C6CCC7CCCCC76)CC5)C4)CC3)CC2C1
C1CCC(C2CCC(CC3CCC(CC4CC5CCCCC5C4)CC3)CC2)CC1
C1CCC(CCCC2CCC(CCCC3CCC(C4CCCCC4)CC3)CC2)CC1
C1CCC(CCC2CCCC(CC3CCC(CC4CCCCC4)CC3)C2)CC1
C1CCC(CCC2CCC(C3CCC(C4CCCCC4)CC3)CC2)CC1
C1CCC(CC2CCCC(C3CCCCC3)C2)CC1
C1CCC(CC2CCC3CC(C4CCC5CCCCC54)CCC3C2)CC1
C1CCC(CC2CC(C3CCCCC3)C3CCCCC23)CC1
C1CCC(CC2CCC(C3CCC(C4CCCCC4C4CCCCC4)CC3)C(C3CCCCC3)C2)CC1
C1CCC(C2CCCCC2CC2CC(C3CCCCC3)C3CCCCC23)CC1
C1CCC(C2CCCCC2CCC2CCC(CC3CCC(C4CC4)CC3)CC2)CC1
C1CCC(CCC2CCCC(C3CCCC(C4CCC5CCCCC54)C3)C2)CC1
C1CCC(CC2CCCC(CC3CCCCC3)C2)CC1
C1CCC(CC2CCC(C3CCC4C(CCC4C4CCCCC4)C3)CC2)CC1
C1CC(CCC2CCCC(C3CCC4CCCCC4C3)C2)CC(CC2CC2)C1
C1CCC(CC2CCC(C3CCCCC3)CC2)CC1
C1CCC(CCC2CCCC(C3CCC4C(CCCC4C4CCC(C5CCCC6CCCCC65)CC4)C3)C2)CC1
C1CCC(C2CCCC(CC3CCC(CC4CC(CC5CC5)C5CCC(CCC6CC7CCCCC7C6)CC45)CC3)C2)CC1
C1CCC(CC2CCC(CCCCCC3CC4CCCCC34)C(C3CCCCC3)C2)CC1
C1CCC(CCC2CCC(CCC3CCC(C4CCCCC4)CC3)CC2)CC1
C1CCC(CCC2CCCC(CCCC3CCC(C4CCCCC4)CC3)C2)CC1
C1CCC(CC2CCC(CC3CCC(CCC4CC4)CC3)CC2)CC1
C1CCC(C2CCCC(C3CCC(C4CCCC(C5CCCCC5)C4)C3)C2)CC1
C1CCC(CCCCC2CCCCC2C2CCCCC2)CC1
C1CCC(CC2CCC(C3CCC(CC4CCCCC4CC4CC4)CC3)CC2)CC1
C1CCC(C2CCC(CC3CCC(C4CCCCC4)CC3)CC2)CC1
C1CCC(CCCC2CCCC(CC3CCCCC3)C2)CC1
C1CCC(C2CCCC(C3CCC(C4CCC4)CC3)C2)CC1
C1CCC(CC2CCC(C3CCC(CC4CCC(C5CCCC(CCC6CCCC6)C5)CC4)CC3)CC2)CC1
C1CCC(C2CCCC(C3CCCC(C4CCCCC4)C3)C2)CC1
C1CCC(C2CCC(CCC3CCCCC3CC3CCC(C4CCCC4)CC3)CC2)C1
C(CCC1CCCCC1C1CCC(C2CCCC(C3CCCC3)C2)C1)CC1CC2CCCCC2C1
C1CCC(CC2CCC(CC3CCCCC3)CC2)CC1
C1CCC(CC2CCC(C3CCCC(CC4CCC(C5CCCCC5)CC4)C3)CC2)CC1
C1CCC(CCC2CCC(C3CCC4CCCC4C3)CC2)CC1
C1CCC(CCCC2CCC(CC3CCC(CC4CC5CCCCC5C4)CC3)CC2)CC1
C1CCC(C2CCC(C3CCC(CCCC4CC(C5CCCCC5)C5CC(C6CCCCC6)CCC45)CC3)CC2)CC1
C1CCC(CC2CCC(C3CCC(C4CCCC4)C(C4CCCCC4)C3)C2)CC1
C1CCC(CC2CCC(CCC3CCCC(C4CCC(CC5CCC5)CC4)C3)CC2)CC1
C1CCC(CC2CCCC(C3CCCCC3)C2)CC1
C1CCC(CCC2CC(C3CCC4CCCCC43)CC3CCCCC32)CC1
C1CCC(CCC2CCC(C3CCCCC3CC3CCCCC3)CC2C2CCCC3CCCCC32)CC1
C1CCC(CC2CCC(C3CCCCC3)CC2)CC1
C1CCC(CCC2CC(C3CCC(CC4CC4)CC3)C3CCCCC23)CC1
C1CCC(C2CCC(C3CC(C4CCCCC4)C4CCCCC34)CC2)CC1
C1CCC(CCC2CCC(C3CCCC3)CC2)CC1
C1CCC(CC2CCCC(C3CCC(CC4CC5CCCCC5C4)CC3)C2)CC1
C1CCC(C2CCCCC2C2CCCCC2)CC1
C1CCC(CCC2CCC(C3CCCCC3)CC2)CC1
C1CCC(C2CCC(C3CCCCC3C3CCCC3)CC2)CC1
C1CCC(CC2CCCC(C3CCC(C4CCC(C5CCCCC5)CC4)CC3)C2)CC1
C1CCC(CC2CCC(CCCC3CCCCC3CC3CCCCC3)CC2)CC1
C1CCC(CC2CCC(C3CCC(C4CCCCC4)CC3)CC2)CC1
C1CCC(CC2CCCCC2CCCC2CCC3CC(C4CCCCC4)CC(C4CCCCC4)C3C2)CC1
C1CCC(CC2CCCC(CCCCC3CC4CCCCC4C3)C2)CC1
C1CCC(C2CCCC2C2CCCC(C3CCCCC3CC3CCCC(C4CCCC4)C3)C2)CC1
C1CCC(CCC2CCC(CC3CC4CCCCC4C3)CC2CC2CCCCC2)CC1
C1CCC(CC2CCC(CC3CCCCC3)CC2)CC1
C1CCC(CCCC2CCC(C3CCCCC3)CC2CC2CCCCC2)CC1
C1CCC(CC2CCC(C3CC3)CC2CCC2CC3CCCCC3C2)CC1
C1CCC(CC2CCC(CC3CCCCC3)CC2)CC1
C1CCC(CCCC2CCCC(CC3CCCCC3)C2)CC1
C1CCC(CCC2CCC(C3CCCCC3C3CC4CCCCC4C3)CC2)CC1
C1CCC(CCCCC2CCC(C3CCCCC3CC3CCCCC3)CC2)CC1
C1CCC(C2CCCC(CCCCC3CCCCC3C3CCCCC3)C2)CC1
C1CCC(CCCC2CC(CC3CCCCC3)CCC2CC2CCCCC2)CC1
C1CCC(C2CCC(CCCCC3CCCCC3C3CCCCC3)CC2)CC1
C1CCC(CCC2CCCCC2CCCC2CC3CCCCC3C2)CC1
C1CCC(CCCC2CCCC(C3CCCC(CC4CCCCC4)C3)C2)CC1
C1CCC(C2CCC(CCCC3CCC(CCCCC4CC5CCCCC5C4)CC3)CC2)CC1
C1CCC(C2CCCCC2C2CCCCC2)CC1
C1CCC(C2CCCC(CCCC(C3CCCC3)C3CCCC(C4CCC(C5CCC5)CC4)C3)C2)CC1
C1CCC(C2CCC(CC3CCC(CC4CCC(CC5CCCC5)CC4)CC3)CC2)CC1
C1CCC(CCC2CCC(CCC3CCC(C4CCCCC4)CC3)CC2)CC1
C1CCC(CCC2CCCCC2CC2CCCCC2)CC1
C1CCC(CCCC2CCCC(C(CC3CCCC3)C3CCCCC3)C2)CC1
C1CCC(CCCC2CCCCC2)CC1
C1CCC(CC2CC3CCCC(C4CCCCC4)C3C2)CC1
C1CCC(CC2CC(CC3CCCC(C4CCC(C5CCCCC5)CC4)C3)C3CCCCC23)CC1
C1CCC(CCC2CCC(C3CCC(C4CCC(C5CCCC5)CC4)CC3)CC2)CC1
C1CCC(CC2CCC(CC3CCC4C(CCC4CC4CC5CCCCC54)C3)CC2)CC1
C1CCC(C2CCC(C3CC3)CC2)CC1
C1CCC(CCCC2CCCC(C3CCCCC3C3CCCCC3)C2)CC1
C1CCC(CCC2CCC(CCCCCC3CCC(C4CCCC4)CC3)CC2)CC1
C1CCC(CCC2CCC(CC3CCC4CCCCC4C3)CC2)CC1
C1CCC(CC2CCC(CC3CCCCC3)CC2)CC1
C1CCC(CC2CCC(C3CCCC(CCC4CCC(C5CCCCC5)CC4)C3)CC2)CC1
C1CCC(C2CCC(C3CCCC(C4CCC5CCCCC5C4)C3)C(C3CCCCC3)C2)CC1
C1CCC(CCCC2CCC(CC3CCCCC3)CC2)CC1
C1CCC(C2CCCC(CC3CCCC(C4CCCCC4)C3)C2)CC1
C1CCC(CC2CC(CCCC3CCCC3)CC(C3CCCCC3)C2)CC1
C1CCC(CC2CCCCC2C2CCCC2)CC1
C1CCC(C2CCC(CCCC3CCC4CC(C5CCCCC5C5CCCCC5)CCC34)CC2)CC1
C1CCC(CC2CCC(C3CCCCC3)C(C3CCCCC3)C2)CC1
C1CCC(C2CC(CC3CCC4CCCCC43)CC3CCCCC32)CC1
C1CCC(CCCCC2CCCC(CC3CCCC(C4CCCCC4)C3)C2)CC1
C1CCC(CC2CCCCC2C2CCCCC2)CC1
C1CCC(C2CCC(C3CCC(C4CCC5CCCC5C4)CC3)CC2)CC1
C1CC2CCC(C3CCC4CC(C5CCC6CCCCC65)CCC4C3)CC2C1
C1CCC(CCC2CCCC(CCC3CCCCC3)C2CCC2CCCCC2)CC1
C1CCC(CCC2CCCC(CCCCC3CC4CCCCC4C3)C2)CC1
C1CCC(CC2CCC(C3CCCC(C4CCCCC4)C3)CC2)CC1
C1CCC(CC2CCC(C3CCCCC3C3CCCCC3)CC2)CC1
C1CCC(CC2CC(CC3CCCCC3)C3CCCCC23)CC1
C1CCC(CC2CCC(C3CCCCC3C3CCC4CCCCC4C3)CC2)CC1
C1CCC(CC2CCC(CC3CCC(CC4CCC(CC5CC6CCCCC6C5)CC4)CC3)CC2)CC1
C1CCC(CCC2CCCC(CC3CCCCC3)C2)CC1
C1CCC(CC2CCC(C3CC(C4CCCCC4)C3)CC2)CC1
C1CCC(CC2CCCC2C2CCC(C3CCCC(C4CCCCC4)C3)CC2)CC1
C1CCC(CC2CCC(C3CCCCC3)CC2)CC1
C1CCC(CCCC2CCCC(C3CCCCC3)C2)CC1
C1CCC(C2CCC3CC(CC4CCCC(CCC5CC5)C4)CC(C4CCCCC4)C3C2)CC1
C1CCC(CC2CCC(C3CCCCC3)CC2C2CCCC2)CC1
C1CCC(CC2CCC(C3CCCCC3)CC2)CC1
C1CCC(CCCC2CCC3CC(C4CCCCC4)CCC3C2)CC1
C1CCC(C2CC(C3CCCCC3)CC(C3CCCCC3)C2)CC1
C1CCC(CCCC2CCC(CCC3CCCCC3)CC2)CC1
C1CCC(CC2CCC(CC3CCCCC3)CC2)CC1
C1CCC(CC2CCC(CC3CC4CCCCC4C3)CC2)CC1
C1CCC(CC2CC(CC3CCCCC3)CC(CC3CCC(C4CCCC4)CC3)C2)CC1
C1CCC(CC2CCCC(C3CCCCC3)C2)CC1
C1CCC(CC2C(C3CCCC3)CCCC2C2CCCC(CC3CCC3)C2)CC1
C1CCC(C2CCCCC2C2CC(C3CCCCC3C3CCCC3)CC2C2CCCC(C3CCCC3)C2)CC1
C1CCC(C2CCCCC2CC2CCCCC2C2CCCC2)CC1
C1CCC(C2CCC(CC3CCC(CC4CC4)CC3)CC2)CC1
C1CCC(CC2CCC(CC3CCC(CC4CCCCC4)CC3)CC2)CC1
C1CCC(CCC2CC(C3CCCCC3)CC(C3CCCCC3)C2)CC1
C1CCC(CC2CCCCC2CC2CC3CCCCC3C2)CC1
C1CCC(CC2CCCCC2C2CCC3C(CCCC3C3CCCCC3)C2)CC1
C1CCC(C2CCCC(C3CCCC4CCCCC43)C2)CC1
C1CCC(CCC2CC(C3CCCCC3)CC(C3CCCC(C4CCCCC4)C3)C2)CC1
C1CCC(CC2CCC(C3CCCCC3)CC2)CC1
C1CCC(CC2CCC(CC3CCC(CC4CCCCC4)CC3)CC2)CC1
C1CCC(CC2CCC3C(CC4CCCCC4)CC(C4CCCCC4)C3C2)CC1
C1CCC(CCC2CCC(CCCC3CCC(CC4CCCCC4)CC3)CC2)CC1
C1CCC(C2CCC(CC3CCC(CC4CC5CCCCC5C4)CC3)CC2)CC1
C1CCC(CC2CCCC(C3CCCCC3)C2)CC1
C1CCC(CC2CCCC(C3CCC(CC4CCC(C5CCCC5)CC4)CC3)C2)CC1
C1CCC(CC2CCC(CC3CCC(C4CCCCC4)CC3)CC2)CC1
C1CCC(CC2CCC(C3CCCC(C4CCCCC4)C3)CC2)CC1
C1CCC(C2CCCC(C3CCC(C4CCCC(C5CCCCC5)C4)CC3)C2)CC1
C1CCC(CC2CCCCC2C2CCC(C3CCCCC3)CC2)CC1
C1CCC(C2CCC(C3CCCC(C4CCCCC4)C3)CC2)CC1
C1CCC(C2CCCC(C3CC(C4CCCCC4)CC(C4CCC4)C3)C2)CC1
C1CCC(CC2CCC(CCC3CCC(CC4CCCCC4)CC3)CC2)CC1
C1CCC(CC2CCCC(C3CC(C4CCCCC4)CC(C4CCCC4)C3)C2)CC1
C1CCC(CCCC2CCC(CC3CCCC(C4CCCCC4)C3)CC2)CC1
C1CCC(C2CCC(CC3CCCC(C4CCCC(C5CCCCC5)C4)C3)CC2)CC1
C1CCC(CC2CCC(CCC3CCC(C4CCCCC4)CC3)CC2)CC1
C1CCC(C2CCC(C3CCCCC3)CC2)CC1
C1CCC(C2CCCCC2)CC1
C1CCC(CC2CCC(CCCC3CCCC(C4CCCCC4)C3)CC2)CC1
C1CCC(CC2CCC(CC3CCC(C4CCCCC4)CC3)CC2)CC1
C1CCC(CCC2CCCC(CC3CCCCC3)C2)CC1
C1CCC(CCCC2CCC(CC3CCCCC3)CC2)CC1
C1CCC(C2CCCC(C3CCC(CC4CCCC(C5CCCC5)C4)CC3)C2)CC1
C1CCC(CCC2CCC(C3CCCCC3CC3CCCCC3)CC2)CC1
C1CCC(CCCCC2CCC(C3CCC(CCCCC4CCCCC4)CC3)CC2)CC1
C1CCC(CC2CCCCC2C2CCCC(C3CCCCC3)C2)CC1
C1CCC(CCC2CCC3C(C4CCCCC4)CC(C4CCCCC4)C3C2)CC1
C1CCC(CC2CCCCC2)CC1
C1CCC(CC2CCCC(C3CCCCC3)C2)CC1
C1CCC(CCC2CCC(C3CCC(CC4CCCCC4)CC3)CC2)CC1
C1CCC(CCC2CCCC(C3CCCC3)C2)CC1
C1CC(C2CCCC(C3CCCCC3C3CCC4CCCC4C3)C2)C1
C1CCC(CC2CCCC(C3CCCC(C4CC4)C3)C2)CC1
C1CCC(C2CCC(CCCC3CCC(CC4CCCCC4C4CCC5CCCC5C4)CC3)CC2)CC1
C1CCC(C2CCC(CC3CCC(C4CCCC4C4CCCCC4)CC3)CC2)CC1
C1CC(CCC2CC3CCCCC3C2)CC(C2CCCC(CC3CC3)C2)C1
C1CCC(CCCCCC2CCCC(C3CCCCC3C3CCCCC3)C2)CC1
C1CCC(CC2CCC(CCC3CCC(CC4CCCC(CC5CCCCC5)C4)CC3)CC2)CC1
C1CCC(CC2CCCCC2CC2CCCCC2)CC1
C1CCC(C2CCC(C3CCCC(C4CCC5CCCC5C4)C3)CC2)CC1
C1CCC(CC2CCC(C3CCCCC3)CC2)CC1
C1CCC(C2CCC(C3CCC(C4CC(C5CCCCC5)CCC4C4CCCCC4)CC3)CC2)CC1
C1CCC(CCCCC2CCC(CC3CCCCC3)CC2)CC1
C1CCC(CC2CCC(C3CCCCC3CCC3CCCC3)CC2C2CCCC2)CC1
C1CCC(CC2CCCC(C3CCCCC3)C2)CC1
C1CCC(C2CCC(C3CCC4CC(C5CCC6CCCCC65)CCC4C3)CC2)C1
C1CCC(CC2CCCCC2CC2CCCCC2)CC1
C1CCC(C2CCC(CCC3CCC(CC4CCC(C5CCCCC5)CC4)CC3)CC2)CC1
C1CCC(C2CCC(C3CCCCC3)CC2)CC1
C1CCC(CCCC2CCC(CC3CCCCC3)CC2)CC1
C1CCC(CC2CCC(CC3CCCCC3)C(C3CCCC(CC4CC5CCCCC5C4)C3)C2)CC1
C1CCC(C2CCC(C3CCCCC3)C(C3CCC4CCCC4C3)C2)CC1
C1CCC(CCC2CCCCC2C2CCC(CC3CCCCC3)CC2)CC1
C1CCC(CCCC2CCCCC2C2CCCC(CC3CCCCC3)C2)CC1
C1CCC(C2CCC(C3CCC(CC4CCCCC4C4CCCCC4)CC3)CC2)CC1
C1CCC(C2CCCC(CCCCC3CCCCC3C3CCCC(CC4CC4)C3)C2)CC1
C1CCC(CCC2CCC(C3CCC(C4CCCCC4)CC3)CC2)CC1
C1CCC(CCCCC2CCCC(C3CCC4CCCC4C3)C2)CC1
C1CCC(C2CCCCC2CCC2CCCCC2C2CCCCC2)CC1
C1CCC(CC2CCCC(C3CCCC(CC4CCCCC4)C3)C2)CC1
C1CCC(CCC2CCC(C3CCCC(C4CCCCC4)C3)CC2)CC1
C1CCC(CC2CC(C3CCC(C4CCC4)CC3)C3CCCCC23)CC1
C1CCC(C2CCC(CC3CC3)CC2)CC1
C1CCC(CC2CCC(CC3CCCCC3)CC2)CC1
C1CCC(C2CCC(C3CCCC(C4CCCC(C5CCCCC5)C4)C3)CC2)CC1
C1CCC(CCC2CCCC(CC3CCC(C4CCCC(C5CCC(C6CC6)CC5)C4)CC3)C2)CC1
C1CCC(C2CCC(C3CCCCC3)C(C3CCCCC3)C2)CC1
C1CCC(CCCCCC2CCC(CC3CCCCC3)CC2)CC1
C1CCC(CCCC2CCCC(C3CCC(C4CCCC4)CC3)C2)CC1
C1CCC(CC2CCCC(CC3CCCC(C4CCCCC4)C3)C2)CC1
C1CCC(C2CCC(CC3CCC(C4CCCC4)CC3)CC2)CC1
C1CCC(CC2CCCCC2C2CCCCC2)CC1
C1CCC(C2CCCC(C3CCCC(C4CCC5CCCCC54)C3)C2)CC1
C1CCC(CCC2CCCC(CC3CCC(C4CCCCC4)C3)C2)CC1
C1CCC(CC2CCC(CC3CCCC(CC4CCCCC4)C3)CC2)CC1
C1CCC(CCCCC2CCC(C3CCCCC3)CC2)CC1
C1CCC(CC2CCC(CCCC3CCCCC3C3CCC4CCCCC4C3)CC2)CC1
C1CCC(CCCCC2CCCC(C3CCC(C4CCCCC4)CC3)C2)CC1
C1CCC(CCC2CCCC(C3CCC4CCCC4C3)C2)CC1
C1CCC(CC2CCC(CC3CCCCC3C3CC3)CC2)C1
C1CCC(C2CCCC(CC3CCCC3)C2)CC1
C1CCC(CC2CCC(C3CCC(CC4CCCCC4C4CCCCC4)CC3)CC2)CC1
C1CCC(C2CCC3C(CCCC3C3CCCCC3)C2)CC1
C1CCC(C2CCC(C3CCCCC3)CC2)CC1
C1CCC(CCCC2CCC(CC3CCCCC3)CC2)CC1
C1CCC(CC2CCCCC2CCC2CCC(C3CCC(CCC4CCC5CCCCC54)C3)C2)CC1
C1CCC(C2CCCC(C3CCCCC3)C2)CC1
C1CCC(C2CCCCC2C2CCCCC2C2CCC3C(CCCC3C3CCCC3)C2)CC1
C1CCC(CCC2CCC(C3CCCCC3)C(C3CCCCC3)C2)CC1
C1CCC(CCC2CCCCC2C2CCC(CCCCC3CC4CCCCC4C3)CC2)CC1
C1CCC(CCC2CCC(CC3CCCCC3)C(C3CCCCC3)C2)CC1
C1CCC(C2CCCC2C2CCCCC2)CC1
C1CCC(C2CC(C3CCC4CCCCC43)CC3CCCCC32)CC1
C1CCC(C2CCCCC2C2CCC3C(CCCC3C3CCCCC3)C2)CC1
C1CCC(C2CCCC(CCCC3CCC(C(C4CCCCC4)C4CCCCC4)CC3)C2)CC1
C1CCC(CCCC2CCC(CC3CCC4CCCC4C3)CC2)CC1
C1CCC(CCC2CCCC(CC3CCCCC3)C2)CC1
C1CCC(CC2CCC(C3CCCCC3)CC2C2CCCCC2)CC1
C1CCC(C2CCC(C3CCCCC3)C(C3CCCC3)C2)CC1
C1CCC(C2CCCC(CC3CCCCC3C3CCCCC3)C2)CC1
C1CCC(C2CCCC(C3CCCCC3)C2)CC1
C1CCC(CCC2CCCCC2C2CCCCC2)CC1
C1CCC(CCCC2CCC(C3CCC(CCC4CCC(C5CCCCC5)CC4)CC3)CC2)CC1
C1CCC(CCC2CC(CC3CCC(CC4CCCCC4)CC3)C3CCCCC23)CC1
C1CCC(C2CCCCC2)CC1
C1CCC(CCC2CCCC(C3CCC4C(CCC4C4CCCC4)C3)C2)CC1
C1CCC(C2CCC(CC3CCCC(C4CCCCC4)C3)CC2)CC1
C1CCC(CCC2CCC3C(CCC3C3CCC(CC4CCCCC4)CC3)C2)CC1
C1CCC(CC2CC3CCC(C4CCCC(C5CCCCC5)C4)CC3C(C3CCCCC3)C2)CC1
C1CCC(CC2CCC(C3CCC(C4CCCCC4)CC3)CC2)CC1
C1CCC(C2CCC(CC3CCCC(C4CCCCC4)C3)CC2)CC1
C1CCC(CCC2CCCC(CC3CCCCC3CC3CCC(CC4CCCCC4)CC3)C2)CC1
C1CCC(CCC2CC(C3CCCCC3)CC(CCC3CCCCC3)C2CCC2CCCCC2)CC1
C1CCC(CC2CCC(CCC3CCC(C4CCCCC4)CC3)CC2)CC1
C1CCC(CCC2CCC3C(CCC3C3CCCC3)C2)CC1
C1CCC(CC2CCCC(CCCC3CCCC(C4CCCCC4)C3)C2)CC1
C1CCC(CCCC2CC3CCC(CC4CCCC4)CC3C(C3CCCCC3)C2)CC1
C1CCC(CC2CCC(CC3CCCC(C4CCCC(C5CCCCC5)C4)C3)CC2)CC1
C1CCC(CC2CCC(C3CCCCC3)CC2C2CCCC2)CC1
C1CCC(C2CCC(C3CCC(C4CCCCC4C4CCCCC4)CC3)CC2)CC1
C1CCC2CC(CC3CCC(C4CCCC(C5CC6CCCCC6C5)C4)CC3)CCC2C1
C1CCC(C2CCCC2C2CCCC(CC3CCC4CCCCC43)C2)CC1
C1CCC(CC2CCC(CCC3CCCC(C4CCCC4)C3)CC2)CC1
C1CCC(CCC2CCCC(C3CCCC(C4CCCCC4)C3)C2)CC1
C1CCC2CC(C(C3CCCC3)C3CCCCC3C3CCC(C4CC4)CC3C3CCCC3)CCC2C1
C1CCC(CC2CCCCC2)CC1
C1CCC(C2CCC(CC3CCCCC3C3CCCCC3)CC2)CC1
C1CCC(CCC2CCC(CCCCCC3CCC(C4CCC4)CC3)CC2)CC1
C1CCC(CC2CCC(CC3CCCCC3)CC2)CC1
C1CCC(C2CCCC(CC3CCCC(C4CCC(C5CCC6CCCCC65)CC4)C3)C2)CC1
C1CCC(CC2CCCCC2C2CCCC(C3CC3)C2)CC1
C1CCC(CCC2CCC(C3CCC(C4CCCC(C5CCCCC5)C4)CC3)CC2)CC1
C1CCC(CC2CCCCC2C2CCCCC2)CC1
C1CCC(CC2CCC(CCC3CC4CCCCC4C3)CC2)CC1
C1CCC(C2CCC(C3CCCC(CC4CC4)C3)CC2)CC1
C1CCC(CC2CCCC(C3CCC(C4CCCCC4)CC3C3CCCC3)C2)CC1
C1CCC(CC2CCCC(C3CCCCC3C3CCCC3)C2)CC1
C1CCC(C2CCC(CC3CCC(CC4CCCC(C5CCCCC5)C4)CC3)CC2)CC1
C1CCC(C2CCCC(C3CCCCC3)C2)CC1
C1CCC(C2CCCC(C3CCCCC3C3CCCC(C4CCCCC4)C3)C2)CC1
C1CCC(C2CCCCC2CCC2CCC(C3CCC3)CC2)CC1
C1CCC(CC2CCCC(C3CC(CC4CCCCC4)CC(C4CCC4)C3)C2)CC1
C1CCC(CC2CCC(CC3CCC(C4CCCCC4)CC3C3CCCCC3)C2)CC1
C1CCC(CCC(C2CCCCC2)C2CCCCC2)CC1
C1CCC(C2CC(C3CCCCC3)C3CCCCC23)CC1
C1CCC(C2CCCCC2C2CCC3C(CCCC3C3CCCCC3)C2)CC1
C1CCC(CCCC2CCCCC2CC2CCCCC2)CC1
C1CCC(CC2CCCCC2C2CCCC(C3CCCCC3)C2)CC1
C1CCC(CCC2CC(CC3CCCC(CC4CCCCC4)C3)C3CCCCC23)CC1
C1CCC(CC2CCCCC2)CC1
C1CCC(C2CCC(C3CCCCC3)C(C3CCCCC3)C2)CC1
C1CCC(CC2CCC(C3CC(C4CCCCC4)CC(C4CCCCC4)C3)CC2)CC1
C1CCC(CC2CCC(C3CC4CCCCC4C3)CC2)CC1
C1CCC(C2CCCCC2)CC1
C1CCC(CCCCC2CCC(CC3CCCCC3)CC2CCCC2CCCCC2)CC1
C1CCC2CC(C3CCC4CCCCC43)CCC2C1
C1CCC(C2CCCC(C3CCCC(C4CCC(C5CC6CCCCC6C5)C4)C3)C2)CC1
C1CCC(CCC2CCC(C3CCCCC3)CC2)CC1
C1CCC(C2CCC(C3CC4CCCCC4C3)C(C3CCCCC3C3CCCCC3)C2)CC1
C1CCC(CC2CCC(C3CCC(C4CCCCC4)CC3C3CCCC3)CC2)CC1
C1CCC(CCCC2CCC(CC3CCCCC3)CC2)CC1
C1CCC(C2CCC(CCC3CCCCC3C3CCCCC3)CC2)CC1
C1CCC(CC2CCC(CCC3CCC4CCCCC4C3)CC2)C1
C1CCC(C2CCC(C3CCCCC3)CC2)CC1
C1CCC(C(C2CCCCC2)C2CCCCC2)CC1
C1CCC(CCCCC2CCC(CC3CCC(CC4CCCC4)CC3)CC2)CC1
C1CCC(CC(C2CCCCC2)C2CCCC(C3CCCCC3)C2)CC1
C1CCC(CC2CCCC(C3CCC(CCC4CCCCC4C4CCCCC4)CC3)C2)CC1
C1CCC(CC2CC(CC3CCCC3)CC(C3CCCC(C4CCCCC4)C3)C2)CC1
C1CCC(C2CCC(C3CCCC(C4CCCC4)C3)CC2)C1
C1CCC(C2CCC(CC3CCCC(C4CCCCC4)C3)CC2)CC1
C1CCC(CCC2CCC(CC3CCCCC3)CC2)CC1
C1CC(C2CCCC(C(CC3CC3)C3CCCCC3CC3CC4CCCCC4C3)C2)C1
C1CCC(CCCCCC2CCC(C3CCCCC3C3CCCCC3)CC2)CC1
C1CCC(C2CCCC(C3CCC(C4CCCC4)CC3)C2)CC1
C1CCC(CCCC2CC(C3CCCC(CC4CCCCC4)C3)C3CCCCC23)CC1
C1CCC(CC2CCCCC2)CC1
C1CCC(C2CCCCC2)CC1
C1CCC(C2CC(C3CCC4CCC(C5CCCC5)CC43)CC3CCCCC32)CC1
C1CCC(C(C2CCCCC2)C2CCCCC2)CC1
C1CCC(CC2CC(CC3CC4CCCCC4C3)CC(C3CCCCC3)C2)CC1
C1CCC(C2CCC(C3CCCC(C4CCCCC4)C3)CC2)CC1
C1CCC(CCC2CCCC(CCCC3CCCC3)C2)CC1
C1CCC(C2CCC(C3CCCC4CCCCC43)C(CC3CC(CC4CCCC4)C4CCCCC34)C2)CC1
C1CCC(C2CCC(CCC3CCCC(CC4CC4)C3)CC2C2CCCCC2)CC1
C1CCC(CCC2CCC(CC3CCCC(C4CCC(C5CCCCC5)CC4)C3)CC2)CC1
C1CCC(CCCC2CCC(C3CCCC(CC4CCCC(C5CCC(C6CCCCC6)C5)C4)C3)CC2)CC1
C1CCC(C2CCCC(C3CCCCC3CC3CCC(C4CCC(C5CCCC5)CC4)CC3)C2)CC1
C1CCC(CCC2CCC(C3CC(CC4CCCCC4)C4CCCCC43)CC2)CC1
C1CCC(C2CCC(C3CCC4CCCC4C3)CC2)CC1
C1CCC(C2CCC(C3CCCCC3)CC2)CC1
C1CCC(CC2CCC(CCC3CCCC(C4CCCCC4)C3)CC2)CC1
C1CCC(CCC2CCC(C3CCCCC3)C(CC3CCCCC3)C2)CC1
C1CCC(CC2CCCC(CC3CCC(CCCC4CCCC4)CC3)C2)CC1
C1CCC(CC2CCC(CC3CCC(C4CCCCC4)CC3)CC2)CC1
C1CCC(C2CCCC(C3CCCCC3C3CC3)C2)CC1
C1CCC(C2CCC(C3CCC(CCCCC4CCC5CCCC5C4)CC3)CC2)CC1
C1CCC(CCCCC2CCCCC2C2CCCCC2)CC1
C1CCC(CC2CCCCC2CC2CCC3CCC(C4CCCC4)CC3C2)CC1
C1CCC(CC2CCC(C3CCCCC3)CC2)CC1
C1CCC(CCCCC2CCC(CC3CCCCC3)CC2)CC1
C1CCC(C2CCC(CC3CCC(CC4CCCC(C5CCC5)C4)CC3)CC2)CC1
C1CCC(CC2CCC(C3CCCCC3)CC2)CC1
C1CCC(C2CCCCC2C2CC(CC3CCC(CC4CC5CCCCC5C4)C3)C3CCCCC32)CC1
C1CCC(CCC2CC3CCC(CC4CCCCC4)CC3C(C3CCCCC3)C2)CC1
C1CCC(C2CCC(C3CCCCC3)CC2)CC1
C(CCCCC1CCC(CC2CCCCC2)CC1)CCCC1CCCCC1
C1CC(CCC2CCC(C3CC(CC4CCC(C5CCC5)CC4)C4CCCCC43)CC2)C1
C1CCC(C2CCCC3CC(C4CCCCC4C4CCC5CCCC5C4)CCC32)CC1
C1CCC(C2CCCC(C3CCCCC3CC3CCCC3)C2)CC1
C1CCC(CC2CCC(CC3CCCCC3)CC2)CC1
C1CCC(CC2CCCC(C3CCCC(C4CC4)C3)C2)CC1
C1CCC(CC2CCC(C3CCC(C4CC(C5CCCCC5)CC(C5CCCC5)C4)CC3)CC2)CC1
C1CCC(CC2CCCCC2C2CCC3C(CC4CCC(C5CCCC5)CC4)CCCC3C2)CC1
C1CCC(CC2CCC(C3CCCC(C4CCCC4)C3)CC2)CC1
C1CCC(CC2CCC(C3CCCCC3)CC2C2CCCC(C3CCCCC3)C2)CC1
C1CCC(CCC2CCC(C3CCCC(C4CCCCC4)C3)CC2)CC1
C1CCC(CC2CC(C3CCCCC3)CC(C3CCCC(CC4CCCC4)C3)C2)CC1
C1CCC(CC2CCC(C3CCCCC3)CC2CC2CCCCC2)CC1
C1CCC(CC2CCCC(C3CCCCC3)C2)CC1
C1CCC(CCC2CCCCC2C2CCCCC2C2CCC3CCCC3C2)CC1
C1CCC(CCC2CCCC(C3CCCCC3C3CCCCC3)C2)CC1
C1CCC(CCC2CCCC(C3CCCC(CC4CCCCC4)C3)C2CCC2CCCCC2)CC1
C1CC2CCC(C3CCC(CCC4CCC5CCCCC54)CC3)CC2C1
C1CCC(CC2CCC(CCC(C3CCCCC3)C3CCCC(CC4CC4)C3)CC2)CC1
C1CCC(CC2CC(CC3CCCC(C4CCCCC4)C3)C3CCCCC23)CC1
C1CCC(CCCCC2CCCC(C3CCCCC3)C2)CC1
C1CCC(C2CCCC(C3CCCC(C4CCCCC4)C3)C2)CC1
C1CCC(CCCCC2CCC(CCC3CCCCC3)CC2)CC1
C(CCCC1CCCC(CCC2CC3CCCCC3C2)C1)CCC1CCC(C2CC2)CC1
C1CCC(CC2CCC(CC3CCCC(C4CCCCC4)C3)CC2)CC1
C1CCC(CC(C2CCCCC2)C2CCCCC2)CC1
C1CCC(C2CCCCC2)CC1
C1CCC(CC2CCCC(C3CCC(C4CC4)CC3)C2)CC1
C1CCC(CC2CCC(CC3CCC(CC4CCC(C5CCCCC5)CC4)CC3)CC2)CC1
C1CCC(CC2CCC(C3CCCCC3)CC2)CC1
C1CCC(CCC2CCC(CCC3CCCCC3)CC2)CC1
C1CCC(CC2CCC(C3CCCCC3)CC2)CC1
C1CCC(C2CCCC(C3CCC4CCCCC43)C2)CC1
C1CCC(C2CCC(C3CCC(CCC4CCC(CC5CC5)CC4)CC3C3CCCC3)CC2)CC1
C1CCC(CC2CCCCC2)CC1
C1CCC(C2CC(C3CCCC3)CC3CCC(C4CCCCC4C4CCCC4)CC32)CC1
C1CCC(CC2CCCC(C3CCCCC3)C2)CC1
C1CCC(C2CCC(CC3CC(C4CCCCC4)C4CCCCC34)CC2)CC1
C1CCC(CC2CCC(CCC3CCC(C4CCCCC4CC4CCCCC4)CC3)CC2)CC1
C1CCC(CCC2CCCCC2C2CC(CC3CCCCC3)C3CC(C4CCCCC4)CCC32)CC1
C1CCC(C2CCCC(CC3CCCC(CC4CCCC(C5CCCC5)C4)C3)C2)CC1
C1CCC(CC2CCC(CCC3CCCC(CC4CCCC(CC5CCCCC5)C4)C3)CC2)CC1
C1CCC(CCC2CCCC(C3CCCCC3CC3CCCCC3)C2)CC1
C1CCC(CC2CCCCC2CCC2CCC(C3CCC(CC4CC4)CC3)CC2)CC1
C1CCC(CC2CCC(C3CCCCC3C3CCCCC3)C(C3CCCC3)C2)CC1
C1CCC(CCC2CCC(CCCCCC3CCCCC3CC3CCCCC3)CC2)CC1
C1CCC(CCC2CCCC(C3CCC(CC4CCCCC4)CC3)C2)CC1
C1CCC(CC2CCCC(CC3CCCC(CC4CCCC5CCCCC54)C3)C2)CC1
C1CCC(CCCC2CCC(CCC3CCC(CC4CCCCC4)CC3)CC2)CC1
C1CCC(CC2CCCC(CC3CCC(C4CC(CC5CCCCC5)C5CCCCC54)CC3)C2)CC1
C1CCC(CC2CCC(C3CCC(CC4CCC(C5CCCCC5C5CCC6CCCCC6C5)CC4)CC3)CC2)C1
C1CCC(CCC2CCC3CC(C4CCCCC4)CCC3C2)CC1
C1CCC(CC2CCC(CCC3CCC(C4CCCCC4)C3)CC2)CC1
C1CCC(CCC2CCCCC2)CC1
C1CCC(CC2CCC(CC(C3CCCCC3)C3CCCCC3)CC2)CC1
C1CCC(CCC2CCCCC2CC2CCCCC2)CC1
C1CCC(CCC2CCCC(C3CCC(CC4CCCCC4)CC3)C2)CC1
C1CCC(CC2CCC(CCCC3CCCC4CCC(CC5CCCCC5)CC34)CC2)CC1
C1CCC(CC2CCC(C3CCCCC3CC3CCCCC3)CC2)CC1
C1CCC(CC2CC(CC3CCCCC3)C3CC(CC4CC5CCCCC5C4)CCC23)CC1
C1CCC(C2CCCCC2)CC1
C1CCC(CC2CCCC(C3CCCCC3)C2)CC1
C1CCC(CC2CCC(C3CCCCC3)C(CC3CCC3)C2)CC1
C1CCC(C2CCCC(C3CCC(C4CCCC(C5CCCCC5)C4)C4CCCCC34)C2)CC1
C1CC2CCC(C3CCCCC3C3CCC4C(CCCC4C4CCCC4)C3)CC2C1
C1CCC(CC2CCCCC2C2CCCCC2)CC1
C1CCC(CC2CCCC(C3CCC(CCC4CCC(C5CCCCC5)CC4)CC3)C2)CC1
C1CCC(CC(CCC2CCC(CC3CCCCC3CC3CCCCC3)CC2)C2CCCCC2)CC1
C1CCC(CC2CCC(C3CCCCC3C3CCCC3)CC2)CC1
C1CCC(CC2CCCCC2CCCCC2CC3CCCCC3C2)CC1
C1CCC(CC2CCC(CC3CCCCC3CCC3CCCC(C4CCCCC4)C3)CC2)CC1
C1CCC(C2CCC3CCCCC3C2)CC1
C1CCC(CC2CCCCC2CCC2CCCC(C3CCCCC3)C2)CC1
C1CCC(CC2CCCC(C3CCCCC3)C2)CC1
C1CCC(C2CCC(C(C3CCCC3)C3CCCC(C4CCCCC4)C3)CC2)CC1
C1CCC(C2CCCCC2C2CCC(CC3CCCC(C4CCC5CCCCC54)C3)CC2)C1
C1CCC(CCC2CCC(CC3CC4CCCCC4C3)CC2)CC1
C1CCC(CCC2CC(CC3CCCCC3)CCC2CC2CCCC2)CC1
C1CCC(CC2CCC3C(CCC4CC5CCCCC5C4)CCC3C2)CC1
C1CCC(CC2CCC(C3CCCC(CC4CC5CCCCC5C4)C3)CC2)CC1
C1CCC(CCC2CCCC(CCC3CCCCC3)C2)CC1
C1CCC(C2CCC(C3CCC3)CC2C2CCCCC2)CC1
C1CCC(CC2CCC(CC3CCC(CC4CCCC4)CC3)CC2)CC1
C1CCC(CCC2CCCC(CC(CCC3CCCCC3)C3CCCCC3)C2)CC1
C1CCC(CCCCC2CCCC(CC3CCCCC3)C2)CC1
C1CCC(CC2CCC(C3CCCCC3)C(C3CCC(CCCC4CC4)CC3)C2)CC1
C1CCC(CC2CCC(CC3CCC(CC4CCCCC4)CC3)CC2)CC1
C1CCC(CCC2CCC(CC3CCC(CC4CCCCC4)CC3)CC2)CC1
C1CCC(CC2CCC(C3CCC4CCCC4C3)C2C2CCC(C3CCCC3)CC2)CC1
C1CCC(CC2CCC(C3CCCCC3)CC2)CC1
C(CCCC1CCC(C2CCCC(C3CCCC3)C2)CC1)CCCC1CCC2CCCCC12
C1CCC(CC2CCC(CC3CCCC3)CC2)CC1
C1CCC(CCC2CCCC(C3CCC(CC4CCC(C5CCC5)CC4)CC3)C2)C1
C1CCC(CC2CCC(C3CCCC(C4CCCC4)C3)C(C3CCCCC3)C2)CC1
C1CCC(CC2CCC(CC3CC4CCCCC4C3)C(C3CCCCC3)C2)CC1
C1CCC(CCC2CCCC(C3CCCCC3)C2)CC1
C1CCC(C2CCCC(CCC3CCCCC3C3CCCCC3)C2)CC1
C1CCC(CC2CCC(C3CC(C4CCCC(C5CCCCC5)C4)C4CCCCC34)C2)CC1
C1CCC(C2CCC(C3CCC(C4CCCC(C5CCCCC5)C4)CC3)CC2)CC1
C1CC(CC2CC2)CC(CC2CCC(C3CCCC(C4CCCC4)C3)CC2)C1
C1CCC(CC2CCCC(C3CCCCC3)C2)CC1
C1CCC(C2CC(C3CCCC3)CC(C3CC(C4CCCCC4)CCC3C3CCCCC3)C2)CC1
C1CCC(CC2CCCCC2CC2CCCC(C3CCCCC3)C2)CC1
C1CCC(CC2CCC(C3CCC(C4CCCCC4)CC3)CC2)CC1
C1CCC(CC2CCCC(C3CCCC(CC4CC5CCCCC5C4)C3)C2)CC1
C1CCC(C2CCCC(C3CCCC(C4CCC5CCCCC5C4)C3)C2)C1
C1CCC(C2CCCC(CC3CC(C4CC5CCCCC5C4)C4CCCCC34)C2)CC1
C1CCC(CC2CCCCC2C2CCCC(C3CCC(C4CCCCC4)CC3)C2)CC1
C1CCC(C2CCC(C3CCC(CC4CCCCC4CC4CCCC4)CC3C3CCCCC3)CC2)CC1
C1CCC(C2CCCC(C3CCC(C4CCCC(CC5CC5)C4)CC3)C2)CC1
C1CCC(CC2CCC(C3CCCC(C4CCCCC4)C3)CC2)CC1
C1CCC(CC2CCCCC2C2CCC3CC(CCC4CCCC(C5CCCC5)C4)CCC3C2)CC1
C1CCC(C2CCCCC2C2CCC(CC3CCC(C4CCCC(C5CCCC5)C4)CC3)CC2)CC1
C1CCC(CC2CCCC(C3CCCCC3)C2)CC1
C1CCC(CCCC2CCC(C3CCCC(CCC4CC5CCCCC5C4)C3)CC2)CC1
C1CCC(C2CCCC(CC3CCCCC3C3CCCC3)C2)CC1
C1CCC(C2CCCC(C3CCCCC3)C2)CC1
C1CCC(CCCCC2CCC(CC3CCCCC3)CC2)CC1
C1CCC(CC2CCCC(C3CCCCC3)C2)CC1
C1CCC(C2CCCC(C3CCCC3)C2)CC1
C1CCC(CC2CCC(C3CCCCC3)CC2)CC1
C1CCC(C2CCCCC2C2CCC(C3CCCC(CC4CCCC4)C3)CC2)CC1
C1CCC(C2CCCC(C3CCC(C4CCC(CCC5CCC6CCCCC65)CC4)CC3)C2)C1
C1CCC(C2CCC(CC3CCC(CCCC4CCCC(C5CCCCC5)C4)CC3)CC2)CC1
C1CCC(CCCC2CCC(CC3CCCCC3)CC2)CC1
C1CCC(CC2CCC(C3CCC(CC4CCCCC4)CC3)CC2)CC1
C1CCC(CCC2CCC(CC3CCCCC3)CC2)CC1
C1CCC(CC2CCCCC2)CC1
C(CCCC1CCCC(C2CCC(C3CCCC3)CC2)C1)CCC1CCCCC1
C1CCC(C2CCC(C3CCCCC3)C(C3CCCCC3)C2)CC1
C1CCC(CCC2CCC(C3CCCCC3)CC2CC2CCCCC2)CC1
C1CCC(CCC2CCCC(C3CCCC(C4CCCCC4)C3)C2)CC1
C(CCCC1CCCC(CC2CC2)C1)CCC1CCCCC1
C1CCC(C2CCC(CC3CCCC3C3CCCCC3)CC2)CC1
C1CCC(C2CCC3C(CCCC3C3CCCCC3)C2)CC1
C(CCCC1CC(C2CCC(CC3CC3)CC2)C2CCCCC12)CCC1CCC(C2CCCCC2)CC1
C1CCC(CC2CCCC(CCC3CCCC(C4CCCCC4)C3)C2)CC1
C1CCC(C2CCCCC2)CC1
C1CCC(CC2CCCC(C3CCCCC3C3CCCCC3)C2)CC1
C1CCC(CC2CCCCC2C2CCCCC2CC2CCC2)CC1
C1CCC(C2CCCC(C3CCCC(C4CCCCC4CCC4CC5CCCCC5C4)C3)C2)C1
C1CCC(CCC2CCCC(C3CCCCC3)C2)CC1
C1CCC(CC2CCC(C3CCCCC3)CC2)CC1
C1CCC(CCCCC2CC(CC3CCCCC3)C3CCCCC23)CC1
C1CCC(CC2CCCC(CC3CCCCC3CC3CCCCC3)C2)CC1
C1CCC(CCCC2CCC3CC(CC4CCCCC4)CC(C4CCCCC4)C3C2)CC1
C1CCC(CC2CCC(CC3CC(C4CCCCC4)C4CC(CC5CCCC5)CCC34)CC2)CC1
C1CC2CCC(CCC3CCC(C4CCCC(CC5CCCC(C6CC6)C5)C4)CC3)CC2C1
C1CCC(C(C2CCC2)C2CCCC(C3CCCC(C4CCCC4)C3)C2)CC1
C1CCC(CCCCC2CCC(C3CCCC3C3CCCCC3CC3CCCCC3)CC2)CC1
C1CCC(C2CCC3CC(C4CCC4)CC(C4CCC(C5CCCC5)C4)C3C2)CC1
C1CCC(CC2CCC(CC3CCC(CC4CCCCC4)CC3)CC2)CC1
C1CCC(CC2CCC(C3CCC(CC4CCCCC4)CC3)CC2)CC1
C1CCC(C2CCC(CCC3CCC4CCCCC43)C(C3CCC4CCCC4C3)C2)CC1
C1CCC(CC2CCC(C3CCCC(C4CCCCC4CC4CCCCC4)C3)CC2)CC1
C1CCC(C2CCC3CCCCC32)CC1
C1CCC(CCC2CCC(CC3CCC(C4CCCCC4)CC3)CC2)CC1
C1CCC(C2CCCCC2C2CCC(CC3CCCC(C4CC4)C3)CC2)CC1
C1CCC(C2CCCC(CC3CCCC(C4CCCCC4)C3)C2)CC1
C1CC(CC2CCCC(C3CCCC(C4CCC(C5CC5)CC4)C3)C2)C1
C1CCC(CC2CCC(C3CCCC3C3CCC(C4CCCCC4)CC3)CC2)CC1
C1CCC(C2CC(CC3CCC(C4CCCC(C5CC5)C4)CC3)C3CCCCC32)CC1
C1CCC(C2CCC(CC3CCC(C4CCCCC4)CC3)CC2)CC1
C1CCC(CC2CCC(CC3CCCC3)CC2C2CCCCC2)CC1
C1CCC(CC2CCC(CC3CCC(C4CCCCC4)CC3)CC2)CC1
C1CCC(CC2CCC(C3CCCCC3)C(CC3CCCCC3)C2)CC1
C1CCC(C2CCC(C3CCCCC3C3CCCCC3)CC2)CC1
C1CCC(C2CCC(C3CCCCC3C3CCC4CCCC4C3)C(C3CCCCC3)C2)CC1
C1CCC(CC2CC(CC3CCC(C4CCCCC4)CC3)C3CCCCC23)CC1
C1CCC(CC2CCCC(CCCCC3CCC(CC4CCC(CCCC5CCC5)CC4)CC3)C2)CC1
C1CC(CC2CCC(C3CCCCC3CCC3CCC(C4CC4)CC3)CC2)C1
C1CCC(C2CCC(CC3CCCCC3C3CCCCC3C3CCCCC3)CC2)CC1
C1CCC(CC2CCC(C3CCCCC3CC3CCCCC3)CC2)CC1
C1CCC(CC2CCC(C3CCCC(CC4CCC(C5CCCCC5)CC4)C3)CC2)CC1
C1CCC(CC2CC(CC3CCC(C4CCCCC4)CC3)C3CCCCC23)CC1
C1CCC(C2CCC(C3CCCCC3)C(C3CCCC3)C2)CC1
C1CCC(CCCCC2CCC3CCC(CC4CCCCC4)CC3C2)CC1
C1CCC(CCC2CCCC(C3CCC4CCC(C5CCCCC5)CC4C3)C2)CC1
C1CCC(C2CCCC(C3CCCCC3C3CCCCC3)C2)CC1
C1CCC(C2CCC(CC3CCC(C4CCCCC4)C(C4CCCCC4)C3)C2)CC1
C1CCC(CC2CCC(CC3CCCC(CC4CCCCC4)C3)CC2)CC1
C1CCC(CC2CCCC(C3CCCCC3)C2)CC1
C1CCC(CC2CC(C3CCCCC3)CC(C3CCCC(CCC4CCCC4)C3)C2)CC1
C1CCC(C2CCC(C3CCC(C4CCCC4)CC3)CC2)C1
C1CCC(CCC2CCCC(C3CCCCC3)C2)CC1
C1CCC(CC2CCC(CC3CCCCC3C3CCCCC3)C2)CC1
C1CCC(CC2CCC(CC3CCCC(CC4CCCCC4)C3)CC2)CC1
C1CCC(CCC2CCC(C3CCCCC3)CC2)CC1
C1CCC(CCCC2CCC(C3CCC(C4CC4)CC3)CC2)CC1
C1CCC(C2CCCCC2C2CC(CCC3CCC(CC4CCCC4)CC3)C3CCCCC32)CC1
C1CCC(C2CCCCC2C2CCCCC2)CC1
C1CCC(CC2CCC(CC3CCCCC3C3CCCC3)CC2)CC1
C1CCC(C2CCC(C3CCCCC3)C(C3CCCCC3)C2)CC1
C1CCC(CCC2CCC(CC3CCCCC3)CC2)CC1
C1CCC(C2CCCC(CC3CCC(CC4CCCC4)CC3)C2)CC1
C1CCC(CC2CCCCC2CCCC2CCC(CC3CC4CCCCC4C3)CC2)CC1
C1CCC(CC2CCC(C3CCC(C4CCC5CCCC5C4)CC3)CC2)CC1
C1CCC(CCC2CC(CCCC3CCC(C4CCCCC4)CC3)C3CCCCC23)CC1
C1CCC(CC2CCCC(C3CCCC(CC(CC4CC4)C4CCCCC4)C3)C2)CC1
C1CCC(CCC2CCCCC2CC2CCCCC2CC2CCCCC2)CC1
C1CCC(CC2CCC(C3CCCC(CC4CCCCC4)C3)CC2)CC1
C1CCC(CCCCC2CCC(C3CCCC(C4CCCCC4)C3)CC2)CC1
C1CCC(CCC2CCC(CC3CCCCC3)CC2)CC1
C1CCC(CC2CCC(CCCC3CCCC(CC4CCCCC4)C3)CC2)CC1
C1CCC(CC2CCCCC2C2CCCCC2C2CCC2)CC1
C1CCC(CC2CCCC(CC3CCCCC3)C2)CC1
C1CCC2CC(CC3CCC(C4CCCC(C5CC6CCCCC6C5)C4)CC3)CC2C1
C1CCC(CCC2CC3CCC(CCC4CCC(C5CCCCC5)CC4)CC3C2)CC1
C1CCC(CCCC2CCCC(C3CCC(CC4CCCCC4)CC3)C2)CC1
C1CCC(CCCC2CCC(C3CCCCC3)CC2)CC1
C1CCC(C2CCC(CC3CCC(C4CCC4)CC3)CC2)CC1
C1CCC(CC2CCCCC2)CC1
C1CCC(CC2CCC3C(C4CCCCC4)CC(C4CCCC(CC5CC6CCCCC6C5)C4)C3C2)CC1
C1CCC(CCC2CCC(C3CC(C4CCC5CCCCC54)C4CCCCC34)CC2)CC1
C1CCC(C2CCC3C(CCC4CC5CCCCC5C4)CC(C4CCCCC4)C3C2)CC1
C1CCC(CC2CCCCC2C2CCC(CC3CCCC(C4CCCC4)C3)CC2)CC1
C1CCC(CC2CCC(C3CCCCC3CC3CC4CCCCC4C3)CC2)CC1
C1CCC(CCC2CCCC(C3CCCC(CC(C4CCCCC4)C4CCCC4)C3)C2)CC1
C1CCC(C2CCCCC2)CC1
C1CCC(CCC2CCCC(C3CCCCC3)C2)CC1
C1CCC(CC2CCCC(C3CCCCC3)C2)CC1
C1CCC2C(C1)CCCC2CC1CCCC(C2CCC(C3CC3)CC2C2CCCC2)C1
C1CCC(CC2CCC(C3CCC(C4CCC5CCCC5C4)C(CC4CCCCC4)C3)CC2)CC1
C1CCC(CCC2CCC3C(CC4CCCCC4)CC(C4CCCCC4)C3C2)CC1
C1CCC(C2CCCC(CC3CCC(C4CCCC4)CC3)C2)CC1
C1CCC(CC2CCCC(CCC3CCCC(C4CCCCC4)C3)C2)CC1
C1CCC(CCC2CCC3C(CC4CCCCC4)CC(C4CCCCC4)C3C2)CC1
C1CCC(C2CC(C3CCCCC3)C3CCCCC23)CC1
C1CCC(CCCCC2CCC(C3CCC(C4CCCCC4)CC3)CC2)CC1
C1CCC(CCCC2CCC(CC3CCCC(C4CCCCC4)C3)CC2)CC1
C1CCC(CC2CCC(CC3CCC(C4CCCCC4)C3)CC2CC2CCCCC2)CC1
C1CCC(C2CCCC(CC3CCCC(CCC4CC5CCCCC5C4)C3)C2)CC1
C1CCC(CCCC2CCCC(C3CCCCC3)C2)CC1
C1CCC(CC2CC(C3CCC4CCCCC43)CC3CCC(CC4CCCC(C5CCC6CCCCC65)C4)CC32)CC1
C1CCC(CCC2CC(CC3CCCCC3)CCC2C2CCCCC2)CC1
C1CCC(CC2CC(CC3CCCCC3)C3CCCCC23)CC1
C1CCC(CC2CC(CC3CCC(C4CCCCC4)CC3)C3CCCCC23)CC1
C1CCC(C2CCCC3CC(C4CC(C5CCC6CCCCC6C5)C5CCCCC45)CCC32)CC1
C1CCC(C2CC(C3CCCCC3)CC(C3CCCC(CC4CCC4)C3)C2)CC1
C1CCC(C2CCC(C3CCCCC3C3CCCC3)C(C3CCCC3)C2)CC1
C1CCC(C2CCCC(CCC3CCC(C4CCC5CCCCC5C4)CC3)C2)CC1
C1CCC(CCC2CCCC(CC3CCC4CCCCC43)C2)CC1
C1CCC(CCCCC2CCC(CC3CCC(C4CCCCC4)CC3)CC2)CC1
C1CCC(CCC2CCC(CC3CCCCC3)CC2)CC1
C1CCC(CC2CCC(CCC3CCCC(CC4CCCCC4)C3)CC2)CC1
C(CCC1CCC(C2CCCC(CC3CC4CCCCC4C3)C2)CC1)CC1CC1
C1CCC(CC2CCCCC2CC2C(C3CCCCC3)CCCC2C2CCCC2)CC1
C1CCC(C2CCC(C3CCCC(C4CCC5CCCC5C4)C3)CC2)CC1
C1CCC(CCCCC2CC(C3CCC(C4CCC(C5CCCCC5)C4)CC3)C3CCCCC23)CC1
C1CCC(CCC2CCCCC2CC2CCCC3CCCCC32)CC1
C1CCC(CC2CCCCC2CC2CCCCC2CC2CCCCC2)CC1
C1CCC(CC2CCCC(C3CCCCC3)C2)CC1
C1CCC(C2CCCC(CCC3CCCCC3CC3CCCC(C4CC4)C3)C2)CC1
C1CCC(CCCC2CCC(CC3CCCCC3)CC2)CC1
C1CCC(CCC2CCC3CC(CCC4CCCC4)CCC23)CC1
C1CCC(CCC2CCC(C3CCC(C4CCCCC4C4CCCC4)CC3)CC2)CC1
C1CCC(CCC2CCCC(CC3CCCCC3)C2)CC1
C1CCC(CC2CCC(CC3CCC(CCC4CCC4)CC3)CC2)CC1
C1CCC(C2CCCCC2C2CCCCC2)CC1
C1CCC(C2CCCC(C3CCC(CC4CCC(CCCC5CCC5)CC4)CC3)C2)CC1
C1CCC(CC2CC(C3CCCCC3)CC(C3CCCCC3)C2)CC1
C1CCC(CC2CCC(CC3CC(CC4CCCCC4C4CCCCC4)C4CCCCC34)CC2)CC1
C1CCC(C2CC(C3CCCCC3)CC(C3CCC3)C2)CC1
C1CCC(C2CCCC(C3CCCCC3CCC3CCCC3)C2)CC1
C1CCC(CC2CCCCC2CC2CCCC(CC3CCCCC3C3CCCCC3)C2)CC1
C1CCC(CCCC2CCC(CC3CCCCC3)CC2)CC1
C1CCC(CCCC2CCC(CC3CCCCC3)CC2)CC1
C1CCC(C2CC(C3CCC3)CC(C3CCCC(CC4CCCC(CC5CC5)C4)C3)C2)CC1
C1CCC(C2CCCC(CC3CCCC(C4CCCCC4)C3)C2)CC1
C1CCC(CCC2CCCC(C3CCCCC3)C2)CC1
C1CCC(C2CCCCC2C2CCCCC2C2CCCCC2C2CCCCC2)CC1
C1CCC(CC2CCC(CCC3CCCC(CCC4CCC(C5CCCC5)CC4)C3)CC2)CC1
C1CCC(CCC2CCC(CC3CCC(CC4CCCCC4)CC3)CC2)CC1
C1CCC(C2CCCCC2C2CCCCC2)CC1
C1CCC(CC2CCCC(CCCC3CCCCC3CC3CCCCC3)C2)CC1
C1CCC(C2CCC3CC(C4CCC5CCCCC54)CC(C4CCCC(CC5CC5)C4)C3C2)C1
C1CCC(CC2CCCC(CC3CC(CCCC4CCCC4)C4CCCCC34)C2)CC1
C1CCC(C2CCC(CCC3CCC(C4CCCCC4)CC3)CC2)CC1
C1CCC(CC2CCC(CC3CCCCC3)C(C3CCCCC3)C2)CC1
C1CCC(CC2CCC(CC3CCC(C4CCCC(C5CCCCC5)C4)CC3)CC2)CC1
C1CCC(C2CCC(C3CC(C4CCCC5CCCCC54)CC3C3CCC3)CC2)CC1
C1CCC(CCCC2CC(CC3CCCCC3)CC3CCC(C4CCCCC4)CC23)CC1
C1CCC(CC2CCC(C3CCCC3)C(CC3CCCCC3)C2)CC1
C1CCC(CC2CCC(CCC3CCC(CC4CCCCC4)CC3)CC2)CC1
C(CC1CCC(C2CCCC2)CC1)CC1CCC(C2CCCC2)CC1
C1CCC(C2CCCC(CC3CCCC(C4CCCCC4)C3)C2)CC1
C1CCC(CC2CCCC(CCCC3CCCCC3C3CCCCC3)C2)CC1
C1CCC(CCCCC2CCCCC2CC2CCC(CC3CCC4CCCC4C3)CC2)CC1
C1CCC(CC2CCC(C3CCCCC3)CC2)CC1
C1CCC(C2CCC(CCC3CCC(CC4CCCC(C5CCCC5)C4)CC3)CC2)CC1
C1CCC(CC2CCC(C3CCCC(C4CCCCC4)C3)CC2)CC1
C1CCC(CC2CCC(CC3CCC(CCC4CC5CCCCC5C4)CC3)CC2)CC1
C1CCC(CC2CCC(C3CCC(C4CCCC4)C(C4CCC5CCCC5C4)C3)CC2)C1
C(CCCC1CCCCC1)CCC1CCCCC1
C1CCC(C2CCCC(C3CCCCC3)C2)CC1
C1CCC(CC2CCCC(C3CCCC(C4CCCC(CC5CCCC5)C4)C3)C2)CC1
C1CCC(CCCCC2CCC(CCCC3CCC(CC4CCCCC4)CC3)CC2)CC1
C1CCC(C2CCCC(C3CC4CCCCC4C3)C2)CC1
C1CCC(CC2CCC(C3CCCCC3)CC2)CC1
C1CCC(CC2CCC(C3CCCCC3)C(C3CCCCC3)C2)CC1
C1CCC(CCC2CCC(CCC3CCC(C4CCCCC4)CC3)CC2)CC1
C1CCC(CC2CCCC(C3CCCC(C4CCCCC4)C3)C2)CC1
C1CCC(CC2CCC(C3CCCCC3C3CCCCC3)C(C3CCCC3)C2)CC1
C1CCC(CCC2CCCC(C3CCCC(CC4CCCCC4)C3)C2)CC1
C1CCC(C2CCCCC2C2CCCCC2)CC1
C1CCC(CC2CCCC(C3CCCC(C4CCCCC4)C3)C2)CC1
C1CCC(CCC2CCCC(C3CCCCC3)C2)CC1
C1CCC(CC2CCCC(C3CCCC(CC4CCCCC4)C3)C2)CC1
C1CCC(CCCC2CCC(C3CCCC(C4CCCC4)C3)CC2)CC1
C1CCC(C2CCCC(C3CCCC(C4CCCC4)C3)C2)CC1
C1CCC(CC2CCC(C3CCCCC3C3CCCCC3)CC2)CC1
C1CCC(CCCC2CC(C3CCCCC3)CCC2CCC2CCCCC2)CC1
C1CCC(CC2CC(C3CCCCC3C3CCCCC3C3CCCC3)C3CCCCC23)CC1
C(CCC1CCC(CC2CCC(CC3CC3)CC2)CC1)CCC1CCCC(C2CCCCC2)C1
C1CCC(C2CCCC(CC(C3CCCCC3)C3CCCCC3)C2)CC1
C1CCC(C2CCCC(CCC3CCC4CCCCC4C3)C2)CC1
C1CCC(CC2CCC(CC3CCCCC3)CC2)CC1
C1CCC(C2CCC(C3CCCCC3)CC2)CC1
C1CCC(CC2CC(CC3CCC(C4CCCC(C5CCCCC5)C4)CC3)C3CCCCC23)CC1
C1CCC(CCCC2CCCCC2)CC1
C1CCC(C2CCCC(C3CCCC(CCC4CCCCC4CCC4CCCC4)C3)C2)CC1
C1CCC(CC2CCC(C3CCCCC3)CC2)CC1
C1CCC(C2CCC3C(C2)C(C2CCCCC2)CC3C2CCCC3CCCCC32)CC1
C1CCC(CCCCC2CCCC(C3CC4CCCCC4C3)C2)CC1
C1CCC(CC2CCCCC2C(C2CCCCC2)C2CC2)CC1
C1CCC(CC2CCC(CCC3CCCCC3C3CCCCC3)CC2)CC1
C1CCC(C2CCCC(CC3CCCC(CCC4CC5CCCCC5C4)C3)C2)CC1
C1CCC(CCC2CCCC(C3CCCC(C4CCCCC4)C3)C2)CC1
C1CCC(CC2CCCC(CCC3CCCC3C3CCCCC3)C2)CC1
C1CCC(CC2CCC(CC3CCCCC3)CC2)CC1
C1CCC2CC(C3CCC(C4CCCCC4CC4CC4)CC3)CC2C1
C1CCC(C2CCC(CC3CC4CCCCC4C3)CC2)C1
C1CCC(CCCC2CCC(C3CCC(CCCC4CCC4)CC3)CC2)CC1
C1CCC(CC2CCC(CC3CCCCC3)CC2)CC1
C1CCC(C2CC(C3CCCCC3)C3CCCCC23)CC1
C1CCC(C2CCC(CC3CCC(CC4CCC(C5CCCC5)CC4)CC3)CC2)C1
C1CCC(CC2CCC(C3CCCCC3)C(CC3CCCC3)C2)CC1
C1CCC(CC2CCC(C(C3CCCCC3)C3CCCCC3)CC2)CC1
C1CCC(CC2CCCC(C3CCCC(C4CCCCC4)C3)C2)CC1
C1CCC(CC2CCC(CC3CCC4C(CC5CCCCC5)CCC4C3)CC2)CC1
C1CCC(CC2C(C3CCCCC3)CC(C3CCCCC3)CC2C2CCCC2)CC1
C1CCC(C2CCCCC2)CC1
C1CCC(CC2CCCC(C3CCCCC3)C2)CC1
C1CCC(CC2CCCCC2)CC1
C1CCC(CC(C2CCC(C3CCCCC3)CC2)C2CCC3CCCC3C2)CC1
C1CCC(CC2CCC(C3CCCCC3)C(C3CCCCC3)C2)CC1
C1CCC(CC2CCC3CC(C4CCCCC4)CCC3C2)CC1
C1CCC(CC2CCCC(C3CCCC3)C2)CC1
C1CCC(CCC2CCCC(C3CCCC(CCC4CC5CCCCC5C4)C3)C2)CC1
C1CCC(CCCCC2CCC(CC3CCC(C4CCCCC4)CC3)CC2)CC1
C1CCC(CCCC2CCC(C3CCCCC3C3CCCCC3C3CCCCC3)CC2)CC1
C1CCC(C2CC(C3CCCCC3)CC(C3CCCC3)C2)CC1
C1CCC(CCC2CCC(C3CCCCC3)CC2)CC1
C1CCC(CC2CC(CC3CC(C4CCCCC4)C4CCCCC34)C3CCCCC23)CC1
C1CCC(CCC2CCCC(CC3CCCC3)C2)CC1
C1CCC(CC2CCC(CC3CCCCC3)CC2)CC1
C1CCC(CC2CCCC(CC3CC(CC4CCCCC4)C4CCCCC34)C2)CC1
C1CCC(CC2CCCC(C(C3CCCCC3)C3CCCC(CC4CCCCC4)C3)C2)CC1
C1CCC(CCC2CCCC(CC3CCCC(C4CCCC(C5CCCC5)C4)C3)C2)CC1
C(CCCCCC1CCCC(C2CCC3CCCCC32)C1)CCCCC1CCCCC1
C1CCC(CCC2CCC(C3CCCCC3)C(C3CCCC(CC4CCC4)C3)C2)CC1
C1CCC(C2CCC(CC3CCCC3)CC2CCCCC2CC3CCCCC3C2)CC1
C1CCC(CC2CCC(C3CCC(CCC4CCCC(C5CCC6CCCC6C5)C4)CC3)CC2)C1
C1CCC(C2CCC(C3CCCCC3C3CCCCC3)CC2)CC1
C1CCC(CCCC2CCCC(C3CCCC3)C2)CC1
C1CCC(CC2CC(CC3CCCC(C4CCC5CCCC5C4)C3)C3CCCCC23)CC1
C1CCC(CCC2CCCC(C3CCCCC3)C2)CC1
C1CCC(CC2CC(CC3CCCCC3)CC(C3CCCCC3)C2)CC1
C1CCC(C2CCC(CCC3CC4CCC(CCC5CC6CCCCC6C5)CC4C3)CC2)CC1
C1CCC(CC2CCCCC2)CC1
C1CCC(CC2CCCC(C3CCCCC3)C2)CC1
C1CCC(C2CCCC(C3CCCCC3C3CCCCC3CCC3CCCC3)C2)CC1
C1CCC(CCCCC2CCC(CCC3CCCCC3)CC2)CC1
C1CCC(C2CCCC(C3CC(C4CCCCC4)CC(C4CCCCC4)C3)C2)CC1
C1CCC(C2CCCC(C3CCCCC3C3CCC3)C2)CC1
C1CCC(CC2CCC(CC3CCC(C4CCCC5CCCCC54)CC3)CC2)CC1
C1CCC(CCC2CCC(CCC3CCC(CCC4CCCC4)CC3)CC2)CC1
C1CCC(CC2CCCC(C3CC(C4CCCCC4)C4CC(CC5CCCCC5)CCC34)C2)CC1
C1CCC(CCC2CCCCC2C2CCC(CC3CCCCC3)CC2)CC1
C1CCC(C2CC(C3CCC(CCC4CC5CCCCC5C4)CC3)CCC2C2CCCC2)CC1
C1CCC(CC2CCC(CC3CCCC(C4CCC5CCCC5C4)C3)CC2C2CCCC2)CC1
C1CCC(C2CCC(C3CCC(C4CCCCC4)C4CCCC34)CC2)CC1
C1CCC(C2CCCC(CC3CC(CC4CCCC(C5CCC(C6CC6)CC5)C4)C4CCCCC34)C2)CC1
C1CCC(CCC2CCC(C3CCCC3)CC2)CC1
C1CCC(C2CCC(C3CCC3)CC2C2CCC3CCCC3C2)CC1
C1CCC(C2CCC(CCCC3CCCC(C4CCCC(C5CCCCC5)C4)C3)CC2)CC1
C1CCC(CCC2CCC3CCC(C4CCCCC4)CC3C2)CC1
C1CCC(C2CC(C3CCCCC3)CC(C3CCCC3)C2)CC1
C1CCC(CC2CCCC(CCC3CCCC(CC4CCCCC4)C3)C2)CC1
C1CCC(C2CCC(C3CCCCC3C3CCCCC3C3CCC4CCCCC4C3)CC2)C1
C1CCC(CCC2CCCCC2C2CCCC3CCCCC32)C1
C1CCC(C2CCC3CC(CC4CCC(C5CC5)CC4)CCC32)CC1
C1CC2CCC(C3CCCCC3C3CCC4CCCCC43)CC2C1
C1CCC(CC2CCC(CCCC3CCC(C4CCCCC4)CC3)CC2)CC1
C1CCC(C2CCCCC2)CC1
C1CCC(CCCC2CCC(CC3CC4CCCCC4C3)CC2)CC1
C1CCC(C2CCCCC2CC2CCC(C3CCCC(C4CCCC4)C3)CC2)CC1
C1CCC(CC2CCC3C(CC4CCCCC4)CCC3C2)CC1
C1CCC(CCC2CCC(C3CCCCC3)CC2)CC1
C1CCC(CCC2CCC(CCC3CCC4CCCCC4C3)CC2CC2CCCC2)CC1
C1CCC(C2CCCC(C3CCC(CC4CCC(CC5CCC(C6CC6)CC5)CC4)CC3)C2)C1
C1CCC(CC2CCCC(C3CCCC(C4CCCCC4)C3)C2)CC1
C1CCC(CCC2CCC(CC3CCCCC3)CC2)CC1
C1CCC(CC2CCCCC2CC2CCCC(CCCC3CCCC3)C2)CC1
C1CCC(C2CC(C3CCCCC3)CC(C3CCC3)C2)CC1
C1CCC(CC2CCCCC2C2CCCCC2C2CCCC2)CC1
C1CCC(C2CCCC(C3CCCC(C4CCCCC4)C3)C2)CC1
C1CCC(CC2CCCC(C3CCCCC3)C2)CC1
C1CCC(CC2CCCCC2)CC1
C1CCC(C2CCC(CC3CCC4CCCCC43)C(C3CCCC3)C2)CC1
C1CCC(CCC2CCC3CCC(C4CCCCC4)C3C2)CC1
C1CCC(CCC2CCC(C3CCCC(C4CCC5CCCC5C4)C3)CC2)CC1
C1CCC(C2CCCC(C3CC(C4CCCC4)CC(C4CC5CCCCC5C4)C3)C2)CC1
C1CCC(CC2CCCCC2CCC2CCC3C(CC4CCCCC4)CCC3C2)CC1
C1CCC(CCC2CCC(CC3CCC(CCC4CC5CCCCC5C4)CC3)CC2)CC1
C1CCC(C2CCC(CC3CCCC(C4CCC5CCCC5C4)C3)CC2)CC1
C1CCC(C2CCC(C3CCC(CC4CCCC(C5CCCC5)C4)CC3)CC2)CC1
C1CCC(CC2CCC(CCCCCC3CCC4CCCCC4C3)CC2)CC1
C1CCC(C2CCCC(CCCCCC(CC3CCCCC3C3CCCCC3)C3CCCC3)C2)CC1
C1CCC(CCCC2CC(CC3CC4CCCCC4C(C4CCCCC4)C3)C3CCCCC23)CC1
C1CCC(CCC2CCC(CC3CCCC(C4CCCCC4)C3)CC2)CC1
C1CCC(CC2CCCCC2)CC1
C1CCC(CC2CCCCC2CCC2CCCC(C3CCC(CCC4CC4)CC3)C2)CC1
C1CCC(C2CC(C3CCC(CCC4CC5CCCCC5C4)CC3)C2)CC1
C1CCC(CC2CCCC(C3CCC(C4CCCCC4)CC3)C2)CC1
C1CCC(CCCC2CCC(CC3CCCCC3C3CCCCC3)C2)CC1
C1CCC(CC2CCC(C3CC(CC4CCCC(C5CCCCC5)C4)C4CCCCC43)CC2)CC1
C1CCC2C(C1)CCCC2CC1CCC(CCC2CCC(C3CCC4CCCCC43)CC2)CC1
C1CCC(CCCC2CC3CCCCC3C2)CC1
C1CCC(C2CC(C3CCC4CCCC4C3)CC3CCCCC32)CC1
C1CCC(CCC2CCC(C3CCCCC3)CC2)CC1
C1CCC(CCC2CC(CC3CCC(C4CCC(CC5CCCCC5)CC4)C3)C3CCCCC23)CC1
C1CCC(CC2CCC(CC3CCCCC3)C(C3CCCC3)C2)CC1
C1CCC(C2CCCC(C3CCCC3)C2)CC1
C1CCC(CC2CCCC(C3CCCC(C4CCCCC4)C3)C2)CC1
C1CCC(C2CCC(C3CCCC3)CC2C2CCCCC2)CC1
C1CCC(CC2CCCCC2)CC1
C1CCC(C2CCCC(C3CCCCC3)C2)CC1
C1CCC(CCCC2CCC(C3CCC(C4CC4)CC3)CC2)CC1
C1CCC(CC2CCCC(C3CC(CC4CC4)CC(C4CCCCC4)C3)C2)CC1
C1CCC(CC2CC(C3CCCCC3)C3CCCCC23)CC1
C1CCC(CC2CCCC(CC3CC(CC4CCCCC4)C4CCCCC34)C2)CC1
C1CCC(C2CCCC(CCC3CC4CCCCC4C3)C2)CC1
C1CCC(CC2CCC3CC(C4CCCC(C5CCCCC5)C4)CCC23)CC1
C1CCC(CC2CCCCC2C2CCCCC2CC2CCCCC2)CC1
C1CCC(CC2CCCC(C3CCCC(CCC4CCCC5CCCCC54)C3)C2)CC1
C1CCC(C2CCCCC2C2CCCC(CC3CCCC3)C2)CC1
C1CCC(CC2CCC(C3CCCCC3)CC2)CC1
C1CCC(CC2CCC(C3CCCCC3)CC2)CC1
C1CCC(CCC2CCCC(C3CCCC(CC4CCCCC4)C3)C2)CC1
C1CCC(CC2CCCCC2C2CCC(C3CCCC(C4CCCC4)C3)CC2)CC1
C1CCC(CCC2CCCC3CC(C4CCCCC4CC4CCCCC4)CCC23)CC1
C1CCC(C2CCC(C3CCCC(C4CCCCC4)C3)CC2)CC1
C1CCC(CC2CCC(C3CCCCC3C3CCC(C4CCCCC4)C3)CC2)CC1
C1CCC(CCC2CCCCC2C2CCCCC2)CC1
C1CCC(CC2CCCCC2C2CCCCC2)CC1
C1CCC(C2CCCCC2CC2CCCC(C3CCCC3)C2)CC1
C1CCC(CC2CCC(C3CCCC(C4CCCCC4)C3)C(C3CCCC3)C2)CC1
C1CCC(C2CCC(CC3CCC(C4CCCC4)CC3)CC2)CC1
C1CCC(CCCC2CCCC(C3CCCCC3)C2)CC1
C1CCC(CC2CCCC(C3CCC(CC4CCC(C5CCCCC5)CC4)CC3)C2)CC1
C1CC2CCC(C3CCCCC3C3CCCCC3C3CCCC3)CC2C1
C1CCC(C2CCCC(C3CC(CC4CC4)CC(C4CCCCC4C4CC5CCCCC5C4)C3)C2)CC1
C1CCC(CC2CCCC(CC3CCC(C4CCCC(CC5CC6CCCCC6C5)C4)CC3)C2)CC1
C1CCC(CC2CCCCC2C2CCCCC2)CC1
C1CCC(CCCCC2CCCC(C3CCCC(CC4CC5CCCCC5C4)C3)C2)CC1
C1CCC(CCC2CCC(C3CCCC(C4CCC4)C3)CC2)CC1
C1CCC(C2CCC(CCCCC3CCCC(C4CCC4)C3)CC2C2CCCCC2)CC1
C1CCC(C2CCCC(CC3CC(C4CCCCC4)C4CCCCC34)C2)CC1
C1CCC(CCC2CCCCC2)CC1
C(CCCC1CCC(C2CCCCC2)CC1)CCC1CCCCC1
C1CCC(CCCC2CCCC(C3CCCC(CCC4CCCCC4)C3)C2)CC1
C1CCC(CC2CCCCC2C2CCC3C(CC4CCCCC4)CCCC3C2)CC1
C1CCC(CCCC2CCC(C3CCC4CCCC4C3)CC2CCC2CCCCC2)CC1
C1CCC(C2CCCC(C3CCCC(CC4CCCCC4C4CCCC4)C3)C2)C1
C1CCC(C2CCCC2C2CCCC(CC3CCC(C4CCCCC4)C(C4CCCCC4)C3)C2)CC1
C1CCC2CC(C3CCC(CCC4CCCCC4C4CCCC4)CC3)CC2C1
C1CCC(CCCC2CCCC(C3CCC(C4CCCCC4C4CCCCC4)CC3)C2)CC1
C1CCC(CCCCCC2CCC(CC3CCC(CCC4CCC5CCCC5C4)CC3)CC2)CC1
C1CCC(CCCC2CCCCC2)CC1
C1CCC(C2CCC3CCCC(C4CCCCC4)C3C2)CC1
C1CCC(CCCC2CC(CC3CCCCC3)CCC2CC2CCCCC2)CC1
C1CCC(C2CCC(C3CCCC(C4CCCC(C5CCCCC5)C4)C3)CC2)CC1
C1CCC(CCC2CC3CCC(CC4CCCCC4)CC3C2)CC1
C1CCC(CCC2CCC(CC3CCC(CCC4CCCCC4)CC3)CC2)CC1
C1CCC(CC2CCC(C3CCCCC3)CC2)CC1
C1CCC(CCCC2CC(CC3CCCCC3)CC(C3CCCCC3)C2)CC1
C1CCC(CCCC2CCCCC2C2CCC(CCC3CCCCC3C3CCCC3)CC2)CC1
C1CCC(C2CCCC(C3CCCCC3)C2)CC1
C1CCC(CC2CCCCC2)CC1
C1CCC(C2CCC(C3CCCCC3C3CCCC3)CC2)CC1
C1CCC(CCC2CCC(CC3CCC(C4CCCCC4C4CCC(CC5CCCCC5)CC4)CC3)CC2)CC1
C1CCC(CCC2CCCC(CC3CCC(C4CCCC4CC4CCCCC4)CC3)C2)CC1
C1CCC(CCCCC2CCC(CC3CCC(CCC4CCC5CCCCC54)CC3)CC2)CC1
C1CCC(CC2CCC(CC3CCCC3)CC2)CC1
C(CCCC1CCCC(CC2CCCCC2)C1)CCC1CCCCC1
C1CCC(CCCC2CCC(C3CCCCC3)CC2)CC1
C1CC2CCC(C3CCC(CC4CCC(C5CCC(C6CC6)CC5)CC4)CC3)CC2C1
C1CCC(CC2CCC(CC3CCCCC3CC3CCC(CCC4CC4)CC3)CC2)CC1
C1CCC(CCC2CCC(CCCC3CC(CC4CCCCC4)CCC3C3CCCCC3)CC2)CC1
C1CCC(CC2CCC(CC3CC(CCC4CC5CCCCC5C4)C4CCCCC34)CC2)CC1
C(CCCC1CCCCC1)CCC1CCCCC1
C1CCC(CC2CCC(CCC3CCC(C4CCCCC4)CC3)CC2)CC1
C1CCC(CC2CCCC(C3CCCCC3)C2)CC1
C1CCC(CC2CCC(C3CCCCC3)CC2C2CCC3CCCC3C2)CC1
C1CCC(CC2CC(C3CCCCC3)CC(C3CCCC3)C2CC2CCCC(C3CCCC3)C2)CC1
C1CCC(CC2CCCC(C3CCC(C4CCC(CC5CCCC5)CC4)CC3)C2)CC1
C1CCC(CCC2CCCC(CCC3CCCCC3)C2)CC1
C1CCC(C2CCCC(CC3CCC(C4CCC(CCC5CCC6CCCC6C5)CC4)CC3)C2)CC1
C1CC2CCC(CCC3CCC(CC4CCC(C5CC6CCCCC6C5)CC4)CC3)CC2C1
C1CCC(CCC2CCC(CC3CCCCC3)CC2)CC1
C1CCC(CCC2CCC3C(CC4CCCCC4)CC(CC4CCCCC4)C3C2)CC1
C1CCC(CC2CCCC(C3CCC(C4CCCCC4)CC3)C2)CC1
C1CCC(CC2CCCC(C3CCC(CC4CC5CCCCC5C4)CC3)C2)CC1
C1CCC(CC2CCCCC2C2CCC(C3CC3)CC2C2CCCCC2)CC1
C1CCC(C2CCCC(C3CCCC(CCC4CC4)C3)C2)CC1
C1CCC(CCC(CC2CCCCC2)CC2CCC(C3CCCC3)CC2)CC1
C1CCC(CCCC2CCCC(C3CCCCC3)C2)CC1
C1CCC(CCC2CCCC(C3CCCCC3)C2)CC1
C1CCC(CCCCCC2CCC(CCCC3CCCCC3)CC2)CC1
C1CCC(CC2CCC(C3CCC(C4CCC(CC5CCCCC5)CC4C4CCCCC4)CC3)C2)CC1
C1CCC(CC2CCCC(C3CCC(C4CCCC4)CC3)C2)CC1
C1CCC(CC2CCC(C3CCCCC3)CC2)CC1
C1CCC(C(CC2CCC3CCCC3C2)CC2CCCC(C3CCC4CCCCC4C3)C2)CC1
C1CCC(CC2CCC3CCCCC3C2)CC1
C1CCC(CC2CCCCC2C2CCC3C(C2)C(CCC2CCCC2)CC3C2CCC3CCCCC32)CC1
C1CCC(C2CCC(CCC3CCC(C4CCCC4)CC3)CC2)CC1
C1CCC(CCCC2CC(CC3CCCCC3)C3CCC(C4CCCCC4)CC23)CC1
C1CCC(C2CCC(C3CCCCC3)CC2)CC1
C1CCC(CC2CCC(CC3CCCCC3C3CCCC3)CC2)CC1
C1CCC(CC2CCCCC2C2CC(CCCC3CCCC3)C3CC(C4CCCC4)CCC3C2)CC1
C1CCC(CC2CCC(CCC3CCC(C4CCCC4)CC3)CC2)CC1
C1CCC(CCC2CCCC(C3CCC(C4CCCCC4)CC3)C2)CC1
C1CCC(CC2CCCCC2C2CCCCC2CC2CCCC(CC3CCC4C(CCC4C4CCCCC4)C3)C2)CC1
C1CCC(CC2CCCC(C3CCC(CC4CCC4)CC3)C2)CC1
C1CCC(C2CCCCC2)CC1
C1CCC(CC2CC(CCC3CCC(C4CCCC4)CC3)CC(C3CCCCC3)C2)CC1
C1CCC(C2CC(CC3CCCC(CC4CC5CCCCC5C4)C3)CC(C3CCCCC3)C2)CC1
C1CCC(CC2CCCC(CCC3CCCC(C4CCCCC4)C3)C2)CC1
C1CCC(CCC(C2CCCCC2)C2CCCC(CC3CCCCC3)C2)CC1
C1CCC(C2CCCC(C3CC(CC4CC5CCCCC5C4)C(C4CCCCC4)C4CCCC34)C2)CC1
C1CCC(CCC2CCCC(CC3CCCCC3CC3CCCCC3)C2)CC1
C1CCC(C2CCCC(C3CCCC(CC4CCCC(CC5CCCC5)C4)C3)C2)CC1
C1CCC(CC2CCCC(C3CCC4CC(C5CCCCC5)CCC4C3)C2)CC1
C1CCC(C2CCCC(CCC3CCC(C4CCCC4)CC3)C2)CC1
C1CCC(CC2CCCC(C3CCCC(C(CC4CCCCC4)C4CCCCC4)C3)C2)CC1
C1CCC(C2CCCC(CC3CCC(CC4CCCC(C5CCC6CCCC6C5)C4)CC3)C2)CC1
C1CCC(CCCC2CCC(C3CCCCC3)CC2)CC1
C1CCC(C2CCC(CC3CCC(C4CCC5CCCCC5C4)CC3)CC2)C1
C1CCC(C2CCCCC2C2CCC(C3CCC(C4CCCC4)CC3)CC2)CC1
C1CCC(CC2CCCC(C3CCCC(C4CCCC5CC(CC6CCCCC6)CCC54)C3)C2)CC1
C1CCC(C2CCC(C3CCCCC3)C(C3CCC4CCCC4C3)C2)CC1
C(CC1CCC(C2CCCC2)CC1)CC1CCC(C2CCC(CC3CC3)CC2)CC1
C1CCC(C2CCCCC2)CC1
C1CCC(C2CCCC(C3CC4CCC(CC5CCCC5)CC4C(C4CCCCC4)C3)C2)CC1
C1CCC(CC2CCC(C3CCCC(CC4CCCC4)C3)CC2)CC1
C1CCC(CC2CCC(C3CCCCC3)CC2)CC1
C1CCC(C2CCCCC2CCCC2CCCC(C3CCCC3)C2)CC1
C1CCC(CCCCC2CC(CCC3CCCC3)C3CCC(CC4CCCCC4)CC23)CC1
C1CCC(C2CCCC(C3CCCC4CC(CCC5CCC(C6CC6)CC5)CCC43)C2)CC1
C1CCC(CC2CCC(C3CCCCC3)CC2)CC1
C1CCC(CC2CCC(C3CCCCC3C3CCCC(C4CCCCC4)C3)CC2)CC1
C1CCC(CCCCCC2CCC(C3CCCCC3C3CCC4CCCC4C3)CC2)CC1
C1CCC(CC2CCC(C3CCC(C4CCCC4)CC3)CC2)C1
C(CCCC1CCC(CC2CCCCC2)CC1)CCC1CCCCC1
C1CCC(CCCC2CCC(C3CCCCC3)CC2)CC1
C1CC(CCC2CCCC(CC3CCCC(C4CCC(C5CC5)CC4)C3)C2)C1
C1CCC(C2CCC(CC3CCCCC3C3CCCCC3)CC2)CC1
C1CCC(CC2CCC(CC3CC4CCCCC4C(C4CCCCC4)C3)CC2)CC1
C1CCC(CC2CCCC(C3CCC(CCC4CC4)CC3)C2)C1
C1CCC(CC2CCCC(CCC3CCC(C4CCCCC4)CC3)C2)CC1
C1CCC(C2CCC(C3CCCCC3)C(C3CCCCC3)C2)CC1
C1CCC(CC2CCCCC2CC2CCC(C3CC4CCCCC4C3)CC2C2CCCC2)CC1
C1CCC(CCC2CCC3CCCCC32)CC1
C1CCC(CCCCC2CCCC(CC3CCCC(C4CCCCC4)C3)C2)CC1
C1CCC(C2CCCC(CCC3CCCCC3C3CCCCC3)C2)CC1
C1CCC(CC2CCCC(C3CCC4CCCCC43)C2)CC1
C1CCC(CCCCC2CCCC(CC3CCCC4CCCCC43)C2)CC1
C1CCC(CC2CCCC(CC3CCCCC3C3CC4CCCCC4C3)C2)CC1
C1CCC(C2CC(CC3CCC(CC4CC5CCCCC5C4)CC3)CC3CCCCC32)CC1
C1CCC(C2CCCC(CCC3CC(C4CCC4)CC(C4CCCC5CCCCC54)C3)C2)CC1
C1CCC(CC2CCCC(CC3CCCCC3)C2)CC1
C1CCC(C2CCCC(CC3CCC(CC4CCC5CCCCC5C4)CC3)C2)CC1
C1CCC(CC2CCCCC2)CC1
C(CCC1CCCC(C2CCCC(C3CCC4CCCCC4C3)C2)C1)CC1CC1
C1CCC(CCC2CCCC(C3CCCCC3)C2)CC1
C1CCC(CC2CCC(C3CCCCC3)CC2)CC1
C1CCC(CCC2CCC(C3CCCCC3)CC2)CC1
C1CCC(C2CCC(CCCC3CCC(C4CCCC(C5CCCC5)C4)CC3)CC2)CC1
C1CCC(C2CCC(C3CCCC(C4CCCCC4)C3)CC2)CC1
C1CCC(CC2CCCC(CC3CCC(C4CCC(C5CCCCC5)CC4)CC3)C2)CC1
C1CCC(CCCC2CC(C3CCCC3)CC(C3CCCC(CCC4CCCCC4)C3)C2)CC1
C1CCC(C2CCCC(C3CCCC(C4CCCCC4C4CCCC4)C3)C2)CC1
C1CCC(CC2CCC(CCC3CCC(C4CCCCC4)CC3)CC2)CC1
C1CCC(C2CCCC(C3CCCC(C4CCC(CC5CCCC5)C4)C3)C2)CC1
C1CCC(C2CCC(C3CCCCC3C3CCCCC3)C2)CC1
C1CCC(C2CCC(CC3CCC(CC4CC4)CC3)CC2)CC1
C1CCC(C2CCCCC2)CC1
C1CCC(C2CCCCC2)CC1
C1CCC(C2CCCC(C3CCC(C4CCCC(C5CC5)C4)CC3)C2)C1
C1CCC(C2CCCC(CC3CCCC(C4CCCCC4)C3)C2)CC1
C1CCC(CCC2CCC(CC3CCCC(CCC4CC5CCCCC5C4)C3)CC2)CC1
C1CCC(CCC2CCC(C3CCC(CC4CCCCC4)CC3C3CCCCC3)CC2)CC1
C1CCC(CC2CCC(CCCCC3CCCC(C4CCCCC4)C3)CC2)CC1
C1CCC(C2CCC(C3CCC(C4CCC5CCCCC5C4)C3)C(C3CCC4CCCC4C3)C2)CC1
C1CCC(C2CC(C3CCC4CCCCC43)CC3CCCCC32)CC1
C1CCC(CCC2CCC(C3CCC4CCCC4C3)C(C3CCCCC3)C2)CC1
C1CCC(CCCC2CCCC(CCCC3CCC(C4CCCCC4)C3)C2)CC1
C1CCC(CC2CCCC(C3CCCCC3)C2)CC1
C1CCC(CC2CCCC(C3CCCC(C4CCCC5CCCC54)C3)C2)CC1
C1CCC(C2CCC(C3CCCCC3)CC2)CC1
C1CCC(C2CCCC(CC3CCCC(C4CCCC(CCC5CCCC5)C4)C3)C2)CC1
C1CCC(C2CCC(CCCC3CC(C4CC4)CCC3C3CCCCC3)CC2)CC1
C1CCC(CC2CCC(CC3CC(CC4CCCC(C5CC5)C4)C4CCCCC34)CC2)CC1
C1CCC(C2C(C3CCCC(C4CCCC4)C3)CC(C3CCCC3)CC2C2CCC(C3CCCC3)C2)CC1
C1CCC(CC2CCC(C3CCC(C4CCCCC4)CC3)C(C3CCCCC3)C2)CC1
C1CCC(C2CCC(C3CCCCC3)C(C3CCCCC3)C2)CC1
C1CCC(CC2CCCCC2CC2CCCC(CC3CCCC4CCCCC43)C2)CC1
C1CCC(CC2CCCC(CCC3CCCCC3C3CCC(C4CCCCC4)CC3)C2)CC1
C1CCC(CCCC2CCC(CCC3CCC(CC4CCCCC4)CC3)CC2)CC1
C1CCC2CC(C3CCCC(CCC4CCC(C5CCCC5)C(CC5CC5)C4)C3)CCC2C1
C1CCC(CC2CCCC(C3CCCCC3)C2)CC1
C1CCC(CC2CCCCC2C2CCCCC2CC2CCCCC2)CC1
C1CCC(CC2CCC(CC3CCC(CC4CCCCC4)CC3)CC2)CC1
C1CCC(C2CCCC(C3CCCCC3)C2)CC1
C1CCC(C2CCC(C3CCCCC3)CC2)CC1
C1CCC(C2CCCC(C3CCC(C4CCC(C5CCCC5)C4)CC3)C2)CC1
C1CCC(CC2CCC(CC3CCCCC3)C(C(C3CC3)C3CC4CCCCC4C3)C2)CC1
C1CCC(C2CCC(C3CCCC(CC4CCC5CCCCC54)C3)CC2)CC1
C1CCC(CC(C2CCCCC2)C2CCCC3CC(C4CCCCC4)CCC32)CC1
C1CCC(C2CCCC(C3CCCCC3)C2)CC1
C1CCC(C2CCCCC2C2CCCCC2)CC1
C1CCC(CC2CCC(C3CCCCC3)CC2)CC1
C1CCC(CC2CCCCC2C2CCCC(CCC3CCCC3)C2)CC1
C1CCC(CCCC2CCCCC2)CC1
C1CCC(CC2CCC3CC(C4CCCCC4)CCC3C2)CC1
C1CCC(CCC2CCCC3CC(C4CCCCC4CC4CC5CCCCC5C4)CCC23)CC1
C1CCC(C2CCCC(CC3CCCC(C4CCCC4)C3)C2)CC1
C(CC1CCC(C2CCC3CCCCC32)CC1)CC1CC2CCCCC2C1
C1CCC(CC2CCCC(C3CCCCC3)C2)CC1
C1CCC(C2CCCC(C3CCCCC3C3CCCCC3)C2)CC1
C1CCC(CCCC2CCC(CCC3CCC(C4CCCCC4)CC3)CC2)CC1
C1CCC(C2CCCC(CC3CCC4C(CCCC4C4CCCC(C5CCCCC5)C4)C3)C2)CC1
C1CCC(C2CCC(C3CCCCC3)CC2)CC1
C1CCC(CC2CCC(C3CCC(C4CCCCC4)CC3)CC2)CC1
C1CCC(CCCCCC2CCC(CCCC3CC4CCCCC4C3)CC2)CC1
C1CCC(C2CCCC(CCC3CC4CCCCC4C3)C2)C1
C1CCC2CC(C3CCC(C4CCC(C5CCCC5)C4)CC3)CCC2C1
C1CCC(CC2CCC3CCCC(CC4CCCCC4)C3C2)CC1
C1CCC(C2CCCC(C3CCCC(C4CC5CCCCC5C4)C3)C2)C1
C1CCC(C2CCC(C3CCC4CCCCC4C3)C(C3CCC4CCCC4C3)C2)CC1
C1CCC(CCC2CCC(CC3CCCCC3)CC2)CC1
C1CCC(CCC2CCCCC2C2CCCCC2)CC1
C1CCC(C2CCC(CCC3CCC(C4CCCC4)C(C4CCC5CCCC5C4)C3)C2)CC1
C1CCC(C2CCC3CCCCC3C2)CC1
C1CCC(CC2CCC(CC3CCC(C4CCCCC4)CC3)CC2)CC1
C1CCC(CC2CCC(C3CCCCC3)CC2)CC1
C1CCC(C2CCCCC2)CC1
C1CCC(CC2CCC(C3CCCCC3)CC2)CC1
C1CCC(CCC2CCC(CC3CCCC(CCC4CCCCC4)C3)CC2)CC1
C1CCC(C2CCCC(C3CCCCC3)C2)CC1
C1CCC(CC2CCCCC2CC2CCCCC2)CC1
C1CCC(C2CCC(CCC3CC4CCCCC4C3)C(C3CCCCC3)C2)CC1
C1CCC(CCC2CCCC(C3CCCC(CC4CCCCC4)C3)C2)CC1
C1CCC(CC2CCC(C3CCC(C4CCCCC4)CC3)CC2)CC1
C1CCC(CC2CCC(CC3CCCCC3)CC2)CC1
C1CCC(CCC2CCCC(C3CCCC(C4CCCC(C5CCCC(CC6CCC7CCCC7C6)C5)C4)C3)C2)C1
C1CCC(C2CCC(C3CCCC(C4CCCCC4)C3)CC2)CC1
C1CCC(CC2CCC(C3CC(CC4CCCCC4)C4CCCCC43)CC2)CC1
C1CCC(CCCC2CCCC(CC3CCCCC3)C2)CC1
C1CCC(CC2CCCCC2C2CCCC2CC2CCC3CCCC3C2)CC1
C1CCC(C2CCC(CCC3CCCCC3C3CCCCC3)CC2)CC1
C1CCC(CC2CCC(C3CCCCC3)C(C3CCCCC3)C2)CC1
C1CCC(CC2CCC(C3CCCCC3)CC2)CC1
C1CCC(CC2CCC(CC3CCC(CCC4CCC(C5CCCC5)CC4)CC3)CC2)CC1
C1CCC(CCCC2CC(C3CCCCC3CC3CCCCC3)C3CCCCC23)CC1
C1CCC(CC2CCC(C3CCCC(C4CCCCC4)C3)CC2)CC1
C1CCC(CC2CCC(C3CC(CC4CCCCC4)C4CCCCC43)CC2)CC1
C1CCC(C2CCCC(CCC3CCCC(CC4CCCC4)C3)C2)CC1
C1CCC(CCC2CCC(C3CCC(CC4CCCCC4)CC3)CC2)CC1
C1CCC(C2CCC(C3CC3)CC2CC2CCCCC2CC2CCCC2)CC1
C1CCC(CCCCC2CCCC(CC3CCC(C4CCCCC4)CC3)C2)CC1
C1CCC(CC2C(C3CCCCC3)CCCC2C2CCCC2)CC1
C1CCC(C2CCCCC2CC2CCC3CCCC3C2)CC1
C1CCC(CC2CCC(CC3CC(C4CCCCC4)C4CCCCC34)CC2)CC1
C1CCC(C2CCCCC2)CC1
C1CCC(C2CCCC(C3CC(C4CCCCC4)CC(C4CCCCC4)C3)C2)CC1
C1CCC(CC2CCCCC2C2CCC(C3CCCC3)CC2)CC1
C(CCCC1CCCC(C2CCCCC2)C1)CCC1CCC(CC2CC2)CC1
C1CCC(CCC2CCC(C3CCCCC3)CC2)CC1
C1CCC(C2CCC(C3CCCC(CCCC4CCCC5CCCCC54)C3)CC2)CC1
C1CCC(CC2CCCCC2C2CCCC2)CC1
C1CCC(CC2CCC(CC3CCCCC3)CC2)CC1
C1CCC(C2CCC(C(CC3CCCC3)C3CCC(CC4CCC5CCCCC54)CC3)CC2)CC1
C1CCC(C2CCCCC2CCCC2CCCC(CC3CC3)C2)CC1
C1CCC(CC2CCCCC2CCCC2CCC(CC3CCCCC3)C(CCCC3CCCC3)C2)CC1
C1CCC(CC2CCCC(CC3CCCC(C4CCCCC4)C3)C2)CC1
C1CCC(CCC2CCCCC2C2CCC3CCCC3C2)CC1
C1CCC(C2CCCC(CC3CCC(C4CCCCC4)C(C4CCCCC4)C3)C2)CC1
C1CCC(CCC2CCC(CCC3CCCCC3)C(CCC3CCCCC3)C2)CC1
C1CCC(CCC2CCCCC2CC2CCCCC2)CC1
C1CCC(CC2CCC3CCCC(C4CCCCC4)C3C2)CC1
C1CCC(C2CC(C3CCC4CCCC(C5CCCCC5)C43)CC3CCCCC32)CC1
C1CCC(CCCC2CCC(CC3CCC(CC4CCC(CC5CCCCC5)CC4)CC3)CC2)CC1
C1CCC(CCC2CCCC(C3CCCC(C4CCCCC4)C3)C2)CC1
C1CCC(CC2CCC(C3CCCC(C4CCCCC4)C3)CC2)CC1
C1CCC(CC2CCCC(CCC3CCCC(CC4CCCCC4)C3)C2)CC1
C1CCC(C2CCCC(CC3CCCCC3C3CCC4CCCCC4C3)C2)CC1
C1CCC(CC2CCC3C(CC4CCCCC4)CC(CC4CCC(CC5CC5)CC4)C3C2)CC1
C1CCC(CC2CCCCC2C2CCC(C3CCCCC3)CC2)CC1
C(CCCC1CCC2C(CCC2C2CCCC2)C1)CCC1CCCCC1
C1CCC(CCCC2CCCC(C3CCCC(C4CCCCC4)C3)C2)CC1
C1CCC(C2CCCC(C3CCCC4CC(C5CCCCC5)CCC43)C2)CC1
C1CCC(C2CCCCC2CCCC2CCC3CC(C4CCC5CCCCC54)CCC3C2)CC1
C1CCC(CC2CCCCC2C2CCCCC2)CC1
C1CCC(CC2CCC(CC3CCC4CCCCC4C3)CC2)CC1
C1CCC(C2CC(CC3CC3)CC(C3CCCCC3)C2)CC1
C1CCC(CC(C2CCCCC2)C2CCCC(C3CCCCC3)C2)CC1
C1CCC(CCC2CCCC(C3CCCC(C4CCCCC4)C3)C2)CC1
C1CCC(CC2CCCCC2C2CCC(C3CCC(CC4CCC5CCCCC5C4)CC3)CC2)CC1
C1CCC(C2CCC(CC3CCCCC3CCCC3CCCC3)C(C3CCCC3)C2)CC1
C1CCC(CCC2CCCCC2C2CCC(C3CCCCC3)CC2)CC1
C1CCC(CCC2CCC(CC3CCCCC3)CC2)CC1
C1CCC(CCC2CCCC(C3CCCCC3)C2)CC1
C1CCC(CC2CCC(CCC3CCCC(CC4CCCCC4)C3)CC2)CC1
C1CCC(C2CC(CC3CC3)CCC2C2CCCCC2C2CCCC2)CC1
C1CCC(CCCC2CCCC(CC3CCCCC3)C2)CC1
C1CCC(C2CCC(CC3CCC(CC4CC5CCCCC5C4)CC3)CC2)C1
C1CCC(CCCC2CCCCC2C2CCCCC2CC2CCCCC2)CC1
C1CCC(CCCC2CCC(CCC3CCC(CC4CCCCC4)CC3)CC2)CC1
C1CCC(CC2CCC(CC3CCCC(CC4CCC(C5CCCCC5)CC4)C3)CC2)CC1
C1CCC(CCCC2CCC(CC3CCC(C4CCCCC4)CC3)CC2)CC1
C1CCC2CC(CC3CCC(C4CC5CCCCC5C4)C3)CCC2C1
C1CCC(C2CCCC(C3CCC4C(CCC5CCCC5)CCC4C3)C2)CC1
C1CCC(CC2CCCCC2C2CCCC(C(C3CCCCC3)C3CCCCC3)C2)CC1
C1CCC(C2CCCCC2C2CCCC(C3CCCCC3C3CC3)C2)CC1
C1CCC(CC2CC(CCCC3CCCCC3C3CCCCC3)C3CCCCC23)CC1
C1CCC(C2CCC(C3CCCCC3C3CCC4CCCCC43)CC2)CC1
C1CCC(C2CCC3CCC(C4CCCCC4)C3C2)CC1
C1CCC(CC2CCCC(C3CCC(C4CCC(C5CCCC5)CC4)CC3)C2)CC1
C1CCC(C2CCCC(CCC3CC3)C2)CC1
C1CCC(CCC2CCCC(C3CC(C4CCC5CCCCC54)CCC3C3CCC3)C2)CC1
C1CCC(CC2CCC(C3CCCC(CC4CCCCC4CC4CCCCC4)C3)CC2)CC1
C1CCC(CC2CCC(C3CCC4CCCCC4C3)C(C3CCCCC3CCC3CC4CCCCC4C3)C2)CC1
C1CCC(CCC2CCCC(CC3CCCC(CCC4CCCC4)C3)C2)CC1
C1CCC(CCCC2CCC(CC3CCC(CCC4CCCCC4)CC3)CC2)CC1
C1CCC(CCC2CCCC(C3CCCCC3)C2)CC1
C1CCC(C2CCC(CC3CCCCC3C3CCC4CCCCC43)CC2)C1
C1CCC2C(C1)CCC2C1CCC2CC(C3CC3)CCC2C1
C1CCC(CC2CCC(CC3CCC(C4CCCCC4)CC3)CC2)CC1
C1CCC(CC2CCC(C3CCCC(C4CCCCC4)C3)CC2)CC1
C1CCC(C2CCCC(C3CCCCC3)C2)CC1
C(CCCC1CCCC(CC2CC2)C1)CCC1CCCCC1
C1CCC(CC2CCCC(CC3CCCC(C4CCCCC4)C3)C2)CC1
C1CCC(CC2CCCC(C3CCCCC3)C2)CC1
C1CCC(CC2CCCC2CC2CCC(CC3CCC(C4CCCCC4)CC3)CC2)CC1
C1CCC(CCCC2CCC(CC3CCCCC3)CC2CC2CCCC2)CC1
C1CCC(CC2CCC(CCC3CCC(CC4CC5CCCCC5C4)CC3)CC2)CC1
C1CCC(CCC2CCC(C3CCC(CCCCC4CCC5CCCC5C4)CC3)CC2)C1
C1CCC(CCCC2CCC(C3CCCC(CC4CCCCC4)C3)CC2)CC1
C1CCC(CCC2CC(C3CCCCC3C3CCCC3)CC3CCCCC32)CC1
C1CCC(CCC2CCCC(C3CCCCC3)C2)CC1
C1CCC(CCC2CCC(CCC3CCCCC3)CC2)CC1
C1CCC(CCC2CCC(C3CCCC(C4CCC4)C3)CC2)CC1
C1CCC(CC2CCC(CCC3CC(CC4CCCCC4)CCC3C3CCCCC3)CC2)CC1
C1CCC(CCC2CC(C3CC(C4CCC(C5CCCCC5)CC4)C4CCCCC43)C3CCCCC23)CC1
C1CCC(CCCC2CCCC(C3CC(C4CCCCC4)CC(C4CCCC4)C3)C2)CC1
C1CCC(CC2CCCC(CCCC3CCC(C4CCCCC4)CC3)C2)CC1
C1CCC(C2CCCC(CCC3CCCC(C4CCCCC4)C3)C2)CC1
C1CCC(CC2CCCC(CC3CCCCC3)C2)CC1
C1CCC(CCC2CCC(CCC3CCCCC3)CC2)CC1
C1CCC(CC2CCC(C3CCCC(CC4CCC(C5CCCCC5)CC4)C3)CC2)CC1
C1CCC(CC2CCC(CCC3CCC(C4CC(C5CCCCC5)C5CCCCC45)CC3)CC2)CC1
C1CCC(CCC2CCC(CCC3CCCCC3)CC2)CC1
C1CCC(CC2CCCCC2CCC2CCCC(C3CCCCC3)C2)CC1
C1CCC(CC2CCCCC2C2CCCC(CCC3CC4CCCCC4C3)C2)CC1
C1CCC(CC2CCC(CC3CCCCC3)CC2)CC1
C1CCC(CC2CCC(C3CCCC3)CC2CCC2CC2)CC1
C1CCC(CC2CCCC(C3CCCC(C4CCCCC4)C3)C2)CC1
C1CCC(CC2CC3CCC(C4CCC(C5CCCCC5)CC4)CC3C(C3CCCCC3)C2)CC1
C1CCC(C2CCC(CC3CCCC(CCCC4CCCC(C5CCCCC5)C4)C3)CC2)CC1
C1CCC(C2CCCC(C3CCCC(C4CCC(C5CCCCC5)CC4C4CCCC4)C3)C2)CC1
C1CCC(CC2CC(C3CCCCC3C3CCCCC3)C3CCCCC23)CC1
C1CCC(C2CCC(CC3CCC(C4CCCC(C5CCCC5)C4)CC3)CC2)C1
C1CCC(CCC2CCC(C3CCCC4CC(C5CCCCC5)CCC43)CC2)CC1
C1CCC(CC2CCC(C3CC(C4CCC(CC5CCCC5)CC4)C3)CC2)CC1
C1CCC(CC2CCCC(C3CCC(C4CCCCC4)CC3)C2)CC1
C1CCC(CC2CCC(CC3CCCC(CC4CCCCC4)C3)CC2)CC1
C1CCC(C2CCC(C3CCC(C4CCCCC4C4CCCCC4)CC3)CC2)CC1
C1CCC(CC2CCCC(C3CCC(C4CCCC4)CC3)C2)CC1
C1CCC(CC2CCC(CC3CCCCC3)CC2)CC1
C1CCC(CCC2CCC(CC3CCC(CC4CCCCC4)CC3)CC2)CC1
C1CCC(CC2CCC(CCC3CCC(CC4CCC5CCCC5C4)CC3)CC2)CC1
C1CCC(CC2CCC(C3CCCCC3)CC2)CC1
C1CCC(C2CCC(C3CCC(C4CCC(C5CCCCC5C5CCCCC5)CC4)CC3)CC2)CC1
C1CCC(CC2CCC3C(CCCC3C3CCC(CC4CC5CCCCC5C4)CC3)C2)CC1
C1CCC(CCCC2CCC(CC3CCC(C4CCCCC4)CC3)CC2)CC1
C1CCC(C2CCCCC2CC2CC2)CC1
C1CCC(C2CCC(C3CCC(C4CCCCC4)CC3)CC2)CC1
C1CCC(CCCC2CCCC(C3CCCC(C4CCCCC4)C3)C2)CC1
C1CCC(CC2CCCC(C3CCCCC3)C2)CC1
C1CCC(CC2CCCC(CC3CCCCC3C3CCCC3)C2)CC1
C1CCC(CCC2CCCCC2)CC1
C1CCC(CC2CCCC(C3CCCCC3)C2)CC1
C1CCC(CC2CCC3CC(C4CCCCC4)CC(C4CCCCC4)C3C2)CC1
C1CCC(CC2CCC(CC3CCC(C4CCCCC4)CC3)CC2)CC1
C1CCC(C2CCC(C3CCC(C4CCC(C5CCCC5)C4)C(C4CCCC4)C3)CC2)CC1
C1CCC(CC2CCCC(C3CCCCC3C3CCCC3)C2)CC1
C1CCC(C2CC(C3CCCCC3)CC(C3CCCCC3)C2)CC1
C1CCC(CC2CCCC(C3CCC(C4CCCC4)CC3)C2)CC1
C1CCC(C2CCCCC2)CC1
C1CCC(C2CCCC(C3CCC4CCCCC43)C2)CC1
C1CCC(CC2CCC(CC3CCC(C4CCC5CCCCC5C4)C3)CC2)CC1
C1CCC(C2CCCC(C3CCC(C4CCCC(CC5CCCC5)C4)CC3)C2)CC1
C1CCC(CC2CCC(C3CCCCC3C3CCCCC3)CC2)CC1
C1CCC(CC2CCC(C3CCCCC3)CC2)CC1
C1CCC(CCCC2CCC(C3CCCCC3)CC2)CC1
C1CCC(C2CCCC(CC3CCC(C4CCC5CCCC5C4)CC3C3CCCCC3)C2)CC1
C1CCC(CC2CCC(CC3CCCC(C4CCCCC4)C3)CC2)CC1
C1CCC(C2CCC(C3CCC(CC4CCCC4)CC3)CC2C2CCCCC2)CC1
C(CC1CC2CCCCC2C1)CC1CCC2CC(C3CCC4CCCCC43)CCC2C1
C1CCC(CC2CCC(C3CCCCC3C3CCCC3)CC2)CC1
C1CCC(CCCCCC2CCC(C3CCCCC3)CC2)CC1
C1CCC(C2CCC(C3CCCC(CC4CC5CCCCC5C4)C3)CC2)CC1
C1CCC(CC2CCCCC2C2CCCC(CC3CCCC(CC4CC5CCCCC5C4)C3)C2)CC1
C(CCCCC1CCC(CC2CCCCC2)CC1)CCCC1CCCCC1
C1CCC(CCCC2CCC(C3CC(C4CCCCC4)CCC3C3CCC3)CC2)CC1
C1CCC(CC2CC3CCC(C4CCC(C5CCCCC5)CC4)CC3C(C3CCCCC3)C2)CC1
C1CCC(CCCCCC2CCC(C3CCCC3)CC2)CC1
C1CCC(CC2CCC(C3CCCC(CC4CC4)C3)CC2)CC1
C1CCC(CCCC2CCCC(C3CCCC(CCC4CCCCC4)C3)C2)CC1
C1CCC(CCC2CCCCC2CCC2CCCCC2)CC1
C1CCC(C2CCC(CC3CCC4CC(C5CCCCC5)CCC4C3)CC2)CC1
C1CCC(CCC2CCC3CC(C4CCC5CCCC5C4)CC(C4CCCCC4)C3C2)CC1
C1CCC(CC2CCC(CC3CC4CCCCC4C3)CC2)CC1
C1CCC(C2CCCCC2C2CCC3C(CCC3C3CCCC3)C2)CC1
C1CCC(C2CC(C3CCCCC3)C3CCCCC23)CC1
C1CC(CC2CCC3CCCCC32)CC(C2CCC(CC3CCC(C4CCCC(C5CC5)C4)CC3)C2)C1
C1CCC(C2CCC(CC3CC(C4CCCC(C5CCCC5)C4)C4CCCCC34)CC2)C1
C1CCC(CCC2CCCCC2C2CCCCC2)CC1
C1CCC(CCC2CCC3C(C2)C(CCC2CCCCC2)CC3C2CCCCC2)CC1
C1CCC(CC2CCC(C3CCCCC3)CC2)CC1
C1CCC(C2CCCC(CCC3CCC(C(C4CCCCC4)C4CCCCC4)CC3)C2)CC1
C1CCC(CC2CCCC(CC3CCCCC3C3CCC4CCCC4C3)C2)CC1
C1CCC(C2CCCC(C3CCCCC3C3CCCCC3)C2)CC1
C1CCC(CCC2CCC3CC(CC4CCCCC4)CC(C4CCCCC4)C3C2)CC1
C1CCC(CCC2CC(CC3CCCCC3)CC(C3CCCCC3)C2)CC1
C1CCC(C2CCC(C3CCCCC3)CC2)CC1
C1CCC2CC(C3CCCCC3C3CCCC(C4CCCCC4C4CC5CCCCC5C4)C3)CC2C1
C1CCC(CC2CCC(C3CCCCC3)CC2)CC1
C1CCC(C2CCCC(C3CCC(C4CCCC4)CC3)C2)CC1
C1CCC(CC2CCCCC2C2CCCC(C3CCCCC3)C2)CC1
C1CCC(CC2CCCC(C3CCC(C4CCC(CCCC5CCC(CCCC6CC6)CC5)CC4)CC3)C2)CC1
C1CCC(CC2CCCCC2C2CCCCC2C2CCC3CCCC3C2)CC1
C1CCC(C2CCCC(C3CCCCC3CCC3CCC4C(CCCC4C4CCC4)C3)C2)CC1
C1CCC(CC2CCCCC2)CC1
C1CCC(C2CCC(C3CCCCC3C3CCCCC3)CC2)CC1
C1CCC(C2CCCCC2C2CCC3CCCCC3C2)CC1
C1CCC(CC2CCC(C3CC(C4CCC4)CC(C4CC4)C3)CC2)CC1
C1CCC(CCC2CCC(CC3CCC(CCCCC4CC5CCCCC5C4)CC3)CC2)CC1
C1CCC(CC2CCC(C3CCCC(C4CCCCC4)C3)CC2)CC1
C1CCC(C2CC(CC3CCCCC3C3CCC4CCCCC43)C3CCCCC32)CC1
C1CCC(CCC2CCCCC2)CC1
C1CCC(C2CC(CCC3CCC(C4CCCC4)CC3)CCC2C2CCCC2)CC1
C1CCC(C2CCCCC2C2CCCCC2)CC1
C1CCC(C2CCCCC2CC2CCC(C3CCCC(CC4CC5CCCCC5C4)C3)CC2)CC1
C1CCC(CCCC2CCC(C3CCCCC3)CC2CCC2CCCCC2)CC1
C1CCC(CCC2CCCCC2C2CCCCC2)CC1
C1CCC(CCCC2CCCC(C3CCC(C4CCCC4)CC3)C2)CC1
C1CCC(C2CCC(CC3CCCCC3CCCC3CCCCC3C3CCCC3)CC2)CC1
C1CCC(CCC2CCC(CCC3CCCCC3)C(C3CCCCC3)C2)CC1
C1CCC(CC2CCC(CC3CCC(CCC4CCC(C5CCCCC5)CC4)CC3)CC2)CC1
C1CCC(C2CCC3CC(CCC4CCC(CC5CC6CCCCC6C5)CC4)CCC32)CC1
C1CCC(CC2CC(C3CCCCC3)CCC2C2CCCCC2)CC1
C1CCC(CCCC2CCCCC2C2CCCCC2)CC1
C1CCC(C2CCCCC2)CC1
C1CCC(C2CCC(C3CCCCC3C3CCCC3)CC2)CC1
C1CCC(C2CCCC(C3CCCCC3)C2)CC1
C1CCC(C2CCCCC2)CC1
C1CCC(C2CCC(CCCCC3CCCC3)CC2)CC1
C1CCC(CC2CCC3C(C4CC5CCCCC5C4)CC(C4CCC5CCCCC5C4)C3C2)CC1
C1CCC(C2CCCC3CCC(CC4CCC5CCCC5C4)CC32)CC1
C1CCC(CC2CCC(CCC3CCCCC3C3CCCCC3)CC2)CC1
C1CCC(C2CCC(C3CCCC(C4CCC(C5CCC5)CC4)C3)CC2)CC1
C1CCC(CC2CCC(C3CCCC(CCC4CCC5CCCCC5C4)C3)CC2)CC1
C1CCC(CCCCC2CCC(CC3CCCCC3)CC2)CC1
C1CCC(CC2CCC(C3CCCCC3)CC2C2CCCCC2)CC1
C1CCC(CC2CCC(C3CCCCC3)CC2)CC1
C1CCC(CC2CCC(C3CCCCC3)C(CC3CCCC3)C2)CC1
C1CCC(CC2CCC(C3CCC(CC4CCC(C5CCCC5)CC4)CC3)CC2)CC1
C1CCC(CC2CCC(C3CCCCC3)CC2)CC1
C1CCC(CC2CCC(C3CCCC(C4CCCCC4)C3)CC2)CC1
C1CCC(CC2CCCCC2CCCC2CCC(C3CCCC(C4CCC5CCCCC5C4)C3)C2)CC1
C1CCC(CCC2CCC(CCCC3CCCC(CCC4CCCCC4)C3)CC2)CC1
C1CCC(C2CCC3CCCC(C4CCCCC4)C3C2)CC1
C1CCC(C2CCCCC2C2CCCCC2C2CCC3CCCC3C2)CC1
C1CCC(CCC2CC(C3CCC(C4CCCCC4)CC3)C3CCCCC23)CC1
C1CCC(CC2CCCC(C3CCCCC3)C2)CC1
C1CCC(CCCC2CCC(CCC3CCCC4CC(C5CCCCC5C5CCCCC5)CCC34)CC2)CC1
C1CCC(CCCC2CCCCC2C2CCCC(CCC3CCCCC3)C2)CC1
C1CCC(CC2CCCC(CC3CCCCC3)C2)CC1
C1CCC(CC2CCCC(C(CCC3CCC(C4CCCC(C5CCCC5)C4)CC3)(C3CCC3)C3CC3)C2)CC1
C1CCC(CC2CCCC(CCCC3CCCC(C4CCCCC4)C3)C2)CC1
C1CCC(CC2CCC(C3CCCC(C4CCCCC4)C3)CC2)CC1
C1CCC(CCCC2CCCC(C3CCCCC3)C2)CC1
C1CCC(CC2CC(C3CCCCC3)C3CCCCC23)CC1
C1CCC(C2CCC(CC3CCC(CC4CCCCC4C4CCCC4)CC3)CC2)CC1
C1CCC(C2CCCCC2CC2CCCC(C3CCC(C4CCCC(C5CCCC5)C4)CC3)C2)CC1
C1CCC(CC2CCC(C3CCCCC3C3CCCCC3)CC2)CC1
C1CCC(CCC2CCC(CCCC3CCC4CCCCC4C3)CC2)CC1
C1CCC(CC2CCC(CC3CCCCC3C3CCC(C4CCCC4)CC3)CC2)CC1
C1CCC(CCC2CCC(C3CCC(C4CCCCC4CC4CCCCC4)CC3)CC2)CC1
C1CCC(CCCC2CCC(CC3CCCCC3)CC2)CC1
C1CCC(C2CC(C3CC3)CCC2C2CCC3CCCCC32)CC1
C1CCC(CC2CCC(C3CCCC(CCCCC4CCC4)C3)CC2)CC1
C1CCC(CC2CCCCC2CCC2CCC(C3CCCCC3)CC2)CC1
C1CCC(CCC2CCC(CC3CCC(CC4CCC(CC5CC5)CC4)CC3)CC2)CC1
C1CCC(C2CCC(C3CCC(C4CCCCC4CC4CC4)CC3)CC2)CC1
C1CCC(CC2CCCCC2C2CCC(C3CCCCC3)CC2)CC1
C1CCC(C2CCCC(CCCC3CCC(C4CCC5CCCC5C4)CC3)C2)CC1
C1CCC(CC2CCC3C(CC4CCCCC4)CC(CC4CCCCC4)C3C2)CC1
C1CCC(CCCC2CC(C3CCCCC3)CC(CCC3CCCCC3)C2CCC2CCCCC2)CC1
C1CCC(CC2CCC(CC3CCCC(C4CCCC(CCC5CC5)C4)C3)CC2)CC1
C1CCC(CCC2CC(CC3CCCCC3)CC(C3CCCCC3)C2)CC1
C1CCC(CC2CCCC(C3CCCC(CC4CCCCC4)C3)C2)CC1
C1CCC(CC2CCCC(CC3CCCC(CC4CCCCC4)C3)C2)CC1
C1CCC(C2CCC(C3CC3)CC2CCCCCC2CCCC(C3CCC(C4CCCC4)CC3)C2)CC1
C1CCC(C2CCCC(CC3CCCC3)C2)CC1
C1CCC(CC2C(C3CCCCC3)CCCC2C2CCC2)CC1
C1CCC(CC2CC(CC3CCC(CC4CCC(CCC5CC5)CC4)CC3)C3CCCCC23)C1
C1CCC(CCCCCC2CCC(CCC3CCCCC3CC3CCCCC3)CC2)CC1
C1CCC(CCCCCC2CCCC(CC3CC4CCCCC4C3)C2)CC1
C1CCC(CC2CCC(C3CCCCC3C3CCCCC3)CC2)CC1
C1CCC(CC2CCC(C3CC(C4CCCC(CC5CCCCC5)C4)C3)CC2)CC1
C1CCC(CCC2CCC(CCC3CCCC(C4CCCC(C5CCCCC5)C4)C3)CC2)CC1
C1CCC(C2CCC(C3CCCC(CCC4CC5CCCCC5C4)C3)CC2)CC1
C1CCC(CC2CC(C3CCCCC3)C3CCCCC23)CC1
C1CCC(CC2CC(CC3CCCCC3)CC(C3CCCCC3)C2)CC1
C1CCC(CCC2CC(CC3CCCCC3)CCC2C2CCCC(CC3CCCCC3)C2)CC1
C1CCC(CC2CCC(C3CCCCC3)C(C3CCCC3)C2)CC1
C1CCC(CC2CCC(CC3CCCCC3)CC2)CC1
C1CCC(CCC2CCC(CC(CC3CC4CCCCC4C3)C3CCCCC3)CC2)CC1
C1CCC(CC2CCCC(C3CCCC(C4CCCCC4)C3)C2)CC1
C1CCC(C2CCCC(C3CCCCC3)C2)CC1
C1CCC(C2CCC(C3CCCCC3C3CCCCC3)CC2)CC1
C1CCC(CC2CCCC(C3CCCCC3)C2)CC1
C1CCC(C2CCC(CC3CCC(C4CCCCC4)C3)CC2)CC1
C1CCC(CC2CCC(CCC3CCC(C4CCC5C(CCC5C5CCCCC5)C4)CC3)CC2)CC1
C1CCC(C2CCCCC2)CC1
C1CCC(CC2CCC(CC3CCCCC3)CC2)CC1
C1CCC(CC2CCC(C3CCCC(CC4CCCCC4)C3)CC2)CC1
C1CCC(CC2CCCCC2CCC2CCCC(C3CCCCC3C3CCCC3)C2)CC1
C1CCC(CC2CCC(C3CCCCC3)C(C3CCC(CCC4CC5CCCCC5C4)CC3)C2)CC1
C1CCC(CCC2CCCC(C3CCCCC3)C2)CC1
C1CCC(CC2CCCC(C3CC(CC4CCCCC4)CC(C4CCCCC4)C3)C2)CC1
C1CCC(CC2CCC(CCC3CCCCC3CC3CCCCC3)CC2)CC1
C1CCC(CCCC2CCCC(C3CCC4CCCCC43)C2)CC1
C1CCC(C2CCC(C3CCCCC3)C(C3CCC4C(CCC4C4CCCC4)C3)C2)CC1
C(CCCC1CCCC(CCCCC2CCCCC2)C1)CCC1CCCCC1
C1CCC(CC2CC(C3CCC4CCCC(C5CCCCC5)C4C3)C3CCCCC23)CC1
C1CCC(CC2CCC(CC3CCC(CC4CC4)CC3)CC2)CC1
C1CCC(C2CCC(CCC(C3CCCCC3)C3CCCCC3)CC2)CC1
C1CCC(C2CCC(C3CCCCC3)CC2)CC1
C1CCC(CC2CCC(CCCC3CC(CC4CCCCC4)C4CCCCC34)CC2)CC1
C1CCC(C2CCCCC2C2CCC3CCCC3C2)CC1
C1CCC(C2CCCC(C3CCC(C4CCCC(CC5CCCC5)C4)CC3)C2)CC1
C1CCC(C2CCC(C3CCCC(C4CCC5CCCCC54)C3)CC2)CC1
C1CCC(C2CCCC(CC3CCCCC3C3CCC4CCCCC43)C2)CC1
C1CCC(C2CCC(CCCCC3CCCCC3C3CCCC3)C(C3CCCC3)C2)CC1
C1CCC(CCC2CCC(C3CCC(C4CCCCC4)CC3)CC2)CC1
C1CCC(CCCC2CCC(CC3CCCC(CC4CCCCC4)C3)CC2)CC1
C1CCC(CCCCC(CC2CCC(CC3CCCCC3)CC2)C2CCCCC2)CC1
C1CCC(CC2CCC(CC3CCC(CC4CCCC(CC5CCC6CCCC6C5)C4)CC3)CC2)C1
C1CCC(C2CCCC(C3CCCC3)C2)CC1
C1CCC(CC2CCC(CC3CCC(C4CCCCC4)CC3)CC2)CC1
C1CCC(CC2CCCC(CC3CCC(CC4CCCCC4C4CCCCC4)CC3)C2)CC1
C1CCC(CC2CCC(CCC3CC4CCCCC4C3)CC2)CC1
C1CCC(C2CCCC(C3CCCCC3)C2)CC1
C1CCC(C2CCCC(CC3CCCC(C4CCCCC4)C3)C2)CC1
C1CCC(CCC2CCC(C3CCCCC3)CC2)CC1
C1CCC(CCCC2CCC(C3CCCC(C4CCCCC4C4CCCCC4)C3)CC2)CC1
C1CCC(C2CCCC(C3CCC4C(CCCC4C4CCCC4)C3)C2)CC1
C1CCC(C2CCC(C3CCCC(C4CCCCC4C4CCC(CC5CC5)CC4)C3)CC2)CC1
C1CCC(CC2CCC(CC3CCCCC3)CC2)CC1
C1CCC(CCC2CCCCC2CC2CCCCC2)CC1
C1CCC(C2CCC(C3CCCCC3C3CCC3)CC2)CC1
C1CCC(CC2CCC(CC3CC4CCCCC4C3)CC2)CC1
C1CCC(C2CCC(C3CCC(CCCC4CCCC4)CC3)CC2)CC1
C1CCC(CCCCC2CCC(CCC3CCCCC3)CC2)CC1
C1CCC(CC2CCCC(CCC3CCCC(C4CCCC(C5CCC5)C4)C3)C2)CC1
C1CCC(C2CC(C3CCC4CCCCC43)CC3CCCCC32)CC1
C1CCC(C2CCC(C3CCCC3)CC2)CC1
C1CCC(CC2CCC(C3CCCC(C4CCCCC4)C3)CC2)CC1
C1CCC(CCC2CCC(CCC3CCCCC3)C(C3CCCCC3)C2)CC1
C1CCC(CCC2CCC(C3CCC(CC4CCCCC4)CC3)CC2)CC1
C1CCC(CC2CCC(CC3CC(CC4CCCCC4)C4CCC(CC5CCCCC5)CC34)CC2)CC1
C1CCC2CC(C3CCCC(CC4CCC5CCCCC54)C3)CCC2C1
C1CCC(C2CCCC3CC(C4CCCCC4C4CCC(C5CCCC5)CC4)CCC32)CC1
C1CCC(CCCCC2CCC3CCCC(C4CCCCC4)C3C2)CC1
C1CCC(C2CCCCC2C2CCC(CCC3CCC4CCCCC4C3)CC2C2CCCCC2)CC1
C1CCC(CC2CC3CCC(C4CCC(CC5CCCC5)CC4)CC3C(C3CCCCC3)C2)CC1
C1CCC(CCCCC2CCCC(C3CCC4CCCCC43)C2)CC1
C1CCC(CC2CCCC(CC3CC(CC4CCCCC4)C4CCCCC34)C2)CC1
C1CCC(CC2CCC(CC3CC4CCCCC4C3)CC2)CC1
C1CCC(C2CCCC(CC3CCC(CC4CCC(C5CC5)CC4)CC3)C2)C1
C1CCC(CC2CCC(CCCC3CCC(CC4CCC5CCCCC54)CC3)CC2)CC1
C1CCC(C2CCC(C3CCCCC3C3CCC4CCCCC4C3)CC2)CC1
C1CCC(CCCC2CCC(CC3CCC(CCC4CCCCC4)CC3)CC2)CC1
C1CCC(CCCC2CCC(C3CCC(C4CCCCC4)CC3)CC2)CC1
C1CCC(C2CCC(C3CCC(C4CCCC4)CC3)CC2)CC1
C1CCC(C2CCCCC2)CC1
C1CCC(CCC2CCC(C3CCC4C(CCC5CCCCC5)CCCC4C3)CC2)CC1
C1CCC(CCC2CCCC(C3CCCCC3)C2)CC1
C1CCC(C2CCCCC2CC2CCCC(C3CCCC3C3CCCCC3C3CCCC3)C2)CC1
C1CCC(CCC2CCC(CC3CC4CCCCC4C3)CC2)CC1
C1CCC(CCC2CCCCC2CC2CCCC(CC3CCCC3)C2)CC1
C1CCC(C2CCCCC2C2CCC(C3CCCCC3)C(C3CCCC3)C2)CC1
C1CCC(CC2CCC(CC3CCCCC3C3CCCCC3)CC2)CC1
C1CCC(CC2CCC(CCCC3CCCC(CC4CC4)C3)CC2)CC1
C1CCC(C2CCC(CC3CCC(CCCC4CC5CCCCC5C4)CC3)CC2)CC1
C1CCC(CCC2CCC(CCC3CCC(CC4CCCCC4)CC3)CC2)CC1
C1CCC(C2CCC(CC3CCC4CCCCC4C3)CC2)CC1
C1CCC(C2CCCCC2C2CCCCC2)CC1
C1CCC(C2CCCC(C3CC(C4CCCCC4)C4CCCCC34)C2)CC1
C1CCC(CCCC2CCC(CCC3CCCCC3)CC2)CC1
C1CCC(CCC2CCCCC2CC2CCCCC2C2CCC3CCCCC32)CC1
C1CCC(C2CCCCC2C2CCC(CC3CCC4CCCCC4C3)CC2)CC1
C1CCC(CC2CCCCC2C2CCCCC2)CC1
C1CCC(CC2CCCC(C3CCCC(C4CCC(C5CCCC5)CC4)C3)C2)CC1
C1CCC(CCC2CCC(CCC3CCCCC3)CC2)CC1
C1CCC(CC2CCC(C3CCCC(CC4CCCCC4)C3)CC2)CC1
C1CCC(CC2CCCC3CC(C4CCCCC4)CCC23)CC1
C1CCC(CCCC2CCC(CC3CCC(CCC4CCCC4)CC3)CC2)CC1
C1CCC(CCC2CCCC(C3CCC(CC4CCCCC4)CC3)C2)CC1
C1CCC(CC2CCCCC2CC2CCC(CC3CCCC3)CC2)CC1
C1CCC(C2CCCC(CC3CCCCC3C3CCCC3)C2)CC1
C(CCC1CCC(CCCC2CCC(CC3CCC(C4CCC4)CC3)CC2)CC1)CC1CC1
C1CCC(C2CCCCC2C2CCC3CCCCC32)CC1
C1CCC(CC2CCC(CC3CCC4C(CC5CCCCC5)CCCC4C3)CC2)CC1
C1CCC(CC2CCCCC2CC2CCCCC2CCC2CCCCC2C2CCCCC2)CC1
C1CCC(C2CCC(CC3CCCC3)CC2)CC1
C1CCC(CCCC2CCC(C3CCC(C4CCCCC4)CC3)CC2)CC1
C1CCC(CC2CCCCC2C2CCCC(C3CCCCC3C3CCCC3)C2)CC1
C1CCC(CC2CCCC(C3CCCCC3C3CCC(CC4CCC4)CC3)C2)CC1
C1CCC(CCCCCC2CCCCC2C2CCCCC2)CC1
C1CCC(CC2CCCC(CC3CCCCC3)C2)CC1
C1CCC(CC2CC(C3CC4CCCCC4C3)C3CC(CCC4CC5CCCCC5C4)CCC23)CC1
C1CCC(CC2CCCCC2CCC2CCCC2)CC1
C1CCC(CC2C(C3CCC3)CCCC2C2CCCC(CCC3CCC(CC4CC4)CC3)C2)CC1
C1CCC(CC2CCC(C3CCCCC3)CC2)CC1
C1CCC(C2CCC(C3CCC(C4CCCCC4)C(C4CCCC4)C3)C2)CC1
C1CCC(CCC2CCC(C3CCCCC3)C(CC3CCCC3)C2)CC1
C1CCC(CCC2CC(C3CCCCC3)CCC2CC2CCC(CC3CCCCC3)CC2)CC1
C1CCC(CC2CCCC(C3CCC3)C2)CC1
C1CCC(CCCCC2CCC(CCCCC3CCCCC3)CC2)CC1
C1CCC(CCC2CCCCC2C2CCC(CC3CCC(CC4CCCCC4)CC3)CC2)CC1
C1CCC(C2CCCC(C3CCCCC3)C2)CC1
C1CCC(CC2CCCCC2CCC2CCCC3CC(C4CCCCC4)CCC23)CC1
C1CCC(C2CCCCC2C2CCC(C3CCC4CCCCC43)CC2C2CCCC2)CC1
C1CCC(C2CCC(C3CCC(C4CCCC(C5CCCCC5)C4)CC3)CC2)CC1
C1CCC(C2CCC(C3CCCCC3C3CCC4CCCC4C3)CC2)CC1
C1CCC(CC2CCC(CCC3CCCCC3C3CCCCC3)CC2)CC1
C1CCC(C2CCCC(C3CCCCC3)C2)CC1
C1CCC(C2CCCC(C3CCCC(CC4CCCC4)C3)C2)CC1
C1CCC(C2CCCC(C3CCCCC3)C2)CC1
C1CCC(C2CCC(CCC3CC4CCCCC4C3)CC2)CC1
C1CCC(C2CCCC(C3CCC(CCC4CC5CCCCC5C4)CC3)C2)C1
C1CCC(CCCC2CCC(C3CCCCC3)CC2)CC1
C1CCC(CC2CCCCC2CC2CCC(C3CCCCC3)CC2)CC1
C1CCC(C2CCC(C3CCCCC3)CC2)CC1
C1CCC(CCCC2CCC(CCC3CCCCC3)CC2C2CCC3CCCC3C2)CC1
C1CCC(C2CCC3C(CCC3C3CCCCC3)C2)CC1
C1CCC(CC2CCCCC2CC2CCC(C3CCCCC3)CC2)CC1
C1CCC(C2CCC(C3CC(C4CCCCC4)CC(C4CCC4)C3C3CCCC3)CC2)CC1
C1CCC(CC2CCCCC2C2CCCC(C3CCCCC3)C2)CC1
C1CCC(C2CCC(C3CCCCC3C3CC3)CC2)CC1
C1CCC(CC2CCCCC2CCC2CCCCC2C2CCC2)CC1
C1CCC(C2CCC(C3CCCCC3)C(C3CCC4CCCC4C3)C2)CC1
C1CCC(CC2CCCCC2CCC2CCCCC2CC2CCCCC2)CC1
C1CCC(CCCCC2CCCCC2CC2CCCCC2)CC1
C1CCC(C2CCC(C3CCCC(CC4CCCC(C5CCCCC5)C4)C3)CC2)CC1
C1CCC(C2CCCCC2C2CCC(CC3CC3)CC2)CC1
C1CCC(C2CCCC(CC3CC(CC4CCCC(CC5CCCC5)C4)C4CCCCC34)C2)CC1
C1CCC(CCC2CC(C3CCCCC3)C3CCCCC23)CC1
C1CCC(C2CCCC(CC3CCC(CC4CC4)CC3)C2)CC1
C1CCC(C2CC(C3CCCCC3C3CCCC3)C3CCCCC23)CC1
C1CCC(CC2CCCC(CC3CCC(C4CCCC4)CC3)C2)CC1
C1CCC(C2CCC(C3CCCC(C4CCCC(CC5CCCC5)C4)C3)CC2)CC1
C1CCC(C2CCCC(C3CCC(C4CCCCC4C4CCC5CCCC5C4)CC3)C2)C1
C1CCC(CCCC2CCCCC2)CC1
C1CCC(CC2CCCC(C(C3CCCCC3)C3CCCCC3C3CCC3)C2)CC1
C1CCC(CCCCC2CC(CC3CCCCC3)CCC2CC2CCCCC2)CC1
C1CCC(CCC2CCC(C3CCCCC3C3CCCCC3C3CCCC3)CC2)CC1
C1CCC(CCCCC2CCC(CC3CCCCC3)CC2)CC1
C1CCC(C2CCCCC2)CC1
C1CCC(CCC2CCCCC2)CC1
C1CCC(CC2CCCC(C3CC3)C2)CC1
C1CCC(CCC2CCCC(C3CCCCC3CC3CCCCC3)C2)CC1
C1CCC(CC2CCCC(C3CCCC(C4CCCCC4)C3)C2)CC1
C1CCC(C2CCCCC2C2CCC(C3CCC4CCCCC43)CC2)C1
C(CCCC1CCC(CC2CCCCC2)CC1)CCCC1CCCC1C1CCCCC1
C1CCC(C2CCC(CCCC3CCC(CC4CCCC4)CC3)CC2)CC1
C1CCC(C2CCCC(C3CCCCC3)C2)CC1
C1CCC(CCC2CCC(CCC3CCCCC3)CC2)CC1
C1CCC(C2CCCCC2)CC1
C1CCC(CCC2CCCC3CC(C4CCCCC4CC4CCC(C5CCCCC5)CC4)CCC23)CC1
C1CCC(CCC2CC(C3CCCCC3C3CCCCC3)C3CCCCC23)CC1
C1CCC(CCC2CCC(CCCC3CCCC(C4CCC(CC5CCCC5)CC4)C3)CC2)CC1
C1CCC(C2CCC(CCCC3CC(C4CCCCC4)C4CCCCC34)CC2)CC1
C1CCC(C2CCCC(C3CCCC3)C2)CC1
C1CCC(CCC2CCC(C3CCCCC3)CC2)CC1
C1CCC(CC2CCC(CC3CCC(C4CCCCC4)CC3)CC2)CC1
C1CCC(CCCCC2CCCCC2)CC1
C1CCC(CC2CCCCC2C2CCCCC2C2CCCC(C3CC3)C2)CC1
C1CCC(CCCC2CCC(CC3CCCC(CCC4CCCCC4)C3)CC2)CC1
C1CCC(CC2CCC(CCC3CCCCC3C3CCCCC3)CC2)CC1
C1CCC(C2CCC(C3CCCC(C4CCCCC4)C3)CC2)CC1
C1CCC(CC2CCC(C3CCC(C4CCCC4)CC3)CC2)CC1
C1CCC(CCCCC2CCCC3CC(C4CCCCC4C4CCCCC4)CCC23)CC1
C1CCC(C2CCC(C3CCC(CCC4CCCC(C5CC5)C4)CC3)C2)CC1
C1CCC(CC2CCC(CC3CCCCC3)CC2)CC1
C1CCC(CCC2CCC(C3CCC(C4CCCCC4)CC3)CC2)CC1
C1CCC(C2CCCCC2)CC1
C1CCC(CC2CCCC(C3CCC(CC4CCCCC4)CC3C3CCCCC3)C2)CC1
C1CCC(CC2CCC(C3CCCCC3)CC2)CC1
C1CCC(CCC2CCCCC2C2CCCCC2)CC1
C1CCC(CC2CCC(C3CCCCC3)CC2)CC1
C1CCC(CC2CCCC(CC3CCC(C4CCC(CC5CC5)C(C5CCCC5)C4)CC3)C2)CC1
C1CCC(C2CCC(C3CCCCC3)C(C3CCCCC3)C2)CC1
C1CCC(CCC2CCC(C3CCCCC3CC3CCCCC3)CC2)CC1
C1CCC(CC2CCC(CC3CCC(CC4CCC(CC5CCCCC5)CC4)CC3)CC2)CC1
C1CCC(CC2CCCC(C3CCCCC3CC3CCCCC3)C2)CC1
C1CCC(C2CCCC(CC3CCCC(C4CCC(C5CC(C6CCCCC6)C5)CC4)C3)C2)CC1
C1CCC(C2CCCCC2C2CCC(C3CCCC(C4CCC5CCCC5C4)C3)CC2)CC1
C1CCC(C2CCC(C3CCCCC3C3CCCCC3)CC2)CC1
C1CCC(CC2CCC(C3CCC(C4CCCCC4)CC3)CC2)CC1
C1CCC(CC2CCCC(C3CCCC(C4CCCCC4)C3)C2)CC1
C1CCC(C2CCC(C3CCCC(CC4CC5CCCCC5C4)C3)CC2)CC1
C1CCC(CC2CCCCC2CCC2CCCC(C3CCCC3CC3CCCCC3)C2)CC1
C1CCC(CC2CC(C3CCC(CC4CCCC4)CC3)C3CCCCC23)CC1
C1CCC(CCC2CC(CC3CCC(C4CCCCC4)CC3)CCC2C2CCCCC2)CC1
C1CCC(CC2CCC(C3CC3C3CCCCC3)CC2)CC1
C1CCC(C2CCCCC2CC2CCCC(C3CCCC3)C2)CC1
C1CCC(C2CCCCC2C2CCCC(CCCC3CC4CCCCC4C3)C2)CC1
C1CCC(CC2CCCCC2CCC2CCCC(C3CCCCC3)C2)CC1
C1CCC(CC2CCCC(C3CCCC(CC4CC(C5CCCCC5)C5CCCCC45)C3)C2)CC1
C1CCC(CC2CCCC(C3CCCCC3)C2)CC1
C1CCC(C2CCCC(C3CCCC(C4CCCCC4)C3)C2)CC1
C1CCC(CC2CCC(C3CCCC(CC4CCCC(C5CCCCC5)C4)C3)CC2)CC1
C1CCC(C2CCCC(C3CCCC4CCCCC43)C2)CC1
C1CCC(CCCCCC2CCCC(CC3CCCCC3)C2)CC1
C1CCC(C2CCCC(CCC3CCCC(C4CCCC4)C3)C2)CC1
C1CCC(C2CCCC(C3CCCC(C4CCCCC4)C3)C2)CC1
C1CCC(C2CCC3CCC(CC4CCCCC4C4CCCCC4)CC3C2)CC1
C1CCC(CCC2CCCCC2C2CCC3C(CCCC3C3CCCCC3)C2)CC1
C(CCCC1CCCCC1)CCCC1CCC(C2CCCCC2)CC1
C1CCC(CC(CC2CCCCC2)C2CCCC(C3CCC4CCCCC4C3)C2)CC1
C1CCC(C2CCC(C3CCCCC3)C(C3CCC4CCCCC4C3)C2)CC1
C1CCC(CCCC2CCCC(CC3CCCC(CCC4CCCCC4)C3)C2)CC1
C1CCC(C2CCCCC2CCCC2CCCC(C3CCC(CC4CCCC4)CC3)C2)CC1
C1CCC(C2CC(C3CCC4CCCCC43)CC3CCC(C4CCCC4)CC32)CC1
C1CCC(CC2CCC(C3CC(C4CCCC(C5CCCCC5)C4)C3)CC2)CC1
C1CCC(C2CCC(CC3CCC(CC4CCCC(C5CCCCC5)C4)CC3)CC2)CC1
C1CCC(C2CC(C3CCC4CCCCC43)CC3CCCCC32)CC1
C1CCC(CCC2CCC(CCC3CCC(CC4CCCCC4)CC3)CC2)CC1
C1CCC(CCC2CCCC(C3CCCC(CC4CCCCC4)C3)C2)CC1
C1CCC(CC2CCC(CC3CCC(CC4CC5CCCCC5C4)CC3)CC2)CC1
C1CCC(CCC2CCCCC2CC2CCC3CCCC3C2)CC1
C1CCC(CCC2CCC(CC3CCCCC3C3CCCC3)CC2)CC1
C1CCC(C2CCC(CC3CCC(CCCC4CCCC(CC5CC5)C4)CC3)CC2)CC1
C1CCC(CC2CCC(C3CCCCC3)CC2C2CCCCC2)CC1
C1CC(CCC2CC3CCCCC3C2)CC(CCC2CCC3CCCCC32)C1
C1CCC(CC2CCC(C3CC(CC4CCCCC4)C4CCCCC43)CC2)CC1
C1CCC(CC2CCCC(CCC3CCC(C4CCCCC4)CC3)C2)CC1
C1CCC(CC2CCC(CC3CCCC(CC4CC5CCCCC5C4)C3)CC2)CC1
C1CCC(CCC2CC(CCC3CCCCC3)CC(CC3CCCCC3)C2)CC1
C1CCC(C2CCCC(C3CCCCC3)C2)CC1
C1CCC(CC2CCC(CCCC3CCCCC3C3CCC3)CC2)CC1
C1CCC(C2CCC(C3CCC(CCCCCC4CCCCC4C4CCCC4)CC3)CC2)CC1
C1CCC(CCCC2CCC(CC3CCC(CC4CCCCC4)CC3)CC2)CC1
C1CCC(CC2CCC(CC3CCC(C4CCCCC4C4CCCC4)CC3)CC2)CC1
C1CCC(C2CCC(CCC3CCC(CCC4CCC(C5CCCCC5)CC4)CC3)CC2)CC1
C1CCC(C2CCCC(C3CCC4CCCC4C3)C2)CC1
C1CCC(CC2CCCCC2C2CCCC(C3CCCCC3)C2)CC1
C1CCC(CC2CCCC(C3CCCCC3)C2)CC1
C1CCC(CC2CCC(CCC3CCCC(C4CCCCC4)C3)CC2)CC1
C1CCC(CCCCCC2CCCC(CCCC3CC3)C2)CC1
C1CCC(C2CCC(CC3CCC(CC4CCCC(CCCC5CC5)C4)CC3)CC2)CC1
C1CCC(CCC2CCC(C3CCCCC3)CC2)CC1
C1CCC(C2CCCC(CCCC3CCCC(C4CCCCC4)C3)C2)CC1
C1CCC(CCC2CCCC(C3CCCC(C4CCCCC4)C3)C2)CC1
C1CCC(CCCCC2CCC(C3CCCC(CCC4CCCCC4)C3)CC2)CC1
C1CCC(CC2CC(CCC3CCC4CCCCC4C3)C3CC(C4CCC5CCCCC5C4)CCC23)CC1
C1CCC(C2CCC(C3CCCCC3)CC2)CC1
C1CCC(CC2CCC(CC3CCCC(C4CCCCC4C4CCC5CCCCC54)C3)CC2)CC1
C1CCC(CC2CCCCC2C2CCCCC2)CC1
C1CCC(CCCC2CCC(CC3CCCCC3)CC2CCC2CCCCC2)CC1
C1CCC(C2CCC(C3CCCCC3)CC2)CC1
C(CCCC1CCC(CC2CCCCC2)CC1)CCC1CCCCC1
C1CCC(CCC2CCC(CC3CCCCC3)C(C3CCCCC3)C2)CC1
C1CCC(CC2CCCC(C3CCCCC3)C2)CC1
C1CC2CCC(CCC3CCC4C(CCC4C4CCCC4)C3)CC2C1
C1CCC(CCC2CCCCC2)CC1
C1CCC(CCC2CC(CC3CCCCC3)CCC2C2CCCCC2)CC1
C1CCC(CCCC2CCCC(CC3CCCCC3)C2)CC1
C1CCC(C2CCC(C3CCCC3)CC2C2CCCCC2)CC1
C1CCC(C2CCCC(C3CCC4CCCCC43)C2)CC1
C(CCCC1CCC(C2CCCCC2)CC1)CCC1CCCCC1
C1CCC(CCC2CC(C3CCCC(C4CCCCC4)C3)C3CCCCC23)CC1
C1CCC(CCC2CCCC(CCC3CC(CC4CCCCC4)C4CCCCC34)C2)CC1
C1CCC(CC2CCC(CCC3CC3)C(CCC3CCC(C4CCCCC4)CC3)C2)CC1
C1CCC(C2CCCC(CCC3CCCC(C4CCCCC4)C3)C2)CC1
C1CCC(CC2CCCC(CC3CCCC(CCC4CCCC4)C3)C2)CC1
C1CCC(CCC2CCCC(C3CCCC(C4CCCCC4)C3)C2)CC1
C1CCC(C2CCCC(C3CCCC(C4CCCC(C5CCCCC5)C4)C3)C2)CC1
C1CCC(C2CCC(CC3CCCC(CC4CCC(CC5CCC6CCCC6C5)CC4)C3)C2)CC1
C1CCC(CCC2CCCC(C3CCCCC3)C2C2CCCCC2)CC1
C1CCC(CCCC2CCCC(C3CCCCC3C3CCCC3)C2)CC1
C1CCC(CC2CC(C3CCCCC3)CC(C3CCCC3)C2)CC1
C1CCC(CCCC2CCCCC2CC2CCCCC2C2CCC3CCCCC3C2)CC1
C1CCC(CC2CC(C3CCC3)C(C3CCCCC3)C(C3CCCC(C4CCCCC4)C3)C2)CC1
C1CCC(CCC2CCCC(CC3CCCC3C3CCCCC3)C2)CC1
C1CCC(CCC2CCCC(C3CCCCC3)C2)CC1
C1CCC(CC2CCC3CC(C4CCCC4)CC(CC4CCCCC4)C3C2)CC1
C1CCC(CC2CCC(CCCC3CCCC(C4CCCCC4)C3)CC2)CC1
C1CCC2CC(CC3CCCC(C4CCC(C5CC6CCCCC6C5)C4)C3)CC2C1
C1CCC(C2CCC(CCC3CCCC(C4CCCC4)C3)CC2C2CCCCC2)CC1
C1CCC(CC2CCCC(C3CCC4CCCCC4C3)C2)CC1
C1CCC(C2CCCC(C3CC(C4CCCCC4)C4CCCCC34)C2)CC1
C1CCC(C2CCCC(CC3CCCCC3C3CCCCC3)C2)CC1
C1CCC(CCC2CCCC(C3CCCC(CC4CCCCC4)C3)C2)CC1
C1CCC(C2CC(C3CCC3)CC(C3CCCCC3CC3CC3)C2)CC1
C1CCC(C2CCCCC2C2CCCCC2)CC1
C1CCC(CC2CCCC(C3CCCCC3)C2)CC1
C1CCC(CCCC2CCC(C3CCCCC3)C(CC3CCCC3)C2)CC1
C1CCC(CC2C(C3CCC3)CCCC2C2CCCC(C3CCCCC3)C2)CC1
C1CCC(CC2CCCC(CC3CCC(C4CCC(C5CCCCC5)CC4)CC3)C2)CC1
C1CCC(CCCC2CCCCC2)CC1
C1CCC(CCCCC2CCCC(CC3CCCCC3)C2)CC1
C1CCC(CCC2CCCC(CC3CCC4CCC(C5CCCCC5)CC4C3)C2)CC1
C1CCC(CCCCC2CCCCC2C2CCCCC2)CC1
C1CCC(CC2CCCCC2)CC1
C1CCC(CCC2CCCC(C3CCC(C4CCCCC4)CC3)C2)CC1
C1CCC(CC2CCC(CCC3CC(CC4CCCCC4)C4CCCCC34)CC2)CC1
C1CCC(CC(C2CCCCC2)C2CCC(C3CCC4CCCCC4C3)C2C2CCCCC2)CC1
C1CCC(C2CCC(C3CCCCC3C3CCCCC3)CC2)CC1
C1CCC2C(C1)CCCC2C1CCCCC1CCC1CC1
C1CCC(CC2CCC3C(C4CCCCC4)CC(C4CC5CCCCC5C4)C3C2)CC1
C1CCC(C2CCCCC2C2CCCCC2)CC1
C1CCC(C2CCC(C3CCCC(C4CCCC4)C3)CC2)CC1
C1CCC(CCCC2CCC(C3CCCCC3)CC2)CC1
C1CCC(CC2CCCC(CC3CCCCC3)C2)CC1
C1CCC(C2CCCC(C3CCCCC3)C2)CC1
C1CCC(CC2CCC(C3CC(C4CCCCC4)CCC3C3CCCC3)CC2)CC1
C1CCC(C2CCCCC2C2CCC(CCC3CCCC(C4CCCC4)C3)CC2)CC1
C1CCC(C2CCCC(C3CCC(CCC4CCCC4)CC3)C2)CC1
C1CCC(C2CCCCC2)CC1
C1CCC(CCC2CCCC(C3CCCC(CC4CCCCC4)C3)C2)CC1
C1CCC(C2CCC3C(CCCC3C3CCCCC3C3CC4CCCCC4C3)C2)CC1
C1CCC(CC2CCCCC2CCC2CCC(CC3CCCCC3C3CCCC3)CC2)CC1
C1CCC(C2CCCC(C3C(C4CCCCC4)CCCC3C3CCCCC3)C2)CC1
C1CCC(CCC2CCCCC2CCC2CCC3CCCCC3C2)CC1
C1CCC(CCC2CC(CC3CCCCC3)CCC2C2CCCCC2)CC1
C1CCC(C2CCC(C3CCCC(C4CCCC4)C3)CC2)C1
C1CCC(CC2CCCCC2C2CCCCC2)CC1
C1CCC(CCC2CCCC(CCC3CCCC3)C2)CC1
C1CCC(C2CCCC(CCCC3CCCCC3C3CCCC3)C2)CC1
C1CCC(CCCC2CCC(CC3CCCCC3)CC2)CC1
C1CCC(CCCC2CCC(C3CCCC(C4CCC4)C3)C2)CC1
C1CCC(C2CC(C3CC3)CCC2C2CCCC(C3CC3)C2)CC1
C1CCC(CC2CCC(CCC3CC4CCCCC4C3)CC2)CC1
C1CCC(CC2CC(C3CCCCC3)CC3CCCCC32)CC1
C1CCC(CCC2CCC3CC(C4CCCCC4)CC(C4CCCCC4)C3C2)CC1
C1CCC(C2CCCC(C3CCCCC3)C2)CC1
C1CCC(CCC2CCC3C(CCCC3C3CCC(CC4CCCCC4)CC3)C2)CC1
C1CCC(CC2CCC(C3CCCCC3)C(C3CCC(C4CCCCC4)CC3)C2)CC1
C1CCC(CC2CCCC(CC3CC(C4CCCCC4)C4CC(CC5CCCCC5)CCC34)C2)CC1
C1CCC(CC2CCC(C3CCC4CCC(C5CCCC(C6CCCCC6)C5)C4C3)CC2)CC1
C1CCC(CCC2CCCCC2C2CCC(C3CCCCC3)C(CCC3CCCCC3)C2)CC1
C1CCC(CC2CCC(C3CCCCC3)CC2)CC1
C1CCC(CCC2CCCC(CCC3CCCC(C4CCCC(C5CCCCC5)C4)C3)C2)CC1
C1CCC(CCC2CCC(C3CCC(CCCC4CC5CCCCC5C4)CC3)C(C3CCCCC3)C2)CC1
C1CCC(CCC2CCC(CC3CCC(CC4CC4)C(C4CCCC4)C3)CC2)CC1
C1CCC(CCC2CCC(CCC3CCC(C4CCC5CCCCC54)CC3)CC2)CC1
C1CCC(CC2CCC(C3CCC(CC4CCCCC4)CC3)CC2)CC1
C1CCC(C2CCC(C3CCC(C4CCC(CC5CCCC5)CC4)CC3)CC2)CC1
C1CCC(CC2CCC(C3CCCC(CC4CC5CCCCC54)C3)CC2)CC1
C1CCC(C2CCC(C3CCC(C4CCCCC4C4CCCC4)CC3)CC2)CC1
C1CCC(C2CCC(CC3CCC4CCC(C5CCCC5)C4C3)CC2)CC1
C1CCC(C2CCC3CC(C4CCCC(C5CCC5)C4)CCC32)CC1
C1CCC(CC2CCCC(CC3CCCC(C4CCCC(C5CC5)C4)C3)C2)CC1
C1CCC(CCC2CCCC(CCC3CCCC(C4CCCCC4CC4CCCCC4)C3)C2)CC1
C1CCC(CC2CCC(C3CCCCC3)C(CCC3CC3)C2)CC1
C1CCC(C2CCC(C3CCCC(C4CCC5CCCC5C4)C3)CC2)CC1
C1CCC(CCCC2CCC(C3CCCCC3)CC2)CC1
C1CCC(C2CCCC(C3CCCCC3C3CCCCC3)C2)CC1
C1CCC(C2CC(C3CCC4CCCCC43)CC3CCCCC32)CC1
C1CCC(CC2CCC3CCCCC3C2)CC1
C1CC(C2CCCC(CC3CCC(CC4CCCC(C5CCC(C6CC6)CC5)C4)CC3)C2)C1
C1CCC(CCC2CCC(C3CCC(CC4CCCCC4)CC3)CC2)CC1
C1CCC(CCC2CCCC(C3CCCCC3)C2)CC1
C1CCC(C2CCC(CC3CCCC(C4CCCCC4)C3)CC2)CC1
C1CCC(CC2CCC(CCC3CC(C4CCCCC4)C4CCCCC34)CC2)CC1
C1CCC(CCC2CCC(C3CCC4CCCCC4C3)CC2)CC1
C1CCC(C2CCC3C(CC4CCCC4)CC(C4CCCC(CCC5CCCC5)C4)C3C2)CC1
C1CCC(CCC2CCC(C3CCC(CCC4CCC(CC5CCCC5)CC4)CC3)CC2)CC1
C1CCC(CC2CCC(CC3CCCCC3)CC2)CC1
C1CCC(CC2CCCCC2CC2CCCCC2)CC1
C1CCC(CCC2CCC(CC3CCCCC3)CC2)CC1
C1CCCCC1
C1CCC(C2CC3CCCCC3C(C3CCCCC3)C2)CC1
C1CCC(C2CCCC(C3CCC(C4CCCC(CC5CCCC5)C4)CC3)C2)CC1
C1CCC(C2CCCC(C3CCCCC3C3CCCCC3)C2)CC1
C1CCC(CCC2CCCC(C3CCC(CC4CCCCC4)C(C4CCCCC4)C3)C2)CC1
C1CC2CCC(C3CCCCC3CCC3CCCC(C4CCCC5CCCCC54)C3)CC2C1
C1CCC(CCCCC2CCC(CC3CCCCC3)CC2)CC1
C1CCC(CCC2CCCC(CC3CCCCC3)C2)CC1
C1CCC(C2CCC(C3CCCC(C4CC4)C3)CC2)CC1
C1CCC(CC2CCCC(C3CCCC(C4CCCC4)C3)C2)CC1
C1CCC(CC2CCC(C3CCCC(C4CCCCC4)C3)CC2)CC1
C1CCC(C2CCC(C3CCCC(CC4CCCCC4C4CCCCC4)C3)CC2)CC1
C1CCC(CC2CCC(C3CCC(C4CCCCC4)C3)CC2)CC1
C1CCC(CCC2CCCC(C3CCCCC3)C2)CC1
C(CCCC1CCCCC1CC1CCC(CC2CCCCC2)CC1)CCC1CCCCC1
C1CCC(CC2CCCC(C3CCC(C4CCCCC4)CC3C3CCCCC3)C2)CC1
C1CCC(CC2CCC(C3CCC(C4CCCCC4)CC3C3CCCCC3)CC2)CC1
C1CCC(C2CCCC(CCC3CCC(C4CCCCC4C4CCC5CCCCC54)CC3)C2)CC1
C1CCC(CCCCC2CC(C3CCCCC3)CC(C3CCC3)C2)CC1
C1CCC(C2CCCC(C3CC(C4CCCCC4)C4CCCCC34)C2)CC1
C1CCC(CCC2CCC(CC3CCCCC3)CC2)CC1
C1CCC(C2CCC(CCC3CCC(CC4CCC(C5CCCCC5)CC4)CC3)CC2)CC1
C1CCC(CC2CCC(C3CCC(C4CCC(CC5CCCCC5)C4)CC3)CC2)CC1
C1CCC(C2CCCC(C3CCCC(C4CCCCC4)C3)C2)CC1
C1CCC(C2CCCCC2C2CCCC(CCC3CCCC3)C2)CC1
C1CCC(C2CCC(CCCC3CCCC(C4CCCCC4)C3)CC2)CC1
C1CCC(C2CCCC(C3CCC4CCCC4C3)C2)CC1
C1CCC(C2CCC(C3CCC(C4CCC5CCCCC54)C3)CC2)C1
C1CCC(CC2CCC(C3CCCCC3)CC2)CC1
C1CCC(C2CCC(C3CCCCC3)CC2)CC1
C1CCC(C2CCC(C3CCCCC3C3CCCC3)CC2)CC1
C1CCC(CCCC2CCC(CC3CCC(CC4CCCCC4)CC3)CC2)CC1
C1CCC(CCCCC2CCC(C3CCCCC3)CC2)CC1
C1CCC(C2CCC(C(C3CCCCC3)C3CCCCC3C3CCCC3)CC2)CC1
C1CCC(C2CCCC(C3CCCCC3)C2)CC1
C1CCC(C2CCC(C3CCC4CCCC4C3)CC2C2CCCC2)CC1
C1CCC(CC2CCC(C3CCCCC3CC3CCCCC3)CC2)CC1
C1CCC(CCC2CCC(CC3CCC(C4CCCCC4)CC3)CC2)CC1
C1CCC(CC2CCC3C(CC4CCCCC4)CC(C4CCCCC4)C3C2)CC1
C1CCC(C2CCC(C3CCCCC3)C(C3CCCCC3)C2)CC1
C1CCC(CC2CCC(C(CCCC3CCCC(C4CCCCC4)C3)C3CCCCC3)CC2)CC1
C1CCC(C2CCCC(C3CCC(C4CCCCC4CCCC4CCCC4)CC3)C2)CC1
C1CCC(CC2CC(C3CCC(C4CCCCC4)CC3)C3CCCCC23)CC1
C1CCC(CCCC2CCC(CC3CCCCC3)CC2)CC1
C1CCC(CC2CCC(C3CCCC(C4CCCCC4)C3)CC2)CC1
C1CCC(CC2CCC(CC3CCC(C4CCCC(C5CCCCC5)C4)CC3)CC2)CC1
C1CCC(CC2CCC3CC(C4CCCCC4)CCC23)CC1
C(CCCC1CCC(C2CCCCC2)CC1)CCC1CCCCC1
C1CCC(CC2CC(C3CCC(C4CCCC(C5CCCCC5)C4)CC3)C3CCCCC23)CC1
C1CCC(C2CCCCC2CC2CC3CCCCC3C2)CC1
C1CCC(CC2CC(C3CCCCC3)C(C3CCC3)C(C3CCCCC3)C2)CC1
C1CCC(C2CCC(CCC(C3CCCCC3)(C3CCCCC3)C3CCC3)CC2)CC1
C1CCC(CC2CCC(CC3CCC(C4CCCCC4)CC3)CC2)CC1
C1CCC(CCC2CCCC3CCCCC32)CC1
C1CCC(C2CCCCC2)CC1
C1CCC(CC2CCCC(C3CCCC(C4CCCC4)C3)C2)CC1
C1CCC(C2CCCC(C3CCCCC3C3CCCCC3)C2)CC1
C1CCC(C2CCC(CCCC3CCCC(C4CCCCC4)C3)CC2)CC1
C1CCC(CC2CCCC(CC3CCC(CC4CCC(CC5CCCC5)CC4)CC3)C2)CC1
C1CCC(CCC2CCC(C3CCCC(C(CCC4CCC(CC5CCCCC5)CC4)C4CCCC4)C3)CC2)CC1
C1CCC(CCC(C2CCCCC2)C(C2CCCCC2)C2CCCC2)CC1
C1CCC(CCCC2CCC3C(CC4CCCCC4)CC(CCCC4CCCCC4)C3C2)CC1
C1CCC(C2CCC(CC3CCCC(C4CCCCC4)C3)CC2)CC1
C1CCC(C2CCCC(CC3CCCC3)C2)CC1
C1CCC(C2CC3CCC(C4CCCCC4)CC3C(C3CCC3)C2)CC1
C1CCC(CCCC2CCC(CC3CCC(CC4CCCCC4)CC3)CC2)CC1
C1CCC(CCC2CC(CC3CCCCC3)CCC2C2CCCCC2)CC1
C1CCC(C2CCC(C3CCCCC3)CC2)CC1
C1CCC(C2CCC(C3CC(C4CC5CCCCC5C4)C4CCCCC34)CC2)CC1
C1CCC(CC2CC2C2CCC(C3CCC(C4CCCC4)CC3)CC2)CC1
C1CCC(CCCC2CCC(C3CCC(C4CCCCC4)C3)CC2)CC1
C1CCC(CCC2CCC(CC3CCCC(CC4CCCCC4)C3)CC2)CC1
C1CCC(C2CCC(C3CCCC4CC(C5CCCCC5)CCC43)CC2)CC1
C1CCC(CCCCC2CC(CCC3CCCCC3)CC(C3CCCCC3)C2)CC1
C1CCC(C2CCC(CCCCC3CCCC(C4CCCCC4)C3)CC2)CC1
C1CCC(CCCC2CCC(CCC3CCCCC3)CC2)CC1
C1CCC(C2CCC(C3CCC(CC4CCC5CCCCC54)CC3)CC2)CC1
C1CCC(C2CCCCC2C2CCCC2)CC1
C1CCC(C2CCCC(CC3CCCCC3CC3CC4CCCCC4C3)C2)CC1
C1CCC(CC2CC(C3CCCCC3)CC(C3CCCCC3)C2)CC1
C1CCC(CCC2CC(C3CCCCC3)CCC2CCC2CC3CCCCC3C2)CC1
C1CCC(CCCC2CCC(C3CCCCC3)CC2)CC1
C1CCC(CC2CC(CC3CCC(C4CCCC4)CC3)CCC2CC2CC(C3CCCC3)C3CCCCC23)CC1
C1CCC(CC2CCC(C3CCCCC3CC3CCC3)CC2)CC1
C1CCC(CC2CCC(C3CCCCC3)C(CC3CCC4CCCC4C3)C2)CC1
C1CCC(CCC2CCCC(C3CCC(C4CCC4)CC3)C2)CC1
C1CCC(C2CCC(C3CCC(C4CCC5CCCCC54)CC3)CC2)CC1
C1CCC(CCC2CCC(CC3CCCCC3)CC2)CC1
C1CCC(C2CCC(C3CCC4CCCCC4C3)C(C3CCCCC3)C2)CC1
C1CCC(C2CCC(CCC3CCCC(C4CCC5CCCC5C4)C3)C2)CC1
C1CCC(CCCCC(C2CCCCC2)C2CCCC(C3CCCCC3)C2)CC1
C1CCC(CCCC2CCC(CC3CCC(CCC4CCC(C5CCCCC5)CC4)CC3)CC2)CC1
C1CCC(C2CCCC(C3CCCC(C4CCCC(C5CC(C6CCCCC6)C6CCCCC56)C4)C3)C2)CC1
C1CCC(C2CCC(CC3CCCC(CC4CC4)C3)CC2)CC1
C1CCC(CCCC2CCCCC2CC2CCC(C3CCCC(C4CCC5CCCCC54)C3)CC2)CC1
C1CCC(CCC(C2CCC2)C2CCCC(C(CC3CCCCC3)C3CCCCC3)C2)CC1
C1CCC(CC2CCCC(C3CCCC(C4CCCCC4)C3)C2)CC1
C1CCC(C2CCCC(C3CCC4CCCCC4C3)C2)CC1
C1CCC(CC2CCC(CC3CCC(CC4CCCCC4)CC3)CC2)CC1
C1CCC(CCC2CC(CCC3CCCCC3)CC(CC3CCCCC3)C2)CC1
C1CCC(CCC2CCC(CC3CCCC(C4CCCC4)C3)CC2)CC1
C1CCC(C2CCC(CC3CCC(C4CCCCC4C4CCC(C5CCCCC5)CC4)CC3)CC2)CC1
C1CCC(C2CCCC(C3CCC3)C2)CC1
C1CCC(CC2CCCC(C3CC(C4CCCCC4)C4CCCCC34)C2)CC1
C1CCC(CC2CCC(C3CCCCC3C3CCC4CCCCC4C3)CC2)CC1
C1CCC(C2CCCC(CC3CCC4CCCCC43)C2)CC1
C1CCC(C2CCCC(C3CCCC(C4CCC5CCCC5C4)C3)C2)CC1
C1CCC(CC2CCC(CC3CCCCC3)CC2)CC1
C1CCC(C2CCCC3CC(CC4CCC5C(CCC5C5CCCCC5)C4)CCC32)CC1
C1CCC(CCC2CCC(C3CCC4CCCC4C3)CC2)CC1
C1CCC(CC2CCC(C3CC4CCCCC4C(C4CCCCC4)C3)C(CC3CCCCC3)C2)CC1
C1CCC(CCC2CCC(CC3CCCCC3C3CCCCC3)CC2)CC1
C1CCC(C2CCC(CC3CCCC(CCC4CCC5CCCCC54)C3)CC2)CC1
C1CCC(CCC2CCCC(C3CCCCC3)C2)CC1
C1CCC(CCCCC2CCC(CC3CCC(CC4CCCC(C5CCCCC5)C4)CC3)CC2)CC1
C1CCC(CC2CCCC(CCCC3CC3)C2)CC1
C1CCC(CC2CCCC(C3CCC(C4CCCCC4C4CCCCC4)CC3)C2)CC1
C1CCC(CCC2CC(C3CCC3)CC(C3CCCC(C4CCCCC4)C3)C2)CC1
C1CCC(C2CCC(C3CCCC(C4CCCCC4)C3)CC2)CC1
C1CCC(C2CCC(CC3CCCCC3C3CCC(C4CCCC4)CC3)CC2)CC1
C1CCC(CCCC2CCC(CC3CCC(C4CCCCC4)CC3)CC2)CC1
C1CCC(CC2CCCCC2C2CCCCC2)CC1
C1CCC(C2CCC(CC3CCC(CCCCC4CC4)CC3)CC2)CC1
C1CCC(CCCCC2CCCC(C3CCCCC3)C2)CC1
C1CCC(CC2CCCC2C2CCCCC2C2CCCCC2)CC1
C1CCC(C2CCC(C3CCCC(C4CCCCC4)C3)CC2)CC1
C1CCC(CC2CCC(C3CCCCC3)CC2)CC1
C1CCC(CC2CCC(C(C3CC3)C3CCCC(C4CCCCC4)C3)CC2)CC1
C1CCC(CC2CCC(C3CCCCC3)CC2)CC1
C1CCC(CC2CCC(C3CCCCC3)CC2)CC1
C1CCC(CCC2CCC(C3CCCCC3)CC2)CC1
C1CCC(CC2CCC(C3CC4CCCCC4C3)CC2C2CCCC2)CC1
C1CCC(CCCC2CCC(CC3CCCCC3)CC2)CC1
C1CCC(C2CCCC(C3CCCCC3C3CCCCC3)C2)CC1
C1CCC(CCCCCC2CCCC(C3CCCCC3)C2)CC1
C1CCC(CC2CCC(C3CCCCC3)CC2)CC1
C1CCC(CC2CCCCC2C2CCCCC2C2CCC3CCCC3C2)CC1
C1CC(CC2CCCCC2C2CCCC2)CC(C2CC2)C1
C1CCC(CC2CCCC(C3CC(CC4CCCCC4)CC(C4CC4)C3)C2)CC1
C1CCC(CC2CCC(CC3CCC(C4CCCC5CCCCC54)CC3)CC2)CC1
C1CCC(C2CCCC(C3CCCCC3)C2)CC1
C1CCC(CC2CCCC(C3CC(C4CCCCC4)CC(C4CC4)C3)C2)CC1
C1CCC(C2CCCCC2C2CCCC2C2CCCC(C3CCC4CCCC4C3)C2)CC1
C1CCC(CC2CCCC(C3CCC(C4CCCCC4)CC3)C2)CC1
C1CCC(CCC2CCCC(CC3CCCC(CC4CCCCC4)C3)C2)CC1
C1CCC(C2CCCCC2C2CCCC2)CC1
C1CCC(C2CCC(CCC3CCC(C4CCCC4)CC3)CC2)CC1
C1CCC(CCCC2CCC(CC3CCC(C4CCCC(C5CCCCC5)C4)CC3)CC2)CC1
C1CCC(CC2CCC(CC3CCCCC3)CC2)CC1
C1CCC2CC(CCCC3CCCCC3C3CCC4CCCC4C3)CC2C1
C1CCC(C2CCC(C3CCCC(C4CC(C5CCCCC5)C4)C3)CC2)CC1
C(CCCC1CCCC(CC2CCCCC2)C1)CCC1CCCCC1
C1CCC(CCCC2CCC(CCC3CCCCC3)CC2)CC1
C1CCC(CC2CCCC(C3CCCCC3)C2)CC1
C1CCC(CC2CCC3C(CC4CCCCC4)CC(CC4CCCCC4)C3C2)CC1
C1CC(C2CCC(C3CCCC(C4CCC(C5CCCC(CC6CC6)C5)CC4)C3)CC2)C1
C1CCC(C2CCC(CC3CCCC(C4CCCC4)C3)CC2C2CCCC2)CC1
C1CCC(CC2CCCC(CC3CCCCC3)C2)CC1
C1CCC(CCCC2CCCC(CC3CC3)C2)CC1
C1CCC(CC2CCC(C3CCCCC3)CC2)CC1
C1CCC(C2CCC(C3CCCCC3)C(C3CCC4CCCC4C3)C2)CC1
C1CCC(CC2CCC(C3CCCC(C4CCCC(CC5CCCCC5)C4)C3)CC2)CC1
C1CCC(CCC2CCCCC2C2CCC(CC3CCC(C4CC4)CC3)CC2)CC1
C1CCC(C2CC(C3CCC4CCCCC43)CC3CCC(CC4CCC5CCCCC54)CC32)CC1
C1CCC(CC2CCC(CC3CCC(CC4CC5CCCCC5C4)CC3)CC2)CC1
C1CCC(CCCC2CC(CC3CCCCC3)CCC2C2CCCC(C3CCCCC3)C2)CC1
C1CCC(C2CCC(C3CCCC4CCCCC43)C(CC3CC3)C2)CC1
C1CCC(CCCC2CCC(CCC3CCCC(C4CCCC(CC5CCCCC5)C4)C3)CC2)CC1
C1CCC(CC2CCCC(CC3CCCCC3CC3CC4CCCCC4C3)C2)CC1
C1CCC(CCC2CCC(C3CCCCC3)CC2)CC1
C1CCC(C2CCCC3CC(C4CCC5CCCC5C4)CCC32)CC1
C1CCC(CC2CCCC(C3CC(C4CCCCC4)CC(C4CCCC4)C3)C2)CC1
C1CCC(CCC2CCC(CC3CCCCC3)CC2)CC1
C1CCC(CC2CCCC(C3CCCCC3)C2)CC1
C1CCC2CC(CCC3CCC(CC4CCC5CCCCC54)C(C4CCCC4)C3)CC2C1
C1CCC(CC2CCCC(CCC3CCCC(C4CCCCC4)C3)C2)CC1
C1CCC(CC2CCC(CC3CCCCC3C3CCCCC3)CC2)CC1
C1CCC(CC2CCC(C3CCCCC3)CC2)CC1
C1CCC(CC2CCC(CCC3CCC4C(CCC4C4CCCC4)C3)CC2)CC1
C1CCC(CC2CCC(C3CCCCC3)CC2)CC1
C1CCC(CC(C2CCCCC2)C2CCCC(C3CCCCC3)C2)CC1
C1CCC(CCC2CC(CC3CCCCC3)CC(C3CCCCC3)C2)CC1
C1CCC(CC2CCCC(C3CCCCC3)C2)CC1
C1CCC(C2CCCC(C3CCCCC3)C2)CC1
C1CCC(CCCC2CCC(C3CCCCC3)CC2)CC1
C1CCC(CCC2CCCCC2CCCCC2CCC(C3CCCCC3)CC2)CC1
C1CCC(CC2CCC(CC3CCCCC3)CC2)CC1
C1CCC(CC2CCC3C(C4CCCCC4)CC(C4CCCCC4)C3C2)CC1
C1CCC(C2CCCCC2)CC1
C1CCC(CC2CCC(CCCC3CCC(CC4CCC(C5CCC5)CC4)CC3)CC2)CC1
C1CCC(CC2CCCCC2C2CCCCC2)CC1
C(CCCC1CCCC(C2CCCCC2)C1)CCC1CCCC(CC2CCCC(C3CCCCC3)C2)C1
C1CCC(C2CCC(CC3CCC(C4CCCCC4)CC3)CC2)CC1
C1CCC(CC2CC(CC3CCC(CCC4CCCC4)CC3)CC2C2CCCCC2)CC1
C1CCC(CC2CCC(CC3CCCC(C4CCC(C5CCCCC5)CC4)C3)CC2)CC1
C1CCC(C2CCCC(C3CCCC(C4CCC4)C3)C2)CC1
C1CCC(CCC2CCC(C3CCCCC3)CC2)CC1
C1CCC(C2CCCC(CC3CCCC(CC4CCC(C5CCCC5)CC4)C3)C2)CC1
C1CCC(CC2CCCC(C3CCCC(C4CCCCC4)C3)C2)CC1
C1CCC(CCC2CCCC(C3CCCCC3)C2)CC1
C1CCC(C2CCC(C3CCC(C4CCCCC4)CC3C3CCCCC3)C(C3CCCCC3)C2)CC1
C1CCC(CCC2CCC(C3CCC(CC4CCCCC4)CC3)CC2)CC1
C(CCC1CCCC(C2CC3CCCCC3C2)C1)CC1CCC2CCCC2C1
C1CCC(C2CCC(CC3CC3)CC2)CC1
C1CCC(CCCCC2CCCCC2)CC1
C1CCC(CC2CCCC(C3CCCCC3)C2)CC1
C1CCC(C2CCC(C3CCCCC3)CC2)CC1
C1CCC(CC2CCCC(C3CCC(CC4CCCC4)CC3)C2)CC1
C1CCC(CC2CCCCC2CC2CC3CCCCC3C2)CC1
C1CCC(C2CCC(C3CCCCC3C3CCC4CCCC4C3)CC2)CC1
C1CCC(C(CCC2CCCC(CC3CC4CCCCC4C3)C2)C2CCCCC2)CC1
C1CCC(CCC2CC(C3CCCC3)C3CC(C4CCCC5CCCCC54)CCC23)CC1
C1CCC(CC2CCCCC2C2CCCC(CC3CCCC3)C2)CC1
C1CCC(CC2CCC(CC3CCCC(CC4CCCCC4)C3)CC2)CC1
C1CCC(CC2CCCC(C3CCC(C4CCC4)CC3)C2)CC1
C1CCC(C2CCC(C3CCC4CCCCC4C3)CC2)CC1
C1CCC(CCC2CCC(CC3CCCCC3C3CCCCC3)CC2)CC1
C1CCC(CC2CCC(CCCC3CCC(C4CCCCC4)CC3)CC2)CC1
C1CCC(C2CCCCC2)CC1
C1CCC(C2CCCC(C3CCCC(C4CCCC4)C3)C2)CC1
C1CCC(C2CC(C3CCC4CCCCC43)CC3CCC(C4CCC5CCCC5C4)CC32)CC1
C1CCC(C2CCC(C3CCCCC3)CC2)CC1
C1CCC(C2CCCC(C3CCC(CCC4CC4)CC3)C2)CC1
C1CCC(CC2CCC(CC3CCCCC3)CC2)CC1
C1CCC(C2CCC(C3CCCCC3)CC2)CC1
C1CCC(CC2CCC(C3CCCCC3C3CCCCC3)CC2)CC1
C1CCC(CC2CC(C3CCC4CCCCC4C3)C3CC(C4CCC4)CCC23)CC1
C1CCC(CCCC2CCC(CC3CCCCC3)CC2)CC1
C1CCC(C2CC(CC3CCC(C4CCCC4)CC3)C3CCCCC32)CC1
C1CCC(CC2CCC(C3CCCCC3)CC2)CC1
C1CCC(CC2CCCC(CC3CCC(C4CCCCC4)CC3)C2)CC1
C1CCC(CCC2CCC(C3CCCC3)C(C3CCC4CCCC4C3)C2)CC1
C1CCC(CC2CCC(C3CCC(C4CCCC(C5CCCC(C6CCCCC6)C5)C4)CC3)CC2)CC1
C1CCC(CC2CCCC(C3CCCCC3)C2)CC1
C1CCC(CC2CCCC(C3CCCC(CCC4CCCCC4C4CCCC4)C3)C2)CC1
C1CCC(CC2CCC(CC3CCC(C4CCCC(C5CCCC(C6CCCCC6)C5)C4)CC3)CC2)CC1
C1CCC(CCCC2CCCC(C(CC3CCCCC3)C3CCC4CCCCC4C3)C2)CC1
C1CCC(CC2CCC(CCC3CCCC(C4CCCCC4)C3)CC2)CC1
C1CCC(CC2CCC(C3CCCC4CC(C5CCCCC5)CCC43)CC2)CC1
C1CCC(C2CCC(C3CCCC(C4CCCC4)C3)CC2)CC1
C1CCC(C2CC(C3CCC4CCCCC43)CC3CCC(C4CCC5CCCCC5C4)CC32)CC1
C1CCC(C2CCCC(C3CCC4CCCCC43)C2)CC1
C1CCC(CCCC2CCC(CC3CCC(CC4CCC(CC5CC5)CC4)CC3)CC2)CC1
C1CCC(CCCC2CCC(CC3CCCC(C4CCCC(C5CCCCC5)C4)C3)CC2)CC1
C1CCC(CCCC2CCC(CCC3CCC4CCC(C5CCCCC5)C4C3)CC2)CC1
C1CCC(CC2CCCC(CC3CCCC(C4CCCCC4)C3)C2)CC1
C1CCC(CCC2CCC(CC3CCC(CCC4CCCCC4)CC3)CC2)CC1
C1CCC(C2CCC(CC3CC3)CC2)CC1
C1CCC(C2CCCC(C3CCC(C4CC4)CC3CC3CC4CCCCC4C3)C2)CC1
C1CCC(CC2CCCCC2C2CCCCC2)CC1
C1CCC(C2CCC(CC3CCCC(C4CCCCC4)C3)CC2)CC1
C1CCC(C2CCC(CC3CCC(CC4CCC(CC5CCCC5)CC4)CC3)CC2)CC1
C1CCC(CC2CCC(CCC3CCCC(C4CCCCC4)C3)CC2)CC1
C1CCC(CCC2CCC(CC3CCCC(C4CCCC4)C3)CC2)CC1
C1CCC(CC2CCC(CC3CCCCC3C3CCC4CCCC4C3)CC2)CC1
C1CCC(CCC2CCC(CCC3CCC(C4CCC(C5CCCCC5)CC4)CC3)CC2)CC1
C1CCC(CCCCC2CCCCC2C2CCC(C3CC3)CC2C2CCCC2)CC1
C1CCC(CCCC2CCC(CC3CCCCC3)CC2CCCCC2CCCC2)CC1
C1CCC(CC2CCC(CCC3CCCCC3C3CCCCC3)CC2)CC1
C1CCC(C2CCC(CCC3CCCCC3C3CCCCC3)CC2)CC1
C1CCC(C2CCCCC2C2CCCC(C3CCCCC3C3CCCC3)C2)CC1
C1CCC(CCC2CCC(C3CC(CC4CCC4)C4CCCCC43)CC2)CC1
C1CCC(CCCCC2CCC(C3CCCCC3)CC2)CC1
C1CCC(CC2CC(CC3CCCCC3)C3CC(C4CCCCC4)CCC23)CC1
C1CCC(C2CCC(C3CCC(CC4CCCC5CC(C6CCCCC6)CCC45)CC3)CC2)CC1
C1CCC(CC2CCC(CCC3CCC(C4CCCCC4CC4CCCCC4)CC3)CC2)CC1
C1CCC(CC2CCC3C(CCC3C3CCCCC3)C2)CC1
C1CCC(C2CCCC(C3CCCCC3)C2)CC1
C1CCC(CC2CCC(CC3CCC(CCC4CCCC4)CC3)CC2)CC1
C1CCC(CCC2CCCC3CC(C4CCCCC4CC4CCCC4)CCC23)CC1
C1CCC(CCCC2CCC(CC3CCCCC3)CC2)CC1
C1CCC(CC2CCC(CC3CCCCC3)C(C3CCCCC3)C2)CC1
C1CCC(CC2CCC(C3CCCC(C4CCCC(CC5CCC6CCCCC65)C4)C3)CC2)CC1
C1CCC(C2CCCC(C3CCCC(C4CCCCC4)C3)C2)CC1
C1CCC(CCC2CCC(CCC3CCCCC3)CC2)CC1
C1CCC(CCC2CCCC(C3CCCC(C4CCCCC4)C3)C2)CC1
C1CCC(C2CCC(CCC3CCCC(C4CCCCC4)C3)CC2)CC1
C1CCC(CCC2CC(C3CCCCC3)C3CCCCC23)CC1
C1CCC(CC2CCCC(CCCCC3CCCC(CC4CCCC(C5CCCC5)C4)C3)C2)CC1
C1CCC(C2CCC(C3CCC(CC4CC5CCCCC5C4)C(C4CCCCC4)C3)C2)CC1
C1CCC(CC2CCC(CC3CCCCC3CC3CCC(CC4CCCCC4)CC3)CC2)CC1
C1CCC(CC2CCC(CCC3CCCC(C4CCCCC4)C3)CC2)CC1
C1CCC(CC2CCC(CC3CCCCC3C3CCCC(C4CCCC4)C3)CC2)CC1
C1CCC(CC2CCCCC2)CC1
C1CCC(CC2CCCCC2C2CCCC(C3CCCCC3)C2)CC1
C1CCC(CC2CCCCC2C2CCCCC2)CC1
C1CCC(C2CCCC(C3CCCCC3)C2)CC1
C1CCC(C2CCC(CCC3CCCCC3C3CCCCC3)CC2)CC1
C(CCCC1CCC2CCCCC12)CCCC1CCCC(C2CCCCC2)C1C1CCCCC1
C1CCC(C2CCC(C3CCCCC3)CC2)CC1
C1CCC(CC2CCC(C3CCCCC3)CC2)CC1
C1CCC(CC2CCCC(C3CCCC(CC4CCC(C5CCC5)C4)C3)C2)CC1
C1CCC(CCC2CCCC(C3CCCCC3)C2)CC1
C1CCC(CC2CCCCC2)CC1
C1CCC(CCC2CCCC(CC3CCCCC3)C2)CC1
C1CCC(CCC2CCCCC2C2CCCCC2)CC1
C1CCC(C2CC(C3CCCCC3)CC(C3CCC3)C2)CC1
C1CCC(CCC2CCC(CC3CCCCC3)C(CCC3CC4CCCCC4C3)C2)CC1
C1CCC(CCC2CCC(CC3CCCCC3)CC2CC2CCCCC2)CC1
C1CCC(CC2CCC(CC3CCCCC3)CC2)CC1
C1CCC(CC2CCCC(C3CCC(C4CCCC(C5CCCCC5)C4)C3)C2)CC1
C1CCC(C2CCCC(C3CCCC(C4CCC5CCCCC5C4)C3)C2)CC1
C1CCC(CCC2CCCC(CC3CCCCC3C3CC4CCCCC4C3)C2)CC1
C1CCC(CCCCC2CCCC(C3CCCCC3)C2)CC1
C1CCC(CCCCC2CCC3C(CCCC4CCCCC4)CCCC3C2)CC1
C1CCC(C2CCC(C3CCCCC3C3CCCCC3)CC2)CC1
C1CCC(CCC2CCCC(C3CCCC(CC4CCCCC4)C3)C2)CC1
C1CCC(CC2CCCCC2C2CCCCC2)CC1
C1CCC(CC2CCC(CC3CCCC(C4CCCCC4)C3)CC2)CC1
C1CCC(C2CCCC(CCC3CC(CCC4CCC5CCCC5C4)C4CCCCC34)C2)CC1
C1CCC(C2CCC(CC3CCCC(C4CCCC4)C3)CC2)CC1
C1CCC(CCCCC2CCC(CC3CCCCC3)CC2)CC1
C1CCC(CCC2CCC3CCCC(C4CCCCC4)C3C2)CC1
C1CCC(CCC2CCCC(CCC3CCCC(C4CCCCC4)C3)C2)CC1
C1CCC(CC2CCC(C3CCCCC3C3CCCC4CCCCC43)CC2)CC1
C1CCC(CC2CCC3C(CC4CCC(CCC5CC5)CC4)CC(C4CCCCC4)C3C2)CC1
C1CCC(CC2CCC(C3CCC(C4CCC(C5CCCC(C6CCCC6)C5)CC4)C3)CC2)CC1
C1CCC(CC2CCC(C3CCCCC3)CC2C2CCCCC2)CC1
C1CCC(CCC2CCC(CCC3CCCCC3CC3CCCCC3)CC2)CC1
C1CCC(C2CCC(CCCC3CCCC(C4CCCCC4)C3)CC2)CC1
C1CCC(CC2CC(C3CCCCC3C3CCCCC3)C3CCCCC23)CC1
C1CCC(CCCC2CCC(CC3CCCCC3)CC2)CC1
C1CCC(C2CCCC(C3CCC(C4CCCC4)CC3)C2)CC1
C1CCC(C2CCC(C3CCCC(C4CCCCC4)C3)CC2)CC1
C1CCC(CCC2CC(C3CCCCC3)CCC2C2CCCCC2)CC1
C1CCC(C2CCCC(C3CCC(C4CCCCC4CCC4CCC4)CC3)C2)CC1
C1CCC(C2CCC(CC3CCC4C(CCCC4C4CCCCC4)C3)CC2)CC1
C1CCC(CCC2CCCC(CC3CCCCC3)C2)CC1
C1CCC(C2CCC(CCC3CCCCC3CC3CCCC3)CC2)CC1
C1CCC(CC2CCC(CC3CCCCC3)CC2)CC1
C1CCC(CCC2CCC(C3CCCC(CCC4CCC(CC5CCCCC5)CC4)C3)CC2)CC1
C1CCC(C2CCC(C3CCC(CC4CC5CCCCC5C4)CC3)C2)CC1
C1CCC(CCC2CCC(C3CCCCC3)CC2)CC1
C1CCC(CCC2CCCCC2C2CCCCC2)CC1
C1CCC(C2CCC(CC3CCCCC3C3CCCCC3)CC2)CC1
C1CCC(CCCCC2CCC(C3CCC(CC4CCCCC4)CC3)CC2)CC1
C1CCC(CCCC2CCCC(CC3CCCCC3)C2)CC1
C1CCC(CC2CCC3CC(C4CCCCC4C4CCC5CCCCC5C4)CCC23)CC1
C1CCC(C2CC(C3CCCCC3)C(C3CCCCC3)C3CCCC23)CC1
C1CCC(CC2CCCC(C3CCCCC3)C2)CC1
C1CCC(CCCCC2CCC(CC3CCCCC3)CC2)CC1
C1CCC(CCC2CCC(C3CCCCC3)CC2)CC1
C1CCC(CC2CCC(C3CCCCC3)CC2)CC1
C1CCC(CC2CCCC(C3CCCC(C4CCCC(C5CCCCC5)C4)C3)C2)CC1
C1CCC(CCCC2CCC(C3CCCCC3)CC2)CC1
C1CCC(CC2CCCCC2)CC1
C1CCC(C2CCCC(C3CCCC(CC4CCCC4)C3)C2)CC1
C1CCC(C2CCC(C3CCCC(CC4CCCC(C5CCCCC5)C4)C3)CC2)CC1
C1CCC(CC2CCCCC2C2CCCCC2C2CCC3C(CC4CC5CCCCC5C4)CCCC3C2)CC1
C1CCC(CCC2CCCC(CCCCC3CC4CCCCC4C3)C2)CC1
C1CCC(CC2CCCC(C3CCCCC3)C2)CC1
C1CCC(C2CCCCC2C2CCCCC2)CC1
C1CCC2CC(CC3CCC(CC4CCCC(C5CC6CCCCC6C5)C4)CC3)CC2C1
C1CCC(CC2CCCCC2CC2CCC(CC3CCC4CCCCC43)CC2)CC1
C1CCC(CC2CCC(C3CCCCC3)C(CC3CCC3)C2)CC1
C1CCC(CC2CCC(CC3CCC(C4CCCCC4C4CCCCC4)CC3)CC2)CC1
C1CCC(CCCC2CCC(CCC3CCCCC3)C(C3CCCCC3)C2)CC1
C1CCC(CC2CC(C3CCC3)CC(C3CCCC(CC4CCC(CC5CCCC5)CC4)C3)C2)CC1
C1CCC(CC2CC3CCC(C4CCCCC4)CC3C(C3CCCCC3)C2)CC1
C1CCC(C2CCCC(CCC3CC4CCCCC4C3)C2)CC1
C1CCC(CC2CCCC(C3CCCCC3)C2)CC1
C1CCC(CCC2CCCCC2C2CCCCC2)CC1
C1CCC(C2CCCCC2CCC2CCCC(C3CCCC(CCCC4CCC5CCCCC54)C3)C2)CC1
C1CCC(CCCC2CCC(C3CCCCC3)CC2)CC1
C1CCC(C2CCCC(C3CCCC(C(C4CCCCC4)C4CCCCC4)C3)C2)CC1
C1CCC(CCCCC2CC(C3CCCCC3)CCC2C2CCCCC2)CC1
C1CCC(CC2CCCC(CC3CC(C4CCCCC4)CC(C4CCCC4)C3)C2)CC1
C1CCC(C2CCCC(CC3CCC(CC4CCC4)CC3)C2)CC1
C1CCC(CCCC2CCC(C3CCC(CC4CCCCC4)CC3)CC2)CC1
C1CCC(CC2CCC(CCC3CCCC(C4CCC(CC5CCCC(C6CCC6)C5)CC4)C3)CC2)CC1
C1CCC(CCCC2CCCCC2)CC1
C1CCC(CCCC2CCC(C3CCCC(C4CCCCC4)C3)CC2)CC1
C1CCC(CC2CC(CC3CCCCC3)C3CC(C4CCCCC4)CCC23)CC1
C1CCC(CC2CCC(C3CCC(C4CCCCC4)CC3)CC2)CC1
C1CCC(CC2CCC(CC3CC4CCCCC4C3)C2C2CCC(C3CCC(C4CCCCC4)CC3)CC2)CC1
C1CCC(C2CCCCC2)CC1
C1CCC(C2CCCCC2CCC2CC3CCCCC3C2)CC1
C1CCC(CC2CC(CC3CCC4CCCCC43)C3CCCCC23)CC1
C1CCC(C2CCCCC2)CC1
C1CCC(CCCCC2CCC(C3CCCC3)C(C3CCCC(CC4CCCCC4)C3)C2)CC1
C1CCC(CCCCC2CCC(CC3CCC(CC4CCCCC4)CC3)CC2)CC1
C1CCC(CC2CCCC(C3CCCCC3)C2)CC1
C1CCC(C2CCC(CC3CCCCC3C3CCC4CCCCC4C3)CC2)CC1
C1CCC(CCCCC2CCC(CC3CCCCC3)CC2)CC1
C1CCC(C2CCC(C3CCC4CCCCC43)CC2)CC1
C1CCC(C2CCC(CCCC3CCCC(C4CCCCC4)C3)CC2)CC1
C1CCC(CC2CC(C3CCC(C4CCCC4)CC3)C3CCCCC23)CC1
C1CCC(CCC2CCCCC2CC2CCC(CC3CCC(CC4CC4)CC3)CC2)CC1
C1CCC(CC2CCCC(CC3CCC4CCCCC43)C2)CC1
C1CCC(CCCC2CCC(C3CCCCC3)C(C3CCCCC3)C2)CC1
C1CCC(CCC2CCCC3CCC(CC4CCCCC4)C23)CC1
C1CCC(CC2CCCC(C3CCCCC3)C2)CC1
C1CCC(C2CCC(CCC3CCCC4CCCCC43)CC2C2CCCC2)CC1
C1CCC(CCC2CCC(C3CCCCC3)CC2C2CCCC(CC3CCCCC3)C2)CC1
C1CCC(CCC2CCC(CC3CCCCC3)CC2)CC1
C(CCCC1CCCC(CCC2CCCC(CC3CCCCC3)C2)C1)CCC1CCCCC1
C1CCC(CC2CCC(CCCC3CCC(CC4CCCCC4)CC3)CC2)CC1
C1CCC(CCC2CCC(C3CCCCC3)CC2)CC1
C1CCC(CC2CCCCC2CCC2CC(C3CCCC3)CCC2C2CCC3CCCCC3C2)CC1
C1CCC(CCC2CCC(C3CCCCC3)CC2)CC1
C1CCC(C2CCCC(CC3CC(C4CCCCC4)C4CCCCC34)C2)CC1
C1CCC(CCCC2CCCC(CC3CCCCC3)C2)CC1
C1CCC(CC2CCC(C3CC(C4CCCCC4)C4CCCCC34)CC2)CC1
C1CCC(C2CCCC(C3CCCC(C4CCCCC4)C3)C2)CC1
C1CCC(CCC2CCC3CCCCC32)CC1
C1CCC(CC2CCC(CC3CCC(C4CC4)CC3)CC2)CC1
C1CCC(CC2CCC(C3CC4CCCCC4C3)CC2)CC1
C1CCC(CC2CCC3C(CCC3C3CCC(C4CCCC4)CC3)C2)CC1
C1CCC(C2CCC(CCCC3CCCC(C4CCCCC4)C3)CC2)CC1
C1CCC(C2CCC3CC(C4CCC5CCCCC54)CC(C4CCCCC4)C3C2)CC1
C1CCC(C2CCC(C3CCC(C4CCCC(C5CCCCC5)C4)CC3)CC2)CC1
C1CCC(CCCC2CCCC(CC3CCCCC3)C2)CC1
C1CCC(CC2CCC(C3CCC(C4CCCCC4)CC3)C2)CC1
C1CCC(CC2CCCC(C3CCCC(CC4CCCCC4)C3)C2)CC1
C1CCC(C2CCCC(CC3CCC(CCC4CCC(CCC5CCCC5)CC4)CC3)C2)CC1
C1CCC(CC2CCCCC2C2CCCC(CC3CC3)C2)CC1
C1CCC(CCC2CCC(CC3CCCCC3)CC2)CC1
C1CCC(C2CCCC(CCC3CCC4CC(C5CCCCC5)CCC34)C2)CC1
C1CCC(C2CCCC(CC3CCC(C4CCCCC4)C3)C2)CC1
C1CCC(C2CCC3CC(CCCC4CCCC4)CC(C4CCCCC4)C3C2)CC1
C1CCC(C2CCCCC2CCC2CCC(CC3CCC4CCCCC43)CC2)C1
C1CCC(C2CCCCC2)CC1
C1CCC(C2CCCC(CCC3CCCC3)C2)CC1
C1CCC(CC2CCC(C3CCCCC3)CC2)CC1
C1CCC(CCC2CCCC(C3CCC(CC4CCCCC4)CC3)C2)CC1
C1CCC(CCC2CCC(C3CCCCC3C3CCCCC3)CC2)CC1
C1CCC(CC2CCC(C3CCCCC3C3CCCCC3C3CCCC3)C2)CC1
C(CCC1CCCC(C2CCC(C3CCCC(CC4CC4)C3)CC2)C1)CC1CC1
C1CCC(CC2CCC(C3CCCCC3)CC2)CC1
C1CCC(C2CCCCC2C2CCC3CCCC3C2)CC1
C1CCC(C2CCCC(C3CCCC(C4CCCC(C5CCCCC5)C4)C3)C2)CC1
C1CCC(CC2CCCCC2CC2CC3CCCCC3C2)CC1
C1CCC(CCCCC2CCCC(C3CCCCC3)C2)CC1
C1CCC(C2CCC(C3CCCCC3C3CCC4CCCCC4C3)CC2)CC1
C1CCC(CC2CCC(C3CCCCC3)CC2)CC1
C1CCC(C2CCC(CC3CCC(C4CCC(C5CCCCC5)CC4)CC3)CC2)CC1
C1CCC(CC2CCCCC2C2CCCCC2)CC1
C1CCC(CC2CCCCC2CC2CCCCC2)CC1
C1CCC(CCC2CC(CC3CCCC(C4CCCCC4)C3)C3CCCCC23)CC1
C1CCC(C2CCCC(C3CC(C4CCCC4)CC(C4CCC4)C3)C2)CC1
C1CCC(CC2CC(CCCC3CCC4CCCCC4C3)C3CCCCC23)CC1
C1CCC(C2CC(C3CCC(C4CCCC4)CC3)C3CCCCC23)CC1
C1CCC(CCCC2CCC(C3CCC(C4CCCCC4)CC3)CC2)CC1
C1CCC(CC2CCCCC2C2CCC3C(C2)C(CC2CCCCC2)CC3C2CCCCC2)CC1
C1CCC(CC2CCC(C3CCCCC3C3CCCCC3)C(C3CCCCC3)C2)CC1
C1CCC(CC2CC(CC3CCCC(C4CCCCC4)C3)CC(C3CCCCC3)C2)CC1
C1CCC(C2CCCC(C3CCCCC3)C2)CC1
C1CCC(CC2CCC(C3CCCCC3)CC2)CC1
C1CCC(CC2CCC(CC3CC(CC4CCC(C5CCCCC5)CC4)C4CCCCC34)CC2)CC1
C1CCC(C2CCC(CC3CCCCC3C3CCCCC3)CC2)CC1
C1CCC(C2CCC(C3CCCCC3C3CCC4CCCC4C3)CC2)CC1
C1CCC(CCC2CCCC(CCC3CCCCC3)C2)CC1
C1CCC(CCC2CCC(C3CCCC(CC4CCCCC4)C3)C(C3CCC4CCCC4C3)C2)CC1
C1CCC(CC2CCCC(CC3CCC(C4CCCCC4)CC3)C2)CC1
C1CCC(CCCC2CCC(CCCCC3CCCC(C4CCCCC4)C3)CC2)CC1
C1CCC(CCCC2CCC(C3CCC4C(CCC4C4CCCC4)C3)CC2)CC1
C1CCC(C2CCCC(C3CCCCC3)C2)CC1
C1CCC(CC2CCC(CCC3CCCCC3CC3CCC4CCCC4C3)CC2)CC1
C1CCC(CCC2CCC(CC3CCCCC3)CC2)CC1
C1CCC(C2CCC(C3CCC4CC(C5CC5)CCC4C3)CC2)CC1
C1CCC(CC2CCCCC2)CC1
C1CCC(C2CCCCC2C2CCCC(C3CC4CCCCC4C3)C2)CC1
C1CCC(CC2CCCC(C3CCCCC3CCCCC3CC4CCCCC4C3)C2)CC1
C1CCC(CC2CCC(C3CCC(C4CCCCC4)CC3)CC2)CC1
C1CCC(C2CCC(C3CCCCC3)CC2)CC1
C1CCC(CC2CCCC(CCCC3CCC(C4CCCCC4)CC3)C2)CC1
C1CCC(CC2CCCCC2C2CCC2)CC1
C1CCC(CC2CCC(CC3CCC(C4CCCCC4)CC3)CC2)CC1
C1CCC(CCC2CCC(C3CCCCC3)CC2)CC1
C1CCC(CC2CCCC(CC3CCCC(CC4CCCCC4)C3)C2)CC1
C1CCC(CC2CCCC(CC3CCC(CC4CCC4)CC3)C2)CC1
C1CCC(CCC2CCC(C3CCCCC3C3CCCCC3)CC2)CC1
C1CCC(C2CCCC(CC3CCC(CC4CCC(C5CCCCC5)C4)CC3)C2)CC1
C1CCC(CC2CCC(CC3CCCCC3)CC2)CC1
C1CCC(CC2CC(C3CCCC(CC4CCC(C5CCCCC5)CC4)C3)C3CCCCC23)CC1
C1CCC(CC2CCCC(CC3CCC4CCCCC4C3)C2)CC1
C1CCC(CCC2CCC(CC3CCCCC3)CC2)CC1
C1CCC(CCC2CCCC(C3CCCC(CC4CCCCC4)C3)C2)CC1
C1CCC(C2CCCC(CC3CCC(CCC4CC5CCCCC5C4)CC3)C2)CC1
C1CCC(CCCC2CC3CC(C4CCC(CC5CCCCC5)CC4)CCC3C(C3CCC3)C2)CC1
C1CCC(CC2CCCC(C3CCCCC3)C2)CC1
C1CCC(CCC2CC(C3CCCCC3)CC(C3CCCCC3)C2)CC1
C1CCC(CC2CCC(CC3CCCCC3)C(C3CCCC3)C2)CC1
C1CCC(C2CCC(CC3CCC(C4CC4)CC3)CC2)CC1
C1CCC(C2CCC(C3CCCCC3C3CCCCC3)CC2)CC1
C1CCC(C2CCCCC2CCC2CC(C3CCCCC3)C3CCCCC23)CC1
C1CCC(CC2CCCCC2CC2CCCC(C3CCCCC3)C2)CC1
C1CCC(C2CCCC(C3CCCC(CC4CCC5C(CCC5C5CCCCC5)C4)C3)C2)CC1
C1CCC(CCCCC2CCC(CC3CCCCC3)CC2)CC1
C1CCC(CC2CCCC(C3CC(C4CCCCC4)CC(C4CCCC4)C3)C2)CC1
C1CCC(C2CCCC(CC3CC(CCC4CC5CCCCC5C4)CC4CCCCC43)C2)C1
C1CCC(C2CCC(C3CCCCC3)C(C3CCCC3)C2)CC1
C1CCC(CC2CC(CC3CCCCC3)C3CCCCC23)CC1
C1CCC(CC2CCC(C3CCC(C4CCCCC4)CC3C3CCCC3)CC2)CC1
C1CCC(CCCC2CCC(CC3CCCCC3)CC2)CC1
C(CC1CCC(C2CCC3CCCC3C2)CC1)CC1CC2CCCCC2C1
C1CCC(C2CC3CCC(C4CCCCC4)CC3C(C3CCCCC3)C2)CC1
C1CCC(CC2CCC(C3CCCC(CC4CC4)C3)CC2)CC1
C1CCC(CCCC2CCCCC2)CC1
C1CCC(C2CCCCC2C2CCCCC2)CC1
C1CCC(CCC2CCCC(C3CCC(CC4CCCC(C5CCC(C6CC6)CC5)C4)CC3)C2)CC1
C1CCC(C2CCC(CC3CCCC(C4CCCCC4)C3)CC2)CC1
C1CCC(CC2CCCCC2C2CCC(C3CCCCC3)CC2CC2CCC2)CC1
C1CCC(C2CCC(CC3CCCCC3CC3CCCCC3C3CCCCC3)C2)CC1
C(CCC1CCCC(C2CC2)C1)CCC1CCC2CCCCC12
C1CCC(C2CCCC3CC(C4CCCCC4C4CCC(C5CCCC5)CC4)CCC32)CC1
C1CCC(C2CCCC(C3CCCC4CC(C5CCCCC5)CCC43)C2)CC1
C1CCC(CCCC2CCC(C3CCC(C4CCCCC4)CC3)CC2)CC1
C1CCC(C2CCC(CCC3CCCC(CC4CCCC(C5CCCCC5)C4)C3)CC2)CC1
C1CCC(CC2CCC(C3CCCCC3)CC2)CC1
C1CCC(CCCC2CCCC(C3CCC(CCC4CCC(CC5CCCCC5)CC4)CC3)C2)CC1
C1CCC(CC2CCC3CC(C4CCCC5CCCCC54)CC(C4CCCCC4)C3C2)CC1
C1CCC(CCC2CCCC(CCC3CCCCC3)C2)CC1
C1CCC(CCCC2CCC(CCC3CCCCC3)CC2)CC1
C1CCC(C2CCC(C3CCCCC3)C(C3CCC4C(CCC4C4CCCC4)C3)C2)CC1
C1CCC(C2CCCC(CCC3CCCC(C4CCCC(CCC5CCCC5)C4)C3)C2)CC1
C1CCC(CCCC2CC(CC3CCCCC3)CC(C3CCCC3)C2)CC1
C1CCC(CC2CCC(CCC3CCCCC3C3CCC4CCCC4C3)CC2)CC1
C1CCC(CCC2CCC(CC3CCC(CCC4CCCC4)CC3)CC2)CC1
C1CCC(C2CCCC(C3CCC4C(CCC5CC6CCCCC6C5)CCCC4C3)C2)CC1
C1CCC(CCCC2CCCC(CC3CC(C4CCCCC4)CC(C4CCCC4)C3)C2)CC1
C1CCC(CC2CCC(C3CC(CC4CCCC4)C4CCCCC43)CC2)CC1
C1CCC(CCC2CCC(CCC3CC(CCC4CCCCC4)C4CCCCC34)CC2)CC1
C1CCC(C2CCCC(CC3CCC(CC4CCCCC4C4CCCCC4)CC3)C2)CC1
C1CCC(CCCCC2CCC(C3CCCC(CCCC4CCC(CC5CCCCC5)C4)C3)CC2)CC1
C1CCC(CC2CCC(C3CCC(C4CCC5CCCCC54)CC3)CC2)CC1
C1CCC(CC2CCCC(C3CCCCC3)C2)CC1
C1CCC(C2CCCC(C3CCC4CCCC4C3)C2)CC1
C1CCC(C2CC3CCC(CC4CCCC4)CC3C(C3CCCCC3)C2)CC1
C1CCC(C2CCCCC2)CC1
C1CCC(CC2CCCC(C3CCCC3)C2)CC1
C1CCC(CC2CCC(CC3CCC(CC4CCCCC4)CC3)CC2)CC1
C1CCC(CCC2CCCC(C3CCCCC3)C2)CC1
C1CCC(CCC2CCCCC2CC2CCC(CC3CCCCC3)CC2)CC1
C1CCC(CCCCC2CCC(CC3CCCCC3)CC2)CC1
C1CCC(CCC2CCCC(C3CCC(C4CCCCC4)CC3C3CCCC3)C2)CC1
C1CCC(C2CCC(C3CCCC(C4CC(C5CCCCC5)CC(C5CCCC5)C4)C3)CC2)CC1
C1CCC(CC2CCCCC2C2CCCC(CC3CC(CC4CCCC4)C4CCCCC34)C2)CC1
C1CCC(CCCC2CCCCC2C2CCCCC2C2CCCCC2)CC1
C1CCC(CCC2CCC(C3CCCCC3)CC2CC2CCCCC2)CC1
C1CCC(CC2CCC(CC3CCCCC3CC3CCCCC3)CC2)CC1
C1CCC(CC2CCC(C3CCCCC3)CC2)CC1
C1CCC(C2CCC3CC(C4CCC(C5CCCC5)CC4)CCC3C2)CC1
C1CCC(CCC2CC(CCC3CCCC(C4CCCCC4)C3)CC(C3CCCCC3)C2)CC1
C1CCC(CC2CCCC(C3CCC(CC4CCCC4C4CCCCC4)CC3)C2)CC1
C1CCC(CC2CCC(CC3CCC4CCC(C5CCCCC5)C4C3)CC2)CC1
C1CCC(CCC2CCC(C3CCCCC3)CC2)CC1
C1CCC(C2CCC(C3CC3C3CCCC(C4CCC5CCCC5C4)C3)CC2)C1
C1CCC(CC2CCCCC2C2CC(C3CCCC3)C3CCCCC32)CC1
C1CCC(CCCC2CCCCC2CC2CCCCC2)CC1
C1CCC(CCCC(C2CCCC2)C2CCCC(CC3CCCCC3)C2)CC1
C1CCC(CC2CC(C3CCCCC3CC3CCCCC3)C3CCCCC23)CC1
C1CCC(C2CC3CCC(CC4CCCC4)CC3C(C3CCCCC3)C2)CC1
C1CCC(C2CCCC(CC3CCCC3)C2)CC1
C1CCC(C2CCCC(CC3CC3)C2)CC1
C1CCC(CCCC2CCC(CC3CCCCC3)C(CC3CCCCC3)C2)CC1
C1CCC(CC2CCC(C3CCCC(C4CCCC4)C3)CC2)CC1
C1CCC(C2CCC(C3CCCC(CC4CC4)C3)CC2)CC1
C1CCC(CCCC2CC(CC3CCCCC3)CC(C3CCCCC3)C2)CC1
C1CCC(CC2CCCCC2C2CCC(C3CCC4CC(C5CCCCC5)CCC4C3)C2)CC1
C1CCC(CC2CCC(CC3CCC(C4CCC(C5CCCC5)CC4)CC3)CC2)CC1
C1CCC(C2CCCC(C3CCCCC3C3CCCCC3)C2)CC1
C1CCC(CCC2CCC(CCC3CCCCC3)CC2)CC1
C(CCCC1CCC(C2CCCCC2)CC1)CCC1CCCCC1
C1CCC(C2CCCC(C3CCCCC3CC3CCCC(CC4CCCC4)C3)C2)CC1
C1CCC(CC2CCC(CC3CCCCC3)CC2)CC1
C1CCC(CCCC2CCC(CC3CCC(C4CCCCC4)C(CC4CCC4)C3)CC2)CC1
C1CCC(CCC2CCCCC2C2CCCC(C3CC3)C2)C1
C1CCC(C2CCCC(CC3CCC(C4CCCCC4C4CCCCC4)CC3)C2)CC1
C1CCC(CCCC2CCC(C3CCC4CCCC4C3)C(C3CCCCC3)C2)CC1
C1CCC(C2CCC(C3CCCCC3C3CCCCC3)C(C3CCCCC3)C2)CC1
C1CCC(CCCCC2CCC(CCCCC3CCC(CC4CCCCC4)CC3)CC2)CC1
C1CCC(CCC2CCCCC2C2CCCCC2)CC1
C1CCC(CCCC2CCC(CC3CCC(C4CCC(C5CCC5)CC4)CC3)CC2)CC1
C1CCC(C2CCCC(CCCC3CCCCC3CCC3CCCCC3C3CCCC3)C2)CC1
C1CCC(C2CCC(C3CCCC4CC(C5CCCCC5)CCC43)CC2)CC1
C1CCC(C2CCCC(C3CCC(C4CC(C5CCCC5)C5CCCCC45)CC3)C2)CC1
C1CCC(CC2CCCC(CCC3CCCCC3C3CCCCC3)C2)CC1
C1CCC(CC2CCCCC2C2CCC(C3CCCCC3)CC2C2CCCC2)CC1
C1CCC(C2CCCC(CC3CCCC(C4CCCCC4)C3)C2)CC1
C1CCC(C2CCC(CC3CCC(C4CCCCC4)CC3C3CCCCC3)CC2)CC1
C1CCC(C2CCC(CC3CCC(C4CCCC4)CC3)CC2)CC1
C1CCC(CCC2CCC(CC3CCCCC3)CC2)CC1
C1CCC(CC2CCC(C3CCCC(C4CCCCC4)C3)CC2C2CCCCC2)CC1
C1CCC(CCCC2CCCC(C3CCCCC3)C2)CC1
C1CCC(C2CCC(C3CCCC(C4CCCCC4)C3)CC2)CC1
C1CCC(CC2CCCC(C3CCCCC3)C2)CC1
C1CCC(CC2CCCCC2C2CC(C3CCCCC3)CC(C3CCCC3)C2)CC1
C1CCC(C2CCC(C3CCCCC3)CC2)CC1
C1CCC(CC2CCCC(CC3CCCCC3)C2)CC1
C1CCC(CC2CC(CC3CCCC(C4CCCCC4)C3)C3CCCCC23)CC1
C1CCC(CCCC2CCC(CC3CCC(C4CCC5CCCCC5C4)CC3)CC2)CC1
C1CCC(C2CCC(CCC3CCCC(C4CCCCC4)C3)CC2)CC1
C1CCC(C2CCC(C3CCC(C4CCCCC4)CC3)CC2)CC1
C1CCC(C2CCCC(C3CCCCC3)C2)CC1
C1CCC(CCCC2CCCCC2CC2CCC(CC3CCCCC3)CC2)CC1
C1CCC(CC2CCC(CC3CCCC3)CC2)CC1
C1CCC(C2CCCC(C3CCCC(CC4CCC5CCCCC5C4)C3)C2)CC1
C1CCC(CCC2CCC(CC3CCC(C4CCCC4)CC3)C(CC3CCCCC3)C2)CC1
C1CCC(C2CCCC(CCC3CC4CCCCC4C3)C2)CC1
C1CCC(C2CCCCC2C2CCC3C(CCCC3C3CCCCC3)C2)CC1
C1CCC(CCC2CCCCC2C2CCCCC2)CC1
C1CCC(CCC2CCC(CC3CCCCC3C3CCCCC3)CC2)CC1
C1CCC(C2CCCC(CCCC3CC(C4CCCCC4)CC(C4CCCCC4)C3)C2)CC1
C1CCC(CCC2CCC(C3CCCCC3CC3CCCCC3)CC2)CC1
C1CCC(CCC2CCCCC2C2CCC3CCC(C4CCCCC4)CC3C2)CC1
C1CCC(CC2CCCC(C3CCCC(C4CCC(CCC5CCCC5)CC4)C3)C2)CC1
C1CCC(CCC2CCCCC2)CC1
C1CCC(CC2CCC(C3CCCCC3)C(CC3CCCC(C4CCCC4)C3)C2)CC1
C1CCC(C2CCC(C3CCCCC3)C(C3CCCCC3)C2)CC1
C1CCC(C2CCCCC2C2CCCC(C3CC3)C2)CC1
C1CCC(C2CCCC(CCCC3CCCC(C4CCCCC4)C3)C2)CC1
C1CCC(C2CCCC(C3CCCC(CC4CC5CCCCC5C4)C3)C2)C1
C1CCC(CCC2CCCCC2C2CCCC3CC(CC4CC5CCCCC5C4)CCC32)CC1
C1CCC(CCC2CCC(CC3CCC(CC4CCCCC4)C3)CC2)CC1
C1CCC(C2CCC(C3CCC(C4CCCCC4)CC3)CC2)CC1
C1CCC(CCCC2CCCC(CC3CCCCC3C3CCCCC3)C2)CC1
C1CCC(CC2CC(C3CCC(C4CCCCC4)CC3)CCC2C2CCCCC2)CC1
C1CCC(CCCCC2CCCCC2C2CCC(C3CCCCC3)CC2)CC1
C1CCC(CC2CCC(C3CCCC(C4CCCCC4)C3)CC2)CC1
C1CCC(CCCC2CCCCC2C2CCC(CCCC3CCC(C4CCCCC4)CC3)CC2)CC1
C1CCC(CCCC2CCC(C3CCCC3)C(C3CCCCC3)C2)CC1
C1CCC(CC2CCCCC2C2CCCCC2C2CCCC2)CC1
C1CCC(CC2CCC(C3CCCCC3)CC2)CC1
C1CCC(CCCCCC2CC(C3CCCCC3)C3CCCCC23)CC1
C1CCC(CCC2CCCC(C3CCC4CCCC4C3)C2)CC1
C1CCC(C2CCCCC2C2CCCCC2C2CCC3CCCC3C2)CC1
C1CCC(C2CCCCC2C2CCCCC2C2CCCC2C2CCCC2)C1
C1CCC(CC2CCC(CC3CCCC(C4CCCCC4)C3)CC2)CC1
C1CCC(CC2CCC(C3CCC(C4CCCC4)CC3)CC2)CC1
C1CCC(C2CCCC(C3CCCC(C4CCCCC4)C3C3CCCCC3)C2)CC1
C1CCC(CC2CCCCC2C2CCCC2C2CCC(C3CCCCC3)CC2)CC1
C1CCC(C2CCC(C3CCCCC3)CC2)CC1
C1CCC(C2CCC(C3CCC4CCCCC4C3)CC2)CC1
C1CCC(CC2CCCC(C3CCCCC3CC3CCCCC3)C2)CC1
C1CCC(CC2CCCCC2C2CCC3C(CCC4CCCC(CC5CCC(C6CCCCC6)CC5)C4)CCCC3C2)CC1
C(CC1CC2CCCCC2C1)CC1CCCC(C2CCCCC2C2CCCC2)C1
C1CCC(CC2CCCCC2)CC1
C1CCC(C2CCCC(C3CCCC(C4CCCC4)C3)C2)CC1
C1CCC(C2CCC(CC3CCCC(C4CCCC(C5CCCCC5)C4)C3)CC2)CC1
C1CCC(CC2CCC(C3CCC(C4CC4)CC3C3CCCCC3)CC2)CC1
C1CCC(CCCCC2CCCC(C3CCCCC3)C2)CC1
C1CCC(C2CC(C3CCC(C4CCCC4)CC3)C3CCCCC23)CC1
C1CCC(CCCC2CCC(C3CCCCC3)CC2)CC1
C1CCC(C2CCCC(C3CCC(CC4CCC(C5CCCC5)CC4)CC3)C2)CC1
C1CCC(CC2CC(C3CCCCC3)C3CCC(CC4CCCC4)CC23)CC1
C1CCC(CC2CCC(C3CCCC(C4CCCCC4)C3)CC2)CC1
C1CCC(CC2CCC(CC3CCC(C4CCCCC4)CC3)CC2)CC1
C1CCC(C2CCCCC2CC2CC(CC3CCC4CCCCC43)CC3CCCCC32)CC1
C1CCC(CCCCC2CCCC(CC3CCCCC3)C2)CC1
C1CCC(CC2CCCC(C3CC4CCCCC4C3)C2)CC1
C1CCC(CC2CCCCC2CCCC2CCC(C3CCCCC3)CC2)CC1
C1CCC(CC2CCC(CC3CCC(CC4CCCCC4)CC3)CC2)CC1
C1CCC(C2CCC(C3CCCCC3)CC2)CC1
C1CCC(CC2CCCC(C3CCCCC3)C2)CC1
C1CCC(CC2CCC(CC3CCCC(CC4CC5CCCCC5C4)C3)CC2)CC1
C1CCC(CCC2CCCC3CC(C4CCC(C5CCCCC5)CC4)CCC23)CC1
C1CCC(C2CCCC(C3CCC(CC4CCCC4)C(C4CCCCC4)C3)C2)CC1
C1CCC(C2CCC(C3CCCCC3)CC2)CC1
C1CCC(CCC2CCC(CC3CCCC3)CC2)CC1
C1CCC(C2CCC(C3CCCC3)CC2)CC1
C1CCC(CCC2CCC(CC(CC3CCCCC3)C3CCCCC3)CC2)CC1
C1CCC(CCCC2CCCC(C(C3CCCCC3)C3CCCC3)C2)CC1
C1CCC(CC2CCC(CC3CCCCC3)CC2)CC1
C1CCC(C2CCC(C(C3CCCCC3)C3CCCCC3)CC2)CC1
C1CCC(CC2CCC(CCC3CCCC3)C(CC3CCC(C4CCCCC4)C3)C2)CC1
C1CCC(CCC2CC(C3CCC(C4CCCCC4)CC3)C3CCCCC23)CC1
C1CCC(CCCCC2CC(CCCCCCC3CCC4CCCCC4C3)C3CCCCC23)CC1
C1CCC(CC2CCCCC2)CC1
C1CCC(CCC2CC(C3CCCCC3)C3CCCCC23)CC1
C1CCC(CC2CCCC(C3CCCC(C4CCCC4)C3)C2)CC1
C1CCC(CCCCCC2CCCCC2C2CCCCC2)CC1
C1CCC(CCC2CCC(C3CCCCC3)CC2)CC1
C1CCC(CCC2CCC(CC3CC(C4CCCCC4)CC(C4CCCC4)C3)CC2)CC1
C1CCC(CC2CCCCC2)CC1
C1CCC(CC2CC(CCC3CCC(C4CCCCC4)CC3)C3CCCCC23)CC1
C1CCC(CC2CCC3CCC(C4CCCCC4)C3C2)CC1
C1CCC(CC2CCCCC2CC(CC2CCCCC2)C2CCCCC2)CC1
C1CCC(CCC2CCCC(C3CCCC(CCC4CCCCC4)C3)C2)CC1
C1CCC(C2CCCCC2CC2CCC3C(CCC3C3CCCCC3)C2)CC1
C1CCC(CC2CCC(CCCC3CCCC(C4CCCC4)C3)CC2)CC1
C1CCC(CCC2CCCCC2C2CCCC(C3CCCC(CC4CCCCC4)C3)C2)CC1
C1CCC(CCCC2CCC(CC3CCCCC3)CC2)CC1
C1CCC(C2CC(CCC3CCC(C4CCCCC4C4CCCC4)CC3)C3CCCCC32)CC1
C(CCCC1CCCCC1)CCC1CCCCC1
C1CCC(CC2CC(C3CCC4CCCCC4C3)C3CCCCC23)CC1
C1CCC(CC2CC(C3CCCCC3)CC(C3CCC(C4CCCCC4)C3)C2)CC1
C1CCC(C2CCCCC2C2CCCC2)CC1
C1CCC(CC2CCC(C3CCCC3)CC2C2CCC3CCCC3C2)CC1
C1CCC(CCC2CCCCC2C2CCC3CCCC3C2)CC1
C1CCC(CCC2CCC(CCCC3CC4CCCCC4C3)CC2)CC1
C1CCC(C2CCC(CCCC3CCCC(C4CCCCC4)C3)CC2)CC1
C1CCC(C2CCC(CCCC3CC(C4CCCCC4)CC(C4CCC4)C3)CC2)CC1
C1CCC(C2CCCC(CCC3CCC(C4CCC(C5CCCC(C6CCCCC6)C5)CC4)CC3)C2)CC1
C1CCC(C2CCCCC2C2CCCCC2C2CCCC2)CC1
C1CCC(CC2CCCC(C3CCCCC3)C2)CC1
C1CCC(CC2CCC3CCCC(C4CCCCC4)C3C2)CC1
C1CCC(C2CCCC(CC3CCC(C4CCC4)CC3)C2)CC1
C1CCC(C2CCCCC2)CC1
C1CCC(CCC2CCC(CCC3CCCCC3)CC2)CC1
C1CC2CCC(C3CCCCC3CCC3CCCCC3C3CCC4CCCCC43)CC2C1
C1CCC(CCCC2CCC(C3CCCC(CCC4CC5CCCCC5C4)C3)CC2)CC1
C1CCC(C2CC(C3CCC4CCCC(CCCC5CCCC5)C43)CC3CCCCC32)CC1
C1CCC(CC2CCC(C3CCCCC3)CC2)CC1
C1CCC(CC2CCC(C3CCCCC3CC3CC4CCCCC4C3)CC2)CC1
C1CCC(CCC2CCC(C3CCCCC3)CC2)CC1
C1CCC(C2CCCC(C3CCCCC3C3CCCC(C4CCCCC4)C3)C2)CC1
C1CCC(CC2CCC(CCCCCC3CCCC(C4CCCCC4C4CCCCC4)C3)CC2)CC1
C1CCC(CCCC2CCCC(C(C3CCCCC3)C3CC4CCCCC4C3)C2)CC1
C1CCC(CC2CCCC(C3CCCC(CC4CCCC(C5CCCCC5)C4)C3)C2)CC1
C1CCC(CCCCC2CCC(C3CCC(C4CCCCC4)CC3)CC2)CC1
C1CCC(C2CCCC(C3CC(C4CCCCC4)CC(C4CCCC4)C3)C2)CC1
C1CCC(CCC2CCC(C3CCCCC3)CC2)CC1
C1CCC(CCC2CCC(CCC3CCCCC3)CC2)CC1
C1CCC(CCCC2CCCC(C3CC(CCC4CCCC(C5CCCCC5)C4)CC(C4CCC4)C3)C2)CC1
C1CCC(CCC2CCC(C3CCCC(C4CCCCC4)C3)CC2)CC1
C1CCC(CC2CCCC(CC3CC4CCCCC4C3)C2)CC1
C1CCC(C2CCCCC2C2CCCC(CC3CCCCC3C3CCC4CCCCC4C3)C2)CC1
C1CCC(C2CCC(CCC3CCCC(C4CCCCC4)C3)CC2)CC1
C1CCC(CC2CCC(C3CCCCC3C3CCCCC3)CC2)CC1
C1CCC(CCCC2CCC(CC3CCC4CCCC4C3)CC2)CC1
C1CCC(CCC2CCC(CC3CCCCC3)CC2)CC1
C1CCC(CC2CCC(C3CCCC(CC4CCCCC4)C3)CC2)CC1
C1CCC(CC2CCCC(CC3CC4CCCCC4C3)C2)CC1
C1CCC(C2CCC(CCC3CCC(C4CCCCC4)CC3)CC2)CC1
C1CCC(CC2CCC(CC3CCC4CCCCC43)CC2)CC1
C1CCC(CC2CCC(CCC3CCC(CC4CCC(CC5CCCCC5)CC4)CC3)CC2)CC1
C1CCC(CC2CCCC(C3CCCCC3)C2)CC1
C1CCC(C2CCCC(C3CCC4CCCC(C5CCCCC5)C4C3)C2)CC1
C1CCC(CC2CCC(C3CCC(CC4CCCCC4)C3)CC2)CC1
C1CCC(CC2CCC(C3CCCCC3)CC2)CC1
C1CCC(CC2CCCCC2)CC1
C1CCC(CCC2CCC(C3CCCCC3C3CCCCC3)CC2)CC1
C1CCC(C2CCCCC2CC2CCCC(C3CC4CCCCC4C3)C2)CC1
C1CCC(CCCC2CCC(CCC3CCCC(C4CCCCC4)C3)CC2)CC1
C1CCC(C2CCC(CC3CCCCC3C3CCCC3)CC2)CC1
C1CCC(CC2CCC(CC3CCCCC3C3CCC4CCCC4C3)CC2)CC1
C1CCC(CCC2CCC(CC3CCCCC3)CC2)CC1
C1CCC(CCCC2CCC(C3CCCCC3)CC2)CC1
C(CCCC1CCC(C2CCCC(CC3CCC4CCCCC43)C2)CC1)CCC1CCCCC1
C1CCC(CC2CCCC(CC3CCCC4CCCCC43)C2)CC1
C1CCC(C2CCCCC2CC2CCC(CC3CC3)CC2)CC1
C1CCC(CC2CCC(CC3CCC(C4CCCC4)CC3)CC2)CC1
C1CCC(CC2CCC(CCC3CCCC3C3CCCCC3)CC2)CC1
C1CCC(CCCC2CCCCC2CCC2CCCCC2)CC1
C1CCC(CC2CC(CC3CCCC(C4CCCC(C5CCCCC5)C4)C3)C3CCCCC23)CC1
C1CCC(C2CCC(C3CCCC(C4CCCCC4)C3)CC2)CC1
C1CCC(CC2CCCC(C3CCC(CCC4CCCC5CCCCC54)CC3)C2)CC1
C1CCCCC1
C1CCC(CCC2CCCCC2C2CCC(CC3CCC4CCCC4C3)CC2)CC1
C1CCC(CC2CCCCC2C2CCCCC2)CC1
C1CCC(C2CCC(C3CCCC(C4CCCCC4)C3)CC2)CC1
C1CCC(CCC2CCC(CC3CCCCC3)CC2)CC1
C1CCC(CCC2CCCC(C3CCC(C4CCC(CC5CCCCC5)CC4)CC3)C2)CC1
C1CCC(C2CCCC(CC3CC(C4CCCCC4)C4CCCCC34)C2)CC1
C1CCC(CC2CCC(CCCC3CCC(C4CCCCC4)CC3)CC2)CC1
C1CCC(CC2CCCC(C3CCCC(C4CCCC4)C3)C2)CC1
C1CCC(CC2CCCC(C3CCC4CCCC4C3)C2)CC1
C1CCC(CC2CCCCC2CC2CCC(C3CCCCC3)C2)CC1
C1CCC(C2CCCCC2)CC1
C1CCC(CCC2CC(CC3CC4CCCCC4C3)C3CCCCC23)CC1
C1CCC(C2CCC(C3CCCCC3)C(C3CCCC(CC4CC4)C3)C2)CC1
C1CCC(CC2CCC(CC3CCCCC3)CC2)CC1
C1CCC(C2CCCC(CCC3CCC4CCCCC43)C2)CC1
C1CCC(C2CCC(CC3CCC(C4CC4)CC3)CC2)CC1
C1CCC(CC2CCCC(CCCC3CC(CC4CCCCC4)C4CCCCC34)C2)CC1
C1CCC(C2CCCCC2)CC1
C1CCC(C2CCCC(C3CC(C4CCC(C5CCCCC5)C4)C4CCCCC34)C2)CC1
C1CCC(C2CCCCC2)CC1
C1CCC(CC2CCC(CCCC3CCCC(CC4CCCCC4)C3)CC2)CC1
C1CCC(C2CCCC(CC3CCCC(C4CCCC(C5CCCCC5)C4)C3)C2)CC1
C1CCC(CC2CCC(C3CCCCC3)CC2C2CCCC2)CC1
C1CCC(CC2CCC(C3CCC(C4CCCC4)CC3)CC2)CC1
C1CCC(C2CCCCC2)CC1
C1CCC(C2CCCC(C3CC4CCCCC4C3)C2)CC1
C1CCC(CC2CCC(CCC3CCCC(C4CCCCC4)C3)CC2)CC1
C1CCC(C2CCCC(C3CCCCC3)C2)CC1
C1CCC(CC2CCCC(C3CCCCC3)C2)CC1
C1CCC(CC2CCC(CCC3CCCCC3CC3CCCCC3)CC2)CC1
C1CCC(CCC2CCC(C3CCCCC3)CC2)CC1
C1CCC(CCCCC2CC(C3CCC(C4CCCCC4)CC3)C3CCCCC23)CC1
C1CCC(C2CCCC(C3CCCCC3)C2)CC1
C1CCC(C2CCCCC2C2CCC3CCCCC3C2)CC1
C1CCC(C2CCC3C(CCCC3C3CCCC(CC4CCC(CC5CC5)CC4)C3)C2)CC1
C1CCC(CCC2CCCC(C3CCC(C4CCCCC4)CC3)C2)CC1
C1CCC(CCC2CCC(CCCCC3CCCCC3C3CCCCC3)CC2)CC1
C1CCC(C2CCCC(C3CCC(C4CCCCC4)C3)C2)CC1
C1CCC(C2CCCCC2CCCC2CCCCC2C2CCCCC2)CC1
C1CCC(CCC2CCC(CC3CCC(CC4CCCCC4)CC3)CC2)CC1
C1CCC(CC2CC(CCC3CCC(C4CC5CCCCC5C4)CC3)CCC2C2CCCCC2)CC1
C1CCC(CCCC2CCCCC2C2CCC3C(CCCC3C3CCCCC3)C2)CC1
C1CCC(C2CCCCC2)CC1
C1CCC(CC2CCC(CCC3CCC(C4CCCCC4)CC3)CC2)CC1
C1CCC(CCC2CCC(CC3CCCCC3)CC2)CC1
C1CCC(CC2CCC(C3CCCC(C4CCCCC4)C3)CC2)CC1
C1CCC(C2CCCC(C3CCCC(C4CCCCC4)C3)C2)CC1
C1CCC(C2CCC(C3CCCCC3)CC2)CC1
C1CCC(CCCCC2CC(CC3CCCCC3)CCC2CC2CCCCC2)CC1
C1CCC(CC2CCC(C3CCCCC3)CC2)CC1
C1CCC(C2CCC(CC3CCCC(C4CCCC(C5CCCCC5)C4)C3)CC2)CC1
C1CCC(CC2CCCCC2)CC1
C1CCC(CCCCCC2CCCC(C3CCC(C4CCCC4)CC3)C2)CC1
C1CCC(CCCC2CCCCC2C2CCCC2)CC1
C1CCC(CCC2CCC(CC3CCC(CC4CCCCC4)CC3)CC2)CC1
C1CCC(C2CCC(C3CCCCC3C3CCCCC3)CC2)CC1
C1CCC(C2CCCCC2)CC1
C1CCC(CCC2CCC(CC3CCCC(C4CCCC(C5CCCC5)C4)C3)CC2)CC1
C1CCC(CCCC2CCCC(C3CCC(C4CCC4)CC3)C2)CC1
C1CCC(C2CCCCC2C2CCCCC2C2CCCC2)CC1
C1CCC(CCC2CCCC(CC3CCC4CCC(C5CCCCC5)CC43)C2)CC1
C1CCC(C2CCC(C3CCCC(CC4CC4)C3)CC2)CC1
C1CCC(CCCCC2CCC(CC3CCC(C4CCC(C5CCCCC5)CC4)CC3)CC2)CC1
C1CCC(CCCC2CCCCC2)CC1
C(CCCC1CCC(C2CCC(C3CCCCC3)CC2)CC1)CCC1CCCCC1
C1CCC(CCC2CCCCC2CC2CCCCC2)CC1
C1CCC(CCC2CCCCC2C2CCC(CC3CCC3)CC2)CC1
C1CCC(CC2CCC(C3CCCC(CCC4CC5CCCCC5C4)C3)CC2)CC1
C1CCC(CC2CCC3CC(CC4CCCC(C5CCC(CCCC6CCCC6)CC5)C4)CCC23)CC1
C1CCC(CCC2CCC(C3CCCC3)CC2)CC1
C1CCC(CC2CCC(CC3CCC(CCC4CCCC4)CC3)CC2)CC1
C1CCC(CC2CCC(CC3CCCC(CC4CC4)C3)CC2)CC1
C1CCC(C2CCC(CCCCC3CCCC(C4CCC4)C3)CC2)CC1
C1CCC(C2CCC(C3CCCCC3CCC3CCCCC3C3CCCCC3)C2)CC1
C1CCC(C2CCC(CC3CCCCC3CC3CC4CCCCC4C3)CC2)CC1
C1CCC(CC2CC(CC3CCCC(C4CCCCC4)C3)C3CCCCC23)CC1
C1CCC(C2CCC(C3CCC(C4CCC5CCCCC54)CC3)C2)CC1
C1CCC(CCCCC2CC(CCCC3CCC4CCCC4C3)CC(CC3CCCC3)C2)CC1
C1CCC(C2CCC(CC3CCC(CC4CC5CCCCC5C4)CC3)CC2)CC1
C1CCC(CC2CCC(CC3CCCCC3)CC2)CC1
C1CCC(CCC2CCC(C3CCCC(C4CCCCC4)C3)CC2)CC1
C1CCC(CCC2CCC(C3CCCCC3C3CCCCC3)CC2)CC1
C1CCC(CC2CCC(C3CCC(CC4CCC5CCCC5C4)CC3)CC2)CC1
C1CCC(CC2CCCCC2CC2CCCC3CCCCC32)CC1
C1CCC(CC2CCCC(C3CCC(C4CCCC4)CC3)C2)C1
C1CCC(CCC2CCCC(CC3CCCCC3)C2)CC1
C1CCC(C2CCCCC2CCCC2CCC(C3CCCC3)CC2)CC1
C1CCC(CC2CCC(C3CCCCC3)C(C3CCCCC3)C2)CC1
C1CCC(CC2CCC(C(C3CCCCC3)C3CCC(CCCC4CCC5CCCC5C4)CC3)CC2)CC1
C1CCC(CCCCC2CCCC(CCC3CCCCC3)C2)CC1
C1CCC(CC2CCCC(C3CCCC(CC4CCC5CCCCC54)C3)C2)CC1
C1CCC(CC2CCCC(C3CCC(CCCC4CCC5CCCCC54)CC3)C2)C1
C1CCC(CC2CCCC(CC3CC(C4CCC(CC5CCCCC5)C(CC5CC5)C4)C4CCCCC34)C2)CC1
C1CC(CC2CC3CCCCC3C2)CC(C2CCC(C3CCC(C4CCC5CCCCC54)CC3)CC2)C1
C1CCC(CC2CCCC(CC3CCCC(C4CC4)C3)C2C2CCCCC2)CC1
C1CCC(CC2CC(CC3CCCCC3)CC(C3CCCCC3)C2)CC1
C1CCC(C2CC3CCCCC3C(C3CCCCC3)C2)CC1
C1CCC(CCC2CCC(C3CCCCC3C3CC(CC4CCCCC4)C4CCCCC43)CC2)CC1
C1CCC(CCC2CCCC(C3CCCCC3)C2)CC1
C1CCC(CC2CCC(CC3CCCCC3)CC2)CC1
C1CCC(CC2CCC(C3CCC(C4CCCC(C5CCC5)C4)CC3)CC2)CC1
C1CCC(CCCCC2CCC(CC3CCC4CCC(CC5CCCCC5)CC43)CC2)CC1
C1CCC(C2CCCC(C3CCCC4CCCCC43)C2)CC1
C1CCC(CC2CCCCC2C2CCCCC2CC2CCCC2)CC1
C1CCC(CCC2CCC(C3CCCC4CCCCC43)CC2)CC1
C1CCC(C2CCCC(C3CCCCC3)C2)CC1
C1CCC(CC2CCCC(C3CCCCC3C(CC3CCCCC3)CC3CCCC3)C2)CC1
C1CCC(CC2C(C3CCCCC3)CCCC2C2CCCC2)CC1
C1CCC(CCCCC2CCC(C3CCC(C4CCC5CCCCC5C4)CC3)CC2)CC1
C1CCC2CC(C3CCCCC3CCC3CCC4CCCC4C3)CCC2C1
C1CCC(CC2CCCC(C3CCCC4CC(C5CCCCC5)CCC43)C2)CC1
C1CCC(CCCC2CCC(CC3CCC(C4CCCCC4)CC3)CC2)CC1
C1CCC(C2CCCC(CC3CC(CCC4CC5CCCCC5C4)C4CCCCC34)C2)CC1
C1CCC(CCCC2CCC(CC3CCCCC3)CC2)CC1
C1CCC(CC2CCC(C3CCCCC3)CC2)CC1
C1CCC(C2CCCC(C3CC(C4CCCCC4)CC(C4CCC4)C3)C2)CC1
C1CCC(C2CCC(CCCC3CC4CCCCC4C3)CC2)CC1
C1CCC(CCC2CCC(C3CCCCC3)C(C3CCC(CC4CCCCC4)CC3)C2)CC1
C1CCC(C2CCC3CCC(CC4CCC(CCC5CCCC5)CC4)CC3C2)CC1
C1CCC(C2CCCC(CC3CCCC(C4CC4)C3)C2C2CCCCC2)CC1
C1CCC(CC2CCCC(C3CCCCC3)C2)CC1
C1CCC(CC2CCC(CCC3CCCCC3CC3CCCCC3)CC2)CC1
C1CCC(CCC2CCCCC2CC2CCCCC2)CC1
C1CCC(CC2CCC(C3CCCCC3)C(C3CCCCC3)C2)CC1
C1CCC(CC2CCC(C3CCCCC3C3CCC4CCCCC4C3)CC2)CC1
C1CCC(CC2CCC(CC3CCC(C4CCCC(CC5CCCCC5)C4)CC3)CC2)CC1
C1CCC(CCC2CCCC(CCC3CCCCC3)C2)CC1
C1CCC(CCCCC2CCC(CC3CCC(C4CCCCC4)CC3)CC2)CC1
C1CCC(C2CCCC(C3CCCC(C4CCCCC4)C3)C2)CC1
C1CCC(CCCC2CC3CCC(C4CCCCC4)CC3C(C3CCCCC3)C2)CC1
C1CCC(C2CCC(C3CCCC(CCC4CCCC(C5CC5)C4)C3)CC2)CC1
C1CCC(C2CCC3CCCC(C4CCCCC4)C3C2)CC1
C1CCC(CCCC2CC(C3CCCC(CC4CCCCC4)C3)C3CCCCC23)CC1
C1CCC(C2CCC(CC3CC(C4CCCCC4)CCC3C3CC(C4CCCCC4)C4CCCCC43)CC2)CC1
C1CCC(CC2CC(C3CCCCC3)C3CC(CC4CCCCC4C4CCCC4)CCC23)CC1
C1CCC(CCCCC2CCC(CC3CCCCC3)CC2)CC1
C1CCC(CC2CCC(C3CCCC(CC4CCCC(CC5CCCCC5)C4)C3)CC2)CC1
C1CCC(CCCC2CC(C3CCCC4CCCCC43)CCC2CCC2CC(CC3CCCCC3)C3CCCCC23)CC1
C(CC1CC2CCCCC2C1)CC1CCC(CC2CC2)C(C2CCC3CCCC3C2)C1
C1CCC(C2CCC(CC3CCCC(C4CCCCC4)C3)CC2)CC1
C1CCC(C2CCCC(C3CCCCC3)C2)CC1
C1CCC(C2CCCC(C3CCCCC3)C2)CC1
C1CCC(C2CCCC(CC3CCCC(C4CCC5CCCCC5C4)C3)C2)C1
C1CCC(CCCC2CCCC(CCC3CCC(C4CCCCC4)CC3)C2)CC1
C1CCC(CCC2CCC(CC3CCC(CCC4CCCC4)CC3)CC2)C1
C1CCC(CC2CCC(CC3CCCCC3)CC2)CC1
C1CCC(C2CCCC(C3CCCCC3)C2)CC1
C1CCC(CCCC2CCCCC2C2CCCCC2)CC1
C1CCC(CCCC2CCC(C3CCCC(CC4CCCCC4)C3)CC2)CC1
C1CCC(CC2CCC(CC3CCC(CC4CC5CCCCC5C4)CC3)CC2)CC1
C1CCC(CC2CCCC(C3CCCC(C4CCCCC4)C3)C2)CC1
C1CCC(C2CCCC(CC3CCCC(C4CCC(CC5CC5)CC4)C3)C2)CC1
C1CCC(CC2CCC(CC3CCC(C4CCCC4CC4CCCCC4)CC3)CC2)CC1
C1CCC(C2CCCCC2C2CCCC2C2CCCCC2CCCC2CCC3CCCCC3C2)CC1
C1CCC(CCC2CCC3CC(C4CCC(C5CCCCC5)CC4)CC(C4CCCCC4)C3C2)CC1
C1CCC(CCC2CCC(CC3CCC(C4CCC(CC5CCCC5)CC4)CC3)CC2)CC1
C1CCC(C2CCCCC2C2CCCCC2C2CCC(C3CCC4C(CC5CCCC5)CCC4C3)CC2)CC1
C1CCC(CC2CCC(C(C3CCCCC3)C3CCCCC3)CC2)CC1
C1CCC(C2CCCCC2)CC1
C1CCC(C2CC3CCC(C4CCCCC4)CC3C(C3CCCCC3)C2)CC1
C1CCC(CC2CCCCC2CC2CCCCC2CC2CCC(CC3CCC(C4CCCC4)CC3)CC2)CC1
C1CCC(CCC2CCC(CCCC3CCC(CC4CCCCC4)CC3)CC2)CC1
C1CCC(C2CCC3C(CCC3C3CCCCC3)C2)CC1
C1CCC(CC2CCC(C3CCCCC3)C(C3CCCCC3)C2)CC1
C1CCC(CCC2CCCC(C3CCCCC3)C2)CC1
C(CCC1CCC(C2CCCC2)CC1)CCC1CC(CCCC2CC3CCCCC3C2)C2CCCCC12
C1CCC(C2CCC(CCC3CCCCC3C3CCCCC3)C(CCCC3CCCC3)C2)CC1
C1CCC(C2CCCCC2C2CCC3CCCC3C2)CC1
C1CCC(CCCC2CCC(C3CCCCC3CCCC3CCCCC3)CC2)CC1
C1CCC(CCCC2CCCC(C3CCC(CCCCC4CC4)CC3)C2)CC1
C1CCC(C2CCC(CC3CCC(CC4CCC(C5CCCC6CCCCC65)CC4)CC3)CC2)CC1
C1CCC(CC2CCCC(C3CCCCC3)C2)CC1
C1CCC(CCCC2CCCCC2C2CCC(CCC3CCCCC3)CC2)CC1
C1CCC(C2CCCCC2C2CCC3C(CCCC3C3CCC4CCCC4C3)C2)CC1
C1CCC(CCCC2CCC(C3CCCC(C4CCCCC4)C3)CC2)CC1
C1CCC(CC2CCCC(CC3CCC(C4CCCCC4)CC3)C2)CC1
C1CCC(CC2CCCC(C3CCCC(C4CCCCC4CC4CCCCC4)C3)C2)CC1
C1CCC(CC2CCC(CC3CCC(C4CCCCC4)CC3)CC2)CC1
C1CCC(CCCCC2CCC(C3CC4CCCCC4C3)CC2)CC1
C1CCC(CC2CCC(CC3CCCC(C4CCCCC4)C3)CC2)CC1
C1CCC(C2CCCCC2)CC1
C1CCC(CCCCCC2CCC(CC3CCCCC3)CC2)CC1
C1CCC(C2CCCCC2C2CCCCC2C2CCCC2)CC1
C1CCC(CCCC2CCCC(C3CCCCC3)C2)CC1
C1CCC(CC2CCC(CCC3CCC(CC4CC5CCCCC5C4)CC3)CC2)CC1
C1CCC(CC2CCC(C3CCC(C4CCCCC4)CC3)C(C3CCCC3)C2)CC1
C1CCC(C2CCC(C3CCC4CCCC4C3)CC2)C1
C1CCC(CC2CCC(C3CCCC(CC4CCC(C5CCCCC5)CC4)C3)CC2)CC1
C1CCC(C2CCC(C3CCCC(CCC4CCC(C5CCC5)CC4)C3)CC2)CC1
C1CCC(C2CCCCC2C2CCCCC2)CC1
C1CCC(CCC2CCCCC2C2CCCCC2)CC1
C1CCC(C2CCC(C3CCC(C4CCC5CCCCC54)CC3)CC2C2CCCCC2)CC1
C1CCC(CC2CCC(CC3CCC(C4CCCC(C5CCCCC5)C4)CC3)CC2)CC1
C1CCC(CC2CCCCC2C2CCCC(CC3CCC(C4CCCCC4)CC3)C2)CC1
C1CCC(CC2CCC3C(C2)CC(C2CCCCC2)CC3C2CCCCC2)CC1
C1CCC(CCCCC2CCCCC2)CC1
C1CCC(CCC2CCC(CC3CCC(C4CCCCC4)CC3)CC2)CC1
C1CCC(CCCC2CCCC(C3CCCC(CC4CCCC4)C3)C2)CC1
C1CCC(C2CCC(C3CCCCC3)C(CC3CCCC3)C2)CC1
C1CCC(C2CCCC(CCC3CCCCC3C3CCCCC3)C2)CC1
C1CCC(CC2CCC(C3CCC(C4CCCC4)CC3)C(CC3CCCCC3)C2)CC1
C1CCC(C2CCCC(C3CCCCC3)C2)CC1
C1CCC(CC2CCCC(C3CC3)C2)CC1
C1CCC(CCC2CCCC(CC3CCC4CCCCC43)C2)CC1
C1CCC(CCCC2CCC(CC3CCCCC3)CC2)CC1
C1CCC(C2CCC(C3CCCC(C4CCCCC4)C3)CC2)CC1
C1CCC(CC(CC2CCCCC2)C2CCCCC2)CC1
C1CCC(CCC2CC(CC3CCC(C4CCCCC4)CC3)CCC2C2CCCCC2)CC1
C(CCCC1CCC(C2CCCCC2)CC1)CCCC1CC(CCCC2CC2)C2CCCCC12
C1CCC(CCC2CCCCC2C2CCCC(C3CCCC(C4CCCCC4)C3)C2)CC1
C1CCC(C2CCC(CC3CC3)CC2C2CCC(CC3CC3)CC2)CC1
C1CCC(C2CCC(C3CCCCC3C3CCC(CC4CCC(C5CCCC5)CC4)CC3)CC2)CC1
C1CCC(C2CCC(CC3CCCC3)CC2C2CCCCC2)CC1
C1CCC(CC2CCC(C3CCCCC3)CC2)CC1
C1CCC(CCC2CC(C3CCCC3)CCC2C2CCCCC2C2CC2)CC1
C1CCC(CC2CCC(CC3CCCC(CC4CCCCC4)C3)CC2)CC1
C1CCC(CCCC2CCC(C3CCC(C4CCCCC4)CC3)CC2)CC1
C1CCC(C2CCC(CC3CCCCC3C3CCC(C4CCCCC4)CC3)CC2)CC1
C1CCC(C2CC(C3CCC4CCCCC4C3)CC3CCCCC32)CC1
C1CCC(CC2CCC(CC3CCC(C4CCCC(C5CCC5)C4)CC3)CC2)CC1
C1CCC(CC2CCCCC2CCC2CCC(C3CCCC(C4CCCC4)C3)CC2)CC1
C1CCC(CC2CC(CC3CCC4CCCC(C5CCCCC5)C4C3)CCC2C2CCCCC2)CC1
C1CCC(CC2CCCC(C3CCC(CC4CCCCC4)CC3C3CCCC3)C2)CC1
C1CCC(C2CCC(CC3CC(C4CCCCC4)CC(C4CC4)C3)CC2)CC1
C1CCC(CC2CCC(CC3CC(C4CC4)CCC3CC3CCCCC3)CC2)CC1
C1CCC(CCCCC2CCC(CCC3CCCCC3)CC2)CC1
C1CCC(CCCCC2CCCCC2C2CCCCC2C2CCC2)CC1
C1CCC(CC2CCCC(CC3CCC(C4CCC5CCCCC5C4)CC3)C2)CC1
C1CCC(C2CCCC(CCC3CCCC(CC4CCC4)C3)C2)CC1
C1CCC(C2CCC(C3CCCC(C4CCCCC4)C3)CC2)CC1
C1CCC2CC(CCCC3CCCCC3CC3CCC4CCCCC43)CCC2C1
C1CCC(CCCCC2CCC(CCC3CCCC(C4CCCCC4)C3)CC2)CC1
C1CCC(CC2CCC(CCCC3CCC(C4CCCC(CC5CCCCC5)C4)CC3)CC2)CC1
C1CCC(CCC2CC(CC3CCCCC3)CCC2CC2CCCCC2)CC1
C1CCC(CCC2CCC(C3CCCCC3)CC2)CC1
C1CCC(CCC2CCC(CC3CCCCC3)CC2)CC1
C1CCC(CCC2CCC(CC3CCCCC3)C(CCC3CCCCC3)C2)CC1
C1CCC(CCC2CCCC(C3CCCC(C4CCCCC4)C3)C2)CC1
C1CCC(C2CCC(C3CCCCC3)C(C3CCCC3)C2)CC1
C1CCC(C2CCCC(C3CCC(CCC4CC5CCCCC5C4)CC3)C2)CC1
C1CCC(CCCC2CCCC(C3CCC(C4CCCC4)CC3)C2)CC1
C1CCC(CC2CCCCC2C2CCCCC2)CC1
C1CCC(C2CCCC(CCCC3CC4CCCCC4C3)C2)CC1
C1CCC(CCCC2CCC(C3CCCCC3)CC2)CC1
C1CCC(CCC2CCC(CCC3CCC(C4CCCC(C5CCC5)C4)CC3)CC2)CC1
C1CCC(CC2CCC(CC3CCC(C4CCC(C5CCCCC5C5CCCCC5)C4)CC3)CC2)CC1
C1CCC(CC2CCC(C3CCCC4CCCCC43)C(C3CCCC3)C2)CC1
C1CCC(C2CCCC(C3CCC4CCCCC4C3)C2)CC1
C1CCC(C2CCC(CC3CCCC(C4CCCCC4)C3)CC2)CC1
C1CCC(CC2CCC(CC3CCC(CC4CCC(C5CCC6CCCC6C5)CC4)CC3)CC2)CC1
C1CCC(C2CCCC(C3CCCCC3)C2)CC1
C1CCC(CCC2CCCC(C3CCCCC3C3CCCC3)C2)CC1
C1CCC(C2CCCC(CC3CCCC(CC4CCC5CCCC5C4)C3)C2)CC1
C1CCC(CC2CCCCC2CC2CC(C3CCCCC3)CC(C3CC3)C2)CC1
C1CCC(CCC2CCCC(C3CC(C4CCCCC4)CC(C4CCC4)C3)C2)CC1
C1CCC(CC2CCCC(C3CCC(C4CCCCC4C4CCCCC4)C4CCCC34)C2)CC1
C1CCC(C2CCC(C3CCCCC3)CC2)CC1
C1CCC(C2CCC3CCCCC32)CC1
C1CCC(CC2CCCCC2CC2CCCCC2C2CCC(C3CCCCC3)CC2)CC1
C1CCC(C2CCCCC2)CC1
C1CCC(CC2CCCCC2CC2CCCC(C3CCCCC3)C2)CC1
C1CCC(C2CCCC(C3CCC(C4CCCC(CCC5CC5)C4)CC3)C2)CC1
C1CCC(CC2CCCC(CC3CCCC(C4CCC4)C3)C2)CC1
C1CCC(CCC2CC(CC3CCCC(CC4CCCCC4)C3)C3CCCCC23)CC1
C1CCC(CCCC2CCC(CC3CCCCC3)CC2)CC1
C1CCC(C2CCCC(C3CCC4CCCCC4C3)C2)CC1
C1CCC(C2CCC(C3CCCCC3)CC2)CC1
C1CCC(CCC2CCC(C3CCC4CCCC4C3)CC2)CC1
C1CCC(C2CCC(C3CCCCC3C3CCCCC3)CC2)CC1
C1CCC(C2CC(C3CCCCC3)CC(C3CCCCC3)C2)CC1
C1CCC(CCC2CCC(CCC3CCCC(C4CCCCC4)C3)CC2)CC1
C1CCC(CCC2CCC(CCC3CCCC(C4CCC(C5CCCC5)CC4)C3)CC2)C1
C(CCCC1CCC(CC2CCC(C3CCCCC3)CC2)CC1)CCC1CCCCC1
C1CCC(C2CCCCC2)CC1
C1CCC(CC2CCCC(C3CCC(C4CCCCC4)CC3)C2)CC1
C1CCC(C2CCCC(CC3CCCC(CC4CCCC(C5CCCCC5)C4)C3)C2)CC1
C1CCC(CC2CCC(CC3CCCCC3)CC2)CC1
C1CCC(CCCC2CCCC(CCC3CCCCC3)C2)CC1
C1CCC(CC2CCC(C3CCC(C4CCCCC4)CC3)CC2)CC1
C1CCC(CC2CCC(C3CCC4C(CCC4C4CCCCC4)C3)CC2)CC1
C1CCC(C2CCCCC2C2CCCC(CC3CCC3)C2)CC1
C1CCC(CCC2CCC(CC3CCC(CC4CCCCC4)CC3)CC2)CC1
C1CCC(C2CCC3CCCC3C2)CC1
C1CCC(CCC2CCCCC2)CC1
C1CCC(CC2CCC(CC3CCC(C4CCCCC4C4CCCCC4)CC3)CC2)CC1
C1CCC(CCCC2CC(CC3CCCCC3)CCC2C2CCCCC2)CC1
C1CCC2CC(C3CCC(C4CCCC4)CC3C3CCC4CCCC4C3)CCC2C1
C1CCC(CC(CCC2CCC(C3CCC4CCCCC4C3)CC2)C2CCCCC2)CC1
C1CCC(CCC2CCC(CC3CCC(C4CCCCC4)CC3)CC2)CC1
C1CCC(C2CCC(C3CCC(C4CCCCC4)C(C4CCCCC4)C3)C2)CC1
C1CCC(C2CCCC(C3CC4CCC(C5CCCCC5)CC4C(C4CCCCC4)C3)C2)CC1
C1CCC(C2CCCC(C3CCCC(C4CCCCC4)C3)C2)CC1
C1CCC(CCC2CCCC(C3CCC4CCCC4C3)C2)CC1
C1CCC(CC2CCC(CC3CCCC(C4CCCCC4)C3)CC2)CC1
C1CCC(C2CCC(C3CCC(C4CCCC4)CC3)CC2)CC1
C1CCC(CCC2CC(CC3CCCCC3)CC(C3CCCCC3)C2)CC1
C1CCC(CCCCC2CCCC(C3CCCCC3)C2)CC1
C1CCC(CC2CCC(C3CCC(C4CCCCC4)CC3)CC2)CC1
C1CCC(C2CCCCC2)CC1
C1CCC(CC2CCCC(CCCCC3CCCC(C4CCCC4)C3)C2)CC1
C1CCC(CCC2CCCC(C3CCCCC3)C2)CC1
C1CCC(C2CCCCC2CCC2CCC(CC3CCCC3)CC2)CC1
C1CCC(CC2CCC(C3CCC(C4CCC(C5CCCCC5)CC4)CC3)CC2)CC1
C1CCC(CC2CCC(C3CC4CCC(C5CCCCC5)CC4C(C4CCCCC4)C3)C2)CC1
C1CCC(C2CCC(CC3CCCC(C4CCCCC4)C3)CC2)CC1
C1CCC(CCC2CCC(CCC3CCCC(C4CCCCC4)C3)CC2)CC1
C1CCC(CC2CCCC(C3CCCCC3)C2)CC1
C1CCC(CC2CCCC2C2CCCC(C3CCC4CCCC4C3)C2)CC1
C1CCC2CC(C3CCCCC3C3CCC4CCCC4C3)CCC2C1
C1CCC(CC2CCC(CC3CCC(C4CCCCC4)CC3)CC2)CC1
C1CCC(CC2CCC(C3CCCC(C4CCC(CC5CCCC5)CC4)C3)CC2)CC1
C1CCC(CCCCC2CCC(C3CCC(CCCC4CCCC4)CC3)CC2)CC1
C1CCC(CCC2CCCC(CCC3CCC(C4CCCC4)CC3)C2)CC1
C1CCC(CCCC2CCCC(C3CCCCC3CCC3CCCC(CC4CCCCC4)C3)C2)CC1
C1CCC(CC2CCC(C3CC(C4CCCC4)C4CCCCC34)CC2)CC1
C1CCC(C2CCC(CCCC3CCCC(C4CCCCC4)C3)CC2)CC1
C1CCC(CC2CCCC(CCC3CCC4CCCC4C3)C2)CC1
C1CCC(C2CCCC(C3CCCCC3)C2)CC1
C1CCC(CC2CCC(C3CCCCC3)C(CC3CCCC3)C2)CC1
C1CCC(C2CCCCC2CCC2CCC(C3CCCC3)CC2)CC1
C1CCC(CCC2CCCC(CCC3CCC4C(CCC5CCCCC5)CCCC4C3)C2)CC1
C1CCC(C2CCCCC2C2CCC(CC3CCCCC3CC3CC4CCCCC4C3)C2)CC1
C1CCC(CC2CCC(C3CCCC(C4CCC5CCCCC54)C3)CC2)CC1
C1CCC(CC2CCCCC2C2CCCCC2C2CCCC2)CC1
C1CCC(CC2CCC(C3CCCCC3)CC2)CC1
C1CCC(CCCCC2CCCC(C3CCCC(CC4CCCCC4)C3)C2)CC1
C1CCC(C2CCCCC2)CC1
C1CCC(C2CCCC(C3CCCCC3)C2)CC1
C1CCC(CC2CCC(C3CCCC(C4CCCCC4)C3)CC2C2CCC3CCCC3C2)CC1
C1CCC(CC2CCCC(C3CCCCC3)C2)CC1
C1CCC(C2CCCC(CC3CCC4CCCCC43)C2)CC1
C1CCC(C2CCC(C3CCCC(CCC4CC4)C3)C(C3CCCC3)C2)CC1
C1CCC(CC2CCC(C3CCCCC3)C(C3CCC4CCCC4C3)C2)CC1
C1CCC(CC2CC(C3CCCC3)CCC2C2CCC3CCCC3C2)CC1
C1CCC(CC2CCC(C3CCCCC3)CC2)CC1
C1CCC(CC2CCCC(C3CCCC(C4CCCC4)C3)C2)CC1
C1CCC(C2CCCC(CC3CCCC3)C2)CC1
C1CCC(C2CCC(CC3CCCC(CC4CCCC4)C3)CC2)CC1
C(CC1CCCC(C2CCC(C3CCC3)CC2)C1)CC1CC2CCCCC2C1
C1CCC(CC2CCCC(CCC3CC(C4CCCCC4)C4CCCCC34)C2)CC1
C1CCC(C2CCC(C3CCC4CC(C5CCCC(C6CCC6)C5)CCC43)CC2)CC1
C1CCC(CC2CCCCC2CC2CCCCC2)CC1
C1CCC(CC2CCCC(CC3CCC4CCCC4C3)C2)CC1
C1CCC(C2CCC(C3CCCC(CC4CCCC4)C3)CC2)CC1
C1CCC(CC2CC(C3CCC(C4CCCC4)CC3)C3CCCCC23)CC1
C1CCC(CC2CCC(C3CCCCC3C3CCC(CC4CCC(C5CCCCC5)CC4)CC3)C2)CC1
C1CCC(C2CCCC(C3CCCC(CC4CCCC(C5CCCC5)C4)C3)C2)CC1
C1CCC(C2CCC(C3CCCC(C4CCCCC4)C3)CC2)CC1
C1CCC(CCC2CCCC(CC3CCCCC3)C2)CC1
C1CCC(CCCC2CCC(C3CCCC(CC4CC5CCCCC5C4)C3)CC2)C1
C1CCC(CCCC2CCCC(CC3CCCC3)C2)CC1
C1CCC(C2CC(C3CCCCC3)C(C3CC4CCCCC4C3)C(C3CCCCC3)C2)CC1
C1CCC(CC2CCC(C3CCCCC3)C(C3CCCC3)C2)CC1
C1CCC(CC2CCCC(C3CCCC(C4CCCCC4)C3)C2)CC1
C1CCC(CCCC2CCC(CC3CCC(C4CCCCC4)CC3)CC2)CC1
C1CCC(C2CC3CCC(C4CCC(CCC5CCCC5)CC4)CC3C(C3CCCCC3)C2)CC1
C1CCC(CCCC2CCC(C3CCCC4CC(C5CCCCC5)CCC43)CC2)CC1
C1CCC(C2CCCC(C3CCCC(C4CCCCC4)C3)C2)CC1
C1CCC(CC2CCCC(CC3CCCC(C4CCCC(C5CCCCC5)C4)C3)C2)CC1
C1CCC(CCCC2CCC(CCC3CCC4CCC(C5CCCCC5)C4C3)CC2)CC1
C1CCC(CCC2CCCC(CC3CC(CC4CCCCC4)C4CCCCC34)C2)CC1
C1CCC(CC2CCC(C3CCCCC3)C(CC3CCCCC3)C2)CC1
C1CCC(CC2CCCC(C3CCCCC3)C2)CC1
C1CCC(C2CCCC(C3CC(CCCC4CCC5CCCCC54)CC(C4CCC4)C3)C2)CC1
C1CCC(CCC2CCC(CC3CCCCC3)CC2)CC1
C1CCC(CCC2CCCC(C3CCCCC3)C2)CC1
C1CCC(C2CCCC(CCCC3CC(C4CCC5CCCCC54)C4CCCCC34)C2)CC1
C1CCC(C2CCCC(CCC3CCCCC3C3CCCC3)C2)CC1
C1CCC(CC2CCC3C(CC4CCCC4)CC(C4CCCCC4)C3C2)CC1
C1CCC(CC2CCC(C3CCC4CCCCC43)CC2)CC1
C1CCC(C2CCC(CC3CCCC(C4CCC(CCC5CC6CCCCC6C5)CC4)C3)CC2)CC1
C1CCC(CCCCC2CCC(CC3CCCCC3)CC2)CC1
C1CCC(CC2CCC(CC3CCCC(CC4CCCCC4)C3)CC2)CC1
C1CCC(C2CCC(C3CCC(C4CC5CCCCC5C4)CC3)CC2)CC1
C1CCC(CC2CCCC(CCC3CCC(C4CCCC4)CC3)C2)CC1
C1CCC(CCC2CC(CC3CCCC(CC4CCC5CCCCC5C4)C3)C3CCCCC23)CC1
C1CCC(CC2CCC(CC3CCC(CC4CCCCC4)CC3)CC2)CC1
C1CCC(CCC2CCCC(CCCC3CCC(CC4CC5CCCCC5C4)CC3)C2)CC1
C1CCC(C2CCC(C3CCC(CC4CCC5CCCCC54)CC3)CC2)CC1
C1CCC(CC2CCCC(C3CCCCC3)C2)CC1
C1CCC(C2CCCC3CC(C4CCCC(CC5CC5)C4)CCC32)CC1
C1CCC(CC2CCCC(C3CCCCC3)C2)CC1
C1CCC(C2CCC3C(CC4CCCC(C5CCCC5)C4)CC(CC4CCC5CCCCC54)C3C2)CC1
C1CCC(CC2CCC(CCCC3CCCC(C4CCCCC4)C3)CC2)CC1
C1CCC(C2CCCC(C3CCC(CC4CCCCC4C4CCC5CCCCC5C4)C3)C2)CC1
C1CCC(C2CCCC(C3CCCC(C4CCC5CCCC5C4)C3)C2)CC1
C1CCC(CCCC2CCC(CC3CCC(C4CCCCC4)C(C4CCCC(C5CCCCC5)C4)C3)CC2)CC1
C1CCC(C2CCCC(CCC3CCCC(CC4CCCC4)C3)C2)CC1
C1CCC(CC2CC(CC3CCCCC3)C3CC(C4CCCC(C5CCCC5)C4)CCC23)CC1
C1CCC(CCC2CC(C3CCC(CC4CCCCC4)CC3)C3CCCCC23)CC1
C1CCC(C2CC(C3CCC4CCCCC43)CC3CCC(C4CCCC5CCCCC54)CC32)CC1
C1CCC(C2CCC(CC3CCCC3)CC2)CC1
C1CCC(CC2CCCCC2C2CCC(CCCC3CCC(C4CCCCC4)CC3)CC2)CC1
C1CCC(CC2CCCCC2CCCCCC2CCCC(C3CCCCC3)C2)CC1
C1CCC(CC2CCC(CCCCC3CCCCC3CC3CCCCC3)CC2)CC1
C1CCC(CCC2CCCCC2CCCC2CCC(CC3CCCCC3)CC2C2CCCCC2)CC1
C1CCC(C2CCC(CCCC3CCCC(C4CC5CCCCC5C4)C3)CC2)CC1
C1CCC(C2CC(C3CCC3)CC(C3CCCCC3C3CCCCC3)C2)CC1
C1CCC(C2CCC3C(CCC3C3CCCCC3)C2)CC1
C1CCC(CC2CCCC(CC3CCC(CCCCC4CCC(CC5CCCC5)CC4)CC3)C2)CC1
C1CCC(CCC2CCC(C3CCCCC3CC3CCCCC3)CC2)CC1
C1CCC(CCC2CCCC(C3CCCC(C4CCCCC4)C3)C2)CC1
C1CCC(CC2CCC(C3CCC(C4CCCCC4)CC3C3CCCCC3)CC2)CC1
C1CCC(C2CCCC(C3CCCCC3C3CCCCC3)C2)CC1
C1CCC(C2CCC(C3CCCC(C4CCCC(CC5CCCC5)C4)C3)CC2)CC1
C1CCC(CCC2CCC(C3CC3)CC2CCC2CCC(C3CCCCC3)CC2)CC1
C1CCC(CC2CCCC(CCCC3CC(CC4CCCCC4)C4CCCCC34)C2)CC1
C1CCC(CCC2CCC(CC3CCCCC3)CC2)CC1
C1CCC(C2CC(CC3CCC4CCCCC4C3)CC(C3CCCCC3)C2)CC1
C(CCCC1CCC(C2CCCCC2)C1)CCC1CCCCC1
C1CCC(C2CCC3C(C4CCCC4)CC(C4CCCCC4)C3C2)CC1
C1CCC(CC2CCC(CC3CCCC(CCC4CCCC4)C3)CC2)CC1
C1CCC(CC2CCCCC2C2CCCCC2C2CCCC(C3CCCCC3)C2)CC1
C1CCC(CC2CCC(CC3CCCCC3)C(C3CCC4CCCC4C3)C2)CC1
C1CCC(CCC2CC(C3CCC(CC4CCCCC4)CC3)C3CCCCC23)CC1
C1CCC(CC2CCCC(CC3CCC(C4CCCCC4)C3)C2)CC1
C1CCC(CCCCC2CCCCC2CCC2CCC(C3CCCCC3)CC2)CC1
C1CCC(CC2CCC(CCC3CCCC(C4CCCCC4)C3)CC2)CC1
C1CCC(CC2CCCC(C3CCCC(C4CCCCC4)C3)C2)CC1
C1CCC(CC2CCCC(C3CC(C4CCCCC4)CC(C4CCCCC4)C3)C2)CC1
C1CCC(C2CCC(C3CCCC(C4CCCCC4)C3)CC2)CC1
C1CCC(CC2CCC(C3CCCCC3)CC2)CC1
C1CCC(C2CCC(C3CCC(C4CCC5CCCCC5C4)CC3)CC2)CC1
C1CCC(CC2CCC(C3CCCC(CC4CCCCC4)C3)CC2)CC1
C1CCC(C2CCC(CCC3CC4CCCCC4C3)CC2)CC1
C1CCC(C2CCCCC2)CC1
C1CCC(C2CCC(CC3CCCCC3C3CCCCC3)CC2)CC1
C1CCC(CCCCC2CCC(CCC3CCC(CC4CCCCC4)CC3)CC2)CC1
C1CCC(C2CCC(C3CCCCC3)CC2)CC1
C1CCC(CCCC2CCC(CC3CCCCC3)CC2)CC1
C1CCC(CCCC2CCC(C3CCCCC3)CC2)CC1
C1CCC(CCCC2CCCC(C(C3CCCCC3)C3CC3)C2)CC1
C1CCC(CC2CCC(CC3CC4CCCCC4C3)CC2)CC1
C1CCC(CCC2CCC(C3CCC4CCCC4C3)CC2)CC1
C1CCC(CC2CCC(CC3CCCCC3C3CCCCC3)CC2)CC1
C1CCC(CC2CCC(C3CCC(C4CCCCC4)CC3)CC2)CC1
C1CCC(CCCCC2CCC(CC3CCCCC3)CC2)CC1
C1CCC(C2CCCC(C3CCCC(C4CCCCC4)C3)C2)CC1
C1CCC(CC2CCC(CC3CCC4CCCCC43)CC2)CC1
C1CCC(C2CCC(CC3CCC(CC4CCC(C5CCCC5)C4)CC3)CC2)CC1
C1CCC(CCCC2CCCC(CC3CCCCC3)C2)CC1
C1CCC(CCC2CC(C3CCCCC3)CC(C3CCCCC3)C2)CC1
C1CCC(CC2CCC(C3CCC(CC4CCCCC4)CC3)CC2)CC1
C(CCCC1CCCCC1C1CCCCC1)CCC1CCCCC1
C1CCC(CC2CCC(C3CCCC(C4CCCC4)C3)CC2)CC1
C1CCC(C2CCC(CC3CCC(CC4CC4)C(C4CCCC4)C3)CC2)CC1
C1CCC(CCCCC2CCC(CCCC3CCCC(C4CCC(C5CCCC5)CC4)C3)CC2)CC1
C1CCC(CC2CC(C3CCCCC3)CC(C3CCCCC3C3CCCC3)C2)CC1
C1CCC(CCC2CCC(C3CCCCC3)CC2)CC1
C1CCC(C2CCC(C3CCC(CCC4CC5CCCCC5C4)C3)C(C3CCCC3)C2)CC1
C1CCC(C2CCC(C3CCCCC3)CC2)CC1
C1CCC(CC2CCC(CC3CCCCC3)CC2)CC1
C1CCC(C2CCCC(CC3CCC(C4CCCCC4)C3)C2)CC1
C1CCC2C(C1)CCC2C1CCCC(C2CCC(C3CCC(CC4CC4)CC3)CC2)C1
C1CCC(C2CCC(C3CCC(CC4CCC(CC5CC6CCCCC6C5)CC4)CC3)CC2)CC1
C1CCC(C2CCCC(C3CCC4C(CCCC4C4CCCCC4)C3)C2)CC1
C1CCC(CCCCC2CCC(C3CCC(CCC4CCCCC4)CC3)CC2)CC1
C1CCC(CC2CCCC(C3CCCCC3)C2)CC1
C1CCC(CCC2CCC3CCCC3C2)CC1
C1CCC(CC2CCC3CC(C4CCC5CCCCC54)CC(CC4CCCCC4)C3C2)CC1
C1CCC(C2CCC(CCC3CCC(CC4CC(CC5CCCC5)C5CCCCC45)CC3)CC2)CC1
C1CCC(CC2CCCCC2CC2CC3CCCCC3C2)CC1
C1CCC(C2CCC(CC3CCC4CCCCC43)CC2)CC1
C1CCC(CC2CCCC(C3CCCCC3)C2)CC1
C1CCC(CCC2CCCC(C3CCCCC3)C2)CC1
C1CCC(C2CCCCC2CC2CCCC(CCC3CC3)C2)CC1
C1CCC(CC2CCC3CCC(C4CCCC(CCC5CC6CCCCC6C5)C4)CC32)CC1
C1CCC(CCC2CCCC(C3CCCC(C4CCCCC4)C3)C2)CC1
C1CCC(CC2CCC(C3CCC(CC4CCC(CCCC5CC6CCCCC6C5)CC4)CC3)CC2)CC1
C1CCC(C2CCCCC2C2CC2)CC1
C1CCC(CCC2CCCC(C3CCCC(C4CCCCC4)C3)C2)CC1
C1CCC(CCC2CCCCC2C2CCCC(CC3CCCCC3)C2)CC1
C1CCC(CC2CCCCC2)CC1
C1CCC(CC2CCC(CC3CCC(CC4CCCCC4)CC3)CC2)CC1
C1CCC(CC2CCC(C3CCCCC3)CC2)CC1
C(CCCC1CCC(C2CCCCC2)CC1C1CCC2CCCC2C1)CCC1CCCCC1
C1CCC(CC2CCC(CC3CCC4CCC(C5CCCCC5)C4C3)CC2)CC1
C1CCC(CC2CCC(CC3CCCC(C4CCC(C5CCCCC5)CC4)C3)CC2)CC1
C1CCC(C2CCC(C3CCCCC3C3CCCC3)CC2)CC1
C1CCC(C2CCC(CC3CCC(C4CCCC4)CC3)CC2)CC1
C1CCC(C2CCC(C3CCCC3)C(C3CCC4CCCC4C3)C2)CC1
C1CCC(CC2CCCCC2CCCC2CCCC(C3CCCCC3)C2)CC1
C1CCC(CCC2CCC(CC3CCCCC3)CC2)CC1
C1CCC(CC2CCC(CC3CCCCC3)CC2)CC1
C1CCC(CC2CCC(CCC3CCCC(C4CCCCC4)C3)CC2)CC1
C1CCC(CC2CCCC(C3CCCCC3)C2)CC1
C1CCC(CC2CCC(C3CCCCC3)CC2)CC1
C1CCC(C2CCCC(C3CCC4CC(C5CCCC6CCCCC65)CCC43)C2)CC1
C1CCC(CC2CCC(C3CCCC(CC4CC4)C3)CC2)CC1
C1CCC(C2CCC(CCCC3CCCC(CCC4CCCC4)C3)CC2)CC1
C1CCC(C2CCCC(CC3CCC4CCCCC43)C2)CC1
C1CCC(CCC2CCC(C3CCC3)CC2)CC1
C1CCC(C2CCC(C3CCCC(C4CC(C5CCCCC5)CCC4C4CCCCC4)C3)CC2)CC1
C1CCC(CC2CC(C3CCCC3)CC(C3CCCC(C4CCCCC4)C3)C2)CC1
C1CCC(CC2CC(CCC3CCC(C4CCCCC4)CC3)C3CCCCC23)CC1
C1CCC(C2CCCCC2C2CCC(CC3CCCC3)CC2)CC1
C1CCC(CC2CCC(CC3CCCCC3)CC2)CC1
C1CCC(C2CCCC(CC3CCCC(C4CCCCC4)C3)C2)CC1
C1CCC(CCC2CC(CC3CCC3)CCC2C2CCCCC2)CC1
C1CCC(C2CC(CC3CCCC3)CCC2C2CCC3CCCCC3C2)CC1
C1CCC(CCC2CCCC(C3CCCC(C4CCCCC4)C3)C2)CC1
C1CCC(CCCC2CCC(CC3CCCCC3)CC2)CC1
C1CCC(CC2CCC(CC3CCCCC3)CC2)CC1
C1CCC(C2CCCC(C3CCCC(C4CCCCC4)C3)C2)CC1
C1CCC(CCCC2CCC(C3CCCCC3)CC2)CC1
C1CCC(CC2CCC(C3CCCCC3)CC2CC2CCCCC2)CC1
C1CCC(C2CCCCC2)CC1
C1CCC(CC2CCC(CCCC3CCC(C4CCCCC4)CC3)CC2)CC1
C1CCC(CCC2CCCC(C3CCC(C4CCCC4)CC3C3CCC4CCCC4C3)C2)CC1
C1CCC(C2CCC(C3CCC(C4CCCCC4)CC3)CC2)CC1
C1CCC(C2CCC(CC(C3CCCCC3)C3CCCC(CCC4CC4)C3)CC2)CC1
C1CCC(C2CCCCC2C2CCCCC2)CC1
C1CCC(C2CCCCC2)CC1
C1CCC(CC2CCC(C3CCCCC3)CC2)CC1
C1CCC(CCCC2CCC(C3CCCC(C4CCCCC4)C3)C(C3CCCCC3)C2)CC1
C1CCC(CCC2CCCCC2)CC1
C1CCC(C2CCC(CC3CCC(CC4CCCC(C5CCCCC5)C4)CC3)CC2)CC1
C1CCC(CC2CCC(C3CCCC3)C(C3CC4CCCCC4C3)C2)CC1
C1CCC(C2CCCCC2C2CCCCC2)CC1
C1CCC(CC2CCCCC2)CC1
C1CCC(CCC2CCC(C3CCCCC3)CC2C2CCCC2)CC1
C1CCC(CCCC2CCCCC2CCC2CC3CCCCC3C2)CC1
C1CCC(C2CCC(CC3CCC(C4CCC5CCCCC54)CC3)CC2)CC1
C1CCC(CCC2CCC(CC3CCC(CC4CCCCC4)CC3)CC2)CC1
C1CCC(CCC2CCCC(CCC3CCCCC3)C2CC2CCCCC2)CC1
C1CCC(CC2CCCCC2C2CCCC(C3CC4CCCCC4C3)C2)CC1
C1CCC(CC2CCC(CCC3CC4CCCCC4C3)CC2)CC1
C1CCC(C2CCC(C3CCC(C4CCCCC4)CC3)CC2)CC1
C1CCC(CC2CCCC(C3CCCCC3)C2)CC1
C1CCC(CC2CCC(CC3CC(C4CCC(C5CCC5)CC4)C4CCCCC34)CC2)CC1
C1CCC(C2CCC(CCCCC3CCCC(C4CCCCC4)C3)CC2)CC1
C1CCC(C2CCC(C3CCC(C4CCCC4)CC3)CC2)CC1
C1CCC(CCCC2CC(C3CCCCC3)CC(CCC3CCCCC3)C2C2CCCC2)CC1
C1CCC(CCC2CCCC(CC3CCC(C4CCC(C5CCCCC5C5CCCC5)CC4)CC3)C2)CC1
C1CCC(CC2CCC(CC3CCC(C4CCCC(CC5CC5)C4)CC3)CC2)CC1
C1CCC(CC2CCC(C(C3CC4CCCCC4C3)C3CCCCC3C3CCCC3)CC2)CC1
C1CCC(CCC2CCC(CC3CC4CCCCC4C3)CC2)CC1
C1CCC(CC2CCC(CCC3CCCC(CC4CCCCC4)C3)CC2)CC1
C1CCC(CCCCC2CCC(CC3CCC(C4CCCCC4)CC3)CC2)CC1
C1CCC(CCCCC2CCC(C3CCCCC3)CC2)CC1
C1CCC(C2CCC3CC(C4CCC(C5CCCC5)CC4)CCC32)CC1
C1CCC(CC2CCCC(CC3CCC(CC4CCCC(C5CCCCC5)C4)CC3)C2)CC1
C1CCC(CC2CCC(C3CCC(C4CCC(CC5CC6CCCCC6C5)CC4)CC3)CC2)CC1
C1CCC(CC2CCC(C3CCCCC3)CC2)CC1
C1CCC(CCC2CCC(C3CCC3)CC2C2CC3CCCCC3C2)C1
C1CCC(CCCC2CCCC(C3CCCCC3)C2)CC1
C1CCC(CC2CC(C3CCCCC3)CCC2C2CCCCC2)CC1
C1CCC(C2CCC(CC3CCCC(C4CCCC4)C3)CC2)CC1
C1CCC(CC2CCC(C3CCCCC3)CC2)CC1
C1CCC(CC2CCCC(C3CCCC(C4CCCCC4)C3)C2)CC1
C1CCC(CCC2CCC(CC3CCC(C4CCCCC4)CC3)CC2)CC1
C1CCC(C2CCC3C(CCC3C3CCCCC3)C2)CC1
C1CCC(CCC2CCCCC2CCC2CCC(C3CCCCC3)CC2)CC1
C1CCC(CCC2CCCCC2C2CCCC(CC3CCCC(CC4CCCCC4)C3)C2)CC1
C1CCC(CC2CCC(C3CCCC(C4CCCCC4)C3)CC2)CC1
C1CCC(CC2CCC(C3CCCCC3)CC2)CC1
C1CCC(C2CCC(CC3CCCC(C4CCCC4)C3)CC2C2CCCC2)CC1
C1CCC(C2CCC(C3CCCC(C4CCCCC4)C3)CC2)CC1
C1CCC(CCCCC2CCCC(C3CCCCC3)C2)CC1
C1CCC(CC2CCCC(C3CCC(C4CC(C5CCCCC5)CC5CCCCC54)CC3)C2)CC1
C1CCC(C2CCCCC2CC2CC(CC3CCC4CCCC4C3)CC(C3CCCC3)C2)CC1
C1CCC(CC2CCCC(CCC3CCCC(C4CCCCC4)C3)C2)CC1
C1CCC(CCCC2CCCC(CC3CCCCC3)C2)CC1
C1CCC(CCC2CCCC(C3CC(C4CCCC4)CC(C4CCC4)C3)C2)CC1
C1CCC(CCC2CCC(CCCC3CCCC(C4CC4)C3)CC2)CC1
C1CCC(CC2CCCC3CC(C4CCCCC4)CCC23)CC1
C1CCC(CC2CCCC(CC3CCCCC3)C2)CC1
C1CCC(CC2CC(C3CCCCC3)CC(C(CC3CCCCC3)C3CCCCC3)C2)CC1
C1CCC(CC2CCC(C3CCC(C4CCCC(C5CCCC5)C4)CC3)CC2)C1
C1CCC2CC(C3CCCC(CC4CCC(CC5CC6CCCCC6C5)CC4)C3)CCC2C1
C1CCC(CCCC2CCCC(CCC3CCCCC3C3CCCCC3)C2)CC1
C1CCC(CCC2CCC(CC3CCCCC3)CC2)CC1
C1CCC(C2CCC(CC3CCCCC3C3CCCC3)CC2)CC1
C1CCC(CCCCCC2CCC(CC3CCCCC3)CC2)CC1
C1CCC(CCCC2CCCCC2CCC2CCCCC2)CC1
C1CCC(CC2CC(C3CCCCC3)C3CC(C4CCCCC4)CCC23)CC1
C1CCC(CCCC2CCCC(C3CCC(CCC4CCC(C5CCCCC5)CC4)CC3)C2)CC1
C1CCC(CCCCC2CCCC(C3CCCC(CC4CCC5CCCC5C4)C3)C2)CC1
C1CCC(C2CCCC(C3CC(C4CCCCC4)CC(C4CC4)C3)C2)CC1
C1CCC(C2CCCC(CC3CCCC(C4CCCC(C5CCC5)C4)C3)C2)C1
C1CCC(C2CCC(CC3CCC(CC4CCC(CC5CCCC5)CC4)CC3)CC2)CC1
C1CCC(CC2CCC(C3CCCCC3)CC2)CC1
C1CCC(CCCCC2CCC(CCCC3CCCCC3C3CCCCC3)CC2)CC1
C1CCC(CC2CCCC(C3CCCC(CC4CCCCC4C4CCCCC4)C3)C2)CC1
C1CCC(CC2CCCC(CC3CC(C4CCCCC4)C4CCCCC34)C2)CC1
C1CCC(CC2CCCC(C3CCC(C4CCCCC4)CC3)C2)CC1
C1CCC(CCC2CCCC(C3CCCCC3)C2)CC1
C1CCC(C2CCC(C3CCCC4CC(C5CCCCC5CC5CC5)CC43)CC2)CC1
C1CCC(CC2CCC(CCC3CCCCC3C3CCC4CCCCC43)CC2)CC1
C1CCC(C2CCC(C3CCCCC3)CC2)CC1
C1CCC(C2CCC3CCCCC3C2)CC1
C1CCC(CC2CCCC(C3CCCC(C4CCCC4)C3)C2)CC1
C1CCC(CCC2CCCC(CC3CCCCC3)C2)CC1
C1CCC(CC2CCCCC2)CC1
C1CCC(C2CCC(C3CC(C4CCCCC4)C4CCCCC34)CC2)CC1
C1CCC(CCCC2CCC(C3CCCCC3)CC2)CC1
C1CCC(C2CCC(CC3CCCCC3C3CCC(C4CCCCC4)CC3)CC2)CC1
C1CCC(C2CCC3C(CCC3C3CCCC(C4CCCCC4)C3)C2)CC1
C1CCC(C2CCCCC2C2CCC3CCCC3C2)CC1
C1CCC(C2CCC(C3CCC(C4CCCC(CCCC5CCC(CC6CCCC7CCCCC76)CC5)C4)CC3)CC2)CC1
C1CCC(C2CCC(C3CCCC(C4CC5CCCCC5C4)C3)CC2)CC1
C1CCC(C2CCCC(C3CCCCC3C3CCCC3)C2)CC1
C1CCC(C2CCCC(C3CC(CC4CCC5CCCCC5C4)CC(C4CCC4)C3)C2)CC1
C1CCC(CC2CCC(CC3CCCCC3)CC2)CC1
C1CCC(CCC2CCC(CCC3CCC(C4CCC5C(CCCC5C5CCCCC5)C4)CC3)CC2)CC1
C1CCC(CCCCC2CCC(CCC3CCCCC3)CC2)CC1
C1CCC(CCCC2CCCC(CC3CCC(C4CCC(C5CCCCC5)CC4)CC3)C2)CC1
C1CCC(C2CCCCC2CCC2CCCC(CC3CCCC3)C2)CC1
C1CCC(CCC2CCCC(C3CCCC(C4CCCCC4)C3)C2)CC1
C1CCC(C2CCC3CC(CC4CCCCC4C4CCCCC4)CC(C4CCCCC4)C3C2)CC1
C1CCC(CCC2CCC(C3CCCC(CC4CCCCC4)C3)CC2)CC1
C1CCC(CCCC2CCC(CC3CCC(CC4CCCCC4)CC3)CC2)CC1
C1CCC(CCCC2CCC(CC3CCCCC3)CC2C2CCCC2)CC1
C1CCC(CC2CCCC(C3CCCCC3)C2)CC1
C1CCC(C2CCCCC2)CC1
C1CCC(CCCC2CCCC(C3CCCCC3)C2)CC1
C1CCC(CCCCC2CCCC(C3CCCC(C4CCCCC4)C3)C2)CC1
C1CCC(C2CCC(C3CCC(C4CCCCC4)CC3)CC2)CC1
C1CCC(CC2CCC(CC3CCCC(CCC4CC5CCCCC5C4)C3)CC2)CC1
C1CCC(CCC2CCC(CCCCC3CC4CCCCC4C3)CC2)CC1
C1CCC(CCCC2CCCCC2C2CCCC2)CC1
C1CCC(CC2CC(CCC3CCCCC3C3CCC3)C3CCCCC23)CC1
C1CCC(CC2CCCCC2C2CCCCC2)CC1
C1CCC(CCC2CCCCC2CCC2CCC(CC3CCCCC3C3CCCC3)CC2)CC1
C1CCC(C2CCCC(CC3CCCCC3CC3CCC(C4CCCC4)CC3)C2)CC1
C1CCC(CC2CCC3CC(CCC4CCC(C5CCCCC5)CC4C4CCCCC4)CC3C2)CC1
C1CCC(CCC2CCCC(C3CCCC(CC4CCCCC4)C3)C2)CC1
C1CCC(CCCC2CCC3CC(C4CCC5CCCCC54)CCC3C2)CC1
C1CCC(CCCCC2CCC(CC3CCCCC3)CC2)CC1
C1CCC(C2CCC(C3CCCCC3C3CCCCC3)CC2)CC1
C1CCC(CC2CCC(C3CCCCC3)CC2)CC1
C1CCC(CCC2CCC(C3CCCC(C4CCCCC4)C3)CC2)CC1
C1CCC(C2CCCC(C3CCCC(C4CCC5CCCC5C4)C3)C2)CC1
C1CCC(CC2CC(CCCC3CCC(C4CCCCC4)CC3)C3CCCCC23)CC1
C1CCC(CCCC2CCCCC2C2CCCCC2)CC1
C1CCC(C(C2CCCCC2)C2CCCCC2)CC1
C1CCC(CCC2CCC(CC3CCCCC3C3CCCCC3)CC2)CC1
C1CCC(CC2CCC(CCC3CCC(C4CCCC4)CC3)CC2)CC1
C1CCC(C2CCC(CCC3CCC4C(CCC4C4CCC(CC5CC5)CC4)C3)CC2)CC1
C1CCC(CCC2CCCC(C3CCCCC3CC3CC4CCCCC4C3)C2)CC1
C1CCC(C2CCC3C(CCCC3C3CCCCC3)C2)CC1
C1CCC(CC2CCCC(CCC3CCC(CC4CC4)CC3)C2)CC1
C1CCC(C2CCC(CC3CC(C4CCCCC4)CC4CCCCC43)CC2)CC1
C1CCC(C2CC(CCCC3CCC(C4CC5CCCCC5C4)CC3)C3CCCCC32)CC1
C1CCC(C2CCC(C3CCC4CCC(C5CCCCC5)CC4C3)CC2)CC1
C1CCC(CCCC2CCC(CC3CCCCC3)CC2)CC1
C1CCC(CCC2CCC(CC3CCCCC3)CC2)CC1
C1CCC(CCC2CCC(CC3CCCCC3)C(C3CCC4CCCC4C3)C2)CC1
C1CCC(CCC2CCCC(C3CCC(C4CCCCC4)CC3)C2)CC1
C1CCC(CC2CCC(CC3CCCCC3)CC2)CC1
C1CCC(CC2CCCC(C3CCC4CCCCC4C3)C2)CC1
C1CCC(CCC2CCCC(C3CCC4CCCC4C3)C2)CC1
C1CCC(C2CCCCC2C2CCCCC2C2CCC3C(CCCC3C3CCCC3)C2)CC1
C1CCC(CCC2CCC(CC3CCCC(C4CCCCC4C4CCCC4)C3)CC2)CC1
C1CCC(CC2CCC(CC3CCC4C(CC5CCCCC5)CCCC4C3)CC2)CC1
C1CCC(CC2CCCC(C3CCC(CCC4CCCCC4C4CCCCC4)CC3)C2)CC1
C1CCC(CC2CCC(CC3CCCC(C4CCCCC4)C3)CC2)CC1
C1CCC(C2CCC(CC3CCC(C4CC(C5CCCC5)C5CCCCC45)CC3)CC2)CC1
C1CCC(CCC2CCC(CCC3CC4CCCCC4C3)CC2)CC1
C1CCC(CC2CCC(C3CCCC(C4CCCCC4)C3)CC2)CC1
C1CCC(C2CCCCC2C2CCC(C3CCCCC3C3CCCCC3)C2)CC1
C1CCC(C2CCCCC2)CC1
C1CCC(CCC2CCC(C3CCCCC3)CC2)CC1
C1CCC(CCCCC2CCC(CC3CCCCC3)CC2)CC1
C1CCC(C(C2CCCCC2)C2CCCCC2C2CCCC2)CC1
C1CCC(CC2CCC(CC3CCCCC3)C(C3CCCCC3)C2)CC1
C1CCC(C2CCCCC2CCC2CCC(C3CCCCC3C3CCC(C4CCCC4)CC3)CC2)CC1
C1CCC(CCC2CC3CCC(C4CCCCC4)CC3C(C3CCCCC3)C2)CC1
C1CCC(CCCC2CCCC(C3CCCCC3)C2)CC1
C1CCC(CCCC2CCC(CCC3CCC4CCCCC4C3)CC2)CC1
C1CCC(CCC2CCCC(CC3CCCCC3C3CCC4CCCCC4C3)C2)CC1
C1CCC(CC2CCC3CC(C4CCC5CCCCC54)CC(C4CCCC4)C3C2)CC1
C1CCC(CC2CCC(CC3CCC(C4CCC5CCCCC54)CC3)CC2)CC1
C1CCC(CC2CCC(C3CCCCC3)CC2)CC1
C1CCC(CC2CCCC(CC3CCC(C4CCCCC4)CC3)C2)CC1
C1CCC(C2CCCC(C3CCCC(CC4CCC5CCCCC54)C3)C2)CC1
C1CCC(CCCC2CCC(C3CCCC(CCC4CCCCC4)C3)CC2)CC1
C1CCC(C2CCC(C3CCCC(C4CCCC(CC5CC6CCCCC6C5)C4)C3)C2)CC1
C1CCC(CC2CCC3C(CC4CCCCC4)CC(C4CCCCC4)C3C2)CC1
C1CCC(CC2CCC(CCCCC3CCC(CC4CCC(C5CCCCC5)CC4)CC3)CC2)CC1
C1CCC(C2CCC(CCCCC3CCC(C4CCCC4)CC3)CC2)CC1
C1CCC(CC2CC(C3CCCCC3)CCC2C2CCCCC2)CC1
C1CCC(CC2CCCCC2C2CCC3CCCCC3C2)CC1
C1CCC(CC2CCCC(C3CCCCC3)C2)CC1
C1CCC(C2CCCCC2)CC1
C1CCC(C2CCCC(C3CCCCC3)C2)CC1
C1CCC(CCCC2CCCC(CCCC3CCCCC3C3CCCCC3)C2)CC1
C1CCC(C2CCC(C3CCCCC3C3CCC4CCCC4C3)C(C3CCCCC3)C2)CC1
C1CCC(CC2CCC(C3CCCCC3)CC2)CC1
C1CCC(CC2CCC(CCC3CCCC(C4CCC5CCC(CC6CCCCC6)CC54)C3)CC2)CC1
C1CCC(CC2CCC(CC3CCCC(CC4CC5CCCCC5C4)C3)CC2)CC1
C1CCC(CCC2CCCC(C3CCCCC3)C2)CC1
C1CCC(CCC2CCC(C(C3CCCCC3)C3CCCC(CC4CC5CCCCC5C4)C3)CC2)CC1
C1CCC(CC2CCCC(C3CCCCC3)C2)CC1
C(CCC1CC1)CCC1CCC2CC(C3CCC4CCCCC43)CC(C3CCCC3)C2C1
C1CCC(C2CCCC(C3CC(C4CCCCC4)CC(C4CCCCC4)C3)C2)CC1
C1CCC(CC2CCCC(CC3CCCC(C4CCCCC4)C3)C2)CC1
C1CCC(CCC2CCCC(C3CCCCC3)C2)CC1
C1CCC(CC2CCCC(C3CCC4CCCC4C3)C2)CC1
C1CCC(C2CCC(CC3CCCCC3C3CCC4CCC(CC5CC5)CC43)CC2)CC1
C1CCC(C2CC(CC3CCCC(C4CCC4)C3)C3CCCCC32)CC1
C1CCC(C2CCC3C(CCC3C3CCCCC3)C2)CC1
C1CCC(CC2CCC(CCC3CCC(CC4CCCC4)CC3)CC2)CC1
C1CCC(CC2CCCC(C3CCC(C4CCCC4)CC3)C2)CC1
C1CC(CC2CCC(C3CCC3)CC2)CC(CC2CCCCC2C2CCCC2)C1
C1CCC(CCC2CCCCC2C2CC(C3CCCCC3)C3CCCCC32)CC1
C1CCC(CC2CCC(C3CCC(C4CCCC4)CC3)CC2)CC1
C1CCC(C2CCCC2C2CC(C3CCC4CCCCC43)CC3CCCCC32)CC1
C1CCC(CC2CCC(C3CCC(C4CCC5CCCCC5C4)CC3)CC2)CC1
C1CCC(CC2CC(C3CCCCC3C3CC(CC4CCCCC4)C4CCCCC43)C3CCCCC23)CC1
C1CCC(C2CCCC(CC3CCCCC3C3CCCCC3)C2)CC1
C1CCC(C2CCC3C(CCC3C3CCCCC3)C2)CC1
C1CCC2CC(C3CCC(CC4CCCCC4C4CCCC4)CC3)CC2C1
C1CCC(CC2CC3CCC(C4CCCCC4)CC3C(C3CCCCC3)C2)CC1
C1CCC(CC2CCC(C3CCC(CCC4CCCC4)CC3)CC2)CC1
C1CCC(C2CCCC(C(C3CCCCC3)C3CCCCC3)C2)CC1
C1CCC(C2CCC(C3CCCCC3)CC2)CC1
C1CCC(CCC2CCC(CCC3CCCCC3C3CCCCC3)CC2)CC1
C1CCC(CCCC2CCC(C3CCCCC3C3CCCC3)C(C3CCCCC3)C2)CC1
C1CCC(C2CCC(C3CCCC(C4CCCCC4)C3)CC2)CC1
C1CCC(CCC2CCCC(CCC3CCCCC3)C2C2CCCCC2)CC1
C1CCC(C2CCCC(C3CCCCC3CC3CCCCC3C3CCC4CCCCC4C3)C2)C1
C1CCC(CCC2CCCC(C3CCCC(C4CCCCC4)C3)C2)CC1
C1CCC(C2CCC3C(CCC3C3CCCC3)C2)CC1
C1CCC(CC2CCC(C3CCC(CC4CCCCC4)CC3)CC2)CC1
C1CCC(CCC2CCC(CCCC3CCCCC3C3CCCCC3)CC2)CC1
C1CCC(CCCC2CC(CCC3CCCCC3)CCC2C2CCC(C3CCCCC3)CC2)CC1
C1CCC(CC2CC(CCC3CCC(C4CCCCC4)CC3)C3CCCCC23)CC1
C1CCC(CC2CCCCC2CCCC2CCC(C3CCCCC3)C(C3CCCC3)C2)CC1
C1CCC(C2CCCC(CC3CC4CCCCC4C3)C2)CC1
C1CCC(CCC2CCC(C3CCC(C4CCCCC4)C(CC4CCCCC4)C3)CC2)CC1
C1CCC(C2CCC(C3CCC(C4CCC(C5CCCC5)CC4)CC3)CC2)CC1
C1CCC(CC2CC(C3CCCCC3)C3CCCC3C2C2CCC(C3CCCCC3)CC2)CC1
C1CCC(CC2CCCCC2C2CCC3C(CCCC3C3CCCCC3)C2)CC1
C1CCC(C2CC3CCCCC3C(C3CCCCC3)C2)CC1
C1CCC(C2CCCC(CC3CCC4CCC(C5CCCCC5)CC4C3)C2)CC1
C1CCC(CCC2CCCC(C3CCC(C4CCC4)CC3)C2)CC1
C(CCC1CCC(CC2CCCCC2)CC1)CCC1CCC(CC2CC2)CC1
C1CCC(CCCC2CCC(CC3CCCCC3)CC2C2CCCCC2)CC1
C1CCC(C2CCCC(CC3CCC(CC4CCCC(C5CCCCC5)C4)CC3)C2)CC1
C1CCC(CC2CCC(C3CCCCC3)CC2C2CCCCC2C2CCC3CCCC3C2)CC1
C1CCC(C2CCC3C(CCC3C3CCCCC3CCCCCC3CC3)C2)CC1
C1CCC(CC2CCC(CCC3CCC(C4CCCCC4)C(C4CCCCC4)C3)CC2)CC1
C1CCC(CC2CCC3C(CC4CCCCC4)CC(C4CCCCC4)CC3C2)CC1
C1CCC(CC2CCC(C3CCCCC3)CC2)CC1
C1CCC(C2CCC(CC3CCCC(CCC4CC5CCCCC5C4)C3)CC2)CC1
C1CCC(C2CC(CCC3CCC4CCCCC4C3)CCC2C2CC2)CC1
C1CCC(C2CCC(CC3CCCC3)CC2)CC1
C1CCC(C2CCCCC2C2CCCC2)CC1
C1CCC(CC2CCCC(CC3CCC(C4CCCCC4)CC3)C2)CC1
C1CCC(CC2CCCCC2C2CCC(CC3CCC(C4CCCC4)CC3)CC2)CC1
C1CCC(C2CCC(C3CCCCC3)CC2)CC1
C1CCC2CC(CCC3CCC(C4CCC5CCCCC54)CC3)CCC2C1
C1CCC(CC2CCCC(CC3CCCC3)C2)CC1
C1CCC(C2CCCCC2C2CCCCC2C2CCCC(C3CCCC3)C2)CC1
C1CCC(CC2CCCCC2CC2CCCC(C(C3CCCCC3)C3CCC3)C2)CC1
C1CCC(CC2CCC(CCC3CCCCC3CC3CCCCC3)CC2)CC1
C1CCC(CCCCC2CCCCC2C2CCCCC2)CC1
C1CCC(CC2CCC3CC(C4CCCCC4)CCC3C2)CC1
C1CCC(CCCC2CCC(CC3CCC(C4CC4)CC3)CC2)C1
C1CCC(CC2CCC(C3CCC(C4CCCCC4)CC3C3CCCC3)CC2)CC1
C1CCC(CCCCC2CCC(CC3CCCCC3)CC2)CC1
C1CCC(C2CCC(CC3CC(CC4CCCC(C5CCC5)C4)C4CCCCC34)CC2)CC1
C1CCC(CC2CCCC(C3CCCC(CC4CCCCC4)C3)C2)CC1
C1CCC(CCC2CCCCC2CCC2CCCCC2)CC1
C1CCC(CC2CCCC(C3CCCCC3)C2)CC1
C1CCC(CC2CCCC(CC3CC(CC4CC5CCCCC5C4)C4CCCCC34)C2)CC1
C1CCC(CCC2CCCCC2)CC1
C1CCC(CC2CCCC(C3CCCC3)C2)CC1
C1CCC(C2CCCC(CCC3CCCC(C4CCC(C5CCC6CCCCC65)CC4)C3)C2)CC1
C1CCC(C2CCCC3CC(CCCCC4CCC(C5CCC6CCCCC6C5)C4)CCC32)CC1
C1CCC(C2CCCC(C3CCCCC3C3CCC4CCCCC43)C2)CC1
C1CCC(CCC2CCC(C3CCCCC3)CC2)CC1
C1CCC(CCC2CCCC(CC3CCCC3)C2)CC1
C1CCC(CCCCC2CCCC(C3CCCCC3)C2)CC1
C1CCC(CCCC2CCC(CC3CC3)CC2CCC2CCCCC2)CC1
C1CCC(CC2CCC(CC3CCC(C4CCCC4)CC3)CC2)CC1
C1CCC(CCCCC2CCC(CCC3CCCCC3)CC2)CC1
C1CCC(C2CCCC(C3CCCCC3)C2)CC1
C1CCC(C2CC(C3CCC3)CC3CCCCC32)CC1
C1CCC(CC2CCC3CCC(C4CCCCC4)C3C2)CC1
C1CCC(CCC2CCCCC2CC2CCCC(CC3CCCCC3)C2)CC1
C1CCC(CCC2CCC(CC3CCCCC3C3CCC(CC4CC5CCCCC5C4)CC3)CC2)CC1
C1CCC2CC(C3CCC(CCC4CCCC(C5CCC6CCCC6C5)C4)CC3)CCC2C1
C1CCC(CC2CCCC(CC(C3CCCCC3)C3CCCCC3)C2)CC1
C1CCC(C2CCC(CCC3CCCCC3C3CCCCC3)CC2)CC1
C1CCC(C2CCC(C3CCCCC3)CC2)CC1
C1CCC(CCCCC2CCC(C3CC(C4CCC(C5CCCCC5)CC4)C4CCCCC34)CC2)CC1
C1CCC(CC2CCCC(C3CCCC(C4CCCCC4)C3)C2)CC1
C1CCC(CC2CCC(CCCC3CCC(C4CCCCC4CC4CCCCC4)C3)CC2)CC1
C1CCC(CC2CCCC(CCC3CC4CCCCC4C3)C2)CC1
C1CCC(CCC2CCCC(C3CCCCC3C3CCCC(C4CCCCC4)C3)C2)CC1
C1CCC(C2CCC(C3CCCC(CCC4CCC5CCCCC54)C3)C2)CC1
C1CCC(CC2CCC(CC3CCCCC3CC3CCCCC3)CC2)CC1
C1CCC(CCCC2CCC(CC3CCCC(CCC4CCCCC4)C3)CC2)CC1
C1CCC(C2CCC(C3CCCC(CCC4CC5CCCCC5C4)C3)CC2)CC1
C1CCC(CCCC2CCC(CCCC3CCCC(C4CCCCC4)C3)CC2)CC1
C1CCC(C2CCC(CC3CCC(C4CCCC4)CC3)CC2)CC1
C1CCC(C2CCCCC2CCC2CCC3CCCC3C2)CC1
C1CCC(CCC2CCC(CCC3CCC(C4CC(C5CCCCC5)C4)CC3)CC2)CC1
C1CCC(CC2CCC(CCC3CCC(CC4CCCC(CC5CC5)C4)CC3)CC2)CC1
C1CCC(CCC2CCCC(C3CCCCC3)C2)CC1
C1CCC(CCC2CCC(CC3CCC4CCCCC43)CC2)CC1
C1CCC(CCCCC2CCCCC2CC2CCC(CC3CCCCC3)CC2)CC1
C1CCC(CCCCC2CC(CC3CCCC(CC4CCCCC4)C3)C3CCCCC23)CC1
C1CCC2CC(CC3CCC(C4CCC(C5CCCCC5C5CCCC5)CC4)CC3)CC2C1
C1CCC(CC2CCC(C3CCCCC3)CC2)CC1
C1CCC(C2CCC(CC3CCCCC3C3CCCC3)CC2)CC1
C1CCC(CC2CC(CC3CCC(C4CCCCC4C4CCCCC4)CC3)C3CCCCC23)CC1
C1CCC(C2CCC(CC3CCCC(C4CCCCC4)C3)CC2)CC1
C1CCC(CCCC2CCC(CC3CCC(CCC4CCCCC4)CC3)CC2)CC1
C1CCC(C2CCC(CC3CCC(C4CCCCC4)CC3)CC2)CC1
C1CCC(CCC2CCCCC2C2CCC(CC3CCCCC3)CC2)CC1
C1CCC(C2CCC(C3CCC4CCCCC43)CC2)CC1
C1CCC(CC2CCCCC2)CC1
C1CCC(C2CCC(C3CCC(C4CCCCC4)CC3)CC2)CC1
C1CCC(C2CCC(CC3CCC4CCCCC43)CC2)CC1
C1CCC(CCC2CCC(CC3CCC(CC4CC5CCCCC5C4)CC3)CC2)CC1
C1CC2CCC(C3CCCC(C4CCCCC4C4CCC5CCCC5C4)C3)CC2C1
C1CCC(CCC2CCC(CCCCC3CC(CC4CCCCC4)C4CCCCC34)CC2)CC1
C1CCC(C2CCC(CCC3CCCC(C4CCCCC4)C3)CC2)CC1
C1CCC(CCCC2CCC(CC3CCCCC3)CC2)CC1
C1CCC(CCCCCC2CCCC(CC3CCC(C4CCCCC4)CC3)C2)CC1
C1CCC(C2CCC(CC3CCCC(C4CCCC(C5CCCCC5)C4)C3)CC2)CC1
C1CCC(CC2CCC(C3CCCCC3)CC2)CC1
C1CCC(CC2CCC(CC3CCC(C4CCC5CCCCC5C4)CC3)CC2)CC1
C1CCC(CCC2CCC(CCC3CCC(CC4CCCCC4)CC3)CC2)CC1
C1CCC(CCC2CC(C3CCCCC3)C3CCC(CCCCC4CCCC4)CC23)CC1
C1CCC(CC2CCC(CCC3CCC4CC(C5CCCCC5)CCC34)CC2)CC1
C1CCC(C2CCC(C3CCCCC3)CC2)CC1
C1CCC(CC2CCCC(C3CCC(C4CCCC(C5CCCCC5)C4)CC3)C2)CC1
C1CCC(C2CCCC(CC3CCCCC3C3CCCCC3)C2)CC1
C1CCC(CC2CC(C3CCCCC3CC3CCCCC3)C3CCCCC23)CC1
C1CCC(CC2CCC3CC(CC4CCCC(C5CCCCC5)C4)CCC23)CC1
C1CCC(CCC2CCC(C3CCCCC3CC3CCC4CCCCC4C3)C2)CC1
C1CCC(CCC2CCCCC2CC2CCCCC2)CC1
C1CCC(C2CCC(CC3CCC(CCC4CC5CCCCC5C4)C(C4CCCCC4)C3)CC2)CC1
C1CCC(CC2CCC(C3CCCCC3C3CCC4CCCCC4C3)CC2)CC1
C1CCC(CCC2CCCC(C3CCCC(CCC4CCCCC4)C3)C2)CC1
C1CCC(CCC2CCC(C3CCCCC3)CC2)CC1
C1CCC(C2CCC(C3CCCCC3)C(C3CCCCC3)C2)CC1
C1CCC(C2CCCCC2CC2CCCC2)CC1
C1CCC(CCCC2CCC(CC3CCCCC3)CC2)CC1
C1CCC(CCC2CCCC3CC(C4CCCCC4CC4CCCCC4)CCC23)CC1
C(CCCC(C1CCCC1)C1CCC(CCC2CC3CCCCC3C2)CC1)CCC1CCCCC1
C1CCC(CCCC2CCC(CC3CC3)CC2CCC2CCCCC2)CC1
C1CCC(C2CCC(C3CC4CCCCC4C3)CC2)CC1
C1CCC(CCC2CCCCC2)CC1
C1CCC(C2CCCCC2CC2CCCCC2C2CCCCC2)CC1
C1CCC(CCC2CC(C3CCCCC3)CC(C3CCCCC3)C2)CC1
C1CCC(CCC2CCCCC2C2CCCCC2)CC1
C1CCC(CC2CCCC(CCC3CC4CCCCC4C3)C2)CC1
C1CCC(C2CCC3CCCC3C2)CC1
C1CCC(C2CCC(C3CCC(C4CCC5CCCCC5C4)C3C3CCCCC3)CC2)CC1
C1CCC(CCCCC2CCCCC2C2CCCCC2)CC1
C1CCC(C2CCC(CCC3CCC(C4CCCC(C5CCCCC5)C4)CC3)CC2)CC1
C1CCC(CCCC2CC(CC3CCC(CC4CCCCC4)CC3)C3CCCCC23)CC1
C1CCC(CC2CCC(C3CCCCC3)CC2)CC1
C1CCC(CCC2CC(CCC3CCC4CCCCC4C3)C3CCCCC23)CC1
C1CCC(CC2CCC(C3CCCCC3)CC2)CC1
C1CCC(CC2CCC(CC3CCCCC3)CC2)CC1
C1CCC(CC2CCC(C3CCCCC3)CC2C2CCC3CCCC3C2)CC1
C1CCC(CCC2CCCC(C3CCCC(C4CCCCC4)C3)C2)CC1
C1CCC(CCCCC2CCCCC2)CC1
C1CCC(CC2CCC3C(CC4CCCCC4)CC(C4CCCCC4)C3C2)CC1
C1CCC(CC2CCC(CC3CCCCC3)CC2)CC1
C1CCC(CC2CCC(C3CCCC(C4CCC5CCCCC5C4)C3)CC2)CC1
C1CCC(CCC2CCC(C3CCCC(C4CCCCC4)C3)C2)CC1
C1CCC(CCC2CCCCC2)CC1
C1CCC(CCCCCC2CCCC(C3CCC(C4CCCCC4)C3)C2)CC1
C1CCC(C2CCC(CC3CCCC(C4CCCCC4)C3)CC2)CC1
C1CCC(CC2CC3CCC(C4CCCCC4)CC3C(C3CCCC3)C2)CC1
C1CCC(C2CC(C3CCCCC3)CC(C3CC3)C2)CC1
C1CCC(CCC2CCC(CC3CCC(C4CCCCC4)CC3)CC2)CC1
C1CCC(CCCCCC2CCC(C3CCCCC3)CC2)CC1
C1CCC(CCC2CCCC(CC3CCCCC3)C2)CC1
C1CCC(CC2CCC(C3CCC(C4CCCC(C5CCCCC5)C4)CC3)CC2)CC1
C1CCC(CC2CCC(C3CCCC(CC4CCCC(C5CCCCC5)C4)C3)CC2)CC1
C1CCC(CC2CCC(CC3CCCC(C4CC(CC5CCCC5)C5CCCCC54)C3)CC2)CC1
C1CCC(CC2CCC(CC3CCCCC3)CC2)CC1
C1CCC(CCCCC2CCC(C3CCCCC3)CC2)CC1
C1CCC(CCCC2CCCCC2C2CCCCC2)CC1
C1CCC(CCC2CCC(CCC3CCCCC3)C(C3CCCCC3)C2)CC1
C1CCC(C2CCCC(C3CCC4CCCCC43)C2)CC1
C1CCC(CC2CCC(CC3CCC(CC4CCCCC4)CC3CC3CCCCC3)CC2)CC1
C1CCC(CCC2CCC(CC3CCCCC3)CC2)CC1
C1CCC(C2CCC(CC3CCCC(C4CCCCC4)C3)CC2)CC1
C1CCC(C2CCCC(C3CCCCC3)C2)CC1
C1CCC(C2CCC(C3CCC(CCCC4CCC5CCCC5C4)CC3)CC2)CC1
C1CCC(CC2CCCC(C3CCCCC3C3CCCC4CCCCC43)C2)CC1
C1CCC(C2CCCC(C3CC(C4CCCCC4)C4CCCCC34)C2)CC1
C1CCC(CCC2CCC(C3CC(C4CCCCC4)C4CCCCC34)CC2)CC1
C1CCC(CC2CCC(CCC3CCC(C4CCCCC4)CC3)CC2)CC1
C1CCC(C2CC(CC3CCCC(C4CCC5CCCCC5C4)C3)C3CCCCC32)CC1
C1CCC(CCC2CCCCC2C2CCCCC2)CC1
C1CCC(CCCCC2CCC3CCC(C4CCC(CC5CCCCC5)CC4)CC23)CC1
C1CCC(CCCC2CCC(CC3CC(C4CCCCC4)C4CCCCC34)CC2)CC1
C1CCC(CC2CCCCC2C2CCC(C3CCCCC3)C(C3CC3)C2)CC1
C1CCC(C2CCC(CC3CCC(C4CCC5CCCCC5C4)CC3)CC2)CC1
C1CCC(CC2CCCCC2C2CCCCC2C2CCCC2)CC1
C1CCC(CCC2CCCC(C3CCCCC3)C2)CC1
C1CCC(CC2CCCCC2CCC2CCC(CCCCC3CC3)CC2)CC1
C1CCC(CCC2CCC(C3CCCCC3)CC2)CC1
C1CCC(CC2CCC(CC3CCC(C4CCCCC4)CC3)CC2)CC1
C1CCC(CC2CCCC(CCC3CC4CCCCC4C3)C2)CC1
C1CCC(CCCC2CCCCC2C2CCCCC2)CC1
C1CCC(C2CCC(C3CCC4CCCCC4C3)C(CC3CC3)C2)CC1
C1CC(CC2CC3CCCCC3C2)CC(C2CCC(CC3CC4CCCCC4C3)CC2)C1
C1CCC(C2CCCC(C3CCCCC3)C2)CC1
C1CCC(C2CCCC(CC3CCCC(C4CC5CCCCC5C4)C3)C2)C1
C1CC(CC2CCCC(C3CCCC(C4CCC(C5CC5)CC4)C3)C2)C1
C1CCC(CC2CCCCC2C2CCC3C(CCCC3C3CCCC3)C2)CC1
C1CCC(C2CCC(C3CCCCC3C3CCCC(C4CCCC(C5CCC6CCCC6C5)C4)C3)CC2)C1
C1CCC(CCC2CCC(CC3CCCCC3)CC2)CC1
C1CCC(CC2CCCC(CCCC3CCCC(C4CCCCC4)C3)C2)CC1
C1CCC(C2CC(C3CCCCC3)CC(C3CCC3)C2)CC1
C1CCC(CC2CCC(C3CCCCC3)CC2)CC1
C1CCC(CCC2CCC(C3CCC(C4CCCCC4)CC3)CC2)CC1
C1CCC(CCCC2CC(CC3CCCCC3)CCC2C2CCCCC2)CC1
C1CCC(CCC2CCCC(C3CCCCC3)C2)CC1
C1CCC(CC2CCC(C3CCC(CC4CCC5CCCCC54)CC3)CC2)CC1
C1CCC(CCC2CCCCC2)CC1
C1CCC(C2CCCCC2C2CCC(C3CC4CCCCC4C3)CC2)CC1
C1CCC(CCCC2CCCCC2C2CCCCC2)CC1
C1CCC(CC2CCCC(C3CCC(C4CCC(C5CC5)CC4)CC3)C2)CC1
C1CCC(C2CCCCC2C2CCC(C3CCCC3)CC2)CC1
C1CCC(C2CCCCC2C2CCC(CC3CCCC3)CC2)CC1
C1CCC(CCCC2CCCC(C3CCC(C4CCCCC4)CC3)C2)CC1
C1CCC(C2CCCCC2)CC1
C1CCC(CC2CC(C3CCCCC3)CC(C3CCCCC3C3CCCC3)C2)CC1
C1CCC(CCC2CC(C3CCCCC3)CCC2C2CCCC(C3CCCCC3)C2)CC1
C1CCC(C2CCCC(C3CC4CCCCC4C3)C2)CC1
C1CCC(C2CCC(C3CCCCC3C3CCC4CCCC4C3)C(C3CCCCC3)C2)CC1
C1CCC(CCC2CCCCC2)CC1
C1CCC(CCC2CCCC(C3CCC4CCCC4C3)C2)CC1
C1CCC(CC2CCC(CC3CCCCC3)CC2)CC1
C1CCC(CC2CCCC(C3CCC(CC4CC5CCCCC5C4)CC3)C2)C1
C1CCC(CCC2CCC(CCC3CCCC(CC4CC4)C3)CC2)CC1
C1CCC(CC2CCCC(C3CCCCC3)C2)CC1
C1CCC(CC2CCCCC2C2CCC(CCC3CCC4CCCCC4C3)CC2)CC1
C1CCC(CCC2CCC(CC3CCC(CC4CC5CCCCC5C4)CC3)CC2)CC1
C1CCC(CCC2CCC(CC3CCC(C4CCCCC4)CC3)CC2)CC1
C1CCC(CC2CCCCC2C2CCC(C3CCCC3)CC2)CC1
C1CC2CCC(C3CCCC(C4CCCCC4C4CCCCC4C4CCCC4)C3)CC2C1
C1CCC(CCC2CCC(C3CCCCC3)CC2)CC1
C1CCC(C2CCC3CCC(C4CCCCC4C4CCC5CCCCC54)CC3C2)CC1
C1CCC(C2CCCC(C3CCCCC3C3CCCCC3)C2)CC1
C1CCC(CC2CCC(CC3CCCC(CC4CCCC(CC5CCCCC5)C4)C3)CC2)CC1
C1CCC(CCC2CCC(CC3CCC(CCC4CCC(C5CCCC5)CC4)CC3)CC2)CC1
C1CCC(C2CCCCC2C2CCCC(C3CCC4CCCCC43)C2)CC1
C1CCC(CCC2CC3CCC(C4CCCCC4)CC3C(C3CCCCC3)C2)CC1
C1CCC(CCC2CCCCC2C2CCC3CCCC3C2)CC1
C1CC(CCC2CC2)CC(CC2CCC3CCCC3C2)C1
C1CCC(CC2CCCC(CC3CC3)C2)CC1
C1CCC(CCC2CCCC(C3CCCCC3)C2)CC1
C1CCC(CCCC2CCCC(C3CCCCC3)C2)CC1
C1CCC(CCC2CCCC(CC3CCCCC3)C2)CC1
C1CCC(CC2CC(C3CCCC(C4CCCCC4)C3)C3CCCCC23)CC1
C1CCC(CCC2CCC(CCC3CCCC(CCCCC4CC5CCCCC5C4)C3)C(C3CCCCC3)C2)CC1
C1CC(C2CCC(CCC3CCC(C4CC5CCCCC5C4)CC3)CC2)C1
C1CCC(CC2CCC(CC3CCCCC3)CC2)CC1
C1CCC(C2CCC(C3CCCC(CCC4CC5CCCCC5C4)C3)CC2)C1
C1CCC(CC2CCC(C3CCCCC3C3CCC4CCCCC4C3)CC2)CC1
C1CCC(CCC2CCCCC2C2CCCCC2)CC1
C1CCC(C2CCCC(C3CCCC(C4CCC5CCCC5C4)C3)C2)CC1
C1CCC(CCC2CCC(C3CCCCC3)CC2)CC1
C1CCC(CC2CCC(C3CCCCC3)CC2)CC1
C1CCC(CC2CCC(C3CCCC(CC4CCCCC4)C3)CC2)CC1
C1CCC(CC(CC2CCCCC2C2CCCCC2)CC2CCCC3CCCCC32)CC1
C1CCC(CC2CCC(C3CCCCC3)C2CC2CCCCC2)CC1
C1CCC(CC2CCC(CC3CCCC(C4CCCCC4)C3)CC2)CC1
C1CCC(CC2CCCC(C3CCCCC3)C2)CC1
C1CCC(CC2CCCC(C3CCCC(C4CCCCC4)C3)C2)CC1
C1CCC(CC2CCC(C3CCCCC3)CC2)CC1
C1CCC(CC2CCCCC2C2CCC3C(CC4CCC(CC5CC5)CC4)CCCC3C2)CC1
C1CCC(CC2CCC(C3CCCCC3)CC2)CC1
C1CCC(C2CCCC(C3CC(C4CCC5C(CCCC5C5CCCCC5)C4)C4CCCCC34)C2)CC1
C1CCC(CC2CCC(CCC3CCCCC3C3CCCCC3)CC2)CC1
C1CCC(CCC2CCC3CC(C4CCC5CCCCC54)CCC3C2)CC1
C1CCC(CCCCC2CC(CC3CCCCC3)CCC2C2CCCCC2)CC1
C1CCC(CC2CCC(CC3CCCCC3)CC2)CC1
C1CCC(CC2CCC(C3CCCCC3)CC2)CC1
C1CCC(CCC2CCCCC2C2CCCCC2C2CCCC2)CC1
C1CCC(CC2CCCC(C3CCC(C4CCC5CCCCC54)CC3)C2)CC1
C1CCC(CC2CCC(CCCC(CC3CCC(CC4CCCCC4)CC3)C3CCCCC3)CC2)CC1
C1CCC(CC2CCCC(C3CCCCC3)C2)CC1
C1CCC(CC2CC(C3CCCCC3)C3CCCCC23)CC1
C1CCC(C2CCC(CCC3CCCCC3C3CCCCC3)C2)CC1
C(CCCC1CCC(CC2CC3CCCCC3C2)CC1)CCC1CCC(CC2CCCCC2)CC1
C1CCC(CCC2CCC(CCCC3CCCC(CC4CCCCC4)C3)CC2)CC1
C1CCC(CC2CCC(C3CCCCC3C3CCCC3)CC2)CC1
C1CCC(C2CCC(C3CCCC(C4CC5CCCCC5C4)C3)CC2)CC1
C1CCC(CCCC2CCC(CC3CCC(CCCC4CCCCC4)CC3)CC2)CC1
C1CCC(CC2CCC(CC3CCCCC3)CC2)CC1
C1CCC(CC2CCCCC2C2CCCC2CC2CCCCC2)CC1
C1CCC(C2CCCCC2)CC1
C1CCC(CCCCCC2CCCC(CC3CCC(C4CCCCC4)CC3)C2)CC1
C1CCC(CC2CCC(C3CCC(CC4CCC(C5CCCC6CCCCC65)CC4)CC3)CC2)C1
C1CCC(C2CCC(C3CCCCC3)C(C3CCC4CCCCC4C3)C2)CC1
C1CCC(CCCC2CCC(CCC3CCCCC3CCC3CCCCC3)CC2)CC1
C1CCC(CC2CCC(C3CCCC(C4CCCCC4)C3)CC2)CC1
C1CCC(C2CC3CCC(CCC4CCCC4)CC3C(C3CCCCC3)C2)CC1
C1CCC(CC2CCCCC2C2CCCCC2C2CCCCC2C2CCCC2)CC1
C1CCC(CCCC2CCCC(CC3CCCCC3)C2)CC1
C1CCC(C2CCC(C3CCC4CCCCC4C3)C(C3CCCCC3)C2)CC1
C1CCC(CCCCCC2CC(C3CCCCC3)C3CCCCC23)CC1
C1CCC(CCC2CCCC(C3CCCCC3)C2)CC1
C1CCC(CC2CCC(CCC3CCCC(C4CCCCC4)C3)CC2)CC1
C1CC(CC2CC2)CC(CC2CCC(C3CCC(CC4CC5CCCCC5C4)CC3)CC2)C1
C1CCC(C2CCC(C3CCC(C4CCCCC4C4CCCC4)CC3)CC2)CC1
C1CCC(CC2CCC(C3CCCC(C4CCCCC4)C3)CC2)CC1
C1CCC(C2CCCC(CC3CCCC(C4CCC4)C3)C2)C1
C1CCC(C2CCCC(CC3CCCC(CCC4CC(C5CCCCC5)C5CCCCC45)C3)C2)CC1
C1CCC(C2CCC3C(CCCC3C3CCCC(C4CCCC4)C3)C2)CC1
C1CCC(CC2CCC(C3CCC(C4CCCC4)CC3)CC2)CC1
C1CCC(C2CCCC(CC3CC(C4CCCC(C5CCCCC5)C4)C4CCCCC34)C2)CC1
C1CCC(CCC2CC(C3CCCCC3)C3CCCCC23)CC1
C1CCC(C2CCCC(C3CCCCC3)C2)CC1
C1CCC(CCCCC2CCC(CC3CCC(C4CCCCC4)CC3)CC2)CC1
C1CCC(C2CCCCC2)CC1
C1CCC(CC2CCC(C3CC4CCCCC4C3)C(CC3CCCCC3)C2)CC1
C1CCC(CC2CCC(CCCC3CCCC(CC4CCCCC4)C3)CC2)CC1
C1CCC(CC2CCCC(C3CCCC(C4CCCCC4)C3)C2)CC1
C1CCC(CCC2CCCCC2C2CCC(CC3CCCCC3)CC2)CC1
C1CCC(C2CCC(C3CCCCC3)CC2)CC1
C1CCC(CC2CCCC(C3CC4CCCCC4C3)C2)CC1
C1CCC(C2CCCCC2C2CCC(C3CC3)CC2C2CCCCC2)CC1
C1CCC(CC2CCCC(C3CCCC(C4CCCCC4)C3)C2)CC1
C1CCC(C2CCCC(CC3CCCC(C4CCCCC4)C3)C2)CC1
C1CCC(C2CCC(C3CC(C4CCCCC4)C4CCCCC34)CC2)CC1
C1CCC(C2CCC(C3CCCC(C4CCCC(C5CCCCC5)C4)C3)CC2)CC1
C1CCC(CC2CCCCC2)CC1
C1CCC(C2CCCC(C3CCCCC3)C2)CC1
C1CCC(CCCC2CCC(CCCC3CC3)CC2)CC1
C1CCC(C2CCCCC2)CC1
C1CCC(CC2CCCC3CCCCC32)CC1
C1CCC(CCC2CC(CCCC3CC3)CCC2C2CCCCC2)CC1
C1CCC(CC2CCC(CCC3CCCC3)C(C3CCCCC3)C2)CC1
C1CCC(CCCCC2CCCCC2C2CCC3CCCCC3C2)CC1
C1CCC(C2CCC(C3CCCCC3C3CCC(C4CCC(C5CCC6CCCC6C5)CC4)CC3)CC2)CC1
C1CCC(CC2CCC(CC3CCCC(CC4CCCCC4)C3)CC2)CC1
C1CCC(CC2CCCCC2C2CCCCC2C2CCCCC2)CC1
C1CCC(C2CCC(CC3CCC(C4CCCCC4C4CCCC4)CC3)CC2)CC1
C1CCC2C(C1)CCC2CC1CCCC(C2CCC3CCCCC32)C1
C1CCC(C2CCCC(C3CCCCC3CCC3CCCCC3C3CCCC3)C2)CC1
C1CCC(CCC2CCC(C3CCCC(C4CC4)C3)CC2)CC1
C1CCC(C2CC(CCC3CCC(CC4CCCC4)CC3)CC(C3CCCCC3)C2)CC1
C1CCC(CC2CCCCC2CCC2CCC(C3CCCCC3)CC2)CC1
C1CCC(CCC2CCCCC2)CC1
C1CCC(C2CCC(CC3CCCC(CCC4CCCC(C5CCCCC5)C4)C3)CC2)CC1
C1CCC(C2CCCC(C3CCCCC3C3CCCCC3C3CCCCC3)C2)CC1
C1CCC(CC2CCC(CCC3CCCC(C4CCCCC4)C3)CC2)CC1
C1CCC(CCC2CCC(C3CCCCC3)C(C3CCC4CCCC4C3)C2)CC1
C1CCC(C2CCC(CC3CCC4CCCCC4C3)CC2)CC1
C1CCC(CC2CCC(CC3CCC(C4CCCC(CC5CC6CCCCC6C5)C4)CC3)CC2)CC1
C1CCC(CCC2C(C3CCCCC3)CC(C3CCCCC3)CC2C2CCCC(CC3CCCCC3)C2)CC1
C1CCC(CCCC2CCC(CC3CCC(C4CCC(CC5CC6CCCCC6C5)CC4)CC3)CC2)CC1
C1CCC(CC2CCC(C3CCC(C4CCCCC4)C(C4CCCCC4)C3)CC2)CC1
C1CCC(CC2CCC(C3CCCCC3)CC2)CC1
C1CCC(CC2CCCC(CC3CC(CC4CCCC(C5CCC5)C4)C4CCCCC34)C2)CC1
C1CCC(CCC2CCCC(C3CC(CC4CCC(CC5CCCCC5)CC4)C4CCCCC43)C2)CC1
C1CCC(CC2C(C3CCCCC3)CC(C3CCCCC3)CC2C2CCCC2)CC1
C1CCC(CCC2CCC(CC3CCC(CC4CCCC(C5CCCC5)C4)CC3)CC2)CC1
C1CCC(CCCCC2CCC(CC3CCCCC3)CC2)CC1
C1CCC(CC2CCCCC2C2CCC3CCCCC32)CC1
C1CCC(C2CCC(CC3CCC(CC4CCCC(C5CCCCC5)C4)CC3C3CCCC3)CC2)CC1
C1CCC(CCCC2CCC(C3CCCCC3)CC2)CC1
C1CCC(CC2CCCCC2)CC1
C1CCC(CCCCC2CCC(CC3CCCCC3)CC2)CC1
C1CCC(C2CCC(C(CCCC3CCC4CCCC4C3)C3CCCCC3)CC2)CC1
C1CCC(CCCCC2CCCC(CCC3CC4CCCCC4C3)C2)CC1
C1CCC(C2CCC(CC3CC(C4CCCCC4)C(C4CCCCC4)C(C4CCCCC4)C3)CC2)CC1
C1CCC(CC2CC(C3CCCC4CCCCC43)C3CCCCC23)CC1
C1CCC(CCC2CCC(C3CCCCC3)C2)CC1
C1CCC(CCCC2CC(C3CCCCC3)CCC2C2CCCCC2)CC1
C1CCC(C2CCCC(CCC3CCCC(C4CCCCC4C4CCCCC4)C3)C2)CC1
C1CCC(CC2CCC(C3CCCCC3)CC2)CC1
C1CCC(CC2CCCCC2C2CCCCC2)CC1
C1CCC(CC2CCC(C3CC(C4CCC5CCCCC54)CC4CCCCC43)CC2)CC1
C1CCC(CC2CCC(C3CCC(C4CCC(CC5CCCC5)CC4)CC3)CC2)CC1
C1CCC(C2CCC3C(CCC3C3CCC(C4CCCC(C5CC5)C4)CC3)C2)CC1
C1CCC(CC2CCCC(C3CCCC(C4CCC(CC5CC6CCCCC6C5)CC4)C3)C2)CC1
C1CCC(CCCC2CCCC(C3CCC(C4CC5CCCCC5C4)CC3)C2)C1
C1CCC(C2CCCC(C3CCCC(CCCC4CCCC5CC(C6CCCCC6)CCC45)C3)C2)CC1
C1CCC(CC2CCC(C3CC(CC4CCCCC4)C4CCCCC43)CC2)CC1
C1CCC(CCC2CCCCC2CC2CC3CCCCC3C2)CC1
C1CCC(CCCC2CCC(CC3CCC(C4CCC(C5CCCC5)CC4)CC3)CC2)CC1
C1CCC(CCCCC2CCC(C3CCCC3)CC2CCCC2CCCCC2)CC1
C1CCC(CCC2CCCC(CCC3CCC4CCCCC4C3)C2)CC1
C1CCC(CC2CCCCC2C2CCCCC2C2CCC3CCCC3C2)CC1
C1CCC(C2CCC(C3CCCCC3C3CCCCC3)CC2)CC1
C1CCC(C2CCCC(C3CCCCC3)C2)CC1
C1CCC(CCCC2CCC(C3CCCCC3)CC2C2CCCC2)CC1
C1CCC(C2CCC(CC3CCCCC3C3CCCCC3)CC2)CC1
C1CCC(CC2CCC(C3CCCC(C4CCCCC4)C3)CC2)CC1
C1CCC(CC2CCCCC2C2CCCC(CC3CCC(C4CCCCC4)CC3)C2)CC1
C1CCC(CC2CCC(C3CCCCC3)CC2)CC1
C1CCC(CC2CCCCC2C2CCCC(C3CCC(CCC4CCC4)CC3)C2)CC1
C1CCC(C2CCC(C3CCCC(C4CCCCC4)C3)CC2)CC1
C1CCC(CC2CCCCC2CC2CC(C3CCCCC3)C3CCCCC23)CC1
C1CCC(CC2CCCC(C3CCCCC3)C2)CC1
C1CCC(C2CCC(C3CCCC(C4CCCC4)C3)CC2)CC1
C1CCC(CC2CCC(CCC3CCC4CCCCC43)C(C3CCCCC3)C2)CC1
C1CCC(C2CCC(C3CCCCC3)CC2)CC1
C1CCC(CC2CCC(CCC3CCCC(C4CCCCC4)C3)C(C3CCCCC3)C2)CC1
C1CCC(CC2CCC(C3CCCC(CC4CC5CCCCC5C4)C3)CC2)C1
C1CCC(CCCC2CCC(CC3CCCCC3)CC2)CC1
C1CCC(C2CCCC(CCC3CCCC(C4CCC5CCCCC54)C3)C2)CC1
C1CCC(CCCC2CCC(CC3CCCCC3)CC2)CC1
C1CCC(CCCC2CCC(C3CCCCC3)CC2C2CCCCC2)CC1
C1CCC(CCC2CCCC(C3CCC(CCC4CCCCC4C4CCCCC4)CC3)C2)CC1
C1CCC(CC2CCC(C3CCCCC3)CC2)CC1
C1CCC(C2CCC(C3CCC4CCCCC4C3)C(CC3CCC(C4CCCC4)CC3)C2)CC1
C1CCC(C2CCCCC2C2CCC3C(CCCC3C3CCCCC3)C2)CC1
C1CCC(CCC2CCCCC2C2CCCCC2)CC1
C1CCC(CCC2CCC(CC3CCC(C4CCCCC4)CC3)CC2)CC1
C1CCC(CCCC2CCC(CC3CCCCC3)CC2)CC1
C1CCC(CCC2CCCCC2C2CCCCC2)CC1
C1CCC(CC2CCC(C3CCC4CCCC(CC5CCC6CCCC6C5)C4C3)CC2)CC1
C1CCC(C2CC(C3CCCC3)C3CCCCC23)CC1
C1CCC(C2CCCC(CC3CC4CC(C5CCCCC5)CCC4C(C4CC4)C3)C2)CC1
C1CCC(CCCC2CCC(C3CCC4CCCCC43)CC2)CC1
C1CCC(C2CCCC(C3CCCC(C(C4CCCCC4)C4CCCCC4)C3)C2)CC1
C1CCC(CC2CCC(CC3CCCCC3)CC2)CC1
C1CCC(CC2CCC(CC3CCCC3)CC2)CC1
C1CCC(CCC2CCC(CC3CCC(CCC4CCCCC4)CC3)CC2)CC1
C1CCC(C2CCCC(C3CCCC(C4CCCC(C5CCCC5)C4)C3)C2)CC1
C1CCC(CC2CCC(C3CCCCC3)C(C3CCCCC3)C2)CC1
C1CCC(CC2CCC(C3CCCCC3)CC2)CC1
C1CCC(CCCC2CCC(CCC3CCCCC3)CC2)CC1
C1CCC(C2CCC(C3CCCC4CCCCC43)CC2)CC1
C1CCC(CC2CCC(CC3CCCCC3C3CCCC3)CC2)CC1
C1CCC(C2CCCCC2CCC2CCCCC2CC2CC3CCCCC3C2)CC1
C1CCC(C2CCCC(C3CCCCC3)C2)CC1
C1CCC(CCC2CCC(C3CCCCC3)CC2)CC1
C1CCC(CC2CCC(CC3CCC(CC4CCCCC4)CC3)CC2)CC1
C1CCC(CCC2CC(C3CCC(C4CCCCC4)CC3)CCC2C2CCCCC2)CC1
C1CCC(CCCC2CCC(CCC3CCC(CC4CCCCC4)CC3)CC2)CC1
C1CCC(CCCCC2CCCC(CCC3CCCCC3)C2)CC1
C1CCC(C2CCCC(CCC3CCC(C4CC5CCCCC5C4)CC3)C2)CC1
C1CCC(CC2CCC(CCC3CCCC(CC4CCCCC4)C3)CC2)CC1
C1CCC(CCCC2CC(CC3CCCCC3)C3CCCCC23)CC1
C1CC(CCC2CC2)CC(CCC2CCCC(C3CCC(C4CCC5CCCCC54)CC3)C2)C1
C1CCC(CC2CCC3C(CC4CCC(CC5CCCC5)CC4)CC(C4CCCCC4)C3C2)CC1
C1CCC(CC2CCCC3CC(C4CCCC(C5CCC(C6CCCC6)CC5)C4)CCC23)CC1
C1CCC(CCC2CCC(CC3CCCCC3CCCC3CCCC3)CC2)CC1
C1CCC(CCCC2CC(CC3CCC4CCCCC4C3)CCC2C2CCCCC2)CC1
C1CCC(C2CCC(C3CCCC(CC4CCC(C5CCCC(CC6CCC6)C5)CC4)C3)CC2)CC1
C1CCC(C2CCCC(C3CCCC(C4CCCCC4)C3)C2)CC1
C1CCC(C2CCCC(C3CCC3)C2)CC1
C1CCC(CC2CCCCC2C2CCC(C3CCCCC3)CC2)CC1
C1CCC(CC2CCC(CCC3CCC4CCC(C5CCCC5)C4C3)CC2)CC1
C1CCC(C2CCCC(C3CCCCC3)C2)CC1
C1CCC(CCC2CCC(CC3CCCCC3)CC2)CC1
C1CCC(C(CCC2CCC(CC3CCC(CC4CCC5CCCCC54)CC3)CC2)C2CCCC2)CC1
C1CCC(C2CCC(CCC3CC4CCCCC4C3)CC2)CC1
C1CCC(CCCC2CCCC(C3CCCCC3)C2)CC1
C1CCC(CC2CCCC(C3CCCCC3C3CCC4CCCCC4C3)C2)CC1
C1CCC(C2CCC(CC3CCCC(C4CCCCC4C4CCCCC4)C3)CC2)CC1
C1CCC(CCCCC2CCC(CCC3CCC(CC4CCCCC4)CC3)CC2)CC1
C1CCC(C2CCC(C3CCCCC3C3CCC4CCCC4C3)CC2)CC1
C1CCC(CCCC2CCCC(C3CCC(CC4CCCCC4)CC3)C2)CC1
C1CCC(CCC2CCC(CC3CCC(CC4CCCCC4)CC3)CC2)CC1
C1CCC(CC2CCCC(C3CCCC(C4CCCCC4)C3)C2)CC1
C1CCC(CC2CC(C3CCC3)CC(C3CCC(C4CCC5CCCCC54)CC3)C2)CC1
C1CC(CC2CC(C3CCC4CCCCC43)CC3CCCCC32)CC(C2CC2)C1
C1CCC(CC2CCC(C3CCC(CC4CCC(C5CCCC5)C4)CC3)CC2)CC1
C1CCC(CCCC2CCC(CC3CCC(CC4CCCCC4)CC3)CC2)CC1
C1CCC(C2CCC(CC3CCCC(CC4CCC5C(CCC5C5CCCCC5)C4)C3)CC2)CC1
C1CCC(CCC2CCCC(CCC3CCC(C4CCCCC4)CC3)C2)CC1
C1CCC(C2CCC(CC3CCCC(C4CCCCC4C4CCCC4)C3)CC2)CC1
C(CCCC1CCC(CCC2CCCCC2)CC1)CCC1CCCCC1
C1CCC(CC2CCCC(C3CCCCC3)C2)CC1
C1CCC(CC2CCCCC2C2CCC(CC3CCC(C4CCCC4)CC3)CC2)CC1
C1CC(C2CCC(C3CCCC(C4CCC4)C3)CC2)C1
C1CCC(C2CCCC(C3CCC4CCCCC43)C2)CC1
C1CCC(CCC2CCC(CC3CCCCC3)CC2)CC1
C1CCC(C2CCC(C3CCC(CC4CCC5CCCCC5C4)CC3)CC2)CC1
C1CCC(CCC2CCCC(CC3CCCC(C4CCC5CCCC5C4)C3)C2)CC1
C1CCC(C(CCCC2CCC(C3CCCC3)CC2)C2CCCCC2)CC1
C1CCC(C2CCCC(CC3CCCC(C4CCCC4)C3)C2)CC1
C1CCC(CCCCC2CCCC3CC(C4CCCCC4C4CCC5CCCC5C4)CCC23)CC1
C1CCC(CCCC2CCC(CC3CCCC(CC4CCCCC4)C3)CC2)CC1
C1CCC(CCC2CCC(CC3CCCCC3)CC2)CC1
C1CCC(C2CCC(C3CCCCC3C3CCC(C4CCCCC4C4CCCCC4)C3)CC2)CC1
C1CCC(C2CCCC(C3CCC(CC4CCCC4)CC3)C2)CC1
C1CCC(CC2CCCC(CC3CCCC4CC(C5CCCCC5)CCC34)C2)CC1
C1CCC(CC2CCC(C3CCCCC3)CC2)CC1
C1CCC(CC2CCC(CC3CCC(CC4CCCCC4)CC3)CC2)CC1
C1CCC(C2CCC(C3CCCCC3C3CCC4C(CCCC4C4CCCCC4)C3)CC2)CC1
C1CCC(C2CCC(C3CC(C4CCCCC4)C4CCCCC34)CC2)CC1
C1CCC(C2CCCC(C3CCC(C4CCCCC4)C(C4CCCC5CCCCC54)C3)C2)CC1
C1CCC(CCC2CCCCC2C2CCC3CCCC(C4CCCCC4)C3C2)CC1
C1CCC(CC2CCCC(C3CC(CC4CCCC(C5CCC5)C4)C4CCC(C5CCC6CCCCC65)CC43)C2)CC1
C1CCC(CCCCC2CCCC(CCC3CCCCC3)C2)CC1
C1CCC(CCCC2CCC(CC3CCCCC3)CC2CCCC2CCC3CCCCC3C2)CC1
C1CCC(CC2CCC(C3CCC(C4CCCCC4CC4CCCCC4)C(C4CCCC4)C3)CC2)CC1
C1CCC(CCC2CCC(C3CCCC(C4CCCCC4)C3)CC2)CC1
C1CCC(CCC2CCC(C3CCCCC3)CC2)CC1
C1CCC(CC2CCC(C3CCCC(CC4CCCCC4)C3)CC2)CC1
C1CCC(C2CCC(C3CCCC3)CC2)CC1
C1CCC(C2CCCCC2C2CCCCC2)CC1
C1CCC(CC2CCCC(CC3CCCCC3CC3CCCCC3)C2)CC1
C1CCC(CCC2CCCCC2CC2CCCCC2)CC1
C1CCC(CCCCC2CCC3C(CCC3C3CCCC3)C2)CC1
C1CCC(CCC2CCC(CC3CCCCC3)CC2)CC1
C1CC(C2CCCC(CC3CCC(CC4CCC(C5CCC6CCCCC65)CC4)CC3)C2)C1
C1CCC(CC2CCC(C3CCCCC3)CC2)CC1
C1CCC(C2CCC(C3CCCCC3C3CCCC3)CC2)C1
C1CCC(CCCC2CCC(C3CCCCC3)CC2)CC1
C1CCC(C2CCCC(CCC3CCC(C4CC5CCCCC5C4)CC3)C2)CC1
C1CCC(CC2CCC(C3CCCCC3)CC2)CC1
C1CCC(CCCCC2CCCC(CC3CCCCC3)C2)CC1
C1CCC(CC2CCC(C3CCCCC3)CC2)CC1
C1CCC(CCCC2CCCCC2C2CCCCC2)CC1
C1CCC(CCCCCC2CC(CC3CCCCC3)CCC2CC2CCCCC2)CC1
C1CCC(CCCC2CCCCC2C2CCCCC2)CC1
C1CCC(CCC2CCCC(C3CCCC(C4CCCC(C5CCCCC5)C4)C3)C2)CC1
C1CCC(CCCC2CCCC(C3CCCCC3)C2)CC1
C1CCC(C2CCC(C3CCCCC3)C(C3CCC4CCCC4C3)C2)CC1
C(CC1CCCC(CC2CCC3CCCCC32)C1)CC1CC2CCCCC2C1
C1CCC(CC2CCCCC2C2CCCC(C3CCCC(C4CCCC4)C3)C2)CC1
C1CCC(CC2CCCCC2C2CCCCC2)CC1
C1CCC(CC2CCCC(C3CCCC(C4CCCCC4)C3)C2)CC1
C1CCC(CCCCC2CCC3CC(C4CCC5CCCCC54)CC(C4CCCCC4)C3C2)CC1
C1CCC(CCCC2CCCC(C3CCCCC3C3CCCCC3)C2)CC1
C1CCC(CCC2CCC(CC3CCCC(C4CCC(C5CCCC5)CC4)C3)CC2)C1
C1CCC(CCCCC2CCC(CC3CCC(CCC4CCCCC4)CC3)CC2)CC1
C1CCC(CCCC2CCCCC2CC2CCCCC2)CC1
C1CCC(CCC2CCCC(CCC3CCCC(C4CCCCC4)C3)C2)CC1
C1CCC(CCCC2CC(CC3CCCCC3)C3CCC(C4CCCCC4)CC23)CC1
C1CCC(CCC2CC(CC3CCCCC3C3CCCCC3)CC(C3CCCCC3)C2)CC1
C1CCC(CC2CC(C3CCC(C4CCC4)CC3C3CCCCC3CC3CCCC3)C3CCCCC23)CC1
C1CCC(C(C2CCCCC2)C2CCCCC2)CC1
C1CCC(CCCCCC2CCC(C3CCCCC3)C(C3CCCCC3)C2)CC1
C1CCC(C2CCCC(C3CCC(C4CCCCC4)C(C4CCCC4)C3)C2)CC1
C1CCC(CC2CCCCC2CCC2CCC(C3CCCCC3)CC2)CC1
C1CCC(CCC2CCC(C3CCC(C4CCCCC4)C3)CC2)CC1
C1CCC2CC(CC3CCCCC3C3CCC4CCCCC43)CC2C1
C1CCC(CCCCC2CCC(CC3CC(CC4CCCCC4)C4CCCCC34)CC2)CC1
C1CCC(CC2CCCC(CC3CCCCC3)C2)CC1
C1CCC(CCC2CCCC(C3CCC4CC(CC5CCCCC5)CCC43)C2)CC1
C1CCC(C2CC(C3CCC3)CC(C3CCC4CCCC4C3)C2)CC1
C1CCC(C2CCC(C3CCC3)CC2)CC1
C1CCC(CC2CCC(CC3CCCCC3)CC2)CC1
C1CCC(CC2CC(C3CCC(CC4CCCC(C5CCC5)C4)CC3)C3CCCCC23)C1
C1CCC(CC2CC(C3CCCCC3)C3CC(C4CCCCC4)CCC23)CC1
C1CCC(C2CCC(CCC3CCC(C4CCCC4)CC3C3CCC4C(CCC4C4CCCC4)C3)C2)CC1
C1CCC(CC2CCC(C3CCCC(C4CCCCC4)C3)CC2)CC1
C1CCC(CC2CCC(CCC3CCCCC3C3CCCC3)CC2)CC1
C1CCC(C2CCCC(C3CCC(CC4CCC5CCCC5C4)CC3)C2)CC1
C1CCC(CC2CCC(CC3CCCC(CCC4CC5CCCCC5C4)C3)CC2)CC1
C1CCC(CC2CC(CC3CCC(C4CCCCC4)CC3)CC(C3CC4CCCCC4C3)C2)CC1
C1CCC(CC2CCCC(C3CCCC(C4CCCCC4)C3)C2)CC1
C1CCC(C2CCC(CCCC3CCCC(C4CCCCC4)C3)CC2)CC1
C1CCC(C2CCC(C3CCCC(CC4CCCC4)C3)CC2)CC1
C1CCC(CCCCC2CCC(CC3CCC(C4CCCCC4)CC3)CC2)CC1
C1CCC(CC2CCC(CCCC3CC(CC4CCCCC4)C4CCCCC34)CC2)CC1
C1CCC(C2CCC(C3CCCCC3)C(CCC3CCCCC3C3CCCC3)C2)CC1
C1CCC(C2CCC(CCC3CC(C4CC4)CCC3C3CCCCC3)CC2)CC1
C1CCC(CC2CC(C3CCC(C4CCCCC4)CC3)C3CCCCC23)CC1
C1CCC(CC2CCCCC2C2CCCC(C3CCCCC3)C2)CC1
C1CCC(CC2CCC(C3CCCCC3)C(C3CCC4CCCC4C3)C2)CC1
C1CCC(CCCC2CCC(CC3CCCCC3)CC2)CC1
C1CCC(C2CCC(CC3CCCC(C4CCCCC4)C3)CC2)CC1
C1CCC(CCC2CCC(CC3CCCCC3)CC2)CC1
C1CCC(C2CC(CC(C3CCCCC3)C3CCCC4CCCCC43)CC3CCCCC32)CC1
C1CCC(CC2CCCCC2C2CCC3CC(C4CCCCC4C4CCC(C5CCCCC5)C4)CCC32)CC1
C1CCC(CC2CCCC(C3CCC(C4CCCCC4)CC3)C2)CC1
C1CCC(C2CCC(C3CC3)CC2)CC1
C1CCC(C2CCCC(C3CCCCC3)C2)CC1
C1CCC(C2CCCC(C3CCCCC3)C2)CC1
C1CCC(CCCC2CCCC(CC3CCCCC3)C2)CC1
C1CCC(CCCC2CCC(C3CCCCC3)CC2)CC1
C1CCC(CC2CCCC(C3CCCC(C4CCCCC4)C3)C2)CC1
C1CCC(C2CC(CCCC3CC3)CC(C3CCCCC3)C2)CC1
C1CCC(C2CCCC(CC3CC4CCCCC4C(C4CCCCC4)C3)C2)CC1
C1CCC(CCC2CCCCC2C2CCCCC2)CC1
C1CCC(CC2CCC3C(CC4CCCCC4)CC(C4CCCCC4)C3C2)CC1
C1CCC(C2CCCCC2CC2CCC(CC3CC4CCCCC4C3)CC2)CC1
C1CCC(CC2CCCCC2CC2CCCCC2)CC1
C1CCC(CCC2CCCC(CC3CCCCC3)C2)CC1
C1CCC(C2CCC(CC3CCC(C4CCCC(C5CCCCC5)C4)CC3)CC2)CC1
C1CCC(C2CCC(C3CCCCC3)CC2)CC1
C1CCC(CC2CCCCC2C(CCC2CC3CCCCC3C2)CC2CCCCC2)CC1
C1CCC(C2CCCC(CC3CCCC4CCCCC43)C2)CC1
C1CCC(CCCC2CCC(CC3CCCCC3)CC2)CC1
C1CCC(CC2CC(C3CCC(C4CCCCC4)CC3)C3CCCCC23)CC1
C1CCC(CCC2CCC(C3CCC(CC4CCC(C5CCCC5)CC4)C3)CC2)CC1
C1CCC(C2CCCC(C3CCCCC3)C2)CC1
C1CCC(CC2CCCC2C2CCC(C3CCCCC3)CC2)CC1
C1CCC(C2CCCCC2CC2CCCCC2C2CCC3C(CCCC3C3CCCCC3)C2)CC1
C1CCC(CCCC2CC(CC3CCC(C4CCC5CCCC5C4)CC3)C3CCCCC23)CC1
C1CCC(C2CCCC(C3CCCCC3)C2)CC1
C1CCC(CCC2CC(CC3CCCCC3)C3CCCCC23)CC1
C1CCC(CC2CCCC(C3CCCCC3)C2)CC1
C1CCC(CC2CCC(C3CCCCC3)CC2)CC1
C1CCC(CCC2CC(C3CCCCC3)CC(C3CCCC(C4CCCCC4)C3)C2)CC1
C1CCC(CC2CCC(C3CCCCC3)CC2)CC1
C1CCC(CC2CCCC(C3CCCCC3)C2)CC1
C1CCC(CCC2CCC(C3CCCCC3)CC2C2CCC3CCCC3C2)CC1
C1CCC(C2CCCC(C3CCCCC3)C2)CC1
C1CCC(CCC2CCC(C3CCC(C4CCCC(C5CCC(CC6CCCC6)CC5)C4)CC3)CC2)CC1
C1CCC(CC2CCC(C3CCC(C4CCCC4)CC3)CC2)CC1
C1CCC(CC2CC(C3CCC(CCCCC4CCC(C5CCCCC5)CC4)CC3)C3CCCCC23)CC1
C1CCC(C2CCCC(CC3CCC4CCCCC43)C2)CC1
C1CCC(C2CCCC(CC3CCCC(C4CCCCC4)C3)C2)CC1
C1CCC(C2CCC(CCCCC3CCC(C4CCCCC4)CC3)CC2)CC1
C1CCC(CC2CCC(CCC3CCCC(CC4CCCCC4)C3)CC2)CC1
C1CCC(C2CCC(C3CCC(C4CCCCC4)CC3)CC2)CC1
C(CCCC1CCC(C2CCCC(C3CCCCC3)C2)CC1)CCC1CCCCC1
C1CCC(CCCC2CCCC(C3CCCCC3C3CCCCC3)C2)CC1
C1CCC(C2CCC(CCCC3CCCC(C4CCCCC4)C3)CC2)CC1
C1CCC(C2CCC(C3CCCC4CC(C5CCCCC5)CCC43)CC2)CC1
C1CCC(C2CCCCC2C2CCCC(C3CCCC(CC4CCC5CCCC5C4)C3)C2)CC1
C1CCC(CCC2CCCC(C3CC4CCCCC4C3)C2)CC1
C1CCC(C2CCC(CCCC3CC(C4CCCCC4)CC(C4CCCCC4)C3)CC2)CC1
C1CCC(C2CCC(C3CC(C4CCCC(C5CCCCC5)C4)C4CCCCC34)CC2)CC1
C1CCC(CCCCCC2CCCC3CCCCC23)CC1
C1CCC(CC2CCC(CC3CCC(C4CCCCC4)CC3)CC2)CC1
C1CCC(CCCCC2CCCC(C3CCCCC3)C2)CC1
C1CCC(C2CCC(C3CCCC3)CC2)CC1
C1CCC(CC2CCCC(CCCCC3CCCCC3C3CCC4CCCC4C3)C2)CC1
C1CCC(CC2CCC(CC3CCC(C4CCCC4)C(C4CCCCC4)C3)CC2)CC1
C1CCC(CCC2CCCCC2)CC1
C1CCC(CCC2CCC(CC3CC(C4CCCCC4)C4CCCCC34)CC2)CC1
C1CCC(CC2CC(C3CCC(C4CCC(CC5CCCC5)CC4)CC3)C3CCCCC23)CC1
C1CCC(C2CCC(CC3CCCC(C4CCCC4)C3)CC2)CC1
C1CCC(C2CCCC(CCC3CCC(CC4CC5CCCCC5C4)CC3)C2)CC1
C1CCC(CCC2CCC(CC3CCCCC3)CC2)CC1
C1CCC(CCC2CCCC(C3CCC(CC4CCC(C5CC5)CC4)CC3)C2)CC1
C1CCC(CC2CCC(C3CCCCC3)CC2)CC1
C1CCC(C2CCCC(CC3CC4CCCCC4C3)C2)CC1
C1CCC(C2CCCC(CCCC3CCCC(C4CCC(CCC5CC5)CC4)C3)C2)CC1
C1CCC(C2CCC3CC(C4CCCCC4C4CCCC4)CCC32)CC1
C1CCC(CCCCC2CCC(CCC3CCC(CC4CCCCC4)CC3)CC2)CC1
C1CCC(CC2CCC3C(CC4CCCCC4)CC(C4CCC5CCCCC54)C3C2)CC1
C1CCC(C2CC(C3CCC(CC4CCC(C5CC6CCCCC6C5)CC4)CC3)C2)CC1
C1CCC(CCCCC2CCCC(C3CCCCC3)C2)CC1
C1CCC(C2CCCCC2)CC1
C1CCC(CC2CCC(CC3CCC4CCCC4C3)CC2)CC1
C1CCC(CC2CCCC(C3CCCC(CC4CC5CCCCC5C4)C3)C2)CC1
C1CCC(C2CCC(CCCC3CCC4CCCCC43)C(CC3CCC4CCCCC4C3)C2)CC1
C1CCC(CCC2CCC(CC3CCCCC3)CC2)CC1
C1CCC(CCC2CCC(C3CCCCC3)CC2C2CCCC2)CC1
C1CCC(C2CC(C3CCC(C4CCCC4)CC3)C3CCCCC23)CC1
C1CCC(C2CCCC(CCC3CC4CCCCC4C3)C2C2CCCCC2)CC1
C1CCC(CCCC2CCC(CC3CC(CC4CCCCC4)CCC3C3CCCCC3)CC2)CC1
C1CCC(CCCCC2CCCC(CC3CCCCC3)C2)CC1
C1CCC(CCC2CCCCC2)CC1
C1CCC(C2CCCC(CCCCC3CC3)C2)CC1
C1CCC(CC2CCCC(CCC3CCCC3)C2)CC1
C1CCC(C2CCCCC2C2CCCCC2)CC1
C1CCC(CC2CCC(C3CCC4CCCCC43)CC2)CC1
C1CCC(CC2CCC3CCC(C4CCCCC4)CC3C2)CC1
C1CCC(CCC2CCC(C3CCCC(C4CCCC(CC5CCCCC5)C4)C3)CC2)CC1
C1CCC(C2CCCCC2C2CCCCC2)CC1
C1CCC(CC2CCC(CC3CCC(C4CCCCC4)CC3)CC2)CC1
C1CCC(CC2CCC(CC3CC4CCCCC4C3)CC2)CC1
C1CCC(CC2CCC(CCCC3CCCC3)C(C3CCCCC3)C2)CC1
C1CCC(CC2CCCCC2C2CCCC(CCC3CCCC(CC4CC4)C3)C2)CC1
C1CCC(C2CCC(C3CCC4CCCCC43)CC2)CC1
C(CCCC1CCCC1C1CCCC(C2CCCCC2)C1)CCC1CCCC1
C1CCC(CCC2CCC(C3CCC(C4CCCCC4)CC3)CC2)CC1
C1CCC(CC2CCCC(C3CCCC(C4CCCCC4)C3)C2)CC1
C1CCC(CC2CCC3CC(C4CCCCC4)CC(CC4CCCCC4)C3C2)CC1
C1CCC(CC2CCCC(CC3CCCCC3)C2)CC1
C1CCC(C2CCC(C3CCCC4CC(C5CCCCC5)CCC43)CC2)CC1
C1CCC(C2CCC(C3CCC(C4CCCC5CCCCC54)C(C4CCCC4)C3)CC2)C1
C1CCC(C2CCCCC2C2CCCCC2)CC1
C1CCC(C2CCC(CCC3CCC(C4CCCC(CC5CC6CCCCC6C5)C4)CC3)C2)CC1
C1CCC(CC2CC3CCC(CC4CCCC4)CC3C(C3CCCCC3)C2)CC1
C1CCC(CC2CC(CC3CCC(C4CCCCC4)CC3)C3CCCCC23)CC1
C1CCC(CC2CCC(C3CCCC(C4CCCCC4CC4CCCCC4)C3)CC2)CC1
C1CCC(CC2CCCC(CC3CCCCC3)C2)CC1
C1CCC(CC2CC(C3CCCCC3)C3CCCCC23)CC1
C1CCC(C2CCCC(CC3CC(C4CCCCC4)C4CCCCC34)C2)CC1
C1CCC(C2CCCC(CC3CCCCC3C3CCCC3)C2)CC1
C1CCC(C2CCC(C3CCC(C4CCC4)CC3C3CCCCC3)CC2)CC1
C1CCC(CCC2CCCC(C3CCCCC3)C2)CC1
C1CCC(C2CCCC(CCCC3CCCCC3C3CCCCC3)C2)CC1
C1CCC(CCC2CCC(CC3CC4CCCCC4C3)CC2)CC1
C1CCC(CCCC2CC3CCC(CCCC4CCCCC4)CC3C(C3CCCCC3)C2)CC1
C1CCC(CCC2CCCC(C3CCCCC3)C2)CC1
C1CCC(CC2CCCC(C3CCCC(CC4CCCCC4)C3)C2)CC1
C1CCC(C2CCCCC2C2CC(C3CCCC3)CCC2C2CCCCC2)CC1
C1CCC(CCCC2CCCC(C3CCCCC3)C2)CC1
C1CCC(CC2CCC(C3CCCC(C4CCCCC4)C3)CC2)CC1
C1CCC(C2CCC(C3CCCC(C4CCC(C5CCC5)CC4)C3)CC2)CC1
C1CCC(CC2CCC(C3CCCCC3)CC2)CC1
C1CCC(C2CCCCC2C2CCCCC2)CC1
C1CCC(CC2CCCC(C3CCCCC3)C2)CC1
C1CCC(CC2CCCCC2C2CCC(C3CCCC(C4CCCC4)C3)C2)CC1
C1CCC(CC2CCC(C3CCC(C4CCCCC4)CC3)CC2)CC1
C1CCC(CC2CCC(CC3CC(C4CCCCC4)CC(C4CCCCC4)C3)CC2)CC1
C1CCC(C2CCCC(C3CCCC(C4CCCCC4C4CCCC4)C3)C2)C1
C1CCC(CCC2CCCC(C3CC(C4CCC(CC5CCCCC5)CC4)C4CCCCC34)C2)CC1
C1CCC(CCCC2CCCCC2CC2CCCC(C3CCCC3)C2)CC1
C1CCC(C2CC(CC3CC3)CC(CC3CC3)C2CC2CCC3CCCCC3C2)CC1
C1CCC(CCCC2CCCCC2C2CCCCC2)CC1
C1CCC(C2CC(C3CCCCC3)C(C3CCCC3)C(C3CCCC3)C2)CC1
C1CCC(CCCCC2CCCCC2C2CCCCC2)CC1
C1CCC(C2CCCCC2CCC2CCCCC2C2CCCC2)CC1
C1CCC(C2CCCC(CCC3CC4CCCCC4C3)C2)CC1
C1CCC(CCCC2CCC(C3CCCCC3)CC2)CC1
C1CCC(CCC2CCCC(CCC3CCCC(C4CCCCC4)C3)C2)CC1
C1CCC(C2CCC(CCC3CCCC(C4CCCCC4)C3)CC2)CC1
C1CCC(C2CC(C3CCCCC3)CC(C3CCC3)C2)CC1
C1CCC(CCCC2CCC(CC3CCC(CCC4CCCCC4)CC3)CC2)CC1
C1CCC(CC2CC(C3CCC3)C3CC(C4CCCCC4)CCC23)CC1
C1CCC(CCC2CCC(C3CCCCC3)CC2)CC1
C1CCC(CCC2CCC(C3CCCCC3)C(C3CCC4CCCC4C3)C2)CC1
C1CCC(C2CCC(C3CCC(C4CCCCC4)CC3)CC2)CC1
C1CCC(CC2CCC(C3CCC(CCCC4CCC5CCCCC5C4)CC3)CC2)CC1
C1CCC(C2CCC3CC(C4CCC5CCCCC54)CCC3C2)CC1
C1CCC(CC2CCCC(C3CCCC(C4CCCCC4)C3)C2)CC1
C1CCC(CCCC2CCC3CCC(C4CCCC(C5CCCC(CC6CCCC6)C5)C4)CC23)C1
C1CCC(CC2CCC(CC3CCC(CC4CCC(C5CCCCC5C5CCCCC5)C4)CC3)CC2)CC1
C1CCC(C2CCCC(C3CCCC(C4CCCCC4C4CCCCC4)C3)C2)CC1
C1CCC(CC2CCC(C3CCCCC3)C(C3CCCC3)C2)CC1
C1CCC(C2CCCCC2CCC2CC(C3CCCCC3)C3CCCCC23)CC1
C1CCC(C2CCCC(CCCCC3CCC(CCC4CC5CCCCC5C4)CC3)C2)CC1
C1CCC(CCCC2CCCCC2)CC1
C1CCC(CCC2CCC(C3CCCC(C4CCCCC4)C3)CC2)CC1
C1CCC(CC2CCCC(C3CCC(C4CCCCC4)CC3)C2)CC1
C1CCC(CCC2CCC(CCC3CCC(CC4CCCCC4)CC3)CC2)CC1
C1CCC(CC2CCC(CCC3CCC(CC4CCCCC4)CC3)CC2)CC1
C1CCC(CCC2CCC(CCC3CCCCC3)CC2)CC1
C1CCC(C2CC(C3CCC(CCC4CCCC(C5CCC(C6CCCC6)CC5)C4)CC3)C2)CC1
C1CCC(C2CCC(C3CCCC(CCC4CCCC(CC5CCCC5)C4)C3)CC2)CC1
C1CCC(C2CCCC(C3CCCCC3)C2)CC1
C1CCC(CCCCC2CCCC(C3CCC(C4CCCCC4)CC3)C2)CC1
C1CCC(C2CCCCC2C2CCC(C3CCC4CCCCC43)CC2)C1
C1CCC(C(CCCC2CCC2)CC2CCCC(C3CCCCC3)C2)CC1
C1CCC(C2CC(CCCC3CCC(C4CCC4)CC3)CC(C3CCCC3)C2)CC1
C1CCC(CCCC2CCCC(C3CCCC(C4CCCCC4C4CCCCC4)C3)C2)CC1
C1CCC(C2CCC3C(CCC3C3CCCC3)C2)CC1
C1CCC(CC2CCC(CC3CCC(CC4CCCCC4)CC3)CC2)CC1
C1CCC(C2CCCCC2C2CCC(C3CCCC(C4CCCC4)C3)CC2)CC1
C1CCC(CCCCC2CCC(CC3CCCCC3)CC2C2CCCC(C3CCCC3)C2)CC1
C1CCC(CC2CC(C3CCCCC3)C3CCCC3C2C2CCCCC2)CC1
C1CCC(CCCC2CCC(CC3CCCCC3)CC2)CC1
C1CCC(C2CCCC(CC3CCCC(C4CCCCC4C4CCCC4)C3)C2)CC1
C1CCC(CC2CCC(CC3CCC(C4CCCC4)CC3)CC2)CC1
C1CCC(CCCC2CC(CCC3CCCCC3)CCC2C2CCCCC2)CC1
C1CCC(CCC2CCCC(C3CCC4CCCCC43)C2)CC1
C1CCC(C2CCC(C3CCCC3C3CCC4CCCCC43)CC2C2CCCC2)CC1
C1CCC(CC2CCC(CC3CCCC(C4CCCCC4)C3)CC2)CC1
C1CCC(C2CCC(CCC3CCCC(C4CCCCC4)C3)CC2)CC1
C1CCC(CCC2CCCC(C3CCCC(C4CCCC5CCCCC54)C3)C2)CC1
C1CCC(CCCCC2CCCC(CC3CCCC4CCCCC43)C2)C1
C1CCC(C2CC3CCC(C4CCCCC4)CC3C(C3CCCCC3)C2)CC1
C1CCC(CC2CCC(C3CCCC(C4CCCCC4)C3)CC2)CC1
C1CCC(CCCC2CCCCC2C2CCCC(CC3CCCCC3)C2)CC1
C1CCC(CC2CCCC(C3CCCCC3)C2)CC1
C1CCC(C2CC(C3CCC3)CC(C3CCC4CCCC4C3)C2)CC1
C1CCC(CCC(C2CCCCC2)C2CCCCC2)CC1
C1CCC(CCCCC2CCC(CC3CCCCC3)CC2)CC1
C1CCC(CCCC2CCC(C3CCCC3)CC2)CC1
C1CCC(C2CCCC(CCC3CCC(CC4CCCC(CC5CC5)C4)CC3)C2)CC1
C(CCC1CCC(C2CCCCC2)CC1)CCC1CCC(C2CCCC(C3CC3)C2)CC1
C1CCC(CCCC2CCCC3CC(CC(C4CCCCC4)C4CCCCC4)CCC23)CC1
C1CCC(CCCC2CCCCC2)CC1
C1CCC(CC2CCC(C3CC(CC4CC4)CC(C4CCCCC4)C3)CC2)CC1
C1CCC(C2CCC3CC(C4CCC(CCC(C5CCC5)C5CCCC(C6CC6)C5)CC4)CCC32)CC1
C1CCC(CCCC2CC(C3CCCCC3)CC(CCC3CCCCC3)C2CCC2CCCCC2)CC1
C1CCC(CC2CCCCC2)CC1
C1CCC(CCCC2CCCCC2)CC1
C1CCC(C2CCC(C3CCCC3)CC2C2CCCCC2)CC1
C1CCC(C2CCCC(C3CCCCC3)C2)CC1
C1CCC(C2CCCCC2CC2CCC2)CC1
C1CCC(CC2CCC(CCCC3CCC(C4CCCCC4)CC3)CC2)CC1
C1CCC(CC2CCC(CC3CCCCC3)CC2)CC1
C1CCC(C2CCCCC2)CC1
C1CCC(CC2CCCC(CC3CCCC(C4CCCCC4)C3)C2)CC1
C1CCC(CC2CC(C3CCCCC3)C3CC(C4CCCCC4)CCC23)CC1
C1CCC(C2CCC(C3CCCCC3)CC2)CC1
C1CCC(CC2CCCC(C3CCC(C4CCCC(C5CCC5)C4)CC3)C2)CC1
C1CCC(CC2CCC(CC3CCC(CCCCC4CC4)CC3)CC2)CC1
C1CCC(C2CCCCC2)CC1
C1CCC(C2CCCC(C3CCCC(C4CC(C5CCCCC5)C5CCCCC45)C3)C2)CC1
C1CCC(CCC2CCCCC2C2CCCC3CCCCC32)CC1
C1CCC(C2CCCC(C3CCC(C4CCCC4)CC3)C2)CC1
C1CCC(C2CCCC(C3CCCC(C4CCCCC4C4CCCCC4)C3)C2)CC1
C1CCC(C2CCC(C3CCCCC3)CC2)CC1
C1CCC(CC2CCC(CC3CCC(CC4CC5CCCCC5C4)CC3)C2)CC1
C1CCC(CC2CCC(C3CCCC4CCCCC43)CC2)CC1
C1CCC(CC(CC2CCCCC2)C2CCCC3CC(C4CCCCC4)CCC32)CC1
C1CCC(CC2CCC(CC3CCC(CC4CCCCC4)CC3)CC2)CC1
C1CCC(C2CCC(C3CCC(CC4CC4)CC3)CC2)CC1
C1CCC(C2CCCC(C3CCCCC3)C2)CC1
C1CCC(C2CCC(C3CCCCC3C3CCC4CCCCC43)C(C3CCCCC3)C2)CC1
C1CCC(CCCC2CCC(CC3CCCCC3)CC2)CC1
C1CCC(C2CCC3CC(C4CCC5CCCCC54)CC(C4CCCCC4)C3C2)CC1
C1CCC(CC2CCCC(C3CCCC(C4CCCCC4)C3)C2C2CCCCC2)CC1
C1CCC(C2CCC(C3CCCCC3CCC3CCCC(C4CCCCC4)C3)CC2)CC1
C1CCC(C2CCCCC2)CC1
C1CCC(C2CCCC(C3CCC(CC4CCCCC4C4CCCC4)CC3)C2)C1
C1CCC(C2CCCC3CCC(C4CCC5CCC(C6CCC7CCCC7C6)C5C4)CC32)CC1
C1CCC(C2CCC(C3CCCC3)C(C3CCC(CC4CCCC4)CC3)C2)CC1
C1CCC(C2CCC(CC3CCC(C4CCCC4)CC3)CC2)C1
C1CCC(CCCC2CCCC(C3CCC4CCCCC43)C2)CC1
C1CCC(CCCCCC2CC(C3CCCCC3)CC(C3CCCCC3)C2)CC1
C1CCC(C2CCC(CCCCC3CCC(C4CCCCC4)CC3)CC2)CC1
C1CCC(CC2CCC(CCC3CCCC(CCC4CC5CCCCC5C4)C3)CC2)CC1
C1CCC(CCC2CC(C3CCCCC3)C3CCCCC23)CC1
C1CCC(C2CC(CCCC3CCCC4CCCCC43)C3CCCCC32)CC1
C1CCC(CC2CCC(C3CCCCC3)CC2)CC1
C1CCC(CC2CCCC(C3CCCCC3)C2)CC1
C1CCC(CC2CCC(C3CCCC(C4CCCC4)C3)CC2CC2CCCCC2)CC1
C1CCC(C2CCCCC2C2CCC(CC3CCC(C4CCCC5CCCCC54)CC3)CC2)CC1
C1CCC(CC2CCC(C3CCCCC3)CC2)CC1
C1CCC(C2CCC(CCC3CCCC(C4CCCCC4)C3)CC2)CC1
C1CCC(CC2CC(C3CCCC(C4CCCCC4)C3)C3CCCCC23)CC1
C1CCC(CCC2CCC(C3CCCCC3C3CCCCC3)CC2)CC1
C1CCC(C2CCCC(CC3CC(C4CCCCC4)C4CC(C5CCCCC5)CCC34)C2)CC1
C1CCC(C2CCCC(C3CCC(CC4CCCCC4C4CCCC4)CC3)C2)C1
C1CCC(CC2CCC(C3CCCCC3)CC2)CC1
C1CCC(CCC2CCC(C3CCCCC3)CC2)CC1
C1CCC(C2CCCCC2)CC1
C1CCC(CCC2CCCCC2C2CCCCC2)CC1
C1CCC(CCC2CCC(C3CCC(C4CCC(C5CCCCC5)CC4)CC3)CC2)CC1
C1CCC(C2CCCCC2C2CCCC(CC3CCC4CCCCC43)C2)CC1
C1CCC(CCC2CCC(C3CCCCC3)C(C3CCCCC3)C2)CC1
C1CCC(CC2CCC(CC3CCCC(C4CC5CCCCC5C4)C3)CC2)CC1
C1CCC(CC2CCC(CC3CCCCC3)C(C3CCCCC3)C2)CC1
C1CCC(C2CCCC(CC3CCC(CCC4CC5CCCCC5C4)CC3)C2)CC1
C1CCC2CC(CCC3CCC(CC4CCCCC4C4CCC5CCCC5C4)CC3)CC2C1
C1CCC(C2CCC3C(CCC3CC3CCCCC3C3CCCCC3)C2)CC1
C1CCC(CCC2CCC3C(C4CCCCC4)CC(C4CCCCC4)C3C2)CC1
C1CCC(CCC2CCC(CCC3CCC(CCC4CCCCC4)CC3)CC2)CC1
C1CCC(C2CC(CC3CCC(C4CCCC(CC5CC5)C4)CC3)C3CCCCC32)CC1
C1CCC(CCC2CCCC(CC3CCCC3)C2)CC1
C1CCC(CCC2CCC(CC3CCCCC3)CC2)CC1
C1CCC(CCC2CCC(CC3CCC(CCCCC4CCC4)CC3)CC2)CC1
C1CCC(CC2CCC(C3CCC(CC4CC4)CC3)CC2)C1
C1CCC(CC2CCCC(C3CCCCC3C3CCCCC3)C2)CC1
C1CCC(CCC2CC(CC3CCCCC3)C3CCC(C4CCCCC4)CC23)CC1
C1CCC(C2CCCC(C3CCC4CCCCC43)C2)CC1
C1CCC(C2CCCCC2)CC1
C1CCC(C2CCC(C3CCCC(CCC4CCC5CCCC5C4)C3)CC2)C1
C1CCC(CCC2CCC(CC3CC(CCC4CCCC4)C4CCCCC34)CC2C2CCC3CCCC3C2)CC1
C1CCC(CC2CCC(C3CCCCC3)CC2)CC1
C1CCC(CCC2CCC(CC3CCCCC3)CC2)CC1
C1CCC(CC2CCC3C(CC4CCCCC4)CC(C4CCCCC4)C3C2)CC1
C1CC(CC2CCCCC2C2CCC(C3CCCC3)CC2)C1
C1CCC(C2CCC(C3CCCC(C4CCCCC4)C3)CC2)CC1
C1CCC(CC2CCC3CCC(C4CCCCC4)C3C2)CC1
C1CCC(CCCC(C2CCCCC2)C2CCCCC2)CC1
C1CCC(CC2CCC(C3CCCCC3C3CCCCC3)C(C3CCCCC3)C2)CC1
C1CCC(CCC2CCCC(C3CCCCC3)C2)CC1
C1CCC(CC2CCC(CC3CCCC(C4CCCCC4)C3)CC2)CC1
C1CCC(CCCCC2CCC(CC3CCCCC3)CC2)CC1
C1CCC(C2CCC3C(C4CCCC(C5CCCC5)C4)CC(C4CCCCC4)C3C2)CC1
C1CCC(C2CCC(C3CCCC3)C(C3CCC4CCCC4C3)C2)CC1
C1CCC(CC2CCC(CC3CC(C4CCCCC4)CC(C4CC4)C3)CC2)CC1
C1CCC(CCC2CCC(CC3CCCCC3)CC2)CC1
C1CCC(CC2CCC(CC3CCC(C4CCCC(C5CC5)C4)CC3)CC2)CC1
C1CCC(CCC2CCCC(CCC3CCCCC3)C2)CC1
C1CCC(CC2CCC(C3CCCC(CC4CCC5CCCCC54)C3)CC2)CC1
C1CCC(CC2CCCC(CC3CCC(CC4CCC5CCCC5C4)CC3)C2)C1
C1CCC(CC2CCC(C3CCCCC3)C(C3CCCC(C4CCCCC4)C3)C2)CC1
C1CCC(CC2CCC(C3CCCC3)CC2C2CCC3C(CCC3C3CCCC3)C2)CC1
C1CCC(CC2CCC(CCC(CCCCC3CC3)C3CCCCC3)CC2)CC1
C1CCC(C2CCCCC2C2CCCCC2C2CCCC2)CC1
C1CCC(CC2CCCCC2CCC2CCCC(C3CCCC(C4CCCCC4)C3)C2)CC1
C1CCC(CC2CCC(CC3CCC(C4CCCCC4C4CCCCC4)CC3)CC2)CC1
C1CCC(CCC2CCCC(C3CCCCC3)C2)CC1
C1CCC(CC2CCC(C3CCC(CCC4CCC5CCCCC5C4)CC3)CC2)CC1
C1CCC(CCCC2CCCC(CC3CCC(CC4CC5CCCCC5C4)CC3)C2)CC1
C1CCC(C2CCCC(CCC3CCC(CC4CC5CCCCC5C4)CC3)C2)CC1
C1CCC(C2CCC(CC3CCC(C4CCCCC4)CC3)CC2)CC1
C1CCC(CC2CCC(C3CCC4CCCCC43)CC2)CC1
C1CCC(CC2CCCC(CC3CCCC(C4CCCC(C5CCCCC5)C4)C3)C2)CC1
C1CCC(C2CCCC(CCC3CCCCC3C3CCCC3)C2)CC1
C1CCC(CC2CCC(CCCCC3CCCCC3C3CCC3)CC2)CC1
C1CCC(CC2CCC(C3CCC(CC4CCCCC4)CC3)CC2)CC1
C1CCC(CCCC2CCCCC2C2CCC(CC3CCCCC3)CC2)CC1
C1CCC(CCC2CCC(C3CCC(CC4CCCC(C5CCCCC5)C4)CC3)CC2)CC1
C1CCC(CCCCC2CCC(CCC3CCCCC3)CC2)CC1
C1CCC(CC2CCCC(CCCCC3CCCCC3CC3CCCCC3)C2)CC1
C1CCC(C2CCCC(C3CCCCC3)C2)CC1
C1CCC(CCC2CC(C3CCCCC3)CC(C3CCCCC3)C2)CC1
C1CCC(CCC2CCCCC2)CC1
C1CCC(CCCC2CCC(C3CCCCC3)CC2C2CCCC2)CC1
C1CCC(C2CCCCC2CCCC2CCCCC2C2CCC2)CC1
C1CCC(C2CCC3CC(C4CCC5CCCCC54)CCC3C2)CC1
C1CCC(CCCC2CCC(C3CCCCC3)CC2)CC1
C1CCC(C2CCCCC2)CC1
C1CCC(CC2CCCC(C3CCCCC3)C2)CC1
C1CCC(C2CCC(CC3CCC(C4CCCC(C5CCCCC5)C4)CC3)CC2)CC1
C1CCC(CCCCC2CC(C3CCC(CC4CCCCC4)CC3)C3CCCCC23)CC1
C1CCC(CCC2CCCC(C3CCCCC3C3CCCCC3)C2)CC1
C1CCC(CC2CCC(C3CCCCC3)CC2)CC1
C1CCC(CC2CC3CCCCC3C(CC3CCCCC3)C2)CC1
C1CCC(CC2CCCC(C3CC3)C2)CC1
C1CCC(CC2CCCC(C3CCCCC3)C2)CC1
C1CCC(C2CCCC(C3CC(C4CCCCC4)C4CCCCC34)C2)CC1
C(CCCCC1CCC(CCC2CCCCC2)CC1)CCCC1CCCCC1
C1CCC(C2CCCC(C3CCC4CCCCC4C3)C2)CC1
C1CCC(C2CCCC(CC3CCC4CC(C5CCCCC5)CCC34)C2)CC1
C1CCC(CC2CCC3CC(C4CCC5CCCCC54)CC(C4CCCCC4)C3C2)CC1
C1CCC(CCC2CCCC(CC3CCCCC3)C2CCC2CCCCC2)CC1
C1CCC(CC2CC(C3CCC4C(CC5CCCCC5)CC(C5CCCC5)C4C3)C3CCCCC23)CC1
C1CCC(CC2CCCC(CCC3CCCCC3CCC3CC4CCCCC4C3)C2)CC1
C1CCC(CCCC2CCC(CC3CCCCC3)CC2)CC1
C1CCC(CC2CCC(C3CCCCC3C3CCCC3)CC2)CC1
C1CCC(CCC2CCCC(C3CCCCC3)C2)CC1
C1CCC(CCC2CC(C3CCC(CC4CC5CCCCC5C4)CC3)C3CCCCC23)CC1
C1CCC(CC2CCCC(C3CC4CCCCC4C(C4CCCCC4)C3)C2)CC1
C1CCC(C2CCC(CCC3CC4CCCCC4C3)CC2)CC1
C1CCC(C2CCC(CC3CCC(C4CCCC5CCCCC54)CC3)C2)CC1
C1CCC(C2CCC(C3CCCC(C4CCC(C5CCCCC5)C5CCCC45)C3)CC2)CC1
C1CCC(C2CCCCC2C2CCC(C3CCC4CCCCC4C3)CC2C2CCC3CCCC3C2)CC1
C1CCC(CC2CCCC(CC3CCCC(C4CCCCC4)C3)C2)CC1
C1CCC(CCCC2CCCCC2)CC1
C1CCC(CCCC2CCCC(C3CCCCC3CC3CCCCC3)C2)CC1
C1CCC(CCC2CCCC(C3CCC(C4CCCCC4)CC3)C2)CC1
C1CCC(CC2CCCC(C3CCCCC3)C2)CC1
C1CCC(C2CCCCC2)CC1
C(CC1CC1)CC1CCC(CC2CCC(CCC3CCC(C4CC5CCCCC5C4)CC3)CC2)CC1
C1CCC(CC2CCC(C3CCCC(C4CCC5C(CCC5C5CCCC5)C4)C3)CC2)CC1
C1CCC(C2CC(C3CCCCC3)CC(C3CCCCC3)C2)CC1
C1CCC(CCC2CCCCC2C2CCCCC2)CC1
C1CCC(CCC2CCC(C3CCCC(CC4CCCCC4)C3)CC2)CC1
C1CCC(CCC2CCC(CC3CCC(CCC4CCCCC4C4CCCC4)CC3)CC2)CC1
C1CCC(CCC2CCCC(CC3CCCC(CCC4CCCCC4)C3)C2)CC1
C1CCC(CC2CCC(C3C4CCCCC4CCC3C3CCCCC3)CC2)CC1
C1CCC(CC2CCCCC2C2CCCCC2CCCC2CCC(C3CCCCC3)CC2)CC1
C1CCC(CCCC2CCCC(C3CC(CC4CC4)CC(C4CC5CCCCC5C4)C3)C2)CC1
C1CCC(CC2CCC(C3CCCCC3)CC2)CC1
C1CCC(C2CCC(CC3CCC(C4CCC(CCC5CC6CCCCC6C5)C(C5CCCCC5)C4)C3)CC2)CC1
C1CCC(CC2CCCC(CC3CC(CCC4CCC(C5CCC(C6CCCC6)CC5)CC4)C4CCCCC34)C2)CC1
C1CCC(CCCC2CCCC(C3CCCCC3)C2)CC1
C1CCC(CCCCC2CCCCC2C2CCCC(C3CCCCC3)C2)CC1
C1CCC(CC2CCC(CCC3CCC(C4CCCCC4)CC3)CC2)CC1
C1CCC(CCCC2CCCC(CC3CCCCC3)C2)CC1
C1CCC(C2CCC(C3CCC(C4CCCCC4)CC3)CC2)CC1
C1CCC(CC2CCC(C3CCCCC3)CC2)CC1
C1CCC(CCCC2CC3CCCCC3C(C3CCCCC3)C2)CC1
C1CCC(CC2CCC(C3CCCCC3)CC2)CC1
C1CCC(CC2CCC(C3CCC(CC4CCC(C5CCC(C6CCCCC6)CC5)CC4)C3)CC2)CC1
C(CCCC1CCC2C(CC3CCCCC3)CCC2C1)CCC1CCCC(C2CCCCC2)C1
C1CCC(CC2CCC(CC3CC3)CC2)CC1
C1CCC(C2CCC(C3CCCCC3)CC2)CC1
C1CCC(CCC2CCC(C3CCC(C4CCCCC4)CC3)CC2)CC1
C1CCC(CC2CCC(C3CCCC(C4CCCCC4C4CCCCC4)C3)CC2)CC1
C1CCC(C2CCCCC2C2CCC(CC3CC3)CC2)CC1
C1CCC(CCC2CC(CC3CCC(CC4CCC5CCCC5C4)CC3)C3CCCCC23)C1
C1CCC(CC2CCCCC2CCCC2CCC(C3CCCC3)CC2)CC1
C1CCC(CC2CCC(C3CCCC(C4CCC(C5CCCCC5)CC4)C3)CC2)CC1
C1CCC(CC2CC(CC(C3CCCCC3)C3CCC4CCCC4C3)C3CCCCC23)CC1
C1CCC(C2CCCC(C3CCC(C4CCC5CCCCC54)CC3)C2)CC1
C1CCC(CC2CCCCC2CCCC2CC3CCCCC3C2)CC1
C1CCC(C2CCCC(CC3CCCC(C4CCCCC4)C3)C2)CC1
C1CCC(CC2CCCCC2CC2CCCCC2C2CCCCC2C2CCC2)CC1
C1CCC(C2CCC(CCC3CCCCC3C3CCC(CC4CCC5CCCCC54)CC3)CC2)CC1
C1CCC(C2CCCCC2C2CCCCC2)CC1
C1CCC(CC2CCCC(C3CCCCC3)C2)CC1
C1CCC(CC2CCCC(CC3CCC(CC4CCCCC4)C(CC4CCCC4)C3)C2)CC1
C1CCC(C2CCCC(CC3CCC(C4CCC4)C(CCCC4CCC(CC5CCCC5)CC4)C3)C2)CC1
C1CCC(C2CCC(CC3CCC(CC4CCCC4)CC3)CC2)CC1
C1CCC(CCCC2CCC(CC3CCCCC3)CC2)CC1
C1CCC(CC2CCCCC2C2CCC(C3CCCCC3)CC2)CC1
C1CCC(C2CCCC(C3CCC(C4CCC4)CC3)C2)CC1
C1CCC(C2CCCC(C3CCCCC3)C2)CC1
C1CCC(CC2CCCCC2)CC1
C1CCC(C2CCCC(CCC3CCCC3C3CCCCC3C3CCCC3)C2)CC1
C1CCC(CC2CCC(C3CCCCC3)CC2)CC1
C1CCC(C2CCCC(C3CCCC(C4CCC5CCCCC5C4)C3)C2)CC1
C1CCC(C2CCC(C3CCCCC3C3CCC4CCCCC4C3)CC2)CC1
C1CCC(CCCCC2CC(C3CCCC(C4CCCC4)C3)C3CCCCC23)CC1
C1CCC(CC2CCC(CCC3CC(CC4CCCCC4)C4CCCCC34)CC2)CC1
C1CCC(CCC2CCC(CCCCC3CCCC(C4CCCCC4)C3)CC2)CC1
C1CCC(C2CCCCC2)CC1
C1CCC(CC2CC(C3CCCCC3)CC(C3CCCCC3)C2)CC1
C1CCC(CCC2CCC(CCCCC3CCCCC3C3CCCCC3)CC2)CC1
C1CCC(CC2CCC3C(CC4CCCCC4)CC(C4CCC5CCCCC5C4)CC3C2)CC1
C1CCC(CCC2CCCC(C3CCCC(C4CCCCC4)C3)C2)CC1
C(CCC1CCC(CC2CCC(C3CCC(C4CCCC4)CC3)CC2)CC1)CCC1CCC(C2CCCCC2)CC1
C1CCC(C2CCCC(C3CCCC(C4CCC(C5CCCC5)CC4)C3)C2)CC1
C1CCC(CCC2CCCCC2C2CCCC(CC3CCCCC3)C2)CC1
C1CCC(C2CC(C3CCC4CCCCC43)CC3CCC(C4CCCC4)CC32)CC1
C(CCC1CCCC(C2CCC(C3CCC3)CC2)C1)CCC1CC2CCCCC2C1
C1CCC(CCCC2CCC(CC3CCC(CCCCC4CCC(C5CCCC5)CC4)CC3)CC2)C1
C1CCC(CC2CCCCC2C2CCC3C(CC4CCCCC4)CCC3C2)CC1
C1CCC(CC2CCC(CCCC3CCCC3)CC2)CC1
C1CCC(CCCCCC2CCC3C(CCC3CC3CCCC(CC4CCCCC4)C3)C2)CC1
C1CCC(CC2CCCCC2C2CCCCC2)CC1
C1CCC(C2CCCC(CC3CCCC(C4CCCC(C5CCCC5)C4)C3)C2)CC1
C1CCC(CCCC2CCC(CCC3CCCC(C4CCCCC4)C3)CC2)CC1
C1CCC(CC2CCC(CC3CC3)CC2C2CCCCC2)CC1
C1CCC(CCCC2CCC(C3CCCC(C4CCCCC4)C3)CC2)CC1
C1CCC(C2CCCC(C(C3CCCCC3)C3CCCCC3C3CCCCC3)C2)CC1
C1CCC(CC2CCCC(CC3CCCC(C4CCCCC4)C3)C2)CC1
C1CCC(CC2CCCCC2)CC1
C1CCC(CCCC2CCCC(C3CCCC(C4CCC4)C3CC3CCCCC3)C2)CC1
C1CCC(C2CC(C3CCCCC3)CC(C3CCCC(C4CC4)C3)C2)CC1
C1CCC(C2CCCCC2C2CCCCC2)CC1
C1CCC(CC2CCCC(C3CCC(C4CCCCC4)CC3)C2)CC1
C1CCC(CCC2CCC(CC3CC(C4CC5CCCCC5C4)CCC3CCCC3CCCC3)CC2)CC1
C1CCC(C2CCCCC2C2CCCCC2C2CCCC2)CC1
C1CCC(CCCCC2CCCCC2CC2CCC(CC3CCCCC3)CC2)CC1
C1CCC(C2CCCCC2)CC1
C1CCC(CCC2CCC(C3CCCC(CC4CC5CCCCC5C4)C3)CC2)C1
C1CCC(C2CCC(C3CCC4CCCC4C3)C2)CC1
C1CCC(CC2CCC(C3CCC(C4CCCCC4C4CCC5CCCCC5C4)CC3)CC2)CC1
C1CCC(C2CCC(CC3CCCCC3C3CCCCC3)CC2)CC1
C1CCC(C2CCCCC2)CC1
C1CCC(C2CCCC(C3CCC(CCCC4CCCCC4C4CCC(C5CCCCC5)C4)CC3)C2)CC1
C1CCC(CCCC2CCC(CCCC3CCCCC3)CC2)CC1
C1CCC(CCCCCC2CCCC(CC3CCCCC3)C2)CC1
C1CCC(CC2CCC(CC3CCCC(C4CCCCC4)C3)CC2)CC1
C1CCC(C2CC(C3CCC4CCCCC43)CC3CCC(C4CCCCC4C4CCCC4)CC32)CC1
C1CCC(CC2CCC(C3CC3)CC2C2CCC3CCCC3C2)CC1
C1CCC(CC2CCC(C3CCC4C(CC5CCCCC5)CCCC4C3)CC2)CC1
C1CCC(CCCCC2CCCC3CC(C4CCCCC4CC4CCCCC4)CCC23)CC1
C1CCC(CC2CCCCC2C2CCCCC2)CC1
C1CCC(CC2CCCCC2C2CCCCC2)CC1
C1CCC(C2CCCC(C3CCCCC3C3CCCC3)C2)CC1
C1CCC(CCCCCC2CCCCC2)CC1
C1CCC(CC2CCC3C(C2)C(CC2CCCCC2)CC3C2CCCCC2)CC1
C1CCC(C2CCCC(CCCCC3CCC(C4CCCC4)CC3)C2)CC1
C1CCC(CCC2CCC(CC3CCCCC3)CC2)CC1
C1CCC(CC2CC3CCC(C4CCCCC4)CC3C2)CC1
C1CCC(CCCC2CCCC(CC3CCCCC3)C2)CC1
C1CCC(C2CCC(C3CCCCC3)CC2)CC1
C1CCC(C2CCCC(C3CCCCC3C3CCCCC3)C2)CC1
C1CCC(C2CCC(C3CCCCC3C3CCCCC3)CC2)CC1
C1CCC(CC2CCC(C3CCCCC3C3CCCC3)C(C3CCCCC3)C2)CC1
C1CCC(CC2CCC(C3CCCCC3)CC2)CC1
C1CCC(CCC2CC(CC3CCCCC3)C3CCC(C4CCCCC4)CC3C2)CC1
C1CCC(CC2CCC(CC3CCC(C4CCCCC4)CC3)CC2)CC1
C1CCC(CC2CC(C3CCCCC3)C3CCCCC23)CC1
C1CCC(CCCC2CC(CC3CCCCC3)CCC2C2CCCCC2)CC1
C1CCC(C2CCCC(C3CC(C4CCCCC4)CC(C4CCCCC4)C3)C2)CC1
C1CCC(CC2CCC(CC3CCC(C4CCCCC4)C(CC4CCCC4)C3)CC2)CC1
C1CCC(CCC2CC(CCCC3CC3)CC(C3CCC(C4CCC5C(CCC5C5CCCCC5)C4)CC3)C2)CC1
C1CCC(CC2CCC(C3CCCCC3)CC2)CC1
C1CCC(C2CCCC(C3CC4CCCCC4C3)C2)CC1
C1CCC(CCC2CC(CCC3CCCC3)CCC2C2CCCCC2)CC1
C1CCC(CC2CCC(C3CCCCC3)C(CCC3CCCC3)C2)CC1
C1CCC(CCC2CCCC(CC3CCC(C4CCCCC4)CC3)C2)CC1
C1CCC(C2CCCC(C3CCC4CC(C5CCCCC5)CCC4C3)C2)CC1
C1CCC(CC2CCCCC2CC2CCC(CCCC3CCC3)CC2C2CCCCC2)CC1
C1CCC(CCCC2CCC(CCCC3CCCC3)CC2)CC1
C1CCC(CC2CCCC(CCC3CCC(CC4CC5CCCCC5C4)CC3)C2)CC1
C1CCC(C2CCC(C3CCC(C4CCCCC4)C3)CC2)CC1
C1CCC(CC2CCC(C3CCCCC3)CC2)CC1
C1CCC(CCCCCC2CCC(C3CCCCC3)CC2)CC1
C1CCC(CCC2CC(C3CCCCC3)CC(C3CCCCC3)C2)CC1
C1CCC(CC2CCCCC2CC2CCCCC2)CC1
C1CCC(C2CCCCC2C2CCCCC2)CC1
C1CCC(C2CCC(C3CCCC(C4CCCCC4)C3)CC2)CC1
C1CCC(C2CCCC(CC3CCC(C4CCCCC4C4CCCC4)CC3)C2)CC1
C1CCC(CC2CCC(CCC3CCC(CC4CCC(C5CCC(CC6CCCCC6)CC5)C4)CC3)CC2)CC1
C1CCC(CC2CCCC(C3CCCCC3)C2)CC1
C1CCC(CC2CCCC(CCCC3CCC(CC(C4CCCC4)C4CCCC(C5CC5)C4)C3)C2)C1
C1CCC2CC(CC3CCCCC3C3CCCC(C4CCC(C5CCCCC5C5CCCC5)CC4)C3)CC2C1
C1CCC(CC2CCC(C3CCCC(C4CCCCC4)C3)CC2)CC1
C1CCC(C2CCCC(CCC3CCC4CCCCC4C3)C2)CC1
C1CCC(C2CCCCC2CC2CCCC(CC3CCCC(CCCC4CC4)C3)C2)CC1
C1CCC(CC2CCCCC2CCC2CCC(C3CCCCC3)CC2)CC1
C1CCC(C2CCC(CC3CCC(C4CCCCC4C4CCCCC4)CC3)CC2)CC1
C1CCC(C2CCCC(C3CCCCC3C3CCCC3)C2)C1
C1CCC(CCCCC2CCCC(C3CCCCC3C3CCCCC3)C2)CC1
C1CCC(CC2CCC(CC3CCCC(CC4CCCC4CC4CCCCC4)C3)CC2)CC1
C1CCC(C2CCC3CC(C4CCCCC4)CCC3C2)CC1
C1CCC(C2CCCC(C3CCCCC3)C2)CC1
C1CCC(CCC2CCC3CC(C4CCC5CCCCC54)CCC3C2)CC1
C1CCC(C2CCCC(CCC3CCC(CC4CCC4)CC3)C2)CC1
C1CCC(C2CCC(CCC3CCC(C4CCC(C5CCCCC5)CC4)CC3)CC2)CC1
C1CCC(C2CCCC(C3CCCC(C4CC5CCCCC5C4)C3)C2)CC1
C1CCC(CCC2CCCC(C3CCCCC3C3CCCCC3)C2)CC1
C1CCC(C2CCCCC2C2CCCCC2C2CCCC2)C1
C1CCC(CCCCC2CC(CC3CCCCC3)CCC2C2CCCCC2)CC1
C1CCC(CCC2CCCC(C3CCCCC3)C2)CC1
C1CCC(CC2CCC3C(CCC3C3CCCCC3)C2)CC1
C1CCC(CC2CCCC(C3CCCC3CC3CCCCC3)C2)CC1
C1CCC(CCC2CCCCC2CC2CCC(C3CCCCC3)CC2)CC1
C1CCC(C2CCCC(C3CCCCC3C3CCCCC3)C2)CC1
C1CCC(C2CCC(C3CCC(C4CC4)CC3)CC2)C1
C1CCC(C2CCC(C3CCC(C4CCCCC4)CC3C3CCC4CCCC4C3)CC2)CC1
C1CCC(CC2CCC(C3CCCCC3)CC2)CC1
C1CCC(C2CCC(CCC3CCCCC3C3CCCCC3)CC2)CC1
C1CCC(CC2CCCC(CCC3CCCC(C4CCCCC4C4CCCCC4)C3)C2)CC1
C1CCC(CC2CCC(C3CCC(CC4CCCC4)CC3)CC2C2CCCC2)CC1
C1CCC(C2CCCC(CC3CCC(C4CCC5CCCCC5C4)C3)C2)CC1
C1CCC(C2CCCCC2)CC1
C1CCC(CCCC2CCCC(CC3CCCCC3C3CCCC3)C2)CC1
C1CCC(C2CCC(CC3CCCC3)C(C3CCCC3)C2)CC1
C(CCC1CC1)CCC1CCC(C2CCC3CC(CC4CCCCC4)CCC32)CC1
C(CCC1CCC(C2CCCCC2)CC1)CCC1CCCC(C2CCCC2)C1
C1CCC(C2CCCCC2CCC2CC(C3CCCC(CC4CCC(C5CC5)CC4)C3)C3CCCCC23)CC1
C1CCC(C2CCCC(C3CCCC(C4CCCCC4)C3)C2)CC1
C1CCC(C2CCCCC2CC2CCC3CCCCC3C2)CC1
C1CCC(CCC2CCCC(CCC3CCC(CC4CCCCC4C4CCCC4)C3)C2)CC1
C1CCC(CC2CCCC(C3CC(C4CCC4)CC(C4CCC5CCCC5C4)C3)C2)CC1
C1CCC(CC2CCCC(C3CCCCC3)C2)CC1
C1CCC(CCCC2CCC3C(C4CCCCC4)CC(C4CCCCC4)C3C2)CC1
C1CCC(C2CCCC(C3CCCCC3)C2)CC1
C1CCC(CC2CCCCC2C2CCCCC2)CC1
C1CCC(CC2CCCCC2CC2CCC(CC3CC3)CC2)CC1
C1CCC(C2CCC(C3CCC(CC4CC5CCCCC5C4)CC3)CC2)C1
C1CCC(CC2CCC(CCC3CCCC(C4CCCCC4)C3)CC2)CC1
C1CCC(CCCCC2CCCC(C3CC(C4CCCCC4)C4CCCCC34)C2)CC1
C(CCCC1CCCCC1)CCCC1CCC(CCC2CCC(CC3CCCCC3)CC2)CC1
C1CCC(CC2CCCCC2C2CCCC(CC3CCC(CCCC4CCC5CCCCC5C4)CC3)C2)CC1
C1CCC(CCCC2CCC(CCC3CCCCC3)C(C3CCCCC3)C2)CC1
C1CCC(CCC2CCCC(CCCC3CC4CCCCC4C3)C2)CC1
C1CCC(CC2CC(C3CCCC(C4CCCC4)C3)C3CCCCC23)CC1
C1CCC(CC2CCC(CC3CCC(C4CCCCC4)C3)CC2C2CCCCC2)CC1
C1CCC(CCC2CCC(C3CCC(C4CCCC5CCCCC54)CC3)CC2)CC1
C1CCC(CC2CCC(C3CCCCC3)CC2)CC1
C1CCC(CC2CCCCC2C2CCC(CC3CCC3)CC2)CC1
C1CCC(CCCC2CCCC(CC3CCCCC3)C2)CC1
C1CCC(CC2CCC(CC3CCC(C4CCCCC4)CC3)CC2)CC1
C1CC(CC2CCC(C3CCCCC3C3CCC4CCCCC43)CC2)C1
C1CCC(CCC2CCC(CC3CCCCC3)CC2CC2CCCCC2)CC1
C1CCC(CCCCCC2CCCC(C3CCCC(CC4CCCCC4)C3)C2)CC1
C1CCC(CC2CCC(CC3CCCCC3)CC2)CC1
C1CCC(CC2CCC(C3CCCCC3)CC2CCC2CC3CCCCC3C2)CC1
C1CCC(C2CCC(C3CCCCC3)CC2)CC1
C1CCC(CCC2CC(CCC3CCCCC3)CC(C3CCCCC3)C2)CC1
C1CCC(CC2CCC(CC3CCCCC3)CC2)CC1
C(CCCC1CCC(CC2CCCCC2)CC1)CCC1CCCCC1
C1CCC(CC2CCCC(CC3CCCCC3CC3CCCCC3)C2)CC1
C1CCC(C2CCC(CCCCC3CCC(C4CCCCC4)CC3)CC2)CC1
C1CCC(C2CCC(CCC3CCCCC3CCC3CCCC(C4CCCC4)C3)CC2)CC1
C1CCC(CC2CCC(C3CCCCC3)C(CCCCC3CCCC3)C2)CC1
C1CCC(CCC2CCCC(CCC3CCCC(CC4CCCCC4)C3)C2)CC1
C1CCC(C2CCC(CCC3CCCC(C4CCCCC4C4CCCCC4)C3)C2)CC1
C1CCC(C2CCC3C(CCCC3C3CCC4CCCCC43)C2)CC1
C1CCC(C2CCC(C3CCCC(CC4CC5CCCCC5C4)C3)CC2)CC1
C1CCC(CC2CCCC(C3CCCCC3CC3CCC4CCCCC4C3)C2)CC1
C1CCC(C2CCCC3CC(C4CCC(CC5CCCC(C6CCC7CCCC7C6)C5)CC4)CCC32)CC1
C1CCC(CCCC2CCCC(C3CC(CCC4CCCCC4)C4CCCCC43)C2)CC1
C1CCC(CCCC2CCC(CC3CCCCC3)CC2)CC1
C1CCC(C2CCCC(CC3CCCCC3C3CCCCC3)C2)CC1
C1CCC(C2CCCC(CC3CC(C4CCCCC4)C4CCCCC34)C2)CC1
C1CCC2C(C1)CCC2C1CCC(CC2CCC(C3CCCC3)C(C3CCCC3)C2)CC1
C1CCC(CC2CCC(CCC3CCC(C4CCCCC4)CC3)CC2)CC1
C1CCC(CC2CCC(C3CCCCC3)CC2)CC1
C1CCC(CCCC(C2CCCCC2)C2CCC(CC3CCCCC3)CC2)CC1
C1CCC(CC2CCC(CCC3CCCC(C4CCCCC4)C3)CC2)CC1
C1CCC(CC2CCC(C3CCCCC3)CC2)CC1
C1CCC(C2CCC(CC3CCCC(C4CCCC(C5CCCC5)C4)C3)CC2)CC1
C1CCC(C2CCCC(C3CCC(CC4CCCC4)CC3)C2)CC1
C1CCC(C2CCC(C3CCCC(C4CCCCC4)C3)CC2)CC1
C1CCC(CC2CC(C3CCCCC3)CC(C3CCCCC3)C2)CC1
C1CCC(C2CCCCC2C2CCCCC2)CC1
C1CCC(CCCC2CCCCC2)CC1
C1CCC(C2CCC(CC3CCC(CC4CCCC(C5CC6CCCCC6C5)C4)CC3)CC2)CC1
C1CCC(C2CCCC(CC3CCCC(C4CCC5CCCC5C4)C3)C2)CC1
C1CCC(C2CCC(CCC3CCC(C4CCCC4)CC3)CC2)CC1
C1CCC(CCC2CCC3C(CCCC3C3CCCC(C4CCCCC4)C3)C2)CC1
C1CCC(CC2CC(C3CCCCC3)C3CCCCC23)CC1
C1CCC2CC(C3CCC(CCC4CCCCC4C4CCCC4)CC3)CC2C1
C1CCC(CC2CCC(CCC3CCCC(CCCCC4CCC(C5CCCC5)CC4)C3)CC2)CC1
C1CCC(CCC2CCCC(C3CCCCC3C3CCCCC3)C2)CC1
C1CCC(CCCCC2CCC(CCCC3CCCCC3)CC2)CC1
C1CCC(C2CCC(C3CCCCC3C3CCCCC3C3CCCCC3)CC2)CC1
C1CCC(C2CCCC(C3CCCCC3C3CCCC3)C2)CC1
C1CCC(CC2CCCC(C3CCCC(C4CCCCC4)C3)C2)CC1
C1CCC(C2CCCC(C3CCCC(C4CCCCC4)C3)C2)CC1
C1CCC(CC2CCC(CC3CCCC(CCCC4CCCC(C5CCCCC5)C4)C3)CC2)CC1
C1CCC(CC2CCCCC2CCCC2CCCCC2C2CCC3CCCC3C2)CC1
C1CCC(CCCC2CCC(CC3CCC(CC4CCCCC4)CC3C3CCCCC3)CC2)CC1
C1CCC(C2CC(CC3CCC4CCCC4C3)CC(C3CCCC3)C2)CC1
C1CCC(C2CCC(C3CCCCC3)CC2)CC1
C1CCC(CC2CCC(C3CCCC(C4CCCCC4)C3)CC2)CC1
C1CCC(CC2CCCC(CCCC3CCC(CC4CC5CCCCC5C4)CC3)C2)CC1
C1CCC(CCC2CCC(CC3CCCCC3)CC2)CC1
C1CCC(CCCC2CCC(C3CCCCC3)CC2C2CCCC2)CC1
C1CCC(C2CCCC(C3CCCCC3)C2)CC1
C1CCC(CC2CC(C3CCCCC3)CCC2C2CCCCC2)CC1
C1CCC(C2CCCCC2CC2CCCC(CC3CCC4CCCCC43)C2)CC1
C1CCC(C2CC(C3CCCCC3CCCC3CC4CCCCC4C3)C3CCCCC23)CC1
C1CCC(CCCC2CC(C3CCC4CCCC4C3)CCC2CCC2CCCCC2)CC1
C1CCC(CC2CCC(CCC3CCC(C4CCC5CCCCC54)CC3)CC2)CC1
C1CCC(CCCC2CCC(CC3CCCCC3)CC2)CC1
C1CCC(CC2CCC(CC3CCCCC3)CC2)CC1
C1CCC(C2CCCC(C3CC(C4CCCCC4)CC(C4CCCCC4)C3)C2)CC1
C1CCC(C2CCCC(CC3CCCCC3C3CCC3)C2)C1
C1CCC(CC2CCC(CCC3CCCC(C4CCCCC4)C3)CC2)CC1
C1CCC(CCCCC2CCC(CC3CCC(CCC4CCCCC4)CC3)CC2)CC1
C1CCC(CCCC2CCCCC2C2CCCCC2)CC1
C1CCC(CCC2CCCC(C3CCC(CC4CCCCC4)CC3)C2)CC1
C1CCC(CC2CCC(C3CCC4C(CCCC4C4CCCCC4)C3)CC2)CC1
C1CCC(C2CCCC(CC3CCC(CCC4CCCCC4C4CCCC4)CC3)C2)C1
C1CCC(CCCC2CCC(C3CCCC(C4CCCCC4)C3)CC2)CC1
C1CCC(CC2CC3CCC(C4CCC(C5CCCCC5)C4)CC3C(C3CCCCC3)C2)CC1
C1CCC(CC2CCC(C3CCCCC3)CC2C2CCCCC2)CC1
C1CCC(CCCCCC2CCC3CCCCC3C2)CC1
C1CCC(CC2CCC(C3CCCC3)CC2)CC1
C1CCC(CC2CCC(CCC3CC4CCCCC4C3)C(C3CCCCC3)C2)CC1
C1CCC(CCCC2CC(CC3CCCCC3)C3CCCCC23)CC1
C1CCC(CC2CCCCC2CC2CCCCC2)CC1
C1CCC(CC2CCCC(C3CCCC(C4CCC5CCCCC54)C3)C2)CC1
C1CCC(CC2CCCC(CC3CCCCC3C3CCCC(C4CCCCC4)C3)C2)CC1
C1CCC(CCCC2CCC(CC3CCC4CCCCC4C3)CC2)CC1
C1CCC(C2CCC(CCCC3CCCC(C4CCCCC4)C3)CC2)CC1
C1CCC(CC2CCC(CC3CCC(C4CCCCC4)CC3)CC2)CC1
C1CCC(CC2CCC(CC3CC(C4CCCCC4)CCC3C3CCCCC3)CC2)CC1
C1CCC(C2CCC(C3CCCC(C4CCCC4)C3)C2)CC1
C1CCC(C2CCCC(CC3CCCC(CC4CC4)C3)C2)CC1
C1CCC(C2CCC(C3CCCCC3)CC2)CC1
C1CCC(CCC2CCC(CC3CCCCC3)CC2)CC1
C1CCC(CC2CCCC(C3CCC(CC4CCCCC4)C(C4CCCCC4)C3)C2)CC1
C1CCC(C2CCC(C3CCCCC3)CC2)CC1
C1CCC(CCCC2CCC(C3CCCCC3)CC2)CC1
C1CCC(CCCC2CCCCC2C2CCC3CCCC3C2)CC1
C1CCC(CC2CCC(C3CCC(CC4CCCCC4)C3)CC2)CC1
C1CCC(CCC2CCC(C3CCC(CC4CCCCC4)CC3)CC2)CC1
C1CCC(CCC2CC(C3CCCCC3)CC(C3CCC3)C2)CC1
C1CCC(CC2CCC(C3CCCC(CC4CC5CCCCC54)C3)CC2)CC1
C1CCC(CC2CCCCC2C2CCCCC2)CC1
C1CCC(CCC2CCCC(CC3CCCCC3C3CCCCC3)C2)CC1
C1CCC(C2CCCC(CC3CCC(C4CCC(C5CCCC5)CC4)CC3)C2)CC1
C1CCC(CCCCC2CCCC(CC3CCC(CC4CCC4)CC3)C2)CC1
C1CCC(C2CCCCC2)CC1
C1CCC(CCC2CCCC(CC3CCCCC3)C2)CC1
C1CCC(CCCC2CC(C3CCCCC3)CC(C3CCCC(C4CCCC4)C3)C2)CC1
C1CCC(C2CCC(C3CC(CC4CCCC4)C4CCCCC43)C(C3CCCCC3)C2)CC1
C1CCC(CC2CCCCC2C2CCCCC2CC2CCCCC2)CC1
C1CCC(CCCCC2CCCC(C3CCC(CC4CCC5CCCC5C4)CC3)C2)CC1
C1CCC(CCCC2CCCC(C3CCCC(C4CCCC4)C3)C2)CC1
C1CCC(CCC2CCC(CC3CCCC3)CC2C2CCCCC2)CC1
C1CCC(CCC2CCC(C3CCCCC3CC3CCCCC3)CC2C2CC2)CC1
C1CCC(CCCC2CCC(CCC3CCCC(C4CCCCC4)C3)CC2)CC1
C1CCC(CCCCCC2CC(CC3CCCCC3)C3CCCCC23)CC1
C1CCC(CCC2CCCC(CCC3CC4CCCCC4C(C4CCCCC4)C3)C2)CC1
C1CCC(CCCC2CC(C3CCCCC3)C3CCCCC23)CC1
C1CCC(CC2CCC(CC3CCC(CC4CCCC(C5CCC(CC6CCCC6)CC5)C4)CC3)CC2)C1
C1CCC(C2CCCC2C2CCC(C3CCCCC3)C(C3CCCC3)C2)CC1
C1CCC(C2CC(C3CCCC(C4CCCC(C5CCC5)C4)C3)C3CCCCC23)CC1
C1CCC(CCCCC2CC(C3CCC4CCCC4C3)CCC2CCC2CCCCC2)CC1
C1CCC(CCCCC2CCC(CCC3CCCCC3)CC2)CC1
C1CCC(CCC2CCC(CC3CCCC3C3CCCCC3)CC2)CC1
C1CC(CCC2CC3CCCCC3C2)CC(C2CC2)C1
C1CCC(C2CCCC(CC3CCC4CCCCC43)C2)CC1
C1CCC(C2CCC(CC3CC4CCCCC4C(C4CCCCC4)C3)CC2)CC1
C1CCC(CCC2CCC(C3CCCCC3)CC2)CC1
C1CCC(CCC2CCCCC2C2CCCCC2)CC1
C1CCC(CCCC2CCC(C3CCCCC3)CC2C2CCC3CCCCC3C2)CC1
C1CCC(CC2CCC(CC3CCC(C4CCCCC4)CC3)CC2)CC1
C1CCC(CC2CCCCC2C2CCC(C3CCCC3)CC2CC2CCCCC2)CC1
C1CCC(C2CCC(C3CCCC(CCC4CCC(C5CC6CCCCC6C5)C4)C3)CC2)CC1
C1CCC(CC2CCCC(CCCC3CC(CC4CCCCC4)C4CCC(C5CCCC5)CC34)C2)CC1
C1CCC(C2CCC(CCC3CCC(CCC4CCC4)C(CC4CCCC4)C3)CC2)CC1
C1CCC(CCCCC2CCC(CC3CCC(C4CCC(CCC5CCCCC5)CC4)CC3)CC2)CC1
C1CCC(CCC2CCC(CC3CCCCC3)CC2)CC1
C1CCC(CC2CCC(CCC3CCCC(CC4CCCCC4)C3)CC2)CC1
C1CCC(CC2CCC3C(CC4CCCCC4)CC(C4CCCCC4)C3C2)CC1
C1CCC(CC2CCC(C3CCCCC3)CC2)CC1
C1CCC(CCCC2CC(C3CCC(C4CCCC4)CC3)C3CCCCC23)CC1
C1CCC(CCC2CCCC(C3CCCCC3)C2)CC1
C1CCC(CC2CCCCC2C2CCC(CC3CCC(CCCC4CC5CCCCC5C4)CC3)CC2)CC1
C1CCC(C2CCC(C3CCCCC3C3CCCCC3)CC2)CC1
C1CCC(CCC2CCCC(CCC3CCC(CC4CCCCC4)CC3)C2)CC1
C1CCC(C2CCC(CC3CCCCC3C3CCC(C4CCC(CC5CCC5)CC4)CC3)CC2)CC1
C1CCC(CC2CCCCC2CC2CCCC(C3CCCCC3)C2)CC1
C1CCC(CCC2CCCCC2)CC1
C1CCC(C2CCC(C3CCCCC3C3CCCCC3)CC2)CC1
C1CCC(CCCCCC2CCC(C3CCCCC3)CC2C2CCCCC2)CC1
C1CCC(CC2CCC(CCC3CCCCC3C3CCC(C4CCCCC4)CC3C3CCCCC3)CC2)CC1
C1CCC(C2CCC(C3CCCCC3)CC2)CC1
C1CCC(CC2CCCC(C3CCCCC3)C2)CC1
C1CCC(C2CCCC(CC3CCCC(C4CCC5CCCCC54)C3)C2)CC1
C1CCC(C2CCC(CC3CCCCC3CC3CCCCC3C3CCC4CCCCC4C3)CC2)CC1
C1CCC(C2CCC(C3CCCC(C4CCCCC4)C3)CC2)CC1
C1CCC(CCCCC2CCC(CC3CCCCC3)CC2)CC1
C1CCC(C2CC(CC3CCCC(C4CCCC(C5CCCC5)C4)C3)CCC2C2CCC2)CC1
C1CCC(CC2CCC(C3CCC(C4CCC(CC5CCCCC5)C4)CC3)CC2)CC1
C(CCCC1CCCC(C2CCC(C3CCC3)CC2)C1)CCC1CCCCC1
C1CCC(CC2CCCC(C3CCCCC3)C2)CC1
C1CCC(CCC2CCCCC2)CC1
C1CCC(CC2CCCCC2CCC2CCCC(CC3CCCC(C4CCCCC4)C3)C2)CC1
C1CCC(CC2CCCCC2C2CCCCC2CC2CCCCC2)CC1
C(CCC1CC1)CCC1CCCC(C2CCC(C3CCCC3)CC2)C1
C1CCC(CC2CCCC(C3CCCC(CCC4CCCC4)C3)C2)CC1
C1CCC(CCCC2CCCCC2C2CCCC(CC3CCCCC3)C2)CC1
C1CCC(CCC2CCC(C3CCCC(CCCC4CCCC(CC5CCCCC5)C4)C3)C2)CC1
C1CCC(CCC2CC(CC3CCCCC3)C3CCCCC23)CC1
C1CCC(CCC2CCCC(C3CCC4CCCCC43)C2)CC1
C1CCC(C2CCC(CC3CCCC(C4CCCCC4)C3)CC2)CC1
C1CCC(CCC2CCCC(CC(C3CCCCC3)(C3CCCC3)C3CCCC3)C2)CC1
C1CCC(CC2CCCC(C3CCC(C4CCCCC4)CC3)C2)CC1
C1CCC(CC2CCCC(C3CCC(C4CCCCC4)CC3)C2)CC1
C1CCC(CCC2CCCC(C3CCC(C4CCCCC4)CC3)C2)CC1
C1CCC(C2CCC(C3CCCC(C4CCCC4)C3)CC2)CC1
C1CCC(C2CCCCC2)CC1
C1CCC(C2CCC(CC3CCCCC3C3CCC4CCCCC43)CC2)CC1
C1CCC(CC(CC2CCCCC2)C2CCCCC2C2CCC(CC3CCC(CC4CC4)CC3)CC2)CC1
C1CCC(CCC2CCC(C3CCCC4CC(C5CCCCC5)CCC43)CC2)CC1
C1CCC(CCC2CCC(C3CCCCC3CC3CCCCC3)CC2)CC1
C1CCC(CC2CCC(C(CC3CCCCC3)C3CCCCC3)CC2)CC1
C1CCC(CCC2CCCC(C3CCCCC3)C2)CC1
C1CCC(CCCCC2CCC(CCC3CCCCC3)CC2)CC1
C1CCC(CCCC2CCCC3CC(C4CCCCC4C4CCCCC4)CCC23)CC1
C1CCC(C2CCC(C3CCCCC3)CC2)CC1
C1CCC(CC2CCCC(C3CCC4CCCC4C3)C2)CC1
C1CCC(CC2CCCC(CC3CCCCC3)C2)CC1
C1CCC(CC2CC(CC3CC3)CC(C3CCCC(C4CCCCC4)C3)C2)CC1
C1CCC(CC2CCCCC2)CC1
C1CCC(CC2CCC(CC3CCCCC3C3CCCCC3)CC2)CC1
C1CCC(CC2CCC(C3CCCCC3)CC2)CC1
C1CCC(C2CC(C3CCCCC3)CC(C3CCCCC3)C2)CC1
C1CCC(CCC2CCCC(CC3CCCCC3)C2)CC1
C1CCC(CC2CCC(C3CCCC(C4CCCCC4)C3)C2CC2CCCCC2)CC1
C1CCC(C2CCCC(C3CCCC(CC4CCCC4)C3)C2)CC1
C1CCC(C2CCCCC2C2CCC3CCCC3C2)CC1
C1CCC(CCC2CCCCC2CC2CCCCC2)CC1
C1CCC(C2CCCC(C3CCCCC3)C2)CC1
C1CCC(CCCC2CCC(C3CCCC(CCC4CCC(CC5CCC5)CC4)C3)CC2)CC1
C1CCC(C2CCCC(CC3CCCC(C4CCCC(C5CCCCC5)C4)C3)C2)CC1
C1CCC(CC2CC(C3CCC(C4CCCCC4)CC3)C3CCCCC23)CC1
C1CCC(CC2CCC(C3CCC4CCC(C5CCC5)CC4C3)CC2)CC1
C1CCC(CC2CCCC(CCC3CCC(C4CCC(C5CCCCC5)CC4)CC3)C2)CC1
C1CCC(CCCC2CCCC(C3CCCCC3C3CCCCC3)C2)CC1
C1CCC(CC2CCC(C3CC4CCCCC4C3)CC2C2CCCCC2)CC1
C1CCC(C2CCC(CC3CCCC(C4CCCCC4)C3)CC2)CC1
C1CCC(C2CCCCC2)CC1
C1CCC(CCC2CCC(C3CC4CCCCC4C3)CC2)CC1
C1CCC(C2CC(C3CCC4CCCCC43)CC3CCCCC32)CC1
C1CCC(CC2CCC(CC3CCCCC3)CC2)CC1
C1CCC(CCC2CC(C3CCCCC3)C3CCCCC23)CC1
C1CCC(CCC2CCC(CC3CCCC(C4CCCCC4)C3)CC2)CC1
C1CCC(CC2CCC(CCC3CCC(C4CCCCC4)CC3)CC2)CC1
C1CCC(CC2CCC(CCCC3CCCC(CC4CCCCC4)C3)CC2)CC1
C1CCC(CC2CCC3CC(C4CCCC(CCCC5CCC6CCCCC65)C4)CCC3C2)CC1
C1CCC(CCC2CCC(C3CCC(CC4CCCCC4)CC3)CC2)CC1
C1CCC(CCCCC2CCCC(CC3CCCC3)C2)CC1
C1CCC(CCC(CC2CCCCC2)C2CCC3CCCC3C2)CC1
C1CCC(CC2CCCCC2)CC1
C1CCC(CC2CCC(C3CC(C4CCCCC4)C3)CC2)CC1
C1CCC(C2CCC3CCC(C4CCCCC4)CC3C2)CC1
C1CCC(CC2CCCC2CCC2CCC(C3CCCC(C4CC4)C3)CC2)CC1
C1CCC(C2CCCCC2CC2CCCC2)CC1
C1CCC(C2CCCC(CCCC3CC4CCCCC4C3)C2)CC1
C1CCC(C2CCC(C3CCC(C4CCC5CCCCC5C4)C3C3CCCCC3)CC2)CC1
C1CCC(CC2CCCCC2CC2CCCC(C3CC3)C2)CC1
C1CCC(CC2CCC(C3CCCC(C4CCCCC4)C3)CC2)CC1
C1CCC(C2CCC(CC3CCC(C4CC5CCCCC5C4)CC3)CC2)C1
C1CCC(CCC2CCCCC2)CC1
C1CCC(CC2CCCC(C3CCCCC3)C2)CC1
C1CCC(CC2CCCCC2C2CCCCC2)CC1
C1CCC(CC2CCCCC2C2CCC(CC3CC4CCCCC4C3)CC2)CC1
C1CCC(CC2CCCC(CCCC3CCC(C45CC(C4)C5)CC3)C2)CC1
C1CCC(C2CCC(C3CCCCC3)CC2)CC1
C1CCC(CCC2CCCCC2CCC2CCCCC2)CC1
C1CCC(CCC2CCCCC2C2CCC(CC3CCCCC3)CC2)CC1
C1CCC(CCC2CCC(C3CCC4CCCCC4C3)CC2)CC1
C1CCC(CCC2CCCC(C3CCCCC3)C2)CC1
C1CCC(C2CCC(C3CCC(CCCCC4CCC4)CC3)CC2)CC1
C1CCC(C2CC(CCC3CC4CCCCC4C3)C3CCCCC32)CC1
C1CCC(CCC2CCCCC2)CC1
C1CCC(CCC2CCC(CCC3CCCC(C4CCCCC4)C3)CC2)CC1
C1CCC(CC2CCCCC2C2CCCCC2CC2CCCCC2)CC1
C1CCC(CC2CCCC(C3CCC(C4CC(C5CCCCC5)C4)CC3)C2)CC1
C1CCC(C2CCCC(C3CCCCC3C3CCCCC3)C2)CC1
C1CCC(CC2CCC(CC3CCCCC3)CC2)CC1
C1CCC(C2CC(C3CCC(C4CC5CCCCC5C4)CC3)CC3CCCCC32)CC1
C1CCC(CC(C2CCCCC2)C2CCCC(C3CCCCC3)C2)CC1
C(CCCC1CCC(CC2CCCCC2)CC1)CCC1CCCCC1
C1CCC(C2CCC(C3CCCC(C4CCCC4)C3)CC2)CC1
C1CCC(C2CCCC(C3CCCCC3)C2)CC1
C1CCC(CCC2CCC(CCC3CCCCC3)CC2)CC1
C1CCC(CCC2CCC3C(CCC3C3CCC(CC4CCCCC4)CC3)C2)CC1
C1CCC(CC2CCCC3CCC(C4CCCCC4)CC32)CC1
C1CCC(C2CCCC(C3CCCC(C4CCCCC4)C3)C2)CC1
C1CCC(CC2CCC(CC3CCCCC3)CC2)CC1
C1CCC(CCC2CCC(CC3CCCCC3)CC2)CC1
C1CCC(CCC2CCC(CCCC3CCCC(C4CCCCC4)C3)CC2)CC1
C1CCC(C2CCCC(C3CCC4C(CCCC4C4CCCCC4)C3)C2)CC1
C1CCC(CCCCC2CCCCC2)CC1
C1CCC(CC2CCCC(C3CCCC(CC4CCCCC4)C3)C2)CC1
C1CCC(CC2CCCC(CCC3CCCCC3CC3CCCCC3)C2)CC1
C1CCC(C2CCCC(C3CCC(CC4CCCC4)CC3C3CCCC3)C2)CC1
C1CCC(CC2CCCC(C3CCCCC3)C2)CC1
C1CCC(C2CC3CCC(C4CCCCC4C4CCCC4)CC3C2)CC1
C1CCC(CCC2CCC(CCCC3CCCC(C4CCCCC4)C3)CC2)CC1
C1CCC(C2CCC(C3CCCC(C4CC(C5CCCC5)C5CCCCC45)C3)CC2)CC1
C1CCC(CC2CCC(C3CCC(C4CCCCC4)CC3)CC2)CC1
C1CCC(CCCCC2CC(CC3CCCC(C4CCCCC4)C3)C3CCCCC23)CC1
C1CCC(CCCC(CC2CCC(CC3CCCCC3)CC2)C2CCCCC2)CC1
C1CCC(CC2CCCC(C3CCCC(C4CCCCC4)C3)C2)CC1
C1CCC(CC2CCC(CC3CCC(C4CCCCC4)CC3)CC2)CC1
C1CCC(CC2CCC(C3CCCCC3)CC2)CC1
C1CCC(CCCC2CCC(C3CCC(C4CCCCC4)CC3)CC2)CC1
C1CCC(CCCC2CCCC(CCC3CCCCC3)C2)CC1
C(CCCC1CCCC(C2CCC(CC3CCCCC3)CC2)C1)CCC1CCCC1
C1CCC(CCC2CCCC(CC3CCCCC3)C2)CC1
C1CCC(CC2CCCC(CCCC3CCCCC3CC3CCCCC3)C2)CC1
C1CCC(CCC2CCC(CC3CCC(CCC4CCCCC4)CC3)CC2)CC1
C1CCC(C2CCC3C(CCC3C3CCCC3)C2)CC1
C1CCC(CCCCC2CCC3CC(C4CCC5CCCCC54)CC(C4CCCCC4)C3C2)CC1
C1CCC(CC2CCC3CC(C4CCCC(C5CCCCC5)C4)CCC23)CC1
C1CCC(CCC2CCCC(C3CCCCC3)C2)CC1
C1CCC(CCC2CCCCC2C2CCCC(C3CCCCC3)C2)CC1
C1CCC(CC2CCC(C3CCCCC3)C(C3CCCCC3)C2)CC1
C1CCC(C2CCCC(CC3CCCCC3C3CCCCC3)C2)CC1
C1CCC(CCCC2CCCCC2)CC1
C1CCC(CC2CCC(C3CC4CCCCC4C3)C(C3CCCC3)C2)CC1
C1CCC(CCCC2CCC(C3CCCCC3)CC2)CC1
C1CCC(CC2CCC(CC3CCCCC3)CC2)CC1
C(CCC1CCC(CC2CCCCC2)CC1)CCC1CCC(C2CCCC(C3CCCCC3)C2)CC1
C1CCC(CC2CCC(CC3CC4CCCCC4C3)CC2)C1
C1CCC(CCC2CCCC(C3CCCC(C4CCCCC4)C3)C2)CC1
C1CCC(C2CCC(C3CCCCC3)CC2)CC1
C1CCC(C2CCCC(CCC3CCC(C4CCCC(C5CC5)C4)CC3)C2)CC1
C1CCC(CC2CCCCC2C2CC(C3CCCCC3)CC(C3CCCC3)C2)CC1
C1CCC(C2CCCC(C3CCCCC3)C2)CC1
C1CCC(C2CCCC(C3CCCC(C4CCC(C5CCCCC5)CC4C4CCCC4)C3)C2)CC1
C1CCC(C2CCC(C3CCCCC3C3CCCCC3)CC2)CC1
C1CCC(CCCCC2CCC(CC3CCCCC3)CC2)CC1
C1CCC(CCCC2CCC(CC3CCCCC3)CC2)CC1
C1CCC(CCC2CC(C3CCC(C4CCCCC4)CC3)CC(C3CCC(C4CCCC4)CC3)C2)CC1
C1CCC(CC2CCCCC2CCCC2CCC(CCCC3CC4CCCCC4C3)CC2)CC1
C1CCC(CCCC2CCCC(C3CCC(CC4CCC(CCC5CCCCC5)CC4)CC3)C2)CC1
C1CCC(CCCC2CCCCC2C2CCCCC2)CC1
C1CCC(C2CCCC3CCC(C(C4CCCCC4)C4CCCCC4)CC32)CC1
C1CCC(CC2CCCCC2CCCC2CC2)CC1
C1CCC(CCC2CC(C3CCCCC3)CCC2C2CC(C3CCCCC3)C3CCCCC32)CC1
C1CCC(CC2CCCCC2C2CCCCC2CC2CCCCC2)CC1
C1CCC(CC2CCC(C3CCCCC3)CC2C2CCCCC2)CC1
C1CCC(CCCC2CC(CC3CCCCC3)CCC2CC2CCCCC2)CC1
C1CCC(CC2CCC(CC(C3CCC(CC4CCCC(C5CCCCC5)C4)CC3)C3CC3)CC2)CC1
C1CCC(CC2CCC(CCCC3CCC(C4CCCC4)CC3)CC2)CC1
C1CCC(CC2CCCCC2C2CCC(C3CCCC3)CC2)CC1
C1CCC(CC2CCC(CC3CCC(C4CCCCC4C4CCCCC4)CC3)CC2)CC1
C1CCC(C2CC(CCCC3CCC(CC4CC5CCCCC5C4)CC3)C3CCCCC32)CC1
C1CCC(C2CCC(CCC3CCCC3)CC2)CC1
C1CCC(CC2CCC(C3CCCCC3CC3CCCCC3)CC2)CC1
C1CCC(CC2CCCC(C3CCCCC3)C2)CC1
C1CCC(CCC2CCCCC2C2CCC(CC3CCC(C4CCCCC4)CC3)CC2)CC1
C1CCC(C2CCCC(CC3CCCCC3C3CCCCC3)C2)CC1
C1CCC(C2CCC(CC3CCCC(C4CCCCC4)C3)CC2)CC1
C1CCC(CCCCCC2CCC(CC3CCCCC3)CC2CC2CCCCC2)CC1
C1CCC(CCC2CCC(CC3CC4CC(C5CCCCC5)CCC4C(C4CC4)C3)CC2)CC1
C1CCC(CC2CCCC(C3CCCC(C4CCCC4)C3)C2)CC1
C1CCC(CC2CCCC(C3CCCC(CCC4CCC4)C3)C2)CC1
C1CCC(CC2CCC(C3CCC(CC4CCCCC4)CC3)CC2)CC1
C1CCC(CC2CCC(CCC3CCCCC3C3CCCCC3)CC2)CC1
C1CC(CC2CCC(CCC3CCC(CC4CC5CCCCC5C4)CC3)CC2)CC(C2CC2)C1
C1CCC(CCC2CCCC(CC3CCCC(C4CCCCC4)C3)C2)CC1
C1CCC(CCC2CCC(C3CCCCC3)CC2)CC1
C1CCC(CCC2CCC(C3CCCCC3)CC2)CC1
C1CCC(C2CCCC(CC3CC(C4CCCCC4)C4CCCCC34)C2)CC1
C1CCC(CC2CCCCC2CCC2CC(C3CCC4CCCCC43)CC3CCCCC32)CC1
C1CCC(CCC2CCCCC2)CC1
C1CCC(CC2CCC(CC3CCCCC3)CC2)CC1
C1CCC(CC2CCCCC2CC2CCCC(C3CCCC(C4CCCC(C5CCC5)C4)C3)C2)CC1
C1CCC(CCCCC2CCCC(CC3CCCCC3)C2)CC1
C1CCC(CCCC2CCC(C3CCCCC3)C(C3CCCCC3)C2)CC1
C1CCC(C2CCC(C3CCC(C4CCC(C5CCC5)CC4)CC3)CC2C2CCCCC2)CC1
C1CCC(CC2CCC(CC3CCCC(C4CCCCC4)C3)CC2)CC1
C1CCC(CC2CCCC(C3CCCC(CC4CCCCC4)C3)C2)CC1
C1CCC(C2CCCC(C3CCCCC3)C2)CC1
C1CCC(C2CCCC(CCC3CCC4CCCCC4C3)C2)CC1
C1CCC(CC2CCC(CC3CCC(CCC4CC5CCCCC5C4)CC3)CC2)CC1
C1CCC(C2CCCC(CC3CCC4CCCCC43)C2)CC1
C1CCC(CC2CCCCC2C2CCCCC2)CC1
C1CCC(CCC2CCCC(CC3CC4CCCC(C5CCCC5)C4C3)C2)CC1
C1CCC(C2CCC(C3CCC4CCCCC4C3)CC2)CC1
C1CCC(CC2CCC(C3CCCCC3)CC2)CC1
C1CCC(CCC2CCCCC2CC2CCCCC2)CC1
C1CCC(CCCCC2CCCCC2CC2CCCCC2)CC1
C1CCC(CCCC2CCC(CC3CCCCC3)CC2)CC1
C1CCC(CC2CCC(C3CCCCC3)CC2)CC1
C1CCC(CCC2CCC(CC3CCCCC3)CC2)CC1
C1CCC(C2CCCC(C3CCC(C4CCCC4)CC3)C2)CC1
C1CCC(C2CCC(C3CCCC(C4CCCCC4C4CCCCC4)C3)CC2)CC1
C1CCC(C2CCCC(C3CCC(CCCC4CCCC4)CC3)C2)CC1
C1CCC(CC(CC2CC3CCCCC3C2)C2CCCCC2C2CCCC(C3CCCCC3)C2)CC1
C1CCC2CC(C3CCCCC3C3CCC4CCCCC4C3)CCC2C1
C1CCC(CCC2CCCCC2C2CCC3C(CCC4CCCCC4)CCCC3C2)CC1
C1CCC(CCC2CCC3CC(C4CCCCC4)CC3C2)CC1
C1CCC(C2CCC(CC3CCC(CCC4CCC5CCCCC54)CC3)CC2)CC1
C1CCC(CCCC2CCCCC2C2CCCCC2)CC1
C1CCC(CCC2CCCC(CC3CCCCC3)C2)CC1
C1CCC(CCC2CCC(CC3CCC(C4CCCCC4)CC3)CC2)CC1
C1CCC(CCCC2CCC(CC3CCC(CC4CC5CCCCC5C4)CC3)CC2)CC1
C1CCC(C2CCC3CC(C4CC(C5CCCC5)CCC4C4CCC5CCCCC5C4)CCC32)CC1
C1CCC(CCCCCC2CCC3CC(C4CCC5CCCCC54)CC(C4CC5CCCCC5C4)C3C2)CC1
C1CCC(CC2CCC3CC(C4CCCCC4)CCC3C2)CC1
C1CCC(CCC2CCC(C3CCCCC3)C(C3CCCCC3)C2)CC1
C1CCC(C2CCC(CC3CCCCC3C3CCC4CCCCC4C3)CC2)CC1
C1CCC(CC2CCC(C3CCCC(CC4CCCCC4)C3)CC2)CC1
C1CCC(C2CCCC(C3CCCCC3)C2)CC1
C1CCC(CC2CCC3CCC(C4CCCCC4)CC3C2)CC1
C1CCC(CCC2CC(CC3CCC(C4CCCCC4)CC3)CC(C3CCC3)C2)CC1
C1CCC(CC2CCC(CC3CCCCC3)CC2)CC1
C1CCC(CCCCC2CCCC(C3CCCCC3)C2)CC1
C1CCC(CCCCC2CCC(CC3CCC(CC4CCCCC4)CC3)CC2)CC1
C1CCC(CC2CCC(CC3CCC(CCC4CCCC(C5CCCCC5)C4)C3)CC2)CC1
C1CCC(CC2CCC(C3CC4CCCCC4C3)CC2)CC1
C1CCC(CC2CCCC(C3CCC4C(CC5CCCCC5CC5CCCCC5)CCCC4C3)C2)CC1
C1CCC(CC2CCCC(C3CCCCC3C3CCCC3)C2)CC1
C1CCC(CC2CC(C3CC3)CCC2CC(CC2CCCCC2)(C2CCCCC2)C2CCCCC2)CC1
C1CCC(CCCCC2CCC(C3CCC(CCC4CCCCC4)CC3)CC2)CC1
C1CCC(CC2CCCCC2C2CCC(C3CCC4CCCCC43)C(C3CCCCC3)C2)CC1
C1CCC(CCCC2CCC(CC3CCC(CC4CCCCC4)CC3)CC2)CC1
C1CCC(CCCC2CCC(CC3CCCCC3)CC2)CC1
C1CCC(CCCC2CCC(CC3CCCCC3)CC2)CC1
C1CCC(CC2CCCCC2C2CCC(C3CC4CCCCC4C3)CC2)CC1
C1CCC(CC2CCCCC2CC2CCCCC2)CC1
C1CCC(CCCC2CCC(C3CC(C4CCCCC4)CC(C4CCCCC4)C3)CC2)CC1
C1CCC(CC2CCC(C(CC3CC3)C3CCCCC3)CC2)CC1
C1CCC2CC(CC3CCC(CC4CCC(CC5CC6CCCCC6C5)CC4)CC3)CCC2C1
C1CCC(CC2CCCCC2CC2CCCCC2)CC1
C1CCC(C2CCCC(C3CCCC(C4CCCCC4)C3)C2)CC1
C1CCC(CCC2CC(CC3CC3)CC(C3CCCCC3)C2)CC1
C1CCC(C2CCCCC2C2CCCC(CC3CC4CCCCC4C3)C2)CC1
C1CCC(CC2CCC(CCC3CCCCC3CC3CCCCC3)CC2)CC1
C1CCC(C2CCC(CC3CCC(C4CCCCC4)CC3)CC2)CC1
C1CCC(CCC2CCC(CC3CCCCC3)CC2)CC1
C1CCC(CC2CCC(CC3CCCCC3)CC2)CC1
C1CCC(CC2CCCC3CCC(C4CCC5CCCCC5C4)C32)CC1
C1CCC(CC2CCCC(CC3CCC(C4CCCCC4)CC3)C2)CC1
C1CCC(CC2CCC(C3CCCCC3)C(C3CCCCC3)C2)CC1
C1CCC(CC2CCCC(CC3CCC4CC(CC5CCCCC5)CCC43)C2)CC1
C1CCC(C2CCC(CC3CC4CCC(C5CCCCC5)CC4C(C4CCCC4)C3)C2)CC1
C1CCC(CCCCC2CCC(CCC3CCCCC3)CC2CC2CC3CCCCC3C2)CC1
C1CCC(CCCC2CCCC(CCCC3CCCCC3)C2)CC1
C1CCC(C2CCCCC2CCCC2CC3CCCCC3C2)CC1
C1CCC(CC2CCC(CC3CCC(C4CCCC(CC5CC5)C4)CC3)CC2)CC1
C1CCC(C2CCCCC2)CC1
C1CCC(CC(C2CC2)C2CC(C3CCCCC3)CC(C3CCCC(C4CCCCC4)C3)C2)CC1
C1CCC(CC2CCCCC2CC2CCCCC2)CC1
C1CCC(CCC2CCCC(C3CCC(CCC4CCCC(C5CCCCC5)C4)CC3)C2)CC1
C1CCC(CCCC2CCCCC2CC2CCCCC2)CC1
C1CCC(CC2CCCCC2CC2CCCCC2C2CCCC2)C1
C1CCC(CCC2CCCC(CC3CC4CCCCC4C3)C2)CC1
C1CCC(CCC2CCC(C3CCCCC3)CC2)CC1
C1CCC2C(C1)CC2CC1CCC(C2CCC(C3CCCC(C4CCC5CCCCC54)C3)CC2)C1
C1CCC(C2CCCC(CC3CCC(CCC4CCCC4)CC3)C2)CC1
C1CCC(CC2CCCCC2)CC1
C1CCC(CCCC2CCC(C3CCCCC3)CC2)CC1
C1CCC(CCCC2CC(C3CCCCC3)C3CCCCC23)CC1
C1CCC(CC2CCC(CC3CCC(CC4CCC(C5CCCC(CC6CCCC6)C5)CC4)CC3)CC2)CC1
C1CCC(CCCCC2CCC(CC3CCCCC3)CC2)CC1
C1CCC(C2CCCCC2C2CCCCC2)CC1
C1CCC(CC2CCCC(CC3CCC4CCCC(C5CCCCC5)C4C3)C2)CC1
C1CCC(CCCC2CCC(CC3CCC(C4CCCCC4)CC3)CC2)CC1
C1CCC(CCC2CCC(CCC3CCCC(CC4CCC(C5CCCCC5)CC4)C3)CC2)CC1
C1CCC(C2CCC(CC3CCC4CCCCC43)CC2)CC1
C1CCC(CC2CCC(CC3CCC(CC4CCCCC4)CC3)CC2)CC1
C1CCC(C2CCC(CC3CCC(CCCC4CCC5CCCCC5C4)CC3)CC2)CC1
C1CCC(CCCCC2CCCC(CC3CCCC(C4CCCC(C5CCCCC5)C4)C3)C2)CC1
C1CCC(CC2CC(CC3CCC(C4CCCCC4)CC3)C3CCCCC23)CC1
C1CCC(CCC2CCCCC2C2CCCCC2CC2CCCCC2)CC1
C1CCC(CCCC2CCC(CC3CCC(CCC4CCCCC4)CC3)CC2)CC1
C1CCC(CC2CCC(C3CCCCC3)CC2)CC1
C1CCC(C2CCC(CCC3CCC(C4CCCC4)CC3)C(C3CCC4CCCC4C3)C2)CC1
C1CCC(CCC2CCC(CC3CCCC(CC4CCCCC4)C3)CC2)CC1
C1CCC(CC2CC(C3CCCCC3)CCC2CC2CCCC2)CC1
C1CCC(CC2CCC(C3CCCCC3)CC2)CC1
C1CCC(CCCCC2CCCCC2CC2CCCCC2)CC1
C1CCC(CCC2CCCC(C3CCCC(CC4CCCCC4)C3)C2)CC1
C1CCC(C2CCCC(CC3CCCCC3C3CCCCC3)C2)CC1
C1CCC(CCC2CCC(CC3CCC(CC4CCCCC4)CC3)CC2)CC1
C1CCC(CC2CCC3C(CCC3CC3CCCC(C4CCCCC4)C3)C2)CC1
C1CCC(CCC2CCCC(C3CCCCC3)C2)CC1
C1CCC(C2CCC(CCCC3CCCC(C4CCCCC4)C3)CC2)CC1
C1CCC(C2CCC(C3CCCCC3)C3CCCC23)CC1
C1CCC(CCCCC2CC(CC3CCCCC3)CCC2C2CCCCC2)CC1
C1CCC(CCCC2CCC(CC3CCC(CC4CCCCC4)CC3)CC2)CC1
C1CCC(CCCC2CCC(CCC3CC4CCCCC4C3)CC2)CC1
C1CCC(CCC2CCC(C3CCC(CC4CCCC4)CC3)CC2)CC1
C1CCC(CCCC2CCCC(CC3CCC3)C2)CC1
C1CCC(CC2CCCCC2C2CCCCC2C2CCC3CCCC3C2)CC1
C1CCC(CC2CCC(CC3CCC(CC4CCCC(CC5CCCCC5)C4)CC3)CC2)CC1
C1CCC(CC2CC3CCCCC3C(C3CCCCC3)C2)CC1
C1CCC(CCC2CCCCC2CCC2CCCCC2)CC1
C1CCC(CCC2CCC3CCC(C4CCCC(C5CCCCC5)C4)C3C2)CC1
C1CCC(CCC2CCC(C3CCCCC3)C(C3CCCCC3)C2)CC1
C1CCC(C2CCCC(C3CCCCC3)C2)CC1
C1CCC(CC2CCC(C3CCCCC3CC3CCCCC3)CC2)CC1
C1CCC(C2CCC(C3CCCC(CCC4CCCC(C5CCCCC5)C4)C3)CC2)CC1
C1CCC2CC(CC3CCC(CC4CCC(CC5CC6CCCCC6C5)CC4)CC3)CCC2C1
C1CCC(C2CCC(CCC3CCCC3)CC2)CC1
C1CCC(CC2CCCCC2CCCC2CCC3CCCCC32)CC1
C1CCC(CCC2CCC(C3CCCCC3)CC2)CC1
C1CCC(CC2CCCCC2)CC1
C1CCC(CC2CCCC(C3CCCC(C4CCCCC4)C3)C2)CC1
C1CCC(CCC2CCC(C3CCCCC3)CC2)CC1
C1CCC(CCC2CCC(CCC3CCC(CC4CCCCC4)CC3)CC2)CC1
C1CCC(CC2CCCCC2CC2CCC(C3CCCCC3)C2)CC1
C1CCC(CC(C2CCCCC2)C2CCCCC2)CC1
C1CCC(CC2CCCCC2C2CCCCC2CC2CCCC3CCCCC32)CC1
C1CCC(CC2CCCC(C3CCC(C4CCC5CCCCC54)CC3)C2)C1
C1CCC(CC2CCC(C3CCCCC3)CC2)CC1
C1CCC(CC2CC(C3CCC(C4CCCCC4)CC3)C3CCCCC23)CC1
C1CCC(C2CCC(CC3CCCC(C4CCCC4)C3)CC2)CC1
C1CCC(CC2CCC(C3CCCCC3)C(CC3CCCCC3)C2)CC1
C1CCC(C2CCCC(C3CCC(C4CCCCC4)C3)C2)CC1
C1CCC(CC2CC(C3CCC4CCCCC43)CC3CCCCC32)CC1
C1CCC(CC2CC(CC3CC3)CC(C3CCCCC3)C2)CC1
C1CCC(C2CCC(C3CCCCC3C3CCC4CCCC4C3)C(C3CCCC3)C2)CC1
C1CCC(CC2CCCCC2CC2CCCCC2)CC1
C1CCC(CCC2CC(C3CCCCC3)C3CC(C4CCCCC4)CCC23)CC1
C1CCC(CC2CCCC(CCC3CCC(C4CCCC4)CC3)C2)CC1
C1CCC(CCCCC2CCCC(C3CCCC3)C2)CC1
C1CCC(C2CCC(CC3CCCC(CCC4CCCC5CCCCC54)C3)CC2)CC1
C1CCC(C2CCCCC2CC2CCCCC2C2CCC3CCCCC3C2)CC1
C1CCC(CC2CCC(CC3CCCC(C4CC4)C3)CC2)C1
C1CCC2C(C1)CCC2CCC1CCC(C2CCC3CCCCC32)CC1
C1CCC(C2CCCC(CC3CCC(CC4CCCC(CC5CC5)C4)CC3)C2)CC1
C1CCC(C2CCC(C3CCCC(CC4CC4)C3)CC2)CC1
C1CCC(CC2CCC(C3CCCC(C4CCCCC4)C3)C(C3CCCC3)C2)CC1
C1CCC(CC2CCCC(CC3CCCCC3C3CCCCC3)C2)CC1
C1CCC(CC2CCCCC2CC2CCC3CCCC(C4CCCCC4)C3C2)CC1
C1CCC(CC2CCC(C3CCCC(C4CCCCC4)C3)CC2)CC1
C1CCC(CC2CCCC(C3CCCCC3)C2)CC1
C1CCC(CC2CCCC(C3CCCCC3)C2)CC1
C1CCC(CC2CCC(CC3CCC(C4CCCC4)CC3)CC2)CC1
C1CCC(C2CCC(CC3CCC(C4CCC(C5CCCCC5)CC4)CC3)CC2)CC1
C1CCC(CCC2CC(C3CCCCC3)C3CC(C4CCCCC4)CCC23)CC1
C1CCC(CC2CCC(CC3CCCCC3)CC2)CC1
C1CCC(C2CCCC(C3CCC(CC4CC5CCCCC5C4)CC3)C2)CC1
C1CCC(CCC2CCC(CC3CCCCC3C3CCC(CC4CCCCC4)CC3)CC2)CC1
C1CCC(CC2CCCCC2CC2CCCCC2C2CCCC2)CC1
C1CCC(C2CCCC(C3CC(C4CCCCC4)CC(C4CC4)C3)C2)CC1
C(CCC1CCCC(CCC2CC3CCCCC3C2)C1)CCC1CCCC(C2CCCCC2)C1
C1CCC(C2CC(C3CCCC(C4CCCC4)C3)C3CCCCC23)CC1
C1CCC(C2CCCC(CC3CCCC(C4CC5CCCCC5C4)C3)C2)CC1
C1CCC(CC2CCCCC2CC2CCCCC2C2CCCCC2)CC1
C1CCC(CCC2CCCCC2CC2CCCC(C3CCCCC3)C2)CC1
C1CCC(C2CCCC(CC3CCCC3)C2)CC1
C1CCC(CC2CCCCC2CCC2CCCCC2CC2CCCCC2)CC1
C1CCC(CCC2CCC(CC3CCC(CC4CC4)CC3)CC2)CC1
C1CCC(CC2CCC3C(CC4CCCC4)CC(CC4CCCCC4)C3C2)CC1
C1CCC(CCC2CCC(CC3CCCCC3)CC2)CC1
C1CCC(CC2CCC(C3CCC(C4CCC(C5CCCCC5)CC4)CC3)CC2)CC1
C1CCC(CCC2CCC(C3CCC(C4CCCCC4)CC3)C(C3CCCCC3)C2)CC1
C1CCC(C2CCCC(CC3CCC4CCCCC43)C2)CC1
C1CCC(C2CC(C3CCCC3)C3CCC(C4CCC5CCCCC5C4)CC23)CC1
C1CCC(CCC2CCCC(C3CCC(C4CCCCC4)CC3)C2)CC1
C1CCC(C2CC(C3CCCCC3)C3CCCCC23)CC1
C1CCC(CCC2CCC(C3CCCC(C4CCCCC4)C3)CC2)CC1
C1CCC(CCCCC2CCC(CCC3CCCCC3)CC2)CC1
C1CCC(CC2CCC(CCC3CCC(C4CCCCC4)CC3)CC2)CC1
C1CCC(C2CCC(CCC3CCC(C4CCCC4)CC3)CC2)CC1
C1CCC(CC2CCCC(CC3CCC4CCCC4C3)C2)CC1
C1CCC(C2CCC(C3CCCCC3)C(C3CCCCC3)C2)CC1
C1CCC(C2CCCC(C3CCCCC3)C2)CC1
C1CCC(CCC(CC2CCCCC2)CC2CCC(CC3CCC4CCCCC43)CC2)CC1
C1CCC(C2CCCCC2CCC2CCC3CCCCC32)CC1
C1CCC(C2CCCCC2)CC1
C1CCC(CC2CCCC(CC3CCCCC3)C2)CC1
C1CCC2CC(C3CCCCC3C3CCCC(C4CCCCC4C4CCC4)C3)CCC2C1
C1CCC(CC2CCCCC2)CC1
C1CCC(C2CCCC(CCCC3CCC4CCCC4C3)C2)CC1
C1CCC(CC2CCCCC2C2CC(C3CCCCC3)C3CCCCC32)CC1
C1CCC(C2CC3CCCCC3C(C3CCCCC3)C2)CC1
C1CCC(CC2CCCC(C3CCCC(C4CCCCC4)C3)C2)CC1
C1CCC(CC2CCCCC2C2CCCC(C3CCCCC3)C2)CC1
C1CCC(C2CCCCC2C2CCC3C(CCC3C3CCCCC3)C2)CC1
C1CCC(C2CCC(CCC3CCC(CCCC4CCC5CCCCC5C4)CC3)CC2)CC1
C1CCC(CC2CCCC(CCC3CCCC4CCCCC43)C2)CC1
C1CCC(CCCC2CCCC(CC3CCCC(CC4CCCCC4)C3)C2)CC1
C1CCC(C2CCC(C3CCC(C4CCCC4)CC3)C(C3CCCC3)C2)CC1
C1CCC(CCC2CCCC(C3CCCCC3)C2)CC1
C1CCC(CCCC2CCC(CC3CC3)CC2CCC2CCCCC2)CC1
C1CCC(CCCC2CC(C3CCC(CC4CCC(C5CCCC5)CC4)CC3)C3CCCCC23)CC1
C1CCC(CC2CCC(C3CCCCC3)CC2CC2CCCCC2)CC1
C1CCC(C2CCCC(CC3CCCC(C4CCCCC4)C3)C2)CC1
C1CCC(C2CC(C3CCC(C4CCC(CCC5CCCC5)CC4)CC3)C2)CC1
C1CCC(CC2CC3CCC(C4CCCCC4)CC3C(C3CCCCC3)C2)CC1
C1CCC(CCC2CCC(C3CCC(C4CC5CCCCC5C4)CC3)CC2)CC1
C1CCC(CC2CCC(CCC3CCCC(CC4CCCCC4)C3)CC2)CC1
C(CCCC1CCCC(C2CCC(CC3CCCCC3)CC2)C1)CCC1CCCCC1
C1CCC(C2CCCC(C3CCC(C4CCC5CCCCC54)CC3)C2)CC1
C1CCC(CC2CCC(C3CCCC(C4CCCC(C5CCCCC5)C4)C3)CC2)CC1
C1CCC(CC2CCCC(CC3CC4CCCCC4C3)C2)CC1
C1CCC(C2CCCC(CC3CCC(C4CCCC4)CC3)C2)CC1
C1CCC(CCCC2CCC(CCCC3CCCCC3)CC2)CC1
C1CCC(CC2CCC(CC3CCC(C4CCCCC4)C3)C(C3CCCCC3C3CCCC3)C2)CC1
C1CCC(CCC2CCC(C3CCC(CC4CCC(CC5CCCCC5)CC4)CC3C3CCCC3)CC2)CC1
C1CCC(C2CCC(C3CCCC(C4CCCCC4C4CCCC(C5CCCCC5)C4)C3)CC2)CC1
C1CCC(CCC2CCCC(C3CCC4C(CCC4C4CCCC4)C3)C2)CC1
C1CCC(CCCC2CCCCC2C2CCC(CC3CCCCC3)CC2)CC1
C1CCC(CC2CCCC(C3CCCC(C4CCCCC4)C3)C2)CC1
C1CCC(CC2CCC(CC3CCC(C4CCCC4)CC3)CC2)CC1
C1CCC(CC2CCC(CC3CCCC(CC4CCCC(C5CCCCC5)C4)C3)CC2)CC1
C1CCC(C2CCCCC2C2CCCC(CC3CC4CCCCC4C3)C2)CC1
C1CCC(C2CCC(C3CCCC(CC4CC5CCCCC5C4)C3)C(C3CCCCC3)C2)CC1
C1CCC(CCC2CCCCC2C2CCCCC2)CC1
C1CCC(C2CCC(CC3CCC(CCC4CCCC4)CC3)CC2)CC1
C1CCC(CCCC2CCC(C3CCCCC3)CC2)CC1
C1CCC(CC2CCC(CCCC3CCCC(C4CCCCC4)C3)CC2)CC1
C1CCC(CC2CCCC(CCC3CCCC(C4CC5CCCCC5C4)C3)C2)CC1
C1CCC(CCCC2CCC(CC3CCCCC3C3CCCCC3)CC2)CC1
C1CCC(C2CCCC(CCCC3CC4CCCCC4C3)C2C2CCCCC2)CC1
C1CCC(CCC2CCC(C3CCCCC3)C(C3CCCCC3)C2)CC1
C1CCC(C2CC(C3CCC4CCCCC43)CC3CCC(C4CCCC4)CC32)CC1
C1CCC(CCC2CC(C3CCCCC3CC3CCCCC3)CCC2C2CCCCC2)CC1
C1CCC(CC2CCC(C3CCCC(C4CCCC(CC5CCCCC5)C4)C3)CC2)CC1
C1CCC(CCCC2CCCCC2)CC1
C1CCC(CC2CCC(CC3CCCC(C4CCCCC4)C3)CC2)CC1
C1CCC(C2CCCC(C3CCC(C4CCC5CCCC5C4)CC3)C2)CC1
C1CCC(CC2CCCC(C3CCC(CC4CCCC5CCCCC54)CC3)C2)CC1
C1CCC(CC2CCC(C3C(C4CCCCC4)CCCC3C3CCCC3)CC2)CC1
C1CCC(CCCCC2CCCCC2C2CCCC2)CC1
C1CCC(C2CCC(C3CCC4CCCCC43)C(C3CCCC3)C2)CC1
C1CCC(CC2CCCC(C3CCCCC3CCC3CC4CCCCC4C3)C2)CC1
C1CCC(CCC2CCC(CC3CCCCC3)CC2)CC1
C1CCC(CC2CC(CC3CC(C4CCCC4)CCC3C3CCC4CCCC4C3)C3CCCCC23)C1
C1CCC(CC2CCC(CC3CCCC(C4CCCCC4)C3)CC2)CC1
C1CCC(CCC2CCCC(C3CCC(CCC4CC4)CC3)C2)CC1
C1CCC(CC2CCC(C3CCC(C4CCCCC4)CC3)CC2)CC1
C1CCC(CC2CC(CC3CC3)CC(C3CCCC(C4CCCCC4)C3)C2)CC1
C1CCC(C2CCCC(CC3CCC4C(CCCC4C4CCC5CCCCC54)C3)C2)CC1
C1CCC(CCCC2CCCC(C3CCC(CCC4CCCCC4)CC3)C2)CC1
C1CCC(C2CCC(C3CCC(CC4CCCC(C5CCCC5)C4)CC3)CC2)CC1
C1CCC(C2CCCCC2C2CCC3CCCC3C2)CC1
C1CCC(CCC2CCCC(C3CCCC(C4CCCCC4)C3)C2)CC1
C1CCC(CC2CCCC(CCCC3CCC(C4CCCCC4)CC3)C2)CC1
C1CCC(CCC2CCCC(C3CCCC(C4CCCC4)C3)C2)CC1
C1CCC(C2CCCCC2C2CCCCC2)CC1
C1CCC(C2CCCC(C3CCCCC3)C2)CC1
C1CCC(CCCC2CCC(CC3CCC(CC4CCCCC4)CC3)CC2)CC1
C1CCC(C2CCC(C3CCCCC3)CC2)CC1
C1CCC(C2CCCC(C3CCC4CCCCC4C3)C2)CC1
C1CCC(CCCC2CCCC(C3CCCC(C4CCC5CCCC5C4)C3)C2)CC1
C1CCC(CCC2CCCC(C3CCC(CC4CCCCC4)CC3)C2)CC1
C1CCC(CCC2CCC(CCCCC3CCCC(C4CCCCC4)C3)CC2)CC1
C1CCC(CCC2CCCC(CCC3CC4CCCCC4C3)C2)CC1
C1CCC(CC2CCCCC2C2CCCCC2)CC1
C1CCC(C2CCC(CC3CCC(C4CCCC(C5CCCC5)C4)CC3)CC2)CC1
C1CCC(CC2CCC(CC3CCC(CCCC4CCCC(CC5CC5)C4)CC3)CC2)CC1
C1CCC(C2CCCCC2C2CCC3CCCC3C2)CC1
C1CCC(CC2CCCCC2CCC2CCCC(C3CC4CCCCC4C3)C2)CC1
C1CCC(CC2CCC(CC3CCCCC3)CC2)CC1
C1CCC(CC2CCC(C3CCCCC3)C(C3CCC4CCCCC4C3)C2)CC1
C1CCC(CCCCC2CCCC(CC3CCC(C4CCCCC4)CC3)C2)CC1
C1CCC(CC2CCCC(CCCC3CCC(CCC4CCCC4)CC3)C2)CC1
C1CCC(C2CCC(C3CCCC(CC4CCCC4)C3)CC2)CC1
C1CCC(CC2CCC(C3CCC(C4CCCCC4C4CCCCC4)CC3)CC2)CC1
C1CCC(CC2CCC(CCCC3CCCC(CC4CCCC4)C3)CC2)CC1
C1CCC(C2CCC(C3CCC(CC4CCC5CCCC5C4)CC3)CC2)C1
C1CCC2CC(C3CC(C4CCCCC4C4CCCC4)C4CCCCC34)CC2C1
C1CCC(C2CCCC(CC3CCCCC3C3CCCCC3)C2)CC1
C1CCC(C2CCC(CC3CCCC(C4CCC5CCCCC5C4)C3)CC2)CC1
C1CCC(C2CCC(CCC3CCCC(C4CCCC(C5CCCCC5)C4)C3)CC2)CC1
C1CCC(CCC2CCC(CC3CCC(CCC4CCCCC4)CC3)CC2)CC1
C1CCC(CC2CCCC(C3CCC4CCCCC43)C2)CC1
C1CCC(C2CCC(C(C3CCCCC3)C3CCCCC3)CC2C2CCCC2)CC1
C1CCC(C2CCCC(C3CCC4CC(C5CCCCC5)CCC4C3)C2)CC1
C1CCC(CCC2CCC(CCC3CCCC(CC4CCCCC4)C3)CC2)CC1
C1CCC(CCC2CCC(CC3CCCCC3)CC2)CC1
C1CCC(C2CCCC(C3CCCC(C4CCC5CCCC5C4)C3)C2)CC1
C1CCC(CC2CCCC(CC3CC(C4CCC5CCCC5C4)C4CCCCC34)C2)CC1
C(CC1CC1)CC1CCC2C(CCC2C2CCCC2)C1
C1CC2CCC(CCC3CCC(CC4CCCCC4CC4CC5CCCCC5C4)CC3)CC2C1
C1CCC(CC2CCC(C3CCCC(C(CC4CCCCC4)CC4CCCC4)C3)CC2)CC1
C1CCC(C2CCC(C3CCC4CCCC(C5CCCCC5)C4C3)C2)CC1
C1CCC(CC2CCC(C3CCCCC3C3CCCCC3)C2)CC1
C1CCC(CCC2CCCC(C3CCCCC3)C2)CC1
C1CCC(CC2CCC(C3CCC(CC4CCC(CCCC5CCCC5)CC4)CC3)CC2)CC1
C1CCC(CCC2CCCCC2C2CCCCC2C2CCCCC2)CC1
C1CCC(CCC2CCCC(CC3CCCCC3)C2)CC1
C1CCC(CCC2CCCC(CCC(C3CCCCC3)C3CCCCC3)C2)CC1
C1CCC(CCC2CCCC(C3CCCCC3)C2)CC1
C1CCC(CC2CCCCC2C2CCCCC2C2CCC3CCCC3C2)CC1
C1CCC(C2CCC(C3CCCC(C4CCCCC4)C3)CC2)CC1
C1CCC(CCC(CC2CCCCC2)C2CCC(CC3CCCCC3)CC2)CC1
C1CCC(CC2CCC(C3CCCC(C4CCC(C5CCCCC5)CC4)C3)C2)CC1
C1CCC(CCC2CCCC(C3CCCCC3CC3CCCCC3)C2)CC1
C1CCC(CCCC2CCC(CC3CCC(CC4CCCCC4)CC3)CC2)CC1
C1CCC(C2CCCC(CCCC3CCC(C4CCCC(C5CCCC5)C4)C3)C2)CC1
C1CCC(CCC2CCC(CC3CC3)CC2)CC1
C1CCC(C2CCCCC2C2CCCC2)CC1
C1CCC(C2CCCC(C3CCCCC3)C2)CC1
C1CCC(CC2CCCC(C3CCCCC3)C2)CC1
C1CCC(CCC2CCCC(CC3CCCCC3)C2)CC1
C1CCC(CC2CC(CC3CCCC(C4CCCC4)C3)CC(C3CCCCC3)C2)CC1
C1CCC(CC2CCC(CC3CCCCC3)CC2)CC1
C1CCC(CCCC2CC(CC3CC3)CCC2C2CCCCC2)CC1
C1CCC(CC2CCC(CCC3CCC(C4CCCCC4)CC3)CC2)CC1
C1CCC(CC2CCCCC2C2CCCC(C3CCCCC3)C2)CC1
C1CCC(CC2CCC(CC3CCC4C5CCCCC5CC(C5CC5)C4C3)CC2)CC1
C1CCC(CC2CCC3C(CC4CCCCC4)CCC3C2)CC1
C1CCC(CCCC2CCC(C3CCCCC3)CC2)CC1
C1CCC(C2CCCCC2CCCC2CC3CCCCC3C2)CC1
C1CCC(C2CCC(C3CCCC(C4CCCCC4)C3)CC2)CC1
C1CCC(CCCC2CCC(CC3CCC(CC4CC5CCCCC5C4)CC3)CC2)CC1
C1CCC(C2CCCC(CC3CCCC(C4CCCCC4)C3)C2)CC1
C1CCC(CC2CCCC(CC3CCCCC3CCC3CCC(C4CCCCC4)CC3)C2)CC1
C1CCC(CC2CCCCC2)CC1
C1CCC(C2CCC(CCC3CCC(C4CCCC(CC5CC5)C4)CC3)CC2)CC1
C1CCC(CC(C2CCC(C3CCCC3)CC2)C2CCCC(C3CCCCC3)C2)CC1
C1CCC(CC2CCCC(C3CC(C4CCCCC4)C4CCCCC34)C2)CC1
C1CCC(CC2CCCCC2C2CC3CCC(C4CCCC4)CC3C(C3CCCCC3)C2)CC1
C1CCC(C2CCCCC2CCC2CCC(C3CCCC3)CC2)CC1
C1CCC(CC2CCCC(C3CC(CC4CCCC4)C4CCCCC43)C2)CC1
C1CCC(CC2CCCCC2)CC1
C1CCC(C2CCC(CCC3CC4CCCCC4C3)CC2)CC1
C1CCC(C2CCCC(CCC3CCC4CCCCC43)C2)CC1
C1CCC(CCC2CCCC(C3CC(C4CCCCC4)CC(C4CCCC(C5CCCCC5)C4)C3)C2)CC1
C1CCC(CCCC2CCC(CC3CCC(C4CCCC4)CC3)CC2)CC1
C1CCC(CC2CCC(C3CCCC(C4CCCCC4)C3)CC2)CC1
C1CCC(CCCCC2CCC(C3CCCCC3)CC2)CC1
C1CCC(CCCCCC2CCC(CC3CCCCC3)CC2)CC1
C1CCC(C2CCCC(C3CCCCC3C3CCCCC3)C2)CC1
C1CCC(CCC2CCCC(C3CC(C4CCCCC4)CCC3C3CCCCC3CC3CCCCC3)C2)CC1
C1CCC(C2CCC(C3CCCCC3C3CCCCC3)C(C3CCCC3)C2)CC1
C1CCC(CC2CCCC(C3CCCC(C4CCCC(C5CCCC5)C4)C3)C2)CC1
C1CCC(CC2CCC3CCCCC3C2)CC1
C1CCC(CC2CCC3CCCC(C4CCCCC4)C3C2)CC1
C1CCC(CC2CCC(C3CCC(C4CCCCC4)CC3)CC2)CC1
C1CCC(C2CCCC(CCC3CCCC(C4CCCCC4)C3)C2)CC1
C1CCC(C2CCCC(C3CCCC(CC4CC5CCCCC5C4)C3)C2)C1
C1CCC(CCC2CCC3C(CCC3CC3CCCCC3C3CCCCC3)C2)CC1
C1CCC(C2CCC3C(CC4CCCC(CCCC5CC6CCCCC6C5)C4)CCCC3C2)CC1
C1CCC(C2CC(CC3CC3)CC(C3CCC4CCCCC43)C2)CC1
C1CCC(C2CCCCC2C2CCCCC2C2CCCCC2)CC1
C1CCC(CCC2CCCCC2C2CCCCC2)CC1
C(CC1CCC(CC2CCCCC2C2CCC3CCCCC32)CC1)CC1CCC2CCCC2C1
C1CCC(CC2CCC(CC3CCCCC3)CC2)CC1
C1CCC(CCCC2CCC(CC3CCCCC3CCC3CC4CCCCC4C3)CC2)CC1
C1CCC(CC2CCCC(C3CCCCC3C3CCCCC3)C2)CC1
C1CCC(CC(CC2CCCC(CC3CC4CCCCC4C3)C2)C2CCCC(CC3CC3)C2)CC1
C1CCC(C2CCC(C3CCC(CCC4CCCC4)CC3)CC2)CC1
C1CCC(CC2CCC3CC(C4CCC5CCCCC54)CC(C4CCCCC4)C3C2)CC1
C1CCC(CCCC2CCCC(C3CCC(CCC4CCCCC4)CC3)C2)CC1
C1CCC(C2CCCC(CC3CCC4CC(C5CCCCC5)CCC34)C2)CC1
C1CCC(CC2CCC3C(CC4CCCCC4)CC(C4CCCCC4)C3C2)CC1
C1CCC(C2CCCC(CCC3CCC(C4CCCCC4C4CCCCC4)CC3)C2)CC1
C1CCC2CC(CC3CCCC(C4CCCC(C5CCCC(C6CCCC6)C5)C4)C3)CCC2C1
C1CCC(CC2CCC(CC3CCC4CCCC4C3)CC2)CC1
C1CCC(C2CCCC(CCC3CCC(C4CCCC4)CC3)C2)CC1
C1CCC(CC2CCC(CC3CCC(C4CCC5CCCCC54)CC3)CC2)CC1
C1CCC(CC2CCCC(C3CCCC(C4CCCCC4CC4CCCCC4)C3)C2)CC1
C1CCC(CCC2CCC(CC3CCCC(C4CCCCC4)C3)CC2)CC1
C1CCC(CCC2CCCC(C3CCCCC3)C2)CC1
C1CCC(C2CCCC(C3CCC(CC4CCC5CCCCC54)CC3)C2)CC1
C1CCC(C2CCCC(C3CCCCC3)C2)CC1
C1CCC(CC2CCCCC2)CC1
C1CCC(C2CCC(CCC3CC4CCCCC4C(C4CCCCC4)C3)CC2)CC1
C1CCC(C2CCCC(CCC3CC4CCCCC4C3)C2)CC1
C1CCC(CC2CCCCC2C2CCCCC2)CC1
C1CCC(C2CCC(C3CCC(CC4CCCC4)CC3)CC2)CC1
C1CCC(CCC2CCC(CCC3CCCC(C4CCCCC4)C3)CC2)CC1
C1CCC(CCC2CCC(C3CCCCC3)C(C3CCC(CC4CCCCC4)CC3)C2)CC1
C1CCC(CC2CCCC(CCC3CCCC(C4CCCC(C5CCCCC5)C4)C3)C2)CC1
C1CCC(C2CCC(C3CCCCC3)CC2)CC1
C1CCC(CC2CCCCC2CC2CCCC(C3CCCCC3)C2)CC1
C1CCC(CC2CCC(CCC3CCCC(C4CCCCC4)C3)CC2)CC1
C1CCC(C2CCC(C3CCCCC3)CC2)CC1
C1CCC(C2CCCC(CC3CC(CCC4CCCC4)CC(C4CCCCC4)C3)C2)CC1
C1CCC(CC2CCC(C3CCC4C(CCCC4C4CCCCC4)C3)CC2)CC1
C1CCC(CC2CCC(C3CCC(CC4CCCC4)CC3)C(CC3CCCCC3)C2)CC1
C1CCC(C2CCC(C3CC(C4CCCCC4)C4CCCCC43)C(C3CCCC3)C2)CC1
C1CCC(CCC2CCC(CCC3CCCCC3)CC2)CC1
C1CCC(CCC2CC(C3CC3)CCC2CCCC2CCCCC2C2CCCCC2)CC1
C1CCC(CC2CCCC(C3CCCCC3)C2)CC1
C1CCC(C2CCC(CCC3CCCCC3C3CCC4CCCCC4C3)CC2)CC1
C1CCC(C2CC3CCC(C4CCCCC4C4CCCC4)CC3C(C3CCCCC3)C2)CC1
C1CCC(CCCCC2CCC(CC3CC4CCCCC4C3)CC2)CC1
C1CCC(CC2CCCCC2C2CCC3C(CC4CCCCC4)CCCC3C2)CC1
C1CCC(CCCC2CCCC(CCC3CCCCC3)C2)CC1
C1CCC(CC2CCC3C(CC4CCCCC4)CCC3C2)CC1
C1CCC(CCC2CCC(C3CCCCC3)CC2)CC1
C1CCC(C2CCCC(C3CCCCC3C3CCCCC3)C2)CC1
C1CCC(CC2CCCC(C3CCCC(CC4CCC(C5CCCC5)CC4)C3)C2)CC1
C1CCC(CC2CCC(C3CCCCC3)CC2)CC1
C1CCC(CCCCC2CCC(C3CCCCC3C3CCCCC3)CC2)CC1
C1CCC(CCC2CCCC(C3CCC4CCCCC4C3)C2)CC1
C1CCC(CCC2CCC(C3CCCCC3C3CCC(C4CCCCC4)CC3)C2)CC1
C1CCC(CCCC2CC3CCCCC3C2)CC1
C1CCC(C2CCC(C3CCCCC3C3CCCCC3)CC2)CC1
C1CCC(CCC2CCC(CCCCC3CCC(C4CCC4)CC3)CC2)CC1
C1CCC(CC2CCC(CC3CCC(C4CCC(C5CCCCC5)CC4)CC3)CC2)CC1
C1CCC(C2CCC(CCC3CCC4CCCC4C3)CC2)CC1
C1CCC(CC2CCCCC2CC2CCC(CCC3CC3)CC2)CC1
C1CCC(CCC2CCCC(C3CCCC(CC4CCCCC4)C3)C2)CC1
C1CCC(CCC2CCC(CC3CCCCC3)CC2)CC1
C1CCC(CCC2CCC(C3CCCCC3)C(C3CCCCC3)C2)CC1
C1CCC(CC2CCC(CCC3CCC(CC4CC5CCCCC5C4)CC3)CC2)CC1
C1CCC(C2CCC(CCCC3CC(C4CCCCC4)CC(C4CCCC4)C3)CC2)CC1
C1CCC(C2CCCCC2C2CCC(C3CC3)CC2)CC1
C1CCC(CCCC2CCC(CC3CCCC(C4CCCCC4)C3)CC2)CC1
C1CCC(CC(CC2CCCCC2)C2CCCC(CC3CCCC(C4CCCCC4)C3)C2)CC1
C1CCC(CC2CCC(C3CCCCC3)CC2)CC1
C1CCC(C2CCC(C3CCC4CC(C5CCC6CCCCC65)CCC43)CC2)CC1
C1CCC(CC2CCC(C3CCC(C4CCCCC4)CC3)CC2)CC1
C1CCC(CC2CCC(CCC3CCC(C4CCCCC4)CC3)CC2)CC1
C1CCC(C2CCCC(C3CCCC(CC4CCCC4)C3)C2)CC1
C1CCC(CC2CCC(C3CCCCC3)CC2)CC1
C1CCC(C2CCCC(C3CCCC(CC4CCC4)C3)C2)CC1
C1CCC(CC(C2CCCCC2)C2CCCC(C3CCCCC3)C2)CC1
C1CCC(C2CCCCC2)CC1
C1CCC(C2CCC(C3CCC3)CC2)CC1
C1CCC(CCC2CCC(CC3CCC(C4CCC(C5CCCC5)CC4)C3)CC2)CC1
C1CCC(CCC2CC(CCC3CCCCC3)CC(C3CCCCC3)C2)CC1
C1CCC(CC2CCC(CC3CCCCC3C3CCC(C4CCCCC4)CC3)CC2)CC1
C1CCC(CCCCC2CCC(CC3CCCCC3)CC2)CC1
C1CCC(C2CCC(C(C3CCCCC3)C3CC3)CC2)CC1
C1CCC(C2CC(CC3CCCC3)CC(C3CCCCC3)C2)CC1
C1CCC(C2CCCC(C3CCC(C4CCCC4)C(C4CCC5CCCC5C4)C3)C2)CC1
C1CCC(C2CC(CC3CCCC(CC4CC5CCCCC5C4)C3)C3CCCCC32)CC1
C1CCC(CCCC2CCCC(C3CCCCC3)C2)CC1
C1CC(C2CCC(CC3CCC(C4CCCC(C5CCC5)C4)CC3)CC2)C1
C1CCC(CCCCCC2CCCC(C3CCCCC3)C2)CC1
C(CCC1CCC(C2CCCCC2)CC1)CCC1CCCC(C2CCCCC2)C1
C1CCC(CCC2CC(C3CCCCC3)CCC2C2CCCCC2C2CCCC2)CC1
C1CCC(CC2CCC3CC(C4CCCC(C5CCCC5)C4)CC(C4CCCCC4)C3C2)CC1
C1CCC(CCCC2CCCC(C3CCC(C4CCCCC4)C(C4CCCC4)C3)C2)CC1
C1CCC(C2CCCC(C3CC(C4CCCCC4)CC(C4CCCCC4)C3)C2)CC1
C1CCC(CCC2CCC(C3CCCCC3)CC2)CC1
C1CCC(C2CCCC(C3CCCC(CCC4CCC(C5CCCC5)CC4)C3)C2)CC1
C1CCC(C2CCCC(CCCC3CCCC(C4CCCCC4)C3)C2)CC1
C1CCC(CCCC(C2CCC(CC3CCCCC3)CC2)C2CCC3CCCC3C2)CC1
C1CCC(CC2CCC(C3CCCCC3)CC2)CC1
C1CCC(C2CCC(CC3CCCC(C4CCCC(CC5CCCC5)C4)C3)CC2)CC1
C1CCC(C(C2CCCCC2)C2CCCCC2C2CCC3CCCC3C2)CC1
C1CCC(CCC2CCC(C3CCCCC3)CC2)CC1
C1CCC(C2CCCCC2C2CCC(C3CCCC3)C(C3CCCCC3)C2)CC1
C1CCC(C2CCC(C3CCCC(C4CCCCC4)C3)CC2)CC1
C1CCC(CCCCC2CCC(CCC3CCCCC3)CC2)CC1
C1CCC(C2CCC3CC(C4CCC5CCCCC54)CC(C4CCCCC4)C3C2)CC1
C1CCC(CCC2CCC(CC3CCCCC3)CC2)CC1
C1CCC(C2CCCC(CC3CCC(C4CCCCC4)C(C4CCCCC4)C3)C2)CC1
C1CCC(CC2CCCC(C3CCCC(CC4CCCCC4)C3)C2)CC1
C1CCC(C2CCCC(C3CCCC(C4CCC(C5CCC5)CC4)C3)C2)CC1
C1CCC(C2CCCCC2CC2CCCCC2C2CCC(CC3CCC3)CC2)CC1
C1CCC(CCC2CCC(CC3CCCCC3C3CCCCC3)CC2)CC1
C1CCC(CCC2CCCC(C3CCC(C4CCCC4)C(C4CCC5CCCC5C4)C3)C2)CC1
C1CCC(CCCC2CCCC(CCC3CCCCC3)C2)CC1
C1CCC(CCCCCC2(C3CCC4CCCCC4C3)CC2)CC1
C1CCC(CC2CCC(C3CCCCC3)CC2)CC1
C1CCC(CC2CCC(CC3CCC(C4CCCC4)CC3)CC2)CC1
C1CCC(C2CCC(C3CCC4CCCCC4C3)CC2)CC1
C1CCC(C2CCCC(CC3CCCCC3C3CCC4CCCC4C3)C2)CC1
C1CCC(C2CCCC(C3CCCC(C4CCCCC4)C3)C2)CC1
C1CCC(CC2CCCC(C3CCCC(C4CCCC(C5CCCCC5)C4)C3)C2)CC1
C1CCC(C2CCCC(C3CCCCC3CC3CCCCC3C3CCCCC3)C2)CC1
C1CCC(C2CCC(C3CCCC3)CC2)CC1
C1CCC(CC2CCCCC2C2CCC3C(CCCC3C3CCC(C4CCCCC4)C3)C2)CC1
C1CCC(CCCC2CCCC(CC3CC4CCCCC4C3)C2)CC1
C1CCC(CCC2CCC(C3CCCCC3)C2)CC1
C1CCC(C2CCC(C(C3CCCCC3)C3CCCCC3)CC2)CC1
C1CCC(CC2CCC(C3CCC4CCCC4C3)CC2)CC1
C1CCC(CCCCCC2CCC(C3CCCCC3)CC2)CC1
C1CCC(CCCCCC2CCCC(C3CCCCC3)C2)CC1
C1CCC(C2CCC(CC3CCC4CCCCC43)CC2)CC1
C1CCC(CC2CC(CCC3CCCC(C4CCCCC4)C3)C3CCCCC23)CC1
C1CCC(CC2CC(C3CCCCC3)CCC2C2CCCCC2)CC1
C1CCC(C2CCC(CC3CCCC(CCCC4CCCCC4C4CCCC4)C3)CC2)CC1
C1CCC(CC2CCCC(C3CCCC(CC4CCCC(C5CCCCC5)C4)C3)C2)CC1
C1CCC(C2CCC(C3CCCC(C4CCCC4)C3)CC2)CC1
C1CCC(CC2CCCC(C3CCCC(C4CCCCC4)C3)C2)CC1
C1CCC(C2CCC(C3CCCCC3)CC2)CC1
C1CCC(CCCC2CCC(C3CCCCC3)CC2)CC1
C1CC(C2CCC(C3CCCC(CCC4CCC5C(CCCC5C5CCC6CCCCC6C5)C4)C3)CC2)C1
C1CCC(CCC2CCCC(C3CCCC(C4CCCC5CCCCC54)C3)C2)CC1
C1CCC(CC2CCCCC2)CC1
C1CCC(CCC2CCCCC2CC2CCCC(C3CCCCC3)C2)CC1
C1CCC(CCCC2CCCC(C3CCCCC3CCCCC3CC4CCCCC4C3)C2)CC1
C1CCC(CCC2CCC(C3CCCCC3)C(C3CCCCC3)C2)CC1
C1CCC(C2CCCC(C3CCCC3)C2)CC1
C1CCC(CCCCCC2CCCC(C3CCCC(C4CCCCC4)C3)C2)CC1
C1CCC(C2CCC(C3CCCC(CC4CCC5CCCCC54)C3)CC2)CC1
C1CCC(C2CCC(CCCC3CCC(C4CCCC(CCC5CCCC5)C4)CC3)CC2)CC1
C1CCC(C2CCCCC2)CC1
C1CCC(C2CCC(C3CCC4C(CCCC4C4CCCCC4)C3)CC2)CC1
C1CCC(CCCCC2CCCC(C3CCCCC3C3CCCC3)C2)CC1
C1CCC(CC2CCC(C3CCCCC3)CC2)CC1
C1CCC(CCC2CCC(CCC3CCCCC3)CC2)CC1
C1CCC(CCC2CCC3C(CC4CCCCC4)CC(C4CCCCC4)C3C2)CC1
C1CCC(CC2CCCC(CCC3CCCC(C4CCCC4)C3)C2)CC1
C1CCC(CCC2CC(C3CCCC(C4CCCCC4)C3)C3CCCCC23)CC1
C1CCC(CC2CCCCC2CCCCCC2CCCC(C3CCCCC3)C2)CC1
C1CCC(CCC2CCC(C3CC(C4CCCCC4)CC(C4CCCCC4)C3)CC2)CC1
C1CCC(CCCC2CCCCC2)CC1
C1CCC(C2CCC(C3CCCCC3)C(C3CCCCC3)C2)CC1
C1CCC(CCC2CCCCC2)CC1
C1CCC(CC2CCC(CC3CCCCC3C3CCC4CCCCC43)CC2)CC1
C1CCC(CC2CCC(CC3CCCC(C4CCCCC4)C3)CC2)CC1
C1CCC(C2CCCC(C3CCCC(CC4CCC4)C3)C2)CC1
C1CCC(CC2CCCCC2C2CCCC(CC3CCC4CCCCC43)C2)CC1
C1CCC(C2CCCCC2C2CCCCC2)CC1
C(CC1CCC(C2CCCC2)CC1)CC1CCCC(C2CCC2)C1
C1CCC(CC2CCC(CCC3CCC(C4CCCC(C5CCCC(CC6CC6)C5)C4)CC3)CC2)CC1
C1CCC(C2CCC(CC3CCCC(CC4CC5CCCCC5C4)C3)CC2)CC1
C1CCC(CCC2CCC3C(CCCC4CC5CCCCC5C4)CC(C4CCCCC4)C3C2)CC1
C1CCC(C2CCC(C3CCC(C4CCCC(C5CCCC5)C4)CC3)CC2)CC1
C1CCC(C2CCCCC2C2CCC(C3CCC4CCCCC43)CC2)CC1
C1CCC(CCC2CCCC(CC3CCC(C4CCC(C5CCCC5)CC4)C(C4CCCC4)C3)C2)C1
C1CCC(C2CCCC(CCCC3CCC(C4CCCC4)CC3)C2)CC1
C1CCC(C2CCC(C3CCCCC3C3CCCC3)CC2)CC1
C1CCC(CCCC2CCC(C3CCCCC3C3CCC4CCCCC4C3)CC2)CC1
C1CCC(CCC2CCC(C3CC(C4CCCCC4)C3)CC2)CC1
C1CCC(CCCC2CCCC(C3CCCC(C4CCCCC4)C3)C2)CC1
C1CCC(CC2CCCC(C3CCC(C4CCCC(CC5CCCC5)C4)CC3)C2)CC1
C1CCC(CCCC2CCC(CC3CCCCC3)CC2)CC1
C1CCC(C2CCC(C3CCC(C4CC4)CC3)CC2)CC1
C1CCC(CC2CCC(C3CCCC(CC4CCCCC4)C3)CC2)CC1
C1CCC(CC2CCCC(C3CCCC(C4CCCCC4)C3)C2)CC1
C1CCC(CCC2CCC(CCCCC3CCCC(C4CCC(C5CCCC5)CC4)C3)CC2)CC1
C1CCC(CCC(CC2CC2)C2CCCC(CC3CCCCC3)C2)CC1
C1CCC(CC2CCC(CC3CCCCC3)CC2)CC1
C1CC2CCC(C3CCCC(C4CCCC4C4CCCCC4CCC4CC4)C3)CC2C1
C1CCC(CC2CCCCC2C2CCCCC2)CC1
C1CCC(CC2CC(C3CCCCC3)CCC2CC2CC2)CC1
C1CC(CC2CCC(CC3CCCC(CCC4CCC(CC5CC5)CC4)C3)CC2)C1
C1CCC(CCC2CCCC(CC3CCC(CC4CCCCC4)CC3)C2)CC1
C1CCC(CC2CCCCC2CC2CCC(CC3CCCCC3)C2CC2CCCCC2)CC1
C1CCC(C2CCCC(CCC3CCC(CCC4CCC5CCCC5C4)CC3)C2)CC1
C1CCC(CCCC2CCC(CC3CCCCC3)CC2)CC1
C1CCC(CCC2CCC(CCC3CCCC(C4CCCCC4)C3)CC2)CC1
C1CCC(C2CCC(C3CCCC(C4CCCC4)C3)CC2)CC1
C1CCC(CC2CCC(C3CCCCC3)CC2)CC1
C1CCC(C2CC(C3CCCCC3)C3CC(CC4CCCC4)CCC23)CC1
C1CCC(CC2CCC(CC3CCC(CC4CCCCC4)CC3)CC2)CC1
C1CCC(CCC2CCCC(CC3CCC(CC4CCCCC4)CC3)C2)CC1
C1CCC(C2CCC(C3CCCCC3)CC2)CC1
C1CCC(CC2CCC(CCCC3CCCC(CC4CCCCC4)C3)CC2)CC1
C1CCC(CCC2CCC3CC(CCC4CCC(CC5CCCCC5)CC4)CC(C4CCCCC4)C3C2)CC1
C1CCC(CC2CCCC(C3CCCCC3)C2)CC1
C1CCC(CCCC2CCC(C3CCCC(C4CCC(C5CCCC5)CC4)C3)CC2)C1
C1CCC(CCCC2CCC(CC3CCCCC3)CC2)CC1
C1CCC(C2CCCCC2)CC1
C1CCC(C2CCC(CC3CCCCC3C3CCC(C4CCCC4)CC3)CC2)CC1
C1CCC(C2CCCCC2CC2CCC(C3CCCC(CC4CC5CCCCC5C4)C3)CC2)CC1
C1CCC(C2CCC(CCCCC3CCCCC3CC3CCCC3)CC2)CC1
C1CCC(CCC2CCCCC2)CC1
C1CCC(C2CCC(CC3CCCCC3C3CCCC3)CC2)CC1
C1CCC(CC2CCCCC2C2CCCCC2C2CCCC2)CC1
C1CCC(C2CCCCC2CC2CCCCC2C2CCC3CCCC3C2)CC1
C1CCC(C2CCC(C3CCCCC3CCCC3CC3)CC2)CC1
C1CCC(CCCC2CCCC(CCC3CCC(CC4CCCCC4)CC3)C2)CC1
C1CCC(CC2CCCC3CC(C4CCCCC4CC4CC5CCCCC5C4)CCC23)CC1
C1CCC(CC2CCCC(C3CCCCC3C3CCCCC3)C2)CC1
C1CCC(C2CCCC(CCC3CCCC(C4CC4)C3)C2)CC1
C1CCC(CC2CCC3C(CC4CCCCC4)CC(CC4CCCC5CCCCC54)C3C2)CC1
C1CCC(CCCC2CCCCC2CC2CCCCC2C2CCCCC2)CC1
C1CCC(C2CCC(CC3CCCC(C4CCCCC4)C3)CC2)CC1
C1CCC(C2CCC(C3CCC(C4CCCCC4)CC3)CC2)CC1
C1CCC(CCCC2CCC(CCCC3CCCCC3)CC2)CC1
C1CCC(CC2CC(C3CCCC(CCC4CCCC(CCC5CCCC5)C4)C3)C3CCCCC23)CC1
C1CCC(C2CCC3CCCC(C4CCCCC4)C3C2)CC1
C1CCC(C2CCC(C3CCCCC3)CC2)CC1
C1CCC(CC2CCCC(C3CCC(CC4CCC(C5CCCCC5)C4)CC3)C2)CC1
C1CCC(CCC2CCC(C3CCC(CC4CCCCC4C4CCCCC4)CC3)CC2)CC1
C1CCC(CC2CCCC(C3CCC(CC4CC5CCCCC5C4)CC3)C2)CC1
C1CCC(C2CCCCC2C2CCCCC2C2CCCC(C3CCC4CCCC4C3)C2)CC1
C1CCC(CCC2CCC3C(CCCC3C3CCC(C4CCCC(C5CCCCC5)C4)CC3)C2)CC1
C1CCC(C2CCCC(C3CCCCC3)C2)CC1
C1CCC(C2CCC(C3CCC(C4CCCC(C5CCC6CCCCC65)C4)CC3)C(C3CCCCC3)C2)CC1
C1CCC(C2CCC(C3CC(CC4CCCC4)C4CCCCC43)CC2C2CCCC2)CC1
C1CCC(CC2CCC(CCC3CCC(CC4CCCCC4)CC3C3CCCCC3)CC2)CC1
C1CCC(CC2CCCC(C3CCCCC3)C2)CC1
C1CCC(CCCC2CCCC(CC3CCCCC3C3CCCC3)C2)CC1
C1CCC(CCC2CCC(CC3CCC(C4CCCCC4)C(C4CCCCC4)C3)CC2)CC1
C1CCC(C2CCC(C3CCC(C4CCC4)CC3CC3CCCC3)CC2)CC1
C1CCC(C2CCCCC2C2CCC3CCCC3C2)CC1
C1CCC(CCC2CC(C3CCCCC3)C3CC(C4CCCCC4)CCC23)CC1
C1CCC(CCCC2CCCCC2C2CCCC(CC3CCC(C4CCCCC4)C3)C2)CC1
C1CCC(C2CCC3C(CCC3C3CCCC3)C2)C(CC2CC2)C1
C1CCC(CCC2CCC(C(C3CCCCC3)C3CCCC3)CC2)CC1
C1CCC(CC2CCC(CC3CCCCC3)CC2)CC1
C1CCC(CC2CCC(C3CCCCC3)CC2)CC1
C1CCC(CC2CCC(C3CCC(C4CCCCC4)CC3)CC2)CC1
C1CCC(CC2CC3CCCC(C4CCC(C5CCCCC5)C4)C3C2)CC1
C1CCC(C2CCC(CC3CCCCC3C3CCC(C4CCCCC4)CC3)CC2)CC1
C1CCC(CCCC2CCC(CC3CCC(CC4CCC(CC5CCCCC5)CC4)CC3)CC2)CC1
C1CCC(CC2CCC(CCCC3CCC4C(CCC4C4CCCC4)C3)CC2)CC1
C1CCC(C2CCC(CCCC3CCC(C4CCCCC4)CC3)CC2)CC1
C1CCC(CC2CCC(CCCC3CCC4CCC(C5CCCCC5)CC34)CC2)CC1
C1CCC(CC2CCCC(CCC3CCCC3)C2)CC1
C1CCC(CCCC2CCCC(CC3CCC4C(CCC4C4CCCCC4)C3)C2)CC1
C1CCC(C2CCCC(CC3CCCCC3C3CCC4CCCCC4C3)C2)CC1
C1CCC(C2CCCC(CC3CCCC(CC4CCC5CCCC5C4)C3)C2)CC1
C1CCC(CC2CCC(C3CCCCC3)CC2)CC1
C1CCC(CCCC2CCCC(C3CCCCC3)C2)CC1
C1CCC(CC2CCC(CC3CCCCC3C3CCCCC3C3CCCC3)CC2)CC1
C1CCC(CC2CCC(CC3CCC4C(CCC4C4CCCCC4)C3)CC2)CC1
C1CCC(C2CCC(C3CCC4C(CCCC4C4CCCC(C5CCC6CCCCC65)C4)C3)CC2)CC1
C1CCC(CC2CCC(C3CCCC(C4CCC(C5CCCCC5)CC4)C3)C2)CC1
C1CCC(C2CCCC(CC3CCCC(C4CCCCC4)C3)C2)CC1
C1CCC(CC2CCCCC2C2CCCCC2)CC1
C1CCC(CC2CCCC(C3CCCC(CC4CCCCC4C4CCCCC4)C3)C2)CC1
C1CCC(CC2CC(C3CCC(C4CCCC(C5CCCC5)C4)CC3)C3CCCCC23)CC1
C1CCC(CC2CCC(CC3CCCCC3)CC2)CC1
C1CCC(CC2CCCC(C3CCCCC3)C2)CC1
C1CCC(CC2CC(C3CCCCC3)CC3CCC(C4CCCCC4)CC32)CC1
C1CCC(CC2CC(C3CCCCC3)CC(C3CCC3)C2)CC1
C1CCC(C2CCCC(CC3CCCCC3C3CCCCC3)C2)CC1
C1CCC(CCCC2CCCC(C3CC(CC4CCCCC4)CC(C4CCCCC4)C3)C2)CC1
C1CCC(CCC2CCCCC2C2CCCC(C3CCCCC3)C2)CC1
C(CCC1CCC(C2CCCCC2)CC1)CCC1CCC(C2CCC(C3CCCCC3)CC2)CC1
C1CCC(CCC2CCC(CC3CCCCC3)CC2CC2CCCCC2)CC1
C1CCC(CC2CCC(C3CCC(C4CC4)CC3)CC2)CC1
C1CCC(CC2CCCC(C3CCCCC3)C2)CC1
C1CCC(CCC2CCCC(C3CCCC(C4CCCC(C5CCCCC5)C4)C3)C2)CC1
C1CCC(CC2CCCCC2C2CCC(CC3CC4CCCCC4C3)CC2)CC1
C1CCC(C2CCC3C(CC4CC4)CC(CC4CCCCC4C4CCCCC4)C3C2)CC1
C1CCC(CC2CCCC(CC3CCCCC3)C2)CC1
C1CCC(CCC2CC(CC3CCCCC3)CC(C3CCCCC3)C2)CC1
C1CCC(CCC2CCC(C3CCCCC3)CC2CCC2CCCCC2)CC1
C1CCC(CC2CCC(CC3CCC(C4CCCC4)CC3)CC2)CC1
C1CCC(CCC2CCC3CC(C4CCC5CCCCC54)CC(C4CCCCC4)C3C2)CC1
C1CCC(CCCC2CC(CC3CCCCC3)CC(CC3CCC3)C2)CC1
C1CCC(CCCC2CC(C3CCCCC3)C3CCC(C4CC5CCCCC5C4)CC23)CC1
C1CCC(CC2CCC(C3CC4CCC(C5CCCCC5)CC4C3)CC2)CC1
C1CCC(C2CCCC3CC(C4CCCCC4CC4CCCCC4C4CCCC4)CCC32)CC1
C1CCC(C2CCC3CCCCC32)CC1
C1CCC(C2CCCC(C3CCCC(C4CCCCC4)C3)C2)CC1
C1CCC(CCC2CCCC(C3CCC(CC4CCCCC4)CC3C3CCCCC3)C2)CC1
C1CCC(C2CCCC(C3CCCCC3C3CCCCC3)C2)CC1
C1CCC(CCCCC2CCCC(C3CCC(C4CCC4)CC3)C2)CC1
C1CCC(C2CCCC(C3CCC(C4CCCC5CCCCC54)CC3)C2)C1
C1CCC(CC2CCCCC2CC2CCCC(C3CCCCC3)C2)CC1
C1CCC(CCCC2CCCC(C3CCC(C4CCC(C5CCCC5)CC4)CC3)C2)C1
C1CCC(CC2CCC(C3CCCCC3C3CCCC(C4CCCCC4)C3)CC2)CC1
C1CCC(CCCC2CC(CC3CCC3)CCC2C2CCCCC2)CC1
C1CCC(CCC2CCCC(C3CCC(C4CC4)CC3)C2)CC1
C1CCC(CC2CCC(CC3CC(CC4CCCC(C5CC5)C4)C4CCCCC34)CC2)CC1
C1CCC(CCCC2CCCCC2)CC1
C1CCC(C2CCCC(CC3CCCC(C4CCCC(CC5CCCC5)C4)C3)C2)CC1
C1CC2CCC(CCC3CCC(C4CCCC(CC5CC6CCCCC6C5)C4)CC3)CC2C1
C1CCC(CC2CCCCC2C2CCCC(C3CCC(C4CCCCC4)CC3)C2)CC1
C1CCC(C2CCC(C3CCCC3)CC2)CC1
C1CCC(CC2CCCC(C3CCCC(CCC4CCCCC4C4CCCCC4)C3)C2)CC1
C1CCC(C2CCCCC2C2CCCCC2)CC1
C1CCC(CCC2CCC(CC3CCCCC3)CC2CC2CCCC2)CC1
C1CCC(CC2CCCC(C3CCCC(CC4CCCCC4)C3)C2)CC1
C1CCC(CCC2CCC(CCCC3CCC(CC4CCC(C5CCCCC5)CC4)C3)CC2)CC1
C1CCC(CC2CC(C3CCC4CCCCC43)CC3CCCCC32)CC1
C1CCC(CC2CCC(CC3CCCCC3C3CCCC(C4CCCC4)C3)CC2)CC1
C1CCC(CC2CCC(C3CCCC(C4CCC5CCCCC54)C3)CC2)CC1
C1CCC(CCC2CCCC(C3CCC(CCC4CCC4)CC3)C2)CC1
C1CC2CCC(C3CCCCC3CCCC3CCCCC3C3CCC4CCCC4C3)CC2C1
C1CCC(C2CCC(CCC3CCCC(C4CCC(C5CCCCC5)CC4)C3)CC2)CC1
C1CCC(CC2CCC(C3CCC4CCCCC43)CC2)CC1
C1CCC(C2CCCC(C3CCCCC3)C2)CC1
C1CCC(CC2CCCC(C3CCC(CC4CC5CCCCC5C4)CC3)C2)CC1
C1CCC(C2CCC(CCCCC3CC(C4CCCC4)CCC3C3CCC4CCCC4C3)CC2)CC1
C1CCC(CC2CCCCC2C2CCCCC2C2CCCC(C3CCCCC3)C2)CC1
C1CCC(CCC2CCC(C3CCC(C4CCCCC4)CC3)CC2)CC1
C1CCC(CCC2CCCC(C3CCCC(CC4CCCCC4)C3)C2CCC2CCCCC2)CC1
C1CCC(CC2CCCC(CC3CC(C4CCCCC4)C4CCCCC34)C2)CC1
C1CCC2CC(C3CCC(CC4CCCC5CCCCC54)CC3)CCC2C1
C1CCC(CCC2CC(C3CCCCC3)CC(C3CCCC3)C2)CC1
C1CCC(C2CCC(C3CCCC(C4CCCCC4)C3)CC2)CC1
C1CCC2CC(C3CCCCC3CC3CCC(CCC4CC4)CC3)CCC2C1
C1CCC(CC2CC(C3CCC(C4CCCCC4)CC3)C3CCCCC23)CC1
C1CCC(CCC2CCCCC2)CC1
C1CCC(C2CCCCC2C2CCCCC2)CC1
C1CCC(CCCC2CCC(C3CCC4C(CC5CCCCC5)CC(CC5CCCCC5)C4C3)CC2)CC1
C1CCC(CC2CCCC3CC(C4CCCCC4C4CCCCC4)CCC23)CC1
C1CCC(CC2CCC(CC3CCCC(C4CCCC4)C3)CC2)CC1
C1CCC(CCC2CCCC(C3CCCC(CC4CCCCC4)C3)C2)CC1
C1CCC(CCC2CCC(CC3CCC(C4CC(C5CCCCC5)C4)CC3)CC2)CC1
C1CCC(C(C2CCCCC2)C2CCCCC2)CC1
C1CCC(CC2CCC(CC3CCC(C4CCCCC4)CC3)CC2)CC1
C1CCC(C2CCCC(C3CCCC3)C2)CC1
C1CCC(C2CCCC(CC3CCC(CC4CCCCC4C4CCCC4)CC3)C2)CC1
C1CCC(CCCC2CCCCC2C2CCCCC2)CC1
C1CCC(CCC2CCC(C3CCCCC3)CC2CCC2CCCCC2)CC1
C1CCC(C2CC(C3CCCCC3)C3CCCCC23)CC1
C1CCC(C2CCCC(C3CCCCC3C3CCCCC3)C2)CC1
C1CCC(C2CCCCC2C2CCCCC2CCC2CCC(C3CCCC3)CC2)CC1
C1CCC(C2CCCC(C3CCCC(CC4CCCCC4C4CCCCC4)C3)C2)CC1
C1CCC(C2CCC(C3CCCC(CCC4CC5CCCCC5C4)C3)CC2)CC1
C1CCC(CC(C2CCCCC2)C2CCCCC2)CC1
C1CCC(CC2CCC(CC3CCCCC3C3CCCCC3C3CC4CCCCC4C3)CC2)CC1
C1CCC(CC2CCCCC2C2CCCCC2)CC1
C1CCC(CC2CCCC(CCC3CCCC(C4CCCC(C5CCC(C6CC6)CC5)C4)C3)C2)CC1
C1CCC(C2CCCCC2CC2CCC(CCC3CCCC3)CC2)CC1
C1CCC(C2CCC(CC3CC(C4CCCCC4)C4CCCCC34)CC2)CC1
C1CCC(CC2CCC(CC3CCCCC3)CC2)CC1
C1CCC(CCC2CC(CC3CCC(CC4CCCCC4)CC3)C3CCCCC23)CC1
C1CCC(CCC2CCC(CCC3CCC(C4CCCCC4)CC3)CC2)CC1
C1CCC(CCC2CC(CC3CCCC(CCC4CCCC4)C3)C3CCCCC23)CC1
C1CCC(CC2CCC(C3CCCCC3CC3CCCCC3C3CCCCC3)CC2)CC1
C1CCC(CCCCCC2CCCC(C3CCC(CC4CC5CCCCC5C4)CC3)C2)CC1
C1CCC(CCC2CCCC(C3CCCC(C4CCCCC4)C3)C2)CC1
C1CCC(CC2CCC(CC3CCCCC3CC3CCCCC3)CC2)CC1
C1CCC(C2CCCCC2CC2CCCC(CC3CCC4CCCCC43)C2)CC1
C1CCC(CC2CCC(CC3CC(CC4CCCCC4)C4CCCCC34)CC2)CC1
C1CCC(C2CCC(C3CC(CC4CCCC4)C4CCCCC43)CC2)CC1
C1CCC(CCCC2CCC(C3CCCC(C4CCCCC4)C3)CC2)CC1
C1CCC(CCCC2CCCCC2C2CCCCC2)CC1
C1CCC(CC2CCC(CC3CCC(CC4CCCCC4)CC3)CC2)CC1
C1CCC(CC2CCCC(CC3CCCCC3)C2)CC1
C1CCC(CCC2CCC3C(CCC3CC3CCCC(C4CCCCC4)C3)C2)CC1
C1CCC(C2CCC(CC3CCC(CCC4CC4)CC3)CC2)CC1
C1CCC(CCCC2CCCC(C3CCCCC3)C2)CC1
C1CCC(CC2CCCCC2CC2CCC(C3CCC4CCCCC43)CC2)CC1
C1CCC(CC2CCC(C3CCC(C4CCCC(C5CCCCC5)C4)CC3)CC2)CC1
C1CCC(CC2CCC(CC3CCC4CCCCC4C3)CC2)CC1
C1CCC(C2CC3CCC(C4CCCCC4)CC3C(C3CCCCC3)C2)CC1
C1CCC(CCC2CCC(CC3CCCC(CC4CCCCC4)C3)CC2)CC1
C1CCC(CC2CC(CC3CCCCC3)C3CCCCC23)CC1
C1CCC(CC2CCCC(C3CCCCC3)C2)CC1
C1CCC(CC2CCCC(C3CCCC(C4CCCCC4)C3)C2)CC1
C1CCC(C2CCCCC2C2CCC3CCCC3C2)CC1
C1CCC(CCC2CCC3CCC(C4CCCCC4CCC4CCCCC4)CC3C2)CC1
C1CCC(C2CCC(CC3CCCCC3C3CCC4CCCCC4C3)CC2)CC1
C1CCC(C2CCCC(C3CCC(C4CCCCC4)CC3C3CCCCC3)C2)CC1
C1CCC(CC2CCC(C3CCCC(CC4CC4)C3)CC2)CC1
C1CCC(CC2CCCC(C3CCC4CCCCC43)C2)CC1
C1CCC(CC2CCC(C3CCCCC3CC3CCCCC3C3CCC4CCCCC4C3)C2)CC1
C1CCC(CCCC2CCCC(C3CCCC(C4CC5CCCCC5C4)C3)C2)C1
C1CCC(CCC2CCCC(C3CCCC(C4CCCCC4)C3)C2)CC1
C1CCC(C2CCC(C3CCCC(C4CCCCC4)C3)CC2)CC1
C1CCC(CC2CCC(C3CCC(CCCCC4CCCCC4C4CCCCC4)CC3)CC2)CC1
C1CCC(CCC2CCC3CC(CC4CCCCC4)CCC23)CC1
C1CCC(CC2CCC(CC3CCC(CCC4CC5CCCCC5C4)CC3)CC2)CC1
C1CCC(CCCC2CCC(C3CC(C4CCC(C5CCCCC5)CC4)C3)CC2)CC1
C1CCC(C2CCCC(C3CCCCC3C3CCCCC3)C2)CC1
C1CCC(CC2CCC3CC(C4CCCCC4)CCC23)CC1
C1CCC(C2CCCCC2CCC2CCC3CCCCC32)CC1
C1CCC(C2CCCC(CCC3CCC(C4CCCCC4C4CCC5CCCCC54)CC3)C2)C1
C1CCC(CCC2CCC(CC3CCCCC3)CC2)CC1
C1CCC(C2CCCC(CCC3CCC(C4CC5CCCCC5C4)CC3)C2)CC1
C1CCC(C2CCCC(C3CCC(C4CCCC(C5CCCCC5)C4)CC3)C2)CC1
C1CCC(CCC2CCC(CC3CCCCC3)CC2)CC1
C1CCC(CC2CCCC(CCC3CC4CCCCC4C(CC4CCCCC4)C3)C2)CC1
C1CCC(C2CCC(C3CCCC(C4CCCCC4C4CCCC4)C3)CC2)CC1
C1CCC(CCC2CCCC(C3CCCCC3)C2)CC1
C1CCC(C2CCCCC2C2CCCCC2CC2CCC3CCCC3C2)CC1
C1CCC(CCCC2CCC(C3CCCC(CC4CCC(CC5CCCCC5)CC4)C3)CC2)CC1
C1CCC(CCCCCC2CCC(C3CCC4CCCC4C3)CC2C2CCCCC2)CC1
C1CCC(C2CCC3CCCCC3C2)CC1
C1CCC(CC2CCC(CC3CCC3)CC2)CC1
C1CCC(C2CCCC(C3CCCCC3)C2)CC1
C1CCC(C2CCCC(CCC3CCCC3)C2)CC1
C1CCC(C2CCCC(CC3CCCCC3C3CCCCC3)C2)CC1
C1CCC(CC2CCCC(C3CCC(C4CCCCC4C4CCCC4)CC3)C2)CC1
C1CCC(CCC2CCC(C3CCC(C4CCC4)CC3)CC2)CC1
C1CCC(CCC2CCC(CC3CCC(C4CCCCC4)CC3)CC2)CC1
C1CCC(C2CCC(C3CCCCC3C3CCCCC3)CC2)CC1
C1CCC(C2CCC3C(CCC4CCC(C5CCCCC5C5CCCCC5)CC4)CCC3C2)CC1
C1CCC(CCC2CCCC(CCC3CC4CCCCC4C3)C2)CC1
C1CCC(CCC2CCC(CCC3CCCCC3)C(C3CCCCC3CCC3CCCCC3)C2)CC1
C1CCC(CCC2CCCC(C3CCC(CC4CCC5CCCCC5C4)CC3)C2)C1
C1CCC(CCC2CCC(C3CCCCC3C3CCC(C4CCCC4)CC3)CC2)CC1
C1CCC(CC2CC3CCCCC3C(C3CCCC(C4CCCCC4)C3)C2)CC1
C1CCC(CC2CCC3CCCCC32)CC1
C1CCC(CC2CCCC(C3CCCCC3)C2)CC1
C1CCC(CC2CCCC(CC3CCCCC3C3CCCCC3)C2)CC1
C1CCC(CCC2CCCC(C3CCCCC3)C2)CC1
C1CCC(CCC2CCC(CC3CCC(C4CCCCC4)CC3)CC2)CC1
C1CCC(C2CCCCC2C2CCC3CCCC3C2)CC1
C1CCC(C2CCCC(C3CCC4CCCCC4C3)C2)CC1
C1CCC(CC2CCC(C3CCCCC3)CC2)CC1
C1CCC(CC2CCCC2CC2CCC(C3CCCCC3)CC2)CC1
C1CCC(CC2CCCC(CCC3CCC(C4CCCCC4)CC3)C2)CC1
C1CCC(CCC2CCCC(CC3CCCCC3)C2)CC1
C1CCC(C2CCC(C3CCCC(C4CCCCC4)C3)CC2)CC1
C1CCC(CCCC2CC(C3CCCCC3)CCC2CCC2CCCCC2)CC1
C1CCC(C2CCC(C3CCCCC3)C(CC3CCCC3)C2)CC1
C1CCC(CC2CCC(C3CCC4CCCCC4C3)CC2)CC1
C1CCC(CC2CCC(C3CCCCC3C3CCCC3)CC2)CC1
C1CCC(CC2CCCC(CCCCCC3CCC(CC4CCC(C5CCCC5)C4)CC3)C2)CC1
C1CCC(CCC2CCC(CC3CCC(CC4CCCCC4)CC3)CC2)CC1
C1CCC(C2CCCC(C3CCCCC3)C2)CC1
C1CCC(CCCCCC2CCCC(CCCC3CCCCC3)C2)CC1
C1CCC(C2CCCC(C3CCCC(C4CCC5CCCC5C4)C3)C2)CC1
C1CCC(C2CCC(CC3CCC(C4CCC(C5CCCCC5)CC4)CC3)CC2)CC1
C1CCC(C2CCC(CC3CCCC(C4CCCC(C5CCC(C6CCCCC6)CC5)C4)C3)CC2)CC1
C1CCC(C2CCC(C3CCCCC3)C(C3CCC(C4CCC(CC5CC5)CC4)CC3)C2)CC1
C1CCC(CC2C(CCC3CC(CCCC4CC5CCCCC5C4)C4CCCCC34)CCC2C2CCCCC2)CC1
C1CCC(CCC2CCCCC2)CC1
C1CCC(CC2CCC(CCCC3CCCCC3CC3CCCC4CCCCC43)CC2)CC1
C1CC(C2CCCC(CCC3CCCC(C4CCC(CC5CC6CCCCC6C5)CC4)C3)C2)C1
C1CCC(CCC2CCCC(CC3CCC4CCCCC4C3)C2)CC1
C1CCC(CC2CCC(CC3CCC(C4CCCCC4)CC3)CC2)CC1
C1CCC(C2CCC(CC3CCC(C4CCCCC4)CC3)CC2)CC1
C1CCC(C2CCCCC2C2CCC3C(CCCC3C3CCCCC3)C2)CC1
C1CCC(CCC2CC(C3CCCC(C4CCCC4)C3)CCC2C2CCCCC2)CC1
C1CCC(CCCCC2CCCC(C3CCC(CC4CCCCC4)CC3)C2)CC1
C1CCC(CCCC2CCC(CCCC3CCCCC3)CC2)CC1
C1CCC(CC2CCCC(C3CCCCC3)C2)CC1
C1CCC(CC2CCC(CC3CCCCC3)CC2)CC1
C1CCC(CCC2CCCC(C3CCCC(C4CCCCC4)C3)C2)CC1
C1CCC(C2CCCC(C3CCCC4CCCCC43)C2)CC1
C1CCC(CCCCC2CCCCC2CCC2CCCCC2C2CCCCC2)CC1
C1CCC(CC2CCCC(C3CCCCC3)C2)CC1
C1CCC(C2CCC(CC3CC(C4CCCCC4)CC(C4CCCCC4)C3)CC2)CC1
C1CCC2CC(C3CCCCC3CC3CCCCC3C3CCC4CCCC4C3)CCC2C1
C1CCC(C2CC(CCCC3CCCC3)CC(C3CCCCC3)C2C2CCCCC2)CC1
C1CCC(CC2CCCC(C3CCC4CCC(C5CCCC(CC6CCCCC6)C5)CC4C3)C2)CC1
C1CCC(C2CCC(C3CCC(CC4CCC(C5CCCCC5C5CCCCC5)CC4)CC3)CC2)CC1
C1CCC(CC2CCC(C3CC(C4CCCCC4)CC(C4CCC4)C3)CC2)CC1
C1CCC(CC2CC(CCCC3CCC(C4CCCCC4)CC3)C3CCCCC23)CC1
C1CCC(CC2CC(CC3CCCC(C4CCCCC4)C3)C3CCCCC23)CC1
C1CCC(CC2CCCC(CC3CCCC(CC4CC5CCCCC5C4)C3)C2)CC1
C1CCC(C2CCCCC2C2CCC3CCCCC32)CC1
C1CCC(C2CCCCC2C2CCC(CC3CC(C4CCC4)C4CCCCC34)CC2)CC1
C1CCC(CCCCC(CCC2CC3CCCCC3C2)C2CCC3CCCC3C2)CC1
C1CCC(CCCCC2CCCCC2C2CCCC(C3CCC(CC4CCCCC4)CC3)C2)CC1
C1CCC(CC2CCC(C3CCCCC3)CC2C2CCCCC2)CC1
C1CCC(C2CCCCC2C2CCCCC2)CC1
C1CCC(C2CCC(C3CCCC3)CC2)CC1
C1CC2CCC(C3CC(C4CC4)CCC3C3CCC4CCCCC43)CC2C1
C1CCC(C2CCC(CC3CCCC3)CC2)CC1
C1CCC(CC2CCC(C3CCC4C(CC5CCCCC5)CC(CC5CCCC5)C4C3)CC2)CC1
C1CCC(CC2CCCC(C3CCC(CC4CCC5C(CCC5C5CCCCC5)C4)CC3)C2)CC1
C1CCC(CC2CCCCC2C2CCCC2)CC1
C1CCC(CCC2CCC(CC3CCC(CC4CC(CC5CCCCC5)CC(C5CCCC5)C4)CC3)CC2)CC1
C1CCC(C2CCC(C3CCCC(C4CCCCC4)C3)CC2)CC1
C1CCC(C2CCC(CC3CCC(C4CCCCC4)CC3)CC2)CC1
C1CCC(CC2CCC(C3CCCCC3)CC2)CC1
C1CCC(C2CCCCC2CC2CCCC(CC3CCC4CCCCC4C3)C2)CC1
C1CCC(CCC2CCCC(CCC3CCCC(C4CCCCC4)C3)C2)CC1
C1CCC(CC2CCC(CCC3CCCC(CC4CCCCC4)C3)CC2)CC1
C1CCC(C2CCC(CC3CCC(C4CCCC4)CC3)CC2)CC1
C1CCC(CC2CCC(C3CCCCC3)CC2)CC1
C1CCC(CCC2CCC(CC3CCCCC3)CC2C2CCC(C3CCCCC3)CC2)CC1
C1CCC(C2CCC(C3CCCCC3)CC2)CC1
C1CCC(CC2CCC(C3CCCCC3)CC2)CC1
C1CCC(CCC2CCC(C3CCCCC3)CC2)CC1
C1CCC(C2CCCCC2C2CCC3C(CCCC3C3CCCCC3)C2)CC1
C1CCC(CCC2CC(CC3CCCCC3)CCC2CC2CC3CCCCC3C2)CC1
C1CCC(C2CCCC(CC3CC(C4CCCC(CCC5CC5)C4)C4CCCCC34)C2)CC1
C1CCC(CCC2CC(C3CCCCC3)CC(C3CCCC3)C2)CC1
C1CCC(C2CCCC(CCC3CC4CCCCC4C3)C2)CC1
C1CCC(CCC2CCCC(CCCCC3CCC(CC4CCCCC4)CC3)C2)CC1
C1CCC(CCC2CC(C3CCCCC3)CC(C3CCCC3)C2)CC1
C1CCC(C2CCCC(C3CCCC(C4CCCCC4)C3)C2)CC1
C1CCC(CCC2CCC(C3CCCCC3)CC2)CC1
C1CCC(C2CCCC(C3CC(CCC4CCCC(C5CC5)C4)C4CCCCC43)C2)CC1
C1CCC(C2CCC(C3CCCCC3C3CCCCC3C3CCCCC3)CC2)CC1
C1CCC(CCC2CCC(C3CCCCC3)CC2)CC1
C1CCC(CCCC2CCCC(C3CCC(CC4CCCCC4)CC3)C2)CC1
C1CCC(CC2CCCC(CC(CC3CCCCC3)C3CCCCC3)C2)CC1
C1CCC(C2CCCCC2C2CCCCC2)CC1
C1CCC(C2CCC(CCC3CCC(CCC4CCCC(C5CCCCC5)C4)CC3)CC2)CC1
C1CCC(CCC2CC3CCCCC3C2)CC1
C1CCC(CCCC2CCCC(CC3CCCCC3)C2)CC1
C1CCC(C2CC3CCC(CC4CC5CCCCC5C4)CC3C(C3CCCCC3)C2)CC1
C1CCC(CCC2CCCCC2)CC1
C1CCC(C2CCC(CC3CCCC(CCC4CCCC4)C3)CC2)CC1
C1CCC(CCCCCC2CCC(C3CCCC(C4CCCCC4)C3)CC2)CC1
C1CCC(CCC2CCC(CC3CCCCC3)CC2)CC1
C1CCC(C2CC(CC3CCCC3)CC3CCC(C4CCCC(C5CC5)C4)CC32)CC1
C1CCC(CC2CCCCC2C2CCCCC2)CC1
C1CCC(CC2CCCC(CC3CCC4CCCCC43)C2)CC1
C1CCC(CCCC2CCCC(C3CCC(CC4CCCCC4)CC3)C2)CC1
C1CCC(CCC2CCC(C3CCCCC3C3CCCCC3)CC2)CC1
C1CCC(CC2CC(C3CCC(C4CCC(C5CCCCC5)CC4)C3)C3CCCCC23)CC1
C1CCC(CCC2CCCC(C3CCCC4CCCCC43)C2)CC1
C1CCC(CCC2CCCC(C3CCC3)C2)CC1
C1CCC(CC2CCC(C3CCCCC3)CC2)CC1
C1CCC(C2CC(C3CCC4CCCCC43)CC3CCC(CCC4CC5CCCCC5C4)CC32)CC1
C1CCC(CC2CCCC(C3CCCC(C4CCCCC4)C3)C2)CC1
C1CCC(CCCCC2CCC(C3CCCC3)CC2)CC1
C1CCC(CCCCC2CCC(C3CCCCC3C3CCCCC3)CC2)CC1
C1CCC(CCCCCC2CCCC(C3CCCC3)C2)CC1
C1CCC(CC2CCCCC2C2CCC3C(CCCC3C3CCCCC3)C2)CC1
C1CCC(CCC2CCC(CC3CCC(C4CCCCC4)CC3)CC2)CC1
C1CCC(CCC2CCC(C3CCCCC3)CC2C2CCC3CCCC3C2)CC1
C1CCC(C2CCC(C3CCCC(C4CC(CCCC5CCCC5)CC(C5CCC5)C4)C3)CC2)CC1
C1CCC(C2CCC3C(CCCC3C3CCCC(C4CCCCC4C4CCCCC4)C3)C2)CC1
C1CCC(C2CCCCC2C2CCCCC2C2CCCCC2C2CCCC2)CC1
C1CCC(CC2CC(CC3CCC(C4CCCCC4)CC3)C3CCCCC23)CC1
C1CCC(CCC2CCC(CCC3CCCC(C4CCCCC4)C3)CC2)CC1
C1CCC(CC2CCC(CC3CC4CCCCC4C3)CC2)CC1
C1CCC(CCC2CCC(CCCCC3CCC(CC4CCCCC4)CC3)CC2)CC1
C1CCC(CC2CCCC(CCCC3CCC(C4CCCCC4C4CCCCC4)CC3)C2)CC1
C1CCC(C2CCC(C3CCCCC3)C(C3CCCCC3)C2)CC1
C1CCC(CC2CCC(C3CCCCC3C3CCC4CCCCC4C3)CC2)CC1
C1CCC(CCC2CCC(CC3CCCCC3)CC2CCCC2CCCC2)CC1
C1CCC(CCCC2CCC(CC3CCCCC3)CC2)CC1
C1CCC(CC2CC(CCCCC3CCCC(C4CCCCC4)C3)C3CCCCC23)CC1
C1CCC(CC2CCC(C3CCCCC3)CC2)CC1
C1CCC(C(C2CCCCC2)C2CCCCC2C2CCCC2)CC1
C1CCC(CC2CCC(C3CCCCC3)CC2C2CCCCC2)CC1
C1CCC(CC2CCCC(C3CCCCC3)C2)CC1
C1CCC(CCC2CCCC(C3CCCCC3)C2)CC1
C1CCC(C2CCCC(C3CCC4CCCC4C3)C2)CC1
C1CCC(CC2CCCC(C3CCCC(C4CCCC4)C3)C2)CC1
C1CCC(CCC2CCC(C3CCCCC3CC3CCCCC3)C(C3CCCCC3)C2)CC1
C1CCC(C2CCCC(CCC3CCC(C4CC4)CC3)C2)CC1
C1CCC(CCC2CCC(C3CCCC(C4CCCCC4)C3)CC2)CC1
C1CCC(C2CCC(CCCC3CCC(C4CCCCC4)CC3)CC2)CC1
C1CCC(CCC2CCCC(C3CCCCC3)C2)CC1
C1CCC(C2CCCCC2C2CCCCC2)CC1
C1CCC(CC2CCCCC2CC2CCCC3CCCCC32)CC1
C1CCC(C2CCC(C3CCC(C4CCCC4)CC3)CC2)CC1
C1CCC(CC2CCC(CC3CCCCC3)C(C3CCC4CCCC4C3)C2)CC1
C1CCC(CCCC2CCC(C3CCC4CCCCC43)CC2)CC1
C1CCC(C2CCCC(CC3CC(C4CCCCC4)C4CCCCC34)C2)CC1
C1CCC(C2CCC(C3CCCC(CC4CC5CCCCC5C4)C3)CC2)CC1
C1CCC(CC2CCC(CC3CCC(C4CCCCC4)C3)CC2)CC1
C1CCC(CC2CCC(C3CCCC(C4CCCCC4)C3)CC2)CC1
C1CCC(C2CCC(CC3CCCCC3CC3CC4CCCCC4C3)CC2)CC1
C1CCC(CCCC2CCCCC2)CC1
C1CCC(CC2CCCC(CC3CCCC(C4CCCC4)C3)C2)CC1
C1CCC(CCC2CCC(CC3CCCCC3C3CCCCC3C3CCCCC3)CC2)CC1
C1CCC(CCCC2CCC(C3CCCCC3)CC2)CC1
C1CCC(CC2CCCCC2CC2CCCC(C3CCCC(C4CCCCC4)C3)C2)CC1
C1CCC(C2CCC(C3CCC4CCCC4C3)C(C3CCC4CCCC4C3)C2)CC1
C1CCC(C2CCC(CCCC3CCC(C4CC(C5CCCCC5)C4)CC3)CC2)CC1
C1CCC(CCC2CCCCC2C2CCCCC2)CC1
C1CCC(CC2CCC3CC(C4CCCCC4)CCC23)CC1
C1CCC(CC2CC(C3CCCCC3)C3CCCCC23)CC1
C1CCC(CC(C2CCCCC2)C2CCCC(C3CCC4CCCC4C3)C2)CC1
C1CCC(CCCC2CCC(C3CCCCC3)CC2)CC1
C1CCC(CCCC2CCCC(C3CCCC(CC4CCCCC4)C3)C2)CC1
C1CCC(C2CCCC(CC3CCCC3)C2)CC1
C1CCC(CC2CCC(C3CCCCC3)CC2)CC1
C1CCC(CCCC2CCC(C3CCC(C4CCCCC4)CC3)CC2)CC1
C1CCC(CC2CCC(CCCCC3CCCCC3C3CCCCC3)CC2)CC1
C1CCC(CCCCC2CCC(C3CCC(C4CCCCC4CC4CCCCC4)CC3)C2)CC1
C1CCC(CCCCC(CC2CCCCC2)C2CCCCC2)CC1
C1CCC(CCC2CCC(C3CCC4CC(C5CCC6CCCCC65)CC(C5CCCCC5)C4C3)CC2)CC1
C1CCC(CC2CCC(CC3CCCCC3)CC2)CC1
C1CCC(CC2CCCCC2C2CCCCC2)CC1
C1CCC(CCCC2CCC(C3CCCCC3)C(CC3CCCCC3)C2)CC1
C1CCC(C2CCCCC2C2CCCCC2)CC1
C1CCC(CC2CCCC(CCC3CCCC(C4CCCCC4)C3)C2)CC1
C1CCC(CC2CCC3CCC(C4CCCCC4)C3C2)CC1
C1CCC(CC2CCC(C3CCCCC3)CC2)CC1
C1CCC(CCCC2CC(C3CCCCC3)CC(C3CCCCC3)C2)CC1
C1CCC(CCC2CC(C3CCCCC3)CC3CCCCC32)CC1
C1CCC(CCCC2CCC(CCCC3CCCCC3)CC2)CC1
C1CCC(CC2CCC(CC3CCCC(C4CCCCC4)C3)CC2)CC1
C1CCC(CCC2CCCC(CCC3CC4CCCCC4C3)C2)CC1
C1CCC2CC(CCC3CC(C4CCC5CCCCC54)CC4CCCCC43)CC2C1
C1CCC(C2CCC(C3CCCC(C4CCCCC4C4CCCCC4)C3)CC2)CC1
C1CCC(CCC2CCC(CCC3CCC3)CC2C2CCC3CCCC3C2)CC1
C1CCC(CCC2CCCC(C3CCC(C4CC4)CC3)C2)CC1
C1CCC(C2CCCC(C3CCC(C4CC(C5CCCCC5)C5CCCCC45)CC3)C2)CC1
C1CCC(CCCC2CC(CC3CCCCC3)CCC2C2CCCCC2)CC1
C1CCC(C2CCCCC2)CC1
C1CCC(C2CCC(CC3CCCCC3CC3CCC(CC(C4CCCCC4)C4CCCC4)CC3)CC2)CC1
C1CCC(C2CCCCC2)CC1
C1CCC(CCCCC2CCCCC2CC2CCCCC2C2CCCCC2)CC1
C1CCC(CCCCC2CCCC(C(CC3CCCCC3)C3CC3)C2)CC1
C1CCC(CC2CCCCC2CC2CC3CCCCC3C2)CC1
C1CCC(CC2CCCC(CC3CCCCC3)C2)CC1
C1CCC(CC2CCC(CC3CCC(CCC4CC4)CC3)CC2)CC1
C1CCC(CC2CCC3CC(CCC4CCC4)CC(C4CCCCC4)C3C2)CC1
C1CCC(CCC2CCC(C3CC(CC4CCCCC4)C4CCCCC43)CC2)CC1
C1CCC(C2CCC(C3CCCC3)CC2C2CCCCC2)CC1
C1CCC(CC2CCC(CC3CCC(C4CCCCC4)CC3)CC2)CC1
C1CCC(CC2CCC(CCCC3CC4CCCCC4C(C4CCCCC4)C3)CC2)CC1
C(CCC1CCC(CC2CCCCC2)CC1)CCC1CCC(C2CCCCC2)CC1
C1CCC(CCCC2CCCC(CCC3CCCCC3)C2)CC1
C1CCC(C2CCC(C3CCCC3)CC2)CC1
C1CCC(CCC2CCC(C3CCCCC3)C(C3CCCC(CC4CC4)C3)C2)CC1
C1CCC(CC2CCC(C3CC(CC4CCCC(C5CCCCC5)C4)C4CCCCC43)CC2)CC1
C1CCC(CC2CCC(C3CC(C4CCCCC4)CCC3CC3CCCCC3)CC2)CC1
C1CCC(CC(CC2CCCCC2)C2CCCCC2)CC1
C1CCC(CCC2CCC(CC3CCC(CCCC4CCCC4)CC3)CC2)CC1
C1CCC(C2CCCC(CCCCC3CC4CCCCC4C3)C2)CC1
C1CCC(C2CCC(C3CCCCC3)CC2)CC1
C1CCC(CC2CCC(C3CCCCC3)CC2)CC1
C1CCC(CC2CCC(CC3CCC(C4CCC5CCCCC54)C3)CC2)CC1
C1CCC(CC2CCC(CC3CCCC(C4CCCC(C5CCCC5)C4)C3)C2)CC1
C1CCC(C2CCC(CCC3CCC(C4CCC(C5CC5)CC4)CC3)CC2)CC1
C1CCC(CCCCCC2CCC(CC3CCC(CC4CCCC4)CC3)CC2)CC1
C1CCC(C2CC(C3CCCCC3)CC(C3CCCCC3C3CCC4CCCC4C3)C2)CC1
C(CCCC1CCC(C2CCCCC2)CC1)CCC1CCCC1
C1CCC(CC2CCCCC2CCCCC2CCC(C3CC(C4CCC5CCCCC54)C3)CC2)CC1
C1CCC(CCC(C2CCCCC2)C2CCC(CC3CCC(CC4CCC5CCCCC54)CC3)CC2)CC1
C1CCC(CCC2CCC(CCC3CCCC(C4CCCCC4)C3)CC2)CC1
C1CCC2C(C1)CCC2CC1CCC(C2CCCC(C3CCC4CCCCC43)C2)CC1
C1CCC(CC2CCC(C3CCCCC3)CC2)CC1
C1CCC(C2CC(C3CCCC3)CC3CCCCC32)CC1
C1CCC(CC2CCCC(C3CCCC(C4CCCCC4)C3)C2)CC1
C1CCC(CCC2CCCC(C3CCCCC3)C2)CC1
C1CCC(C2CCCC(C3CCCCC3C3CCCCC3)C2)CC1
C1CCC(C2CCCCC2CC2CCCCC2C2CCCC2)CC1
C1CCC2CC(C3CCC4CCCCC43)CCC2C1
C1CCC(CCCCC2CCC(CC3CCC(C4CCCCC4)CC3)CC2)CC1
C1CCC(CC2CCC(CC3CCC(CC4CCCCC4)C3)CC2)CC1
C1CCC(C2CCC(CCC3CCCCC3C3CCCC3)CC2)CC1
C1CCC(CC2CCCC(C3CCCCC3CC3CCCCC3)C2)CC1
C1CCC(CC2C(CCC3CCCC3)CCC2C2CCC(CC3CCC(C4CCCC4)CC3)CC2)CC1
C1CCC(CC2CCC(CC3CCCCC3)CC2)CC1
C1CCC(CC2CCC3CCC(CC4CCCCC4)C3C2)CC1
C1CCC(CC2CCC(C3CCCC3)CC2)CC1
C1CCC(C2CCCC(C3CCC(C4CCC(CC5CC6CCCCC6C5)CC4)CC3)C2)CC1
C1CCC(C2CCC(CC3CCC(C4CCCCC4)CC3)CC2)CC1
C1CCC(CC2CC(C3CCC(CC4CCCCC4C4CCCCC4)CC3)C3CCCCC23)CC1
C1CCC(C2CCC(CCC3CCC(CC4CCC5CCCCC54)CC3)CC2)CC1
C1CCC(C2CC(C3CCCCC3)C3CCCCC23)CC1
C1CCC(C2CCCC(C3CCCC4CC(C5CC5C5CCCCC5)CCC43)C2)CC1
C1CCC(CCCC2CCC(C3CCCCC3)CC2)CC1
C1CCC(CC2CCC(CC3CCC(CC4CCCC(C5CCCC5)C4)CC3)CC2)CC1
C1CCC(CCC2CCC(C3CCCC3)CC2)CC1
C1CCC(CC2CC(C3CCCC(C4CCCCC4)C3)C3CCCCC23)CC1
C1CCC(C2CCC(CC3CCC(C4CCC5CCCCC5C4)CC3)CC2)CC1
C1CCC(CCCC2CCCC(CC3CCCCC3)C2)CC1
C1CCC(C2CCCCC2)CC1
C1CCC(CCC2C(CC3CCCCC3)CC(C3CCCC3)CC2CC2CC2)CC1
C1CCC(C2CCC(C3CCCCC3C3CCCC3)CC2C2CCC2)CC1
C1CCC(C2CCCC(CCCC3CCCCC3C3CCCCC3)C2)CC1
C1CCC(C2CCCCC2C2CCCC2CC2CCC(CCCCC3CCC(C4CCCC4)CC3)CC2)CC1
C1CCC(CC2CCC(C3CCCCC3)CC2C2CCCCC2)CC1
C1CCC(CC2CCC3C(CC4CCCCC4)CC(CC4CC(C5CCCCC5)C5CCCCC45)C3C2)CC1
C1CCC(C2CCC(C3CCCCC3)CC2)CC1
C1CCC(CC2CCCC(CC3CCCCC3CC3CC(C4CCCCC4)C4CCCCC34)C2)CC1
C1CCC(CC2CCC(CCC3CCC(C4CCCCC4)CC3)CC2)CC1
C1CCC(CCCC2CCCCC2CCC2CCC(CC3CCCCC3)CC2)CC1
C1CCC(CCCC2CCCC(C3CCCCC3)C2)CC1
C1CCC(CC2CCC(C3CCC(C4CCC(C5CCCC5)CC4)CC3)CC2)CC1
C1CCC(CCC2CCC(C3CCC(C4CCCC4)CC3CC3CCC4CCCCC43)CC2)CC1
C1CCC(CC2CCC(CC3CCC(C4CCCC4)C3)CC2)CC1
C1CCC(CCC2CC(CCC3CCCCC3)CC(CC3CCCCC3)C2)CC1
C1CCC(CC2CC(C3CCCC3)CC(C3CCCC(C4CCCCC4)C3)C2)CC1
C1CCC(CC2CC(CCCCC3CCCC(C4CCCCC4)C3)C3CCCCC23)CC1
C1CCC(CCCC2CCC(C3CCC(C4CCCCC4)CC3C3CCCC3)C(C3CCCCC3)C2)CC1
C1CCC(CC2CCCC(CC3CCCCC3)C2)CC1
C1CCC(CCC2CCCCC2CCC2CCCC(CC3CCCC3)C2)CC1
C1CCC(CC2CCCC(C3CC(CC4CCCCC4)C4CCCCC43)C2)CC1
C1CCC(CC2CCCC(CC(C3CCCCC3)C3CCCCC3C3CCCCC3)C2)CC1
C1CCC(C2CCC(C3CCCCC3C3CCCC3)CC2)CC1
C1CCC(CC2CCC(C3CCCC(C4CCC4)C3)CC2)CC1
C1CCC(C2CCCC(C3CCC(C4CCCCC4CC4CC5CCCCC5C4)CC3)C2)CC1
C1CCC(C2CCC(C3CCCC(C4CCCC4)C3)CC2)CC1
C1CCC(C2CCCC(CC3CC(C4CCCCC4)C4CCCCC34)C2)CC1
C1CCC(C2CCCCC2CCCC2CCCCC2C2CCCCC2)CC1
C1CCC(CC2CCC(CC3CCC(CC4CCC(C5CCCCC5)CC4)CC3)CC2)CC1
C1CCC(C2CCC(CC3CC(C4CCC5CCCCC54)C4CCCCC34)CC2)C1
C1CCC(CC2CCC(C3CC3)CC2C2CCCCC2)CC1
C1CCC(C2CCCC(C3CCCC(CCC4CC5CCCCC5C4)C3)C2)CC1
C1CCC(CCC2CCC(C3CCCC(CC4CCCCC4)C3)CC2)CC1
C1CCC(CCC2CCC(CC3CCCCC3C3CCCCC3)CC2)CC1
C1CCC(C2CCCC(C3CCCC(C4CCCCC4C4CCCC4)C3)C2)CC1
C1CCC(C2CCCC(CC3CCCCC3C3CCC4CCCCC4C3)C2)CC1
C1CCC(C2CCCC(CC3CCCC(C4CCCCC4)C3)C2)CC1
C1CCC(C2CCC(C3CCC4C(CCCC4C4CCCCC4)C3)CC2)CC1
C1CCC(C2CCC(C3CCCCC3)CC2)CC1
C1CCC(CC2CCC(C3CCCCC3)CC2)CC1
C1CCC(C2CCC(C3CCCCC3)CC2)CC1
C1CCC(C2CCC(CCC3CCCC3C3CCCCC3)CC2)CC1
C1CCC(CCCC2CCCC(CCC3CCCCC3)C2)CC1
C1CCC(CCCC2CCC(C3CCCCC3)CC2)CC1
C1CCC(CCC2CCC3C(CC4CCCCC4)CC(C4CCCC(C5CCCCC5)C4)C3C2)CC1
C1CCC(CCC2CCCC(C3CCCC(C4CCC(C5CCCC5)CC4)C3)C2)CC1
C1CCC(CCC2CCC(CCC3CC4CCCCC4C3)CC2)CC1
C1CCC(C2CCC(C3CCCCC3)CC2)CC1
C1CCC(C2CCCCC2)CC1
C1CCC(CC2CCCC(CC3CCCCC3C3CCCC3)C2)CC1
C1CCC(CC2CCC(CC3CCC4CCCC4C3)CC2)CC1
C1CCC(CC2CCC(C3CCCCC3CC3CCCCC3)CC2)CC1
C1CC(CC2CCC3CCCCC32)CC(C2CC3CCCCC3C2)C1
C1CCC(C2CC(C3CCCCC3)C3CCCCC23)CC1
C1CCC(CC2CC(CCC3CCCC(C4CCCCC4)C3)C3CCCCC23)CC1
C1CCC(C2CCC(C3CCCCC3)CC2)CC1
C1CCC(CC2CC(C3CCC(C4CCCCC4C4CCCC4)CC3)C3CCCCC23)CC1
C1CCC(C2CCCCC2C2CCC3C(CCC3C3CCCCC3)C2)CC1
C1CCC(C2CCC(C3CCCCC3)C(C3CCC(C4CCCC4)CC3C3CCC4CCCC4C3)C2)CC1
C1CCC(C2CCC(CCC3CCC(C4CCCC(C5CCCCC5)C4)CC3)CC2)CC1
C1CCC(C2CCC(CC3CCCC(C4CCCCC4)C3)CC2)CC1
C1CCC(C2CCCC(CCC3CC4CCCCC4C3)C2)C1
C1CCC(CCCC2CCCC(CC3CCCCC3C3CCC(C4CCCCC4)C3)C2)CC1
C1CCC(CCCC2CCC(C3CCCCC3)CC2CCCCC2CC3CCCCC3C2)CC1
C1CCC(C2CCCC(CC3CCC(CCC4CC5CCCCC5C4)CC3)C2)CC1
C1CCC(CCC2CCC(C3CCCC(CCC4CCC(C5CCCCC5)CC4)C3)CC2)CC1
C1CCC(C2CCCC(C3CCCC(CC4CC5CCCCC5C4)C3)C2)CC1
C1CCC(CCCCC2CCC(CC3CCCCC3)CC2)CC1
C1CCC(CC2CCC(CCCC3CC(C4CCCCC4)C4CCCCC34)CC2)CC1
C1CCC(CC2CCCCC2C2CCCC(C3CCC(CCCC4CCC4)CC3)C2)CC1
C1CCC(C2CC(C3CCCCC3)CC(C3CCCCC3)C2)CC1
C1CCC(CCC2CC(CC3CCCCC3)CCC2C2CCCCC2)CC1
C1CCC(CCC2CCCC(C3CCCCC3)C2)CC1
C1CCC(CC2CCCCC2CCC2CCC(C3CCCCC3)CC2)CC1
C1CCC(C2CCCC(C3CCCC(C4CCCCC4)C3)C2)CC1
C1CCC2CC(C3CCC(CC4CCCCC4C4CCCC4)CC3)CC2C1
C1CCC(C2CCC(C3CCCCC3)CC2)CC1
C1CCC(C2CCCCC2)CC1
C1CCC(C2CCC(C3CCC(C4CCC5CCCCC54)CC3)CC2)CC1
C1CCC(CC2CCC(CC3CCCCC3)CC2)CC1
C1CCC(C2CCC(C3CCCCC3C3CCCCC3C3CCCCC3)C2)CC1
C1CCC(CC2CCCC(CC3CCCCC3)C2)CC1
C1CCC(C2CCCC(CCCCC3CCCC(C4CCCCC4)C3)C2)CC1
C1CCC(CC2CCCC(CC3CCC(C4CCCC4)CC3)C2)CC1
C1CCC(CCC2CCCCC2C2CCCCC2CC2CCCCC2)CC1
C1CCC(CCCCC2CCC(CCC3CCC(CCC4CCC4)CC3)CC2)CC1
C1CCC(C2CCCC(C3CCCCC3)C2)CC1
C1CCC(CCC2CCCCC2CCC2CC(CC3CC3)CCC2C2CCCCC2)CC1
C1CCC(CC2CCC(CC3CCCC(C4CCCCC4)C3)CC2)CC1
C1CCC(CCCC2CCC(CCC3CCCC(C4CCC(CCC5CCCCC5)CC4)C3)CC2)CC1
C1CCC(CCCC2CCCC(C3CCC4CCCCC43)C2)CC1
C1CCC(CCC2CCCC(C3CCC4CCCC4C3)C2)CC1
C1CC(CCCC2CCCC3CCCCC32)CC(CCC2CCC(C3CCC4CCCCC43)CC2)C1
C1CCC(C2CCC3C(CC4CCCC4)CC(CC4CCCCC4C4CCCC4)C3C2)CC1
C1CCC(C2CC(CC3CCC(C4CCC5CCCCC54)CC3)C3CCCCC32)CC1
C1CCC(C2CCC(C3CCC4CCCC4C3)CC2)CC1
C1CCC(CCCC2CC(CC3CCCC(C4CCCCC4)C3)C3CCCCC23)CC1
C1CCC(C2CC(C3CC3)CCC2CC2CCC3CCCCC32)CC1
C1CCC(C2CC(C3CCCCC3)C(C3CCCCC3)C(C3CCCCC3)C2)CC1
C1CCC(CC2CCCC(C3CCCC(CC4CCCCC4)C3)C2)CC1
C1CCC(CC2CC(CCCC3CCC(C4CCCCC4)CC3)C3CCCCC23)CC1
C1CCC(CCCC2CCC(CC3CCC(C4CCCCC4)CC3)C(C3CCC3)C2)CC1
C1CCC(CC2CCCCC2C2CCC(C3CCCC(CC4CCC5CCCC5C4)C3)CC2)CC1
C1CCC(CC2CCC(C3CCCC(C4CCC5CCCC5C4)C3)CC2)CC1
C1CCC(C2CCCC(CC3CCC(C4CCCC4)CC3)C2)CC1
C1CCC(CCC2CCCCC2C2CCCCC2)CC1
C1CCC(CC2CCC(CCC3CCC(C4CCCC4)CC3)CC2)CC1
C1CCC(CC2CCCC(CCCC3CCCC(C4CC4)C3)C2)CC1
C1CCC(CCC2CC3CCCCC3C2)CC1
C1CCC(CC2CCCCC2CC2CCCC(C3CCCCC3)C2)CC1
C1CCC(CC2CCCC(CC3CCCCC3)C2)CC1
C1CCC(CC2CC(C3CCC4CCCCC43)CC3CCC(C4CCCCC4CC4CCCC4)CC32)CC1
C1CCC(CC2CCC3C(CCC4CCCC(C5CCCCC5)C4)CCC3C2)CC1
C1CCC(CC2CCCC(CC3CCCC(C4CCC(C5CCCCC5)C4)C3)C2)CC1
C1CCC(C2CCCCC2C2CCCCC2)CC1
C1CCC(CC2CCCCC2C2CCCCC2)CC1
C1CCC(C2CCCC(C3CCCC(C4CCC5C(CCC5C5CCCC5)C4)C3)C2)CC1
C1CCC(CCC(C2CCCCC2)C2CCCC(CC3CCCCC3)C2)CC1
C1CCC(C2CCCC(CC3CCC(CCC4CCCC(C5CCCC5)C4)CC3)C2)CC1
C1CCC(C2CCC(C3CCC(C4CCCC(C5CCCC5)C4)C4CCCC34)CC2)CC1
C1CCC(C2CCCCC2CCCC2CCCC2)CC1
C1CCC(C2CCCCC2C2CCCCC2)CC1
C1CCC(CCCC2CCCC(C3CCC(C4CCCCC4)CC3)C2)CC1
C1CCC(CCC2CCCCC2CC2CCCCC2)CC1
C1CCC(C2CCCCC2CC2CCCC(CC3CC3)C2)CC1
C1CCC(C2CCCC(C3CCCC(CC4CCCCC4C4CCCCC4)C3)C2)CC1
C1CCC(CC2CCCC(C3CCCCC3)C2)CC1
C1CCC(CCCC2CCC(CC3CCC(CC4CCCCC4)CC3)CC2)CC1
C1CCC(CC2CCCC(CC3CC3)C2)CC1
C(CCCC1CCCCC1)CCCC1CCC(CC2CCCCC2)CC1
C1CCC(CCC2CCCCC2C2CCCCC2)CC1
C1CCC(C2CCC(C3CCCCC3CCCC3CCCCC3C3CCCC3)CC2)CC1
C1CCC(CC2CC(CC3CCCCC3)C3CC(CC4CCCC4)CCC23)CC1
C1CCC(CC2CCC(CCC3CCCC(C4CCC(CC5CCCCC5)CC4)C3)CC2)CC1
C1CCC(CC2CCC(CC3CCC(C4CCCCC4)CC3)CC2)CC1
C1CCC(C2CCC(CC3CCCCC3C3CCCCC3)CC2)CC1
C1CCC(CCC2CCCC(C3CCCCC3)C2)CC1
C1CCC(C2CCCC(C3CCC4CCCC4C3)C2)CC1
C1CCC(CC2CCCC(C3CCC4C(CC5CCCCC5)CCC4C3)C2)CC1
C1CCC(C2CCC(C3CCCC(C4CCCCC4)C3)CC2)CC1
C1CCC(CCCC2CCC(CC3CCC(C4CCCCC4)CC3)CC2)CC1
C1CCC(CCC2CCC(CC3CCCCC3)CC2)CC1
C1CCC(CC2CCC(C3CC(CC4CCCCC4)CCC3C3CCC3)CC2)CC1
C1CCC(C2CCC(CC3CCCC(CC4CCC(C5CCCCC5)CC4)C3)CC2)CC1
C1CCC(CC2CCCC(C3CCCCC3)C2)CC1
C1CCC(CC2CCC(CC3CCCCC3)C(CCC3CCC4CCCCC43)C2)CC1
C1CCC(CCCC2CCC(C3CCCCC3)CC2CCC2CCCCC2)CC1
C1CCC(CCC2CCC(C3CCCCC3C3CCCCC3)CC2)CC1
C1CCC(C2CC(C3CCC(C4CCCC4)CC3)CC3CCCCC32)CC1
C1CCC(C2CCCCC2)CC1
C1CCC(C2CCCC(CCCCC3CCC(CC4CC4)CC3)C2)CC1
C1CCC(C2CCCCC2C2CCCCC2C2CCC3CCCC3C2)CC1
C1CCC(CCCC2CCCC(C3CCCCC3)C2)CC1
C1CCC(C2CCCC(C3CCCC(CCC4CC5CCCCC5C4)C3)C2)CC1
C1CCC(CCC2CCCCC2C2CCCC3CC(C4CCC5CCCCC5C4)CCC32)CC1
C1CCC(CCCC2CCCCC2)CC1
C1CCC(CC2CCCC(C3CCCC(CC4CCC5CCCC5C4)C3)C2)C1
C1CCC(CCC2CC(C3CC3)CCC2CC2CCCCC2)CC1
C1CCC(C2CCCC(C3CCCCC3C3CC(C4CCCCC4)C4CCCCC43)C2)CC1
C1CCC(C2CCCCC2C2CCC3C(CCCC3C3CC4CCCCC4C3)C2)CC1
C1CCC(CCC2CCC(CC3CCCCC3)CC2)CC1
C1CCC(C2CCCC(CC3CC(C4CC5CCCCC5C4)C4CCCCC34)C2)CC1
C1CCC(CCCC2CCC(CC3CCCCC3)CC2)CC1
C1CCC(CC2CCCC(C3CCC(C4CCCCC4)CC3)C2)CC1
C1CCC(CC2CCC(C3CCCCC3)CC2)CC1
C1CCC(CC2CCC(CCCC3CCCCC3C3CCC3)CC2)CC1
C1CCC(CCC2CCC(C3CCC(CCC4CCC(C5CCCCC5)CC4)CC3)CC2)CC1
C1CCC(CC2CC(CC3CCC(C4CCCCC4)CC3)C3CCCCC23)CC1
C1CCC(C2CCCC(C3CCCCC3)C2)CC1
C1CCC(CCC2CCCC(CC3CCCCC3)C2)CC1
C1CCC(CC2CCCC(C3CCCC(CCC4CC4)C3)C2)CC1
C1CCC(C2CCCC3CCC(C4CCCC(CC5CCCC5)C4)CC32)CC1
C1CCC(C2CCCC(C3CC(C4CCC5CCCCC54)CC4CCCCC43)C2)CC1
C1CCC(CC2CCCC(C3CC(CC4CCCCC4)CC(CC4CC4)C3)C2)CC1
C1CCC(CC2CCCC(CCC3CC(CC4CCCCC4)C4CCCCC34)C2)CC1
C1CCC(CCCCC2CCCC(CC3CCCC(CC4CCCCC4)C3)C2)CC1
C1CCC(CC2CCCC(CCC3CCCC(C4CCCCC4)C3)C2)CC1
C1CCC(CCCCC2CCC(C3CCCCC3)CC2)CC1
C1CCC(C2CCCC(C3CCC(C4CCCC4)CC3)C2)CC1
C1CCC(CC2CCCC(C3CCCCC3)C2)CC1
C1CCC(C2CCC(C3CCCCC3C3CCCCC3)CC2)CC1
C1CCC(CCC2CCC(C3CCCCC3)CC2)CC1
C1CCC(CC2CCCCC2C2CCC(C3CCCCC3)C(CC3CC3)C2)CC1
C1CCC(C2CCC(CC3CCCC(C4CCCCC4)C3)CC2)CC1
C1CCC(CCC2CC(C3CCC(C4CCCCC4)CC3)C3CCCCC23)CC1
C1CCC(CC2CCCC(C3CCCC(C4CCCCC4)C3)C2)CC1
C1CCC(C2CCC(CCC3CCCC3)CC2)CC1
C1CCC(CC2CCC(CC3CCC(CC4CCCCC4)CC3)CC2)CC1
C1CCC(CC2CCCC(C3CCCCC3CC3CCCCC3)C2)CC1
C1CCC(CC2CCC(C3CCCCC3)CC2)CC1
C1CCC(CCC2CC3CCC(CC4CC5CCCCC5C4)CC3C(C3CCCCC3)C2)CC1
C1CCC(CCCCCC2CCC(CC3CCC(CC4CCCCC4)CC3)CC2)CC1
C1CCC(CC2CCCCC2C2CCCCC2)CC1
C1CCC(CCC2CCC(C3CCCC(CC4CCCCC4)C3)CC2)CC1
C1CCC(CC2CCC(C3CCC(C4CCC(C5CCCCC5)C4)CC3)CC2)CC1
C1CCC(CCCCCC2CCC(C3CCCCC3)CC2)CC1
C1CCC(CC2CCC(CC3CCCCC3)CC2)CC1
C1CCC(C2CCC(C3CCCCC3)C(C3CCCCC3)C2)CC1
C1CCC(C2CCC(CC3CCCCC3C3CCC(C4CCC(CC5CCC5)CC4)CC3)CC2)CC1
C1CCC(CC2CCC(CC3CCCCC3)CC2)CC1
C1CCC(CCC2CCCC(C3CC(CC4CCCCC4)C4CCCCC43)C2)CC1
C1CCC(CC2CCC(C3CCCCC3)CC2)CC1
C1CCC(C2CCC(CC3CCC(CC4CCCC(CC5CC5)C4)CC3)CC2)CC1
C1CCC(CCC2CCCC(CCC3CCCCC3)C2C2CCCC2)CC1
C1CCC(C2CCCCC2CC2CCCCC2CC2CC3CCCCC3C2)CC1
C1CCC(C2CCCCC2)CC1
C1CCC(C2CCC(CCC3CC(C4CC4)CCC3CC3CCCC3)CC2)CC1
C1CCC(CC2CCC(C3CCCCC3C3CCCCC3)CC2)CC1
C1CCC(CCC2CCC(CCC3CCCCC3)CC2)CC1
C1CCC(CCCC2CCC(C3CCCC(C4CCCCC4)C3)CC2)CC1
C1CCC(CCCC2CCC(C34CC(C3)C4)CC2)CC1
C1CCC(C2CCCC(CC3CCC(C4CCCC4)CC3)C2)CC1
C1CCC(C2CCC(C3CCCCC3)C(C3CCCC(CC4CCCC4)C3)C2)CC1
C1CCC(C2CCCCC2)CC1
C1CCC(CC2CCC(C3CC(C4CCCCC4)CCC3C3CCCC3)CC2)CC1
C1CCC(CCCC2CCC(C3CCCCC3)CC2)CC1
C1CCC(CC(CC2CC3CCCCC3C2)C2CCCC(C3CCCCC3)C2)CC1
C1CCC(C2CCC(C3CCCC(CC4CC5CCCC(C6CCC(CC7CC7)C6)C5C4)C3)CC2)CC1
C1CCC(CCC2CCCC(C3CCCCC3)C2)CC1
C1CCC(CCC2CCC(C3CCCCC3)CC2C2CCC3C(CCC3C3CCCCC3)C2)CC1
C1CCC(CCCC2CCC(CC3CCC(CCC4CCCCC4)CC3)CC2)CC1
C1CCC(CC2CCC(CCC(C3CCCCC3)C3CCCCC3)CC2)CC1
C1CCC(CCC2CCC(C3CCCCC3)CC2)CC1
C1CCC(C2CCCCC2C2CC(C3CCC(C4CCCC4)CC3)CCC2C2CCCC2)CC1
C1CCC(C2CCCC(C3CCCC(CCCC4CCC5CCCC5C4)C3)C2)CC1
C1CCC(C2CC(C3CC4CCCCC4C3)CC(C3CCCCC3)C2C2CCCCC2)CC1
C1CCC(CC2CCC(C3CCC(C4CCCCC4CC4CC5CCCCC5C4)CC3)C2)CC1
C1CCC(CCC2CCCC(CC3CCC(CC4CCC4)CC3)C2)CC1
C1CCC(CC2CCCC(C3CCCC(CC4CCCCC4)C3)C2)CC1
C1CCC(CC2CCCC(CCCC3CCCC(C4CC5CCCCC5C4)C3)C2)CC1
C1CCC(CCCCC2CCC(C3CCCCC3)CC2)CC1
C1CCC(CCC2CCCC(CCC3CCCCC3)C2CC2CCCCC2)CC1
C1CCC(CCC2CCC(CC3CCC(CCC4CC4)CC3)CC2)CC1
C1CCC(CCC2CCCC(C3CCC(CC4CCC(C5CCCCC5)CC4)CC3)C2)CC1
C1CCC(CC2CC(CCC3CCC(C4CCC(C5CCCCC5)CC4)CC3)C3CCCCC23)CC1
C1CCC(CC2CCCC(CC3CCCCC3)C2)CC1
C1CCC(C2CCC(C3CCC4CCC(C5CCCCC5)C4C3)CC2)CC1
C1CCC(CCCC2CCC3CC(C4CCC5CCCCC54)CC(C4CCCCC4)C3C2)CC1
C1CCC(CC2CCC(C3CCCCC3)C(C3CCCCC3)C2)CC1
C1CCC(CC2CCCCC2)CC1
C1CCC(CCCCC2CCC(CC3CCCCC3)CC2)CC1
C1CCC(CCCC2CCC(CC3CCCCC3)CC2)CC1
C1CCC(C2CCC(C3CCCCC3C3CCCC(C4CCCCC4)C3)CC2)CC1
C1CCC(CCC(C2CCCCC2)C2CCCC2)CC1
C1CCC(CC2CCC(C3CCCCC3)CC2)CC1
C1CC(CCC2CCCC(CC3CCC(CC4CCC5CCCC5C4)CC3)C2)C1
C1CCC(CCC2CCCCC2C2CCCC(CC3CCCC3)C2)CC1
C1CCC(C2CCC(CCCC3CCC(C4CCCCC4C4CCC4)CC3)CC2)CC1
C1CCC(C2CCCCC2C2CCCCC2)CC1
C1CCC(CC2CCCC(C3CCCC4CCC(C5CCCCC5)CC43)C2)CC1
C(CCCC1CCCCC1)CCCC1CCCCC1
C1CCC(CC2CCC(C3CC4CCCCC4C(C4CCCCC4)C3)CC2)CC1
C1CCC(C2CCCC(C3CC(C4CCCCC4)CC(C4CCCCC4)C3)C2)CC1
C1CCC(C2CCCC(C3CCC(CC4CCCC(C5CCCC5)C4)CC3)C2)CC1
C1CCC(C2CCCC(CCCC3CCCC4CCCCC43)C2)CC1
C1CCC(C2CCC(CC3CCCCC3C3CCCC3)CC2)CC1
C1CCC(CCCCCC2CCC(C3CCCCC3)C(C3CCCCC3)C2)CC1
C1CCC(CCCC2CC(C3CCCCC3)CC(C3CCCC(C4CCCCC4)C3)C2)CC1
C1CCC(C2CCC(CC3CCC(CCC4CCCC(C5CCC6CCCC6C5)C4)C3)C2)CC1
C1CCC(CC2CCCCC2CCCCC2CCC(C3CCCCC3)C2)CC1
C1CCC(CCC2CCC(C3CCCCC3)CC2)CC1
C1CCC(CC2CCC(CC3CCCC(CC4CCCCC4)C3)CC2)CC1
C1CCC(C2CCC(CC3CCCC(C4CCCC4)C3)CC2)CC1
C1CCC(CCC2CCC(C3CCC4CCCCC4C3)CC2)C1
C1CC2CCC(C3CCCCC3C3CCC4CCCC4C3)CC2C1
C1CCC(CCC2CCCC3CC(C4CCCC(C5CCCCC5)C4)CCC23)CC1
C1CCC(CC2CCCCC2C2CCCCC2C2CCC3CCCCC3C2)CC1
C1CCC(CC2CCC(CC3CCC4CCCCC43)CC2)CC1
C1CCC(CCC2CCCC(C3CCC(CC4CCCCC4)CC3)C2)CC1
C1CCC(CC2CC(CCCCC3CCCCC3C3CCC4C(CCC4C4CCCC4)C3)C3CCCCC23)C1
C1CCC(CC2CCC3CCCCC3C2)CC1
C1CCC(C2CCC(C3CCCC3)C(C3CCCCC3)C2)CC1
C1CCC(CC2CCC(C3CCCCC3)CC2)CC1
C1CCC(CCC2CCCC(C3CCCCC3C3CCCCC3)C2)CC1
C1CCC(C2CCC3C(CCCC3C3CCCCC3)C2)CC1
C1CCC(C2CC(C3CCCCC3)C3CC(CC4CCCC4)CCC23)CC1
C1CCC(CC2CCCC(C3CCC(CCC4CCCCC4CC4CCCC4)CC3)C2)CC1
C1CCC(CC2CCCCC2C2CCCCC2C2CCC3CCCCC3C2)CC1
C1CCC(CC(C2CCCC(C3CCCCC3)C2)C2CC3CCCCC3C2)CC1
C1CCC(C2CCCC(C3CCCCC3)C2)CC1
C1CCC(CCC2CCC(CC3CCC(C4CCC(C5CCC6CCCC6C5)C4)CC3)CC2)C1
C1CCC(CC2CCC(CC3CC(CC4CCCCC4)C4CCCCC34)CC2)CC1
C1CCC(C2CCC(CCC3CCC(C4CCCC(C5CCCC5)C4)C3)CC2)CC1
C1CCC(CC2CC(C3CCCCC3)C3CCCCC23)CC1
C1CCC(CC2CC(C3CCC(CCC4CCCCC4CC4CCCC4)CC3)C3CCCCC23)CC1
C1CCC(CC2CCCC(CC3CCCC(CCC4CCC(CC5CCCC5)CC4)C3)C2)CC1
C1CCC(CC2CCC3CC(C4CC(CCC5CCC(C6CCCCC6)CC5)C5CCCCC54)CCC23)CC1
C1CCC(CC2CCC(CCC3CCC(CC4CCCCC4)CC3)CC2)CC1
C1CCC(CC2CC(CCC3CCC(C4CCCCC4)CC3)C3CCCCC23)CC1
C1CCC2CC(C3CCCCC3C3CCCC(C4CCCCC4C4CCCC4)C3)CC2C1
C1CCC(CC2CCC(C3CCC(C4CCCCC4C4CCCC4)CC3)CC2)CC1
C1CCC(CC2CCC(CC3CCCCC3)CC2)CC1
C1CCC(C2CCCC(CCC3CCC4CC(C5CCC6CCCCC65)CC(C5CCCC5)C4C3)C2)C1
C1CCC(CCCCC2CCCC(C3CCC(CC4CCCCC4)CC3)C2)CC1
C1CCC(CC2CCC(C3CC3)CC2C2CCCCC2)CC1
C1CCC(CC2CC(C3CCC(C4CCCCC4)CC3C3CCCC3)C3CCCCC23)CC1
C1CCC(CC2CCC(CCCC3CCCCC3C3CCCCC3)CC2)CC1
C1CCC(CCC2CCCC(C3CCCCC3)C2)CC1
C1CCC(CC2CCC(CC3CCC(CCCC4CCCCC4CC4CCCCC4)CC3)CC2)CC1
C1CCC(CCC2CC(C3CCCCC3)C3CCCCC23)CC1
C1CCC(CCC2CCC(CCCC3CCCC(CCC4CCCCC4)C3)CC2)CC1
C1CCC(CCC2CC(C3CCC(CC4CCCCC4)CC3)C3CCCCC23)CC1
C1CCC(CCCC2CCCC(C3CCCCC3C3CC4CCCCC4C3)C2)CC1
C1CCC(CC2CCC(C3CCCC(C4CCC(C5CCC6CCCCC6C5)CC4)C3)CC2)CC1
C1CCC(CC2CCCCC2C2CCC(CC3CCCC(C4CCC4)C3)CC2)CC1
C1CCC(CC2CCC(C3CCCC4CC(C5CCCCC5)CCC43)CC2)CC1
C1CCC(CC2CCC(C3CCCCC3CCC3CC3)CC2)CC1
C1CCC(CC2CCCCC2CC2CC3CCCCC3C2)CC1
C1CCC(CC2CCCC(CC3CCCC4CC(C5CCCCC5)CCC34)C2)CC1
C1CCC(CCC2CC(CC3CCC(C4CC4)CC3)CCC2C2CCCCC2)CC1
C1CCC(C2CCCCC2C2CCCC2CC2CCC(C3CCC4CCCCC4C3)CC2)CC1
C1CCC2CC(C3CCC(C4CCC(C5CC5)CC4C4CC5CCCCC5C4)C3)CC2C1
C1CCC(CC2CCC(C3CCCC(C4CCCC(C5CCCCC5)C4)C3)CC2)CC1
C1CCC(CCC2CCCCC2C2CCCCC2)CC1
C1CCC(C2CCCCC2C2CCCC(C3CCCC3)C2)CC1
C(CCC1CC2CCCCC2C1)CC1CCC(CCCC2CCC(C3CCCC3)CC2)CC1
C1CCC(C2CCC(CC3CCC(CCC4CCCCC4C4CCC(CC5CCC5)CC4)CC3)CC2)CC1
C1CCC(CC2CCCCC2CC2CC3CCCCC3C2)CC1
C1CCC(CC2CCC(CCCC3CC(CC4CCCCC4)C4CCCCC34)CC2)CC1
C1CCC(CCCC2CCC(CC3CCC(C4CCCCC4C4CCCCC4)CC3)CC2)CC1
C1CCC(CCCC2CCC3C(CC4CCCCC4)CC(C4CCCCC4)C3C2)CC1
C1CCC(CC2CCCC(C3CCCCC3C3CCCC3)C2)CC1
C1CCC(CC2CCCC(C3CCC(CC4CCCCC4C4CCCCC4)CC3)C2)CC1
C1CCC(C2CCC3CCCC(C4CCC(CCCC5CCCC5)C4)C3C2)CC1
C1CCC(CC2CCC(CC3CCCC(C4CCCCC4)C3)CC2)CC1
C1CCC(C2CCC(C3CCCC(C4CCC5CCCCC5C4)C3)C(C3CCCCC3)C2)CC1
C1CCC(CC2CCC(C3CC4CCCCC4C4CCCCC34)CC2)CC1
C1CCC(C2CCC(CCC3CCC(C4CCCC4)CC3CCC3CC3)C2)CC1
C1CCC(CC2CCC(CC3CCCC(C4CC(C5CCC5)CC(C5CC5)C4)C3)CC2)CC1
C1CCC(CCCC2CCC(CCC3CCCCC3)CC2)CC1
C1CCC(CC2CCC(CC3CCCCC3)CC2)CC1
C1CCC(CCCC2CCC(CC3CCCC(CC4CCCCC4)C3)CC2)CC1
C1CCC(CCCCC2CCCC(C3CCCCC3)C2)CC1
C1CCC(C2CCCC(CC3CCCC(CC4CCC(C5CCCC5)CC4)C3)C2)CC1
C1CCC(CCCC2CCCCC2C2CCCCC2)CC1
C1CCC(CCCCCC2CCC(C3CCCCC3)CC2)CC1
C1CCC(CC2CCCC(C3CCCCC3)C2)CC1
C1CCC(C2CCCCC2C2CCCCC2C2CCC3CCCC3C2)CC1
C1CCC(C2CCCCC2C2CCC3CCCCC32)CC1
C1CCC(CC2CCCCC2)CC1
C1CCC(CC2CCCCC2C2CCC3C(CCCC4CCC(C5CCCCC5)CC4)CCCC3C2)CC1
C1CCC(CC2CCC(CCC3CCC4CCCCC4C3)CC2)CC1
C1CCC(CC2CCCC(C3CCCCC3)C2)CC1
C1CCC(CC2CCCC(C3CCCCC3)C2)CC1
C1CCC(CCC2CCC(C3CCCCC3)CC2)CC1
C1CCC(CCC2CC(CCCC3CCC4CCCCC4C3)CC(C3CCCCC3)C2)CC1
C1CCC(CCC2CCC(CC3CCCCC3CC3CCCCC3)CC2)CC1
C1CCC(CC2CCC(CC3CCCCC3C3CCCCC3)CC2)CC1
C1CCC(C2CCCC(CC3CCCC(C4CCCCC4)C3)C2)CC1
C1CCC(CCCCC2CCC(CCCC3CCCCC3C3CCCCC3C3CCC4CCCC4C3)CC2)CC1
C1CCC(CC2CCC(CC3CCC(C4CCCCC4)CC3)CC2)CC1
C1CCC(CC2CCC3CC(C4CCCC(C5CCCCC5)C4)CCC23)CC1
C1CCC(CC2CCC(C3CCCCC3)CC2)CC1
C1CCC(CC2CCC(CC3CCCCC3)C(CCCC3CCCC3)C2)CC1
C1CCC(C2CCCC(CC3CCC(C4CCC(C5CCCCC5C5CC5)CC4)CC3)C2)C1
C1CCC(CC2CCCCC2C2CC(C3CCCCC3)CC(C3CCC3)C2)CC1
C1CCC(CCC2CCC(C3CCCCC3C3CCCCC3)C(C3CCCCC3)C2)CC1
C1CCC(CC2CCCC(CC3CCC(C4CC(C5CCCCC5)C4)CC3)C2)CC1
C1CCC(CC2CCC(C3CCC4CCCCC4C3)CC2)CC1
C1CCC(CC2CCC(CC3CCC(CC4CCCCC4)C(C4CCCC4)C3)CC2)CC1
C1CCC(CCCC2CCC(CC3CCC(CC4CCCCC4)CC3)CC2)CC1
C1CCC(CCC2CCCC(C3CCCCC3CCC3CC4CCCCC4C3)C2)CC1
C1CCC(CC2CCCCC2C2CC(C3CCCCC3)C3CCCCC32)CC1
C1CCC(CCC2CCCC(CC3CCCCC3C3CCCC3)C2)CC1
C1CCC(CCC2CCC3C(CC4CCCCC4)CC(C4CCCC4)C3C2)CC1
C1CCC(CCCCCC2CCC(C3CCCC(C4CCCC4)C3)CC2)CC1
C1CCC(CC2CCC(C3CCC4CCCCC43)C(C3CCCC3)C2)CC1
C1CCC(CC2CCC(C3CCCCC3)CC2)CC1
C1CCC(CC2CCCCC2CC2CC3CCCCC3C2)CC1
C1CCC(CCCCC2CCC(CCC3CCCC3)CC2CC2CC3CCCCC3C2)CC1
C1CCC(CCCC2CCCC(CCCC3CCC4CCCCC4C3)C2)CC1
C1CCC(C2CCCC(CC3CCC(C4CCC4)CC3)C2)CC1
C1CCC(C2CCC(C3CC(C4CCCCC4)CC(C4CCCCC4)C3)CC2)CC1
C1CCC(CCC2CC(C3CCCCC3)CC(C3CCCCC3)C2)CC1
C1CCC(C2CCCC(CCC3CCC4CCCCC4C3)C2)CC1
C1CCC(CC2CCC(CC3CCCC(CCCC4CCCC(C5CCCCC5)C4)C3)CC2)CC1
C1CCC(CC2CC(C3CCC3)CC(C3CCCC(C4CCCCC4)C3)C2)CC1
C1CCC(CC2CCCCC2C2CCCCC2CC2CCCCC2)CC1
C1CCC(CC2CC(C3CCCCC3)CC(C3CC3)C2)CC1
C1CCC(CCC2CCC(C3CCCC(C4CCCC4)C3)CC2)CC1
C1CCC(CCC2CCCCC2C2CCCCC2)CC1
C1CCC(C2CCCC(C3CCCCC3)C2)CC1
C1CCC(CC2CCC(C3CCCC(CC4CCCCC4)C3)CC2)CC1
C1CCC(CCC2CCC(CCC3CCC(CC4CCC5CCCCC5C4)CC3)CC2)CC1
C1CCC(CC2CCCC(C3CCCCC3CC3CC4CCCCC4C3)C2)CC1
C1CCC(C2CCCC(C3CCCC(CC4CC4)C3)C2)CC1
C1CCC(CC2CCCCC2C2CCC(C3CCCC(C4CCCCC4)C3)CC2)CC1
C1CCC(C2CCC(C3CC4CCCCC4C3)C(C3CCCCC3)C2)CC1
C1CCC(CCC2CCCC(C3CCC(CC4CCCC(C5CCCCC5)C4)CC3)C2)CC1
C1CCC(C2CCC(CCCCC3CCC(C4CCCCC4)CC3)CC2)CC1
C1CCC(CC2CCC(CC3CCC(CC4CCCCC4C4CCCCC4)CC3)C2)CC1
C1CCC(C2CCCC(CCC3CCCCC3C3CCCCC3)C2)CC1
C(CCC1CCCC(C2CCCC2)C1)CC1CCC(C2CCC3CCCCC32)CC1
C1CCC(CC2CCCC(C3CCCCC3)C2)CC1
C1CCC(C2CCC(CC3CCC4CCCCC43)CC2)CC1
C1CCC(CCCC2CCCCC2C2CCCCC2)CC1
C1CCC(CC2CCC(CC3CCC(C4CCCCC4)CC3)CC2)CC1
C1CCC(C2CCCC(CC3CCC(CC4CCC4)CC3)C2)CC1
C1CCC(CCCCCC2CCC(CC3CCCC(C4CCCCC4C4CCC4)C3)CC2)CC1
C1CCC(CC2CCCC(C3CCCC(C4CCCCC4C4CCCCC4)C3)C2)CC1
C1CCC(CC2CCC(CC3CCC(C4CCC4)C(C4CCCCC4)C3)CC2)CC1
C1CCC(CC2CCCCC2C2CCC3CCCC3C2)CC1
C1CCC(C2CCCC(CC3CCC(C4CCCCC4C4CCCCC4C4CCCC4)CC3)C2)CC1
C(CCC1CCCC1)CCC1CCC(C2CCCCC2)CC1
C1CCC2CC(C3CCCC(C4CCC5CCCCC54)C3)CCC2C1
C1CCC(CC2CCCCC2)CC1
C1CCC(CC2CCC(CC3CCC(C4CCCCC4)CC3)CC2)CC1
C1CCC(CC2CCCC(CCC3CC4CCCCC4C3)C2)CC1
C1CCC(CCC2CCC3CCCCC32)CC1
C1CCC(C2CCC(C3CCC(CC4CCCC4)CC3)CC2)CC1
C1CCC(C2CCC(C3CCC(C4CCC4)CC3)CC2)CC1
C1CCC(CC2CCC(C3CCCCC3)CC2)CC1
C1CCC(C2CCC(CC3CCC(CCC4CC5CCCCC5C4)CC3)CC2)CC1
C1CCC(CCCC(CCC2CCCCC2)CCC2CCC(CC3CCCCC3)CC2)CC1
C1CCC(C2CCC(C3CCCCC3C3CCCCC3)CC2)CC1
C1CCC(CC2CCCCC2C2CCCCC2)CC1
C1CCC(CCC2CCC(CC3CC4CCCCC4C3)CC2)CC1
C1CCC(CC2CCC(CCCC3CCC(CC4CCCCC4)CC3)CC2)CC1
C1CCC(C2CCCC(CCC3CCCC(C4CCCCC4)C3)C2)CC1
C1CCC(CC(CC2CCC(C3CCCCC3)CC2)C2CCCCC2)CC1
C1CCC(CC2CCC(CCC3CCCC(C4CCCCC4)C3)CC2)CC1
C1CCC(C2CCCC(C3CCCCC3C3CCCCC3)C2)CC1
C1CCC(CC2CCC(C3CCC(CC4CCCC(C5CCCC5)C4)CC3)CC2)CC1
C1CCC(CC2CCC(CC3CCC(C4CCCCC4)C3)CC2C2CCCCC2)CC1
C1CCC(CC2CCCCC2CC2CCCCC2CC2CC3CCCCC3C2)CC1
C1CCC(CCC2CCCC(C3CCC(C4CCC(CC5CCCCC5)CC4)CC3)C2)CC1
C1CCC(CCC2CCC(CC3CCCCC3)CC2)CC1
C1CCC(C2CCC(CCCC3CCCCC3C3CCCCC3)CC2)CC1
C1CCC(C2CCC3C(CCCC3C3CCC(C4CCCCC4C4CCC5CCCCC54)CC3)C2)CC1
C1CCC(CC2CCC(CC3CCC(CCC4CCCCC4C4CCCCC4)CC3)CC2)CC1
C1CCC(CC2CCC(CCCC3CCC(C4CCCCC4)CC3)CC2)CC1
C1CCC(C2CCC3CC(CC4CCCC(CC5CC6CCCCC6C5)C4)CCC32)CC1
C1CCC(C2CCCC(C3CCCCC3)C2)CC1
C1CCC(CC2CCC(CC3CCCCC3)CC2)CC1
C1CCC(CCC2CCCC(C3CCCC(C4CC4)C3)C2)CC1
C1CCC(CC2CCC(CCC3CCCC(C4CCCCC4C4CCCCC4)C3)CC2)CC1
C1CCC(CC2CCC(CC3CC(C4CCCCC4)C4CCCCC34)CC2)CC1
C1CCC(C2CCCCC2CCC2CCCCC2C2CCCCC2)CC1
C1CCC(CC2CCC(CC3CCCCC3)CC2)CC1
C1CCC(CCCC2CCCC(CC3CCCCC3)C2)CC1
C1CCC(CC2CCC(CC3CCCCC3)CC2)CC1
C1CCC(CCC2CCCC(C3CCC(C4CCCCC4)CC3)C2)CC1
C1CCC(C2CCCC(C3CCCCC3C3CCCCC3)C2)CC1
C1CCC(CC2CC(CC3CCCCC3)C3CCCCC23)CC1
C1CCC(CC2CCC(CC3CCC(CC4CCCC(C5CC6CCCCC6C5)C4)CC3)CC2)CC1
C1CCC(CC2CCCCC2C2CCC(C3CCCCC3)CC2)CC1
C1CCC(CC2CC(CC3CCCC(C4CCCCC4)C3)C3CCCCC23)CC1
C1CCC(CCC2CCC(C3CCCCC3C3CCCC3)CC2)CC1
C1CCC(C2CCC(CCC3CCCCC3CC3CC4CCCCC4C3)CC2)CC1
C1CCC(C2CCCC(C3CCCCC3)C2)CC1
C1CCC(C2CCC(CC3CC(C4CCCCC4)C4CCCCC34)CC2)CC1
C1CCC(CC2CC(CCC3CCCC(C4CCC5CCCCC5C4)C3)CC3CCCCC32)CC1
C1CCC(CC2CCC3C(CC4CCCCC4)CCC3C2)CC1
C1CCC(C2CCCC(CCC3CCCCC3C3CCCCC3)C2)CC1
C1CCC(CC2CCC(C3CCCCC3)CC2)CC1
C1CCC(C2CCC(C3CCC4CCCCC43)CC2)CC1
C1CCC(CC2CCCC3CC(C4CCCCC4C4CCCCC4)CCC23)CC1
C1CCC(CCC2CCC(CCCCC3CCCC(C4CCCCC4)C3)CC2)CC1
C1CCC(CCC2CCCC(CC3CCC4CCC(C5CCC6CCCC6C5)CC4C3)C2)CC1
C1CCC(CCC2CCC(CC3CCCCC3)CC2)CC1
C1CCC(C2CCCCC2CC2CCCC3CC(C4CCCCC4C4CCCCC4)CCC23)CC1
C1CCC(CCC2CCCCC2C2CCCCC2)CC1
C1CCC(C2CC(C3CCCCC3)CC(C3CCCC3)C2)CC1
C1CCC(CCC2CCC(CC3CC4CCCCC4C3)CC2)CC1
C1CCC(CCC2CCC(C3CCCCC3)CC2)CC1
C1CCC(CCCC2CCCCC2CCC2CCC(C3CCCC3)CC2)CC1
C1CCC(CC2CC(C3CC3)CC(C3CCCC(CC4CCC5CCCCC5C4)C3)C2)CC1
C1CCC(CCC2CCC(C3CCCCC3C3CCC4CCCC4C3)CC2)CC1
C1CCC(CC2CCC(CC3CC4CCCCC4C3)CC2)CC1
C1CCC(C2CCC(C3CCC(C4CCCCC4)CC3)CC2)CC1
C1CCC(CC2CCCC(C3CCCCC3CC3CCC(C4CCCCC4)CC3)C2)CC1
C1CCC(CC2CCCCC2C2CCC(C3CCCCC3)CC2)CC1
C1CCC(C2CCC(CC3CC4CCCCC4C3)CC2C2CCCC(CC3CC3)C2)CC1
C1CCC(CC2CC(CC3CCC(CC4CCC(C5CCCCC5)CC4)CC3)CCC2C2CCCCC2)CC1
C1CCC(C2CCC(C3CCCC3)CC2)CC1
C1CC(C2CCCC(C3CCC(C4CCC5CCCCC5C4)CC3)C2)C1
C1CCC(C2CCCC(C3CCCCC3)C2)CC1
C1CCC(CC2CCC(C3CCCCC3)CC2)CC1
C1CCC(CC2CCC(CCCC3CCC(CC4CCCCC4)CC3)CC2)CC1
C1CCC(CC2CCC(C3CC(CC4CCCCC4)C4CCCCC43)CC2)CC1
C1CCC(C2CCC(C3CCCCC3CC3CCCC(C4CCCC4)C3)CC2)CC1
C1CCC(CC2CCC(C3CCCCC3)CC2C2CCCCC2)CC1
C1CCC(CC2CC(C3CCCC(C4CCCCC4)C3)C3CCCCC23)CC1
C1CCC(CC2CCC(C3CCC4CCCCC43)CC2)CC1
C1CCC(CC2CCCCC2C2CCCCC2)CC1
C1CCC(CCCCC2CCCC(CCC3CCCCC3)C2)CC1
C1CCC(C2CCCC3CCC(CC4CCCC5CCCCC54)CC32)CC1
C1CCC(CC2CCCCC2C2CCC(C3CCCCC3)CC2)CC1
C1CCC2CC(CCC3CCC(CC4CCC(CC5CCC(CCC6CCC7CCCCC76)CC5)CC4)CC3)CC2C1
C1CCC(CC2CCCCC2C2CC(C3CCCC3)C3CCCCC32)CC1
C1CCC(CCC2CCC3CC(CC4CCCC(CC5CCCCC5)C4)CCC3C2)CC1
C1CCC(C2CCC(CCC3CC4CCCCC4C3)CC2)CC1
C1CCC(CC2CCCC(C3CC(CC4CCCCC4)CC(C4CCCCC4)C3)C2)CC1
C1CCC(CCCC2CCC(CC3CCCCC3)CC2)CC1
C1CCC(CCC(C2CCCCC2)C2CCCC(C3CCC(CC4CCCCC4)CC3)C2)CC1
C1CCC(C2CCCCC2C2CCC(C3CC(CCC4CC4)CCC3C3CCCCC3)C2)CC1
C1CCC(CCC2CCCC(C3CCCC(C4CCCC4)C3)C2)CC1
C1CCC(CC2CCCC(C3CCCC(CC4CCC5CCCC5C4)C3)C2)CC1
C1CCC(C2CCC(C3CCCC(CC4CC4)C3)CC2)CC1
C1CCC(CCC2CCC(CC3CCC(C4CC4)CC3)CC2)CC1
C1CCC(C2CCC3C(CCCC3C3CCCC(C4CCC(C5CCCC5)CC4)C3)C2)CC1
C1CCC(CC2CCCCC2C2CC3CCCCC3C(C3CCCCC3)C2)CC1
C1CCC(CC2CCCCC2C2CCC(CCCC3CCCC(C4CCCCC4)C3)CC2)CC1
C1CCC(CC2CCCC(C3CCCCC3)C2)CC1
C1CCC(CCC2CCC(CC3CCC(C4CCCC(C5CCCCC5)C4)CC3)CC2)CC1
C1CCC(CC2CCCC(C3CCCC(CC4CCCCC4C4CCCC4)C3)C2)CC1
C1CCC(CCC2CCCC(CCC3CCC4CCCC4C3)C2)CC1
C1CCC(CC2CCCCC2C2CCCC(CCCCC3CCC(C4CCCC4)CC3)C2)CC1
C1CCC(C2CCC(CCCC3CCCC4CC(C5CCCCC5)CCC34)CC2)CC1
C1CCC(CC2CCCC(C3CC(CC4CCCCC4)CC(C4CCC4)C3)C2)CC1
C1CCC(CCC2CCCCC2)CC1
C1CCC(CC2CCC(C3CCC(C4CCC(C5CCC6CCCCC6C5)CC4)CC3)CC2)CC1
C1CCC(C2CCC(C3CCC(CCC4CCC(C5CCCCC5C5CCCCC5)CC4)CC3)CC2)CC1
C1CCC(CC2CCC(CC3CC(C4CCCCC4)C4CCCCC34)CC2)CC1
C1CCC(C2CCCCC2C2CCCC2C2CC3CCCCC3C2)CC1
C1CCC(CC2CC(C3CCCCC3)CC(C3CCCC(C4CCCCC4)C3)C2)CC1
C1CCC(CC2CCC(C3CCCCC3)C(CC3CCCC(C4CCCC4)C3)C2)CC1
C1CCC(CC2CCCC(C3CCCCC3)C2)CC1
C1CCC(CC2CCC3CCC(C4CCCCC4)CC3C2)CC1
C1CCC(CCC2CCC(CCC3CC4CCCCC4C3)CC2)CC1
C1CCC(C2CCCC(CCCC3CCCC(C4CCCCC4)C3)C2)CC1
C1CCC(C2CCCC(C3CCCCC3C3CCCC3)C2)CC1
C1CCC(CCCC2CCC(C3CCC(C4CCCCC4)CC3)CC2)CC1
C1CCC(CC2CCC3C(CCC3CC3CCCC(CC4CCCC4)C3)C2)CC1
C1CCC(CC2CCC(CCC(C3CCCCC3)C3CCCCC3)CC2)CC1
C1CCC(CC2CCCCC2C2CCCCC2C2CCCCC2C2CCCC(C3CCC4CCCC4C3)C2)CC1
C1CCC(C2CCCC(C3CCCC(C4CCCC(CC5CCC6CCCC6C5)C4)C3)C2)CC1
C1CCC(CCCC2CCCC(C3CCCC(C4CCCCC4)C3)C2)CC1
C1CCC(CCC2CCC(CC3CCCCC3)C(CCC3CCC4CCCC4C3)C2)CC1
C1CCC(C2CCCCC2C2CCCC2)CC1
C1CCC(CCC2CCC(CCCCC3CCCCC3C3CCCCC3)CC2)CC1
C1CCC(CC2CCCCC2C2CCCCC2CC2CCCCC2C2CCC(C3CCCCC3)CC2)CC1
C1CCC(CCCCC2CCCC(C3CCCC(CCC4CCCCC4C4CCCCC4)C3)C2)CC1
C1CCC(C2CCC(C3CCC(CC4CCCC4)CC3)CC2)CC1
C1CCC(CC2CCCC(C3CCC(C4CCC5C(CCC5C5CCCCC5)C4)CC3)C2)CC1
C1CCC(CCCC2CCCCC2C2CCCCC2)CC1
C1CCC(CC2CCC(C3CCCCC3C3CCCCC3)CC2)CC1
C1CCC(CC2CCC(C3CCC(C4CCCC(CC5CCC(C6CCCCC6)C5)C4)CC3)CC2)CC1
C1CCC(C2CCCC(CCC3CCCC(CCC4CCCC(C5CC5)C4)C3)C2)CC1
C1CCC(CC2CCCC(CC3CCCCC3)C2)CC1
C1CCC(CC2CCC(CC3CCC(CC4CC4)CC3)C(CC3CCCCC3)C2)CC1
C1CCC(CCC2CC(CC3CCCC(C4CCCCC4)C3)C3CCCCC23)CC1
C1CCC(CC2CCCCC2C2CCCCC2)CC1
C1CCC(CC2CCC(CC3CCCCC3)CC2)CC1
C1CCC(C2CCCCC2)CC1
C1CCC(C2CCCCC2C2CCCCC2)CC1
C1CCC(CCCC2CCCC(C3CCCCC3)C2)CC1
C1CCC(C2CCCC(C(C3CCCC3)C3CCCC(C4CCCC4)C3)C2)C1
C1CCC(CC2CC(C3CCCC4CC(C5CCCCC5)CCC43)C3CCCCC23)CC1
C1CCC(CC2CCC(C3CCC(C4CCCCC4)CC3)CC2)CC1
C1CCC(CC2CCCC(C3CCCC4CC(C5CCCCC5CC5CCCCC5)CCC43)C2)CC1
C1CCC(CCC2CC(C3CCCCC3)CCC2C2CCCCC2)CC1
C1CCC(CC2CCC(CC3CCC4C(CCCC4CC4CC5CCCCC5C4)C3)CC2)CC1
C1CCC(CC(C2CCCC2)C2CCC(C3CCCC(CC4CC5CCCCC5C4)C3)CC2)CC1
C1CCC(CC2CCC(CC3CCCC(C4CCCCC4)C3)CC2)CC1
C1CCC(C2CCC(CCCC3CCC4CC(C5CC6CCCCC6C5)CCC4C3)CC2)CC1
C1CCC(CCCCC2CC(C3CCCCC3)C3CCCCC23)CC1
C1CCC(C2CC(C3CCCCC3)C3CCCCC23)CC1
C1CCC(CCCC2CC(C3CCCCC3)CCC2C2CCCCC2)CC1
C1CCC(CCCC2CCCC(C3CCCCC3CC3CCCCC3)C2)CC1
C1CCC(CC2CCC(C3CCCC4CCC(C5CCCCC5)CC43)CC2)CC1
C1CCC(CC2CCCCC2C2CCC3C(CCCC3C3CCCCC3)C2)CC1
C1CCC(CC2CCCC(CC3CCCCC3)C2)CC1
C1CCC(C2CCCCC2CC2CCCC(C3CCCCC3C3CCC4CCCCC43)C2)CC1
C1CCC(C2CCCC(C3CCCC(C4CCCC(C5CCCCC5)C4)C3)C2)CC1
C1CCC(CCC2CC(CC3CCCC(C4CCCCC4)C3)C3CCCCC23)CC1
C1CCC(C2CCC(C3CCC(CC4CC5CCCCC5C4)CC3)C2)CC1
C1CCC(CCC2CCC(CC3CCC(C4CCCCC4)CC3)CC2)CC1
C1CCC(CC2CCC(C3CCCCC3)C(CCC3CCCC(C4CCCCC4CC4CCCCC4)C3)C2)CC1
C1CCC(CC2CCCCC2CC2CCCC(C3CCCCC3)C2)CC1
C1CCC(CCC2CCC(C3CCCCC3)CC2)CC1
C1CCC(CCCCC2CCC(C3CCC(CC4CCCCC4)CC3)CC2)CC1
C1CCC(CCCC2CCC(C3CCCC(C4CCCCC4)C3)CC2)CC1
C1CCC(C2CCC3CCC(C4CCCCC4)CC3C2)CC1
C1CCC2C(C1)CCC2C1CC2CCCCC2C(C2CCCC2)C1
C1CCC(CC2CCCCC2)CC1
C1CCC(C2CCC(CCCC3CCC(C4CCC(CC5CCCC5)CC4)CC3)C2)CC1
C1CCC(C2CCC(CCC3CCCCC3C3CCCC3)CC2)CC1
C1CCC(CCCC2CCC(C3CCCCC3CC3CC4CCCCC4C3)CC2)CC1
C1CCC(CC2CCCC(C3CCCCC3)C2C2CCCCC2)CC1
C1CCC(CCCC2CCCCC2C2CCC(C3CCCCC3CC3CCCCC3)CC2)CC1
C1CCC(CC2CCC(CC3CCCCC3)CC2)CC1
C1CCC(C2CCCC(C3CC(C4CCC4)CC(C4CC4)C3)C2)CC1
C1CCC(CCC2CCC(C3CC(CC4CCCCC4)C4CCC(C5CC5)CC43)CC2)CC1
C1CCC(CC2CC(CCC3CCC(C4CCCC4)CC3)C3CCCCC23)CC1
C1CCC(CCC2CCC(C3CCC(C4CCCCC4)CC3)CC2)CC1
C1CCC(C2CCC(C3CCCCC3)CC2)CC1
C1CCC(C2CCCC(C3CCCCC3C3CCCCC3)C2)CC1
C1CCC(CCC2CCCC(C3CCC4CCCCC43)C2)CC1
C1CCC(CC2CCCC(C3CCC(CC4CC5CCCCC5C4)CC3)C2)CC1
C1CCC(CCC2CC(CC3CC3)CCC2C2CCCC(C3CCC3)C2)C1
C1CCC(CC2CCCCC2CC2CC3CCCCC3C2)CC1
C1CCC(CC2CCCC(CC3CC(C4CCCCC4C4CCCC4)C4CCCCC34)C2)CC1
C1CCC(CCCC2CCCC(CC3CC4CCCCC4C3)C2)CC1
C1CCC(CCC2CCC(C3CCC3)C(CCC3CCCCC3)C2)CC1
C1CCC(CC2CCC(CCC3CCC(CC4CCCCC4)CC3)CC2)CC1
C1CCC(CC2CCCC(CC3CCCCC3)C2)CC1
C1CCC(C2CCC(CC3CCCC(CCC4CCC5CCCCC54)C3)CC2)CC1
C1CCC(CC2CCC(CC3CCCC(C4CCCCC4)C3)CC2CC2CCC(C3CCCC3)CC2)CC1
C1CCC(CC2CC(CCCCCC3CCC4CCCCC4C3)C3CCCCC23)CC1
C1CCC(CCC2CCCC(CCC3CCCCC3)C2)CC1
C1CCC(C2CCC(CCCC3CCC4CCCCC43)C(C3CCCCC3)C2)CC1
C1CCC(CC2CCC(C3CCC(C4CCCC5CC(C6CCCCC6C6CC6)CCC54)C(C4CC4)C3)C2)C1
C1CCC(C2CCC(C3CCCCC3C3CCC4CCCC4C3)CC2)CC1
C1CCC(C2CCCCC2C2CCC3CCCCC32)CC1
C1CCC(CC2CCCC(C3CCC4CCC(C5CCCCC5)CC43)C2)CC1
C1CCC(C2CCCC(C3CCCCC3C3CCCCC3CC3CC3)C2)C1
C1CCC(CCC2CCCC(CC3CCCCC3)C2)CC1
C1CCC(CC2CCC(CC3CCC(C4CCCC(C5CCC6CCCC6C5)C4)CC3)CC2)CC1
C1CCC(CCC2CCC(CC3CCC(CC4CCCCC4)CC3)CC2)CC1
C1CCC(C2CCCC3CCCCC32)CC1
C1CCC(C2CCCC2C2CCCCC2C2CCC(C3CCCC3)CC2)CC1
C1CCC(C2CCCC(C3CCC(C4CCCCC4)C3)C2)CC1
C1CCC(CCC2CCC3C(C4CCCC4)CC(C4CCCC(CC5CCCCC5)C4)C3C2)CC1
C1CCC(C2CCCCC2CC2CCC3CCCC3C2)CC1
C1CCC(C2CCC(CC3CCCC(CC4CCCC(C5CCCCC5)C4)C3)CC2)CC1
C1CCC(CC2CCCC(CCC3CCCC(CC4CCC4)C3)C2)CC1
C1CCC(CCC2CCC(C3CCCC(C4CCCCC4)C3)CC2)CC1
C1CCC(C2CCC(CC3CCC(C4CCC(C5CCCCC5)CC4)CC3)CC2)CC1
C1CCC(CC2CCC3C(CCC3C3CC4CCCCC4C(CC4CCCCC4)C3)C2)CC1
C1CCC(C2CCCC(C3CCCCC3)C2)CC1
C1CCC(CC2CCC(C3CCCC(CC4CCCCC4)C3)CC2)CC1
C1CCC(CC2CCCC(C3CCCC3)C2CC2CC3CCCCC3C2)CC1
C1CCC(C2CCCC(C3CCCCC3C3CCCCC3)C2)CC1
C1CCC(CCCC2CCC(CCCC3CC4CCC(CC5CCCCC5)CC4C3)CC2)CC1
C1CCC(C2CCC3C(CCCC3C3CCCCC3)C2)CC1
C1CCC(CC2CCCCC2C2CCCCC2)CC1
C1CCC(CCCCC2CCCC(C3CCC(C4CCCC4)CC3)C2)CC1
C1CCC(C2CCCCC2C2CCCC2)CC1
C1CCC(C2CCC(CC3CCCC(C4CCCCC4)C3)CC2)CC1
C1CCC(C2CCCC(CCC3CCC4CCCCC43)C2)CC1
C1CCC(C2CCC(C3CCC(CC4CC4)CC3)CC2)CC1
C1CCC(C2CCCC(CC3CCCCC3C3CCCCC3)C2)CC1
C1CCC(CC2CCC(CCC3CC4CCCCC4C3)CC2)CC1
C1CCC(CCCCCC2CCCC(CCC3CCCCC3)C2)CC1
C1CCC(C2CCCC(C3CCC4C(CCCC4C4CCCCC4)C3)C2)CC1
C1CCC(CC2CCC(C3CCCC3C3CCCCC3)CC2)CC1
C1CCC(CCC2CCCC(C3CCCCC3)C2)CC1
C1CCC(CCC2CC(CC3CCCCC3)CCC2CC2CCCCC2)CC1
C1CCC(CCC2CCC(C3CCCC(C4CCCCC4)C3)CC2)CC1
C1CCC(CCC2CCC(CC3CCC(CCC4CC4)CC3)CC2)CC1
C1CCC(C2CCCC(CC3CCC(CC4CCC5CCCC5C4)CC3)C2)CC1
C1CCC(CC2CCCC(C3CCC(CC4CC5CCCCC5C4)CC3)C2)CC1
C1CCC(CCC2CCC(C3CCCCC3)CC2)CC1
C1CCC(C2CCCC(CC3CCCC3)C2)CC1
C1CCC(CCCC2CCC(C3CCCC(CC4CCCCC4)C3)C(CC3CCCCC3)C2)CC1
C1CCC(C2CCCC(CC3CCCC(C4CC5CCCCC5C4)C3)C2)CC1
C1CCC(CC2CCC(C3CCC(C4CCCCC4)CC3)C2)CC1
C1CCC(C2CCCC(C3CCCC(C4CCCCC4)C3)C2)CC1
C1CCC(CC2CCCC(C3CCCCC3)C2)CC1
C1CCC(C2CCC(C3CCCCC3)CC2)CC1
C1CCC(CCC2CCC(CC3CCCCC3)C(C3CCCCC3)C2)CC1
C1CCC(C2CCCC(C3CCCC(CC4CCC(CC5CCC6CCCCC65)CC4)C3)C2)C1
C1CCC(CC2CCC(C3CC4CCCCC4C3)CC2)CC1
C1CCC(C2CCCCC2CCC2CCC(CC3CCCCC3C3CCCCC3)CC2)CC1
C1CCC(C2CCCC(CCC3CCC(CCC4CCCC4)CC3)C2)CC1
C1CCC(CCC2CCCC(CC3CCCCC3CC3CCCCC3)C2)CC1
C1CCC(CCCCCC2CCC(CCC3CCCCC3)CC2)CC1
C1CCC(C2CCCC(C(C3CCCCC3)C3CCCCC3)C2)CC1
C1CCC(CC2CCC3CCC(C4CCCCC4CC4CCCC4)CC3C2)CC1
C1CCC(C2CCC(C3CCCC3)C(C3CCCCC3)C2)CC1
C1CCC(CCC2CC(CC3CCCCC3)CCC2CC2CC3CCCCC3C2)CC1
C1CCC(C2CCC(C3CCC(C4CCCC(C5CC5)C4)CC3C3CCCCC3)CC2)CC1
C1CCC(C2CCC(C3CCCCC3)CC2)CC1
C1CCC(CCC2CCCC(CC3CCCCC3)C2)CC1
C1CCC(C2CCC(CC3CCC(C4CCC5CCCCC5C4)CC3)CC2)CC1
C1CCC(CC2CCC(C3CCCCC3)CC2)CC1
C1CCC(CC2CCCCC2C2CCCCC2)CC1
C1CCC(CCC(C2CCCCC2)C2CCCCC2)CC1
C1CCC(CC2CCCCC2)CC1
C1CCC(CCC2CCC(CC3CCC(CC4CCCCC4)CC3)CC2)CC1
C1CCC(CCC2CCCC(C3CCCCC3C3CCCCC3)C2)CC1
C1CCC(CC2CCCC(C3CCCC(C4CCCCC4)C3)C2)CC1
C1CCC(CCC2CCCC(CC3CCCCC3)C2)CC1
C1CCC(C2CCCCC2C2CCC(CC3CCCC(CCC4CCC5CCCCC54)C3)CC2)CC1
C1CCC(C2CC3CCCCC3C(C3CCCCC3)C2)CC1
C1CCC(C2CC3CCCCC3C(C3CCCCC3)C2)CC1
C1CCC(CC(C2CCCCC2)C2CCCC(C3CCC(C4CCCC4)CC3)C2)CC1
C1CCC(CC(C2CC2)C2CCCC(C3CCCC(C4CCCCC4)C3C3CC3)C2)CC1
C1CCC(CCCC2CCC(C3CCC3)CC2)CC1
C1CCC(C2CCCCC2C2CCC3C(CCCC3C3CCCCC3)C2)CC1
C1CCC(C2CCCC(CC3CCC4CCCCC4C3)C2)CC1
C1CCC(CC2CCCCC2)CC1
C1CCC(C2CCC(C3CCC4C(C5CCCCC5)CC(C5CCCCC5)C4C3)CC2)CC1
C1CCC(C2CCC(C3CCC4CCCCC43)CC2)CC1
C1CCC(CCCC2CCCC(CC3CCC(C4CCCC4)CC3)C2)CC1
C1CCC(CCCC2CCCC(CC3CC(C4CCCCC4)C4CCCCC34)C2)CC1
C1CCC(CC2CCC(CC3CCC(C4CCCCC4)C3)CC2)CC1
C1CCC(C2CCC(CC3CCC(C4CCC4)C(C4CCCCC4)C3)CC2)CC1
C1CCC(C2CCC(C3CCCC(C4CCC(CC5CCCC5)CC4)C3)CC2)CC1
C1CCC(CC2CCC(C3CCCC(CCC4CCC4)C3)CC2)CC1
C1CCC(CCC2CCCCC2CC2CCC(C3CCC3)CC2)CC1
C1CCC(CC2CCC(C3CCCCC3)C(CC3CCCCC3)C2)CC1
C1CCC(CC2CCCC(CC3CCCC(C4CCCCC4)C3)C2)CC1
C1CCC(CC2CCC(C3CC(C4CCCC4)CCC3C3CCCCC3)C2)CC1
C1CCC(CC2CCC(C3CCCCC3C3CCCCC3)CC2)CC1
C1CCC(CCCCCC2CCC3CCCC3C2)CC1
C1CCC(CC2CCCCC2C2CCCCC2C2CCCC(C3CCCCC3)C2)CC1
C1CCC(CC2CCCC(C3CCC(C4CCCC(C5CCCCC5)C4)CC3)C2)CC1
C1CCC(CC2CCCC(CCC3CCCCC3C3CCCCC3)C2)CC1
C1CCC(CC2CCCC(CC3CCC(C4CCCCC4)C(C4CCCC4)C3)C2)CC1
C1CCC(CCCCCC2CCCC(C3CCCCC3)C2)CC1
C1CCC(C2CCC(C3CCC(C4CCC5CCCC5C4)CC3)CC2)CC1
C1CCC(C2CCCC(C3CCCCC3C3CCCCC3)C2)CC1
C1CCC(CC2CCC(CC(CCC3CCC4CCCCC43)C3CCCC(C4CCCC4)C3)CC2)CC1
C1CCC(CCC2CCCCC2C2CCCC3CC(C4CCCCC4)CCC32)CC1
C1CCC(C2CC3CCCCC3C(C3CCCCC3)C2)CC1
C1CCC(CC2CCCC(CCCC3CCCC(CC4CCCCC4)C3)C2)CC1
C1CCC(CCC2CC(CC3CCCCC3)C3CCCCC23)CC1
C1CCC(CCC2CCCC(CC3CCCCC3)C2)CC1
C1CCC(CCCC2CCCCC2)CC1
C1CCC(CC2CCC(CCC3CCC(C4CCCCC4)CC3)CC2)CC1
C1CCC(C2CCC(C3CCC4CCCC4C3)CC2C2CCCCC2)CC1
C1CCC(C2CCC(CC3CCCC(CCCC4CCC4)C3)CC2)CC1
C1CCC(C2CCCC(C3CCC(C4CCCC4)CC3)C2)CC1
C1CCC(CCC2CCCCC2C2CCCC(C3CCCCC3)C2)CC1
C1CCC(CCC2CCCCC2CCC2CCCCC2)CC1
C1CCC(C2CCC(C3CCCC3)C(CCC3CCC4CCCCC4C3)C2)CC1
C1CCC(CC2CCCC(CC3CCCC(CCCC4CCC(C5CCCCC5)CC4)C3)C2)CC1
C1CCC(C2CCCC(C3CCC(CCCC4CCC(C5CCCC5)CC4)CC3)C2)CC1
C1CCC(C2CCCC(C3CCC4CC(C5CCC6CCCCC65)CCC4C3)C2)CC1
C1CCC(CCCCC2CCC(C3CCCC(C4CCC4)C3)CC2)CC1
C1CCC(CC2CCCCC2)CC1
C1CCC(C2CCC(CCC3CCC(C4CCCCC4)CC3)CC2)CC1
C1CCC(CC2CC3CCC(CCCC4CC4)CC3C(C3CCCCC3)C2)CC1
C1CCC(CCC2CCCCC2CCC2CCCCC2)CC1
C1CCC(C2CCCC3CC(C4CCCC5CCCCC54)CCC32)CC1
C1CCC(CCCCC2CCCC(CC3CCCCC3)C2)CC1
C1CCC(CC2CCCC(C3CCCCC3)C2)CC1
C1CCC(CC2CCC3CCCC3C2)CC1
C1CCC(CC2CCC(C3CCC(CC4CC4)CC3)CC2C2CCCCC2)CC1
C1CCC(CC2CCC(CC3CCC(C4CCCCC4)CC3)CC2)CC1
C1CCC(CCCCC2CC(CC3CCCCC3)CCC2CC2CC3CCCCC3C2)CC1
C1CCC(C2CCCC(C3CCC(CC(C4CCCCC4)C4CCCCC4)CC3)C2)CC1
C1CCC(C2CCC(CC3CCC(CC4CCCC(C5CCCCC5)C4)CC3)CC2)CC1
C1CCC(C2CCC(C3CCC4CCCCC43)CC2)CC1
C1CCC(CC2CCC(C3CCC(C4CCC4)C(CC4CCCCC4)C3)CC2)CC1
C1CCC(C2CCC(C3CCCCC3C3CCCCC3)CC2)CC1
C1CCC(CCC2CCCC(C3CCC(CC4CCCCC4)CC3)C2)CC1
C1CCC(C2CCCC(CCC3CCCCC3C3CCCCC3)C2)CC1
C1CCC(CCC2CCC(CC3CCCCC3)CC2)CC1
C1CCC(CC2CCC(C3CCCC(C4CCCCC4)C3)CC2)CC1
C1CCC(CC2CCC(CCC3CCC3)CC2)CC1
C1CCC(C2CCC(C3CCCC(C4CCCCC4)C3)CC2)CC1
C1CCC(CC2CCCCC2C2CCCCC2)CC1
C1CCC(CCC2CCC3C(C4CCCC4)CC(C4CCCCC4)C3C2)CC1
C1CCC(C2CCC3CCC(C4CCC(CCC5CC6CCCCC6C5)CC4)C3C2)CC1
C1CCC(C2CCC(CC3CCC(C4CCCC(CC5CC6CCCCC6C5)C4)CC3)CC2)CC1
C1CCC(CCC2CCC(C3CCCC(C4CCCC4)C3)CC2)CC1
C1CCC(CC2CCC(CCC3CCC(CC4CCCCC4)CC3)CC2)CC1
C1CCC(CC2CCC(CC3CCCCC3)CC2)CC1
C1CCC(C2CCC(C3CCCCC3C3CCCC3)C2)CC1
C1CCC(CC2CCC(CCC3CC4CCCC(C5CCCCC5)C4C3)CC2)CC1
C1CCC(CC(C2CCCCC2)C2CCCC(C3CCC(C4CCC5CCCCC54)CC3)C2)CC1
C1CCC(CC2CCC(C3CCCCC3)CC2)CC1
C(CCCC1CCCC1C1CCCCC1)CCC1CCCC1
C1CCC(CC2CCCCC2C2CCCCC2)CC1
C1CCC(CC2CC(CC3CC3)CC(C3CCCC(C4CCCCC4)C3)C2)CC1
C1CCC(C2CCC(CC3CCC(C4CCC(CCC5CCCC5)CC4)CC3C3CCC4CCCCC43)C2)CC1
C1CCC(C2CCCC(C3CCCC(C4CCCCC4)C3)C2)CC1
C1CCC(CC2CCC(C3CCCCC3C3CC(CC4CCCCC4)C4CCCCC43)CC2)CC1
C1CCC(CC2CCC(CC3CCC(C4CCCC4)CC3)CC2)CC1
C1CCC(C2CCC(C3CCCCC3C3CCCCC3)CC2)CC1
C1CCC(CC2CCC(CCCC3CCC(CC4CCCCC4)CC3)CC2)CC1
C1CCC(CC2CCC(CCC3CCC(CC4CCCCC4)CC3)CC2)CC1
C1CCC(C2CCCC(C3CCCC(C4CCCCC4)C3)C2)CC1
C1CCC(C2CCCC(CC3CCC(C4CC4)CC3)C2)CC1
C1CCC(CCC2CC(C3CCCCC3)C3CCCCC23)CC1
C1CCC(C2CCC(C3CCC(CC4CCC(C5CCCC5)CC4)CC3)CC2)CC1
C1CCC(CC2CCCC(C3CCC(C4CCCCC4)CC3C3CCCC3)C2)CC1
C1CC2CCC(C3CCC(CC4CCC(CC5CCC6CCCCC65)CC4)CC3)CC2C1
C1CCC(CCC2CCCCC2CC2CCCC3CC(C4CCCCC4)CC23)CC1
C1CCC(CCC2CC(CC3CCCC3)CC(CC3CCC3)C2)CC1
C1CCC(CC2CCC(CC3CCC(CC4CCC(C5CCCCC5)CC4)CC3C3CCCCC3)CC2)CC1
C1CCC(CCC2CCC(C3CCCCC3)CC2)CC1
C1CCC(C2CCC(CC3CCC4C(CCC4C4CCCCC4)C3)CC2)CC1
C1CCC(CC2CC(C3CCCCC3)C3CCCCC23)CC1
C1CCC(CC2CCC(CC3CCC(C4CCCCC4)C3)CC2)CC1
C1CCC(C2CCCCC2C2CCCC(CC3CCCC3)C2)CC1
C1CCC(CC2CCCCC2C2CCC3CCC(CC4CCC(C5CCCCC5)CC4)CC3C2)CC1
C1CCC(CCC2CCC(C3CCCC(C4CCCC4)C3)CC2)CC1
C1CCC(C2CCC(CCC3CCC(C4CCC(C5CC6CCCCC6C5)C4)C(C4CC5CCCCC5C4)C3)CC2)C1
C1CCC(C2CCC(CC3CCCC3)CC2)CC1
C1CCC(CCC2CCCC(CCCC3CCC(CC4CCC(C5CCCCC5)CC4)CC3)C2)CC1
C1CCC(CC2CCCCC2C2CCC3CCCCC3C2)CC1
C1CCC(CCCC2CC(C3CCCC3)CC(C3CCCC(CC4CCCCC4)C3)C2)CC1
C1CCC(CCCC2CCCC(CC3CCCC(C4CCCCC4)C3)C2)CC1
C1CCC(CC2CCCCC2C2CCCCC2C2CCC3CCCC3C2)CC1
C1CCC(CCC2CCC(CC3CCCC(C4CCCCC4)C3)CC2)CC1
C1CCC(C2CCC(C3CCCCC3C3CCCCC3)C2)CC1
C1CCC(CC2CCCCC2C2CCCCC2)CC1
C1CCC(CCC2CCC(CC3CCCCC3)CC2)CC1
C1CCC(C2CC(CCCC3CCCC3)CC(C3CCCCC3)C2)CC1
C1CCC(CC2CCCCC2C2CCCC(C3CCCCC3)C2)CC1
C1CCC(CC2CCC(C3CCCC3)C(C3CCC4CCCC4C3)C2)CC1
C1CCC(CCC2CCC(CCC3CCCCC3)CC2)CC1
C1CCC(C2CCCC(C3CC(CC4CCC5CCCCC54)CC(C4CCCC4)C3)C2)CC1
C1CCC(C2CCCC(C3CCCCC3)C2)CC1
C1CCC(CCCCC2CCC(C3CCCC(C4CCC5CCCC5C4)C3)CC2)CC1
C1CCC(CC2CCCCC2C2CCC(C3CCCCC3)CC2)CC1
C1CCC(C2CCCCC2C2CCCC(CCC3CCC(C4CCC4)CC3)C2)CC1
C1CCC(CC2CCC(CC3CCC(C4CCCCC4)CC3)CC2)CC1
C1CCC(CCC2CCC(CC3CC(C4CCCCC4)C4CCCCC34)CC2)CC1
C1CCC(C2CCCCC2CCC2CCC(CC3CCC4CCCCC43)CC2)C1
C1CCC(C2CCC(C3CCCCC3)C(C3CCCC3)C2)CC1
C1CCC(CC2CCC(CCC3CC(CC4CCCCC4)CCC3C3CCCCC3)CC2)CC1
C1CCC(CC2CCC(CC3CCCC(C4CCCCC4)C3)CC2)CC1
C1CCC(C2CCCCC2C2CCC(C3CCCC3)CC2C2CCCC2)CC1
C1CCC(CCC2CCC(C3CCCCC3)CC2)CC1
C1CCC(CC2CCCC(C3CC(C4CCCCC4)CC(C4CCCCC4)C3)C2)CC1
C1CCC(C2CC(C3CCCCC3C3CCCC3)C3CCCCC23)CC1
C1CCC(C2CCCCC2C2CCC2)CC1
C1CCC(C2CCCCC2CCC2CC3CCCCC3C2)CC1
C1CCC(C2CCCC(C3CCCCC3)C2)CC1
C1CCC(C2CCC(CC3CCCC3)CC2)CC1
C1CCC(CC2CCCC(C3CCC(CC4CCCCC4)C3)C2)CC1
C1CCC(CC2CCC(CCC3CCC(CC4CCCCC4)CC3)CC2)CC1
C1CCC(CC2CCC(CC3CCCCC3)CC2)CC1
C1CCC(CC2CCC(CC3CCC(C4CCC(C5CCCCC5)CC4)CC3C3CCCC3)CC2)CC1
C1CCC(C2CCC(CCCC3CCC4CCCCC4C3)CC2)CC1
C1CCC(CCC2CCCC(C3CCCC(C4CCCCC4)C3)C2)CC1
C1CCC(C2CCC(CC3CCCC3)C(C3CCCCC3)C2)CC1
C1CCC(CC2CCCCC2C2CCCCC2)CC1
C1CCC(C2CCCC(CC3CC(CCC4CCC5CCCC5C4)C4CCCCC34)C2)CC1
C1CCC(C2CCCC(CCC3CCCCC3C3CCCCC3)C2)CC1
C1CCC(CCC2CCC(C3CCCCC3)CC2)CC1
C1CCC(CC2CCCC(C3CCC(CC4CCC(C5CCCCC5)CC4)CC3)C2)CC1
C1CCC(CC2CCC(CCC3CC(C4CCCCC4C4CCCC4)C4CCCCC34)CC2)CC1
C1CCC(CC2CCC(C3CCCCC3)CC2)CC1
C1CCC(C2CCCC(CCC3CCC(C4CCC5CCCCC54)CC3)C2)CC1
C1CCC(CCC2CCC(CCC3CCC(C4CCC4)CC3)CC2)CC1
C1CCC(CCC2CCCC(C3CCCC(CC4CCCCC4)C3)C2)CC1
C1CC(C2CCC(C3CCCC(CCC4CCCC(C5CCC5)C4)C3)CC2)C1
C1CCC(CC2CC(C3CCCCC3)C3CC(C4CCCC4)CCC23)CC1
C1CCC(C2CCC(CCCC3CC4CCCCC4C3)CC2)CC1
C1CCC(CC2CC(C3CCC4CCCC4C3)CC3CC(C4CCCCC4)CCC23)CC1
C1CCC(CCC2CCC(C3CCCCC3)CC2)CC1
C1CCC(CCC2CCCC(C3CCC(C4CCC4)CC3)C2)CC1
C1CCC(CCC2CCC3C(C4CCCCC4)CC(C4CCCCC4)C3C2)CC1
C(CCCC1CCC2CCCC2C1)CCC1CCC(C2CCCCC2)CC1
C1CCC(CCC2CCCC(C3CCCC(C4CC5CCCCC5C4)C3)C2)CC1
C1CCC(C2CCCCC2C2CCC3CCCCC32)CC1
C1CCC(C2CCCCC2)CC1
C1CCC(CCCCC2CCC(CC3CCCCC3)CC2)CC1
C1CCC(CC2CCCC(C3CCCCC3)C2)CC1
C1CCC(C2CCCC(CC3CC(C4CCC4)CCC3C3CCCCC3)C2)CC1
C1CCC(C2CCC(CC3CCC4CCCCC43)CC2)CC1
C1CCC(CCC2CCC(CC3CCCCC3C3CCCC3)CC2)CC1
C1CCC(C2CCC(C3CCCC(C4CCCCC4)C3)CC2)CC1
C1CCC(CCC2CCCC(C3CCCCC3)C2)CC1
C1CCC(CC2CCC(C3CCCCC3)CC2)CC1
C1CCC(CCC2CCCCC2C2CCC3CCCCC3C2)CC1
C1CCC(CC2CCCCC2CC2CCC(CCC3CCC3)CC2)CC1
C1CCC(CCCCC2CCCC(CC3CCC(C4CC4)CC3C3CCC4CCCC4C3)C2)CC1
C1CCC(CCC2CCC(CC3CCCCC3)CC2)CC1
C1CCC(CCC2CCC(CC3CCC(CC4CCCCC4)CC3)CC2)CC1
C1CCC(CCCC2CCCCC2CC2CCC(CC3CCC(C4CCCC4)CC3)CC2)CC1
C1CCC(CC2CCC(C3CCC4CCCCC4C3)CC2)CC1
C1CCC(CC2CC(C3CC3)CCC2C2CCCCC2)CC1
C1CCC(CCC2CCC(C3CCC(CC4CCCCC4)CC3)CC2)CC1
C1CCC(C2CCC(C(C3CCCCC3)C3CCCC3)CC2)CC1
C1CCC(C2CCCC(C3CCC(C4CCC(C5CCCC(C6CCCCC6)C5)CC4)CC3)C2)CC1
C1CC(CC2CC(C3CCC4CCCCC43)CC3CCCCC32)CC(C2CC2)C1
C1CCC(CC2CCC(CC3CCCCC3)CC2)CC1
C1CCC(CCCC2CCC(CC3CCCCC3)CC2)CC1
C1CCC2C(C1)CCCC2CC1CCC2C(CCC2C2CCCC2)C1
C1CCC(CCCC2CCC(CCC3CCC(C4CCCC4)CC3)CC2)CC1
C1CCC(C2CCCCC2C2CCCCC2)CC1
C1CCC(C2CCC(CCC3CC4CCCCC4C3)CC2)C1
C1CCC(CCC2CCCC(C3CCCCC3C3CCC4CCCC(C5CCCCC5)C4C3)C2)CC1
C1CCC(CC2CC3CCCC(C4CCCC(C5CCCCC5)C4)C3C2)CC1
C1CCC(CCC2CCC(CCC3CCCCC3)C(CCC3CCCCC3)C2)CC1
C1CCC(C2CCCC(C3CCC(CC4CCC5CCCCC54)CC3)C2)CC1
C1CCC(CCCCC2CCCCC2CC2CCCCC2)CC1
C1CCC(C2CCCC(CC3CCCC(C4CCC(CCC5CCCC5)CC4)C3)C2)CC1
C1CCC(C2CCC3C(CCCC3C3CCC4CCCCC43)C2)CC1
C1CCC(C2CCC(CC3CCC(C4CCCC4)CC3)C(C3CCCCC3)C2)CC1
C1CCC(CC2CCC(C3CCCCC3CC3CCCCC3)CC2)CC1
C1CCC(CCCC2CCC(CCC3CCC(C4CC4C4CCCCC4)CC3)CC2)CC1
C1CCC(CC2CCC(CC3CCCC(C4CCCC(C5CCCCC5)C4)C3)CC2)CC1
C1CCC(CCCC2CCC(CCC3CCCCC3)CC2)CC1
C1CCC(C2CCCCC2C2CCC3CCCC3C2)CC1
C1CCC(CC(CC2CCCCC2)C2CCCC(CCC3CCCCC3C3CCCCC3)C2)CC1
C1CCC(CCC2CCC(CC3CCCCC3)CC2)CC1
C1CCC(CC2CCC(C3CCCCC3)CC2)CC1
C1CCC(CCCCCC2CCC(C3CCCCC3)CC2)CC1
C(CCC1CCC2CCCCC2C1)CCC1CCCC(C2CCCC(C3CCCCC3)C2)C1
C1CCC(CC2CCC(C3CCCC(C(C4CCCCC4)C4CCCC4)C3)CC2)CC1
C1CCC(C2CCC(CC3CCC(C4CCCC(C5CCC(C6CC6)CC5)C4)CC3)CC2)CC1
C1CCC(CCCCC2CCC(CC3CCCC(C4CCCCC4)C3)CC2)CC1
C1CCC(CCC2CCCCC2C2CCCC(C3CCCCC3C3CCC4CCCC4C3)C2)CC1
C1CCC(C2CCC(CCC3CCCCC3C3CCC4C(CCCC4C4CCCCC4)C3)CC2)CC1
C1CCC(CCC2CCC(C3CCC(C4CCCCC4)CC3)CC2)CC1
C1CCC(CCC2CCCC(C3CCCCC3)C2)CC1
C1CCC(C2CCCC3CCC(C4CCC5CCCC5C4)CC32)CC1
C1CCC(CC2CCC(CC3CCCC(C4CCCCC4)C3)CC2)CC1
C1CCC(CCC2CCC3CCCCC3C2)CC1
C1CCC(C2CCC(C3CCCC(CCC4CCCC(C5CC6CCCCC6C5)C4)C3)CC2)C1
C1CCC(CCC2CCC(CC3CCCC(C4CCCCC4)C3)CC2)CC1
C1CCC(CCCCC2CCC(CCCC3CCCCC3)CC2)CC1
C1CCC(CCCC2CCC(C3CCCCC3C3CCCCC3)CC2)CC1
C1CCC(C2CCC(CCC3CC(C4CCCCC4)CC(C4CCCC4)C3)CC2)CC1
C1CCC(C2CCCC(CC3CCCCC3C3CCC(C4CCCCC4)C4CCCC43)C2)CC1
C1CCC(CCCC2CCCC(C3CCCC3)C2)CC1
C1CCC(CC2CCC(C3CCCCC3C3CCC(C4CCCCC4)CC3C3CCC4CCCC4C3)CC2)CC1
C1CCC(CCC2CCCCC2C2CC(C3CCCCC3)C3CC(C4CCCCC4)CCC32)CC1
C1CCC(CC2CCCC(CC3CC3)C2)CC1
C1CCC(CC2CCCC(C3CCCCC3)C2)CC1
C1CCC(CCCC2CCCCC2C2CCC(CC3CCCCC3)CC2)CC1
C1CCC(CCC2CCCCC2C2CCC3CCCCC3C2)CC1
C1CCC(CCCC2CCC(CCC3CCC(C4CCCCC4)CC3)CC2)CC1
C1CCC(CC2CCC(C3CCCCC3C3CCCC3)CC2)CC1
C1CCC(CCCCC2CCC(C3CCCCC3)CC2)CC1
C1CCC(CC2CC(C3CCC(C4CCCCC4)CC3)C3CCCCC23)CC1
C1CCC(CCCCC2CCC(C3CCCCC3)CC2)CC1
C1CCC(CCC2CCC(CC3CCC(C4CCC(C5CCCCC5)CC4)CC3)CC2)CC1
C1CCC(CC2CCC(C3CCC(C4CCCCC4)C(C4CCCCC4)C3)CC2)CC1
C1CCC(C2CCCC(C3CCCC(C4CC4)C3)C2)CC1
C1CCC(C2CCCC(CCC3CCC(CC4CCC(CC5CC6CCCCC6C5)CC4)CC3)C2)CC1
C1CCC(CC2CCCCC2CCC2CCC3CCCC3C2)CC1
C1CCC(C2CCCCC2CC2CCC3CCCC(C4CCCCC4)C3C2)CC1
C1CCC(C2CCCCC2C2CCCCC2)CC1
C1CCC(CCC2CCCC(CC3CCCCC3)C2)CC1
C1CCC(CC2CCC(C3CCC(C4CCCCC4)C3)CC2)CC1
C1CCC(C2CCC(CC3CCCC(CCCC4CCC5CCCCC5C4)C3)CC2)CC1
C1CCC(CC2CCCCC2)CC1
C1CCC(CCCCCC2CCC(C3CCC(CC4CCCCC4)CC3)CC2)CC1
C1CCC(CC2CCC(C3CCCCC3)CC2)CC1
C1CCC(CC2CCCCC2)CC1
C1CCC(CC2CCCCC2C2CCCCC2C2CCCCC2)CC1
C1CCC(CCCC2CCC(CC3CCCCC3)CC2)CC1
C1CCC(CC2CCC(C3CCCC3CC3CCCCC3)CC2)CC1
C1CCC(C2CCCC2C2CCC(CC3CCC4C(CCCC4C4CCC5CCCCC54)C3)CC2)CC1
C1CCC(CC2CCCCC2)CC1
C1CCC(CCC2CCCC(CC3CCCC4CC(C5CCCCC5)CCC34)C2)CC1
C1CCC(CC2CCCC(C3CCCCC3)C2)CC1
C1CCC(CC2CCC(C3CCCCC3CC3CCCCC3)CC2)CC1
C1CCC(C2CC(CCCC3CCCC4CCCCC43)C3CCCCC32)CC1
C1CCC(CC2CCC(CC3CCCC(C4CCCCC4)C3)CC2)CC1
C1CCC(CC2CCCCC2C2CCC3CCCC3C2)CC1
C1CCC(C2CCC(C3CCC(C4CCCCC4)CC3)CC2)CC1
C1CCC(CCCC2CCC(C3CCCCC3)CC2)CC1
C1CCC(C2CCCC(C3CCC(C4CCCCC4)C3)C2)CC1
C1CCC(CCCCC2CCC(CC3CCCCC3)CC2C2CCCC2)CC1
C1CCC(C2CCC3C(CCCC3C3CCCCC3C3CCCC3)C2)CC1
C1CCC(C2CCC(C3CCC4CCCCC43)CC2)CC1
C1CCC(C2CCC(C3CCCCC3)C(C3CCCC3)C2)CC1
C1CCC(CCCC2CCC3C(CC4CCCCC4)CCC3C2)CC1
C1CCC(C2CCC(C3CCCCC3C3CCC(C4CCCC(CC5CC6CCCCC6C5)C4)CC3)CC2)CC1
C1CCC(CC2CCCCC2C2CCC3CCCCC3C2)CC1
C1CCC(CC2CCCC(C3CCCCC3C3CCCCC3)C2)CC1
C1CCC(CC2CCCCC2C2CCC(C3CCCC(C4CCCCC4)C3)CC2)CC1
C1CCC(CCC2CC(C3CCCCC3)CC(C3CCCCC3)C2)CC1
C1CCC(CC2CCCC(C3CCCC(CCC4CCCC4)C3)C2)CC1
C1CCC(C2CCCC(C3CCCCC3)C2)CC1
C1CCC(C2CCCC(CC3CCC4CCCC4C3)C2)CC1
C1CCC(CCCCC2CCC(CC3CCC(C4CCCCC4C4CCCCC4)CC3)CC2)CC1
C1CCC(CCC2CCC(C3CCCCC3CC3CCCCC3)C(C3CCCC3)C2)CC1
C1CCC(CC2CCCCC2)CC1
C1CCC(C2CCCC(CC3CCCC4CC(C5CCCCC5)CCC34)C2)CC1
C1CCC(C(CCC2CCC3C(CCC3C3CCCCC3)C2)C2CCCCC2)CC1
C1CC(C2CCC(CCC3CCCC(C4CCCCC4C4CCC(C5CCCC5)CC4)C3)CC2)C1
C1CCC(CC2CCCCC2C2CCCCC2C2CCCCC2)CC1
C1CCC(CC2CCCCC2C2CCC3CC(C4CCC5CCCCC54)CCC32)CC1
C1CCC(C2CCC(CCC3CCCC(C4CCCCC4)C3)CC2)CC1
C1CCC(CC2CCCC(CC3CCC(C4CCCCC4)CC3)C2)CC1
C1CCC(CCCC2CCCC(C3CCC(CCC4CCCCC4)CC3)C2)CC1
C1CCC(CC2CCC(C3CCCCC3)CC2)CC1
C1CCC(C2CCCC(CC3CCCC(CC4CCC(C5CCC5)CC4)C3)C2)CC1
C1CCC(CC2CCC(CC3CCC(C4CCC5CCCCC54)CC3)CC2)CC1
C1CCC(CC2CCCCC2CCCC2CCCC(C3CCC4CCCC4C3)C2)CC1
C1CCC(CCCCC2CCC(C3CCCC(C4CCCC(C5CCCC5)C4)C3)CC2)CC1
C1CCC(C2CCC(C3CCCC3)CC2)CC1
C1CCC(CCC2CCCC(C3CCCCC3)C2)CC1
C1CCC(CC2CCC(C3CCCCC3)CC2)CC1
C1CCC(CC2CCC(CC3CCC(CC4CCCCC4)CC3)CC2)CC1
C1CCC(CC2CCC(CC3CCC(CC4CCCCC4)CC3)CC2)CC1
C1CCC(CC2CCCCC2C(C2CCCCC2)C2CCCCC2)CC1
C1CCC(CC2CCCCC2CC2CCCCC2CC2CCCCC2)CC1
C1CCC(C2CCCC(C3CC(C4CCCCC4)CC(C4CCCC(C5CCCCC5)C4)C3)C2)CC1
C1CCC(CCC2CC3CCCCC3C2)CC1
C1CCC(CC2CCC(CC3CCC(CC4CCCCC4)CC3C3CCCCC3)CC2)CC1
C1CCC(C2CCCC(CCC3CCC(C4CCC4)C(C4CCCCC4)C3)C2)CC1
C1CCC(CC2CCC(CC3CCC(C4CCCCC4)CC3)CC2)CC1
C1CCC(CC2CCCC(C3CCC(C4CCC(CC5CCC(C6CCCCC6)CC5)CC4)CC3)C2)CC1
C1CCC(C2CC(C3CCC4CCCCC43)CC3CCCCC32)CC1
C1CCC(CC2CCC(C3CCCCC3)CC2)CC1
C1CCC(C2CCCC(C3CCCC(C4CCCC4)C3)C2)CC1
C1CCC(CC2CCCCC2C2CCCCC2C2CCC3CCCC3C2)CC1
C1CCC(CCCCCC2CCC3CCCCC3C2)CC1
C1CCC(CC2CCC(CC3CCCC(C4CCCCC4)C3)CC2)CC1
C1CCC(C2CCC(CC3CCC(CC4CCC5CCCC5C4)CC3)CC2)CC1
C1CCC(CCCCC2CCC(CCCC3CCCCC3)CC2)CC1
C1CCC(CCC(CC2CC3CCCCC3C2)C2CCC3CCCC3C2)CC1
C1CCC(CCC2CCCCC2)CC1
C1CCC(CCCC2CCC(C3CCCCC3)CC2)CC1
C1CCC(CC2CCCC(C3CCCC(CC4CCC(CC5CCC(C6CC6)CC5)CC4)C3)C2)CC1
C1CCC(C2CCCCC2)CC1
C1CCC(CC2CC3CCCCC3C2)CC1
C1CCC(CC2CCC(C3CCCCC3)CC2)CC1
C1CCC(CCC2CCCC(C3CCCC(CCCCC4CCC(C5CCCCC5)CC4)C3)C2)CC1
C1CCC(CC2CC(CC3CCCCC3)C3CC(C4CCC(C5CCC6CCCC6C5)CC4)CCC23)CC1
C1CCC(CCCC2CCCCC2CC2CCC(CC3CCCCC3)CC2)CC1
C1CCC(CCC2CCCC(CC3CCCCC3C3CCCCC3)C2)CC1
C1CCC(C2CCCC(C3CCCC(C4CCCCC4)C3)C2)CC1
C1CCC(C2CCCC(CC3CCC(C4CC5CCCCC5C4)C(C4CCCCC4)C3)C2)CC1
C1CCC(CCC2CCC(C3CCCC(C4CCCCC4)C3)C(C3CCCC3)C2)CC1
C1CCC(CC2CCCC(C3CCCC(C4CCCCC4)C3)C2)CC1
C1CCC(CC2CC(C3CCCC(C4CCCCC4)C3)C3CCCCC23)CC1
C1CCC(CCC2CCCCC2C2CCCC(CC3CCCCC3)C2)CC1
C1CCC(CCC2CCC(CCCC3CCCC(C4CCCCC4)C3)CC2)CC1
C1CCC(CC2CCCCC2C2CCCCC2)CC1
C1CCC(C2CCCC(CC3CCC(CC4CCC(CC5CC6CCCCC6C5)CC4)CC3)C2)CC1
C1CCC(CCC(CC(C2CCCCC2)C2CC3CCCCC3C2)C2CCCCC2)CC1
C1CCC(CC2CCC(C3CCCCC3)CC2)CC1
C1CCC(CC2CCC(C3CCCC(C4CCCCC4)C3)CC2)CC1
C1CCC(CC2CCCCC2CCC2CCCCC2C2CCCC2)CC1
C1CCC(C2CCCC(C3CCCCC3C3CCCC3)C2)CC1
C1CCC(C2CCC(C3CCC(CC4CCCCC4C4CCCCC4)C3)CC2)CC1
C1CCC(CC2CCCC(C3CCCCC3)C2)CC1
C1CCC(CC2CCC(C3CCCC(C4CCCCC4)C3)CC2)CC1
C1CCC(CC2CCC(C3CCCC(CC4CCCC4)C3)CC2)CC1
C1CCC(CC2CCC(CC3CC4CCCCC4C3)CC2)CC1
C1CCC(CC2CCC(CCC3CCC(C4CCCC(C5CCCCC5)C4)CC3)CC2)CC1
C1CCC(CCCC2CCC(CC3CCC(CC4CCCCC4)CC3)CC2)CC1
C1CCC(C2CCCC(CCC3CC4CCCCC4C3)C2)CC1
C1CCC(C2CCCC(C3CCCCC3)C2)CC1
C1CCC(CC2CCCC(C3CCCCC3)C2)CC1
C1CCC(CCC2CC(C3CCCC3)CCC2CC2CCCC2)CC1
C1CCC(CCC2CCCC(C3CCCCC3)C2)CC1
C1CCC(CCC2CCC(CC3CCCCC3)CC2)CC1
C1CCC(CCC2CCCC(CC3CCCCC3C3CCCC3)C2)CC1
C1CCC(CC2CCCC(CC3CCCCC3C3CCCCC3)C2)CC1
C1CCC(C2CCCC(C3CCCCC3)C2)CC1
C1CCC(CC2CCC(CC3CCCC(CC4CC5CCCCC5C4)C3)CC2)CC1
C1CCC(C2CCCC(CC3CC(C4CCCCC4)C4CCCCC34)C2)CC1
C1CCC(CC2CCCCC2)CC1
C1CCC(C2CCCC(CCC3CC(CC4CC4)CC(C4CCCCC4)C3)C2)CC1
C1CCC(CCCCC2CCC(C3CCCCC3CC3CCCCC3)CC2)CC1
C1CCC(C2CCC(C3CCCCC3C3CCCC3)CC2)CC1
C1CCC(C2CCC(CC3CCCC(CCC4CC5CCCCC54)C3)CC2)CC1
C1CCC(CC2CCCC2C2CCCCC2C2CCC(C3CC3)CC2C2CCCC2)CC1
C1CCC(CCCC2CCCCC2C2CCC(CC3CCC(C4CCC4)CC3)CC2)C1
C1CCC(CC2CCC(CC3CCCCC3C3CCC4C(CCCC4C4CCCCC4)C3)C2)CC1
C1CCC(CC2CCC(C3CCCC3)C(C3CCCCC3)C2)CC1
C1CCC(C2CCCC(C3CC(CC4CCC4)CC(C4CCCCC4)C3)C2)CC1
C1CCC(CC2CCC(CCC3CCC(C4CCCCC4)CC3)CC2)CC1
C1CCC(C2CCC(CC(C3CCCC3)C3CCC(C4CCC(CC5CC5)CC4)CC3)CC2)CC1
C1CCC(C2CCC(CCC3CCC(C4CCCCC4)CC3C3CCCCC3)CC2)CC1
C1CCC(CC2CCC(C3CCCCC3)CC2)CC1
C1CCC(CCC2CCC(CCCC3CC3)CC2)CC1
C1CCC(CCCC2CCCCC2C2CCC(C3CCCCC3)C(CC3CCCC3)C2)CC1
C1CCC(CC2CCC(CCC3CCC4CCCC4C3)CC2)CC1
C1CCC(CCC2CCCC(C3CCCC(C4CCCCC4)C3)C2)CC1
C1CCC(CCC2CCC(C3CCCCC3)CC2)CC1
C1CCC(CC2CCCC(C3CCCC(C4CCCCC4)C3)C2)CC1
C1CCC(CCCC2CCC3CC(CC4CCC5CCCCC54)CC(C4CCCCC4)C3C2)CC1
C1CCC(C2CCC(C3CCC(C4CCCCC4)CC3C3CCCCC3)C2)CC1
C1CCC(CCC2CCC(CC3CCCCC3)CC2)CC1
C1CCC(CCCC2CC(CC3CCCCC3)C3CCCCC23)CC1
C1CCC(C2CCC(CC3CCCC(C4CCCC(C5CCCCC5)C4)C3)CC2)CC1
C1CCC(C2CCCC(C3CC(C4CCCCC4)CC(C4CC4)C3)C2)CC1
C1CCC(C2CCCC(C3CCCCC3C3CCCCC3)C2)CC1
C1CCC(CCC2CCC(C3CCCC(CC4CCCCC4)C3)CC2)CC1
C1CCC(C2CCCC(CC3CCC4CCCCC43)C2)CC1
C1CCC(CCCC2CCCC(CC3CCCCC3)C2)CC1
C1CCC(CC2CCC(C3CCC4CCCCC4C3)C(C3CCCCC3)C2)CC1
C1CCC(CC2CCC(CC3CCCCC3)C(C3CCCCC3)C2)CC1
C1CCC(C2CCCC(C3CCC(CC4CCC(CC5CCCC5)CC4)CC3)C2)CC1
C1CCC(CCCC2CCC(C3CCCCC3)C(C3CCCCC3)C2)CC1
C1CCC(C2CCCC(CC3CCCCC3C3CCCCC3)C2)CC1
C1CCC(CC2CCCCC2CC2CCCCC2CC2CCCCC2)CC1
C1CCC(C2CCC(C3CCCCC3)CC2)CC1
C1CCC(C2CCC(CC3CCCC(C4CCC(C5CCCCC5)CC4)C3)CC2)CC1
C1CCC(CC2CCC(CC3CCC(CC4CCCCC4C4CCCC4)CC3)CC2)CC1
C1CCC(C2CCCCC2CC2CCC3CCCCC3C2)CC1
C1CCC(C2CCC(CCC3CCCC(C4CCCCC4)C3)CC2)CC1
C1CCC(CCC2CCCCC2CCCCC2CCCC(C3CCC3)C2)CC1
C1CCC(CC2CCCCC2C2CCC(C3CCC(C4CCC5CCCCC5C4)CC3)CC2)CC1
C1CCC(C2CCC(C3CCCCC3)CC2)CC1
C1CCC(CC2CCC(C3CCCCC3)CC2)CC1
C1CCC(C2CCC(CC3CCCCC3C3CCCC3)CC2)CC1
C1CCC(CC2CCCCC2C2CCCCC2)CC1
C1CCC(C2CCC(C3CCCC(CC4CCC5CCCCC54)C3)CC2)CC1
C1CCC(CCC2CCC(CC3CCCCC3)CC2)CC1
C1CCC(CC2CCC(C3CCC3)CC2)CC1
C1CCC(CC2CCC3C(CC4CCCCC4)CCC3C2)CC1
C1CCC(C2CC(C3CCCCC3)CC(C3CCCCC3)C2)CC1
C1CCC(CC2CCC(C3CCCCC3)C(C3CCCCC3)C2)CC1
C1CCC(CCCCCC2CCC(CC3CCC(C4CC4)CC3)CC2)CC1
C1CCC(C2CCC(C3CCCCC3C3CCC4CCCCC4C3)CC2)CC1
C1CCC2CC(C3CCCCC3C3CCC(CC4CC5CCCCC5C4)CC3)CCC2C1
C1CCC(CC2CCC(C3CCC(C4CCCCC4C4CCCC4)CC3)CC2)CC1
C1CCC(CCCC2CCC(CC3CCCCC3)CC2)CC1
C1CCC(CC(CC2CC3CCCCC3C2)C2CCCCC2)CC1
C1CCC(CC2CCC(CCCCC3CCCCC3C3CCCCC3)CC2)CC1
C1CCC(C2CCCC(CCCC3CC4CCCCC4C3)C2)CC1
C1CCC(CCC2CCCC(CC3CCCCC3C3CCC(C4CCCCC4)C3)C2)CC1
C1CCC(C2CCC(CCC3CCC(CC4CCCC5CCCCC54)CC3)CC2)C1
C1CCC(CC2CCC(CCC3CCCC3)C(C3CCCCC3)C2)CC1
C1CCC(CC2CCCCC2C2CCCCC2)CC1
C1CCC(C2CCCC(CC3CCCC(C4CCCCC4)C3)C2)CC1
C1CCC(CCC2CCCC(CCCC3CCCC(CC4CCCC(C5CCCCC5)C4)C3)C2)CC1
C1CCC(C2CC(C3CCCC(CC4CCC5CCCCC54)C3)CCC2C2CCCC2)CC1
C1CCC(CCC2CCCCC2C2CCCC(C3CCCC(C4CCCCC4)C3)C2)CC1
C1CCC(CC2CCCCC2C2CC3CCCCC3C2)CC1
C1CCC(CCC2CCC(CCC3CCCC(C4CCCCC4)C3)CC2)CC1
C1CCC(CCCCC2CC(CC3CCCCC3)CC(CC3CCCCC3)C2)CC1
C1CCC(CC2CCCC(CC3CCCCC3)C2)CC1
C1CCC(CCCC2CCC(C3CCCC4CC(C5CCCCC5)CCC43)CC2)CC1
C1CCC(CC2CCCC(C3CCC(C4CCCC(C5CCC6CCCC6C5)C4)CC3)C2)CC1
C1CCC(CC2CCC(CC3CCCCC3)CC2)CC1
C1CCC(CCCC2CCC(CC3CCC(CCC4CCCC(C5CCCCC5)C4)CC3)CC2)CC1
C1CCC(C2CCC(C3CCC(CC4CCC4)CC3)CC2)CC1
C1CCC(CC2CCCCC2C2CCCCC2)CC1
C1CCC(CC2CCCC(C3CCCCC3)C2)CC1
C1CCC(C2CCC(C3CCC(C4CC4)CC3)CC2)CC1
C1CCC(CCCC2CCCC(CC3CCC4CCCCC43)C2)CC1
C1CCC(CCC2CCC(C3CCCC(CC4CC4)C3)CC2)CC1
C1CCC(C2CCC(C3CC(C4CCCCC4)C4CCCCC34)CC2)CC1
C1CCC(CC2CCCC(CCC3CCCC(C4CCCC(C5CCCCC5)C4)C3)C2)CC1
C1CCC(C2CCC(CC3CCCC(C4CCCCC4)C3)CC2)CC1
C1CCC(CC2CCCC(C3CCCC(C4CCCCC4)C3)C2)CC1
C1CCC(C2CCC(CC3CCC(C4CC4)CC3C3CCCCC3)CC2)CC1
C1CCC(CCC(CC2CCCCC2)C2CCCC(CC3CC(C4CCCC4)C4CCCCC34)C2)CC1
C1CCC(CCCC2CCCC(CC3CCCCC3)C2)CC1
C1CCC(CCC2CCC(CCC3CCC4C(C5CCCCC5)CC(C5CCCCC5)C4C3)CC2)CC1
C1CCC(CC2CCCC2C2CCCC(C3CCCCC3)C2C2CCCCC2)CC1
C(CCC1CCC(CC2CCCCC2)CC1)CCC1CCC(CC2CCCCC2)CC1
C1CCC(C2CCC(CCCC3CCC(C4CCCC(C5CC5)C4)CC3)CC2)CC1
C1CCC(CCC2CCCCC2C2CCCCC2)CC1
C1CCC(CC2CCCCC2C2CCCC2)CC1
C1CCC(CCC2CCC(C3CCC(C4CCCCC4C4CCCCC4)C3)CC2C2CCCC2)CC1
C1CCC(CC2CCCCC2C2CCCC2)CC1
C1CCC(CC2CCC(C3CCCCC3CC3CCCC(CC4CCCCC4)C3)CC2)CC1
C1CCC(CC2CCCC(C3CCCC(CC4CCCCC4)C3)C2)CC1
C1CCC(C2CCCCC2C2CCC(C3CCC4CCCCC43)CC2)CC1
C1CCC(CC2CCCC(C3CCCCC3)C2)CC1
C1CCC(CCCCCC2CCCC(C3CCC(CC4CCCCC4)CC3)C2)CC1
C1CCC(C2CCCC(C3CCC(C4CCCCC4C4CCCC4)CC3)C2)CC1
C1CCC(CCC2CCCC(C3CCCCC3)C2)CC1
C1CCC(CC2CCCC3CC(C4CCCCC4)CCC23)CC1
C1CCC(C2CCC(C3CCCCC3CC3CCCC(C4CCCC4)C3)CC2)CC1
C1CCC(CCC2CCC(C3CCCCC3C3CCCC3)CC2)CC1
C1CCC(CC2CCC(CC3CCC(C4CCC5CCCCC54)CC3)CC2)CC1
C1CCC(C2CCC(CC3CCCCC3C3CCC(C4CCCCC4)CC3)CC2)CC1
C1CCC(C2CCC(CCC3CCCC(C4CCCCC4)C3)CC2)CC1
C1CCC(CC2CCC(CCC3CCCC(C4CCCCC4)C3)CC2)CC1
C1CCC(CCC2CC(C3CCCCC3)C3CCCCC23)CC1
C1CCC(C2CCCCC2C2CCCC(CC3CCC(CC4CCCC4)CC3)C2)CC1
C1CCC(CC2CCCCC2)CC1
C1CCC(CC2CCC(C3CCCC(CC4CCC(C5CCCCC5C5CCC6CCCC6C5)CC4)C3)CC2)C1
C1CCC(C2CCC3CC(C4CC(C5CCCC5)CC(C5CCCC(CC6CC6)C5)C4)CCC3C2)CC1
C1CCC(C2CCC(C3CCCC(C4CCC4)C3)CC2)CC1
C1CCC(C2CCCC(C3CCCCC3)C2)CC1
C1CCC(C2CCCCC2C2CCCCC2)CC1
C1CCC(CCCC2CCC(C3CCC(CC4CCCC4)CC3)CC2)CC1
C1CCC(C2CCCC(CC3CCCCC3C3CCCCC3)C2)CC1
C1CCC(C2CCC(CC3CCCCC3C3CCC4CCCC4C3)CC2)CC1
C1CCC(CC2CCCC(CC3CC4CCCCC4C3)C2C2CCCCC2)CC1
C1CCC(C2CCC(CC3CC4CCCCC4C3)CC2)CC1
C1CCC(C2CCC(C3CCCCC3)C(C3CCC4CCCC4C3)C2)CC1
C1CCC(CCCC2CCC(C3CCCC(CC4CCCC4)C3)CC2)CC1
C1CCC(CC2CCC(CC3CCC(C4CCCCC4)C3)CC2C2CCCCC2)CC1
C1CCC(CCCCC2CCCC(C3CCCC(C4CC4)C3)C2)CC1
C1CCC(C2CCCC(CCC3CCC(C4CCC4)C(C4CCCCC4)C3)C2)CC1
C1CCC(CCCCC2CCCC(C3CC3)C2)CC1
C1CCC(CC2CCC(CCC3CCC(C4CCCCC4)CC3)CC2)CC1
C1CCC(CC2CCC(C3CCCCC3)CC2)CC1
C1CCC(CCCCC2CCC(C3CCCC(CC4CC5CCCCC54)C3)C(C3CCCC3)C2)CC1
C1CCC(C2CCC(CC3CC4CCCCC4C3)CC2)CC1
C1CCC(C2CCC(C3CCCCC3C3CC3)CC2)CC1
C1CCC(CC2CCC(CCC3CCC(C4CCCCC4)CC3)CC2)CC1
C1CCC(CC2CCC(C3CCCCC3)CC2C2CCCCC2)CC1
C1CCC(CC2CCCCC2)CC1
C1CCC(CC2CCCC(C3CCC(C4CCCCC4C4CCC5CCCCC54)C(C4CCCC4)C3)C2)CC1
C1CCC(C2CCCC(C3CCCCC3)C2)CC1
C1CCC(CCC2CCCCC2C2CCCC(C3CCCCC3CCC3CCCCC3)C2)CC1
C1CCC(C2CCCCC2CC2CCC(CCC3CC4CCCCC4C3)CC2)CC1
C1CCC(CCC2CC(CC3CCC(CC4CCCCC4)CC3)CC(C3CCCCC3)C2)CC1
C1CCC(CCC2CCC(C3CCCCC3CCC3CCCCC3)CC2)CC1
C1CCC(CC2CCCC(CC3CCCC(CC4CC(CC5CC5)CCC4C4CCCCC4)C3)C2)CC1
C1CCC(C2CCC(C3CCCCC3)C(C3CCCCC3)C2)CC1
C1CCC(C2CCCC(C3CCCCC3)C2)CC1
C1CCC(CC2CC3CCC(C4CCCCC4)CC3C(C3CCCCC3)C2)CC1
C1CCC(C2CCCC(CCC3CCCC(C4CCC5CCCC5C4)C3)C2)CC1
C1CCC(CC2CCC(C3CCCCC3C3CCCCC3)CC2)CC1
C1CCC(C2CCC3CCC(C4CCCCC4)CC3C2)CC1
C1CCC(CC2CCCC(CC3CCCCC3C3CCC4CCCCC43)C2)CC1
C1CCC(CC2CCC(CC3CCCCC3)CC2)CC1
C1CCC(CCCC2CCCC(CC3CCC(C4CCC4)CC3)C2)CC1
C1CCC(CC2CCC(CC3CCCC(C4CCCCC4)C3)CC2)CC1
C1CCC(CC2CCC(CC3CCC(C4CCCCC4)CC3)CC2)CC1
C1CCC(CC2CC(C3CCCCC3)CC(C3CCCCC3)C2CC2CCCCC2)CC1
C1CCC(CC2CCCCC2C2CCC3CCCCC3C2)CC1
C1CCC(CC2CCCC(C3CCC(C4CCC(C5CCCCC5)CC4)CC3)C2)CC1
C1CCC(CC2CCC(C3CCCC3)CC2C2CCCCC2)CC1
C1CCC(C2CCC(C3CCCC(C(C4CC4)C4CCCCC4C4CCCCC4C4CCCCC4)C3)CC2)CC1
C1CCC(CC2CC(CC3CCCC(C4CCCC4CC4CCC(C5CCC5)CC4)C3)C3CCCCC23)CC1
C1CCC(C2CCCC2CC2CCCCC2CC2CCC3CCCCC3C2)CC1
C1CCC(CCCC2CCC(CC3CCCCC3)CC2)CC1
C1CCC(CC2CC3CCC(CC4CCCCC4)CC3C(C3CCCCC3)C2)CC1
C1CCC(C2CCC(C3CCCC4CCCCC43)CC2)CC1
C1CCC(CCC2CCC(C3CCC(C4CCCCC4)CC3)CC2)CC1
C1CCC(CC2CCC(CC3CCCC(CC4CCC5CCCCC54)C3)CC2)CC1
C1CCC(CC2CCCC(C3CCCC(C4CCCC(CC5CCC6CCCC6C5)C4)C3)C2)CC1
C1CCC(CC2CCCC(C3CCC(C4CCC4)CC3)C2)CC1
C1CCC(CC2CCC(CC3CCC(C4CCCCC4)CC3)CC2)CC1
C1CCC(CC2CC(C3CCCCC3)C3CCCCC23)CC1
C1CCC(CC2CCC3CC(C4CCC5CCCCC54)CC(C4CCCCC4)C3C2)CC1
C1CCC(CCC2CCCC(C3CCC(CC4CCCCC4)CC3)C2)CC1
C1CCC(C2CCCC(C3CCCC(C4CCCC4)C3)C2)CC1
C1CCC(CC2CCC(CC3CCC(C4CCCCC4)CC3)CC2)CC1
C1CCC(C2CCCC(C(C3CCCC3)C3CCCCC3C3CCCCC3)C2)CC1
C1CCC(CCCCC2CCC(C3CCC(C4CCCCC4C4CCCC4)CC3)CC2)CC1
C1CCC(CC2CC(C3CCCCC3CC3CCCCC3)C3CCCCC23)CC1
C1CCC(CC2CCC(C3CCC(C4CC(CC5CCCCC5)C5CCCCC54)CC3CCC3CCCC3)CC2)CC1
C1CCC(CCC2CCCC(C3CCCCC3)C2)CC1
C1CCC(CC2CCC(C3CCCCC3)C2)CC1
C1CCC(CC2CCC(C3CCCCC3C3CCCCC3)CC2)CC1
C1CCC(C2CCC(C3CCC3)CC2)CC1
C1CCC(CC2CCC(C3CCCC(CC4CCCC4)C3)CC2)CC1
C1CCC(C2CC(C3CCCCC3C3CCC4CCCCC4C3)CC3CCCCC32)CC1
C1CCC(CC2CCC(C3CCC(C4CCCCC4)CC3)CC2)CC1
C1CCC(C2CCC(CC3CCCCC3C3CCCC(C4CCCCC4)C3)CC2)CC1
C1CCC(CC2CCC3C(CC4CCCC(C5CCCCC5)C4)CC(C4CCCCC4)C3C2)CC1
C1CCC(CC2CCC(CCC3CCCC(C4CCC5CCCCC5C4)C3)CC2)CC1
C1CCC(C2CCC(C3CCCC(C4CCCC(C5CCCC5)C4)C3)CC2)CC1
C1CCC(C2CCCC(CCC3CCC(C4CCC5CCCC5C4)CC3)C2)CC1
C1CCC(CCC2CCCC(C3CCCCC3)C2)CC1
C1CCC(CC2CC(C3CC3)CCC2C2CCCCC2C2CCC(CC3CCCC3)CC2)CC1
C1CCC(CCC2CC(CC3CCC(C4CCCCC4)CC3)CC(C3CCCCC3)C2)CC1
C1CCC(CCCCC2CCCCC2CCCC2CCCC2)CC1
C1CCC(CC2CCC(CC3CCCC(C4CCCCC4CC4CCCCC4)C3)CC2)CC1
C1CCC(C2CCC(CC3CCC4CCCCC43)CC2)CC1
C1CCC(C2CCC(C3CCCC(CCC4CCCC(C5CC5)C4)C3)CC2)CC1
C1CCC(C2CCC(CCC3CC4CCCCC4C3)CC2CC2CCC3CCCC3C2)CC1
C1CCC(CCC2CCCC(CCC3CCC(C4CCCCC4)CC3)C2)CC1
C1CCC(CC(C2CCCCC2)C2CCCC(C3CCCCC3)C2)CC1
C1CCC(C2CCC(CC3CCC(C4CCCC4)CC3)CC2)CC1
C1CCC(CC2CCC(CCC3CCC(CCCCC4CCC(C5CCCC5)CC4)CC3)CC2)CC1
C1CCC(CCCCC2CCC(C3CCCCC3)CC2C2CCC3CCCC3C2)CC1
C1CCC(CC2CCC(CC3CCCC(C4CCC5CCCCC54)C3)CC2)CC1
C1CCC(CCCC2CCC(CC3CCC(C4CCCC(C5CCCCC5)C4)CC3)CC2)CC1
C1CCC(CC2CCC(C3CCCCC3C3CCC4CCCCC4C3)CC2)CC1
C1CCC(CCCC2CC(C3CCC4CCCCC4C3)C3CCCCC23)CC1
C1CCC(C2CCCC(CC3CC(C4CCCC(C5CCCC(C6CCCCC6)C5)C4)C4CCCCC34)C2)CC1
C1CCC(CC2CC3CCC(CC4CCCCC4)CC3C(C3CCCCC3)C2)CC1
C1CCC(CCC2CCC(CC3CCCC(C4CCCC(C5CCCC5)C4)C3)CC2)CC1
C1CCC(CC2CCC(C3CCCCC3)CC2)CC1
C1CCC(CCC2CC(CC3CCCCC3)CCC2C2CCC(CC3CC3)CC2)CC1
C1CCC(CC2CCCC(C3CCC(C4CCCCC4)CC3)C2)CC1
C1CCC(CCC2CCCCC2C2CCC(C3CCCCC3)CC2)CC1
C1CCC(CCCC2CC(CC3CCCCC3)CC(C3CCCC(CC4CCCCC4)C3)C2)CC1
C1CCC(C2CCC3CC(C4CCCCC4C4CCC5CCCC5C4)CC3C2)CC1
C1CCC(CCCC2CC(CC3CCCCC3)CCC2C2CCCCC2)CC1
C1CCC(C2CC(CCC3CCC(CC4CCC5CCCCC5C4)CC3)CC3CCCCC32)CC1
C1CCC(CC2CCC(C3CCCCC3C3CCC4CCCCC4C3)CC2)CC1
C1CCC(C2CCCCC2CC2CCC(C3CC3)CC2)CC1
C1CCC(CC2CC(CC3CCCC(C4CCCC(C5CCCCC5)C4)C3)C3CCCCC23)CC1
C1CCC(CC2CCCC(C3CCCC(C4CCCC4)C3)C2)CC1
C1CCC(CC2CC3CCC(C4CCCCC4)CC3C(C3CCCCC3)C2)CC1
C1CCC(CC2CCC(CCC3CC4CCCCC4C3)CC2CC2CCCC2)CC1
C1CCC(C2CCC(C3CCCCC3)CC2)CC1
C1CCC(C2CCC(CC3CC4CCCCC4C3)CC2)CC1
C1CCC(CC2CCC(C3CCCCC3)CC2)CC1
C1CCC(C2CCCC(C3CCCCC3C3CCCCC3)C2)CC1
C1CCC(CCC2CCCC(C3CCCCC3CC3CCCCC3)C2)CC1
C1CCC(C2CCCC(C(C3CCCCC3)C3CCC3)C2)CC1
C1CCC(CC2CCC(C3CCC(C4CCCCC4)CC3)CC2)CC1
C1CCC(C2CCCCC2C2CCCCC2)CC1
C1CCC(CC2CCC(C3CCCCC3C3CCC(C4CCCCC4)CC3)CC2)CC1
C1CCC(CCC2CCC(CCC3CCCC(CCC4CCCCC4)C3)CC2)CC1
C1CCC(CCCCC2CCCC(CCC3CCCCC3)C2)CC1
C1CCC(CCC2CCC(C3CCCC(CC4CCCCC4)C3)CC2)CC1
C1CCC(CCC2CCCC(C3CCC(CCC4CCC(C5CCCCC5)CC4)CC3)C2)CC1
C1CCC(CC2CCC(CC3CCCCC3C3CCC4CCCC4C3)CC2)CC1
C1CCC(CC2CCCC(CCCC3CCCC(CC4CCC5CCCCC54)C3)C2)CC1
C1CCC(C2CCCC(CC3CCC4CCCCC43)C2)CC1
C1CCC(CC2CC(CC3CCC(C4CCCCC4)CC3)C3CCCCC23)CC1
C1CCC(CC2CCC(C3CC(CC4CCCCC4)C4CCCCC43)CC2)CC1
C1CCC(CC2CC(C3CC(CC4CCCC(C5CCCCC5)C4)C4CCCCC43)C3CCCCC23)CC1
C1CCC(CC(CC2CCCC(C3CCCCC3)C2)C2CCCCC2)CC1
C1CCC(CC2CCC(CC3CCCCC3C3CCCCC3)CC2)CC1
C1CCC(C2CCC(C3CCCCC3)C(CCCC3CCC(C4CCCC(C5CC5)C4)CC3)C2)CC1
C1CCC(CC2CCC(CCC3CCCCC3C3CCCCC3)CC2)CC1
C1CCC(C2CCCCC2C2CCC(CC3CCC3)CC2C2CC2)CC1
C1CCC(CC2CCC(C3CCC(C4CCCC(C5CCCC6CCCCC65)C4)CC3)CC2)C1
C1CCC(CC2CCC(C3CCC(C4CCC4)CC3)CC2)CC1
C1CCC(CCC2CCCC(CC3CCCC(CC4CCCCC4C4CCCCC4)C3)C2)CC1
C1CCC(CCC2CCCCC2)CC1
C1CCC(CC2CCC(CCCC3CCCCC3C3CCCCC3)CC2)CC1
C1CCC(CC2CCCCC2)CC1
C1CCC(CC2CCCCC2CC2CCCC(C3CC4CCCCC4C3)C2)CC1
C1CCC2CC(CC3CCC(CC4CCC(C5CC5)CC4)CC3)CC2C1
C1CCC(CC2CCC3CCCC3C2)CC1
C1CCC(CCCCC2CCC(CCC3CCCCC3)CC2)CC1
C1CCC(CCC2CCC(CCCCC3CCCC(C4CCCCC4)C3)CC2)CC1
C1CCC(C2CCC(C3CCCCC3)CC2)CC1
C1CCC(CCC2CCC(CC3CCCCC3)CC2)CC1
C1CCC(C2CCC(CC3CCCCC3CC3CCC4CCCC4C3)CC2)CC1
C1CCC(CCCCC2CCCC(CC3CCCCC3)C2)CC1
C1CCC(CCC2CCC(CCC3CCCC(C4CCCCC4)C3)CC2)CC1
C1CCC(CC2CCCCC2C(C2CCCCC2)C2CCCCC2)CC1
C1CCC(CCCC2CCCCC2C2CCC(CC3CCCCC3)CC2)CC1
C1CCC(C2CCC(C3CCCC(CC4CCC(CCCC5CCCC5)CC4)C3)C(C3CCCC3)C2)CC1
C1CCC(C2CCCC(C3CCCCC3C3CCCCC3)C2)CC1
C1CCC(CC2CCC(C3CCC4CCCC4C3)CC2)CC1
C1CCC(CCCCC2CCC(C3CCCCC3CC3CC3)CC2)CC1
C1CCC(CCC2CCCCC2CCC2CC3CCCCC3C2)CC1
C1CCC(CC2CC(CC3CCCC(C4CCCCC4)C3)C3CCCCC23)CC1
C1CCC(CCCCCC2CC(C3CCCCC3)CC(C3CCCC3)C2)CC1
C1CCC(C2CCCCC2C2CCC3CCCC3C2)CC1
C1CCC(CCC2CCC(C3CCCC(C4CCCCC4)C3)CC2)CC1
C1CCC(CCC2CCCC(C3CCCC(C4CCCCC4)C3)C2)CC1
C1CCC(CC2CCC(CCC3CCC(C4CCC4)CC3)CC2)CC1
C1CCC(CC2CCC(C3CCCC3)C(C3CCCCC3)C2)CC1
C1CCC(CC2CCCC(C3CCC(C(CC4CCCCC4)C4CCCCC4)CC3)C2)CC1
C1CCC(CCCC2CCCC(C3CCCCC3)C2)CC1
C1CCC(C2CC(C3CCC(CC4CCCCC4C4CCC5CCCCC54)CC3)C2)CC1
C1CCC(C2CC3CCC(C4CCCCC4)CC3C(C3CCCCC3)C2)CC1
C1CCC(CCC(C2CCCC2)C2CCCC(C3CCC(C4CCC4)CC3)C2)CC1
C1CCC(CCCCC2CCC(CC3CCCCC3)CC2)CC1
C1CCC(C2CC(C3CCCCC3)C(C3CCCCC3)C(C3CCC3)C2)CC1
C1CCC(CC2CCCC(C3CCC4CCCC4C3)C2)CC1
C1CCC(C2CCC(CC3CC(C4CC4)C4CCCCC34)CC2)CC1
C1CCC(CCC2CCC3C(CCCC3C3CCC(C4CCCCC4)CC3)C2)CC1
C1CCC(CC2CCC(C3CCCCC3)CC2)CC1
C1CCC(CCCC2CCC(CC3CCCCC3)CC2CC2CCCCC2)CC1
C1CCC(CC2CCCCC2C2CC2)CC1
C1CCC(C2CCCC(CCCC3CCCC(CCC4CC5CCCCC5C4)C3)C2)CC1
C1CCC(C2CCCCC2C2CCCCC2C2CCC3CCCC3C2)CC1
C1CCC(CC2CCCC3CC(C4CCCCC4)CCC23)CC1
C1CCC(CC2CCCCC2C2CCCCC2)CC1
C1CCC(CC2CCCCC2CCCC2CC(CCC3CCCCC3CC3CCCCC3)C3CCCCC23)CC1
C1CCC(CC2CCCCC2CC2CCC3CCCCC3C2)CC1
C1CCC(CCCC2CCC(C3CCCCC3)CC2)CC1
C1CCC(CCC2CCC(CCC3CCCC(C4CCCC4)C3)CC2)CC1
C1CCC(CCCC2CCCC(C3CCCC(C4CCCCC4)C3)C2)CC1
C1CCC(CC2CCC(CC3CCCCC3C3CCCCC3)CC2)CC1
C1CCC(C2CCC(C3CCCCC3)CC2)CC1
C1CCC(C2CCC(CC3CCC(C4CCCC4)CC3)CC2)CC1
C1CCC(CCCC2CCCC(C3CCCC(C4CCC5CCCCC5C4)C3)C2)CC1
C1CCC(CCCCC2CCC(C3CCCCC3)CC2)CC1
C1CCC(C2CCCC(C3CCCC4CC(C5CCCCC5)CCC43)C2)CC1
C1CCC(CC2CCCC(C3CCCCC3)C2)CC1
C1CCC(CC(C2CCCCC2)C2CCCCC2)CC1
C1CCC(C2CCCCC2)CC1
C1CCC(CCC2CCC(C3CC(CCC4CCCCC4)C4CCCCC43)CC2)CC1
C1CCC(CCCCC2CCCC(C3CCCCC3)C2)CC1
C1CCC(C2CCC(C3CCCC(C4CCC5CCCCC54)C3)CC2)CC1
C1CCC(CC2CCC(CC3CCCCC3)CC2)CC1
C1CCC(C2CCC(CCC3CCCCC3C3CCCCC3)CC2)CC1
C1CCC(CC2CC(C3CCC(C4CCC(C5CCC(C6CCCC6)CC5)CC4)CC3)C3CCCCC23)CC1
C1CCC(CC2CCC(C3CCC(CC4CCCC(C5CCCCC5)C4)CC3)CC2)CC1
C1CCC(CCCC2CCCC(C3CCCCC3)C2)CC1
C1CCC(CC2CCCCC2C2CCCCC2)CC1
C1CCC(CC2CCC(CCCCC3CCCC3)CC2)CC1
C1CCC(C2CCCC(C3CC(C4CCCCC4)CC(C4CC4)C3)C2)CC1
C1CCC(C2CCCC(CCC3CCCCC3C3CCCCC3)C2)CC1
C1CCC(CCC2CCC(C3CCCC(CC4CCCC4)C3)CC2)CC1
C1CCC(C2CCC(C3CCC(CC4CCCC4)CC3)CC2)CC1
C1CCC(CCC2CCC(C3CCC(CC4CCC(C5CCCC(C6CCCCC6)C5)CC4)CC3)CC2)CC1
C1CCC(C(C2CCCCC2)C2CCCC(CC3CCCCC3C3CCC(CC4CCC4)CC3)C2)CC1
C1CCC(CCC2CCC(CCCCC3CCCCC3C3CCCCC3)CC2)CC1
C1CCC(C2CCCC(C3CCCC4CC(C5CCCCC5)CCC43)C2)CC1
C1CCC(C2CCCCC2CCC2CCCCC2C2CCCCC2)CC1
C1CCC(CCC2CCC(C3CCCCC3)CC2CC2CCCCC2)CC1
C1CCC(C2CCC(CCCCC3CCCC(C4CC5CCCCC5C4)C3)CC2)CC1
C1CCC(CC2CCCCC2C2CCCC(CC3CCC(CC4CCC(C5CCCCC5)CC4)CC3)C2)CC1
C(CCCC1CCCC(C2CC3CCCCC3C2)C1)CCC1CC2CCCCC2C1
C1CCC(CCC2CCCC(CC3CCCCC3)C2)CC1
C1CCC(CC2CCCC(C3CCCCC3)C2)CC1
C1CCC(C2CCC(C3CCCC(C4CCCCC4)C3)CC2)CC1
C1CCC(C2CCC3CCC(C4CCCCC4)C3C2)CC1
C1CCC(CCC2CCCC(C3CC(CC4CCCCC4)C4CCCCC43)C2)CC1
C1CCC(CCCC2CCCCC2)CC1
C1CCC(C2CCC(C3CCCCC3)CC2)CC1
C1CCC(CCC2CC(CC3CCCCC3)C3CCCCC23)CC1
C1CCC(C2CCCC(C3CCCC(C4CCCC4)C3)C2)CC1
C1CCC(CC2CCC(CC3CCC(C4CCC(C5CCCCC5)CC4)CC3)CC2)CC1
C1CCC(CC2CCC(C3CC(CC4CCCCC4)CCC3C3CCCC3)CC2)CC1
C1CCC(C2CCCCC2)CC1
C1CCC(CCC2CCCCC2C2CCCCC2)CC1
C1CCC(CC2CCC(CC3CCC(CC4CCCCC4C4CCCCC4)CC3)CC2)CC1
C1CCCCC1
C(CCCCC1CCCC(CCCC2CC3CCCCC3C2)C1)CCCC1CCCCC1
C1CCC(C2CCC(C3CCC(C4CCCC4)C(C4CCCCC4)C3)CC2)CC1
C1CCC(CC2CCC(CCC3CCCC(C4CCCCC4)C3)CC2)CC1
C1CCC(CCCC2CCCC(C3CCC4CCCCC43)C2)CC1
C1CCC(CC2CCCC(C3CCCC(C4CCCCC4)C3)C2)CC1
C1CCC(CC2CCC(C3CCCCC3C3CCC(C4CCCCC4CC4CCCCC4)CC3)CC2)CC1
C1CCC(C2CCC3CC(C4CCCCC4)CCC3C2)CC1
C1CCC(CCC2CCC(C3CCC(CC4CCCCC4)CC3)CC2)CC1
C1CCC(CCC2CCCC(CC3CCCC(CC4CCCCC4)C3)C2)CC1
C1CCC(CCCCCC2CCC(CC3CCCCC3)CC2)CC1
C1CCC(CC2CC(C3CCCCC3)CC(C3CCCCC3)C2)CC1
C1CCC(C2CC(C3CCC4CCCCC43)CC3CCCCC32)CC1
C1CCC(C2CCCC(C3CCC(CC4CCC(C5CCCC5)CC4)CC3)C2)CC1
C1CCC(C2CCC(C3CCCCC3)C(C3CCCCC3)C2)CC1
C1CCC(C2CCCC(CCC3CCC(C4CCCCC4C4CCCC4)CC3)C2)CC1
C1CCC(CCCCC2CCCC2)CC1
C1CCC(CC2CC(CC3CCC(C4CCCCC4)CC3)C3CCCCC23)CC1
C1CCC(CC2CCCC(C3CCCC(C4CCCCC4)C3)C2)CC1
C1CCC(CCCCC2CCCC(C3CCCCC3)C2)CC1
C1CCC(C2CCCCC2C2CCC3CCCC3C2)CC1
C1CCC(C2CCC(C3CCCC(CC4CCCCC4C4CCCCC4)C3)CC2)CC1
C1CCC(CC2CCCC(CCCC3CCC(C4CCCCC4C4CCCCC4)CC3)C2)CC1
C1CCC(CC2CCC(CCC3CCC(C4CCCCC4)CC3)CC2)CC1
C1CCC(CC2CCC(CCCCC3CCC4C(CCCC4C4CCCCC4)C3)CC2)CC1
C1CCC(C2CCC(CC3CCC(C4CCC(C5CCC6CCCC6C5)CC4)CC3)CC2)CC1
C1CCC(C2CCCCC2C2CCCCC2C2CCC3CCCC3C2)CC1
C1CCC(C2CCC(C3CCCCC3C3CCCCC3)CC2)CC1
C1CCC(CCCC2CC(C3CCC(CC4CCCC4)CC3)C3CCCCC23)CC1
C1CCC(CC2CCC(CCC3CCCC(C4CCCCC4)C3)CC2)CC1
C1CCC(CCCC2CCC(CC3CCCCC3)CC2)CC1
C1CCC(CC2CCCC(C3CCCCC3)C2)CC1
C1CCC(CCCC2CCCC(C3CCCCC3)C2)CC1
C1CCC(C2CCC(CC3CC4CCCCC4C3)CC2)CC1
C1CCC(CC2CC(CCCC3CCC(CCC4CCCC(C5CCCC5)C4)CC3)C3CCCCC23)C1
C1CCC(CC2CCC(CC3CCC(C4CCCC(CC5CCCCC5)C4)CC3)CC2)CC1
C1CCC(C2CCCC(C3CCCC(C4CCC(C5CCCCC5)CC4C4CCCC4)C3)C2)CC1
C1CCC(CCC2CCC(C3CCCCC3)CC2)CC1
C1CCC(CCC2CC(CC3CCCCC3)CCC2CCCC2CCC3CCCCC3C2)CC1
C1CCC(C2CCC(C3CCC(C4CCCC(CCC5CCC6CCCCC6C5)C4)CC3)CC2)CC1
C1CCC(CC2CCCCC2C2CC(C3CCCCC3)C3CCCCC32)CC1
C1CCC(CCCC2CCC(CC3CCCC(C4CCCCC4)C3)CC2)CC1
C1CCC(CC2CCC(CCCC3CCCCC3C3CCC(C4CCCCC4C4CCCCC4)C3)C2)CC1
C1CCC(CC2CCCC(CC3CCC4CCC(C5CCCCC5)CC4C3)C2)CC1
C1CCC(CCC2CCCC(C3CC(CC4CCCCC4)C4CCCCC43)C2)CC1
C1CCC2CC(C3CCC4CCCCC43)CCC2C1
C1CCC(CC2CCC(C3CC4CCCCC4C3)C(C3CCCC(C4CCCCC4)C3)C2)CC1
C1CCC(C2CCCC(CC3CCCCC3C3CCC(C4CC5CCCCC5C4)CC3)C2)CC1
C1CCC(CC2CCC(C3CCCC(C4CCC(C5CCCC5)CC4)C3)CC2)CC1
C1CCC(C2CCCC(C3CCCCC3)C2)CC1
C1CCC(CC2CCCC(C3CCC(CC4CCC(C5CC5)CC4)CC3CCC3CCCC3)C2)CC1
C1CCC(C2CCCCC2C2CCC(CC3CCCC3)CC2)CC1
C1CCC(CC2CCC(CCCC3CCC(C4CCCCC4)CC3)CC2)CC1
C1CCC(CCC2CCC(C3CCCC(CC4CCCC4)C3)CC2)CC1
C1CCC(CCC2CCCCC2C2CCCCC2)CC1
C1CCC(CC2CCCCC2C2CCC(C3CCC4CCCCC43)C2CC2CCCCC2)CC1
C1CC2CCC(C3CCCCC3C3CCC4CCCCC43)CC2C1
C1CCC(CCCC2CC(CC3CCCC3)CC(C3CCCCC3)C2)CC1
C1CCC(C2CCC(CC3CCCCC3C3CCCCC3)CC2)CC1
C1CCC(CC2CCC(CCCC(CC3CCCCC3)C3CCCC3)CC2)CC1
C1CCC(CC2CCCCC2C2CCC3C(CC4CCCCC4)CC(C4CCCCC4)C3C2)CC1
C1CCC(C2CCCCC2C2CCCCC2)CC1
C1CCC(CCCC2CCC(CC3CCC(C4CC5CCCCC5C(C5CCCCC5)C4)CC3)CC2)CC1
C1CCC(CC2CCC(CC3CCCCC3)CC2)CC1
C1CCC(CC2CCC(CC3CCC(C4CCCCC4)CC3)CC2)CC1
C1CCC(CCC2CCCCC2CC2CCCCC2)CC1
C1CCC(C2CCCCC2C2CCC3CCCC3C2)CC1
C1CCC(C2CC(C3CCCCC3)CC(C3CCCCC3)C2)CC1
C1CCC(C2CCCCC2C2CCC3CCCC3C2)CC1
C1CCC(CC2CCC(C3CC(CC4CCCCC4)C4CCCCC43)C(C3CCCC3)C2)CC1
C1CCC(CCCCC2CCCC(CC3CCCCC3)C2)CC1
C1CCC(CC2CCC3C(C4CCCCC4)CC(C4CCCCC4)C3C2)CC1
C1CCC(CC2CCC(C3CCCCC3CC3CCCCC3)CC2)CC1
C1CCC(C2CCC(C3CC(C4CCCC4)C4CCCCC34)CC2)CC1
C1CCC(C2CCC(C3CCC(C4CCCCC4)CC3)CC2)CC1
C1CCC(C2CCCC(C3CCC4CCCC4C3)C2C2CCCCC2)CC1
C1CCC(CC2CCCC(C3CCCCC3)C2)CC1
C1CCC(CCC2CCC(C3CCCCC3)CC2)CC1
C1CCC(CCCCC2CCCCC2)CC1
C1CCC(CCC2CCCC(C3CCCCC3CC3CCCCC3)C2)CC1
C1CCC(CC2CCC(C3CCC(CC4CCC(C5CCCCC5)C4)CC3C3CCCCC3)CC2)CC1
C1CCC(CC2CCCCC2C2CC(CC3CC(C4CCCCC4)C4CCCCC34)CC(C3CCCC3)C2)CC1
C1CCC(CCCCC2CCC(C3CCC(CC4CCC(CC5CCCCC5)CC4)CC3)CC2)CC1
C1CCC(C2CCCCC2C2CCCCC2)CC1
C1CCC(CC2CCC(CCC3CCC(CC4CCC(CCC5CC6CCCCC6C5)CC4)CC3)CC2)CC1
C1CCC(CC2CCC(CCC3CCC(C4CCCC(CCC5CCCC5)C4)CC3)CC2)CC1
C1CCC(C2CCC3CCC(C4CCCC(CCC5CC6CCCCC6C5)C4)C3C2)CC1
C1CCC(C2CCC(C3CCC(C4CCCC(C5CCCCC5)C4)C3)CC2)CC1
C1CCC(CC2CCCCC2CC2CCCCC2C2CCCCC2)CC1
C1CCC(CCCCC2CCCC(CC3CCCCC3)C2)CC1
C1CCC(C2CCC(CCC3CCCC3)CC2)CC1
C1CCC(CCC2CCC(CC3CCCCC3C3CCCC3)CC2)CC1
C1CCC(CCC2CCC(C3CCC(C4CCCCC4)CC3)CC2)CC1
C1CCC(CC2CCCC(C3CCC(CC4CCC5C(CC6CCC(CC7CCCC7)CC6)CCC5C4)CC3)C2)CC1
C1CCC(C2CCCCC2)CC1
C1CCC(C2CCC(C3CCCCC3CC3CC(C4CCCCC4)C4CCCCC34)CC2)CC1
C1CCC(C2CCC(C3CCCCC3CC3CC4CCCCC4C3)C2)CC1
C1CCC(C2CCC(CCCC3CCC(C4CCCCC4C4CCCCC4)CC3)CC2)CC1
C1CCC(CC2CCC(C3CCCC(C4CCCC5CCCCC54)C3)CC2)CC1
C1CCC(CC2CC(CC3CCCC(C4CCCCC4)C3)C3CCCCC23)CC1
C1CCC(CC2CCCCC2C2CCC(C3CCC4CCCCC43)C(C3CCCCC3)C2)CC1
C1CCC(CC2CCC(C3CCCCC3)CC2)CC1
C1CCC(C2CCCC(C3CCC(CC4CC4)CC3)C2)CC1
C1CCC(CC2CCCCC2C2CCCCC2)CC1
C1CCC(CC2CCC(C3CCCCC3)C(CC3CCCCC3)C2)CC1
C1CCC(C2CCC(CC3CCC(C4CCCC(CC5CCCC5)C4)CC3)CC2)CC1
C1CCC(CC2CCCC(CCCC3CCCC4CCCCC43)C2)CC1
C1CCC(CC2CCC(C3CCCCC3)CC2)CC1
C1CCC(C2CCC(C3CCC4CCCC4C3)CC2C2CCCCC2)CC1
C1CCC(CC2CCC(C3CCCC(C4CCCCC4)C3)CC2)CC1
C1CCC(C2CCC(CC3CCCC4CCCCC43)CC2)CC1
C1CCC(C2CCCC3CC(C4CCCCC4CC4CC4)CC32)CC1
C1CCC(C2CCCCC2C2CCCC(C3CCCC3)C2)CC1
C1CCC(CC2CCC(C3CCCCC3)CC2)CC1
C1CCC(CCC2CCCC2C2CCCC(CC3CCCCC3)C2)CC1
C1CCC(CCCCC2CCC(CC3CCC(CC4CC5CCCCC5C4)CC3)CC2)CC1
C1CCC(CC2CCC(C3CCC4CCCCC4C3)C2)CC1
C1CCC(C2CCC(CCCC3CCCCC3C3CCCCC3)CC2)CC1
C1CCC(CC2CCC(C3CCC(C4CCCCC4)CC3)CC2)CC1
C1CCC(C2CCC(C3CCCCC3C3CCCCC3)C(C3CCCCC3)C2)CC1
C1CCC(C2CCCC(C3CCC(CCC4CCCC4)CC3)C2)CC1
C1CCC(CCC2CCC(C3CCC3)C(CCC3CCCCC3)C2)CC1
C1CCC(CCC2CCC(CC3CCCCC3)CC2)CC1
C1CCC(CCCCC2CCC(CC3CCCCC3)CC2)CC1
C1CCC(C2CCC(C3CCCCC3C3CCCC(C4CCCCC4)C3)CC2)CC1
C1CCC(C2CCC(CCCC3CCC(C4CCCCC4)CC3)CC2)CC1
C1CCC(CC2CCCCC2C2CCC(CC3CCCC3)CC2C2CC3CCCCC3C2)CC1
C1CCC(C2CCCCC2)CC1
C1CCC(C2CCC3C(CCCC3C3CCCCC3C3CCC4CCCC4C3)C2)CC1
C1CCC(CCC2CCCCC2CC2CCCCC2)CC1
C1CCC(CCC2CCC(CC3CCCCC3)CC2)CC1
C1CCC(C2CCC(CC3CCC(CC4CCCC(C5CCCCC5)C4)CC3)CC2)CC1
C1CCC(CCC2CCC(CC3CCCCC3C3CCCCC3)CC2)CC1
C1CCC(CCC2CCCCC2)CC1
C1CCC(C2CCC(CC3CC(C4CCCCC4)CC(C4CCCC4)C3)CC2)CC1
C1CCC(CC2CCC(CC3CCCCC3)CC2)CC1
C1CCC(C2CCCCC2C2CCC3CCCC3C2)CC1
C1CCC(C2CCCC(C3CCCC(C4CCCCC4)C3)C2)CC1
C1CCC(CCC2CCCC(C3CCCCC3C3CCCC3)C2)CC1
C1CCC(CC2CCC(C3CCCCC3)CC2)CC1
C1CCC(C2CCC(CC3CCCCC3C3CCC(C4CCC5CCCCC5C4)CC3)CC2)CC1
C1CCC(CCCC2CCC(CC3CCCCC3)CC2)CC1
C1CCC(CC2CCC(C3CCCC(CC4CC4)C3)CC2)CC1
C1CCC(CC2CCCC(CCC3CCC(CCCC4CC4)CC3)C2)CC1
C1CCC(CC2CCC(CC3CCCCC3)C(CC3CCCCC3)C2)CC1
C1CCC(CCCC2CC3CCC(C4CCCC4)CC3C(C3CCCCC3)C2)CC1
C1CCC(CCC2CCCC(CC3CCCCC3)C2)CC1
C1CCC(CC2CC(C3CCCCC3)CC(C3CCCC(C4CCC4)C3)C2)CC1
C1CCC(CCCC2CCC(CC3CCCCC3)CC2)CC1
C1CCC(CC2CCC(C3CCCCC3C3CCCCC3)CC2)CC1
C1CCC(CC2CC(C3CCCCC3)CC(C3CC3)C2)CC1
C1CCC(CC2CCC(C3CCCCC3)CC2)CC1
C1CCC(CC2CC(CC3CCC(C4CCCCC4)CC3)CC(C3CCCC3)C2)CC1
C1CCC(C2CCCC(C3CCCC3)C2)CC1
C1CCC(CC2CCC(CC3CCC(CCC4CC4)CC3)CC2)CC1
C1CCC(CC2CCCC(C3CCCC(CC4CCCC(C5CCCCC5)C4)C3)C2)CC1
C1CCC(CC2CCCCC2C2CCCC(CC3CCC4CCCCC43)C2)C1
C1CCC(CC2CCCC(C3CCCCC3CC3CCC(C4CCCCC4)CC3)C2)CC1
C1CCC(CCC2CCC(CCCC3CCC(C4CCC4)CC3)CC2)CC1
C1CCC(CC2CCC(CCC3CCC(C4CCCC(C5CCCCC5)C4)CC3)CC2)CC1
C1CCC(CC2CCCCC2C2CCC(C3CCCCC3C3CCCC3)CC2)CC1
C1CCC(CC2CCC(CC3CCCCC3)CC2)CC1
C1CCC(CCCC2CC(C3CCC4CCCC4C3)CCC2CCC2CCC3CCCC3C2)CC1
C1CCC(CC2CCC(C3CCCC(CC4CC4)C3)CC2)CC1
C1CCC2CC(C3CC(C4CCC5CCCCC54)CC4CCCCC43)CCC2C1
C1CCC(CCC2CC(CC3CCCCC3)CCC2C2CCCCC2)CC1
C1CCC(C2CCC(CC3CCC4C(C5CCCC5)CC(C5CCC6CCCCC6C5)C4C3)CC2)CC1
C1CCC(C2CCC(CCC3CCCCC3C3CCCCC3)CC2)CC1
C1CCC(CC2CCCCC2C2CCCCC2C2CCCCC2)CC1
C1CCC(CC2CCC(C3CCCCC3)CC2C2CC2)CC1
C1CCC(CC2CCC3C(CCC3C3CCCC(C4CCCCC4)C3)C2)CC1
C1CCC(CC2CC(CC3CCC(C4CCCCC4)CC3)C3CCCCC23)CC1
C1CCC(CCCC2CCCCC2CC2CCC(CCC3CCCCC3)CC2)CC1
C1CCC(CC2CCCC(CCCC3CC(C4CCCCC4)C4CCCCC34)C2)CC1
C1CCC(C2CCCCC2C2CCCC(C3CCC3)C2)CC1
C1CCC(C2CCC(CCCC3CCC(CC4CCCC(C5CCC6CCCCC65)C4)CC3)CC2)CC1
C1CCC(CCC2CCC(C3CCC(CC4CCC(CC5CC5)CC4)CC3)CC2)CC1
C1CCC(C2CCC(C3CCCCC3CC3CC(C4CCCCC4)CCC3C3CCCCC3)C2)CC1
C1CCC(CCCC2CCCC(CC3CCC(CC4CCCCC4)CC3)C2)CC1
C1CCC(CC2CCC(C3CCCCC3CC3CCCCC3)CC2)CC1
C1CCC(CCCC2CCC(CC3CCCC(C4CCCCC4)C3)CC2)CC1
C1CCC(C2CCC(CC3CCCCC3C3CCC4CCCCC4C3)CC2)CC1
C1CCC(C2CCCC(CCC3CCCC(C4CCCC(C5CCC6CCCCC6C5)C4)C3)C2)CC1
C1CCC(CCC2CCC3C(CC4CCC(CC5CCCCC5)CC4)CCCC3C2)CC1
C1CCC(C2CCC(CCC3CCCCC3CCC3CCC(C4CCCCC4)CC3)CC2)CC1
C1CCC(CCC2CC(C3CCC(C4CCCCC4)CC3)C3CCCCC23)CC1
C1CCC(CC2CC(CCC3CCCC(C4CCCCC4)C3)C3CCCCC23)CC1
C1CCC(CC2CC3CCC(CC4CCC4)CC3C(C3CCCCC3)C2)CC1
C1CCC2CC(C3CCCCC3CCC3CC4CCCCC4C3)CCC2C1
C1CCC(CC2CCC(CCC3CC(CC4CCCCC4)CCC3C3CCCCC3)CC2)CC1
C1CCC(C2CCC(CC3CCCC(C4CCCCC4)C3)CC2)CC1
C1CCC(CC2CCC(C3CCCCC3C3CCC(CCC4CC4)CC3)CC2)CC1
C1CCC(CC2CCC(C(CC3CC3)C3CCCC(C4CCCCC4)C3)CC2)CC1
C1CCC(CCC2CCCC(CC(CC3CCCCC3)C3CCCCC3)C2)CC1
C1CCC(C2CCCC(CCCCC3CCC(C4CCC4)CC3)C2)CC1
C1CCC(CCCCCC2CCCC(C3CCC4CCCCC4C3)C2)CC1
C1CCC(C2CCCC(C3CCCCC3)C2)CC1
C1CCC(CC2CCCC(C3CCCC(C4CCCCC4)C3)C2)CC1
C1CCC(CC2CCC(CC3CCCCC3)C(C3CCCC3)C2)CC1
C1CCC(CCC2CCCC(C3CCCC(CC4CCCCC4)C3)C2)CC1
C1CCC(CC2CCCC(C3CCCC3)C2)CC1
C1CCC(C2CCC(C3CCC(CC4CC5CCCCC5C4)CC3)CC2)C1
C1CCC(CC2CCCCC2C2CCCC(C3CCCC(C4CCCCC4)C3)C2)CC1
C1CCC(CCC2CCC(C3CC3)CC2C2CCC3C(CC4CCCCC4)CCCC3C2)CC1
C1CCC(CCC2CCCCC2C2CCC(C3CCCCC3)C2)CC1
C1CCC(CC2CCC3CC(C4CCCCC4)CCC23)CC1
C1CCC(CCC2CCCC(C3CCCCC3C3CCCCC3)C2)CC1
C1CCC(CC2CCCCC2C2CCCCC2)CC1
C1CCC(C2CCC(CC3CCCCC3C3CCCCC3)C(C3CCCCC3)C2)CC1
C1CCC(C2CCCC(CCCC3CCC4C(CCC4C4CCCC4)C3)C2)CC1
C1CCC(CC2CCC(CC3CCCC(CCC4CC4)C3)CC2)CC1
C1CCC(C2CCC(C3CCCC(C4CCCCC4)C3)CC2)CC1
C1CCC(CCCC2CCCCC2C2CCC(C3CCCCC3)CC2)CC1
C1CCC(CCCCC2CCC(CCC3CCCC(C4CCC5CCCCC54)C3)CC2)CC1
C1CCC(CC2CCCCC2CC2CCCCC2)CC1
C1CCC(CC2CCCC(CC3CCC(C4CCCC(C5CCCC5)C4)CC3)C2)CC1
C1CCC(CC2CCC(C3CCCCC3C3CCCCC3)CC2)CC1
C1CCC(C2CCC(C3CCCCC3C3CCCCC3)CC2)CC1
C1CCC(C2CCCC(CCC3CCC4CCCCC43)C2)CC1
C1CCC(CCC2CCC(CCC3CCCCC3)C(CCC3CCCCC3)C2)CC1
C1CCC(CC2CCC(C3CCC(C4CCCCC4)CC3)CC2)CC1
C(CCCC1CCC2CCCCC2C1)CCC1CCC(CCCC2CC3CCCCC3C2)CC1
C1CCC(C2CCCC(C3CCC4CCCCC43)C2)CC1
C1CCC(CCC2CCC(C3CCC(CC4CC(CC5CCCCC5)C5CCCCC45)CC3)CC2)CC1
C1CCC(CCCC2CCCC(C3CCC(CC4CCC(CC5CCCCC5)CC4)CC3)C2)CC1
C1CCC(CC2CCC(C3CCCCC3C3CCCC3)C(C3CCCC(C4CCCCC4)C3)C2)CC1
C1CCC(CCC2CC(C3CCCC3)CC(C3CCCC(CC4CCCCC4)C3)C2)CC1
C1CCC(CC2CCC(CC3CCCC(C4CCC(C5CCCCC5)CC4)C3)CC2)CC1
C1CCC(CC2CCC(CCC3CCCC(C4CCCCC4)C3)CC2)CC1
C1CCC(C2CCC3C(CCC3C3CCC(CC4CCCC4)CC3)C2)CC1
C1CCC(CCCCC2CCCC(C3CCC(CC4CCCC4)CC3)C2)CC1
C1CCC(C2CC(C3CCC(CC4CC5CCCCC5C4)CC3)C3CCCCC23)CC1
C1CCC(C2CCCC(C3CC(C4CCCCC4)CCC3CCC3CCCCC3C3CCCC3)C2)CC1
C1CCC(CC2CCCCC2C2CCC(C3CCCCC3)CC2CC2CCC2)CC1
C1CCC(CC2CCCC(CC3CCCCC3CC3CCCCC3)C2)CC1
C1CCC(C2CCCCC2)CC1
C1CCC(CC2CC(CC3CCC(C4CCCCC4)CC3)C3CCCCC23)CC1
C1CCC(C2CCCC(C3CCCC(CC4CCC5CCCCC54)C3)C2)CC1
C1CCC(CCC(C2CCCCC2)C2CCCCC2)CC1
C1CCC(C2CCCC(C3CCCCC3)C2)CC1
C1CCC(CCC2CCCC(C3CCCCC3)C2)CC1
C1CCC(CCC2CCC(CC3CCCCC3)CC2)CC1
C1CCC(CC2CCCCC2C2CCC3CCC(C4CCCCC4C4CCC5CCCC5C4)CC32)CC1
C1CCC(CC2CCC(CC3CCC(C4CCCC(C5CCCCC5)C4)CC3)CC2)CC1
C1CCC(CC2CCCC(CCCC3CC4CCCCC4C3)C2)CC1
C1CCC(C2CCCC(C3CCC(C4CCCCC4)CC3CCC3CCCC3)C2)CC1
C1CCC(CC2CCCC(C3CCCCC3)C2)CC1
C1CCC(CCCC2CC(CC3CCCC3)CC(C3CCCCC3)C2)CC1
C1CCC(CC2CCC(CC3CCC(C4CCCCC4)CC3)CC2)CC1
C1CCC(C2CCCC(C3CCCCC3)C2)CC1
C1CCC(CC2CC(C3CCCC4CCCCC43)C3CCCCC23)CC1
C1CCC(C2CCCCC2)CC1
C1CCC(CC2CCC(C3CCC3)CC2)CC1
C1CCC(C2CCCCC2)CC1
C1CCC(C2CCC(CCC(CC3CCC3)C3CCCC(C4CC4)C3)CC2)CC1
C1CCC(CCCCC2CCC(C3CCC(C4CCCC(C5CCCCC5)C4)CC3)CC2)CC1
C1CCC(C2CCCC(CCCCC3CCCCC3C3CCCCC3)C2)CC1
C1CCC(CCC2CCC(CCC3CCCC(CC4CCCCC4)C3)CC2)CC1
C1CCC(CCC2CC(CC3CCCC3)C3CCC(C4CCCCC4)CC23)CC1
C1CCC(CCCC2CCCCC2C2CCC(C3CCCCC3CC3CCCCC3)CC2)CC1
C1CCC(C2CCCCC2C2CCCC(C3CCC(C4CCC4)CC3)C2)CC1
C1CCC(CC2CC(C3CCC(C4CCC5CCCC5C4)CC3)C3CCCCC23)C1
C1CCC(CC2CCCC(CC3CCC(C4CCCC(C5CCCCC5)C4)CC3)C2)CC1
C1CCC(C2CCC(C3CCCC(CC4CC5CCCCC5C4)C3)CC2)CC1
C1CCC(C2CCCC(CCC3CCC(C4CCCC4)CC3)C2)CC1
C1CCC(CC2CC(CC3CCCCC3)CC(C3CCCCC3)C2)CC1
C(CCC1CC1)CCC1CCC2CCC(C3CCCCC3)CC2C1
C1CCC(CCC2CCC(CC3CCCCC3C3CCCCC3C3CCCCC3)CC2)CC1
C1CCC(C2CCCC(CCC3CCC4CCCC4C3)C2)CC1
C1CCC(CC2CCC(C3CCCC(CC4CCCCC4)C3)CC2)CC1
C1CCC(CC2CCC(CC3CCCC(CC4CC4)C3)CC2)CC1
C1CCC(CC2CCC(CCC3CC4CCCCC4C3)CC2)CC1
C1CCC(CC2CCC(CC3CCCCC3)CC2)CC1
C1CCC(CC2CCCC(C3CCCCC3)C2)CC1
C1CCC(C2CCCCC2)CC1
C1CCC(CC2CCC(CCC3CCCCC3CC3CCCCC3)CC2)CC1
C1CCC(CC2CCC(CC3CCCCC3)CC2)CC1
C1CCC(C2CCC(CC3CCC(C4CCCCC4C4CCCC4)CC3)CC2)CC1
C1CCC(C2CCCCC2)CC1
C1CCC(CC2CCCCC2C2CCCCC2)CC1
C1CCC(CCCCC2CCC(CCC3CCCCC3)C(CC3CCC(CCC4CC4)CC3)C2)CC1
C1CCC(CCCC2CCC(C3CC(C4CCCCC4)C4CCCCC34)CC2)CC1
C1CCC(CCC2CCCC(CC3CCC(C4CCCC(CC5CCCCC5)C4)CC3)C2)CC1
C1CCC(CC2CCCCC2C2CCCC3CC(C4CCCCC4)CCC32)CC1
C1CCC(C2CCCC(CCC3CCC(CC4CCC(C5CCC6CCCCC6C5)CC4)CC3)C2)CC1
C1CCC(CC2CCCC(C3CCCCC3)C2)CC1
C1CCC(CCCC2CCCC(CCC3CCCCC3CC3CCCC3)C2)CC1
C1CCC(CC2CC(CC3CCCCC3)C3CC(CC4CCC5CCCCC54)CCC23)CC1
C1CCC(CC2CCC(C3CCCCC3)CC2)CC1
C1CCC(C2CCCCC2C2CC3CCCCC3C2)CC1
C1CCC(CC2CCC(C3CC(C4CC4)CCC3CC3CCCCC3)CC2)CC1
C1CCC(CC2CCC(C3CCC(CC4CCC(C5CCCCC5)C4)CC3)CC2)CC1
C1CCC(C2CCC(C3CCCCC3)C(C3CCCCC3)C2)CC1
C1CCC(CC2CCC(C3CCCCC3)CC2)CC1
C1CCC(C2CCC(CC3CC3)CC2CCCC2CCCCC2C2CCCC2)CC1
C1CCC(CC2CC(C3CCCCC3)CC(C3CCCCC3)C2)CC1
C1CCC(CCC2CCC(CC3CCCC(C4CCCC(C5CCCCC5)C4)C3)CC2)CC1
C1CCC(CC2CCCC(C3CC(CC4CCCCC4)C4CCCCC43)C2)CC1
C1CCC(CC2CCC(CC3CCC(C4CCCCC4)CC3)CC2)CC1
C1CCC(CCCC2CCCC(CCC3CCCC3)C2)CC1
C1CCC(C2CCC(C3CCC4CCCCC4C3)C(CC3CC4CCCCC4C3)C2)CC1
C1CCC(C2CCCC(CCCC3CC4CCCCC4C3)C2)CC1
C1CCC(C2CCC(CC3CCC(C4CCCC4)CC3)CC2)CC1
C1CCC(C2CCCCC2)CC1
C1CCC(CC2CCCC(C3CCCC(C4CCCCC4)C3)C2)CC1
C1CCC(CC2CCC(CC3CCC(C4CCCC4)C(C4CCCCC4)C3)CC2)CC1
C1CCC(CC2CCC(CC3CCCCC3)CC2)CC1
C1CCC(C2CCCC(CCC3CCCC(C4CCCCC4)C3)C2)CC1
C1CCC(CCC2CCC(CC3CCCCC3)CC2)CC1
C1CCC(CC2CCCC(CC3CCC4CCCC(C5CCCCC5)C4C3)C2)CC1
C1CCC(C2CCC(CCC3CCC(C4CCC5CCCC5C4)C(C4CCC5CCCC5C4)C3)CC2)CC1
C1CCC(CCCC2CCCCC2CC2CCC(CCC3CCCCC3)C(C3CCCCC3)C2)CC1
C1CCC(CC2CCC(C3CCC(CC4CCCC4)CC3)CC2)CC1
C1CCC(CC2CCCC(C3CCCCC3CC3CCCCC3)C2)CC1
C1CCC(C2CCC(C3CCC(C4CCC5CCCCC54)CC3C3CCCC3)C2C2CCCCC2)CC1
C1CCC(CC2CCCCC2CCC(C2CCCCC2)C2CCCCC2)CC1
C1CCC(CC2CCCCC2C2CCCCC2)CC1
C1CCC(CC2CCC(CC3CCCC(CC4CCC(C5CCCCC5)CC4)C3)CC2)CC1
C1CCC(C2CCC(CCC(C3CCCCC3)C3CCCCC3)CC2)CC1
C1CCC(CCC2CCCC(C3CCCCC3)C2)CC1
C1CCC(C2CCCCC2C2CCC(C3CCCC3)CC2)CC1
C1CCC(C2CC(CC3CCC4CCCCC43)C(C3CCCCC3)C3CCCC23)CC1
C1CCC(C2CCCC(C3CCCC3)C2)CC1
C1CCC(CC2CCC(CCC(C3CCCCC3)C3CCCC(CC4CCCCC4)C3)CC2)CC1
C1CCC(CC2CCC(CC3CCC(C4CCCCC4)CC3)CC2)CC1
C1CCC(CC2CCCCC2C2CCCCC2)CC1
C1CCC(CCC2CCCC(CCC3CCCCC3)C2)CC1
C1CCC(C2CCC(CCC3CCCC(C4CCCCC4)C3)CC2)CC1
C1CCC(CC2CCC(C3CCC(CC4CCC(C5CCCCC5)CC4)CC3)CC2C2CC2)CC1
C1CCC(CCC2CCCC(CC3CCCCC3C3CCCCC3)C2)CC1
C1CCC(CCC2CCCC(CC3CCCC(C4CCCC(C5CCCCC5)C4)C3)C2)CC1
C1CCC(CCC2CCC(CC3CCCCC3C3CCCCC3)CC2)CC1
C1CCC(CC2CCCCC2CCC2CC(CC3CCCCC3)C3CCCCC23)CC1
C1CCC(C2CCCCC2C2CCCCC2)CC1
C1CCC(C2CCCC(C3CCCC(CC4CC5CCCCC5C4)C3)C2)CC1
C1CCC(CC2CCC(C3CCCC(CC4CCC(C5CCCCC5)C4)C3)CC2)CC1
C1CCC(CC2CCCC(CCC3CC(C4CCC(C5CCC5)CC4)C4CCCCC34)C2)CC1
C1CCC(CC2CCC(C3CCCCC3CC3CCCCC3)CC2)CC1
C1CCC(C2CCC(CC3CCC(CC4CCC5CCCCC54)C(C4CCCC4)C3)CC2)CC1
C1CCC(CCC2CCCC(C3CCCC(C4CCCCC4)C3)C2)CC1
C1CCC(CCCC2CCC(CC3CCCCC3)CC2)CC1
C1CCC(C2CCC(C3CCC(C4CCCCC4)CC3)CC2)CC1
C1CCC(CCC2CCCC(C3CCCC(CCC4CCCC4)C3)C2)CC1
C1CCC(C2CCCCC2CC2CCCC(CC3CCC4CCCCC43)C2)CC1
C1CCC(C2CCCC(C3CCC(C4CCCC(C5CCC6CCCC6C5)C4)CC3)C2)CC1
C1CCC(C2CCCC(C3CCC4CCCCC4C3)C2)CC1
C1CCC(C2CC(CC3CCCCC3C3CCCC3)CC3CCCCC32)CC1
C1CCC(CCC2CCC(CC3CCCC(CC4CCCCC4)C3)CC2)CC1
C1CCC(C2CCCC3CC(C4CCCCC4C4CCC5CCCC5C4)CCC32)CC1
C1CCC(C2CCC(CC3CCCC(C4CCCCC4)C3)CC2)CC1
C1CCC(CCCCC2CCCC(C3CCCCC3)C2)CC1
C1CCC(CC2CCC(CC3CCC(C4CCC4)CC3)CC2)CC1
C1CCC(CCC2CCCCC2)CC1
C1CCC(CCC2CCC(CC3CCCCC3)CC2)CC1
C1CCC(CC2CCCC(C3CCCCC3C3CCCCC3)C2)CC1
C1CCC(C2CCCC(C3CCCCC3)C2)CC1
C1CCC(C2CCCCC2)CC1
C1CCC(CCC2CCC(C3CCCC(CC4CCCCC4)C3)CC2)CC1
C1CCC(C2CCC(C3CCC(C4CCC(C5CCC6CCCCC65)CC4)CC3)CC2)CC1
C1CCC(CC2CCC(C3CCCC(CC4CCC4)C3)CC2)CC1
C1CCC(CCC2CCC(CC3CCCCC3)CC2)CC1
C1CCC(CC2CCC(C3CC(CC4CCCCC4)C4CCCCC43)CC2)CC1
C1CCC(CC2CCC(CC3CCCCC3C3CCCCC3)CC2)CC1
C1CCC(CC2CCCC(CC3CCCC(CC4CCC4)C3)C2)CC1
C1CCC(CC(CC2CCCCC2C2CCCCC2)C2CC3CCCCC3C2)CC1
C1CCC(C2CCC(C3CCC(C4CCCCC4)CC3C3CCCC3)CC2)CC1
C1CCC(CCC2CCC(C3CCCC(C(C4CCCCC4)C4CCCCC4)C3)CC2)CC1
C1CCC(C2CCC(C3CCCC3)CC2C2CCCC(CC3CCC3)C2)CC1
C1CCC(CC2CCCC(CC3CCCCC3C3CCCCC3)C2)CC1
C1CCC(C2CCC(C3CC(C4CCC(CC5CC6CCCCC6C5)CC4C4CCCC4)C4CCCCC34)CC2)C1
C1CCC(C2CCC(C3CCC(C4CCCCC4)CC3)CC2)CC1
C1CCC(CC2CCC(C3CCC4C(CCCC4C4CCCCC4)C3)CC2)CC1
C1CCC(CCC2CC(C3CCCCC3)CCC2C2CCCC(C3CCCCC3)C2)CC1
C1CCC(CCCC2CCC(C3CCC(CC4CCCCC4)CC3)CC2)CC1
C1CCC(CCC2CCCC(C3CCCCC3)C2)CC1
C1CCC(C2CCC(CCC3CC(C4CCCCC4)C4CCCCC34)CC2)CC1
C1CCC(CC2CCCC(C3CCCCC3)C2)CC1
C1CCC(CC2CCC3CC(C4CCCCC4C4CCCCC4)CCC23)CC1
C1CCC(C2CCC(CCC3CCCC(CC4CCCC(CC5CC6CCCCC6C5)C4)C3)C2)CC1
C1CCC(CCC2CCC3CC(C4CCC5CCCCC54)CCC3C2)C1
C1CCC(C2CCC(C3CCC(C4CCCC(C5CCCC5)C4)CC3)CC2)CC1
C1CCC(CCC2CCCC(C3CCCCC3CCC3CCCCC3)C2)CC1
C1CCC(C2CCC(C3CCCCC3C3CCCCC3)CC2)CC1
C1CCC(CCC2CCC(C3CCCCC3)CC2)CC1
C1CCC(CCC2CCCCC2CC2CCCCC2)CC1
C1CCC(CCCC2CCC(C3CC(C4CCCCC4)CC4CCCCC43)CC2)CC1
C1CCC(CC2CCCCC2C2CC(C3CCC(C4CCCCC4)CC3)C3CCCCC32)CC1
C1CCC(CC2CCCC(C3CCCCC3C3CCCCC3C3CCCCC3)C2)CC1
C1CCC(C2CCCCC2)CC1
C1CCC(C2CCC(C3CCC(C4CCC5CCCCC54)CC3)CC2)CC1
C1CCC(CC2CC(C3CCCCC3)CCC2C2CCC(C3CCCCC3)CC2)CC1
C1CCC(CC2CCC(CCC3CCC(CC4CCCC4)CC3)CC2)CC1
C1CCC(CCC2CCCC(C3CC(C4CCCCC4)C4CCCCC34)C2)CC1
C1CCC(CCCCC(CCCC2CCCCC2)C2CCCCC2)CC1
C1CCC(C2CCCCC2C2CCCCC2)CC1
C1CCC(CCCC2CCC(C3CCCCC3)CC2)CC1
C1CCC(CCCC2CCC(C3CCCCC3)CC2)CC1
C1CCC(C2CCCC(CC3CC(C4CCC5CCCCC54)C4CCCCC34)C2)CC1
C1CCC(CC2CCC(C3CCCCC3)CC2C2CCCC(C3CCCC3)C2)CC1
C1CCC(CC2CCCC(CC3CCCCC3)C2)CC1
C1CCC(CCCCCC2CCCC(C3CCC(CC4CCCCC4)CC3)C2)CC1
C1CCC(C2CCCC(C3CCC4CCCCC43)C2)CC1
C1CCC(C2CCCC(C3CCCCC3C3CCCC(C4CCCC5CCCCC54)C3)C2)C1
C1CCC(CCCC2CCC(CC3CC(C4CCCCC4)C4CCCCC34)CC2)CC1
C1CCC(CC2CCC(C3CCC(CC4CCCCC4)CC3)CC2)CC1
C1CCC(C2CCC(CCC3CC(C4CCCCC4)C4CCCCC34)CC2)CC1
C1CCC(C2CCCC(C3CCCC(CC4CCC5CCCC5C4)C3)C2)CC1
C1CCC(CC2CCCC(C3CCCCC3)C2)CC1
C1CCC(CCC2CCC(C3CCCCC3)CC2CCC2CCCCC2)CC1
C1CCC(CCC2CCC(CC3CCCC(C4CCC(C5CCCC5)CC4)C3)CC2)CC1
C1CCC(CC2CCCC(CC3CC(C4CCCCC4)C4CCCCC34)C2)CC1
C1CCC(CC2CCCCC2C2CC(C3CC3)CCC2CC2CCCCC2)CC1
C1CCC(CCCCC2CCC(CC3CCCC(CC4CCCCC4)C3)CC2)CC1
C1CCC(C2CCC(C3CCCCC3C3CCCCC3)CC2)CC1
C1CCC(CCC2CCC(CC3CC(CC4CCCCC4)CC(C4CCCC4)C3)CC2)CC1
C1CCC(CCC2CC(C3CCCCC3)CC(C3CCCCC3)C2)CC1
C1CCC(CC2CCC(CC3CCCCC3C3CCC4CCCC4C3)CC2)CC1
C1CCC(C2CCC(C3CCC(CCCCC4CCC(C5CCC6CCCC6C5)CC4)CC3)CC2)CC1
C1CCC(CC2CCCCC2C2CCCCC2)CC1
C1CCC2CC(C3CCC(CC4CC5CCCCC5C4)CC3C3CCCC3)CCC2C1
C1CCC(CC2CCC(C3CCCCC3CCCCCC3CCCC(C4CCCC4)C3)CC2)CC1
C1CCC(CCCC2CCC(C3CCC(CC4CCC(CC5CCCC5)CC4)CC3)CC2)CC1
C1CCC2CC(C3CCCCC3C3CCCCC3C3CCC4CCCCC4C3)CCC2C1
C1CCC(CC2CCCC(C3CC(C4CCCCC4)CC(C4CCCC4)C3)C2)CC1
C1CCC(CCCCC2CCCC(CC3CCC4CCCCC4C3)C2)CC1
C1CCC(CCCCC2CCC(CC3CCC(C4CCCCC4)CC3)CC2)CC1
C1CCC(CCC2CCC(CC3CCC(C4CCCCC4)CC3)CC2)CC1
C1CCC(C2CC(C3CCC4CCCCC43)CC3CCC(C4CCCCC4CC4CCCC4)CC32)CC1
C1CCC(C2CCCC2C2CC(C3CCC4CCCCC43)CC3CCCCC32)CC1
C1CCC(CC2CCCC(C3CCC(CC4CCCCC4C4CCC5CCCCC5C4)CC3)C2)CC1
C1CCC(C2CCCC(CCC3CCC4CC(C5CCCCC5)CCC34)C2)CC1
C(CCCC1CC2CCCCC2C1)CCC1CCC(CCC2CCC(CC3CC3)CC2)CC1
C1CCC(CC2CCC(CC3CCC(C4CCCCC4)CC3)CC2)CC1
C1CCC(CCC2CCC(C3CC(C4CCC5CCCCC5C4)C4CCCCC34)CC2)CC1
C1CCC(CCCC2CCCC(C3CCCC3)C2)CC1
C1CCC(CCC2CCCC(C3CCC(CC4CCCCC4)CC3)C2)CC1
C1CCC(CC2CCC(CC3CCCCC3)CC2)CC1
C1CCC(CC2CCCC(CC3CCCC(C4CCCCC4)C3)C2)CC1
C1CCC(CC(C2CCCCC2)C2CCCCC2CCC2CCC(C3CCC4CCCCC4C3)CC2)CC1
C1CCC(CCC2CCC3C(CC4CCCCC4)CC(C4CCCCC4)C3C2)CC1
C1CCC(C2CCCC(CCCC3CCC(CC4CC5CCCCC5C4)CC3)C2)CC1
C1CCC(CC2CC3CCC(C4CCCCC4)CC3C(C3CCCCC3)C2)CC1
C1CCC(CCC2CCCCC2)CC1
C1CCC(C2CCCC(CCC3CCC(C4CCC(C5CCC5)CC4)CC3)C2)CC1
C1CCC(CC2CCC(C3CCCCC3)CC2)CC1
C1CCC(CCC2CCCC(C3CCCCC3)C2)CC1
C1CCC(CCC2CCC(C3CCCC(CCC4CCCCC4)C3)CC2)CC1
C1CCC(CCC2CCC(C3CCCCC3)CC2CCC2CCCCC2)CC1
C1CCC(CCC2CCC3CC(CC4CCCCC4C4CCCC4)CC(C4CCCCC4)C3C2)CC1
C1CCC(C2CCCC(CC3CCCCC3CC3CCCC(CC4CCCC4)C3)C2)CC1
C1CCC(C2CCC(C3CCCCC3)CC2)CC1
C1CCC(CCC2CCC(C3CCCC(CC4CCC(C5CCCC(C6CC6)C5)CC4)C3)CC2)CC1
C1CCC(C2CCCC(C3CCCC(C4CCCCC4)C3)C2)CC1
C1CCC(C2CCCC3CCC(C4CCC(CC5CCCC5)CC4)CC32)CC1
C1CCC(C2CCC(CCC3CCCC(C4CCC(C5CCCC5)CC4)C3)CC2)CC1
C1CCC(C2CCC(CC3CCCC(C4CCCC(C5CCCC5)C4)C3)C2)CC1
C1CCC(CCC2CCC(C3CCCC(CC4CC5CCCCC5C4)C3)CC2)CC1
C1CCC(CCC2CCCC(C3CCCCC3)C2)CC1
C1CCC(CC2CCCCC2C2CCC(C3CCC3)CC2)CC1
C1CCC(CCCCC2CCC(C3CCC(C4CCCCC4)C(C4CCCC4)C3)CC2)CC1
C1CCC(CC2CC3CCCC(C4CCCCC4CC4CCCCC4)C3C2)CC1
C1CCC(C2CCCC(C3CC4CCCCC4C(C4CCCCC4)C3)C2)CC1
C1CCC(C2CCCC(CC3CCCC(C4CC5CCCCC5C4)C3)C2)CC1
C1CCC(C2CCCC(C3CCCC(C4CC5CCCCC5C4)C3)C2)CC1
C1CCC(C2CCCC3CCCCC32)CC1
C1CCC(CC2CCC(C3CCCCC3)C(C3CCC4CCCCC4C3)C2)CC1
C1CCC(C2CCCCC2C2CCCC(C3CCCC(C4CCC4)C3)C2)CC1
C1CCC(C2CCC(CC3CCCCC3C3CCCCC3)CC2)CC1
C1CCC(CC2CCCC(C3CCCC(C4CC4)C3)C2)CC1
C1CCC(C2CC3CC(C4CCCC(CCC5CCCCC5C5CCCCC5)C4)CC3C2)CC1
C1CCC(C2CCC(CC3CCCC(C4CCCC(C5CCC5)C4)C3)C2)CC1
C1CCC(CC2CCC(CCC3CCCC(C4CCCCC4)C3)CC2C2CCCCC2)CC1
C1CCC(C2CCCCC2C2CCC3C(CCCC3C3CC4CCCCC4C3)C2)CC1
C1CCC(CCCC2CCC(C3CCC(C4CCCCC4)CC3)CC2)CC1
C1CCC(CC2CCC(C3CCCCC3C3CCCC3)CC2)CC1
C1CCC(CC2CCCC(CC3CCCCC3)C2)CC1
C1CCC(C2CCCCC2C2CCCCC2)CC1
C1CCC(C2CCCC(C3CC4CCCCC4C(C4CCCCC4)C3)C2)CC1
C1CCC(CC2CCCC(CCC3CCC(C4CCCCC4)CC3)C2)CC1
C1CCC(CCC2CCCC(C3CCCCC3)C2)CC1
C1CCC(CC2CCC(C3CCCCC3)C(CC3CCCCC3)C2)CC1
C1CCC(CC2CCCC(C3CCCCC3)C2)CC1
C1CCC(C2CCC(C3CCCCC3)CC2)CC1
C1CCC(CC2CCCC(C3CCCC(C4CCC5CCC(C6CCCCC6)CC5C4)C3)C2)CC1
C1CCC(CC2CCC(C3CCCC(C4CCCC4)C3)CC2)CC1
C1CCC(C2CCC(C3CCCC(C4CC4)C3)CC2)CC1
C1CCC(C2CCC(CCC3CCCCC3C3CCCC3)C(C3CCCC3)C2)CC1
C1CCC(CCC2CCC(C3CCCCC3)CC2)CC1
C1CCC(C2CCC(C3CCCCC3)CC2)CC1
C1CCC(CCCCC2CCCCC2CC2CCCCC2)CC1
C1CCC(CCC2CCCCC2C2CCC(C3CCCCC3)CC2)CC1
C1CCC(C2CCC(C3CCCC(C4CCCCC4)C3)CC2)CC1
C1CCC(C2CCCC(C3CCCC(CC4CC(C5CCCCC5)C5CCCCC45)C3)C2)CC1
C1CCC(CC2CCC(CC3CCC(C4CCCCC4)CC3)CC2)CC1
C1CCC(CC2CCCC(C3CCCC(C4CCCCC4)C3)C2)CC1
C1CCC(CC2CCCC(C3CCCC(C4CCCCC4CCC4CCC5CCCC5C4)C3)C2)CC1
C1CCC(CC2CC(CC3CCC4CCCCC43)CC(C3CCCCC3)C2)CC1
C1CCC(CCC2CCC(CCC3CCC(C4CCCC4)CC3)CC2)CC1
C1CCC(CC2CCC(C3CCCC3)CC2)CC1
C1CCC(CCCCC2CCC(CC3CCCC(C4CCCC(C5CCCC5)C4)C3)CC2)CC1
C1CCC(C2CCC(C(C3CCCCC3)C3CCCCC3C3CCCCC3)CC2C2CCCCC2)CC1
C1CCC(C2CCC3C(CCCC3C3CCCCC3)C2)CC1
C1CCC(CC2CCCC(C3CCCCC3)C2)CC1
C1CCC(CC2CC(C3CC(C4CCCCC4)CC(C4CCC4)C3)C3CCCCC23)CC1
C1CCC(C2CCC3C(CCCC3C3CCCCC3)C2)CC1
C1CCC(C2CCC(CC3CCC(CC4CCCCC4C4CCCCC4)CC3)CC2)CC1
C1CCC(C2CCCC(CCC3CCC(C4CCCCC4C4CCC5CCCC5C4)CC3)C2)CC1
C1CCC(CC2CCC(CCCCC3CCCC(C4CC4)C3)CC2)CC1
C1CCC(CC2CCC(C3CCCCC3C3CCC4CCCCC4C3)CC2)CC1
C1CCC(CCC2CCC(C3CCCC(C4CC4)C3)CC2)CC1
C1CCC(CC2CCC(CC3CCCCC3)CC2)CC1
C1CCC(CCCCC2CCC(C3CCC(CC4CCCCC4)CC3)CC2)CC1
C1CCC(C2CCCCC2CC2CCCC(C3CCCC(CCC4CCCC4)C3)C2)CC1
C1CCC(C2CC(CC3CCC(CCC4CCCC4)C(C4CCC5CCCC5C4)C3)C3CCCCC32)CC1
C1CCC(CC2CC(C3CCCC3)C3CC(C4CCCCC4)CCC23)CC1
C1CCC(CC2CCCCC2C2CCCC(CCC3CCC(C4CCCC4)CC3)C2)CC1
C1CCC(C2CCCC(C3CC(C4CCCCC4)C(C4CCCCC4)C(C4CC4)C3)C2)CC1
C1CCC(CC2CCC(C3CCCC3)C(C3CCCCC3)C2)CC1
C1CCC(C2CCCCC2)CC1
C1CCC(CC2CCCC(C3CCCC(C4CCCC4)C3)C2)CC1
C1CCC(CCC2CCC(CC3CCCCC3)CC2)CC1
C1CCC(C2CCCC(C3CCC(C4CCCCC4C4CCCCC4C4CCCC4)CC3)C2)CC1
C1CCC(C2CCC(CCC3CCCCC3C3CCCC3)CC2)CC1
C1CCC(C2CCC(C3CCCCC3)CC2)CC1
C1CC(CCC2CC2)CC(C2CCC3CCCC3C2)C1
C1CCC(C2CCC(CCC3CCC(C4CCC5CCCCC5C4)CC3)C2)C1
C1CCC(CC2CCC(CCC3CCC(C4CCCCC4)CC3)CC2)CC1
C1CCC(C2CCC(CCC3CCC(CC4CCCCC4C4CCCCC4)CC3)CC2)CC1
C1CCC(CCC2CC(C3CCC4CCCCC43)CC3CCCCC32)CC1
C1CCC(C2CCCC(C3CCC(C4CCCCC4C4CCCCC4)C3)C2)CC1
C1CCC(CC2CCC(CCC3CCCC(C4CCCCC4)C3)CC2)CC1
C1CCC(CC2CC(CC3CCCC(C4CCCCC4)C3)C3CCCCC23)CC1
C1CCC(CC2CCC(CC3CCCCC3)CC2)CC1
C1CCC(CCC2CCCCC2)CC1
C1CCC2CC(CC3CCCC(C4CCCCC4C4CCCC4)C3)CC2C1
C1CCC(CC2CCC(CC3CCCC(CC4CCCCC4)C3)CC2)CC1
C1CCC(CCC2CCC(C3CCCCC3C3CCC4CCCCC4C3)CC2)CC1
C1CCC(C2CC3CCCCC3C(C3CCC(C4CCCC4)CC3)C2)CC1
C1CCC(CCCCC2CCC(C3CCCCC3)CC2)CC1
C1CCC(CCCC2CCCC(C3CCCCC3)C2)CC1
C1CCC(C2CCCC(CCC3CC4CCCCC4C3)C2)CC1
C1CCC(CC2CCCC(C3CCCC(C4CCCCC4)C3)C2)CC1
C1CCC(CC2CCCCC2CCCC2CCC(C3CCCCC3)C(C3CCCCC3)C2)CC1
C1CCC(CCC2CCC(C3CCCCC3)CC2)CC1
C1CCC(C2CCCCC2CC2CCC(CC3CCCC(C4CCCC4C4CCCCC4)C3)CC2)CC1
C1CCC(CCCCC2CC(CC3CCCCC3)CC3CCC(C4CCCCC4)CC23)CC1
C1CCC(CC2CCCCC2C2CCCC(C3CCCCC3)C2)CC1
C1CCC(CCC2CCCC(C3CCCC(CC4CCCCC4)C3)C2)CC1
C1CCC(CC2CCCCC2C2CCCCC2C2CCC3CCCC3C2)CC1
C1CCC(CCCCC2CCC(CC3CCC(CCC4CCCCC4)CC3)CC2)CC1
C1CCC(C2CCC(C3CCC(C4CCCCC4C4CCCCC4)CC3)CC2)CC1
C1CCC(C2CCC(C3CCCCC3CC3CCC(CC4CCCC4)CC3)CC2)CC1
C1CCC(C2CCCC(C3CCC(C4CCCC4C4CCCCC4)CC3)C2)CC1
C1CCC(CCCC2CCC(CC3CCC(C4CCCCC4)CC3)CC2)CC1
C1CCC(CCCC2CCC(CC3CCC(CC4CCCCC4)CC3)CC2)CC1
C1CCC(CC2CCCC(C3CCC(CCCC4CCC(C5CCCCC5)CC4)CC3)C2)CC1
C1CCC(CCC2CCC(CC3CCCCC3)CC2)CC1
C1CCC(CCCC2CC(C3CCCCC3)CC3CCCCC32)CC1
C1CCC(CC2CCC(C3CCCC(CC4CCC(C5CCCCC5)CC4)C3)CC2)CC1
C1CCC(CC2CCCCC2)CC1
C1CCC(CCCCC2CC(C3CCCC(C4CCCCC4)C3)C3CCCCC23)CC1
C1CCC(C2CCC(C3CCC(C4CCC5CCCC5C4)CC3)CC2)CC1
C1CCC(CCC2CCC(C3CCCCC3)CC2CCC2CCCCC2)CC1
C1CCC(CC2CCCC(C3CCC4CC(C5CCC6CCCCC65)CCC4C3)C2)CC1
C1CCC(CC2CC(CC3CCCCC3)C3CC(C4CCCCC4)CCC23)CC1
C1CCC(CC(CC2CCCCC2)C2CCCC3CC(C4CCCCC4)CCC32)CC1
C1CCC(CCC2CCCCC2C2CCCCC2)CC1
C1CCC(C2CCC(C3CCC(CC4CC4)CC3)CC2)CC1
C1CCC(C2CCC(C3CCC(C4CCCC4)CC3)C(CCC3CC3)C2)CC1
C1CCC(CC2CC(CCC3CCC(C4CCCCC4)CC3)CCC2C2CCC2)CC1
C1CCC(C2CCCCC2C2CCC(CC3CCC(C4CCCC4)CC3)CC2)CC1
C1CCC(CCCC2CC(C3CCC(C4CCC(CC5CCCCC5)CC4)CC3)CCC2CC2CCC2)CC1
C1CCC(C2CCCC(C3CCCC(C4CCCCC4)C3)C2)CC1
C1CCC(CC2CCC3CC(C4CCCCC4)CCC23)CC1
C1CCC(CC2CCC(CCC3CCCCC3CC3CCCCC3)C(C3CCC4CCCCC4C3)C2)CC1
C1CCC(CC2CC(C3CCCCC3C3CCCCC3)C3CCCCC23)CC1
C1CCC(C2CCCC3CC(C4CCCC(CC5CCC6CCCCC65)C4)CCC32)CC1
C1CCC(C2CCCC(CCC3CC4CCCCC4C3)C2)CC1
C1CCC(CCC2CCCCC2CC2CC3CCCCC3C2)CC1
C1CCC(CC2CCCC(CC3CCCCC3)C2)CC1
C1CCC(CCC2CCC(C3CCCCC3)CC2CC2CCCCC2C2CCC3CCCCC3C2)CC1
C1CCC(C2CCC(C3CCCC(CC4CCC4)C3)CC2)CC1
C1CCC(C2CC(C3CCC4CCCCC43)CC3CCCCC32)CC1
C1CCC(C2CCC(CCCCC3CCCC(CC4CC4)C3)CC2)CC1
C1CCC(C2CCC(C3CCCCC3C3CCCC3)CC2)CC1
C1CCC(CCCC2CCC(CC3CCCC4CCCCC43)CC2)CC1
C1CCC(CCC2CCC(C3CCCC(CCC4CCCC(CC5CCCCC5)C4)C3)CC2)CC1
C1CCC(CC2CCCCC2C2CCCC(C3CCCCC3)C2)CC1
C1CCC(CCC2CCCC(C3CCCCC3)C2)CC1
C1CCC(C2CCCC(C3CCC(CCC4CCC(C5CC(C6CCCCC6)C5)CC4)CC3)C2)CC1
C1CCC(CC2CCCC(C3CCCCC3C3CCCC3)C2)CC1
C1CCC(CCC2CCCC(CC3CCCCC3)C2)CC1
C1CCC(CC2CCC(CCCC3CCCCC3CC3CCCCC3)CC2)CC1
C1CCC(CC2CCCC(C3CCCCC3)C2)CC1
C1CCC(CC2CCCCC2C2CCCCC2)CC1
C1CCC(C2CCCC(CC3CC4CCCC(C5CC6CCCC6C5)C4C3)C2)CC1
C1CCC(C2CCC(C3CCC(C4CCCC4)CC3)CC2C2CCCC(CC3CCCC3)C2)CC1
C1CCC(CC2CCCC(C3CCC4CCCCC43)C2)CC1
C1CCC(CCCCC2CCC(CC3CCC(C4CCCCC4C4CCCC4)CC3)CC2)CC1
C1CCC(CC2CCCC(CCC3CCCCC3C3CCCCC3)C2)CC1
C(CCCC1CCCCC1C1CCCCC1)CCC1CCCCC1
C1CCC(CCCCC2CCCC(C3CCCCC3)C2)CC1
C1CCC(CC2CCC(CCCCC3CCC(C4CCCCC4)CC3C3CCCC3)CC2)CC1
C1CCC(CCC2CCC(C3CCC(CCC4CCC4)CC3)CC2)CC1
C1CCC(CCCC2CCC(CC3CCC(C4CCCC4)CC3)CC2)CC1
C1CCC(CCC2CCCCC2CCC2CCC(CC3CCCCC3)CC2)CC1
C1CCC(CC2CCCC2CC2CCCC2C2CCC(C3CCCC(CC4CCCC4)C3)CC2)CC1
C1CCC(CCCC2CCCC(C3CCCCC3)C2)CC1
C(CCCC1CCC(CC2CCCCC2)CC1)CCC1CCCCC1
C1CCC(C2CCCC(CC3CCCC4CC(C5CCCCC5)CCC34)C2)CC1
C1CCC(C2CC(CCC3CCCC(CCC4CC5CCCCC5C4)C3)C3CCCCC32)CC1
C(CCCC1CC2CCCCC2C1)CCC1CCC(CCC2CCCC(C3CCCC3)C2)CC1
C1CCC(CCCCCC2CCCC(CC3CCCC(C4CCCCC4)C3)C2)CC1
C1CCC(CC2CCCCC2C2CCC(C3CCCCC3)CC2)CC1
C1CCC(C2CCCCC2CC2CCC(C3CCCC(C4CCCC4)C3)CC2)CC1
C1CCC(C2CCC(C3CC(C4CCCCC4)C4CCCCC34)CC2)CC1
C1CCC(CC2CCCC(CC3CCCCC3)C2)CC1
C1CCC(C2CCC(CCCC3CCCC(C4CCCCC4)C3)CC2)CC1
C1CCC(CCC2CCCC(C3CCCCC3)C2)CC1
C1CCC(C2CCC(C3CCC(C4CCC5CCCC5C4)CC3)CC2)CC1
C1CCC(C2CCCCC2C2CCCCC2)CC1
C1CCC(CCCC2CCC(CC3CCCCC3)CC2)CC1
C1CCC(C2CCC(CCC3CCC(CC4CCCC4)CC3)CC2)CC1
C1CCC(CC2CCC(CC3CCC(CCC4CCCCC4C4CCCCC4)CC3)CC2)CC1
C1CCC(C2CCCCC2C2CCCCC2)CC1
C1CCC(CC2CCCC(C3CCC(C4CCCCC4)CC3)C2)CC1
C1CCC(C2CCC(CC3CCC(CC4CCC(C5CC5)CC4)CC3)CC2)CC1
C1CCC(CC2CCCCC2C2CCC3CC(C4CCCCC4)CCC3C2)CC1
C1CCC(C2CCCC(C3CCC(C4CCCCC4)C3)C2)CC1
C1CCC(C2CC(C3CCCCC3)CC(C3CCC3)C2)CC1
C1CCC(CCCC2CCCC(CCCCCC3CCC4CCCC4C3)C2)CC1
C1CCC(C2CCCC(CC3CCC4CCCCC4C3)C2)CC1
C1CCC(CCC2CCC(C3CCCCC3)CC2)CC1
C1CCC(CCC2CCC(CCC3CCCC(CC4CCCCC4)C3)CC2)CC1
C1CCC(CC2CC(CC3CCCC(C4CCCC(C5CCCCC5)C4)C3)C3CCCCC23)CC1
C1CCC(C2CCCCC2)CC1
C1CCC(CC2CCC(C3CCC(C4CCCC(C5CCCC(CC6CCC6)C5)C4)CC3)CC2)CC1
C1CCC(C2CCCC(C3CCC4CC(C5CCCCC5)CCC4C3)C2)CC1
C1CCC(CCCC2CCC(CC3CCCCC3)CC2)CC1
C1CCC(CCCC2CCC(C3CCCC(C4CCCCC4)C3)CC2)CC1
C1CCC(CCC2CCC(CC3CCCCC3)CC2)CC1
C1CCC(CC2CCCCC2C2CCCC(CC3CC3)C2)CC1
C1CCC(CCCC2CCC(C3CCC(C4CCCCC4)CC3)CC2)CC1
C1CCC(CC2CCC(C3CCCCC3C3CCCCC3)CC2)CC1
C1CCC(CC2CCCCC2C2CCCCC2)CC1
C1CCC(CC(C2CCCCC2)C2CCCCC2)CC1
C1CCC(CC2CCCCC2C2CCCC(CC3CCCC(C4CCCCC4)C3)C2)CC1
C1CCC(CC2CCC(CC3CC4CCCCC4C3)CC2)CC1
C1CCC(CCCC2CCCC(CC3CC3)C2)CC1
C1CCC(C2CCC(CC3CCCC(C4CCCCC4)C3)CC2)CC1
C1CCC(CC2CCC(CC3CCCCC3)C(CC3CCCC3)C2)CC1
C1CCC(CCC2CCC(CCC3CCCCC3)CC2)CC1
C1CCC(CC2CCC(C3CCCC(CC4CCCCC4)C3)CC2)CC1
C1CCC(CCC2CCCC(C3CCCCC3)C2)CC1
C1CCC(CC2CC(CC3CCCCC3)C3CC(C4CCCCC4)CCC23)CC1
C1CCC(CC2CCC(CC3CC4CCCCC4C(C4CCCC4)C3)CC2)CC1
C1CCC(CCC2CCC(C3CCCCC3)CC2)CC1
C1CCC(CC2CCC(C3CCC(CC4CCCC4)CC3)CC2)CC1
C1CCC(CCCC2CC(C3CCCC(C4CCCC4)C3)C3CCCCC23)CC1
C1CCC(CC2CCCC(CCC3CCCC(CC4CCCC4)C3)C2)CC1
C1CCC(C2CCCC3CCCCC32)CC1
C1CCC(CC2CCC(CC3CCCC3)CC2)CC1
C1CCC(C2CCC(C3CCC(CC4CCC(C5CCCCC5C5CCCC5)CC4)CC3)CC2)CC1
C1CCC(C2CCCC(C3CCC(C4CCCC5CC(C6CCCCC6)CCC54)C3)C2)CC1
C1CCC(CCC2CCC(CC3CCCC(CC4CCC(C5CCCCC5)CC4)C3)C2)CC1
C1CCC(C2CCCC(C3CCCCC3)C2)CC1
C1CCC(CCC2CCC(CC3CCCC(C4CCCC(C5CCCC5)C4)C3)CC2)CC1
C1CCC(C2CCCC(C3CCCCC3)C2)CC1
C1CCC(CC2CC(CCC3CCC(C4CCCCC4)CC3)C3CCCCC23)CC1
C1CCC(CC2CCCC(C3CCCCC3)C2)CC1
C1CCC(CC2CCCC(CCCCC3CCCC3)C2)CC1
C1CCC(C(C2CCC2)C2CCCC(CC3CCC(CC4CC5CCCCC5C4)CC3)C2)CC1
C1CC(CC2CC3CCCCC3C2)CC(CC2CCC(C3CC3)CC2CCC2CC3CCCCC3C2)C1
C1CCC(CCCC2CCCC(C3CCCCC3)C2)CC1
C1CCC(C2CCC(CC3CCC(C4CCCCC4)CC3)CC2)CC1
C1CCC(C2CCCCC2)CC1
C1CCC(C2CC(C3CCCCC3)CC(C3CCCCC3)C2)CC1
C1CCC(C2CCC(C3CCC(CC4CC5CCCCC5C4)CC3)CC2)CC1
C1CCC(C2CCC3CC(CCC4CCCC(C5CCCCC5C5CCCC5)C4)CCC32)CC1
C1CCC(CCCCC2CCC(CC3CCCCC3)CC2)CC1
C1CCC(CCCC2CC(C3CCCCC3C3CCCCC3)C3CCCCC23)CC1
C1CCC(C2CCCC(C3CCC(C4CCCCC4)C(C4CCCCC4)C3)C2)CC1
C1CCC(CCC2CCC(CCCC3CCCC(C4CCCCC4)C3)CC2)CC1
C1CCC(C2CCCCC2C2CCCCC2C2CCCC2)CC1
C1CCC(CCCC2CCCC(C3CCC(C4CCCCC4)C3)C2)CC1
C(CCCC1CCCCC1)CCCC1CCCC(C2CCCCC2)C1
C1CCC(C2CCCC(CCC3CCCC(C4CCCCC4)C3)C2)CC1
C1CCC(CC2CCC(CCC3CCC(C4CCCC(C5CCCCC5)C4)CC3)CC2)CC1
C1CCC(CC2CC(C3CCCCC3)C3CC(C4CCCCC4)CCC23)CC1
C1CCC(CCC2CCCC(C3CCC(C4CCCCC4)CC3)C2)CC1
C1CCC(CC2CCCC(C3CCCC(CC4CCCCC4)C3)C2)CC1
C1CCC(CCCC2CCCC(C3CCCC(CCC4CCCCC4)C3)C2)CC1
C1CCC(CC2CCC(CC3CCC(CCCC4CC4)CC3)CC2)CC1
C1CCC(CC2CC(C3CCCCC3CC3CCCCC3)C3CCCCC23)CC1
C1CCC(CC2CCC(C3CC4CCCCC4C3)CC2)CC1
C1CCC(CCC2CCC(C3CCC(CC4CCCCC4)CC3)CC2)CC1
C1CCCCC1
C1CCC(C2CCC(C(CC3CCC4CCCCC4C3)C3CCCCC3)CC2)CC1
C(CCCC1CCC(CC2CCCCC2)CC1)CCC1CCCCC1
C1CCC(C2CC(CC3CCCC(C4CCC5CCCCC5C4)C3)C3CCCCC32)CC1
C1CCC(C2CCC(C3CCCCC3C3CCCC(C4CCCCC4)C3)CC2)CC1
C1CCC(C2CCC(C3CCCCC3)CC2)CC1
C1CCC(C2CCC(C3CCCC4CCCCC43)C(C3CC4CCCCC4C3)C2)CC1
C1CCC(CC2CCCC(C3CCCC(CCC4CCCCC4C4CCCC4)C3)C2)CC1
C1CCC(C2CCC(C3CCCCC3C3CCC4CCCC4C3)C(C3CCCC3)C2)CC1
C1CCC(CC2CCCC3CC(CC4CCCC(C5CCCCC5)C4)CC23)CC1
C1CCC(CCCCC2CCCC(C3CCCCC3)C2)CC1
C1CCC(CCCCC2CCCC(CCCC3CCC(C4CCCCC4)CC3)C2)CC1
C1CCC(C2CCC(C3CCCCC3)CC2)CC1
C1CCC(CCCCC2CCC(C3CCCCC3)CC2)CC1
C1CCC(CC2CCC(C3CCCC(C4CCCCC4)C3)CC2)CC1
C1CCC(CCC2CCC(CCC3CCC(C4CCCC(C5CC5)C4)CC3)CC2)CC1
C(CCCC1CCCCC1)CCCC1CCC(CCC2CCCCC2)CC1
C1CCC(CC2CCC(CC3CCCCC3)CC2)CC1
C1CCC(CC2CCC(C3CCCCC3)CC2)CC1
C1CCC(CC2CCCC(C3CCCCC3)C2)CC1
C1CCC(CCC2CCC(C3CCCCC3)C(C3CCCC3)C2)CC1
C1CCC(C2CCCCC2C2CCCC2)CC1
C1CCC(CC2CC(C3CCCCC3)CC(C3CCCCC3)C2)CC1
C1CCC(C2CCC(CC3CC4CCCCC4C3)CC2)CC1
C1CCC(C2CCC(CC3CCCC(C4CCCCC4C4CCCC4)C3)CC2)CC1
C1CCC(CC2CCC(CC3CC(C4CCCCC4)C3C3CCCCC3)CC2)CC1
C1CCC(C2CCCC(C3CCCCC3C3CCCCC3)C2)CC1
C1CCC(CC2CC(C3CCCCC3)CC(C3CCCCC3)C2)CC1
C1CCC(CC2CCCC(CC3CCC(C4CCCCC4)CC3)C2)CC1
C(CCCC1CC2CCCCC2C1)CCC1CCCCC1
C1CCC(C2CCC(CCCC3CCCC(C4CCCCC4)C3)CC2)CC1
C1CCC(CCC2CCCC(C3CCCCC3)C2)CC1
C1CCC(CCCC2CCCC(C3CCCCC3)C2)CC1
C1CCC(CCC2CCC(CC3CCCCC3)CC2CC2CCCCC2)CC1
C1CCC(CC2CCCC(C3CC(CC4CC4)CC(C4CCCC4)C3)C2)CC1
C1CCC(C2CCCC(CC3CC4CCCC(C5CCC(CC6CC6)C5)C4C3)C2)CC1
C1CCC(CCC2C(CC3CCC(C4CCCC4)CC3)CCC2C2CCCCC2)CC1
C1CCC(CCC2CCC(CC3CCC(CC4CCCCC4)CC3)CC2)CC1
C1CCC(CC2CC(C3CCCCC3)C3CCCCC23)CC1
C1CCC(C2CCCC(C3CCCC(C4CC4C4CCCCC4)C3)C2)CC1
C1CCC(CC2CCC(CC3CCCCC3)CC2)CC1
C1CCC(CCC2CCC(C3CCCCC3)CC2)CC1
C1CCC(CCC2CCC(CC3CCCC(CCC4CCCC(C5CCCC5)C4)C3)CC2)CC1
C1CCC(C2CCC(C3CCCC4CCCCC43)CC2)CC1
C1CCC(CCC2CCCC(C3CCC(C4CCCC4)CC3C3CCC4CCCC4C3)C2)CC1
C1CCC(CC2CCC(C3CC(CC4CCCCC4)C4CCC(C5CCCC5)CC43)C(C3CCCC3)C2)CC1
C1CCC(CC2CCCC(C3CCC(CC4CCCCC4)C(CC4CCCCC4)C3)C2)CC1
C1CCC(CCC2CCCC(C3CCCCC3)C2)CC1
C1CCC(CC2CCC(CC3CCC(CC4CCC(C5CCCCC5)CC4)CC3)CC2)CC1
C1CCC(CC2CC(CCCC3CCC(C4CCCCC4)CC3)C3CCCCC23)CC1
C1CCC(CCC2CCC(C3CCCC(C4CCCCC4)C3)CC2)CC1
C1CCC(C2CCC(CC3CCCCC3C3CCCCC3)CC2)CC1
C1CCC(CC2CCC(CC3CCCCC3)CC2)CC1
C1CCC(CCC2CCC(C3CC(CC4CCCCC4)CC4CCCCC43)C2)CC1
C1CCC(CCCCCC2CCCCC2C2CCCC2)CC1
C1CCC(CC2CCC(C3CCCC(CC4CC5CCCCC54)C3)CC2)CC1
C1CCC(C2CCCC(C3CCCCC3)C2)CC1
C1CCC(CCC2CCC(CC3CCCC(CCC4CCCCC4)C3)CC2)CC1
C1CCC(CCC2CC(CC3CCCCC3)CCC2CC2CCCCC2)CC1
C1CCC(CCC2CCC(C3CCC(C4CCCCC4)CC3)CC2)CC1
C1CCC(C2CCC(CC3CCC(C4CCC(CCC5CC5)CC4)CC3)CC2C2CCCCC2)CC1
C1CCC(CC2CCCCC2CC2CC(C3CCCCC3)C3CCCCC23)CC1
C1CCC(CC2CCCCC2C2CCCCC2C2CC3CCCCC3C2)CC1
C1CCC(CC2CCC(C3CC(C4CCCCC4)C4CCCCC34)CC2)CC1
C1CCC(CC2CCC(CC3CCCCC3C3CCCCC3)CC2)CC1
C1CCC(CC2CCC(CC3CCC(C4CCCC(C5CCCCC5)C4)CC3)CC2)CC1
C1CCC(C2CCCCC2C2CCCCC2C2CCC3CCCCC32)C1
C1CCC(CCCC2CCCC(CC3CC4CCCCC4C3)C2)CC1
C1CCC(C2CCC(CC3CCCC(C4CCC(C5CC6CCCCC6C5)C4)C3)CC2)CC1
C1CCC(CC2CCC(C3CCCCC3)CC2)CC1
C1CCC(CCCCC2CCC(CC3CCCCC3)CC2)CC1
C1CCC(CCC2CCC(CC3CCCCC3)CC2)CC1
C1CCC(C2CCC(CCC3CC(C4CCCCC4)C4CCCCC34)CC2)CC1
C1CCC(C2CCCCC2)CC1
C1CCC(CCCC2CCCC(CC3CCCCC3)C2)CC1
C1CCC(CC2CCC(CC3CCCCC3)CC2)CC1
C1CCC(C2CCC(C3CCCC(C4CCCCC4)C3)CC2)CC1
C1CCC(C2CCC(C3CCC(CC4CC(C5CCCCC5)C4)CC3)CC2)CC1
C1CCC(C2CCC3CCC(C4CCCCC4)C3C2)CC1
C1CCC(C2CCCCC2CCC2CCC3CCCCC32)CC1
C1CCC(CCC2CCC(C3CCCCC3)CC2)CC1
C1CCC(C2CCC(C3CCC(C4CCCCC4)C3)CC2)CC1
C1CCC(CC2CCC(CC3CCC(CCCC4CCCCC4CCC4CC4)CC3)CC2)C1
C1CCC(CC2CCCC(C3CCC(C4CCC(C5CC(C6CCCCC6)C5)CC4)CC3)C2)CC1
C1CCC(CC2CCC(CC3CCC(CCC4CCCC4)CC3)CC2)CC1
C1CCC(C2CCCCC2C2CCCCC2C2CCCC2)CC1
C1CCC(CCCCC2CCC(CC3CCCCC3)CC2)CC1
C1CCC(CC2CCCC(CC3CCCCC3)C2)CC1
C1CCC(C2CC(C3CCC(CCC4CCCC(C5CCCC(CC6CC7CCCCC7C6)C5)C4)CC3)C2)CC1
C1CCC(CC2CCC(C3CCCC3)C(C3CCCCC3)C2)CC1
C1CCC(CC2CCCC(C3CCCCC3CCC3CCC(C4CCCCC4)CC3)C2)CC1
C1CCC(C2CCCC(CCC3CC4CCCCC4C3)C2)CC1
C1CCC(CC2CCC(CC3CCCCC3C3CCC4CCCC4C3)CC2)CC1
C1CCC(CC2CCC(CCC3CC(C4CCCCC4)CC(C4CCCCC4)C3)CC2)CC1
C1CCC(CCC2CCC(CC3CCC(C4CCC(CC5CCCCC5)CC4)CC3)CC2)CC1
C1CCC(CCC2CC(C3CCC(C4CCCCC4)CC3)C3CCCCC23)CC1
C1CCC(C2CCC(C3CCCCC3)C(C3CCCC3)C2)CC1
C1CCC(CC2CCCC(CC(C3CCCCC3)C3CCCCC3)C2)CC1
C1CCC(CC2CCCCC2C2CCCC(C3CCCCC3)C2)CC1
C1CCC(C2CCCC(CC3CCC(CC4CCCC4)CC3)C2)CC1
C1CCC(CC2CCCC(CC3CCCCC3)C2)CC1
C1CCC(CCCCCC2CCC3C(CCCC3C3CCC(C4CCCCC4)CC3)C2)CC1
C1CCC(CCCCC2CCCCC2)CC1
C1CCC(CC2CCCC(C3CCC(CC4CCC(C5CCCC5)CC4)CC3)C2)CC1
C1CCC(C2CCCCC2C2CCCCC2)CC1
C1CCC(CC2CCC(C3CCC(C4CCCCC4)CC3C3CCCCC3)CC2)CC1
C1CCC(CCC2CCCC(C3CCCCC3)C2)CC1
C1CCC(CCC2CCCC(CC3CCCCC3)C2)CC1
C1CCC(C2CCC(C3CCCC(CC4CC5CCCCC5C4)C3)CC2)CC1
C1CCC(CCC2CCCC(C3CCCCC3)C2)CC1
C1CC(CC2CCC3CC(C4CCC5CCCCC54)CC(C4CCCC4)C3C2)CC(C2CC3CCCCC3C2)C1
C1CCC(CC(C2CCCCC2)C2CCC(C3CCCCC3)CC2)CC1
C1CCC(C2CCC(C3CCCCC3)C(CCCC3CCCC(C4CCCC4)C3)C2)CC1
C1CCC(C2CCC(CC3CCC(C4CCCCC4C4CCC4)CC3)CC2)CC1
C1CCC(CC2CCCC(CC3CCCCC3)C2)CC1
C1CCC(CC2CCC(C3CCCCC3)CC2)CC1
C1CCC(C2CCCC(C3CCC(CC4CCC4)CC3)C2)CC1
C1CCC(C2CCCC(CCC3CCCCC3C3CCCC3)C2)CC1
C1CCC(C2CCCC(C3CCCCC3)C2)CC1
C1CCC(CC2CCC(CCC3CCCC(C4CCCCC4)C3)CC2)CC1
C1CCC(CCC(CC2CCCCC2)CC2CCCCC2)CC1
C1CCC(C2CCC(CC3CCCC(CC4CCC5CCCC5C4)C3)CC2)CC1
C1CCC(C2CCCC(C3CCCCC3)C2)CC1
C1CCC(CCC2CCCCC2)CC1
C1CCC(C2CCCCC2C2CC3CCCCC3C2)CC1
C1CCC(CC2CCCC(C3CCCC(C4CCCC4)C3)C2)CC1
C1CCC(CCCCC2CCC3C(CC4CCCCC4)CCC3C2)CC1
C1CCC(C2CCCC(C3CCC(C4CCCC(C5CC(CC6CC6)C6CCCCC65)C4)CC3)C2)CC1
C1CCC(CC2CCC(C3CCCC(C4CC5CCCCC5C4)C3)CC2)CC1
C1CCC(CC2CCCCC2C2CCCCC2)CC1
C1CCC(C(CC2CCCC(C3CC3)C2)C2CCC(C3CCCC3)CC2)CC1
C1CCC(CC2CCCCC2)CC1
C1CCC(CCCC2CCCCC2CC2CCCC(CC3CCCCC3)C2)CC1
C1CCC(C2CCCC(CC3CCC(C4CCCC(C5CCCCC5C5CCCCC5)C4)CC3)C2)CC1
C1CCC(C2CCCCC2C2CCC(CC3CCCC3)CC2)CC1
C1CCC(CCCC2CCC(CCC3CC4CCCCC4C3)C(C3CCCCC3)C2)CC1
C1CCC(CCC2CCC(C3CCCCC3)CC2)CC1
C1CCC(C2CCC(CCC3CCCC(C4CCC(C5CCCC5)CC4)C3)C2)CC1
C1CCC(C2CCC(CC3CCCC(C4CCC(CC5CCCC5)CC4)C3)CC2)CC1
C1CCC(CC2CCC(C3CCCCC3CCCC3CCCC(C4CCCCC4)C3)CC2)CC1
C1CCC(C2CCCC(CCCC3CCCCC3C3CCC4CCCC4C3)C2)CC1
C1CCC(C2CCC3CCCC(CC4CCC(C5CCC6C(CCC6C6CCCCC6)C5)CC4)C3C2)CC1
C1CCC(CC2CCCCC2CCC2CCC(C3CCCCC3)CC2)CC1
C1CCC(CCC2CCCCC2C2CCC3CCCC3C2)CC1
C1CCC(CCCC2CCC(CC3CCC(C4CCCCC4)CC3)CC2)CC1
C1CCC(CC2CCC(C3CCCCC3)CC2)CC1
C1CCC(C2CCC(C3CCCC4CC(CC5CCCCC5C5CCCCC5)CCC43)CC2)CC1
C1CCC(C2CCC3C(CCC3C3CCCCC3)C2)CC1
C1CCC(C2CC(C3CCCC3)CC(C3CCCC(CCCC4CCCC4)C3)C2)CC1
C1CCC(C2CCC(C3CCCC(C4CCCCC4)C3)CC2)CC1
C1CCC(CCCCC2CCCCC2C2CCCCC2)CC1
C1CCC(CCC2CCC(C3CCC(C4CCCCC4C4CCCCC4)C3)CC2)CC1
C1CCC(CC2CCC(CC3CCC(C4CCCCC4)CC3)CC2)CC1
C1CCC(CC2CCCC(C3CCCC(C4CCCCC4)C3)C2)CC1
C1CCC(CCCC2CCC(C3CCCCC3)CC2CCCCC2CCCC2)CC1
C(CCC1CCC(CC2CCC2)CC1)CCC1CCC2C(CCCC2C2CCC(C3CCC3)CC2)C1
C1CCC(CC2CCC(C3CCCC(CC4CCCC(C5CC(CC6CC6)C6CCCCC65)C4)C3)CC2)C1
C1CCC(C2CCC(CC3CCCC4CC(C5CCCCC5CC5CC5)CC34)CC2)CC1
C1CCC(CC2CCC(C3CC(C4CCCCC4)CC(C4CCCC4)C3)CC2)CC1
C1CCC(CC2CCCCC2C2CCCCC2)CC1
C1CCC(CC2CC(C3CCCC(CCC4CCC(CCC5CC6CCCCC6C5)CC4)C3)C3CCCCC23)CC1
C1CCC(C2CCC(C3CCCC(C4CCCC(C5CCC5)C4)C3)CC2)CC1
C1CCC(C2CCC(CCC3CCC(CC4CCC(C5CCCCC5)C4)CC3)CC2)CC1
C1CCC(CCCC2CCCCC2C2CCC(CCC3CCCCC3)CC2)CC1
C1CCC(CC2CCC(C3CC4CCCCC4C3)CC2C2CCCC2)CC1
C1CCC(C2CCCC(CCC3CCCCC3C3CCCC3)C2)CC1
C1CCC(C2CCC(C3CCCCC3)CC2)CC1
C1CCC(CCC2CC3CCCCC3C2)C(CCCC2CC3CCCCC3C2)C1
C1CCC(C2CCC(CC3CCC(C4CCCC(C5CCCCC5)C4)CC3)CC2)CC1
C(CCC1CCC(C2CCCC(C3CCC4CCCCC4C3)C2)CC1)CCC1CC2CCCCC2C1
C1CCC(C2CCC3C(CCCC3C3CCCCC3)C2)CC1
C1CCC(CCCCC2CCC(C3CCCC(C4CCCCC4)C3)CC2)CC1
C1CCC(CCC2CCC(CC3CCCCC3C3CCCCC3)CC2)CC1
C1CCC(C2CCC(CC3CCCCC3CC3CCCC3)CC2)CC1
C1CCC(CC2CCCCC2CC2CCC(CCCC3CCCC3)CC2)CC1
C1CCC(CC2CCCCC2)CC1
C1CCC(CCC2CC(CC3CCCCC3)CC(C3CCCCC3)C2)CC1
C1CCC(C2CCCC(C3CCCCC3)C2)CC1
C1CCC(CC2CCCCC2)CC1
C1CCC(C2CCC(C3CCC(C4CCCC4)CC3)CC2)CC1
C1CCC(CC2CCC3C(CC4CCC5CCCCC5C4)CC(C4CC5CCCCC5C4)C3C2)CC1
C1CCC(C2CC(C3CCC4CCCCC43)CC3CCCCC32)CC1
C1CCC(CCC2CCCC(C3CCCCC3)C2)CC1
C1CCC(C2CCC3CC(C4CCC(CC5CCC(C6CCCC6)CC5)CC4)CCC32)CC1
C1CCC(C2CCC(CC3CCCC(C4CCCC(C5CCCCC5)C4)C3)CC2)CC1
C1CCC(CCC2CC(C3CCCCC3)CC(C3CCCCC3)C2)CC1
C1CCC(C2CCC(C3CCCCC3)CC2)CC1
C1CCC(CCCCC2CCCC(CC3CCCCC3)C2)CC1
C1CCC(C2CCC(C3CCCCC3CC3CCC4CCCCC43)CC2)C1
C1CCC2CC(C3CCCCC3C3CCC4CCC(CCCC5CC5)C4C3)CCC2C1
C1CCC(CC2CCCCC2C2CC(CC3CC4CCCCC4C3)C3CCCCC32)CC1
C1CCC(CCC2CCC(CC3CCC(CC4CCCCC4)CC3)CC2)CC1
C1CCC(CCCC2CCC(C3CCC(C4CCCCC4)CC3)CC2)CC1
C1CCC(C2CCC(C3CCCCC3C3CCC4CCCCC4C3)CC2)CC1
C1CCC(C2CCCC(CC3CCCCC3CC3CCC(CC4CCC(C5CC5)CC4)CC3)C2)CC1
C1CCC(CCCC2CC(C3CCCCC3)CC(C3CCCCC3)C2)CC1
C1CCC(CC2CCCCC2C2CCC3C(CCCC3C3CCCCC3)C2)CC1
C1CCC(C2CC(C3CCCCC3)CC(C3CCC(C4CCCC4)CC3)C2)CC1
C1CCC2CC(C3CCC(C4CCCC(C5CCC6CCCCC65)C4)CC3)CCC2C1
C1CCC(CCCC2CCCCC2C2CCCCC2)CC1
C1CCC(CC2CCC(CC3CCC(C4CCCC4)CC3)CC2)CC1
C1CCC(CCCCC2CCCC(C3CCC(CC4CCCCC4)CC3)C2)CC1
C1CCC(C2CCCC(CC3CCC4CCCC4C3)C2)CC1
C1CCC(C2CC(C3CCCC3)CC(C3CCCC(CCC4CCCC5CCCCC54)C3)C2)CC1
C1CCC(C2CCCC(C3CCCC(C4CCCCC4)C3)C2)CC1
C1CCC(C2CCC(C3CCCC(C4CCCC4)C3)CC2)CC1
C1CCC(CC2CCC(CCCC3CCCC(C4CCCCC4)C3)CC2)CC1
C1CCC(C2CCC(CC3CCC(CC4CCCC(C5CCCCC5)C4)CC3)CC2)CC1
C1CCC(CCCC2CCCC(CC3CCCC(CC4CCCCC4)C3)C2)CC1
C1CCC(C2CCCCC2)CC1
C1CCC(C2CCCCC2CC2CCCCC2C2CCCC2)CC1
C1CCC(C2CCCCC2C2CCCCC2)CC1
C1CCC(C2CCC(CCC3CCCC(C4CCCCC4)C3)CC2)CC1
C1CCC(C2CCCCC2C2CCCC2)CC1
C1CCC(CC2CCC(CC3CCC(CC4CCC(C5CCCC5)CC4)CC3)CC2)CC1
C1CCC(CCC2CCCC(C3CCCC(CC4CCC(C5CCCCC5)CC4)C3)C2)CC1
C1CCC(CC2CCCCC2C2CCC3CCCCC3C2)CC1
C1CCC(CC2CCC(CC3CCCC(C4CCCC(CC5CC5)C4)C3)CC2)CC1
C1CCC(C2CCC(C3CC(C4CCC(CC5CC5)CC4)C4CCCCC34)CC2)CC1
C1CCC(CCC2CCCC(C3CCCC(C4CCCCC4)C3)C2)CC1
C1CCC(C2CCCCC2)CC1
C1CCC(C2CCCC2C2CCCC(C3CC4CCCCC4C3)C2)CC1
C1CCC(CCCC2CC(CC3CCCCC3)CC(CC3CCCCC3)C2)CC1
C1CCC(CC2CCCC(CC3CCCCC3)C2)CC1
C1CCC(C2CCC(C3CCCCC3)CC2)CC1
C1CCC(CC(C2CCCCC2)C2CCCCC2)CC1
C1CCC(CC2CCC(C3CCCCC3C3CCCC3)C(C3CCCC3)C2)CC1
C1CCC(CCC2CCC(CC3CCCC(C4CCCCC4)C3)CC2)CC1
C1CCC(CC2CCC(CCC3CCCC(C4CCCCC4)C3)CC2)CC1
C1CCC(CC2CCC(CCC3CCCCC3C3CCCCC3)CC2)CC1
C1CCC(CCC2CCC(CC3CCCCC3)CC2)CC1
C1CCC(CCCCC2CCC(CC3CCC(CCC4CC4)CC3)CC2)CC1
C1CCC(CCCC2CCCCC2C2CCC2)CC1
C1CCC(CCC2CCCC(C3CCCCC3)C2)CC1
C1CCC(CC2CCC(C3CC(C4CCCCC4)C3)CC2)CC1
C1CCC(CC2CCC(C3CCC4CCCCC43)CC2)CC1
C1CCC(CC2CCCC(C3CCCCC3)C2)CC1
C1CCC(CC2CCC(C3CCC(CCC4CCCC4)CC3)CC2)CC1
C1CCC(CC2CCC(C3CCCCC3C3CCCCC3)CC2)CC1
C1CCC(C2CCCC3CCCCC32)CC1
C1CCC(CCCC2CCC(CCCC3CC4CCCCC4C3)CC2)CC1
C1CCC(CCC2CCCC(CC3CCC(CC4CCC(C5CCC6CCCC6C5)CC4)C3)C2)CC1
C1CCC(C2CCCCC2C2CCCCC2C2CCCCC2)CC1
C(CCCC1CCCC(CC2CC3CCCCC3C2)C1)CCC1CCCCC1
C1CCC(CCC2CCC(C3CCCCC3)CC2)CC1
C1CCC(CC2CCCCC2CCC2CCC(C3CCCC3)CC2)CC1
C1CCC(CC2CCCC(C3CCCCC3)C2)CC1
C1CCC(CC2CCCCC2C2CCCCC2C2CCCCC2)CC1
C1CCC(CCC2CCCC(C3CCC(C4CCCCC4)CC3)C2)CC1
C1CCC(C2CCC(C3CCCCC3C3CCCCC3)CC2)CC1
C1CCC(C2CCC3C(C4CCCC4)CC(C4CCCCC4)C3C2)CC1
C1CCC(CC2CCC(C(CC3CC3)C3CCCC(C4CCCC(C5CCC(C6CCC6)CC5)C4)C3)CC2)CC1
C1CCC(C2CCCCC2)CC1
C1CCC(C2CCCCC2C2CCC3CCCCC3C2)CC1
C1CCC(C2CCCC(C3CCCCC3CC3CC4CCCCC4C3)C2)C1
C1CCC(CCC2CCC(C3CCCC(C4CCCC5CCCCC54)C3)CC2)CC1
C1CCC(CCC2CCCC(C3CCCCC3C3CCCCC3)C2)CC1
C1CCC(C2CC3CCC(C4CCCCC4)CC3C(C3CCCCC3)C2)CC1
C(CCCC1CCCCC1)CCCC1CCC(CCC2CCCCC2)CC1
C1CCC(C2CCCC(C3CCCC(C4CCCC4)C3)C2)CC1
C1CCC(CC2CCCC(CCCCC3CCC(C4CCCC4)CC3)C2)CC1
C1CCC(CC2CCCC(CC3CCCC(C4CCC5CCCC5C4)C3)C2)CC1
C1CCC(CC2CCC(CC3CCCCC3)CC2)CC1
C1CCC(C2CCCCC2C2CCC(CCC3CC4CCCCC4C3)CC2)CC1
C1CCC(C2CCC(CC3CCC(C4CCCC4)CC3)CC2)CC1
C1CCC(C2CCC(CC3CCCC(C4CCCC4)C3)CC2)CC1
C1CCC(CCC2CC(C3CCCCC3)CC(C3CCCC3)C2)CC1
C1CCC(C2CCCC(CCC3CC3)C2C2CCC(C3CCCC3)CC2)CC1
C1CCC(CC2CCCC(CC3CCCCC3)C2)CC1
C1CCC(CC2CCC(C3CCC(C4CCCCC4)CC3)CC2)CC1
C1CCC(C2CCC(CC3CCCC(C4CCCC(CCC5CCC5)C4)C3)CC2)CC1
C1CCC(C2CCCC(CC3CCC(CC4CC5CCCCC5C4)CC3)C2)C1
C1CCC(C2CC(C3CCCC3)CC(C3CCCC(CCCC4CCCC4)C3)C2)CC1
C1CCC(CC2CCC3C(CC4CCCCC4)CCC3C2)CC1
C1CC(C2CCCC(C3CCC(C4CCC5CCCCC54)CC3)C2)C1
C1CCC(C2CCCC(CCC3CCCC(CCCC4CC5CCCCC5C4)C3)C2)CC1
C1CCC(C2CCCCC2)CC1
C1CCC(CCC2CCC(CC3CCC(CC4CCCCC4)CC3)CC2)CC1
C1CCC(CC2CCCC(CCC3CCCC4CCCCC43)C2)CC1
C1CCC(C2CCCCC2C2CCCCC2C2CCC3CCCCC3C2)CC1
C1CCC(CC2CCC(C3CCCCC3)CC2)CC1
C1CCC(CC2CCCC(CC3CCCC4CC(C5CCCCC5)CCC34)C2)CC1
C1CCC(C2CCC(CC3CCCCC3C3CCCC(C4CCC(C5CCCC5)CC4)C3)CC2)C1
C1CCC(C2CCC(CC3CCC4CCCCC43)CC2)CC1
C1CCC(CCC2CCC(C3CCCCC3)CC2)CC1
C1CCC(CC2CCC(CC3CCC4CCCCC43)CC2)CC1
C1CCC(CCCC2CCC(C3CCCCC3)CC2)CC1
C1CCC2CC(CC3CCCC(C4CCC5CCCC5C4)C3)CCC2C1
C1CCC(C2CCCCC2C2CCCCC2)CC1
C1CCC(CC2CCCCC2CCCCC2CCC(CC(CC3CCCCC3)C3CCCC3)CC2)CC1
C1CCC(C2CCC(CC3CCC(C4CCCC(CC5CCC6CCCC6C5)C4)CC3)CC2)CC1
C1CCC(CC2CC(C3CCC(CC4CCC(C5CCCCC5)CC4)CC3)C3CCCCC23)CC1
C1CCC(CC2CC(C3CCCCC3)CC(C3CC3)C2)CC1
C1CCC(C2CCCCC2)CC1
C1CCC(C2CCCC(C3CC(C4CCCCC4)CCC3C3CCCCC3)C2)CC1
C1CCC(C2CCC(C3CCCC(CC4CC5CCCCC5C4)C3)CC2)C1
C1CCC(CC2CCC(CC3CCC(C4CCCC(C5CCCCC5)C4)CC3)CC2)CC1
C1CCC(C2CCCCC2C2CCCCC2C2CCCC2)CC1
C1CCC(C2CCCC(C3CCC4CCCC4C3)C2)CC1
C1CCC(CC2CCC(C3CCCCC3)CC2)CC1
C1CCC(CCC2CCCCC2C2CCCCC2)CC1
C1CCC(C2CCCCC2C2CCC3CCCCC3C2)CC1
C1CCC(C2CCC(C3CCCCC3)CC2)CC1
C1CCC(CCC2CCC(C3CCCC(CC4CCC5CCCCC54)C3)CC2)CC1
C1CCC(CC2CC(CC3CCCCC3CC3CCCC3)C3CCCCC23)CC1
C1CCC(CC2CCC(CC3CC3)CC2)CC1
C1CC(CC2CCCC(C3CCC4CCCC4C3)C2)CC(CC2CCCC(C3CCC4CCCC4C3)C2)C1
C1CCC(C2CCC(CC3CCCC(C4CCCCC4)C3)CC2)CC1
C1CCC(C2CCC(C3CC(C4CCCCC4)C4CCCCC34)CC2)CC1
C1CCC(CCC2CCCC(CCC3CCCCC3)C2)CC1
C1CCC(CC2CCC(CCC3CCC(CCCCC4CC4)CC3)CC2)CC1
C1CCC(C2CC(CC3CC3)CC(C3CCCCC3C3CCCC3)C2)CC1
C1CCC(CCCC2CCCC(C3CCCCC3)C2)CC1
C1CCC(CCC2CCCC(CC3CCCCC3)C2)CC1
C1CCC(C2CCC(C3CCCC(CC4CCCC4)C3)CC2)CC1
C1CCC(CC2CCCC(CCC3CCC(CC4CCC(C5CCCCC5)CC4)CC3)C2)CC1
C1CCC(CCCC2CCCC3CCCCC32)CC1
C1CCC(C2CC(CC3CCCC(C4CCC5CCCC5C4)C3)C3CCCCC32)CC1
C1CCC(CCC2CCC(CCC3CCCC3)CC2)CC1
C1CCC(C2CC3CCC(C4CCCCC4)CC3C(C3CCCCC3)C2)CC1
C1CCC(C2CCC(CCC3CCCCC3C3CCCCC3)CC2)CC1
C1CCC(CCC2CCCC(C3CCCCC3)C2CCC2CCCCC2)CC1
C1CCC(CCC2CCCCC2C2CCCCC2C2CCC3CCCC3C2)CC1
C1CCC(C2CC(C3CCCCC3)C3CCCCC23)CC1
C1CCC(CCC2CCCCC2)CC1
C1CCC(CCCC2CCCCC2C2CCC(CC3CCCC3)CC2)CC1
C1CCC(CC2CCC(CC3CCC(C4CCCC(C5CCCC5)C4)C3)CC2C2CCCCC2)CC1
C1CCC(C2CCCCC2)CC1
C1CCC(CC2CCCC(CC3CCCC(CC4CCCCC4)C3)C2)CC1
C1CCC(C2CCCC(C3CCCCC3C3CCCC3)C2)CC1
C1CCC(CCCC2CCC(C3CCCCC3)CC2)CC1
C1CCC(CC2CCCC(C3CCCCC3)C2)CC1
C1CCC(CC2CC(C3CCCC(C4CCCCC4)C3)C2)CC1
C1CCC(CC2CCC(CCCC3CCCC(CC4CCCCC4)C3)CC2)CC1
C1CCC(C2CCC(C3CCCCC3)CC2)CC1
C1CCC(C2CCC(CC3CCC(CC4CCC5CCCCC5C4)CC3)CC2)CC1
C1CCC(C2CCCC(C3CC(CC4CC4)CC(C4CCCCC4)C3)C2)CC1
C1CCC(C2CCCCC2CCC2CCCCC2C2CCCC2)CC1
C1CCC(C2CCC3CC(C4CCCCC4)CCC3C2)CC1
C1CCC(CCC2CCCCC2C2CCCCC2)CC1
C1CCC(CC2CCC(C3CCCCC3)CC2)CC1
C1CCC(CCC2CCCC(C3CCCC(CC4CCCCC4)C3)C2)CC1
C1CCC(CCC2CCC(CC3CCC(CC4CCCCC4)CC3)CC2)CC1
C1CCC(CCC2CC(C3CCCC(C4CCC5CCCCC54)C3)C3CCCCC23)CC1
C1CCC(CC2CCCC(C3CC4CCCCC4C(C4CCCCC4)C3)C2)CC1
C1CCC(CCCC2CCC(CCC3CCC(CC4CCCCC4)CC3)CC2)CC1
C1CCC(CC2CCC(C3CCCC3)CC2C2CCCCC2)CC1
C1CCC(CC2CCCC(C3CCCC(C4CC4)C3)C2)CC1
C1CCC(C2CCC(C3CCC(CC4CCCC4)CC3)CC2)CC1
C1CCC(CCC2CCC(C3CCCCC3C3CCCC3)CC2)C1
C1CCC(CCC2CCCCC2CC2CCCCC2)CC1
C1CCC(CC2CCC(CCCCC3CCCC3)CC2)CC1
C1CCC(CCC2CCC(CC3CCCC3)CC2)CC1
C1CCC(C2CCC(C3CCCCC3CCC3CCC3)CC2)CC1
C1CCC(C2CCCC(C3CCCC(CC4CCCC4)C3)C2)CC1
C1CCC(CCC2CCCC(C3CCC(C4CCCCC4)C3)C2)CC1
C1CCC(C2CCC3CCC(C4CC5CCCCC5C(C5CCCCC5)C4)C3C2)CC1
C1CCC(CC2CCC(CC3CCC(C4CCCCC4)CC3)CC2)CC1
C1CCC(CC2CCC(CC3CCCCC3)CC2)CC1
C1CCC(CC2CCC(C3CCC(C4CCCCC4)C3)CC2)CC1
C1CCC(CC2CCC3CCCCC32)CC1
C1CCC(CCCCC2CCCC(CC3CCCCC3)C2)CC1
C1CCC(CC2CCC(C3CCCC(CC4CCCCC4)C3)CC2)CC1
C1CCC(CC2CCC(C3CCCC(C4CCCCC4)C3)CC2)CC1
C1CCC(CCCCCC2CCC(CCCC3CCC(C4CCCCC4)CC3)CC2)CC1
C1CCC(C2CCC(CC3CCCC3)CC2)CC1
C1CCC(CCC2CCCC(CCCC3CCCC(CC4CCCCC4)C3)C2)CC1
C1CCC(CC2CCCC(C3CCCC(CC4CCC(C5CCCCC5)CC4)C3)C2)CC1
C1CCC(CCCC2CCCC(C3CCC(C4CCCCC4)CC3)C2)CC1
C1CCC(CC2CCC(CCCC3CCC(CC4CCCCC4)CC3)CC2)CC1
C1CCC(CC2CCC3CC(CC4CCC(C5CCCCC5)CC4)CCC23)CC1
C1CCC(CC2CCC(CC3CCCCC3)CC2)CC1
C1CCC(CC2CCC(C3CCCC(C4CCC5CCCC5C4)C3)CC2)CC1
C1CCC(C2CCCC(C3CCCC(C4CCCC4)C3)C2)CC1
C1CCC(CC2CCCCC2C2CCCC(C3CCCCC3)C2)CC1
C1CCC(CC2CCCC(C3CCCCC3)C2)CC1
C1CCC(CCC2CC(C3CCCC3)CC(C3CCCC(C4CCCCC4)C3)C2)CC1
C1CCC(C2CCCC(C3CCCC(CCC4CCCCC4C4CCCCC4)C3)C2)CC1
C1CCC(C2CCC(C3CCCC(C4CCC(C5CCCCC5)C5CCCCC45)C3)CC2)CC1
C1CCC(C2CCC3C(CC4CCCC(CC5CC6CCCCC6C5)C4)CCCC3C2)CC1
C1CCC(CCC2CCCCC2C2CCCCC2CC2CCCCC2)CC1
C1CCC(CC2CCCCC2C2CCC3CCCCC3C2)CC1
C1CCC(CCCC2CCCC(CCC3CCCC(CC4CCCCC4)C3)C2)CC1
C1CCC(CCC2CCC(CC3CCC(CC4CCCCC4)CC3)CC2)CC1
C1CCC(CC2CCC(C3CCCCC3C3CCCC3)CC2)CC1
C1CCC(CC2CCC(C3CCC3)CC2)CC1
C1CCC(CCC2CCCCC2C2CCCCC2)CC1
C1CCC(C2CCC3CC(C4CCC5CCCCC54)CC(C4CC5CCCCC5C4)C3C2)CC1
C1CCC(CC2CC(CCCC3CC4CCCCC4C3)CC3CCCCC32)CC1
C1CCC(C2CCC(CCCC3CCC(CC4CCC(C5CCCCC5)CC4)C3)CC2)CC1
C1CCC(CC2CCCC(CC3CCCCC3)C2)CC1
C1CCC(CC2CCC3CCC(C4CCCC(C5CCCCC5)C4)CC3C2)CC1
C1CCC(CC2CCCC(CC(C3CCCC3)C3CC4CCCCC4C4CCCCC43)C2)CC1
C1CCC(CCC2CC3CCC(C4CCCCC4)CC3C(C3CCCCC3)C2)CC1
C1CCC(C2CC(C3CCCCC3)C(C3CCCCC3)C3CCCC23)CC1
C1CCC(C2CCC(CCCC3CCCCC3C3CCCC3)CC2)CC1
C1CCC(CC(CC2CCCC(C3CCCCC3)C2)C2CCCCC2)CC1
C1CCC(C2CCCC(C3CCCCC3)C2)CC1
C1CCC(CCC2CCC(CCCC3CCC(C4CCCCC4)CC3)CC2)CC1
C1CCC(CC2CCC(C3CCCCC3C3CCCCC3)CC2)CC1
C1CCC(CC2C(C3CCCCC3)CC(CC3CCC3)CC2C2CCC2)CC1
C1CCC(CCCC2CCC(CC3CCCCC3C3CCCCC3)CC2)CC1
C1CCC(CCCCCC2CC(C3CCC4CCCCC43)CC3CCC(C4CCCCC4)CC23)CC1
C1CCC(C2CCCCC2C2CCC3CCCCC3C2)CC1
C1CCC(C2CCC(C3CCCCC3C3CCC4CCCC4C3)CC2)CC1
C1CCC(CCCCC2CCC(CCC3CCCCC3)CC2)CC1
C1CCC(CC2CCC(C3CCC(C4CCCCC4)CC3)CC2)CC1
C1CCC(CC2CCC3C(CCC3C3CCCCC3)C2)CC1
C1CCC(C2CC(C3CCCCC3)C(C3CCCCC3)C3CCCC23)CC1
C1CCC(CCC2CCCC(CC3CCCCC3)C2)CC1
C1CCC(C2CCCC(C3CCCCC3CC3CCC4CCCC4C3)C2)CC1
C1CCC(CCC2CCC(C3CCC(CCC4CCCCC4)CC3)CC2)CC1
C1CCC(CC2CCCC(CCC3CCC(C4CCCCC4)C3)C2)CC1
C1CCC(CCC2CCC(CCCCC3CCC(C4CCCCC4)CC3)CC2)CC1
C1CCC(C2CCC(C3CCC(C4CCCCC4)C3)CC2)CC1
C1CCC(C2CC3CCC(C4CCCC4)CC3C(C3CCCCC3)C2)CC1
C1CCC(CCCCC2CCC(CCC3CCCC3)CC2)CC1
C1CCC(CCC2CCC(C3CCCC(CCC4CCCC4)C3)CC2)CC1
C1CCC(C2CCCCC2C2CCCCC2C2CCC3CCCC3C2)CC1
C1CCC(CC2CCC(CCC3CCC4CCCCC4C3)CC2)CC1
C1CCC(CC2CC(C3CCC(CC4CCC4)CC3)C3CCCCC23)CC1
C1CCC(CCC2CCC(C3CCC(CC4CCC(C5CCC6CCCCC65)CC4)CC3)CC2)CC1
C1CCC(CC2CCCCC2C2CCCC(CC3CCCCC3C3CCCCC3C3CCCCC3)C2)CC1
C1CCC(CCCCCC2CCCCC2CCC2CCCC(CC3CCCCC3)C2)CC1
C1CCC(CCCC2CCCC(CCC3CCCCC3CC3CCCCC3)C2)CC1
C1CCC(CC2CCC(CC3CCC(C4CCCCC4CC4CCCC4)C3)CC2)CC1
C1CCC(CCCC2CCC(C3CC(CC4CCC(C5CCCC5)CC4)C4CCCCC43)CC2)CC1
C1CCC(CC2CCCC(C3CCCC(C4CCCCC4)C3)C2)CC1
C1CCC(CC2CCC(C3CCCCC3)CC2)CC1
C1CCC(C2CCC(C3CCC4CCCCC43)CC2)CC1
C1CCC(C2CCCC(CC3CCCC(C4CCCCC4C4CCCCC4)C3)C2)CC1
C1CCC(C2CCC(CCC3CCCC(C4CCCC(C5CCC6CCCCC6C5)C4)C3)CC2)CC1
C1CCC(CC2CCCC(CC3CCCCC3)C2)CC1
C1CCC(CCC2CCCC(C3CCCC4CC(C5CCCCC5)CCC43)C2)CC1
C1CCC(C2CCC(C3CCCCC3)C(C3CCCCC3)C2)CC1
C1CCC(CCC2CCC(C3CCCC3)C(C3CCCC4CC(C5CCCCC5)CCC43)C2)CC1
C1CCC(CC2CCC(C3CCC(CC4CCCCC4)CC3)CC2)CC1
C1CCC(C2CCCC(C3CCC(C4CCCCC4C4CCCC4)C4CCCCC34)C2)CC1
C1CCC(CCCC2CCC3C(CCC3C3CCCCC3)C2)CC1
C1CCC(CCC2CCC(CCC3CCCCC3)CC2)CC1
C1CCC(C2CCCC(C3CCCCC3C3CCCC3)C2)CC1
C1CCC(C2CCCCC2C2CCCCC2C2CCCC2)CC1
C1CCC(C2CCCC(CC3CC(C4CCCCC4)C4CCCCC34)C2)CC1
C1CCC(CCC2CCC(CC3CCCCC3)CC2CCC2CCCCC2)CC1
C1CCC(CCC2CCCC(CC3CCCCC3)C2)CC1
C1CCC(CC2CCC(C(C3CCCCC3)C3CCCCC3)CC2)CC1
C1CCC(C2CCC(CC3CCCCC3C3CCCCC3)CC2)CC1
C1CCC(C2CCC(C3CCCCC3C3CCCCC3)CC2)CC1
C1CCC(CCC2CCC(C3CCCC(C4CCCCC4)C3)CC2)CC1
C1CCC(C2CCCCC2CC2CCC(CCCC3CC4CCCCC4C3)CC2)CC1
C1CCC(C2CCCCC2)CC1
C1CCC(C2CCCC(C3CCCC3)C2)CC1
C1CCC(CC2CCC(C3CCCCC3)CC2)CC1
C1CCC(CCCCC2CCC(C3CCCC3)CC2)CC1
C1CCC(CCC2CCC(C3CCCCC3)CC2)CC1
C1CCC(CC2CCCC(C3CCCCC3)C2)CC1
C1CCC(C2CCC(C3CCCC(CC4CC5CCCCC5C4)C3)CC2)CC1
C1CCC(C2CCCC(C3CCCC(C4CCCCC4)C3)C2)CC1
C1CCC(CC2CCC(CC3CCC(CC4CCC(CC5CCC6CCCC6C5)CC4)CC3)CC2)CC1
C1CCC(CC2CCC(CC3CCCCC3C3CCCCC3)CC2)CC1
C1CCC(CC2CC(CCCC3CCC4CCCCC4C3)C3CCCCC23)CC1
C1CCC(CC2CCC(C3CCCCC3)CC2C2CCCCC2)CC1
C1CCC(C2CCC(CC3CCCC(C4CCCCC4)C3)CC2)CC1
C1CCC(C2CCC(C3CCCC(C4CCCC4)C3)CC2)CC1
C1CCC(CC2CCCCC2CC2CCCC(C3CC4CCCCC4C3)C2)CC1
C1CCC(CC2CCC(CC3CCCC(C4CCCCC4)C3)CC2)CC1
C1CCC(CCC2CCC(CCC3CCCCC3)C(C3CCC4CCCC4C3)C2)CC1
C1CCC(CC2CCCCC2C2CCCC(CCC3CC3)C2)CC1
C1CCC(CC2CCCC(CCC3CCCCC3C3CCC(C4CC4)CC3C3CCCC3)C2)CC1
C1CCC(C2CCCC(C3CCCC(C4CCCCC4C4CCC5CCCC5C4)C3)C2)C1
C1CCC(CCCC2CCCCC2C2CCCCC2C2CCCCC2)CC1
C1CCC(CCC2CCCCC2)CC1
C1CCC(CCCC2CCC(CC3CCCCC3)CC2)CC1
C1CCC(C2CCC(C3CCCCC3)CC2)CC1
C1CCC(CCC2CCC3CCC(C4CCCCC4)CC3C2)CC1
C1CCC(CCC2CCC(C3CCCCC3)CC2C2CCCCC2C2CCCCC2)CC1
C1CCC(CC2CCC(C3CCC(CC4CCC(C5CCCC5)CC4)CC3)CC2C2CCCC2)CC1
C1CCC(CCCC2CCCC(CCC3CCCC(C4CCCCC4)C3)C2)CC1
C1CCC(CC2CCCCC2C2CCC3CCCCC3C2)CC1
C1CCC(CC2CCCCC2C2CCCCC2)CC1
C1CCC(CC2CCC3C(CCC3C3CCC4CCCCC4C3)C2)CC1
C1CCC(C2CCCC(C3CCCC(CC4CC5CCCCC5C4)C3)C2)CC1
C1CCC(CCCCC2CCC(C3CCCC(CCC4CCCCC4)C3)CC2)CC1
C1CCC(C2CCC(C3CCCCC3)CC2)CC1
C1CCC(CCCCCC2CCC(C3CCCCC3)CC2)CC1
C1CCC(CC2CCC3CC(C4CCCCC4)CC(C4CCCCC4)C3C2)CC1
C1CCC(CC2CCC(CC3CCC(CCC4CC5CCCCC5C4)CC3)CC2)CC1
C1CCC(CCCC2CCC(CC3CCC4C(CCC4C4CCCCC4)C3)CC2)CC1
C1CCC(CC2CCCC(CC3CCCC(CC4CCCC4)C3)C2)CC1
C1CCC(CCCC2CCC(CC3CCC(C4CCCC4)CC3)CC2)CC1
C1CCC(CC2CCC(C3CCC4CCCCC43)CC2)CC1
C(CCC1CCC(CCC2CCCC2)CC1)CCC1CC2CCCCC2C(C2CCCCC2)C1
C1CCC(C2CCC(CC3CCC(C4CCCC4)C3)CC2)CC1
C1CCC(CC2CCC(CCCCCC3CCCC(C4CCCC(C5CCCCC5)C4)C3)CC2)CC1
C1CCC(CC2CCC(CCC3CCC(C4CCCCC4)CC3)CC2)CC1
C1CCC(CCC2CCCC(C3CCCC(C4CCCC(C5CC5)C4)C3)C2)CC1
C1CCC(CC2CCC(CC3CCCCC3)CC2)CC1
C1CCC(CCCCC2CCC(CC3CCCCC3)CC2CCC2CCCCC2)CC1
C1CCC2CC(C3CCCCC3CCCC3CC4CCCCC4C3)CCC2C1
C1CC(CCC2CC2)CC(CC2CCC3CCCC3C2)C1
C1CCC(CC2CCC(CC3CCC(C4CCCCC4)CC3)CC2)CC1
C1CCC(CCC(CC2CCCCC2)C2CCCC(C3CCCCC3)C2)CC1
C1CCC(CC2CCCCC2C2CCCCC2C2CCC3CCCC3C2)CC1
C1CCC(C2CCC(C3CCC(C4CC4)CC3)C(C3CCCC3)C2)CC1
C1CCC(C2CCC(C3CC(CC4CCCC4)C4CCCCC43)C(C3CC3)C2)CC1
C1CCC(C2CCC(CCC3CCCC4CCCCC43)CC2)CC1
C1CCC(CCCC2CCCC(CC3CC3)C2)CC1
C1CCC(CCCC2CCCC(C3CCC(CC4CCC(C5CCCCC5)CC4)CC3)C2)CC1
C1CCC(CCCC2CC(CCC3CCCCC3)CC(C3CCCCC3)C2)CC1
C1CCC(C2CCCC(C3CCC(CC4CCC5CCCCC5C4)CC3)C2)CC1
C1CCC(C2CC(C3CCC4CCCCC43)CC3CCCCC32)CC1
C1CCC(CC2CCC(CC3CCC(C4CCCCC4)C3)CC2)CC1
C1CCC(CCCC2CCCC(C3CCCCC3)C2)CC1
C1CC2CCC(C3CCCC(C4CCCCC4C4CCC4)C3)CC2C1
C1CCC(CCC2CCC3CC(C4CCC(CC5CCCCC5)CC4)CCC23)CC1
C1CCC(CCC2CCC(C3CCC4CCCCC4C3)C(C3CCC4CCCC4C3)C2)CC1
C1CCC(CC2CCCC(C3CCC4CCC(C5CCCCC5CC5CCCCC5)CC4C3)C2)CC1
C1CCC(CC2CCCCC2C2CCC3C(CCCC3C3CC3)C2)CC1
C1CCC(CC2CCCCC2)CC1
C1CCC(CCC2CCCC(CC(C3CCCCC3)C3CCCCC3CC3CCCCC3)C2)CC1
C1CCC(CC2CCC3CC(C4CC(C5CCCC5)CCC4C4CCC5CCCC5C4)CCC23)CC1
C1CCC(CC2CCCCC2C2CCC(C3CCCC(CCC4CCC5CCCCC5C4)C3)CC2)CC1
C1CCC(CC2CCC(CC3CCCCC3)CC2)CC1
C1CCC(CC2CCC(C3CCC(C4CCCC(C5CCCC5)C4)CC3)C2)CC1
C1CCC(CC2CCC(CCC3CCCC(CC4CCCCC4)C3)CC2)CC1
C1CCC(CC2CCCCC2C2CCCC(C3CCCCC3)C2)CC1
C1CCC(CCC2CCC(CC3CCCC(C4CCC5CCCCC54)C3)CC2)C1
C1CCC(CCCC2CCC(C3CCC(CC4CCCCC4)CC3)C2)CC1
C1CCC(CC2CCCCC2C2CCCCC2)CC1
C1CCC(CC2CCC(C3CCC(C4CCCCC4C4CCCC4)CC3)CC2)CC1
C1CCC(CCC2CC(CC3CCCCC3)CCC2C2CCCCC2)CC1
C1CCC(CCC2CCC(CC3CCC(C4CCCCC4)CC3)C2)CC1
C1CCC(CC2CCCC(CC3CCC(C4CCCCC4)CC3)C2)CC1
C1CCC(CCCC2CCCC(C3CCCC(C4CCCC(CC5CCCCC5)C4)C3)C2)CC1
C1CCC(C2CC(C3CCCCC3)CC(C3CCC3)C2)CC1
C1CCC(CC2CCCC(CC3CCCCC3)C2)CC1
C1CCC(CCC2CCC(CC3CCC(C4CCCC(CCC5CCC(C6CCCC6)CC5)C4)CC3)CC2)CC1
C1CCC(CCC2CCC(CC3CCCCC3)CC2)CC1
C1CCC(CCC2CC(C3CCC(C4CCCCC4)CC3)C3CCCCC23)CC1
C1CCC(CCCCC2CCCC(CC3CCCCC3)C2)CC1
C1CCC(CCCC2CCCC(CC3CCCCC3)C2)CC1
C1CCC(CC2CCC(CCC3CCC(C4CCCC(C5CCCCC5)C4)CC3)CC2)CC1
C1CCC(CC2CCCCC2C2CCC3CCCC3C2)CC1
C1CCC(CC2CCCC(CC3CCC4C(CC5CCCCC5)CCC4C3)C2)CC1
C1CCC(C2CCCCC2CC2CCCCC2CC2CC3CCCCC3C2)CC1
C1CCC(C2CCC(CC3CCC(C4CCC(C5CCCC5)CC4)CC3)CC2)C1
C(CCCCC1CCC(C2CCCCC2)C1)CCCC1CCC(C2CCCCC2)CC1
C1CCC(CC2CCC(C3CCC(C4CCC(CC5CCCCC5)CC4)CC3)CC2)CC1
C1CCC(CCCCC2CC(CC3CCCCC3)CCC2C2CCCCC2)CC1
C1CCC(C2CCC(C3CCC(CC4CCC(CC5CCCC5)CC4)CC3)CC2)CC1
C1CCC(C2CCCCC2C2CCC(CCC3CCC4CCCCC43)CC2)CC1
C1CCC(CCC2CCC(CC3CCC(CC4CCCCC4)CC3)CC2)CC1
C1CCC(CC2CCC(C3CCCC(C4CCCCC4)C3)CC2)CC1
C1CCC(C2CCCCC2C2CCCC(C3CCC4CCCCC4C3)C2)CC1
C1CCC(CCC2CCCC(C3CCCC(C4CCCCC4C4CCC5CCCCC5C4)C3)C2)CC1
C1CCC(CCC2CCCC(C3CCCCC3)C2)CC1
C1CCC(CC2CCC(C3CCCC(CC4CCCCC4)C3)CC2)CC1
C1CCC(CC2CCCC(C3CCCCC3)C2)CC1
C(CC1CCC(CC2CCC3CCCCC32)CC1)CC1CC2CCCCC2C1
C1CCC(CCCC2CCC(C3CCCCC3CC3CCCCC3)CC2)CC1
C1CCC(C2CCCC(C3CCCCC3)C2)CC1
C1CCC(CC2CCC(CC3CCCCC3)CC2)CC1
C1CCC(C2CCCCC2C2CCCC(C3CCCCC3C3CCCCC3)C2)CC1
C1CCC(CCC2CCC(CCCCC3CCCC(CC4CCCCC4)C3)CC2)CC1
C1CCC(C2CCCCC2)CC1
C1CCC(CC2CCC(C3CCCC3C3CCC4C(CCCC4C4CCCCC4)C3)CC2)CC1
C1CCC(C2CCC3CCCC(C4CCCCC4)C3C2)CC1
C1CCC(CCCC2CC(C3CCCC(C4CCCCC4)C3)CCC2CCC2CCCCC2)CC1
C(CC1CCCC(C2CCC(CC3CCC(C4CCC(C5CC5)CC4)CC3)CC2)C1)CC1CC2CCCCC2C1
C1CCC(C2CCCC(CCC3CCC4CCCCC4C3)C2)CC1
C1CCC(CCC2CCC(CC3CC(C4CCCCC4)C4CCCCC34)CC2)CC1
C1CCC(CCCC2CCC(C3CCCCC3)CC2)CC1
C1CCC(C2CCC(C3CCC(C4CCCCC4C4CCCCC4C4CCC4)CC3)C3CCCC23)CC1
C1CCC(CC2CCC(CC3CCCC(C4CC4)C3)CC2C2CCCC2)CC1
C1CCC(C2CCC(C3CCCC(C4CCC5CCCC5C4)C3)CC2)CC1
C1CCC(CC2CCC(CC3CCCCC3)CC2)CC1
C1CCC(C2CCCC(CC3CC4CCCCC4C3)C2)CC1
C1CCC(CCC2CCC(C3CCCC(C4CCCCC4)C3)CC2)CC1
C1CCC(CCC2CCC(CC3CCCCC3)CC2)CC1
C1CCC(CC2CCCC(CC3CCC4CC(C5CCCCC5)CCC4C3)C2)CC1
C(CCC1CCC(C2CCCCC2)CC1)CCC1CCC(C2CCCCC2)CC1
C1CCC(CCC2CCCCC2C2CCC3CCCC3C2)CC1
C1CCC(C2CCCC(C3CCC(C4CCCC(C5CCC6CCCCC65)C4)CC3)C2)CC1
C1CCC(CC2CCCC(C3CC(C4CCC(C5CCCC5)CC4)C4CCCCC34)C2)CC1
C1CCC(CCC2CCCC(C3CCC(CC4CCC5CCCC5C4)CC3)C2)CC1
C1CCC2CC(C3CCCCC3CC3CCC(CC4CC5CCCCC5C4)CC3)CCC2C1
C1CCC(CC2CCC(CC3CCCC(C4CCCCC4)C3)CC2)CC1
C1CCC(CC2CCC(CC3CCCCC3)CC2)CC1
C1CCC(CCC2CCC(CC3CCC(CC4CCCCC4C4CCCCC4)CC3)CC2)CC1
C1CCC(CC2CCC(C3CCCC(C4CCCC4)C3)CC2)CC1
C1CCC(CC2CCCC(C3CCC4C(CC5CCCCC5)CC(CC5CCCCC5)C4C3)C2)CC1
C1CCC(C2CCCC(C3CCCCC3)C2)CC1
C1CCC(CC2CCC(C3CCCC(C4CCCCC4)C3)CC2)CC1
C1CCC(C2CCC(C3CCCCC3C3CCCCC3)CC2)CC1
C1CCC(CCC2CCCC(C3CCC3)C2CC2CCCCC2)CC1
C1CCC(C2CCCC(CC3CCCC(C4CCCCC4C4CCCC4)C3)C2)CC1
C1CCC(CCCC2CCC(C3CCCC(CC4CCC(CC5CCCCC5)CC4)C3)C2)CC1
C1CCC(CCCC2CCC(C3CCC4CCCCC43)C(C3CCCCC3)C2)CC1
C1CCC(C2CCC(C3CCCCC3)CC2)CC1
C1CCC(C2CCCC(C3CCCC(CCC4CCCC4)C3)C2)CC1
C1CCC(CC2CCC(CCCC3CCC(C4CCCCC4)CC3)CC2)CC1
C1CCC(CCC2CCCC(C3CCCCC3)C2)CC1
C1CCC(CC2CCC(CC3CCCCC3)CC2)CC1
C1CCC(CC2CCCCC2C2CCCCC2)CC1
C1CCC(C2CCC(C3CCC4CCCC4C3)C2C2CCC(C3CCCC3)C(C3CCC4CCCC4C3)C2)CC1
C1CCC(CC2CCC(CC3CC3)CC2C2CCCCC2)CC1
C1CCC(CCCC2CC(C3CCCCC3)C3CCCCC23)CC1
C1CC(CCCC2CCC(CCCC3CCCC(C4CCC4)C3)CC2)C1
C(CCCC1CCCCC1C1CCC2CCCCC2C1)CCC1CCCCC1
C1CCC(CCCC2CCC(CC3CCCCC3)CC2)CC1
C1CCC(CCCCCC2CCC(CC3CCC(CCCCC4CCCCC4)CC3)CC2)CC1
C1CCC(CC2CCCCC2C2CCCC(CC3CCCC3)C2)CC1
C1CCC(CCC2CCCCC2CC2CC3CCCCC3C2)CC1
C1CCC(CCC2CCC(CC3CCC(CC4CCCCC4)CC3)CC2)CC1
C1CCC(CC2CCCCC2C2CCCCC2)CC1
C1CCC(CC2CCC(CCC3CCC(C4CCCCC4C4CCCCC4)CC3)CC2)CC1
C1CCC(CC2CC(C3CCCCC3)CC(C3CCCCC3)C2)CC1
C1CCC(CC2CCC(CC3CCC(CC4CCCCC4)CC3)CC2)CC1
C1CCC(C2CCCC(CCCC3CCCCC3C3CCCC3)C2)CC1
C1CCC(CC2CCCC(C3CCC(C4CCCCC4)C4CCCCC34)C2)CC1
C1CCC(C2CCCCC2CCC2CCCCC2C2CCCC2)CC1
C1CCC(CC2CCCCC2CCCC2CC(CC3CC3)CCC2C2CCCCC2)CC1
C1CCC(CC2CCC(C3CCCC(CC4CCCCC4)C3)CC2)CC1
C1CCC(C2CCC(CCC(CC3CC3)C3CCCCC3)CC2)CC1
C1CCC(CC2CCCC(C3CCCCC3)C2)CC1
C1CCC(CCC(CC2CCCCC2)C2CCCCC2)CC1
C1CCC(CC2CCC(CC3CCCCC3)C(CCC3CCC(C4CCCCC4)CC3)C2)CC1
C1CCC(C2CCCC(C3CCC(C4CCC(CCCC5CCC5)CC4)CC3)C2)CC1
C1CCC(C2CCCC(CCC3CCC(CC4CCCC4)CC3)C2)CC1
C1CCC(CCCC2CCCC(C3CCC(C4CCCC(C5CCCCC5)C4)CC3)C2)CC1
C1CCC(CCCC2CCC(C3CCCCC3)CC2)CC1
C1CCC(C2CCC(C3CCCCC3C3CCC4CCCC4C3)C(C3CCCCC3)C2)CC1
C1CCC(CCC2CCC(C3CCCC3)C(C3CCC4CCCC4C3)C2)CC1
C1CCC(C2CCCCC2C2CCCCC2C2CCCC2)CC1
C1CCC(CC2CCC(CC3CCCCC3)CC2)CC1
C1CCC(CC2CCC(C3CCCCC3)CC2C2CCC(CC3CCCC3)CC2)CC1
C1CCC(C2CCC(CCC3CCC(C4CCCCC4)CC3)CC2)CC1
C1CCC(CC2CCC(C3CCCC(C4CCCCC4)C3)CC2)CC1
C1CCC(CC2CC3CCCCC3C(C3CCCCC3)C2)CC1
C1CCC(CC2CCCCC2CC2CCCC(CC3CCC4CCCC4C3)C2)CC1
C1CCC(C2CCC(CC3CCC(C4CCCCC4)CC3)CC2)CC1
C1CCC(C2CCCC(CC3CCC(C4CCC4)CC3)C2)CC1
C1CCC(CC2CCC(CCCC3CCC4CCCC4C3)CC2)CC1
C1CCC(CCCC2CCC(CC3CCCCC3)CC2)CC1
C1CCC(CC2CCCCC2C2CCC(CC3CCC(C4CCCCC4)CC3)CC2)CC1
C1CCC(CC2CCCCC2CCCCC2CCC(C3CCCCC3)CC2)CC1
C1CCC(C2CCC(CC3CCC(C4CCCC4)CC3)CC2)CC1
C1CCC(CC2CCC(CC3CCC(C4CCC5CCCCC5C4)CC3)CC2)CC1
C1CCC(C2CCCC(C3CCCCC3)C2)CC1
C1CCC(C2CCC(CC3CCCC(C4CCC(CC5CC5)CC4)C3)CC2)C1
C1CCC(C2CCCCC2C2CCCCC2)CC1
C(CCC1CCCC1)CCC1CCCC(C2CCCC(C3CCCCC3)C2)C1
C1CCC(C2CC(C3CCC4CCCCC43)CC3CCCCC32)CC1
C1CCC(CC2CC3CCCCC3C(C3CCCCC3C3CCCCC3)C2)CC1
C1CCC(CC2CCCC(CCC3CCC(CC4CCC(C5CCCCC5)CC4)CC3)C2)CC1
C1CCC(CC2CC(CC3CCCCC3)C3CC(C4CCCCC4)CCC23)CC1
C1CCC(C2CCCC(C3CCCCC3)C2)CC1
C1CCC(CCC2CCCC(C3CCCCC3CC3CCCC3)C2)CC1
C1CCC(C2CC(CC3CCC4CCCCC43)CC3CCCCC32)CC1
C1CCC(CCC2CCCC(C3CCC(CCCC4CCC4)CC3)C2)CC1
C1CCC(CC2CCC(C3CCCC(CC4CCC(CC5CC5)CC4)C3)CC2)CC1
C1CCC(CC2CCCCC2C2CCCCC2)CC1
C1CCC(CCCC2CC(CC3CCCCC3)C3CCC(CCC4CCCCC4)CC23)CC1
C1CCC(CCC2CCCC(C3CCCC(C4CCCC(C5CCC5)C4)C3)C2)CC1
C1CCC(CCCCCC2CCC(C3CCCCC3)CC2)CC1
C1CCC(CC2CCCCC2C2CCCCC2)CC1
C1CCC(C2CCC(CC3CCC(C4CCC(C5CCCCC5)C4)CC3)CC2)CC1
C1CCC(CC2CC(CC3CCCCC3)C3CCCCC23)CC1
C1CCC(CC2CCC(C3CCCCC3)CC2)CC1
C1CCC(CCCC2CCC(C3CCC3)C(CCC3CCCC(C4CCCCC4)C3)C2)CC1
C1CCC(CC2CC(C3CCCCC3)C3CCCCC23)CC1
C1CCC(C2CC(C3CCC4CCCCC43)CC3CCCCC32)CC1
C1CCC(CCC2CCC(CC3CCCCC3C3CCC4CCCCC4C3)CC2)CC1
C1CCC(C2CCCCC2C2CCCC(CC3CCC(CC4CCC4)CC3)C2)CC1
C1CCC(CC2CCCC(C3CCCC(C4CCCC4)C3)C2)CC1
C1CCC(C2CCC(CCC3CC4CCCCC4C(C4CCCCC4)C3)CC2)CC1
C1CC(C2CCC(C3CCCC(C(C4CCCC4)C4CCCC4)C3)CC2)C1
C1CCC(C2CCCC(C3CCCCC3)C2)CC1
C1CCC(C2CCC(C3CCCCC3C3CCC4CCCC4C3)C(C3CCCC3)C2)CC1
C1CCC(CCC2CCCCC2CC2CCCC(CC3CCCCC3)C2)CC1
C1CCC(CCCC2CCC(CC3CCCCC3)CC2)CC1
C1CCC(CC2CCC(CC3CCC(CCCCC4CCC4)CC3)CC2)CC1
C1CCC(CC2CCCCC2CC2CC(C3CCCCC3CC3CCCCC3)C3CCCCC23)CC1
C1CCC(C(C2CCCCC2)C2CCCCC2)CC1
C1CCC(CC2CCCC(C3CCCCC3)C2)CC1
C1CCC(CC2CCC(C3CCCC(C4CCCCC4C4CCC5CCCCC5C4)C3)CC2)C1
C1CCC(CCC2CCC(C3CC4CCCC4C(CC4CCCCC4)C3)CC2)CC1
C1CCC(C2CCCC(C3CCCC(C4CCC(C5CCCC(C6CC6)C5)CC4)C3)C2)CC1
C1CCC(CCCC2CCC(CC3CCCCC3C3CCCC3)CC2)CC1
C1CCC(CCC2CCCCC2)CC1
C1CCC(C(C2CCC3CCCCC32)C2CCCCC2C2CCC3CCCCC32)CC1
C1CCC(C2CCCCC2CCCC2CCC3CCCC3C2)CC1
C1CCC(CCCC2CCCC(C3CCCCC3)C2)CC1
C1CCC(CCC2CCCC(C3CCC(CC4CCC(C5CCCCC5)CC4)C3)C2)CC1
C1CCC(C2CCCC(C3CCCC(C4CCCC(C5CCCC5)C4)C3)C2)CC1
C1CCC(C2CCC(CC3CCC(C4CCC5CCCC5C4)C3)CC2)CC1
C1CCC(CCC2CCC(CC3CCCCC3)CC2)CC1
C1CCC(CCCCC2CCC(CC3CCC(CC4CC4)CC3)CC2)C1
C1CCC(C2CCCCC2C2CCCCC2)CC1
C1CCC(C2CCCCC2CC2CC3CCCCC3C2)CC1
C1CCC(C2CCCCC2C2CCC(CC3CCC(CC4CC4)CC3)CC2)C1
C1CCC(CCC2CCC(C3CCC(CC4CCCCC4C4CCCC4)CC3)CC2)CC1
C1CCC(CC2CCCC(C3CCCC(CC4CCCC(C5CCCCC5)C4)C3)C2)CC1
C1CCC(CC2CCCC(CC3CCCCC3C3CCCCC3)C2)CC1
C1CCC(CC2CCC(C3CCCCC3)CC2)CC1
C1CCC(C2CCC3CCCCC32)CC1
C1CCC(C2CCC(CC3CCC(CCCC4CCCC(CC5CC5)C4)CC3)CC2)CC1
C1CCC(C2CCCC(C3CC3)C2)CC1
C1CCC(C2CC(CC3CCC(C4CCCC4)CC3)C3CCCCC32)CC1
C1CCC(CCCC2CCCC(C3CCCCC3)C2)CC1
C1CCC(C2CCCC(CC3CCCC(C4CCCCC4)C3)C2)CC1
C1CCC(CC2CCC(CCCCCC3CCCC(C4CCCC4)C3)CC2)CC1
C1CCC(CCC2CCC(C3CCCCC3)CC2)CC1
C1CCC(C2CCC(C3CCC4CCCC4C3)CC2CC2CCC3CCCC3C2)CC1
C1CCC(CCC2CCC(C3CCCCC3)CC2CCCC2CCCC3CCCCC32)CC1
C1CCC(C2CCC(C3CCCCC3)CC2)CC1
C1CCC(C2CCC(C3CCCC(C4CCCCC4)C3)CC2)CC1
C1CCC2C(C1)CCC2C1CC2CCCCC2C(C2CCCC(C3CC3)C2)C1
C1CCC(CC2CCCCC2C2CCC3CC(C4CC(C5CC5)CCC4C4CCC5CCCC5C4)CCC32)CC1
C1CCC(CCC2CCC(CCC3CCCC(C4CCCCC4)C3)CC2)CC1
C1CCC(CCCCCC2CC3CCCCC3C(C3CCCCC3)C2)CC1
C1CCC(CC2CCC(CC3CCC(C4CCCCC4)CC3)CC2)CC1
C1CCC(C2CCC(CC3CCC(CCCC4CC5CCCCC5C4)CC3)CC2)CC1
C1CCC(C2CCC(CCC3CC3)CC2CCC2CC3CCCCC3C2)CC1
C1CCC(CCC2CCC(C3CCC(C4CCCCC4)CC3)CC2)CC1
C1CCC(CCC2CCCCC2C2CCC(CCC3CC4CCCCC4C3)CC2)CC1
C1CCC(C2CC3CCCCC3C(C3CCCCC3)C2)CC1
C1CCC(CC2CC(C3CCCCC3)CC(C3CCCCC3)C2)CC1
C1CCC(C2CC(CC3CCC4CCCCC43)CC3CCCCC32)CC1
C1CCC(C2CCC(CCCCC3CCCC(C4CCCC4)C3)CC2)CC1
C1CCC(CC2CCC(C3CCCC(C4CCCCC4)C3)CC2)CC1
C1CCC(CCCC2CCCCC2C2CCC(C3CCCCC3)CC2)CC1
C1CCC(C2CCC(C3CCC4CCCCC4C3)CC2)CC1
C1CCC(CCC2CCC(CCC3CCC(CC4CC5CCCCC5C4)CC3)CC2)CC1
C1CCC(CC2CCC(C3CCCCC3CC3CCCCC3)CC2)CC1
C1CCC(C2CCC(C3CCCCC3)CC2)CC1
C1CCC(CC2CCCC(CC3CCCC(C4CCC5CCCCC5C4)C3)C2)CC1
C1CCC(CCC2CCCCC2C2CCC(C3CCC(CC4CCCCC4)CC3)CC2)CC1
C1CCC(CCC2CCC(CC3CCCCC3)C(C3CCCCC3)C2)CC1
C1CCC(C2CCC(CCC3CCC(C4CCC4)CC3)CC2)CC1
C1CCC(CCC2CCC(CC3CCCCC3)CC2)CC1
C1CCC(C2CCCC(C3CC(C4CCC5CCCCC54)CC4CCC(C5CCCCC5)CC43)C2)CC1
C(CCC1CCCC1)CCC1CCC(C2CCC(C3CCCCC3)CC2)CC1
C1CCC(CCC2CC(CC3CCCCC3)CCC2C2CCCCC2)CC1
C1CCC(CC2CCC(C3CCCCC3)CC2)CC1
C1CCC(C2CCCCC2C2CCCCC2)CC1
C1CCC(C2CCCCC2C2CCC3CCCC3C2)CC1
C1CCC(C2CCCCC2CC2CCCC(C3CCCCC3C3CCC3)C2)C1
C1CCC(C2CCC(CC3CCC(C4CCC(CCC5CC5)CC4)CC3)CC2)CC1
C1CCC(CC2CC(C3CCCCC3)CC(C3CCCC3)C2C2CCCCC2)CC1
C1CCC(C2CCCC(C3CCC(C4CCC5CCCCC54)CC3)C2)CC1
C1CCC(CC2CCC3CC(C4CCCCC4C4CCC5CCCCC5C4)CCC23)CC1
C1CCC(CC2CCC(CC3CCC(C4CCCC(CC5CCCCC5)C4)CC3)CC2)CC1
C1CCC(C2CCC(C3CCCCC3C3CCCCC3)C(C3CCCC3)C2)CC1
C1CCC(CC2CC(C3CCCC(CCC4CCCC4)C3)C3CCCCC23)CC1
C1CCC(CC2CC(C3CCCCC3)C3CCCCC23)CC1
C1CCC(CCC2CCCC(C3CC(C4CCCCC4)C4CCCCC34)C2)CC1
C1CCC(C2CCCCC2C2CCC3C(CC(CC4CCCC5CCCCC54)CC3C3CC3)C2)CC1
C1CCC(CCC2CC(C3CCCCC3)C3CCCCC23)CC1
C1CCC(CC2CCC(CC3CCCCC3)CC2)CC1
C1CCC(CCCCC2CCCCC2CC2CCCCC2)CC1
C1CCC(CCCC2CCC(C3CCCC(CCC4CCCCC4)C3)CC2)CC1
C1CCC(CCC2CCC3C(CC4CCCCC4)CCC3C2)CC1
C1CCC(CCCCC2CCC(C3CC3)CC2)CC1
C1CCC(C2CCCCC2CCC2CCC3CCCC3C2)CC1
C1CCC(C2CCCC(C3CCC(CC4CCC(CC5CCCC5)CC4)CC3)C2)CC1
C1CCC(CC2CCCC(C3CCCC(CC4CCCCC4)C3)C2)CC1
C1CCC(CC2CCC(C3CC(CC4CCCCC4)C4CCCCC43)CC2)CC1
C1CCC(CCC2CCCCC2CC2CCC(CC3CC4CCCCC4C3)CC2)CC1
C1CCC(C2CCC(C3CCCC(CC4CCCC4)C3)CC2)CC1
C1CCC(CCCCC2CCC(CC3CCCCC3)CC2C2CCCCC2)CC1
C1CCC(CCCCC2CCC(CC3CCC(CC4CC5CCCCC5C4)CC3)CC2)CC1
C1CCC(CC2CCC(CC3CCC(CC4CCCC(CC5CCCCC5)C4)CC3)CC2)CC1
C1CCC2C(C1)CCC2C1CC2CCCCC2C(C2CCCC2)C1
C1CCC(CC2CCCCC2CC2CCCCC2)CC1
C1CCC(C2CCCCC2)CC1
C1CCC(CCC2CCCC(CCC3CCCCC3)C2)CC1
C1CC(CCCC2CCCC2CCC2CCC(C3CCC4CCCC4C3)CC2)CC(CCC2CC3CCCCC3C2)C1
C1CCC(CC2CCC3C(CC4CCC(C5CCCCC5)CC4)CCC3C2)CC1
C1CCC(CC2CC(C3CCC4C(CCC4C4CCCC4)C3)C3CCCCC23)CC1
C1CCC(C2CCC(CC3CCC(C4CCCCC4C4CCCCC4)CC3)CC2)CC1
C1CCC(C2CCC(C3CCCCC3CC3CCC(CC4CCC(C5CCCC5)CC4)CC3)CC2)CC1
C1CCC(CC2CCC(CCC3CCCCC3C3CCCC3)C(CC3CCCCC3)C2)CC1
C1CCC(CCC2CCCCC2)CC1
C1CCC(C2CCCC(C3CCC(CC4CCCCC4C4CCCCC4)CC3)C2)CC1
C1CCC(CCCC2CCC(CC3CCC(CC4CCCCC4)CC3)CC2)CC1
C1CCC(C2CCCCC2C2CCC3CCCC3C2)CC1
C1CCC(CCCC2CCC(CC3CCC(C4CCCC4)CC3)CC2)CC1
C1CCC(CC2CCCC(CC3CC4CCCCC4C3)C2)CC1
C1CCC(CC2CCCC(C3CCCCC3)C2)CC1
C1CCC(CC2CCC(C3CCCCC3)CC2)CC1
C1CCC(CCC2CCCC(C3CCC4CCCCC4C3)C2)CC1
C1CCC(CC2CC(CC3CCCCC3)CC(C3CCCC(C4CCCCC4)C3)C2)CC1
C1CCC(C2CCCCC2C2CCC3CCCCC32)CC1
C1CCC(CCC2CCCC(C3CCCCC3)C2)CC1
C1CCC(CC2CCC3CCCCC3C2)CC1
C1CCC(C2CCC(C3CC3)CC2CC2CC(C3CCCCC3)C3CCCCC23)CC1
C1CCC(CC2CCC(CCCC3CC(CC4CCCCC4)C4CCCCC34)CC2)CC1
C1CCC(C2CCCCC2)CC1
C1CCC(C2CCC(CC3CCCC(C4CCCCC4)C3)CC2)CC1
C1CCC(CC2CCC(CC3CCC(CC4CC5CCCCC5C4)CC3)CC2)CC1
C1CCC(C2CCC(CC3CCCCC3C3CCCCC3)CC2)CC1
C1CCC(CCC2CCC(C3CCCC(CC4CCCCC4)C3)CC2)CC1
C1CCC2CC(C3CCCCC3C3CCCC3C3CCC4CCCCC43)CCC2C1
C1CCC(CC2CCC(C3CCCC(CC4CCCCC4)C3)CC2)CC1
C1CCC(CC2CCC(CCCC3CCCC(C4CCCCC4)C3)CC2)CC1
C1CCC(C2CCCC(CCC3CCC(C4CC(C5CCCCC5)C4)CC3)C2)CC1
C1CCC(C2CCCC(CCCC3CCCCC3C3CCCCC3)C2)CC1
C1CCC(CCCC2CCCCC2C2CCCCC2)CC1
C1CCC(CC2CCC(CC3CCCCC3CC3CCCCC3)CC2)CC1
C1CCC(C2CCC(C3CCC(C4CCCCC4C4CCC5CCCC5C4)CC3)CC2)CC1
C1CCC(CCCC2CCCCC2C2CCCCC2CC2CCCCC2)CC1
C1CCC(CC2CCC(CC3CCCCC3)CC2)CC1
C1CCC(C2CCC(C3CCCC(C4CCC(C5CCCCC5C5CCCC5)CC4)C3)CC2)CC1
C1CCC(C2CCC(CC3CC3)CC2CCCC2CCCCC2C2CCCC2)CC1
C1CCC(CCCCC2CCC(CCC3CCCCC3)CC2)CC1
C1CCC(CCCC2CCCC(CC3CCC(CC4CCCCC4)CC3)C2)CC1
C1CCC(CC2CCCC(CC3CCCCC3)C2)CC1
C1CCC(C2CCCCC2C2CCCC2)CC1
C1CCC(CC2CCC(C3CCC(C4CCCCC4CC4CCC5CCCCC5C4)CC3)CC2)C1
C1CCC(C2CCCC(C3CC3)C2)CC1
C1CCC(CCCC2CCC(CC3CCCCC3)C(C3CCCCC3)C2)CC1
C1CCC(CCCCC2CCC(CC3CCCCC3)CC2)CC1
C1CCC(CCCCCC2CCC(CC3CCC(CCC4CCCCC4)CC3)CC2)CC1
C1CCC(CC2CCC(CCCC3CC(C4CCCCC4)CC(C4CCCCC4)C3)CC2)CC1
C1CCC(C2CCC(CCC3CCCCC3C3CCCC3)CC2)CC1
C1CCC(CC2CCCCC2CC2CCCC2)CC1
C1CCC(CC2CCC(C3CCCCC3)CC2)CC1
C1CCC(CC2CCC(CC3CCC(C4CCCCC4)CC3)CC2)CC1
C1CCC(CC2CCC(C3CCCCC3CCC3CCC4CCCC4C3)CC2)CC1
C1CCC(C2CCCC(C3CCCCC3)C2)CC1
C1CCC(CC2CCC(CC3CCCC(CCC4CCCC(C5CCCCC5)C4)C3)CC2)CC1
C1CCC(C2CCCCC2C2CCC(CCC3CCC(C4CCC5CCCCC54)CC3)CC2)CC1
C1CCC(CCC2CCCC(CC3CCCCC3)C2)CC1
C1CCC(C2CCCC(C3CCCC(C4CCCCC4)C3)C2)CC1
C1CCC(CC2CC(CC3CCCCC3)C3CCCCC23)CC1
C1CCC2CC(CC3CCC4CC(C5CCCC6CCCCC65)CCC34)CCC2C1
C1CCC(CC2CCCCC2C2CCCC(C3CCCCC3)C2)CC1
C1CCC(CC2CCC3CC(C4CCCCC4)CCC3C2)CC1
C1CCC(C2CC(CC3CCCCC3C3CCCCC3)CC(C3CCC3)C2)CC1
C1CCC(CC2CCC(C3CCCCC3)CC2)CC1
C1CCC(C2CCCC(CC3CCC(CCC4CC5CCCCC5C4)CC3)C2)C1
C1CCC(CC2CC(C3CC3)CC(C3CCCC(C4CCCCC4)C3)C2CC2CCCCC2)CC1
C1CCC(CC2CCC(CC3CCC(CCC4CCC5CCCC5C4)CC3)CC2)CC1
C1CCC(C2CCC(C3CCCCC3C3CC(C4CCCCC4)CC(C4CCCC(CC5CC5)C4)C3)CC2)CC1
C1CCC(CCC2CCC(CCC3CCCCC3)CC2)CC1
C1CCC(CC2CCC3CC(CC4CCCC(CC5CCCC5)C4)CCC23)CC1
C1CCC(CC2CCCC(C3CCCC(C4CC4)C3)C2)CC1
C1CCC(CCCC2CCCC(CC3CC(C4CCCC5CCCCC54)C4CCCCC34)C2)CC1
C1CCC(C2CCCC2C2CCC(C3CCCC(C4CCCC4)C3)CC2)CC1
C1CCC(C2CCC(CCC3CCCC(C4CCCCC4)C3)CC2)CC1
C1CCC(CCCC2CCCC(C3CCC(C4CCC4)CC3)C2)C1
C1CCC(CCC2CCCC(C3CCC(CC4CCCCC4)CC3CC3CCCC3)C2)CC1
C1CCC(C2CCCC(C3CCCC(C4CCCC(CC5CC6CCCCC6C5)C4)C3)C2)CC1
C1CCC(CCC2CCC(CC3CCC(C4CC5CCCCC5C4)CC3)CC2)CC1
C1CCC(CCC2CCCCC2C2CCCC(C3CCCC(C4CCC(C5CCC5)CC4)C3)C2)CC1
C1CCC(C2CCCCC2)CC1
C1CCC(CC2CCC(C(C3CCCCC3)C3CCCCC3)CC2)CC1
C1CCC(C2CCCC(CCCC3CC4CCCCC4C3)C2)CC1
C1CCC(CCCC2CCC(CC3CCC(CC4CCCCC4)CC3)CC2)CC1
C1CCC(CC2CCCCC2C2CCCCC2C2CCC3CCCC3C2)CC1
C1CCC(CC2CCC(CCC3CCC4C(CC5CCCCC5)CCC4C3)CC2)CC1
C1CCC(C2CCCC(C3CCC(CC4CCCCC4C4CCCCC4)CC3)C2)CC1
C1CCC(C2CCCCC2C2CCCCC2C2CC(C3CCCC3)CCC2C2CCC3CCCC3C2)CC1
C1CCC(CC2CCCC(C3CCCCC3)C2)CC1
C1CCC(C2CCCCC2CC2CCCCC2C2CCC3C(CCC4CC4)CCCC3C2)CC1
C1CCC(CC2CCC(C3CCCCC3)CC2)CC1
C1CCC(C2CCCCC2C2CCCCC2)CC1
C1CCC(C2CCCCC2C2CCCC(CC3CCCC3)C2)CC1
C1CC(CCC2CCC(CC3CCC(C4CC4)CC3)CC2)CC(C2CC2)C1
C1CCC(C2CCCC(C3CCCC(CC4CCC(CCC5CC5)CC4)C3)C2)C1
C1CCC(C2CCC(CCC3CCC(C4CCCCC4)CC3)CC2)CC1
C1CCC(C2CCC3C(CCCC3C3CCCCC3)C2)CC1
C1CCC(CC2CCCC(C3CCC(C4CCCCC4C4CCCC4)CC3)C2)CC1
C1CCC(CCC2CCC(C3CCCCC3)CC2)CC1
C1CCC(CC2CCC(C3CCCCC3)C(CC3CCCCC3)C2)CC1
C1CCC(CC2CC(C3CCCCC3)CCC2C2CCCCC2C2CCCC2)CC1
C1CCC(C2CCCCC2C2CCCCC2)CC1
C1CCC(C2CC3CCC(C4CCCCC4)CC3C(C3CCCCC3)C2)CC1
C1CCC(C2CCCC(CC3CCC(C4CCCCC4)C3)C2)CC1
C1CCC(C2CCC(C3CCCCC3C3CCCCC3)CC2)CC1
C1CCC(C2CCCC(C3CCCC(CC4CCC5CCCCC54)C3)C2)CC1
C1CCC(CCC2CCCCC2C2CCC(CC3CCCCC3)CC2)CC1
C1CCC(C2CCCCC2C2CCC3C(CCCC3C3CCCCC3)C2)CC1
C1CCC(CCC2CCCC(C3CCCC3)C2)CC1
C1CC2CCC(C3CCCCC3CCCC3CCCCC3C3CCC4CCCC4C3)CC2C1
C1CCC(CCC2CCCC(C3CCCC(CC4CCCCC4)C3)C2)CC1
C1CCC(CC2CCCCC2CC2CCCCC2C2CCCCC2)CC1
C1CCC(CCCCC2CCC(CC3CCCCC3)CC2)CC1
C1CCC(CC2CCCCC2C2CCCC(C3CCCCC3C3CCCCC3)C2)CC1
C1CCC(C2CC(CCC3CCC(C4CCCCC4C4CCCC4)CC3)C3CCCCC32)CC1
C1CCC(C2CCC(CC3CCC(CC4CCC4)CC3)CC2)CC1
C1CCC(CC2CCC(CCC3CCCC(CC4CCC(C5CCCCC5)CC4)C3)CC2)CC1
C1CCC(CCCC2CCCCC2)CC1
C1CCC(C2CC(CCCC3CCC4CCCCC4C3)CC(C3CCC3)C2)CC1
C1CCC(CC2CCC(C3CC4CCCCC4C3)CC2)CC1
C1CCC(C2CCC(CC3CCC(CCC4CCCC4)CC3)CC2)CC1
C1CCC(CCC2CCC(CC3CCCCC3)CC2)CC1
C1CCC(CC2CCCC(C3CC(C4CCCCC4)C4CCCCC34)C2)CC1
C1CCC(CC2CC(CC3CCCC(C4CCCCC4)C3)C3CCCCC23)CC1
C1CCC(CC2CCCCC2CC2CC(C3CCC4CCCC4C3)C3CCCCC23)CC1
C1CCC(CC2CCC(C3CC(CC4CCCCC4)C4CCCCC43)CC2)CC1
C1CCC(CC2CCCCC2C2CCCCC2)CC1
C1CCC(CCC2CCC(CCC3CCC(CC4CCCCC4)CC3)CC2)CC1
C1CCC(CCC2CCCCC2C2CCC(CC3CCC4CCCCC43)CC2)CC1
C1CCC(CCC2CCCC(CCC3CCCCC3)C2CC2CCCCC2)CC1
C1CCC(CC2CCCC(CCC3CC3)C2)CC1
C1CCC(CCCCC2CCC(CC3CCCC(CC4CCCCC4)C3)CC2)CC1
C1CCC(CCC2CCCC(C3CCCC(CCC4CCCCC4)C3)C2)CC1
C1CCC(CCC2CCC(CC3CCC(CCC4CCCCC4)CC3)CC2)CC1
C1CCC(CCCC2CC3CCC(C4CCC5CCCCC5C4)CC3C(C3CCCCC3)C2)CC1
C1CCC(CC2CCC(C3CCC(C4CCCC(CC5CCCCC5)C4)C3)CC2)CC1
C1CCC(CCCC2CCC(CC3CCCCC3)CC2)CC1
C1CCC(C2CCCC(C3CCCC3C3CCCCC3)C2)CC1
C1CCC(CCCC2CCCC(C3CCCC(C4CCCCC4)C3)C2)CC1
C1CCC(CC2CCC(C3CCCC(CC4CCC(C5CCCCC5)C4)C3)CC2)CC1
C1CCC(C2CCCCC2C2CCC3C(CCCC3C3CCCCC3)C2)CC1
C1CCC(CC2CCC(C3CCCCC3)CC2)CC1
C1CCC(CCC2CCC(C3CCCCC3CCC3CCCC3)CC2)CC1
C1CCC(C2CC3CCC(C4CCCC4)CC3C(C3CCCCC3)C2)CC1
C1CCC(CC2CCCCC2C2CCCC(CCC3CCC(C4CC5CCCCC5C4)C3)C2)CC1
C1CCC(CC2CCC(CC3CCC(C4CCC(C5CCCCC5C5CCCC5)C4)CC3)CC2)CC1
C1CCC(C2CC(CC3CCCC(C4CCC5CCCCC5C4)C3)C3CCCCC32)CC1
C1CCC(CC2CC(CC3CCCCC3)CC(C3CCCC(C4CCCCC4)C3)C2)CC1
C1CCC(CC2CCC(CCC3CCCCC3C3CCCCC3)CC2C2CCCCC2)CC1
C1CCC(CC2CCCC(CCC3CCC(CC4CCC(CCCC5CCCC5)CC4)CC3)C2)CC1
C1CCC(CC2CCC(CC3CCCCC3C3CCC4CCCC4C3)CC2)CC1
C1CCC(CCC2CCC(C3CCCCC3)CC2)CC1
C1CCC(CC2CCC(C3CCCC(CC4CCCCC4)C3)CC2)CC1
C1CCC(CC2CCC(C3CCCC(CC4CCC(C5CCCC5)CC4)C3)CC2)CC1
C1CCC(CC2CCC(CC3CCCCC3)CC2)CC1
C1CCC(CC2CCC(C3CC4CCCCC4C(C4CCCCC4)C3)CC2)CC1
C1CCC(CCCC2CCC(CCC3CCC(C4CCC5CCCC5C4)CC3)CC2)CC1
C1CCC(CC2CCC(C3CCCCC3)CC2)CC1
C1CCC(CCC2CCC(CC3CCC(CCC4CCCCC4)CC3)CC2)CC1
C1CCC(CC2CCC(CC3CCC(C4CCCCC4)CC3)CC2)CC1
C1CCC(C2CCC(C3CCCCC3C3CCCC3)CC2)CC1
C1CCC(CC2CCC(CC3CCCCC3)CC2)CC1
C1CCC(CC2CCC(CC3CCC(C4CCCC4)CC3)CC2)CC1
C1CCC(CC2CCCC(C3CCCC(C4CCCCC4)C3)C2)CC1
C1CCC(C2CCCC(CCC3CCC(CC4CCCC4)CC3)C2)CC1
C1CCC(CC2CCC(C3CCCCC3)CC2)CC1
C1CCC(C2CCCC(CCC3CCC(C4CC(C5CCCCC5)C4)CC3)C2)CC1
C1CCC(C2CCC3CC(C4CCC5CCCCC54)CC(C4CCCCC4)C3C2)CC1
C1CCC(CCC2CCC3CCC(C4CCCCC4)CC3C2)CC1
C1CCC(C2CCCC(CC3CCC4CCCCC4C3)C2)CC1
C(CC1CCC(C2CCCCC2C2CC3CCCCC3C2)CC1)CC1CC2CCCCC2C1
C1CCC(CCC2CCCCC2C2CCC(CC3CCCCC3)CC2)CC1
C1CCC(CCC2CCCC(C3CCCCC3)C2)CC1
C1CCC(CCCCCC2CCC3C(CCCC3C3CCC(C4CCCCC4)CC3)C2)CC1
C1CCC(CC2CCCC(CCC3CCCC(C4CCCCC4)C3)C2)CC1
C1CCC(C2CCCC(CCCC3CCC(C4CCCC4)CC3)C2)CC1
C1CCC(C2CCC(C3CCCC3)CC2C2CCCCC2)CC1
C1CCC(CC2CCCC(C3CC(CC4CCCCC4)C4CCC(CCC5CCCC5)CC43)C2)CC1
C1CCC(C2CCCC(C3CCCCC3)C2)CC1
C1CCC(CC2CCC(CC3CCC(CC4CCCCC4)CC3)CC2)CC1
C1CCC(C2CCCC(C3CCCC(C4CCC5CCCC5C4)C3)C2)CC1
C1CCC(CC2CCC(C3CCC(C4CCCCC4)CC3)CC2)CC1
C1CCC(C2CCC3C(CCC3C3CCCCC3)C2)CC1
C1CC(CC2CCC(CC3CCCC(CCC4CCC(C5CCC6CCCC6C5)C(CC5CCCC5)C4)C3)CC2)C1
C1CCC(CC2CCC3CC(CC4CCCC5CC(C6CCCCC6)CCC45)CCC23)CC1
C1CCC(CCCC(CC2CCCCC2)CC2CCCCC2)CC1
C1CCC(CC2CCC(CC3CCC(CC4CCCC4)CC3)CC2)CC1
C1CCC(CC2CCCCC2CCCCC2CCC3CCCCC3C2)CC1
C1CCC(CC2CCC(C3CCCC(C4CCCCC4)C3)CC2)CC1
C1CCC(CCCCCC2CCC(CC3CCCCC3)CC2)CC1
C1CCC(CC2CCCC(C3CCCC4CC(C5CCCC(C6CCCCC6)C5)CCC43)C2)CC1
C1CCC(CC2CCCC(C3CCC(C4CCCCC4)CC3)C2)CC1
C1CCC(C2CCC(C3CCCCC3C3CC4CCCCC4C3)CC2)CC1
C1CCC(C2CCC(C3CCC4CCCC4C3)C(C3CCCC3)C2)C1
C1CCC(CC2CCC3CCC(C4CCCCC4)CC32)CC1
C1CCC(C2CCCC(C3CCCCC3C3CCCC3)C2)CC1
C1CCC(C2CCCCC2C2CCCCC2)CC1
C1CCC(C2CCCCC2C2CCC(C3CCCCC3C3CCC4CCCCC4C3)CC2)CC1
C1CCC(CC(C2CCCCC2)C2CCCCC2C2CCC3CCCC3C2)CC1
C1CCC(CCCC2CCC(C3CCCC(CC4CC5CCCCC5C4)C3)CC2)CC1
C1CCC(CC2CCC(C3CCCCC3)C(CC3CCC(C4CC4)CC3)C2)CC1
C1CCC(CCCCC2CCC(CC3CCCCC3)CC2)CC1
C1CCC(CC2CCCC(CC3CCCC(C4CC4)C3)C2)CC1
C1CCC(CC2CCC(CC3CCCCC3C3CCCC3)CC2C2CCCC2)CC1
C1CCC(CCC2CCC(CC3CCCCC3CCC3CCCCC3)CC2)CC1
C1CCC(C2CCC(C3CCCCC3)CC2)CC1
C1CCC(CC2CC(CC3CCCCC3)C3CC(C4CCCC4)CCC23)CC1
C1CCC(C2CCC(CC3CCC(C4CCC4)CC3)CC2)CC1
C1CCC(C2CCCC(C3CCCCC3C3CCCC(C4CCCCC4)C3)C2)CC1
C1CCC(C2CCCCC2)CC1
C1CCC(CCC2CCCCC2CC2CCCCC2)CC1
C1CCC(CC2CCCC(C3CCC(C4CCC5CCCCC54)CC3)C2)CC1
C1CCC(CC2CCCC(C3CCC(C4CCCC4)C3)C2)CC1
C1CCC(CCCC2CCC(C3CCCCC3C3CCCC4CCCCC43)CC2)CC1
C1CCC(CC2CCCCC2CCC2CCCCC2C2CCC(C3CCCCC3)CC2)CC1
C1CCC(C2CCC(CCCCC3CCCC(C4CCCCC4)C3)CC2)CC1
C1CCC(C2CCC(C3CCCC(C4CCCC4)C3)CC2)CC1
C1CCC(C2CCC(C3CCC(CC4CCC5CCCCC54)CC3)CC2)CC1
C1CCC(CC2CCCCC2)CC1
C1CCC(CC2CCC(CC3CCC(C4CCCCC4)CC3)CC2)CC1
C1CCC(CCCCC2CC(C3CCCCC3)CC(C3CCCCC3)C2)CC1
C1CCC(CCCC2CCCC(C3CCCCC3)C2)CC1
C1CCC(CCCC2CCC(CC3CCCCC3)CC2)CC1
C1CCC(CC2CCCC(C3CCCC(CC4CCCC(C5CCCCC5)C4)C3)C2)CC1
C1CCC(CC2CCC(CC3CCCCC3)C(CC3CCCCC3)C2)CC1
C1CCC(C2CC(C3CCCCC3)CC(C3CCC3)C2)CC1
C1CCC(CC2CCCC(CC3CCCCC3C3CCCCC3)C2)CC1
C1CCC(CCCC2CCC(CCC3CCCCC3C3CCCCC3)CC2)CC1
C1CCC(C2CCC(C3CCCC3)CC2)CC1
C1CCC(CC2CC(C3CCCC(CC4CCCC(C5CCC5)C4)C3)CC3CCCCC32)C1
C1CCC(CCC2CCC(C3CCCCC3)CC2)CC1
C1CCC(CCC2CC(CC3CCCC(C4CCCCC4)C3)C3CCCCC23)CC1
C1CCC(C2CCC(C3CCC(C4CCCC4)CC3)CC2C2CCC3CCCC3C2)CC1
C1CCC(CC2CCC(CCC3CCC(C4CCC5CCCCC54)CC3)CC2)CC1
C1CCC(CCCC2CCC(C3CCCCC3)CC2CCC2CCCCC2)CC1
C1CCC(CCCC2CCCC(CC3CCCCC3)C2)CC1
C1CCC(C2CCCC(CC3CCC(CC4CCC(C5CCCCC5C5CCCC5)CC4)CC3)C2)C1
C1CCC(CC2CC3CCCCC3C(C3CCCCC3)C2)CC1
C1CCC(CC2CCCCC2C2CCC(C3CCCC3)CC2)CC1
C1CCC(CCC2CC(C3CCC(C4CCCCC4)CC3)C3CCCCC23)CC1
C1CCC(CCC2CCCCC2CCCC2CCCCC2CC2CCCC2)CC1
C1CCC(CC2CCCC(C3CCCCC3)C2)CC1
C1CCC(CC2CC(C3CCCCC3)CCC2C2CCCC3CCCCC32)CC1
C1CCC(CC2CCC(C3CCC(C4CCC(C5CCCC5)CC4C4CCCC4)CC3)CC2)CC1
C1CCC(CC2CCCCC2C2CC3CCCCC3C(C3CCCCC3)C2)CC1
C1CCC(CCCC2CCCC(CC3CCCCC3)C2)CC1
C1CCC(CC2CCCC(C3CCC(CC4CCCCC4C4CCCC4)CC3)C2)C1
C1CCC(CC2CCCC(C3CCCCC3)C2)CC1
C1CCC(CC2CCC(C3CCC(CC4CCCCC4)CC3CC3CCCCC3)CC2)CC1
C1CCC(CCC2CC3CCC(C4CCCCC4)CC3C(C3CCCCC3)C2)CC1
C(CCC1CCCCC1C1CCCCC1C1CCC2CCCCC2C1)CC1CC1
C1CCC(CC2CC(C3CCCC(C4CCCCC4)C3)CC3CC(C4CCCCC4)CCC23)CC1
C1CCC(CC2CCCC(C3CCCCC3C3CCCCC3)C2)CC1
C1CCC(CCCC2CCC3CC(C4CCCCC4)CCC23)CC1
C1CCC(CC2CCCCC2CCC2CCCC(C3CCCCC3)C2)CC1
C1CCC(CCC2CC(CC3CCCC(C4CCCCC4)C3)C3CCCCC23)CC1
C1CCC(C2CCC(C3CCC(CC4CCCC(C5CCC6CCCCC6C5)C4)CC3)CC2)CC1
C1CCC(CCCCC2CCC(CC3CCCC(CCC4CCCCC4)C3)CC2)CC1
C1CCC(C2CCC(C3CCCCC3)CC2)CC1
C1CCC(C2CCCC(C3CCCC(CCC4CCCC(CC5CCCCC5C5CCCCC5)C4)C3)C2)CC1
C1CCC(CCC2CCC(C3CCCCC3)CC2)CC1
C1CCC(C2CCC(C3CCC(C4CCCC(CCC5CC5)C4)CC3)CC2)C1
C1CCC(C2CCC(CCC3CCC(CC4CCC(C5CCCCC5)CC4)CC3)CC2)CC1
C1CCC(C2CCCC(C3CCCC(C4CCCC(C5CCCCC5)C4)C3)C2)CC1
C1CCC(CCCC2CCCC(C3CCCCC3)C2)CC1
C1CCC(C2CCC(CC3CCC(C4CCCCC4CCC4CCCCC4C4CCCC4)CC3)CC2)C1
C1CCC(CC2CCC(CCC3CCC(C4CCCC(C5CCCCC5)C4)CC3)CC2)CC1
C1CCC(CCC2CCC(C3CCCCC3)CC2)CC1
C1CCC(CC2CCCC(CC3CCCCC3)C2)CC1
C1CCC(CC2CCCC(C3CCCC(CC4CCCCC4)C3)C2)CC1
C1CCC(CC(C2CCCCC2)C2CCCCC2)CC1
C1CCC(CC2CCC(C3CCC4C(CC5CCCCC5)CCC4C3)CC2)CC1
C1CCC(CC2CCCC(C3CCCCC3)C2)CC1
C1CCC(C2CCC(CC3CC(CC4CCCC(C5CCC5)C4)C4CCCCC34)CC2)CC1
C1CCC(C2CCCC(CC3CCCC(C4CCCCC4)C3)C2)CC1
C1CCC(CC2CCC(CC3CCC(C4CC(C5CCCCC5)C4)CC3)CC2)CC1
C1CCC(CC2CCC3CCC(C4CCCCC4CC4CCCCC4)CC3C2)CC1
C1CCC(C2CCCC(C3CCCC(C4CCCC4)C3)C2)CC1
C1CCC(C2CC(C3CCC4CCCCC43)CC3CCC(CC4CCC5CCCCC54)CC32)CC1
C1CCC(C2CCC(CC3CCC(C4CCCC(C5CCCC5)C4)CC3)CC2)CC1
C1CCC(C2CCC(C3CCC(CC4CCCC4)CC3)CC2)CC1
C1CCC2CC(C3CCCCC3C3CCC4CCCC4C3)CCC2C1
C1CCC(CCC2CCC(CC3CCCCC3)CC2)CC1
C1CCC(C2CCCCC2)CC1
C1CCC(CCCC2CCCC(C3CCC(CCC4CCCCC4)CC3)C2)CC1
C1CCC(CC2CC(C(C3CCCCC3)C3CCC(C4CCCCC4)C3)C3CCCCC23)CC1
C1CCC(CCC2CCC(CCC3CCCC(CC(C4CCCC4)C4CCCC4)C3)CC2)CC1
C1CCC(CC2CCCCC2C2CCCCC2)CC1
C1CCC(CC2CCC(CCC3CCC(C4CC(C5CCCCC5)C5CCCCC45)CC3)CC2)CC1
C1CCC(C2CCCCC2C2CCCC(C3CCC(C4CCC4)CC3)C2)CC1
C1CCC(C2CCC(C3CCC4CCCCC4C3)CC2)CC1
C1CCC(CC2CCC(C3CCC(CC4CCCC4)CC3)CC2C2CCCC2)CC1
C1CCC(C2CCC(C3CCC4CCCCC4C3)CC2)CC1
C1CCC(C2CC(C3CCCCC3)CC(C3CCCCC3)C2)CC1
C1CCC(CC2CCC(CC3CCC(CC4CCC(CCCCC5CCCC5)CC4)CC3)CC2)CC1
C1CCC(C2CCC(C3CCCCC3C3CCCCC3)C(C3CCCCC3)C2)CC1
C1CCC(CC2CCC(CCC3CCCCC3C3CCC(C4CCCC4)CC3)CC2)CC1
C1CCC(CC2CCCC(C3CCCC(C4CCCCC4)C3)C2)CC1
C1CCC(CCCCC2CCCCC2)CC1
C1CCC(CCC2CCCC(C3CCC(C4CCCCC4CCCC4CC4)CC3)C2)CC1
C1CCC(CC2CCC(CC3CC(C4CC4)CCC3C3CCCCC3)CC2)CC1
C1CCC(CC2CCC(CC3CC(C4CCCCC4)CC(C4CCCCC4)C3)CC2)CC1
C1CCC(CC2CCC(CC3CCC4C(CCCC4C4CCC5CCCCC5C4)C3)CC2)CC1
C1CCC(C2CCC(CC3CCC(C4CCC4)CC3)CC2)C1
C1CCC(C2CCCCC2CCC2CC3CCCCC3C2)CC1
C1CCC(CC2CCC(CC3CCC(C4CCCC4)CC3)CC2)CC1
C1CCC(CCC2CCC(C3CCCCC3)CC2)CC1
C1CCC(CC2CCC(CCCC3CC4CCCCC4C3)CC2)CC1
C(CCC1CCC(C2CCC2)CC1)CCC1CCC(C2CCCCC2)C(C2CCCCC2)C1
C1CCC(CC2CCC3CC(C4CCCC(C5CCCC5)C4)CC(C4CCCCC4)C3C2)CC1
C1CCC(C2CC(CC3CCC(CC4CCCCC4C4CCCC4)CC3)C2)CC1
C1CCC(C2CCCC(CCCC3CCCC(C4CCCC(C5CC5)C4)C3)C2)CC1
C1CCC(CC2CCCC(CC3CCCC(CC4CCCCC4)C3)C2)CC1
C1CCC(CC2CCC(CCCCC3CCCC(C4CCCCC4)C3)CC2)CC1
C1CCC(C2CCC(CCCC3CCC4C(CCC4C4CCCCC4)C3)CC2)CC1
C1CCC(CC2CC(C3CCC(CC4CCC(C5CCCC5)CC4)CC3)C3CCCCC23)CC1
C1CCC(CCC2CCCCC2C2CCCCC2)CC1
C1CCC(C2CCCC(C3CCCCC3C3CCCC3)C2)CC1
C1CCC(C2CCC3CC(C4CCC5CCCCC54)CCC3C2)CC1
C1CCC(CCCCC2CCCC3CCCCC23)CC1
C1CCC(CCC2CCC3CC(C4CCCCC4)CC(C4CCCCC4)C3C2)CC1
C1CCC(CCCCC2CC3CCCCC3C2)CC1
C1CCC(CCC2CCC(C3CCC(CCC4CC5CCCCC5C4)CC3)CC2)CC1
C1CCC(CC2CCC(CCCC3CC(CC4CC4)CC(C4CCCCC4)C3)CC2)CC1
C1CCC(C2CCC(CC3CCCCC3C3CCCCC3)CC2)CC1
C1CCC(CC2CCC3C(CCC3CC3CCCC(C4CCCCC4)C3)C2)CC1
C1CCC(CC2CCCC(CCCCCC3CCC(C4CCCCC4)CC3)C2)CC1
C1CCC(CC2CCCC(C3CC(CCC4CCC4)CC(C4CCCCC4)C3)C2)CC1
C1CCC(C2CCC(CCCCC3CC(C4CCCCC4)C4CCCCC34)CC2)CC1
C1CCC(CC2CCC(CCCC3CC4CCCCC4C3)C(C3CCCC3)C2)CC1
C1CCC(CC2CCC(CC3CCCCC3)CC2)CC1
C1CCC(C2CCCC(CC3CCCC(C4CCCCC4)C3)C2)CC1
C1CCC(C(C2CCCCC2)C2CCC(C3CCCC3)CC2)CC1
C1CCC(CC2CCC(C3CCCCC3)CC2)CC1
C1CCC(CC2CCCC(C3CCCCC3)C2)CC1
C1CCC(C2CCCC(C3CC(CC4CCCC4)CCC3C3CCCCC3)C2)CC1
C1CCC(CCC2CCCC(C3CC(C4CCC5CCCCC54)C4CCCCC34)C2)CC1
C1CCC(CC2CC(CC3CCCC(C4CCCCC4)C3)C3CCCCC23)CC1
C1CCC(CC2CC(C3CCCCC3)C3CCCCC23)CC1
C1CCC(CC2CCCC(C3CCC(CCC4CCC(C5CCCC5)CC4)CC3)C2)CC1
C1CCC(CC2CCCCC2CCC2CCCCC2C2CCCCC2)CC1
C1CCC(CC2CCC(CCC3CCCCC3CC3CC4CCCCC4C3)CC2)CC1
C1CCC(CCCC2CC(CC3CCCC(CC4CCCCC4)C3)C3CCCCC23)CC1
C1CCC(CC2CCC(C3CCCCC3)CC2CC2CC2)CC1
C1CCC(CCC2CCCC(C3CCCCC3)C2)CC1
C1CCC(CCC2CCCC(C3CCCC(C4CCCC(C5CCCCC5)C4)C3)C2)CC1
C1CCC(C2CCC(C3CCCC(CC4CCCC4)C3)CC2)CC1
C1CCC(CC2CCC(C3CCCC(C4CCCCC4)C3)CC2)CC1
C1CCC(CCC2CCC(C3CCCC(C4CCCCC4)C3)CC2)CC1
C1CCC(CC2CCC(CC3CCC(CC4CCCC4)CC3)CC2)CC1
C1CCC(C2CCC(CC3CCC(CC4CCC5CCCCC54)CC3)CC2)CC1
C1CCC(CC2CCC(C3CCCC(C4CCCCC4)C3)CC2)CC1
C1CCC(CCC2CCC3CCCCC3C2)CC1
C1CCC(C2CCC(C3CCCCC3C3CCCCC3)CC2)CC1
C1CCC(C2CCC(CCCC3CCCCC3C3CCC4CCCCC4C3)CC2)CC1
C1CCC(CCCC2CCCC(C3CCCCC3)C2)CC1
C1CCC(CCC2CCCC(C3CCC(CC4CCC(C5CCCCC5)CC4)CC3)C2)CC1
C1CCC(CC2CCCCC2C2CCCCC2C2CCCC2)CC1
C1CCC(C2CCCCC2C2CCC(C3CCCC(C4CCCC4)C3)C3CCCC32)CC1
C1CCC(CCC2CCC(CC3CCCC(CC4CCC5CCCCC5C4)C3)CC2)CC1
C1CCC(C2CCCC(C3CCCC(CC4CCC5CCCC5C4)C3)C2)C1
C1CCC(CCCCC2CCCCC2)CC1
C1CCC(CCC2CCC(CC3CCCC(C4CCC4)C3)CC2)CC1
C1CC(C2CCCC(CCC3CCCCC3C3CCC(CCC4CCC5CCCCC5C4)CC3)C2)C1
C1CCC(CC2CCCC(C3CCCCC3)C2)CC1
C1CCC(CC2CCC(CCC3CCC(C4CCC(CC5CCCCC5)CC4)CC3)CC2)CC1
C1CCC(CCCC2CC(C3CCCC3)CCC2CC2CCCCC2)CC1
C1CCC(CC2CCC(CC3CCCCC3)CC2)CC1
C1CCC(CCC2CCCCC2C2CCC(C3CCCCC3)CC2)CC1
C1CCC(CCC2CCCC(C3CCCCC3)C2)CC1
C1CCC(CCC2CCC(CC3CCCCC3)CC2)CC1
C1CCC(CCC2CCC(CC3CCCCC3)CC2)CC1
C1CCC(CCCCC2CCC(CC3CCCCC3)CC2)CC1
C1CCC(CCC2CC(C3CCC3)CC(C3CCCC(C4CCCCC4)C3)C2)CC1
C1CCC(C2CCCC(C3CCC(C4CCCCC4)C(CCC4CCC(C5CCCC5)CC4)C3)C2)CC1
C1CCC(C2CCCC(CCC3CCC4CCCC4C3)C2)CC1
C1CCC(CC2CCC(CC3CCC(C4CCCC(C5CCCCC5)C4)CC3)CC2)CC1
C1CCC(C2CCCC(C3CCCCC3)C2)CC1
C1CCC(CCC2CCCC2CCC2CCCCC2CC2CCCCC2)CC1
C1CCC(CCCC2CCC(CC3CCCCC3)CC2)CC1
C1CCC(C2CCCCC2C2CCC2)CC1
C1CCC(CC2CCCC(C3CC(C4CCCCC4)CC(C4CCC4)C3)C2)CC1
C1CCC(C2CCCCC2CC2CCC(CC3CCC4CCCCC43)CC2)CC1
C1CCC(CC2CCC(C3CCCC(CC4CCC(C5CCCC5)CC4)C3)CC2)CC1
C1CCC(CC2CC(C3CCCCC3C3CCC4CCCCC4C3)C3CCCCC23)CC1
C1CCC(CC2CCCCC2C2CCCC(C3CCC(C4CCCC(CC5CCCC5)C4)CC3)C2)CC1
C1CCC(C2CCC(CCC3CCC(C4CCC4)CC3)CC2)CC1
C1CCC(CC2CCC(C3CCCCC3)CC2)CC1
C1CCC(CCC2CCC(C3CCCCC3)CC2)CC1
C1CCC(CC2CCC(CC3CCC(CC4CC5CCCCC5C4)CC3)CC2)CC1
C1CCC(C2CCCC(C3CCCC(CC4CCCC4)C3)C2)CC1
C1CCC(CCC2CCCC(C3CCCCC3C3CCCCC3)C2)CC1
C1CCC(C2CCC3C(CC4CCC(C5CCCCC5C5CCCCC5)C4)CCC3C2)CC1
C1CCC(CC2CCC(CC3CCC(CC4CCCCC4)CC3)CC2)CC1
C1CCC(CC2CCCCC2C2CCC(C3CCCC3)C(C3CCCCC3)C2)CC1
C1CCC(C2CCCC(C3CCCC(CC4CCC5CCCCC54)C3)C2)CC1
C1CCC(CCC2CCC(C3CCCCC3)CC2)CC1
C1CCC(C2CCCC(C3CCCC(CC4CC5CCCCC5C4)C3)C2)CC1
C1CCC(C2CCCC(CCCC3CCCC(CCC4CC5CCCCC5C4)C3)C2)CC1
C1CCC(CCCC2CCC(CC3CCCCC3)CC2)CC1
C1CCC(CC2CCCC(CC3CC(C4CCCCC4)C4CCCCC34)C2)CC1
C1CCC(C2CCC(C3CCCCC3C3CCCCC3)CC2)CC1
C1CCC(CC2CCCC(CC3CCC(C4CCC(C5CC5)CC4)CC3)C2)CC1
C1CCC(CCC2CCCC3CC(C4CCCCC4CC4CCCCC4)CCC23)CC1
C1CCC(C2CCCC(C3CCC(C4CCCC(CCC5CCCC(CC6CC6)C5)C4)CC3)C2)CC1
C1CCC(CCC2CC(CC3CCCCC3)C3CCC(C4CCC5CCCCC5C4)CC23)CC1
C1CCC(CC2CCCC(C3CCCC(C4CCCCC4)C3)C2)CC1
C1CCC(CCC2CCC(CC3CCCCC3)CC2)CC1
C1CCC(CC2CCC(CCC3CCC(CCC4CCC(C5CCCCC5)CC4)CC3)CC2)CC1
C1CCC(C2CCC(CC3CCC(C4CCCCC4)CC3)CC2)CC1
C1CCC(CCC2CCC(C3CCCC4CC(C5CCCCC5)CCC43)CC2)CC1
C1CCC(CC2CCCC(C3CCCC(C4CCCCC4)C3)C2)CC1
C1CCC(CC2CCCC(C3CCCCC3)C2)CC1
C1CCC(CC2CCC(CCCC3CCC(C4CC(C5CCCCC5)C5CCCCC45)CC3)CC2)CC1
C1CCC(CC2CCC(C3CCCCC3)CC2C2CCCC2)CC1
C1CCC(C2CCC(CCC3CCCC(C4CCCCC4)C3)CC2)CC1
C1CCC(CC2CCC(C3CCCCC3)CC2)CC1
C1CCC(CC2CCCC(C3CCCC(C4CCCC5CCCCC54)C3)C2)CC1
C1CCC(CCC2CCC(CC3CCCCC3)CC2)CC1
C1CCC(CC2CC(C3CCCC(C4CCCCC4)C3)C3CCCCC23)CC1
C1CCC(CC2CCC(C3CCC(C4CCCCC4)CC3C3CCCCC3)CC2)CC1
C1CCC(C2CCCC(CCC3CCC(C4CCCC4)CC3)C2)CC1
C1CCC(CCC2CC(C3CCCCC3)C3CCCCC23)CC1
C1CCC(C2CCC3CCC(C4CCC5CCCC5C4)C3C2)CC1
C1CCC(C2CCC(CCCC3CCCC(C4CCCC(C5CC5)C4)C3)CC2)CC1
C1CCC(C2CCC3CCCCC32)CC1
C1CCC(CCC2CCCCC2C2CCC(CC3CCCCC3)CC2)CC1
C1CCC(C2CCCC(C3CCCCC3C3CCCCC3)C2)CC1
C1CCC(C2CCC(C3CC3)CC2C2CCCCC2)CC1
C1CCC(CCC2CCC(C3CCCCC3)CC2)CC1
C1CCC(CCCCC2CC(C3CCC(CC4CCCCC4)CC3C3CCCC3)C3CCCCC23)CC1
C1CCC(CC2CCC(CC3CCC(CC4CC4)CC3)CC2)CC1
C1CCC(CC2CCC(C3CC3)CC2C2CCCCC2)CC1
C1CCC(CC2CCCC(C3CCCCC3CC3CCC(CCC4CC4)CC3)C2)CC1
C1CCC(CCC2CCCC(CC3CCC(CC4CCCCC4)CC3)C2)CC1
C1CCC(C2CCC(CC3CCCC3)CC2C2CCCCC2)CC1
C1CCC(CC2CCC(C3CCCCC3)CC2)CC1
C1CCC(CCCCC2CC(CC3CCC4CCCC4C3)CCC2CC2CCCCC2)CC1
C1CCC(CC2CCCCC2C2CCCC(CC3CCCC3)C2)CC1
C1CCC(C2CCC(C3CCC(C4CCCC(C5CCC(CCC6CC6)CC5)C4)CC3)CC2)CC1
C1CCC(C2CCCC(C3CCCCC3)C2C2CC2)CC1
C1CCC(CCCC2CCC(CCCC3CCCC3)CC2)CC1
C1CCC(CC2CC(C3CCCCC3)CC(C3CCCCC3)C2)CC1
C1CCC(CCCC2CCC(CC3CCC(CC4CCCCC4)CC3)CC2)CC1
C1CCC(CC2CCC(CCCCC3CCC4CCCCC4C3)CC2)CC1
C1CCC(CCC2CCCCC2CC2CCC(C3CCCCC3)C(CC3CCCCC3)C2)CC1
C1CCC(CCCC2CC(C3CCCC(CCC4CCCCC4)C3)C3CCCCC23)CC1
C1CCC(C2CC(C3CC4CCCCC4C3)CC(C3CCCC3)C2C2CC3CCCCC3C2)CC1
C1CCC(CC2CCCCC2C2CC(C3CCCCC3)C2)CC1
C1CCC(CCC2CCCC(C3CC(CCC4CCCCC4)CC(C4CCCCC4)C3)C2)CC1
C1CCC(CC2CCC(C3CCCC(C4CCCCC4C4CCCCC4)C3)CC2)CC1
C1CCC(CC2CCC(C3CC4CCCCC4C3)CC2)CC1
C1CCC(CC2CCCCC2)CC1
C1CCC(C2CCC(C3CCC3)CC2)CC1
C1CCC(CC2CCCC(C3CCCCC3CC3CCCCC3)C2)CC1
C1CCC(CCCC2CCCCC2)CC1
C1CCC(CCC2CCC(C3CCCC(C4CCCCC4)C3)CC2)CC1
C1CCC(CCC2C(CC3CCCCC3)CCCC2C2CCCCC2)CC1
C1CCC(CC2CCC(CCC3CC(CC4CCCC(C5CC6CCCCC6C5)C4)C4CCCCC34)CC2)CC1
C1CCC(CCC2CC(C3CCCCC3)CCC2C2CCCCC2C2CCC3CCCC3C2)CC1
C1CCC(CC2CCCC(C3CCCCC3)C2)CC1
C1CCC(C2CCCCC2C2CCC(C3CCCCC3C3CCCCC3)C2)CC1
C(CCCC1CCCCC1)CCCC1CCCC(C2CCCCC2)C1
C1CCC(CC2CCCC(C3CCC(CC4CCCCC4)CC3CC3CCCCC3)C2)CC1
C1CCC(CC2CCC(C3CCCC4CCCC43)CC2)CC1
C1CCC(CC2CCC(C3CC(C4CCC(C5CCCCC5)CC4)C3)CC2)CC1
C1CCC(C2CCC(C3CCCC(CC4CCC5CCCCC54)C3)CC2)CC1
C1CCC(CCC2CC(CC3CCCCC3)C3CCCCC23)CC1
C1CCC(CC2CCC(C3CC(C4CCC(CC5CCCCC5)CC4)C3)CC2)CC1
C1CCC(CC2CCC(C3CCCCC3)CC2CC2CCCCC2)CC1
C1CCC(CC2CC(C3CCCCC3)C3CCC(C4CCCCC4)CC23)CC1
C1CCC(CCC2CCC(C3CCCCC3)CC2)CC1
C1CCC(CC2CCC(C3CC(CC4CCCCC4)C4CCCCC43)CC2)CC1
C1CCC(C2CCCC(C3CCC(CCC4CC4)C(C4CCCC(C5CCCCC5)C4)C3)C2)CC1
C1CCC(C2CCC(CCCC3CCC(CCC4CCCC4)CC3)CC2)CC1
C1CCC(CCC2CCCC(C3CCCC(C4CCCCC4)C3)C2)CC1
C1CCC(C2CCCC(C3CCC(CCC4CCC(CC5CCC6CCCC6C5)CC4)CC3)C2)C1
C1CCC(CCCC2CCCC(CC3CCCCC3)C2)CC1
C1CCC(CCC2CCCC(C3CCCC(CCC4CC5CCCCC5C4)C3)C2)CC1
C1CCC(CCCC2CC(CC3CCC(CC4CCCCC4)CC3)C3CCCCC23)CC1
C1CCC(CCCC2CCC(CC3CCCCC3)CC2)CC1
C1CCC(CC2CCC(CC3CCCC(C(CC4CCCCC4)C4CC4)C3)CC2)CC1
C1CCC(CC2CC(C3CCC(C4CCCCC4)CC3)CCC2C2CCCCC2)CC1
C1CCC(CCC2CCC(CC3CCCCC3C3CCCC(CC4CCCCC4)C3)CC2)CC1
C1CCC(CC2CCC(C3CCCCC3)CC2C2CCC3CCCC3C2)CC1
C1CCC(CCC2CCC(CC3CCC(CCC4CCC(CC5CCCCC5)CC4)CC3)CC2)CC1
C1CCC(C2CC(C3CCC3)CC(C3CCCCC3C3CCC3)C2)CC1
C1CCC(CCCC2CCC(CC3CCCCC3)CC2)CC1
C1CCC(CCCC2CCC(CC3CCCC3)CC2)CC1
C1CCC(CCC2CCC(C3CCCCC3)C(C3CCCCC3)C2)CC1
C1CCC(CC2CCC(CC3CCCC(C4CCCC4)C3)CC2)CC1
C1CCC(CCC2CCCC(C3CC4CCCCC4C3)C2)CC1
C1CCC(C2CCC(C3CCC4CCCCC43)CC2)CC1
C1CCC(CCCCC2CC(C3CCCC(C4CCCCC4)C3)C3CCCCC23)CC1
C1CCC(C2CCC(CCC3CCC(C4CC4)CC3)CC2)CC1
C1CCC(CCC2CCC3C(CC4CCCC4)CC(C4CCCCC4)C3C2)CC1
C1CCC(C2CCCCC2C2CCCCC2C2CCCC2)CC1
C1CCC(CC2CCCC(C3CCCCC3CC3CC4CCCCC4C3)C2)C1
C1CCC(CC2CCC(C3CCCCC3CC3CCCCC3)CC2)CC1
C1CCC(CC2CCC(C3CCC4CCCC4C3)C(C3CCCCC3)C2)CC1
C1CCC(CCC2CCC(C3CCCC(C4CCCCC4)C3)CC2CC2CCC2)CC1
C1CCC(CCC2CCCC(C3CCCC(CC4CCCCC4)C3)C2)CC1
C1CCC(CC2CCCCC2)CC1
C1CCC(CCC2CC(CCC3CCCCC3)CC(C3CCCCC3)C2)CC1
C1CCC(C2CCCC(C(C3CCCCC3)C3CCCCC3)C2)CC1
C(CCCC1CC(CC2CC2)CCC1C1CCCCC1)CCC1CC2CCCCC2C1
C1CCC(CCCC2CCC(CC3CCCCC3)CC2)CC1
C1CCC(CC2CCC(C3CC4CCCCC4C3)CC2)CC1
C1CCC(CC2CC(C3CCCC(CC4CCCC4)C3)C3CC(CCC4CCCC4)CCC23)CC1
C1CCC(CC2CCC(C3CCCC4CC(C5CCCCC5)CCC43)C(C3CCCC3)C2)CC1
C1CCC(C2CCC3C(CCC3C3CCCCC3)C2)CC1
C1CCC(C2CCC(CC3CCC(C4CCC(CCC5CC6CCCCC6C5)CC4)CC3)CC2)CC1
C1CCC(C2CCC(CC3CCC4CCCCC43)CC2)CC1
C1CCC(CC2CC(C3CCCCC3)C3CCCCC23)CC1
C1CCC(C2CCC(C3CCCCC3)CC2)CC1
C1CCC(CC2CCC(CC3CCCCC3)C(C3CCCCC3C3CCCCC3)C2)CC1
C1CCC(CCC2CCC(CC3CCCC(CCC4CCCCC4)C3)CC2)CC1
C1CCC(CCCC2CCC(C3CCCCC3)CC2)CC1
C1CCC(CCC2CCC(C3CCC(C4CCCCC4)CC3)CC2)CC1
C1CCC(CC2CCC(CC3CCCCC3C3CCCCC3)CC2)CC1
C1CCC(CC2CCCC(CC3CCC(CC4CCC(C5CCCC5)CC4)CC3)C2)CC1
C1CCC(CC2CCCCC2C2CCCCC2)CC1
C1CCC(CCCC2CCC(C3CCCCC3C3CCCCC3)CC2)CC1
C1CCC(CCC2CCC(CCCC3CCC(C4CCCCC4)CC3)CC2)CC1
C1CCC(CC2CCC(CC3CC(C4CCCCC4)C4CCCCC34)CC2)CC1
C1CCC(C2CCC(C3CCC(C4CCCCC4)CC3)CC2)CC1
C1CCC(C2CCCC(CC3CC(CCC(C4CCCCC4)C4CCCC4)C4CCCCC34)C2)CC1
C1CCC2C(C1)CCC2CC1CCC(C2CCCCC2C2CC2)CC1
C1CCC(CCCC2CCC(C3CCC(C4CCC(CC5CCCC5)CC4)CC3)CC2)CC1
C1CCC(CC2CCC(C3CCCC(C4CCCCC4)C3)CC2)CC1
C1CCC(CC2CCC3CC(C4CCC5CCCCC54)CCC23)CC1
C1CCC(C2CCCCC2C2CCCCC2C2CCCCC2)CC1
C1CCC(CCC2CCCC(CC3CC(CC4CCCC(C5CC5)C4)C4CCCCC34)C2)CC1
C1CCC(CCC2CC(CC3CCCCC3)CC(C3CCCCC3)C2)CC1
C1CCC(C2CCCC(C3CC(C4CCCC4)CCC3C3CCCCC3)C2)CC1
C1CCC(CCC2CC(CCC3CCCCC3C3CCCCC3)C3CCCCC23)CC1
C1CCC(CCCC2CCCC(C3CCCCC3)C2)CC1
C1CCC(CCCCC2CCC(CC3CCCCC3)CC2)CC1
C1CCC(C2CCCC(C3CC(C4CCCCC4)CC(C4CC4)C3)C2)CC1
C1CCC(CC2CCC(CC3CC4CCCCC4C3)CC2)CC1
C1CCC(CC2CCCCC2C2CCCCC2C2CCC3CCCC3C2)CC1
C1CCC(CCC2CC(C3CCCCC3)CCC2C2CCCCC2)CC1
C1CCC(CCC2CCCC(C3CCCCC3)C2)CC1
C1CCC(CC2CC(C3CCC(C4CCCC4)CC3)C3CCCCC23)CC1
C1CCC(CCC2CCC3CCC(CC4CCC(CC5CCC6CCCCC65)CC4)C3C2)CC1
C1CC2CCC(C3CCCC(C4CC4)C3)CC2C1
C1CCC(CCCCC2CCC(C3CCCCC3)CC2)CC1
C1CCC(CCCCC2CCC(C3CCCC(C4CCCCC4)C3)CC2)CC1
C1CCC(CCCCC2CCC(C3CCCC(C4CCCCC4)C3)CC2)CC1
C1CCC(C2CCC(C3CCC4CCCC4C3)CC2)CC1
C1CCC(CCCC2CC(CC3CCCCC3)CCC2C2CCCCC2)CC1
C1CCC(CC2CCC3CC(CCC4CCC(C5CCCCC5)CC4)CC3C2)CC1
C1CCC(C2CCCC(CCC3CCCC(C4CCCCC4)C3)C2)CC1
C1CCC(CC2CCCC(CC3CCC(C4CCCC4)CC3)C2)CC1
C1CCC(CC(C2CCCCC2)C2CCCCC2)CC1
C1CCC(CC2CCC(CCC3CCC(C4CCCC(CC5CCCC5)C4)CC3)CC2)CC1
C1CCC(C2CC(C3CCCCC3)CC(C3CCCC3)C2)CC1
C1CCC(C2CCC(CC3CCCC(C4CCCCC4)C3)CC2)CC1
C1CCC(CC2CCC(CC3CCC(CC4CCCCC4)CC3)CC2)CC1
C1CCC(C2CCCC(C3CCC4C(CCCC4C4CCCC(C5CC5)C4)C3)C2)CC1
C1CCC(C2CCCCC2)CC1
C1CCC(CCCCC2CC(C3CCCC3)C3CCC(C4CCCCC4)CC23)CC1
C1CCC(CC2CCC(C3CC(C4CCCCC4)C4CCCCC34)C2)CC1
C1CCC(C2CCCCC2CC2CCC2)CC1
C1CCC(CC2CCC(CCCC3CCCC(C4CCCCC4)C3)CC2)CC1
C1CCC(C2CCCC(C3CCC(C4CCC(CC5CC6CCCCC6C5)CC4)CC3)C2)C1
C1CCC(CCC2CC(CC3CCCCC3C3CCCC3)CC(C3CCCC3)C2)CC1
C1CCC(C2CCCC(C3CCCC3C3CCCC4CCCCC43)C2)CC1
C1CCC(C2CCC(CC3CCC4CCCCC43)CC2)CC1
C1CCC(CCCC2CCCC(CCCCCC3CC3)C2)CC1
C1CCC(CCC2CCC(C3CCC4C(CCC4C4CCCCC4)C3)CC2)CC1
C(CCC1CCC(C2CCC(CCC3CCCC3)CC2)CC1)CCC1CCC(C2CCC3CCCCC32)CC1
C1CCC(C2CCCC(CC3CCC(C4CCCCC4C4CCCCC4)CC3)C2)CC1
C1CCC(C2CCCCC2C2CCC(CC3CCCCC3C3CCCCC3CC3CCC3)CC2)CC1
C1CCC(CCC2CCCC(C3CCCC3CC3CCCCC3)C2)CC1
C1CCC(CC2CCCCC2)CC1
C1CCC(C2CCCC(C3CCCCC3C3CCCCC3)C2)CC1
C1CCC(CC2CCCCC2C2CCCC(C3CCCC(C4CCCCC4)C3)C2)CC1
C1CCC(CC2CCCCC2C2CCC3CCCCC3C2)CC1
C1CCC(C2CC(CC3CC3)CC(C3CCCC(CCC4CC5CCCCC5C4)C3)C2)CC1
C1CCC(CCC2CCC(CC3CCCCC3)C(C3CCCCC3CC3CCCCC3)C2)CC1
C1CCC(CCC2CCCC(C3CCCCC3C3CCCCC3)C2)CC1
C1CCC(CC2CCCCC2C2CCCCC2)CC1
C1CCC(C2CCC(CCC3CC4CCCCC4C3)CC2)CC1
C1CCC(CCC2CCCCC2CCCC2CCC(C3CCCCC3)CC2)CC1
C1CCC(C2CCCC(C3CCCC(C4CCC5CCCCC54)C3)C2)C1
C1CCC(C2CCC(CC3CCC(CC4CCC(C5CCCCC5)C4)CC3)CC2)CC1
C1CCC(CC2CCC(C3CCC(C4CCCCC4)CC3)CC2)CC1
C1CCC(CC2CCC3C(C4CCCCC4)CC(C4CCCCC4)C3C2)CC1
C1CCC(C2CCC(C3CCCCC3C3CCCCC3)C(C3CCCCC3)C2)CC1
C1CCC(CCC2CCC3C(C2)C(C2CCCCC2)CC3C2CCC3CCCCC32)CC1
C1CCC(C2CCC(C3CCC(C4CCC4)C(C4CCCC4)C3)CC2)CC1
C1CCC(CCCCC2CCCCC2)CC1
C1CCC(C2CCC(CC3CCC(CCCC4CCCC4)CC3)CC2)CC1
C1CCC(C2CC(C3CCCC3)CCC2C2CCCC(C3CCC4CCCCC4C3)C2)CC1
C1CCC(C2CCCC(C3CCCC(C4CCCCC4)C3)C2)CC1
C1CCC(CCC2CCC(C3CCC4C(CCCC5CC6CCCCC6C5)CCCC4C3)CC2)CC1
C1CCC(CC2CCC(C3CCCCC3C3CCCC4CCCCC43)CC2)CC1
C1CCC(C2CCCCC2C2CCCCC2)CC1
C1CCC(C2CCC(CC3CCC(C4CCCC(C5CCCC5)C4)CC3)CC2)CC1
C1CCC(CC2CCC(C3CCCCC3)CC2)CC1
C1CCC(CCC2CCCCC2C2CCCCC2)CC1
C1CCC(CC2CCCC(C3CC(C4CCCCC4)CC(C4CCC4)C3)C2)CC1
C1CCC(CC2CCC(C3CCCCC3)C(C3CCCCC3)C2)CC1
C1CCC(CCCCC2CCCC(CCC3CCCCC3)C2)CC1
C1CCC(CCC2CCC(CC3CCCCC3C3CCC4CCCCC4C3)CC2)CC1
C1CCC(CCCC2CCC(C3CCCCC3)CC2)CC1
C1CCC(CC2CCC(C3CCC(C4CCC5CCCCC54)CC3)CC2)CC1
C1CCC(C2CCC(CCC3CCCCC3C3CCCCC3)C(C3CCCC3)C2)CC1
C1CCC(CC2CCCC(C3CCCCC3)C2)CC1
C1CCC(CC2CCCC(CC3CCCCC3)C2)CC1
C1CCC(CCC2CCCC(CC3CC(C4CCCCC4)C4CCCCC34)C2)CC1
C1CCC(CCC2CCC(C3CCC(CCCCC4CCC5CCCCC45)CC3)CC2)CC1
C1CCC(C2CCCC(C3CCCCC3)C2)CC1
C1CCC(C2CCCC(C3CCC(CC4CC5CCCCC5C4)C3)C2)CC1
C1CCC(C2CCCC(C3CC(C4CCCCC4)CC(C4CC4)C3)C2)CC1
C1CCC(C2CCCC(CC3CCCCC3C3CCCCC3)C2)CC1
C1CCC(CC2CCCC3CC(C4CCCCC4)CCC23)CC1
C1CCC(C2CCCCC2)CC1
C1CCC(C2CCC(C3CCCCC3C3CCCCC3)CC2)CC1
C1CCC(CC2CCC(CC3CCCCC3CC3CCCCC3)CC2)CC1
C1CCC(CCC2CCC(C3CCC(C4CCCC(C5CCCC5)C4)CC3)CC2)CC1
C1CCC(CC2CCC(C3CCCC(CC4CCCCC4)C3)CC2)CC1
C1CCC(C2CCCC(CC3CCCCC3CC3CCCCC3C3CCCCC3)C2)CC1
C1CCC(CCC2CCC(C3CCCCC3)CC2)CC1
C1CCC(CCCCC2CCC(C3CCCC3)CC2)CC1
C1CCC(CC2CCCCC2CC2CCCCC2C2CCC2)CC1
C1CCC(CCCC2CCCC(C3CCCCC3)C2)CC1
C1CCC(CC2CCC3CC(C4CCCCC4C4CCC5CCCC5C4)CCC23)CC1
C1CCC(CC2CCCCC2C2CCCCC2C2CCC(C3CCCCC3)CC2)CC1
C1CCC(C2CCC(C3CCCC(C4CCCCC4C4CCCCC4)C3)CC2)CC1
C1CCC(CC2CC(C3CCC(C4CCC(C5CCCC5)CC4)CC3)C3CCCCC23)CC1
C1CCC(CC2CCCC(CC3CCC(C4CCCCC4C4CCC5CCCC5C4)CC3)C2)C1
C1CCC(CCC2CCC(CC3CCC(C4CCCC(C5CCCC5)C4)CC3)CC2)CC1
C1CCC(CC2CCC(C3CCCC3)CC2)CC1
C1CCC(C2CCCCC2CC2CCC3CCCCC3C2)CC1
C1CCC(CC(C2CCCCC2)C2CCC(C3CCCCC3)CC2)CC1
C1CCC(CCC2CC(CCC3CCCCC3)CC(CC3CCCCC3)C2)CC1
C1CCC(CCC2CCCCC2CC2CCCCC2)CC1
C1CCC(CC2CCC(C3CCC(C4CCCCC4)CC3)CC2)CC1
C1CCC(CCCC2CCCC(CC3CCCCC3C3CCC4CCCCC4C3)C2)CC1
C1CCC(CCC2CCC(CC3CCC(CC4CCCCC4)CC3)CC2)CC1
C1CCC(C2CCCC(CC3CCC(CC4CCCC4)CC3)C2)CC1
C1CCC(CCCC2CC(C3CCC4CCCCC43)CC3CCCCC32)CC1
C1CCC(CCC2CC(C3CCCCC3)CC(C3CCCCC3)C2)CC1
C1CCC(CCCC2CC(CC3CCCCC3)CCC2CCC2CCCCC2)CC1
C1CCC(CCC2CCCC3CC(C4CCCC(C5CCCCC5)C4)CCC23)CC1
C1CCC(C2CCC(CCCC3CCCC(C4CCCCC4)C3)CC2)CC1
C1CCC(CCC2CCC(CCC3CCCCC3C3CCCCC3CC3CCCCC3)CC2)CC1
C1CCC(CCCCCC(CC2CC2)C2CCCCC2)CC1
C1CCC(CC2CCC(C3CCCCC3)C(C3CCCCC3)C2)CC1
C1CCC(CC2CCC(CC3CCCC3)CC2)CC1
C1CCC(CC2CCCC(C3CCCC(CC4CCCCC4)C3)C2)CC1
C1CCC(CCCC2CCC(CC3CCC(C4CCCCC4)CC3)CC2)CC1
C1CCC(C2CCC(CCC3CCC(CCCC4CCC4)CC3)CC2)CC1
C1CCC(CC2CCCC(C3CCC(C4CCCCC4)CC3)C2)CC1
C1CCC(CCCCC2CCC3C(CCC3CC3CC4CCCCC4C3)C2)CC1
C1CCC(C2CCC(C3CCCCC3C3CCCC(C4CCCCC4)C3)CC2)CC1
C1CCC(CCC2CC(C3CCC4CCCCC43)C3CCCCC23)CC1
C1CCC(CC2CCC(CC3CCCC(CCC4CCC(C5CCC6CCCCC65)CC4)C3)CC2)CC1
C1CCC(C2CCCC(C3CCCC(CC4CCC5CCCCC54)C3)C2)CC1
C1CCC(C2CCCC(CC3CC(C4CCCCC4)C4CCCCC34)C2)CC1
C1CCC(CC2CCCCC2C2CCCCC2)CC1
C1CCC(CC2CC(C3CCC4CCCCC43)CC3CCCCC32)C(CC2CC3CCCCC32)C1
C1CCC(CC2CCC(C3CC(CC4CCCCC4)C4CCCCC43)CC2CC2CCCCC2)CC1
C1CCC(CCCCCC2CC3CCC(C4CCCCC4)CC3C(C3CCCCC3)C2)CC1
C1CCC(CC2CCC(CC3CCCCC3)CC2)CC1
C1CCC(CC2CCC(CCCC3CCCC(C4CCCCC4)C3)CC2)CC1
C1CCC(CCC2CC(C3CCCCC3)CC(C3CCCCC3)C2)CC1
C1CCC(CCCC2CCC(CCCC3CCC4CCC(C5CCC6CCCC6C5)CC4C3)CC2)CC1
C1CCC(CC2CCC(C3CCC(CC4CCC(C5CCCCC5)CC4)CC3)CC2)CC1
C1CCC(CC2CCC(CC3CCC(C4CCCCC4)CC3)CC2)CC1
C1CCC(CCCC2CCCC(CC3CCCCC3)C2)CC1
C1CCC(CCCC2CCCC(CCCC3CCCC4CCCCC43)C2)CC1
C1CCC(CCCC2CCC(CCCC3CCC(CC4CCCCC4)CC3)CC2)CC1
C1CCC(CCC2CCCC(CC3CCCCC3)C2)CC1
C1CCC(CC2CCCC(C3CCCCC3)C2)CC1
C1CCC(CCC2CCC(CC3CCCCC3)CC2)CC1
C1CCC(CC2CCCC(CC3CCCCC3)C2)CC1
C1CCC(C2CCCC3CCC(CC4CCCCC4CC4CCC5CCCC5C4)CC32)CC1
C1CCC(CCC(CCC2CCCCC2)CC2CC(C3CCCCC3)C3CCCCC23)CC1
C1CCC(CCC2CCC(CCCCC3CCCC(CC4CCCC4)C3)CC2)CC1
C1CCC(CC2CCC(C(CCCC3CCC4CCCCC43)CC3CCCC3)CC2)CC1
C1CCC(CCC2CCC(CC3CCC(CC4CC5CCCCC5C4)CC3)CC2)CC1
C1CCC(CCCC2CCCC(C3CCCCC3)C2)CC1
C1CCC(CC2CCCC(C3CCCCC3)C2)CC1
C1CCC(CC2CCCCC2C2CCC(C3CCCCC3)CC2C2CCCC2)CC1
C1CCC(C2CCCCC2C2CCC3C(CCC4CCC5CCCCC5C4)CCCC3C2)CC1
C1CCC(C2CCC(CC3CCCCC3C3CCCCC3)CC2)CC1
C1CCC(CCC2CCC(C3CC(C4CCC(C5CCCC5)CC4)C3)CC2)CC1
C1CCC(C2CCC3C(CCCC3C3CCCC(C4CCCCC4C4CCCCC4C4CCCC4)C3)C2)CC1
C1CCC(CC2CCCC(C3CCCCC3)C2)CC1
C1CCC(CCCCCC2CCC(CCC3CCCCC3)CC2)CC1
C1CCC(CCCC2CCC(CC3CCCCC3)CC2C2CCC3CCCC3C2)CC1
C1CCC(CC2CCCCC2C2CCC3CCCC3C2)CC1
C1CCC(C2CCC(CCC3CC4CCCCC4C3)CC2)CC1
C1CCC(CC2CC(CC3CCC(C4CCCCC4)CC3)C3CCCCC23)CC1
C1CCC(CC2CCC3CC(C4CCC5CCCCC54)CC(C4CCC5CCCCC54)C3C2)CC1
C1CCC(C2CCCC(C3CCC4CCCCC43)C2)CC1
C1CCC(CC2CCCCC2C2CCCCC2)CC1
C1CCC(C2CCC(C3CCC(C4CCCC4)CC3C3CCC4CCCC4C3)CC2)CC1
C1CCC(CCC2CCC(C3CCCCC3C3CCC(C4CCCCC4)CC3)CC2)CC1
C1CCC(C2CCCC(C3CCCC(C4CCC5CCCC5C4)C3)C2)CC1
C1CCC(CCC2CCCCC2C2CCC(CC3CCCCC3)CC2)CC1
C1CCC(C2CCCCC2)CC1
C1CCC(CC2CCC(CC3CCC(CCC4CCCC4)CC3)CC2)CC1
C1CCC(C2CCCC(C3CCC(CCC4CCCC4)CC3)C2)CC1
C1CCC(CC2CCCCC2C2CCCCC2)CC1
C1CCC(CCC2CCC(CCCC3CCCC(C4CCCCC4)C3)CC2)CC1
C1CCC(CC2CCC(CCC3CCCC(C4CCCCC4)C3)CC2)CC1
C1CCC(CC2CCC(C3CCC3)C(C3CCCCC3)C2)CC1
C1CCC(CCCC2CCC(CCCC3CCC(CC4CCCCC4)CC3)CC2)CC1
C1CCC(CCCC2CCC(CCCC3CCCCC3)CC2)CC1
C1CCC(CCC2CCC3CC(CC4CCCCC4)CCC23)CC1
C1CCC(CCCCCC2CCCCC2CC2CCCCC2)CC1
C1CCC(CCCC2CC(CCC3CCCCC3)CC(C3CCCCC3)C2)CC1
C1CCC(C2CCCCC2CCC2CCC(C3CCCC3)CC2)CC1
C1CCC(C2CCC(C3CCC(C4CCCC4)CC3)CC2)CC1
C1CCC(CCCC2CCC(CC3CCC(C4CCCC(C5CCCC5)C4)CC3)CC2)CC1
C1CCC(CCC2CCC(C3CCCC(C4CCC4)C3)CC2)CC1
C1CCC(C2CCC(CC3CC(C4CCCCC4)CC(C4CCC4)C3)CC2)CC1
C1CCC(CCC2CCCC(C3CCCCC3)C2)CC1
C1CCC(CC2CCC(CC3CC4CCCCC4C3)CC2)CC1
C1CCC(C2CCC(CCC3CC4CCCCC4C3)CC2)CC1
C1CCC(CC2CCC(CC3CCCC(C4CCCCC4)C3)CC2)CC1
C1CCC(CCC2CCC(C3CCCC(CC4CCCCC4CC4CCCC4)C3)CC2)CC1
C1CCC(C2CCCC(C3CCCCC3)C2)CC1
C1CCC(CCCC2CC(C3CCC(C4CCCCC4)CC3)C3CCCCC23)CC1
C1CCC(CC2CCCC(C3CCC(C4CCCCC4CCC4CCC4)CC3)C2)CC1
C1CCC(CC2CCC(C3CCCC3)CC2)CC1
C1CCC(CCC2CCC(CC3CCCCC3)CC2)CC1
C1CCC(CC2CCC(CCCC3CCCC4CC(C5CCCCC5)CCC34)CC2)CC1
C1CCC(CCCC2CCC(CC3CCCCC3)CC2)CC1
C1CCC(CC2CCC(CC3CCCC(CC4CCC(CC5CCCCC5)CC4)C3)CC2)CC1
C1CCC(CCC2CCCC(CC3CCCCC3)C2)CC1
C1CCC(CCCC2CCC(C3CCCC(CCC4CCC(CC5CCCCC5)CC4)C3)CC2)CC1
C1CCC(CCC2CCC(C3CCC(CC4CC4)CC3C3CCCCC3)CC2)CC1
C1CCC(CCC2CCC(CCC3CC4CCCCC43)CC2)CC1
C1CCC(CC2CCC(C3CCCC4CCCCC43)C(C3CCC4CCCC4C3)C2)CC1
C1CCC(CC2CCCC(CCCC3CCC(C4CCCCC4)CC3)C2)CC1
C1CCC(C2CCC(C3CCCCC3)CC2)CC1
C1CCC(CC2CCCC(CCCC3CCCC(C4CCCCC4)C3)C2)CC1
C1CCC(C2CC(CC3CCCC(CC4CCC(CC5CC6CCCCC6C5)CC4)C3)C3CCCCC32)CC1
C1CCC(CCC2CCCC(CC3CCC4CCCCC43)C2)CC1
C1CCC(CC2CCCC(CC3CCCCC3)C2)CC1
C1CCC(CC2CCCC(C3CCCCC3C3CCCCC3C3CCC4CCCC4C3)C2)CC1
C1CCC(C2CCCC(CC3CC4CCCCC4C3)C2)CC1
C(CCCC1CCCCC1)CCCC1CCC(CCCCC2CC2)CC1
C1CCC(CCCCC2CCCC(CC3CCCCC3)C2)CC1
C1CCC(CC2CC(C3CCCC(C4CCCCC4)C3)C3CCCCC23)CC1
C1CCC(CC(CC2CCCC(C3CCCCC3)C2)C2CCCC(C3CC3)C2)CC1
C1CCC(C2CCCCC2CCCCCC2CCC(C3CC3)CC2)CC1
C1CCC(CC2CCC(C3CCCCC3C3CCCCC3)CC2)CC1
C1CCC(C2CCCCC2C2CCCC(C3CCCC(CC4CCCC4)C3)C2)CC1
C1CCC(CC2CCC3CCC(C4CCCC(CC5CCC6CCCCC65)C4)CC3C2)CC1
C1CCC(CC2CCC(CCCC3CCC(C4CCCCC4)CC3)CC2)CC1
C1CCC(C2CCC(C3CCCC(C4CCCC4)C3)CC2)CC1
C1CCC(CCC2CCCC(CC3CCC(CC4CCCCC4)CC3)C2)CC1
C1CCC(C2CCCCC2C2CCCCC2)CC1
C1CCC(CC2CCC(C3CCC4CCCCC4C3)CC2)CC1
C1CCC(CC2CCC3CCC(C4CCCCC4)CC3C2)CC1
C1CCC(CC2CC(C3CCCCC3)CCC2C2CCCC(C3CCCCC3)C2)CC1
C1CCC(CCC2CCCC(C3CCC(C4CC5CCCCC5C4)CC3)C2)C1
C1CCC(CCC2CCCC(CC3CCC(C4CCCCC4)C3)C2)CC1
C1CCC(CCC2CCCC(C3CCCC(C4CCC5CCC(C6CCCCC6)CC5C4)C3)C2)CC1
C1CCC(CC2CCC3CC(C4CCCCC4)CCC23)CC1
C1CCC(C2CCC(C3CCC4CCCCC43)CC2)CC1
C1CCC(C2CCCC(C3CCCC(C4CCCCC4)C3)C2)CC1
C1CCC(C2CCC(C3CCCC(C4CCCC4)C3)CC2)CC1
C1CCC(C2CCC(CCCC3CCCC(C4CCCCC4)C3)CC2)CC1
C1CCC(CCC2CC3CCC(C4CCCCC4)CC3C2)CC1
C1CCC(C2CCC(CC3CCC(C4CCC5CCCC5C4)CC3)CC2)CC1
C1CCC(C2CCCCC2)CC1
C1CCC(C2CCCC(CCC3CCC4CCC(C5CCCCC5)CC4C3)C2)CC1
C1CCC(C2CCC(CC3CCC(CC4CCCC4)CC3)CC2)CC1
C1CCC(CC2CCC(C3CCC4CCCC4C3)C(C3CCCCC3)C2)CC1
C1CCC(CCCCC2CC(C3CCCCC3)C3CCCCC23)CC1
C1CCC(CCCC2CC(C3CCCC(C4CCCCC4)C3)C3CCCCC23)CC1
C1CCC(CC2CCC(CC3CCC4CC(C5CCCCC5)CCC4C3)CC2)CC1
C1CCC(CCC2CCC(C3CCCC(C4CCC5CCCCC54)C3)CC2)CC1
C1CCC(C2CCC3CCC(CC4CCCCC4C4CCCCC4)CC3C2)CC1
C1CCC(CCCC2CCCC(C3CCC(CC4CCCCC4)CC3)C2)CC1
C1CCC(C2CCCC(CC3CCC(C4CCCCC4)C3)C2)CC1
C1CCC(CC2CCC(CCCCC3CC4CCCCC4C3)CC2)CC1
C1CCC(CC2CCC(CC3CCCCC3)CC2)CC1
C1CCC(C2CCC(CC3CCC(CC4CCC(C5CCCCC5)CC4)CC3)CC2)CC1
C1CCC(CC2CCCCC2C2CCCC(C3CCCCC3)C2)CC1
C1CCC(CCC2CC(CC3CCCCC3)CCC2C2CCCCC2)CC1
C1CCC(CC2CCC(CC3CCCC(C4CCCC(CC5CCCCC5)C4)C3)CC2)CC1
C1CCC(C2CCCC(CC3CCCC(C4CCC(CCC5CC6CCCCC6C5)CC4)C3)C2)CC1
C1CCC(CC2CCCCC2C2CCC(CC3CCCCC3CC3CCC4CCCCC4C3)CC2)CC1
C1CCC(CC2CCC(C3CCC(C4CCCC(CC5CC6CCCCC6C5)C4)CC3)CC2)CC1
C1CCC(CC2CCC(C3CCC4CCCCC43)CC2)CC1
C(CCCC1CCC(C2CCCC2)CC1)CCC1CCCCC1
C1CCC(CC2CCCC(CCC3CCCC(C4CCCCC4)C3)C2)CC1
C1CCC(C2CCCCC2CC2CCC(C3CCC(C4CCCC4)CC3)CC2)CC1
C1CCC(CCC2CCC3C(CC4CCCCC4)CC(C4CCCC(C5CCCCC5)C4)C3C2)CC1
C1CCC(CC2CCC(C3CCCCC3)CC2)CC1
C1CCC(CC2CCC(C3CCCC(C4CCC5CCCCC54)C3)CC2)CC1
C1CCC(CC2CCC(CC3CC(C4CCCCC4)C4CCCCC34)CC2)CC1
C1CCC(C2CCC(CCC3CCCC(C4CCCCC4)C3)CC2)CC1
C1CCC(C2CCCC(C3CCC(CCC4CCCC4)CC3)C2)CC1
C1CCC(C2CCCC(C3CCCCC3)C2)CC1
C1CCC(C2CCC(C3CCCC(C(C4CCCCC4)C4CCCCC4)C3)CC2)CC1
C1CCC(C2CCCC(CCC3CCCC4CC(CC5CC6CCCCC6C5)CCC34)C2)CC1
C1CCC(CCC2CCCC(CC3CCC4CCCC4C3)C2)CC1
C1CCC(C2CCC(C3CC3)CC2C2CCCC2)CC1
C1CCC(C2CCCC(CC3CCCC(C4CCCC4)C3)C2)CC1
C1CCC(CCCC2CCCC(CC3CCCCC3)C2)CC1
C1CCC(CCC2CCC(C3CCCCC3)CC2)CC1
C1CCC(CC2CCC(CC3CCCCC3)CC2)CC1
C1CCC(C2CCC(CCCC3CCCC(C4CCCCC4)C3)CC2)CC1
C1CCC(CCCC2CCCC(C3CCCCC3)C2)CC1
C1CCC(CCCC2CCCCC2C2CCCCC2)CC1
C1CCC(CC2CCCC(C3CC(C4CCCCC4)CC(C4CCCC4)C3)C2)CC1
C1CCC(CCCCCC2CCC(CC3CCC(C4CCCCC4)CC3)CC2)CC1
C1CCC(CCC2CCCC(C3CCCC(C4CCC(CC5CCCC5)CC4)C3)C2)CC1
C1CCC(CC2CCCC(CCC3CCCC(C4CCCCC4)C3)C2)CC1
C1CCC(CCCC2CCCC(CCC3CCC(CC4CCCCC4)CC3)C2)CC1
C1CCC(CCC(C2CCCC(C3CCCC(C4CCCCC4)C3)C2)C2CC(C3CCC3)C3CCCCC32)CC1
C1CCC(C2CCCC(C3CCCCC3CC3CCC(CC4CCC(C5CCCC5)CC4)CC3)C2)CC1
C1CCC(CCC2CCC(C3CCC(C4CC4)CC3CC3CCCCC3)CC2)CC1
C1CCC(CCC2CC(C3CC(C4CCCCC4)C4CCCCC43)C3CCCCC23)CC1
C1CCC(CC2CCCC(C3CCCC(CC4CCC(CC5CCC6CCCCC6C5)CC4)C3)C2)CC1
C1CCC(CCC2CCC(CC3CCCCC3)CC2)CC1
C1CCC(CCC2CC(C3CCCCC3)CC(C3CCCC3)C2)CC1
C1CCC(C2CCCC(C3CCC4C(CCC4C4CCCCC4)C3)C2)CC1
C1CCC(C2CCCCC2)CC1
C1CCC(CC2CCC(CCC3CCCCC3CC3CCCCC3)CC2)CC1
C(CCC1CCC(CC2CCC(C3CC3)CC2)CC1)CCC1CCCC(C2CCCCC2)C1
C1CCC(C2CCCC(C3CC(C4CCC5CCCCC5C4)C(C4CCCCC4)C4CCCC34)C2)CC1
C1CCC(CCC2CCCC(C3CCC(C4CCCCC4)CC3)C2)CC1
C1CCC(CCC2CCCC(CC3CCCCC3)C2)CC1
C1CCC(CC2CCC3CC(C4CCCC(C5CCCCC5)C4)CC(C4CCCCC4)C3C2)CC1
C1CCC(CC2CCC(CC3CCC(CCC4CCCC4)CC3)CC2)CC1
C1CCC(C2CCC(CCC3CC4CCCCC4C3)CC2)CC1
C1CCC(CC2CCC(C3CCCCC3)CC2)CC1
C1CCC(CC2CCC(CC3CCCC(C4CCC4)C3)CC2)CC1
C1CCC(CC2CCC(C3CCCCC3CC3CCCCC3)CC2)CC1
C1CCC(C2CCC(CCC3CCCCC3C3CCCCC3)CC2)CC1
C1CCC(CC2CCCCC2CCC2CC3CCCCC3C(C3CCCCC3)C2)CC1
C1CCC(CC2CCC(C3CCCCC3)CC2)CC1
C1CCC(CC2CC(CC3CCCCC3)C3CC(C4CCC(C5CCCCC5)CC4)CCC23)CC1
C1CCC(C2CCCC(CCCC3CCCC(C4CCC5CCCCC54)C3)C2)CC1
C1CCC(CC2CCC(CC3CCC(C4CCCCC4)C3)CC2)CC1
C1CCC(CCCC2CCCCC2)CC1
C1CCC(CC2CCCCC2C2CCCCC2)CC1
C1CCC(CC2CCCC(C3CCCCC3)C2)CC1
C1CCC(CC2CCCCC2C2CC(CC3CCCC3)C3CCCCC32)CC1
C1CCC(CCC2CCC(C3CCCCC3)CC2)CC1
C1CCC(CC2CCC(C3CCCCC3)CC2)CC1
C1CCC(CC2CCC(CC3CCCC(C4CCCCC4)C3)CC2)CC1
C1CCC(CCCCC2CCC(CC3CCCCC3)CC2)CC1
C1CCC(CC2CCCCC2C(CC2CCCCC2)C2CCCCC2)CC1
C1CCC(CC2CCCCC2CCC2CCC3CCCCC3C2)CC1
C1CCC(CC2CCCC(C3CCC(CC4CC5CCCCC5C4)CC3)C2)CC1
C1CCC(CCCCC2CCC(C3CCCC(C4CCCCC4)C3)CC2)CC1
C1CCC(CC2CCC(C3CCC4CCCC4C3)C(CC3CCC4CCCCC4C3)C2)CC1
C1CCC(CC2CCCCC2)CC1
C1CCC(C2CCCC(C3CCCCC3)C2)CC1
C1CCC(CCC2CCC(CCC3CCCCC3)CC2)CC1
C1CCC(CC2CCCC(CC3CC4CCCCC4C3)C2)CC1
C1CC(C2CCC(C3CCC(C4CCCCC4C4CCC5CCCC5C4)CC3)CC2)C1
C1CC(CC2CCC(C3CCCCC3C3CCCCC3C3CCCC3)CC2)C1
C1CCC(CC2CCC(C3CCCCC3)CC2)CC1
C1CCC(CCCC2CC(CCC3CCCCC3)CC(CCC3CCCCC3)C2)CC1
C1CCC(CC2CCC3CC(C4CCCCC4)CCC23)CC1
C1CCC(C2CCCC(CC3CCC(C4CCCC(C5CCCCC5)C4)CC3)C2)CC1
C1CCC(CCC2CCC(CC3CCC(CC4CCCCC4)CC3)CC2)CC1
C1CCC(C2CC(C3CCCCC3)CC(C3CC3)C2)CC1
C1CCC(CC2CCCC(CC3CCCCC3)C2)CC1
C1CCC(CC2CCCC(C3CCCC3)C2)CC1
C1CCC(CC2CCC(CCC3CCCC(C4CCCCC4)C3)CC2)CC1
C1CCC(C2CCC(C3CCCCC3CC3CCCC(C4CCCCC4)C3)CC2)CC1
C1CCC(CC2CCC(CC3CCC(C4CC5CCCCC5C4)CC3)CC2)C1
C1CCC(CCC2CC(C3CCC(C4CCCC4)CC3)CCC2C2CCCCC2)CC1
C1CCC(CC2CCC(CC3CCCCC3)CC2)CC1
C1CCC(C2CCCC(CCCC3CCC(C4CCC5CCCCC5C4)CC3)C2)CC1
C1CCC(CC2CCC(C3CCCCC3)CC2)CC1
C1CCC(C2CCC(CCC3CCC4CCCC4C3)CC2)CC1
C1CCC(CCC2CCC(C3CCCCC3C3CC4CCCCC4C3)CC2)C1
C1CCC(C2CCC(CC3CC(C4CCCCC4)C4CCCCC34)CC2)CC1
C1CCC(CC2CCCCC2CCC2CCCC(C3CCCCC3)C2)CC1
C1CCC(C2CCCCC2CC2CCC(CC3CC(CC4CCCC4)C4CCCCC34)CC2)CC1
C1CCC(C2CCCC(C3CCCC(C4CCCC4)C3)C2)CC1
C1CCC(C2CCCC(C3CCC4C(CCCC4C4CCCCC4C4CCCC4)C3)C2)CC1
C1CCC(CC2CCCCC2C2CCC(C3CCCCC3)C2)CC1
C1CCC(C2CCCC(C3CCC(CCC4CC5CCCCC5C4)CC3)C2)CC1
C1CCC(CCC2CCCCC2C2CCC(CC3CCC3)CC2)C1
C1CCC(CC2CCCC(C3CCCC(C4CCCC(C5CCCCC5)C4)C3)C2)CC1
C1CCC(CC2CCC(CCC3CC(C4CCCCC4)C4CCCCC34)CC2)CC1
C1CCC(C2CCCCC2CCCCCC2CCCC2)CC1
C1CCC(CC2CCCC(C3CCC(C4CCCCC4)CC3)C2)CC1
C1CCC(CCCC2CCCC(CC3CCCC(C4CCCC(C5CCCCC5)C4)C3)C2)CC1
C1CCC(CCC2CCCC(CCCCC3CCCC4CCCCC34)C2)CC1
C1CCC(CCC(CCC2CCCCC2)C2CCCC(CC3CCCCC3CC3CCCCC3)C2)CC1
C1CCC(CC2CCC(C3CCCCC3)CC2)CC1
C1CCC(CC2CCC(C3CCCCC3)CC2)CC1
C1CCC(CC2CCCC(CCCC3CCCCC3C3CCCC3)C2)CC1
C1CCC(C2CC(C3CCCC3)CCC2CC2CCCC2CC2CC3CCCCC3C2)CC1
C1CCC(CCC2CC(C3CC3)CCC2C2CCCC(CCC3CC4CCCCC4C3)C2)CC1
C1CCC(CC2CCCCC2C2CCC(C3CCCC(C4CC4)C3)CC2)CC1
C1CCC(CCCC2CCCCC2CC2CCCCC2)CC1
C1CCC(C2CCCC(C3CCCCC3C3CCCCC3)C2)CC1
C1CCC(CCC2CCC(CC3CCC(CC4CCCC(C5CCCCC5)C4)CC3)CC2)CC1
C1CCC(CCC2CC(C3CCC(CC4CCCCC4)CC3)C3CCC(C4CCCCC4)CC23)CC1
C1CC(C2CCC(CC3CCC(C4CCCCC4C4CCCC4)C3)CC2)C1
C1CCC(C2CCC(C3CCCC(C4CCCCC4)C3)CC2)CC1
C1CCC(C2CCCCC2CCCC2CCC(C3CCC3)CC2C2CCC3CCCCC3C2)CC1
C1CCC(CC2CC(C3CCC(CC4CCC(C5CC5)CC4)CC3)C3CCCCC23)CC1
C1CCC(C2CC3CCCCC3C(C3CCCCC3)C2)CC1
C1CCC(CC2CCC(CCC3CCC(C4CCCCC4)CC3)CC2)CC1
C1CCC(CC2CC(CC3CCCC(C4CCCC(C5CCCCC5)C4)C3)C3CCCCC23)CC1
C1CCC(C2CCCC(CC3CCC(CCCCC4CCC5CCCC5C4)CC3)C2)CC1
C1CCC(C2CCCC(C3CC(C4CCCCC4)C(C4CCCCC4)C4CCCC34)C2)CC1
C1CCC(CCCC2CCCCC2C2CCCC(C3CCC4CCCCC4C3)C2)CC1
C1CCC(CC2CCC(CC3CCCCC3)CC2)CC1
C1CCC(CC2CCCC(CC3CCCCC3C3CCCCC3)C2)CC1
C1CCC(CC2CCCCC2C2CCC3CC(C4CCCCC4)CCC3C2)CC1
C1CCC(CC2CCCCC2C2CCCC(CCC3CC4CCCCC4C3)C2)C1
C1CCC(CCCC2CCCC(C3CCCCC3)C2C2CCCCC2)CC1
C1CCC(CC2CCC(C3CCCCC3)CC2)CC1
C1CCC(CCC2CC(CCC3CCCC(C4CCCCC4)C3)C3CCCCC23)CC1
C1CCC(C2CCCCC2)CC1
C1CCC(CCC2CCCC(C3CCCCC3C3CCCCC3C3CCCC3)C2)CC1
C1CCC(CCCC2CCCC(CC3CCC4C(CCC4C4CCCCC4)C3)C2)CC1
C1CCC(C2CCC(C3CCCCC3C3CCCCC3)C(C3CCCCC3)C2)CC1
C1CCC(CCC2CCCC(C3CCCCC3)C2)CC1
C1CCC(CC2CCC(C3CCC(C4CCCC4)CC3)CC2)CC1
C1CCC(C2CCC(CC3CCCC(C4CCCCC4CCC4CCCC4)C3)CC2)CC1
C1CCC(C2CC(CC3CCCC(CC4CCC5CCCCC5C4)C3)C3CCCCC32)CC1
C1CCC(CCC2CCC(C3CCCCC3)CC2)CC1
C1CCC(CCCCC2CCCCC2C2CCCC3CCCCC32)CC1
C1CCC(CC2CCCC(C3CCCCC3)C2)CC1
C1CCC(CCCCC2CCCCC2)CC1
C1CCC(CC2CCCC(C3CCCC(C4CC5CCCCC5C4)C3)C2)CC1
C1CCC(CC2CCC(C3CCCCC3)CC2)CC1
C1CCC(CCC2CCCC(CC3CCCCC3)C2)CC1
C1CCC(C2CCCC(CCC3CCC(CCCCC4CCCCC4C4CCCC4)CC3)C2)CC1
C1CCC(CC2CCC(C3CCC(C4CCC5CCCCC5C4)C(C4CCC5CCCC5C4)C3)CC2)CC1
C1CCC(C2CCCC(C3CCCC(CCC4CC4)C3)C2)CC1
C1CCC(CCC2CCC3CC(C4CCC5CCCCC54)CC(C4CCCC4C4CCCCC4)C3C2)CC1
C1CCC(C2CCC(C3CCCCC3C3CCCCC3)C(C3CCC4CCCCC4C3)C2)CC1
C1CCC(C2CCCCC2C2CCC(C3CCCCC3C3CCCCC3)C2)CC1
C1CCC(CC(C2CCCCC2)C2CCC(C3CCCCC3)CC2)CC1
C1CCC(CC2CC(C3CCCCC3)C3CC(CCC4CCCC4)CCC23)CC1
C1CCC(CC2CCC(C3CCCC3CCCC3CCCC(CCC4CC5CCCCC5C4)C3)CC2)CC1
C1CCC(CCC2CCC(CC3CCCCC3)CC2)CC1
C1CCC2CC(C3CCCCC3CC3CCC(C4CC5CCCCC5C4)CC3)CCC2C1
C1CCC(C2CCCC(C3CCCCC3)C2)CC1
C1CCC(CC2CCCC(CC3CCCC(C4CCCCC4)C3)C2)CC1
C1CCC(CC2CCC(C3CCCCC3)CC2)CC1
C1CCC(CCCC2CCCC(C(CC3CCCCC3)CC3CCCCC3)C2)CC1
C1CCC(C2CCC(CC3CCC(CCCC4CCCCC4C4CCCC(C5CCCCC5)C4)CC3)C2)CC1
C1CCC(C2CCC(C3CCCC(C4CCC(CC5CCCCC5C5CCCCC5)CC4)C3)CC2)CC1
C1CCC(CC2CCC(CC3CCCCC3)CC2)CC1
C1CCC(C2CCCCC2)CC1
C1CCC(CC(CC2CCC(C3CCCCC3)CC2)C2CCCCC2)CC1
C1CCC(CC2CCC3CCCCC3C2C2CCCCC2C2CCCC2)CC1
C1CCC(CCCCCC2CCC(C3CCC(C4CC4)CC3)CC2)CC1
C1CCC(CC2CC(C3CCCCC3)C3CCCCC23)CC1
C1CCC(CCC2CCCC(CCCC3CCC4CCCCC4C3)C2)C1
C1CCC(CC2CCCCC2CCCC2CCCC(C3CCC(C4CC4)CC3)C2)CC1
C1CCC(C2CCC(CC3CCC(C4CCCCC4C4CCCCC4)CC3)CC2)CC1
C1CCC(CCCCC2CCC(C3CCCC3)CC2)CC1
C1CCC(C2CCCC(C3CCCCC3)C2)CC1
C1CCC(CC2CC(CC3CCCCC3C3CCC3)C3CC(C4CCCCC4)CCC23)CC1
C1CCC(C2CCC(C3CCCCC3)CC2)CC1
C(CCCC1CCCCC1)CCCC1CCC(CCC2CCC(CC3CCCCC3)CC2)CC1
C1CCC(CC2CCC(C3CC(CC4CCCCC4)C4CCCCC43)CC2)CC1
C1CCC(CC2CCCC(C3CCCCC3)C2)CC1
C1CCC(C2CCCCC2)CC1
C1CCC(CC2CCC(CCCCCC3CC4CCCCC4C3)CC2)CC1
C1CCC(CCCC2CCC(CCC3CCCCC3)CC2C2CCCCC2)CC1
C1CCC(CC2CCC(CCC3CCCCC3C3CCCCC3)CC2)CC1
C1CCC(C2CCC(CC3CCC(C4CCC(CCC5CC5)CC4)CC3)CC2)CC1
C1CCC(CC2CCC(CC3CCCC(C4CCCC(C5CCCCC5)C4)C3)CC2)CC1
C1CCC(C2CCCC(C3CCC4CCCCC4C3)C2)CC1
C1CCC(CC2CCC3C(C2)C(CC2CCCCC2)CC3C2CCCCC2)CC1
C1CCC(CC2CCC(CC3CCC4CCCCC43)C(C3CCCC3)C2)CC1
C1CCC(CC2CCC(CCCC3CCCC(C4CCCCC4)C3)CC2)CC1
C1CCC(C2CCC3CC(CC4CCC5CCCCC54)CC(C4CCCCC4)C3C2)CC1
C1CCC(CCC2CCC(CCC3CCC(C4CCC4)CC3)CC2)CC1
C1CCC(CC2CCC(C3CCCCC3)CC2)CC1
C1CCC(C2CCC(CC3CCC(CCCC4CCC5CCCCC5C4)CC3)CC2)CC1
C1CCC(CC2CCC(CCC3CCC4C(CCC4C4CCCCC4)C3)CC2)CC1
C1CCC(CC2CCC(CCCCC3CCCC(CC4CCCCC4)C3)CC2)CC1
C1CCC(CCC2CCCC(CCC3CCC(C4CCCC4)CC3)C2)CC1
C1CCC(CC2CCCC(C(C3CCCCC3)C3CCCCC3C3CCC4CCCC4C3)C2)CC1
C1CCC(C2CCCC(C3CCCCC3)C2C2CC2)CC1
C1CCC2C(C1)CCC2C1CCC(C2CCCC(C3CCCC4CCCCC43)C2)CC1
C1CCC(CCC2CCC3CC(C4CCCCC4)CCC3C2)CC1
C1CCC(C2CCC(C3CCCCC3C3CCCC3C3CCCC3)C(C3CCCC3)C2)CC1
C1CCC(CCC2CC(C3CCCCC3)CC(C3CCCC(C4CCCCC4)C3)C2)CC1
C1CCC(C2CCC(C3CCCC(C4CCCC4)C3)CC2)CC1
C(CCCC1CCCCC1)CCCC1CCCC(CCC2CC3CCCCC3C2)C1
C1CCC(C2CCC(C3CCC(C4CCCC4)CC3)CC2C2CCCC2)CC1
C1CCC(C2CCC(CC3CCC(C4CCC5C(CCCC5C5CCCCC5)C4)CC3)CC2)CC1
C1CCC2C(C1)CCCC2CC1CCC(C2CCCC3CCCCC32)CC1
C1CCC(C2CCC(C3CCCCC3)CC2)CC1
C1CCC(CCC2CCC3CC(C4CCC5CCCCC54)CC(C4CCCC4)C3C2)CC1
C1CCC(C2CCCC(C3CCCCC3C3CCC4CCCC4C3)C2)CC1
C1CCC(C2CCCC(C3CCCC(C4CCCCC4)C3)C2)CC1
C1CCC(CCC2CCCC(C3CCCC(C4CCCCC4)C3)C2)CC1
C1CCC(CC2CCC(CC3CCCCC3C3CCCCC3)CC2)CC1
C1CCC(C2CCC(C3CCC(C4CCCC(C5CCCCC5)C4)CC3)CC2)CC1
C1CCC(CC2CCC(CCCC3CCCC(C4CCCCC4)C3)CC2)CC1
C1CCC(CCC2CCCC(CC3CCCCC3)C2)CC1
C1CCC(CCC2CCC(CCC3CCCCC3)CC2)CC1
C1CCC(CCC2CCC(CC3CCCCC3)CC2C2CCCCC2)CC1
C1CCC(CC2CCCC(CC3CCC4CC(C5CCCCC5)CCC34)C2)CC1
C1CCC(CC2CCCC(CCC3CCC(C4CCC4)CC3)C2)CC1
C1CCC(C2CCC(CC3CCCC(CC4CCC5CCCC5C4)C3)CC2)CC1
C1CCC(CC2CCCC(CC3CCCCC3C3CCCCC3)C2)CC1
C1CCC(CCCC2CCC(C3CCCC(CC4CCCCC4)C3)CC2)CC1
C1CCC(C2CCC(CC3CCC(C4CCCCC4)CC3)CC2)CC1
C1CCC(C2CCC(C3CCC(CCC4CCCC4)CC3)CC2)CC1
C1CCC(CCCCC2CCC(CC3CCCCC3)CC2)CC1
C1CCC(CCCCC2CCC(C3CCCCC3)CC2)CC1
C1CCC(CC2CCC(CC3CCCCC3)CC2)CC1
C1CCC(CCC2CC(C3CCCCC3)CC(C3CCCC(C4CCCC4)C3)C2)CC1
C1CCC(CC2CCCCC2C2CCC(C3CCCC(C4CCCCC4)C3)C2)CC1
C1CCC(CC2CCCC(C3CCC4CCCCC43)C2)CC1
C1CC2CCC(C3CCCC(C4CCC(CCC5CC5)CC4)C3)CC2C1
C1CCC(C2CCCC(CCC3CCCCC3C3CCCCC3)C2)CC1
C1CCC(CC2CCC(C3CC4CCCCC4C3)CC2)CC1
C1CCC(CC2CCCC(C3CCCCC3)C2)CC1
C1CCC(CCC2CCCC(CC3CCCCC3)C2)CC1
C1CCC(CCCC2CCCC(C3CCCC(C4CCCCC4)C3)C2)CC1
C1CCC(C2CCC3C(CCCC3C3CCCCC3)C2)CC1
C1CCC(C2CCC(CC3CCC(CCC4CCCC5CCCCC54)CC3)CC2)C1
C1CCC(CCC2CCCC(CCCC3CCC(C4CCCCC4)CC3)C2)CC1
C1CCC(CCCC2CCC3C(CC4CCCCC4)CC(CC4CCCCC4)C3C2)CC1
C1CCC(CC2CCC(C3CCCCC3)CC2)CC1
C1CCC(CC2CCCCC2C2CCCCC2)CC1
C1CCC(CC2CC(CC3CCCCC3)C3CCCCC23)CC1
C1CCC(CCC2CCC(CC3CCC(CC4CCCCC4)CC3)CC2)CC1
C1CCC(CC2CCC(CCC3CCCC(CC4CCCCC4)C3)CC2)CC1
C1CCC(CCCC2CCC(CC3CCCCC3)CC2)CC1
C1CCC(C2CCCC(C3CCCCC3C3CCCCC3C3CCCC3)C2)CC1
C1CCC(CCCC2CCC(CC3CC4CCCCC4C3)CC2)CC1
C1CCC(CCCC2CCC(CC3CCC(CCC4CCC5CCCCC5C4)CC3)CC2)CC1
C1CCC(CCCC2CCC(CC3CCCCC3)CC2)CC1
C1CCC(CC2CCC(CC3CCCCC3)C(CC3CCCCC3)C2)CC1
C1CCC(C2CCC(C3CCCC(C4CCCCC4)C3)CC2)CC1
C1CCC(C2CCCCC2CC2CCC(CC3CCC(CC4CC5CCCCC5C4)CC3)CC2)CC1
C1CCC(CC2CCC(CC3CCCCC3)CC2)CC1
C1CCC(CC2CCCC(C3CC(C4CCCCC4)C4CCCCC34)C2)CC1
C1CCC(C2CCC(C3CCCC4CC(C5CCCCC5)CCC43)CC2)CC1
C1CCC(CC2CCC(CCCC3CCC(CC4CCCCC4)C3)CC2)CC1
C1CCC(CC2CCC(C3CCCCC3)CC2)CC1
C1CCC(CC2CCCC(C3CCC(CC4CC5CCCCC5C4)CC3)C2)CC1
C1CCC(CCC2CCC(CC3CCCCC3)CC2)CC1
C1CCC(CC2CCCC(C3CCCCC3CC3CCCCC3)C2)CC1
C1CCC(CC2CCCC(C3CCCC(C4CCCCC4)C3)C2)CC1
C1CCC(CCCC2CCCCC2C2CCCCC2)CC1
C1CCC(C2CCC(C3CCC4CCCCC43)CC2)CC1
C1CCC(C2CCCC(CC3CC3)C2)CC1
C1CCC(CCC(CC2CCCCC2)C2CCCCC2)CC1
C1CCC(C2CCC(C3CCC(CCCC4CCC(CC5CCC(CC6CC6)CC5)CC4)CC3)CC2)CC1
C1CCC(CC2CCCCC2C2CCCC(CC3CCC(C4CCCCC4)CC3)C2)CC1
C1CCC(CC2CCC3CCCC(C4CCCCC4)C3C2)CC1
C1CCC(CC2CCC(C3CCCCC3)CC2)CC1
C1CCC(CC2CCC(C3CCCCC3)CC2)CC1
C1CCC(CC2CCC3CCCCC3C2)CC1
C1CCC(C2CCC3CC(CC4CCCCC4C4CCCCC4)CC3C2)CC1
C1CCC(CC2CCCC(C3CCC4CCC(CC5CCCCC5)CC43)C2)CC1
C1CCC(CCCC2CCC(C3CCC(CC4CCCCC4)CC3)C2)CC1
C1CCC(CC2CCCCC2C2CCC3C(CC4CCCC(C5CCCC5)C4)CCC3C2)CC1
C1CCC(CC2CCC(C3CCCC(CC4CC5CCCCC5C4)C3)CC2)CC1
C1CCC(CCCC2CCC(CC3CCCCC3)CC2)CC1
C1CCC(C2CCC(C3CCC(CC4CC5CCCCC5C4)CC3)CC2)CC1
C1CCC(CC(C2CCC(C3CCCCC3)CC2)C2CCCC(C3CCCCC3)C2)CC1
C1CCC(CCCC2CC(CC3CCCCC3)CCC2C2CCCCC2)CC1
C1CCC(CC2CCC(C3CCCC(CCC4CCCC4)C3)CC2)CC1
C1CCC(C2CCCC(CC3CCC(C4CCCCC4)C3)C2)CC1
C1CCC(C2CCCC3CCCCC32)CC1
C1CCC(CC2CCC(C3CCCC(CCC4CC5CCCCC5C4)C3)CC2)CC1
C1CCC(C2CCC(C3CCC(C4CCCCC4)CC3)CC2)CC1
C1CCC(CCC2CCCC(C3CC(CC4CCCCC4)C4CCCCC43)C2)CC1
C1CCC(CC2CC(CC3CCCCC3)C3CC(C4CCCCC4)CCC23)CC1
C1CCC(C2CC(C3CCCCC3)C3CCCCC23)CC1
C1CCC(CC2CCC(C3CCCCC3)CC2)CC1
C1CCC(CC2CCC(C3CCCC(C4CCCC4)C3)CC2)CC1
C1CCC(C2CCCC3CC(C4CCCCC4CC4CC5CCCCC5C4)CCC32)CC1
C1CCC(CC2CCC(C3CCCCC3C3CCC(CCCC4CCCC4)CC3)C(C3CCCC3)C2)CC1
C1CCC(CC2CCC(C3CCCC(C4CC4)C3)C(C3CCCCC3)C2)CC1
C1CCC(C2CCCC(C3CCC4CCCCC4C3)C2)CC1
C1CCC(CC2CCCC(C3CC4CCCCC4C(C4CCCCC4)C3)C2)CC1
C1CCC(CCC2CC(CC3CCCCC3)CCC2CCC2CCC(CC3CCCCC3)CC2)CC1
C1CCC(C2CCCC(CCC3CCC(CC4CCCC(C5CCC6CCCCC65)C4)CC3)C2)CC1
C1CCC(CC2CCC(CC3CCC(CC4CC5CCCCC5C4)CC3)CC2)C1
C1CCC(CC2CCCC(CCC3CCC(CCC4CCCC4)CC3)C2)CC1
C1CCC(C2CCCC(CC3CCCC(C4CCCCC4)C3)C2)CC1
C(CCCC1CCC(CCCC2CCCCC2)CC1)CCCC1CC2CCCCC2C1
C1CCC(CCC2CCCCC2C2CCCCC2)CC1
C1CCC(C2CCCCC2CCC2CCC(CCC3CCCC(CCC4CC5CCCCC5C4)C3)CC2)CC1
C1CCC(CC2CCC(C3CCC(CC4CCC5CCCC5C4)CC3)CC2)C1
C1CCC(CCC2CCC(CC3CCCCC3)CC2)CC1
C1CCC(CC2CCCCC2C2CCC3C(CC4CCCCC4)CCCC3C2)CC1
C1CCC(C2CCCC(CCC3CC(C4CCCCC4)CC(C4CCC4)C3)C2)CC1
C1CCC(C2CCCCC2CCC2CCC3CCCC3C2)CC1
C1CCC(CCC2CCC(C3CCCCC3)C(C3CCCCC3)C2)CC1
C1CCC(CC2CCCC(C3CCCC3)C2)CC1
C1CCC(CCC2CCC(C3CCCC(CCC4CCCCC4)C3)CC2)CC1
C1CCC(CC2CCCC(C3CCCCC3C3CCCC3)C2)CC1
C1CCC(CC2CCC(C3CCCCC3)CC2)CC1
C1CCC(CCCCC(CCC2CCC(CCC3CCCCC3)CC2)C2CCCCC2)CC1
C1CCC(C2CCC(CC3CCC(CC4CCCC(C5CC5)C4)CC3)C(C3CCCCC3)C2)CC1
C1CCC(CC2CCC(C3CC(CC4CCCCC4)C4CCCCC43)CC2CC2CCCC2)CC1
C1CCC(CCC2CCCCC2)CC1
C1CCC(CC2CCC(C3CCCCC3)CC2)CC1
C1CCC(C2CCCC(C3CCC4CCCC(C5CCCCC5)C4C3)C2)CC1
C1CCC(C2CCCC(C3CCCC4CC(C5CCCCC5)CC43)C2)CC1
C1CCC(C2CCCCC2C2CCC(CC3CCC(CC4CCCC4)CC3)CC2)CC1
C1CCC(CC2CCCC(CC3CC4CCCCC4C3)C2)CC1
C1CC(CC2CCCCC2CC2CCCCC2C2CCC3CCCCC3C2)C1
C1CCC(CCCCC2CCC(CC3CCCCC3)CC2)CC1
C1CCC(CC2CC(C3CCCC(C4CCCCC4C4CCCCC4)C3)CC3CCCCC32)CC1
C1CCC(C2CCC(C3CCCCC3CCCCC3CCC4C(CCCC4C4CCC4)C3)C2)CC1
C1CCC(CC2CCC(CC3CCCCC3)CC2)CC1
C1CCC(C2CCC(C3CCCCC3C3CCC4C(CCCC4C4CCCC(C5CCC5)C4)C3)CC2)CC1
C1CCC(CC2CCC(C3CCC(C4CCCCC4C4CCC5CCCC5C4)CC3)CC2)CC1
C1CCC(C2CCCCC2C2CCC(C3CCC3)CC2)CC1
C1CCC(C2CCCC(CC3CCCC(C4CCCCC4)C3)C2)CC1
C1CCC(C2CCCC(C3CCCCC3CC3CCC(C4CCCC4)CC3)C2)CC1
C1CCC(CCC2CC(C3CCCC3)CCC2C2CCC3CCCC3C2)CC1
C1CCC(C2CCC(C3CCC4CCCC4C3)C(C3CCC4CCCC4C3)C2)CC1
C1CCC(CC2CCCC(C3CCC(C4CCC(C5CCCCC5)CC4)C3)C2)CC1
C1CCC(CC2CCC(C(CCC3CCCC(C4CC5CCCCC5C4)C3)C3CCCCC3)CC2)CC1
C1CCC(CC2CCC(CC3CCCCC3)CC2)CC1
C1CCC(C2CC(C3CCCCC3C3CCCC3)C3CCCCC23)CC1
C1CCC(CC2CC3CCC(C4CCC(C5CCC(CC6CCCC6)CC5)CC4)CC3C(C3CCCCC3)C2)CC1
C1CCC(C2CCC(C3CCCCC3)CC2)CC1
C1CCC(CC2CCCC(C3CCCC(C4CCCCC4)C3)C2)CC1
C1CCC(CC2CCC(CC3CCCCC3C3CCCCC3C3CCCCC3C3CCCC3)CC2)C1
C1CCC(CC2CCCC(CC3CC(C4CC4)CC(C4CCCC(CC5CCCCC5)C4)C3)C2)CC1
C1CCC(C2CCCC(C3CCCCC3)C2)CC1
C1CCC(CC2CCC(C3CCCC(CCC4CC5CCCCC5C4)C3)CC2)CC1
C1CCC(C2CCC(C3CCC(C4CCCC(C5CCCCC5)C4)CC3)CC2)CC1
C1CCC(CC2CCC(CC3CCC(CCCC4CCC5CCCC5C4)CC3)CC2)CC1
C1CCC(C2CCC(CC3CCC(CC4CCC5CCCC5C4)CC3)CC2)CC1
C1CCC(CC2CCC(CC3CCC(CCC4CCCC4)CC3)CC2)CC1
C1CCC(CC2CCC(C3CCCCC3C3CCCC3)CC2)CC1
C1CCC(CC(CC2CCCCC2)C2CCCC(C3CCCCC3C3CCC4CCCCC43)C2)CC1
C1CCC(CCC2CCC(C3CCC(C4CCC4)CC3)CC2)CC1
C1CCC(CC2CCC(CC3CCC(C4CCC(C5CCCCC5)CC4)C3)CC2)CC1
C1CCC(C2CCC(CCC3CCCC3)C(C3CCCCC3)C2)CC1
C1CCC(C2CCC(CCC3CC4CCCCC4C(C4CCCCC4)C3)CC2)CC1
C1CCC(CCCC2CCC3C(CCC3C3CCCC3)C2)CC1
C1CCC(CC2CCCC(CC3CCCC(C4CCCCC4)C3)C2)CC1
C1CCC(CCCC2CCC(CC3CCCCC3)CC2)CC1
C1CCC(C2CCC(C3CCC4CCCCC43)CC2)CC1
C1CCC(CC2CCC(C3CCCCC3)CC2)CC1
C1CCC(CC2CCC(C3CCCCC3CCCC3CC4CCCCC4C3)CC2)CC1
C1CC2CCC(C3CCC(CC4CCC(CC5CCC6CCCCC65)CC4)CC3)CC2C1
C1CCC(C2CCCC(CCC3CCCC(C4CCCCC4)C3)C2)CC1
C1CCC(CCC2CCCC(C3CCCCC3)C2)CC1
C1CCC(C2CCC(C3CCCCC3)CC2)CC1
C1CCC(CC2CC(C3CCCC3)C3CC(C4CCCCC4)CCC23)CC1
C1CCC(C2CCC(C3CCC(C4CCC5CCCCC54)CC3)CC2)CC1
C1CCC(C2CCCCC2C2CCCCC2)CC1
C1CCC(CC2CCC(CCC3CC4CCCCC4C3)CC2)CC1
C1CCC(C2CCCC(C3CCC(CCC4CCCC(C5CCC5)C4)CC3)C2)CC1
C1CCC(C2CCCCC2)CC1
C1CCC(C2CCC(CC3CCC(C4CCC5CCCCC54)CC3)CC2)CC1
C1CCC(CCC2CC(C3CCC(C4CCCCC4)CC3)C3CCCCC23)CC1
C1CCC(CC2CCC(C3CCC4CCC(CC5CCCCC5)C4C3)CC2)CC1
C1CCC(CC2CCC(CC3CCCCC3)CC2)CC1
C1CCC(CCCC2CCC3CC(C4CCC5CCCCC54)CC(C4CCCCC4)C3C2)CC1
C1CCC(C2CCCC(C3CCCC(C4CCCC(C5CCCCC5)C4)C3)C2)CC1
C1CCC(C2CCCCC2)CC1
C1CCC(CC2CCC(C3CCCCC3)CC2)CC1
C1CCC(C2CCCC(C3CCCC4CCCCC43)C2)CC1
C1CCC(C2CCCC(C3CCCCC3)C2)CC1
C1CCC(CCC2CCC(CC3CCCC(C4CCCCC4)C3)CC2)CC1
C1CCC(C2CCCC(C3CCCCC3CCC3CCCC3)C2)CC1
C1CCC(CC2CCC(CC3CCC(C4CCCC(C5CCCCC5)C4)CC3)CC2)CC1
C1CCC(CC2CCC(C3CCCCC3)CC2)CC1
C1CCC(CC2CCC(C3CC(CC4CCCCC4)C4CCCCC43)CC2)CC1
C1CCC(C2CC3CCCCC3C(C3CCCCC3)C2)CC1
C1CCC(C2CCC(CCC3CC4CCCCC4C3)CC2)CC1
C1CCC(C2CCC(CC3CCC(CCCC4CC4)CC3)CC2)CC1
C1CCC(CCCC2CCCCC2C2CCCC(C3CCC3)C2)CC1
C1CCC(CC2CCC(CC3CCCCC3)CC2)CC1
C1CCC(CCC2CCCC(C3CCC(CCC4CCC(CC5CCCCC5)CC4)CC3)C2)CC1
C1CCC(CCCCC2CCC(CC3CCCCC3)CC2)CC1
C1CCC(CC2CCC3C(CCCC3C3CCCC(CC4CCCCC4C4CCCCC4)C3)C2)CC1
C1CCC(C2CC(C3CCC(C4CCCC(C5CCC5)C4)CC3)C3CCCCC23)CC1
C1CCC(CC2CCCCC2C2CCCC(C3CCCCC3)C2)CC1
C1CCC(CC2CCCC3CC(C4CCCCC4CC4CC5CC(C6CCCCC6)CC5C4)CCC23)CC1
C1CCC(CC2CCCCC2C2CCC3CCCC3C2)CC1
C1CCC(C2CCCCC2CCCC2CCC(CC3CCCC3)CC2)CC1
C1CCC(CC2CCC(C3CCCC3)CC2)CC1
C1CCC(C2CCC(CC3CCC(C4CC4)CC3C3CCC(C4CCCCC4)CC3)CC2)CC1
C1CCC(CCCCC2CCC(C3CCCCC3)CC2)CC1
C1CCC(CC2CCC(C3CCCCC3)CC2)CC1
C1CCC(CCCCC2CCCCC2CC2CC3CCCCC3C2)CC1
C1CCC(CC2CCC(CC3CCC4C(CCC4C4CCCCC4)C3)CC2)CC1
C(CCCC1CCCC(C2CCCC(C3CCCC(C4CCCCC4)C3)C2)C1)CCC1CCCCC1
C1CCC(C2CCCC(C3CCCCC3)C2)CC1
C1CCC(CCC2CCC(CC3CCC(C4CC4)CC3C3CCCCC3)CC2)CC1
C1CCC(CC2CCC(C3CCCCC3)CC2)CC1
C1CCC(CC2CCC3CC(C4CC5CCCCC5C4)CCC3C2)CC1
C1CCC(CCCCCC2CCCCC2)CC1
C1CC(CCC2CCCC(C3CCC3)C2)CC(CC2CC3CCCCC3C2)C1
C1CCC(CC2CCC(CC3CCCCC3CC3CCCCC3)CC2)CC1
C1CCC(CCC2CC(CC3CCCC(C4CCCC4)C3)C3CCCCC23)CC1
C1CCC(CCC2CCC(CCC3CCCC(C4CCCCC4)C3)CC2)CC1
C1CCC(C2CCC(C3CCCC3)C(C3CCCCC3)C2)CC1
C1CCC(CC2CCC(CCC3CCCC(CC4CCCCC4)C3)CC2)CC1
C1CCC(C2CCC(C3CCCCC3C3CCCC3)C(CCC3CCCC3)C2)CC1
C1CCC(C2CCC(C3CCCC(C4CCCCC4)C3)CC2)CC1
C1CCC(CC2CCCCC2CC2CCCC(C3CC4CCCCC4C3)C2)CC1
C1CCC(C2CCCC(CCC3CCCCC3C3CCCCC3)C2)CC1
C1CCC(CCC2CCCCC2C2CCCC2)CC1
C1CCC(C2CCCC(C3CCCCC3)C2)CC1
C1CCC(CCCC2CCCC(CC3CCC4CC(CCC5CCCCC5)CCC43)C2)CC1
C1CCC(C2CCC(C3CCCC(C4CCC5CCCCC54)C3)CC2)CC1
C1CCC(CC2CC(C3CCCCC3)C3CCCCC23)CC1
C1CCC(CCC2CCC(C3CCCC(C4CCC5CCCCC5C4)C3)CC2)C1
C1CCC(CC2CCCCC2CCC2CCCC3CC(C4CCCCC4)CCC23)CC1
C1CCC(C2CCC(CCCC3CCC(C4CCCCC4C4CCC5CCCCC5C4)CC3)CC2)CC1
C1CCC(CCCCC2CCC(C3CCCCC3)CC2)CC1
C1CCC(C2CCC(C3CCCC(C4CCCCC4)C3)CC2)CC1
C1CCC(C2CCC(C3CCCC4CC(C5CCCCC5)CCC43)CC2)CC1
C1CCC(C2CCCCC2CCC2CC3CCCCC3C2)CC1
C1CCC(CCC2CCC(C3CCCCC3)CC2)CC1
C1CCC(CCC2CCC(CCC3CCC(CC4CCCC(CCC5CCCCC5)C4)CC3)CC2)CC1
C1CCC(C2CCC(CC3CCCCC3C3CCCC(C4CCC5CCCCC5C4)C3)C2)CC1
C1CCC(CCC2CCCCC2C2CC(C3CCCCC3C3CCCC3)C3CCCCC23)CC1
C1CCC(C2CCCCC2CCC2CC3CCCCC3C2)CC1
C1CCC(CCC2CCC(CCC3CCC(CC4CCCCC4)CC3)CC2)CC1
C1CCC(C2CCCC(CC3CCCC(C4CCCCC4)C3)C2)CC1
C1CCC(CCC2CCC(C3CCCCC3)CC2C2CCCC2)CC1
C1CCC(CCC2CCCC(C3CCC(C4CCCC4)CC3)C2)CC1
C1CCC(CC2CCCCC2C2CCC(C3CCCCC3)CC2)CC1
C1CCC(CCCCC(C2CCCCC2)C2CCC(CC3CCCCC3)CC2)CC1
C1CCC(C2CCC(C3CCCC(C4CCCCC4)C3)CC2)CC1
C1CCC(CC2CCC(C3CC3CC3CCCCC3)CC2)CC1
C1CCC(CC2CCC(CC3CCC(C4CCCCC4)CC3)CC2)CC1
C1CCC(C2CCCC(C3CCC(C4CCC5CCCCC54)CC3)C2)CC1
C1CCC(C2CCCCC2C2CCCCC2CCC2CCC2)CC1
C1CCC(C2CCCC(CC3CCCCC3C3CCCC3)C2)CC1
C1CCC(CC2CCC(CC3CCC(C4CCC5CCCCC54)CC3)CC2)CC1
C1CCC(CCC2CCC(CC3CCCCC3)CC2CCC2CCCCC2)CC1
C1CCC(C2CCC3C(CCC3C3CCCCC3)C2)CC1
C1CCC(CCC2CCC(C3CCC(CC4CCC5CCCCC54)CC3)CC2)CC1
C1CCC(C2CCC(C3CCCCC3CC3CCCC(C4CCCC4)C3)CC2)C1
C1CCC(C2CCC(C3CCCCC3)CC2)CC1
C1CCC(CCC2CCCCC2C2CCCCC2)CC1
C1CCC(C2CCC(CCC3CCCC(CCCC4CC4)C3)CC2)CC1
C1CCC(CCCCCC2CCC3C(CC4CCCCC4)CCCC3C2)CC1
C1CCC(CCCCC2CCC(CC3CCC(C4CCCCC4)CC3)CC2)CC1
C1CCC(CC2CC3CCCC(C4CCC(C5CCC(C6CCCCC6)CC5)C4)C3C2)CC1
C1CCC(CC2CCCC(C3CCCCC3)C2)CC1
C1CCC(C2CCCC(C3CCCCC3)C2)CC1
C1CCC(C2CCCC(CCC3CC4CCC(C5CCCCC5)CC4C(C4CCCCC4)C3)C2)CC1
C1CCC(CCC2CCC(CCCCCCC3CCCCC3CC3CCCCC3)CC2)CC1
C1CCC(C2CCC(C3CCCC(C4CCC(C5CCCCC5C5CCCC5)CC4)C3)C2)CC1
C1CCC(CCC(C2CCCCC2)C(C2CCCCC2)C2CCCC2)CC1
C1CCC(CCC2CCCC(C3CCCCC3C3CCCCC3)C2)CC1
C1CCC2C(C1)CCCC2CC1CC(CCC2CC2)CC2CCCCC21
C1CCC(CCC2CCCC(C3CCCCC3)C2)CC1
C1CCC(C2CCC(CC3CC(C4CCCCC4)C4CCCCC34)CC2)CC1
C1CCC(CC2CCC(C3CC(CC4CCCCC4)CC(CC4CCCCC4)C3)CC2)CC1
C1CCC(C2CCCC3CCCCC32)CC1
C1CCC(CC2CCCCC2C2CCCCC2C2CCCC(CCC3CCCC3)C2)CC1
C1CCC(CC(C2CCCCC2)C2CCC(C3CCCCC3)CC2)CC1
C1CCC(CC2CCC(CCC3CCC(C4CCCCC4)CC3)CC2CC2CCCC2)CC1
C1CCC(CC2CCCC(C3CCCCC3)C2)CC1
C1CCC(CC2CCC(C3CCCCC3)CC2)CC1
C1CCC(CC2CCC(CCC3CCCC(C4CCCCC4)C3)CC2)CC1
C1CCC(CC2CC(C3CCCCC3)C3CC(CCC4CCCC4)CCC23)CC1
C1CCC(CC2CCC(C3CC3)C(C3CCCC(C4CCCCC4)C3)C2)CC1
C1CCC(CCC2CCC(CC3CCCCC3)CC2)CC1
C1CCC(CCC2CCC(C3CCCC(CC4CCCCC4)C3)CC2)CC1
C1CCC(CCCC2CCC(CC3CCC(CC4CCC5CCCCC54)CC3)CC2)CC1
C1CCC(CCC2CCCCC2)CC1
C1CCC(C2CCCCC2C2CCCCC2CC2CCC(C3CCCC3)CC2)CC1
C1CCC(CCCC2CCCC(CC3CC4CCCCC4C3)C2)CC1
C1CCC(CC2CCCC(C3CCCCC3C3CCCCC3C3CCCC3)C2)CC1
C1CCC(CCCC2CCC(C3CCC4CC(C5CCCCC5)CCC4C3)CC2)CC1
C1CCC(CC2CCCC(C3CCCCC3CC3CCCC(C4CCCCC4)C3)C2)CC1
C1CCC(CCC2CCC(CC3CCCCC3)C(C3CCCCC3)C2)CC1
C(CCCC1CCCC(CC2CCCC2)C1)CCCC1CCC(C2CCCCC2)C1
C1CCC(CC2CCC(CC3CCC(CCC(C4CCCCC4)C4CCCC4)CC3)CC2)CC1
C1CCC(CC2CCC(CC3CCC(CC4CCC5CCCC5C4)CC3)CC2)CC1
C1CCC(CC2CCC(C3CCCCC3)CC2)CC1
C1CCC(CCC2CCC(CC3CCCCC3)CC2)CC1
C1CCC(C2CCCC(CC3CCC(C4CC5CCCCC5C4)C(C4CCCC4)C3)C2)CC1
C1CCC(CCC2CCC(C3CCCCC3C3CCCC3)C(C3CCCCC3)C2)CC1
C1CCC(CC2CCC(C3CCCC(CC4CCCCC4)C3)CC2)CC1
C1CCC(CC2CCCC(C3CCCCC3)C2)CC1
C1CCC(CC2CCCC(C3CCCCC3C3CCCC(C4CCCCC4)C3)C2)CC1
C1CCC(CC2CCC(C3CCCCC3)CC2)CC1
C1CCC(C2CCCC(C3CCCC(C4CCCC4)C3)C2)CC1
C1CCC(CC2CCCC(C3CCC(C4CC4)CC3CCC3CCC4CCCC4C3)C2)CC1
C1CCC(CCC2CCC(CC3CCCCC3)CC2C2CCCC2)CC1
C1CCC(CCC2CCCC(CCC3CCC(C4CCCC(C5CCC5)C4)CC3)C2)C1
C1CCC(CC2CCC3CCC(C4CCC5CCCC(C6CCCCC6)C5C4)C3C2)CC1
C1CCC(CC2CCC(C3CCCCC3CC3CCCCC3)CC2)CC1
C1CCC(C2CCCC(C3CCC(C4CCCCC4C4CCCC(C5CCCCC5)C4)CC3)C2)CC1
C1CCC(CCC2CCC(C3CCC4CCC(C5CCCCC5)CC4C3)CC2)CC1
C1CCC(CCCCC2CCCCC2)CC1
C1CCC(C2CCCC(C3CCC(CC4CCC(C5CCC6CCCC6C5)CC4)CC3)C2)C1
C1CCC(CC2CCCCC2C2CCC(CC3CC4CCCCC4C3)CC2)CC1
C1CCC(CC2CCC(C3CCCCC3)CC2)CC1
C1CCC(CCCCC2CCC(CC3CCC4CCCC4C3)C(C3CCCCC3)C2)CC1
C1CCC(CCCC2CCCC(C3CCCCC3)C2)CC1
C1CCC(CC2CCC(C3CCC(CC4CCCC4)CC3)CC2)CC1
C1CCC(CCCC2CCCCC2C2CCCCC2)CC1
C1CCC(CC2CCC(C3CCCCC3)CC2)CC1
C1CCC(C2CCCCC2)CC1
C1CCC(CC2CCCCC2)CC1
C1CCC(CCC2CC(C3CCCCC3)CC(C3CCCC(C4CCCCC4)C3)C2)CC1
C1CCC(CCC2CCCC(CC3CCC(C4CCCCC4)C3)C2)CC1
C1CC(CC2CC(CC3CCC4CCCC4C3)CC(C3CCC4CCCC4C3)C2)C1
C1CCC(C2CCCC(C3CCC(C4CCCC(C5CCCCC5)C4)CC3)C2)CC1
C1CCC(CC2CCC(CC3CCCC(C4CCCCC4C4CCC(CC5CC5)CC4)C3)CC2)CC1
C1CCC(CC2CCC(CCC3CCCC3)C(C3CCCCC3)C2)CC1
C1CCC(CCCC2CCCCC2C2CCCCC2C2CCCCC2)CC1
C1CCC(CCC2CCC(CC3CCCC(C4CCCCC4)C3)CC2)CC1
C1CCC(CCCC2CC(CC3CCCCC3)CC(C3CCCCC3)C2)CC1
C1CCC(CC2CCC(CC3CCCCC3)CC2)CC1
C1CCC(CCC2CCC3C(C2)C(CC2CCCCC2)CC3C2CCCCC2)CC1
C1CCC(CC(C2CCC(C3CCCC3)CC2)C2CCCC(C3CCCCC3)C2)CC1
C1CCC2CC(C3CCC4CCCCC43)CCC2C1
C1CCC2CC(CCC3CCC(C4CCC(CC5CC6CCCCC6C5)CC4)CC3)CC2C1
C1CCC(C2CCCC(C3CC(C4CCCCC4)CC(C4CCCCC4)C3)C2)CC1
C1CCC(C2CCC(CC3CCC(CCCC4CCC(CC5CC5)CC4)CC3)CC2)CC1
C1CCC(C2CCC(CC3CCC(CCCC4CCCC(C5CCCCC5)C4)CC3)CC2)CC1
C1CCC(C2CCCC(C3CCCCC3C3CCCCC3)C2)CC1
C1CCC(CCC2CCCCC2C2CCCCC2)CC1
C(CCCC1CCC(CC2CCC(C3CCC(C4CCCC4)CC3)CC2)CC1)CCC1CCCCC1
C1CCC(CCC2CCC(CC3CCCCC3)CC2)CC1
C1CCC(C2CCC(CC3CCC(CC4CCC(C5CCC6CCCCC6C5)CC4)CC3)CC2)CC1
C1CCC(C2CCCCC2CCCC2CCCCC2C2CCC3CCCC3C2)CC1
C1CCC(C2CC3CCCCC3C(C3CCCCC3)C2)CC1
C1CCC(CC2CCC(C3CCC(C4CCCC4)CC3)C(CCC3CC3)C2)CC1
C1CCC(C2CCCCC2C2CCCCC2)CC1
C1CCC(CCC2CCC(C3CCCCC3)CC2)CC1
C1CCC(CCCCC2CCCCC2C2CCC(CC3CCCCC3)CC2)CC1
C1CCC(CCC2CCC(C3CCCCC3CCC3CC4CCCCC4C3)CC2)C1
C(CCCC1CCCC(C2CCC(CC3CCCC3)CC2)C1)CCC1CCCCC1
C1CCC(CC2CCC(CCC3CCC(C4CCCCC4)CC3)CC2)CC1
C1CCC(CCC2CCCC(CC3CCC(C4CCCCC4)CC3)C2)CC1
C1CCC(CC2CCCC(CC3CCCCC3)C2)CC1
C1CCC(C2CCC(C3CCC4CCCCC43)CC2C2CCCCC2)CC1
C1CCC2CC(CC3CCC(C4CCCCC4C4CCC5CCCC5C4)CC3C3CCCC3)CC2C1
C1CCC(CCCC2CCCCC2C2CCCCC2)CC1
C1CCC(CC2CCCC(C3CCCCC3CC3CCCCC3)C2)CC1
C1CCC(CCC2CCCC(C3CCCC(C4CCCCC4)C3)C2)CC1
C1CCC(C2CCCCC2)CC1
C1CCC(CCC2CCC(CC3CC4CCCCC4C3)CC2)CC1
C1CCC(CC2CCCC(C3CCCCC3)C2)CC1
C1CCC(CC2CCCC(CC3CC(C4CCCCC4)CC(C4CCC4)C3)C2)CC1
C1CCC(C2CCC(CCC3CCCCC3C3CCCC4CCCCC43)CC2)CC1
C1CCC(CCCC2CCC(CC3CCCCC3)CC2)CC1
C1CCC(CCC2CC(CC3CC4CCCCC4C3)CC(C3CCCCC3)C2)CC1
C1CCC(C2CCC(CCC3CCC(CC4CCC5CCCCC54)CC3)CC2)CC1
C1CCC(CCCCC2CC(C3CCCCC3)CC(C3CCCCC3)C2)CC1
C1CCC(CC2CCC3C(CC4CCCCC4)CC(CC4CCCCC4)C3C2)CC1
C1CCC(CCC2CCCC(CCCC3CCC(C4CCCC4)CC3)C2)CC1
C1CCC(CC2CCCC(CC3CCCCC3)C2)CC1
C1CCC(CCC2CCCC(CC3CCCC(C4CCCCC4)C3)C2)CC1
C1CCC(CC2CCCC(CCC3CCC(C4CCC(CCC5CC5)CC4)CC3)C2)C1
C1CCC(CC2CCC(C3CCCCC3)C(C3CCCCC3)C2)CC1
C1CCC(CC2CCCC(C3CCCCC3C3CC4CCCCC4C3)C2)CC1
C1CCC(C2CCCC(CC3CCCC(CC4CC5CCCCC5C4)C3)C2)CC1
C1CCC(CC2CCC(CC3CC(CC4CCCC4)C4CCCCC34)CC2)CC1
C1CCC(CCC2CC(C3CCCCC3)CC3CC(C4CCCCC4)CC23)CC1
C1CCC(C2CCC(C3CCCCC3)CC2)CC1
C1CCC(C2CCC(CC3CCC(CC4CCCCC4CC4CCC5CCCCC54)CC3)CC2)C1
C1CCC(C2CCC(CCC3CC(C4CCCCC4)C4CCCCC34)CC2)CC1
C1CCC(CC2CCCC(C3CCCCC3CC3CCCCC3)C2)CC1
C1CCC(C2CCCC(CCC3CCCCC3C3CCC4CCCCC4C3)C2)CC1
C1CCC(CCC2CCCCC2C2CCCC(CC3CCCCC3)C2)CC1
C1CCC(CC2CCCCC2CC2CC3CCCCC3C2)CC1
C1CCC2CC(CC3CCC(C4CCCCC4C4CCC5CCCCC54)C3)CC2C1
C1CCC(CC2CCC(CC3CCCCC3)CC2)CC1
C1CCC(CC2CCCC(C3CCCC(C4CCCCC4)C3)C2)CC1
C1CCC(C2CC(C3CCCC3)CC(C3CCC4CCCCC43)C2)CC1
C1CCC(CC2CC(CC3CCC3)C3CC(C4CCCC(C5CCC5)C4)CCC23)CC1
C1CCC(CCCC2CCC(C3CCCCC3)CC2)CC1
C1CCC(CCCC2CC(CC3CCCCC3)C3CCC(C4CCCCC4)CC23)CC1
C1CCC(CCCC2CCCCC2C2CCC3C(CCCC3C3CCCCC3)C2)CC1
C1CCC(C2CCC(C3CCC(CC4CCCC4)CC3)CC2C2CCCC2)CC1
C1CCC(CC2CC(CC3CCCCC3C3CCCCC3C3CCC4CCCC4C3)C3CCCCC23)CC1
C1CCC(CC2CCCC(C3CCC4CCCCC4C3)C2)CC1
C1CCC(CCCC2CCC(CC3CCCCC3)CC2C2CCCCC2)CC1
C1CCC(CC2CCC(CCCC3CCCC(C4CCC4)C3)CC2)CC1
C1CCC(CCCC2CCCCC2)CC1
C1CCC(CCCCC2CCC(CC3CCC(CC4CCCCC4C4CCCCC4)CC3)CC2)CC1
C(CCCC1CCC(CC2CCCCC2)CC1C1CCCC1)CCC1CCCCC1
C1CCC(CCC2CCC(CC3CCC(C4CCCC4)CC3)CC2)CC1
C1CCC(CC2CCC(CC3CCC(CCC4CC4)CC3)CC2)CC1
C1CCC(CC2CC(CCC3CCC4CCCCC43)CC(C3CCCCC3)C2)CC1
C1CCC(C2CCC(CC3CCC(CCC4CC4)CC3)CC2C2CCC3CCCCC3C2)CC1
C1CCC(CCC2CCCC(CCC3CCCCC3)C2)CC1
C1CCC(C2CCCC(CC3CCCC(C4CCCC(C5CCCC(CCC6CCCC(C7CCCC7)C6)C5)C4)C3)C2)CC1
C1CCC(C2CCC3C(C2)CC(C2CCCCC2CC2CCCC2)CC3C2CC2)CC1
C1CCC(CC2CCCC(C(CC3CCCCC3)CC3CCCCC3)C2)CC1
C1CCC(C2CCCC(C3CCCCC3)C2)CC1
C1CCC(CC2CC(C3CC3)CC(C3CCCC(C4CCCCC4)C3)C2)CC1
C1CCC(CC2CCCC3CCC(C4CCCCC4)CC32)CC1
C1CCC(CC2CCCCC2C2CCCCC2C2CCC2)CC1
C1CCC(CCCC2CCCC(CCCC3CCCC(CCCC4CCCC4)C3)C2)CC1
C1CCC(CCCC2CCC(CCC3CC4CCCCC4C3)CC2)CC1
C1CCC(C(CCC2CCC(C3CCC(C4CCCC4)CC3)CC2)C2CCCCC2)CC1
C1CCC(CC2CCC(C3CCCCC3)CC2)CC1
C1CCC(CC2CCCC(C3CCCC(CCC4CCCC4)C3)C2)CC1
C1CCC(CCC2CCC3C(CC4CCCCC4)CC(C4CCCCC4)C3C2)CC1
C1CCC(CCCCCC2CCC(C3CCCCC3)CC2)CC1
C1CCC(C2CCCC(C3CCCC(CC4CCCC(CCCC5CC6CCCCC6C5)C4)C3)C2)CC1
C1CCC(CCCCCC2CCCCC2)CC1
C1CCC(CC2CCC(C3CCCC3)CC2)CC1
C1CCC(CC2CCCCC2)CC1
C1CCC2CC(CC3CCC(C4CCC(C5CC6CCCCC6C5)CC4)CC3)CCC2C1
C1CCC(C2CCCCC2)CC1
C1CCC(CCC2CCC(CC3CCC(C4CCCCC4)CC3)CC2)CC1
C1CCC(CCC2CCC(C3CCCCC3CCC3CCCC(CC4CCCC4)C3)CC2)CC1
C1CCC(CCC2CCC(C3CCCCC3)CC2)CC1
C1CCC(CCC2CCC(CC3CCCCC3)CC2)CC1
C1CCC(CCC2CCC(CC3CCC(CCC4CCC(C5CCCCC5)CC4)CC3)CC2)CC1
C1CCC(C2CCC(C3CC(CC4CCCC(C5CCCCC5)C4)C4CCCCC43)CC2)CC1
C1CCC(CC2CCCCC2CC2CCC3CCCCC32)CC1
C1CCC(CCC2CCC(C3CC(CC4CCCCC4)C4CCCCC43)CC2)CC1
C1CCC(CC2CCCC(C3CCCC(C4CCCCC4)C3)C2)CC1
C1CCC(C2CCC(C3CCC(C4CC(C5CCCCC5)C5CCCCC45)CC3)CC2)CC1
C1CCC(CCC2CC3CCCCC3C2)CC1
C1CCC(CC2CCCC(C3CCC(C4CCC5CCCCC54)CC3)C2)CC1
C1CC(CC2CC3CCCCC3C2)CC(CC2CCCC(C3CCC4CCCC4C3)C2)C1
C1CCC(C2CCCC(CC3CC4CCCCC4C3)C2)CC1
C1CCC(CCC2CC(C3CCCC(CC4CCCCC4)C3)C3CCCCC23)CC1
C1CCC(C2CCCCC2C2CCC(C3CCC(CC4CC4)CC3CC3CCCC3)CC2)CC1
C1CCC(CCCCCC2CCC(C3CCCCC3)CC2)CC1
C1CCC(C2CCCCC2C2CCC3CCCCC3C2)CC1
C1CCC(C2CCCCC2CC2CCCCC2CC2CCCCC2C2CCCCC2)CC1
C1CCC(CC2CCCC(C3CCCCC3)C2)CC1
C1CCC(CC2CCC(CCC3CCCCC3C3CCCCC3)C(C3CCCCC3)C2)CC1
C1CCC(C2CC(C3CCCCC3)C(C3CCCCC3)C3CCCC23)CC1
C1CCC(CC2CCCC(C3CCCCC3C3CCCCC3)C2)CC1
C1CCC(C2CCCCC2C2CCC3CCCC3C2)CC1
C1CCC(CCCCC2CCC(C3CC(C4CC4)CCC3CCC3CCCCC3)CC2)CC1
C1CCC(CCCC2CCCCC2C2CCCCC2)CC1
C1CCC(CC2CCC(C3CCCCC3C3CCC4CCCC4C3)CC2)CC1
C1CCC(CC2CCC(CC3CCCCC3)CC2)CC1
C1CCC(C2CCCC(C3CCC(C4CCCCC4)C3)C2)CC1
C1CCC(CCC2CCCC(C3CCCCC3)C2)CC1
C1CCC(C2CCCC(CC3CCC(C4CCCC4)CC3)C2)CC1
C1CCC(CCC2CCC(C3CCC(CC4CCC5CCCCC54)CC3)CC2)CC1
C1CCC(C2CCC3CC(C4CC(C5CC5)CCC4C4CCCCC4)CCC32)CC1
C1CCC(C2CCC(CCCC3CCCC(C4CCCCC4)C3)CC2)CC1
C1CCC(CC2CCC(CC3CCCC(C4CCCCC4)C3)CC2)CC1
C1CCC(C2CCCC(C3CCCCC3C3CCC4C(CCCC4C4CC4)C3)C2)CC1
C1CCC(CCC2CCCCC2C2CCCC2)CC1
C1CCC(C2CCC(C3CCCCC3C3CCCCC3)CC2)CC1
C1CCC(C2CCCC(CC3CCC4CCCCC43)C2)CC1
C1CCC(CCCC2CCCCC2C2CCCCC2)CC1
C1CCC(CCC2CCC(C3CCC(CC4CCCCC4)CC3)CC2)CC1
C1CCC(CCC2CCC(C3CCCC(C4CCC4)C3)CC2)CC1
C1CCC(C2CCCC(C3CCC(C4CC(C5CCCC5)C5CCCCC45)CC3)C2)CC1
C1CCC(C2CCC(C3CCCCC3)CC2)CC1
C1CCC(C2CCC(CCCC3CCC(C4CCCCC4)CC3)CC2)CC1
C1CCC(CCC2CCCC(C3CCCCC3)C2)CC1
C1CCC(CCCC2CCCC(CC3CCCCC3)C2)CC1
C1CCC(CCC2CCC(CC3CCCCC3)CC2)CC1
C1CCC(C2CCCC(CC3CCCC3)C2)CC1
C1CCC(CC2CCC(CC3CCCCC3)CC2)CC1
C1CCC(CC2CCC(C3CCC(CC4CCCCC4C4CCCCC4)CC3)CC2)CC1
C1CCC(C2CCCCC2)CC1
C1CCC(C2CCCCC2C2CCCC2)CC1
C1CCC(CC2CCC(C3CC4CCCCC4C3)CC2)CC1
C1CCC(CC2CCC(CCC3CCCC(C4CCCCC4)C3)CC2C2CCCC2)CC1
C1CCC(CCC2CCC(CC3CCCCC3)C(C3CCCCC3)C2)CC1
C1CCC(C2CCC(CCC3CCCC(C4CCCC4)C3)CC2)CC1
C1CCC(CC2CCC3CC(C4CCCCC4)CCC23)CC1
C1CCC(CCC2CCC(CCC3CCCCC3)CC2)CC1
C1CCC(CCC2CCCC(CCCC3CCC(CC4CCCCC4)CC3)C2)CC1
C1CCC(CC2CCCCC2CCC2CCC(C3CCCCC3)CC2)CC1
C1CCC(CCCC2CC(C3CCCCC3)C3CCCCC23)CC1
C1CCC(CCC2CC(C3CCCCC3)C3CCCCC23)CC1
C1CCC(CCCC2CCCC(C3CC(C4CCCCC4)CC(C4CCCCC4CC4CCCCC4)C3)C2)CC1
C1CCC(CC2CCC(CCC3CCCC(CCC4CC(CC5CCCCC5)C5CCCCC45)C3)CC2)CC1
C1CCC(CC2CCC(C3CCC(C4CCCC(CC5CCCC(C6CCCCC6)C5)C4)C3)CC2)CC1
C1CCC(CCC2CCC(C3CCC4CCCC4C3)CC2CCC2CCCCC2)CC1
C1CCC(C2CCCC(CC3CCC(C4CCC5CCCCC5C4)CC3)C2)CC1
C1CCC(CC2CCC(CC3CCCCC3)C(C3CCCCC3)C2)CC1
C1CCC(CC2CCC(CC3CCC(CCC4CC5CCCCC5C4)CC3)CC2)CC1
C1CCC(CCC2CCCC(CC3CCCCC3)C2)CC1
C1CCC(C2CCCCC2)CC1
C1CCC(CCCC2CCCC(C3CCCC(C4CCCCC4)C3)C2)CC1
C1CCC(CC2CCC(C3CCCCC3)CC2)CC1
C1CCC(CCC2CCC(CC3CCCCC3)CC2)CC1
C1CCC(CC2CCCCC2)CC1
C1CCC(CCC2CCCC(C3CCCCC3)C2)CC1
C1CCC(CC2CCC(C3CCCC(C4CCC(CCC5CC5)CC4)C3)CC2)CC1
C1CCC(CC2CCC(CCC3CCCC(CC4CCCCC4)C3)CC2)CC1
C1CCC(CC2CCC(C3CCCC(C4CCC5CCCC5C4)C3)CC2)CC1
C1CCC(CCC2CCCC(C3CCCCC3)C2)CC1
C1CCC(C2CCC(CC3CCC(C4CCC4)CC3)CC2)CC1
C1CCC(CC2CCC(CC3CCC(CC4CCCC(C5CC(C6CCCCC6)C5)C4)CC3)CC2)CC1
C1CCC(CC2CCC(CCC3CCC(CC4CCCCC4)CC3)CC2)CC1
C1CCC(CCC2CCCC(C3CCC4CCCCC43)C2)CC1
C1CCC(CC2CCC(C3CCCCC3)CC2)CC1
C1CCC(CC2CCC(CC3CCCCC3)CC2)CC1
C1CCC(CCCC2CCC(CC3CCC4CCCCC43)C(C3CCCC3)C2)CC1
C1CCC(CC2CCCC(CC3CCCCC3)C2)CC1
C1CCC(C2CCCCC2C2CCCCC2)CC1
C1CCC(CC2CCCC(CCC3CCC4CCCC4C3)C2)CC1
C1CCC(CCCC2CCCC(CC3CCCCC3)C2)CC1
C1CCC(C2CCCCC2CCCC2CCCCC2C2CC2)CC1
C1CCC(CC2CCCCC2C2CCCCC2CCC2CCCCC2C2CCCCC2)CC1
C1CCC(C2CCCC(C3CCC3)C2)CC1
C1CCC(CC2CC(CC3CCCCC3)C3CC(C4CCCCC4)CCC23)CC1
C1CCC(CC2CC(C3CC(C4CCCCC4)C4CCCCC43)C3CCCCC23)CC1
C1CCC(CC(C2CCCC2)C2CCCCC2C2CCCCC2)CC1
C1CCC(CC2CCC(C3CCCC(CCC4CCCC(C5CCCCC5)C4)C3)CC2)CC1
C1CCC(CC2CCC(CC3CCCCC3)CC2)CC1
C1CCC(CC2CC(CC3CCCCC3)CC(C3CCCC3)C2)CC1
C1CCC(CCCC2CCC(CC3CCC(CC4CCCCC4)CC3)CC2)CC1
C1CCC(CC2CCC(CC3CCCC(C4CCCCC4)C3)CC2)CC1
C1CCC(C2CCC(CC3CCC(C4CCC(C5CCCCC5)CC4)CC3)CC2)CC1
C1CCC(CC2CCC(C3CCCCC3)CC2)CC1
C1CCC(CCC2CCCC(C3CCC4CCCC4C3)C2)CC1
C1CCC(C2CC(C3CCC(C4CCC(CCCC5CCCCC5CC5CCCC5)CC4)CC3)C2)CC1
C1CCC(CC2CC(CCC3CCC(CC4CCC(C5CCCC5)CC4)CC3)C3CCCCC23)CC1
C1CCC(CCCC2CCC(CC3CCCCC3CC3CCCCC3)CC2)CC1
C1CCC(CCCC2CCC(CC3CCCC(C4CCCCC4)C3)CC2C2CCCCC2)CC1
C1CCC(CC2CC(C3CCCCC3)C3CCCCC23)CC1
C(CCC1CCC(CC2CCCCC2)CC1)CCC1CCC(C2CCCCC2)CC1
C1CCC(CC2CCC(CC3CCC(C4CCCCC4)CC3)CC2)CC1
C1CCC(C2CCCC(CC3CCC4CCCCC43)C2)CC1
C1CCC(CC2CCC(CC3CCCC(C4CC4)C3)CC2)CC1
C1CCC(C2CCC(CC3CCC(C4CCCC4)C3)CC2)CC1
C1CCC(CC2CCC(C3CCCCC3)CC2)CC1
C1CCC(C2CCC(CC(CC3CCC4CCCCC4C3)C3CCCCC3)CC2)CC1
C1CCC(CCC2CC(C3CCCC3)CC(C3CCCC(C4CCCCC4)C3)C2)CC1
C1CCC(C2CCCCC2C2CCC3CCCC3C2)CC1
C1CCC(CC2CCC(C3CCC(CC4CCCCC4)CC3)CC2)CC1
C1CCC(CC2CCC(C3CCCC(CC4CCCC(C5CCCCC5)C4)C3)CC2)CC1
C1CCC(CCCC2CC3CCC(C4CCCC4)CC3C(C3CCCCC3CC3CCCC(C4CCCCC4)C3)C2)CC1
C1CCC(C2CCCC(C3CCCCC3)C2)CC1
C1CCC(C2CCCC(C3CCCCC3)C2)CC1
C1CCC(C2CCC(CCC3CCC4CCCCC4C3)CC2)CC1
C1CCC(CC2CCC(CC3CCCCC3C3CCCCC3)CC2)CC1
C1CCC(C2CCC(CC3CCC(CC4CC4)CC3)CC2)CC1
C1CCC(C2CCCC(C3CCCC(CC4CCCC(C5CCC6CCCCC65)C4)C3)C2)CC1
C1CCC(CC2CCC3C(CC4CCCCC4)CC(CC4CCCCC4)C3C2)CC1
C1CCC(CC2CCC(CCC3CCC(C4CCCC(C5CCCC5)C4)CC3)CC2)CC1
C1CCC(CCC2CCCC3CC(C4CCCC(CC5CCCCC5)C4)CCC23)CC1
C1CCC(C2CCCCC2C2CCCCC2C2CCC(C3CCCC3)C2)CC1
C1CCC(CCC2CCC(CCC3CCCC(C4CC(CC5CCC(C6CCCC6)CC5)C5CCCCC54)C3)CC2)CC1
C1CCC(C2CCC(C3CC(C4CCCCC4)CC(C4CCCC4)C3)CC2)CC1
C1CCC(CC2CCC(CC3CCCCC3)C(CC3CCC3)C2)CC1
C1CCC(CC2CCC3CCC(C4CCCCC4)C3C2)CC1
C1CCC(CC2CCCC(CCC3CCC3)C2)CC1
C1CCC(CCCCCC2CCCC(C3CCC(CCCCC4CCCCC4)CC3)C2)CC1
C1CCC(C2CCCC(C3CC(C4CC5CCCCC5C4)C4CCCCC34)C2)C1
C1CCC(C2CCCC(C(C3CCCC3)C3CCCC(C4CCC5CCCCC5C4)C3)C2)CC1
C1CCC(CC2CCC(CC3CC4CCCCC4C3)CC2)CC1
C1CCC(CCC2CCC(CC3CCC(CC4CCCCC4)CC3)CC2)CC1
C1CCC(C2CCC(CC3CCCC(CCCC4CC4)C3)CC2)CC1
C1CCC(C2CCC(C3CCC4CCCCC43)CC2)CC1
C1CCC(CC2CC(C3CCCCC3)CCC2CC2CCCC(C3CCCCC3)C2)CC1
C1CCC(C2CCCC(CCC3CCC(C4CCCCC4C4CCCC4)CC3)C2)CC1
C1CCC(C2CCC(CC3CC4CCCCC4C3)CC2C2CCCC2)CC1
C1CCC(CC2CCCC(C3CC(CC4CCCCC4)CC(C4CCC4)C3)C2)CC1
C1CCC(CCC2CCC(CC3CCC(CC4CCCCC4)CC3)CC2)CC1
C1CCC(CC2CCC(CC3CCC(C4CCCCC4)CC3)CC2)CC1
C1CCC(C2CCC(CC3CC(C4CCCC4)C4CCCCC34)C2)CC1
C1CCC(CCC2CCC3C(C4CCCCC4)CC(C4CCCCC4)C3C2)CC1
C1CCC(C2CCC(C3CC(C4CCCC4)C4CCCCC34)CC2)CC1
C1CCC(CC(C2CC2)C2CCCC(C3CCCCC3)C2)CC1
C1CCC(CCC2CCC(C3CCCCC3C3CCCC(CC4CCC5CCCCC54)C3)CC2)CC1
C1CCC(CC2CCCCC2C2CCC(C3CCC(C4CCCCC4)C3)CC2)CC1
C1CCC(C2CCC(C3CC(CC4CCC(C5CCC6CCCCC65)CC4)C4CCCCC43)CC2)C1
C1CCC(CCC2CCC(CCC3CCCCC3)C(CC3CCCC3)C2)CC1
C1CCC(CC2CCC(CC3CCCC(C4CCC(C5CCCCC5)CC4C4CCCC4)C3)CC2)CC1
C1CCC(C2CCCCC2C2CCC3CCCC3C2)CC1
C(CC1CCC(C2CCC3CCCC3C2)CC1)CC1CC2CCCCC2C1
C1CCC(CC2CCCC(C3CCCCC3)C2)CC1
C1CCC(CC2CCCCC2C2CCCCC2)CC1
C1CCC(CCC2CCC(CC3CCCCC3)CC2)CC1
C1CCC(CCC2CCC(C3CCCCC3CC3CCCCC3)CC2)CC1
C1CCC(C2CCCC(C3CCC(CC4CC5CCCCC5C4)CC3)C2)CC1
C1CCC(C2CCCCC2)CC1
C1CCC(CC2CCC(CC3CCC(C4CCC(C5CCCCC5)CC4)CC3)CC2)CC1
C1CCC(C2CCCC(C3CCCCC3C3CCCCC3)C2)CC1
C1CCC(CCC2CCCCC2C2CCC3C(CCCC3C3CCCC(C4CC5CCCCC5C4)C3)C2)C1
C1CCC(CC2CCCC(C3CC(C4CCCCC4)CC(C4CC4)C3)C2)CC1
C1CC(CCCC2CCC3CCCCC32)CC(CC2CCC(C3CCCC3)CC2)C1
C1CCC(CCCC2CCC(CC3CCCC(C4CC5CCCCC5C4)C3)C2)CC1
C1CCC(C2CC(C3CCC4CCCCC43)CCC2C2CCCCC2C2CCC3CCCC3C2)CC1
C1CCC(CC2CCC(C3CC(C4CCCCC4CC4CCCCC4)CCC3C3CCCC3)CC2)CC1
C1CCC(C2CCCC(C3CCCCC3C3CCCCC3)C2)CC1
C1CCC(CC2CCCC(CC3CCCCC3)C2)CC1
C1CCC(CC2CCC(C3CCCC(C4CCCCC4)C3)CC2)CC1
C1CCC(C2CCC(C3CCCCC3)C(CC3CC4CCCCC4C3)C2)CC1
C1CCC(C2CCCCC2CCC2CCC(CC3CCCC3)CC2)CC1
C1CCC(CC2CCC3C(CC4CCCCC4)CC(C4CCCCC4)C3C2)CC1
C1CCC(C2CCCC(C3CCC(C4CCCC(C5CCC6CCCC6C5)C4)CC3)C2)CC1
C1CCC(C2CCCC(CCC3CCC(C4CCCC(C5CCC(CC6CCCC6)CC5)C4)CC3)C2)CC1
C1CCC(CCCC2CC(CCC3CCCCC3)CCC2C2CCCCC2)CC1
C1CCC(CCC2CCC(CC3CCCCC3C3CCCCC3)CC2)CC1
C1CCC(CC2CCCC(C(CC3CCCC(CC4CCCC(C5CCC5)C4)C3)C3CCCCC3)C2)CC1
C1CCC(C2CCCC(CC3CCCC(CCC4CCCC5CCCCC54)C3)C2)CC1
C1CCC(C2CCCC(C3CCCCC3)C2)CC1
C1CCC(CCCCC2CCC(CC3CCCCC3)CC2)CC1
C1CCC(C2CCC(C3CCCCC3)C(C3CCCCC3)C2)CC1
C1CCC(C2CCC(C3CCCC(CC4CC5CCCCC5C4)C3)CC2)CC1
C1CCC(C2CCC(CC3CC(C4CCCC(C5CCCC5)C4)CC(C4CCC5CCCCC54)C3)CC2)CC1
C1CCC(CC2CCC(C3CCC(C4CCCCC4)CC3)CC2)CC1
C1CCC2CC(C3CCCCC3CCC3CCCCC3C3CCCC3)CCC2C1
C1CCC(CCCC2CCC(CCCC3CCC(C4CCCCC4)CC3C3CCCCC3)CC2)CC1
C1CCC(C2CCC(CCCC3CCCCC3C3CCCCC3)CC2)CC1
C1CCC(CC2CCCC(CCCC3CCC(C4CCCCC4)CC3)C2)CC1
C1CCC(C2CCCC3CCC(CC4CCC(CC5CC5)CC4)CC32)CC1
C1CCC(C2CCC(C3CCCCC3CC3CCCC3)CC2)CC1
C1CCC(CC2CCCC(CC3CCCCC3)C2)CC1
C1CCC(C2CCC(CCC(C3CCCCC3)C3CCCCC3)CC2)CC1
C1CCC(CCCC2CC(CC3CC4CCC(C5CCCC6CCCCC65)CC4C3)C3CCCCC23)CC1
C1CCC(CCCCCC2CCC(CC3CCCCC3)CC2C2CCCC2)CC1
C1CCC(C2CCCC(C3CCCC(C4CCCCC4)C3)C2)CC1
C1CCC(CCCCC2CCCC(C3CCCC(CC4CCCCC4)C3)C2)CC1
C1CCC(C2CCCC(C3CCCC(C4CCCCC4C4CCC5CCCC5C4)C3)C2)CC1
C1CCC(CC2CCCC(C3CCC4CCCC4C3)C2)CC1
C1CCC(CC2CCC(C3CCCCC3)C(CC3CCC(C4CCCCC4)C3)C2)CC1
C1CCC(C2CCCC(C3CCCCC3)C2)CC1
C1CCC(CC2CC(C3CCC4CCCCC4C3)C3CCCCC23)CC1
C1CCC(C2CCCC(CC3CCCC(CC4CCCCC4C4CCCCC4)C3)C2)CC1
C1CCC(CC2CCC(CC3CCC(C4CCCC4)CC3)CC2)CC1
C1CCC(C2CCCC(C3CCCCC3C3CCCCC3)C2)CC1
C1CCC(CCC2CCC(C3CCCCC3CCC3CCCCC3)CC2)CC1
C1CCC(CCCCC2CCC(C3CCCCC3)CC2)CC1
C1CCC(C2CC(C3CCCCC3)CC(C3CC3)C2)CC1
C1CCC(CCCC2CCCC(CC3CCC(CC4CCCCC4)CC3)C2)CC1
C1CCC(C2CCCC(CCCCC3CCCC(C4CCCCC4)C3)C2)CC1
C1CCC(CC2CCCC(CC3CCCCC3C3CCCCC3)C2)CC1
C1CCC(CC2CCC(C3CCCCC3)CC2)CC1
C1CCC(C2CCC(CCC3CCCC(C4CCCCC4CC4CCCC(C5CCCC5)C4)C3)CC2)CC1
C1CCC(C2CCCC(C3CCCC(C4CCCCC4)C3)C2)CC1
C1CCC(C2CCC(C3CCCCC3)CC2)CC1
C1CCC(C2CCC(CCC3CCC(C4CCCC(CC5CC6CCCCC65)C4)CC3)CC2)CC1
C1CCC(CC2CCCC(CCCC3CCC(C4CCC5CCCC5C4)CC3)C2)CC1
C1CCC(C2CCC(CCCC3CCCCC3C3CCCCC3)CC2)CC1
C1CCC(C2CCCC(CCCC3CCC(C4CCCCC4)C3)C2)CC1
C1CCC(C2CCCC(C3CC(C4CCCCC4)CC(C4CC4)C3)C2)CC1
C1CCC(C2CCCCC2C2CCCCC2)CC1
C1CCC(CCCCCC2CCC(C3CCCC(C4CCCCC4)C3)CC2)CC1
C1CCC(CC(C2CCCC(C3CCCCC3)C2)C2CCC3CCCCC32)CC1
C1CCC(CC2CCC(CCCC3CCC4CCCC4C3)CC2)CC1
C1CCC(C2CCC(C3CCCC(C4CCC4)C3)CC2)CC1
C1CCC(CCCCC2CCC(CC3CCCCC3)CC2)CC1
C1CCC(CC(C2CCCCC2)C2CC3CCCCC3C2)CC1
C1CCC(CC2CCC3CCCCC3C2)CC1
C1CCC(C2CCCCC2C2CCC(C3CCCCC3C3CCCC3)C2)CC1
C1CCC(CC2CCCCC2C2CCCCC2)CC1
C1CC(CC2CCCC3CCCCC32)CC(C2CCC(CCC3CC3)CC2)C1
C1CCC(CC2CCC(C3CCCCC3C3CCCCC3)CC2)CC1
C1CCC(CCC2CCC(C3CCCCC3)CC2)CC1
C1CCC(CCC(C2CCCCC2)C2CCCCC2C2CCCCC2)CC1
C1CCC(CC2CCC(CC3CCCC4CCCCC43)CC2)CC1
C1CCC(CC2CCCC(C3CCCCC3C3CCCCC3)C2)CC1
C1CCC(CCCC2CCCC(CCC3CCCCC3)C2)CC1
C1CCC(C2CCCC(C3CCC(C4CCCCC4)C3)C2)CC1
C1CCC(CC2CC(C3CCCCC3)C3CCCCC23)CC1
C1CCC(CC2CCC(CC3CCC(C4CCCCC4)CC3)CC2)CC1
C1CCC(C2CC3CCCCC3C2)CC1
C1CCC(C2CC(C3CCCCC3)CC(C3CCCCC3)C2)CC1
C1CCC(CC2CCC(CC3CCC(C4CCCC(C5CCCCC5)C4)CC3)CC2)CC1
C1CCC(CC2CCC(C3CCCC(CC4CCCCC4)C3)CC2)CC1
C1CCC(C2CCC(CC3CCC(C4CCC(C5CCCCC5)CC4)CC3)CC2)CC1
C1CCC(CCCC2CCCC(CC3CCCCC3)C2)CC1
C1CCC(CC2CCCC(C3CCCCC3)C2)CC1
C1CCC(CCC2CCCC(CCC3CCC(C4CCCC4)CC3)C2)CC1
C1CCC(CCC2CC(CC3CCCCC3)C3CCCCC23)CC1
C1CCC(C2CCC(CC3CCC(CCCC4CCCC(C5CCCCC5)C4)CC3)CC2)CC1
C1CCC(C2CCC(CC3CCC(C4CC5CCCCC5C4)CC3)CC2)CC1
C1CCC(CCC2CCCCC2C2CCC(CC3CCCCC3)CC2)CC1
C1CCC(CCC2CCCCC2)CC1
C1CCC(CCCC2CCC3CCC(C4CCCCC4)C3C2)CC1
C1CCC(CC2CCCCC2C2CCCCC2)CC1
C1CCC(C2CCC(CC3CCC(CCCC4CCCCC4C4CCCCC4)CC3)CC2)CC1
C1CCC(C2CCC(CC3CCC4CCCC4C3)CC2)CC1
C1CCC(CC2CCC(C3CCCC(CC4CCCCC4)C3)CC2)CC1
C1CCC(CC2CC(C3CCCCC3)CCC2C2CCCCC2C2CCC3CCCC3C2)CC1
C1CCC(CCC2CCCCC2CC2CCCCC2)CC1
C1CCC(C2CCC(C3CCCC(C4CCCC(C5CCCCC5)C4)C3)CC2)CC1
C1CCC(CC2CCCC(C3CCCCC3CC3CCC(CC4CC5CCCCC5C4)CC3)C2)CC1
C1CCC(CC2CCCC(C3CCCCC3)C2)CC1
C1CC(C2CCCC(C3CCC4CCCCC4C3)C2)C1
C1CCC(C2CCC3CC(C4CCC5CCCCC54)CC(C4CCCCC4)C3C2)CC1
C1CCC(C2CCCC(CCC3CCCCC3C3CCCCC3)C2)CC1
C1CCC(CC2C(C3CCCCC3)CCCC2C2CCCCC2)CC1
C1CCC(CCCCCC2CCC(CC3CCCCC3)CC2)CC1
C1CCC(CC2CCCC(CC3CCC(CC4CCC(C5CCCC5)CC4)CC3)C2)CC1
C1CCC(C2CCCC(C3CCCCC3C3CCCC3)C2)CC1
C1CCC(CC2CCCC(CC3CCC(CC4CCCC(C5CCCCC5)C4)CC3)C2)CC1
C1CCC(C2CC(C3CCCCC3)CC(C3CCCCC3C3CCCCC3)C2)CC1
C1CCC(C2CCC(CC3CCC(CC4CCCC5CCCCC54)CC3)CC2)CC1
C1CCC(CC2CCC(CC3CCCCC3)CC2)CC1
C1CCC(CC2CCC(C3CCCCC3)CC2)CC1
C1CCC(CC2CCCC(C3CC(C4CCCCC4)C4CCCCC34)C2)CC1
C1CCC(CC2CCC(CCC3CCC(C4CCCCC4)CC3)CC2)CC1
C1CCC(CC2CCCCC2C2CCCC(C3CCCCC3)C2)CC1
C(CCCC1CCC(CC2CCCCC2)CC1)CCC1CCCCC1
C1CCC(CCCC2CCCC(C3CCCC(CCC4CCCC4)C3)C2)CC1
C1CCC(C(C2CCCCC2)C2CC2)CC1
C1CCC(CCCCC2CCCCC2CC2CCCCC2)CC1
C1CCC(CCC2CCC(CC3CCCC(CC4CCCC4)C3)CC2)CC1
C1CCC(C2CCC(CCC3CCC(CCC4CCC(C5CCC6CCCCC6C5)CC4)CC3)CC2)C1
C1CCC(CC2CCC(CCC3CCC(C4CCCCC4)CC3)CC2)CC1
C1CCC(C2CCCCC2C2CCCCC2)CC1
C1CCC(C2CCC(CC3CCC(C4CCCC(CCCCC5CCC6CCCCC56)C4)CC3)CC2)CC1
C1CCC(C2CCCCC2)CC1
C1CCC(CCC2CCC(C3CCCCC3C3CCCC3)CC2)CC1
C1CCC(C2CCCCC2C2CCC(C3CCCC(CC4CCCC4)C3)C3CCCC32)CC1
C1CCC(C2CC(CCC3CCCC3)CC3CCC(CCCCC4CC5CCCCC5C4)CC32)CC1
C1CCC(C2CCCCC2C2CCC3C(CCCC3C3CCCCC3)C2)CC1
C1CCC(CC2CCC(CC3CCCC(C4CCC(CCC5CCC6CCCCC65)CC4)C3)CC2)CC1
C1CCC(C2CCC(CC3CCC4CC(CC5CC6CCCCC6C5)CCC34)CC2)CC1
C1CCC(CCC2CCC(CC3CCCCC3)CC2)CC1
C1CCC(CCC2CCC3C(C4CCCC4)CC(C4CCCCC4)C3C2)CC1
C1CCC(CCC2CCC(CC3CCC4CCCCC4C3)CC2)CC1
C1CCC(CCC2CCC(CC3CCCCC3)CC2)CC1
C1CCC(CCCC2CCCC(CC3CCCCC3C3CCCCC3)C2)CC1
C1CCC(C2CCCC(C3CCCCC3)C2)CC1
C1CCC(C2CCCC(C3CCCC(CCC4CCCCC4C4CCCCC4)C3)C2)CC1
C1CCC(C2CCC(C3CCCCC3)C(C3CCCCC3)C2)CC1
C1CCC(CC2CCCCC2C2CCCCC2)CC1
C1CCC(CCC2CCC(CC3CCCCC3CCC3CCCCC3)CC2)CC1
C1CCC(CC2CCCC(C3CCCC(CC4CC5CCCCC5C4)C3)C2)C1
C1CCC(CC2CCCCC2C2CCCC(CCC3CCCCC3C3CCCCC3)C2)CC1
C1CCC(CCCC2CCC(C3CCC(CC4CCCCC4)CC3)CC2)CC1
C1CCC(CC2CCCC(CC3CCC(CC4CCCCC4)C(CC4CCCC4)C3)C2)CC1
C1CCC(CC2CCC(CCC(CC3CCCCC3)C3CCCCC3)CC2)CC1
C1CCC(CC2CCC(C3CCC3)C(CCC3CCC(C4CCC5CCCC5C4)CC3)C2)CC1
C1CCC(CC2CCC(CC3CCCC(CC4CCC4)C3)CC2CC2CCCC2)CC1
C1CCC(CC2CCC3C(CC4CCCCC4)CC(CC4CCCCC4)C3C2)CC1
C1CCC(CCC2CCC(CCCC3CC(CCC4CCCCC4)C4CCCCC34)CC2)CC1
C1CCC(CC2CCCC(CCCCCC3CCC(C4CCCCC4)CC3)C2)CC1
C1CCC(CC2CCC(C3CCCCC3)CC2)CC1
C1CCC(C2CC(C3CCCC3)CC(C3CCCCC3C3CC4CCCCC4C3)C2)CC1
C1CCC(CCCC2CCC(C3CCCC(CC4CCCCC4)C3)CC2)CC1
C1CCC(CCC2CC(C3CCCCC3)CC(C3CCCCC3)C2)CC1
C1CCC(C2CCCCC2C2CCCCC2C2CCCC2)C1
C1CCC(CCCC2CCCC(CC3CCCCC3)C2)CC1
C1CCC(CC2CC3CCCCC3C(C3CCCCC3)C2)CC1
C1CCC(CCCCC2CC3CCCC(C4CCC(C5CCCC6CCCCC65)CC4)C3C2)CC1
C1CCC(C2CCCC3CC(C4CCCCC4C4CCCC4)CCC32)CC1
C1CCC(CCC2CC(CC3CCCCC3)C3CCCCC23)CC1
C1CCC(CC2CCCC(C3CCCCC3)C2)CC1
C1CCC(CC2CCC(C3CCCC(C4CCCCC4)C3)CC2)CC1
C(CCCC1CCCCC1)CCCC1CC(CC2CCCCC2)C2CCC(C3CCCCC3)CC12
C1CCC(CC2CCC(CC3CCC(C4CCCCC4)CC3)CC2)CC1
C1CCC(C2CC(C3CCC4CCCCC43)CC3CCC(CC4CCC4)CC32)CC1
C1CCC(C(CCC2CCC(C3CCCCC3C3CCCCC3)C2)C2CCCCC2)CC1
C1CCC(C2CCC3CCCC(C4CCCCC4)C3C2)CC1
C1CCC(CC2CCCCC2)CC1
C1CCC(CC2CCCC(CCC3CC4CCCCC4C3)C2)CC1
C1CCC(C2CCC(C(CCC3CCCC3)C3CCCCC3CC3CC3)CC2)CC1
C1CCC(CC2CCCC(C3CCCC(C4CCCCC4)C3)C2)CC1
C1CCC(CC2CCC(C3CCCCC3)CC2)CC1
C1CCC(C2CCC(CC3CCC(C4CCC5CCCCC54)CC3)CC2)C1
C1CCC(CCC2CCCCC2CC2CCCCC2C2CCCC2)CC1
C1CCC(C2CCC(CC3CCC(CCCC4CC4)CC3)CC2)CC1
C1CCC(CC2CCCCC2C2CCC(CCC3CCC(CCCCC4CCCC4)CC3)CC2)CC1
C1CCC(CCC2CCCC(CC3CC3)C2)CC1
C1CCC(C2CCCC(C3CCCCC3)C2)CC1
C1CCC(CCC2CCCC(C3CCC(CCCC4CCCC(C5CCCCC5)C4)CC3)C2)CC1
C1CCC(CCCC2CCC(CCC3CCCCC3)CC2)CC1
C1CCC(CC2CCCC(C3CC(C4CCCCC4)C4CCCCC34)C2)CC1
C1CC(CCC2CCCC(C3CCC(CC4CC5CCCCC5C4)CC3)C2)C1
C1CCC(C2CCCCC2CC2CCCCC2C2CCC2)CC1
C1CCC(CCC2CCC(CC3CCCC(C4CCCCC4)C3)CC2)CC1
C1CCC(C2CCC3CCC(C4CCCCC4)CC3C2)CC1
C1CCC(CC2CCC(C3CCC(CCC4CCC(C5CCCCC5)CC4)CC3)CC2)CC1
C1CCC(CC2CCCC(C3CCCCC3)C2)CC1
C1CCC(C2CCC(C3CCCCC3)CC2)CC1
C1CCC(CCC2CC3CCC(C4CCCCC4)CC3C(C3CCCCC3)C2)CC1
C1CCC(CCC2CCCC(C3CCC(C4CCCCC4)CC3)C2)CC1
C1CCC(C2CCC(C3CCCCC3)C(C3CCCCC3)C2)CC1
C1CCC(CC2CCC(CC3CCC(C4CCCCC4)CC3)CC2)CC1
C1CCC(CC2CCC3CCCC3C2)CC1
C1CCC(C2CCC(C3CCCCC3)C(C3CCC4C(CCC4C4CCCCC4)C3)C2)CC1
C1CCC(C2CCC(C3CCC(CC4CCCC(CC5CC5)C4)CC3)CC2)CC1
C1CCC(C2CCC(CC3CCC(C4CCCC4)CC3)CC2C2CCCCC2)CC1
C1CCC(CC2CCC(C3CC(C4CCCCC4)C3)CC2)CC1
C1CCC(CC2CCC(C3CC3)CC2C2CCCC(C3CCCCC3)C2)CC1
C1CCC(CC2CC(C3CCCCC3)C3CC(C4CCCCC4C4CCCC4)CCC23)CC1
C1CCC(CCC2CC(CC3CCCCC3)CCC2C2CCC2)CC1
C1CCC(CC2CCC(C3CCC(CC4CCC(C5CCCCC5)CC4)CC3)CC2)CC1
C1CCC(CCCC2CCCCC2CC2CCCCC2CC2CCCCC2)CC1
C1CCC(CC2CCCCC2CCC2CCC(C3CCCC3)CC2)CC1
C1CCC(CC2CCC(C3CCCC(C4CCCCC4C4CCCCC4)C3)CC2)CC1
C1CCC(CCC2CCCC(CC3CCCCC3)C2)CC1
C1CCC(CC2CC(C3CCC(C4CCCC(C5CCCCC5)C4)CC3)C3CCCCC23)CC1
C1CCC(CC2CCCCC2C2CCC(C3CCCCC3)CC2)CC1
C1CCC(CC2CCCCC2CC2CCCCC2)CC1
C1CCC(CC2CC(C3CCCCC3)C3CCCCC23)CC1
C1CCC(C2CCCCC2)CC1
C1CCC(CC2CCCCC2CC2CCCCC2)CC1
C1CCC(C2CCC(CCC3CCC(CCC4CC4)CC3)CC2)CC1
C1CCC(CC2CC(C3CCCCC3)CCC2C2CCCCC2C2CCCC2)CC1
C1CCC(C2CCC(CCC3CCCC(CC4CCC(C5CCCCC5)CC4)C3)CC2)CC1
C1CCC(CC2CCC(CCCCC3CCCCC3C3CCCCC3)CC2)CC1
C1CCC(C2CCCCC2C2CCC(CC3CC4CCCCC4C3)C2)CC1
C1CCC(CC2CCCCC2CCC2CC3CCCCC3C2)C1
C1CCC(CCCC2CCC(CCC3CCCC(C4CCC5CCCC5C4)C3)CC2)CC1
C1CCC(CCCC2CCCC(C3CCCCC3)C2)CC1
C1CCC(C2CCC(C3CC(C4CCCC4)C4CCCCC34)CC2)CC1
C1CCC(C2CCCCC2CC2CCCC(CC3CCCC3)C2)CC1
C1CCC(C2CCC(CC3CCC(C4CCCC(C5CCCC(C6CCC6)C5)C4)CC3)CC2)CC1
C1CCC(CCC2CC(CC3CCCCC3)CCC2C2CCCCC2)CC1
C1CCC(C2CCCCC2C2CCC3C(CCCC3C3CCCCC3)C2)CC1
C1CC(C2CCCC(C3CCCCC3CC3CCC4CCCCC43)C2)C1
C1CCC(CC2CC(C3CCCCC3)C3CC(CC4CCCC(C5CCCCC5)C4)CCC23)CC1
C1CCC(CCC2CCCC(CC3CCCC(C4CCCCC4)C3)C2)CC1
C1CCC(CC2CCCCC2C2CCC3CCCCC32)CC1
C1CCC(CCC2CCCC(C3CCCC(C4CCCCC4)C3)C2)CC1
C(CCCC1CCCCC1)CCCC1CCC(CC2CCC(CC3CCCCC3)CC2)CC1
C1CCC(CC2CCCC(C3CCCC3C3CCCCC3)C2)CC1
C1CCC(C2CCC3CCC(C4CCCC(CCC5CC6CCCCC65)C4)CC3C2)CC1
C1CCC(C2CCC(C3CCCC(CC4CCC5CCCCC54)C3)C2)CC1
C1CCC(C2CCCC(CC3CC(C4CCCCC4)C4CCCCC34)C2)CC1
C1CCC(CCC2CCCC(CC3CCC(C4CCCCC4)CC3)C2)CC1
C1CCC(C2CCC(C3CCC(C4CCCCC4)CC3)CC2)CC1
C1CCC(CCC2CCC(C3CCC(C4CCCC4)CC3)CC2)CC1
C1CCC(CC2CCCC(C3CCCCC3)C2)CC1
C1CCC(C2CCC(CC3CCC(CC4CCCC(C5CCCC5)C4)CC3)CC2)CC1
C1CCC(C2CC(C3CCC4CCCCC43)CC3CCCCC32)CC1
C1CCC(CCCCC2CCCCC2CC2CCCCC2)CC1
C1CCC(CCCC2CCCC(C3CCCCC3)C2)CC1
C1CCC(C2CC(C3CCCCC3)CC(C3CCCCC3)C2)CC1
C1CCC(CC2CCCC(C3CCCCC3)C2)CC1
C1CCC(CCC2CC(C3CCCCC3)C3CC(C4CCCCC4)CCC23)CC1
C1CCC(C2CCC(CC3CCCCC3C3CCCCC3)CC2)CC1
C1CCC(CC2CCC(CC3CCCC(C4CCCC(C5CCCCC5)C4)C3)CC2)CC1
C1CCC(CC2CCC(CC3CCC(C4CCCCC4)CC3)CC2CC2CCCCC2)CC1
C1CCC(C2CCCC(CC3CCC3)C2)CC1
C1CCC(CCCC2CCC(C3CCCCC3)C(C3CCC3)C2)CC1
C1CCC(CCC2CCCC(C3CC(CC4CCCCC4)CCC3CC3CCCCC3)C2)CC1
C1CCC(CCC2CCCC(C3CCCC(C4CCC(CC5CCC5)CC4)C3)C2)CC1
C1CCC(CCCC2CCCCC2)CC1
C1CCC(CCC2CCC(CC3CCC(C4CCC5CCCCC5C4)CC3)CC2)CC1
C1CCC(CCC2CCCC(C3CCCCC3)C2)CC1
C1CCC(C2CCCC(C3CCCC(C4CCCCC4)C3)C2)CC1
C1CCC(CCC2CCC(CC3CCCC(CC4CCC(CC5CCCCC5)CC4)C3)CC2)CC1
C1CCC(CC2CCCCC2C2CCC3CCC(C4CCCCC4C4CCCCC4)C3C2)CC1
C1CCC(C2CCC(C3CCCCC3)C(C3CCCCC3)C2)CC1
C1CCC(CCC2CCC(CC3CCCC(C4CC4)C3)CC2)CC1
C1CCC(CC2CCC(C3CCCCC3)C(C3CCCCC3)C2)CC1
C1CCC(CCC2CCC(C3CCCC(CC4CC5CCCCC5C4)C3)CC2)CC1
C1CCC(CCCCCC2CCC(C3CCCCC3)CC2)CC1
C1CCC(CC2CCCC(C3CCCCC3)C2)CC1
C1CCC(C2CCCCC2C2CCCCC2)CC1
C1CCC(CC2CCC(C3CCC4CCCCC43)CC2)CC1
C1CCC(CC2CCC(C3CCCCC3CC3CC4CCCCC4C3)CC2)CC1
C1CCC(C2CCCCC2)CC1
C1CCC(CCCC2CCCC(C3CCCCC3)C2)CC1
C1CCC(CCC2CCCC(C3CCCCC3)C2)CC1
C1CCC(CCC2CC(CCCC3CC3)CC(C3CCCCC3)C2)CC1
C1CCC(CC2CCC(C3CCCCC3)CC2)CC1
C1CCC(CC2CCC(C3CCCCC3)CC2)CC1
C1CCC(C2CCCC(CCC3CC(CCC4CCCC4)C4CCCCC34)C2)CC1
C1CCC(CCC2CC(CCC3CCCCC3)CC(CC3CC3)C2)CC1
C1CCC(CC2CCC(CC3CCC(C4CCCCC4CC4CCCCC4)CC3)CC2)CC1
C1CCC(CC2CCCCC2C2CCCC(CCC3CCCC(CC4CC4)C3)C2)CC1
C1CCC(C2CCCC(C3CCC4CCCC4C3)C2)CC1
C1CCC(CC2CCC(C3CCCCC3)CC2C2CCC3C(CCC3C3CCCC3)C2)CC1
C1CCC(CCCC2CC(C3CCCCC3)CC(C3CCCC(C4CCCC4)C3)C2)CC1
C1CCC(CCC2CCCC(C3CCCCC3)C2)CC1
C1CCC(CC2CCCC(C3CCCC(C4CCCCC4)C3)C2)CC1
C1CCC(C2CCCCC2CCCCC2CCCC(CC3CCCC3)C2)CC1
C1CCC(CCCCC2CCC(CC3CCCCC3)CC2)CC1
C1CCC(CCC2CCC(CC3CC(CC4CCCCC4)C4CCCCC34)CC2)CC1
C1CCC(C2CCC(CC3CCCCC3C3CCCCC3)CC2)CC1
C1CCC(CCC2CCC(CCC3CCCCC3)CC2)CC1
C1CCC(C2CCCC(C3CCCC(C4CCCCC4)C3)C2)CC1
C1CCC(CCCC2CCC(C3CCCC3)CC2)CC1
C1CCC(C2CCC(C3CCCC(C4CCCCC4)C3)CC2)CC1
C1CCC(CCCCC2CCC(CCCC3CCCCC3)CC2)CC1
C1CCC(CCCC2CCCCC2CC2CCCCC2C2CCCCC2)CC1
C1CCC(C2CCCC(CCCC3CCC(CC4CCC(C5CCCC5)CC4)CC3)C2)CC1
C1CCC(C2CCCC(C3CCCC(C4CCCCC4)C3)C2)CC1
C1CCC(CC2CCCC(CC3CCCCC3)C2)CC1
C1CCC(CC2CCC(C3CCC(C4CCCCC4)CC3)CC2)CC1
C1CCC(CCCCC2CCCC(C3CCCCC3)C2)CC1
C1CCC(CCC2CCC(C3CC(CC4CCCCC4)C4CCCCC43)C(C3CCCCC3)C2)CC1
C1CCC(C2CCC(C3CCC(C4CCC4)CC3)CC2)CC1
C1CCC(CCCC2CCCC(C3CCCCC3)C2)CC1
C1CCC(C2CCC(C3CCCCC3)CC2)CC1
C1CCC(C2CCCC(CC3CCC4CCCCC43)C2)CC1
C1CCC(C2CCCC(C3CCCCC3)C2)CC1
C1CCC(CCC2CCC(C3CCCCC3)CC2)CC1
C1CCC(CC2CCCC(C3CCCC(C4CCCCC4)C3)C2)CC1
C1CCC(C2CCCCC2C2CCCCC2C2CCC3CCCCC32)CC1
C1CCC(C2CCCC(C3CCCC(C4CCC(CC5CCC6CCCC6C5)CC4)C3)C2)CC1
C1CCC(CC2CCC(CC3CCCCC3)CC2)CC1
C1CCC(CC2CCC(C3CCC(C4CCCCC4)CC3)CC2)CC1
C1CCC(CCCC2CCCCC2CC2CCC(C3CCCCC3)CC2)CC1
C1CCC(C2CCCC(C3CCCC(CC4CCC5CCCCC54)C3)C2)C1
C1CCC(CC2CCCC(C3CCCCC3)C2)CC1
C1CCC(C2CCCCC2C2CCCCC2)CC1
C1CC2CCC(C3CCCCC3C3CCCC(C4CC4)C3)CC2C1
C1CCC(CC2CCC(CC3CCCC(C4CCCCC4CC4CCC4)C3)CC2)CC1
C1CCC(CC2CCC(C3CCC(CC4CCC(C5CCCCC5)CC4)CC3)CC2)CC1
C1CCC(CCCC2CC(C3CCCCC3)C3CCC(CC4CCCCC4)CC23)CC1
C1CCC(CC2CCC(CC3CCCCC3)CC2)CC1
C1CCC(CCCC2CCC(CCC3CCC(CC4CCCCC4)CC3)CC2)CC1
C1CCC(CC2CCCC(C3CCCCC3)C2)CC1
C1CCC(C2CCC(CCCC3CCC(C4CCCC4)C(C4CCCCC4)C3)CC2)CC1
C1CCC(CCC2CCCCC2)CC1
C1CCC(CC2CCC(C3CCCC(C4CCCC(C5CCCC5)C4)C3)CC2)CC1
C1CCC(CC2CCC(CCCC3CCC(C4CCCCC4)CC3)CC2)CC1
C1CCC(CC2CCCC(C3CCCC(C4CCC(C5CCC6CCCCC6C5)CC4)C3)C2)CC1
C1CCC(CC2CCCC(CC3CCCC(C4CCCC(C5CCCCC5)C4)C3)C2)CC1
C1CCC(C2CCC(C3CCCCC3)CC2)CC1
C1CC(C2CCC(C3CCC(C4CCCCC4C4CCCC4)CC3)CC2)C1
C1CCC(CCC2CCC(CC3CCC(CC4CC5CCCCC5C4)CC3)CC2)CC1
C1CCC(C2CCC(C3CC(C4CCCCC4)C3)CC2)CC1
C1CCC(CC2CCCCC2C2CCCC(C3CCCCC3)C2)CC1
C1CCC(C2CCC(C3CCC(C4CCCCC4C4CCCCC4)CC3)CC2)CC1
C1CCC(CC2CCC(C3CCCCC3)C(C3CCCCC3)C2)CC1
C1CCC(CC2CC(C3CCCCC3)C3CCCCC23)CC1
C1CCC(CCCCC2CCCCC2CC2CCCCC2)CC1
C1CCC(CC2CCC(CCCC3CCC(CC4CCCCC4)CC3)CC2)CC1
C1CCC(CC2CCCCC2)CC1
C1CCC(CC2CCC(CCCC3CCC(CC4CCCCC4)CC3)CC2)CC1
C1CCC(C2CCCCC2C2CCCCC2C2CCCC2)CC1
C1CCC(CC2CCCCC2C2CCCCC2)CC1
C1CCC(CCCC2CCCC(CC3CCCCC3)C2)CC1
C1CCC(CCCC2CCC(CCCC3CCCC(CC4CCCCC4)C3)CC2)CC1
C1CCC(C2CCCCC2C2CCCCC2C2CCCCC2)CC1
C1CCC(CC2CCC(C3CCCCC3)CC2)CC1
C1CCC(CCC2CCC(CC3CCCCC3)CC2CC2CCCCC2)CC1
C1CCC(CCC2CCCC(C3CCCCC3)C2)CC1
C1CCC(C2CCC(CCCC3CCCC(C4CCCCC4)C3)CC2)CC1
C1CCC(CCC2CCC(CC3CCCCC3CC3CCCCC3)CC2)CC1
C1CCC(C(C2CCCCC2)C2CCCC(C3CCCC3)C2)CC1
C1CCC(CC2CCCC(CC3CCC4CCCCC43)C2)CC1
C1CCC(CCCC2CCC(CC3CCCC(C4CCCC4)C3)CC2)CC1
C1CCC(CCC2CCC(CC3CCC(C4CCCCC4)CC3)CC2)CC1
C1CCC(CCC2CCC(C3CCCCC3)CC2)CC1
C1CCC(CC2CCC(C3CCCCC3)CC2)CC1
C1CCC(CCC2CCC3CCC(CC4CCC(C5CC5)CC4)CC23)CC1
C1CCC(CCC2CCC(C3CCCC(C4CCCCC4)C3)CC2)CC1
C1CCC(C2CCC(CCC3CCCC4CCCCC43)CC2)CC1
C1CCC(CC2CCC(C3CCCCC3C3CCCCC3)CC2)CC1
C1CCC(C2CCC3CC(C4CCCCC4)CCC3C2)CC1
C1CCC(CC2CCCC(CCC3CCCC(C4CCCCC4)C3)C2)CC1
C1CCC(CC2CCC(CCC3CCC(C4CCCC(C5CCCC5)C4)CC3)CC2)CC1
C1CCC(CCC2CCCC(C3CCCC(C4CCCCC4)C3)C2)CC1
C1CCC(CC2CCCCC2C2CCCCC2)CC1
C1CCC(CC2CCC(CC(CC3CC4CCCCC4C3)CC3CCCCC3C3CCCCC3)CC2)CC1
C1CCC(CC2CC(C3CCCCC3C3CCC4CCCCC4C3)C3CCCCC23)CC1
C1CCC(C2CC3CCC(CC4CCC4)CC3C(C3CCCCC3)C2)CC1
C1CCC(CCCCCC2CCCCC2)CC1
C1CCC(C2CCC(CC3CCC(C4CC5CCCCC5C4)CC3)C2)CC1
C1CCC(CC2CC(C3CCCCC3)C3CCCC3C2C2CCCCC2)CC1
C1CCC(CC2CCCCC2C2C(CC3CC3)CC(C3CCCCC3)CC2C2CCC3CCCCC3C2)CC1
C1CCC(CC2CCC(C3CCC4CCCCC4C3)CC2)CC1
C1CCC(CCC2C(C3CCCCC3)CC(C3CCCCC3)CC2C2CCCCC2)CC1
C1CCC(C2CCC(C3CCCCC3)C(C3CCCCC3)C2)CC1
C1CCC(CCC2CC(C3CCCCC3)CC3CC(C4CCCCC4CC4CCCCC4)CCC23)CC1
C1CCC(CCC2CCCC(C3CCCCC3)C2)CC1
C1CCC(CC2CC(CCC3CCCC3)CC(C3CCCCC3)C2CC2CCCCC2)CC1
C1CCC(C2CCCCC2)CC1
C1CCC(CC2CCCC(CC3CCCC(CC4CCC(C5CCCC5)CC4)C3)C2)CC1
C1CCC(CCC2CC(C3CCCCC3)CC(C3CCCCC3)C2)CC1
C1CCC(C2CCCC(C3CCC(C4CCCCC4C4CC4)CC3)C2)CC1
C1CCC(CCCCC2CCC(CC3CCC4CCCCC43)CC2)CC1
C1CCC(CC2CCC(C3CCC(C4CCC(C5CCCCC5)CC4)C3)CC2)CC1
C1CCC(CCCCCC2CCC(C3CCCC(C4CCC(CCCC5CC6CCCCC6C5)CC4)C3)CC2)CC1
C1CCC(CC2CC(C3CCCCC3)CC(C3CCCCC3C3CCCC3)C2)CC1
C1CCC(CC2CCC(C3CCCCC3)CC2)CC1
C1CCC(CCCCC2CCC(C3CCCCC3)CC2)CC1
C1CCC(C2CC2C2CCC(CCC3CCC(C4CCCC(C5CCC5)C4)CC3)CC2)CC1
C1CCC(C2CC(C3CCCC3)CCC2C2CC3CCCCC3C2)CC1
C1CCC(CC2CCC(CCCC3CC(C4CCC(C5CCCCC5)CC4)C4CCCCC34)CC2)CC1
C1CCC(C2CCCC(CCC3CCC(C4CC5CCCCC5C4)CC3)C2)C1
C1CCC(CCC2C(C3CCCCC3)CC(C3CCCCC3)CC2C2CCCC2)CC1
C1CCC(C2CCCC(CCC3CCCC3)C2)CC1
C1CCC(CC2CCC(C3CCCC(C4CCCCC4)C3)CC2)CC1
C1CCC(CC2CCCC(CCCC3CCC(C4CCC5CCCCC54)CC3)C2)CC1
C1CCC(C2CCCCC2C2CCC3C(CCC3C3CCCCC3)C2)CC1
C1CCC(C2CCC(C3CCC(C4CCCCC4)CC3C3CCC4CCCC4C3)C(C3CCCCC3)C2)CC1
C1CCC(CCC2CC(C3CCCC(C4CCC(C5CCC6CCCCC6C5)CC4)C3)C3CCCCC23)CC1
C(CCCC1CCCCC1)CCCC1CCC(CC2CCC(C3CCCC3)CC2)CC1
C1CCC(C2CCCC(C3CC(C4CCCCC4)CC(C4CC4)C3)C2)CC1
C1CCC(C2CC(CCC3CCC(C4CCCC4)CC3)CCC2C2CCCC2)CC1
C1CCC(C2CC(C3CCC4CCCCC43)CC3CCCCC32)CC1
C1CCC(C2CCCC(C3CCCC(C4CCCCC4)C3)C2)CC1
C1CCC(CCC2CCCC(C3CCCC(CC4CCCCC4)C3)C2)CC1
C1CCC(CCC2CCCC(C3CCCC(C4CCCC(C5CCCCC5)C4)C3)C2)CC1
C1CCC(CCCC2CCCCC2C2CCC(C3CCCC(C4CCCCC4)C3)C2)CC1
C1CCC(CC2CCC(C3CCC(CC4CCCCC4)CC3C3CCCC3)CC2)CC1
C1CCC(C2CCCC(C3CCC(CCC4CCCCC4C4CCCC4)CC3)C2)CC1
C1CCC(C2CCC(CC3CC(C4CCCCC4)C4CCCCC34)CC2)CC1
C1CCC(CC2CC(C3CCCCC3)C3CC(C4CCCCC4)CCC23)CC1
C1CCC(CC2CCC(CC3CCC4CCCCC43)CC2)CC1
C1CCC(CC2CCC(C3CCCCC3)CC2)CC1
C1CC2CCC(CC3CCCCC3C3CCCCC3C3CCC4CCCC4C3)CC2C1
C1CCC(CC2CCCC(CC3CC4CCCCC4C3)C2)CC1
C1CCC(CCCCC2CCCC(CCC3CCC(CC4CCCCC4)CC3)C2)CC1
C1CCC(CCCC2CC(CC3CCCCC3)CCC2C2CCCCC2)CC1
C1CCC(C2CCC(CCC3CCCCC3C3CCCCC3)CC2)CC1
C1CCC(CC2CCC(CCCC3CCC4CCCCC43)CC2)CC1
C1CCC(C2CCC(CC3CC(C4CCCCC4)C4CCCCC34)CC2)CC1
C1CCC(C2CCCC(C3CCCCC3)C2)CC1
C1CCC(CCC2CCCCC2C2CCCCC2)CC1
C1CCC(C2CCCCC2C2CCCCC2)CC1
C1CCC(CC2CCCCC2)CC1
C1CCC(C2CCCC(C3CCCCC3)C2)CC1
C1CCC(CCCC2CCCC(CCC3CCC4CCCC4C3)C2)CC1
C1CCC(CCC2CC(CC3CCCCC3)CCC2CC2CCCCC2)CC1
C1CCC(CC2CCC(C3CCCCC3)CC2)CC1
C1CCC(C2CCC(C3CCCC(CC4CCCCC4C4CCC4)C3)CC2)C1
C1CCC(CC2CCC(CC3CCCCC3)CC2)CC1
C1CCC(CC2CCCC(C3CCCCC3)C2)CC1
C1CCC(CCC2CC(CC3CCCCC3C3CCCCC3)CC(C3CCCCC3)C2)CC1
C1CCC(C2CCC(C3CCCCC3C3CCCC4CCCCC43)C2)CC1
C1CCC(CCCC2CCC(C3CCCC(CC4CCCCC4)C3)CC2)CC1
C1CCC(CC2CCC(CC3CCCC(CC4CCC5CCCCC54)C3)CC2)CC1
C1CCC(CCCC2CCCC(CC3CCCCC3)C2)CC1
C1CCC(CCC2CCC(CC3CCCC(C4CCCCC4)C3)CC2)CC1
C1CCC(C2CCCC(C3CCC(C4CCCCC4)C(CCC4CC4)C3)C2)CC1
C1CCC(C2CCC(C3CCCC(C4CCCCC4)C3)CC2)CC1
C1CCC(CC2CCC(CC3CCCC(C4CCCCC4)C3)CC2)CC1
C1CCC(C2CCC(C3CCCCC3)CC2)CC1
C1CCC(CCC2CCCC(C3CCCC(CC4CCCCC4)C3)C2)CC1
C1CCC(CCC2CCCC(CCC3CCCCC3)C2CC2CCCCC2)CC1
C1CCC(C2CCC(CC3CCCC(C4CCCCC4)C3)CC2)CC1
C1CCC(C2CCCCC2C2CCCCC2C2CCCCC2C2CCCC2)CC1
C1CCC(CCC2CCC(CCC3CCC(C4CCCC4)CC3)CC2C2CCCCC2)CC1
C1CCC(CC2CC(C3CCC(C4CCCCC4)CC3)C3CCCCC23)CC1
C1CCC(C2CCC(C3CCCCC3)CC2)CC1
C1CCC(C2CCCCC2C(C2CCCCC2)C2CCCCC2C2CCCC2)CC1
C1CCC(CC2CCC(CC3CCCCC3)CC2)CC1
C1CCC(C2CCC(C3CCCC(C4CCCCC4)C3)CC2)CC1
C1CCC(CC2CCC(CCCC3CCC(C4CCC4)CC3)CC2)CC1
C1CCC(CC2CCC(C3CC3)CC2C2CCCCC2)CC1
C1CCC(CC2CCCC(C3CCCC(C4CCCCC4)C3)C2)CC1
C1CCC(C2CCC(CCCCC3CCC(C4CCC5CCCC5C4)CC3)C(CC3CC4CCCCC4C3)C2)CC1
C1CCC(CC2CCC(CC3CCC(C4CCCCC4)CC3)CC2)CC1
C1CCC(CC2CCCCC2CCC2CCC(C3CCCCC3)CC2)CC1
C1CCC(CCCC2CC(C3CC3)CCC2CC2CCC(CC3CCCCC3)CC2)CC1
C1CCC(CC2CC(CC3CCCC(C4CCCCC4)C3)C3CCCCC23)CC1
C1CCC(CC2CCC(C3CCCC(CCCCC4CC5CCCCC5C4)C3)CC2)CC1
C1CCC(CC2CCCCC2C2CCCCC2)CC1
C1CCC(C2CCC(CCCC3CCCC(C4CCCCC4)C3)CC2)CC1
C1CCC(C2CCC(CC3CCC4CCCC4C3)CC2)CC1
C1CCC(CC2CC(C3CCC(C4CCCCC4)CC3)C3CCCCC23)CC1
C1CCC(CCC2CCCCC2C2CCCCC2)CC1
C1CCC(C2CCC(C3CCCC(CCC4CCCC(C5CCCC5)C4)C3)C(C3CCCC3)C2)CC1
C1CCC(CCCC2CCC(CC3CCCCC3)CC2)CC1
C1CCC(C2CCCCC2C2CCCC(CCCC3CCCC3)C2)CC1
C1CCC(C2CCC(CC3CCC4CCCCC4C3)CC2)CC1
C1CCC(CC2CCC(CCCC3CCC4CCCC4C3)CC2)CC1
C1CCC(CC2CCCC(CCC3CCCC(CC4CCCCC4)C3)C2)CC1
C1CCC(C2CC(C3CCCC3)CC(C3CC(C4CCCCC4)C4CCCCC34)C2)CC1
C1CCC(CC2CC(C3CCCCC3)CC(C3CCCC(C4CCCCC4)C3)C2)CC1
C1CCC(C2CCC(C3CCCC(CC4CCC(C5CCCC5)C4)C3)C2)CC1
C1CCC(CCCC2CCC(CCC3CCCCC3)CC2)CC1
C1CCC(CC2CCCC(CC3CCCC4CCCCC43)C2)CC1
C1CCC(CC2CCC(C3CCC4CCCCC43)CC2)CC1
C1CCC(C2CCCC(C3CCCCC3)C2)CC1
C1CCC(CCCC2CCC(C3CCCC(CC4CCC(C5CCCC5)CC4)C3)CC2)CC1
C1CCC(CCCC2CCC(CC3CCCCC3)CC2)CC1
C1CCC(CCC2CCCC(C3CCCCC3)C2)CC1
C1CCC(C2CCC(CCC3CCC(C4CCCC4)CC3)CC2C2CCCCC2)CC1
C1CCC(C2CCCCC2)CC1
C1CCC(CC2CCCC(C3CCCC(C4CCCC4)C3)C2)CC1
C1CCC(CCCC2CCCC(CC3CCC4CCC(C5CCCCC5)C4C3)C2)CC1
C1CCC(CC2CCCCC2C2CCCCC2C2CCC3CCCC3C2)CC1
C1CCC(C2CCCC(CCC3CCCC(C4CCCCC4)C3)C2)CC1
C1CCC(CC2CCCC(C3CCCC(CC4CCCCC4)C3)C2)CC1
C1CCC(CC2CCCCC2C2CCC(C3CCCCC3C3CCCCC3)CC2)CC1
C1CCC(CCCC2CCC(C3CCC(C4CC5CCCCC5C4)CC3)CC2)CC1
C1CCC(CCCC2CCC(CCC3CCCCC3)CC2)CC1
C1CCC(CC2CCCC(C3CCC(CC4CCCCC4C4CCCCC4)CC3)C2)CC1
C1CCC(CC2CCC(C3CCC(C4CCCCC4)CC3)CC2)CC1
C1CCC(CCC2CCCCC2CCC2CCCCC2)CC1
C1CCC(CC2CCC(C3CCCCC3)C(C3CCCCC3)C2)CC1
C1CCC(C2CC(C3CCCC3)CC(C3CCCCC3)C2C2CCCCC2)CC1
C1CCC(CCCC2CCCCC2C2CCCC(CC3CC4CCCCC4C3)C2)CC1
C1CCC(CC2CCCCC2C2CCCCC2CC2CCCCC2)CC1
C1CCC(CC2CCC(C3CCCCC3CCCCC3CCC(C4CC4)CC3)CC2)CC1
C1CCC(C2CCC(C3CCCCC3C3CCCC3)CC2)CC1
C1CCC(C2CCC(C3CCCC(CC4CC5CCCCC5C4)C3)CC2)CC1
C1CCC(C2CCCCC2)CC1
C1CCC(C2CCC(CC3CCC(CC4CC5CCCCC5C4)CC3)CC2)CC1
C1CCC(CC2CCC(CC3CCCCC3)CC2)CC1
C1CCC(CCC2CCCC(CCCC3CCC(C4CCCCC4)CC3)C2)CC1
C1CCC(CCC2CCC(CCCC3CCC(C4CCC(CC5CC6CCCCC6C5)CC4)CC3)CC2)CC1
C1CCC(C2CCCC(CC(C3CCCCC3)C3CCCCC3)C2)CC1
C1CCC(CC2CCC(CC3CCCC(C4CC5CCCCC5C4)C3)CC2)CC1
C1CCC(CCCC2CCCCC2)CC1
C1CCC(C2CCCC(CCC3CCCC3)C2)CC1
C1CCC(C2CCCC(CC3CCC(CCC4CCCC4)CC3)C2)CC1
C1CCC(C2CCCC(C3CCCCC3C3CCC4CCCCC4C3)C2)CC1
C1CCC(C2CCC(C3CCCC(CC4CC4)C3)CC2)C1
C1CCC(CCC2CCCCC2CC2CCCCC2)CC1
C1CCC(CCC2CCC(CCCC3CCCC(C4CCCCC4)C3)CC2)CC1
C1CCC(CC2CC(CC3CCCCC3C3CCCCC3)C3CCCCC23)CC1
C1CCC(CCC2CCCC(CC3CCC(C4CCC4)CC3)C2)C1
C1CCC(CC2CCCC(CC3CCCCC3)C2)CC1
C1CCC(C2CCC(C3CC(C4CCCCC4)C4CCCCC34)C2)CC1
C1CCC(CC2CCCC(C3CCCC(C4CCC(C5CCCCC5)CC4)C3)C2)CC1
C1CCC(CCC2CCC(CCC3CCCCC3C3CCCC3)CC2)CC1
C1CCC(CC2CCCCC2C2CCC3CCCC3C2)CC1
C1CCC(CCCC2CCC(CC3CCC(CC4CCCCC4)CC3)CC2)CC1
C1CCC(CCC(CC2CCCCC2)C2CCCCC2)CC1
C1CCC(C2CCCC(C3CCCC(C4CCC(C5CCC6CCCCC6C5)CC4)C3)C2)CC1
C1CCC(C2CCC3C(CC4CC4)CC(CC4CCCC5CCCCC54)C3C2)CC1
C1CCC(C2CCC(CCC3CCC4CCCCC43)CC2)CC1
C1CCC(CC2CCCCC2CC2CCCC3CC(C4CCCC4)CCC32)CC1
C1CCC(CCCC2CCCC(C3CCCCC3)C2)CC1
C1CCC(CC2CCCC(C3CCCCC3)C2)CC1
C1CCC(CCC2CCC(C3CCCCC3)CC2)CC1
C1CCC(CC2CCC(C3CCCC(C4CCCCC4)C3)CC2)CC1
C1CCC(CC2CCC(CC3CCCCC3C3CCC4CCCCC43)CC2)CC1
C1CCC(CCC(C2CCC(C3CCCCC3)CC2)C2CCCCC2C2CCCCC2)CC1
C(CCC1CCC(CC2CCCCC2)CC1)CCC1CCC(CC2CCCCC2)CC1
C1CCC(CCCC2CCC(C3CCC(CCC4CCCCC4)CC3)CC2)CC1
C1CCC(C(C2CCCCC2)C2CCCC(CC3CCC(C4CCCCC4C4CCCC4)C3)C2)CC1
C1CCC(CCC2CCCC(CC3CCCCC3)C2)CC1
C1CCC(CC2CCCC(CC3CCCCC3C3CCCCC3)C2)CC1
C1CCC(CC2CCC(C(C3CCCCC3)C3CCCC(C4CCCC4)C3)CC2)CC1
C1CCC(CCCCC2CCCC(CCC3CCCCC3)C2)CC1
C1CCC(C2CCCC(CCC3CC4CCCCC4C3)C2)CC1
C1CCC(CC2CC(CC3CCCC(C4CCCCC4)C3)C3CCCCC23)CC1
C1CCC(CCC2CCCC(C3CCCC(CC4CCCCC4)C3)C2)CC1
C1CCC(CCC(C2CCCCC2)C2CCCCC2C2CCC3CCCC3C2)CC1
C1CCC(CC2CCC(CC3CCCC(CC4CCCCC4)C3)CC2)CC1
C1CCC2CC(C3CCC4CCC(CC5CCC6CCCCC65)CC4C3)CCC2C1
C1CCC(CC2CCCCC2C2CCC(C3CC4CCCCC4C3)CC2)CC1
C1CCC(CCCC2CCCCC2C2CC3CCCC(CCCC4CCCCC4)C3C2)CC1
C1CCC(CCC2CCCC(CCCCC3CCC(C4CCC4)CC3)C2)CC1
C1CCC(C2CCC(C3CCCCC3C3CCCCC3)CC2)CC1
C1CCC(C2CCCC(C3CCCCC3)C2)CC1
C1CCC(CC2CCCC(C3CCCCC3)C2)CC1
C1CCC(CC2CC(C3CCC(C4CCCC4)CC3)C3CCCCC23)CC1
C1CCC(CC2CCCC(CCCC3CCCCC3C3CCC4CCCCC4C3)C2)CC1
C1CCC(CC2CCCCC2C2CCCCC2)CC1
C1CCC(C2CCC3CC(C4CCC(C5CCCC5)CC4)CCC32)CC1
C1CCC(CC2CCCCC2CC2CCCC(C3CCCCC3)C2)CC1
C1CCC(CC2CCC(CC3CCCC(CC4CC4)C3)CC2)CC1
C1CCC(CC2CCC(C3CCCCC3)C(C3CCC(C4CCCCC4)CC3)C2)CC1
C1CCC(CCC2CC(CC3CCCC(C4CCCCC4CC4CCC4)C3)C3CCCCC23)CC1
C1CCC(CCCC2CCC(C3CCCC(C4CCC5CCCC5C4)C3)CC2)C1
C1CCC(C2CCC(C3CCCC(C4CCCCC4)C3)CC2)CC1
C1CCC(C2CCCCC2)CC1
C1CCC(CCCC2CCC(C3CCCC(CC4CC5CCCCC5C4)C3)CC2)CC1
C1CCC(C2CCC(CCC3CCCCC3CCC3CCC(CC4CCCC4)CC3)CC2)CC1
C1CCC(C2CCC(CC3CCCC(C4CCCCC4)C3)CC2)CC1
C1CCC(C2CC(C3CC4CCCCC4C3)CCC2CCC2CCC(C3CCC3)CC2)CC1
C1CC(CCCC2CCC(CC3CCC(C4CCCC(C5CCCC5)C4)CC3)CC2)C1
C1CCC(CCCCC2CCC(C3CCCCC3)C(C3CCCCC3)C2)CC1
C1CCC(CC2CCC(CCCC3CCC(C4CCC5CCCC5C4)CC3)CC2)CC1
C1CCC(CCC2CC(CC3CCCCC3)C3CCCCC23)CC1
C1CCC(CC2CCC(CC3CCCCC3)CC2)CC1
C1CCC(CCC2CCC(C3CCCCC3C3CCC(CCC4CCCC4)CC3)CC2)CC1
C1CCC(CC2CCC(CC3CCC(C4CCCCC4)CC3)CC2)CC1
C1CCC(C2CCC(C3CCCCC3C3CCCCC3)CC2)CC1
C1CCC(CC2CCCCC2C2CCCCC2)CC1
C1CCC(CC2CCCC(C3CCCCC3)C2)CC1
C1CCC(C2CCCCC2C2CCC3C(CC4CC5CCCCC5C4)CCCC3C2)CC1
C1CCC(C2CCCC(C3CCCC(CC4CCCCC4C4CCC5CCCCC5C4)C3)C2)CC1
C1CCC(CC2CCC(C3CC(C4CCCC4)CCC3C3CCCC(CC4CC5CCCCC5C4)C3)CC2)CC1
C1CCC(C2CC(C3CCCCC3)CC(C3CCCCC3)C2)CC1
C1CCC(CC2CCC(C3CCCC(C4CCCCC4)C3)CC2)CC1
C1CCC(CC2CCC(C3CC(CC4CCCCC4)C4CCCCC43)CC2)CC1
C1CCC(CCCCC2CCCC(CCC3CCCCC3)C2)CC1
C1CCC(CCC2CC(CC3CCCCC3)C3CCC(CC4CCCCC4)CC23)CC1
C1CCC(CC2CCC(C3CCC(C4CCCC(CC5CCCCC5)C4)C4CCCC34)CC2)CC1
C1CCC(CCC2CCC(C3CCC(CC4CCCCC4)CC3CC3CCCCC3)CC2)CC1
C1CCC(CCCCC2CCCC(CC3CCCC(C4CCCCC4)C3)C2)CC1
C1CCC(CCCC2CCCC(C3CCCCC3)C2)CC1
C1CCC(CC2CCC(C3CCCC(C4CCC5CCCCC5C4)C3)CC2)CC1
C1CCC(CCCC2CCCC(C3CCCC3)C2)CC1
C1CCC(C2CCC(C3CCCC(CC4CCCC4)C3)CC2)CC1
C1CCC(CC2CCC(C3CCCCC3C3CCCC3)CC2)CC1
C1CCC(C2CCC(C3CC(C4CCCCC4)CC(C4CCCC4)C3)CC2)CC1
C1CCC(CCC2CC(C3CCC(CC4CCCCC4)CC3)C3CCCCC23)CC1
C1CCC(CC2CCC(C3CCCCC3)CC2C2CCCCC2)CC1
C1CCC(CCC(CCC2CCCCC2)CC2CCCCC2)CC1
C1CCC(CC2CCC(CC3CCCCC3)CC2)CC1
C(CCC1CC2CCCCC2C1)CC1CCC(C2CC3CCCCC3C2)CC1
C1CCC(C2CCCC(C3CCCCC3)C2)CC1
C1CCC(CCC2CCCC(CC3CCCCC3C3CCCCC3)C2)CC1
C1CCC(CC2CC(C3CCC3)CCC2C2CCCCC2)CC1
C1CCC(C2CCCCC2CC2CCCC3CCCCC32)CC1
C1CCC(CC2CCC(C3CCCCC3)C(CCC3CCCC3)C2)CC1
C1CCC(CC2CCCC(C3CCCC(C4CCCCC4)C3)C2)CC1
C1CCC(CCCC2CCC(CCC3CCC(C4CCCC4)CC3)CC2)CC1
C1CCC(CC2CCC(C3CCC(C4CCCCC4)CC3)CC2)CC1
C1CCC(CC2CCCC(C3CCCCC3)C2)CC1
C1CCC(CC2CCCC(C3CCCC(C4CCCC4)C3)C2)CC1
C1CCC(CCC2CCC(C3CCCCC3)CC2)CC1
C1CCC(CCC2CCCC(C3CCCCC3C3CCCC3)C2)CC1
C1CCC(C2CCC(C(CC3CCC(CC4CCCC4)CC3)C3CCCC3)CC2)CC1
C1CCC(CCCC2CCC(CC3CCCCC3)CC2)CC1
C1CCC(C2CCC(C3CCCCC3C3CCCCC3)CC2)CC1
C1CCC(CC2CCCC(C3CCCC(C4CCCCC4)C3)C2)CC1
C1CCC(C2CCCC(C3CCC(C4CCCCC4)CC3C3CC4CCCCC4C3)C2)CC1
C1CCC(C2CC(CCC3CCCC4CCCCC43)CC(C3CCCC3)C2)CC1
C1CCC(C2CC(C3CCCC3)CC(C3CCCCC3C3CCC4CCCC4C3)C2)CC1
C1CCC(CCC2CCC(C3CCCC(C4CC4)C3)CC2)CC1
C1CCC(CC(C2CCCC2)C2CCCCC2CC2CCCC(C3CCCC3)C2)CC1
C1CCC(CCCC2CC(C3CCCCC3)C3CCCC3C2C2CCCCC2)CC1
C1CCC(CC2CCC(C3CCCCC3)CC2)CC1
C(CCCCCC1CCC(C2CCCCC2)CC1)CCCCC1CCCCC1
C1CCC(CC2CCC(C3CCC(CC4CCCCC4C4CCC5CCCCC5C4)CC3)CC2)CC1
C1CCC(C2CC(CCCC3CCCC3)C3CC(CC4CCCCC4C4CCCC4)CCC32)CC1
C1CCC(C2CCC(CC3CCC4CCC(C5CCCC6CCCCC65)CC4C3)CC2)CC1
C1CCC(C2CCC(CC3CCC(CC4CC5CCCCC5C4)CC3)C2)CC1
C1CCC(CCCC2CC(CC3CCCCC3)C3CCC(CC4CCCCC4)CC23)CC1
C1CCC(C2CCC(CC3CCCC(C4CCCC(C5CCCC5)C4)C3)CC2)CC1
C1CCC(CCCCC2CCC(CCC3CCCCC3)CC2)CC1
C1CCC(C2CCCCC2CC2CCC(C3CCCC3)CC2)CC1
C1CCC(C2CCCC(C3CCC4CCCC4C3)C2)CC1
C1CCC(C2CCC(CC3CCC(C4CCCC4)CC3)CC2C2CCC2)CC1
C1CCC(C2CCC(C3CC(CC4CC5CCCCC5C4)C4CCCCC43)CC2)CC1
C1CCC(C2CCC(C3CCCCC3)C2)CC1
C1CCC(CCC2CCC(CC3CCC(CC4CCCCC4)CC3)CC2)CC1
C1CCC(C2CCC(CCC3CC(C4CCCCC4)C4CCCCC34)CC2)CC1
C1CCC(CC2CC(CCC3CC3)CC(CC3CCC4CCCC4C3)C2)CC1
C1CCC(C2CCC(C3CCCCC3)C(C3CCC4CCCC4C3)C2)CC1
C1CCC(C2CCCC3CCC(C4CCCC(C5CC5)C4)CC32)CC1
C1CCC(C2CCC(CCCC3CCCCC3C3CCCCC3)CC2)CC1
C1CCC(C2CCCC(C3CCCCC3)C2)CC1
C1CCC(CCC2CCCC(CC3CCCC(C4CCCCC4)C3)C2)CC1
C1CCC(C2CCC(CC3CCC4CCCC4C3)CC2)CC1
C1CCC(CCC2CCCC(C3CCCC(C4CCCC4)C3)C2)CC1
C1CCC(CC2CCCC(CC3CCCCC3C3CCCCC3)C2)CC1
C1CCC(C2CCC(C3CCCCC3C3CCCCC3)CC2)CC1
C1CCC(CCC2CCC(C3CCCCC3)C(CC3CCCCC3)C2)CC1
C1CCC(CC2CCCCC2C2CCCCC2)CC1
C1CCC(CC2CCC(CC3CCC(CC4CC5CCCCC5C4)CC3)C(CC3CCCCC3)C2)CC1
C1CCC(CC2CCCC(C3CCC(C4CCCC4C4CCC(C5CCC6CCCC6C5)CC4)CC3)C2)CC1
C1CCC(CC2CCC(C3CCCC4CC(C5CCCCC5CC5CCCCC5)CCC43)CC2)CC1
C1CCC(CCC2CCCCC2CCC2CC3CCCCC3C2)CC1
C1CCC(CC2CCC(C3CCC(C4CCCCC4)CC3)CC2)CC1
C1CCC(C2CCCC(C3CCCCC3)C2)CC1
C1CCC(C2CCC(CC3CCC(C4CCC5CCCCC5C4)CC3)CC2)CC1
C1CCC(CC2CCC(CCC3CCC(C4CCC5CCCCC5C4)CC3)CC2)CC1
C1CCC(CCCCC2CCC(CCC3CCCCC3)CC2)CC1
C1CCC(C2CCCC(C3CCC(C4CCCCC4C4CCCC4)CC3)C2)CC1
C1CCC(C2CCCC(C3CCCCC3C3CCCC(CCC4CC4)C3)C2)CC1
C1CCC(CC2CCC(CC3CCC(CC4CCCCC4)CC3)CC2)CC1
C1CCC(C2CC(CC3CCCC(C4CCC4)C3)C3CCC(C4CCC5CCCC5C4)CC32)CC1
C1CCC(CCC2CCC(CC3CCCCC3)CC2)CC1
C1CCC(CC2CC(C(C3CCCCC3)C3CCC4CCCC4C3)C3CCCCC23)CC1
C1CCC(CC2CC(C3CCCCC3)CC(C3CCCC(C4CCCCC4C4CCCC4)C3)C2)CC1
C1CCC(C2CCC(C3CCCCC3C3CCCCC3)CC2)CC1
C1CCC(CCC2CCC(C3CCCCC3)CC2)CC1
C1CCC(C2CCC(CC3CCCC(C4CCCC5CC(C6CCCC6)CCC54)C3)CC2)CC1
C1CCC(C2CC(CC3CCCC(C4CCCC(C5CC5)C4)C3)C3CCCCC32)CC1
C1CCC(C2CCCC(C3CCCCC3)C2)CC1
C1CCC(CCC2CCCCC2C2CCCCC2)CC1
C1CCC(CC2CCC(C3CC(C4CCCC4)CC(C4CCCC(C5CCCC5)C4)C3)C2)CC1
C1CCC(CCCC2CCCCC2C2CCCCC2)CC1
C1CCC(C2CCCC(C3CCCCC3)C2)CC1
C1CCC(C2CCCCC2C2CCCCC2C2CCCCC2)CC1
C1CCC(CC2CCC(CC3CCCCC3C3CCCCC3)CC2)CC1
C1CCC(C2CCC(C3CCC4CCCC4C3)CC2)CC1
C1CCC(CCCC2CCC(CC3CCCCC3)CC2)CC1
C1CCC(CCCC2CCCC(C3CCCC(C4CCCC(C5CCCCC5)C4)C3)C2)CC1
C1CCC(CCCC2CCCC(CCCC3CCCCC3)C2)CC1
C1CCC(CCCC2CCC(CCC3CCCC(C4CCCCC4)C3)CC2)CC1
C1CCC(C2CCC(C3CCCC(C4CCCCC4)C3)CC2)CC1
C1CCC(C2CCC(C3CCCC(C4CCC(C5CCCCC5C5CCCC5)CC4)C3)CC2)CC1
C1CCC(C2CCC(CC3CCC(C4CCC5CCCCC5C4)CC3)CC2)CC1
C1CCC(C2CCC(CC3CCC(C4CC5CCCCC5C4)CC3)CC2)C1
C1CCC(CC2CCC(CCCC3CCCC(C4CCCCC4)C3)CC2)CC1
C1CCC(C2CCCCC2C2CCC3C(CCCC3C3CCCCC3)C2)CC1
C1CCC(CCC2CCCCC2CC2CCCCC2)CC1
C1CCC(C2CCC(CCCCC3CCCCC3C3CCC3)CC2)CC1
C(CCCCC1CCCCC1)CCCC1CCCCC1
C1CCC(CC2CCCCC2CCC2CCC(C3CCCCC3)CC2)CC1
C1CCC(CC2CCC(CCC3CC(C4CCCCC4)C4CCCCC34)CC2)CC1
C1CCC(CC2CCC(CC3CCC4CCCCC43)CC2)CC1
C1CC(CCC2CCCC(C3CCC3)C2)CC(CC2CC3CCCC(CC4CCC5CCCCC54)C3C2)C1
C1CCC(CC2CCCC3CC(CC4CCC(C5CCCCC5)CC4)CCC23)CC1
C1CCC(CC2CCC(C3CCC(C4CCCC4)C(C4CCCC(C5CCCCC5)C4)C3)CC2)CC1
C1CCC(CC2CCC(CC(C3CCCCC3)C3CCCCC3C3CCCCC3)CC2)CC1
C1CCC(CC2CCCC(C3CCCC(CC4CCC5CCCCC54)C3)C2)CC1
C(CCCC1CCCCC1C1CCCCC1CC1CCCCC1)CCC1CCCCC1
C1CCC(CC2CCC3C(CC4CCCCC4)CC(C4CCC5CCCCC54)C3C2)CC1
C1CCC(C2CCC(CC3CCCC(C4CCCCC4)C3)CC2)CC1
C1CCC(CCC2CCC(C3CCC(CCC4CCCCC4C4CCC5CCCCC5C4)CC3)CC2)CC1
C1CCC(C2CCCCC2C2CCC(C3CCC4CCCCC43)CC2)CC1
C1CCC(C2CC(C3CCCCC3)CC(C3CCC3)C2)CC1
C1CCC(CC2CCC(C3CCCCC3)CC2)CC1
C1CCC(CC2CCC(C3CCCCC3)CC2)CC1
C1CCC(CCCC2CCCCC2CC2CCC(CC3CCC4CCCC4C3)CC2)CC1
C1CCC(C2CCC(C3CC(C4CCCCC4)C4CCCCC34)CC2)CC1
C1CCC(CCC2CCCC(C3CCCC(C4CCCCC4)C3)C2)CC1
C1CCC(C2CCCC(C3CCCCC3)C2)CC1
C1CCC(C2CCC(C3CCCCC3)C(CCC3CC4CCCCC4C3)C2)CC1
C1CCC(CC2CCC(C3CC(C4CCC(C5CCCCC5)CC4)C3)CC2)CC1
C1CCC(CC2CC(C3CCC4CCCCC43)CC3CCC(C4CCCCC4)CC32)CC1
C1CCC(CC2CCCCC2C2CCCCC2C2CCC2)CC1
C1CCC(CCC2CCCC(C3CCCC3)C2)CC1
C1CCC(CC2CCC(CC3CCCCC3)CC2)CC1
C1CCC(C2CCCC(C3CCCC(CC4CC4)C3)C2)CC1
C1CCC(CCCC2CCC(C3CCC(CC4CCCCC4)CC3)CC2)CC1
C1CCC(C2CCC(C3CCC(CC4CC5CCCCC5C4)CC3)CC2)CC1
C1CCC(C2CCCCC2C2CCCCC2)CC1
C1CCC(CC2CCC3CC(C4CCCCC4)CCC3C2)CC1
C1CCC(CC2CCCC(C3CC(CC4CCCCC4)CC(C4CCCC4)C3)C2)CC1
C1CCC(CCC2CCC(C3CCCCC3C3CCCC3)CC2)CC1
C1CCC(C2CCC(C3CCCCC3C3CCCC3)CC2)CC1
C1CCC(CCC2CCCC(C3CCCCC3)C2)CC1
C1CCC(CC2CCCC(C3CCC(C4CCCCC4)CC3)C2)CC1
C1CCC(CC2CCC(C3CCCCC3)CC2)CC1
C1CCC(CC2CCC(CCC3CCCC(CC4CCCCC4)C3)CC2)CC1
C1CCC(CC2CCCCC2CC2CCC(CC3CCC(C4CCCCC4)CC3)CC2)CC1
C1CCC(CC2CCCC(CCC3CCCC(CC4CCCCC4)C3)C2)CC1
C1CCC(CCC2CCC(C3CCC4CCCC4C3)CC2C2CCCCC2)CC1
C1CCC(CCC2CCC3CC(C4CCC5CCCCC54)CC(C4CCCCC4)C3C2)CC1
C1CCC(CCCC2CCC(CC3CCC(CC4CCCCC4)CC3)CC2)CC1
C1CCC(CC2CCC(CC3CCC4CCCC4C3)CC2)CC1
C1CCC(C2CCCC(C3CC4CCCCC4C3)C2)CC1
C1CCC(C2CCCC(C3CCCCC3)C2)CC1
C1CCC(CC2CCC(CCC3CCC(C4CCCC4)CC3)CC2)CC1
C1CCC(CC2CCCC(C3CCC(CC4CC5CCCCC5C4)CC3)C2)CC1
C1CCC(CCC2CCC(C3CCCC(CC4CCCCC4)C3)CC2CC2CCCC2)CC1
C1CCC(CCC2CCC3CC(C4CCCCC4)CCC3C2)CC1
C1CCC(C2CCC(C3CCC(C4CC5CCCCC5C4)CC3)CC2)CC1
C1CCC(C2CCC(C3CCC(C4CCCC(C5CCCCC5)C4)C(C4CCCCC4)C3)CC2)CC1
C1CCC(CC2CCCC(C3CCC(C4CCCCC4)CC3)C2)CC1
C(CC1CC1)CC1CCC(CCC2CCC(C3CCC3)CC2)CC1
C1CCC(CCC2CC(C3CCC4CCCCC43)CC3CCC(C4CCCCC4)CC23)CC1
C1CCC(C2CCCC(C3CCCC(CCCC4CCC5CCCCC54)C3)C2)CC1
C1CCC(C2CCCCC2C2CCC(C3CCCC(CC4CC4)C3)CC2)CC1
C1CCC(CCC2CC(CC3CC3)CC(C3CCCCC3CC3CC4CCCCC4C3)C2)CC1
C(CCCC1CCCC(C2CCCCC2CC2CCCCC2)C1)CCC1CC2CCCCC2C1
C1CCC(CC2CCCC(C3CCCC4CC(C5CCCCC5)CCC43)C2)CC1
C1CCC(CC2CCC(CC3CCCCC3)C(C3CCCC3)C2)CC1
C1CCC(CC2CCC(C3CCCCC3CC3CCCCC3)CC2)CC1
C1CCC(CCC2CCCC(C3CC3)C2)CC1
C1CCC(CC2CC(C3CCC(C4CCC(C5CCCCC5)CC4)CC3)C3CCCCC23)CC1
C1CCC(CCC2CCCC(CC3CCC4C(CCC5CCCCC5)CCCC4C3)C2)CC1
C1CCC(CC2CCC(C3CC(C4CCCC(C5CC5)C4)C4CCCCC34)CC2)CC1
C1CCC(CC2CCCC(C3CCCC(C4CCC(CC5CCCCC5)C4)C3)C2)CC1
C1CCC(CC2CC(C3CCC(C4CCCC4)CC3C3CCCC3)C3CCCCC23)CC1
C1CCC(CC2CC(C3CCC(C4CCCC4)CC3)C3CCCCC23)CC1
C1CCC(CCC2CC(C3CCCCC3)CC(C3CCC(CC4CCCCC4)CC3)C2)CC1
C1CCC(CC2CC(C3CCC4CCCCC43)CC3CCCCC32)CC1
C1CCC(CC2CCCC(C3CCCCC3)C2)CC1
C1CCC(CCCC2CCC(CC3CCC(CCC4CCCCC4)CC3)CC2)CC1
C1CCC(C2CCC(C3CCCCC3)C(C3CCCCC3)C2)CC1
C1CCC(CCC2CCC(CC3CCCCC3)CC2C2CCCCC2C2CCCC2)CC1
C1CCC(C2CCC(C3CC(C4CC4)CCC3CC3CC4CCCCC4C3)CC2)CC1
C1CCC(CCC2CCC(CCCC3CCC(C4CCCCC4)CC3)CC2)CC1
C1CCC(CC2CCC(CCCC3CCC(C4CCCCC4)C3)CC2)CC1
C1CCC(CC2CCC3CC(C4CCCCC4)CCC3C2)CC1
C1CCC(CC2CCCCC2CC2CCC(CC3CC4CCCCC4C3)CC2)CC1
C1CCC(CCC2CCCC3CC(CCC4CCCC(C5CCCCC5)C4)CCC23)CC1
C1CCC(C2CCC(C3CCC(C4CCCC(C5CC5)C4)CC3)C3CCCC23)CC1
C1CCC(CCC2CCCCC2C2CCCCC2)CC1
C1CCC(CCC2CCCCC2C2CCC(CC3CCCCC3)CC2)CC1
C1CCC(C2CCCC(C3CCC4CCCCC4C3)C2)CC1
C1CCC(C2CCCC(CCC3CCCCC3C3CCCCC3)C2)CC1
C1CCC(C2CCC(CC3CCC(C4CCC(CC5CCCC5)CC4)CC3)CC2)CC1
C1CCC(CC2CCCC(C3CCCCC3)C2)CC1
C1CCC(C2CCC(C3CCC4CC(C5CCCC(C6CCCCC6)C5)CCC4C3)CC2)CC1
C1CCC(C2CCCC(C3CC(C4CCCCC4)C(C4CCCCC4)C4CCCC34)C2)CC1
C1CCC(CCC2CCCC(C3CCC(CC4CCCC4)CC3)C2)CC1
C1CCC(CC2CCC(CC3CCCCC3)C(C3CCCCC3)C2)CC1
C1CCC2CC(C3CCCC(C4CCC(C5CC5)CC4)C3)CC2C1
C1CCC(C2CCCC(C3CCC(C4CCCCC4C4CCCCC4)CC3)C2)CC1
C1CCC(CC(CC2CCC(CCCC3CC3)CC2)C2CCCCC2)CC1
C1CCC(CC2CCC3CC(C4CCC(C5CC5)CC4)CCC3C2)CC1
C1CCC(CC2CCC(C3CCCCC3C3CCC4CCCC4C3)CC2)C1
C1CCC(C2CCC(C3CCC(C4CCCCC4)CC3)CC2)CC1
C1CCC(CC2CCC(CC3CCCC(CCCCC4CCCC(C5CCCCC5)C4)C3)CC2)CC1
C1CCC(CCC2CCCC(CC3CCCCC3)C2)CC1
C1CCC(CCC(CCC2CCC3CCCCC3C2)C2CCCCC2C2CCCCC2)CC1
C1CCC(CCCCC2CC3CC(C4CCC(C5CCCCC5)CC4)CCC3C(C3CC3)C2)CC1
C1CCC(CC2CC(C3CCC3)C3CC(CC4CCCC(C5CCCCC5)C4)CCC23)CC1
C1CCC(CC2CCCC(C3CCCCC3)C2)CC1
C1CCC(C2CCC(C3CC4CCC(C5CCCC6CCCCC65)CC4C3)CC2)C1
C1CCC(C2CCC(C3CCCCC3C3CCCC3)CC2)CC1
C1CCC(C2CCCC(CC3CC3)C2)CC1
C1CCC(CC2CC(CC3CCC(C4CCCC(C5CCCCC5)C4)CC3)C3CCCCC23)CC1
C1CCC(C2CCCC(CCC3CCCCC3C3CCCCC3)C2)CC1
C1CCC(CC2CCC(CC3CCC(C4CCCC4)CC3)CC2)CC1
C1CCC(CCC2CCC(CC3CCCC(CC4CCCCC4)C3)CC2)CC1
C1CCC(CCCC2CCC(CC3CCCCC3)CC2CCC2CCC3CCCC3C2)CC1
C1CCC(CCC2CC(C3CCCC(C4CCCCC4)C3)CCC2C2CCCC2)CC1
C1CCC(CC2CCC(CCC3CC3)CC2)CC1
C1CCC(CC2CC(CC3CCCC(CC4CCC5CCCC5C4)C3)C3CCCCC23)CC1
C1CCC(C2CCCCC2)CC1
C1CCC(C2CCC(C3CCCCC3C3CCC4CCCCC4C3)CC2)CC1
C1CCC(CCC2CCC(CC3CCCCC3)CC2)CC1
C1CCC(CCC2CCCC3CC(CC4CCCC(C5CCCCC5)C4)CCC23)CC1
C1CCC(CCC2CCC(CC3CCC(CCC4CCCC4)CC3)CC2)CC1
C1CCC(C2CCC(CCCCCC3CCCCC3C3CCCCC3C3CCCCC3)CC2)CC1
C1CCC(C2CCCCC2C2CCC(C3CCCC3)CC2)CC1
C1CCC(CC2CCCC(C3CC(CC4CCCCC4)C4CCCCC43)C2)CC1
C1CCC(CCC2CCC(CC3CCCC(C4CCCCC4)C3)CC2)CC1
C1CCC(C2CCC(CCC3CCCCC3C3CCCCC3)CC2)CC1
C1CCC(CCCC2CCC(C3CC(C4CCCCC4)C4CCCCC34)CC2)CC1
C1CCC(CCC2CCC(C3CCC(CC4CCCCC4)C3)C(C3CCCCC3)C2)CC1
C1CCC(CCC2CCC(C3CCCCC3)CC2CCC2CCCCC2)CC1
C1CCC(C2CCC(CC3CCCC(CC4CCC(C5CC6CCCCC6C5)CC4)C3)CC2)CC1
C1CCC(CC2CCCCC2C2CCCCC2CCC2CCC(C3CCCC3)CC2)CC1
C1CCC(CC2CCCC(C3CCCCC3C3CCCCC3)C2)CC1
C1CCC(C2CCC(CC3CCCCC3C3CCCCC3)CC2)CC1
C1CCC(C2CC(C3CCC4CCCCC43)CC3CCCCC32)CC1
C1CCC(CCC2CCCC(C3CCC4CCCC4C3)C2)CC1
C1CCC(C2CCCCC2C2CCC3C(CCC3C3CCCCC3)C2)CC1
C1CCC(CCC2CCCC(CC3CCCC(CC4CCCCC4C4CCCCC4)C3)C2)CC1
C1CCC(C2CCC3C(CCCC3C3CCCCC3)C2)CC1
C1CCC(CCC2CCCCC2C2CCCCC2C2CCCCC2)CC1
C1CCC(CCC2CCCCC2C2CCC3CC(C4CCCCC4)CCC32)CC1
C1CCC(CCC2CCCC(CC3CC4CCCCC43)C2)CC1
C1CCC(C2CCC(CCC3CCCC3)CC2)CC1
C1CCC(C2CCCCC2C2CCCCC2C2CCCC2)CC1
C(CC1CCC(CC2CCC(C3CCCC3)CC2)CC1)CC1CCC(C2CCCC(CC3CC4CCCCC43)C2)CC1
C1CCC(C2CCC(CC3CCC(CCCC4CCC5CCCCC54)CC3)CC2)C1
C1CCC(C2CCC3C(CCC3C3CCC4CCCC4C3)C2)CC1
C1CCC(CCCC2CC(CC3CCCCC3)CCC2CCCC2CCCC3CCCCC32)CC1
C1CCC(CCCCCC2CCC(C3CCC(C4CCCC(C5CCCC5)C4)CC3)CC2)CC1
C1CCC(CC2CCC(CCC3CCCCC3CC3CCC(C4CCC5CCCCC54)C3)CC2)C1
C1CCC(CC2CCCC(C3CCC(C4CCCCC4)CC3)C2)CC1
C1CC(CCCC2CCCC(CC3CC3)C2)CC(CCC2CC3CCCCC3C2)C1
C1CCC(C2CCCCC2)CC1
C1CCC(CC2CCC(CC3CCCCC3)CC2)CC1
C1CCC(CC2CCCC(CCC3CCCCC3C3CCC4CCCC4C3)C2)CC1
C1CCC(CC2CCC(CCC3CCCC3)CC2)CC1
C1CCC(CC2CC(CCCC3CCC(C4CCCCC4)CC3)C3CCCCC23)CC1
C1CCC(C2CCC(C3CCCCC3)CC2)CC1
C1CCC(CCC2CC(C3CCCCC3)C3CC(C4CC5CCCCC5C4)CCC23)CC1
C1CCC(CC2CCCC(CC3CCCCC3)C2)CC1
C1CCC(CCC2CCCCC2C2CCC(CC3CCCCC3)CC2)CC1
C1CCC(CC2CCCCC2C2CCC(C3CCCCC3)C2CCCC2CC3CCCCC3C2)CC1
C1CCC(C2CCC(CC3CC4CCCCC4C3)CC2)CC1
C1CCC(CCC2CCCC(CC3CCCC(CC4CCCCC4)C3)C2)CC1
C1CCC(C2CCCCC2C2CCC3CCCC3C2)CC1
C1CCC(CCC2CCCCC2CC2CCCCC2)CC1
C1CCC(C2CCCCC2)CC1
C1CCC(C2CCCC(C3CC(C4CCCCC4)CC4CCCCC43)C2)CC1
C1CCC(C2CCCC(C3CCC(C4CC4)CC3C3CCCC3)C2)CC1
C1CCC(C2CCCCC2C2CCCC(CCC3CC4CCCCC4C3)C2)CC1
C1CCC(CCCC2CCCC(C3CCC(C4CCCCC4)CC3)C2)CC1
C1CCC(CC2CC(C3CCCCC3)CC(C3CCCC3)C2)CC1
C1CCC(C2CCC(CCC3CCCC(C4CCCCC4)C3)CC2)CC1
C1CCC(CCC2CCCC(CCCCC3CCC(C4CCCCC4)CC3)C2)CC1
C1CCC(CC2CCC(C3CCCCC3)CC2)CC1
C1CCC(CC2CC(C3CCC(C4CCCC4)CC3CC3CCCC3)C3CCCCC23)CC1
C1CCC(CCC2CCC(C3CCCCC3C3CCCC3)CC2)CC1
C1CCC(C(CC2CCCC(C3CCC4CCCC4C3)C2)C2CCCCC2)CC1
C1CCC(C2CCC(CC3CCC(C4CCCC(CCC5CCCC5)C4)CC3)CC2)CC1
C1CCC(CCCCC2CCC(CC3CCC4CCCCC4C3)CC2)CC1
C1CCC(CCC2CCC(CC3CCCC(C4CCCCC4)C3)CC2)CC1
C1CCC(CC2CC(CC3CCCCC3)C3CCCCC23)CC1
C1CCC(C2CCC(C3CCC(C4CCC4)CC3)CC2)C1
C1CCC(CCC2CCCC(C3CCCCC3)C2)CC1
C1CCC(C2CCCC(C3CCC(C4CCCC(CCC5CC5)C4)CC3)C2)CC1
C1CCC(C2CCCCC2C2CCCCC2C2CC3CCCCC3C2)CC1
C1CCC(CCCC2CCC(CC3CCC(C4CCC5CCCCC5C4)C3)CC2)CC1
C1CCC(CC2CC3CCC(C4CCCCC4)CC3C(C3CCC(C4CCCCC4)C3)C2)CC1
C1CCC(CC2CCC(CC3CCCCC3)CC2)CC1
C1CCC(CCCC2CCC(CCC3CCCC(CC4CCCCC4)C3)CC2)CC1
C1CCC(CCCC2CCC(C3CCCCC3)CC2)CC1
C1CCC(CC2CCC(C3CCC(C4CCC(C5CCCCC5CC5CCCCC5)C(CC5CCC5)C4)C3)CC2)CC1
C1CCC(CC2CCCC(C3CC4CCC(C5CCCCC5)CC4C(C4CCCCC4)C3)C2)CC1
C1CCC(CCCCC2CCCC(C3CCCCC3CC3CCCCC3)C2)CC1
C1CCC(C2CCCC(C3CCCCC3)C2)CC1
C1CCC(CC2CCCC(CC3CCCCC3C3CCCCC3)C2)CC1
C1CCC(C2CCCCC2CCCC2CCCC(C3CCCCC3C3CCC3)C2)CC1
C1CCC(C2CCCC(CC3CC4CCCCC4C3)C2)CC1
C1CCC(C2CC(C3CCCC3)CC(C3CCCC(CCC4CCC(C5CCCC5)CC4)C3)C2)CC1
C1CCC(CC2CCCCC2CCC2CCC3CCCCC32)CC1
C1CCC(C2CC3CCCCC3C(C3CCCCC3)C2)CC1
C1CCC(CCCC2CCC(C3CCCC(CC4CCCCC4)C3)CC2)CC1
C1CCC(C2CCCCC2C2CCC(C3CCCC(C4CCC5CCCCC54)C3)CC2)C1
C1CCC(CC2CCCCC2C2CCC(C3CCCCC3)CC2)CC1
C1CCC(C2CCCC(C3CCC(C4CC5CCCCC5C4)CC3C3CCCCC3)C2)CC1
C1CCC(CCC2CC(CCC3CCCCC3)CC(C3CCCCC3)C2)CC1
C1CCC(C2CCC3C(CCC3C3CCCC(C4CCCC4)C3)C2)CC1
C1CCC(C2CCCCC2C2CCC3CCCC3C2)CC1
C1CCC(CC2CCC(C3CCCCC3)CC2)CC1
C1CCC(CCC2CCC(CC3CCCCC3C3CCCCC3)CC2)CC1
C1CCC(CC2CCC(CC3CCC(C4CCCCC4)CC3)CC2)CC1
C1CCC(CC2CCCCC2C2CCC(CC3CCCC3)CC2)CC1
C1CCC(CCC2CCC(CC3CCC(C4CCCC(C5CCCC5)C4)CC3)CC2)CC1
C1CCC(CCC2CCCCC2CCC2CCCCC2C2CCCCC2)CC1
C1CCC(CCCC2CC(CC3CCC(CC4CCCCC4)CC3)CCC2C2CCC2)CC1
C1CCC(CCC2CCCC(CC3CCC(CC4CCCCC4)CC3)C2)CC1
C1CCC(CC2CCCC(C3CCC(C4CCC5CCCCC54)CC3)C2)CC1
C1CCC(C2CCC(CC3CCCCC3C3CCCCC3C3CCCC3)CC2)CC1
C1CCC(CCCCC2CCC(C3CC(CCC4CCCCC4)C4CCCCC43)CC2)CC1
C1CCC(C2CCC(CC3CCCC(C4CCCC5CC(C6CCCCC6)CCC54)C3)CC2)CC1
C1CCC(CCC2CCCC(C(C3CCCCC3)C3CCCCC3)C2)CC1
C1CCC(CCCCC2CCCC(CC3CC4CCCCC4C3)C2)CC1
C1CCC(C2CCC(C3CCCCC3C3CCCC(C4CCCC4)C3)CC2)CC1
C1CCC(CC2CCC(CC3CCC(C4CCCC4)CC3)CC2)CC1
C1CCC(CCC2CCCC(C3CCCC(C4CCCCC4)C3)C2)CC1
C1CCC(CCCCCC2CCC(C3CCCCC3)CC2C2CCCC2)CC1
C1CCC(CCC2CC(CC3CCCCC3)CCC2CCC2CCCC2)CC1
C1CCC(CC2CCC(CC3CCCCC3)CC2)CC1
C1CCC(CCCCCC2CCC(CCC3CCCCC3)CC2)CC1
C1CCC(CCC2CCCC(CC3CCC(C4CCCCC4)CC3)C2)CC1
C1CCC(CC2CCC(C3CCCCC3)CC2)CC1
C1CCC(CC2CCC(C3CC3)CC2C2CCC3CCCC3C2)CC1
C1CCC(C2CCCC3CCC(C4CCCCC4CC4CCCC4)CC32)CC1
C1CCC(CCC2CCC(C3CCC4CCC(C5CCCCC5)CC4C3)CC2)CC1
C1CCC(C2CCCC(C3CCCC(CCC4CCC5CC(C6CCCCC6)CCC45)C3)C2)CC1
C1CCC(CCC2CCC(C3CCCCC3)CC2)CC1
C1CCC(CC2CCC(CCC3CCC(C4CCC(CC5CCCCC5)CC4)CC3)CC2)CC1
C1CCC(CC2CCC(CCC3CCCC(C4CCCC4)C3)CC2)CC1
C1CCC(C2CCCCC2)CC1
C1CCC(CCCC2CCC(CC3CCC(CCC4CCCCC4)CC3)CC2)CC1
C1CCC(CCCCC2CCC(C3CC4CCCCC4C3)CC2)CC1
C1CCC2C(C1)CCCC2C1CCC(CC2CCC(CCC3CC3)CC2)CC1
C1CCC(CCC2CCC(CCCC3CCCC(C4CCCCC4)C3)CC2)CC1
C1CCC(CC2CCC(CC3CCCC(CC4CCCCC4)C3)CC2)CC1
C1CCC(C2CCC(CCC3CCCCC3C3CCCC3)CC2)CC1
C1CCC(C2CCCC(C3CCCCC3)C2)CC1
C1CCC(CCCCCC2CCC(CC3CCCCC3)CC2)CC1
C1CCC(CCC2CCC(CC3CCC(CC4CCCCC4)CC3)CC2)CC1
C1CCC(C2CCC(CCC3CCCC(CCC4CCC(C5CCCCC5)CC4)C3)CC2)CC1
C1CCC(C2CCCC(C3CCC(C4CCC(CCC5CC5)CC4)CC3)C2)CC1
C1CCC(C2CCCC(C3CC(CC4CCC4)CC(C4CCCCC4)C3)C2)CC1
C1CCC(C2CCCCC2CC2CCCCC2C2CCCC2)CC1
C1CCC(CC2CCC(CC3CCCCC3)CC2)CC1
C1CCC(CC2CCCCC2C2CCC(CC3CCC4CCCCC4C3)CC2)CC1
C1CCC(C2CCC3CCCCC3C2)CC1
C1CCC(C2CC3CCCCC3C(C3CCCCC3)C2)CC1
C1CCC(CCC2CCC(C3CCCC(C4CCC5CCCCC5C4)C3)CC2)CC1
C1CCC(C2CCCC(C3CCC(C4CCCCC4C4CCCCC4)C3C3CCCCC3)C2)CC1
C1CCC(CCC2CCC(CCC3CCCC(C4CCCCC4C4CCCCC4)C3)CC2)CC1
C1CCC(CCC2CCC(C3CCCC(C4CCCC4)C3)CC2)CC1
C1CCC(CC2CCC(CC3CCCCC3)CC2)CC1
C(CCC1CCCCC1C1CC1)CC1CCC(CC2CCC(CC3CC4CCCCC4C3)CC2)CC1
C1CCC(CC2CCC(C3CCCCC3)C(C3CCCCC3)C2)CC1
C1CCC(CC2CCCC(C3CCC3)C2)C(CCCC2CC3CCCCC3C2)C1
C1CCC(CC2CC(C3CCCCC3C3CCCCC3)C3CCCCC23)CC1
C1CCC(CC2CCC(C3CCCC3)CC2)CC1
C1CCC(C2CCC(CC3CCCCC3C3CCC(C4CCCC4)CC3)CC2)CC1
C1CCC(CC2CCC(CC3CCC(CC4CCCCC4)CC3)CC2)CC1
C1CCC(CC2CCCC(CC3CCC(CCCC4CCCC(C5CCCCC5)C4)CC3)C2)CC1
C1CCC(C2CCC(CC3CCCC(C4CCCC(C5CCCC5)C4)C3)CC2)CC1
C1CCC(CC2CCC(CC3CCCCC3)CC2)CC1
C1CCC(CC2CCC3C(C2)CC(C2CCCCC2)CC3C2CCC(CCCC3CCCC(C4CCCC4)C3)CC2)CC1
C1CCC(C2CCCCC2C2CCCC3CCCCC32)CC1
C1CCC(CC2CCC(C3CCCCC3C3CCC4CCCCC4C3)CC2)CC1
C1CCC(CC2CCCCC2C2CCC3C(CCCC3C3CCCCC3)C2)CC1
C1CCC(CC2CCC(CCC3CCC4CCCCC43)CC2)CC1
C1CCC(C2CCCC(C3CCCCC3C3CCCCC3)C2)CC1
C1CC2CCC(C3CCCCC3C3CCC4CCCC4C3)CC2C1
C1CCC(CCC2CCCC(C3CCCCC3)C2)CC1
C1CCC(CC2CCCC3CCC(C4CC5CCCCC5C(C5CCCCC5)C4)C32)CC1
C1CC(CC2CC(C3CCC(C4CC5CCCCC5C4)C3)CCC2C2CCCCC2C2CCCC2)C1
C1CCC(CCC2CCCCC2CC2CCC(C3CCCCC3)CC2)CC1
C1CCC(C2CCCCC2C2CCCCC2C2CCCC2)CC1
C1CCC(CC2CCCC(C3CCCCC3)C2)CC1
C1CCC(CC2CCC(CCC3CCC(CC4CC4)CC3)CC2)CC1
C1CCC(C2CCCC(CCC3CCCCC3C3CCCCC3)C2)CC1
C1CCC(CC2CCCCC2CC2CCC3CCC(C4CCCCC4)C3C2)CC1
C1CCC(CCC2CC(CC3CCCCC3)C3CCC(CC4CCCCC4)CC23)CC1
C1CCC(CC2CCC(C3CCCC(CC4CCCCC4)C3)CC2)CC1
C1CCC(CC2CCCC(C3CCC(C4CCCC(CC5CC5)C4)CC3)C2)CC1
C1CCC(CC2CCCCC2C2CCC(C3CCC4CCCCC43)CC2)CC1
C1CCC(C2CCCCC2CC2CCC(CC3CCCC3)CC2)CC1
C1CCC(CC2CCCC(C3CC(CC4CCCCC4)C(C4CCCCC4)C4CCCC34)C2)CC1
C1CCC(CC2CCC3CC(C4CCCC(CC(C5CC5)C5CC5)C4)CCC3C2)CC1
C1CCC(CC2CCCC(C3CCCC(CC4CCCC(C5CCCCC5)C4)C3)C2)CC1
C1CCC(CC2CCC(C3CCCC(CC4CCCCC4)C3)CC2)CC1
C1CCC(CC2CCCCC2C2CCCCC2CC2CCCCC2)CC1
C1CCC(CC2CCC(C3CCCCC3)C(C3CCCCC3)C2)CC1
C1CCC(C2CCCC2CC2CCC3CCC(C4CCCCC4)C3C2)CC1
C1CCC(CCCCCC2CCC3CC(C4CCC5CCCCC54)CCC3C2)CC1
C1CCC(C2CCCC(C3CCCCC3)C2)CC1
C1CCC(CCCC2CCCC(CCC3CCCCC3)C2)CC1
C1CCC(CCCC2CCCC(C3CCCCC3)C2)CC1
C1CCC(CCCCC2CCC(CC3CCCCC3CC3CC4CCCCC4C3)CC2)CC1
C1CCC(CC2CCC(CC3CCC(CC4CCCCC4)CC3)CC2)CC1
C1CCC(C(CCC2CC3CCCCC3C2)C2CCCCC2)CC1
C1CCC(C2CCC(C3CCCC(C4CCC(C5CC6CCCCC6C5)CC4)C3)CC2)C1
C1CCC(CCC2CCCCC2C2CCCC(C3CC3)C2)CC1
C1CCC(CCC2CCC(CC3CC3)CC2C2CCCCC2)CC1
C1CCC(C2CCCCC2)CC1
C1CCC(C2CCCC(C3CC(CC4CCC4)CC(C4CCCCC4)C3)C2)CC1
C1CCC(C2CCCC(C3CCC(CCCC4CC4)CC3)C2)CC1
C1CCC(CCC2CCCC(C3CC4CCCCC4C3)C2)C1
C1CCC(CC2CCCC(C3CCCCC3)C2)CC1
C1CCC(CC2CC(CCCCCC3CCCC(C4CCCCC4)C3)C3CCC(C4CC4)CC23)CC1
C1CCC(CC2CCC(C3CCCCC3CC3CCC(C4CCCCC4)CC3)CC2)CC1
C1CCC(CCC2CCC(CC3CCC(CC4CCCCC4)CC3)CC2)CC1
C1CCC(CC2CCC(C3CCCCC3C3CC3)CC2)CC1
C1CCC(CCC2CCC(C3CCCC3)CC2)CC1
C1CCC(CC2CCCC(CC3CCCC(C4CCC4)C3)C2)C1
C1CCC(C2CCCCC2C2CCCC(C3CCCC3)C2)CC1
C1CCC(C2CCCC(CCC3CCC(C4CCCC4)C3)C2)CC1
C1CCC(CCCC2CCCC(C3CCC(CC4CCCC4)CC3)C2)CC1
C1CCC(C2CCCC(CCCC3CCC(C4CCC(C5CC5)CC4)CC3)C2)CC1
C1CCC(CC2CCC(C3CCC(CC4CCCCC4)CC3)CC2)CC1
C1CCC(C2CCC(CC3CCCC3)CC2C2CCCCC2)CC1
C1CCC(CC2CCCCC2C2CCCC(C3CCCC3)C2)CC1
C1CCC(CCCCC2CCCC(C3CCCCC3)C2)CC1
C1CCC(C2CCCCC2C2CCC3C(CCCC3C3CCCCC3)C2)CC1
C1CCC(C2CCC(CC3CCCCC3CCC3CC3)CC2)CC1
C1CCC(CCCCCC(C2CCCC(C3CCC3)C2)C2CCCCC2C2CCCCC2)CC1
C1CCC(CC2CCCC(C3CCCC(CCC4CCCC4)C3)C2)CC1
C1CCC(C2CCCC(CC3CCCCC3CCCC3CC3)C2)CC1
C1CCC(CCCC2CCC(CC3CCC(C4CCCCC4)CC3)CC2)CC1
C1CCC(C2CCCCC2)CC1
C1CCC(C2CCC(C3CCCC(C4CCCCC4)C3)CC2)CC1
C1CCC(C2CCC3CC(C4CCC5CCCCC54)CC(C4CCC5CCCC5C4)C3C2)CC1
C1CCC(CCC2CCC(CC3CCC(CCC4CCCC(C5CCCCC5)C4)CC3)CC2)CC1
C1CCC(CC2CCCCC2C2C(C3CCCCC3)CCCC2C2CCCC(C3CCCC3)C2)CC1
C1CCC(CC2CCCC(C3CCCCC3C3CCCCC3C3CCCC3)C2)C1
C1CCC(C2CCCCC2CC2CCCC2)CC1
C1CCC(C2CCCC(C3CCCCC3)C2)CC1
C1CCC(CCC2CCCCC2)CC1
C1CCC(CC2CCC(CC3CCC4C(CCC5CCCCC54)C3)CC2)CC1
C1CCC(CC2CCC(C3CCCC(CC4CC5CCCCC54)C3)CC2)CC1
C1CCC(CC2CCCCC2C2CCC3CCC(C4CCCCC4)CC3C2)CC1
C1CCC(CCCC2CCCC(C3CCCCC3)C2)CC1
C1CCC(C2CCC(CCCCC3CC4CCCCC4C3)CC2)CC1
C1CCC(CC2CCC(C3CCCCC3C3CCCC3)CC2)CC1
C1CCC(CC2CCCC(C(C3CC3)C3CCCC(C4CCCCC4)C3)C2)CC1
C1CCC(C2CC(CCCC3CC4CCCCC4C3)CC3CCCCC32)CC1
C1CCC(C2CCCC(C3CCCC4CCCCC43)C2)CC1
C1CCC(CC2CCCC(C3CC(C4CCCCC4)CC(C4CC5CCCCC5C4)C3)C2)CC1
C1CCC(CC2CCCC(CCC3CCC(C4CCCCC4)C(C4CCCCC4)C3)C2)CC1
C1CCC(CC2CCCC(C3CCCCC3CC3CCCCC3)C2)CC1
C1CCC(CC2CCC(C3CCC(C4CC4)CC3)CC2)CC1
C1CCC(CC2CCCCC2C2CCC(C3CCCC3)CC2)CC1
C1CCC(CCC2CC(C3CCCCC3)CCC2CCC2CCC(CC3CCCCC3)CC2)CC1
C1CCC(CCCCC2CCCC(C3CCCCC3)C2)CC1
C1CCC(CC2CCC(C3CCCCC3C3CCCC3)CC2)CC1
C1CCC(C2CCC(CC3CCCC(C4CCCCC4)C3)CC2)CC1
C1CCC(CC2CCCC(CC3CCCC(C4CCCCC4)C3)C2)CC1
C1CCC(C2CCC(C3CCCC(C4CCCC(C5CCCC5)C4)C3)CC2)CC1
C1CCC(CC2CCC(C3CCCCC3C3CCC(C4CCCCC4)CC3)CC2)CC1
C1CCC(CCC2CCCCC2C2CCCCC2)CC1
C1CCC(C2CCC(CCCC3CCCC(CC4CCCC4)C3)CC2)CC1
C1CCC(CC2CCC(CC3CCC(CC4CCCCC4)CC3)CC2)CC1
C1CCC(C2CCCC3CCC(C4CCC(CCC5CC5)CC4)CC32)CC1
C1CCC(C2CCC(CC3CCCC3)CC2)CC1
C1CCC(C2CCCC(CCCCC3CCCCC3C3CCCC(C4CCCCC4)C3)C2)CC1
C1CCC(CCCCC2CCC(CC3CCC(CCC4CCCC4)CC3)CC2)CC1
C1CCC(CCC2CCC(C3CC(C4CCCCC4)C4CCCCC34)CC2)CC1
C(CCCC1CCC2CCCCC12)CCC1CCCC(CC2CCC3CCCCC32)C1
C1CCC(CCCC2CC(C3CCCCC3C3CCCCC3)C3CCCCC23)CC1
C1CCC(C2CCCC(C3CCC(CC4CCCCC4C4CCCCC4)CC3)C2)CC1
C1CCC(C2CCCCC2C2CCC(C3CCCC3)CC2)CC1
C1CCC(CC2CCCC(C3CCCCC3C3CCCCC3CC3CCCCC3)C2)CC1
C1CCC(CC2CCC(CC3CCC(CCC4CCCC4)CC3)CC2)CC1
C1CCC(CCC2CC(CC3CCC(CC4CCCCC4)CC3)C3CCCCC23)CC1
C1CCC(CCCCC2CCC(CCC3CCCCC3)CC2)CC1
C1CCC(CCC2CCCC(C3CCCC(CCC4CCCCC4)C3)C2)CC1
C1CCC(CC2CCC(CC3CCCCC3)CC2)CC1
C1CCC(CCCC2CCCC(CCC3CCCCC3)C2)CC1
C1CCC(CCCCC2CC(C3CCC4CCCC4C3)CCC2CCC2CCCCC2)CC1
C1CCC(CC2CC(C3CCC(C4CC4)CC3)C3CCCCC23)CC1
C1CCC(CCC2CCC(C3CCCC3)CC2)CC1
C1CCC(CC2CCCC(C3CCCCC3)C2)CC1
C1CCC(CC2CCC(C3CCC(CC4CCC(CC5CC6CCCCC6C5)CC4)CC3)CC2)CC1
C1CCC(CC2CCCC(C3CC(C4CCCCC4)CCC3CC3CCCCC3)C2)CC1
C1CCC(CC2CCCC(CCC3CC(CC4CCCCC4)C4CCCCC34)C2)CC1
C1CCC(CC2CCC(C3CCC(C4CCCCC4C4CCCCC4)C3)CC2)CC1
C1CCC(CC2CCC(CC3CCCCC3C3CCC4CCCC4C3)C2)CC1
C1CCC(C2CC(C3CCC4CCCCC43)CC3CCC(CC4CCC(CCC5CCCC5)CC4)CC32)CC1
C1CCC(CC2CCC(CC3CCCCC3)CC2)CC1
C(CC1CCC(CC2CCC(CC3CCCC3)CC2)CC1)CC1CCC(C2CCC(CCC3CC3)CC2)CC1
C1CCC(C2CCCC(C3CCC(C4CCC(CCCC5CCC6CCCC6C5)CC4)CC3)C2)CC1
C1CCC(CCC2CCCC(CC3CCC(C4CCCC4)CC3)C2)CC1
C1CCC(CC2CCC(CC3CCC(C4CCCC(CC5CCCCC5)C4)CC3)CC2)CC1
C1CCC(CCC2CCC(CC3CCC(C4CCCC(C5CCCC5)C4)CC3)CC2)C1
C1CCC(CCC2CCC(C3CCCC(C4CCC(C5CCCC5)C4)C3)CC2)CC1
C1CCC(CCCC2CCC(CC3CCC(CCC4CCCC(C5CCC5)C4)CC3)CC2)CC1
C1CCC(CC2CCC(C3CCCCC3)CC2CC2CCCCC2)CC1
C1CCC(CCC2CCCC(C3CCCCC3)C2)CC1
C1CCC(C2CCC(C3CCCC(CCC4CCCC4)C3)CC2)CC1
C1CCC(CC2CCC(CC3CCCCC3)CC2)CC1
C1CCC(CC(C2CCC(C3CCCCC3C3CCCCC3)CC2)C2CCCC(C3CCCC3)C2)CC1
C1CCC2C(C1)CCC2C1CC2CCCCC2C(C2CCCC2)C1
C1CCC(CC2CCCCC2C2CCC(C3CCCCC3)CC2CC2CCC2)CC1
C1CCC(CC2CCCCC2C2CCCCC2)CC1
C1CCC(CCCC2CC(CC3CCCCC3)C3CCCCC23)CC1
C1CCC(CC2CCCCC2C2CCCCC2)CC1
C1CCC(CCC2CC(C3CCCCC3)CC(C3CCCC(CC4CCCCC4)C3)C2)CC1
C1CCC(CC2CCCC(C3CCC(C4CCCCC4CC4CCCCC4)CC3)C2)CC1
C1CCC(CCC2CCCCC2)CC1
C1CCC(CCCCCC2CCC(CC3CCC(C4CCCCC4)CC3)CC2)CC1
C1CCC(CC2CCCC(CCC3CCC(CCC4CCC5CCCC5C4)CC3)C2)C1
C1CCC(C2CCC(CCC3CCC4CC(C5CCC6CCCCC65)CC(C5CCCCC5)C4C3)CC2)CC1
C1CCC(C2CCC(CC3CCCC(C4CCC(C5CCCC5)CC4)C3)CC2)CC1
C1CCC(CC2CCC(CC3CCCCC3)CC2)CC1
C1CCC(C2CCCC(C3CCCC(CC4CC(C5CCCCC5)C5CCCCC45)C3)C2)CC1
C1CCC(CC2CC(CC3CCCCC3)C3CCCCC23)CC1
C1CCC(C2CCC(CCCC3CCCC(CC4CCC(CC5CCC5)CC4)C3)CC2)CC1
C1CCC(CC2CCC(CCC3CCC(CC4CCCCC4C4CCCCC4)CC3)CC2)CC1
C1CCC(CCC2CC(CC3CCCCC3)CCC2C2CCCC(C3CCCC3)C2)CC1
C1CCC(CC2CCCC(CC3CCCCC3C3CCCCC3)C2)CC1
C1CCC(C2CCCCC2)CC1
C1CCC(C2CCCC(CCC3CCCCC3C3CCCC3)C2)CC1
C1CCC(CC2CCC(C3CCC(CC4CCCCC4)CC3)CC2)CC1
C1CCC(CC2CCCC(C3CCC(CC4CCC(C5CC5)CC4)CC3)C2)CC1
C(CCCCC1CCC(CC2CCCCC2)CC1)CCCC1CCCCC1
C1CCC(CCC2CCC(C3CCC(C4CCCC4)CC3)CC2)CC1
C1CCC(CCCC2CCC(C3CCCCC3)C(C3CCCC3)C2)CC1
C1CCC(CCCC2CCCC(C3CCC(C4CCCC(CC5CC6CCCCC6C5)C4)CC3)C2)CC1
C1CCC(CC2CCC(CC3CCC(CC4CCCC(C5CCCC5)C4)CC3)CC2)CC1
C1CCC(CCCC2CCCCC2C2CCC(CC3CCCCC3)CC2)CC1
C1CCC(CC2CCC(CC3CCC(C4CCC5CCCCC5C4)C3)CC2C2CCCC(C3CCCC3)C2)CC1
C1CCC(CC2CCC(CCCC3CCCC(C4CCCC4)C3)CC2C2CCCC2)CC1
C1CCC(C2CCC(CC3CCC(C4CCCC(CC5CCCC(C6CCCCC6)C5)C4)CC3)CC2)CC1
C1CCC(C2CCCC(CCC3CCC4CCCC4C3)C2)CC1
C1CCC(CCCC2CCCCC2CC(CC2CCCCC2)C2CCCCC2)CC1
C1CCC(C2CCCC(CC3CCC(C4CCCCC4)C3)C2)CC1
C1CCC(CCC2CC(CC3CCCC(C4CCCCC4)C3)C3CCCCC23)CC1
C1CCC(CC2CCCC(CC3CC(CC4CCCC4)C4CCCCC34)C2)CC1
C1CCC(CCCCCC2CCCCC2C2CCCCC2)CC1
C1CCC(CC2CC(C3CCCCC3)C3CCCCC23)CC1
C1CCC(CC2CCCC(C3CCC3)C2)CC1
C1CCC(CC2CCC3CCCC(CC4CCCCC4)C3C2)CC1
C1CCC(C2CCC(CCCC3CCC4CCCC4C3)CC2)CC1
C1CCC(CCC2CCCC(C3CCC(C4CCCCC4)CC3)C2)CC1
C1CCC(CCC2CCCC(CC3CCCCC3)C2)CC1
C1CCC(CC2CCCCC2C2CCC(C3CCCCC3)CC2)CC1
C1CCC(C2CCCC(C3CCCC(C4CCCCC4C4CCCCC4)C3)C2)CC1
C(CCCC1CCCCC1)CCCC1CC(C2CCCCC2)CC(C2CCCCC2)C1
C1CCC(CC2CCC(CC3CC(C4CC5CCCCC5C4)CCC3C3CCCCC3)CC2)CC1
C1CCC(CC2CCC(C3CCCC3CC3CCCCC3)CC2)CC1
C1CCC(C2CCC(CC3CCC(CCC4CC5CCCCC5C4)CC3)CC2)CC1
C1CCC(CCC2CCCC(CCC3CCCC3)C2)CC1
C1CCC(CCCC2CCCC(C3CCCC(CC4CCCCC4)C3)C2)CC1
C1CCC(CC2CCC(CC3CCCCC3C3CCC(C4CCCC4)CC3)CC2)CC1
C1CCC2CC(CC3CCC(CC4CCC(C5CCCCC5CCC5CC5)CC4)CC3)CC2C1
C1CCC(CC2CCCC(C(C3CCCCC3)C3CCCC(C4CCC4)C3)C2)CC1
C1CCC(CCC2CCCC(C3CCCCC3)C2)CC1
C1CCC(C2CCC(C3CCCC(C4CCCCC4)C3)CC2)CC1
C1CCC(CCC2CCCC(C3CCCCC3CC3CCCCC3)C2CCC2CCCCC2)CC1
C1CCC(CC2CCC(C3CCCCC3)CC2)CC1
C1CCC(CC2CCCC(C3CCCCC3)C2)CC1
C1CCC(CC2CCCCC2C2CCC(C3CCCCC3)CC2)CC1
C1CCC(CCC2CCCC(C3CCCCC3)C2)CC1
C1CCC(C2CCC(CCC3CC4CCCCC4C3)CC2)CC1
C1CCC(CC2CCCCC2)CC1
C1CCC(CC2CC(C3CCCCC3)CC(C3CCCC3)C2)CC1
C1CCC(C2CCC(C3CCC(C4CCCC4)CC3)CC2C2CCCCC2)CC1
C1CCC(CCC2CCCCC2C2CCCC(C3CCCCC3)C2)CC1
C1CCC(CC2CCCC(C3CCCCC3)C2)CC1
C1CCC(CCCCCC2CCCC(CC3CCC4CCCCC4C3)C2)CC1
C1CCC(CC2C(C3CCCCC3C3CCCC3)CCC(C3CCCCC3)C2C2CCCCC2)CC1
C1CCC(C2CCCC(CC3CCCC(C4CCCC4)C3)C2)CC1
C1CCC(C2CCC(CCCC3CCC4CCCCC43)CC2CC2CCCC2)CC1
C1CCC(C2CCCCC2)CC1
C1CCC(CCC2CCC(CCCC3CCCC(CCC4CC4)C3)CC2)CC1
C1CCC(C2CCCC(CC3CC(C4CCCCC4)CC(C4CC4)C3)C2)CC1
C1CCC(CC2CCC(CC3CCC(CC4CC4)CC3)CC2)CC1
C1CCC(CC2CCC(CC3CCCC(CC4CCCCC4)C3)CC2)CC1
C1CCC(CC2CCCC(C3CCCCC3)C2)CC1
C1CCC(C2CCC3CCCCC3C2)CC1
C1CCC(C2CCC(C3CCCCC3)C(C3CC4CCCCC4C3)C2)CC1
C1CCC(CC2CCC(CC3CCC(CC4CCC(C5CCCCC5)CC4)CC3)CC2)CC1
C1CCC(CCC2CCC(CCC3CCCCC3C3CCCCC3)CC2)CC1
C1CCC(CCC2CCCCC2)CC1
C1CCC(CCC2CC(CC3CCCCC3)CC(C3CCC(CC4CCCCC4)CC3)C2)CC1
C1CCC(CC2CCCC(C3CCC4C(CC5CCCCC5)CCCC4C3)C2)CC1
C1CCC(C2CCCC(CC3CCCC(C4CCCC(C5CCCCC5)C4)C3)C2)CC1
C1CCC(CCC2CCC(CC3CCCCC3)CC2)CC1
C1CCC(CC2CC(CC3CCC(C4CCCCC4)CC3)C3CCCCC23)CC1
C1CCC(CC2CCC(C3CC(CC4CCCCC4)C4CCCCC43)CC2)CC1
C1CCC(CCC2CC(C3CCC(CC4CCCCC4)CC3)C3CCCCC23)CC1
C1CCC(CCCC2CC(C3CCC(C4CC4)CC3)C3CCC(CC4CCCCC4)CC23)CC1
C1CCC(C2CCC(CCC3CCCCC3C3CCCCC3)CC2)CC1
C1CCC(C2CCCC(C3CCCC4CCCCC43)C2)CC1
C1CCC(C2CCC(CCC3CCCC(C4CCCC4)C3)CC2)CC1
C1CCC(CCC2CCCC(CCC3CCCC(C4CCCCC4)C3)C2)CC1
C1CCC(CC2CCC(CCC3CCC(C4CCCCC4)CC3)CC2)CC1
C1CCC(CC2CCC(C3CCCC(CC4CCC5CCCCC54)C3)CC2)CC1
C1CCC(CC2CCC3CCC(CCC4CC5CCCCC5C4)C3C2)CC1
C1CCC(CC2CC(C3CCC4CCCCC4C3)C3CC(C4CCC4)CCC23)CC1
C1CCC(CC2CCC(CCCC3CCCCC3C3CCCC3)CC2)CC1
C1CCC(CCCC2CCC(C3CCCCC3)CC2)CC1
C1CCC(CCC2CCC(CC3CCCCC3)CC2)CC1
C1CCC(C2CCC(CC3CCC(C4CCCC(CC5CC5)C4)CC3)CC2)CC1
C1CCC(C2CCC(C3CCC(C4CCCCC4)CC3)CC2)CC1
C1CCC(CC2CCCC(C3CCC(C4CCCC4)CC3)C2)CC1
C1CCC2CC(CC3CCCC(C4CCCC(C5CC5)C4)C3)CC2C1
C1CCC(CCC2CCCC(CCC3CCCCC3)C2)CC1
C1CCC(C2CCCC(C3CCCCC3)C2)CC1
C1CCC(CCCC2CCC(CCCC3CCC(C4CCCCC4)C3)CC2)CC1
C1CCC(CCC2CCC(C3CCC(C4CCC(CC5CCCCC5)CC4)CC3)CC2)CC1
C1CCC(C2CCC3C(C4CC4)CC(C4CCCCC4)C3C2)CC1
C1CCC(CC2CCC(CC3CCC(CC4CCCC5CCCCC54)CC3)C2)CC1
C1CCC(CC2CCC(CC3CCCCC3)CC2)CC1
C1CCC(C2CC3CCCCC3C(C3CCCCC3)C2)CC1
C1CCC(C2CCCCC2CC2CCC(CCC3CCC(C4CCCC4)CC3)CC2)CC1
C1CCC(CCC2CCC(C3CCCCC3)CC2C2CCCCC2)CC1
C1CCC(CCC2CCCC(C3CCCC(CC4CCCCC4)C3)C2)CC1
C1CCC(CCCC2CCC(C3CCC(CC4CCC(CC5CC6CCCCC6C5)CC4)CC3)CC2)CC1
C1CCC(CC2CCC(CC3CCCCC3)CC2)CC1
C1CCC(CC2CCCC(C3CCC(CCC4CCC5CCCC5C4)CC3)C2)CC1
C1CCC(CCCCC2CCC(CCC3CCCCC3)CC2)CC1
C1CC(C2CCCC(C3CCC(CC4CCCCC4C4CCC5CCCCC54)CC3)C2)C1
C1CCC(CC2CCC(C3CCCCC3)CC2)CC1
C1CCC(CCC2CCCCC2)CC1
C1CCC(CCC2CCC(CCC3CCCC(C4CCCCC4)C3)CC2)CC1
C1CCC(C2CCC(CCC3CC4CCCCC4C3)CC2)CC1
C1CCC(C2CCCC(C3CCCCC3)C2)CC1
C1CCC(CC2CCCCC2C2CCC(C3CCCCC3)C3CCCC32)CC1
C1CCC(C2CCCCC2)CC1
C1CCC(CC2CCC(CCC3CCCC(C4CCCC(C5CC5)C4)C3)CC2)CC1
C1CCC(CC2CCCC(CC3CCCC(CC4CCCCC4C4CCCCC4)C3)C2)CC1
C1CCC(C2CCCC(C3CCCC(CC4CCCC(C5CC5)C4)C3)C2)CC1
C1CCC(CC2CCC(C3CCCC(CC4CCCCC4)C3)CC2)CC1
C1CCC(CCCC2CCCCC2C2CCCCC2)CC1
C1CCC(CC2CCCC(C3CCCCC3)C2)CC1
C1CCC(CC2CCCC(CC3CCC(C4CCCCC4)CC3)C2)CC1
C(CCC1CCC(C2CCCCC2)CC1)CCC1CCCC(C2CCCCC2)C1
C1CCC(CC2CCCC(C3CC(CC4CCCCC4)CCC3C3CCCC3)C2)CC1
C1CCC(CC2CCCCC2C2CCCC(CC3CCCC(C4CC4)C3)C2)CC1
C1CCC(CC2CC3CCCCC3C(C3CCCCC3)C2)CC1
C1CCC(CCC2CCC(C3CCC(C4CCCCC4)CC3)CC2)CC1
C1CCC(C2CCCC(C3CCCC3CCC3CC4CCCCC4C3)C2)CC1
C1CCC(C2CC(C3CCCCC3)CC(C3CCC3)C2)CC1
C1CCC(C2CCC(C3CCCCC3CC3CCC(C4CCC4)CC3)C2)CC1
C1CCC(CC2CCC(CC3CCCCC3)CC2)CC1
C1CCC(C2CCC(CCC3CCCC(C4CCCCC4)C3)CC2)CC1
C1CCC(CCCC2CCC(C3CCCCC3)CC2)CC1
C1CCCCC1
C1CCC(CC2CCC(CC3CCCC(C4CCCCC4)C3)CC2)CC1
C1CCC(CCCC2CCC(CCC(CCCC3CCCCC3)CC3CCCCC3)CC2)CC1
C1CCC(CC2CCC(CCC3CCCCC3CC3CCCCC3)CC2)CC1
C1CCC(CCCCCC2CCC(C3CCCC3)C(C3CCCCC3)C2)CC1
C1CCC(CCC2CCC(CC3CCCC(C4CCCCC4CC4CCCCC4)C3)CC2)CC1
C1CCC(CCCC2CC(C3CC(CC4CCCCC4)C4CCCCC43)C3CCCCC23)CC1
C1CCC(CCC2CCC3CC(CC4CCC5CCCCC5C4)CC(C4CCCCC4)C3C2)CC1
C1CCC(CCC2CC(CC3CCCC(C4CCCCC4)C3)C3CCCCC23)CC1
C1CCC(CC2CCC(CCCC3CCCCC3C3CCCCC3)CC2)CC1
C1CCC(CCC2CCCC(C3CCCCC3)C2)CC1
C1CCC(CCCC2CCC(CC3CCCCC3)CC2)CC1
C1CCC(C2CCCCC2C2CCCCC2)CC1
C1CCC(CC2CCCCC2CC2CCCCC2C2CCC(C3CCCCC3)CC2C2CCC3CCCC3C2)CC1
C1CCC(C2CCCC(C3CCC(C4CCCC4)CC3)C2)CC1
C1CCC(CCCCC2CCC(CC3CCCCC3)CC2)CC1
C1CCC(CC2CCC(C3CCCC3)C2C2CCC3C(CCCC3C3CCCCC3)C2)CC1
C1CCC(CCC2CCCC(C3CCCC(CC4CCCCC4)C3)C2)CC1
C1CCC(CCC2CCC(C3CCC(CC4CCC(CC5CC6CCCCC6C5)CC4)CC3)C2)C1
C1CCC(CC2CCC(CC3CCC(C4CCCC5CCCCC54)C(C4CCCC4)C3)CC2)CC1
C1CCC(CC2CCC(C3CCCC(C4CCCCC4)C3)CC2)CC1
C1CCC(CC2CCC(C3CCCCC3)C(C3CCC4CCCC4C3)C2)CC1
C1CCC(C2CC(CC3CC3)CC(C3CC4CCCCC4C3)C2)CC1
C1CCC(CC2CCCCC2)CC1
C1CCC(CCC2CCC3CCC(CCC4CCCCC4C4CCCCC4)C3C2)CC1
C1CCC(C2CCC(CCC3CCCC(C4CCCC(C5CCCC5)C4)C3)CC2)CC1
C1CCC(CC2CCC(CCC3CCCC(C4CCC(C5CCCCC5)CC4)C3)CC2)CC1
C1CCC(CC2CCC(CC3CCC4CCCCC4C3)CC2C2CCCCC2)CC1
C1CCC(CC2CCCC(CCCC3CC(CC4CCCCC4)C4CCCCC34)C2)CC1
C1CCC(C2CCC(C3CC(C4CCCC4)CCC3C3CCCCC3)C2)CC1
C1CCC(CC2CCCC(CC3CCCC(C4CCCCC4)C3)C2)CC1
C1CCC2C(C1)CCC2C1CCC(C2CCCC3CCCCC32)C(C2CCCC2)C1
C1CCC(CCC2CCC(CCC3CCC(CC4CCCC4)CC3)CC2)CC1
C1CCC(CC2CCC(C3CCCC(CCC4CCCC(C5CCCC5)C4)C3)CC2)C1
C1CCC(CCC2CCCC(C3CC(CC4CCCCC4)C4CCCCC43)C2)CC1
C1CCC(CCC2CCCC(CCCC3CCC(C4CCC4)CC3)C2)CC1
C(CC1CCCC(CC2CC(C3CCCC3)C3CCCCC23)C1)CC1CCC2CCCC2C1
C1CCC(C2CCC3CC(C4CCCCC4C4CCC5CCCCC5C4)CCC32)CC1
C1CCC(CC2CCC3C(CC4CCC5CCCCC5C4)CC(C4CCCCC4)C3C2)CC1
C1CCC(C2CCC(CC3CCCC(C4CCCCC4)C3)CC2)CC1
C1CCC(CC2CCC(C3CCCCC3)CC2)CC1
C1CCC(CCC2CCCC(C3CCC(CC4CC4)CC3)C2)CC1
C1CCC(CC2CCC(C3CCCC(C4CCCCC4)C3)CC2)CC1
C1CCC(CC2CCC(CCC3CCC(CC4CCCCC4)CC3)CC2)CC1
C1CCC(CC2CCC3C(CC4CCCCC4)CC(CC4CCCCC4)C3C2)CC1
C1CCC(CCC2CCCC(C3CCCCC3)C2)CC1
C1CCC(C2CCCCC2C2CCCCC2)CC1
C1CCC(CC2CCC(CCCC3CCCC(C4CC4)C3)CC2)C1
C1CCC(CCCCC2CCC(C3CC(CC4CCCCC4)C4CCCCC43)CC2)CC1
C1CCC(CCCC2CCC(CC3CCCCC3)CC2)CC1
C1CCC(CCC2CCC(C3CCCCC3)CC2)CC1
C1CCC(CCC2CC(CC3CCCCC3)CCC2C2CCCCC2)CC1
C1CCC(CC2CCC(CCC3CCCC(C4CCCC4)C3)CC2)CC1
C1CCC(C2CCC(CC3CC(C4CCCCC4)C4CCCCC34)CC2)CC1
C1CCC(CC2CCCCC2C2CCC(C3CCC(C4CCC(C5CCCCC5)CC4)CC3)C2)CC1
C1CCC(CCC2CCC(C3CCCCC3)C(C3CCCCC3)C2)CC1
C1CCC(CCCC2CC(CC3CCCC(C4CCCCC4C4CCCCC4)C3)C3CCCCC23)CC1
C1CCC(CC2CCC(C3CCC(CC4CCCCC4)CC3)CC2)CC1
C1CCC(CC2CCCC(CC3CCCCC3)C2)CC1
C1CCC(C2CCC(CCCC3CC(C4CCCCC4)CC(C4CCC4)C3)CC2)CC1
C1CCC(C2CCCC(CCC3CCCCC3CCCC3CCC4CCCCC4C3)C2)CC1
C1CCC(CCCC2CCC(C3CCCCC3)CC2)CC1
C1CCC(C2CCC(C3CCC(C4CCCCC4)CC3C3CCCC3)CC2)CC1
C1CCC(CCCC2CCC(CC3CCC(C4CCCCC4)C3)CC2)CC1
C(CCC1CCC(CC2CC3CCCCC3C2)CC1)CCC1CCCC(C2CCCCC2)C1
C1CCC(CCC2CCCC(CC3CCCC(C4CCCC4)C3)C2)CC1
C1CCC(CCC2CCC(CC3CCCCC3CC3CCC(C4CCCCC4)CC3)CC2)CC1
C1CCC(CCC2CCC(CC3CCCCC3)CC2)CC1
C1CCCCC1
C1CCC(C2CC(C3CCC4CCCCC43)CCC2CC2CC2)CC1
C1CCC(CCC2CCC(C3CCCCC3)CC2C2CCC3CCCC3C2)CC1
C1CCC(CCCCC2CCC(CC3CCCCC3)CC2)CC1
C1CCC(C2CCCC(C3CC(C4CCC4)CCC3C3CCC3)C2)CC1
C1CCC(CCCC2CCC(CC3CCCCC3C3CCCCC3)CC2)CC1
C1CCC(CCCC2CCC3CC(C4CCCC4)CCC3C2)CC1
C1CCC(CC2CCC3C(CCCC3C3CCC(C4CCCCC4)CC3)C2)CC1
C1CCC(CC2CCCC(C3CCCCC3)C2)CC1
C1CCC(CC2CCCC(CC3CCCC(C4CCCC4)C3)C2)CC1
C1CCC(CC2CCC(CC3CCCCC3)C(C3CCCCC3)C2)CC1
C1CCC(CC2CCC(C3CCCCC3)C(CCC3CCCC(C4CCCCC4)C3)C2)CC1
C1CCC(CCCC2CCC(C3CCCCC3C3CCCCC3C3CCCC3)CC2)CC1
C1CCC(CC2CCCC(C3CCC(CC4CC5CCCCC5C4)CC3)C2)CC1
C1CCC(CC2CCC(CC3CCCCC3)CC2)CC1
C1CCC(CCCC2CCCCC2)CC1
C1CCC(CC2CCCCC2CCC2CCCC(CC3CC4CCCCC4C3)C2)CC1
C1CCC(C2CCCCC2)CC1
C1CCC(CCC2CCCC(C3CCCCC3CC3CCC4CCCCC43)C2)CC1
C1CCC(CC2CCC(CC3CCC(C4CCCCC4)CC3)CC2)CC1
C1CCC(C2CCCC(CCCCC3CCCCC3C3CCCC3)C2)CC1
C1CCC(CC2CCC(C3CCCCC3CC3CCCC(CC4CCCCC4)C3)CC2)CC1
C1CCC(C2CCC(C3CCC(CC4CCCCC4C4CCCC4)CC3)CC2)C1
C1CCC(CCCC2CCC(CCCC3CCCCC3CC3CCCCC3)CC2)CC1
C1CCC(CCCCCC2CCC(CC3CCCCC3)CC2)CC1
C1CCC(C2CCC3C(CCCC3C3CCCCC3)C2)CC1
C1CCC2CC(C3CCCC4CCCCC43)CC2C1
C1CCC(CCCCC2CCCC(CC3CCCC(CCC4CCCCC4)C3)C2)CC1
C1CCC(CC2CCCC(CCC3CCC(C4CCCCC4C4CCCCC4)CC3)C2)CC1
C1CCC(C2CCC(C3CCCC(CCC4CCCC4)C3)CC2)CC1
C1CCC(C2CC(C3CCC4CCCCC43)CC3CCCCC32)CC1
C1CCC(C2CCC(CCC3CCCCC3C3CCC3)CC2)CC1
C1CCC(CC2CCC(CC3CCCCC3C3CCCCC3C3CCCCC3)CC2)CC1
C1CCC(CC2CCCC(CC3CCCCC3)C2)CC1
C1CCC(CCC2CCC(C3CCCCC3)CC2)CC1
C1CCC(CCCC2CCC(CC3CCC4CCCCC4C3)CC2)CC1
C1CCC(C2CCCC(CCC3CCC4CCCCC43)C2)CC1
C1CCC(CC2CCC(CC3CCCC3)CC2)CC1
C1CCC(CC2CCC(C3CCC(C4CCCC4)CC3)C(CC3CCCCC3)C2)CC1
C1CCC(C2CCCC(CCC3CCC(C4CCC4)CC3)C2)CC1
C1CCC(CCC2CCC(C3CCCC4CC(C5CCCCC5C5CCCCC5)CCC43)CC2)CC1
C(CCCC1CCCC(C2CCCCC2)C1)CCC1CCCC1
C1CCC(CC2CC(CC3CCC(C4CCCC(C5CCCCC5)C4)CC3)C3CCCCC23)CC1
C1CCC(C2CCC(CC3CCC(CC4CCCC(C5CCCC5)C4)CC3)CC2)CC1
C1CCC(CC2CCCC(CCC3CCCC(CC4CC5CCCCC5C4)C3)C2)CC1
C1CCC(CCC2CCCCC2)CC1
C1CCC(CCCC2CCCC(C3CCCC(CC4CCCCC4)C3)C2)CC1
C1CCC(CCCC2CCCC(CC3CCC3)C2)CC1
C1CCC(CC2CCC(C3CCCC(CCCC4CCCC(C5CCC5)C4)C3)CC2)CC1
C1CCC(CCCCC2CCC(C3CCCCC3)CC2)CC1
C1CCC(CC2CCCCC2CC2CCCC(C3CCCC(C4CCCC(C5CCCC5)C4)C3)C2)CC1
C1CCC(CCC2CC(CC3CCCCC3)CCC2C2CCCCC2)CC1
C1CCC(CCCC2CCCC(C3CCCC(C4CCCCC4)C3)C2)CC1
C1CCC(C2CCCC(C3CCCCC3C3CCC3)C2)CC1
C1CCC(CCCC2CCC(CCC3CCCCC3)CC2)CC1
C1CCC(CC2CCCCC2CC2CC(C3CCCCC3)CC(C3CCCCC3)C2)CC1
C1CCC(CCC2CCCC(C3CCC(C4CCCC4)CC3)C2)C1
C1CCC(CC2CCC(C3CCCCC3CCCC3CCC(C4CCCCC4)CC3)C2)CC1
C1CCC(CCC(CCCCC2CCCC(C3CCCCC3)C2)CC2CCCCC2)CC1
C1CCC(C2CCCC(C3CCC4CCCC4C3)C2)CC1
C1CCC(CC2CCCC(CC3CCC(C4CCC(CCC5CC6CCCCC6C5)CC4)CC3)C2)CC1
C1CCC(CC2CCCC(C3CC(C4CCCCC4)C4CCCCC34)C2)CC1
C1CCC(CC(CC2CC3CCCCC3C2)C2CCCCC2)CC1
C1CCC(CC2CCC(CCCCC3CCC(C4CCCC4)CC3)CC2)CC1
C1CCC(CCC2CCCC(C3CCCCC3)C2)CC1
C1CCC(CC2CCC(C3CCCCC3CC3CCCCC3)CC2)CC1
C1CCC(C2CCCC(CC3CCCC(C4CC4)C3)C2)CC1
C1CCC(C2CC(CC3CC4CCCCC4C3)CC(C3CCCCC3)C2)CC1
C1CCC(C2CCC(CC3CCCC(C4CCCC(C5CCCCC5)C4)C3)CC2)CC1
C1CCC(CCC2CCCCC2C2CCCCC2CCC2CCCCC2)CC1
C1CCC(CC2CCC(CC3CCCC(CC4CCCCC4)C3)CC2)CC1
C1CCC(C2CCC(C3CCC(C4CCCCC4)CC3)CC2)CC1
C1CCC(CCCC2CCC3CC(C4CCC5CCCCC54)CC(C4CCCCC4)C3C2)CC1
C1CCC(C2CCCC(CCC3CCC4CCCCC43)C2)CC1
C1CCC(C2CCCC(CC3CC(C4CCCCC4)C4CCCCC34)C2)CC1
C1CCC(CCC2CCCC(C3CCC(C4CCCCC4)CC3)C2)CC1
C1CCC(CCC2CCCCC2C2CCCCC2)CC1
C1CCC(CC2CCC(CC3CCCC(C4CCCCC4)C3)CC2)CC1
C1CCC(CC2CCCC(C3CCC(C4CCC(C5CC5)CC4)CC3)C2)CC1
C1CC(C2CCCC(C3CCC(C4CCC5CCCCC54)CC3)C2)C1
C1CCC(CC(C2CCC(CCC3CC3)CC2)C2CCCC(C3CCCC(C4CCCC4)C3)C2)CC1
C1CCC(CCCCC2CCCCC2)CC1
C1CCC(CCC2CCCC(CC3CCC(CC4CCCCC4)CC3)C2)CC1
C1CCC(C2CCCCC2C2CCCCC2)CC1
C1CCC(CCC2CCC(CC3CCCCC3)CC2)CC1
C1CCC(C2CCC(C3CCCC(C4CCCCC4)C3)CC2)CC1
C1CCC(C2CCCC(CC3CCC(C4CCCCC4)C3)C2)CC1
C1CCC(CCC2CCC(C3CC(CC4CCCCC4)C4CC(CC5CCCCC5)CCC43)CC2)CC1
C1CCC(C2CCCC(CC3CCC(CCCC4CCCCC4C4CCCCC4)CC3)C2)CC1
C1CCC(CC2CCC(C3CCCCC3)CC2)CC1
C1CCC(CC2CCCC(C3CCCC(C4CCCCC4CC4CCCCC4)C3)C2)CC1
C1CCC(CC2CCCCC2)CC1
C1CCC(CC2CC3CCC(C4CCCCC4CC4CCCCC4)CC3C(C3CCCCC3)C2)CC1
C1CCC(CC2CCC(C3CCCCC3)CC2)CC1
C1CCC(CC2CCCC(CCC3CCCC(C4CCCCC4)C3)C2)CC1
C1CCC(C2CCC(C3CCCCC3)CC2)CC1
C1CCC(C2CCC(C3CCCCC3)CC2)CC1
C1CCC(CCCCC2CC(C3CCCCC3)C3CCC(CC4CCCCC4)CC23)CC1
C1CCC(CC2CCC(CC3CCCCC3)CC2)CC1
C1CCC(CC2CCC(CC3CC(CC4CCCCC4)C4CCCCC34)CC2)CC1
C1CCC(CC2CCC3CC(C4CCCCC4)CCC23)CC1
C1CCC(CC2CCCCC2)CC1
C1CCC(C2CCCC(CCC3CCC(CC4CC4)CC3)C2)CC1
C1CCC(C2CCC(CCC3CCC(CCCC4CCCC4)CC3)CC2)CC1
C1CCC(C2CCC(CCC3CCC(C4CCC(C5CCC5)CC4)CC3)CC2)C1
C1CCC(CC2CCCC(CC3CCC4CCCCC43)C2)CC1
C1CCC(C2CCCCC2CC2CCC(CCC3CC4CCCCC4C3)CC2)CC1
C1CCC(CCC2CCC(C3CCCCC3)C(C3CCCCC3)C2)CC1
C1CCC(CCC2CC(C3CCCCC3)CC(C3CCCCC3)C2)CC1
C1CCC(C2CCCC(C3CCCCC3)C2)CC1
C1CCC(C2CCC(CC3CCC(C4CCCC4)C3)CC2)CC1
C1CCC(CC2CCC(C3CCCC(CC4CCCC(C5CCCCC5)C4)C3)C2)CC1
C1CCC(CC2CCC(CCCCC3CCCCC3CC3CCCCC3)CC2)CC1
C1CCC(CC2CCCC(C3CC(C4CCCCC4)CC(C4CCC4)C3)C2)CC1
C1CCC(CC2CCCCC2C2CCCCC2C2CCC3CCCCC3C2)CC1
C1CCC(CCCC2CCC(CCCC3CCCC(C4CCCCC4)C3)CC2)CC1
C1CCC(CC2CCCC(C3CCCCC3C3CCCCC3)C2)CC1
C1CCC(C2CCCC(C3CCCCC3C3CCCCC3)C2)CC1
C1CCC(CC2CCC(C3CCCCC3CC3CCCCC3)CC2)CC1
C1CCC(CC2CCCC(CCCCCC3CCCC(C4CCCCC4)C3)C2)CC1
C1CCC(CCCCCC2CCC(CC3CCCCC3)CC2C2CCCCC2)CC1
C1CCC(CCCC2CCC3CCC(C4CCCCC4)CC3C2)CC1
C1CCC(CC2CCC(C3CCCCC3CC3CCCCC3)CC2)CC1
C1CCC(CC2CCCCC2)CC1
C1CCC(CCC2CCC(C3CCCC(C4CCCCC4)C3)CC2)CC1
C1CCC(C2CCCCC2C2CCC(C3CCC(C4CCC(CC5CCCC5)CC4)CC3)CC2)CC1
C1CCC(CC2CC(CC3CCCCC3C3CCCCC3)C3CCC(C4CCC4)CC23)CC1
C1CCC(CCC2CCCC3CC(C4CCCCC4C4CCCCC4)CCC23)CC1
C1CCC(CCC2CCC(CC3CCCCC3)CC2)CC1
C1CCC(CC2CCC(C3CCCC(C4CCCCC4)C3)CC2)CC1
C1CCC(CC2CCC(C3CCCCC3)CC2)CC1
C1CCC(CC2CCC(C3CCC(C4CCCCC4)CC3)CC2)CC1
C1CCC(C2CCC(CC3CCCC(C4CCCCC4)C3)CC2)CC1
C1CCC(C2CCCC(C3CCC(C4CCCC4)CC3C3CCCCC3)C2)CC1
C1CCC(C2CCC(CCCC3CCCC(C4CCCCC4)C3)CC2)CC1
C1CCC(CCCCC2CCC(CC3CCC(CC4CCCCC4)CC3)CC2)CC1
C1CCC(CCC2CCCC(C3CCC(CC4CCCCC4)CC3)C2)CC1
C1CCC(CC2CCC(CC3CCCCC3)C(C3CCC(CCC4CCC4)CC3)C2)CC1
C1CCC(CCCC2CCC(CC3CCC4C(C5CCCCC5)CC(C5CCCCC5)C4C3)CC2)CC1
C1CCC(CC2CCCC(CC3CCCC(C4CCCCC4)C3)C2)CC1
C1CCC(CC2CCC(C3CCC(CC4CCC5CCCCC54)CC3)CC2)CC1
C1CCC(CC2CCCC(C3CCCC(C(CC4CCCCC4)C4CCCCC4)C3)C2)CC1
C1CCC(CC2CC(C3CCCCC3C3CCCCC3)C3CCCCC23)CC1
C1CCC(C2CCCCC2CC2CCC(CC3CCCC(C4CCCCC4C4CCCC4)C3)CC2)CC1
C1CCC(CC2CC(C3CCCCC3)C3CCCCC23)CC1
C1CCC(CC2CCCC(CC3CCCCC3)C2)CC1
C1CCC(CC2CCC(C3CCCCC3)CC2)CC1
C1CCC(CCC2CC(C3CCCCC3)C3CCC(CCC4CCCC4)CC23)CC1
C1CCC(C2CC(C3CCC4CCCCC43)CC3CCCCC32)CC1
C1CCC(CC(CCC2CCC(C3CCCCC3)CC2)C2CCCC(C3CCCCC3)C2)CC1
C1CCC(C2CCC(C3CCCCC3C3CCCCC3)C(CC3CC3)C2)CC1
C1CCC(CCCCC2CC(CC3CCCCC3)CCC2C2CCCC(CCC3CCCCC3)C2)CC1
C1CCC(C2CCC(CC3CCCC(CC4CCC(C5CCCC(C6CCCCC6)C5)CC4)C3)C2)CC1
C1CCC(CCC2CCCC(C3CCCCC3)C2)CC1
C1CCC(CCCC2CCCC(C3CCCCC3)C2)CC1
C1CCC(CC2CCC(C3CCCC(C4CCC(CC5CCCCC5)CC4)C3)CC2)CC1
C1CCC(CCCC2CCC(CC3CCCCC3)CC2)CC1
C1CCC(CC2CCC(CC3CC(CC4CCCC4)C4CCCCC34)C(C3CCC4CCCC4C3)C2)C1
C1CCC(C2CCCC(C3CCC(CC4CC5CCCCC5C4)CC3)C2)CC1
C1CCC(CC2CCCCC2CC2CCCC(C3CCC3)C2)CC1
C1CCC(CCCCC2CCC(CCCC3CCC(C4CCCCC4)CC3)CC2)CC1
C1CCC(CC2CCC(C3CCCC4CC(C5CCCCC5C5CCCCC5)CCC43)CC2)CC1
C1CCC(C2CCC(C3CCCCC3)CC2)CC1
C1CCC(CC(CCC2CCCC(CCC3CCCC3)C2)C2CCCCC2)CC1
C(CCCC1CCCC(C2CCCCC2CC2CC3CCCCC32)C1)CCC1CCCCC1
C1CCC(CC2CCC(C3CCC(C4CC4)CC3)CC2)CC1
C1CCC(C2CCCCC2C2CCCCC2C2CCCCC2)CC1
C1CCC(C2CCC(C3CCC(C4CCC5CCCC5C4)C3)CC2)CC1
C1CCC(C2CCCC(C3CCCCC3CCCCC3CC4CCCCC4C3)C2)CC1
C1CCC(CC2CCC(C3CCCC(CC4CC5CCCCC5C4)C3)CC2)CC1
C1CCC(C2CCC3CC(CC4CCC(CC5CC6CCCCC6C5)CC4)CCC32)CC1
C1CCC(C2CCC(C3CCCC(C4CCCCC4)C3)CC2)CC1
C1CCC(C2CCCC(CCC3CCC(CCCCC4CC4)CC3)C2)CC1
C1CCC(CCC2CCCC(C3CCCCC3)C2)CC1
C1CCC(C2CC(CC3CC3)CC(C3CCCCC3)C2)CC1
C1CCC(CCC2CCC(CC3CCCCC3)C(C3CCC4CCCCC4C3)C2)CC1
C1CCC(CCC(CC2CCCCC2)C2CCCC(CC3CCCCC3CC3CCCCC3)C2)CC1
C1CCC(CC2CCC(C3CCC(CC4CCC(CCCC5CCCC5)CC4)CC3)C2)CC1
C1CCC(CCC2CCCC(CC3CCC(C4CCCC4)CC3)C2)CC1
C1CCC(CC2CCC(CC3CCCCC3)CC2)CC1
C1CCC(CCCC2CCCC(C(CC3CCCCC3)CC3CCCCC3)C2)CC1
C1CCC(CC(CC2CCCCC2)C2CCCCC2)CC1
C1CCC(CCCCCC2CCC(C3CCCC4CC(C5CCCCC5)CCC43)CC2)CC1
C1CCC(CC2CCCC(C3CCCCC3)C2)CC1
C1CCC(CCC2CCCC(C3CCC(C4CCCCC4)CC3)C2)CC1
C1CCC(CC2CCC(C3CCCCC3)CC2)CC1
C1CCC(CCC2CCC(C3CCCCC3)CC2)CC1
C1CCC(CC2CCCC(C3CCCC(C4CCC(CCC5CC5)CC4)C3)C2)CC1
C1CCC(CCC2CCC(CCC3CCC(CC4CCCC4)CC3)CC2)CC1
C1CCC(CCCC2CCC(CC3CCCCC3)CC2)CC1
C(CCCC1CCCC(C2CCCCC2)C1)CCC1CCCC(C2CCCCC2)C1
C1CCC(C2CCCC(CC3CCC(C4CCCC(CC5CC5)C4)CC3)C2)CC1
C1CCC(CCC2CCCC(C3CC(C4CCCCC4)CC(C4CC4)C3)C2)CC1
C1CCC(CCCC2CCCC(C3CCCCC3)C2)CC1
C1CCC(CC2CCCC(C3CCCCC3CCC3CC3)C2)CC1
C(CCCC1CCCCC1C1CCC(C2CC2)CC1)CCC1CCCCC1
C1CCC(C2CCC(CC3CCC4CCCC4C3)CC2C2CCCC2)CC1
C1CCC(CCCC2CCCC(CC3CCC(CC4CCC(CC5CCCCC5)CC4)CC3)C2)CC1
C1CCC(C2CC(CC3CCC(C4CCCC4)CC3)C3CCCCC32)CC1
C1CC(C2CCCC(C3CCC(C4CCC5CCCCC54)CC3)C2)C1
C1CCC(C2CCC(C3CCCCC3)CC2)CC1
C1CCC2CC(CC3CCC(C4CCC5CCCC5C4)C(C4CCC5CCCC5C4)C3)CC2C1
C1CCC(CC2CCCC(C3CCCC(C4CCCC(C5CCCCC5)C4)C3)C2)CC1
C1CCC(CC2CCC(C3CCCCC3)CC2)CC1
C1CCC(CC2CCCCC2C2CCCCC2)CC1
C1CCC(C2CCCCC2C2CCCCC2)CC1
C1CCC(CC2CCC(C3CCC(C4CCCCC4C4CCCC4)CC3)CC2)CC1
C1CC(C2CCCC(C3CCCC(CC4CC5CCCCC5C4)C3)C2)C1
C1CCC(CC2CCCCC2C2CCCCC2)CC1
C1CCC(C2CCC(CC3CC(CC4CCCC4)C4CCCCC34)CC2)CC1
C1CCC(CC2CCC(C3CCCCC3)CC2)CC1
C1CCC(C2CCC(C3CCCCC3)CC2)CC1
C1CCC(C2CCC(CC3CCCC(CC4CCCC4)C3)CC2)CC1
C1CCC(CC2CCC(C3CC(C4CCCC4)CC(C4CCC4)C3)CC2)CC1
C1CCC(CCC2CCC(C3CCCCC3)C(C3CCCCC3)C2)CC1
C1CCC(CCC2CCCC(CC3CCC(C4CCCC(C5CCCC5)C4)CC3)C2)CC1
C1CCC(CC2CCC(CC3CCC(CC4CCC(CC5CCC(C6CC6)CC5)CC4)CC3)CC2)CC1
C1CCC(CC2CCCC(CCC3CCC(CCC4CCC(CC5CC5)CC4)CC3)C2)C1
C1CCC(CC2CCC(C3CCC(CC4CCC(CC5CCC6CCCCC65)CC4)CC3)CC2)CC1
C1CCC(CC2CCC(CC3CCCC(C4CCCCC4)C3)CC2)CC1
C1CCC(CC2CCC3CC(C4CCCCC4)CC(C4CCCCC4)C3C2)CC1
C1CCC(CC2CCCCC2)CC1
C1CCC(CC2CCC(C3CC(CC4CCCCC4)C4CCCCC43)CC2)CC1
C1CCC(CC2CCC(C3CCCCC3)CC2)CC1
C1CCC(CC2CCC(CC3CCCCC3)CC2)CC1
C1CCC(CCCC2CCCCC2)CC1
C1CCC(C2CCCC(C3CC(C4CCC5CCCC5C4)CC(C4CCC4)C3CC3CCCC3)C2)CC1
C1CCC(CCCC2CCCCC2C2CCCCC2)CC1
C1CCC(CC2CCC(CCC3CCC(C4CCCC(C5CCCCC5)C4)CC3)CC2)CC1
C1CCC(CC2CCCC(C3CCC(CC4CCC(CC5CC6CCCCC6C5)CC4)CC3)C2)CC1
C1CCC(CC2CCCC(C3CCCCC3)C2)CC1
C1CCC(CCC2CCC(C3CCC(CCCCC4CC(CC5CCCCC5)C5CCCCC45)CC3)CC2)CC1
C1CCC(CCCC2CC(CCC3CC4CCCCC4C3)C3CCCCC23)CC1
C1CCC(CCCCC2CCC3C(C4CCCCC4)CC(C4CCCCC4)C3C2)CC1
C1CCC(C2CCCC(C3CCC(C4CCC5CCCCC5C4)C(C4CCC5CCCC5C4)C3)C2)CC1
C1CCC(CC2CCC(CCC3CC4CCCCC4C3)CC2)CC1
C1CCC(CCC2CCC(CC3CCC(CC4CC5CCCCC5C4)CC3)CC2)CC1
C1CCC(C2CCC(CCCC3CCCC(C4CCCCC4)C3)CC2)CC1
C1CCC(C2CC(C3CCCC3)CC(C3CCC(C4CC4)CC3)C2)CC1
C1CCC(CC2CCC(CC3CCCC(C4CCCCC4)C3)CC2)CC1
C1CCC(C2CCCC(C3CCCC(CCC4CCC(CC5CCCC5)CC4)C3)C2)CC1
C1CCC(C2CCC(C3CCCCC3)C(CC3CCC3)C2)CC1
C1CCC(CC2CC(C3CCCC(C4CCCCC4)C3)C3CCCCC23)CC1
C1CCC(CCCC2CCC(C3CCC(CCC4CCCCC4)CC3)CC2)CC1
C1CCC(CC2CCC(CC3CCCCC3)CC2)CC1
C1CCC(CC2CCC(C3CCCCC3)CC2)CC1
C1CCC(CCC2CCCC(CCC3CCCC(CC4CCCCC4)C3)C2)CC1
C1CCC(CC2CCC(CC3CCCCC3)CC2)CC1
C1CCC(C2CCC(CC3CCC(C4CCCCC4)C3)CC2)CC1
C1CCC(C2CCCC(C3CCC(CC4CCC5CCCCC54)CC3)C2)C1
C1CCC(C(CCC2CC2)C2CCCCC2CC2CCC3CCCC3C2)CC1
C1CCC(CCC2CCCC(CC3CCCCC3CC3CC3)C2)C1
C1CCC(C2CCC3C(C2)C(C2CCCCC2)CC3C2CCCCC2C2CCCCC2)CC1
C1CCC(CC2CCCC(C3CCCCC3)C2)CC1
C1CCC(C2CCCC(C3CCC(C4CCC5CCCCC5C4)CC3)C2)CC1
C1CCC(CC2CCCCC2C2CCCCC2)CC1
C1CCC(CC2CCC(CCC3CCCC(C4CCCCC4)C3)CC2)CC1
C1CCC(CC2CCC(CC3CCC(C4CCCCC4)CC3)CC2)CC1
C1CCC(CC2CCCCC2CC2CC(C3CCC4C(CCC4C4CCCCC4)C3)C3CCCCC23)CC1
C1CCC(C2CCC3CCCCC3C2)CC1
C1CCC(CC2CCC(C3CCC(C4CCCCC4C4CCCCC4)CC3)CC2)CC1
C1CCC(CC2CCC(CC3CCCC(C4CCCCC4)C3)CC2)CC1
C1CCC(C2CC(CC3CCC4CCCCC4C3)CC(C3CCCCC3)C2)CC1
C1CCC(CC2CCC(CCC3CCC(C4CCCCC4)CC3)CC2)CC1
C1CCC(C2CCCC(C3CCC(CC4CCCCC4C4CCCCC4)CC3)C2)CC1
C1CCC(C2CCC(CC3CCCCC3C3CCCCC3)CC2)CC1
C1CCC(CCCC2CCCC(CC3CCCCC3C3CCC(CC4CCCCC4)CC3)C2)CC1
C(CCC1CC2CCCCC2C1)CCC1CC(C2CCCCC2C2CCC3CCCC3C2)C2CCCCC12
C1CCC(CCCCC2CCC(CCC3CCC(C4CCCCC4)CC3)CC2)CC1
C1CCC(C2CCC(CC3CCC(C4CC4)CC3)CC2CCC2CCCC2)CC1
C1CCC(CC2CCC(CCC3CCC(C4CCCCC4)C3)C(C3CCCCC3)C2)CC1
C1CCC(CC2CCC(CCC3CCC(CC4CCCCC4)CC3)CC2)CC1
C1CCC(CCCC2CCC(CC3CCC(C4CC4)CC3C3CCCCC3)CC2)CC1
C1CCC(C2CC(C3CCC3)CC(C3CCCCC3C3CCCCC3)C2)CC1
C1CCC(C2CCCCC2)CC1
C1CCC(CCC2CCCCC2CC2CCC(C3CCCCC3)CC2C2CCCC2)CC1
C1CCC(CCCC2CC(C3CCC(CC4CCCC4)CC3)C3CCCCC23)CC1
C1CCC(CCC2CCCC3CC(C4CCC(CC5CCCCC5)CC4)CCC23)CC1
C1CCC(CCCC2CCC(CC3CCC(CC4CCCCC4)CC3)CC2)CC1
C1CCC(C2CCC(C(CC3CCC(C4CCCCC4)C(C4CCCC4)C3)C3CCCCC3)C2)CC1
C1CCC(CCCC2CCCCC2C2CCCC(CCC3CCCCC3)C2)CC1
C1CCC(C2CCCCC2C2CCCCC2C2CCCCC2)CC1
C1CCC(C2CCC(C3CCCCC3C3CCC4C(CCCC4C4CCCCC4)C3)CC2)CC1
C1CCC(CCC2C(CC3CCCCC3)CC(C3CCCC3)CC2C2CCCCC2)CC1
C1CCC(CCC2CC(C3CCC(C4CCCC(C5CCC5)C4)CC3)C3CCCCC23)CC1
C1CCC(CCC2CCC(CC3CCC(CC4CCCCC4)CC3)CC2)CC1
C1CCC(CC2CCC(CCCC3CCCC(CC4CCCCC4)C3)CC2)CC1
C1CCC(CC2CCC(C3CCCCC3)CC2)CC1
C1CCC(CCCCC2CCC(C3CCC(C4CCCCC4)CC3)CC2)CC1
C1CCC(CCCC2CCCCC2C2CCCCC2C2CCCCC2)CC1
C1CCC(CC2CCCCC2CC2CCC(CCC3CCCC(C4CCCCC4)C3)CC2)CC1
C1CCC(CCC2CCCC(C3CCCCC3)C2)CC1
C1CCC(C2CCC(CC3CCC(C4CCCC(C5CCCC5)C4)CC3)CC2)CC1
C1CCC(C2CCC(C3CCCCC3C3CCCCC3)C(C3CCCC3)C2)CC1
C1CCC(CC2CCC(C3CCCCC3)CC2)CC1
C1CCC(CC2CCC(CC3CCCC(C4CCCCC4)C3)C2)CC1
C1CCC(CCC2CCC(C3CCCCC3)CC2)CC1
C1CCC(CC2CCCC(C3CCC(C4CCCC4)CC3C3CCCCC3)C2)CC1
C1CCC(CC2CCC(CC3CCCC(CC4CC4)C3)CC2)CC1
C1CCC(C2CCC3C(CCCC3C3CCCC(C4CCCC4)C3)C2)CC1
C1CCC(CCC2CCCCC2)CC1
C1CCC(CC2CCC(C3CCCCC3)C(CC3CCCC3)C2)CC1
C1CCC(CCC2CCCC(C3CCCCC3)C2)CC1
C1CCC(C2CCC(CCCC3CCCC(C4CCCCC4)C3)CC2)CC1
C1CCC(CC2CCC(CCCC3CCCCC3C3CCCCC3)CC2)CC1
C1CCC(C2CCC(CC3CCCC(CC4CC4)C3)CC2)CC1
C1CCC(CC2CC(C3CCCCC3)CCC2CC2CC2)CC1
C1CCC(C2CCCC(CC3CCCC3)C2)CC1
C1CCC(C2CCCC(C3CCCCC3C3CCCCC3)C2)CC1
C1CCC(CC2CCCC(C3CCCC(C4CCCCC4)C3)C2)CC1
C1CCC(C2CCCC(CC3CCC4CCCCC43)C2)CC1
C1CCC(CCCC2CCCC(CCCCCC3CCCC(C4CC4)C3)C2)CC1
C1CCC(CC2CCC(C3CCC(C4CCCCC4)CC3)CC2)CC1
C1CCC(CC2CCCCC2C2CCCC(C3CCC(C4CCCCC4)CC3)C2)CC1
C1CCC(C2CCC(C3CC(CC4CCC5CCCC5C4)C4CCC(C5CCCCC5)CC43)CC2)CC1
C1CCC(CCC2CCC(C3CCC4CCCCC43)CC2)CC1
C1CCC(C2CCCCC2C2CCCCC2)CC1
C1CCC(CC2CCCCC2CC2CCCCC2CC2CCCCC2)CC1
C1CCC(C2CCCCC2CC2CC2)CC1
C1CCC(CCCCC2CCC(CCC3CCCCC3)CC2)CC1
C1CCC2CC(C3CCCCC3CCC3CC4CCCCC4C3)CCC2C1
C1CCC(CC2CCCC2C2CCCC(C3CCCCC3C3CCCCC3)C2)CC1
C1CCC(CC2CCC(C3CCCC(C4CCCCC4)C3)CC2)CC1
C1CCC(C2CCC(C3CCC4CCCC4C3)C(C3CCC(C4CCCC4)CC3)C2)CC1
C1CCC(CCC2CCCC(C3CCCCC3)C2)CC1
C1CCC(CCC2CCC(CCC3CCCC(CC4CC4)C3)CC2)CC1
C1CCC(CC2CC(C3CCCCC3)CC(C3CCCC(C4CCCC4)C3)C2)CC1
C1CCC(CCC2CCCC(C3CCCC(C4CCCCC4)C3)C2)CC1
C1CCC(C2CCC(CC3CCCC4CCCCC43)CC2)CC1
C1CCC(CCC2CCC(CC3CCCCC3)CC2)CC1
C1CCC(CC2CCC(CC3CCCC(C4CCC(C5CCCCC5)CC4)C3)CC2)CC1
C1CCC(CCC2CC(C3CCCCC3)CC(C3CCCC(C4CCCCC4)C3)C2)CC1
C1CCC(CC2CCCCC2C2CCCCC2)CC1
C1CCC(CCCCC2CCC(CC3CCCCC3)CC2)CC1
C1CCC(C2CCC3C(CCCC3CC3CCCCC3C3CCCCC3)C2)CC1
C1CCC(CCCC2CCC(C3CCCC(CCC4CCCCC4)C3)CC2)CC1
C1CCC(CCC2CCCC(C3CCCCC3)C2)CC1
C1CCC(CCC2CCC(CC3CCCCC3)CC2)CC1
C1CCC(CC2CCC(CC3CCCC(CC(C4CCCCC4)C4CCCCC4)C3)CC2)CC1
C1CCC(CC2CCC(CC3CCC(C4CCCC4)CC3)CC2)CC1
C1CCC(CCC2CCCC(C3CCCC4CC(CC5CC6CCCCC6C5)CCC43)C2)CC1
C1CCC(C2CCCC(C3CC(C4CCCCC4)CC(C4CCCC4C4CCCCC4)C3)C2)CC1
C1CCC(CC2CCC(CC3CCC(C4CC5CCCCC5C4)CC3)CC2)CC1
C1CCC(C2CCC(C3CCCC(C4CCCCC4)C3)CC2)CC1
C1CCC(CCC2CC(C3CCC(C4CCCCC4)CC3)C3CCCCC23)CC1
C1CCC(C2CC(C3CCC4CCCCC43)CC3CCC(CCC4CCCC(C5CCCC5)C4)CC32)CC1
C(CCCC1CCCCC1)CCCC1CCC(CC2CCCCC2)CC1
C1CCC(CC2CCCC(CC3CCCC(C4CCCCC4)C3)C2)CC1
C1CCC(CCC2CCC(C3CCCC4CC(C5CCCCC5)CCC43)CC2)CC1
C1CCC(CCCCC2CC(C3CCCCC3)CCC2C2CCCCC2)CC1
C1CCC(CC2CCCC(CCCC3CCC(C4CCCC4)CC3)C2)CC1
C1CCC(CC2CCCCC2C2CCCCC2C2CCC3C(CCC3C3CC4CCCCC4C3)C2)CC1
C1CCC(CCCC2CCC(CCCC3CCCCC3)C(C3CCCCC3)C2)CC1
C1CCC(CCCCC2CCC(CC3CCC(C4CC4)CC3)CC2)CC1
C1CCC(C2CCC(CC3CCC(CCC4CCCC5CCCCC54)CC3)CC2)CC1
C1CCC(CC2CCC(CC3CCCC(CCCCCC4CCCC4)C3)CC2)CC1
C1CCC(C2CC(C3CCCCC3)CC(C3CCC3)C2)CC1
C1CCC(CC2CCC(CC3CCCCC3C3CCCCC3)CC2)CC1
C1CCC(CCCC2CCCC(CC3CCC(C4CCCCC4)C3)C2)CC1
C1CCC(CCCC2CCCC(CC3CCCCC3)C2)CC1
C1CCC(CC2CCC(CCC3CCCCC3C3CCCCC3)CC2)CC1
C1CCC(C2CCC(C3CCCCC3)CC2)CC1
C1CCC(CC2CC(C3CCCC3)CC(C3CC3)C2)CC1
C1CCC(CCCC2CC(C3CCCCC3)C3CCCCC23)CC1
C1CCC(CC2CCC(C3CCC(C4CCCCC4)CC3)CC2)CC1
C1CCC(C2CCCC(C3CCCC(C4CCCC4)C3)C2)CC1
C1CCC(CCC2CCCC(CC3CCCC(C4CCCCC4)C3)C2)CC1
C1CCC(CC2CCCC(C3CCCC(CCC4CCCC4)C3)C2)CC1
C1CCC(CCC2CCCC(C3CCC4CCCC4C3)C2)CC1
C1CCC(CC2CCC(C3CCCC(C4CCCCC4)C3)CC2)CC1
C(CCCC1CCC(C2CCCCC2)CC1)CCCC1CC2CCCCC2C1
C1CCC(CC2CC(C3CCCC(C4CCCCC4)C3)C3CCCCC23)CC1
C1CCC(CCC2CCC(CC3CCCC(CC4CCCC(C5CCCCC5)C4)C3)CC2)CC1
C1CCC(CC2CCC(C3CCCC(C4CCCC4)C3)C(C3CCC4CCCC4C3)C2)CC1
C1CCC(C2CCCCC2C2CCC(C3CCCC3)CC2)CC1
C1CCC(CC2CCC(C3CCCC(CC4CCCCC4)C3)CC2)CC1
C1CCC(CC2CCCC(CCC3CCCCC3C3CCCCC3)C2)CC1
C1CCC(CCCCC2CCC(CCCC3CCC(C4CCC(CC5CCCCC5)CC4)CC3)CC2)CC1
C1CCC(C2CCC(CCC3CC(C4CCC(C5CCCCC5)CC4)C4CCCCC34)CC2)CC1
C1CCC(C2CCC(C3CC4CCC(C5CCCCC5)CC4C(C4CCCCC4)C3)C2)CC1
C1CCC(CC2CCC(CC3CCC(C4CCC(C5CCC(CC6CCCC6)CC5)CC4)CC3)CC2)CC1
C1CCC(CCC2CCC(CC3CCCC(C4CCCCC4)C3)CC2)CC1
C1CCC(C2CCC(CC3CCC(C4CCC(C5CCCCC5)CC4)CC3)CC2)CC1
C1CCC(CCC2CCCCC2CCC2CCCCC2)CC1
C1CCC(C2CCCC(C3CCCC(C4CCC5CCCC5C4)C3)C2)CC1
C1CCC(CC2CCCC(C3CC(CCC4CCCC4)CC3C3CC4CCCCC4C3)C2)CC1
C1CCC(CCC2CCC(C3CCCCC3)CC2C2CCC3CCCCC32)CC1
C1CCC(CC2CCC(C3CCCCC3)C(CCC3CC4CCCCC4C3)C2)CC1
C1CCC(CC2CCCC(CC3CCCCC3CC3CCCCC3)C2)CC1
C1CCC(CC2CCCC(C3CCCCC3CC3CCCCC3)C2)CC1
C1CCC(C2CCC(CC3CC(CC4CCCC4)C4CCCCC34)CC2)CC1
C1CCC(CC2CCCCC2C2CCC(C3CCC(CCC4CC5CCCCC5C4)CC3)CC2)CC1
C1CCC(CC2CCC(CC3CCC(CC4CCCCC4)CC3)CC2)CC1
C1CCC(CC2CCC(CC3CCC(C4CCCCC4)CC3)CC2)CC1
C1CCC(CC2CCCC(C3CCC(CC4CCC(CC5CCC5)CC4)CC3)C2)CC1
C1CCC(CCC2CCC(C3CCCC(C(CC4CCCCC4)CC4CCCC4)C3)CC2)CC1
C1CCC(C2CCCCC2C2CCCCC2)CC1
C1CCC(C2CCC3CC(C4CC(C5CC5)CCC4C4CCCCC4)CCC32)CC1
C1CCC(C2CCC(CC3CCCC3C3CCCCC3C3CCCC3)CC2)CC1
C1CCC(CCC(CC2CCC2)C2CCCCC2)CC1
C1CCC(C2CCC(CCC3CCC4CCCCC4C3)CC2)CC1
C1CCC(CCCC2CCC3CC(C4CCC5CCCCC54)CCC3C2)CC1
C1CCC(CC2CCCC(C(CC3CCCCC3)C3CCCCC3)C2)CC1
C1CCC(C2CCCC(C3CCCCC3)C2)CC1
C1CCC(CCCC2CCC(C3CC(CC4CC5CCCCC5C4)C4CCCCC43)C(C3CCCC3)C2)CC1
C1CCC(CCC2CCC(C3CCCC(C4CCCC4)C3)CC2)CC1
C1CCC(CC2CCC(C3CCCCC3)CC2)CC1
C1CCC(CC2CCCC(C(C3CCCCC3)C3CC4CCCCC4C3)C2)CC1
C1CCC(C2CCCC(C3CCCCC3C3CCCCC3)C2)CC1
C1CCC(C2CCCCC2C2CCC(CC3CC4CCCCC4C3)CC2)CC1
C1CCC(C2CCC3C(CCCC3C3CCCCC3)C2)CC1
C1CCC(C2CC3CC(C4CCCCC4C4CC4)CCC3C(C3CCCCC3)C2)CC1
C1CCC(C2CCCC(C3CCC(C4CCCCC4CC4CCC(CC5CCC5)CC4)C4CCCC34)C2)CC1
C1CCC(C2CCC(C3CCCCC3)CC2)CC1
C1CCC(CC2CC(C3CCC(C4CCCCC4)CC3)C3CCCCC23)CC1
C1CCC(C2CCCCC2C2CCC(CC3CCCC(C4CCC(C5CCC5)CC4)C3)CC2)CC1
C1CCC(CCC2CCC(CC3CCC(C4CCCC(CC5CCCCC5)C4)CC3C3CCC3)CC2)CC1
C1CCC(CCC2CCC(C3CCCC(C4CCCCC4)C3)CC2)CC1
C1CCC(C2CCCC(C3CCCCC3)C2)CC1
C1CCC(C2CCCC(C3CCCCC3)C2)CC1
C1CCC(CCCC2CCC(CC3CCCC(C4CCCCC4)C3)CC2)CC1
C1CCC(C2CCCC(CC3CC(C4CC(C5CCCCC5)C5CCCCC54)C4CCCCC34)C2)CC1
C1CCC(C2CCC(CC3CCCC(C4CCC(C5CC5)CC4)C3)CC2)CC1
C1CCC(CCC2CCC(C3CCCC3)CC2CC2CCC(CC3CCCCC3)CC2)CC1
C1CCC(C2CCC(C3CCC4CCCCC4C3)CC2)CC1
C1CCC(CCCC2CCCC(CC3CCCC(C4CCCCC4)C3)C2)CC1
C1CCC(CC2CCC(C3CCCCC3C3CCCCC3)CC2)CC1
C1CCC(CCCC2CCCC(C(C3CCCCC3)C3CCCCC3)C2)CC1
C1CCC(CCCC2CCC(CC3CCCCC3)CC2CC2CCCCC2)CC1
C1CCC(CC2CCCC2)CC1
C1CCC(CCCC2CCC(CC3CCCCC3CC3CCCCC3)CC2)CC1
C1CCC(C2CCC(CC3CC(C4CCCCC4)C4CCCC4C3C3CCCCC3)CC2)CC1
C1CCC(CC2CCCCC2C2CCCC(CC3CCC4CCCCC43)C2)CC1
C1CCC(CC2CCC(C3CCCC(CC4CCCCC4)C3)CC2)CC1
C1CCC(CC2CCCC(C3CCCCC3C3CCCC3)C2)CC1
C1CCC(C2CCCCC2C2CCC3CCCC3C2)CC1
C1CCC(CC2CCC(CC3CCCCC3)CC2)CC1
C1CCC(CCCC2CC(CC3CCC(C4CCCCC4)CC3)CCC2C2CCCCC2)CC1
C1CCC(C2CCCC(CC3CCCCC3C3CCCCC3)C2)CC1
C1CCC(CCCC2CCCC(CC3CCC4CCCCC4C3)C2)CC1
C1CCC(CC2CCCCC2C2CCCCC2CC2CC3CCCCC3C2)CC1
C1CCC(CCC2CCCC(CC3CCCCC3)C2)CC1
C1CCC(CCCCC2CCCC(C3CCCCC3)C2)CC1
C1CCC(CCCCC2CCCCC2C2CCCCC2C2CCCC2)CC1
C1CCC(C2CCCC(C3CCCC(C4CCC(C5CCCC5)CC4)C3)C2)CC1
C1CCC(C2CCCC(C3CCCCC3C3CCCCC3)C2)CC1
C1CCC(CC2CCC3CC(C4CCCC(C5CC5)C4)CCC23)CC1
C1CCC(CC2CCC(CC3CCCCC3)CC2)CC1
C1CCC(CC2CCCCC2C2CCC3C(CCCC3C3CCCC3)C2)CC1
C1CCC(C2CCC(CC3CCC(C4CCC(C5CCCCC5)CC4)CC3)CC2)CC1
C1CCC(CC2CCC(C3CCCCC3C3CCCCC3)CC2)CC1
C1CCC(CCC2CCCC(CC3CCC(C4CCCCC4C4CCC4)CC3)C2)C1
C1CCC(C2CCC(C3CCCCC3)C(CC3CC4CCCCC4C3)C2)CC1
C1CCC(C2CCCCC2)CC1
C1CCC(CC2CCC(CC3CCCC3)CC2)CC1
C1CCC(C2CCCC(CC3CCC(CCC4CCCC4)CC3)C2)CC1
C1CCC(CC2CCC(CCC3CCC(C4CC(C5CCCCC5)C4)CC3)CC2)CC1
C1CCC(CCC2CCC(C3CCC(C4CCC(C5CCCCC5)CC4)CC3)CC2)CC1
C1CCC(CC2CCCC(C3CCCCC3)C2)CC1
C1CCC(C2CCCC(CCC3CCCCC3C3CCCCC3C3CCCC3)C2)CC1
C1CCC(C2CCCCC2CC2CCCCC2C2CCC3CCCCC32)CC1
C1CCC(CCC2CCCCC2CC2CCCCC2)CC1
C1CCC(CCCC2CCCC(CC3CCCC(C4CC5CCCCC5C4)C3)C2)CC1
C1CCC(CC2CC(C3CCCC(C4CCCCC4)C3)CC(C3CCCC(C4CCCCC4)C3)C2)CC1
C1CCC(CC2CCC3CC(C4CCCCC4)CC(C4CCCCC4)C3C2)CC1
C1CCC2CC(CC3CCCCC3C3CCC4C(CCC4C4CCCC4)C3)CC2C1
C1CCC(CC2CCCC(C3CCC(C4CCCCC4)CC3)C2)CC1
C1CCC(C2CCCCC2)CC1
C1CCC(CC2CCCC(C3CCCC(C4CCCCC4)C3)C2)CC1
C1CCC(C2CCC3C(CCCC3C3CC4CCCCC4C(C4CCCCC4)C3)C2)CC1
C1CCC(CC2CCC(CCC3CCCCC3C3CCC(CC4CCCCC4)C3)CC2)CC1
C1CCC(CCC2CCC(C3CCCC(CC4CCC5CCCCC54)C3)CC2)CC1
C1CCC(CCCCC2CCC(C3CCC(CC4CCCC4)CC3)CC2)CC1
C1CCC(CC2CCCC(CC3CCCC(C4CCCCC4)C3)C2)CC1
C1CCC(CC2CC(CCCC3CCC(CCC4CCCC(C5CCC5)C4)CC3)C3CCCCC23)CC1
C1CCC(CCC2CCC(C3CCCCC3CC3CCCCC3)CC2)CC1
C1CCC(CCC2CCCCC2CC2CCCCC2C2CCC3CCCCC3C2)CC1
C1CCC(CCC2CCC(C3CCC(C4CCC(C5CCCCC5)CC4)CC3)CC2)CC1
C1CCC(CCC2CCCCC2C2CCCCC2)CC1
C1CCC(CCC2CCCC(C3CCCC(CC4CCC4)C3)C2)CC1
C1CCC(C2CC(CC3CCC(CCC4CCCC4)CC3)C3CCCCC32)CC1
C1CCC(C2CCC(CC3CCC(C4CCCCC4)CC3)CC2)CC1
C1CCC(CC2CCC(CC3CCC(CC4CCCC4)CC3)CC2)CC1
C1CCC(C2CCCCC2C2CCC(C3CCCC3)CC2)CC1
C1CCC(C2CCCC(C3CCCCC3)C2)CC1
C1CCC(C2CCCCC2CC2CCC(C3CCCC3)CC2)CC1
C1CC(C2CCC3CC(C4CCC5CCCCC54)CC(C4CCCC4C4CCCC4)C3C2)C1
C1CCC(CC2CC(CC3CCCC(C4CCCCC4)C3)C3CCCCC23)CC1
C1CCC(CC2CCC(C3CCCC(CC4CC4)C3)CC2)CC1
C1CCC(CC2CCC(CC3CCCC4CC(CCC5CCCC5)CCC34)CC2)CC1
C1CCC(C2CCCC(CC3CCCCC3C3CCC(C4CCC5CCCCC54)CC3)C2)CC1
C1CCC(CCCC2CCCC(CC3CCC(CC4CCCCC4)CC3)C2)CC1
C1CCC(C2CCC(C3CCC(C4CCCCC4)CC3)CC2)CC1
C1CCC(CCCC2CCC(CC3CCC(CCCC4CC4)CC3)CC2)CC1
C1CCC(C2CCC(C3CCCC(C4CCCC(CCC5CC5)C4)C3)CC2)CC1
C1CCC(CCC2CCCCC2CCC2CCCCC2C2CCCCC2)CC1
C1CCC(C2CCCCC2CC2CCCC(C3CCC3)C2)CC1
C1CCC(C2CCC(CC3CCC(C4CCCCC4C4CCCC4)CC3)CC2)CC1
C1CCC(CC2CCC(CC3CCCCC3C3CCCCC3)CC2)CC1
C1CCC(CCC2CCC(C3CCC(CC4CCCCC4)CC3)CC2)CC1
C1CCC(CCC2CCCC(CCCCC3CCC(C4CCC(CC5CCCC5)CC4)CC3)C2)CC1
C1CCC(C2CCCC(C3CCCC(C4CCCC4)C3)C2)CC1
C1CCC(C2CCCC(CC3CCCC(C4CCCCC4)C3)C2)CC1
C1CCC(C2CCC(C3CCC3)CC2)CC1
C1CCC(CCCC2CCC(CCC3CCCCC3)C(C3CCCCC3)C2)CC1
C1CCC(CC2CCCCC2C2CCC3CCCC3C2)CC1
C1CCC(CCC2CCCCC2CCC2CCCCC2)CC1
C1CCC(CC2CCCCC2C2CCCCC2)CC1
C1CCC(CCC2CCC(CC3CCCCC3)CC2)CC1
C1CCC(CCC2CCC(C3CCCCC3)CC2)CC1
C1CCC(CC2CCC(CC3CCCCC3)CC2)CC1
C1CCC(CC2CCC(C3CCC4CCCC4C3)CC2)CC1
C1CCC(CCC2CCCC(CC3CCCC(C4CCCCC4)C3)C2)CC1
C1CC2CCC(C3CCCC(C4CCCCC4C4CCCCC4C4CCCC4)C3)CC2C1
C1CCC(CC2CCC(CC3CC4CCCCC4C3)CC2)CC1
C1CCC(C2CCC(C3CCCCC3)CC2)CC1
C1CCC(CC2CC(C3CCCCC3)C3CCCCC23)CC1
C1CCC(C2CCCC(CC3CCCC(C4CCC4)C3)C2)CC1
C1CCC(C2CCC(C3CCCCC3)CC2)CC1
C1CCC(C2CCC(C3CCCC(CCC4CC4)C3)CC2)CC1
C1CCC(CC2CCC(C3CCCCC3C3CCC4CCCCC43)C2)CC1
C1CCC(CCCC2CCCC(C3CC(CC4CCCCC4)C4CCCCC43)C2)CC1
C1CCC(CCCCC2CCCCC2C2CCC3CCCC3C2)CC1
C1CCC(C2CCCC(C3CCCC(C4CCCC(C5CCCC5)C4)C3)C2)CC1
C1CCC(CCCCC2CCC(C3CCCCC3)CC2)CC1
C1CCC(CCC2CCC(C3CCCCC3)CC2)CC1
C1CCC(CC2CCCCC2C2CCC3CCCC3C2)CC1
C1CCC(CCCC2CCC(C3CCCC4CCCCC43)CC2)CC1
C1CCC(CC2CCC(CC3CCC(C4CCC5CCCCC5C4)CC3)CC2)CC1
C1CCC(CC2CCCCC2C2CCCCC2CC2CCCCC2)CC1
C1CCC(CCCCC2CCCCC2C2CCCCC2)CC1
C1CCC(C2CCCC(CC3CCCC(CC4CC5CCCCC5C4)C3)C2)CC1
C1CCC(C2CCCC(C3CCCCC3)C2)CC1
C1CCC(C2CCCC(CC3CC4CCCCC43)C2)CC1
C1CCC(C2CCCC(CC3CC4CCCCC4C4CCCCC34)C2)CC1
C1CCC(CC2CCCC(CCCC3CCCCC3C3CCCCC3)C2)CC1
C1CCC(CC2CCC(C3CCCCC3)CC2)CC1
C1CCC(CC2CCC(CC3CCC(CCCC4CCCC4)CC3)CC2)CC1
C1CCC(CCC2CCC(CCC3CCC(CC4CCCCC4)CC3)CC2)CC1
C1CCC(CCCC2CCC(C3CCC(CC4CCCCC4)CC3)CC2)CC1
C1CCC(CCC2CC(C3CCCCC3)CC(C3CCCCC3)C2)CC1
C1CCC(CC2CCC(C3CCCCC3)C(C3CCCCC3)C2)CC1
C1CCC(C2CCCC(C3CCC(CC4CCC(CC5CCCC5)C4)CC3)C2)CC1
C1CCC(CCC2CCCC(CC3CCCCC3)C2)CC1
C1CCC(CCC2CC(CC3CCCC(CC4CCCCC4)C3)C3CCCCC23)CC1
C1CCC(CCCCC2CCC(C3CCC(C4CCCCC4)CC3)CC2)CC1
C1CCC(CC2CCC(C3CCCCC3)C(CCC3CCC4CCCCC4C3)C2)CC1
C1CCC(CC2CC(C3CCCCC3)CC(C3CCCC(C4CCCCC4)C3)C2)CC1
C1CCC(C2CCCC(C3CCC4CCCCC4C3)C2)CC1
C1CCC(CCC2CCC(CC3CCC(CC4CC5CCCCC5C4)CC3)CC2)CC1
C1CCC(C2CCCC(CC3CCCCC3C3CCC4CCCCC4C3)C2)CC1
C1CCC(CC2CCCCC2C2CCC(C3CCCCC3)C2)CC1
C1CCC(CCCC2CCC(CCC3CCCCC3)CC2)CC1
C1CCC(C2CCC(CCC3CCCC(C4CCCCC4)C3)CC2)CC1
C1CCC(CC2CCC(C3CCCCC3)CC2)CC1
C1CCC(CC2CCC(C3CC(C4CCCC4)C4CCCCC34)CC2)CC1
C1CCC(C2CCCC(C3CCCC(C4CCCCC4)C3)C2)CC1
C1CCC(CC2CCC(CC3CCCC(CC4CC5CCCCC5C4)C3)CC2)CC1
C1CCC(C2CCC(C3CCC4CCCC4C3)C(C3CCCCC3)C2)CC1
C1CCC(CCC2CCCCC2C2CCC3CCCCC3C2)CC1
C1CCC(CC2CCCC(C3CCCC(C4CCC(C5CCCCC5)CC4)C3)C2)CC1
C1CCC(C2CCCCC2C2CCCCC2C2CCCC2)CC1
C1CCC(CCCCC2CCC(CC3CCC(C4CCCC4CCC4CCCCC4)CC3)CC2)CC1
C1CCC(CCCC2CCC(CCCCC3CCC(C4CCCC(C5CCC6CCCCC6C5)C4)CC3)CC2)CC1
C1CCC(C2CCCCC2C2CCCCC2)CC1
C1CC(C2CCC(C3CCCC(CC4CCCCC4C4CCC5CCCC5C4)C3)CC2)C1
C1CCC(CC2CCCCC2CCC2CCC(CC3CCC(C4CCC4)CC3)CC2)CC1
C1CCC(C2CCCCC2CC2CCCC(CC3CCC4CCCCC4C3)C2)CC1
C(CCCC1CCCCC1)CCCC1CCCCC1C1CCCCC1
C1CCC(CC2CCC(CC3CCCCC3)CC2)CC1
C1CCC(CC2CCC(C3CCCC(C4CCC(CC5CC6CCCCC6C5)CC4)C3)CC2)CC1
C1CCC(CCC2CC(C3CCCC3)CCC2CC2CCCCC2)CC1
C1CCC(CC2CCCC(CC3CCCC(CC4CCCCC4)C3)C2)CC1
C1CCC(CCCC2CC(C3CCCCC3)CC(C3CCCC3)C2)CC1
C1CCC(CC2CCCCC2C2CCCCC2CC2CCC3CCCCC3C2)CC1
C1CCC(CC2CCC(CC3CCC(C4CCCC4)CC3)C(C3CCC4CCCC4C3)C2)CC1
C1CCC(CC2CCC(C3CCCC(C4CCCCC4)C3)CC2)CC1
C1CCC(CCC(CC2CCCC(CC3CCCCC3)C2)C2CC2)CC1
C1CCC(C2CCC(C3CCC3)CC2C2CCCCC2)CC1
C1CCC(CC2CCC(C3CCCCC3)CC2)CC1
C1CCC(CC2CCCC(C3CCCCC3C3CCC4CCCC4C3)C2)CC1
C1CCC(C2CCC3CC(CCC4CC4)CC(C4CCCCC4)C3C2)CC1
C1CCC(CCC2CC(C3CCCCC3)CCC2C2CCCC(CCC3CCCC3)C2)CC1
C1CCC(CC2CCCC(C3CCCCC3)C2)CC1
C1CCC(CC2CCCC(C3CCCCC3CC3CCCCC3)C2)CC1
C1CCC(CCCC2CCC(C3CCCCC3)CC2)CC1
C1CCC(CC2CCC(C3CCCC(C(CC4CCCC4)C4CC5CCCCC5C4)C3)CC2)CC1
C1CCC(C2CCC(CC3CCCC(C4CCCCC4)C3)CC2)CC1
C1CCC(CCCCCC2CCCC(CC3CCCCC3)C2)CC1
C1CCC(CC2CCC3CC(CC4CCC(C5CCCCC5)CC4)CCC23)CC1
C1CCC(CC2CCC(CC3CCCCC3)CC2)CC1
C1CCC(CC2CCCC(C3CCCC(CC4CCC(CC5CCCC5)CC4)C3)C2)CC1
C1CCC(C2CCCC(C3CCCC3)C2)CC1
C1CCC(CC2CCCC(CC3CCCC(C4CC(C5CCCCC5)CC(C5CCC5)C4)C3)C2)CC1
C1CCC(CCCC2CCCCC2CCCCC2CCCC(C3CCC3)C2)CC1
C1CCC(CCCC2CCC(C3CCCCC3)CC2)CC1
C1CCC(CCC2CCCCC2C2CCCCC2)CC1
C1CCC(CCC2CCC(CC3CCCC(CC4CCCCC4)C3)CC2)CC1
C1CCC(CCCC2CCCCC2C2CCC(CC3CCCCC3)CC2CC2CC2)CC1
C1CCC(CC2CC(CC3CCC(C4CCCCC4)CC3)C3CC(C4CC4)CCC23)CC1
C1CCC(CCCC2CCCCC2C2CCCCC2)CC1
C1CCC(CCC2CCC3CC(C4CCCCC4)CC(C4CCCCC4)C3C2)CC1
C1CCC(C2CCCC(C3CCCC4CC(C5CCCCC5C5CCC6CCCC6C5)CCC43)C2)CC1
C1CCC(CC2CCC(C3CC(CC4CCCCC4)C4CCCCC43)CC2)CC1
C1CCC(C2CCCC(C3CC(C4CCCCC4)CCC3C3CCCCC3)C2)CC1
C1CCC(CC2CCC(CCCCC3CCCC(C4CCCCC4)C3)CC2)CC1
C1CCC(C2CCCC(CC3CC(C4CCCCC4)C4CCCCC34)C2)CC1
C1CCC(CC2CCC3CC(C4CC(CC5CCCCC5)CCC4CC4CC4)CCC3C2)CC1
C1CCC(C2CCC(C3CCCCC3C3CCC4CCCC4C3)C(C3CCCC3)C2)C1
C1CCC(CC2CCCC(C3CCC4CCCCC43)C2)CC1
C1CCC(CC2CCC(CC3CC(CC4CCCCC4)C4CCCCC34)CC2)CC1
C1CCC(C2CCC(CC3CC4CCCCC4C3)CC2)CC1
C1CCC(CCC2CCC(C3CCCCC3)CC2)CC1
C1CCC(C2CCCCC2C2CCC(CC3CCCC4CCCCC43)CC2)CC1
C1CCC(CC(C2CCCCC2)C2CCCC(C3CCC(C4CC5CCCCC5C4)CC3)C2)CC1
C1CCC(C2CCC(C3CCCCC3)CC2)CC1
C1CCC(CC2CCCC(C3CCC(C4CCCCC4)CC3)C2)CC1
C1CCC(CC2CCC(CCC3CCC(C4CCCC4)CC3)CC2)CC1
C1CCC(CC2CCCCC2)CC1
C1CCC(CCCCC2CCC(CC3CCCCC3)CC2)CC1
C1CCC(CC2CC(C3CCC(C4CCCC(C5CCC5)C4)CC3)C3CCCCC23)CC1
C1CCC(C2CCCC(CCCCC3CCC(C4CCCC(C5CC5)C4)CC3)C2)CC1
C1CCC(CCCC2CCC(CCC3CCCCC3)CC2)CC1
C1CCC(CC2CCC(C3CCCC(CC4CCC5CCCC5C4)C3)C2)CC1
C1CCC(CCC2CCCC(CCC3CC4CCCCC4C3)C2)CC1
C1CCC(C2CCCC(CC3CCCC(C4CCCCC4)C3)C2)CC1
C1CCC(CC2CCC(CC(CC3CCCC3)C3CCC4CCCCC43)CC2)CC1
C1CCC(C2CCC(C3CCC(C4CCC5CCCCC54)CC3)CC2)CC1
C1CCC(CC2CCC(C3CCC(CC4CCCCC4)C(C4CCC5CCCC5C4)C3)CC2)CC1
C1CCC(C2CCC(C3CCC(CC4CCCCC4C4CCCCC4)CC3)C2)CC1
C1CCC(C2CCC3C(CCCC3C3CCCC(C4CCCCC4C4CCCC4)C3)C2)CC1
C1CCC(CC2CCCCC2C2CCCC(CC3CCC4CCCC4C3)C2)CC1
C1CCC(CCC2CCC(C3CCC(C4CCCCC4C4CCC4)CC3)CC2)CC1
C1CCC(CC2CCCC(CCC3CCCCC3C3CCCCC3)C2)CC1
C1CCC(CC2CCC(CC(CC3CCCCC3)C3CCCCC3)CC2)CC1
C1CCC(CCC2CCCCC2)CC1
C1CCC(CC(C2CCCCC2)C2CCC(CCC3CCCC3)CC2)CC1
C1CCC(CC2CCC(C3CCCCC3)C(C3CC(CC4CCCC4)C4CCCCC43)C2)CC1
C1CCC(CC2CCC(C3CCC(C4CCCCC4)CC3)CC2)CC1
C1CCC(CC2CCC(CC3CCC(C4CCC(CCC5CC6CCCCC6C5)CC4)CC3)CC2)CC1
C1CCC(CC2CCCC(CC3CCCCC3C3CCCCC3)C2)CC1
C1CCC(C2CCCC(C3CCC(C4CCCCC4C4CCC5CCCCC54)CC3)C2)CC1
C1CCC(CC2CCC(CC3CCCCC3)CC2)CC1
C1CCC(CCC2CCCC(CCC3CCC3)C2)CC1
C1CCC2CC(CCC3CCC(CC4CCC(C5CCC6CCCCC65)CC4)CC3)CC2C1
C(CCCC1CCCCC1)CCCC1CCC(CCC2CC3CCCCC3C2)CC1
C1CCC(C2CCCC(C3CCCCC3)C2C2CCCC(C3CCC4CCCC4C3)C2)CC1
C1CCC(C2CCC(C3CCC(CC4CCCC4)CC3)CC2)CC1
C1CCC(CC2CCC(CCC3CCCCC3C3CCCCC3C3CCCC3)CC2)CC1
C1CCC(C2CCCC(C3CCCCC3CC3CCCC3)C2)CC1
C1CCC(CC2CCC(CCC3CCC(CC4CCCCC4)CC3)CC2)CC1
C1CCC(C2CCCC(CC3CCCCC3C3CCC4CCCCC4C3)C2)CC1
C1CCC(CCC2CCC(C3CCCCC3)CC2C2CCCCC2)CC1
C1CCC(CC2CC(C3CCCCC3)CCC2CCC2CC3CCCCC3C2)CC1
C1CCC(CCCCC2CCC(C3CCCCC3)CC2)CC1
C1CCC(CC2CCCC3CCC(C4CCCCC4)CC32)CC1
C1CCC(C2CCCC(CCC3CCCC(CCC4CC(CC5CC5)C5CCCCC45)C3)C2)CC1
C1CCC(CC2CCCCC2)CC1
C1CCC(CC2CCCC(C3CCC(CC4CCC(C5CCC6CCCC6C5)CC4)CC3)C2)CC1
C1CCC(C2CCC(CC3CC4CCCCC4C3)CC2)CC1
C1CCC(C2CCCCC2C2CCCC(C3CCC(CCC4CC4)CC3)C2)CC1
C1CCC(CC2CCC(CC3CCC(CC4CCCC4)CC3)CC2)CC1
C1CCC(C2CCC(C(C3CCCCC3)C3CCCCC3)CC2)CC1
C1CCC(CC2CCCCC2C2CCC3CCCCC3C2)CC1
C1CCC(CCC2CCCC(CC3CCCC(C4CCC5CCCCC54)C3)C2)CC1
C1CCC(CCCC2CCC(CC3CCCCC3)CC2)CC1
C1CCC(CC2CCC(CC3CCCC(C4CCCCC4)C3)CC2)CC1
C1CCC(C2CCC(C3CCCCC3)CC2)CC1
C1CCC(CCCCCC2CCC(CC3CCCCC3)CC2)CC1
C1CCC(CCC2CCC(CC3CCCCC3)CC2)CC1
C1CCC(CCCCC2CCC(CC3CCCCC3)CC2)CC1
C1CCC(CC2CCC(CC3CCCCC3)CC2)CC1
C1CCC(C2CCC(C3CCC4CCCCC43)CC2)CC1
C1CCC(C2CCCCC2C2CCC(C3CCCC3)CC2C2CCCCC2)CC1
C1CCC(CC2CCCC(C3CCC(C4CCCCC4)CC3)C2)CC1
C1CCC(CC2CCC(CC3CCC(CC4CCCCC4)CC3)CC2)CC1
C1CCC(CC2CCCC(C3CCCC(C4CCC(CC5CCCCC5C5CCCC5)CC4)C3)C2)CC1
C1CCC(CCC2CCC(C(CC3CC3)C3CCCCC3)C(C3CCCCC3)C2)CC1
C1CCC(CC2CCCC(C3CCCCC3)C2)CC1
C1CCC(C2CCCC(C3CCCC4CC(C5CCCCC5)CCC43)C2)CC1
C1CCC(CCCCCC2CCC(C3CCCC(C4CCCCC4)C3)CC2)CC1
C1CCC(C2CCC(CC3CCC(C4CC5CCCCC5C4)CC3)CC2)CC1
C1CCC(C2CCCC(C3CCC(C4CCCC4)CC3)C2)CC1
C1CCC(C2CCC(CC3CCC(CC4CCCC(CC5CC5)C4)CC3)CC2)CC1
C1CCC(CC2CCC(CC3CCC(C4CCC(C5CCCCC5)CC4)CC3)CC2)CC1
C1CCC(CCC2CCCC(C3CCC4CCC(CCC5CCCC5)CC43)C2)C1
C1CCC(CC2CCC(C3CCCCC3)CC2)CC1
C1CCC(CC2CCC(C3CCCC(C4CCCCC4)C3)CC2)CC1
C1CCC(CC2CCC(CC3CCC4CC(C5CCCCC5CC5CCCCC5)CCC34)CC2)CC1
C1CCC(CCCC2CCC(CC3CCCCC3)CC2)CC1
C1CCC2C(C1)CCC2C1CCCCC1C1CCC(C2CC2)CC1C1CCCC1
C1CCC(CC2CCCC(C3CC4CCCCC4C(C4CCCCC4)C3)C2)CC1
C1CCC(CCCCCC2CCC(CC3CCCCC3C3CCCCC3)CC2)CC1
C1CCC(CCC2CC(C3CCCCC3)CCC2CC2CCCC2)CC1
C1CCC(CC2CCC(C3CCCCC3)CC2)CC1
C1CCC(CCC2CCCC(C3CCCC(C4CCC5CCCCC54)C3)C2)C1
C1CCC(C2CCC(C3CCCCC3C3CCC4CCCC4C3)CC2)C1
C1CCC(C2CCCCC2CCC2CCC3CCCC3C2)CC1
C1CCC(CC2CCCC(C3CC(C4CCCCC4)CCC3C3CCCCC3C3CCC4CCCC4C3)C2)CC1
C1CCC(CCC2CCCCC2C2CCC3C(CC4CCCCC4)CCCC3C2)CC1
C1CC(CCC2CCC(CC3CCC(C4CC4)CC3)CC2)CC(C2CC2)C1
C1CCC(CC2CCC(C3CCCCC3)CC2C2CCCCC2)CC1
C1CCC(CCC2CC(C3CC3)CCC2CC2CCCCC2)CC1
C1CCC(CCC2CCCCC2CC2CCCCC2)CC1
C1CCC(CCC2CCC(CC3CCCC(C4CCCCC4)C3)C(C3CCCCC3)C2)CC1
C1CCC(CCC2CCCCC2C2CCCCC2CC2CCCCC2)CC1
C1CCC(CC2CCC(CC3CCC(C4CCC(C5CCCCC5)CC4C4CCCC4)CC3)CC2)CC1
C1CCC(CCC2CCC(CC3CCCCC3)C(C3CCC4CCCC4C3)C2)CC1
C1CCC(CC2CCCC(C3CCCCC3)C2)CC1
C1CCC(CC2CC3CCCCC3C(C3CCCCC3)C2)CC1
C1CCC(CC2CCC(C3CCCC3)C(C3CCCCC3C3CCC4CCCC4C3)C2)CC1
C1CCC(CC2CCC(CCCC3CCC(C4CCCCC4)CC3)CC2)CC1
C1CCC(C2CCCC(CCC3CC(C4CCCCC4)C4CC(CC5CCCC5)CCC34)C2)CC1
C1CCC(CC2CCCC(C3CC(C4CCCC4)CC(C4CCC5CCCC5C4)C3)C2)CC1
C1CC(CC2CCC(CCC3CCCC(C4CCC(C5CCCC5)CC4)C3)CC2)C1
C1CC2CCC(C3CCC(C4CCCC4)C(C4CCCC4)C3)CC2C1
C1CCC(C2CCCC(C3CCCCC3CCC3CC3)C2)CC1
C1CCC(CC2CCCC(CC3CCCCC3)C2)CC1
C1CCC(CCCCC2CCC(CCC3CCCCC3)CC2)CC1
C(CCCC1CCCC(C2CCCCC2)C1)CCC1CCCCC1
C1CCC(C2CCCCC2CCCC2CCC(CC3CC4CCCCC4C3)CC2)CC1
C1CCC(CCC2CC(C3CCC3)CCC2C2CCCCC2)CC1
C1CCC(CC2CCC3C(CC4CCCCC4)CC(CC4CCCCC4)C3C2)CC1
C1CCC(CCCC2CCC(CCCC3CCCC3)CC2)CC1
C1CCC(CCC2CCC(C3CCCC(C4CC5CCCCC5C4)C3)C2)CC1
C1CCC(CC2CC(C3CCC(C4CCCCC4)CC3)C3CCCCC23)CC1
C1CCC(C2CCC(C3CCCCC3)CC2)CC1
C1CCC(CC2CCC(C3CCCC(C4CCC5CCCC5C4)C3)CC2)CC1
C1CCC(CCCCC2CCCC(C(CC3CCCCC3)C3CCCC3)C2)CC1
C1CCC(CC2CCCC(C3CCCCC3)C2)CC1
C1CCC(CCC2CCCC(CC3CCCCC3)C2)CC1
C1CCC(C2CCC3C(CCCC3C3CCCCC3)C2)CC1
C1CCC(C2CCCC(C3CCCC(C4CCCC(C5CCCCC5)C4)C3)C2)CC1
C1CCC(CCCCCC2CCCCC2C2CCCCC2)CC1
C1CCC(C2CCCC(C3CCCCC3)C2)CC1
C1CCC(CC(CC2CCCC(C3CCCC(C4CCCCC4)C3)C2)C2CCCCC2)CC1
C1CCC(CCCC2CC(CC3CC3)CCC2C2CCCC(CC3CCCCC3)C2)CC1
C1CCC(CC2CCCCC2C2CCCC2)CC1
C1CCC(C2CCCCC2C2CCCCC2)CC1
C1CCC(C2CCCC(CC3CCCC(C4CCC5CCCC5C4)C3)C2)CC1
C1CCC(CC2CC(C3CCCCC3)CC(C3CCCC3)C2)CC1
C1CCC(C2CCCC(C3CCCC(C4CCCCC4)C3)C2)CC1
C1CCC(CCC2CCC(C3CCCC(CCC4CCC4)C3)CC2)CC1
C1CCC(CC2CCC(C3CCCCC3)CC2)CC1
C1CCC(CC2CCC(C3CCCC(C4CCCC4)C3)CC2)CC1
C1CCC(CCCC2CCCC(C3CCCCC3)C2)CC1
C1CCC(CCC2CC(CC3CCCCC3)CCC2CC2CCCCC2)CC1
C1CCC(CC2CCC(CCCC3CCCC(C4CCCCC4)C3)CC2)CC1
C1CCC(CCC2CCCC(C3CCCCC3)C2)CC1
C1CC2CCC(C3CCCCC3C3CCCC(C4CCC5CCCCC54)C3)CC2C1
C1CCC(CC2CCCC(CC3CCC(C4CCCCC4)CC3)C2)CC1
C1CCC(CC2CCC(CCCC3CCCCC3CC3CCCCC3)CC2)CC1
C1CCC(CCCCC2CCCC(C3CCC(C4CCCCC4)CC3)C2)CC1
C1CCC(CCC2CCCC(C3CCCCC3)C2)CC1
C1CCC(CC2CCC(C3CCCCC3)CC2)CC1
C1CCC(C2CCCC(C3CCCC(CC4CC4)C3)C2)CC1
C1CCC(CC2CCCCC2C2CCC3CCCC3C2)CC1
C1CCC(CC2CCCCC2C2CCCCC2)CC1
C1CCC(CC2C(C3CCCCC3)CCCC2C2CCC2)CC1
C1CCC(CC2CCC(C3CCCCC3)CC2C2CCCCC2)CC1
C1CCC(C2CCC(C3CC(C4CCCCC4C4CCCC4)C4CCCCC34)CC2)C1
C1CCC(C2CCC(CC3CCCC(C4CCC5CCC(C6CCCCC6)CC5C4)C3)CC2)CC1
C1CCC(CC2CCC(C3CCCCC3)C(C3CCCCC3)C2)CC1
C1CCC(C2CCC3C(CC4CCCC(C5CCC5)C4)CCCC3C2)CC1
C1CCC(CC2CC(CC3CCCCC3C3CCCCC3)C3CCCCC23)CC1
C1CCC(CCC2CCC3CC(CC4CCCCC4)CC(C4CCCCC4)C3C2)CC1
C1CCC(CC2CCC3C(CCC4CCCC(C5CCC(C6CCCCC6)CC5)C4)CCC3C2)CC1
C1CCC(C2CCCC(C3CCCC(CCCC4CCCC4)C3)C2)CC1
C1CCC(C2CCCC(C3CCCC(C4CCCC(CCC5CCCC5)C4)C3)C2)CC1
C1CCC(CC2CCC(CC3CCCCC3)CC2)CC1
C1CC(CC2CCC(C3CCCC3)CC2)CC(CC2CCCCC2C2CCCC2)C1
C1CCC(CC2CCC(C3CCCC(C4CC(CC5CCCCC5)C5CCCCC54)C3)CC2)CC1
C1CCC(CCC2CCCC(CC3CCCCC3)C2)CC1
C1CCC(C2CCC(C3CC(CC4CCCC(C5CCCCC5)C4)C4CCCCC43)CC2)CC1
C1CCC(CCC2CCCC(C3CCC(CC4CC5CCCCC5C4)CC3)C2)CC1
C1CCC(CC2CCCC(C3CCC(C4CCCCC4)CC3)C2)CC1
C1CCC(C2CCCC(C3CCC(CC4CC5CCCCC5C4)CC3)C2)CC1
C1CCC(CC(C2CCCCC2)C2CCCCC2)CC1
C1CCC(CCCC2CCCC(CCCC3CCCCC3)C2)CC1
C1CCC(CC2CCCC(CCCCC3CCCC(C4CCCC4)C3)C2)CC1
C1CCC(CC2CCCCC2C2CCCCC2)CC1
C1CCC(CC2CCC(CC3CCC(CC4CCCCC4)CC3)CC2)CC1
C1CCC(CCCCCC2CCCCC2CC2CCCCC2)CC1
C1CCC(CCCCC2CCC(CC3CCC(CC4CC(CC5CCCC5)C5CCCCC45)CC3)CC2)CC1
C1CCC(CCCCC2CCCCC2)CC1
C1CCC(C2CCC(CC3CC(C(C4CCCCC4)C4CCCCC4)C4CCCCC34)CC2)CC1
C1CCC(C2CCCC(C3CCCC(CC(C4CCCCC4)C4CCCCC4)C3)C2)CC1
C1CCC(CC2CCC(C3CCCC(CC4CCCCC4)C3)CC2)CC1
C1CCC(CC2CCC(C3CCC(CC4CCCC(C5CCCCC5)C4)CC3)CC2)CC1
C1CCC(CCC2CCCCC2)CC1
C1CCC(CCCC2CCC(CCCCC3CCCC(C4CCC4)C3)CC2)CC1
C1CCC(CC2CCC3C(CC4CCCCC4)CC(C4CCCCC4)C3C2)CC1
C1CCC(CCCCC2CCCC(CCCC3CCCCC3)C2)CC1
C1CCC(CCC2CCC(C3CCC4CCCCC4C3)CC2)CC1
C1CCC(CCC2CCC(CC3CCCCC3C3CCCCC3)CC2)CC1
C1CCC(C2CCCC(C3CCCC4CCCCC43)C2)CC1
C1CCC(CC2CCCC(CCC3CCCC3)C2)CC1
C1CCC(CCC2CCC(CCCC3CCCC(C4CCCCC4)C3)CC2)CC1
C1CCC(CC2CCCC(CCCC3CCC(C4CCCCC4)CC3)C2)CC1
C1CCC(CC2CCC(CC3CCCCC3)CC2)CC1
C1CCC(CCC2CCC(C3CCCCC3)CC2)CC1
C1CCC(CC2CCC3CC(C4CCC5CCCCC54)CC(C4CCCCC4)C3C2)CC1
C1CCC(C2CCCCC2C2CCCCC2)CC1
C1CCC(C2CCC(CC3CCC4CCCCC43)CC2C2CC2)CC1
C1CCC(C2CCCC(C3CCC(C4CCC5CCCCC54)CC3)C2)CC1
C1CCC(CCCC2CCC(C3CCCC3)CC2)CC1
C1CCC(CC2CCCC(C3CCCC(C4CCCCC4)C3)C2)CC1
C1CCC(C2CCC(C3CCCC(C4CCCC(C5CCCC5)C4)C3)CC2)CC1
C1CCC(CCC2CCCCC2C2CCCCC2)CC1
C1CCC(CC2CCCC(CCC3CC4CCCCC4C3)C2)CC1
C1CCC(CC2CCC(C3CCCCC3)CC2)CC1
C1CCC(CC2CCC(CCCCC3CCC(CC4CCCC4)CC3)CC2)CC1
C1CC2CCC(C3CCC(C4CCCC5CCCCC54)C(C4CCCC4)C3)CC2C1
C1CCC(CC2CC(CC3CCCCC3C3CCCCC3)C3CCCCC23)CC1
C1CCC(CC2CCCC(C3CCCC(C4CCCCC4)C3)C2)CC1
C1CCC(CC2CCCC3CCCCC32)CC1
C1CCC(CC2CCC(CCC3CCC(CC4CCCCC4)CC3)CC2)CC1
C1CCC(CCC2CCC(CC3CCCCC3)CC2)CC1
C1CCC(CCC2CCCCC2C2CCC(C3CCCCC3)CC2)CC1
C1CCC(CC2CCC(CC3CCCC3)CC2)CC1
C1CCC(CC2CCC(CCC(C3CCCCC3)C3CCCCC3)CC2)CC1
C1CCC(C2CCCC(C3CCCC(C4CC(C5CCCCC5)C5CCCCC45)C3)C2)CC1
C1CCC(CCC2CCCCC2C2CCC(CC3CCCCC3)CC2)CC1
C1CCC(C2CCCC(CCC3CCC(CC4CCC5CCCC5C4)CC3)C2)CC1
C1CCC2CC(CC3CCCC(C4CCCCC4C4CCC5CCCC5C4)C3)CC2C1
C1CCC(CCC2CC(CC3CCCC(CC4CCCCC4)C3)C3CCCCC23)CC1
C1CCC(CCCCC2CCCCC2C2CCC(C3CC3)CC2)CC1
C1CCC(CC2CCCC(C3CCCCC3)C2)CC1
C1CCC(CCC2CCCC(C3CCCCC3)C2)CC1
C1CCC(CC2CCCC(CC3CCC(CC4CCC5CCCC5C4)CC3)C2)CC1
C1CCC(C2CCCC(C3CCC4CCCCC43)C2)CC1
C1CCC(CCC2CCCCC2)CC1
C1CCC(CCC2CCCC(CC3CCCCC3)C2)CC1
C1CCC(C2CCCC(CC3CCCCC3C3CCCC3)C2)CC1
C1CCC(C2CCC3CC(C4CCCCC4)CCC3C2)CC1
C1CCC(C2CCC(C3CCCCC3)CC2)CC1
C1CCC(CC2CCCCC2C2CCCCC2)CC1
C1CCC(CCC2CCC(C3CCCCC3)CC2)CC1
C1CCCCC1
C1CCC(C2CCCC(C3CCCCC3C3CCC4CCC(C5CCC5)CC4C3)C2)CC1
C1CCC(C2CCCC(CCC3CCC(C4CCCCC4)CC3C3CCCCC3)C2)CC1
C1CCC(CCC2CCC(C3CCC4CCCCC43)C(C3CCCC3)C2)CC1
C1CCC(CCCCCC2CCCC(C3CCCC(C4CCCCC4)C3)C2)CC1
C1CCC(CC2CCC(CCCC3CC(CC4CC4)CC(C4CCCCC4)C3)CC2)CC1
C1CCC(CCC2CCC(C3CCC(C4CCCC4)CC3)CC2)CC1
C1CCC(CC2CCC(C3CCCCC3)CC2)CC1
C1CCC(CCC(CCC2CCC(CC3CCCCC3)CC2)C2CCCCC2)CC1
C1CCC(C2CCC(CCCC3CC3)CC2)CC1
C1CC(CCC2CC3CCCCC3C2)CC(C2CCC(C3CCCC(C4CC4)C3)CC2)C1
C1CCC(CC2CCCC(C3CCC(C4CCCC4)CC3)C2)CC1
C1CCC(CC2CCC(C3CCCC(CC4CCCCC4)C3)CC2)CC1
C1CCC(C2CCCC(CC3CCCCC3CC3CCC4CCCCC43)C2)CC1
C1CCC(CC2CCC3CCCCC32)C(CC2CCC(CC3CCC(C4CC5CCCCC5C4)CC3)CC2)C1
C1CCC(C2CCCCC2)CC1
C1CCC(C2CCC(CC3CCCC3)CC2)CC1
C1CC(C2CCC(C3CCCC(C(CCCC4CC5CCCCC5C4)C4CC5CCCCC5C4)C3)CC2)C1
C1CCC(CCCC2CCC(CCC3CCCC(C4CCC(C5CCCCC5)CC4)C3)CC2)CC1
C1CCC(C2CC(C3CCCCC3)C3CCCCC23)CC1
C1CCC(C2CCCCC2CC2CCC(C3CCC(CC4CCCC4)CC3)CC2)CC1
C1CCC(C2CCCCC2C2CCCC(CCC3CCC(CC4CCCC4)CC3)C2)CC1
C1CCC(CC2CC(CC3CCCCC3)C3CC(C4CCCCC4)CCC23)CC1
C1CCC(C2CCCC(C3CCC4CCCCC4C3)C2)CC1
C1CCC(CC2CCC(C3CCC(C4CCC(CC5CCCC(C6CCCC6)C5)CC4)CC3)CC2)C1
C1CCC(CCCCCC2CC3CCCC3C(C3CCCCC3)C2)CC1
C1CCC(CCC2CCC(C3CCCCC3CC3CCCCC3C3CCCCC3)CC2)CC1
C1CCC(C2CCC(C3CC(C4CCC5CCCCC54)CCC3C3CCC4CCCCC4C3)CC2)CC1
C1CCC(C2CCC(C3CCCCC3)C(C3CCCCC3)C2)CC1
C1CCC(C2CCC(CCCC3CCC(C4CCCCC4)CC3)CC2)CC1
C1CCC(CC2CCC3CCCCC3C2)CC1
C1CCC(CCC2CC(CC3CCC(CC4CC4)CC3)CCC2C2CCCCC2)CC1
C1CCC(CCC2CCCC(C3CC(C4CCCC4)C4CCC(CC5CCC6CCCCC65)CC34)C2)CC1
C1CCC(C2CC(C3CCC4CCCC4C3)C3CCCCC23)CC1
C1CCC(CC2CCCC(C3CCCCC3)C2)CC1
C1CCC(C2CC(C3CCCCC3)C(C3CCCC(CC4CCC4)C3)C(C3CCCCC3)C2)CC1
C1CCC(C2CCC(CCC3CCC(CC4CC5CCCCC5C4)CC3)CC2)CC1
C1CCC(CC2CCC3CC(C4CCCCC4)CCC23)CC1
C1CCC(CCCC2CCCCC2CC2CCC(CC3CCCCC3)CC2)CC1
C1CCC(C2CCC(C3CCC4CCCCC43)CC2)CC1
C1CCC(CC2CCC(CCC3CCC(C4CCC(C5CCC5)CC4)CC3)CC2)CC1
C1CCC(CCC2CCC(C3CCCC(CC4CC5CCCCC5C4)C3)CC2)C1
C1CC(C2CCCC(C3CCC(CC4CC5CCCCC5C4)CC3)C2)C1
C1CC(CCC2CC2)CC(CC2CCC3CCCC3C2)C1
C1CCC(C2CCCCC2CC2CCC(C3CC4CCCC(C5CCCCC5)C4C3)CC2)CC1
C1CCC(CCC2CCC(C3CCCC4CC(CC5CCCCC5)CCC43)CC2)CC1
C1CCC(CC2CCC(CC3CCC(C4CCCCC4)CC3)CC2)CC1
C(CCC1CCC(CC2CCC(C3CC3)CC2)CC1)CCC1CCCC(CC2CCCC2)C1
C1CCC(CCC2CCC(C3CCCCC3C3CCCCC3)CC2)CC1
C1CCC(C2CCCC(C3CCCCC3)C2)CC1
C1CCC(CCC2CCC(CC3CCCCC3)CC2)CC1
C1CCC(C2CCCC(CC3CCC4CCCCC43)C2)CC1
C1CCC(C2CCCC(C3CCCCC3)C2)CC1
C1CCC(CC2CCCCC2C2CCCCC2)CC1
C1CCC(CCC2CCCCC2CCC2CCCCC2)CC1
C1CCC(C2CCCCC2CCC2CCC(CC3CCCCC3C3CCC4CCCC4C3)CC2)CC1
C1CCC(CCCCC2CCCC(C3CCCCC3)C2)CC1
C1CCC(C2CCCC(CC3CCC(C4CCCC(C5CCC6CCCC6C5)C4)CC3)C2)CC1
C1CCC(C2CCC(CCC3CCCC(C4CC4)C3)CC2)CC1
C1CCC(CC2CC(C3CCCCC3CC3CCCCC3)C3CCCCC23)CC1
C1CCC(CC2CCCCC2CC2CCC(CCC3CCC4CCCCC4C3)CC2)CC1
C1CCC(C2CCC(C3CCCC(CC4CC5CCCCC5C4)C3)CC2)CC1
C(CCC1CCC(C2CC(C3CCCC(CC4CCCC4)C3)C3CCCCC23)CC1)CC1CC1
C1CCC(CCCCCC2CCCC(C3CCCC4CC(C5CCCCC5)CCC43)C2)CC1
C1CCC(C2CCC3C(CCCC3C3CCCC(CCCC4CCC5CCCC5C4)C3)C2)CC1
C1CCC(CC2CCC(CC3CCCC(C4CCCC4)C3)CC2)CC1
C1CCC(C2CCC(CC3CCCC(C4CCCCC4)C3)CC2)CC1
C1CCC(CC2CCC(CC3CCCCC3CC3CCCCC3)CC2)CC1
C1CCC(CCCCC2CCC(CC3CCC(CCC4CC5CCCCC5C4)CC3)CC2)CC1
C1CCC(CCC2CCC(CCCC3CCCC(C4CCCCC4)C3)CC2)CC1
C1CCC(C2CCC(C3CCC(C4CCCCC4C4CCCC4)CC3)CC2)CC1
C1CCC(CC2CCC(CC(C3CCCCC3)C3CCCCC3)CC2)CC1
C1CCC(CC2CCC3CC(C4CCCCC4)CC3C2)CC1
C1CCC(C2CCCC(CCCC3CCC(CC4CCCC(C5CCCC5)C4)CC3)C2)CC1
C1CCC(CC2CCCC(C3CCCCC3)C2)CC1
C1CCC(CCCC2CCC(C3CCCCC3)CC2)CC1
C1CCC(CCC2CCCCC2C2CCCCC2)CC1
C1CCC(C2CCC(CCCC3CCCC(C4CCCCC4)C3)CC2)CC1
C1CCC(C2CCC(C3CCC4CCC(C5CCC6CCCC6C5)C4C3)CC2)CC1
C1CCC(CC2CCC(CC3CCC(C4CCCCC4)CC3)CC2)CC1
C1CCC(CC2CCC(CCC3CCCC(C4CCC5CCCCC54)C3)CC2)CC1
C1CCC(CC2CCC(CC3CCCCC3)CC2)CC1
C1CCC(C2CCCC(CCCC3CCC(C4CCC5CCCCC54)CC3)C2)CC1
C1CCC(CCC2CCC(CCC3CCCC(C4CCCCC4C4CCCC4)C3)CC2)CC1
C1CCC(C2CCCCC2C2CCCCC2C2CCCCC2C2CCCC2)CC1
C1CCC(CC2CC(CC3CCCC(CC4CCC5CCCCC5C4)C3)C3CCCCC23)CC1
C1CCC(CC2CCCC(C3CCC4CCC(C5CCCCC5)CC4C3)C2)CC1
C1CCC(CCCCC(CC2CCCCC2)C2CCCCC2)CC1
C1CCC(CC2CCC(C3CCCCC3)CC2)CC1
C1CCC(CC2CC(C3CCCCC3)C3CCCCC23)CC1
C1CCC(CC2CCCCC2CC2CCCC3CCCCC32)CC1
C1CCC(CC2CCC(C3CCCCC3C3CCC4CCCC4C3)CC2)CC1
C1CCC(C2CCCC(CC3CCCC(C4CCCC4)C3)C2)C1
C1CCC(CCC2CC(C3CCC(C4CCCC(C5CCC5)C4)CC3)C3CCCCC23)CC1
C1CCC(CC2CCC(CC3CCC(C4CCCCC4)CC3)CC2)CC1
C1CCC(C2CCCC(C3CC(CCCC4CCC4)CC(CCC4CCCC(C5CCCC5)C4)C3)C2)CC1
C1CCC(CC2CCC(C3CCCC(C4CCCC4)C3)CC2)CC1
C1CCC(CC2CCC(CC3CCC(CC4CCC(C5CCCC5)CC4)CC3)CC2)CC1
C1CCC(CC2CCCC(C3CCCC3)C2)CC1
C1CCC(C2CCC(C3CCCC(C4CCCCC4)C3)CC2)CC1
C1CCC(C2CCCC(C3CCCCC3C3CCCCC3)C2)CC1
C1CCC(CC2CC(CCCCC3CCCC(C4CCCCC4)C3)C3CCCCC23)CC1
C1CCC(CC2CCCCC2C2CCC(C3CCC(C4CCC4)CC3)CC2)CC1
C1CCC(CCCC2CC(C3CCCCC3)CCC2C(C2CCCCC2)C2CCCCC2)CC1
C1CCC(CCCC2CCCC(CCC3CCCCC3)C2)CC1
C1CCC(CC2CCC(C3CCCCC3)CC2)CC1
C1CCC(CCCCC2CCCC(CC3CCCC(C4CC5CCCCC5C4)C3)C2)CC1
C1CCC(C2CCC(CC3CCC(C4CCC(C5CCCCC5C5CCCC5)CC4)CC3)CC2)CC1
C1CCC(CC2CCC(CCC3CCC4CCCCC4C3)CC2)CC1
C1CCC(CCCCCC2CCC(C3CCCCC3C3CCCCC3)CC2)CC1
C1CCC(CCCC2CCC(CCC3CCC(C4CCCC4)CC3)C(CC3CCCCC3)C2)CC1
C1CCC(C2CCC(C3CCCC(CCCC4CC5CCCCC5C4)C3)CC2)CC1
C1CCC(CC2CCC(C3CCC(CCC4CC4)CC3)CC2)CC1
C1CCC(CCCC2CCCCC2)CC1
C1CCC(C2CCCCC2CC2CCCC2)CC1
C1CCC(C2CCC(CCC3CCCCC3C3CCC4CCCCC4C3)CC2)CC1
C1CCC(CC2CCCC(CC3CCCCC3)C2)CC1
C1CCC(C2CCCC(C3CCCCC3CC3CCCC(C4CCC(C5CC5)CC4)C3)C2)CC1
C1CCC(CC2CCCCC2C2CC3CCC(C4CCCCC4)CC3C(C3CCCCC3)C2)CC1
C1CCC(CCC2CCCC(CCC3CCCCC3)C2)CC1
C1CCC(C2CCCC(CCC3CC4CCCCC4C3)C2)CC1
C1CCC(C2CCCC(CCC3CCC(C4CCCC(C5CCCCC5)C4)CC3)C2)CC1
C1CCC(CCC2CCCC(C3CCCCC3)C2)CC1
C1CCC(CC2CCCCC2C2CCCCC2)CC1
C1CCC(CCC2CCC(C3CCCCC3)CC2)CC1
C1CCC(CCC2CCCC(CC3CCCC(C4CCCCC4)C3)C2)CC1
C1CCC(CCC2CCC(CC3CCCCC3)CC2)CC1
C1CCC(CCCC2CCCC(C3CCCCC3)C2)CC1
C1CCC(CCC2CCC(C3CCC4CCCC4C3)CC2C2CCCCC2)CC1
C1CCC(CC2CCCCC2C2CCCCC2C2CCCC2)CC1
C1CCC(CCC2CC(CC3CCCCC3)CC(CC3CC4CCCCC4C3)C2)CC1
C1CCC(C2CCCC(C3CCCCC3)C2)CC1
C1CCC(CC2CCC(CC3CCC(C4CC(CC5CCCC(CCC6CC6)C5)C5CCCCC54)CC3)CC2)C1
C(CCCC1CCCC(C2CCCC(CC3CCC3)C2)C1)CCC1CCCCC1
C1CCC(CCCC2CCCCC2CCC2CCC(C3CC3)CC2)CC1
C1CCC(C2CC(C3CCC4CCCCC43)CC3CCC(CC4CCC4)CC32)CC1
C1CCC(CCC2CCCCC2CCCC2CCCC(C3CCCCC3)C2)CC1
C1CCC(CC2CC(CC3CCC(C4CCCCC4)CC3)C3CCCCC23)CC1
C1CCC(CC2CCC(CC3CCC(CCCC4CC4)CC3)CC2)CC1
C1CCC(CC2CCCC(C3CCC(CC4CCCC4)CC3)C2)CC1
C1CCC(CC2CCC(CCC3CCC(CC4CCC5CCCC5C4)CC3)CC2)CC1
C1CCC(C2CCC(CC3CCC(C4CCC(C5CCCC(C6CCCC6)C5)CC4)CC3)CC2)CC1
C1CCC(CC2CCCC(C3CCCCC3)C2)CC1
C1CCC(C2CCCCC2CC2CCC(CCCCC3CCCC3)CC2)CC1
C1CCC(CC2CCCC(CC3CCC(C4CCCC4)CC3)C2)CC1
C1CCC(CC2CC(CC3CCCCC3)CC(C3CCCCC3)C2)CC1
C1CCC(CCC2CCC(CCC3CCCCC3)CC2)CC1
C1CCC(CCCC2CCC(C3CC(C4CCCCC4)C3)CC2)CC1
C1CCC(CCCC2CCCC(C3CCC(CCC4CCCCC4)CC3)C2)CC1
C1CCC(CCC2CCC(CC3CCCCC3)CC2)CC1
C1CCC(C2CCCC(C3CCC(C4CC(C5CCCCC5)C4)CC3)C2)CC1
C1CCC(CC2CCCCC2)CC1
C1CCC(CC2CCCC(CCC3CCC(CCCC4CCC4)CC3)C2)CC1
C1CCC(C2CC(C3CCC4CCCCC43)CC3CCC(C4CCCC4)CC32)CC1
C1CCC(CC2CCCC(CC3CCC(CCC4CC5CCCCC5C4)CC3)C2)CC1
C1CCC(CC2CCC(CCC3CCC(CCC4CCCC4)CC3)CC2)CC1
C1CCC(CCCC2CCCC(C3CCCC(C4CCCCC4)C3)C2)CC1
C1CCC(CCCC2CCCCC2C2CCCCC2CC2CCCCC2)CC1
C1CCC(C2CCCCC2C2CCC3CCCCC3C2)CC1
C1CCC(C2CCCC(C3CCC(C4CCCCC4C4CCCCC4)CC3)C2)CC1
C1CCC(CC2CCCCC2C2CCC3C(C2)CC(CC2CCCCC2)C2CCCC23)CC1
C1CCC(CC2CCC(C3CC4CCCCC4C(C4CCCCC4)C3)CC2)CC1
C1CCC(CCC2CCCC(C3CC4CCCCC4C3)C2)CC1
C1CCC(CCC2CCCC(CCC3CCC(C4CCCCC4)CC3)C2)CC1
C1CCC(CCCC2CCC3CC(C4CCCCC4)CCC3C2)CC1
C1CCC(CC2CCC3CC(C4CCC(C5CC5)CC4)CCC3C2)CC1
C1CCC(CCC2CCCCC2CC2CC3CCCCC3C2)CC1
C1CCC(CC2CCCC(C3CCCCC3)C2)CC1
C1CCC(C2CCCC(CC3CCCCC3C3CCCC3)C2)CC1
C1CCC(CCC2CCCCC2C2CCC(C3CCCCC3)CC2)CC1
C1CCC(C2CCC(C3CCCCC3C3CCCC(C4CCCCC4)C3)CC2)CC1
C1CCC(CC2CCCC(C3CCCC(C4CCCCC4)C3)C2)CC1
C1CCC(CCC2CCC(CC3CCC4CCCCC43)CC2)CC1
C1CCC(CCC2CCC(C3CCCC(C4CCCCC4)C3)CC2)CC1
C1CCC(CCC2CCCC(CCC3CC(CC4CCCC(C5CCCCC5)C4)C4CCCCC34)C2)CC1
C1CCC(C2CCCC(C3CCCCC3C3CCCCC3)C2)CC1
C1CCC(CC2CCCC(CC3CC4CCCCC4C3)C2)CC1
C1CCC(CCC2CCC(C3CCCCC3)CC2)CC1
C1CCC(CCC2CCCC(C3CCCC(C4CCCCC4)C3)C2)CC1
C1CCC(CCCC2CCC(CC3CCC(C4CCCCC4)CC3)CC2)CC1
C1CCC(C2CCCC(C3CC(C4CCC5CCCCC54)CC4CCCCC43)C2)CC1
C1CCC(C2CCCC(C3CCC(C4CC4)CC3)C2)CC1
C1CCC(C2CCCC(C3CCCC(C4CCCCC4)C3)C2)CC1
C1CCC(C2CCC(CCC(CC3CCC(C4CCCCC4)CC3)C3CCCCC3)CC2)CC1
C1CCC(CC2CCCC(C3CCCC(C4CCCCC4CC4CCCCC4)C3)C2)CC1
C1CCC(CCC2CC(C3CCCCC3)CC(CCC3CCCC3)C2CCC2CCCCC2)CC1
C1CCC(CC2CCCC(C3CCCCC3)C2)CC1
C(CCCCC1CCC(C2CCCCC2)CC1)CCCC1CCCCC1
C1CCC(CCC2CCCC(CC3CCCCC3)C2)CC1
C1CCC(CCCC2CCC(C3CCCCC3)CC2)CC1
C1CCC(C2CCCC(C3CCCC3)C2)CC1
C1CCC(CCC2CCC(C3CCCCC3C3CCC4CCCC4C3)CC2)CC1
C1CCC(CCCCC2CCC(CC3CCC(CC4CCCCC4)CC3)CC2)CC1
C1CCC(CCC2CCC(C3CCCCC3)CC2)CC1
C1CCC(CC2CCCCC2C2CCCC(CC3CCC(CCC4CCCCC4C4CCCC4)CC3)C2)CC1
C1CCC(C2CCC(CCC3CCCC(C4CCCCC4)C3)CC2)CC1
C1CCC(CCC2CC(C3CCCCC3)CC(C3CCC(C4CC4)CC3)C2)CC1
C1CCC(C2CCC3CC(C4CCC5CCCCC54)CC(C4CCCCC4)C3C2)CC1
C1CCC(CC2CCC(CC3CCC(C4CCC(C5CCCCC5)CC4)CC3)CC2)CC1
C1CCC(C2CCCC(CCC3CCC4CCCCC4C3)C2)CC1
C1CCC(CC2CCCC3CC(C4CCCCC4CC4CCCC(C5CCCCC5)C4)CCC23)CC1
C1CCC(CC2CC3CCC(C4CCC(C5CC5)CC4)CC3C(C3CCC4CCCCC4C3)C2)CC1
C1CCC(CC2CCC(C3CCCCC3)CC2)CC1
C1CCC2C(C1)CCC2C1CCC(CC2CCC(CCC3CC3)CC2)CC1
C1CCC(C2CCC3CC(CCC4CCC4)CCC3C2)CC1
C1CCC(CC2CCC(CCC3CC(C4CCCCC4)CC(C4CCCCC4)C3)CC2)CC1
C1CCC(CC2CCCCC2CC2CCCC(C3CCCCC3)C2)CC1
C1CCC(CC2CCC(C3CCCCC3C3CCCC(CC4CCCCC4)C3)CC2)CC1
C1CCC(CCCC2CCC(C3CCCCC3)CC2)CC1
C1CCC(C2CCC(C3CCCC3)CC2)CC1
C1CCC(CCCC2CCCC(C(CC3CCCCC3)CC3CCCCC3)C2)CC1
C1CC(C2CCC(C3CCCCC3CC3CCC4CCCC4C3)CC2)C1
C1CCC(CCC2CCCC(CC3CCCC(C4CCCCC4)C3)C2)CC1
C1CCC(C2CCCCC2CCCC2CCCC(C3CCCCC3C3CCC3)C2)CC1
C1CCC(C2CC(CCCC3CCCC(CC4CCC(C5CCCC5)CC4)C3)C3CCCCC32)CC1
C1CCC(CC2CCCCC2CC2CCCCC2)CC1
C1CCC(CCC2CCCC(CCC(CC3CCCCC3)CC3CC4CCCCC4C3)C2)CC1
C1CCC(C2CCCC(C3CCC(C4CCCCC4C4CCCCC4)CC3)C2)CC1
C1CCC(C2CCCCC2C2CCCCC2C2CCC3CCCCC3C2)CC1
C1CCC(CCC2CCC3CCCC(C4CCCCC4)C3C2)CC1
C1CCC(C2CCCC(CCC3CC(C4CCCCC4)CC(C4CCCCC4)C3)C2)CC1
C1CCC(CCC2CC(C3CCC(C4CCCCC4)CC3)CCC2C2CCC2)CC1
C1CCC(C2CCC(C3CCC(C4CC(C5CCCCC5)C4)CC3)CC2)CC1
C1CCC(C2CCC3CCCCC32)CC1
C1CCC(CC2CCCC(C3CCCCC3)C2)CC1
C1CCC(CCCCC2CCC(C3CCCCC3)CC2)CC1
C1CCC(CC2CCC(CC3CCCCC3)CC2)CC1
C1CCC(CC2CCC(CC3CCCC(C4CCCCC4CC4CCCCC4)C3)CC2)CC1
C1CCC(CC2CC(CC3CCCC(C4CCCCC4)C3)C3CCCCC23)CC1
C1CCC(CCCC2CCCCC2C2CCC(CC3CCCC3)CC2)CC1
C1CCC(C2CCCCC2)CC1
C1CCC(CCCC2CCCC(C3CCCC(C4CCCC(CC5CCCCC5)C4)C3)C2)CC1
C1CCC(CC2CCC(C3CCCCC3CC3CCCCC3)C(CC3CCCCC3)C2)CC1
C1CCC(CC2CCC(C3CCCC4CCC(C5CCCCC5)CC43)C2)CC1
C1CCC(CC2CCC(CC3CCCCC3)CC2)CC1
C1CCC(C2CCCCC2CCCC2CCC(CCCC3CCC(C4CCCC4)CC3)CC2)CC1
C1CCC(CC2CCC(C3CCCCC3CCCC3CCC(CCC4CCC5CCCCC54)CC3)CC2)CC1
C1CCC(C2CCC3CCCC(C4CCCCC4)C3C2)CC1
C1CCC(CC2CCCC(C3CCCCC3)C2)CC1
C1CCC(C2CCCCC2C2CC(C3CCCCC3C3CCCC3)C3CCCCC23)CC1
C1CCC(C2CCCC(C3CCCCC3)C2)CC1
C1CCC(C2CC(CC3CC4CCCCC4C3)CC(C3CCCCC3)C2)CC1
C1CCC(CC2CCCCC2C2CCC(C3CCC4CCCCC43)CC2)CC1
C1CCC(CC2CCC(CC3CC4CCC(C5CCCCC5)C4C3)CC2)CC1
C1CCC(CC2CCC(CC3CCCC(C4CCCCC4)C3)CC2)CC1
C1CCC(C2CCC(CCC3CCC(CCCC4CCCC(C5CCCCC5)C4)CC3)CC2)CC1
C1CCC(C2CCCC(CC3CCCC(C4CCCCC4C4CCCC4)C3)C2)CC1
C1CCC(CC2CCC(CC3CCC(C4CCCC(C5CCCC5)C4)CC3)CC2)CC1
C1CCC(C2CCCCC2C2CCCCC2)CC1
C1CCC(C2CCCC(C3CCC4CC(CC5CCCC5)CCC4C3)C2)CC1
C1CCC(CC2CCC(C3CCC(CC4CCCCC4)CC3)CC2)CC1
C1CCC(CC2CC(C3CCCCC3C3CCCCC3)C3CCCCC23)CC1
C1CCC(C2CCCC(C3CCCC(C4CCCCC4)C3)C2)CC1
C1CCC(CC2CCCC(C3CCCC(C4CCCCC4)C3)C2)CC1
C1CCC(CC2CCC(CC3CCC(C4CCCC(C5CCCCC5)C4)CC3)CC2)CC1
C1CCC(CCC2CCCCC2C2CCCCC2)CC1
C1CCC(C2CCCCC2CCCC2CCC(CC3CCC(C4CC4)CC3)CC2)CC1
C1CCC(C2CCC(C3CCCCC3)CC2)CC1
C1CCC(C2CC(C3CCC3)CC(C3CCCC(CC4CCCC4)C3)C2)CC1
C1CCC(C2CCCCC2)CC1
C1CCC(C(CC2CC3CCCCC3C2)C2CCCC(C3CCC(CC4CCCC4)CC3)C2)CC1
C1CCC(CCCC2CCC(C3CC4CCCCC4C3)CC2)CC1
C1CCC(CC2CCC(CC3CCC(C4CCCCC4)CC3)CC2)CC1
C1CCC(C2CCC(C3CCC(C4CCCC(CC5CC6CCCCC6C5)C4)CC3)CC2)CC1
C1CCC(CC2CCC(CC3CCC(C4CCCC4)C(C4CCCCC4)C3)CC2)CC1
C1CCC(C2CCC(C3CCCCC3)C(C3CCC4CCCC4C3)C2)CC1
C1CCC(CC2CCC(CCCCCC3CCCC(C4CCCCC4)C3)CC2)CC1
C1CCC(CC2CCC3C(CC4CCCCC4)CCC3C2)CC1
C1CCC(CCC2CCC(CC3CCCCC3)CC2)CC1
C1CCC(CCCC2CCC(CC3CCCCC3)CC2)CC1
C1CCC(CC2CC2)CC1
C1CCC(CC2CC(C3CCCCC3)CCC2C2CC3CCCCC3C2)CC1
C1CCC(CCCCCC2CCCCC2)CC1
C1CCC(CC2CCC(C3CCC(C4CCCCC4C4CCCCC4)CC3)CC2)CC1
C1CCC(CC2CC(C3CCC(C4CCCCC4)CC3)C3CCCCC23)CC1
C1CCC(CCCCCC2CCCC(C3CCC4CCCC4C3)C2)CC1
C1CCC(CCC2CCC(C3CCCCC3C3CCCCC3)CC2C2CCCCC2)CC1
C1CCC(C2CCCCC2C2CCC(C3CCCCC3C3CCCCC3)C(C3CCCC3)C2)CC1
C1CCC(CC2CCCC(CCC3CCCC(C4CCCCC4)C3)C2)CC1
C1CCC(C2CCCCC2)CC1
C1CCC(C2CCCC(CCC3CCC(C4CCCCC4CCC4CC4)CC3)C2)CC1
C1CCC(C2CCCCC2CC2CCC(CCC3CC3)CC2)CC1
C1CCC(CCC2CCC(C3CCCC(CC4CCCCC4)C3)CC2)CC1
C1CCC(C2CCCC(C3CCCCC3CC3CCCCC3C3CCC4CCCC4C3)C2)CC1
C1CCC(CC2CCCCC2C2CCCCC2C2CCCCC2)CC1
C1CCC(CCC2CCCCC2)CC1
C1CCC(CC2CC(C3CCCCC3)C3CCCCC23)CC1
C1CCC(CC2CCCCC2C2CCCC3CC(C4CC5CCCCC5C4)CCC32)CC1
C(CC1CC1)CC1CCCC(CC2CCCC(C3CC4CCCCC4C3)C2)C1
C1CCC(CCC2CCCC(CC3CCCC(CC4CCCCC4)C3)C2)CC1
C1CCC(CC2CCC(C3CCC(C4CCC(C5CCCC5)CC4)C3)CC2)CC1
C1CCC(CC2CCC(CC3CCCCC3)CC2)CC1
C1CCC(C2CCC(C3CC(C4CCCCC4C4CCC5CCCC5C4)C4CCCCC34)CC2)C1
C1CCC(C2CCCC(C3CC4CCCCC4C3)C2)CC1
C1CCC(C2CCC(CC3CCCC(C4CCCCC4)C3)CC2)CC1
C1CCC(C2CCCC(CC3CCCCC3C3CCCCC3)C2)CC1
C1CCC(CCC2CCCCC2C2CCC(CC3CCCCC3)CC2)CC1
C1CCC(CCCCC2CCC(C3CCCC(CC4CCC5CCCC5C4)C3)CC2)CC1
C1CCC(CC2CCC(C3CCCCC3)CC2)CC1
C1CCC(CC2CC3CCCCC3C(C3CCCCC3)C2)CC1
C1CCC(C2CCC(C3CCCC(C4CCCCC4C4CCCCC4)C3)CC2)CC1
C1CCC(C2CCC(CCCCC3CC4CCCCC4C3)CC2)CC1
C1CCC(C2CCCC(C3CCCCC3)C2)CC1
C1CCC(CCC2CCCC(C3CCCC(C4CCCCC4)C3)C2)CC1
C1CCC(C2CCCCC2C2CCC(CCC3CCCC3)CC2)CC1
C1CCC(CCC2CCCC(C3CC(CC4CCCCC4)CC(C4CCC4)C3)C2)CC1
C1CCC(CC2CCCC(C3CCCC(C4CCCCC4)C3)C2)CC1
C1CCC(CCC2CCC(C3CCCCC3)CC2)CC1
C1CCC(CC2CCC(C3CCCC(C4CCC4)C3)CC2)CC1
C1CCC(C2CCCC(C3CCCCC3)C2)CC1
C1CCC(C2CCCC(CC3CC(CCC4CCC(C5CCC(CC6CC6)CC5)CC4)C4CCCCC34)C2)CC1
C1CCC(CC2CCCC(C3CCC(C4CCCCC4)CC3)C2)CC1
C1CCC(CC2CCC(C3CCCC(CC4CCCCC4)C3)CC2)CC1
C1CCC(CC2CCCC(CC3CCCCC3)C2)CC1
C1CCC(CC2CCC(C3CCCC(CC4CCCCC4)C3)CC2)CC1
C1CCC(CC2CCC(C3CCCC(C4CCCCC4)C3)CC2)CC1
C1CCC(CC2CCC(CCC3CCCC4CCCC(C5CCC6CCCCC65)C43)CC2)CC1
C1CCC(CC2CCC(C3CCCCC3)CC2)CC1
C1CCC(CCC2CC(CC3CCCC(C4CCC4)C3)CC(C3CCCCC3)C2)CC1
C1CCC(C2CCCCC2)CC1
C1CCC(CC(C2CCCCC2)C2CCCCC2)CC1
C1CCC(C2CCC(C3CCC4CCCC4C3)C2)CC1
C1CCC(C2CC(C3CCCC(CC4CCC5CCCCC54)C3)CCC2C2CCCC2)CC1
C1CCC(C2CCCC(C3CCCCC3C3CCC4CCCCC4C3)C2)CC1
C1CCC(CC2CCC(CCC3CCCC(C(CC4CCCCC4)C4CCCCC4)C3)CC2)CC1
C1CCC(C2CCCC(C3CCCC(CCC4CCCCC4C4CCCCC4)C3)C2)CC1
C1CCC(C2CCC(CC3CCC(CCC4CC5CCCCC5C4)CC3)CC2)CC1
C1CCC(C2CCCC2CC2CCCC(C3CCCCC3C3CCCCC3C3CCCC3)C2)C1
C1CCC(C2CCC(C3CC(C4CCCCC4)CCC3C3CCC3)CC2)CC1
C1CCC(CC2CC(CC3CCCCC3)C3CC(C4CCCCC4)CCC23)CC1
C1CCC(C2CCCC(CC3CCCC4CC(C5CCCCC5)CCC34)C2)CC1
C1CCC(CC2CCCC(CCCCC3CCCCC3C3CCCCC3)C2)CC1
C1CCC(CC2CCC(C3CCCCC3)CC2)CC1
C1CCC(C2CCC(C3CCC(CCC4CCC(C5CCCC(C6CCCC6)C5)C4)CC3)CC2)CC1
C1CCC(CC2CCCC(CC3CCCCC3)C2)CC1
C1CCC(CCCC2CCCC(C3CCCCC3)C2)CC1
C1CCC(CCC2CCC(C3CCC(C4CCCCC4)CC3)CC2C2CCCC2)CC1
C1CCC(CCC2CCCC(C3CCCCC3CC3CCCC(C4CCCCC4)C3)C2)CC1
C1CCC(CCC2CCCC3CCCCC32)CC1
C1CCC(C2CCCC(C3CCCCC3)C2)CC1
C1CCC(CC2CCC(C3CCCC(C4CCCCC4)C3)CC2)CC1
C1CCC(CC2CCC3CCC(C4CCC(C5CCCCC5)C(C5CCC6CCCC6C5)C4)C3C2)CC1
C1CCC(CCC2CCC(C3CCCCC3)CC2)CC1
C1CCC(C2CCCC(CCCC3CCC(CC4CCCC4)CC3)C2)CC1
C1CCC(C2CCCCC2C2CCC3CCCC3C2)CC1
C1CCC(CC2CCCC(C3CCC4CCCC4C3)C2)CC1
C1CCC(CC2CCCC(CCCC3CCCC(C4CCCCC4)C3)C2)CC1
C1CCC(C2CCCC(CCC3CCC(C4CCCC4C4CCCCC4)CC3)C2)CC1
C1CCC(CC2CCCC(C3CCCC(CCC4CCCC4)C3)C2)CC1
C1CCC(CC2CCCC(CC3CCCCC3C3CCC4CCCC4C3)C2)CC1
C1CCC(CCC2CCC(C3CCCCC3C3CCCCC3)CC2)CC1
C1CCC(C2CC(CC3CCC(C4CCC5CCCCC54)CC3)CC(C3CCC3)C2)CC1
C1CCC(CC2CCC(C3CC(C4CCCC(C5CCC6CCCCC6C5)C4)C4CCCCC34)CC2)CC1
C1CCC(CC2CCC(CCCC3CC(CC4CCCCC4)CC(C4CCCCC4)C3)CC2)CC1
C1CCC(CC2CCCCC2CC2CCCC(CC3CCC(CC4CC4)CC3)C2)CC1
C1CCC(CCCC2CCCC(CCC3CCCCC3)C2)CC1
C1CCC(CC2CCC3CC(C4CC(C5CCCCC5)CC(C5CCCC5)C4)CCC23)CC1
C1CCC(CCCC2CCCCC2)CC1
C1CCC(CCCC2CCC(CC3CCCC(CCCC4CCCCC4)C3)CC2)CC1
C1CCC(CCC2CC(CCCC3CCCC3)CC(C3CCC(CC4CCCCC4)CC3)C2)CC1
C1CCC(CC2CC(C3CCCCC3C3CCCCC3)C3CCCCC23)CC1
C1CCC(CC2CCC(CC3CCC(CC4CCCC4)CC3)CC2)CC1
C1CCC(CCCCC2CCC(C3CCC(CCCC4CCCCC4)CC3)CC2)CC1
C1CCC(C2CCC(CC3CCC(C4CCCCC4C4CCCC4)CC3)CC2)CC1
C1CCC(CCC2CCCCC2)CC1
C1CCC(CCC2CCCCC2C2CCCC(C3CCCC(C4CCCCC4)C3)C2)CC1
C1CCC(C2CCCCC2C2CCC(CC3CCC4CCCC4C3)CC2)CC1
C1CCC(CC2CC(C3CCCCC3)CC(C3CCCC3)C2)CC1
C1CCC(C2CCCC(CCC3CC(C4CCCCC4)CC(C4CCC4)C3)C2)CC1
C1CCC(CCCC2CCCCC2C2CCC3CCCC3C2)CC1
C1CCC(CC2CCCC(CC3CC3)C2)CC1
C1CCC(C2CCCC(C3CCCC(CC4CCC(C5CCCC5)CC4)C3)C2)CC1
C1CCC(C2CC(CCC3CC3)CC(CC3CCC4CCCC4C3)C2)CC1
C1CCC(CC2CC(C3CCCCC3)C3CCCC(CC4CCCCC4)C3C2)CC1
C1CCC(C2CCC(CC3CCCC(C4CCCCC4)C3)CC2)CC1
C1CCC(CCC2CCC(C3CCC4C(CCCC4C4CCC5CCCCC54)C3)CC2)CC1
C1CCC(CC2CCC(CCCCCC3CCCCC3C3CCC4CCCCC43)CC2)CC1
C1CCC(CCC2CCCC(CC3CCC(C4CCCC4)CC3)C2)CC1
C1CCC(CCCC2CCCCC2C2CCC3CCCC3C2)CC1
C1CCC(C2CCCC(C3CCCCC3)C2)CC1
C1CCC(C2CCC(CC3CCC(CCC4CC5CCCCC5C4)C3)CC2)CC1
C1CCC(CCC2CCCC(CC3CCCCC3)C2)CC1
C1CCC(CCCC2CCC(C3CCCCC3C3CCCCC3)CC2)CC1
C1CCC(C2CCCCC2C2CCCCC2C2CCCC2)CC1
C1CCC(CCCC2CCC(CC3CCC(CC4CCCCC4)CC3)CC2)CC1
C1CCC(C2CCC(C3CCC(C4CC5CCCCC5C4)CC3)C(C3CCCC3)C2)CC1
C1CCC(CC2CCCC(CC3CCC(C4CCCC4)CC3)C2)CC1
C1CCC(CC2CCC(CC3CCC4CCCCC43)CC2)CC1
C1CCC(C2CCC(CCCC3CCCCC3C3CCCC3)CC2)CC1
C1CCC(C2CCCC(CC3CCCC3)C2)CC1
C1CCC(C2CCC(CC3CC(C4CCCC(C5CCCCC5)C4)C4CCCCC34)C2)CC1
C1CCC(C2CCCCC2)CC1
C1CCC(CCC2CCCC(C3CCCC(C4CCC(CC5CCCCC5)CC4)C3)C2)CC1
C1CCC(CCC2CCCCC2CC2CCCCC2)CC1
C1CC(C2CCC(C3CCCC(C4CCCC4)C3)CC2)C1
C1CCC(CC2CCC(C3CCCCC3)CC2)CC1
C1CCC(CCC2CCC(C3CCCCC3)CC2)CC1
C1CCC(C2CCC(C3CCCCC3)CC2)CC1
C1CCC(C2CCC(CC3CCC(CCCCC4CCCC(CC5CC6CCCCC6C5)C4)CC3)CC2)CC1
C1CCC(CC2CCCC(CCC3CCCC(C4CCCCC4)C3)C2)CC1
C1CCC(CCCC2CC(C3CCCCC3)CCC2C2CCCC(C3CCCCC3)C2)CC1
C1CCC(CCC2CCCCC2CCC2CC(CC3CCCCC3)C3CCCCC23)CC1
C1CCC(C2CCCC3CC(C4CCC(C5CCC6CCCC6C5)CC4)CCC32)CC1
C1CCC(CC2CCC(CC3CCCCC3)CC2)CC1
C1CCC(CC2CCC(CCC3CCCC(C4CCCCC4)C3)CC2)CC1
C1CCC(CC2CCC(CC3CCCC(C4CCCCC4)C3)CC2)CC1
C1CCC(CCC2CCC(CCC3CCCCC3C3CCCCC3C3CCCCC3)CC2)CC1
C(CCC1CCC(C2CCC2)CC1)CCC1CCCC(CC2CC3CCCCC3C2)C1
C1CCC(CCC2CCCC(C3CCCCC3)C2)CC1
C1CCC(C2CC(C3CCCC(CC4CC5CCCCC5C4)C3)C3CCCCC23)CC1
C1CCC(CC2CCC(C3CCCCC3C3CCC4C(CCCC4C4CCCC(CC5CCCC5)C4)C3)CC2)C1
C1CCC(CC2CCCC(CCC3CCCC4CC(C5CCCCC5)CCC34)C2)CC1
C1CCC(C2CC(CCC3CCCC3)CC(CC3CC3)C2)CC1
C1CCC(C2CCC(C3CCCC4CCCCC43)CC2)CC1
C1CCC(CCCCC2CCC(C3CCCC3)CC2)CC1
C1CCCCC1
C1CCC(CC2CCCCC2C2CCCCC2C2CCCC(C3CCCCC3)C2)CC1
C1CCC(C2CCC(CC3CC3)C(C3CCCCC3)C2)CC1
C1CCC(CC2CCC3CC(C4CCC(C5CCCCC5)CC4)CCC23)CC1
C1CCC(C2CCCCC2CCC2CC3CCCCC3C2)CC1
C1CCC(CCCC2CC(CC3CCCCC3)C3CCC(CCC4CCCC4)CC23)CC1
C1CCC(C2CCCCC2)CC1
C1CCC(C2CCC(C3CCCCC3)C(C3CCC4CCCCC4C3)C2)CC1
C1CCC(C2CCCC(CCCC3CC(CC4CCCC4)C4CCCCC34)C2)CC1
C1CCC(CCC2CC(C3CCCCC3)C3CCCCC23)CC1
C1CCC(CC2CCCC(C3CCCCC3)C2)CC1
C1CCC(C2CCC(C3CCC4CCCCC4C3)C(C3CCCCC3)C2)CC1
C1CCC(CC2CCC(CC3CCCCC3)CC2)CC1
C1CCC(CCC2CCCC(C(CCC3CCC(C4CCCCC4)CC3)C3CCCC(C4CCCCC4)C3)C2)CC1
C1CCC(CCC2CCC(C3CCCC(CC4CCCC4)C3)CC2)CC1
C1CCC(CC2CCC(CC3CCC(C4CC4)CC3C3CCCCC3)CC2)CC1
C1CCC(CCC2CCCCC2)CC1
C1CCC(CCCC2CCC(CCC3CCCCC3)CC2)CC1
C1CCC(CC2CCC(C3CCCCC3)CC2)CC1
C1CCC(C2CCCC(C3CCCCC3C3CCCCC3)C2)CC1
C1CCC(CC2CCC(C3CCCC4CC(C5CCCCC5)CCC43)CC2)CC1
C1CCC(C2CCCC(C3CC(C4CCC5CCCC(C6CCCCC6)C5C4)C4CCCCC34)C2)CC1
C1CCC(CC2CCCC(C3CC(C4CCCCC4)CC(C4CCC4)C3)C2)CC1
C1CCC(CCC2CCC(C3CC(C4CCC5CCCCC54)CC4CCCCC43)CC2)CC1
C1CCC(C2CC(C3CCC4CCCCC43)CC3CCC(CC4CCCC4)CC32)CC1
C1CCC(CCCCC2CCC(CC3CCCCC3)CC2)CC1
C1CCC(C2CCC(C3CCC3)CC2)CC1
C1CCC(C2CCC(C3CCC(C4CCCCC4)CC3)CC2)CC1
C1CCC(CC2CCCCC2C2CCCCC2)CC1
C1CCC(CC2CCCC(CCCC3CCCCC3CC3CCCCC3)C2)CC1
C1CCC(CCC2CCCC(C3CCCCC3)C2)CC1
C1CCC(CC2CCC(C3CCCC(CC4CC4)C3)CC2)CC1
C1CCC(CC2CCCC(C3CCCCC3C3CCCCC3)C2)CC1
C1CCC(C2CCCCC2C2CCC(CCC3CCCC(C4CCCC4)C3)CC2)CC1
C1CCC(CC2CCCC(CC3CCCC(C4CCCC(C5CCC5)C4CC4CCCCC4)C3)C2)CC1
C1CCC(CCC2CCC(C3CCCCC3CC3CCCCC3)CC2)CC1
C1CCC(CC2CCC(CC3CCC(C4CCCCC4)CC3)CC2CC2CCCCC2)CC1
C1CCC(C2CCCC(C3CCCCC3)C2)CC1
C1CCC(C2CCC(C3CC3)CC2)CC1
C1CCC(CCC2CCCC(C3CCCCC3)C2)CC1
C1CCC(CCCC2CCCCC2)CC1
C1CCC(CCCC2CCC(C3CCCC(CC4CCCCC4)C3)CC2)CC1
C1CCC(CC2CCC(CCC3CC4CCCCC4C3)C(CC3CCCCC3CC3CCCCC3)C2)CC1
C1CCC(CC2CCC(C3CCCCC3CC3CCCC(C4CCCCC4)C3)C2)CC1
C1CCC(CCC2CC(C3CCCCC3)CC(C3CCCCC3)C2)CC1
C1CCC(C2CCC3C(CCCC3C3CCC(CCC4CCC(CC5CC6CCCCC6C5)CC4)CC3)C2)CC1
C1CCC(CCC2CCCC(C3CCC(C4CCCCC4)CC3)C2)CC1
C1CCC(CC2CC(CC3CCCC(C4CCCC4)C3)C3CCC(C4CCCCC4)CC23)CC1
C1CCC(CC2CCCC(CCC3CCC4CCCCC4C3)C2)CC1
C1CCC(CC2CCC(C3CCCCC3C3CCCCC3CC3CCCCC3)CC2)CC1
C1CCC(CC2CCC(C3CCCCC3)CC2)CC1
C1CCC(C2CCCC(C3CCCCC3)C2)CC1
C1CCC(CCCCC2CCC(CC3CCCCC3)CC2)CC1
C1CCC(CCC2CC(CCC3CCCCC3)CC(CC3CCCCC3)C2)CC1
C1CCC(CCC2CCC(CC3CCCCC3)CC2)CC1
C1CCC(C2CCC(C3CCCC3)CC2)CC1
C1CCC(C2CCCC(C3CCC(CC4CC5CCCCC5C4)CC3C3CCCC3)C2)CC1
C1CCC(CC2CCC(CC3CCC(C4CCCCC4)CC3)C2)CC1
C1CCC(CCCCC2CCC(CC3CCCCC3)CC2)CC1
C1CCC(CC2CCCC(CCC3CCCCC3C3CCCCC3)C2)CC1
C1CCC(CC2CCC(C3CCCCC3)CC2)CC1
C1CCC(CCCC2CCC(C3CCC(C4CCCC4)CC3)CC2)CC1
C1CCC(C2CCCC(C3CCCCC3C3CCCC(CC4CC5CCCCC5C4)C3)C2)C1
C1CCC(CCCC2CC3CCC(C4CCCCC4)CC3C(C3CCCCC3)C2)CC1
C1CCC(CCC2CCCC(CCCCC3CC4CCCCC4C3)C2)CC1
C1CCC(CC2CCCCC2C2CCC(C3CCCCC3)CC2)CC1
C1CCC(C2CCC(C3CCC(C4CCCC4)CC3C3CCC4CCCC4C3)C(C3CCCC3)C2)CC1
C1CCC(CCC2CCC(CC3CCCCC3)CC2)CC1
C1CCC(CC2CCC(CC3CCCCC3)C(C3CCCCC3)C2)CC1
C1CCC(CCC2CCCC(C3CCCCC3)C2)CC1
C1CCC(C2CCC(CC3CCC4C(CCCC4C4CCC5CCCCC5C4)C3)CC2)CC1
C1CCC(CCC2CCCC(CCC3CCCCC3)C2)CC1
C1CCC(C2CCC(CC3CCC(CC4CCC5CCCCC54)CC3)C2)CC1
C1CCC(CCC2CCC(CC3CCCC(CC4CCCCC4C4CCCCC4C4CCCC4)C3)CC2)CC1
C1CCC(CCCCCC2CCCC(C3CCCCC3)C2)CC1
C1CCC(CC2CC(C3CCCCC3)CCC2C2CCCCC2)CC1
C1CCC(CC2CCC(C3CCC(C4CCC5CCCCC54)CC3)CC2)CC1
C1CCC(CCC2CCCCC2CC2CCC(C3CCCCC3)CC2)CC1
C1CCC(CC2CCCCC2C2CC(C3CCCCC3)CC(C3CCC3)C2)CC1
C(CC1CCC(CC2CCCC(C3CCCC3)C2)CC1)CC1CCCC(CC2CCC2)C1
C1CCC(CC2CCCCC2CC2CCCC(C3CCCCC3)C2)CC1
C1CCC(CC2CCC3CC(C4CCCCC4)CC(C4CCCCC4)C3C2)CC1
C1CCC(C2CC(C3CCC4CCCCC43)CC3CCC(C4CCC(C5CCCC6CCCCC65)CC4)CC32)CC1
C1CCC(C2CC(C3CCCCC3)CC(C3CCC(C4CCCC4)CC3)C2)CC1
C1CCC(CCCC2CCCC(CCC3CCC4CCCC4C3)C2)CC1
C1CCC(CCC2CCC(C3CC(C4CCCC(CC5CCCCC5)C4)C3)CC2)CC1
C1CCC(CCC2CCC(C3CCCCC3)CC2)CC1
C1CCC(CC2CCC(C3CCCCC3CC3CCCCC3)CC2)CC1
C1CCC(CC2CCCC(CCCC3CCCC(C4CCCCC4)C3)C2)CC1
C1CCC(CC2CCC(CC3CCC4CCCCC43)CC2)CC1
C1CCC(C2CCCC(C3CCC(C4CC(C5CCCCC5)C5CCCCC45)CC3)C2)CC1
C1CCC(CCC2CCC(CCCC3CCCC(CC4CCCCC4)C3)CC2)CC1
C1CCC(CC2CCC(CC3CCCC(C4CCCCC4)C3)C2)CC1
C1CCC(CCCC2CCCCC2CCCC2CCCCC2)CC1
C1CCC(CC2CCCCC2CCCC2CCCC(C3CCCCC3)C2)CC1
C1CCC(CC2CCCC(C3CCC(C4CCCCC4)CC3)C2)CC1
C1CCC(CCC(C2CCCCC2)C2CCC(CC3CCCCC3)CC2)CC1
C1CCC(CC2CCC(CCCCC3CCCCC3C3CCCCC3)CC2)CC1
C1CCC(CCCCC2CCC(C3CCCCC3)CC2)CC1
C1CCC(CC2CCC(C3CCCCC3)CC2)CC1
C1CCC(CCC2CCC(CC3CCCC(C4CCCCC4)C3)CC2)CC1
C1CCC(CC2CCCCC2CC2CCCC(CCC3CCCC(CC4CCCC4)C3)C2)CC1
C1CCC(C2CCC3CCC(C4CC5CCCCC5C(C5CCCCC5)C4)C3C2)CC1
C1CCC(C2CCCC(CCCCC3CCCC(C4CCCCC4)C3)C2)CC1
C1CCC(CC2CCCC(C3CCC(C4CCCCC4)CC3)C2)CC1
C1CCC(CCCC2CCCCC2C2CCC(C3CCCC(C4CCCCC4)C3)CC2)CC1
C1CCC(C2CCC(CC3CCC(CC4CCCC4)CC3)CC2)CC1
C1CCC(CC2CCC(C3CCCC3)C(C3CCCC3C3CCCCC3)C2)CC1
C1CCC(C2CCCC(C3CCC(CC4CC5CCCCC5C4)C3)C2)CC1
C1CCC(CCCCCC2CCCC(CC3CCCCC3)C2)CC1
C1CCC(CCC2CCC(C3CCC(C4CCCCC4)CC3)CC2)CC1
C1CCC(CC2CCC(C3CCCCC3)CC2)CC1
C(CCC1CC(C2CC2)CCC1CC1CCC(CC2CC2)CC1)CC1CCC(CC2CCCC2)CC1
C1CCC(CC2CCC(C3CCCCC3)CC2)CC1
C1CCC(CC2CCCC(CCCC3CCCC(C4CCCCC4)C3)C2)CC1
C1CCC(C2CCCCC2C2CCCCC2C2CCCCC2)CC1
C1CCC(CCC2CCC(C3CCC(C4CCCC4)CC3C3CCCC3)CC2)CC1
C1CCC(CCC2CCCCC2C2CC(C3CCCCC3)C3CC(C4CCCCC4)CCC32)CC1
C1CCC(CC2CCCC(C3CCCC(C4CCC(C5CCCCC5)CC4)C3)C2)CC1
C1CCC(CC2CCC(C3CCCC(CCCC4CCC(CC5CCCCC5)C4)C3)CC2)CC1
C1CCC(CCCC2CCC(C3CCCC(C4CCCCC4)C3)CC2)CC1
C1CCC(CC2CCC(C3CCCC(C4CC5CCCCC5C4)C3)CC2)C1
C1CCC(CC2CCCCC2C2CCCC(C3CCCCC3)C2)CC1
C1CCC(C2CCCCC2C2CCCC2)CC1
C1CCC(CC2CCCCC2C2CCCCC2)CC1
C1CCC(C2CCCC(C3CCCC(C4CCCC4)C3)C2)CC1
C1CCC(C2CCCCC2CCCC2CCCC(CC3CC4CCCCC4C3)C2)CC1
C1CCC(CC2CCC(CC3CCC(C4CCCCC4)CC3)C2)CC1
C1CCC(C2CCC(CC3CCC(CC4CC5CCCCC5C4)CC3)CC2)CC1
C1CCC(C2CCC(C3CCCC(C4CCCC4)C3)CC2)CC1
C1CCC(CCC2CCC(C3CCC(C4CCCCC4)CC3)CC2)CC1
C1CCC(CC2CCC3CC(C4CCCCC4)CC(C4CCCCC4)C3C2)CC1
C1CCC(CC2CCC(C3CCCCC3)CC2C2CCCCC2)CC1
C1CCC(CC2CCC(CCC3CCC(C4CCCC4)CC3)CC2CC2CCC3CCCCC3C2)CC1
C1CCC(CCCC2CCCC(C3CC(C4CCCC4)CC(C4CCCC4)C3)C2)CC1
C1CCC(CCC2CCC(C3CCCCC3)CC2)CC1
C1CCC(C2CC(CCC3CCCC3)CC(C3CCCC(C4CCCC4)C3)C2)CC1
C1CCC(CC2CCCCC2CC2CCC(CCCC3CCCC(C4CCCCC4)C3)CC2)CC1
C1CCC(C2CCCC(CC3CC(C4CCC5CCCCC54)C4CCCCC34)C2)CC1
C1CCC(C2CCCC(C3CCCCC3)C2)CC1
C1CCC(C2CCC(C3CCCCC3C3CCC(CC4CCC4)CC3)CC2)CC1
C1CCC(CCCCCC2CCC(CCC3CCCCC3C3CCCCC3)CC2)CC1
C1CCC(CCC2CCC(C3CCCCC3C3CCCCC3)C(C3CCCCC3)C2)CC1
C1CCC(CCCC2CCC(CC3CCCCC3)CC2)CC1
C1CCC(C2CCC(C3CCCCC3)CC2)CC1
C1CCC(C2CCC(C3CCCCC3C3CCC4CCCC4C3)CC2)CC1
C1CCC(C2CCCCC2CCCCC2CCC(C3CCCC(C4CC4)C3)CC2)CC1
C1CCC(C2CC(CC3CC3)CCC2C2CCC2)CC1
C1CCC(CC2CCC3CC(C4CCC5CCCCC54)CCC3C2)CC1
C1CCC(CC2CCC(CC3CCC(CC4CCC(C5CCCC6CCCCC65)CC4)CC3)CC2)CC1
C1CCC(CC2CC(C3CCCCC3)C3CCCCC23)CC1
C1CCC(CC2CCC(C3CCCCC3)CC2)CC1
C1CCC(CC2CCC(C3CCC(CC4CCC(C5CCCC6CCCCC65)CC4)C3)CC2)CC1
C1CCC(CCC2CCCCC2CCC2CCCCC2)CC1
C1CCC(CC2CCC(C3CCCCC3C3CCCCC3)CC2)CC1
C1CCC(C2CCCC(CC3CC4CCCC(C5CC6CCCCC6C5)C4C3)C2)CC1
C1CCC(CCC2CCCCC2C2CCCCC2C2CCCCC2)CC1
C1CCC(CCC2CCC(CCC3CCCCC3)CC2)CC1
C1CCC(CC2CCC(C3CCC(CC4CCCCC4)CC3)CC2)CC1
C1CCC(CC2CC3CCCCC3C(C3CCCC3C3CCCC3)C2)CC1
C1CCC(CCCC2CC(CC3CCCC(C4CCCCC4)C3)C3CCCCC23)CC1
C1CCC(C2CCCC(C3CC4CCC(C5CCCCC5)CC4C(C4CCCCC4)C3)C2)CC1
C1CCC(CC2CCC(CC3CCCCC3)CC2)CC1
C1CCC(CCCC2CCC(C3CCCCC3)CC2C2CCCCC2)CC1
C1CCC(C2CCCC(C3CCCC(C4CCCCC4)C3)C2)CC1
C1CCC(C2CCC(CC3CCC(C4CCC(C5CCCCC5)CC4C4CCCC4)CC3)CC2)CC1
C1CCC(CCC2CC3CCC(C4CCCCC4)CC3C(C3CCCCC3)C2)CC1
C1CCC(C2CCC(C3CCC(CCC4CC4)CC3C3CCCCC3)CC2)CC1
C1CCC(CC2CCC(C3CCCCC3)CC2)CC1
C1CCC(CC2CCCC(C3CCC(C4CCCCC4)CC3)C2)CC1
C1CCC(C2CCCC(C3CCCCC3C3CCCC(C4CCCCC4)C3)C2)CC1
C1CCC(CCCCCC2CCC(CC3CCCCC3)CC2)CC1
C1CCC(C2CCC(C3CCCCC3)CC2)CC1
C1CCC(CCC2CC(C3CCC4CCCC4C3)CCC2CC2CCCCC2C2CCCCC2)CC1
C1CCC(C2CCCCC2C2CCC(C3CCC(C4CCC5CCCCC5C4)CC3)CC2)CC1
C1CCC(C2CCC(C3CC3)CC2)CC1
C1CCC(CCC2CCCC(CC3CCCCC3CC3CCCCC3)C2)CC1
C1CCC(CCCCC2CCCCC2)CC1
C1CCC(C2CCCC(C3CCC(CCC4CC4)CC3)C2C2CCC(C3CCCC3)CC2)CC1
C1CCC(CCCCC2CCC(C3CCCCC3)CC2)CC1
C1CCC(C2CCCC(C3CCCC(C4CCCC4)C3)C2)CC1
C1CCC(CC2CCC(C3CCCCC3)C(CC3CCCCC3CC3CCCCC3)C2)CC1
C1CCC(CC2CCC(C3CCCC(CC4CCCCC4)C3)CC2)CC1
C1CCC(CC2CCC(CC(CC3CCCCC3)C3CCCCC3)CC2)CC1
C1CCC(CCC2CCCC(C3CCCCC3)C2)CC1
C1CCC(CCC2CCC(CC3CCC(C4CCCCC4)CC3)CC2)CC1
C1CCC(CC2CCCCC2CC2CCC(CCC3CCCC3)C(C3CCC4CCCC4C3)C2)CC1
C1CCC(C2CCCC(C3CCCC3)C2)CC1
C1CCC(CC2CCC3CC(C4CCCCC4CC4CCC5CCCCC54)CCC23)CC1
C1CCC(CCC2CCCC(CCC3CCCC(C4CCCCC4)C3)C2)CC1
C1CCC(CCCC2CCCCC2C2CCCCC2)CC1
C1CCC(CC2CCC(C3CCC(C4CCCCC4)CC3)CC2)CC1
C1CCC(C2CCC(C3CCC(C4CCCCC4)CC3)CC2)CC1
C1CCC(CCCCC2CCCC(CC3CCCC3)C2)CC1
C1CCC(CCC2CCCC(C3CCCCC3)C2)CC1
C1CCC(C2CCCCC2C2CCCCC2C2CCC(C3CC(C4CCCCC4)C4CCCCC34)CC2)CC1
C1CCC(CC2CCCC(C3CCC4C(CCC4C4CCCC4)C3)C2)CC1
C1CCC(CC2CCC(C3CCCCC3)CC2)CC1
C1CCC(CCC2CC(CC3CCCC(C4CCCCC4)C3)C3CCCCC23)CC1
C1CCC(CCC2CCC(C3CCC(CC4CCCCC4)CC3C3CCCC3)CC2)CC1
C1CCC(CC2CCCCC2CCC2CCCCC2C2CCCCC2)CC1
C1CCC(C2CCCC(C3CCC4CCC(C5CCCCC5)CC4C3)C2)CC1
C1CCC(CC2CCC(C3CCCCC3)C(C3CCCCC3)C2)CC1
C1CCC(C2CCCC(CCC3CCC4CCCC4C3)C2)CC1
C1CCC(CCCC2CCCCC2C2CCC(CC3CCCC3)CC2)CC1
C1CCC(CCC2CCCC(C3CCCC(CC4CCCCC4)C3)C2)CC1
C1CCC(C2CC3CCC(C4CCCCC4)CC3C(C3CCCCC3)C2)CC1
C1CCC(C2CCC3CCC(C4CCCCC4)C3C2)CC1
C1CCC(CCC2CCCCC2)CC1
C1CCC(CCC2CCC(CC3CCC(CC4CCCCC4)CC3)CC2)CC1
C1CCC(CC2CCCC(C3CCCC(C4CCCCC4)C3)C2)CC1
C1CCC(CCC2CCC(C3CCCCC3)CC2)CC1
C1CCC(CC2CCC(C3CCCCC3)CC2)CC1
C1CCC(C2CCC(CC3CCCC(C4CCC5CCCCC5C4)C3)CC2)CC1
C1CCC(C2CC(C3CCCC3)C3CCCCC23)CC1
C1CCC(CC2CCC(C3CCC3)C(C3CCC4CCCC4C3)C2)CC1
C1CCC(CC2CCCCC2)CC1
C1CCC(CC2CCC(CCCC3CC4CCCCC4C3)CC2)CC1
C1CCC(CCC2CCCC(CCCC3CCC(C4CCCCC4)CC3)C2)CC1
C1CCC(C2CCCCC2CC2CCCC(CC3CCCC(C4CCCC4)C3)C2)CC1
C1CCC(CCC2CCC(C3CCC(C4CCCC4)CC3)C(CCC3CCCCC3)C2)CC1
C1CCC(CCCC2CCC(CC3CCCCC3)C(CCC3CCCCC3)C2)CC1
C1CCC(C2CCC(CC3CCCC3)CC2)CC1
C1CCC(CC2CCCCC2C2CCC3C(CCCC3C3CCCCC3)C2)CC1
C1CCC(CCC2CC(C3CCCCC3)CC(C3CCCC3)C2)CC1
C1CCC(CC2CCC(CCCCC3CCCC(C4CC5CCCCC5C4)C3)CC2)CC1
C1CCC(C2CCCC(C3CCCCC3C3CCCCC3)C2)CC1
C1CCC(CC2CCC(C3CCC(C4CCCCC4)C3)CC2)CC1
C1CCC(C2CCCC(CC3CC4CCCCC4C3)C2)CC1
C1CCC(CC2CCCC(C3CCCCC3C3CCCC3)C2)CC1
C1CCC(CCC2CCC(CCC3CCC(CC4CCCCC4)CC3)CC2)CC1
C1CCC(CC2CCCCC2C2CCCCC2C2CCCCC2)CC1
C1CCC(C2CCCC(C3CCC4CCCC(C5CCCC5)C4C3)C2)CC1
C1CCC(C2CCC(C3CCC(C4CCCCC4)CC3)CC2)CC1
C1CCC(C2CCCC(CC3CCC4CCCC4C3)C2)CC1
C1CCC(CC2CCC(C3CCCC(CCC4CC4)C3)CC2)CC1
C1CCC(CC2CCC(C3CCCCC3C3CCCCC3)C(C3CCCCC3)C2)CC1
C1CCC(C2CCC(CCC3CCC(C4CCCCC4)CC3)CC2)CC1
C1CCC(CCC2CC(CC3CCCCC3)CCC2C2CCCCC2)CC1
C1CCC(CCCC2CCCC3CC(C4CCCCC4C4CCCCC4)CCC23)CC1
C1CCC(CC2CCC(C3CCC4CCCC4C3)C(CC3CCC4CCCC4C3)C2)CC1
C1CCC(C2CCC(CC3CCC(C4CCC4)CC3)CC2)CC1
C1CCC(CCCC2CCC(CCCC3CCC(C4CCC4)CC3)CC2)CC1
C1CCC(CCC2CCC(C3CCC(CCC4CCC5C(CCC5C5CCCC5)C4)CC3)CC2)CC1
C1CCC(CCCC2CCCC(C3CCCCC3)C2)CC1
C1CCC(CC2CCC3C(C2)C(CC2CCCCC2)CC3C2CCCCC2)CC1
C1CCC(C2CC(C3CCC(CC4CCCCC4C4CCCC4)CC3)C2)CC1
C1CCC(CC2CCCC(C3CCCC(C4CCC5CCCC5C4)C3)C2)CC1
C1CCC(CC2CCCCC2C2CCCCC2CC2CCCCC2)CC1
C1CCC(C2CCCC(CCCC3CCC(CC4CC4)CC3)C2)CC1
C1CCC(CC2CCC(C3CCCCC3C3CCCCC3)C(C3CCCCC3)C2)CC1
C1CCC(CC2CCCC(CCC3CCCC(C4CCCCC4)C3)C2)CC1
C1CCC(CCC2CCC(CC3CCCCC3)C(CCC3CCC(C4CCCCC4)CC3)C2)CC1
C(CCCC1CCC(CCC2CCCCC2)CC1)CCC1CCCCC1
C1CCC(C2CCC(C3CC4CCCC(C5CCCCC5)C4C3)CC2)CC1
C1CCC(CC2CCCC(C3CCCCC3)C2)CC1
C1CCC(C2CCC(C3CCCCC3)CC2)CC1
C1CCC(CC2CCCCC2CC2CCCCC2C2CCCCC2)CC1
C1CCC(C2CCC(CC3CC(C4CCCCC4)C4CCCCC34)CC2)CC1
C1CCC(C2CCCC(C3CCCCC3)C2)CC1
C1CCC(C2CCC(C3CCCCC3)C(C3CCC4CCCC4C3)C2)CC1
C1CCC(C2CCCC(C3CCC(CCC4CCCC4)CC3)C2)CC1
C1CCC(C2CCC(CC3CC3)CC2C2CCCCC2)CC1
C1CCC(C2CCCCC2)CC1
C1CCC(CC2CCC(C3CCC(CC4CCC(C5CCC5)C(C5CCCCC5)C4)CC3)CC2)CC1
C(CCC1CCC(C2CCCCC2)CC1)CCC1CCCC(C2CCCCC2)C1
C1CCC(CC2CCC(CCCCC3CCCC(C4CCCCC4)C3)CC2)CC1
C1CCC(CC2CCC(CC3CCC(C4CCCCC4)CC3)CC2)CC1
C1CCC(C2CCC(C3CCCCC3C3CC3)CC2)CC1
C1CCC(C2CCC(C3CCCCC3CCC3CCCC(C4CCCCC4C4CCCC4)C3)CC2)C1
C1CCC(CCCC2CCC(CC3CCC(C4CCCCC4)CC3)CC2)CC1
C1CCC(CC2CCCC(CC3CCCC(C4CCC5CCCC5C4)C3)C2)C1
C1CCC(CC2CCC(CC3CCCCC3)CC2)CC1
C1CCC(C2CCC(C3CCCCC3CC3CCC4CC(C5CCCCC5)CCC4C3)CC2)CC1
C1CCC(CCCCC2CCC(C3CCCC4CC(C5CCCC(C6CCCCC6)C5)CCC43)CC2)CC1
C1CCC(CC2CCCCC2C2CCCCC2)CC1
C(CCCC1CCCC1)CCC1CCCCC1
C1CCC(CC2CC(C3CCC(C4CCC4)CC3C3CCCC3)C3CCCCC23)C1
C1CCC(C2CC(CC3CCC4CCCCC43)CC3CCCCC32)CC1
C1CCC(CCCC2CCCC(C3CCC(CC4CCCCC4)CC3)C2)CC1
C1CCC(CC2CCCC(CCCCCC3CCCC(C4CCCC(C5CCCCC5)C4)C3)C2)CC1
C1CCC(CCCC2CCC(CC3CCCCC3)CC2)CC1
C1CCC(CCC2CC(CC3CCCCC3)CC3CCC(C4CCCC4)CC23)CC1
C1CCC(CC2CCCC(C3CCCCC3)C2)CC1
C1CCC(C2CCCC(C3CCC(C4CCCCC4C4CCCCC4)CC3)C2)CC1
C1CCC(CC2CCC(C3CCCC(C4CCCCC4)C3)CC2)CC1
C1CCC(CCC2CCCC(C3CCCC(C4CCCCC4)C3)C2)CC1
C1CCC(C2CCCC(C3CCC(CC4CCCCC4C4CCCC(C5CC5)C4)CC3)C2)C1
C1CCC(CCCCCC2CCCC(C3CCCCC3)C2)CC1
C1CCC(CCCC2CCCC(CC3CCC(C4CCCCC4)CC3)C2)CC1
C1CCC(CCCC2CCC(CC3CCCCC3)CC2)CC1
C1CCC(CCC2CCC(CC3CCCC(C4CCCC4)C3)CC2)CC1
C1CCC(CCCC2CCC(CC3CCC(C4CCCC4)CC3)CC2)CC1
C1CCC(CCC2CCCC(C3CCCCC3)C2)CC1
C1CCC(CCC2CCCC(CC3CCC4CC(C5CCC6CCCCC65)CC(C5CCCC5)C4C3)C2)CC1
C1CCC(CCCC2CCCCC2)CC1
C1CCC(CCC2CCC(C3CCCCC3)CC2)CC1
C1CCC(C2CCCC(C3CCC(C4CCCCC4)C3)C2)CC1
C1CCC(CC2CCC(C3CCCC(C4CCCCC4)C3)CC2)CC1
C1CCC(CCC2CCCC(CC3CCCC(C4CCCC4)C3)C2)CC1
C1CCC(CC2CC(C3CCCC3)CCC2C2CCCCC2)CC1
C1CCC(CC2CC(C3CCC(C4CCCCC4)CC3)C3CCCCC23)CC1
C1CCC(CC2CCC3C(CC4CCCCC4)CCC3C2)CC1
C1CCC(C2CCCC(C3CCCC3)C2)CC1
C1CCC(CCCCC2CCC(C3CCCC(CC4CCCCC4)C3)CC2)CC1
C1CCC(C2CCCC(C3CCCCC3C3CCC4C(CCC4C4CCCC4)C3)C2)CC1
C1CCC(C2CCCC(C3CCCCC3)C2)CC1
C1CCC(CCC2CCC(CCC3CCC(CC4CCCCC4)CC3)CC2)CC1
C1CCC(CC2CC(CCCCC3CCCC(C4CCCCC4)C3)C3CCCCC23)CC1
C1CCC(CC2CCCCC2C2CCCCC2C2CCCC2)CC1
C1CCC(CCC2CCC(CC3CCC(CC4CCCCC4)CC3)CC2)CC1
C1CC(CC2CCCC(C3CCCCC3CC3CC4CCCCC4C3)C2)C1
C1CCC(CCCC2CCC(C3CCCC(C4CCC4)C3)CC2)CC1
C1CCC(C2CCC(CC3CCC(C4CCC5CCCCC5C4)C3)CC2)C1
C1CCC(CCC2CCC(CC3CCCCC3)CC2)CC1
C1CCC(CCC2CCC(C3CCCCC3CCC3CCCCC3)CC2)CC1
C1CCC(CCC2CCC(CCC3CCCCC3)CC2)CC1
C1CCC(CC2CCC(CCC3CCC(C4CCC5CCCCC54)CC3)CC2)CC1
C1CCC(CC2CCCCC2C2CC(C3CCCCC3)CC(C3CCC3)C2)CC1
C1CCC(CCC2CCC(CC3CC(C4CCC5CCCCC5C4)CC4CCCCC43)CC2)CC1
C1CCC(C2CCC(C3CCC4CCCCC4C3)C2)CC1
C1CCC(C2CCCC(CC3CCCCC3C3CCC(CC4CC5CCCCC5C4)CC3)C2)CC1
C1CCC(CC2CCC(CC3CC3)C(CCC3CCC(CCCC4CCCCC4C4CCCC4)CC3)C2)CC1
C1CCC(C2CCCCC2)CC1
C1CCC(C2CC(C3CCC3)CC(C3CCC4CCCC4C3)C2)CC1
C1CCC(CC2CCC(CC3CCCC(CC4CCC5CCCC5C4)C3)CC2)CC1
C1CCC(CCC2CCC(C3CCCCC3)CC2)CC1
C1CCC(CC2CCC(CC3CCC(CCC4CCCC4)CC3)CC2)CC1
C1CCC(CCCC2CC(C3CC3)CC(C3CCCC(CC4CCCCC4)C3)C2)CC1
C1CCC(C2CCC(C3CCC(C4CCCC(CC5CCCC6CCCCC65)C4)CC3)CC2)C1
C1CCC(C2CCCC(CC3CCCC(C4CCC4)C3)C2)CC1
C1CCC(CC2CCC(CC3CC(CCC4CCCC4)CC(C4CCCCC4)C3)CC2)CC1
C1CCC(C2CCC(CC3CCCC(C4CCCCC4)C3)CC2)CC1
C1CCC(C2CCCC(CCC3CCC4CCCCC43)C2)CC1
C1CCC(C2CCCC(C3CCC(CCC4CC5CCCCC5C4)C(C4CCCCC4)C3)C2)CC1
C1CCC(CCC2CC(C3CCCCC3)C3CCCCC23)CC1
C1CCC(CCC2CCC(C3CCC(CC4CCC5CCCCC54)CC3)CC2)CC1
C1CCC(CCC2CCC(CCC3CCC(CC4CCCCC4)CC3)CC2)CC1
C1CCC(C2CCC(CCCC3CCCC(C4CCCCC4)C3)CC2)CC1
C1CCC(CC2CCC(CCC3CCC4CC(C5CCC6CCCCC65)CCC4C3)CC2)CC1
C1CCC(C2CCC3CCCC(C4CCCCC4)C3C2)CC1
C1CCC2CCCCC2C1
C1CCC(CC2CCCCC2C2CCCCC2C2CCC3CCCC3C2)CC1
C1CCC(CCC2CCC(C3CCCC(C4CCCCC4)C3)CC2)CC1
C1CCC(C2CCCC(C3CCC(CC4CCCC4)CC3)C2)CC1
C1CCC(C2CCCC(CCC3CCCC4CCCCC43)C2)CC1
C1CCC(C2CCC(CCCCC3CCC4CCCCC4C3)CC2)CC1
C1CCC(CC2CCC(C3CCCCC3C3CCCCC3C3CCC(C4CCCCC4)CC3)CC2)CC1
C1CCC(CCC2CCCCC2C2CCCCC2C2CCC3CCCC3C2)CC1
C1CCC(C2CCCC(CC3CCCC3C3CCCCC3)C2)CC1
C1CCC(C2CCCC(C3CCCCC3C3CCCCC3C3CCCCC3)C2)CC1
C1CCC(CC2CCCC(C3CCCCC3)C2)CC1
C1CCC(CCCC2CCC(CC3CCC(CCC4CCCC4)CC3)CC2)CC1
C1CCC(CC2CCC(C3CCCC(CC4CC5CCCCC5C4)C3)CC2)CC1
C1CCC(CCC2CCC(C3CCC4CCCC4C3)C(C3CCCCC3)C2)CC1
C1CCC(CCCC2CCC(CC3CCCC(CCCC4CCCCC4)C3)CC2)CC1
C1CCC(C2CCC3C(CCCC3C3CCCCC3C3CCCCC3)C2)CC1
C1CCC(CC2CCCC(C3CCCCC3)C2)CC1
C1CCC(CC2CCC3CCC(C4CCCCC4CC4CCCC(C5CCC6CCCCC65)C4)CC32)CC1
C1CCC(CCCC2CCC(C3CCCCC3C3CCC4C(CCCC4C4CCCCC4)C3)CC2)CC1
C1CCC(CC2CCCC(CCCC3CCC(CC4CC5CCCCC5C4)CC3)C2)CC1
C1CCC(CCC2CCC(CCC3CCC(CC4CCCCC4CCC4CCC4)CC3)CC2)CC1
C1CCC(CCC2CCC(C3CCCCC3CCC3CCCC(C4CCCCC4)C3)CC2)CC1
C1CC2CCC(CC3CCC(C4CCCCC4C4CCCC4)CC3)CC2C1
C1CCC(CCCCCC2CCC(CCC3CCCCC3)CC2)CC1
C1CC2CCC(C3CCC(C4CC4)CC3C3CCC4CCCC4C3)CC2C1
C1CCC(CCCC2CCC(CC3CCCCC3CC3CCCCC3)CC2)CC1
C1CCC(CC2CCC(C3CCCC(CC4CCCCC4)C3)CC2)CC1
C1CCC(C2CCC(C3CCC(C4CCCC4)CC3)CC2C2CCCC2)CC1
C1CCC(C2CCCC(CC3CCCC(C4CCCC(C5CCCCC5)C4)C3)C2)CC1
C1CCC(CCC2CCC3CCC(C4CCC(CC5CCCCC5)CC4)CC3C2)CC1
C1CCC(CCC2CCCC(C3CCCCC3)C2)CC1
C1CCC(CCC2CCC(CCCCCC3CC4CCCCC4C3)CC2)CC1
C1CCC(C2CCCC(C3CCCC3)C2)CC1
C1CCC(CC2CCC(CC3CCCC(C4CCCCC4)C3)CC2)CC1
C1CCC(C2CCCC(C3CCCCC3C3CCCCC3)C2)CC1
C1CCC(CC2CCC(C3CCCC(CC4CCCCC4)C3)CC2)CC1
C1CCC(CCCCC2CCC(CCC3CCCC(C4CCCCC4)C3)CC2)CC1
C1CCC(CC2CCCC(CC3CCCC(CCC4CCCCC4C4CCCC4)C3)C2)CC1
C1CCC(CC2CC(C3CCC(C4CCCCC4C4CCCCC4)C3)C3CCCCC23)CC1
C1CCC(CC2CCCCC2)CC1
C1CCC(CC2CCC(C3CCCCC3)C(C3CCCCC3)C2)CC1
C1CCC(CC2CCCC(CCC3CC(C4CCCCC4)C4CCCCC34)C2)CC1
C1CCC(C2CCCCC2)CC1
C1CCC(CC2CCCCC2C2CCC(C3CCCCC3)C2)CC1
C1CCC(CC2CCCC(C3CCCC(C4CCCCC4C4CCCC4)C3)C2)CC1
C1CCC(CCCCC2CCC(CC3(C4CCCCC4)CC3)CC2)CC1
C1CCC(CCC2CCC(C3CCCCC3)C(C3CCCC(C4CCCCC4)C3)C2)CC1
C1CCC(CCCCC2CC(CC3CCC(C4CCCCC4)CC3)C3CCCCC23)CC1
C1CCC(CC2CCC(CC3CCCCC3)CC2)CC1
C1CCC(CCCC2CCCC(C(CC3CCCCC3)CC3CC4CCCCC4C3)C2)CC1
C1CCC(C2CCC(CCC3CCC(C4CCCCC4)CC3)CC2)CC1
C1CCC(C2CCC(CCCC3CCCC(C4CCCCC4)C3)CC2)CC1
C1CCC(C2CC(C3CCCCC3)CC(C3CCC4CCCC4C3)C2)CC1
C1CCC(C2CCCCC2)CC1
C1CCC(CCC2CCCC(C3CCCC(C4CC4)C3)C2)CC1
C1CCC(CC2CCC(C3CCCCC3)CC2)CC1
C1CCC(C2CCCC(C3CCC(C4CCCC(C5CCCC5)C4)CC3)C2)CC1
C1CCC(CCCC2CCC(CCC3CCCCC3)CC2)CC1
C1CCC(CC2CCCC(C(CC3CCCCC3)CC3CCCCC3)C2)CC1
C1CCC(C2CCCC3CCC(C4CC5CCCCC5C4)CC32)CC1
C1CCC(C2CCCC(C3CCCCC3)C2)CC1
C1CCC(CCC2CC(CC3CCCCC3)C3CCC(CC4CCCCC4)CC23)CC1
C1CCC(C2CCC(C3CCCCC3CCCC3CCCC(C4CCCCC4)C3)CC2)CC1
C1CCC(CC2CCCC(CCC3CCC4CCCC4C3)C2)CC1
C1CCC(CCC2CCC(CC3CCCCC3)CC2C2CCCC2)CC1
C1CCC(CC2CCC(CC3CCCC(CCC4CC5CCCCC5C4)C3)CC2)CC1
C1CCC(CCC2CCCC(C3CCCCC3)C2)CC1
C1CCC(CC2CCC(CCC3CCC(CC4CCCCC4)CC3)CC2)CC1
C1CCC(CCCCCC2CCCC(C3CCCCC3)C2)CC1
C1CCC(C2CCCCC2CCC2CCC3CCCCC32)CC1
C1CCC(C2CCCC(C3CCC4CCCC4C3)C2)CC1
C1CCC(CCC2CCCC(CC3CCC(CC4CCCCC4)CC3)C2)CC1
C1CCC(CCC2CCC(C3CCCC(C4CC4)C3)CC2)CC1
C1CCC(CC2CCCC(C3CCCC(C4CCCCC4)C3)C2)CC1
C1CCC(CC2CCCC(C3CCCCC3C3CCC4CCCC4C3)C2)CC1
C1CCC(C2CCC(C3CCCC4CCCCC43)CC2)CC1
C1CCC(CC2CCC(CC3CCC(CC4CCCCC4)CC3)CC2)CC1
C1CCC(CC2CCC(C3CCCCC3)C(C3CCCC3)C2)CC1
C1CCC(C2CCCC(C3CCCCC3)C2)CC1
C1CCC(CC2CCC3CCCC(C4CCCCC4)C3C2)CC1
C1CCC(C2CCCCC2C2CCCC(CC3CCC3)C2)CC1
C1CCC(CCC2CC(C3CCCCC3)CC(C3CCCCC3)C2)CC1
C1CCC(C2CCCC(C3CCCCC3)C2)CC1
C1CCC(CCCCC2CCC(CC3CCC(C4CCCCC4)CC3)CC2)CC1
C1CCC(CC2CCC(C3CCC(CC4CCCC4)CC3)CC2)CC1
C1CCC(C2CCC(CC3CCCC(CC4CC5CCCCC5C4)C3)CC2)CC1
C1CCC(CCCC2CCC(C3CCCCC3)CC2)CC1
C1CCC(CC2CCCC(C3CCCCC3)C2)CC1
C1CCC(CC2CC(C3CCCCC3)CCC2C2CCCC3CCCCC32)CC1
C1CCC(C2CCCC(C3CCCCC3)C2)CC1
C1CCC(C2CCC(C3CCCC(CC4CC5CCCCC5C4)C3)CC2)CC1
C1CCC(CCC2CCC(C3CCC(C4CCCC4)CC3)C(C3CCCCC3)C2)CC1
C1CCC(CCCC2CCC(CC3CCCCC3)CC2)CC1
C1CCC(CCC2CC(CC3CCCCC3)CCC2C2CC3CCCCC3C2)CC1
C1CCC(CC2CCC(C3CCCCC3)CC2)CC1
C1CCC(CC2CCCC(C3CCCCC3CC3CCCC3)C2)CC1
C1CCC(C2CCCCC2)CC1
C1CCC(C2CCCC(CC3CCCC(CC4CCC(C5CCCCC5C5CCCCC5)CC4)C3)C2)CC1
C1CCC(CC2CCC(C3CCCC3)CC2CCC2CCCC(C3CCCCC3)C2)CC1
C1CCC(CC2C(C3CCCCC3)CC(C3CCCCC3)CC2C2CCCC2)CC1
C1CCC(CCCC2CC(CCC3CCCCC3)CC(C3CCCCC3)C2)CC1
C1CCC(CC2CCC3C(C4CCCCC4)CC(C4CCCCC4)C3C2)CC1
C1CCC(CC2CC(C3CCCC(CCCC4CCC5CCCCC54)C3)C3CCCCC23)CC1
C1CCC(CC2CCC(C3CCCCC3)CC2)CC1
C(CCC1CCC(CC2CCCCC2)CC1)CCC1CCC(CC2CCC(C3CCCC3)CC2)CC1
C1CCC(CC2CCC(C3CCCC(C4CC(CC5CCCCC5)C5CCCCC54)C3)CC2)CC1
C1CCC(CC2CCCC(CC3CC4CCCCC4C3)C2)CC1
C1CCC(CC2CCCC(CC3CCCCC3)C2)CC1
C1CCC2CC(C3CC4CCCCC4C(C4CC5CCCCC5C4)C3)CC2C1
C1CCC(CC2CC(C3CCC(C4CCCCC4)CC3)C3CCCCC23)CC1
C1CCC(CCCC2CCCCC2)CC1
C1CCC(CCCC2CCC(C3CCCCC3)CC2C2CCCCC2)CC1
C1CCC(CCCCC2CCCCC2)CC1
C1CCC(CC2CCC(CC3CCCCC3)C(C3CCCCC3)C2)CC1
C1CCC(CCCC2CCC(C3CCC(CC4CC4)CC3)CC2)CC1
C1CCC(CC2CCCC(C3CCCCC3)C2)CC1
C1CCC(CCCCC2CC(CCC3CCC(CC4CCCCC4)CC3)C3CCCCC23)CC1
C1CCC(CCCC2CC(CC3CCCCC3)C3CCCCC23)CC1
C1CCC(CCC2CC3CCCCC3C2)CC1
C1CCC(C2CCCC(C3CCC(C4CCC4)C(C4CCCCC4)C3)C2)CC1
C1CCC(CC2CCC(CCCCC3CCC(C4CCCCC4)CC3)CC2)CC1
C1CCC(CCCC2CCC(C3CCCC(C4CCCC4)C3)CC2)CC1
C1CCC(CCCCC2CCC(C3CCCCC3)CC2)CC1
C1CCC(CC2CCC(C3CCC(C4CCCC4)CC3)CC2)CC1
C1CCC(CC2CCC(CC3CCCCC3)CC2)CC1
C(CCCC1CCCCC1)CCCC1CCC(C2CCCCC2)CC1
C1CCC(CC2CCC(C3CCCC(C4CCCCC4)C3)CC2)CC1
C1CCC(CC2CCC(C3CC(CC4CCCCC4)C4CCC(CCC5CCC6CCCCC65)CC43)CC2)CC1
C1CCC(CC2CCC3CCC(C4CCCCC4)CC32)CC1
C1CCC(C2CCCCC2CC2CC(C3CCCCC3)C3CCCCC23)CC1
C1CCC(CC2CCCC(CC3CCCCC3)C2)CC1
C1CCC(CCC2CC(CC3CCCCC3)CC(C3CCCCC3)C2C2CCCC2)CC1
C1CCC(CC2CCCCC2CCCCCCC2CCCC(C3CC(C4CCCCC4)C4CCCCC34)C2)CC1
C1CCC(CC2CCCC(C3CCCCC3)C2)CC1
C1CCC(C2CCCC(CCCCC3CCCC3)C2)CC1
C1CCC(CC2CCC(C3CCCCC3)CC2)CC1
C1CCC(C2CCCC(C3CCC(C4CCCC4)CC3)C2)CC1
C1CCC(CCC2CCC(CC3CCCC(C4CCC(C5CCCCC5)CC4)C3)CC2)CC1
C1CCC(C2CCCC3CCC(C4CCC(C5CCC(C6CCCCC6C6CCCC6)CC5)CC4)CC32)CC1
C1CCC(CCCC2CCC(C3CCCCC3)C(C3CCCCC3)C2)CC1
C1CC(CCCC2CC3CCCCC3C2)CC(CCC2CCC(C3CCC3)CC2)C1
C1CCC(C2CCCC(C3CCCCC3C3CCCC3)C2)CC1
C1CCC(C2CCCC(C(CC3CCC3)C3CCCCC3)C2)CC1
C1CCC(CCC2CCCCC2C2CCC3CCCC3C2)CC1
C1CCC(C2CCCC(C3CCCCC3)C2)CC1
C1CCC(C2CCC(C3CCCCC3C3CCCC3)CC2)CC1
C1CCC(CC2CCCC(CC3CCCCC3)C2)CC1
C1CCC(C2CC(C3CCCCC3)CC(C3CCCCC3)C2)CC1
C1CCC(CCC2CCCCC2CC2CCCCC2)CC1
C1CCC(CC2CCCC(CC3CCCC(C4CCCCC4)C3)C2)CC1
C1CCC(C2CCC(C3CCCC(C4CCCCC4C4CCCCC4)C3)CC2)CC1
C1CCC(CCC2CCCC(C3CCCCC3)C2)CC1
C1CCC(C2CCCC(CC3CCCC4CCC(C5CCCCC5)CC43)C2)CC1
C1CCC(CCCC2CCC(CC3CCC(CC4CCCCC4)CC3)CC2)CC1
C1CCC(CC2CCCC(CC3CCC(CC4CC4)CC3)C2)CC1
C1CCC(CC2CCC(C3CCCCC3C3CCCCC3)CC2)CC1
C1CCC(C2CCC(C3CCCCC3C3CCCCC3)CC2)CC1
C1CCC(CCCCC2CCC(C3CCCCC3)CC2)CC1
C1CCC(CCC2CCC(C3CCCC(CC4CCCC(C5CCCCC5)C4)C3)CC2)CC1
C1CCC(CCCCCC2CCCC(C3CCCCC3)C2)CC1
C1CCC(CC2CCC(C3CCC(CC4CCCCC4)CC3)CC2)CC1
C1CCC(CCCC2CCC(C3CCC(C4CCCCC4)CC3)CC2C2CCCC2)CC1
C1CCC(C2CCC(C3CCCCC3)CC2)CC1
C1CCC(C2CCC(CC3CCC(C4CCCCC4)CC3)CC2)CC1
C1CCC(CC2CCCC(C3CCC(C4CCCCC4)CC3)C2)CC1
C1CCC(CCC2CCC(C3CCCCC3)CC2C2CCCC(CC3CCCC(C4CC4)C3)C2)CC1
C1CCC(CCC2CC(CC3CCCCC3)CCC2CC2CCCCC2)CC1
C1CCC(C2CCC3C(CCCC3C3CCCCC3C3CCCCC3)C2)CC1
C1CCC2CC(C3CCCCC3CC3CCCCC3C3CCCC3)CC2C1
C1CCC(CC2CCC(C3CCCCC3C3CCCCC3)CC2)CC1
C1CCC(CC2CCC(C3CCCCC3)CC2)CC1
C1CC(C2CCCCC2CC2CCCCC2C2CCCCC2C2CCCC2)C1
C1CCC(CCC2CC3CCC(C4CCCCC4)CC3C(C3CCCCC3)C2)CC1
C1CCC(C2CCCCC2C2CCCCC2)CC1
C1CCC(C2CC(C3CCCCC3)CC(C3CCCCC3)C2)CC1
C(CCCC1CCC(C2CCC(C3CCCCC3)CC2)CC1)CCC1CCCCC1
C1CCC(CC2CCCCC2C2CCC3C(CCCC3CC(C3CCCCC3)C3CCC4CCCC4C3)C2)CC1
C1CCC(C2CC(C3CCC4CCCCC43)CC3CCCCC32)CC1
C1CCC(CC2CCCC(C3CC(CC4CCCCC4)C4CCCCC43)C2)CC1
C1CCC(CC2CCC(C3CCCCC3)C(C3CCCCC3)C2)CC1
C1CCC(C2CCC(C3CCCCC3)C(C3CCCC3)C2)CC1
C1CCC(CCCC2CCC(CC3CCC(C4CCCCC4)CC3)C2)CC1
C1CCC(C2CCCCC2CC2CCC(C3CCC(C4CCCC(CCC5CC5)C4)CC3)CC2)CC1
C1CCC(CCCCC2CCC(CC3CCCC3)CC2)CC1
C1CCC(C2CCC(C3CCC(CC4CCCC4)CC3)CC2)CC1
C1CCC(CCC2CCCC(C3CCC(C4CCC4)CC3)C2)CC1
C1CCC(CC2CCCCC2C2CCCCC2C2CCC(C3CCCCC3)CC2)CC1
C1CCC(CC2CCCC(C3CCCCC3)C2)CC1
C1CCC(C2CCC(CC3CCC(C4CCCCC4)C(C4CCCCC4)C3)CC2)CC1
C1CCC(C2CCCC(CCC3CCCCC3C3CCCC3)C2)CC1
C1CCC(CC2CCCCC2)CC1
C1CCC(CC2CCCCC2CC2CCCC(C3CCCCC3)C2)CC1
C1CCC(CC2CCC(CC3CCCC(CC4CCCCC4)C3)CC2)CC1
C1CCC(CC2CCC(C3CCC4CCC(C5CCCC(CC6CCCC6)C5)C4C3)CC2)CC1
C1CCC(CCC2CCCCC2CC2CCCCC2)CC1
C1CCC(CC2CCC(C3CCCC(C4CCCCC4)C3)CC2)CC1
C1CCC(CC(CC2CCCCC2C2CCC3CCCCC3C2)C2CCCCC2)CC1
C1CCC(C2CCC(CC3CCC(C4CCCC4)CC3)CC2)CC1
C1CCC(CCCC2CCCC(CCCC3CCCCC3)C2)CC1
C1CC(CCC2CCCC(CC3CC4CCCCC43)C2)CC(CC2CCC3CCCCC32)C1
C1CCC(CCC2CC(C3CCCCC3)CC(C3CCC3)C2)CC1
C1CCC(CC2CCCCC2)CC1
C1CCC(CCCCC2CCCC(CCC3CCC(CCC4CCCCC4)CC3)C2)CC1
C1CCC(C2CCCC(C3CCCCC3C3CCCCC3)C2)CC1
C1CCC(CCC2CCC3CC(C4CCC5CCCCC54)CC(C4CCCCC4)C3C2)CC1
C1CCC(CC2CCC(C3CCCCC3)CC2)CC1
C1CCC(CC2CCC(C3CCC(CCC4CCC5CCCCC54)CC3)CC2)CC1
C1CCC(CCCC2CCCCC2CCC2CCC(C3CC3)CC2)CC1
C1CCC(C2CCC(C3CCCC(CCCCC4CCCC4)C3)CC2)CC1
C1CCC(CC2CCCC(CC(C3CCCCC3)C3CCC(C4CC5CCCCC5C4)C3)C2)CC1
C1CCC(CC2CCC(C3CCC(C4CCCCC4)CC3C3CCCC3)CC2)CC1
C1CCC(C2CCC(C3CCC(CC4CCC(CC5CC6CCCCC6C5)CC4)CC3)CC2)CC1
C1CCC(CC2CCC(CCC3CCC(C4CCCC(C5CCCC5)C4)CC3)CC2)CC1
C1CCC(CC2CCC(C3CCC(C4CCCCC4)CC3)CC2)CC1
C1CCC(CC2CCCC(C3CC(CC4CC5CCCCC5C4)CC(C4CCCCC4)C3)C2)CC1
C1CCC(CCCCCC2CCC(CC3CCC(C4CCCCC4)CC3)CC2)CC1
C1CCC(CC2CC(C3CCCCC3C3CCCC3)C3CCCCC23)CC1
C1CCC(C2CCCC(CCC3CC(CC4CC5CCCCC5C4)CC(C4CCCC4)C3)C2)CC1
C1CCC(C2CCC(C(C3CCCCC3)C3CC3)CC2)CC1
C1CCC(C2CCCC(CC3CCCC(C4CCCCC4)C3)C2)CC1
C1CCC(C2CCC3C(C4CCCCC4)CC(C4CCCCC4)C3C2)CC1
C1CCC(CCCCC2CC(C3CCCCC3)C3CCCCC23)CC1
C1CCC(C2CCCC(CC3CCCC(CC4CC4)C3)C2)CC1
C1CCC(C2CCCCC2C2CCC(C3CCCC3)CC2C2CCCCC2)CC1
C1CCC(CC2CCC(C3CCCCC3)CC2)CC1
C1CCC(C2CCC(C3CCCCC3C3CCCCC3C3CCCC3)CC2)CC1
C1CCC(C2CCC(C3CCCCC3)C(C3CCC4CCCC4C3)C2)CC1
C1CCC(CC2CCCC(CC3CCCCC3)C2)CC1
C1CCC(CC2CCCCC2C2CCC(C3CCCC3)CC2)CC1
C1CCC(CCCC2CCCCC2CC2CCCCC2)CC1
C1CCC(CCC2CCCC3CC(C4CCCCC4C4CCC5CCCC5C4)CCC23)CC1
C1CCC(CC2CCCC(C3CCCCC3C3CCCCC3)C2)CC1
C1CCC(CCC2CCC(CC3CCCCC3)C(CCCC3CCCC3)C2)CC1
C1CCC(CC2CCCC(C3CCCCC3CC3CCCCC3)C2)CC1
C1CCC(CC2CCC(C3CCCCC3)CC2)CC1
C1CCC(CC2CCC(C3CCC(C4CCC(C5CCC(C6CC6)CC5)CC4)CC3)CC2)CC1
C1CCC(CC2CCC(CC3CCCC(C4CCCCC4)C3)CC2)CC1
C1CCC(CCCCC2CCC(C3CCCC(CC4CCCC(CCC5CCCCC5)C4)C3)C2)CC1
C1CCC(CCC2CCCC(C3CCCCC3)C2)CC1
C1CCC2CC(CC3CCC(CCC4CCC5CC(C6CCC7CCCCC76)CC(C6CCCC6)C5C4)CC3)CCC2C1
C1CCC(CCC2CCCC(CC3CCCCC3C3CCCCC3)C2)CC1
C1CCC(C2CC(CCC3CCC(C4CCCC4)CC3)CC(C3CCCC3)C2)CC1
C1CCC(CCC2CCCC(CC3CCC4CCC(C5CCCCC5)CC4C3)C2)CC1
C1CCC(CC2CCC(C3CCC(CC4CCCCC4)C(C4CCCC4)C3)CC2)CC1
C1CCC(C2CCCC(C3CCCC4CC(C5CCCCC5)CCC43)C2)CC1
C1CCC(CC2CCCCC2C2CCCCC2)CC1
C1CCC(C2CCCC(C3CCCC(C4CCCCC4)C3)C2)CC1
C1CCC(CC2CCC(CCCC3CCCC(C4CCCC4)C3)CC2)CC1
C1CCC(CCC2CCC(CC3CCC(C4CCC5CCCCC5C4)CC3)CC2)CC1
C1CCC(CC2CCCC(C3CCCCC3)C2)CC1
C1CCC(C2CCC(CC3CCCC3)CC2)CC1
C1CCC(CC2CCC(C3CCC(C4CCCCC4C4CCCC4)CC3)CC2)CC1
C1CCC(CC2CCCC(CCC3CCCC(C4CCCCC4)C3)C2)CC1
C1CCC(C2CCC(C3CCC4CCC(C5CCCCC5C5CCCC5)CC4C3)CC2)CC1
C1CCC(C2CCC(C3CCCCC3)CC2)CC1
C1CCC(CC2CC3CCC(C4CCCCC4)CC3C(C3CCCCC3)C2)CC1
C1CCC(CCCCC2CCC3CCC(C4CCCCC4)CC3C2)CC1
C1CCC(CCC2CCC(C3CCCCC3)CC2)CC1
C1CC(CC2CCC3CCCCC32)CC(CC2CCCCC2C2CCC3CCCC3C2)C1
C1CCC(CCCCC2CCC(C3CCC4C(CCC4C4CCCC4)C3)CC2)CC1
C1CCC(C2CCCCC2C2CCCCC2)CC1
C1CCC(CCCC2CCC(CC3CCC(C4CCCCC4)CC3)CC2)CC1
C1CCC(CC2CCC(C3CCCCC3)C(C3CCCCC3)C2)CC1
C1CCC(CCCC2CCCC(C3CC(CC4CCCC4)C4CCCCC43)C2)CC1
C1CCC(C2CCC3C(CCC3C3CCCCC3)C2)CC1
C1CCC(CC2CCCC(C3CCCC(C4CCCCC4)C3)C2)CC1
C1CCC(CC2CCCCC2CCCC2CCCC(CC3CCCC(C4CCCCC4)C3)C2)CC1
C1CCC(CCC2CCCC(C3CCCC3)C2CCC2CCCCC2)CC1
C1CCC(CC2CCCC(C3CC(C4CCCCC4)CC(C4CCCC4)C3)C2)CC1
C1CCC(CCC2CCC(C3CCCC(C4CCCCC4)C3)CC2)CC1
C1CCC(CC2CCCCC2C2CCC(C3CCCCC3)CC2)CC1
C1CCC(CC2CCCC(C3CCCCC3)C2)CC1
C1CCC(C2CCC(CC3CCC(C4CCCCC4)CC3C3CCCC3)CC2)CC1
C1CCC(CCCC2CCC(CC3CCCC(C4CCCCC4)C3)CC2)CC1
C1CCC(CC2CC(CC3CCCC3)C3CC(C4CCCCC4)CCC23)CC1
C1CCC(C2CCC(CC3CCC(CC4CCCC(CCC5CCC(C6CCC7CCCCC76)CC5)C4)CC3)C2)CC1
C1CCC(CC2CCC(CCC3CCC(CCC4CCC5CCCCC5C4)CC3)CC2)CC1
C1CCC(CCCC2CCCCC2C2CCC(CC3CCCCC3)CC2)CC1
C1CCC(C2CCCC(CC3CCC(CC4CCCCC4C4CCCC4)CC3)C2)CC1
C1CCC(C2CCCC(C3CCCCC3C3CCCCC3)C2)CC1
C1CCC(CC2CCCCC2C2CCC3CCCC3C2)CC1
C1CCC(C2CCCC(C3CCCC(CC4CCCC4)C3)C2)CC1
C1CCC(CC2CCC(CC3CCCC(CC4CCCCC4)C3)CC2)CC1
C1CCC(CC2CCC(CC3CCCC(C4CCCCC4)C3)CC2)CC1
C1CCC(C2CC(C3CCC4CCCCC43)CC3CCCCC32)CC1
C1CCC(CCC2CCC(CC3CCCCC3)CC2)CC1
C1CCC(CC2CCCC(C3CCCCC3CC3CCCCC3)C2)CC1
C1CCC(C2CCC(CC3CCC(C4CCC(C5CCCCC5)CC4)CC3)CC2)CC1
C1CCC(CC2CCCC(C3CCCCC3)C2)CC1
C1CCC(CCCC2CCC(CC3CCCC(C4CCCC5CCCCC54)C3)CC2)CC1
C1CCC(C2CCC(CC3CCCCC3C3CCC(C4CCCCC4)CC3)CC2)CC1
C1CCC(CC2CCC3CCCCC32)CC1
C1CCC(CCCC2CCC(C3CCCCC3)CC2)CC1
C1CCC(CC2CCCC(C3CCC(CC4CCCCC4C4CCCCC4)CC3)C2)CC1
C1CCC(CC2CCC(CCCC3CCCC(CC4CCCC(CC5CCCCC5)C4)C3)CC2)CC1
C1CCC(CC2CCC(CC3CC(C4CCCCC4)C4CCCCC34)CC2)CC1
C1CCC(CCC2CCC(C3CCCCC3)CC2)CC1
C1CCC(C2CCCC(CCCC3CCCCC3C3CCCCC3)C2)CC1
C1CCC(CCCCC2CCCC(C3CCC(CC4CCC(CC5CCCC5)CC4)CC3)C2)CC1
C1CCC(CC2CCCCC2C2CCCC2)CC1
C1CCC(CCC2CCC(CCCC3CCCC(C4CCCCC4)C3)CC2)CC1
C1CCC(C2CCCCC2C2CCCCC2C2CCC3CCCC3C2)CC1
C1CCC(C2CCC(CCCC3CCC4CCCC(C5CCCCC5)C4C3)CC2)CC1
C1CCC(C2CCC(C3CCCCC3)CC2)CC1
C1CCC(CCC2CCCC(C3CCCC(C4CCCCC4)C3)C2)CC1
C1CCC(C2CCC(CCCC3CCCC(C4CCCCC4C4CCCC4)C3)CC2)CC1
C1CCC(CC2CCC(C3CCCCC3)CC2)CC1
C1CCC(C2CCC(CC3CCC(C4CCCC(C5CCCC5)C4)CC3)CC2)CC1
C1CCC(CC2CCC(CC3CCCC(C4CCC(CC5CC6CCCCC6C5)CC4)C3)CC2)CC1
C1CCC(C2CC3CCC(C4CCCCC4)CC3C(C3CCCCC3)C2)CC1
C1CCC(CC2CCCC(C3CCCCC3)C2)CC1
C1CCC(CCCC2CCC(CC3CCC(C4CCCCC4)CC3)CC2)CC1
C1CCC(CCCCC2CCC(CC3CCCCC3)CC2)CC1
C1CCC(CC2CCC(C3CCCCC3)CC2)CC1
C1CCC(C2CCCC(C(CCC3CCCC(C4CCC4)C3)C3CCCCC3)C2)CC1
C1CCC(CC2CCC(C3CCCCC3)C2)CC1
C1CCC(C2CCCC(C3CCCC(C4CCCCC4)C3)C2)CC1
C1CCC(CC2CCC(CC3CCCCC3)CC2)CC1
C1CCC(CCCCC2CCC(CCCC3CCCCC3C3CCCCC3)CC2)CC1
C1CCC(CCCCC2CCCC(CC3CCCC3)C2)CC1
C1CCC(C2CCCC(C3CCCCC3)C2)CC1
C1CCC(CC2CCCC(CC3CCC(C4CC(CC5CCCCC5)C5CCCCC54)CC3)C2)CC1
C1CCC(CCC2CCC(C3CCCC(C4CCCC4)C3)CC2)C1
C1CCC(CCC2CCC(CC3CCCCC3)CC2)CC1
C1CCC(CCC2CCC(CC3CCC(C4CCCCC4)CC3)CC2)CC1
C1CCC(CCCC2CCC(CC3CCCCC3)CC2)CC1
C1CCC(C2CCC(C3CCCC(C4CCCCC4)C3)CC2)CC1
C1CCC(CC2CCCC(CC3CCC(C4CCCCC4)CC3)C2)CC1
C1CCC(CC2CCC(CC3CCCCC3)CC2)CC1
C1CCC(CC2CCC(C3CCCCC3)CC2)CC1
C1CCC(C2CCC(CC3CCCCC3CCC3CC3)CC2)CC1
C1CCC(CCC2CCCC(CC3CCC(CC4CCCCC4)CC3)C2)CC1
C1CCC(CCC2CCCC(C3CC3)C2)CC1
C1CCC(CC2CCC(C3CCC(CC4CCC4)CC3C3CCCC3)CC2)CC1
C1CCC(C2CCC(C3CC(CC4CCCCC4C4CCCCC4)C4CCCCC43)CC2)CC1
C1CCC(CC2CCC(C3CC(C4CCC(C5CCCCC5)CC4)C3)CC2)CC1
C1CCC(CC2CCCC(CC3CCCCC3)C2)CC1
C1CCC(C2CCC3CC(C4CCCCC4)CCC3C2)CC1
C1CCC(C2CC(C3CCC3)CC(C3CCC4C(CCCC4C4CCCCC4)C3)C2)CC1
C1CCC(CC2CCCC(C3CCCC(C4CCCCC4)C3)C2)CC1
C1CC2CCC(C3CCCC(C4CCC5CCCCC54)C3)CC2C1
C1CCC(CCCC2CCCCC2CC2CCCCC2)CC1
C1CCC(CC2CCC(C3CCCCC3C3CCCC3)CC2)C1
C1CCC(CC2CCCCC2C2CC(CCCC3CCC4CCCCC4C3)C3CCCCC32)CC1
C1CCC(C2CCCC(C3CCC(C4CCCC(CCC5CCCC5)C4)C3)C2)CC1
C1CCC(CCCC2CCC(CC3CCC(CCC4CC5CCCCC5C4)CC3)CC2)CC1
C1CCC(CCC2CCC(CC3CC(CC4CCCCC4)C4CCCCC34)CC2)CC1
C1CCC(C2CCC(C3CCCCC3C3CCC4CCCC4C3)C3CCCC23)CC1
C1CCC(C2CCC3CCC(C4CCCCC4C4CCCCC4)CC3C2)CC1
C1CCC(CCCC2CCC(C3CCCC3)CC2C2CCCCC2)CC1
C1CCC(C2CCC(CC3CCC4C(CCCC4C4CCCC(C5CCC6CCCCC6C5)C4)C3)CC2)C1
C1CCC(C2CCC3C(CCC3C3CCCCC3)C2)CC1
C1CCC(CC2CCC(C3CCCC(C4CCCC(C5CCC5)C4)C3)CC2)C1
C1CCC(C2CCC(C3CCCCC3)CC2)CC1
C1CCC(CC2CCCCC2C2CCCC(C3CCCCC3)C2)CC1
C1CCC(CCCCC2CCC(C3CCC(CCCC4CCCCC4)CC3)CC2)CC1
C1CCC(CCCC2CCC(C3CCCC3)CC2)CC1
C1CCC(CC2CCCCC2)CC1
C1CCC(CC2CCC(CCC3CCC(CCC4CC(C5CCCCC5)C5CCCCC45)CC3)CC2)CC1
C1CCC(CC(CC2CCCCC2)C2CCCC(C3CCCCC3)C2)CC1
C1CCC(CC2CCC(C3CCCCC3)CC2)CC1
C1CCC(C2CCC(C(C3CCCCC3)C3CC3)CC2)CC1
C1CCC(CCC2CCCC(CCC3CCCC3)C2CCC2CCCCC2)CC1
C1CCC(CC2CC(CC3CCCC(C4CCC(C5CCCCC5)C4)C3)C3CCCCC23)CC1
C1CCC(CC2CCCC(C3CCC4CCCC4C3)C2)CC1
C1CCC(C2CCCC(CC3CCCC(C4CCCCC4)C3)C2)CC1
C1CCC(C2CCCC(C3CCCCC3)C2)CC1
C1CCC(CCCC2CCC(C3CCC(C4CCCCC4)CC3)CC2)CC1
C1CCC(CCCCCC2CCC(C3CCCC(CC4CCCCC4)C3)CC2)CC1
C1CCC(C2CCC(C3CCC(C4CC(C5CCCCC5)C4)CC3)CC2)CC1
C1CCC(C2CCC(C3CCCCC3)CC2)CC1
C1CCC(CC2CCCC(C3CCCC(C4CC4)C3)C2)CC1
C1CCC(C2CCCC(C3CCC(CCC4CCCC4)CC3)C2)CC1
C1CCC(C2CCCC(C(C3CCCCC3C3CCCCC3)C3CCCC4CCCCC43)C2)CC1
C1CCC(C2CCC(C3CCCC(CC4CCCC4)C3)CC2)CC1
C1CCC(CC2CCC(C3CCCC(C4CCCCC4)C3)CC2)CC1
C1CCC(CC2CCC(C3CCCCC3)CC2CC2CCCCC2)CC1
C1CCC(CC2CCC(C3CCCCC3C3CC4CCCCC4C3)CC2)CC1
C1CCC(CC2CCCCC2CC2CCCCC2)CC1
C1CCC(CC2CC(C3CCCC(C4CCCCC4)C3)C3CC(C4CCCCC4)CCC23)CC1
C1CCC(C2CC(C3CCC4CCCC4C3)CC(C3CCCC3)C2CC2CCCC2)CC1
C1CCC(CCC(CC2CCCCC2CC2CCCCC2)C2CCCCC2)CC1
C1CCC(CC2CC(C3CCCCC3CC3CCCCC3)C3CCCCC23)CC1
C1CCC(CCCC2CCC3CC(C4CCCC(C5CCCCC5)C4)CCC3C2)CC1
C1CCC(CC2CCCCC2CC2CCCCC2)CC1
C1CCC(C2CCCC(CCC3CC4CCCCC4C3)C2)CC1
C1CCC(C2CCC(C3CCC(C4CCCC(C5CCCCC5)C4)C(C4CCCCC4)C3)CC2)CC1
C1CCC(C2CCC(C3CCCC(C4CCCCC4)C3)CC2)CC1
C1CCC(CCC2CCC(C3CCCC3)CC2)CC1
C1CCC(CC2CCCC(C3CCCC(CCC4CCCC4)C3)C2)CC1
C1CCC(CC2CCC(CC3CCCCC3)C(C3CCCC3)C2)CC1
C1CCC(CCC2CCCC(CCC3CCCCC3)C2)CC1
C1CCC(CCC(CCC2CCC(CC3CC4CCCCC4C3)CC2)C2CCCCC2)CC1
C1CCC(CCCC2CCC(CC3CCC(C4CCCCC4)CC3)CC2)CC1
C1CCC(CC2CCC(CC3CCCCC3CC3CCCCC3)CC2)CC1
C1CCC(C2CCC(CC3CCCCC3C3CCC4CCCC4C3)CC2)CC1
C1CCC(CCC2CCC3C(CCC3C3CCCCC3CCC3CCCCC3)C2)CC1
C1CCC(CCC2CCC(CC3CCC(C4CCC(C5CCCCC5)CC4)CC3)CC2)CC1
C1CCC(CCC2CCC(CCC3CCC(CC4CCCCC4)CC3C3CCCCC3)CC2)CC1
C1CCC(CCC2CCCC(C3CCCCC3)C2)CC1
C1CCC(CC2CCC(C3CCC4CCCCC43)CC2)CC1
C1CCC(CC2CCC(CCCCC3CCC(C4CCC(C5CCCCC5)CC4)CC3)CC2)CC1
C1CCC(CC2CCCCC2)CC1
C1CCC(CCC2CCC(C3CCCC(C4CCCCC4)C3)CC2)CC1
C1CCC(C2CCC(C3CC(C4CCC(C5CCC6CCCCC65)CC4)C3)CC2)CC1
C1CCC(CC2CCCC(C3CCC4CCCCC43)C2)CC1
C1CCC(CC2CCC(CC3CCCCC3C3CC(CC4CC4)C4CCCCC43)CC2)CC1
C1CCC(C2CCCC(CC3CCCC(C4CCCCC4)C3)C2)CC1
C1CCC(C2CCC(CC3CC4CCCCC4C3)CC2)CC1
C1CCC(CC2CCC3CC(C4CCC5CCCCC54)CCC3C2)CC1
C1CCC(CC2CCCCC2C2CCCCC2)CC1
C1CCC(CC2CCC3CC(C4CCC5CCCCC54)CCC3C2)CC1
C1CCC(C2CCCCC2C2CCCCC2)CC1
C1CCC(CCCC2CCC(CCC3CCCCC3)CC2)CC1
C1CCC(CCCCCC2CCC(C3CCCCC3)CC2)CC1
C1CCC(CC2CCCC(CC3CCCCC3CC3CCCCC3)C2)CC1
C1CCC(CCC2CCCC(CCC3CCCCC3)C2C2CC2)CC1
C1CCC(CCCCC2CCCCC2C2CCCCC2)CC1
C1CCC(C2CCC(CCCC3CCC(C4CCCCC4)C3)CC2)CC1
C1CCC(CC2CCCCC2C2CCC(C3CCCCC3)CC2)CC1
C1CCC(CC2CCCC(C3CCCCC3)C2)CC1
C1CCC(CCC2CCCC(CC3CCC(C4CCCC4)CC3)C2)C1
C1CCC(CCC2CCC(C3CCCCC3)CC2)CC1
C1CCC(CCC2CCC(CC3CCCC(CC4CCCCC4)C3)CC2)CC1
C1CCC(CCC2CCCCC2C2CCCC2)CC1
C1CCC(CCC2CC(C3CCCCC3)CCC2CC2CCCCC2)CC1
C1CCC(C2CCCC(CCC3CCC(CCCC4CCC4)CC3)C2)CC1
C1CCC(CCCCCC2CC(CC3CCCCC3)CCC2CC2CCCCC2)CC1
C1CCC(CCC2CCC(CC3CCCC(C4CCCCC4CC4CCCCC4)C3)C2)CC1
C1CCC(CCC2CCCCC2C2CCC3CC(CC4CCC(C5CCCCC5)CC4)CCC3C2)CC1
C1CCC(CCC2CCC(C3CCCCC3)CC2)CC1
C1CCC(C2CC3CCC(C4CCCCC4)CC3C(C3CCCCC3)C2)CC1
C1CCC(C2CC(C3CCC4CCCCC43)CC3CCC(C4CCCCC4C4CCCC4)CC32)CC1
C1CCC(CC2CC(CC3CC3)CC(C3CCCC(C4CCCCC4)C3)C2)CC1
C1CCC(C2CCC(C3CCCCC3)C(C3CCCCC3)C2)CC1
C1CCC(CCC2CCC(CC3CCC(C4CCCCC4)CC3)CC2)CC1
C1CCC(C2CCC(CCC3CCCC(C4CCCCC4)C3)CC2)CC1
C1CCC(CC2CCC(C3CCCCC3CCC3CC3)CC2)CC1
C1CCC(C2CCC(CCCC3CCC(CC4CCCC4)CC3)CC2)CC1
C1CCC(CC2CCCCC2CCCC2CCCC(C3CC4CCCCC4C3)C2)CC1
C1CCC(CC2CCC3CC(C4CCCCC4)CC3C2)CC1
C1CCC(CCCCC2CCCC(CC3CCCCC3)C2)CC1
C1CCC(CCC2CCC(C3CC(C4CC4)CCC3C3CCC4CCCCC43)CC2)CC1
C1CCC(CCC2CCC(C3CCC(CCC4CCCCC4)CC3)CC2)CC1
C1CCC(CCCC2CCCC(CCC3CCC4CCCC4C3)C2)CC1
C1CCC(CC2CCC3CC(C4CCCCC4)CC(C4CCCCC4)C3C2)CC1
C1CCC(CCC2CC(CCC3CCC4CCCCC4C3)CCC2C2CCCCC2)CC1
C1CCC(CC2CCC(CC3CCCC(CC4CC(CC5CCCCC5)C5CCCCC45)C3)CC2)CC1
C1CCC(CC2CCCC(CCCCC3CCCCC3CC3CCCCC3)C2)CC1
C1CCC(CC2CCC3CCCC(C4CCCCC4)C3C2)CC1
C1CCC(CCC2CCC(CC3CCCCC3)CC2CCCC2CCC2)CC1
C1CCC(CC2CCC3C(CCC4CCCC(C5CCCCC5)C4)CCC3C2)CC1
C1CCC(CCCC2CCCCC2CC2CCC(CC3CCCCC3)CC2)CC1
C1CCC(CCCCC2CCCCC2C2CCCCC2)CC1
C1CCC(CCCC2CC(C3CCCCC3)C3CCCC3C2C2CCCCC2)CC1
C1CCC(CCC2CCCC(CC3CCCC3C3CCCCC3)C2)CC1
C1CCC(CCC2CC(C3CCCC(C4CCCCC4)C3)C3CCCCC23)CC1
C1CCC(C2CCC(CC3CCC(CC4CCC5CCCCC5C4)CC3)CC2)CC1
C1CCC(CCC2CC(CC3CCC(C4CCCCC4)CC3)C3CCCCC23)CC1
C1CCC(C2CCCCC2C2CCCCC2)CC1
C1CCC(CC2CCC(C3CCCC(C4CCC4)C3)CC2)CC1
C1CCC(C2CCCCC2C2CCC(C3CC3)CC2C2CCCCC2)CC1
C1CCC(CCC2CCC(C3CCC(C4CCCCC4)CC3)CC2)CC1
C1CCC(C2CCC(CCCCC3CCC(C4CCCCC4)CC3)CC2)CC1
C1CCC(CC2CCC(C3CCCCC3)CC2CC2CCCCC2)CC1
C1CCC(CC2CCC(C3CCCCC3)CC2)CC1
C1CCC(C2CCC(C3CCC3)CC2C2CCCCC2)CC1
C1CCC(CC2CCC(CCC3CCCCC3C3CCC4CCCC4C3)C2C2CCCC2)CC1
C1CCC(CC2CCC(C3CCCCC3)CC2)CC1
C1CCC(C2CCCC(C3CCC(CC4CCCC4)CC3)C2)CC1
C1CCC(CC2CCCC(C3CCCC(C4CCC(C5CCCCC5)CC4)C3)C2)CC1
C1CCC(CC2CCCCC2)CC1
C1CCC(CCC2CCC(C3CCCCC3)CC2CCC2CCCCC2)CC1
C1CCC(C2CCC(CC3CCCCC3C3CCCCC3)CC2)CC1
C1CCC(CCCCCC2CCC(CC3CCC(C4CCCCC4)CC3C3CC3)CC2)CC1
C1CCC(CC2CCCC(C3CCCCC3)C2)CC1
C1CCC(C2CCC(C3CCCC(C4CCCC4)C3)C2)CC1
C1CCC(CCC2CC(C3CCCCC3)CCC2C2CCC3CCCC3C2)CC1
C1CCC(CC2CCC(CC3CC3)CC2C2CCCCC2)CC1
C1CCC(CC2CCCCC2)CC1
C1CCC(CC2CCC(CC3CCC4C(CCCC4C4CCC5CCCCC5C4)C3)CC2)CC1
C1CCC(CC2CCCC(C3CCC(C4CCCC(C5CCC6CCCC6C5)C4)CC3)C2)CC1
C1CCC(CCCCC2CCCCC2)CC1
C1CCC(CC2CCC(C3CCC(CC4CCCCC4)CC3)CC2)CC1
C1CCC(C2CCCCC2C2CCC(CC3CCCC(CC4CCCC4)C3)C2)CC1
C1CCC(CC2CCC(C3CCCCC3)CC2)CC1
C1CCC(CC2CCC(C3CCC(C4CCCCC4)CC3C3CCCC3)CC2)CC1
C1CCC(CC2CCC(CC3CC(CC4CCCC4)C4CCCCC34)CC2)CC1
C1CCC(C2CCCC(C3CCCC(C4CCC5CCCCC5C4)C3)C2)CC1
C1CCC(C2CCCCC2)CC1
C1CCC(CCC2CCC(C3CCCC3)CC2C2CCCC2)CC1
C1CCC(CC2CCCCC2C2CCC(C3CCCC(CC4CC5CCCCC5C4)C3)CC2)CC1
C1CCC(CC2CCCCC2C2CCC(C3CCCCC3C3CCCC3)CC2)CC1
C1CCC(CC2CCCC(CC3CCCCC3)C2)CC1
C1CCC(CC2CCC(C3CCCCC3C3CCCC(C4CCCCC4)C3)CC2)CC1
C1CCC(CCC2CCCCC2C2CCCC(C3CCCCC3)C2)CC1
C1CCC(CC2CCCC3CCCCC32)CC1
C1CCC(CCC2CCCCC2C2CCCCC2C2CCC3CCCC3C2)CC1
C1CCC(CC2CCC(C3CCCCC3C3CCCC3)C(C3CCCCC3)C2)CC1
C1CCC(CCC2CCCC(CCC3CCC(CC4CCCCC4)CC3)C2)CC1
C1CCC(CC2CCC(CC3CCCC(C4CCCCC4C4CCCCC4CC4CCCCC4)C3)CC2)CC1
C1CCC(CCCCC2CCC(CCC3CCCC3)CC2)CC1
C1CCC(CC2CCC(C3CCC(CCC4CC5CCCCC5C4)CC3)CC2)C1
C1CCC(CC2CCC(CCC3CCCC(CC4CCCC(CC5CCCCC5)C4)C3)CC2)CC1
C1CCC(CCC2CCCC(C3CCC(C4CCC4)CC3)C2)CC1
C1CCC(CCCCC2CCCC(CC3CCCCC3)C2)CC1
C1CCC(CCCC2CC(CC3CCCC(C4CCCC4)C3)C3CCC(C4CCCCC4)CC23)CC1
C1CCC(C2CCCC(C3CCC(CC4CC5CCCCC5C4)CC3)C2)CC1
C1CCC(CC2CCC(C3CCCC(C4CCCCC4)C3)CC2)CC1
C1CCC(C2CCC(CC3CCCCC3C3CCC4CCCCC4C3)CC2)CC1
C1CCC(C2CC(C3CCC(CC4CC4)CC3)C3CCCCC23)CC1
C1CCC(C2CCC3CC(C4CCCCC4)C(C4CCCCC4)C3C2)CC1
C1CCC(C2CC(C3CCCCC3)CC(C3CCCCC3)C2)CC1
C1CCC(CC2CCC(C3CCCC(C4CCC(C5CCCC5)CC4)C3)CC2)CC1
C1CCC(CCC2CCCC(C(C3CCCCC3)C3CCC(CC4CCC4)CC3)C2)CC1
C1CCC(C2CCC(C3CCCCC3)CC2)CC1
C1CCC(CCCCC2CCC(CC3CCCCC3)CC2)CC1
C1CCC(CC2CCCCC2C2CCC(C3CCCCC3)CC2)CC1
C1CCC(CCC2CCC3CC(C4CCC5CCCCC54)CC(C4CCCCC4)C3C2)CC1
C1CCC(C2CCCC(CCC3CCCCC3C3CCCC3)C2)CC1
C1CCC(CCC2CC(CC3CCCC(CC4CCCCC4)C3)C3CCCCC23)CC1
C1CCC(CCCCCC2CCC(CC3CCCC4CCCCC43)CC2)CC1
C1CCC(CCC2CCC(C3CCC(C4CCCCC4)CC3)CC2)CC1
C1CCC(CC2CCC(CCCC3CCC(C4CCCCC4)CC3)CC2)CC1
C1CCC(C2CCCC(C3CCC(C4CCCC4)CC3)C2)CC1
C1CCC(CCCCC2CCC(C3CCCCC3)CC2)CC1
C1CCC(CC2CCCC(C3CCCC(C4CCCCC4)C3)C2)CC1
C1CCC(C2CCCC(CC3CCC(C4CCCC(CC5CCC6CCCCC65)C4)CC3)C2)CC1
C1CCC(C2CCCC(C3CCCC(C4CCC5CCCCC5C4)C3)C2)CC1
C1CCC(CC2CCC(CC3CCCCC3)CC2)CC1
C1CCC(CCCC2CCC(CC3CCC(CCC4CCCCC4)CC3)CC2)CC1
C1CCC(C2CCC(CCCC3CCC(C4CCCCC4)CC3)CC2)CC1
C1CCC(CCC2CCC(C(C3CCCC(CC4CCCCC4)C3)C3CC4CCCCC4C3)CC2)CC1
C1CCC(C2CCC(CC3CCCC(C4CC5CCCCC5C4)C3)CC2)C1
C1CCC(C2CCCC(CCC3CCCC(C4CCC(C5CCCC(C6CCCCC6)C5)CC4)C3)C2)CC1
C1CC2CCC(C3CCC(C4CCCCC4C4CCCC4)CC3)CC2C1
C1CCC(CCC2CCCC(C3CCCCC3)C2)CC1
C1CCC(CCC2CCCC(C3CCC(C4CCC(C5CC5)CC4)CC3)C2)CC1
C1CCC(CC2CCCCC2C2CCC(C3CCCC(CCC4CCCC4)C3)CC2)CC1
C1CCC(C2CCCC(C3CC(C4CCCCC4)C4CCCCC34)C2)CC1
C1CCC(C2CCCCC2CCC2CCCCC2C2CCCCC2C2CCCCC2)CC1
C1CCC(C2CCCC(C3CC(C4CCCCC4)C4CCCCC34)C2)CC1
C(CC1CCC(CC2CCC(C3CCC(C4CCCC4)CC3)CC2)CC1)CC1CCC2CCCC2C1
C1CCC(C2CCC(C3CC3CCC3CCC(C4CCCCC4)C(C4CCCC4)C3)CC2)CC1
C1CCC(CC2CCCC(CC3CCCCC3)C2)CC1
C1CCC(CC2CCC(CC3CCC(C4CCCCC4)CC3)CC2CC2CCCCC2)CC1
C1CCC(C2CCCCC2)CC1
C1CCC(C2CCC(CC3CCC4CCCCC43)CC2)CC1
C1CCC(CC2CCC(CC3CCCCC3CCC3CCCC3)C(CC3CCCCC3)C2)CC1
C1CCC(C2CCCC(CC(C3CCCCC3)C3CCCCC3)C2)CC1
C1CCC(CCC2CCC(CC3CCCCC3CCC3CCCC(CC4CCCCC4)C3)CC2)CC1
C1CCC(C2CC(C3CCCCC3)CC(C3CCCCC3C3CCCCC3)C2)CC1
C1CCC(C2CCC3C(C2)CC(C2CCCCC2)CC3C2CCCCC2)CC1
C1CCC(CC2CCC(CCC3CCC(C4CCCC4)CC3)CC2C2CCCCC2)CC1
C1CCC(CC2CCCCC2C2CCCCC2)CC1
C1CCC(CCC2CCCCC2C2CCC(CC3CCC(C4CCCCC4)CC3)CC2)CC1
C1CCC(C2CC(C3CCCCC3)C3CCCCC23)CC1
C1CCC(CC2CCC(CC3CCCCC3CC3CCCCC3)CC2)CC1
C1CCC(C2CCC(C3CCC(C4CCCCC4C4CCCCC4)CC3)CC2)CC1
C1CCC(CCCC2CCC(C3CCC4CCCCC43)CC2)CC1
C1CCC(CC2CCCC(C3CCCC(CC4CCCC4)C3)C2)CC1
C1CCC(CCC2CCC(CCCCC3CCCCC3C3CCCCC3)CC2)CC1
C1CCC(CCC2CC(CC3CCCCC3)C3CCC(CC4CCCCC4)CC23)CC1
C1CCC(CC2CC(C3CCCCC3)CCC2C2CCCCC2)CC1
C1CCC(C2CCCCC2)CC1
C1CCC(C2CCC(C3CC3)CC2)CC1
C1CCC(CCC2CCC(C3CCCCC3)CC2)CC1
C1CCC(CCC2CCC(C3CCCC4CC(C5CCCCC5)CCC43)CC2)CC1
C1CCC(C2CCC(C3CCC(C4CCCCC4)CC3)CC2)CC1
C1CCC(C2CCCC(CCCCC3CCC(CCC4CC5CCCCC5C4)CC3)C2)CC1
C(CCCCC1CCCCC1)CCCC1CCCCC1
C1CCC(CCCC2CCC(CC3CCCCC3)CC2)CC1
C1CCC(C2CCC(CC3CCC(C4CCCCC4C4CCCCC4)CC3)CC2)CC1
C1CCC(C2CCCCC2)CC1
C(CCCC1CCC(CC2CCCCC2)CC1)CCC1CCCCC1
C1CCC(C2CC(C3CCCCC3)C3CCCCC23)CC1
C1CCC(C(C2CC2)C2CCCC(CC3CCC4CCCC4C3)C2)CC1
C1CCC(C2CCC(CCCCC3CCC4CCCCC34)CC2)CC1
C1CCC(CC2CCCCC2C2CCCC(C3CCC(C4CCCC4)CC3)C2)CC1
C1CCC(CC2CCC(C3CCCCC3CC3CCCCC3)CC2)CC1
C1CCC(CCCCC2CCC(CC3CCC(C4CCC5CCCC5C4)CC3)CC2)C1
C1CCC(CC2CCC(CC3CCCCC3)CC2)CC1
C1CCC(CC2CCCCC2C2CCCC(C3CCC(C4CC5CCCCC5C4)CC3)C2)CC1
C1CCC(CC2CCCCC2)CC1
C1CCC(CCC2CCC(C3CCCCC3)CC2)CC1
C1CCC(CC2CCC3C(CC4CCCCC4)CCC3C2)CC1
C1CCC(CCC2CCCCC2C2CCCCC2)CC1
C1CCC(CCC2CCCCC2)CC1
C1CCC(C2CCC(C3CCCCC3)CC2)CC1
C1CCC(CCCCC2CCC(CC3CCCCC3)CC2)CC1
C1CCC(CCC2CCC(CCCCC3CC4CCCCC4C3)CC2)CC1
C1CCC(C2CCCC(C3CCC(C4CCCCC4C4CCCCC4)C3)C2)CC1
C1CCC(CCCC2CCCC3CC(CCC4CCCC(C5CCCCC5)C4)CCC23)CC1
C1CCC(C2CCC(C3CCCC(CC4CC(C5CCCC5)C5CCCCC45)C3)C2)CC1
C1CCC(CC2CCCCC2)CC1
C1CCC(CCCCCC2CC(CC3CCCCC3)C3CCCCC23)CC1
C1CCC(C2CCC(CC3CCCC(C4CCCCC4C4CCCCC4)C3)CC2)CC1
C1CCC(CC2CCC(C3CCCC(C4CCC(C5CCCCC5)CC4)C3)CC2)CC1
C1CCC(CC2CCC(C3CCCCC3)CC2)CC1
C1CCC(CC2CCCC(C3CCCC(C4CCCCC4)C3)C2)CC1
C1CCC(C2CCC(C3CCC(C4CCCCC4C4CCCC4)CC3)CC2)CC1
C1CCC(C2CCC(C3CCC(C4CCCC(C5CCCC5)C4)CC3)CC2)CC1
C1CCC(CC2CCCC(CC3CCCC4CC(C5CCC(C6CCCCC6)CC5)CCC34)C2)CC1
C1CCC(CCC2CCCCC2)CC1
C1CCC(CCCC2CCC(C3CCCCC3)CC2)CC1
C1CCC(CC2CCC(CCCCC3CCCC(C4CCCCC4)C3)CC2)CC1
C1CCC(CCC2CCCCC2CC2CCCCC2)CC1
C1CCC(CCC2CCC(CC3CCCCC3)CC2)CC1
C1CCC(CC2CCC(CC3CCCC3)CC2)CC1
C1CCC(CCCC2CCC(C3CCC(C4CCCCC4)C3)C(C3CCC4CCCC4C3)C2)CC1
C1CCC(C2CCCC(CCC3CCC(CC4CC4)CC3)C2)CC1
C1CCC(CC2CCCCC2C2CCCCC2)CC1
C1CCC(CCCC2CC(CCC3CCCCC3)CC(C3CCCCC3)C2)CC1
C1CCC(C2CCCCC2)CC1
C1CCC(CCCC2CCCC(C3CCC(C4CCCCC4)CC3)C2)CC1
C1CCC(C2CCCC(C3CCC(C4CCCCC4)C4CCCC34)C2)CC1
C1CCC(C2CCCCC2CCC2CCCCC2C2CCCCC2)CC1
C1CCC(CC2CCCC(CC3CCCC3)C2)CC1
C(CCCC1CCCCC1)CCCC1CCC(C2CCCC(C3CCCCC3)C2)CC1
C1CCC(C2CCCC(CC3CCC(C4CCC(CC5CCC5)CC4)CC3)C2)CC1
C1CCC(CCC2CCCC(C3CCC(C4CCC5CCCCC5C4)CC3)C2)CC1
C1CCC(C2CCCCC2C2CCCCC2)CC1
C1CCC(CC2CCCC(CCCCC3CCCCC3C3CCC(C4CC4)CC3)C2)CC1
C1CCC(CCC2CCCCC2)CC1
C1CCC(CC2CCCCC2CC2CC2)CC1
C1CCC(C2CCC(C3CCC4CCCCC43)CC2)CC1
C1CCC(CCCC2CCCC(CC3CCCCC3)C2)CC1
C1CCC(CC2CCCC(C3CC4CCCCC4C(C4CCCC(C5CCCCC5)C4)C3)C2)CC1
C1CCC(C2CCC(CC3CCCC(CC4CCC(C5CCCCC5)CC4)C3)CC2)CC1
C1CCC(C2CCC(CC3CCCCC3C3CCC4CCCC4C3)CC2)C1
C1CCC(CC(C2CCCCC2)C2CCCC(C3CCC(C4CCCCC4)CC3)C2)CC1
C1CCC(CC2CCC(C3CCCC(C4CCCCC4)C3)C(C3CCCCC3)C2)CC1
C1CCC(CCCC2CCC(C3CCCCC3)CC2)CC1
C1CCC(C2CCC(CCC3CCCC(C4CCCC4)C3)C(C3CCCC3)C2)CC1
C1CCC(CCC2CCC(CC3CCC(C4CCCCC4)CC3)CC2)CC1
C1CCC(C2CCC(CCC3CCCCC3C3CCCC3)CC2)CC1
C1CCC(CCC2CCC(C3CCCC3)CC2)CC1
C1CCC(C2CCCC(C3CCCCC3)C2)CC1
C1CCC(CC2CCC(C3CCC4CCCCC43)CC2)CC1
C1CCC(CC2CCCC(CC3CC(C4CC4)CC(C4CCCC(CC5CCCCC5)C4)C3)C2)CC1
C1CCC(C2CCCCC2C2CCCC2)CC1
C1CCC(C2CC(CC3CCCC4CCCCC43)CC(C3CCCCC3)C2)CC1
C1CCC(CCCC2CCC(CC3CCC(CC4CCC(CC5CCCCC5)CC4)CC3)CC2)CC1
C1CCC(C2CCC(CC3CCCC(CC4CCC5CCCCC5C4)C3)CC2)CC1
C1CCC(C2CCC(C3CCCC(CC4CCCC4)C3)CC2)CC1
C1CCC(CCC2CCC(CCC3CCCC(C4CCCCC4)C3)CC2)CC1
C1CCC(C2CCCC(C3CCC(C4CCCC(CC5CC6CCCCC6C5)C4)C3)C2)CC1
C1CCC(C2CCC(C3CCC4CCCCC4C3)C(C3CCC4CCCC4C3)C2)CC1
C1CCC(CCC2CCCC(C3CCCC(CC4CCCCC4)C3)C2)CC1
C1CCC(CCC2CCC(CCC3CCC(C4CCCCC4)CC3)CC2)CC1
C1CCC(C2CCCCC2C2CCCCC2)CC1
C1CCC(C2CCCC(CC3CCCCC3C3CCCC(C4CCCCC4)C3)C2)CC1
C1CCC(CC2CCCC2C2CCCCC2C2CCCCC2)CC1
C1CCC(CC2CCC(C3CCC(C4CCCCC4)CC3)CC2C2CCCC2)CC1
C1CCC(C2CCC(C3CCCC(C4CCC5CCCCC54)C3)CC2)CC1
C1CCC(CC2CCC(CC3CCCCC3)CC2)CC1
C1CCC(CC2CC(CCC3CCC(C4CCCC4)CC3)C3CCCCC23)CC1
C1CCC(C2CCC(C3CCC(C4CCCCC4)CC3C3CCC4CCCC4C3)CC2)CC1
C1CCC(CCC2CCCC(CC3CCCCC3)C2)CC1
C1CCC(CC2CCCCC2C2CCCCC2)CC1
C1CCC(C2CC(C3CCCCC3)CC(C3CCCC3)C2)CC1
C1CCC(CC2CCCCC2C2CCCCC2CCC2CCCC2)CC1
C1CCC(CCC2CCC(CC3CCCCC3)CC2)CC1
C1CCC(CC2CCCC(C3CCC(CCC4CCCC4)CC3)C2)CC1
C1CCC(CC2CCCCC2C2CCCCC2)CC1
C1CCC(CCC2CCC(CC3CCC(C4CCCCC4)CC3)CC2)CC1
C1CCC(C2CCCC(C3CCCCC3C3CCC4CCCCC4C3)C2)CC1
C1CCC(CC2CCC(CC3CCCCC3C3CCCC3)CC2)CC1
C1CCC(CC2CCC(CC3CCC(CC4CCC5CCCCC54)CC3)CC2)CC1
C1CCC(CC2CC3CCCCC3C(C3CCCCC3)C2)CC1
C1CCC(CCC2CCC(CCC3CCC(C4CCCC(CC5CCCCC5)C4)CC3)CC2)CC1
C1CCC(CCCCC2CCC(C3CCC4CCCCC43)CC2)CC1
C1CCC(CCCCC(CC2CCC(CC3CCCCC3)CC2)C2CCCCC2)CC1
C1CCC(CCCC2CCC(CC3CCCCC3)CC2)CC1
C1CCC(CCCC2CCC(CCCCC3CCC(C4CCCCC4)CC3)CC2)CC1
C1CCC(CC2CCC(C3CCCCC3C3CCC4CCCCC4C3)CC2)C1
C1CCC(CC2CCC(C3CCC(C4CCCC(CC5CCC(C6CC6)CC5)C4)CC3)CC2)CC1
C1CCC(C2CCCC(C3CCCCC3)C2)CC1
C1CCC(C2CCCC(CC3CC(C4CCCC4)C4CCCCC34)C2)CC1
C1CCC(CCC2CCCC(C3CCCC(CC4CCCCC4)C3)C2)CC1
C1CCC(CC2CCC(C3CCCC(CC4CCCCC4)C3)CC2)CC1
C1CCC(C2CCCC(C3CC(CCCC4CCCC4)CC(C4CCCCC4)C3)C2)CC1
C1CCC(CCC2CCCC(C3CCC4CCCCC4C3)C2)CC1
C1CCC(CCC2CCC(C3CCCCC3CCC3CCCCC3)CC2)CC1
C1CCC(CCC2CCCC(CC3CCC4CCCCC4C3)C2)CC1
C1CCC(C2CCCCC2)CC1
C1CCC(CC2CCC(CCCC3CCC4CCCC4C3)C(C3CCCC3)C2)CC1
C1CCC(CC2CCC(C3CCCCC3)CC2)CC1
C1CCC(CC2CCC(C3CCCC(CC4CC4)C3)CC2)C1
C1CCC(C2CCC(CC3CCCC(C4CCCCC4)C3)CC2)CC1
C1CCC(C2CCC(CCC3CCCC(C4CCCC(C5CCCC5)C4)C3)CC2)CC1
C1CCC(CCCC2CCCC(C3CCCCC3)C2)CC1
C1CCC(CC2CCC(C3CCCCC3)CC2CC2CCCCC2)CC1
C1CCC(CC2CCCC(CC3CCCC(CC4CCCC5CCCCC54)C3)C2)CC1
C1CCC(CC2CCCC(C3CCC4CC(C5CCC6CCCCC65)CC(C5CC5)C4C3)C2)CC1
C1CCC(CC2CCC(C3CCC4CCCCC4C3)CC2)CC1
C1CCC(CC2CCC(C3CCCC3)C(CCC3CC4CCCCC4C3)C2)CC1
C1CCC(CC2CCC(CCCC3CC3)CC2)CC1
C1CCC(CCC2CCC(CC3CC3)CC2CC2CCCCC2C2CCCCC2)CC1
C1CCC(CCC2CCC(CC3CCCC(C4CCC5CCCC5C4)C3)CC2)CC1
C1CCC(C2CCC(CCC3CCCC(C4CCCCC4)C3)CC2)CC1
C1CCC(CC2CCC(C3CCC4CCCCC4C3)CC2)CC1
C1CCC(CC2CCCC(C3CCCCC3CC3CCC(C4CCCCC4)CC3)C2)CC1
C1CCC(CCCC2CCCC(CCCC3CCCCC3)C2)CC1
C1CCC(CCC2CCC(CCCC3CCC(C4CCC5CCCC5C4)CC3)CC2)CC1
C1CCC(CC2CCCCC2C2CCC(C3CCCCC3)CC2)CC1
C1CCC(CC2CCC(CC3CCC(CC4CCC(C5CCCC5)CC4)CC3)CC2)CC1
C1CCC(CCCC2CCCC(C3CCCCC3C3CCCCC3)C2)CC1
C1CCC(C2CCCC(CC3CC(C4CCCCC4)C4CCCCC34)C2)CC1
C1CCC(CC2CCC(CCC3CCC(CC4CC4)CC3)CC2CC2CCCCC2)CC1
C1CCC(C2CCC(CC3CCCC(C4CCC5CCCCC5C4)C3)CC2)CC1
C1CCC(CC2CC(C3CCC(C4CCCCC4)CC3C3CCCC3)C3CCCCC23)CC1
C1CCC(CC2CCC(C3CCCCC3)CC2)CC1
C1CCC(CCCCC2CCC(CC3CCCCC3)CC2)CC1
C1CCC(C2CCCC(CCC3CCCC(C4CCCCC4)C3)C2)CC1
C1CCC(CC2CCCC(C3CCCC(C4CCCCC4CC4CCCCC4)C3)C2)CC1
C1CCC(CC2CCC(CCC3CCC(C4CCCC(CC5CCCCC5)C4)CC3)CC2)CC1
C1CCC(CCCC2CCC(C3CCCCC3)CC2)CC1
C1CCC(CCCC2CCCCC2C2CCCCC2C2CCCCC2)CC1
C1CCC(CCCC2CC(CCC3CC4CCCCC4C3)CCC2C2CCCCC2)CC1
C1CCC(CC2CCCC(C3CCCCC3C3CCC4CCCC4C3)C2)CC1
C1CCC(C2CCC(C3CCC(CC4CC5CCCCC5C4)CC3C3CCCC3)CC2)CC1
C1CCC(CC2CCC(C3CCCCC3)CC2)CC1
C1CCC(C2CCCC(C3CCCC(C4CCCCC4)C3)C2)CC1
C1CCC(CC2CCC(C3C(C4CCCCC4)CC(C4CCCCC4)C4CCCC43)CC2)CC1
C1CCC(CC2CCCCC2C2CCCC(C3CCCCC3)C2)CC1
C1CCC(C2CCC(C3CCCC3)CC2)CC1
C1CCC(CCC2CCC(C3CCCCC3)CC2)CC1
C1CCC(C2CC(C3CCC4CCCCC43)C3CCCCC23)CC1
C1CCC(CC2CC(C3CCCCC3)C3CCCCC23)CC1
C1CCC(C2CCCC(CC3CCC4CCCCC43)C2)CC1
C1CCC(CCC2CCCC(CC3CCC(CC4CCC5CCCCC54)CC3)C2)CC1
C1CCC(CCCCC2CCCC(C3CCCCC3)C2)CC1
C1CCC(CC2CCCCC2C2CCC3CCCCC32)CC1
C1CCC(CC2CCCCC2CC2CCCC(C3CCCCC3)C2)CC1
C1CCC(CC2CCC(C3CCC(CC4CCC4)CC3C3CCCC3)CC2)CC1
C1CCC(CCCC2CCCC(CC3CCCC(C4CCCC(C5CCCCC5)C4)C3)C2)CC1
C1CCC(CCC2CCC(C3CCCC(C4CCCC(C5CCCC5)C4)C3)CC2)CC1
C1CC(C2CCC(CCC3CCCC(C4CCCC4)C3)CC2)C1
C1CCC(C2CCCCC2CC2CCC(CC3CCC(C4CCCC4)CC3)CC2)CC1
C1CCC(CCC2CCC(C3CCCCC3)CC2)CC1
C1CCC(CC2CCC(C3CCC4C(CCC4C4CCCCC4)C3)CC2)CC1
C1CCC(CCCCC2CCC(CCC3CCCCC3C3CCCC3)CC2)CC1
C1CCC(CCC2CCCC(CC3CCCCC3)C2)CC1
C1CCC(CC2CCC(CCC3CCCCC3CC3CCCCC3)CC2)CC1
C1CCC(CCC2CC(C3CCCCC3)CC(C3CC3)C2)CC1
C1CCC(CCC2CCCC(C3CCCCC3)C2)CC1
C1CCC(CCCCC2CCCCC2)CC1
C1CCC(CC2CCC(C3CCCCC3)CC2)CC1
C1CCC(CCC2CCCC(CC3CC(CC4CCCCC4)C4CCCCC34)C2)CC1
C1CCC(C2CCCC(C3CCC(C4CCC5CCCCC54)CC3)C2)CC1
C1CCC(CC2CCC3CCCCC3C2)CC1
C1CCC(C(C2CCCCC2)C2CCCC(C3CCCC4CCCCC43)C2)CC1
C1CCC(CC2CCCCC2CC2CCCCC2)CC1
C1CCC(C2CCCC(C3CCCC(CC4CC5CCCCC5C5CCCCC45)C3)C2)CC1
C1CCC(CC2CC(CC3CCC4CCCCC4C3)C3CCCCC23)CC1
C1CCC(C2CCC3CC(C4CCC5CCCCC54)CCC3C2)C1
C1CCC(CCC2CCC(C3CCCCC3CC3CCCCC3)CC2)CC1
C1CCC(CCCC2CCCC(C3CCC(C4CCC5CCCCC54)CC3)C2)CC1
C1CCC(C2CCCCC2C2CCC3CCCC3C2)CC1
C1CCC(C2CCCCC2C2CCC(C3CC3)CC2C2CCCCC2)CC1
C1CCC(CC2CCC(CC3CCC(CC4CCCCC4C4CCCC4)CC3)CC2)CC1
C1CCC(CCC2CCC(CC3CCCCC3)CC2)CC1
C1CCC(C2CCCC(C3CCCC(C4CCCCC4)C3)C2)CC1
C1CCC(CCCC2CCC(C3CCCCC3)CC2)CC1
C1CCC(CC2CCC(C3CCCCC3)CC2)CC1
C1CCC(CCC2CCC(CC3CCCCC3)C(CC3CCCCC3)C2)CC1
C1CCC(CCC2CCCCC2CC2CCC(CC3CCCCC3)CC2)CC1
C1CCC(CCC2CCCCC2C2CCCC(CC3CCCCC3)C2)CC1
C1CCC(C2CCC(CCCCC3CCCC(C4CCCCC4)C3)CC2)CC1
C1CCC(CC2CCCCC2CC2CCCC(C3CCCCC3)C2)CC1
C1CCC(C2CCC(CCCCC(C3CCCCC3)C3CCCC(C4CCCCC4)C3)CC2)CC1
C1CCC(CCC2CCC(C3CCC4CCCC4C3)CC2C2CCCCC2)CC1
C1CCC(CCC2CCCC(CCCC3CCC(CC4CCCCC4)CC3)C2)CC1
C1CCC(C2CC(CCC3CCC4CCCCC43)CC3CCCCC32)CC1
C1CCC(C2CCCCC2)CC1
C1CCC(C2CCCC(CC3CCC4CCCCC43)C2)CC1
C1CCC(CC2CCC3CC(C4CCC5CCCCC54)CC(C4CCCCC4)C3C2)CC1
C1CCC(C2CC(CC3CCC4CCCC4C3)CC(C3CCCC3)C2)CC1
C1CCC(CC2CCCCC2C2CCCCC2)CC1
C1CCC(CC2CCC(C3CCCCC3)CC2)CC1
C1CCC(CC2CCC(C3CCCCC3)C(C3CCCC3)C2)CC1
C1CCC(CCCC2CCCCC2CCC2CCC(CC3CCCCC3)CC2)CC1
C1CCC(C2CC3CCC(CCC4CCCCC4C4CCCC4)CC3C(C3CCCCC3)C2)CC1
C1CCC(CC2CCC(CC3CCC(C4CCCCC4)CC3)CC2)CC1
C1CCC(CCCC2CCC(C3CCCCC3)CC2CCCC2CC2)CC1
C1CCC(CC2CCC3CC(CC4CCC(C5CCCCC5C5CCCCC5)CC4)CCC23)CC1
C1CCC(CC2CCCC(C3CCC(C4CCC5CCCCC54)CC3)C2)CC1
C1CCC(CC2CCCC(CC3CCCCC3C3CCCC(C4CCCCC4)C3)C2)CC1
C1CCC(CCCC2CCCC(CCC3CCCCC3)C2)CC1
C1CCC(C2CCCCC2C2CCCCC2)CC1
C1CCC(C2CCCCC2C2CCC3CCCC3C2)CC1
C1CCC(C2CCCC(CCC3CCCC(C4CC4)C3)C2)CC1
C1CCC(C2CCC(C3CCCCC3CC3CCCC3)C2)CC1
C1CCC(CCC2CCC(C3CCCCC3)CC2)CC1
C1CCC(C2CCC(CCC3CCCC(C4CC4)C3)CC2)CC1
C1CCC(CCC2CCCC(C3CCCCC3)C2)CC1
C1CCC(CCC2CC(CC3CCCCC3)CC(C3CCCCC3)C2)CC1
C1CCC(C2CCC(CCC3CCCCC3C3CCC4CCCC4C3)CC2)CC1
C1CCC(C2CCCCC2)CC1
C1CCC(CCC2CCC(CC3CCCCC3)CC2)CC1
C1CCC(CCCCC2CCCC(CC3CCCCC3)C2)CC1
C1CCC(CCC2CC3CCCCC3C(C3CCC(CC4CCCCC4)C3)C2)CC1
C1CCC(CC2CCCCC2)CC1
C1CCC(CCCC2CCC(C3CCC(C4CCC4)CC3)CC2)CC1
C1CCC(C2CC(C3CCC4CCC(C5CCCCC5C5CC5)CC43)CC3CCCCC32)CC1
C1CCC(C2CCCC(C3CCCC(CC4CCCCC4C4CCCC4)C3)C2)CC1
C1CCC(C2CCC(CCC3CCC(C4CCCCC4C4CCCC4)C(C4CCCCC4)C3)CC2)CC1
C1CCC(CC2CCCC(CCC3CCCC(CC4CCCCC4)C3)C2)CC1
C1CCC2CC(CC3CCC(C4CCCCC4C4CCCC4)CC3)CCC2C1
C1CCC(C2CCCC(CC3CCC4CCCCC43)C2)CC1
C1CCC(CCC2CCC(CC(CC3CCCCC3)C3CCCC(CCC4CCCCC4)C3)CC2)CC1
C1CCC(CC2CCCCC2CC2CCCCC2)CC1
C1CCC(C2CCC3C(C4CCCC4)CC(C4CCCCC4)C3C2)CC1
C1CCC(C2CCC(CCCC3CCCC(C4CCCCC4)C3)CC2)CC1
C1CCC(CCCCC2CCCC(C3CCCCC3C3CCCC3)C2)CC1
C1CCC(CCCC2CCCC(C3CCCCC3)C2)CC1
C1CCC(CCC2CCCC(C3CCCCC3)C2)CC1
C1CCC(CC2CCCCC2C2CCC3C(CCCC3C3CCCCC3)C2)CC1
C1CCC(CCC2CCC(C3CCCCC3)CC2)CC1
C1CCC(C2CCC(CCC3CCCC3)CC2)CC1
C1CCC(CC2CCC(CC3CCC(C4CCC(CC5CC6CCCCC6C5)CC4)CC3)CC2)CC1
C1CCC(CC2CCC(C3CCCCC3)CC2C2CCCC2)CC1
C1CCC(CC2CCC(C3CCCCC3)CC2)CC1
C1CCC(CCCCC2CCC(CC3CCCCC3)CC2)CC1
C1CCC(C2CCCC(C3CC(CCC4CCC(C5CCCC5)CC4)C4CCCCC43)C2)CC1
C1CCC(C2CCC(C3CCC(CC4CC5CCCCC5C4)CC3)CC2)CC1
C1CCC(CCCC2CCCC(CC3CCCC(C4CCCCC4)C3)C2)CC1
C1CCC(CC2CC(C3CCCCC3)CC(C3CCC3)C2)CC1
C1CCC(C2CCCCC2C2CCC3CCCCC32)CC1
C1CCC(CCCCCC2CCC(C3CCCC(CCC4CCCCC4)C3)CC2)CC1
C1CCC(C2CCC(C3CCCCC3C3CCCCC3)CC2)CC1
C1CCC(CC2CCCCC2C2CCCC(C3CCCCC3)C2)CC1
C1CCC(CC2CC(CC3CCCCC3)C3CC(C4CCC5CCCCC5C4)CCC23)CC1
C1CCC(CC2CCC(C3CCCC(CC4CCC5CCCCC5C4)C3)CC2)CC1
C1CCC(C2CCCC(C3CCCCC3C3CCCCC3C3CCCC3)C2)CC1
C1CCC(CC2CCCC(C3CCC(C4CCC(C5CCC5)CC4)CC3)C2)CC1
C1CCC(C2CCCC(C3CCCC3)C2C2CCCCC2)CC1
C1CCC(CCCC2CC(CC3CCCC3)CC(C3CCCC(C4CCCCC4)C3)C2)CC1
C1CCC(C2CCC(CC3CCCC(C4CCCCC4)C3)CC2)CC1
C1CCC(CC2CCCCC2CC2CCCCC2CC2CCCCC2)CC1
C1CCC(CC2CCC(CCC3CCC(CC4CCCCC4)CC3)CC2)CC1
C1CCC(CC2CCCCC2C2CCC(CC3CC4CCCCC4C3)CC2)CC1
C1CCC(CCCC2CCCCC2CC2CCCCC2)CC1
C1CCC(C2CC(CC3CCCC(C4CCCC(CC5CCC(C6CC6)CC5)C4)C3)C3CCCCC32)CC1
C1CCC(CCCCC2CCCCC2CC2CCCC2)CC1
C1CCC(CCC2CCC(C3CCC4CCCC4C3)C(C3CCCCC3)C2)CC1
C1CCC(C2CCC(C3CCCC(CCC4CC4)C3)C(C3CCCC3)C2)CC1
C1CCC(CC2CCCCC2C2CCCCC2C2CCC3CCCC3C2)CC1
C1CCC(CCC(C2CCCCC2)C2CCCC(C3CCCCC3)C2)CC1
C1CCC(C2CCCC(C3CCCCC3C3CCC4CCCCC4C3)C2)CC1
C1CCC(CCC2CCC3CCC(C4CCCCC4)C3C2)CC1
C1CCC(C2CC(CCC3CCC4CCCCC43)C3CCCCC32)CC1
C1CCC(CCC2CCC(CC3CCC(C4CCCCC4)CC3)CC2C2CCCCC2)CC1
C1CCC(CCC2CCC(C3CCCCC3)CC2)CC1
C1CCC(CCC2CCCC(C3CCCCC3)C2)CC1
C1CCC(C2CCCC(C3CCCCC3)C2)CC1
C1CCC(CC2CCC(C3CCCCC3)CC2)CC1
C1CCC(CCCC2CCC(CCC3CCCCC3C3CCCCC3)CC2)CC1
C1CCC(CC2CCCCC2C2CCCC(CC3CCC4CCCCC43)C2)CC1
C1CCC(CCC2CCC(C3CCC(C4CCCCC4)CC3)CC2)CC1
C1CCC(CC2CCCC(C3CCCCC3)C2)CC1
C1CCC(CC2CCCC(C3CCC(C4CCC(C5CCCC5)CC4)CC3)C2)CC1
C1CCC(C2CCC(C3CCCCC3C3CCC4CCCC4C3)CC2)CC1
C1CCC(C2CCC(C3CCCC(C4CCCCC4)C3)CC2)CC1
C1CCC(C2CCCCC2C2CCC(CC3CC4CCCCC4C3)CC2)CC1
C1CCC(CC2CCC(C3CCCC(C4CCCCC4)C3)CC2)CC1
C1CCC(C2CCCCC2)CC1
C1CCC(C2CCC(CCCCC3CCCCC3C3CCCC3)CC2)CC1
C1CCC(CC2CCC(CC3CCCCC3C3CCCCC3C3CCCCC3)C2)CC1
C1CCC(C2CC(CCCC3CCC(C4CC4)CC3)CC(C3CCCC3)C2)CC1
C1CCC(CC2CCC(C3CCCCC3)CC2C2CCCC2)CC1
C1CCC(CCC2CC(C3CCC(C4CCCCC4)CC3)C3CCCCC23)CC1
C1CCC(CC2CC3CC(C4CCCCC4CC4CCCCC4)CCC3C(C3CCCC3)C2)CC1
C1CCC(CCC2CCC(CC3CCCCC3)CC2)CC1
C1CCC(C2CCCC(CC3CCCC4CC(C5CCCCC5CC5CCCC5)CCC34)C2)CC1
C1CCC(C2CCCC(C3CCCCC3CC3CCC4CCCC4C3)C2)C1
C1CCC(CC2CCCCC2C2CCC3CCCCC3C2)CC1
C1CCC(CC2CCC(C3CCCCC3C3CCCCC3C3CCCC3)CC2)CC1
C1CCC(CC2CC(CC3CCC(C4CC(C5CCCCC5)CC(C5CCCC5)C4)CC3)C3CCCCC23)CC1
C1CCC(CCCC2CCC3CC(C4CCC5CCCCC54)CCC3C2)CC1
C1CCC(CCC2CCC(CC3CCC(CC4CCCCC4)CC3)CC2)CC1
C1CCC(CC2CCC(CCCCC3CCC(CC4CCCCC4)CC3)CC2)CC1
C1CCC(C2CCC(C3CCC(C4CCCC(CC5CCCC(C6CCC6)C5)C4)CC3)CC2)CC1
C1CCC(C2CCCC(C3CCCCC3)C2)CC1
C1CCC(CC2CCC(CCC3CCCC(C4CCC(C5CCCCC5)C5CCCC45)C3)CC2)CC1
C1CCC(CC2CCCC(C3CCC(C4CCCCC4)CC3)C2)CC1
C1CCC(CCC2CCCCC2)CC1
C1CCC(CC2CCC(C3CCCCC3)CC2)CC1
C1CCC(C2CCCCC2)CC1
C1CCC(CC2CCC(C3CCCC(CC4CCCCC4)C3)CC2)CC1
C1CCC(CCCCC2CCC(CC3CCCCC3)CC2)CC1
C1CCC(CC2CCCCC2CC2CCC(C3CCCCC3CC3CCCCC3)CC2)CC1
C1CCC(CCCCC2CCCC(CC3CCCCC3)C2)CC1
C1CCC(CCC2CC(C3CCCCC3)CC(C3CCCCC3)C2)CC1
C1CCC(CC2CCC(CCCC3CCC(C4CCCCC4)CC3)CC2)CC1
C1CCC(C2CCC(C3CCC(C4CCCC4)CC3)CC2)CC1
C1CCC(C2CCC(CCC3CCCCC3C3CCCCC3)C2)CC1
C1CCC(C2CCCC(C3CCCC(CC4CCC5CCCCC54)C3)C2)CC1
C1CCC(C2CCC(C3CCC(CCC4CCCC(C5CCCCC5)C4)CC3)CC2)CC1
C1CCC(CCC2CCC(CC3CCC4CCCCC4C3)CC2)CC1
C1CCC(CC2CCC(CC3CCCC(C4CCCCC4)C3)CC2)CC1
C1CCC(CC2CCC(C3CCCCC3)C2)CC1
C1CCC(CCCC2CCCC(CCCC3CCCCC3)C2)CC1
C1CCC(CC2CCC(C3CCCC(C4CCCC4)C3)CC2)CC1
C1CCC(CC2CCC(C3CCC(CCC4CCCC4)CC3)CC2)CC1
C1CCC(CC2CCCC(C3CC(C4CCCCC4)CC(C4CCCCC4)C3)C2)CC1
C1CCC(CCCCC2CC(C3CCCC(C4CCCCC4)C3)C3CCCCC23)CC1
C1CCC(C2CCC(CCC3CC(C4CCCCC4)CC4CCC(C5CC5)CC34)CC2)CC1
C(CC1CC1)CC1CCCC(C2CCCC(CC3CCC(C4CCCC4)CC3)C2)C1
C1CCC(CC2CCCC(C3CCCCC3)C2)CC1
C1CCC(C2CCCC(C(C3CCCCC3)C3CCCCC3)C2)CC1
C1CCC(CCCCCC2CCC(C3CCCCC3CCC3CC3)CC2)CC1
C1CCC(C2CCCC(CC3CCCC(CCCC4CCCCC4C4CCCCC4)C3)C2)CC1
C1CCC(C2CCC(CCC3CC3)C(C3CCCC(C4CC4)C3)C2)C1
C1CCC(CCC2CC(C3CCC3)CC(C3CCCC(C4CCCCC4)C3)C2)CC1
C1CCC(C2CCCC(CCC3CCC(CC4CCC4)CC3)C2)CC1
C1CCC(CCC2CCCC(C3CCCCC3C3CCCCC3)C2)CC1
C1CCC(CCC(CC2CCCCC2)C2CCCCC2)CC1
C1CCC(CC2CCC(CCC3CCCCC3C3CCCCC3)CC2)CC1
C1CCC(CCC2CCC(CC3CCC(CCCCC4CCC(CC5CCC5)CC4)CC3)CC2)C1
C1CCC(CC2CCCCC2)CC1
C1CCC(CCCC2CCC(CC3CCC4CCCCC43)CC2)CC1
C1CCC(C2CCCC(CC3CC(C4CCCC4)C4CCCCC34)C2)CC1
C1CCC(CCC2CCC(CC3CCCCC3)CC2)CC1
C1CCC(C2CCCCC2C2CCC(CC3CCCC3)CC2)CC1
C1CCC(C2CCC(C3CCCCC3)CC2)CC1
C1CCC(CC2CCC(C3CCC(C4CC5CCCCC5C(C5CCCCC5)C4)CC3)CC2)CC1
C1CCC(CCCC2CCCCC2CC2CCCC(CC3CCCCC3)C2)CC1
C1CCC(CC2CCCCC2C2CCC(CC3CCC4C(CCCC4C4CCCC4)C3)CC2)CC1
C1CCC(CC(C2CCCCC2)C2CCCC(C3CCCCC3)C2)CC1
C1CCC(CC2CCC(C3CCCCC3)CC2)CC1
C1CCC(C2CCC(C3CCCCC3)CC2)CC1
C1CCC(CCCCC2CCC(CCC3CCC(C4CCCC4)CC3)C(CC3CCCCC3)C2)CC1
C1CCC(C2CCCC(C3CCCCC3)C2)CC1
C1CCC(CCCCC2CCC(C3CCC4CCCCC4C3)CC2)CC1
C1CCC(C2CCCCC2C2CCC(CCC3CCCC3)CC2)CC1
C1CCC(C2CCC(CC3CCC(C4CC4)CC3)CC2)CC1
C1CCC(CC2CCCCC2CCCC2CCC3CCCCC3C2)CC1
C1CCC(C2CCC(CC3CCC(CCC4CCCCC4C4CCC5CCCC5C4)CC3)CC2)CC1
C1CCC(C2CCCC2C2CCCC(C3CC4CCCCC4C3)C2)CC1
C1CCC(CCC2CCC(C3CCCCC3)CC2)CC1
C1CCC(CCC2CCC(C3CCCC(C4CCCCC4)C3)CC2)CC1
C1CCC(CC2CC(C3CCCCC3)CC(C3CCCCC3)C2CC2CCCCC2)CC1
C1CCC(CC2CCCC(C3CCCCC3)C2)CC1
C1CCC(CC2CCC3CC(CC4CCC(C5CCCCC5)CC4)CCC23)CC1
C1CCC(CCC2CCCC(C3CCCC(C4CCC(C5CCCCC5C5CCCC5)CC4)C3)C2)CC1
C1CCC(CC2CCCC(CC3CCC(CC4CC5CCCCC5C4)CC3)C2)CC1
C1CCC(CCC2CCC(C3CCCCC3)CC2)CC1
C1CCC(CC2CCC(C3CCCC(C4CC4)C3)CC2)CC1
C1CC2CCC(C3CCCCC3CC3CCC4CCCCC43)CC2C1
C1CCC(CCCCC2CCC(C3CCC4CCCC(C5CCCCC5)C4C3)CC2)CC1
C1CCC(CC2CCC(CC3CCC(CCC4CCCCC4C4CCCCC4)CC3)CC2)CC1
C1CCC(CCC2CC(C3CCCCC3)CC(C3CCC3)C2)CC1
C1CCC(CC2CCCCC2C2CCCCC2C2CCCC2)CC1
C1CCC(CCCCCC2CCCCC2CC2CC3CCCCC3C2)CC1
C1CCC(C2CCCCC2C2CCC(CC3CCCC4CCCCC43)CC2)CC1
C1CCC(CC2CCC(CC3CC4CCC5CCCCC5C4C3)CC2)CC1
C1CCC(CCCCC2CCCCC2)CC1
C1CCC(CCCCC2CCCC(C3CCCCC3)C2)CC1
C1CCC(CC2CC(C3CCCCC3)C3CCCCC23)CC1
C1CCC(CCCCC2CCC(C3CCC(C4CCC(C5CCCCC5)CC4)CC3)CC2)CC1
C1CCC(CCC2CCC(CC3CCC(C4CCCCC4)C(C4CCCCC4)C3)CC2)CC1
C1CCC(C2CCC(C3CCCCC3)C(C3CCC4C(CCC4C4CCCC4)C3)C2)CC1
C1CCC(CCCC2CCCC(C3CCCC(C4CCCCC4)C3)C2)CC1
C1CCC(CC2CCCCC2C2CCCC3CC(C4CCCCC4)CCC32)CC1
C(CCCC1CCC(CC2CCC3CCCCC3C2)CC1)CCC1CCCCC1
C1CCC(CC2CCCCC2CC2CCC3CCCCC32)CC1
C1CCC(C2CCC(C3CCC(C4CCCCC4C4CCCC4)CC3)CC2)CC1
C1CCC(CCCC2CCCCC2C2CCC3C(CCC3C3CCCCC3)C2)CC1
C1CCC(C2CCC(C3CCC3)CC2)CC1
C1CCC(C2CCC(CC3CC(C4CCCCC4)CC(C4CCCC4)C3)CC2)CC1
C1CCC(CC2CC(C3CCCCC3)CC(C3CCCC3)C2)CC1
C1CCC(C2CCCCC2CC2CCCCC2C2CCCC2)CC1
C1CCC(C2CCCCC2C2CCC3CCCCC32)CC1
C1CCC(CCC2CCC(C3CCCCC3CC3CCCCC3C3CCCCC3)CC2)CC1
C1CCC(CCCCC2CCCC(C3CCC(CC4CCCCC4)CC3)C2)CC1
C1CCC(CCC2CC(CC3CCCCC3)CC(CC3CCCCC3)C2)CC1
C1CCC(CC2CCC(C3CCCC(CC4CCCC(C5CCCC5)C4)C3)CC2)CC1
C1CCC(CCC2CCCC(C(CC3CC3)C3CCCCC3)C2)CC1
C1CCC(CC2CCC(CC3CCCC(CC4CCCCC4)C3)CC2)CC1
C1CC2CCC(C3CCCCC3C3CC(C4CCC(CC5CC5)CC4)C4CCCCC43)CC2C1
C1CCC(CC2CCCC(CC3CCCCC3)C2)CC1
C1CCC(C2CCC(CC3CCC(C4CC5CCCCC5C4)CC3)CC2)CC1
C(CCCC1CCCC(C2CCCCC2)C1)CCC1CCC(CC2CC2)CC1
C1CCC(CCCC2CCC(C3CCCC(CC4CC5CCCCC54)C3)CC2)C1
C1CCC(CCC2CCCC(CC3CCCC(C4CCCCC4)C3)C2)CC1
C1CCC(CCCC2CCC(CCC3CCCCC3)CC2CCC2CCCCC2)CC1
C1CCC(CCC2CCC(C3CCCC(C4CCCCC4)C3)CC2)CC1
C1CCC(CC2CCC(C3CC(CC4CCCCC4)C4CCCCC43)CC2)CC1
C1CCC(C2CCCC(C3CCC(C4CCCCC4C4CCCCC4)CC3)C2)CC1
C1CCC(C2CCCCC2C2CCC3C(CCCC3C3CCCCC3)C2)CC1
C1CCC(CC2CCCCC2)CC1
C1CCC(C2CCCC(C3CC(C4CC4)CC(C4CCCCC4C4CCCC4)C3)C2)CC1
C(CCC1CCC(C2CCCCC2CC2CCCC2)CC1)CC1CC1
C1CCC(CC2CCC(CCCC3CCCC(C4CCCCC4)C3)CC2)CC1
C1CCC(CC2CCCC(C3CCCCC3)C2)CC1
C1CC(CCCC2CC(CC3CCC4CCCC4C3)CCC2CC2CC2)CC(C2CC2)C1
C1CCC(C2CCCC(C3CCCCC3)C2)CC1
C1CCC(C2CCCC(C3CCC4CCC(C5CCCCC5)CC4C3)C2)CC1
C1CCC(CC2CCC(CC3CCCCC3)CC2)CC1
C1CCC(C2CCC(CC3CCC(C4CCC(C5CCC5)CC4)CC3)CC2)C1
C1CCC(C2CCCC3CCC(CC4CCC(CC5CC6CCCCC6C5)CC4)CC32)CC1
C1CCC(CC2CCCC(CC3CCC(C4CCCC4)CC3)C2)CC1
C1CCC(C2CCCCC2)CC1
C1CCC(CC2CCCCC2C2CCCCC2C2CCCCC2)CC1
C1CCC(CCCC2CC(C3CCCCC3)CC(C3CCCCC3)C2)CC1
C1CCC(CC2CCC3CC(CCC(C4CCCCC4)C4CCCC(C5CCCCC5)C4)CCC23)CC1
C1CCC(CC2CCCC(C3CCCCC3C3CCCCC3)C2)CC1
C1CCC(C2CCC3CC(C4CCC5CCCCC54)CC(C4CCCCC4)C3C2)CC1
C1CCC(CC2CCC(C3CCC4CCCCC43)CC2)CC1
C1CCC(C2CCC(C3CC4CCCCC4C3)CC2C2CCCC2)CC1
C1CCC(C2CCC(C3CCCCC3)C(C3CCCC3)C2)CC1
C1CCC(C2CCCC(CCC3CCC4CCC(C5CCCCC5)CC4C3)C2)CC1
C1CCC(CCC2CCC(CC3CCCCC3)CC2C2CCCCC2)CC1
C1CCC(C2CCCC(C3CCC(C4CCCCC4C4CCCCC4)CC3)C2)CC1
C1CCC(CC2CCC(C3CCC(C4CCC(C5CCCCC5)C5CCCC45)CC3)CC2)CC1
C1CCC(CCCC2CCCC(C3CCCCC3)C2)CC1
C1CCC(CC2CCCC(C3CCC(C4CCCCC4C4CCC5CCCC5C4)C(C4CCCC4)C3)C2)CC1
C1CCC(C2CCC(CCCC3CCC(CC4CCC5CCCC5C4)CC3)CC2)CC1
C1CCC(CCCC2CCCC(C3CCCC(C4CCCCC4)C3)C2)CC1
C1CCC(C2CCCC(C3CCCC(C4CCCC(C5CCCC5)C4)C3)C2)CC1
C1CCC(C2CCC(C3CCCCC3C3CCC4CCCCC4C3)C3CCCC23)CC1
C1CCC(CC2CCC(C3CCCCC3)CC2C2CCCC2)CC1
C1CCC(CCC2CCC(C3CCCC(C4CCC4)C3)CC2)CC1
C1CCC(CCC2CCCC(C3CCC(CC4CCC4)CC3)C2)CC1
C1CCC(C2CCCC(CC3CC(C4CCC(CCCC5CCCCC5C5CCCCC5)CC4)C4CCCCC34)C2)CC1
C1CCC(CCC2CCCC(CC3CCC4CCCC4C3)C2)CC1
C1CCC(CC2CC(CCCC3CCCC(C4CCCCC4)C3)C3CCCCC23)CC1
C1CCC(CCC2CCCCC2CC2CCCCC2)CC1
C1CCC(CC2CCC(CCC3CCC(C4CCC5CCCC5C4)C(C4CCC5CCCC5C4)C3)CC2)CC1
C1CCC(C2CCCCC2)CC1
C1CCC2CC(CCC3CCC(CCC4CC5CCCCC5C4)CC3)CC2C1
C1CCC(CC2CCCC(C3CCC(C4CCCCC4)CC3)C2)CC1
C1CCC(CC2CCCC(C3CCC(CC4CCC(C5CCCCC5)CC4)CC3)C2)CC1
C1CCC(CCC2CC(CC3CCC(C4CCCCC4)CC3)CC(C3CCC3)C2)CC1
C1CCC(CC2CCCC(CC3CC(C4CCC(CC5CCCC5)CC4)C4CCCCC34)C2)CC1
C1CCC(C2CCC(CC3CCCC(C4CCC(C5CCC6CCCCC65)CC4)C3)CC2)CC1
C1CCC(CC2CC(CCCCC3CCC(C4CCC4)CC3)C3CCCCC23)CC1
C1CCC(C2CCC(C3CCC4CCCCC43)CC2)CC1
C1CCC(CCC2CCCC(CC3CCCC(C4CCC5CCCC5C4)C3)C2)CC1
C1CCC(CC2CCCCC2CC2CCCCC2C2CCC3CCCC3C2)CC1
C1CCC(CC2CCCC(CCCC3CC(C4CCCCC4)CC(C4CCC4)C3)C2)CC1
C1CCC(CC2CCC(CC3CCC(CC4CC4)CC3)CC2)CC1
C1CCC(C2CCC(CCC3CCCCC3C3CCCCC3)CC2)CC1
C1CCC(CC2CC(CC3CCC(C4CCCCC4)CC3)C3CCCCC23)CC1
C1CCC(CCCC2CCCC(C3CCCCC3CC3CCCCC3)C2)CC1
C1CCC(CCC2CCC(C3CCCCC3C3CCC(CC4CCCCC4)CC3)CC2)CC1
C1CCC(C2CCC(CCC3CCCC(CC4CC5CCCCC5C4)C3)CC2)CC1
C1CCC(CC2CCCCC2C2CCC(C3CCCCC3)CC2)CC1
C1CCC(CCC2CCC(C3CCCCC3)CC2)CC1
C1CCC(CC(CCC2CCCC(C3CCCCC3)C2)CC2CCCCC2)CC1
C1CCC(CCC2CCCCC2C2CCC(CCC3CCCC3)CC2)CC1
C1CCC(C2CCC(CC3CCC(CCC4CCCCC4C4CCC5CCCCC5C4)CC3)CC2)CC1
C1CCC(C2CCC(C3CCCCC3)C(C3CCC(CCC4CCCC4)CC3)C2)CC1
C1CCC(C2CCCC(C3CCCC3)C2)CC1
C1CCC(CCCCC2CCCCC2C2CCC(CC3CCCCC3)CC2)CC1
C1CCC(C2CCC(C3CCCC(C4CCCC(CC5CC5)C4)C3)CC2)CC1
C1CCC(CC2CC3CCCCC3C(C3CCCCC3)C2)CC1
C1CCC(CCC2CCC(C3CCCC3)CC2C2CCCCC2)CC1
C1CCC(CCC2CC(CC3CCCC3)C3CCC(C4CCCCC4)CC23)CC1
C1CCC(C2CCC(C3CCC4CCCCC4C3)CC2)CC1
C1CCC(CC2CCCC(C3CCC(C4CCCCC4)CC3)C2)CC1
C1CCC(CCC2CCC(CC3CCCC3)CC2)CC1
C1CCC(C2CCCCC2CCCC2CCCC(C3CCCC3)C2)CC1
C1CCC(CC2CCC(CC3CCCC(C4CCCCC4)C3)CC2)CC1
C1CCC(CCC2CCCC(CC3CCC(CC4CCCCC4)CC3)C2)CC1
C1CCC(CCCCCC2CCC(CC3CCCCC3C3CCCCC3)CC2)CC1
C1CCC(C2CCCCC2CCC2CCCC(C3CCCC3)C2)CC1
C1CCC(CC2CCCC(C3CCC(C4CCCCC4)CC3)C2)CC1
C1CCC(CC2CCCCC2CCCCC2CCC(CC3CC4CCCCC4C3)CC2)CC1
C1CCC(CC2CC(C3CCCCC3)C3CCCCC23)CC1
C1CCC(C2CCCCC2C2CCC3C(CCCC3C3CCCCC3)C2)CC1
C1CCC(C2CCCCC2C2CCCC2)CC1
C1CCC(CCC2CCC(CC3CCCCC3)CC2)CC1
C1CCC(CC2CC(C3CCCCC3)C3CCCCC23)CC1
C1CCC(CC2CCC(CC3CCCCC3)CC2)CC1
C1CCC(CC2CCC(CC3CCCC(C4CCCC4)C3)CC2)CC1
C1CCC(CC2CCC(C3CCCCC3)CC2)CC1
C1CCC(CCC2CC(C3CCCCC3)CCC2CC2CCC2)CC1
C1CCC(CC2CCCC(C(CC3CCCCC3)CC3CCCCC3)C2)CC1
C(CCCC1CCC(CC2CCCCC2)CC1)CCC1CCCCC1
C1CCC(C2CCC(C3CCCCC3C3CCCC3)CC2)CC1
C1CCC(C2CCC(CC3CCC4CCCCC4C3)CC2)CC1
C1CCC(CC2CCCC(C3CCCC(CCC4CCCCC4C4CCCCC4)C3)C2)CC1
C1CCC(CC2CCC(C3CCCCC3)CC2)CC1
C1CCC(C2CCCCC2C2CCCC(C3CCC(CCCC4CCCC4)CC3)C2)CC1
C1CCC(CCC2CCC(CC3CCCCC3)CC2)CC1
C1CCC(CC2CCC(CC3CCC4CCCCC4C3)CC2C2CCCC2)CC1
C1CCC(C2CCCCC2C2CCC(C3CCC(C4CCC4)CC3)CC2)CC1
C1CCC(C2CCCC(C3CC(C4CCCC4C4CCCC(CC5CCC(CC6CC6)CC5)C4)C3)C2)C1
C1CCC(CC2CCCCC2)CC1
C1CCC(CCCC2CCCCC2)CC1
C1CCC(CCCC2CCC(C3CCCCC3)CC2)CC1
C1CCC(CC2CCCCC2CC2CCCCC2C2CCCC2)CC1
C1CCC(CC2CCCC(CCC3CCCCC3C3CCC4CCCCC4C3)C2)CC1
C1CCC(CCC2CC(C3CCCCC3)CCC2C2CCCCC2)CC1
C1CCC(CC2CCC(C3CCC(C4CCCCC4)CC3)CC2)CC1
C1CCC(C2CCC3C(CCCC3C3CCCC(C4CCCCC4C4CCC5CCCC5C4)C3)C2)CC1
C1CCC(C2CCC(C3CCCC4CC(C5CCCC(C6CCCCC6)C5)CCC43)CC2)CC1
C1CCC(C2CCC(C3CCC(C4CCCC4)CC3)CC2)CC1
C1CCC(C2CCCC(C3CC4CCCCC4C(C4CCCCC4)C3)C2)CC1
C1CC2CCC(C3CCC(C4CCCCC4C4CCCC4)CC3)CC2C1
C1CCC(CC2CCCC2C2CCC(C3CCCCC3C3CCCCC3)CC2)CC1
C1CCC(C2CCCCC2C2CCCCC2)CC1
C1CCC(C2CCCC(CC3CCCCC3C3CCCCC3)C2)CC1
C1CCC(CC2CCCC(C(CC3CCCCC3)CC3CCCCC3)C2)CC1
C1CCC(CCCC2CCCCC2C2CC(CC3CCCCC3)C3CCCCC32)CC1
C1CCC(CCC2CCC(CC3CCC(CC4CCCCC4)CC3)CC2)CC1
C1CCC(CC2CCC(C3CCC(CC4CCCCC4C4CCCC4)C3)CC2)CC1
C1CCC(CCC2CCC(CC3CCCCC3)CC2)CC1
C1CCC(C2CCCC(C3CCCC3)C2)CC1
C1CCC(CCCC2CCC(CCCCCC3CCC(C4CCCCC4)C3)CC2)CC1
C1CCC(CC2CCC(C3CCCCC3C3CCCCC3)CC2)CC1
C1CCC(CCC2CCC(CCCC3CCCC(C4CCCCC4)C3)CC2)CC1
C1CCC(C2CCCC(CC3CCCCC3CCCC3CC3)C2)CC1
C1CCC(CCC2CCCCC2C2CCCCC2CCC2CCCC2)CC1
C1CCC(CC2CCC(CCC3CCCC3)CC2)CC1
C1CCC(CCC2CCCCC2)CC1
C(CCCC1CCC(CCC2CCC(CCCC3CCCC3)CC2)CC1)CCC1CCCCC1
C1CCC(CCCC2CCC(CCC3CCC(C4CCCCC4)CC3)CC2)CC1
C1CCC(CCC2CCCCC2C2CCC(CC3CCC(C4CCCCC4)CC3)CC2)CC1
C1CCC(C2CCC(C3CCCCC3CC3CC4CCCCC4C3)C2)CC1
C1CCC(CCC2CC(CCC3CCCCC3C3CCCCC3)C3CCCCC23)CC1
C1CCC(CCC2CCCC(CC3CCCC(C4CCCCC4)C3)C2)CC1
C1CCC(CC2CC(C3CCCCC3)CCC2C2CCCCC2)CC1
C1CCC(C2CCC(CC3CC4CCCCC4C3)C(C3CCCCC3)C2)CC1
C1CCC(CCCC2CCCC(C3CCCC(C4CCCCC4)C3)C2)CC1
C1CCC(CCC2CCCCC2CC2CCCCC2)CC1
C1CCC(CCC2CCC(C3CC(CC4CCCC(C5CC5)C4)C4CCCCC43)CC2)CC1
C1CCC(CC2CCC(C3CCCCC3)CC2)CC1
C1CCC(CC2CCC(CCCC3CCCC(C4CCCCC4)C3)CC2)CC1
C1CCC(C2CCC(CCC3CCCCC3C3CCC4CCCCC43)CC2)CC1
C1CCC(CCCC(CCC2CCCCC2)C2CCCC(C3CCCCC3)C2)CC1
C1CC(CC2CC3CCCC(C4CCCC4)C3C2)CC(C2CCC(C3CCC4C(CCC4C4CCCC4)C3)CC2)C1
C1CCC(C2CCCC(C3CCC(C4CCCC(C5CCCCC5)C4)CC3)C2)CC1
C1CCC(CCC2CCCC(C3CCC(C4CC4)CC3)C2)C1
C1CCC(CC2CCCC(C3CCCC3)C2)CC1
C1CCC(CC2CCC3CC(C4CCC(C5CCC(C6CCCC(CC7CCC7)C6)CC5)CC4)CCC23)CC1
C1CCC(CCC2CCC(CC3CCCCC3)CC2CCC2CCC(C3CCCCC3)CC2)CC1
C1CCC(CCCC2CCCC(C3CCCCC3)C2)CC1
C1CCC(CC2CCC(C3CCCCC3)CC2)CC1
C1CCC(CC2CCC(C3CCCCC3)CC2)CC1
C1CCC(CC2CCC(CCC3CCC(C4CCCCC4C4CCC5CCCCC5C4)CC3)CC2)CC1
C1CCC(CC2CCC(C3CC(C4CCC(CC5CCC6CCCC6C5)CC4)C3)CC2)CC1
C1CCC(CC2CCC(CC3CC4CCCCC4C3)CC2)CC1
C1CCC(C2CCCC(C3CCCCC3C3CCC3)C2)CC1
C1CCC(CC2CC(CC3CCC(C4CCCCC4)CC3)C3CCCCC23)CC1
C1CCC(CC2CCCCC2CCC2CCC(C3CCCC3)CC2)CC1
C1CCC(C2CC3CCCCC3C(C3CCCCC3)C2)CC1
C1CCC(C2CCCC(CC3CCC(C4CCCCC4)CC3C3CCCCC3)C2)CC1
C1CCC(CC2CCCC(CCC3CCCCC3CC3CCCCC3)C2)CC1
C1CCC(CCC2CCCC(C3CCC4CCCCC4C3)C2)CC1
C1CCC(CCC2CC(CC3CCCCC3)C3CCCCC23)CC1
C1CCC(CCCCC2CCC(CCC3CCCCC3)CC2)CC1
C1CCC(CCCCC2CCCCC2C2CCCC(C3CCCC(C4CCCCC4)C3)C2)CC1
C1CCC(CC2CCC(CCC(CC3CCCCC3)C3CCCCC3)CC2)CC1
C1CCC(CC2CCCC(C3CCCCC3)C2)CC1
C1CCC(CCCCC2CCC(CC3CCCCC3)CC2)CC1
C1CCC(CC2CCC(CCC3CCCC(C4CCCCC4)C3)CC2)CC1
C1CCC(CCCC2CCCC(CC3CCCCC3)C2)CC1
C1CCC(C2CCCCC2C2CCC(CC3CCC(C4CC4)CC3)CC2)C1
C1CCC(CCCC2CCCC(C3CCCC(C4CCCCC4)C3)C2)CC1
C1CCC(CC2CCC(CCC3CCCC(C4CCCCC4C4CCCCC4)C3)CC2)CC1
C1CCC(C2CCCC(CCCC3CC4CCCCC4C3)C2)CC1
C1CCC(C2CCCCC2C2CCCCC2C2CCC3CCCC3C2)CC1
C1CCC(CCC2CCC(C3CCCC(CC4CCCCC4)C3)CC2)CC1
C1CCC(CCC2CCCC(C3CCCCC3)C2)CC1
C1CCC(CCC2CCC(C3CCC(CC4CCCC4)CC3)CC2)CC1
C1CCC(CCC2CCCC(CC3CCC(CC4CCCCC4)CC3)C2)CC1
C1CCC(C2CCC(C3CCCC3)CC2)CC1
C1CCC(CCC2CC(C3CCCC3)CCC2CC2CCCC(CC3CCCCC3)C2)CC1
C1CCC(C2CCCC3CCCCC32)CC1
C1CCC(CC2CCCCC2CC2CCC(C3CCCCC3)CC2)CC1
C1CCC(CCC(C2CCCCC2)C(C2CCCCC2)C2CCCC2)CC1
C1CCC(CC2CCC(C3CCCCC3CCC3CC3)CC2)CC1
C(CCCC1CCCCC1)CCC1CCCCC1
C1CCC(CCC2CCCC(C3CCCC(CCC4CCCCC4)C3)C2)CC1
C1CCC(CCC2CCC(C3CCCCC3)CC2)CC1
C1CCC(C2CCC(C3CCCC3C3CCCCC3)CC2)CC1
C1CCC(CCC2CCC(C3CC(C4CCCCC4)C3)CC2)CC1
C1CCC(C2CCCC(C3CCC(C4CCC(C5CCCC(C6CCCCC6C6CCCCC6)C5)CC4)CC3)C2)CC1
C1CCC(CCC2CC(CC3CCCCC3)CC(C3CCCCC3)C2)CC1
C1CCC(CCCC2CCC(CCC3CCCC(C4CCC5CCCCC54)C3)CC2)C1
C1CCC(C2CCCC(C3CCCCC3C3CCC(C4CC4)CC3)C2)CC1
C1CCC(C2CCCC(CCCC3CCC(C4CCC(C5CCCC5)CC4)CC3)C2)CC1
C1CCC(CCC2CCC(CC3CCCCC3)CC2)CC1
C1CCC(CCC2CCC(C3CCCCC3CC3CCCCC3)CC2)CC1
C1CCC(C2CCC(C3CCCCC3)CC2)CC1
C1CCC(CC2CCCC3CC(C4CCCCC4C4CCCCC4)CCC23)CC1
C1CCC2CC(C3CCC4CCC(C5CCC6CCCC6C5)C4C3)CC2C1
C1CCC(CC2CCCC(CCCCCC3CCCC(C4CCCCC4)C3)C2)CC1
C1CCC(CC2CCC(CC3CC(C4CCCCC4)C4CCCCC34)CC2)CC1
C1CCC(CCCC2CCCCC2)CC1
C1CCC(CC2CC(CC3CCCCC3)C3CC(C4CCCCC4)CCC23)CC1
C1CCC2CC(C3CCCCC3C3CCC(CCC4CC5CCCCC5C4)CC3)CCC2C1
C1CCC(C2CCCC(C3CCCC(CCCC(C4CCCCC4)C4CC5CCCCC5C4)C3)C2)CC1
C1CCC(C2CCCCC2CC2CCC(C3CCCC(CCCC4CC5CCCCC5C4)C3)CC2)CC1
C1CCC(CC2CCCC(C3CCC4CCC(CC5CCCCC5)CC43)C2)CC1
C1CCC(CC2CC(CC3CCC(CC4CCC(CC5CC6CCCCC6C5)CC4)CC3)C3CCCCC23)CC1
C1CCC(CC2CCCCC2)CC1
C1CCC(CC2CCC(C3CCCCC3)CC2)CC1
C1CCC(C2CCC(C3CCC(C4CCCCC4C4CCCCC4)CC3)CC2)CC1
C1CCC(CCCCC2CCCCC2C2CCCCC2C2CCCCC2)CC1
C1CCC(C2CCCC(CC3CCC4CCCCC4C3)C2)CC1
C1CCC(C2CCC(C3CCC(C4CCCCC4C4CCCCC4)CC3)CC2)CC1
C1CCC(C2CCC(CC3CCCCC3C3CCCC3)CC2)CC1
C1CCC(C2CCC3C(CCCC3C3CCC(C4CCCC4)CC3)C2)CC1
C1CCC(CCC2CCCCC2CCCCC2CCC(C3CCCC(C4CCC4)C3)CC2)C1
C1CCC(C2CCC(C3CCCC(CC4CCCC(CC5CCCC5)C4)C3)CC2)CC1
C1CCC(CC2CCC(CC3CCC(C4CCCCC4)CC3)CC2)CC1
C1CCC(C2CCC(CC3CCC(C4CCCCC4)CC3)CC2)CC1
C1CCC(CCCC2CC(CC3CCCCC3)CC(C(CC3CC3)C3CC3)C2)CC1
C1CCC(C2CC(C3CCCCC3)C3CCCCC23)CC1
C1CCC(CCC2CCCCC2CC2CCCCC2)CC1
C1CCC(CCC2CCC(C3CCCC4CCCCC43)C(C3CCCC3)C2)CC1
C1CCC(C2CCC(C3CCCCC3C3CCC4CCCC4C3)C(C3CCC4CCCCC4C3)C2)CC1
C1CCC(C2CCC(CCC3CCC(C4CCCCC4)CC3)CC2)CC1
C1CCC(CC2CCC(CC3CCCC(CCC4CCC(C5CCCCC5)CC4)C3)CC2)CC1
C1CCC(CC2CCC(C3CC3)CC2CCCCC2CCC(C3CCCC3)CC2)CC1
C1CCC(C2CCC(CC(C3CCCCC3)C3CCCCC3)CC2)CC1
C1CCC(CC2CCC(C3CCCC(C4CCC(C5CCCC5)CC4)C3)CC2)C1
C1CCC(CCCCC2CC(CC3CCCCC3)CCC2CC2CCCCC2)CC1
C1CCC(C2CCCCC2C2CCCC2)CC1
C1CCC(CCCC2CCCCC2)CC1
C1CCC(C2CCCCC2C2CCC(C3CCC(CCC4CC5CCCCC5C4)CC3)CC2)CC1
C1CCC(C2CCC(C3CCCC4CCCCC43)CC2)CC1
C1CCC(CC2CCC(CC3CCCC(C4CCCCC4)C3)CC2)CC1
C1CCC(C2CCCC(C3CC(C4CCCCC4)CC(C4CCC4)C3)C2)CC1
C1CCC(CCC2CCC(CC3CCCCC3C3CCC4CCCCC4C3)CC2)CC1
C1CCC(CC2CCC(CCCC3CCCC(C4CC5CCCCC5C4)C3)CC2)CC1
C1CCC(C2CCC(C3CCCCC3C3CCCC3)C(C3CCCCC3)C2)CC1
C1CCC(C2CCC(C3CC4CCCCC4C(C4CCCCC4)C3)CC2)CC1
C1CCC(CC2CCC(C3CC(CCC4CC5CCCCC5C4)CC(C4CCCCC4)C3)CC2)CC1
C1CCC(C2CCCC(CC3CCC4CC(CCC5CC6CCCCC6C5)CCC43)C2)CC1
C1CCC(CCCC2CCCC(CC3CCC4CCCCC43)C2)CC1
C1CCC(CCCC2CCC(CC3CCC(CCC4CCCCC4)CC3)CC2)CC1
C1CCC(C2CCCCC2CC2CCCCC2C2CCC3CCCC3C2)CC1
C1CCC(C2CCCC(C3CCCC3)C2)CC1
C1CCC(C2CCC(CC3CCC(C4CCCCC4)CC3)CC2)CC1
C1CCC(CC2CCCCC2C2CCCCC2C2CCC3CCCC3C2)CC1
C1CCC(C2CCCC(C3CCCCC3)C2)CC1
C1CCC(CCC2CCCC(CC3CC(C4CCCCC4)C4CCCCC34)C2)CC1
C1CCC(CC2CC(C3CCCCC3)C3CC(CC4CCCC4)CCC23)CC1
C1CCC(CC2CCC(C3CCCCC3)CC2)CC1
C1CCC(CC2CCCCC2C2CCC(C3CCCCC3)CC2)CC1
C1CCC(CCC2CCCC(CC3CCCCC3)C2)CC1
C1CCC(C2CCC(C3CCCCC3)CC2)CC1
C1CCC(CCC2CCC(C3CCC(C4CCCCC4)CC3)CC2)CC1
C1CCC(C2CCC(CC3CCC(CC4CCC5CCCCC54)CC3)CC2)CC1
C1CCC(CCC2CCC(CCCC3CCCC(C4CCC5CCCC5C4)C3)CC2)CC1
C1CCC(CC2CCC(CCC3CCC(CC4CCCCC4)CC3)CC2)CC1
C1CCC(CC2CCC(CCCCC3CCCCC3C3CCCC(CC4CCCC4)C3)C(C3CCC3)C2)CC1
C1CCC(CC2CCC(C3CCC(CC4CCC(C5CCCCC5)CC4)CC3)CC2)CC1
C1CCC(C2CCCC(CCC3CC(C4CCCCC4)C4CCCCC34)C2)CC1
C1CCC(CC2CCC(C3CC(CC4CCCCC4)C4CCCCC43)CC2)CC1
C1CCC(CC2CCCC(CC3CCCCC3)C2)CC1
C1CCC(C2CCC(CCC3CCCCC3C3CCC4CCC(C5CCCCC5)CC43)CC2)CC1
C1CCC(CCC2CCC(C3CCCC(CC4CCCCC4)C3)CC2)CC1
C1CCC(CC2CCC(C3CCC4C(CC5CCCCC5)CCC4C3)CC2)CC1
C1CCC(CC2CCCCC2CCC2CC3CCCCC3C2)CC1
C1CCC(C2CCCC(C3CCCCC3)C2)CC1
C1CCC(CC2CCC(CC3CCCC(C4CCC(CC5CC6CCCCC6C5)CC4)C3)CC2)CC1
C1CCC(CC2CC(CCC3CCCC(C4CCCCC4)C3)C3CCCCC23)CC1
C1CCC(C2CCCCC2C2CCCCC2)CC1
C1CCC(CCCC2CCC(C3CCC(C4CCCCC4)CC3)CC2)CC1
C1CCC(CCCC2CCC(CC3CCCCC3)CC2CCCC2CCCCC2)CC1
C1CCC(CCCCC2CCC(C3CCC4CCCCC43)CC2CC2CC3CCCCC3C2)CC1
C1CCC(CC2CCCC(C3CCCCC3)C2)CC1
C1CCC(CC2CCC(C3CCCC(CC4CCCCC4)C3)CC2)CC1
C1CCC(C2CCCC(CC(C3CCCCC3)C3CC(C4CCC4)C4CCCCC43)C2)CC1
C1CCC(C2CCC3CCCC(C4CCCCC4)C3C2)CC1
C1CCC(CCCCCC2CCCCC2)CC1
C1CCC(CCCC2CCCCC2)CC1
C1CCC(C2CCCC(C3CCCC4CCCCC43)C2)C1
C1CCC(CC2CCCCC2CCC2CCC(C3CCCC(CC4CCC(C5CCC5)CC4)C3)C2)CC1
C1CCC(CCC2CC(CC3CCCCC3)CCC2CC2CCCCC2)CC1
C1CCC(C2CCC(CCC3CCCC(C4CCCC(C5CCCCC5)C4)C3)CC2)CC1
C1CCC(C2CC(CCC3CCCC3)CCC2C2CCCCC2CC2CC3CCCCC3C2)CC1
C1CCC(C2CCC(CC3CC3)CC2)CC1
C1CCC(CCC2CCC(C3CCCCC3)CC2)CC1
C1CCC(CCCC2CCC(CC3CCCCC3)CC2)CC1
C1CCC(C2CCCC(C3CCC(CC4CCC(CCC5CC5)CC4)CC3)C2)CC1
C1CCC(C2CCCC(CC3CCC4CCCC4C3)C2)CC1
C1CCC(CC2CCC(C3CCCCC3)CC2)CC1
C1CCC(CCCC2CCCC2C2CCCC(C3CCCCC3)C2)CC1
C1CCC(CCCC2CCCC(C3CCCCC3)C2)CC1
C1CCC(CCC2CCC(C3CCCCC3)CC2C2CCCC2)CC1
C1CCC(C2CCC(C3CCCCC3)CC2)CC1
C1CCC(C2CCCC(CCC3CCC4CCCCC43)C2)CC1
C1CCC(C2CC(C3CCC(CCC4CC5CCCCC5C4)CC3)C2)CC1
C1CCC(CC2CCCC(C3CCCC(C4CCCCC4)C3)C2)CC1
C1CCC(CC2CCC(CCC3CCCC(CC4CCCCC4C4CCCCC4)C3)CC2CC2CCCC2)CC1
C1CCC(CC2CCCC(C3CCCCC3)C2)CC1
C1CCC(C2CCCC3CCC(CC4CCC(CC5CC6CCCCC6C5)CC4)CC32)CC1
C1CCC(CCC2CCCCC2C2CCC3C(CCCC3C3CCCC(C4CC4)C3)C2)CC1
C1CCC(CCC2CCCC(C3CCCCC3)C2)CC1
C1CCC(CC2CCC(CC3CCC(CC4CCCCC4)CC3)CC2)CC1
C1CCC(CC2CCC(C3CCCCC3)CC2)CC1
C1CCC(C2CCCC(C3CCCC(C4CCCCC4)C3)C2)CC1
C1CCC(CCCC2CCC(C3CCCC(C4CCCC4)C3)CC2)CC1
C1CCC(CC2CCCCC2C2CCC(C3CCCC3)CC2CC2CC2)CC1
C1CCC(C2CCCC(C3CCC4C(CCCC4C4CCCCC4)C3)C2)CC1
C1CCC(CCCC2CCC(C3CCC4CCCC4C3)CC2)C1
C1CCC(C2CCC(C3CCC(C4CCCCC4)CC3CC3CCC(C4CCCC4)CC3)CC2)CC1
C1CCC(CCC2CCCCC2C2CCC3CCCCC3C2)CC1
C1CCC(CCCC2CCCC(CCC3CCCCC3)C2)CC1
C1CCC(CC2CCC(C3CCC4CCCCC43)CC2)CC1
C1CCC(C2CCCC(C3CCCCC3)C2)CC1
C1CCC(CC2CCC(CC3CCCCC3)CC2)CC1
C1CCC(CCC2CCCC(CCCC3CCCCC3C3CCCCC3)C2)CC1
C1CCC(CCC2CC(C3CCCCC3)CC(C3CCCCC3)C2CCC2CCCCC2)CC1
C1CCC(CC2CCCC(CCC3CCCCC3C3CCCCC3)C2)CC1
C1CCC(C2CCCCC2)CC1
C1CCC(C2CCCCC2C(C2CCCCC2)C2CC2)CC1
C1CCC(CC2CCC(CC3CCCCC3)C(CCC3CC4CCCCC4C3)C2)CC1
C1CCC(C2CCCCC2C2CCC3CCCCC32)CC1
C1CCC(C2CCCC(C3CCC4CCC(C5CCCCC5)CC4C3)C2)CC1
C1CCC(CC2CCC(CC3CCCCC3)C(CC3CCCC(C4CCCC4)C3)C2)CC1
C1CCC(C2CCCC(CC3CCC(CC4CC5CCCCC5C4)CC3)C2)CC1
C1CCC(C2CCCCC2C2CCCCC2C2CCC(CCC3CCCC(C4CCCC4)C3)CC2)CC1
C1CCC(C2CCC(CC3CCCC(C4CCCCC4)C3)CC2)CC1
C1CCC(CCC2CCCC(C3CC(CC4CCCCC4)C4CCCCC43)C2)CC1
C1CCC(CC2CCC(CC3CCCC(C4CCCCC4)C3)CC2)CC1
C1CCC(CC2CCC(CC3CC(C4CCCCC4)CC(C4CCCC4)C3)CC2)CC1
C1CCC(CC2CCC(CC3CCC(C4CCCCC4)CC3)CC2)CC1
C1CCC(CC2CC(CC3CCCC(C4CCCC(C5CCCCC5)C4)C3)C3CCCCC23)CC1
C1CCC(CCC2CCCCC2C2CCCCC2CC2CCCCC2)CC1
C1CCC(CCC2CCC(C3CCCCC3C3CCC4CCCCC4C3)CC2)CC1
C1CCC(CC2CCC(C3CCCC(CC4CCCC(C5CCCCC5)C4)C3)CC2)CC1
C1CCC(CCCCC2CCCC(C3CCC4CCCCC4C3)C2)CC1
C1CCC(CC2CCCC(C3CCCC(CC4CCCC4)C3)C2)CC1
C1CCC(C2CCCCC2C2CCCCC2)CC1
C1CCC(CCCCC2CCC(CCC3CCCCC3)CC2)CC1
C1CCC(C2CCC(C3CCCCC3C3CCCCC3CC3CC4CCCCC4C3)CC2)CC1
C1CCC(CC2CCCC(C3CCC(C4CCCCC4CC4CC5CCCCC5C4)CC3)C2)CC1
C1CCC(C2CC3CCC(CC4CC5CCCCC5C4)CC3C(C3CCCCC3)C2)CC1
C1CCC(CCC2CC(CC3CC4CCCCC4C3)C3CCCCC23)CC1
C1CCC(CCCC2CCC(CC3CCC(CCCC4CCCC5CCCCC54)CC3)CC2)C1
C1CCC(CCC2CCCCC2C2CCCCC2C2CCCCC2)CC1
C1CCC(CCCC2CCCC(CC3CCCCC3CC3CCCCC3)C2)CC1
C1CCC(CCC2CCCCC2C2CCCC(CC3CCCCC3)C2)CC1
C1CCC(CCCCC2CCCC(C3CCCCC3)C2)CC1
C1CCC(C2CCCC(C3CCC(CC4CCCCC4C4CCCC4)CC3)C2)CC1
C1CCC(CCC2CCCC(C3CCCCC3)C2)CC1
C1CCC(CC2CCC(C3CCCCC3)CC2C2CCCCC2)CC1
C1CCC(CC2CCCC(C3CCCCC3)C2)CC1
C1CCC(C2CCCCC2C2CCCCC2)CC1
C1CCC(CCC2CCC3CC(C4CCCCC4)CC(C4CCCCC4)C3C2)CC1
C1CCC(CC2CCC(C3CCCCC3C3CCC4CCCCC4C3)CC2)CC1
C1CCC(CC2CCC(CCC3CCC(CC4CCCCC4)CC3)CC2)CC1
C1CCC(C2CCCC(C3CCCCC3)C2)CC1
C1CCC(CC2CCC(C3CCC(CCC4CCCC(C5CCCCC5)C4)CC3)CC2)CC1
C1CCC(C2CCC(C3CCC(C4CCCCC4)CC3)CC2)CC1
C1CCC(CCC2CCCC(CCC3CCC(C4CCC(C5CCCCC5)CC4)CC3)C2)CC1
C1CCC(C2CCC(C3CCCC(C4CCC5CCCC5C4)C3)CC2)C1
C1CCC(C2CCC(C3CCCC(C4CCCCC4)C3)CC2)CC1
C1CCC(C2CCC(C3CCC(C4CCC5CCCC5C4)CC3)CC2)C1
C1CCC(C2CCC(C3CC(C4CCC4)C4CCCCC34)CC2)CC1
C1CCC(CC2CC(C3CCCCC3)CC(C3CCCCC3)C2)CC1
C1CCC(CC2CCC(CC3CC4CCCCC4C3)CC2C2CCCCC2)CC1
C1CCC(CCCC2CCC(CC3CCCCC3)CC2)CC1
C1CCC(CC2CCC(CC3CCC(C4CCCCC4)CC3)CC2)CC1
C1CCC(CC2CCC(C3CCCCC3)CC2)CC1
C1CCC(CCCC2CCC(CC3CCC(C4CCCC4)CC3)CC2)CC1
C1CCC(CC2CCCCC2CC2CCCC(C3CCCCC3C3CCC(C4CCCC4)CC3)C2)CC1
C1CCC(CCC2CCC(C3CCCCC3)CC2)CC1
C1CCC(C2CCCCC2)CC1
C1CCC(C2CCC(C3CCCCC3)C(C3CCC(CC4CCCC4)CC3)C2)CC1
C1CCC(C2CCCCC2C2CCC3CCCCC3C2)CC1
C1CCC(CCC2CCC(C3CCCCC3)CC2)CC1
C1CCC(CCC2CCCC(C3CCC(CCCC4CC5CCCCC5C4)CC3)C2)CC1
C1CCC(CCC2CCC(C3CCCC3)C(C3CCC4CCCC4C3)C2)CC1
C1CCC(CC2CCC(CC3CC(C4CCC(C5CCCCC5)CC4)C3)CC2)CC1
C1CCC(CCC2CCCC(C3CCCC(CC4CCCCC4)C3)C2)CC1
C1CCC(C2CCCC(C3CCC(CC4CCCCC4C4CCC5CCCCC5C4)CC3)C2)CC1
C1CCC(CC2CCC(CCCCC3CCCC(C4CCC4)C3)CC2)CC1
C1CCC(C2CCCCC2CCCCCC2CCCC(C3CCC4CCCCC4C3)C2)CC1
C1CCC(C2CCC(C3CC4CCCCC4C3)CC2)CC1
C1CCC(C2CCC(C3CCC(CC4CCCCC4C4CCCCC4)CC3)CC2)CC1
C1CCC(CC2CCC(CCCC3CCCC(CC4CCCC4)C3)CC2)CC1
C1CCC(CC2CCCC(CC3CCCCC3)C2)CC1
C1CCC(C2CCC(C3CCCCC3)C(C3CCCC3)C2)CC1
C1CCC(CCC2CCC(CC3CCCC(C4CCCCC4)C3)CC2)CC1
C1CCC(CC2CCC(C3CCCCC3C3CCC4CCCC4C3)CC2)CC1
C1CCC(C2CCCC(CCC3CCCCC3C3CCCCC3)C2)CC1
C1CCC(CC2CCCC(CCCC3CCCC(C4CCCCC4)C3)C2)CC1
C1CCC(CC2CCCCC2CCC2CCC(C3CCCCC3)CC2C2CCCC2)CC1
C1CCC(CC2CCC(CC3CCCC(CC4CC5CCCCC5C4)C3C3CCCCC3)CC2)CC1
C1CCC(C2CCC(C3CCCCC3)CC2)CC1
C1CCC(CC2CCCC(CC3CCC(C4CCCC4)CC3)C2)CC1
C1CCC(C2CCC(CCC3CCC(C4CC(C5CCC5)CCC4C4CCC5CCCCC54)C3)CC2)C1
C1CCC(CCC2CCC(CC3CCCCC3)CC2)CC1
C1CCC(CC2CCC(CC3CC(CC4CCCCC4)C4CCCCC34)CC2)CC1
C1CCC(CC2CCCC(CC3CCC4CCCC4C3)C2)CC1
C1CCC(C2CCC(CC3CCC(CCCC4CCC5CCCC5C4)CC3)CC2)CC1
C1CCC(C2CCC(C3CCCCC3)C(C3CCCCC3)C2)CC1
C1CCC(CC2CCC3CCCC(CC4CCCCC4)C3C2)CC1
C1CCC(CC2CCCC(C3CCC(CC4CCCCC4C4CCCCC4)CC3)C2)CC1
C1CCC(C2CCCC(C3CCC(CC4CCC(C5CCCC5)CC4)CC3)C2)CC1
C1CCC(CC2CCCC(C3CCCCC3)C2)CC1
C1CCC(C2CCC(CC3CCCC(CC4CC4)C3)CC2)CC1
C1CCC(CC2CCC(C3CCCC4CC(C5CCCCC5CC5CCCCC5)CCC43)CC2)CC1
C1CCC(C2CCC(CC3CCC(CCC4CCCC4)CC3)CC2)CC1
C1CCC(CCC2CCCC3CC(C4CCCCC4C4CCCCC4)CCC23)CC1
C1CCC(CC2CCCCC2CC2CCCC(CCC3CCC4CCCC4C3)C2)CC1
C1CCC(C2CCCC(CC3CCC4CCCC(C5CCCCC5)C4C3)C2)CC1
C1CCC(CCCC2CCC(C3CCCC(C4CC4)C3)C(C3CCCC3)C2)CC1
C1CCC(C2CCC(C3CCC(C4CCCCC4)CC3)CC2)CC1
C1CCC(CCC2CCCCC2CCC2CCC(CC3CCCC3)CC2)CC1
C1CCC(C2CCCC3CCC(CC4CCCC5CCCCC54)CC32)CC1
C1CCC(CCCC2CC3CCC(C4CCCC4)CC3C(C3CCCCC3)C2)CC1
C1CCC(CCC2CCC(C3CCCC(C4CCCC(CCCCC5CCCC5)C4)C3)CC2)CC1
C1CCC(C2CCC(C3CCCCC3)CC2)CC1
C1CCC(CC2CCCCC2C2CCCCC2C2CCCCC2)CC1
C1CCC(CC2CCCC(C3CCC(C4CCC(C5CCCCC5)CC4)CC3)C2)CC1
C1CCC(CC2CCC(CCC3CCC(C4CCCCC4)CC3)CC2)CC1
C1CCC(C2CCC3CCCCC32)CC1
C1CCC(CC2CCC(CC3CCC4C(CC5CCCCC5)CCC4C3)CC2)CC1
C1CCC(C2CC(C3CCCCC3C3CCCCC3)CCC2CCC2CC3CCCCC3C2)CC1
C1CCC(CC2CC(C3CCCCC3)CC(C3CC4CCCCC4C3)C2)CC1
C1CCC(C2CCC(CCCCC3CC4CCCCC4C3)CC2)CC1
C1CCC(CCC2CCCC(C3CCCCC3)C2)CC1
C1CCC(CC2CCC(CC3CCCC(C4CCCCC4C4CCCCC4)C3)CC2)CC1
C1CCC(CCCCC2CCC(CC3CCCC(CCC4CCCC4)C3)CC2)CC1
C1CCC(CCC2CCCC(CCC3CCCCC3)C2)CC1
C1CCC(C2CCCC(C3CCCC(CC4CC4)C3)C2)CC1
C1CCC(C2CCC(C3CCCCC3)C(CCC3CC3)C2)CC1
C1CC(CC2CCC(C3CCCCC3CC3CCCC(C4CCC4)C3)CC2)C1
C1CCC(CC2CCC(CCC3CCCC(C4CCC(CC5CCC(CC6CCCC6)CC5)CC4)C3)CC2)CC1
C1CCC(CC2CCC(C3CCCC(C4CCCC4)C3)CC2)CC1
C1CCC(C2CCCC(CC3CCCC(C4CCCC(C5CCCCC5)C4)C3)C2)CC1
C1CCC(CCCC2CCCCC2C2CCCC(C3CCCC4CCCCC43)C2)CC1
C1CCC(CC2CCC(C3CCC(C4CCCCC4)CC3)CC2)CC1
C1CCC(C2CCC3CC(CC4CCCC(C5CCCC5)C4)CCC32)CC1
C1CCC(CCC2CCCC(C3CCCC(C4CCCC4)C3)C2)CC1
C1CCC(CCC2CCCC(C3CCCC(C4CCCCC4)C3)C2)CC1
C1CCC(CC2CCC(C3CCC4CCCC4C3)CC2)CC1
C1CCC(C2CCC(CC3CCC(C4CCCCC4C4CCCC4)CC3)CC2)CC1
C1CCC(C2CCCC(CCC3CCC4CCCC4C3)C2)CC1
C1CCC(CCC2CCC(CC3CCC(CC4CCCCC4)CC3)CC2)CC1
C1CCC(CCC2CCC3CC(CC4CCCCC4)CC(C4CCCCC4)C3C2)CC1
C1CCC(CC2CCCC(C3CCCCC3CC3CCC4CCCC4C3)C2)CC1
C1CCC(CCC2CC(C3CCCCC3CC3CCCCC3)C3CCCCC23)CC1
C1CCC(C2CCC(CC3CCC(CC4CCCCC4C4CCCC4)CC3)CC2)CC1
C1CCC(CCC2CCCCC2CC2CCCCC2)CC1
C1CCC(CC2CCC(C3CCCCC3)CC2)CC1
C1CCC(CCC2CCCC(C3CCCC(CC4CCCCC4)C3)C2)CC1
C1CCC(CC2CCC(CC3CCC(C4CC4)CC3)CC2)CC1
C1CCC(CC2CCCCC2C2CCC(C3CCCCC3)C2)CC1
C1CCC(CCC2CCCC(CC(C3CCCC3)C3CCCC(C4CCCCC4)C3)C2)CC1
C1CCC(C2CCC(CC3CCC(CC4CC4)CC3)CC2)CC1
C1CCC(CC2CCCCC2C2CCC(CC3CCC4CCCCC4C3)CC2)CC1
C1CCC(CCCC2CCCC(CC3CCCCC3)C2)CC1
C1CCC(CCCC2CCC(CC3CCC(CC4CCC(CC5CCCCC5)CC4)CC3)CC2)CC1
C1CCC(CC2CCCCC2C2CCCCC2)CC1
C1CCC(CC2CC(CC3CCCC3)C3CCC(C4CCCCC4)CC23)CC1
C1CCC(CC2CCC(C3CCCCC3C3CCCC(CCC4CCCC4)C3)CC2)CC1
C1CCC(CC2CCCCC2C2CCCC(C3CCCCC3)C2)CC1
C1CCC(CC2CC(CC3CCC(C4CCCCC4)CC3)CC(C3CCCCC3)C2)CC1
C1CCC(CC2CCC(CCC3CCC(C4CCCCC4)CC3)CC2)CC1
C1CCC(CCC2CCC(C3CCCCC3)CC2CC2CCCCC2CC2CCCCC2)CC1
C1CCC(C2CCCCC2)CC1
C1CCC(C2CCC(CC3CCC(CCC4CC5CCCCC5C4)CC3)CC2)CC1
C1CCC(C2CCC(C(C3CCC3)C3CCCC(C4CCCC4)C3)CC2)CC1
C1CC(CCC2CC3CCCCC3C2)CC(CC2CCC3CCCCC32)C1
C1CCC(CC2CCC(C3CCCCC3C3CCCC(C4CC4)C3)CC2)CC1
C1CCC(CCC2CCC(CC3CCC(CC4CCCCC4)CC3)CC2)CC1
C1CCC(C2CCC(C3CCC(CC4CCCC4)C(C4CCCC4)C3)CC2)CC1
C1CCC(C2CCC3CC(CC4CCC5CCCCC5C4)CCC3C2)CC1
C1CCC(CC2CCCCC2C2CCC(C3CCCCC3)CC2C2CCCC2)CC1
C1CCC(CC2CCC(C3CCCCC3)CC2)CC1
C1CCC(CC2CCCC(CC3CCCCC3C3CCCCC3C3CCCC3)C2)CC1
C1CCC(C2CCC(C3CCCC(C4CCCCC4)C3)CC2)CC1
C1CCC(C2CCC(C3CCCC(C4CCCC4)C3)CC2)CC1
C1CCC(C2CCC(CC3CCC(C4CCC4)CC3)C2)CC1
C1CCC(CC2CCC(CCC(CC3CCC(CC4CC5CCCCC5C4)CC3)C3CCCCC3)CC2)CC1
C1CCC(CC2CCC(C3CCCC(C4CC(CC5CCCCC5)C5CCCCC54)C3)CC2)CC1
C1CCC(CC2CCC(CCC3CC(CC4CCCCC4)C4CCCCC34)CC2)CC1
C1CCC(CC2CCCC(C3CCCCC3C3CCCCC3C3CCCCC3)C2)CC1
C1CCC(CC2CCC(CCC3CCC(C4CCCCC4)CC3)CC2)CC1
C1CCC(CCC2CCCC(CC3CC(C4CCCCC4)C4CCCCC34)C2)CC1
C1CCC(CC2CCC(C3CCC(CC4CCCCC4)CC3)CC2)CC1
C1CCC(CCCC2CCC(CC3CCC(CCC4CCCC4)CC3)CC2)CC1
C1CCC(C2CC(CC3CCC(CC4CCCC5CCCCC54)CC3)CC3CCCCC32)CC1
C1CCC(CCC2CCC(C3CCCCC3)CC2)CC1
C1CCC(CC2CCC(CC3CCCCC3)C(C3CCCCC3)C2)CC1
C1CCC(CC2CCCCC2C2CCC(CCC3CC4CCCCC4C3)CC2CCC2CCCC2)CC1
C1CCC(CC2CCCC(C3CCCCC3)C2)CC1
C1CCC(C2CCC(CC3CCC(C4CCCC(C5CCCCC5)C4)CC3)CC2)CC1
C(CCCC1CCC(C2CCCC(C3CC3)C2)CC1)CCC1CCC(CC2CCCCC2)CC1
C(CCC1CCCCC1CC1CCCC(C2CCCC2)C1)CC1CCC2CCCCC2C1
C1CCC(CC2CCC(C3CCCCC3)CC2)CC1
C1CCC(C2CCCC(CC3CC4CCC(CC5CC6CCCCC6C5)C4C3)C2)CC1
C1CCC(CC2CCCC(C3CCC(C4CCCCC4)C3)C2)CC1
C1CCC(C2CCCC3CCC(CC4CCCCC4CCCC4CCC5CCCCC5C4)CC32)CC1
C1CCC(C2CC(C3CCCC3)CC(C(CC3CCC4CCCC4C3)C3CCCCC3)C2)CC1
C1CCC(CCC2CC(CCC3CCCCC3)CC(C3CCCCC3)C2)CC1
C1CCC(C2CCC(CC3CCC(C4CCCCC4)CC3)CC2)CC1
C1CCC(CCCC2CCC(CCC3CCCC(C4CCC(C5CCCCC5)CC4)C3)CC2)CC1
C1CCC(CCC2CC(C3CCCCC3)CCC2C2CCCCC2)CC1
C1CCC(CC2CCCC(C3CCCCC3)C2)CC1
C1CCC(C2CCCC(C3CCCC(C4CCCCC4)C3)C2)CC1
C1CCC(CCC2CCC(C3CCCCC3C3CCC4CCCC4C3)C(C3CCCCC3)C2)CC1
C1CCC(C2CCCC(C3CCC4C(C3)CC(C3CCC5CCCCC53)CC4C3CCCCC3)C2)CC1
C1CCC(CC2CCCCC2C2CCCC(C3CCCCC3)C2)CC1
C1CCC(CC2CC(CCC3CCC(C4CCCCC4)CC3)C3CCCCC23)CC1
C1CCC(CC2CCCCC2)CC1
C1CCC(CC2CCCC(CC3CCC(CC4CCCC(CC5CC6CCCCC6C5)C4)CC3)C2)CC1
C1CCC(C2CC(CC3CCCC(C4CCCC4)C3)CC3CCCCC32)CC1
C1CCC(C2CCC(C3CC(C4CCCCC4)C4CCCCC34)CC2)CC1
C1CCC(CC2CCC(CC3CCCCC3C3CCCCC3)CC2)CC1
C1CCC(CC2CCC(C3CCCCC3)CC2)CC1
C1CCC(C2CCC(CCCC3CCCC(C4CCCCC4)C3)CC2)CC1
C1CCC(CCCC2CCCC(C3CC(C4CCCC(C5CCCCC5)C4)C4CCCCC34)C2)CC1
C1CCC(CCCC2CC(CC3CCCCC3)C3CCCCC23)CC1
C1CCC(C2CCCC(C3CCCC(C4CCC4)C3)C2)CC1
C1CCC(CCC2CC(CC3CCCCC3)C3CCCCC23)CC1
C1CCC(CCCC2CC(C3CCCCC3)CCC2C2CC3CCCCC3C2)CC1
C1CCC(C2CCC3C(CCCC3C3CCCC(C4CC5CCCCC5C4)C3)C2)CC1
C1CCC(CC2CCCC3CC(C4CCCCC4)CCC23)CC1
C1CCC(CC2CCCC(C3CCCCC3CC3CCCC(CC4CCC(C5CCCCC5)CC4)C3)C2)CC1
C1CCC(CCCCCC2CCC(C3CCCCC3)CC2)CC1
C1CCC(C2CCC(CC3CC4CCCCC4C3)CC2)CC1
C1CCC(CCC2CCCC(C3CCCC(C4CCCCC4)C3)C2)CC1
C1CCC(C(CC2CC3CCCCC3C2)C2CC3CCCCC3C2)CC1
C1CCC(C2CCC(C3CCCCC3)CC2)CC1
C1CCC(C2CCCCC2C2CCCCC2C2CCCCC2)CC1
C1CCC(C2CCCCC2C2CCCCC2)CC1
C1CCC(C2CCC(C3CCC(CCCC4CC5CCCCC5C4)CC3)CC2)CC1
C1CCC(CCC2CC(C3CCCCC3)CC(C3CCC3)C2)CC1
C1CCC(CC2CCC(CC3CCCCC3)CC2)CC1
C1CCC(CCC2CC(C3CCCCC3)C3CC(CC4CCCCC4)CCC23)CC1
C1CCC(C2CCC(C3CCCC(C4CCCCC4C4CCCCC4C4CCCC4)C3)CC2)CC1
C1CCC(C2CCC(C3CCCCC3C3CCCCC3)C2)CC1
C1CCC(CC2CCC(C3CCC4CC(CC5CCCCC5)CCC43)CC2)CC1
C1CCC(C2CC(C3CCC4CCCCC43)CC3CCCCC32)CC1
C1CCC(CC2CCC(C3CCCCC3)CC2)CC1
C1CCC(CCC2CC(C3CCCCC3)CC(C3CCCC(C4CCCCC4)C3)C2)CC1
C1CCC(CCC2CCCCC2C2CCC(C3CCCCC3)CC2)CC1
C1CCC(CC2CCC(C3CCCCC3)C(C3CCCC(C4CCCCC4)C3)C2)CC1
C1CCC(CCC2CC(C3CCC(C4CCC4)CC3)C3CCCCC23)CC1
C1CCC(C2CCC(C3CCCCC3)C(C3CCC(C4CCCC4)CC3)C2)CC1
C1CCC(CCCC2CCCC3CC(C4CCCCC4CC4CCCCC4)CCC23)CC1
C1CCC(CC2CC(C3CCCCC3)CC(C3CCCC4CCCCC43)C2)CC1
C1CCC(CCC2CCC3CCCCC32)CC1
C1CCC(CC2CCC(C3CCCCC3)CC2)CC1
C1CCC(C2CCCC(C3CCCCC3C3CCCCC3)C2)CC1
C1CCC(C2CCCC(C3CCC(CCC4CC4)CC3)C2)CC1
C1CCC(C2CCC3CC(C4CCCCC4)CCC3C2)CC1
C1CCC(CCC2CCCC(C3CCCCC3)C2)CC1
C1CCC(CCCC2CCC(CCCC3CCC(C4CCCCC4)CC3)CC2)CC1
C1CCC(C2CCCC(C3CCCCC3C3CCCCC3C3CCCC3)C2)CC1
C1CCC(CCCCCC2CC3CCCCC3C2)CC1
C1CCC(CC2CCC(CC3CCCC(CC4CCCCC4)C3)CC2)CC1
C1CCC(C2CC(CC3CCCC4CCCCC43)CC(C3CCCCC3)C2)CC1
C1CCC(C2CCC(C3CCC(C4CCCCC4)CC3)CC2)CC1
C1CCC(C2CCC(C3CCCCC3C3CCC4CCCC4C3)CC2)CC1
C1CCC(C2CCCC(CC3CCCCC3C3CCCCC3)C2)CC1
C1CCC(CCCC2CCC(CC3CCC(C4CCCC(CC5CC5)C4)CC3)CC2)CC1
C1CCC(CCCC2CCC(CCC3CCCC(CC4CCCCC4)C3)CC2)CC1
C1CCC(C2CCCC(C3CCCCC3)C2)CC1
C1CCC(C2CCC(C3CCC3)CC2C2CCCCC2)CC1
C1CCC(C2CCCC(C3CCCC(CC4CCCCC4C4CCCCC4)C3)C2)CC1
C1CCC(CC2CCC(CCC3CCC(CCCC4CCCC(C5CCCCC5)C4)CC3)CC2)CC1
C1CCC(CCC2CC(CC3CCCC3)CC(C3CCCCC3)C2)CC1
C1CCC(CCC2CCCC(C3CCCC(CC4CCCCC4)C3)C2)CC1
C1CCC(CCC2CCCC(CC3CCCC(C4CCC(C5CCCCC5)CC4)C3)C2)CC1
C1CCC(CC2CCC(CC3CCC(CC4CCCCC4)CC3)CC2)CC1
C1CCC(CC2CCCCC2CCCC2CCC(C3CCCCC3)CC2)CC1
C1CCC(CCC2CC(CCC3CCCCC3)CC(C3CCCCC3)C2)CC1
C1CCC(C2CCCCC2)CC1
C1CCC(CC2CCCC(C3CCCC(C4CCCCC4)C3)C2)CC1
C1CCC(C2CCCCC2CC2CCC3CCCC(C4CCCCC4)C3C2)CC1
C1CCC(CCC2CCCC(C3CCCC(C4CCCCC4)C3)C2)CC1
C1CCC(C2CCC(C3CCCC(C4CC(CC5CC5)C5CCCCC54)C3)CC2)CC1
C1CCC(CCCC2CCC(CC3CCCC3)CC2)CC1
C1CCC(CC2CCCC(C3CCCCC3)C2)CC1
C1CCC(C2CCCC(C3CCC(CC4CCC5CCCCC54)CC3)C2)CC1
C1CCC(C2CCCC(C3CCCC(C4CCCCC4)C3)C2)CC1
C1CCC(C2CCCC(CC3CCC4CCCCC43)C2)CC1
C1CCC(CC2CCCC(C3CCCC(C4CCCC(CC5CCCC5)C4)C3)C2)CC1
C1CCC(CC2CCCCC2CC2CCC(CCC3CC4CCCCC4C3)CC2)C1
C1CCC(C2CCC(C3CCC4CCCCC43)C(C3CCCC3)C2)CC1
C1CCC(CC2CCC(CC3CCC4C(CCC4CC4CCCC(C5CCCCC5)C4)C3)CC2)CC1
C1CCC(CC(CC2CCCC(C3CC(C4CCCCC4)C4CCCCC34)C2)C2CCCCC2)CC1
C1CCC(CCCC2CCC(C3CCCCC3)CC2)CC1
C1CCC(CC2CCC(C3CCC(C4CCCCC4)C3)C(C3CCCC3)C2)CC1
C1CCC(C2CC(C3CCC3)CCC2C2CCCC(C3CC3)C2)CC1
C1CCC(C2CC3CCCCC3C(C3CCCCC3)C2)CC1
C1CCC(C2CCCCC2C2CCC(CC3CCCC(C4CC4)C3)CC2)CC1
C1CCC(CCCC2CCCCC2)CC1
C1CCC(C2CCC(C3CCCCC3)CC2)CC1
C1CCC(CCCC2CCC(C3CCC(C4CCC(C5CCCCC5)CC4)CC3)CC2)CC1
C1CCC(C2CCC(CC3CCC(C4CCCC5CCCCC54)CC3)CC2)CC1
C1CCC(CC2CCC(CC3CCCC3)CC2CC2CCCCC2C2CCCC2)CC1
C1CCC(CCC2CCCCC2)CC1
C1CCC(CCCC2CCCC(C3CCCCC3)C2)CC1
C1CCC(CC2CCC3CCC(C4CCCCC4C4CCCCC4)CC3C2)CC1
C1CCC(CC2CCCC(C3CCC(CC4CC5CCCCC5C4)CC3)C2)CC1
C1CCC(CC2CCCC(CC3CC4CCCCC4C3)C2)CC1
C1CCC(C2CCCC(CCCC3CCC4CCCC4C3)C2)CC1
C1CCC(CCC2CCC(CC3CCCCC3)CC2CC2CC3CCCCC3C2)CC1
C1CCC(CCC2CCC(CC3CCC(CC4CCCCC4CC4CCC(CC5CCCC5)CC4)CC3)CC2)CC1
C1CCC(CC2CCCC(C3CCCC(C4CCCC4)C3)C2)CC1
C1CCC(C2CCC(CCC3CCC(C4CCCC4)CC3)CC2)CC1
C1CCC(C2CCCC(C3CCC(C4CCCCC4C4CCCCC4)CC3)C2)CC1
C1CCC(CC2CCCC(C3CCCCC3CCCC3CC4CCCCC4C3)C2)CC1
C1CCC(C2CCC3CC(C4CCCCC4)CCC3C2)CC1
C1CCC(CCC2CCC(CC3CCC(CC4CCCCC4)CC3)CC2)CC1
C1CCC(C2CCCC(C3CCC(CC4CCCCC4C4CCCC4)CC3)C2)CC1
C1CCC(CC2CCCC(CCC3CCC(C4CCCCC4)CC3)C2)CC1
C1CCC(C2CCC(C3CCCC(C4CCCCC4)C3)CC2)CC1
C1CCC(C2CCCC(C3CCCC(CC4CCCC4)C3)C2)CC1
C1CCC(C2CCCC(C3CCC(C4CCC(C5CCCCC5)C5CCCC45)CC3)C2)CC1
C1CCC(CC2CCC(C3CC(CC4CCCCC4)C4CCCCC43)CC2)CC1
C1CCC(C2CCCC(CC3CCCC(C4CCCC(C5CCCCC5)C4)C3)C2)CC1
C1CCC(CCC2CCC(C3CC3)CC2C2CCCC(C3CCCCC3)C2)CC1
C1CCC(CC2CCC(C3CCC4CCCC4C3)CC2)CC1
C1CCC(C2CC(CCC(C3CCCCC3)C3CCCCC3)CC(C3CCCCC3)C2)CC1
C1CCC(C2CCC3CC(C4CCCC(C5CC5)C4)CCC32)CC1
C1CCC(CC2CCCC(CCCCC3CCCC3)C2)CC1
C1CCC(CC2CCCC(CCC3CCC(C4CCC(C5CCCCC5)CC4C4CCC5CCCC5C4)CC3)C2)CC1
C1CCC(CCCCCC2CCC(CC3CCC(C4CCCC(C5CCCCC5)C4)CC3)CC2)CC1
C1CCC(CCC2CCC(CC3CCCCC3)CC2)CC1
C(CCCC1CCC(CCC2CC3CCCCC3C2)CC1)CCC1CCCCC1
C1CCC(CC2CCC(CCCCC3CCCCC3C3CCCC(CC4CCCC4)C3)CC2)CC1
C1CCC(C2CCCC3CC(CC4CCCC(CC5CCC6CCCCC65)C4)CCC32)CC1
C1CCC(CCC2CCCCC2CC2CCCC2)CC1
C1CCC(CCC2CCCC(CC3CCCCC3C3CCCCC3)C2)CC1
C1CC2CCC(C3CCCC(C4CCCCC4C4CCCCC4C4CCCC4)C3)CC2C1
C1CCC(CC2CCC(C3CCCCC3CC3CCCCC3)CC2)CC1
C1CCC(CCC2CCC(C3CCCCC3)CC2)CC1
C1CCC(CC2CCC(C3CCC(C4CCC(C5CC(C6CCCCC6)C6CCCCC56)CC4)CC3)CC2)CC1
C1CCC(C2CC(CC3CCCC(CCC4CC5CCCCC5C4)C3)C3CCCCC32)CC1
C1CCC(CC2CCCCC2C2CCC(C3CCCCC3)CC2CC2CCC2)CC1
C1CCC(C2CCCC(C3CC4CCCCC4C(C4CCCC(C5CCCCC5)C4)C3)C2)CC1
C1CCC(CC2CCC(C3CC3)CC2C2CCCC(C3CCCCC3)C2)CC1
C1CCC(CCCCC2CCCCC2CCCC2CCCCC2)CC1
C1CCC(CC2CCCCC2CCCC2CCCC2)CC1
C1CCC(CC2CCCC(C3CCCCC3)C2)CC1
C1CCC(CCCC2CCC(C3CCCCC3)CC2)CC1
C1CCC(C2CCCCC2C2CCC(C3CCCC3)CC2C2CCCC2)CC1
C1CCC(CCC2CCCC(C3CCCCC3)C2)CC1
C1CCC(C2CCCCC2CC2CCCC(C3CCC4CCCC4C3)C2)CC1
C1CCC(C2CCC(CC3CC4CCCCC4C3)CC2)CC1
C1CCC(CC2CCC(CC3CCCCC3)CC2)CC1
C1CCC(C2CCCC(C3CC(C4CCCCC4)C4CCCCC34)C2)CC1
C1CCC(CCC2CCCC(C3CCCCC3)C2)CC1
C1CCC(C2CCC(CC3CCCC3)CC2C2CCC(C3CC4CCCCC4C3)CC2)CC1
C1CCC(CC2CCC(CCC3CCC(C4CCCCC4)CC3)CC2)CC1
C1CCC(C2CCC(C3CCC(CC4CCC5CCCC5C4)CC3)CC2)CC1
C1CCC(CCC2CCCCC2C2CCC3CCC(CCC4CCC5CCCCC5C4)CC3C2)CC1
C1CCC(C2CCC(C3CCCC(C4CCC(CC5CC6CCCCC6C5)CC4)C3)C2)CC1
C1CCC(C2CCC(CC3CCCCC3C3CCCCC3)CC2)CC1
C1CCC(CCC2CCC(C3CC(C4CCC4)CC(C4CC4)C3)CC2)CC1
C1CCC(C(CC2CC2)C2CCCC(C3CCCCC3C3CCC4CCCCC43)C2)CC1
C1CCC(CCC2CCC(C3CCC(C4CCCCC4CC4CCCCC4)CC3)CC2)CC1
C1CCC(C2CCCC(C3CCCCC3C3CC(C4CCCC(C5CCCC5)C4)C4CCCCC43)C2)CC1
C1CCC(C2CCC(C3CCC(C4CCCCC4)C(C4CCCCC4)C3)CC2)CC1
C1CCC(C2CCCCC2)CC1
C1CCC(CCC2CCCC(C3CCCCC3)C2)CC1
C1CCC(CC2CCC(C3CCC(C4CCCC(C5CCCCC5)C4)CC3)CC2)CC1
C1CCC(CC2CCCC(C3CCCC(C4CCC5CCCC5C4)C3)C2)CC1
C1CCC(C2CC(CC3CCCC3)CC(C3CCCCC3)C2)CC1
C1CCC(CCC2CCC(CC3CCCCC3)CC2)CC1
C1CCC(CC2CCCC(C3CCCCC3)C2)CC1
C1CCC(CC2CCC(C3CCC(CC4CCCC(CC5CCCCC5)C4)CC3)CC2)CC1
C1CCC(CC2CCC(CCCCC3CCCC(C4CCCCC4)C3)CC2)CC1
C1CCC(C2CCC(CCCC3CCCC3)CC2)CC1
C1CCC(CC2CCC(C3CCCCC3)CC2C2CCCC2)CC1
C1CCC2CC(CC3CCCC(C4CCCCC4C4CCCC4)C3)CC2C1
C1CCC(CCC2CCC(C3CCCC(C4CCCCC4)C3)CC2)CC1
C1CCC(CC2CCC(C3CCCC(C4CC4)C3)CC2)CC1
C1CCC(CCC2CCC3CCC(C4CCCCC4CC4CCCCC4)CC3C2)CC1
C1CCC(CC2CCCC(C3CCC(CC4CCCCC4)C(C4CCCCC4)C3)C2)CC1
C1CCC(CC2CCC(CC3CCC(C4CCC5CCCC5C4)CC3)CC2)C1
C1CCC(CCCCCC2CCC(C3CC(CC4CCCCC4)C4CCCCC43)CC2)CC1
C1CCC(CCC2CCCCC2C2CCCCC2)CC1
C1CCC(CC2CCCC(C3CCCCC3C3CCCCC3)C2)CC1
C1CCC(CC2CCC3CCC(CC4CCCCC4)CC3C2)CC1
C1CCC(C2CCCCC2C2CCC(C3CCCCC3C3CCCCC3)C2)CC1
C1CCC(CCCC2CCCC(C3CC4CCCCC4C(C4CCCCC4)C3)C2)CC1
C1CCC(CCCCCC2CCCC(C3CC(C4CCCCC4)C3)C2)CC1
C1CCC(CC2CCCC(CC3CCCC(C4CCCC4)C3)C2)C1
C1CCC(CCC2CCCC(CC3CCC(C4CCC(CC5CCC(C6CCCCC6)CC5)CC4)CC3C3CC3)C2)CC1
C1CCC(C2CCC(C3CCCCC3C3CCC4CCCCC43)CC2)CC1
C1CCC(CCC2CCCC(CC3CCCC(CC4CCCCC4)C3)C2)CC1
C1CCC(CC2CCC(CCC3CCCC(C4CC5CCCCC5C4)C3)CC2)CC1
C1CCC(C2CCC(C3CC(C4CCC(C5CCCCC5)CC4)C4CCCCC34)CC2)CC1
C1CCC(C2CCC(C3CCC(CC4CCCC4)C(C4CC4)C3)CC2)CC1
C1CCC(CCCC2CCC(CC3CCCCC3)CC2)CC1
C1CCC(C2CCC(CC3CCCCC3C3CCCCC3)CC2)CC1
C1CCC(CC2CCCC3CC(C4CCCCC4C4CCCCC4)CCC23)CC1
C1CCC(C2CCC(C3CCCC(C4CCCC(C5CCCC5)C4)C3)CC2)CC1
C1CCC(CC2CCC(C3CCCCC3CCCCC3CC4CCCCC4C3)CC2)CC1
C1CCC(C2CCCCC2CC2CCCCC2C2CCC3CCCC3C2)CC1
C1CCC(CCC2CCCCC2C2CCC(C(C3CCCCC3)C3CCCC3)C2)CC1
C1CCC(C2CCCCC2C2CCC3CCCC3C2)CC1
C1CCC(CC2CC(C3CCCCC3)CC(C3CCCC(C4CCCC4)C3)C2)CC1
C1CCC(CCC2CCC3C(CC4CCCCC4)CCC3C2)CC1
C1CCC(CC2CCC(C3CCC(C4CCCCC4)CC3)C2)CC1
C1CCC(CC2CCC(C3CCCCC3)CC2)CC1
C1CCC(CC2CC3CCCCC3C(C3CCCCC3)C2)CC1
C1CCC(CC2CC(C3CCCCC3)C3CCCCC23)CC1
C1CCC(CCCC2CCCCC2)CC1
C1CCC(CC2CCCCC2C2CCCCC2C2CCC3CCCC3C2)CC1
C(CCCC1CCCCC1)CCCC1CCC(CC2CCCCC2)CC1
C1CCC(CC2CCC(C3CCCC(CC4CCC4)C3)CC2)CC1
C1CCC(CC2CCC(CC3CC4CCCCC4C3)CC2)CC1
C1CCC(CCC(CC2CCC(CC3CCCCC3)CC2)C2CCCC2)CC1
C1CCC(C2CCCC(C3CCCC(C4CCCCC4C4CCCCC4)C3)C2)CC1
C1CCC(C2CCC(C3CCC4CCCC4C3)C(C3CCCCC3)C2)CC1
C1CCC(CC2CCC(C3CCCC(C4CCCC(C5CCC5)C4)C3)CC2)CC1
C1CCC(CCC2CCC(CC3CCCC(C4CCCCC4)C3)CC2)CC1
C1CCC(CC2CCCCC2CC2CCCCC2)CC1
C1CCC(C2CC(C3CCC4CCCCC43)CC3CCCCC32)CC1
C1CCC(CCCCCC2CCC(C3CCCCC3C3CCC4CCCC4C3)CC2)CC1
C1CCC(CCC2CCC(CC3CCCCC3)CC2)CC1
C1CCC(C2CCCCC2C2CCC3CCCCC3C2)CC1
C1CCC(C2CCC(C3CCCCC3)CC2)CC1
C1CCC(CCC2CCCC(C3CCCCC3C3CCCCC3)C2)CC1
C1CCC(CC2CCCC(C3CCCCC3)C2)CC1
C1CCC(C2CCCC(C3CCC4CCCCC43)C2)CC1
C1CCC(CC2CCC(C3CCCC(C4CC4)C3)CC2)CC1
C1CCC(CCC2CCCCC2CC2CCCCC2)CC1
C1CCC(CC2CCC3CCCC(C4CCCCC4)C3C2)CC1
C1CCC(C2CCCCC2)CC1
C1CCC(C2CCC(CC3CCC(C4CCC(C5CCCC(C6CCCC6)C5)C5CCCC45)CC3)CC2)CC1
C1CCC(C2CC(C3CC3)CCC2C2CCCCC2C2CCC(CCC3CC3)CC2)C1
C1CCC(CCC2CCCC(CC3CCCCC3)C2)CC1
C1CCC(C2CCCC(CC3CCCCC3C3CCC(C4CCCC(C5CCC5)C4)CC3)C2)C1
C1CCC(CCCC2CCCC(C3CCCC(CC4CCCCC4)C3)C2)CC1
C1CCC(CC2CCCCC2)CC1
C1CCC(CCCCCC2CCCC(C3CCCCC3)C2)CC1
C1CCC(CC2CCCCC2C2CCC3C(CCCC3C3CCCCC3)C2)CC1
C1CCC(C2CCC(C3CCCC(C4CCCCC4)C3)CC2)CC1
C1CCC(CCCCC2CCCC(C3CCCCC3)C2)CC1
C1CCC(CC2CCC(C3CCCC(C4CCCCC4)C3)CC2)CC1
C1CCC(CC2CCC(CC3CCCCC3)CC2)CC1
C1CCC(CC2CCC(C3CCC(C4CCCC(C5CCCC5)C4)CC3)CC2)CC1
C1CCC(C2CCC(C3CCC4CCCC4C3)C(C3CCC4CCCC4C3)C2)C1
C1CCC(CC2CCC(C3CCCC(C4CC5CCCCC5C4)C3)CC2)CC1
C1CCC(CCCC2CCCC(CC3CC(C4CCCCC4)CCC3CC3CC3)C2)CC1
C1CCC(CC2CCCC3CC(C4CCCCC4C4CCCC4)CC23)CC1
C1CCC(CCCCCC2CCC(CC3CCCCC3)CC2)CC1
C1CCC(CCC(CCC2CCC(CC3CCCCC3)CC2)C2CCCCC2)CC1
C1CCC(CCC2CCC(C3CCC4CCCC4C3)CC2)CC1
C1CCC(C2CC(CC3CCC(CCC4CCC5CCCC5C4)CC3)CC(C3CCCCC3)C2)CC1
C1CCC(CC2CCC(CCC3CCCCC3CCC3CCC(C4CCCCC4)CC3)CC2)CC1
C1CCC(C2CCC3C(CC4CCCC(CC5CC5)C4)CCC3C2)CC1
C1CCC(CC2CCCCC2C2CCC(C3CCCC(C4CCC4)C3)CC2)CC1
C1CCC(CCCC2CCC(C3CCC3)CC2C2CCCCC2)CC1
C1CCC(CC2CCC(C3CCC(CCC4CCCCC4C4CCCC4)CC3)CC2)CC1
C1CCC(C2CCC(C3CCCC4CC(C5CCCCC5C5CCC(C6CCCC6)CC5)CCC43)CC2)CC1
C1CCC(C2CCCC(C3CCC4CC(C5CCCCC5C5CCCCC5)CC4C3)C2)CC1
C1CCC(CCC2CCC(CC3CCCCC3)CC2)CC1
C1CCC(C2CCC(C3CCCCC3CC3CCCC(C4CC5CCCCC5C4)C3)C(C3CCCCC3)C2)CC1
C1CCC(CCCC2CCCC(C3CCCCC3)C2)CC1
C1CCC(CC2CCCCC2)CC1
C1CCC(CC2CCCCC2C2CCCCC2)CC1
C1CCC(CC2CCC(CC3CCCCC3CC3CCCCC3)CC2)CC1
C1CCC(CC2CCC(C3CCC(CC4CCCCC4)CC3)CC2)CC1
C1CCC(C2CCC3C(CCCC3C3CCCCC3)C2)CC1
C1CCC(CC2CCC(C3CCCC(C4CCCC4)C3)CC2)CC1
C1CCC(CCC2CCC(CC3CC(CC4CCCCC4)C4CCCCC34)CC2)CC1
C1CCC(C2CCC(CC3CCCC(C4CCCCC4)C3)CC2)CC1
C1CCC(CCCCC2CCC(CCCC3CCCCC3)CC2)CC1
C1CCC(CC(C2CCCCC2)C2CCCCC2)CC1
C1CCC(CC2CCC(CC3CCC(C4CCCCC4)CC3)CC2)CC1
C1CCC(C2CCC(C3CCC(C4CCCC(C5CCCCC5)C4)CC3)CC2)CC1
C1CCC(C2CCCC(CC3CCCC(C4CCCC4)C3)C2)CC1
C1CCC(CC2CC(C3CCCCC3)CCC2C2CCCCC2)CC1
C1CCC(CC2CCCCC2C2CCC(CCC3CCC3)CC2)CC1
C1CCC(CCC2CCC(C3CCC(CC4CCCCC4C4CCCCC4)CC3)CC2)CC1
C1CCC(CCCC2CCC(CC3CCCCC3)CC2)CC1
C1CCC(CC2CCC(C3CCCC(CC4CC5CCCCC5C4)C3)CC2)CC1
C1CCC(CCC2CCCC(C3CCCC(CC4CC5CCCCC5C4)C3)C2)CC1
C1CCC(CC2CCC(C3CCC4CCC(C5CCCCC5)CC4C3)CC2)CC1
C1CCC(C2CCCC(CCC3CCCCC3C3CCCCC3)C2)CC1
C1CCC(CCCCC2CCCC(C3CCCCC3)C2)CC1
C1CCC(C2CCC(CC3CCC4C(CCC4C4CCCCC4)C3)CC2)CC1
C1CCC(CC2CCCC(C3CCCCC3C3CCCCC3)C2)CC1
C1CCC(CC2CCC(CCC3CCCCC3CC3CCCCC3)C2)CC1
C1CCC(C2CCC(CCC3CCCC(C4CCCC4)C3)CC2C2CCCC2)CC1
C1CCC(C2CCCC(CCC3CCCC(C4CCCCC4)C3)C2)CC1
C1CCC(CCCCCC2CCC(CC3CCC(C4CC4)CC3)CC2)CC1
C1CCC(C2CCCC(CC3CC(C4CCCCC4)CCC3C3CCCCC3)C2)CC1
C1CCC(CCC(CCCCCC2CCCC2)CCC2CCCCC2)CC1
C1CCC(CC2CCCCC2)CC1
C1CCC(C2CCCC(CC3CCCC(CC4CCC(CCC5CC5)CC4)C3)C2)CC1
C1CCC(CCC(C2CCCCC2)C2CCCC(C3CCC(C4CCCC4)CC3)C2)CC1
C1CCC(CC2CCC(CCC3CCCC(CC4CCCCC4)C3)CC2)CC1
C1CCC(CCC2CCCC(CCC3CCCCC3)C2)CC1
C1CCC(CC2CC(C3CCCCC3CC3CCCCC3)C3CCCCC23)CC1
C1CCC(CC2CCCCC2CC2CC(C3CCCCC3)CC(C3CC3)C2)CC1
C1CCC(CCCC2CCCCC2)CC1
C1CCC(CC2CCC(C3CCCCC3)CC2)CC1
C1CCC(CC2CCC(CC3CC4CCCCC4C3)CC2)CC1
C1CCC(CCC2CCCC(C3CCC4CCCC4C3)C2)CC1
C1CCC(C2CC(C3CCC4CCCCC43)CC3CCCCC32)CC1
C1CCC(CCCC2CCCC(C3CCC(C4CCC(CC5CCCCC5)CC4)CC3)C2)CC1
C1CCC(CCCC2CCC(C3CCCC(CC4CC5CCCCC5C4)C3)CC2)CC1
C1CCC(C2CCC(C3CCC4C(CCCC4C4CCCCC4)C3)CC2)CC1
C1CCC(CC2CCCC(C3CCCCC3CC3CCCCC3C3CCCCC3)C2)CC1
C1CCC(C2CCCCC2C2CCC(C3CCC4CCCCC43)CC2C2CCCC2)CC1
C1CCC(CCCC2CCC(C3CCCC(C4CCCC(C5CCCCC5CC5CCCC5)C4)C3)CC2)CC1
C1CCC(CC2CCCCC2CCC2CCC(C3CCCCC3)C2)CC1
C1CCC(CC2CCC(C3CCCCC3)C(C3CCCCC3)C2)CC1
C1CCC(C2CCC(C3CC(C4CCC4)CC(C4CC4)C3)CC2)CC1
C1CCC(CC2CCC(C(C3CCCCC3)C3CCCCC3C3CCCC3)CC2)CC1
C1CCC(C2CCC(CCCCC3CC4CCCCC4C3)CC2)CC1
C1CCC(CCCCC2CCCCC2CC2CCC3CCCC(C4CCCCC4)C3C2)CC1
C1CCC(CCCC2CCCCC2C2CCCCC2)CC1
C1CCC(CC2CCC(C3CCCC(C4CCCCC4)C3)CC2)CC1
C1CCC(C2CCC(C3CCCC(C4CCCC(CCC5CCCC5)C4)C3)CC2)CC1
C1CCC(CC2CC(C3CCCCC3)CC(C3CCCC3)C2)CC1
C1CCC(C2CCC3CC(C4CCCC4)CCC3C2)CC1
C1CCC(CCCC2CCC(CC3CCC(CCCC4CCCCC4)CC3)CC2)CC1
C1CCC(CCCCC2CCCC(CC3CCC(CCC4CC4)CC3)C2)CC1
C1CCC(C2CCCC(C3CCCCC3)C2)CC1
C1CCC(C2CCC(C3CCC(C4CCCC(C5CCCCC5)C4)C4CCCC34)CC2)CC1
C1CCC(CC2CC(C3CCCCC3)C3CCCCC23)CC1
C1CCC(CCC2CCCC(CC3CCC(CC4CCCCC4C4CCCCC4)CC3)C2)CC1
C1CCC(CC2CCC(CCCC3CC(CC4CCCC4)C4CCCCC34)CC2)CC1
C1CCC(CC2CC(CC3CCCCC3)C3CCCCC23)CC1
C1CCC(C2CCC(C3CCCCC3)C(C3CCCCC3)C2)CC1
C1CCC(CC2CCCC(C3CCC4CC(C5CCC6CCCCC65)CCC4C3)C2)C1
C1CCC(CC2CCC(C3CCCCC3)CC2)CC1
C1CCC(CCC2CC(C3CCCCC3)CC(CCC3CCCC3)C2CCC2CCCCC2)CC1
C1CCC(CC2CCC(C3CCCCC3)C(CC3CCCCC3)C2)CC1
C1CCC(C2CCC(C3CCC4CC(C5CCC6CCCCC65)CCC43)CC2)CC1
C1CCC(C2CCC(C3CCC(C4CCC(CC5CCCCC5C5CCCC5)CC4)CC3)CC2)CC1
C1CCC(CCC2CCC(CC3CCCCC3)C(C3CCCCC3)C2)CC1
C1CCC(C2CCC(C(C3CCCCC3)C3CC3)CC2)CC1
C1CCC(CC2CCC(CC3CCCCC3)C(CC3CC3)C2)CC1
C1CCC(C2CC(CCC3CCC(C4CCCCC4C4CCCC4)CC3)C3CCCCC32)CC1
C1CCC(C2CCCCC2C(C2CCCCC2)C2CCCCC2)CC1
C1CCC(CCCC2CCC(CC3CCCCC3)CC2)CC1
C1CCC(CCC2C(C3CCCCC3)CC(C3CCCCC3)CC2C2CCCC2)CC1
C1CCC(CCC2CCC(C3CCC(CC4CCCCC4)CC3)CC2)CC1
C1CCC(CC2CCC(C3CCC(CC4CCCCC4)CC3C3CCCCC3)CC2)CC1
C1CCC(CC2CCC(C3CCCCC3)CC2)CC1
C1CCC(CC2CCC3CC(C4CCC5CCCCC54)CC(C4CCCCC4)C3C2)CC1
C1CCC(CCC2CCCC(CC3CCCC(C4CCCCC4)C3)C2)CC1
C1CCC(CC2CCC(CCCC3CCCC(C4CCCCC4)C3)CC2)CC1
C1CCC(CC2CCC(CC3CCCCC3)CC2)CC1
C1CCC(CCC2CCC(C3CCCCC3C3CCC4CCCC4C3)CC2)CC1
C1CCC(CC2CCC(C3CCCC(C4CCCCC4)C3)CC2)CC1
C1CCC(CCCCC2CCCC(C3CCC(CC4CCCCC4)CC3)C2)CC1
C1CCC(C2CCCC(C3CCC(C4CCCC(CC5CC5)C4)CC3)C2)CC1
C1CCC(C2CCCCC2)CC1
C1CCC(C2CCC3CCCC(C4CCCCC4)C3C2)CC1
C1CCC(C2CCCC(C3CCCCC3C3CCCCC3)C2)CC1
C1CCC(CCC2CCCCC2)CC1
C1CCC(CCCC2CCC(C3CCCCC3C3CCCCC3)CC2)CC1
C1CCC(CC2CCC(C3CC(C4CCCCC4)CC(C4CCCCC4)C3)CC2)CC1
C1CCC(CCC2CCCCC2C2CCC(CCCCC3CCCCC3CC3CC4CCCCC4C3)CC2)CC1
C1CCC(CCC2CC(CC3CCCC3)CC(C3CCCC(CC4CCCCC4)C3)C2)CC1
C1CCC(CCC2CCCC(C3CCCC(C4CCCCC4)C3)C2)CC1
C1CCC(CCC2CCC(CC3CCC(CC4CCCC(C5CCCC5)C4)CC3)CC2)CC1
C1CCC(CC(C2CCCCC2)C2CCCC(C3CCCCC3)C2)CC1
C1CCC(CC2CCC(CCC3CCCC(C4CCCC(C5CCC6CCCCC65)C4)C3)CC2)CC1
C1CCC(C2CCCC(C3CCCC(C4CCC5CCCC5C4)C3)C2)CC1
C1CCC(CCC2CCCC(C3CCC(C4CCCC4)C(C4CCC5CCCC5C4)C3)C2)CC1
C1CCC(CCCC2CCC(C3CCC(C4CCCC4)C3)CC2)CC1
C1CCC(C2CC(C3CCCCC3)C3CCCCC23)CC1
C1CCC(C2CC(CCCC3CCC4CCCCC43)CC(C3CC3)C2)CC1
C1CCC(C2CCCCC2C2CCC(C3CCCC4CCCCC43)CC2)C1
C1CCC(CCC2CCC(CCCCC3CCCC(CCC4CCCCC4)C3)CC2)CC1
C1CCC(CCCCC2CCC(CC3CCC(C4CCC(C5CC5)CC4)CC3)CC2)CC1
C1CCC(CC2CCCCC2CC2CCCC(CC(CC3CCCCC3)C3CCCCC3)C2)CC1
C1CCC(C2CCC(C3CCC4CCCC4C3)CC2)CC1
C1CCC(CC2CCC(CC3CCC4CCCCC43)CC2)CC1
C1CCC(CCCC2CCCC(C3CCC(C4CCCCC4C4CCC5CCCCC54)CC3)C2)CC1
C1CCC(C2CCCC(CCC3CC4CCCCC4C3)C2)CC1
C1CCC(C2CCCC(C3CCC(C4CCC(C5CCCC5)CC4)CC3)C2)CC1
C1CCC(CC2C(C3CCCCC3)CCC2C2CCC(CC3CCCCC3C3CCCCC3)CC2)CC1
C1CCC(CC2CCCC(CC3CCCC(CC4CCCCC4)C3)C2)CC1
C1CCC(CC2CCC(C3CCCCC3)CC2)CC1
C1CCC(C2CCCCC2C2CCC3CCCC3C2)CC1
C1CCC(CC2CCC(C3CCCC(CC4CCCCC4)C3)CC2)CC1
C1CCC(CCCCCC2CCC3CCCCC23)CC1
C1CCC(C2CCC3CCCC(C4CCC(CC5CCCC5)CC4)C3C2)CC1
C1CCC(CC2CCCCC2C2CCC3CCC(CC4CCCC4)C3C2)CC1
C1CCC(CCC2CCC(CCCCC3CCC(C4CCC4)CC3)CC2)CC1
C1CCC(CC2CCCC(C3CCCC(C4CCCC(C5CCCCC5)C4)C3)C2)CC1
C1CCC(C2CCC(C3CC(C4CCCCC4)C4CCCCC34)CC2)CC1
C1CCC(CC2CCCCC2C2CCCCC2)CC1
C1CCC(CC2CCCCC2)CC1
C1CCC(CC2CCCC(CC3CC(CC4CCCCC4)C4CCCCC34)C2)CC1
C1CCC(CCC2CCCCC2CCC2CCCCC2C2CCCCC2)CC1
C1CCC(C2CCCC(C3CCCCC3)C2)CC1
C1CCC(CCCC2CC(CC3CCCCC3)CC(CC3CC3)C2)CC1
C1CCC(CCCC2CCCC(C3CCC(CCC4CCC(C5CCC5)CC4)CC3)C2)CC1
C1CCC(CC2CCC(C3CCC(C(C4CCCCC4)C4CCC5CCCC5C4)CC3)CC2)CC1
C1CCC(C2CCCC(C3CCCC(C4CCCCC4)C3)C2)CC1
C1CCC(C2CCCCC2C2CCCC(C3CCCC3)C2)CC1
C1CCC(CCC2CCCC(C3CCCCC3)C2)CC1
C1CCC(CC2CCC(C3CCCC(C4CCCCC4)C3)CC2)CC1
C1CCC(CC2CC(C3CCC(C4CCCCC4)CC3)C3CCCCC23)CC1
C1CCC(C2CCCC(C3CCCCC3)C2)CC1
C1CCC(CC2CCC(CCCC3CCC(C4CCC(CC5CCCCC5)CC4)CC3)CC2)CC1
C1CCC(CC2CCC(CC3CCC(C4CCC(C5CCCCC5)CC4)CC3)CC2)CC1
C1CCC(CC2CCCCC2)CC1
C1CCC(CCC2CCCC(CCC3CCC(C4CCCCC4)C3)C2)CC1
C1CCC(CCC2CCCCC2C2CCC3C(CC4CCCCC4)CCCC3C2)CC1
C1CCC(C2CCCCC2C2CCC3C(CCCC3C3CCCCC3)C2)CC1
C1CCC(CCC2CCCC(C3CCCCC3)C2)CC1
C1CCC(CC2CCC(C3CCCCC3CC3CCCCC3)CC2)CC1
C1CCC(CCC2CCC3CCCCC32)CC1
C1CCC(CC2CCC(C3CCC4CCCCC4C3)C(C3CCCCC3)C2)CC1
C1CCC(CC2CCCC(C3CCCCC3CC3CCCC(C4CCCC4)C3)C2)CC1
C1CCC(CC2CCC(CCC3CCC(CC4CCC5CCCC5C4)CC3)CC2)CC1
C1CCC(CCC2CC(C3CCCCC3)CCC2C2CCCCC2)CC1
C1CCC(CCCC2CCCC(C3CCCC(C4CC(C5CCCCC5)CC(C5CCCCC5)C4)C3)C2)CC1
C1CCC(CC2CCC(C3CCCCC3CC3CCCCC3)CC2)CC1
C1CCC(C2CCC(CCC3CC4CCCCC4C3)CC2)CC1
C1CCC2CC(CC3CCC(CC4CCC(C5CCCC(C6CC7CCCCC7C6)C5)CC4)CC3)CC2C1
C1CCC(C2CCCC(C3CCCCC3C3CCC4CCCCC4C3)C2)CC1
C1CCC(CCC2CCC(CC3CCCCC3C3CCC(C4CCCCC4)CC3)CC2)CC1
C1CCC(CCC2CCCC(CC3CCCCC3)C2)CC1
C1CCC(CC2CCCC(C3CCC(C4CCCCC4)CC3)C2)CC1
C1CCC(CC2CC(CC3CCC(C4CCCC(C5CCCCC5)C4)CC3)C2)CC1
C1CCC(CC2CCCC(C3CCCCC3)C2)CC1
C1CCC(CCCC2CCCC(CC3CCCCC3)C2)CC1
C1CCC(C2CCC(CC3CCC(CCC4CC4)CC3)CC2)CC1
C1CCC(C2CCC3C(CCCC3C3CCC(C4CCCCC4C4CCCCC4)CC3)C2)CC1
C1CCC(CC2CC(CC3CCCCC3)C3CCCCC23)CC1
C1CCC(CC2CC(CCC3CCC(CC4CCC(CCC5CC5)CC4)CC3)C3CCCCC23)CC1
C1CCC(C2CCCCC2)CC1
C1CC(CCCC2CCCCC2C2CC(C3CCC(C4CCCC4)CC3)C3CCCCC32)C1
C1CCC(CCCC2CCCCC2)CC1
C1CCC(CC2CCCCC2C2CCCCC2C2CCCCC2)CC1
C1CCC(C2CCCCC2C2CCCCC2)CC1
C(CC1CC1)CC1CCC2CC(C3CCC4CCCCC43)CCC2C1
C1CCC(CCC2CCC(C3CCCCC3CC3CCCCC3)C(C3CCCC3)C2)CC1
C1CCC(C2CCCC(C3CCCCC3)C2)CC1
C(CCCC1CCCCC1)CCCC1CCC(C2CCCCC2CCC2CCCCC2)CC1
C1CCC(CCCC2CCCC(C3CCC(C4CCCC4C4CCCCC4)CC3)C2)CC1
C1CCC(CCCCC2CCCC(C3CCCCC3)C2)CC1
C1CCC(CC2CC(CC3CCCC(C4CCCCC4)C3)C3CCCCC23)CC1
C1CCC(CC2CC(CC3CCCCC3)C3CCCCC23)CC1
C1CCC(CCC2CCC(CC3CCCCC3)CC2)CC1
C1CCC(C2CC(CC3CCCC(CC4CCCC4)C3)CC(C3CC3)C2)CC1
C1CCC(CC2CCC(C3CCCC(C4CCCC4)C3)C(C3CCCC3)C2C2CCCCC2)CC1
C1CCC(C2CCCC(CC3CCCCC3C3CCCCC3)C2)CC1
C1CCC(CCC2CC(CCCC3CC3)CC(CC3CCCC3C3CCCCC3)C2)CC1
C1CCC(C2CC3CCC(CCC4CCC(C5CCC5)C(C5CCCCC5)C4)CC3C2)CC1
C1CCC(C2CCCC(C3CCC(C4CCC5CCCCC5C4)CC3)C2)CC1
C1CCC(CCC2CCCCC2C2CCCCC2)CC1
C1CCC(CC2CC(C3CCC(C4CCCCC4)CC3)C3CCCCC23)CC1
C1CCC(CC2CCCC(C3CCCCC3)C2)CC1
C1CCC(C2CCCC(C3CC(CC4CCCC4)CC(C4CCCCC4)C3)C2)CC1
C1CCC(CC2CCC(CC3CCCCC3)CC2)CC1
C1CCC(CCC2CC(CC3CCCCC3)CC(CC3CCCCC3)C2)CC1
C1CCC(CC2CCCC(C3CCC4CCCCC4C3)C2)CC1
C1CCC(CCCC2CCCCC2C2CCCCC2)CC1
C1CCC(C2CCC(C3CCCC(C4CCC5CCCCC5C4)C3)C(C3CCCCC3)C2)CC1
C1CCC(CCC2CCCC(C3CCCC(CC4CCCCC4)C3)C2)CC1
C1CCC(CCCCCC2CCCCC2C2CCC(C3CCCCC3)CC2)CC1
C1CCC(C2CCC3C(CCC3C3CCCCC3)C2)CC1
C1CCC(C2CCCCC2C2CCCC(CCC3CCCCC3C3CCC(C4CCC4)CC3)C2)CC1
C1CCC(C2CCCC(CCCC3CC(CC4CCCC4)C4CCCCC34)C2)CC1
C1CCC(CC2CCC(CCC3CCC(C4CCCCC4)CC3)CC2)CC1
C1CCC(CCC2CCCCC2)CC1
C1CCC(CCC(C2CCCC2)C2CCC(CC3CCCCC3)CC2)CC1
C1CCC(C2CCC(CCC3CCC(C4CCCC4)CC3)CC2)CC1
C1CCC(C2CCCC(CC3CCC4C(CCC4C4CCCCC4)C3)C2)CC1
C1CCC(C2CCCC2CC2CCC(CCC3CCC(C4CC4C4CCCCC4)CC3)CC2)CC1
C1CCC(C2CCCC(CC3CCCCC3CC3CC4CCCCC4C3)C2)CC1
C1CCC(CC2CCC(C3CCCC(CC4CCC5CCCCC54)C3)CC2)CC1
C1CCC(C2CCCC(CCC3CCCC(C4CCC5CCCCC5C4)C3)C2)C1
C1CCC(C2CCCC(CC3CC(C4CCCCC4)C4CCCCC34)C2)CC1
C1CCC2CC(C3CCCC(CC(C4CCCC4)C4CCCC4)C3)CCC2C1
C1CCC(CC2CCCC(C3CCCCC3)C2)CC1
C1CCC(CCC2CCC(CC3CCCCC3)CC2)CC1
C1CCC(C2CCC(CC3CCC(C4CCCC(C5CCC5)C4)CC3)CC2)CC1
C1CCC(CC2CCCCC2)CC1
C1CCC(CCC2CCC(CCCC3CCC(C4CCC(C5CCCCC5)CC4)CC3)CC2)CC1
C1CCC(CC2CCCC(CC3CC(CC4CCCC4)CC(C4CCCCC4)C3)C2)CC1
C1CCC(CC2CCC(CC3CCC(C4CCCC(CC5CC5)C4)CC3)CC2)CC1
C1CCC(CC2CCC(C3CCC(CCC4CCCC4)CC3)CC2)CC1
C1CCC(CC2CCC(C3CCCCC3)CC2)CC1
C1CCC(C2CCC(CC3CCC(C4CCC4)CC3)CC2)CC1
C1CCC(CC2CCC(CC3CCCCC3C3CCCCC3)CC2)CC1
C1CCC(CC2CCC(C3CC4CCCCC4C3)C(C3CCCCC3)C2)CC1
C1CCC(CC2CCC(C3CCCCC3)CC2CCC2CCCCC2CC2CC3CCCCC3C2)CC1
C1CCC(C2CCC(C3CCC4C(CCCC4C4CCCCC4)C3)C(C3CCCCC3)C2)CC1
C1CCC(CCC(CC2CCCC(CC3CCC3)C2)C2CCCCC2CCC2CCC(C3CCCCC3)CC2)CC1
C1CCC(CC2CCCC(C3CCCC4CCCCC43)C2)CC1
C1CCC(CC2CCC(CC3CCCCC3CC3CCCCC3)CC2)CC1
C1CCC2CC(C3CCC(CC4CCCCC4C4CCC(C5CC5)C4)CC3)CC2C1
C1CCC(C2CCCCC2)CC1
C1CCC(CC2CC(CC3CCCCC3)CC(C3CCCC(C4CCCCC4)C3)C2)CC1
C1CCC(CC2CC(C3CCCCC3)C3CCCCC23)CC1
C1CCC(C2CCC(CC3CCCC(C4CCCC(C5CCCCC5)C4)C3)CC2)CC1
C1CCC(CC2CCC3CCC(C4CCCC(CC5CCC(CC6CCCC6)CC5)C4)C3C2)CC1
C1CCC(CC2CCC(C3CCCC(C4CCCCC4)C3)CC2)CC1
C1CCC(CC2CCC(CC3CCCCC3)CC2)CC1
C1CCC(CC2CCCC(C3CCC(C4CCCC(C5CCCCC5)C4)CC3)C2)CC1
C1CCC(CC2CC(C3CCC4CCCCC43)C3CCCCC23)CC1
C1CCC(CCC2CCCC(C3CCCC(CCC4CCCC4)C3)C2)CC1
C1CCC(CC2CCC(CCCC3CCC(CC4CCCCC4)CC3)CC2)CC1
C1CCC(CC2CCCC(CCC3CCCC(C4CCCCC4)C3)C2)CC1
C1CCC(CCCC2CC(C3CCCCC3)C(C3CCCCC3)C(C3CCC3)C2)CC1
C1CCC(CCCCC2CC(C3CCCCC3)CCC2C2CCCCC2)CC1
C1CCC(CC2CCC(CCCC3CCC(C4CCC4)C(C4CCCC(C5CCC6CCCCC6C5)C4)C3)CC2)CC1
C1CCC(CCCCC2CCC(C3CCCCC3)CC2)CC1
C1CCC(CCCC2CCC(CC(CC3CCCCC3)C3CCCCC3)CC2)CC1
C1CCC(C2CCC3CCCCC32)CC1
C1CCC(C2CC(C3CCCCC3)C(C3CCCCC3)C3CCCC23)CC1
C1CCC(C2CCCC(C(C3CCCCC3)C3CC3)C2)CC1
C1CCC2C(C1)CCC2CCC1CCC(CC2CCC(CC3CCCC4CCCCC43)CC2)CC1
C1CCC(CC2CCCC(CCC3CC3)C2)CC1
C1CCC(CC2CC(CC3CCCCC3)CC(C3CCCCC3)C2)CC1
C1CCC(C2CCC(CC3CCC(CC4CCC(C5CCCCC5)CC4)CC3)CC2)CC1
C1CCC(CCCC2CCC(CC3CCC(CCCC4CCCCC4)CC3)CC2)CC1
C1CCC(C2CCC(C(C3CCCCC3)C3CC3)CC2)CC1
C1CCC(CC2CCC(C3CCCCC3C3CCC(CC4CCCC(C5CCCC5)C4)CC3)CC2)CC1
C1CCC(CC2CC(C3CCCCC3)C(C3CCCCC3)C(C3CCC3)C2)CC1
C1CCC(CC2CCC(CCC3CCC(C4CCC(CC5CCCCC5)CC4)CC3)CC2)CC1
C1CCC(C2CCCC(CC3CCC4CCC(C5CCCCC5)CC43)C2)CC1
C1CCC(CC2CCC(CC3CCC(C4CCC5CCCCC54)CC3)CC2)CC1
C1CCC(C2CCCC(C3CCC(C4CCCC5CC(C6CC7CCCCC7C6)CCC54)C3)C2)CC1
C1CCC(CCC2CCC(C3CCC4CCCCC43)CC2)CC1
C1CCC(C2CCCCC2)CC1
C1CCC(C2CCCC(CC3CCCC(CC4CCC5CCCCC5C4)C3)C2)CC1
C1CCC(CC2CCC(C3CCC(CCC4CCCC(C5CCCCC5)C4)CC3)C2)CC1
C1CCC(CCCCC2CCC(CC3CCCC(C4CCCCC4)C3)CC2)CC1
C1CCC(CCCC2CCC(CC3CCCCC3)CC2)CC1
C1CCC(CC2CCC(CC3CC(CC4CCCCC4)C4CCCCC34)CC2)CC1
C1CCC(CC2CCC(C3CCCCC3)CC2)CC1
C1CCC(CCC2CCC(CCCC3CC(C4CCCCC4)CC(C4CCCC4)C3)CC2)CC1
C1CCC(CC2CCC(C3CCCCC3)CC2C2CCCCC2)CC1
C1CCC(C2CCCCC2C2CCC3C(CCCC3C3CC4CCCCC4C3)C2)CC1
C1CCC(C2CCCC(C3CCCC4CCCCC43)C2)CC1
C1CCC(CCCC2CCC(C3CCCCC3)CC2)CC1
C1CCC(CC2CCCC(CC3CC(CC4CCCCC4)C4CCCCC34)C2)CC1
C1CCC(CC2CCC(C3CCC(C4CCCCC4)CC3)CC2)CC1
C1CCC(C2CCCC(C3CCCCC3)C2)CC1
C1CCC(C2CCC(CC3CCC(CC4CCCCC4C4CCCC4)CC3)CC2)CC1
C1CCC(C2CCCC(CCCC3CCCC(C4CCCCC4)C3)C2)CC1
C1CCC(CCC2CCCC(C3CCCC(CCC4CCCC4)C3)C2)CC1
C1CCC(CC2CC(C3CCCCC3)CC(C3CCCC3)C2)CC1
C1CCC(C2CCC(CCC3CCCC3)CC2)CC1
C1CCC(CC2CC3CCC(CCC4CC5CCCCC5C4)CC3C(C3CCCCC3)C2)CC1
C1CCC(CCC2CCC(C3CCCCC3)CC2)CC1
C1CCC(CCCC2CCC3CC(C4CCC5CCCCC54)CC(C4CCCCC4)C3C2)CC1
C1CCC(CCCC2CCC(C3CCCCC3)CC2)CC1
C1CCC(CC2CCCCC2)CC1
C1CCC(CCC2CCCC(C3CCCC(C4CCCCC4)C3)C2)CC1
C1CCC(CCCC2CCC(CC3CCC(C4CCCCC4)CC3)CC2)CC1
C1CCC(CCCC2CCC(CCCC3CCC(C4CCCCC4)CC3)CC2)CC1
C1CCC(C2CCC(CC3CCC(C4CCCC4)CC3)CC2)CC1
C1CCC(CC2CCCC(C3CCCCC3C3CCCCC3)C2)CC1
C1CCC(C2CCCC(C3CCC4CCCCC43)C2)CC1
C1CCC(C2CCCC(CC3CCCC(CCC4CC5CCCCC5C4)C3)C2)CC1
C1CCC(CCC2CCC(CCC3CCCC(C4CCCCC4)C3)CC2)CC1
C1CCC(CC2CCC(CC3CCCCC3)CC2)CC1
C1CCC(CCCCCC2CCC(C3CCCCC3)CC2)CC1
C1CCC(CC2CCCCC2)CC1
C1CCC(C2CCCC(C3CCC(C4CCCC(C5CCC6CCCCC6C5)C4)C3)C2)CC1
C1CCC(C2CC(C3CCCCC3)CC(C3CCCCC3)C2)CC1
C1CCC(CC2CCC(C3CCCC(C4CC4)C3)CC2)CC1
C1CCC(C2CCC(CC3CCC(CCCCC4CCCC(CC5CCCC5C5CCCCC5)C4)CC3)CC2)CC1
C1CCC(CCC(C2CCC(C3CCCCC3)CC2)C2CC3CCCCC3C2)CC1
C1CCC(CC2CCC(CC3CCCC(C4CCCCC4)C3)CC2)CC1
C1CCC(CCCCCC2CCCC(C3CCCCC3)C2)CC1
C1CCC(CC2CCCCC2)CC1
C1CCC(C2CCCC(C(C3CCCC(C4CCCCC4)C3)C3CCC4CCCCC4C3)C2)CC1
C1CCC(C2CCCCC2CC2CC(CC3CC3)CC(C3CCCC(CC4CCCC5CCCCC54)C3)C2)CC1
C1CCC(CC2CCC(CC3CCCCC3CC3CCCCC3)CC2)CC1
C1CCC(CC2CCCC(CC3CC4CCCCC4C3)C2)CC1
C1CCC(CC2CCC(C3CCCC3CC3CCCC(CC4CCCCC4)C3)CC2)CC1
C1CCC(CCC2CCC(CC3CCCCC3C3CCC(CC4CCCCC4)CC3)CC2)CC1
C1CCC(CC2CCC(C3CCCCC3)CC2)CC1
C1CCC(CCC2CCC3C(CC4CCCCC4)CC(C4CCCCC4)C3C2)CC1
C1CCC(CCCC2CCCC(C3CCCCC3)C2)CC1
C1CCC(C2CCCC(CCC3CC(C4CCC4)CC(C4CCCC(C5CCCCC5)C4)C3)C2)CC1
C1CCC(CC2CCC(C3CCCCC3)C(C3CCCCC3C3CCCC3)C2)CC1
C1CCC(CC2CCC(CC3CCCC(C4CCC5CCCCC54)C3)CC2)CC1
C1CCC(CC2CCC(CCC3CCCC(C4CCCCC4)C3)CC2)CC1
C1CCC(CC2CCCCC2CCC2CCCC(C3CC4CCCCC4C3)C2)CC1
C1CCC(CC2CCCC(CC3CCC4CCCCC43)C2)CC1
C1CCC(CC2CCC(C3CCC(CC4CCCCC4)C3)CC2)CC1
C1CCC(CC2CCCC(C3CCCCC3)C2)CC1
C1CCC(CCCCCC2CCCC(CC3CCCCC3)C2)CC1
C1CCC(CCCC2CCC(C3CCCCC3)CC2)CC1
C1CCC(CCCCC2CCCC(C3CCCCC3)C2)CC1
C1CCC(C2CCC(CC3CCCC(C4CC5CCCCC5C4)C3)CC2)CC1
C1CCC(CC2CCC(CCC3CCC(C4CCCCC4)CC3)CC2)CC1
C1CCC(CC2CCC(CC3CCC(C4CCCC4)CC3)CC2)CC1
C1CCC(C2CCCC3CC(C4CCCCC4CCC4CCCC4)CCC32)CC1
C1CCC(C2CCCC(C3CCCC(C4CCCC5CCCCC54)C3)C2)CC1
C1CCC(CC2CC(C3CCC(C4CCC(C5CCCCC5)C4)CC3)C3CCCCC23)CC1
C1CCC(CC2CCCCC2C2CCC(C3CCC(C4CCCCC4)CC3)CC2)CC1
C(CCCC1CC2CCCCC2C1)CCC1CCC(C2CC(CC3CCCCC3)CCC2C2CCCCC2)CC1
C1CCC(CC2CCC(C3CCCCC3)CC2)CC1
C1CCC(C2CCC(C3CC(C4CCCC(C5CCCCC5)C4)C4CCCCC34)CC2)CC1
C1CCC(CCCC2CCC(CCC3CCC(C4CCCCC4)CC3)CC2)CC1
C1CCC(CCCC2CC(C3CCCCC3)C3CCCCC23)CC1
C1CCC(CCC2CCC(C3CCCC(CC4CCCCC4)C3)CC2)CC1
C(CCCC1CCC2CCCCC2C1)CCC1CCC(C2CCCC(C3CCC3)C2)CC1
C1CCC(CCC2CCC(CC3CCCCC3)CC2)CC1
C1CCC(CC2CCC(C3CCCCC3)CC2CC2CC3CCCCC3C2)CC1
C1CCC(CC2CCCC(CC3CC(CC4CCCCC4)C4CCCCC34)C2)CC1
C1CCC(CCC2CCCC(CC3CCCCC3)C2)CC1
C1CCC(CCCC2CCC(CC3CCCCC3)CC2)CC1
C1CCC(CCC2CCCC(CC3CC4CCCCC4C(C4CCCCC4)C3)C2)CC1
C1CCC(CC2CCC(CCC3CCCCC3CC3CCC(CC4CC4)CC3)C(C3CCCC3)C2)CC1
C1CCC(CC2CCC(C3CCC(C4CCCCC4)CC3)CC2)CC1
C1CCC(CC2CCC(CC3CCC(C4CCC(CC5CCCCC5)CC4)CC3)CC2)CC1
C1CCC(CCCCCC2CCC(C3CCC(CCC4CCCC4)CC3)CC2)CC1
C1CCC(CC2CC(C3CCCCC3)CCC2CCCC2CCC(CC3CCCC3)CC2)CC1
C1CCC(CCCC2CCC(C3CCCCC3C3CCCC(C4CCCCC4)C3)CC2)CC1
C1CCC(CC2CCC(C3CC4CCCCC4C(C4CCCCC4)C3)CC2)CC1
C1CCC(CC2CCC(CC3CCCCC3C3CCCCC3)CC2)CC1
C1CCC(C2CCC(C3CCC(CCC4CCCC4)CC3)CC2)CC1
C1CCC(C2CCCCC2C2CCCCC2C2CCCC(CC3CC3)C2)CC1
C1CCC(CC2CCC(CC3CCCCC3)CC2)CC1
C1CCC(C2CCCC(CC3CC4CCCCC4C3)C2)CC1
C1CCC(C2CCCC(C3CCC(CC4CCC5CCCCC54)CC3)C2)CC1
C1CCC(CC2CCCCC2CC2CCC(CCCCC3CC3)CC2)CC1
C1CCC(CCC2CCC(C3CCCC(CC4CCCC4)C3)CC2)CC1
C1CCC(CC2CCCC(C3CCCCC3)C2)CC1
C1CCC(CCC2CCCCC2C2CCC(C3CCC3)CC2)CC1
C1CCC(CC2CCCCC2C2CCCCC2)CC1
C1CCC(CC2CCCC(CC3CCC4CCCCC4C3)C2)CC1
C(CC1CC2CCCCC2C1)CC1CCCC(C2CCCC(C3CCCC3)C2)C1
C1CCC(CCC2CCCC(CC3CCC(C4CCCCC4)C3)C2)CC1
C1CCC(CCCC2CCCCC2C2CCCCC2)CC1
C1CCC(CC2CCC(C3CCCC(C4CCCCC4)C3)CC2)CC1
C1CCC(CCC2CCC(CC3CCC(C4CCCCC4)C3)CC2)CC1
C1CCC(C2CCCC(CCCCC3CCC(C4CCCC4)CC3)C2)CC1
C1CCC(CC2CCCC(C3CCCCC3)C2)CC1
C1CCC(C2CCCCC2C2CCCCC2C2CCCC2)CC1
C1CCC(C2CCC(CC3CCC(CC4CCC(CC5CC5)CC4)CC3)CC2C2CCCC2)CC1
C1CCC(C2CCC(CC3CCCC(C4CCCC5CC(C6CCCCC6)CCC54)C3)CC2)CC1
C1CCC(CC2CCC(C3CCCCC3CC3CCCCC3)CC2)CC1
C1CCC(C2CCC(CC3CCCC(C4CCCCC4)C3)CC2)CC1
C1CCC(CC2CCC(CCC3CCC(C4CCC4)CC3)CC2)CC1
C1CCC(CC2CCCC(C3CCCC(C4CCCCC4)C3)C2)CC1
C1CCC(C2CCC(C3CCCCC3)C2CC2CCCCC2C2CCCC2)CC1
C1CCC(CCC2CCCCC2CCC2CC3CCCCC3C2)CC1
C1CCC(CC2CCCC(C3CCCCC3)C2)CC1
C1CCC(C2CCCC(CCC3CCCC4CC(C5CCCCC5)CCC34)C2)CC1
C1CCC(CCCC2CCC(C3CCCCC3)CC2CC2CC3CCCCC3C2)CC1
C1CCC(CC2CC(CCCC3CCC(C4CCCCC4)CC3)C3CCCCC23)CC1
C1CCC(C2CCC(CCC3CCCCC3C3CCCCC3)CC2)CC1
C1CCC(C2CCCCC2CC2CC(CC3CCCC(C4CCC4)C3)C3CCCCC23)CC1
C1CCC(CCCCC2CCCCC2)CC1
C1CCC(CCC2CCCCC2C2CCCCC2)CC1
C1CCC(CCC2CCCC(CC3CCCC(C4CCCCC4)C3)C2)CC1
C1CCC(CC2CC(CC3CCC(CC4CCC5CCCCC5C4)CC3)C3CCCCC23)CC1
C1CCC(C2CCC(C3CCCC3)CC2)CC1
C1CCC(CCCC2CCC(CC3CCC(C4CCCCC4)CC3)CC2)CC1
C1CCC(C2CCCCC2C2CCC3C(CCC3C3CCCC3)C2)CC1
C1CCC(CC2CCC(CCCC3CCC(C4CCCCC4)CC3)CC2)CC1
C1CCC(C2CCC(C3CCC(C4CCCC4)CC3)C2)CC1
C1CCC(CCC2CCCC(C3CCCC(CCCC4CCCC4)C3)C2)CC1
C1CCC(CC2CCC(C3CCC(C4CCC(CC5CCCC5)CC4)CC3)CC2)C1
C1CCC(CC2CCC(C3CCCC(C4CCCCC4)C3)CC2)CC1
C1CCC(C2CCCCC2C2CCC(C3CC(CC4CCCC4)C4CCCCC43)CC2)CC1
C1CCC(CC2CC(CCC3CCC(C4CCCCC4)CC3)C3CCCCC23)CC1
C1CCC(CCCC2CCC(CC3CCC(C4CCCCC4)CC3)CC2)CC1
C1CCC(C2CCC(C3CCC(C4CCCC(CCC5CCCC5)C4)CC3)C2)CC1
C1CCC(CCCC2CCC(CCC3CCC(CC4CC5CCCCC5C4)CC3)CC2)CC1
C1CCC(C2CCCCC2C2CCCCC2)CC1
C1CCC(CCCC2CC(C3CCCCC3)CC(C3CCC3)C2)CC1
C1CCC(C2CCCC(CC3CCC4CC(C5CCCC(C6CCC7CCCCC76)C5)CCC4C3)C2)C1
C1CCC(C2CCCC(CC3CC(C4CCCC4)C4CCCCC34)C2)CC1
C1CCC(C2CCCC(CC3CC(C4CCCCC4)C4CC(C5CCC6CCCCC65)CCC34)C2)CC1
C1CCC(CCC2CCC(C3CCCCC3)CC2)CC1
C1CCC(CC2CCC(C3CCCC(CC4CCC(CCCC5CCCC5)CC4)C3)CC2)CC1
C1CCC(CCCC2CCC(C3CCCCC3)CC2)CC1
C1CCC(CCC(CCC2CCC(C3CCCCC3)C(C3CC3)C2)C2CCCCC2)CC1
C1CCC(CCC2CCCC(CCC3CCCC(C4CCCCC4)C3)C2)CC1
C1CCC(CCC2CCC(CC3CCCC4CC(C5CCCCC5)CCC34)CC2)CC1
C1CCC(CC2CCC(C3CCC4CCCCC43)C(C3CCCCC3)C2)CC1
C1CCC(C2CCCC(C3CCCCC3)C2)CC1
C1CCC(CCCC2CCCC(C3CCCCC3)C2)CC1
C1CCC(C2CCCC(C3CCCC(C4CCCC(C5CCC5)C4)C3)C2)C1
C1CCC(C2CCC(CCCC3CCC(C4CCCC(C5CCCCC5)C4)CC3)CC2)CC1
C1CCC(CCC2CCCC(CC3CCCCC3)C2)CC1
C1CCC(CC2CCC(C3CC4CCCCC4C3)CC2)CC1
C1CCC(CCC2CCCCC2C2CCCC3CC(CC4CC5CCCCC5C4)CCC32)CC1
C(CCCCCC1CCCC(CC2CCCCC2)C1)CCCCC1CCCCC1
C1CCC(CCC2CCC(C3CCCCC3)C(CCC3CCCCC3)C2)CC1
C1CCC(C2CCC(CC3CCC(CCCC4CC4)CC3)CC2)CC1
C1CCC(C2CCCC(C3CCCC(C4CCCCC4)C3)C2)CC1
C1CCC(CCCC2CCC(CC3CCC(CCC4CCCCC4)CC3)CC2)CC1
C1CCC(C2CCCCC2C2CCC(C3CCC(CC4CCCC(CC5CCC6CCCCC65)C4)CC3)CC2)CC1
C1CCC(CCC2CCC(C3CCCCC3)C(C3CCC4CCCC4C3)C2)CC1
C1CCC(C2CCC(C3CC(C4CCCC4)C4CCC(C5CCCCC5)CC34)CC2)CC1
C1CCC(CCCC2CCC3CC(CCC4CCCCC4)CC(C4CCCCC4)C3C2)CC1
C1CCC(CC2CCCC2C2CCCC(C3CCCCC3)C2)CC1
C(CCCCC1CCCCC1)CCCC1CCCCC1
C1CCC(C2CCC(C3CCC(CCCCC4CCCC4)CC3)CC2)CC1
C1CCC(C2CCC(C3CCC(CC4CC(C5CCCCC5)C5CCCCC45)CC3)CC2)CC1
C1CCC(CCC2CCC(C3CCCC(C4CCCC4)C3)CC2)CC1
C1CCC(CCC2CCC(C3CCC(C4CCCCC4)CC3)C(C3CCCCC3)C2)CC1
C1CCC(CC2CCCC(CCC3CCCC3C3CCCCC3)C2)CC1
C1CCC(CCCC2CCC(CC3CCCCC3)CC2)CC1
C1CCC(CCC2CCC(C3CCC(CC4CCCCC4)CC3)CC2)CC1
C1CCC(CCCCC2CCCC(C3CCCCC3)C2)CC1
C1CCC(CCCC2CCC(CC3CCC(CC4CCCCC4)CC3)CC2)CC1
C1CCC(C2CCC3C(CCCC3C3CCCC(CC4CCC(CC5CC6CCCCC6C5)CC4)C3)C2)CC1
C1CCC(CCCCC(CCCC2CCCCC2)CC2CCCCC2)CC1
C1CCC(CC2CCCCC2C2CCCCC2C2CCC3CCCCC32)CC1
C1CCC(CC2CCCC(CC3CC(CC4CCCCC4)C4CCCCC34)C2)CC1
C1CCC(CC2CCCC(CC3CCCCC3)C2)CC1
C1CCC(CC2CCC(C3CCCCC3)CC2)CC1
C1CCC(CC2CCC(C3CCCCC3)CC2)CC1
C1CCC(CC2CCCC(CCC3CCC(CC4CC5CCCCC5C4)CC3)C2)CC1
C1CCC(C2CCC(C3CCCC(C4CCCCC4)C3)CC2)CC1
C1CCC(C2CCC(C3CCCC(C4CCC(C5CC5)CC4)C3)CC2)CC1
C1CCC(CCCCC2CCCC(C3CCCC(C4CCCCC4)C3)C2)CC1
C1CCC(CCC2CCC(CCC3CCC(CC4CCCCC4)CC3)CC2)CC1
C1CCC(CC2CCC(C3CCC(C(CC4CCCC4)C4CCCCC4)CC3)C2)CC1
C1CCC(C2CCC(C3CC(C4CCCC(CC5CCC6CCCCC65)C4)C4CCCCC34)C2)CC1
C1CCC(CC2CCC(CC3CCCCC3)CC2)CC1
C1CCC(CCC2CCCCC2)CC1
C1CCC(CC2CCCC(C3CCCCC3)C2)CC1
C1CCC(C2CCCC(C3CCCCC3)C2)CC1
C1CCC(CC2CCC(CCCC(C3CCCCC3)C3CCCCC3)CC2)CC1
C1CCC(CCC2CCC(CC3CCCCC3)CC2)CC1
C1CCC(CCC2CCC(C3CCC(CCC4CCCCC4C4CCCCC4)CC3)CC2)CC1
C1CCC(CCCC2CCCCC2)CC1
C1CCC(CCC2CCC(CCC3CCCCC3)CC2)CC1
C1CCC(C2CCC(C3CCC(C4CCC(C5CCCC(C6CCCC6)C5)CC4)CC3)CC2)CC1
C1CCC(CCCC2CCC(C3CCC(CC4CCCCC4)CC3)CC2)CC1
C1CCC(CC2CCC(C3CCCCC3C3CCC4CCCCC4C3)CC2)CC1
C1CCC(CCCC2CCC(CC3CCCC(C4CCC5CCCCC54)C3)CC2)CC1
C1CCC(CC2CCC(C3CCCC(CC4CCCCC4)C3)CC2)CC1
C1CCC(CC2CCC(C3CCCCC3)C(CC3CCCCC3)C2)CC1
C1CCC(CCCC2CCC(C3CCCCC3)CC2)CC1
C1CCC(C2CCC(C3CCCC(CC4CC4)C3)CC2)CC1
C1CCC(CCC2CCCCC2CC2CCCCC2)CC1
C1CCC(CC2CCCC(CCC3CCC(C4CC4)CC3)C2)CC1
C1CCC(C2CCC(CCC3CCCCC3C3CCCC3)CC2)CC1
C1CCC(CCCC2CCCC(C3CCCCC3)C2)CC1
C1CCC(C2CCCC(CCCC3CCC(C4CCC5CCCCC54)CC3)C2)CC1
C1CCC(CCC2CCC(CC3CCC(C4CCCCC4)CC3)CC2)CC1
C1CCC2CC(C3CCC(C4CCCC(CC5CCC6CCCC6C5)C4)CC3)CCC2C1
C1CCC(CCCCC2CCC(CC3CCC(C4CCCC(CC5CC5)C4)CC3)CC2)CC1
C1CCC(CCCCCC2CCC(CC3CCCC(C4CCCCC4)C3)CC2)CC1
C1CCC(CCCCCC2CCCCC2C2CCCCC2C2CCCCC2)CC1
C1CCC(C2CCC(C3CCCCC3)CC2)CC1
C1CCC(CCC2CCC(C3CCCCC3)CC2)CC1
C1CCC(CCC2CCC(CC3CCCCC3C3CCCCC3)CC2)CC1
C1CCC(CCC2CCC3CCC(C4CCCCC4)C3C2)CC1
C1CCC(CCCC2CCC(CCC3CCCCC3C3CCC4CCCC4C3)CC2)CC1
C1CCC(CC2CCC(C3CCCCC3)CC2)CC1
C1CCC(CC2CCCC(CC3CCC(C4CCCC(CC5CCCCC5)C4)CC3)C2)CC1
C1CC(C2CCC(C3CCCCC3C3CCC4CCCCC4C3)CC2)C1
C1CCC(CC2CCC(C(C3CCCCC3)C3CCCCC3)CC2)CC1
C1CCC(CCC2CC(CCC3CC4CCCCC4C3)CCC2C2CCCCC2)CC1
C1CCC(CC2CCCCC2C2CCC3CCCCC3C2)CC1
C1CCC(CC2CCC(C3CCCC(CC4CCCCC4)C3)CC2)CC1
C1CCC(CCCC2CCC(CC3CCC(CCC4CCCCC4)CC3)CC2)CC1
C1CCC(C2CCC(CC3CCCC(C4CCCCC4)C3)CC2)CC1
C1CCC(CC2CCC(CC3CCCCC3)CC2)CC1
C1CCC(C2CCC(C3CCCCC3C3CCC4CCCCC4C3)CC2)CC1
C1CCC(CCCC2CCCC(C3CCCCC3C3CCCCC3)C2)CC1
C1CCC(CC2CCC(CC3CCCC(CC4CCCCC4)C3)CC2)CC1
C1CCC(CC2CCC(CC3CCCCC3)CC2)CC1
C1CCC(CCC2CCCCC2CC2CCCCC2C2CCCCC2)CC1
C1CCC(CC2CCC(C3CCCCC3)CC2CCCC2CC2)CC1
C1CCC(CCCCC2CCC(CC3CCC(CC4CCCCC4)CC3)CC2)CC1
C1CCC(C2CCC(C3CC(C4CCCCC4)CC(C4CCCC4)C3)CC2)CC1
C1CCC(CCC2CCC(CC3CCC(C4CCCCC4)CC3)CC2)CC1
C1CCC(CC2CCC(CC3CCC(C4CCC(CC5CCCCC5)CC4)CC3)CC2)CC1
C1CCC(CCCC2CC(CC3CCCCC3)C3CCC(CC4CCCCC4)CC23)CC1
C1CCC(CC2CCC(C3CCCCC3)CC2)CC1
C1CCC(C2CCC(CC3CCCC(C4CCCC(C5CCC6CCCC6C5)C4)C3)CC2)CC1
C1CCC(CCC2CCC(C3CCCCC3)CC2)CC1
C1CCC(CCCC2CCCC(C3CCCCC3)C2)CC1
C1CCC(C2CCCCC2C2CCCCC2)CC1
C1CCC(C2CCC3C(CCCC3C3CCCCC3)C2)CC1
C1CCC(C2CC(CCCC3CC4CCCCC4C3)CC(C3CCCCC3)C2)CC1
C1CCC(C2CCC(C3CCCC(CC4CC5CCCCC5C4)C3)CC2)CC1
C1CCC(CCC2CCC(CCC3CC(CC4CCCCC4)C4CCCCC34)CC2)CC1
C1CCC(CC2CCC(CC3CCC(C4CCCCC4)CC3)CC2)CC1
C1CCC(C2CCC(C3CCC(CCCC4CCC(C5CCCC5)CC4)CC3)CC2)CC1
C1CCC(CC2CCC3CC(C4CCCCC4)CCC23)CC1
C1CCC(CCC2CCC(C3CCCCC3)CC2)CC1
C1CCC(CCC2CCCC(C3CC(C4CCCCC4)CC(C4CCCC(CC5CC5)C4)C3)C2)CC1
C1CCC(CC2CCC(C3CCCCC3)CC2CCC2CC3CCCCC3C2)CC1
C1CCC(C2CCC(C3CCCCC3)CC2)CC1
C1CCC(CC2CCC(C3CCCCC3C3CCC4CCCC4C3)CC2)CC1
C(CCCC1CCCCC1)CCCC1CC2CCCCC2C1
C1CCC(C2CCC3CCCC(C4CCCCC4)C3C2)CC1
C1CCC(C2CCC(CCC3CCC(CC4CC(CC5CCCC5)C5CCCCC45)CC3)CC2)CC1
C1CCC(C2CCCCC2C2CC3CCCCC3C2)CC1
C1CCC(C2CCC(C3CCC(C4CCCC4)CC3)CC2)CC1
C1CCC(CC2CCCC(CC3CC(C4CCCCC4)C4CCCCC34)C2)CC1
C1CCC(C2CCC3CCCCC3C2)CC1
C1CCC(CC2CCC(C3CCC(C4CC(C5CCCCC5)C5CCCCC45)CC3)CC2)CC1
C1CCC(CCC2CCC(CCC3CCC(CC4CCCCC4)CC3)CC2)CC1
C1CCC(CCC2CCCC(CCC3CCCCC3)C2)CC1
C1CCC(C2CCC(CC3CCC(C4CCCCC4)CC3)CC2)CC1
C1CCC(CCCCC2CCCC(CC3CCCCC3)C2)CC1
C1CCC(CC2CCC(C3CCCC3C3CCCCC3)CC2)CC1
C1CCC(CCCC2CC(C3CCCCC3)CC(C3CCCC3C3CCCCC3)C2)CC1
C1CCC(CCC2CCC(C3CCCCC3)C(C3CCCCC3)C2)CC1
C1CCC(CCC2CCC(C3CC(C4CCCCC4)C4CCCCC34)CC2)CC1
C1CCC(C2CCCC(C3CCCCC3C3CCCCC3)C2)CC1
C1CCC(CC(C2CCCCC2)C2CCCC(C3CCCCC3)C2)CC1
C1CCC(CCC2CCCC(CC3CCCCC3)C2)CC1
C1CCC(C2CCC(CCCC3CCCC(C4CCCCC4)C3)CC2)CC1
C1CCC(CC2CC(C3CCCCC3)C3CCCCC23)CC1
C1CCC(C2CCC(CC3CCCC(C4CCCCC4)C3)CC2)CC1
C1CCC(CCCC2CCC(CC3CCCC(C4CCC(C5CCC6CCCCC6C5)CC4)C3)CC2)CC1
C1CCC(CC2CCC(C3CCCCC3C3CCC(CC4CCCCC4)CC3)CC2)CC1
C1CCC(CC2CCCC(C3CCCC(CC4CCCCC4)C3)C2)CC1
C1CCC(CC2CCC(C3CCCCC3)CC2)CC1
C1CCC(CCCCC2CCC(C3CCCCC3CC3CCCCC3)CC2)CC1
C1CCC(C2CCCC(C3CCCCC3)C2)CC1
C1CCC(CCCCC2CCCC(C3CCCCC3)C2)CC1
C1CCC(CC2CCCCC2C2CCCC(C3CCCCC3)C2)CC1
C1CCC(CC2CCCC(C3CCCCC3C3CCCCC3)C2)CC1
C1CCC(CC2CCC(CC3CCC(C4CCCCC4)CC3)CC2)CC1
C1CCC(C2CCCC(C3CCCCC3CC3CCCC3)C2)CC1
C1CCC(CCC2CCC3CC(C4CCCCC4C4CCCCC4)CCC23)CC1
C1CCC(CCCC2CCCC(CC3CCCCC3)C2)CC1
C1CCC(CC2CCC(CC3CCC(CC4CCCC4)CC3)CC2)CC1
C1CCC(CC2CCC(CC3CCC(C4CCCCC4)CC3)C(CC3CCCCC3)C2)CC1
C1CCC(CCCCCC2CCC3C(CCC3C3CCCC3)C2)CC1
C1CCC(C2CCCC(C3CCCC(C4CCCC(C5CCCC5)C4)C3)C2)CC1
C1CCC(CC2CCC(CC3CCCCC3CC3CCCC3)CC2C2CCCCC2)CC1
C1CCC(CC2CCC(C3CCCCC3CC3CC4CCCCC4C3)CC2)CC1
C1CCC(CC2CCC3C(CC4CCCCC4)CC(C4CCCCC4)C3C2)CC1
C1CCC(CCC2CCC(CCCCC3CCC(CC4CCCCC4)CC3)CC2)CC1
C1CCC(CCC2CCC(CCC3CCC(CC4CCCCC4)CC3)CC2)CC1
C1CCC(C2CCCC(C3CCCCC3)C2)CC1
C1CCC(CC2CCC(CC3CCC(CCC4CCC(C5CC5)CC4)CC3)CC2)CC1
C1CCC(CC2CCCC(CC3CCCCC3C3CCCCC3)C2)CC1
C1CCC(CCC2CCC(C3CCCC(C4CCCCC4)C3)CC2)CC1
C1CCC(CC2CCC(C3CCC(CCCC4CCCC4)CC3)CC2)CC1
C1CCC(CC2CCC(C3CCCC3)CC2)CC1
C1CCC(C2CCCC(CCCC3CCC(C4CCCC(C5CCCC5)C4)CC3)C2)CC1
C1CCC(CC2CCC(CCC3CCC(C4CCCCC4)CC3)CC2)CC1
C1CCC(CC2CCCCC2C2CCCC(CC3CCC4CCCCC43)C2)CC1
C1CCC(CCC2CCCCC2C2CCC3C(CCCC3C3CCCCC3)C2)CC1
C1CCC(C2CCC(CC3CCCC(C4CCCCC4)C3)CC2)CC1
C1CCC(C(C2CCC(C3CCCC(C4CCCC4)C3)CC2)C2CCC3CCCC3C2)CC1
C1CCC(C2CCCC(CCCC3CCC(CC4CC5CCCCC5C4)CC3)C2)CC1
C1CCC(CCC(C2CCCCC2)C2CCCC(C3CCCCC3)C2)CC1
C1CCC(C2CCC3C(CCC3C3CCCC3)C2)CC1
C1CCC(CCCC2CCC(CC3CCCCC3)CC2)CC1
C1CCC(CCCC2CCCCC2C2CCCCC2)CC1
C1CCC(CC2CCCC(CCC3CCCC4CCCCC43)C2)CC1
C1CCC(C2CCCCC2C2CCC(CC3CCC(C4CCCC4)CC3)CC2)CC1
C1CCC(CC2CCC(C3CCCC(C4CCCC4)C3)CC2)CC1
C1CCC(CC2CCC(CCC3CCC(C4CCCCC4)CC3)CC2)CC1
C1CCC(C2CCCC(C3CCCCC3)C2)CC1
C1CCC(CCC2CCCC(CC3CCCCC3)C2)CC1
C1CCC(CCC2CCCCC2C2CCCCC2)CC1
C1CCC(C2CCCCC2)CC1
C1CCC(CC2CC(CCC3CCC(C4CCCC(CCCC5CCCC5)C4)CC3)C3CCCCC23)CC1
C1CCC(C2CCCCC2C2CCCC(CCC3CCCC(CC4CCC4)C3)C2)CC1
C1CCC(CC(CC2CCCC(C3CCCC(C4CCCCC4)C3)C2)C2CCCCC2)CC1
C1CCC(C2CCC(C3CCCC(CC4CCC(C5CCCC5)CC4)C3)CC2)CC1
C1CCC(C2CCC(C3CCCCC3)CC2)CC1
C1CCC2C(C1)CCC2C1CCCCC1C1CC1
C1CCC(CC2CCCC(C3CCC(CC4CCCC(C5CCCCC5)C4)CC3)C2)CC1
C1CCC(C2CCCC(CC3CC(CC4CC5CCCCC5C4)CC(C4CCCC4)C3)C2)CC1
C1CCC(CC2CCC3CCCCC3C2)CC1
C1CCC(CC2CCCC(C3CCCCC3)C2)CC1
C1CCC(CCC2CC(C3CCCC3)CC(C3CCCC(C4CCCCC4)C3)C2)CC1
C1CCC(CC2CCC(C3CCCCC3)CC2)CC1
C1CCC(CC2CCCC(CC3CCCC(C4CCCCC4)C3)C2)CC1
C1CCC(CC2CCC(CC3CCCCC3C3CCC(C4CCC5CCCCC54)CC3C3CCCC3)CC2)C1
C1CCC(CC2CC(C3CCCCC3)CCC2C2CCCCC2)CC1
C1CCC(C2CCCC(C3CCC(CC4CCCC4C4CCCCC4)CC3)C2)CC1
C1CCC(C2CCC(CCCC3CCC(CC4CCC(C5CCCCC5)CC4)CC3)CC2)CC1
C1CCC(CC2CC(C(C3CCCCC3)C3CCCCC3)C3CCCCC23)CC1
C1CCC(C2CCCC(C3CCC(C4CCCCC4C4CCCC(C5CCCCC5)C4)C3)C2)CC1
C1CCC(CC2CCCCC2C2CC(C3CCCCC3)CCC2C2CCC3CCCC3C2)CC1
C1CCC(CC2CCC(C(CC3CCCCC3CC3CCCC3)C3CCCC3)CC2)CC1
C1CCC(C2CCC(C(C3CCCCC3)C3CC3)CC2)CC1
C1CCC(CCC2CCCCC2CCC2CCCCC2C2CCCC(C3CCCCC3)C2)CC1
C1CCC(CC2CCC(C3CCCCC3)C(CC3CCCCC3)C2)CC1
C1CCC(CC2CCCC(CC3CCC(C4CCCC4)CC3)C2)CC1
C1CCC(CC2CCCCC2C2CCCCC2)CC1
C1CCC(C2CCC(CC3CCC(C4CCC(C5CCCCC5)C(CC5CC5)C4)CC3)CC2)CC1
C1CCC(CCCC2CCCC(C3CCCCC3)C2)CC1
C1CCC(CC2CCC(C3CCC4CC(C5CCCCC5)CCC4C3)CC2CC2CC2)CC1
C1CCC(C2CC3CCC(C4CCCCC4CC4CC5CCCCC5C4)CC3C2)CC1
C1CCC(CC2CCCCC2C2CCC3C(CCC3C3CCCCC3)C2)CC1
C1CCC(CCC2CCCC(C3CCCC(CCC4CCCC4)C3)C2)CC1
C1CCC(CC2CCC(C3CCCC(C4CC(CC5CCCCC5)C5CCCCC54)C3)CC2)CC1
C1CCC(C2CCC(C3CCCCC3)C(C3CCC4CCCC4C3)C2)CC1
C1CCC(C2CCCC(CC3CCC4CCCCC43)C2)CC1
C1CCC(CCC2CCC(CC3CCCCC3)CC2)CC1
C1CCC(C2CCCC(C3CCCCC3)C2)CC1
C1CCC(CC2CCCCC2C2CCCC(CC3CCC(C4CCCCC4)CC3)C2)CC1
C1CCC(CC2CC3CCCCC3C(CC3CCCC4CCCCC43)C2)CC1
C1CCC(CCC2CCC(CC3CCCCC3)CC2CC2CCCCC2)CC1
C1CCC(CCC2CCCC(C3CCCCC3)C2)CC1
C1CCC(CCCC2CCCC(C3CCCC(CC4CCCCC4)C3)C2)CC1
C1CC(CC2CCCC(CC3CCC(CC4CC5CCCCC5C4)CC3)C2)C1
C1CCC(CC2CCC(CC3CCC(C4CCCC4)CC3)CC2)CC1
C1CCC(CC2CCC(C3CCCCC3)CC2)CC1
C1CCC(CC2CCC(C3CCC4CCCCC43)CC2)CC1
C1CCC(C2CCC(CC3CCC(CC4CCCC(C5CCCC5)C4)CC3)CC2)CC1
C1CCC(CCCCC2CC(CCC3CCCCC3)CC3CCCCC23)CC1
C1CCC(CCC2CCC(C3CCCCC3)CC2CCC2CCCCC2)CC1
C1CCC(CCC2CCCC(C3CCCC(CC4CCCCC4)C3)C2)CC1
C1CCC(C2CCCCC2)CC1
C1CCC(CCCC2CCC(C3CCCCC3)CC2)CC1
C1CCC(CCCC2CCC3CC(C4CCCCC4C4CCC5CCCCC5C4)CCC23)CC1
C1CCC(C2CCCCC2CC2CCCCC2CC2CCCC2)CC1
C1CC(CC2CCCCC2C2CCCC2)CC(C2CCCC(C3CCC(C4CCC(CC5CC5)CC4)CC3)C2)C1
C1CCC(C2CCC(CC3CCC4CCCCC4C3)CC2)CC1
C1CCC(CCCC2CCC(CC3CCCC(C4CCCC(C5CCC5)C4)C3)CC2)CC1
C1CCC(CC2CCC(CCCCC3CCCC3)C(CC3CCC3)C2)CC1
C1CCC(C2CCC3CC(CCCC4CC(C5CCCC5)CC(C5CC5)C4)CCC32)CC1
C1CCC(CCCC2CCC(CC3CCCCC3)CC2)CC1
C1CCC(CCCCC2CCCC(CCCC3CCC(CC4CCC(CCCC5CCCC5)CC4)CC3)C2)CC1
C1CCC(CC2CCC(C3CCCCC3CCC3CCCCC3C3CCCC3)CC2)CC1
C1CCC(CCCCC2CCCCC2C2CCCCC2)CC1
C1CCC(CCC2CC(CCCCC3CCC(C4CCCC(C5CCCCC5)C4)CC3)C3CCCCC23)CC1
C1CCC(C2CCCC(C3CCCCC3)C2)CC1
C1CCC(C2CCC(C3CCCCC3)CC2)CC1
C1CCC(CC2CCC(CC3CCC(CCCC4CCC5CCCCC54)CC3)CC2)CC1
C1CCC(CC2CCCC(C3CCCCC3)C2)CC1
C1CCC(C2CCCC(C3CCCCC3)C2)CC1
C1CCC(CC2CCC(C3CCCCC3C3CCC4CCCC4C3)CC2)CC1
C1CCC(CC2CCC(C3CCC(C4CCC(C5CCC(C6CCCCC6)C5)CC4)C3)CC2)CC1
C1CCC(C2CCC(CC3CCCC(CC4CC5CCCCC5C4)C3)CC2)CC1
C1CCC(CC2CCC(C3CCCCC3)CC2)CC1
C1CCC(C2CCCC(C3CCC(CC4CCC5CCCCC54)CC3)C2)CC1
C1CC(CCC2CC3CCCCC3C2)CC(C2CCCC(CC3CC4CCCCC4C3)C2)C1
C1CC(CC2CCC(C3CCC4CCCCC4C3)CC2)CC(CC2CCC3CCCCC32)C1
C1CCC(CCC2CCC(C3CCCCC3)CC2CCC2CCCCC2)CC1
C1CCC(CC2CCCCC2CC2CCCCC2)CC1
C1CCC(C2CCC3CC(CC4CCC(C5CC6CCCCC6C5)CC4)CCC3C2)CC1
C1CCC(CC2CCC(C3CCC(C4CCCCC4)CC3)CC2)CC1
C1CCC(CCC(CC2CCCCC2C2CCCCC2)C2CCCCC2)CC1
C1CCC(CCCC2CCC(CCC3CCCCC3)CC2)CC1
C1CCC(CC2CCC(C3CCCC(CC4CCCCC4)C3)CC2)CC1
C1CCC(C2CCCC(C3CCC(C4CCCC4)CC3)C2)CC1
C1CCC(C2CCCCC2)CC1
C1CCC(CCCCC2CCCC(CC3CCCCC3)C2)CC1
C1CCC(CCCCC2CCC(CC3CCC(C4CCCCC4)CC3)CC2)CC1
C1CCC(CC2CCC(CCCC3CCC4CCCCC4C3)CC2)CC1
C1CCC(CCC2CC(CC3CCCCC3)C3CCC(CC4CCCCC4)CC23)CC1
C1CCC(CC2CCC(CCCC3CCC(C4CCCCC4)CC3)CC2)CC1
C1CCC(C2CCCC(C3CCCC(C4CCCCC4)C3)C2)CC1
C1CCC(CCC2CCCCC2C2CCC(CC3CCCCC3)CC2)CC1
C1CCC(C2CCC(C3CCCCC3C3CCCCC3)CC2)CC1
C1CCC(CC2CCCC(CCC3CC(C4CCCCC4)C4CCCCC34)C2)CC1
C1CCC(CCC2CCCC(C3CCCCC3)C2)CC1
C1CCC(CC2CCC(C3CCCC(CC4CCCC4)C3)CC2)CC1
C1CCC(C2CCC(C3CCCCC3C3CCCCC3C3CCCCC3)CC2)CC1
C1CCC(CC2CCC(C3CCC(C4CCCCC4)CC3)CC2)CC1
C1CCC(CC2CCCC(C3CCCCC3)C2)CC1
C1CCC(C2CCC3CC(CC4CCC(C5CCCC5)CC4)CC3C2)CC1
C1CCC(C2CCC(C3CCCCC3)C(C3CCCCC3)C2)CC1
C1CCC(C2CCCCC2C2CCCCC2)CC1
C1CCC(CC2CCC(C3CCCCC3)CC2)CC1
C1CCC(CCC2CCCCC2CCC2CCC(CC3CCCCC3)CC2)CC1
C1CCC(CCC2CCCC(C3CCC(C4CCCCC4)CC3)C2)CC1
C1CCC(CCC2CCC(C3CC(CC4CCCCC4)C4CCCCC43)CC2)CC1
C1CCC(CC2CCC(C3CCCCC3C3CCCCC3)CC2)CC1
C1CCC(CC2CCCCC2C2CCCCC2)CC1
C1CCC(CCCCC2CCCC(C3CCC(CCC4CCCCC4)CC3)C2)CC1
C1CCC(CCCC2CC(C3CCCCC3)CC(C3CCCCC3)C2)CC1
C1CCC(CC2CCC3CCCC(C4CCCCC4)C3C2)CC1
C1CCC(CCC2CCC(C3CCC(CCC4CCCCC4CC4CCCCC4)CC3)CC2)CC1
C1CCC(CCC2CCCC(C3CCCCC3)C2)CC1
C1CCC(CCC2CCC(C3CCCCC3C3CC4CCCCC4C3)CC2)CC1
C1CCC(CC2CCC(CC3CCCCC3)CC2)CC1
C1CCC(CC2CCC(CCCC3CCCC(C4CCCCC4)C3)CC2)CC1
C1CCC(CC2CCC(C3CCCCC3)CC2)CC1
C1CCC(C2CCCC(C3CCCCC3)C2)CC1
C1CCC(CC2CCC(C(C3CCCC(C4CCCCC4)C3)C3CCCCC3C3CCCCC3)CC2)CC1
C1CCC(CCC2CCC(C(C3CCCCC3)C3CCCCC3C3CCCC3)CC2)CC1
C1CCC(CC2CCC(CC3CCCCC3)CC2)CC1
C1CCC(C2CCC(CCCC3CC(C4CCCCC4)CC(C4CCCCC4)C3)CC2)CC1
C1CCC(C2CCCCC2CCC2CCC3C(C4CCCCC4)CC(C4CCCCC4)C3C2)CC1
C1CCC(CCCC2CC(CC3CC4CCCCC4C3)CC(C3CCCCC3)C2)CC1
C1CCC(CCC2CC(CC3CCCCC3)CCC2C2CCCC2)CC1
C1CCC(CCC2CC(CC3CCC(C4CCCCC4)CC3)C3CCCCC23)CC1
C1CCC(CC2CCC(C3CCCCC3)CC2)CC1
C1CCC(CCC2CCCC(CCC3CC(C4CCC5CCCCC54)CC4CCCCC43)C2)CC1
C1CCC(C2CCC(CC3CC(C4CCC(C5CCC5)CC4)C4CCCCC34)CC2)CC1
C1CCC(C2CCCC(C3CCCCC3)C2)CC1
C1CCC(CCCC2CCC(CCC3CCCCC3)CC2)CC1
C1CCC(CCC2CCCCC2)CC1
C1CCC(CC2CCC(C3CCC(CC4CCCCC4)CC3)CC2)CC1
C1CCC(CC2CCC(C3CC(CC4CCCC4)C4CCCCC43)CC2)CC1
C1CCC(CCC2CCCC(C3CCCCC3CC3CCC4CCCCC43)C2)CC1
C1CCC(C2CCC(C3CCCCC3C3CCCC3)CC2)CC1
C1CCC(CC2CC(C3CCCC(C4CCCCC4)C3)CC(C3CCCC(C4CC4)C3)C2)CC1
C1CCC(CCCCC2CCCCC2C2CCC(CC3CCCCC3)CC2)CC1
C1CCC(CCC2CCCC(C3CCCC4CC(CC5CCCCC5)CCC43)C2)CC1
C1CCC(CCC2CCC3C(CC4CCCCC4)CC(C4CCCCC4)C3C2)CC1
C1CCC(CC2CCC(C3CCC(C4CCCC(CC5CC6CCCCC6C5)C4)CC3)CC2)C1
C1CCC(C2CCC(CC3CCCC(CC4CCCCC4C4CCCCC4)C3)CC2)CC1
C1CCC(CCC2CC2C2CCC(C3CCCCC3)CC2)CC1
C1CCC(CC2CCCC(C3CCC4C(CCCC4C4CCCC(C5CCCCC5)C4)C3)C2)CC1
C1CCC(CC2CCC(C(CC3CCCCC3)C3CCCCC3)CC2)CC1
C1CCC(C2CCC3C(CCCC3C3CCC(C4CCCC5CCCCC54)CC3)C2)CC1
C1CCC(CC2CCCCC2CC2CCCCC2)CC1
C1CCC(CC2CCC(CC3CCC(C4CCCC4)CC3)CC2C2CCC2)CC1
C1CCC(CCC2CCCC(C3CCCCC3)C2)CC1
C1CCC(CC2CCC(CC3CCC4CCCCC4C3)CC2)CC1
C1CCC(CC2CCC(C3CCCCC3)CC2)CC1
C1CCC(CC2CCC(C3CCCCC3)CC2)CC1
C1CCC(CC2CCCC(C3CCCCC3)C2)CC1
C1CCC(C2CCCCC2C2CCCCC2)CC1
C(CCCC1CCC(C2CCC3C(CCC3C3CCCCC3)C2)CC1)CCC1CCCCC1
C1CCC(CC2CCC3C(CCC3C3CCCCC3)C2)CC1
C1CCC(C2CCC(C3CCCCC3)C(C3CCCCC3)C2)CC1
C1CCC(CCC2CCCCC2C2CCC3CCCCC3C2)CC1
C1CCC(CC2CCC(C3CCC(C4CCCCC4)C(C4CCCC4)C3)CC2)CC1
C1CCC(CC2CC(C3CCCC3)CC(C3CCC(C4CCCCC4)CC3)C2)CC1
C1CCC(CCCCC2CCC(C(CCC3CCCCC3)CC3CCCCC3)CC2)CC1
C1CCC(CCC2CCC(C3CCCC(C4CCCC5CC(C6CCCCC6)CCC54)C3)CC2)CC1
C1CCC(CC2CCCCC2C2CCCCC2)CC1
C1CCC(C2CCC(C3CCCC(C4CCCCC4)C3)CC2)CC1
C1CCC(C2CCC(CC3CCCC(C4CCCCC4)C3)CC2)CC1
C1CCC(C2CCCCC2)CC1
C1CCC(CCC2CCC(C3CCCC(CC4CCCC4)C3)CC2)CC1
C1CCC(CC2CCCCC2C2CCC3CCCC3C2)CC1
C1CCC(CCC2CCCC(CC3CCCCC3)C2)CC1
C1CCC(C2CCCCC2C2CCCCC2CC2CCC3CCCCC32)CC1
C1CCC(C2CC(C3CC(CC4CCCC4)C4CCCCC43)C3CCCCC23)CC1
C1CCC(C2CCCC(CC3CC(C4CCCCC4)C4CCCCC34)C2)CC1
C1CCC(C2CCC(CCCCC3CCC(C4CCCCC4)CC3)CC2)CC1
C1CCC(CC2CC(C3CCCCC3)C3CCCCC23)CC1
C1CCC(C2CCCC(CC3CCCCC3C3CCCCC3)C2)CC1
C1CCC(C2CCC(C3CCC(CC4CC5CCCCC5C4)CC3C3CCCCC3)CC2)CC1
C1CCC(CCCCC2CCC(CC3CCCCC3)CC2)CC1
C1CCC(C2CCCC(CC3CC(C4CCCCC4)C4CCCCC34)C2)CC1
C1CCC(CCCC2CCCCC2)CC1
C1CCC(CCC2CCCC(C3CC4CCCCC4C3)C2)CC1
C1CCC(C2CC(C3CCC4CCCCC43)CC3CCCCC32)CC1
C1CCC(CCCC2CCC(CC3CCCCC3)CC2)CC1
C1CCC(CCC2CCC(C3CCCCC3)CC2)CC1
C1CCC(C2CCC(C3CCCC(C4CCCCC4)C3)CC2)CC1
C1CCC(C2CCCCC2CC2CC3CCCCC3C2)CC1
C1CCC(CC2CCC(CC3CCC(CCCCC4CCCC(C5CCCCC5)C4)CC3)CC2)CC1
C1CCC(CCC2CCCCC2C2CCC(C3CCCCC3)CC2)CC1
C1CCC(C2CCC(C3CCC4CCCCC4C3)CC2C2CCCCC2)CC1
C1CCC(C2CCC(C3CC(C4CCCCC4)C4CCCCC34)CC2)CC1
C1CCC(CCCC2CC(C3CCCCC3)CC(C3CCCC3)C2)CC1
C1CCC(CC2CCCCC2C2CCC(C3CCCC(CC4CC5CCCCC5C4)C3)CC2)CC1
C1CCC(C2CCC(CCC3CCC4CCCCC43)C(C3CCC4CCCC4C3)C2)CC1
C1CCC(CC2CCC(C3CCCCC3)CC2)CC1
C1CCC(C2CCCCC2C2CCCCC2)CC1
C1CCC(C2CCC(CCC3CCC(CC4CC5CCCCC5C4)CC3)CC2)CC1
C1CCC(CCCC2CCC(C3CCCC(CCC4CCCCC4)C3)CC2)CC1
C1CCC(C(CC2CCCC2)C2CCC(C3CCC(C4CCC(C5CCC(C6CCCC6)CC5)CC4)CC3)CC2)CC1
C1CCC(CCCCCC2CCCC(C3CCCCC3)C2)CC1
C1CC(CC2CCC(C3CC4CCCCC4C3)CC2)CC(CC2CC3CCCCC3C2)C1
C1CCC(C2CCC(C3CCCCC3)C(C3CCCC3)C2)CC1
C1CCC(CCCC2CCCCC2C2CC3CCCCC3C(C3CCCCC3)C2)CC1
C1CCC(CC2CCCCC2CC2CCC3CCCCC3C2)CC1
C1CCC(CC2CCCC(C3CCCC(C4CCCC4)C3)C2)CC1
C1CCC(CC2CC(C3CCCCC3)C3CC(C4CCCCC4)CCC23)CC1
C1CCC(CC2CCC(CC3CCCC(C4CCCC(C5CCCCC5)C4)C3)CC2)CC1
C1CCC(CCC2CCC(CCCCC3CCC(C4CCCCC4)CC3)CC2)CC1
C1CCC(CC2CCCC(C3CCCCC3)C2)CC1
C1CCC(C2CCCC(C3CCC(C4CCCCC4C4CCCC4)CC3)C2)CC1
C1CCC(C2CC3CCC(CC4CCCC(C5CC5)C4)CC3C(C3CCCCC3)C2)CC1
C1CCC(CC2CCC(C(C3CCCCC3)C3CCC(C4CCCC4)CC3)CC2)CC1
C1CCC(C2CCCC(CC3CCC(CC4CCC5CCCCC5C4)CC3)C2)CC1
C1CCC(C2CCC(C3CCC4CC(C5CCC6CCCCC65)CCC4C3)C2)C1
C1CCC(CCCC2CCC(C3CCCCC3)CC2)CC1
C1CCC(CC2CCC(CC3CCCCC3)C(C3CC(C4CCCCC4)CC(C4CC4)C3)C2)CC1
C1CCC(CCCC2CCC(CCCC3CCC(C4CCCCC4)C3)CC2)CC1
C1CCC(C2CCCCC2CC2CCCC(C3CCCC(C4CC4)C3)C2)CC1
C1CCC(C2CCCC(C3CCCCC3)C2)CC1
C1CCC(C2CCC(C3CCCCC3)CC2)CC1
C1CCC(CC2CCCC(C3CCCCC3)C2)CC1
C1CCC(C2CCCC(CC3CCCCC3C3CCCCC3)C2)CC1
C1CCC(CCCC2CCC(CC3CCCCC3)CC2)CC1
C1CCC(CC2CCCCC2C2CCC3CCCCC3C2)CC1
C1CCC(CC2CC(CC3CCCCC3)CC(C3CCCCC3)C2)CC1
C1CCC(CC2CCCCC2)CC1
C1CCC(CCCC2CCC(C3CCCCC3)C(C3CCC4CCCC4C3)C2)CC1
C1CCC(CC2CCC(C3CCCCC3)CC2)CC1
C1CCC(CC2CCC(C3CCCCC3)CC2)CC1
C1CCC(CC2CCC(C3CCC3)CC2)CC1
C1CCC(C2CCC(CC3CC4CCCCC4C3)CC2)CC1
C1CCC(CCC2CCC(C3CCCC(C4CCCCC4)C3)CC2)CC1
C1CCC(CCC2CCCCC2C2CCCCC2)CC1
C1CCC(CC(C2CCCCC2)C2CCCC(C3CCCCC3)C2)CC1
C1CCC(CC2CCCC(C3CCC(C4CCCCC4)CC3)C2)CC1
C1CCC(CCC2CCC(C3CCCC(C4CCCCC4)C3)CC2)CC1
C1CCC(C2CCC(C3CCC4CC(C5CCCCC5)CCC4C3)CC2)CC1
C1CCC(CCCC2CCCC(CC3CCCC(C4CCCCC4)C3)C2)CC1
C1CCC(C2CCC(CC3CCC4CCCC(C5CCCCC5)C4C3)CC2)CC1
C1CCC(CC2CCC(C3CCC4CCCCC43)CC2)C1
C1CCC(CC2CC(CCCC3CCC(C4CCCCC4)CC3)C3CCCCC23)CC1
C1CCC(C2CCCCC2)CC1
C1CCC(CCC2CCC(C3CC(CC4CCCCC4)C4CCCCC43)CC2)CC1
C1CCC(CC2CC(C3CCC4CCCCC43)CC3CCCCC32)CC1
C1CCC(CC2CCCC(CC3CCC(C4CCCCC4)C(C4CCCC4)C3)C2)CC1
C1CCC(CC2CC(C3CCCCC3)C3CCCCC23)CC1
C1CCC(CC2CCCC(C3CCCCC3)C2)CC1
C1CCC(CCC2CCCCC2CCC2CCCCC2)CC1
C1CCC(CCC2CCC(CC3CCCC(C4CCCCC4)C3)CC2)CC1
C1CCC(CCCCCC2CCC(CC3CCC(CC4CCCCC4)CC3)CC2)CC1
C1CCC(CCCC2CCC(C3CCCCC3)C(C3CCCC3)C2)CC1
C1CCC(CC2CCCCC2CCCC2CCCC(CC3CCC(C4CCCCC4)CC3)C2)CC1
C1CCC(CCC2CCCC(C3CCC4CCCCC4C3)C2)CC1
C1CCC(CC2CCC3C(CCCC3C3CCC(C4CCCCC4C4CCCCC4)CC3)C2)CC1
C1CCC(CCCC2CCCCC2C2CCCC(CC3CCC(C4CCCC4)CC3)C2)CC1
C1CCC(C2CCC(C3CCCC(C4CCCCC4)C3)CC2)CC1
C1CCC(CCC2CCCC(CC3CCC(CC4CCC(C5CCCCC5)CC4)CC3)C2)CC1
C1CCC(CC2CC(CCCC3CC4CCCCC4C3)C3CC(C4CCCC4)CCC3C2)CC1
C1CCC(CC2CCCC(C3CCC(C4CC(C5CCCC5)C5CCCCC45)CC3)C2)CC1
C1CCC(C2CCCC(CCCC3CCC(C4CCC5CCCC5C4)CC3)C2)CC1
C1CCC(CCCCC2CCC(CCC3CCCCC3)CC2)CC1
C1CCC(CC2CCC(C3CCCCC3)C(C3CCCCC3)C2)CC1
C1CCC(CC2CCC(C3CCCCC3CC3CCCCC3)CC2)CC1
C1CCC(CC2CCC(CCC3CCCC3)CC2)CC1
C1CCC(CCC2CCCC(CC3CCCCC3C3CCCCC3)C2)CC1
C1CCC(CC(C2CCCCC2)C2CCCC(CC3CCCCC3C3CCCC3)C2)CC1
C1CCC(CCC2CCC(C3CCCCC3)CC2)CC1
C1CCC(C2CCCCC2C2CCCCC2C2CCCCC2)CC1
C1CCC(CC2CCC(CC3CCC(C4CCCCC4)C3)CC2C2CCCCC2)CC1
C1CCC(C2CCC3CC(C4CCC5CCCCC54)CCC3C2)CC1
C1CCC(CCCC2CCCC(CCC3CCCCC3)C2)CC1
C1CCC(CC2CCCC(C3CCCCC3)C2)CC1
C1CCC(CCC2CCC(CCC3CCC(C4CCCC4)CC3)CC2)CC1
C1CCC(CCC2CCC(C3CCC(C4CCCC4)CC3)C(CCC3CCCCC3)C2)CC1
C1CCC(CC2CCC(CC3CCCC(CC4CCCCC4)C3)CC2)CC1
C1CCC(CC2CCC(CC3CCC(C4CCCCC4)CC3)CC2)CC1
C1CCC(CC2CCC(CC3CCCC4CC(C5CCCCC5)CCC34)CC2)CC1
C1CCC(CC2CCC(C3CCCC(C4CCCCC4C4CCCC4)C3)CC2)CC1
C1CCC(CC2CCCC(C3CCCCC3)C2)CC1
C1CCC(CCCC2CCC(CCC3CCCCC3)CC2)CC1
C1CCC(CC2CCC(C3CCCCC3)C(CCC3CCCC(C4CCCCC4)C3)C2)CC1
C1CCC(CCC2CCC(CC3CC4CCCCC4C3)CC2)CC1
C1CCC(C2CCCC(CC3CC(C4CCCC4)C4CC(C5CCCC(C6CCCCC6)C5)CCC34)C2)CC1
C1CCC(CC2CCC(CCCCCC3CCCCC3C3CCCCC3)CC2)CC1
C1CCC(CCC2C(CCCC3CCCC(C4CCCC4)C3)CCCC2CC2CCCCC2)CC1
C1CCC(CCC2CCC(CC3CCCCC3)CC2)CC1
C1CCC(CC2CCCCC2C2CCC(CC3CCCC(C4CCCCC4)C3)CC2)CC1
C1CCC(CCCCC2CCC(CC3CCCCC3)CC2)CC1
C1CCC(CC2CCC3CC(C4CCCCC4)CC(C4CCCCC4)C3C2)CC1
C1CC(C2CCCC(CC3CCCCC3C3CCCCC3C3CCC4CCCC4C3)C2)C1
C1CCC(C2CCCCC2)CC1
C1CCC(CC2CCCCC2C2CCCCC2CC2CCCCC2)CC1
C1CCC(CC2CCC(CC3CCCC(C(CC4CCCCC4)C4CCCCC4)C3)CC2)CC1
C1CCC(CCC2CCCC(C3CCCCC3)C2)CC1
C1CCC(CC(CC2CC3CCCCC3C2)C2CCCC(C3CCCCC3)C2)CC1
C1CCC(CC2CCCCC2C(C2CCCCC2)C2CCCCC2)CC1
C1CCC(CC2CCC(C3CCCCC3)C(C3CCCCC3)C2)CC1
C1CCC(CCCCC2CCCCC2C2CC(C3CCC(C4CCCC4)CC3)C3CCCCC32)CC1
C1CCC(C2CCC(CC3CC(C4CCCCC4)CC4CCCCC43)CC2)CC1
C1CCC(CC2CCC(CC3CC(CC4CC5CCCCC5C4)C4CCCCC34)CC2)CC1
C1CCC(CC2CCCC(C3CC(CC4CC4)CC(C4CC5CCCCC5C4)C3)C2)CC1
C1CCC(C2CCC(C3CCCCC3)C(C3CCCC3)C2)CC1
C1CCC(CCCC2CCC(C3CCC(CC4CCCCC4)CC3)CC2)CC1
C1CCC(CC2CCC(C3CCCC(CC4CCCCC4)C3)CC2)CC1
C1CCC(CC2CCCCC2CC2CCC(CCC3CCCC3)CC2)CC1
C1CCC(CCCC2CCC(CCC3CCCCC3)CC2)CC1
C1CCC(CCCC2CCC(CC3CCC(CCC4CCCCC4)CC3)CC2)CC1
C1CCC(C2CCC(CCC3CCCC(C4CCCCC4)C3)CC2)CC1
C1CCC(CCC2CC(C3CCCCC3CC3CCCCC3)C3CCC(CC4CCCCC4)CC23)CC1
C1CCC(C2CCC(CCC3CCCC(C4CCCCC4)C3)CC2)CC1
C1CCC(C2CCC3CC(CCCC4CCCC4)CC(C4CCCCC4)C3C2)CC1
C1CCC(CC2CCC(C3CCCCC3)C(C3CCC4CCCC4C3)C2)CC1
C1CCC(CC2CCC(CC3CCCC(C4CCCCC4C4CCC4)C3)CC2)CC1
C1CCC(C2CCCCC2)CC1
C1CCC(C2CCCC(C3CCCCC3)C2)CC1
C1CCC(C2CCCC(C3CC4CCCCC4C(C4CCCCC4)C3)C2)CC1
C1CCC(C2CCC(C3CCC(C4CCCC4)CC3)CC2CCC2CC3CCCCC3C2)CC1
C1CCC(CCC2CCC(CCCCC3CCCC4CC(C5CCCCC5CC5CC5)CC34)CC2)CC1
C1CCC(C2CC(C3CCCCC3)CC(C3CCC3)C2)CC1
C1CCC(CCCC2CCC(CCC3CCCCC3)CC2C2CCCC2)CC1
C1CCC(CCCC2CCCCC2)CC1
C1CCC(C2CCCC(C3CC4CCCCC4C3)C2)CC1
C1CCC(CC2CCC(C3CCC(C4CCCCC4)CC3)CC2)CC1
C1CCC(CCCC2CCCC(C3CCCCC3)C2)CC1
C(CC1CCC(C2CCC(C3CCCC3)CC2)CC1)CC1CCCC(C2CCCC2)C1
C1CCC(CCCC2CCC(CC3CCC(CCC4CCCCC4)CC3)CC2)CC1
C1CCC(CC2CCC(CC3CCCCC3)CC2)CC1
C1CCC(CC2CCC(C3CCCC(CC4CCCC(CC5CCCCC5)C4)C3)CC2)CC1
C1CCC(C2CCCC(C3CCCC(CC4CCC(C5CCCC5)CC4)C3)C2)CC1
C1CCC(C2CCCC(CC3CCCC(C4CCCCC4C4CCCC4)C3)C2)CC1
C1CCC(CCCCCC2CC(CCC3CCC4CCCCC43)C(C3CCCC3)C(C3CCCCC3)C2)CC1
C1CCC(C2CCCC(CC3CC(C4CCCCC4)C4CCCCC34)C2)CC1
C1CCC(C2CCCC(C3CCC(C4CCCCC4)CC3C3CCCC3)C2)CC1
C1CCC(CC2CCC(CC3CCC4CCCCC4C3)CC2)CC1
C1CCC(CC2CCCC(C3CC(CC4CCCCC4)C4CCCCC43)C2)CC1
C1CCC(CC2CCC(CC3CCCCC3)CC2)CC1
C1CCC(CC2CCC(CCCC3CCCCC3CC3CCCC3)CC2)CC1
C1CCC(CCCCC2CCC(C3CCCCC3CC3CCC4CCCC4C3)CC2)CC1
C1CCC(CC2CCC(CC3CCCCC3)CC2)CC1
C1CCC(CC2CCC(CC3CCCCC3C3CCCCC3)CC2)CC1
C1CCC(CCCC2CCC(C3CCC(CCC4CCCCC4)CC3)CC2)CC1
C1CCC(C2CCCC(C3CCCCC3)C2)CC1
C1CCC(CCCCC2CC(C3CCCCC3)CCC2CC2CCCCC2)CC1
C1CCC(C2CCCC(CC3CCC(CCC4CCCC4)CC3)C2)CC1
C1CCC(CC2CCCCC2CCCC2CCCC(C3CCCCC3)C2)CC1
C1CCC(CC2CCC(C3CCC4C(CC5CCCCC5)CCC4C3)CC2)CC1
C1CCC(CC2CCC(CC3CCC(C4CCCCC4)C3)CC2)CC1
C1CCC(CC2CC(C3CCCC3)C3CC(C4CCCCC4)CCC23)CC1
C1CCC(C2CCC(CC3CCC(C4CCC5CCCCC54)CC3)CC2)CC1
C1CCC(CC2CCCC3CC(C4CCCCC4C4CCCCC4)CCC23)CC1
C1CCC(CC2CCCC(C3CCC4CCCCC43)C2)CC1
C1CCC(CC2CCCC(C3CCC(C4CCCC4)CC3)C2)C1
C1CCC(C2CCC(C3CCCCC3)CC2)CC1
C1CCC(CCC2CCCCC2)CC1
C1CCC(CC2CCCCC2C2CCCCC2)CC1
C1CCC(C2CCCC(CC3CCC4CCCCC43)C2)CC1
C1CCC(CCC2CCC3CCCCC3C2C2CCC3CCCCC3C2)CC1
C1CCC(C2CCC(C3CC(CC4CCCC(C5CCCC5)C4)C4CCCCC43)CC2)CC1
C1CCC(CC2CCC(CCCCCC3CCCCC3C3CCCCC3)CC2)CC1
C1CCC(C2CCC(C3CCCC(CCC4CCC5CCCC5C4)C3)C2)CC1
C1CCC(CCC2CCC(C3CCCCC3)CC2C2CCC3CCCCC32)CC1
C1CC2CCC(C3CCCCC3CC3CCC(C4CC5CCCCC5C4)C(C4CCCC4)C3)CC2C1
C1CCC(C2CC(CC3CCC4CCCC4C3)CC3CCCCC32)CC1
C1CCC(C2CCCCC2)CC1
C1CCC(CCC2CCCCC2C2CCCC(C3CCC4C(CCC4C4CCCC4)C3)C2)CC1
C1CCC(CCC2CCCCC2C2CCCCC2)CC1
C1CCC(CCC2CCCC(C3CCCC(C4CC4)C3)C2)CC1
C1CCC(CC2CCC(C3CC(CC4CCCCC4)C4CCCCC43)CC2)CC1
C1CCC(CCCCC2CCC3CCCC(C4CCCCC4)C3C2)CC1
C1CCC(C2CCCC(CC3CCCCC3C3CCCCC3)C2)CC1
C1CCC(C2CC(CCC3CCC(CC4CC5CCCCC5C4)CC3)CC(C3CCCCC3)C2)CC1
C1CCC(CC2CCC(C3CCCC3)CC2)CC1
C1CCC(CC2CCCCC2CCCC2CCC(C3CCCCC3)C(CC3CCCCC3)C2)CC1
C1CCC(CCCC2CCCC(C3CCCC(C4CCCCC4)C3)C2)CC1
C1CCC(CC2CCC(CC3CCCCC3)CC2)CC1
C1CCC(CCCC2CC(C3CCCCC3)CCC2C2CCC3CCCC3C2)CC1
C1CCC(CC2CCC(C3CCCC(C4CCCCC4)C3)CC2)CC1
C1CCC(C2CCCC(C3CCCCC3C3CCCCC3C3CCCCC3)C2)CC1
C1CCC(CCCC2CCC(CCC3CCCCC3)CC2)CC1
C1CCC(C2CCC(CC3CCCC(C4CCCCC4)C3)CC2)CC1
C1CCC(CCCC2CCCC(C3CCCCC3)C2)CC1
C1CCC(C2CCC(C3CCC4CCCC(C5CCC(C6CCCCC6)CC5)C4C3)CC2)CC1
C1CCC(C2CCC(C3CCCCC3)C(C3CCC4CCCC4C3)C2)CC1
C1CCC(C2CCCC(CCCC3CC4CCCCC4C3)C2)CC1
C1CCC(C(C2CCCCC2)C2CCC(C3CCCC(C4CCCC4)C3)CC2)CC1
C1CCC(CC2CCC(CC3CCCCC3C3CCCCC3)CC2)CC1
C1CCC(CC2CCCCC2C2CCCC(C3CCC(C4CCCC4)CC3)C2)CC1
C1CCC(C2CCC(C3CCCCC3)CC2)CC1
C1CCC(CC2CCC(C3CC4CCCCC4C3)CC2)CC1
C1CCC(CCC2CCC(CC3CCC(CC4CCC(CCC5CCCCC5)CC4)C(C4CCCC4)C3)CC2)CC1
C1CCC(C2CCCC(CC3CCC(C4CCC5CCCCC5C4)CC3)C2)CC1
C1CCC(CC2CCC(C3CCCC(C4CCCCC4)C3)CC2)CC1
C1CCC(C2CCC(C3CC(C4CCCCC4)CC(C4CCC4)C3C3CCCCC3)CC2)CC1
C1CCC(CC2CCCCC2C2CCC(C3CCCCC3)CC2C2CCCCC2)CC1
C1CCC(CC2CCCC(C3CCCCC3)C2)CC1
C1CCC(C2CCC3CC(C4CCC(CC5CCCC(C6CC6)C5)CC4)CC(C4CCCCC4)C3C2)CC1
C1CCC(C2CCC(C3CCC3)CC2)CC1
C1CCC(CC2CCC(CC3CCCCC3)C2)CC1
C1CCC(CC2CCCCC2C2CCCCC2)CC1
C1CCC(C2CCC(CCC3CCC(CC4CCC(CCC5CCCC5)CC4)CC3)CC2)CC1
C1CCC(CC2CCC(C3CCC(CC4CCC5C(CCCC5C5CCCC(C6CCC6)C5)C4)CC3)CC2)CC1
C1CCC(C2CCCCC2C2CCCCC2C2CCCCC2)CC1
C1CCC(CCCCC2CCC(CCCCC3CCCCC3CC3CCCCC3)CC2)CC1
C1CCC(C2CC(C3CCC4CCCCC43)CC3CCC(C4CCCC(C5CCCC5)C4)CC32)CC1
C1CCC(CC2CC(C3CCCCC3)C3CCC(C4CCCCC4)CC23)CC1
C1CCC(C2CCC(CC3CCCC(C4CCCCC4)C3)CC2)CC1
C1CCC(C2CCCC(CC3CCC4CCCCC4C3)C2)CC1
C1CCC(CC2CCC(C3CCCCC3C3CCCCC3)CC2)CC1
C1CCC(CCC2CCC(CC3CCCCC3C3CCCCC3)CC2)CC1
C1CCC(CCCC2CCCC(C3CCCCC3)C2)CC1
C1CCC(C2CCCCC2CC2CC3CCCCC3C2)CC1
C1CCC(CCC2CCCC(C3CCCC(C4CCCC4)C3)C2)CC1
C1CCC(CC2CCCC(C3CCCCC3)C2)CC1
C1CCC(C2CC(C3CCCCC3)CC(C3CCCCC3C3CCCC(C4CCCCC4C4CCCC4)C3)C2)CC1
C1CCC(CC2CCCC(C3CCC(C4CCCC(CCC5CCCC5)C4)CC3)C2)CC1
C1CCC(CCCCC2CCC(CC3CCCCC3)CC2)CC1
C1CCC(CC2CCCC(C3CCCCC3)C2)CC1
C1CCC(C2CCC3CCCC3C2)CC1
C1CCC(C2CCC3CC(C4CCC5CCCCC54)CC(C4CCCCC4)C3C2)CC1
C1CCC(C2CCCC(C3CCC(CC4CCC(CC5CCC(C6CCCC6)CC5)CC4)CC3)C2)CC1
C1CCC(C2CCCC(CC3CC(C4CCC4)C4CCCCC34)C2)CC1
C1CCC(CCC2CCC(CC3CCC(C4CCCCC4)CC3)CC2)CC1
C1CCC(CCC2CCC(CC3CCCCC3)CC2)CC1
C1CCC(CC2CCC(CCC3CCCC3)C(C3CCC(C4CCC(C5CCCCC5)CC4)CC3)C2)CC1
C1CCC(CCCC2CCCC(C3CCCC(C4CCCCC4)C3)C2)CC1
C1CCC(CC2CCC(CC3CCC4CCCCC43)CC2CC2CCCC2)CC1
C1CCC(CC2CCC(CC(CC3CCCC(C4CCCCC4)C3)C3CCCCC3)CC2)CC1
C1CCC(CCC2CCC(C3CCCCC3C3CCCC3)C(C3CCCCC3)C2)CC1
C1CCC(CCC2CCC(C3CCC(CC4CCCCC4)C3)CC2C2CCCC2)CC1
C1CCC(C2CCCCC2C2CC3CCCCC3C2)CC1
C1CCC(CCC2CCC(CC3CCC(C4CCCCC4)CC3)CC2)CC1
C1CCC(CCCC2CCC(C3CCCCC3C3CCC3)CC2)CC1
C1CCC(CC2CCC3CC(CCCCC4CCCC(C5CCCCC5)C4)CCC23)CC1
C1CCC(CC2CCCC(C3CCCC(C4CCCCC4)C3)C2)CC1
C1CCC(CCC2CCC(CCCC3CC(C4CCCCC4)CC(C4CCCC4)C3)CC2)CC1
C(CCC1CC1)CCC1CCC(CC2CCC(CC3CCCCC3)CC2)CC1
C1CCC(C2CCC(C3CCC(C4CCCCC4)C3)CC2)CC1
C1CCC(C2CCCC(CC3CC(C4CCCC4)C4CCCCC34)C2)CC1
C1CCC(C2CCC(C3CCCCC3C3CCCCC3)CC2)CC1
C1CCC(CCC2CCCC(C3CCCCC3)C2)CC1
C1CCC(CCCCC2CCC(CC3CCCCC3C3CCCC3)CC2)CC1
C1CCC(CCC2CC(C3CCCCC3)CC(C3CCC(C4CC4)CC3)C2)CC1
C1CCC(CCC2CCCCC2CC2CCCCC2)CC1
C1CCC(CCCCC2CCC(CC3CCCC(C4CCCC4)C3)CC2)CC1
C1CCCCC1
C1CCC(CC2CCCC(C3CCCC(CCC4CCC4)C3)C2)CC1
C1CCC(CC2CCCC(C3CC(C4CCCCC4)CC(C4CC4)C3)C2)CC1
C1CCC(CCCC2CCCC(CC3CCCC(C4CCCC4)C3)C2)CC1
C1CCC(C2CCCC(C3CCCC(CC4CC4)C3)C2)CC1
C1CCC(CC2CCC(C3CCCC(C4CCC(CCC5CCCC(C6CC6)C5)CC4)C3)CC2)C1
C1CCC(CCC2CCCC(CC3CCCCC3)C2)CC1
C1CCC(CCC2CCCC(CC3CCCCC3)C2)CC1
C1CCC(CC2CCCCC2)CC1
C1CCC(CCC2CCC(CC3CCCCC3)CC2)CC1
C1CCC(CC2CCCCC2C2CCCC(CC3CCCC3)C2)CC1
C1CCC(CC2CCC(CC3CCCCC3)CC2)CC1
C1CCC(C2CCC(CCCC3CC3)C(C3CCC4CCCC4C3)C2)CC1
C1CCC(CCC2CCC(C3CCC(C4CCCCC4)CC3C3CCCC3)C(C3CCCCC3)C2)CC1
C1CCC(C2CCC(CC3CCCCC3C3CCCC3)CC2)CC1
C1CCC(CCCC2CCCC(C3CCCC(CC4CCCCC4)C3)C2)CC1
C1CCC(CC2CCCC(CCCC3CCC(CC4CCCC4)CC3C3CCCCC3)C2)CC1
C1CCC(CC2CC(CC3CCCCC3)C3CC(C4CCCCC4)CCC23)CC1
C1CCC(C2CCC(C3CCCCC3C3CCCC3)C(CC3CC4CCCCC4C3)C2)CC1
C1CCC(CCCC2CCC(C3CC4CCCC(C5CCCCC5)C4C3)CC2)CC1
C1CCC(CC2CCCC(C3CCCCC3)C2)CC1
C1CCC(CCC2CCCCC2C2CCCCC2)CC1
C1CCC(C2CCC(C3CCCC3)CC2)CC1
C1CCC(CCCCC2CC(C3CCC(CCC4CCCC4)CC3C3CCCC3)C3CCCCC23)CC1
C1CCC(C2CCCCC2C2CCCCC2)CC1
C1CCC(CC2CCC(CCC3CCC(C4CCCC(C5CCCCC5)C4)CC3)CC2)CC1
C1CCC(CC2CCCC(C3CCCCC3)C2)CC1
C1CCC(CC2CCCC(C3CCC(C4CCCCC4)CC3)C2)CC1
C1CCC(CC2CCCC(C3C(C4CC4)CC(C4CCCCC4)C4CCCC43)C2)CC1
C1CCC(CCC2CCC(CCC3CCC(CC4CCCCC4)CC3)CC2)CC1
C1CCC(C2CCCCC2C2CCCCC2)CC1
C1CCC(CC2CC(CC3CCCCC3C3CCC4CCCCC43)C3CCCCC23)C1
C1CCC(CC2CCCC(C3CCCC(C4CCCCC4)C3)C2)CC1
C1CCC(CCCC2CCC(CC3CCC(CC4CCCCC4)CC3)CC2)CC1
C1CCC(CCC2CCCCC2C2CCC(C3CCC4CCCC4C3)CC2)CC1
C1CCC(CC2CCC(C3CCCCC3C3CCC4CCCCC4C3)CC2)CC1
C1CCC(CCC2CCCC(CCC3CCCCC3)C2)CC1
C1CCC(CC2CCC(C3CCCCC3)C(C3CCCC3)C2)CC1
C1CCC(CCC2CCC(CC3CCC(C4CCCCC4)CC3)CC2)CC1
C1CCC(CCC2CCC(C3CCC(CC4CCC(C5CCCCC5)C4)CC3)CC2)CC1
C1CCC(C2CCCC(C3CCCCC3CCC3CCCC3)C2)CC1
C1CCC(C2CC(C3CCCCC3)CC(C3CCCC3)C2)CC1
C1CCC(CC2CCCCC2C2CCCC2C2CCCC(C3CC4CCCCC4C3)C2)CC1
C1CCC(CC2CCC(C3CCC(CC4CCCCC4)CC3)CC2)CC1
C1CCC(CCC2CCCC(CC3CCCCC3)C2)CC1
C1CCC(C2CCC(C3CCCCC3)CC2)CC1
C1CCC(C2CC(CC3CCCC4CCCCC43)CC(C3CC4CCCCC4C3)C2)CC1
C1CCC(CC2CCC(C3CCCC(C4CCCC4)C3)CC2)CC1
C(CCCC1CCC(C2CCCCC2)CC1)CCC1CCCCC1
C1CCC(C2CCC(CC3CC4CCCCC4C3)CC2)CC1
C1CCC(CCCC2CCCC(CCCC3CCC(CC4CCCC4)CC3)C2)CC1
C1CCC(CCC2CCCCC2C2CCCCC2)CC1
C1CCC(CC2CCCCC2CCCC2CCCC(C3CCC4CCCCC4C3)C2)CC1
C1CCC(CC2CCC(C(C3CCCCC3)C3CCCC3)CC2)CC1
C1CCC(CCC2CCC3C(CC4CCCCC4)CC(C4CCCCC4)C3C2)CC1
C1CCC(C2CCCC(CC3CC(C4CCCC(C5CCCCC5)C4)C4CCCCC34)C2)CC1
C1CCC(CC2CC(C3CCCCC3)CCC2C2CCCCC2)CC1
C1CCC(CC2CCCCC2)CC1
C1CCC(CCCC2CCCC(C(CCCC3CCCCC3)C3CCCCC3)C2)CC1
C1CCC(C2CC(C3CCC(C4CCCC4)CC3)C3CCCCC23)CC1
C1CCC(C2CCCC(CCCCC3CC4CCCCC4C3)C2)CC1
C1CCC(C2CCCC(C3CCCCC3C3CCCC3)C2)CC1
C1CCC(CCCCC2CCC(C3CCCCC3)CC2)CC1
C1CCC(CCC2CC(C3CCC(CCC4CCC5CCCCC5C4)CC3)C3CCCCC23)CC1
C1CCC(CC2CCC(C3CCCCC3)CC2C2CCCCC2)CC1
C1CCC(CCCC2CCC(CC3CCCCC3C3CCCC3)CC2)CC1
C1CCC(C2CCC(C3CCCCC3)CC2)CC1
C1CCC(C2CCCC(CCCC3CCC4C(CCC4C4CCCCC4)C3)C2)CC1
C1CCC(C2CCCC(CC3CCC(C4CCC(C5CCCC5)CC4)CC3)C2)CC1
C1CCC(CC2CCCC(C3CC(C4CCCCC4)CC(C4CCC4)C3)C2)CC1
C1CCC(C2CCCCC2C2CCCC(C3CCC(CCC4CCCC4)CC3)C2)CC1
C1CCC(CCCCC2CC(C3CCCCC3)CC(C3CCC4CCCCC43)C2CCC2CCCCC2)CC1
C1CCC(C2CCC(C3CCC4CCCCC4C3)C(C3CCCCC3)C2)CC1
C1CCC(CCC2CCCCC2C2CCC(C3CCCCC3)CC2)CC1
C1CCC(CC2CCCC(C3CCCCC3)C2)CC1
C1CCC(CC2CCC3CC(C4CCC5CCCCC54)CC(C4CCCCC4)C3C2)CC1
C1CCC(CCCC2CCCCC2)CC1
C1CCC(C(C2CCC(CCC3CC4CCCCC4C3)CC2)C2CCC3CCCCC32)CC1
C1CCC(CC2CCCC(C3CC(C4CCC5CCCCC5C4)C4CCCCC34)C2)CC1
C1CCC(CCCC2CC(C3CCCCC3)C3CCCCC23)CC1
C1CCC(C2CCC(C3CCC3)CC2CC2CCCC(CCC3CC3)C2)CC1
C1CCC(C2CCC(C3CCCC(C4CCCCC4C4CCCCC4)C3)CC2)CC1
C1CCC(CC2CCC(C3CCCCC3)CC2)CC1
C1CCC(CCCC2CCC(C3CCCC(C4CCC(C5CCCCC5)CC4)C3)CC2)CC1
C1CCC(C2CCC(CCC3CCCC3)CC2)CC1
C1CCC(C2CCCC(CC3CCC(CC4CCCC(CC5CC5)C4)CC3)C2)CC1
C1CCC(C2CC(CC3CC3)CC(C3CCCC(CC4CCCC4)C3)C2)CC1
C1CCC(CCCC2CCCC(C3CCC(C4CCC4)CC3)C2)CC1
C1CCC(CC2CCCC(C3CCCCC3)C2)CC1
C1CCC(CC2CCCCC2C2CCCCC2)CC1
C1CCC(C2CCC(CC3CCC(C4CCCCC4C4CCCCC4)CC3)CC2)CC1
C1CCC(C2CCCC(CC3CCC(CCCC4CCCC(C5CC5)C4)CC3)C2)CC1
C1CCC(CCCCC2CCC(CC3CCCCC3)CC2)CC1
C1CCC(CCC2CCCC(C3CCC(C4CCCCC4)CC3)C2)CC1
C1CCC(C2CC(C3CCCCC3)CC(C3CCCCC3)C2)CC1
C1CCC(CCCC2CCC(CC3CCCC(C4CCC4)C3)CC2)CC1
C1CCC(C2CCC(C3CCCCC3C3CCC4CCCCC4C3)CC2)CC1
C1CCC(C2CCC3CC(C4CCC5CCCCC54)CCC3C2)CC1
C1CCC(C2CCCC(C3CC(C4CCCCC4)CC(C4CCCCC4)C3)C2)CC1
C1CCC(C2CCC(CCC3CCC(CCCC4CCC(C5CCCC5)CC4)CC3)CC2)CC1
C1CCC(CC2CCC(C3CC(CCCC4CC5CCCCC5C4)CCC3C3CCCC3)CC2)CC1
C1CCC(CC2CCCCC2C2CCCCC2C2CCC(CC3CCC(C4CCCC4)CC3)CC2)CC1
C1CCC(CC2CCC(CC3CCCC(C4CCCC(CCC5CCC6CCCCC6C5)C4)C3)CC2)CC1
C1CCC(CC2CC(C3CCCCC3)CC(C3CCCCC3)C2CCC2CC2)CC1
C1CCC(CC2CCC(C3CCC(CC4CCCCC4)CC3C3CCCCC3)CC2)CC1
C1CCC(CC2CCCC(C3CCCCC3)C2)CC1
C1CCC(CC2CCCCC2C2CCC3C(CCCC3C3CCCC(C4CCCCC4)C3)C2)CC1
C1CCC(CCCCC2CCC(CC3CCCC3)CC2)CC1
C1CCC(CCCC2CC(C3CCC(C4CCCCC4)CC3)CCC2C2CCCC2)CC1
C1CCC(CC2CCCCC2CC2CCCCC2)CC1
C1CCC(C2CCC3CCC(C4CCC(CCC5CCC6CCCC6C5)CC4)C3C2)CC1
C1CCC(CC2CCC(C3CCCC(C4CCCCC4)C3)CC2)CC1
C1CCC(CC2CCCC(C3CCCCC3)C2)CC1
C1CCC(CCCC2CCC(CCC3CCCCC3)CC2)CC1
C1CCC(C2CCCC(CCC3CCC(C4CCCC4)CC3)C2)CC1
C1CCC(CC2CCCC(C3CCCCC3)C2)CC1
C1CCC(CC2CC(C3CCCCC3)CC(C3CCCCC3CC3CCCCC3)C2)CC1
C1CCC(CCC2CCCC(C3CCCCC3)C2)CC1
C1CCC(CC2CCC(CC3CCC(C4CCCCC4)C3)CC2)CC1
C1CCC(C2CCC(CCCC3CCCC(C4CCCCC4)C3)CC2)CC1
C1CCC(CCC2CCC(C3CCCC(CC4CCCCC4)C3)CC2)CC1
C1CCC(CC2CCC(CC3CCC(C4CCCCC4)CC3)CC2)CC1
C1CCC(CC2CCC(C3CCC(C4CCC4)CC3)C2)CC1
C1CCC(CC2CCC(C3CCC(C4CCCCC4C4CCCCC4)CC3)CC2)CC1
C1CCC(C2CCC(CCC3CC3)CC2)CC1
C1CCC(C2CCCC(C3CCCCC3)C2)CC1
C1CCC(CCC2CCC(C3CCC(C4CCCCC4)CC3)C(C3CCCC3)C2)CC1
C1CCC(CCC2CCCC(CCC3CCCCC3)C2)CC1
C1CCC(CCCCCC2CCC(CC3CCC(C4CCCCC4)CC3)CC2)CC1
C1CCC(C2CCC(CC3CCC(CC4CC5CCCCC5C4)CC3)CC2)CC1
C1CCC(C2CCC(CC3CC(C4CCCCC4)C4CCCCC34)CC2)CC1
C1CCC(C2CCCC(C3CCC4CCCCC43)C2)CC1
C1CCC(CCC2CCC(CCC3CCCC(CC4CC4)C3)CC2)CC1
C1CCC(CC2CCC(C3CC3)CC2CCCC2CCCC2)CC1
C1CCC(CC2CCCCC2)CC1
C1CCC(CCC2CCCC(CC3CC(C4CCC(CC5CCCCC5)CC4)C4CCCCC34)C2)CC1
C1CCC(CC2CCCCC2C2CCCCC2)CC1
C1CCC(C2CCC(CCCC3CCCC(C4CCCCC4)C3)CC2)CC1
C1CCC(CC2CCC(C3CCCC(CCC4CCCC4)C3)CC2)CC1
C1CCC(CCC2CCCCC2)CC1
C1CCC(C2CCCCC2C2CCCCC2C2CCCCC2)CC1
C1CCC(C2CCCCC2C2CCC3CCCCC3C2)CC1
C1CCC(CCC2CCC(C3CCCCC3)CC2)CC1
C1CCC(CC2CC(CC3CCCCC3C3CCCCC3)C3CCCCC23)CC1
C1CCC(CC2CCCCC2C2CC2)CC1
C1CCC(CCC2CCCCC2C2CC3CCCCC3C(C3CCCCC3)C2)CC1
C1CCC(C2CCC(CC3CCC(C4CCC5CCCCC54)CC3)CC2)CC1
C1CCC(CCC2CCC(CC3CCCC(C4CCC(C5CCC6CCCCC65)CC4)C3)CC2)C1
C1CCC(CC2CCC(C3CCCCC3)CC2)CC1
C1CCC(CCC2CCC(C3CCCCC3)CC2)CC1
C1CCC(CC2CCC(C3CCC(C4CCCCC4)CC3)C(C3CCCCC3)C2)CC1
C1CCC(C2CCC(CC3CCCCC3C3CCCCC3)CC2)CC1
C1CCC(CCCCC2CCC(CC3CCCCC3)CC2)CC1
C1CC(CC2CC(C3CCC4CCCCC43)CC3CCCCC32)CC(C2CC2)C1
C1CCC(CC2CC(C3CCCCC3)C3CCC(CCC4CCCC4)CC23)CC1
C1CCC(CCC2CCCC3CC(CC4CCCC(C5CCCCC5)C4)CC23)CC1
C1CCC(CC2CCC(C(CC3CC3)C3CCCC(C4CCCCC4)C3)CC2)CC1
C1CCC(CC2CCC(CC3CCCCC3C3CCCCC3CC3CC3)CC2)CC1
C1CCC(CC2CCCCC2C2CCCCC2)CC1
C1CCC(CC2CCC(CCC3CCCC(CC4CCCCC4)C3)CC2)CC1
C1CCC(CCC2CCCCC2C2CCCCC2C2CCCCC2)CC1
C1CCC(CC2CCC(CC3CC4CCCCC4C3)CC2)CC1
C1CCC(CC2CCC(CC3CCCCC3)CC2)CC1
C1CCC(CCCCCC2CCC(C3CCCCC3CC3CCCCC3)CC2C2CC2)CC1
C1CCC(C2CC(CCC3CCC(C4CCCC4)CC3)CCC2CC2CC3CCCCC3C2)CC1
C1CCC(CCC2CCC(CCC3CCC(C4CCCCC4)CC3)CC2)CC1
C1CCC(CCC2CCCCC2CC2CCC(C3CCCCC3)CC2C2CCCC2)CC1
C1CCC(CC2CCC(C3CCCCC3)CC2)CC1
C1CCC(C2CCCC(C3CC(C4CCCCC4)C(C4CCCCC4)C4CCCC34)C2)CC1
C1CCC(CC2CCC3C(CCC3C3CCCCC3)C2)CC1
C1CCC(CC2CCC(C3CCC(C4CC4)CC3)CC2)CC1
C1CCC(CCC2CC(CC3CCCCC3)C3CCC(C4CCC5CCCCC5C4)CC23)CC1
C1CCC(C2CCC(CCCCC3CCC4CCCCC4C3)CC2)CC1
C1CCC2C(C1)CCC2CC1CCC(CC2CCC(CC3CC3)C(C3CCCC3)C2)CC1
C1CCC(CCC2CCC(C3CCCC(C4CCCCC4)C3)CC2)CC1
C1CCC(CCC2CCCC(CC3CCC(C4CCCCC4)CC3)C2)CC1
C1CCC(CC2CCC(CC3CCCCC3C3CCCCC3)CC2)CC1
C1CCC(CCCC2CCC(CC3CCC(C4CCCCC4)CC3)CC2)CC1
C1CCC(CCC2CCCC(C3CCCC(CC4CCC(CC5CCCCC5)CC4)C3)C2)CC1
C1CCC(CCCC2CCCC(C3CCC(C4CCCCC4)CC3)C2)CC1
C(CCC1CCC(C2CCCCC2)CC1)CCC1CCCC(C2CCCCC2)C1
C1CCC(CCC2CCC(C3CCCCC3C3CCCCC3)CC2)CC1
C1CCC(CC2CCC(C3CCCC3)C(C(CC3CC4CCCCC4C3)C3CCCCC3)C2)CC1
C1CCC(CC2CCCC(C3CCC4CCC(C5CCCCC5)CC4C3)C2)CC1
C1CCC(CCC2CCCC(C3CCCCC3)C2)CC1
C1CCC(CC2CCC(CCCCCC3CCC4CCCCC4C3)CC2)CC1
C1CCC(CCCCC2CCCC(C3CCCCC3)C2)CC1
C1CCC(CCCCCC2CCCC(C3CCCC(CC4CCCC4)C3)C2)CC1
C(CCCCC1CC1)CCCCC1CCCC(CC2CCC(CC3CCCCC3)CC2)C1
C1CCC(CC2CC(C3CCCCC3)CC(C3CC3)C2)CC1
C1CCC(CCC2CCC(CC3CC(CC4CCCCC4)CCC3C3CCCC3)CC2)CC1
C1CCC(CC2CCC(C3CCC(C4CCCCC4)CC3)C(C3CCCC3)C2)CC1
C1CCC(C2CCCC(C3CCCCC3)C2)CC1
C1CCC(CC2CCC3CC(C4CCCCC4CC4CCC5CCCCC54)CCC23)C1
C1CCC(C2CCC(CCCCC3CCC(C4CCCCC4)CC3)CC2)CC1
C1CCC(CC2CCC(CC3CCC(C4CCCCC4)CC3)CC2)CC1
C1CCC(CCC2CCC(CC3CCC(CC4CCCCC4)CC3)CC2)CC1
C1CCC(CC2CCCCC2C2CCCC(C3CCCC(C4CCCCC4)C3)C2)CC1
C1CCC(CCC2CCC(CCCC3CCC(C4CCCC4)CC3)CC2)CC1
C(CCCC1CCC(CCCCCC2CCC(CC3CCCCC3)CC2)CC1)CCC1CCCCC1
C1CCC(CCC2CCCC(CC3CCCCC3)C2)CC1
C1CCC(C2CCC(C3CCC(C4CCCCC4)CC3)CC2)CC1
C1CCC(CCC(CCC2CCCCC2)C2CCCC(C3CCC3)C2)CC1
C1CCC(CCC2CCCC(CCC3CCC(CC4CCC(C5CCCCC5)CC4)CC3)C2)CC1
C1CCC(CCCC2CCCCC2C2CCC3CCCC3C2)CC1
C1CCC(CCCCC2CCCC(CCC3CCC4CCCC4C3)C2)CC1
C1CCC(C2CCC(C3CCCC(CCCC4CCC(CC5CCCC5)CC4)C3)CC2)CC1
C1CCC(CC2CCCC(C3CCCCC3)C2)CC1
C1CCC(C2CCCC(CC3CCC(C4CCCCC4)C(C4CCCC4)C3)C2)CC1
C1CCC(CCC2CCCCC2C2CCC(C3CCCCC3)CC2)CC1
C1CCC(C2CCCC(C3CCCCC3)C2)CC1
C1CCC(CC2CCC(C3CCCCC3C3CCCCC3)CC2)CC1
C1CCC(C2CCCCC2C2CCC(CC3CCCC(C4CC4)C3)CC2)CC1
C1CCC(CC2CCCC(C3CCCCC3C3CCC4CCCC4C3)C2)CC1
C1CCC(C2CCC(CCC3CCC(C4CC4)CC3)C2C2CCC(C3CC3)CC2)CC1
C1CCC(CC2CCC(C3CCC(CC4CCC5CCCCC5C4)CC3)CC2)CC1
C1CCC(CC2CCCC(C3CC(C4CCC5CCCC5C4)CCC3C3CCCC3)C2)CC1
C1CCC(CC2CCC(C3CCC(CC4CCCCC4)CC3)CC2)CC1
C1CCC(CCC2CCC(C3CCC(C4CC(C5CCCCC5)C4)CC3)CC2)CC1
C1CCC(CC2CCCC2C2CCCCC2)CC1
C1CCC(CCC2CCCC(C3CCCC(C4CCCC5CC(C6CCCCC6)CCC54)C3)C2)CC1
C1CCC(CC2CCC(C3CCCCC3)CC2)CC1
C1CCC(CCCC2CCC(CC3CCCCC3)CC2)CC1
C1CCC(C2CC(CC3CCC(CCCC4CCCC4)CC3)CCC2C2CCC2)CC1
C1CCC(C2CCCC(CCC3CCCC(C4CCCCC4)C3)C2)CC1
C1CCC(C2CCCC(C3CCCC(C4CCCC4)C3)C2)CC1
C1CCC(CCC2CCC(C3CCC(C4CCC(C5CCCC(C6CCCC6)C5)CC4)CC3)CC2)C1
C1CCC(CC2CCC(CC3CC(C4CCC5CCCC5C4)C4CCCCC34)CC2)CC1
C1CCC(CCC2CCCCC2CC2CCC(C3CCCC3)CC2)CC1
C1CCC(CC2CCCC(C3CCCC(C4CCCCC4)C3)C2)CC1
C1CCC(C2CCCCC2C2CCC3C(CCCC3C3CC4CCCCC4C3)C2)CC1
C1CCC(CCCC2CCCCC2C2CCCCC2C2CCCCC2C2CCCC2)CC1
C1CCC(CCCC2CCCC(C3CCCCC3)C2)CC1
C1CCC(C2CCCC(CC3CCCC(CC4CCC5CCCCC5C4)C3)C2)CC1
C1CCC(CC2CCC(C3CCCC3)C(CC3CCC(CC4CCCC4)CC3)C2)CC1
C1CCC(CC(C2CCCCC2)C2CC(C3CCCCC3)C3CCCCC32)CC1
C1CCC(CC2CCCC(C3CCCC(C4CCCCC4)C3)C2)CC1
C1CCC(CC2CCCC(C3CCCCC3)C2)CC1
C1CCC(CC2CCC(C3CCCCC3)CC2)CC1
C1CCC(CC2CCC(CC3CCCCC3)CC2)CC1
C1CCC(CCC2CCC(CCC3CCCC(C4CCCCC4)C3)CC2)CC1
C1CCC(C2CCC3C(C4CCCC4)CC(C4CCC5CCCCC5C4)C3C2)CC1
C1CCC(C2CCC(C3CCCC(C4CCCCC4)C3)CC2)CC1
C1CCC(CCC2CCC(C3CCCC(C4CCCC4)C3)CC2)CC1
C1CCC(CC2CCCC(C3CCCC(CC4CCCCC4C4CCCCC4)C3)C2)CC1
C1CCC(C2CCCC(C3CCC(C4CCC(C5CCCC5)CC4)CC3)C2)CC1
C1CCC(CC2CCC(CC3CCC(C4CCCCC4)CC3)C(C3CCC(C4CCCCC4)CC3)C2)CC1
C1CCC(CCC2CCC(CC3CCCCC3)CC2)CC1
C1CCC(CC2CC(C3CCCCC3)C3CCCCC23)CC1
C1CCC(C2CCCC(C3CCCC(C4CCCCC4)C3)C2)CC1
C1CCC(C2CCC(CC3CCC(CC4CCCC(C5CCCCC5)C4)CC3)CC2)CC1
C1CC(CC2CC3CCCCC3C2)CC(C2CCC(CCC3CC4CCCCC4C3)CC2)C1
C1CCC(CC2CCC(CCC3CCC(C4CC(C5CCCCC5)C4)CC3)CC2)CC1
C1CCC(CC2CCC(CC(CC3CCCCC3)C3CCC4CCCCC43)CC2)CC1
C1CCC(C2CCC(C3CCC(C4CCCCC4)CC3)CC2)CC1
C1CCC(C2CCCC(CC3CCC(CC4CCCC4)CC3C3CCCCC3)C2)CC1
C1CCC(CCC2CCC(CC3CCCCC3)CC2)CC1
C1CCC(CC2CCCCC2C2CCCCC2)CC1
C1CCC(CCC2CCC(C3CC(C4CCCCC4)C4CCCCC34)CC2)CC1
C1CCC(CC2CCCCC2)CC1
C1CCC(CCC2CCC(C3CCCCC3)CC2)CC1
C1CCC(C2CC(C3CCCCC3C3CCCCC3)C2)CC1
C1CCC(C2CCC(C3CCCC4CCCCC43)C(C3CCCCC3)C2)CC1
C1CCC(C2CCC(C3CCCCC3C3CCCC3)CC2)C1
C1CCC(CCC2CC(CC3CCCCC3)CC3CCCCC32)CC1
C1CCC(C2CCCC(C3CC(C4CCCC(CC5CCCC5)C4)C4CCCCC34)C2)CC1
C1CCC(C2CCC(CC3CCCCC3CC3CCC(CCC4CCCC4)CC3)CC2)CC1
C1CCC(CC2CCCC(CC3CCCCC3C3CCCC(CC4CCCCC4C4CCCC4)C3)C2)CC1
C1CCC(CCC2CCC(C3CCCCC3)CC2)CC1
C1CCC(CC2CCCC(C3CCC4CCCCC43)C2)CC1
C1CCC(CC2CCC(CC3CCCCC3)CC2)CC1
C(CCCC1CCCCC1)CCCC1CCCCC1
C1CCC(CCCC2CCCC(C3CCC(C4CCCCC4)CC3)C2)CC1
C1CCC(C2CCC(C3CCC(C4CCCCC4)CC3)CC2)CC1
C1CCC(C2CCCC(CC3CC4CCCCC4C3)C2)CC1
C1CCC(C2CCC(C3CCC4CCCCC4C3)CC2)CC1
C1CCC(CC2CCCCC2CCC2CCC(C3CCCCC3)CC2)CC1
C1CCC(C2CCCC(CC3CCC(C4CCCCC4CC4CCCC4)CC3)C2)CC1
C1CCC(CCCC2CCC(C3CCC(CCCC4CCCCC4)CC3)CC2)CC1
C1CCC(CC2CCC(C3CCCC(C4CCCCC4)C3)CC2)CC1
C1CCC(C2CCCC(C3CC(C4CCCC(CC5CC6CCCCC6C5)C4)C4CCCCC34)C2)CC1
C1CCC(CC2CCC(CC3CC(CC4CCCCC4)C4CCCCC34)CC2)CC1
C1CCC(C2CCC3CCC(CC4CCCC(CC5CCCC5)C4)CC32)CC1
C1CCC(CCC2CCCC(C3CCC(CC4CCC(C5CCCCC5)CC4)CC3)C2)CC1
C1CCC(CC2CCCCC2CCCCC2CCC(C3CCCCC3)CC2)CC1
C1CCC(CC2CCC(C3CCC(C4CCC(C5CCCCC5)CC4)CC3)CC2)CC1
C1CCC2CC(CC3CCCCC3C3CCC4C(CCC5CC5)CCCC4C3)CC2C1
C1CCC(CC2CCC(CC3CCCC(C4CCCCC4)C3)C(C3CCCC3)C2)CC1
C1CCC(CC2CCC(C3CCC(C4CC(CC5CCCCC5)C5CCCCC54)CC3)CC2)CC1
C1CCC(C2CCCC(CCC3CCCC(C4CCCC(C5CCCC5)C4)C3)C2)CC1
C1CCC(CC2CCCC(C3CCCC(CC4CCCCC4)C3)C2)CC1
C1CCC(CC2CCCC(CCCCC3CCCC(C4CCCCC4)C3)C2)CC1
C1CCC(CCC2CCC(C3CCCCC3)C(C3CCCC3)C2)CC1
C1CCC(CCCC2CCC(CCC3CCCC(C4CCCC4)C3)CC2)CC1
C1CCC(C2CC(C3CCCCC3)CC(C3CC3)C2)CC1
C1CCC(C2CCC(CC3CCC(C4CCCCC4)CC3)CC2)CC1
C1CCC(C2CCC(CC3CC(C4CCCCC4)CC(C4CCCCC4)C3)CC2)CC1
C1CCC(CC2CCC(CC3CCCCC3)CC2)CC1
C1CCC(C2CCC(C3CCCCC3)CC2)CC1
C1CCC(C2CCC(C3CCCC4CCCCC43)CC2)CC1
C1CCC(C2CCC(C3CCC3)C(C3CCCCC3)C2)CC1
C1CCC(CCC2CCC(C3CCCC(C4CCC4)C3)CC2)CC1
C1CCC(CCCCC2CCC(CC3CCC(CCC4CCCCC4)CC3)CC2)CC1
C1CCC(CCCC2CCCC(CC3CCCCC3C3CCC(CC4CCCCC4)CC3)C2)CC1
C1CCC(CC2CCC(CCCC3CCCC(CC4CCCCC4)C3)CC2)CC1
C1CCC(C2CCC(C3CCCCC3C3CCCC3)CC2)CC1
C1CCC(C2CC(C3CCC(C4CCCC(C5CCCC5)C4)CC3)C2)CC1
C1CCC(CCCC2CCC3CC(C4CCC5CCCCC54)CC(C4CCCCC4)C3C2)CC1
C1CCC(CC2CCCCC2C2CCCCC2CC2CC2)CC1
C1CCC(CC2CCC(C3CCCCC3)CC2)CC1
C1CCC(CCCC2CCC(CCCC3CCCCC3)CC2)CC1
C1CCC(CC2CCC(CCC3CCCC(C4CCCC(C5CCCCC5)C4)C3)CC2)CC1
C1CCC(CC2CCCCC2)CC1
C1CCC(CCC2CCCC(CC3CCCC(C4CCCCC4)C3)C2)CC1
C1CCC(CCCCC2CCCCC2)CC1
C1CCC(CCC2CCCC(C3CCC(C4CCC5CCCCC54)CC3)C2)C1
C1CCC(C2CCCCC2CCC2CCCCC2C2CCC(CC3CCC(CCCC4CC4)CC3)CC2)CC1
C1CCC(C2CCC(C3CCC3)CC2CC2CCC(C3CCCC3)CC2)CC1
C1CCC(CC2CCC(CC3CCC(C4CCCCC4)CC3)CC2)CC1
C1CCC(CC2CCCC(CC3CC(CC4CCCCC4)C4CCCCC34)C2)CC1
C1CCC(CCC2CCCCC2C2CCCC(CC3CCC3)C2)CC1
C1CCC(CCC2CCC(CCC3CCC4C(CC5CCCCC5)CCC4C3)CC2)CC1
C1CCC(CC2CCCC(CC3CCC(C4CCCCC4)CC3)C2)CC1
C1CCC(CCCC2CCC(C3CCCCC3)CC2)CC1
C1CCC(C2CCCCC2C2CCC3CCCCC3C2)CC1
C1CCC(CC2CCC(C3CCC(C4CCCC4CC4CCCC4)CC3)CC2)CC1
C1CCC(CC2CCCC(C3CCC4CCCCC4C3)C2)CC1
C1CCC(C2CCC(CC3CCC4CCCC4C3)CC2)C1
C1CCC(CC2CCC(CCC3CCC(CC4CCCCC4)CC3C3CCCC3)CC2)CC1
C1CCC(C2CC3CCCCC3C(C3CCCCC3)C2)CC1
C1CCC(C2CCC(CC3CC4CCCCC4C3)CC2C2CCCC(CC3CC3)C2)CC1
C1CCC(C2CC(C3CCC4CCCCC43)CC3CCC(CCC4CC5CCCCC5C4)CC32)CC1
C1CCC(C2CCC(C3CCCCC3C3CCCCC3)C(CC3CC3)C2)CC1
C1CCC(CCC2CCC(C3CCCC(C4CCCCC4)C3)CC2CCC2CCCCC2)CC1
C1CCC(CC2CCCCC2)CC1
C1CCC(CC2CCC(C3CCC(CC4CCCCC4)CC3)CC2)CC1
C1CCC(CCC2CCCC(C3CCCC(C4CCCC(CC5CC5)C4)C3)C2)CC1
C1CCC(CC2CCCC(C3CCCCC3)C2)CC1
C1CCC(CCC2CCCCC2C2CCC(CC3CCCCC3)CC2)CC1
C1CCC(C2CCC(C3CCCCC3)CC2)CC1
C1CCC(C2CC(C3CCC4CCCCC43)CC3CCCCC32)CC1
C1CCC(CCC2CCCC(CC3CC(C4CCCCC4)C4CCCCC34)C2)CC1
C1CCC(CC2CCCC(C3CCC4CCCC4C3)C2)CC1
C1CCC(CCC2CCC(C3CCCCC3)CC2)CC1
C1CCC(CC2CCC(C3CCCC(C4CCC(CC5CCCCC5)CC4)C3)CC2)CC1
C1CCC(C2CCCC(C3CCCC(C4CCCCC4)C3)C2)CC1
C1CCC(CCCC2CCC(CCC3CCC(C4CCCCC4)CC3)CC2)CC1
C1CCC(CC2CCC(C3CCCC(CC4CCCCC4)C3)CC2)CC1
C1CCC(C2CCC(C3CCC(CCC4CC5CCCCC5C4)CC3)CC2)C1
C1CCC(C2CCCC(C3CCCCC3)C2)CC1
C1CCC(C2CCCC(CCC3CCC4CCCC4C3)C2)CC1
C1CCC(CCC2CCC(CC3CCCCC3)C(CC3CCCC(C4CC4)C3)C2)CC1
C1CCC(CC2CCC(CC3CCC(C4CCC5CCCC5C4)CC3)CC2)C1
C1CCC(CCC2CCC3CC(CC4CCCCC4)CC(C4CCCCC4)C3C2)CC1
C1CCC(C2CCC(CC3CC(C(C4CCCCC4)C4CCCCC4)C4CCCCC34)CC2)CC1
C1CCC(C2CCC(CC3CCCC(C4CCCCC4)C3)CC2)CC1
C1CCC(CCC2CCC(CC3CCCCC3)CC2)CC1
C1CCC(CCC2CCC3CCCC3C2)CC1
C1CCC(CC2CCCC(C3CCC(CC4CCCCC4C4CCC5CCCCC5C4)CC3)C2)CC1
C1CCC(C2CCCC(C3CCC4CCCCC43)C2)CC1
C1CCC(CCC2CCCC(C3CCCCC3)C2)CC1
C1CCC(CC2CCC(CC3CCCC(C4CCC5CCCCC54)C3)CC2)CC1
C1CCC(C2CCCCC2C2CCCCC2)CC1
C1CCC(C2CCC(C3CCCC(CCCCC4CCC5CCCCC5C4)C3)CC2)CC1
C1CCC(CC2CCC(C3CCCCC3C3CC4CCCCC4C3)C2)CC1
C1CCC(CCCCC2CCC(CCC3CCC(CC4CCCC(CC5CCCCC5)C4)CC3)CC2)CC1
C1CCC(C2CCC(CCCC3CCC(C4CCCCC4)CC3)CC2)CC1
C1CCC(CCC2CCCCC2)CC1
C1CCC(C2CCC(CC3CCC(C4CCCCC4)C(C4CCCC4)C3)CC2)CC1
C1CCC(CC2CCCCC2C2CCCCC2)CC1
C1CCC(C2CCC(C3CCC(CC4CC4)CC3)CC2)CC1
C1CCC(C2CCC(CCCC3CCCC(C4CCCCC4)C3)CC2)CC1
C1CCC(CCC2CCC(CC3CCCCC3)CC2)CC1
C1CCC(C2CCCC(C3CCC4CCCCC43)C2)CC1
C1CCC(C2CCCCC2)CC1
C1CCC(C2CCC(CCC3CCC(C4CCCC4)CC3)CC2)CC1
C1CCC(C2CCC(CC3CCC3)CC2)CC1
C1CCC(CC2CCC(C3CCCCC3)C2)CC1
C1CCC(C2CC3CCC(CC4CC5CCCCC5C4)CC3C(C3CCCCC3)C2)CC1
C1CCC(C2CCCC(CCCCC3CCCCC3C3CCCC3)C2)CC1
C1CCC(CCCC2CCC(CC3CCC(CC4CCCCC4)CC3)CC2)CC1
C1CCC(CC(C2CCCCC2)C2CCCCC2)CC1
C1CCC(CC2CCC(CC3CC3)C(CC3CCCCC3)C2)CC1
C1CCC(C2CCC(C3CCC(C4CC5CCCCC5C4)CC3)CC2)CC1
C1CCC(C2CCCC(CCCC3CCC(CCC4CCCC4)CC3)C2)CC1
C1CCC(CCC2CC(C3CCCCC3)CC(C3CCC4CCCCC43)C2)CC1
C1CCC(C2CC(C3CCCCC3)CC(C3CCCCC3)C2)CC1
C1CCC(C2CCCC(C3CCCCC3)C2)CC1
C1CCC(CC2CCCC(C3CCC(CC4CCCC4)CC3)C2)CC1
C1CCC(CC2CCCC(C3CCCC(C4CCCCC4)C3)C2)CC1
C1CCC(CC2CCC(CC3CCC(C4CCC(C5CCC5)CC4)CC3)CC2)CC1
C1CCC(CC2CCCCC2CCC2CCC3CCCCC3C2)CC1
C1CCC(CCC2CCCC(C3CCCC(C4CCCCC4)C3)C2)CC1
C1CCC(CCCCCC2CCCCC2)CC1
C1CCC(CC2CCC(CC3CCC(C4CCCC4)CC3)CC2)CC1
C1CCC(CCC2CC(CC3CC3)CCC2CC2CCCCC2)CC1
C1CCC(CCC2CCC(CC3CCCCC3C3CCCCC3)CC2)CC1
C1CCC(C2CCCC(C3CCCCC3C3CCCC(C4CCC5CCCC5C4)C3)C2)C1
C(CCC1CCCC1)CCC1CCCCC1C1CCCC2CCCCC21
C1CCC(C2CCC(C3CC3)C(C3CCCC(C4CC4)C3)C2)CC1
C1CCC(CC2C(C3CCCCC3)CCCC2C2CCCC2)CC1
C1CCC(CC2CCCCC2C2CCCCC2CC2CCCC(C3CCCC3)C2)CC1
C(CC1CC2CCCCC2C1)CC1CCCC(C2CCCC(C3CC3)C2CC2CC3CCCCC3C2)C1
C1CCC(C2CCC(C3CCCC3)CC2)CC1
C1CCC(C2CCC(CC3CC4CCCCC4C3)CC2)CC1
C1CCC(C2CCCC(CC3CCC(C4CCCC5CCCCC54)C3)C2)CC1
C1CCC(CC2CCCC(C3CCCCC3)C2)CC1
C1CCC(CC2CCC(CC3CCCC(C4CCCCC4)C3)CC2)CC1
C1CCC(CC2CCC(CCC3CCC(C4CCCC(C5CCCC5)C4)CC3)CC2)CC1
C1CCC(C2CCCC(C3CCC4CCCC4C3)C2)CC1
C1CCC(C2CCC(CCC3CCC(CCCC4CC4)CC3)CC2)CC1
C1CCC(C2CCCC(C3CCCCC3C3CCCCC3)C2)CC1
C1CCC(C2CCCC(C3CCCC(CC4CC4)C3)C2)CC1
C1CCC(CCCCC2CCCC(CC3CCCCC3)C2)CC1
C1CCC(CC2CCC(C3CCCCC3C3CCCC3)CC2)CC1
C1CCC(CCC2CCCC(C3CC(CC4CCCCC4)C4CCCCC43)C2)CC1
C1CCC(CCCCC2CCCC(CC3CCCCC3)C2)CC1
C1CCC(C2CCCCC2C2CCC(C3CCC(C4CCC5CCCCC5C4)CC3)CC2)CC1
C1CCC(C2CCC3CC(C4CCCCC4)CCC3C2)CC1
C1CCC(C2CCC(C3CCCCC3)CC2)CC1
C1CCC(C2CCC(CC3CCC4CCCCC43)CC2)CC1
C1CCC(CCCC2CCCC(C3CCCCC3)C2)CC1
C1CCC(C2CCCC(CC3CCCC(C4CCCCC4)C3)C2)CC1
C1CCC(CC2CCC(CCCCC3CCC4CCCCC34)CC2)CC1
C1CCC(CC2CCC(CCCCC3CCC(C4CCCC4)CC3)CC2)CC1
C1CCC(CCCC2CCCCC2C2CCCCC2)CC1
C1CCC(C2CCCC(C3CCCC(C4CCCC4)C3)C2)CC1
C1CCC(CC2CCCC(CCCC3CCCCC3C3CCCC3)C2)CC1
C1CCC(CC2CCC(C3CCCC3)CC2C2CCCCC2)CC1
C1CCC(CC2CCCCC2C2CCCCC2)CC1
C1CCC(CCC2CCCCC2CC2CCC(CC3CCC(C4CCCC4)CC3)CC2)CC1
C1CCC(CC2CCC(CC3CCCC(C4CCCC(CC5CCCC5)C4)C3)CC2)CC1
C1CCC(CC2CCCC(CCC3CCC4CCCCC43)C2)CC1
C1CC(CC2CCC3CC(C4CCC5CCCCC54)CC(C4CCC(C5CC5)CC4)C3C2)C1
C1CCC(CCCC2CCCCC2C2CCCCC2)CC1
C1CCC(C2CCC(CCC3CCCC(C4CCCCC4)C3)CC2)CC1
C1CCC(C2CCCCC2)CC1
C1CCC(CC2CCCCC2C2CCCCC2CC2CCCCC2)CC1
C1CCC(CCC2CC(C3CCCCC3)C3CCCCC23)CC1
C1CCC(CCCCC2CCC(CC3CCCCC3)CC2C2CCCCC2)CC1
C1CCC(C2CCC(C3CCCCC3)C(C3CCCC3)C2)CC1
C1CCC(CCC2CCC(CC3CCCCC3)CC2CC2CCCCC2)CC1
C1CCC(C2CCC(C3CCC4CCCC4C3)CC2)CC1
C1CCC(CC2CCC(CC3CCC(C4CCCCC4)C3)CC2)CC1
C1CCC(C2CCCCC2C2CCCCC2)CC1
C1CCC(CCC2CCCC(C3CCC4CCCCC43)C2)CC1
C1CCC(C2CCC(C3CCCC(CC4CC(CC5CC5)C5CCCCC45)C3)CC2)CC1
C1CCC(C2CCC3C(CCCC3C3CCCCC3)C2)CC1
C1CCC(CCC2CCC(CC3CCCCC3)C(C3CCCC3)C2)CC1
C1CCC(CC2CCC(CCCCC3CCC(C4CCCCC4)CC3)CC2)CC1
C1CCC(C2CCCC(C3CCC4C(CCC4C4CCCC4)C3)C2)C1
C1CCC(C2CCC(CCC3CCC(CC4CCC(C5CCCCC5)CC4)CC3)CC2)CC1
C1CCC(CCCC2CCC(C3CCCCC3)C2C2CCCCC2)CC1
C1CCC(C2CCCCC2C2CCCC(C3CCCC(C4CCC4)C3)C2)CC1
C1CCC(C2CCC(C3CCC(C4CC(C5CCCCC5)CCC4C4CCC5CCCC5C4)CC3)CC2)CC1
C1CCC(CC2CCCC(C3CCC(CC4CCCCC4)CC3C3CCCCC3)C2)CC1
C1CCC(C2CCCC(C3CCCCC3)C2)CC1
C1CCC(CCC2CCC(CC3CCCCC3)CC2)CC1
C1CCC(C2CCCC(C3CCCCC3)C2)CC1
C1CCC(CCC2CCCCC2C2CCCC(C3CCCCC3)C2)CC1
C1CCC(CC2CCC(CCC3CC(CC4CCCCC4)C4CCCCC34)CC2)CC1
C1CCC(CC2CCC(C3CCCCC3)CC2)CC1
C1CCC(CCCCC2CCC(CC3CCC(C4CCCCC4)CC3)CC2)CC1
C1CCC(C2CCC(C3CCC(C4CCCCC4)CC3)CC2)CC1
C1CCC(CC2CCC(C3CCCCC3)CC2)CC1
C1CCC(CC2CCC(C3CCCCC3)CC2)CC1
C1CCC(CC2CCCC(CCC(C3CCCCC3)C3CCC3)C2)CC1
C1CCC(C2CCC(CC3CCC(CCC4CCC(C5CCCC5)CC4)CC3)CC2)CC1
C1CCC(C2CCC(C3CCCCC3C3CCCC(C4CCCCC4)C3)CC2)CC1
C1CCC(C2CCC(CCC3CCC(CC4CCCC(C5CCCCC5)C4)CC3)CC2)CC1
C1CCC(CCC2CC(C3CCCCC3)CC(C3CCCCC3)C2)CC1
C1CCC(CCC2CCC(C3CCCCC3C3CCCCC3)C(C3CCC4CCCC4C3)C2)CC1
C1CCC(CC2CCC(CCC3CCC(C4CCC4)CC3)CC2)CC1
C1CCC(CCC2CC(C3CCCCC3)CC3CCCCC32)CC1
C1CCC(CC2CCC(C3CCCCC3)CC2)CC1
C1CCC(CC2CCC(C3CCCCC3)C(C3CCC(CC4CC5CCCCC5C4)CC3)C2)CC1
C1CCC(CCCC2CCCC(C3CCCCC3)C2)CC1
C1CCC(CC2CCCC(C(C3CCCCC3)C3CCC(C4CCCCC4)CC3)C2)CC1
C1CCC(CC2CCCC(C3CC(C4CCCCC4)C4CCCCC34)C2)CC1
C1CCC(CCC2CCC(C3CCCC3CC3CCCCC3C3CCC4CCCCC4C3)CC2)CC1
C1CCC(CC2CC(CC3CCC(C4CCCCC4)CC3)CC(C3CCCCC3)C2)CC1
C1CCC(CCCC2CCCCC2C2CCCCC2)CC1
C1CCC(CCCC2CCC(CC3CCCCC3)CC2)CC1
C1CCC(CCC(CCC2CCCCC2)C2CCCCC2CC2CC3CCCCC3C2)CC1
C1CCC(CC2CCCC(C3CCC(C4CCCCC4)CC3)C2)CC1
C1CCC(CCC2CCC(C3CCCCC3)CC2)CC1
C1CCC(CCC2CCC(CCC3CC4CCCCC4C3)CC2)CC1
C1CCC(CC2CC3CCC(C4CCC(C5CC5)CC4CC4CCCCC4)CC3C(C3CCCCC3)C2)CC1
C1CCC(CCC2CCCCC2C2CC(CC3CCCC3)C3CCCCC32)CC1
C1CCC(CCCC2CCC(C3CCC(C4CCC5CCCCC54)CC3)CC2)CC1
C1CCC(CCC2CCC3C(C2)C(CCC2CCCCC2)CC3C2CCCCC2)CC1
C1CCC(CCCC2CCCC(C3CCCCC3)C2)CC1
C1CCC(CCCC2CCCC(C3CCC(C4CCCCC4)CC3)C2)CC1
C1CCC(CC2CCCC(C3CCCCC3C3CCCC(CC4CCC(C5CCCCC5)CC4)C3)C2)CC1
C1CCC(CCC2CCC(CC3CCC(C(CC4CCCCC4)C4CCCCC4)CC3)CC2)CC1
C1CCC(CCCC2CCC(CC3CCCCC3)CC2CC2CCCCC2)CC1
C1CCC(CC2CCCC(CCCC3CC4CCCCC4C3)C2)CC1
C1CCC(CC2CCC(CC3CCC(C4CCCCC4C4CCCC4)CC3)CC2)CC1
C1CCC(C2CCCC(C3CCC4CCCCC43)C2)CC1
C1CCC(CC2CCC(C3CCC(CCC4CCCC(C5CCCCC5)C4)CC3)CC2)CC1
C1CCC(CC2CCC(CC3CCCC(CCCC4CCCC(C5CCCCC5)C4)C3)CC2)CC1
C1CCC(C2CCCC(C3CCCCC3)C2)CC1
C1CCC(CC2CCCC(CCC3CCC(C4CCCC4)CC3)C2)CC1
C1CCC(C2CC(C3CCCCC3)CC(C3CCC3)C2)CC1
C1CCC(CCC2CCCC(CC(CC3CC3)C3CCCCC3)C2)CC1
C1CCC(CCCC2CC3CCCCC3C(C3CCCCC3)C2)CC1
C1CCC(CC2CCCC(CCC3CCC(CCC4CC5CCCCC5C4)CC3)C2)CC1
C1CCC(CCCC2CCC(CCC3CCC(C4CCCC(C5CCCCC5)C4)CC3)CC2)CC1
C1CCC(CC2CCC(CC3CCCC(CC4CCC(C5CCCC5)CC4)C3)CC2)CC1
C1CCC(CCCC2CC(CC3CC3)CCC2C2CCCCC2)CC1
C1CCC(C2CCCC(CCCC3CCC(CCC4CC4)CC3C3CCCCC3)C2)CC1
C1CCC(C2CCCC(CC3CCC(CC4CCCC(C5CCCC5)C4)CC3)C2)CC1
C1CCC(CC2CCCC(C3CCCC(CC4CCCCC4)C3)C2)CC1
C1CCC(CCCC2CCCC(C3CC(C4CCCCC4)C4CCCCC34)C2)CC1
C1CCC(CC2CCC(C3CCCCC3)CC2)CC1
C1CCC(CCCCC2CCCCC2C2CCC(CC3CCCCC3)CC2)CC1
C1CCC(CC2CCCCC2CC2CCCCC2)CC1
C1CCC(C2CCCC(C(C3CCCCC3)C3CCCCC3)C2)CC1
C1CCC(C2CCCC(C3CCCCC3)C2)CC1
C1CCC(C2CCCCC2C2CCC3CCCC3C2)CC1
C1CCC(CC2CCC(CCCC3CCCC(CC4CCCCC4)C3)CC2)CC1
C1CCC(CCCC2CCC3CC(C4CCCC(C5CCCCC5)C4)CCC23)CC1
C1CCC(CCCCC2CC(CC3CCCCC3)CCC2C2CCCCC2)CC1
C1CCC(C2CCCCC2CC2CCC(C3CCCCC3C3CCCCC3)CC2)CC1
C1CCC(C2CCCC(CC3CCC(C4CCCC(C5CCCCC5)C4)CC3C3CCCCC3)C2)CC1
C1CCC(CC2CCCC(C3CCCCC3)C2)CC1
C1CCC(CCCC2CCC(C3CCCCC3)CC2)CC1
C1CCC(CCCC2CCC(CCC3CC(CC4CCCCC4)CCC3C3CCCCC3C3CC3)CC2)CC1
C1CCC(CC2CCC(CC3CCCC3)CC2)CC1
C1CCC(CC2CCC(C3CCCCC3)CC2)CC1
C1CCC(C2CCCC(C3CCCCC3)C2)CC1
C1CCC(CC2CCC(CC3CC(CCC4CCCC4)CCC3C3CC4CCCCC4C3)CC2)CC1
C1CCC(CCCCC2CCC(C3CCCC(C4CCCC(C5CCCCC5)C4)C3)CC2)CC1
C1CCC(C2CCC(C3CCC(C4CCCCC4)CC3)CC2)CC1
C1CCC(CCC2CCCC(C3CCC(C4CCCCC4)CC3C3CCCC3)C2)CC1
C1CCC(CCC2CCC(CCCCC3CCCC(CC4CCCCC4)C3)CC2)CC1
C1CCC(CCCCC2CCCC(C3CCCCC3)C2)CC1
C1CCC(C2CCCC(CC3CCCC(C4CCCC(C5CCC6CCCCC65)C4)C3)C2)CC1
C1CCC(CC2CCC(CCCCC3CCCCC3C3CCCCC3)CC2)CC1
C1CCC(C2CCCC(CC3CCC(C4CCC5CCCCC54)CC3)C2)CC1
C1CCC(CC2CC(CC3CCCC(C4CCCCC4)C3)C3CCCCC23)CC1
C1CCC(CC2CCCC(CCCCC3CCC(C4CCCCC4)CC3)C2)CC1
C1CCC(CCC2CCC3CC(C4CCC5CCCCC54)CC(C4CCC5CCCC5C4)C3C2)C1
C1CCC(C2CC(C3CCCCC3)CC(C3CCCCC3)C2)CC1
C1CCC(CCC2CCCCC2)CC1
C1CCC(CCC2CCC(CCC3CCCCC3)CC2)CC1
C1CCC(C2CCC(CC3CCCC(CC4CCCC4)C3)CC2)CC1
C1CCC(CCC2CCCC(C3CCCC(C4CCC5CCCCC54)C3)C2)CC1
C1CCC(CC2CCCC(C3CCC(C4CCC(C5CCCC5)CC4)C3)C2)CC1
C1CCC(C2CCCC(CC3CC(C4CCCCC4)C4CCCCC34)C2)CC1
C1CCC(CC2CCC(CC3CCC(C4CCCCC4)CC3)CC2)CC1
C1CCC(C2CC(C3CCCCC3)C3CCCCC23)CC1
C1CCC(C2CCCCC2C2CCC(C3CCC4CCCCC43)CC2)CC1
C1CCC(C2CCC(C3CCC3)CC2)CC1
C1CCC(CCC2CCC(CC3CCC(C4CCCC(CC5CC5)C4)CC3)CC2)CC1
C1CCC(CCCCC2CC(CC3CCCCC3)CCC2CC2CCCCC2)CC1
C1CCC(CC2CCCC(C3CC4CCCCC4C3)C2)C1
C1CCC(CCC2CCCCC2C2CCCC(CC3CCCCC3)C2)CC1
C1CCC(CC2CCCC(CC3CCCC(C(C4CCCCC4)C4CCCCC4)C3)C2)CC1
C1CCC(CC2CCCCC2C2CCCC(C3CCC(C4CCC5CCCCC54)CC3)C2)CC1
C1CCC(CC2CCC(C3CCCCC3C3CCC4CCCCC4C3)CC2)C1
C1CCC(CC2CCC3C(C2)C(CC2CCCCC2)CC3C2CCCCC2)CC1
C1CCC(CC2CCCC(CCC3CCCC(C4CCCCC4)C3)C2)CC1
C1CCC(CCCC2CCC(CCC3CCCCC3)CC2)CC1
C1CCC(C2CCCC(C3CCCC(CCC4CCCC4)C3)C2)CC1
C1CCC(CC2CC(C3CCCCC3)CC(C3CCCC3C3CCCCC3)C2)CC1
C1CCC(CC2CCCC(C3CC(C4CCCCC4)CC(C4CC4)C3)C2)CC1
C1CCC(CCC2CC(C3CCCC(C4CCCCC4)C3)C3CCCCC23)CC1
C1CCC(CCCCC2CCC(CC3CCC(CC4CCC5CCCC5C4)CC3)CC2)CC1
C1CCC(CC2CCC3CC(C4CC(CCC5CCC(C6CCCCC6)CC5)CCC4C4CCC5CCCCC5C4)CCC23)CC1
C1CCC(CCCCC2CCC(CC3CCC(CC4CCCCC4)CC3)CC2)CC1
C1CCC(CC2CCC(CC3CCCCC3)CC2)CC1
C1CCC(C2CCCCC2C2CCCC(C3CCCC3)C2)CC1
C1CCC(CC2CCCC(C3CCCCC3)C2)CC1
C1CCC(CC2CCCC(CC3CCCCC3C3CCCCC3)C2)CC1
C1CCC(CC2CC(CCCC3CCC(C4CCCCC4C4CCCCC4)CC3)C3CCCCC23)CC1
C1CCC(CC2CCCC(CC3CCCC(C4CCCCC4)C3)C2)CC1
C1CCC(CC2CCC(CC3CCC(C4CC4)CC3)CC2)CC1
C1CCC(CC(C2CCCCC2)C2CCCC(C3CCCC(C4CCCCC4)C3)C2)CC1
C1CCC(CCC2CCCCC2C2CCC(C3CCC4CCCCC43)CC2)CC1
C1CCC(CCCC2CC(C3CCCC(C4CCCCC4)C3)C3CCCCC23)CC1
C1CCC(CC2CCCC(CC3CCCC(C4CCCCC4)C3)C2)CC1
C1CCC(C2CCCC(C(C3CCCC3)C3CCC4CCCCC4C3)C2)CC1
C1CCC(CCC2CC(C3CC3)CC(C3CCCC(CC4CCCCC4)C3)C2)CC1
C1CCC(C2CCCC(C3CCCCC3)C2)CC1
C1CCC(CCC2CCCC(C3CCCCC3)C2)CC1
C1CCC(C2CCC(C3CCC(C4CC4)CC3)CC2)CC1
C1CCC(C2CCC(CCC3CC4CCCCC4C3)CC2)CC1
C1CCC(CCC2CCC(CC3CCCCC3)CC2)CC1
C1CCC(CC2CCC(CC3CCC(C4CCCC4)CC3)CC2)CC1
C1CCC(CCCCC(C2CCCCC2)C2CCCCC2C2CCCCC2)CC1
C1CCC(CCC2CCCCC2)CC1
C1CCC(CCC2CCC(CC3CCCCC3)CC2)CC1
C1CCC(CC2CCCC(C3CCCC(C4CCCCC4)C3)C2)CC1
C1CCC(CC2CCCC(C3CCCC3)C2)CC1
C1CCC(CC2CCC(CCCCC3CCCCC3C3CCCCC3)CC2)CC1
C1CCC(CC2CC(CCC3CCCC(C(CC4CCCCC4)C4CCCCC4)C3)C3CCCCC23)CC1
C1CCC(C2CCC(CC3CC(C4CCC(C5CCCC5)CC4)C4CCCCC34)C2)CC1
C1CCC(CCCC2CC(CC3CCCCC3)C3CCCCC23)CC1
C1CCC(CCCCC2CCC(C3CCCCC3)CC2)CC1
C1CCC(C2CCCC(C3CCCC(C4CCCCC4C4CCCCC4)C3)C2)CC1
C1CCC(C2CCC(C3CCCCC3)CC2)CC1
C1CCC(C2CCCC(C3CCCC(C4CCCC4)C3)C2)CC1
C1CCC(CC2CCC(CC3CCC(CC4CCCCC4)CC3)CC2)CC1
C1CCC(CC2CCCC(CCC3CCCC(C4CCCCC4)C3)C2)CC1
C1CCC(CC2CCC(CCC3CCCC(C4CCCCC4)C3)CC2)CC1
C1CCC(C2CCCCC2)CC1
C1CCC(C2CCC(CCCC3CCC(C4CCCC4)C(C4CCCC4)C3)CC2)CC1
C1CCC(CCCC2CCC(C3CCC(C4CCCCC4)CC3)CC2)CC1
C1CCC(CC2CCC(CCC3CCCCC3C3CCCCC3C3CCCCC3)CC2)CC1
C1CCC(C2CCC(C3CCC(C4CCCCC4)C(C4CCCCC4)C3)CC2)CC1
C1CCC(C2CCCC(CCC3CCCC(CC4CCC4)C3)C2)CC1
C1CCC(CCCC2CC3CCCCC3C(C3CCCCC3)C2)CC1
C1CCC2CC(CC3CCC(C4CC5CCCCC5C(C5CCCC5)C4)CC3)CC2C1
C1CCC(CC2CCC(C3CCCC(C4CCCCC4)C3)CC2)CC1
C1CCC(C2CCCC(C3CCCCC3C3CCCC3)C2)CC1
C1CCC2CC(C3CCCC(C4CCC(C5CCC6CCCC6C5)CC4)C3)CCC2C1
C1CCC(CC2CCC3CC(CC4CCC5C(CCCC5C5CCCC5)C4)CCC3C2)CC1
C1CCC(CC2CCC3C(CC4CCCCC4)CC(CCC4CCC(C5CCCCC5)CC4)C3C2)CC1
C1CCC(CC2CCC(CCC3CCCC4CCCCC43)C(C3CCCCC3)C2)CC1
C1CCC(CC2CCC(C(CC3CCCC3)C3CCCC3)CC2)CC1
C1CCC(CC2CCCC(C3CCCCC3)C2)CC1
C1CCC(C(CCC2CCC3CCCCC32)C2CCCCC2)CC1
C1CCC(CC2CCC(CC3CCC(CCC4CCC5CCCCC5C4)CC3)CC2)CC1
C1CCC(CCCC2CCC(CCC3CCCC(C4CCCCC4)C3)CC2)CC1
C1CCC(C2CCC(C3CCC(C4CCC(C5CCCC(C6CCCC6)C5)CC4)CC3)CC2)CC1
C1CCC(CC2CCCCC2)CC1
C1CCC(CC2CCC(CCCC3CCCC(C4CCCCC4)C3)CC2)CC1
C1CCC(CCC2CCC(C3CCCCC3)CC2)CC1
C1CC(CC2CCCC(C3CCCC3)C2)CC(CC2CC3CCCCC3C2)C1
C1CCC(CCC2CCCC(C3CCCC(C4CCCC(CCC5CCCCC5)C4)C3)C2)CC1
C1CCC(CC2CCC(C3CCCC(C4CCCCC4)C3)CC2)CC1
C1CCC(CCC2CC(CC3CCCCC3)C3CCC(CCC4CC5CCCCC5C4)CC23)CC1
C1CCC(CCC2CCC3CC(CC4CCCCC4)CCC3C2)CC1
C1CCC(CC2CCCC(C3CCCCC3)C2)CC1
C1CCC(C2CCC(CCCC3CCC(C4CCC(CC5CC5)CC4)CC3)CC2)CC1
C1CCC(C2CCCC(C3CCCCC3)C2)CC1
C1CCC(CCC2CCC(C3CCCCC3)CC2C2CCCCC2)CC1
C1CCC(CCCC2CCC(C3CCC(CCC4CCC4)CC3)CC2)CC1
C1CCC(CC2CC(C3CCC(CC4CCCC(C5CCCC5)C4)CC3)C3CCCCC23)CC1
C1CCC(CC2CC(CC3CC3)CC(C3CCCCC3)C2)CC1
C1CCC(CC2CCCCC2CC2CCCCC2)CC1
C1CCC(CC2CCC(C3CC4CCCCC4C(C4CCCCC4)C3)CC2)CC1
C1CCC(C2CCCC(C3CCCC(CCC4CCCCC4C4CCCCC4)C3)C2)CC1
C1CCC(C2CCCCC2C2CCC(C3CCCC3)CC2)CC1
C1CCC(C2CCC(C3CCCCC3C3CCC(C4CCCC(C5CCCCC5)C4)CC3C3CCCC3)CC2)CC1
C1CCC(CCC2CCCC(C3CCCC(C4CCCCC4)C3)C2)CC1
C1CCC(C2CCCC(C3CCC4CCCCC4C3)C2)CC1
C1CCC(CC2CCC(CC3CCC(CC4CCCCC4)CC3)CC2)CC1
C1CCC(C2CCCC3CCC(C4CCC5CCCCC5C4)C32)CC1
C1CCC(CCCC2CC(C3CCCCC3)CC(C3CCCC3C3CC3)C2)CC1
C1CCC(C2CCCC(CC3CCC(C4CCC(C5CC5)CC4)CC3C3CCCC3)C2)C1
C1CCC(C2CCC(C3CCCC(C4CCCC(CC5CCCC5)C4)C3)CC2)CC1
C1CCC(CC2CCCC(C3CCC(CC4CCCC4)CC3)C2)CC1
C1CCC(C2CCC(C3CCCCC3C3CCCCC3)CC2)CC1
C1CCC(C2CCCC(CC3CCCC(CCC4CC5CCCCC5C4)C3)C2)CC1
C1CCC(CCC2CCC(CC3CCCCC3CC3CCCCC3)CC2)CC1
C1CCC(CC2CCC3CC(C4CCC5CCCCC54)CC(C4CCCCC4)C3C2)CC1
C1CCC(CC(C2CCCCC2)C2CCCCC2)CC1
C1CCC(CC2CCCC(CC3CCCC(C4CCC(C5CCC(C6CCCCC6)CC5)CC4)C3)C2)CC1
C1CCC(CC2CCC(CCCC3CCC(CC4CCCCC4)CC3)CC2)CC1
C1CCC(C2CCC(CC3CCCC(C4CCCC(C5CCCC5)C4)C3)CC2)CC1
C1CCC(CC2CCCC(C3CCCC(C4CCCC4)C3)C2)CC1
C1CCC(CCC2CCCCC2CC2CCCCC2C2CCC3CCCCC3C2)CC1
C1CCC(C2CCCC(C3CCCCC3C3CCCCC3)C2)CC1
C1CCC(CC2CCCCC2C2CCC3CCCCC3C2)CC1
C1CCC(CCC2CCC(C3CCCCC3)CC2)CC1
C1CCC(CCCC2CCCC(C3CCC(C4CCCCC4C4CCCCC4)CC3)C2)CC1
C1CCC(C2CCCC(CC3CCCC(C4CCCC(C5CCC5)C4)C3)C2)CC1
C1CCC(CC2CCC(CC3CCCCC3)CC2)CC1
C1CCC(CC2CCC(CC3CCCCC3)CC2)CC1
C1CCC(CCCC2CC(C3CCCCC3)C3CCCCC23)CC1
C1CCC(CCCC2CCCC(CCC3CC4CCC(C5CCCCC5)CC4C3)C2)CC1
C1CCC(CCCCC2CCC(C3CCCCC3)CC2)CC1
C1CCC(CC2CCC(C3CCC(C4CCCC4)CC3)CC2)CC1
C1CCC(CC2CCCC(C3CCC(C4CCCCC4)CC3)C2)CC1
C1CCC(CC2CCCC(CCC3CCC(CCCC4CCCC(C5CCCC(C6CCCCC6)C5)C4)CC3)C2)CC1
C1CCC(C2CCCC(C3CCC(C4CCC4)CC3C3CCC4CCCC4C3)C2)CC1
C1CCC(C2CCCC(C3CC(C4CCCC4C4CCCCC4)C4CCCCC34)C2)CC1
C1CCC(CC2CCC(C3CCC(C4CCCCC4)CC3)CC2)CC1
C1CCC(CC2CC(CC3CCCCC3)C3CCCCC23)CC1
C1CCC(CC2CCC(CC3CCCC(C4CCCCC4)C3)CC2)CC1
C1CCC(C2CCC(C3CCCCC3)CC2)CC1
C1CCC(CCC2CC(C3CCCCC3CC3CCCC(CC4CCCCC4)C3)C3CCCCC23)CC1
C(CCC1CCC(CC2CCCCC2)CC1)CCC1CCC(CC2CC2)CC1
C1CCC(CC2CCCCC2C2CC3CCCCC3C2)CC1
C1CCC(C2CCCC(C3CCCCC3)C2)CC1
C1CCC(C2CCC(C3CCC(C4CCCC(C5CCCCC5)C4)C4CCCC34)CC2)CC1
C1CCC(C2CCCC(CC3CCC(CCC4CCCCC4C4CCCCC4)CC3)C2)CC1
C1CCC(CCC2CCC(C3CCC4CCCCC43)CC2)CC1
C1CCC(CC2CCC(CC3CCC(CC4CCCC(C5CCCCC5)C4)CC3)CC2)CC1
C1CCC(CC2CCCC(CCC3CCC(C4CCC5CCCC5C4)CC3)C2)CC1
C1CCC(C2CCC(C3CCC(C4CCC(CC5CCCC5)CC4)CC3)CC2)CC1
C1CCC(CC2CCCC(CCC3CCC(C4CCCC(C5CCCCC5)C4)CC3)C2)CC1
C1CCC(CCCC2CCCC(C3CCC(C4CCCC(CC5CC5)C4)CC3)C2)CC1
C1CCC(CC2CCC(C3CCCC4CC(CC5CC6CCCCC6C5)CCC43)CC2)CC1
C1CCC(CCC2CCC(CC3CCCCC3C3CCC(C4CCCCC4)CC3)CC2)CC1
C1CCC(C2CCC(C3CCCCC3)C(C3CCCCC3)C2)CC1
C1CCC(CC2CCC(C3CCCCC3C3CCCCC3)CC2)CC1
C1CCC(CC2CCCC(C3CCCCC3)C2)CC1
C1CCC(CCC2CCC(CC3CCCCC3)CC2)CC1
C1CCC(CC2CCC(C3CC(CC4CCCCC4)C4CCCCC43)CC2)CC1
C1CCC(CC2CC(CC3CCCC(C4CCCCC4)C3)C3CCCCC23)CC1
C1CCC(CC2CCCCC2C2CCC3C(CCCC3C3CCCCC3)C2)CC1
C1CCC(CC2CCC(CC3CCC(CC4CC5CCCCC5C4)CC3)CC2)CC1
C1CCC(CC2CCCC(C3CCCCC3C3CCCCC3)C2)CC1
C1CCC(CCCCC2CCC3CCC(C4CCCCC4C4CCC(CC5CCCCC5)CC4)CC23)CC1
C1CCC(CC2CCCCC2CCC2CCCC(C3CCCC4CCCCC43)C2)CC1
C1CCC(C2CCCCC2CC2CC3CCCCC3C2)CC1
C1CCC(C2CCCC(C3CC(CCC4CC5CCCCC5C4)C4CCCCC43)C2)CC1
C1CCC(CC2CC(CCCC3CCC(C4CC(CC5CC5)C5CCCCC54)CC3)C3CCCCC23)CC1
C1CCC(CCC2CCC(C3CCCCC3C3CCC4CCCC4C3)CC2)CC1
C1CCC(CCC2CC(C3CCCCC3)CCC2C2CCCC2)CC1
C1CCC(CC2CCC(C3CC(CC4CCCC4)C4CCCCC43)CC2)CC1
C1CCC(C2CCC(CC3CCCC(CCC4CCCC(C5CC6CCCCC6C5)C4)C3)CC2)CC1
C1CCC(CCC2CC(C3CCC3)CC(C3CCCC(CC4CCCCC4)C3)C2)CC1
C1CCC2CC(CC3CCC(C4CCC4)CC3C3CCCC3)CCC2C1
C(CCCCC1CCCC(CC2CCCCC2)C1)CCCC1CCCCC1
C1CCC(C2CCCC(CC3CCCC(C4CCCCC4)C3)C2)CC1
C1CCC(C2CCC(CC3CCCC(C4CCC5CCCC5C4)C3)CC2)CC1
C1CCC(CC2CCCC(CC3CC(C4CCCCC4)C4CCCCC34)C2)CC1
C1CCC(C2CCCCC2)CC1
C1CCC(CC2CC(C3CCCCC3)C3CC(C4CCCCC4)CCC23)CC1
C1CCC(C2CCCC(C3CCCCC3)C2)CC1
C1CCC(C2CC(C3CCCCC3)CC(C3CCC3)C2)CC1
C1CCC(CCC2CCC(CCC3CCC(CC4CCCC4)CC3)C(CCC3CCCCC3)C2)CC1
C1CCC(C2CCCCC2CC2CCC(CC3CCC(C4CCCC4)CC3)CC2)CC1
C1CCC(C2CCCC3CC(C4CCCCC4C4CCCC(C5CCCC(C6CCC6)C5)C4)CCC32)CC1
C1CCC(CC2CCC(CC3CCCC(C4CCCCC4)C3)CC2)CC1
C1CCC(C2CCC(C3CCCC(C4CCCCC4)C3)CC2)CC1
C1CCC(CC2CCC(C3CCCCC3)CC2)CC1
C1CCC(C2CCCC(C3CCC4CCCC4C3)C2)CC1
C1CCC(CCC2CCC(CC3CCCCC3)CC2)CC1
C1CCC(CCC2CC(CC3CCCCC3)CCC2CC2CCCCC2)CC1
C1CCC(CC2CCC(C3CCCC(C4CCCCC4C4CCCCC4)C3)CC2)CC1
C1CCC(CCC2CCC(CCC3CCC(CC4CCC5CCCC5C4)CC3)CC2)CC1
C1CCC(CC2CCC3CC(C4CCC5CCCCC54)CCC3C2)CC1
C1CCC(CC2CC(CC3CCCCC3)C3CCCCC23)CC1
C1CCC(CCC2CCCC(C3CCCCC3)C2)CC1
C1CCC(C2CCCCC2CC2CCCC(C3CCCC3)C2)CC1
C1CCC(CCCC2CC(CC3CCCCC3)C3CCCCC23)CC1
C1CCC(CCC2CCC(C3CCCCC3)CC2C2CCCCC2)CC1
C1CCC(CCC2CCC(C3CCCCC3)CC2)CC1
C1CCC(C2CCCCC2C2CCCC2)CC1
C1CCC(CCCC2CCCCC2CC2CCCCC2)CC1
C1CCC(CC2CCC(C3CCCC(CC4CCCCC4)C3)CC2)CC1
C1CCC(CC2CCCCC2CC2CCCC(C3CCCCC3)C2)CC1
C1CCC(CC2CCCC(C3CCCC4CC(C5CCCCC5)CCC43)C2)CC1
C1CCC(C2CCCC(C3CCCCC3)C2)CC1
C1CCC(CC2CCC(C3CCCCC3)CC2)CC1
C1CCC(C2CCCC(CC3CCCCC3C3CCCCC3)C2)CC1
C1CCC(CC2CCC(CC3CCCC(C4CCCCC4)C3)CC2)CC1
C1CCC(CC2CCCCC2C2CCCCC2)CC1
C1CCC(CCCC2CCCCC2C2CCCC(C3CCCCC3)C2)CC1
C1CCC(CC2CCCC(CC3CCCCC3C3CCC4CCCCC4C3)C2)CC1
C1CCC(CC2CCC(C3CCCC(C4CCCCC4)C3)CC2)CC1
C1CCC(CC2CCC3CC(C4CCCCC4)CCC23)CC1
C1CCC(CC2CC(C3CCCC(CC4CCC5CCCCC54)C3)C3CCCCC23)CC1
C1CCC(CC2CCC(C3CCC4CC(C5CCCCC5)CCC4C3)C2)CC1
C1CCC(CC2CC(C3CCCCC3C3CCCCC3)C3CCCCC23)CC1
C1CCC(CCC2CCC3C(CCC3CC3CCCC(C4CCC4)C3)C2)CC1
C1CCC(CC2CCC(C3CCCCC3)CC2)CC1
C1CCC(C2CCCC(C3CC4CCCCC4C(C4CCCCC4)C3)C2)CC1
C1CCC(CCC2CCCC(C3CC(CCC4CCCCC4)CC(C4CCCCC4)C3)C2)CC1
C1CCC(C2CCCCC2C2CCCC(C3CCCCC3C3CC3)C2)CC1
C1CCC(C2CCCC(CC3CCC4CCCCC43)C2)CC1
C1CCC(C2CCC(CC3CCCC(C4CCCC(C5CCCCC5)C4)C3)CC2)CC1
C1CCC(C2CC(C3CCCCC3)CC(C3CCCCC3)C2)CC1
C1CCC(C2CCC(C3CCCCC3)CC2)CC1
C1CCC(C2CCC(CC3CCCC(C4CCCCC4)C3)CC2)CC1
C(CCC1CCCC(CC2CCCC2)C1)CC1CCC(CC2CCC(C3CCC3)CC2)CC1
C1CCC(C2CCCCC2CC2CCCCC2C2CCC3C(CCCC3C3CCCC3)C2)CC1
C1CCC(CCC2CCCCC2CCCC2CCC(CCC3CCCC3)CC2)CC1
C1CCC(CCC2CC(CC3CCC(C4CCCCC4)CC3)C3CCCCC23)CC1
C1CCC(C2CCC(C3CC3)C(C3CCCCC3)C2)CC1
C1CCC(CC2CCC(C3CCC4CCCCC43)CC2C2CCC3CCCC3C2)CC1
C1CCC(CC2CCCC(C3CCCCC3C3CCC(C4CCCCC4)CC3)C2)CC1
C1CCC(CC2CCC(C3CCC(CC4CCC(CC5CC5)CC4)CC3)CC2)CC1
C1CCC(C2CCCC(C3CCCCC3)C2)CC1
C1CCC(CCC2CCC(CCC3CCCCC3)CC2)CC1
C1CCC(CC2CCC(C3CCC(CC4CCCCC4C4CCCCC4)CC3)C2)CC1
C1CCC(CCC2CC(CC3CCCCC3)C3CCCCC23)CC1
C1CCC(CCC2CCCC(CC3CCCCC3)C2)CC1
C1CCC(CCCC2CC(C3CCCCC3)CC(C3CCCC(C4CCC(C5CCCCC5)CC4)C3)C2)CC1
C1CCC(CC2CCCCC2C2CCC3C(CC4CCCCC4)CCCC3C2)CC1
C1CCC(CC2CCC(CC3CCC(CC4CCCC4)CC3)CC2)CC1
C1CCC(C2CCCC(C3CCCCC3C3CCC4CCCCC4C3)C2)CC1
C1CCC(C2CCCCC2C2CCCCC2C2CCCC2)CC1
C1CCC(CC2CCC(CC3CCC(CC4CCCC4)CC3)CC2)CC1
C1CCC(CC2CCC(C3CCCC(C4CCCCC4)C3)CC2)CC1
C1CCC(CC2CC(C3CCC(C4CCCCC4)CC3)C3CCCCC23)CC1
C1CCC(CC2CCC(C3CCCCC3)CC2)CC1
C1CCC(C2CCC3CC(C4CCC(CCC5CCCC(C6CCCC6)C5)CC4)CCC32)CC1
C1CCC(C2CCCC(CC3CCCC(C4CC4)C3)C2)CC1
C1CCC(CCC2CCCC(C3CCCCC3)C2)CC1
C1CCC(CC2CCC(C3CCCC(C4CCCC4)C3)CC2C2CCCCC2)CC1
C1CCC(CC2CCCC3CC(CC4CCCC(C5CCCCC5)C4)CC23)CC1
C1CCC(CCC2CCCC(C3CCCC(C4CCCCC4)C3)C2)CC1
C1CCC(C2CCC(CCC3CC(C4CCCCC4)C4CCCCC34)CC2)CC1
C1CCC(CC2CCC(C3CCCC(C4CCCCC4)C3)CC2)CC1
C1CCC(CCC2CCC(CC3CCCCC3)CC2)CC1
C1CCC(CCC2CCCC(CC3CCCCC3)C2)CC1
C1CCC(CC2CCC(CCC3CCC(C4CCC4)CC3)CC2)CC1
C1CCC(C2CCC(C3CCCCC3C3CCCCC3)CC2)CC1
C1CCC(CCC2CCC(C3CCCCC3)C(C3CC3)C2)CC1
C1CCC(C2CCC3CC(C4CCC(C5CCCC5)CC4)CCC32)CC1
C1CCC(CC2CCC(CCC3CCC(CC4CC5CCCCC5C4)CC3)CC2)CC1
C1CCC(CCC2CCC(C3CCC(C4CCCCC4)CC3)CC2)CC1
C1CCC(CCCCC2CCC3CCC(C4CCCCC4)CC3C2)CC1
C1CCC(C2CCC(C3CCC(CC4CCCC(C5CCCC5)C4)CC3)CC2)C1
C1CCC(CCC2CCC(CC3CCCCC3)CC2)CC1
C1CCC(CCCCC2CCC(C3CCCC(C4CCC(CC5CCCCC5)CC4)C3)CC2)CC1
C1CCC(C2CCC(CC3CC4CCCCC4C3)CC2)CC1
C1CCC(C2CCCCC2)CC1
C1CCC(C2CCCC(C3CCC(C4CCCCC4)CC3C3CCC(C4CC4)CC3)C2)CC1
C1CCC(C2CCCCC2C2CCCC(CC3CC4CCCCC4C3)C2)CC1
C1CCC(CCCC2CC(CC3CCC(CC4CCCCC4)CC3)C3CCCCC23)CC1
C1CCC(CC2CCCC(CC3CCCCC3)C2)CC1
C1CCC(CC2CCCC(C3CCCCC3)C2)CC1
C1CCC(CCC2CC(CC3CCCCC3)CCC2CC2CCC(CC3CCCCC3)CC2)CC1
C1CCC(C2CCC3CC(C4CCC5CCCCC54)CC(C4CCCCC4)C3C2)CC1
C1CCC(C2CCCCC2C2CCCCC2)CC1
C1CCC(C2CCC(C3CCCCC3C3CCCCC3C3CCCC3)CC2)CC1
C1CCC(C2CCCC(C3CCC4CCCC4C3)C2)CC1
C1CCC(CC2CCCC(C3CCCCC3)C2C2CCCCC2)CC1
C1CCC(C2CC(C3CCCCC3)CC(C3CCCCC3)C2)CC1
C1CCC(C2CCC(C3CCCCC3)C(C3CCCCC3)C2)CC1
C1CCC(CCCC2CCC(C3CCCC(CC4CCCCC4)C3)CC2)CC1
C1CCC(C2CCC(CC3CCC(C4CCCC(C5CCCCC5)C4)CC3)CC2)CC1
C1CCC(CC2CCC(CC3CCC(CC4CCCC4)CC3)CC2)CC1
C1CCC(CCCC2CCC(CC3CCCCC3)CC2CC2CCCCC2)CC1
C1CCC(CC2CCC(CC3CCC(CC4CCCC4)CC3)CC2)CC1
C1CCC(C2CCC(C3CCC(C4CCCC5CCCCC54)C(C4CCCC4)C3)CC2)CC1
C1CCC(CCC2CCCC(C3CCCCC3)C2)CC1
C1CCC(CCC2CCC(CC3CCCC(C4CCCCC4C4CCCC4)C3)C(C3CCCC3)C2)CC1
C1CCC(C2CCCC(CC3CCC4CCCC4C3)C2)CC1
C1CCC(C2CCC3C(CCCC3C3CCCC(CC4CCC(CC5CC5)CC4)C3)C2)CC1
C1CCC(CC2CC(CC3CCC(C4CCCCC4)CC3)C3CCCCC23)CC1
C1CCC(CCCC2CCCCC2)CC1
C1CCC(CC2CCCCC2CC2CCCCC2C2CCCCC2)CC1
C1CCC(C2CCCC(C3CCCCC3)C2)CC1
C1CCC(CC2CCC(CCC3CCC(C4CCCCC4)CC3)CC2)CC1
C1CCC(C2CCCC(C3CCCCC3)C2C2CCCCC2)CC1
C1CCC(CC2CCC(CC3CCCC(C4CCCC(C5CCCCC5)C4)C3)CC2)CC1
C1CCC(CC2CCCC(CC3CCCC(C4CCCCC4)C3)C2)CC1
C1CCC(CCC2CCCCC2)CC1
C1CCC(CC2CCCC(C3CCC(CC4CCC(C5CCCCC5)C4)CC3)C2)CC1
C1CCC(CCC2CCC3CC(C4CCC5CCCCC54)CC(C4CCCCC4)C3C2)CC1
C1CCC(CCC2CCC(C3CCCCC3CC3CCCCC3C3CCCCC3)CC2)CC1
C1CCC(C2CC(CC3CCCC(C4CCC(C5CC5)CC4)C3)C3CCCCC32)CC1
C1CCC(C2CCCCC2)CC1
C1CCC(C2CCC(C3CCC(CC4CCC(CC5CC6CCCCC6C5)CC4)CC3)CC2)CC1
C1CCC(CCCC2CCCC(C3CCC(C4CCCCC4)CC3)C2)CC1
C1CCC(CCCCC2CCC(C3CCC3)C(C3CCCCC3)C2)CC1
C1CCC(CC2CCC(C3CCCCC3CCC3CCCC(CC4CCCCC4)C3)CC2)CC1
C1CC(CC2CCC(C3CCCC(C4CC4)C3)CC2)CC(CC2CCC3CCCC3C2)C1
C1CCC(CC2CCC(CC3CCCC(C4CCCCC4)C3)CC2C2CCCC2)CC1
C1CCC(CC2CCC(CC3CCC(CC4CCCC4)CC3)CC2)CC1
C1CCC(CC2CCC(C3CC(C4CC5CCCCC5C4)C4CCCCC43)C2C2CCCC2)CC1
C1CCC(CC2CCC(CC3CCCCC3)CC2)CC1
C(CCCC1CCCCC1)CCCC1CCCCC1
C1CCC(CCCCC2CCC(C3CCCCC3CC3CCCCC3)CC2)CC1
C1CCC(CC2CCC(C3CCCC(C4CCCCC4)C3)CC2)CC1
C1CCC(C2CCC(C3CC(C4CCCCC4C4CCCC4)C4CCCCC34)CC2)CC1
C1CCC(C2CCC(CC3CCCC(C4CCCCC4)C3)CC2)CC1
C1CCC(CC2CCC(C3CCC(CC4CCCCC4)CC3)CC2)CC1
C1CCC(CC2CCC(CC3CCCC3C3CCCCC3)C(CC3CCCCC3)C2)CC1
C1CCC(C2CCC(C3CCCCC3C3CCCCC3)CC2)CC1
C1CCC(C2CCC(CC3CCC(C4CCCCC4)CC3C3CCCC3)CC2)CC1
C1CCC(CCC2CCC(C3CCC4CCCC4C3)CC2)CC1
C1CCC(CC2CCC(CC3CC3)C(CCC3CCC(C4CCCCC4C4CCCCC4)C3)C2)CC1
C1CCC(CC2CCC(CCC(C3CCCCC3)C3CCCCC3)CC2)CC1
C1CCC(CCCC(CC2CCCC(C3CCCCC3)C2)C2CCCCC2)CC1
C1CCC(C2CCC(CC3CCC(C4CCCCC4)C(C4CCCC4)C3)CC2)CC1
C1CCC(CCC2CCC(C3CCC(C4CCCC4)CC3)CC2)CC1
C1CC(C2CC2)CC(C2CCCC(C3CCC4CCCCC43)C2)C1
C1CCC(CCC2CCCCC2C2CCCC2)CC1
C1CCC(C2CCCCC2C2CCCCC2)CC1
C1CCC(CC2CCC(C3CCC(C4CCC5CCCCC5C4)CC3)CC2)CC1
C1CCC(CC2CCCC3CC(C4CCCCC4CC4CCC(C5CCCCC5)CC4)CCC23)CC1
C1CCC(CC2CCCC(C3CCCCC3)C2)CC1
C1CCC(C2CCC(C3CCCC(C4CCCC(C5CCCCC5)C4)C3)CC2)CC1
C1CCC(C2CCCC(C3CCCCC3)C2)CC1
C1CC(CCC2CCC(C3CCCC3)CC2)CC(CCC2CCCC(C3CC3)C2)C1
C1CCC(CCC2CC(CC3CCCCC3)CCC2C2CCCCC2)CC1
C1CCC(CCC2CC(CC3CCCCC3)CCC2C2CCCCC2)CC1
C1CCC(C2CCC(CC3CCCC(C4CCCCC4)C3)CC2)CC1
C1CCC(CC2CC(C3CCC4CCCCC4C3)C3CCCCC23)CC1
C1CCC(CC2CCCC(CC3CCCCC3)C2)CC1
C1CCC(C2CCCC(CCC3CC4CCCCC4C3)C2)CC1
C1CCC(CC2CC(C3CCCC(C4CCCCC4)C3)C3CCCCC23)CC1
C1CCC(CCC2CCCCC2C2CC(CCC3CCC(C4CCCC4)CC3)C3CCCCC32)CC1
C1CCC(C2CCCC3CCC(C4CCC(CC5CCCC5)CC4)CC32)CC1
C1CCC(CCCCC2CCCC(CCC3CCCCC3)C2)CC1
C1CCC(C2CCCC(CC3CCCC(CC4CCCC5CCCCC54)C3)C2)CC1
C1CCC(C2CCC(CCCC3CC(C4CCCCC4)C4CCCCC34)CC2)CC1
C1CCC(C2CCCC(CC3CCC4CCCCC43)C2)CC1
C1CCC(CC2CCC(C3CCCCC3)C(CC3CC3)C2)CC1
C1CCC(CC2CCCC(C3CCC(C4CCCCC4)CC3)C2)CC1
C1CCC(C2CCCC3CCCCC32)CC1
C1CCC(CCCC2CCC(CC3CCC(CC4CCCC(CCC5CC5)C4)CC3)CC2)CC1
C1CCC(CC2CCCCC2C2CCC(CC3CCC(C4CCCC4)C3)CC2)CC1
C1CCC(CC(CCCCC2CC2)C2CCCC(CC3CCC4CCCCC43)C2)CC1
C1CCC(CCC2CC(CCC3CC4CCCCC4C3)CC(C3CCCCC3)C2)CC1
C1CCC(CC2CCCC(CC3CCCCC3C3CCCCC3)C2)CC1
C1CCC(CCC2CCC(CCCCCC3CCC(C4CCCCC4)CC3)CC2)CC1
C1CCC(C2CCC(C3CCCC(C4CCC4)C3)CC2)CC1
C1CCC(C2CC(C3CCC4CCCCC43)CC3CCCCC32)CC1
C1CCC(C2CCC3C(CCCC3C3CCC(CC4CCCCC4CC4CCC4)CC3)C2)CC1
C1CCC(CCC2CCC(C3CCC4CCCCC4C3)CC2)CC1
C1CCC(CCC2CCCCC2)CC1
C1CCC(CC2CCC(CC3CCCC(C4CCCCC4)C3)CC2)CC1
C1CC(CC2CCC(CCC3CCC(C4CC4)CC3)CC2)CC(CC2CCC3CCCCC32)C1
C1CCC(CC2CCCCC2)CC1
C1CCC(C2CCC(C3CCCC(C4CCCC(C5CCCCC5)C4)C3)CC2)CC1
C1CCC(CC2CCC(C3CCCCC3)CC2)CC1
C1CCC(C2CCC(C3CCCC(C4CCCCC4)C3)CC2)CC1
C1CCC(C2CCCC(C3CCC(CC4CC5CCCCC5C4)CC3)C2)CC1
C1CCC(CC2CCCC(CC3CCCCC3)C2)CC1
C1CCC(CC2CCCC(C3CCC4CCCC4C3)C2)CC1
C1CCC(C(C2CCCCC2)C2CCC(C3CCCC(C4CC4)C3)CC2)CC1
C1CCC(C2CCC(C3CCC(CCC4CCCCC4C4CCCC5CCCCC54)CC3)CC2)CC1
C1CCC(C2CCC(C3CCCC(CCC4CCCC4)C3)C(C3CCCC3)C2)CC1
C1CC(C2CCCC(C3CCC(C4CCC5CCCCC54)CC3)C2)C1
C1CCC(CCCCC2CCC(C3CC4CCCCC4C3)CC2)CC1
C1CCC(CC2CCC(CC3CCC(C4CCCC(CC5CCCCC5)C4)CC3)CC2)CC1
C1CCC(CCC2CCCC(CC3CCCC(C4CCC(C5CCCCC5)CC4)C3)C2)CC1
C1CCC(C2CCC(CC3CCCCC3C3CCCC(C4CCCCC4)C3)CC2)CC1
C1CCC(CC2CCCC(C3CCC4CCCC4C3)C2)CC1
C1CCC(C2CCC(CC3CCCC(C4CCCC(CC5CCCC5)C4)C3)C2)CC1
C1CCC(CC2CCCC(C3CCCC(C4CCCCC4)C3)C2)CC1
C1CCC(C2CCCC(CCC3CCCC3)C2)CC1
C1CCC(C2CCC(CCC3CCC(C4CCCCC4)C(C4CC4)C3)CC2)CC1
C1CCC(CCC2CCCCC2C2CCCCC2)CC1
C1CCC(CCCC2CCCCC2)CC1
C1CCC(CCCC2CC(CCC3CCCCC3)CC(C3CCCCC3)C2)CC1
C1CCC(CCCC2CCCC(CC3CCCCC3)C2)CC1
C1CCC(C2CCCCC2C2CCCC(C3CCCC(C4CCCC4)C3)C2)CC1
C1CCC(CCCC2CCCC(C3CCC(CC4CCCCC4)CC3)C2)CC1
C1CCC(CC2CCC(CC3CCCC(C4CCCCC4)C3)CC2)CC1
C1CCC(C2CCCC2C2CCCCC2C2CC3CCCCC3C2)CC1
C1CCC(C2CCC(C3CCC(C4CCCCC4)C3C3CC4CCCCC4C3)C(C3CCCCC3)C2)CC1
C1CCC(CCC2CCC(CC3CCC(CC4CCCC4)CC3)C(C3CCCCC3)C2)CC1
C1CCC(C2CCC(C3CCC(C4CCCCC4)CC3C3CCCC3)CC2)CC1
C1CCC(C2CCC(C3CCCC(CC4CC5CCCCC5C4)C3)CC2)CC1
C1CCC(C2CCCCC2C2CCC(C3CCCCC3C3CCCCC3)C2)CC1
C1CCC(C2CCC(C3CCC3)CC2C2CCCC2)CC1
C1CCC(CCCCC2CCCC(CC3CCCCC3)C2)CC1
C1CCC(CC2CCC(C3CCC4C(CC5CCCCC5)CC(CC5CCCCC5)C4C3)CC2)CC1
C1CCC(CC2CCCC(C3CCCCC3)C2)CC1
C1CCC(C2CCCCC2C2CCC(CC3CC4CCCCC4C3)CC2)CC1
C1CCC(CCC2CC(C3CCCCC3)CC(CCC3CCCC3)C2C2CCC(C3CCCC3)CC2)CC1
C1CCC(CCCC2CCC(CCC3CCCCC3)CC2)CC1
C1CCC(C2CCCC(C3CCC(CCC4CCCC5CC(C6CCCCC6)CCC45)CC3)C2)CC1
C1CCC(CC2CCCC(C3CCCC(CC4CCCC4)C3)C2)CC1
C1CCC(CC2CCC(C3CCCC(C4CCCCC4)C3)CC2)CC1
C1CCC(C(C2CCCCC2)C2CCC3CCCC3C2)CC1
C1CCC(CCCC2CCCCC2C2CCC(CC3CCCCC3)CC2)CC1
C1CCC(C2CCCC(CC3CC(C4CCCCC4)CC(C4CCCC4)C3)C2)CC1
C1CCC(C2CCC(CC3CC(C4CCCCC4)CCC3C3CCCCC3)C2)CC1
C1CCC(C2CC3CCC(C4CCCCC4)CC3C(C3CCCCC3)C2)CC1
C1CCC(CCC2CCC(C3CCCC(C4CCCCC4)C3)CC2)CC1
C1CCC(CC2CCC(C3CCCCC3)CC2)CC1
C1CCC(C2CCCCC2C2CCCCC2C2CCCC2)CC1
C1CCC(C2CCC(C3CCCCC3C3CC4CCCCC4C3)C2)CC1
C1CCC(CC2CCC(C3CCCCC3C3CCCC(CC4CCCCC4)C3)CC2)CC1
C1CCC(CCCCC2CCC(CC3CCCCC3)CC2)CC1
C1CCC(CCC2CCC(CC3CCC(C4CCCCC4)CC3)C2)CC1
C1CCC(CC2CC(C3CCC(CC4CCCC(C5CCCCC5)C4)CC3)C3CCCCC23)CC1
C1CCC(C2CCC3CCCCC32)CC1
C1CCC(CCCC2CCCCC2CC2CCCCC2)CC1
C1CCC(C2CCC(C3CCCC4CCCCC43)C(C3CCCC3)C2)CC1
C1CCC(CC2CCCCC2C2CCC3CCCCC3C2)CC1
C1CCC(CC2CCC(C3CCC4CCCCC4C3)CC2)CC1
C1CCC(CCCC2CCCC(C3CCCCC3)C2)CC1
C1CCC(CC2CCC(C3CCCCC3)C2)CC1
C1CCC(CCCC2CCCC(C3CCCCC3C3CCCCC3)C2)CC1
C1CCC(CCC2CCC(C3CCCCC3)CC2)CC1
C1CCC(CCCCCC2CCC(C3CCCCC3)CC2)CC1
C1CCC(CCCCC2CCC(C3CCCC(C4CCCCC4)C3)CC2)CC1
C1CCC(CCCC2CCC(CC3CCC4CC(CCC5CCCCC5)CCC34)CC2)CC1
C1CCC(C2CCCC(C3CCCC(C4CC4)C3)C2)CC1
C1CCC(CCCCC2CCC(CCC3CCCCC3)CC2)CC1
C1CCC(CCCC2CCCCC2)CC1
C1CCC(CC2CCCCC2CC2CCCC(CCC3CCC3)C2)CC1
C1CCC(C2CCCC(CC3CCCC(C4CCCCC4)C3)C2)CC1
C1CCC(C2CC3CCC(CC4CCCCC4C4CCCCC4)CC3C(C3CCCCC3)C2)CC1
C1CCC(C2CCC(CCCC3CCCC(C4CCCCC4)C3)CC2)CC1
C1CCC(CC2CC(CC3CCC4CCCC4C3)C3CCC(C4CCCCC4)CC23)CC1
C1CCC(CCC2CCC(CC3CCC4CCC(C5CCCCC5)CC4C3)CC2)CC1
C1CCC(CC2CCCC(CC3CCCC(C4CCC(C5CCC6CCCCC65)CC4)C3)C2)C1
C1CCC(C2CC(C3CCCCC3)C(C3CCCCC3)C(C3CCCCC3)C2)CC1
C1CCC(CC2CCC(C3CCC(CC4CCCCC4CC4CCCCC4)CC3)CC2)CC1
C1CCC(CC2CCC(CCCCC3CCC(CC4CCC(C5CCCCC5)CC4)CC3)CC2)CC1
C1CCC(C2CCCCC2C2CCCCC2)CC1
C1CCC(CCCC2CCC(C3CCC3)C(CCC3CCCCC3)C2)CC1
C1CCC(CCCC2CCC(C3CCCCC3)CC2)CC1
C1CCC(CC2CCC(C3CCC(CCC4CC5CCCCC5C4)CC3)CC2)CC1
C1CCC(CC2CCCC(C3CCCCC3)C2)CC1
C1CCC(C2CCCC(C3CCCCC3C3CCCCC3)C2)CC1
C1CCC(C2CCC(C3CCC(C4CCC(C5CCCCC5)CC4)CC3)CC2)CC1
C1CCC(CCC2CCC(CC3CCC(C4CCCCC4)CC3)CC2)CC1
C1CCC(CC2CCC(C3CCCCC3C3CCC4CCCC4C3)CC2)C1
C1CCC(CC2CCCCC2CCC2CCCC(C3CCCCC3)C2)CC1
C1CCC(C2CCC(C3CCCCC3C3CCCCC3)CC2)CC1
C1CCC(C2CCC(C3CCCC(C4CCCC4)C3)C(C3CCCC3)C2)CC1
C1CCC(CC2CCC3CC(C4CCC5CCCCC54)CC(C4CCCCC4)C3C2)CC1
C1CCC(C2CCC(CC3CCC(C4CCCCC4)CC3)CC2)CC1
C1CCC(CCC2CCCC(CCC3CCCCC3)C2)CC1
C1CCC(CC2CCCC(C3CCCC(C4CC(CC5CCCCC5)CC(CC5CC5)C4)C3)C2)CC1
C1CCC(CC2CCCCC2C2CCC3C(CCCC3C3CCCC4CCCCC43)C2)CC1
C1CCC(CC2CC(CC3CCCCC3)C3CC(C4CCC4)CCC23)CC1
C1CCC(CC2CCC(CCC3CCCC(C4CCCCC4)C3)CC2)CC1
C1CCC(CC2CCCC(C3CCC4CCCC4C3)C2)CC1
C1CCC(CC2CCCC(C3CCCCC3)C2)CC1
C1CCC(CCCC2CCCC(C3CCCCC3)C2)CC1
C1CCC(CC2CCCC(CCCCCC3CCC4CCCC4C3)C2)CC1
C1CCC(CCC2CCCC(C3CCCC(CC4CCCC(C5CCCCC5)C4)C3)C2)CC1
C1CCC(CCCC2CCCC(C3CCCCC3)C2)CC1
C1CCC(CC2CCC(CCCCCC3CC4CCCCC4C3)CC2)CC1
C1CCC(CCCC2CCCCC2C2CCCCC2)CC1
C1CCC(C2CCCC(CC3CC(C4CCCCC4)CC(C4CCC5CCCCC54)C3)C2)CC1
C1CCC(CCCCCC2CCCC(C3CCCCC3C3CCC4CCCC4C3)C2)CC1
C1CCC(CC2CCCC(CC3CCC(C4CCC(C5CCCCC5)CC4)CC3)C2)CC1
C1CCC(CC2CCC(C3CCCC(CC4CCCCC4)C3)CC2)CC1
C1CCC(C2CCC(C3CCCC3C3CCCCC3C3CCCC3)CC2)CC1
C1CCC(CCCC2CCCC(CCC3CCCCC3)C2)CC1
C1CCC(CCC2CCC3CC(C4CC(C5CCCCC5)CCC4C4CCCCC4)CCC23)CC1
C1CCC(CC2CCC(C3CCCCC3)CC2CCC2CCCC2)CC1
C1CCC(CC2CCC(CC3CCC(CC4CCCC4)CC3)CC2)CC1
C1CCC(CCC2CCCC(CC(CC3CCCCC3)C3CCCCC3)C2)CC1
C1CCC(CC2CCCC(C3CCC(C4CCC(C5CCCCC5C5CCC6CCCCC6C5)CC4)CC3)C2)C1
C1CCC(C2CCCC(C3CCCCC3)C2)CC1
C1CCC(CC2CCC(CCCCC3CCCC(CCC4CCCC(C5CCCCC5)C4)C3)CC2)CC1
C1CCC(C2CCC(C3CCCC4CC(C5CCCCC5)CCC43)CC2)CC1
C1CCC(C2CCCCC2)CC1
C1CCC(C2CCC(CC3CCC(C4CCCC(CC5CCCCC5C5CCC(C6CCCCC6)C5)C4)C3)CC2)CC1
C1CCC(CCC2CCCC(C3CCC(C4CCCCC4)CC3)C2)CC1
C1CCC(CC2CCC(C3CCC(C4CCCCC4C4CCCCC4)C3)CC2C2CCCC2)CC1
C1CCC(CC2CC(C3CCCC3)CCC2C2CCCCC2)CC1
C1CCC(C2CCC(C3CCCC(CC4CC5CCCCC5C4)C3)C2)CC1
C1CCC(CCCCC2CCC(CC3CC4CCCCC4C3)C2)CC1
C1CCC(CCC2CCCCC2CC2CCCC(CC3CCCCC3)C2)CC1
C1CCC(CC2CCC(C3CCCCC3)CC2)CC1
C1CC2CCC(C3CCC(C4CCC5CCCCC54)CC3)CC2C1
C1CCC(CCC2CCCC(C3CC(CC4CC4)CC(C4CC5CCCCC5C4)C3)C2)CC1
C1CCC(CC2CCC(C3CCCCC3C3CCCCC3)CC2)CC1
C1CCC(CC2CC(C3CCCCC3)C3CCCCC23)CC1
C1CCC(CCC2CCCCC2CCC2CCCCC2C2CCCCC2)CC1
C1CCC(CCC2CC(C3CCCCC3)CCC2C2CCC(C3CCCC3)CC2)CC1
C1CCC(CC2CCCC(C3CC(CC4CC4)CC(C4CCCCC4)C3)C2)CC1
C1CCC(CCC2CCCC(CCCCC3CCC3)C2)CC1
C1CCC(CCCC2CCC(C3CCCCC3C3CCCCC3C3CCCCC3)CC2)CC1
C1CCC(CC2CCC(CC3CCCCC3C3CCCCC3C3CCCC3)CC2)CC1
C1CCC(CC2CCCC(C3CCCCC3C3CCC4CCCCC4C3)C2)CC1
C1CCC(C2CCCC(CCCC3CCCCC3C3CCCCC3)C2)CC1
C1CCC(C2CCC(CC3CC(C4CCC4)CCC3C3CCCCC3)C2)CC1
C1CCC(CCC2CCCC(C3CCCCC3CC3CCCCC3)C2)CC1
C1CCC(CC2CCCCC2C2CCC(C3CCCCC3)CC2)CC1
C1CCC(CC2CCC(C3CCC(C4CCC5CC(C6CCCCC6)CCC5C4)CC3)CC2)CC1
C1CCC(CC2CCC(CC3CCC(CC4CCC5CCCC5C4)CC3)CC2)CC1
C1CCC(CCC2CCCC(C3CCCCC3)C2)CC1
C1CCC(CCC2CCCCC2CC2CCCCC2)CC1
C1CCC(C2CCC3CCC(CC4CCCC(C5CCC6CCCCC65)C4)CC3C2)CC1
C(CCCC1CCCCC1C1CCC(C2CCCC(C3CCCCC3)C2)CC1)CCC1CC1
C1CCC(C2CCC(C3CCC(CC4CCCC(C5CCCCC5)C4)CC3)CC2)CC1
C1CCC(CC2CCCC(C3CCC4CCCCC43)C2)CC1
C1CCC(CC2CCC(CC3CCCCC3C3CCCCC3)CC2)CC1
C1CCC(CCCCC2CCC(C3CCCC(C4CCCCC4)C3)CC2)CC1
C1CCC(CC(CC2CCCCC2)C2CCC(CC3CC4CCCCC4C3)CC2)CC1
C1CCC(C2CCC(CC3CCCCC3C3CCCC3)CC2)CC1
C1CCC(C2CCC(CCC3CCCC3C3CCCC(C4CCCCC4)C3)CC2)CC1
C1CCC(CCC2CC(C3CCCCC3)CC(C3CCCCC3)C2)CC1
C1CCC(CCC2CCC(C3CCCCC3)CC2)CC1
C1CCC(CCC2CCCC(C3CCCC(CC4CCCCC4)C3)C2)CC1
C1CCC(CCC2CCC(C3CCCC4CCCCC43)CC2)CC1
C1CCC2CC(C3CCCC(C4CCC5CCCCC54)C3)CC2C1
C1CCC(C2CCCCC2CC2CCCC(CCCC3CC(C4CCCCC4)C4CCCCC34)C2)CC1
C1CCC(C2CCC(C3CCC4CCCCC43)CC2)CC1
C1CCC(CC2CCC(CC3CCCCC3)CC2)CC1
C1CCC(CCC2CCC3CCC(C4CCCCC4)C3C2)CC1
C1CCC(CC2CCCC(C3CCCC(C4CCCCC4C4CCCCC4)C3)C2)CC1
C1CCC(CC2CCC(C3CCC(CC4CCCCC4C4CCCCC4)CC3)C2)CC1
C1CCC(C2CCC(C3CCC(C4CCCC5CCCCC54)C3)CC2)CC1
C1CCC(CC2CCC(C3CCCCC3)CC2)CC1
C1CCC(CCC2CCCC(C3CCCCC3)C2)CC1
C1CCC(C2CCC(CCC3CCC4CCCCC4C3)CC2)C1
C1CCC2CC(CCC3CCCCC3C3CCCCC3CCCC3CCCCC3C3CCCC3)CC2C1
C1CCC(C2CCC(CC3CCC(C4CCCC4)CC3)CC2)CC1
C1CCC(CC2CCCCC2C2CCCC(CC3CC4CCCCC4C3)C2)CC1
C1CCC(CCCC2CCC(C3CCC(C4CCC(C5CC5)CC4C4CCCC4)CC3)CC2)C1
C1CCC(CCC2CCC(C3CCCCC3)CC2)CC1
C1CCC(CCC2CCC(C3CCCCC3)CC2C2CCCC(C3CCCCC3)C2)CC1
C1CCC(CC2CCC(C3CCCC(C4CCCCC4)C3)CC2)CC1
C1CCC(CCCCC2CCCC(C3CCCC(CC4CCCCC4)C3)C2)CC1
C1CCC(CCCC2CCC(C3CCCCC3C3CCCCC3)CC2)CC1
C1CCC(CC2CCC(CC3CCCCC3C3CCCCC3)CC2)CC1
C1CCC(CCCC2CCCCC2)CC1
C1CCC(CC2CCCC(CC3CC3)C2)CC1
C1CCC(CC2CCC(C3CCCCC3)CC2)CC1
C(CCCC1CCC(C2CCCCC2)CC1)CCC1CCCCC1
C1CCC(CCCCC2CCC(CC3CCCCC3CC3CCCCC3)CC2)CC1
C1CCC(C2CCC(C3CCCC(CC4CC5CCCCC5C4)C3)CC2)CC1
C1CCC(CC2CCC(CC3CC(CC4CCCCC4)C4CCCCC34)CC2)CC1
C1CCC(CCCC2CCCC(C3CCCCC3)C2)CC1
C1CCC(CC2CCC(CCC3CC4CCCCC4C3)CC2)CC1
C1CCC(CC2CCCCC2C2CCC(CC3CCCCC3)C(C3CCCCC3)C2)CC1
C1CCC(CC2CCC(CCC(C3CCCCC3)C3CCCCC3)CC2)CC1
C1CCC(C2CCCCC2CC2CCC3CCCCC32)CC1
C1CCC(CCC2CCCC(C3CCCCC3)C2)CC1
C1CCC(CCC2CCCC(C3CCCCC3)C2)CC1
C1CCC(CC2CCC(CCCCC3CCC(C4CCCCC4)CC3)CC2)CC1
C1CCC(C2CCCCC2)CC1
C1CCC(C2CCCC(CCC3CC(CC4CCCC(C5CCCCC5)C4)C4CCCCC34)C2)CC1
C1CCC(CCC2CC3CCCCC3C(C3CCCC(C4CCCCC4)C3)C2)CC1
C1CCC(CC2CCC(CCCC3CCCC(C4CCCCC4)C3)CC2)CC1
C1CCC(C(CC2CCCC2)C2CCCC(CC3CC4CCCCC4C3)C2)CC1
C1CCC(C2CCC(CC3CCC(C4CCCCC4)CC3)CC2)CC1
C1CCC(C2CCCCC2C2CCCC(CCCC3CCC(CCC4CCCC4)CC3)C2)CC1
C1CCC(CC2CC(C3CCCCC3)CC(C3CCCCC3)C2)CC1
C1CCC(C2CC(C3CCC(CC4CCC(C5CCCC(C6CCCC6)C5)CC4)CC3)C2)CC1
C1CCC(CC2CCCC(C3CCCCC3)C2C2CCCCC2)CC1
C1CCC(C2CCCC(C3CCCC(C4CCCCC4)C3)C2)CC1
C1CCC(C2CCC(C3CCCC(C4CCCC4)C3)CC2)CC1
C1CCC(CC2CC(CC3CCC4CCCCC4C3)C3CCCCC23)CC1
C1CCC(CCC2CCC(C3CCCCC3)CC2)CC1
C1CCC(C2CC(C3CCCCC3)CC(C3CCCCC3C3CCCCC3)C2)CC1
C1CCC(CC2CCC(C3CCCC(C4CCCC(C5CCCC5)C4)C3)CC2CC2CC2)CC1
C1CCC(CC2CCCCC2C2CCC(CC3CCCC3)CC2)CC1
C1CCC(CC2CCCC(C3CCCCC3)C2)CC1
C1CCC(CC2CCC(CC3CCCCC3)CC2)CC1
C1CCC(C2CCC(C3CCCC3)CC2C2CCCCC2)CC1
C1CCC(CCCCCC2CC(C3CCCCC3)CC(C3CCC3)C2)CC1
C1CCC(CC2CCC(CC3CCCC(C4CCCCC4)C3)CC2)CC1
C1CCC(CCC2CC(CC3CCCCC3)CCC2C2CCCCC2)CC1
C1CCC(CC2CCC(C3CCCCC3)CC2)CC1
C1CCC(C2CC(C3CCC4CCCC(C5CCCCC5)C43)CC3CCCCC32)CC1
C1CCC(C2CCCC(C3CCCC(CC4CCCC4)C3)C2)CC1
C1CCC(CCCC2CC(C3CCCCC3)C3CCCC3C2C2CCCCC2)CC1
C1CCC(CC2CCCCC2C2CCC3C(CCCC3C3CCCC3)C2)CC1
C1CCC(CCCC2CCCC(C3CCCCC3)C2)CC1
C1CCC(C2CCCC(C3CCCCC3C3CCCCC3C3CCCCC3)C2)CC1
C1CCC(CC2CCC3CC(C4CCCC(C5CC5)C4)CCC23)CC1
C1CCC(CC2CCC(C3CCC(C4CCCCC4C4CCC(C5CCCCC5)CC4)CC3)CC2)CC1
C1CCC(CC2CCCCC2C2CCCCC2)CC1
C1CCC(CC2CC(C3CCCCC3)C3CCCCC23)CC1
C1CCC(C2CC(CC3CCCC(C4CCC5CCCC5C4)C3)C3CCCCC32)CC1
C1CCC(CC2CCC(C3CCC(CC4CCCCC4)CC3)CC2)CC1
C1CCC(CC2CCCC(CC3CCCCC3)C2)CC1
C1CCC(CC2CC(C3CCC4CCCCC43)CC3CCCCC32)CC1
C1CCC(CC2CCC(CCC3CCCCC3C3CCCC3)CC2)CC1
C1CCC(CC2CCC(CCC3CCCC(C4CCC5CCCCC54)C3)CC2)CC1
C1CCC(C2CC(C3CC(C4CCC5CCCCC54)CC4CCCCC43)CCC2CC2CC2)C1
C1CCC(CC2CCCC(CC3CCCCC3)C2)CC1
C1CCC(C2CCCCC2)CC1
C1CCC(CCCC2CCC(CCC3CCC(C4CCCCC4C4CCCCC4)C3)CC2)CC1
C1CCC(CC2CCC(C3CCCCC3)C(CCC3CCC3)C2)CC1
C1CCC(C2CCC(C3CCCCC3C3CCCC3)CC2)CC1
C1CCC(C2CCC(CC3CC3)CC2CCCC2CCC(C3CCC4CCCCC4C3)CC2)CC1
C1CCC(C2CCCC(C3CCCCC3C3CCCC3)C2)CC1
C1CCC(CCC2CCCC(C3CCCCC3)C2)CC1
C1CCC(C2CCCCC2C2CCCCC2)CC1
C1CC2CCC(CC3CCC(C4CCCC(CC5CC6CCCCC6C5)C4)CC3)CC2C1
C1CCC(C2CCC(C3CC(C4CCC(CCC5CCCC(C6CCCCC6)C5)CC4)C3)CC2)CC1
C1CCC(CC2CCC(CC3CCCC3)CC2)CC1
C1CCC(CC2CCCCC2)CC1
C1CCC(CC2CC(C3CCCCC3)C3CC(C4CCCCC4)CCC23)CC1
C1CCC(C2CCCC3CCC(C4CCC(CC5CC5)CC4)CC32)CC1
C1CCC(CC2CCC(CCC3CCCC(CC4CCCCC4)C3)CC2)CC1
C1CCC(CCC2CCC3CC(C4CCCC4C4CCCCC4CC4CCCCC4)CCC23)CC1
C1CCC(CC2CCC(CCCCC3CCCC(CC4CC5CCCCC5C4)C3)CC2)CC1
C1CCC(CCC2CCC(CC3CCCCC3)CC2)CC1
C1CCC(C2CC(C3CCCCC3)CC(C3CCCCC3)C2)CC1
C1CCC(C2CCCC(C3CC(C4CC4)C4CCCCC34)C2)CC1
C1CCC(CCCCC2CC(C3CCCC(C4CCCCC4)C3)C3CCCCC23)CC1
C1CCC(CC2CCC(CCC3CC(CC4CCCCC4)C4CCCCC34)CC2)CC1
C1CCC(CCCC2CCCCC2C2CCC3CCCC3C2)CC1
C1CCC(CCCC2CCCC(CC3CCCCC3)C2)CC1
C1CCC(CCCC2CCC(C3CCCCC3C3CCC(C4CCCCC4)CC3)CC2)CC1
C1CCC(C2CCCC(C3CCC(C4CCCCC4)C(C4CCCC4)C3)C2)CC1
C1CCC(CC2CC3CCC(C4CCCCC4)CC3C(C3CCCCC3)C2)CC1
C1CCC(CCC2CC(CC3CCCC(C4CCC(CC5CCCCC5)CC4)C3)C3CCCCC23)CC1
C1CCC(CC2CCC(C3CCC4CCCCC43)CC2)CC1
C1CCC(CCC2CCC(CCCCCC3CCCC(CC4CCCCC4)C3)CC2)CC1
C1CCC(CC(CCC2CCCC(C3CCCCC3)C2)C2CCCCC2)CC1
C1CCC(CC2CCCC(C(CC3CCCCC3)C3CCCCC3)C2)CC1
C1CCC(C2CCC3CC(C4CCC5CCCCC54)CCC3C2)C1
C1CCC(C2CCCC(CC3CCC4CCCC4C3)C2)CC1
C1CCC(C2CCCCC2)CC1
C1CCC(C2CCCCC2C2CCCCC2)CC1
C1CCC(CC2CCCCC2C2CCC(C3CCCC3)C2CC2CCCCC2)CC1
C1CCC(CC2CCCC(CC3CCCCC3)C2)CC1
C1CCC(C2CCCC(CC3CC4CCCC(C5CCC(C6CCCC(C7CC7)C6)CC5)C4C3)C2)CC1
C1CCC(C2CCC(C3CCC(C4CCC4)CC3)CC2)CC1
C1CCC(CC(C2CCCCC2)C2CCCC(CC3CCC4CCCC4C3)C2)CC1
C1CCC(CCCC2CCCC(C3CCCCC3)C2)CC1
C1CCC(C2CCCC(CCC3CCC4CCCC4C3)C2)CC1
C1CCC(CCCC2CCCCC2CC2CCC(CCC3CCCCC3)CC2)CC1
C1CCC2CC(CCC3CCCC(C4CC5CCCCC5C4)C3)CC2C1
C1CCC(C2CCC(C3CCC4CCCC4C3)CC2)CC1
C1CCC(CC2CCCCC2C2CCC(C3CCCCC3C3CCCCC3)CC2)CC1
C1CCC(CCC2CCC(CC3CCCCC3)CC2)CC1
C1CCC(CCCC2CCCC(C3CCCC(C4CCCC(CC5CCCCC5)C4)C3)C2)CC1
C1CCC(CCC2CCCCC2)CC1
C1CCC(CC2CCCC(CCCC3CCC(CCC4CCC(C5CCCCC5)CC4)CC3)C2)CC1
C(CCCC1CCCC(C2CCC(CC3CC3)CC2)C1)CCC1CCCC1
C1CCC(CCCC2CC(CC3CCCCC3)CCC2C2CCC(CC3CCCC3)CC2)CC1
C1CCC(CCC2CCC(CC3CCCCC3)CC2)CC1
C1CCC(CC(CC2CCCCC2)C2CCCC(C3CCC(C4CCCCC4)CC3)C2)CC1
C1CCC(CCC2CCCCC2C2CCC3CC(C4CCCCC4)CCC32)CC1
C1CCC(C2CCCC(C3CCCC(C4CCCC(C5CCCCC5)C4)C3)C2)CC1
C1CCC(CC2CCCCC2C2CCCC(CCCCCC3CCC(C4CCCCC4)CC3)C2)CC1
C1CCC(CCCCCC2CCCC(CC3CCCCC3)C2)CC1
C1CCC(CCC2CCCC(CC3CCCC(C4CCCCC4)C3)C2)CC1
C1CCC(C2CCCC(C3CCCCC3)C2)CC1
C1CCC(CC2CCC(CC3CCCC(CC4CCCCC4)C3)CC2)CC1
C1CCC(C2CC(C3CCC4CCCCC43)CC3CCCCC32)CC1
C1CCC(C2CCCC(C3CCCC(C4CCCCC4)C3)C2)CC1
C1CCC(CCC2CC(C3CCCC3)CCC2CC2CCCCC2CC2CCCCC2)CC1
C1CCC(CC2C(C3CCCCC3)CCCC2C2CCC2)CC1
C1CCC(C2CCC(C3CCCCC3C3CCCC(C4CCCCC4)C3)CC2)CC1
C1CCC(CCCC2CCCCC2)CC1
C1CCC(C2CCC(C3CCCC3)C(C3CCCCC3)C2)CC1
C1CCC(CCC2CCC(C3CCCCC3C3CCC(CC4CCCCC4)CC3)CC2)CC1
C1CCC(C2CCCC(CCC3CC(CC4CCCC4C4CCCCC4)C4CCCCC34)C2)CC1
C1CCC(C2CCCC(C3CCCC(C4CCCC(C5CCCCC5)C4)C3)C2)CC1
C1CCC(C2CCCC(CC3CCCC(CCC4CC5CC(C6CCCCC6)CC5C4)C3)C2)CC1
C1CCC(CC2CCC(CC3CCCCC3)CC2)CC1
C1CCC(CCCC2CCCC(C3CCC(C4CCCCC4)CC3)C2)CC1
C1CCC(C2CCC(C3CCCCC3C3CCC4CCCC4C3)C3CCCC23)CC1
C1CCC(CC2CCC(CCCC3CCCCC3C3CCCC3)CC2)CC1
C1CCC(C2CCCC(C3CC(C4CCCCC4)CC(C4CCCCC4)C3)C2)CC1
C1CCC(CCC2CCCC(C3CCCCC3)C2)CC1
C1CCC(CCC2CCCC(CC3CCC(C4CCCC(CC5CC6CCCCC6C5)C4)CC3)C2)C1
C1CCC(CCC2CCCC(C3CCCCC3C3CCCCC3)C2)CC1
C1CCC(CCC2CCC(CC3CCC(CC4CCCCC4)CC3)CC2)CC1
C1CCC(CCC2CCC(CC3CCCCC3)CC2C2CCCCC2)CC1
C1CCC(CCCC2CCCCC2C2CCCCC2)CC1
C1CCC(CC2CCCC(C3CCCCC3)C2)CC1
C1CCC(CCCCC2CCC(C3CCCCC3)CC2)CC1
C1CCC(CC2CCC(C3CCCCC3)CC2)CC1
C1CCC(C2CCC(CC3CCC(CC4CC4)CC3)CC2C2CCCCC2)CC1
C1CCC(CC2CCC(CCC3CC(CC4CCCCC4)CCC3CC3CCCCC3)CC2)CC1
C1CCC(CCC2CCCC(C3CCCCC3)C2)CC1
C1CCC(CCC2CCCCC2CCC2CCCC(CC3CCCC(C4CCC5CCCC5C4)C3)C2)CC1
C1CCC(CCC2CC(C3CCCCC3)CC(C3CCC3)C2)CC1
C1CCC(CCCCCC2CCC(CC3CCC(CC4CCCCC4)CC3)CC2)CC1
C1CCC(CC2CCC(C3CCCC(CC4CCCCC4)C3)CC2)CC1
C1CCC(CCC2CCC(C3CCCCC3)CC2)CC1
C1CCC(CC2CCC(C3CCCC4CCCCC43)CC2)CC1
C1CCC2CC(CC3CCC(C4CCCC(C5CCC6CCCCC65)C4)CC3)CC2C1
C1CCC(CC2CCCC(CC3CC4CCCCC4C3)C2)CC1
C1CCC(CC2CCCCC2)CC1
C1CCC(C2CCCC(C3CCCC(C4CCCC4)C3)C2)CC1
C1CCC(CC2CCCCC2C2CCCCC2)CC1
C1CCC(C2CCC(C3CCC(C4CCC(CC5CCC6CCCCC6C5)CC4)CC3)C2)CC1
C1CCC(CCC2CC(C3CCCCC3)C3CCCCC23)CC1
C1CCC(CC2CCC(C3CCCCC3)CC2)CC1
C1CCC(CC2CCCC(CCCC3CCCC(CC4CCCCC4)C3)C2)CC1
C1CCC(CC2CCCC(C3CC(C4CCCC4)C4CCCCC34)C2)C1
C1CCC(C2CCC(C3CC(C4CCCCC4)C3)CC2)CC1
C1CCC(CC2CCCC(C3CCC4CCCC4C3)C2)CC1
C1CCC(CC2CCCC(C3CCCCC3)C2C2CCCC2)CC1
C1CCC(CCCC2CCCC(C3CCCCC3)C2)CC1
C1CCC(C2CCCCC2)CC1
C1CCC(CC2CCC(C3CC(C4CCC(C5CCC(C6CCCCC6)C5)CC4)C3)CC2)CC1
C1CCC(CCC2CCCCC2C2CCC(C3CCCCC3)CC2C2CCC3CCCC3C2)CC1
C1CCC(CCC2CCCCC2)CC1
C1CCC(CC2CCCC(CC3CCCC4CCCCC43)C2)CC1
C(CCCC1CCC2C(CCC2C2CCCCC2)C1)CCC1CCCCC1
C1CCC(CCCCC2CCC(CC3CCCC(CCC4CCCC4)C3)CC2)CC1
C1CCC(CC2CCC(CC3CCC(CCCC4CCCC(C5CCCCC5)C4)CC3)CC2)CC1
C1CCC(CC2CCC(C3CCCCC3)C(CC3CCCCC3)C2)CC1
C1CCC(C2CC(C3CCCCC3)CC(C3CCCCC3)C2)CC1
C1CCC(C2CCC(CC3CC(C4CCC(C5CCCC5)CC4)C4CCCCC34)CC2)CC1
C1CCC(CCC2CCC(CCC3CCC(CC4CCCCC4)CC3)CC2)CC1
C1CCC(CC2CCCCC2C2CCCCC2C2CCCCC2)CC1
C1CC2CCC(CC3CCC(C4CCCC(CC5CC6CCCCC6C5)C4)CC3)CC2C1
C1CCC(C2CC(CC3CCC(CC4CCCC4)CC3)C3CCCCC32)CC1
C1CCC(C2CCC(CC3CCCC(C4CCCCC4)C3)CC2)CC1
C1CCC(CC2CCC(C3CCCCC3)CC2)CC1
C1CCC(C2CCC(C3CCCC(CC4CC5CCCCC5C4)C3)C(CC3CC4CCCCC4C3)C2)CC1
C1CCC(CC2CC(C3CCC4CCCCC43)CC3CCCCC32)CC1
C1CCC(CCCCC2CCC(CC3CCCCC3)CC2)CC1
C1CCC(C2CCC(CCC3CCCCC3C3CCCC3)CC2)CC1
C1CCC(CC2CCCCC2)CC1
C1CCC(C2CCCCC2)CC1
C1CCC(CC2CCCCC2C2CCC(C3CCCC3)CC2)CC1
C1CCC(CCC2CCC3CC(C4CCCCC4)CCC3C2)CC1
C1CCC(C2CCCC(CC3CCC4CCCCC43)C2)CC1
C1CCC(C2CCCC(CCC3CC4CCCCC4C3)C2)CC1
C1CC(CC2CCC(C3CCCCC3C3CCCCC3C3CCCC3)CC2)CC(C2CC2)C1
C1CCC(CCC2CCCCC2C2CCC(CC3CCCCC3)CC2)CC1
C1CCC(CC2CC(CC3CC3)CC(C3CCCC(C4CCCCC4)C3)C2)CC1
C1CCC(CC2CCCC2CC2CC(C3CC3)CCC2C2CCCCC2)CC1
C(CCC1CCC(C2CCCC(CCC3CC3)C2)C(C2CCCC2)C1)CC1CC2CCCCC2C1
C1CCC(CCC2CC(CC3CCCCC3CC3CCCCC3)C3CCCCC23)CC1
C1CCC(CCCCCC2CCC(C3CCCCC3)CC2)CC1
C1CCC(CC2CCCC(C3CCC(C4CCCCC4)CC3C3CCCC3)C2)CC1
C1CCC(CC2CCC(C3CC(C4CCC(C5CCCCC5)CC4)C3)CC2)CC1
C1CCC(CC2CCCCC2CCC2CCCC(C3CCCC(C4CCCCC4)C3)C2)CC1
C1CCC(CCC2CC(C3CCCCC3)CC(C3CCCCC3)C2)CC1
C1CCC(CC2CCC(CC3CCCCC3)CC2)CC1
C1CCC(CC2CCC(C3CCCCC3)C(CC3CCCCC3)C2)CC1
C1CCC(CC2CCCC(CC3CCCCC3)C2)CC1
C1CCC(CCC2CCC(C3CCC(C4CC5CCCCC5C4)CC3)CC2)CC1
C1CCC(CC2CCC(C3CCCCC3)C(CC3CCCCC3)C2)CC1
C1CCC(CCC2CCCC(C3CCCCC3)C2)CC1
C1CCC(C2CCCC(C3CCCCC3)C2)CC1
C1CCC(CC2CCCC(C3CCCC(CCC4CCCC(C5CCCCC5)C4)C3)C2)CC1
C1CCC(CC2CCC(CCCC3CCCC3)C(CC3CCCCC3)C2)CC1
C1CCC2CC(CC3CCCC(C4CCCCC4C4CCCC4)C3)CC2C1
C1CCC(CCC2CCCC(CCC3CCCC(CC4CCCCC4)C3)C2)CC1
C1CCC(CC2CCC(C3CCCC(C4CCCCC4)C3)CC2)CC1
C1CCC(C2CCC(C3CCCC(C4CC(CC5CCC6CCCCC6C5)C5CCCCC54)C3)CC2)CC1
C1CCC(CCC2CCCC(CCC3CC(CC4CCCCC4)C4CCCCC34)C2)CC1
C1CCC(CC2CCC(CCCCC3CCCC(C4CCCCC4)C3)CC2)CC1
C1CCC(CC2CCC3C(C4CCCCC4)CC(C4CCCCC4)C3C2)CC1
C1CCC(CC2CCC(C3CCC(CCC4CCCC(C5CCCCC5)C4)CC3)CC2)CC1
C1CCC(CC2CCC(CC3CCC(C4CC4)CC3C3CCCCC3)CC2)CC1
C1CCC(CCCCCC2CCC(CC3CCC(CC4CCCCC4)CC3)CC2)CC1
C1CCC(C2CCCCC2C2CCCC(CCC3CCC(CC4CC5CCCCC5C4)CC3)C2)CC1
C1CCC(C2CCC(C3CCC(C4CCCC(C5CCCC5)C4)CC3)C2)CC1
C1CCC(CC2CCC(CC3CCC(C4CCCCC4)CC3)CC2)CC1
C1CCC(C2CC(C3CCC4CCCC4C3)CC3CCCCC32)CC1
C(CCC1CCC(CC2CCCCC2)CC1)CCC1CCC(C2CCCCC2)CC1
C1CCC(CCCCCC2CCCC(CC3CCCCC3)C2)CC1
C1CCC(CCCCC2CCC(CC3CCCCC3)CC2)CC1
C1CCC(C2CCC(CC3CCC(C4CCCCC4C4CCC5CCCC5C4)CC3)CC2)CC1
C1CCC(CC2CCC(CC3CCCCC3C3CCCC(C4CCCCC4)C3)CC2)CC1
C1CCC(CC2CCCCC2)CC1
C1CCC(CCC2CCC(C3CCCCC3)C(CC3CCCCC3)C2)CC1
C1CCC(C2CC3CC(C4CCCC(CC5CC6CCCCC6C5)C4)CC3C2)CC1
C1CCC(CCC2CCCC(C3CCC(C4CCC(C5CCCCC5)CC4)C4CCCC34)C2)CC1
C1CCC(CCCC2CCC(C3CCCC(C4CCCC4)C3)CC2)CC1
C1CCC(CCC2CCC(CCC3CCCC(C4CCCCC4)C3)CC2)CC1
C1CCC(C2CCC(CC3CCC(C4CCC5CCCCC5C4)C3)CC2)CC1
C1CCC(C2CCC3C(CCCC3C3CCCC(C4CCCCC4C4CCCCC4C4CCCC4)C3)C2)CC1
C1CCC(CC2CC(C3CCCCC3)C3CC(CCC4CC5CCCCC5C4)CCC23)CC1
C1CCC(CCCC2CCCC(CC3CCCC(C4CCCC4)C3)C2)CC1
C1CCC(CCC2CC(C3CCCC(CC4CCC5CCCCC5C4)C3)C3CCCCC23)CC1
C1CCC(CCCC2CCC(CC3CCC(C4CCCCC4)CC3)CC2)CC1
C1CCC(CC2CCC(CC3CCCCC3C3CCCC(CCC4CCC(CC5CC5)CC4)C3)CC2)CC1
C1CC(CC2CC2)CC(CC2CCCC(C3CCCC(CC4CCCC(C5CCCC5)C4)C3)C2)C1
C1CCC(CC2CCC(CCCC3CCCC(C4CCCCC4)C3)CC2)CC1
C1CCC(CC2CCCC(C3CCCCC3CC3CCCCC3)C2)CC1
C1CCC(C2CCC3CCC(C4CCCCC4)C3C2)CC1
C1CCC(CC2CCC(CC3CCCCC3C3CCCCC3)CC2)CC1
C1CCC(C2CCCC(C3CCCC(CC4CCCC4)C3)C2)CC1
C1CCC(CCC2CCC(CC3CCCCC3)CC2)CC1
C1CCC(C2CCCC(C3CCC(CC4CCC(C5CCCC5)CC4C4CCCC4)CC3)C2)C1
C1CCC(CC2CCC(CC3CCC(CC4CCCCC4)CC3)CC2)CC1
C1CCC(C2CCC(C3CCC4CCCC4C3)CC2)CC1
C1CCC(CCC2CCC(CC3CCC(C4CCCC(C5CCCCC5)C4)CC3)CC2)CC1
C1CCC(C2CCC(C3CCC(CCC4CCC(C5CCCCC5)C4)CC3)CC2)CC1
C1CCC(C2CCC(C3CCC(CCC4CCC5CCCCC54)CC3)C2)CC1
C1CCC(CCC2CCC(CC3CCCCC3)CC2)CC1
C1CCC(CCCC2CC(C3CCCCC3)CCC2CC2CCC3CCCCC3C2)CC1
C1CCC(CCC2CCC(C3CCCCC3)CC2)CC1
C1CCC(CCC2CCC(CCCCC3CCC(C4CCCCC4)CC3)CC2)CC1
C1CCC(CC2CCC(C3CCCC(C4CCCCC4)C3)CC2)CC1
C1CCC(CC2CCCC(C3CCC(CC4CCCCC4)C(C4CCC5CCCC5C4)C3)C2)CC1
C1CCC(CC2CCC(CCC(C3CCCCC3)C3CCCC3)CC2)CC1
C1CCC(CC2CCC3CCCCC3C2)CC1
C1CCC(CC2CCC(C3CCCCC3)C(CCCC3CC4CCCCC4C3)C2)CC1
C1CCC(C2CCC(C3CCCCC3)CC2)CC1
C1CCC(C2CCC3CC(C4CCCC4)CC(C4CCCCC4)C3C2)CC1
C1CCC(C2CCC3C(CCC3C3CCC(C4CCC4)CC3)C2)CC1
C1CCC(CC2CCC(CCC3CCCCC3CCC3CCC(C4CCCCC4)CC3)CC2)CC1
C1CCC(CC2CCC(CC3CCCCC3)CC2)CC1
C1CCC(C2CCCC(CCCC3CCC(C4CCCC(CC5CCCC5)C4)CC3)C2)CC1
C1CCC(CC2CCC3C(CC4CCCCC4)CC(C4CCCCC4)C3C2)CC1
C1CCC(C2CCCCC2)CC1
C1CCC(C2CCCC(C3CCCCC3)C2)CC1
C1CCC(CCC2CCCCC2C2CCC(C3CCCCC3)CC2)CC1
C1CCC(CC2CCC(CCC3CCC(CCCC4CCC5CCCCC5C4)CC3)CC2)CC1
C1CCC(CC2CCC(C3CCCCC3)CC2)CC1
C1CCC(CC2CCC(CCC3CCC(C4CCCCC4)CC3)CC2)CC1
C1CCC(C2CCC(C3CCC3)CC2C2CCCCC2)CC1
C1CCC(CC2CCC(CCCC3CCC(C4CCCCC4)CC3)CC2)CC1
C1CCC(CC2CCC(CCC3CCCC3)CC2)CC1
C1CCC(C2CCC(CC3CCC(CC4CCC(C5CCC6CCCCC65)C5CCCCC45)CC3)CC2)C1
C1CCC(C2CCC(C3CCCCC3)CC2)CC1
C1CCC(C2CCC(C3CCCC3)CC2)CC1
C1CCC(C2CCC(CC3CCC4CCCC4C3)CC2)CC1
C1CCC(CCCC2CCC(C3CCCCC3C3CCCCC3)CC2)CC1
C1CCC(CC2CCCC(CCCCC3CCCCC3C3CCCCC3)C2)CC1
C1CCC(C2CCC(C3CCCCC3CCCCC3CCCC(C4CCC4)C3)CC2)CC1
C1CCC(CC2CCC(CC3CCCCC3)CC2)CC1
C1CCC(CCCC2CCC(C3CCCCC3)CC2)CC1
C1CCC(CC2CCC(CCCC3CCC(CC4CCC(C5CCC6CCCC6C5)CC4)CC3)CC2)CC1
C1CCC(CCC2CCCCC2)CC1
C1CCC(CC2CCC(CC3CCCCC3)C(C3CCCC4CCCCC43)C2)CC1
C1CCC(CC2CCCC(CCC3CC4CCCCC4C3)C2)CC1
C1CCC(C2CCC(CCC3CCCCC3CCCC3CCC(C4CCCC4)CC3)CC2)CC1
C1CCC(CC2CCCCC2C(CC2CCC3CCCCC3C2)C2CCCCC2)CC1
C1CCC(CC2CCC(C3CCCCC3)CC2)CC1
C1CCC(CC2CCC(CCC3CCC(CC4CCC(C5CCCCC5)CC4)CC3)CC2)CC1
C1CCC(CC2CCCC(CC3CCCCC3)C2)CC1
C1CCC(CCC2CCCCC2C2CCC(C3CCCCC3)CC2)CC1
C1CCC(CCCC2CCCCC2)CC1
C1CCC(CCC2CCC(CC3CCCCC3)CC2)CC1
C1CCC(CCC2CC(CC3CCCCC3)C(C3CCCCC3)C(C3CCCC3)C2)CC1
C1CCC(CCC2CCC(CCC3CCCCC3)CC2)CC1
C1CCC(CC2CCCC(C3CCC(C4CCCC(C5CCC5)C4)CC3)C2)CC1
C1CCC(CC2CCC(C3CCCCC3)CC2)CC1
C1CCC(CC2CCC(CC3CCCCC3C3CCCC3)CC2)CC1
C1CCC(CCCC2CCCCC2C2CCCC2)CC1
C1CCC(CCC2CC(CC3CCCCC3)CC(C3CCCCC3)C2)CC1
C1CCC(CC2CCC(CC3CCC(CC4CCCCC4C4CCCC4)CC3)CC2)CC1
C1CCC(C2CCCC(C3CC(C4CCCCC4)CC(C4CCCCC4)C3)C2)CC1
C1CCC(C2CCCC(C3CCCC(C4CCCC4)C3)C2)CC1
C1CCC(C2CCC(CC3CCC(C4CCCCC4)CC3)CC2)CC1
C1CCC(CC2CCCC(C3CCC4C(CC5CCCC5)CC(C5CCCCC5)C4C3)C2)CC1
C1CCC(C2CCCC(C3CCCC(C4CCCCC4)C3)C2)CC1
C1CCC(CC2CCCCC2CC2CCCCC2C2CCCCC2)CC1
C1CCC2CC(CC3CC(C4CCC5C(CCCC5C5CCC5)C4)C4CCCCC34)CCC2C1
C1CCC(CC2CCC(CC3CCCCC3)CC2)CC1
C1CCC(CC2CC(C3CCCCC3C3CCCC3)C3CCC(C4CCCCC4)CC23)CC1
C1CCC(CC2CCC(C3CC4CCCCC4C3)CC2)CC1
C1CCC(CC2CCC3CCC(C4CCCCC4C4CCC5CCCCC5C4)CC3C2)CC1
C1CCC(CC2CCC(C3CCC(CCCCC4CCCC(CC5CCCC5)C4)CC3)CC2)CC1
C1CCC(C2CCC(C3CCC(C4CCCC(CC5CC6CCCCC6C5)C4)CC3)C2)CC1
C1CCC(CCC2CCC(C3CCCCC3)CC2)CC1
C1CCC(CC2CCC(CCCC3CCC(C4CCCCC4)CC3)CC2)CC1
C1CCC(C2CCC(C3CCCC3)CC2)CC1
C1CCC(CCC2CCC(C3CCC(CC4CCCCC4)CC3)CC2)CC1
C1CCC(CC2CCC(C3CCCCC3C3CCCC3)CC2)CC1
C1CCC(CCC2CCC(CCC3CCC(C4CCCCC4)CC3)CC2)CC1
C1CCC(C2CCCCC2C2CCCCC2C2CCCCC2)CC1
C1CCC(CCC2CCC3CC(C4CCCCC4)CCC3C2)CC1
C1CCC(CC2CCCC(C3CCCCC3)C2)CC1
C1CCC(C2CCCC(CC3CCCC(CC4CCCC4)C3)C2)CC1
C1CCC(CC2CCC(CC3CCCCC3)CC2)CC1
C1CCC(CC2CC(C3CCCCC3)C3CCCCC23)CC1
C1CCC(C2CCC(C3CC4CCCCC4C(C4CCCCC4)C3)CC2)CC1
C1CCC(C2CCC(C3CCCCC3C3CCCC3)CC2)CC1
C1CCC(CC2CCC(C3CC(C4CCC5CCCCC54)CC4CCCCC43)CC2)C1
C1CCC(CCC2CCCC(C3CCCC(CC4CCCCC4)C3)C2)CC1
C1CCC(CC2CCC(CCCC3CCCC(C4CCCCC4)C3)CC2)CC1
C1CCC(C2CCCCC2C2CCCCC2)CC1
C1CCC(CC2CCC(C3CCCC(C4CCCCC4)C3)CC2)CC1
C1CCC(C2CCC(CC3CCC(C4CCCCC4)CC3)CC2)CC1
C1CCC(CC2CCC(CC3CCCCC3)C(CCC3CCC4CCCCC43)C2)CC1
C(CCC1CCCCC1C1CCCC2CCCCC21)CC1CCC2CCCCC2C1
C1CCC(CCC2CCCCC2C2CCC3CCCC3C2)C1
C1CCC(CC2CCCC(C3CCCCC3)C2)CC1
C1CCC(CC2CCCC(C3CC(CC4CC4)CC(C4CCCCC4)C3)C2)CC1
C1CCC(CCCCC2CCC(CCC3CCCCC3)CC2)CC1
C1CCC(CC2CCC(CCCC3CCC(CCCC4CC4)CC3)CC2)CC1
C1CCC(C2CCCC(CCC3CC3)C2)CC1
C1CCC(CC2CCCC(C3CCCC(C4CCCCC4)C3)C2)CC1
C1CCC(CC2CCCC(C3CCC(C4CCCC4)CC3)C2)CC1
C1CCC(CCCC2CCCC(C3CCC(C4CCCCC4)CC3C3CCCC3)C2)CC1
C1CCC(CC2CCCCC2C2CCCC(CC3CCCC3)C2)CC1
C1CCC(C2CCCC(CC3CCCCC3C3CCC(C4CCCCC4)C3)C2)CC1
C1CCC(C2CCC(C3CCCC(C4CCC5CCCC5C4)C3)CC2)CC1
C1CCC(CCCCC2CCC(C3CCCC(CC4CCCCC4)C3)CC2)CC1
C1CCC(C2CCCC(C3CCC(CCC4CCCC(CC5CC6CCCCC6C5)C4)CC3)C2)CC1
C1CCC(CCC2CC(CCC3CCCC3)CC(CC3CCCCC3)C2)CC1
C1CCC(CCCC2CCCC(CC3CCC(C4CCCCC4)CC3)C2)CC1
C1CCC(C2CCCC(CCC3CCCC(C4CCCCC4)C3)C2)CC1
C1CCC(C2CCCCC2C2CCCCC2)CC1
C1CCC(CC2CCC(CCC3CCCC(CC4CCCCC4)C3)CC2)CC1
C1CCC(CC2CCC(C3CCCCC3CC3CCCCC3)CC2)CC1
C1CCC(CCCCC2CCCCC2CC2CCC(C3CCCC(CC4CCCCC4)C3)CC2)CC1
C1CCC(C2CC3CCCCC3C(C3CCCCC3)C2)CC1
C1CCC(C2CCCC(C3CCC4CCCCC4C3)C2)CC1
C1CCC(C2CCC3C(C4CCCCC4)CC(C4CCCCC4)C3C2)CC1
C1CCC(CC2CCC(CC3CCCC(C4CC(C5CCCCC5)CC5CCCC54)C3)CC2)CC1
C1CCC(CCC2CCC(C3CCCCC3)CC2)CC1
C1CCC(CC2CCCCC2C2CCCCC2)CC1
C1CCC(CCCCC2CCC(CC3CCCCC3)CC2)CC1
C1CCC(CC2CCC(CCC3CCC(C4CCCC4)CC3)C2)CC1
C1CCC(CC2CCCC(CC3CCCCC3)C2)CC1
C1CCC(C2CCCC(C3CCC(CCCC4CCC5CCCCC5C4)CC3)C2)CC1
C1CCC(C2CCCC(CCC3CCC(C4CCC5C(CCC5C5CCCCC5)C4)CC3)C2)CC1
C1CCC(CCCC2CCC(CC3CCC(CC4CCCC(C5CCCC5)C4)CC3)CC2)CC1
C1CCC(CC2CCCC(CC3CCCC(C4CCCCC4)C3)C2)CC1
C1CCC(C2CCC(CC3CCCC4CCCCC43)CC2)CC1
C1CCC(CC2CCCC(C3CCC(C4CCCCC4)CC3)C2)CC1
C1CCC(C2CCC(CCCCC3CCCC(C4CCCC4)C3)C(CCCC3CC3)C2)CC1
C1CCC(C2CCCC(C3CCCCC3CCC3CC4CCCCC4C3)C2)CC1
C1CCC(C2CCC(C3CCCC(C4CCC5CCCC5C4)C3)CC2)CC1
C1CCC(CCC2CCC(CC3CCCCC3)CC2)CC1
C1CCC(CC2CCCC(C3CCCCC3C3CCCCC3)C2)CC1
C1CCC(CC2CC(CC3CC3)CC(C3CCCCC3)C2)CC1
C1CCC(CC2CCC(C3CCC4CC(CC5CCCCC5)CC(C5CCCCC5)C4C3)CC2)CC1
C1CCC(CC2CCC(C3CCCCC3CC3CCCC(CC4CCCCC4)C3)CC2)CC1
C1CCC(CC2CCC(C3CCCC(CC4CCCCC4)C3)CC2)CC1
C1CCC(CC2CCCC(C3CCC(C4CCCCC4)CC3)C2)CC1
C1CCC(CCC2CCC3C(C4CCC(C5CCCC5)CC4)CC(C4CCCC4)C3C2)CC1
C1CCC(CC2CC(C3CCCCC3)CC(C3CCCCC3)C2)CC1
C1CCC(CC2CCC(C3CCCCC3C3CCCCC3)CC2)CC1
C1CCC(CC2CCCCC2C2CCCCC2C2CCCCC2)CC1
C1CCC(C2CCCCC2C2CCCCC2)CC1
C1CCC(C2CCCC(CCC3CCCC(C4CCCCC4)C3)C2)CC1
C1CCC(CCCCC2CCC(CCC3CCC(CC4CCCCC4)CC3)CC2)CC1
C1CCC(C2CCC(C(CCC3CCC(C4CCCC4)C3)C3CCCCC3)CC2)CC1
C1CCC(C2CCCCC2CCC2CC(C3CCC(C4CCCC4)CC3)C3CCCCC23)CC1
C1CCC(C2CCCC(C3CCC4CC(C5CCC6CCCCC65)CC(C5CCCC(C6CC6)C5)C4C3)C2)CC1
C1CCC(CCC2CCC3C(CCC3C3CCCCC3)C2)CC1
C1CCC(C2CCC(C3CCCCC3C3CCCCC3C3CCCC(C4CCCCC4)C3)CC2)CC1
C1CCC(C2CCCCC2CC2CC(C3CCCCC3)C3CC(CCC4CC5CCCCC5C4)CCC23)CC1
C1CCC(CC2CCC(C3CCC(C4CCCC4)CC3C3CCCC3)CC2)CC1
C1CCC(CCC2CC(CC3CCCC(C4CCCCC4)C3)CC(C3CCCCC3)C2)CC1
C1CCC(CCC2CCCC(C3CCCC(CCCC4CCC4)C3)C2)CC1
C1CCC(C2CCC(CC3CCC(CC4CC4)CC3)CC2)CC1
C1CCC(CC2CCCC(CC3CCCCC3)C2)CC1
C1CCC(C2CC(C3CCCC(C4CCC5CCCC5C4)C3)C3CCCCC23)CC1
C1CCC(C2CCC(CCCCC3CCCC(C4CCCCC4)C3)CC2)CC1
C1CCC(CCC2CCC(C3CCC(C4CC4)CC3)CC2)C1
C1CCC(CC2CCC(CC3CCCCC3)CC2)CC1
C1CCC(C2CCC(CC3CCCCC3C3CCCCC3)CC2)CC1
C1CCC(C2CCC(CCC3CCCCC3C3CCC4CCCCC43)CC2)CC1
C1CCC(CCC2CCC(CC3CCCC(CC4CCCCC4)C3)CC2)CC1
C1CCC(CCCC2CCC(CC3CCC(CC4CCCCC4)CC3)CC2)CC1
C1CCC(CCCCCC2CCC(CC3CCCCC3)CC2)CC1
C1CCC2CC(C3CCC4CCCCC43)CCC2C1
C1CCC(C2CCCC(C3CCCC(CC4CCCC(C5CCCC5)C4)C3)C2)CC1
C1CCC(CCC2CCC3CC(C4CC(C5CCCCC5)CCC4C4CCCCC4)CCC23)CC1
C1CCC(C2CCC3C(CCC3C3CCCCC3)C2)CC1
C1CCC(CCCC2CC(CC3CCCCC3)CCC2C2CCCCC2)CC1
C1CCC(CCCCC2CCC(C3CCCC(C4CCCC4)C3)CC2CC2CCCCC2)CC1
C1CCC(CC2CCC(C3CCC(CC4CCC(C5CCCCC5)CC4)CC3)CC2)CC1
C1CCC(CCC2CCC(CC3CCCCC3)CC2)CC1
C1CCC(C2CCCCC2C2CCCCC2)CC1
C1CCC(CC2CCC(C3CCCCC3C3CCCC(CC4CCCCC4)C3)CC2)CC1
C1CCC(C2CCC(CCC3CCCCC3C3CCC4CCCC4C3)CC2)CC1
C1CCC(CCCCC2CCC(C3CCCCC3)CC2)CC1
C1CCC2CC(C3CCC(CC4CCC(CC5CCCCC5C5CCCC5)CC4)CC3)CCC2C1
C1CCC(CCC2CC(CCCC3CCC(CC4CC4)CC3)C3CC(CC4CCCCC4)CCC23)CC1
C1CCC(CC2CCC(CCC3CCCC(CC4CCCCC4)C3)CC2)CC1
C1CCC(CC2CCC(CC3CCCCC3C3CCCC3)CC2)CC1
C1CCC(C2CCCC(C3CCCCC3)C2)CC1
C1CCC(CC2CCC(CCCC3CCC(CCCC4CC4)CC3)CC2)CC1
C1CCC(CCCCC2CCCCC2)CC1
C1CCC(C2CCCCC2)CC1
C1CCC(C2CCC(CC3CCCC(C4CCCCC4C4CCCCC4)C3)CC2)CC1
C1CCC(C2CCCC(CCC3CCCC(CC4CCCC(CC5CC6CCCCC65)C4)C3)C2)CC1
C1CCC(CCCC2CCCC(CCC3CCCCC3)C2)CC1
C1CCC(CC2CCC(CCC3CCC(CC4CCCCC4CC4CC5CCCCC5C4)CC3)CC2)CC1
C1CCC(C2CCC(CC3CC4CCCCC4C3)CC2)CC1
C1CCC(CCCCC2CCC(CCC3CCCCC3CC3CCCCC3)CC2)CC1
C1CCC(CCC2CCCCC2)CC1
C1CCC(CCC2CCCC(C3CCCC(C4CCCCC4)C3)C2)CC1
C1CCC(CCC2CCCC(C3CCCC(C4CCCCC4)C3)C2)CC1
C1CCC(CC2CC(CCC3CCC(C4CCCCC4)CC3)C3CCCCC23)CC1
C1CCC(CCC2CCCCC2CC2CCCCC2CC2CCC(CC3CCC(C4CCCC4)CC3)CC2)CC1
C1CCC(CC2CCC(CC3CCC(CC4CCCCC4)CC3)CC2)CC1
C1CCC(CC2CCC(CCCC3CCCC(C4CCCCC4)C3)CC2)CC1
C1CCC(C2CCC3CCC(C4CC5CCCCC5C4)CC32)CC1
C1CCC(C2CCC(CCCC3CCC(C4CCCCC4)C(C4CCCC4)C3)CC2)CC1
C1CCC(CCC2CCC(CC3CCC(CC4CCCCC4)CC3C3CCCC3)CC2)CC1
C1CCC(CCC2CCC(C3CC(CC4CCCCC4)C4CCCCC43)CC2)CC1
C1CCC(CC2CCCC(C3CCCCC3C3CCCC3)C2)CC1
C1CCC(CC2CCC(CC3CCCC(CC4CC5CCCCC54)C3)CC2)CC1
C1CCC(C2CCCC(CCC3CCC(C4CCC(CCC5CCCC5)CC4)CC3)C2)CC1
C1CCC(CC2CCC3CC(C4CCC(C5CCC(C6CCCCC6)CC5)CC4)CCC23)CC1
C1CCC(C2CCC(CCCC3CCCC(C4CCCCC4)C3)CC2)CC1
C1CCC(C2CCC(CC3CCC(C4CCCC(C5CCCCC5)C4)CC3)CC2)CC1
C1CCC(C2CCCC(CCCC3CCC3)C2)CC1
C1CCC(CC2CCCCC2C2CCCCC2)CC1
C1CCC(C2CCCC(CC3CCC4CCCC4C3)C2)CC1
C1CCC(CC2CCC(C3CCCCC3)CC2)CC1
C1CCC(CC2CCCC(CCC3CC4CCCCC4C3)C2)CC1
C1CCC(C2CCCC(C3CCCCC3)C2)CC1
C1CCC(C2CCCCC2C2CCC3CCCC(C4CCCCC4)C3C2)CC1
C1CCC(C2CCCC(C3CCCC(C4CCCCC4)C3)C2)CC1
C1CCC(C2CCCC(C3CCC4CC(C5CCCCC5)CCC4C3)C2)CC1
C1CCC(CC2CCCC(C(CC3CCCCC3)C3CCCC3)C2)CC1
C1CCC(CCCC2CCCC(CC3CCC(CC4CCCCC4)CC3)C2)CC1
C1CCC(C2CC(C3CC3)CC(C3CCCC(CC4CCC5CCCCC54)C3)C2)CC1
C1CCC(CCC2CCC(C3CCCCC3)CC2CCC2CCC(C3CC3)CC2)CC1
C1CCC(C2CCCCC2CC2CCCCC2CCC2CCCC2)CC1
C1CCC(CCC2CCCC(C3CCCCC3)C2)CC1
C1CCC(C2CCC(CCC3CCCC(C4CCCCC4)C3)CC2)CC1
C1CCC(CC2CCC(CC3CCCC(CC4CC5CCCCC5C4)C3)C(CC3CCCCC3)C2)CC1
C1CCC(CCC2CCC(CC3CCCC(C4CCC5CCCC5C4)C3)CC2)CC1
C1CCC(C2CCC(C3CCC(CC4CC5CCCCC5C4)CC3C3CCCCC3)C3CCCC23)CC1
C1CCC(C2CCCC(C3CCCCC3C3CCCCC3)C2)CC1
C1CCC(C2CCC(C3CCC(C4CCCCC4)CC3C3CCC4CCCC4C3)CC2)CC1
C1CCC(C2CCC3C(CCCC3C3CCC(CC4CCC4)CC3)C2)CC1
C1CCC(CC2CCC(C3CCCCC3)CC2)CC1
C1CCC(CC2CCCC(C3CCCC(C4CCC5CCCC5C4)C3)C2)CC1
C1CCC(C2CCCC(C3CCCCC3)C2)CC1
C1CCC(CC2CCC(CCC3CCCC(CC4CCCCC4)C3)CC2)CC1
C1CCC(CCC2CCCCC2C2CCCCC2)CC1
C1CCC(CCC2CC(CC3CCCCC3)CCC2CC2CCCCC2)CC1
C1CCC(CCCC2CCC(CC3CCCC(CC4CCC5CCCCC54)C3)CC2)CC1
C1CCC(CC2CCC(CC3CCC(C4CCCC4)CC3)CC2)CC1
C1CCC(CC2CCC(C3CCCCC3)CC2)CC1
C1CCC(CCC2CCCC(C3CCCCC3)C2)CC1
C1CCC(CC2CCCCC2C2CCCC(C3CCC4CCCCC43)C2)CC1
C1CCC(CCCC2CCC(CCC3CCCC(C4CCCC(C5CCCC5)C4)C3)CC2)CC1
C1CCC(CCC2CCC(CCC3CCCC(CCC4CCCCC4)C3)CC2)CC1
C1CCC(C2CCC(CCC3CCC(CC4CCC(C5CCCC(C6CC6)C5)CC4)CC3)CC2)CC1
C1CCC(CC(CC2CCCC(C3CCCCC3CC3CCC4CCCCC43)C2)C2CCCCC2)CC1
C1CCC(CCC2CCC(CC3CCC(C4CCCCC4)CC3)CC2)CC1
C1CCC(C2CCC(C3CCCCC3)CC2)CC1
C1CCC(C2CC(C3CCC4CCCCC43)CC3CCCCC32)CC1
C1CCC(C2CCCCC2C2CC(C3CCCCC3C3CC3)C3CCCCC23)C1
C1CCC(C2CCCC(C3CCC4CCCCC43)C2)CC1
C1CCC(CC2CCCC(C3CCC4CCCCC43)C2)CC1
C1CCC(CC2CCCC(CCC3CCCCC3C3CCCCC3)C2)CC1
C1CCC(C2CCCC(C3CCC(C4CCCCC4)C(CCC4CC5CCCCC5C4)C3)C2)CC1
C1CCC(C2CCC(C3CCC(C4CCCC(C5CCC(C6CCC6)CC5)C4)CC3)CC2)CC1
C1CCC(C2CCC3CC(C4CCC(C5CCCCC5)C4)CCC3C2)CC1
C1CCC(CC2CCCC(C3CCCCC3)C2)CC1
C1CCC(CCC2CCC(C3CCCCC3)CC2)CC1
C1CCC(CC2CCCC(C(C3CCCCC3)C3CCCC(CC4CCCCC4)C3)C2)CC1
C1CCC(C2CCCCC2C2CCC3CCCC3C2)CC1
C1CCC(CC2CCC(CC3CCCCC3C3CCCCC3CC3CC3)CC2)CC1
C1CCC(CC2CCC(CC3CCCCC3)CC2)CC1
C1CCC(CCCC2CCC(CCCC3CCCCC3)CC2)CC1
C1CCC(C2CCC(C3CCCCC3C3CCCCC3)C(CC3CC3)C2)CC1
C1CCC(CC2CCCC(CC3CCC(C4CCCCC4)CC3)C2)CC1
C1CCC(CC2CCCC(CC3CCCC(CCC4CCCC5CCCCC54)C3)C2)C1
C1CCC(CC2CCC(C3CCCC(CC4CCCCC4)C3)CC2)CC1
C1CCC(CC2CCC(C3CC(C4CCCCC4)CC4CCCCC43)C(C3CCCCC3)C2)CC1
C1CCC(C2CCCC(C(C3CCCCC3)C3CCC4CCCCC43)C2)CC1
C1CCC(CC2CCCCC2)CC1
C1CCC(CC2CCCC(C3CC(CC4CCCCC4)CC(C4CCCCC4)C3CC3CCCCC3)C2)CC1
C1CCC(CCCC2CCC3CCC(CC4CCCCC4)CC23)CC1
C1CCC(CC2CCCCC2C2CCC(C3CCCC(C4CCC5CCCCC5C4)C3)CC2)CC1
C1CCC(CC2CCC(C3CC(CC4CCCCC4)C4CCCCC43)CC2)CC1
C1CCC(CCC2CCCCC2C2CCCCC2)CC1
C1CCC(CCCCC2CCC(CC3CCCCC3)CC2)CC1
C1CCC(CC2CCCCC2CCC2CCC(C3CCC4CCCC4C3)CC2)CC1
C1CCC(CCCC2CCCC(CCC3CCC(CCCC4CCC4)CC3)C2)CC1
C1CCC(CC2CCCC(C3CCCC(C4CCCC(CC5CCCCC5)C4)C3)C2)CC1
C1CCC(CC2CC(CC3CCCC(C4CCCCC4)C3)C3CCCCC23)CC1
C1CCC(C2CC(C3CCCCC3CC3CC4CCCCC4C3)C3CCCCC23)CC1
C1CCC(C2CC(C3CCC4CCCCC4C3)CC3CCCCC32)CC1
C1CCC(CCCC2CCC(C3CCCCC3)CC2)CC1
C1CCC(C2CCCC(C3CCC4CCCC4C3)C2)CC1
C1CCC(CCCC2CCCCC2)CC1
C1CCC(C2CCCC(CC3CC(C4CCCCC4)C4CCCCC34)C2)CC1
C1CCC(CC2CCC(CC3CCC(C4CCCCC4)CC3)CC2)CC1
C(CC1CCC(CCC2CC3CCCCC3C2)CC1)CC1CC2CCCCC2C1
C1CCC(CC2CC(C3CCCCC3C3CCCCC3)C3CCCCC23)CC1
C1CCC(CCCCC2CCC(C3CCCCC3)CC2)CC1
C1CCC(C2CCC(CCC3CCC(C4CCCCC4)CC3)CC2)CC1
C1CCC(CC2CCC(CCC3CCCCC3C3CCC4CCCCC4C3)CC2)CC1
C1CCC(CCCC2CCC(C3CCC(C4CCCCC4C4CCCC4)CC3)CC2)CC1
C1CCC(C2CCC(C3CCCC(C4CCCCC4)C3)CC2)CC1
C1CCC(CC2CCC(CC3CCC(C4CCCCC4)C(C4CCCCC4)C3)CC2)CC1
C1CCC(CCC2CCC(C3CCCCC3)CC2)CC1
C1CCC(CC2CCC(C3CCCCC3)CC2)CC1
C(CCC1CCCC(C2CCC(C3CCC3)CC2)C1)CC1CCC2CCCC2C1
C1CCC(CCCC2CC(C3CCC(C4CCCCC4)CC3)C3CCCCC23)CC1
C1CCC(C2CCCCC2)CC1
C1CCC(C2CCCCC2C2CCCCC2C2CCCCC2)CC1
C1CCC(CCC2CCCCC2CC2CCCCC2)CC1
C1CCC(C2CCCC(C3CCC(CCC4CC4)CC3)C2)CC1
C1CCC(CCC2CCCC(CC3CCCC(CCC4CCC5CCCC5C4)C3)C2)CC1
C1CCC(CC2CCCC(CCC3CCC(C4CCCC4)CC3)C2)CC1
C1CCC(CC2CCCC(CC3CCC4CCC(CC5CCCCC5)CC43)C2)CC1
C1CCC(CC2CCC(CC3CCC(C4CCC(CC5CCCCC5)CC4C4CCCC4)CC3)CC2)CC1
C1CCC(CC2CCC(CCC3CCC(CC4CCCCC4)CC3)CC2)CC1
C1CCC(CCC2CCCC(CC3CCC3)C2)CC1
C1CCC(C2CCCC(C3CCCCC3C3CCCCC3)C2)CC1
C1CCC(CCC2CCCC(CCCCC3CCC(C4CCCCC4)CC3)C2)CC1
C1CCC(C2CCCC(C3CCCCC3C3CCCCC3)C2)CC1
C1CCC(CCC2CCCCC2)CC1
C1CCC(CC2CC(C3CCCCC3)C3CCCCC23)CC1
C1CCC(C2CCCC(C3CCCCC3)C2)CC1
C1CCC(CC2CCC(C3CCCCC3)CC2)CC1
C1CCC(CCCC2CCC(C3CCCCC3)CC2)CC1
C1CCC(CCC2CCCC(C3CCCCC3)C2)CC1
C1CC(C2CCC(C3CCCC(C4CCC5CCCCC54)C3)CC2)C1
C1CCC(CCC2CCC3CC(C4CCCCC4)CCC3C2)CC1
C1CCC(C2CCCC(C3CCCCC3)C2)CC1
C1CCC(C2CCC3CCCC(C4CCCCC4)C3C2)CC1
C1CCC(C2CCCC(C3CCC(C4CCC5CCCCC54)CC3)C2)CC1
C1CCC(CC2CCC(C3CCCCC3C3CCC4CCCCC4C3)CC2)CC1
C1CCC(CC2CCCCC2C2CCC3C(CCC3C3CCCCC3)C2)CC1
C1CCC(C2CCC(CC3CC4CCCCC4C3)CC2)CC1
C1CCC(C2CCCC(CCCC3CCC4CCCC4C3)C2)CC1
C1CCC(CC2CCC(C3CCC(C4CCCC(CC5CC6CCCCC6C5)C4)C3)CC2)CC1
C1CCC(CCC2CCCC(CCCC3CCC(C4CCCCC4)CC3)C2)CC1
C1CCC(C2CCCC(CC3CCCCC3CCC3CCC(C4CCCC4)CC3)C2)CC1
C1CCC(C2CCCC(C3CCCCC3C3CCCCC3)C2)CC1
C1CCC(CCC2CCC(C3CCCCC3CC3CCCCC3)CC2)CC1
C1CCC(CC2CCC(C3CCCCC3)CC2)CC1
C1CCC(CC2CCCC(CCC3CCC(C4CCCCC4C4CC5CCCCC5C4)CC3)C2)CC1
C1CCC(CC2CCCC(C3CCCC4CC(C5CCCCC5C5CCCC5)CC43)C2)CC1
C1CCC(CCC2CCCC(CC3CCC4CC(C5CCCCC5)CCC4C3)C2)CC1
C1CCC(CC2CCC(CC3CCCCC3)CC2)CC1
C1CCC(CCC2CCC(C3CCC(C4CC4)CC3)CC2)CC1
C1CCC(CCC2CC(CC3CCCCC3CC3CCCCC3)CC(C3CCCCC3)C2)CC1
C1CC(C2CCCC(C3CCC(C4CCC5CCCCC54)CC3)C2)C1
C1CC(CCC2CC3CCCCC3C2)CC(CC2CCC(CCC3CC3)CC2)C1
C1CCC(CCC2CCCC(C3CCCC(C4CCC4)C3)C2)CC1
C1CCC(CCCC2CCC(CC3CCCCC3)CC2)CC1
C1CCC(C2CCC(C3CCC(C4CCCCC4)C4CCCC43)C(C3CCCC3)C2)CC1
C1CCC(C2CCCC3CCCCC32)CC1
C1CCC(C2CC(C3CCCCC3)CC(C3CCCC(C4CCCC4)C3)C2)CC1
C1CCC(CCCCC2CCCC(CCC3CCCCC3CC3CCCCC3)C2)CC1
C(CCCC1CCCC(CC2CCC(CC3CCCCC3)CC2)C1)CCC1CCC1
C1CCC(CC2CC(C3CCCCC3)CCC2C2CCCCC2)CC1
C1CCC(CC2CCC(CCCC3CCC4C(CCCC4C4CCCCC4)C3)CC2)CC1
C1CCC(CC2CCC(CCC3CCC(CC4CCC(C5CCCCC5)CC4)CC3)CC2)CC1
C1CCC(C2CCCC(CC3CC3)C2)CC1
C1CCC(CCCC2CCC(C3CCCCC3)CC2)CC1
C1CCC(CCCC2CCC(CCC3CCCC(C4CCC4)C3)CC2)CC1
C1CCC(C2CCCC(C3CCCCC3C3CCCCC3)C2)CC1
C1CCC(CC2CCCCC2CC2CCC(C3CCCCC3)CC2)CC1
C1CCC(C2CCCC(C3CCC(C4CCC(C5CCCC5)C(C5CCC6CCCC6C5)C4)CC3)C2)C1
C1CCC(CCC2CCC(C3CCCCC3)CC2)CC1
C1CCC(C2CCC(C3CCC(C4CCCCC4C4CCCC4)CC3)CC2)CC1
C1CCC(C2CCC(CC3CC(C4CCCC4)CC(C4CCCC(C5CCCCC5)C4)C3)CC2)CC1
C1CCC(CCCC2CCC(CC3CCCC(C4CC5CCCCC5C4)C3)CC2)CC1
C1CCC(C2CCCC(CCC3CCC(C4CCCC(C5CCCCC5)C4)CC3)C2)CC1
C1CCC(CC2CCC(C3CCC4C(CCCC4C4CCC5CCCCC5C4)C3)CC2)CC1
C1CCC(C2CCCC(CCCC3CC4CCCCC4C3)C2)CC1
C1CCC(CC2CC(C3CCC(C4CCCCC4C4CCCC4)CC3)C3CCCCC23)CC1
C1CCC(CCC2CCC(CC3CCCCC3)CC2CCC2CCCCC2)CC1
C1CCC(CC2CCCCC2CC2CCCC(C3CCCC(C4CC4)C3)C2)C1
C(CCCC1CCC(CC2CCCC(C3CCCCC3)C2)CC1)CCC1CC1
C1CCC(CCC2CCC(CCC3CCCCC3)CC2)CC1
C1CCC(CCC2CCC(C3CCC4CCCCC43)CC2C2CCCCC2)CC1
C1CCC(C2CCCC(C3CCC(C4CCCCC4)C3)C2)CC1
C1CCC(CCC2CCC(CC3CCCCC3C3CCCCC3)CC2)CC1
C1CCC(CC2CCC(CC3CCCCC3)CC2)CC1
C1CCC(C2CCCC(C3CCCC(C4CCCCC4)C3)C2)CC1
C1CCC(CCCCC2CCCC(CCCC3CCC(C4CCCCC4)CC3)C2)CC1
C1CCC(CCCC2CCC(CC3CCCCC3)CC2)CC1
C(CCCC1CCCC(C2CCCCC2)C1)CCC1CCCCC1
C1CCC(CC2CCC(CC3CCC(CC4CCC5CCCCC5C4)CC3)CC2)CC1
C1CCC(CCCC2CC(CC3CCCCC3)CCC2CC2CCCCC2)CC1
C1CCC(C2CCC(C3CCC4CCCC4C3)CC2C2CCCCC2)CC1
C1CCC(CC2CCCC(C3CCC(CC4CCC4)CC3)C2)CC1
C1CCC(CC2CCC(CC3CCCCC3)CC2)CC1
C1CCC(CC2CCC(CC3CCC(C4CCCCC4)CC3)CC2)CC1
C1CCC(CCC2CCC(C3CCCCC3)CC2)CC1
C1CCC(CC2CCCCC2C2CCC3C(CCCC3C3CCCCC3)C2)CC1
C1CCC(CC2CCC(CC3CCC(C4CCCCC4)CC3)C2)CC1
C1CCC(CC2CCC(CC3CCCCC3)CC2)CC1
C1CCC(CCC2CCC(CCC3CCCC(C4CCC5CCCCC54)C3)CC2)CC1
C1CCC(C2CCC(CCC3CCC(C4CCCC4)CC3)CC2)CC1
C1CCC(C2CCC(C3CCCCC3)C(C3CCCC3)C2)CC1
C1CCC(CCCCC2CCC(CC3CCCC(C4CCCCC4)C3)CC2)CC1
C1CCC(C2CCC(C3CCCC4CC(C5CCCCC5)CCC43)CC2)CC1
C1CCC(CC2CC(CC3CCCC(C4CCCCC4)C3)C3CCCCC23)CC1
C1CCC(CC2CCC(CC3CCCCC3)CC2)CC1
C1CCC(CCCCC2CCCCC2C2CCCCC2C2CCC3CCCC3C2)CC1
C1CCC(CC2CCC(CC3CCCCC3CC3CCCCC3)CC2)CC1
C1CCC(C2CCCCC2CCCC2CCCC(CC3CC4CCCCC4C3)C2)CC1
C1CCC(CCC2CCC(C3CCCC(C4CCC(C5CCCCC5)CC4)C3)CC2)CC1
C1CCC(C2CCC(C3CCCC(C4CCCC(C5CCCC6CCCCC65)C4)C3)CC2)CC1
C1CCC(CCC2CCCC(C3CCCCC3)C2)CC1
C1CCC(CC2CCC(C3CCCCC3C3CCCC3C3CCCCC3)CC2)CC1
C1CCC(C2CCCCC2CC2CCCCC2C2CCCCC2)CC1
C1CCC(CC2CCCCC2C2CCCCC2)CC1
C1CCC(CC2CCCC(C3CCCCC3C3CCC3)C2)CC1
C1CCC(CC2CCC(CC3CCCCC3)CC2)CC1
C1CCC(C2CCCC(CCC3CC(C4CCCCC4)C4CCCCC34)C2)CC1
C1CC(CCC2CC2)CC(CC2CCC3CCCC3C2)C1
C1CCC(CC2CCC(CC3CCC(CCC4CCC4)CC3)CC2)CC1
C1CCC(CCC2CCCCC2)CC1
C1CCC(C2CCC(CC3CCCC(C4CC5CCCCC5C4)C3)CC2)CC1
C1CCC(CCC2CCCC(C3CCC(C4CCCCC4C4CCC5CCCC5C4)CC3)C2)CC1
C1CCC(CCC2CCC(CC3CCCC(CC4CCC5CCCCC54)C3)CC2)CC1
C1CCC(C2CCCC(C3CCCCC3C3CCCCC3C3CCCCC3CCC3CCCC3)C2)CC1
C(CC1CC1)CC1CCC(C2CCC(CC3CCC(CC4CCCC4)CC3)CC2)CC1
C1CCC(C2CC3CCCC(CC4CCCC(CCC5CC6CCCCC6C5)C4)C3C2)CC1
C1CCC(CCCC2CCCCC2)CC1
C1CCC(CC2CC(C3CCCC(C4CCCC4)C3)C3CCCCC23)CC1
C1CCC(C2CCC3CC(CC4CCCC4)CC(C4CCCCC4)C3C2)CC1
C1CCC(CCCCC2CCC(C3CCCC(CC4CCCCC4)C3)CC2)CC1
C1CCC(CC2CCCCC2C2CCCCC2)CC1
C1CCC(CCC2CCC(C3CCCC(C4CCCCC4)C3)CC2)CC1
C1CCC(CCC2CC(CC3CCCCC3)CCC2C2CCCC(CC3CCCCC3)C2)CC1
C1CCC(CCCC2CCC(CC3CCCC(C4CC(C5CCCCC5)CC(C5CC5)C4)C3)CC2)CC1
C1CCC(C2CCC(CCC3CCCCC3C3CCCCC3)CC2)CC1
C1CCC(CC2CCC3CC(CC4CCC(C5CCCC5)CC4)CCC3C2)CC1
C1CCC(CC2CCCC(C3CCC(C4CCCCC4)CC3)C2)CC1
C1CCC(CCCC2CC(C3CCCCC3)CC(C3CCCCC3)C2)CC1
C1CCC(C2CCCC(CCC3CCC(CCC4CCCCC4C4CCCC4)CC3)C2)CC1
C1CCC(CC2CC(C3CCC(C4CCCCC4)CC3)C3CCCCC23)CC1
C1CCC(C2CCCC(C3CCC(C4CCC(CCC5CC5)CC4)CC3)C2)CC1
C1CCC(C2CCCC(C3CC(C4CCCCC4)CC(C4CCCC4)C3)C2)CC1
C1CCC(CC2CCCCC2C2CC3CCCCC3C(C3CCCCC3)C2)CC1
C1CCC(CC2CCC(C3CCC(C4CCC(C5CCCC5)CC4)CC3)CC2)CC1
C1CCC(CC2CCC3CC(C4CCC5CCCCC54)CC(C4CCCC4C4CCCC4)C3C2)CC1
C1CCC(CC2CC(CCC3CCCCC3C3CCC4CCCCC4C3)C3CCCCC23)CC1
C1CCC(CC2CCC(CC3CCCCC3)CC2)CC1
C1CCC(CC2CCCC(C3CCCCC3C3CC4CCCCC4C3)C2)C1
C1CCC(C2CCCC(C3CCCC(C4CC5CCCCC5C4)C3)C2)CC1
C1CCC(C2CCCC(C3CCCCC3)C2)CC1
C1CCC(CCCCC2CCCCC2C2CCC(C3CCCCC3)CC2C2CCCCC2)CC1
C1CCC(CC2CCC(CC3CCCCC3C3CCCCC3)C(CC3CC3)C2)CC1
C1CCC(CC2CCC3C(CCC4CCC(C5CC6CCCCC6C5)CC4)CC(C4CCCCC4)CC3C2)CC1
C1CCC(CCCCCC2CCC(C3CCCCC3)CC2C2CCC3CCCC3C2)CC1
C1CCC(CCCCC2CCCC(C3CCCCC3)C2)CC1
C1CCC(CC2CCCCC2C2CCC3C(CCC3C3CCCC3)C2)CC1
C1CCC(C2CCCCC2)CC1
C1CCC(CC2CCCC(C3CCCCC3)C2)CC1
C1CCC(C2CCCC(C3CCCC(C4CCCCC4)C3)C2)CC1
C1CCC(CC2CCCC(C3CCCCC3)C2)CC1
C1CCC(C2CCC(CC3CC(C4CCCCC4)C4CCCCC34)CC2)CC1
C1CCC(C2CCCC(C(C3CCC3)C3CCCC(CC4CC5CCCCC5C4)C3)C2)CC1
C1CCC(C2CCCC(CC3CC4CCCC(CCC5CCCC(C6CCCC6)C5)C4C3)C2)CC1
C1CCC(CCC2CCCCC2C2CCCC2)CC1
C1CCC(CCCCCC2CCCCC2)CC1
C1CCC(C2CCCCC2C2CCC(C3CCC(C4CCCCC4)C(C4CCCC4)C3)CC2)CC1
C1CCC(CCCC2CCCC(CC3CCCCC3)C2)CC1
C1CCC(CC2CCCC(C3CCCCC3)C2)CC1
C1CCC(CC2CCC(C3CCCCC3)CC2)CC1
C1CCC(C2CCC(CC3CCCC(C4CCCC4)C3)CC2)CC1
C1CCC(C2CCC3CCC(CC4CCC(C5CCCC5)CC4)CC32)CC1
C1CCC(CC2CCC(C3CCCC(C4CCCCC4)C3)CC2)CC1
C1CCC(CC2CC3CCCCC3C(C3CCCCC3)C2)CC1
C1CCC(CC2CC(C3CCCCC3C3CCCC(C4CCCCC4)C3)C3CCCCC23)CC1
C1CCC(CC2CCC(C3CCCCC3C3CCCCC3)CC2)CC1
C1CCC(CCCCC2CCC(C3CCCC(CC4CCCCC4)C3)C2)CC1
C1CCC(CCCC2CCCC(C3CCCC(CC4CCCCC4)C3)C2)CC1
C1CCC(CC2CCC(CC3CCCCC3)CC2)CC1
C1CCC(CC2CC3CCCCC3C2)CC1
C1CCC(CCCCC2CCC(CC3CCCCC3)CC2)CC1
C1CCC(CC2CCC(C3CCC4CCCC4C3)C2CC2CCCCC2)CC1
C1CCC(CCC2CC(C3CCCCC3)C3CCC(C4CCCCC4)CC23)CC1
C1CCC(C2CCCCC2C2CCC(CC3CCC(C4CC5CCCCC5C4)CC3)CC2)CC1
C1CCC(C2CCCCC2C2CCC3CCCCC3C2)CC1
C1CCC(CC2CCC(C3CCC(C4CCCCC4C4CCC5CCCCC54)CC3)CC2)CC1
C1CCC(CCCC2CCC(C3CCCCC3)CC2)CC1
C1CCC(CC2CCCCC2C2CCC(C3CCCC3)CC2C2CCCC2)CC1
C1CCC(CC2CCC(CC3CCCCC3)CC2)CC1
C1CCC(CC2CCCC(C3CCC(C4CCCCC4)C4CCCCC34)C2)CC1
C1CCC(CC2CCC(CCCC3CCCC(C4CCCCC4)C3)CC2)CC1
C1CCC(C2CCC(C3CCCCC3C3CC3)CC2)CC1
C1CCC(CC2CCC(C3CCC(CC4CCCCC4)C3)CC2)CC1
C1CCC(CC2CCCC(CC3CCC(C4CCCC4)CC3)C2)CC1
C1CCC(CC2CCC(CCCC3CCC(CCC4CCCCC4C4CCCCC4)CC3)CC2)CC1
C1CCC(CC2CCCC(C3CCCC4CC(C5CCC(C6CCCCC6)CC5)CCC43)C2)CC1
C1CCC(CC2CCCCC2C2CCCCC2)CC1
C1CCC(CC(C2CCCCC2)C2CCC(C3CCCCC3)CC2)CC1
C1CCC(C2CCC(C3CCC4CCCCC4C3)CC2)CC1
C1CCC(CC2CCC(CCCC3CCC(CC4CCCCC4)CC3)CC2)CC1
C1CCC(CC2CCC(CC3CCC(C4CCC(CC5CCCCC5)CC4)CC3)CC2)CC1
C1CCC(CC2CCCCC2CCC2CC(CC3CCCCC3)C3CCCCC23)CC1
C1CCC(C2CC(C3CCCCC3)CC(C3CCCC(CC4CCCCC4C4CCCCC4)C3)C2)CC1
C1CCC(CC2CCC(C3CCCCC3)CC2)CC1
C1CCC(CCC2CCCC(C3CCCCC3)C2)CC1
C1CCC(CC2CCCC(CC3CCC(C4CCCCC4)CC3)C2)CC1
C1CCC(CCCC2CCC(C3CCCCC3CCCC3CCCCC3)CC2)CC1
C1CCC(C2CCC3C(CCC4CCC(CC5CCCC6CCCCC65)CC4)CCCC3C2)CC1
C1CCC(C2CCC(CCC3CCCC(C4CCCCC4)C3)CC2)CC1
C1CCC(C2CCC(CCCC3CCC(CCC4CCCC4)CC3)CC2)CC1
C1CCC(CCC2CCC(C3CCCCC3)C2)CC1
C1CCC(C2CCCC(C3CCCCC3C3CCCC3)C2)CC1
C1CCC(C2CCCC2)CC1
C1CCC(CC2CCC(CC3CCCCC3)C(CCC3CCCC(C4CCCCC4)C3)C2)CC1
C1CCC(CCCC2CCCC(CC3CCCCC3)C2)CC1
C1CCC(CC2CCC(CC3CCCC(C4CCCC(C5CCCCC5)C4)C3)CC2)CC1
C1CCC(CC2CCC(CC3CCCC(C4CCC(C5CC5)CC4)C3)CC2)CC1
C1CCC(CCC2CCC(C3CCCC3)CC2)CC1
C1CCC(CC2CCC(CC3CCC4C(CCCC4C4CCC5CCCCC5C4)C3)CC2)C1
C1CCC(CC2CCCCC2C2CCCCC2)CC1
C1CCC(CC2CCCC(C3CCCC(C4CCCCC4)C3)C2)CC1
C1CCC(C2CCCC(C3CC4CCCCC4C(C4CCCCC4)C3)C2)CC1
C1CCC(C2CCCC(CC3CCCC(C4CC5CCCCC5C4)C3)C2)C1
C1CCC(C2CCCCC2C2CCCCC2)CC1
C1CCC(C2CC(CCCC3CCCC3)C3CC(CC4CCCCC4C4CCCC4)CCC32)CC1
C1CCC(C2CCC(CCC3CCC(C4CCC5CCCC5C4)CC3)CC2)CC1
C1CCC(CCC2CCC(CC3CCCCC3)CC2)CC1
C1CCC(CCC2CCCCC2CC2CCCC(CC3CCCCC3)C2)CC1
C1CCC(C2CC(C3CCCC3)CCC2CCC2CC3CCCCC3C2)CC1
C1CCC(CCCCC2CCC(CC3CCC(CC4CCCCC4)CC3)CC2)CC1
C1CCC(CCCC2CCC(CC3CCC(C4CCCCC4)CC3)CC2)CC1
C1CCC(CC2CC(CC3CCCC(C4CCCCC4)C3)C3CCCCC23)CC1
C1CCC(C2CCC(C3CCCC(CC4CCC(CC5CC6CCCCC6C5)CC4)C3)CC2)C1
C1CCC(CCCC2CCCC(C3CCCCC3)C2)CC1
C1CCC(CC2CCCC(C3CCCCC3)C2)CC1
C(CCC1CC2CCCCC2C1)CC1CCC(CC2CCC(C3CCC4CCCCC43)CC2)CC1
C1CCC(CCCC2CCC(CC3CCC(CC4CCC(C5CCCC5)CC4)CC3)CC2)CC1
C1CCC(CCC2CC(CCC3CCCCC3)C3CC(C4CCCCC4)CCC23)CC1
C1CCC(C2CCC3C(CCCC3C3CCCCC3)C2)CC1
C1CCC(CC2CC(CC3CCC(C4CCCCC4)CC3)C3CCCCC23)CC1
C1CCC(C2CC(C3CCC(C4CCCC4)CC3)CC(C3CCCC(C4CC4)C3)C2)CC1
C1CCC(C2CC(C3CCCCC3)C(C3CCCCC3)C(C3CC3)C2)CC1
C1CCC(CCCC2CCCC(CCC3CCC4CCCCC43)C2)CC1
C1CCC(CC2CCC(C3CCCCC3C3CCC4CCCCC4C3)CC2)CC1
C1CC(CC2CCC(C3CCCC(C4CCC(C5CCCCC5C5CCC6CCCC6C5)CC4)C3)CC2)C1
C1CCC(CC2CCC(C3CCC(C4CCCCC4C4CCCCC4)C4CCCC34)CC2)CC1
C1CCC(CCC2CCC(C3CCC(C4CCCC(C5CCCCC5)C4)CC3)CC2)CC1
C1CCC(CC2CCCC(CC3CC(C4CCCC4)CC(C4CCC5CCCC5C4)C3)C2)CC1
C1CCC(CC2CCCC(C3CCCCC3)C2)CC1
C1CCC(CCCCC2CCCC(CC3CCC(CC4CCCCC4)CC3)C2)CC1
C1CCC(CC2CCCC(CC3CCC(C4CCCCC4)CC3)C2)CC1
C1CCC(C2CCC(CCCC3CCC(CC4CCC(CCCC5CCC6CCCCC65)CC4)CC3)C2)CC1
C1CCC(C2CCCC(C3CCC(C4CCCC(C5CCC(CCC6CC6)CC5)C4)CC3)C2)CC1
C1CCC(CC2CCCC(C3CCCC(CCCC4CC5CCCCC5C4)C3)C2)CC1
C1CCC(CC2CCCC(C3CCCCC3)C2)CC1
C1CCC(CCC2CCC(CC3CCC(C4CCC(C5CCC(C6CCCC6)CC5)CC4)CC3)CC2)CC1
C1CCC(CC2CCC(CC3CCC(C4CCCC(CC5CC6CCCCC6C5)C4)CC3)CC2)CC1
C1CCC(CC2CCCCC2)CC1
C1CCC(CCCC2CCCC(CC3CCC4CCCCC4C3)C2)CC1
C1CCC(CC2CCC(C3CCCCC3)C(C3CCCCC3)C2)CC1
C1CCC(C2CCC(C3CCC(C4CCC(C5CCCCC5)CC4C4CCC4)CC3)CC2)CC1
C1CCC(CCC2CCCC(CC3CCCCC3)C2)CC1
C1CCC(C(CC2CC(C3CCCCC3)C3CCCCC23)C2CCCCC2)CC1
C1CCC(C2CCCCC2CCC2CCC(CC3CCCC3)CC2)CC1
C1CCC(C2CCC(CCCCC3CCCC(C4CCCCC4)C3)CC2)CC1
C1CCC(CC2CCC(CC3CCC(CC4CCCCC4)CC3)CC2)CC1
C1CCC(CC2CCC(C3CCCC(C4CCC(C5CCCCC5)C4)C3)CC2)CC1
C1CCC(CCC2CCC(C3CCCCC3C3CCCCC3)CC2)CC1
C1CCC(CC2CCC(C3CCC(C4CCCCC4)C(CC4CCC(C5CCCCC5)C4)C3)CC2)CC1
C1CCC(CC2CCC(CC3CCCCC3C3CCC4CCCC4C3)CC2)CC1
C1CCC(CC2CCCC(C3CCC(CCC4CCC5CCCC5C4)CC3)C2)CC1
C1CCC(CC2CCC(CC3CCCCC3C3CCCCC3)CC2)CC1
C1CCC(CCCC2CCC(CC3CCCC(C4CCCCC4)C3)CC2)CC1
C1CCC(CC2CC(CCC3CCC(C4CCCCC4)CC3)C3CCCCC23)CC1
C1CCC(C2CCC(CC3CCC(C4CCCC4)CC3)CC2)CC1
C1CCC(CC2CCC(CCCC3CCCCC3C3CCCC3)CC2)CC1
C1CCC(CC2CCC(CC3CCC(C4CCCCC4)CC3)CC2)CC1
C1CCC(CCCC2CCC(C3CCC(C4CCCCC4)CC3)CC2)CC1
C1CCC(CC2CCC(CC3CCC(CC4CCC(C5CCCCC5)CC4)CC3)CC2)CC1
C1CCC(CCCC2CCC(C3CCCCC3C3CCCC3)C(C3CCCCC3)C2)CC1
C1CCC(C2CCC(CCC3CCCC(C4CCCCC4)C3)CC2)CC1
C1CCC(CC2CCCCC2C2CCCC(CC3CCC(C4CCCCC4)CC3)C2)CC1
C1CCC(CCC2CCC(CCC3CCC(CC4CCCCC4)CC3)CC2)CC1
C1CCC(C2CCCC(CC3CCCCC3C3CCCCC3C3CCCCC3)C2)CC1
C1CCC(CC2CCC(CC3CCCCC3C3CCC(C4CCC(C5CCC5)CC4)CC3)CC2)CC1
C1CCC(C2CCCC(C3CC(C4CCCCC4)C4CCCCC34)C2)CC1
C1CCC(C2CCCC(CCC3CCCC(C4CCCCC4)C3)C2)CC1
C1CCC(C2CCCC(C3CCCCC3)C2)CC1
C1CCC(C2CCC(CCC3CCCC(C4CCC(C5CCCCC5)CC4)C3)CC2)CC1
C1CCC(CCCC2CCCC(CC3CCC4CCCCC43)C2)CC1
C1CCC(CC2CCCCC2C2CCCC(C3CCCC(CCC4CCC(C5CCCC5)CC4)C3)C2)CC1
C1CCC(CCC2CCC(CC3CCCCC3)CC2)CC1
C1CCC(CC2CCC(CC3CCCCC3)C(C3CCCC(CC4CCC5CCCCC54)C3)C2)CC1
C1CCC(CCCCC2CCC(CCCC3CCC(C4CCCCC4)CC3)CC2)CC1
C1CCC(C2CCC(CCC3CCCC3)CC2)CC1
C1CCC(C2CCC(CC3CCC(CC4CCC(C5CCCCC5C5CCCCC5)CC4)C3)C2)CC1
C1CCC(CC2CCC(C3CC(C4CCCCC4)C4CCCCC34)CC2)CC1
C1CCC(C2CCC(C3CCCCC3)C(C3CCCC3)C2)CC1
C1CCC(C2CCC(CCC(C3CCCCC3)C3CCCCC3)CC2)CC1
C1CCC(C2CCCC(CCC3CC(C4CCCCC4)CC(C4CCCC4)C3)C2)CC1
C1CCC(CC2CCC(CC3CCCCC3)C(C3CCCCC3)C2)CC1
C1CCC(CCC2CCC(CCCC3CCCC(C4CCCCC4)C3)CC2)CC1
C1CCC(C2CCCC(C3CCCC(CCCC4CC4)C3)C2)CC1
C1CCC(CCC2CCCC(CC3CCC(C4CCCC4)CC3)C2)CC1
C1CCC(CCC2CCC3CC(C4CCCCC4)CC(C4CCCCC4)C3C2)CC1
C1CCC(C2CCCC(C3CCCC(CC4CCCC(C5CCCC5)C4)C3)C2)CC1
C1CCC(CCC2CCC(C3CCCCC3)C(C3CCCCC3)C2)CC1
C1CCC(CC2CCCCC2C2CCC3CCCC3C2)CC1
C1CCC(CCC2CCC(C3CCCCC3)CC2)CC1
C1CCC(CCCC2CC3CCCCC3C(C3CCCCC3)C2)CC1
C1CCC(CC2CCC(C3CCCCC3)CC2)CC1
C1CCC(CCCC2CCC(CC3CCCCC3)CC2)CC1
C1CCC(CCC2CCC(C3CCCC(C4CCCCC4)C3)CC2)CC1
C1CCC(CC2CCC(C3CCCCC3)CC2)CC1
C1CCC(C2CCC3CC(C4CCCCC4)CCC3C2)CC1
C1CCC(C2CCC(C3CCC(C4CCCC(C5CCCC5)C4)CC3)CC2)CC1
C1CCC(CCC2CCCC(C3CCCC(CCC4CC(C5CCCCC5)C4)C3)C2)CC1
C1CCC(CC2CC3CCCCC3C2)C(CCC2CCCCC2C2CCCC2)C1
C1CCC(CCC2CCC(C3CCCCC3)CC2CCCC2CCC2)CC1
C1CCC(C2CCCC(C3CCCCC3CCCCCC3CCC4CCCCC34)C2)CC1
C1CCC(CC2CCC3CC(C4CCCCC4)CC(C4CCCCC4)C3C2)CC1
C1CCC(CC2CCC(CC3CCC(CC4CCCC(C5CCCC5)C4)CC3)CC2)CC1
C1CCC(CCC2CCCC(C3CCCC(C4CCCCC4)C3)C2)CC1
C1CCC(CCCC2CCC(C3CCCC(C4CCC4)C3)CC2)CC1
C1CCC(C2CCC(C3CC(CC4CCC5CCCC5C4)C4CCCCC43)CC2)CC1
C1CCC(CCC2CCC(CC3CCCCC3)C(C3CCCCC3)C2)CC1
C1CCC(C2CCC(C3CCC(C4CCCC4)CC3)CC2)CC1
C1CCC2CC(C3CCC(C4CCCC(C5CCCC6CCCCC65)C4)CC3C3CCC4CCCC4C3)CCC2C1
C1CCC(C2CC(C3CCCCC3)C(C3CCC(C4CCC(C5CCCC5)CC4)CC3)C3CCCC23)CC1
C1CCC(CCC2CCC(CC3CCC(CC4CCCCC4)CC3)CC2)CC1
C1CCC(CCC2CCCCC2C2CCC(C3CCCCC3CC3CCCCC3)CC2)CC1
C1CCC(CCC2CCC(C3CCC(C4CCCC4)CC3)CC2)CC1
C1CCC(CCC2CCCC(C3CCCCC3)C2)CC1
C1CCC(CCC2CCCC(C3CCC(C4CCC5CCCCC54)CC3)C2)CC1
C1CCC(CC2CCCCC2C2CCCC(C3CCCC(C4CCC5CCCCC5C4)C3)C2)CC1
C1CCC(CCC2CCC3CC(CC4CCCCC4)CC(C4CCCCC4)C3C2)CC1
C1CCC(CCCC2CCCC(C3CCC(CCCC4CCCC(C5CCCCC5)C4)CC3)C2)CC1
C1CCC(CCCC2CC(C3CCC4CCCCC43)CC3CCCCC32)CC1
C1CCC(C2CCCC(CC3CCC(CCC4CCC5CCCC5C4)CC3)C2)CC1
C1CCC(CCCCC2CCCC(C3CC(C4CC4)C4CCCCC34)C2)CC1
C1CCC(CC2CCC(CCCC3CCCC(CC4CCCCC4)C3)CC2)CC1
C1CCC(CC2CC(C3CCCC(C4CCCCC4)C3)C3CCCCC23)CC1
C1CCC(CCCCC2CCC(C3CCC(CCC4CCCCC4)CC3)CC2)CC1
C(CCC1CCC(CC2CCCC(C3CCCC3)C2)CC1)CCC1CCC(C2CC2)CC1
C1CCC(CCC2CCCC(C3CCCCC3)C2)CC1
C1CCC(CCC2CCCC(CCC3CCC(CC4CC(C5CCCCC5)C5CCCCC45)CC3)C2)CC1
C1CCC(CCC2CCC(CC3CCC(C4CCCCC4)C3)CC2)CC1
C1CCC(CCC2CCC(CCC3CCCC(C4CCCCC4)C3)CC2)CC1
C1CCC(CCC2CCCC(C3CCCC(CCC4CC5CCCCC5C4)C3)C2)CC1
C1CCC(CCC2CCCC(C3CCC(C4CCCC4)CC3)C2)C1
C1CCC(CCC2CC(C3CCCCC3)CC(CCCCC3CC3)C2CCC2CCCCC2)CC1
C1CCC(CC2CCC(C(C3CCCCC3)C3CCCC(C4CCCCC4)C3)CC2)CC1
C1CCC(CC2CCCC(C3CCCC(C4CCCC4)C3)C2)C1
C1CCC(CC2CCCCC2C2CCCC(C3CCCC4CCCCC43)C2)CC1
C1CCC(CC2CCC(CCCCC3CCCC(C4CCCCC4)C3)CC2)CC1
C1CCC(CC2CCCC(C3CCCC(CC4CCCC(C5CCCCC5)C4)C3)C2)CC1
C1CCC(CC2CCC(CC3CC4CCCCC4C3)CC2)CC1
C1CCC(C2CCC(CC3CCCC(C4CCCCC4)C3)CC2)CC1
C1CCC(CCCC2CCC(CC3CC(CC4CCCCC4)C4CCCCC34)CC2)CC1
C1CCC(C2CCC(CCC3CCCC(CCC4CCCC(C5CCCCC5)C4)C3)CC2)CC1
C1CCC(C2CCCC(C3CC(C4CCCCC4)CC(C4CCC4)C3)C2)CC1
C1CCC(C2CCCC(CC3CCCC(C4CCCCC4)C3)C2)CC1
C1CCC(CC2CCCC(C3CCCC(CCC4CCC5CCCCC5C4)C3)C2)CC1
C1CCC(CC2CCC(CC3CCCC(C4CCCCC4CC4CCCCC4)C3)CC2)CC1
C1CCC(C2CCCC(CCCC3CC3)C2)CC1
C1CCC(CC2CCC3C(C4CCCC(CC5CCC5)C4)CC(C4CCCCC4)C3C2)CC1
C1CCC(CCC2CCC(CC3CCCCC3)CC2)CC1
C1CCC(C2CCC(C3CCCC4CCCCC43)CC2)CC1
C1CCC(CCCC2CCCC(CC3CCCC(C4CCCCC4)C3)C2)CC1
C1CCC(CC2CCCCC2C2CCCCC2)CC1
C1CCC(CCC2CCC(C3CCCC(CC4CCCCC4)C3)CC2)CC1
C1CCC(CC2CCCC(C3CCC(CC4CCCCC4C4CCC5CCCCC5C4)CC3)C2)CC1
C1CCC(C2CCCC(C3CCC4CC(C5CCCCC5)CC(C5CCCCC5)C4C3)C2)CC1
C1CCC(CCC2CCC(CCC3CCCCC3)C(C3CCC4CCCC4C3)C2)CC1
C1CCC(CCC2CCCCC2C2CCC(C3CCC4CCCCC4C3)CC2)CC1
C1CCC(C2CCC(C3CCCC(CC4CCCC4)C3)CC2)CC1
C1CCC(C2CCC(C3CCCC(C4CCCCC4)C3)CC2)CC1
C1CCC(C2CCCC(C3CCC(C4CCCC4)CC3)C2)CC1
C1CCC(CC2CCC(CC3CCC(CC4CCCC4)CC3)CC2)CC1
C1CCC(CC2CCCCC2C2CCCCC2)CC1
C1CCC(CCCC2CCCCC2CC2CCCCC2)CC1
C1CCC(CC2CCCC(CC3CCCCC3)C2)CC1
C1CCC(CCC2CCC(CCC3CCCCC3)CC2)CC1
C1CCC(CC2CCCCC2CC2CCCC(C3CCCCC3)C2)CC1
C1CCC(CC2CCCC(C3CCCC3)C2)CC1
C1CCC(CC2CCC(C3CCC(C4CCCC4)CC3)C(CC3CCCCC3)C2)CC1
C1CCC(CCC2CCCCC2C2CCCCC2)CC1
C1CCC(CC2CCCC(CCC3CCCC(C4CCC5C(CCC5C5CCCCC5)C4)C3)C2)CC1
C1CCC(CC2CCCC(CCCC3CCC(CCC4CC4)CC3)C2)CC1
C1CCC(C2CCCC(C3CCCCC3)C2)CC1
C1CCC(CC2CCC3C(CCC3C3CCCCC3)C2)CC1
C1CCC(CCCCCC2CCCC(C3CCCC(CC4CCCCC4)C3)C2)CC1
C1CCC(CC2CCC(C3CCCC(C4CCCC4)C3)CC2)C1
C1CCC(CC2CCCC(C3CCCCC3C3CCCCC3C3CCCCC3)C2)CC1
C1CCC(CCCC2CCC(CC3CCC(C4CCCC4)CC3)CC2)CC1
C1CCC(CCC2CCCC(C3CC(CCC4CCCCC4)CC(C4CCC4)C3)C2)CC1
C1CCC(CC2CCC(C3CCCCC3)C(C3CCC4CCCC4C3)C2)CC1
C1CCC(C2CCCC(C3CCCC(CCC4CC5CCCCC5C4)C3)C2)CC1
C1CCC(CCCCCC2CCCCC2C2CCCCC2)CC1
C1CCC(CCCCC2CCCCC2)CC1
C1CCC(C2CCCCC2CCCCC2CCCCC2C2CCCC2)CC1
C1CCC(CCCC2CCCCC2CC2CCCC(CC3CCCCC3)C2)CC1
C1CCC(CCC2CCCC(C3CCCCC3C3CCCC(C4CCC5CCCCC54)C3)C2)CC1
C1CCC(CC2CCC(C3CCCC(CC4CCC5CCCC5C4)C3)CC2)CC1
C1CCC(CCCC2CCCCC2CCC2CCCCC2CCC2CCCCC2)CC1
C1CCC(C2CCC(CC3CCCC(CC4CCCC(CC5CC6CCCCC6C5)C4)C3)CC2)CC1
C1CCC(CCC2CCCC(C3CCCCC3)C2)CC1
C1CCC(CC2CCCCC2)CC1
C1CCC(CC2CCC(CCC3CCC4CCCCC4C3)CC2)CC1
C1CCC(CC2CCCC3CC(C4CCCCC4)CCC23)CC1
C1CCC(C2CCCC(C3CCC(C4CCCC(C5CCCCC5)C4)CC3)C2)CC1
C1CCC(CCCCC2CCCC(C3CCCC(CC4CCCCC4)C3)C2)CC1
C1CCC(C2CCCCC2C2CCCCC2C2CCC3CCCC3C2)CC1
C1CCC(CC2CCC(CCCCCC3CC4CCCCC4C3)CC2)CC1
C1CCC(C2CCC(C3CCCCC3)CC2)CC1
C1CCC(CCC2CCC(C3CCC(C4CCCC4)CC3)C(CCC3CCCCC3)C2)CC1
C1CCC(CCC2CCC(CCC3CCCCC3)CC2)CC1
C1CCC(CCC2CCCC(CC3CCC(CCC4CCCC4)CC3)C2)CC1
C1CCC(C2CCCC(CC3CCC(CC4CCC5CCCCC54)CC3)C2)CC1
C1CCC(CCC2CCC3CCCC(C4CCCCC4)C3C2)CC1
C1CCC(CC2CCCC(C3CCCC(CCCCCC4CCCC4)C3)C2)CC1
C(CCCCCC1CCCCC1)CCCCCC1CCC2CCCCC12
C1CCC(CCCC2CCC(C3CCCC(CCC4CCCCC4)C3)CC2)CC1
C1CCC(CC2CCC(C3CC3)C2C2CCCC(C3CCCCC3)C2)CC1
C1CCC(C2CCC(CCC3CCC(C4CCCC(C5CCCCC5)C4)CC3)CC2)CC1
C1CCC(CCCC2CCCCC2)CC1
C1CCC(CCC2CCC(CCC3CC(C4CCC5CCCCC54)CC4CCCCC43)CC2)CC1
C1CCC(CC2CCC(C3CCCC(C4CCCCC4)C3)CC2)CC1
C1CCC(CC2CCC(C3CCC3)C(CCCCCC3CCC(C4CCCCC4)CC3)C2)CC1
C1CCC(CC2CCCC(C3CCCC(C4CCCC4)C3)C2)CC1
C1CCC(CCC2CCC(CC3CCCCC3)CC2)CC1
C1CCC(CCC2CCCCC2CC2CCCCC2C2CCCCC2)CC1
C1CCC(C2CC(C3CCCCC3)CC(C3CCC3)C2)CC1
C1CCC(C2CCCCC2C2CCC(CC3CCC(C4CC4)CC3)C2)CC1
C1CCC(C2CCC(C3CCC(C4CCCCC4)CC3)CC2)CC1
C1CCC(C2CCCCC2CC2CCCC(C3CCCC(C4CCC5CCCCC5C4)C3)C2)CC1
C1CCC(C2CCCC(C3CCCC(CC4CC(CCCC5CC5)C5CCCCC45)C3)C2)CC1
C1CCC(CCCC2CCCC(CC3CCCCC3)C2)CC1
C1CCC(CCCCC2CC3CCCCC3C2)CC1
C1CCC(CC2CCCC(CC3CC(CCC4CCC5CCCCC54)C4CCCCC34)C2)CC1
C1CCC(CCC2CCCC(C3CCC4CCCCC4C3)C2)CC1
C1CCC(CCC2CCCC(C3CCCCC3C3CCCCC3)C2)CC1
C1CCC(CCC2CCCC(CC3CCCC(C4CCCCC4)C3)C2)CC1
C1CCC(CC2CCC(CC3CCCCC3)CC2)CC1
C1CCC(C2CCCC(CC3CC(C4CCC5CCCCC5C4)C4CCCCC34)C2)C1
C1CCC(CC2CCC(CC3CCCC(CC4CCCCC4)C3)CC2)CC1
C1CCC(C2CCCCC2)CC1
C1CCC(CCCC2CCCC(CCC3CCCCC3C3CCCCC3)C2)CC1
C1CCC(CCC2CCCC(C3CCC(CC4CCC(CC5CCCCC5)CC4)C3)C2)CC1
C1CCC(CC2CCC3CCCC(C4CCCCC4)C3C2)CC1
C1CCC(CCCCCC2CCC3C(CC4CCCCC4)CC(C4CCCCC4)C3C2)CC1
C1CCC(C2CCC(C3CCC4CCCCC4C3)CC2)CC1
C1CCC(CC2CCCC(CCCC3CC(C4CCCCC4)C4CCCCC34)C2)CC1
C(CCCC1CCCC(C2CCCCC2)C1)CCC1CCCC1
C1CCC(CCC(C2CCC2)C2CCCC(CCCC3CCC(CC4CCCCC4)CC3)C2)CC1
C1CCC(C2CCCC(C3CCCCC3)C2)CC1
C1CCC(C2CCC(C3CCCC(C4CCCCC4)C3)CC2)CC1
C1CCC(CC2CCC3CCCC(CC4CCCCC4)C3C2)CC1
C1CCC(CCC2CCCC(C3CCCCC3)C2)CC1
C1CCC(CC2CCC(C3CCCCC3)CC2)CC1
C1CCC(CC2CCCC(CC3CCC(C4CCCC(C5CCCCC5)C4)CC3)C2)CC1
C1CCC(CCC2CCCCC2C2CCCCC2)CC1
C1CCC(CCCC2CCC(C3CCCC3)CC2)CC1
C1CCC(CC2CC(CCCCC3CC3)CCC2C2CCCCC2)CC1
C1CCC(CC2CCC(C3CCC(C4CCCCC4)CC3)CC2)CC1
C1CCC(CCC2CCCC(C3CCCCC3)C2)CC1
C1CCC(CC2CCCC(CC3CCC(C4CCCCC4)CC3)C2)CC1
C1CCC(CCC(C2CCCCC2)C2CCC(C3CCC4CCCC4C3)C2)CC1
C1CCC(CC2CCCC(CCC3CCCCC3C3CCC(C4CCCCC4)CC3)C2)CC1
C1CCC(CCCC2CCC(C3CCC(C4CCCC4)CC3)CC2)CC1
C1CCC(CCC2CCCCC2C2CCCCC2C2CCCCC2)CC1
C1CCC(C2CCC(C3CCC(CC4CCC5CCCCC54)CC3)CC2)CC1
C1CCC(C2CCC(C3CCC(C4CC(C5CCCCC5)C5CCCCC45)CC3)C2)CC1
C1CCC(CC2CCCC(CC3CCCC3C3CCCCC3)C2)CC1
C1CCC(CC2CCC(C3CCCC(CCCC4CCC(C5CCCCC5)CC4)C3)CC2)CC1
C1CCC(CCCC2CCC(C3CCCC(CC4CCCCC4)C3)CC2)CC1
C1CCC(C2CC(C3CCCCC3)CC(C3CCCCC3)C2)CC1
C1CCC(CC2CCCC(CCC3CCC(CC4CCCC4)CC3)C2)CC1
C1CCC(C2CCC(C3CCCCC3)CC2)CC1
C1CCC(CC2CCCC(C3CCC(C4CCCCC4)CC3)C2)CC1
C1CCC(CC2CCCC(C3CCCCC3)C2)CC1
C1CCC(C2CCC(CCCC(C3CCCCC3)C3CCCCC3)CC2)CC1
C1CCC(C2CCC(CC3CCC(C4CCCC(C5CCCC(C6CCCC6)C5)C4)CC3)CC2)CC1
C1CCC(CCCC2CCCC(C3CCCCC3)C2)CC1
C1CCC(CC2CC(C3CCCCC3)C3CCCCC23)CC1
C1CCC(CC2CCC(C3CCCCC3CCCCC3CCC(C4CCCC4)CC3)CC2)CC1
C1CCC(CCC2CCC(C3CCCC(CC4CCCCC4)C3)CC2)CC1
C1CCC(C2CCC(C3CCC(C4CCCC4)CC3)CC2)CC1
C1CCC(CC2CCC(CC3CCCCC3)CC2)CC1
C1CCC(CCCC2CCCCC2C2CCC(C3CCCC3)CC2)CC1
C1CCC(CCCCC2CCCC(CCC3CCCC(CC4CCCCC4)C3)C2)CC1
C1CCC(CC2CCC(C3CC(C4CC4)CCC3C3CCCC3)CC2)C1
C1CCC(CC2CCCCC2)CC1
C1CCC(C2CCC(C3CCCC(CCCC4CCC5CCCC5C4)C3)CC2)CC1
C1CCC(C2CCC(CCCC3CC(CC4CC4)CC(C4CCCCC4)C3)CC2)CC1
C1CCC(CCC2CCCC(CC3CCCC(CC4CCCCC4)C3)C2)CC1
C1CCC(C2CCCCC2C2CCCCC2)CC1
C1CCC(CCC2CCCC(CC3CCCCC3C3CCCCC3)C2)CC1
C1CCC(C2CCCC(C(C3CCCCC3)C3CCC4CCCCC43)C2)CC1
C1CCC(C2CCCC(C3CCCC(C4CCCC4)C3)C2)CC1
C1CCC(CC2CCC(C3CCCC(C4CCCCC4)C3)CC2)CC1
C1CCC(CCC2CCCCC2CC2CCCCC2)CC1
C1CCC(C2CCC(CC3CCCC4CC(C5CCCCC5)CCC34)CC2)CC1
C1CCC(CCC2CC(CC3CCCC3)CCC2C2CCCCC2)CC1
C1CCC(CC2CCC(CC3CCCCC3)CC2)CC1
C1CCC(CC2CCC(C3CCC3)C(C3CCCCC3)C2)CC1
C1CCC(CCCC2CCC(C3CCCC3)CC2)CC1
C1CCC(CCC2CCC3C(CCC3CC3CCCC(C4CCCCC4)C3)C2)CC1
C1CCC(C2CCC(CC3CCC(C4CCCCC4)CC3)CC2)CC1
C1CCC(CCCC2CCC3C(CC4CCCCC4)CC(C4CCC(CC5CCCCC5)CC4)C3C2)CC1
C1CCC(C2CCC(C3CCC(CC4CCC5CCCC5C4)CC3)CC2)CC1
C1CCC(C2CCC(C3CCCCC3CCC3CC4CCCCC4C3)C(C3CCCC3)C2)CC1
C1CCC(C2CCC(CC3CCC(C4CCC5CCCC5C4)CC3)CC2)CC1
C1CCC(C(CC2CCCC(CCC3CC3)C2)C2CCCCC2)CC1
C1CCC(CCC2CCCC(CC3CCCC(CCC4CCCC5CCCCC54)C3)C2)CC1
C1CCC(C2CCCC(C3CCC4CCCCC43)C2)CC1
C1CCC(C2CCC3CC(C4CCCC4)CC(C4CCCCC4)C3C2)CC1
C1CCC(CCCCC2CCC(CC3CCCCC3CC3CCCCC3)CC2)CC1
C1CCC(CC2CCC(CC3CC(C4CCC(CC5CCCCC5)CC4)C4CCCCC34)CC2)CC1
C1CCC(CC2CC(CCC3CCCC3)CC3CCCCC32)CC1
C1CCC(CCC2CC(C3CCC4CCCCC43)CC3CCC(CC4CCCCC4)CC23)CC1
C1CCC(C2CCCCC2C2CC3CCCCC3C2)CC1
C1CCC(CCC2CCCC(CCC3CCC(CC4CCCCC4)CC3)C2)CC1
C1CCC(CCCCC2CCCC(C3CCCCC3)C2)CC1
C1CCC(CCCC2CCC(C3CCCCC3CC3CCCCC3)CC2)CC1
C1CCC(CCCC2CCC(CCC3CCCCC3)CC2)CC1
C1CCC(CC2CCC(CC3CCCC(C4CCCC4)C3)CC2)CC1
C1CCC(CCC2CCC(C3CCCCC3)CC2)CC1
C1CCC(CC2CCC(CC3CCC(C4CC5CCCCC5C4)CC3)CC2)CC1
C1CCC(CCCC2CCCCC2CCCC2CCCCC2)CC1
C1CCC(CCC2CCCC(C3CCC(C4CCCCC4)CC3)C2)CC1
C1CCC(CC2CCCC(CCCC3CC4CCCCC4C3)C2)CC1
C1CCC(C2CC(C3CCC4CCCCC43)CC3CCCCC32)CC1
C1CCC(C2CCCC(CC3CCCCC3C3CCCC(C4CCCCC4)C3)C2)CC1
C1CCC(CCCC2CCC(C3CCC3)CC2)CC1
C1CCC(CCC2CCC(CC3CCCCC3)CC2)CC1
C1CCC(C2CCC(C3CCCCC3C3CCCCC3)CC2)CC1
C1CCC(C2CCCC(CCC3CCCCC3C3CCCCC3)C2)CC1
C1CCC(CC2CCC3CC(C4CCC5CCCCC54)CC(C4CCCC4)C3C2)CC1
C1CCC(CC2CCC(C3CCCC(C4CCCCC4)C3)CC2)CC1
C1CCC(CCC2CCCC(C3CCCCC3CCCCC3CC4CCCCC4C3)C2)CC1
C1CCC(CC2CCC(C3CCC(CC4CCCC(CC5CCCCC5C5CCCC5)C4)C3)CC2)CC1
C1CCC(C2CC(C3CCCC(C4CCCC4)C3)CCC2C2CC3CCCCC3C2)CC1
C1CCC(CC2CCCC(C3CC4CCCCC4C3)C2)CC1
C1CCC(CC2CCC(C3CCCCC3)CC2)CC1
C1CCC(C2CCCCC2)CC1
C1CCC(CC2CCCCC2C2CCCCC2)CC1
C1CCC(CC2CCC(CC3CCC(CCC4CCCC4)CC3)CC2)CC1
C1CCC(C2CCC(CC3CCC4CCCC4C3)CC2)CC1
C1CCC(CC2CCCC(CC3CCCCC3)C2)CC1
C1CCC(C2CCCC(C3CCCCC3C3CCCCC3)C2)CC1
C1CCC(CC2CC(C3CCCC(CC4CC4)C3)C3CCCCC23)CC1
C1CCC(C2CCC(C3CCC4CCCCC43)CC2)CC1
C1CC(CCCC2CCC3CCCC3C2)CC(CC2CCC(C3CCCC3)CC2)C1
C1CCC(CC2CCCCC2C2CCC(C3CCCCC3)CC2CC2CC2)CC1
C1CCC(CC2CCCC(C3CCCCC3)C2)CC1
C1CCC(CCCC2CCCC(C3CCC(CC4CCC(CCC5CCCCC5)CC4)CC3)C2)CC1
C1CCC(C2CCCC(C3CCC(CC4CCCC(C5CCC6CCCCC65)C4)CC3)C2)C1
C1CCC(CC2CC(C3CCCCC3C3CCC4CCCCC4C3)C3CCCCC23)CC1
C1CCC(CC2CCC(CCCC3CCC(CC4CCCCC4)CC3)CC2)CC1
C1CCC(C2CCC(CCC3CCC(C4CC4)CC3C3CCCCC3)C(C3CCCCC3)C2)CC1
C1CCC(CC2CCC(CCCC3CCCCC3C3CCCCC3)CC2)CC1
C1CCC(CCC2CCCCC2CC2CCCCC2)CC1
C1CCC(CC2CCCCC2CCC2CCCC(C3CCCCC3)C2)CC1
C1CCC(CC(C2CCCC2)C2CCC(C3CCCCC3)CC2)CC1
C1CCC(CC2CCC(CCC3CCCCC3C3CCC4CCCCC4C3)CC2)CC1
C1CCC(C2CCC(C3CCC(C4CCCCC4)C4CCCC34)CC2)CC1
C1CCC(CCCCC2CCC(CC3CCCCC3)CC2)CC1
C1CCC(CC2CCC(CC3CCCCC3)CC2)CC1
C1CCC(CCC2CCCCC2C2CCCCC2CCC2CCC(C3CCCCC3)CC2)CC1
C1CCC(CCCC2CCCCC2CCCCCC2CCCCC2C2CCCCC2)CC1
C1CCC(CCCC(C2CCCCC2)C2CCCC(C3CCCCC3)C2)CC1
C1CCC(CC2CCC(CC3CCC(CC4CCC(C5CCCC5)CC4)CC3)CC2)C1
C1CCC(CCC2CCC(CC3CCCCC3)CC2)CC1
C1CCC(C2CCC(C3CCC(C4CCCCC4)CC3)CC2)CC1
C1CCC(C2CCC(CC3CCCC(C4CCC(C5CCCCC5)C4)C3)CC2)CC1
C1CCC(CCC2CCCC(C3CCC(C4CCCC(C5CCC6CCCCC6C5)C4)C(C4CCCCC4)C3)C2)CC1
C1CCC(CC2CCC(C3CCCC(C4CCCCC4)C3)CC2)CC1
C1CC(C2CCC(CCC3CCCC(C4CCC5CCCC5C4)C3)CC2)C1
C1CCC(CCCCC2CCC(CC3CCC(C4CCCCC4C4CCCC4)CC3)CC2)CC1
C1CCC(C2CCCC(CCC3CCCC(C4CCCCC4)C3)C2)CC1
C1CCC(C2CCCC(C3CCC4CCCC4C3)C2)CC1
C1CCC(CC2CCC(C3CCCCC3)CC2)CC1
C1CCC(C2CCCC(CC3CC(C4CCCC5CCCCC54)C4CCCCC34)C2)CC1
C1CCC(CC2CC3CCC(C4CCC(C5CCCCC5)C4)CC3C(C3CCCCC3)C2)CC1
C1CCC(CC2CCC3CC(C4CCCCC4)CCC23)CC1
C1CCC(C2CCC3CCCC(C4CCCCC4)C3C2)CC1
C1CCC(CC2CCCC(C3CCCC(C4CCCC(CC5CCCCC5)C4)C3)C2)CC1
C1CCC(CC2CC(CC3CCCC(CC4CCCC4)C3)C3CCCCC23)CC1
C(CCC1CCC(C2CCC(C3CCCC3)CC2)CC1)CC1CC1
C1CCC(C2CCC(CC3CCC(CCC4CCCC4)CC3)CC2)CC1
C1CCC(C2CCCCC2C2CCCC2)CC1
C1CCC(CCCC2CCCCC2CC2CCCCC2)CC1
C1CCC(CC2CCC(CCC3CCCC(CC4CCCCC4)C3)CC2)CC1
C1CCC(CCCC2CCC(CC3CCC(CC4CCC4)CC3)CC2)CC1
C1CCC(CC2CCCCC2C2CCC(C3CCCCC3)C2)CC1
C1CCC(CC2CCCC(CC3CCCCC3)C2)CC1
C1CCC(CCC2CCCC3CC(C4CCCC(C5CCCCC5)C4)CCC23)CC1
C1CCC(C2CCC(CC3CCCC(C4CCCCC4)C3)CC2)CC1
C1CCC(C2CCC(C3CCC(C4CCCCC4C4CCC5CCCCC5C4)CC3)CC2)CC1
C1CCC(CCCCC2CCC(CC3CCCCC3)CC2)CC1
C1CCC(CCC2CCC(C3CCCCC3)C(C3CCC(C4CCC5CCCCC54)CC3)C2)CC1
C1CCC(CC2CCCC(CC3CCCC(CCCC4CCC5CCCCC54)C3)C2)CC1
C1CCC(C2CCCC(C3CCCC(CC4CCC5CCCCC54)C3)C2)CC1
C1CCC(CC2CCC(C3CCCC(CC4CCCCC4)C3)CC2)CC1
C1CCC(CC2CCCC(C3CCCC(C4CCCCC4)C3)C2)CC1
C1CCC(CCCC2CCCC(CC3CCC3)C2)CC1
C1CCC(CC2CCC(CCC3CCCC(CC4CCCCC4)C3)CC2)CC1
C1CCC(C2CCCC(CCC3CCC4CCCCC4C3)C2)CC1
C1CCC(C2CCCC(C3CCC(C4CCC(CCC5CCCC5)CC4)CC3)C2)CC1
C1CCC(CCCC2(C3CCC4CCCCC4C3)CC2)CC1
C1CCC(CC2CCCC(C3CCCC(C4CCCCC4)C3)C2)CC1
C1CCC(CC2CCCC(C3CCCCC3C3CCCCC3)C2)CC1
C1CCC(C2CCC3CC(CCC(C4CC4)C4CCC(C5CCCCC5C5CCCC5)C4)CCC32)C1
C1CCC(C2CCCCC2CC2CCCC2)CC1
C1CCC(CCCC2CCCC(C3CCC(CCC4CCCCC4)CC3)C2)CC1
C1CCC(CC2CCC(C3CCCCC3C3CCCC3)CC2)CC1
C1CCC(CCC2CCC(C3CCC(C4CCCCC4)C3)CC2)CC1
C1CC(C2CCC(C3CCCC(CC4CC(C5CCCC5)C5CCCCC45)C3)CC2)C1
C1CCC(CC2CCCCC2C2CCC(C3CCCCC3)CC2C2CCC3CCCC3C2)CC1
C1CCC(CC2CCCCC2)CC1
C1CCC(CC2CCCC(C3CCCC(C4CCCCC4)C3)C2)CC1
C(CCCC1CC(C2CCCCC2)C2CCCCC12)CCC1CC2CCCCC2C1
C1CCC(CCCC2CCC(CC3CCC(C4CCCC4)CC3)CC2C2CC2)CC1
C1CCC(CCC2CCC(C3CCCCC3)C(CC3CCCC(CC4CC4)C3)C2)CC1
C1CCC(CC2CCC(C3CCC(C4CCCCC4)CC3)CC2)CC1
C1CCC(C2CCCC(C3CCC4CCCC(C5CCCCC5)C4C3)C2)CC1
C1CCC(CC2CCC(CCCCCC3CCCC(C4CCCCC4)C3)CC2)CC1
C1CCC(C2CCC(CCC3CCC(CC4CCCC(CC5CCCC5)C4)CC3)CC2)CC1
C1CCC(CCC2CCCCC2C2CCCCC2)CC1
C1CCC(CCCCCC2CCC(CC3CCC(CCC4CCCC4)CC3)CC2)CC1
C1CCC(CC2CCCCC2CC2CCCC(C3CCCCC3)C2)CC1
C1CCC(CCC2CCCCC2C2CCC3CCCC3C2)CC1
C(CCCC1CCCCC1)CCC1CCCCC1
C1CCC(C2CCC(CCCC3CCC(CC4CCC4)CC3)CC2)CC1
C1CCC(CC2CCCC(C3CC(C4CCCCC4)CC(C4CCC4)C3)C2)CC1
C1CCC(CCC2CCCC(C3CCC(CC4CCCCC4)CC3)C2)CC1
C1CCC(C2CCC(C3CCCC(C4CCC(C5CCCC5)CC4)C3)CC2)CC1
C1CCC(CCCCC2CCC(CCCC3CCCCC3)CC2)CC1
C1CCC(C2CCC(C3CC(C4CCCC4)C4CC(C5CCCCC5)CCC34)CC2)CC1
C1CCC(C2CCC(C(C3CCCCC3)C3CC3)CC2)CC1
C1CCC(C2CCCCC2CC2CCC3CCCCC3C2)CC1
C1CCC(CCC2CCCCC2)CC1
C1CCC(CC2CCC(C3CCCCC3)CC2C2CCCCC2)CC1
C1CCC(C2CCCC(C3CCC(CC4CCCCC4C4CCCCC4)CC3)C2)CC1
C1CCC(CCCC2CCC(C3CCCC(C4CCCCC4)C3)CC2)CC1
C1CCC(CC2CCCCC2C2CCCCC2)CC1
C1CCC(CC2CCCC(CC3CCC(CC4CCC(C5CCCC5)CC4)CC3)C2)C1
C1CCC(C2CC(C3CCCCC3)CC(C3CC3)C2)CC1
C1CCC(CC2CCC(C3CCC(C4CCCC(CC5CCCCC5)C4)C4CCCC34)CC2)CC1
C1CCC(CCCCCC2CCC(C3CCCCC3)CC2)CC1
C1CCC(CCC2CCC(C3CCCCC3)CC2)CC1
C1CCC(C2CCC(C3CCCCC3)CC2)CC1
C1CCC(CCCC2CCCC(CCC3CCC(C4CCC(C5CCCCC5)CC4)CC3)C2)CC1
C1CCC(CC2CC(C3CCCCC3)C3CCCCC23)CC1
C1CCC(CCC2CCC(C3CCCCC3CC3CCCCC3)CC2)CC1
C1CCC(CC2CCC(CC3CCCCC3)CC2)CC1
C1CCC(C2C(C3CCCC3)CCCC2C2CCCC(C3CC4CCCCC4C3)C2)CC1
C1CCC(CCCC2CCCC(CCCCCC3CCCC(C4CC4)C3)C2)CC1
C1CCC(CC2CCC3C(CCCC3C3CCCC(C4CCC4)C3)C2)CC1
C1CCC(CC2CCCCC2C2CCCC(CC3CCCC3)C2)CC1
C1CCC(C2CCC3CCC(CCC4CCCC(C5CC5)C4)CC32)CC1
C1CCC(C2CCCC(C3CCCC(C4CCCCC4C4CCCCC4)C3)C2)CC1
C1CCC(CCCC2CCC(C3CCCCC3)CC2)CC1
C1CCC(CC2CCC(CC3CCC(CCCCC4CC4)CC3)CC2)CC1
C1CCC(CCCC2CCCC(C3CCC4CCCCC4C3)C2)CC1
C1CCC(CCC2CC(C3CCCCC3)C3CCCCC23)CC1
C1CCC2CC(C3CCCC(C4CCCC(C5CC6CCCCC6C5)C4)C3)CCC2C1
C1CCC(C2CCC(C3CCCCC3C3CCCCC3C3CCCC3)CC2)CC1
C1CCC(CC2CCCC(C3CCCCC3C3CCCC3)C2)C1
C1CCC(CCC2CCC(CC3CCC(CCC4CC4)CC3)CC2)CC1
C1CCC(CC2CCC(CC3CCC(CCC4CCCC4)CC3)CC2)CC1
C1CCC(CCC2CCCC(C3CCCCC3C3CCCCC3)C2)CC1
C1CCC(CC2CCCCC2C2CCCCC2)CC1
C1CCC(CCCC2CCC(C3CCCCC3)CC2)CC1
C1CCC(CC2CCCC(C3CCCCC3)C2)CC1
C1CCC(C2CCC3C(CC4CCCC(C5CC5)C4)CCC3C2)CC1
C1CCC(CC2CCC(CC3CCC(C4CC4)CC3)CC2)CC1
C1CCC(CC(CC2CCC2)C2CCCC(C3CCCCC3)C2)CC1
C1CCC(CCC2CCC(C3CCCCC3)CC2)CC1
C1CCC(CC2CCCC(C3CCCC3)C2)CC1
C1CCC(CC2CCC(CCC3CCC(C4CCC5CCCCC5C4)CC3)CC2)CC1
C1CCC(C2CCC(C3CC3)CC2C2CCCCC2)CC1
C1CCC(CCCC2CCCCC2)CC1
C1CCC(CC2CCC(C3CCCCC3)CC2)CC1
C1CCC(CC2CCCC(C3CCC4CCCCC43)C2)CC1
C1CCC(CC2CCC(C3CCCCC3)CC2)CC1
C1CCC(CCC2CCCCC2C2CCC(CCC3CCC(CC4CCCCC4)CC3)CC2)CC1
C1CCC(C2CCCC(C3CC(C4CC4)CC(C4CCCC(CCC5CCC5)C4)C3)C2)CC1
C1CCC2CC(CC3CCC(CC4CCC(CC5CC5)CC4)CC3)CC2C1
C1CCC(CC2CCC(CC(CC3CCCCC3)C3CCCCC3)CC2)CC1
C1CCC(C2CCCC(CCC3CCCCC3C3CCCCC3)C2)CC1
C1CCC(CCC2CCCCC2CCC2CCCCC2CC2CCCCC2)CC1
C1CCC(C2CCCC(C3CCC4CCCC4C3)C2)CC1
C1CCC(CC2CCC(CC3CCCCC3C3CCCCC3)CC2)CC1
C1CCC(C2CCCC(C3CCC(CC4CCC5CCCCC54)CC3)C2)CC1
C1CCC(C2CCC(CCC3CCCCC3CC3CCC4CCCC4C3)CC2)CC1
C1CCC(CC2CCC(CCCC3CCCC(CC4CCCC(C5CCCCC5)C4)C3)CC2)CC1
C1CCC(C2CCCCC2C2CCC3CCCC3C2)CC1
C1CCC(CC2CCC(C3CCC(CC4CCCCC4)CC3C3CCCCC3)CC2)CC1
C1CCC(C2CCCC(C3CCC(CCC4CC5CCCCC5C4)CC3)C2)CC1
C1CCC(CCC2CCCC(C3CCC(CC4CCCCC4)CC3)C2)CC1
C1CCC(CC2CCCC(C3CC(CC4CC4)CC(C4CCCCC4)C3)C2)CC1
C1CCC(CCC2CCCC(C3CCCCC3)C2)CC1
C1CCC(CCC2CCC(C3CCCCC3)CC2)CC1
C1CCC(C2CCC3CCC(CCCCC4CCC(C5CCCC5)CC4)CC32)CC1
C1CCC(CC2CCCC(C3CCCCC3)C2)CC1
C1CCC(C2CCC(CC3CCCC3)CC2C2CCC3CCCC3C2)CC1
C1CCC(C2CCCC(C3CC(C4CCC(C5CCCC5)C4)C4CCCCC34)C2)CC1
C1CCC(CCC2CCC(CC3CCCCC3)CC2)CC1
C1CCC(CCC2CCCCC2CCC2CCCCC2)CC1
C1CCC(CC2CCC(CC3CCCC(CC4CCCCC4)C3)CC2)CC1
C1CCC(C2CCCCC2C2CCCC(C3CC4CCCCC4C(C4CCCCC4)C3)C2)CC1
C1CCC(CC2CCCC(C3CCC(C4CCCCC4)CC3)C2)CC1
C1CCC(CC2CCCC(CC3CCCCC3C3CCCCC3)C2)CC1
C1CCC(C2CCC(CC3CCC(C4CCCCC4)CC3)CC2)CC1
C1CCC(CCCC2CCC(C3CCCCC3C3CCCCC3)C(C3CCCCC3)C2)CC1
C1CCC(CC2CCC(C3CCCCC3)C(C3CCCCC3)C2)CC1
C1CCC(C2CCC(CC3CCCC4CC(C5CCCCC5)CCC34)CC2)CC1
C1CCC(C2CCC(CCCC3CCCC(C4CCCC4)C3)CC2)CC1
C1CCC(C2CCC(C3CCC(CCCC4CCC(CCCC5CC5)CC4)CC3)CC2)CC1
C1CCC(C2CCC(CCC3CCCC3)CC2)CC1
C1CCC(C2CCC(CCCCC3CCCC(C4CCCCC4)C3)CC2)CC1
C1CCC(CCCC2CCCC(C3CCCCC3)C2)CC1
C1CCC(CC2CCC(CC3CCCCC3)CC2)CC1
C1CCC(CCC2CCCC(C3CCCCC3)C2)CC1
C1CCC(CC2CCCC(CCC3CCCC(C4CCCCC4)C3)C2)CC1
C1CCC(C2CCC(CCCC3CCCCC3C3CCCC3)CC2)CC1
C1CCC(CC2CCC(CCCC3CCCCC3C3CCCCC3)CC2)CC1
C1CCC2CC(CC3CC(C4CCCC4)CCC3C3CCC4CCCC4C3)CCC2C1
C1CCC(C2CCCC(C3CCCCC3)C2)CC1
C1CCC(C2CC(C3CCCCC3)C(C3CCC4CCCCC4C3)C2)CC1
C1CCC(CC2CCC(CC3CCCCC3C3CCCCC3)CC2)CC1
C1CCC(C2CC3CCC(C4CCCCC4)CC3C(C3CCCCC3)C2)CC1
C1CCC(CC2CCCC(CC3CCCC(C4CCCCC4)C3)C2)CC1
C1CCC(C2CC(C3CCC3)CCC2C2CCC(CC3CCC(CCC4CCCC4)CC3)CC2)CC1
C1CCC(C2CCCC(C3CCCCC3)C2)CC1
C1CCC(CC2CCC(CC3CCC(CC4CC5CCCCC5C4)CC3)CC2)CC1
C1CCC(CC2CCC(CCCC3CCC(C4CCCCC4)CC3)CC2)CC1
C1CCC(CCCC2CCCCC2C2CCC(C3CCCC(C4CCCC4)C3)CC2)CC1
C1CCC(CC2CCC(CCCC3CCCC(CC4CCC4)C3)CC2)CC1
C1CCC(C2CCC(C3CCC4C(CC5CCCCC5CCC5CC5)CCC4C3)CC2)C1
C1CCC(C2CCC(CC3CCC(C4CCC(CC5CCC(CC6CCCC6)C5)CC4)CC3)CC2)CC1
C1CCC(CC2CCC(C3CCCC(C4CCCCC4)C3)CC2)CC1
C1CCC(CC2CCC(CCC3CCCC(CCC4CCC5CCCCC54)C3)CC2)CC1
C1CCC(CCC2CCCCC2CCCC2CCCC2)CC1
C1CCC(CC2CCC(CCC3CCCCC3C3CCCCC3)CC2)CC1
C1CCC(C2CCC3CCCC(C4CCCCC4)C3C2)CC1
C1CCC(CC2CCCC(CC3CCC(C4CCCC4)CC3)C2)CC1
C1CCC(CC2CCC(CCCCC3CCCCC3C3CCCCC3)CC2)CC1
C1CCC(C2CCCC3CCCCC32)CC1
C1CCC(CCC2CCCC(C3CCCC(C4CCCCC4)C3)C2)CC1
C1CCC(CCC2CCC(CC3CCC4CCCC4C3)CC2)CC1
C1CCC(CC2CCC(C3CCCC(C4CCCCC4)C3)CC2)CC1
C1CCC(C2CC(CC3CCC4CCCCC43)CC3CCCCC32)CC1
C1CCC(CCC2CCC3CCC(CCCC4CCCC(CC5CCCCC5)C4)CC23)CC1
C1CCC(CC2CCCC(C3CCCCC3)C2)CC1
C1CCC(CC2CCC(CCC3CCC(CC4CCCC(CC5CCCCC5)C4)CC3)CC2)CC1
C1CCC(CC2CCCC(CC3CCCCC3)C2)CC1
C1CCC(C2CCC(CC3CCCC(C4CCCCC4)C3)CC2)CC1
C1CCC(C2CCCC(CCC3CCCC(C4CCC5CCCCC54)C3)C2)CC1
C1CCC(CCC2CCC(CCC3CCC(C4CCCC4)CC3)CC2C2CCCCC2)CC1
C1CCC(CC2CCCC(C3CCCCC3)C2)CC1
C1CCC(C2CC(C3CCC3)CC(C3CCCC(C4CCC5CCCCC54)C3)C2)CC1
C1CCC(CC2CCC(CCC3CCC(CC4CCCCC4)CC3C3CCCC3)CC2)CC1
C1CCC(CCCC2CCC(CC3CCC(CC4CC5CCCCC5C4)CC3)CC2)CC1
C1CCC(C2CCC(CCCC3CC4CCCCC4C3)CC2)CC1
C1CCC(CCC2CCCC(CC3CCCC(CC4CC4)C3)C2)CC1
C1CCC(C2CCCC(C3CCCC4CC(C5CCCCC5)CCC43)C2)CC1
C1CCC(CC2CCC(CCC3CCC(CCC4CCC(CC5CC5)CC4)CC3)CC2)CC1
C1CCC(CC2CCCC(CCC3CCC(C4CCC(C5CCCCC5)CC4)CC3)C2)CC1
C1CCC(CC2CCCCC2C2CCCC(CC3CCCC(CCCC4CCC4)C3)C2)CC1
C1CCC(C2CCC(CC3CCCC(C4CCC5CCCC5C4)C3)CC2)CC1
C1CCC(CCC2CCCCC2C2CCC(C3CCCCC3)CC2)CC1
C1CCC(CC2CCCCC2C2CCC(C3CC4CCCCC4C3)CC2)CC1
C1CCC(CCCCC2CCC(C3CCCCC3)CC2)CC1
C1CCC(C2CCC(CC3CCCC(C4CCC(C5CCCCC5C5CCCCC5)CC4)C3)CC2)CC1
C1CCC(CCC2CCC(C3CCC4CCCCC4C3)CC2)CC1
C1CCC(CC2CCCCC2C2CC3CCCCC3C2)CC1
C1CCC(C2CCCC(CC3CCCC(CCC4CC5CCCCC5C4)C3)C2)CC1
C1CCC(CC2CCC(CCCC3CCCC(C4CCCCC4)C3)C2)CC1
C1CCC(C2CCCC(C3CCC(C4CC(C5CCCC5)CC(C5CCC6CCCC6C5)C4)CC3)C2)CC1
C1CCC(C2CCCC(C3CCCCC3)C2)CC1
C1CCC2CC(CC3CCCC(C4CCCC(C5CCC6CCCCC65)C4)C3)CC2C1
C1CCC(C2CCCCC2C2CCCC(CC3CCCC3)C2)CC1
C1CCC(C2CCCCC2CCC2CCC(C3CCC(C4CCC(C5CCCC5)CC4)CC3)CC2)CC1
C1CCC(C2CCCC(CCCC3CCCCC3C3CCCCC3)C2)CC1
C1CCC(C2CCCC(C3CCCCC3)C2)CC1
C1CCC(CCC2CCC(C3CCCC(C4CCCCC4)C3)CC2)CC1
C1CCC(CCCC2CCCCC2)CC1
C1CCC(CCC2CCCC(C3CCCC(C4CCCCC4)C3)C2)CC1
C1CCC(CCC2CCCCC2C2CCC(C3CCCC(C4CCCCC4)C3)CC2)CC1
C1CCC(CC2CCC3C(CCCC3C3CCCCC3C3CCCCC3)C2)CC1
C1CCC(CCCC2CC(C3CCCCC3)CCC2CCC2CCCC2)CC1
C1CCC(CC2CCCC(CC3CCCCC3)C2)CC1
C1CCC(CCC2CC(CC3CCCCC3)CC(CC3CCC(C4CC4)CC3)C2)CC1
C1CCC(CC2CC3CCC(C4CCC(C5CCCCC5)CC4)CC3C(C3CCCCC3)C2)CC1
C1CCC(C2CCC(CCCC3CCC(CC4CCCCC4C4CCCC4)CC3)CC2)CC1
C1CCC(CC2CCC(CCCC3CCCC(C4CCCCC4)C3)CC2)CC1
C1CCC(CCCCC2CCCC(C3CCCCC3)C2)CC1
C1CCC(C2CC(CC3CCC4CCCC4C3)CC(C3CCCCC3)C2)CC1
C1CCC(CC2CCCC(C3CCCCC3)C2)CC1
C1CCC(CCCCCC2CC(CCC3CCC(CC4CCCCC4)CC3)C3CCCCC23)CC1
C1CCC(CC2CCCC(C3CCCC4CCCCC43)C2)CC1
C1CCC(CCC2CCC(CCC3CCC(CC4CCCCC4)CC3)CC2)CC1
C1CCC(CC2CCCC(C3CCCC(C4CCCC4)C3)C2)CC1
C1CCC(C2CC(CCC3CCC4CCCC4C3)C3CCCCC32)CC1
C1CCC(CC2CCC3CCC(C4CCCCC4)CC32)CC1
C1CCC(CCCC2CCC(C3CCCC3C3CCCCC3)CC2C2CCCC2)CC1
C(CC1CCC(C2CCC3CCCCC3C2)CC1)CC1CCCC(CCC2CC3CCCCC3C2)C1
C1CCC(CC2CCCC(C3CCCCC3)C2)CC1
C1CCC(CC2CCC(CC3CCCCC3)CC2)CC1
C1CCC(C2CCCCC2C2CCC3CCC(CC4CCC4)CC3C2)CC1
C1CCC(C2CCCC(C3CCCCC3)C2)CC1
C1CCC(C2CCCCC2CCCC2CCC(C3CCCC3)CC2)CC1
C1CCC(CCCC2CCC(CC3CCCCC3)CC2)CC1
C1CCC(CCC2CCC(C3CCCCC3C3CCC4CCCC4C3)CC2)CC1
C1CCC(CC2CCC(C3CCCCC3)CC2)CC1
C1CCC(C2CCC(CCC3CCCC(C4CCCCC4)C3)CC2)CC1
C1CCC(CC2CCC(CC3CCCCC3)CC2)CC1
C1CCC(CC2CC(CC3CCC(CC4CC5CCCCC5C4)C3C3CCCCC3)CC(C3CCCCC3)C2)CC1
C1CCC(C2CCC3CC(C4CCCCC4C4CCC5CCCCC5C4)CCC32)CC1
C(CCCCC1CCC(CC2CCCCC2)CC1C1CCCCC1)CCCC1CCCCC1
C1CCC(CCCCC2CCC(C3CCCCC3)CC2)CC1
C1CCC(CC2CC(C3CCCCC3)CC(C3CCCC3)C2)CC1
C1CCC(C2CCC(CC3CC4CCCCC4C3)CC2)CC1
C1CCC(CCC2CC(C3CCCCC3)C3CCCCC23)CC1
C1CCC(C2CCCCC2CC2CCC3C(CCC3C3CCCCC3)C2)CC1
C1CCC(CC2CCCC(C3CC(C4CCCCC4)CC(C4CCC4)C3)C2)CC1
C1CCC(CC2CCC(C3CCCCC3)CC2)CC1
C1CCC(CC2CCC(CC3CCCCC3)C(CC3CC4CCCCC4C3)C2)CC1
C1CCC(C2CC(C3CCCCC3)C(C3CCCCC3C3CCCCC3)C3CCCC23)CC1
C1CCC(CC2CCC(CC3CCCCC3)CC2)CC1
C1CCC(CCC2CCC(CC3CCCCC3)CC2)CC1
C1CCC(C2CCCC(CC3CCCCC3C3CCCCC3)C2)CC1
C1CCC(C2CCC3CC(C4CCC(C5CCCC(C6CCC7CCCC7C6)C5)CC4)CCC3C2)CC1
C1CCC(CC2CCC3CCC(C4CCC(C5CCCCC5C5CCCC5)CC4)C3C2)CC1
C1CCC(C2CCCCC2)CC1
C1CCC(C2CCCCC2CC2CCC(C3CCC4CCCCC43)CC2)CC1
C1CCC2CC(C3CCCCC3C3CCCC3)CCC2C1
C1CCC(CC2CC(C3CCCCC3)C3CC(C4CCCCC4)CCC23)CC1
C1CCC(C2CCC(CCCC3CCC4CCCCC4C3)CC2)CC1
C1CCC(CCC2CCCCC2C2CCCCC2)CC1
C1CCC(C2CCCC(C3CCC(C4CCC(CCC5CC5)CC4)CC3)C2)CC1
C1CCC(CCCCC2CCC(C3CCCCC3)CC2)CC1
C1CCC(C2CCCC(C3CCC(CCCC4CC5CCCCC5C4)CC3)C2)CC1
C1CCC(CCC2CCC(C3CC(C4CCCCC4)C4CCCCC34)CC2)CC1
C1CCC(C2CCC(C3CCCCC3C3CCC4CCCCC43)CC2)CC1
C1CCC(CC2CCC(C3CCCCC3)CC2)CC1
C1CCC(CC2CCCC(CC3CCCCC3CC3CCCCC3)C2)CC1
C1CCC(CC2CCCCC2C2CCCC2)CC1
C1CCC(CCCCC2CCC(CC3CCC(CC4CCCCC4)CC3)CC2)CC1
C1CCC(C2CCCCC2CC2CCC(C3CCC(C4CC(C5CCC5)C5CCCCC45)CC3)CC2)CC1
C1CCC(CCC2CCC3C(CC4CCCCC4)CC(C4CCCC4)C3C2)CC1
C1CCC(CC2CCC(C3CCCCC3)CC2)CC1
C1CCC(CCCC2CC(C3CCCCC3)C3CC(CC4CCCCC4)CCC23)CC1
C1CCC(C2CC3CCC(C4CCCCC4)CC3C(C3CCCCC3)C2)CC1
C1CCC(CC2CCCC(CC3CCCCC3)C2)CC1
C1CCC(C2CCCCC2CCC2CCC2)CC1
C1CCC(C2CCC(C3CCC3)CC2)CC1
C1CCC(CC2CCCC(C3CCCC(C4CCCC(C5CCCCC5)C4)C3)C2)CC1
C1CCC(C2CC(CC3CCC4CCCC4C3)CC3CCC(CC4CCC5CCCC5C4)CC32)CC1
C1CCC(CC2CCCC(CC3CCC(C4CCCCC4)CC3)C2)CC1
C1CCC(C2CCC(C3CCCCC3)C(C3CCCCC3)C2)CC1
C1CCC(CCC2CCCC(CC3CCCCC3)C2)CC1
C1CCC(CC2CCC(C3CCC4CCCC4C3)C2C2CCCC(C3CCCCC3)C2)CC1
C1CCC(CC2CCCCC2C2CCC3CCCC3C2)CC1
C1CCC(CC2CCC(CCC3CCCC(CC4CCCCC4)C3)CC2)CC1
C1CCC(CC2CCCC(C3CCCC(C4CCCCC4)C3)C2)CC1
C1CCC(C2CCC(C3CCCC(C4CCCC(C5CCC5)C4)C3)CC2)C1
C1CCC(CC2CCC(CC3CCCCC3)CC2)CC1
C1CCC(CC2CCC(C3CCCCC3)CC2)CC1
C1CCC(C2CCCCC2C2CCCC(C3CCCCC3C3CCCCC3)C2)CC1
C(CCCC1CCCCC1)CCCC1CCC(C2CCCC(CC3CC4CCCCC4C3)C2)CC1
C1CCC(CC2CCC(C3CCC4CC(CC5CCCCC5)CCC43)CC2)CC1
C1CCC(CCCC2CCCC(C3CCCC(C4CC4)C3)C2)CC1
C1CCC(CC2CCCC(C3CCCCC3)C2)CC1
C1CCC(CC2CC(CC3CCCCC3)CC(C3CCCCC3)C2)CC1
C1CCC(CCC2CC(C3CCC(C4CCC(C5CCCC5)CC4)CC3)CCC2CC2CCCCC2)CC1
C1CCC(C2CCC(C3CCC(C4CCC4)CC3)CC2)C1
C1CCC(CCC2CCCC(C3CC(CC4CCCCC4)C4CCCCC43)C2)CC1
C1CCC(CC2CCC(C3CCCC(C4CCCCC4)C3)CC2)CC1
C1CCC(CC2CCC(C3CCCCC3)C(C3CCCCC3)C2)CC1
C1CCC(CC2CCCC(C3CC(CC4CCC5CCCCC5C4)C4CCCCC43)C2)CC1
C1CCC(C2CCC(CC3CCC(CC4CCC(CCCC5CCCC5)CC4)CC3)C2)CC1
C1CCC(CCCC2CCCCC2CCCC2CCCCC2)CC1
C1CCC(CC2CCC(CCCC3CCC(C4CCCCC4)CC3)CC2)CC1
C1CCC(CCCC2CCC(CCC3CCCCC3)CC2)CC1
C1CCC(C2CCC(CCCC3CCC(C4CCCCC4)CC3)CC2)CC1
C1CCC(CC2CCCCC2CC2CCCC(C3CCCCC3)C2)CC1
C1CCC(C2CC(CC3CCC(C4CCC5CCCCC54)CC3)C3CCCCC32)CC1
C1CCC(CC2CCC(CCC3CCCC(C4CCCCC4)C3)CC2)CC1
C1CCC(C2CCCC(C3CCCC(C4CCC(C5CCCCC5C5CCCCC5)CC4)C3)C2)CC1
C1CCC(CCCC2CCCC(CCC3CCCC(C4CCC(C5CC5)CC4)C3)C2)C1
C1CCC(C2CCCC(CCC3CCCC(C4CCC(C5CCCCC5)C4)C3)C2)CC1
C(CCCC1CCCCC1C1CCC(CCCCC2CCCCC2)CC1)CCC1CCCCC1
C1CCC(CC2CCCCC2C2CCC3CCC(CC4CCCCC4)C3C2)CC1
C1CCC(CC2CCCC(CC3CCCCC3CC3CCCCC3)C2)CC1
C1CCC(CC2CC(CC3CCCCC3C3CCCCC3)C3CCCCC23)CC1
C1CCC(CC2CCC(C3CCCCC3)C(C3CCCCC3)C2)CC1
C1CCC(CC2CCCCC2CC2CCCC(C3CCCCC3CC3CC4CCCCC4C3)C2)CC1
C1CCC(CC2CCCC(CC3CC(CC4CC5CCCCC5C4)C4CCCCC34)C2)CC1
C1CCC(C2CCC(C3CCCCC3)CC2)CC1
C1CCC(CCC2CC(C3CCCCC3)C3CCCCC23)CC1
C1CCC(CC2CCC(C3CC(CC4CCCC4)C4CCCCC43)CC2)CC1
C1CCC(CCC2CCCC(C3CCC(CC4CCC(C5CCCCC5)CC4)CC3)C2)CC1
C1CCC(C(C2CCCCC2)C2CCCCC2C2CCC3CCCC3C2)CC1
C1CCC(CCCC2CCCC(C3CCCCC3)C2)CC1
C1CCC(C2CC(C3CCCC3)CC(C3CCCCC3CC3CCC3)C2)CC1
C1CCC(CCC2CCC(CCCC3CCC4CCCCC43)CC2)CC1
C1CCC(CC2CCC(CC3CCC(C4CCCCC4)CC3)CC2)CC1
C1CCC(CC2CCCCC2CC(C2CCCCC2)C2CCCCC2CC2CCCC2)CC1
C1CCC(C2CCCCC2)CC1
C1CCC(CCC2CCC(C3CCCCC3)CC2C2CCCCC2)CC1
C1CCC(C2CCCC(CC3CC4CCCCC4C3)C2)CC1
C(CCCC1CCC(C2CCC3CCCC3C2)CC1)CCC1CCC(C2CCCCC2)CC1
C1CCC(CC2CCC(C3CCCC(C4CCC5CCCC5C4)C3)CC2)CC1
C1CCC(CC2CCC(CC3CCC(CC4CCCCC4)CC3)CC2)CC1
C1CCC(CC2CCC(CC3CCCCC3)CC2)CC1
C1CCC(C2CCC3C(CCCC3C3CCCCC3C3CCCCC3)C2)CC1
C1CCC(CCC2CCC(C3CCC4CCCC4C3)CC2)CC1
C1CCC(CC2CCCC(C3CC(CC4CCCCC4C4CCCC4)CCC3CC3CCCCC3)C2)CC1
C1CCC(CCC2CCC(CC3CCCC(C4CCCCC4)C3)CC2)CC1
C1CCC(CCC2CCC(C3CCCCC3CC3CCCCC3)CC2)CC1
C1CCC(C2CCC(CC3CCC(C4CCCC4)CC3)CC2)CC1
C1CCC(CCC2CCC(CC3CCCCC3)CC2)CC1
C1CCC(CC2CCCC(C3CCC(C4CCC5CCCCC54)CC3)C2)CC1
C1CCC(CCC2CCCC(C3CCCCC3)C2)CC1
C1CCC(C2CCCC(C3CCC(C4CCC4)CC3)C2)CC1
C1CCC(C2CCCC(C3CCCCC3)C2)CC1
C1CCC(CC2CCC(CC3CCC(C4CCC5CCCCC54)CC3)CC2)CC1
C1CCC(CCCCCC2CCC(CC3CCCCC3)CC2)CC1
C1CCC(CC2CCCCC2C2CCCCC2)CC1
C1CCC(CCC2CCC(CCC3CCCCC3CC3CCCCC3)CC2)CC1
C1CCC(C2CCC(CC3CCCCC3C3CC4CCCCC4C3)CC2)CC1
C1CCC(CCCC2CCCC(C3CCCC(CCC4CCCCC4)C3)C2)CC1
C1CCC(CC2CC(C3CCC(C4CCC4)CC3)C3CCCCC23)CC1
C1CCC(C2CCCC(C3CCCCC3)C2)CC1
C(CCC1CCC(CC2CCC(CC3CCCCC3)CC2)CC1)CCC1CCC(C2CCCCC2)CC1
C1CCC(CC2CCC(CCCC3CC(C4CCCCC4)CC4CCCCC43)CC2)CC1
C1CCC(CC2CCCCC2CC2CCCCC2)CC1
C1CCC(CC2CCCC(C3CCCC4CC(C5CCCCC5)CCC43)C2)CC1
C1CCC(CC2CCC(C3CCCCC3)CC2)CC1
C1CCC(C2CCCCC2CC2CCCC(CC3CC4CCCCC4C3)C2)CC1
C1CCC(CCC2CCC(C3CCCC(CCC4CCC(C5CCCCC5)CC4)C3)CC2)CC1
C1CCC(CCC2CCC(CC3CCCCC3)CC2)CC1
C1CCC(C2CCCCC2CCC2CCCCC2C2CCCC2)CC1
C1CCC(CC2CCC(C3CCCCC3)CC2)CC1
C1CCC(CCCCC2CCCCC2C2CCCCC2)CC1
C1CCC(CC2CCC(C3CCCC(C4CCC(C5CCCCC5)CC4)C3)CC2)CC1
C1CCC(CC2CCCCC2C2CCC(C3CCCCC3)CC2)CC1
C1CCC(CC2CCCCC2C2CCCCC2)CC1
C1CCC(CC2CCC(CCC3CCCC(C4CCCCC4)C3)CC2)CC1
C1CCC(C2CCC(CCCC3CCC(CCC4CCCC4)CC3)CC2)CC1
C1CCC(CCC2CCCC(C3CCCC(CC4CCCCC4)C3)C2)CC1
C1CCC(CC2CCC(CCCC3CCC(C4CCCCC4)CC3)CC2)CC1
C1CCC(CC2CCC(C3CCC(C4CCCCC4)CC3)CC2)CC1
C1CCC(CCCC2CCCC(CCCCC3CCC(C4CCCC4)CC3)C2)CC1
C1CCC(CCC2CCC(CCC3CCCC(C4CCCCC4)C3)CC2)CC1
C1CCC(C2CCCC(C3CCCCC3C3CCCCC3)C2)CC1
C1CCC(C2CC(C3CCCCC3)C3CCCCC23)CC1
C1CCC(CCC2CCCCC2C2CCC(C3CCCC(C4CCCCC4)C3)C3CCCC23)CC1
C1CCC(CC2CCC(CC3CCCCC3)CC2)CC1
C1CCC(CC2CCC(C3CCCCC3)CC2)CC1
C1CCC(C2CCCC(C3CCCCC3)C2)CC1
C1CCC(CCC2CCCC(C3CCCCC3)C2)CC1
C1CCC(CCCCC2CCC(C3CCCC(C4CCCCC4)C3)CC2)CC1
C1CCC(CC2CCC(C3CCC(C4CCC4)CC3)CC2)CC1
C1CCC(CC2CCCCC2CC2CCCC(C3CCC(CC4CCCCC4C4CCCC4)CC3)C2)C1
C1CCC(C2CCCCC2C2CCC3CCCCC3C2)CC1
C1CCC(CC2CCCC(C3CCCC(C4CCCCC4)C3)C2)CC1
C1CCC(C2CCCCC2C2CCCCC2)CC1
C1CCC(C2CCCCC2CC2CCCCC2C2CC3CCCCC3C(C3CCCCC3)C2)CC1
C1CCC(C(CCC2CCC(CC3CCC(CC4CCCC4)CC3)CC2)C2CCCCC2)CC1
C1CCC(C2CCCC(C3CCCCC3)C2)CC1
C1CCC(CC2CCCC(CC3CCC(CC4CCCCC4)CC3C3CCCCC3)C2)CC1
C1CCC(CC2CCC(C3CCCC(C4CCCCC4)C3)CC2)CC1
C1CCC(CC2CCC(C3CCC(CCC4CCCC4)CC3)CC2)CC1
C1CCC(CCC2CCCC(C3CC(CC4CCCCC4)CC(C4CCC4)C3C3CCCCC3)C2)CC1
C1CCC(CCC2CCC(CC3CCC(CC4CCCCC4)CC3)C2)CC1
C1CCC(CC2CCC(CC3CCC(C4CCCC4)CC3)CC2)CC1
C1CCC(CC2CCC(CC3CCCCC3CC3CCCCC3)CC2)CC1
C1CCC(C2CCC(CC3CCCC(C4CCCCC4)C3)CC2)CC1
C1CCC(C2CCCC(CC3CC4CCCC(CC5CCCC(C6CCCCC6)C5)C4C3)C2)CC1
C1CCC(CC2CCCC(C3CCCCC3)C2)CC1
C1CCC(C2CCC(CCC3CCCC(C4CCCCC4)C3)CC2)CC1
C1CCC(CC2CCC(C3CCCC(C4CCC(C5CCCC5)CC4)C3)CC2)CC1
C1CCC(C2CCC(CC3CCC(C4CC(C5CCCCC5)C4)CC3)CC2)CC1
C1CC(CC2CCC(C3CCC4CC(C5CCC(C6CCCC6)CC5)CCC43)CC2)C1
C1CCC(CC2CCCC(C3CC(CC4CC4)C4CCCCC43)C2)CC1
C1CCC(CCC2CC(CC3CCC(CC4CCCCC4)CC3)C3CCCCC23)CC1
C1CCC(CCCCCC2CC(C3CCC4CCCC4C3)CC3CCCCC23)CC1
C1CCC(CCCC2CC(C3CCCC(C4CCC5CCCC5C4)C3)C3CCCCC23)CC1
C1CCC(CCC2CC(C3CCCC3)CC(C3CCCC(C4CCCCC4)C3)C2)CC1
C1CCC(CC2CCC(C3CCCCC3CCC3CCC(C4CCCCC4)C3)CC2)CC1
C1CCC(C2CCC(C3CCCCC3)C(C3CCC4CCCC4C3)C2)CC1
C1CCC(CCCCC2CCCCC2)CC1
C1CCC(CC2CC(CC3CCCC(C4CCCCC4)C3)C3CCCCC23)CC1
C1CCC(CC2CCC(CC3CCC(C4CCC(CC5CCCCC5)CC4)CC3)CC2)CC1
C1CCC(CC2CCC(CC3CCCC(C4CCCCC4)C3)CC2)CC1
C1CCC(C2CCC(C3CCCC3C3CCCCC3)CC2)CC1
C1CCC(CC2CC(C3CCCCC3)C3CCCCC23)CC1
C1CCC(C2CCCC(CC3CCCC(CC4CCC(CCC5CC5)CC4)C3)C2)CC1
C1CCC(CCCC2CCCCC2)CC1
C1CCC(C2CCCC(CCC3CCC(C4CCC5CCCC5C4)CC3)C2)CC1
C1CCC(CCCC2CCC(CC3CCC(C4CCCCC4)CC3)CC2)CC1
C1CCC(CC2CCCCC2C2CCCCC2C2CCC3CCCCC3C2)CC1
C1CCC(CCC2CCCC(C3CCC(CCC4CC5CCCCC5C4)CC3)C2)C1
C1CCC(CC2CCCCC2C2CCCCC2)CC1
C1CCC(CC2CCC(C3CC(CC4CCCCC4)C4CCCC43)CC2)CC1
C1CCC(CC2CCC3CCC(C4CC(C5CCCC5)CCC4C4CCC5CCCC5C4)CC3C2)C1
C1CCC(CC2CCCCC2C2CCC(CC3CCC(C4CCCCC4)CC3)CC2)CC1
C1CCC(CC2CCC(C3CC(C4CCCCC4)CC(C4CCCCC4)C3)CC2)CC1
C1CCC(CC2CC(C3CCC(CC4CCCC4C4CCCC4)CC3)C3CCCCC23)CC1
C1CCC(CC2CCCCC2C2CCC(CC3CCCCC3)C2CC2CCCCC2)CC1
C1CCC(CCC2CCC(CCC3CCC(C4CCCC4)CC3)CC2)CC1
C1CCC(CC2CCC(CCCC3CC(C4CCCCC4)CC(C4CCCC4)C3)CC2)CC1
C1CCC(CC2CCC(C3CCCCC3C3CC4CCCCC4C3)CC2)CC1
C1CCC(CC2CCC3CCCCC32)CC1
C1CCC(CC2CCC(CCCC3CCCC(C4CCCCC4)C3)CC2)CC1
C1CCC(C2CCCCC2C2CCCC2)CC1
C1CCC(C2CCC(CCCC3CCC(C4CCCCC4)C(C4CCCC4)C3)CC2)CC1
C1CCC(CC2CC(CC3CCC(C4CCCC4)CC3)C3CCCCC23)CC1
C1CCC(CCC2CCCC(CC3CCC(CC4CCC(C5CCC5)CC4)CC3)C2)CC1
C1CCC(CC2CCC(C3CC4CCCCC4C3)CC2C2CCCC2)CC1
C1CCC(CCC2CCCC(CC3CCCCC3)C2)CC1
C1CCC(CCC2CCCC(CCCC3CCCC(C4CCCCC4C4CCCCC4)C3)C2)CC1
C1CCC(CC2CCCCC2C2CCC3C(CC4CCC(C5CCCCC5)CC4)CCCC3C2)CC1
C1CCC(CCCC2CCC(C3CCC(CC4CCC(CC5CCCCC5)CC4)CC3)CC2)CC1
C1CCC(C2CCCC(CCCC3CCCC(CCC4CCCC(C5CCCCC5)C4)C3)C2)CC1
C1CCC(CCC2CCCC(CC3CCCCC3)C2)CC1
C1CCC(C2CCCC(CCCC3CCC(CC4CCCC4)C(CC4CC4)C3)C2)CC1
C1CCC(C2CCC(CCCC3CCCC(C4CCCCC4)C3)CC2)CC1
C1CCC(C2CCCCC2C2CCCCC2C2CCCC2)CC1
C1CCC(CCC2CCCC(C3CCC(C4CCCCC4)CC3)C2)CC1
C1CC(CCC2CCC(CCC3CCCCC3CCC3CC(C4CCCC4)C4CCCCC34)CC2)C1
C1CCC(C2CCC(C3CCC(C4CCCCC4)C4CCCC43)C(C3CCCCC3)C2)CC1
C1CCC(CC2CCC(CC3CCCCC3)CC2)CC1
C1CCC(CCCC2CCC(CC3CCCC(C4CCCCC4)C3)CC2)CC1
C1CCC(C2CCCC(C3CC(C4CCCCC4)CC(C4CCC4)C3)C2)CC1
C1CCC(C2CCC(CCC3CCCC(C4CCCCC4C4CCC5CCCC5C4)C3)CC2)CC1
C1CCC(C2CCC(C3CCCCC3C3CCC4CCCCC4C3)CC2)CC1
C1CCC(CC2CCCC(C3CCCCC3)C2)CC1
C1CCC(CC2CC(CCC3CCCC3)CCC2CC2CC3CCCCC3C2)CC1
C1CCC(CC2CCC(CC3CCC(CCC4CCCC4)CC3)CC2)CC1
C1CCC(C2CCCC3CCC(CC4CCC(C5CCC6CCCCC6C5)C4)CC32)CC1
C1CCC(CC(C2CCCC(CC3CCC4CCCC4C3)C2)C2CCCC(C3CCCCC3)C2)CC1
C1CCC(CC2CCCC(C3CCCCC3)C2)CC1
C1CCC(CC2CCCCC2CCC2CCCC(C3CCCCC3)C2)CC1
C1CCC(CCC2CCC(C3CCC(C4CCCCC4)CC3)CC2)CC1
C1CCC(C2CCC(CC3CCC(CCC4CC5CCCCC5C4)CC3)CC2)CC1
C1CCC(CCCC2CCC(CC3CCC(CCC4CCCCC4)CC3)CC2)CC1
C1CCC(CC2CCC(C3CC(C4CC4)CCC3CC3CC4CCCCC4C3)CC2)CC1
C1CCC(C2CCCC(CC3CCC(C4CC(CC5CCCC5)C5CCCCC54)CC3)C2)CC1
C1CCC(C(C2CCC3CCCC3C2)C2CCCC(C3CCC4CCCCC43)C2)CC1
C1CCC(C2CCCC(C3CCCC3C3CCCCC3C3CCCCC3)C2)CC1
C1CCC(CC2CCCC(C3CCCCC3C3CC4CCCCC4C3)C2)CC1
C1CCC(CC2CCC(CCC3CCC(CC4CCC(CC5CCC(C6CCCC6)CC5)CC4)CC3)CC2)CC1
C1CCC(CC2CCCCC2C2CCCCC2)CC1
C1CCC(CCC2CCCC(CC3CCCCC3C3CCC4CCCCC4C3)C2)CC1
C1CCC(CC2CCC(CC3CCCCC3)CC2)CC1
C1CCC(CC2CCC(CC3CCCC(C4CCCC(C5CCCC6CCCC65)C4)C3)C2)CC1
C1CCC(C2CCC3CC(CC4CCCCC4C4CCC(C5CCCCC5)C4)CCC3C2)CC1
C1CCC(CC2CCC(C3CC3CC3CCCCC3)CC2)CC1
C1CCC(CC2CC(C3CCCCC3C3CCCC3)C3CC(C4CCCCC4)CCC23)CC1
C1CCC(CCC2CCC(C3CCCC(CC4CCCCC4)C3)CC2)CC1
C1CCC(C2CCCCC2C2CCC(CC3CCC4CCCCC4C3)CC2)CC1
C1CCC(CC2CCC3C(CCC3C3CCCCC3)C2)CC1
C1CCC2CC(CC3CCC(CCC4CCCC5CCCCC54)CC3)CC2C1
C1CCC(CC2CCCC(C3CCCCC3)C2)CC1
C1CCC(CC2CCCC(C3CCC(C4CCCCC4)C3)C2)CC1
C1CCC(CC2CCC(C3CCCC(C4CCCCC4)C3)CC2)CC1
C1CCC(CC2CCC(CC3CCCC(C4CCC(C5CC5)CC4)C3)CC2)CC1
C1CCC(C2CCC(CCC3CCC4CCCCC43)CC2)CC1
C1CCC(CC2CCC(CCC3CC(C4CCCC4)C4CCCCC34)CC2)CC1
C1CCC(CCC2CCC(CC3CCCCC3CC3CCC(C4CCCC4)CC3)CC2)CC1
C1CCC(C2CCC(C3CCCCC3)CC2)CC1
C1CCC(CCCCC2CCCC(C3CCC(CC4CCCCC4)CC3)C2)CC1
C1CCC(C2CCCC(C3CCCC(CC4CCC(C5CC5)CC4C4CCCC4)C3)C2)CC1
C1CCC(CCCC2CCC(CC3CCCCC3)CC2)CC1
C1CCC(C2CCC(C3CCC(CC4CCC(C5CCCCC5)C4)CC3)CC2)CC1
C1CCC(C2CCCC(C3CCCCC3)C2)CC1
C1CCC(C2CCC(C3CCCCC3C3CCC4CCCC4C3)CC2)CC1
C1CCC(CCCC2CCC(CCC3CC4CCCCC4C3)CC2)CC1
C1CCC(C2CCCC(C3CCCCC3)C2)CC1
C1CCC(CC2CCC(C3CCCCC3)CC2)CC1
C1CCC(CCC2CCC(CC3CCCCC3)CC2)CC1
C1CCC(CCC(CCC2CC3CCCCC3C2)C2CCCCC2)CC1
C1CCC(CC2CCCC(C3CCCCC3CC3CCCCC3)C2)CC1
C1CCC(C2CCC(CCC3CCC(CC4CCCCC4C4CCCCC4)CC3)CC2)CC1
C1CCC(CC2CCCC(CC3CCC(C4CCCC4)CC3)C2)CC1
C1CCC(C2CCCC(C3CCCC(C4CCCCC4)C3)C2)CC1
C1CCC(CC2CCCC(CCC3CCC(CCCC4CCCCC4CC4CCCCC4)CC3)C2)CC1
C1CCC(C2CCCCC2C2CCCCC2C2CCCC2)CC1
C1CCC(CC2CCC(C3CCCCC3)CC2)CC1
C1CCC(CC2CCC(CC3CCCCC3)CC2)CC1
C1CCC(CCC2CCC(CC3CCCCC3)CC2)CC1
C1CCC(CCC2CC(C3CCCCC3)CC(C3CCCC(CC4CCCC4)C3)C2)CC1
C1CCC(CC2CCC3CC(C4CCC5CCCCC54)CCC3C2)CC1
C1CCC(CC2CCCC(CC3CCCC(C4CCCCC4)C3)C2)CC1
C1CCC(C2CCCCC2C2CCC3CCCCC3C2)CC1
C1CCC(CC2CCC(CC3CCCCC3)CC2)CC1
C1CCC(CCCC2CCCCC2)CC1
C1CCC(C2CCC(CCC3CCC(CC4CCCC5CCCCC54)CC3)CC2)CC1
C1CCC(CC2CC(CC3CCCCC3)C3CCCCC23)CC1
C1CCC(C2CCC(C3CCCCC3)C(C3CCCCC3)C2)CC1
C1CCC(CCCC2CCCC(CC3CC3)C2)CC1
C1CCC(C2CCC(CC3CCC(C4CCCC4)CC3)C2)CC1
C1CCC(CCC2CCC(CC3CCCC(C4CCCCC4)C3)CC2)CC1
C1CCC(C2CCC(C3CCC(C4CCC5CCCCC54)CC3)CC2)CC1
C1CCC(CC2CCCCC2C2CCCCC2C2CCCC2)CC1
C1CCC(C2CCC(C3CCC(C4CCCC4)CC3)CC2C2CCCC2)CC1
C1CCC(C2CCC(C3CCCC(C4CC4)C3)CC2)CC1
C1CCC(CCC2CCC(C3CCCC(C4CCC(CC5CCCCC5)CC4)C3)CC2)CC1
C1CCC(CC2CCCCC2C2CCCCC2C2CCCC(C3CCCC3)C2)CC1
C1CCC(CC2CCC(CC3CCC(C4CCCCC4)CC3)CC2)CC1
C1CCC(CC2CCC(CC3CCC(CCCC4CCC5CCCC5C4)CC3)CC2)CC1
C1CCC(CC2CCC(CC3CCCCC3C3CCC4CCCC4C3)CC2C2CCCC2)CC1
C1CCC(CC2CCCC(CCC3CCCC(C4CCCCC4)C3)C2)CC1
C1CCC(CC2CCCC(CCC3CCCC(C4CCC(C5CCCCC5)CC4)C3)C2)CC1
C1CCC(C2CCC(C3CCCCC3C3CCC(C4CC4)CC3)CC2)C1
C1CCC(C2CC(C3CCC(CCC4CCC5CCCCC5C4)CC3)C3CCCCC23)CC1
C1CCC(C2CCC(CC3CC(C4CCCCC4)CC(C4CCCC4)C3)CC2)CC1
C1CCC(C2CCC(C3CCC(C4CCCC4C4CCCC4)CC3)CC2)CC1
C1CCC(C2CCCCC2CC2CCCC(C3CCCC3)C2)CC1
C1CCC(CCC2CCCC(CCC3CCCCC3)C2)CC1
C1CCC(CC2CCCC(C3CCCCC3)C2)CC1
C1CCC(CC2CCC(CC3CCCCC3)CC2)CC1
C1CCC(CCC2CCC(C3CCCC(C4CCCC4)C3)CC2)CC1
C1CCC(CCCCCC2CC(CC3CCC(CC4CCCCC4)CC3)C3CCCCC23)CC1
C1CCC(CCC2CCC(C3CCCCC3C3CCCC(CCC4CCC5CCCC5C4)C3)CC2)CC1
C1CCC(C2CCCCC2C2CCC(CC3CCC(C4CCCC4)CC3)CC2)CC1
C1CCC(CCC2CC(C3CCCCC3)CC(C3CCCC(C4CC4)C3)C2)CC1
C1CCC(CC2CCCCC2C2CCCCC2)CC1
C1CCC(CC2CCC3CC(CC4CCC5CCCCC54)CCC3C2)CC1
C1CCC(C2CCC(CCCCC3CCC(C4CCCC4)CC3)CC2)CC1
C1CCC(CC2CCCC(C3CCCCC3)C2)CC1
C1CCC(CCC2CCC(CCC3CCCC3)CC2)CC1
C1CCC(C2CC(C3CCCCC3)CC(C3CCCCC3C3CCCC3)C2)CC1
C1CCC(C2CCCC(CC3CC(C4CCC5CCCCC54)C4CCCCC34)C2)CC1
C1CCC(CCCC2CC(C3CCCC(CC4CCCCC4)C3)C3CCCCC23)CC1
C1CCC(CC2CCCCC2C2CCC3CCCCC3C2)CC1
C1CCC(CC2CCC(C3CCCCC3)C(CCCCC3CCC(CC4CCCC4)CC3)C2)CC1
C1CCC(C2CCC(C3CCCCC3)CC2)CC1
C1CCC(CC2CCCC(C(C3CCCCC3)C3CCCCC3C3CCCC3)C2)CC1
C1CCC(CC2CCC(CC3CCCC(CC4CCCCC4)C3)CC2)CC1
C1CCC(C2CCC(C3CCCCC3)CC2)CC1
C1CCC(CCCC2CCC(CC3CCCCC3)CC2)CC1
C1CCC(CC2CCCCC2CC2CCCC2)CC1
C1CCC(C2CCCC(C3CCC(CC4CCCC4)CC3)C2)CC1
C1CCC(CCCCCC2CCC(CCCC3CCCCC3)CC2)CC1
C1CCC(C2CCC(CCC3CCCC4CC(C5CCCCC5CC5CC5)CC34)CC2)CC1
C1CCC(CC2CC(CCCC3CCC(C4CCCCC4)CC3)C3CCCCC23)CC1
C1CCC(CCC2CCCC3CC(C4CCCCC4)CCC23)CC1
C1CCC(CCC2CCCC(C3CCCCC3)C2)CC1
C1CCC(CCCCC2CCC(C3CCCCC3)CC2)CC1
C1CCC(CCC2CCCC(C3CCCCC3)C2)CC1
C1CCC(C2CCCC(C3CCCC(CC4CCCC5CC(C6CCCCC6)CCC45)C3)C2)CC1
C1CCC(CC2CCC(C3CCCCC3)CC2)CC1
C1CCC(C2CC(C3CCCCC3)C(C3CCCCC3)C(C3CCCC(C4CC4)C3)C2)CC1
C1CCC(CCC2CCCC(CCCCCC3CCC(C4CCCCC4)CC3)C2)CC1
C1CCC(CC2CCC(C3CCC(C4CCCCC4)CC3)CC2)CC1
C1CCC(CCC2CCC(CC3CCCCC3)CC2)CC1
C1CCC(CCC2CCCCC2CC2CCCC(C3CCCCC3)C2)CC1
C1CCC(CC2CCCC(C3CC4CCCCC4C3)C2)CC1
C1CCC(CCCCC2CCCCC2)CC1
C1CCC(CC2CCCCC2)CC1
C1CCC(CCC2CCCC(C3CCC(CC4CCCCC4)CC3)C2)CC1
C1CCC(CC2CCC(C3CCCC4CC(C5CCCCC5)CCC43)CC2)CC1
C1CCC(CC2CCC(C3CCCC3)CC2)CC1
C1CCC(CCC2CCCC(C3CCCC(CC4CCCCC4C4CCCCC4)C3)C2)CC1
C1CCC(CC2CCC(C3CCCCC3)CC2)CC1
C1CCC(C2CCC(CC3CCC(CCC4CCC4)CC3)CC2)CC1
C1CCC(CCCC2CCCC(CCCC3CCCCC3)C2)CC1
C1CCC(CCC2CCCCC2)CC1
C1CCC(CCC2CC(CC3CCCCC3)CC(C3CCCCC3)C2)CC1
C1CCC(C2CCCCC2)CC1
C1CCC(C2CCCC(C3CCCCC3C3CCC(CC4CC4)CC3)C2)CC1
C1CCC(CC2CCCCC2C2CCCC(C3CCCCC3)C2)CC1
C1CCC(CC2CCC(CC3CCC(C4CCCC4)CC3)CC2)C1
C1CCC(CC2CCC(CC3CCCCC3)CC2)CC1
C1CCC(CCCC2CCC(CCCC3CCCCC3)CC2)CC1
C1CCC(CC2CCC(CC3CCC(C4CCCCC4)CC3)CC2)CC1
C1CCC(CCC2CCC(CC3CCC4CCCCC43)CC2)CC1
C1CCC(C2CCC(CC3CC(C4CCC5CCCCC54)CC4CCC(C5CC5)CC43)CC2)CC1
C1CCC(CCC2CCCC(CCC3CCC(C4CCCCC4)CC3)C2)CC1
C1CCC(C2CCC(C(C3CCCCC3)C3CC3)CC2)CC1
C1CCC(C2CCCC(C3CCC(CC4CCCC4)CC3C3CCCC3)C2)CC1
C1CCC(C2CCC(C3CCCCC3C3CCCCC3)C(C3CCCCC3)C2)CC1
C1CCC(CC2CCC(CCCC3CCC(CC4CCCCC4)CC3)CC2)CC1
C1CCC(CCC2CCCC(C3CCC4CCCCC43)C2)CC1
C1CCC(CC2CCC(CC3CC(C4CCC(CC5CCCC5)CC4)CCC3C3CCCCC3)CC2)CC1
C1CCC(CCC2CCC(C3CCC(CC4CCCCC4)CC3)CC2)CC1
C1CCC(C2CCCC(CCCC3CCCC(C4CCCCC4)C3)C2)CC1
C1CCC(CC2CCC(CC3CCCCC3)CC2)CC1
C1CCC(CC2CCCCC2CC2CCCCC2C2CCCCC2)CC1
C1CCC(CC2CCCC(CC3CCC4CCCC4C3)C2)CC1
C1CCC(CCC2CCC(CCC3CCCC(CC4CCCCC4)C3)CC2)CC1
C1CCC(CCCC2CCC(CC3CCCCC3)CC2)CC1
C1CCC(C2CCC(C3CCCCC3)CC2)CC1
C1CCC(CCC2CCC(CCC3CCCCC3C3CCCCC3)CC2)CC1
C1CCC2CC(CC3CCCC(C4CCCC4C4CC(C5CCCC5)C5CCCCC54)C3)CC2C1
C1CCC(CCC2CCC(CC3CCCCC3)CC2)CC1
C1CCC(C2CCCCC2)CC1
C1CCC(CCCC2CCCCC2CCC2CCCCC2)CC1
C1CCC(CCC2CCCC(C3CCCCC3CC3CCCC3)C2)CC1
C1CCC(C2CCCC(C3CCCCC3)C2)CC1
C1CCC(C2CCCC(C3CC(C4CCCCC4)CC4CCCCC43)C2)CC1
C1CCC(C2CCC(CCC3CCC(CC4CCCC(C5CCCCC5)C4)CC3)CC2)CC1
C1CCC(CC2CC(CC3CCCCC3)C3CCCCC23)CC1
C1CCC(CC2CCC(C3CCC4CCCCC4C3)CC2)CC1
C1CCC(C2CCC(C3CCCCC3)CC2)CC1
C1CCC(CC2CCCC(C3CC(CC4CCCCC4)CC(C4CCC4)C3)C2)CC1
C1CCC(CCC2CCC(C3CC(C4CCCCC4)C4CCCCC34)CC2)CC1
C1CCC(C2CCC(C3CCC(C4CCCCC4)C4CCCCC43)C(C3CCCC3)C2)CC1
C1CCC(C2CCC3C(CCC3C3CCC(C4CCCC4)CC3)C2)CC1
C1CCC(C2CCCCC2)CC1
C1CCC(CC2CCCCC2CC2CCCCC2C2CCC(C3CCCC3)CC2)CC1
C1CCC(CC2CCC(CC3CCC(CCC4CCCC(C5CCCCC5)C4)CC3)CC2C2CCCC2)CC1
C1CCC(CCCC2CCCC(C3CCC(CC4CCC(C5CCCCC5)C4)CC3)C2)CC1
C1CCC(C2CCCCC2CC2CCC3CCCC3C2)CC1
C1CCC(CCCC2CCC(CCCC3CCCCC3)CC2)CC1
C1CCC(CCC2CCC(CC3CCC(CC4CCC5CCCC5C4)CC3)CC2)CC1
C1CCC(C2CCC(CC3CCCC(C4CCC(CC5CCC5)CC4)C3)CC2)CC1
C1CCC(CC2CCC(CCCCC3CCCCC3CC3CCCCC3)CC2)CC1
C1CCC(CC2CCCC(CCCC3CCC(CC4CCCC(C5CCCCC5)C4)CC3)C2)CC1
C1CCC(C2CC3CCC(CC4CCCC4)CC3C(C3CCCCC3)C2)CC1
C1CCC(CCC2CCCCC2CC2CCCC(C3CCCCC3)C2)CC1
C1CCC(CCC2CC(C3CCC3)CC(C3CCCC(C4CCCCC4)C3)C2)CC1
C1CCC(CCC2CCC(CC3CCCCC3)CC2)CC1
C1CCC(CC2CCC(C3CCC(CC4CCCCC4)CC3)CC2)CC1
C1CCC(C2CCCCC2C2CCCC(CCCC3CC4CCCCC4C3)C2)CC1
C1CCC(CC2CCC(CC3CCC(CC4CCCCC4)CC3)CC2)CC1
C1CCC(CC2CCC(C3CCCCC3)CC2)CC1
C1CCC(CC2CCCC(CCC3CC(C4CCCCC4)C4CCCCC34)C2)CC1
C1CCC(C2CCC(CC3CCCC(CCC4CCC4)C3)CC2)CC1
C1CCC(C2CCC(CC3CCCCC3C3CCCC3)CC2)CC1
C1CCC(CC2CCC(C3CCCC(C4CCCCC4)C3)CC2)CC1
C1CCC(C2CC(C3CCCC3)CC(C3CC4CCCCC4C3)C2)CC1
C1CCC(CCCC2CC(CC3CCCCC3)C3CC(CC4CCCCC4)CCC23)CC1
C1CCC(CCCC2CCC(CC3CCCCC3)CC2)CC1
C1CCC(CCC2CCCC(CC3CCCCC3)C2)CC1
C1CCC(C2CCCC(C3CCC(C4CCCC5CCCCC54)CC3)C2)CC1
C1CCC(C2CCC(C3CCC(C4CCCCC4)C3)CC2)CC1
C1CCC(C2CCCC3CCCCC32)CC1
C1CCC(CCC2CCC3C(C4CCCCC4)CC(C4CCCCC4)C3C2)CC1
C1CCC(CC2CC(C3CCC(C4CCCCC4)CC3)C3CCCCC23)CC1
C1CCC(CC2CC(C3CCCCC3)C3CC(C4CCC5CCCCC5C4)CCC23)CC1
C1CCC(CCC2CCC(C3CCC(C4CCCCC4)C(C4CCCCC4)C3)CC2)CC1
C1CCC(CCCCCC2CCC(CC3CCC(CC4CCCCC4)CC3)CC2)CC1
C1CCC(CCC2CCC3C(CC4CCCCC4)CCC3C2)CC1
C1CCC(C2CCCC(C3CCC(CC4CCC5CCCCC54)C(C4CCCC4)C3)C2)CC1
C1CCC(CC2CCC(C3CCCCC3)CC2)CC1
C1CCC(C2CCC(CC3CCCCC3C3CCCCC3)CC2)CC1
C1CCC(CC2CCC(CCCC3CCCC(C4CCCCC4)C3)CC2)CC1
C1CCC(CC2CCC(C3CCCC(C4CCCCC4)C3)CC2)CC1
C1CCC(CCC2CC(CC3CCCC3)C3CCCCC23)CC1
C1CCC2CC(C3CCCCC3C3CCC4CCCC4C3)CCC2C1
C1CCC(CC2CCC(CC3CCC(CC4CCCCC4)CC3)CC2)CC1
C1CCC(CC2CCC(CC3CCCC(C4CCCCC4C4CCCCC4)C3)CC2)CC1
C1CCC(CCC2CCCC2C2CCCC(CC3CCCCC3)C2)CC1
C1CCC(CCC2CCCC(CCC3CCC4CCCCC43)C2)CC1
C1CCC(CCCC2CCC(CC3CCCCC3)CC2)CC1
C1CCC(C2CCC(CC3CCCCC3C3CCC(C4CCC5CCCC5C4)CC3)CC2)CC1
C1CCC(CCC2CC(CC3CCCCC3)CC(CC3CCCCC3)C2CC2CCCCC2)CC1
C1CCC(C2CCC(CCC3CCC(C4CCCC4)CC3)CC2)CC1
C1CCC(C2CCCC(C3CCCCC3)C2)CC1
C1CCC(CC2CC(C3CCCC(C4CCC(C5CCCC(C6CCCC6)C5)CC4)C3)C3CCCCC23)CC1
C1CCC(C2CCCCC2)CC1
C1CCC(CCCC2CC(C3CCCCC3)CCC2CC2CCCCC2)CC1
C1CCC(CC2CCC(CC3CCCCC3C3CCC4CCCC4C3)CC2)CC1
C1CCC(C2CCC(C3CCCC(C4CCCCC4)C3)CC2)CC1
C1CCC(CC2CCC(C3CCCCC3)CC2)CC1
C1CCC(CCC2CCCC(CC3CCCCC3)C2)CC1
C1CCC(C2CCCC(C3CCCC3C3CCCCC3)C2)CC1
C1CCC(CC2CCC(C3C(CC4CCCCC4)CCC3C3CCCCC3)CC2)CC1
C1CCC(CC2CCC(CC3CCC(C4CCCC4C4CCCCC4)CC3)CC2)CC1
C1CCC(CC2CCC(CCCC3CCCC(C4CCCCC4C4CCC4)C3)CC2)CC1
C1CCC(CC2CCCCC2CC2CCC(C3CCCCC3)CC2C2CCCC2)CC1
C1CCC(CC2CCC(CC3CCCCC3)CC2)CC1
C1CCC(C2CCC(CCC3CCCCC3C3CCC4CCCC4C3)CC2)CC1
C1CC2CCC(C3CC(C4CC4)CCC3C3CCC(CCC4CC4)CC3)CC2C1
C1CCC(CC2CCC(C3CCC(CC4CCC(C5CCCC5)CC4)CC3)CC2)C1
C1CCC(CC2CCCCC2CCC2CCC3CCCCC3C2)C1
C1CCC(CC2CCCCC2C2CCCC(C3CCCCC3)C2)CC1
C1CCC(C2CCC(C3CCCCC3CC3CCCC(C4CCCC4)C3)CC2)CC1
C1CCC(CC2CCC(CCC3CCC(CC4CCCCC4)CC3)CC2)CC1
C1CCC(CCCCC2CCC3CCC(C4CCCCC4CC4CCCCC4)C3C2)CC1
C1CCC(C2CCC(C3CCCC(C4CCCC(C5CCCC5)C4)C3)CC2)C1
C1CCC(CCC2CCCC(CC3CCCCC3)C2)CC1
C1CCC(CC2CCC(C3CCCCC3)C(CC3CCCCC3)C2)CC1
C1CCC(CCC2CCCC(C3CC4CCCCC4C3)C2)CC1
C1CCC(C2CCCC(CCCC3CCCC(C4CCCCC4)C3)C2)CC1
C1CCC(CCCC2CCCCC2C2CCC(C3CCCCC3)CC2)CC1
C1CCC(CC2CCC(C3CCCCC3C3CCCCC3)CC2)CC1
C1CCC(C2CC(C3CCC4CCCCC43)CC3CCCCC32)CC1
C1CCC(CC2CCCCC2CCCC2CCCC(C3CCCCC3)C2)CC1
C1CCC(CC2CCCC(C3CC(CC4CCCCC4)CC(C4CCCCC4)C3)C2)CC1
C1CCC(CC2CCCCC2C2CCCCC2)CC1
C1CCC(CCC2CC(C3CCC3)C3CC(CC4CCC(C5CC(C6CCCC6)C5)CC4)CCC23)CC1
C1CCC(CCC2CCC(C3CCCCC3C3CCCCC3C3CCCC3)CC2)C1
C1CC(CCC2CCC(C3CCC3)CC2)CC(CC2CC3CCCCC3C2)C1
C1CCC(CCC2CCC(CCCCC3CCC(C4CCCC4)CC3)CC2)CC1
C1CCC(CC2CCCCC2C2CCCC2C2CCCC(C3CCCCC3)C2)CC1
C1CCC(CC2CCC3C(CC4CCCCC4)CC(C4CCC5CCCCC54)C3C2)CC1
C1CCC(CC2CCC(C3CCCCC3)CC2)CC1
C1CCC(CCC2CCC(CC3CCCCC3)CC2)CC1
C1CCC(CCC2CCCC(C3CCCCC3)C2)CC1
C1CCC(CCCCC2CCCC(CCC3CCC(C4CCC4)CC3)C2)CC1
C1CCC(CCCC2CCC(C3CCCC(C4CCCCC4C4CCCC4)C3)C2)CC1
C1CCC(C2CCCCC2)CC1
C(CCCC1CCCCC1)CCC1CCCCC1
C1CCC(CCC2CCCC(C3CCC(CC4CCCCC4)CC3)C2)CC1
C1CCC(CC2CCC(CC3CCCCC3)CC2)CC1
C1CCC(CCC2CCC3CC(C4CCCCC4)CCC3C2)CC1
C1CCC(CC2CCC(C3CCCCC3)CC2)CC1
C(CCCC1CCCC1)CCCC1CC(C2CCCCC2)CC(C2CCCCC2)C1
C1CCC(CCC2CCCCC2C2CCCCC2CCC2CCC3CCCCC32)CC1
C1CCC(CCCC(C2CCCCC2)C2CCCC(CCC3CCCCC3)C2)CC1
C1CCC(CC2CCCCC2C2CCCCC2C2CCCC2)CC1
C1CCC(CCC2CCCC(CCC3CCCC(CC4CCCCC4)C3)C2)CC1
C1CC(C2CC2)CC(C2CCCC(C3CCC4CCCCC43)C2)C1
C1CCC(CCC2CCC(CC3CC4CCCCC4C3)CC2)CC1
C1CCC(C2CCCC(CC3CCCCC3C3CCCC3)C2)CC1
C1CCC(CCCC2CCC(C3CCCC(CC4CCCCC4)C3)CC2)CC1
C1CCC(CC2CCCC(C3CCC(C4CCCC(C5CCCC5)C4)CC3)C2)CC1
C1CCC(C2CCC(CCC3CCC(C4CCC(CC5CCCC5)CC4)CC3)CC2)CC1
C1CCC2CC(C3CCC(C4CC5CCCCC5C4)C3)CCC2C1
C1CCC2CC(CC3CCC(CCC4CCCCC4C4CCCC4)CC3)CC2C1
C1CCC(C2CCCC(CCC3CCC(C4CCCCC4C4CCCC4)CC3)C2)CC1
C1CCC(CCCCC2CCCC(CC3CCCC(C4CCCC4)C3)C2)CC1
C1CCC(C2CCC(C3CCCC(C4CCCCC4)C3)CC2)CC1
C1CCC(C2CCCCC2C2CC(CC3CC3)CC(C3CC4CCCCC4C3)C2)CC1
C1CCC(C2CCC3CCCC(C4CCCCC4)C3C2)CC1
C1CCC(C2CCCCC2C2CCC3CCCC3C2)CC1
C1CCC(CC2CCC(C3CCC(C4CCCCC4)CC3)CC2)CC1
C1CCC(C2CCCCC2C2CCCCC2)CC1
C1CCC(CC2CCCC(C3CCCCC3)C2)CC1
C1CC(CC2CC3CCCCC3C2)CC(C2CCC(C3CCCCC3C3CCCC3)CC2)C1
C1CCC(CC2CCCC(C3CCCCC3)C2)CC1
C1CCC(C2CCC(C3CCC(CC4CCC(CCC5CCCC5)CC4)CC3)CC2)CC1
C1CCC(CCC2CCC(C3CCC(CC4CCCCC4)CC3)CC2)CC1
C1CCC(C2CCC(CC3CCC(CC4CCCC(C5CC5)C4)CC3)CC2)CC1
C1CCC(C2CCC3C(CC4CCC(C5CCCC5)CC4)CCC3C2)CC1
C1CCC(CC2CCCC(C3CCCCC3)C2)CC1
C1CCC(C2CCCCC2C2CCCC2)CC1
C1CCC(CC2CCCCC2C2CCC(C3CCCCC3)CC2C(C2CCCCC2)C2CCC2)CC1
C1CCC(CCC2CCC(C3CCCCC3)CC2)CC1
C1CCC(CCC2CCC(CCC3CCC(CC4CCCC4)CC3)CC2)CC1
C1CCC(CC2CCC(C3CCCCC3)CC2)CC1
C1CCC(CC2CCC(C3CCCC(CC4CCCCC4)C3)CC2)CC1
C1CCC(CCC2CCCCC2C2CCCCC2)CC1
C1CCC(C2CCCCC2C2CCCCC2)CC1
C1CCC(CCC2CCC(CC3CC4CCCCC4C3)CC2)CC1
C1CCC(C2CCCCC2CC2CCCC(C3CCC(C4CC4)CC3)C2)CC1
C1CCC(CC2CCCCC2CC2CCC(CCC3CCC4CCCCC43)CC2)CC1
C1CCC(C2CCC(C3CCCCC3C3CCCCC3)CC2)CC1
C1CCC(CC2CCCC(C3CC(C4CCCCC4)C4CCCCC34)C2)CC1
C1CCC(C2CC(CCC3CC4CCCCC4C3)CC(C3CCCCC3)C2)CC1
C1CCC(CC2CCCC(CCC3CCC(C4CCCCC4C4CCCCC4)CC3)C2)CC1
C1CCC(CC2CCCCC2C2CCCC2)CC1
C1CCC(CC2CC(C3CCC4CCCC4C3)CC3CC(CC4CC5CCCCC5C4)CCC23)C1
C1CCC(C2CCCC(C3CC(C4CCCCC4)CC(C4CC4)C3)C2)CC1
C1CC(CCC2CCC(C3CCC(C4CCCC4)CC3)C(C3CC4CCCCC4C3)C2)C1
C1CCC(CC2CCCCC2C2CCCC(CCC3CCC(C4CCCC4)CC3)C2)CC1
C1CCC(CCCC2CCCC(CC3CCCCC3)C2)CC1
C1CCC(CCC2CCC(C3CCCC(C4CCCCC4)C3)C2)CC1
C1CCC(CCC2CCC(CC3CCC(C4CCCC4)CC3)CC2)CC1
C1CCC(C2CCCC(C3CCC(C4CC(C5CCCC5)C5CCCCC45)CC3)C2)CC1
C1CCC(CCCC2CCCC(CC3CCCCC3)C2)CC1
C1CCC(CC2CCCCC2)CC1
C1CCC(CC2CCC(C3CCCCC3)CC2)CC1
C1CCC(CC2CCCCC2C2CCCCC2)CC1
C1CCC(C2CCC(CC3CCCCC3C3CCCC3)CC2)CC1
C1CCC(CC2CCCCC2C2CCCC(C3CCC(C4CCCCC4)CC3CCC3CCCC3)C2)CC1
C1CCC2CC(CCCC3CCCCC3C3CCCC3)CC2C1
C1CCC(CC2CCCCC2CC2CCC(CC3CCC(C4CCCCC4)CC3)CC2)CC1
C1CCC(CC2CCCC(CC3CCCC(C4CCCC(C5CCCCC5)C4)C3)C2)CC1
C1CCC2CC(CC3CCCCC3C3CCC4CCCCC4C3)CCC2C1
C1CCC(C2CCC(CC3CCC(C4CCCCC4C4CCC5CCCC5C4)CC3)CC2)CC1
C1CCC(CCC2CCCC(CCC3CC4CCCCC4C3)C2)CC1
C1CCC(CC2CCCC(C3CCCCC3)C2)CC1
C1CCC(CC(CCCC2CCC3CCCC3C2)CC2CCCCC2)CC1
C1CCC(CC2CCC(CC3CCCCC3C3CCCCC3)CC2)CC1
C1CCC(CCC2CC(C3CCCC(CC4CCCCC4)C3)C3CCCCC23)CC1
C1CCC(C2CCCC(CC3CCCC(C4CCCC4)C3)C2)CC1
C1CCC(CCC2CCCC(CC3CCCCC3)C2)CC1
C1CC2CCC(C3CCCCC3C3CCC(CCC4CCC(C5CCC6CCCCC65)CC4)CC3)CC2C1
C1CCC(C2CCC(CC3CC(C4CCC4)C4CCCCC34)CC2)CC1
C1CCC(CC2CCC(CC3CCC(C4CCCCC4)CC3)CC2)CC1
C1CCC(CCCC2CCCC(C3CCCCC3)C2)CC1
C1CCC(C2CCC(CCC3CCCC(C4CCCCC4)C3)CC2)CC1
C1CCC(CC2CCCCC2)CC1
C1CCC(C2CCCCC2C2CCCCC2)CC1
C1CCC(C2CCCCC2C2CCCCC2)CC1
C1CCC(CC2CCCCC2C2CCC(CC3CCC(C4CCCCC4)C3C3CCCCC3)CC2)CC1
C1CCC(C2CCCC(C3CCCCC3)C2)CC1
C1CCC(CCCCCC2CCC(CC3CCCCC3)CC2)CC1
C1CCC(CC2CC(C3CCC(C4CCC4)CC3)C3CCCCC23)CC1
C1CCC(CC2CCCC(C3CCCC(C4CCCCC4)C3)C2)CC1
C1CCC(C(C2CCCCC2)C2CCC3CCCC3C2)CC1
C1CCC(C2CCCC(C3CCCCC3C3CCCCC3)C2)CC1
C1CCC(CC2CCC(C3CCCC(C4CCCCC4)C3)CC2)CC1
C1CCC(C2CCCCC2C2CCC(C3CCCC(CC4CCC4)C3)CC2)CC1
C1CCC(CCC2CCC(CC3CCC(CC4CCCCC4)CC3)CC2)CC1
C1CCC(CC2CCCC(C3CCCC(C4CCCCC4)C3)C2)CC1
C1CCC(CCC2CCCC(CC3CCC(C4CCCCC4C4CCCC4)CC3)C2)CC1
C1CCC(CCCCC2CC(CC3CCCC(CCC4CCCCC4)C3)C3CCCCC23)CC1
C1CCC(C2CCCC(CC3CCC4CCCCC43)C2)CC1
C1CCC(CCCC2CCC(CC3CCC(C4CC4)CC3)CC2)CC1
C1CCC(CCC2CCC(C3CCC4CCCC4C3)CC2)CC1
C1CCC(CC2CCCC(C3CCCCC3C3CCC4CCCCC4C3)C2)CC1
C1CCC(C2CCC3CCCCC32)CC1
C1CCC(CC2CCCCC2C2CCCCC2C2CCCCC2)CC1
C1CCC(CCC2CCC(C3CCCCC3C3CCC4CCCC4C3)CC2)CC1
C1CCC(CCC2CCC(CC3CCCCC3)CC2)CC1
C1CCC(C2CCC3CCCC(C4CCCCC4)C3C2)CC1
C1CCC(CCCC2CCCC(C3CCCC(C4CCCCC4)C3)C2)CC1
C1CCC(CCC2CC(C3CCC(CC4CCCCC4)CC3)C3CCCCC23)CC1
C1CCC(C2CCCC(C3CCCC(C4CCCC(C5CCCCC5)C4)C3)C2)CC1
C1CCC(CC2CCC(CC3CCCCC3)CC2)CC1
C1CCC(CC2CCC(C3CCCCC3C3CCCCC3)CC2)CC1
C1CCC(CC2CCC(C3CCCC(CC4CC5CCCCC5C4)C3)CC2)CC1
C1CCC(CC2CCC(C3CCCC(C4CCCCC4)C3)CC2)CC1
C1CCC(C2CC(C3CCC4CCCCC43)CC3CCCCC32)CC1
C1CCC(CC2CCC3CC(C4CCC5CCCCC54)CC(C4CC4)C3C2)CC1
C1CCC(C2CC(C3CCCCC3)C3CCCCC23)CC1
C1CCC(CC2CC(C3CCCCC3)CC(C3CCCC(C4CCCCC4)C3)C2)CC1
C1CCC(C2CCCC(CC3CCC4CCCCC43)C2)CC1
C1CCC(CCCCC2CCCCC2CC2CCCCC2)CC1
C1CCC(C2CCCC(C3CCCC(C4CCCCC4)C3)C2)CC1
C1CCC(C2CCC(CCC3CCCC(C4CCCCC4)C3)CC2)CC1
C1CCC(CC2CCCC(C3CCCC4CC(C5CCCCC5)CCC43)C2)CC1
C1CC2CCC(CCC3CCC(CC4CCC(C5CCCCC5C5CCCC5)CC4)CC3)CC2C1
C1CCC(CC2CCCC(CCCC3CCCC4CCCCC43)C2)CC1
C1CCC(CCC2CCC(CCC3CCC(C4CCCCC4)CC3)CC2)CC1
C1CCC(CC2CCC(C3CCCCC3)CC2)CC1
C1CCC(C2CCCC(C3CCCC(C4CCCCC4)C3)C2)CC1
C1CCC(C2CCC(C3CCCC(C4CCCC(CCC5CCCC5)C4)C3)CC2)CC1
C1CCC(C2CCCC(C3CCCCC3CCCCCC3CC4CCCCC4C3)C2)CC1
C1CCC(C2CCC(CC3CCCC3)CC2)CC1
C1CCC(C2CCCCC2)CC1
C1CCC(CCC2CCCC2C2CCC(C3CCCCC3)CC2)CC1
C1CCC(C2CCCC(C3CCC(C4CCCC(CC5CCCCC5C5CCCCC5)C4)C3)C2)CC1
C1CCC(CC2CCC3C(CCC3CC3CCCC(C4CCCCC4)C3)C2)CC1
C1CCC(CCCC2CCC(CC3CCCCC3)CC2)CC1
C1CCC(CCC2CC(C3CCCCC3)CCC2C2CCC3CCCCC3C2)CC1
C1CCC(CCCC2CCCC(C3CCC4CCCC4C3)C2)CC1
C1CCC(C2CCCC(CC3CCC(C4CCCC4)CC3)C2)CC1
C(CCCC1CCC(C2CCC3CCCC3C2)CC1)CCCC1CC2CCCCC2C1
C1CCC(CC2CCC(C3CC(C4CCCCC4)CCC3CC3CCCCC3)CC2)CC1
C1CCC(CC2CC(CC3CCC4CCCCC4C3)CCC2C2CCCCC2)CC1
C1CCC(CCCC2CCCC(CCC3CCCCC3)C2)CC1
C1CCC(CC2CCC(C3CCCCC3)CC2)CC1
C1CCC(C2CCCC(CC3CCCC(C4CCCCC4)C3)C2)CC1
C1CCC(C2CCCCC2)CC1
C1CCC(CC2CCCC(C3CCCCC3)C2)CC1
C1CCC(CC2CCCC(CC3CCCCC3C3CCCCC3)C2)CC1
C1CCC(C2CCC(C3CCCCC3C3CCCCC3)CC2)CC1
C1CCC(CC2CCCC(CC3CCCC(C4CCCCC4)C3)C2)CC1
C(CCCC1CCCCC1C1CCCCC1)CCC1CCCC(C2CCC(C3CCCC3)CC2)C1
C1CCC(CC2CCC(CCC3CCCC(C4CCCCC4)C3)CC2CC2CCCCC2)CC1
C1CCC(CCCCC2CC(C3CCC4CCCCC4C3)C3CCCCC23)CC1
C1CCC(CC2CCC(C3CCCCC3)CC2)CC1
C1CCC(CC2CCC(C3CCCCC3)CC2)CC1
C1CCC(CC2CCC(C3CC(CC4CCCCC4)C4CCCCC43)C(C3CCCC3)C2)CC1
C1CCC(CCC2CC(C3CCCCC3)CCC2CCCCCC2CC3CCCCC3C2)CC1
C1CCC(C2CCCC(C3CCC4CCCC4C3)C2)CC1
C1CCC(C2CCC(CC3CC4CCCCC4C3)CC2)CC1
C(CCC1CCC(C2CCCCC2)CC1)CCC1CCCC(CC2CC2)C1
C1CCC(C2CCCC(CC3CCC4CC(CCC5CCCC5)CCC43)C2)CC1
C1CCC(C2CCC(C3CCCC(CCCC4CCC5CCCCC54)C3)CC2)CC1
C1CCC(CCC2CCC(CCCCCC3CCCC(CC4CCCCC4)C3)CC2)CC1
C1CCC(C2CCC(C3CCCC(C4CCCC4)C3)CC2)CC1
C1CCC(CC2CCC(C3CCCCC3CC3CCCCC3)C(CCC3CCCC(C4CCCCC4)C3)C2)CC1
C1CCC(CCCCCC2CCC(C3CCCCC3C3CCCCC3)CC2)CC1
C1CCC(CCCC2CCCC(CCC3CCCCC3)C2)CC1
C1CCC(CCC2CCCCC2)CC1
C1CCC(CC2CC(C3CCCCC3)C3CCCCC23)CC1
C1CCC(CCC2CCC(C3CCCCC3)CC2)CC1
C1CCC(CCC2CCC(C3CCCC(C4CCCC(CC5CCCCC5)C4)C3)CC2)CC1
C1CCC(C2CCC(CC3CCC(C4CCCCC4)CC3)CC2)CC1
C1CCC(C2CC(C3CCCCC3)CC(C3CCCC3)C2)CC1
C1CCC(CC2CCCCC2C2CC3CCCCC3C(C3CCCCC3)C2)CC1
C1CCC(C2CCCCC2CC(C2CCCCC2)C2CCC2)CC1
C1CCC(CCC2CCC(C3CCCCC3)CC2)CC1
C1CCC(CC2CCCC(CCC3CCCC(C4CCCC(C5CCCCC5)C4)C3)C2)CC1
C1CCC(C2CCC(CC3CCC(C4CCC5CCCCC54)CC3)CC2)CC1
C1CCC(CC2CCC(CC3CC(CCCC4CCC(C5CCCCC5)CC4)C4CCCCC34)CC2)CC1
C1CCC(CCCC2CCC(C3CCCCC3)CC2C2CCCC(CC3CCCCC3)C2)CC1
C1CCC(C2CCCC(C3CCCCC3C3CCCCC3)C2)CC1
C1CCC(C2CCCC(C3CCC(CCC4CCCCC4C4CCCCC4)CC3)C2)CC1
C1CCC(CC2CCCC(C3CCCC(C4CCCC4)C3)C2)C1
C1CCC(CCC2CCC(CCC3CCCCC3)CC2)CC1
C1CCC(CC2CCC(CC3CCCCC3C3CCCCC3)CC2)CC1
C1CCC(CCC2CCC(CC3CCC(C4CCCCC4)CC3)CC2)CC1
C1CCC(CC2CCC(CC3CCC(C4CCCC(CC5CCCCC5)C4)CC3)CC2)CC1
C1CCC(C2CCC(CCCC3CCC4CCCCC43)CC2)CC1
C1CCC(CC2CCC(CCC3CCCC(C4CCCCC4)C3)CC2)CC1
C1CCC(CC2CCCCC2C2CCCCC2)CC1
C1CCC(C2CCC(C3CCCC3)CC2)CC1
C1CCC2CC(C3CCCC(C4CCC5CCCCC5C4)C3)CCC2C1
C1CCC(CCC2CCCC(C3CCCC(C4CCC(CC5CCCC5)CC4)C3)C2)CC1
C1CCC(CC2CCCCC2CC2CCCCC2)CC1
C1CCC(CC2CCC(C3CCCC3)C(C3CCCC(C4CCCC4)C3)C2)CC1
C1CCC2CC(C3CCC4CCCCC43)CCC2C1
C1CCC(CCC2CC3CCC(C4CCCCC4)CC3C(C3CCCCC3)C2)CC1
C1CCC(CC2CCC(C3CCCCC3CC3CCCCC3)CC2)CC1
C1CCC(CCC2CCCC(CCCC3CCC(C4CCCCC4)CC3)C2)CC1
C1CCC(CCCCCC2CC(CC3CC3)C(C3CCCC3)C(C3CCCCC3)C2)CC1
C1CCC(C2CCC(CCCC3CCCC(C4CCCCC4)C3)CC2)CC1
C1CCC(C2CCCC(CCC3CCCC(C4CCCCC4)C3)C2)CC1
C1CCC(CC2CCCC(C3CCC(C4CCCCC4)C3)C2)CC1
C1CCC(C2CCCC(C3CCCCC3)C2)CC1
C1CCC(C2CCC(C3CCCCC3C3CCCC3)C(C3CCCC3)C2)CC1
C(CCCC1CCCCC1C1CCCCC1)CCC1CCCCC1
C1CCC(C2CCC(C3CCC(C4CCCCC4C4CCCCC4)CC3)CC2)CC1
C1CCC(CC2CCC(CC3CCC(C4CCCC4)CC3)CC2)CC1
C1CCC(C2CCCC(CCCC3CC(CC4CCCC(C5CC5)C4)C4CCCCC34)C2)CC1
C1CCC(C2CCC(CC3CCCCC3C3CCCCC3)CC2)CC1
C1CCC(CC2CC(C3CCCC(CC4CC4)C3)C3CCCCC23)CC1
C1CCC(CCC2CCCCC2CC2CCCCC2)CC1
C1CCC(C2CCCCC2C2CCCCC2C2CCCCC2)CC1
C1CCC(C2CCCC(C(C3CCCCC3)C3CCC4CCCCC4C3)C2)CC1
C1CCC(CC2CCC(CC3CC(C4CCCCC4)CC(C4CC4)C3)CC2)CC1
C1CCC(CCC2CCCC(CC3CCCCC3)C2)CC1
C1CCC(C2CCC(C3CCCCC3)CC2)CC1
C1CCC(C2CCCC(C3CCCCC3)C2)CC1
C1CCC(C2CCCC(C3CCC(CCC4CC4)CC3)C2)CC1
C1CCC(CCC2CC(C3CCCC3)CC(CCC3CCCC3)C2CC2CCCCC2CC2CCCCC2)CC1
C1CCC(CCC2CCC(CC3CCC(CC4CCCCC4)CC3)CC2)CC1
C1CCC(CCC2CCC(C3CCCC(C4CCCCC4CC4CCCCC4)C3)CC2)CC1
C1CCC(CCC2CCCC(CC3CCCCC3)C2)CC1
C1CCC(C(CC2CCCC(C3CCCC3)C2)C2CCCCC2)CC1
C1CCC(C2CCCCC2C2CCC3CCCC3C2)CC1
C1CCC(C2CCCC(C3CCC4CCCCC43)C2)CC1
C1CCC(CC2CCC(C3CCCC(C4CCCC4)C3)C2)CC1
C1CCC(CCC2CCCC(C3CCC4CCCC4C3)C2)CC1
C1CCC(C2CCC(CC3CCC(C4CCCC4)CC3)C(C3CCCCC3)C2)CC1
C1CCC(C2CC(C3CCCCC3)C(C3CCCCC3)C3CCCC23)CC1
C1CCC(CC2CCC(CC3CCCC(C4CCCC(CC5CCCCC5)C4)C3)CC2)CC1
C1CCC(CC2CCC(CC3CCC(CC4CCCCC4)CC3)CC2)CC1
C1CCC(C2CCCCC2C2CCCCC2)CC1
C1CCC(C2CCC(C3CCCC(CC4CC5CCCCC5C4)C3)CC2)C1
C1CCC(CCC2CCCC(CC3CCCCC3)C2)CC1
C1CCC(CC2CCCC(C3CCCCC3)C2)CC1
C1CCC(C2CCC(CC3CCCC(CC4CCCC5CCCCC54)C3)CC2)CC1
C1CCC(CCC2CCCC(CC3CCCC(C4CCC(CC5CCCCC5)CC4)C3)C2)CC1
C1CCC(CC2CCCCC2CCCC2CC3CCCCC3C2)CC1
C1CCC(CC2CCCCC2C2CCCCC2)CC1
C1CCC(CC2CCC(C3CCCCC3)C(CC3CCCC(CC4CC4)C3)C2)CC1
C1CCC(CCCC2CCC(C3CCCC(C4CCC(C5CCCCC5)CC4)C3)CC2)CC1
C1CCC(CCC2CCCC(CC3CCCCC3C3CCCCC3)C2)CC1
C1CCC(CC2CCC(C3CCC(CC4CCCCC4)CC3)CC2)CC1
C1CCC(CCC2CCC(CCC3CC(CCC4CCCCC4)C4CCCCC34)CC2)CC1
C1CCC(CC2CCC(C3CCC(C4CCCC(C5CCCC5)C4)CC3)CC2)CC1
C1CCC(CCCC2CCC(CC3CCCCC3)CC2)CC1
C1CCC(CC2CCC(CC3CCCCC3)CC2)CC1
C1CCC(CC2CCC(C3CCCCC3)CC2)CC1
C1CCC(CCCCC2CC(CC3CCCCC3)CCC2C2CCCC(C3CCCC3)C2)CC1
C1CCC(C2CCCC(C3CCC(C4CCCC4)C(C4CCCCC4)C3)C2)CC1
C1CCC(CC2CCCCC2)CC1
C1CCC(CC2CCC(C3CCCC(CC4CCC(CCCC5CC6CCCCC6C5)C4)C3)CC2)CC1
C1CCC(CC2CCC(CCC3CC(C4CCCCC4)CC(C4CCCC4)C3)CC2)CC1
C1CCC(CCC2CCC(CC3CCC(C4CCC(CC5CCCCC5)CC4)CC3)CC2)CC1
C1CCC(CCC(CC2CCCCC2)C2CCCCC2)CC1
C1CCC(CC2CCC(CCC3CCC(C4CCCCC4)CC3)CC2)CC1
C1CCC(C2CCCCC2CCCC2CC(C3CCCCC3)C3CCCCC23)CC1
C1CCC(CCC(CC2CCCCC2)CC2CC(C3CCCCC3)C3CCCCC23)CC1
C1CCC(CC2CCCCC2C2CCC(CC3CCC(C4CC4)CC3)CC2)CC1
C1CCC(C2CCC(C3CCCC(C4CCCCC4)C3)CC2)CC1
C1CCC(CC2CCCC(C3CCCCC3)C2)CC1
C1CCC(CCC2CCC(C3CCCCC3)CC2)CC1
C1CCC(CCC2CCCCC2CCC2CC3CCCCC3C2)CC1
C1CCC(C2CCCC(CC3CCC(C4CCCC(CC5CCC5)C4)CC3)C2)CC1
C1CCC(CCC2CCCC(CC3CCC(C4CCCCC4)CC3)C2)CC1
C1CCC(C2CCC(CC3CCCCC3C3CCCCC3)CC2)CC1
C1CCC(CC2CCCC(C3CCCCC3)C2)CC1
C1CCC(CCC2CCCCC2C2CCC(C3CCCCC3)CC2)CC1
C1CCC(C2CCCC3CC(C4CCCCC4CC4CCCCC4C4CCCC4)CCC32)CC1
C1CCC(CC2CCC(C3CCCC(C4CCC(C5CCCC5)CC4)C3)CC2)CC1
C1CCC2C(C1)CCCC2C1CCCC1C1CCCC1
C1CCC(C2CCC(C3CCC(C4CCCCC4)CC3)CC2)CC1
C1CCC(CC2CC(C3CCCCC3)C3CCCCC23)CC1
C1CCC(C2CCCCC2CC2CCC(C3CCCCC3C3CCCC3)CC2)CC1
C1CCC(CC2CCCCC2CC2CCCCC2)CC1
C1CCC(C2CCC3CC(CC4CCC(C5CCCC(CCC6CC6)C5)CC4)CCC3C2)CC1
C1CCC(C2CCCC(C3CC(C4CCCC(CC5CCC6CCCCC65)C4)CCC3C3CCCC3)C2)CC1
C1CCC(CC2CCC(C3CCCCC3)CC2)CC1
C1CCC(CCCC2CCCC(CC3CCCC(C4CCCC(C5CCCCC5)C4)C3)C2)CC1
C1CCC(CC2CCC(C3CCCC(C4CCC(C5CCCCC5)CC4)C3)CC2)CC1
C1CCC(CC2CCC(C3CCC(C4CCCCC4)CC3)C(CCC3CCCC3)C2)CC1
C1CCC(CCC2CCCCC2C2CCCCC2C2CCCC(C3CCCCC3)C2)CC1
C1CCC(CC2CCCC(C3CCCCC3)C2)CC1
C1CCC(CC2CCC(C3CCCC(C4CCCCC4C4CCCC4)C3)CC2)CC1
C1CCC(C2CC(C3CCC(C4CCC5CCCCC5C4)CC3)CC2C2CCCC2)CC1
C1CCC(CC2CCC(CC3CCCCC3C3CCCC3)CC2)CC1
C1CCC(C2CCC(C3CC(C4CCCCC4C4CCC5CCCCC5C4)C3)CC2)CC1
C1CCC(C2CCC(C3CCCC(CC4CCC5CCCCC54)C3)CC2)CC1
C1CCC(C2CCCC(C3CCCCC3)C2)CC1
C1CCC(C2CCCC(CC3CCC(CCCCC4CC5CCCCC5C4)CC3)C2)CC1
C1CCC(C2CCCC(C3CCCCC3)C2)CC1
C1CCC(CC2CCC3CCC(C4CCCC(CC5CCC6CCCCC65)C4)CC3C2)CC1
C1CCC(C2CCCC(CCC3CCC(CC4CCCCC4C4CCCCC4)CC3)C2)CC1
C1CCC(CC2CCC(CCC3CCCC(C4CCCCC4)C3)CC2)CC1
C1CCC(C2CCC(CCC(C3CCCCC3)C3CCCCC3)CC2)CC1
C1CCC(CC2CC(CCC3CCC(C4CCCC4)CC3)CC(C3CCCCC3)C2C2CCCC2)CC1
C1CCC(CC2CCC(CC3CCC(C4CCCC(C5CC5)C4)CC3)CC2)CC1
C1CCC(CCCCC2CCC(CC3CCCCC3)CC2)CC1
C1CCC(CC2CCCC(C3CCCCC3)C2)CC1
C1CCC(CCCCC2CCCC(C3CCCCC3)C2)CC1
C1CCC(CC2CCCC(C3CCCCC3)C2)CC1
C1CCC(CC2CCCC(C3CCCC(C4CCCCC4)C3)C2)CC1
C1CCC(CC2CCC(C3CCC4C(CCCC4C4CCCCC4)C3)CC2)CC1
C1CCC(C2CCC(C3CCCC3)C(C3CCCCC3)C2)CC1
C1CCC(C2CCCC(C3CCC(CC4CCC4)CC3)C2)CC1
C1CCC(CCCC2CC(CC3CCCCC3)CCC2C2CCCCC2)CC1
C1CCC(CCCCCC2CCCCC2)CC1
C1CCC(C2CCC(CC3CC(CC4CCCC4)C4CCC(C5CCCCC5)CC34)CC2)CC1
C1CCC(CCCCC2CCC(CC3CCCC(CC4CCCCC4)C3)CC2)CC1
C1CCC(CCC2CCC(C3CCCC(C4CC4)C3)CC2)CC1
C1CCC(C2CCC(CCCC3CCCC(C4CCC(CC5CCC5)CC4)C3)CC2)CC1
C1CCC(CCC2CCC(C3CCC(C4CCCC(C5CCCCC5)C4)C3)CC2)CC1
C1CCC(C2CCC(CCCC3CC(C4CCCCC4)CC(C4CCC4)C3)CC2)CC1
C1CCC(CC2CCCCC2C2CCC(CC3CCC4CCCCC43)CC2)CC1
C1CCC(CCC2CCC(C3CCCCC3)CC2)CC1
C1CCC(CC2CCCC3CC(C4CCCC(C5CC(C6CCCCC6)C5)C4)CCC23)CC1
C1CCC(C2CCCC(C3CCC(C4CCC(CCCCC5CCC(C6CCCC6)CC5)CC4)CC3)C2)CC1
C1CCC(C2CCC(CC3CC(C4CCC5CCCC5C4)C4CCCCC34)CC2)CC1
C1CCC(CC2CCC(CCC3CCCCC3C3CCCCC3)CC2)CC1
C1CCC(CCCC2CC(CC3CCCCC3)CC(C3CCCC(C4CCCCC4)C3)C2)CC1
C1CCC(CCC2CCCC(C3CCCCC3)C2)CC1
C1CCC(CCC2CCC(C3CCCCC3)CC2)CC1
C1CCC(CCC2CCCC(C3CCC4CCCCC43)C2)CC1
C1CCC(C2CCC(C3CCCC(C4CCCCC4)C3)CC2)CC1
C1CCC(CCCC2CCC(CC3CCCC(CC4CCCCC4)C3)CC2)CC1
C1CCC(CCCC2CCCCC2C2CC3CCCCC3C2)CC1
C1CCC(CCC2CCCC(C(CC3CCCCC3)C3CCCCC3C3CCCCC3)C2)CC1
C1CCC(CC2CC(CC3CC(C4CCCCC4)C4CCCCC34)C3CCCCC23)CC1
C1CCC(CCC2CCCC(C3CCCC(C4CCCCC4)C3)C2)CC1
C1CCC(CCCCC2CCC(CC3CCC(CC4CCC(C5CCCCC5)CC4)CC3)CC2)CC1
C1CCC(C2CCCC(C3CCCC(C4CCCCC4)C3)C2)CC1
C1CCC(C2CCCC(C3CCCCC3CC3CCCC(CCC4CC4)C3)C2)CC1
C1CCC(CCC(C2CCCCC2)C2CCCCC2)CC1
C1CCC(CC2CCC(C3CCC(C4CCC(CC5CCC6CCCCC65)CC4)CC3)CC2)C1
C1CCC(CCC2CCC(C3CCCCC3)CC2)CC1
C1CCC(CCC2CCC(CCC3CCCCC3C3CCCCC3CC3CCCCC3)CC2)CC1
C1CCC(CC2CCCCC2C2CCCCC2)CC1
C1CCC(CCC2CCC(C3CC(C4CCCCC4)C4CCCCC34)CC2)CC1
C1CCC(C2CCCCC2C2CCC3CCCC3C2)CC1
C1CCC(CC2CCC(C3CCC(C4CCCCC4)CC3)CC2)CC1
C1CCC(CC2CCC(C3CCCCC3)C(C3CCCCC3)C2)CC1
C1CCC(CCC2CCC(C3CCCCC3C3CCC(C4CCCCC4)CC3)CC2)CC1
C1CCC2CC(CC3CCCCC3C3CCCC3)CCC2C1
C1CCC(CCC2CCC(C3CCCCC3)CC2)CC1
C1CCC(CCC2CCCC(C3CCCC(CC4CCCCC4)C3)C2)CC1
C(CCCC1CCCCC1)CCCC1CCCC(C2CCC(CCC3CCC(C4CCC4)CC3)CC2)C1
C1CCC(CCC2CCCC(C3CCC4CCCC4C3)C2)CC1
C1CCC(CCC2CCCC(CC3CC3)C2)CC1
C1CCC(CCC2CCCC(C(CCC3CCCCC3)C3CCCCC3)C2)CC1
C1CC(CCC2CC(C3CCC4CCCCC43)CC3CCCCC32)CC(CC2CC3CCCCC3C2)C1
C1CCC(C2CCC(C3CCC(CC4CC5CCCCC5C4)CC3)CC2)CC1
C1CCC(CC(C2CCCCC2C2CCCCC2)C2CCCC3CCCCC32)CC1
C1CCC(C2CCCC2)CC1
C1CCC(CCC2CC(CC3CCCCC3)C3CCCCC23)CC1
C1CCC(CC2CCC(CC3CCC(C4CCCCC4)CC3)CC2)CC1
C1CCC(CC2CCC(C3CCCC3)CC2)CC1
C1CCC(C2CCC(C3CC(CC4CCCC4)C4CCCCC43)CC2)CC1
C1CCC(C2CCCC(CCCC3CC4CCCCC4C3)C2)CC1
C1CCC(C2CCC(C3CC4CCCCC4C3)CC2)CC1
C1CCC(CCCCC2CCCC(C3CCCC3)C2)CC1
C1CCC(CCCC2CCC(CC3CCC(C4CCCCC4)CC3)CC2)CC1
C1CCC(C2CCCCC2C2CCCC3CCCCC32)CC1
C1CCC(C2CC3CCC(CCC4CCC5CCCCC5C4)CC3C2)CC1
C1CCC(CCC2CC(C3CCCCC3)CCC2C2CCCCC2)CC1
C1CCC(CCC2CCC(CC3CCCCC3)CC2)CC1
C1CCC(C2CCC(CC3CCCC(C4CCCCC4)C3)CC2)CC1
C1CCC(CCCCCC2CCCC(C3CCCCC3)C2)CC1
C1CCC(CCCC2CCCC(CC3CCCCC3)C2)CC1
C1CCC(CCC2CCCCC2CC2CCCCC2)CC1
C1CCC(CC2CCC(CC3CCC(C4CCCC(CC5CC5)C4)CC3)CC2)CC1
C1CCC(CC2CC(CC3CCCCC3)CC(C3CCCC3)C2)CC1
C1CCC(CC2CCC(CC3CCCCC3CC3CCC(CC4CCCCC4)C3)CC2)CC1
C1CCC(C2CCC3CC(C4CCC5CCCCC54)CCC3C2)CC1
C1CCC(CCC2CCC(CC3CCCCC3)CC2)CC1
C1CCC(CC2CCCCC2CC2CCC(CC3CC4CCCCC4C3)CC2)CC1
C1CCC(CC2CCCC(C3CCCC(CC4CCCCC4)C3)C2)CC1
C1CCC(CCC2CCC(C3CCCCC3)CC2)CC1
C1CCC(CC2CCC(CCC3CC4CCC(C5CCCCC5)CC4C3)CC2)CC1
C1CCC(CCCC2CCC(C3CCC(CC4CCC(C5CCCCC5)C4)CC3)CC2)CC1
C1CCC(CC2CC(CCC3CCC(C4CCCCC4)CC3)C3CCCCC23)CC1
C1CCC(C2CCC(C3CCC4CCCCC43)CC2)CC1
C1CCC(CC2CCC3C(C2)CC(C2CCC4CCCCC42)CC3C2CCCCC2)CC1
C1CCC(CCC2CC(CCC3CCCCC3)CC(C3CCCCC3)C2)CC1
C1CCC(C2CCCCC2C2CCCCC2C2CCC(CC3CCC(C4CCCC(CC5CC5)C4)CC3)CC2)CC1
C1CCC(CC2CCCCC2C2CCC(C3CCCCC3)CC2C2CCCC2)CC1
C1CCC(C2CCC(CCC3CC4CCCCC4C3)CC2)CC1
C1CCC(CC2CCCC(CC3CCC(C4CCC(C5CCCC5)C(C5CCCC5)C4)CC3)C2)CC1
C1CCC(CCC2CCC(CCC(CC3CCCCC3)CC3CCCCC3)CC2)CC1
C1CCC(CCCC2CCC(C3CCCCC3C3CCC4CCCC4C3)CC2)CC1
C1CCC(CCC2CCC(CC3CCCCC3)CC2)CC1
C1CCC(CCC2CCC(CC3CCC(C4CCCC4)CC3)CC2)C1
C1CCC(CC2CCCC3CC(C4CCCCC4)CCC23)CC1
C1CCC(CC2CCC(C3CCCC(C4CCCCC4)C3)CC2)CC1
C1CCC(C2CCCC3CC(C4CCC(C5CCCC5)CC4C4CCCC4)CCC32)CC1
C1CCC(CC2CCCC(C3CCCC(C4CCCCC4)C3)C2)CC1
C1CCC(C2CCC3C(CCC3C3CCCC(C4CCCC4)C3)C2)CC1
C1CCC(CCCC2CCCC(C3CCCCC3)C2)CC1
C1CCC(C2CC3CCCCC3C(C3CCCCC3)C2)CC1
C1CCC(CCC2CCC(CC3CCCCC3)CC2)CC1
C1CCC(CC2CCC(C3CCCCC3)CC2)CC1
C1CCC(CCCC2CCC(CC3CCCCC3)CC2)CC1
C1CCC(CC2CCCCC2C2CCC3CCCCC32)CC1
C1CCC(C2CCC(C3CCCC(C4CCC(C5CCCC5)CC4)C3)CC2)CC1
C1CCC(CC2CCC(CC3CCC4CCCC(C5CCCCC5)C4C3)CC2)CC1
C1CCC(CC2CC(CC3CCCCC3C3CCC4CCCCC43)C3CCCCC23)CC1
C1CCC(CC2CCCC(CC3CCCCC3C3CCCCC3)C2)CC1
C1CCC(C2CCCCC2)CC1
C1CCC(CC2CCC(C3CCCCC3)CC2)CC1
C1CCC(C2CCCC(CC3CCCCC3C3CCCCC3)C2)CC1
C1CC(CC2CCC3CCCCC3C2)CC(CC2CCC3CCCCC32)C1
C1CCC(C2CCCC(C3CCCCC3)C2)CC1
C1CCC(C2CCC(CCC3CCCC(C4CCCCC4)C3)CC2)CC1
C1CCC(CC2CCC(CC3CCCCC3C3CCCC3)CC2)CC1
C1CCC(CC2CCC(C3CCCCC3CC3CCCCC3)C(C3CCC4CCCC4C3)C2)CC1
C1CCC(C2CCC(C3CCCCC3)C(C3CCCC3)C2)CC1
C1CCC(CC2CCCC(C3CCCC(C4CCCCC4)C3)C2)CC1
C1CCC(CCC2CCC(C3CCC(CC4CCCCC4)CC3)CC2)CC1
C1CCC(C2CCCC(CCCC3CCCC4CCCCC43)C2)CC1
C1CCC(CC2CCC(CC3CCC(C4CCCCC4C4CCCC4)CC3)CC2)CC1
C1CCC(CCC2CCCC(C3CCC4CCCC4C3)C2)CC1
C1CCC(CC2CCCC(C3CCC(C4CCCCC4)CC3)C2)CC1
C1CCC(CC2CCCCC2CCCC2CCC(CCC3CCCC(C4CCCCC4)C3)CC2)CC1
C1CCC(CCC2CCC(CC3CCCCC3)CC2)CC1
C1CCC(CCC2CCC(C3CCC(C4CCCCC4)CC3)CC2)CC1
C1CCC(CC2CCCC(C3CCCCC3)C2)CC1
C1CCC(C2CCC(CC3CC3)CC2CCCC2CC(C3CCCCC3)C3CCCCC23)CC1
C1CCC(CC2CCC(C3CCCCC3)CC2)CC1
C1CCC(CC2CCC(C3CCCCC3)C(C3CCCCC3)C2)CC1
C1CCC(CCC2CCCC(C3CCCC(C4CCCCC4)C3)C2)CC1
C1CCC(CC(C2CCCCC2)C2CCCCC2)CC1
C1CCC(CCCC2CCC(CC3CCCCC3)CC2)CC1
C1CCC(CC2CCCC(C3CCCCC3)C2)CC1
C1CCC(CCC2CC(C3CCC(C4CCCCC4)CC3)C3CCCCC23)CC1
C1CCC(CC2CCC(C3CCCCC3C3CCCCC3C3CCCC(CCC4CCCC4)C3)CC2)CC1
C1CCC(C2CCC(C3CC(CC4CCCC4)C4CCCCC43)CC2)CC1
C1CCC(C2CCCCC2C2CCC3CCCCC3C2)CC1
C1CCC(CCC2CCCC(C3CCCCC3C3CCCC3)C2)CC1
C1CCC(CC2CCC(CC3CCC(C4CCCCC4)CC3)CC2)CC1
C1CCC(C2CCCC(C3CCCCC3)C2)CC1
C1CCC(CC2CCC(C3CCCCC3)CC2)CC1
C1CCC(CC2CCCC(C3CCCC(C4CCCCC4)C3)C2)CC1
C1CCC(CC2CCC(C3CCC(C4CCCC(C5CCCCC5)C4)C4CCCC34)CC2)CC1
C1CCC(C2CCCC(CC3CCC4CC(C5CCC6CCCCC65)CC(C5CCCCC5)C4C3)C2)CC1
C1CCC(CC2CCC(CC3CCCCC3C3CCCCC3)CC2)CC1
C1CCC(C2CCCCC2CC2CCCCC2C2CCCC2)CC1
C1CC2CCC(C3CCCCC3CCC3CCCCC3C3CCCC3)CC2C1
C1CCC(CC2CCCC(C3CCC(C4CCCCC4C4CCCC5CCCCC54)CC3)C2)C1
C1CCC(CCCC2CCCC(C3CCC(C4CCCCC4)CC3C3CCCCC3)C2)CC1
C1CCC(CCC2CCC3CC(C4CCCCC4)CCC23)CC1
C1CCC(C2CCC(CCCC3CCCC(C4CCCCC4)C3)CC2)CC1
C1CCC(CCCCC2CCC(CC3CCCCC3)CC2)CC1
C1CCC(CCCCC2CCCC(C3CCCC(C4CCC4)C3C3CCCCC3)C2)CC1
C1CCC(CC2CCC(CC3CCCCC3)CC2)CC1
C1CCC(C2CCC(C3CCCCC3C3CCC4CCCC4C3)C(C3CCCCC3)C2)CC1
C1CCC(C2CCC3CC(CC4CCCC4)CCC3C2)CC1
C1CCC(CC2CCC(C3CCCCC3)CC2C2CCCCC2)CC1
C1CCC(CC2CCCC2CCC2CCC(C3CCCCC3)CC2)CC1
C1CCC(CC2CCCC(C3CCCCC3C3CCCCC3)C2)CC1
C1CCC(C2CCC3C(CCCC3C3CCCCC3)C2)CC1
C1CCC(CC2CCC(CC3CCC(C4CCCCC4)CC3)CC2)CC1
C1CCC(CC2CCCCC2CC2CCCCC2C2CCCCC2)CC1
C1CCC(C2CCCC(C3CCC4CC(C5CCCCC5C5CCCCC5)CC4C3)C2)CC1
C1CCC(CC2CCC(C3CCCC(CC4CCCCC4)C3)CC2)CC1
C1CCC(C2CCCC(C3CCCCC3)C2)CC1
C1CCC(CCC2CCCC(C3CCCC(C4CCCCC4)C3)C2)CC1
C1CCC(CC2CCC(C3CCCC3)C(C3CCCCC3)C2)CC1
C1CCC(C2CCCC(CC3CCC(C4CCCC4)CC3)C2)CC1
C1CCC(CCCC2CCC(CC3CCCCC3)CC2C2CCCCC2)CC1
C1CCC(CCC2CCCC(C3CCCCC3CC3CCCCC3)C2)CC1
C1CCC(CC2CCCC(CCC3CCCC(C4CCCC(C5CCCCC5)C4)C3)C2)CC1
C1CCC(CC2CCCC(CCCC3CCC(C4CCC5CCCC5C4)CC3)C2)CC1
C1CCC(CC2CCCCC2C2CCCC(C3CCCCC3)C2)CC1
C1CCC(CCC2CCCCC2C2CCC(C3CCCC3)CC2)CC1
C1CCC(C2CCCC3CCC(CCCCC4CCC(C5CCCC5)CC4)CC32)CC1
C1CCC2CC(C3CCC(C4CCCC(C5CCCCC5CCC5CC6CCCCC6C5)C4)CC3)CCC2C1
C1CCC(C2CCCCC2CCC2CCC(C3CCCC3)CC2)CC1
C1CCC(CCC2CCC(C3CC3)CC2CCC2CCC(C3CCCCC3)CC2)CC1
C1CCC(CCCC2CC(C3CCC(C4CC5CCCCC5C4)CC3)CCC2C2CCCCC2)CC1
C1CCC(CC2CCC3CC(C4CCC5CCCCC54)CC(C4CCCCC4)C3C2)CC1
C1CCC(CC2CCCC(CC3CCCCC3)C2)CC1
C1CCC(CCC2CCC(CCCC3CCCC(C4CCC4)C3)CC2)CC1
C1CCC(C2CCC3CC(C4CCCC4C4CCCCC4C4CCCC4)CCC32)CC1
C1CCC(C2CCC3CC(C4CCCCC4C4CCC5CCCC5C4)CCC32)CC1
C1CCC(C2CCCC(C3CCCCC3C3CCCCC3)C2)CC1
C1CCC(CC2CCC(C3CCCC(CC4CCCC4)C3)CC2)CC1
C1CCC(CC2CCCC(CCC3CCC(C4CCCCC4C4CCCCC4)CC3)C2)CC1
C1CCC(CC2CCCCC2C2CCC(C3CCCCC3C3CC3)CC2)CC1
C1CCC(CCC2CC(CC3CCCCC3)CCC2C2CCCC(C3CCCC3)C2)CC1
C1CCC(C2CCCC(C3CCCCC3)C2)CC1
C1CCC(CC2CCC(CC3CCC(C4CCCC4)CC3)CC2)CC1
C1CCC(CCC2CCCC(C3CCCCC3)C2)CC1
C1CCC(CCCCC2CC(CC3CCCC(CCCC4CC4)C3)C3CCCCC23)CC1
C1CCC(C2CC(C3CCCCC3)CC(C3CCCCC3)C2)CC1
C1CCC(CCCCC2CC(C3CCCCC3)CC(C3CCCC3)C2)CC1
C1CCC(CC2CCC(C3CCCCC3)CC2)CC1
C1CCC(CCCC2CCC(C3CCCCC3)CC2)CC1
C1CCC(CC2CC(CCC3CCC(C4CCCCC4)CC3)C3CCCCC23)CC1
C1CCC(CC2CCC(CC3CCCC(C4CCCCC4)C3)CC2)CC1
C1CCC(CCCC2CCC(CC3CCCCC3)CC2)CC1
C1CCC(CC2CCC(CC3CCC(CCC4CCCC(C5CCCC5)C4)CC3)CC2)CC1
C1CCC(C2CCC(C3CCC(C4CCC5CCCCC54)CC3)C(C3CCCCC3)C2)CC1
C1CCC(CC2CCC(C3CCCC(CC4CCC5CCCCC54)C3)C(C3CCCC3)C2)CC1
C1CCC(CC2CCC(CC3CCCC4CCCCC43)C(CCC3CCC4CCCC4C3)C2)CC1
C1CCC(CCCC2CCC(C3CCC(C4CCC(CC5CC5)CC4)CC3)CC2)CC1
C1CCC(CC2CCCC(C3CCC3)C2)CC1
C1CCC(CCCC2CCC(CCC3CCCCC3)CC2)CC1
C1CCC(C2CCCCC2C2CCC(C3CCC(C4CCCC4)CC3)CC2)CC1
C1CCC(CC2CCC(C3CCCCC3)CC2)CC1
C1CCC(C2CCC(C3CC(C4CCCCC4)C4CCCCC43)C(C3CCCCC3)C2)CC1
C1CCC(CCCC2CCC(CC3CCC(C4CCCC(C5CCCCC5)C4)CC3)CC2)CC1
C1CCC(CC2CCC(C3CCCCC3CC3CC(C4CCCCC4)C4CCCCC34)CC2)CC1
C1CCC(CC2CCCC(C3CCCC(C4CCCCC4)C3)C2)CC1
C1CCC(C2CCC(C3CCCCC3)CC2)CC1
C1CCC(CCC2CC(C3CCCCC3C3CCCC3)C3CCCCC23)CC1
C1CCC(CC2CC(C3CCCC3)C3CC(C4CCCCC4)CCC23)CC1
C1CCC(CCC2CCC(CC3CCCC(CC4CCCC(C5CCC(C6CCCC6)CC5)C4)C3)CC2)CC1
C1CCC(C2CCC3C(CC4CCC(CC5CCCC5)CC4)CCC3C2)CC1
C1CCC(CCC2CCC(CC3CCCCC3)CC2)CC1
C1CCC(C2CC(C3CCCCC3)C(CCCCC3CCCC3)C(C3CC3)C2)CC1
C(CCCC1CCC(CC2CCC(C3CCCC(C4CCCC4)C3)CC2)CC1)CCC1CCCCC1
C1CCC(C2CCC(CCC3CCC(C4CCCC5CCCCC54)CC3)CC2)CC1
C1CCC(CCCC2CCC(C3CCCCC3)CC2)CC1
C1CCC(CCCC2CCCC(C3CCCC(CCC4CCCCC4)C3)C2)CC1
C1CCC(C2CCC(C3CCC(CCC4CCCC(C5CCCC5)C4)CC3)CC2)CC1
C1CCC(C(C2CCCC(C3CCCC3)C2)C2CCCCC2C2CCCC2)CC1
C1CCC(CC2CCCC(C3CCCCC3)C2)CC1
C1CCC(CCC2CCC(C3CC(C4CCCCC4)C4CCCCC34)CC2)CC1
C1CCC(C2CCCC(CC3CCCC(C4CCCC4)C3)C2)C1
C1CCC(CC2CCC(CCC3CCCC(CCC4CC4C4CCC(C5CCCCC5)CC4)C3)CC2)CC1
C1CCC(CCC2CCC(CC3CCCCC3)CC2)CC1
C1CCC(CC2CCC(CC3CCC(CC4CCCCC4)C(C4CCCCC4)C3)CC2)CC1
C1CCC(CCC2CCC(C3CCCCC3)C(C3CCCC3)C2)CC1
C1CCC(CC2CCCC(CCC3CCC(CC4CCC(CC5CCCC5)CC4)CC3)C2)CC1
C1CCC(CCC(CC2CCCCC2C2CCCCC2)C2CCCCC2)CC1
C1CCC(CC2CCC(C3CCCCC3)C(C3CCC4CCCC4C3)C2)CC1
C1CCC(CC2CCC(C3CC(C4CCCCC4)CCC3CC3CCCCC3)CC2)CC1
C1CCC(CC2CCC(C3CCC(C4CCCCC4)CC3)C(C3CCCC3)C2)CC1
C1CCC(C2CCCCC2)CC1
C1CCC(CCCC2CC(C3CCCCC3)C(C3CCCCC3)C(C3CCCC3)C2)CC1
C1CCC(CC2CCC(C3CCCCC3)CC2)CC1
C1CCC(C2CCCCC2CCCC2CCC(CCCC3CCCC3)CC2)CC1
C1CCC(CC2CCC(C3CCC(C4CCCCC4)CC3)C2)CC1
C1CCC(CC2CCCCC2CC2CCC(C3CC4CCCCC4C3)CC2)CC1
C1CCC(CC2CCCC(CC3CCCCC3)C2)CC1
C1CCC(C2CCC(CCC3CCCCC3C3CCCC3)CC2C2CCC3CCCC3C2)CC1
C1CCC(CC2CCC(CC3CCCCC3C3CCCCC3CC3CC3)CC2)CC1
C1CCC(CC2CCCCC2CCC(C2CCCC2)C2CCCC(CCCC3CCC(CC4CCCC4)CC3)C2)CC1
C1CCC(CC2CCCCC2C2CCC(CC3CCCC3)CC2)CC1
C1CCC(CC2CC(CC3CCCCC3)CC(C3CCCC(C4CCCC4)C3)C2)CC1
C1CCC(CC2CCC(C3CCCC3)CC2)CC1
C1CCC(CC2CCC(C3CCCCC3)CC2)CC1
C1CCC(C2CCC(C3CCCCC3)CC2)CC1
C1CCC(C2CCC(C3CC3)CC2CCC2CCC(C3CCCC(C4CCCC4)C3)CC2)CC1
C1CCC(C2CCCCC2C2CCCC(CCCC3CCCC3)C2)CC1
C1CCC(CCC2CCCC(C3CCCC(C4CCCCC4)C3)C2)CC1
C1CCC(CC2CCCC(C3CCCC(CC4CCCC4)C3)C2)CC1
C1CCC(C2CCCC(CCCC3CC(CC4CCCC(C5CCC5)C4)C4CCCCC34)C2)CC1
C1CCC(CC2CCC(CCCCC3CCC4C(CCCC4C4CCC5CCCCC5C4)C3)CC2)CC1
C1CCC(CCCCC2CCCC(CC3CCC(CC4CCCCC4)CC3)C2)CC1
C1CCC(C2CCCC(CCC3CCCC(CCCCC4CCCC4)C3)C2)CC1
C1CCC(CCC2CCC(C3CCCC(C4CCC4)C3)CC2)CC1
C1CC(CC2CCC3CCCC3C2)CC(CC2CCCCC2C2CCCCC2C2CCC3CCCC3C2)C1
C1CCC(CC2CC(C3CCCCC3)CC(C3CCCCC3)C2)CC1
C1CCC(C2CCCC(C3CCCCC3C3CCC4CCCC4C3)C2)CC1
C1CCC(C2CCCC(C3CCCCC3)C2)CC1
C1CCC(C2CCC(C3CCCCC3C3CCC4CCCCC4C3)CC2)CC1
C1CCC(CCCCCC2CCCC(C3CCCCC3)C2)CC1
C1CCC(CCC2CCC(CC3CCC(C4CCC(C5CCCCC5)CC4)CC3)CC2)CC1
C1CCC(CCC2CC(C3CCC3)CC(C3CCCC(CC4CCCCC4)C3)C2)CC1
C1CCC(CCCC2CCC(CC3CCCCC3)CC2)CC1
C1CCC(C2CCCCC2)CC1
C1CCC(CC2CCCCC2C2CCCC(C3CCCCC3)C2)CC1
C1CC(C2CCC(C3CCC(C4CC4)CC3)CC2)CC(C2CCC(C3CC3)CC2C2CCCC2)C1
C1CCC(CC(C2CCCC2)C2CCC3CCCCC3C2)CC1
C1CCC(CC2CCC(C3CCC4CCCCC4C3)CC2)CC1
C1CCC(CC2CC3CCC(C4CCCCC4)CC3C(C3CCCCC3)C2)CC1
C1CCC(CCC2CC(C3CCCCC3)CC(C3CCCCC3)C2)CC1
C1CCC(CCCC2CCC(CCC3CCCCC3)CC2)CC1
C1CCC(C2CCCC(C3CCCCC3C3CC3)C2)CC1
C1CCC(CCCC2CCC(CC3CCC(CC4CCCCC4)CC3)CC2)CC1
C1CCC(CCC2CCCC(C3CC(CC4CCCC4)C4CCCCC43)C2)CC1
C1CCC(CCCC2CCC(C3CCCC4CCCCC43)CC2)CC1
C1CCC(CCC2C(CC3CCCCC3)CCC2C2CCCC(CC3CCCCC3)C2)CC1
C1CCC(CCCC2CCCCC2C2CCC3CC(C4CCCCC4)CCC32)CC1
C1CCC(CC2CCC(CCCC3CCCC(C4CCCCC4)C3)CC2)CC1
C1CCC(C2CCCC(CCC3CCC(CCCCC4CC4)CC3)C2)CC1
C1CCC(C2CC(CCC3CCC4CCCCC4C3)CC(C3CCCC3)C2)CC1
C1CCC(CC2CC3CCCCC3C(C(C3CCCCC3)C3CCCCC3)C2)CC1
C1CCC(C2CC(C3CCC3)CC(C3CC4CCCCC4C3)C2)CC1
C1CCC(CCCC2CCC(CCCC3CC4CCCCC4C3)C(C3CCCC3)C2)CC1
C1CCC(C2CCC(C3CCC(C4CCCC4)CC3)CC2)CC1
C1CCC(C2CCCC(CC3CCC(CC4CC5CCCCC5C4)CC3)C2)CC1
C1CCC(CC2CCC(C3CCC4CC(CC5CCCCC5)CC(C5CCCCC5)C4C3)CC2)CC1
C1CCC(CC2CCCC(C3CC(CC4CCCCC4)CCC3CC3CCCCC3)C2)CC1
C1CCC(CC2CCC(C3CCC(C4CCCC(CC5CCCCC5)C4)CC3)CC2)CC1
C1CCC(CC2CCCC(C3CC(C4CCCCC4)CC(C4CCCCC4)C3)C2)CC1
C1CCC(C2CCC(CC3CCC(CC4CCC(C5CCC5)CC4)CC3)CC2)CC1
C1CCC(CCCC2CCC(C3CCC(CC4CCCCC4)CC3)CC2)CC1
C1CCC(CCCCC2CCC(CC3CCCCC3)CC2)CC1
C1CCC(CCCCCC2CCC(CC3CCCCC3)CC2)CC1
C1CCC(CC2CCCCC2C2CCC(CC3CC4CCCCC4C3)CC2)CC1
C1CCC(C2CCCCC2C2CCC(CCCC3CCC4CCCCC4C3)CC2)CC1
C1CCC(C2CCC(CC3CCCC(C4CCC4)C3)CC2)CC1
C1CCC(C2CC(C3CCCCC3)CC(C3CCCC(CC4CC4)C3)C2)CC1
C1CCC(C2CCCCC2C2CCCC(C3CC3)C2)CC1
C1CCC(CC2CCCCC2C2CCC(C3CCCCC3)CC2)CC1
C1CCC(CC2CCCC(C3CCCCC3)C2)CC1
C1CCC(CCC2CC(C3CC(CC4CCCCC4)C4CCCCC43)CCC2C2CCC2)CC1
C1CCC(CC2CCCC(C3CCCCC3)C2)CC1
C1CCC(CC2CCC(CC3CCCC(C4CCCCC4)C3)CC2)CC1
C1CCC(C2CCCC(C3CCCC(C4CCCCC4)C3)C2)CC1
C1CCC(CC2CCCC(C3CCCCC3)C2)CC1
C1CCC(C2CCCC(CC3CCCCC3C3CCCCC3)C2)CC1
C1CCC(CCC2CCCC(CC3CCCC3)C2)CC1
C1CCC(CCCCC2CCCC(CC3CCCC(CC4CCCCC4)C3)C2)CC1
C1CCC(CC2CCC(C3CCCC(CC4CCC5CCCCC54)C3)CC2)CC1
C1CCC(C2CCC(C3CCCC(C4CCCCC4C4CCCCC4)C3)CC2)CC1
C1CCC(CC2CCC3CC(C4CCC5CCCCC54)CC(C4CCCCC4)C3C2)CC1
C1CCC(CC2CCC(C3CCCCC3C3CCCCC3)CC2)CC1
C1CCC(CC2CCCCC2C2CCCCC2C2CCC3C(CCCC3C3CCCC3)C2)CC1
C1CCC(C2CCCC(C3CCCCC3C3CCCC(C4CCCCC4)C3)C2)CC1
C1CCC(CC2CCCC(C3CCCC(CC4CCCCC4)C3)C2)CC1
C1CCC(C2CC(CC3CCCC(C4CCC5CCCCC54)C3)C3CCCCC32)CC1
C1CCC(CCC2CCCC(CC3CCC(C4CCCCC4)CC3)C2)CC1
C1CCC(CCC2CCC(CC3CCCCC3)CC2)CC1
C1CCC(CC2CCCCC2CC2CCCC3CCCCC32)CC1
C1CCC(CC2CCC(C3CCCCC3)CC2)CC1
C1CCC(CCC2CCCC(CC3CCCCC3)C2)CC1
C1CCC(CCCC2CCC(CC3CCC(CC4CCCCC4)CC3)CC2)CC1
C1CCC(C2CCCC(C(C3CC3)C3CCCCC3C3CCCC3)C2)CC1
C1CCC(C2CCCC(C3CCC(C4CC4)CC3C3CCC4CCCCC43)C2)CC1
C1CCC(CC2CCCCC2C2CCCC(CCCC3CCC4CCCCC4C3)C2)CC1
C1CCC(C2CCC(C3CCC(C4CCCCC4)CC3)CC2)CC1
C1CCC(C2CCC(C3CCCC(CC4CCCC4)C3)CC2)CC1
C1CCC(C2CCCC(C3CCCC(C4CCCCC4)C3)C2)CC1
C1CCC(CCC2CCC(C3CCCC3)CC2)CC1
C1CCC(CCC2CCC(C3CCC(C4CCC(CC5CC6CCCCC6C5)CC4)CC3)CC2)C1
C1CCC(C2CCCCC2)CC1
C1CCC(CCC2CCC3C(CC4CCCCC4)CCC3C2)CC1
C1CCC(C2CCCC(C3CCC(CC4CCCC(C5CCCC5)C4)CC3)C2)CC1
C1CCC(CC2CCC(C3CCCC(C4CCCCC4)C3)CC2)CC1
C1CCC(CC2CCC(C3CCCCC3)CC2)CC1
C1CCC(CC2CCC(CCC3CCCC(C4CCCCC4)C3)CC2)CC1
C1CCC(CC2CC(CCC3CCC(C4CCCCC4)CC3)C3CC(C4CC4)CCC23)CC1
C1CCC(CC2CCC(CC3CCCCC3)CC2)CC1
C1CCC(C2CCC(CC3CCC(CCCC4CCC5CCCC5C4)CC3)CC2)CC1
C1CCC(C2CCCC(CCC3CCC(C4CCCC4)CC3)C2)CC1
C1CCC(CCCCC2C(CCC3CCCCC3)CCCC2CCC2CCCCC2)CC1
C1CCC(C2CCCC(CCCC3CCC(CC4CCCC4)CC3)C2)CC1
C1CCC(CC2CCCCC2C2CCC3C(CCCC3C3CCC(C4CCCCC4)CC3)C2)CC1
C1CCC(C2CCCC(CC3CCCC(C4CCCCC4)C3)C2)CC1
C1CCC(CCCC2CCCC(CCC3CCCCC3)C2)CC1
C1CCC(C2CCC(CC3CCC(C4CCC(C5CCCCC5C5CCCC5)CC4)CC3)CC2)C1
C1CCC(CCC2CCC(C3CCCCC3CC3CCCCC3)CC2C2CCCCC2)CC1
C1CCC(CC(C2CCCCC2)C2CCCC(C3CCCCC3)C2)CC1
C1CCC(C2CCC(C3CCCCC3C3CCCC(C4CCCCC4)C3)CC2)CC1
C1CCC2CC(CCC3CC(C4CCC5CCCCC54)CC4CCCCC43)CC2C1
C1CCC(CCCC(CC2CCCCC2)CC2CCC(CC3CCCCC3)CC2)CC1
C1CCC(CC2CCC(CC3CCCC(C4CCCC(CC5CCCCC5)C4)C3)CC2)CC1
C1CCC(CC2CCC(CC3CCC(CCCC4CC4)CC3)CC2)CC1
C1CCC(C2CCCCC2)CC1
C1CCC(C2CCC(C3CC(CCC4CCC5CCCCC54)C4CCCCC43)CC2)CC1
C1CCC(C2CCCC(C3CCCC(CCC4CCCC4)C3)C2)CC1
C1CCC(CCC(CCC2CCC3C(CCC3C3CCCC3)C2)C2CCCC3CCCCC32)CC1
C1CCC(CC2CCC(CC3CCC(C4CCCC4)CC3)CC2)CC1
C1CCC(CCC2CCC(C3CCC(C4CCCCC4)CC3)CC2)CC1
C1CCC(CC(CC2CCCCC2C2CCCCC2)C2CCCCC2)CC1
C1CCC(CCCCC2CCC(CC3CCCCC3)CC2)CC1
C1CCC(CCC2CCC(CC3CCCCC3)CC2)CC1
C1CCC(C2CCC3CCCC(C4CCCCC4)C3C2)CC1
C1CCC(CC2CCC(C3CCCCC3)CC2)CC1
C1CCC(CC2CCCC(C3CCCCC3C3CCCCC3)C2)CC1
C1CCC(C2CCCC(CC3CC4CCCCC4C3)C2)CC1
C1CCC(CC2C(C3CCCCC3)CCCC2C2CCCC(CC3CC3)C2)CC1
C1CCC(C2CCCC(CC3CCC(C4CCCC(C5CCCCC5)C4)CC3)C2)CC1
C1CCC(CCC2CCC(C3CCCCC3)CC2)CC1
C1CC(CC2CCCC(C3CCC3)C2)CC(CC2CCCC(C3CCC4CCCCC4C3)C2)C1
C1CCC(CCCC2CCC(CC3CCCCC3)CC2)CC1
C1CCC(CC2CCC(CC3CCCCC3)CC2)CC1
C1CCC(CC2CCC(CC3CCC(C4CC(CCCC5CC5)C5CCCCC54)CC3)CC2)C1
C1CCC(CCC2CCC(CC3CCCCC3)CC2)CC1
C1CCC(CCC2CC(CC3CCCCC3)CC(C3CCCCC3)C2)CC1
C1CCC(CCC2CCC(CCC3CCCCC3)C(CCC3CCCC3)C2)CC1
C1CCC(C2CCC(C3CCCCC3)C(C3CCCCC3)C2)CC1
C1CCC(CCCC2CCC(C3CCCC(C4CCC(C5CCCCC5)CC4)C3)CC2)CC1
C1CCC(CC2CCC(CC3CC3)C(CCCCC3CCC(C4CCC5CCCC5C4)CC3)C2)CC1
C1CCC(C2CC(C3CCC4CCCCC43)CC3CCCCC32)CC1
C1CCC(C2CCCCC2C2CCC(C3CCC(CC4CC5CCCCC5C4)CC3)CC2)CC1
C1CCC(C2CCCCC2C2CCC(CC3CC4CCCCC4C3)CC2)CC1
C1CCC(C2CCCC(CC3CCC(CCC4CC4)CC3)C2)CC1
C1CCC(CCC2CCCC(C(CCC3CCCCC3)CC3CCCCC3)C2)CC1
C1CCC(C2CCC3CC(C4CCCCC4)CCC3C2)CC1
C1CCC(C2CCCCC2)CC1
C1CCC(CCCCC2CC(C3CCCCC3C3CCCC3)C3CCCCC23)CC1
C1CCC(CC2CCC(C3CCCCC3)CC2)CC1
C1CCC(CCC2CC(CC3CCC4CCC(C5CCCCC5)CC4C3)CCC2C2CCC2)CC1
C1CCC(CC2CCC(C3CCCCC3)CC2)CC1
C1CCC(C2CCCC3CC(C4CCCCC4C4CCCCC4C4CCCC4)CCC32)CC1
C1CCC(C2CCCC(C3CC(C4CCCCC4)CC(C4CCCC4)C3)C2)CC1
C1CCC(CC2CC(CC3CCCCC3)CC(C3CCCCC3)C2)CC1
C1CCC(CC2CCC(CC3CCC(C4CCCCC4)C3)CC2)CC1
C1CCC(C2CCCC(C3CCC(C4CCCC(C5CCC6CCCC6C5)C4)CC3)C2)CC1
C1CCC(C2CCCC(C3CCCCC3C3CCCCC3)C2)CC1
C1CCC(CC2CCCC(CCCC3CC(C4CCCCC4)C4CCCCC34)C2)CC1
C1CCC(CC2CC(CC3CCCCC3)CC(C3CCCCC3)C2)CC1
C1CCC(C2CCC(CC3CCC(CC4CC4)CC3)CC2C2CCCCC2)CC1
C(CCCC1CC2CCCCC2C1)CCC1CCCC(C2CCCCC2)C1
C1CCC(C2CCCC(C3CCCCC3)C2)CC1
C1CCC(C2CCC2)CC1
C1CCC(C2CCCC(C3CCC4CCCCC4C3)C2)CC1
C1CCC(CC2CCC(C3CCCCC3)CC2)CC1
C1CCC(CCC2CCCC(C3CCCC(C4CCCCC4)C3)C2)CC1
C1CCC(CC2CCCCC2CC2CCCCC2)CC1
C1CCC(C2CC(C3CCC4CCCCC43)CC3CCCCC32)CC1
C1CCC(CC2CCCC(C3CCCC(C4CCCC4)C3CC3CC4CCCCC4C3)C2)CC1
C1CCC(C2CCCCC2C2CCCCC2)CC1
C1CCC(C2CCCCC2C2CCCCC2CC2CC3CCCCC3C2)CC1
C1CCC(C2CCCCC2)CC1
C1CCC(CC2CCC(CCC3CCCC(CC4CCCCC4)C3)CC2)CC1
C1CCC(CC2CCCCC2CC2CCCCC2)CC1
C1CCC(C2CC3CCCCC3C(C3CCCCC3)C2)CC1
C1CCC(C2CCCCC2)CC1
C1CCC(C2CCCC(CCC3CCC(C4CCCCC4C4CCCCC4)CC3)C2)CC1
C1CCC(C2CCCC(CC3CCCC(C4CCCCC4)C3)C2)CC1
C1CCC(CC2CCC3CC(C4CCCCC4)CCC3C2)CC1
C1CCC(C2CCCC(C3CCCCC3)C2)CC1
C1CCC(CC2CCCC(C3CCCC(C4CCCCC4)C3)C2)CC1
C1CCC(CC2CCC(C3CCC(C4CCCCC4)CC3)C(C3CCCCC3)C2)CC1
C1CCC(CC2CC(C3CCC4CCCCC43)CCC2C2CCCCC2)CC1
C1CCC(C2CCCCC2)CC1
C1CCC(C2CCCC(CCC3CCC(C4CC5CCCCC5C4)C3)C2)CC1
C1CCC(C2CCCCC2C2CCC3C(CCCC3C3CCCC3)C2)CC1
C1CCC(CCC2CCCC(C3CCCC(C4CCCCC4)C3)C2)CC1
C1CCC(CCC2CCCC(C3CCCCC3)C2)CC1
C1CCC(CCC2CCCCC2)CC1
C1CCC(C2CCCCC2CC2CCCC(C3CCCC(CCC4CCCCC4C4CCC4)C3)C2)CC1
C1CCC(CCCC2CCCC(C3CCCCC3)C2)CC1
C1CCC(CC2CC(C3CCCCC3)CCC2CC2CCCC2)CC1
C1CCC(CCC2CCC(CC3CC4CCCCC4C3)C(C3CCCCC3)C2)CC1
C1CCC(CC2CCC(CC3CCC(C4CCCC(CC5CCCCC5)C4)CC3)CC2)CC1
C1CCC(CCC2CCC(C3CCC(C4CCC4)CC3C3CCCCC3)CC2)CC1
C1CCC(CC2CCC(CC3CCC(C4CCC(CC5CCCCC5)CC4)CC3)CC2)CC1
C1CCC(CC2CCCC(C3CCCC(CC4CCCCC4)C3)C2)CC1
C1CCC(CCC2CCCC(CC3CCCCC3)C2)CC1
C1CCC(CC2CCC(CC3CCCC(C4CCCCC4)C3)CC2)CC1
C1CCC(CC2CCC(C3CCC(CC4CCCCC4)C3)CC2)CC1
C1CCC(CC2CCC(CC3CCCCC3)CC2)CC1
C1CCC(CC2CCC(C3CCCCC3C3CCCCC3)CC2)CC1
C1CCC(CCC2CCCCC2CC2CCCCC2)CC1
C1CCC(CCC2CC3CCC(C4CCCCC4)CC3C(C3CCCCC3)C2)CC1
C1CCC(CC2CCC(CC3CCCCC3C3CCC(C4CCCC(CC5CCCCC5)C4)CC3)CC2)CC1
C1CCC(C2CCCCC2C2CCCCC2)CC1
C1CCC(CCC2CCC(C3CCCC(C4CCCCC4)C3)CC2)CC1
C1CCC(CCCC2CCCCC2)CC1
C1CCC(CCCC2CCCCC2C2CCCC(CC3CCCCC3)C2)CC1
C1CCC(CC2CCC(CCCC3CCCC(CC4CCCCC4)C3)CC2)CC1
C1CCC(CC2CCC(CCCC3CCC(C4CC5CCCCC5C4)CC3)CC2)CC1
C1CCC(CC2CCCCC2C2CCCCC2C2CCCCC2)CC1
C1CCC(CC2CCC(CC3CCCC(C4CCC4)C3)CC2)CC1
C1CCC(C2CCCCC2)CC1
C1CCC(CCC2CCCC(C3CCCC(C4CCC(C5CCCC5)CC4)C3)C2)CC1
C1CCC(CC2CCC(CCC3CCC4CCCC(C5CCCCC5)C4C3)CC2)CC1
C1CCC(CC2CCC(C3CCCCC3)C(C3CCC4CCCC4C3)C2)CC1
C1CCC(C2CCC(C3CCCC(CC4CCC5CCCCC54)C3)CC2)CC1
C1CCC(CC2CCCCC2CC2CCCCC2)CC1
C1CCC(CC2CCC3CCCC(CC4CCCCC4)C3C2)CC1
C1CCC(C2CCCC(CC3CC(C4CCCC4)CCC3C3CCCCC3)C2)CC1
C1CCC(C2CCC(C3CCC4C(CCC4C4CC4)C3)C(C3CCC4CCCC4C3)C2)CC1
C1CCC(C2CCCC(CC3CCC4CCCCC43)C2)CC1
C1CCC(C2CCC(C3CCCCC3C3CCCC3)CC2)CC1
C(CCC1CCC(C2CCCCC2)CC1)CCC1CCCC(C2CCCCC2)C1
C1CCC(CC2CCCCC2C2CCCCC2CC2CC3CCCCC3C2)CC1
C1CCC(CCCC2CCCC(C3CCCC(CCC4CCCCC4)C3)C2)CC1
C1CCC(CCCC2CC(C3CCCCC3)C(C3CCCC3)C(C3CCCCC3)C2)CC1
C1CCC(CCCC2CCCC(C3CCC(CCC4CCCCC4)CC3)C2)CC1
C1CCC(CCC2CCC(C3CCCCC3)CC2CCC2CCCCC2)CC1
C1CCC(CCCC2CCCC(CCC3CC4CCCCC4C3)C2)CC1
C1CCC(CCCC2CCC(CCC3CCC3)CC2)CC1
C1CCC(C2CCCCC2C2CCC3CCCC3C2)CC1
C1CCC(CC2CCCC(C3CCCCC3)C2)CC1
C1CC1C1CCC(C2CCC(C3CCC(C4CC4)CC3)CC2)CC1
C1CCC(CCC2CCC(CC3CCCCC3)CC2CCCC2CCC2)CC1
C1CCC(CC2CCC(CCC3CCCC(CC4CCC(C5CCCC5)CC4)C3)CC2)CC1
C1CCC(CCC2CCC(CCC3CCC(CCC4CCCCC4)CC3)CC2)CC1
C1CCC(C2CCCCC2C2CCC(C3CCC4CCCCC4C3)CC2)CC1
C1CCC(CC2CCC(C3CCCCC3C3CCCCC3)CC2)CC1
C1CCC(CCC2CCC(CC3CCC(C4CCCCC4)CC3)CC2)CC1
C1CCC(CC2CCC(CCCCC3CCCC(C4CCCC4)C3)CC2)CC1
C1CCC(CCC2CCCCC2C2CC(CC3CCCC3)C3CCCCC32)CC1
C1CCC(CC2CCCC(C3CC(C4CCCCC4)CC(C4CCC4)C3)C2)CC1
C1CCC(CCCC2CCC3CC(C4CCC5CCCCC54)CC(CC4CCCCC4)C3C2)CC1
C1CCC(CCC2CCCC(CCC3CCC(CC4CCCCC4)CC3)C2)CC1
C1CCC(CC2CCCC(C3CCCCC3)C2)CC1
C1CCC(C2CC(C3CCCC3)CC(C3CCC4CCCC4C3)C2)CC1
C1CCC(CCC2CCC(C3CCCCC3)CC2CCC2CCCCC2)CC1
C1CCC(CC2CCCCC2CC2CCCC(CC3CCC(C4CCCCC4)CC3)C2)CC1
C1CCC(CCCC2CCC(C3CCC4C(CCCC4C4CCCCC4)C3)CC2)CC1
C1CCC(C2CCCCC2C2CCCCC2)CC1
C1CCC(C2CCCC(C3CCC(CC4CCC(CC5CC5)CC4)CC3C3CCCC3)C2)C1
C1CCC(C2CCC(CCC3CCCC(C4CCCCC4)C3)CC2)CC1
C1CCC(CC2CCCCC2C2CCCC(C3CCCCC3)C2)CC1
C1CCC(CC2CCC3CCC(CC4CCCCC4)CC3C2)CC1
C1CCC(CCC2CCCC(C3CCCCC3)C2CCC2CCCCC2)CC1
C1CCC(CC2CCCC(C3CCCC(CC4CCC(C5CCCCC5)CC4)C3)C2)CC1
C1CCC(CC2CCCCC2C2CCCCC2C2CCCCC2)CC1
C1CCC(CC2CCC(C3CCC(CC4CCC(C5CCCC6CCCC65)CC4)CC3)CC2)C1
C1CCC(CC2CCC(CC3CCCC(C4CCC5CCCC5C4)C3)CC2)C1
C1CCC(CCCC2CC3CCCCC3C(C3CCCCC3)C2)CC1
C1CCC(CCC2CCCCC2C2CCC(CC3CCCCC3)CC2)CC1
C1CCC(CC2CCC(CC3CCCC4CCCCC43)CC2)CC1
C1CCC(CCCCC2CCCC(C3CCCC(C4CCC5CCCCC5C4)C3)C2)CC1
C1CCC(CC2CCC(C3CCC(C4CCCCC4)CC3)CC2)CC1
C1CCC(C2CCC(C3CCC(C4CC(C5CCCCC5)C4)CC3)CC2)CC1
C1CCC(C2CCCC(C3CCCCC3)C2)CC1
C1CCC(CCCCC2CCC(CC3CCCC(CC4CCCCC4)C3)CC2)CC1
C1CCC(CCCCC2CCC(C3CCCC(C4CCC(C5CCCCC5)CC4)C3)CC2)CC1
C(CCCC1CCCCC1)CCCC1CCC(CC2CCC(C3CC3)CC2)CC1
C1CCC(CC2CCC(CC3CCCCC3)CC2)CC1
C1CCC(C2CCC(C3CCCC(C4CCC(C5CCCC5)CC4)C3)CC2)CC1
C1CCC(CC2CCCC(C3CCC(C4CCCCC4)CC3)C2)CC1
C1CCC(C2CCCC(CCC3CCC(C4CCC5CCCCC5C4)CC3)C2)CC1
C1CCC(CC2CCC3C(CC4CCCCC4)CC(C4CCCCC4)C3C2)CC1
C1CCC(CCCC2CCCC(C3CCCCC3)C2)CC1
C1CC(CCCC2CC(C3CCC4CCCCC43)CC3CCCCC32)CC(CC2CCCCC2C2CCCC2)C1
C1CCC(CC2CCCC(C3CCCCC3)C2)CC1
C1CCC(CCC2CCC(CCC3CCCC4CC(C5CCCCC5CC5CCCC5)CCC34)CC2)CC1
C1CCC(CC2CCC(CCC3CCC4CCCCC43)CC2)CC1
C1CCC(CC2CCCCC2)CC1
C1CCC(CC2CCC(CCCCC3CCCCC3CC3CCCCC3)CC2)CC1
C1CCC(C2CCCC3CCC(CC4CCCCC4CCC4CCCC4)CC32)CC1
C1CCC(CC2CCC(C3CCCCC3)CC2)CC1
C1CCC(CC2CCCC(C3CC(C4CCCCC4)C4CCCCC34)C2)CC1
C1CCC(CC2CCCC(C3CCC(C4CCCCC4)CC3)C2)CC1
C1CCC(CC2CCC(CCC3CCC4CCCCC4C3)CC2)CC1
C1CCC2CC(CCCC3CCCCC3C3CCC(C4CC4)CC3)CC2C1
C1CCC(C2CCC(CC3C(C4CCCCC4)CCCC3C3CCC3)CC2)CC1
C1CCC(C2CCC(C3CCC4CCCCC43)CC2)CC1
C1CCC(C2CCCC(C3CCC4CC(CCC(C5CCCCC5)C5CCCCC5)CCC43)C2)CC1
C1CCC(C2CCC(C3CCC(C4CCCCC4)CC3)CC2)CC1
C1CCC(CC2CCCCC2C2CCC(C3CCCCC3)CC2)CC1
C1CCC(CC(CC2CC3CCCCC3C2)C2CCCCC2)CC1
C1CCC(CCCC2CCC(CC3CCCCC3)CC2)CC1
C1CCC(CCC2CCCC(C3CCCCC3)C2)CC1
C1CCC(CC2CCCCC2C2CCCCC2C2CCC3CCCC3C2)CC1
C1CCC(CCCCCC2CCC(CC3CCCC4CCCCC43)CC2)CC1
C1CCC(C2CCC(CCC3CCC(C4CCCC4)C(C4CCC5CCCC5C4)C3)C2)CC1
C1CCC(CCCC2CCC(CC3CCC(CC4CCC(CC5CC6CCCCC6C5)CC4)CC3)CC2)CC1
C1CCC(C2CCC(CC3CCC(C4CCCCC4)CC3)CC2)CC1
C1CCC(CC2CCCCC2C2CCCCC2)CC1
C1CCC(C2CC(CC3CCC(C4CC4)CC3C3CC3)CC(C3CC3)C2)CC1
C1CCC(CCC2CC(CC3CCCC(C4CCCCC4)C3)C3CCCCC23)CC1
C1CCC(C2CCC(CC3CCCC3)CC2C2CC3CCCCC3C2)CC1
C1CCC(C2CCC(C3CCCCC3)CC2)CC1
C1CCC(CC2CCCCC2C2CCCCC2)CC1
C1CCC(CCC2CCCC(C3CCCCC3)C2)CC1
C1CCC(CCC2CCC(CC3CCCC3)C(C3CCC4C(CCC4C4CCCC4)C3)C2)CC1
C1CCC(CCC2CCC(C3CCC(C4CCCC4)CC3)C(C3CCCC3)C2)CC1
C1CCC(CCC2CCC(CC3CCCCC3)C(C3CCCCC3)C2)CC1
C1CCC(CCC2CCC(C3CCCCC3)C(C3CCCCC3)C2)CC1
C1CCC(CCC2CC(C3CCCCC3)CC(C3CCCCC3)C2)CC1
C1CCC(CC2CCC(CC3CCC(CC4CCCCC4)CC3)CC2)CC1
C1CCC(CCC2CCC3C(CCC4CCCCC4)CC(C4CCCCC4)C3C2)CC1
C1CCC(C2CC3CCCCC3C(C3CCCCC3)C2)CC1
C1CCC(CC2CCC(C3CCCCC3)CC2)CC1
C1CCC(CC2CCC(CCC3CCC(C4CCCCC4)CC3)CC2)CC1
C1CCC(CCC2CC(C3CC4CCCCC4C3)C3CCCCC23)CC1
C1CCC(CC2CCCCC2C2CCCC(CC3CC4CCCCC4C3)C2)CC1
C1CCC(CC2CCC(CC3CCCCC3)CC2)CC1
C1CCC(C2CCC(C3CC(C4CCCCC4)C3)CC2)CC1
C1CCC(CCC2CCC(CCC3CCCCC3)CC2)CC1
C1CCC(CC2CCCCC2C2CCCC(CC3CC(CC4CCCCC4)C4CCCCC34)C2)CC1
C1CCC(CC2CC3CCC(C4CCCCC4)CC3C(C3CCCC3)C2)CC1
C1CCC(CC2CCC(CCCCCC3CCCCC3CC3CCCCC3)CC2)CC1
C1CCC(CCC2CCC(CCC3CCC(CC4CCC(C5CCCCC5)CC4)CC3)CC2)CC1
C1CCC(C2CCCC(CCC3CCCCC3C3CCCCC3)C2)CC1
C1CCC(C2CCCC(C3CCCCC3C3CCCC(CC4CC4)C3)C2)CC1
C1CCC(CCC2CCC(CCCCC3CC4CCCCC4C3)CC2)CC1
C1CCC(CC2CCCC(C3CCCC(C4CCCCC4)C3)C2)CC1
C1CCC(CC2CCCCC2C2CCCCC2)CC1
C1CCC(C2CCCC(CC3CCC(C4CCCCC4)C3)C2)CC1
C1CCC(CC2CCC(C3CCCCC3)CC2)CC1
C1CCC(CCC2CCC(CC3CCCC(C4CCCCC4)C3)CC2)CC1
C1CCC(C2CCCC(C3CCCC(C4CCCCC4)C3)C2)CC1
C1CCC(C2CCC(CCC3CCC(C4CCCC4)CC3C3CCC(C4CCCC4)CC3)CC2)CC1
C1CCC(CC2CCCC(CC3CCCCC3)C2)CC1
C1CCC(C2CCCC(CC3CCCC(C4CCCCC4)C3)C2)CC1
C1CCC(CC2CCCCC2C2CCC(CC3CC4CCCCC4C3)CC2)CC1
C1CCC(C2CCCC(CC3CCCC(CC4CC5CCCCC5C4)C3)C2)CC1
C1CCC(C2CCC(C3CCCCC3C3CCCCC3C3CCCCC3C3CCCCC3)CC2)CC1
C1CCC(C2CCC(C3CCCCC3C3CCCCC3)CC2)CC1
C1CCC(C2CCC(C3CCCCC3C3CCCCC3C3CCCC3)CC2)CC1
C1CCC(CC2CCCC(C3CCC(CC4CCC4)CC3)C2)CC1
C1CCC(C2CC(C3CCCCC3)CC(C3CCC3)C2)CC1
C1CCC(CC2CCCC(CCC3CCCC(CC4CCC(C5CCCCC5)CC4)C3)C2)CC1
C1CCC(CC2CCCC(C3CCC(C4CCCCC4)CC3)C2)CC1
C1CC(C2CCC(CCC3CCC(CC4CCCCC4C4CCCC4)CC3)CC2)C1
C1CCC(CCC2CCC(CCC3CCC(C4CCCCC4)CC3)CC2C2CCCCC2)CC1
C1CCC(CCCC2CCC(CC3CCCCC3)CC2C2CCCCC2)CC1
C1CCC(CCC2CCC(CCC3CCCCC3)CC2)CC1
C1CCC(CCCC2CCC(CC3CCCCC3)CC2)CC1
C1CCC(CC2CCC(CC3CCCC(C4CCCCC4)C3)CC2)CC1
C1CCC(CCCC2CCCCC2CC2CCCCC2CC2CCCCC2)CC1
C1CCC(CCC2CCC(C3CCCCC3)CC2)CC1
C1CCC(CC2CCCC(CCCCCC3CCCCC3CC3CCCCC3)C2)CC1
C1CCC(CC2CCCC(C3CC(C4CCCCC4)CC(C4CCCCC4)C3)C2)CC1
C1CCC(C2CCCCC2C2CCCC(C3CC(C4CCCC4)CC(C4CCCC4)C3)C2)CC1
C1CCC(CC2CCC(CC3CCCC(C4CCCCC4)C3)CC2)CC1
C1CCC(C2CCCC(CC3CCCC(C4CCC(C5CCC(C6CCCC6)CC5)CC4)C3)C2)CC1
C1CCC(CC2CCCC(CC3CC(C4CCCCC4)CC(C4CCCC4)C3)C2)CC1
C1CCC(C2CCCC(C3CCCCC3)C2)CC1
C1CCC(CC2CCCC3CCC(C4CCCCC4)CC32)CC1
C1CCC(CCC2CCC(CC3CCCC(C4CCCCC4)C3)CC2)CC1
C1CCC(CC2CCCCC2C2CCC(C3CCCCC3)CC2CC2CCCCC2)CC1
C1CCC(CCCC2CCC(C3CCCC(CC4CCCCC4)C3)CC2)CC1
C1CCC(CCCC2CCCC(C3CCCCC3)C2)CC1
C1CCC(C2CCC(CC3CCC(C4CCCC(C5CCCCC5)C4)CC3)CC2)CC1
C1CCC(C2CCC(C3CCCCC3C3CCC4C(CCCC4C4CCCCC4)C3)CC2)CC1
C1CCC(CCCC2CCCC(C3CCCCC3)C2)CC1
C1CCC(CC2CCCC(CCCCCCC3CCC4CCCCC34)C2)CC1
C1CCC(C2CCCC(CC3CC(C4CCCCC4)C4CCCCC34)C2)CC1
C1CCC(CCC2CC(C3CCC(CC4CCC(C5CCCCC5)CC4)CC3)C3CCCCC23)CC1
C1CCC(C2CCC(C3CCCC(C4CCCCC4)C3)CC2)CC1
C1CCC(CCC2CCC(C3CCCCC3)CC2CC2CCCCC2)CC1
C1CCC(CCC2CCC(CC3CCCCC3C3CCCCC3)CC2)CC1
C1CCC(CCCC2CCCC(CCC3CCCCC3)C2)CC1
C1CCC(CCCC2CCC(CC3CCCCC3)CC2C2CCCCC2)CC1
C1CCC(CC2CCCC(C3CCCCC3C3CCCC(C4CCCC4)C3)C2)C1
C(CCC1CCCC1)CCC1CCC(CC2CCCCC2)CC1
C1CCC(CCCCC2CCCCC2CC2CCCCC2)CC1
C1CCC(CC2CCC(CCC3CCC(C4CCCCC4)CC3)C2)CC1
C1CCC(CCC2CC(CC3CC3)CC(C3CCCCC3)C2)CC1
C1CCC(CC2CCC(CC3CCC(C4CCCCC4)CC3)CC2)CC1
C1CCC(C2CCC(C3CCC4CCCC4C3)CC2)CC1
C(CCCC1CCCCC1)CCCC1CCC(C2CCCCC2)CC1
C1CCC(CCCC2CC(C3CCCCC3)CCC2C2CCCCC2)CC1
C(CCCC1CCC(CC2CCC(CC3CCCCC3)CC2)CC1)CCC1CCCCC1
C1CCC(C2CCCC(C3CCCC(C4CCCC4)C3)C2)CC1
C1CCC(CCC(C2CCC2)C2CCCC(C3CCCCC3)C2)CC1
C1CC(CC2CCCCC2C2CCC3CCCC3C2)CC(C2CC3CCCCC3C2)C1
C1CCC(CC2CCC(CC3CCC4CCCCC4C3)CC2)CC1
C1CCC(CC2CC(C3CCC(C4CCCCC4)CC3)C3CCCCC23)CC1
C1CCC(C2CCC(C3CCCCC3CC3CCCC(C4CCCC4)C3)C2)CC1
C1CCC(C2CCC(CCCC3CCC(C4CCCC(C5CCCC5)C4)CC3)CC2)CC1
C1CCC(C2CCCC(C3CCCC(C4CCCC(C5CCCCC5)C4)C3)C2)CC1
C1CCC(CCCCC2CCC(CCC3CCCCC3)CC2)CC1
C1CCC(CCC2CCCC(C3CCCC3)C2)CC1
C1CCC(CCC2CCCC(C3CCCC(C4CCCCC4)C3)C2)CC1
C1CCC(CC2CCC(CC3CCCCC3)CC2)CC1
C1CCC2CC(CCC3CCCC(C4CCCCC4C4CCCC4)C3)CCC2C1
C1CCC(CCCCC2CCC(C3CCCCC3CC3CCCCC3)CC2)CC1
C1CCC(CC2CCC3C(C4CCCCC4)CC(C4CCCCC4)C3C2)CC1
C1CCC2C(C1)CCC2C1CCC(C2CCCCC2C2CCCCC2C2CCCC2)CC1
C1CCC(CC2CCCC(CC3CCC(C4CCCCC4CC4CCC5CCCC5C4)CC3)C2)CC1
C1CCC(CCC2CCC(CC3CCC(CC4CC4)CC3)CC2)CC1
C1CCC(C2CCC(CC3CCCC(C4CCCCC4)C3)CC2)CC1
C1CCC(CC2CCCCC2C2CCCCC2)CC1
C1CCC(C2CCC(C3CCC(C4CCC4)CC3)CC2)CC1
C1CCC(CC2CCC(C3CCCC(C4CCCCC4)C3)CC2)CC1
C1CCC(C2CCCCC2CC2CC2)CC1
C1CCC(C2CCC3C(CCCC3C3CCCCC3)C2)CC1
C1CCC(CC2CCCC(C3CCCC(C4CCCCC4)C3)C2)CC1
C1CCC(CCC2CCC(CC3CCCCC3)CC2)CC1
C1CCC(CC2CCC(C3CC(CC4CCCC(C5CCCCC5)C4)C4CCCCC43)CC2)CC1
C1CCC(CC2CCCCC2)CC1
C1CCC(CC2CCCC(CC3CCCCC3C3CCC4CCCC4C3)C2)CC1
C1CCC(C2CCCC(CC3CCC4CCCC4C3)C2)CC1
C1CCC(CCC2CCC(CC3CCCCC3)CC2CCC2CCCCC2)CC1
C1CCC(C2CCC(C3CCCC(C4CCCCC4C4CCCC(C5CCCCC5)C4)C3)CC2)CC1
C1CCC(CC2CCCC(C3CCCC(C4CCCC(C5CCCC5)C4)C3)C2)CC1
C1CCC(CC2CCC(C3CCCCC3)C(C3CCC(C4CCCCC4C4CCCCC4)C3)C2)CC1
C1CCC(C2CCC(C3CCCC(C4CCCCC4)C3)CC2)CC1
C1CCC(CC2CCC(C3CCCC(CC4CCCCC4)C3)CC2)CC1
C1CCC(CC2CCC(C3CCCCC3)CC2)CC1
C1CCC(C2CCC(CCCCC3CCC(C4CCCCC4)CC3)CC2)CC1
C1CCC(CCC2CCC(C3CCCCC3C3CCCC3)CC2)CC1
C1CCC(CC2CCC(CC3CCCCC3)CC2)CC1
C1CCC(CCC2CCCC(CC3CCC(C4CCCCC4)CC3)C2)CC1
C1CCC(CCCCC2CCC(CCCC3CCCCC3)CC2)CC1
C1CCC(C2CC(C3CCCCC3)C(C3CCCCC3)C(C3CCCC(C4CCCC4)C3)C2)CC1
C1CCC(CCC2CCCC(C3CCCCC3)C2)CC1
C1CCC(CC2CC(C3CCC4CCCCC4C3)C3CCCCC23)CC1
C1CCC(CCC2CCCC(C3CCC(C4CC4)CC3)C2)CC1
C1CCC(C2CCCC(CC3CCC(CC4CCCC5CC(C6CC6)CCC45)CC3)C2)CC1
C1CCC(C2CCC(CC3CCC(C4CCCC4)CC3)C(C3CCCC3)C2)CC1
C1CCC(CCC2CCCC(C3CCCCC3)C2)CC1
C1CCC(CCCCC2CC(CC3CCCCC3C3CCCCC3)C3CCCCC23)CC1
C1CC(CC2CC3CCCCC3C2)CC(C2CCCC(CC3CCC4CCCCC43)C2)C1
C1CCC(C2CCC(C3CCCC(C4CCC(CC5CCCC5)CC4)C3)CC2)CC1
C1CCC(CC2CCC(C3CCCCC3)CC2)CC1
C1CCC(CC2CC(CCCC3CCC(C4CCCCC4)CC3)C3CCCCC23)CC1
C1CCC(C2CCC3CC(CC4CCC(C5CC6CCCCC6C5)CC4)CCC32)CC1
C1CCC(CCCC2CCC(CC3CCCCC3)CC2)CC1
C1CCC(CC2CCC(C3CCCCC3)CC2)CC1
C1CCC(CC2CCCCC2CCC2CC(C3CCCCC3)CC3CCCCC32)CC1
C1CCC(CCC2CCCCC2C2CCC(CC3CCCCC3)CC2)CC1
C1CCC(CC2CCC(CCC3CCC4CCCC4C3)CC2)CC1
C1CCC(C2CCCCC2C2CCCC2)CC1
C1CCC(C2CCCC(CC3CCCC(CCC4CC5CCCCC5C4)C3)C2)CC1
C1CCC(CC2CCC(CC3CCCCC3C3CCCC3)CC2)CC1
C1CCC(CC2CCC(C(C3CCCCC3)C3CCCC(CCC4CCCC4)C3)CC2)CC1
C1CCC(C2CC(C3CCCCC3)CC(C3CCCC3)C2)CC1
C1CCC(C2CCCCC2C2CCCCC2)CC1
C1CCC(CC2CCC(C3CCCCC3C3CCCCC3C3CCC4CCCC4C3)C(C3CCCCC3)C2)CC1
C1CCC(C2CCC(CC3CCC3)CC2C2CCC3C(CC4CC4)CCC3C2)CC1
C1CCC(CCC2CCCCC2)CC1
C1CCC(CCCCC2CCCC(CC3CCCCC3)C2)CC1
C1CCC(CC2CCC3CC(C4CCC5CCCCC54)CC(C4CCCCC4)C3C2)CC1
C1CCC(C2CCC(CC3CCC(C4CCCCC4)CC3)CC2)CC1
C1CCC(CCC2CCCCC2C2CCC3CCCC3C2)CC1
C1CCC(C2CCC(C3CCCC(C4CCC(C5CCCC5)CC4)C3)C(C3CCCCC3)C2)CC1
C1CCC(CC2CCC(C3CCC(C4CCCCC4)CC3)CC2)CC1
C1CCC(CC2CCC(CC3CC(CC4CCCC(CC5CCCC6CCCCC65)C4)C4CCCCC34)CC2)CC1
C1CCC(CCCC2CCCC(C(C3CCCCC3)C3CCCCC3)C2)CC1
C1CCC(C2CCCC(CC3CC(C4CCCCC4)C4CCCCC34)C2)CC1
C1CCC(CCC2CC(CC3CCCCC3)C3CCC(CC4CCCCC4)CC23)CC1
C(CC1CC1)CC1CCC(CC2CCCC(C3CCC3)C2)CC1
C1CCC(CC2CCC(CC3CCC(CCC4CC4)CC3)CC2)CC1
C1CCC(C2CCCC(C3CCCC(C4CCCCC4CCC4CC5CCCCC5C4)C3)C2)C1
C1CCC(CCC2CCC(CC3CCC(CC4CCC5CCCCC54)CC3)CC2)CC1
C1CCC(CCC2CCCCC2CCCC2CCC(C3CCCCC3)CC2)CC1
C1CCC(CC2CCCC(CC3CCC(C4CCCC(C5CCCCC5)C4)CC3)C2)CC1
C1CCC(CCCC2CCC(C3CCCCC3)CC2)CC1
C1CCC(CCC2CCC(CC3CCCCC3)CC2)CC1
C1CCC(CCCC2CCCCC2CC2CCC3CCCC(C4CCCCC4)C3C2)CC1
C1CCC(CC2CC(C3CCC(CC4CCC(C5CCCCC5)CC4C4CCCC4)CC3)C3CCCCC23)CC1
C1CCC(CCCCC2CC(C3CCCC(C4CCC5CCCCC54)C3)C3CCCCC23)CC1
C1CCC(CC2CCCCC2C2CC3CCCCC3C2)CC1
C1CC2CCC(CC3CCC(CC4CCC(C5CCCCC5C5CCC6CCCC6C5)CC4)CC3)CC2C1
C1CCC(CCCCC2CCCC(C3CCCCC3)C2)CC1
C1CCC(C2CCCC(C3CCCCC3C3CCC(C4CCC(CC5CC5)CC4)CC3)C2)CC1
C1CCC(CCC2CCC(CCC3CCC(CC4CCCC4)CC3)CC2)CC1
C1CCC(CC2CCC(CCC3CCC(C4CCCCC4)CC3C3CC3)CC2)CC1
C1CCC(CC2CCCC(C3CCC(C4CCCC(CC5CCCCC5CC5CCCCC5)C4)CC3)C2)CC1
C1CCC(C2CCC(C3CCCC(C(C4CCCCC4)C4CC4)C3)CC2)CC1
C1CCC(C2CCC(CC3CCC(C4CCCC4)CC3)C(C3CCCCC3)C2)CC1
C1CCC(C2CCC(C3CCCC(C4CCCCC4)C3)CC2)CC1
C1CCC(CCCC2CCCCC2)CC1
C1CCC(CC2CC(CCCC3CCCC3)C3CC(CC4CC(CC5CCCC5)CCC4C4CCC4)CCC23)CC1
C1CCC(CCC2CCCC(C3CCCCC3)C2)CC1
C1CCC(CCC2CCCCC2C2CCCCC2)CC1
C1CCC(CC2CCC3CCC(C4CCCCC4CC4CCCCC4)CC3C2)CC1
C1CCC(C2CCC(CC3CCC(C4CCCCC4)CC3)CC2)CC1
C1CCC(CC2CCC(CC3CCCC(C4CCCCC4)C3)CC2)CC1
C1CCC(CCCC2CCC(CCC3CCCCC3)CC2)CC1
C1CCC(CC2CCC(C3CCC(CC4CC4)CC3)C(CCC3CCC4CCCCC4C3)C2)CC1
C1CCC(CCC2CCCC3CC(CCC4CCC(CC5CCCC(C6CCCC6)C5)CC4)CCC23)CC1
C1CCC(C2CCC(CC3CCCC(CC4CCCCC4C4CCCCC4)C3)CC2)CC1
C1CCC(CCCC2CCCC(CC3CCCC3)C2)CC1
C1CCC(C2CCCC(C3CCCC(C4CCC5CCCCC5C4)C3)C2)CC1
C1CCC(CC2CCCC(C3CCCCC3CC3CCCCC3)C2)CC1
C1CCC(C2CCCC(C3CCCC(C4CCCCC4)C3)C2)CC1
C1CCC(CCCCC2CCCC(C3CCC(CC4CCCCC4)CC3)C2)CC1
C1CCC(CC2CCC(C3CCCCC3)CC2)CC1
C1CCC(C2CCC(CCC3CCCC(C4CCCC4)C3)CC2)CC1
C1CCC(CC2CCC(C3CCCCC3)CC2)CC1
C1CCC(CC2CCC(CCCC3CCCC(C4CCCCC4)C3)CC2)CC1
C1CCC(C2CC(CC3CCCCC3C3CCCCC3)CC(C3CCCCC3)C2)CC1
C1CCC(C(CC2CCC(C3CCC4CCCC4C3)CC2)C2CCC3CCCCC32)CC1
C1CCC(CCCCC2CCC(CC3CCCCC3)CC2)CC1
C1CCC(C2CC(C3CCCCC3)C3CC(C4CCC5CCCC5C4)CCC23)CC1
C1CCC(C2CCCC(CC3CCCCC3CCC3CCC4CCCCC43)C2)CC1
C1CCC(CC2CCC(CC3CCC(C4CCCC(C5CCCC(C6CC6)C5)C4)CC3)CC2)CC1
C1CCC(CCCCC2CCC(CC3CCCCC3)CC2)CC1
C1CCC(C2CCCC(C3CC(C4CCCCC4)CC(C4CCCCC4)C3)C2)CC1
C1CCC(CC2CCCC(C3CCC(CC4CC5CCCCC5C4)CC3)C2)CC1
C1CCC(CC2CCC(CC3CCCCC3)CC2)CC1
C1CCC(C2CCCC(C3CCC4CCCC4C3)C2)CC1
C1CCC(C2CCCCC2CC2CCC(C3CCCC3)CC2)CC1
C1CCC(C2CCC(C3CCCCC3CC3CCCC(C4CCCCC4)C3)CC2)CC1
C1CCC(CC2CCC(C3CCCCC3)C(C3CCCCC3)C2)CC1
C1CCC(C2CCC(C3CCCCC3)CC2)CC1
C1CCC(CC2CCC(CC3CCCC(CC4CC5CCCCC5C4)C3)CC2)CC1
C1CCC(C2CC(C3CC(C4CCCCC4)C4CCCCC34)CC3CCCCC32)CC1
C1CCC(CC2CCC(C3CCCCC3)CC2)CC1
C(CCC1CCC(C2CCCCC2)CC1)CCC1CCC2CCCC2C1
C1CCC(CCCC2CCC(C3CCCCC3C3CCCC(C4CC4)C3)CC2)CC1
C1CCC(C2CCCC(C3CCCCC3C3CCCCC3)C2)CC1
C1CCC(CC2CCCCC2CC2CC3CCCCC3C2)CC1
C1CCC(CCC2CCCC3CC(C4CCCCC4CC4CC4)CC23)CC1
C1CCC(CC2CCC(C3CCCCC3)C(C3CCC4CCCC4C3)C2)CC1
C1CCC(CC2CCCC(C3CCCC(CC4CCC5CCCCC54)C3)C2)CC1
C1CCC(CC(CC2CCCC(C3CCCCC3)C2)C2CCCC(C3CCCCC3)C2)CC1
C1CCC(CC2CCCC(CC3CCCC(C4CCCCC4)C3)C2)CC1
C1CCC(C2CCCC(C3CCC(C4CCCCC4)C3)C2)CC1
C1CCC(CC2CC(C3CCCCC3)CC(C3CCCC3)C2)CC1
C1CCC(C2CCC(C3CC3)CC2C2CCCCC2)CC1
C1CCC(C2CCC(C3CCCCC3C3CCCC3)CC2)CC1
C1CCC(CC2CCC(C3CCCCC3C3CCCCC3)CC2)CC1
C1CCC(CCCC2CCCCC2C2CC3CCCCC3C2)CC1
C1CCC(CCC2CCCCC2C2CCCCC2C2CCCCC2)CC1
C1CCC(C2CCCC(CC3CCCC3)C2)CC1
C1CCC(CCCC2CCC(C3CCC(C4CCC(C5CCCCC5)C4)CC3)CC2)CC1
C1CCC(C2CCCC(C3CCCCC3C3CCCCC3)C2)CC1
C1CCC(CCCC2CCCCC2)CC1
C1CCC(CCC2CCC(CC3CCCCC3C3CCCCC3)CC2)CC1
C1CCC(C2CCCC(C(C3CC3)C3CCC(C4CCCCC4)C3)C2)CC1
C1CCC(CC2CCC(C3CCCCC3)CC2)CC1
C1CCC(CC2CCC(C3CCC4CCCCC4C3)CC2)CC1
C1CCC(C2CCC(C3CCCC3)CC2C2CCC3C(CCC3C3CCCC3)C2)CC1
C1CCC(CCC2CCCC(C3CCCCC3)C2)CC1
C1CCC(CC2CCC(C3CCCCC3C3CCCCC3)CC2)CC1
C1CCC(CCCC2CCC(CC3CCC(CC4CC5CCCCC5C4)CC3)CC2)CC1
C1CCC(CC(C2CCCCC2)C2CCC(C3CCCCC3)CC2)CC1
C1CCC(CC2CCCCC2C2CCC(C3CCCCC3)CC2)CC1
C1CCC(C2CCC(C3CCCCC3C3CCCCC3)CC2)CC1
C1CCC(CC2CCCC(C3CCCCC3)C2)CC1
C1CCC(CC2CCCC(C3CCCCC3C3CCCCC3)C2)CC1
C1CCC(C2CCC(CC3CC(CC4CC5CCCCC5C4)C4CCCCC34)CC2)CC1
C1CCC(CC2CCCC(C3CCCCC3)C2)CC1
C1CCC(CCCC2CCCC(CCC3CCCC(C4CCCCC4)C3)C2)CC1
C1CCC(C2CCCCC2C2CCCC(CC3CC4CCCCC4C3)C2)CC1
C1CCC(CC2CCCC(C3CCCCC3)C2)CC1
C1CCC(CC2CCCCC2C2CCCCC2)CC1
C1CCC(CC2CC(C3CCCC3)CCC2C2CCC3CCCC3C2)CC1
C1CCC(CC2CCC(CCCCC3CCCC(C4CCC(CC5CCCCC5)CC4)C3)CC2)CC1
C(CCC1CCC(CC2CCC(CCC3CCC4CCCC4C3)CC2)CC1)CC1CC1
C1CCC(CC2CCC(C3CCC(C4CCC4)CC3)CC2)CC1
C1CCC(C2CCCC(C3CCCCC3)C2)CC1
C1CCC(CC2CCCC(C3CCCC(C4CCCCC4)C3)C2)CC1
C1CCC(CC2CCC(CC3CCC(C4CC4)CC3)CC2)CC1
C1CCC(CCCCCC2CC(C3CCCC3)CCC2CC2CCCCC2)CC1
C1CCC(CCC2CCC(C3CCC(C4CCCCC4)CC3C3CCCC3)CC2)CC1
C1CCC(CC2CCC(CCC3CCC(CC4CCCCC4)CC3)CC2)CC1
C1CCC(CC2CCC(C3CCC(CC4CCCC4)CC3)CC2)CC1
C1CCC(CC2CC(CC3CCCCC3)C3CC(CCC4CC5CCCCC5C4)CCC23)CC1
C1CCC(CCC2CCC(C3CCC(CC4CCCCC4)CC3)CC2)CC1
C1CCC(CCCC2CCCCC2C2CCC(CCC3CCCCC3)CC2)CC1
C1CCC(C2CCC(C3CCCCC3)CC2)CC1
C1CCC(C2CCCCC2C2CCC(C3CCCC3)CC2)CC1
C1CCC(CC2CCC(CC3CCCCC3)CC2)CC1
C1CCC(C2CCCCC2C2CCCCC2)CC1
C1CCC(C2CCCC(C3CCCC(C4CCCCC4CC4CCCC4)C3)C2)CC1
C1CCC(CC2CCC(CC3CCC(C4CCCC(CC5CC6CCCCC6C5)C4)CC3)CC2)CC1
C1CCC(CCC2CCCC(CC3CCCCC3)C2)CC1
C1CCC(C2CCC(CC3CC(C4CCCCC4)CC(C4CCC4)C3)CC2)CC1
C1CCC(CCC2CCC(C3CCCC(CC4CCCCC4)C3)C2)CC1
C1CCC(CCCC2CCCCC2C2CCC(CC3CCCCC3)CC2)CC1
C1CCC(CC2CCCCC2C2CC(C3CCCC(CC4CC5CCCCC5C4)C3)CC3CCCCC32)CC1
C1CCC(CCC2CCCC(C3CCCCC3)C2)CC1
C1CCC(CC2CCC(C3CC3)CC2CC2CCC(C3CCCCC3)CC2)CC1
C1CCC(CC2CC(C3CCC3)C3CC(C4CCCCC4)CCC23)CC1
C1CCC(C2CCC(CC3CCC(C4CCC(C5CCCC5)CC4)CC3)CC2)CC1
C1CCC(CC2CCC(C3CCC(C4CCCCC4)CC3)CC2)CC1
C1CCC(CCCC2CCCCC2C2CCCCC2)CC1
C1CCC(CC2CCC(CC3CCCCC3)CC2)CC1
C1CCC(C2CCCCC2C2CCCCC2C2CCCCC2C2CCCC2)CC1
C1CCC(C2CCC(C3CCCCC3)C(C3CCCCC3)C2)CC1
C1CCC(CCC2CCCCC2)CC1
C1CCC(CC2CCCCC2C2CCC3C(CCCC3C3CCC(C4CCCCC4)C3)C2)CC1
C1CCC(C2CCC(C3CCC(CC4CCC(C5CC5)CC4)CC3)CC2)CC1
C1CCC(CCC2CCC(CC3CCC(CC4CCCCC4)CC3)CC2)CC1
C1CCC(C2CCC3CCCCC32)CC1
C1CCC(C2CCC(C3CCCCC3)CC2)CC1
C1CCC(C2CCC(C3CCCC(C4CCCC4)C3)CC2)CC1
C1CCC(C2CCC(CC3CCCC4CCCCC43)CC2)CC1
C1CCC(C2CCCCC2C2CCC3CCCC(C4CCCC4)C3C2)CC1
C1CCC(CCCC2CCCC(C3CCCCC3C3CCC4CCCCC43)C2)CC1
C1CCC(C2CCC(CCC3CCC(C4CCCCC4)C3)CC2)CC1
C1CCC(CCC2CCCC(CC3CCCC(C(CC4CCCCC4)C4CCCCC4)C3)C2)CC1
C1CCC(CC2CC(C3CCCCC3CC3CCCCC3)C3CCCCC23)CC1
C1CCC(CC2CCCCC2C2CCC(C3CCC(CC4CCCC4)CC3)CC2)CC1
C1CCC(CC2CCC(CC3CCC(CC4CCCCC4)CC3)CC2)CC1
C1CCC(CC2CCC(C3CCCCC3)CC2C2CCCC2)CC1
C1CCC(CC2CCC(CC3CCCCC3)CC2)CC1
C1CCC(CCC(CC2CCCCC2)C2CCCCC2)CC1
C(CCC1CCCC1)CCC1CCCC(CCCCC2CC3CCCCC3C2)C1
C1CCC(C2CCC3CC(C4CCC5CCCCC54)CC(C4CCCCC4)C3C2)CC1
C1CCC(C2CCCC(C3CCCCC3)C2)CC1
C1CCC(CCCCC2CCCCC2C2CCCCC2CCC2CCCCC2)CC1
C1CCC(C2CCC(C3CC(C4CCCC(CC5CC5)C4)C4CCCCC34)CC2)CC1
C1CCC(CC2CCC(C3CCCC(CC4CC5CCCCC5C4)C3)CC2)CC1
C1CCC(CC2CCCCC2)CC1
C1CCC(CC2CCC(CC3CCC(C4CC5CCCCC5C4)CC3)CC2)CC1
C1CCC(CCCC2CCC(C3CCCCC3)CC2)CC1
C1CCC(CC2CCCC(C3CCCC(C4CCCC4)C3)C2)CC1
C1CCC(CCCCCC2CCCC(C3CCCCC3CC3CCCCC3)C2)CC1
C1CCC(CCCCC2CCC3C(CCCC3C3CCC(C4CCCCC4)CC3)C2)CC1
C1CCC(CC2CCC(C3CCCC(C4CCCCC4)C3)CC2)CC1
C1CCC(C2CC(C3CCCCC3)CC(C3CCCC3)C2)CC1
C1CCC(CC(CC2CCCCC2)C2CCCCC2)CC1
C1CCC(CC2CC(CCC3CCCC3)CC(C3CCCC(C4CCCC4)C3)C2)CC1
C1CCC(C2CCC(CCC3CCCC(C4CCCCC4)C3)CC2)CC1
C1CCC(CCCCC2CCCCC2CC2CCC(CC3CCCCC3)CC2)CC1
C1CCC(CCC2CCC(CCCC3CCC3)CC2)CC1
C1CCC(CCCCCC2CCCC(C3CCCCC3)C2)CC1
C1CCC(CCC2CCCC(CC3CCCC3)C2)CC1
C1CCC(CC2CCCC(C3CCCCC3)C2)CC1
C1CCC(C2CCC(C3CCCCC3C3CCCCC3)CC2)CC1
C1CCC(CC2CCC3CCC(C4CCCCC4)C3C2)CC1
C1CCC(C2CCCC(CC3CCCCC3C3CCCC(C4CCC5CCCCC5C4)C3)C2)CC1
C1CCC(CC2CC(C3CCCCC3)C3CCCCC23)CC1
C1CCC(CCC2CCC(C3CCCCC3)CC2)CC1
C1CCC(CCCCC2CCCCC2C2CCC(C3CCCC(C4CCCCC4)C3)CC2)CC1
C1CCC(CCCCCC(CC2CCCCC2)C2CCCC(C3CCC3)C2)CC1
C1CCC(CC2CCC(C3CCC(CC4CC4)CC3)CC2)CC1
C1CCC(CC2CC(CCC3CCC(C4CCCCC4)CC3)C3CCCCC23)CC1
C1CCC2C(C1)CCC2CC1CCC(C2CCC3CCCCC32)CC1
C1CCC(CCC2CCC(CCCC3CCC(CC4CCCCC4)CC3)CC2)CC1
C1CCC(CCC2CCCC(C3CC(C4CCCCC4)CC(C4CCCCC4)C3)C2)CC1
C(CCC1CCC(CCC2CCC(C3CCCC(CC4CCCC4)C3)CC2)CC1)CC1CC1
C1CCC(CCC(CCC2CCC(C3CCCCC3)CC2)C2CCCCC2)CC1
C1CCC(CC2CCC(CCC3CCC(C4CCCC4)CC3)CC2)CC1
C1CCC(CC2CCC(CC3CCCC(CC4CCCC(C5CCCCC5)C4)C3)CC2)CC1
C1CCC(C2CCCC(CCC3CCCC3C3CCCCC3)C2)CC1
C1CCC(CC2CCCCC2CC2CCCCC2)CC1
C1CCC(C2CCCC(C3CCC(C4CCCCC4C4CCCCC4)CC3)C2)CC1
C1CCC(CC2CCCC(CCCCCC3CCCC(C4CCCCC4)C3)C2)CC1
C1CCC(C2CCC(CCCC3CCC(CC4CCC4)CC3)CC2)CC1
C1CCC(CCC2CCCC(C3CCCCC3CC3CCC(CC4CCCCC4)CC3)C2)CC1
C1CCC(CC2CCC(CC3CCC(C4CCCCC4)CC3)CC2)CC1
C1CCC(CCCC2CCC(CC3CCCCC3)CC2)CC1
C1CCC(CCCC2CCCCC2CC2CCC(C3CCCC3)CC2)CC1
C1CCC(CC2CCC(C3CCCCC3CC3CCC(C4CCCCC4)CC3)CC2)CC1
C1CCC(C2CCC(C3CCC(C4CCCCC4)CC3)CC2)CC1
C1CCC(CCC2CC(C3CCCC(C4CCCC4)C3)CCC2C2CCCCC2)CC1
C1CCC(CC2CC(C3CCCCC3)C3CCCCC23)CC1
C1CCC(C2CCC(CC3CCCC(C4CCCC4)C3)CC2)CC1
C1CCC(CCCCC2CCC(CC3CCC(CCCC4CCCCC4)CC3)CC2)CC1
C1CCC(CCC2CC(C3CCCCC3)CC(C3CCCC3)C2)CC1
C1CCC(CC2CCCC(CCC3CCCCC3C3CCCCC3)C2)CC1
C1CCC(CC2CC3CCCCC3C(C3CCCCC3)C2)CC1
C1CCC(C2CCCC(CC3CCCC(C4CC(C5CCCCC5)C5CCCCC45)C3)C2)CC1
C1CCC(CCCC2CCCC(C3CCCCC3)C2)CC1
C1CCC(C2CCCC(C3CCC4CCCCC43)C2)CC1
C1CCC(CCC2CC(C3CCCCC3)CC(C3CCCCC3)C2)CC1
C1CCC(CC2CCC3C(CC4CCCC(CCC5CCC(C6CCCC6)CC5)C4)CCC3C2)CC1
C1CCC(CCCCC2CCC(C3CCCCC3C3CCCC3)CC2)CC1
C1CCC(CC2CCCCC2)CC1
C1CCC(CCC2CCC(C3CCCCC3)CC2)CC1
C1CCC(CCC2CCC(C3CCCCC3)C(CC3CCCC(CC4CCCCC4)C3)C2)CC1
C1CCC(CC(C2CCCCC2)C2CCCCC2)CC1
C1CCC(CC2CCC(C3CCCCC3C3CCC4CCCC4C3)CC2)CC1
C1CCC(C2CCCCC2)CC1
C1CCC(C2CCCCC2CCC2CCCCC2C2CCC3CCCCC3C2)CC1
C1CCC(C2CCC(C3CCCC(CC4CC5CCCCC5C4)C3)CC2)CC1
C1CCC(CCC2CCCCC2C2CCCCC2)CC1
C1CCC(CC2CCC(CC3CCCCC3C3CCCC3)CC2)CC1
C1CCC(C2CCCCC2C2CCCC(C3CCC(CCC4CCCC(C5CCCC5)C4)CC3)C2)CC1
C1CCC(CC2CCC(CCCC3CCC4CCCC4C3)CC2)CC1
C1CCC(CC2CCCCC2CC2CCC(C3CCCCC3)CC2)CC1
C1CCC(CC2CCC(C3CCCC(CC4CC(C5CCCCC5)C4)C3)CC2)CC1
C1CCC(C2CCCC(C3CCCC(C4CCC4)C3C3CCCCC3)C2)CC1
C1CCC(CCC2CCCC(C3CCCCC3C3CCC4CCCC4C3)C2)CC1
C1CCC(CC2CC(CC3CCCC(C4CCCCC4)C3)C3CCCCC23)CC1
C(CCC1CCC(CC2CCC(C3CCCC3)CC2)CC1)CCC1CCCCC1C1CCC(C2CC2)CC1
C1CCC(C2CCC(C3CCC(C4CCCCC4)CC3)CC2)CC1
C1CCC(CC2CCCC(CC3CCCCC3)C2)CC1
C1CCC(CCC2CCCC(CC3CCC(C4CCCCC4)CC3)C2)CC1
C1CCC(C2CCCCC2C2CCC(C3CC3)CC2C2CCC2)CC1
C1CCC(CCC2CCCC(C3CCC(CC4CCCCC4)CC3)C2)CC1
C1CCC(CCC2CCCCC2C2CC3CCCCC3C2)CC1
C1CCC(CC2CC(C3CCCCC3)C3CC(CC4CCCC4)CCC23)CC1
C1CCC(CCC2CCCC(C3CCCCC3C3CCCCC3)C2)CC1
C1CCC(C2CCCC(CC3CCCC(C4CCCC(CC5CC6CCCCC6C5)C4)C3)C2)CC1
C1CCC(C2CC3CCC(C4CCCCC4)CC3C(C3CCCCC3)C2)CC1
C1CCC(C(C2CCCCC2)C2CCCCC2)CC1
C1CCC(CC2CCC(C3CCCC(C4CCCCC4)C3)CC2)CC1
C1CCC(CCC2CCCC(CC3CCCCC3CC3CCCCC3)C2)CC1
C1CCC(CC2CC(C3CCCCC3)CC(C3CCCCC3)C2)CC1
C1CCC(C2CCCC(C3CCCC(C4CCCC(CC5CC6CCCCC6C5)C4)C3)C2)CC1
C1CCC(C2CCCCC2C2CCC(C3CCCC(C4CC5CCCCC5C4)C3)CC2)CC1
C1CCC2CC(CC3CCC(CC4CCC(CC5CCC6CCCCC6C5)CC4)CC3)CCC2C1
C1CCC(CC2CCCC(C3CCCCC3)C2)CC1
C1CCC(CC2CCCC(C3CCC4CCC(C5CCCCC5)CC4C3)C2)CC1
C1CCC(CCC2CCCCC2C2CCC3CCCC3C2)CC1
C1CCC(CC2CCCCC2C2CCC(CC3CCCCC3C3CCCCC3)CC2)CC1
C1CCC(CC2CCCC(C3CC(C4CCCCC4)C4CCCCC34)C2)CC1
C1CCC(CC2CCC(C3CCC(C4CCCC(CC5CCCCC5)C4)CC3)CC2)CC1
C1CCC(CC2CCCC(C3CCCC3)C2)CC1
C1CCC(CCC2CCC(C3CCCC(C4CCCCC4C4CCCCC4)C3)CC2)CC1
C1CCC(CC2CCCC(C3CCCC(C4CCCCC4)C3)C2)CC1
C1CCC(C2CCCC(CCC3CCCC(C4CCCC4)C3)C2)CC1
C1CCC(CC2CCC(CC3CCC4CCCCC43)CC2CC2CCCC2)CC1
C1CCC(CC2CC(C3CCC4CCCCC43)CCC2C2CCCCC2)CC1
C1CCC(C2CCCC(C3CCCC(C4CCCC4)C3)C2)CC1
C1CCC(CCC2CCC(C3CCC(C4CCCCC4)CC3)CC2)CC1
C1CCC(CC2CCC(CC3CCCC(CC4CCCCC4)C3)CC2)CC1
C1CCC(CCCC2CCC(C3CCCCC3C3CCCCC3)CC2)CC1
C1CCC(C2CCC(CCC3CCC(CCCC4CCCCC4C4CCCC4)CC3)CC2)CC1
C1CCC(CC2CCC3CC(C4CCCCC4)CCC23)CC1
C1CCC(C(C2CCCCC2)C2CC(C3CCCC3)CCC2C2CCCC2)CC1
C1CCC(CCC2CCC(C3CCC(CC4CCC5CCCC5C4)CC3)CC2)CC1
C1CCC(C2CCCCC2C2CCC3CCCC3C2)CC1
C1CCC(C2CCC(C3CCCCC3)C(C3CCCCC3)C2)CC1
C1CCC(CC2CCC(C3CCC(C4CCC(C5CCCC5)CC4)CC3)CC2)CC1
C1CCC(CCCC2CCC(C3CC(C4CCCCC4)C3)CC2)CC1
C1CCC(CC2CCCCC2C2CCCC(CC3CCCC(C4CCCCC4)C3)C2)CC1
C1CCC(CCCC2CC(CC3CCCCC3)C3CCCCC23)CC1
C1CCC(CC2CCCCC2CC2CCCC2C2CCCCC2)CC1
C1CCC(CCC2CCC(CC3CCCC(C4CCC(CC5CCCCC5)CC4)C3)C3CCCCC23)CC1
C1CCC(CC2CC(C3CCCC(CCC4CCC4)C3)C3CCCCC23)CC1
C1CCC(CC2CCCCC2C2CCC(C3CCCCC3C3CCCCC3)C(C3CCCCC3)C2)CC1
C1CCC(CC2CC(C3CCC(CC4CCC5CCC(C6CCC6)C5C4)CC3)C2)CC1
C1CCC(CCC2CCC(CC3CCCC(C4CCCCC4)C3)CC2)CC1
C1CCC(CCCC2CCC(C3CCCCC3)CC2)CC1
C1CCC(C2CCC(C3CCCC(C4CCCCC4)C3)CC2)CC1
C1CCC(C2CCCC(C3CCCC(C4CCCC(C5CCCCC5)C4)C3)C2)CC1
C1CCC(CCC2CCC(CC3CCC(C4CCCCC4)CC3)CC2)CC1
C1CCC(CC2CCCCC2)CC1
C1CCC(CCCC2CCC(CC3CCC(CCCC4CCCCC4)CC3)CC2)CC1
C1CCC(CCCC2CCCC(C3CCCCC3)C2)CC1
C1CCC(CC2CC(CC3CCCCC3)CC(C3CCCCC3)C2)CC1
C1CCC(CC2CCCC(CC3CCC(CC4CC4)CC3)C2)CC1
C1CCC(CC2CCC(C3CCC4CCCCC43)CC2)CC1
C1CCC(CCC2CCC(C3CCCCC3)CC2)CC1
C1CCC(CCC2CCC(CC3CCC(C4CCCC(CC5CC(C6CCCC6)C6CCCCC56)C4)CC3)CC2)CC1
C1CCC(CC2CCCC(C3CCC(C4CCC5CCCCC54)CC3)C2)CC1
C1CCC(CC2CCC(C3CCC(CC4CCCCC4)CC3)CC2)CC1
C1CCC(CCC2CCCCC2CC2CCC(C3CCCCC3)CC2)CC1
C1CCC(C2CCCC(C3CCC(CCCC4CCC4)CC3)C2)CC1
C1CCC(C2CCC(C3CCCC3C3CCCCC3)CC2)CC1
C1CCC(CCCCC2CCC(CCCC3CCCCC3)CC2)CC1
C1CCC(C2CCCC(CC3CCC(CCCC4CCCCC4C4CCC4)CC3)C2)CC1
C1CCC(CC2CCC(C3CCCC(CC4CCCCC4)C3)CC2)CC1
C1CCC(CC2CCC(C3CCCCC3)CC2CC2CCCCC2)CC1
C1CCC(CCCC2CCC(CC3CCC(C4CCCCC4CC4CCCCC4)CC3)CC2)CC1
C1CCC(CC(C2CCCCC2)C2CCC(CCC3CCC4CCCCC43)CC2)CC1
C1CCC(C2CCC(CCC3CCC(C4CCCCC4C4CCCCC4)CC3)CC2)CC1
C1CCC(C2CCCC(C3CCCCC3)C2)CC1
C1CCC(C2CCCC(C3CC(C4CCCC4)C4CCC(C5CCCCC5)CC34)C2)CC1
C1CCC(CCC(CC2CCCCC2)C2CCC3CCCCC3C2)CC1
C1CCC(CC2CCCC(C3CCCC(C4CCCC4)C3)C2)CC1
C1CCC(CC2CCC(CC3CCCC(C4CCCCC4)C3)CC2)CC1
C1CCC(CC2CCCC(C3CC(CC4CCCCC4)C4CCCCC43)C2)CC1
C1CCC(CCCCC2CCCC(C3CCCC(C4CCCC4CC4CCCCC4)C3)C2)CC1
C1CCC(C2CCC(CC3CCC(C4CCC5CCCCC5C4)CC3)CC2)CC1
C1CCC(C2CCC(C3CCC(C4CCCCC4)CC3)CC2)CC1
C1CCC(CC2CCCC(C3CCC(C4CCCCC4)CC3CCC3CCCC3)C2)CC1
C1CCC(CC2CCC(C3CCC(CC4CCCCC4)CC3)CC2)CC1
C1CCC(CC2CC(C3CCC4CCCCC4C3)C3CCCCC23)CC1
C1CCC(C2CCC(C3CCCC(CCCC4CC5CCCCC5C4)C3)CC2C2CCCC2)CC1
C1CCC(C2CCC(CCC3CCC(C4CCCCC4)CC3C3CCCCC3)CC2)CC1
C1CCC(C2CCCCC2)CC1
C1CCC(CC2CCC(CC3CCCC(CC4CCCCC4)C3)CC2)CC1
C1CCC(CC2CCC(C3CCCCC3CCC3CC(CC4CCCCC4)C4CCCCC34)CC2)CC1
C1CCC(C2CCCC(C3CCCCC3)C2)CC1
C1CCC(C2CCC(CCC3CCCC(C4CCCCC4)C3)CC2)CC1
C1CCC(CC2CCC(CC3CCCC(C4CCCCC4)C3)CC2)CC1
C1CCC(CCC(CC2CCCCC2)C2CCCC(C3CCCC(CC4CCCCC4)C3)C2)CC1
C1CCC(CCC2CCC(CC3CCCCC3)CC2)CC1
C1CCC(CCC2CCC(C3CCC(CC4CC4)CC3)CC2)CC1
C1CCC(CC2CCC(CC3CCC(C4CCCC(C5CCCCC5)C4)CC3)CC2)CC1
C1CCC(CCC2CCCCC2CC2CCCCC2)CC1
C1CCC(CC2CCC(CC3CCC4CCCCC43)CC2)CC1
C1CCC(CCC2CCC(C3CCC(C4CCCCC4)CC3)CC2)CC1
C1CCC(C2CC(CC3CCCC3)CC(C3CCCCC3C3CCCC3)C2)CC1
C1CCC(CC2CCC(C3CCC(CCCC4CCCC(C5CCCCC5)C4)C3)CC2)CC1
C1CCC(C2CCC(C3CCC(C4CCCC(CCC5CC5)C4)CC3)CC2)CC1
C1CCC(C(CC2CC3CC(C4CCC(CCCC5CCCC5)CC4)CCC3C(C3CC3)C2)C2CCC3CCCCC32)CC1
C1CCC(C2CCC(CCC3CCCC(C4CCC(C5CCCCC5C5CCCCC5)CC4)C3)C2)CC1
C1CCC(CC2CCC(C3CC4CCCCC4C(C4CCCCC4)C3)CC2)CC1
C1CCC(CCCCC2CCCCC2C2CCCCC2)CC1
C1CCC(C2CCC(CC3CCCC(C4CCCCC4)C3)CC2)CC1
C1CCC(C2CCCC(CCCCC3CCC(C4CCCC4)CC3)C2)CC1
C1CCC(CC2CCC(C3CCCCC3)CC2)CC1
C1CCC(CC2CCCC(C3CCCC(C4CCCCC4)C3)C2)CC1
C1CCC(C2CCCC(C3CCCCC3)C2)CC1
C1CCC(C2CCCC(C3CCC4C(CCC4C4CCCC4)C3)C2)CC1
C1CCC(C2CCCC(CCC3CCCCC3C3CCCCC3)C2)CC1
C1CCC(CC2CCC(C3CC(C4CCCCC4CC4CCCCC4)C4CCCCC34)CC2)CC1
C1CCC(CC2CCC(CCC3CCCC4CCCCC43)CC2)CC1
C1CCC(C2CCC(CCCC(C3CCCCC3)C3CCCC(CC4CCCC4)C3)CC2)CC1
C1CCC(CC2CCC(CC3CCC4C5CCCCC5CC(C5CCCCC5)C4C3)CC2)CC1
C1CCC2CC(C3CCCCC3CC3CCCC(C4CC5CCCCC5C4)C3)CCC2C1
C1CCC(C2CCC(CCCC3CCC(CC4CCC(CC5CCCC5)CC4)CC3)CC2CC2CCCC2)CC1
C1CCC(C2CCC(CCCCC3CCC(C4CCCCC4)CC3)CC2)CC1
C(CCCC1CCCCC1)CCC1CCCCC1
C1CCC(C2CCCC(C3CCCC(C4CCCC4)C3)C2)CC1
C1CCC(C2CCCCC2CC2CCC(C3CCC(CC4CC4)CC3)CC2)CC1
C1CCC(C2CCC(CC3CCCC(C4CCCCC4)C3)CC2)CC1
C1CCC(CCC2CCC(CCCCC3CCC(CC4CCCCC4)CC3CC3CCCCC3)CC2)CC1
C1CCC2CC(CC3CCC(C4CCC5CCCCC54)C(C4CCCC4)C3)CC2C1
C1CCC(C2CCCC(C3CCCCC3)C2)CC1
C1CCC(CCC2CCCC(CCC3CCCC(C4CCCCC4)C3)C2)CC1
C1CCC(CC2CCC(CC3CCCCC3)CC2)CC1
C1CCC(CCCC2CCC(CC3CCCCC3)CC2)CC1
C(CCC1CC2CCCCC2C1)CC1CCCC(CC2CCC(C3CCC4CCCCC4C3)CC2)C1
C1CCC(C2CCC3C(C4CCC(C5CCC6CCCCC65)CC4)CC(C4CCCCC4)C3C2)CC1
C1CCC(CC2CCC(C3CCCC3)CC2)CC1
C1CCC(CC2CCC(CC3CCC(CCC4CCC4)CC3)CC2)CC1
C1CCC(C2CCCC(C3CCCCC3)C2)CC1
C1CCC(CCC2CCC(C3CCCCC3)CC2)CC1
C1CCC(C2CCCCC2)CC1
C1CCC(C2CCCC(C3CCC(C4CCCC(C5CCCCC5)C4)CC3)C2)CC1
C1CCC(CC2CCC(C3CCC4CCCC(C5CCCC5)C4C3)CC2)CC1
C1CCC(CCCC2CCCC(CCC3CCCCC3)C2)CC1
C1CC(CC2CCCC(C3CCCC(C4CCC(C5CCCC5)CC4)C3)C2)C1
C1CCC(C2CCCC(CC3CCC(C4CCCCC4C4CCCCC4)CC3)C2)CC1
C1CCC(CCC2CC(CC3CCCC3)CC(C3CCCCC3)C2C2CCCC2)CC1
C1CCC(CC2CCCC(C3CCCC(C4CCC4)C3)C2)CC1
C1CCC(CCCCC2CCCC(CC3CCCCC3)C2)CC1
C1CCC(CC2CC(CC3CC(C4CCCCC4)C4CCCCC34)CC(C3CCCCC3)C2)CC1
C1CCC(CCC2CCCC(CC3CCCC3)C2)CC1
C1CCC(C2CCC(CC3CCC(C4CCCC4)CC3)CC2)CC1
C1CCC(C2CCC(CCCC3CCC4CCCCC4C3)CC2)CC1
C1CCC(CCCCC2CCCC(C3CCCCC3C3CCC4CCCCC43)C2)CC1
C1CCC(CC2CCC(CC3CCCC(C4CCCC(CC5CCCCC5CC5CCCCC5)C4)C3)CC2)CC1
C1CCC(C2CCCC(C3CC4CCCCC4C3)C2)CC1
C1CCC(C2CCC(C3CCC(C4CCC(C5CCCCC5)C(C5CCCC5)C4)CC3)CC2)CC1
C1CCC(C2CC(C3CCCC3)CC2C2CCCCC2)CC1
C1CCC(CC2CCC(C3CCCCC3)CC2C2CCCC2)CC1
C1CCC(CC2CCC(C3CCCC3)C(CCC3CC4CCCCC4C3)C2)CC1
C1CCC(CCCCC2CCCC(C3CCCCC3)C2)CC1
C1CCC(C2CCCCC2CC2CCCC(C3CCC(C4CCC4)C(C4CCCC4)C3)C2)CC1
C1CCC(CC2CCC(CCC(C3CCCCC3)C3CCCCC3)CC2)CC1
C1CCC(C2CC3CCC(CC4CC5CCCCC5C4)CC3C(C3CCCCC3)C2)CC1
C1CCC(CC2CCC(CC3CCCC(C4CCC5CCCCC54)C3)CC2)CC1
C1CCC(C2CCC(CCC3CC4CCCCC4C3)CC2)CC1
C1CCC(C2CCCCC2C2CCC(C3CCCC3)CC2)CC1
C1CCC(CC2CCC(CC3CCCCC3)CC2)CC1
C1CCC(CC2CCC(CC3CCC4CCCCC4C3)C(C3CCC4CCCC4C3)C2)CC1
C1CCC(CCC2CCC(C3CCCCC3)CC2)CC1
C1CCC(CC2CCC3CCC(CCC4CCC(C5CCCCC5)C4)CC3C2)CC1
C1CCC(CC2CCC(C3CCC4CCCC4C3)CC2)CC1
C1CCC(C(C2CCCCC2)C2CCCC(C3CCCC(C4CCC5CCCC5C4)C3)C2)CC1
C1CCC(CCC2CCC(CC3CCCCC3)CC2)CC1
C1CCC(CCCCCC2CC(C3CCCCC3)CCC2CCC2CCCCC2)CC1
C1CCC(CCCC2CCC(CC3CCCCC3)CC2)CC1
C1CCC(CC2CCC(CCCC3CCCCC3C3CCCCC3)CC2)CC1
C1CCC(CCCC2CCCC(C3CCCC(C4CCCCC4)C3)C2)CC1
C1CCC(CCCC2CCCC(C3CCCCC3)C2)CC1
C1CCC(C2CCCC(CC3CC4CCCCC4C3)C2)CC1
C1CCC(CCC2CCCC(C3CCCC(C4CCCCC4C4CCCC4)C3)C2)CC1
C1CCC(CC2CCC(CC3CCCCC3)CC2)CC1
C1CCC(CC2CCC3CC(C4CCCCC4)CC(CC4CCCC(C5CCCCC5)C4)C3C2)CC1
C1CCC(CC2CC(C3CCCCC3)C3CCCCC23)CC1
C1CCC(C2CCC(C3CCC(C4CCCCC4)C4CCCC34)CC2)CC1
C1CCC(CC2CCCC(C3CCC4CCCCC4C3)C2)CC1
C1CCC(CC2CCCC(C3CCCCC3)C2)CC1
C1CCC(CC2CCCCC2C2CCC3CC(C4CC5CCCCC5C4)CCC3C2)CC1
C1CCC(CC2CCC(C3CCC(CC4CCCCC4)CC3)CC2)CC1
C1CCC(CC2CCC3CCC(C4CCCC4)C3C2)CC1
C1CCC(CC2CCCCC2)CC1
C1CCC(C2CCCCC2CCC2CCC3CCCC3C2)CC1
C1CCC(CC2CCC(CC3CCC(CC4CCCCC4)C3)CC2)CC1
C1CCC(C2CCCC(CC3CCC(C4CCC5CCCCC54)CC3)C2)CC1
C1CCC(CC2CCCCC2CC2CCC(C3CCCCC3)CC2)CC1
C1CCC(CCC2CCC(CC3CCC(C4CCC(CC5CCCCC5)CC4)CC3)CC2)CC1
C1CCC(CCC2CCC(C3CCCCC3)CC2)CC1
C1CCC(CC2CCCCC2)CC1
C1CCC(C2CCCC(C3CCCCC3)C2)CC1
C1CCC(CCCCCC2CCC(C3CCCC(CC4CCCCC4)C3)CC2)CC1
C1CCC(C2CCCC(C3CCC(C4CCC(CC5CC6CCCCC6C5)CC4)CC3)C2)CC1
C1CCC(CCCC2CCCCC2)CC1
C1CCC(CCCCCC2CCCC(C3CCCCC3)C2)CC1
C1CCC(CCCCC2CCC(C3CCCCC3)CC2)CC1
C1CCC(CCC2CCCCC2CC2CCC3CCCC3C2)CC1
C1CCC(CCCCC2CCCC(CC3CCCCC3)C2)CC1
C1CCC(C2CCC(C3CCCCC3)C(C3CCCCC3)C2)CC1
C1CCC(C2CCCC3CCC(C4CCCC(C5CC5)C4)CC32)CC1
C1CCC(C2CCC(CC3CC4CCCCC4C3)CC2)CC1
C1CCC(CC2CCC(CC3CCC(CC4CCCCC4)CC3)CC2)CC1
C1CCC(CCC2CCC(CC3CCCCC3)CC2)CC1
C1CCC(CC2CCCCC2C2CCCC(C3CCCCC3CCC3CC4CCCCC4C3)C2)CC1
C1CCC(C2CCC(CC3CC(C4CCCCC4)C4CCCCC34)CC2C2CCC(CCC3CCCC3)CC2)CC1
C1CCC(CCC2CCC(C3CCCC(CC4CCCCC4)C3)CC2)CC1
C1CCC(CC(CC2CCCCC2)CC2CCCC(C3CCCCC3)C2)CC1
C1CCC(CCCC2CCC(CC3CCCCC3)CC2)CC1
C1CCC(CC2CCCC(CC3CC(C4CCCC4)C4CCCCC34)C2)CC1
C1CCC(CC2CCCCC2CC2CCC(C3CCC(C4CCCCC4)C3)CC2)CC1
C1CCC(CC2CCCCC2C2CCCCC2)CC1
C1CCC(C2CCC3C(CCCC3C3CCCCC3C3CCCCC3)C2)CC1
C1CCC(CC2CCCC(CCCC3CCC(CC4CCCC5CCCCC54)CC3)C2)C1
C1CCC(C2CC(C3CCCCC3)CC(C3CCC3)C2)CC1
C1CCC(C2CCCCC2CCC2CCCCC2CC2CCCCC2C2CC2)CC1
C1CCC(CCC2CC(CC3CCCCC3)CCC2CC2CCCC2)CC1
C1CCC(CCC2CCC(CC3CCCCC3)CC2)CC1
C1CCC(CC2CCC(CCCC3CCC(CC4CCCCC4)CC3)CC2)CC1
C1CCC(C2CCC3CC(C4CCC5CCCCC54)CC(C4CCCCC4)C3C2)CC1
C1CCC(C2CCCC(C3CCCC(C4CCC5CCCCC54)C3)C2)C1
C1CCC(CC2CCC3CC(C4CCC(CC5CCCCC5C5CCCC5)CC4)CCC23)CC1
C1CCC(C2CC(C3CCC(C4CCCC(C5CC6CCCCC6C5)C4)CC3)C2)CC1
C1CCC(CCC2CCC(CC3CCCC(C4CCC(C5CCCCC5)CC4)C3)C2)CC1
C1CCC(CC2CCCCC2C2CCC3CCCC3C2)CC1
C1CCC(CC2CCC(CC3CCCCC3)CC2)CC1
C1CCC(C2CCCCC2CC2CCC(C3CCCCC3)C(C3CCCCC3)C2)CC1
C1CCC(C2CCCCC2)CC1
C1CCC(C2CCC(CC3CCCCC3C3CC4CCCCC4C3)CC2)CC1
C1CCC(CC2CC(C3CCCCC3)C3CCCCC23)CC1
C1CCC(CC2CCC(C3CCCCC3)CC2)CC1
C1CCC(C2CCCC(C3CCC(CC4CCC(C5CC5)CC4)CC3)C2)CC1
C1CCC(C2CC(C3CC4CCCCC4C3)CCC2C2CCC3CCCCC32)CC1
C1CCC(CCC2CCCC(CCC3CCCCC3)C2)CC1
C1CCC2CC(C3C(CCC4CC5CCCCC5C4)CCC4CCCCC43)CCC2C1
C1CCC(CC2CCCC(C3CCCCC3)C2)CC1
C1CCC(CCCCC2CCC(CCCC3CCC(CC4CCCCC4)CC3)CC2)CC1
C1CCC(CCC2CCC(C3CCCCC3)CC2)CC1
C1CCC(CC2CCC(C3CCCC(C4CCCCC4)C3)CC2)CC1
C1CCC(CC2CCC(CCC3CCCC(C4CCCCC4)C3)CC2)CC1
C1CCC(C2CCC(CC3CCC(C4CCCCC4)CC3)CC2)CC1
C1CCC(C2CCCC(C3CC(C4CCCCC4)CC4CCCCC43)C2)CC1
C1CCC(C2CCC(CC3CCC(C4CCCC4)CC3)CC2)CC1
C1CCC(C2CCC(CC3CCCC(C4CCCCC4)C3)CC2)CC1
C1CCC(CC2CCC(C3CCCCC3)CC2)CC1
C1CCC(CCC2CCC(CC3CCCC(C4CCCCC4)C3)CC2)CC1
C1CCC(C2CCCC(CC3CC3)C2)CC1
C1CCC(CC2CCCCC2C2CCCC(C3CCCCC3)C2)CC1
C1CCC(C2CCCC(C3CCCCC3)C2)CC1
C1CCC(CC2CCCCC2C2CCC3CCCCC3C2)CC1
C1CCC(C2CCC(C3CCCC(C4CCC(CC5CC6CCCCC6C5)CC4)C3)CC2)CC1
C1CCC(CC2CCCC(C3CCCC4CC(C5CCCCC5)CCC43)C2)CC1
C1CCC(CCCC2CCCCC2)CC1
C1CCC(CC2CCC(C3CCCCC3)CC2)CC1
C1CCC(CCC2CCCC(CCC3CCC(CC4CCC(CC5CCCCC5)CC4)CC3)C2)CC1
C1CCC(CC2CCCC(C3CCCCC3)C2)CC1
C1CCC(CC2CCC(C3CCCC(CC4CC4)C3)CC2)CC1
C1CCC(CC2CCCCC2)CC1
C1CCC(CC2CCCC(C3CCCC(C4CCCCC4)C3)C2)CC1
C1CCC(C2CCCC(CC3CCC(C4CCCC(C5CCCCC5)C4)CC3)C2)CC1
C1CCC(CC2CCC(C3CCCC(C4CCCCC4)C3)CC2)CC1
C1CCC(CCCC2CC(CC3CCCCC3)CC(CC3CC3)C2)CC1
C1CCC(CC2CCCC(CCCCC3CCC4CCCC4C3)C2)CC1
C1CCC(CC2CCC(CC3CCC4CC(C5CCC6CCCCC65)CCC4C3)CC2)CC1
C1CCC(CCC2CCCCC2C2CCCC(C3CCCC(CC4CCCCC4)C3)C2)CC1
C1CCC(CC2CCC(CCC3CCCC(C4CCCCC4)C3)CC2)CC1
C1CCC(C2CCCC(C3CC(C4CCCCC4)CCC3C3CCCCC3)C2)CC1
C1CCC(CC2CCC(CC3CCCCC3)CC2)CC1
C1CCC(CC2CCC(C3CCCCC3)CC2)CC1
C(CCCC1CCC(CCC2CCCC(C3CCCCC3)C2)CC1)CCC1CC1
C1CCC(CCC2CCC(C3CCCC4CCCCC43)CC2)CC1
C1CCC(C2CCC(C3CCC(C4CCCCC4)CC3C3CCCC3)C(C3CCCCC3)C2)CC1
C1CCC(CC2CCC(C3CCC(C4CCCC(CC5CC6CCCCC6C5)C4)CC3)C2)CC1
C1CCC(CCC2CCC(CC3CCCC(C4CCCCC4)C3)CC2)CC1
C1CCC(C2CCCC(C3CCCC(C4CCCCC4)C3)C2)CC1
C1CCC(CCCCCC(C2CCCC(C3CCC3)C2)C2CC3CCCCC3C2)CC1
C1CCC(CC2CCC(C3CCCCC3)C(CC3CCCCC3)C2)CC1
C1CCC(C2CCC(C3CCCCC3)CC2)CC1
C1CCC(C(C2CCCC(C3CCCC3)C2)C2CCCC(C3CCC4CCCCC4C3)C2)CC1
C1CCC(CCC2CCCCC2C2CCCCC2)CC1
C1CCC(CC2CCC(CCC3CCC4CCCCC43)C(C3CCCC3)C2)CC1
C1CCC(CC2CCC3CC(C4CCCCC4)CC(C4CCCCC4)C3C2)CC1
C1CCC(CCC2CCC(CC3CC4CCCCC4C3)CC2)CC1
C1CCC(CCCCC2CCC(CC3CCCCC3)CC2)CC1
C1CCC(CCC2CCCC(C3CCCC(CCC4CC5CCCCC5C4)C3)C2)CC1
C1CCC(C2CCC(C3CCC4CCCCC4C3)CC2)CC1
C1CCC(C2CCC3CCCC3C2)CC1
C1CCC(C2CCCCC2C2CCCC2)CC1
C1CCC(C2CCCC(C3CCCCC3)C2)CC1
C(CCCC1CCC(CC2CCCCC2)CC1)CCC1CCCCC1
C1CCC(CCC2CCC(C3CCC(C4CCCC4)CC3)C(CCC3CCCCC3)C2)CC1
C1CCC(CCC2CCCCC2CCC2CCCCC2)CC1
C1CCC(CCCC2CCC(CCC3CC(CC4CC4)CCC3C3CCCCC3)CC2)CC1
C1CCC(CC2CC(C3CCC(C4CCCCC4)CC3)C3CCCCC23)CC1
C1CCC(C2CCC(C3CC3)CC2)CC1
C1CCC(CC2CCC(C3CCCCC3)CC2)CC1
C1CCC(CCC2CC3CCCCC3C(C3CCCCC3)C2)CC1
C1CCC(CCC2CCC(CC3CC4CCCCC4C3)CC2)CC1
C1CCC(CCC2CCC(CC3CCCC4CC(C5CCCCC5)CCC34)CC2)CC1
C1CCC(CCC2CCC(C3CCC(C4CCCC(CC5CCCCC5)C4)CC3)CC2)CC1
C1CCC(CCCC2CCC(CC3CCCC(C4CCCC4)C3)CC2)CC1
C1CCC(CC2CCCC(C3CCC(CC4CCCC4)CC3)C2)CC1
C1CCC(CC2CCC(C3CCCC(C4CCCCC4)C3)CC2)CC1
C(CCC1CCC(CC2CCCCC2)CC1)CCC1CCC(C2CCCC(C3CCCCC3)C2)CC1
C1CCC(CCC2CCCCC2C2CCCC(CC3CCCCC3)C2)CC1
C1CCC(CCC2CCC(C3CCCC(C4CCCCC4)C3)CC2C2CCCCC2)CC1
C1CCC(C2CCCC(C3CCCCC3C3CCCCC3C3CCCCC3)C2)CC1
C1CCC(C2CCCCC2C2CCC2)CC1
C1CCC(CC2CCC(CCCC3CCCC(C4CCCCC4CC4CCCCC4)C3)CC2)CC1
C1CCC(CC2CCCCC2CC2CCCCC2)CC1
C1CCC(CCC2CCCC(CC3CCCCC3)C2)CC1
C1CCC(CCCC2CCC(C3CCCCC3)CC2)CC1
C1CCC(C2CCCCC2)CC1
C1CCC(CC2CCC(C3CCCCC3)CC2)CC1
C1CCC(C2CCC(CC3CCC(CC4CCCCC4C4CCC5CCCC5C4)CC3)CC2)CC1
C1CCC(C2CCC(C3CCC(CC4CCC(C5CCCC5)CC4)CC3)CC2)CC1
C1CCC(CC2CCCCC2CC2CCCCC2)CC1
C1CCC(CC2CCCC(C3CC(CC4CCCCC4)CC(C4CC4)C3)C2)CC1
C(CCC1CCC2CCCCC2C1)CC1CCC(CC2CCCCC2C2CCC3CCCC3C2)CC1
C1CCC(C2CCCCC2C2CCCCC2)CC1
C1CCC(C2CCC(C3CCCCC3)CC2)CC1
C1CCC(CC2CCC(CC3CCC(C4CCCCC4)CC3)CC2)CC1
C1CCC(CCCC2CCC(C3CCCCC3)CC2)CC1
C1CCC(CCCC2CCC(C3CC(CC4CCCCC4)C4CCCCC43)CC2)CC1
C1CCC(C2CCCC(C3CCCCC3C3CCCC3)C2)CC1
C1CCC(CC2CCC(CCC3CCCCC3C3CCC(CCCCC4CC4)CC3)CC2)CC1
C1CCC(CC2CCCC(CCCCCCC3CCCC(C4CCCCC4)C3)C2)CC1
C1CCC2CC(C3CCCCC3CC3CCC4CCCC4C3)CCC2C1
C1CCC(C2CCC(CC3CCC(C4CCCCC4)CC3)CC2)CC1
C1CCC(CCC2CCCC(C3CCC(CC4CC5CCCCC5C4)CC3)C2)CC1
C1CCC(C2CCCC(CC3CCC(CCCC4CCCC4)CC3)C2)CC1
C1CCC(C2CCCC2CC2CCCCC2C2CCCCC2C2CCCC2)CC1
C1CCC(CCC2CCC(C3CCC(CCCC4CCCCC4CC4CCCCC4)CC3)CC2)CC1
C1CCC(CC2CCC(CCC3CCCCC3C3CCCCC3)CC2)CC1
C1CCC(C2CCC(CC3CCC(CC4CCC(CC5CCCC(C6CCCC6)C5)CC4)CC3)CC2)C1
C1CCC(CC2CCC3CC(C4CCC5CCCCC54)CC(C4CCCCC4)C3C2)CC1
C1CCC(CCCCCC2CCC(C3CCC(C4CCC(C5CCC(CC6CCCC6)CC5)CC4)CC3)CC2)CC1
C1CCC(C2CCC(C3CC(CC4CCCC(C5CCC5)C4)C4CCCCC43)CC2)CC1
C(CCCC1CCCCC1C1CCC(CCCCC2CCCCC2)CC1)CCC1CCCCC1
C1CCC(CC2CCCC(C3CCC(C4CC(CC5CCCCC5)C5CCCCC54)C3)C2)CC1
C1CCC(CCC2CCCC(C3CCC(CC4CCCC4)C(C4CCCCC4)C3)C2)CC1
C1CCC(C2CCC(C(CC3CC3)CC(CC3CC3)C3CCCCC3)CC2)CC1
C1CCC(CC2CCCC(C3CCCCC3)C2)CC1
C1CCC(C2CCCC(CC3CCCC(C4CCCCC4)C3)C2)CC1
C1CCC(C2CCC(CCC3CCC4C(CCCC4C4CCC5CCCCC54)C3)CC2)C1
C1CCC(C2CCCCC2C2CCC(CCCC3CCC(C4CCCC4)CC3)CC2)CC1
C1CCC(CC2CC(CC3CCCC(C4CCCCC4)C3)C3CCCCC23)CC1
C1CCC(C2CCCC(C3CCCC(C4CCCCC4)C3)C2)CC1
C1CCC(C2CCC(C3CCCCC3)CC2)CC1
C1CCC(CC2CCC(C3CCCC(C4CCCCC4)C3)CC2)CC1
C(CCCC1CCCCC1)CCCC1CC2CCCCC2C1
C1CCC(CC2CCC(CC3CCCC(CC4CCC5CCCCC54)C3)CC2)C1
C1CCC(C2CCC3CC(CCCC4CCC5CCCCC54)CC(C4CCCCC4)C3C2)CC1
C1CCC(CCCCC2CCCC(C3CCC3)C2)CC1
C1CCC(C2CCC(C3CCC(CCC4CCCCC4CCC4CCC(CC5CCCC5)CC4)CC3)CC2)CC1
C1CCC(C2CC(C3CCCC3)CC(C3CCCC(CCC4CCC(C5CCCC5)CC4)C3)C2)CC1
C1CCC(CC2CCCCC2C2C(CC3CCCCC3)CC(C3CCCCC3)C3CCCC32)CC1
C1CCC(CC2CCC(CCCCCC3CC(CC4CCCCC4)C4CCCCC34)CC2)CC1
C1CCC(CC2CCCC(C3CCCC(C4CCCCC4)C3)C2)CC1
C1CCC2CC(C3CCC(CCC4CCCC(C5CCCCC5CC5CCC6CCCCC65)C4)CC3)CC2C1
C1CCC(C2CCC(CCCCC3CCC(C4CCCCC4)CC3)CC2)CC1
C1CCC(CC2CCCCC2CCC2CCCCC2CC2CCCCC2)CC1
C1CCC(CC2CCC(CC3CCC(C4CCC(CC5CC6CCCCC6C5)CC4)CC3)CC2)CC1
C1CCC(C2CCCC(CCCC3CCCC(C4CCCCC4CC4CCCC4)C3)C2)CC1
C1CCC(C2CCC(C3CCCCC3)CC2)CC1
C1CCC(CCC2CCC(CC3CCCCC3)C(C3CCCC3)C2)CC1
C1CCC2CC(C3CCC4C(CCCC5CC5)CCCC4C3)CC2C1
C1CCC(CCCC2CCC(C3CCCCC3)CC2CC2CCCCC2)CC1
C1CCC(C2CCCC(C3CCCC(C4CCCCC4)C3)C2)CC1
C1CCC(C2CCC(C3CCC(CCC4CC5CCCCC5C4)CC3)CC2)CC1
C1CCC(CC2CCC(CC3CCCC(CC4CCC5CCCCC54)C3)C(CC3CCCCC3)C2)CC1
C1CCC(C2CCCC(CC3CCC4CCCC4C3)C2)CC1
C1CCC(CCC2CCCC(C3CCC(CC4CCCCC4)CC3)C2)CC1
C1CCC(CC2CCC(CCCC3CCC(C4CCCCC4)CC3)CC2)CC1
C1CCC(CC2CCC(C3CCCC(CCCCC4CCCC4)C3)CC2)CC1
C1CCC(C2CCCC(CC3CC4CCCC(C5CCCCC5)C4C3)C2)CC1
C1CCC(CCC(CCC2CCC(C3CCCC3)CC2)C2CCCCC2)CC1
C1CCC(CC2CCC3C(CCCC3C3CCCCC3CC3CCCCC3)C2)CC1
C1CCC(C2CCCC(CC3CCCC(C4CCC5CCC(C6CCCC6)CC5C4)C3)C2)CC1
C1CCC(CCCCC2CCCC(CC3CCCC3)C2)CC1
C1CCC(CC2CCC(CC3CCC(C4CCCCC4)CC3C3CCCC3)CC2)CC1
C1CCC(C2CCC(CCC3CCCC(C4CCCCC4)C3)CC2)CC1
C1CCC(CCC2CCCC(CC3CC4CCCCC4C(C4CCCCC4)C3)C2)CC1
C1CCC(CC2CCCC(CC3CCCC(C4CCCCC4C4CCCC4)C3)C2)CC1
C1CCC(CC2CCCC(C3CCC(C4CCCCC4CC4CCCCC4)CC3)C2)CC1
C1CCC(CC2CCC(C3CCCCC3)CC2)CC1
C1CCC(CCCC2CCCCC2C2CCCCC2)CC1
C1CCC(CC2CCC(CC3CCC(C4CCCCC4)C3)CC2C2CCCCC2)CC1
C1CCC(C2CCCC3CCC(C4CCC(C5CCCCC5C5CCC6CCCCC6C5)CC4)C32)CC1
C1CCC(CC2CCC(CCC3CCCC(C4CCCCC4)C3)CC2)CC1
C1CCC(CC2CCCC(C3CCC(C4CCCC(CC5CC5)C4)CC3)C2)CC1
C1CCC(C2CCCC(C3CC(CCCC4CCC(C5CCCC5)CC4)CC(C4CCCCC4)C3)C2)CC1
C1CCC(C2CCCC(C3CC(C4CCCCC4)CCC3C3CCCCC3)C2)CC1
C1CCC(C2CCCCC2C2CCC(CC3CCC(CC4CC5CCCCC5C4)CC3)CC2)CC1
C1CCC(CCC2CCC(C3CCCCC3)CC2CC2CCCC2)CC1
C1CCC(CCC2CCC(CCC3CCC(CC4CCCCC4)CC3C3CCCC3)CC2)CC1
C1CCC(C2CCC3CC(C4CCCCC4)CCC3C2)CC1
C1CCC(CCC2CCC(CC3CCC(CCC4CCCCC4)CC3)CC2)CC1
C1CCC(CCCC2CCCC(C3CCCCC3)C2)CC1
C1CCC(CC2CCCCC2CCC2CCC(C3CCCCC3)C2)CC1
C1CCC(C2CCCC(C3CCC3)C2C2CCCCC2)CC1
C1CCC(C2CCCCC2C2CCCCC2)CC1
C1CCC(CC2CCCC(C3CCCC(C4CCCCC4)C3)C2)CC1
C1CCC(CCC2CCC(C3CCC4CCCC4C3)C(C3CCC4CCCC4C3)C2)CC1
C1CCC(CCC2CCC(C3CCCC(CC4CC5CCCCC5C4)C3)CC2)C1
C1CCC(CCCC2CCC(C3CCCCC3C3CCCCC3)CC2)CC1
C1CCC(CC2CCCC(C3CCCCC3)C2)CC1
C1CCC(CCCC2CCCCC2C2CCCCC2)CC1
C1CCC(CCCCC2CCC(CC3CCCCC3)CC2)CC1
C1CCC(C2CCC(C3CCCCC3)CC2)CC1
C1CCC(CCC2CCC(C3CCCC(C4CCCCC4)C3)CC2)CC1
C1CCC(C2CCC(C3CC(C4CCCCC4)C4CCCCC34)CC2)CC1
C1CCC(C2CCCC(CCC3CCC4CCCCC43)C2)CC1
C1CCC(CC2CCCC(C3CCCCC3C3CCCCC3)C2)CC1
C1CCC(CC2CCC(CC3CCC(C4CC5CCCCC5C4)CC3)CC2)CC1
C1CCC(CCC2CC(CC3CCCCC3)C3CCCCC23)CC1
C1CCC(CC2CCC(C3CCCCC3)CC2)CC1
C1CCC(CC2CCCCC2CC2CCC3CCCC3C2)CC1
C1CCC(CCC2CCC(CC3CCC(CC4CCCCC4)CC3)CC2)CC1
C1CCC(CC2CCC3CC(C4CCC(C5CCCCC5)CC4)CCC23)CC1
C1CCC(C2CCC(C3CCC(CC4CCC(C5CCCC5)CC4)CC3)CC2)CC1
C1CCC(CCC2CCC(CC3CCC(CC4CCCC(C5CCCCC5)C4)CC3)CC2)CC1
C1CCC(CC2CC(C3CCC(C4CCC(C5CCCCC5)CC4)CC3)C3CCCCC23)CC1
C1CCC(CC2CCCC(C3CCC(CC4CC4)CC3)C2)CC1
C1CCC(CC2CCC(C3CCC(CC4CCC(C5CCCC5)CC4)CC3)CC2)CC1
C1CCC(C2CC(C3CC4CCCCC4C3)CC(C3CCCC3)C2C2CCCCC2)CC1
C1CCC(C2CCCC(CCC3CCCC(C4CCC5CCCCC54)C3)C2)C1
C1CCC(CC2CC(C3CCCC(C4CCCC(C5CCCCC5)C4)C3)C3CCCCC23)CC1
C1CCC(CCC2CCC(CC3CCCCC3C3CCCC(CCC4CCCCC4)C3)CC2)CC1
C1CCC(C2CCC(C3C(C4CC4)CC(C4CCCCC4)C4CCCC43)CC2)CC1
C1CCC(CC2CCC(C3CCCCC3)CC2)CC1
C1CCC(CCCC2CCCC(C3CCC(C4CCCCC4)CC3)C2)CC1
C1CCC(CC2CCC(C3CCC4CCCCC4C3)CC2)CC1
C1CCC(CCC2CCCC(C3CCCCC3)C2)CC1
C1CCC(C2CCC(C3CCCC(CCC4CC4)C3)CC2C2CCCC2)CC1
C1CCC(C2CC(CCCC3CCC(CCCC4CC5CCCCC5C4)CC3)CC(C3CCCC3)C2)CC1
C1CCC(C2CCC(CCC3CCCCC3C3CCC4CCCC4C3)CC2)CC1
C1CCC(CC2CCC(CC3CCC(C4CCCCC4)CC3)CC2)CC1
C1CCC(CCC2CCC(CC3CCCCC3)CC2)CC1
C1CCC(CC2CCC3CC(C4CCCCC4C4CCC5CCCCC5C4)CCC23)CC1
C1CCC(CCCC2CCC(CC3CCCCC3)CC2)CC1
C1CCC(CCC2CCC(C3CC(C4CCCC(C5CCCCC5)C4)CCC3CC3CCCCC3)CC2)CC1
C1CCC(CC2CCCC(CCC3CCC(C4CCC(C5CCCCC5)CC4)CC3)C2)CC1
C1CCC(CC2CCC(CCC3CCC(C4CCCCC4)CC3CCC3CC4CCCCC4C3)CC2)CC1
C1CCC(CC2CC(C3CCCCC3)C3CCCCC23)CC1
C1CCC(CCC2CCC3C(C4CCC5CCCC5C4)CC(C4CCCC4)C3C2)CC1
C1CCC(CCCCC2CCC(CC3CCCCC3C3CCCCC3)CC2)CC1
C1CCC(CC2CCC(CC3CCCC(C4CCCC4)C3)CC2)CC1
C1CCC(CC2CCCCC2C2CCC3CCCC3C2)CC1
C1CCC(C2CCCCC2CCC2CCC(C3CCC(C4CCCC4)CC3)CC2)CC1
C1CCC(C2CCC(C3CCCC(C4CCCCC4)C3)CC2)CC1
C1CCC(C2CCC(CC3CCC(CC4CCCC4)CC3)CC2)CC1
C1CCC(CCC2CC(CCC3CCCC3)CC(CC3CCCCC3)C2)CC1
C1CCC(CC2CCC(CCC3CCC(CC4CCC(C5CCCC5)CC4)CC3)CC2)CC1
C1CCC(CC2CCCC(C3CCCCC3)C2)CC1
C1CCC(CC2CCC(C3CC(CC4CCCCC4)C4CCCCC43)CC2)CC1
C1CCC(CC2CCC(CC3CCC(C4CCCCC4)CC3C3CCCC3)CC2)CC1
C1CCC(C2CCC(C3CCCCC3C3CCCC3)CC2)C1
C1CCC(CC2CCC(C3CCCCC3C3CCCCC3)CC2)CC1
C1CCC(C2CCCC(C3CC4CCCCC4C(C4CCCCC4)C3)C2)CC1
C1CCC(CC2CCCC(C3CCC(C4CC(C5CCCCC5)C4)CC3)C2)CC1
C1CCC(C2CCCC(CC3CCC(C4CCCCC4CC4CCCC4)CC3)C2)CC1
C1CCC(C2CCCC(C3CCCCC3C3CCCC4CCCCC43)C2)CC1
C1CCC(CCCC2CCC(C3CCCC4CCCCC43)CC2)CC1
C1CCC(CC2CCCC(CC3CCCC(C4CCCCC4)C3)C2)CC1
C1CCC(CC2CCCC(C3CCC4CCCC4C3)C2)CC1
C1CCC(CCCC2CCC(C3CCCCC3)CC2)CC1
C1CCC(CC2CCCC(C3CCC(CC4CCC(CCCC5CCCC5)CC4)CC3)C2)CC1
C1CCC(CC2CCC(CC3CCC(C4CCCC(C5CCCCC5)C4)CC3)CC2)CC1
C1CCC(CC2CCC(CC3CCC4CCCCC43)CC2)CC1
C1CCC(CC2CCC(CC3CCCCC3CC3CCCCC3)CC2)CC1
C1CCC(CCCCC2CC(C3CCCCC3)C3CCCCC23)CC1
C1CCC(C2CCC(C3CC4CCCCC4C3)CC2)CC1
C1CCC(CC2CCC(C3CCCCC3CC3CCC(C4CCCCC4)CC3)CC2)CC1
C1CCC(C2CCCCC2C2CCCCC2)CC1
C1CCC(C2CCC(C3CCC(C4CCC5CCCC5C4)C(C4CCC5CCCC5C4)C3)CC2)CC1
C1CCC(C2CCC(CCC(CC3CC4CCCCC4C3)C3CCCCC3)CC2)CC1
C1CCC(C2CCCC(C3CCCCC3)C2)CC1
C1CCC(CCCCC2CCCC(CCC3CCCCC3)C2)CC1
C1CCC(C2CCCC(C3CCCCC3C3CCC4CCCC4C3)C2)CC1
C1CCC(CCC2CCCC(C3CCC(C4CCC5CCCCC54)CC3)C2)CC1
C1CCC(CCC2CCC(CCCC3CCC(CC4CCC(C5CCCC5)CC4)CC3)CC2)CC1
C1CCC(CC2CCCCC2C2CCCC(C3CCC(C4CCCCC4)CC3)C2)CC1
C1CCC(CC2CCCC(C3CCCC(C4CCCCC4)C3)C2)CC1
C1CCC(CCC2CCC(CC3CCCCC3)CC2)CC1
C1CCC(C2CCCCC2)CC1
C1CCC(CC2CCC(C3CCCC(C4CCCCC4)C3)CC2)CC1
C1CCC(CCC2CC(CCC3CCCCC3)CC(C3CCCCC3)C2)CC1
C1CCC(C2CCC(CCCC3CCC(C4CCCCC4)C3)CC2)CC1
C1CCC(CCC2CCCCC2CC2CCCCC2)CC1
C1CCC(CC2CCC(CC3CCC(C4CC5CCCCC5C4)CC3)CC2)CC1
C1CCC(CC2CCC3C(CC4CCCCC4)CCCC3C2)CC1
C1CCC(CCCC2CCC(CC3CC4CCCCC4C3)CC2)CC1
C1CCC(CC2CCCC(C3CCC(CCCCC4CCC(C5CCCCC5)CC4)CC3)C2)CC1
C1CCC(C2CCC(C3CCCCC3)CC2)CC1
C1CCC(CC2CCC(C3CCC(C4CCCC(C5CCC5)C4)CC3)CC2)CC1
C1CCC(C2CCC(CCC3CCC4C(CCC4C4CCCCC4)C3)CC2)CC1
C1CCC(C2CCC(CCC3CCC(C4CCCC(C5CCCCC5)C4)CC3)CC2)CC1
C1CCC(C2CCC(C3CC(C4CCCCC4)C4CCCCC43)C(C3CCCC3)C2)CC1
C1CCC(CCC2CCCC(CCC3CC4CCCCC4C3)C2)CC1
C1CCC(CCC2CCC(CC3CCCC(C4CCCCC4)C3)CC2)CC1
C1CCC(CCC2CCCCC2C2CCCC2)CC1
C1CCC(C2CCC(CC3CCCCC3C3CCCCC3)CC2)CC1
C1CCC(CCCC2CCCC3CC(C4CCCCC4)CCC23)CC1
C1CCC2CC(CCC3CCC(CC4CCC(CCC5CCC6CCCC6C5)CC4)C3)CCC2C1
C1CCC(CCC2CCC(CC3CCCC3)CC2C2CCCCC2)CC1
C1CCC(C2CCC(C3CCCCC3)C(C3CCCC(CC4CCCC4)C3)C2)CC1
C1CCC(C2CCCCC2)CC1
C1CCC(CC2CCCC(CC3CCC(C4CCC(C5CCCC5)CC4)CC3)C2)CC1
C1CCC(CC(C2CCCCC2)C2CCCC(C3CCCCC3)C2)CC1
C1CCC(CCC2CCC(CCC3CCC(CCC4CCCCC4)CC3)CC2)CC1
C1CCC(C2CCCC(CC3CCCCC3C3CCCCC3)C2)CC1
C1CCC(CCCC2CCCC(C3CCCC(C4CCC(C5CCCC5)CC4)C3)C2)CC1
C1CCC(CC2CCC3CC(C4CC(C5CCCCC5)CC(C5CCC5)C4)CCC23)CC1
C1CCC(C2CCC(CCC3CCCCC3C3CCCCC3)C(C3CCCC3)C2)CC1
C1CCC(C2CCCCC2)CC1
C1CCC(CCC2CCC(CCC3CC3C3CCCCC3C3CCCCC3)CC2)CC1
C1CCC(CCCCC2CCCC(CC3CCCC3)C2)CC1
C1CCC(CCC2CCC(C3CCCC(CCC4CCCCC4)C3)CC2)CC1
C1CCC(CCCC2CCCC(C3CCCC(CC4CCC(C5CCCCC5)CC4)C3)C2)CC1
C1CCC(C2CCC(CC3CCCCC3C3CCCC4CCCCC43)CC2)CC1
C1CCC(CC2CCCC(C3CCCCC3CC3CC(CC4CCCCC4)C4CCCCC34)C2)CC1
C1CCC(CC2CCC(CC3CCC(CC4CCCCC4)CC3)CC2)CC1
C1CCC(CCCC2CCC(CC3CCCCC3)CC2)CC1
C1CCC(C2CCC(CC3CC4CCCCC4C3)CC2)CC1
C1CCC(CC(CCC2CCCC(C3CCC3)C2)C2CCCC(C3CCCCC3)C2)CC1
C1CCC(CC2CCCCC2C2CCC3C(CCCC3C3CCCC3)C2)CC1
C1CCC(CC2CCCC(C3CCCC3)C2)CC1
C1CCC(CC2CCC(C3CCC(C4CCCC4)CC3)CC2C2CCCCC2)CC1
C1CCC(CC2CCC(C3CC4CCCCC4C3)CC2C2CCCCC2)CC1
C1CCC(C2CCC(CC3CCC4CCCC4C3)CC2)CC1
C1CCC(CC2CCC(CCC3CCCC(C4CCC5CCCC5C4)C3)CC2)CC1
C1CCC(C2CCC(C3CC3)CC2C2CCCCC2)CC1
C1CCC(CC(CC2CCCC(C3CCCCC3)C2)C2CC(CC3CC3)CC(C3CCCCC3)C2)CC1
C1CCC(C2CCC(C3CC(C4CCCCC4)CCC3C3CCCCC3)CC2)CC1
C1CCC(CCC2CCC(C3CCCC4CCCCC43)C(C3CCCC3)C2)CC1
C1CCC(CC2CCC(CC3CCC(CCCC4CCCC4)CC3)CC2)CC1
C1CCC(CCCC2CCC(CCCC3CCC(CC4CCCCC4)CC3)CC2)CC1
C1CCC(CC2CCC(C3CCCC(CC4CC5CC6CCCCC6C5C4)C3)CC2)CC1
C1CCC(C2CCCC(C3CCCCC3C3CCCCC3)C2)CC1
C1CCC(CC2CCC(CC3CCCCC3)CC2)CC1
C1CCC(C2CCCC(C3CCCCC3)C2)CC1
C1CCC(CC2CCCC(CC3CCCCC3)C2)CC1
C1CCC(C2CCCC(C3CCCC(C4CCCCC4)C3)C2)CC1
C1CCC(CC2CCCC(CCC3CCCC3)C2)CC1
C1CCC(CC2CCCCC2CC2CCC(C3CC(CC4CCCC4)C4CCCCC43)CC2)CC1
C1CCC(CCC2CCCC(CCC3CCC(C4CCCCC4)CC3)C2)CC1
C1CCC(C2CCCC(CCC3CCC(C4CCC5CCCCC54)CC3)C2)C1
C1CCC(C2CC(C3CCCCC3)CC(C3CCC3)C2)CC1
C1CCC(CCC2CCCC(C3CCCC(CC4CCCCC4)C3)C2)CC1
C1CCC(CCC2CCC(CC3CCC(C4CCCCC4)CC3)CC2)CC1
C1CCC(CC2CCC(CC3CCC(C4CCCCC4)CC3)CC2)CC1
C1CCC(CC2CCCCC2C2CCCCC2C2CCC3CCCC3C2)CC1
C1CCC(CCCC2CCC(CC3CCCCC3)CC2)CC1
C1CCC(CCCCCC2CCC(CC3CCC(C4CCCCC4)CC3)CC2)CC1
C1CCC(CCCC2CCCC(CC3CCCCC3)C2)CC1
C1CCC(C2CCC(CC3CCCCC3C3CCC4CCCC4C3)CC2)C1
C(CCCC1CCCC(CCC2CCCCC2)C1)CCCC1CC2CCCCC2C1
C1CCC(CC2CCCC(C3CCCCC3)C2)CC1
C1CCC(CC2CCC(C3CCC4C(CCCC4C4CCC(C5CCCC6CCCCC65)CC4)C3)CC2)CC1
C1CCC(CCCC2CCC(CC3CCC3)CC2)CC1
C1CCC(CCC2CCCCC2CCC2CCCC(C3CCC(C4CCCCC4)CC3)C2)CC1
C1CCC(C2CCCC(C3CCCCC3)C2)CC1
C1CCC(C2CCCCC2CC2CCC(CCC3CC4CCCCC4C3)CC2)CC1
C1CCC(C2CCCC(C3CCCCC3C3CCC4CCCCC4C3)C2)CC1
C1CCC(C2CC(C3CCC4CCCCC43)CC3CCC(CC4CCC5CCCC5C4)CC32)CC1
C1CCC(CC2CCCC(C3CCC(C4CCCCC4)CC3)C2)CC1
C1CCC(CC2CCC(CC3CCCC(CCC4CC4)C3)CC2)CC1
C1CCC(CC2CCCCC2C2CCCCC2C2CCCC2)CC1
C1CCC(C2CCC(C3CCCC(CCC4CCCC4)C3)CC2C2CCCC2)CC1
C1CCC(CCCC2CCC(CC3CCC4CC(C5CCCC(CCC6CCCC6)C5)CCC34)CC2)CC1
C1CCC(CC2CC(C3CCCCC3)CC(C3CCCCC3)C2)CC1
C1CCC(CC2CCC(CCCC3CCC(C4CCCCC4)CC3)CC2)CC1
C1CCC(C2CCC(C3CCCC(C4CCCCC4)C3)CC2)CC1
C1CCC(CCC2CCC(C3CCCCC3)CC2)CC1
C1CCC(CC2CCC(CC3CCCC(CC4CCCCC4)C3)CC2)CC1
C1CCC(C2CCCC(CC3CCCC3)C2)CC1
C1CCC(C2CCC(C3CCCC3)CC2)CC1
C1CCC(C2CCC(C3CCC(CC4CCCC(CC5CC5)C4)CC3)CC2)CC1
C1CCC(CCCCCC2CCC(C3CCC(C4CCCCC4)CC3)CC2)CC1
C1CCC(CCC2CCCCC2CC2CCCCC2)CC1
C1CC(C2CCCC(CC3CCCC(C4CCCC(CC5CC6CCCCC6C5)C4)C3)C2)C1
C1CCC(C2CCC3CC(C4CCC5CCCCC54)CCC3C2)CC1
C1CCC(CCC2CC(C3CCC3)CC(C3CCCC(CC4CCCCC4)C3)C2)CC1
C1CCC(CC2CCC(C3CCCCC3)CC2)CC1
C1CCC(C2CCC(CCC3CCC(CC4CCC(C5CCCCC5)CC4)CC3)CC2)CC1
C1CCC(CCCC2CCCCC2C2CCC(C3CC3)CC2)CC1
C1CCC(CCCC2CCC(C3CCCCC3)C(C3CCC4CCCC4C3)C2)CC1
C1CCC(CCC2CCC(CC3CCC4CCCCC4C3)CC2)CC1
C1CCC(C2CCC(CC3CCC(CCCC4CCCC4)CC3)CC2)CC1
C1CCC(CC2CCCC(CC3CCCC(CC4CCCCC4)C3)C2)CC1
C1CCC(C2CCCCC2CC2CCC3CCCCC3C2)CC1
C1CCC(CC2CCC(C3CCC(C4CCCCC4)C(C4CCCCC4)C3)CC2)CC1
C1CCC(C2CCC(C3CCCCC3)CC2)CC1
C1CCC(C2CCCC(CCCCC3CCC(C4CCCCC4)C3)C2)CC1
C1CCC(C2CCC(C3CCCCC3C3CCCC(C4CCCC4)C3)C(C3CCCCC3)C2)CC1
C1CCC(CCCC2CCC(CC3CCC(C4CCCC4)CC3)CC2)CC1
C1CCC(CCCC2CCC(C3CCCCC3)CC2)CC1
C1CCC(C2CCC(C3CCC(CC4CCC(CC5CC5)CC4)CC3)CC2)CC1
C1CCC(CCC2CCC(CC3CCC(CC4CC4)CC3)CC2)CC1
C1CCC(CC2CCCC(C3CCCCC3)C2)CC1
C1CCC(CCC2CC(CC3CCCC(C4CCCC(C5CCCCC5)C4)C3)C3CCCCC23)CC1
C1CCC(C2CC(C3CCC3)CC(C3CCCCC3CC3CCCC3)C2)CC1
C1CCC(CC2CCCC(CCC3CCC(C4CCC4)CC3)C2)CC1
C1CCC(CCC2CCCC(CC3CCCC(CC4CCC5CCCCC5C4)C3)C2)CC1
C1CCC(CCCCC2CCC(CC3CCCCC3C3CCCC3)CC2)CC1
C1CCC(C2CCC(C3CCC(C4CCCCC4)C3)C(CCC3CCC4CCCCC4C3)C2)CC1
C1CCC(CC2CCCC(C3CCCC(CC4CCCCC4)C3)C2)CC1
C1CCC(C2CCC(C3CCCC(CC4CC5CCCCC5C4)C3)CC2)C1
C1CCC(CC2CCCC(C3CCC4CCCC4C3)C2)CC1
C1CCC(C2CCCC(CCC3CCCC(C4CCCCC4)C3)C2)CC1
C1CCC(CCC2CC(C3CC4CCCCC4C3)CCC2C2CCCCC2)CC1
C1CCC(CC2CCC(CC3CCCC(C4CCCCC4)C3)CC2)CC1
C1CCC(C2CC(C3CCC4CCCCC43)CC3CCC(CC4CCCC4)CC32)CC1
C1CCC(CCCC2CCCCC2)CC1
C1CCC(C2CCCCC2CCC2CCC(C3CCCC3)CC2)CC1
C1CCC(CC2CCC(CCC3CCC(CC4CCCCC4)CC3)CC2)CC1
C1CCC(CCCC2CCC(CC3CCCCC3)CC2C2CCCCC2)CC1
C1CCC(CCC2CCCC(CCC3CCCCC3)C2)CC1
C1CCC(C2CCCCC2C2CCC(CC3CCC(C4CC4)CC3)CC2)C1
C1CCC(CCCC2CCCC(C3CCC(C4CCCC(C5CCCCC5)C4)CC3)C2)CC1
C1CCC(CC2CCC(CCC3CCCC(C4CCC(CC5CCCCC5)CC4)C3)CC2)CC1
C1CCC(C2CCCC(CCCC3CCCC(C4CCC4)C3)C2)CC1
C1CCC(C2CCCCC2C2CCC(C3CCC4CCCCC4C3)CC2)CC1
C1CCC(C2CCCC2CC2CCC(CCCC3CC4CCCCC4C3)CC2)CC1
C1CCC2CC(CCC3CCCCC3C3CCCCC3C3CCCC3)CC2C1
C1CCC(C2CCCCC2CCCC2CCCC(C3CC3)C2)CC1
C1CCC(C2CCCCC2C2CCCC(C3CCCCC3C3CCCC3)C2)CC1
C1CCC(CCCC2CCCCC2C2CCCCC2)CC1
C1CCC(CC2CC(C3CCCCC3)C3CCCCC23)CC1
C1CCC(CC2CCC(C3CCCCC3)C(C3CCCC3)C2)CC1
C1CCC(CC2CCC(C3CCCCC3)CC2)CC1
C1CCC(CCCCC2CCC(C3CCCCC3)CC2)CC1
C1CCC(CC2CCCC(CC3CCC(CC4CCCCC4)C(C4CCCC4)C3)C2)CC1
C1CCC(CCCCC2CCC(C3CCCC(CC4CCCCC4)C3)CC2)CC1
C1CCC(CC2CCC(CC3CCC(C4CCCCC4)CC3)CC2C2CCCCC2)CC1
C1CCC(C2CCC(C3CCC4CCCCC4C3)CC2)CC1
C1CCC(C2CCCC(CC3CCCC(C4CCCCC4)C3)C2)CC1
C1CCC(CC2CCC3CCC(CC4CCCCC4)C3C2)CC1
C1CCC(CCC2CCCCC2CCC2CCCCC2CC2CCCCC2)CC1
C1CCC(C2CCCC(CCCC3CCC(C4CC4)CC3C3CCCC3)C2)CC1
C1CCC(CCCC2CC(CC3CCCC(C4CCCCC4)C3)C3CCCCC23)CC1
C1CCC(CCC2CCCC(C(C3CCCCC3)C3CCCC(C4CCCCC4)C3)C2)CC1
C1CCC(CCC2CCC(C3CCC4C(CC5CCCC(C6CC6)C5)CCC4C3)CC2)CC1
C1CCC(C2CCC(C3CCCCC3C3CC(C4CC5CCCCC5C4)C4CCCCC43)C2)CC1
C1CCC(C2CCCC(C3CCCCC3)C2)CC1
C1CCC(CC2CCCC(C3CCCCC3CCC3CCCCC3C3CCCCC3)C2)CC1
C1CCC(C2CCCC(CC3CCC(CC4CCCC(C5CCCCC5)C4)CC3)C2)CC1
C1CCC(CCC2CC(C3CCC(CCC4CCC5CCCCC5C4)CC3)C3CCCCC23)CC1
C1CCC(CC2CCCC(C3CCCCC3)C2)CC1
C1CCC(CCC2CCC(CCC3CCC(C4CCCC4)CC3C3CCCCC3)CC2)CC1
C1CCC(C2CCCC(C3CCCCC3)C2)CC1
C1CCC(C2CCCC(C3CC3)C2)CC1
C1CCC(C2CCC(CC3CCCC(C4CCCCC4)C3)CC2)CC1
C1CCC(CCCC2CC(C3CCCCC3)C(C3CCCCC3)C(C3CCCC3)C2)CC1
C1CCC(CCC2CCC(C(CC3CC3)C3CCC(C4CCCC(CC5CC5)C4)CC3)CC2)CC1
C1CCC(CC2CCC(C3CCCCC3)CC2)CC1
C1CCC(CC2CCCCC2CCCC2CCCCC2C2CCC3CCCC3C2)CC1
C1CCC(C2CCC(C3CCC4CCCC4C3)CC2)CC1
C1CCC(C2CCCC(C3CCCCC3)C2)CC1
C1CCC(C2CCC3CCCCC32)CC1
C1CCC(CC2CCC(C3CCCCC3)C(CC3CC4CCCCC4C3)C2)CC1
C1CCC(CCC2CCC(C3CCC3)CC2)CC1
C1CCC(CC2CCCCC2C2CCC(C3CCCC3)CC2)CC1
C1CCC(C2CCCC(C3CCCC3C3CCCCC3)C2)CC1
C1CCC(CCC2CCC(CC3CCCCC3)CC2)CC1
C1CCC(C2CCC(CC3CCCC(CC4CCCC(C5CCCCC5)C4)C3)CC2)CC1
C1CCC(C2CCC(CCC3CCC(C4CCCC5CCCCC54)CC3)CC2)CC1
C1CCC(CC2CCCC(CC3CCCC(C4CCCCC4)C3)C2)CC1
C1CCC(CCCC2CCC(CC3CCC(C4CCCC4)CC3)CC2)CC1
C1CCC(CC2CCC(C3CC(CC4CCCCC4)C4CCCCC43)CC2)CC1
C1CCC(C2CC(C3CCCCC3)CC(C3CCCCC3)C2)CC1
C1CCC(CC2CCCCC2C2CCCC(C3CCCCC3)C2)CC1
C1CCC(C2CCC(C3CCCCC3CC3CCCC3)CC2)CC1
C1CCC(CCC2CCCC(C3CCCCC3)C2)CC1
C1CCC(CC2CCC(CC3CCCCC3)C(CC3CCCCC3)C2)CC1
C1CCC(CC2CCCCC2C2CCCCC2)CC1
C1CCC(CCCCCC2CCCC(C3CCC(C4CCCC4)CC3)C2)CC1
C1CCC(CC2CCC(CC3CCC4CCCCC43)CC2)CC1
C1CCC(C2CCCC(C3CCCCC3)C2)CC1
C1CCC(CC2CCCC(C3CCCCC3)C2)CC1
C1CCC(CCCC2CCCC(CCC3CCCCC3)C2)CC1
C1CCC(CCC2CCCC(CC3CCCC(C4CCCCC4)C3)C2)CC1
C1CCC(CCCCCC2CCC(CCC3CCCCC3)CC2)CC1
C1CCC(CCC2CCCC(C3CCCCC3)C2)CC1
C1CCC(C2CCCC(C3CCCC(CCC4CC5CCCCC5C4)C3)C2)CC1
C1CCC(CC2CCC(C3CCC(CCC4CCC(C5CCCCC5)CC4)CC3)CC2)CC1
C1CCC(CC2CCC(C3CCC(C4CCCCC4)CC3)CC2)CC1
C1CCC(C2CCCCC2C2CCCCC2)CC1
C1CCC(CC2CCC(CCC3CCC(CCC4CC4)CC3)CC2)CC1
C1CCC(CCC2CCC(CCC3CCCCC3)CC2)CC1
C1CCC(CC2CCC(C3CCC(CCC4CCCC(C5CCCCC5)C4)CC3)CC2)CC1
C1CC(C2CC(C3CCCC(CC4CCC5CCCCC54)C3)CC(C3CCC4CCCC4C3)C2)C1
C1CCC(C2CCCCC2CCC2CCC3CCCCC3C2)CC1
C1CCC(C2CCC(CC3CC4CCCCC4C3)CC2C2CCCCC2)CC1
C1CCC(C2CCC(CCC3CC(C4CCCCC4)C4CCCCC34)CC2)CC1
C1CCC(C2CCC(C3CCCC3)C(C3CCCCC3)C2)CC1
C1CCC(CC2CCC3C(CC4CCCCC4)CC(CCC4CCC5CCCCC5C4)C3C2)CC1
C1CCC(CC2CCC(C3CCCC(C4CC(C5CCCCC5)C5CCCCC45)C3)CC2)CC1
C1CCC(C2CC(C3CCCCC3)CC(C3CCCCC3)C2)CC1
C1CCC(C2CC(C3CCCC3)C3CCCCC23)CC1
C1CCC(C2CCCCC2CC2CCC(CC3CCCCC3C3CCCC3)CC2)C1
C1CCC(C2CC3CCCCC3C(C3CCCCC3)C2)CC1
C1CCC(C2CCC(CC3CCC(CC4CC(CC5CCCC5)C5CCCCC45)CC3)C2)CC1
C1CCC(CCC2CCC(CC3CCCC(C4CCCCC4)C3)CC2)CC1
C1CCC(CCC2CCCC(CCC3CCC(CC4CCCCC4)CC3)C2)CC1
C(CCC1CCC(CC2CCCCC2)CC1)CCC1CCC(C2CCCCC2)CC1
C1CCC(CC2CC(C3CC(C4CCCCC4)C4CCCCC34)CCC2C2CCC2)CC1
C1CCC(CC2CCC(CC3CCC(C4CCCCC4)CC3)CC2)CC1
C1CCC(C2CCC(CC3CC4CCCCC4C3)CC2C2CCCCC2)CC1
C1CCC(CC2CCCC(C(C3CCCCC3)C3CC3)C2)CC1
C1CCC(CC2CCCC(CC3CC(CC4CCCCC4)CC(C4CCCC4)C3)C2)CC1
C1CCC(CCCC2CCC(C3CCC(C4CCCCC4)C(C4CCCC4)C3)CC2)CC1
C1CCC2CC(CC3CCC(C4CCCC(C5CCCC5)C4)CC3)CCC2C1
C1CCC(CC2CCCC(C3CCCCC3)C2)CC1
C1CCC(CCCC2CCC(C3CCCCC3C3CCC4CCCCC4C3)CC2)C1
C1CCC(CC2CC(CCCCCC3CCCC3)CCC2C2CCC2)CC1
C1CCC(CCCC2CCCC(C3CCCC(CC4CCCCC4)C3)C2)CC1
C1CCC(CCCCC2CC3CCC(CC4CCCCC4)CC3C(C3CCCCC3)C2)CC1
C1CCC(CC2CCCCC2C2CCC(CCC3CC3)CC2)CC1
C1CCC(CC2CC(C3CCCCC3)C3CC(CCC4CC4)CCC23)CC1
C1CCC(CC2CCC(CCC3CCCCC3CC3CCCCC3)C(C3CCCC3)C2)CC1
C1CCC(CC2CCCC(CC3CCC(CC4CCC(CCC5CC6CCCCC6C5)CC4)CC3)C2)C1
C1CCC(CC2CCCCC2CC2CCCCC2C2CCCCC2)CC1
C1CCC(C2CCC(C3CCCCC3)CC2)CC1
C1CCC(CCC2CCCCC2C2CCCCC2)CC1
C1CCC(CC2CCC(CC3CCCCC3)CC2)CC1
C1CCC(C2CCCCC2C2CCCC(C3CCCCC3C3CCCCC3C3CCCCC3)C2)CC1
C1CCC(CC2CCCC(C3CC(CC4CCCC4)C4CCCCC43)C2)CC1
C1CCC(C2CCCCC2C2CCCC(C3CCCC3)C2)CC1
C1CCC(C2CCCC(C3CCCCC3)C2)CC1
C1CCC(CCCCC2CCC(C3CCCCC3C3CCCC(C4CCCCC4)C3)CC2)CC1
C1CCC(C2CCCC(C3CCCC(C4CCCCC4)C3)C2)CC1
C1CCC(C2CCC(CCC3CCCC(C4CCC(C5CCCC5)CC4)C3)CC2)CC1
C1CCC(CC2CCC(CC3CCC(CC4CCCCC4)CC3)CC2)CC1
C1CCC(C2CCC(C3CCC(C4CCCCC4C4CCCCC4)CC3)CC2)CC1
C1CCC(C2CC(CC3CCCCC3C3CCCC4CCCCC43)CCC2C2CCCC(C3CC3)C2)CC1
C1CCC(C2CCC(CC3CCCCC3C3CCCC3)CC2)CC1
C1CCC(C2CCCCC2CCC2CCC(C3CCC3)CC2)CC1
C1CCC(CCC2CCCC(C3CCCCC3)C2)CC1
C1CCC(CC2CCC(C3CCCCC3C3CCCCC3)CC2)CC1
C1CCC(CC2CCCC(C3CC3)C2)CC1
C1CCC(CCC2CCCCC2C2CCCCC2C2CCCCC2)CC1
C1CCC(CCCC2CCCCC2)CC1
C1CCC(CCC2CCC3CC(C4CCCCC4CC4CCCCC4)CCC23)CC1
C1CCC(C2CCC(C3CCCCC3C3CC3)CC2)CC1
C1CCC(CCCC2CCC(C3CCCCC3)CC2)CC1
C1CC(CC2CCC(C3CC(CCCCC4CCC5CCCCC5C4)C4CCCCC43)CC2)C1
C1CCC(CCCCC2CCC(CC3CCCCC3)CC2)CC1
C1CCC(CCCC2CC(C3CCCCC3)CC(C3CCCCC3)C2)CC1
C1CCC(C2CCCC(CC(C3CCCCC3)C3CC3)C2)CC1
C1CCC(CC2CCCC(C3CCCCC3)C2)CC1
C1CCC(CCCCCC2CCC(CC3CCCCC3)CC2)CC1
C1CCC(CCC2CC(C3CCCC(C4CC5CCCCC5C4)C3)C3CCCCC23)CC1
C1CCC(CCCC2CCC3C(CC4CCCCC4)CC(C4CCCCC4)C3C2)CC1
C1CCC(CCC2CCCC(CC3CCC(CC4CCCCC4)CC3)C2)CC1
C1CCC(CC(CC2CC2)C2CCCC(C3CCCCC3C3CCC4CCCCC43)C2)CC1
C1CCC(CCCC2CCC(CC3CCCCC3)CC2)CC1
C1CCC(C2CCC(CCCC3CCCC(C4CCCC(C5CCCC5)C4)C3)CC2)CC1
C1CCC(C2CCC(CCCC3CCCC(C4CCCCC4)C3)CC2)CC1
C1CCC(CCC2CCC(CC3CCC(C4CCCCC4)CC3)CC2)CC1
C1CCC(CC2CCCCC2CC2CCCCC2)CC1
C1CCC(C2CCCC(C3CCCC(C4CCCC(C5CCCCC5)C4)C3)C2)CC1
C1CCC(CC2CCCC(C3CCCCC3)C2)CC1
C1CCC(C2CCCC(C3CCCCC3C3CCCC3)C2)C1
C1CCC(C2CCCCC2)CC1
C1CCC(C2CCCCC2CC2CC(C3CCC4CCCCC43)CC3CCCCC32)CC1
C1CCC(C2CCCCC2CCC2CCC(C3CCCC3)CC2)CC1
C1CCC(C2CCC(CCC3CC4CCCCC4C3)CC2)CC1
C1CCC(CC2CCCC(CC3CCCCC3C3CCCC3)C2)CC1
C1CCC(CC2CCC(CCCC3CCC(C4CCCCC4)CC3C3CCCC3)CC2)CC1
C1CCC(CC2CCCC(C3CCCC(C4CCCCC4)C3)C2)CC1
C1CCC(C2CCC(C3CCCCC3)CC2)CC1
C1CCC(CCCC2CCCC(C3CCCC(CC4CCCCC4)C3)C2)CC1
C1CCC(C2CCCC(C3CCCCC3CCC3CCCCC3C3CCCC3)C2)CC1
C1CCC(CCCC2CCCC(C3CC4CCCCC4C3)C2)CC1
C1CCC(CCCCCC2CCCC(C3CC4CCCCC4C3)C2)CC1
C1CCC(CCCCCC2CCC(CCCC3CCCCC3)CC2)CC1
C1CCC(CCC2CCCC(CCC3CCCCC3)C2)CC1
C1CCC(CCC2CCCCC2CCC2CCCCC2)CC1
C1CCC(CC2CCCC(C3CC(C4CCCCC4)CC(C4CCC4)C3)C2)CC1
C1CCC(CC2CCC(C3CCCCC3CC3CCCCC3)CC2)CC1
C1CCC(CC2CCC(C3CCCCC3CC3CC(C4CCCCC4)C4CCCCC34)CC2)CC1
C(CCCC1CCCCC1CC1CCCCC1)CCC1CCC(C2CC3CCCCC3C2)CC1
C1CCC(CCC2CC(C3CCCCC3)C3CCCCC23)CC1
C1CCC(CC2CCCCC2CCC2CCC(C3CCC(C4CCCC(C5CCCCC5)C4)CC3)C2)CC1
C1CC(CC2CC2)CC(CC2CCC(C3CCCC(C4CCCC4)C3)CC2)C1
C1CCC(CCCCC2CCC(C3CCCCC3)CC2)CC1
C1CCC(C2CCC(CCC3CC4CCCCC4C3)CC2)CC1
C1CCC(CC2CCCCC2C2CCCC2CC2CCCC(C3CCCC3)C2)CC1
C1CCC(C2CCCCC2CC2CCC(CC3CCC(C4CCCC4)CC3)CC2)CC1
C1CCC(CCC2CC(C3CC4CCCCC4C3)C3CCCCC23)CC1
C1CCC(C2CCC(CCCC3CCCC(C4CCCC4)C3)C(C3CCCCC3)C2)CC1
C1CCC(CC2CC3CCCCC3C(C3CCCCC3)C2)CC1
C1CCC(C2CCC(CC3CCC3)CC2)CC1
C1CCC(CCCCC2CCCC(CC3CC3)C2)CC1
C1CCC(CCC2CCCCC2C2CCCCC2C2CCCCC2)CC1
C1CCC(CC2CCC(C3CCC(C4CCCCC4)CC3)CC2)CC1
C1CCC(CC2CCC(C3CCCCC3)CC2)CC1
C1CCC(C2CC3CCC(CCC4CCC5CCCCC5C4)CC3C2)CC1
C1CCC(CC2CCCC(C3CCC(C4CCCCC4)CC3)C2)CC1
C1CCC(CCCCC2CCCC(C3CCC(CC4CCC(CC5CCCCC5)CC4)CC3)C2)CC1
C1CCC(CC2CCC(CC3CCCC(C4CCCC4)C3)CC2)CC1
C1CCC(CC2CCCCC2CC2CCCCC2CC2CCCC(C3CCCCC3)C2)CC1
C1CCC(CC2CCCC(CC3CCC4CCCC4C3)C2)CC1
C1CCC(CCCCC2CCC(C3CCCCC3)CC2)CC1
C1CCC(CC2CCCCC2C2CC(C3CCCCC3)C3CCCCC32)CC1
C1CCC(C2CCC(CC3CCCC(CC4CC4)C3)CC2)CC1
C1CCC(CC2CCC(C3CCCC(CC4CCCCC4)C3)CC2)CC1
C1CCC(CCC2CCCC(C3CCCC(C4CCCC(CC5CCCC5)C4)C3)C2)CC1
C1CCC(C2CCC(CC3CCCCC3C3CCCCC3)CC2)CC1
C1CCC(C2CCCCC2C2CCC(C3CCCCC3C3CCCCC3)C2)CC1
C1CCC(CC2CCC(C3CCCCC3)CC2)CC1
C1CCC(C2CCC(CC3CCC(C4CCCC(C5CCCCC5)C4)CC3)CC2)CC1
C1CCC(CCCC2CCCC3CCC(CC4CCCCC4)CC23)CC1
C1CCC(CCC2CCC(CC3CCC(CC4CCCCC4)CC3)CC2)CC1
C1CCC(CCCC2CCCC(CC3CCCCC3)C2)CC1
C1CCC(CC2CCC(CC3CCC(C4CCCC4)CC3C3CCCC3)CC2)CC1
C1CCC(C2CCCC(CC3CCCCC3C3CCCCC3)C2)CC1
C1CCC(CC2CC(C3CCCC(C4CCCCC4)C3)C3CCCCC23)CC1
C1CCC(CC2CC(C3CCC(C4CCCCC4)CC3)C3CCCCC23)CC1
C1CCC(C2CCCC(C3CCCC(C4CC(C5CCC6CCCCC65)CCC4C4CCCCC4)C3)C2)CC1
C1CCC(CC2CCCC(C3CCC(CCC4CCC5CCCC5C4)CC3)C2)CC1
C1CCC(CC2CCCC(C(C3CCCCC3)C3CCC4CCCC4C3)C2)CC1
C1CCC(CCCC2CCC3C(CC4CCCCC4)CCC3C2)CC1
C1CCC(C2CCCC(C3CCCCC3C3CCCCC3)C2)CC1
C1CCC(CC2CCC(CC3CCCCC3)CC2)CC1
C1CCC(C2CCCCC2CC2CCCCC2C2CCC3CCCCC32)CC1
C1CCC(CC2CCCCC2C2CCCC(CC3CCCC3)C2)CC1
C1CCC(CC2CCC(CC3CCCCC3)CC2)CC1
C1CCC2C(C1)CCC2C1CC2CCCCC2C(C2CCCC2C2CCCC2)C1
C1CCC(C2CCCCC2C2CCCC(CC3CCC4CCCCC4C3)C2)CC1
C1CCC(C2CCCC(CCCC3CCCC4CC(C5CCCCC5)CCC34)C2)CC1
C1CCC(C2CCC(C3CCCCC3)C(C3CCCC3)C2)CC1
C1CCC(CC2CCC3CC(C4CCCCC4)CC(C4CCCCC4)C3C2)CC1
C1CCC(C2CCC(C3CCCC(C4CCCCC4)C3)CC2)CC1
C1CCC(CCC2CCCC(C3CCC(C4CCCCC4)CC3)C2)CC1
C1CCC(CCCC2CCCC(C3CCCCC3)C2)CC1
C1CCC(CCC2CCCC(C3CCCC(CCC4CCCC4)C3)C2)CC1
C1CCC(CCC2CCC(CC3CCC(CC4CCCCC4)CC3)CC2)CC1
C1CCC(C2CCC(C3CCCC3C3CC(C4CCCCC4)CC(C4CCCCC4)C3)CC2)CC1
C1CCC(C2CCCC(CC3CCC4CCCC(C5CCC(C6CCCC6)C5)C4C3)C2)CC1
C1CCC(C2CCCCC2)CC1
C1CCC(CCC2CCC(C3CCCCC3)C(C3CCC4CCCC4C3)C2)CC1
C1CCC(C2CCC(C3CC3)CC2C2CCCCC2)CC1
C1CCC(CC2CCC(CCCCC3CCCC(CC4CCC5CCCC5C4)C3)CC2)CC1
C1CCC(C2CCC(C3CC(CCC4CCCC4)CC(CC4CCCC4)C3)CC2)CC1
C1CCC(C2CCCCC2)CC1
C1CCC(CC2CCC(CC3CCCCC3)CC2)CC1
C1CCC(C2CCCC3CC(C4CCCCC4C4CCCC(CC5CCC5)C4)CCC32)CC1
C1CCC(CC2CCC(CC3CCCCC3)CC2)CC1
C1CCC(C2CCCCC2C2CCCCC2)CC1
C1CCC(CCCC2CCC(CC3CCC(CCC4CC4)CC3)CC2)CC1
C1CCC(CCC2CCC(C3CCCCC3)CC2C2CCCCC2)CC1
C1CCC(C2CCC(C3CCCCC3)CC2)CC1
C1CCC(CC2CCC(C3CCCCC3)CC2)CC1
C1CCC(C2CCC(C3CCCC3C3CCCCC3C3CCC4CCCCC4C3)CC2)C1
C1CCC(CCC2CCCCC2CC2CCC(C3CCCCC3)CC2)CC1
C1CCC(C2CCC(CC3CCCC(C4CCCCC4CC4CC5CCCCC5C4)C3)CC2)CC1
C1CCC(CC2CCC(CCC3CCC(C4CCCC5CCCCC54)CC3)CC2)CC1
C1CCC(CC2CCCC(CCC3CC(C4CCC5CCCCC54)CC4CCCCC43)C2)CC1
C1CCC(CCCC2CCCCC2C2CCCCC2)CC1
C1CCC(CC2CCCC(C3CCC(CC4CCC(C5CCCC5)CC4)CC3)C2)CC1
C1CCC(C2CCCC(CC3CCC(CC4CC5CCCCC5C4)CC3C3CCCCC3)C2)CC1
C1CCC(CC2CCC(C3CCCC(C4CC4)C3)CC2)CC1
C1CC2CCC(CC3CCC(C4CCC(C5CCC6CCCCC65)CC4)CC3)CC2C1
C1CCC(CC2CCC(CCCCC3CCCC(CC4CCCCC4)C3)CC2)CC1
C1CC(CCC2CCCC2C2CCC3CCCCC3C2)CC(CC2CC2)C1
C1CCC(CCCC2CCCCC2)CC1
C1CCC(CCC2CC(CC3CCCCC3)CCC2C2CCCCC2)CC1
C1CCC(CCC2CCCCC2CC2CCCC(C3CCCC3)C2)CC1
C1CCC(C2CCC(CC3CCCCC3CC3CCC4CCCC4C3)CC2)CC1
C1CCC(CCCCC2CCCC(C3CCCCC3)C2)CC1
C1CCC(CCCC2CCCC(C3CCCCC3)C2)CC1
C1CCC(CCCC2CCCCC2CC2CC3CCCCC3C2)C1
C1CCC(C2CCC(CCCC3CCCC(C4CCCCC4)C3)CC2)CC1
C1CCC(CC2CCC(CC3CCC(CC4CC5CCCCC5C4)CC3)CC2)CC1
C1CCC(CCC2CCC(CCC3CC(C4CCCCC4)C4CCCCC34)CC2)CC1
C1CCC(C2CCC(C3CCCCC3)C(C3CCCC(C4CC4)C3)C2)CC1
C1CCC(CC2CCC(C3CCCC(CC4CCCC4)C3)C(CC3CCC(C4CCCCC4)CC3)C2)CC1
C1CCC(C2CCC3C(CCC3C3CCC(CC4CCCC(CC5CCCC5)C4)CC3)C2)CC1
C1CCC(CC2CCC(C3CCCC(CC4CCCC4)C3)CC2)CC1
C1CCC(CC2CCCCC2CC2CC3CCCCC3C2)CC1
C1CCC(CC2CCCCC2C2CCC(C3CCCC(C4CC4)C3)CC2)CC1
C1CCC(CC2CCC(C3CCCCC3CC3CCCCC3)CC2)CC1
C1CCC(C2CCC(CC3CC(CC4CC5CCCCC5C4)C4CCCCC34)CC2)C1
C1CCC(CCC2CCCC(CCCCC3CCC(CC4CCCCC4)CC3)C2)CC1
C1CCC(C2CC(CCC3CCCC4CCCCC43)CC3CCCCC32)CC1
C1CCC(CC2CCCC(C3CCCCC3)C2)CC1
C1CCC(CC2CCC(CC3CCCC(C4CCCCC4)C3)CC2)CC1
C1CCC(C2CCC(CCC3CC4CCCCC4C3)CC2)CC1
C1CCC(C2CCCC(C3CCC(CCC4CCC(CC5CCC(C6CC6)CC5)CC4)CC3)C2)CC1
C1CCC(CC2CCC(CCCC3CCCCC3C3CC3)CC2)CC1
C1CCC(CCC2CCC(C3CCCCC3)CC2)CC1
C1CCC(CCCCC2CCCCC2C2CCCCC2)CC1
C1CCC(C2CC(CC3CC4CCCCC4C3)CCC2CCC2CC3CCCCC3C2)CC1
C1CCC(CCC2CCC(C3CCC(C4CCCC4)CC3)CC2)CC1
C1CCC(CCC2CC(C3CCC4CCCCC43)C3CC(C4CCCCC4)CCC23)CC1
C1CCC(CC2CC(C3CCC(C4CCC(C5CCCCC5)CC4)C3)C3CCCCC23)CC1
C1CCC(CCC2CCC(C3CCC4CCCCC43)C(C3CCCCC3)C2)CC1
C1CCC(C2CCCCC2)CC1
C1CCC(CC2CC3CCC(CC4CCCCC4)CC3C(C3CCCCC3)C2)CC1
C1CCC(C2CCCC(C3CC(C4CCCCC4)CC4CCCCC43)C2)CC1
C1CCC(C2CCC(C3CC3)CC2)CC1
C1CCC(CC2CCCCC2)CC1
C1CCC(CC(CCCC2CCCC2)CCC2CCC3CCCC3C2)CC1
C1CCC(CCC2CCC(CCC3CCC(CC4CCCCC4)CC3)CC2)CC1
C1CCC(CCCCC2CCC(C3CCCCC3)CC2)CC1
C1CCC(CC2CCCC(CCC3CCCC(C4CCCC(CC5CCCCC5)C4)C3)C2)CC1
C1CCC(C2CCCC(CC3CCC(C4CCC4)CC3)C2)CC1
C1CCC(C2CCCCC2CCC2CCC(CC3CCC4CCCCC43)CC2)CC1
C1CCC(CC2CC(CCC3CC(CC4CC4)CCC3C3CCCCC3)C3CCCCC23)CC1
C1CCC(CCC2CCCCC2CC2CCCCC2)CC1
C1CC(C2CCCC(C3CCCCC3CCC3CC4CCCCC4C3)C2)C1
C1CCC(CC2CCC(C3CCCC(CC4CCCCC4)C3)CC2)CC1
C1CCC(CC2CC(C3CCC(C4CCCCC4)CC3)C3CCCCC23)CC1
C1CCC(CC2CCCC(C3CCCCC3)C2)CC1
C1CCC(CCC2CC3CCC(C4CCCCC4)CC3C(C3CCCCC3)C2)CC1
C1CCC(CC2CCCCC2CCC2CCC(CC3CCCC3)CC2C2CCCC2)CC1
C1CCC(C2CCCC(C3CCC(C4CCCC5CCCCC54)CC3)C2)CC1
C1CCC(CC2CCC(CCCC3CCCC(CC4CCC4)C3)CC2)CC1
C1CCC(CC2CCC(CCCC3CCC(C4CCCC(CC5CCC5)C4)CC3)CC2)CC1
C1CCC(CCC2CCCC(CCCC3CCC(C4CCCCC4)CC3)C2)CC1
C1CCC(CC2CCCC(C3CCCC(C4CCCC(C5CCCCC5)C4)C3)C2)CC1
C1CCC(CCC2CC(CC3CCCCC3)CC(C3CCCC3)C2)CC1
C1CCC(CC2CCC(CC3CCC(CC4CCCCC4)CC3CC3CCCCC3)CC2)CC1
C1CCC(C2CCC(CC3CCC(CC4CCCC4)CC3)CC2)CC1
C1CCC(C2CCCCC2)CC1
C1CCC(C2CCCCC2C2CCCCC2C2CCCC2)CC1
C1CCC(CC2CCCCC2C2CCCC(C3CCCC4CCCCC43)C2)CC1
C1CCC(CC2CCC(CC3CCCCC3)CC2)CC1
C1CCC(C2CCCC(CC3CCCC(C4CCCC4)C3)C2)CC1
C1CCC(CCC2CCC(CC3CCC(CCC4CCCCC4)CC3)CC2)CC1
C1CCC(CCCC2CCC(CC3CC4CCCCC4C3)CC2)CC1
C1CCC(CC2CCCCC2C2CCCCC2C2CCCC3CCCCC32)CC1
C1CCC(CC2CCCCC2C2CCC(C3CCCCC3)C2)CC1
C1CCC2CC(C3CCCCC3C3CCC4CCCCC4C3)CCC2C1
C1CCC(C2CCC(C3CCCCC3)CC2)CC1
C1CCC(C2CCC(CC3CCCC(C4CCC(C5CCCC5)C4)C3)CC2)CC1
C1CCC(CCCC2CCCCC2C2CCCCC2)CC1
C1CCC(C2CCC(C3CCCC4CCCCC43)CC2)CC1
C1CCC(C2CCCC2CC2CCC3CCCCC3C2)CC1
C1CCC(CC2CCC(C3CCCCC3C3CCCCC3)CC2)CC1
C1CCC(CC2CCCC(CCCCC3CC4CCCCC4C3)C2)CC1
C1CCC(CC2CCCC(C3CCC4CCCCC43)C2)CC1
C1CCC(C2CCC(CC3CCC(CCCCC4CCC5CCCCC5C4)CC3)CC2)CC1
C1CCC(C2CCCCC2C2CCCCC2)CC1
C1CCC(CCC2CCC(C3CCCCC3)CC2)CC1
C1CCC(CCC2CCCCC2C2CCCCC2)CC1
C1CCC(C2CCCCC2)CC1
C1CCC(C2CCCC(C3C(C4CCCCC4)CCCC3C3CCCC3)C2)CC1
C1CCC(CC2CCCCC2C2CCCCC2)CC1
C1CCC(CC2CCCC(C3CCCCC3C3CCCC3)C2)CC1
C1CCC(CC2CCCC(C3CCCCC3C3CCCCC3)C2)CC1
C1CCC(CCC2CCCC(C3CCC(C4CCC(CC5CCCCC5)CC4)CC3)C2)CC1
C1CCC(CC2CC(C3CCCCC3)CC(C3CCCC3)C2)CC1
C1CCC(CCC2CCCC(C3CCCC(CC4CCCCC4)C3)C2)CC1
C1CCC(C2CCCCC2C2CCC3CCCC3C2)CC1
C1CCC(CCC2CCC(C3CCC(CC4CCC(CC5CCCCC5)CC4)CC3)CC2)CC1
C1CCC(CCCCC2CCC(CC3CCCCC3)CC2)CC1
C1CCC(CC2CCC3CCCCC3C2)CC1
C1CCC(C2CCC3CCC(C4CCCCC4)C3C2)CC1
C1CCC(CCC2CCCCC2C2CCCCC2C2CCCCC2)CC1
C(CCC1CCCC1)CCC1CCCC(C2CCCCC2)C1
C1CCC(CCC2CCCC(CC3CCCCC3)C2)CC1
C1CCC(CC2CC(C3CCCC3)CCC2C2CCCCC2)CC1
C1CCC(C2CCCC(C3CC(C4CCCCC4)CC(C4CCCC4)C3)C2)CC1
C1CCC(C2CC(CC3CCCC3)C3CCC(CC4CCC5CCCCC54)CC32)CC1
C1CCC(CCC2CCC(C3CCCCC3)CC2)CC1
C1CCC(C2CCC(CC3CCC(CCC4CCCC(CC5CCC5)C4)CC3)CC2)CC1
C1CCC(CCCCC2CCCCC2C2CCC(CC3CC3)CC2)CC1
C1CCC(CC2CCC(CC3CC4CCCCC4C3)CC2)CC1
C1CCC(CCC2CCCCC2C2CCCC(C3CCCCC3C3CC3)C2)CC1
C1CCC(C2CCCC(CCCC3CCC4C(CCC4C4CCCCC4)C3)C2)CC1
C1CCC(C2CCCC(CC3CCC4CCCCC43)C2)CC1
C1CCC(CC2CC3CCCCC3C(C3CCC(C4CCCC4)CC3)C2)C1
C1CCC(C2CCC(C3CC3)CC2C2CCCCC2)CC1
C1CCC(C2CC(CCCCC3CCCC3)CC3CCC(C4CCC4)CC32)CC1
C1CCC(CCC2CCC(CC3CCCCC3)CC2)CC1
C1CCC(CCC2CCC3CC(CCC4CCC(CC5CCCCC5)CC4)CC3C2)CC1
C1CCC(CC2CCCC(C(CCCC3CCC(C4CCCCC4)CC3)C3CCC3)C2)CC1
C1CCC(CC2CCC(CC3CCCCC3CC3CCCCC3)CC2)CC1
C1CCC(C2CCC(CC3CCCC(C4CCCCC4)C3)CC2)CC1
C1CCC(CCCC2CCCCC2)CC1
C1CCC(CC2CC(CCC3CCCC(CCC4CC4)C3)CC(CC3CC3)C2)CC1
C1CCC(CC2CCC(CC3CCC3)CC2CC2CCCCC2C2CCCC2)CC1
C1CCC(C2CCCCC2C2CCCCC2)CC1
C1CCC(C2CC(CC3CC3)CC(C3CC4CCCCC4C3)C2)CC1
C1CCC(C2CCC(C3CCCC(C4CCCCC4)C3)CC2)CC1
C1CCC(C2CCC(CCC3CCC(C4CCCCC4CCC4CCC4)CC3)CC2)CC1
C1CCC(CCCCC2CCC(CC3CCCCC3)CC2CC2CCCCC2)CC1
C1CCC(CCC2CCC(C3CCC(CC4CCCCC4)CC3)CC2)CC1
C1CCC(C2CCCCC2)CC1
C1CCC(CCCC2CCCC(C3CCCCC3)C2)CC1
C1CCC(C2CCCCC2)CC1
C1CCC(CC2CCC(C3CCCCC3)CC2)CC1
C1CCC(C2CCC3CC(C4CCCCC4)CCC3C2)CC1
C1CCC(CCCC2CCCCC2C2CCCCC2)CC1
C1CCC(C2CC(C3CCCC3)CC(C3CCCC3C3CCCCC3)C2)CC1
C1CC2CCC(C3CCCC(C4CCC(C5CC6CCCCC6C5)CC4)C3)CC2C1
C1CCC(C2CCCCC2)CC1
C1CCC(CC2CCC(C3CCC(CC4CCCCC4)CC3)CC2)CC1
C1CCC(CC2CCCCC2CCCCCC2CCCC(CC3CCCC(C4CC4)C3)C2)CC1
C1CCC(CC2CCC(CC3CCCC(C4CCCCC4)C3)CC2)CC1
C1CCC(CC2CCC(CCCCC3CCCC(C4CCCCC4)C3)CC2)CC1
C1CCC(C2CCC(CC3CCC(CCCC4CC4)CC3)CC2)CC1
C1CCC(CC2CCC(C3CCC(C4CCCCC4)CC3)CC2)CC1
C1CCC(CC2CCCC(C3CCCC(CC4CCCC(C5CCCCC5)C4)C3)C2)CC1
C1CCC(CC2CCCCC2C2CCC3C(CCCC3C3CCCC(C4CCCCC4)C3)C2)CC1
C1CCC(CC2CCCCC2C2CCC(C3CCCC(C4CCCCC4)C3)CC2)CC1
C1CCC(CC2CCCC(C3CCCCC3)C2)CC1
C1CCC(CCCCC2CCC(CC3CCCC(CC4CCCCC4)C3)CC2)CC1
C1CCC(CC2CCC(CCCC3CC(C4CCCCC4)C4CCCCC34)CC2)CC1
C1CCC(CCC2CCCC(C3CCCC(C4CC5CCCCC5C4)C3)C2)CC1
C1CCC(C2CCC(C3CCC(C4CCCCC4)C4CCCC34)CC2)CC1
C1CCC(C2CCC(CC3CCCC(C4CCCCC4)C3)CC2)CC1
C1CCC(CC2CCC(CC3CCC(C4CCCCC4)CC3)CC2)CC1
C1CCC(C2CCCC(C3CCCC(C4CCCCC4)C3)C2)CC1
C1CCC(CC2CCC(C3CCC(C4CCCC(CCC5CCCC(C6CCCCC6)C5)C4)CC3)CC2)CC1
C1CCC(CCCC2CCC(C3CCC4CC(C5CCCCC5)CCC4C3)CC2)CC1
C1CCC(CCCC2CC(C3CCCC3)CCC2CC2CCCCC2)CC1
C1CCC(CCC2CCC(C3CCCC(CC4CCCC4)C3)CC2)CC1
C1CCC(C2CCCCC2)CC1
C1CCC(CCCC2CCC(C3CCCCC3)CC2)CC1
C1CCC(CCC2CCC(C3CCCCC3)CC2)CC1
C1CCC(CC2CCC(CC3CCC(CC4CCC(C5CC5)CC4)CC3)CC2)CC1
C1CCC(CC2CCC(CCCC3CCCC(C4CC5CCCCC5C4)C3)CC2)CC1
C1CCC(CC2CCCC(CCCC3CCCCC3C3CCCCC3)C2)CC1
C1CCC(CCCCC2CCC(C3CCCCC3C3CCC(CC4CCCCC4)CC3)CC2)CC1
C1CCC(CC2CCCC(C3CC4CCC(C5CCCCC5)CC4C3)C2)CC1
C1CCC(CCCC2CCC(CC3CCCCC3)CC2)CC1
C1CCC(CC2CCCC(C3CCCCC3)C2)CC1
C1CCC(C2CCC(CCC3CCCCC3C3CCCCC3)CC2)CC1
C1CCC(CCC2CCC(C3CCCC(CC4CC(CC5CCCCC5)C5CCCCC45)C3)CC2)CC1
C1CCC(CC2CCCC(C3CCC4CCCC4C3)C2)CC1
C1CCC(C2CCCCC2C2CCCCC2)CC1
C1CCC(CC2CCC(C3CCCCC3)CC2)CC1
C1CCC(CC2CCCCC2CC2CCCCC2)CC1
C1CCC(C2CCCC(C3CCC(C(C4CCCCC4)C4CCCC4)CC3)C2)CC1
C1CCC(CC2CCCCC2CC2CC3CCCCC3C2)CC1
C1CCC(CC2CCC(C3CCCC3)C(CC3CCCCC3)C2)CC1
C1CCC(CC2CCC(C3CCCCC3)C(C3CCCC3)C2)CC1
C1CCC(C2CCC(CC3CCC(C4CCCCC4C4CCCCC4)C3)CC2)CC1
C1CCC(CC2CCCCC2CC2CCCCC2)CC1
C1CCC(CCCC2CCCCC2CC2CCCCC2CCC2CCCCC2)CC1
C1CCC(CCC(C2CCCCC2)C2CCCC(CC3CCCCC3)C2)CC1
C1CCC(C2CCC(C3CCC4C(CCCC4CC4CCCC5CCCCC54)C3)CC2)CC1
C1CCC(CC2CCCC(CCC3CCCC(CC4CCCCC4C4CCCC4)C3)C2)CC1
C1CCC(CC2CCC(CC3CCC(CC4CC(C5CCCCC5)C5CCCCC45)CC3)CC2)CC1
C1CCC(CCC2CCCC(CC3CCCC(C4CCCCC4)C3)C2)CC1
C1CCC(CC2CC(C3CCCCC3)CCC2CCC2CC2)CC1
C1CCC(CC2CCC(CC3CCCCC3)CC2)CC1
C1CCC(CCC2CCC(C3CCC(C4CC4)CC3)CC2)CC1
C1CCC(CCCC2CCC(CC3CCC(C4CCCCC4)CC3)CC2)CC1
C1CCC(C2CCC(C3CCC(C4CCCCC4)CC3)CC2)CC1
C1CCC(CC2CCCCC2C2CCCCC2)CC1
C1CCC(C2CCC(CC3CC(C4CCCC5CCCCC54)CC4CCCCC43)CC2)C1
C1CCC(C2CCC(C3CCCCC3)CC2)CC1
C1CCC(CC2CCC(C3CCCCC3)CC2)CC1
C1CCC(CCC2CCCCC2CCCCCC2CCCC(C3CCCCC3CC3CCCCC3)C2)CC1
C1CCC(CC2CCC(C3CCC(C4CCC(CC5CCCCC5C5CCCCC5)CC4)CC3)CC2)CC1
C1CCC(CC2CCC(C3CCCCC3C3CCC(CCCC4CC5CCCCC5C4)CC3)C(C3CCCC3)C2)CC1
C1CCC(C2CCCC(C3CCCCC3C3CCCCC3)C2)CC1
C1CCC(C2CCC3C(CCC3C3CCCCC3)C2)CC1
C1CCC(CC2CCC(C3CCCC(C(CC4CCCC4)C4CCCC4)C3)CC2)CC1
C1CCC(C2CCCCC2)CC1
C1CCC(C2CCCCC2)CC1
C1CCC(C2CCC(CCC3CCC(CC4CCC5CCCCC54)CC3)CC2)CC1
C1CCC(C2CC(C3CCC4CCCC4C3)C3CCCCC23)CC1
C1CCC(CC2CCCC(C3CCCC(C4CCCCC4)C3)C2)CC1
C1CCC(CC2CCCCC2C2CCCCC2)CC1
C1CCC(CCCC2CC(CC3CCC4CCCC4C3)CCC2CC2CCCCC2)CC1
C1CCC(CCC2CCC(CC3CCCCC3)CC2)CC1
C1CCC(C2CCCC(C3CCC(C4CCCCC4CCC4CCCC4)CC3)C2)CC1
C1CCC(CCC2CCCC(C3CCCCC3C3CCCCC3)C2)CC1
C1CCC(CCCCC2CCCCC2)CC1
C1CC(CCCC2CCCC3CCCCC32)CC(C2CCCC(C3CC4CCCCC4C3)C2)C1
C1CCC(CC2CCC(CCCC3CCC(C4CCC(C5CCCCC5)CC4)CC3)C2)CC1
C1CCC(CCC2CCC(C3CCCCC3C3CCC(C4CC4)CC3C3CCCCC3)CC2)CC1
C1CCC(CCCC2CCC(CC3CCCCC3)CC2)CC1
C1CCC(C2CCC(CC3CC3)CC2C2CCCC2)CC1
C1CCC(C2CCCC(C3CCCC(CC4CC5CCCCC5C4)C3)C2)CC1
C1CCC(CCCC2CCC(CC3CCC(C4CCCCC4)CC3)CC2)CC1
C1CCC(C2CCC(CCC3CCCC(C4CCCCC4)C3)CC2)CC1
C1CCC(CCC2CCC(CC3CCCCC3)CC2)CC1
C1CCC(C2CC(C3CCCCC3)C3CCCCC23)CC1
C1CCC(C2CCCC(C3CCC(CCC4CCC5CCCCC54)CC3)C2)CC1
C1CCC(C2CCCC(C3CC(C4CCCCC4)C(C4CCCCC4)C(C4CC4)C3)C2)CC1
C(CC1CCCC(C2CCCC2)C1)CC1CCCC(C2CCCC(C3CC3)C2)C1
C1CCC(CCC2C(CC3CC3)CC(C3CCCC3)CC2C2CCCCC2)CC1
C1CCC(CC2CCC3CC(C4CCC(C5CCC5)CC4)CCC23)CC1
C1CCC(CCC2CCCCC2CC2CCC(CC3CCCC3)CC2)CC1
C1CCC(CCCCCC2CCCC(C3CCCC3)C2)CC1
C1CCC(C2CCCC(C3CCCCC3)C2)CC1
C1CCC(CCC2CCC(C3CCCCC3)CC2)CC1
C1CCC(CC2CCCC(C3CCCCC3)C2)CC1
C1CCC(CC2CCCCC2CC2CCCCC2)CC1
C1CCC(CCC2CCC(CC3CCC(CC4CCCCC4)CC3)CC2)CC1
C1CCC(CCCCC2CC(CC3CCCCC3)C3CCCCC23)CC1
C1CCC(C2CCC(C3CCC(C4CCCCC4)CC3)CC2)CC1
C1CCC(C2CCC(C(C3CCCCC3)C3CCC(C4CCCCC4)C(C4CCCC4)C3)CC2)CC1
C1CCC(CCC2CCC(CCC3CCC(C4CCCCC4)CC3)CC2)CC1
C1CCC(CCC2CCCCC2C2CCCCC2)CC1
C1CCC(C2CCCCC2C2CCCC(C3CCC3)C2)CC1
C1CCC(CCC2C(C3CCCC3)CCC2C2CCC(CC3CCCCC3)CC2)CC1
C1CCC(CCC2CCC3CC(CC4CCCCC4)CCC3C2)CC1
C1CCC(C2CCCC(C3CC3C3CCCC(CC4CC5CCCCC5C4)C3)C2)CC1
C1CCC(CC(C2CCCCC2)C2CCC(C3CCCCC3)CC2)CC1
C1CCC(CCC2CCCC(CCC3CC4CCCCC4C3)C2)CC1
C1CCC(CC2CCC(CCCC3CCCC4CC(CC5CCCCC5)CCC34)CC2)CC1
C1CCC(CC2CCC(CC3CCC(CCC(CC4CCCCC4)C4CCC4)CC3)CC2)CC1
C1CCC(CCC2CCC(CC3CCCCC3)CC2)CC1
C1CCC(CC2CCC(C3CCCCC3)CC2)CC1
C1CCC(C2CC(C3CCC4CCCCC43)CC3CCC(CC4CCCC(CCC5CC5)C4)CC32)CC1
C1CCC(C2CCCCC2C2CCCCC2)CC1
C1CCC(C2CCCC(C3CCC(C4CCC4)CC3)C2)CC1
C1CCC(CC2CCC(CCC3CC(C4CCC5CCCCC54)CC4CCCCC43)CC2)CC1
C1CCC(C2CC(C3CCC4CCCC(CC5CCCC5)C43)CC3CCCCC32)CC1
C1CCC(CC2CCC(C3CCC(CC4CCCC(C5CCCCC5)C4)CC3)CC2)CC1
C1CCC(C2CC(C3CCC4CCCCC43)CC3CCCCC32)CC1
C1CCC(CCC2CCC(C3CCCCC3CC3CCCCC3)CC2)CC1
C1CCC(C2CCCC(CC3CCCC(C4CCCCC4)C3)C2)CC1
C1CCC(CCC2CC(C3CCCCC3)CC(C3CCC(C4CCCCC4)CC3)C2)CC1
C1CCC(C2CCC(CC3CCCCC3C3CCCCC3)CC2)CC1
C1CCC(C2CC3CCC(C4CCCCC4)CC3C(C3CCCCC3)C2)CC1
C1CC(CC2CCC3CCCCC32)CC(C2CC3CCCCC3C2)C1
C1CCC(C2CCCCC2C2CCCCC2)CC1
C1CCC(CC2CCC(C3CCCCC3C3CCCC3)CC2)CC1
C1CCC(C2CCC(CCC3CCC(C4CCCCC4)CC3)CC2)CC1
C1CCC(CCCC2CCCC(CC3CCCCC3)C2)CC1
C1CCC(CC2CCCC(C3CCCCC3)C2)CC1
C1CCC(CCCCC2CCCCC2)CC1
C1CCC(CCC(CC2CCCC(C3CCCCC3)C2)C2CCCCC2)CC1
C1CCC(CCC2CCC(C3CCC(C4CCCCC4C4CCCC4)CC3)CC2)CC1
C1CCC(C2CCC(C3CC(C4CCCCC4)CC(C4CCC4)C3)CC2)CC1
C1CCC(CCCC2CCC(CC3CCCCC3)CC2)CC1
C1CCC(CCCC2CCC(CC3CCCCC3)CC2C2CCCCC2)CC1
C1CCC(CCCCCC2CC(CCCC3CCCC(C4CCC4)C3)C3CCCCC23)CC1
C1CCC(CCCCC2CCC(CCC3CCC(CC4CC4)CC3)CC2)CC1
C1CCC(CCC2CCCC(CC3CCCCC3CCC3CCCCC3)C2)CC1
C1CCC(CCCCC2CCCC(C3CCC(C4CCC4)CC3)C2)CC1
C1CCC(CC2CC(C3CCC(C4CCCCC4)CC3)C3CCCCC23)CC1
C1CCC(CCCCCC2CCC(C3CCCC3)CC2)CC1
C1CCC(C2CCCC(C3CCC(CC4CCCC4)CC3)C2)CC1
C1CCC(CCCC2CCCC(C3CCC(CC4CCCCC4)CC3)C2)CC1
C1CCC(C2CCCC(C3CCC(C4CC4)CC3C3CCCCC3)C2)CC1
C1CCC(C2CCCC(C3CCC(C4CCCC(C5CCC(CC6CCCC6)CC5)C4)CC3)C2)CC1
C1CCC(CC2CCC(CCCC3CCCC(C4CCCCC4)C3)CC2)CC1
C1CCC(CC2CCC(CC3CCC(C4CCCC4)CC3)CC2)CC1
C1CCC(CCC2CCC(CC3CCC(C4CCCC(C5CCCCC5)C4)CC3)CC2)CC1
C1CCC(CCCC2CCC(C3CCCCC3)CC2)CC1
C1CCC(CCC2CCCC(C3CCCCC3CC3CCCCC3)C2)CC1
C1CCC(CC2CCC(CC3CCCCC3)CC2)CC1
C1CCC(CC2CCC(CC3CCCCC3)CC2)CC1
C1CCC(CCC2CCCC(CC3CCCCC3)C2)CC1
C1CCC(CC2CCCC(C3CCCC(C4CCCCC4C4CCCC4)C3)C2)CC1
C1CCC(CC2CCCC(C3CCCCC3)C2)CC1
C1CCC(CCC2CCC(CC3CCCCC3C3CCCC3)CC2)CC1
C1CCC(CCC2CCCC(CC3CCCCC3)C2)CC1
C1CCC(CCC2CCC(C3CCCC(C4CCCCC4)C3)CC2)CC1
C1CCC(CCCC2CCC(CC3CC4CCCCC4C3)CC2C2CCCCC2)CC1
C1CCC(C2CC3CCCCC3C(C3CCCCC3)C2)CC1
C1CCC(CC2CCC(CC3CCCCC3C3CCC4CCCC4C3)CC2)CC1
C1CCC(C2CCCC(CC3CC(C4CCCCC4)CCC3C3CCCCC3)C2)CC1
C1CCC(CCCC2CC(CC3CCCCC3)CC(C3CCCC(C4CCCCC4)C3)C2)CC1
C1CCC(CC2CCC(C3CCCC(C4CCCC4)C3)CC2)CC1
C1CCC(CCCC2CCC(CC3CCC(C4CCCCC4)CC3)CC2)CC1
C1CCC(C2CCCCC2C2CCCCC2)CC1
C1CCC(C2CCC3C(CCCC3C3CCC4CCCCC43)C2)CC1
C1CCC(C2CCC(C3CCC(CCCC4CCC(C5CC5)CC4)CC3)C2)CC1
C1CCC(C2CCCC(C3CCC4CCCCC43)C2)CC1
C1CCC(CC2CCC(C3CCC(C4CCCC4)CC3)CC2)CC1
C1CCC(C2CC(C3CCCCC3)CC(C3CCC3)C2)CC1
C1CCC(CC2CCCC(C3CCC(C4CCCC(C5CCCCC5)C4)C3)C2)CC1
C1CCC(CCCC2CCC3CCCC3C2)CC1
C1CCC(CCC2CCC(CC3CCCCC3)CC2)CC1
C1CCC(CC2CCC(C3CCCC3)C(C3CCC4CCCC4C3)C2)CC1
C1CCC(CCCCC2CCCC(C3CCCCC3C3CCCCC3)C2)CC1
C1CCC(CC2CCC(CC(CC3CCCCC3)C3CCCCC3)CC2)CC1
C1CCC(C2CCCC(CC3CCCC(C4CCC4)C3)C2)CC1
C1CCC(CC2CCCCC2C2CCC(C3CCCC3)CC2)CC1
C1CCC(CCC2CCCC(C3CCCCC3CC3CCCCC3)C2)CC1
C1CCC(CCC2CC(C3CCCC3)CC(C3CCCC(CC4CCCCC4)C3)C2)CC1
C1CCC(CCCC2CCC(C3CC(CC4CCC5CCCCC54)C4CCCCC43)CC2)CC1
C1CCC(CCCCCC2CCCCC2C2CCCC(CC3CCCCC3)C2)CC1
C1CCC(CC2CCC(C3CCC(C4CCCCC4)CC3)CC2)CC1
C1CCC(CCCC2CCCC(C3CCCCC3)C2)CC1
C1CCC(C2CCCC(CC3CCC(C4CCCC4)CC3)C2)CC1
C1CCC(C2CCC(C3CCCC(C4CCCC4)C3)CC2)CC1
C1CCC(CCC2CCC(C3CCCCC3)CC2CCC2CCCC2)CC1
C1CCC(C2CCCCC2C2CCCCC2)CC1
C1CCC(C2CCCCC2)CC1
C1CCC(CC(C2CCCCC2)C2CCCCC2)CC1
C1CCC(CCCC2CCCC(CCC3CCC3)C2)CC1
C1CCC(CC2CCCCC2C2CCCCC2)CC1
C1CCC(CC2CCCC(CC3CCC(CC4CCC5CCCCC5C4)CC3)C2)CC1
C1CCC(CC2CCCCC2C2CCC(C3CCC(C4CCCCC4)CC3)CC2)CC1
C1CCC(CC2CCCC2C2CCC3CC(CC4CC5CCCCC5C4)CCC32)CC1
C1CCC(CCCC2CCC(CCC3CCCCC3)CC2)CC1
C1CCC(C2CCC(C3CCCCC3CC3CCC4CCCCC4C3)CC2)CC1
C1CCC(CCC2CCCC(C3CCC4CCCCC43)C2)CC1
C1CCC(CC2CCCC(C3CCCC(C4CCCCC4C4CCCC4)C3)C2)CC1
C1CCC(CC2CCCCC2C2CCC(C3CCCCC3)CC2CC2CCCCC2)CC1
C1CCC(CCC2CC3CCC(C4CCCCC4C4CCCCC4)CC3C2)CC1
C1CCC(CC2CC(C3CCCCC3)CCC2C2CCC3CCCC3C2)CC1
C1CCC(C2CCC(CC3CCCCC3C3CCCCC3)CC2)CC1
C1CCC(C2CCCCC2C2CCC3C(CCCC3C3CCCCC3)C2)CC1
C1CCC(CC2CCC(CC3CC(CCC4CCC(C5CCCC5)CC4)C4CCCCC34)CC2)CC1
C1CCC(CC2CCCCC2CC2CCC(C3CCC3)CC2)CC1
C1CCC(CC2CCC(C3CCC4CCCCC4C3)CC2)CC1
C1CCC(CCCC2CCCCC2CCC2CCCCC2)CC1
C1CCC(CCC2CCCC(C3CC(CC4CCCC(C5CCCCC5)C4)C4CCCCC43)C2)CC1
C1CCC(CCC2CCCC(C3CCCCC3CC3CCCC3)C2)CC1
C1CCC(C2CCC(C3CCCCC3C3CCCCC3)C3CCCC23)CC1
C1CC(CC2CC2)CC(CC2CCC(C3CC4CCCCC4C3)CC2)C1
C1CCC(CCCC2CCCC(C3CCCCC3)C2)CC1
C1CCC(C2CCCC(CC3CC3)C2)CC1
C1CCC(CCC2CCC(CC3CCCCC3)CC2C2CCCCC2)CC1
C1CCC(CCC2CCCCC2CC2CCCCC2C2CCC3CCCCC3C2)CC1
C1CCC(CC2CCC(C3CCCC3)CC2)CC1
C1CCC(C2CCCC(C3CCC(C4CCC(CCC5CC5)CC4)CC3)C2)C1
C1CCC(CCC2CCCCC2C2CCCCC2)CC1
C1CCC(C2CC(C3CCCCC3)C(C3CCCCC3)C3CCCC23)CC1
C1CCC(C2CCC(CC3CCC(C4CCC(C5CCCCC5)CC4)CC3)CC2)CC1
C1CCC(CCC2CCC(CCC3CCCC3)CC2)CC1
C1CCC(C2CCC(CC3CCC(CCC4CCCC(C5CCCC5)C4)CC3)CC2)CC1
C1CCC(CC2CCC(CC3CCC(C4CCCCC4)CC3)CC2)CC1
C1CCC(CC2CCC(CC3CCCCC3CC3CCCCC3)CC2)CC1
C1CCC(C2CCC(C3CCC(CCCC4CC4)CC3)CC2)CC1
C1CCC(CC2CCC(C3CC(CC4CCCCC4)C4CCCCC43)CC2)CC1
C1CCC(CCC2CCCC(CCCC3CCC(C4CCCCC4)CC3)C2)CC1
C1CCC(CCC2CCCCC2C2CCCC(C3CC(C4CCCCC4)C4CCCCC34)C2)CC1
C1CCC(CCC2CC(CC3CCCC(CCC4CCC5CCCCC54)C3)CC(C3CCCCC3)C2)CC1
C1CCC(CC2CCC(CCC3CCCC(CC4CCCCC4)C3)CC2)CC1
C1CCC(C2CCC(C3CCC(C4CCCC4)CC3)CC2)CC1
C1CCC(CC2CCC(C3CCCC(CC4CCCCC4)C3)CC2)CC1
C1CCC(C2CCC(C3CCC(C4CCCCC4)CC3)CC2)CC1
C1CCC(CCC2CCCCC2C2CCCCC2)CC1
C1CCC(CC2CCCC(CC3CCCCC3C3CCCCC3)C2)CC1
C1CCC(CC2CCC(C3CCC4C(CCCC4C4CCCCC4)C3)CC2)CC1
C1CCC(C2CCC3CC(C4CCCCC4)CCC3C2)CC1
C1CCC(C2CCCCC2CC2CCC(C3CCCCC3C3CCCC3)CC2)C1
C1CCC(CC2CCC(C3CCCC(C4CCCCC4)C3)CC2)CC1
C1CCC(CC2CCC(C3CCC(C4CCC(C5CCCCC5)CC4)CC3)CC2)CC1
C1CCC(C2CC(CCC3CC4CCCCC4C3)CCC2C2CCC3CCCCC32)CC1
C1CCC(C2CCCC(C3CCCC4CCCCC43)C2)CC1
C1CCC(C2CCCC(CCC3CCCC(C4CCCCC4)C3)C2)CC1
C1CCC(C2CCC3CCCC3C2)CC1
C1CCC(C2CCCC(C3CC(C4CCCCC4)CC(C4CCCCC4)C3)C2)CC1
C1CCC(CC2CCCC(C3CCC(C4CCCCC4)CC3)C2)CC1
C1CCC(CC2CCCC(C3CCCCC3CC3CCCCC3)C2)CC1
C1CCC(C2CC(C3CC3)CC(C3CCCC(CC4CC5CCCCC5C4)C3)C2)CC1
C1CCC(C2CCC(C3CCC(C4CCC4)CC3)CC2)CC1
C1CCC(CC2CCCCC2CC2CCCCC2C2CCCC2)CC1
C1CCC(CC2CCCCC2C2CCCCC2)CC1
C1CCC(CCC2CCC(CCC3CCCCC3C3CCCCC3)CC2)CC1
C1CCC(CCCC2CCCC(CCC3CCCCC3)C2)CC1
C1CCC(CCCC2CCCCC2)CC1
C1CCC(CC2CCCCC2CCC2CCC(C3CCCCC3)CC2)CC1
C1CCC(C2CCCC(CC3CC(C4CCCC4)C4CCCCC34)C2)CC1
C1CCC(CCCC2CCC(C3CCCCC3CC3CCCC(C4CCCCC4)C3)CC2)CC1
C1CCC(C2CCC(C3CCCC(C4CCCC5CCCCC54)C3)CC2)CC1
C1CCC(CC2CCCCC2C2CCCCC2)CC1
C1CCC(CC2CC(C3CCC(CC4CCCC4)CC3)C3CCC(C4CCCCC4)CC23)CC1
C1CCC(CC2CCCCC2C2CCCCC2)CC1
C1CCC(CC2CCC(C3CCCCC3CCC3CCCC3)CC2)CC1
C1CCC(CCC2CCC(CC3CCCC(C4CCCCC4)C3)CC2)CC1
C1CCC(CC2CCCCC2C2CCC(CC3CCCC3)CC2)CC1
C1CCC(C2CCC(C3CCC4CCCC4C3)CC2)CC1
C1CCC(CCC2CC(CC3CCCCC3)CCC2C2CCCCC2)CC1
C1CCC(CCC2CCCC(CC3CCC(C4CCCCC4)CC3)C2)CC1
C1CCC(CCC2CCCC(CCCCC3CCC(CC4CCC(CC5CCCC5)CC4)CC3)C2)CC1
C1CCC(CC2CCC(CCC3CCC(C4CCCCC4)CC3)CC2)CC1
C1CCC(CCCCC2CCC(C3CCCC3)CC2CC2CCC(CC3CCCCC3)CC2)CC1
C1CCC(CC2CCC3CCCC(C4CCCCC4)C3C2)CC1
C1CCC(CCC2CCC(CC3CCCCC3)CC2)CC1
C1CCC(CC2CCC(CCC3CCC(CC4CCCCC4)CC3)CC2)CC1
C1CCC(CC2CCC(C3CC3)CC2C2CCCC(C3CCC4CCCCC43)C2)CC1
C1CCC(C2CCC(CC3CC4CCCCC4C3)CC2)CC1
C1CCC(C2CCC(CCC3CCCC(CC4CCC(C5CC5)CC4)C3)C2)CC1
C1CCC(C2CCC(C3CCCC4CC(C5CCCCC5C5CCCC5)CCC43)CC2)CC1
C1CCC(CC2CCC(CC3CC(C4CCCC4)C4CCCCC34)CC2)CC1
C1CCC(C2CCC(CCC3CCC(C4CCCC4)CC3)CC2)CC1
C1CCC(CCCCC2CCC(CCC3CCCCC3)CC2)CC1
C1CCC(CC2CCC(C3CCC4C(CC5CCCCC5)CCC4C3)CC2)CC1
C1CCC(C2CCC(C3CCCCC3)C(C3CCCCC3)C2)CC1
C1CCC(CC2CCCCC2C2CCC(C3CCCC3)CC2)CC1
C1CCC(CCCC(C2CCCCC2)C2CCC(C3CCCCC3)CC2)CC1
C1CCC(CC2CC(C3CCCCC3)C3CCCCC23)CC1
C1CCC(C2CCC(C3CCCC4CC(C5CCCCC5)CCC43)CC2)CC1
C1CCC(C2CCCC(C3CCC(CCCC4CCC(CC5CCCC5)CC4)CC3)C2)CC1
C1CCC(C2CCC(CC3CCC(CCC4CCC4)CC3)CC2C2CCCCC2)CC1
C1CCC(CC2CCC(CC3CCCC(C4CCCCC4)C3)CC2)CC1
C1CCC(C2CCCC(CCCC3CCC(CC4CCC(C5CCCC5)CC4)CC3)C2)CC1
C1CCC(CCCCC2CCC(CCCC3CCCCC3)CC2)CC1
C1CCC(CCC2CCCC(CC3CCCC(CC4CCCCC4)C3)C2)CC1
C1CCC(CCC2CCC(C3CC(C4CCC5CCCCC5C4)C4CCCCC34)CC2)CC1
C1CC(CC2CCC3CCCCC3C2)CC(CC2CCC3CCCCC3C2)C1
C1CCC(CCC2CCCC(C3CCCC(C4CCCCC4)C3)C2)CC1
C1CCC(CCCC2CCCC(CC3CCC(CC4CCCCC4)CC3)C2)CC1
C1CCC(C2CCCC(C3CCCCC3)C2)CC1
C1CCC(CC2CC(C3CCCCC3)C3CCCCC23)CC1
C1CCC(CC2CCCCC2CC2CCCC(C3CCC3)C2)CC1
C1CCC(CCCC2CCCC(CC3CCCCC3)C2)CC1
C1CCC(CC2CCCCC2CCC2CCC(C3CCCCC3)CC2)CC1
C1CCC(CCC2CCC(CCC3CCC(CC4CCCCC4)CC3)CC2)CC1
C1CCC(C2CCC(C3CCC(CC4CCC(C5CC5)C4)CC3)CC2)CC1
C1CCC(C2CCCCC2C2CCC(C3CCCC3)CC2C2CCCCC2)CC1
C1CCC(CC2CCC(CCCC3CC4CCCCC4C3)C(C3CCC4CCCC4C3)C2)CC1
C1CCC(CC2CCC(CCCCC3CCC4CCCCC34)CC2)CC1
C1CCC(CC2CCC(CCCC3CCC(C4CCCCC4)CC3)CC2)CC1
C1CCC(C2CCC(C3CCCCC3)CC2)CC1
C1CCC(CC2CCC(C3CCCCC3CC3CCCCC3)CC2)CC1
C1CCC(CC2CCC(C3CCCCC3C3CCCCC3)CC2)CC1
C1CCC(CC2CCC(C3CCCC(C4CCCCC4)C3)CC2)CC1
C1CCC(CC2CCC(C3CCCCC3)C(C3CCCC3)C2)CC1
C1CCC(CCC2CCC3CC(C4CCC(CC5CCCC5)CC4)CCC3C2)CC1
C1CCC(CCC2CCCC(C3CCC(CC4CCCCC4)CC3)C2)CC1
C1CCC(CC2CCC(C3CCCCC3)CC2)CC1
C1CCC(C2CCC(CCC3CCC(CC4CCCC4)CC3)CC2)CC1
C1CCC(CCCCC2CCC(CC3CCCCC3)C(C3CCCC3)C2)CC1
C1CCC(C2CCCCC2C2CCC3CCCC3C2)CC1
C1CCC(C2CCCCC2CC(C2CCCC2)C2CCCC2)CC1
C1CCC(CC2CCC3CC(C4CCCC(C5CCCCC5)C4)CCC3C2)CC1
C1CCC(CCC2CC(CC3CCCCC3)CCC2CC2CCCC2)CC1
C1CCC(CC2CCC(C3CCCC(C4CCC5CCCC5C4)C3)CC2)C1
C1CCC(C2CCCC(C3CCCC(C4CCCC5CC(C6CCCCC6)CCC54)C3)C2)CC1
C(CCCC1CCCCC1C1CCCCC1)CCC1CCC(CC2CCCCC2)CC1
C1CCC(CCC2CCC(C3CCCC4CC(CCC5CCCCC5)CCC43)CC2)CC1
C1CCC(CCCC2CCC(CC3CCC(CCCC4CC5CCCCC5C4)CC3)CC2)CC1
C1CCC(CCC2CC(C3CCC4CCCCC43)CC3CCCCC32)CC1
C1CCC(C2CCCCC2C2CCC3C(CCCC3C3CCCCC3)C2)CC1
C1CCC(CC2CCCC(C3CCC(C4CCC4)CC3)C2)CC1
C1CCC(C2CCC(CC3CCC(C4CCCCC4)C3)C2)CC1
C1CCC(CC2CCCCC2C2CCCCC2)CC1
C1CCC(C2CCC(C3CCCC4CC(C5CCCCC5C5CCCCC5)CCC43)CC2)CC1
C1CCC(CC2CCC(C3CCCCC3)CC2)CC1
C1CCC(CC2CCC(CC3CCC(CC4CCCCC4)CC3C3CCCCC3)CC2)CC1
C1CCC(CC2CCCC(CCC3CCCC(C4CC(C5CCCCC5)C4)C3)C2)CC1
C(CCC1CC2CCCCC2C1)CC1CCCC(C2CCC(C3CCC3)CC2)C1
C1CCC(CC2CCCC(C3CCCC(C4CCCCC4)C3)C2CCC2CCCC2)CC1
C1CCC(CCCC2CCC(CCCCC3CCC(C4CCCCC4)CC3)CC2)CC1
C1CCC(CC2CCC(C3CCC4CCCCC4C3)CC2)CC1
C1CCC(CC2CCC(CC3CCC(C4CCC(CC5CCCC5)CC4)CC3)CC2)CC1
C1CCC(CCC2CCCC(CCC3CCCCC3)C2CC2CCCC(C3CCCCC3C3CCCCC3)C2)CC1
C1CCC(C2CCCC(C3CCCC(C4CCCCC4)C3)C2)CC1
C1CCC(C2CCCCC2C2CCC(CCCC3CCCC4CCCCC43)CC2)CC1
C1CCC(CCCCC2CCC(CC3CCCCC3)CC2)CC1
C1CCC(CC2CCC(C3CCCCC3)CC2)CC1
C1CCC(CC2CCC(C3CCCCC3)C(C3CCCC3)C2)CC1
C1CCC(CCCC2CCC(C3CCCCC3)CC2CCC2CCCCC2)CC1
C1CCC(CCCCC2CCC(C3CCCCC3)CC2)CC1
C1CCC(CCCCC(CC2CCCC2)C2CCC(CC3CCCCC3)CC2)CC1
C1CCC(CCCC2CCC(C3CCCCC3)CC2)CC1
C1CCC(CCC2CCC(CC3CCCC(CC4CCCC4)C3)CC2)CC1
C1CCC(CC2CCC(C3CCC4CCCC(C5CCCCC5)C4C3)CC2)CC1
C1CCC(C2CCCC(C3CC(C4CCC5CCCCC54)C4CCCCC34)C2)CC1
C1CCC(C2CCC(C3CCC(C4CCCC4)CC3)CC2)CC1
C1CCC2CC(CCC3CCC(CC4CCC5CCCCC54)CC3)CC2C1
C(CCCC1CCCC(C2CCCCC2)C1)CCCC1CC2CCCCC2C1
C1CCC(CC2CCC(CC3CCCCC3)C(C3CCCC(C4CCCCC4)C3)C2)CC1
C1CCC(C2CCCC(C3CCCC4CC(C5CCCCC5)CCC43)C2)CC1
C1CCC(CC2CCC(C3CCCCC3)C(CC3CCCC3)C2)CC1
C1CCC(C2CCCC(CC3CC4CCCCC4C3)C2)CC1
C1CCC(CCCCC2CCC(CCC3CCC(CCC4CCCCC4)CC3)CC2)CC1
C1CCC(C2CC(C3CCCCC3)C(C3CCCC3)C2C2CCCCC2)CC1
C1CCC(CCC2CCCC(C3CCCCC3)C2)CC1
C1CCC(C2CCC(C3CCCCC3)CC2)CC1
C1CCC(CC2CCC(CC3CCCCC3C3CCC3)CC2)CC1
C1CCC(C2CC(C3CCCCC3)CC(C3CCCCC3)C2)CC1
C(CCC1CC1)CCC1CC(CC2CCCC(C3CCCC3)C2)C2CCCCC12
C1CCC(C2CCC3CC(C4CCCCC4)CCC3C2)CC1
C1CCC(CC2CCC(C3CCCCC3)CC2)CC1
C1CCC(C2CCCC(C3CCC(CC4CCCCC4C4CCC5CCCC5C4)C3)C2)CC1
C(CC1CCCC(C2CCC(C3CCCCC3CC3CC3)CC2)C1)CC1CC2CCCCC2C1
C1CCC(CCCC2CCC(C3CCCCC3)CC2)CC1
C1CCC(C2CC(CC3CCC4CCCCC43)CC(C3CCCCC3)C2)CC1
C1CCC(CCC2CCCCC2)CC1
C1CCC(CCC2CCCC(C3CCCCC3)C2)CC1
C1CCC(CC2CCC(CCCC3CCC(C4CCCCC4)CC3)CC2)CC1
C1CCC(CC2CCC(CCC3CCCC(C(C4CCCCC4)C4CCCCC4)C3)CC2)CC1
C1CCC(C2CCCC(CCC3CCCC(C4CCCC4)C3)C2)CC1
C1CCC(CCC2CCCC(C3CCCC(C4CCC5CCCC5C4)C3)C2)CC1
C1CCC(CC2CCC(C3CCCC(CC4CC5CCCCC54)C3)CC2)CC1
C1CCC(CC2CCC(C3CC(CC4CCCCC4)C4CCCCC43)CC2)CC1
C1CCC(CCC2CCCCC2C2CCCCC2)CC1
C1CCC(C2CCC(CCCC3CCCC(C4CCCCC4)C3)CC2)CC1
C1CCC(CC2CCC(C3CCCCC3)CC2)CC1
C1CCC(CC2CCC(CC3CCC(C4CCCC(C5CCC5)C4)CC3)CC2)C1
C1CCC(CC2CCCCC2C2CCCCC2C2CCCC2)CC1
C1CCC(C2CCCCC2C2CCCC(C3CCC4CCCCC4C3)C2)CC1
C1CCC(CCC2CCCC(C3CCCC(C4CCCCC4)C3)C2)CC1
C1CCC(CC2CCCC(C3CCCC(C(CC4CCCCC4)C4CCCCC4)C3)C2)CC1
C1CCC(C2CCCC(C3CCC(C4CCC5CCCCC5C4)CC3)C2)CC1
C1CCC(C2CC(CC3CCCC(CC4CCCC4)C3)CC(C3CCCC3)C2)CC1
C1CCC(CC2CCCC(CC3CCCCC3)C2)CC1
C1CCC(C2CCCCC2C2CCCCC2)CC1
C1CCC(CC2CCC(C3CCCC(C4CCCCC4)C3)CC2)CC1
C1CCC(CC2CCCCC2)CC1
C1CCC(CCC2CCCC(C3CCCC(CC4CCCCC4)C3)C2)CC1
C1CCC(CCC2CC(CC3CCCCC3)C3CCC(C4CCC5CCCCC54)CC23)CC1
C1CCC(CC2CCC(C3CCCCC3)CC2C2CCCCC2)CC1
C1CCC(CC2CCC(CCCC3CCC(C4CCCCC4)CC3)CC2)CC1
C1CCC(C2CCCCC2CCCC2CC(C3CCCCC3C3CC3)C3CCCCC23)CC1
C1CCC(CC2CCCC(CC3CCC(C4CCCC4)C(C4CCCCC4)C3)C2)CC1
C1CCC(CCCC2CCCCC2CC2CCCCC2)CC1
C1CCC(CC2CC(C3CCCCC3)CC(C3CCCCC3)C2)CC1
C1CCC(CC2CCCCC2C2CCC(C3CC3)CC2)CC1
C1CCC2CC(CCC3CCC4CCCCC4C3)CCC2C1
C1CCC(CCC2CCC(C3CCCC(C4CCCCC4CC4CCCCC4)C3)CC2)CC1
C1CCC(C2CCCC3CC(C4CCCCC4C4CCCCC4C4CC4)CCC32)CC1
C1CCC(CCCCC2CCC(CC3CCCCC3)CC2)CC1
C1CCC2CC(C3CCC(C4CC5CCCCC5C4)CC3C3CCC4CCCC4C3)CCC2C1
C1CCC(CCCCCC2CCC(C3CCCCC3C3CCC4CCCC4C3)CC2)CC1
C1CCC(C2CC(CC3CC4CCCCC4C3)CCC2C2CCC3CCCC3C2)CC1
C1CCC(CCCC2CCCC(C3CCCCC3)C2)CC1
C1CCC(CCC2CCC(C3CCCCC3)CC2)CC1
C1CCC(CCCC2CCCC(C3CCC(C4CC4)CC3)C2)C1
C1CCC(CCC2CCCCC2CC2CCCCC2)CC1
C1CCC(CC2CCCC(C3CCCC(C4CCC(C5CCCCC5)CC4)C3)C2)CC1
C1CCC(C2CCCC(C3CC(CC4CC4)CC(C4CCCCC4)C3)C2)CC1
C1CCC(CCC2CCC3CCC(C4CCCC(C5CCCCC5)C4)C3C2)CC1
C1CCC(CC2CCCCC2C2CCC(C3CCC(C4CCCC(C5CCCCC5)C4)CC3)CC2)CC1
C1CCC(CCC2CCC(CC3CCC(C4CC4)CC3)CC2)CC1
C1CCC(CCC2CCC(CCCC3CCC(C4CCCC4)CC3)CC2)CC1
C1CCC(CCC2CCC(C3CCC(CC4CC5CCCCC5C4)CC3)CC2)CC1
C1CCC(C2CCC(CC3CCC(C4CCCC4)C(C4CCCCC4)C3)CC2)CC1
C1CCC(CC2CCC(CC3CCCCC3)CC2)CC1
C1CCC(CCC2CCC(C3CCC(CC4CCCC4)CC3)CC2)CC1
C1CCC(CC2CC(C3CCCCC3)C3CCCCC23)CC1
C1CCC(CCC2CCCC(C3CCC(CCC4CCC(CC5CCCCC5)CC4)CC3)C2)CC1
C1CCC(CC2CCCC(CC3CCCCC3C3CCCCC3)C2)CC1
C1CCC(CCC2CCCC(C3CCC4C(CC5CC5)CCC4C3)C2)CC1
C1CCC(C2CCCC(CCC3CCC(C4CCCCC4C4CCC5CCCCC5C4)CC3)C2)CC1
C1CCC(CCC2CCCC(CC3CCCCC3)C2)CC1
C1CCC(CC2CCC(C3CCC(C4CCCCC4)CC3C3CCCC3)CC2)CC1
C1CCC(CC2CCC(C3CCC(C4CCCC4)CC3)CC2CC2CCC3CCCCC32)C1
C1CCC(CC2CCCC(C3CCCCC3)C2)CC1
C1CCC(CC2CCCCC2C2CCCCC2)CC1
C1CCC(C2CCCCC2C2CCCCC2)CC1
C1CCC(CC2CC(C3CCCCC3CC3CCCCC3)C3CCCCC23)CC1
C1CCC(CCCC2CC(CC3CCCCC3)CCC2C2CCCCC2)CC1
C1CCC(CC(C2CCCCC2)C2CCCCC2C2CCCC2)CC1
C1CCC(CC2CCC(C3CCCCC3)CC2)CC1
C1CCC(CCC2CCCC(CCC3CCC(C4CC4)CC3)C2)CC1
C1CCC(CCCC2CCC(CC3CCCC(C4CCC5CCCC5C4)C3)CC2)C1
C1CCC(CC2CCC(CC3CCCCC3)CC2)CC1
C1CCC(CC2CCC(C3CCC4C(C5CCCCC5)CC(C5CCCCC5)C4C3)CC2)CC1
C1CCC(CCC2CCCC(CCC3CCC4CCCCC4C3)C2)CC1
C1CCC(CCCCC2CCC(CC3CCCC(CC4CCCCC4)C3)CC2)CC1
C1CCC(CC2CCCC(C3CCCC(CC4CCCC(C5CCCC5)C4)C3)C2)CC1
C1CCC(C2CCCCC2C2CC3CCCCC3C(C3CCCCC3)C2)CC1
C1CCC(CC2CCCCC2)CC1
C1CCC(C2CC(C3CCCC3)CC3CCCCC32)CC1
C1CCC(CCCC2CCCC(CCCC3CCC(CC4CCCCC4)CC3)C2)CC1
C1CCC(CC2CC3CCC(C4CCCCC4)CC3C(C3CCCCC3)C2)CC1
C1CCC(CCCC2CCC(CC3CCCC(CC4CCCCC4)C3)CC2)CC1
C1CCC(CC2CCCC(CCCC3CCCCC3CCC3CCC4CCCCC43)C2)C1
C1CCC(CCC2CC(C3CCCCC3)CC(C3CCC3)C2)CC1
C1CCC(C2CCCCC2C2CCCC(CC3CCCC4CCCCC43)C2)CC1
C1CCC(C2CCC3CCCC3C2)CC1
C1CCC(C2CCCC(C3CCCC(C4CCCC(CCC5CCC6CCCCC65)C4)C3)C2)CC1
C1CCC(CC2CCC(CC3CCC(C4CCCC(C5CC5)C4)CC3)CC2)CC1
C1CCC(C2CCCC(CC3CC(C4CCCCC4)CC4CCC(C5CCCCC5)CC43)C2)CC1
C1CCC(C2CCC(C3CCCCC3C3CCC(C4CC5CCCCC5C4)C3)CC2)CC1
C1CCC(CC2CCC(CC3CCCCC3)CC2)CC1
C1CCC(C2CC(C3CCCCC3)C3CCCCC23)CC1
C1CCC(CC2CCCCC2C2CC3CCCCC3C(C3CCCCC3)C2)CC1
C1CCC(C2CCCC(C3CCC4CCCCC43)C2)CC1
C1CCC(CC2CCC(CC3CCCCC3)CC2)CC1
C1CCC(CC(C2CCCCC2)C2CCC(CCC3CC4CCCCC4C3)CC2)CC1
C1CCC(C2CCC(C3CCC(CC4CCCC4)CC3)CC2)CC1
C1CCC(C2CCCCC2C2CCCCC2)CC1
C1CCC(CCC2CC(CC3CCCCC3)CCC2C2CCCCC2)CC1
C1CCC(C2CCCC(CCCC3CCCCC3C3CCCC3)C2)CC1
C1CCC(CCC2CCCC(CC3CCCCC3C3CCCCC3CC3CCCCC3)C2)CC1
C1CCC(CCC2CCCC(CC3CC(C4CCCCC4)C4CCCCC34)C2)CC1
C1CCC(CC2CCCCC2C2CCCCC2)CC1
C1CCC(C2CC(C3CCCCC3)C3CCCCC23)CC1
C1CCC(CCC2CCC(C3CCCCC3C3CCC4C(CC5CCCCC5)CCCC4C3)CC2)CC1
C1CCC(CC2CCC(CC3CCC(C4CCCC(CC5CC5)C4)CC3)CC2)CC1
C1CCC(CC2CCC(C3CCC3)C(CCCCC3CCC4CCCC4C3)C2)CC1
C1CCC(C2CCCCC2C2CCC3CCCCC32)CC1
C1CCC(C2CCCC(C3CCC(C4CCCCC4C4CCCCC4)CC3)C2)CC1
C1CCC(CCC2CC(C3CCCCC3C3CCC4CCCC4C3)C3CCCCC23)CC1
C1CCC(CC2CCC(CC(C3CCCCC3)C3CCCCC3)CC2)CC1
C1CCC(CC2CCCCC2)CC1
C1CCC(C2CCCCC2CC2CC(C3CC(C4CCCC4)C4CCCCC43)C3CCCCC23)C1
C1CCC(CC2CCC(C3CCCCC3)CC2)CC1
C1CCC(C2CCC(CC3CCCC(C4CCCCC4)C3)CC2)CC1
C1CCC(C2CCC(CC3CC(C4CCC(C5CCCCC5)CC4)C3)CC2)CC1
C1CCC(C2CCCC(C3CCCC(CC4CCC5CCCCC54)C3)C2)CC1
C1CCC(C2CCC(C3CCC(C4CCCCC4)CC3)CC2)CC1
C1CCC(CCC2CCC(C3CCC(C4CCC5CCCC5C4)CC3)CC2)CC1
C1CCC(CC2CCC3CC(C4CCC5CCCCC54)CCC3C2)CC1
C1CCC(C2CCCC(C3CCCCC3)C2)CC1
C1CCC(CCC2CCC(CC3CCCCC3)CC2)CC1
C1CCC(CCC2CCCC(C3CCCCC3)C2)CC1
C1CCC(C2CCCC(CC3CCCC4CC(C5CCCCC5)CCC34)C2)CC1
C1CCC(CCC2CC(C3CCCCC3)CC(C3CCCC3)C2)CC1
C1CCC(CCC2CCCC(CCC3CCCCC3)C2)CC1
C1CCC(CCC2CCCC(C3CCCCC3)C2)CC1
C1CCC(CC2CCC(C3CCC(CC4CCCCC4)C3)CC2)CC1
C1CCC(CC2CCCCC2C2CCCC(C3CCCCC3)C2)CC1
C1CCC(C2CCCC(C3CCCC(C4CCC5CCCC5C4)C3)C2)CC1
C1CCC(CCC(CC2CCCCC2)C2CCCCC2)CC1
C1CCC(C2CCC(CCC3CCCCC3CC3CCC(C4CCCCC4)CC3)CC2)CC1
C1CCC(CC2CCC(CCCCC3CCCC(CCC4CC4)C3)CC2)CC1
C1CCC(CCC2CCC(CCC3CCC(C4CCCCC4)CC3)CC2)CC1
C1CCC(CCCC2CCCC(C3CCC(CC4CCCCC4)CC3)C2)CC1
C1CCC(C2CCC(CCC3CCCCC3C3CCCCC3)C(C3CCCC3)C2)CC1
C1CCC(CC2CCCC(CC3CCC(C4CCCCC4)CC3)C2)CC1
C1CCC(CCC2CCCC(CC3CCCCC3C3CCC4CCCC4C3)C2)CC1
C1CCC(C2CCC3CCCCC32)CC1
C1CCC(CCCCC2CCC(C3CCCCC3)CC2)CC1
C1CCC(CCC2CC3CCC(C4CCCCC4)CC3C(C3CCCCC3)C2)CC1
C1CCC(C2CCCC(C3CC(C4CCCCC4)CCC3C3CCC(CC4CC4)CC3)C2)CC1
C1CCC(C2CCC(CC3CCCC3)CC2)CC1
C1CCC(CC2CCC(CC3CCCC(C4CCCCC4)C3)CC2)CC1
C1CCC(C2CCC(CC3CC4CCCCC4C3)C(C3CCCCC3)C2)CC1
C1CCC(CCC2CCCCC2CC2CCCC(CC3CCCCC3)C2)CC1
C1CCC(CCC(C2CCCCC2)C2CCCC(C3CCC(C4CCCCC4)C(C4CCCC4)C3)C2)CC1
C1CCC(C2CCC(CCC3CC4CCCCC4C3)C(C3CCCCC3)C2)CC1
C1CCC(CCCC2CCC(C3CCC(CC4CCCCC4)CC3)C(C3CCCCC3)C2)CC1
C1CCC(CCCC2CCCCC2C2CCC(CC3CCCCC3)CC2)CC1
C1CCC(CCC2CCCC(C3CCCCC3)C2)CC1
C1CCC(CCCC2CC(C3CCCC(C4CCC4)C3)CCC2CCC2CCCCC2)CC1
C1CCC(C2CC3CCCCC3C(C3CCCCC3)C2)CC1
C1CCC(CCCCC2CCCC(C3CCCCC3CC3CCCCC3)C2)CC1
C1CCC(CCCC2CCC(C3CCCCC3)CC2)CC1
C1CCC(CC2CCC(CC3CCCCC3)C(C3CCCCC3)C2)CC1
C1CCC(CC2CCC(CC3CCCC(C4CCCC(CC5CCCCC5)C4)C3)CC2)CC1
C1CCC(CC2CCC(CCCC3CC(CC4CCCCC4)C4CCCCC34)CC2)CC1
C1CCC(CCCCCC2CCCC(C3CCCCC3)C2)CC1
C1CCC(CC2CCCC(C3CCC4CCCC4C3)C2)CC1
C1CCC(CC2CCCCC2C2CCCCC2CC2CCC(C3CCCCC3)CC2)CC1
C1CCC(C2CCCC(C3CCCCC3C3CCCC3)C2)CC1
C1CCC(C2CCC(CC3CCCC(C4CCC(CC5CCCC5)CC4)C3)CC2)CC1
C1CCC(CC2CCC3CC(C4CCCCC4)CCC3C2)CC1
C1CCC(CC2CCC(C3CCC(C4CCCC4)CC3)C(CC3CC3)C2)CC1
C1CCC(C2CCCC(C3CCCCC3)C2)CC1
C1CCC(CCCCCC2CCC(CC3CCCC(CC4CCCCC4)C3)CC2)CC1
C1CCC(CCC2CCC(C3CCCC(C4CCCCC4)C3)CC2)CC1
C1CCC(C2CCC(CC3CCCCC3C3CCCCC3CC3CCCC4CCCCC43)CC2)CC1
C1CCC(CC2CCCC(C3CCCCC3)C2)CC1
C1CCC(CC2CCC(CC3CCCCC3C3CCCC(C4CCCCC4)C3)CC2)CC1
C1CCC(CCCCCC2CCC(C3CCCC(C4CCCC4)C3)CC2)CC1
C1CCC(CCCCCC2CCCC(CCC3CC4CCCCC4C3)C2)CC1
C1CCC(CC2CCC(C3CCC(CCC4CCC5CCCCC5C4)CC3)CC2)CC1
C1CCC(C2CCCCC2CCC2CCC3CCCCC32)CC1
C1CCC(C2CC(CCCC3CCC4CCCCC4C3)CC(C3CCC3)C2)CC1
C1CCC(CC2CCCCC2C2CCC(C3CCC(CCCC4CCCC(C5CCCCC5)C4)CC3)CC2)CC1
C1CCC(CC2CCCC(C3CCCCC3C3CCCCC3)C2)CC1
C1CCC(C2CCCCC2C2CCCCC2C2CCCCC2)CC1
C1CCC(CC2CC(C3CCCCC3)CC(C3CCCCC3)C2)CC1
C1CCC(C2CCCC(C3CCCC(CC4CC(C5CCCCC5)C5CCCCC45)C3)C2)CC1
C1CCC(CCC2CCCC(C3CCCC(C4CCCCC4)C3)C2)CC1
C1CCC(C2CCC(C3CCCCC3)C(CC3CCCC3)C2)CC1
C1CCC(C2CCCCC2C2CCCCC2)CC1
C(CCCC1CC(C2CCC(CC3CCCCC3)CC2)C2CCCCC12)CCC1CCCCC1
C1CCC(C2CCCC(CC3CCC3)C2)CC1
C1CCC(CCC2CCCC(C3CCCC(C4CCCCC4)C3)C2)CC1
C1CCC(CC2CCCC(C3CCCC(C4CCCC4)C3)C2)CC1
C1CCC(CCC2CCCC(CC3CCCC(C4CCC(C5CCCCC5)CC4)C3)C2)CC1
C1CCC(C2CC(C3CCC4CCCC4C3)CC(C3CCC3)C2CC2CCCC2)CC1
C1CCC(CCC(CC2CCCCC2C2CCC(C3CCC3)CC2)C2CCCCC2)CC1
C1CCC(C2CCC(CCCCC3CCC(C4CCCC4)CC3)CC2)CC1
C1CCC(CCC2CCCC(C3CCCC(CCC4CCCCC4)C3)C2)CC1
C1CCC(CC2CCCCC2CCC2CC(C3CCCCC3)CCC2C2CCC3CCCC3C2)CC1
C1CCC(CCC2CCCC(C3CCCCC3)C2)CC1
C1CCC(C2CCCCC2CC2CCC(C3CCC(CC4CCCC4)C3)CC2)CC1
C1CCC(CCCC2CCC(C3CCCCC3)CC2)CC1
C1CCC(CCCC2CCCC(C3CCCCC3)C2)CC1
C1CCC(CCC2CCC(CC3CCCC(C4CCCC(C5CCCC5)C4)C3)CC2)CC1
C1CCC(CC2CCC(C3CCC(C4CCCCC4C4CCCC4)CC3)CC2)CC1
C1CCC(CC2CCCC(C3CCCCC3CC3CCCCC3)C2)CC1
C1CC(CC2CCC(C3CCCCC3C3CCCC3)CC2)C1
C1CCC(C2CCCCC2C2CCCCC2)CC1
C1CCC(C2CCC(C3CC3)CC2C2CCCCC2)CC1
C1CCC(CC2CCCCC2CCCC2CC3CCCCC3C2)CC1
C1CCC(C2CCCC(C3CCCC(C4CCCC4)C3)C2)CC1
C1CCC(CC2CCCCC2C2CCC(C3CCC4CCCCC4C3)CC2)CC1
C1CCC(C2CCC(CC3CC(C4CCCCC4)CC(C4CC5CCCCC5C4)C3)CC2)CC1
C1CCC(CC2CCC(CCCC3CC(C4CCCCC4)CC(C4CCCC4)C3)CC2)CC1
C1CCC(CCCCC2CCC(CC3CCCCC3)CC2)CC1
C1CCC(CC2CCCCC2C2CCC(CCC3CC4CCCCC4C3)CC2)CC1
C1CCC(C2CCC(CC3CCCC(C4CCCCC4)C3)CC2)CC1
C1CCC(C2CCC3CCC(CC4CCCCC4C4CCC4)C3C2)CC1
C1CCC(CC2CCC(C3CCC4CCC(CC5CCCC5)CC4C3)CC2)CC1
C1CCC(CC2CCCC(CCCC3CCCC(C4CCC(C5CCCC5)CC4)C3)C2)CC1
C1CCC(CCCC2CCCCC2CCC2CCCCC2)CC1
C1CCC(CC2CCC(CCC3CCC(CCC4CC4)CC3)C(C3CCC3)C2)CC1
C1CCC(C(C2CCCCC2)C2CCCCC2C2CCCC2)CC1
C1CCC(C2CCC(C3CCCC(C4CCC(C5CCC5)CC4)C3)CC2)CC1
C1CCC(C2CCCC(C3CCCCC3CC3CCC(C4CCCCC4C4CCCC4)CC3)C2)CC1
C1CCC(CC2CC(C3CCC(C4CCCCC4)CC3)C3CCCCC23)CC1
C1CCC(C2CCCCC2CC2CC(CC3CCCC3)C3CCCCC23)CC1
C1CCC(CC2CCCCC2C2CCCCC2C2CCCCC2)CC1
C1CCC(C2CCC(CCCC3CCC(CC4CCC(C5CCCCC5)CC4)CC3)CC2)CC1
C1CCC(C2CCCC(CCC3CCCC(C4CCCCC4)C3)C2)CC1
C1CCC(CCCC2CCCCC2)CC1
C1CCC(CC2CCC(CCCC3CC4CCCCC4C3)CC2)CC1
C1CCC(CC2CCCC(C3CCC(C4CCCC4)CC3)C2)CC1
C1CCC(C2CCC(CCC3CCCC(C4CCCC(C5CCCC5)C4)C3)CC2CC2CCCC2)CC1
C1CCC(CC2CCC(C3CCC4CCCCC43)CC2)CC1
C1CCC(C2CCCC(CCC3CCCC(C4CCCCC4)C3)C2)CC1
C1CCC(CCCC2CCCC(CCCC3CCCCC3)C2)CC1
C1CCC(CCC2CCC(CC3CCCCC3)CC2)CC1
C1CCC(CC2CCC(CC3CCCCC3)C(CC3CC4CCCCC4C3)C2)CC1
C1CC(C2CCC3CC(C4CCCCC4C4CC(CC5CC5)C5CCCCC54)CCC32)C1
C1CCC(CCCC2CCC(C3CC4CCCCC4C(C4CCCCC4)C3)C2)CC1
C1CCC(C2CCC(CC3CC(C4CCCCC4)C4CCCCC34)CC2)CC1
C1CCC(CC2CCCC(CCCCC3CCC(C4CCCCC4)C(C4CC4)C3)C2)CC1
C1CCC(CC2CCC(CC3CCCCC3C3CCCC3)CC2)CC1
C1CCC(CC2CCC(CC3CCCC(C4CCC5CCCCC54)C3)CC2)CC1
C1CCC(C2CC(C3CCCCC3)CC(C3CCC3)C2)CC1
C1CCC(CC2CCCCC2C2CCCCC2)CC1
C1CCC(C2CCC(C3CCCCC3)C(C3CCCCC3)C2)CC1
C1CCC(CCCCCC2CCCCC2C2CCC3CCCCC3C2)CC1
C1CCC(CCC2CCC(C3CCCCC3)CC2)CC1
C1CCC(C(CC2CC3CCCCC3C2)C2CCCCC2)CC1
C1CCC(C2CCCCC2C2CCCCC2C2CCCC2)CC1
C1CCC(CC2CCCCC2CC2CCCCC2)CC1
C1CCC(C2CCC(CC3CCC(CC4CC(C5CCCCC5)CC(C5CCCC5)C4)CC3)CC2)CC1
C1CCC(CCC2CCCC(C3CCCC(CCC4CCCCC4)C3)C2)CC1
C1CCC(CCCC2CCC(CC3CCCCC3)CC2)CC1
C1CCC(C2CCCCC2CC2CCCCC2CC2CC3CCCCC3C2)CC1
C1CCC(CC2CCC(C3CCCCC3)C(C3CCC(C4CCCCC4)CC3)C2)CC1
C1CCC(C2CCC(C3CCCCC3C3CCC4CCCCC4C3)C2)CC1
C1CCC(CCC2CCCCC2CCC2CCCCC2)CC1
C1CCC(CCC2CCCCC2CC2CCCCC2)CC1
C1CCC(CCC2CCC(CC3CCC(C4CC4)CC3)CC2)CC1
C1CCC(CC2CCC(C3CCC(CC4CCCC4)CC3C3CCC4CCCC4C3)C2)CC1
C1CCC(C2CCCCC2C2CC3CCCCC3C2)CC1
C1CCC(C2CCCCC2CC2CCCC(C3CCCC3)C2)CC1
C1CCC(CCCC2CCCCC2CCCC2CCCCC2)CC1
C1CCC(CCC2CC(C3CCCCC3)CC(C3CCC(C4CCCC(C5CC6CCCCC6C5)C4)CC3)C2)CC1
C1CCC(CC2CC(CC3CCCC3)CC3CC(C4CCCCC4)CCC23)CC1
C1CCC(C2CCC(CC3CCCC(CCC4CC5CCCCC5C5CCCCC45)C3)CC2)CC1
C1CCC(C2CCCC(C3CCCC(CC4CCC(CCC5CCC(C6CCCC6)CC5)CC4)C3)C2)CC1
C1CCC(CC2CCCC(C3CCCC(CC4CCCCC4C4CCCCC4)C3)C2)CC1
C1CCC(CC2CCC(CC3CCCCC3)CC2)CC1
C1CCC(C2CCCC(CC3CCC4CCCCC43)C2)CC1
C1CCC(C2CCC(CCCC3CC4CCCCC4C3)CC2)CC1
C1CCC(CC2CCC(C3CCC(CC4CCCCC4)CC3)CC2)CC1
C1CCC(CCC2CCC(C3CCCCC3CC3CCCC3)CC2)CC1
C1CCC(CCC2CC(CC3CCCCC3)CC(C3CCCCC3)C2)CC1
C1CCC(CC2CCC(CC3CC4CCCCC4C3)CC2)CC1
C1CCC(CCC2CCC(CC3CCCCC3)CC2)CC1
C1CCC(CC2CCC(C3CCCCC3)CC2)CC1
C1CCC(CC2CCCCC2C2CCC(C3CCCC3)CC2C2CCC3CCCC3C2)CC1
C1CCC(C2CCC(C3CCC(C4CCCCC4)C4CCCC34)CC2)CC1
C1CCC(C2CCC(CCC3CCCC(C4CCCCC4)C3)CC2)CC1
C1CCC(C2CC3CCCCC3C(C3CCCCC3)C2)CC1
C1CCC(CC2CCC(C3CCCC4CC(C5CCCCC5C5CCCC5)CCC43)CC2)CC1
C1CCC(C2CCCCC2C2CCCC(C3CCCCC3C3CC3)C2)CC1
C1CCC(CCC2CCCC(CC3CCCCC3)C2)CC1
C1CCC(CC2CCC(CC3CCC(C4CC(C5CCCCC5)C4)CC3)CC2)CC1
C1CCC(CCC2CCC(C3CCCCC3)C2)CC1
C1CCC(CCC2CCC(CCC3CCC(CC4CCCCC4)CC3)CC2)CC1
C1CCC(CC2CCC(C3CCC(CC4CCCCC4)CC3)CC2)CC1
C1CCC(CCC2CCC(CC3CCCCC3)CC2)CC1
C1CCC(C2CCC(C3CCCCC3)CC2)CC1
C1CCC(C2CCCC(C3CCCCC3)C2)CC1
C1CCC(CC2CCC(CC3CCCCC3)CC2)CC1
C1CCC(C2CCCC(C3CCCC(CC4CC(C5CCCC5)C5CCCCC45)C3)C2)CC1
C1CCC(CC2CCCC(CC3CCCC(C4CCCC4)C3)C2)CC1
C1CCC(CCC2CCC(C3CCC(CC4CCCCC4)CC3)CC2)CC1
C1CCC(CC2CCCC(CC3CCCC(C4CCCCC4)C3)C2)CC1
C1CCC(CC2CC(CC3CCC(C4CCCCC4)CC3)C3CC(C4CCC5CCCC5C4)CC23)CC1
C1CCC(CCC2CCC(CC3CCCCC3)CC2)CC1
C1CCC(C2CCCC(C3CCCCC3C3CCCC3)C2)CC1
C1CCC(CC2CC(CC3CCCC(C4CCCCC4)C3)C3CCCCC23)CC1
C1CCC(CC2CCC(CC3CCCCC3)C(CCC3CC4CCCCC4C3)C2)CC1
C1CCC(CCCC2CCC(CC3CCCCC3)C(C3CCCC(CC4CCCCC4)C3)C2)CC1
C1CCC(C2CCC(C3CCCCC3)CC2)CC1
C1CC(CCC2CC(C3CCC4CCCCC43)CC3CCCCC32)CC(CC2CC3CCCCC3C2)C1
C1CCC(C2CC3CCCCC3C(C3CCCCC3)C2)CC1
C1CCC(CCCC2CCCC(CCCC3CCCC3)C2)CC1
C1CCC(CC2CCC(C3CCC(C4CCC(C5CCCCC5)CC4)CC3)CC2)CC1
C1CCC(C2CCC(C3CCC(C4CCCC(C5CCCCC5)C4)C3)CC2)CC1
C1CCC(CC2CCC(C3CCCCC3)CC2)CC1
C1CCC(C2CCC(CCC3CCC(CCC4CC5CCCCC5C4)C(C4CCCCC4)C3)CC2)CC1
C1CCC(CCC2CCCCC2C2CCC3C(CCCC3C3CCCCC3)C2)CC1
C1CCC(C2CCCCC2)CC1
C1CCC(C2CCC(CC3CCC(C4CCCCC4C4CCCCC4)CC3)CC2)CC1
C1CCC(CC2CCC(CCCCC3CCC(C4CCCC4)CC3)CC2)CC1
C1CCC(C2CCC(CC3CCC(C4CCCCC4)CC3)CC2)CC1
C1CCC(C2CCC(C3CCCCC3)C(C3CCCCC3)C2)CC1
C1CCC(CC2CC(CC3CC4CCCCC4C(C4CCCCC4)C3)C3CCCCC23)CC1
C1CCC(C2CCC(C3CCCCC3)CC2)CC1
C1CCC(C2CCCC(CC3CCCCC3C3CCCCC3)C2)CC1
C1CCC(C2CCC(C3CC(C4CCC5CCCCC54)CC4CCCCC43)C2)CC1
C1CCC(C2CCCC(CC3CCCCC3C3CCCCC3)C2)CC1
C1CCC(CCCC2CCCC(C3CCCC(C4CCCCC4)C3)C2)CC1
C1CCC(C2CCCC(CC3CCC4CCCC4C3)C2)CC1
C1CCC2C(C1)CCC2C1CC2CCCCC2C(C2CCCC2C2CCCC2)C1
C1CCC(C2CCCC(CCC3CCCC(C4CCCCC4)C3)C2)CC1
C1CCC(CCC2CC(CC3CCCCC3)CC(C3CCCCC3)C2)CC1
C1CCC(CC2CCCC(C3CCCC(C4CCCC4)C3)C2)CC1
C1CCC(CC2CCC(CC3CCC(C4CCCCC4)CC3)CC2)CC1
C1CCC(CCCC2CCCC(C3CCC4CCCCC43)C2)CC1
C1CCC(CCCC2CCC(C3CCCCC3)CC2)CC1
C1CCC(CC2CCCC(CC3CC(C4CCCCC4)C4CCCCC34)C2)CC1
C1CCC(C2CCC(CC3CCCC(C4CCC(C5CCCCC5)CC4)C3)CC2)CC1
C1CCC(C2CCC(C3CCCCC3CCC3CC3)CC2)C1
C1CCC(C2CC(CC3CCCC(C4CCC4)C3)C3CCC(CC4CC4)CC32)CC1
C1CCC(CCCC2CCCC(C3CCCC(C4CCCC4)C3)C2)CC1
C1CCC(CC2CCC(CC3CCC(CC4CCC4)CC3)CC2)CC1
C1CCC(CCC2CC(CC3CCCCC3)CC(C3CCCC(CC4CCCCC4)C3)C2)CC1
C1CCC(C(CC2CCCCC2C2CCC3CCCC3C2)C2CCCCC2)CC1
C1CCC(CCC2CCC3C(CCC3CC3CCCC(CC4CCCCC4)C3)C2)CC1
C1CCC(C2CCC(C3CCCC3C3CCC4C(CCCC4C4CC4)C3)CC2)CC1
C1CCC(CC2CCC(CC3CCCC(C4CCCCC4)C3)CC2)CC1
C1CCC(CC2CC(C3CCCC(C4CCCCC4)C3)C3CCCCC23)CC1
C1CCC(C2CCC(C3CCCC3)CC2)CC1
C1CCC(CC2CCCCC2)CC1
C1CCC(CC2CCCCC2)CC1
C(CCCC1CC2CCCCC2C1)CCC1CCC(C2CCCC(C3CCCCC3)C2)CC1
C1CCC(CC2C(CCC3CC4CCCCC4C3)CCC2C2CCCCC2)CC1
C1CCC(CC2CCC(C3CCCCC3)CC2)CC1
C1CCC(CCC2CC(C3CCC4CCCCC43)CC3CCCCC32)CC1
C1CCC(C2CCC3CCC(C4CCCC(CC5CC6CCCCC6C5)C4)CC3C2)CC1
C1CCC(CCC2CCC(CC3CCC(CC4CCCCC4C4CCCC4)CC3)CC2)CC1
C1CCC(C2CCCCC2C2CCCCC2)CC1
C1CCC(CCC2CC(CCCC3CCCC(C4CC4)C3)C3CCCCC23)CC1
C1CCC(C2CCC(C3CCCCC3C3CCCCC3)CC2)CC1
C1CCC(CC2CCC(CC3CCCCC3)CC2)CC1
C1CCC(CC2CCC(CC3CCC(C4CCCCC4)CC3)CC2)CC1
C1CCC(CC2CCC(C3CCCCC3C3CCC4CCCC4C3)CC2)CC1
C1CCC(C2CCCCC2C2CCCCC2)CC1
C1CCC(CCC2CCC(C3CCCCC3)CC2)CC1
C1CCC(CC2CC(C3CCCCC3)C3CC(C4CCCCC4)CCC23)CC1
C1CCC(C2CCC(CCCC3CCC(C4CCCCC4)C(C4CCCC4)C3)CC2)CC1
C1CCC(C2CCC(C3CCCC(CC4CC5CCCCC5C4)C3)CC2)CC1
C1CCC2CC(CC3CCC(CC4CCC(C5CCC(C6CCC7CCCC7C6)CC5)CC4)CC3)CC2C1
C1CCC(CC2CCCC3CC(C4CCCCC4C4CCCCC4)CCC23)CC1
C1CCC(C2CCC(CC3CCCCC3C3CCC4CCCCC4C3)CC2)CC1
C1CCC(CCCC2CCC(C3CCCC(CC4CCCCC4)C3)CC2)CC1
C1CCC(C2CCC3C(CCCC3C3CCCCC3)C2)CC1
C1CCC(C2CCC(C3CCCC(C4CCCCC4)C3)CC2)CC1
C1CCC(CCC2CCCC(CC3CCC(C4CC4)CC3)C2)CC1
C1CCC(CC2CCC(CC3CCCCC3CCC3CC3)CC2)CC1
C1CCC(CCC2CCC(C3CCCC(C4CCC5C(CCCC5C5CCC5)C4)C3)CC2)CC1
C1CCC(CC2CCC(CC3CCCCC3)CC2)CC1
C1CCC(CC2CCC(C3CCCCC3CC3CCCCC3)CC2)CC1
C1CCC(CC2CCC(CCCCCC3CCCC(C4CC5CCCCC5C4)C3)CC2)CC1
C1CCC(CC2CCC(CC3CCCC3)CC2)CC1
C1CCC(CC2CCC(C3CCCCC3)CC2)CC1
C1CCC(CC2CCC(CC3CCCCC3C3CCCCC3CC3CCCCC3)CC2)CC1
C1CCC(CC2CC(C3CCCCC3CC3CCCCC3)C3CCCCC23)CC1
C1CCC(C2CCCC(C3CCC3)C2)CC1
C1CCC(CCC2CCC3C(CCCC3C3CCC(CC4CCCCC4)CC3)C2)CC1
C1CCC(CCCC2CCCCC2CCCC2CCCCC2)CC1
C1CCC(C2CCC(C3CCCC3)CC2)CC1
C1CCC(CC2CCCCC2CC2CCC3CCCCC3C2)CC1
C1CCC(CCCC2CCC(CCC3CCCCC3)CC2)CC1
C1CCC(CCCC2CCCCC2C2CCC3CCCC3C2)CC1
C1CCC(C2CCCCC2C2CCC(CCC3CCCC(C4CCCC4)C3)CC2)CC1
C1CCC(CC2CCCCC2CC2CC(CC3CCCCC3)C3CCCCC23)CC1
C1CCC(C2CCCC(C3CCCCC3)C2)CC1
C1CCC(C2CCC(C3CCC(C4CCCCC4)C(C4CCCCC4)C3)C2)CC1
C1CCC(C2CCC(CCCC3CCCC(C4CCCCC4)C3)CC2)CC1
C1CCC(CC2CCCC(C3CCC(C4CCCC4)CC3)C2)CC1
C1CCC(CCC(CC2CCCCC2)CC2CC3CCCCC3C(C3CCCCC3)C2)CC1
C1CCC(CC2CCC(CCC3CCC(C4CCCC4)CC3)CC2)CC1
C1CCC(CC2CC(C3CCCCC3)C3CCCCC23)CC1
C1CCC(CCCCC2CCCCC2C2CCCC(C3CCCC3)C2)CC1
C1CCC(CCCC2CCCCC2C2CCC(CC3CCC4C(CC5CCCCC5)CCC4C3)CC2)CC1
C1CCC(CC2CCCC(C3CCCC(C4CCCC(C5CCCCC5)C4)C3)C2)CC1
C1CCC(CCC2CCCC(C3CCCCC3)C2)CC1
C1CCC(CCC2CCCC(C3CCCCC3)C2)CC1
C1CCC(CCC2CCC(CC3CCCCC3)CC2)CC1
C1CCC(CC2CCC(CC3CCCCC3)CC2)CC1
C1CCC(CC2CCCC(C3CCCCC3)C2)CC1
C1CCC(CCCC2CCCC(C3CCCCC3)C2)CC1
C1CCC(C2CCCC(CC3CCC(C4CCCC4)CC3)C2)CC1
C1CCC(CCC2CCC(CC3CCCCC3)CC2)CC1
C1CCC(CCCC2CCC(CC3CCCCC3)CC2)CC1
C1CCC(CC2CC(CC3CCC(C4CCCCC4)CC3)CC(C3CCCCC3)C2)CC1
C1CCC(CCCC2CC3CCC(C4CCC(CC5CCCCC5)CC4)CC3C(C3CCCCC3)C2)CC1
C1CCC(C2CCC(C3CCCCC3C3CCCC(C4CCCC4)C3)CC2)CC1
C1CCC(CC2CCC(C3CCCCC3)CC2)CC1
C1CCC(C2CCC(C3CCCCC3CCCCCC3CC4CCCCC4C3)CC2)CC1
C1CCC(C2CCCC(CC3CCC(CCCCC4CC4)CC3)C2)CC1
C1CCC(C2CCC(CC3CCC4CCCCC43)CC2)CC1
C1CCC(C2CCC(CC3CCCC(C4CCCC(C5CCC6CCCCC65)C4)C3)CC2)CC1
C1CCC(CCC2CCC3CC(CCC4CCCC(CC5CCCCC5)C4)CC3C2)CC1
C1CCC(CC2CCC3CCCC(C4CCCCC4)C3C2)CC1
C1CCC2CC(CC3CCCC(C4CCC5CCCC5C4)C3)CC2C1
C1CCC(CC2CCC(CC3CCCCC3)CC2)CC1
C1CCC(C2CCCCC2C2CCCC(C3CCC(C4CCCCC4C4CCCC4)CC3)C2)CC1
C1CCC(C2CCC(C3CCCCC3)C(C3CCC4CCCC4C3)C2)CC1
C1CCC(CCCC2CCCC(CC3CCCC(CC4CCCCC4)C3)C2)CC1
C1CCC(CC2CC(C3CCC4CCCCC4C3)C3CCCCC23)CC1
C1CCC(CC2CCC3CC(C4CCCCC4)CCC23)CC1
C1CCC(CC2CCCC2C2CCCC(CCC3CCCC(C4CCCCC4)C3)C2)CC1
C1CCC(CCC2CCC(CC3CCC(CC4CCC(CC5CCCCC5)CC4)CC3)CC2)CC1
C1CCC(C2CCC(C3CCC(C4CCCC(C5CCC(C6CCCC6)CC5)C4)CC3)CC2)CC1
C1CCC(C2CCC(CC3CCCC(C4CCCCC4)C3)CC2)CC1
C1CC(CC2CCC(C3CCC3)CC2)CC(CC2CC3CCCCC3C2)C1
C1CCC(CCC2CCCC(C3CCCC(C4CCCCC4)C3)C2)CC1
C1CCC(CC2CCCC(C3CCCC(C4CCCCC4)C3)C2)CC1
C1CCC(CC2CCC(CC3CCCCC3C3CCCCC3)CC2)CC1
C1CCC(CC2CCC(C3CCCCC3)CC2)CC1
C1CCC(CC2CCCC(C3CCC(C4CCC5CCCCC5C4)C(C4CCCCC4)C3)C2)CC1
C1CCC(C2CCCCC2)CC1
C1CCC(CC2CCC(C3CCCCC3)CC2CC2CCCCC2)CC1
C1CCC(CCC2CCC(C3CCC(C4CCCCC4C4CCCCC4)CC3)CC2)CC1
C1CCC(C2CCCCC2C2CCC3CCCC3C2)CC1
C1CCC(CCCC2CCCC(C3CCC(C4CCCC(C5CC5)C4)CC3)C2)CC1
C1CCC(C2CCCCC2CC2CCC(C3CCCCC3C3CCCCC3)C2)CC1
C1CCC(CC2CCC(C(CCC3CCC(C4CCCC4)CC3)CC3CCCCC3)CC2)CC1
C1CCC(CCC2CCC(CC3CCCCC3)CC2)CC1
C1CCC(CCC2CCCC(C3CCCCC3)C2)CC1
C1CCC(C2CCCCC2C2CCC(C3CCC(CC4CC4)CC3)CC2)C1
C1CCC(CC2CCCCC2)CC1
C1CCC(CC2CCC(C3CCCCC3)CC2)CC1
C1CCC(CCCC2CCC(CC3CCCC3CCC3CC4CCCCC4C3)CC2)CC1
C1CCC(CC2CCC(CC3CC(CC4CCCCC4)C4CCCCC34)CC2)CC1
C1CCC(CC2CCC(CC3CCCCC3)CC2)CC1
C1CCC(CC2CCCC(C3CCCCC3)C2)CC1
C1CCC(CC2CCCCC2CC2CCC3CCCCC3C2)C1
C1CCC(CCCCC2CC(C3CCCCC3)CCC2CC2CCCCC2)CC1
C1CCC(CC2CCCCC2C2CCCCC2)CC1
C1CCC(CCCC2CCCC(C(C3CCC(C4CCCCC4)CC3)C3CC3)C2)CC1
C1CCC(CC2CCC3CC(C4CCCCC4)CC(C4CCCCC4)C3C2)CC1
C1CCC2C(C1)CCC2C1CC2CCCCC2C(C2CCCC(C3CC3)C2)C1
C1CCC(CC2CCC(C3CCCCC3)CC2)CC1
C1CCC(CCC2CCCCC2CCC2CC3CCCCC3C2)CC1
C1CCC(CC(CCC2CCCC(C3CCCCC3)C2)C2CCCCC2)CC1
C1CCC(CC(CC2CCCC(C3CCCCC3)C2)C2CCCCC2)CC1
C1CCC(CCC2CCCC(C3CCCCC3)C2)CC1
C1CCC(CC2CCCCC2C2CCCCC2C2CCCCC2)CC1
C1CC(C2CCC3CC(C4CCC5CCCCC54)CCC3C2)C1
C1CCC(C2CCCC(CCC3CC(C4CCCCC4)CC(C4CCCCC4)C3)C2)CC1
C1CCC(CCCCCC2CCCC(C3CCCCC3)C2)CC1
C1CCC(C2CCCCC2)CC1
C1CCC(C2CCC(CCCC3CCC(C4CCC4)CC3)CC2)CC1
C1CCC(CC2CCCC(C3CCC4C(CCC4C4CCCC4)C3)C2)CC1
C1CCC(CC2CCC(CC3CCCCC3)CC2)CC1
C1CCC(CC2CCCC(C3CCC(C4CCCCC4)CC3)C2)CC1
C1CCC(CC2CC(C3CCCC(C4CC4)C3)CC(C(CC3CCCCC3)C3CCC3)C2)CC1
C1CCC(CC2CCCC(C3CCCCC3)C2)CC1
C1CCC(CC2CCC(C3CCCC(C4CCC5CCCCC5C4)C3)CC2)CC1
C1CCC(CCC2CCCC(C(C3CCCCC3)C3CCCCC3)C2)CC1
C1CCC(C2CCCC(C3CCCCC3)C2)CC1
C1CCC(CC2CCCCC2C2CCCC3CC(C4CCCCC4)CCC32)CC1
C1CCC(CC2CCCCC2C2CCC(C3CCCC3)CC2)CC1
C1CCC(CCCC2CCC(C3CCCCC3)CC2)CC1
C1CCC(CC2CCCC(C3CCCCC3)C2)CC1
C1CCC(CC2CCC(CCC(CC3CCCCC3)CC3CCC(C4CC4)C3)CC2)CC1
C1CCC(CC2CCC(CC3CCCCC3CCCC3CCC4CCCCC4C3)CC2)C1
C1CCC(CCCC2CCC(CC3CCCCC3)CC2)CC1
C1CCC(CC2CCC(C3CCCC(C4CCC(CC5CCCC5)CC4)C3)CC2)CC1
C1CCC(C2CCCCC2)CC1
C1CCC(CCCC2CCC(C3CCC(C4CCCCC4)CC3)CC2)CC1
C1CCC(CCC2CCC(CC3CCC(CC4CCCCC4)CC3)CC2)CC1
C1CCC(CC2CCC(CC3CCC(CC4CCC5CCCCC5C4)CC3)CC2)CC1
C1CCC(CC2CCCC(C3CCCC(C4CCCC(C5CCCCC5)C4)C3)C2)CC1
C1CCC(CC2CCC(CCCC3CCCC(CC4CCCCC4)C3)CC2)CC1
C1CCC(CC2CC(C3CCC(C4CCCC4)CC3)C3CC(C4CCCCC4)CCC23)CC1
C(CCC1CCCC(C2CCC2)C1)CCC1CCCCC1C1CCCCC1C1CCC2CCCC2C1
C1CCC(CCC2CCC(CC3CCCCC3)CC2)CC1
C1CCC(CC2CCCCC2C2CCC3CCCC3C2)CC1
C1CCC(C2CCC(C3CCCCC3C3CCCC(CC4CC4)C3)CC2)CC1
C1CCC(C2CCCC(CCCC3CCCC(C4CCCCC4)C3)C2)CC1
C1CCC(C2CCCC(C3CCC(C4CCCCC4)C3)C2)CC1
C1CCC(CC2CCC(C3CCC(CC4CCC(CCC5CC5)CC4)CC3)CC2)CC1
C1CCC(CC2CCCC(CC3CCCCC3)C2)CC1
C1CCC(CC2CCCCC2C2CCC(CC3CC4CCCCC4C3)CC2)CC1
C1CCC(C2CCCCC2C2CCC3CCCC3C2)CC1
C1CCC(CC2CCC(C3CCCCC3CCC3CC4CCCCC4C3)CC2)CC1
C1CCC(CC2CCC(CC3CCCC(CC4CCCCC4)C3)CC2)CC1
C1CC2CCC(CC3CCC(C4CC5CCCCC5C4)CC3)CC2C1
C1CCC(CCC2CCCCC2CC2CCCCC2)CC1
C1CCC(CCC2CCCC(C3CCC(C4CCCCC4C4CCCC4)CC3)C2)CC1
C1CCC(CC2CCC(CC3CCCC3)C(C3CCCCC3)C2)CC1
C1CCC(C(CCC2CCC(C3CCCC(CC4CCCC4)C3)CC2)C2CCCCC2)CC1
C1CCC(C2CCCC(C3CCC4CC(C5CC5)CCC4C3)C2)CC1
C1CCC(CCC2CC(CC3CC3)CC(C3CCCCC3)C2)CC1
C1CCC(C2CCC(C3CCCC(C4CCCCC4)C3)CC2)CC1
C1CCC(CCCC2CCC(CC3CCC(C4CCCCC4)CC3)CC2)CC1
C1CCC(C2CCC2)CC1
C1CCC(CCC2CCC(CCCC3CC4CCCCC4C3)CC2)CC1
C1CCC(C2(CC3CCCCC3C3CCC(CC4CCC(CC5CC6CCCCC6C5)CC4)CC3)CC2)CC1
C1CCC(CCC2CCCC(CC3CCC(CCCC4CCC(CC5CCCCC5)CC4)CC3)C2)CC1
C1CCC(C2CCCCC2)CC1
C1CCC(C2CCC(CCC3CCCCC3C3CCCC3)C2)CC1
C1CCC(CCC2CCC3CC(C4CCCCC4)CCC3C2)CC1
C1CCC(CC2CCCCC2CC2CC(CC3CCCCC3)C3CCCCC23)CC1
C1CCC(CC2CCC(CC3CCCCC3)CC2)CC1
C1CCC(CCC2CCC(C3CCCCC3)CC2)CC1
C1CCC(C2CCCC(C3CCCCC3)C2)CC1
C1CCC(CCCC2CCCCC2C2CCC(CC3CCCCC3)CC2)CC1
C1CCC(CC2CC3CCC(C4CCCC4)CC3C(C3CCCCC3)C2)CC1
C1CCC(CC2CCCC(C3CCCCC3C3CC3)C2)CC1
C1CCC(CC2CCCC(CCCC3CCC4C(C5CCCCC5)CC(C5CCCC5)C4C3)C2)CC1
C1CCC(CC2CCC3CC(CCC4CCC(C5CCC5)CC4)CCC23)CC1
C1CCC(CCC2CCC(C3CCCCC3)CC2CCC2CCCCC2)CC1
C1CCC2CC(C3CCCCC3C3CCC4CCCC4C3)CCC2C1
C1CCC(CC2CCC(CC3CCC(CC4CCCC4)CC3)CC2)CC1
C1CCC(C2CCC(C3CC(C4CCCCC4)CC(C4CCCC4)C3)CC2)CC1
C1CCC(CCCCC2CCC(CC3CC4CCCCC4C3)CC2)CC1
C1CCC(CCCCC2CCC(C3CCC4CCCCC43)CC2)CC1
C1CCC(CCC2CC(C3CCCCC3C3CCCCC3)C3CCCCC23)CC1
C1CCC(CCCCCC2CCCC(CC3CC(CC4CCCCC4)C4CCCCC34)C2)CC1
C1CCC(CCC2CC(CC3CCCCC3)CC(C3CCCC(C4CCCCC4)C3)C2)CC1
C1CCC(CC2CCCCC2C2CCCCC2)CC1
C1CCC(C2CCC(CC3CCCCC3C3CCCCC3)CC2)CC1
C1CCC(C2CCCCC2)CC1
C1CCC(CC2CCC(C3CCCC(C4CCCC(C5CCCCC5)C4)C3)CC2)CC1
C1CCC(C2CCC(C3CCC(C4CCCC(CC5CC5)C4)CC3)CC2)CC1
C1CCC(CC2CCCC(C3CCCCC3)C2)CC1
C1CCC(CC2CCCC(C3CCCCC3)C2)CC1
C1CCC(CC2CCCC(C3CCCC(CC4CC(C5CCCC5)C5CCCCC45)C3)C2)C1
C1CCC(CC2CCCC(C3CCC(C4CCCCC4)CC3)C2)CC1
C1CCC(CC2CCC(C3CCC(C4CCCCC4)CC3)CC2)CC1
C1CCC(C2CCCC(CC3CCC(C4CCCC4)CC3)C2)CC1
C1CCC(C2CCCC(CC3CCCC(C4CCCC4)C3)C2)CC1
C1CCC(C2CCCC(C3CCCCC3C3CCCC3)C2)CC1
C1CCC(C2CCC(CCC3CCCCC3CC3CCCC3)CC2)CC1
C1CCC(C2CCCC(C3CCCC(C4CCC(C5CC6CCCCC6C5)CC4)C3)C2)CC1
C1CCC(CCCC2CCC(C3CCCCC3)CC2)CC1
C1CCC(C2CCCCC2C2CCCCC2)CC1
C1CCC(CC2CCC(C3CCCC(CC4CC5CCCCC5C4)C3)C(C3CCCC3)C2)CC1
C1CCC(CC2CCCC(C3CCCC(CCC4CCC5CCCC5C4)C3)C2)CC1
C1CCC(CC2CCCC(CC3CCCC(C4CCCCC4)C3)C2)CC1
C1CCC(CC2CCCC(C3CC(CC4CCCCC4)CCC3C3CCCCC3)C2)CC1
C1CCC(CCC2CCCC(C3CCC(C4CCCCC4)CC3CCC3CCCC3)C2)CC1
C1CCC(CCCCC2CCCC(C3CCC(CC4CCCCC4)CC3)C2)CC1
C1CCC(CCC2CC(CCC3CC3)CC(CC3CCCCC3)C2CCC2CCCCC2)CC1
C1CCC(C2CCC(CC3CCC(C4CCCCC4C4CCCC4)C3)CC2C2CC2)CC1
C1CCC(CCC2CCCC(C3CCC(C4CCCCC4)CC3)C2)CC1
C1CCC(C2CCCCC2C2CCCC2)CC1
C1CCC2CC(CCCC3CCCCC3CC3CCC4CCCCC4C3)CCC2C1
C1CCC(CC2CCCCC2)CC1
C1CCC(CCC2CCC(C(C3CCCCC3)C3CCCCC3)CC2)CC1
C1CCC(CCCCC2CCCC(CC3CCCC3)C2)CC1
C1CC(CCC2CCCC(C3CC3)C2)CC(CC2CCCCC2C2CCCCC2C2CCCC2)C1
C1CCC(CCC2CCCC(C3CC(C4CCCCC4)C4CCCCC34)C2)CC1
C1CCC(CCC2CC(C3CCC4CCCCC43)CC3CCCCC32)C1
C1CCC(CC2CCCC(C3CCC(C4CCC(C5CCCC5)CC4)CC3)C2)CC1
C1CCC(C2CCCCC2CCCCC2CCC(CC3CCCCC3C3CCCCC3)CC2)CC1
C1CCC(CCC2CCCCC2CC2CCC(CC3CCCCC3)CC2)CC1
C1CCC(CCC2CCCC(CCC3CCC(CC4CCCCC4)CC3)C2)CC1
C1CCC(CC2CCCC(C3CCCCC3)C2)CC1
C1CCC(CCCC2CCC(CC3CCCCC3)CC2C2CCCC2)CC1
C1CCC(C2CCC3C(CCC3C3CCCC4CCCCC43)C2)CC1
C1CCC(CCCC2CCCC(CCC3CCCCC3)C2)CC1
C1CCC(C2CCCCC2C2CCCCC2C2CCC3CCCCC32)CC1
C1CCC(CC2CCC(C3CCCCC3)C(C3CCCCC3)C2)CC1
C1CCC(CC2CCC(CC3CCCC(CC4CCCC4)C3)CC2)CC1
C1CCC(C2CCCC(C3CCCC3)C2)CC1
C1CCC(CCCC2CCCC(C3CCCCC3)C2)CC1
C1CCC(C2CCC(CC3CC(C4CCCCC4)C4CCCCC34)CC2)CC1
C1CCC(CC2CCC(C3CCCCC3C3CCCCC3)CC2)CC1
C1CCC(C2CCCC(C3CCC(C4CCCC5CCCCC54)CC3)C2)CC1
C1CCC(CC2CCC(C3CCCCC3)CC2)CC1
C1CCC(C2CCCC(C3CCC(C4CCC(C5CCCC(CC6CC6)C5)CC4)CC3)C2)C1
C1CCC(C2CCC(C3CCCC(C4CCCCC4)C3)CC2)CC1
C1CCC(C2CCCCC2C2CCCC(C3CCCC3)C2)CC1
C1CCC(CCC2CCC(C3CCC(C4CC4)C(C4CCCCC4)C3)CC2)CC1
C1CCC(C(C2CCCCC2)C2CCCC(C3CCC(CC4CC5CCCCC5C4)CC3)C2)CC1
C1CCC(C2CCCCC2)CC1
C1CCC(C2CC(CCCC3CC4CCCCC4C3)CC3CCCCC32)CC1
C1CCC(CCC2CCCC(CCCC3CCC4CCCC4C3)C2)CC1
C1CCC(C2CC(C3CCCCC3)C(C3CCCCC3C3CCCCC3)C3CCCC23)CC1
C1CCC(CCCC2CCC(C3CCCCC3)CC2CCCC2CCCCC2)CC1
C1CCC(CC2CCC(CCC3CCCC(C4CCC(CC5CCCCC5)CC4)C3)CC2)CC1
C1CCC(CCCC2CCC(C3CCCC(C(C4CCCCC4)C4CCCC4)C3)CC2)CC1
C1CCC(CC2CC(C3CCCC(C4CCC(C5CC5)CC4C4CCCC4)C3)C3CCCCC23)C1
C1CCC(C2CCCCC2C2CCCC2)CC1
C1CCC(CC2CCCC2C2CCCCC2C2CCCC(C3CCCCC3)C2)CC1
C1CCC(CCCCC2CCC(CCCC3CCCC(C4CCCC4)C3)CC2)CC1
C1CCC(CC2CCC(C3CCCC(CC4CCCCC4)C3)CC2)CC1
C1CCC(CC2CCC(CCCC3CCCCC3CC3CCCCC3)CC2)CC1
C(CCCC1CCCC(C2CCC3CCCCC3C2)C1)CCC1CCCCC1
C1CCC(C2CCC(CCCCC3CCCC3)CC2)CC1
C1CCC(C2CCC(C3CC(C4CCC5CCCC5C4)CCC3CCC3CC3)CC2)CC1
C1CCC(CCC2CC(C3CCCCC3)CCC2CC2CCCCC2)CC1
C1CCC(C2CCC(CC3CCC(CCC4CC(C5CCCCC5)CCC4CCC4CC5CCCCC5C4)CC3)CC2)CC1
C1CCC(CC2CCC3C(C4CCCCC4)CC(C4CCCCC4)C3C2)CC1
C1CCC(CC2CCC(C3CCCC(CC4CCCCC4)C3)CC2)CC1
C1CCC(CC2CCCC(C3CCCCC3)C2)CC1
C1CCC(CCC2CCCCC2C2CCC(C3CCCCC3)CC2)CC1
C1CCC(CC2CCC(CC3CCCC(C4CCCC(CC5CCCC5)C4)C3)CC2)CC1
C1CCC(CC2CCC(CC3CCCC(C4CCCCC4)C3)CC2)CC1
C1CC(CC2CC2)CC(C2CCC(CC3CCC(CC4CCC(CC5CC5)CC4)CC3)CC2)C1
C1CCC(CC2CCC3C(CC4CCCCC4)CCCC3C2)CC1
C1CCC(CCCC2CCC(C3CC(C4CCCCC4)C4CCCCC34)CC2)CC1
C1CCC(CC2CCCC(CC3CCC(CCC4CC4)CC3)C2)CC1
C1CCC(C2CCCC2C2CCC(C3CCCC3)CC2)CC1
C1CCC(C2CCC(CC3CCCC(C4CCCC4)C3)CC2)CC1
C1CCC(CCCCC2CCC(CCC3CCC(CCC4CCCCC4)CC3)CC2)CC1
C1CCC(CCC2CCC(CC3CCC(CC4CCCCC4)CC3)CC2)CC1
C1CCC(CCCC2CCCC(C3CCCCC3)C2)CC1
C1CCC(C2CCCC(C3CCC4CCCCC43)C2)CC1
C1CCC(CC2CCC(CCC3CCCC(CC4CCCCC4)C3)CC2)CC1
C1CCC(CCCC2CCCC(C3CC(CC4CCC(C5CCCC5)CC4)C4CCCCC43)C2)CC1
C1CCC(C2CCCC(C3CCCCC3C3CCCC3)C2)CC1
C1CCC(CCCCC2CC(C3CCCCC3C3CCCC3)C3CCCCC23)CC1
C1CCC(CCC2CCCC(C3CCCCC3)C2)CC1
C1CCC(CC(C2CCCC2)C2CCC(C3CCC(C4CCCC4)CC3)C2)CC1
C1CCC(CC2CCCC2C2CCC(CC3CC(CC4CCCCC4)C4CCCCC34)CC2)CC1
C1CCC(CC2CCC3C(CC4CCCCC4)CC(CC4CCCCC4)C3C2)CC1
C1CCC(CC2CCCCC2C2CCCCC2)CC1
C1CCC(C2CCCCC2C2CCC3C(CCCC3C3CCCCC3)C2)CC1
C1CCC(CCCC2CC3CCCCC3C2)CC1
C1CCC(CCCC2CCC(C3CCCCC3)CC2)CC1
C1CCC(CC2CCCC(C3CCCCC3)C2)CC1
C1CCC(C2CCC(C3CCCC3)CC2)CC1
C1CCC(CCCCC2CCCCC2)CC1
C1CCC(CC2CCC(CCC3CCC(C4CCC5CCCCC5C4)CC3)CC2)CC1
C1CCC(C2CCC(C3CCCCC3C3CCCCC3)CC2)CC1
C1CCC(CCC2CCCCC2C2CCCCC2)CC1
C1CCC(CC2CCC(CC3CCCC(CC4CCCCC4)C3)CC2)CC1
C1CCC(CC2CCCCC2C2CCCCC2)CC1
C1CCC(CCC2CCCC(CC3CCCC3)C2)CC1
C1CCC(C2CCCC(C3CCCCC3)C2)CC1
C1CCC(CC2CCCCC2CC2CCCCC2)CC1
C1CCC(C2CC(C3CCC4CCCCC43)CC3CCCCC32)CC1
C1CCC(C2CCC(C3CCCCC3C3CCCC(C4CCCCC4)C3)CC2)CC1
C1CCC(CCCC2CCC(CC3CCCCC3)CC2)CC1
C1CCC(CCC2CCCCC2CCC2CCC(C3CCCCC3)CC2CC2CCCC2)CC1
C1CCC(C2CCC3CCC(CCC4CCCC(C5CC6CCCCC6C5)C4)CC3C2)CC1
C1CCC(CC2CCC3CCCC(CC4CCCCC4)C3C2)CC1
C1CCC(CC2CCCC(CCCC3CCCC(CC4CCCCC4)C3)C2)CC1
C1CCC(C2CCCC(CCCC3CCC(C4CCCC4)CC3)C2)CC1
C1CCC(CCCCC2CCC(C3CCC4CCCC(C5CCCCC5)C4C3)CC2)CC1
C1CCC(CCCC(C2CCCCC2)C2CCC(C3CCCC3)CC2)CC1
C1CCC(C2CCCC(CCC3CC3)C2)CC1
C1CCC(C2CC(C3CCCCC3)CC(C3CCCC3)C2)CC1
C1CCC(C2CCCCC2CC2CCC(CC3CC4CCCCC4C3)CC2)CC1
C1CCC(CCC2CCC(C3CCCCC3)CC2)CC1
C1CCC(CCCCC2CCC(CC3CCCCC3C3CCC4CCCCC4C3)CC2)CC1
C1CCC(CC2CCC(CCC3CCCC(C4CCCCC4)C3)CC2)CC1
C1CCC(CCC2CCCC(C3CCCCC3)C2)CC1
C1CCC(CCC2CCCC(CC3CCC(CC4CCCCC4)CC3)C2)CC1
C1CCC(CCCC2CCCC(C3CCC3)C2)CC1
C1CCC(C2CCC(CC3CC4CCCCC4C3)CC2)CC1
C(CCC1CCC(CC2CCC(C3CCCCC3)CC2)CC1)CCC1CC2CCCCC2C1
C1CCC(CCC2CCC(CCC3CCCCC3)C(CC3CCCCC3)C2)CC1
C1CCC(CCCC2CCC(CC3CCC(CC4CCCCC4)CC3)CC2)CC1
C1CCC(CCC2CCCC(C3CCCCC3)C2)CC1
C1CCC(CCCCC2CCC(CC3CCCCC3)CC2)CC1
C1CCC(CC2CC(C3CCCCC3)CCC2C2CCCCC2)CC1
C1CCC(C2CCC(CC3CCC(CC4CC5CCCCC5C4)CC3)CC2)CC1
C1CCC(CC(C2CCCCC2)C2CCC(C3CCCCC3)CC2)CC1
C1CCC(CC2CCC(CCC3CCCCC3CC3CCCCC3)CC2)CC1
C1CCC(CCCC2CCC(C3CCC(CCC4CCCCC4)CC3)CC2)CC1
C1CCC(C2CCCCC2)CC1
C1CCC(CC2CCC(CCCCCC3CC4CCCCC4C3)CC2)CC1
C1CCC(CCCC2CCC(C3CCCCC3)CC2)CC1
C1CCC(CCCCCC2CCC(C3CCCC3)CC2)CC1
C1CCC(CC2CCCC(C3CC(CCC4CCCC4)CC(C4CC4)C3)C2)CC1
C(CCC1CC1)CCC1CCC(CCC2CCCC(C3CCCCC3)C2)CC1
C1CCC(CCC2CCC(CC3CCCCC3)CC2)CC1
C1CCC(C2CCC(C3CCC(CC4CCC5CCCC5C4)CC3)C2)CC1
C1CCC(CC2CCC(C3CCCCC3)C(CCC3CCCC(C4CCCCC4)C3)C2)CC1
C1CCC(C2CCCC3CCC(C4CCC(C5CC5)CC4)CC32)CC1
C1CCC(CC2CCC(C3CCC(C4CCCCC4)CC3)CC2)CC1
C1CCC(CCCC2CCC(C3CCC(CC4CCCCC4)C(C4CCCC(C5CCCCC5)C4)C3)CC2)CC1
C1CCC(CC2CCC(CC3CCC(C4CCC5CCCCC54)CC3)CC2)CC1
C1CCC(CC2CCCC(C3CC(C4CCCCC4)C4CCCCC34)C2)CC1
C1CCC(CCC2CCC(CC3CCCCC3)CC2)CC1
C1CCC(CC2CCCCC2CCCC2CCC3CCCCC3C2)CC1
C1CCC(C2CCCC3CCC(C4CCCCC4C4CC4)CC32)CC1
C1CCC(C2CCC3CC(C4CCCCC4C4CCCCC4)CC3C2)CC1
C1CCC2CC(CC3CCC(C4CCC5C(CCC5C5CCCC5)C4)CC3)CCC2C1
C1CCC(CC2CCC(C3CCC(C4CCCCC4)C(C4CCCCC4)C3)CC2)CC1
C1CCC(CC2CCC(CC3CCC(CC4CCCCC4)CC3)CC2)CC1
C1CCC(CC2CCC(C3CCCCC3)CC2)CC1
C1CCC(CC2CCCC(CC3CCCC(CC4CCCCC4)C3)C2)CC1
C1CCC(CC2CCC(CC3CCCCC3C3CCCCC3)CC2)CC1
C1CCC(CC2CCC(CC3CCC(CC4CCCC(C5CCCCC5)C4)CC3)CC2)CC1
C1CCC(C2CCC(C3CCCCC3CC3CCC(CC4CCCC4)CC3)CC2)CC1
C1CCC(C2CCCC(C3CCCCC3)C2)CC1
C1CCC(C2CCC(CCC3CC4CCCCC4C3)CC2)CC1
C1CCC(CC2CCCC(C3CCCC(CC4CC5CCCCC5C4)C3)C2)CC1
C1CCC(CC2CC(C3CCCC(C4CCCCC4)C3)CC3CC(C4CCCCC4)CCC23)CC1
C1CCC(CCC2CCC(C3CCCCC3)CC2)CC1
C1CCC(CCCC2CCC(C3CCC4CCCC4C3)CC2CCC2CCCCC2)CC1
C1CCC(CCC2CCCCC2C2CCCCC2)CC1
C1CCC(C2CCC(C3CCC(CCC4CCC(CCC5CCC5)CC4)CC3)CC2)CC1
C1CCC(CC2CCCCC2C2CCCCC2)CC1
C1CCC(CCC2CCCC(CC3CCCC(C4CCC(CC5CCCCC5)CC4)C3)C2)CC1
C1CCC(CC2CCCCC2C2CCCCC2C2CCCC(CCCC3CCCC(C4CC4)C3)C2)CC1
C1CCC(C2CCC(C3CCCCC3)C(C3CCCC3)C2)CC1
C1CCC(CC2CCC(C3CC4CCCCC4C(C4CCCCC4)C3)CC2)CC1
C1CCC(CC2CCC(CCC3CCC(C4CCCCC4)CC3)CC2)CC1
C1CCC(C2CCCC(CC3CCCC(CC4CCCC(C5CC5)C4)C3)C2)CC1
C1CCC(CC2CCCC(C3CCCC(C4CCCCC4)C3)C2)CC1
C1CCC(C2CCC(CC3CCC(CC4CC5CCCCC5C4)CC3)CC2)CC1
C1CCC(CCC2CCCCC2C2CCCC(CC3CCCCC3)C2)CC1
C1CCC2CC(C3CCCCC3C3CCC(C4CC5CCCCC5C4)CC3)CCC2C1
C1CCC(CCC(CC2CCCCC2)C2CCCC(C3CCCCC3)C2)CC1
C1CCC(CC2CCC(CCC3CCCC(C4CCCCC4)C3)CC2)CC1
C1CCC(CC2CCCCC2C2CCC3C(CCC3C3CCCC3)C2)CC1
C1CCC(CCCCCC2CCCCC2C2CCC3CCCCC3C2)CC1
C1CCC(CC2CCC3CC(C4CCCC5CCCCC54)CCC23)CC1
C1CCC(CCCC2CCC(CC3CCCCC3)CC2)CC1
C1CCC(CCC2CC(CC3CCCCC3)CCC2C2CCCCC2C2CCCCC2)CC1
C1CCC(C2CCC(CC3CCC4CCCCC43)CC2)CC1
C1CCC(C2CCC(C3CCCC3)C(CCC3CCC4CCCCC4C3)C2)CC1
C1CCC(CCC2CC(C3CCCCC3)CC(C3CCCCC3)C2)CC1
C1CCC(CCCC2CCC(CCC3CCCCC3CC3CCCCC3)CC2)CC1
C1CCC(C2CCC(C3CCCCC3C3CCC4CCCCC4C3)CC2)CC1
C1CCC(CC2CCC(C3CCC(C4CCCC(C5CCCCC5)C4)CC3)CC2)CC1
C1CCC(C2CCCC(CC3CCCC(CC4CCCC4)C3)C2)CC1
C1CCC(CC2CCC(CCC3CCCC(CC4CCCC(C5CCCCC5)C4)C3)CC2)CC1
C1CCC(C2CC(CC3CCC4CCCCC43)CC(C3CCCCC3)C2)CC1
C1CCC(CCC2CCC(CCC3CCCC(C4CCCCC4)C3)CC2)CC1
C1CCC(C2CCC(CC3CCC(C4CCCCC4)C3)CC2)CC1
C1CCC(C2CCC(CC3CCCC(C4CCCC4)C3)CC2)CC1
C1CCC(C2CCCCC2C2CCC3C(CCCC3C3CCCCC3)C2)CC1
C1CCC(CC2CCC(C3CCCC(CCC4CC5CCCCC5C4)C3)CC2)CC1
C1CCC(CC2CCCC(CC3CCC(C4CCCCC4)CC3)C2)CC1
C1CCC(C2CCCCC2CC2CCC(CC3CC3)CC2)CC1
C1CCC(CC2CC(CC3CCC(C4CCCCC4)CC3)C3CCCCC23)CC1
C1CCC(C2CCC(C3CC3)CC2C2CCCC(C3CCC(C4CCC(CC5CC5)CC4)CC3)C2)CC1
C1CCC(CC2CC(C3CCCCC3)CCC2C2CCCC(C3CCCCC3)C2)CC1
C1CCC(CCCC2CCCC(C3CCCCC3)C2)CC1
C1CCC(CCCC2CCC(C3CCCCC3)CC2)CC1
C1CCC(C2CCC(C3CCCC(C4CC4)C3)CC2)CC1
C1CCC(CC2CCCC(C3CCCCC3)C2)CC1
C1CCC(CC2CCC(C3CCC(CCCC4CC5CCCCC5C4)CC3)CC2)CC1
C1CCC(CC2CC(CC3CCCCC3)C3CCCCC23)CC1
C1CCC(CC2CC3CCC(C4CCC(C5CC5)CC4)CC3C(C3CCCCC3)C2)CC1
C1CCC(CCC2CCC(CCCC3CCCC(C4CCC(CC5CC6CCCCC6C5)CC4)C3)CC2)CC1
C1CCC(CCC2CCCC(C3CCCCC3C3CCCCC3)C2)CC1
C1CCC(CCC2CCCCC2C2CCCCC2)CC1
C1CCC(CC2CCCCC2C2CCCCC2)CC1
C1CCC(CCCC2CCC(C3CCCC(C4CCCCC4)C3)CC2)CC1
C1CCC(C2CCC(C3CCCCC3)CC2)CC1
C1CCC(C2CCC(C3CCCCC3)C(C3CCCCC3)C2)CC1
C1CCC(CCCC2CCC(CC3CCCCC3)CC2CCC2CCCC2)CC1
C1CCC(C2CCC(C(C3CCCCC3)C3CC3)CC2)CC1
C1CCC(CC2CCCC(C3CCCCC3)C2)CC1
C1CCC(CC2CCCCC2CCC2CCCCC2CC2CCCCC2C2CCCC2)CC1
C1CCC(CC2CCC(C3CCC4CCCCC43)CC2)CC1
C1CCC(CCCCC2CCC(CC3CCCCC3)CC2)CC1
C1CCC(C2CCCC(C3CCCCC3)C2)CC1
C1CCC(CC2CCC(C3CC3)CC2C2CCC3C(CCC3C3CCC(C4CCC4)CC3)C2)CC1
C1CCC(CC2CCCCC2C2CCCCC2)CC1
C1CCC(CC2CCC(CCCCC3CCC(C4CCC(C5CCCCC5)CC4)CC3)CC2)CC1
C1CCC(C2CCC(C3CCCC(C4CCCCC4)C3)CC2)CC1
C1CCC(CC2CCCCC2C2CCCCC2)CC1
C1CCC(C2CCC(C3CCC(C4CCCC4)CC3C3CCCCC3)CC2)CC1
C1CCC(CC2CCC(C3CCCCC3)CC2)CC1
C1CCC(C2CCCCC2C2CCCC(CC3CC4CCCCC4C3)C2)CC1
C1CCC(CCCC2CCC(CCC3CCCC(C4CCCCC4)C3)CC2)CC1
C1CCC(CC2CCC(C3CCCC(C4CCCCC4)C3)CC2)CC1
C1CCC(CC2CCC(CC3CCCCC3)CC2)CC1
C1CCC(CC2CCC3C(CC4CCCCC4)CC(C4CC5CCCCC5C4)C3C2)CC1
C1CCC(CC2CCC(C3CCCCC3)C(CCC3CC4CCCCC4C3)C2)CC1
C1CCC(C2CCCCC2CC2CC(C3CCCCC3)C3CCCCC23)CC1
C1CCC(CC2CCC(C3CCC(C4CCCCC4)CC3)CC2)CC1
C1CCC(CC2CCCCC2)CC1
C1CCC(CCCC2CCCC(C3CCCC(C4CCCC4)C3)C2)CC1
C1CCC(CC2CCC(C3CCCC(CC4CCCCC4)C3)CC2)CC1
C1CCC(C2CC(C3CCCCC3)C3CCCCC23)CC1
C1CCC(CC2CCCC(CC3CCCC(C4CCCC(CC5CCCC5)C4)C3)C2)CC1
C1CCC(CC2CCC(CC3CCCCC3)CC2)CC1
C1CCC(C2CCC(CC3CCC(C4CCCCC4C4CCCCC4)C3C3CCCC3)CC2)CC1
C1CCC(C2CCC3CC(CC4CCCC4)CC(C4CCCCC4)C3C2)CC1
C1CCC(C2CCCC(CC3CCCC(C4CCCCC4)C3)C2)CC1
C1CCC(CC2CC(C3CCC(C4CCC(C5CCC5)CC4)CC3)C3CCCCC23)CC1
C1CCC(CCC2CCCC(C3CCCCC3)C2)CC1
C1CCC(CC2CCC(CCC3CCCCC3C3CCCCC3)CC2)CC1
C1CCC(CC2CC(CC3CCCC(C4CC(CC5CCCCC5)C5CCCCC54)C3)C3CCCCC23)CC1
C1CCC(CCCC2CCCC2)CC1
C1CCC(CCCC2CC(C3CCCCC3)CC(C3CCCCC3)C2)CC1
C1CCC(C2CCC(C3CCCCC3C3CCCCC3)CC2)CC1
C1CCC(CC2CC(C3CCCCC3CC3CCCCC3)C3CCCCC23)CC1
C1CCC(CCC2CCCCC2C2CCCCC2)CC1
C1CCC(CCCCC2CCCC(C3CCC(C4CCCCC4)CC3)C2)CC1
C1CCC(CC2CCCC(CC3CCCCC3)C2)CC1
C1CCC(CC2CCC3CC(C4CCC5CCCCC54)CC(C4CCCCC4)C3C2)CC1
C1CCC(CCCC2CCC(C3CC(C4CCC5CC(C6CCCCC6)CCC5C4)C4CCCCC34)CC2)CC1
C1CCC(CC2CCCCC2)CC1
C1CCC(CC2CC(C3CCC(CC4CCC(C5CCCCC5)CC4)CC3)C3CCCCC23)CC1
C1CCC(C2CCC(CC3CCC(C4CCCCC4)CC3)CC2)CC1
C1CCC(C2CCC(C3CCCCC3C3CCCCC3CC3CC3)CC2)CC1
C1CCC(CCC2CC(CC3CCCC(CC4CCC4)C3)C3CCCCC23)CC1
C1CCC(C2CCCCC2CC2CCC3CCCC3C2)CC1
C1CCC(C2CCC(C3CCCCC3C3CCCCC3)CC2)CC1
C1CCC(CCC2CCC(CC3CCCCC3)CC2)CC1
C1CCC(CCC2CC(C3CCCCC3)CC(C3CCCC3)C2)CC1
C1CCC(CCCC2CCC(C3CCCCC3CC3CCCCC3)CC2)CC1
C1CCC(CCC2CC(C3CCC(C4CCCCC4)CC3)C3CCCCC23)CC1
C1CCC(CC2CCC(CC3CCC(C4CCCCC4)CC3)CC2)CC1
C1CCC(C2CCC(C3CCC(C4CCCCC4C4CCC5CCCC5C4)CC3)CC2)CC1
C1CCC(CC2CCCC(CC3CCC(C4CCCC4)CC3)C2)CC1
C1CCC(C2CCC(CCC3CC4CCCCC4C3)C(C3CCC4CCCC4C3)C2)CC1
C1CCC(C2CCCC(CCC3CCCC(C4CCCC4)C3)C2)CC1
C1CCC(CC2CCCCC2CCC2CCC3C(CCCC3C3CC4CCCCC4C3)C2)CC1
C1CCC(CC2CCC(C3CCCC(CC4CCCCC4)C3)CC2)CC1
C1CCC(CCCCC2CCC(C3CCCC(C4CCCCC4)C3)CC2)CC1
C1CCC(CC2CCC(C3CCCCC3)C(CC3CCCC3)C2)CC1
C1CCC(CCCC2CCCCC2CC2CCCCC2)CC1
C1CCC(CCC2CCC(C3CCC(C4CCCCC4)CC3C3CCCC3)CC2)CC1
C1CCC(C2CCC(C3CCC4C(CCCC4C4CCC(C5CCCC5)CC4)C3)CC2)CC1
C1CCC(CCCC2CCCCC2CCCCC2CCCC(C3CCC3)C2)CC1
C1CCC(C2CCC(CCC3CCCC(C4CCCCC4)C3)CC2)CC1
C1CCC(CC2CCC(C3CCCCC3)CC2)CC1
C1CCC(CC2CCC(C3CCC(CC4CCCCC4)CC3)CC2)CC1
C1CCC(C2CCCCC2C2CCC3CCCCC32)CC1
C1CCC(CC(C2CCCCC2)C2CCCCC2)CC1
C1CCC(CCCC2CC3CCCCC3C(C3CCCCC3)C2)CC1
C1CCC(CC2CCC(C3CCCCC3)CC2)CC1
C1CCC(CC2CCC(C3CCCCC3CC3CCCCC3)CC2)CC1
C1CCC(CC2CCCC(C3CCCC(C4CCCCC4)C3)C2)CC1
C1CCC(CCC2CCCCC2)CC1
C1CCC(CCC2CCCC(C3CCCC(C4CCCCC4)C3)C2)CC1
C1CCC(CCC2CCC(C3CCC(CC4CCCC(CC5CC5)C4)CC3)C(C3CCCCC3)C2)CC1
C1CCC(CCCC2CCC(CC3CCCC(C4CC5CCCCC5C4)C3)CC2)CC1
C(CCCCC1CCCC(C2CCC(CC3CCCCC3)CC2)C1)CCCCC1CC2CCCCC2C1
C1CCC(CC2CCC(C3CCCCC3)CC2)CC1
C(CCC1CCCC(C2CCCCC2)C1)CCC1CCC2CCCCC2C1
C1CCC(CC2CC(CCC3CCCCC3C3CCCCC3)C3CCCCC23)CC1
C1CCC(CCC2CCC(C3CCC(C4CCCC4)C(CC4CCCCC4)C3)CC2)CC1
C1CCC(CCC2CCC(CC3CCCCC3)CC2)CC1
C1CCC(CCC2CCC(C3CCCCC3)CC2)CC1
C1CCC(CCCC2CCC(C3CCCCC3C3CCCCC3)CC2)CC1
C1CCC(CC2CCC(C3CCC(CCC4CCCC4)CC3)CC2)CC1
C1CCC(CCCC2CCC(CC3CCCCC3CC3CC4CCCCC4C3)CC2)C1
C1CCC(CCCCC2CCCCC2CCCC2CCCCC2)CC1
C1CCC(C2CCCC3CCC(CC4CC5CCCCC5C4)CC32)CC1
C1CCC(CCC2CCC(CC3CCCCC3)CC2)CC1
C1CCC(CC2CCCC(C3CCCCC3)C2)CC1
C1CCC(CC2CCC(C3CC(C4CCC(C5CCCCC5)CC4)C3)CC2)CC1
C1CCC(CCC2CCCCC2C2CCCCC2)CC1
C1CCC(CC2CCC(C3CCCC(C4CCCCC4)C3)CC2)CC1
C1CCC(CC2CCC(C3CCCCC3)CC2)CC1
C1CCC(C2CCC(CC3CCCC(C4CCC(C5CCCC5)CC4)C3)C2)CC1
C1CCC(CCC2CCCC(C3CCCCC3C3CCCCC3)C2)CC1
C1CCC(C2CCCCC2CC2CCC(C3CCC(C4CCC4)CC3)CC2)CC1
C1CCC(CCC2CCC(C3CCCCC3)C(C3CCCCC3)C2)CC1
C1CCC(C2CCCC(C3CCC(CC4CCC5CCCC5C4)CC3)C2)CC1
C1CCC(CCC2CCC(CC3CCCCC3C3CCCC3)CC2)CC1
C1CCC(C2CCC(CCCCC3CCCCC3CC3CC4CCCCC4C3)CC2)CC1
C1CCC(CCC2CCC(C3CCCCC3)CC2)CC1
C1CCC(C2CCC(CC3CCCC(C4CCCC4)C3)CC2)CC1
C1CCC(CC2CC(CCCCC3CCC(CCC4CCC(C5CCCC5)CC4)CC3)C3CCCCC23)CC1
C1CCC(CC2CCC(CC3CCC(C4CCCCC4)CC3C3CCCCC3)CC2)CC1
C1CCC(C2CCCC(C3CCCC(C4CCCCC4)C3)C2)CC1
C1CCC(CC2CCC3C(C2)C(CC2CCCCC2)CC3C2CCCCC2)CC1
C1CCC(CC2CCC(CCC3CCCC(C4CCC(C5CCCCC5)CC4)C3)CC2)CC1
C1CCC(CCC2CCCC(CCCC3CC4CCCCC4C3)C2)CC1
C1CCC(CC2CCC(C3CCC(C4CC4)CC3C3CCCC3)CC2)CC1
C1CCC2CC(C3CC(C4CCCC(C5CCC(CC6CC7CCCCC7C6)CC5)C4)C4CCCCC34)CCC2C1
C1CCC(C2CCC(C3CCCCC3C3CCCCC3)C(C3CCCCC3)C2)CC1
C1CCC(CC2CCCC(C3CCC4CCCC(C5CCCCC5)C4C3)C2)CC1
C1CCC(CC2CCC(C3CCCC(C4CCCCC4)C3)CC2)CC1
C1CCC(CCC2CCC(CC3CCC(CC4CCCCC4)CC3)CC2)CC1
C1CCC(CC2CCCCC2C2CCC(C3CCC(CCCC4CCCC4)CC3)C2)CC1
C1CCC(CCC2CCCC(C3CCCCC3)C2)CC1
C1CCC(CCCC2CCCC(CC3CC(C4CCCCC4)C4CCCCC34)C2)CC1
C1CCC(CCC2CCCCC2)CC1
C1CCC(CCCC2CCC(CCC3CCCCC3)CC2)CC1
C1CCC(CCC2CCC(CC3CCCCC3C3CCCCC3)CC2)CC1
C1CCC(C2CCCC(C3CCCC(CC4CCC5CCCCC54)C3)C2)CC1
C1CCC(C2CCCCC2CC2CCCC(C3CCC(C4CCC(C5CC5)CC4)CC3)C2)CC1
C1CCC(C2CCCC(CCC3CCC4CC(C5CCCCC5)CCC34)C2)CC1
C1CCC(C2CCC(C3CCC(C4CCCC(CC5CCCC5)C4)CC3)CC2)CC1
C1CCC(CC2CCCC(C3CCCC(C4CCCCC4)C3)C2)CC1
C1CCC(C2CCCC(CCC3CCCC4CC(C5CCCCC5)CCC34)C2)CC1
C1CCC(CC2CCC(C3CCCC(C4CCCC4)C3)CC2)CC1
C1CCC(CCCC2CCCC(CC3CCCCC3)C2)CC1
C1CCC(C2CCC(CC3CCC(C4CCCC4)CC3)CC2)CC1
C1CCC(C2CC(CC3CC3)CCC2C2CCCC(C3CCC3)C2)CC1
C1CCC(CCC2CC3CCCCC3C2)CC1
C1CCC(C2CCCC(CCCC3CC4CCCCC4C3)C2)CC1
C1CCC(CCC2CCC(C3CCCCC3)C(C3CCC4CCCC4C3)C2)CC1
C1CCC(CCCC2CCCCC2CC2CCCC(CC3CCCCC3)C2)CC1
C1CCC(C2CCC3C(CCC3C3CCCC(C4CCCCC4)C3)C2)CC1
C1CCC(C2CCCCC2)CC1
C1CCC(CC2CCCCC2CC2CCCC(C3CCC4CCCCC4C3)C2)CC1
C1CCC(C2CCCC(C3CCCCC3C3CCCCC3C3CCCC3)C2)CC1
C1CCC(CCC2CCC(CC3CCCCC3)CC2CC2CCCCC2)CC1
C1CCC(CCCCC2CCCC(CCCC3CCCCC3)C2)CC1
C1CCC(CC2CCC(C3CCCCC3)CC2C2CCCCC2)CC1
C1CCC(CC2CC(C3CCCCC3)C3CCC4CCCCC4C3C2)CC1
C1CCC(CC2CC(CC3CCCC(CC4CC5CCCCC5C4)C3)CCC2C2CCC2)CC1
C1CCC(CC2CCCCC2C2CCC3CCC(CCC4CCCC4)C3C2)CC1
C1CCC(CC2CCC(C3CCCC(C4CCCC4)C3)CC2C2CCCCC2)CC1
C1CCC(C2CCC(CCC3CC3)CC2)CC1
C1CCC(CC2CCC(C3CCCCC3)CC2)CC1
C1CCC(CC2CCCC(C3CCC(C4CCCCC4C4CCCC4)C(CC4CC4)C3)C2)CC1
C1CCC(C2CCC(C3CCC(C4CCCCC4)CC3)CC2)CC1
C1CCC(CCCC2CCC(C3CCCCC3)CC2)CC1
C1CCC(C2CC(C3CCCCC3)CC(C3CCCC3)C2)CC1
C1CCC(CC2CCCC(CC3CCC(C4CCCCC4)CC3)C2)CC1
C1CCC(CC2CCC(CC3CCCCC3)CC2)CC1
C1CCC(CC2CCC(CC3CCCC(C4CCC5CCCCC54)C3)CC2)CC1
C1CCC(CC2CCCC(C3CCC(CC4CCC(CCCCC5CCCC5)CC4)CC3)C2)CC1
C1CCC(CC2CCC(C3CCCC(CC4CCCCC4)C3)CC2)CC1
C1CCC(CC2CCC3CCC(C4CCCCC4)CC3C2)CC1
C1CCC(CC2CCC(C3CCCCC3CC3CCCCC3)C2)CC1
C1CCC(CC2CCC3CCCC(C4CCCCC4)C3C2)CC1
C(CCC1CC1)CCC1CCC(C2CCCC(C3CCCCC3)C2)CC1
C1CCC(CC2CCCC(C3CCCCC3)C2)CC1
C1CCC(CCCCC2CCC(C3CCCCC3)CC2)CC1
C1CCC(C2CCCC(CC3CCC4CCCC4C3)C2)CC1
C1CCC(CC2CCCC(CC3CCC(CC4CCCCC4)C(CC4CC4)C3)C2)CC1
C1CCC(C2CCCC(CCCC3CCCC(C4CCC5CCCCC5C4)C3)C2)CC1
C1CCC(CC2CCCCC2CCCC2CCC(CC3CC3)C(C3CCC4CCCC4C3)C2)CC1
C1CCC(CCCC2CCC(C3CCCCC3)CC2C2CCCC2)CC1
C1CCC(C2CCC(C3CCCCC3)CC2)CC1
C1CCC(CCC2CC(CC3CCCCC3)CCC2C2CCCC(C3CCCC3)C2)CC1
C1CCC(CC2CCC(CC3CCC(C4CCCCC4)CC3)CC2)CC1
C1CCC(C2CC(CC3CCCC(C4CCCC(C5CCC5)C4)C3)C3CCCCC32)CC1
C1CCC(C2CCC(CC3CCC(C4CCC(C5CCCCC5)CC4)CC3)CC2)CC1
C1CCC(CCC2CCC(C3CCCCC3C3CCC(C4CCCC4)CC3)CC2)CC1
C1CCC(CC2CCCC(C3CCCC(CCC4CCCC(C5CCCCC5)C4)C3)C2)CC1
C1CCC(C2CCC(C3CCCC4CC(C5CCCCC5)CCC43)CC2)CC1
C1CCC(CC2CCC(C3CCCCC3)C(C3CCCCC3)C2)CC1
C1CCC(CCCC2CCC(C3CCCCC3)CC2CCC2CCCCC2)CC1
C1CCC(C2CCC(CCC3CC3)C(C3CCCC3)C2)CC1
C1CCC(CC2CCCC(C3CCC(C4CCCCC4)CC3)C2)CC1
C1CCC(C2CCC(C3CCC(C4CCCCC4)CC3)CC2)CC1
C1CCC(CCCC2CCC(CC3CCCC(C4CCCCC4)C3)CC2)CC1
C1CCC(CC2CCC(CC3CC4CCCCC4C3)CC2)CC1
C1CCC(C2CCCC(CC3CCC4CCCCC4C3)C2)CC1
C1CCC(C2CCCCC2)CC1
C1CCC(CC2CCC(CC3CCC(CC4CCCCC4C4CCCCC4)CC3)CC2)CC1
C1CCC(CCC2CCCC(C3CC4CCCCC4C3)C2)CC1
C1CCC(C2CCCCC2C2CCCCC2)CC1
C1CCC(CC2CCC(C3CCCCC3)CC2C2CCCC(C3CCC(CCC4CC4)CC3)C2)CC1
C1CCC(C2CCC(C3CC(C4CCCCC4)CCC3C3CCC4CCCC4C3)CC2)CC1
C1CCC(CC2CCCC(C3CCCC(CCC4CCC(C5CCCCC5)CC4)C3)C2)CC1
C1CCC(C2CCCC3CCCCC32)CC1
C1CCC(CCCCC2CCC(C3CCCCC3)CC2)CC1
C1CCC(CC2CCCCC2)CC1
C1CCC(C2CCCCC2)CC1
C1CCC(C2CCCC(C3CCCCC3)C2)CC1
C1CCC(CCC2CCCC(CCCC3CCC(C4CCCCC4)CC3)C2)CC1
C1CCC(CCC2CC(C3CCCCC3C3CCCCC3)C3CCCCC23)CC1
C1CCC(CCCC2CCC(CCC3CCCCC3)CC2)CC1
C1CCC(CC2CCC(C3CCC(CC4CCC(CCC5CCCCC5C5CCCCC5)CC4)CC3)CC2)CC1
C1CCC(C2CCC(C3CCCCC3CC3CCCC3)C(C3CCCCC3)C2)CC1
C1CCC(CCCC2CCCC(C3CCCCC3)C2)CC1
C1CCC(CC2CCCCC2C2CCC3CCCCC32)CC1
C1CCC(CCC2CCC(CC3CCC(C4CCCCC4C4CC5CCCCC5C4)CC3)CC2)C1
C1CCC(CC2CCCC(C3CCCCC3)C2)CC1
C1CCC(CCC2CCCC(CC3CCC(C4CCCCC4)CC3)C2)CC1
C1CCC(CCCC2CCCC(C3CCCC(CCC4CCCCC4)C3)C2)CC1
C1CCC(CC2CCC(CC3CCC(C4CCCCC4C4CCCCC4)CC3)CC2)CC1
C1CC(CC2CCCC(C3CC3)C2)CC(CC2CCCC(C3CC3)C2)C1
C1CCC(CCCC2CCC(C3CCCCC3C3CCCCC3)C2)CC1
C1CCC(C2CCCCC2CCC2CCCC(C3CCCC3)C2)CC1
C1CCC(CCC2CCC(C3CCCCC3)C(CC3CCCCC3)C2)CC1
C1CCC(CC2CCCC(C3CCC(C4CCCCC4)CC3)C2)CC1
C1CCC(CC2CCCCC2C2CCCCC2)CC1
C1CCC(CC2CCCCC2)CC1
C1CCC(CC2CCC(CCC3CCCCC3C3CCCCC3)CC2)CC1
C1CCC(C2CCCC(C3CCCCC3)C2)CC1
C1CCC(C2CCCC(CC3CCCC(C4CCCC(C5CCC5)C4)C3)C2)CC1
C1CCC(CCC2CCC3CCCC3C2)CC1
C1CCC(C2CCCC(C(C3CCCC3)C3CCCCC3C3CCCCC3)C2)CC1
C1CCC(CCC2CCCCC2C2CCCCC2)CC1
C1CCC(CC2CC2)C(CCC2CCC(CCC3CC4CCCCC4C3)CC2)C1
C1CCC(CC2CCC(CCC3CCC(CC4CCCCC4C4CCCC4)CC3)C2)CC1
C1CCC(C2CCC(CC3CC(CC4CCCC(C5CCCCC5)C4)C4CCCCC34)CC2)CC1
C1CCC(CC2CCCCC2C2CCC3CCCC3C2)CC1
C1CCC(CCC2CCCC(CC3CCCCC3)C2)CC1
C1CCC(C2CCCCC2C2CCC3C(CCCC3C3CCCCC3)C2)CC1
C1CCC(C2CCCCC2)CC1
C1CCC(CCC2CCCC(CCC3CCCC(CC4CCCCC4)C3)C2)CC1
C1CCC(CCCCCC2CCCCC2)CC1
C1CCC(CCCC2CCC(C3CCCCC3C3CCC4CCCCC4C3)CC2)CC1
C1CCC(CC2CCC(C3CCCCC3)C(C3CCCCC3)C2)CC1
C1CCC(C2CC(C3CCCC3)CCC2C2CCCCC2C2CCC3CCCC3C2)CC1
C1CCC(CCCC2CCCCC2CC2CCC(C3CCCCC3)CC2)CC1
C1CCC(CCCC2CCC(C3CCCCC3C3CCCCC3)CC2)CC1
C1CCC(CC2CCC(C3CCCC(C4CCCCC4)C3)CC2)CC1
C1CCC(CC2CCC3CC(C4CCC5CCCCC54)CCC3C2)CC1
C1CCC(CC2CC(C3CCC4CCCCC43)CC3CCCCC32)CC1
C1CCC(CCC2CCC(CC3CCC(C4CC4)CC3)C(C3CCCCC3)C2)CC1
C1CCC(CC2CCC(CC3CC(CC4CCCCC4)C4CCCCC34)CC2)CC1
C1CCC(CCC2CCC(CC3CCCCC3)CC2)CC1
C1CCC(CC2CCCC(CC3CCC(C4CCCCC4)CC3)C2)CC1
C1CCC(CCCCC2CCC(CC3CCC(CC4CCCCC4)CC3)CC2)CC1
C1CCC(CC2CCCCC2CCC2CCCC3CC(C4CCCCC4)CC23)CC1
C1CCC(CCCC2CCC(CC3CCC(CC4CC5CCCCC5C4)CC3)CC2)C1
C1CCC(C2CCCCC2C2CCC3C(CCCC3C3CCC4CCCCC43)C2)CC1
C1CCC(CC2CCCC(CC3CC(C4CCCCC4)C4CCCCC34)C2)CC1
C1CCC2CC(C3CCCC(C4CCC5CCCC5C4)C3)CCC2C1
C1CCC(CCCC2CCCC(CCCC3CCC(C4CCCCC4)CC3)C2)CC1
C1CCC(C2CCCCC2)CC1
C1CCC(CCC2CCC3CC(C4CCCC(CCC5CCCC5)C4)CC(C4CCCCC4)C3C2)CC1
C1CCC(CCC2CCCC(CC3CCCCC3)C2)CC1
C1CCC(CC2CCCCC2C2CCCCC2C2CCC3C(CCC3C3CCCCC3)C2)CC1
C1CCC(CC2CCCC(C3CCCCC3CC3CCCCC3)C2)CC1
C1CCC(C2CCCC(C3CCC(C4CCC5CCCCC54)CC3)C2)CC1
C1CCC(CCCCCC2CCC(C3CCC(C4CCCCC4)CC3)CC2)CC1
C1CCC(CC2CCC(C3CCCC(CCCC4CC5CCCCC5C4)C3)CC2)CC1
C1CCC(CCC2CCC(C3CCCCC3)CC2)CC1
C1CCC(CCC2CCC(C3CCCCC3)CC2)CC1
C1CCC(CCC2CCCC(C3CCCCC3)C2)CC1
C1CCC(CC2CCCC(C3CCCCC3)C2)CC1
C1CCC(C2CCCC(CC3CC(C4CCCC4)C4CCCCC34)C2)CC1
C1CCC(CCC2CCCC(C3CCCCC3)C2)CC1
C1CCC(CC2CCCC(C3CCC(C4CCCC4)C(C4CCC5CCCC5C4)C3)C2)CC1
C1CCC(C2CCC(CC3CC(C4CCCCC4)CC(C4CCCCC4)C3)CC2)CC1
C1CCC(CCCC2CCC(C3CCC(CCC4CCC5CCCC5C4)CC3C3CCCCC3)CC2)CC1
C1CCC(C2CCC3C(C2)CC(C2CCCCC2)CC3C2CCCCC2)CC1
C1CCC(C2CCC(CC3CCC(C4CCCC4)C(C4CCCCC4)C3)CC2)CC1
C1CCC(CC2CCCC(C3CCCC3)C2)CC1
C1CCC(CC2CCC(CCCC3CCCC(CC4CCC(C5CCC5)CC4)C3)CC2)CC1
C1CCC(CCCC2CCCC(C3CCCCC3C3CCCCC3)C2)CC1
C1CCC(CCC2CCC(C3CCCCC3C3CCC4CCCC4C3)CC2)CC1
C1CCC(CCCC2CCC(C3CCCC(CC4CCCCC4)C3)CC2)CC1
C1CCC(CCC2CCCC(C3CCCCC3)C2)CC1
C1CCC(C2CCC(C3CCCCC3)CC2)CC1
C1CCC(CCC2CCCCC2)CC1
C1CCC(C2CCCC(CC3CCC4CCC(C5CCCCC5)C4C3)C2)CC1
C1CCC(CC2CCCC(C3CCC(C4CCCCC4)CC3)C2)CC1
C1CCC(CCC2CCCC(C3CCCCC3)C2)CC1
C1CCC(CC2CCC(C3CCCC(CC4CCCC4)C3)CC2)CC1
C1CCC(CC2CCC(CC3CCC(CC4CCC(CCC5CC6CCCCC6C5)CC4)CC3)CC2)C1
C1CCC(CC2CCCC(C3CC4CCCCC4C3)C2)CC1
C1CCC(CCC2CCC(CCC3CCCC(CC4CCCCC4)C3)CC2)CC1
C1CCC(CCCC2CCC(C3CCCCC3)CC2)CC1
C1CCC(C2CCC(CCCC3CCC(C4CCCCC4)CC3)CC2)CC1
C1CCC2CC(C3CCC4CCCCC43)CCC2C1
C1CCC(C2CCC(CC3CCCC3)CC2C2CC3CCCCC3C2)CC1
C1CCC(CCC2CC(CCCC3CCCCC3C3CCCCC3)C3CCCCC23)CC1
C1CCC(CC2CCC(CC3CCCCC3)CC2)CC1
C1CCC(C2CCC(CCCC3CCC(CC4CCCC4)CC3)CC2)CC1
C1CCC(CCCC2CCCC(CC3CCC(CC4CCCCC4)CC3)C2)CC1
C1CCC(CC2CCC(C3CCCCC3)C(C3CCCCC3)C2)CC1
C1CCC(CCC2CC(CCC(C3CCC(CC4CCC5CCCC5C4)CC3)C3CC3)CC(C3CCCCC3)C2)CC1
C1CCC(CC2CCC(CC3CCC(CCC4CCC(C5CCCCC5)CC4)CC3)CC2)CC1
C1CCC(CC2CC(CCC3CCC(C4CCCCC4)CC3)C3CCCCC23)CC1
C1CCC(CC2CCCC(C3CCCC(C4CCCCC4)C3)C2)CC1
C1CCC(CC2CCC(C3CCC4CCCCC4C3)CC2)C1
C1CCC(C2CCCCC2C2CCCCC2CCC2CCC(C3CCC4CCCCC4C3)CC2)CC1
C1CCC(CC2CCC(CC3CCCCC3)CC2)CC1
C1CCC(CC2CCC(C3CCCC(C4CCCCC4)C3)CC2CC2CCCCC2)CC1
C1CCC(CCCCC2CCC(C3CCCCC3C3CCC(C4CCCCC4)CC3)CC2)CC1
C1CCC(CCCCC2CCC(CC3CCC(CCCC4CCCCC4)CC3)CC2)CC1
C1CCC(C2CCC(C3CCCCC3)C(C3CCCCC3)C2)CC1
C1CCC(C2CCC(C3CCC(C4CCCCC4)CC3)CC2)CC1
C1CCC(C2CCCC(C3CCCCC3C3CC4CCCCC4C3)C2)CC1
C1CCC(C2CCC(CC3CC4CCCCC4C(C4CCCCC4)C3)CC2)CC1
C(CCCC1CCC(CC2CCC(CC3CCCCC3)CC2)CC1)CCC1CCCCC1
C1CCC(CCC2CCCCC2C2CCC3CCCC3C2)CC1
C1CCC(C2CCC(CCCC3CCCC(C4CCCCC4)C3)CC2)CC1
C1CCC(CC2CCC(CC3CCCC(C4CCCCC4C4CCCC4)C3)CC2)CC1
C1CCC(C2CCC(C3CCC4CCC(C5CCCCC5C5CCCC5)CC4C3)CC2)CC1
C1CCC(CCC2CC(C3CCCCC3)CCC2CC2CCCCC2)CC1
C1CCC(C2CCC(C3CCCCC3)C(C3CCCCC3)C2)CC1
C1CCC(C2CCCCC2CC2CCCCC2CC2CC3CCCCC3C2)CC1
C1CCC(CCC2CCC(CC3CCC(C4CCCCC4)CC3)CC2)CC1
C1CCC(CCCCC2CCC(CC3CCCCC3)CC2)CC1
C1CCC(CC2CCCC(C3CCC4CCC(C5CCCCC5C5CCCCC5)CC4C3)C2)CC1
C1CCC(CC2CCCC(CC3CCCC(CC4CC5CCCCC5C4)C3)C2)CC1
C1CCC(CC2CCC(CCC3CCC(C4CCCCC4)CC3)CC2)CC1
C1CCC(CCC2CC(C3CCCCC3)C3CC(CC4CCCCC4)CCC23)CC1
C1CCC(CCCC2CCC(C3CCCCC3)CC2)CC1
C1CCC(C2CCC(C3CCCC3)CC2)CC1
C1CCC(CC2CCCC(C3CCC4C(CCC4C4CCCC4)C3)C2)CC1
C1CCC(C2CCC3CCC(CC4CCC(C5CC5)CC4)CC32)CC1
C1CCC(C2CCCC(C3CC(C4CCCCC4)CCC3C3CCCCC3)C2)CC1
C1CCC(CCC2CCC(C3CCCC(CC4CCCCC4)C3)CC2)CC1
C1CCC(CC2CCCCC2CC2CCC(C3CCCCC3)CC2)CC1
C1CCC(CC2CC(C3CCCC(C4CCCC4)C3)CCC2C2CCCCC2)CC1
C1CCC(CCCC2CC(CC3CCC3)CC(C3CCCC(CC4CCCCC4)C3)C2)CC1
C1CCC(CC2CCCCC2C2CCC(C3CCCC3)CC2)CC1
C1CCC(CCCC2CCC(CCCC3CCCCC3)CC2)CC1
C1CCC(CC2CC(C3CCCCC3)C3CCCCC23)CC1
C1CCC(C2CCCC(C3CCCCC3CC3CC4CCCCC4C3)C2)CC1
C1CCC(CCCC2CCCC(C3CCCCC3)C2)CC1
C1CCC(CC2CCC(CCC3CCC(CC4CCCC(C5CCC(C6CCCCC6)CC5)C4)CC3)CC2)CC1
C1CCC(C2CCCCC2)CC1
C1CCC(C2CCC(C3CCC4CCCCC43)CC2)CC1
C1CCC(CCC2CCC(CC3CCC(C4CCCCC4)CC3)CC2)CC1
C1CCC(CC2CCC(CCCCC3CCC(CC4CCCCC4)CC3)CC2)CC1
C1CCC(CCCC2CCC(C3CCCC(CCC4CCCCC4)C3)CC2)CC1
C1CCC(C2CCCCC2C2CCCCC2)CC1
C1CCC(CC2CCC(C3CCCC3)CC2C2CCC3CCCC3C2)CC1
C1CCC(CC2CCC(CC3CCCCC3)CC2)CC1
C1CCC(CC2CCCCC2)CC1
C1CCC(CC2CC(C(CC3CCCCC3)C3CCCCC3)CCC2C2CCCCC2)CC1
C1CCC(CCC2CCCCC2)CC1
C1CCC(C2CCC3CCCCC32)CC1
C1CCC(CC2CCC(CC3CCCC(CC4CC4)C3)CC2)CC1
C1CCC(CC2CCC(C3CCC(C4CC5CCCCC5C4)CC3)CC2)C1
C1CCC(CC2CCC(CC3CCCCC3)CC2)CC1
C1CCC(CC2CCCCC2C2CCCCC2)CC1
C1CCC(C2CCCC(C3CCCC(CC4CCC5CCCCC54)C3)C2)CC1
C1CCC(C2CCCCC2C2CCCCC2C2CCCC2)CC1
C1CCC(C2CCC(CCC3CCC(CCC4CCC5CCCCC54)CC3)CC2)C1
C1CCC(CCC2CCCCC2CC2CCCC2)CC1
C1CCC(CC2CCCC(CC3CCCCC3C3CCCC3)C2)CC1
C1CCC(CCCC2CCCC(C3CCCC3)C2)CC1
C1CCC(CC2CCC(CC3CC4CCCCC4C3)C2C2CCC(C3CCCC(C4CCCCC4)C3)CC2)CC1
C1CCC(CC2CCC(C3CCCCC3)CC2C2CCCCC2)CC1
C1CCC(CC2CC(C3CCC(C4CCCCC4)CC3C3CCCC3)C3CCCCC23)CC1
C1CCC(CC2CCC(CCCCC3CCC(C4CCCCC4)CC3)CC2)CC1
C1CCC(C(C2CCCC2)C2CCC(C3CCCC4CCCCC43)CC2)CC1
C1CCC(C2CCC(CC3CCC(C4CCCC4)CC3)CC2)CC1
C1CCC(CCC2CCC(CCC3CCC(CC4CCCCC4)CC3)CC2)CC1
C1CCC(C2CCCCC2)CC1
C1CCC(CC2CCC(CCC3CCCC(C4CCCCC4)C3)CC2)CC1
C1CCC(C2CCCCC2C2CCCCC2)CC1
C1CCC(CCCC2CCC(C3CC3)CC2C2CCC3CCCC3C2)CC1
C1CCC(CC2CCCCC2)CC1
C1CCC(CC2CCC(C3CCC(C4CCCCC4)CC3)CC2)CC1
C1CCC(CCC2CCC(C3CCC(CC4CCCCC4)CC3)CC2)CC1
C1CCC(CCCC2CC(CC3CCCCC3)C3CCC(C4CCCCC4)CC23)CC1
C1CCC(CCC2CCC(C3CC(CC4CCCCC4)C4CCCCC43)CC2)CC1
C1CCC(CC2CCCC(CCC3CCCC(CCCC4CCCC4)C3)C2)CC1
C1CCC(C2CCCC(CCCC3CCCC(C4CCCC(C5CCCCC5)C4)C3)C2)CC1
C1CCC(CCCC2CCCCC2C2CCCCC2)CC1
C1CCC(CC2CCC(CCC3CC(CC4CCCCC4)C4CCCCC34)CC2)CC1
C1CCC(CC2CCC(C3CCCC4CCCCC43)CC2)CC1
C1CCC(C2CCCCC2C2CCCC3CCCCC32)CC1
C1CCC(CCCC2CC(C3CCCCC3)CCC2CC2CCCCC2)CC1
C1CCC(C2CCC(C3CCCCC3)CC2)CC1
C1CCC(CCC2CCCC(C3CC(C4CCCCC4)C4CCCCC34)C2)CC1
C1CCC(CCC2CC(CCC3CCCCC3)CC(CCC3CCCCC3)C2)CC1
C1CCC(C2CCCCC2)CC1
C1CCC(CCCC2CCC(C3CCCCC3)CC2)CC1
C1CCC(CC2CCC(C3CCC(C4CCCCC4)CC3)CC2)CC1
C1CCC(CCCCCC2CCCC(C3CCC(CC4CCCCC4)CC3)C2)CC1
C1CCC(C2CCC3CCCCC3C2)CC1
C1CCC(CC2CCC3CC(C4CCCCC4)CCC3C2)CC1
C1CCC(CCC2CCC(CC3CCCC(C4CCCCC4)C3)CC2)CC1
C1CCC(C2CCCC(C3CCC(C4CCCCC4C4CCCC4)CC3)C2)CC1
C1CCC(C2CC(CC3CC4CCCCC4C3)CC(C3CCC3)C2)CC1
C1CCC(CCC2CCCC(C3CCCC(C4CCCCC4)C3)C2)CC1
C1CCC(CC2CCC(C3CCCCC3)CC2)CC1
C1CCC(CCC2CCCCC2C2CCCCC2)CC1
C1CCC(CCC2CCC3CCCCC3C2)CC1
C1CCC(C2CCC(C3CCCCC3)C(C3CCC4CCCC4C3)C2)CC1
C1CCC(CCC2CCC3CCCC(C4CCCCC4)C3C2)CC1
C1CCC(CC2CCC(C3CCCC(CC4CCCCC4)C3)CC2)CC1
C1CCC(CCC2CCCC(CC3CCCC(CC4CCCCC4)C3)C2)CC1
C1CCC(CC2CC3CCC(C4CCCCC4)CC3C(C3CCCC3C3CCCCC3)C2)CC1
C1CCC(CC2CCCCC2C2CCCCC2)CC1
C1CCC(CC2CCCCC2C2CCCCC2CC2CCCC(C3CCC(C4CC4)CC3)C2)CC1
C1CCC(C2CCC(CC3CCC(C4CCCCC4)C3)CC2)CC1
C1CCC(C2CCCC(C3CCCCC3C3CCCC3)C2)CC1
C1CCC(CCC2CCCCC2C2CCC3CCCC3C2)C1
C1CCC(CCC2CCC(C3CCCC(C4CCCCC4)C3)CC2)CC1
C1CCC(C2CC(C3CCC4CCCC4C3)CC(C3CCC3)C2CC2CCCC2)CC1
C1CCC(C2CCCCC2CC2CCC(CC3CCC(CC4CCC(C5CC5)CC4)CC3)CC2)CC1
C1CCC(CCC2CCC(CC3CCCCC3)CC2)CC1
C1CCC(C2CCC(CCC3CCCC(C4CCCCC4)C3)CC2)CC1
C1CCC(CC2CCC(C3CC4CCCCC4C3)CC2)CC1
C1CCC2CC(CC3CCC(C4CCC(CC5CCCCC5C5CCCC5)CC4)CC3)CC2C1
C1CCC(CC2CCCC(CC3CCCC(CCCC4CCC(C5CCCCC5)CC4)C3)C2)CC1
C1CCC(CC2CCCC(C3CCCCC3)C2)CC1
C1CCC(C2CCCC(CC3CC(C4CCCCC4)CC(C4CCCCC4)C3)C2)CC1
C1CCC(CC2CCC(C3CCCC(C4CCCCC4)C3)CC2)CC1
C1CCC(C2CCCCC2CCCC2CC3CCCCC3C2)CC1
C1CCC(CC2CCCCC2C2CCCC(C3CCC(CCC4CC5CCCCC5C4)CC3)C2)CC1
C1CCC(CCCCCC2CCC(CC3CCCCC3)CC2)CC1
C1CCC(C2CCCC(C3CCCCC3)C2)CC1
C1CCC(CCCC2CCC(C3CCCCC3)CC2)CC1
C1CCC(CCCC2CCCC(C3CCCC(C4CCCCC4)C3)C2)CC1
C1CCC(CCC2CCCC(C3CCC(C4CCCC4)CC3)C2)CC1
C1CCC(CCC2CCC(CC3CCC(C4CCCC4)CC3)CC2)CC1
C1CCC(CCC2CC(C3CCCCC3)C(C3CCCCC3)C(C3CCCCC3)C2)CC1
C1CCC(CCCC2CCC(CCCC3CCCCC3)CC2)CC1
C1CCC(CCCC2CCCCC2CCC2CCCCC2)CC1
C1CCC(C2CCC(C3CCCCC3)CC2)CC1
C1CCC(C2CCCC(C3CCCCC3)C2)CC1
C1CCC(CC2CCCCC2C2CC(CCC3CCC(C4CCCCC4)CC3)C3CCCCC32)CC1
C1CCC(CCCC2CCCC(CC3CCCCC3)C2)CC1
C1CCC(C2CCCC(CC3CC(C4CCCCC4C4CCCC4)C4CCCCC34)C2)C1
C1CCC(CC2CCC(CC3CC(CC4CCCCC4)C4CCCCC34)CC2)CC1
C1CCC(CCC2CCCCC2)CC1
C1CCC(C2CCC(C3CCCCC3)C(C3CCC4CCCC4C3)C2)CC1
C1CCC(CC2CCCC(CCCC3CCCCC3C3CCCCC3)C2)CC1
C1CCC(CCC2CC(C3CCC(C4CC(C5CCCCC5)C4)CC3)C3CCCCC23)CC1
C1CCC(CCCC2CC(C3CCCCC3)CCC2CC2CCCCC2)CC1
C1CCC(CCCCC2CCCC(CCCC3CCC(CC4CCCC4)CC3)C2)CC1
C1CCC(C2CCC(C3CCC(C4CCCCC4)CC3)CC2)CC1
C1CCC(CC2CCC(C3CCCC3)CC2)CC1
C1CCC(CCC2CCC3CC(C4CCC5CCCCC54)CC(C4CCCCC4)C3C2)CC1
C1CCC(CCC2CC(CC3CCCCC3)CCC2C2CCCCC2CC2CCCCC2)CC1
C1CCC(CC2CCC(C3CCCC(C4CCCCC4)C3)CC2)CC1
C1CCC(CC2CCC3CC(C4CCC(C5CC5)CC4CCC4CC4)CCC3C2)CC1
C1CCC(CC2CCC(C3CCCC(C4CCCCC4)C3)CC2)CC1
C1CCC(CC2CCC(C3CCCCC3)CC2)CC1
C1CCC(CCCC2CCCC(C3CCCCC3)C2)CC1
C1CCC(CCCCC2CCC(C3CCCCC3)CC2)CC1
C1CCC(CC2CCC(CC3CCCCC3)C(CC3CCCCC3)C2)CC1
C1CCC(CCC2CCCCC2)CC1
C1CCC(C2CCCCC2C2CCCC(C3CCCC(C4CCC5CCCC5C4)C3)C2)CC1
C1CCC(CCC2CCCCC2C2CCC(CC3CCCCC3)CC2)CC1
C1CCC(CC2CCC(CC3CCCC(C4CCCCC4C4CCCCC4)C3)CC2)CC1
C1CCC(CCC2CCC(CC3CCC(C4CCCCC4)CC3C3CCCC3)CC2)CC1
C1CCC(CC2CCCC(C3CCCCC3CC3CCCCC3)C2)CC1
C1CCC(CC2CCCC(CC3CCCCC3)C2)CC1
C1CCC(CCC2CCC(CC3CCCCC3)CC2)CC1
C1CCC(C2CCCCC2C2CCCC2)CC1
C1CCC(CC2CCCC(C3CCCCC3)C2)CC1
C1CCC(CC2CCC(CCCCCC3CCCC(C4CCCCC4)C3)CC2)CC1
C1CCC(CC2CCC(C3CCCCC3)CC2)CC1
C1CCC(CC2CCC(C3CCCCC3C3CCCCC3)CC2)CC1
C1CCC(CC2CCC(C3CCC(C4CC4)CC3)C(C3CCCCC3)C2)CC1
C1CCC(CC2CCC(CCC3CCCC3)CC2)CC1
C1CCC(C2CCCC(CC3CCC(CCC4CCC4)C(C4CCCCC4)C3)C2)CC1
C1CCC(CC2CCC(C3CCCCC3)CC2)CC1
C1CCC(CC2CC(C3CCCC3)CCC2CC2CCC(C3CCC3)CC2)CC1
C1CCC(CCC2CCCC(CCCC3CCC(CC4CCCCC4)CC3)C2)CC1
C1CCC(C2CCCC(C3CCCCC3C3CCCCC3C3CCCCC3)C2)CC1
C1CCC(C2CC(C3CCC4CCCCC43)CC3CCCCC32)CC1
C1CCC(CC2CCCC(CCCCC3CCC3)C2)CC1
C1CCC(CCCCC2CCCCC2CC2CCCCC2)CC1
C1CCC(C2CCC(CCCC3CCCC4CC(C5CCCCC5)CCC34)CC2)CC1
C1CCC(CCC2CCC(CCC3CCC(CC4CCCCC4)CC3)CC2)CC1
C1CCC(C2CCCC(CC3CCC4CC(C5CCC6CCCCC65)CCC4C3)C2)CC1
C1CCC(CC2CC(C3CCCCC3)C3CCCCC23)CC1
C1CCC(CC2CCC(C3CC(C4CCCCC4)C3)CC2)CC1
C1CCC(CCC2CCC(C3CCCCC3CCC3CCCCC3)C(C3CCCC3)C2)CC1
C(CCCC1CCCC(C2CCCCC2)C1)CCCC1CCCC(C2CCCC(C3CCCC3)C2)C1
C1CCC(C2CC(C3CCC(C4CCCC4)CC3)C3CCCCC23)CC1
C1CCC(CCCC2CCC(C3CCCCC3)CC2C2CC2)CC1
C1CCC(C2CCC(C3CCCCC3)CC2)CC1
C1CCC(CC2CCC(C3CCCC(CCCC4CC5CCCCC5C4)C3)CC2)CC1
C1CCC(CC2CCC(C3CCCC(CC4CC5CCCCC5C4)C3)CC2)CC1
C1CCC(CCCC2CCCCC2C2CCC(C3CCCC3)CC2)CC1
C1CCC(C2CCCC(CCCCC3CCCC(C4CC4)C3)C2)CC1
C1CCC(CC2CCCC(CCC3CCCCC3C3CCCCC3)C2)CC1
C1CCC(CC(C2CCCCC2)C2CCC(C(CC3CCCC3)C3CCCC3)CC2)CC1
C1CCC(CC2CC(C3CCCCC3)CC(C3CCCC(C4CCCCC4)C3)C2)CC1
C1CCC(CCCC2CCC(CC3CCCCC3)CC2)CC1
C1CCC(CC2CCC(C3CCCCC3)CC2)CC1
C1CCC(C2CCC(CC3CCC(C4CCC5CCCCC5C4)CC3)CC2)CC1
C1CCC(CC2CCCC(C3CCC4CCCC4C3)C2)CC1
C1CCC(CC2CCC(CCC3CCCC(CC4CCCCC4)C3)CC2)CC1
C1CCC(CC2CCC3C(C2)CC(C2CCC4CCCCC42)CC3C2CCCCC2)CC1
C1CCC(CC2CCC(CC3CCCC4CC(C5CCCCC5)CCC34)CC2)CC1
C1CCC(C2CCCC(CCCC3CCCC4CCCCC43)C2)CC1
C1CCC(C2CCC(CC3CCC(CC4CC5CCCCC5C4)CC3)CC2)CC1
C1CCC(CC2CCC(C3CCCCC3)CC2C2CCCC(C3CCCC3)C2)CC1
C(CCCC1CCCC1C1CCCCC1)CCC1CCCCC1
C1CCC(CC2CCCC(CC3CCC(CCCC4CCCCC4C4CCCCC4)CC3)C2)CC1
C1CCC(C2CCC(CC3CCC(CCC4CCC(C5CCCC5)CC4)CC3)CC2)CC1
C1CCC(CCCC2CCCC(C3CCC(CCC4CCCCC4)CC3)C2)CC1
C1CCC(CC2CCC(C3CCCC(C4CCCC(CCC5CC5)C4)C3)CC2)CC1
C1CCC(CC2CCC3CC(CC4CCC(C5CCC(CC6CC6)CC5)CC4)CCC23)CC1
C1CCC(C2CCCC(C3CCC(C4CCCCC4)C(C4CCCC4)C3)C2)CC1
C1CCC(CC2CC(C3CCCC(CCC4CC5CCCCC5C4)C3)C3CCCCC23)CC1
C1CCC(CCC2CCC(C3CCCCC3C3CCCCC3)CC2)CC1
C1CCC(CCC2CCCC(C3CCCCC3)C2)CC1
C1CCC(CCCC2CCC(C3CCCC(CCCC4CCCCC4)C3)CC2)CC1
C1CCC(CC2CCCC(C3CCCCC3)C2)CC1
C1CCC(CCC2CCC(C3CCCCC3C3CCCCC3)CC2)CC1
C1CCC(CC2CCC(CC3CCCCC3C3CCCCC3)CC2)CC1
C1CCC(CC2CCC(CCCC3CCC(C4CCCCC4)CC3)CC2)CC1
C1CCC(CC2CCCC(C3CCC(C4CCCCC4)CC3)C2)CC1
C1CCC(CC2CCC(C3CCCCC3)C(CC3CCCCC3)C2)CC1
C1CCC(CC2CCC(CCC3CCC(C4CCCCC4)CC3)CC2)CC1
C1CCC(C2CCC(CC3CCC3)CC2)CC1
C1CCC(C2CCC(C3CCCCC3)C(C3CCCCC3)C2)CC1
C1CCC(CC2CCC(C3CC(C4CCCCC4)CC4CCCCC43)CC2)CC1
C1CCC(CCC2CCCC(CC3CCCCC3)C2)CC1
C1CCC(CCCC2CCC(CC3CCC(CC4CCCCC4)CC3)CC2)CC1
C1CCC(C2CCCCC2)CC1
C1CCC(CCC2CCC(CC3CCCCC3)CC2)CC1
C1CCC(C2CCCCC2C2CCCC(C3CCCC3)C2)CC1
C1CCC(C2CCCC(C3CC(C4CCCCC4)CC(C4CCCCC4)C3)C2)CC1
C1CCC(C2CCCC(CCC3CCC(C4CCCC(C5CCCC(CC6CC6)C5)C4)CC3)C2)CC1
C1CCC(CC2CCC(C3CCCC(CC4CCCCC4)C3)CC2)CC1
C1CCC(CCCC2CCC(CC3CCC(CCC4CCCCC4)CC3)CC2)CC1
C1CCC(C2CCCCC2C2CCC3C(CC4CC5CCCCC5C4)CCC3C2)CC1
C1CCC(C2CCCC3CCC(CCC4CCCC4)CC32)CC1
C1CCC(C2CCC(C3CCCCC3C3CCCCC3)CC2)CC1
C1CCC(CCC2CCC(CC3CCCCC3)CC2)CC1
C1CCC(C2CCCC(C3CCCC(C4CCCCC4)C3)C2)CC1
C1CCC(CCCC2CCC(C3CCC(CCC4CCCCC4)CC3)CC2)CC1
C1CCC(CCC2CCC(C3CCC(CCC4CCCCC4C4CCCCC4)CC3)CC2)CC1
C1CCC(CC2CCCC(CC3CCCCC3)C2)CC1
C1CCC(CCC(CC2CCC(C3CCCCC3)CC2)C2CCCCC2)CC1
C1CCC(CC2CCCCC2C2CCCCC2)CC1
C1CCC(CC2CCCC(C3CCCCC3C3CC4CCCCC4C3)C2)CC1
C1CCC(CC2CCC(CCC3CCCC(C4CCC5CCCCC54)C3)CC2)CC1
C1CCC(C2CCCC(CCCC3CCCC(C4CCCC(C5CC5)C4)C3)C2)CC1
C1CCC(CCCC2CCCCC2C2CCCCC2)CC1
C1CCC(C2CCC(CC3CCCC(C4CCC(C5CCCCC5)C(C5CCCCC5)C4)C3)CC2)CC1
C1CCC(CCC2CCCC(C3CCCC(C4CCCCC4)C3)C2)CC1
C1CCC(CC2CCCC(C3CCCCC3)C2)CC1
C1CCC(C2CCC(CCC3CCC(C4CCCC5CCCCC54)CC3)CC2)CC1
C1CCC(CCC2CCCC(C3CCCCC3)C2)CC1
C1CCC(CC2CCC(CC3CCC(CC4CCCCC4)CC3)CC2)CC1
C1CCC(CC2CCC(CC3CCCCC3)CC2)CC1
C1CCC(CC2CCCCC2CCC2CCCC(C3CCCCC3)C2)CC1
C1CCC(CCCC2CCCCC2CCCC2CCC(C3CCC3)CC2)CC1
C1CCC(CC2CCC(CC3CCCCC3C3CCC4CCCCC4C3)CC2)CC1
C1CCC(C2CCCCC2CC2CC3CCCCC3C2)CC1
C1CCC(C2CCCC(C3CCC(C4CCC(C5CCCC(C6CCC6)C5)CC4)CC3)C2)CC1
C1CCC(CC2CCCC(C3CC4CCCCC4C3)C2)CC1
C1CCC(CC2CC(CC3CCCCC3)CC(C3CCCCC3)C2)CC1
C1CCC(C2CCCC(C3CCCC(C4CC5CCCCC5C4)C3)C2)C1
C1CCC(CC2CCC(C3CCCCC3C3CCCC3)CC2)CC1
C1CCC(C2CCC(CCC3CCC(CC4CC5CCCCC5C4)CC3)CC2)CC1
C1CCC(CCCC2CCC(C3CC(C4CCC(C5CCCCC5)CC4)C3)CC2)CC1
C1CCC(CC2CCC(C3CCC(C4CCCC4)CC3)CC2)CC1
C1CCC(CC2CCCC(CCC3CCCC(C4CCC(C5CCCCC5)CC4)C3)C2)CC1
C1CCC(CC2CCC(CC3CC(C4CCCCC4)C(C4CCCC4)C(C4CCCC4)C3)CC2)CC1
C1CCC(C2CC(C3CCC4CCCCC43)CC3CCC(CCC4CCCC4)CC32)CC1
C1CCC(C2CCCC(CCC3CCCC3)C2)CC1
C1CCC(C2CCC(C3CCCCC3C3CCCC3)CC2)CC1
C1CCC(CC2CCCCC2C2CCCCC2C2CCC3CCCC3C2)CC1
C1CCC(CCC2CCCC(CCC3CCCCC3)C2CC2CCCCC2)CC1
C1CCC(CCC2CCC(C(CCC3CCC(CC4CCCCC4)CC3)C3CCCCC3)CC2)CC1
C1CCC(C2CCCC(CCC3CCCC(CC4CC4)C3)C2)CC1
C1CCC(CC2CCCC(C3CCCCC3)C2)CC1
C1CCC(CCCC2CCC(C3CCCC(C4CCCCC4)C3)CC2)CC1
C1CCC(CCC2CCCC(C3CCC4CCC(CC5CCCCC5)CC43)C2)CC1
C1CCC(C2CC(C3CCCC3)CC(C3CC(C4CCCCC4)C4CCCCC34)C2)CC1
C1CCC(CC2CCCC(CCCC3CC(CC4CCCCC4)C4CCCCC34)C2)CC1
C1CCC(C2CCC(CCC3CCC(CC4CC5CCCCC5C4)CC3)CC2)CC1
C1CCC(CCCC2CCC(CC3CCCCC3)CC2)CC1
C1CCC(CCCCCC2CCC(CCC3CCCCC3)CC2)CC1
C1CCC(CC2CCC(CC3CCC(C4CCC5CCCCC5C4)C3)C2)CC1
C1CCC(CC2CCCC(CCC3CCC(CC4CCCCC4C4CCCC4)CC3)C2)CC1
C1CCC(C2CCCCC2C2CCC3CCCC3C2)CC1
C1CCC(C2CCCC(CCC3CCC(C4CCCCC4C4CCC5CCCC5C4)CC3)C2)CC1
C1CC(CC2CCCC3CCCCC32)CC(C2CCC(CC3CCCCC3C3CCCC3)CC2)C1
C1CCC(CC2CCCCC2C2CC3CCC(C4CCCC4)CC3C(CC3CCCCC3)C2)CC1
C1CCC(CCCC2CCCCC2C2CCCC2)CC1
C1CCC(CCC2CCCCC2CC2CCCCC2)CC1
C1CCC(CC(C2CCCCC2)C2CCCC(C3CCC3)C2)CC1
C1CCC(C2CC3CCCCC3C(CC3CCC4CCCC4C3)C2)CC1
C1CCC(CCC2CCC(C3CCCC(C4CCCCC4)C3)CC2)CC1
C1CCC(C2CCC(C3CC(C4CCCCC4)C4CCCCC34)CC2)CC1
C1CCC(C2CCCCC2CCCCCC2CCC(C3CCCC(C4CCC4)C3)CC2)CC1
C1CCC(CC2C(C3CCCCC3)CCCC2C2CCC2)CC1
C1CCC(CC2CCCC(C3CCCCC3)C2)CC1
C1CCC(CCCC2CC(CC3CCCCC3)CCC2CC2CCCCC2)CC1
C1CCC(CC2CCC(CCCC3CCC(C4CCCC(C5CCCC5)C4)C3)CC2)CC1
C1CCC(CCC2CCCC(C3CCCC(CC4CCCC4)C3)C2)CC1
C1CCC(CC2CCC(C3CCC(C4CCCC4)C(C4CCCCC4)C3)CC2C2CCCC2)CC1
C1CCC(CCCC2CCC(CC3CCC(CC4CCCCC4)CC3)CC2)CC1
C1CCC(CCC2CCC(C3CCC(CC4CC4)CC3C3CCCCC3)CC2)CC1
C1CCC(CCC2CCCC(CC3CCCC3)C2CCC2CCCCC2)CC1
C1CCC(C2CCC(CCC3CCC(C4CCCC(C5CC5)C4)CC3)CC2)CC1
C1CCC(CC2CCC3C(CC4CCCCC4)CCC3C2)CC1
C1CCC(CC2CCCC(C3CCCCC3)C2)CC1
C1CCC(CCC2CCCC(C3CC(CCC4CCCCC4)CC(C4CCCC4)C3)C2)CC1
C1CCC(CC2CCC(C3CCCCC3CC3CC4CCCCC4C3)CC2)CC1
C1CCC(CC2CCCCC2CCCC2CCCC(CCC3CC4CCCCC4C3)C2)CC1
C1CCC(CC2CCC(CC3CCC(CCC4CCC(C5CCCCC5)CC4)CC3)CC2)CC1
C1CCC(C2CCC(C3CCCCC3C3CCCCC3)CC2)CC1
C1CCC(C2CCCC(CC3CCC(C4CCCC4)CC3)C2)CC1
C1CCC(C2CCCCC2)CC1
C1CCC(C(C2CCCCC2)C2CCC(C(CC3CCCC3)C3CCCC3)CC2)CC1
C1CCC(CCC2CC(CCCC3CCCC(CC4CCCCC4)C3)C3CCCCC23)CC1
C1CCC(CC2CCC(C3CCCC(C4CCCCC4)C3)CC2)CC1
C1CCC(CC2CCCC(CC3CCCCC3)C2)CC1
C1CCC(CC2CCC(CC3CCC(CC4CCCCC4)CC3)CC2)CC1
C1CCC(CCC2CCC(CCCCC3CCCC(CCC4CCCCC4)C3)CC2)CC1
C1CCC(CCC2CCC(C3CCCC(CC4CCCCC4)C3)CC2)CC1
C1CCC(C2CC(C3CCCCC3)CC(C3CCCC3)C2)CC1
C1CCC(CCCCCC2CCCC(C3CCCCC3)C2)CC1
C1CCC(CC2CCCCC2)CC1
C1CCC(CCC2CC(CCC3CCCCC3)CC(C3CCCCC3)C2)CC1
C1CCC(CCC2CCCC(C3CCCC(CC4CCCCC4)C3)C2)CC1
C1CCC(C2CCCCC2CCC2CCCC2C2CCCCC2)CC1
C1CCC(CC2CCCC(CC3CCC(CC4CCCCC4)C(C4CCCC4)C3)C2)CC1
C1CCC(CC2CC(C3CCCCC3)C3CC(C4CCCCC4)CCC23)CC1
C1CCC(C2CCC(CCC3CCC(C4CCCCC4)C3)CC2)CC1
C1CCC(C2CCC(CC3CCCC(C4CCCCC4)C3)CC2)CC1
C1CCC(CC2CCC(C3CCCC(CCC4CCCC4)C3)CC2)CC1
C1CCC(C2CCCC(C3CCC(CC4CCC5CCCC5C4)CC3)C2)CC1
C1CCC(CC2CCCCC2)CC1
C1CCC2CC(CC3CCC(CCC4CCC(CCC5CCCCC5C5CCCC5)CC4)CC3)CC2C1
C1CCC(C2CC(C3CCC4CCCCC43)CC3CCCCC32)CC1
C1CCC(CCC2CCC(CC3CCCCC3)CC2)CC1
C1CCC(CC2CCCC3CCCCC32)CC1
C1CCC(CC2CCC(C3CCC(C4CCCCC4)CC3)CC2)CC1
C1CCC(CC2CCCC(C(C3CCCCC3)C3CCC4CCCC4C3)C2)CC1
C1CCC(C2CC(C3CCCCC3)CC(C3CCCC3)C2)CC1
C1CCC(CCC2CCCC(C3CCC4CCCCC4C3)C2)CC1
C1CCC(CC2CCCC(CC3CCCCC3)C2)CC1
C(CCCC1CCCCC1)CCCC1CCC(C2CCCCC2)CC1
C1CCC(C2CCCC(C3CCCC3)C2)CC1
C1CCC(CCCCC2CCC(CC3CCCCC3)CC2)CC1
C1CCC(C2CCC3CCCC(C4CCCCC4)C3C2)CC1
C1CCC(CC2CCCCC2C2CCCC2)CC1
C1CCC(C2CCC(CCC3CCC(C4CCCC(C5CC5)C4)CC3)CC2)C1
C1CCC(CC2CCC(C3CCC(C4CCC(C5CCCC5)CC4)CC3C3CCCC3)CC2)CC1
C1CCC(CC2CCCC3CCC(CC4CCCCC4)C32)CC1
C1CCC(C2CCC(CCC3CCC(C4CCCC4)CC3)CC2)C1
C1CCC(CC2CCC(C3CCCCC3C3CCCC3)CC2)CC1
C1CCC(CC2CCC(C3CCCCC3)C(C3CCCCC3)C2)CC1
C1CCC(CC2CCC(CCC3CCCC(C4CCCCC4)C3)CC2)CC1
C1CCC(CC2CCC3CC(CCC4CCC(C5CCCCC5)CC4)CC3C2)CC1
C1CCC(CCC2CCC(C3CCCCC3CC3CCCCC3)CC2)CC1
C1CCC(CC2CC(CC3CC4CCCCC4C3)CC(C3CCCCC3)C2)CC1
C1CCC(CC2CCC(C3CCCCC3)CC2)CC1
C1CCC(C2CCCC(CCC3CCCC(C4CCCC4)C3)C2)CC1
C1CCC(CCCCC2CCCC(C3CCCCC3)C2)CC1
C1CCC(CC2CCC(C3CCC(C4CCCCC4)CC3)CC2)CC1
C1CCC(CC2CCC(CC3CCC(CC4CCCCC4)CC3)CC2)CC1
C1CCC(CCC2CCCC(C3CCCC(C4CCCCC4)C3)C2)CC1
C1CCC(CCCC2CCCCC2C2CCCCC2)CC1
C1CCC(CCCCC2CCC(CC3CCCCC3C3CCCCC3)CC2)CC1
C1CCC(CC2CC(C3CCC(CCC4CCCC(C5CCCCC5)C4)CC3)C3CCCCC23)CC1
C1CCC(CC2CCC(C3CCC(CCCC4CC5CCCCC5C4)CC3)CC2)C1
C1CCC(C2CCCCC2C2CCC(C3CCCC4CCCCC43)C(C3CCCC3)C2)C1
C1CCC(CC2CCC(CC3CCC(CC4CC(CC5CCCC5)C5CCCCC45)CC3)CC2)CC1
C1CCC(CCC2CCCC(C3CC(CCC4CCCCC4C4CCCC4)C4CCCCC43)C2)CC1
C1CCC(CCCC2CCCC(CC3CCCC(C4CCC5CCCCC54)C3)C2)CC1
C1CCC(CC2CCC(CC3CCC(C4CCCCC4)CC3)CC2)CC1
C1CCC(CCCC2CCCC(C3CCCC(C4CCCCC4)C3)C2)CC1
C1CCC(CCCCCC2CCCCC2CC2CCCCC2)CC1
C1CCC2CC(C3CCCCC3CC3CCCC(C4CC5CCCCC5C4)C3)CCC2C1
C1CCC(CC2CCC3CCCCC3C2)CC1
C1CCC(C2CC(C3CCCCC3)C3CCCCC23)CC1
C1CCC(CC2CC(C3CCCCC3)CC(C3CCCC3)C2)CC1
C1CCC(C2CCC(C3CCCCC3)CC2)CC1
C1CCC(CCCC2CCC(CC3CCC4CCCCC4C3)CC2)CC1
C1CCC(CC2CCCC(C3CCCCC3)C2CC2CCCCC2)CC1
C1CCC(CCC2CCC(C3CCCCC3)CC2)CC1
C1CCC(C2CCCC(CC3CCCC(C4CCCC(C5CCCCC5)C4)C3)C2)CC1
C1CCC(CC2CCC(CC3CCCC(CCC4CCC(C5CCCC5)CC4)C3)CC2)CC1
C1CCC(C2CCCC(C3CCCC(C4CCCCC4)C3)C2)CC1
C1CCC(C2CCC(C3CCC(CC4CC5CCCCC5C4)CC3)CC2)C1
C1CCC(CCC2CCC(CCCC3CCCC(C4CCCCC4)C3)CC2)CC1
C1CCC(CC2CCCC(CCC3CCCC(C4CCCCC4)C3)C2)CC1
C1CCC(CCC2CCC(CC3CCC(CCCC4CC4)CC3)CC2)CC1
C1CCC(CCCC2CCC(CC3CCC(C4CCCC(C5CC5)C4)CC3)CC2)CC1
C1CCC(C2CCCCC2C2CCCCC2)CC1
C1CCC(CCCC2CCC(C3CCCC(C4CCCCC4)C3)CC2)CC1
C1CCC(CC2CCCC(C3CCCCC3)C2)CC1
C1CCC(CC2CCCC(C3CCCC(C4CCCCC4)C3)C2)CC1
C1CCC(C2CCC(C3CCCCC3)CC2)CC1
C1CCC(C2CCC(C3CCCCC3C3CCCC3)CC2)CC1
C1CCC(CCC2CCC(C3CCCCC3)CC2)CC1
C1CCC(CCC2CCC(CC3CCCCC3)C(C3CCCC3)C2)CC1
C1CC(C2CCC(CCC3CCCCC3C3CCCCC3C3CCCC3)CC2)C1
C1CCC(CC2CCCC(C3CC(CC4CCCCC4)CC(C4CC4)C3)C2)CC1
C1CCC(C2CCCCC2C2CCCCC2C2CCCCC2)CC1
C1CCC(CC2CCC(CC3CCC(C4CCCCC4)C3)CC2C2CCCCC2)CC1
C1CCC(CC2CCC3CCC(C4CCCCC4C4CCCCC4)CC3C2)CC1
C1CCC(C2CCCC(CC3CCC4C(CCCC4C4CCCCC4)C3)C2)CC1
C1CCC(C2CCCC(C3CC(C4CCCCC4)CC(C4CCCCC4)C3)C2)CC1
C1CCC(C2CCCC(C3CCC(CC4CC5CCCCC5C4)C3)C2)CC1
C1CCC(CCC2CCCCC2C2CCCC(C3CCCCC3)C2)CC1
C1CCC(CCC2CCC(C3CCCCC3)CC2)CC1
C1CCC(CC2CCCC(CC3CCCC(C4CC5CCCCC5C4)C3)C2)CC1
C1CCC(CC2CCCCC2C2CCCC(CC3CCCC(C4CCCCC4)C3)C2)CC1
C1CCC(CCCC2CCC(C3CCCC(CC4CCCCC4)C3)CC2)CC1
C1CCC(CCC2CCCCC2)CC1
C1CCC(CC2CCCCC2CC2CC(C3CCCCC3)C3CCCCC23)CC1
C1CCC(C2CCCC(C3CCCCC3C3CCCCC3)C2)CC1
C1CCC(CC2CCC(CC3CCCCC3)CC2)CC1
C1CCC(CC2CCCCC2C2CCCCC2)CC1
C1CCC(CCC2CCC(C3CCC(CC4CCCCC4)CC3C3CCCCC3)C2)CC1
C1CCC(CC(C2CCC(C3CCCCC3)CC2)C2CCCCC2C2CCCCC2)CC1
C1CCC(C2CCCC(C3CCC(C4CCCC5CCCCC54)CC3)C2)CC1
C(CCCCC1CCCC(CC2CCCC(C3CCCCC3)C2)C1)CCCC1CCCCC1
C1CCC(CCC2CCCC(C(C3CCCCC3)C3CCCC(C4CCCCC4)C3)C2)CC1
C1CCC(CC2CC(CCC3CCCC(C4CCCC4)C3)C3CCCCC23)CC1
C1CCC(CC2CCC(CC3CCCCC3C3CCC4CCCCC4C3)CC2)CC1
C1CCC(CC2CC(C3CCCCC3)CCC2C2CCCCC2C2CCCCC2)CC1
C1CCC(C2CCC(C3CCCCC3)CC2)CC1
C1CCC(CC2CCCC(C3CCCC(C4CCCCC4)C3)C2)CC1
C1CCC(C2CCC(C3CCC(C4CCC(C5CC5)CC4)CC3)CC2)CC1
C1CCC(CC2CCC(C3CCCC3)CC2)CC1
C1CCC(C2CCCCC2C2CCCCC2C2CCC3CCCCC32)C1
C1CCC(C2CCCC(C3CC(C4CCCCC4)CC(C4CCCCC4)C3)C2)CC1
C1CCC(CC2CCCCC2C2CCC3CCCCC32)CC1
C1CCC(CCC2CCC(CC3CCCCC3)CC2)CC1
C1CCC(CCCC2CCC(CC3CCC(C4CCCC(C5CCCC5)C4)CC3)CC2)CC1
C1CCC(CC2CCC(CCCC3CCCC(C4CCCCC4)C3)CC2)CC1
C1CCC(C2CCC(C3CCC(CC4CCC(CC5CCCC5)CC4)CC3)CC2)CC1
C1CCC(CC2CCCCC2CCC2CC(CC3CCCCC3)C3CCCCC23)CC1
C1CCC(C2CCC(CCC3CCC4CCCC4C3)CC2)C1
C1CCC(C2CCC(C3CCCC4CCCCC43)C(C3CCCC3)C2)CC1
C1CCC(C2CCCC(CC3CCCC(C4CCCCC4)C3)C2)CC1
C1CCC(CC2CCC(C3CCC4CCCCC43)C(C3CCCCC3)C2)CC1
C1CCC(CCCCC2CCC(C3CCCCC3)CC2)CC1
C1CCC(CCC2CCCC(C3CCCC(C4CCCC4)C3)C2)C1
C1CCC(CC2CCCCC2CC2CCC(C3CCCCC3)CC2)CC1
C1CCC(CC2CCCCC2C2CCCC3CCCCC32)CC1
C1CCC(CCCCC2CCC(C3CCCCC3)CC2)CC1
C1CCC(C2CCCCC2C2CCCC(C3CCC4CCCC4C3)C2)CC1
C1CCC(C2CCC(CC3CCCCC3C3CCCC3)CC2)CC1
C1CCC(CCC2CCCC(CCC3CCCCC3C3CCCCC3)C2)CC1
C1CCC(CC2CCC(C3CCCC(C4CCCCC4)C3)CC2)CC1
C1CCC(CCC2CCC(CCC3CCC(C4CCCC(C5CCC5)C4)CC3)CC2)CC1
C1CCC(CCCCCC2CCCC(C3CCCCC3)C2)CC1
C1CCC(CC2CCC(C3CCC(C4CCC4)CC3)CC2C2CCCCC2)CC1
C1CCC(CCC2CC(C3CCCCC3)CC(C3CCC(C4CCCCC4)CC3)C2)CC1
C1CCC(CCC2CC(C3CCCCC3)CC(C3CCCC(C4CCCCC4)C3)C2)CC1
C1CCC2CC(C3CCC4CCCCC43)CCC2C1
C1CCC(CC2CCC3CC(C4CC5CCCCC5C4)CCC23)CC1
C1CCC(C2CCCC(C3CCC4CCCC4C3)C2)CC1
C1CCC(CCC2CCCCC2)CC1
C1CCC2C(C1)CCCC2CC1CC(CCC2CC2)CC2CCCCC21
C1CCC(CC2CC(C3CCCCC3)CC(C3CCCCC3)C2)CC1
C1CCC(CC2CCCC(CCC3CCCCC3C3CCC4CCCCC4C3)C2)CC1
C1CCC(CC2CCCCC2C2CCC(CC3CCC(C4CCC(CC5CCCC5)CC4)CC3)CC2)CC1
C1CCC(CCC2CC(CC3CCCCC3)C3CCC(C4CCCCC4)CC23)CC1
C1CC2CCC(C3CCCCC3C3CCC4CCCCC43)CC2C1
C1CCC(CC2CCCC(CC3CCC4CCCCC43)C2)CC1
C1CCC(CC2CCCC(C(C3CCCC3)C3CCC(C4CCCCC4)CC3)C2)CC1
C1CCC(CCC2CC(CCC3CCCC(CC4CCCCC4)C3)C3CCCCC23)CC1
C1CCC(CC2CCC(C3CCCCC3C3CCC4CCCCC4C3)CC2)CC1
C1CCC(CC2CCC(CC3CCCCC3CC3CCC(CC4CC5CCCCC5C4)C3)CC2)C1
C1CCC(C2CCC(C3CCCCC3)CC2)CC1
C1CCC(CCC2CCCC(CC3CCCC(CCC4CCCC5CCCCC54)C3)C2)C1
C1CCC(C2CCC(C3CC(CC4CCC(C5CCCC5)CC4)C4CCCCC43)CC2)CC1
C1CCC(C2CCCC(C3CCCCC3C3CCCC3)C2)C1
C1CCC(CC2CCCC(C3CCCCC3)C2)CC1
C1CCC(CCC2CCC(CC3CCC(C4CCCCC4)CC3)CC2)CC1
C1CCC(CCC2CC(CC3CCCCC3)CC(C3CCCCC3)C2)CC1
C1CCC(CC2CCC(C3CCC(C4CCCC4)CC3)CC2CC2CCCCC2)CC1
C1CCC(C2CCCCC2C2CCC(CC3CCC(CC4CCC(C5CCCC5)CC4)CC3)CC2)CC1
C1CCC(CCCC2CC(C3CCCCC3)CC(C3CCCC3)C2)CC1
C1CCC(CC2CCC(C3CCCCC3)CC2)CC1
C1CCC(C2CCCCC2C2CCC(C3CCCCC3C3CCCCC3)CC2)CC1
C1CCC(C2CCCCC2CC2CCC(C3CCCC3)CC2)CC1
C1CCC(CC2CCC(CC3CC4CCCCC4C3)C(C3CCCC3)C2)CC1
C1CCC(CC2CCCC(CCC3CCCCC3CC3CCCCC3)C2)CC1
C1CCC(C2CCC(C3CCC(C4CCCCC4)CC3)CC2)CC1
C1CCC(CC2CCCCC2)CC1
C1CCC(CC2CCC(CC3CCCCC3)CC2)CC1
C1CCC(C2CCCC(C3CCCC(C4CCCCC4)C3)C2)CC1
C1CCC(CCCCC2CCC(C3CCCCC3C3CCCCC3)CC2)CC1
C1CCC(C2CCCCC2C2CCC3CCCCC3C2)CC1
C1CCC(CCCC2CCC(CC3CCC(CCC4CCC5CCCC5C4)CC3)CC2)CC1
C1CCC(CCCC2CCC(C3CCCC(CC4CCCCC4)C3)CC2)CC1
C1CCC(CC2CCCC(C3CCCCC3)C2)CC1
C1CCC(C2CCC(CC3CC(CC4CC5CCC(C6CCCC7CCCCC76)CC5C4)C4CCCCC34)CC2)CC1
C1CCC(C2CC(C3CCC(C4CCC5CCCCC54)CC3)C3CCCCC23)CC1
C1CCC(CCC2CCC(C3CCCCC3)CC2)CC1
C1CCC(C2CCC(CC3CCCCC3C3CCCCC3)CC2)CC1
C1CCC(CC2CC3CCC(CC4CCCCC4)CC3C(C3CCCCC3)C2)CC1
C1CCC(C2CCC(C3CCCCC3)CC2)CC1
C1CCC(CC2CC(C3CCC4CCCCC4C3)C3CCCCC23)CC1
C1CCC(C2CCC(CC3CCC3)C(C3CCCCC3)C2)CC1
C1CCC(CC2CCCC(C3CCC(C4CCCCC4)CC3)C2)CC1
C1CCC(CCC2CCCC(C3CCCCC3)C2)CC1
C1CCC(CC2CCC(C3CCC4CCCCC4C3)CC2)C1
C1CCC(CCCC2CCCCC2C2CCC(C3CCCCC3)CC2)CC1
C1CCC(C2CCCCC2)CC1
C1CCC(CC2CCC(CC3CCC4C(CCC5CCCCC54)C3)CC2)CC1
C1CCC(CC2CC(C3CCCCC3)C3CCCCC23)CC1
C1CCC(CC2CCCC(C3CCCCC3)C2)CC1
C1CCC(C2CCCC(C(C3CCCCC3)C3CCCCC3)C2)CC1
C1CCC(C2CCCC(CCC3CCC(C4CCC5CCCC5C4)CC3)C2)CC1
C1CCC(CC2CCC(C3CCCCC3CC3CCC4CCCCC4C3)CC2)CC1
C1CCC(CC2CCC(CCC3CCC4CCCC4C3)CC2)CC1
C1CCC(C(CCC2CC2)C2CCCCC2)CC1
C1CCC(CCCC2CCC(C3CCCC(C4CCCC4)C3)CC2)CC1
C1CCC(CCC2CCC(C3CCCCC3)CC2)CC1
C1CCC(CCC2CCC(C3CC(CC4CCCCC4)C4CCCCC43)CC2)CC1
C1CCC(CC2CCC(CCCC3CC4CCCCC4C3)C(C3CCCC3)C2)CC1
C1CCC(CC2CCC(CC3CCC(C4CCCCC4)CC3)CC2)CC1
C1CCC(CC2CCC(CC3CCCCC3)CC2)CC1
C1CCC(CC2CCCC(C3CCCCC3C3CCCCC3)C2)CC1
C1CCC(C2CCC(C3CCCCC3)C(C3CCCCC3)C2)CC1
C1CCC(C2CCC(CC3CCC(C4CCCC4)CC3)CC2)CC1
C1CCC(CC2CCC(C3CCCC(CC4CC4)C3)CC2)CC1
C1CCC(CC2CCCCC2C2CCCCC2)CC1
C1CCC(CC2CCCC(C3CCC(C4CCCCC4)CC3)C2)CC1
C1CCC(CC2CCC(CC3CCCC(C4CCCCC4)C3)CC2)CC1
C1CCC(CC2CCC(CC3CCC(C4CCCCC4)CC3)CC2)CC1
C1CCC(CC2CCCC(C3CCCCC3C3CCCC3)C2)CC1
C1CCC(CC2CCC(CC3CCC(C4CCCCC4)C(C4CCCCC4)C3)CC2)CC1
C1CCC(C2CCCC(CC3CC4CCCCC4C3)C2)CC1
C1CCC(C2CCCC(C3CCCCC3)C2)CC1
C1CCC(CCCCC2CCCCC2CCC2CCCCC2)CC1
C1CCC(CC2CCC(C3CCCCC3)CC2)CC1
C1CCC(C2CCCC(C3CCCC(C4CCCCC4)C3)C2)CC1
C1CCC(C2CCC3CCCC(C4CCCCC4)C3C2)CC1
C1CCC(CCCC2CC(CC3CC3)CCC2C2CCC(CC3CC4CCCCC4C3)CC2)CC1
C1CCC(CC2CCCC(C3CCCCC3C3CCC4CCCCC43)C2)C1
C1CCC(C2CCCC(C3CCC(C4CC5CCCCC5C4)C(C4CCCCC4)C3)C2)CC1
C1CCC(CC2CCC(C3CCCC(C4CCC(CC5CCC6CCCC6C5)CC4)C3)CC2)CC1
C1CCC(CC2CC(C3CCCCC3)CCC2CCC2CCCC2)CC1
C1CCC(C2CCC(CC3CCC(CC4CCCC4)CC3)CC2)CC1
C1CCC(CC2CCC(CCCCC3CCCC(C4CCCCC4)C3)CC2)CC1
C1CCC(C2CCC(C3CCC(C4CCCCC4)CC3C3CCCC3)CC2)CC1
C1CCC(C2CCC(C3CCCCC3)CC2)CC1
C1CCC(CC2CCCC(C3CCCCC3)C2)CC1
C1CCC(C2CCCCC2CCC2CCCC(C3CCCCC3C3CCCC3)C2)C1
C1CCC(CCC2CCC(C3CCC4CCCCC4C3)CC2)CC1
C1CCC(CCCC2CCC(CC3CCCCC3)C(CC3CCCCC3)C2)CC1
C1CCC(CCCC2CC(CC3CCCCC3)CC(C3CCCC(C4CCCCC4)C3)C2)CC1
C1CCC(CCC2CCCC(C(C3CCCCC3)C3CC3)C2)CC1
C1CCC(CCCC2CCC(CC3CCCCC3C3CCCCC3)CC2)CC1
C1CCC(CC2CCCC(CC3CCCCC3)C2)CC1
C1CCC(CCC2CCCC(C3CCCCC3)C2)CC1
C1CCC(CC2CCCC(C3CCCC(C4CCCC(C5CCCC5)C4)C3)C2)CC1
C1CCC(C2CCCC(CCC3CCCC(CC4CCC4)C3)C2)CC1
C1CCC(CC2CCC(C3CCCCC3)C3CCCCC23)CC1
C1CCC(CCCCC2CCC(CC3CCC(C4CCCC4)CC3)CC2)CC1
C1CCC(CC2CCCC(CC3CCC(C4CCCC(C5CCC(C6CCCC6)CC5)C4)CC3)C2)CC1
C1CCC(CCC2CCC(CCCC3CCCCC3CC3CCCCC3)CC2)CC1
C1CCC(CC2CCC(CC3CCCC(C4CCCCC4)C3)CC2)CC1
C1CCC(C2CCC(C3CCCCC3)CC2)CC1
C1CCC(CCCC2CCC(CC3CCCCC3)CC2)CC1
C1CCC(CCC2CCCC(C3CCC(CC4CCCCC4)CC3)C2)CC1
C1CCC(CCC2CCCC(C3CCCCC3)C2)CC1
C1CCC(C2CCCC(CCC3CCC(CCC4CC4)CC3)C2)CC1
C1CCC(CC2CCCC(C3CCCC(C4CCCCC4)C3)C2)CC1
C1CCC(CCCCC2CCCC(C3CCCCC3)C2)CC1
C1CCC(CC2CCCCC2)CC1
C1CCC2CC(C3CCCCC3CC3CCC(C4CC5CCCCC5C4)CC3)CCC2C1
C1CCC(C2CCCCC2CC2CCC(CC3CCCC3)CC2)CC1
C1CCC(C2CCCCC2C2CCC3CCCC3C2)CC1
C1CCC(C2CCCC(CCCCC3CCC(CCCC4CC5CCCCC5C4)CC3)C2)CC1
C1CCC(CC2CCCC(C3CCCCC3)C2)CC1
C1CCC(C2CCCC(C3CCCCC3C3CCC(C4CCCC4)CC3)C2)CC1
C1CCC(CCC2CCCC(CC3CCCCC3)C2)CC1
C1CCC(CCCCC2CCC(CC3CCCCC3)CC2)CC1
C1CCC(CCCC2CCCC(CC3CCCCC3)C2)CC1
C1CCC(CCC2CCC(CCC3CCCC3)C(C3CCCCC3)C2)CC1
C1CCC(CC2CCC(C3CCCC3)CC2)CC1
C1CCC(CCC2CCC(CC3CCC(C4CCCCC4C4CCCCC4)CC3)CC2)CC1
C1CCC(C2CCC(C3CCCCC3)CC2)CC1
C1CCC(C2CCCC2C2CCCC(C3CCC(CC4CCC(C5CCCC5)CC4)CC3)C2)CC1
C1CCC(C2CCCC(C3CCCC(CC4CCC5CCCCC54)C3)C2)CC1
C1CCC(CCCC(CC2CCCCC2)CC2CCCCC2)CC1
C1CCC(C2CCC(CC3CCCC(C4CCCCC4)C3)CC2)CC1
C(CCCC1CCC(CCCC2CCCCC2)CC1)CCC1CCCCC1
C1CCC(CC2CCC(CC3CCC(CC4CCCCC4)CC3)CC2)CC1
C1CCC(CC2CCCC(CC(CC3CCCCC3)C3CCCCC3)C2)CC1
C1CCC(CC2CCC(C3CCCC4CCCCC43)C(C3CCCC3)C2)CC1
C1CCC(CCCCCC2CCC(C3CC(CC4CCCCC4)C4CCCCC43)CC2)CC1
C1CCC(CCC2CCCCC2C2CCC3CC(C4CCCCC4)CCC32)CC1
C1CCC(C2CCC(CCC3CCC(CC4CCCC(C5CCCC5)C4)CC3)CC2)CC1
C1CCC(CC2CC(C3CCCCC3)CC(C3CCC3)C2)CC1
C1CCC(CCC2CCC(C3CCC4C(C5CCCC5)CC(C5CCCCC5)C4C3)CC2)CC1
C1CCC(CC2CCCC(C3CCCC(CC4CCC(C5CCCC5)CC4)C3)C2)CC1
C1CCC(C2CCCC(C3CCC3)C2)CC1
C1CCC(CC2CC(C3CCCCC3)CC(C3CC3)C2)CC1
C1CCC(CC2CCCCC2C2CCC(C3CCC4CCCC4C3)C2)CC1
C1CCC(CC2CCC3C(CCC3C3CCCC(C4CCCCC4)C3)C2)CC1
C1CCC(C2CCC(CC3CCC4CCCC4C3)CC2)CC1
C1CCC(CCC2CCCCC2C2CCC3C(CC4CCCCC4)CCC3C2)CC1
C1CCC(CC2CCC(CC3CCCCC3)CC2)CC1
C1CCC(CC2CCCCC2)CC1
C1CCC(CCCC2CCC(CC3CCCCC3C3CCCCC3)CC2)CC1
C1CCC(CC2CCCC(CCCCCC3CCCC3)C2)CC1
C1CCC(CCC2CCCC(CC3CCCC(C4CCCC(CC5CCCCC5)C4)C3)C2)CC1
C1CCC(CC2CCCC(C3CC(C4CCCCC4)CC(C4CCC4)C3)C2)CC1
C1CCC(C2CCC(C3CCCCC3)CC2)CC1
C1CCC(C2CC(C3CC3)CCC2CC2CCCCC2C2CCCC2)CC1
C1CCC(C2CC(CCC3CCC3)CC(CC3CCC(CC4CCC(C5CCCC5)CC4)CC3)C2)CC1
C1CCC(CC2CCC(C3CC(C4CCC(C5CCCCC5)CC4)C3)CC2)CC1
C1CCC(C2CCCC(CC3CCCCC3C3CCCCC3)C2)CC1
C1CCC(CC2CC(C3CCC(CCCCC4CC4)CC3)C3CCCCC23)CC1
C1CCC(C2CCCC(C3CCC(CC4CCC(CC5CC5)CC4)CC3)C2)CC1
C1CCC(CCCCCC2CCCCC2C2CCCCC2)CC1
C1CCC(CC2CCCC(C(C3CCCCC3)C3CCC3)C2)CC1
C1CCC(C2CCCCC2C2CCCC(C3CCCC3)C2)CC1
C1CCC(CC2CC(CC3CCCCC3C3CCCCC3)C3CCCCC23)CC1
C1CCC(C2CCC(CC3CCC(C4CCCCC4)CC3)CC2)CC1
C1CCC(CCC2CCC(C3CCCCC3)CC2)CC1
C1CCC(CCC2CCCCC2)CC1
C1CCC(CC2CCC(C3CCCCC3)CC2)CC1
C1CCC(CC2CCCC(CC3CC(C4CCCC5CCCCC54)C4CCCCC34)C2)C1
C1CCC(C2CCC(C3CCCCC3C3CCC(C4CCCC(C5CCCC5)C4)C3)CC2)CC1
C1CCC(C2CCCCC2C2CCC(CC3CCC(CCCC4CCC5CCCCC5C4)CC3)CC2)CC1
C1CCC(CC2CCCCC2CC2CCCCC2)CC1
C1CCC(CCC2CCCC(C3CCC(CC4CCCCC4)CC3)C2)CC1
C1CCC(CCC2CCC(C3CCCCC3)CC2)CC1
C1CCC(C2CCC(C3CCCC4CC(C5CCCCC5C5CCCC5)CCC43)CC2)CC1
C1CCC(CC2CCCCC2C2CCC(C3CCCC(C4CCCCC4)C3)CC2)CC1
C1CCC(C2CCCC(C3CCCCC3)C2)CC1
C1CCC(C2CCCC(C3CCC4CCC(C5CCCCC5)CC4C3)C2)CC1
C1CCC(C2CCCC(C3CCCC(C4CCC5CCCCC54)C3)C2)CC1
C1CCC(CC2CCCCC2C2CCC3C(CC4CCCCC4)CCCC3C2)CC1
C1CCC(CCCC2CC(C3CCCCC3)C3CCCCC23)CC1
C1CCC(CCCC2CCCCC2)CC1
C1CCC(CCC2CCC(C3CCCC(CCCC4CC4)C3)CC2C2CCCCC2)CC1
C1CCC(CCCC2CCC(CC3CCCCC3CC3CCCCC3)CC2)CC1
C1CCC(CCC2CCCC(C3CCCCC3)C2)CC1
C1CCC(CC2CCC(C3CCCCC3C3CCCCC3CC3CCCCC3)C2)CC1
C1CCC(CCCC2CCC(CC3CCCCC3)CC2CCC2CCCCC2)CC1
C1CCC(C2CCC(C(C3CCCCC3)C3CCC4CCCC4C3)CC2)CC1
C1CCC(C2CCC(CCCCC3CCC(CC4CCC4)CC3)CC2)CC1
C1CCC(CCCC2CCC(C3CCCCC3)CC2)CC1
C1CCC(CCC2CCC(CCC3CCCCC3)CC2)CC1
C1CCC(CC2CCC(C3CCCCC3)CC2)CC1
C1CCC(CC2CCCC(C3CCC(C4CCCCC4)CC3)C2)CC1
C1CCC(CCC2CCCCC2CC2CCCC(C3CCCCC3)C2)CC1
C1CCC(C2CCCC(C3CCCC(CC4CC5CCCCC5C4)C3)C2)CC1
C1CCC(CCC2CCC(C3CCC3)CC2)CC1
C1CCC(C2CCCCC2)CC1
C1CCC(CC2CCC(C3CCC(CC4CC5CCCCC5C4)CC3)CC2)CC1
C1CCC(CC2CC(C3CCC4CCCCC43)CC3CCCCC32)CC1
C1CCC(CC2CCC(C3CCCC(C4CCC(C5CCCCC5)C4)C3)CC2)CC1
C1CCC(CCC2CCC(CC3CCCCC3CC3CCCCC3)CC2)CC1
C1CCC(CCC2CCCCC2C2CCCC2C2CCC3C(CCCC3C3CCCCC3)C2)CC1
C1CCC(CC2CCCC(C3CCC(CC4CC5CCCCC5C4)CC3)C2)CC1
C1CCC2CC(C3CCCCC3CC3CCC(CCC4CC5CCCCC5C4)CC3)CCC2C1
C1CCC(CCC2CCC(C3CCC(CC4CCCCC4)CC3)CC2)CC1
C1CCC(CC2CCCC(CC3CC(C4CCCCC4)C4CCCCC34)C2)CC1
C1CCC(C2CCC(CCC3CCCC(C4CCCCC4)C3)CC2)CC1
C1CCC(C(CC2CC(C3CCC3)C3CCCCC23)C2CCCC2)CC1
C1CCC(CC2CCC(CCC3CCC4CC(C5CCCCC5)CCC4C3)CC2)CC1
C1CCC(CC2CCCCC2)CC1
C1CCC(C2CCCCC2CC2CCC3C(C4CCCCC4)CC(C4CCCCC4)C3C2)CC1
C1CCC(CC2CCCC(C3CCCCC3CC3CC4CCCCC4C3)C2)CC1
C1CCC(CC2CCCCC2CC2CCCC(C3CCC3)C2)CC1
C1CCC(CCC2CCCC(C3CCC4CCCC4C3)C2)CC1
C1CCC(CC2CCCCC2)CC1
C1CCC(C2CCCC(CC3CCC(C4CCCC4)CC3)C2)CC1
C1CCC(CC2CCCC(C3CC(CC4CCCCC4)C4CCCCC43)C2)CC1
C1CCC(CCCC2CCC(CCC3CCCCC3)CC2)CC1
C1CCC(CC2CCC(CC3CCCCC3)CC2)CC1
C1CCC(CC2CCC(C3CCCC(CC4CCCCC4)C3)CC2)CC1
C1CCC(CC2CCCC(C3CCCCC3)C2)CC1
C1CCC(CC2CCC(CCC3CCCC(CC4CCCCC4)C3)CC2)CC1
C1CCC(CCCC2CCCCC2)CC1
C1CCC(C2CCCC(C3CCCCC3)C2)CC1
C1CCC(C2CCC(CC3CCCC(C4CCCCC4)C3)CC2)CC1
C1CCC(CC2CCC(C3CCCCC3)CC2)CC1
C1CCC(CC2CCC(CCC3CCC4CCCCC43)CC2)CC1
C1CCC(CCC2CCCC(CC3CCC(C4CCCCC4)C3)C2)CC1
C1CCC(CCCC2CC(CC3CC3)CC(C3CCCCC3)C2)CC1
C1CCC(C2CCC(C3CCC(C4CC(C5CCCCC5)C4)CC3)CC2)CC1
C1CCC(CC2CCCCC2CC2CCC(C3CCCCC3)CC2)CC1
C1CCC(C2CCC(CCC3CCCC(CC4CC5CCCCC5C4)C3)CC2)CC1
C1CCC(CC2CCCCC2C2CC(CC3CC3)CCC2CC2CCCCC2)CC1
C1CCC(CCC2CCC(CCC3CC4CCCCC4C3)C(C3CCCC(C4CCCCC4)C3)C2)CC1
C1CCC(CC2CCC(CC3CCC(C4CCCCC4)CC3)CC2)CC1
C1CCC(C2CCCCC2C(C2CCCCC2)C2CCCCC2)CC1
C1CCC(C2CCC(C3CCCCC3C3CCCCC3)CC2)CC1
C1CCC(C2CCCC(C3CCC(CCC4CCC5CCCCC54)CC3)C2)CC1
C1CCC(C2CCC(C3CCCCC3)CC2)CC1
C1CCC(C2CCC(C3CCC(C4CCCCC4)CC3)CC2)CC1
C1CCC(CCC2CCC(C3CCCCC3)CC2CC2CCCCC2)CC1
C1CCC(CCCCC2CCC(CC3CCCCC3)CC2)CC1
C1CCC(C2CC(C3CCCC(CCC4CC5CCCCC5C4)C3)C3CCCCC23)CC1
C1CCC(C2CCCCC2)CC1
C1CCC(CC2CCCC(C3CCCCC3)C2)CC1
C1CCC(C2CCC3C(CC4CCCC4)CC(C4CCCCC4C4CCCC4)C3C2)CC1
C1CCC(CC2CCC(CC3CCC(C4CCC(C5CCCC5)CC4)CC3)CC2)CC1
C1CCC(CC2CCC(C3CCCCC3)CC2)CC1
C1CCC(CC2CCCCC2CC2CCC(C3CCCCC3)CC2)CC1
C1CCC(CCCC2CCC(C3CCC(C4CCCC4)CC3)CC2)CC1
C1CCC(CCC2CCC(C3CCCCC3)CC2)CC1
C1CCC(C2CCC(CC3CCC(C4CCCC(C5CCC5)C4)CC3)CC2)CC1
C1CCC(CCCC2CCCCC2C2CCCCC2)CC1
C1CCC(CC2CCC(CC3CCCCC3)CC2)CC1
C1CCC(CC2CCCC(CC3CC(CCCC4CC5CCCCC5C4)C4CCCCC34)C2)CC1
C1CCC(CC2CC(C3CCC4CCCC4C3)C(C3CCC4C(CCC4C4CCCCC4)C3)C2)CC1
C1CCC(CC2CCC(C3CCC(C4CCCCC4)CC3)CC2)CC1
C1CCC(CC2CC(C3CCCCC3)C3CC(C4CCCCC4)CCC23)CC1
C1CCC(CCC2CCC(C3CCCC(CC4CCCCC4)C3)CC2)CC1
C1CCC(C2CCC(C3CCC(C4CCCC4)CC3)CC2)C1
C1CCC(CCC2CCCC(CC3CCC4CCC(CC5CCCC5)C4C3)C2)CC1
C1CCC(C2CCC(CCCC3CCCC(C4CCCC(CC5CC6CCCCC6C5)C4)C3)CC2)CC1
C1CCC(C2CCCC(C3CCCCC3C3CCCCC3C3CCCC3)C2)CC1
C1CCC(CCCC2CCCCC2)CC1
C1CCC(CC2CCC(C3CCC4CC(C5CCC(CCCC6CC6)CC5)CCC43)CC2)CC1
C1CCC(CC2CCC(CC3CCC(CCC4CCC(C5CCCCC5)CC4)CC3)CC2)CC1
C1CCC(CC2CCC3CC(C4CCCCC4)CCC23)CC1
C1CCC(CCC2CCC3C(CCCC3CC3CCCC(CCC4CCCC4)C3)C2)CC1
C1CCC(CC2CCC(C3CCCCC3)CC2)CC1
C1CCC(CCC2CC(C3CCCC(C4CCCCC4)C3)CCC2C2CCCCC2)CC1
C1CCC(CCCC2CCCCC2)CC1
C1CCC(CCCCC2CCC(C3CCCCC3)CC2)CC1
C1CCC(CCC2CCCCC2)CC1
C1CCC(CCC2CCC(CC3CCCCC3)CC2)CC1
C1CCC(CC2CCCC(CC3CCC(CC4CCCC4)CC3)C2)CC1
C1CCC(CC2CCC(CC3CCCC(CC4CCC5CCCCC5C4)C3)CC2)CC1
C1CCC(C2CCC(CC3CC4CCCCC4C3)CC2)CC1
C1CCC(C2CC(CC3CCCC(C4CCC4)C3)C3CCCCC32)CC1
C1CCC(CCC2CCC(CC3CCCCC3)C3CCCCC23)CC1
C1CCC(CCC2CC(CC3CCCCC3)CCC2C2CCCCC2)CC1
C1CCC(C2CCCC(C3CCC4CCCC4C3)C2)CC1
C1CCC(CC2CCC(CC3CCCCC3)CC2)CC1
C1CCC(CC2CCC(CC3CCC(CC4CCC5CCCCC54)CC3)CC2)CC1
C1CCC(CCCC2CCC(CC3CCCC(CC4CCCC5CCCCC54)C3)CC2)CC1
C1CCC(C2CCCC(C3CCCC(CC4CCCC4)C3)C2)CC1
C1CCC(CC2CCCC(CC3CCCCC3)C2)CC1
C1CCC(C2CCCC(C3CCC4CCC(C5CCCCC5)CC4C3)C2)CC1
C1CCC(CCC2CCCCC2C2CCC(C3CCCCC3)CC2)CC1
C1CCC(C2CCC(CC3CCCCC3CC3CCCC(C4CCCC4)C3)CC2)C1
C1CCC(CCC2CC(C3CCCC3)CC(C3CCCC(C4CCCCC4)C3)C2)CC1
C1CCC(CCC2CCC3C(CCC4CC5CCCCC5C4)CC(C4CCCC4)C3C2)CC1
C1CCC(CCC2CCCC(CC3CCCC(C4CCCCC4)C3)C2)CC1
C1CCC(CCCCC2CCC(CCCC3CCCCC3)CC2)CC1
C1CCC(CCC2CCCC(C3CCCCC3)C2)CC1
C1CC2CCC(CCC3CCC(CC4CCCC(C5CCCCC5C5CCCC6CCCCC65)C4)CC3)CC2C1
C1CCC(CC2CCCCC2C2CCCCC2)CC1
C1CCC(C2CCC(C3CCC(C4CCC(C5CCC6CCCCC6C5)CC4)C3)CC2)C1
C1CCC(C2CCC(CC3CCCCC3CC3CC4CCCCC4C3)CC2)CC1
C1CCC(CC2CCCC(C3CCCC(C4CCCCC4)C3)C2)CC1
C1CCC(C2CCC(C3CCCCC3)C2)CC1
C1CCC2C(C1)CCCC2C1CCCC(CC2CCC3C(CCCC3C3CCCC4CCCCC43)C2)C1
C1CCC(CCC2CCCCC2C2CC(C3CCCCC3C3CCCC3)C3CCCCC23)CC1
C1CCC(CC2CCC(C3CCCC(C4CCCCC4)C3)CC2)CC1
C1CCC(CCC2CCCC(CC3CCCCC3)C2)CC1
C1CCC(CCCC2CCCCC2C2CCC(CC3CCC(CC4CCCCC4)CC3)CC2)CC1
C1CCC(CCC2CCC(C3CCC3)C(C3CCCCC3)C2)CC1
C1CCC(CCC2CCCCC2CCC2CCCC(C3CCCCC3)C2)CC1
C1CCC(CC2CCCCC2C2CCCCC2C2CC3CCCCC3C2)CC1
C1CCC(C2CCC(CC3CCC(CC4CCC5CCCCC5C4)CC3)CC2)CC1
C1CCC(CC2CCC(C3CCC(C4CCCC4)CC3)C(C3CCCCC3)C2)CC1
C1CCC(CCCCC2CCCCC2CCC2CC2)CC1
C1CCC(CC2CCCCC2CCC2CCC(C3CCCCC3)CC2)CC1
C1CCC(CCC2CC(CC3CCCCC3)CCC2C2CCCCC2)CC1
C1CCC(CC2CCC(CCC3CCC(C4CC4)CC3C3CCC4CCCCC4C3)CC2)CC1
C1CCC(CC2CCC(C3CCCCC3)CC2)CC1
C1CCC(C2CCC(C3CCCCC3C3CCCCC3)CC2)CC1
C1CCC(CCCCC2CCC(CC3CCCCC3)CC2)CC1
C1CCC(CC2CCC(C3CCCC(C4CC4)C3)CC2)CC1
C1CCC(CC2CCCC(CC3CCC(C4CCCC4)CC3)C2)CC1
C1CCC(C2CCC(CC3CCCC(C4CCCC(C5CCCCC5)C4)C3)CC2)CC1
C1CCC(CC2CCCC(C3CCCCC3C3CCCCC3)C2)CC1
C1CCC(CC2CCCC(C3CC(C4CCCCC4)CCC3CC3CCCCC3)C2)CC1
C1CCC(C2CCCC(C3CCC4CC(C5CCC6CCCCC65)CC(C5CCCCC5)C4C3)C2)CC1
C1CCC(CCC2CCCC(C3CCCCC3)C2)CC1
C1CCC(C2CCC(C3CCCC(C4CCCCC4)C3)CC2)CC1
C1CCC(CC2CCC(CC3CCC(C4CCCCC4)CC3)CC2)CC1
C1CCC(CC2CCC(CC3CCC(C(CC4CCCCC4)C4CCCCC4)CC3)CC2)CC1
C1CCC(CC2CCC(CC3CCC(CC4CCCCC4)CC3)CC2)CC1
C1CCC(C2CCCC(C3CCC(C4CCC(C5CCC(CC6CCCC6)CC5)CC4)CC3)C2)CC1
C1CCC(CC2CCC(C3CCCCC3C3CCCC4CCCCC43)CC2)CC1
C1CCC(CC2CCC(CCCC3CCCC(CC4CCCCC4)C3)CC2)CC1
C1CCC(CC2CCC3CC(C4CCCCC4C4CCC(C5CCC(C6CCC6)CC5)CC4)CCC23)CC1
C1CCC(CC2CCCC(CC3CCCCC3)C2)CC1
C1CCC(CCCCCC2CCCC(C3CCC4CCCCC4C3)C2)CC1
C1CCC(CCCC2CCC(CC3CCCCC3)CC2)CC1
C1CCC(CC2CCC(C3CCCCC3)CC2)CC1
C1CCC(CCCC2CC(C3CCCCC3)CC(C3CCCC3)C2)CC1
C1CCC(CC2CCC(C3CCC(CC4CCCC(C5CCCCC5)C4)C3)CC2)CC1
C1CCC(CC2CCC(CC3CCCCC3)CC2)CC1
C1CCC(CCCC2CCC(C3CCCCC3)CC2)CC1
C1CCC(CCC2CCCCC2C2CCCC(CC3CC3)C2)CC1
C1CCC(C2CCC3C(C4CCCC4)CC(C4CCCCC4)C3C2)CC1
C1CCC(CC2CCCCC2C2CCCCC2C2CCCC2)CC1
C1CCC(C2CCCCC2C2CCC(CC3CCC(CC4CC4)CC3)CC2)CC1
C1CCC(C2CCC(CCCCCC3CCCC4CCCCC34)CC2)CC1
C1CCC(CCC2CCCCC2C2CCC(CC3CCC4CCCCC43)CC2)CC1
C1CCC(CC2CC(CC3CCC(CCCCC4CCC5CCCCC45)CC3)C3CCCCC23)CC1
C1CCC(C2CCCC(CCC3CCCCC3C3CCC4CCCC4C3)C2)CC1
C1CCC(CCCC2CCCC(CCC3CCCCC3)C2)CC1
C1CCC(CCC2CCCC(C3CCCC(C4CCCCC4)C3)C2)CC1
C1CCC(CC2CCCCC2C2CCCC(C3CCCCC3)C2)CC1
C1CCC(CC2CCC(C3CCCCC3)CC2)CC1
C1CCC(CCCCC2CCC(CC3CCCC(C4CCC4)C3)CC2)CC1
C1CCC(CCC2CCCC(C3CCCCC3C3CCCC(C4CCCCC4)C3)C2)CC1
C1CCC(CC2CCC(CC3CCC(C4CCCCC4)CC3)CC2)CC1
C1CCC(CCCC2CCC(CC3CCC(CCC4CCCCC4)CC3)CC2)CC1
C1CCC(C2CCCCC2C2CCCC3CCCCC32)CC1
C1CCC(CCC2CCCC(C3CCCC(C4CCC(CC5CCCCC5)CC4)C3)C2)CC1
C1CCC(CC2CCCC(C3CCCCC3CC3CCCCC3)C2)CC1
C1CCC(CCCCC2CCCC(C3CCC4CCCCC4C3)C2)CC1
C1CCC(C2CCC(C3CCCCC3CC3CCC4CCCC4C3)CC2)CC1
C1CCC(CCC2CCC3CC(C4CCCC4)CC(C4CCCCC4)C3C2)CC1
C1CCC(C2CCCC(C3CCCC(C4CCCCC4C4CCC5CCCCC54)C3)C2)C1
C(CCC1CCCC(CC2CC2)C1)CC1CCC(C2CCC3CCCC3C2)CC1
C1CCC(CCC2CCCC3CC(C4CCCCC4)CCC23)CC1
C1CCC(CCCC2CCC3C(CC4CCCCC4)CC(C4CCCC(C5CC5)C4)C3C2)CC1
C1CCC(CCCC2CCC(C3CCC(CC4CCCCC4)CC3)CC2)CC1
C1CCC(C2CCCCC2C2CCCCC2)CC1
C1CCC(C2CCCC(CC3CCCCC3CC3CC(C4CCCCC4)C4CCCCC34)C2)CC1
C1CCC(C2CCCC(CC3CCCC(C4CCCCC4)C3)C2)CC1
C1CCC(CC2CCCCC2CCCC2CCC(C3CCCCC3)CC2)CC1
C1CCC(CCC2CCC3CC(C4CCC5CCCCC54)CC(CC4CCCCC4)C3C2)CC1
C1CCC(CC2CCC(C3CCCCC3C3CCC4CCCC4C3)CC2)CC1
C1CCC(C2CCC(CC3CCCC3)CC2)CC1
C1CCC(CC2CCCC(C3CCC(C4CCCCC4)CC3)C2)CC1
C1CCC(CCC2CCCC(CC3CCCC4CCCCC43)C2)CC1
C1CCC(CC2CCCCC2C2CCCC(C3CCCC(C4CCCCC4)C3)C2)CC1
C1CCC2CC(C3CCCCC3C3CCCC(C4CCCCC4C4CCCC4)C3)CC2C1
C1CCC(CC2CC3CCC(C4CCCCC4)CC3C(C3CCCC3)C2)CC1
C1CCC(C2CCC(CCCC3CCCC(C4CCCCC4)C3)CC2)CC1
C1CCC(CC2CCC(CCC3CCCCC3CC3CCCC(CC4CCCCC4)C3)C2)CC1
C1CCC(CC2CCC(C3CCCCC3)CC2)CC1
C1CCC(CC2CCCC(C3CCCCC3C3CCCC3)C2)CC1
C1CC(CC2CCCC(C3CCCC(CC4CCC5CCCCC5C4)C3)C2)C1
C1CCC(CCC2CCC(CC3CCC(CC4CC5CCCCC5C4)CC3)CC2)CC1
C1CCC(CC2CCC(C3CC(CC4CCCCC4C4CCCCC4)C4CCCCC43)CC2)CC1
C1CCC(CC2CCC(CCC3CCC(C4CCCC5CCCCC54)CC3)CC2)CC1
C1CCC(CCC2CCCC(C3CCCC(CC4CCCCC4)C3)C2)CC1
C1CCC(CC2CCC(C3CCCCC3)CC2)CC1
C1CCC(C2CCCC(CC3CCC(CC4CCCC4)CC3)C2)CC1
C1CCC(CC2CCC(C3CCCCC3)CC2)CC1
C1CCC(CC2CCCC(CCC3CCCC(CC4CCCCC4)C3)C2)CC1
C1CCC(CCC2CCC(C3CCC(C4CCCCC4)CC3)CC2)CC1
C1CCC(CCC2CCC(C3CCC(C4CCCC(CC5CCCCC5)C4)C4CCCC34)CC2)CC1
C1CCC(CC2CCCCC2C2CCC(C3CCCCC3)CC2)CC1
C1CCC(CCC2CCCC(C3CCCCC3)C2)CC1
C1CCC(CC2CCC(C3CCCC(CC4CCCCC4)C3)CC2)CC1
C1CCC(CCCC2CCCC(C3CCC(CC4CCCCC4)CC3)C2)CC1
C1CCC(CC2CCCC(C3CCC(CCC4CCC(C5CCC6CCCCC6C5)CC4)CC3)C2)CC1
C1CCC(CC2CC(C3CCCCC3C3CCC(C4CCC(C5CCCC5)CC4)CC3)C3CCCCC23)C1
C1CCC(CCCC2CCCC(CC3CCCCC3)C2)CC1
C1CCC(CC2CCC(C3CC(CC4CCCCC4)C4CCCCC43)CC2)CC1
C1CCC(CC2CCC(CC3CCC(C4CCC5CCCCC5C4)CC3)CC2)CC1
C1CCC(C2CCCC(C3CCC3)C2)CC1
C1CCC(CC2CCC(C3CC4CCCCC4C3)CC2)CC1
C1CCC(C2CCC(C3CCC(CCC4CCCC4)CC3)CC2)CC1
C1CCC(CC2CCC(C3CCCCC3)CC2)CC1
C1CCC(CC2CCCC(C3CCCC(C4CCCC(C5CCCCC5)C4)C3)C2)CC1
C1CCC(C2CCCC(CCC3CC4CCCCC4C3)C2)CC1
C1CCC(C2CCC(C3CC4CCCCC4C(C4CCCCC4)C3)CC2)CC1
C1CCC(CC2CCCCC2C2CCC3C(CCC4CCCC(CC5CC6CCCCC6C5)C4)CCCC3C2)CC1
C1CCC(CC2CCCCC2)CC1
C1CCC(C2CCCCC2C2CCCCC2)CC1
C1CCC(CCC2CCC(CCC3CCCC(CCC4CCCCC4)C3)CC2)CC1
C1CCC(C2CCCC(C3CCCCC3)C2)CC1
C1CCC(CC2CCCCC2C2CCC(CC3CCCC(C4CCCCC4)C3)CC2)CC1
C1CCC(CC2CCC(C3CC(CC4CCCCC4)C4CCCCC43)CC2)CC1
C1CCC(C2CCC(CCC3CCC4CCCCC43)CC2)CC1
C1CCC(C2CCC(C3CCC(C4CCCCC4)CC3)CC2)CC1
C1CCC(CCCC2CCC(CC3CCC(C4CCCC4)CC3)CC2)CC1
C1CCC(C2CCCC(C3CCC(CC4CCC(CC5CCCC5)CC4)CC3)C2)CC1
C1CCC(CC2CC(C3CCCCC3)CC(C3CCCC(CC4CC4)C3)C2)CC1
C1CCC(C2CCC(C3CCCCC3C3CCCC3)C(CC3CC(C4CCCCC4)C4CCCCC34)C2)CC1
C1CCC(C2CC(C3CCC4CCCC(C5CCCCC5)C43)CC3CCCCC32)CC1
C1CCC(C2CCC(C3CCCC3C3CCCC(C4CCCCC4)C3)CC2)CC1
C1CCC(CC2CCCC(CC3CCC(C4CCCCC4)CC3)C2)CC1
C1CCC(CC2CCCC(C3CCCC(C4CCCC4)C3)C2)CC1
C1CCC(C2CCC(C3CCCCC3CC3CCCC(C4CC4)C3)CC2)CC1
C1CCC2CC(C3CCCCC3C3CCC4CCCC4C3)CCC2C1
C1CCC(CC2CCCC(C3CCCC(CC4CCCCC4)C3)C2)CC1
C1CCC(CC2CCC(C3CCC(C4CCCCC4)C(CC4CCCCC4)C3)CC2)CC1
C1CCC2CC(CCCC3CCCCC3C3CCC(C4CCC(CC5CC6CCCCC6C5)CC4)CC3)CC2C1
C1CCC(CC2CC(C3CCC(CC4CCC(CCC5CCCC5)CC4)CC3)C3CCCCC23)CC1
C1CCC(C2CCCC(C3CCC(CC4CCCC(CC5CC5)C4)CC3C3CCCC3)C2)CC1
C1CCC(CC2CCCC3CC(C4CCCCC4CC4CCCCC4CC4CCC4)CCC23)CC1
C1CCC(C2CCCCC2CCCC2CCCCC2C2CCC(C3CCC4CCCCC43)C2)C1
C1CCC(C2CCCC(C3CCCCC3)C2)CC1
C1CCC2CC(CC3CCCC(C4CCCCC4C4CCCC4)C3)CC2C1
C1CCC(CCC2CC(CC3CCCC(C4CCCCC4)C3)C3CCCCC23)CC1
C1CCC(C2CCCCC2)CC1
C1CCC(CC2CCCC(CC3CC4CCCC(C5CCCC(C6CCCCC6)C5)C4C3)C2)CC1
C1CCC(C2CCCC(CC3CCCC(C4CCCC4)C3)C2)CC1
C1CCC(CC2CCC(CCCC3CC(C4CCCCC4)C4CCCCC34)CC2)CC1
C1CCC(CC2CCCCC2C2CCCCC2)CC1
C1CCC(CCCC2CC(C3CCCC3)CC(C3CCCC(CCC4CCCCC4)C3)C2)CC1
C1CCC(C2CCCC(CC3CCC(CC4CCCC(C5CCCCC5)C4)C3)C2)CC1
C1CCC(C2CCCC(C3CCCCC3C3CCCC(C4CCCCC4C4CCCC4)C3)C2)C1
C1CCC(CC2CCCC(CC3CCC(CC4CC4)CC3)C2)CC1
C1CCC(CCCCCC2CCC(C3CCCCC3)C(C3CCCC3)C2)CC1
C1CCC(CCC2CCC(C3CCCC(C4CCCCC4)C3)C2)CC1
C1CCC(CC2CCCC(CCC3CCC(C4CCCCC4)CC3)C2)CC1
C1CCC(CC2CCC(CCC3CCCC(C4CCCCC4)C3)CC2)CC1
C1CCC(CCCC(CC2CCCCC2)C2CCC(C3CCCCC3)CC2)CC1
C1CCC(CCC2CCCCC2)CC1
C1CCC(CCC2CCC(CC3CCCCC3C3CCC(C4CCCCC4)CC3)CC2)CC1
C1CCC(C2CCC(C3CCC(C4CCC(CC5CCCC5)CC4)CC3)CC2)CC1
C1CCC(C2CCCCC2C2CC2C2CCC(C3CCC(CC4CC4)CC3CCC3CCC3)CC2)CC1
C1CCC(CC2CCCC(CC3CCCCC3C3CCCC(C4CCCCC4)C3)C2)CC1
C1CCC(C2CCCC(C3CCC4CCCC4C3)C2)CC1
C1CCC(CC2CC(C3CCCCC3)CCC2C2CCCCC2)CC1
C1CCC(CCC2CCCC(C3CCC(C4CCC5CCCCC54)CC3C3CCCCC3)C2)CC1
C1CCC(C2CCC(C3CCCCC3)C(C3CCC(C4CCC5CCCCC5C4)CC3)C2)CC1
C1CCC(C2CCCC(C3CCC(C4CC(C5CCC5)C5CCCCC45)CC3)C2)CC1
C1CCC(CCC2CCC(C3CCC(CC4CCCCC4)CC3)CC2)CC1
C1CCC(CC2CCCCC2C2CCCCC2)CC1
C1CCC(CC2CCC(C3CCC(CC4CCCCC4)CC3)CC2)CC1
C1CCC(CCC2CC(C3CCCC3)CCC2C2CCC3CCCC3C2)CC1
C1CCC(CCCCC2CC(C3CCCC(C4CCCCC4)C3)CCC2C2CCCCC2)CC1
C1CCC(CCCC2CCC(CCC3CCC4CCCCC4C3)CC2)CC1
C1CCC(C2CCC(C3CCC4CCCC4C3)CC2)CC1
C1CCC(CCCC2CCCC(C3CCCC(CCCC4CCCCC4)C3)C2)CC1
C1CCC(C2CCC(C3CCC(CC4CCCC4C4CCCC4)CC3)CC2)CC1
C1CCC(CCCC2CCC(C3CCC(C4CCCCC4)CC3)CC2C2CCC3CCCC3C2)CC1
C1CCC(CC2CCC(CC3CC4CCCCC4C3)C(C3CCCCC3)C2)CC1
C1CCC(CCCC2CCC(CC3CCC(CC4CCCCC4)CC3)CC2)CC1
C1CCC(CC2CCC(C3CCCCC3)CC2)CC1
C1CCC(CCC2CCC(CCC3CCC(CC4CCCCC4)CC3)CC2)CC1
C1CCC(C2CCC(C3CCCC(C4CCCCC4)C3)CC2)CC1
C1CCC(CCCC2CCC(CC3CCCCC3C3CCC3)CC2)CC1
C1CCC(C2CCCCC2)CC1
C1CCC(CC2CCC(C3CCCCC3CC3CCCCC3)CC2)CC1
C1CCC(C2CCCC(C3CCCC(CC4CCC4)C3)C2)CC1
C1CCC(C2CCC(CC3CCC3)CC2)CC1
C1CCC(CC2CCC(C3CCCCC3)CC2)CC1
C1CCC(CC2CCCC(C3CCCCC3CC3CC4CCCCC4C3)C2)CC1
C1CCC(CCCC2CC(C3CCCCC3)CC(C3CCCCC3)C2)CC1
C1CCC(CCCC2CCCC(C3CCC4CCC(C5CCCCC5)CC43)C2)CC1
C1CCC(C2CC2C2CCCC(C3CCC(CC4CC5CCCCC5C4)C3)C2)CC1
C1CCC(CCC2CCCC(C3CCC(C4CC4)CC3)C2)CC1
C1CCC(C2CCCCC2C2CCCC(C3CCCC3)C2)CC1
C1CCC(C2CC(C3CCC4CCCCC43)CC3CCCCC32)CC1
C1CCC(CC(C2CCCCC2)C2CCCC2)CC1
C1CCC(CCCC2CCC(C3CC(CC4CCCCC4)C4CCCCC43)CC2)CC1
C1CCC(CC2CC3CCCCC3C(CC3CCCCC3)C2)CC1
C1CCC(C2CCCCC2CC2CCC(C3CCC(CC4CCCC4)CC3)CC2)CC1
C1CCC(CCC2CCC3CC(C4CCC5CCCCC54)CCC3C2)CC1
C1CCC(CC2CC(CC3CCCCC3)C3CC(C4CCCCC4)CCC23)CC1
C1CCC(C2CCCCC2C2CCCCC2)CC1
C1CCC(C2CCCCC2)CC1
C1CCC(C2CCCC(CC3CC(C4CCCCC4)C4CCCCC34)C2)CC1
C1CCC(CCC2CCC(C3CCC(C4CCCCC4)CC3)CC2)CC1
C1CCC(C2CC(CCC3CCCC3)CC(C3CCCCC3)C2)CC1
C1CCC(C2CC3CCC(CC4CCC4)CC3C(C3CCCCC3)C2)CC1
C1CCC(CC2CCC(CCC3CCCC(C4CCCC4)C3)CC2)CC1
C1CCC(C2CC(CC3CC4CCCCC4C3)C3CCCCC32)CC1
C1CCC(CC2CCC(CC3CCC(C4CCCC(C5CCCCC5)C4)CC3)CC2)CC1
C1CCC(CC2CCC(C3CCC3)C(CC3CCCCC3)C2)CC1
C1CCC(CC2CCC(CC3CCCCC3C3CCCCC3)CC2)CC1
C1CCC(CC2CC(C3CC3)CCC2C2CCC(CC3CCCC(CC4CC4)C3)CC2)CC1
C1CCC(CC2CCC(CC3CCCCC3)CC2)CC1
C1CCC(C(CC2CC3CCCCC3C2)C2CCCC(CCC3CCC3)C2)CC1
C1CCC(CC2CCCC(C3CCC(C4CCC(C5CCCCC5)CC4)CC3)C2)CC1
C1CCC(CCC2CCC(C3CCCCC3)CC2)CC1
C1CCC(CC2CCC(CCC3CCCC(C4CCCCC4)C3)CC2)CC1
C1CCC(CCCCCC2CCCC(C3CCCCC3)C2)CC1
C1CCC(C2CCCC(CC3CCC(C4CCCC4)CC3)C2)CC1
C1CCC(CC2CC(CC3CCCC(C4CCCCC4)C3)C3CCCCC23)CC1
C(CCCC1CCC(CC2CCC(CCCC3CCCCC3)CC2)CC1)CCC1CCCCC1
C1CCC(CC2CCC(CCC3CCC(C(CC4CCCCC4)C4CCCCC4)CC3)CC2)CC1
C1CCC(CCC2CCC(C3CCCCC3)CC2)CC1
C1CCC(CCCCCC2CCC(CC3CCCCC3)CC2CCC2CCCCC2)CC1
C1CCC(CCC2CCCC(CCC3CCCC3)C2)CC1
C1CCC(CCCC2CCC(C3CCCC(C4CCCCC4)C3)C(C3CCC(C4CCCCC4)C3)C2)CC1
C1CCC(CCCC2CCCCC2C2CCCCC2)CC1
C1CCC(CC2CCCCC2C2CCCCC2)CC1
C1CCC(C2CCCC(C3CCC4C(CCCC4C4CCC(C5CCCC6CCCCC65)CC4)C3)C2)CC1
C1CCC(CC2CCC(C3CCCC(C4CCCCC4CC4CCCCC4)C3)CC2)CC1
C1CCC(C2CCCC(C3CCCCC3C3CCC4CCCC4C3)C2)CC1
C1CCC(C2CCCC(C3CCC4C(CCCC4C4CCCC(C5CC5)C4)C3)C2)CC1
C1CCC(CC2CCCC(CC3CCCCC3C3CCCCC3)C2)CC1
C1CCC(CC2CCC(CC3CCC(C4CCCCC4)CC3)CC2)CC1
C1CCC(CC2CCC(CCCC3CCC(CC4CCCCC4)CC3)CC2)CC1
C1CCC(C2CCCCC2C2CCCCC2)CC1
C1CCC(CC2CCC3CC(C4CCCC(C5CC(C6CCC7CCCCC76)CC6CCCCC65)C4)CC3C2)CC1
C1CCC(CCCC2CCCC(C3CCCC4CC(C5CCCCC5)CCC43)C2)CC1
C1CCC(CC2CCCCC2CC2CCC(C3CCCCC3)CC2)CC1
C1CCC(C2CCC(CC3CCC(CC4CCCC4)CC3)CC2)CC1
C1CCC(C2CCC(CC3CCC(CC4CCC(C5CCC(C6CCCC6)CC5)C4)CC3)CC2)C1
C1CCC(CCCC2CCCCC2C2CCCCC2C2CCCCC2)CC1
C1CCC(CC2CCC(C3CCCCC3CC3CCCCC3)CC2)CC1
C1CCC(C2CCC(C3CCC(CC4CCCCC4C4CCCCC4)CC3)C2)CC1
C1CCC(CCCC2CCC(C3CCCC(C4CCC5CCCC5C4)C3)CC2)CC1
C1CCC(C2CCCC(C3CCCCC3)C2)CC1
C1CCC(C2CCC(C3CC(C4CCCCC4)CC(C4CCC4)C3)CC2)CC1
C1CCC(C2CCCCC2C2CCC(C3CCCCC3C3CCCCC3)CC2)CC1
C1CCC(CCCCC2CCCCC2)CC1
C1CCC(CCCC2CCC(C3CCC(C4CCCCC4)CC3C3CCCCC3)CC2)CC1
C1CCC(C2CCCC(C3CCC(C4CCCC4)CC3)C2)CC1
C1CCC(CC2CCCC(CC3CCC(C4CCCCC4)CC3)C2)CC1
C1CCC(CC2CCCCC2C2CCCC(CC3CC3)C2)CC1
C1CCC(CCCC2CCCCC2CC2CCCCC2CC2CCCCC2)CC1
C1CCC(CC2CCC(CC3CCC(CC4CCC(CCCCC5CC5)CC4)CC3)CC2)CC1
C1CCC(CC2CCC(C3CCCCC3)CC2)CC1
C1CCC(C2CCCCC2C2CCC3CCCCC3C2)CC1
C1CCC(CCC2CCC(CC3CCCC(C4CCCC4C4CCCCC4)C3)CC2)CC1
C1CCC(C2CCC(CCC3CCC4CC(C5CCC6CCCCC65)CC(C5CCCCC5)C4C3)CC2)CC1
C1CCC(CC2CCCC(CC3CCCCC3)C2)CC1
C1CCC(CC2CCC(CC3CCC(C4CCCCC4)CC3)CC2)CC1
C1CCC(CCC2CCC(CC3CCCCC3)CC2)CC1
C1CCC(CC2CCC(CC3CC4CCCCC4C3)CC2)CC1
C1CCC(C2CCC(CC3CCC(C4CCC(C5CCCC5)CC4)CC3)CC2)CC1
C1CCC(C2CCC(C3CCCC(C4CCCCC4)C3)CC2)CC1
C1CCC(CCC2(CCC3CCC(CC4CCC(C5CCCCC5)CC4)CC3)CC2)CC1
C1CCC(CC2CCCC(C3CCCCC3)C2)CC1
C1CCC(CCCCC2CCC(CC3CCCCC3)CC2)CC1
C1CCC(C2CC(C3CC3)CC(C3CCCC(CCC4CC5CCCCC5C4)C3)C2)CC1
C1CCC(CCC2CCC(CC3CCCCC3)CC2)CC1
C1CCC(CC2CCC(C3CCC(CC4CCCCC4)CC3)CC2)CC1
C1CCC(CC2CCC(C3CCCC(C4CC4)C3)CC2)CC1
C1CCC(CC2CC(C3CCC4CCCCC4C3)C3CC(CC4CCC5CCCCC5C4)CCC23)CC1
C1CCC(C2CCC(C3CCCCC3)CC2)CC1
C1CCC(CC2CCCC(CC3CCCCC3)C2)CC1
C1CCC(CC2CCC(C3CCCC(C4CCCCC4)C3)CC2)CC1
C1CCC(CCC2CCCCC2C2CCCCC2)CC1
C1CCC(C2CCC(CCC3CCC(C4CCCCC4)CC3)CC2)CC1
C1CCC(C2CCC(CC3CCCC(C4CCCC(C5CCC5)C4)C3)CC2)CC1
C1CCC(CCCC(C2CCCCC2)C2CCCC(C3CCCC(CC4CC5CCCCC5C4)C3)C2)CC1
C1CCC(C2CCCCC2)CC1
C1CCC(C2CCC(CC3CCCCC3C3CCCC3)CC2)CC1
C1CCC(CC2CC(CC3CCCC4CCCCC43)C3CC(C4CCCC4)CCC23)CC1
C1CCC(CCCC2CC(CC3CCCCC3)CCC2C2CC3CCCCC3C2)CC1
C1CCC(CCCCCC2CCCCC2C2CCC(C3CCCCC3)CC2)CC1
C1CCC(CC2CCC(C3CCCC(C4CCCCC4)C3)CC2)CC1
C1CCC(C2CCCC(C3CCCCC3C3CCCC3)C2)CC1
C1CCC(CC(CC2CCCCC2)CC2CCCCC2CC2CCCCC2)CC1
C1CCC(CC2CCC3CC(C4CCCCC4)CCC3C2)CC1
C1CCC(C2CCC(C3CCCCC3CC3CCC4CCCC4C3)CC2)CC1
C1CCC(CC2CCCC(CCC3CC4CCCCC4C3)C2)C1
C1CCC(C2CCC(CC3CCC(C4CCCCC4)CC3)CC2)CC1
C1CCC(CC2CCC(C(CC3CCCC3)C3CCCCC3)CC2)CC1
C1CCC(CCCC2CCC(CC3CCCCC3)CC2)CC1
C1CCC(CC2CCC(C3CCCCC3C3CCC4CCCCC4C3)CC2)CC1
C1CCC(CCC2CCCC(C3CCCCC3)C2)CC1
C1CCC(C2CC(C3CCC4CCCCC43)CC3CCCCC32)CC1
C1CCC(C2CCC(C3CCCC(C4CCCC5CCCCC54)C3)CC2)CC1
C1CCC(CC2CCC(C3CC(C4CCCCC4)C4CCCCC34)CC2)CC1
C1CCC(CC2CCC(CCCC3CCCCC3C3CCCCC3)CC2)CC1
C1CCC(CC2CCC(C3CCCC(C4CCCCC4)C3)C(C3CCCC3)C2)CC1
C1CCC(C2CCCC(C3CC(C4CC5CCCCC5C4)C4CCCCC34)C2)CC1
C1CCC(CCC2CC(C3CCCCC3)CC(C3CCCCC3)C2)CC1
C1CCC(CC2CCC(CCCC3CC(CC4CC4)CCC3C3CCCCC3)CC2)CC1
C1CCC(CC2CCCCC2CCC2CCCCC2C2CCCC2)CC1
C1CCC(CC2CCC(C3CCCC(C4CCC(C5CC5)CC4)C3)CC2)CC1
C1CCC(C2CCC(C3CCCCC3)CC2)CC1
C1CCC(CC2CCCC(CCC3CCC4CCCCC4C3)C2)C1
C1CCC(C2CCC(CCC3CCCC3)CC2)CC1
C1CCC(C2CCC(C3CCCC(C4CCCCC4)C3)CC2)CC1
C1CCC(C2CCC(C3CCCCC3)CC2)CC1
C1CCC(C2CCCC(CC3CCCCC3C3CCCCC3)C2)CC1
C1CCC(CC2CCCC(C3CCCCC3C3CCCCC3)C2)CC1
C1CCC(C2CCC(CCCC3CCC4CCCCC4C3)CC2)CC1
C1CCC(CC2CCC(CCC3CCCC(C4CCCCC4)C3)CC2)CC1
C1CCC(CCCCC2CCC(C3CCC(C4CCCCC4)CC3)CC2)CC1
C1CCC(CCCC2CCCC(C3CCCCC3)C2)CC1
C1CCC(C2CCC(CC3CCC(CCCC4CCC5CCCCC5C4)CC3)CC2)CC1
C1CCC(CCC2CCC(CC3CCCCC3)CC2)CC1
C1CCC(CCC2CCCC(CCCC3CC4CCCCC4C3)C2)CC1
C1CCC(CC2CCCCC2CCCC2CCCCC2CC2CCCCC2)CC1
C1CCC(CCC2CCCC(CCCC3CCC(C4CCCCC4)CC3)C2)CC1
C1CCC(CCCCC2CCC(CCC3CCCCC3C3CCC4CCCC4C3)CC2)CC1
C1CCC(CCC2CCCC(C3CCCC(CC4CCCCC4)C3)C2)CC1
C1CCC(CC2CCCCC2C2CCC(C3CCCCC3)CC2)CC1
C1CCC(CC2CCCC(C(CC3CCCCC3)CC3CC4CCCCC4C3)C2)CC1
C1CCC(CCC2CCC(CC3CCCC(CCC4CCCCC4)C3)CC2)CC1
C1CCC(CC2CCCCC2C2CCCC(CCCC3CCC(C4CCCCC4)CC3)C2)CC1
C1CCC(CC2CC(C3CCC(C4CCCC4)CC3)C3CCCCC23)CC1
C1CCC(CC2CCC(C3CCC(C4CCCCC4)C(CC4CCCC4)C3)CC2)CC1
C1CCC(CC2CCC(CCC(C3CCCCC3)C3CCCCC3)C(C3CCCCC3)C2)CC1
C1CCC(CCC2CCCC(CC3CCCC(C4CCC(CC5CCCCC5)CC4)C3)C2)CC1
C1CCC(C2CCCCC2C2CCCCC2C2CCC3CCCCC3C2)CC1
C1CCC(CC2CCCCC2C2CCC(C3CCCC(C4CCCC4)C3)CC2)CC1
C1CCC(C2CCCC(C(C3CCCCC3)C3CC3)C2)CC1
C1CCC(CCCC2CCC(CC3CCCCC3)CC2)CC1
C1CCC(CCC2CCCC(C3CCCCC3)C2)CC1
C1CCC(C2CCCCC2CC2CCCC(CC3CC4CCCCC4C3)C2)CC1
C1CCC(CCCCCC2CCCC(C3CCCC(CC4CCCCC4)C3)C2)CC1
C1CCC(CCCC2CCC(C3CCCCC3)CC2)CC1
C1CCC(C2CCCC(CC3CC(C4CCCCC4)C4CCCCC34)C2)CC1
C1CCC(C2CC(C3CCC4CCCCC43)CC3CCC(C4CCCC4)CC32)CC1
C1CCC(CCC2CCCCC2C2CCC3CCCCC32)CC1
C1CCC(CCC2CCCC(CC3CCCCC3)C2)CC1
C1CCC(CC2CC(C3CCCC3)C3CC(C4CCC5CCCCC5C4)CCC23)CC1
C1CCC(CCCC2CCC(CCC3CCC(C4CCCC(C5CCC5)C4)CC3)CC2)CC1
C1CCC(C2CCC(C3CCCC(CC4CC5CCCCC5C4)C3)CC2)CC1
C1CCC(CCC2CCCCC2)CC1
C1CCC(CCCC2CCC(CC3CCCC(C4CCCC4)C3)CC2)CC1
C1CCC(CC2CCC(CC3CCC(C4CCCCC4)CC3)CC2)CC1
C1CCC(CCC2CCCC(C3CCCC(CC4CC4)C3)C2)CC1
C1CCC2C(C1)CCC2CC1CCCC(C2CCCCC2C2CCCCC2C2CCCC2)C1
C1CCC(CC2CCCC(C3CCCCC3)C2)CC1
C1CCC(CCC2CCC(CCCC3CCC(C4CCCCC4)CC3)CC2)CC1
C1CCC(C2CCC(C3CCCCC3)CC2)CC1
C1CCC(C2CCCC(C3CCCCC3C3CCCCC3)C2)CC1
C1CCC(C2CCCC(CC3CCC(C4CCCC4)CC3)C2)CC1
C1CCC(CC2CCC(C3CCCCC3)C(C3CCCC3)C2)CC1
C1CCC(CCCCC2CCC(C3CCC(C4CCCC(CC5CCCCC5)C4)CC3)CC2)CC1
C1CCC(CCCCC2CCC(C3CCC(C4CCCC4)CC3)CC2)CC1
C1CCC(CC2CCC(CC3CCC4C(CCCC4CC4CCCCC4C4CCCCC4)C3)CC2)CC1
C1CCC(CC2CCCCC2CC2CCCCC2)CC1
C1CCC(C2CCCCC2)CC1
C1CCC(CC2CCCCC2CCCC2CCC(C3CCCC(CC4CCC5CCCCC5C4)C3)CC2)C1
C1CCC(C2CCCC(C3CCCCC3C3CCCCC3)C2)CC1
C1CCC(C2CCC(C3CCC4CCCCC4C3)CC2)CC1
C1CCC(C2CCCCC2C2CCC(C3CCCC3)CC2C2CCCC2)CC1
C1CCC(CC2CCCC(C(C3CCCCC3)C3CCCCC3)C2)CC1
C1CCC(C2CCC(C3CCC4CCCCC43)CC2C2CCCC2)CC1
C1CCC(C2CCCCC2)CC1
C1CCC(CCCCCC2CCC(C3CCCCC3)C(CC3CC3)C2)CC1
C1CCC(C2CC(C3CCCCC3)C3CCCCC23)CC1
C1CCC(CCCC2CCCCC2C2CCCCC2)CC1
C1CCC(CCCC2CCCC(C3CCCCC3)C2)CC1
C1CCC(CCC2CCCC(C3CCC3)C2)CC1
C1CCC(CC2CCCC(C3CC4CCC(CC5CCCCC5)CC4C3)C2)CC1
C1CCC(CCCC2CCCCC2CC2CCCCC2)CC1
C1CCC(C2CCCC(C3CCC(CC4CCC5CCCCC54)CC3)C2)CC1
C1CCC(CCC2CCC(CC3CCCCC3)CC2)CC1
C1CCC(CC2CCCC(C3CC(CCC4CCC5CCCCC5C4)CC(C4CCCC4)C3)C2)CC1
C1CCC(CCCC2CCCC(C3CCCC(CC4CCCCC4)C3)C2)CC1
C1CCC(C2CCC(CC3CCC(C4CCCCC4)CC3)CC2)CC1
C1CCC(CCCCC2CCC(C3CCCCC3)CC2)CC1
C1CC(CC2CC3CCCCC3C2)CC(C2CCC(CC3CCC(CC4CC5CCCCC5C4)CC3)CC2)C1
C1CCC(CC2CC(C3CCCCC3)CC(C3CCCC3)C2)CC1
C1CCC(CCCC2CCC(CC3CCC(CCC4CCCCC4)CC3)CC2)CC1
C1CC(CC2CC3CCCCC3C2)CC(C2CCC(C3CCC(C4CCCCC4C4CCCC4)CC3)CC2)C1
C1CCC(CCC2CCC(CC3CCC(C4CCCCC4)CC3)CC2)CC1
C1CCC(C2CCC(C3CCC3)CC2)CC1
C1CCC(CC2CCC(C3CC(C4CCC5CCCCC54)CC4CCCCC43)CC2)CC1
C1CCC(CC2CCC(C3CCC(C4CCCCC4)CC3)CC2)CC1
C1CCC(CC2CCC(CCCC3CCCC(C4CCCC4)C3)CC2)CC1
C1CCC(C2CCCCC2C2CCCCC2)CC1
C1CCC(CC2CCC(C3CCCCC3C3CCCCC3)CC2)CC1
C1CCC(CCCCC2CCCC(CC3CCCCC3)C2)CC1
C1CCC2CC(C3CCC(C4CCCCC4C4CCCC(CC5CC5)C4)CC3)CC2C1
C1CCC(CC2CCC3CC(C4CCC(C5CCCCC5)CC4)CCC3C2)CC1
C1CCC(CC2CC(C3CCCC(C4CCCCC4)C3)C3CCCCC23)CC1
C1CCC(C2CCC(CCC3CCC(C4CCCC4)CC3)CC2)CC1
C1CCC(C2CCCC(C3CCC(C4CCCCC4C4CCCC4)CC3)C2)CC1
C1CCC(C2CCC(CC3CCCC(C4CCCCC4C4CCCC4)C3)CC2)C1
C1CCC(CC2CCC(CC3CCC(CC4CC(C5CCC6CCCCC65)CCC4C4CCCCC4)CC3)CC2)CC1
C1CCC(CC2CCCCC2C2CCC(C3CCCCC3)CC2C2CCCCC2)CC1
C1CCC(C2CCC3C(CCCC3C3CCC(C4CCCC5CCCCC54)CC3)C2)CC1
C1CCC(CC2CC(C3CCC(C4CCCCC4)CC3)C3CCCCC23)CC1
C1CCC(C2CC(C3CCCC(C4CCCC4)C3)C3CCCCC23)CC1
C1CCC(CCC2CCCC(C3CCC(C4CCCCC4)CC3)C2)CC1
C1CCC(CCC2CCCC(CC3CCC(C4CCCCC4)CC3)C2)CC1
C1CCC(C2CCC(C3CCCC(C4CCCCC4C4CCCCC4)C3)CC2)CC1
C1CCC(C2CCCC(C3CCCC(C4CCCCC4)C3)C2)CC1
C1CCC(C2CCCCC2)CC1
C1CCC(CC2CCCCC2C2CCCCC2)CC1
C1CCC(CC2CCC(CC3CCC(CCC4CCC(C5CCCCC5)CC4)CC3)CC2)CC1
C1CCC(C2CCC(C3CCCC(C4CCCC(C5CCCCC5)C4)C3)CC2)CC1
C1CCC(C2CCCC(C3CC3)C2)CC1
C1CCC(CC2CCC(CCC3CCCCC3C3CCCCC3)CC2)CC1
C1CCC(C2CCCCC2C2CCCCC2)CC1
C1CCC(C2CCCC(CCC3CC4CCCCC4C3)C2)CC1
C1CCC(CC2CCC(C3CCC(CC4CCCCC4)CC3)CC2)CC1
C1CCC(C2CCC3CCC(C4CCCC(CCC5CC6CCCCC6C5)C4)C3C2)CC1
C1CCC(C2CCC(CC3CCC(C4CCCCC4)CC3)CC2)CC1
C1CCC(C2CCC(CC3CC3)CC2CCC2CCCC(C3CCC4CCCCC43)C2)CC1
C1CCC(CCC2CCC(C3CCCCC3)CC2)CC1
C1CCC(CCC2CCCCC2)CC1
C1CCC(CCCC2CCC(CC3CCCCC3)CC2)CC1
C1CCC(CC2CCCC(C3CCC(C4CCCC4)CC3)C2)CC1
C1CCC(C2CC(C3CCCCC3)C(C3CCC4CCCC4C3)C2)CC1
C1CCC(CCCC2CCC(CC3CCCC4CCC(C5CCCCC5)CC43)CC2)CC1
C1CCC(CCC2CCC3C(C2)C(C2CCCC2)CC3C2CCCCC2C2CCCC(C3CCCC3)C2)CC1
C1CCC(C2CCC(C3CCCCC3C3CCCCC3)CC2)CC1
C1CCC(CC2CC(CC3CCCCC3C3CCCCC3)CC(C3CCCCC3)C2)CC1
C1CCC(C2CCCC(CC3CCCC(C4CCCCC4)C3)C2)CC1
C1CCC(CC2CCC(CC3CCC4CCC(C5CCCCC5)CC4C3)CC2)CC1
C1CCC(C2CCCC(C3CCCCC3C3CCCCC3)C2)CC1
C1CCC(CC2CCCC(C3CCC(C4CCCC4)CC3)C2)CC1
C1CCC(C2CCCC(CCC3CCC4CCCCC4C3)C2)CC1
C1CCC(CCCC2CCCCC2C2CCC3C(CC4CCCCC4)CCCC3C2)CC1
C1CCC(CC2CCC(C3CCC4CCCCC4C3)CC2)C1
C1CCC(CCCC2CCC(CC3CCC(CC4CCCC4)CC3)CC2)CC1
C1CCC(CC2CCC(C3CCCCC3)C2)CC1
C1CCC(CC2CCC(C3CCCC(C4CCCCC4CC4CCC(C5CCCC5)CC4)C3)CC2)C1
C1CCC(CC2CCC3C(C2)C(CC2CCCCC2)CC3C2CCCCC2)CC1
C1CCC(CCCC2CCCC(C3CCC(C4CCCCC4)CC3)C2)CC1
C1CCC(CC2CCC(CCCCC3CCC(C4CCCCC4)CC3)CC2)CC1
C1CCC(C2CCCCC2C2CCCC(C3CCCCC3C3CCCC3)C2)C1
C1CCC(CCC2CCCC(CCC3CCCCC3C3CCCCC3)C2)CC1
C1CCC(C2CCCCC2C2CCCCC2C2CCCC2)C1
C1CCC(CC2CCC(CCC3CCCC(CC4CCC5CCCCC54)C3)CC2)C1
C1CCC(CCCC2CCC(CCC3CCC(CC4CCCCC4)CC3)CC2)CC1
C1CCC(CCC2CCC(C3CCCCC3)CC2)CC1
C1CCC(C2CCC(C3CCCCC3C3CCCC3)C(C3CCCC3)C2)CC1
C1CCC(CC2CCCC(C3CC(C4CCC(CCC5CCC6CCCCC6C5)CC4)C4CCCCC34)C2)CC1
C1CCC(CC2CCC(CCCC3CCC(C4CCCCC4)CC3)CC2)CC1
C1CCC(CC2CCC(CC3CCC4CC(C5CCCC(C6CCCCC6)C5)CCC4C3)CC2)CC1
C1CCC(CCC2CC(C3CCCCC3)CCC2CC2CCCCC2)CC1
C1CCC(CCC2CCC(CCCC3CCCC(C4CCCCC4)C3)CC2)CC1
C1CCC(CCC2CCC(CC3CCCCC3)CC2)CC1
C1CCC(CCCCCC2CCC(C3CCCCC3CC3CCCC3)CC2)CC1
C1CCC(CC2CCCC(C3CCC(C4CCCCC4)CC3)C2)CC1
C1CCC(CC2CCC(CCC3CCCCC3CC3CCCCC3)CC2)CC1
C1CCC(CC2CCC(CC3CCCCC3C3CCCCC3)CC2)CC1
C1CCC(CC2CCCCC2C2CCCC(C3CCCCC3)C2)CC1
C1CCC(CCCCC2CCCCC2CC2CCCCC2)CC1
C1CCC(C2CCCC(C3CCC(C4CCCC4)CC3C3CCCCC3)C2)CC1
C1CCC(CCCCC2CCC(CCCCC3CCCCC3)CC2)CC1
C1CCC(C2CCC(C3CCC(CC4CCC(C5CCCCC5)CC4C4CCCCC4)CC3)C2)CC1
C1CCC(C2CCC(CC3CCCCC3C3CCC4CCCC4C3)CC2)CC1
C1CCC(CC2CCCC(CC3CCCC(C4CCC(CC5CCCC5)CC4)C3)C2)CC1
C1CCC(C2CCC(CC3CCCC(C4CCCC4)C3)CC2)CC1
C1CCC(CCCCC2CC(C3CCCCC3C3CCCCC3)C3CCCCC23)CC1
C1CCC(CCC2CCCCC2C2CCCCC2)CC1
C1CCC(CC2CCC(CC3CCC(C4CCCCC4)C3)C(C3CCCCC3)C2)CC1
C1CCC(CC2CCCC(C3CCCCC3)C2)CC1
C1CCC(CCCCCC2CC(CCC3CCCCC3)CC(C3CCCCC3)C2)CC1
C1CCC(CCC2CCCC(C3CCCC(CC4CCCCC4)C3)C2)CC1
C1CCC(C2CCC(C3CCCCC3C3CCCCC3)CC2)CC1
C1CCC(CCCCC2CCC(C3CCCCC3)CC2)CC1
C1CCC(C2CCCCC2C2CCC(CCCC3CCC3)CC2C2CCCCC2)CC1
C1CCC(C2CCCCC2C2CCCCC2)CC1
C1CCC(CC2CCCCC2C2CCCCC2)CC1
C1CCC(CCC2CCCC(CC3CCCCC3)C2)CC1
C1CCC(C2CCC(CC3CC3)CC2)CC1
C1CCC(CCC2CC(CC3CCCCC3)CCC2CC2CCC(CCC3CCCC3)CC2)CC1
C1CCC(CC2CCC(C3CCC(C4CCC5CCCC5C4)CC3)CC2)CC1
C1CCC(C2CCC(CCC3CCCC(CCC4CCC5CCCCC5C4)C3)CC2)CC1
C1CCC(CCCC2CCC(C3CCCC(CCCC4CCCC4)C3)CC2)CC1
C1CCC(CC2CCC(C3CCCC3)CC2)CC1
C1CCC(C2CCC(C3CCC(C4CCCC4)CC3)CC2)CC1
C1CCC(C2CCC(CCC3CCCC(CCC4CCCC4)C3)CC2)CC1
C1CC(CC2CCC(CCC3CC3)CC2)CC(CC2CCC(CC3CC4CCCCC4C3)CC2)C1
C1CCC(C2CCCC(C3CCCC3)C2C2CCCCC2)CC1
C1CCC(CC2CCC(CC3CCC(C4CCCC(C5CCC6CCCCC6C5)C4)CC3)CC2)CC1
C1CCC(CCC2CCCC(C3CCCC(C(CC4CCCCC4)C4CCCCC4)C3)C2)CC1
C1CCC(CCC2CCCCC2C2CCCCC2)CC1
C1CCC(CCCCC2CCCC(C3CCCCC3)C2)CC1
C1CCC2C(C1)CCC2C1CCCC1
C1CCC(C2CCCCC2C2CCCCC2)CC1
C1CCC(CC2CCC(C3CCCCC3)CC2)CC1
C1CCC(C2CCC(C3CCCC(C4CCCCC4)C3)CC2)CC1
C1CCC(C2CC(C3CCCCC3)CC(C3CCCC3C3CCCCC3)C2)CC1
C1CCC(C2CCCCC2CC2CCCC(CC3CCCC3)C2)CC1
C1CCC(CC2CCCC(C3CCC(CC4CCC(C5CC5)CC4)CC3)C2)CC1
C1CCC(C2CCC(C3CCC(C4CCCCC4C4CCCC4)C3)CC2)CC1
C1CCC(C2CCCC(CC3CCC(C4CCC5CCCCC5C4)CC3)C2)CC1
C1CCC(C2CCCC(C3CCC(C4CC(C5CCCC(C6CCCCC6)C5)C5CCCCC45)CC3)C2)CC1
C1CCC(C2CCC(C(C3CCCCC3)C3CC3)CC2)CC1
C1CCC(CCCC2CCCC(CC3CCCCC3)C2)CC1
C1CCC(CC2CC(C3CCC4CCCCC43)CC3CCCCC32)CC1
C1CCC(CCC(CCCC2CCC(C3CCC(CC4CCCCC4)CC3)C2)C2CCCCC2)CC1
C1CCC(C2CCCC(C3CCCC(C4CCCCC4)C3)C2)CC1
C1CCC(CC2CCC(C3CC(CC4CC4)CC(C4CCCCC4C4CCCCC4)C3)C2)CC1
C1CCC(CC2CCCC(C3CCC(CCCC4CCC5CCCCC54)CC3)C2)CC1
C1CCC(C2CCC(CC3CCC(CCCC4CCCC4)CC3)CC2)CC1
C1CCC(CCCC2CCCCC2C2CC(C3CC4CCCCC4C3)C3CCCCC32)C1
C1CCC(CCC2CCCC(CCC3CCC(CC4CCCCC4)CC3)C2)CC1
C1CCC(CCC2CCCC(CC3CCCCC3)C2)CC1
C1CCC(CCC2CCC(C3CCCC(C4CCCCC4)C3)CC2)CC1
C1CCC(CC2CCC(CC3CCC4C(CC5CCCCC5)CCC4C3)CC2)CC1
C1CCC(C2CCC(CC3CCC(C4CCCCC4C4CCCCC4)CC3)C(C3CCCC3)C2)CC1
C1CCC(C2CCCC(C3CCCC(CC4CCCCC4CC4CC4)C3)C2)C1
C1CCC(C2CCC(CC3CCCC3)C(C3CCC4CCCC4C3)C2)CC1
C1CC(CC2CCCC(C3CCC(C4CC(C5CCCC5)C5CCCCC45)CC3)C2)C1
C1CCC(CC2CCCCC2CCC2CCCC(C3CCCCC3)C2)CC1
C1CCC(CC2CCC(CCCC3CCCCC3CC3CCCCC3)C(C3CCC4CCCC4C3)C2)CC1
C1CCC(C2CCC(C3CCCCC3)CC2)CC1
C1CCC(CC2CCCC(CC3CCCCC3)C2)CC1
C1CCC(CCCCC2CCC3CC(C4CCC5CCCCC54)CCC3C2)CC1
C1CCC(CCCC2CCC(CCCC3CCC(C4CCCCC4)CC3)CC2)CC1
C1CCC(C2CCC(CCCCC3CCCCC3C3CCCCC3)CC2)CC1
C1CCC(CC2CC(CC3CCC(C4CCCCC4)CC3)C3CCCCC23)CC1
C1CCC(CCCC2CCCC(C3CCCCC3)C2)CC1
C1CCC(CC(C2CCCCC2)C2CCCCC2)CC1
C1CCC(CCCCC2CCC3C(CCC3C3CCCC(CC4CCCCC4)C3)C2)CC1
C1CCC(CCC2CCCCC2)CC1
C1CCC(CC2CCC(CC3CCCCC3)CC2)CC1
C1CCC(CC2CCCC(C3CCCC(C(C4CCCCC4)C4CCCCC4)C3)C2)CC1
C1CCC(CCC2CCC(CC3CCC(CC4CCCCC4)CC3)CC2)CC1
C1CCC(C2CCCCC2)CC1
C1CCC(CC2CCCC(C3CC3)C2)CC1
C1CCC(CCCCCC2CCC(CC3CCC(CC4CCCCC4)CC3)CC2)CC1
C1CCC(C2CCCC3CCC(CC4CCCCC4C4CCCC4)CC32)CC1
C1CCC(C2CCC(C3CCC(C4CCCCC4)CC3)CC2)CC1
C1CCC(CC2CCCC(C3CCCCC3C3CCCCC3)C2)CC1
C1CCC(C2CCCC(C3CCC4CCCCC4C3)C2)CC1
C1CCC(CC2CCC(C3CCC(C4CCC(C5CC(CC6CCCC6)C6CCCCC65)CC4)C3)CC2)CC1
C1CCC(C2CCCC(CCC3CCC(C4CCCCC4)C3)C2)CC1
C1CCC(CC2CCC(CCC3CCCCC3C3CCCCC3)CC2)CC1
C1CCC(C2CCCC(C3CCC(C4CCCC(CC5CCC6CCCCC65)C4)C3)C2)CC1
C1CCC(C2CCCCC2C2CCCCC2)CC1
C1CCC(CC2CC(C3CCCCC3)C(C3CCCC3)C(C3CCCCC3)C2)CC1
C1CCC(C2CCCC(C3CCC4CC(C5CCC(CCC6CCCC6)CC5)CCC43)C2)CC1
C1CCC(CC2CCC(CC3CCCCC3)CC2)CC1
C1CCC(CCC2CCCC(CC3CC4CCCC(C5CCCCC5)C4C3)C2)CC1
C1CCC(CC2CCC(C3CCC(C4CCCCC4)CC3)C(C3CCCC(C4CCCCC4)C3)C2)CC1
C1CCC(C2CCCCC2C2CCC(C3CCCCC3C3CCCC3)CC2)CC1
C1CCC(CC2CCCC(CCC3CCCC4CCCCC43)C2)CC1
C1CCC(CCC2CCCC(CCC3CCC(C4CCCCC4)C(C4CCCC4)C3)C2)CC1
C1CCC(CC2CCCCC2C2CCC(CC3CCC3)CC2)CC1
C1CCC(C2CCCCC2)CC1
C1CCC(CCCC2CCCCC2)CC1
C1CCC(CCCC2CCC(C3CCC(CC4CC5CCCCC5C4)CC3)CC2)CC1
C1CCC(CCC2CC(C3CCCCC3)CC(CC3CCCCC3)C2CCCC2CCC3CCCC3C2)CC1
C1CCC(CC2CC(C3CCC(C4CCCCC4)CC3)C3CCCCC23)CC1
C1CCC(CCCCC2CCC(C3CCCCC3)CC2)CC1
C1CCC(CCC2CCCCC2C2CCCCC2)CC1
C1CCC(C2CCCCC2)CC1
C1CCC(C2CCC(CC3CCC(C4CCCCC4)CC3)CC2)CC1
C1CCC(CCCC2CCC(C3CCCCC3C3CCCC4CCCCC43)CC2)CC1
C1CCC(CCC2CCCCC2)CC1
C1CCC(CC2CCCCC2CC2CCCCC2C2CCCCC2C2CCC2)CC1
C1CCC(CC2CCCC(CC3CCC(CCC4CC5CCCCC5C4)CC3)C2)CC1
C1CCC(C2CCC(C3CCCC(CC4CCCC4)C3)C(C3CCCC3)C2)CC1
C1CCC(CCC2CCC(C3CCCCC3)CC2)CC1
C1CCC(CC2CCCC(C3CCC(C4CCCCC4)C3)C2)CC1
C1CCC(CC2CCC(CC3CCC(CC4CCCCC4)CC3)CC2)CC1
C1CCC(C2CCCC(CC3CCC(CCC4CCCC4)CC3)C2)CC1
C1CCC(CC2CCC(CCCCC3CCC(C4CCC5CCCCC54)CC3)CC2)CC1
C1CCC(CCC2CCC3CC(C4CCC5CCCCC54)CC(C4CCCCC4)C3C2)CC1
C1CCC(CCC2CCCC(CCC3CCCCC3)C2)CC1
C1CCC(CCC2CCC(CC3CCC(C4CCC(C5CCCCC5)CC4)CC3)CC2)CC1
C1CCC(CC2CCC(CCC3CCC(C4CCCC4)CC3)CC2)CC1
C1CCC(CC2CCC(C3CCCCC3)CC2)CC1
C1CCC(CC2CCC(CC3CCC(C4CCC5C(CCCC5C5CCCCC5)C4)CC3)CC2)CC1
C1CCC(C2CCC(CCC3CC(C4CCCCC4)C4CCCCC34)CC2)CC1
C1CCC(CCC2CCCCC2C2CCC3CCC(CC4CCCCC4)CC3C2)CC1
C1CCC(C2CCCC(C3CCCC(C4CCCC(C5CCC5)C4)C3)C2)CC1
C1CCC(C2CCCC(CCCC3CCC(C4CCCCC4)C3)C2)CC1
C1CCC(CCCC2CCC(C3CCCCC3)CC2)CC1
C1CCC(CCC2CCC(C3CCCCC3)CC2)CC1
C1CCC(CCC2CCCC(C3CCCCC3)C2)CC1
C1CCC(C2CCCC(C3CCCCC3)C2)CC1
C1CCC(C2CCCC(CC3CCCC(C4CCCCC4)C3)C2)CC1
C1CCC(CC2CCC(C3CCCCC3)CC2)CC1
C1CCC(CCC2CCC(CC3CCCC(C4CC4)C3)CC2)C1
C1CCC(C2CCC(CC3CCCC4CCCCC43)CC2)CC1
C1CCC(CCC2CCC(CC3CCCC3)CC2)CC1
C1CCC(CC2CCCCC2)CC1
C1CCC(CC2CCC(C3CCC(C4CCCC(CC5CCCCC5)C4)CC3)CC2)CC1
C1CCC(CCC2CCCCC2)CC1
C1CCC(CC2CCC(CCC3CCC(CC4CCCCC4)CC3)CC2)CC1
C1CCC(CC2CCCCC2)CC1
C1CCC(C2CCC(C3CC(C4CCCCC4)CC3C3CCCCC3)CC2)CC1
C(CCCC1CCC(CC2CCC(CCC3CCCCC3)CC2)CC1)CCC1CCCCC1
C1CCC(CCC2CCC(C3CCCCC3)CC2C2CCCCC2)CC1
C1CCC(CCC2CCCCC2)CC1
C1CCC(CCCCC2CCCC(C3CCCCC3C3CCCCC3)C2)CC1
C1CCC(C2CCC(CC3CCC4CCCCC4C3C3CCC4CCCCC4C3)CC2)CC1
C1CCC(C2CCCC(C3CCCC4CC(C5CCCCC5CC5CC5)CC43)C2)CC1
C1CCC(CCCC2CCC(C3CCCCC3)CC2CCC2CCCCC2)CC1
C1CCC(C2CCCC(C3CCC(C4CCC5CCCCC54)CC3)C2)CC1
C1CCC(CCC2CC(C3CCCCC3)CC(C3CCCCC3C3CCCC3)C2)CC1
C1CCC(CC2CCC(CCC3CC4CCCCC4C3)CC2)CC1
C1CCC(CCCCC2CCC(CCC3CCC(C4CCCCC4)CC3)CC2)CC1
C1CCC(CCCC2CCC(CC3CCCCC3)CC2)CC1
C1CCC(CCC2CC(CC3CCCCC3)CCC2CC2CCCCC2)CC1
C1CCC(CCC2CCCC(C3CCC(CC4CCCCC4)CC3C3CCCCC3)C2)CC1
C1CCC(C2CCC(CC3CCC(CC4CC5CCCCC5C4)CC3)C2)CC1
C1CCC(CCCC2CCCC(CCC3CCC3)C2)CC1
C1CCC(C2CCCC(C3CCCCC3)C2)CC1
C1CCC(CC2CCCCC2CCC2CCCCC2C2CCCCC2)CC1
C1CCC(CCCC2CCCC(C3CCCC(CCC4CCCCC4)C3)C2)CC1
C1CCC(C2CC(C3CCCCC3)C(C3CCC4CCCC4C3)C(C3CCCC3)C2)CC1
C1CCC(C2CCCC(CC3CCC4CCCCC4C3)C2)CC1
C1CCC(CCCCCC2CCCC(C3CCCC(C4CCCCC4)C3)C2)CC1
C1CCC(CC2CCC(CCC3CCC(C4CCCCC4)CC3)CC2)CC1
C1CCC(C2CCC(CC3CCC(C4CC4)CC3)CC2)CC1
C1CCC(CCCCC2CCCC(CCC3CCC(C4CCC5CCCC5C4)CC3)C2)CC1
C1CCC(C2CC(CC3CCCCC3C3CCC4CCCC4C3)C3CCCCC32)CC1
C1CCC(CCC2CC3CCC(C4CCCC4)CC3C(CC3CCCCC3)C2)CC1
C1CCC(CC2CCC(CC3CCCC(CC4CCCC(CC5CCC6CCCCC65)C4)C3)CC2)CC1
C1CCC(CC2CCCC(C3CCCCC3)C2)CC1
C1CCC(CC2CCCC(C3CCCCC3C3CCCCC3)C2)CC1
C1CCC(CC2CCC(CCC3CCCC(C4CCCCC4)C3)C(CC3CCCCC3)C2)CC1
C1CCC(C2CCCC(C3CCCC(CCCC4CCCC5CCCCC54)C3)C2)CC1
C1CCC(C2CC(C3CCC4CCCCC43)CC3CCCCC32)CC1
C1CCC(CC2CCC(C3CCCCC3)CC2)CC1
C1CCC(CCCCC2CCC(CC3CCC(CC4CCC5CCCCC5C4)CC3)CC2)CC1
C1CCC(C2CCC(C3CCCCC3C3CCCCC3)CC2)CC1
C1CCC(C2CCCC(CC3CCCC(C4CCCC(C5CCCCC5)C4)C3)C2)CC1
C1CCC(CC2CC3CCC(C4CCCCC4)CC3C(CC3CCCCC3)C2)CC1
C1CCC(C2CCCC(CC3CCCCC3C3CCCC3)C2)CC1
C1CCC(C2CCC(C3CCC(CC4CC4)CC3)CC2)CC1
C1CCC(CCC2CCC(CCC3CCCC(CC4CC4)C3)C(C3CCC4CCCC4C3)C2)CC1
C1CCC(CC2CCC(CC3CCC(C4CCCCC4)CC3)CC2)CC1
C1CCC2CC(C3CCCCC3CC3CC4CCCCC4C3)CCC2C1
C1CCC(CC2CCC(CC3CCC(CCC4CC5CCCCC5C4)CC3)CC2)CC1
C1CCC(CCC2CCC(CC3CCCCC3)CC2)CC1
C1CCC(C2CCC(C3CCCC(C4CCCC(C5CCCC5)C4)C3)CC2)CC1
C1CCC(C2CCCC(C3CC(CC4CCCC4)C4CCCCC43)C2)CC1
C1CCC(C2CCCC2C2CC(C3CCC4CCCC4C3)CCC2C2CCCC2)CC1
C1CCC(C2CCC(C3CCCCC3)C(CCC3CCCC3)C2)CC1
C1CCC(CC2CCC(C3CCCCC3)CC2)CC1
C1CCC(CC2CCC(CC3CCC(C4CCCCC4)CC3)CC2)CC1
C1CCC(C2CCC3CC(C4CCCC(C5CCC6CCCCC65)C4)CCC32)C1
C1CCC(CC2CCC(CCC3CCCCC3C3CCC4CCCCC4C3)CC2)CC1
C1CCC(CCC2CC3CCC(C4CCCCC4)CC3C(CC3CCCCC3)C2)CC1
C1CCC(CC2CCCC(C3CCCCC3)C2)CC1
C1CCC(C(CC2CCCCC2C2CCC3CCCC3C2)C2CCCCC2)CC1
C1CCC(C2CCC(C3CCCCC3)C(C3CCCC3)C2)CC1
C1CCC(CC2CCCCC2C2CCCCC2)CC1
C1CCC(CCC2CCCC(C3CCCCC3)C2)CC1
C1CCC(CC2CCC(C3CCCC(CCC4CCC(C5CCCCC5)CC4)C3)CC2)CC1
C1CCC(CC2CCC(CC3CCC(C4CCCCC4)CC3)C(CC3CCCCC3)C2)CC1
C1CCC(CC2CCC(C3CCCCC3C3CCC4C(CCCC4C4CCCCC4)C3)CC2)CC1
C1CCC(CC2CCCC(C3CCCCC3)C2)CC1
C1CCC(CCC2CCCCC2C2CCCCC2)CC1
C1CCC(CCCCC2CCCC(CC3CCCC3)C2)CC1
C1CCC(CCC2CCCC(C3CC(CC4CCCCC4)C4CCCCC43)C2)CC1
C1CCC(CCCC2CCCC(CC3CCCCC3C3CCCC3)C2)CC1
C1CCC(C2CCCC(C3CCCCC3)C2)CC1
C1CCC(C2CC(C3CCCC3)CC2C2CCCCC2CC2CC3CCCCC3C2)CC1
C1CCC(C2CCCC(C3CCCC(C4CCCC5CC(C6CCCCC6C6CCC6)CCC54)C3)C2)CC1
C1CCC(CCC2CCC(CCC3CCCCC3)CC2)CC1
C1CCC(CC2CCC(C3CCCCC3)C(C3CCC4C(CCC4C4CCCC4)C3)C2)CC1
C1CCC(CC2CCCC(CCC3CCCC(C4CC4)C3)C2)CC1
C1CCC(CCC2CCCC(CCC3CC(C4CCCCC4)C4CCCCC34)C2)CC1
C1CCC(CCCC2CCCCC2)CC1
C1CCC(C2CCC3C(CCCC3C3CCCC(C4CCCCC4C4CCCCC4)C3)C2)CC1
C1CCC(CCC2CCCC(C3CCC(C4CCCC(C5CCCCC5)C4)CC3)C2)CC1
C1CCC(CC2CCC(CC3CCCC(CC4CC(C5CCCC5)C5CCCCC45)C3)CC2)C1
C1CCC(CC2CCC(CCCC3CCCC(C4CCCC4)C3)CC2)CC1
C1CCC(C2CCC(CC3CCC(CC4CCCC4)CC3)CC2)CC1
C1CCC(CC2CCC(CC3CCCC(C4CCC5CCCCC54)C3)CC2)CC1
C1CCC(CC2CCC(CCC3CCCC(C4CCCCC4)C3)CC2)CC1
C1CCC(C2CCCCC2C2CCCCC2)CC1
C1CCC(CCCC2CCC(CCC3CCCC(C4CCCCC4)C3)CC2)CC1
C1CCC(CC2CCC(C3CCCCC3)CC2)CC1
C1CCC(CC2CCC(CC3CCC(C4CCC5C(CCC5C5CCCCC5)C4)CC3)CC2)CC1
C1CCC(CC2CCC(CC3CCCCC3C3CCCCC3)CC2)CC1
C1CCC(CCCCC2CCCC(C3CCC(C4CCCC4)CC3)C2)CC1
C1CCC(C2CCC(CCC3CCCC(C4CCCC(C5CCCCC5)C4)C3)CC2)CC1
C1CCC(CC2CCCCC2CCC2CCC(C3CCCCC3)CC2)CC1
C1CCC(CCC2CCC(CCC3CCCCC3)CC2)CC1
C1CCC2CC(C3CCC(C4CC(CC5CC6CCCCC6C5)C5CCCCC54)CC3)CCC2C1
C1CCC(CC2CCC(CC3CCC(C4CC4)CC3)CC2)CC1
C1CCC(C2CCC(C3CCCCC3)CC2)CC1
C1CCC(CCCC2CCC(C3CCCCC3)C2)CC1
C1CCC(C2CCCC(CCCC3CCC(CCC4CC5CCCCC5C4)CC3)C2)CC1
C1CCC(CC2CCCC(C3CCCCC3C3CCCC3)C2)C1
C1CCC(CC2CCC(CCCC3CCC(CC4CCCCC4)CC3)CC2)CC1
C1CCC(CC2CCCC(C(C3CCCCC3)C3CCC4CCCC4C3)C2)CC1
C1CCC(CC2CCC(C3CCC(CC4CCC(C5CCCCC5)CC4)C3)CC2)CC1
C1CCC(CC2CCC(C3CCCC(C4CCCCC4)C3)CC2)CC1
C1CCC(CCCC(C2CCCCC2)C2CCC(CCC3CCCC(C4CCC4)C3)CC2)CC1
C1CCC(CC2CCC(CC3CCCCC3C3CCCCC3)CC2)CC1
C1CCC(CC2CCC(C(C3CCCCC3)C3CCCCC3)CC2)CC1
C1CCC(CC2CCC(CC3CCCCC3)CC2)CC1
C1CCC(CC2CCCC(CC3CCC(C4CCCCC4)C3)C2)CC1
C1CCC(CCC2CCC(CC3CCC(C4CC4)CC3)CC2)CC1
C1CCC(C2CCCCC2)CC1
C1CCC(CCCC2CCC(CC3CC(C4CC5CCCCC5C4)C4CCCCC34)CC2)CC1
C1CCC(CC2CCC(CC3CCC(CC4CCCCC4)CC3)CC2)CC1
C1CCC(CCC2CC(CC3CCCCC3)CC(C3CCCCC3)C2)CC1
C1CCC(CC2CCCC(C3CCCCC3C3CCCC3)C2)CC1
C1CCC(CC2CCCC(CCCCC3CCC(CC4CCC(C5CCCCC5)CC4)CC3)C2)CC1
C1CCC(C2CCC(CC3CCC(C4CCCCC4)CC3)CC2)CC1
C1CCC(C2CCCCC2)CC1
C1CCC(C2CCCCC2)CC1
C1CCC(CCC2CCCC(C3CC(C4CCCCC4)CC(C4CCCC4)C3)C2)CC1
C1CCC(C2CCC(CCC3CC(C4CCCCC4)C4CCCCC34)CC2)CC1
C1CCC(CC2CCC(CC3CCC4CCCCC43)CC2)CC1
C1CCC(CCCC2CCCC(C3CCC(C4CCC4)CC3)C2)CC1
C1CCC(CC2CCCCC2CC2CCCCC2)CC1
C1CCC(CC2CCC(CC3CCCC(CC4CCCCC4)C3)CC2)CC1
C1CCC(CC2CCC(CC3CCCCC3)CC2)CC1
C1CCC(CCC2CCCCC2C2CCCC2)CC1
C1CCC(CC2CC(CC3CCCC(C4CCCC(C5CCCC5)C4)C3)C3CCCCC23)CC1
C1CCC(C2CCC(CCCC3CCCC(C4CC4)C3)CC2)CC1
C1CCC(C2CCCC(C3CCCC(C4CCCCC4)C3)C2)CC1
C1CCC(CCCCC2CCC(CC3CCC(C4CCCCC4)CC3)CC2)CC1
C1CCC(C2CCCC(C3CCCCC3)C2)CC1
C1CCC(C2CCC(CC3CCC4CCCCC43)CC2)CC1
C1CCC(CCC2CCC(C3CCC4CCCC4C3)CC2)CC1
C1CCC(CCC2CCC(CC3CCCCC3)CC2)CC1
C1CCC(C2CCCCC2C2CCCCC2)CC1
C1CCC(C2CCC3CC(C4CCC5CCCCC54)CC(C4CCCCC4)C3C2)CC1
C1CCC(CC2CCC(C3CCCC(C4CCCCC4)C3)CC2)CC1
C1CCC(CC2CCC(CC3CCC(C4CCCCC4)CC3)CC2)CC1
C1CCC(CC2CCC(C3CCCC(C4CCCCC4)C3)CC2)CC1
C1CCC(CC2CCCC(C3CCC(C4CCC(CC5CC5)CC4)CC3)C2)CC1
C1CCC(CCCC2CC(CCC3CCCC(CC4CC4)C3)CC(C3CCCCC3)C2)CC1
C1CCC(CCC2CCCC(CC3CCCC(C4CCC5CCCCC54)C3)C2)CC1
C1CCC(CC2CCC(CC3CCCCC3)C(C3CCCC(CCC4CCCC4)C3)C2)CC1
C1CCC(C2CCCCC2C2CCCCC2)CC1
C1CCC(C2CCCC(CC3CC(C4CC4)CCC3CCC3CC4CCCCC4C3)C2)CC1
C1CCC(C(C2CCCCC2)C2CCCC(C3CCCC(C4CCCC(C5CCCC5)C4)C3)C2)CC1
C1CCC(C2CCCC(C3CCC(C4CC4)CC3C3CCCCC3)C2)CC1
C1CCC(CCC2CCC(CCC3CCC(C4CCCCC4)CC3)CC2)CC1
C1CCC(CCC2CCC(C3CCCC(C4CCC4)C3)CC2)CC1
C1CCC(CC2CCC(C3CCCC3C3CCCC(C4CCC5CCCCC54)C3)CC2)CC1
C1CCC(C2CCC(C3CCC(C4CCCC(CC5CC6CCCCC6C5)C4)CC3)CC2)CC1
C1CCC(CCCCCC2CC(C3CCCCC3)C3CCC(CC4CCCCC4)CC23)CC1
C1CCC(CC2CCC(CC3CCC(CC4CCCCC4)CC3)CC2)CC1
C1CCC(C2CC(C3CCC(C4CCC(CCC5CCCC5)CC4)CC3)C3CCCCC23)CC1
C1CCC(C2CCC(C3CCC(CCC4CCCC(C5CCCCC5)C4)CC3)CC2)CC1
C1CCC(CCCC2CCC(CCC3CCCCC3)CC2)CC1
C1CCC(CCC2CC(C3CCCCC3)CC(C3CCC3)C2)CC1
C1CCC(CCCC2CCC(C3CCCCC3C3CCC(CC4CCC(C5CCCC5)CC4)CC3)CC2)CC1
C1CCC(CCC2CCCCC2C2CCCCC2)CC1
C1CCC(CC2CCCC(CC3CCCCC3)C2)CC1
C1CCC(C2CCCC(CCCC3CCCCC3C3CCCCC3)C2)CC1
C1CCC(CCCC2CCC(CC3CCC(CCC4CCC(C5CCCCC5)CC4)CC3)CC2)CC1
C1CCC(C2CCCCC2C2CCCCC2C2CCCC2)CC1
C1CCC(C2CCC(C3CCC(C4CCCCC4CCCC4CCCC4)CC3)CC2)CC1
C1CCC(C2CCCC(C3CCC(C4CCC(C5CCC5)CC4)CC3)C2)CC1
C1CCC(CCC2CCCC(C3CCCC(CCCC4CCC(C5CCCCC5)CC4)C3)C2)CC1
C1CCC(CCC2CCC(CC3CCC(CC4CCC5CCCCC54)C(C4CCCC4)C3)CC2)C1
C1CCC(C2CCC(CC3CCCCC3C3CCCCC3)CC2)CC1
C1CCC(C2CCCC3CCCCC32)CC1
C1CCC(C2CCC(CCCC3CCCC(CC4CCCC4)C3)CC2)CC1
C1CCC(CCC2CC(C3CCC(CC4CCCCC4)CC3)C3CCCCC23)CC1
C1CCC(C2CCCC(C3CCC(C4CCC5CCCCC54)CC3)C2)CC1
C1CCC(CCC2CCC(CCC3CCCCC3)CC2)CC1
C1CCC(CCC2CCCC(C3CCCC(CC4CCCCC4)C3)C2)CC1
C1CCC(CC2CCC(CC3CC(CC4CCC(CC5CCCC5)CC4)C4CCCCC34)CC2)CC1
C1CCC(C2CC(CC3CCC(CCC4CC4)CC3C3CCC4CCCC4C3)C3CCCCC32)CC1
C1CCC(C2CC(C3CC3)CC(C3CCCC(C4CCC(C5CCC5)CC4)C3)C2)CC1
C1CCC(C2CCC(C3CCCC(C4CCCC(C5CCC(C6CCCCC6)CC5)C4)C3)CC2)CC1
C1CCC(C2CCC(C(CC3CC3)CC(CC3CC3)C3CCCCC3)CC2)CC1
C1CCC(CCC2CCC(C3CCCC3)C(C3CCCC(CC4CCC5CCCC5C4)C3)C2)C1
C1CCC(CCC2CCCC(C3CCCCC3)C2)CC1
C1CCC(CC2CCCC(CCC3CCC4CCCC4C3)C2)CC1
C1CCC(C2CCC(C3CC(C4CCCCC4)C4CCCCC34)CC2)CC1
C1CC2CCC(C3CCC(C4CC4)CC3C3CCC4CCCC4C3)CC2C1
C1CCC(C2CCCC(C3CCCC(C4CCCCC4)C3)C2)CC1
C1CCC(CCCCC2CCC(C3CC(C4CCCCC4)C4CCCCC34)CC2)CC1
C1CCC(CCC2CCCC(CC3CCCC(C4CCCCC4)C3)C2)CC1
C1CCC(CC2CCC(CCCC3CCC(CC4CCCCC4)CC3)CC2)CC1
C1CCC(C2CCCC(C3CCCCC3C3CCC4CCCCC4C3)C2)CC1
C1CCC(C2CCCCC2CCC2CC(C3CC4CCCCC4C3)C3CCCCC23)CC1
C1CCC(CC2CCC(C3CCCCC3)CC2)CC1
C1CCC(CC2CCCC(CCCC3CCCC3C3CCCCC3)C2)CC1
C1CCC(CC2CCC(C3CCC4CCCC4C3)C2CC2CCCCC2)CC1
C1CCC(CCC2CCCCC2CC2CCCCC2)CC1
C1CCC(CCCC2CCCC(C3CCCCC3)C2)CC1
C1CCC(C2CCCCC2)CC1
C1CCC(C2CCC(C3CCCC(C4CCC(CC5CCCC5)CC4)C3)CC2)CC1
C1CCC(CCC2CCCC(C3CCC(CC4CCC(CC5CC6CCCCC6C5)CC4)CC3)C2)CC1
C1CCC(CCC2CCCCC2)CC1
C1CCC(CCC2CCC(CC3CCCCC3)CC2)CC1
C1CCC(C2CCCC(CCCCC3CC4CCCCC4C3)C2)CC1
C1CCC(CC2CCCC(CC3CCCC(C4CCCCC4)C3)C2)CC1
C1CCC(CC2CCCCC2C2CCCC(C3CCCC(C4CCCCC4)C3)C2)CC1
C1CC(CCCC2CCC(C3CCCC(C4CCC(C5CCC5)CC4)C3)CC2)C1
C1CCC(C2CCCCC2CCCC2CCC(CC3CCC4CCCC4C3)CC2)CC1
C1CCC(C2CCC3CC(CC4CC5CCCCC5C4)CCC3C2)CC1
C1CCC(CC2CCCC(C3CCCCC3CC3CC4CCCCC4C3)C2)C1
C1CCC(CC2CCC(C3CCCCC3)CC2CCC2CCCC(C3CC3)C2)CC1
C1CCC(CCCC2CCC(C3CCCCC3)CC2)CC1
C1CCC(CCC2CC(C3CCC(C4CCCCC4)CC3)C3CCCCC23)CC1
C1CCC(CCCC2CCC(C3CCC(C4CCCC4)CC3)CC2)CC1
C1CCC(C2CCCC(CC3CCCC(C4CCCC(C5CCC5)C4)C3)C2)CC1
C1CCC(CCCCC2CC(CC3CCCCC3)CCC2C2CCCCC2)CC1
C1CCC(CCCC2CCCC(C3CC4CCCC(C5CCCCC5)C4C3)C2)CC1
C1CCC(CCC2CCC(CCCC3CCC(C4CCCCC4)CC3)CC2)CC1
C1CCC(CC2CCCC(C3CCCCC3)C2)CC1
C1CCC(CCC2CCC(CC3CCC(CC4CCCCC4)CC3)CC2)CC1
C1CCC(CC2CCC(CC3CCCCC3)CC2)CC1
C1CCC(CCC2CCC(CCCC3CCC(C4CCCCC4)C3)CC2)CC1
C1CCC(CC2CCC(C3CCCCC3)CC2)CC1
C1CCC(CC2CCC(C3CCCC(CCCC4CCC(C5CCC(CC6CC6)CC5)C4)C3)CC2)CC1
C1CCC(CCCC2CCCCC2C2CCC3C(CCC3C3CCCC3)C2)CC1
C1CCC(CC2CCC(CCCC3CCC(C4CCCCC4)CC3)CC2)CC1
C1CCC(C2CCCC(C3CCC4CCCCC4C3)C2)CC1
C1CCC(CCCCC2CCC(CCC3CCC(CC4CCCCC4)CC3)CC2)CC1
C1CCC(CCC2CCC(CC3CCC(CCCCCC4CCCC4)CC3)CC2)CC1
C1CCC(CCCCC2CCC(CC3CCCCC3)CC2)CC1
C1CCC(CCCC2CC(CC3CCCCC3)CC3CCC(C4CCCCC4)CC23)CC1
C1CCC(C2CCC(C3CCC(CC4CCCC(C5CCCCC5)C4)CC3)CC2)CC1
C1CCC(C2CCC3CC(C4CCCCC4)CCC3C2)CC1
C1CCC(CC2CCCCC2C2CCC3C(CC4CCC4)CCC3C2)CC1
C1CCC(CCC2CCCC(C3CCC(C4CCCC5CCCCC54)CC3)C2)CC1
C1CCC(C2CCCCC2CCCC2CCCCC2C2CCCCC2)CC1
C1CCC(CC2CCCCC2C2CCCC(C3CCCC(CCC4CC4)C3)C2)CC1
C1CCC(CCC2CCCCC2C2CCCCC2)CC1
C1CCC(CCCCC2CCCCC2C2CCCCC2CC2CCCCC2)CC1
C1CCC(CCC2CCC(CC3CCCCC3)CC2C2CCCC2)CC1
C1CCC(CC2CCC3CC(CCCC4CC5CCCCC5C4)CC(CC4CCCCC4)C3C2)CC1
C1CCC(C2CCC(C3CCC(CCC4CC4)CC3)CC2)CC1
C1CCC(CC2CCCC(C3CCC(C4CCCCC4)CC3)C2)CC1
C1CCC(CCC2CCCCC2C2CCCC(C3CCCCC3)C2)CC1
C1CCC(CCCC2CCCCC2C2CCCCC2)CC1
C1CCC(C2CCCC(C3CC(C4CCCCC4)CC(C4CC4)C3)C2)CC1
C1CCC(C2CCCCC2)CC1
C1CCC(CC2CC(C3CCC(C4CCCCC4)CC3)C3CCCCC23)CC1
C1CCC(CC2CCC(CCC3CCCC3)CC2)CC1
C1CCC(CC2CCCCC2)CC1
C1CCC(CC2CC(CC3CC4CCCCC4C(C4CCCCC4)C3)C3CCCCC23)CC1
C1CCC(CCC2CCC(C3CCCCC3)CC2)CC1
C1CCC(CC2CCCC(C3CCCCC3)C2)CC1
C1CCC(CCCC2CCC(C3CCCC3)CC2)CC1
C1CCC(CCCC2CCCCC2)CC1
C1CCC(CC2CC(CC3CCCC(C4CCCCC4)C3)C3CCCCC23)CC1
C1CCC(C2CCCCC2)CC1
C1CCC(C2CCC(CC3CCC(C4CCCC(CCC5CCC(C6CCCC6)CC5)C4)CC3)CC2)CC1
C1CCC(C2CCCC(C3CCC(CC4CCCC4)CC3)C2)CC1
C1CCC(CCC2CCCC(CC3CCCCC3)C2)CC1
C1CCC(CC2CC(C3CCC(CC4CCC(C5CCCCC5)CC4)CC3)C3CCCCC23)CC1
C1CCC(CCCC2CCCCC2C2CCC(C3CCC4CCCCC4C3)CC2)CC1
C1CCC(CC2CCCC(C3CCC(C4CCCC4)CC3)C2)CC1
C1CCC(CC2CCC(CC3CCC(C4CCC(C5CCC6CCCCC65)CC4)C3)CC2)CC1
C1CCC(CC2CCCC(C3CCCCC3)C2)CC1
C1CCC(C2CCCC(C3CCCC3)C2)CC1
C1CCC(CCC2CCCCC2)CC1
C1CCC(C2CCC(C3CCCCC3C3CCC4CCCC4C3)CC2)CC1
C1CCC(CCCC2CCC(CC3CCC(CC4CCCCC4)CC3)CC2)CC1
C1CCC(C2CCC(C3CCCCC3C3CCC4CCCC4C3)CC2)CC1
C1CCC(CC2CCC(CC3CCCCC3CCC3CCC3)CC2C2CCCC2)CC1
C1CCC(CCC2CCCC(CC3CCCCC3)C2)CC1
C1CCC(C2CCCC(CC3CCCCC3C3CCCCC3)C2)CC1
C1CCC(CC2CCCC(C3CCCCC3)C2)CC1
C1CCC(C2CCC(CCC3CCCC(C4CCCCC4)C3)CC2)CC1
C1CCC(CC2CCCCC2C2CCCCC2CC2CCC3CCCCC32)CC1
C1CCC(CC2CCCC(CC3CCC(C4CCCCC4)CC3)C2)CC1
C1CCC(C2CCCCC2)CC1
C1CCC(C2CCCC(C3CC(C4CCCCC4)C4CCCCC34)C2)CC1
C1CCC(CC2CCCC2C2CCC(C3CCCCC3)CC2)CC1
C1CCC(C2CC(C3CCCCC3)C3CCCCC23)CC1
C1CCC(CCCC2CCCC(CC3CCCCC3)C2)CC1
C1CCC(C2CCCC(C3CCCCC3)C2)CC1
C1CCC(CCC2CCC(CC3CCCCC3C3CCCCC3C3CCCCC3)CC2)CC1
C1CCC(CCCC2CC(C3CC3)CCC2CC2CCCCC2)CC1
C1CCC(CC2CCCCC2C2CCC3CCCCC3C2)CC1
C1CCC(C2CCCC(C3CCC4CCCCC4C3)C2)CC1
C1CCC(CC2CCC(CCCC3CCC(C4CCCCC4)CC3)CC2)CC1
C1CCC(CC2CCC(CCC3CCC(CC4CCCC4)CC3)CC2)CC1
C1CCC(C2CCC(C3CCCC(C4CCCCC4)C3)CC2)CC1
C1CCC(C2CC(C3CCCC(C4CCCC4)C3)C3CCCCC23)CC1
C1CCC(CCCCC2CC3CCC(C4CCCCC4)CC3C(C3CCCC3)C2)CC1
C1CCC(CCC2CCCC(C3CCC4CCCCC43)C2)CC1
C1CCC(C2CC(CC3CCC(C4CCCC(C5CCCC5)C4)CC3)CC3CCCCC32)CC1
C1CCC(CCCCC2CCCC(CC3CCCCC3)C2)CC1
C1CCC(CC2CCC3CCC(CC4CCCCC4)C3C2)CC1
C1CCC(C2CCCCC2C2CCCC(C3CCC(CCC4CCC(C5CCC5)CC4)CC3)C2)CC1
C1CCC(CCCCC2CCCC(C3CCC(C4CCCCC4)CC3)C2)CC1
C1CCC(CCC2CC(C3CCCC(CC4CCCC4)C3)CC(C3CCCC3C3CCCCC3)C2)CC1
C1CCC(CC2CC(CCCC3CCCCC3C3CCCCC3)C3CCCCC23)CC1
C1CCC(CCC2CCC3C(CCC3C3CC(CCC4CCCCC4)C4CCCCC43)C2)CC1
C1CCC(CC2CCC(C3CCC(C4CCC5CCCCC5C4)CC3)CC2)C1
C1CCC(CCC2CCC(C3CCC(C4CCCCC4)CC3)CC2)CC1
C1CCC(CC2CCCCC2CC2CCC3CCCCC3C2)C1
C1CCC(C2CCCC2C2CCC(CCC3CCCC4CCCCC43)CC2)CC1
C1CCC(CC2CCCC(CC3CCC(C4CCCCC4)CC3)C2)CC1
C1CCC(CCC2CCC(C3CCC(C4CCCCC4)CC3)CC2)CC1
C(CCCC1CCCCC1)CCCC1CCCCC1C1CCCCC1
C1CCC(C2CCCCC2)CC1
C1CCC(CCC2CCCC(C3CCCC(C4CCCCC4)C3)C2)CC1
C1CCC(C2CC(CC3CCCC3)CC(C3CCC4CCCCC43)C2)CC1
C1CCC(CCC2CCCC(CCC3CCCCC3)C2)CC1
C1CCC(CCC2CCC(C3CCCCC3C3CCCCC3)CC2C2CCCC2)CC1
C1CCC(CCC2CCCC(CC3CCCC(C4CCCC4)C3)C2)CC1
C1CCC(CCC2CCC(CC3CCC(CC4CCCCC4)CC3)CC2)CC1
C1CCC(CCC2CCCC(CCC3CCCC(CC4CCCCC4)C3)C2)CC1
C1CCC(CCC2CCCC(C3CCCC(CC4CCC5CCCCC54)C3)C2)CC1
C1CCC(CCCCC2CCC(CC3CCC(CCC4CCCCC4)CC3)CC2)CC1
C1CCC(CCC2CCCC(C3CCCC(C4CCCCC4)C3)C2)CC1
C1CCC(C2CCC(CCC3CC4CCCCC4C3)C(C3CCCC3)C2)CC1
C1CCC(CC2CCC3CCCCC3C2)CC1
C1CCC(CCCCC2CCC(C3CCCCC3)CC2)CC1
C1CCC(C2CCC(C3CCC(C4CCCCC4C4CCCC4)CC3)CC2)CC1
C1CCC(C2CCC(C3CCC(C4CCC5CCCCC5C4)C3C3CCCCC3)CC2)CC1
C1CCC(CC2CCCC(CC3CCCC4CC(C5CCC(C6CCCCC6)CC5)CCC34)C2)CC1
C1CCC(CCCC2CCCC(CCC3CCC(C4CCCCC4)CC3)C2)CC1
C1CCC(CCCC2CCC(C3CCCC4CC(C5CCCCC5)CCC43)CC2)CC1
C1CCC(C2CCCC(C3CCCCC3)C2)CC1
C1CCC(CCCC2CCC(C3CCCCC3)CC2C2CCCCC2)CC1
C1CCC(CC2CCCCC2)CC1
C1CCC(C2CCCC(C3CCCCC3)C2)CC1
C1CCC(CC2CC(C3CCC(C4CCC(C5CCCCC5)CC4)CC3)C3CCCCC23)CC1
C1CCC(C2CCCC(CCCC3CCC(CCC4CC5CCCCC5C4)CC3)C2)CC1
C1CCC(CC2CCC(CC3CCC(C4CC(C5CCCCC5)C4)CC3)CC2)CC1
C1CCC(C2CCCCC2)CC1
C1CCC(CC2CCCCC2)CC1
C1CCC(CC2CCCCC2CC2CCCC(CC3CCC4CCCCC4C3)C2)CC1
C1CCC(C2CCC(C(C3CCCC(C4CCCC4)C3)C3CCC4CCCCC4C3)CC2C2CCCC2)CC1
C1CCC(CC2CCC(C3CCCCC3)CC2)CC1
C1CCC(CCC2CCCC(CC3CCCCC3)C2)CC1
C1CCC(C2CCCC(CCC3CCCCC3C3CCCC3)C2)CC1
C1CCC(CCCCCC2CCC(C3CCCCC3)CC2)CC1
C1CCC(CCCCC2CCCC(CC3CCCCC3C3CCCCC3)C2)CC1
C1CCC(CCCC2CCCCC2CC2CCCCC2)CC1
C1CCC(CCCC2CCC(C3CCCC(C4CCCCC4)C3)CC2)CC1
C1CCC(CC2CC(CC3CCCCC3)CC(C3CCCCC3)C2)CC1
C1CCC(CC2CCC(CC3CCC4CCC(C5CCCCC5)C4C3)CC2)CC1
C1CCC(CC2CCCCC2)CC1
C1CCC(CCC2CCC(CC3CCCC(C4CCCCC4)C3)CC2)CC1
C1CCC(CC2CCC(CCC3CCC(CC4CCCCC4)CC3)CC2)CC1
C1CCC(CC2CCC(CC3CCCC(C4CCC(CC5CC6CCCCC6C5)CC4)C3)CC2)CC1
C1CCC(CC2CCCCC2)CC1
C1CCC(CC2CC(C3CCCCC3)CC(C3CCCCC3)C2C2CCCCC2)CC1
C1CCC(CCC2CCCC(CC3CCCCC3C3CCCCC3)C2)CC1
C1CCC(CCC2CCC(C3CCCCC3)CC2)CC1
C1CCC(CCC2CCC(C3CCCCC3)CC2)CC1
C1CCC(CC2CCC(CCC3CCCC(C4CCC(C5CCCCC5)CC4)C3)CC2)CC1
C1CCC(CC2CCCC(C3CCCCC3)C2)CC1
C1CCC(C2CCCC(CCC3CCC(CC4CCC(CC5CC6CCCCC6C5)CC4)CC3)C2)CC1
C1CCC(CCC2CCCC(C3CCC(C4CCCCC4)CC3)C2)CC1
C1CCC(C2CCC(CCCC3CCC(CC4CCC5CCCC5C4)CC3)CC2)CC1
C1CCC(C2CCC(C3CCCC(C4CCCCC4)C3)CC2)CC1
C1CCC(C2CC(C3CCCC(C4CCCC4)C3)C3CCCCC23)CC1
C1CCC(CC2CCC(CC3CCC(C4CCCCC4)C3)CC2)CC1
C1CCC(C2CCCC(C3CCCC(C4CCCC4)C3)C2)CC1
C1CCC(C2CCC(C3CCC(CC4CC4)CC3)CC2)CC1
C1CCC(CCC2CCC(CCC3CCCCC3)C(CC3CCCCC3)C2)CC1
C1CCC(CC2CCCC(CCC3CCCC3)C2)CC1
C1CCC(CC2CCCC(CC3CCC(C4CCCCC4)C3)C2)CC1
C1CCC(C2CCC(C3CCC(CC4CCC(CC5CCC6CCCCC6C5)CC4)CC3)CC2)CC1
C1CCC(CC2CCC(CC3CCC(C4CCCC4)CC3)CC2)CC1
C1CCC(C2CCCC(C3CCC(CCC4CCC4)CC3)C2)CC1
C1CCC(C2CCC(C3CCCCC3CC3CCCCC3CC3CC4CCCCC4C3)CC2)C1
C1CCC(CCCCC2CCCCC2CC2CCCCC2)CC1
C1CCC(C2CCC(C3CCCCC3C3CCCCC3C3CCCCC3)CC2)CC1
C1CCC(CCCCC2CCC(CC3CCCCC3)CC2)CC1
C1CCC(CC2CCC(CC3CCCC(C4CCC4)C3)CC2)CC1
C1CCC(CC2CCCCC2CC2CC3CCCCC3C2)CC1
C1CCC(C2CCCC(CC3CC(C4CCCC4)C4CCCCC34)C2)CC1
C1CCC(C2CCC(CC3CCC(C4CCC5CCCCC5C4)CC3)CC2)C1
C1CCC(CCC2CCC(C3CCC(C4CCCCC4)CC3)CC2)CC1
C1CCC(C2CCCCC2)CC1
C1CCC(CCCC2CCC(CC3CCCCC3)CC2)CC1
C1CCC(CCCCC2CCC(C3CC4CCCCC4C3)C(CC3CC3)C2)CC1
C1CCC(C2CCC(C3CC4CCCC4CC3C3CCCCC3)C2)CC1
C1CCC(C2CCC(CCC3CCCC(CC4CCCC4)C3)CC2)CC1
C1CCC(CCC2CCC(CCC3CCC(CC4CCCCC4)CC3CCC3CCCCC3)CC2)CC1
C1CCC(CC2CCC(CC3CCC(C4CCCCC4)CC3)CC2)CC1
C1CCC(CCC2CCCC(C3CCCCC3)C2)CC1
C1CCC(C2CCC(C3CCC(C4CC(C5CCCCC5)C5CCCCC45)CC3)CC2)CC1
C1CCC(CCC2CC(CC3CCCCC3)CC(C3CCCCC3)C2)CC1
C1CCC(CC2CCC(C3CCCCC3)CC2)CC1
C1CCC(CC2CCCCC2CCC2CCC3C(CCC3C3CCCCC3)C2)CC1
C1CCC(CC2CCCCC2)CC1
C1CCC(CCCC2CCCCC2)CC1
C1CCC(CC2CC(C3CCC(C4CCCCC4)C(C4CCC5CCCC5C4)C3)C3CCCCC23)CC1
C1CCC(CC2CCCCC2C2CCC(C3CCCCC3)CC2C2CCC3CCCC3C2)CC1
C1CCC(CC2CCC(CCC3CCCCC3C3CCCCC3C3CCCCC3)CC2)CC1
C1CCC(CC2CCC(CC3CCC(C4CCC5CCCCC54)CC3)CC2)CC1
C1CCC(CC2CC(C3CCCCC3)CC(C3CC3)C2)CC1
C1CCC(C2CCCCC2C2CCCCC2)CC1
C1CCC(C2CCCC(C3CCC(C4CCCC(C5CCC5)C4)CC3)C2)C1
C1CCC(CC2CCC(C3CCCC(C4CCC4)C3)CC2)CC1
C1CCC(CCC2CCCC(CC3CCC(CC4CCCC4)CC3)C2)CC1
C1CCC(C2CCCC(C3CCCCC3)C2)CC1
C1CCC(CC2CCCC(C3CC(CC4CCCCC4)CCC3C3CCCCC3)C2)CC1
C1CCC(CCC2C(C3CCCCC3)CCCC2C2CCCCC2)CC1
C1CCC(CCCC2CCC(C3CCCCC3)CC2)CC1
C1CCC(C2CCCCC2CC2CCCCC2CC2CC3CCCCC3C2)CC1
C1CCC(C2CC(C3CCC4CCCCC43)CC3CCCCC32)CC1
C1CCC(CCCC2CCCC(C3CCCCC3C3CCC4CCCCC4C3)C2)CC1
C1CCC(CC2CCCCC2CC2CCC(CC3CCCC(CC4CCC4)C3)CC2)CC1
C1CCC(C2CCC(C3CCC3)CC2C2CCCCC2)CC1
C1CCC(C2CCCCC2CCCC2CCC3CC(CC4CCC(C5CC5)CC4)CCC23)C1
C1CCC(CCC2CC(CC3CCC(CC4CCC(CC5CCCCC5)CC4)CC3)C3CCC(CC4CCCCC4)CC23)CC1
C1CCC(C(CCCC2CCCC(C3CC4CCCCC4C3)C2)C2CCCCC2)CC1
C1CCC(C2CCC(CCC3CCCCC3C3CCCCC3)CC2)CC1
C1CCC(CC2CCC(CC3CCCC(C4CCCCC4)C3)CC2)CC1
C1CCC(C2CCCC(C3CCC(CC4CC5CCCCC5C4)CC3)C2)CC1
C1CCC(CCC2CCCC(C3CCCCC3)C2)CC1
C1CCC(CC2CC(C3CCCC4CCCCC43)C3CCCCC23)CC1
C1CCC(CC2CCC(C3CCCCC3)CC2)CC1
C1CCC(CCC2CCC(CCC3CCCCC3C3CCC(C4CCC5CCCC5C4)CC3)CC2)CC1
C1CCC(C2CCCCC2C2CCC3CCCCC3C2)CC1
C1CCC(CCCCC2CCC(C3CCCC(C4CCCCC4)C3)CC2)CC1
C1CCC(CC2CCCCC2CCCC2CCC(C3CCCC(CC4CC5CC6CCCCC6C5C4)C3)CC2)CC1
C1CCC(CC2CCC(C3CCC(CCC4CCCC(C5CCCCC5)C4)CC3)CC2)CC1
C1CCC(CCC2CCCC(CC3CCCC(C4CCCCC4)C3)C2)CC1
C1CCC(CC2CCCC(CC3CCCCC3)C2)CC1
C1CCC(C2CCCC(CC3CCCC(C4CCCC(C5CCCCC5)C4)C3)C2)CC1
C1CCC(C2CCCC3CCC(CC4CCC(CC5CCC6CCCC6C5)CC4)CC32)CC1
C1CCC(CC(CC2CCC(C3CCCCC3)CC2)C2CCCCC2)CC1
C1CCC(C2CCCCC2C2CCC3CCCCC3C2)CC1
C1CCC(C2CCCC(C3CCC(CC4CCCC4)CC3)C2)CC1
C1CCC(CCC2CCC3CCCC(C4CCCCC4)C3C2)CC1
C1CCC(CCCCC2CCC(CC3CCC(CCC4CCCCC4)CC3)CC2)CC1
C1CCC(CC2CCCCC2CC2CCCCC2)CC1
C1CCC(CC2CCC3CC(C4CCC(C5CCC6CCCC6C5)CC4)CC(C4CCCCC4)C3C2)CC1
C1CCC(CC2CCCCC2CC2CCCCC2)CC1
C1CCC(CC2CCC(C3CCCCC3)C(C3CCC(C4CC4)CC3)C2)CC1
C1CCC(CCCCCC2CCCC(C3CCCC(CC4CCCCC4)C3)C2)CC1
C1CCC(C2CCC(C3CC(C4CCCCC4)CC4CCCCC43)CC2)CC1
C1CCC(CC2CCCC(CCC3CCCC(C4CCCCC4)C3)C2)CC1
C1CCC(C2CCCC(C3CCC4CC(C5CCCCC5)CCC4C3)C2)CC1
C1CCC(CCC2CCCC(C3CCC(C4CCC(C5CCC6CCCC6C5)C(C5CCCC5)C4)CC3)C2)CC1
C1CCC(CC2CCC(CC3CCCCC3)C(CC3CCCC(CCC4CCCC4)C3)C2)CC1
C1CCC(C2CCCC(CC3CCCCC3C3CCC4CCCCC4C3)C2)CC1
C1CCC(C2CCCCC2)CC1
C1CCC(CCC2CC(C3CCCCC3)CCC2CC2CCCC(C3CCCC3)C2)CC1
C1CCC(CC2CCCC(CCC3CCCC(C4CCCCC4)C3)C2)CC1
C1CCC(C2CCC(CC3CCC(C4CC5CCCCC5C4)CC3)CC2)CC1
C1CCC(CCC2CCC(CCC3CCCC(CCC4CCCCC4)C3)CC2)CC1
C1CCC(CC2CCC(CCC3CCCCC3C3CCCC3)C(C3CCCC3)C2)CC1
C1CCC(C2CC(CC3CCCCC3C3CCC(C4CCCCC4)C3)CC(C3CCCCC3)C2)CC1
C1CCC(CC2CCCC(CC3CCC(C4CCCCC4)CC3)C2)CC1
C1CCC(C2CCC(CC3CCCCC3C3CCCCC3)CC2)CC1
C1CCC(CC2CCC(C3CCC(CC4CCCCC4)C3)CC2)CC1
C1CCC(C2CCC(CC3CCC(CCC4CC5CCCCC5C4)CC3)CC2)CC1
C1CCC(C2CCC(C3CCCC3)CC2C2CCCCC2)CC1
C1CCC(CC2CCC(C3CCC3)CC2)CC1
C1CCC(C2CCC(CCCCCC3CCCC4CCCCC34)CC2)CC1
C1CCC(C2CCCCC2C2CCCC2)CC1
C1CCC(C2CCC(CC3CCC(CC4CCCC(CC5CC5)C4)CC3)CC2)CC1
C1CCC(CC2CC(C3CCC(C4CCCCC4)CC3)C3CCCCC23)CC1
C1CCC(C2CCC(C3CCC4CCCCC43)CC2)CC1
C1CCC(CC2CCCCC2C2CCC3C(CC4CCCCC4)CCC3C2)CC1
C1CCC(CC2CCCC(C3CCCCC3)C2)CC1
C1CCC(CC2CCC(CC3CCCCC3)CC2)CC1
C1CCC(CC2CCC(CC3CCCCC3)CC2)CC1
C1CCC(C2CCC(CCC3CCC(C4CCCC(C5CCC5)C4)CC3)CC2)CC1
C1CCC(CCC2CCCC(C3CCC(C4CCCCC4)CC3)C2)CC1
C1CCC2CC(C3CCC4CCCCC43)CCC2C1
C1CCC(CCCC2CCCCC2CC2CCC(CC3CCCCC3)CC2)CC1
C1CCC(CCC2CCC(CC3CCC(CC4CCCCC4)CC3)CC2)CC1
C1CCC(CCCC2CCCCC2)CC1
C1CCC(CCC2CCC(CC3CCCCC3)CC2CCC2CCCCC2)CC1
C1CCC(C2CCCCC2C2CCCCC2C2CCCCC2)CC1
C1CCC(C2CCCCC2)CC1
C1CC(CCC2CCC(C3CCC(C4CCCC4)CC3)CC2)CC(CC2CC3CCCCC3C2)C1
C1CCC(CCCC2CCC(CC3CCCCC3)CC2)CC1
C1CCC(C2CCCC(CC3CCCC(C4CCCC(CC5CC5)C4)C3)C2)CC1
C1CCC(C2CCC(C3CCC(C4CCC(C5CCCCC5)C(C5CCCCC5)C4)CC3)CC2)CC1
C1CCC(CC2CCCC(CC3CCCC(CCC4CC5CCCCC5C4)C3)C2)CC1
C1CCC(C2CCCC3CC(C4CCCCC4C4CCC(C5CCCC5)CC4C4CCC5CCCC5C4)CCC32)CC1
C1CCC(CCCC2CCCC(CC3CCCCC3C3CCCC3)C2)CC1
C1CCC(CCC2CC(CC3CCCCC3)C3CCC(CC4CCCCC4)CC23)CC1
C1CCC(C2CCCC(CC3CCC(C4CCC(CCC5CC5)CC4)CC3)C2)CC1
C1CCC(C2CCCC(C3CCCCC3CCC3CCCCC3C3CCCC3)C2)CC1
C1CCC(C2CCC(CC3CC(C4CCC5CCCCC54)CCC3C3CCCC3)CC2)CC1
C1CCC(C2CCCC(CCCC3CC4CCCCC4C3)C2)CC1
C1CCC(C2CCC(CCCC3CCC(C4CCC(CCC5CC6CCCCC6C5)CC4)CC3)CC2)CC1
C1CCC(C2CCC(C3CCCCC3)CC2)CC1
C1CCC(CCCC2CCCC(CCC(CC3CCCCC3)CC3CC3)C2)CC1
C1CCC(CC2CC(C(C3CCCCC3)C3CCCC(C4CCCCC4)C3)C3CCCCC23)CC1
C1CCC(C2CCC(C3CCC(C4CCCC(C5CCC(C6CCCC6)CC5C5CCCC5)C4)CC3)CC2)CC1
C1CCC(C2CCC(CC3CCC(CC4CCCC4)CC3)CC2)CC1
C1CCC(CC2CCC(CCC3CCCC(C4CCCC(CC5CCCCC5)C4)C3)CC2)CC1
C1CCC(CC2CC(CC3CCC(C4CCC5CCCCC54)CC3)C3CCCCC23)CC1
C1CCC(CC2CCCCC2C2CCCC(CCCC3CCC4CCCCC4C3)C2)CC1
C1CCC(CCC2CCC(C3CCCCC3)C(C3CCCC(CC4CCCCC4)C3)C2)CC1
C1CCC(CCC2CC(CC3CCCCC3)C3CCCCC23)CC1
C1CCC(C2CCC(C3CCCCC3C3CCCCC3)C(C3CCCCC3)C2)CC1
C1CCC(CC2CCC(CCC3CCCC(C4CCCC4)C3)CC2)CC1
C1CCC(C2CCC(CC3CCCC(CC4CCCC4)C3)CC2)CC1
C1CCC(C2CCCC(C3CCCC(CCC4CC5CCCCC5C4)C3)C2)CC1
C1CCC(CC2CC(C3CCCCC3)C3CCCCC23)CC1
C1CCC(C2CCCC(CCC3CCC(CC4CC5CCCCC5C4)CC3)C2)CC1
C1CCC(CC2CCC(CCCC3CCC(C4CCCC(C5CCCCC5)C4)CC3)CC2)CC1
C1CCC(CC2CCCCC2)CC1
C1CCC(C2CCC(CC3CCCCC3C3CCCC3)CC2)CC1
C1CCC(CC2CCCCC2CCCC2CCC(C3CCCCC3)CC2)CC1
C(CCCC1CCCC(C2CCC(C3CC3)CC2)C1)CCC1CCCCC1
C1CCC(CC2CCCCC2)CC1
C1CCC(CC2CCCC(C3CCCC(C4CCCCC4)C3)C2)CC1
C1CCC(CCCC2CCCC(CC3CCC(CC4CCCCC4)CC3)C2)CC1
C1CCC2CC(CC3CCC(C4CCC(CCC5CCCCC5C5CCCC5)C(C5CCCC5)C4)C3)CC2C1
C1CCC(CCC2CCC(C3CCC(CCCC4CC4)CC3)CC2)CC1
C1CCC(C2CCC(C3CC4CCCCC4C3)C(C3CCCCC3)C2)CC1
C1CCC(CC2CCCCC2C2CCC(C3CCC4CCCC4C3)CC2)CC1
C1CCC(CC2CCC(C3CCCCC3)CC2C2CCC3CCCC3C2)CC1
C1CCC(C2CCC(CC3CCC(CC4CC5CCCCC5C4)CC3)CC2)CC1
C1CCC(C2CCC(C3CCCCC3CC3CC4CCCCC4C3)C(C3CCCCC3)C2)CC1
C1CCC(CC2CCC(CCCC3CCCC(C4CCCCC4)C3)CC2)CC1
C1CCC(CC2CCC(CC3CCCCC3)CC2)CC1
C1CCC(CCC2CCC(CCC3CCC(C4CCCC(C5CCCCC5)C4)CC3)C2)CC1
C1CCC(CC2CCC(C3CCCC(C4CCCCC4)C3)CC2)CC1
C1CCC(CC2CCCC(C3CC3)C2)CC1
C1CCC(CCCCC2CCCCC2)CC1
C1CCC(CC2CCCC(C3CCCCC3)C2)CC1
C1CCC(C2CCC(C3CCCC(CC4CCC5CCCCC54)C3)CC2)CC1
C1CCC(C2CC3CCCCC3C(C3CCCCC3)C2)CC1
C1CCC(CCC2CCCC(C3CCC(C4CCCCC4)C3)C2)CC1
C1CCC(C2CCC(C3CCC(CC4CCCC4)CC3)CC2C2CCCCC2)CC1
C(CCCC1CCCCC1)CCCC1CCC2CCCC(C3CCCCC3)C2C1
C1CCC(CCC2CC(CCC3CCCCC3)CC(C3CCCCC3)C2)CC1
C1CCC(CCC2CCC(CC3CCCCC3)CC2)CC1
C1CCC(CC2CCCCC2CC2CCC(C3CCCCC3)CC2C2CCCCC2)CC1
C1CCC(CCCC2CCCC(C3CCC4CCCCC43)C2)CC1
C1CCC(C2CCC(C3CCC(C4CCCCC4)CC3)CC2)CC1
C1CC(CC2CCC(CC3CCCC(C4CCC5CCCC5C4)C3)CC2)C1
C1CCC(C(C2CCCCC2)C2CCCCC2C2CCC3C(CCCC3C3CCCC3)C2)CC1
C1CCC(CC2CCC(CC3CC4CCCCC4C3)CC2)C1
C1CCC(CC2CCCCC2C2CCC3CCCC3C2)CC1
C1CCC(C2CCCC(C3CCCCC3C3CCCC3)C2)CC1
C1CCC(CCCCC2CCC(C3CCCC(C4CCCC4)C3)CC2)CC1
C1CCC(CC2CCC(CCC3CCCC(C4CCC5CCCCC54)C3)CC2)CC1
C1CCC(CC2CCCC(C3CCCCC3C3CCCCC3)C2)CC1
C(CC1CC2CCCCC2C1)CC1CCCC(C2CCC3CCCC3C2)C1
C1CCC(CCC2CCCC(C3CCCCC3)C2)CC1
C1CCC(CC2CCC(C3CC(C4CCCCC4)CC4CCC(C5CCCCC5)CC43)CC2)CC1
C1CCC(CC2CCC(CCCC3CCCCC3CC3CCCC3)CC2)CC1
C1CCC(CCC2CCC(CC3CCCCC3)C(CC3CCCCC3)C2)CC1
C1CCC(CCC2CCC(CC3CCC(C4CCCCC4)CC3C3CCCC3)CC2)CC1
C1CCC(CC2CCC(C3CCCC(C4CCCCC4)C3)C(C3CCCCC3)C2)CC1
C1CCC(CC2CC(C3CCCCC3)CC(C3CCCC3C3CCC4CCCC4C3)C2)CC1
C1CCC(CC2CCCCC2C2CCCCC2)CC1
C1CCC(C2CCC(CC3CCCC(C4CCCCC4)C3)CC2)CC1
C1CCC(CC2CCC(CC3CCC(C4CC4)CC3)CC2)CC1
C1CCC(CCCC2CCCC(CCC3CCCCC3)C2)CC1
C1CCC(CCC2CCCCC2C2CCCCC2)CC1
C1CCC(CCC2CCC(CC3CCCCC3CC3CCCCC3)CC2)CC1
C1CCC(C2CCCC(C3CCC(C4CCCC4)CC3)C2)CC1
C1CCC(CC2CCCC(C3CCCCC3)C2)CC1
C1CCC(C2CCC(C3CCCC(CC4CCC5C(CCCC5C5CCC6CCCCC6C5)C4)C3)CC2)C1
C1CCC(CC2CCC(CC3CC3)CC2C2CCCCC2C2CCC3CCCC3C2)CC1
C1CCC(C2CCCCC2C2CCCC(C3CCCC4CCCCC43)C2)CC1
C1CCC(CCCC2CCC(C3CCCC(CCC4CCCCC4)C3)CC2)CC1
C1CCC(CCC2CCCC(C3CCCCC3)C2)CC1
C1CCC(CC2CCC(CCCCC3CCCC(C4CC4)C3)CC2)CC1
C1CCC(CCC2CCC(C3CCCCC3)CC2)CC1
C1CCC(CC(CC2CCC(C3CCCCC3)CC2)C2CCCCC2)CC1
C1CCC(CC2CCCC(CC3CCC(CC4CCC(C5CCCCC5)CC4)CC3)C2)CC1
C1CCC(CC2CCCC(C3CCCC(C4CCCCC4)C3)C2)CC1
C1CCC(CC2CCC(CC3CCCCC3CC3CCCCC3)CC2)CC1
C1CCC(CC2CCC(C3CCCCC3)CC2)CC1
C1CCC(CC2CCCC(CC3CCCCC3)C2)CC1
C1CCC(CC2CCCCC2)CC1
C1CCC(CC2CCC(CC3CCCCC3)C(CC3CCCC3)C2)CC1
C1CCC(C2CCCC(C3CCC(CC4CCCC4)CC3)C2)CC1
C1CCC(CC2CCCCC2CCCC2CCC2)CC1
C1CCC(C2CCCC(C3CCCCC3C3CCCC3)C2)CC1
C(CCCC1CCC(CCCCC2CCCCC2)CC1)CCCC1CC2CCCCC2C1
C1CCC(CC2CCCCC2)CC1
C1CCC(CCCC2CCCCC2CCC2CCC3CCCCC32)CC1
C1CCC(CCCC2CCC(CC3CCCCC3)CC2)CC1
C1CCC(C2CCC(C3CCCC3)CC2C2CCC3CCCC3C2)CC1
C1CCC(CC2CCC(C3CCC(C4CCCCC4)CC3)CC2)CC1
C1CCC(CCC2CCC(C3CCCC(CC4CCCCC4)C3)CC2)CC1
C1CCC(CC2CCC(CC3CC(C4CCC(CC5CCCCC5)CC4)C4CCCCC34)CC2)CC1
C1CCC(CC2CCC(C3CCCCC3)CC2)CC1
C1CCC(CC2CCC(CC3CCC(C4CCCCC4)C(C4CCCC4)C3)CC2)CC1
C1CCC(C2CCCCC2CC2CCCC(C3CCCC(CC4CC4)C3)C2)CC1
C1CCC(CCCC2CCCC(CC3CC4CCCCC4C3)C2)CC1
C1CCC(CCC2CCCCC2CC2CCCC(C3CCCC3)C2)C1
C1CCC(CCC2CCC(CC3CCCC(CC4CCCCC4)C3)CC2)CC1
C1CCC(CC2CCC(C3CCC(C4CCC(C5CCCCC5)CC4)CC3)CC2)CC1
C1CCC(C2CCCC(C3CCCC(CC4CCC5CCCCC54)C3)C2)CC1
C1CCC(C2CCC3C(CCC3C3CCCCC3)C2)CC1
C1CCC(C2CCCC(C3CCC(C4CCC(CC5CC5)CC4)CC3)C2)CC1
C1CCC(CCCCCC2CCCC(CC3CCCC(C4CCCCC4)C3)C2)CC1
C1CCC(CCCCC2CCC(CC3CCC4CCCC4C3)CC2CCC2CC2)CC1
C1CCC(CC2CCCC(CC3CCCC3CCC3CC4CCCCC4C3)C2)CC1
C1CCC(CCCC2CCCC(C3CC(C4CCCCC4)C4CCCCC34)C2)CC1
C1CCC(CC2CCC(CC3CCCCC3)C(CC3CCCCC3)C2)CC1
C1CCC(C2CCC(CC3CCC(C4CCC(C5CCCC5)CC4)CC3)CC2)C1
C1CCC(C2CCC(C3CCC(CC4CC4)CC3)CC2)CC1
C1CCC(CC2CCC(C3CCCCC3C3CCCCC3)C(C3CCCCC3)C2)CC1
C1CCC(C2CCC(CC3CC3)CC2CCC2CC3CCCCC3C2)CC1
C1CCC(C2CCC(C3CCC(C4CCC(C5CCCC5)CC4)CC3)CC2)CC1
C1CCC2CC(C3CCC(CC4CCC5CCCCC54)CC3C3CCC4CCCC4C3)CCC2C1
C1CCC(C2CCCCC2C2CCC3C(CCCC3C3CCCCC3)C2)CC1
C1CCC(C2CCC(CCC3CCC(C4CCC4)CC3)CC2)CC1
C1CCC(C2CCCCC2)CC1
C1CCC(CCC2CCC3C(CC4CCCC(C5CCC5)C4)CC(CC4CCCCC4)C3C2)CC1
C1CCC(CCCCC2CCC(C3CCCCC3)C(C3CC3)C2)CC1
C1CCC(C2CCCC(CC3CCCCC3C3CCCC(C4CCCCC4)C3)C2)CC1
C1CCC(C2CCCC(CC3CCCCC3CCC3CCCC(C4CCCC4)C3)C2)CC1
C1CCC(C2CCC(CCCC3CCCCC3C3CCCCC3)CC2)CC1
C1CCC(CCCC2CCCC(C3CCCC(CC4CCCCC4)C3)C2)CC1
C1CCC(CC2CCC(CCC3CCCC(C4CCCCC4)C3)CC2)CC1
C1CCC(CCC2CCCC(CC3CCCCC3C3CCCC3)C2)CC1
C1CCC(C2CCC(CC3CCCC4CCCCC43)CC2)CC1
C1CCC(CCC2CCCCC2C2CCCCC2C2CCC3CCCC3C2)CC1
C1CCC(CC2CCC(C3CCCCC3)CC2)CC1
C1CCC(CC2CC3CC(C4CCCC(C5CCCCC5)C4)CCC3C2C2CCCCC2)CC1
C1CCC(CC2CCC(C3CCCC(C4CCCC(C5CCC5)C4)C3)CC2)CC1
C1CCC(CC2CCC3C(CC4CCCCC4)CC(CC4CCCCC4)C3C2)CC1
C1CCC(C2CCC(CC3CCC(C4CCCCC4)CC3)CC2)CC1
C1CCC(CC2CCCC(CC3CCCCC3C3CCC4CCCCC4C3)C2)CC1
C1CCC(C2CCC(C3CCCC3)CC2C2CCCCC2)CC1
C1CCC(CC2CCCC(CC3CCC(CC4CCCCC4)CC3C3CCCCC3)C2)CC1
C1CCC(C2CCCCC2C2CCC(C3CCCC3)CC2C2CCC3CCCC3C2)CC1
C1CCC(CCC2CCC(CC3CCC(CC4CC5CCCCC5C4)CC3)CC2)CC1
C1CCC(CC2CCC(C3CCCC(C4CCCCC4)C3)CC2)CC1
C1CCC(C2CCCC(CC3CCC4C(CCCC4C4CCCCC4C4CCCCC4)C3)C2)CC1
C1CCC(C2CCC(C3CCC(CC4CCCC4)CC3)CC2)CC1
C1CCC(C2CCCC(C3CCC(CC4CC4)CC3)C2)C1
C1CCC(CC2CCC(CC3CCC(C4CCC(CCC5CCC(C6CCCCC6)C5)CC4)CC3)CC2)CC1
C1CCC(CC2CCCC(CC3CCCCC3C3CCC4CCCCC43)C2)CC1
C1CCC(C2CCCCC2)CC1
C1CCC(C2CCCC(C3CC(C4CCCCC4)CC(C4CC5CCCCC5C4)C3)C2)CC1
C1CCC(C2CCC(CC3CCCCC3C3CCCCC3)CC2)CC1
C1CCC(CCC2CCC(CC3CCCCC3C3CCCCC3CC3CCCCC3)CC2)CC1
C1CCC(C2CCC(CC3CCCC(C4CCCCC4)C3)CC2)CC1
C1CCC(C2CCC(CCC3CCCC(C4CCC(C5CCCC5)CC4)C3)CC2)C1
C1CCC(CC2CCC(CC3CCCCC3)CC2)CC1
C1CCC(CC2CCCC2C2CCC(C3CCCCC3)CC2)CC1
C1CCC(C2CCC3C(CCCC3C3CCCC(C(C4CCCCC4)C4CCCC4)C3)C2)CC1
C1CCC(C2CCCC(C3CCCC(C4CCCCC4)C3)C2)CC1
C1CCC(CC2CCCC(CC3CCCCC3)C2)CC1
C1CCC(CCC2CC(C3CCC3)C(C3CCCCC3)C(C3CCCC(CC4CCCCC4)C3)C2)CC1
C1CCC(CC2CCC(CC3CCC(C4CCCCC4)C(CC4CCCCC4)C3)CC2)CC1
C1CCC(CC2CCCC(CC3CCCCC3)C2)CC1
C1CCC(CC2CCCCC2C2CCCCC2C2CCC3CCCC3C2)CC1
C1CCC(CC2CCCCC2C2CCCCC2)CC1
C1CCC2CC(C3CCC(C4CCC(C5CCCCC5C5CCCC5)CC4)CC3)CC2C1
C1CCC(C2CCCC3CC(C4CCC(CC5CC5)CC4)CCC32)CC1
C1CCC(C2CCCCC2C2CCC(C3CCCC3)CC2C2CCC3CCCC3C2)CC1
C1CCC(CC2CCC(C3CCCC3)CC2)CC1
C1CCC(CCCCC2CCC(C3CCCCC3)CC2CC2CCCCC2)CC1
C1CCC(CC2CCC(CC3CCC(CC4CC4)CC3)CC2)CC1
C1CCC(CC2CCC3CCC(C4CCCCC4)CC3C2)CC1
C1CCC(C2CCC(CC3CCC(C4CCCC4)CC3)CC2)CC1
C1CCC(CCCCC2CCCC(CC3CCCCC3C3CCCC3)C2)CC1
C1CCC(C2CCCCC2CC2CCCC(CC3CCC(C4CCCC4)CC3)C2)CC1
C1CCC(C2CCCC(CCC3CCC4CCCC4C3)C2)C1
C1CCC(CCC2CCCC(CC3CCC(CC4CCCCC4)CC3)C2)CC1
C1CCC(C2CCCCC2C2CCC(C3CCC(C4CCC4)CC3)CC2)CC1
C1CCC(C2CCCC(C3CCCCC3)C2)CC1
C1CCC(C2CCC(CCCC3CCCC(C4CCC5CCCCC5C4)C3)CC2)CC1
C1CCC(CCC2CCC(C3CCCCC3C3CCC(CCC4CCCCC4)CC3)CC2)CC1
C1CCC(CC2CCC(CC3CCCC(C4CCCCC4)C3)C2)CC1
C1CCC(C2CCCC(C3CC(C4CCC5CCCCC54)CCC3C3CCCCC3)C2)CC1
C1CCC(CCC2CCCC(C3CCCCC3)C2)CC1
C1CCC(CCCCC2CC(C3CCC4CCCCC43)CC3CCCCC23)CC1
C1CCC(CCCC2CCCC(C3CCCCC3)C2)CC1
C1CCC(C2CCC3CC(C4CCCC(C5CCCC(CC6CC6)C5)C4)CCC32)CC1
C1CC(C2CC2)CC(C2CCCCC2C2CCC3C(CCCC3C3CCCCC3C3CCCC3)C2)C1
C1CCC(CCC2CCCC(C3CCC(C4CCCC4CC4CCCCC4)CC3)C2)CC1
C1CCC(CC2CCCC(CC3CCC4CCCCC4C3)C2)C1
C1CCC(CCC2CCCC(C3CCCC(C4CCCCC4)C3)C2)CC1
C1CCC(C2CCC(C3CCCCC3)CC2)CC1
C1CCC(C2CCC(CC3CCC(C4CCC(C5CCC6CCCC6C5)CC4)CC3)CC2)CC1
C1CCC(C2CCCCC2C2CCCCC2)CC1
C1CCC(C2CCCCC2)CC1
C1CCC(CC2CCC(C3CCCCC3)CC2)CC1
C1CCC(C2CC(C3CCC(CC4CCC(C5CCCCC5C5CCCCC5)CC4)CC3)C2)CC1
C1CCC(C2CCC(CCCC3CCCC(C4CCCCC4)C3)CC2)CC1
C1CCC(CC2CCC(C3CCC(C4CCC(CC5CCCCC5)C4)CC3)CC2)CC1
C1CCC(C2CCCC(C3CCCCC3)C2)CC1
C1CCC(C2CCCCC2C2CCC(CC3CCCC3)C2)CC1
C1CCC(CCC2CCCC(C3CCCCC3)C2)CC1
C1CCC(CC2CCCC(CC3CCCCC3C3CCCCC3)C2)CC1
C1CCC(C2CCC(CCC(CC3CCC3)C3CCCCC3)CC2)CC1
C1CCC(CC2CCCC(C3CCC(C4CCCC4)CC3)C2)CC1
C(CCCC1CCCC(C2CCCCC2)C1)CCC1CCCCC1
C1CCC(CCC2CCC(C3CCC(CC4CCCCC4)CC3)CC2)CC1
C1CCC(C2CCCC(C3CCCCC3C3CCC4CCCC4C3)C2)CC1
C1CCC(CC2CC(C3CCCCC3)CC(C3CCCCC3)C2)CC1
C1CCC(C2CCC(CC3CCC(C4CCCC4)CC3)C(C3CCCCC3)C2)CC1
C1CCC(CCCCC2CCC(C3CCCCC3CC3CC4CCCCC4C3)CC2)CC1
C1CCC(CC2CCCCC2)CC1
C1CCC(CC2CC(CC3CCCCC3)C3CCCCC23)CC1
C1CCC(CCC2CCC(C3CCC4CCCCC4C3)C(C3CCCCC3)C2)CC1
C1CCC(C2CCCC(C3CCCC(CC4CCC5CCCCC54)C3)C2)CC1
C1CCC(CCC2CCCC(CC3CCCC(C4CCCCC4)C3)C2)CC1
C1CCC(CCCC2CCCC(CC3CCCCC3)C2)CC1
C1CCC(CC2CCCC(CCC3CCCC(CC4CCC(C5CCCC5)CC4)C3)C2)CC1
C1CCC(C2CCC(CC3CCC(C4CCCCC4)CC3)CC2)CC1
C1CCC(CCC2CCCC(C3CCC(C(CC4CCCCC4)C4CCCCC4)CC3)C2)CC1
C1CCC(CCC2CCCC(CC3CCCCC3)C2)CC1
C1CCC(CC2CCCCC2CC2CCC(CCCC3CCCC(C4CC4)C3)CC2)CC1
C1CCC(C2CCC(C3CCC(CC4CCC5CCCCC54)CC3)CC2)CC1
C1CCC(C2CC(C3CCCCC3)C(C3CCC4CCCCC43)C(C3CCCC3)C2)CC1
C1CCC(CCC2CCC(C3CCCC(CC4CC4)C3)CC2)CC1
C1CCC(CC2CCCC(CC3CCC(C4CCCCC4)CC3)C2)CC1
C1CCC(CC2CCCCC2C2CCCCC2)CC1
C1CCC(C2CCCC(C3CCCC3C3CCCCC3)C2)CC1
C1CCC(CC2CCC(C3CCC4C(CCCC5CCCC(CC6CCCCC6)C5)CCCC4C3)CC2)CC1
C1CCC(CC2CCCC3CC(CC4CCCC(C5CCCCC5)C4)CC23)CC1
C1CCC(CCC2CCCC(C3CCCC(C4CCCCC4)C3)C2)CC1
C1CCC(CC2CCC(CC3CCC(C4CCC4)CC3)CC2)CC1
C1CCC(CC2CCCC(C3CCCCC3)C2)CC1
C1CCC(CC2CCCC(C3CC(CC4CCCCC4)C4CCCCC43)C2)CC1
C1CCC(C2CCC3C(CCCC3C3CCCCC3C3CCCCC3)C2)CC1
C1CCC(CC2CCCC(CCC3CCCCC3C3CCC4CCCCC4C3)C2)CC1
C1CCC(C2CCCC(C3CCC4CCCCC43)C2)CC1
C1CCC(CCC2CC(C3CCC4C(CC5CCCCC5)CCCC4C3)CCC2CC2CC2)CC1
C1CCC(CC2CCC3CC(C4CCCC(C5CCCCC5)C4)CCC3C2)CC1
C1CCC(CCC2CCCCC2CCCC2CCC(C3CCCCC3)C2)CC1
C1CCC(CC2CCCC(C3CCCCC3)C2)CC1
C1CCC(C2CCC(C3CC(C4CCCCC4)C3)CC2)CC1
C1CCC(CCCC2CC(C3CCCCC3)CC(C3CCCCC3)C2)CC1
C1CCC(CC2CCC(C3CCCCC3)CC2)CC1
C1CCC(CCC2CCCC(CCCC3CCC(C4CCCCC4)CC3)C2)CC1
C1CCC(CC2CCCC(C3CCCCC3CC3CCCCC3)C2)CC1
C1CCC(C2CCC(C3CCCCC3)CC2)CC1
C1CCC(C2CCC(C3CCCCC3)CC2)CC1
C1CCC(CC2CC(C3CCC4CCCCC43)CC3CCCCC32)CC1
C1CCC(C2CC(C3CCCC(CC4CC4)C3)CC(C3CCCCC3C3CCCCC3)C2)CC1
C1CCC(CC2CCC(C3CCCCC3)CC2)CC1
C1CCC(CCC2CCC(C3CCCCC3)CC2)CC1
C1CCC(CC2CCC(CC3CCCCC3)CC2)CC1
C1CCC(CC2CCCC(CC3CCC(CC4CCCCC4)CC3CC3CC3)C2)CC1
C1CCC(CC2CCCC(C3CCCC(C4CCCCC4)C3)C2)CC1
C1CCC(CC2CCC(CC3CCC(CC4CCCCC4)CC3)CC2)CC1
C1CCC(CC2CCCC(C3CCC4CCCC4C3)C2)CC1
C1CCC(CC2CCC(C3CCCC(CC4CC4)C3)CC2)CC1
C1CCC(C2CCCCC2CCC2CCCC(CC3CCC3)C2)CC1
C1CCC(C2CCCC(C3CCCC(C4CCCC(CC5CCCC5)C4)C3)C2)CC1
C1CCC(CCCCCC2CCCCC2C2CCCCC2)CC1
C1CCC(CCCC2CCC(CCCCCC3CCCC(C4CCCC4)C3)CC2)CC1
C1CCC(CC2CCCC(C3CCC(C4CCCC4)CC3)C2)CC1
C1CCC(CC2CCC(CC3CCCCC3C3CCCCC3)CC2)CC1
C1CCC(CC2CCC(C3CC3)CC2C2CCCCC2)CC1
C1CCC(CCC2CCC(CC3CCCC(CC4CCCCC4)C3)CC2)CC1
C1CCC(C2CCCC(CC3CCCCC3C3CCCCC3)C2)CC1
C1CCC(CCCC2CC(CC3CCCC3)CCC2CC2CCCCC2)CC1
C1CCC(CCC2CCC(C3CCCCC3)CC2)CC1
C1CCC(CC2CCCC(CCC3CCCCC3C3CCCC3)C2)CC1
C1CCC(C2CCCC(C3CCCCC3)C2)CC1
C1CCC(C2CCCCC2C2CCCCC2C2CCCC2C2CCCCC2)CC1
C1CCC(C2CCC(C3CCC(C4CCC4)CC3)CC2)CC1
C1CCC(CC2CCCCC2C2CC3CCC(C4CCCC4)CC3C(C3CCCCC3)C2)CC1
C1CCC(C2CCCCC2CC2CCC(C3CCCC3)CC2)CC1
C1CCC(CC2CCC(C3CCCCC3C3CCC(C4CCCCC4)CC3C3CCCC3)CC2)CC1
C1CCC(CC2CC(CCC3CCC(CC4CCC(C5CCCC5)CC4)CC3)C3CCCCC23)CC1
C1CCC(CC2CC(C3CCCCC3)C3CC(C4CCCCC4)CCC23)CC1
C1CCC(CC2CCC(CCC3CCC(C4CCC(CC5CCCCC5)CC4)CC3)CC2)CC1
C1CCC(CCC2CC(CC3CCCCC3)CC(C3CCCCC3)C2)CC1
C1CCC(C2CCC(C3CCCC(C4CCCCC4)C3)CC2)CC1
C1CCC(CC2CC(C3CCCCC3)C3CCCCC23)CC1
C1CCC(C2CCCCC2C2CCCC(C3CCCC(CC4CC5CCCCC5C4)C3)C2)CC1
C1CCC(CCC2CCCC(CC3CC4CCCCC4C3)C2)CC1
C1CCC(CC2CCC(C3CCCCC3)C(CCCCCCC3CCCCC3C3CCCCC3)C2)CC1
C1CCC(CCC2CCC(C3CCC(CC4CCCCC4)CC3)CC2)CC1
C1CCC(CCCCCC2CCC(CC3CCCCC3)CC2)CC1
C1CCC(CC2CCC(CC3CCCC(C4CC5CCCCC5C4)C3)CC2)CC1
C1CCC(C2CCCC(C3CCCCC3C3CCC4CCCC4C3)C2)C1
C1CCC(CC2CCCCC2C2CCCCC2)CC1
C1CCC(CCC2CCC(C3CCCCC3C3CCCCC3)CC2)CC1
C1CCC(C2CCCC(CCCC3CC3)C2)CC1
C1CCC(CCCC2CC(C3CCCCC3)C3CCCCC23)CC1
C1CCC(C2CCC(CCCC3CCC(C4CCCCC4)C3)CC2)CC1
C1CCC(CC2CCCC(C3CCC(CC4CCCCC4)C(CC4CCCCC4)C3)C2)CC1
C1CCC(CCC2CCCCC2CCC2CCCCC2)CC1
C1CCC(C2CCC(C3CCCC(C4CCC5CCCC5C4)C3)CC2)C1
C1CCC(CC2CCCC(C(CCC3CCCCC3CC3CCCCC3)C3CCCC3)C2)CC1
C1CCC(C2CCC(CC3CCCC(CC4CCC(CC5CCCC5)CC4)C3)CC2)CC1
C1CCC(CCC(C2CCCCC2)C2CCCC(CC3CCCCC3)C2)CC1
C1CCC(CCC2CCCC(CCCC3CCC(C4CCCCC4)CC3)C2)CC1
C(CCCC1CCC(CC2CCCCC2)CC1)CCCC1CCC(C2CCCCC2)CC1
C1CCC(CCCCC2CCC(CCC3CCCC3)C(C3CCCCC3)C2)CC1
C1CCC(C2CCCCC2CCC2CCC(CC3CCC(C4CCCC4)CC3)CC2)CC1
C1CCC(CC2CCCCC2)CC1
C1CCC(C2CCCC(CC3CC3)C2)CC1
C1CCC(C2CCC(C3CCCC(CC4CCC5CCCCC54)C3)CC2)CC1
C1CCC(CC2CCC(CC3CCCC(CC4CC5CCCCC5C4)C3)CC2)CC1
C1CCC(CCC2CCC(CC3CCCCC3)CC2)CC1
C1CCC(C2CCC(C3CC(C4CCCCC4)C4CCCCC34)CC2)CC1
C1CCC(CCC2CCCC(C3CCCCC3)C2)CC1
C1CCC(CC2CCC(C3CCC4CCCC4C3)C(CC3CCCCC3)C2)CC1
C1CCC(CC2CCCC(CC3CCCCC3)C2)CC1
C1CCC(CCCC2CCCC(CCC3CCCCC3)C2)CC1
C1CCC(CC2CCCCC2)CC1
C1CCC(CC2CCC(CC3CC(C4CCC5CCCCC54)CC4CCCCC43)CC2)CC1
C1CC(CC2CCC(C3CCCC4CCCCC43)CC2)CC(C2CC2)C1
C1CCC(CC2CCCC(C3CC(CC4CCCCC4)CCC3CCC3CCCC3)C2)CC1
C1CCC2CC(CC3CCC(CCC4CC(C5CCC6CCCCC65)CC5CCCCC54)CC3)CCC2C1
C1CCC(C2CCCC(C3CCCCC3)C2)CC1
C1CCC(C2CCCCC2CC2CC(C3CCCCC3)C3CCCCC23)CC1
C1CCC(CC2CCC(CCC3CC4CCCCC4C3)CC2)CC1
C1CCC(CC2CCC(CC3CCCC(C(CC4CCC4)C4CCCCC4)C3)CC2)CC1
C1CCC(CC2CCCC(C3CCC(CC4CCC(CCC5CCCC5)CC4)CC3)C2)CC1
C1CCC(C2CCCC(C3CCCCC3)C2)CC1
C1CCC(C2CCC(C3CCCCC3)CC2)CC1
C1CCC(CCC2CCC(CC3CCCC(CC4CCCCC4)C3)CC2)CC1
C1CCC(CC2CCC(C3CCCCC3)CC2CC2CCCCC2)CC1
C1CCC(CC2CCC(CC3CCC(CC4CCCCC4)CC3C3CCCCC3)CC2)CC1
C1CCC(CCC2CCCC(C3CCC(CCC4CCCC4CC4CCCCC4)CC3)C2)CC1
C1CCC(CC2CCC(C3CCCCC3)C(C(C3CCCCC3)C3CC3)C2)CC1
C1CCC(CCC2CCCCC2CC2CCCCC2)CC1
C1CCC(C2CCCC(C3CCC4CCCCC4C3)C2)CC1
C(CCCC1CCCCC1)CCCC1CCCCC1
C1CCC(CC2CCC(C3CCCCC3)CC2CCC2CC3CCCCC3C2)CC1
C1CCC(CCCC2CCC(CC3CCCC(C4CCCC(C5CCCC5)C4)C3)CC2)CC1
C1CCC(CCC2CCCC(C3CCC(CC4CCCCC4)CC3)C2)CC1
C1CCC(CC2CCCC(C3CCCCC3C3CCCCC3)C2)CC1
C1CCC(C2CCCC(C3CCCCC3)C2)CC1
C1CCC(CC2CCCC(C3CCC(C4CCCCC4C4CCCC4)CC3)C2)CC1
C1CCC(CC2CCCCC2)CC1
C1CCC(CCCC2CCC(CC3CCCCC3)CC2C2CCCCC2)CC1
C1CCC(CC2CCCC3CC(C4CCCCC4CC4CCCCC4C4CCCC4)CCC23)CC1
C1CCC(C2CCC(C3CCCC(C4CCCCC4)C3)CC2)CC1
C1CCC(CC2CCC(CC3CCC(C4CCCCC4)C3)CC2C2CCCCC2)CC1
C1CCC(CC2CCC(CC3CCCCC3)CC2)CC1
C1CCC(C2CC(C3CCC4CCCCC43)CC3CCC(C4CC4)CC32)CC1
C1CCC(CCC2CCC(CC3CCCC(C4CCCC(C5CCCCC5)C4)C3)CC2)CC1
C1CCC(CCC2CCC(C3CCCCC3)CC2)CC1
C1CCC(CCC2CCCC(C3CCC(C4CCCCC4)CC3)C2)CC1
C1CCC(CCC2CCC(CC3CCCC(CCC4CCCCC4)C3)CC2)CC1
C1CCC(C2CCC(CC3CCC(C4CC(C5CCCCC5)C4)CC3)CC2)CC1
C1CCC(CC2CCCC(CC3CCCC(CCCC4CCC(CCC5CC5)CC4)C3)C2)CC1
C1CC(CC2CCC(CCC3CC3)CC2)CC(C2CC3CCCCC3C2)C1
C1CCC(C2CCCC(C3CCCCC3)C2)CC1
C1CCC(C2CCCC(C3CCC4CCCC4C3)C2)CC1
C1CCC(C2CCC(CC3CCC4CCCCC43)CC2)CC1
C1CCC(CCC2CC(CCC3CCCC(CC4CCCCC4)C3)C3CCCCC23)CC1
C1CCC(C2CCC(C3CCCCC3C3CCC4CCCC4C3)CC2)CC1
C1CCC(C2CCCCC2C2CCC3C(CCCC3C3CCCCC3)C2)CC1
C1CCC(C2CCC3CCCC(C4CCCCC4)C3C2)CC1
C1CCC(CC2CCCC(C3CCCCC3)C2)CC1
C1CCC(C2CCCC(CC3CC4CCCCC4C3)C2)CC1
C1CCC(CCC2CCCC(C3CCCCC3)C2)CC1
C1CCC(CCCC2CCC(C3CCCCC3)CC2)CC1
C1CCC(C2CCCC(C3CCCCC3C3CCCCC3)C2)CC1
C1CCC(CCC2CCC(CC3CCCCC3)CC2)CC1
C1CCC(CCCCC2CCC(C3CCCCC3C3CCC4CCCC4C3)CC2)CC1
C1CCC(CC2CCC(CC3CCCC(C4CCCC4)C3)CC2)CC1
C1CCC(CC2CCC(CCC3CCC(C4CCCC4)CC3)CC2)CC1
C1CCC(CC2CC(C3CCCCC3)CCC2C2CCCCC2C2CCCCC2)CC1
C1CCC(CCCCC2CCC(CC3CCC(CCC4CCCCC4)CC3)CC2)CC1
C1CCC(CCCC2CC(CC3CCCCC3)C3CCC(C4CCCCC4)CC23)CC1
C1CCC(CC2CCC(C3CCCCC3)C(CC3CC3)C2)CC1
C1CCC(CC2CCC(CC3CCC4CCCCC4C3)CC2)CC1
C1CCC(CCCC2CC3CCC(C4CCCCC4)CC3C(C3CCCCC3)C2)CC1
C1CCC(CC2CCCCC2CC2CC(C3CCCCC3)C3CCCCC23)CC1
C1CCC(CCCC2CCC(C3CCCCC3)CC2CCC2CCCC2)CC1
C1CCC(CCC2CCCC(C3CC(CC4CCCCC4)CC(C4CCC4)C3)C2)CC1
C1CCC(CCC2CCCC(CCC3CCCCC3CCC3CCCCC3)C2)CC1
C1CCC(C2CCCCC2C2CCC(CC3CC4CCCCC4C3)CC2)CC1
C1CCC(C2CCCC(C3CCC(CC4CCC(CCCC5CCCC5)CC4)CC3)C2)CC1
C1CCC(CCCC2CCCCC2)CC1
C1CCC(C2CCC3CC(CC4CC4)CCC3C2)CC1
C1CCC(C2CCCC(CCC3CCC(C4CCC4)CC3C3CCCC3)C2)CC1
C1CCC(CC2CCCC(CC3CCC4CC(C5CCC6CCCCC65)CCC4C3)C2)CC1
C1CCC(C2CCC(C3CCCCC3C3CCCC(C4CC4)C3)CC2)CC1
C1CCC(CCCC2CCC(CC3CCC(CCC4CCC5CCCC5C4)CC3)CC2)C1
C1CCC(CCCC2CC(CCC3CCCCC3)CC(C3CCCCC3)C2)CC1
C1CCC(C2CCC(C(CCC3CCCC(C4CCCCC4)C3)C3CC3)CC2)CC1
C(CCC1CCC(CC2CCCC(C3CCCC(C4CCCCC4)C3)C2)CC1)CCC1CCC(C2CCCCC2)C1
C1CCC(C2CCCC(CCCC3CCC(C4CCCC5CCCCC54)CC3)C2)CC1
C1CCC(C2CCCC(C3CCCCC3)C2)CC1
C1CCC(CCC2CCCC(CCCC3CCC(C4CCC5CCCC5C4)CC3)C2)CC1
C1CCC(CCCC2CCCC(C3CCCCC3)C2)CC1
C1CCC(CCC2CCC(CC3CCCCC3)CC2)CC1
C1CCC(CCCC2CCCCC2CCC2CCCCC2)CC1
C1CCC(CCCCC2CCC(C3CCC(CCC4CCCCC4)CC3)CC2)CC1
C1CCC(CCC2CCC(CC3CCC(CCC4CCCC(C5CCCCC5)C4)CC3)CC2)CC1
C1CCC(C2CCCCC2CC2CCC3CC(C4CCC5CCCCC54)CCC3C2)C1
C1CCC(CCCC2CCCC(CC3CC(CC4CCC(CC5CCCCC5)CC4)C4CCCCC34)C2)CC1
C1CCC(CC2CCCC(C3CCCCC3CC3CCCCC3)C2)CC1
C(CCCC1CCC(CC2CCC(C3CCCCC3)CC2C2CC2)CC1)CCC1CCCCC1
C1CCC(C2CCC(C3CCCC(C4CCCCC4C4CCCCC4)C3)CC2)CC1
C1CCC(CCCC2CCC(CCCC3CCC(C4CCCCC4)CC3)CC2)CC1
C1CCC(CCCCC2CCC(CC3CCC(C4CCCCC4)CC3)CC2)CC1
C1CCC(C2CCCC(C(C3CCCCC3)C3CC3)C2)CC1
C1CCC(CCC2CC(C3CCCCC3)CC(C3CCCC(C4CCCCC4)C3)C2)CC1
C1CCC(CC2CCC(CC3CCCCC3)C(CC3CCCCC3)C2)CC1
C1CCC(CCCC2CCCCC2)CC1
C1CCC(CCC2CCC(CCC3CCCCC3)C(CCC3CCCCC3)C2)CC1
C1CCC(CC2CCC(C3CCCCC3)CC2)CC1
C1CCC(CCC2CCC3CC(C4CCCCC4)CCC23)CC1
C1CCC(C2CCCC(C3CCCC(C4CCCC(C5CCCCC5)C4)C3)C2)CC1
C1CCC(CC2CCC(C3CCCC(C4CCCCC4)C3)CC2)CC1
C1CCC(CCC2CCCCC2C2CCCC(C3CCCC3)C2)CC1
C1CCC(CCC2CCCC3CCCCC32)CC1
C1CCC(CC2CCC(C3CCCCC3)CC2CC2CCCCC2)CC1
C1CCC(C2CCCCC2C2CCCC(CC3CCCC(C4CC4)C3)C2)CC1
C1CCC(C2CCCCC2CCCC2CCCC(C3CCCC3)C2)CC1
C1CCC(C2CCCC(C3CCCCC3)C2)CC1
C1CCC(CC2CCC(CC3CCC(CC4CCC5CCCCC54)CC3)CC2)CC1
C1CCC(CCC2CCC(C3CCCCC3)CC2)CC1
C1CCC(CC2CCCCC2C2CCC(C3CCCCC3)CC2)CC1
C1CCC(CC2CCC(CC3CCCC(CC4CCCC4)C3)CC2)CC1
C1CCC(CCC2CCC(C3CCC(CC4CCCC4)CC3)CC2)CC1
C1CCC(CCC2CCCC(C3CC(C4CCCCC4)CC(C4CC4)C3)C2)CC1
C1CCC(C2CCCC(C3CCCC(CCC4CCCC4)C3)C2)CC1
C1CC2CCC(C3CCCCC3C3CCC(C4CC4)CC3)CC2C1
C1CCC(CC2CCC(CC3CCCCC3)CC2)CC1
C1CCC(C2CCCCC2)CC1
C1CCC(CC2CCC(CC3CCC(C4CCCCC4)CC3)CC2)CC1
C1CCC(C2CCC(C3CCCC(C4CCC5CCCC5C4)C3)CC2)CC1
C1CCC(CCCCC2CCCCC2CCCC2CCCC(C3CC4CCCCC4C3)C2)CC1
C1CCC2CC(CCC3CCC(CC4CCC(C5CC5)CC4)CC3)CC2C1
C1CCC(C2CCCC(CC3CCCC(CC4CCCC4)C3)C2)CC1
C1CCC(CCCCC2CCCCC2CCCC2CCCCC2)CC1
C1CCC(CC2CCCC(C3CC(CC4CCCCC4)CC(C4CCC4)C3)C2)CC1
C1CCC(CCC2CCC(C3CCCCC3)CC2)CC1
C1CCC(C2CCC(CC3CCCC(C4CCCCC4CC4CCC4)C3)CC2)CC1
C1CCC(CCCC2CCCC(CC3CCCCC3)C2)CC1
C1CCC(CC2CCCC(C3CCCCC3)C2)CC1
C1CCC(C2CCC(C3CCC(C4CC4)CC3C3CCCC3)CC2)CC1
C1CCC(CC2CCC(CC3CCC(C4CCCCC4)CC3)CC2)CC1
C1CCC(CCC2CCC(CC3CCCCC3)CC2CCC2CCCCC2)CC1
C1CCC(CCC(CC2CCCCC2)C2CCCC(C3CCCCC3)C2)CC1
C1CCC(C2CCC(C3CCCC(CCCCC4CCC5CCCCC45)C3)CC2)CC1
C1CC2CCC(CC3CCC(C4CCC(C5CCC6CCCCC65)CC4)CC3)CC2C1
C1CCC(CC2CCC(C3CCCC(C4CCCC(C5CCCCC5C5CCCC5)C4)C3)CC2)C1
C1CCC(C2CCCC(C3CCCC(C4CCC5CCCC5C4)C3)C2)C1
C1CCC(CCC2CCCC(CCC3CC4CCCCC4C3)C2)CC1
C1CCC(CCCC2CC(C3CCCCC3)CCC2C2CCCCC2)CC1
C1CCC(C2CCCC(C3CCCCC3)C2)CC1
C1CCC(C2CCC(C3CCCCC3)C(C3CCCCC3)C2)CC1
C1CCC(CCC2CCC(CC3CC(CC4CCCCC4)CC4CCCCC43)CC2)CC1
C1CCC(CC2CC(C3CCC4CCCC4C3)CCC2C2CCC(CC3CC4CCCCC4C3)CC2)CC1
C1CC2CCC(CCC3CCC(CC4CCC5CCCC5C4)CC3)CC2C1
C1CCC(CCCCCC2CCC(C3CC(C4CCC4)CC4CCCCC43)CC2)CC1
C1CCC(C2CCC(C3CCC(C4CCCCC4C4CCCCC4)CC3)CC2)CC1
C1CCC(CC2CC(C3CCCCC3)CC(C3CCC3)C2)CC1
C1CCC(CC2CCCC(C3CC(C4CCC4)CC(C(C4CCCCC4)C4CCCCC4)C3)C2)CC1
C1CCC(CC2CCC(CC3CCC(C4CCCCC4)CC3)CC2)CC1
C1CCC(C2CCCC(CC3CCCC(C4CC4)C3)C2)CC1
C1CCC(CCCCC2CC(CC3CCCCC3)CCC2CC2CCCCC2)CC1
C1CCC(CC2CCCC(C3CCC(C4CCCC4)CC3)C2)CC1
C1CCC(CC2CCCC(C3CC4CCCCC4C3)C2)CC1
C1CCC(CCC2CC(CC3CCCCC3)CC(CC3CCCC3)C2CC2CCCCC2)CC1
C1CCC(CCC2CCC(C3CCCCC3)CC2)CC1
C1CCC(C2CCC(CCC3CCCC(C4CCCCC4)C3)CC2)CC1
C1CCC(CC2CC(CCCC3CCC(CC4CC5CCCCC54)CC3)C3CCCCC23)CC1
C1CCC(CCC2CCC(CC3CCCCC3)CC2)CC1
C1CCC(CC2CCCC(CC3CCCCC3)C2)CC1
C1CCC(CCC2CCCC(C3CCCCC3)C2)CC1
C1CCC(CCCCC2CCC(CC3CCC(CCC4CCC5CCCC5C4)CC3)CC2)CC1
C1CCC(CCC2CCCCC2CCC2CCC(CC3CCCCC3)CC2)CC1
C1CCC(CCC2CCCC(CC3CCC4CCCCC43)C2)CC1
C1CCC(CCCC2CCC(CC3CCCCC3)CC2)CC1
C1CCC(CCCC2CCCC(C3CCC3)C2)CC1
C1CCC(CC2CC(C3CCC(C4CCCC(CC5CCC5)C4)CC3)C3CCCCC23)CC1
C1CCC(CC2CCCCC2CC2CCCCC2)CC1
C1CCC(CCCC2CCCC(C3CCC(CC4CCCC(C5CCCCC5)C4)CC3)C2)CC1
C1CCC(CC2CCCCC2C2CCCC(C3CCCC(C4CCCC4)C3)C2)CC1
C1CCC(CC2CCCCC2C2CCCCC2C2CCC3CCCC3C2)CC1
C1CCC(CC2CC(C3CCCCC3)C3CCC(C4CCCCC4)CC23)CC1
C1CCC(C2CCCC(C3CC(C4CCCCC4)CC(C4CCCC4)C3)C2)CC1
C1CCC(C2CCC(CC3CCC(C4CCCC4)CC3)CC2)CC1
C1CCC(CC2CCCCC2C2CCCCC2CCCCCC2CC2)CC1
C1CCC(CC2CCC(CC3CCCCC3)CC2)CC1
C1CCC(CCCC2CCCC(C3CCCC3)C2)CC1
C1CCC(CCC2CC(CC3CCCCC3)CC3CCC(C4CCCCC4)CC23)CC1
C1CCC(CC2CCC(C3CCC4CCCCC43)C(C3CCCCC3)C2)CC1
C1CCC(C2CCC3CCC(C4CCCCC4C4CCCCC4)C3C2)CC1
C1CC2CCC(C3CCCCC3C3CCC(C4CCCCC4C4CCCC4)CC3)CC2C1
C1CCC(CCC2CCCCC2)CC1
C1CCC(CC2CC(CC3CC4CCCCC4C3)CCC2C2CCCCC2)CC1
C1CCC(CC2CCC(CCC3CCCC(CC4CCCCC4)C3)CC2)CC1
C1CCC(C2CCCCC2)CC1
C1CCC(C2CCCCC2)CC1
C1CCC(CC2CC(C3CCC(CCC(C4CCCCC4)(C4CCCCC4)C4CC4)CC3)C3CCCCC23)CC1
C1CCC(CCC2CCC(CC3CCCCC3C3CCCCC3)CC2)CC1
C1CCC(CCC2CCC(C3CCCCC3)CC2C2CCCC(CC3CCCCC3)C2)CC1
C1CCC(CC2CCC(CC3CCCCC3C3CCCCC3)CC2)CC1
C1CCC(C2CCCC(C3CCCCC3)C2)CC1
C1CCC(CCCC2CCC(CC3CCCC3C3CCCCC3)CC2)CC1
C1CCC(C2CC(C3CC3)CC(C3CCCC(CC4CCCC4)C3)C2)CC1
C1CCC(CCCC2CCC(CC3CCCCC3)C2)CC1
C1CCC(CCCCC2CCCC(CC3CCC(CC4CCCCC4)CC3)C2)CC1
C1CCC(C2CCCC(C3CCC(CC4CCC(C5CCC6CCCC6C5)CC4)CC3)C2)CC1
C1CCC(CC2CCC(CCC(CC3CCCCC3)C3CCCCC3)CC2)CC1
C1CCC(C2CCC(C3CCCC(C4CCCCC4)C3)CC2)CC1
C1CCC(CC2CCCC(CC3CCC(C4CCCCC4)CC3)C2)CC1
C1CCC(CC2CCC(CCCC3CCCCC3C3CCCC3)CC2)CC1
C1CCC(C2CCC(C3CCCCC3C3CCC4CCCCC4C3)C2)CC1
C(CC1CCC(CC2CC3CCCCC3C2)CC1)CC1CCC(C2CCC3CCCCC32)CC1
C1CCC(CCC2CCC(CC3CCCCC3)CC2)CC1
C1CCC(CC2CCCCC2C2CCCCC2C2CCC3CCCC3C2)CC1
C1CCC(CCC2CCC(CCCC3CCC(C4CCCCC4)CC3)CC2)CC1
C1CCC(CCCCC2CC3CCCCC3C2)CC1
C1CCC(CC2CCCC3CC(C4CCCCC4)CCC23)CC1
C1CCC(C2CCC(CC3CCCC(C4CCCC4)C3)CC2)CC1
C1CCC(CCC2CCC(CC3CCC(CC4CC5CCCCC5C4)CC3)CC2)CC1
C1CCC(C2CCC(C3CCCCC3C3CC4CCCCC4C3)C2)CC1
C1CCC(CCC(C2CC2)C2CCCC(CC3CCC(CCC4CC4)CC3)C2)CC1
C1CCC(CCCCC2CCC(C3CCC(C4CCCCC4)CC3)CC2)CC1
C1CCC(CC2CCC(C3CCCC(CC4CCCCC4)C3)CC2)CC1
C1CCC(CC2CCC(C3CCCCC3)CC2)CC1
C1CCC(CC2CCC(CCC3CCCC(C4CCCCC4)C3)C(C3CCCCC3)C2)CC1
C1CCC(C2CCCC(C3CCC(CC4CCCC4)CC3)C2)CC1
C1CCC(CCC2CCC(C3CCCCC3)CC2)CC1
C1CCC(CCCC2CCC(C3CCCC(C4CCCCC4)C3)CC2)CC1
C1CCC(CC2CCC(CC3CCCCC3)CC2)CC1
C1CCC(C2CCCCC2)CC1
C1CCC(C2CCC(CCCC3CCCC(C4CCCCC4)C3)CC2)CC1
C1CCC(CC2CCC(C3CCC(C4CCC5CCCCC54)CC3)CC2)CC1
C1CCC(CC2CCCC(C3CCC(CCC4CCC(C5CCCCC5)CC4)CC3)C2)CC1
C1CCC(C2CCCC(C3CCC(C4CCCCC4)C3)C2)CC1
C1CCC(CCC2CCCC(C3CCC(C4CCCCC4)C3)C2)CC1
C1CCC(CCC2CCCC(CCC3CCCC(C4CCCCC4)C3)C2)CC1
C1CCC(CCCC2CCC(CC3CCCC(CC4CC5CCCCC5C4)C3)CC2)CC1
C1CCC(C2CCCCC2CCC2CCCCC2C2CCCC2)C1
C1CCC(CCCCCC2CCC(C3CCCCC3)CC2)CC1
C1CCC(CC2CCC(C3CCCCC3)C(C3CCC4CCCC4C3)C2)CC1
C1CCC(CCCC2CCCC(C3CCCCC3)C2)CC1
C1CCC(CC2CCC(C3CCCC(CC4CC5CCCCC5C4)C3)CC2)CC1
C1CCC(C2CCC(C3CCC(C4CCC5CCCCC5C4)CC3)C3CCCC23)CC1
C1CCC(CCC2CCC(CC3CCCC(C4CCC(CC5CC5)CC4)C3)CC2)CC1
C1CCC(CCCCC(CC2CCC(CC3CCCCC3)CC2)C2CCCCC2)CC1
C1CCC(CC2CCC(CCCC3CC(C4CCCCC4)C4CCCCC34)CC2)CC1
C1CCC(C2CCCCC2C2CCCCC2)CC1
C1CCC(CCCC2CCCC(CC3CCCCC3)C2)CC1
C1CCC(CC2CCCC(C3CC(CC4CCCCC4)CC(C4CCCCC4)C3)C2)CC1
C1CCC(C2CCCC(C3CC(C4CCCCC4)CC(C4CC4)C3)C2)CC1
C(CCCC1CCC(C2CCCCC2)CC1)CCCC1CCCC(C2CCCCC2)C1
C1CCC(C2CCCC(C3CCC4CC(C5CCC6CCCCC65)CCC4C3)C2)C1
C1CCC(CCCCC2CC(C3CCCCC3)CC(C3CC3)C2)CC1
C1CCC(CC2CCCCC2C2CCCCC2CC2CCCCC2)CC1
C1CCC(CC2CCCCC2C2CCCCC2)CC1
C1CCC(C2CCC(CCC3CCC(C4CCCC4)C(C4CCC5CCCC5C4)C3)C2)CC1
C1CCC(CC2CCC(C3CC(CC4CCCCC4)C4CCCCC43)CC2)CC1
C1CCC(CC2CCC(CC3CCCCC3C3CCCCC3)CC2)CC1
C1CCC(C2CCCC(C3CCCC(CCCC4CCCC4)C3)C2)CC1
C1CCC(CC2CCCC(C3CCCC(CC4CCCCC4C4CCC5CCCC5C4)C3)C2)CC1
C1CCC(C2CCCC(C3CCCC3)C2)CC1
C1CCC(CC2CCCCC2)CC1
C(CCCC1CCCCC1)CCCC1CCC(CC2CCCCC2C2CCCC2)CC1
C1CCC(CC2CCCC(C3CCCC(CCC4CCC4)C3)C2)CC1
C1CCC(CC2CCCC(C3CCC(CC4CCCC4)CC3)C2)CC1
C1CCC(C2CCCCC2C2CCCC(C3CCC3)C2)CC1
C1CCC(CC2CCC(C3CCCC3)C(C3CC4CCCCC4C3)C2)CC1
C1CC(C2CCC(CC3CCC(C4CCCC(C5CCCC5)C4)CC3)CC2)C1
C1CCC(C2CCC(CCC3CCCCC3C3CCCC3)C2)CC1
C1CCC(C2CCC(CC3CCC(C4CCCCC4C4CCCC4)CC3)CC2)CC1
C1CCC(CC2CCC3C(CC4CCCC(C5CCC5)C4)CC(CC4CCCCC4)C3C2)CC1
C1CCC(CC2CCCCC2CC2CCC(CCC3CCCC3)CC2)CC1
C1CCC(CC2CCCCC2)CC1
C1CCC(C2CC3CCC(CC4CCC(C5CC6CCCCC6C5)CC4)CC3C(C3CCCCC3)C2)CC1
C1CCC(C2CCCC(C3CCCC(CC4CCCC4)C3)C2)CC1
C1CCC(CCC2CCC(CCC3CCCCC3)C(C3CCCCC3)C2)CC1
C1CCC(CC2CCC(CCC3CCC4CC(C5CCCCC5C5CCCCC5)CCC34)CC2)CC1
C1CCC(CCCC2CCC(C3CCCCC3)C(CC3CC3)C2)CC1
C1CCC(CC2CCCCC2CCCC2CC(C3CCCCC3)C3CCCCC23)CC1
C1CCC(CCCCCC2CCC(CC3CCCCC3)CC2)CC1
C1CCC(C2CCCC(C3CCCC(C4CCCCC4)C3)C2)CC1
C1CCC(CC2CCCC(C3CCCCC3)C2)CC1
C1CCC(CCCC2CCC(C3CCCCC3)CC2)CC1
C1CCC(CCC2CCC(CC3CCCCC3)CC2CCC2CCCCC2)CC1
C1CCC(CC2CCCCC2C2CCCCC2)CC1
C1CCC(C2CCC3C(CCCC3C3CCCCC3)C2)CC1
C1CCC(CC2CCCCC2C2CCC3CCCC3C2)CC1
C1CCC(C2CCC(C3CCCCC3C3CCCCC3CCCC3CC4CCCCC4C3)CC2)C1
C1CCC(CC2CC(C3CCCCC3)C3CCCCC23)CC1
C1CCC(CCC2CCCCC2C2CCC(C3CCCCC3)CC2)CC1
C1CCC(CCC2CCCC(CCC3CCCCC3)C2)CC1
C1CCC(CCC2C(CC3CCCCC3)CCCC2C2CCC2)CC1
C1CCC(CC2CC(C3CC3)CC(C3CCCC(C4CCCCC4)C3)C2)CC1
C1CCC(CCC2CCC(C3CCCCC3)CC2)CC1
C1CCC(CC2CCC(C3CCCCC3)CC2)CC1
C1CCC(CC2CCC(CC3CCC(CC4CCCC4)CC3)CC2)CC1
C1CCC(CC2CCCC(C3CCCC(C4CCC4)C3)C2)CC1
C1CCC(CCC2CC(CC3CCCC(C4CCCCC4C4CCC(C5CCCCC5)CC4)C3)C3CCCCC23)CC1
C1CCC(C2CCCC(CC3CCCC(C4CCCC4)C3)C2)CC1
C1CCC(CCC2CCC(C3CCCCC3)C(C3CCCC3)C2)CC1
C1CCC(CCCCC2CCCC(CC3CCCCC3)C2)CC1
C1CCC(CCCC2CCC(CCC3CCCCC3)CC2)CC1
C1CCC(CC2CCC(C3CCCCC3)CC2)CC1
C1CCC(CC2CC3CCC(C4CCCCC4)CC3C(C3CCCCC3)C2)CC1
C1CCC(CC2CCC(C3CCC(CC4CCCCC4)CC3)CC2)CC1
C1CCC(CC2CCCC(CC3CCCCC3)C2)CC1
C1CCC(C2CCC(CCCC3CCC(C4CCCCC4)CC3C3CCCC3)CC2)CC1
C1CCC(CC2CCCC(CCCC3CC(C4CCCCC4)C4CCCCC34)C2)CC1
C1CCC(CCC2CCC(CC3CCCCC3)CC2)CC1
C1CCC(C2CCC(CCCCC3CCC(C4CCCCC4)CC3)CC2)CC1
C1CCC(C2CCCC(CC3CC(C4CCC5CCCCC54)CC4CCCCC43)C2)CC1
C1CCC(CCCC2CCCC(CC3CCCCC3)C2)CC1
C1CCC(C2CCCC(CCC3CCCC4CC(C5CCCCC5)CCC34)C2)CC1
C1CCC(CC2CCC(CCC3CCC(C4CCCCC4)CC3)C(C3CCCCC3)C2)CC1
C1CCC(CC2CCC(CC3CCC(C4CCCC4)CC3)CC2)CC1
C1CCC(C2CCCC(C3CC(C4CCC4)C4CCCCC34)C2)CC1
C1CCC(CC2CCC(C3CCCCC3)CC2)CC1
C1CCC(CC2CCC(CC3CCC(C4CCC5CCCCC5C4)CC3)CC2)CC1
C1CCC(C2CCC(CC3CCCCC3C3CCC4CCCCC4C3)CC2)CC1
C1CCC(CCC2CCC(C3CCCCC3C3CCCC3)CC2)CC1
C1CCC(CC2CC(C3CCCCC3)C3CCCCC23)CC1
C1CCC(CCC2CCCC(C3CCCC(C4CCCCC4)C3)C2)CC1
C1CCC(C2CCC(C3CCCCC3)CC2)CC1
C1CCC(C2CCCCC2)CC1
C1CCC(CC2CCCCC2C2CCC(C3CCCCC3)CC2)CC1
C1CCC(C2CCC(CCCCC3CCC(C4CCCCC4)CC3)CC2)CC1
C1CCC(CC2CCCC(C3CCC4CCC(C5CCCCC5)CC43)C2)CC1
C1CCC(C2CCC(CC3CCCC(C4CC(CC5CCCC5)C5CCCCC54)C3)CC2)CC1
C1CCC(CC2CCC(C3CCCC(CC4CC5CCCCC5C4)C3)CC2)CC1
C1CCC(CC2CCC(C3CCC(C4CCCCC4)CC3)CC2)CC1
C1CCC(CCC2CCC(CC3CCCCC3)CC2)CC1
C1CCC(CC2CCC(CCC3CC(CC4CCCCC4)C4CCCCC34)CC2)CC1
C1CCC(CC2CCC(C3CCCCC3CC3CCCC4CCCCC43)C2)CC1
C1CCC(C2CCCCC2C2CCCC(C3CCCC3)C2)CC1
C1CCC(CC2CCCCC2CCC2CCC(C3CCCC3)CC2)CC1
C1CCC(CC2CC(C3CC3)C3CC(C4CCC(CC5CC6CCCCC6C5)CC4)CCC23)CC1
C1CCC(C2CCC(C3CCC4CCCCC43)CC2)CC1
C1CCC(CCC2CCCCC2C2CCCCC2)CC1
C1CCC(C2CCCCC2C2CCC(CC3CCCC3)CC2)CC1
C(CC1CCC(CC2CCCC2)CC1)CC1CCCC(CCC2CC2)C1
C1CCC(CC2CCCC(CC(C3CCCCC3)C3CCCCC3)C2)CC1
C1CCC(CC2CCCC(CC3CCCC(C4CCCC4)C3)C2)CC1
C1CCC(C2CCC(C3CCCCC3)CC2)CC1
C1CCC(CCC2CCC(C3CCCCC3)C(CC3CCCCC3)C2)CC1
C1CCC(CC2CCC(CCCCCC3CCC4CCCCC4C3)CC2)CC1
C1CCC(CCCC2CCC(CC3CCC(CCCCCC4CCC(C5CCCCC5)CC4)CC3)CC2)CC1
C1CCC(CCCC2CCC(C3CCC4C(CCC4C4CCCCC4)C3)CC2)CC1
C1CCC(CC2CCC(C3CCC(CC4CCC(C5CCCC5)CC4)CC3)CC2C2CCCCC2)CC1
C1CCC(C2CCC(C3CCCCC3)C(C3CCC(C4CCCC5CCCC54)CC3)C2)CC1
C1CCC(CC2CC(C3CCCCC3)CCC2C2CCCC2)CC1
C1CCC(C2CCCC(CC3CCCC(C4CCCCC4)C3)C2)CC1
C1CCC(C2CCC3C(CCCC3CC3CCCCC3C3CCCCC3)C2)CC1
C1CCC(CCCC2CC(C3CCC4CCCCC43)CC3CCCCC32)CC1
C1CC(CC2CCC3CCCCC32)CC(C2CCC3CCCC3C2)C1
C1CCC(CCC2CCC(C3CCC(C4CCC5CCCCC54)CC3)CC2)CC1
C1CCC(CCCC2CC(C3CCCCC3C3CCC4CCCCC4C3)C3CCCCC23)CC1
C1CCC(C2CCC(C3CCCC(C4CCCCC4)C3)CC2)CC1
C1CCC(CCC2CCC(C3CCCC(C4CCCCC4)C3)CC2CCC2CCCCC2)CC1
C1CCC(C2CCC(CCC3CCC(C4CCCC(C5CCC5)C4)CC3)C2)CC1
C1CCC(C2CCCC(C3CCCC(CC4CC4)C3)C2)CC1
C1CCC(CC2CCC(C3CCC(CC4CCCCC4)C3)CC2)CC1
C1CCC(C(CC2CC(C3CCCC4CCCCC43)C3CCCCC23)C2CCCC2)CC1
C1CCC(CCC2CC(C3CCCC(C4CCCC4)C3)C3CCCCC23)CC1
C1CCC(C2CCC(CC3CC(CC4CCCC(C5CCCCC5)C4)C4CCCCC34)CC2)CC1
C1CCC(C2CCC(C3CCCCC3C3CCCCC3)CC2)CC1
C1CCC(CCCC2CCC(CC3CCC(C4CCC(C5CCCC5)CC4)CC3)CC2)CC1
C1CCC(CCCC2CCCC(CC3CC(CCC4CCCCC4)C4CCCCC34)C2)CC1
C1CCC(CC2CCCCC2CC2CCC(C3CCCC3)CC2)CC1
C1CCC(CC2CC(C3CCC(CC4CCC(CCC5CC6CCCCC6C5)CC4)CC3)C2)CC1
C1CCC(CCC2CCCC(C3CCCC(CC4CCCCC4)C3)C2)CC1
C1CCC(CCCC(CCC2CCCCC2)C2CCCCC2C2CCCCC2)CC1
C1CCC(CC2CCC(CCC3CCC(C4CCCC4)CC3)CC2)CC1
C1CCC(CCCCCC2CCC(C3CCC(C4CCCCC4)CC3)CC2)CC1
C1CCC(CC2CCCCC2C2CCCCC2)CC1
C1CCC(C2CCC3CCC(CC4CCC(CCC5CCCC5)CC4)CC3C2)CC1
C1CCC(CCCCC(C2CCCCC2)C2CCC3CCCCC3C2)CC1
C1CCC(CC2CCCC(CCC3CCCC4CCCCC43)C2)CC1
C1CCC(C2CCC(C3CCCC(CC4CCC5CCCCC54)C3)CC2)C1
C1CCC(CC2CCC3C(CC4CCCCC4)CC(CCCC4CCCC(C5CCC5)C4)C3C2)CC1
C1CCC(C2CC3CCCCC3C(C3CCCCC3)C2)CC1
C1CCC(CC2CCCC(C3CCC(C4CCCCC4)CC3)C2)CC1
C1CCC(CCC2CCC3C(C4CCCCC4)CC(C4CCCCC4)C3C2)CC1
C1CCC(C2CCC(C3CCCCC3)C(C3CCC(CC4CC4)CC3)C2)CC1
C1CCC(CCCCCC2CCC(CC3CCCCC3)CC2)CC1
C1CCC(CCCC2CCC(C(CC3CCCCC3)C3CCCC3)CC2)CC1
C1CCC(CCCCC2CCCC(C3CCCCC3)C2)CC1
C1CCC(CCC2CCCCC2C2CCC(C3CCC3)CC2)CC1
C1CCC(C2CCC(CCC3CCCC(C4CC5CCCCC5C4)C3)CC2)CC1
C1CCC(C2CCCC(C3CCCC(C4CCCCC4)C3)C2)CC1
C1CCC(CCC2CCCC(C3CCCCC3C3CCC(C4CCCCC4)CC3)C2)CC1
C1CCC(C2CCCC(CC3CCC(CCC4CCCC4)CC3)C2)CC1
C1CCC(CCC2CCCC(C3CCC(C4CCCCC4)C(C4CCCCC4)C3)C2)CC1
C1CCC(CCCCC2CCC3C(CCCC3C3CCC(CC4CC5CCCCC5C4)CC3)C2)C1
C1CCC(CC2CCCC(CC3CCCC(C4CCCCC4)C3)C2)CC1
C1CCC(C2CCCCC2C2CCCCC2C2CCCCC2)CC1
C1CCC(CCCC2CCCC(CC3CCCCC3)C2)CC1
C1CCC(C2CCCC(C3CC(C4CCCCC4)CC(C4CCCCC4)C3)C2)CC1
C1CCC(CC2CCCCC2)CC1
C1CCC(C2CCCC(C3CCCC3)C2)CC1
C1CCC(CCC2CCCC(C3CC(CC4CCCCC4)CC(CC4CCCCC4)C3)C2)CC1
C1CCC(CC2CCC(C3CCCC(CC4CCCCC4)C3)CC2)CC1
C1CCC(CCC2CC(C3CC3)CCC2CC2CCCCC2)CC1
C1CCC(C2CCCC(C3CCC(C4CCCCC4C4CCCCC4)CC3)C2)CC1
C1CCC(CC2CCCC(C3CCCC(CC4CCC4)C3)C2)CC1
C1CCC(CC2CCC(C3CC(C4CCCCC4)CCC3C3CCC3)CC2)CC1
C1CCC(C2CCC(CCCCC3CCCC(C4CCCCC4)C3)CC2)CC1
C1CCC(CCCC2CCCC(C3CCCC(C4CCCCC4)C3)C2)CC1
C1CCC(CC2CCCCC2C2CCCC(C3CCC(CCC4CCCC4)CC3)C2)CC1
C1CCC(C2CCC(C3CCCCC3)CC2)CC1
C1CCC(CCC2CCC(C3CC3)CC2C2CCCC(CC3CCCCC3)C2)CC1
C1CCC(CC2CCC(C3CCCC(C4CCCCC4C4CCCC4)C3)CC2)CC1
C1CCC(CC2CCC(CC3CCCCC3)C(CC3CCCCC3)C2)CC1
C1CCC(CC2CCC(CC3CCC(C4CCCCC4CC4CCCCC4)CC3)CC2)CC1
C1CCC(C2CCC(C(C3CCCCC3)C3CC3)CC2)CC1
C1CCC(CCC2CCCCC2C2CCC(C3CC4CCCCC4C3)CC2)CC1
C1CCC(CCC2CCC(CCCC3CCC(CCC4CCCCC4)CC3)CC2)CC1
C1CCC(C2CCC(C3CCCCC3)CC2)CC1
C1CCC(CC2CCCC(CCC3CCCCC3C3CCC4CCCC4C3)C2)CC1
C1CCC(CCC2CC(CC3CCCCC3)C(C3CCCCC3)C(C3CCCCC3)C2)CC1
C1CCC(C2CCCC(CCCC3CCC(C4CCCC4)CC3)C2C2CCCCC2)CC1
C1CCC(CCC2CCC(CCC3CCCCC3)CC2)CC1
C1CCC(CC2CCCC(C3CCCC(C4CCCCC4)C3)C2)CC1
C1CCC(CCCC2CCCCC2)CC1
C1CCC(CCCC2CCC(CC3CCCC(C4CCCCC4)C3)CC2)CC1
C1CCC(C2CCCC(CC3CCCC(C4CCCCC4)C3)C2)CC1
C1CCC(CC2CCC(CC3CCCC(C4CCC(C5CCCCC5)CC4)C3)CC2)CC1
C1CCC(CCCCC2CCCC(CC3CCCCC3)C2)CC1
C1CCC(CCCC2CCCCC2)CC1
C1CCC(C2CCCC(C3CCCC(C4CCCC(CCC5CCCC5)C4)C3)C2)CC1
C1CCC(CC2CCCCC2CC2CCCCC2C2CCCCC2)CC1
C1CCC(CCC2CCC(C3CCCCC3)CC2)CC1
C1CCC(CC2CC(C3CCCCC3)C3CCCCC23)CC1
C1CCC(CCCC2CCC(CC3CCC(CC4CCCCC4)CC3)CC2)CC1
C1CCC(CCC2CCC(C3CCCC(C4CCCCC4)C3)CC2)CC1
C1CCC(C2CC(CC3CCC4CCCCC4C3)C3CCCCC32)CC1
C1CCC(C2CCC(CC3CCC(CCC4CCCC(C5CCCCC5)C4)CC3)CC2)CC1
C1CCC(CC2CCCC(CC3CCCCC3)C2)CC1
C1CCC(CC2CCC(C3CCC(CC4CCCCC4)CC3)CC2)CC1
C1CCC(CC2CCCCC2C2CCCCC2)CC1
C1CCC(CCC2CCC3CCC(CC4CCCCC4)CC3C2)CC1
C1CCC(CC2CCCC(C3CCCC(CC4CCCCC4)C3)C2)CC1
C1CCC(CCCCC2CCC(CC3CCC(CCC4CCCCC4)CC3)CC2)CC1
C1CCC(CCCC2CC(C3CCCC3)C3CCCC3C2C2CCC(C3CCCCC3)CC2)CC1
C1CCC(C2CCC(CC3CCCC(C4CCCCC4)C3)CC2)CC1
C1CCC(C2CCCC(CCCC3CCC(C4CCCCC4C4CCCC4)CC3)C2)CC1
C1CCC(CCCC2CCC(CC3CCCCC3)CC2)CC1
C1CCC(CCCC2CCCCC2C2CCCC2)CC1
C1CCC(CCC2CCC(C3CCCC(C4CCCCC4)C3)C(C3CCCC3)C2)CC1
C1CCC(CC2CCC(C3CCCCC3)CC2)CC1
C1CCC(CCC2CCCC(C3CCCCC3)C2)CC1
C1CCC(CCC2CCC(C(C3CCCCC3)C3CCCCC3C3CCCC3)CC2)CC1
C1CCC(CC2CCC(C3CC(CC4CCCCC4)C4CCCCC43)CC2)CC1
C1CCC(CCC2CCCCC2CCC2CCC(CC3CCCCC3)CC2C2CCCCC2)CC1
C1CCC(CCCCC2CCC(CC3CCC(CC4CCCCC4)CC3)CC2)CC1
C1CCC(C2CCCC(CCC3CCCC(CC4CCCC4)C3)C2)CC1
C1CCC(CC2CCCC(C3CCCCC3)C2)CC1
C1CCC(CC2CCC(C3CC3)CC2C2CCCCC2)CC1
C1CCC(CCC2CCC(CC3CCC(CC4CCCCC4)CC3)CC2)CC1
C1CCC(CC2CCC(C3CCCCC3C3CCCCC3)CC2)CC1
C1CCC(CCC2CCCC(C3CCCCC3CCC3CCCCC3)C2)CC1
C1CCC(C2CCC3CC(C4CCC(CC5CCC(CC6CC7CCCCC7C6)CC5)C4)CCC32)CC1
C1CCC(CC2CCCC(C3CCC4CCCC4C3)C2)CC1
C1CCC(CC2CCC(C3CCCCC3)CC2CC2CC2)CC1
C1CCC(C2CC(C3CCC4CCCCC4C3)C3CCCCC23)CC1
C1CCC(C2CCCC(CC3CCCCC3C3CCC4CCCCC4C3)C2)CC1
C1CCC(CC2CCC(C3CCCCC3)CC2C2CCCCC2)CC1
C1CCC(CC2CCC(CC3CCC4CCCCC4C3)CC2)CC1
C1CCC(CC2CCC(CC3CCCCC3)CC2)CC1
C1CCC(CCC2CCCC(C3CCCCC3CC3CCCCC3)C2)CC1
C1CCC(CCC2CCCCC2C2CCC(CC3CCCCC3)CC2)CC1
C1CCC(CC2CCCC(C(CC3CCC4CCCC4C3)C3CCCC(C4CCCC4)C3)C2)CC1
C1CCC(CC2CCC(C3CCCCC3C3CCCCC3)CC2)CC1
C1CCC(CCC2CCC(CC3CCCCC3)CC2)CC1
C1CCC(CCCC2CCCC(C3CCC(CCC4CC5CCCCC5C4)CC3)C2)CC1
C1CCC(CCC2CCC(CC3CCCCC3CC3CCCCC3)CC2)CC1
C1CCC(C2CC(CC3CC3)CC(C3CCCCC3)C2)CC1
C1CCC(C2CCCC(C3CCCC3)C2)CC1
C1CCC(C2CCC3CC(C4CCCC5CCCCC54)CC(C4CCCCC4)C3C2)CC1
C1CCC(CC2CC(C3CCCCC3)CC(C3CCCCC3)C2)CC1
C1CCC(CC2CCCCC2CC2CC3CCCCC3C2)CC1
C(CCCC1CCCC(C2CCC3CC(C4CCCC(C5CC5)C4)CCC32)C1)CCC1CCCCC1
C1CCC(C2CCCC(CC3CCCC(C4CCCC4)C3)C2)C1
C1CCC(C2CCCCC2)CC1
C1CCC(CCC2CCCC(C3CCC(CCC4CCCC5CCCCC54)CC3)C2)CC1
C1CCC(CCCC2CCC(CC3CCC(CC4CCCCC4)CC3)CC2)CC1
C1CCC(CC2CCC(CC3CCC(CCCC4CCCC4)CC3)CC2)CC1
C1CCC(CCCCC2CCC(CC3CCC(C4CCCCC4)CC3)CC2)CC1
C1CCC(CCC2CCCC(CCC3CCCCC3)C2)CC1
C1CCC(CC2CC(CCC3CCC(C4CCCCC4)CC3)CC(C3CCCCC3)C2)CC1
C1CCC(CCCC2CCCCC2)CC1
C1CCC(CC2CCC(C3CCCCC3)C(C3CCC4CCCC4C3)C2)CC1
C1CCC(CCCC2CCCC(CCC3CC4CCCCC4C3)C2)CC1
C1CCC(CC2CCCCC2CC2CCC(CC3CCCCC3)C(C3CCCCC3)C2)CC1
C1CCC(CC2CCC(C3CCCC(C4CCCCC4)C3)CC2)CC1
C1CCC(C2CCCC(C3CCC4CCCCC43)C2)CC1
C1CCC(CCCC2CCC(C3CCCC(C4CCCCC4)C3)CC2)CC1
C1CCC(CC2CCC(C3CCCCC3)CC2)CC1
C1CCC(C2CCCC(C3CCC(CCC4CC4)CC3)C2)CC1
C1CCC(CC2CCCCC2CC2CCC(C3CCCCC3CC3CCCCC3)CC2)CC1
C1CCC(CC2CCCCC2CC2CCC3C(CCC3C3CCCC3)C2)CC1
C1CCC(C2CCCC(C3CCCCC3)C2)CC1
C1CCC(CCC2CCC(CC3CCCC3)CC2)CC1
C1CCC(CCCCCC2CCC(C3CCCC(C4CCCC4)C3)CC2)CC1
C1CCC(C2CCC3C(CCCC3C3CCCCC3)C2)CC1
C1CCC(C2CCC(CC3CCC(C4CCCCC4)C(C4CCCCC4)C3)C2)CC1
C1CCC(C2CCCC(C3CCC(CC4CCC(C5CCCCC5C5CCCC5)CC4)CC3)C2)CC1
C1CCC(CC2CCCC(CC3CCCCC3)C2)CC1
C1CCC(CC2CCC(CCC3CCCC(CC4CCCCC4)C3)CC2)CC1
C1CCC(CC2CCCCC2C2CC(C3CCCCC3)C3CCCCC32)CC1
C1CCC(CC2CCCC(C3CCC(C4CCCCC4C4CCCCC4)CC3)C2)CC1
C1CCC(C2CC(C3CC4CCCCC4C3)CC(C3CCCCC3)C2C2CCCCC2)CC1
C1CCC(CCCC2CCCC(C3CCCC(C4CCCCC4)C3)C2)CC1
C1CCC(CCCCC2CCC(CC3CCCCC3)CC2)CC1
C1CCC(CCC2CCC(C3CCC4CCCCC43)CC2)CC1
C1CCC(C2CCC(C3CCCCC3)CC2)CC1
C1CCC(CCC2CCC(CCC3CCCCC3C3CCC(CC4CC4)CC3)CC2)CC1
C1CCC(CCC2CCC(CCCCC3CCC(CC4CCC(CC5CCCCC5)CC4)CC3)CC2)CC1
C1CCC(CCCCC2CCC(CC3CCCCC3)CC2)CC1
C1CCC(CCCC2CCC(CCC3CCCCC3CC3CCCCC3)CC2)CC1
C1CCC(CCC2CCC(C3CCCCC3)CC2)CC1
C1CCC(CCC2CCC(C3CCCCC3)C(CC3CCCCC3)C2)CC1
C1CCC(C2CCC(C3CCC(C4CCCC4)CC3)CC2)CC1
C1CCC(CC2CCC(CC3CCCCC3C3CCC4CCCCC4C3)CC2)CC1
C1CCC(C2CCCC(CC3CC3)C2)CC1
C1CCC(C2CCC(C3CCC(C4CCC5CCCCC5C4)C3C3CCCCC3)CC2)CC1
C1CCC(C2CCC(CC3CCC(C4CCC4)CC3)CC2)CC1
C1CCC(C2CCC(C3CCC(C4CCCCC4)CC3)CC2)CC1
C1CCC(CCC2CCC(CCC3CCC(CC4CCCCC4)CC3)CC2)CC1
C1CCC2CC(CC3CCC(C4CCCCC4CC4CC5CCCCC5C4)CC3)CC2C1
C1CCC(CCCCC2CCC(CC3CCCCC3)CC2CCCCC2CCCCC2)CC1
C1CCC(CC2CCC(C3CCC4CCCCC43)CC2)CC1
C1CCC(CC2CCC(CC3CCCCC3C3CCCCC3)CC2)CC1
C1CCC(CC2CCCCC2C2CCCCC2C2CCCCC2)CC1
C1CCC(C2CCCCC2)CC1
C1CCC(C2CCCC(C3CCCCC3)C2)CC1
C1CCC(C2CCC(C3CCCC(CCC4CC5CCCCC5C4)C3)CC2)C1
C1CCC(CCC(C2CCCCC2)C2CCCC(C3CCCC(CC4CCCC4)C3)C2)CC1
C1CCC(CCCC2CCC(C3CCC(CC4CC4)CC3)CC2)CC1
C1CCC(C2CCC(C3CCCCC3C3CCCC3)CC2)CC1
C1CCC(CC2CCC(C3CCCCC3)C(CC3CCCCC3)C2)CC1
C1CCC(C2CCC3CC(C4CCCCC4C4CCC5CCCCC5C4)CCC32)CC1
C1CCC(C2CCCCC2C2CCCCC2C2CCCCC2)CC1
C1CCC(CC2CCCCC2CC2CC3CCCCC3C2)CC1
C1CCC(CC2CCC(C3CCCC(C4CCC5CCCCC5C4)C3)CC2)CC1
C1CCC(C2CCC(CCCC3CCCC(C4CCCCC4)C3)CC2)CC1
C1CCC(C2CCCC(CC3CCCC(CC4CCC5CCCCC54)C3)C2)CC1
C1CCC(C2CCC(CC3CCC(CC4CCC(C5CCCC5)CC4)CC3)CC2)C1
C1CCC(CC2CCCCC2C2CCCCC2C2CCCCC2)CC1
C1CCC(CCC2CCCCC2C2CCCC(CC3CCCCC3)C2)CC1
C1CCC(C2CCC(C3CCC(C4CCC5CCCCC5C4)CC3)CC2)CC1
C1CCC(C2CCCCC2C2CCCCC2C2CCC(C3CCCC3)CC2)CC1
C1CCC(CCC2CCC(CC3CCC(C4CCCCC4)CC3)CC2)CC1
C1CCC(C2CCC3C(CCCC4CCC(C5CCC6CCCCC65)CC4)CCCC3C2)CC1
C1CCC(CCCC2CC(C3CCCCC3)CC(C3CCCC3)C2)CC1
C1CCC(C2CCC(C3CCCCC3C3CCC4CCCCC43)CC2)CC1
C1CCC(CC2CCC(C3CCC(CC4CCCCC4)CC3)CC2)CC1
C1CCC(C2CCCC(CC3CCCC(C4CCCC(C5CCCC5)C4)C3)C2)CC1
C1CCC(CCCC2CCCC(CCC3CCCCC3)C2)CC1
C1CCC(CC2CCCCC2C2CCCC(C3CCCCC3)C2)CC1
C1CCC(CC2CCCC(C3CCC4CCC(C5CCCCC5)CC4C3)C2)CC1
C1CCC(C2CCCC(C3CCC(CCCC4CCCC4)CC3)C2)CC1
C1CCC(CC2CCCC(C3CCCCC3)C2)CC1
C1CCC(CC2CCCC(C3CCCCC3)C2)CC1
C1CCC(C2CCCC(CC3CCCC(C4CCCCC4)C3)C2)CC1
C1CCC(CC2CCC(CC3CCCCC3)CC2)CC1
C1CCC(CC2CCC(C3CCCCC3)CC2)CC1
C1CCC(CCC(C2CCCC(C3CCCC3)C2)C(C2CCCCC2)C2CCCCC2)CC1
C1CCC(CCC(C2CCCCC2)C2CCC(C3CCCCC3)C2)CC1
C1CCC(C2CCCCC2CC2CCC(CCC3CCC4CCCCC4C3)CC2)CC1
C1CCC(CCCCC2CCC(CC3CCC(C4CCCCC4)CC3)CC2)CC1
C1CCC(CC2CCC(CC3CCCCC3)CC2)CC1
C1CCC(CCC2CCC3CCC(C4CCCCC4)C3C2)CC1
C1CCC(CCC2CCC(CCC3CCC(CCCCC4CC5CCCCC5C4)CC3)CC2)CC1
C1CCC(C2CCCC(C3CCC3)C2)CC1
C1CC2CCC(CC3CCC(C4CC4)CC3)CC2C1
C1CCC(CC2CCCC(CC3CCC(CC4CCCCC4)CC3C3CCCCC3)C2)CC1
C1CCC(CCC2CCCCC2)CC1
C1CCC(CC2CCC(CC3CC(C4CCC(CC5CCCCC5)CC4)C4CCCCC34)CC2)CC1
C1CCC(CCCCC(CC2CCCC(C3CCCCC3)C2)C2CCCCC2)CC1
C1CCC(C2CCCCC2C2CCCCC2)CC1
C1CCC(CCCCCC2CCC(C3CCCC3)C(C3CCCC3)C2)CC1
C1CCC(CCCC2CCC(CCCC3CCCC(C4CCCCC4)C3)CC2)CC1
C1CC(CC2CC3CCCCC3C2)CC(C2CCC(CC3CCC4CCCCC43)CC2)C1
C1CCC(CCCCC2CCC(CC3CCCCC3)CC2)CC1
C1CCC(CC2CCCC(C3CCC(C4CCCC4)CC3)C2)CC1
C1CCC(CC2CCC(CC3CCCC(C4CCCC(CC5CC5)C4C4CCCCC4)C3)CC2)CC1
C1CCC(C2CC(C3CCC4CCCCC43)CC3CCCCC32)CC1
C1CCC(CCC2CCC(C3CCC4CCCCC43)CC2)CC1
C1CCC(CC2CCCC(CC3CCCCC3)C2)CC1
C1CCC(C2CCCCC2C2CCCC(CC3CCCCC3C3CCC4CCCC4C3)C2)CC1
C1CCC(CC2CCC(CC3CCCCC3)CC2)CC1
C1CCC(C2CCCCC2)CC1
C1CCC(C2CCC(C3CCCC(CCCC4CCC(C5CCCC5)CC4)C3)CC2)CC1
C1CCC(CCCC2CCC(C3CCC(C4CCCC(CC5CC6CCCCC6C5)C4)CC3)CC2)C1
C1CCC(CC2CCC(CC3CCCCC3C3CCCCC3)CC2)CC1
C1CCC(CC2CCC(C3CCCC(CC4CCCCC4)C3)CC2)CC1
C1CCC(CC2CCC(C3CCCC(CC4CCCCC4)C3)CC2)CC1
C1CCC(C2CCC(C3CCC4CCCCC4C3)CC2)CC1
C1CCC(CCC2CCC(CCCC3CCCC(C4CCCCC4)C3)CC2)CC1
C1CCC(CC2CCC(CC3CCC(C4CCC(C5CCCCC5)C(C5CCCC5)C4)C3)CC2)CC1
C1CCC(CC2CCCC(C3CCCCC3CC3CCC(C4CCCCC4)CC3)C2)CC1
C1CCC(C2CCCCC2C2CCC(C3CCC4CCCCC43)CC2)CC1
C1CCC(CC2CCC(C3CCCCC3CCC3CCCC3)CC2)CC1
C1CCC(CC2CCC(C3CCC4CCCC(C5CCC(C6CCCC6)C5)C4C3)CC2)CC1
C1CCC(CC2CCC(C3CCCCC3C3CCC4CCCC4C3)CC2)CC1
C1CCC(CC2CCC(C3CCCCC3)CC2)CC1
C1CCC(C2CC(CC3CCC4CCCCC43)CC(C3CCCC3)C2)CC1
C1CCC(CC2CCC(CC3CCCCC3)CC2)CC1
C1CCC(C2CCC(CC3CCC(C4CCCCC4C4CCCC4)CC3)CC2)C1
C(CC1CCCC(CC2CCC3CCCCC32)C1)CC1CC2CCCCC2C1
C1CCC(CC2CCCCC2C2CCCCC2C2CCCCC2)CC1
C1CCC(CC2CCC(CC3CCCC(C4CCC(C5CCC6CCCCC65)CC4)C3)CC2)CC1
C1CCC(CCC2CCC(CC3CCCCC3C3CCCCC3)CC2)CC1
C1CCC(C2CCC(CC3CCCC(CCC4CCC5CCCCC54)C3)CC2CCC2CCCC2)CC1
C1CCC(CCC2CCC(CC3CCCCC3)CC2)CC1
C1CCC(CCC2CCCC3CC(CC4CCC(C5CCCC5)CC4)CCC23)CC1
C1CCC(CCCC2CCCC(CC3CCCC3)C2)CC1
C1CCC(C2CCC(CCC3CCCCC3C3CCC3)CC2)CC1
C1CCC(C2CCCC(C3CCCC(C4CCCCC4)C3)C2)CC1
C1CCC(C2CC(C3CCCCC3C3CCCC3)C3CCCCC23)CC1
C1CCC(CCC2CCC(C3CCCC(C4CCCCC4)C3)CC2)CC1
C1CCC(CC2CCC(C3CC(CC4CCCCC4)C4CCCCC43)CC2)CC1
C1CCC(CCCC2CCC3CC(C4CCCCC4C4CCCCC4)CC3C2)CC1
C1CCC(CC2CCC(CC3CCC(CCC4CCCC4C4CCCC4)CC3)CC2)CC1
C1CCC(CCCC2CCC(CCCC3CCCCC3)CC2)CC1
C1CCC(C2CCC(C3CCCCC3)CC2)CC1
C1CCC(CC2CCC(CC3CCCC(CC4CCC5CCCC5C4)C3)CC2)CC1
C1CCC(CC2CC(C3CCCCC3)C3CC(CCC4CCC(C5CCCCC5)CC4)CCC23)CC1
C1CCC(C2CCC(C3CCC(CC4CCC5CCC(C6CCCCC6)C5C4)CC3)CC2)CC1
C1CCC(CC2CCC(C3CCCCC3)C(C3CCCCC3)C2)CC1
C1CCC(C2CC(C3CCC4CCCCC43)CC3CCCCC32)CC1
C1CCC(CC2CCC(CC3CCCCC3)CC2)CC1
C1CCC(C2CCC3C(CC4CCC(C5CCC6CCCCC65)CC4)CCCC3C2)CC1
C1CCC(CCC2CCCCC2)CC1
C1CCC(CCC2CCC(C3CCCC(CC4CC5CCCCC5C4)C3)CC2)CC1
C1CCC(CC2CCC(C3CCCC(C4CCCCC4C4CCCCC4)C3)CC2)CC1
C1CCC(CC2CCCCC2CCC2CCCC(C3CCCC(C4CCCCC4)C3)C2)CC1
C1CCC(CCC2CCCCC2CC2CCCCC2)CC1
C1CCC(CCC2CCCC(C3CCCCC3C3CCC(CC4CCCCC4)CC3)C2)CC1
C1CCC(CC2CCCC(CC3CCCC(C4CCC5CCCC5C4)C3)C2)CC1
C1CCC(C2CCC(C3CCCC3)CC2)CC1
C1CCC(CCC2CCC(C3CCCCC3)CC2C2CCCCC2)CC1
C1CCC(C2CCC(CCC3CC4CCCCC4C3)CC2C2CCCCC2)CC1
C1CCC(CC2CCCC(C3CCCCC3)C2)CC1
C1CCC(CCCCCC2CCCCC2)CC1
C1CCC(CCCC2CCCC(CC3CCCCC3CC3CCCCC3)C2)CC1
C1CCC(CCC2CCC(C3CCCC(CC4CCCCC4)C3)CC2)CC1
C1CCC(CC2CC(CC3CCC(C4CCCCC4)CC3)C(C3CCCCC3)C2)CC1
C1CCC(C2CCC(CCC3CCC(C4CC4)CC3)CC2)CC1
C1CCC(CC2CC(C3CCCCC3)CC(C3CCCC(C4CC4)C3)C2)CC1
C1CCC(C2CC(C3CCC4CCCCC43)CC3CCCCC32)CC1
C1CCC(C2CCCC(C3CCCCC3)C2)CC1
C1CCC(C2CCCC(C3CCC(C4CCCCC4)CC3C3CCCCC3)C2)CC1
C1CCC(CCCC2CCCC(CCCC3CCCCC3)C2)CC1
C1CCC(CCC2CCCCC2C2CCCCC2)CC1
C1CCC(CCC2CCC(CC3CCC(C4CCCC4)CC3)CC2)CC1
C1CCC(CC2CCCC(C3CCC(C4CCCC(C5CCCCC5)C4)CC3)C2)CC1
C1CCC(C2CCC(CCCCC3CCCCC3C3CCC4C(CCCC4C4CCCCC4)C3)CC2)CC1
C1CCC(CCCC2CCC(C3CCC4CCCCC43)CC2)CC1
C1CCC(C2CC(CC3CCC4CCCCC43)CC3CCCCC32)CC1
C1CCC(CC2CCC(C3CCCC(CC4CCCC4)C3)CC2)CC1
C1CCC(C2CCCC(CC3CCC(C4CCCCC4)CC3C3CCCC3)C2)CC1
C(CCC1CCC2C(CCC3CCCCC32)C1)CC1CCC2CCCCC2C1
C1CCC(C2CCCCC2)CC1
C1CCC(CCC2CCCC(C3CCCCC3)C2)CC1
C1CCC2CC(CC3CCCC(C4CCCCC4C4CCCC4)C3)CC2C1
C1CCC(CCC2CCC(C3CCCCC3)CC2)CC1
C1CCC(C2CCC(C3CCCCC3C3CCC(C4CC4)CC3)C2)CC1
C1CCC(C2CCC(C3CCCC3)C(C3CCCC3)C2)CC1
C1CCC(CC2CCCC(CC3CCCC(CC4CCCCC4)C3)C2)CC1
C1CCC(CC2CCCCC2C2CCCC(C3CCCCC3)C2)CC1
C1CCC(CC2CCC(C3CCCC(C4CC4)C3)C(C3CCCCC3)C2)CC1
C1CCC(CC2CCCC(C3CCCC(CC4CCCCC4)C3)C2)CC1
C1CCC(C2CCCC(C3CCCCC3CC3CCC4CCCCC43)C2)CC1
C1CCC(CCC2CCCCC2C2CCC(C3CCCCC3)CC2)CC1
C1CCC(CC2CCCCC2CCC2CCC(C3CCCC3)CC2)CC1
C(CCCC1CCC2C(CCC2CC2CCCC(C3CCCCC3)C2)C1)CCC1CCCCC1
C1CCC(CCCC2CC(CC3CCCCC3)C3CCCCC23)CC1
C1CCC(CCC2CCCC(C3CCCC(C4CCCCC4)C3)C2)CC1
C1CCC(CCC2CCCC(C3CCCCC3)C2)CC1
C1CCC(CC2CCCCC2)CC1
C1CCC(CC2CCCC(C3CCCCC3)C2)CC1
C1CCC(CC2CCC(C3CCCCC3C3CCCCC3)CC2)CC1
C1CCC(C2CCC(C3CCCC(CC4CC5CCCCC54)C3)CC2)CC1
C1CCC(CCCC2CCCCC2CC2CCC(CC3CCC(C4CCCC4)CC3)CC2)CC1
C1CCC(CCCC2CCC(CC3CCCCC3)CC2)CC1
C1CCC(C2CCC(CC3CCC(CCC4CCC5CCCCC54)CC3)CC2)CC1
C1CCC(CC2CCC(C3CCCC(C4CCCCC4)C3)CC2)CC1
C1CCC(CC2CCCCC2C2CCC3CCC(C4CCCCC4)CC3C2)CC1
C1CCC(CC2CCCCC2CC2CCCC(C3CCCCC3)C2)CC1
C1CCC(CCC2CC(CCC3CCCCC3)CC(C3CCCCC3)C2)CC1
C1CCC(CC2CCC(C3CCCCC3)CC2)CC1
C1CCC(CC2CCCC(C3CCCCC3)C2)CC1
C1CCC(CC2CCCC(C3CCCC4CCCCC43)C2)CC1
C1CCC(CC2CCCCC2)CC1
C1CCC(CCC2CCC(C3CCCCC3)CC2C2CCCCC2)CC1
C1CCC(C2CCC(CC3CCCC(CCC4CCC5CCCCC54)C3)CC2)CC1
C1CCC(C2CCC3CC(C4CC5CCCCC5C4)CCC3C2)CC1
C1CCC(CC2CCCC(CC3CC(C4CCCCC4)CC(C4CC4)C3)C2)CC1
C1CCC(CC2CCCC(C3CCCC(CC4CC4)C3)C2)CC1
C1CCC(C2CCC(C3CCC3)CC2)CC1
C1CCC(CC2CCC(C3CCCC(C4CCC4)C3)C(C3CCCCC3)C2)CC1
C1CCC(CC2CCCC(C3CCCC(CC4CCC(C5CCC6CCCCC6C5)C4)C3)C2)CC1
C1CCC(CC2CCC(C3CCCCC3CC3CCCC(CC4CCCCC4)C3)CC2)CC1
C1CCC(C2CCCCC2C2CCC(C3CCC(C4CCC(C5CCC6CCCC6C5)CC4)CC3)CC2)CC1
C1CCC(CC2CCC(C3CCCC(CC4CCCCC4)C3)CC2)CC1
C1CCC(CCCC2CCC(C3CCCCC3)CC2)CC1
C1CCC(CC2CCC(C3CCCCC3)CC2)CC1
C1CCC(C2CCCCC2C2CCCCC2)CC1
C1CCC(CCC2CCCC(C3CCC(C4CCCCC4)CC3)C2)CC1
C1CCC(CCC2CCC(CC3CCC4CCCCC43)CC2)CC1
C1CCC(CC2CCC(C3CCC(CC4CC5CCCCC5C4)CC3)CC2)CC1
C1CCC(C2CCC(CCC3CC4CCCCC4C(C4CCCCC4)C3)CC2)CC1
C1CCC(CCCC2CCCC(CCC3CC(CC4CCCCC4)C4CCCCC34)C2)CC1
C1CCC(CC2CC(C3CCC(CC4CCCC4)CC3)C3CCCCC23)CC1
C1CCC(CC2CCC(C3CCCCC3)C(C3CCC4CCCC4C3)C2)CC1
C1CCC(CC2CC(C3CCCCC3)C3CCCCC23)CC1
C1CCC(CC2CCCC(CC3CC(CC4CCCCC4)C4CCCCC34)C2)CC1
C1CCC(CC2CCCC(CCC3CCCC(C4CCCCC4)C3)C2)CC1
C1CCC(CCCC2CCCCC2)CC1
C1CCC(C2CCCC(C3CCC(C4CCC5CCCCC54)CC3)C2)CC1
C1CCC(C2CCCC(C3CCCC(C4CCCC4)C3)C2)CC1
C1CCC(CCCC2CCCC(C3CCCCC3C3CCCC3)C2)CC1
C1CCC(CCCCCC2CCC(C3CCC(CC4CCCCC4)CC3)CC2)CC1
C1CCC(CC2CCCC(CCCC3CCCCC3CC3CCCCC3)C2)CC1
C1CCC(C2CCC3C(CCCC3C3CCC(C4CCCC(C5CCCC5)C4)CC3)C2)CC1
C1CCC2C(C1)CCC2C1CC2CCCCC2C(C2CCCC2)C1
C1CCC(CC2CCCCC2C2CCCC(CC3CCCC3)C2)CC1
C1CCC(CCCC2CCCCC2)CC1
C1CCC(CCC2CCCC(CCCC3CCCCC3CC3CCCCC3)C2)CC1
C1CCC(CC2CCCC2C2CCCCC2C2CCCC(C3CCCCC3)C2)CC1
C1CCC(C2CC(C3CCCCC3)CC(C3CCC3)C2)CC1
C1CCC(CCC2CCC(CCC3CCCCC3)CC2)CC1
C1CCC(CC2CCCCC2C2CCCCC2)CC1
C1CCC(C2CCC(CC3CCCCC3C3CCCCC3)CC2)CC1
C1CCC(CCCCC2CC(CC3CCCC(C4CCC(CC5CCCCC5)CC4)C3)C3CCCCC23)CC1
C1CCC(CC2CCCC(C3CCC(C4CCCC4)CC3)C2)CC1
C1CCC(CCCC2CCCCC2C2CCCCC2)CC1
C1CCC(C2CCC(CC3CCCC3)CC2C2CCCCC2)CC1
C1CCC(CCCC2CCCC(CC3CCCCC3)C2)CC1
C1CCC(C2CCC(CCC3CCCC(CCC4CCCCC4C4CCCCC4)C3)CC2)CC1
C1CCC(C2CCC(CC3CCC(C4CCCCC4)CC3)CC2)CC1
C1CCC(C2CCC(CC3CCC4C(CCC4C4CCCCC4)C3)CC2)CC1
C1CCC(CC2CCC(C3CCCC(CC4CCC5C(CCC5C5CCCCC5)C4)C3)CC2)CC1
C1CCC(CC2CCCC(CC3CC(CC4CCC(C5CCCCC5)CC4)C4CCCCC34)C2)CC1
C1CCC(C2CC(C3CCCCC3C3CCCC3)CC(CC3CC3)C2C2CC2)CC1
C1CCC(C2CCC(CC3CCC3)CC2)CC1
C1CCC(CCCC2CCCC(CC3CCCCC3)C2)CC1
C1CCC(CC2CCCC(C3CCCC(C4CCCC(CC5CCCC5)C4)C3)C2)CC1
C1CCC(C2CCCCC2C2CCCC2)CC1
C1CCC(CC(C2CCC(C3CCCC3)CC2)C2CCCC(C3CC3)C2)CC1
C1CCC(C2CCCC(C3CCCCC3C3CC(C4CCC5CCCCC54)CCC3C3CCCCC3)C2)CC1
C1CCC(CCC2CCC(C3CCCC(CC4CC5CCCCC54)C3)C(CC3CCCCC3)C2)CC1
C1CCC(C2CCCC(CC3CCCCC3CC3CCCCC3C3CCCCC3)C2)CC1
C1CCC(C2CCC3CCC(C4CCC5CCCC5C4)C3C2C2CCC3CCCC3C2)CC1
C1CCC(CCC2CCC(C3CCC(C4CCCCC4C4CCCCC4)CC3)CC2)CC1
C1CCC(C2CCC(C3CCCCC3)CC2)CC1
C1CCC(C2CCC(C3CCC3)C(C3CCCCC3)C2)CC1
C1CCC(C2CCC(C3CCC4CCCC4C3)CC2)CC1
C1CCC(CC2CCC(C3CCC(CCCC4CC4)CC3)CC2)CC1
C1CCC(CC2CCC(C3CC(C4CCCCC4)C4CCCCC34)CC2)CC1
C1CCC(CC2CCCCC2C2CCC3CCCC3C2)C(CC2CCCCC2C2CCCC2)C1
C1CCC(CCCC2CCC(C3CCC(C4CC(C5CCCCC5)C4)CC3)CC2)CC1
C1CCC(C2CCCCC2)CC1
C1CCC(CCC2CCC(C3CCC(CC4CCCCC4)CC3)CC2)CC1
C1CCC(CCC2CCC(C3CCCCC3)C2)CC1
C1CCC(CCC2CCCC(C3CCCCC3)C2)CC1
C1CCC(CCC2CCC(C3CCCCC3)C(C3CCCCC3)C2)CC1
C1CCC(C2CCC(CCC3CCCCC3CC3CCC3)CC2C2CCCCC2)CC1
C1CCC(C2CCC(CC3CCCCC3C3CCCCC3)CC2)CC1
C1CCC(C2CCC(C3CCCCC3CCC3CCCCC3C3CCCC3)C2)CC1
C1CCC(CC2CCCC(C3CCCCC3C3CCCCC3)C2)CC1
C1CCC(CC2CCC3CC(C4CCC(C5CCCCC5)CC4)CCC3C2)CC1
C1CCC(C2CCCC(C3CCCCC3C3CCCC3)C2)CC1
C1CCC(CC2CCC(CCCCC3CCCC(C4CCCCC4)C3)CC2)CC1
C1CCC(CC2CCC(C3CCCC3)CC2)CC1
C1CCC(CC2CCC(CC3CCCCC3)CC2)CC1
C1CCC(C2CCCC(C3CCCCC3C3CCCCC3C3CCCCC3)C2)CC1
C1CCC(CCC2CCCC(C3CCCCC3)C2)CC1
C1CCC(CC2CCC(CCCC3CCC4CCCCC4C3)CC2)CC1
C1CCC(CC2CCC(CC3CCC(C4CCCC(C5CCCCC5)C4)CC3)CC2)CC1
C1CCC(CC2CCCC(C3CCC(C4CCCCC4)CC3C3CCCC3)C2)CC1
C1CCC(C2CCCCC2C2CCCCC2)CC1
C1CCC(CCCC2CCC(CCCCC3CCC(C4CCCCC4)CC3)CC2)CC1
C1CCC(C2CCCCC2C2CCC3CCCC3C2)CC1
C1CCC(CCC2CC(CCC3CCC(C4CCC5CCCC5C4)CC3)C3CCCCC23)CC1
C1CCC(CC2CCC(CC3CCCCC3CC3CCCCC3)CC2)CC1
C1CCC(CCCC2CCCCC2C2CCC(C3CCCCC3)C3CCCC32)CC1
C1CCC(C2CCCCC2)CC1
C1CCC(C2CCCC(C3CCC(C4CCCCC4C4CCC5CCCC5C4)CC3)C2)CC1
C1CCC(CC2CCC(CCC3CCCC3C3CCCC(C4CCCC4)C3)CC2)CC1
C1CCC(CC2CCC(C3CCCC(C4CCCC(CC5CCCCC5)C4)C3)CC2)CC1
C1CCC(CC2CCC(CC3CCC(CC4CCC(C5CCCCC5)CC4)C3)CC2)CC1
C1CCC(CC(C2CCCCC2)C2CCCCC2)CC1
C1CCC(CCC2CC(C3CCCCC3)CC(C3CCCCC3)C2)CC1
C1CCC(CCC2CCC(C3CCCCC3)CC2CCC2CCCCC2)CC1
C1CCCCC1
C1CCC(CC2CCC(CC3CCC(C4CCCC5CCCCC54)CC3)CC2)CC1
C1CCC(CCCC2CCC(CCC3CCCC4CC(C5CCCCC5)CCC34)CC2)CC1
C1CCC(CC2CCC(CC3CCC(CCC4CC4)CC3)CC2)CC1
C1CCC(CC2CCC(C3CCCCC3)CC2)CC1
C1CCC(C2CC(CC3CCC4CCCCC43)CC(C3CCCC3)C2)CC1
C1CCC(CC2CCCC(C3CCC(C4CCC(C5CCCCC5C5CCCC5)CC4)CC3)C2)CC1
C1CCC(C2CCC(C3CCCCC3C3CCCC3)C(C3CCCCC3)C2)CC1
C1CCC(C2CCC(C3CCCC(CC4CC5CCCCC5C4)C3)C(C3CCCC3)C2)CC1
C1CCC(CCC2CCC(C3CCCCC3)CC2CCC2CCCCC2)CC1
C1CCC(CC2CCC(CC3CCCC(C4CCCCC4)C3)CC2)CC1
C1CCC(CCCC2CCC(CC3CCC(CC4CCCCC4)CC3)CC2)CC1
C1CCC(CCCCC2CCCC(C3CCCCC3)C2)CC1
C1CCC(CC2CCC(CCC3CCCC(C4CCCCC4)C3)CC2)CC1
C1CCC(C2CCCC(C3CCCCC3C3CCCC3)C2)CC1
C(CCCC1CCCCC1C1CCCCC1)CCC1CCC(C2CCCCC2)CC1
C1CCC(CCC2CC(CC3CCCCC3)CCC2C2CCC(CC3CC3)CC2)CC1
C1CCC(C2CCC(C3CC3)CC2)CC1
C1CCC(CC2CCCCC2CCC2CCCCC2C2CCC2)CC1
C1CCC(CCCC2CCCC(CCC3CCCCC3)C2)CC1
C1CCC(C2CCC3CCC(C4CCC(C5CCCCC5)C(C5CCCC5)C4)C3C2)CC1
C1CCC(CC2CCCCC2C2CC(CC3CCC4CCCCC4C3)C3CCCCC32)CC1
C1CCC(CC2CCC(C3CCCCC3)C(CC3CCCCC3)C2)CC1
C1CCC(CC2CCC(CC3CCCCC3)CC2)CC1
C1CCC(C2CCC(CC3CCC(C4CCCC4)CC3)CC2)CC1
C1CCC(CCC2CCCC(C3CCCCC3C3CCC4CCCC4C3)C2)CC1
C1CCC(C2CCCCC2C2CC3CCCCC3C2)CC1
C1CCC(CC2CC(C3CCCCC3)C3CC(CC4CCCC4)CCC23)CC1
C1CCC(CC2CCCC(C3CCCCC3)C2)CC1
C1CCC(CC2CCC(C3CCCCC3)CC2C2CCCC2)CC1
C1CCC(CCCC2CCC(CC3CCC(C4CCCCC4)CC3)CC2)CC1
C1CCC(C2CCC(CC3CC4CCCCC4C3)CC2)CC1
C1CCC(CCC2CCCC(C3CCCC(C4CCCCC4)C3)C2)CC1
C1CCC(CCC2CCCC(C3CCCC(C4CCCCC4)C3)C2)CC1
C1CCC(CCCC2CCCC(C3CCCCC3)C2)CC1
C1CCC(CCCC2CCC(CC3CC(C4CCCCC4)C4CCCCC34)CC2)CC1
C1CCC(C2CCC(CCCCC3CCC4CCCC4C3)CC2C2CCCC2)CC1
C1CCC(CC2CCC(C3CCCCC3)CC2)CC1
C1CCC(C2CCC(CCC3CCCC(C4CCC4)C3)CC2)CC1
C1CCC(C2CCCC(C3CCCC(C4CCCCC4)C3)C2)CC1
C1CCC(CC2CCC(CCC3CCC(C4CCCCC4)CC3)CC2)CC1
C1CCC(CC2CCC(CC3CCC(CCC4CCC(C5CCCC5)CC4)CC3)CC2)CC1
C1CCC(CCCCC2CC(CC3CCCCC3)CCC2C2CCCCC2)CC1
C1CCC(CCCC2CCC(CC3CCCCC3)CC2)CC1
C1CCC(CC2CCC(CCC3CC(C4CCCCC4)CC(C4CCCC4)C3)CC2)CC1
C1CCC(C2CCCCC2C2CCCCC2)CC1
C1CCC(C2CCCC(C3CCCC(CC4CCC5CCCCC54)C3)C2)CC1
C1CCC(CC2CC(C3CCCCC3)CC(C3CCCCC3)C2)CC1
C1CCC(CCC2CCCC(C3CCCCC3)C2)CC1
C1CCC(C2CCC3CCCCC3C2)CC1
C1CCC(CC2CCCC(C3CC(CC4CCCCC4)CC(C4CCC4)C3C3CCCC3)C2)CC1
C1CCC(CCCC2CCC3CC(C4CCCC5CCCCC54)CCC23)CC1
C1CCC(CC2CCCCC2)CC1
C1CCC(CC2CCC(C3CCC(CC4CCCC(CC5CCCCC5)C4)CC3)CC2)CC1
C1CCC(CC2CCC(CCCCC3CCC(C4CCCC4)CC3)CC2)CC1
C1CCC(C2CCCCC2C2CCC(CC3CCC(C4CCCC4)CC3)CC2)CC1
C1CCC(C2CCC(CC3CCCC(C4CCCC(C5CCCC5)C4)C3)CC2)CC1
C1CCC(CC2CCCC(C3CCCC(C4CCCC4)C3)C2)CC1
C1CCC(CC2CCC(CCCCC3CC(CC4CCCCC4)C4CCCCC34)CC2)CC1
C1CCC(CC2CCC(CCC3CCCC(C4CCCCC4)C3)CC2)CC1
C1CCC(C2CCC(CCC3CCCCC3C3CCCCC3)CC2)CC1
C1CCC(CCC2CC(CC3CC4CCCCC4C3)CCC2C2CCCCC2)CC1
C1CCC(CCC2CCC(C3CCCCC3)C(C3CCCCC3)C2)CC1
C1CCC(CCC2CCC(CCC3CCCCC3)CC2)CC1
C1CCC(C2CCCC(C3CCC(CCC4CCCC4)CC3)C2)CC1
C1CCC(CCCCC2CCC(C3CCC(CC4CCCCC4)CC3)CC2)CC1
C1CCC(C2CCC(C3CCCCC3C3CCCCC3)CC2)CC1
C1CCC(CCC2CCC(C3CCCC(CCC4CCCCC4)C3)CC2)CC1
C1CCC(CC2CCC(C3CCCCC3C3CCC(CC4CC5CCCCC5C4)CC3)CC2)CC1
C1CCC(CCCC2CCC(CCC3CCCCC3)CC2)CC1
C1CCC(C2CCCC(C3CCC(C4CCCC(C5CCC6CCCCC6C5)C4)CC3)C2)CC1
C1CCC(CC2CCC(CC3CCCCC3)CC2)CC1
C1CCC(C2CCCC(CCC3CC4CCCCC4C3)C2)CC1
C1CCC(CC2CCCCC2C2CCCCC2)CC1
C1CCC(C2CCC(C3CCC(C4CCCCC4)C3)CC2)CC1
C1CCC(C2CCCC(CC3CCCCC3CC3CC4CCCCC4C3)C2)CC1
C1CCC(CCCC2CCC(C3CCCCC3)CC2)CC1
C1CCC(CC(CC2CCCC2)C2CCCCC2C2CCC3CCCC3C2)CC1
C1CCC(CC2CCC(C3CCC(C4CCCCC4C4CCCC4)CC3)CC2)CC1
C1CCC(CCC2CCC(CC3CCCCC3)CC2C2CCC(CC3CC4CCCCC4C3)CC2)CC1
C1CCC(CC2CCC(C3CCCC(C4CC4)C3)CC2)CC1
C1CCC(CCC(CC2CCCCC2)C(CC2CCCC(C3CCCCC3)C2)C2CCCC2)CC1
C1CCC(C2CCCCC2C(CC2CCC3CCC(CCC4CCC5CCCCC54)C3C2)C2CCCCC2)CC1
C1CCC(CC2CCCC(C3CCCCC3C3CCCCC3)C2)CC1
C1CCC(C2CCCC(C3CC4CCCCC4C(C4CCCCC4)C3)C2)CC1
C1CCC(CC2CCC(C3CCCCC3)CC2)CC1
C1CCC(C2CCCC(CCCC3CCCC(C4CCCCC4)C3)C2)CC1
C1CCC(C2CCCCC2C2CCCCC2)CC1
C1CCC(CC2CCC(C3CCC(C4CCCCC4)CC3)CC2)CC1
C1CCC(CCCCC2CCC(CC3CCCC(CC4CCC5CCCC5C4)C3)CC2)CC1
C1CCC(CC2CCC(C3CC(CC4CCCCC4)C4CCCCC43)CC2)CC1
C1CCC(CC2CCC(CC3CCCCC3C3CCCCC3)CC2)CC1
C1CCC(CCCCC2CCCC(CC3CCCCC3)C2)CC1
C1CCC(CC2CCC(CC3CCCC(C4CCCC4)C3)CC2)CC1
C1CCC(CCC(CC2CC2)(C2CCCC(CC3CCCCC3)C2)C2CCCC(C3CCCC3)C2)CC1
C1CCC(CCC2CCCCC2)CC1
C1CCC(C2CCCC(C3CCC(CCC4CCCCC4C4CCCCC4)CC3)C2)CC1
C1CCC(CCC2CCCCC2C2CCCC(C3CCC(C4CC4)CC3)C2)CC1
C1CCC(CC2CCCC(CCC3CCC(C4CCC(C5CCCCC5)CC4)CC3)C2)CC1
C1CCC(CCCC2CCC(CC3CC4CCCCC4C3)CC2)CC1
C1CCC(C2CCCCC2)CC1
C1CCC(CC2CCC3C(CCC3C3CCCCC3)C2)CC1
C1CCC(CCC2CCCC(C3CCCCC3)C2)CC1
C1CCC(CCC2CCC(CCCC3CC4CCCCC4C3)CC2)CC1
C1CCC(C2CCC(C3CCCCC3C3CCC4CCCC4C3)CC2)C1
C1CCC(C2CCC(CC3CCC(C4CCCCC4C4CCCCC4)CC3)CC2)CC1
C1CCC(C2CCCC(C3CCCC(C4CCCCC4)C3)C2)CC1
C1CCC(C2CCCC(C3CCCCC3)C2)CC1
C1CCC(CCC2CCCC(C3CCC(C4CCC(C5CC5)CC4C4CCCCC4)CC3)C2)CC1
C1CCC(CC2CCC(C3CCCCC3)C(C3CCCC3)C2)CC1
C1CCC2CC(CC3CCC(CC4CCC(C5CCC(CC6CC6)CC5)CC4)CC3)CC2C1
C1CCC(CC2CCC(C3CCCC(C4CCCCC4)C3)CC2)CC1
C1CCC(C2CCCCC2)CC1
C1CCC(C2CCC(C3CCC(CC4CCCCC4C4CCCCC4)CC3)CC2)CC1
C1CCC(CCC2CCC(C3CCC(CCC4CCCCC4)CC3)CC2)CC1
C1CCC(CCC2CCCC(C3CCCC(CC4CCC5CCCCC54)C3)C2)CC1
C1CCC(CC(C2CCCCC2)C2CCCC(C3CCCCC3)C2)CC1
C1CCC(C2CCCC(C3CCCCC3C3CCC4CCCCC4C3)C2)CC1
C1CCC(CC2CCC(CC3CCC(CC4CCCCC4)CC3)CC2)CC1
C1CCC(CC2CCCC(C3CCCCC3)C2)CC1
C1CCC(CCCC2CCCC(C3CCCCC3)C2)CC1
C1CCC(CC2CCC(CCC3CCCC(C4CCCCC4)C3)CC2)CC1
C1CCC(CC2CCC(C3CCC(C4CCCCC4)CC3)CC2)CC1
C1CCC(C2CCCC(C3CCCC(CCCC4CCC5CCCCC54)C3)C2)CC1
C1CCC(CC2CCCCC2C2CCCCC2)CC1
C1CCC(CCCC2CCC(C3CCCCC3)CC2)CC1
C1CCC(CCCC2CCC(C3CCCCC3)CC2)CC1
C1CCC(C2CC(C3CCCCC3)CC(C3CCCCC3)C2)CC1
C1CCC(CC2CCC(CCC3CCCCC3C3CCCCC3)CC2)CC1
C1CCC(CCCC2CC(C3CCCCC3)C3CCCCC23)CC1
C1CCC(CC2CCC(C3CCCCC3)CC2)CC1
C1CCC(CC2CCC(C3CCCC(CC4CCCCC4)C3)CC2)CC1
C1CCC(C2CCCCC2CCCC2CCCC(C3CCC4CCCCC4C3)C2)CC1
C(CCC1CCCC1)CCC1CCCC(C2CCCCC2)C1
C1CCC(C2CCCCC2C2CC(C3CC4CCCCC4C3)C3CCCCC32)CC1
C1CCC(C(CC2CCCC(C3CCC(C4CCCC4)CC3)C2)C2CC3CCCCC3C2)CC1
C1CCC(CC2CC(C3CCCCC3)C3CC(C4CCC5CCCCC54)CCC23)CC1
C1CCC(C2CCC(C3CCCC(CCC4CCCC(C5CCCCC5)C4)C3)CC2)CC1
C1CCC(CC2CCCCC2C2CCC(CC3CCCCC3CCC3CC3)CC2)CC1
C1CCC(CC2CCC(C(CC3CCCCC3)C3CCCCC3C3CCCC3)CC2)CC1
C1CCC(CC2CC(CCC3CCCC3)CC(C3CCCCC3)C2)CC1
C1CCC(CCCC2CCCCC2C2CCCCC2C2CCCC2)CC1
C1CCC(CC2CC(C3CCCCC3)CC(C3CCCCC3)C2)CC1
C1CCC(C2CCCCC2C2CCCCC2)CC1
C1CCC(CC2CCC(C3CC(C4CC4)CCC3C3CCCCC3)CC2)CC1
C1CCC(CCC2CCC(C3CCCC(CCC4CCCCC4)C3)CC2)CC1
C1CCC(CC2CC(C3CCC(C4CCCCC4)CC3)C3CCCCC23)CC1
C1CCC(CCC2CCC3C(CCC3C3CCCCC3CC3CCCCC3)C2)CC1
C1CCC(CC2CC(C3CCCCC3)C3CCCCC23)CC1
C1CCC(C2CCCC(CC3CCC(C4CCCCC4C4CCC5CCCCC5C4)CC3)C2)CC1
C1CCC(C2CCC(C3CCC(C4CCCCC4)CC3)CC2)CC1
C1CCC(CCCCC2CCC(CCC3CCCC(C4CCC5CCCCC54)C3)CC2)CC1
C1CCC(CC2CCC(CC3CCC(CC4CCCC4)CC3)CC2)CC1
C1CCC(CC2CCCC(C3CCCC(C4CCCC4)C3)C2)CC1
C1CCC(CC2CCC(CC3CCCCC3C3CCCCC3)CC2)CC1
C1CCC(C2CCC(C3CCCCC3)CC2)CC1
C1CCC(CCC2CCCCC2CC2CCCCC2C2CCCCC2)CC1
C1CCC(CC2CCC(CC3CCC(C4CCCCC4)C3)CC2)CC1
C1CCC(CC2CCC(C3CCCC(C4CCCC(CC5CCCCC5)C4)C3)CC2)CC1
C1CCC(C2CCCCC2)CC1
C1CCC(C2CCCC(CC3CCCCC3CCC3CC4CCCCC4C3)C2)CC1
C1CCC(CCCC2CC(CC3CCCC(C4CCCC4)C3)C3CCCCC23)CC1
C1CCC(CC2CCC(C3CCC(CC4CCCCC4)CC3)CC2)CC1
C1CCC(CC2CCC(C3CCCCC3)CC2)CC1
C1CCC(CC2CCCC(CC3CCCCC3CC3CCCCC3)C2)CC1
C1CCC(C(C2CCCCC2)C2CCC(C3CCCC(C4CC4)C3)CC2)CC1
C1CCC(CC2CCCC(C3CCCC(CC4CCCC(C5CCCC(C6CCCC6)C5)C4)C3)C2)CC1
C1CCC(CC2CC3CCC(C4CCCCC4)CC3C(C3CCCCC3)C2)CC1
C1CCC(CCC2CCCCC2CCC2CCC(CCC3CC4CCCCC4C3)CC2)CC1
C1CCC2CC(C3CCCCC3CC3CCCCC3C3CCC4CCCCC4C3)CCC2C1
C1CCC(CCCC2CCC(CC3CCCCC3)CC2)CC1
C1CCC(CC2CCC(CC3CCC(CC4CCC5CCCCC54)CC3)CC2)CC1
C1CCC(CCCC2CC(C3CCCCC3)CC(C3CCCC3)C2)CC1
C1CCC(CCCC2CCCCC2)CC1
C1CCC(CCCCC2CCC(CC3CCC(C4CC(C5CCCCC5)C4)CC3)CC2)CC1
C1CCC(C2CCCC(C3CCCCC3)C2)CC1
C1CCC(CC2CCC(CC3CCCC(C4CCCCC4)C3)CC2)CC1
C1CCC(CC2CCCC(C3CCC(C4CCC4)CC3)C2)C1
C1CCC(C2CC(C3CCC4CCCCC43)CC3CCCCC32)CC1
C1CCC(CCCC2CCC(CC3CCC(C4CCCC5CC(C6CCCCC6)CCC54)C3)CC2)CC1
C1CCC(CC2CCC(C3CCCCC3)C(C3CCCC3)C2)CC1
C1CCC(CC2CCC3C(CC4CCCC(C5CCC6CCCCC65)C4)CC(C4CCCCC4)C3C2)CC1
C1CCC(C2CCC(CC3CC(C4CCCCC4)C4CCCCC34)CC2)CC1
C1CCC(C2CCC(C3CCCCC3C3CCCCC3)CC2)CC1
C1CCC(C2CCC(CCC3CCCC(CC4CCCC4)C3)CC2)CC1
C1CCC(CC2CCC(C3CCC(C4CC5CCCCC5C4)CC3)CC2)CC1
C1CCC(C2CCCC(CCCC3CCC(CCCC4CC4)CC3)C2)CC1
C1CCC(CCC2CCCC(C3CCCCC3)C2)CC1
C1CCC(C2CCCC(C3CCC(C4CCC5CCCCC5C4)C3)C2)CC1
C1CCC(C2CCC(C3CCC(C4CCCC(C5CCCCC5C5CCCCC5)C4)CC3)CC2)CC1
C1CCC(CCC2CCCC(C3CCCC(C4CCCCC4)C3)C2)CC1
C1CCC(CC2CCC3CCC(C4CCCC5CCCCC54)CC3C2)CC1
C1CCC(C2CCCC(C3CCCCC3)C2)CC1
C1CCC(CCCCCC2CCC(C3CCCC(CC4CCC5CCCCC5C4)C3)CC2)CC1
C1CCC(CCCCC2CCCC(C3CCCCC3)C2)CC1
C1CCC(C2CCC(C3CCCCC3)C(C3CCC4CCCC4C3)C2)CC1
C1CCC(C2CCCC(CCC3CCCC3)C2)CC1
C1CCC(CCC2CCCCC2C2CCCCC2)CC1
C1CCC(C2CCCCC2C2CCC(CC3CC4CCCCC4C3)CC2)CC1
C1CCC(C2CCC(CCCC3CCC(C4CCCC4)CC3)CC2C2CCCC2)CC1
C1CCC(CC2CCC(C3CCCCC3)CC2)CC1
C1CCC(CC2CCC(CCC3CCCCC3CC3CCCCC3)CC2)CC1
C1CCC(CCC2CCCC(C3CCCC(C4CCCCC4)C3)C2)CC1
C1CCC(CC2CCCC(C3CCC(CC4CCCC(C5CCCCC5)C4)CC3)C2)CC1
C1CCC(C(C2CCCCC2)C2CCCCC2C2CCCC2)CC1
C1CCC(CC2CC(CCCCC3CCCC(CC4CC4)C3)C3CCCCC23)CC1
C1CCC(CC2CC(C3CCCC(CCC4CCC(C5CCCCC5)CC4)C3)C3CCCCC23)CC1
C1CCC(C2CCCC(CCC3CCC(CCC4CC5CCCCC5C4)CC3C3CCCCC3)C2)CC1
C1CCC(C2CCCCC2C2CCCCC2)CC1
C1CCC(CC2CCC(CC3CCC(CC4CC5CCCCC5C4)CC3)CC2)CC1
C1CCC(C2CC(C3CCCCC3)CC(C3CC4CCCCC4C3)C2)CC1
C1CCC(C2CCC3CC(C4CCC(C5CCC5)CC4)CCC32)CC1
C1CCC(C2CCC(CCC3CCCC(C4CCCCC4)C3)CC2)CC1
C1CCC(CC2CCC(C3CCCCC3CC3CCC(C4CCCCC4)CC3)CC2)CC1
C1CCC(CC2CC(C3CCCCC3)CCC2CC2CC2)CC1
C1CCC(CC2CCC(CC3CCCCC3)CC2)CC1
C1CCC(C2CCC(CCC3CCC(C4CCC5CCCCC54)CC3)CC2)CC1
C1CCC(CC2CCC(CC3CCCCC3C3CCCCC3C3CCCC3)CC2)CC1
C1CCC(C2CCC3CC(C4CCCC(C5CCC(CCC6CC7CCCCC7C6)CC5)C4)CCC3C2)CC1
C1CCC(CC2CCCC(CCC3CCCC(C4CCCCC4)C3)C2)CC1
C1CCC(CCC2CC(CC3CCC4CCC(CC5CCCCC5)CC43)C3CCCCC23)CC1
C1CCC(CC2CCC(C3CCCCC3)CC2)CC1
C1CCC(C2CCC3CCCCC32)CC1
C1CCC(CC2CCCC(C3CCCCC3)C2)CC1
C1CCC(C2CCCCC2C2CCCCC2CCC2CCC(C3CCC3)CC2)CC1
C1CCC(CCC2CCCC(CC3CCCC(C4CCC(C5CCCCC5)CC4)C3)C2)CC1
C1CCC(CC2CCC(C3CCCCC3)CC2)CC1
C1CCC(CCCC2CCCC(CC3CCCCC3)C2)CC1
C1CCC(CCCCC2CCCC(C3CCC(C4CCC4)CC3)C2)CC1
C1CCC(CC2CCCC(CC3CCCC3)C2)CC1
C1CCC(C2CCCCC2C2CCCCC2)CC1
C1CCC(CC2CCCCC2C2CCCCC2)CC1
C1CCC(CC2CCC(CCC3CCCCC3C3CCCCC3)CC2C2CCC(CCCC3CCC3)CC2)CC1
C1CCC(CC2CCCC(C3CCCCC3)C2)CC1
C1CCC(CC2CCC3CCCC3C2)CC1
C1CCC(CCC2CCCC(C3CCCCC3)C2)CC1
C1CCC(C2CCCC(C3CCCCC3)C2)CC1
C1CCC(CCCCC2CCCC(C3CCC4CCCCC4C3)C2)CC1
C1CCC(CCC2CC(CC3CCCCC3)C(C3CCCCC3)C(C3CCCCC3)C2)CC1
C1CCC(C2CCCCC2C2CCC3C(CCC3C3CCCC3)C2)CC1
C1CCC(CC2CCC(C3CCCC(CCCCC4CC5CCCCC5C4)C3)CC2)CC1
C1CCC(CCCC2CCC(C3CCCCC3)CC2CCC2CCCCC2)CC1
C1CCC(CC2CCC(C3CCC4CCCCC43)CC2)CC1
C1CCC(CC2CCC(C3CCCC(C4CCCCC4)C3)CC2)CC1
C1CCC(CCC2CCCC(C3CCCCC3)C2)CC1
C(CCCC1CC(CCCCC2CCCCC2)CC2CCCCC12)CCC1CCCCC1
C1CCC(C2CCC3C(CCC4CCCC(C5CCC6CCCC6C5)C4)CCCC3C2)CC1
C1CCC(CC2CCCC(CC3CCCC(C4CCCCC4)C3)C2)CC1
C1CCC(CC2CCC(CC3CCCCC3)CC2)CC1
C1CCC(CCCCCC2CCC(CC3CCCCC3)CC2)CC1
C1CCC(CCC2CCC(C3CCCCC3)CC2C2CCCC2)CC1
C1CCC(CCC2CC(CCC3CCC(C4CCCCC4)CC3)CCC2C2CCC2)CC1
C1CCC(CCCC2CCC(CC3CCCCC3)CC2)CC1
C1CCC(CC2CCCC(C3CCCC(C4CCCCC4)C3)C2)CC1
C1CCC(C2CCCCC2)CC1
C1CCC(C2CCCC(CCCC3CCC(C4CCC(C5CCC6CCCCC65)CC4)CC3)C2)CC1
C1CCC(CC2CCCC(C3CCCC(C4CC4)C3)C2)CC1
C1CCC(CCCC2CCC(CCC3CCCCC3CC3CCCCC3)CC2)CC1
C1CCC(CCC2CC(CC3CCCC3)CC(CCC3CCCCC3)C2CCC2CCCCC2)CC1
C1CCC(C2CCCCC2CCC(C2CCCCC2)C2CCCCC2)CC1
C1CCC(CC2CC(C3CCC(C4CCCCC4)CC3)C3CCCCC23)CC1
C1CCC(C2CCC(CCCC3CCCC4CCCC34)CC2)CC1
C1CCC(CC2CCC(C3CCCCC3C3CCC(C4CCCCC4)CC3)CC2)CC1
C1CCC(CCC2CCC(CC3CCCCC3)C(C3CCCCC3)C2)CC1
C1CCC(CC2CC(C3CCCCC3)CC(C3CCCCC3)C2)CC1
C1CCC(C2CCCC(CC(C3CCCC3)C3CCCC(C4CCCCC4)C3)C2)CC1
C1CCC2CC(CC3CCC(C4CCC5CCCCC54)CC3)CC2C1
C1CCC(CCCC2CCC3C(C4CCCCC4)CC(C4CCCCC4)C3C2)CC1
C1CCC(C2CCC(CC3CCC(C4CCCCC4)CC3)CC2)CC1
C1CCC(CCC2CCC(C3CCCCC3)CC2)CC1
C1CCC(CCCCC2CCC(C3CCCC(C4CCCCC4)C3)CC2)CC1
C1CCC(CCCCC2CC(C3CCC(C4CC4)CC3)CCC2CC2CCCCC2)CC1
C1CCC(CC2CCC(C3CCCCC3)C(C3CCCCC3)C2)CC1
C1CCC(CC2CCC(CCC3CCCCC3CC3CCCCC3)CC2)CC1
C1CCC(CCCCCC2CCCCC2C2CCC(C3CCCCC3)CC2)CC1
C1CCC(C2CCCCC2C2CCCCC2C2CCCC2)CC1
C1CCC(CCC2CCC(CC3CCCCC3)CC2C2CCCCC2)CC1
C1CCC(C2CC(CCCCC3CCC(C4CCCC4)CC3)C3CCCCC32)CC1
C1CCC(CCC2CCC(CCCC3CCCC(CCC4CCCCC4)C3)CC2)CC1
C1CCC(CC2CCC(C3CCCCC3CCCC3CCC4CC(C5CCCCC5)CCC34)CC2)CC1
C1CCC(C2CCC(C3CCCC(C4CC5CCCCC5C4)C3)C2)CC1
C1CCC(CCC2CCCC(C3CCCC(CC4CCCCC4)C3)C2)CC1
C1CCC(C2CCCC(C3CCCCC3)C2)CC1
C1CCC(C2CCCC(C3CCCCC3)C2C2CCCCC2)CC1
C1CCC(C2CCCC(CCC3CC3)C2)CC1
C1CCC(CCC2CCC(CC3CCCCC3)CC2CCC2CC3CCCCC3C2)CC1
C1CCC(CC2CCC(C3CCCCC3)CC2)CC1
C1CCC(CC2CCC(CC3CC4CCCCC4C(C4CCCCC4)C3)CC2)CC1
C1CCC(CCC2CCC(CC3CCCCC3CC3CC4CCCCC4C3)CC2)CC1
C1CCC(C2CCCC(CCC3CC4CCCCC4C3)C2)CC1
C1CCC(CC2CCCC(C3CCC(C4CCCCC4CC4CCCCC4)CC3)C2)CC1
C1CCC(C2CCC(CC3CCCC3)CC2)CC1
C1CCC(CC2CCCC(C3CCCC3)C2)CC1
C1CCC(CCC2CCC(CCC3CCCCC3)CC2)CC1
C1CCC(CC2CCCCC2)CC1
C1CCC(C2CCC(CC3CCCC(C4CCCCC4)C3)CC2)CC1
C1CCC(CCCC2CCC(CC3CCCCC3)CC2)CC1
C1CCC(CCCC2CCCCC2C2CCCCC2)CC1
C1CCC(CCC2CCCC(C3CCC(CC4CCCCC4)C3)C2)CC1
C1CCC(CC2CCC(CC3CCC(C4CCCC(C5CCC5)C4)CC3)CC2)CC1
C1CCC(CC2CCC(CC3CCC4C(CCC4C4CCCCC4)C3)CC2)CC1
C1CC(CC2CCC(C3CCC(C4CCCCC4C4CCCC4)CC3)CC2)C1
C1CCC(CC2CCC(C3CCCCC3CC3CCCCC3)CC2)CC1
C1CCC(CCC2CCC(CC3CCC(C4CCCCC4)CC3C3CCCCC3)CC2)CC1
C1CCC(CCC2CCCC(C3CCCCC3)C2)CC1
C1CCC(C2CCC(CC3CCCC(C4CCCCC4)C3)CC2)CC1
C1CCC(CC2CCCC(C3CCCCC3)C2)CC1
C1CCC(CCC2CCC(CC3CCC(CC4CC5CCCCC5C4)C3)CC2)CC1
C1CCC(CC2CCC(CCCC3CC3)CC2)CC1
C1CCC(CC2CCC(C3CCCCC3)CC2)CC1
C1CCC(C2CCC(C3CCCC(C4CCCCC4)C3)CC2)CC1
C1CCC(C2CCC(CC3CC(C4CCCCC4)CC(C4CC5CCCCC5C4)C3)CC2)CC1
C1CCC(CCC2CCC(CCCC3CCCC(C4CCCCC4)C3)CC2)CC1
C1CCC(CCC2CCC(C3CCCCC3)CC2)CC1
C1CCC(CCC2CCC(CC3CCC(C4CCCCC4)CC3C3CCCCC3)CC2)CC1
C1CCC(CCC2CCCC(CCC3CCCC(C4CCCCC4)C3)C2)CC1
C1CCC(C2CCC(C3CCC(CCCCC4CC5CCCCC5C4)CC3)CC2)CC1
C1CCC(CCCCC2CCC(CC3CCC(CC4CCC4)CC3)CC2)CC1
C1CCC(CCCC2CCC(CC3CCCCC3)CC2)CC1
C1CCC(C2CCCCC2C2CCCC2)CC1
C1CCC(CCCC2CCCCC2)CC1
C1CCC(C2CCCC(C3CCCCC3)C2)CC1
C1CCC(CCC2CCCC(C3CCCCC3)C2)CC1
C1CCC(CCCC2CCC(CC3CCCCC3CC3CCCCC3)CC2)CC1
C1CCC(C2CC(C3CCC4CCCCC43)CC3CCCCC32)CC1
C1CCC(C2CCC(C3CCCCC3)CC2)CC1
C1CCC(C2CCC(CC3CCC(C4CCC4)CC3)CC2)CC1
C1CCC(CC(C2CCCCC2)C2CCC(CCC3CCCC(C4CCC4)C3)CC2)CC1
C1CCC(CC2CCCC(C3CCCCC3)C2)CC1
C1CCC(C2CCC(C3CCC(CC4CCC(C5CCCC5)C4)CC3)CC2)CC1
C1CCC(C2CCCC(C3CCCC(C4CCCC(C5CCCCC5)C4)C3)C2)CC1
C1CCC(C2CCC3CCC(CCCC4CCC(CC5CC5)CC4)CC3C2)CC1
C1CCC(CCC2CCC(CC3CCC(CC4CCCCC4)CC3)CC2)CC1
C1CCC(CCCC2CCCC(C3CCCCC3)C2)CC1
C1CCC(C2CCC(C3CCCCC3)C(CC3CC3)C2)CC1
C1CCC(CC2CCCC3CC(C4CCC(C5CCCC5)C(C5CCC6CCCC6C5)C4)CCC23)CC1
C1CCC(CC2CCC(CC3CCCC3C3CCCC(C4CCCCC4)C3)CC2)CC1
C1CCC(CC2CCCC(C3CCCCC3)C2)CC1
C1CCC(CC2CC(CC3CC3)CC(C3CCCC(C4CCCCC4)C3)C2)CC1
C1CCC(C2CCC(CC3CCC(CCCC4CCCC4)CC3)CC2)CC1
C1CCC(C2CCC(C3CCC(C4CCCCC4)CC3)CC2)CC1
C1CCC(CC2CCCCC2C(CC2CCC(C3CCCC3)CC2)C2CCCCC2)CC1
C1CCC(C2CCC(C3CCCCC3)C(C3CCCC3)C2)CC1
C1CCC(CC2CCC(C3CCC4CCCCC43)CC2)C1
C1CCC(C2CCCC(C3CCCCC3)C2)CC1
C1CCC(CC2CCCCC2C2CCCCC2)CC1
C1CCC(CCC2CC(CC3CCCCC3)CCC2CC2CCCCC2)CC1
C1CCC(C2CCC(CC3CCCC3)CC2)CC1
C1CCC(C2CCCC(C3CCCC(C4CCCCC4)C3)C2)CC1
C1CCC(CC2CCCC(C3CCCCC3)C2C2CCCCC2)CC1
C1CCC(CC2CCCCC2)CC1
C1CCC(C2CCCC(C3CCC(C4CCC5CCCCC5C4)CC3)C2)CC1
C1CCC(CCC2CCC(C3CCCCC3CC3CCCCC3)CC2)CC1
C1CCC(C2CCC(CCC3CCC(CCCC4CC5CCCCC5C4)CC3)CC2)CC1
C1CCC(CCC2CC(CCC3CCC4CCCC4C3)CC(C3CCCCC3)C2)CC1
C1CCC(CCC2CCCC(CC3CCCC(C4CCC5CCCCC54)C3)C2)C1
C1CCC(CCCC2CCCCC2CC2CCCCC2)CC1
C1CCC(C2CCC(C3CCCC3C3CCCCC3)CC2)CC1
C1CCC(CC2CCC(C(CC3CCC(C4CCCCC4)C3)C3CCCC3)CC2)CC1
C1CCC(CCCCC2CCC(CC3CCC(C4CCCCC4)CC3)CC2)CC1
C1CCC(CCCCCC2CCCC(C3CCCCC3)C2)CC1
C1CCC(CC2CCC(C3CCCCC3)CC2)CC1
C1CCC(CC2CCC(C3CC(CC4CC4)C4CCCCC43)CC2)CC1
C1CCC(C2CCC(CCC3CCCCC3CCC3CCC3)CC2)CC1
C1CCC(C2CCC(CCC3CCC(CCC4CCC(CC5CC6CCCCC6C5)CC4)CC3)CC2)CC1
C1CCC(CCCC2CC(CC3CCC(CC4CCC5CCCCC5C4)CC3)CCC2CC2CCCCC2)CC1
C1CCC(CCC2CCC(CC3CCC(CC4CCCCC4)CC3)CC2)CC1
C1CCC(C2CCCC(CC3CCCCC3C3CCC(C4CCC5CCCCC54)CC3)C2)CC1
C1CCC(CC2CCC(C3CCCC3C3CCCCC3)CC2)CC1
C1CCC(CC2CCC(C3CCCC(C4CCC4)C3)CC2)CC1
C1CCC(CCC2CCC(CC3CCCCC3)CC2C2CCC3CCCC3C2)CC1
C1CCC(CC2CCC(CC3CCCCC3)C(CC3CCCCC3)C2)CC1
C1CCC(CCCC2CCCC(CCCC3CCC(CC4CCCCC4)CC3)C2)CC1
C1CCC(CC2CCCC(C3CCC(C4CCCCC4)C4CCCCC34)C2)CC1
C1CCC(C2CCCCC2CCC2CCC2)CC1
C1CCC(CCCC2CCCC(C3CCCCC3)C2)CC1
C1CCC(CCC2CCC(C3CCCCC3CC3CCCCC3)CC2)CC1
C1CCC(CC(CCC2CCCC2)CCC2CCC(C3CCC(C4CCCCC4)CC3)CC2)CC1
C1CCC(CCC2CCC(CC3CCC(CC4CCCCC4)CC3)CC2)CC1
C1CCC(CC(CC2CCCCC2C2CCCCC2)C2CCCCC2)CC1
C1CCC(CCCC2CCC3CCC(C4CCCC(C5CCCCC5)C4)CC3C2)CC1
C1CCC(CC2CCCCC2)CC1
C1CCC(C2CCCC(C3CCCC(C4CCC(C5CCCCC5)C4)C3)C2)CC1
C1CCC(CC2CCC(C3CCCC(C4CCCCC4)C3)C(C3CCCC3)C2)CC1
C1CCC(CCCCC2CCCC(C3CCCCC3)C2)CC1
C1CCC(CCCC2CCCCC2)CC1
C1CCC(CCC2CCC(C3CCCCC3C3CCCCC3)CC2)CC1
C1CCC(C2CCCC(C3CCCC(C4CCCC(C5CCC6CCCCC6C5)C4)C3)C2)CC1
C1CCC(CCC2CCC(CCC3CCC(C4CCCCC4)CC3)CC2)CC1
C1CCC(CCC2CCC(C3CCC4C(CC5CCCCC5)CC(C5CCCCC5)C4C3)CC2)CC1
C1CCC(CCCC2CCCCC2C2CCC(C3CCCCC3)CC2)CC1
C1CC(CC2CC3CCCCC3C2)CC(C2CCC(C3CCC4CCCC4C3)CC2)C1
C1CCC(CC2CCC(CC3CC3)C(C3CCC4CCC(C5CCCCC5)CC4C3)C2)CC1
C1CCC(CC2CCC(CCC(CC3CCCCC3)CC3CCCCC3)CC2)CC1
C1CCC(CC2CCC(C3CCCCC3)CC2)CC1
C1CCC(CC2CC(C3CCCCC3)CC(C3CCCC(C4CCCCC4)C3)C2)CC1
C1CCC(CCC2CCC(C3CCCCC3)CC2)CC1
C1CCC(CC2CCC(C3CCCCC3)C(C3CCCCC3)C2)CC1
C1CCC(C2CCC(C3CCCCC3CC3CCC(C4CCCC4)CC3)C2)CC1
C1CCC(CCCC2CCCC(C3CCCCC3)C2)CC1
C1CCC(CCC2CCC(CC3CCCCC3)C(C3CCCC(CC4CCCCC4)C3)C2)CC1
C1CCC(C2CCC(C3CCCC(C4CCCC(C5CC6CCCCC6C5)C4)C3)CC2)C1
C1CCC(C2CCCCC2C2CCC(CCCC3CCC(CC4CCC(C5CCCC5)CC4)CC3)CC2)CC1
C1CC(C2CCC(C3CCC(C4CCCC(CC5CC6CCCCC6C5)C4)C(C4CCCC4)C3)CC2)C1
C1CCC(C2CCCCC2C2CCCCC2)CC1
C1CCC(CCC2CCCCC2C2CCCC(C3CC(C4CCCC4)CC(C4CC4)C3)C2)CC1
C1CCC(C2CCC(C3CCCCC3C3CCC(C4CCCCC4)CC3)CC2)CC1
C1CCC(CCCC2CCC(CC3CCC(CC4CCCCC4)CC3)CC2)CC1
C1CCC(CC2CCCC(CC3CCC(C4CCCCC4)CC3)C2)CC1
C1CCC(CCCC2CCC(C3CCCCC3)CC2)CC1
C1CCC(C2CCC(CC3CCC(C4CCC5CCCCC54)CC3)CC2)CC1
C1CCC(CC2CCC(CCCCC3CCCC(C4CCCCC4)C3)CC2)CC1
C1CCC(C2CCC(CCCC3CC(C4CCCCC4)CC(C4CCC4)C3)CC2)CC1
C1CCC(C2CCCC(C3CCC4CCCCC4C3)C2)CC1
C1CCC(CC2CCCC(C3CCCCC3)C2)CC1
C1CCC(CC2CCC3C(CCC3CC3CCCC(C4CCCCC4)C3)C2)CC1
C1CCC(CCCCC2CCC(C3CCC(CC4CCCCC4)CC3)CC2)CC1
C1CCC(CCC2CCCCC2C2CCCCC2)CC1
C1CCC(CC2CCC(CC3CCCC(C4CCCCC4)C3C3CCCC3)CC2)CC1
C1CCC(CC2CCC(CC3CCCCC3)C(CCC3CCC4CCCC4C3)C2)CC1
C1CCC(CCC2CCCCC2C2CCC3C(CCCC3C3CCCC(CC4CCCCC4)C3)C2)CC1
C1CCC(CCCC2CCCC(C3CCCCC3)C2)CC1
C1CCC(CCCC2CCCC(C3CCC(C4CCC(C5CCCC(C6CC6)C5)CC4)CC3)C2)CC1
C1CCC(CCCC2CCC(C3CCCCC3)C(C3CCCCC3)C2)CC1
C1CCC(CCCC2CCCC(C3CCCCC3)C2)CC1
C1CCC(CC2CC(C3CCC(C4CCCCC4)CC3)C3CCCCC23)CC1
C1CCC(CC2CCC(C3CCCCC3C3CCC4CCCCC4C3)CC2)CC1
C1CCC(C2CCC(C3CCC(C4CCCCC4)CC3)CC2)CC1
C1CCC(CCCC2CC(CC3CCCCC3)CC(C3CCC(C4CCCC4)CC3)C2)CC1
C1CCC(CCCCC2CCCCC2CC2CCCC(C3CC4CCCCC4C3)C2)CC1
C1CCC(C2CCCC(C3CCCCC3)C2)CC1
C1CCC(CCCC2CCCC(C3CCCCC3)C2)CC1
C1CCC(CC2CCC(CC3CCC(CCC4CCC5CCC(C6CC7CCCCC7C6)C5C4)CC3)CC2)C1
C1CCC(C2CCC(CCC3CCC(CC4CCCC(C5CCC5)C4)CC3)CC2)CC1
C1CCC(C2CCC(C3CCCCC3)CC2)CC1
C1CCC(CCC2CCCC(CC3CC3)C2)CC1
C1CCC(CCC2CCCCC2C2CCC(C3CC3)CC2)CC1
C1CCC(CCC2CCC(C3CCCCC3)CC2C2CCCC2)CC1
C1CCC(C2CCCC(C3CCC(C4CCC5CCCCC5C4)CC3C3CCCC3)C2)CC1
C1CCC(C2CCCCC2C2CCC(CC3CCC4CCCCC43)CC2)CC1
C1CCC(C2CC3CCCCC3C(C3CCCC3C3CCCCC3)C2)CC1
C1CCC(CC2CCC(CCC3CC4CCCCC4C3)CC2)CC1
C1CCC(CC2CCCC(CC3CC4CCCCC4C3)C2)CC1
C1CCC(CC2CCC(CC3CCC(C4CCCC(C5CCCC5)C4)CC3)CC2)CC1
C1CCC(CC2CCC(C3CCCCC3)CC2)CC1
C1CCC(C2CCCC(C3CCCCC3)C2)CC1
C1CCC(C2CCC(C3CCCC(CCC4CCC5CC(C6CCCCC6)CCC5C4)C3)CC2)CC1
C1CCC(C2CCCC(C3CCC(C4CCCC(C5CCCCC5)C4)C3)C2)CC1
C1CCC2CC(C3CCCCC3C3CCC4CCCCC43)CCC2C1
C1CCC(CC2CCC(CCC3CCCC(C4CCCCC4)C3)CC2)CC1
C1CCC(C2CCC(C3CCCC(C4CCCC(C5CCCC5)C4)C3)CC2)C1
C1CCC2CC(CC3CCCC(C4CCC5CCCC5C4)C3)CCC2C1
C1CCC(C2CCC(CC3CCCC(CC4CCCC4)C3)CC2)CC1
C1CCC(C2CCC(C3CCC(C4CCCCC4)CC3)CC2)CC1
C1CCC(CC2CCC(CC3CCCCC3)CC2)CC1
C1CCC(CC2CCC(C3CCCC(C4CCCCC4)C3)CC2)CC1
C1CCC(C2CCCC(C3CCCC(CC4CC4C4CCCCC4)C3)C2)CC1
C1CCC(CC2CCC(C3CCCCC3)C2)CC1
C1CCC(CCCCC2CCCC(C3CCC(CCCC4CCCCC4)CC3)C2)CC1
C1CCC(C2CCC(CC3CCCCC3CC3CCC4CCCCC43)CC2)CC1
C1CCC(CC2CCC(CC3CCCCC3)C(CC3CCCCC3)C2)CC1
C1CCC(CCCCCC2CCCCC2CC2CCCCC2)CC1
C1CCC2CC(CCC3CCC(CCC4CCC(CC5CCC(CCC6CC6)CC5)CC4)CC3)CC2C1
C1CCC(CCC2CCC(CCC3CCC(C4CCCCC4)CC3)CC2)CC1
C1CCC(CC2CCCC(C(C3CCCCC3)C3CCC(C4CCC(CCC5CCCC5)CC4)CC3)C2)CC1
C1CCC(CC2CCC(C3CCC(C4CCCCC4)CC3)CC2)CC1
C1CCC(C2CCC(CC3CCCC(C4CCCCC4)C3)CC2)CC1
C1CCC(CCC2CCC(C3CCCCC3)CC2)CC1
C(CCCC1CCCC(CC2CCCCC2)C1)CCC1CCCCC1
C1CCC(C2CCC(CCCCC3CCC(C4CCCCC4)CC3)CC2)CC1
C1CCC(CC2CCC(CC3CCC(C4CCC(CC5CCC(C6CC6)CC5)CC4)CC3)CC2)CC1
C1CCC(C2CC(CCC3CCCC(C4CC4)C3)C3CCCCC32)CC1
C1CCC(C2CCCCC2C2CCC3CCCCC3C2)CC1
C1CCC(CC2CCCC(C3CCCC(C4CC5CCCCC5C4)C3)C2)CC1
C1CCC(C2CCC(CCC3CCCC(CC4CCC(C5CCCCC5)C4)C3)CC2)CC1
C1CCC(C2CCCC(CCC3CCC(CC4CCCC4)CC3)C2)CC1
C1CCC(C2CC(CCC3CC(C4CCC4)CCC3C3CCC3)C3CCCCC32)CC1
C1CCC(CC2CCCCC2C2CCCCC2)CC1
C1CCC(CCC2CCCCC2C2CCC(C3CCCCC3)CC2)CC1
C1CCC(C2CCCC(C3CCCCC3)C2)CC1
C1CCC(CC2CCC(CC3CCC(C4CCCC4)CC3)CC2)CC1
C1CCC2CC(CC3CCC(C4CCCC(C5CCCC6CCCCC65)C4)CC3)CC2C1
C1CCC(CC2CCC(CC3CCCCC3)CC2)CC1
C1CCC(CCC2CCCC(C3CCC(C4CCCC4)CC3)C2)CC1
C1CCC(C2CCC(CCCC3CC4CCCCC4C3)CC2)CC1
C1CCC(CC2CCC(C3CCC(CC4CCCCC4)C3)CC2)CC1
C1CCC(CCC2CC(C3CCCCC3)CCC2CC2CCCCC2)CC1
C1CCC(CC2CCC(CC3CCCCC3C3CCCCC3)CC2)CC1
C1CCC(C2CCC(CCC3CC4CCCCC4C3)CC2)CC1
C1CCC(C2CCC3CCCC3C2)CC1
C1CCC(C2CCC(C3CCCCC3C3CCCCC3)CC2)CC1
C1CCC(C2CCCC(C3CCCC(CC4CCCC4)C3)C2)CC1
C1CCC(CC2CCC(CCC3CCCC(C4CCCCC4)C3)CC2)CC1
C1CCC(CCC2CCC3CCC(C4CCC(C5CCCCC5)CC4)CC3C2)CC1
C1CCC(CCC2CC(CC3CCCCC3)CC(C3CCCCC3)C2)CC1
C1CCC(CCCCC2CCC(CC3CCC(C4CC4)CC3CCC3CC4CCCCC4C3)CC2)C1
C1CCC(CC2CCC(CC3CCCCC3)CC2)CC1
C1CCC(C2CCCC2CCC2CCC(C3CCCC(C4CCCC4)C3)CC2)CC1
C1CC2CCC(C3CCCCC3C3CCCCC3C3CCCC3)CC2C1
C1CCC(C2CCC(C3CCCC(CCC4CCCCC4C4CCC5CCCC5C4)C3)CC2)CC1
C1CCC(CC2CCC(CC3CCC(CC4CC5CCCCC5C4)CC3C3CCCC3)CC2)CC1
C1CCC(C2CCCC(C3CCC(C4CCCC(CC5CC6CCCCC6C5)C4)CC3)C2)CC1
C1CCC(CCCCC2CCCC(C(C3CCCCC3)C3CCCCC3)C2)CC1
C1CCC(CCCC2CCC(CC3CCCC(C4CCCCC4)C3)CC2)CC1
C1CCC(CCC(CC2CCCCC2)C2CCCCC2)CC1
C1CCC(CCCCC2CCCC(C3CCCC4CC(C5CCCCC5)CCC43)C2)CC1
C1CCC(CC2CCC(C3CCCCC3C3CCC(C4CCCC(C5CCCC5)C4)C3)CC2)CC1
C1CCC(CC2CC(CC3CCCC(C4CCCCC4)C3)C3CCCCC23)CC1
C1CCC(CC2CCCC(C3CCCCC3C3CCCCC3)C2)CC1
C1CCC(CC2CC(CC3CC3)CC(C3CCCCC3C3CCCCC3)C2)CC1
C1CCC(C2CCC(CC3CC(CC4CC4)CCC3C3CCCCC3)CC2)CC1
C1CCC(C2CCCC(CC3CCC(C4CCCCC4)CC3C3CCCCC3)C2)CC1
C1CCC(C2CCC(CCCCC3CCC(C4CCCCC4C4CCCCC4)CC3)C2)CC1
C1CCC(C2CCC(CC3CCCCC3C3CCCC(C4CCCC(C5CCCCC5)C4)C3)CC2)CC1
C1CCC2C(C1)CCCC2C1CCCC(C2CCCCC2C2CCCCC2C2CCCC2)C1
C1CCC(C2CCCC(CC(C3CCCCC3)C3CCCCC3)C2)CC1
C1CCC(CC2CCC3CC(C4CCC5CCCCC54)CC(C4CCCCC4)C3C2)CC1
C1CCC(CCCCCC2CCC(C3CCCC(C4CC4)C3)C(C3CCCCC3)C2)CC1
C1CCC(CCC2CCC(C3CCCCC3)CC2C2CCCCC2)CC1
C1CCC(CC2CCCC(CC3CCC4CC(CCC5CCCCC5CC5CCCCC5)CCC43)C2)CC1
C1CCC(C2CCCCC2CCC2CCC(C3CC3)CC2C2CCCCC2)CC1
C1CCC(C2CCCC(C3CCCCC3)C2)CC1
C1CCC(C2CCC(C3CCCC(C4CCC(C5CCCC(CC6CCCC6)C5)CC4)C3)CC2)CC1
C1CCC(C2CCCCC2C2CCCC(C3CCCCC3CC3CCCC3)C2)CC1
C1CCC(CCC2CCCCC2C2CCCC(C3CCCC(C4CCCCC4)C3)C2)CC1
C1CCC(C2CCCCC2C2CCC(C3CCCC3)C(C3CCCCC3)C2)CC1
C1CCC(CCCCC2CCC(CC3CCC(CC4CCCCC4)CC3)CC2)CC1
C1CCC(CC2CCCCC2)CC1
C1CCC(CC(C2CCCCC2)C2CC(C3CCCCC3)CC(C3CCCCC3)C2)CC1
C1CCC(CCCCC2CCCC(CC3CCC(CCC4CCCCC4)CC3)C2)CC1
C1CCC(CC2CCCC(CCC3CCC(C4CCC(C5CCCCC5)CC4)CC3)C2)CC1
C1CCC(CCCC2CCCC(C3CCCC(C4CCCCC4)C3)C2)CC1
C1CCC(CC2CCC3CC(CC4CCCC(C5CCCCC5)C4)CCC23)CC1
C1CCC(CCC(C2CCCCC2)C2CCCC(C3CCCCC3)C2)CC1
C1CCC(C2CCC3CCCC3C2)CC1
C1CC2CCC(C3CCCCC3C3CCC(CC4CCC(CC5CC5)CC4)CC3)CC2C1
C1CCC(CCCC2CC(C3CC3)CCC2CC2CCCCC2)CC1
C1CCC(CC2CCC(CC3CCC(CCC4CCCC4)CC3)CC2)CC1
C1CCC(C2CCC(C3CCCCC3)CC2)CC1
C1CCC(CC2CC(C3CCCCC3)C3CCCCC23)CC1
C1CCC(C2CCCC(C3CCC4CCCCC43)C2)CC1
C1CCC(CC2CCC(C3CCCC(C4CCCCC4)C3)CC2)CC1
C1CCC(CCCCC2CCC(C(CC3CCCCC3)C3CCCCC3)CC2)CC1
C1CCC(C2CCC(CC3CCCC(C4CCCCC4)C3)CC2)CC1
C1CCC(CC2CCC(C3CCCCC3)CC2)CC1
C1CCC(CC2CCC(C3CCCCC3CC3CCCCC3)CC2)CC1
C1CCC(CCCCC2CCCC(C3CCCCC3)C2)CC1
C1CCC(C2CCCCC2CC2CCCC(C3CCCC3)C2)CC1
C1CCC(CC2CCCCC2C2CCC3C(CCCC3C3CCC4CCCCC43)C2)CC1
C1CCC(CC2CCC(C3CCCC(C4CCCCC4)C3)CC2)CC1
C1CCC(CC2CCC(CC(CC3CCCCC3)CC3CCCCC3)CC2)CC1
C1CCC(CC2CCCC(C3CCCC(C4CCC5CCCC5C4)C3)C2)CC1
C1CCC(C2CCCC(C(C3CCCCC3)C3CCCCC3C3CCCC3)C2)CC1
C1CCC(CC2CCCC(C3CCCCC3)C2)CC1
C1CCC(CC2CCC(CC3CCCC(CC4CC5CCCCC5C4)C3)CC2)CC1
C1CCC(C2CCCC(C3CCCC4CC(C5CCCCC5)CCC43)C2)CC1
C1CCC(CCCC2CCCC(CC3CCCCC3)C2)CC1
C1CCC(CCC2CCCC(C3CCCC(CC4CCCCC4)C3)C2)CC1
C1CCC(CC2CC(C3CCCCC3)CCC2C2CCCCC2)CC1
C1CCC(C2CCCC(C3CCC4CCCCC4C3)C2)CC1
C1CCC(CCC2CCC(CCC3CC4CCCCC4C3)C(C3CCC4CCCC4C3)C2)C1
C1CCC(CCC2CCCC(C3CCCC(CC4CCCC(C5CCCCC5)C4)C3)C2)CC1
C1CCC(CCCC2CCCCC2CC2CCCCC2)CC1
C1CCC(CCC2CCC(CC3CCC(C4CCC5CCCCC54)CC3)CC2)CC1
C1CCC(CCC2CCCCC2)CC1
C1CCC(C2CCC(C3CCCCC3)CC2)CC1
C1CCC(CCC2CC(CC3CCCCC3)C3CCCCC23)CC1
C1CCC(CC2CCC(C3CCCC(C(CC4CCCC4)C4CC5CCCCC5C4)C3)CC2)CC1
C1CCC(C2CCC(C3CCCC(C4CCCCC4C4CCCC4)C3)CC2)CC1
C1CCC(CCC2CCC(C3CCCCC3)CC2)CC1
C1CCC(CCC2CCCCC2)CC1
C1CCC(C2CCC(C3CCCCC3C3CCC4CCCC4C3)CC2)CC1
C1CCC(CC2CCCC(CC3CCCCC3)C2)CC1
C1CCC(C2CCC3C(CCCC3C3CCCC(CC4CCC(CCC5CCCC5)CC4)C3)C2)CC1
C1CCC(CC2CCCCC2CC2CC(C3CCCCC3)C3CCCCC23)CC1
C1CC(CC2CC2)CC(C2CCCC(CC3CC3)C2)C1
C1CCC(CC2CCC(C3CC4CCCCC4C3)CC2)CC1
C1CCC(C2CCC(C3CCCC(CC4CC5CCCCC5C4)C3)CC2)CC1
C1CCC(CC2CCCC(CC3CCC(C4CCCCC4)CC3)C2)CC1
C1CCC(CCC2CCCC(CC3CCCCC3)C2)CC1
C1CCC(CCCCC2CCC(C3CCCCC3)CC2)CC1
C1CCC(C2CCC(C3CCC(CCC4CCC5CCCCC54)CC3)CC2)CC1
C1CCC(C2CCC(CC3CCC(C4CCCC(CC5CC6CCCCC6C5)C4)CC3)CC2)C1
C1CCC(CC2CCCC(CC3CCC(C4CCCCC4C4CCCCC4)CC3)C2)CC1
C1CCC(CC2CCCCC2C2CCC(CC3CCC(CC4CC4)C(C4CCCC4)C3)CC2)CC1
C1CCC(C2CCCC(CCC3CCC(C4CCCC(C5CC6CCCCC6C5)C4)CC3)C2)CC1
C1CCC(C2CCCCC2C2CCCCC2)CC1
C1CCC(CC2CCCC(CCC3CCCC4CCCCC43)C2)CC1
C1CCC(CCC2CCCCC2CCC2CCCC2)CC1
C1CCC(C2CCC3C(CCCC3C3CCC(CCCC4CCCC4)CC3)C2)CC1
C1CCC(CCCC2CCCC(CC3CCCCC3)C2)CC1
C1CCC(CCC2CCCCC2C2CC(C3CCCCC3)CC(C3CCC3)C2)CC1
C1CCC(CC2CCC(CC3CCC(C4CCCCC4)CC3)CC2)CC1
C1CCC(CC2CCC(CC(CC3CCCC3)C3CCC4CCCCC43)CC2)CC1
C1CCC(CC2CCC(C3CCC(C4CCCCC4)CC3C3CCCCC3)CC2)CC1
C1CCCCC1
C1CCC(CC2CCC(CC3CCCCC3)CC2)CC1
C1CCC(C2CCC(C3CCC4CCCC4C3)CC2CC2CCCC2)CC1
C1CCC(CCCCC2CCC(C3CCCC(CC4CCCC4)C3)CC2)CC1
C1CCC(CC2CC(CC3CCCCC3)C3CC(C4CCC(C5CCCCC5)CC4)CCC23)CC1
C1CCC(CCC2CCCC(CCC3CCCCC3)C2CC2CCCCC2)CC1
C1CCC(C2CCC(CCCC3CCCCC3C3CCCC3)C(C3CCCC3)C2)CC1
C1CCC(C2CCC(CC3CCC(C4CCCC(C5CCCCC5)C4)C3)CC2)CC1
C1CCC(CC2CCC(C3CCCCC3)CC2)CC1
C1CCC(CC2CCCC(C3CCC(C4CCCC(C5CCCCC5)C4)CC3)C2)CC1
C1CCC(C2CCCC(C3CCCC(C4CCC4)C3)C2)CC1
C1CCC(CC2CCCC(CCCC3CCCC(C4CCC4)C3)C2)CC1
C1CCC(CC2CCCC(C3CC(CCC4CCC5CCCC5C4)CC(C4CCC4)C3)C2)CC1
C1CCC(CC2CCCC(C3CCC(C4CCCC5CCCCC54)CC3)C2)CC1
C1CCC(CCC2CCC(CC3CCCCC3)CC2)CC1
C1CCC(CC2CCCC(CC3CC4CCCCC4C3)C2)CC1
C1CCC(CCC2CCC(C3CCC(C4CCCCC4)CC3)CC2)CC1
C1CCC(CC2CCC(CC3CCCCC3)C(C3CCCCC3)C2)CC1
C1CCC(C2CCCC(CC3CCCC(C4CCCC4)C3)C2)CC1
C1CCC(CC2CC(CC3CCCCC3)C3CCCCC23)CC1
C1CCC(CCCC2CC(CCC3CC4CCCCC4C3)CC(C3CCCCC3)C2)CC1
C1CCC(CC2CCCC(C3CCCCC3)C2)CC1
C1CCC(CCCCCC2CCC(CC3CCCCC3)CC2)CC1
C1CCC(C2CCCC(CCC3CCCC(C4CCCC(C5CCCC5)C4)C3)C2)CC1
C1CCC(CC2CCCCC2CC2CC(CC3CCCCC3)C3CCC(CCC4CCCC4)CC23)CC1
C1CCC(CCC2CCC(CCC3CCCC(C4CCCC(C5CC5)C4)C3)CC2)CC1
C1CCC(CCC2CCCC(CC3CCCCC3C3CCCC3)C2)CC1
C1CCC(C2CCCC(C3CCCC(CCC4CCCC4)C3)C2)CC1
C1CCC(CC2CC(C3CCCCC3)CCC2C2CCCCC2C2CCCC2)CC1
C1CCC(CC2CCCC(C3CCCCC3)C2)CC1
C1CCC(CCCC2CCC(C3CCCCC3)C(C3CCCCC3)C2)CC1
C1CCC(CC2CCC(C3CCC(C4CCCCC4)CC3)CC2)CC1
C1CCC(C2CCCCC2CCC2CCCC(C3CCCCC3C3CCCCC3)C2)CC1
C(CCC1CC1)CCC1CCC(CCC2CCC(CC3CCCCC3)CC2)CC1
C1CCC(CCCCCC2CC(CC3CCCCC3)C3CCCCC23)CC1
C1CCC(CCCC2CCC(C3CCCCC3)CC2)CC1
C1CCC(CCCC2CCC(C3CCCCC3)CC2)CC1
C1CCC(CC2CCC(CCCC3CCC(CC4CCCCC4C4CCCC4)CC3)CC2)CC1
C1CCC(CC2CCC(C3CCC(C(C4CCC(C5CCC(CCC6CC6)CC5)CC4)C4CC4)C3)CC2)CC1
C1CCC(CC2CCC(C3CCC4CCC(C5CCCCC5CC5CCCCC5)CC43)CC2)CC1
C1CCC(CC2CCC(C3CCCC(C4CCCCC4)C3)CC2)CC1
C1CCC(C2CCCC3CCCCC32)CC1
C1CCC(C2CCCC(C3CCCC(C4CCCCC4)C3)C2)CC1
C1CCC(CC2CCCC(CC3CCC(C4CCCC4)CC3)C2)CC1
C1CCC(C2CCC3CCCC(C4CCCCC4)C3C2)CC1
C1CCC(C(C2CCCCC2)C2CCCCC2C2CCCC2)CC1
C(CCCC1CCCCC1)CCCC1CCCCC1C1CCCC1
C1CCC(CC2CC3CC(C4CCCCC4)CCC3C(C3CCCCC3)C2)CC1
C1CCC(CC2CCC(CC3CCCC(CC4CC5CCCCC5C4)C3)CC2)CC1
C1CCC(C2CCC(CC3CCC(CC4CCCC4)CC3)CC2)CC1
C1CCC(CC2CCC(C3CCC(CC4CCCC4)CC3)C(CCC3CCCCC3C3CCCCC3)C2)CC1
C1CCC(CC2CC(C3CCCC(C4CCCCC4)C3)C3CCCCC23)CC1
C1CCC(CC2CCC(C3CCCC(CC4CCCCC4)C3)CC2)CC1
C1CCC(CCC2CCC(CCC3CCCC(CC4CCCCC4)C3)CC2)CC1
C1CCC(CCCC2CCCCC2CCC2CCCCC2CC2CCCCC2)CC1
C1CCC(CCC2CCC(CC3CCC(C4CCCCC4)CC3)CC2)CC1
C1CCC(CC2CCC(C3CCC4C(CC5CCCCC5)CCC4C3)CC2)CC1
C1CCC(C2CCC(C3CCCC(C4CCCCC4)C3)CC2)CC1
C1CCC(CCC2CCC(C3CCCCC3)C(C3CCC4CCCCC4C3)C2)CC1
C1CCC(CCCC2CCCCC2C2CCCC(C3CCCCC3)C2)CC1
C1CCC(CCC2CC(C3CCCCC3)C3CC(C4CCCC4)CCC23)CC1
C1CCC(C2CCCCC2C2CCCC(C3CCCC(CC4CCCC4)C3)C2)CC1
C1CCC(CC2CCC(CC3CC(C4CCCCC4)C4CCC(CC5CCCCC5)CC34)CC2)CC1
C1CCC2CC(CC3CCC(CC4CCC5CCCCC54)CC3)CC2C1
C1CCC(CC2CCCC3CC(C4CCCCC4C4CCCCC4)CCC23)CC1
C1CCC(CC2CCCC(CCCC3CCCCC3C3CCCC3)C2)CC1
C1CCC(CC2CC(C3CCCCC3)CC(C3CCCCC3)C2)CC1
C1CCC(CCC2CCC(CC3CCCC(CCC4CC5CCCCC5C4)C3)CC2)C1
C1CCC(C2CCCC(C3CCCCC3C3CCC4CCCCC4C3)C2)C1
C1CCC(CC2CCCC(C3CC(CC4CCC(C5CCCC5)CC4)C4CCCCC43)C2)CC1
C1CCC(CCC2CCC(CC3CCC4CCCCC43)CC2)CC1
C1CCC(CCC2CCC(C3CCCCC3)CC2)CC1
C1CCC(C2CC(C3CCCCC3)C3CC(CCCC4CCCC(CC5CCCC5)C4)CCC23)CC1
C1CCC(C2CCCC(C3CCCCC3)C2)CC1
C1CCC(C2CCCC(C3CCCC(C4CCC5CCCCC54)C3)C2)CC1
C1CCC(C2CCC(C3CCCCC3)C(C3CCCCC3)C2)CC1
C1CCC(CCC2CCC(CC3CCC(C4CCCCC4)CC3)CC2)CC1
C1CCC(CC2CCCC(CC3CCCCC3)C2)CC1
C1CCC(CCCCC2CCCCC2C2CCCCC2)CC1
C(CCC1CCCC(C2CCCCC2)C1)CCC1CC2CCCCC2C1
C1CCC(CCC2CCCC(C3CCCC(C4CCCCC4)C3)C2)CC1
C1CCC(CCC2CCC(C3CCCCC3C3CCC4CCCCC4C3)CC2)CC1
C1CCC(CCC2CC(C3CCCCC3)CCC2CCC2CC(CC3CCCCC3)C3CCCCC23)CC1
C1CCC(CC2CCC(CCC3CCC(C4CCCC(CC5CCCCC5)C4)CC3)CC2)CC1
C1CCC(CC2CC3CCC(C4CCCCC4)CC3C(C3CCCC(C4CCCC4)C3)C2)CC1
C1CCC(C2CCCC(CCC3CCCCC3C3CCCC4CCCCC43)C2)CC1
C1CCC(CCCC2CCCCC2C2CCCC(CC3CCC4CCCC4C3)C2)CC1
C1CCC(CCCC2CCC(C3CCC(C4CCCCC4)CC3)CC2)CC1
C1CCC(CCCC2CCCC(CC3CCC(CCC4CCCCC4)CC3)C2)CC1
C1CCC(CC2CC(C3CCC3)C3CC(C4CCCCC4C4CCC5CCCCC5C4)CCC23)C1
C1CCC(CC2CCC(CCCC3CCC(C4CCCCC4)CC3)CC2)CC1
C1CCC(CC2CCC(CC3CCC(C4CCCCC4)CC3)CC2)CC1
C1CCC(CC2CCC3CCCCC3C2)CC1
C1CCC(C2CCCC(C3CCC4C(CCC4C4CCCC4)C3)C2)CC1
C(CCCC1CCC(CCCCC2CCCCC2)CC1)CCCC1CC2CCCCC2C1
C1CCC(CC2CCC(CCC3CCC(C4CCC5CCCCC5C4)CC3)CC2)CC1
C1CCC(CC2CCC3CC(CCCC4CCCC(C5CCCC5)C4)CCC3C2)CC1
C1CCC(CCC2CC(CC3CCC(C4CCCCC4)C(C4CCCCC4)C3)C3CCCCC23)CC1
C1CCC(CC2CCC(CCC3CCC(CC4CCCCC4)CC3)CC2)CC1
C1CCC(CCCCC2CCCCC2C2CCCCC2)CC1
C1CCC(CC2CCCCC2)CC1
C1CCC(CC2CC(C3CCC(C4CCC4)CC3)C3CCCCC23)CC1
C1CCC(CCCC2CCC(C3CC4CCCCC4C3)CC2)CC1
C1CCC(CCC2CCCC(C3CCCCC3CC3CCCCC3)C2)CC1
C1CCC(CCCC2CCCC(CCC3CCCCC3)C2)CC1
C1CCC(C2CCCCC2)CC1
C1CCC(C2CCC(C3CCC4CCCCC4C3)C(C3CCC(CC4CCC(C5CCCC5)CC4)CC3)C2)CC1
C1CCC(C2CCCC(C3CCC4CCCCC4C3)C2)CC1
C1CCC(C2CCC(CC3CCC(CCC4CC(CC5CC5)C5CCCCC45)CC3)CC2)C1
C1CCC(C2CCC(C3CCCC(CC4CCCC(C5CCCCC5)C4)C3)CC2)CC1
C(CCC1CCCC1)CCC1CCC2CC(C3CCCCC3)CCC2C1
C1CCC(CCCCC2CCC(C3CCCC(C4CCCC4)C3)CC2)CC1
C(CCCC1CCCC(C2CCCC2)C1)CCC1CCCC(C2CCCCC2)C1
C1CCC(C2CCC(C3CCCC(C4CCC4)C3)CC2)C1
C1CCC(CCC2CCCC(CC3CC(C4CCCCC4)C4CCCCC34)C2)CC1
C1CCC(C2CCCCC2CCC2CCC3CCCCC32)CC1
C1CC(C2CCC(C3CCC(C4CCCCC4C4CCC5CCCC5C4)CC3)CC2)C1
C1CCC(C2CCCCC2C2CCCCC2C2CCCCC2)CC1
C1CCC(CCC2CCCC(C3CC(C4CCCC4)C4CCC(C5CCCCC5)CC34)C2)CC1
C1CC(CC2CCC(CC3CCC(CC4CC4)CC3)CC2)CC(C2CC2)C1
C1CCC(C2CC(C3CC(C4CCC(C5CCC(C6CCC6)CC5)CC4)C4CCCCC34)C2)CC1
C1CCC(C2CCCCC2C2CCCCC2C2CCCCC2)CC1
C1CCC(CCC2CCCC(C3CCC(C4CCC4)CC3)C2)CC1
C1CCC(CC2CCCC(C3CCC(C4CCCCC4)CC3)C2)CC1
C1CCC(C2CCC(C3CCCC(C4CCCCC4)C3)CC2)CC1
C1CCC(CC2CCC(CCC3CCCC(C4CCCCC4)C3)CC2)CC1
C1CCC(CC2CCC(CCC3CCC(CCC4CC5CCCCC5C4)CC3)CC2)CC1
C1CCC(C2CCCCC2CCC2CCC(C3CC3)CC2)CC1
C1CCC(CC2CCC(CC3CCC(CC4CCCC(C5CCCC5)C4)CC3)CC2)CC1
C1CCC(CCC2CCC(C3CCCCC3)C(C3CCCC3)C2)CC1
C1CCC(CC2CCC(C3CCCCC3)CC2)CC1
C1CCC(CC2CCCCC2C2CCC(C3CCCC3)CC2)CC1
C1CCC(C2CCC(C3CCC4CCCC(C5CCCCC5)C4C3)CC2)CC1
C1CCC(CCC2CC3CCC(CC4CCC4)CC3C(C3CCCCC3)C2)CC1
C1CCC(CCC2CCC(C3CCCC(C4CCCCC4)C3)CC2)CC1
C1CCC(C2CCC(CC3CCC4CCCCC4C3)CC2)CC1
C1CCC(C2CCC3C(CCCC3C3CCCC(C4CCC4)C3)C2)CC1
C1CCC(CCC2CCCC(C3CCC(C4CCCC(C5CCCCC5)C4)CC3)C2)CC1
C1CCC(CCC2CCC(C3CCCC3)C(C3CCCCC3)C2)CC1
C1CCC(CCC2CCC(CC3CCCCC3C3CCC(CC4CCCCC4)CC3)CC2)CC1
C1CCC(C2CCC(C3CCCCC3)CC2)CC1
C1CCC(C2CCCCC2)CC1
C(CCC1CCCCC1C1CCCC1)CC1CCC(C2CCCCC2C2CCCC2)CC1
C1CCC(CC2CCCCC2C2CCCCC2)CC1
C1CC(CCC2CC3CCCCC3C2)CC(CC2CCC3CCCCC3C2)C1
C1CCC(CCC2CCC(CCC3CCC(CC4CCCCC4)CC3)CC2)CC1
C1CCC(CC2CCC(C3CCCCC3C3CCCC3)CC2)CC1
C1CCC(C2CCCC(C3CCC(CC4CCCC4)CC3)C2)CC1
C1CCC(CC2CCC(C3CCC4C(CC5CCCCC5)CCC4C3)CC2)CC1
C1CCC(CCC2CCCCC2CC2CCCCC2)CC1
C(CCCC1CCCCC1)CCCC1CCC(CCC2CCCCC2)CC1
C1CCC(CCCCCC2CCC(CC3CCCCC3)CC2)CC1
C1CCC(CCC2CCC(CCC3CCCC(CCC4CCCC5CCCCC54)C3)CC2)CC1
C1CCC(CC2CCCCC2CC2CCCCC2)CC1
C1CCC(C2CCC(C3CCC(C4CCC5CCCC5C4)CC3)CC2)CC1
C1CCC(CC2CCCC(CCC3CCC(C4CCCCC4)CC3)C2)CC1
C(CCCC1CCCC(C2CCCCC2)C1)CCC1CCC(CC2CCCCC2)CC1
C1CCC(C2CCCCC2C2CCCCC2)CC1
C1CCC(C2CCC(CC3CC4CCCCC4C3)CC2)CC1
C1CCC(C2CCC(C3CCCC(C4CCC(C5CCCC5)CC4)C3)CC2)CC1
C1CCC(CC2CCCC(CC3CCCCC3)C2)CC1
C1CCC(CC2CCCC(CC(C3CCCCC3)C3CC3)C2)CC1
C1CCC(CC2CCCC(CC3CCCCC3)C2)CC1
C1CCC(CCC2CCCC(CCCC3CCCC(C4CCCCC4)C3)C2)CC1
C1CCC(C2CCCC(C3CCC(CCC4CCC5CCCC5C4)CC3)C2)CC1
C1CCC(CCC2CC(C3CCCCC3)CC(C3CCCCC3)C2)CC1
C1CCC(C2CCC(CCCC3CCC(C4CCC5CCCC5C4)CC3)CC2)CC1
C1CCC(CCC2CCCC(CC3CCC(CC4CCCC(C5CCC5)C4)CC3)C2)CC1
C1CCC(C2CCCCC2CCCC2CCCC(CC3CC3)C2)CC1
C1CCC(CCC2CCC(C3CCC(CC4CCCCC4)CC3)CC2)CC1
C1CCC(CCCCC2CCCC(C(C3CCCCC3)C3CC3)C2)CC1
C1CCC(CCCC2CCC(C3CCCCC3)CC2)CC1
C1CCC(CCCCC2CCC(C3CCCCC3)C2)CC1
C1CCC(CCC2CCC(CC3CCCCC3)CC2)CC1
C1CCC(CCC2CC(CC3CCCCC3)CCC2C2CCCCC2CC2CCCCC2)CC1
C1CCC(CC2CC(CCCC3CCC(C4CCCCC4)CC3)CC(C3CCCCC3)C2)CC1
C1CCC(C2CCCC(CCC3CCC(C4CC4)CC3)C2)CC1
C1CCC(CCCC2CCC(C3CCCCC3)CC2)CC1
C1CCC(CC2CCC(CC3CCCCC3)C(C3CCCCC3)C2)CC1
C1CCC(CCC2CCCCC2CC2CCCCC2)CC1
C1CCC(CC2CCCCC2C2CCC3CC(C4CCCC4)CCC3C2)CC1
C1CCC(CC2CCC(CCC3CCC4CCCCC43)CC2)CC1
C1CCC(C2CCCC(C3CCCCC3)C2)CC1
C1CCC(CCCCCC2CCC3C(CCC3C3CCCC3)C2)CC1
C1CCC(CCCC2CCC(CC3CCCCC3)CC2)CC1
C1CCC(CCC2CCCC(C3CCCC(C4CCCCC4)C3)C2)CC1
C1CCC(CC(C2CCCCC2)C2CCCCC2C2CCCC2)CC1
C1CCC(CCCC2CCCCC2C2CCC3CCCCC3C2)CC1
C1CCC(CC2CCC(C3CCCC(C4CCCCC4)C3)CC2)CC1
C1CCC2CC(CC3CC(C4CCCC(C5CCCCC5C5CCCC5)C4)C4CCCCC34)CC2C1
C1CCC(CCC2CCCC(C3CCCCC3C3CCC3)C2)CC1
C1CCC(CC2CCC(CCC(CC3CCCCC3)C3CCCCC3)CC2)CC1
C1CCC(C2CCCC(CCC3CC4CCCCC4C3)C2)CC1
C1CCC(CCCC2CCCCC2)CC1
C1CCC(C2CC(CC3CCCC(CC4CCC5CCCCC5C4)C3)C3CCCCC32)CC1
C1CCC(C2CCC(CCC3CCCCC3CC3CC4CCCCC4C3)CC2)CC1
C1CCC(CC2CCC(CC3CCC(C4CCCCC4)CC3)CC2)CC1
C1CCC(CC2CCC(CC3CCC(CC4CCCC(CC5CC5)C4)CC3)CC2)CC1
C1CCC(CCC2CCCCC2)CC1
C1CCC(CCCC2CCCC3CCC(C4CC5CCCCC5C(C5CCCCC5)C4)C23)CC1
C1CCC(CC2CC(CCCCCC3CCCC(CC4CC4)C3)CC(CC3CC3)C2)CC1
C1CCC(C2CCC(CCCC3CCCC(CCC4CC(CC5CCCC5)C5CCCCC45)C3)CC2)CC1
C1CCC(CCC2CC(C3CCCCC3)CC(C3CCCCC3)C2)CC1
C1CCC(C2CCC(C3CCCCC3CC3CC4CCCCC4C3)CC2)CC1
C1CCC(CC2CCCCC2C2CCCCC2)CC1
C1CCC(C2CCC(C3CCCCC3C3CCCCC3)CC2)CC1
C1CCC(CCCC2CCC(CC3CCCCC3)CC2)CC1
C1CCC(CC2CCCC3CC(CC4CCCC(C5CCCCC5)C4)CC23)CC1
C1CCC(CC2CCCCC2C2CCC(CC3CC3)CC2)CC1
C1CCC(C2CCC3C(CCCC3C3CCCCC3C3CCCCC3)C2)CC1
C1CCC(CC2CCC(C3CCCC(C4CCC4)C3)C(C3CCCC3)C2)CC1
C1CCC(CC2CCC(C3CCCCC3C3CCCCC3)CC2)CC1
C1CCC(C2CCC(C3CCC4CC(C5CCCCC5)CCC4C3)CC2)CC1
C1CCC(C2CCCC(C3CCCC4CCCCC43)C2)CC1
C1CCC(C2CCCCC2CC2CCC(CC3CCCC3)CC2)CC1
C1CCC(C2CC(C3CCCC3)CC(C3CCCCC3C3CCCCC3)C2)CC1
C1CCC(CC2CCC(C3CCCCC3)C(CCC3CCC(C4CCCCC4)C3)C2)CC1
C1CCC(CC2CCC(CC3CCCC(C4CCCCC4)C3)CC2)CC1
C1CCC(CC2CCC(C3CCCC4CCCCC43)C(C3CCCC3)C2)CC1
C1CCC(C2CCC(CC3CCC(C4CCCC4)CC3)CC2)CC1
C1CCC(CC2CCC(CC3CCC(CC4CC5CCCCC5C4)CC3)CC2)CC1
C1CCC(CC2CC(C3CCCC(C4CCCCC4)C3)C3CCCCC23)CC1
C1CCC(CC2CCCC(CC3CCC(C4CCC4)C(CC4CCCCC4CC4CCCCC4)C3)C2)CC1
C1CCC(CCCC2CCC(CC3CCC(C4CCCCC4)CC3)CC2)CC1
C1CCC(C2CCC(C3CCC(C4CCCC4)CC3)CC2)CC1
C1CCC(CC2CCCC(C3CCC(C4CCCC4)CC3)C2)CC1
C1CCC(C2CC3CCCCC3C(CC3CC4CCCCC4C3)C2)CC1
C1CCC(C2CCC(C3CC(C4CCCCC4)CCC3C3CCC3)CC2)CC1
C1CCC(CCC2CCCC(CC3CCCC(CCC4CCCCC4)C3)C2)CC1
C1CCC(CC2CCC3CCCCC3C2)CC1
C1CCC(C2CCCC(CC3CC4CCCCC4C3)C2)CC1
C1CCC(CCC2CCC(C3CCCC(C4CCC(CC5CCCCC5)CC4)C3)CC2)CC1
C1CCC(CCC2CCCC(C3CCCC(C4CCCC4)C3)C2)CC1
C1CCC(CCCCC2CCC3C(CCCC3C3CCC(C4CCCCC4)CC3)C2)CC1
C1CCC2CC(C3CCCC(CC4CC(C5CCCC5)C5CCCCC45)C3)CCC2C1
C1CCC(C2CCC(CCC3CCC(C4CCCC(C5CCCCC5)C4)CC3)CC2)CC1
C1CCC(C2CCCCC2C2CCC(C3CCCCC3C3CCCCC3)CC2)CC1
C1CCC(CC2CCCC(C3CC(CCCC(C4CCCCC4)C4CC4)CCC3C3CCC3)C2)CC1
C1CCC(C2CCC(CC3CCC(C4CCCCC4C4CCCCC4)CC3)CC2)CC1
C(CC1CC2CCCCC2C1)CC1CCCC(C2CCCCC2C2CCCC2)C1
C1CCC(CC2CCCCC2C2CCC(C3CCC4CCCCC43)C2CC2CCCCC2)CC1
C1CCC(CC2CC(CC3CCCC(C4CCCCC4)C3)C3CCCCC23)CC1
C1CCC(CC2CCC(CC3CCCCC3C3CCCC3)CC2)CC1
C1CCC(C2CCCC(C3CCCCC3C3CCC4CCCCC43)C2)CC1
C1CCC(C2CCC(CC3CCCCC3CCC3CC3)CC2)CC1
C1CCC(C2CCC(C3CCC4CCCC4C3)CC2)CC1
C1CCC(CC2CCC(CC3CCCCC3)CC2)CC1
C1CCC(C2CCCC(C3CCCCC3C3CCCC3)C2)CC1
C1CCC(C2CCCC(C3CCCCC3C3CCCCC3)C2)CC1
C1CCC(CC2CCC(C3CCCCC3)CC2CC2CCCCC2)CC1
C1CCC(CC2CCC(CCC3CCC(C4CCCCC4C4CCC5CCCC5C4)CC3)C2)CC1
C1CCC(CCCC2CCC(CC3CCC(CC4CCC(CCC5CC5)CC4)CC3)CC2)CC1
C1CCC(C2CCCC(C3CCCCC3C3CCCCC3C3CCCC3)C2)CC1
C1CCC(CC2CCCCC2C2CCCCC2)CC1
C1CCC2CC(C3CCC(CC4CCC(CC5CCC6CCCCC65)CC4)CC3)CC2C1
C1CCC(C2CCCC(C3CCCCC3C3CCCCC3)C2)CC1
C1CCC(C2CCCC(CCC3CCC(CCCC4CCCCC4C4CCCCC4)CC3)C2)CC1
C1CCC(CC2CCC(C3CCCC(C4CCCCC4)C3)CC2)CC1
C1CCC(C2CCC(C3C(C4CCCCC4)CC(C4CCCCC4)C4CCCC43)CC2)CC1
C1CCC(C2CCCC(C3CCCCC3C3CCCCC3)C2)CC1
C1CCC(C2CCC(C3CCCC(C4CCCC4)C3)CC2)CC1
C1CCC(CCCC2CCC(CC3CCCCC3)CC2CCC2CCCCC2)CC1
C1CCC(C2CCC(C3CCCCC3C3CCCCC3C3CCC(C4CCCCC4)CC3)CC2)CC1
C1CCC(C2CCCC(C3CCCC(C4CCCCC4)C3)C2)CC1
C1CCC(CCC2CCC(CCC3CCCC(C4CCCCC4)C3)CC2)CC1
C1CCC(CCC2CCC3CC(C4CCCCC4CC4CCCCC4)CCC23)CC1
C1CCC(C2CCCCC2C2CCCCC2C2CCC3CCCC3C2)CC1
C1CCC(CC2CCC(CC3CCCCC3)C(C3CCCCC3)C2)CC1
C1CCC(CCCC2CCC(CCCC3CC4CCCCC4C3)CC2)CC1
C1CCC(CCC2CCCC(C3CCCC(C4CCCCC4)C3)C2)CC1
C1CCC(CC2CCCC(C3CCCCC3)C2)CC1
C1CCC(CC2CCCC(CC3CCCC(C4CCCCC4)C3)C2)CC1
C1CC2CCC(C3CCCCC3C3CCCC3)CC2C1
C1CCC(CC2CCC(C3CCC(CC4CCCCC4)C(C4CCCCC4)C3)CC2)CC1
C1CCC(C2CCC(CCCC3CCC(C4CC5CCCCC5C4)CC3)CC2)CC1
C1CCC(C2CC(CCC3CCCCC3C3CCCCC3)CC(C3CCC3)C2)CC1
C1CCC(CC2CCCC(C3CCCC(C4CCCCC4)C3)C2)CC1
C1CCC(CCC2CCCC(C3CCCCC3)C2)CC1
C1CCC(C2CCCCC2C2CCCCC2)CC1
C1CCC(CCC2CCCCC2)CC1
C1CCC(CC2CC(CC3CCCCC3)CC(C3CCCC(CC4CC4)C3)C2)CC1
C1CCC(CC2CC(C3CCCCC3)C3CCCCC23)CC1
C1CC(CC2CCCC(CCC3CC(C4CCCC4)CC(C4CCCC(C5CCCC5)C4)C3)C2)C1
C1CCC(C2CCCC(CCC3CCCCC3C3CCCC3)C2)CC1
C1CCC(CCC2CCC(C3CCCCC3CC3CCCCC3)CC2)CC1
C1CCC(CC2CCC(C3CCCCC3)CC2C2CCC3CCCCC3C2)CC1
C1CCC(CC2CCC(C3CCCC(C4CCC(CC5CCC6CCCCC65)CC4)C3)CC2)CC1
C1CCC(C2CCC(C3CC(C4CCCC4)C4CCCCC34)CC2)CC1
C1CCC(CCC2CCC(C3CCCCC3)CC2)CC1
C1CCC(C2CCC(CC3CC(CC4CCC(C5CC5)CC4)C4CCCCC34)CC2)CC1
C1CCC(CCC2CCCC(C3CCCCC3)C2)CC1
C1CCC(C2CCCCC2C2CCCC3CC(C4CCC5CCCCC5C4)CCC32)CC1
C1CCC(C2CCC(CC3CCC(C4CCC(C5CCC5)CC4)CC3)CC2)CC1
C1CCC(CCC2CCCC(C3CCC(C4CCCC4)CC3)C2)CC1
C1CCC(CCC2CCCCC2C2CCC3CCCCC3C2)CC1
C1CCC(CC2CC(CC3CCCC(C4CCCC4)C3)C3CCCCC23)CC1
C1CCC(CCCCCC2CCC(C3CCCCC3)CC2)CC1
C1CCC(CCCCC(CCC2CCCCC2)C2CCCCC2)CC1
C1CCC(CCC2CCCC(CC3CCC(C4CCCC4)CC3)C2)CC1
C1CCC(CC2CC(C3CCCCC3)CCC2C2CCCCC2C2CCC3CCCC3C2)CC1
C1CCC(CCC2CCCCC2)CC1
C1CCC(C2CCCC(C3CCC(C4CCCCC4C4CCCCC4)C3)C2)CC1
C1CCC(C2CCCC(CC3CCCC(C4CCC5CCCCC5C4)C3)C2)CC1
C1CCC(CCCCC2CCC(CCC3CCC(C4CCCC4)CC3)CC2)CC1
C1CCC(CC2CCC(CC3CCCC(CC4CCCCC4)C3)CC2)CC1
C1CCC(C2CCCC(C3CCCCC3C3CCCC3)C2)CC1
C1CCC(CC2CCC(C3CCCCC3CCC3CCC4CCCC4C3)CC2)CC1
C1CCC(CC2CCCC(C3CCCCC3)C2)CC1
C1CCC(CCCC2CCC(CC3CCCCC3)CC2)CC1
C1CCC(CC2CC(C3CCCCC3)C3CCCC3C2C2CCCCC2)CC1
C1CCC(CC2CC(C3CCCCC3)C3CCCCC23)CC1
C1CCC(C2CCC3CC(C4CCC(C5CCCC5)C4)CCC3C2)CC1
C1CCC(CCC2CCC(CC3CCC(C4CCCCC4)CC3)CC2)CC1
C1CCC(CCC2CCC(CCC3CCCC(CC4CCCCC4)C3)CC2)CC1
C1CCC(C2CCC(CC3CCC(C4CCCCC4)CC3)CC2)CC1
C1CCC(CC2CCCCC2C2CCCC(C3CCCC(C4CCCCC4)C3)C2)CC1
C1CCC(CC(CC2CCCC2)C2CCCC(C3CCC(C4CCC(C5CCC5)CC4)CC3)C2)CC1
C1CCC(C2CCCC(C3CCCCC3C3CCCCC3C3CCCCC3)C2)CC1
C1CCC(CC2CCCC(CCC3CCCC(C4CCCCC4)C3)C2)CC1
C1CCC(C2CC(CCC3CC4CCCCC4C3)CC(C3CCCCC3)C2)CC1
C1CCC(C2CCC(CCC3CCCC4CCCCC43)CC2)CC1
C1CCC(C2CC(CCCC3CCCC(C4CCC(C5CCC5)CC4)C3)CC3CCC(C4CCCC4)CC32)CC1
C1CCC(CC2CCC(CC3CCC(C4CCCCC4)CC3)CC2)CC1
C1CCC(C2CCC(CCCC3CC(C4CCCCC4)C4CCCCC34)CC2)CC1
C1CCC(CC2CCCC3C(C4CCCC(C5CCCCC5)C4)CC(CC4CCCCC4)C23)CC1
C1CCC(C2CCC(C3CCC(C4CCC5CCCCC5C4)CC3C3CCCCC3)CC2)CC1
C1CCC(CCC2CCCCC2CC2CCCCC2)CC1
C1CCC(CCCCC2CCC(CC3CCCC(C4CCCCC4)C3)CC2)CC1
C1CCC(CC2CCC(CCC3CCCC(CC4CCCCC4)C3)CC2)CC1
C1CCC(CC2CCCCC2C2CCCCC2)CC1
C1CCC(CC2CC(CCCC3CCCC3)CC(C3CCCCC3)C2)CC1
C1CCC(CCCC2CCCC(C3CCCCC3)C2)CC1
C1CCC(CC2CCC(C3CCC(C4CCCCC4C4CCCC4)CC3C3CCCC3)CC2)CC1
C1CCC(CCC2CCCC(C3CCCC(C4CCCC4)C3)C2)CC1
C1CCC(CC2CCC3C(CC4CCCCC4)CC(CC4CCCCC4)C3C2)CC1
C1CCC(CCC2CC(C3CCCCC3)C(C3CCCCC3)C(C3CCCC3)C2)CC1
C1CCC(C2CCC3C(CCCC3C3CCCCC3)C2)CC1
C1CCC(CCCC2CCCC(CCCC3CCC(C4CCCCC4)CC3)C2)CC1
C1CCC(CC2CCCCC2CCCC2CCCC(C3CCCCC3)C2)CC1
C1CCC(CC2CCCCC2CC2CCCCC2C2CC(C3CCCCC3)C3CCCCC32)CC1
C1CCC(CCCCC2CCCCC2CC2CCCCC2)CC1
C1CCC(CCC2CCC(C3CCCCC3)CC2)CC1
C1CCC(CC2CCC(CC3CCC(CC4CCCC(C5CCCCC5)C4)CC3)CC2)CC1
C1CCC(C2CCCC(C3CCCCC3)C2)CC1
C1CCC(CCC2CCCCC2CC2CCC(C3CCCCC3)CC2)CC1
C1CCC(C2CCC(C3CCCCC3)C(CCC3CCCCC3C3CCC3)C2)CC1
C1CCC(CC2CCC(CCCCC3CC(CCCCCC4CC4)C4CCCCC34)CC2)CC1
C1CCC(CC2CCC(C3CCC(C4CCCCC4)CC3)CC2)CC1
C1CCC(CC2CCCC(C3CCCC(CC4CCCC4)C3)C2)CC1
C1CCC(C2CCC(C3CCCCC3C3CCCC3)CC2)CC1
C1CCC(C2CCCCC2C2CCCCC2)CC1
C1CCC(C2CC(CCC3CCC3)CC(C3CCCCC3)C2)CC1
C1CCC(C2CCC(CCC3CCC(C4CCCCC4)CC3)CC2)CC1
C1CCC(CCCC2CCC(CC3CCC(C4CCCC(CC5CCCC5)C4)CC3)CC2)CC1
C1CCC(CC2CCCC(C3CCC(C4CCCCC4)CC3)C2)CC1
C1CCC(CC2CCCC(C3CCC(C4CCCCC4)CC3)C2)CC1
C1CCC(CC2CCC(C3CCC(C4CCCCC4)CC3)C(C3CCCCC3)C2)CC1
C1CCC(C2CCCCC2)CC1
C1CCC(CCC2CCCC(C3CCC(C4CCCCC4)CC3)C2)CC1
C1CCC(C2CCC(CC3CCCCC3C3CCCC3)CC2)CC1
C1CCC(CC2CC3CCCCC3C2)CC1
C1CCC(CC2CCCCC2CCC2CCC(C3CCCCC3)CC2C2CCCCC2)CC1
C1CCC(C2CCCCC2)CC1
C1CCC(CC2CCC(CC3CCCC(CC4CCCCC4)C3)CC2)CC1
C(CC1CCC(CC2CCC3CCCC3C2)CC1)CC1CCC2CCCCC2C1
C1CCC(C2CCCC(CC3CCC4CCCC4C3)C2)CC1
C1CCC(C2CCC(C3CCCC(CCC4CCCC4)C3)CC2)CC1
C1CCC(CC2CCCC(C3CCCCC3)C2)CC1
C1CCC(C2CCCC(CC3CCC4CCC(C5CCCCC5)CC4C3)C2)CC1
C1CCC(CCCC2CCC(CCC3CCC(CC4CCCCC4)CC3)CC2)CC1
C1CCC(C2CC(C3CCCCC3C3CCCCC3)C3CCCCC23)CC1
C1CCC(C2CCC(CCC3CCCC(CC4CC5CCCCC54)C3)CC2C2CCCC2)CC1
C1CCC(CC2CCC(CC3CCC(C4CCCC4CC4CCCCC4)CC3)CC2)CC1
C1CCC(CCCC2CCCC(CC3CCCCC3)C2)CC1
C1CCC(CC2CCC(CC3CCC(C4CCCCC4)CC3)CC2)CC1
C1CCC(C2CCC(CCC3CCC(C4CCCC(C5CCCCC5)C4)CC3)CC2)CC1
C1CCC(C2CCCC(C3CC(C4CCCCC4)CC4CCCCC43)C2)CC1
C1CCC(CCCC2CCC(CC3CCCCC3)CC2)CC1
C1CCC(C2CCC(C3CCC(CC4CCCC4)CC3)C(C3CCCCC3)C2)CC1
C1CCC(CCC2CCCC(CCC3CCC(CC4CCCCC4)CC3)C2)CC1
C1CCC(C2CCCC(CC3CCC4CC(CCCC5CCCC5)CCC43)C2)CC1
C1CCC(CC2CCCC(CC3CCC(C4CC5CCCCC5C4)CC3)C2)CC1
C1CC(CCCC2CCCC3CCCCC32)CC(C2CCCC(C3CC3)C2)C1
C1CCC(CC2CCC(CCC3CCC(C4CCCCC4)CC3)CC2)CC1
C1CCC(CCCC2CCC(C3CCCCC3)CC2)CC1
C1CCC(CC2CCCC(C3CCCCC3C3CCC(C4CCCCC4)CC3)C2)CC1
C1CCC(C2CCCCC2C2CCC3CCCC3C2)CC1
C1CCC(CC2CCC(CC3CCCCC3C3CC4CCCCC4C3)CC2)CC1
C1CCC(CCC2CCCC(C3CCCC(CC4CCCCC4)C3)C2)CC1
C1CCC(CCC2CCCC(C3CCCCC3)C2)CC1
C1CCC(CC2CCCC(C3CCC4CC(CC5CCCCC5)CC(C5CCCCC5)C4C3)C2)CC1
C1CCC(CC2CCC(C3CC(C4CCC5CCCCC5C4)C4CCCCC34)CC2)CC1
C1CCC(CCC2CCCC(CCC3CC4CCCCC4C3)C2)C1
C1CCC(CC2CCC(C3CCCC4CCCCC43)CC2)CC1
C1CCC(CC2CCC3CCC(C4CCCCC4CC4CCCCC4)CC3C2)CC1
C1CCC(CCC2CCC(C3CCCCC3)C(CC3CCCCC3)C2)CC1
C1CCC(C2CCCC(C3CCCCC3)C2)CC1
C1CCC(CC2CC(C3CCCCC3)C3CCCCC23)CC1
C1CCC(C2CCC(CC3CCCC(C4CCCCC4)C3)CC2)CC1
C1CCC(CC2CCC(CCC3CCCC3)CC2)CC1
C1CCC(CC2CCC(C3CCCCC3CC3CCCCC3)CC2)CC1
C1CCC(CC2CCC(C3CCCCC3)C(C3CCCCC3)C2)CC1
C1CCC(CCC2CCC(C3CCC(C4CCCC(C5CCCCC5)C4)CC3)CC2)CC1
C1CCC(CCCC2CCC(CCCC3CCCCC3)CC2)CC1
C1CCC(CCCC2CCC(C3CCCCC3)CC2)CC1
C1CCC(CCCC2CCC(CC3CCCCC3)CC2CCC2CCCCC2)CC1
C1CCC(CC2CCCC(C3CC4CCCCC4C(C4CC5CCCCC5C4)C3)C2)CC1
C1CCC(CC2CCC(CC3CCCCC3)CC2)CC1
C1CCC(CCC2CCC(CC3CCC(CCC4CCCCC4)CC3)CC2)CC1
C1CCC(C2CCCCC2)CC1
C1CCC(CCC2CCC(C3CCC(C4CCC4)CC3)CC2)C1
C1CCC(CCC2CCCC(CC3CCC(C4CCCCC4)CC3)C2)CC1
C1CCC(C(C2CC2)C2CCCC(C3CCC(CCC4CC4)CC3)C2)CC1
C1CCC(CCCC2CCCC(CCCC3CCCCC3)C2)CC1
C1CCC(CC2CCC(C3CCCCC3)CC2)CC1
C1CCC(C2CCC(CC3CCC(CC4CC5CCCCC5C4)CC3)CC2)CC1
C1CCC(CCC2CCCC(C3CCCC4CC(C5CCCCC5)CCC43)C2)CC1
C1CCC(CC2CC(C3CCCCC3)CC(C3CCC3)C2)CC1
C1CCC2CC(C3CCCCC3C3CCCCC3C3CCCC3)CCC2C1
C1CCC(CC2CCC(CC3CCC(C4CCC5CCCCC5C4)CC3)CC2)CC1
C1CCC(CC2CCC(C3CCCC(C4CCCC4)C3)CC2)CC1
C1CCC(CC2CCC(C3CCCC(C4CCCCC4)C3)CC2)CC1
C1CCC(C2CCCC(CC3CCC(C4CCCC5CC(C6CCCCC6C6CC6)CCC54)CC3)C2)CC1
C1CC(CCC2CC2)CC(CC2CCCC(CC3CCC(C4CC4)CC3)C2)C1
C1CCC(C2CCCCC2C2CCCC(CC3CCCCC3C3CCCCC3C3CCCC3)C2)C1
C1CCC(CC2CCC(C3CCC(CC4CCCCC4)CC3)CC2)CC1
C1CCC(CC2CCC(CC3CCC(C4CCCC4)CC3)CC2)CC1
C1CCC(CCC2CCC(C3CCCCC3)CC2)CC1
C1CCC(CCCC2CCCC(C3CCC(C4CCC(CC5CCCCC5)CC4)CC3)C2)CC1
C1CCC(CCCCC2CCCC(CC3CC3)C2)CC1
C1CCC(CC2CCCCC2C2CCCC(C3CCCCC3)C2)CC1
C1CCC(CC2CCCCC2CCC2CCC3CCCC3C2)CC1
C1CCC(C2CCC(C3CCCC(C4CCCCC4)C3)CC2)CC1
C1CCC(C2CCC(C3CCCCC3)CC2)CC1
C1CCC(CCC2CCC3CC(C4CCC5CCCCC54)CCC3C2)CC1
C1CCC(CC2CCCC(C3CCC(C4CCCCC4)CC3)C2)CC1
C1CCC(CCCC2CCCCC2C2CCCCC2)CC1
C1CCC(C2CCCC(C3CCC(CCC4CCCC4)CC3)C2)CC1
C1CCC(CCC2CCC3CC(CC4CCCCC4)CCC23)CC1
C1CCC(CCCC2CCCC(C3CCC(C4CCC(CC5CCCC5)CC4)CC3)C2)CC1
C1CCC(CCCCC2CCCCC2CC2CCCCC2)CC1
C1CCC(C2CCC(C3CCCCC3C3CCC4CCC(C5CCCCC5)CC4C3)CC2)CC1
C1CCC(C2CCCCC2CCCC2CC3CCCCC3C2)CC1
C1CCC(CCC2CCCC(CC3CCC(C4CCCCC4)CC3)C2)CC1
C1CCC(CC2CCC(CC3CCCCC3C3CCCC3)CC2)CC1
C1CCC(CCC2CCC(C3CCC(CC4CC5CCCCC5C4)CC3)CC2)CC1
C1CCC(CC2CCCC(CC3CCCCC3C3CCCCC3)C2)CC1
C1CCC(CCC2CCCCC2)CC1
C1CCC(CC2CCC(C3CCCCC3)CC2)CC1
C1CCC(CC2CCC(C3CCCCC3)CC2C2CCCCC2)CC1
C1CCC(CCCC2CC(CC3CCCCC3)CC(C3CCCCC3)C2)CC1
C1CCC(CC2CCCC(C3CCCC(C4CCC(C5CCCCC5C5CCCCC5)CC4)C3)C2)CC1
C1CCC(CCCCC2CCCC(C3CCC(C4CC4)CC3)C2)CC1
C1CCC(CC2CC(CC3CCCCC3)C3CC(C4CCCCC4)CCC23)CC1
C1CCC(C2CCCC(C3CCC(C4CCC5CCCCC54)CC3)C2)CC1
C1CCC2CC(CCC3CC(C4CCC5CCCCC54)CC4CCCCC43)CC2C1
C1CCC(C2CCCCC2C2CCCCC2)CC1
C1CCC(CC2CCCC(C3CCC(C4CCCC(CCC5CCCC5)C4)CC3)C2)CC1
C1CCC(CCC2CCC(C3CCC(CCC4CCCCC4)CC3)CC2)CC1
C1CCC(CC2CC(C3CCCC3)CCC2C2CCCCC2)CC1
C1CCC(CC2CCC(C3CCCCC3)CC2)CC1
C1CCC(CCCC2CCCC(C3CCCCC3C3CCCCC3)C2)CC1
C1CCC(C2CCC(C3CCCCC3C3CCCC3)CC2)CC1
C1CCC(CCC2CC(CC3CCCCC3)C3CCC(C4CCCCC4)CC23)CC1
C1CCC2CC(C3CCCCC3C3CCC4CCCC4C3)CCC2C1
C1CCC(CC2CCC3C(CC4CCCCC4)CC(C4CCCCC4)C3C2)CC1
C1CCC(C2CCC(C3CCCC(C4CCC5CCCCC5C4)C3)CC2)CC1
C1CCC(CC2CCCCC2C2CCC3C(CCC3C3CCCC3)C2)CC1
C1CCC(C2CCC(C3CCCC(CC4CC5CCCCC5C4)C3)C(C3CCCC3)C2)CC1
C1CCC(C2CC(C3CCCCC3)C3CCCCC23)CC1
C1CCC(CC2CCCC(C3CCCC(C4CCCCC4)C3)C2)CC1
C1CCC(CC2CCC(C3CCCC4CC(C5CCCCC5C5CCCC5)CCC43)CC2)CC1
C1CCC(CCC2CCCC(C3CCC(CC4CCC(C5CC5)CC4)CC3)C2)CC1
C1CCC(CCC2CCC(CC3CCC(C4CCC5CCCCC54)CC3)CC2)CC1
C1CCC(CC2CCC(CC3CCCC(CC4CCCC(CC5CCCCC5)C4)C3)CC2)CC1
C1CCC(CCC2CCC(CC3CCC(C4CCCC(CC5CCC6CCCCC65)C4)CC3)C2)CC1
C1CCC(C2CCC(CCC3CCC(C4CCCC4)CC3)CC2)CC1
C1CCC(C(CC2CCCCC2C2CCCC2)C2CCC(C3CC4CCCCC4C3)CC2)CC1
C1CCC(C2CCCCC2C2CCCCC2C2CCCCC2C2CCCCC2C2CCCCC2)CC1
C1CCC(CC2CCC(CC3CCC(C4CCCCC4)CC3)CC2)CC1
C1CCC(C2CCC(CC3CCC(C4CCCC(CC5CCCC(C6CCC6)C5)C4)CC3)CC2)CC1
C(CCCC1CCC2CCCCC12)CCC1CCCC(C2CCCCC2)C1
C1CCC(CCC2CC3CCCCC3C(C3CCCCC3)C2)CC1
C1CCC(CCCCC2CCCCC2)CC1
C1CCC(C2CCC(C3CCCCC3C3CCC4CCCCC4C3)CC2)CC1
C1CCC(CCCCC2CCCC(C3CCCCC3)C2)CC1
C1CCC(C2CC(C3CCCCC3C3CCCCC3)CC(C3CCC4CCCCC43)C2)CC1
C1CCC(C2CCC(CCC3CCCCC3C3CCCCC3)CC2)CC1
C1CCC(CC2CCCC(CC3CCCC(C4CCCC(CC5CCCCC5)C4)C3)C2)CC1
C1CCC(CC2CCCC(C3CCCCC3C3CCCC3)C2)CC1
C1CCC(C2CCCC(CCCC3CCC(CCC4CCC(C5CCCC5)CC4)CC3)C2)CC1
C1CCC(C2CCCC(CCC3CCCC3)C2)CC1
C1CCC(CC2CCC(C3CCC4CCCCC4C3)CC2)CC1
C1CCC(C2CCC(C3CCCCC3)C(C3CCCC3)C2)CC1
C1CCC(CC2CCC(CCC3CCCC(CC4CCCCC4)C3)CC2)CC1
C1CCC(CC2CCCCC2C2CCC(C3CCCCC3)CC2)CC1
C1CCC(CC2CCC3CC(C4CCCCC4)CC(C4CCCCC4)C3C2)CC1
C1CCC(CCC2CCC(CC3CCCCC3)CC2)CC1
C1CCC(C2CCCC(C3CCC(C4CCC5CCCCC54)CC3)C2)CC1
C1CCC(C2CCCC(C3CCCCC3)C2)CC1
C1CCC(CC2CCC(C3CCCC(CC4CCCCC4)C3)CC2)CC1
C1CCC(CC2CCCC(C3CCCC(C4CCCCC4)C3)C2)CC1
C1CCC(CCCC2CCC(C3CCCCC3C3CCC3)CC2)CC1
C1CCC(C2CC(C3CCCCC3C3CCC(CC4CCC4)CC3)C3CCCCC23)CC1
C1CCC(CC2CCCC(C3CCCC(C4CCCCC4)C3)C2)CC1
C1CCC(C2CCCC(CCCC3CCCC3)C2)CC1
C1CCC(CCC2CCC(C3CCCCC3)C(C3CCCCC3)C2)CC1
C1CCC(CC2CCC3C(CC4CCCCC4)CC(C4CCCC4)C3C2)CC1
C1CCC(CCC2CCC3C(CC4CCCCC4)CC(CCC4CCCCC4)C3C2)CC1
C1CCC(CC2CCCC(C(CC3CCCCC3)C3CCCCC3)C2)CC1
C1CCC(C2CCCC(C3CCCCC3)C2)CC1
C1CCC(CC2CCCC(CC3CCC(C4CCCCC4)CC3)C2)CC1
C1CCC(CC2CCC(C3CCCCC3)CC2C2CCC(CC3CC3)CC2)CC1
C1CCC(C2CC(C3CCCCC3)C(C3CCCCC3)C3CCCC23)CC1
C1CCC(CCCC2CCC(CCCC3CCC(CCC4CC5CCCCC5C4)CC3)CC2)CC1
C1CCC(C2CCCC(C3CCCCC3C3CCCC3)C2)CC1
C1CCC(CCC2CC(CC3CCCC(C4CCCCC4)C3)C3CCCCC23)CC1
C1CCC(CCCCCC2CCC(CC3CCC(C4CCCC4)CC3)CC2)CC1
C1CCC(CC2CCCC(C3CCC(C4CCCCC4)C3)C2)CC1
C1CCC(CCCC2CCC(CCC3CCC(CC4CCCCC4)CC3)CC2)CC1
C1CCC(CCC2CCC(CC3CCCCC3)CC2)CC1
C1CCC(C2CC(CC3CCCC(CC4CCCC4)C3)C3CCCCC32)CC1
C1CCC(C2CCCC(CCC3CC(C4CCCCC4)CC(C4CCCC(C5CCCCC5)C4)C3)C2)CC1
C1CCC(C2CCC(C3CCCCC3C3CCC4CCCCC43)CC2)CC1
C1CCC(CCC2CCCCC2C2CCC3CCCC3C2)CC1
C1CCC(C2CCC(C3CCCCC3C3CCC4CCCC4C3)CC2)CC1
C1CCC(CCC2CCC(CC3CCCC(CC4CCCCC4)C3)CC2)CC1
C1CCC(CC2CCC(CC3CCCCC3)CC2)CC1
C1CCC(C2CCCCC2CCCCC2CCC(CCC3CC3)CC2)CC1
C1CCC(CC2CCC(CC3CCCCC3)C(C3CCCC3)C2)CC1
C1CCC(CCC2CC(C3CCCC(C4CCCCC4)C3)C3CCCCC23)CC1
C1CCC(CC2CCCC(C3CCCCC3C3CC(C4CCCCC4)C3)C2)CC1
C1CCC(CC2CC(CC3CCCC(C4CCCCC4)C3)C3CCCCC23)CC1
C1CCC(CC2CCCCC2C2CCC(CC3CCCCC3C3CCCC3)CC2)CC1
C1CCC(CC2CCC(C3CCCC3)C(C3CCC4CCCC4C3)C2)CC1
C1CCC(CC2CCC(CC3CC3)C(C3CCCCC3C3CCCCC3)C2)CC1
C1CCC(CC2CCCC(C3CCCCC3C3CCCCC3)C2)CC1
C1CCC(C2CCC(C3CCC(C4CCCCC4)C(C4CCCC4)C3)CC2)CC1
C1CCC(C2CCCCC2C2CCCCC2)CC1
C1CCC(CC2CCC(C(C3CCC3)C3CCCC4CCCCC43)CC2)CC1
C1CCC(C2CCC(CCCC3CCCC(C4CCCC(C5CCCCC5)C4)C3)CC2)CC1
C1CCC(CC2CCCC(C3CCC(CC4CCC(CC5CCCC5)C(C5CCCC5)C4)CC3)C2)C1
C1CCC(CCC2CCCC(C3CCCC(C4CCCCC4)C3)C2)CC1
C1CCC(C2CCCC(C3CCCC(C4CCCCC4C4CCCCC4)C3)C2)CC1
C1CCC(C2CC3CCCCC3C(C3CCCCC3)C2)CC1
C1CCC(CCC2CCC(C3CCCCC3C3CCC(CC4CCCC4)CC3)CC2)CC1
C1CCC(CC2CCC3C(C2)CC(C2CCCCC2)CC3CC2CCCC(C3CCC3)C2)CC1
C1CCC(CCC2CCCC(C3CCC(CC4CCCC(C5CCCC(CC6CCCCC6)C5)C4)CC3)C2)CC1
C1CCC(CC2CCCC(C3CCCCC3)C2)CC1
C1CCC(CC2CCCC(C3CCCCC3)C2)CC1
C1CCC(CC2CCCC(C3CCCCC3CCCCC3CC4CCCCC4C3)C2)CC1
C1CCC(CCCCC2CCC(C3CCCCC3)CC2)CC1
C1CCC(CC2CC3CCC(C4CCCCC4)CC3C(C3CCCCC3)C2)CC1
C1CCC(C2CCC(CCC3CCC(C4CCCCC4)CC3)CC2)CC1
C1CCC(C2CCCC(C3CCC(CCC4CCCC4)CC3)C2)CC1
C1CCC(CCCC2CCC(C3CCC(C4CCCCC4)CC3)CC2)CC1
C1CCC(CCC2CCC(CC3CCCCC3)CC2)CC1
C1CCC(C(CCCC2CCCCC2C2CCC3CCCCC3C2)C2CCCCC2)CC1
C1CCC(CCC2CCC(CCC3CCC4CCCCC43)C(C3CCCC3)C2)CC1
C1CCC(CCC2CCC(C3CCCCC3CCC3CCCCC3)CC2)CC1
C1CCC(CC2CCC(C3CC3)C(CC3CCCCC3)C2)CC1
C1CCC(CCCCC2CCC(C3CCCCC3C3CCCCC3)CC2)CC1
C1CCC(C2CCCC(C3CCCC(C4CCCCC4)C3)C2)CC1
C1CCC(CCCCC2CCCCC2)CC1
C1CCC(C2CC(C3CCCC3)CC3CCCCC32)CC1
C1CCC(CC2CCCCC2C2CCCCC2C2CCCCC2)CC1
C1CCC(CCC2CCC(CC3CCCC(C4CCCCC4)C3)CC2)CC1
C1CCC(CC2CC(C3CCCCC3)CC(C3CCCCC3)C2)CC1
C1CCC(C2CCC3CC(C4CCCCC4)C(C4CCCCC4)C3C2)CC1
C1CCC(C2CCCC3CCC(C4CCC(CC5CCCC5)CC4)CC32)CC1
C1CCC(CC2CCCCC2C2CCC(C3CCCC(C4CCCCC4)C3)CC2)CC1
C1CCC(CC2CCC(CC3CCCCC3)CC2)CC1
C1CCC(C2CC(CCCC3CCC4CCCCC4C3)CCC2C2CC2)CC1
C1CCC(CCC2CCCC(C3CCCC(C4CCCC(C5CCCCC5)C4)C3)C2)CC1
C1CCC(C2CCC3CCC(C4CCC(CC5CC6CCCCC6C5)CC4)CC3C2)CC1
C1CCC(CC2CCC(CC3CC4CCCCC4C3)CC2)CC1
C1CCC(C2CCC(C3CCCCC3C3CCCCC3)C(C3CCCC3)C2)CC1
C1CCC(C2CCCC(C3CCC(C4CCC5CCCCC54)C(C4CCCC4)C3)C2)CC1
C1CCC(CC2CCC(C3CCCCC3)C(C3CCCCC3)C2)CC1
C1CCC(C2CC(C3CCCC3)CC(C3CC(C4CCCCC4)C4CCCCC34)C2)CC1
C1CCC(CC2CCCC(C3CCCC(CC4CCCC(C5CCC(C6CCCCC6)CC5)C4)C3)C2)CC1
C(CC1CC2CCCCC2C1)CC1CCC(C2CCC(C3CCCC3)CC2)C(C2CCCC2)C1
C1CCC(C2CCC(C3CCC(CC4CCCC5CC(C6CCCCC6)CCC45)CC3)CC2)CC1
C1CCC(C2CCC(C3CCCCC3)C(C3CCCCC3)C2)CC1
C1CCC(C2CCCC(CC3CCC(C4CCCCC4)C3)C2)CC1
C1CCC(CCCC2CCC(C3CCCCC3)CC2)CC1
C1CCC(CCC2CCCC(CC3CCCCC3)C2)CC1
C1CCC(C2CCC(CCCCC3CCC(C4CCCC(C5CCC6CCCCC6C5)C4)CC3)CC2)CC1
C1CCC(CCC2CCCCC2C2CCCC2)CC1
C1CCC(C2CCCC(C3CCC4CCCCC43)C2)CC1
C1CCC(CC2CCC(C3CCC(CC4CCCC4)CC3)CC2)CC1
C1CCC(C2CCCC(CC3CCCC3)C2)CC1
C1CCC(CC2CC(C3CCCCC3)CC(C3CCC3)C2)CC1
C1CCC(CC2CC(C3CCCCC3C3CCCCC3)C3CCCCC23)CC1
C1CCC(C2CCCC(CC3CCC4CCCCC43)C2)CC1
C1CCC(CC2CCC(CCCC3CCC(CC4CCC(C5CCCCC5)CC4)CC3)CC2)CC1
C1CCC(C2CCC(CC3CCC4CCCC4C3)CC2)CC1
C1CCC(CCCC2CCC(C3CCCCC3)CC2)CC1
C1CCC(CC2CCCC(C3CCCC(C4CCCCC4)C3)C2)CC1
C1CCC(C2CCCC(C3CCCCC3)C2)CC1
C1CCC(CC2CCCC(C3CCCCC3)C2)CC1
C1CCC(CC2CCCC(CC3CC4CCCCC43)C2)CC1
C1CCC(CCCCC2CCC(C3CCCC3)CC2)CC1
C1CCC(CCCC2CCC(CC3CCCCC3)CC2)CC1
C1CCC(CC2CCCCC2CCCC2CCC(C3CCCC(C4CCCCC4)C3)CC2)CC1
C1CCC(CCC2CCC(C3CC(C4CCCCC4)CC(C4CCCCC4)C3)CC2)CC1
C1CCC(CCC2CC(C3CCC(C4CCCCC4)CC3)CCC2C2CCCCC2)CC1
C1CCC(CCC2CCC(C3CCCC(CCC4CCCCC4)C3)CC2)CC1
C1CCC(C2CCC(CC3CCC4CC(C5CCC6CCCCC65)CCC4C3)CC2)CC1
C1CCC(CC2CCC(C3CCCC(CC4CCC4)C3)C(C3CCCCC3)C2)CC1
C1CCC(C2CCCC(CCC3CC(C4CCCCC4)CC(C4CCC4)C3)C2)CC1
C1CCC(C2CCC(C3CCCCC3C3CCCCC3)CC2)CC1
C1CCC(CCC2CCC(C3CCCC(C4CCC(C5CCCCC5)CC4)C3)CC2)CC1
C1CCC(CC2CCC(C3CCC4CCCCC4C3)CC2)C(CCC2CC3CCCCC3C2)C1
C1CCC(CCC2CCC(C3CCCCC3C3CCC(CC4CCCCC4)CC3)CC2)CC1
C1CCC(CC2CCC(C3CCC(CC4CCCCC4)CC3)CC2)CC1
C1CCC(CC(C2CCCCC2)C2CCC(C3CCCCC3)C(C3CCCCC3)C2)CC1
C1CCC(CC2CCC(CC3CC4CCC(CC5CCCCC5)C4C3)CC2)CC1
C1CCC(C2CC(C3CCCCC3)CC(C3CCCCC3)C2)CC1
C1CCC(C2CCC(CC3CCCC4CC(C5CCCCC5)CCC34)CC2)CC1
C1CCC(CC2CCC(C3CCC(CC4CCCC4)CC3)C(CC3CCCCC3)C2)CC1
C1CCC(CCCCCC2CCCC(CC3CCCCC3)C2)CC1
C1CCC(C2CCC(CC3CCC(C4CCCCC4)CC3)CC2)CC1
C1CCC(C2CCCCC2C2CCCCC2)CC1
C1CCC(CCCCC2CCCCC2)CC1
C1CCC(CC2CCCC(C3CCC(C4CCCCC4)CC3)C2)CC1
C1CCC(C2CCC(CC(C3CCCC(C4CCCCC4)C3)C3CCCC(C4CCCC4)C3)CC2)CC1
C1CCC(CC2CCCC(C3CCCC(CC4CCC(C5CCCC5)CC4)C3)C2)CC1
C1CCC(CC2CCC(C3CCCCC3)CC2)CC1
C1CCC(C2CCCC(CCC3CCC4CCCCC4C3)C2)CC1
C1CCC(C2CCC(C3CCCC(C4CCCCC4)C3)CC2)CC1
C1CCC(CCCCC2CCCCC2CC2CCCCC2)CC1
C1CCC(CC2CCCC(C3CCCCC3)C2)CC1
C1CCC(C2CCCC3CC(C4CCCCC4C4CCCC4)CCC32)CC1
C1CCC(CCCC2CCCC(C3CCCC(C4CCC(C5CCC6CCCCC65)CC4)C3)C2)CC1
C1CCC(C2CCCC(CCC3CCCC(C4CCC(CCC5CC6CCCCC6C5)CC4)C3)C2)CC1
C1CCC(C2CCC(CC3CCCC(C4CCCC4)C3)CC2)CC1
C1CCC(CCC2CCC(C3CCCCC3)C(C3CCCC(C4CCCCC4)C3)C2)CC1
C1CCC(CC2CCCC(C3CCC(C4CCCCC4)CC3)C2)CC1
C1CCC(C2CCCC(C3CCC(CC4CCCC4)CC3)C2)CC1
C1CCC(CC2CCC(CC3CCCC(C4CCCCC4)C3)CC2)CC1
C1CCC(CCC2CCC(CC3CCC(CC4CCC(CC5CC6CCCCC6C5)CC4)CC3)C(C3CCCCC3)C2)CC1
C1CCC(CCC2CCC(CC3CCCC3)C(C3CCCC3)C2)C1
C1CCC(CC2CCCCC2C2CC3CCCCC3C(C3CCCCC3)C2)CC1
C1CCC(CCCCC2CCC(C3CCCCC3C3CCCCC3)CC2)CC1
C1CCC(CCC2CCC3CC(C4CCCCC4C4CCCCC4)CCC23)CC1
C(CCC1CC2CCCCC2C1)CC1CCCC(CCCC2CCCC3CCCCC32)C1
C1CCC(CC2CCC(CCC3CCC(CC4CCCCC4)CC3)CC2)CC1
C1CCC(C2CCCC(C3CC(CC4CC5CCCCC5C4)CC(C4CCCC4)C3)C2)CC1
C1CCC(CC2CCCC(C3CCCCC3C3CCCC3)C2)CC1
C1CCC(CC2CCC(C3CCCCC3)CC2)CC1
C1CCC(CCC2CCC(C3CCCCC3)CC2)CC1
C1CCC(C2CCC(CCC3CCC(C4CCCCC4)CC3)CC2)CC1
C1CCC(CCC2CC(CC3CCCCC3)C3CCCCC23)CC1
C1CCC(CC2CCC(CC3CCC(CCC4CCC5CCCC5C4)CC3)CC2)CC1
C1CCC(CCC2CCCC(CC3CCCCC3)C2)CC1
C1CCC(CC2CCCC(C3CCCCC3)C2)CC1
C1CCC(CC2CCCC(CC3CCC(C4CCCC4)CC3)C2)CC1
C1CCC(C2CCCC(C(C3CCCCC3)C3CCCCC3C3CCCCC3)C2)CC1
C1CCC(CC2CCC(C3CCCCC3)CC2C2CCCCC2)CC1
C1CCC(C2CCCC(C3CCCCC3)C2)CC1
C1CCC(CC2CCCC(C3CCC(CC4CCC(C5CCCCC5)CC4)CC3)C2)CC1
C1CCC2CC(C3CCC(CC4CCC(C5CC5)CC4)CC3)CC2C1
C1CCC(CC2CCCCC2CC2CCC(C3CCCCC3)CC2)CC1
C1CCC(C2CCC(CC3CCCC(C4CCCCC4)C3)CC2)CC1
C1CCC(CC2CCCCC2CC2CCC(CC3CCCC3)CC2)CC1
C1CCC(CC2CCC(CC3CCCC(C4CCCCC4)C3)CC2)CC1
C1CCC(CC2CCC(C3CCC(C4CCCCC4)C3)CC2)CC1
C1CCC(C(CCC2CCCC(C3CCCCC3)C2)CCC2CC3CCCCC3C2)CC1
C1CCC(CCCCC2CCC(CC3CCCCC3)CC2CCC2CCCCC2)CC1
C1CCC(CCC2CCCC(C3CCC(CC4CC4)CC3)C2C2CCC(C3CCCCC3)CC2)CC1
C1CCC(CC2CCCCC2C2CCCC(C3CCCCC3)C2)CC1
C1CCC(CC2CC(C3CCCCC3)CC(C3CCCCC3)C2)CC1
C1CCC(C2CCC3C(CC4CCCC(C5CCC6CCCC6C5)C4)CCCC3C2)CC1
C1CCC(CC2CCCC(C3CC(C4CCCCC4)CCC3C3CCCCC3)C2)CC1
C1CCC(C2CC(CCC3CCCC3)CCC2C2CCCCC2C2CCCC2)CC1
C1CCC(C2CCC(CC3CCC(CC4CC5CCCCC5C4)CC3)CC2)CC1
C1CCC(C2CC(C3CCCCC3)CC(C3CCC3)C2)CC1
C1CCC(CCC2CCC(C3CCC4C(CCCC4C4CCCCC4)C3)CC2)CC1
C1CCC(CCCCC2CCC(CC3CCCCC3)CC2)CC1
C1CCC(CC2CCC(C(C3CCCCC3)C3CCCCC3)CC2)CC1
C1CCC(CCCCC2CCC(C3CCC(C4CCCC(C5CCCCC5)C4)CC3)CC2)CC1
C1CCC(CC2CCC3C(CCC3CC3CCCCC3C3CCCCC3)C2)CC1
C1CCC(CCCCC2CCC(CC3CCC(C4CCCC4)CC3)CC2)CC1
C1CCC(CCC2CCCC(C3CCCCC3)C2)CC1
C1CCC(CCCCC2CCC(CC3CCCCC3)CC2)CC1
C1CCC(C2CCCCC2C2CCCCC2)CC1
C1CCC(CC2CCCCC2C2CCC(CC3CC4CCCCC4C3)CC2)CC1
C1CCC(CCC2CCCCC2C2CCCCC2)CC1
C1CCC(CCC2CCC(CC3CCC(C4CCCCC4)CC3)CC2)CC1
C1CCC(C2CCCC(C3CCCCC3CCC3CC4CCCCC4C3)C2)CC1
C1CCC(CCC2CCCC(C3CCC(CC4CCCCC4)C(C4CCCC4)C3)C2)CC1
C1CCC(C2CCCCC2CC2CCCC(CC3CC3)C2)CC1
C1CCC(CC2CCC(C3CCCCC3C3CCCCC3)C2)CC1
C1CCC(CC2CCC(CCC3CCC(CC4CCCCC4)CC3)CC2)CC1
C1CCC(CC2CC(C3CCCC(C4CCCCC4)C3)C3CCCCC23)CC1
C1CCC(CCC2CCC(CCCC3CCC(CCC4CCCCC4)CC3)CC2)CC1
C1CCC(CCCCC2CCC(CC3CCC(CC4CCCCC4C4CCCCC4)CC3)CC2)CC1
C1CCC(CC2CC(CC3CCCCC3)CC(C3CCCCC3)C2)CC1
C1CCC(CCCC2CCC(C3CCCCC3)CC2)CC1
C1CCC(C2CCC(CCCC3CCCC(C4CCCCC4)C3)CC2)CC1
C1CCC(CC2CCC(CCC3CCCC(C4CCCCC4)C3)CC2)CC1
C1CCC(CCC2CCC(CCC3CCC(CCC4CCCCC4)CC3)CC2)CC1
C1CCC(CC2CCC3C(C4CCCCC4)CC(C4CCCCC4)C3C2)CC1
C1CCC(CC2CCCC(C3CCCC(C4CCCCC4)C3)C2)CC1
C1CCC(C2CCCC(C3CCCCC3)C2)CC1
C1CCC(C2CC(C3CCCCC3C3CCCC(C4CCCC4)C3)C3CCCCC23)CC1
C1CCC(C2CCCC(CCC3CCCC(CC4CCCC4)C3)C2)CC1
C1CCC(CCC2CCC(C3CCC3)CC2)CC1
C1CCC(CCC2CCC(C3CCCCC3C3CCC4C(CCC4C4CCCCC4)C3)C2)CC1
C1CCC(C2CCCC(C3CCCCC3)C2)CC1
C1CCC(CCC2CCCC(C3CCC(CC4CCCCC4)CC3CC3CCCCC3)C2)CC1
C1CCC(CCC2CCC(CCC3CCCCC3)C(C3CCCCC3)C2)CC1
C1CCC(CC2CCC(CC3CCC(CC4CCC(C5CC5)CC4)CC3)CC2)CC1
C1CCC(CC2CCCC(C3CCCCC3C3CCCCC3C3CCCC3)C2)C1
C1CCC(C2CCC(C3CCCCC3C3CCC(CC4CCCC(C5CCCCC5)C4)CC3)CC2)CC1
C1CCC(CC2CCC(C3CCCC(CC4CCCCC4)C3)CC2)CC1
C1CCC(CC2CCC(C3CCCCC3)C2)CC1
C1CCC(CCCC2CCC(CCCC3CCCCC3)CC2)CC1
C1CCC(CCCCC2CCC(C3CCCCC3CC3CCCCC3CC3CCC3)CC2)CC1
C1CCC(C2CCCCC2C2CCCCC2C2CCC3CCCC3C2)CC1
C1CCC(CC2CCC(C3CCCC3)C(C3CCCCC3)C2)CC1
C1CCC(CC2CCCC(C(C3CCCCC3)C3CCCCC3)C2)CC1
C1CCC(CCC2CCC3C(CCC3CC3CCCC(C4CCCCC4)C3)C2)CC1
C1CCC(CCC2CCCCC2C2CCC3CCC(C4CCCCC4)CC3C2)CC1
C1CCC(CC2CCCCC2)CC1
C1CCC(CCCCCC2CC(CC3CCCC(CC4CCCCC4)C3)C3CCCCC23)CC1
C1CCC(CC2CCCC(CC3CCC(CCC4CCC(C5CCCC5)CC4)CC3)C2)CC1
C1CCC(CC2CCC(CC3CCCCC3)CC2)CC1
C1CCC(CCCCC2CCC(CC3CCCCC3)CC2)CC1
C1CCC(CC2CCC(C3CC(C4CCCCC4)C4CCCCC34)CC2)CC1
C1CCC(CCCC2CC(CC3CC3)CCC2C2CCCCC2)CC1
C1CCC(C2CCCC(CCC3CCC(CCC4CCCCC4C4CCCC4)CC3)C2)C1
C1CCC(CCC2CCCCC2C2CCC3CCCCC32)CC1
C1CCC(C2CC(C3CCC(C4CC(C5CCCCC5)C5CCCCC45)CC3)C2)CC1
C1CCC(CC(CCC2CCCC(C3CCCCC3)C2)C2CCCCC2)CC1
C1CCC(CCC2CCC(C3CCCCC3C3CCC(CC4CCCCC4)CC3)C2)CC1
C1CCC(C2CCCCC2C2CCC(C3CCC(CCC4CC4)CC3)CC2)CC1
C1CCC(CC2CCC(C3CCCCC3)C(C3CCCCC3)C2)CC1
C1CCC(CC2CCC3CC(C4CCCCC4C4CCCCC4)CCC3C2)CC1
C1CCC(CC2CCC(CC3CCC(C4CCCCC4)CC3)CC2)CC1
C1CCC(CC2CCC(C3CCCCC3)CC2)CC1
C1CCC(CCCCC2CCC(CC3CCC4CCCCC43)CC2)CC1
C1CCC(CCC2CCCCC2C2CCCCC2)CC1
C1CCC(CC2CCC(C3CCCC(C4CCCCC4)C3)CC2)CC1
C1CCC(C2CCCC(C3CCCC(C4CCCCC4)C3)C2)CC1
C1CCC(CC2CCCC(C3CCC4CCCCC43)C2)CC1
C1CCC(CC2CCC(CCC3CC(CC4CCCCC4)C4CCCCC34)CC2)CC1
C1CCC(C2CC(CC3CCCC(CCC4CCCC4)C3)CCC2C2CCCC2)CC1
C1CCC(CC2CCCC(C3CCC(C4CCCC(C5CCCCC5)C4)CC3)C2)CC1
C1CCC(C2CCC(CCCC3CCCC(C4CCCCC4)C3)CC2)CC1
C1CCC(CC2CCC(CC3CCCCC3)CC2)CC1
C1CCC(CC2CCC(C3CCCCC3)CC2)CC1
C1CCC(CC2CCCCC2CCC2CC(C3CCC(C4CCCC4)CC3)C3CCCCC23)CC1
C1CCC(CCC2CCCC(C3CCCCC3CC3CCC(C4CCCC4)CC3)C2)CC1
C1CCC(C2CC(C3CCCCC3)C(C3CCCCC3)C(C3CCCC(CC4CCCC4)C3)C2)CC1
C1CCC(C2CCCCC2C2CCCCC2C2CCCCC2)CC1
C1CCC(CC2CCC(C3CCC4CCCCC43)CC2CC2CCCCC2)CC1
C1CCC(C2CCC(C3CCCCC3C3CCCC3)CC2)CC1
C1CCC(CCCC2CCCC(C3CCC4CCCCC4C3)C2)CC1
C1CCC(CC2CCC(C3CCCC(C4CCCCC4)C3)CC2)CC1
C1CCC(CC2CCCC(C3CC(C4CC4)CC(C4CCCC(C5CCCCC5)C4)C3)C2)CC1
C1CCC(C2CCCC(CCCC3CCCC(C4CCCC4)C3)C2)CC1
C1CCC(CCCC2CCCC(CCC3CCCCC3)C2)CC1
C1CCC(CC2CCCC(CCCC3CCC(C4CCCC4)CC3)C2)CC1
C1CCC(CC2CC3CC(C4CCCCC4)CCC3C(C3CCCCC3)C2)CC1
C1CCC(CC(CC2CCCCC2)C2CCCC(C3CCCCC3)C2)CC1
C1CCC(C2CCCC(CCC3CCCCC3C3CCCCC3)C2)CC1
C1CCC(CC2CCCC(C3CCC(CCC4CCCC(C5CCCC5)C4)CC3)C2)C1
C1CCC(C2CCC(C3CCCCC3)C2)CC1
C1CCC(CC2CCCC(C3CCC(CC4CCC(CC5CC6CCCCC6C5)CC4)C3)C2)CC1
C1CCC(CC2CCC(C3CCCCC3)CC2)CC1
C1CCC(C2CCCCC2C2CCC(C3CCCC4CCCCC43)CC2C2CCCC2)CC1
C(CCC1CC1)CCC1CCC(CC2CCC(C3CCCCC3)CC2)CC1
C1CCC(C2CCCCC2C2CCCC2)CC1
C1CCC(C2CCCCC2CCCC2CCC(CC3CCC(CC4CCCC4)CC3)CC2)CC1
C1CCC(CCCCCC2CCCCC2CCC2CCCCC2)CC1
C1CCC(C2CCCC(C3CCC(CCCC4CC(C5CCC6CCCCC6C5)C5CCCCC45)CC3)C2)CC1
C1CCC(CCCCC2CCC(CC3CCC(CC4CCCCC4)CC3)CC2)CC1
C1CCC(C2CCC3CCCC(C4CCCCC4)C3C2)CC1
C1CCC(CC2CCCC(C3CCCCC3)C2)CC1
C1CCC(CCC2CCCC(C3CCCC(CC4CCC5CCCCC5C4)C3)C2)CC1
C1CCC(CC2CCCCC2CCCC2CCC(C3CCCC3)C(C3CCCCC3)C2)CC1
C1CCC(CCC2CCCC3CC(C4CCCCC4C4CCC5CCCC5C4)CCC23)CC1
C1CCC(CCC2CCC(CC3CCCCC3)CC2)CC1
C1CCC(C2CCCC(CCC3CCCC(CC4CCC5CCCC5C4)C3)C2)CC1
C1CCC(CCCC2CC(C3CCCCC3C3CC3)C3CCCCC23)CC1
C1CCC(CC2CCCCC2C2CCCCC2)CC1
C1CCC(C2CCCC(CCCC3CCCCC3C3CCCC3)C2)CC1
C1CCC(CC2CCC(C3CCCC(C4CCCCC4)C3)CC2)CC1
C1CCC(CCCCC2CCC(CC3CCCC(C4CCCCC4)C3)CC2)CC1
C1CCC(CCCC2CCCC(C3CCCCC3)C2)CC1
C1CCC(CCC2CCC(C3CCCC(CC4CCCCC4)C3)CC2)CC1
C1CCC(C2CCC(CCC3CC(C4CCC4)CC(C4CCC5CCCC5C4)C3)CC2)CC1
C1CCC(CCC2CCC(C3CC(C4CCCCC4)C4CCCCC34)CC2)CC1
C1CCC(CC2CCCCC2C2CC(C3CCCCC3)C3CCCCC32)CC1
C1CCC(CC2CC(C3CCCC3)CCC2C2CCCCC2C2CCC3CCCC3C2)CC1
C1CCC(C2CCCC(CC3CCC(C4CCCC4)CC3)C2)CC1
C1CCC(C2CCCCC2C2CCC3CCCCC3C2)CC1
C1CCC(C2CCCC(CC3CCCC(C4CCCCC4)C3)C2)CC1
C1CCC(CC2CCCC(C(C3CCCCC3)C3CCCCC3)C2)CC1
C1CCC(C2CCCC(C3CCC(C4CCC(C5CCCC5)CC4)C3)C2)CC1
C1CCC(C2CCCC(C3CCC(C4CC5CCCCC5C4)CC3)C2)CC1
C1CCC(CC2CCCC(C3CC4CCCCC4C3)C2)CC1
C1CCC(CCCC2CCC(CCC3CCCC(C4CCCCC4)C3)CC2)CC1
C1CCC(C2CCCCC2C2CCCCC2C2CCC3CCCC3C2)CC1
C1CCC(C2CCCC(CCC3CCC(C4CCCC(C5CCCCC5)C4)CC3)C2)CC1
C1CCC(CC2CCCCC2CCC2CCC(C3CCCCC3)CC2)CC1
C1CCC(CCCCC2CCC(CCC3CCCCC3)CC2)CC1
C1CCC(CC2CCCC(C3CCCCC3C3CCCCC3C3CCCC3)C2)CC1
C1CCC(CCCC2CCCCC2)CC1
C1CCC(CC2CCCC3CC(C4CCCCC4C4CCCCC4)CCC23)CC1
C1CCC(CC2CCC(C3CCC4CC(C5CCCCC5)CC(C5CCCCC5)C4C3)C2)CC1
C1CCC(C2CCCC(C3CCCCC3)C2)CC1
C1CCC(CC2CCCC(CC3CCC(CC4CCC(C5CCCC5)CC4)CC3)C2)CC1
C1CCC(CCCCC2CCCCC2C2CCCCC2)CC1
C1CCC(CCCC2CCCC(C3CCC4CCCCC43)C2)CC1
C1CCC(CC2CCC(C3CCC(C4CCC(C5CCCC(C6CCCCC6)C5)CC4)CC3)CC2)CC1
C1CCC(CC2CCC3CC(C4CCCCC4C4CCCCC4)CCC23)CC1
C1CCC(C2CCC(C3CCC4CCCCC4C3)CC2)CC1
C1CCC(CCC2CCCCC2CCC2CCCC(CC3CCCCC3)C2)CC1
C1CCC(C2CCCC(C3CCCCC3)C2)CC1
C1CCC(C2CCC(C3CCCC(C4CCCCC4)C3)CC2)CC1
C1CCC(CCCCC2CCCC(CC3CCCCC3)C2)CC1
C1CCC(CC2CCCC(CCCC3CCC(C4CCCCC4)CC3)C2)CC1
C1CCC(C2CCC3CCCC(C4CCCCC4)C3C2)CC1
C1CCC(C2CCC(C3CCC(C4CCCCC4)C3)CC2)CC1
C1CCC(C2CCC(C3CC(C4CCCCC4)C4CCCCC34)CC2C2CCCCC2)CC1
C1CCC(C2CCCCC2CCCCC2CCC(C3CCCC(C4CC5CCCCC5C4)C3)CC2)CC1
C1CCC(CC2CCC(C3CCCC4CCCCC43)CC2)CC1
C1CCC(C2CCC(C3CCCC(C4CCCCC4)C3)CC2)CC1
C1CCC(CC2CCC3CCC(C4CCCCC4)CC3C2)CC1
C1CCC(CC2CCC(CC3CC4CCCCC4C3)CC2C2CCCCC2)CC1
C1CCC(C2CCCCC2)CC1
C1CCC(C2CC(C3CCC4CCCCC43)CC3CCC(CC4CCCC(CCCC5CC5)C4)CC32)CC1
C1CCC(C2CCC(C3CCC(C4CCCC(C5CCCCC5)C4)CC3C3CCCCC3)CC2)CC1
C1CCC(CCC2CCCCC2C2CC(CC3CCCCC3)CC3CCCCC32)CC1
C1CCC(CC2CCCC(CC3CCCCC3)C2)CC1
C1CCC(CC2CCCC(CC3CCC(C4CC5CCCCC5C4)CC3)C2)CC1
C1CCC(CCC2CCCC(CC3CCCCC3)C2)CC1
C1CCC(C2CCC(CC3CCCCC3CCC3CCC4CCCCC4C3)CC2)CC1
C1CCC(CCC2CCC(CCC3CCCCC3)CC2)CC1
C1CCC(CC2CCC(C3CCCC4CC(C5CCCCC5CC5CCCCC5)CCC43)CC2)CC1
C1CCC(C2CCC(C3CCCCC3)CC2)CC1
C1CCC(C2CCCC(CCC3CCC4C(CCCC4C4CCCCC4)C3)C2)CC1
C1CCC(CC2CCCC(CC3CCC(C4CCC(C5CCCCC5)CC4)CC3)C2)CC1
C1CCC(CC2CCC(CCCC3CCC(CC4CC4)CC3)CC2)CC1
C1CCC(C2CC3CCCCC3C(C3CCCCC3)C2)CC1
C1CCC(CCC2CCCCC2C2CCCCC2C2CCCCC2)CC1
C1CCC(CC2CCC(C3CCCC(C4CCCCC4)C3)CC2)CC1
C1CCC(C2CCCC(CC3CCCC3)C2)CC1
C1CCC(CCCCC2CCCCC2C2CCCCC2)CC1
C1CCC(CCC2CCC3C(C4CCCC(C5CCCC5)C4)CC(C4CCCC4)C3C2)CC1
C1CCC(C2CC(C3CCC4CCCCC43)CC3CCCCC32)CC1
C1CCC(C2CCCC(C3CCC(CCC4CCC5CCCCC5C4)CC3)C2)CC1
C1CCC(C2CCCC(CC(C3CCCCC3)C3CCCCC3)C2)CC1
C1CCC2CC(CC3CCCC(C4CCC5CCCCC54)C3)CC2C1
C1CCC(CCC2CC(CCC3CCCCC3)CC(CC3CC3)C2)CC1
C1CCC(CC2CCC(CCCC3CCCC(C4CCCCC4)C3)CC2)CC1
C1CCC(C2CCC(C3CCCCC3)C(C3CCCCC3)C2)CC1
C1CCC(CC2CCCCC2CC2CCC(C3CCCC3)CC2)CC1
C1CCC(CCC2CCCC3CC(C4CCCCC4C4CCC(C5CCCCC5)CC4)CCC23)CC1
C1CCC(CC2CCC(C3CCCCC3)CC2)CC1
C1CCC(C2CCC(CCC3CCC(C4CCCCC4)CC3)CC2)CC1
C1CCC(CCCC2CC(C3CCC(C4CCCCC4)CC3)C3CCCCC23)CC1
C1CCC(CC2CCC(C3CCCCC3)CC2)CC1
C1CCC(CC2CCC(CC3CC4CCCCC4C3)CC2)CC1
C1CCC(CC2CCC(CC3CCC(C4CCCCC4C4CCCC4)CC3)CC2)CC1
C1CCC(C2CCC(C3CC(C4CCCCC4)CCC3C3CCC3)CC2)CC1
C1CCC(C2CCCC(C3CCC(C4CCCCC4C4CCCC4)CC3)C2)CC1
C1CCC(C2CCC(C3CC(C4CCCCC4)CCC3C3CCCCC3)CC2)CC1
C1CCC(CCC2CCCC(CC3CCCC(CCC4CCCCC4)C3)C2)CC1
C1CCC(C2CCCCC2C2CCCCC2C2CCCC(C3CCCC3)C2)CC1
C1CCC(CC2CCCC3CC(C4CCCCC4C4CCCCC4)CCC23)CC1
C1CCC(CC2CCCC(C3CCCC(CCC4CCC4)C3)C2)CC1
C1CCC(CCCC2CCCC(C3CCCC(C4CCCCC4)C3)C2)CC1
C1CCC(CC2CCC(CCC3CCC(C4CCCCC4)CC3)CC2)CC1
C1CCC(CC2CCC(C3CCCC(CC4CCCCC4)C3)CC2)CC1
C1CCC(CCC2CCCCC2C2CCCCC2)CC1
C1CCC(CCCC2CCC(CC3CCCCC3)CC2)CC1
C1CCC(CC2CCCC(C3CCCC(C(C4CCCCC4)C4CCCCC4)C3)C2)CC1
C1CCC(CC2CCC(C3CCCCC3C3CCCCC3)CC2)CC1
C1CCC(CCCCC2CCC(CC3CCCCC3)CC2)CC1
C1CCC(C2CCC(C3CCCCC3)CC2)CC1
C1CCC(C2CCCCC2)CC1
C1CCC(CC2CCC(CC3CCCC(C(CC4CCCCC4)C4CCCCC4)C3)C2)CC1
C1CCC(CCC2CCCC(C3CC(C4CCCCC4)C4CCCCC34)C2)CC1
C1CCC(CC2CCCC(C3CCC(C4CCCCC4C4CCCCC4)CC3)C2)CC1
C1CCC(C2CCCC(CC3CCC3)C2)CC1
C1CCC(CC2CCC(CC3CCCCC3C3CCCCC3)CC2)CC1
C1CCC(CC2CCC3C(C4CCCCC4)CC(C4CCCCC4)C3C2)CC1
C1CCC(CCCC2CCCC(CC3CCCC4CC(C5CCCCC5)CCC34)C2)CC1
C1CCC(C2CCCC(C3CCCCC3C3CCC(CC4CC4)CC3)C2)CC1
C1CCC(C2CCCC(CCC3CCCC(CC4CCC4)C3)C2)CC1
C1CCC(CC2CC(C3CCC(CC4CCCCC4CC4CC4)CC3)C3CCCCC23)CC1
C1CCC(CCC2CCC(CC3CCCCC3)CC2)CC1
C1CCC(CC2CCCC(CC3CCC(CCC4CC4)CC3)C2)CC1
C1CCC(CC2CCC(C3CCCCC3)CC2)CC1
C1CCC(CC2CCC(CC3CCCC3)CC2C2CCCCC2)CC1
C1CCC(CCC2CCC(CC3CCC(CC4CCCCC4)CC3)CC2)CC1
C1CCC(C2CCCCC2C2CCC(CC3CCCC3)CC2)CC1
C1CCC(C2CCCC(C3CCCC(C4CCCCC4)C3)C2)CC1
C1CCC(C2CCCC(C3CCC(C4CCC5CCCCC5C4)CC3)C2)CC1
C1CCC(C2CC(C3CCCCC3)CC(C3CCCCC3)C2)CC1
C1CCC(CC2CCCC(C3CCC(CC4CCCCC4)CC3CC3CCCCC3)C2)CC1
C1CCC(CCC2CCC(CC3CCCCC3)CC2)CC1
C1CCC(CC2CCC(CC3CCC(CC4CCCCC4)CC3)CC2)CC1
C1CCC(C2CCC(C3CCCC4CCCCC43)C(C3CCCC3)C2)CC1
C1CCC(CCCC2CCC(C3CCCCC3)CC2)CC1
C1CCC(CCCC2CCCC3CC(C4CCCCC4)CCC23)CC1
C1CCC(CC2CCCC(C3CCCCC3)C2)CC1
C1CCC(CCC2CCCCC2C2CC(C3CCCCC3)CC(C3CCC4CCCC4C3)C2)CC1
C1CCC(CC2CCCC(CCC3CCC(CC4CC5CCCCC5C4)CC3)C2)CC1
C1CCC(CCCC2CCC(C3CCC(CC4CCCCC4)CC3)CC2)CC1
C1CCC(CC2CCC(CCC3CCCC(C4CCCCC4C4CCCCC4)C3)CC2C2CCCC2)CC1
C1CCC(CCCCCC2CCCC(CC3CCCCC3)C2)CC1
C1CCC(CC2CCC(C3CCCCC3CC3CCCCC3)C(CCC3CCCC3)C2)CC1
C1CCC(C2CCC(C3CCCC(C4CCC5CCCC5C4)C3)CC2)C1
C1CCC(C2CCC3CC(CC4CCC(CC5CC6CCCCC6C5)CC4)CCC3C2)CC1
C1CCC(C2CCC(C3CCC(C4CCC4)CC3)CC2)CC1
C1CCC(CCC2CCCC(CC3CCCCC3)C2)CC1
C1CCC(CC2CCC(CC3CCCC(C4CCCCC4)C3)CC2)CC1
C1CCC(CC2CCCCC2CCCC2CC(C3CCCCC3)CC(C3CCCC3)C2)CC1
C1CCC(C2CCC(CCC3CCC(C4CC(C5CCCCC5)C4)CC3)CC2)CC1
C1CCC(CC2CCCC(CCCC3CCC(C4CCCCC4)CC3)C2)CC1
C1CCC(CC2CCCC(C3CCCCC3)C2)CC1
C1CCC(C2CCCC(C3CC(C4CCCCC4)CC(C4CCCC4)C3)C2)CC1
C1CCC(C2CCCCC2C2CCC3CCCC3C2)CC1
C1CCC(C2CCCCC2C2CCC(C3CCCCC3C3CCCCC3)C2)CC1
C1CCC(CC2CC(C3CCCCC3)CC(C3CCCC(CC4CCCC4)C3)C2)CC1
C1CCC(C2CCCC(C3CCCC(CC4CCC(CCC5CC6CCCCC6C5)CC4)C3)C2)CC1
C1CCC(CC2CC(CC3CCCC(C4CCCCC4C4CCCCC4)C3)C3CCCCC23)CC1
C1CCC(C2CCCCC2C2CCCCC2)CC1
C1CCC(C2CCC3CC(C4CC(C5CCCCC5)C5CCCCC45)CCC32)CC1
C1CCC(C2CCCCC2C2CCCCC2CCC2CCCC2)CC1
C1CCC(CC2CCC(C3CCCCC3)CC2)CC1
C1CCC(CC(C2CCC2)C2CCC3CC(C4CC(C5CCCC5)CCC4C4CCC5CCCC5C4)CCC32)C1
C1CCC(CCCC2CC(C3CCC(C4CCCCC4)CC3)C3CCCCC23)CC1
C1CCC(CC2CCC3CCC(CC4CCC(C5CCCCC5)CC4)C3C2)CC1
C1CCC(CCCC2CCCC(C3CCCC(C4CCCCC4)C3)C2)CC1
C1CCC(CC2CCC(C3CCCC3)CC2)CC1
C1CCC(CCCC2CCCC(CCC3CCCCC3)C2)CC1
C1CCC(C2CCCC(C3CCC(C4CCCC4)CC3)C2)CC1
C1CCC(C2CCC(C3CCCCC3)CC2)CC1
C1CCC(C2CCCC(CC3CCCC(CCC4CC5CCCCC5C4)C3)C2)CC1
C1CCC(C2CCCC(C3CCCCC3)C2)CC1
C1CCC(CCCCC2CCCC(C3CCCCC3)C2)CC1
C1CCC(C2CCC(C3CCC(C4CC4)CC3)CC2)CC1
C1CCC(CC2CCC(C3CCCCC3)CC2)CC1
C1CCC(CC2CCCC(CCCC3CCCC4CCCCC43)C2)CC1
C1CCC(C2CCC(C3CCCC(C4CCCCC4)C3)CC2)CC1
C1CCC(C2CC(C3CCC3)CC(C3CCCC(C4CCCC4)C3)C2)CC1
C1CCC(C2CCC(CC3C(C4CCCCC4)CCCC3C3CCC3)CC2)CC1
C1CCC(C2CCCCC2C2CCCCC2)CC1
C1CCC(C2CCCCC2)CC1
C1CCC(CCC2CCCC(CC3CCCCC3)C2)CC1
C1CCC(CC2CCC(CC3CCCC4CC(C5CCCCC5)CCC34)CC2)CC1
C1CCC(C2CCCCC2C2CCCCC2)CC1
C1CCC(CC2CCCC(C3CCCCC3CC3CCCCC3)C2)CC1
C1CCC(CC2CC3CCC(C4CCC(C5CCCC5)CC4)CC3C(C3CCCCC3)C2)CC1
C1CCC(CCC2CCC(C3CCCCC3)CC2)CC1
C1CCC(CCCC2CCCCC2CC2CCCCC2)CC1
C1CCC(CC2CCCC(C3CCCC(C4CCCC4)C3)C2)CC1
C1CCC(C2CCCC(C3CCCCC3)C2)CC1
C1CCC(CCC2CCCC(CC3CCCC(C4CCCCC4)C3)C2)CC1
C1CCC(CC2CCCCC2C2CCC(CCC3CCCC(C4CCCCC4)C3)CC2)CC1
C1CCC(CC2CCC(CC3CCCC(C4CCCCC4)C3)CC2)CC1
C1CCC(CCCC2CCCCC2CC2CCC(C3CCCCC3)CC2)CC1
C1CCC(CC2CCC(C3CCCC(C4CCCCC4)C3)CC2)CC1
C1CCC(CC2CCC(C3CCCCC3)CC2)CC1
C(CCCC1CCCCC1)CCCC1CCC(C2CCCC2)CC1
C1CCC(CC2CCC(C3CCCC3)CC2)CC1
C1CCC(C2CCC(CCC3CCC(C4CCCC4)CC3)CC2)CC1
C(CCC1CC2CCCCC2C1)CCC1CCCC(C2CCCC(C3CCC4CCCCC4C3)C2)C1
C1CCC(CC2CCCCC2CC2CC(CCC3CCC(C4CCCC4)CC3)C3CCCCC23)CC1
C1CCC(CC2CCCCC2C2CCCC(C3CCCCC3C3CCCC3)C2)CC1
C1CCC(C2CC(CC3CC4CCCCC4C3)CCC2CC2CCCC2)CC1
C1CCC(CCC2CCC(CC3CCCCC3)CC2)CC1
C1CCC(CCC2CCC(CC3CCC(C4CCC(C5CCCC5)CC4)CC3)CC2)CC1
C1CCC(CC2CCC(CC3CCC3)C(CC3CC4CCC(C5CCCCC5)CC4C(C4CCCCC4)C3)C2)CC1
C1CCC(C2CCC(C3CCCCC3)CC2)CC1
C1CCC(CC2CCCC(C3CCCCC3)C2)CC1
C1CCC(C2CCC(CCCC3CCCC(C4CCCCC4)C3)CC2)CC1
C1CCC(C2CCCC(C3CCCC(CCC4CC5CCCCC5C4)C3)C2)CC1
C1CCC(CCCCC2CCC(CC3CCC(CC4CCCCC4)CC3)CC2)CC1
C1CCC(C2CCCCC2)CC1
C1CCC(C2CCC3CCCCC3C2)CC1
C1CCC(C2CCCC(C3CCCC3)C2)CC1
C1CCC(C2CC3CCC(C4CCCCC4)CC3C(C3CCCCC3)C2)CC1
C1CCC(C2CCC3CCC(C4CC5CCCCC5C(C5CCCCC5)C4)C3C2)CC1
C1CCC(CC2CCCCC2C2CCC(C3CCCCC3)CC2)CC1
C1CCC(CCC2CCC(C3CC(CC4CCCCC4)C4CCCCC43)CC2)CC1
C1CCC(CC2CCC(C3CCCCC3)CC2C2CCC3CCCC3C2)CC1
C1CCC(CC2CCC(CCC3CCC(CC4CCC(CC5CCCCC5)CC4)CC3)CC2)CC1
C1CCC(CC2CCC(CC3CCC(C4CCCCC4)CC3)CC2)CC1
C1CCC(CC2CCC(CC3CCCCC3CC3CCCCC3)CC2)CC1
C1CCC(C2CC(C3CCCC3)CC(C3CCC(C4CC(C5CCCCC5)C4)CC3)C2)CC1
C1CCC(CC2CCCCC2CCCC2CCC(C3CCCCC3)CC2)CC1
C1CCC(C2CCCCC2C2CCCCC2)CC1
C1CCC(CCC2CCCC(C3CCC(CC4CCCCC4)CC3)C2)CC1
C1CCC(C2CCC3C(CCC3C3CCCC(C4CCCC4)C3)C2)CC1
C1CCC(CC2CCC(C3CCCCC3)CC2)CC1
C1CCC(C2CCCCC2C2CCC(C3CCC4CCCC4C3)CC2)CC1
C1CCC(CC2CCCCC2C2CC(C3CCCCC3)CC(C3CCCC3)C2)CC1
C1CCC(C2CCCC(C3CCC(C4CCCC(C5CCCCC5)C4)CC3)C2)CC1
C1CCC(C2CCC(CC3CCC(C4CCCCC4)CC3)CC2)CC1
C1CCC(CC2CCC(CC3CCC(CC4CCC(C5CC5)CC4)CC3)CC2)CC1
C1CCC(C2CCC(CC3CCC(C4CC4)C(C4CCC5CCCCC5C4)C3)C2)CC1
C1CCC(C(CC2CCC(C3CCCC3)C(C3CCCCC3)C2)C2CCCCC2)CC1
C1CC(CC2CCCC(C3CCC3)C2)CC(CC2CCC3CCCCC32)C1
C1CCC(CCC2CCCC(C3CCCC(C4CCCCC4)C3)C2)CC1
C1CCC(CC2CCC(C3CCCCC3)CC2)CC1
C1CCC(CCC2CC(C3CCCCC3)CC(CCCC3CCCC3)C2CCC2CCCCC2)CC1
C1CCC(CC2CCC3C(CC4CCCC(C5CCCC5)C4)CC(CCCC4CC4)C3C2)CC1
C1CCC(CC2CCCCC2C2CCC(C3CCCC3)CC2C2CCC3CCCCC32)CC1
C1CCC(C2CCCCC2)CC1
C1CCC(CCCCC2CCCC(CC3CC4CCCCC4C3)C2)CC1
C1CCC(CCC2CCC(CC3CCC(C4CCCCC4)CC3)CC2)CC1
C1CCC(C2CCCC(C3CCC(CC4CCC5CCCC5C4)CC3)C2)CC1
C1CCC(C2CC3CCCCC3C(C3CCCCC3)C2)CC1
C1CCC(CCC2CCCC(CCC3CCCCC3)C2)CC1
C1CCC(CC2CCC(C3CCC(C4CCC5CCCCC5C4)CC3)CC2)CC1
C1CCC(CC2CCCCC2C2CCC3CCCC3C2)CC1
C1CCC(CC2CCCC(C3CCCC(CC4CCCCC4)C3)C2)CC1
C1CCC(CC2CCC(CC3CCCCC3)CC2)CC1
C1CCC(CCC2CC(CC3CCCCC3)CC(C3CCCCC3)C2)CC1
C1CCC(CCCC2CCCC(C3CCCC(C4CCC(C5CCCC5)CC4)C3)C2)CC1
C1CCC(CC2CCCC(CC3CC3)C2)CC1
C1CCC(C2CCC(C3CCCC4CC(C5CCC6CCCC6C5)CCC43)CC2)CC1
C1CCC(C2CC(C3CCCCC3)C(C3CCCCC3)C3CCCC23)CC1
C1CCC(CC2CCC(CC3CCCCC3)CC2)CC1
C1CCC(CC2CCC(C3CCCCC3CC3CCCCC3)CC2)CC1
C1CCC(C2CCC(C3CCCC(C4CCCCC4)C3)CC2)CC1
C1CCC(CC2CCCC(C3CCCC(C4CCCC4)C3)C2)CC1
C1CCC(C2CCC(C3CCCCC3)C(C3CCCCC3)C2)CC1
C1CCC(CC(C2CCCCC2)C2CCC(C3CCCC4CCCCC43)CC2)CC1
C1CCC(CC2CCC3CC(CCCC4CC5CCCCC5C4)CC(CCC4CCC4)C3C2)CC1
C1CCC(CCC2CCC(CCCCCC3(C4CCC5CCCCC5C4)CC3)CC2)CC1
C1CCC(CC2CCC(CC3CCC(CC4CCCC(C5CCCCC5)C4)CC3)CC2)CC1
C1CCC(CCC2CCC(C3CCC3)CC2)CC1
C1CCC(CCCC2CCCC(C3CCCC(C4CCCCC4)C3)C2)CC1
C1CCC(C2CCCC(C3CCC4CCCCC4C3)C2)CC1
C1CCC(CCC2CCCCC2C2CCCCC2)CC1
C1CCC(C2CCC(CC3CCC(C4CCCCC4)CC3)CC2)CC1
C1CCC(CCCC2CCCC(C3CCCCC3)C2)CC1
C1CCC(CC2CCCC(CC3CCCC(CCC4CCC(C5CCCC(C6CCCC6)C5)CC4)C3)C2)CC1
C1CCC(CC2CCC(C3CCC(CC4CCCCC4)C3)CC2)CC1
C1CCC(C2CCC(CCC3CCCC(C4CCCCC4)C3)CC2)CC1
C1CCC(CC2CC(CCCC3CCC4CCCC4C3)CC(CCC3CCCC3)C2)CC1
C1CCC(CC2CCC(CC3CCCC(CC4CCCCC4)C3)CC2)CC1
C1CCC(C2CCCC(C3CCCCC3)C2)CC1
C1CCC(CC2CCCCC2CC2CCCCC2)CC1
C1CCC(CC2CCC(CC3CCC(C4CCCCC4)CC3)CC2)CC1
C1CCC(CCCC2CCCCC2)CC1
C1CCC(CC2CCC(CCC3CCCC(CC4CCCCC4CC4CCC5CCCCC5C4)C3)CC2)C1
C1CCC(C2CCCC(C3CCCCC3)C2)CC1
C1CCC(C2CCCC(C3CCCCC3)C2)CC1
C1CCC(CCCC2CCC(CC3CCCCC3)C(C3CCCCC3)C2)CC1
C1CCC(C2CCC(CC3CCCCC3C3CCCCC3C3CCCCC3)C2)CC1
C1CCC(C2CCCC(C3CCCC4CC(C5CCCCC5)CCC43)C2)CC1
C1CC(C2CCC(CC3CC3)CC2)CC(C2CC2)C1
C1CCC(CCC2CCCC(C3CCCCC3CCC3CCCCC3)C2)CC1
C1CCC(CCC2CCC(C3CCCCC3)CC2)CC1
C1CCC(C2CCC(C3CCCCC3)CC2)CC1
C1CCC(C2CCCCC2C2CCC(CC3CCC(C4CC5CCCCC5C4)CC3)CC2)CC1
C1CCC(C2CCCC(C3CCC4C(CCCC4C4CCCC4)C3)C2)CC1
C1CCC(CCCC2CCC(CC3CCC(CCC4CCCCC4)CC3)CC2)CC1
C1CCC(CC2CCC(C3CCCCC3C3CCCCC3)C(C3CCCC3)C2)CC1
C1CCC(C2CCCC(C3CCC(C4CCC(CC5CCC5)CC4)CC3)C2)CC1
C(CCC1CCC(CCCC2CCC3CCCCC3C2)CC1)CCC1CCC(C2CCCCC2)C1
C1CCC(CCC2CCC(C3CCCC(C4CCCCC4C4CCCCC4)C3)CC2)CC1
C1CCC(CC2CCCC(CC3CCCC(C4CCCC5CCCCC54)C3)C2)CC1
C1CCC(CCCC2CCCCC2)CC1
C1CCC(C2CCCC(C3CCCCC3)C2)CC1
C1CCC(C2CCCC(CC3CCCCC3CC3CC4CCCCC4C3)C2)CC1
C1CCC(CCC2CC(C3CCCCC3)CC(C3CCCC(C4CCCCC4)C3)C2)CC1
C1CCC(CC2CC(C(CC3CCCCC3)C3CCC(C4CCCCC4)CC3)C3CCCCC23)CC1
C1CCC(CCCC2CCCC(CC3CCC(C4CCCC4)CC3)C2)CC1
C1CCC(C2CCC(CCCC3CCC(C4CCCCC4)C(C4CCCCC4)C3)C2)CC1
C1CCC(CCC2CCC(CC3CCCCC3)CC2)CC1
C1CCC(CC2CCCCC2C2CCC(C3CCC4CCCC4C3)C(C3CCCC3)C2)C1
C1CCC(C2CCC3C(CCCC3C3CCC(C4CCCC5CCCCC54)C3)C2)CC1
C1CCC(CC2CCC(C3CCCCC3)CC2)CC1
C1CCC(CC2CCC(CC3CCCC(C4CCCC4)C3)CC2)CC1
C1CCC(CC2CCC(C3CCCC(C4CCC5CCCC5C4)C3)CC2)CC1
C1CCC(CCC2CCC(CCCCC3CCCC(CC4CCCCC4)C3)C(C3CCCCC3)C2)CC1
C1CCC(CCC2CCCC(C3CCCCC3)C2)CC1
C1CCC(CC2CCC(C3CCC(C4CCC5CCCCC54)CC3C3CCCCC3)CC2)CC1
C1CCC(C2CCC(CCC3CCCCC3C3CCCC(C4CCCCC4)C3)CC2)CC1
C1CCC(CC2CCC(CC3CCCCC3CC3CCCCC3)CC2)CC1
C1CCC(CC2CCCC(C3CC(CC4CCCCC4)CC(C4CCCCC4)C3)C2)CC1
C1CCC(CCC2CCC(CCC3CCC(CC4CC4)CC3)CC2)CC1
C1CCC(CCC2CCC(C3CCCCC3)CC2)CC1
C1CCC(C2CCCC(CC3CCC(C4CCCC(C5CCC5)C4)CC3)C2)CC1
C1CCC(CC2CCCC(C3CCCCC3)C2)CC1
C1CCC(CC2CCCCC2CC2CCC(CC(CC3CCCCC3)C3CCC(C4CCCCC4)CC3)CC2)CC1
C1CCC(C2CCC(CCC3CC(C4CCCC(C5CCCCC5)C4)CCC3C3CCCCC3)CC2)CC1
C1CCC(CCCC2CCCC(C3CCCC(CC4CCC(C5CCCC5)CC4)C3)C2)CC1
C1CCC(CC2CCC(C3CCC(C4CC4)CC3)CC2)CC1
C1CCC(CC2CCCCC2)CC1
C1CCC(CCC2CCC(CC3CCC(C4CCCCC4)CC3)CC2)CC1
C1CCC(CCCC2CCCC(CC3CCCCC3)C2)CC1
C1CCC(CC2CCC(CC3CCCCC3)C(C3CCCCC3CCCCC3CCCC3)C2)CC1
C1CCC(CCC2CC(CC3CCC4CCCCC43)CC(C3CCCCC3)C2)CC1
C1CCC(C2CCC(CC3CCCC(C4CCCCC4C4CCCCC4)C3)CC2)CC1
C1CCC(CC2CC(CC3CCCC(C4CCC5CCCCC5C4)C3)C3CCCCC23)CC1
C1CCC(C2CCCC(C3CCCC(C4CC5CCCCC5C4)C3)C2)C1
C1CCC(CCC2CCCCC2C2CC(CC3CCCCC3)CCC2C2CCCCC2)CC1
C1CCC(CC2CCCC(C3CCCC(C4CCCCC4)C3)C2)CC1
C1CCC(CCC2CC(C3CCCCC3)CC(C3CCCC3)C2)CC1
C1CCC(CC2CCCC(C3CCCC(C4CCCCC4)C3)C2)CC1
C1CCC(CCCC2CCC(CC3CC(C4CCC(C5CCCC5)CC4)C4CCCCC34)CC2)CC1
C1CCC2CC(C3CCCCC3C3CCCC(CC4CC(C5CCCC5)C5CCCCC45)C3)CCC2C1
C1CCC(C2CCCCC2C2CC2)CC1
C1CCC(C2CCC3C(C4CCCCC4)CC(C4CCCCC4)C3C2)CC1
C1CCC(C2CCC(C3CCC(C4CCCCC4)CC3)CC2)CC1
C1CCC(CCCC2CCC(CC3CCCC(C4CCCCC4)C3)CC2)CC1
C1CCC(CC2CCC(C3CCCC(C4CCCCC4)C3)CC2)CC1
C1CCC(CCC2CCC(CC3CC(C4CCCCC4)C4CCCCC34)CC2)CC1
C1CCC(C2CCCC(C3CCCC(C4CCC4)C3)C2)CC1
C1CCC(C2CCC(CC3CCC(C4CCC5CCCCC54)CC3)CC2)CC1
C1CCC(CC2CCC(CC3CCC4CC(CC5CCCCC5)CC(C5CCCCC5)C4C3)CC2)CC1
C1CCC(CCCC2CCCC(C3CCCCC3)C2)CC1
C1CCC(CCC2CCC(CC3CCC(CC4CCCCC4)CC3)CC2)CC1
C1CCC(CC2CCC(CCCCC3CCC4CCCCC34)C(C3CCC4CCCC4C3)C2)C1
C1CCC(CC2CCCC(C3CCCC(C4CCCC4)C3)C2)CC1
C1CCC(CC2CCCC(CC3CCCCC3)C2)CC1
C(CCCC1CCC(C2CCCCC2)CC1CCCC1CCCCC1)CCC1CCCCC1
C1CCC(C2CCCCC2C2CCC(CC3CCCC3)CC2)CC1
C1CCC(C2CC(CCCC3CCC(C4CCCC4)CC3)CC(C3CCCC(C4CCCC4)C3)C2)CC1
C1CCC(C2CCC(C3CCC4CCCCC4C3)CC2)CC1
C1CCC(C2CCCC(C3CCC(C4CC4)CC3)C2)CC1
C1CCC(CCCC2CCCC(C3CCCCC3)C2)CC1
C1CCC(CCCC2CCCC(CCC3CCCC(CC4CCCCC4)C3)C2)CC1
C1CCC(CCC2CC(CC3CCCC3)CC(CC3CCC(CC4CCC5CCCCC54)CC3)C2)CC1
C1CCC(C2CCC(C3CCCC3)CC2)CC1
C1CCC(CCCC2CCC(CCC3CCC(C4CCCCC4)CC3)CC2)CC1
C1CCC(C2CCCC(C3CC(C4CCCCC4)CC(C4CCCC4)C3)C2)CC1
C1CCC(CC2CC(C3CCCCC3)CCC2C2CCCCC2C2CCCCC2)CC1
C1CCC(C2CCC(CCCCC3CCC(C4CC5CCCCC5C4)CC3)CC2C2CCCC2)CC1
C1CCC(CCC2CCCCC2CC2CCCCC2)CC1
C1CCC(CCCCC2CCC(CCC3CCCCC3C3CCCCC3)CC2)CC1
C1CCC(CC2CCC(CCCC3CCCC(C4CCCC(CC5CCCC5)C4)C3)CC2)CC1
C1CCC(C2CCCCC2C2CCCCC2)CC1
C1CCC(CC2CCC(C3CCC4CCCCC43)CC2)CC1
C1CCC(CC2CCC(C3CCC4CCCCC43)C(CCCC3CCC(C4CCCCC4)CC3)C2)CC1
C1CCC(CCCCC2CC(CC3CC3)CCC2C2CCCCC2)CC1
C1CCC(CCC2CC(CC3CCC(C4CCC5CCCCC5C4)CC3)C3CCCCC23)CC1
C1CCC(CCC2CCC(C3CCCCC3)CC2)CC1
C1CCC(C2CCC(C3CCC(C4CCCC(CC5CC6CCCCC6C5)C4)CC3)C2)CC1
C(CCC1CCC(CC2CCC(C3CCCCC3)CC2)CC1)CCC1CCC(C2CCCCC2)C1
C1CCC(CC2CCCC(C3CCCCC3)C2)CC1
C1CCC(C2CCC(CC3CCCC(C4CCCCC4)C3)CC2)CC1
C1CCC(C2CCC(CCC3CCCC(C4CCCCC4)C3)CC2)CC1
C1CCC(CC2CCCC(C3CCCC(C4CCCCC4)C3)C2)CC1
C1CCC(C2CCC(C3CCCCC3)C(C3CCCCC3)C2)CC1
C1CCC(C2CCC(C3CC3)CC2)CC1
C1CCC(CC2CCC(C3CCC3)C(CC3CCCCC3)C2)CC1
C1CCC(CC2CCCC(C3CCCCC3C3CCCCC3C3CCCCC3)C2)CC1
C1CCC(C2CCCC(C3CCCC(CCC4CCC5CCCC5C4)C3)C2)CC1
C1CCC(CCC2CCCC(C3CCCCC3)C2)CC1
C1CCC(CCC2CCC(CC3CCC(CCC4CC5CCCCC5C4)CC3)CC2)CC1
C1CCC(C2CCCC(CC3CCCC(C4CCCCC4)C3)C2)CC1
C1CCC(C2CCCCC2C2CCC(C3CCC(CC4CC4)CC3)CC2)CC1
C1CCC(C2CCC(C3CCCCC3C3CCC4CCCC4C3)C(C3CCCC3)C2)CC1
C1CCC(C2CCC(CC3CCC(C4CCC5CCCCC5C4)CC3)CC2)CC1
C1CCC(CC2CCC(C3CCC(C4CCCCC4)CC3)CC2)CC1
C1CCC(CCCCC2CCCC(CCCCC3CCCCC3)C2)CC1
C1CCC(CCCC2CCCC(CCC3CCC(C4CCCCC4)CC3)C2)CC1
C1CCC(CCC2CCCCC2C2CCC3C(CCCC3C3CCCCC3)C2)CC1
C1CCC(CC2CCCC(C3CCCCC3C3CCC4CCCCC4C3)C2)CC1
C1CCC(C2CCCCC2C2CCCCC2)CC1
C1CCC(CC2CCCC(CC3CCC(C4CCCCC4)CC3)C2)CC1
C1CCC(CCCC2CCC(CC3CCCCC3)CC2)CC1
C1CCC(C2CCC(C3CCCC(C4CCCC(C5CCCC5)C4)C3)CC2)CC1
C1CCC(CC2C(CC3CC(C4CC4)CCC3C3CCCC(C4CCCCC4)C3)CCC2C2CC2)CC1
C1CCC(CC2CCC(C3CCCC(CC4CCCCC4)C3)CC2)CC1
C1CCC(CC2CCCCC2CC2CCCCC2)CC1
C1CCC(CCC2CCC(C3CCCC4CC(C5CCCCC5)CCC43)CC2)CC1
C1CCC(CC2CCCCC2CC2CCCCC2C2CCCCC2)CC1
C1CCC(CC2CCC(CC3CCCCC3)CC2)CC1
C1CCC(CCCC2CCCC(C3CCCC(C4CCCCC4)C3)C2)CC1
C1CCC(CC2CCC(CC3CCCCC3)CC2)CC1
C1CCC(C2CCCC(C3CCCCC3)C2)CC1
C1CCC(CC2CCCC(C3CCC(C4CCC(CC5CC6CCCCC6C5)CC4)C3)C2)CC1
C1CCC(CC2CCC(CC3CCCCC3)C(C3CCCCC3CC3CCCCC3)C2)CC1
C1CCC(C2CCCC(CC3CC3)C2)CC1
C1CCC(CC2CCCC(C3CCC(C4CCCC4)CC3)C2)CC1
C1CCC(CC2CCCC(C3CCC(C4CCCC(C5CCCCC5)C4)CC3)C2)CC1
C1CCC(CC2CCCCC2C2CCCCC2C2CCCC2)CC1
C1CCC(C2CCC(CCC(C3CCCCC3)C3CCCCC3)CC2)CC1
C1CCC(CCC2CCC(CCC3CCC(CCC4CCCC4)CC3)CC2)CC1
C1CCC(C2CCC(C3CC4CCCCC4C3)CC2)CC1
C1CCC(CC2CC(C3CCCCC3C3CCCCC3)C3CCCCC23)CC1
C1CCC(C2CC3CCC(C4CCCC5CCCCC54)CC3C2)CC1
C1CCC(CCC2CCC3CC(C4CCC5CCCCC54)CC(C4CCCCC4)C3C2)CC1
C1CCC(C2CCCC(C(C3CCC4CCCCC4C3)C3CCCCC3CC3CC3)C2)CC1
C1CCC(CC2CCCCC2C2CCCCC2)CC1
C1CCC(CCC2CCCC3CCCCC32)CC1
C1CCC(C2CCCC(C3CCCC(C4CCCCC4)C3)C2)CC1
C1CCC(CC2CCC(C3CCCCC3)CC2)CC1
C1CCC(CC2CCCC2C2CCCC(C3CCCCC3)C2)CC1
C1CCC(C2CCCCC2C2CCC(C3CCCC3)CC2)CC1
C1CCC(CC2CCCC(C3CCC(CC4CCCCC4)CC3CC3CCCCC3)C2)CC1
C1CCC(CCC2CC(C3CCCC(C4CCCC(CC5CCCCC5)C4)C3)C3CCCCC23)CC1
C1CCC(CC2CCCCC2C2CCCC(CC3CCC(C4CCCCC4)C3)C2)CC1
C1CCC(CCC2CC(CC3CCCCC3)CCC2C2CCCC(CC3CCC3)C2)CC1
C1CCC2CC(C3CC(C4CC5CCCCC5C4)C4CCCCC34)CCC2C1
C1CCC(CCC2CCCCC2C2CCCCC2)CC1
C1CCC(CC2CCC(CCCCC3CCC(C4CCCC(C5CCCCC5)C4)CC3)CC2)CC1
C1CCC(CCCCC2CCC(CC3CCCC(CC4CCCCC4)C3)CC2)CC1
C1CCC(CCCC2CCC(CCC3CCCC(C4CCC4)C3)CC2)CC1
C1CCC(CC2CCC3CCCCC3C2C2CCC3CCCCC3C2)CC1
C1CCC(CC2CCCC(C3CCCCC3)C2)CC1
C1CCC(CC2CCCC(C3CCCCC3)C2)CC1
C1CCC(C2CCC(C3CCCCC3)CC2)CC1
C1CCC(CCCC2CCC(C3CCCCC3)CC2)CC1
C1CCC(CC2CCCCC2)CC1
C1CCC(CCCC2CCCCC2C2CCC(C3CCCCC3)C2)CC1
C1CCC(CCC2CC(CC3CCCCC3)C3CCCCC23)CC1
C1CCC(C2CCCC(C3CC(C4CCCCC4)CC(C4CCCC4)C3)C2)CC1
C1CCC(C2CCC(CC3CCC(C4CCC5CCCCC5C4)CC3)CC2)CC1
C1CCC(C2CCCC(C3CCCCC3C3CCCCC3)C2)CC1
C1CCC(CC2CCCC(C3CCCCC3)C2)CC1
C1CCC(CCC2CCC(C3CCCC(CC4CCCCC4)C3)C(C3CCCCC3)C2)CC1
C1CCC(C2CCC(C3CCCCC3CC3CCC(C4CC5CCCCC5C4)CC3)C2)CC1
C1CCC(CCCCC2CCC(CCC3CCCCC3)CC2)CC1
C1CCC(CCC2CCCC(C3CCCC(CCCC4CCC4)C3)C2)CC1
C1CCC(CC2CCC(C3CCC(C4CCCCC4)C3)CC2)CC1
C1CCC(CC2CCC(CC3CCCCC3)CC2)CC1
C1CCC(CC2CCC(C3CCC(C4CCCC4)CC3)C(C3CCCCC3)C2)CC1
C1CCC(CCC2CCC(CC3CCC(CC4CCCCC4)CC3)CC2)CC1
C1CCC(C2CCCC(C3CCCC(CC4CCCCC4C4CCCCC4)C3)C2)CC1
C1CCC(C2CCCCC2CCC2CCC(C3CCCCC3C3CCC4CCCC4C3)CC2)CC1
C1CCC(CCC2CCCCC2)CC1
C1CCC(CCC2CCC(C3CCCCC3)CC2)CC1
C1CCC(C2CCC(C3CCCCC3)C(C3CCCC3)C2)CC1
C1CCC(CCCC2CCC(CC3CCCCC3)CC2)CC1
C1CCC(CC2CC(CC3CCCC(C4CCCCC4)C3)C3CCCCC23)CC1
C1CCC(C2CCC(C3CC4CCC(C5CCCC5)CC4C(C4CCCCC4)C3)CC2)CC1
C1CCC(C2CCCC(CC3CCC(C4CCCC4)CC3)C2)CC1
C1CCC(CC2CCCC(CCC3CCC(C4CCCC(C5CCCCC5)C4)C3)C2)CC1
C1CCC(CC2CCC(CC3CCC(CC4CCC(CC5CCC6CCCCC65)CC4)CC3)CC2)CC1
C1CCC(CCCC2CCC(C3CCC(C4CC5CCCCC5C4)CC3)CC2)CC1
C1CCC(CC2CCCC(CCC3CCCC(C4CCCCC4)C3)C2)CC1
C1CCC(CCCCC2CC(C3CCCCC3)CC(C3CCCC3)C2)CC1
C1CCC(CCC2CC(C3CCCC(CC4CCCC4)C3)CCC2C2CCCCC2)CC1
C1CCC(CCCC2CC(C3CCCCC3)C3CCCCC23)CC1
C(CCCC1CCC2C(CC3CCCCC3)CCC2C1)CCC1CCCCC1
C1CCC(C2CCCC3CCCCC32)CC1
C1CCC(CCC2CC(C3CCC4CCCCC43)CC3CC(CC4CCCCC4)CCC23)CC1
C1CCC(CCC2CCC(C3CCCCC3)CC2)CC1
C1CCC(CCC2CCC(C3CCCCC3)CC2)CC1
C1CCC(CCC2CCC(CCCC3CCCC(CC4CCC(C5CCC5)CC4)C3)CC2)CC1
C1CCC(C2CCC(C3CCCC4CCCCC43)C(C3CCCC3)C2)CC1
C1CCC(C2CCCCC2C2CCC3CCC(C4CCC(C5CCCC6CCCC65)CC4)CC3C2)C1
C1CCC(CCC2CC(CCC3CCCCC3)CC(C3CCCCC3)C2)CC1
C1CCC(CC2CC3CCCCC3C(C3CCCCC3)C2)CC1
C1CCC(CC2CCCC(C3CCCC(C4CCCC(C5CCCCC5)C4)C3)C2)CC1
C1CCC(CC2CCCC(C3CCC4CCCCC4C3)C2)CC1
C1CCC(CCC2CCCC(CC3CCC4C(C5CCCCC5)CC(C5CCCCC5)C4C3)C2)CC1
C1CCC(C2CC(C3CCCCC3)C3CCCCC23)CC1
C1CCC(CCC2CCC(CC3CCCC(CC4CC4)C3)CC2)CC1
C1CCC(CCCC2CCC(C3CCCC(CC4CCCCC4)C3)CC2)CC1
C1CCC(CCCC2CCC(C3CCC(CC4CCCCC4)CC3)C2)CC1
C1CCC(CC2CCCC(C3CCCCC3C3CCCCC3)C2)CC1
C1CCC(C2CCCC(C3CCCCC3)C2)CC1
C1CCC(CC2CCCC(C3CCCC(C4CCCCC4)C3)C2)CC1
C1CCC(CCC2CCC(C3CCCCC3)C(CC3CCCCC3)C2)CC1
C1CCC(CC2CCC(C3CCCCC3C3CCCCC3)CC2)CC1
C1CCC(CC2CCC(C3CC(CC4CCCCC4)C4CCCCC43)CC2)CC1
C1CCC(CC2CCCCC2C2CCC(C3CCCC3)CC2)CC1
C1CCC(CC2CCC(C3CCC4CCCC4C3)C(C3CCC3)C2)CC1
C1CCC(CC2CCCCC2C2CCC(C3CCCCC3)CC2)CC1
C1CCC(CC(C2CCCCC2)C2CCCC(C3CCCCC3)C2)CC1
C1CCC(C2CCC(C3CCCCC3)CC2)CC1
C1CCC(CCC2CCCC(C3CCCCC3C3CCCC(C4CCC(CCC5CC5)CC4)C3)C2)CC1
C1CCC(C2CCC(CC3CCC(CCCC4CCCC(CC5CC5)C4)CC3)CC2)CC1
C1CCC(CCC2CCC(C3CCCCC3C3CCCCC3C3CCCCC3)CC2)CC1
C1CCC(CC2CC(CC3CCCC4CCCCC43)C3CCCCC23)CC1
C1CCC(C2CCC(C3CCC(C4CCC5CCCCC5C4)CC3)CC2)CC1
C1CCC(CCC2CCCC(CCC3CCC(C4CCCC4)CC3)C2)CC1
C1CCC(CC2CCCCC2C2CCCC(C3CC3)C2)CC1
C1CCC(CC2C(C3CCCCC3)CC(C3CCCC(C4CCCCC4)C3)CC2C2CC2)CC1
C1CCC(C2CCCC(CC3CCC(CC4CCCCC4CC4CCCC4)CC3)C2)CC1
C1CCC(CC2CCC(C3CCCCC3)C(C3CCCCC3)C2)CC1
C1CCC(CC2CCC(C3CCCCC3C3CCCCC3)CC2)CC1
C1CCC(CCC2CCC(C3CCCCC3)CC2)CC1
C1CCC(C2CCC(CCCC3CCCC(C4CCCCC4)C3)CC2)CC1
C1CCC(CC(C2CCCCC2)C2CCCC(CC3CCCC(C4CCCCC4)C3)C2)CC1
C1CCC(CC2CC(C3CCCCC3)CC(C3CCCCC3)C2)CC1
C1CCC(CC2CCCCC2CC2CC(CC3CCCCC3)C3CCCCC23)CC1
C1CCC(CC2CCC(CC3CCC(C4CCCCC4)CC3)CC2)CC1
C1CCC(CC2CCC(C3CCCCC3C3CCCCC3)CC2)CC1
C1CCC(CC2CCCC(C3CCCCC3)C2)CC1
C1CCC(CCCC2CCC(C3CCCC3)CC2)CC1
C1CCC(CCC2CCCC(C3CCCC(C4CCCCC4)C3)C2)CC1
C1CCC(CC2CCC(CC3CCCC(C4CCC(C5CCCCC5)C(CC5CCCCC5)C4)C3)CC2)CC1
C1CCC(CC2CC(C3CCCCC3)C3CCCCC23)CC1
C1CCC(CC2CCC(C3CCCC(CC4CC4)C3)CC2)CC1
C1CCC(C2CCC(C3CCC(C4CCCCC4C4CCCC(C5CCCCC5)C4)CC3)CC2)CC1
C1CCC(C2CCC(CCCC3CC4CCCCC4C3)CC2)CC1
C1CCC(C2CC(C3CCCCC3)CC(C3CCCC3)C2)CC1
C1CCC(CCCC2CCCC(C3CCCCC3)C2)CC1
C1CCC(C2CCCC(CC3CCCC(C4CCCCC4)C3)C2)CC1
C1CCC(CCC2CCCCC2C2CCCCC2)CC1
C1CCC(CCC2CCCC3CC(C4CCC(C5CCCCC5)CC4)CCC23)CC1
C1CCC(CCC(C2CCCC(C3CCCC3)C2)C2CCCCC2C2CCCCC2)CC1
C1CCC(C2CCC(C3CCCCC3)CC2)CC1
C1CCC(CC2CCC(CCC3CCC(C4CCC5CCCCC5C4)CC3)CC2)CC1
C1CCC(C2CCC(CC3CC4CCCCC4C3)CC2)CC1
C1CCC(CCCC2CCCC(C3CCC(CC4CCCCC4)CC3)C2)CC1
C1CCC(CCCC2CCC(CC3CCC(CCC4CCCCC4)CC3)CC2)CC1
C1CCC(CC2CCC(C3CCC(CC4CCCCC4)CC3)CC2)CC1
C1CCC(C2CCCC(C3CCCCC3)C2)CC1
C1CCC(C2CC(C3CCCCC3)C3CCCCC23)CC1
C1CCC(C2CCCC(C3CCCCC3C3CCCCC3)C2)CC1
C1CCC(CCCCC2CCC(C3CCCCC3)CC2)CC1
C1CCC(CCCC2CCCCC2)CC1
C1CCC(C2CCCCC2C2CCCCC2C2CCCCC2)CC1
C1CCC(C2CCC(C3CCCC(C4CCC(C5CCC5)CC4)C3)CC2)CC1
C1CCC(CC2CCC(CC3CCC(CC4CC(CC5CCCC5)C5CCCCC45)CC3)CC2)CC1
C1CCC(CC2CCCCC2)CC1
C1CCC(CCC2CC(CC3CCCCC3)CC(C3CCCCC3)C2)CC1
C1CCC(CCC2CCCCC2C2CCCCC2)CC1
C1CCC(CC2CCC(CCCC3CCCC(C4CCCC4)C3)CC2)CC1
C1CCC(CC2CCC(C3CCC(C4CCCCC4)CC3C3CCCC3)CC2)CC1
C1CCC(CCC2CCC(CC3CCCC(C4CCCCC4)C3)C2)CC1
C1CCC(CC2CCCC(CC3CCCCC3C3CCCCC3)C2)CC1
C1CCC(CC2CCC(CC3CCC(C4CCC(C5CCCCC5)CC4)CC3)CC2)CC1
C1CC(CCCC2CCCC(C3CCC(CCC4CCC(C5CCC5)CC4)CC3)C2)C1
C1CCC(CCC2CCCC(C3CCC(C4CCCCC4)CC3)C2)CC1
C1CCC(C2CCCCC2CCC2CCC(C3CCC4CCCCC4C3)CC2)CC1
C1CCC(CCCC2CCCC(C3CCCC(CCC4CCCCC4)C3)C2)CC1
C1CCC(C2CCC(C3CC(CC4CC4)C4CCC(CCC5CC6CCCCC6C5)CC43)CC2)CC1
C1CCC(CC2CCCC(C3CCCC(C4CCCC(C5CCCCC5)C4)C3)C2)CC1
C1CCC(C2CCCC(C3CCCCC3)C2)CC1
C1CCC(CCCC2CCCC(CC3CCCC4CCCCC43)C2)CC1
C1CCC(CCC2CCC(CC3CCCCC3)CC2)CC1
C1CCC(CC2CCC(CCCC3CCC(CC4CC4)CC3)CC2)CC1
C1CCC(CCCC2CCC(C3CCCCC3)CC2)CC1
C1CCC(CC2CCC(CC3CC3)CC2)CC1
C1CCC(CC2CCC(CCCC3CCCC(CC4CCCCC4)C3)CC2)CC1
C1CCC(C2CCC(C3CC3)CC2)CC1
C1CCC(CCC2CC(CCC3CC4CCCCC4C3)CCC2C2CCC(C3CCCC3)CC2)CC1
C1CCC(CC2CCCC(C3CCC(CC4CCCCC4C4CCCC4)CC3)C2)CC1
C1CCC(C2CCCC(C3CCCCC3)C2)CC1
C1CC2CCC(C3CCCCC3C3CCCCC3C3CCC4CCCCC43)CC2C1
C1CCC(CCC2CCC(C3CCCCC3)CC2)CC1
C1CCC(CC2CCCC(C3CCCCC3CC3CCC(C4CC(C5CCCCC5)C4)CC3)C2)CC1
C1CCC(CC2CCCCC2)CC1
C1CCC(CC2CCCC(C3CCCCC3CC3CCC(CC4CCCCC4)C(C4CCCC4)C3)C2)CC1
C1CCC(CCC2CCCC(CC3CCCC(CC4CCCC4)C3)C2)CC1
C1CCC(CCCCC2CC(C3CCCCC3)CC(C3CCC3)C2)CC1
C1CCC(C2CCC(C3CCCC(C4CCCCC4)C3)CC2)CC1
C1CCC(CCC2CCC(CC3CCCCC3)CC2C2CCCCC2)CC1
C1CCC(CC2CCC(C3CCCC(C4CCCCC4)C3)CC2)CC1
C1CCC(CCC2CCCCC2CC2CC3CCCCC3C2)CC1
C1CCC(CC2CCC3CCCCC32)C(CCCC2CC3CCCCC3C2)C1
C1CCC(CC2CCCCC2CC2CCC(CC3CCC(C4CCCC4)CC3)CC2)CC1
C1CCC(CC2CCC(C3CCC4CCCCC43)CC2CC2CCCCC2)CC1
C1CCC(CC2CCC(CCCC3CCCC(C4CCCCC4)C3)CC2)CC1
C1CCC(CCC2CCCC2C2CCC(C3CCCCC3)CC2)CC1
C1CCC(C2CCC(C3CCCCC3)C(C3CCCC3)C2)CC1
C1CCC(C2CC(C3CCC4CCCCC43)CC3CCCCC32)CC1
C1CCC(CC2CC(C3CCCCC3)CCC2C2CCC3CCCCC32)CC1
C1CCC(C2CCC(CCC3CC(C4CC4)CCC3C3CCCCC3)CC2)CC1
C1CCC(CCCCC2CCC(C3CCCC(CC4CC5CCCCC5C4)C3)CC2)CC1
C1CCC(C2CCC3CC(C4CCCC4)CC(C4CCCCC4)C3C2)CC1
C1CCC(CC2CCCC(C3CCC4CCCCC4C3)C2)CC1
C1CCC(CC2CCCCC2C2CC3CCC(C4CCCCC4)CC3C(C3CCCCC3)C2)CC1
C1CCC(CCC2CCC(CC3CCCCC3C3CCCCC3)CC2)CC1
C1CCC(C2CCC(C3CCCC3)CC2)CC1
C1CCC(CCCC2CCC(C3CCC(CCC4CC4)CC3)CC2)CC1
C1CCC(CC2CCCC(CC3CCC(C4CCCC4)CC3)C2)CC1
C1CCC(C2CCC(C3CCCCC3)C(C3CCCC3)C2)CC1
C1CCC(CCCCC2CCC(CCC3CCCCC3)CC2)CC1
C1CCC(CC2CCCCC2C2CCC3C(CCCC3C3CCC(C4CCCCC4)CC3)C2)CC1
C1CCC(CCCCC2CCC(CC3CCC(C4CCCCC4)CC3)CC2)CC1
C1CCC(C2CCCCC2CC2CCC3CC(C4CCC5CCCCC54)CC(C4CCCCC4)C3C2)CC1
C1CCC(CCC2CCC(C3CCCCC3)CC2)CC1
C1CCC(CC2CCCC(C3CC(C4CCCC(CC5CC6CCCCC6C5)C4)C4CCCCC34)C2)CC1
C(CC1CCCC(C2CCC2)C1)CC1CCCC(C2CCC(CC3CCCCC3C3CCCC3)CC2)C1
C1CCC(CCC2CCCC(C3CCCCC3C3CCCC3)C2)CC1
C1CCC(C2CCCCC2C2CCCCC2)CC1
C1CCC(CC2CCC(C3CC4CCCCC4C3)CC2)CC1
C1CCC(C2CCCC(CC3CCC(C4CC5CCCCC5C4)CC3)C2)CC1
C1CCC(CC2CCCC(CC3CCC4CCCCC43)C2)CC1
C1CCC(CC2CC(CC3CCC(C4CCCCC4)CC3)C3CCCCC23)CC1
C1CCC(C2CCCC(CCCC3CC(C4CCCC(C5CCCCC5)C4)C4CCCCC34)C2)CC1
C1CCC(C2CCCC(C3CCC(CCCC4CC5CCCCC5C4)CC3)C2)CC1
C1CCC(C2CCCC(C3CCCC(C4CCCCC4)C3)C2)CC1
C1CCC(CC2CCC(CCCC3CCCC(CC4CCC(CC5CCCCC5)CC4)C3)CC2)CC1
C1CCC(CC2CCC(C3CCC(C4CCC4)CC3)CC2)CC1
C1CCC(CCC2CCC(CCCCC3CCC(C4CCCCC4)CC3)CC2)CC1
C1CCC(CCCC2CCCC(C3CCCCC3)C2)CC1
C1CCC(CC2CCC(C3CCC(CC4CCCCC4)CC3)CC2)CC1
C1CCC(CCCC2CCCC(C3CCCCC3)C2)CC1
C1CCC(CC2CCCC(C3CCCCC3C3CCC(CC4CCCC4)CC3)C2)CC1
C1CCC(C2CCCC(C3CCCC4CC(C5CCCCC5)CCC43)C2)CC1
C1CCC(CCC2CCC(C3CCC4C(CCC4C4CCCCC4)C3)CC2)CC1
C1CCC(CCC2CCCC(C3CCCC(CC4CCCCC4)C3)C2)CC1
C1CCC(CC2CCCC(CCC3CCCC(CCC4CC4)C3)C2)CC1
C1CCC(CCCC2CCCC(C3CCCCC3)C2)CC1
C1CCC(C2CCCC(C3CCC(CCCC4CCCC(C5CCCC(C6CCCCC6)C5)C4)CC3)C2)CC1
C1CCC(CCC2CCCC(C3CCCC(CC4CC5CCCCC5C4)C3)C2)CC1
C1CCC(C2CCC(C3CC4CCC(C5CCCC5)CC4C(C4CCCCC4)C3)CC2)CC1
C1CCC(CC2CCCC(CC3CCCCC3)C2)CC1
C1CCC(CC2CCCC(CC3CCCCC3C3CCCCC3)C2)CC1
C1CCC(CC2CCCCC2C2CCCC(CC3CCC(C4CCCCC4)CC3)C2)CC1
C1CCC(CC2CCC(CCC3CCCC(CC4CCCCC4)C3)CC2)CC1
C1CCC(CCCCCC2CCC(CC3CCCC3C3CCCCC3C3CCCCC3)CC2)CC1
C1CCC(C2CCC(C3CCC4CCCC4C3)CC2)CC1
C1CCC(CCCC2CCC(C3CCCC(CC4CCCC(C5CCCCC5)C4)C3)CC2)CC1
C1CCC(CC2CCC(C3CCC4CCCC4C3)CC2CC2CCCC2)CC1
C1CCC(CCC2CCCC(CC3CCC(CC4CCCCC4)CC3)C2)CC1
C1CCC(CCC2CCCC(C3CC(CCC4CCCCC4)CC(C4CCC4)C3)C2)CC1
C1CCC(C2CC(C3CCC(C4CCC5CCCCC5C4)CC3)C3CCCCC23)CC1
C1CCC(CCC2CCCC(C3CCCCC3)C2)CC1
C1CCC(CCCC2CCCCC2)CC1
C1CCC(CCCCC2CCCCC2C2CCC(CCC3CCCC(C4CCCCC4)C3)CC2)CC1
C1CCC(CCCC2CCCC(CCC3CCC4CCCC4C3)C2)CC1
C1CCC(CCCC2CCC(C3CCCC(C4CCCC4)C3)CC2)CC1
C1CCC(C2CCC(C3CCCC(C4CCCCC4)C3)CC2)CC1
C1CCC(C2CCC(CC3CCCC(C4CCCCC4)C3)CC2)CC1
C1CCC(C2CCC(C3CCC(CC4CCCC4)CC3)CC2)CC1
C1CCC(C2CCCC(C3CCCCC3C3CCCCC3)C2)CC1
C1CCC(CCCC2CCC(C3CCC(C4CCCC4)CC3)CC2)CC1
C1CCC(CC2CCC(CC3CCCCC3)CC2)CC1
C1CCC(CCC2CCC3CCCC(C4CCCCC4)C3C2)CC1
C1CCC(C2CCCCC2)CC1
C1CCC(CC2CCC3CC(C4CCC(C5CC5)CC4)CCC3C2)CC1
C1CCC(CC2CCC(C3CCCCC3)CC2)CC1
C1CCC(C2CCCCC2C2CCC(C3CCC4CCCCC43)CC2)CC1
C1CCC(CC2CCCC(CC3CCC4CCCC4C3)C2)CC1
C1CCC(CCC2CCCC(CC3CCC(C4CCCCC4)CC3)C2)CC1
C1CCC(CC2CCC(CCC3CCCCC3CC3CCCCC3)C(C3CCCC3)C2)CC1
C1CCC(CC2CCCC(C3CC4CCCCC4C3)C2)CC1
C1CCC(C2CCC(CC3CCC4CCCC4C3)CC2)CC1
C1CCC(CCC2CCC(C3CCCCC3CC3CCCCC3)CC2)CC1
C1CCC(CCC2CCCCC2)CC1
C1CCC(CCC2CCCC(C3CCC(C4CCC5CCCCC5C4)CC3)C2)C(CCC2CC2)C1
C1CCC(C2CCCC(CCC3CCC(C4CCC5CCCC5C4)CC3)C2)CC1
C1CCC(CC2CCCC(C3CCCC(C4CCCCC4)C3)C2)CC1
C1CCC(CCC2CCC(C3CCC(C4CCCC(C5CCCC5)C4)CC3)CC2)CC1
C1CCC(CCCC2CCC(C3CCCC(C4CCCCC4)C3)CC2)CC1
C1CCC(CCC2CCCC(C3CCCC3CC3CCCCC3)C2)CC1
C1CCC(CCCCC2CCCCC2C2CCC3CCCC3C2)CC1
C1CCC(CC2CCC(CC3CCC4C(CC5CCCCC5)CC(CCC5CCCC5)C4C3)CC2)CC1
C1CCC(CC2CCCC(CCC3CCC(CC4CCC(CC5CC5)CC4)CC3)C2)CC1
C(CCCC1CCC2CCCC2C1)CCC1CCCC(C2CCCCC2)C1
C1CCC(CCCC2CCCC3CC(CCCC4CCCC(CC5CC5)C4)CC23)CC1
C1CCC(CC2CCC(C3CCC(CCCCC4CC5CCCCC5C4)CC3)CC2)CC1
C1CCC(C2CCCC(C3CCCC(C4CCCCC4)C3)C2)CC1
C1CCC(CC2CCC(CC3CCCCC3)CC2)CC1
C1CCC(C2CCCCC2CC2CCCC(CC3CC4CCCCC4C3)C2)CC1
C1CCC(CC2CCC(CCCC3CCCC(C4CCCCC4)C3)CC2)CC1
C1CCC(CCCC2CCC(C3CCCC(C4CCCCC4)C3)CC2)CC1
C1CCC(CCCC2CCCC(C3CCC(CC4CCCC4)CC3)C2)CC1
C1CCC(CCC2CCCC(CC3CCCCC3)C2)CC1
C1CCC(CC(CC2CCC(C3CCCCC3)CC2)C2CCCCC2)CC1
C1CCC(C2CCCC(C3CCCC(C4CCC5CCCCC54)C3)C2)CC1
C1CCC(CCC2CCCC(CCCCC3CCC(CC4CCC(CC5CCCC5)CC4)CC3)C2)CC1
C1CCC(CC2C(C3CCCCC3)CC(CCC3CCCC3)CC2C2CCCCC2)CC1
C1CCC(CC2CCC(C3CCCCC3)CC2)CC1
C1CCC(CCCCC2CCCC(CCC3CCCCC3)C2)CC1
C1CCC(CCC2CCCC(C3CCCCC3)C2)CC1
C1CCC(CCC2CCC(C3CCCC(CCC4CCCCC4)C3)CC2)CC1
C1CCC(CCCC2CCC(CC3CCCCC3C3CCCC3)C(CC3CCCCC3)C2)CC1
C1CCC(CC2CCCCC2C2CCCCC2C2CCCC2)CC1
C1CCC(C2CCC(CC3CCCC(C4CCCCC4)C3)CC2)CC1
C1CCC(CC2CCCC(C3CCC4CC(C5CCCCC5)CC(C5CCCCC5)C4C3)C2)CC1
C1CCC(C2CCC(CC3CCCC(CC4CCCC(C5CCCCC5)C4)C3)CC2)CC1
C1CCC2CC(C3CCC(CCC4CCC(C5CC5)CC4)CC3)CC2C1
C1CCC(C2CCCC(C3CCCCC3)C2)CC1
C1CCC(CCC2CCC3CC(C4CCCCC4CC4CCCCC4)CCC3C2)CC1
C1CCC(C2CCC(CC3CCC(CC4CCC(C5CCCCC5)CC4)CC3)CC2)CC1
C1CCC(CC2CCC(CC3CCC(C4CCCCC4)C3)CC2)CC1
C1CCC(CC2CCC(CC3CCCC(CC4CC4)C3)CC2)CC1
C1CCC(CCC2CCCC(CCCC3CCCCC3CC3CCCCC3)C2)CC1
C1CC(CCC2CC3CCCCC3C2)CC(C2CCCC(CC3CC3)C2)C1
C1CCC(C2CC(C3CCCCC3)CC(C3CCCCC3)C2)CC1
C1CCC(C2CCCC(CC3CCCC(C4CCCCC4)C3)C2)CC1
C1CCC(C2CCC(C3CC(C4CCCCC4)CCC3C3CCCCC3)CC2)CC1
C1CCC(CCCC2CCC3C(C4CCCC4)CC(C4CCCCC4)C3C2)CC1
C1CCC(C2CCC(CCCCC3CCC4CCCCC4C3)C2)CC1
C1CCC(C2CCC(CCC3CCCC(CC4CCCC4)C3)CC2)CC1
C1CCC(CCCC2CCCC(C3CCCCC3)C2)CC1
C1CCC(CC2CCCC(CCCCCC3CCC(C4CCCCC4)CC3)C2)CC1
C1CCC(C2CCC(C3CCCC(CCC4CC5CCCCC5C4)C3)CC2)CC1
C1CCC(CC2CCC(C3CCCCC3)CC2)CC1
C1CCC(CC2CC3CCC(C4CCCCC4)CC3C(C3CCCCC3)C2)CC1
C1CCC(CC2CCC(CCCCCC3CCCC(C4CC4)C3)CC2)CC1
C1CCC(CCCCC2CCCCC2CC2CCC(C3CCCCC3)CC2)CC1
C1CCC(CCC2CCC(C3CCC(CC4CCCCC4)CC3)CC2)CC1
C1CCC(CCCCC2CC(C3CCC(C4CCCCC4)CC3)C3CCCCC23)CC1
C1CCC(CC2CCC(C3CCC4CCC(C5CCC6CCCCC65)CC4C3)CC2)CC1
C1CCC(CCCC2CCC(CC3CCCCC3)CC2)CC1
C1CCC(CCC2CCC(CCC3CCCCC3CC3CCCCC3)CC2)CC1
C1CCC(CCC2CCC(C3CCCCC3)CC2)CC1
C1CCC(C2CCCCC2)CC1
C1CCC(CC2CCC(C3CCCC(C4CCCCC4)C3)CC2)CC1
C1CCC(C2CCCCC2C2CCCC2)CC1
C1CCC(CC2CC3CCC(C4CCCC(C5CC5)C4)CC3C(C3CCCCC3)C2)CC1
C1CCC(CCCCC2CCC(CC3CC4CCCCC4C3)C2)CC1
C1CCC(CCCC2CCCC(CCC3CCCCC3)C2)CC1
C1CCC2CC(CC3CCC(C4CCC(C5CCCCC5C5CCCC5)CC4)CC3)CC2C1
C1CCC(CC2CC(C3CCC(C4CCCCC4)CC3)C3CCCCC23)CC1
C1CCC(CCC2CCCC(CCC3CCCCC3)C2)CC1
C1CCC(CC2CCCC(CC3CCC(C4CCCC4)CC3)C2)CC1
C1CCC(CCCC2CCC3C(CCC3C3CCCC3)C2)CC1
C1CCC(C2CCC(CC3CCC(C4CCC4)CC3)CC2)CC1
C1CCC(C2CCCC(CCC3CCCC3)C2)CC1
C1CCC(CC2CCCCC2C2CCCCC2)CC1
C1CCC(C2CCCCC2C2CCC3C(CCCC3C3CCCCC3)C2)CC1
C1CCC(C2CCC(CC3CCCC(C4CCC(C5CC5)CC4)C3)CC2)CC1
C1CCC(CCC2CCC(CCC3CCC(C4CCC4)CC3)CC2)CC1
C1CCC(C2CCC3C(CCCC3C3CCCCC3)C2)CC1
C1CCC(CC2CCC(C3CCCC(CCC4CCC(C5CCC5)CC4)C3)CC2)CC1
C1CCC(CCC2CCCC(C3CCC(C4CCCCC4)CC3)C2)CC1
C1CCC(C2CCCC(CCC3CCCCC3CCCC3CCCC(C4CC5CCCCC5C4)C3)C2)CC1
C1CCC(CC2CCCCC2C2CCCC(C3CCCC3)C2)CC1
C1CCC(C2CCC(C3CCC4CC(C5CCCCC5)CCC4C3)CC2)CC1
C1CCC(CCCC2CCC(C3CCCC(CCC4CCCCC4)C3)CC2)CC1
C1CCC(CCC2CCC(C3CCCCC3CC3CCCCC3)CC2)CC1
C1CCC(CC2CCCC(C3CC(CC4CCCCC4)CC(C4CCCC4)C3)C2)CC1
C1CCC(CC2CC(CC3CCC(C4CCCCC4C4CCCCC4)CC3)C3CCCCC23)CC1
C1CCC(C2CCCC(C3CCCC(C4CCCCC4)C3)C2)CC1
C1CCC(CC2CCCCC2C2CCCC(C3CCCCC3C3CCCCC3)C2)CC1
C1CCC(C2CCCCC2C2CCCC(CC3CCCC(C4CCC5CCCC5C4)C3)C2)CC1
C1CCC(CC2CCC(CCC3CCCC(C4CCCCC4C4CCCCC4)C3)CC2)CC1
C1CCC(CCC2CCC(C3CCCCC3)C(CC3CCC3)C2)CC1
C1CCC(CCCC2CCCC(CC3CCCC3)C2C2CCCCC2)CC1
C1CCC(C2CCCC(C3CCCCC3)C2)CC1
C1CCC(C2CCC(CC3CC4CCCCC4C3)CC2)CC1
C1CCC(C2CCCC(C3CCC(C4CCCCC4C4CCC5CCCCC5C4)CC3)C2)CC1
C1CCC(CCC2CC(C3CC3)CCC2CC2CCC(C3CCCC3)CC2)CC1
C1CCC(CCCC2CCCC(C3CCCCC3CCC3CCCCC3)C2)CC1
C1CCC(CC2CCC(CC3CCC(C4CCCC4)CC3)CC2)CC1
C1CCC(C2CCC(CC3CCCC(C4CCC4)C3)CC2)C1
C1CCC(CCCC2CCCCC2)CC1
C1CCC(CC2CCCCC2C2CCC(CCC3CCCC(C4CCCCC4)C3)C2)CC1
C1CCC(CC2CCC(C3CCCCC3C3CCCCC3)CC2)CC1
C1CCC(CC2CCC3C(CCC3CC3CCCC(C4CCCCC4)C3)C2)CC1
C1CCC(CC2CCCC(CC(C3CCCC3)C3CCCC(C4CCCCC4)C3)C2)CC1
C1CCC(CCCC2CCC(CCC3CCCC(C4CCCCC4)C3)CC2)CC1
C1CCC(CCC2CCC(CC3CCCCC3)CC2)CC1
C1CCC(CC2CCC(CC3CCCCC3C3CCCC3)CC2)CC1
C1CCC(CC2CCC3C(CCCC3C3CCCCC3)C2)CC1
C1CCC(C2CCCC(C3CCCC(C4CCCCC4)C3)C2)CC1
C1CCC(CCCC2CCCC(CC3CCCCC3)C2)CC1
C1CCC(CC2CCC(C3CCCCC3)CC2)CC1
C1CCC(C2CCC(C3CCCCC3)C(CCCC3CCCC3)C2)CC1
C1CCC(CC2CCC(C3CCC(C4CCCCC4)CC3)CC2)CC1
C1CCC(CCCCC2CCCC(CC3CCCCC3)C2)CC1
C1CCC(CCC2CCCC(C3CCCCC3)C2)CC1
C1CCC(CCC2CCCC(CC3CCCCC3)C2)CC1
C1CCC(CCCCC2CCC(CC3CCCCC3)CC2C2CCCC2)CC1
C1CCC(CCC2CCCC(C3CCCC(C4CCCCC4)C3)C2)CC1
C1CCC(CC2CCC(C3CCCCC3)CC2)CC1
C1CCC(CCCC2CCCC(CCC3CC4CCCCC4C3)C2)CC1
C1CCC(CC2CCCCC2CC2CC(CC3CCCCC3)C3CCCCC23)CC1
C1CCC(C2CC(C3CCC4CCCCC43)CC3CCC(C4CCC5CCCCC54)CC32)CC1
C1CCC(C2CCC(C3CCCCC3)CC2)CC1
C1CCC(C2CCC3CCCCC32)CC1
C1CCC(C2CC(C3CCC(C4CCCC4)CC3)C3CCCCC23)CC1
C1CCC(CC2CCCCC2C2CCCCC2)CC1
C1CCC(CC2CCC(C3CCC(C4CCCCC4)CC3)CC2)CC1
C1CCC(CC2CCC(CC3CCCCC3)CC2)CC1
C1CCC(C2CCCC(C3CCCCC3CCC3CCCCC3C3CCCC3)C2)CC1
C1CCC(CC2CCC3C(CC4CCCCC4)CC(CC4CCCC4)C3C2)CC1
C1CCC(CCCC2CCC(CC3CCCCC3)CC2)CC1
C1CCC(C2CCCCC2C2CCC3C(CCC3C3CCCCC3)C2)CC1
C1CCC(CC2CCCC(CCC3CCCCC3C3CCC(CC4CCC(C5CCCC5)CC4)CC3)C2)CC1
C1CCC(CC2CCC(C3CC(C4CCC5CCCCC54)CC4CCC(C5CCCCC5)CC43)CC2)CC1
C1CCC(CCC2CCC(C3CCCCC3)CC2)CC1
C1CCC(CCCC2CCC(CC3CCCCC3)CC2)CC1
C1CCC(CC2CC(CC3CCC(C4CCCCC4)CC3)C3CCCCC23)CC1
C1CCC(CC2CCC(CCCCC3CCCC(C4CCCC4)C3)CC2)CC1
C1CCC(CC2CCCC(C3CCCCC3)C2)CC1
C1CCC(CC2CCC(C3CCCC(C4CCC(C5CCCC5)CC4)C3)CC2)CC1
C1CCC(CCC2CCCC(C3CCCCC3)C2)CC1
C1CCC(C2CCC(C3CCCCC3)C(C3CCCCC3)C2)CC1
C1CCC(CC2CCC(C3CCC(CC4CCCCC4)CC3)CC2)CC1
C1CCC(CC2CCC(CCC3CCCCC3CCCC3CCC3)CC2)CC1
C1CCC(C2CCCC(CC3CCCC(C4CCCC4)C3)C2)CC1
C1CCC(CC2CCCC(C3CCCCC3)C2)CC1
C1CCC(C2CCC(C3CCCC(C4CCCC(C5CCCCC5)C4)C3)CC2)CC1
C1CCC(C2CCC(C3CCCC3)CC2)CC1
C1CCC(CCC2CCCC(C3CCC(CC4CCCCC4)CC3)C2)CC1
C1CCC(CCC2CC(C3CCCC(C4CCCCC4)C3)C3CCCCC23)CC1
C1CCC(CCC2CCC(CC3CCCCC3)CC2CCC2CCCCC2)CC1
C1CCC(C2CCCC(CC3CCC(C4CCC5CCCCC54)CC3)C2)CC1
C1CCC(CCC2CCC(C3CCCCC3C3CCCCC3)CC2)CC1
C1CCC(CC2CCC(CCCCC3CCC(CC4CCCCC4)CC3)CC2)CC1
C1CCC(CCCC2CCCCC2CC2CCC(CCC3CCCCC3)CC2)CC1
C1CCC(CC2CCCC(C3CCCCC3)C2)CC1
C1CCC(CCC2CC(C3CCCCC3)CC(C3CCCCC3)C2)CC1
C1CCC(C2CCCC(C3CCCC4CC(C5CCCCC5C5CCCCC5)CCC43)C2)CC1
C1CCC(C2CCC(CCC3CCCC(C4CCCCC4)C3)CC2)CC1
C1CCC(CCC2CCC(CC3CCCCC3)CC2)CC1
C1CCC(CC2CCC(C3CCCC(C4CCCC(CC5CCCCC5)C4)C3)CC2)CC1
C1CCC(CCCC2CCCC(C3CCCCC3C3CCCC3)C2)CC1
C1CCC(C2CCC(CC3CC(C4CCCCC4)CCC3C3CCCC3)CC2)CC1
C1CCC(CC2CCC(CCCC3CC4CCCCC4C3)CC2)CC1
C1CCC(CC2CCCCC2C2CCCC2)CC1
C1CCC(CCCC2CCC3CC(C4CCC5CCCCC54)CC(C4CCCCC4)C3C2)CC1
C1CCC(CCC2CCC(C3CC(C4CCCCC4CC4CCCCC4)C4CCCCC34)CC2)CC1
C1CCC(C2CCC(C3CCCCC3)CC2)CC1
C1CCC(CC2CCC(C3CCC(CC4CCCC4)CC3)CC2)CC1
C1CCC(C2CCC(C3CCCCC3)CC2)CC1
C1CCC(CCCC2CCC(C3CCCC(CC4CC5CCCCC5C4)C3)CC2)CC1
C1CCC(CCCC2CCC(CC3CC(C4CC4)CCC3C3CCCCC3)CC2)CC1
C1CCC(CC2CCC(C3CCCC(C4CCCC(C5CCCCC5)C4)C3)CC2)CC1
C1CCC(CCC2CCC(C3CCCCC3)CC2)CC1
C1CCC(CC2CCCC(C3CCC(CCC4CCC(C5CC5)CC4)CC3)C2)CC1
C1CCC(C2CCC(C3CCC(C4CCCCC4)CC3)CC2)CC1
C1CCC(CCCCC2CCC(CC3CCCCC3)CC2)CC1
C1CCC(C2CCCC(C3CCCCC3C3CCCCC3C3CCCC3)C2)CC1
C1CCC(CCCC2CCCC(C3CCCCC3)C2)CC1
C1CCC(CC2CCC(C3CCCCC3)CC2)CC1
C1CCC(CCCCCC2CCCC(C3CCCC(CC4CCCCC4)C3)C2)CC1
C1CCC(C2CCC(C3CC(C4CCCC4)CC(C4CCCC(CCC5CCCC5)C4)C3)CC2)CC1
C1CCC(CC2CC(C3CCCCC3)CC3CC(C4CCCCC4C4CCCC4)CCC23)CC1
C1CCC(CC2CCC(CCC3CC4CCCCC4C3)C(C3CCCCC3)C2)CC1
C1CCC(C2CCCC(C3CC(C4CCCCC4)CC(C4CCCCC4)C3)C2)CC1
C1CCC(C2CCCCC2)CC1
C1CCC(C2CCC(CC3CCCC(CC4CC5CCCCC5C4)C3)CC2)CC1
C1CCC(CCC2CCC(C3CCCC(C4CC4)C3)CC2)CC1
C1CCC(CC2CC(CCCCC3CC4CCCCC4C3)CCC2C2CCC(C3CCCC3)CC2)CC1
C1CCC(CCC2CCC(C3CCC(C4CCCCC4)CC3)CC2)CC1
C1CCC(CC2CCCCC2C2CCCC(C3CCCC(CC4CCCC4)C3)C2)CC1
C1CCC(CC2CCC(C3CCCCC3)CC2CC2CCCCC2)CC1
C1CCC(CCC2CCCC(CCC3CCC(C4CCCCC4)C3)C2)CC1
C1CCC(CCCC2CCCCC2C2CCC(C3CCC(CC4CCCCC4)CC3)CC2)CC1
C1CCC(CCCC2CCCC(CC3CCC(CC4CCCCC4C4CCCC4)CC3)C2)CC1
C1CCC(C2CCC(CC3CCC(CCCCC4CC5CCCCC5C4)CC3)CC2)CC1
C1CCCCC1
C1CCC(CCC2CCCC(C(CCC3CC(C4CCCCC4)C4CCCCC34)C3CCCCC3)C2)CC1
C1CCC(CCCC2CCC(CCC3CCCC(CCC4CCC(C5CCC6CCCCC65)CC4)C3)CC2)CC1
C1CCC(C2CCC(C3CCCCC3C3CCC4CCCCC43)CC2)CC1
C1CCC(CC2CCC(CCCC3CCCCC3C3CCCCC3)CC2)CC1
C1CCC(C2CCCC(C3CCC(C4CCCC4)CC3)C2)CC1
C1CCC(CCC2CCCC(C3CCCCC3)C2)CC1
C1CCC(C2CCC(C3CCC(C4CCCC(C5CCCCC5)C4)CC3)CC2)CC1
C1CCC(CC2CCCC(CCCC3CCC(C4CCCCC4)CC3)C2)CC1
C1CCC(C2CCC(CCC3CCCC3)CC2)CC1
C1CCC(CCC2CCCC(C3CCC(CC4CCCCC4)CC3)C2)CC1
C1CCC(CCCC2CCC(CC3CCCC3)CC2)CC1
C1CCC(CCCCC2CCC(CCCC3CCCCC3)CC2C2CCCCC2CC2CCCCC2)CC1
C1CCC(CCC2CCC(C3CCCC(C4CCCCC4)C3)CC2)CC1
C1CCC(C2CCC(C3CCC4C(CCCC5CC6CCCCC6C5)CCC4C3)CC2)C1
C1CCC(C2CCCC(CC3CCC(C4CCCCC4)C3)C2)CC1
C1CCC(C2CCCC(CC3CCC(C4CCCC(CCCC5CC6CCCCC6C5)C4)CC3)C2)CC1
C1CCC(CC2CC(C3CCCCC3C3CCCCC3)C3CCCCC23)CC1
C1CCC(CCCC2CCCC(C3CCCCC3)C2)CC1
C1CCC(C2CCC(CC3CCC(CCCC4CCCC(C5CC6CCCCC6C5)C4)CC3)CC2)CC1
C1CCC(CC2CCC(C3CCCCC3C3CCC(C4CCCC4)CC3)C(C3CCCC3)C2)C1
C1CCC(CC2CC(C3CCCC3)CCC2C2CCC3CCCC3C2)CC1
C1CCC(CCCCC2CCCC(CCC3CC4CCCCC4C3)C2)CC1
C1CCC(CC2CCC(C3CCC4C(CCC4C4CCCCC4)C3)CC2)CC1
C1CCC(CC2CCCC(C3CCCCC3)C2)CC1
C1CCC(CC2CCC(C3CCCC(C4CCCCC4)C3)CC2)CC1
C1CCC(CC2CCCC(CC3CCCCC3)C2)CC1
C1CCC(C2CCCC(CCCC3CC4CCCCC4C3)C2)CC1
C1CCC(CC2CCCCC2C2CCCC(CC3CCC4CCCCC43)C2)C1
C1CCC(CC2C(C3CCCCC3)CC(C3CCCCC3)CC2C2CCC2)CC1
C1CCC(CC2CCCC(C3CCCC(C4CCCCC4)C3)C2)CC1
C1CCC(CC2CCC(C3CCC(C4CC4)CC3)CC2)CC1
C1CCC(CC2CCCC(C3CCC(C4CCCC4)CC3)C2)CC1
C1CCC(CC2CCC(C3CCCCC3)CC2)CC1
C1CCC(C2CCC(CCC3CCCCC3C3CCCCC3)C(C3CCCC3)C2)CC1
C1CCC2CC(CC3CCCCC3C3CCC(CC4CCC5CCCCC54)CC3)CC2C1
C1CCC(CC2CCCC(C3CCC(CC4CC4)CC3)C2)CC1
C1CCC(CCC2CCCC(CC3CCCCC3CC3CCC3)C2)CC1
C1CCC(CCCC2CCCCC2C2CCC(CC3CCCCC3)CC2)CC1
C1CCC(CC2CCCCC2C2CCC(CC3CCC(CC4CC5CCCCC5C4)C3)CC2)CC1
C1CCC(C2CCC(CC3CCC(C4CCCCC4CCC4CC4)CC3)CC2)CC1
C1CCC(C2CCC(C3CCC(C4CCCCC4)CC3)CC2)CC1
C1CCC(CCC2CCC(CC3CCCCC3)CC2)CC1
C1CCC(CC2CCCC(CCC3CCCCC3C3CCCCC3)C2)CC1
C1CCC(CCC2CCCC(C3CCCCC3)C2)CC1
C1CCC(C2CCCC(CC3CCCC(C4CCCC(C5CCCCC5)C4)C3)C2)CC1
C1CCC(CCC2CCC(C3CCC(C4CCCCC4)CC3C3CCC4CCCC4C3)C2)CC1
C1CCC(CCCC2CCC(CCCC3CCCCC3CCCC3CCCCC3)CC2)CC1
C1CCC(CC2CCCCC2C2CCC(C3CCCC(C4CCCCC4)C3)CC2C2CCCCC2)CC1
C1CCC(C2CC(C3CCC(CCC4CCC(C5CCCC5)CC4)CC3)C3CCCCC23)CC1
C1CCC(CCCC2CCCC(C3CCCCC3)C2)CC1
C1CCC(CCC2CC(CC3CCCCC3)CCC2C2CCC(CC3CCCC3)CC2)CC1
C1CCC(C2CCC(C3CCCCC3C3CCC4CCCC4C3)CC2)CC1
C1CCC(C2CCC(C3CCC(C4CCC(C5CCC5)CC4)CC3)C2)CC1
C1CCC(C2CCCC(C3CCCCC3C3CCC4C(CCCC4C4CCCC(C5CCC5)C4)C3)C2)CC1
C1CCC(CC2CCCC(C3CCC(C4CCCCC4)CC3)C2)CC1
C1CCC(C2CCC(CC3CCC(CC4CCC(CC5CC5)CC4)CC3)CC2)CC1
C1CCC(C2CCC(C3CCCC(CC4CC5CCCC(C6CCCC6)C5C4)C3)CC2)CC1
C1CCC(CCC2CCCC(C3CCCC(CC4CCCCC4)C3)C2)CC1
C1CCC(C2CCCCC2C2CCCCC2C2CCCC2)CC1
C1CCC(C2CC(CCC3CCC(CCC4CC5CCCCC5C4)CC3)CC3CCCC32)CC1
C1CCC(CC2CCC(C3CC4CCCCC4C3)CC2)CC1
C1CCC(CC2CC3CC(C4CCCCC4)CCC3C(C3CC3)C2)CC1
C1CCC(C2CCCC(CC3CCC(C4CCCC4)CC3)C2)CC1
C1CCC(CC2CCCC(C3CCCCC3)C2)CC1
C1CCC(C2CCCC(CC3CC(C4CCCC(CC5CCCC5)C4)C4CCCCC34)C2)CC1
C1CCC(CC2CCCC(C3CC(CC4CCCCC4)CC(C4CCCCC4)C3)C2)CC1
C1CCC(C2CCC(C3CCCC(C4CCCCC4)C3)CC2)CC1
C1CCC(CCCC2CCC(C3CCC(CC4CCCC(C5CCCCC5)C4)CC3)CC2)CC1
C1CCC(C2CCCC(C3CCC4CCCCC43)C2)CC1
C1CCC(CC2CCCC(C3CCCCC3)C2)CC1
C1CCC(CCC2CCC3C(CC4CCCCC4)CC(C4CCCC4)C3C2)CC1
C1CCC(C2CCC(C3CCCCC3)C(C3CCCC3)C2)CC1
C1CCC(CCC2CCC(C3CCCCC3)CC2)CC1
C1CCC(C2CCC(CCC3CCCCC3CC3CCC3)CC2)CC1
C1CCC(CCC2CCCCC2C2CCCCC2CC2CC2)CC1
C1CCC(C2CCCC(C3CCCCC3)C2)CC1
C1CCC(C2CCC(C3CCCCC3)C(C3CCCC3)C2)CC1
C1CCC(CC2CCC(C3CC(CC4CCCCC4)C4CCCCC43)CC2)CC1
C1CCC(CC2CCCC(CCC3CCCC3)C2)CC1
C1CCC(CC2CCCCC2C2CCCC(C3CCCCC3)C2)CC1
C1CCC(CC2CCC(C3CCCCC3)CC2C2CCCC2)CC1
C1CCC(CCC2CCCCC2)CC1
C1CCC(CCCCC2CCC(C3CCC(C4CCCCC4)CC3)CC2)CC1
C1CCC(CCCC2CCC(C3CCCCC3)CC2)CC1
C1CCC(CCC2CCCC(CC3CCCCC3)C2)CC1
C1CCC(C2CCC(C3CCCCC3)C(C3CCCCC3)C2)CC1
C1CCC(CC2CCC(CC3CC4CCC(C5CCCC(C6CC6)C5)C4C3)CC2)CC1
C1CCC(CC2CCC(CCC3CCCC(C4CCCCC4CC4CCCCC4)C3)CC2)CC1
C1CCC(CC2CCC(CC3CCCCC3)CC2)CC1
C1CCC(CC2CCCCC2C2CCCCC2)CC1
C1CCC(CC2CCCC(C3CCCCC3)C2)CC1
C1CCC(CC2CCC(C3CCCCC3C3CCCC3)CC2)CC1
C1CCC(C2CCCC(C3CCCC(C4CCCCC4)C3)C2)CC1
C1CCC(C2CCCCC2C2CCCCC2C2CCCCC2)CC1
C1CCC(CCC2CCCC(CC3CCCC(C4CCCC4)C3)C2)CC1
C1CCC(CCCCCC2CCC(C3CCC(C4CC4)CC3C3CC3)CC2)CC1
C1CCC(C2CCC(C3CCCC(CCCC4CCCC(C5CCCCC5)C4)C3)CC2)CC1
C1CCC(C2CCCC(C3CCCC(C4CCC(C5CCCCC5)CC4C4CCCC4)C3)C2)CC1
C1CCC(CCC2CCC(CC3CCC3)CC2)CC1
C1CCC(C2CC(C3CCC4CCCCC4C3)C3CC(C4CCC4)CCC23)CC1
C1CC(C2CC2)CC(C2CCCC(C3CCCC(C4CCC(C5CCC6CCCCC65)CC4)C3)C2)C1
C1CCC(CC2CCC3C(C4CCCCC4)CC(C4CCCCC4)C3C2)CC1
C1CCC(CC2CCCCC2)CC1
C1CCC(CC2CCC(CC3CCC(C4CCCC4)CC3)CC2)CC1
C1CCC(CC2CCC(CC3CCC(CCCCC4CC5CCCCC5C4)CC3)CC2)CC1
C1CCC(CCCC2CC(C3CCCCC3)CC(C3CCCC3)C2)CC1
C1CCC(CCC(CCC2CCCCC2CC2CCCC(C3CCCCC3)C2)CC2CCCCC2)CC1
C1CCC(C2CCC(C3CCCC(CCC4CCCC4)C3)CC2)CC1
C1CCC(C2CCC(CC3CCCC(C4CCCCC4)C3)CC2)CC1
C1CCC(CC2CCCCC2C2CCC(C3CCC4CCCCC43)C(CC3CCCCC3)C2)CC1
C1CCC(CCC2CC(C3CCCCC3)CC(C3CCCCC3)C2)CC1
C1CCC(C2CCCC(CCC3CC4CCCCC4C3)C2)CC1
C1CCC(CC2CCCC(C3CCC(C4CCCCC4)C3)C2)CC1
C1CCC(C2CCCC(C3CCCCC3C3CCCC3)C2)CC1
C1CCC(CCCC2CCCC(C3CCCCC3)C2)CC1
C1CCC(CCC2CCC(CCCCCC3CCC(C4CCCCC4)CC3)CC2)CC1
C1CCC(CC2CCC(CC3CCC(CCC4CC4)CC3)CC2)CC1
C1CCC(C2CCCCC2CCC2CCC(CC3CCC4CCCCC43)CC2)C1
C1CCC(C2CCCCC2C2CCCCC2C2CCCC2)CC1
C1CCC(C2CC(C3CCC4CCCCC43)CC3CCCCC32)CC1
C1CCC(CC2CCC(CCC3CCC(CC4CCCCC4)CC3C3CCCCC3)CC2)CC1
C1CCC(C2CCCC(C3CCC4CCCCC4C3)C2)C1
C1CCC(C2CCC(CCCC3CC(CC4CCC5CCCCC54)C4CCCCC34)CC2)C1
C1CCC(CCCCC2CCC(C3CCC(CC4CCCCC4C4CCCC4)CC3)CC2)CC1
C1CCC(CC2CCC(C3CCCCC3)C(C3CCCC3)C2)CC1
C1CCC(CCCCC2CCCCC2C2CCCCC2)CC1
C1CCC(CC2CCC(C3CCCCC3)CC2)CC1
C1CCC(CCCC2CCCC(CC3CCC4CCCC4C3)C2)CC1
C1CCC(C2CCCCC2C2CCC3C(CCC3C3CCCC3)C2)CC1
C1CCC(CCCCC2CCC(CCCCC3CCCCC3C3CCCCC3)CC2)CC1
C1CCC(CC2CC(C3CCCCC3)CCC2C2CCCC3CCCCC32)CC1
C1CCC(CCCC2CCCC(CC3CCCCC3CC3CCCCC3)C2)CC1
C1CCC(C2CCCCC2C2CCC(C3CCCC3)CC2)CC1
C1CCC(C2CC(CC3CC4CCCCC4C3)C3CCC(CC4CCCC4)CC32)CC1
C1CCC(CCC2CCC(CC3CCCCC3)CC2)CC1
C1CCC(C2CCCCC2C2CCC3CCCC3C2)CC1
C1CCC(C2CCC(CC3CCCC(C4CC(C5CCCCC5)CC(C5CCCCC5)C4)C3)CC2)CC1
C1CCC(CCC2CCCC(CC3CCCC3)C2)CC1
C1CCC(CCC2CCC(C3CCC(C4CCC(C5CCCCC5)C4)CC3)CC2)CC1
C1CCC(CC2CCCC(CC3CCC4CC(CC5CCCCC5)CCC43)C2)CC1
C1CCC(CC2CCCC(CC3CCCCC3)C2)CC1
C1CCC(CC2CC(C3CCCCC3)CC(C3CCCCC3)C2)CC1
C1CCC(CC2CCC(CC3CCCC3)CC2)CC1
C1CCC(CC2CCC(CCCC3CC(C4CCCC(C5CCCCC5)C4)C4CCCCC34)CC2)CC1
C1CCC(CC2CCC(C3CCCC(CC4CC5CCCCC5C4)C3)CC2)CC1
C1CCC(C2CCCCC2C2CCCCC2C2CC3CCCCC3C2)CC1
C1CCC(CCC2CCC(CC3CCCCC3)CC2)CC1
C1CCC(CC(CC2CCCCC2)C2CCCC(C3CCCCC3C3CCCCC3)C2)CC1
C1CCC(C2CCC(CCC3CC(CC4CCCC(C5CCCCC5)C4)C4CCCCC34)C2)CC1
C1CCC(CC(C2CCCC(CC3CC3)C2)C2CCCC(C3CCCCC3)C2)CC1
C1CCC(C2CCCC(C3CCC(CCC4CCC(CC5CC6CCCCC6C5)CC4)CC3)C2)CC1
C1CCC(CCC2CCC(C3CCCCC3)CC2)CC1
C1CCC(CC2CCCC(C3CCC(C4CCCC4)CC3C3CC3)C2)CC1
C1CCC(CCCC2CCCC(CCC3CCCCC3)C2)CC1
C1CCC(C2CCCCC2)CC1
C1CCC(CCC2CCC(C3CCCCC3)CC2)CC1
C1CCC(C2CCC(C3CCCC(C4CCCCC4)C3)CC2)CC1
C1CCC(CCC2CC(CC3CCCCC3)C3CCCCC23)CC1
C1CCC(CC2CCC(CC3CCCC(C4CCCCC4)C3)CC2)CC1
C1CCC(CCC2CCC(CC3CCCCC3)CC2)CC1
C1CCC(CC2CCC(C3CCCCC3)CC2)CC1
C1CC(C2CCCC(C3CCCC(CC4CC4)C3)C2)C1
C1CCC(CC2CCCC(C3CCCCC3)C2)CC1
C1CCC(C2CCCCC2C2CCCCC2)CC1
C1CCC(CCC2CCC3C(CC4CCCCC4)CC(CC4CCCCC4)C3C2)CC1
C1CCC(CCCC2CCCC(CC3CCCCC3)C2)CC1
C1CCC(CC2CCCC(C3CCCC(C4CCCCC4)C3)C2)CC1
C1CCC(CC2CC3CCC(C4CCCC(CC5CCCC5)C4)CC3C(C3CCCCC3)C2)CC1
C1CCC(C2CCC(C3CCCC(C4CCCCC4)C3)CC2)CC1
C1CCC(CCC2CCC3C(CCCC3C3CCCCC3)C2)CC1
C1CCC(CCCC2CCC(CC3CC4CCCCC4C3)CC2)CC1
C1CCC(CCC2CCCCC2C2CCC3CCCC3C2)CC1
C1CCC(C2CCC(C3CCC4CCC(C5CCCCC5)CC4C3)CC2)CC1
C1CCC(CCC2CCCC(CC3CCCCC3C3CCC(C4CCC5CCCCC5C4)CC3)C2)CC1
C1CCC(C2CCC(CC3CCC(C4CC(C5CCCC5)C5CCCCC45)CC3)CC2)C1
C1CCC(C2CCCC(C3CCCCC3)C2)CC1
C1CCC(C2CCCCC2CCC2CCCC3CCCCC32)C1
C1CCC(C2CCC(CCC3CCCC3)CC2)CC1
C1CCC2CC(C3CCCCC3C3CCC(C4CC5CCCCC5C4)CC3)CCC2C1
C(CCCC1CCCCC1C1CCCCC1)CCC1CCCCC1
C1CCC(CCC2CCC(C3CCC(CCC4CCCC(C5CCCCC5)C4)CC3)CC2)CC1
C1CCC(CC2CCC(CCC3CCCCC3C3CCCC3)CC2)CC1
C1CCC(C2CCC(CCCC3CCCC(C4CCCCC4)C3)CC2)CC1
C1CCC(CC2CCC(C3CCCCC3)CC2)CC1
C1CCC(C2CC(C3CCC(CC4CCCC4)CC3)C3CCCCC23)CC1
C1CCC(C2CCCC(C3CCCC(C4CCC(C5CCCC(CC6CCCC(C7CCCC7)C6)C5)CC4)C3)C2)CC1
C1CCC(CC2CCC(C3CCCCC3C3CCCC3)CC2)CC1
C1CCC(CC2CCC(CCCC3CCC4CCCCC43)CC2)CC1
C1CCC(CC2CCCCC2CC2CCC(C3CCCC(CC4CCCC4)C3)CC2)CC1
C1CCC(CCCC2CCC(CC3CCC(CC4CCCCC4)CC3)CC2)CC1
C1CCC(CCCCC2CCC(C3CCCCC3)CC2)CC1
C1CCC(CCC2CCCCC2C2CCC3CCC(CC4CCCCC4)CC3C2)CC1
C1CCC(CCCC2CCC(C3CCCCC3)CC2)CC1
C1CCC(CC2CCC(C3CCCC(C4CCCCC4)C3)CC2)CC1
C1CCC(CC2CCCC(C3CCC(C4CCCC4)CC3)C2)CC1
C1CCC(C2CCCC(C3CCCCC3)C2)CC1
C1CCC(C2CCCC(C3CCC(CC4CC5CCCCC5C4)CC3)C2)CC1
C1CCC(CC2CCCCC2C2CCC(C3CCCC3)CC2)CC1
C1CCC(C2CCCC(C3CC3)C2)CC1
C1CCC(CC2CCCCC2CCCC2CCCC(C3CC4CCCCC4C3)C2)CC1
C1CCC(CCCC2CCCC(C3CCCC(CC4CCCCC4)C3)C2)CC1
C1CCC(CCCCC2CCC(C3CCC(C4CCC5CCCCC54)CC3)CC2)CC1
C1CCC(CC2CCCCC2CCC2CCCCC2C2CCCCC2)CC1
C1CCC(CCCC2CCC(CC3CCC(C4CCCCC4)CC3)CC2)CC1
C1CCC(C2CCC(C3CCC4CCCC4C3)CC2)CC1
C1CCC(CCC2CCCC(C3CCC(C4CCCC(CC5CCC6CCCC65)C4)CC3)C2)C1
C1CCC(CC2CCC(C3CCC(CC4CCC(C5CCCC5)CC4)CC3)CC2)CC1
C1CCC(CC2CCCC(CCC3CCC4CCCC4C3)C2)C1
C1CCC(C2CCC(CCC3CCC4CCCCC4C3)CC2)CC1
C1CCC(CCCCC2CCC(C3CCC(C4CC4)CC3)CC2)CC1
C1CCC(CC2CCC(CC3CCC(C4CCCCC4)CC3)CC2)CC1
C1CCC(CC2CCCC(CC3CCCCC3C3CCCCC3)C2)CC1
C1CCC(CCCC2CCC(CC3CCC(CC4CCCCC4)CC3)CC2)CC1
C1CCC(CC2CCCCC2C2CCC3CCCCC3C2)CC1
C1CCC(CCCCC2CCC(CC3CCCCC3)CC2)CC1
C1CCC(CCC2CCC(CC3CCCCC3)CC2)CC1
C1CCC(CCC2CCC(CC3CCCCC3)CC2)CC1
C1CCC(CCC2CCCC(CCC3CCCCC3)C2)CC1
C1CCC(CC2CCC(CCC3CCCC(CC4CCCCC4)C3)CC2)CC1
C1CCC(CCC2CC(C3CCCCC3)CCC2CC2CCC(C3CCCC(C4CCCCC4)C3)CC2)CC1
C1CCC(CC2CCCC(C3CCC4CCCC4C3)C2)CC1
C1CCC(C2CCC(CCC3CCCCC3C3CCCC3)CC2)CC1
C1CCC(CC2CCCC(CCCC3CCCC(C4CCCCC4)C3)C2)CC1
C1CCC(CCC2CCC(CCC3CCCC(C4CC4)C3)CC2)CC1
C1CCC(CCC2CCC(C3CCC4CCCCC43)CC2)CC1
C(CCCC1CCCCC1CC1CCCCC1)CCC1CCCCC1
C1CCC(C2CC(C3CCC4CCCCC43)CC3CCCCC32)CC1
C1CCC(C2CCCC(C3CCCC(C4CCCC(C5CCCC5)C4)C3)C2)CC1
C1CCC(C2CCC(C3CCCCC3C3CCCCC3)CC2)CC1
C1CCC(CC2CCC(C3CCCC(CC4CC4)C3)CC2)CC1
C1CCC(CCC2CCCCC2CCCC2CCC(C3CCCCC3)C(C3CCC3)C2)CC1
C1CCC(CCC2CCCCC2C2CCC3CCCCC3C2)CC1
C1CCC(CC2CCC(CCCC3CCC(C4CCCCC4)CC3)CC2)CC1
C1CCC(CC2CCC(CC3CCC(C4CCCCC4)CC3)CC2)CC1
C1CCC(CC2CCC(C3CCCCC3)CC2)CC1
C1CCC(CCCC2CCCC(CCC3CCC(C4CCC(C5CCCCC5)CC4)CC3)C2)CC1
C1CCC(CC2CCCC(C3CCCC(C4CCCCC4)C3)C2)CC1
C1CCC(C2CCCC(C3CCCC(C4CCC5CCCC5C4)C3)C2)CC1
C1CCC(CCC2CCCC(CC3CCC(CC4CCCCC4)CC3)C2)CC1
C1CCC(CC2CCCCC2C2CCCCC2)CC1
C1CCC(CCC2CCC(C3CC(CC4CCCCC4)C4CCCCC43)CC2)CC1
C1CCC(C2CCC(C3CC(C4CCCCC4)C3)CC2)CC1
C1CCC(CC2CCC(CC3CCCCC3C3CCCCC3)CC2)CC1
C1CCC(CCC2CCC(CC3CCCCC3C3CCCCC3)CC2)CC1
C1CCC(C2CCC(CC3CCC(C4CCCCC4C4CCCCC4C4CCC4)CC3)C(C3CCCC3)C2)CC1
C1CCC(CCC2CCCCC2CC2CCC(CC3CCCCC3)CC2)CC1
C1CCC(C2CCCC3CC(C4CCCC(C5CC6CCCCC6C5)C4)CCC32)CC1
C1CCC(CC2CCCC(CCC3CCCC4CC(C5CCCCC5)CCC34)C2)CC1
C1CCC(CCCC2CCC(CCCCC3CCC(CC4CCCCC4)CC3)CC2)CC1
C1CCC(C2CCCC(CC3CCCCC3C3CCCC3)C2)CC1
C1CCC(CC2CCCC(C(C3CCCC3)C3CCCCC3C3CCCC3)C2)CC1
C1CCC(CCC2CCC(C3CCC3)CC2)CC1
C1CCC(CC2CCCC(C3CCC(CCC4CCC4)CC3)C2)CC1
C1CCC(CC2CCC(CC3CCCCC3)C(C3CCCCC3)C2)CC1
C1CCC(C2CCC(CC3CC(C4CCCCC4)C4CCCCC34)CC2)CC1
C1CCC(CC2CCC(CC3CCC(C4CCCCC4)CC3)CC2)CC1
C1CCC(CC2CCCC(C3CCCCC3C3CCCCC3)C2)CC1
C1CCC(C2CCCCC2)CC1
C1CCC(CCC2CCC(C3CCCC(CCC4CC5CCCCC5C4)C3)CC2)CC1
C1CCC(C2CCCC(C3CCCC(C4CC5CCCCC5C4)C3)C2)CC1
C1CCC2CC(CC3CCC(CCC4CCCCC4C4CCCC4)CC3)CC2C1
C1CCC(CCCC2CCC(C3CCCC(CC4CCC(C5CCCCC5)C4)C3)CC2)CC1
C1CCC(CC2CCCC(C3CCC(CC4CCCCC4)CC3C3CCCC3)C2)CC1
C1CCC(C2CCC(CC3CCC(C4CCCC4)CC3)CC2)CC1
C1CCC(CCC2CCCC(CCC3CCCCC3C3CCCCC3)C2)CC1
C1CCC(C2CCCC(CC3CC4CCCC(C5CCC(CCCC6CCCC6)C5)C4C3)C2)CC1
C1CCC(C2CCCC(C3CC(CCC4CCC5CCCC5C4)CC(C4CCC4)C3)C2)CC1
C1CCC(CC(C2CCCCC2)C2CCCC(C3CCCCC3)C2)CC1
C1CCC(C2CCC(CC3CCC(CCC4CCCC4)CC3)CC2)CC1
C1CCC(C2CCC(CCC3CCC(C4CCCCC4)CC3)CC2)CC1
C1CCC(CC2CCCCC2C2CCCC(CCCCCC3CCC4CCCC4C3)C2)CC1
C1CCC(C2CCCC(CC3CCCC(C4CC4)C3)C2)CC1
C1CCC(CC2CCC(C3CC(CC4CC4)C4CCCCC43)C(C3CCC4CCCC4C3)C2)C1
C1CCC(CCCCC2CCCCC2C2CCC(C3CCCCC3)CC2)CC1
C1CCC(CC2CCCCC2C2CCCC(CC3CCCC(C4CCCCC4)C3)C2)CC1
C1CCC(CC2CCCC(CCC3CCCCC3CC3CCCCC3)C2)CC1
C1CCC(C2CCCCC2C2CCC3CCCCC32)CC1
C1CCC(CCCC2CCCC(CCCC3CCC(C4CCCC(C5CCCCC5)C4)CC3)C2)CC1
C1CC(CCC2CCC3CCCCC32)CC(CC2CC3CCCCC3C2)C1
C1CCC(C2CCCC(CCC3CC(C4CCCCC4)CC(C4CCC4)C3)C2)CC1
C1CCC(CCCC2CCCC(C3CCC3)C2)CC1
C1CCC(CC2CCC(C3CCCC(C4CC4)C3)CC2)CC1
C1CCC(C2CCCCC2C2CCC(CCC3CCC(C4CCCC4)C3)CC2)CC1
C1CCC(CC2CCCC(C3CCCCC3)C2)CC1
C1CCC(CCCC2CCC(CCC3CCCCC3)CC2)CC1
C1CCC(CC2CCC(CCC3CCC(C4CCCCC4)C3)CC2)CC1
C1CCC(CCC2CCCC3CCCCC32)CC1
C1CCC(CCC2CCCC(CC3CCCCC3)C2)CC1
C1CCC(C2CCCCC2C2CCCCC2)CC1
C1CCC(C2CCCCC2CCC2CCC(C3CC4CCCCC4C3)CC2)CC1
C1CCC(C2CCCC(C3CCCC(C4CCCC4)C3)C2)CC1
C1CCC(C2CCC(CC3CCC(C4CCCCC4C4CCCC4)CC3)CC2)CC1
C1CCC(C2CCC(CC3CC4CCCCC4C3)CC2)CC1
C1CCC(C2CCC(C3C(C4CCCCC4)CC(C4CCCCC4)C4CCCC43)CC2)CC1
C1CCC(C2CCC(CCCC3CCC(C4CCCCC4)CC3)CC2)CC1
C1CCC(CCCC2CC(CCC3CCCCC3)CCC2C2CCCCC2)CC1
C1CCC(C2CCCC(C3CCC(CC4CCCC(C5CCC5)C4)CC3)C2)CC1
C1CCC(CCC2CCCCC2C2CCCCC2)CC1
C1CCC(C2CCCC(CC3CCCCC3CC3CCCCC3C3CCCC3)C2)CC1
C1CCC(CC2CCCCC2C2CCCCC2)CC1
C1CCC(C2CCCC(C3CCC(C4CCCCC4)CC3C3CCCC3)C2)CC1
C1CCC(C2CCCC(C3CCCC4CC(C5CCCCC5)CCC43)C2)CC1
C1CCC(CC2CCCC(C3CCCCC3)C2)CC1
C1CCC(CC2CCCCC2)CC1
C1CCC(CCCC2CCC(CC3CCCCC3)CC2)CC1
C1CCC(C2CCCC(CCC3CCC(CC4CCCCC4C4CCCCC4)CC3)C2)CC1
C1CCC(C2CCC(C3CCCCC3)CC2)CC1
C1CCC(CC2CCCC(C3CCCCC3)C2)CC1
C1CCC(CC2CCCCC2C2CCCC(C3CCCCC3)C2)CC1
C1CCC(C2CCCC(C3CCC(CCC4CCC(CC5CCCCC5CC5CC6CCCCC6C5)CC4)C3)C2)C1
C1CCC(CCC2CCC(CC3CCCCC3)CC2)CC1
C1CCC(CC2CCCCC2CCCC(CC2CCCCC2)C2CCCCC2)CC1
C1CCC(C2CCC(C3CCC(C4CCCCC4)CC3)CC2)CC1
C1CCC(C2CCCC(C3CCCCC3C3CCCCC3)C2)CC1
C1CCC(CC2CCCCC2C2CC3CCC(C4CCCCC4)CC3C(C3CCCCC3)C2)CC1
C1CCC(CC2CCC(CCCC3CCCCC3CC3CC3)CC2)CC1
C1CCC(CC2CCCC(CC3CCC4CCCCC43)C2)CC1
C1CC(C2CCCC(C3CCCCC3C3CCC4C(CCC4C4CC4)C3)C2)C1
C1CCC(C2CCC(C3CCC4CCCCC4C3)CC2)CC1
C1CCC(CC2CCC(C3CC(C4CCCC(C5CCCC(CC6CCCCC6)C5)C4)C4CCCCC34)CC2)CC1
C1CCC(CCC2CCC(CC3CCCCC3)CC2)CC1
C1CCC(C2CCCC(C3CCC(CC4CCCC(C5CCC(CCCC6CCC6)CC5)C4)CC3)C2)CC1
C1CCC(CC2CCCC(C3CCCCC3)C2)CC1
C(CCCC1CCCCC1)CCC1CCCCC1
C1CCC(C2CCCC(C3CCCCC3)C2)CC1
C1CCC(C2CCC(C3CCCC(C4CCCC5CCCCC54)C3)CC2)CC1
C1CCC(CCC2CCC(C3CCC4C(CCC4C4CCCCC4)C3)CC2)CC1
C1CCC(CCC2CCC(C3CCCCC3)CC2CCC2CCCCC2)CC1
C1CCC(C2CCCC(C3CCCCC3C3CCC(C4CCC5CCCCC54)C(C4CCCC4)C3)C2)C1
C1CCC(CC2CCCCC2C2CCCCC2)CC1
C1CCC(C2CCCCC2)CC1
C1CCC(C2CCCCC2)CC1
C1CCC(CCC2CCC(CC3CCC(C4CCCCC4)CC3)CC2)CC1
C1CCC(CC2CCC(C3CCCC(CC4CCCC4)C3)CC2)CC1
C1CCC(CCC2CCCC(CC3CCCCC3)C2)CC1
C1CCC(CC2CCCC(CCCC3CCCC4CC(C5CC6CCCCC6C5)CCC34)C2)CC1
C1CCC(CCC2CCC(CC3CCC(C4CCCC4)CC3)CC2)CC1
C1CCC(CC2CCC(C3CCCCC3)CC2)CC1
C1CCC(CC2CCC(CC3CC(C4CCCCC4)C4CCCCC34)CC2)CC1
C1CCC(CC2CCCCC2C2CCCCC2)CC1
C1CC2CCC(C3CCC(CC4CCCC5CCCCC54)CC3)CC2C1
C1CCC(CC2CCC(CCC3CCC(CC4CCCCC4)CC3C3CCCCC3)CC2)CC1
C1CCC(C2CCCC(C3CCCC4CC(C5CCCCC5)CCC43)C2)CC1
C1CCC(C2CCC(CC3CCC(C4CCCCC4)CC3)CC2)CC1
C1CCC(CC2CCCC(C3CCC(C4CCCCC4)CC3)C2)CC1
C1CCC(CCC2CCCC(C3CCCCC3)C2)CC1
C1CCC(CCCC2CCCC(CC3CCCCC3)C2)CC1
C1CCC(CC2CCCCC2)CC1
C1CCC(C2CCC(CCC3CCCC(CC4CCC5CCCCC5C4)C3)CC2)CC1
C1CCC(CC2CCC(C3CCCCC3)CC2)CC1
C1CCC(C2CCCCC2C2CCCCC2)CC1
C1CCC(C2CC(C3CCCCC3)CC(C3CCC3)C2)CC1
C1CCC(CC2CC3CCC(C4CCCCC4)CC3C(C3CCCCC3)C2)CC1
C1CCC(C2CCC3C(CCC4CCCC(C5CCCC5)C4)CCCC3C2)CC1
C1CCC(C2CCCC(CCC3CCC(C4CC4)CC3)C2)CC1
C1CCC(CC2CCCC(C(C3CCCCC3)C3CC3)C2)CC1
C1CCC(C2CCC(C3CCCCC3C3CCCCC3)CC2)CC1
C1CCC(CCCC2CCCC(C3CCC4CCCC4C3)C2)CC1
C1CCC(CC2CCCC(C3CCC(C4CCCCC4)CC3)C2)CC1
C1CCC(CCCCCC2CCCC(CCCCC3CCC4CCCCC4C3)C2)CC1
C1CCC(CC2CCC3C(CC4CCCCC4)CC(C4CCCCC4)C3C2)CC1
C1CCC(CC2CCC(CC3CCC(C4CCCC4)CC3)CC2)CC1
C1CCC(C2CCC(C3CCCCC3)C(C3CCCCC3)C2)CC1
C1CCC(C2CC(C3CCC4CCCCC43)CC3CCCCC32)CC1
C1CCC(C2CCC(C3CCCCC3C3CCCCC3)CC2)CC1
C1CCC(CCCC2CCCC(C3CCCCC3)C2)CC1
C1CCC(CC2CCCC(C3CCCCC3)C2)CC1
C1CCC(CCCCC2CCC(C3CCCC3)CC2)CC1
C1CCC(C2CCCC(CC3CCCC4CC(C5CCCCC5C5CCCCC5)CCC34)C2)CC1
C1CCC(C2CCC(C3CCC(C4CCC(CC5CCCC5)CC4)CC3)CC2)CC1
C1CCC(CCC2CC(C3CCC3)CC(C3CCCC(CC4CCCCC4)C3)C2)CC1
C1CCC(CC2CC(C3CCCCC3)CC3CCCCC32)CC1
C1CCC(CCCC2CCCCC2C2CCCC(C3CCCCC3)C2)CC1
C1CCC(CC2CCC(C3CCCC(CC4CCC(C5CCCCC5)CC4)C3)CC2)CC1
C1CCC(CC2CCC3C(C2)C(CC2CCCCC2)CC3C2CCCCC2)CC1
C1CCC(CC2CCC(CCC3CCC(CC4CCC(C5CCCCC5)CC4)CC3)CC2)CC1
C1CCC(C2CC(C3CCCCC3)C(C3CCCCC3)C(C3CCCC3)C2)CC1
C1CCC(CC2CCC3CC(C4CCCCC4)CCC3C2)CC1
C1CCC(CCC2CCCC(C3CCCCC3)C2)CC1
C1CCC(CCC2CC3CCCCC3C2)CC1
C1CCC(CCC2CCC(CC3CCCC(C4CCCC4)C3)C3CCCCC23)CC1
C1CCC(CC2CCCC(C3CCCCC3)C2)CC1
C1CCC(C2CCCC(C3CCCCC3C3CCCCC3)C2)CC1
C1CCC(CC2CCC(CC3CCCC(C4CCCCC4)C3)CC2)CC1
C1CCC(C2CCCC(C3CC(CC(C4CCCCC4)C4CCCCC4)CCC3C3CCCC3)C2)CC1
C1CCC(CC2CCCCC2CCC2CCCC(CC3CC4CCCCC4C3)C2)CC1
C1CCC(C2CCCC(CC3CC(C4CCCCC4)C4CCCCC34)C2)CC1
C1CCC(CC2CCCC(CC(C3CCCCC3)C3CCCC(C4CC4)C3)C2)CC1
C1CCC(CC2CCC(CC3CC4CCCCC4C3)CC2)CC1
C1CCC(C2CC(CCCC3CC4CCCCC4C3)CC3CCCCC32)CC1
C1CCC(C2CCCC(CC3CCCC(C4CCCCC4)C3)C2)CC1
C(CCCCC1CCCCC1)CCCC1CCCCC1
C1CCC(C2CC(C3CCC4CCCCC43)CC3CCC(CC4CC(CC5CCCC5)C5CCCCC45)CC32)CC1
C1CCC(CCC2CCCC(C3CCCC(C4CCC5CCCC5C4)C3)C2)CC1
C1CCC(CC2CCC(C3CCCC(CC4CCCCC4)C3)CC2)CC1
C1CCC(CC2CCCCC2C2CCC(CC3CCC(C4CCCCC4)CC3)CC2)CC1
C1CCC(CCC2CCC(CC3CCCCC3)CC2)CC1
C1CCC(C2CCC(C3CCCCC3C3CCCC3)CC2)CC1
C1CCC(CCC2CCC(C3CCCCC3)CC2)CC1
C1CCC(CC2CCC(C3CCC(C4CCCCC4)CC3)CC2)CC1
C1CCC(C2CCCC(C3CCCCC3C3CCCCC3)C2)CC1
C1CCC(CC2CCC(C3CCCCC3C3CCC(C4CCCC4)CC3)CC2)CC1
C1CCC2CC(C3CC(C4CCCC(CC5CCC6CCCCC65)C4)C4CCCCC34)CC2C1
C1CCC(CC2CC(C3CCCCC3)C3CCCCC23)CC1
C1CCC(CC2CCC(CCC3CCCCC3C3CCCCC3)CC2)CC1
C1CCC(C2CCC(C3CCC4C(CCC4C4CCCC4)C3)CC2)C1
C1CCC(CCCC2CCC3CCC(C4CCCCC4)CC3C2)CC1
C1CCC(C2CCCC(C3CCCC3)C2)CC1
C1CCC(CC2CCCCC2C2CCC(C3CCCCC3)CC2)CC1
C1CCC(CC2CCC(C3CCCCC3C3CCCC3)CC2)CC1
C1CCC(CC2CCCC(C3CCCCC3CC3CCCC4CCCCC43)C2)CC1
C1CCC(CCCCC2CCC(C3CCCCC3)C(CC3CCCCC3)C2)CC1
C1CCC(CCCC2CCC(C3CC4CCCCC4C3)CC2)CC1
C1CCC(C2CCC(C3CCCCC3)CC2)CC1
C1CCC(CC2CCCCC2C2CCCC(C3CC3)C2)CC1
C1CCC(CC2CCCCC2C2CCCCC2)CC1
C1CC(CC2CCCC3CCCCC32)CC(C2CCC(CC3CC4CCCCC4C3)CC2)C1
C1CCC(CCC2CCC(C3CCC(CC4CCCCC4)CC3)CC2)CC1
C1CCC(CC2CCC(CC3CCC(CC4CCC(C5CCCCC5)CC4)CC3)CC2)CC1
C1CCC(CC2CCC(CC3CCC(CC4CCCC(C5CCCC(C6CCCC6)C5)C4)CC3)CC2)CC1
C1CCC(CC2CCCC(CC3CCCC(CC4CCC(C5CCCCC5)CC4)C3)C2)CC1
C1CCC(CCC2CCCC(C3CC(C4CCCCC4)CCC3C3CC3)C2)CC1
C1CCC(CC2CCCCC2)CC1
C1CCC(CC2CCC(CC3CC4CCC(C5CCCCC5CC5CCCCC5)C4C3)CC2)CC1
C1CCC(C2CCC(C3CCC(C4CCCC(C5CCCC5)C4)CC3)CC2)CC1
C1CCC(CC2CCC(CC3CCC(C4CCC5CCCCC5C4)C3)CC2)C1
C1CCC(C2CCC(CCC3CCC4CCCC4C3)CC2)CC1
C1CCC(CC2CC(CCC3CCCC(C4CCCCC4)C3)C(C3CCCC3)C2)CC1
C1CCC(CC2CCCC(CC3CCCCC3)C2)CC1
C1CCC(CC2CCC(CC3CCCCC3)C(C3CCC(C4CCC4)CC3)C2)CC1
C1CCC(CCC2CCCC(C3CCCCC3CC3CCCCC3)C2)CC1
C1CCC(C2CC(CC3CCCCC3C3CC3)C3CC(CCC4CCC5CCCCC5C4)CCC32)CC1
C1CCC(CCCC2CCC(C3CCCCC3)CC2)CC1
C1CCC(C2CCC(CCCCC3CCC(CC4CC4)CC3)CC2)CC1
C1CCC(CC2CCCCC2CCC2CCCCC2C2CCCCC2)CC1
C1CCC(C2CCCC(C3CCCC3)C2)CC1
C1CCC(CC2CCC(CC3CCCCC3)CC2)CC1
C1CCC(CC2CCCC(C3CCC(C4CCCCC4)CC3)C2)CC1
C1CCC(CC2CCC(CCC3CCC(C4CCCCC4)CC3)CC2)CC1
C1CCC(CC(C2CCCCC2)C2CCC(C3CC3)CC2)CC1
C1CCC(CCCC2CCC(CC3CCCCC3)CC2)CC1
C1CCC(C2CCCC(C3CCCC(C4CCCCC4)C3)C2)CC1
C1CCC(C2CCCC(C3CCCCC3)C2)CC1
C1CCC(CCC2CC(C3CCC4CCCCC43)CC3CCC(CCCCC4CCC5CCCC5C4)CC23)C1
C1CCC(C2CCCC(C3CCC(C4CCCC(C5CCCC5)C4)CC3)C2)C1
C1CCC(CC2CCC(C3CCCCC3)C(C3CCCCC3)C2)CC1
C1CCC(C2CCCC(C3CC(C4CCCCC4)CC(C4CCC4)C3)C2)CC1
C1CCC(C2CCC(CCCCC3CCC(C4CCCCC4)CC3)CC2)CC1
C1CCC(CC2CC(C3CCC(C4CC(C5CCCCC5)C4)CC3)C3CCCCC23)CC1
C1CCC(CCC(CC2CCCCC2)C2CCC(C3CCCCC3)CC2)CC1
C1CCC(CC2CCCCC2C2CCC(CCC3CCC(C4CCCCC4)CC3)CC2)CC1
C1CCC(C2CCC3C(C2)C(CCC2CCCCC2C2CCCC2)CC3C2CCCC2)CC1
C1CCC(CCC2CCC(CC3CCCCC3)CC2CCC2CCC(C3CCCCC3)CC2)CC1
C1CCC(C2CCCC(C3CCCCC3)C2)CC1
C1CCC(CC2CCC3CCC(C4CCCCC4CC4CCCCC4)CC3C2)CC1
C1CCC(CCC2CCCC(CCCC3CCC(CC4CCCC4)CC3)C2)CC1
C1CCC(C2CCC(CCCC3CCC(CCC4CCCC(C5CCCCC5)C4)CC3)CC2)CC1
C1CCC(CCCC2CCCCC2)CC1
C1CCC(CCC2CCC(C3CCC4CCCC4C3)CC2CCC2CCCCC2)CC1
C1CCC(C2CCCCC2C2CCC(C3CCCCC3)C2C2CCCC2)CC1
C1CCC(C2CCCC(C3CCCCC3C3CCC4CCCC4C3)C2)CC1
C1CCC(CC2CCCC(CC3CCCCC3C3CCCCC3C3CCC4CCCC4C3)C2)CC1
C1CCC(CCC2CCCC(C3CCC(CC4CCCCC4)CC3)C2)CC1
C1CCC(C2CCCC(CC3CC(CCC4CC5CCCCC5C4)C4CCCCC34)C2)CC1
C1CCC(C2CCCC(CC3CCC4CCCC4C3)C2)CC1
C1CCC(C2CCC(CC3CCC4CCCCC43)CC2)CC1
C1CCC(CC2CC(C3CCC(CC4CC5CCCCC5C4)CC3)C3CCCCC23)CC1
C1CCC(C2CCCC(CCC3CCC(CC4CCCC4)CC3)C2)CC1
C1CCC(CC(CC2CC2)CC2CCC3C(CCC3C3CCCC3)C2)CC1
C1CCC(C2CCCC(C3CCC4CCCCC43)C2)CC1
C1CCC(C2CCC(C3CCCC(C4CCCCC4)C3)CC2)CC1
C1CCC(CCCC2CCCCC2C2CCCC(CC3CCCCC3)C2)CC1
C1CCC(CC2CCCC(C3CCCCC3)C2)CC1
C1CCC(C2CCC(CCC3CCCC3)C(C3CCC4C(CCC4C4CCCC4)C3)C2)CC1
C1CCC(CCC2CCC(C3CCCCC3C3CCCCC3)CC2)CC1
C1CCC(CC2CCCCC2C2CCCC(C3CCC(C4CCCC4)CC3)C2)CC1
C1CCC(CCCCC2CCC(C3CCCCC3)C(CC3CCCC(C4CCCCC4)C3)C2)CC1
C1CCC(CC2CCC(C3CCCC3)CC2)CC1
C1CCC(CCC2CCCC(CC3CCC(C4CCCCC4)CC3)C2)CC1
C1CCC(CC2CC3CCC(C4CCCCC4)CC3C(C3CCCCC3)C2)CC1
C1CCC(CC2CCCCC2)CC1
C1CCC(CCCC2CCC(CCCCCC3CCCC(C4CCCCC4)C3)CC2)CC1
C1CCC(CCC2CCCC(CC3CCCCC3)C2)CC1
C1CCC(C2CCC(CCC3CCCC(C4CCC(C5CCCCC5)CC4)C3)CC2)CC1
C1CCC(C2CCCC(C3CCCCC3)C2)CC1
C1CCC(CC2CCC(C3CCCCC3C3CCCCC3)CC2)CC1
C1CCC(CC2CCC(CC3CC3)CC2)CC1
C1CCC(CC2CCC(C3CCC(C4CCCCC4)CC3)CC2)CC1
C1CCC(C2CCC(CC3CCCCC3C3CCCCC3)CC2)CC1
C1CCC(CCCC2CCC(CC3CCCCC3)CC2C2CCCCC2)CC1
C1CCC(CC2CC(C3CCCCC3C3CCCC3)C3CCCCC23)CC1
C1CCC(CC2CCCC(CC3CCCCC3)C2)CC1
C1CCC(CC2CCC(CC3CCCCC3CC3CC4CCCCC4C3)CC2)CC1
C1CCC(CC2CC(CC3CC3)C3CCC(C4CCCCC4)CC23)CC1
C1CCC(C2CCCCC2)CC1
C1CCC(CC2CCCC(CCC3CCCC(C4CCCCC4)C3)C2)CC1
C1CCC(CCCC2CCCCC2)CC1
C1CCC(CC2CCC(C3CCC(CCC4CCC(C5CCCCC5)CC4)CC3)CC2)CC1
C1CCC(C2CCCCC2)CC1
C1CCC(CC2CCC(CC3CCCCC3)CC2)CC1
C1CCC(CCCC2CCC(CC3CCC(CCC4CCCCC4)CC3)CC2)CC1
C1CCC(C2CCC3CCCC(C4CCCCC4)C3C2)CC1
C1CCC(CCC2CCCC(C3CCCC(CCC4CC5CCCCC5C4)C3)C2)CC1
C1CCC(CCCC2CC3CCC(C4CCCCC4CC4CCCCC4)CC3C(C3CCCCC3)C2)CC1
C1CCC(CC2CCC(CCC3CCC(CC4CC5CCCCC5C4)CC3)CC2)CC1
C1CCC(CC2CCC(C3CCC(C4CC4)CC3)CC2)CC1
C1CCC(CC2CCC(C3CCCCC3)CC2)CC1
C1CCC(CCC2CCC(C3CCC(C4CCC(CC5CC5)CC4)CC3)CC2)CC1
C1CCC(CC2CCCC(CCCC3CC4CCC(CC5CCCCC5)CC4C(C4CCCCC4)C3)C2)CC1
C1CCC(CC2CCCC(C3CCCCC3)C2)CC1
C1CCC(C2CCCC(CC3CCC(C4CCCC5CCCCC54)C(C4CCCC4)C3)C2)CC1
C1CCC(CCCCC2CCC(C3CCCCC3)CC2CCC2CCCC2)CC1
C1CCC(CCCCC2CCC(C3CCCC(C4CC4)C3)CC2)CC1
C1CCC(CC2CC(C3CCCC(C4CCCCC4)C3)C3CCCCC23)CC1
C1CCC(CCC2CCCC(C3CCCCC3)C2)CC1
C1CCC(C2CCCCC2)CC1
C1CCC(CC2CCCC(C3CCC(C4CCCC5CCCCC54)CC3)C2)CC1
C1CCC(CCCC2CCC(C3CCCCC3C3CCCC3)C(CC3CCCC3)C2)CC1
C1CCC(C2CCC(CC3CCC4CC(C5CCC6CCCCC65)CCC4C3)CC2)C1
C1CCC(CC2CCC(CC3CCC(C4CCCCC4)CC3)CC2)CC1
C1CCC(C2CCC(C3CC(C4CCCCC4)C4CCCCC34)CC2)CC1
C1CCC(CC2CCC(C3CCCC(C4CCCCC4C4CCCC4)C3)CC2)CC1
C1CCC(C2CCC(CC3CCC(C4CCCCC4CCC4CCC5CCCC5C4)CC3)CC2)CC1
C1CCC(C2CCC(C3CCCCC3C3CCCCC3)CC2)CC1
C1CCC(CCC2CCCC(CCC3CCCCC3C3CCCCC3)C2)CC1
C1CCC(CC2CCCC(CC3CCC(CC4CCCC(C5CCCCC5)C4)CC3)C2)CC1
C1CCC(CCC2CCCC(C3CCCC(CC4CC5CCCCC5C4)C3)C2)CC1
C1CCC(CC2CC(CCC3CCC4CCCCC43)CCC2C2CCCC2)CC1
C1CCC(C2CC(C3CCCCC3)CC(C3CCCCC3)C2)CC1
C1CCC(C2CCC(C3CCCCC3C3CCC4C(CCC4C4CCCC(CC5CCCC5)C4)C3)CC2)CC1
C1CCC(CC2CCC(CC3CCCCC3C3CCCCC3)CC2)CC1
C1CCC(C2CCCC(CCCC3CCC(C4CCCC4)CC3)C2)CC1
C1CCC(CCCCC2CCCC(CC3CCC4C(CC5CCCCC5)CC(C5CCCCC5)C4C3)C2)CC1
C1CCC(CCC2CCC(CC3CCCCC3CC3CCCCC3)CC2)CC1
C1CCC(CC2CCCC(CC3CC(C4CCCC4)CCC3C3CCC4CCCC4C3)C2)CC1
C1CCC(CC2CC(C3CCCCC3)C3CCCCC23)CC1
C1CCC(CC2CCC(C3CCCCC3)CC2)CC1
C1CCC(CC2CCC(C3CCCCC3)C(C3CCCC3)C2)CC1
C1CCC(CC2CCCC(C3CCCCC3)C2)CC1
C1CCC(CC2CCCC(CC3CCCCC3)C2)CC1
C1CCC(CC2CC(C3CCCCC3)CCC2C2CCCCC2)CC1
C1CCC(C2CCCCC2C2CCCCC2C2CCCC2)CC1
C1CCC(CC2CCC3C(C4CCCCC4)CC(C4CCCCC4)C3C2)CC1
C(CCCC1CCCCC1)CCCC1CCCCC1
C1CCC(CC2CCC(CC3CCC4CCCCC4C3)CC2)CC1
C1CCC(CC2CCC(CC3CCC(CC4CCC5CCCCC5C4)CC3)CC2)CC1
C1CCC(CCC2CCCC(C3CCCCC3)C2)CC1
C1CCC(CC2CCC3CCCC3C2)CC1
C1CCC(CCCC2CCC(CC3CCCCC3)CC2)CC1
C1CCC(CC2CCC(CC3CCCCC3)C(CC3CC4CCCCC4C3)C2)CC1
C1CCC(C2CCC(CC3CCC(C4CCCCC4C4CCCC4)CC3)CC2)CC1
C1CCC(CCC2CCC(C3CCCCC3)CC2)CC1
C1CCC(CC2CCC(CC3CCCC(C4CCC(CC5CCCCC5)CC4)C3)CC2)CC1
C1CCC(C2CCCC(C3CCCC(CCC4CCC5CCCCC54)C3)C2)CC1
C1CCC(C2CCCCC2CCC2CCCC(CC3CC4CCCCC4C3)C2)CC1
C1CCC(C2CCCC(C3CCCC3CCCC3CCCCC3C3CCCCC3)C2)CC1
C1CCC(CCCC2CC(CC3CCCCC3)CC(C3CCCCC3)C2)CC1
C1CCC(CCCC2CC(CC3CCCCC3)C3CCCCC23)CC1
C1CCC(CC2CCC(CCCC3CCC(CCCC4CCC5CCCC5C4)CC3)CC2)CC1
C1CCC(CCCCC2CCCC(C3CCCCC3)C2)CC1
C1CCC(C2CCC(C3CCCCC3C3CCCC(C4CCCCC4)C3)CC2)CC1
C1CCC(CC2CCC(C3CCC(CC4CCCC(CC5CCCCC5)C4)CC3)CC2)CC1
C1CCC(CC2CCCCC2C2CCC3CCC(C4CCCCC4C4CCCC4)CC32)CC1
C1CCC(CC2CCCC2C2CCC(C3CCCCC3C3CCC4CCCC4C3)CC2)CC1
C1CCC(C2CCC(C3CCC4CCCC4C3)C(C3CCCC(CC4CC5CCCCC5C4)C3)C2)C1
C1CCC(CCCC2CCCC(C3CCCCC3C3CCCCC3)C2)CC1
C1CCC(C2CCC(C3CCCC(CCCC4CCC4)C3)CC2)CC1
C1CCC(CC2CCCC(C3CCCC(C4CCC5CCCC5C4)C3)C2)CC1
C1CCC(CCC2CCC(CC3CCC(C4CCCCC4)CC3)CC2)CC1
C1CCC(CCC2CCC3C(CCC3C3CCCCC3CC3CCCCC3)C2)CC1
C1CCC(CCC2CCC(CC3CCCCC3)CC2)CC1
C1CCC(CCC2CC(CCC3CCCCC3)CC(C3CCCCC3)C2)CC1
C1CCC(C2CCC3CCC(C4CCCCC4C4CCCCC4)CC3C2)CC1
C1CCC(CC2CCC(C3CCCC(C4CCCCC4)C3)CC2)CC1
C1CCC(CC2CCCC(C3CCCC(C4CCCCC4)C3)C2)CC1
C1CCC(CC2CCCC(C3CCCC3)C2)CC1
C1CCC2CC(C3CCC(CC4CC5CCCCC5C4)CC3)CCC2C1
C1CCC(CC2CCC(CC3CCC4CCCCC43)CC2)CC1
C1CCC(C2CCCC(C3CCCCC3C3CCCC(C4CCCCC4)C3)C2)CC1
C1CCC(CC2CCC(CCC3CCCC(C4CCCCC4)C3)CC2)CC1
C1CCC(CCCCCC2CCC(CC3CCC(C4CC4)CC3)CC2)CC1
C1CCC(C2CCC(C3CCC4CCCCC4C3)C2)CC1
C1CCC(C2CCCC(C3CCCC(C4CCCCC4C4CCC5CCCC5C4)C3)C2)CC1
C1CCC(CC2CCC(CCCC3CCC(C4CCCCC4)CC3)CC2)CC1
C1CCC(C2CC(C3CCCCC3)CC(C3CC3)C2)CC1
C1CCC(C2CCCC(CC3CCCC(C4CCCCC4)C3)C2)CC1
C1CCC(CCC2CCCC(C3CCCC(CC4CCCCC4)C3)C2)CC1
C1CCC(CC2CCCCC2)CC1
C1CCC(CC2CCCCC2C2CCC3CCC(C4CC(CC5CCCCC5)C5CCCCC54)C3C2)CC1
C1CCC2CC(C3CCCCC3C3CCC4CCCC4C3)CCC2C1
C1CCC(CC2CCCC(C3CCCCC3)C2)CC1
C1CCC(C2CCC(C3CCCCC3)CC2)CC1
C1CCC(CC2CCC3C(CC4CCCCC4)CC(C4CCCCC4)C3C2)CC1
C1CCC(C2CCC(C3CCCC(C4CC5CCCCC5C4)C3)CC2)CC1
C1CCC(CCC2CCCC(CC3CCCCC3)C2)CC1
C1CCC(C2CCCC(C3CCC(CC4CCC(CC5CC6CCCCC6C5)CC4)CC3)C2)CC1
C1CCC(C2CCCC(CC3CCCC3)C2)CC1
C1CCC(CC2CCC3C(CC4CCCCC4)CC(C4CCC5CCCC5C4)C3C2)CC1
C1CCC(C2CCCCC2C2CCCCC2CC2CC3CCCCC3C2)CC1
C1CCC2C(C1)CCC2C1CCC(CCC2CCC(CC3CCC(CC4CC4)CC3)CC2)CC1
C1CCC(CCCC2CCC(CC3CCCCC3)CC2)CC1
C1CCC(CCC2CCC(CC3CCCCC3)CC2)CC1
C1CCC(CC2CCC(CC3CCC(CC4CCCCC4)CC3)CC2)CC1
C1CCC(C2CCCC(C3CC(CCC4CCCC4)C4CCCCC43)C2)CC1
C1CCC(C2CCCC(C3CC3)C2)CC1
C1CCC(CCCC2CCCC(C3CCC(C4CCCCC4)CC3)C2)CC1
C1CCC(CC2CCCCC2CC2CCCCC2)CC1
C1CCC(CCC2CCCCC2CC2CCCCC2C2CCCCC2)CC1
C1CCC(CCC2CCCC(CC3CCCC(C4CCC(C5CCCC5)CC4)C3)C2)CC1
C1CCC(C2CCCCC2)CC1
C1CCC(CCC2CCC(C3CCC(C4CC5CCCCC5C4)CC3CC3CCCCC3)CC2)CC1
C1CCC(CC2CCC(C3CCCCC3C3CCCCC3)C2)CC1
C1CCC(C2CCCCC2C2CCCCC2)CC1
C1CCC(CC2CCCC(CC3CCCCC3C3CCCCC3C3CCCC3)C2)CC1
C1CCC(C2CC(CCCCC3CCCC(C4CCCC4)C3)CCC2CCC2CC3CCCCC3C2)CC1
C1CCC(C2CCC(C3CCCCC3)CC2)CC1
C1CCC(CCC2CCC(CC3CCCCC3)CC2C2CCCCC2)CC1
C1CCC(C2CCC3C(C4CCCCC4)CC(C4CCCCC4)C3C2)CC1
C1CCC(CC2CCCC(CCC3CC(C4CCCCC4)CC(C4CCCC4)C3)C2)CC1
C1CCC(C2CCCCC2C2CCC3CCCCC3C2)CC1
C1CCC(C2CCCC(CC3CC(C4CCC(CC5CC5)CC4)CCC3C3CCCCC3)C2)CC1
C1CCC(CCCC2CCC3CC(C4CCC5CCCCC54)CC(C4CCCCC4)C3C2)CC1
C1CCC(CCCC2CCC(CC3CCC(CC4CCCCC4)CC3)C2)CC1
C1CCC(C2CCCC(C3CCCCC3)C2C2CCCCC2)CC1
C1CCC(CC2CCC(CC3CCCC(CC4CC5CCCCC5C4)C3)CC2)CC1
C1CCC(CCC2CCC(C3CCCCC3)CC2)CC1
C1CCC(CCC2CCC(C3CCCCC3CC3CCCCC3)C(C3CCCCC3)C2)CC1
C1CCC(C2CC(C3CCCC(C4CCC4)C3)CC(C3CCC3)C2C2CCCCC2)CC1
C1CCC(CCCCC2CCCC(C3CC(C4CCCCC4)C4CCCCC34)C2)CC1
C1CCC(C2CCC(C3CCCCC3C3CCCC3)CC2)CC1
C1CCC(CC2CCC(C3CCCCC3)CC2C2CCC3CCCC3C2)CC1
C1CCC(C2CCCCC2C2CCCCC2)CC1
C1CCC(C2CCCCC2C2CCCCC2)CC1
C1CCC(CCCC2CCC(C3CCC(C4CCC5CCCCC54)CC3)CC2)CC1
C1CCC(C2CCCCC2CC2CCCC(CCCC3CCC(C4CC5CCCCC5C4)CC3)C2)CC1
C1CCC(C2CC(C3CCC4CCCCC43)CC3CCC(C4CCCCC4C4CCCC4)CC32)CC1
C1CCC(C2CCC(CC3CCCCC3C3CCCCC3)CC2)CC1
C1CCC(C2CCCCC2CC2CCC3CC(C4CCC5CCCCC54)CCC3C2)CC1
C1CCC(C2CCCC(CCCCC3CCC(C4CCCC(C5CCC(C6CCC6)CC5)C4)CC3)C2)CC1
C1CCC(C2CCCCC2C2CCCC2C2CCCCC2)CC1
C1CCC(CCC2CCC(CC3CCCC(C4CCC(C5CCC6CCCCC6C5)CC4)C3)CC2)CC1
C1CCC(CC2CCC(C3CCCC(C4CCCCC4)C3)CC2)CC1
C1CCC(CCC2CCC(C3CCCCC3)CC2)CC1
C1CCC(CCC2CCC(C3CCC(C4CC5CCCCC5C4)CC3)CC2)CC1
C1CCC(C2CCCCC2CC2CC(C3CCCCC3)C3CCCCC23)CC1
C1CCC(CCC2CCCC(C3CCCC(C4CCC5CCCCC54)C3)C2)CC1
C1CCC(CC2CCCC(C3CCC(C4CCCCC4)CC3)C2)CC1
C1CCC(CCC2CCCCC2CC2CC3CCCCC3C2)CC1
C1CCC(C2CCCC(CC3CCCC4CC(C5CCCCC5)CCC34)C2)CC1
C1CCC(CC(C2CCCC2)C2CCCC3CC(C4CCCCC4)CCC32)CC1
C1CCC(CC2CCC(C3CCCCC3C3CCC(C4CCCCC4)CC3)CC2)CC1
C1CCC(CC2CCCCC2CC2CCC(C3CCC4CCCCC43)CC2)CC1
C1CCC(CC2CCC(C3CCCCC3CC3CCCCC3)CC2)CC1
C1CCC(CCC2CCCC(C3CCCCC3)C2)CC1
C1CCC(CCC2CCC(C3CCC(CC4CCCCC4)CC3)CC2)CC1
C1CCC(CCC2CCCCC2C2CCCCC2)CC1
C1CCC(CCCC2CCCC(CC3CCCC(C4CCCCC4)C3)C2)CC1
C1CCC(C2CCCC(C3CCC4C(CCC4C4CCCC4)C3)C2)CC1
C1CCC(CC2CC(CC3CCCCC3)C3CCC(C4CCCCC4C4CCCCC4)CC3C2)CC1
C1CCC(CCCC2CCC(CCC3CCCC(C4CCCCC4)C3)CC2)CC1
C1CCC(C2CC(C3CCCC3)CC(C3CCCC3)C2)CC1
C1CCC(CC2CCC(C3CCCCC3C3CCCCC3)CC2)CC1
C1CCC(CCC2CCCC(C3CCCC(C4CCC(C5CCC(CC6CC6)CC5)CC4)C3)C2)CC1
C1CCC(CC2CCCC(CC3CCCCC3)C2)CC1
C1CCC(C2CCCC(C3CCCCC3)C2)CC1
C1CCC(CCC2CCCC(CC3CCC4CC(CCC5CCCCC5)CCC43)C2)CC1
C1CCC(C2CC(C3CCCC3)CC(C3CCC(CC4CCCC4)CC3)C2)CC1
C1CCC(C2CCCC(CC3CC(C4CCCCC4)CC(C4CCCC4)C3)C2)CC1
C1CCC2CC(C3CCC(C4CCC(C5CCC6CCCCC65)CC4)CC3)CCC2C1
C1CCC(C2CCCC(C3CCCCC3)C2)CC1
C1CCC(C2CC(C3CCC4CCCCC43)CC3CCC(C4CCCC4)CC32)CC1
C1CCC(CCC(CCC2CCC(CC3CCCCC3)CC2)CC2CCCCC2)CC1
C1CCC(CCC2CCCCC2C2CCCCC2)CC1
C1CCC(CCC2CCC(C3CCC3)C(C3CCCCC3)C2)CC1
C1CCC(C2CCCCC2)CC1
C1CCC(CC2CCC(CCCC3CCC(CC4CCCCC4C4CCCC4)CC3)CC2)CC1
C1CCC(CC2CCCC(CCC3CCCC(C4CCCC4)C3)C2)CC1
C1CCC(CC2CCCC(C3CCCC(C4CCCCC4)C3)C2)CC1
C1CCC(C2CCC(C3CCC4CCCC4C3)CC2)CC1
C1CCC(C2CCC(C3CCCCC3CC3CC4CCCCC4C3)CC2)C1
C1CCC(CCCC2CCC(CC3CCCCC3)CC2C2CCCCC2)CC1
C1CCC(C2CCC(C3CC(C4CCCCC4)CC(C4CCC4)C3C3CCCCC3)CC2)CC1
C1CCC(CC2CCC(CCC3CCCC(C4CCCCC4)C3)CC2)CC1
C1CCC(CCC2CCCCC2C2CCCCC2)CC1
C1CCC(CC2CCCCC2CC2CCCCC2)CC1
C1CCC(C2CCCC(C3CCCC(C4CCCCC4)C3)C2)CC1
C1CCC(CCC2CCC(C3CCCC(CC4CCCC4)C3)CC2)CC1
C1CCC(C2CCC3C(CCC3C3CCCC3)C2)CC1
C1CCC(CC2CCC(CC3CCC(C4CCCC(C5CCCCC5)C4)CC3)CC2)CC1
C1CCC(CC2CCC(C3CC(CC4CCC(C5CC5)CC4)CCC3C3CCCC3)CC2)CC1
C1CCC(CC2CCC(C3CCCCC3)CC2)CC1
C1CCC(C2CCC(CCCC3CCCCC3C3CCCCC3)CC2)CC1
C1CCC(CCCCC2CCC(CCCC3CC3)CC2)CC1
C1CCC(CC2C(C3CCCCC3)CC(C3CCCCC3)CC2C2CCCCC2)CC1
C1CCC(CCCC2CCCC(C3CCC4CCCCC43)C2)CC1
C1CCC(CCCC2CCC(CC3CCC(CC4CC5CCCCC5C4)CC3)CC2)CC1
C1CCC(CCC2CCC(CC3CCCCC3)CC2)CC1
C(CCCC1CCCC(CC2CCCCC2)C1)CCCC1CCCC(C2CCCCC2)C1
C1CCC(C2CCC(C3CCCC(C4CCCCC4)C3)CC2)CC1
C1CCC(CC2CCC(C3CCCC3)CC2)CC1
C1CCC(C2CCC(C3CC3)CC2CCCC2CCC(CC3CCCC3)CC2)CC1
C(CCC1CCCC1)CCC1CCC(C2CCCCC2)CC1
C1CCC(CC2CCC(CC3CCC4C(CC5CCCCC5)CCC4C3)CC2)CC1
C1CCC(C2CCCCC2C2CCC(CC3CC4CCCCC4C3)C2)CC1
C1CCC(CCC2CC(C3CCCCC3)CCC2C2CCCCC2)CC1
C1CCC(C2CCC(CCC3CCCC(CC4CCCC4)C3)CC2)CC1
C1CCC(C2CCC(C3CCCC(C4CCC5CCCCC5C4)C3)CC2)CC1
C1CCC(CCC2CCC(CCCC3CCCC(C4CCCCC4)C3)CC2)CC1
C1CCC(CC2CCCC(C3CCCC(CC4CCCCC4)C3)C2)CC1
C1CCC(CC2CCCCC2C2CCC(C3CCCC(C4CCCCC4)C3)C2)CC1
C1CCC(CCC2CCC(C3CCCC(C4CC4)C3)CC2)CC1
C1CCC(CCCC2CCCC(CC3CCCCC3)C2)CC1
C1CCC(CCC2CCC(CC3CCCCC3)CC2)CC1
C1CCC(CC2CCCC(C3CCCC(C(C4CCCCC4)C4CCCCC4)C3)C2)CC1
C1CCC(CC2CCCC(C3CCC(CC4CCCCC4C4CCCC4)CC3)C2)CC1
C1CCC(C2CCC(C3CC3)CC2)CC1
C1CCC(CC2CCC(CC3CCCCC3)CC2)CC1
C1CCC(C2CCC3C(C2)C(CCCC2CCCC(C4CCCC4)C2)CC3C2CCCCC2)CC1
C1CCC(C2CCC(CC3CCCC(C4CCCC4)C3)CC2C2CCCC2)CC1
C1CCC(CC2CCC(C3CCCCC3C3CC4CCCCC4C3)CC2)CC1
C1CCC(CC2CCC(CC3CCC(CCCC4CCC4)CC3)CC2)CC1
C1CCC(C2CCCCC2C2CCC(C3CCC(C4CCC4)CC3C3CCCC3)CC2)CC1
C1CCC(CC2CCCC(C3CCC(C4CCCCC4)CC3)C2)CC1
C1CCC(C2CCCC(C3CCCCC3)C2)CC1
C1CCC(CC2CCCC(CC3CCCCC3CC3CCCCC3)C2)CC1
C1CCC(CC2CCC(C3CCCCC3)CC2)CC1
C1CCC(C2CCC(C3CC4CCCCC4C3)CC2C2CCCCC2)CC1
C1CCC(CCCC2CCCC(CC3CCCCC3)C2)CC1
C1CCC(CC2CCC(C3CCCC(C4CCC(CC5CCCCC5)CC4)C3)CC2)CC1
C1CCC(C2CCCCC2CC2CCCC(C3CCCCC3C3CCCC3)C2)C1
C1CCC(CC2CCCC(C3CCC4CCCCC43)C2)CC1
C1CCC(CC2CCC(C3CCCC(C4CCCCC4)C3)CC2C2CCCCC2)CC1
C1CCC(CCC2CCC(C3CCCC(C4CCCC4)C3)CC2)CC1
C1CCC(CCC2CCCC(C3CCCCC3)C2)CC1
C1CCC(C2CCC(C3CCC(C4CCCCC4)C(C4CCCC4)C3)CC2)CC1
C1CCC(CCC2CCCC(C3CCCCC3)C2)CC1
C1CCC(CC2CCC(CCCC3CCC4C(CCC4C4CCCC4)C3)CC2)CC1
C1CCC(C2CCCC(CC3CCCC(CCC4CCCC5CCCCC54)C3)C2)CC1
C1CCC(C2CCCCC2CC2CCC(C3CCC(C4CCCC4)CC3)CC2)CC1
C1CCC(CC2CCC(C3CCCCC3)CC2)CC1
C1CCC(C2CCCC(C3CCCCC3)C2)CC1
C1CCC(CC2CCC(C3CCCCC3C3CCCCC3)CC2)CC1
C1CCC(CCC2CCCC(CC3CCCCC3)C2)CC1
C1CCC(C2CCCC(CC3CCCCC3C3CCCCC3)C2)CC1
C1CCC(CC2CCCCC2)CC1
C1CCC(CCC2CCCC(C3CCC(C4CCCCC4)CC3)C2)CC1
C1CCC(CC2CCC(CC3CCC(CCCCCC4CCCC(C5CCC6CCCCC6C5)C4)CC3)CC2)CC1
C1CCC(CCC2CCC(C3CCC(CC4CCCCC4)CC3)CC2)CC1
C1CCC(CC2CCCC(CC3CCCCC3)C2)CC1
C1CCC(C2CCCC(C3CCC(C4CCCCC4C4CCC5CCCCC54)C4CCCCC34)C2)CC1
C1CCC(CCCCC2CCC(C3CCCCC3)CC2)CC1
C1CCC2CC(CC3CCC(CC4CCC(C5CC6CCCCC6C5)CC4)CC3)CC2C1
C1CCC(C2CCCC3CCC(CC4CCCCC4C4CCCCC4CCC4CC4)CC32)CC1
C1CCC(CC2CCC3CCCCC3C2)CC1
C1CCC(C2CCCC(C3CCC4CCCC4C3)C2)CC1
C1CCC(C2CCCC(CCCC3CCCC(C4CCCC(C5CCCCC5)C4)C3)C2)CC1
C1CCC(CCCC2CCC(C3CCCCC3CC3CCCCC3)CC2)CC1
C1CCC(CCC2CCC(C3CCCCC3)CC2)CC1
C1CCC(CC2CCCCC2C2CCC(CC3CC3)CC2CC2CCCC2)CC1
C1CCC(CC2CCCCC2CC2CCC3CCC(CC4CCCCC4)C3C2)CC1
C1CCC(CC2CCC3CC(C4CCC5CCCCC54)CC(C4CCCCC4)C3C2)CC1
C1CCC(CCC2CCC(C3CCC(CC4CCCCC4)CC3)CC2)CC1
C1CCC(CC2CCC(CCC3CCC(C4CCCCC4)CC3)CC2)CC1
C1CCC(CCC2CCC(C3CCCC(CCC4CCC(CC5CCCCC5)CC4)C3)CC2)CC1
C1CCC(C2CCC(C3CCCC4CCCCC43)CC2)CC1
C1CCC(C2CCC(C3CCCCC3C3CCC4CCCC4C3)C(C3CCCCC3)C2)CC1
C1CCC(C2CCC(C3CC(CC4CCCC(C5CCCC5)C4)C4CCCCC43)CC2)C1
C1CCC(CC2CCCC3CC(CC4CCCC(C5CCCCC5)C4)CC23)CC1
C1CCC(C2CCCC(CCC3CCCCC3C3CCCCC3)C2)CC1
C1CCC(CCC2CCC(CCC3CCCCC3)CC2)CC1
C1CCC(C2CCCCC2)CC1
C1CCC(CCC2CCCC(CCC3CCC(CC4CCCCC4)CC3)C2)CC1
C1CCC(C2CCCC(C3CCC(C4CCC5CCCC5C4)C(CC4CCCC4)C3)C2)CC1
C1CCC(CC2CCC(C3CCCC(C4CCCCC4)C3)CC2)CC1
C1CCC(CC2CC(C3CCCC(C4CCCCC4)C3)C3CCCCC23)CC1
C1CCC(CC2CCC(CCC3CCCC4CCCCC43)CC2)CC1
C1CCC(C2CCC3C(CCCC3C3CCCC(CCCCC4CC5CCCCC5C4)C3)C2)CC1
C1CCC(CC2CCCCC2C(CC2CCCCC2)CC2CCC(C3CCCCC3)CC2)CC1
C1CCC(CC2CCC(CC3CCC4CCCCC43)CC2)CC1
C1CCC(CCCC2CCC(C3CCCCC3)CC2)CC1
C1CCC(CCCCC2CCC(CC3CCCC(CC4CC5CCCCC5C4)C3)CC2)CC1
C1CCC(CC2CCCCC2CC2CCCCC2C2CCCCC2)CC1
C1CCC(C2CCC(C3CCC4CCCCC43)CC2C2CCCC2)CC1
C1CCC(C2CCC(CC3CCC(C4CCCC4)CC3)CC2)CC1
C1CCC(CCC2CCCC(C3CC(C4CCCCC4)CC(C4CCCCC4)C3)C2)CC1
C1CCC(CCC2CCC(C3CCCCC3)CC2)CC1
C1CCC(C2CCC(CC3CC4CCCCC4C3)CC2)CC1
C1CCC(C2CCCCC2)CC1
C1CCC(CCC2CCCC(C3CCCCC3C3CCCCC3)C2)CC1
C1CCC(CCCCC2CCC3CC(CC4CCC5CCCCC54)CC(C4CCCCC4)C3C2)CC1
C1CCC(CCC2CCC(C3CCCC3)CC2)CC1
C1CCC(CC2CCC(CC3CCC(C4CCC4)C(C4CCCCC4)C3)CC2)CC1
C(CC1CCC2CCCCC2C1)CC1CCCC(C2CCCCC2C2CCCC2)C1
C1CCC(CC2CC(C3CCC(C4CCCCC4)CC3)C3CCCCC23)CC1
C1CCC(C2CC(CC3CCC(C4CCCC4)CC3)CC(C3CCCCC3)C2)CC1
C1CCC(CC2CCCCC2CCC2CCCC(C3CCCCC3)C2)CC1
C1CCC(CCC2CC(C3CCCCC3)CCC2CC2CCCCC2)CC1
C1CCC(CC2CCC(CCC3CCCC(C4CCCCC4)C3)CC2)CC1
C1CCC(CC2CCC(C3CCCCC3)CC2)CC1
C1CCC(CC2CCC(CC3CCCC(CC4CCC(C5CCCCC5)CC4)C3)CC2)CC1
C1CCC(CC2CCC(CC3CC4CCCCC4C3)CC2)CC1
C1CCC(C2CC(C3CCC(C4CCC(C5CCCC(C6CCC6)C5)CC4)CC3)C3CCCCC23)CC1
C1CCC(CC2CCC(C3CCC(CC4CCCC(C5CCCCC5)C4)CC3)CC2)CC1
C1CCC(C2CCC(C3CCCCC3)C(C3CCC4C(CCC4C4CCCC4)C3)C2)CC1
C1CCC(C2CCCC(C3CCCCC3)C2)CC1
C1CCC(CCCC2CC3CC(C4CCCCC4C4CCCCC4)CCC3C(C3CC3)C2)CC1
C1CCC(C2CCCC(CC3CCCC(C4CC4)C3)C2)CC1
C1CCC(CC2CC(CC3CCC(C4CCCC4)CC3)CCC2CCCC2CCCCC2C2CCCC2)CC1
C1CCC(CCCCC2CC(CCC3CCC4CCCC4C3)CC(CC3CCCCC3)C2)CC1
C1CCC(CC2CCC3C(CC4CCCCC4)CC(C4CCCCC4)C3C2)CC1
C1CCC(C2CCC(C3CC(C4CCC5CCCCC54)CC4CCCCC43)C2)CC1
C1CCC(CC2CCCCC2C2CCCC(CC3CCCC3)C2)CC1
C1CCC(C2CCCC(CCCC3CCC(C4CCCC4)C(C4CCC5CCCC5C4)C3)C2)CC1
C1CCC(CCC2CCCCC2C2CCC(C3CCC3)CC2)CC1
C1CCC(CC2CC(CC3CC(C4CCC(CC5CCC5)CC4)C4CCCCC34)C3CCCCC23)CC1
C1CCC(CCC2CCCC(C3CCCCC3)C2)CC1
C1CCC(CC2CCC(C3CCC(C4CCCC(C5CCCCC5)C4)C(C4CCCCC4)C3)CC2)CC1
C1CCC(CC2CCC(C3CCCC(CC4CC5CCCCC5C4)C3)CC2)CC1
C1CCC(CC2CCC3CC(C4CCCCC4)CCC23)CC1
C1CCC(CC2CCC(C3CCCC(C4CCC(C5CCCCC5)CC4)C3)CC2)CC1
C1CCC(CC2CCC(CC3CCC(CCCC4CCCC5CCCCC54)CC3)CC2)CC1
C1CCC(C2CCC(CC3CCC(C4CCC4)CC3)CC2)CC1
C1CCC(CC2CCCC(C3CCCC3)C2)CC1
C1CCC(CC2CCCC(C3CCCC(CC4CC4)C3)C2)CC1
C1CCC(C2CCC(CC3CCC(CCC4CCC5CCCCC54)CC3)CC2)CC1
C1CCC(CCC2CCCC(CCCC3CCC(C4CCCC4)CC3)C2)CC1
C1CCC(C2CC(C3CCC3)CC(C3CCCC(CC4CCCC4)C3)C2)CC1
C1CCC(CCCCCC2CCC(C3CCC(CCC4CCCCC4)CC3)CC2)CC1
C1CCC(CC2CCC(CCC3CCC(C4CCCCC4)CC3)CC2)CC1
C1CCC(CCCC2CCC(C3CCCCC3)CC2)CC1
C1CCC(C2CCC3C(CCC3C3CCCCC3)C2)CC1
C1CCC(CC2CCCCC2)CC1
C1CCC(C2CCC(C3CCCC(C4CCCCC4)C3)CC2)CC1
C1CCC(CC2CCC(CCC3CCC(CCCC4CCCCC4CC4CCCCC4)CC3)CC2)CC1
C1CCC(CCC2CCC(CCC3CCC(C4CCCCC4)C3)CC2)CC1
C1CCC(CCC2CCC(C3CCCCC3CCC3CCCCC3)CC2)CC1
C1CCC(C2CCC(C3CCC(CC4CCC(C5CCCC(C6CCCCC6)C5)C4)CC3)CC2)CC1
C1CCC(CC2CC(C3CCCCC3)CCC2C2CCCCC2)CC1
C1CCC(C2CCC(CCC3CCCC(C4CCC5CCCCC54)C3)CC2)CC1
C1CCC(CC2CCCC(C3CCCC(C4CCCCC4)C3)C2)CC1
C1CCC(CCC2CCCCC2C2CCCC(CC3CCCCC3)C2)CC1
C1CCC(CCC2CCCCC2C2CCC(CC3CCCCC3)C(CC3CCCCC3)C2)CC1
C1CCC(CC2CCCCC2)CC1
C1CCC(CC2CCCCC2CC2CCCCC2C2CCCCC2C2CCCCC2)CC1
C1CCC(CC2CCC(CCC3CCCC3)C(C3CCCCC3)C2)CC1
C1CCC(C2CC(CCCC3CCC(CC4CC4)CC3)C3CCCCC32)CC1
C1CCC(CCC2CCCC(CC3CCCCC3)C2)CC1
C1CCC(C2CCC(C3CC(C4CCCCC4)C3)CC2)CC1
C1CCC(C2CCC(C3CCCCC3)C(CCC3CCCC3)C2)CC1
C1CCC(CCC2CCCC(CC3CCCCC3)C2)CC1
C1CCC(CC2CCCC(CC3CCCCC3)C2)CC1
C1CCC(C2CC3CCC(C4CCCC4)CC3C(C3CCCCC3)C2)CC1
C1CCC(CC2CCC(CC3CCCC(C4CCC(C5CCCCC5)CC4)C3)CC2)CC1
C1CCC(CCCC2CCC(C3CCCCC3)CC2)CC1
C1CCC(C2CCCC(CCCC3CC(C4CCCCC4)C4CCCCC34)C2)CC1
C1CCC(CC2CCC(C3CCC(C4CCCCC4)CC3)CC2)CC1
C1CCC(CC2CCC(C3CCCC(C4CCC(C5CCCCC5)CC4)C3)CC2)CC1
C1CCC(CC2CC3CCCCC3C(C3CCCCC3)C2)CC1
C1CCC(C2CCCC(C3CC(C4CCCCC4)CC4CCCCC43)C2)CC1
C1CCC(CCCC2CCCC(CC3CCCC4CC(CC5CCCC(C6CCCCC6)C5)CC34)C2)CC1
C1CCC(C2CCCCC2CCC2CCC3CCCC3C2)CC1
C1CCC(CC2CCC(C3CCCCC3CC3CCCCC3)CC2)CC1
C1CCC(CC2CCC3CCCC(C4CCCCC4)C3C2)CC1
C1CCC(C2CCC(CC3CCC(CC4CCCC(C5CCCCC5)C4)CC3)CC2)CC1
C1CCC(CCCC2CCC(CC3CCCCC3)CC2)CC1
C1CCC(CC2CCC(C3CCC(CC4CCCCC4)CC3)CC2)CC1
C1CCC(CCC2CCCC(C3CCC(C4CCC(CCC5CCC6CCCCC65)CC4)CC3)C2)C1
C1CCC(CC2CCCC(C3CCCC(C4CCCC(CCC5CC6CCCCC6C5)C4)C3)C2)CC1
C1CCC(C2CCC(CC3CCCC(C4CCCCC4)C3)CC2)CC1
C1CCC(C(C2CCC(CC3CCCC3)CC2)C2CCCCC2C2CCCC2)CC1
C1CCC(CC2CCCCC2C2CCC(C3CCCCC3C3CCCC3)CC2)CC1
C1CCC(C2CCCCC2)CC1
C1CCC(C2CC(C3CCCCC3)CC(C3CCCCC3C3CCCC3)C2)CC1
C1CCC(CC2CCC(CC3CCCCC3)CC2)CC1
C1CCC(CCCCCC2CCCC(C3CC(C4CC4)CCC3CCC3CCCCC3)C2)CC1
C1CCC(C2CCCC(CC3CCCC(CCC4CCC(CC5CCC(C6CCCC6)CC5)CC4)C3)C2)CC1
C1CCC(CCC2CCCC(C3CCCCC3)C2)CC1
C1CCC(C2CCCC(C3CCCCC3)C2)CC1
C1CCC(C2CCC(C3CCCC(CC4CCC5CCCCC5C4)C3)CC2)C1
C1CCC(CCC2CCCC(CC3CCCC(C4CCC4)C3)C2)C1
C1CCC(C2CCCCC2CCCC2CCC3CCCCC3C2)CC1
C1CCC(CC2CCC(C3CCCCC3)CC2)CC1
C1CCC(CC2CCC3C(CC4CCC5CCCCC5C4)CC(C4CCCC4)C3C2)CC1
C1CCC(CCC2CCC(CC3CCCCC3)CC2)CC1
C1CCC(C2CCC(C3CCC(C4CCCCC4)C3)CC2)CC1
C1CCC(C2CCC(C3CCCC(CCC4CC5CCCCC5C4)C3)CC2)CC1
C1CCC(C2CCCCC2C2CCCC3CCCCC32)C1
C1CCC(CC2CCCCC2)CC1
C1CCC(C2CCCC(C3CCCCC3)C2)CC1
C1CCC(CC2CCCCC2C2CC3CCC(C4CCCC4)CC3C(C3CCCCC3)C2)CC1
C1CCC(CC2CCCC(CC3CCC(C4CCCCC4)CC3)C2)CC1
C1CCC(C2CCCC(CC3CC4CCCCC4C3)C2)CC1
C1CCC(CC2CCCC(CC3CCCCC3)C2)CC1
C1CCC(C2CCC(C3CCCCC3)C(C3CCCCC3)C2)CC1
C1CCC(C2CCCCC2C2CCCCC2)CC1
C1CCC(CCC2CCC(C3CCCCC3)CC2CC2CCCCC2)CC1
C1CCC(CC2CCC(CCCC3CC(C4CCCCC4)C4CCCCC34)CC2)CC1
C1CCC(CC2CCC(C3CCCCC3)CC2)CC1
C1CCC(CC2CCC(CCCC3CCCC(C4CCCC(CC5CCCCC5)C4)C3)CC2)CC1
C1CCC(CC2CCCCC2C2CCCCC2)CC1
C1CCC(CC2CCCCC2CCC2CCCC(C3CCC3)C2)CC1
C1CCC(CCCC2CCCC(C3CCCCC3)C2)CC1
C1CCC(CC2CCC(CC3CCC(CC4CCCCC4)CC3)CC2)CC1
C1CCC(CC2CCCC(C3CCCC(CC4CC5CCCCC5C4)C3)C2)CC1
C1CCC(CC2CCC(C3CCC4CCCCC4C3)CC2C2CCCCC2)CC1
C1CCC(CC2CC(C3CCCCC3)CC3CCCCC32)CC1
C1CCC(C2CCC(C3CCC(C4CCCC4)CC3)CC2)CC1
C1CCC(C2CCCC(C3CCCC(C4CCCCC4)C3)C2)CC1
C1CCC(C2CCC(C3CCC(CCCCC4CCC5CCCC5C4)CC3)CC2)CC1
C1CCC(CCCCCC2CCCCC2)CC1
C1CCC(CC2CCCC(C3CCCC(C4CCCCC4)C3)C2)CC1
C1CCC(C2CCCC(C3CCCCC3)C2)CC1
C1CCC(C2CCCCC2CCCC2CC3CCCCC3C2)CC1
C1CCC(CC2CCC(C3CCCCC3CC3CCCCC3)C(C3CCCC3)C2)CC1
C1CCC(CCC2CCC(C3CCCCC3C3CCCCC3)CC2)CC1
C1CCC(CC2CCC(C3CCCC(C4CCCC(C5CCCCC5)C4)C3)CC2)CC1
C1CCC(C2CCCC(CC3CC(C4CCCC5CCCCC54)C4CCCCC34)C2)C1
C1CCC(CCCC2CCC(CCC3CCC(CC4CCCCC4)CC3)CC2)CC1
C1CCC(C2CCCCC2CCC2CCCC3CC(C4CCCCC4C4CCC(C5CCCC5)C4)CC23)CC1
C1CCC(C2CCCCC2C2CCCCC2)CC1
C1CCC(CCC2CCCCC2C2CCCCC2)CC1
C1CCC(C2CCC(CCC3CCCC(C4CCCCC4)C3)CC2)CC1
C1CCC(C2CCCC(CC3CCCC(C4CCCCC4)C3)C2)CC1
C1CCC(CC2CC(C3CCC(C4CCCCC4)CC3)C2)CC1
C1CCC(C2CCC(C3CCC4CCCCC43)CC2)CC1
C1CCC(C2CCCC(C3CCC(C4CCCCC4)C3)C2)CC1
C1CCC(CC2CCCC(CC3CCCC3)C2C2CCCCC2)CC1
C1CCC(CC2CCCCC2C2CCCCC2)CC1
C1CCC(CCCCC2CCC(C3CCC(C4CCC(CC5CCCC5)CC4)CC3)CC2)CC1
C1CCC(CCC2CCC(C3CCC(CC4CCCCC4)CC3)CC2)CC1
C1CCC(C2CCCC(C3CCC(C4CCCC5CCCCC54)CC3)C2)CC1
C1CCC(C2CCC(C3CCC4CCCCC43)CC2)CC1
C1CCC(CC2CCCCC2C2CCCC(CCC3CCCCC3C3CCCCC3)C2)CC1
C1CCC(CC2CCC(C3CCCCC3)C(C3CCCCC3)C2)CC1
C1CCC(C2CCC(CC3CCCC(C4CCCCC4)C3)CC2)CC1
C1CCC(C2CC3CCCCC3C2CC2CCC(C3CCC4CCCC4C3)CC2)CC1
C1CCC(CCC2CC(CC3CCCCC3)CC(C3CCCCC3)C2)CC1
C1CCC(CC2CCCC(C3CCC(CC4CCCCC4)C(C4CCCCC4)C3)C2)CC1
C1CCC(C2CCCC(CC3CCC4CCCCC43)C2)CC1
C1CCC(C2CCCCC2CCCC2CC3CCCCC3C2)CC1
C1CCC(CC2CCCC(CCCC3CCCC(C4CCCC4)C3)C2)CC1
C1CCC(CC2CCC(CC3CCCCC3)CC2)CC1
C1CCC2C(C1)CCC2CC1CCC2CC(C3CCC4CCCCC43)CCC2C1
C1CCC(CCC2CCCCC2C2CCC(CC3CCC(CC4CCCCC4)CC3)CC2)CC1
C1CCC(CCC2CC(CC3CCCCC3)C3CCC(C4CCCCC4)CC23)CC1
C1CCC(CC2CCC(CC3CCCC(C4CCCCC4)C3)CC2)CC1
C1CCC(CC2CCCC(CCCCC3CCC(CCC4CC4)CC3)C2)CC1
C1CCC(C2CCC(C3CC(C4CCC5CCCCC54)CC4CCCCC43)CC2)CC1
C1CCC2CC(C3CCC(C4CCCC(CC5CCCC(C6CC6)C5)C4)CC3)CCC2C1
C1CCC(CC2CCCCC2CC2CCC(C3CCCCC3)C3CCCCC23)CC1
C1CCC(CC2CCCCC2)CC1
C1CCC(C2CC(C3CCC4CCCCC43)CC3CCC(C4CCC(C5CCCC5)C4)CC32)CC1
C1CCC(CC2CCCCC2C2CCCCC2)CC1
C(CCCC1CCCC(CC2CCCC2)C1)CCC1CCCCC1
C1CCC(CCC2CC3CCCCC3C3CCC(CC4CCC(CC5CCCCC5)CC4)CC23)CC1
C1CCC(C2CCC(CC3CCC(C4CCCCC4)C(C4CCCC4)C3)CC2)CC1
C1CCC(CC2CCC(CCC3CCC4CCCCC43)CC2)CC1
C1CCC(CCCC2CC(CC3CCCCC3)CCC2CCCCC2CC3CCCCC3C2)CC1
C1CCC(C2CCC(C3CCCCC3)CC2)CC1
C1CCC(CC2CCC(C3CCCCC3)CC2)CC1
C1CCC(CC2CCCC(C3CCC(C4CCCC4)CC3)C2)CC1
C1CCC(CCCCC2CCC(CC3CCCC(C4CCC5CCCCC54)C3)CC2)CC1
C1CCC(CCC2CCCC(C3CCCC(C4CCC(C5CCCC5)CC4)C3)C2)CC1
C1CCC(CCC2CC(C3CCCCC3)CC(C3CCCCC3)C2CCC2CCCCC2)CC1
C1CCC(CCCC2CCC(CC3CCCC(CC4CCC5CCCCC54)C3)CC2)CC1
C1CCC(CC2CCCC(CC3CCC3)C2)CC1
C1CCC(C2CCC(CCC3CC4CCCCC4C3)C(C3CCC3)C2)CC1
C1CCC(CCCC2CCC(CC3CCC(CCC4CCCCC4C4CCCCC4)CC3)CC2)CC1
C1CCC(C2CCCC(C3CCC(C4CCCCC4C4CCCCC4)CC3)C2)CC1
C1CCC(C2CCCC(C3CCCC(CC4CCCC4)C3)C2)CC1
C1CCC(C2CCCC(C3CCC4CCCC4C3)C2)CC1
C1CCC(CCCC2CCCC(C3CCCCC3)C2)CC1
C1CCC(CCC2CCCC(CCC3CCCCC3)C2CCC2CCCCC2)CC1
C1CCC(C2CCC(CC3CCC(CCCC4CCC(C5CCCCC5)C4)CC3)CC2)CC1
C1CCC(CC2CC(C3CCCCC3)CC3CCCCC32)CC1
C1CCC(C2CCC(C3CCC(CC4CCC5CCCCC5C4)CC3)CC2)CC1
C1CCC(C2CCC(C3CCCCC3C3CCCCC3)C(C3CCCCC3)C2)CC1
C1CCC(C2CCCC(C3CCCCC3)C2)CC1
C1CCC(C2CCC3CC(C4CCC5CCCCC54)CC(C4CCCC4)C3C2)CC1
C1CCC(CC2CCCCC2CCCCC2CCC(CCC3CCCC3)CC2)CC1
C1CCC(CC2CCC(C3CCC(C4CCCC(CC5CCC(C6CCCCC6)CC5)C4)CC3)CC2)CC1
C1CCC(C2CCCC(C3CCC(C4CCC(C5CCCC5)CC4)CC3)C2)CC1
C1CCC(C2CCCCC2CCC2CCC3CCCCC32)CC1
C1CCC(CC2CC(CC3CCCC(C(C4CCCCC4)C4CCCC4)C3)C3CCCCC23)CC1
C1CCC(CCC2CCC(CCC3CCCCC3)CC2)CC1
C1CCC(CC2CCCC(C3CCC(C4CCC5CCCCC5C4)CC3)C2)CC1
C1CCC(CC(CCC2CCC(C3CCCCC3)CC2)C2CCCCC2)CC1
C1CCC(C2CC(CCC3CC4CCCCC4C3)C3CCCCC32)CC1
C1CCC(CC2CCCCC2)CC1
C1CCC(C2CC(C3CC3)CC(C3CCCC(CC4CC5CCCCC5C4)C3)C2)CC1
C1CCC(C2CCC3C(CCC3C3CCCC3)C2)CC1
C1CCC(CCCCCC2CCCC(C3CCCCC3)C2)CC1
C1CCC(CCCCC2CCC(CC3CCCCC3)CC2)CC1
C1CCC(CCCCC2CCCCC2C2CCCCC2)CC1
C1CCC(C2CCCCC2C2CCCCC2CC2CCCC2)CC1
C1CCC(C2CCCC(C3CCCCC3)C2)CC1
C1CCC(CC2CC3CCCCC3C2)CC1
C1CCC(CCC2CCC(C3CCCCC3)CC2)CC1
C1CCC(CC2CCC(C(C3CCCCC3)C3CCCCC3CC3CCCCC3)CC2)CC1
C1CCC(CC2CCCC(CC3CCC(C4CCCC4)CC3)C2)CC1
C1CCC(CCC2CCC(C3CCCC(CC4CCCCC4)C3)CC2)CC1
C1CCC(CC2CCC(C3CCCCC3C3CCCCC3)CC2)CC1
C1CCC(CC2CCC(CC3CCC4CCCCC4C3)CC2)CC1
C1CCC(CC2CCC(C3CCCCC3)CC2)CC1
C1CCC(CCC2CCCCC2C2CCCCC2)CC1
C1CCC(C2CCCCC2CCCC2CCCCC2C2CCC3CCCCC3C2)CC1
C1CCC(C2CCC(C3CCCCC3)C(CCC3CCC3)C2)CC1
C1CCC(C2CC(C3CCCC(C4CC(C5CCC(C6CCCC6)CC5)C5CCCCC45)C3)C2)CC1
C1CCC(C2CCC(C3CCCCC3)CC2)CC1
C1CCC(CCC2CCC(C3CCCCC3)CC2)CC1
C1CCC(CC2CCC(C3CC(CC4CCC5CCCCC5C4)C4CCCCC43)CC2)C1
C1CCC(C2CCCC(C3CCC(C4CCCCC4)C3)C2)CC1
C1CCC(CCCC2CCCC(C3CCC(C4CCCCC4CCC4CCC4)CC3)C2)CC1
C1CCC(CCCC2CCCCC2)CC1
C1CCC(C2CCC(C3CCCCC3C3CCCCC3C3CCC4CCCCC4C3)CC2)C1
C1CCC(C2CCC(C3CCCCC3)CC2)CC1
C1CCC2CC(C3CCCCC3C3CCC(C4CCC5CCCCC54)CC3)CCC2C1
C1CCC(CC2CCC(C3C(C4CCCCC4)CC(C4CCCCC4)C4CCCC43)CC2)CC1
C1CCC(CC2CC(C3CCCC4CC(C5CCCCC5)CCC43)C3CCCCC23)CC1
C1CCC(C2CCCC(CCC3CCC(C4CCC4)CC3)C2)CC1
C1CCC(CCCCCC2CCC(CC3CCC(CCC4CCCCC4)CC3)CC2)CC1
C1CCC(C2CCCC(C3CCCC(C4CCCC4)C3)C2)CC1
C1CCC(C2CCC(C3CC(C4CCCC4)C4CCCCC34)CC2)CC1
C1CCC(CC2CCC(CC3CCC4CCCCC4C3)CC2)CC1
C1CCC2CC(C3CCC(C4CCC(CCC5CCC(C6CCC7CCCCC76)CC5)CC4)CC3)CC2C1
C1CCC(CC2CCC(CCC3CCCC(CC4CCCCC4)C3)CC2)CC1
C1CCC(CCCCC2CCCC(CCC3CCCCC3)C2)CC1
C1CCC(CCCCCC2CC(CC3CCCCC3)CCC2C2CCCCC2)CC1
C1CCC(CC2CCC(C3CCCC4CCCC43)CC2)CC1
C1CCC(CCCC2CCCC(CCC3CCCC4CCCCC43)C2)CC1
C1CCC(CC2CCCCC2C2CCCCC2)CC1
C1CCC(C2CCC(CC(C3CCCCC3)C3CCC(C4CC4)CC3)CC2)CC1
C1CCC(CCC2CCC(C3CCC(CC4CC5CCCCC5C4)CC3)CC2)CC1
C1CCC(CCC2CCC(CC3CCCCC3)C(CC3CCCCC3)C2)CC1
C1CCC(CC2CCCCC2C2CCCCC2C2CCC3CCCC3C2)CC1
C1CCC(CC2CCC(C3CCCCC3C3CCC4CCCCC4C3)CC2)CC1
C1CCC(C2CCC(CC3CCC4CCCCC43)CC2)CC1
C1CCC(CCC2CCCC(C3CCCC4CCCCC43)C2)CC1
C1CCC(CC2CCCC(CC3CCC(C4CCCCC4)CC3)C2)CC1
C1CCC(CCC2CCCC(CC3CCCCC3)C2)CC1
C1CCC(C2CCC3CCCCC3C2)CC1
C1CCC(C2CCCC(C3CCCCC3)C2)CC1
C1CCC(CC2CCC(C3CCCCC3)C(CC3CCCCC3)C2)CC1
C1CCC(C2CCC(C3CCC(C4CCCCC4)CC3)CC2)CC1
C1CCC(CC2CCC(CC3CCCC(C4CCC4)C3)CC2)CC1
C1CCC(CCC2CCC(CCC3CCCCC3)C(CC3CCCCC3)C2)CC1
C1CCC(CCCCC2CCC(C3CCC4C(CCC4C4CCCCC4)C3)CC2)CC1
C1CCC(CCCC2CCC(C3CCCC(C4CCCCC4)C3)CC2)CC1
C1CCC(CCCCC2CCC(C3CCCC(CC4CCCC4)C3)CC2)CC1
C(CCCC1CCCCC1C1CCCCC1)CCC1CCCCC1
C1CCC(CCC2CCCC(C3CCCCC3)C2)CC1
C1CCC(C2CCCC(CC3CC(C4CCCCC4C4CCCC4)C4CCCCC34)C2)CC1
C1CCC(C2CCC(C3CCCCC3C3CCC4CCCC4C3)C(C3CC3)C2)CC1
C1CCC(CCCCC2CCCC(CCCC3CCCCC3)C2)CC1
C1CCC(CCC2CCC(C3CCCC(CC4CC5CCCCC5C4)C3)CC2)CC1
C1CCC(C2CCCC(C3CCC4CCCCC43)C2)CC1
C1CCC(CCCC2CCC(CC3CCCCC3)CC2)CC1
C1CCC(C2CCCC(C3CCC(C4CCCC4)CC3)C2)CC1
C1CCC(CC2CCC(CCCC3CCCC(CC4CCCCC4)C3)CC2)CC1
C1CCC(CC2CCC(CC3CCCCC3)CC2)CC1
C1CCC(CCCC2CCC(C3CCCCC3)CC2)CC1
C1CCC(CCC2CCCC(CCC3CCCCC3)C2C2CCCC2)CC1
C1CCC(C2CC(C3CCCCC3)CC(C3CCCCC3)C2)CC1
C1CCC(CC2CCC(CC3CCC4CCCC4C3)CC2)CC1
C1CCC(CC2CCC(C3CCCCC3CC3CCC(C4CCCCC4)CC3)CC2)CC1
C1CCC(CCC2CCC(CC3CCCCC3)CC2)CC1
C1CCC(CCC2CCCC(C3CC4CCC(CC5CCCCC5)CC4C(C4CCCCC4)C3)C2)CC1
C1CCC(CC2CCC(CC3CCCCC3)CC2)CC1
C1CCC(CC2CCCCC2)CC1
C1CCC(CCC2CCC(C3CC(C4CCC(C5CCCCC5)CC4)C4CCCCC34)CC2)CC1
C1CCC(C2CCCC(CC3CC(C4CCCCC4)C4CCCCC34)C2)CC1
C1CCC(C2CCCC2C2CCC3C(CCCC3C3CCCC3)C2)CC1
C1CCC(C2CCC(CC3CCC(C4CCC(CCC5CCCC5)CC4)CC3)C2)CC1
C1CCC(CCCC2CCC(CC3CCC(CCC4CCCCC4)CC3)CC2)CC1
C1CCC(CC2CCCC(C3CC(CC4CCC(C5CCCCC5)CC4)C4CCCCC43)C2)CC1
C1CCC(CCC2CCC(C3CCCCC3C3CCCCC3)CC2)CC1
C1CCC(C2CCCCC2C2CCC(C3CCC(CC4CCCC4)CC3)CC2)CC1
C1CCC(CC2CCCCC2C2CCC(C3CCCCC3)CC2)CC1
C1CCC(CC2CC(C3CCCC(C4CCCCC4)C3)CC3CCCCC32)CC1
C1CCC(C2CCC(C3CCCC(C4CCCCC4)C3)CC2)CC1
C1CCC(CCC2CCCC(CCCCC3CCC(CC4CCCCC4)CC3)C2)CC1
C1CCC(CC2CCC(C3CCCC3)CC2)CC1
C1CCC(CC2CC(C3CCCC(C4CCCCC4)C3)C3CCCCC23)CC1
C1CCC(CC2CC3CCC(C4CCCCC4)CC3C(CC3CCCCC3)C2)CC1
C1CCC(CCC2CCCC(CC3CCC(CC4CCCCC4)CC3)C2)CC1
C1CCC2C(C1)CCC2C1CCCC(C2CCCCC2C2CCCCC2C2CCCC2)C1
C1CCC(CCCCC2CCCCC2)CC1
C1CCC(C2CCCC(C3CCCCC3)C2)CC1
C1CCC(CC2CCC(CC3CCC(C4CCCCC4)C3)CC2C2CCCCC2)CC1
C1CCC(CC2CCCC(C3CCCCC3CC3CCCCC3)C2)CC1
C1CCC(CCCC2CC(C3CCCCC3)CC(C3CCCCC3)C2)CC1
C1CCC(CC2CCC(CCC3CCC(CC(C4CCCCC4)C4CCCC4)CC3)CC2)CC1
C1CCC(C2CCCC(C3CCCCC3C3CCC3)C2)CC1
C1CCC(CCC2CCC(CC3CCC(CC4CCCCC4)CC3)CC2)CC1
C1CCC(C2CCCC3CC(C4CCCC(CC5CC6CCCCC65)C4)CC32)CC1
C1CCC(C2CCC(C3CC(C4CCC5CCCCC54)CC4CCCCC43)CC2)C1
C1CCC(C2CCC(C3CCCC(C4CCCCC4)C3)CC2)CC1
C1CCC(CCCC2CCCCC2)CC1
C1CCC(CC2CCC(C(C3CCCCC3)C3CCCC(CC4CCCC4)C3)CC2)CC1
C1CCC(CC2CC(CC3CCCCC3)C3CC(C4CCCCC4)CCC23)CC1
C1CCC(C2CCC(CCC3CCC3)CC2)CC1
C(CCC1CCCC(C2CCC(C3CCCC3)CC2)C1)CC1CCC2CCCCC2C1
C1CCC(C2CCCC(CC3CCCC(C4CCC5CCCCC5C4)C3)C2)CC1
C1CCC(CCCC2CCC(CC3CCCC(C4CCCC4)C3)CC2)CC1
C1CCC(C2CCCC(CCC3CCCC(CCCC4CCCC4)C3)C2)CC1
C1CCC(CC2CCCCC2C2CCC(C3CCCC(CC4CC5CCCCC5C4)C3)C2)CC1
C1CCC(C2CCC(CC3CCCC(CC4CCC5CCCCC5C4)C3)CC2C2CCC3CCCC3C2)CC1
C1CCC(CC2CCCC(C3CCCCC3)C2)CC1
C1CCC(CC2CCC(C3CCCCC3)CC2)CC1
C1CCC(C2CCCCC2C2CCC3CCCC3C2)CC1
C1CCC(C2CCCC(C3CCC(CCCCC4CC4)CC3)C2)CC1
C1CCC(CC2CCC(C3CCCC(C4CCCCC4)C3)CC2)CC1
C1CCC(CCC2CCC(C3CCC4CCCCC43)CC2)CC1
C1CCC(C2CCC(C3CCCC(C4CCCC5CC(C6CCCCC6)CCC54)C3)C2)CC1
C1CCC(CC2CC(C3CCCC(C4CC4)C3)C3CCCCC23)CC1
C1CCC(C2CCC(CCC3CC4CCCCC4C3)CC2)CC1
C1CCC(CC2CCC(CCC3CCCCC3CC3CCCCC3)C(C3CCCC3)C2)CC1
C1CCC(CCCCC2CCC(CC3CCCCC3)CC2)CC1
C1CCC(CCCC2CCC(C3CCCCC3)CC2)CC1
C1CCC(CCCC2CCCCC2CC2CCCCC2)CC1
C1CCC(CC2CCC(C3CCCCC3)CC2)CC1
C1CCC(CC2CCC(C3CCCCC3)C(CC3CCCCC3)C2)CC1
C1CCC(CCC2CCC(C3CCC(CC4CCCCC4)CC3)CC2)CC1
C1CCC(C2CCCC(CC3CCC(CCC4CCCCC4CC4CCC5CCCC5C4)CC3)C2)CC1
C1CCC(CCCC2CCC(C3CCCCC3)CC2)CC1
C1CCC(CCC2CCCC(CC3CCCCC3)C2)CC1
C1CCC(CC2CCCCC2CC2CCCCC2)CC1
C(CCCC1CCCCC1)CCCC1CCC(C2CCCCC2)CC1
C1CCC(CCCC2CCCC(CC3CCCCC3)C2)CC1
C1CCC(CC2CCCC(CC3CCCC(C4CCCCC4)C3)C2)CC1
C1CCC(C2CCC(C3CCCC3)CC2C2CCCCC2)CC1
C1CCC(CCC(CC2CCCCC2)CC2CCCC(C3CC3)C2)CC1
C1CCC(CCCCCC2CCCC(C3CCCCC3)C2)CC1
C1CCC(CCCC2CCC(CC3CCCCC3CCC3CCCC3)CC2)CC1
C1CCC(CC2CC3CCC(C4CCCCC4)CC3C(C3CCCC3C3CCCCC3)C2)CC1
C1CCC(C2CCCC(CCC3CCCCC3C3CCCC3C3CCCC3)C2)CC1
C1CCC(C2CCC(C3CCC4CCCC4C3)C(C3CCCCC3C3CCCC3)C2)C1
C1CCC(CCC2CCC(C3CCC4CCCCC4C3)CC2)CC1
C1CCC(CCC2CCCC(C3CCCCC3)C2)CC1
C1CCC(CCC2CCCC(C3CCCCC3)C2)CC1
C1CCC(C2CCCC(CCCCC3CC3)C2)CC1
C1CCC(C2CCCC(CC3CCC(CCC4CCCCC4C4CCCC4)CC3)C2)CC1
C1CCC(C2CCCCC2CCC2CCCC(C3CCCC3)C2)CC1
C1CCC(CC2CCCC(CCCCC3CCC4CCCCC34)C2)C1
C1CCC(CCC2CCCC(CCC3CCC(CC4CCCCC4)CC3)C2)CC1
C1CCC(C2CCC(CC3CCCCC3C3CCCCC3)CC2)CC1
C1CCC(C2CCC3C(CCCC3C3CCCCC3)C2)CC1
C1CCC(CCC2CCC(CC3CCCCC3CC3CCCCC3)CC2)CC1
C1CCC(CC2CC(C3CCCCC3)C3CCCCC23)CC1
C1CCC(C2CCC(C3CCCC(C4CCCCC4)C3)CC2)CC1
C1CCC(CC2CCC(CC3CCCC(C4CCCCC4)C3)CC2)CC1
C1CCC(C2CCC(CCC3CCCCC3C3CCCCC3)CC2)CC1
C1CCC(C2CC(C3CCCC(CCC4CCC(C5CCC5)CC4)C3)CC3CCCCC32)CC1
C1CCC(CCC2CCCC(CCC3CCCCC3)C2)CC1
C1CCC(C2CCC(CC3CCC(C4CCCCC4)CC3)CC2)CC1
C1CCC(CC2CCCC(C3CCCC(C4CCCC(CC5CC6CCCCC6C5)C4)C3)C2)CC1
C1CCC(C2CCCCC2C2CCCC(C3CCC4CCCC4C3)C2)CC1
C1CCC(CCC2CCC3CC(CC4CCCCC4)CCC23)CC1
C1CCC(C2CCCC(C3CCC4C(CCCC4C4CCCC(C5CCC6CCCC6C5)C4)C3)C2)C1
C1CCC(CC2CC(C3CCC4CC(C5CCCC5)CCC43)CC3CCCCC32)CC1
C1CCC(C2CCCCC2)CC1
C1CCC(CCC2CCC(CC3CCCCC3)CC2)CC1
C1CCC(CC2CC(C3CCC(C4CCC4)C(C4CCCC4)C3)C3CCCCC23)CC1
C1CCC(CC2CC(CCCC3CCCC(C4CCCCC4)C3)C3CCCCC23)CC1
C1CCC(C2CCCC(C3CCCCC3CC3CCC4CCCCC43)C2)CC1
C1CCC(CC2CCC(CC3CCCCC3C3CCCCC3)CC2)CC1
C1CCC(CC2CCCCC2CCC2CCC(C3CCC(C4CCC5CCCCC54)CC3)CC2)CC1
C1CCC(C2CCCC(C3CCCCC3)C2)CC1
C1CCC(CC2CCC(CCC3CCCC(CC4CCCCC4)C3)CC2)CC1
C1CCC(C2CCC3CCC(CC4CCCC(C5CCC6CCCCC65)C4)CC3C2)CC1
C1CCC(CC2CCCC(C3CCCC(CC4CCCCC4)C3)C2)CC1
C1CCC(CC2CCCC(C3CCCCC3CC3CCCCC3)C2)CC1
C1CCC(CCC2CCC(C3CCC(C4CCCCC4)CC3)CC2)CC1
C1CCC(C2CCC(C3CCCCC3)C(C3CCCC3)C2)CC1
C1CCC(CCC2CCCC(CCC3CCC(CC4CCCCC4)CC3)C2)CC1
C1CCC(CC2CCC(CC3CCCCC3C3CCCC3)CC2)CC1
C1CCC(C2CCC(CC3CCC(C4CCC5CCCCC54)CC3)CC2)CC1
C1CCC(CC2CC(CCC3CCC4CCCCC43)C3CC(C4CCCCC4)CCC23)CC1
C1CCC(CC2CCC(CC3CCCCC3)CC2)CC1
C1CCC(C2CCCCC2)CC1
C1CCC(C2CCC(CC3CCC(C4CCCC(C5CCCCC5)C4)CC3)CC2)CC1
C1CCC(C2CCCC(CCCC3CCC(C4CCCC4)CC3)C2)CC1
C1CCC(C2CCC(CCCC3CCCC(C4CCCCC4)C3)CC2)CC1
C1CCC(CCCC2CCC(CC3CCCCC3C3CCCCC3C3CCCC3)CC2)CC1
C1CCC(C2CC(CCCCC3CCC4CCCCC4C3)CC(C3CCCC3)C2)CC1
C1CCC(C2CCCCC2C2CCCC(C3CCC(CCCC4CCCC4)CC3)C2)CC1
C1CCC(CC2CCC(CCC3CCCC(C4CCCCC4)C3)CC2)CC1
C1CCC(CC2CCCC(C3CCCCC3)C2)CC1
C1CCC(C2CCCCC2)CC1
C1CCC(CC2CC3CCCCC3C2)C(CCC2CCC(CCC3CC3)CC2)C1
C1CCC(CCCC2CCC(CC3CCC(C4CCCCC4)CC3)CC2)CC1
C1CCC(CC2CCCC(CC3CCCCC3)C2)CC1
C(CC1CCC(C2CCCC2)CC1)CC1CCC(C2CCCC(C3CCCC3)C2)CC1
C1CCC(C2CCCC(C3CCCCC3)C2)CC1
C1CCC(C2CCC(CCCC3CCC(C4CCCCC4)CC3)CC2)CC1
C1CC(CC2CCC3CCCCC32)CC(C2CCC(C3CCCC(C4CC4)C3)CC2)C1
C1CCC(C2CCCC(C3CCC(CC4CC5CCCCC5C4)CC3)C2)CC1
C1CCC(CCCC2CCC(CC3CCCCC3)CC2)CC1
C1CCC(CCCC2CCCC(C3CCCC(CC4CCCCC4)C3)C2)CC1
C1CCC(C2CCC3C(CCCC3C3CCCCC3)C2)CC1
C1CCC(C2CC(CCC3CCC4CCCC4C3)CC(C3CCCCC3)C2)CC1
C1CCC(C2CCCC(C3CCC(CCC4CC5CCCCC5C4)C3)C2)C1
C1CCC(CC2CCCC(C3CCCCC3)C2)CC1
C1CCC(CC2CCC(CCC3CCC(C4CC5CCCCC5C4)CC3)CC2)CC1
C1CCC(CC2CCC(C3CCC(C4CCC4)CC3)CC2)CC1
C1CCC(CC2CC(CC3CCC(C4CCCCC4)CC3)C3CCCCC23)CC1
C1CCC(C(CC2CC2)CC2CCCC(C3CCC4CC(CCC5CCCC5)CCC43)C2)CC1
C1CCC(C2CCCC(CC3CC(C4CCCC4)C4CCCCC34)C2)CC1
C1CCC(CCC2CCC(CC3CCCCC3C3CCCCC3)CC2)CC1
C1CCC(CC2CCCC(C3CCCCC3CC3CCCCC3)C2)CC1
C1CCC(CC2CCC3CCC(CC4CCC(CC5CC6CCCCC6C5)CC4)C3C2)CC1
C1CCC(CCCCC2CCC(C3CCC(CC4CCCC(C5CCCCC5)C4)CC3)CC2)CC1
C1CCC(CC2CCCC(C3CCCCC3)C2)CC1
C1CCC(CCCC2CCC(CCC3CCCCC3)CC2)CC1
C1CCC(C2CCCCC2C2CCCCC2)CC1
C1CCC(C2CCC(CCC3CC4CCCCC4C3)CC2)CC1
C1CCC(CCC2CCC(CC3CCCCC3)CC2)CC1
C1CCC(C2CCCC(CC3CCC(CC4CC4)CC3)C2)CC1
C1CCC(C2CCCCC2C2CCCCC2C2CCCC(CC3CC4CCCCC4C3)C2)CC1
C1CCC(C2CCCC(C3CCCCC3)C2)CC1
C1CCC(C2CCC(CCCC3CCCC(C4CCCC(CC5CC5)C4)C3)CC2)CC1
C1CCC(CCC2CCC(C3CCCCC3)CC2)CC1
C1CCC(CCCC2CCCCC2C2CCCC(C3CCCC(C4CCCCC4)C3)C2)CC1
C1CCC(C2CCC(C3CCCCC3C3CCC4CCCC4C3)C(C3CCCC3)C2)CC1
C1CCC(CCCC2CCC(C3CCC4C(CCCC4C4CCCCC4)C3)CC2)CC1
C1CCC(CC2CCC(C3CCC(C4CCC4)CC3C3CCCCC3)CC2)CC1
C1CCC(CC2CCC(CC3CCCC(C4CCCCC4)C3)CC2)CC1
C1CCC(C2CCC(CC3CCC(CCC4CCC(C5CCC5)CC4)CC3)CC2)CC1
C1CCC(CCCC2CCCC(C3CCC3)C2)CC1
C1CCC(CC2CCC(C3CCCC4CCCCC43)CC2C2CCC3CCCC3C2)CC1
C1CCC(C2CCC(CCC3CCC4CCCCC4C3)CC2)CC1
C1CCC(CC2CCC(CCCC3CCC(CC4CCCCC4)CC3)CC2)CC1
C1CCC(CCCC2CCCC2)CC1
C1CCC(C2CCCCC2C2CCC(C3CCC(C4CCC5CCCCC5C4)C3)CC2)CC1
C1CCC(C2CCC3C(CCC3C3CCCC3)C2)CC1
C1CCC(CC2CCCC(C3CCCCC3)C2CC2CCC2)CC1
C1CCC(CC2CCCC(C3CCCC(C4CCCC(C5CCCCC5)C4)C3)C2)CC1
C1CCC(CC2CCCCC2C2CCCC(CC3CC3)C2)CC1
C1CCC(CCC2CCC(CCC3CCCC(CCC4CCCCC4)C3)CC2)CC1
C1CCC(CC2CCCC(C3CCCC(C4CCCC4)C3)C2)CC1
C1CCC(CC2CCC(CC3CCC(CC4CCC5CCCC5C4)CC3)CC2)CC1
C1CCC(CCCCC2CCCCC2C2CCCC(CC3CCC4CCCC4C3)C2)CC1
C1CCC(C2CCC(C3CCC4CCC(C5CCCCC5)CC43)CC2)CC1
C1CCC(CCC2CCCCC2C2CCCCC2)CC1
C1CCC(CC2CCC(C3CCCC(CC4CCCCC4)C3)CC2)CC1
C1CCC(C2CCC(C3CC4CCCCC4C3)CC2)CC1
C1CCC(C2CCCC(C3CCCC(CC4CCCC4)C3)C2)CC1
C1CCC(CCC2CCC(CCC3CCCCC3)CC2)CC1
C1CCC(CC2CCCC(C3CCCCC3)C2)CC1
C1CCC(C2CCC(C3CCC4CCCCC43)CC2)CC1
C1CCC(CC2CCC(CC3CCC(CC4CCCCC4)CC3)CC2)CC1
C1CCC(CCCC2CCC(C3CCCC(CCC4CCCCC4)C3)CC2)CC1
C1CCC(CCCC2CCCC(CC3CCC4CCCC4C3)C2)CC1
C1CCC(C2CCCC(C3CCCC(C4CCC(C5CCCCC5)CC4C4CCCC4)C3)C2)CC1
C1CCC(C2CCCCC2)CC1
C1CCC2C(C1)CCC2C1CC(C2CCC(CCC3CCC(CCC4CC4)CC3)CC2)C2CCCCC21
C1CCC(CCC2CCCC(C3CCC(C4CCC4)CC3)C2)CC1
C1CCC(CCC2CCCCC2)CC1
C1CCC(CC2CCC(CCC3CCC(C4CCC5CCCCC54)CC3)CC2)CC1
C1CCC(CCC2CCC(CC3CCC(CC4CCC(CC5CCCCC5)CC4)CC3)CC2)CC1
C1CCC(C2CCCC(C3CCC4CCCCC43)C2)CC1
C1CCC(CC2CCC(C3CCCC4CCCCC43)C(C3CCCC3)C2)CC1
C1CCC(C2CCCC(CC3CCCC(C4CCCC5CC(C6CCCCC6)CCC54)C3)C2)CC1
C1CCC(CCCCC2CCC(CCCC3CCC(C4CCCCC4)CC3)CC2)CC1
C1CCC(CCC2CCC(C(CCC3CC3)C3CCCCC3)CC2)CC1
C1CCC(CCC(CC2CCCC(CC3CCCCC3C3CCC3)C2)C2CCCCC2)CC1
C1CCC(C2CCC(C3CCCC(C4CCCCC4)C3)CC2)CC1
C1CCC2CC(C3CCC(CC4CCC(CCCC5CCCC6CCCCC65)CC4)CC3)CCC2C1
C1CCC(C2CC(C3CCCCC3)CC(C3CCCCC3)C2)CC1
C1CCC(C2CCCCC2CC2CCC(C3CCC3)CC2)CC1
C1CCC(CC2CC(CC3CCCCC3)CC(CC3CCC4CCCC4C3)C2)CC1
C1CCC(CCC2CCCC(C3CC(CCC4CCCCC4)CC(C4CCCC4)C3)C2)CC1
C1CCC(C2CCCC(C3CCCCC3)C2)CC1
C1CCC(CC2CCCC(CC3CCCC(C4CCCCC4)C3)C2)CC1
C1CCC(CCCC(C2CCCCC2)C2CCC(CC3CCCCC3)CC2)CC1
C1CCC(CC2CCCC(C3CCCCC3CC3CCC(C4CCCCC4)CC3)C2)CC1
C1CCC(C2CCC(CCC3CCCC3)CC2)CC1
C1CCC(CCCC2CC3CCC(C4CCCC4)CC3C(CC3CCCCC3)C2)CC1
C1CCC(C2CCC(C3CC3)CC2CC2CCC(C3CCC(C4CCCC4)CC3)CC2C2CCCC2)CC1
C1CCC(C2CCC(C3CCCC(CCC4CCCC4)C3)CC2)CC1
C1CCC(CCC2CCC(C3CC(C4CCCCC4)C3)CC2)CC1
C1CCC(CCC2CCC(CC3CCCCC3)CC2)CC1
C1CCC(CCCC2CCC(C3CCCCC3)CC2)CC1
C1CCC(CCC2CCCCC2)CC1
C1CCC(C2CCC(C3CCCCC3C3CCCCC3)CC2)CC1
C1CCC(CC2CCCC(CCC3CCC(C4CCCCC4)CC3)C2)CC1
C1CCC(CC2CCC(CC3CCCC(C4CCCCC4)C3)CC2)CC1
C1CCC(CC2CCCCC2C2CCCC3CC(C4CCCCC4)CCC32)CC1
C1CCC(C2CCC3CCCCC3C2)CC1
C1CCC(C2CCC(C3CCC(C4CCCCC4)C3)CC2)CC1
C1CCC(C2CCC(CC3CCCCC3C3CCCCC3)CC2)CC1
C1CCC(C2CCC(C3CCCCC3C3CCCCC3)CC2)CC1
C1CCC(CCC2CC(CCCC3CCC(CC4CCCCC4)CC3)C3CCCCC23)CC1
C1CCC(CC2CCCCC2CCCC2CCCC(C3CCC(C4CCCCC4)CC3)C2)CC1
C1CCC(CC2CCC(CC3CCCC(C4CCCCC4)C3)CC2)CC1
C1CCC(CCCC2CCC(CC3CCCCC3)C(CCC3CCCCC3)C2)CC1
C1CCC(CCC2CCC(CC3CCC(C4CCCC4)CC3)CC2)CC1
C1CCC(C2CC(C3CCCCC3)C(C3CCCCC3)C3CCCC23)CC1
C1CCC(CCCC2CCCC(C3CCCCC3)C2)CC1
C1CCC(C2CC3CCCCC3C(C3CCCCC3)C2)CC1
C1CCC(CCCCC2CCCC(C3CCC4CCCCC4C3)C2)CC1
C1CCC(CCCC2CCCCC2C2CCCCC2)CC1
C1CCC(CC2CCC(CC3CCC(CC4CCCCC4)CC3)CC2)CC1
C1CCC(CC2CCCCC2C2CCC3C(CCC3C3CCC(C4CCC4)CC3)C2)CC1
C1CCC(CCCC2CCCC(C3CCC(CCC4CCCCC4)CC3)C2)CC1
C1CCC(CC2CCCC(C3CCCC(C4CCCCC4)C3)C2)CC1
C1CCC(CC2CCC(C3CCC4CCCCC43)CC2)CC1
C1CCC(C2CCCC(C3CCCC(C4CCCCC4)C3)C2)CC1
C1CC2CCC(C3CCCCC3C3CCCC(CC4CC4)C3)CC2C1
C1CCC(CCCCCC2CCCCC2C2CCCCC2)CC1
C1CCC(C2CCCC(C3CCC(C4CCCCC4)C3)C2)CC1
C1CCC(CC2CC(C3CCCC4CCCCC43)CCC2CCC2CCCC(C3CCCCC3)C2)CC1
C1CCC(C2CCC(CC3CCC(C4CCCC(C5CC5)C4)CC3)CC2)CC1
C1CCC(C2CCC(C3CCCC3)C(C3CCC4CCCC4C3)C2)CC1
C1CCC(C2CCC(CC3CCC4CCCC4C3)CC2)CC1
C1CCC(CC2CCC(CCCC3CCCC(CC4CCCCC4)C3)CC2)CC1
C1CCC(CCCC2CC(CC3CCCCC3)CCC2CC2CCCCC2)CC1
C1CCC(C2CC3CCCCC3C(C3CCCCC3)C2)CC1
C1CCC(CCC2CCCC(C3CCCC(C4CCCCC4)C3)C2)CC1
C1CCC(CC2CCCC(C3CC(C4CCCCC4)CC(C4CCC4)C3)C2)CC1
C1CCC(C2CCCCC2)CC1
C1CC(C2CCC(CC3CCCC(C4CCC(C5CCCC5)CC4)C3)CC2)C1
C1CCC(CC2CCC(CC3CCC(C4CCCC4)C(C4CCCCC4)C3)CC2)CC1
C1CCC(CC2CCCC(CCC3CCC(C4CCCCC4)CC3)C2)CC1
C1CCC(CC2CCC(C3CC(C4CCCCC4C4CCCC4)C4CCCCC34)CC2)C1
C1CCC(C2CCCCC2)CC1
C1CCC(CC2CC(C3CC(CC4CCCCC4)C4CCCCC43)C3CCCCC23)CC1
C1CCC(C2CCCCC2)CC1
C1CCC(CC2CCC(CC3CCCCC3)CC2)CC1
C1CCC(C2CCCC(C3CCCCC3)C2)CC1
C1CCC(CCC2CCC(C3CC(CC4CCCCC4)C4CCCCC43)CC2)CC1
C1CCC(CCCCCC2CCC3C(CCC3C3CCCC3)C2)CC1
C1CCC(CC2CC(C3CCC(C4CCCC(C5CCCC5)C4)CC3)C3CCCCC23)CC1
C1CCC(CC2CCC3C(C4CCCCC4)CC(C4CCCCC4)C3C2)CC1
C1CCC(C2CC(C3CCC(CC4CCCC5CC(C6CCCCC6)CCC45)CC3)C2)CC1
C1CCC(C2CCCC(C3CCCC3)C2)CC1
C1CCC(CC2CCCCC2C2CCCC2)CC1
C1CCC(CCC2CCCCC2)CC1
C1CCC(CC2CCCCC2)CC1
C1CCC(CCCC2CCC(CC3CCCCC3CC3CCCCC3)CC2)CC1
C1CCC(CC2CCC(CC3CCCC(C4CCCCC4)C3)CC2)CC1
C1CCC(CCC2CCCCC2)CC1
C1CCC(C2CCCCC2C2CCC(C3CCCCC3C3CCCCC3)CC2)CC1
C1CCC(CC2CCC(CCC3CCCC(C4CCCCC4)C3)CC2)CC1
C1CCC(C2CCCC(C3CCC4CCCCC4C3)C2)CC1
C1CCC(CC(CC2CCC(C3CCCC(C4CCCCC4)C3)CC2)C2CCC3CCCC3C2)CC1
C1CCC(C2CCC(CCCC3CCC(C4CCCC(C5CCCCC5)C4)CC3)CC2)CC1
C(CCC1CCC2CCCCC12)CC1CCC(CCC2CCC(C3CC3)CC2)CC1
C1CCC(CCC2CCCC(CC3CCCCC3)C2CCC2CCCCC2)CC1
C1CCC(C2CCCCC2C2CCCC(CC3CC4CCCCC4C3)C2)CC1
C1CCC(CC2CC(C3CCC(C4CCCC(C5CC6CCCCC6C5)C4)CC3)C3CCCCC23)CC1
C1CCC(CCC2CCC(CCC3CCCCC3C3CCCCC3)CC2)CC1
C1CCC(CCCC2CCC(CC3CCCCC3)CC2)CC1
C1CCC(C2CCCC(C3CCCCC3)C2)CC1
C1CCC(CC2CCC(C3CCCCC3)C(CC3CCCC(C4CCCC4)C3)C2)CC1
C1CCC(CC2CCCC(C3CCCCC3)C2)CC1
C1CCC(CCCC2CCC(CCCC3CCCCC3)CC2)CC1
C1CCC(CC2CCC(CCC3CCC(CC4CCC(C5CCCCC5)CC4)CC3)CC2)CC1
C1CCC(CC2CCC(C3CCCC(C4CCCCC4)C3)CC2)CC1
C1CCC(C2CCC(CC3CCCC(C4CCCCC4)C3)CC2)CC1
C1CCC(CC2CCC(C3CCCC(C4CCCCC4)C3)CC2)CC1
C1CCC(C2CCC(CC3CCC(CCC4CCC(C5CCC6CCCCC65)CC4)CC3)CC2)CC1
C1CC(C2CCC(C3CCCCC3C3CCC4CCCCC4C3)CC2)C1
C1CCC(CCCC2CCC(CC3CCCCC3)CC2C2CCCCC2)CC1
C1CCC(CCCCC2CCCCC2C2CCCCC2CC2CCC3CCCCC3C2)CC1
C1CCC(C2CCCC(C3CCCCC3)C2)CC1
C1CCC(CCCC2CCCC3CC(CC4CCCCC4)CCC23)CC1
C1CCC(CCC2CCC(C3CCC(CC4CCCCC4)CC3)CC2)CC1
C1CC(CC2CCCCC2C2CC(C3CC3)CCC2C2CCCC2)C1
C1CCC(CC2CC(CC3CCCC(C4CCCCC4)C3)C3CCCCC23)CC1
C1CCC(CC2CCC(C3CCCCC3)CC2C2CCCCC2)CC1
C1CCC(C2CCCCC2)CC1
C1CCC(C2CCC(C3CCCC4CCCCC43)CC2)CC1
C1CCC(C(CC2CCCC3CCCCC32)C2CCCC(C3CCCC(C4CC4)C3)C2)CC1
C1CCC(CCC2CCCC(C3CCCCC3)C2)CC1
C1CCC(C2CCC(CC3CCC(C4CCCCC4CCC4CCC5CCCC5C4)CC3)CC2)CC1
C1CCC(CCC2CCCC(C3CCCCC3)C2)CC1
C1CCC(CC2CCCC(CCCC3CCC4CCCCC4C3)C2)CC1
C1CCC(CCCC2CCCC(CC3CCCC3)C2)CC1
C1CCC(CCC2CCCC(CCCCC3CCC(C4CCC4)CC3)C2)CC1
C1CCC(C2CCCCC2C2CCCCC2C2CCCCC2)CC1
C1CCC(C2CCC3C(CCCC3C3CCCCC3)C2)CC1
C(CCC1CCC(CC2CCC(C3CC3)CC2)CC1)CCC1CCCC(C2CCCCC2)C1
C1CCC(C2CC(C3CCCCC3)C(C3CCCCC3)C3CCCC23)CC1
C1CCC(CCCCC2CCCC(C3CCC(CCC4CCCCC4)CC3)C2)CC1
C1CCC(CC2CCCC(CC3CCC(C4CCCCC4C4CCC5CCCC5C4)CC3)C2)CC1
C1CCC(CC2CCC(CC3CCCCC3)CC2)CC1
C1CCC(CC2CCC(CCC3CCC4C(CCC4C4CCCCC4)C3)CC2)CC1
C1CCC(C2CCC(C3CCC(CC4CCCC4)C(C4CCCC4)C3)CC2)CC1
C1CC2CCC(CC3CCCC(C4CCCC(C5CCCCC5C5CCCC5)C4)C3)CC2C1
C1CCC(CC2CCCCC2C2CCC(C3CCCCC3)CC2)CC1
C1CCC(C2CCCC2C2CCCCC2C2CCC3CCCC3C2)CC1
C1CCC(CC2CCC(C3CCC(C4CCCCC4)CC3)CC2)CC1
C1CCC(C2CC(C3CCCCC3)CC(C3CCCC(CCCC4CCC4)C3)C2)CC1
C1CCC(CC2CCCC(CC3CCCCC3)C2)CC1
C1CCC(CCCC2CCCC(C3CCCCC3)C2)CC1
C1CCC(CCCC2CCCC(C3CCCCC3)C2)CC1
C1CCC(CCCCC2CCC(CC3CCCC(C4CCCC(CC5CCCCC5)C4)C3)CC2)CC1
C1CCC(C2CCC(C3CC4CCCCC4C3)CC2)CC1
C1CCC(CCCCC2CCC(CCC3CCCCC3)CC2)CC1
C1CCC(C2CCC(C3CCC4C(CC5CCCC5)CCC4C3)C(C3CCCC3)C2)CC1
C1CC2CCC(C3CCC(C4CCCC4)C(CCC4CCCCC4C4CCC5CCCC5C4)C3)CC2C1
C1CCC(CC2CCCC(CC3CCCCC3)C2)CC1
C1CCC(CCC2CCC(C3CC(C4CCCCC4)CC(C4CCC4)C3)CC2)CC1
C1CCC(CC2CC(C3CCCCC3)CC(C3CCCC3C3CC3)C2)CC1
C1CCC(C2CC(C3CCCCC3)CC(C3CCC4CCCCC4C3)C2)CC1
C1CCC(C2CCC(C3CC4CCCCC4C(C4CCCCC4)C3)CC2C2CCCC2)CC1
C1CCC2CC(CCC3CCC4CCC(C5CCC6CCCCC6C5)CC34)CCC2C1
C1CCC(CCC2CCCC(CC3CCC(C4CCCCC4)CC3C3CCCC3)C2)CC1
C(CCCC1CCCCC1)CCC1CCCCC1
C1CCC(CC2CCC(C3CCC(C4CCCCC4)CC3)CC2)CC1
C1CCC(CCCCC2CCC(CC3CCC(CC4CCCC4)CC3)CC2)CC1
C1CCC(C2CCC(C3CCC(CC4CCCC4)CC3)CC2)CC1
C1CCC(CC2CCC(CC3CCC(C4CCCC5CCCCC54)CC3)CC2)CC1
C1CCC(CC2CCCC(C3CCCCC3)C2)CC1
C1CCC(CC2CCC(C3CCCC3)CC2)CC1
C1CCC(CC2CCCCC2C2CCCCC2)CC1
C1CCC(C2CCCC(CCC3CCCC(C4CCC4)C3)C2)CC1
C1CCC(CC2CCCC(C3CCCC(C4CCC(C5CCCCC5)CC4)C3)C2)CC1
C1CCC(CC2CCCCC2C2CCC(C3CCC4CCCC4C3)CC2)CC1
C1CCC(CCC2CCC(CCC3CCCCC3C3CCCC3)CC2)CC1
C1CCC(CCC2CCCCC2CC2CCCCC2)CC1
C1CCC(C2CCCC(C3CCCC(C4CCCCC4C4CCC5CCCC5C4)C3)C2)CC1
C1CCC(CCC2CC(C3CCC(C4CCCCC4)C3)C3CCCCC23)CC1
C1CCC(CC2CC(C3CCCCC3)C3CCCCC23)CC1
C1CCC(CC2CCCC(C3CCCC(C4CCCCC4)C3)C2)CC1
C1CCC(C2CCC(CC3CCCC(C4CCCCC4)C3)CC2)CC1
C1CCC(C2CCCC(C3CCC4CCCCC4C3)C2)CC1
C1CCC(C2CCC(C3CCCC4CC(C5CCCCC5)CCC43)CC2)CC1
C1CCC(CCCC2CCCC3CC(CC4CCCC(C5CCCCC5)C4)CC23)CC1
C1CCC(C2CCCC(C3CCCC3)C2)CC1
C1CCC(CC2CCC(C3CCCCC3)CC2)CC1
C1CCC(C2CCC(CC3CCC(C4CCCCC4)CC3)CC2)CC1
C1CCC(CCC2CCCC(CC3CCCCC3C3CCCCC3)C2)CC1
C1CCC(CCC2CCC(CC3CCCCC3)CC2C2CCCCC2)CC1
C1CCC(C2CCCC(CC3CC4CCCCC4C3)C2)CC1
C1CCC(CCC(C2CCCCC2)C2CCCC(C3CCCCC3)C2)CC1
C1CCC(C2CCC(C3CCC3)CC2C2CCCCC2)CC1
C1CCC(C2CCCC(CC3CC(C4CCCCC4)CCC3C3CCC3)C2)CC1
C1CCC(CCC2CCC(C3CCC(C4CCCC4)CC3)CC2)CC1
C1CCC(C2CCCC(C3CCCCC3)C2)CC1
C1CCC(C2CCC(C3CCCC(C4CCCCC4)C3)CC2)CC1
C1CCC(CCC2CCCC(CC3CCCCC3CCC3CCCCC3)C2)CC1
C1CCC(C2CCC(CC3CCCCC3C3CCCCC3)CC2)CC1
C1CCC(C2CCCCC2C2CCCCC2)CC1
C1CCC(CC2CCC(CC3CCCCC3)C(CCC3CC4CCCCC4C3)C2)CC1
C1CCC(C2CCC(CC3CCCC(CC4CCC5CCCCC54)C3)CC2)CC1
C1CCC(CCCC2CCCC(CC3CCC4CCC(C5CCC6CCCCC65)CC4C3)C2)C1
C1CCC(C2CCC3CC(C4CCC5CCCCC54)CC(C4CCCCC4)C3C2)CC1
C1CCC(CC2CCC(CCCC3CC3)C(C3CCC4CCCC4C3)C2)CC1
C1CCC(CCCC2CCCCC2CCCC2CCCC2)CC1
C1CCC(C2CCC(CC3CC4CCCCC4C3)CC2)CC1
C1CCC(CCCC2CCC(CC3CCCCC3)CC2)CC1
C1CCC(C2CCCC(C3CCC4CCCC4C3)C2)CC1
C1CCC(CCC2CCC(CCC3CCCC(CCC4CC5CCCCC5C4)C3)CC2)C1
C1CC2CCC(C3CCCCC3C3CCCC3)CC2C1
C1CCC(CCC2CCCCC2)CC1
C1CCC(C2CCCC(CCC3CCC4CCCCC43)C2)CC1
C1CCC(C2CCCCC2C2CCCCC2)CC1
C1CCC(CC2CCCCC2C2CCC3C(CCCC3C3CCCC4CCCCC43)C2)CC1
C1CCC(C2CCCC(CC3CC(C4CCCCC4)C4CCCCC34)C2)CC1
C1CCC(CC2CCCC(CCC3CCCCC3C3CCC(CC4CCC(CC5CC5)CC4)CC3)C2)CC1
C1CCC(CC2CCCC(C3CCCCC3CC3CC3)C2)CC1
C1CCC(CCCCC2CCCCC2)CC1
C1CCC(CC2CCCC(C3CCC(C4CC(CC5CCCCC5)C5CCCCC54)CC3)C2)CC1
C1CCC(CCCC2CCCC(C3CCCCC3)C2)CC1
C1CCC(CC2CCCC(C3CCCCC3)C2)CC1
C1CCC(CC2CCC(CC3CCCCC3C3CCC4CCCC4C3)CC2)CC1
C1CCC(CCC2CCC(CC3CCCCC3)CC2C2CCCCC2)CC1
C1CCC(CC2CCCCC2)CC1
C1CCC(CC2CCC(CC3CCC(CCCC4CCCC(C5CCC5)C4)CC3)CC2)CC1
C1CCC(C2CC(CC3CCCC(C4CCC4)C3)C3CCCCC32)CC1
C1CCC(C2CCCCC2C2CCCCC2)CC1
C1CCC(C2CCCC(C3CCC(C4CCCC4)CC3)C2)CC1
C1CCC(CCCC2CCCCC2C2CCCC(C3CCC(CC4CCCC(C5CCCCC5)C4)CC3)C2)CC1
C1CCC(C2CCCC(C3CCC(C4CCCC(C5CCCCC5)C4)CC3)C2)CC1
C1CCC(CCCC2CCC(C3CCCC(C4CCCCC4)C3)CC2)CC1
C1CCC(CCCC2CCCCC2C2CCCCC2CC2CCCCC2)CC1
C1CCC(CCC2CCC(C3CCCCC3)CC2CC2CC3CCCCC3C2)CC1
C1CCC(C2CCCC(C3CCCCC3)C2)CC1
C1CCC(CCC2CC(CC3CCC(CCC4CCCC4)CC3)C3CCCCC23)CC1
C1CCC(CCC2CCCCC2CC2CCCCC2)CC1
C1CCC(CC2CCC(CC3CCC(CC4CCCCC4)CC3)CC2)CC1
C1CCC(CC2CCCC(C3CCC3)C2)CC1
C1CCC(CC2CCC(CCC3CCCC3)CC2)CC1
C1CCC(CC2CCC(C3CCCCC3)C(CCC3CCCC3)C2)CC1
C1CCC(CCC2CCCC(C3CCCCC3)C2)CC1
C1CCC(CC2CCC(CC3CCC(CC4CCCCC4)CC3)CC2)CC1
C1CCC(CCC2CCC(CC(C3CCCCC3)C3CCCCC3)C(C3CCCC3)C2)CC1
C1CCC(CC2CCCCC2CCC2CCCC(C3CCCC(C4CCCCC4)C3)C2)CC1
C1CCC(CCCCC2CCC(CC3CCC4CCCCC4C3)CC2)CC1
C1CCC(CC2CCCCC2C2CCCCC2C2CCC(C3CCCCC3)C3CCCC32)CC1
C1CCC(CC2CCC(C3CCCCC3)CC2)CC1
C1CCC(CCC2CCCCC2C2CCC(C3CCCCC3)CC2C2CCC3CCCC3C2)CC1
C1CCC(C2CC(C3CCCCC3)C(C3CCC4CCCCC43)C(C3CCCC3)C2)CC1
C1CCC(CC2CCC3CC(C4CCC(CCC5CC6CCCCC6C5)CC4)CCC23)CC1
C1CCC(CC2CCCCC2CCC2CCCCC2C2CCCCC2)CC1
C1CCC(CC2CCCCC2C2CCCCC2C2CCCC2)CC1
C1CCC(CC2CCCCC2CC2CCC(CC3CC3)CC2)CC1
C1CCC(CC2CCC(C3CCCC(C4CCCCC4C4CCCCC4)C3)CC2)CC1
C1CCC(C2CCC(CC3CCCC(C4CCCC4)C3)CC2)CC1
C1CCC(CC2CCC(C3CCCCC3)CC2)CC1
C1CCC(CC2CCCC(CC3CCC(C4CCCC4)CC3)C2)CC1
C1CCC(C2CCC(CC3CCC(C4CCCCC4)CC3)CC2)CC1
C1CCC(CCC2CC(C3CCC3)CC(C3CCCC(C4CCCCC4)C3)C2)CC1
C1CCC(C2CCC(C3CCCC(C4CCC(C5CCC6C(CCC6C6CCCC6)C5)CC4)C3)CC2)CC1
C1CCC(CC2CCCCC2C2CCCCC2)CC1
C1CCC(CC2CCC(CCCC3CCCC(CC4CCCCC4)C3)CC2)CC1
C1CCC(CC2CCC(C3CCCCC3CC3CCCCC3)CC2)CC1
C1CCC(C2CCC(C3CCCCC3C3CCCCC3C3CCCCC3)CC2)CC1
C1CCC(C2CCC(CC3CCC(CC4CC5CCCCC5C4)CC3)CC2)CC1
C1CCC(CC2CC(C3CCCCC3)C3CCCCC23)CC1
C1CCC(C2CCCC(C3CCC(C4CCCCC4)C(C4CCCC4)C3)C2)CC1
C1CCC(CCCCC2CCCC(CC3CCCCC3)C2)CC1
C1CCC(CC2CCCCC2C2CCCC(CC3CCCC(C4CCCCC4)C3)C2)CC1
C1CCC(C2CCCC(CC3CCC(C4CCCC(C5CCCC5)C4)CC3)C2)CC1
C1CCC(CC2CCC(CCCC3CCCC(C4CCC(CC5CCCCC5)CC4)C3)CC2)CC1
C1CCC(C2CCCCC2C2CCCCC2)CC1
C1CCC(CC2CCC(C3CCCCC3)CC2)CC1
C1CCC(C2CCCC(C3CCCC(C4CCCC(C5CCCCC5)C4)C3)C2)CC1
C1CCC(CCC2CC(C3CCCCC3)CCC2CC2CCCCC2)CC1
C1CCC(C2CCC(CCC3CCC(CC4CCC(C5CCC(C6CCC7CCCCC7C6)CC5)CC4)CC3)CC2)CC1
C1CCC(CCCCCC2CCCC(C3CCC4CCCCC4C3)C2)CC1
C1CCC(CC2CCC(CCC3CC(C4CCCCC4)CCC3C3CCCCC3)CC2)CC1
C1CCC(C2CCCC(C3CC(C4CCCCC4)C(C4CCCC4)C(C4CC4)C3)C2)CC1
C1CCC(C2CCC(C3CCCCC3C3CCC4CCCC4C3)C(C3CCCCC3)C2)CC1
C1CCC(C2CCCC(C3CCCC(CC4CC4)C3)C2)CC1
C1CCC(C2CCCCC2)CC1
C1CCC(CC2CCC3CC(CCC4CCCC4)CC(C4CCCCC4)C3C2)CC1
C1CCC(CC2CCCC(C3CCCC(C4CCCCC4)C3)C2)CC1
C1CCC(CCCC2CCC(CCC3CC3)CC2)CC1
C1CCC(C2CCCC(CCC3CCCCC3C3CCCCC3)C2)CC1
C1CCC(C2CCCC(CCC3CCCCC3C3CCCC3C3CCCCC3)C2)CC1
C1CCC(C2CCC(CCCC3CCC4C(CCC4C4CCCCC4)C3)CC2)CC1
C1CCC(C2CCCCC2CC2CCC3CCCC(C4CCCCC4)C3C2)CC1
C1CCC(CC2CCC(C3CCCC(CCCCCC4CCCC4)C3)CC2)CC1
C1CCC(C2CCCC(C3CCCCC3C3CCC4CCCCC43)C2)CC1
C1CCC(CC2CCCCC2CC2CC(C3CCCCC3)CC3CC(C4CCCCC4C4CCCC4)CCC23)CC1
C1CCC(CCC2CCCC(CCC3CCCC(C4CCCCC4)C3)C2)CC1
C1CCC(C2CCC(C3CCC3)CC2)CC1
C1CCC(C2CCC(CC3CCC(C4CCC(CCC5CCCC5)CC4)C3)CC2C2CCCC2)CC1
C1CCC(CCCC2CCC(C3CCCCC3)CC2C2CCC3CCCC3C2)CC1
C1CCC(C2CCCC(C3CCCC(C4CCCCC4)C3)C2)CC1
C1CCC(CC2CCC(C3CCCCC3)C(C3CCC4CCCC4C3)C2)CC1
C1CCC(CC2CCC(C3CCCCC3C3CCCC3)CC2)CC1
C1CCC(CC2CCCC(C3CCCCC3)C2)CC1
C1CCC(CCC2CCC(C3CCCC(CC4CCCC(C5CCCC5)C4)C3)CC2)CC1
C1CCC(C2CCCC(C3CCCC(CC4CCCC(C5CCCC5)C4)C3)C2)CC1
C1CCC(CCCC2CCCC(C3CCCCC3CC3CCCCC3)C2)CC1
C1CCC(CCCCCC2CCC(CC3CCCCC3)CC2)CC1
C1CCC(C2CCCCC2)CC1
C1CCC(CCC2CCCC(C3CCCCC3)C2)CC1
C1CCC(CCC2CCC(CCC3CCCCC3)C(CCC3CCCCC3)C2)CC1
C1CCC(CC2CCC(CCCC3CCCCC3C3CCC3)C(C3CCCCC3)C2)CC1
C(CCC1CCCC1)CCC1CCCC(CC2CCCC(CC3CCCC3)C2)C1
C1CCC(C2CCC(CC3CCC(CC4CCC(C5CCCC5)CC4)CC3)CC2)CC1
C1CCC(CCCC2CCC3CCCC(C4CCCCC4)C3C2)CC1
C1CCC(C2CCCC(C3CCCC(CC4CCC5CCCC5C4)C3)C2)CC1
C1CCC(C(C2CCCCC2)C2CCCCC2)CC1
C1CCC(CC2CCCCC2CCC2CCCCC2C2CCCCC2)CC1
C1CCC(CC2CCC(CCC3CCC(C4CCCCC4)CC3)CC2)CC1
C1CCC(CCCC2CCCC(C3CC(CC4CCCC4)C4CCCCC43)C2)CC1
C1CCC(CC2CCCCC2C2CCC3CCCCC3C2)CC1
C1CCC(C2CCCC3CCC(CC4CCC(CC5CCC(CC6CC7CCCCC7C6)CC5)CC4)CC32)CC1
C1CCC(CC2CCC(CC3CCCC(C4CCCCC4)C3)CC2)CC1
C1CCC(CC2CCC(CC3CCCCC3)CC2)CC1
C1CCC(CC2CCC(CC3CCCCC3)CC2)CC1
C1CCC(CC2CCC(C3CCCCC3)CC2CC2CCCCC2)CC1
C1CCC(CCCCCC2CC(CC3CCCCC3)C3CCCCC23)CC1
C1CCC(CCCCC2CCC(CC3CCC(CC4CCCC(CCC5CCCCC5)C4)CC3)CC2)CC1
C1CCC(CC2CCCC(CC3CC4CCCCC4C(CC4CCCC4)C3)C2)CC1
C1CCC(CCCC2CC(CCC3CCCCC3)CC(CC3CCCCC3)C2)CC1
C1CCC(CC2CCC(CCC3CCCC3)C(C3CCC(C4CCCC4)CC3)C2)CC1
C1CCC(C2CC(C3CCC4CCCCC43)CC3CCC(CC4CCC5CCCCC54)CC32)CC1
C1CCC(CC2CCCCC2)CC1
C1CCC(C2CCCC(CCCC3CCC(CC4CCCC4)CC3)C2)CC1
C1CCC(C2CCC(CC3CC3)CC2)CC1
C1CCC(C2CCCC(CCCC3CCCC(C4CCCC4)C3)C2)CC1
C1CCC(CC2CCC(C3CCCC3)CC2)CC1
C1CCC(CCCC2CCC(CCC3CCCCC3)CC2)CC1
C1CCC(C2CCC3CCCCC3C2)CC1
C1CCC(CC2CCCCC2C2CCCCC2)CC1
C1CCC(CCCC2CCC(CC3CCCCC3)CC2)CC1
C1CCC(C2CCCCC2C2CCCCC2)CC1
C1CCC(C2CCCC(C3CCCCC3)C2)CC1
C1CCC(CC2CCCC(C3CCCCC3)C2)CC1
C(CC1CC1)CC1CCC(CC2CCC(CC3CCCC(CC4CCCC4)C3)CC2)CC1
C1CCC(CC2CCCCC2)CC1
C1CCC(CC2CCC(CC3CCCC(C4CCCCC4CC4CCC4)C3)CC2)CC1
C1CCC(CC2CCC(C3CCCC(C4CCCCC4)C3)CC2)CC1
C1CCC(CCCCC2CCC(CC3CCC(CCCC4CCCCC4)CC3)CC2)CC1
C1CCC(CC2CCCC3CC(C4CCCCC4C4CCCCC4)CCC23)CC1
C1CCC(CC2CCCC(CC3CC4CCCCC4C3)C2)CC1
C1CCC(CCCC2CCC(CC3CCCCC3)CC2)CC1
C1CCC(CCC2CCCCC2CCC2CC3CCCCC3C2)CC1
C1CCC(CC2CCC(C3CCCC4CCCCC43)CC2)CC1
C1CCC(CCCC2CCCC(CCCC3CCCC(CC4CC5CCCCC5C4)C3)C2)CC1
C1CCC(CC2CCC(C3CCCCC3CC3CCCCC3)CC2)CC1
C1CCC(C2CCC(CC3CCCC(C4CCC4)C3)CC2)C1
C1CCC(C2CC(C3CCC(C4CCC4)CC3)C3CCCCC23)CC1
C1CCC(CC2CCCCC2C2CCCC(C(CC3CCCCC3)C3CCCC3)C2)CC1
C1CCC(CCC2CCCC(CC3CCCC4CCCCC43)C2)CC1
C1CCC(C2CCC(C3CCCCC3C3CCCCC3)CC2)CC1
C1CC(CC2CCC(CCC3CCC(CC4CC5CCCCC5C4)CC3)CC2)C1
C1CCC(C2CCCC2C2CCCCC2CCC2CCCC(C3CCC3)C2)CC1
C1CCC(C2CCC(CC3CCC(C4CCCC4)CC3)CC2)CC1
C1CCC(C2CCC(C3CCCC3)CC2)CC1
C1CCC(CCCC2CCCC(CC3CCCCC3C3CCCCC3C3CCCC3)C2)CC1
C1CCC(CC2CCC(C3CCCCC3)CC2)CC1
C(CCCC1CCCCC1C1CCC(CCCC2CCCC2)CC1)CCC1CCCCC1
C1CCC(CC2CCC(C3CCCCC3C3CCCCC3)C(C3CCCCC3)C2)CC1
C1CCC(C2CCCC(C3CCCCC3)C2)CC1
C1CCC(CC2CC(CCCCC3CCC(C4CCC4)CC3)C3CCCCC23)CC1
C1CCC(CC2CCCC(C3CC(CC4CCCCC4)C4CCCCC43)C2)CC1
C1CCC(CC2CCC(CCCCC3CCCC(C4CCCCC4)C3)CC2)CC1
C1CCC(CCC2CCC(C3CCCCC3)CC2)CC1
C1CCC(CC2CCC(C3CCCCC3)CC2C2CCCCC2)CC1
C1CCC(CCCCC2CCC(CC3CCCCC3)CC2)CC1
C1CCC(C2CCC3CC(C4CCC5CCCCC54)CC(C4CCCCC4)C3C2)CC1
C1CCC(C2CCC3CCC(CC4CCCC(C5CCCCC5CC5CCCC5)C4)CC3C2)CC1
C1CCC(CCC2CCC(C3CCCC4CC(C5CCCC(C6CCCCC6)C5)CC43)CC2)CC1
C1CCC(C2CCC(C3CCCC(C4CCCCC4)C3)CC2)CC1
C1CCC(CCCC2CCCCC2C2CCC3CCCC3C2)CC1
C1CCC(CC2CCCCC2C2CCC(CCC3CCC(C4CCCCC4)CC3)CC2)CC1
C(CC1CCCC(C2CCCC2)C1)CC1CCCC(C2CCCC(C3CCCC3)C2)C1
C1CCC(C2CCC(CC3CCCC(C4CCCCC4)C3)CC2)CC1
C1CCC(CCCCC2CCC(CC3CCC(C4CCCCC4)CC3)CC2)CC1
C1CC(CCC2CCC3CCC(C4CCCC4)C3C2)CC(C2CCC(CC3CC3)CC2)C1
C1CCC(C2CCCC(CCCC3CCCCC3C3CCCCC3)C2)CC1
C1CCC(CC2CCCC(C3CCC4CCC(C5CCCCC5)CC4C3)C2)CC1
C1CCC(CCCC2CCCC(CC3CCC4CCCCC43)C2)CC1
C1CCC(CC2CC(C3CCCCC3)CCC2C2CC2)CC1
C1CCC(C2CCCCC2C2CCCC(CCC3CCC(C4CCC5CCCCC54)CC3)C2)CC1
C1CCC(CC2CCCC(C3CCCCC3)C2)CC1
C1CCC(CC2CC(C3CCC(CC4CCC(CCC5CCCC5)CC4)CC3)C3CCCCC23)CC1
C1CCC(CC2CCC(CCCC3CCCC(C4CCCCC4)C3)CC2)CC1
C1CCC(C2CCC(C3CCC4CCCCC4C3)C(C3CCCCC3)C2)CC1
C1CCC(CC2CCC(C3CCC(CC4CCC(CC5CC6CCCCC6C5)CC4)CC3)CC2)CC1
C1CCC(C2CC(C3CCCCC3)CC(C3CCCC(CC4CC4)C3)C2)CC1
C1CCC(C2CCCC(C3CCCCC3)C2)CC1
C1CCC(CCCC2CCC(C3CCCC(CC4CCCCC4)C3)C(C3CCCC3)C2)CC1
C1CCC(CC2CCC(CCC3CCCCC3CC3CCCCC3)CC2)CC1
C1CCC(CCC2CC(CCC3CCCCC3)CC(CC3CCCCC3)C2)CC1
C1CCC(CC2CCC(C3CCCCC3)C(CC3CCCCC3)C2)CC1
C1CCC(CC2CCC(C3CCCC(C4CCCC(CC5CCCCC5)C4)C3)CC2)CC1
C1CCC(CC2CC(C3CCCC4CC(C5CCCCC5C5CCCCC5)CCC43)C3CCCCC23)CC1
C1CCC(C2CCCC(C3CCCCC3)C2)CC1
C1CCC(CCCCC2CCC(CC3CCCCC3)CC2)CC1
C1CCC(CC2CCC(C3CCC4CC(C5CC5)CCC4C3)CC2)C1
C1CCC(CCCC2CCC(C3CCCCC3)C(CCC(CC3CCCCC3)C3CCCCC3)C2)CC1
C1CCC(CC2CCCC(C3CCCC(CC4CCC5CCCC5C4)C3)C2)C1
C1CCC(CCCC2CC(C3CC(CC4CC5CCCCC5C4)CCC3C3CCCC3)C3CCCCC23)CC1
C1CCC(CC2CCCC(CCC3CC(CC4CCCCC4)C4CCCCC34)C2)CC1
C1CCC(CCCCC2CCCC(CCC3CCCCC3)C2)CC1
C1CCC(CC2CCC(C3CCCCC3)C(CC3CCCC3)C2)CC1
C1CCC(CCC2CCC(CC3CCC(C4CCCCC4C4CCCC4)CC3)CC2)CC1
C1CCC(CC2CCC(C3CCC(CC4CCC5CCCCC5C4)CC3)CC2)CC1
C1CCC(CC2CCC(CC3CCCCC3CC3CCCCC3)CC2)CC1
C1CCC(C2CCC(CC3CCC(C4CCCCC4)CC3C3CCCCC3)CC2)CC1
C1CCC(CCC2CC(C3CCCCC3)CC(C3CCCCC3)C2)CC1
C1CCC(C2CCC(C3CCC(C4CCCCC4)CC3)CC2)CC1
C1CCC(CC2CCC(CC3CCCC(C4CCCCC4)C3)CC2)CC1
C1CCC(CC2CCC(C3CCC(CC4CCCCC4)CC3)CC2)CC1
C1CCC(CC2CCC(CC3CCC(CC4CCCCC4)CC3)CC2)CC1
C1CCC(CCCCC2CCC(C3CCC(CCC4CCCC4)CC3)CC2)CC1
C1CCC(C2CCCC(CC3CCC4CCCCC43)C2)CC1
C1CCC(CCC2CCCC(C3CCC(CC4CC(C5CCC5)C5CCCCC45)CC3)C2)CC1
C1CCC(C2CCC(C3CCCCC3C3CCCCC3)C3CCCC23)CC1
C1CCC(CCC2CCC(C3CCCCC3C3CCCCC3C3CCCC3)CC2)CC1
C1CCC(CCC2CCCC(CCCCC3CCCC(CC4CCCCC4)C3)C2)CC1
C1CCC(CC2CCC(C3CC4CCCCC4C(C4CCCCC4)C3)CC2)CC1
C1CCC(C2CCC(C3CCC4CCCCC43)CC2)CC1
C1CCC(C2CCC(CCC3CC4CCCCC4C3)C2C2CCC3CCCCC3C2)CC1
C1CCC(CCCC2CCC(CC3CCCCC3)CC2)CC1
C1CCC(C2CCC(CC3CCC(CC4CCC(CC5CCCCC5C5CCC6CCCC6C5)CC4)CC3)CC2)C1
C1CCC(CC2CCC(C3CCC(CCC4CCCC4)CC3)CC2)CC1
C1CCC(CC2CCC(CC3CCCCC3)CC2)CC1
C1CCC(CCC2CCC(CCC3CCCCC3)CC2)CC1
C1CCC(CCCCC2CCCC(CC3CCCC(C4CCCCC4)C3)C2)CC1
C1CCC(C2CCCC(C3CCC4CC(C5CCC6CCCCC65)CC(C5CCCCC5)C4C3)C2)CC1
C1CCC(CC2CC(CC3CCCC(C4CCCCC4)C3)C3CCCCC23)CC1
C1CCC(C2CCCCC2)CC1
C1CCC(CCC2CCCC(CC3CCCC(CC4CCCCC4)C3)C2)CC1
C1CCC(C2CCCC(CCC3CCC4CCCCC43)C2)CC1
C1CCC(CC2CCCC(CC3CC(C4CCCC(C5CCCCC5)C4)C4CCCCC34)C2)CC1
C1CCC(CC2CCC(CCCC3CCCC(CC4CCCCC4)C3)CC2)CC1
C1CCC(CCC2CCCC(C3CCCC(C4CCCCC4)C3)C2)CC1
C1CCC(C2CCC(C(CC3CCCC3)C3CCCCC3)CC2)CC1
C1CCC2C(C1)CC2CC1CCCC(C2CCCCC2C2CCCC2)C1
C1CCC(CC2CCC(CCC3CCC4CCCCC4C3)CC2)CC1
C1CCC(C2CCC(C3CCCC(C4CCCCC4)C3)CC2)CC1
C1CCC(CC2CCCC(CC3CCCC(C4CCCC(C5CCCCC5)C4)C3)C2)CC1
C1CCC(C2CCCC(C3CCCC(CC4CCC5CCCCC54)C3)C2)CC1
C1CCC(CCCC2CCC(CC3CCC(CC4CCCCC4)CC3CC3CCCCC3)CC2)CC1
C1CCC(CC2CCCC(CC3CCCCC3)C2)CC1
C1CCC(C2CC(C3CCCCC3)CC(C3CCC3)C2)CC1
C1CCC(C2CCCCC2C2CCC3CCCC3C2)CC1
C1CCC(CCC2CCC(CC3CCCCC3)CC2)CC1
C1CCC(C2CCC(C3CCCCC3C3CCCCC3C3CCCCC3)CC2)CC1
C1CCC(CC2CCC(C3CCCC(C4CCCCC4)C3)CC2)CC1
C1CCC(CCC2CCCC(C3CCC(CC4CCCCC4)CC3)C2)CC1
C1CCC(CCC2CC(C3CCCCC3)CC(C3CCCCC3)C2)CC1
C1CCC(CC2CCC(C3CCC(C4CCCCC4)CC3)CC2)CC1
C1CCC(CCC2CCCC(C3CC3)C2)CC1
C1CCC(CCCC2CCCCC2C2CCCC(C3CCCCC3)C2)CC1
C1CCC(CCCC2CCCC(C3C(C4CCCCC4)CCCC3C3CCCC3)C2)CC1
C1CCC(CC2CCC(CC3CC(C4CCCCC4)C4CCCCC34)CC2)CC1
C1CCC(CCC2CCCC(C3CCC4CCCC4C3)C2)CC1
C1CCC(CC2CCC3CC(CC4CCCCC4C4CCCCC4)CCC23)CC1
C1CCC(C2CCC(CCC3CCCCC3C3CCCCC3)CC2)CC1
C1CCC(CCC2CCCC(C(C3CCCCC3)C3CCCCC3)C2)CC1
C1CCC(CCC2CCCC(C3CCC(CC4CCCCC4)CC3)C2)CC1
C1CCC(C2CCCC(CCC3CCC(C4CCCCC4C4CCCC4)C3)C2)CC1
C1CCC(C2CCCCC2)CC1
C1CCC(C2CCC(C3CCC(C4CCCCC4)CC3)CC2)CC1
C1CCC(CC2CCCC(C3CCCCC3CC3CCC3)C2)CC1
C1CCC(C2CCC3C(CCCC3C3CCC(C4CCCC5CCCCC54)CC3)C2)CC1
C1CCC(CC2CCC(C3CCCCC3)CC2)CC1
C1CCC(C2CCCC(C3CCC(CCC4CCC5CCCC5C4)CC3)C2)CC1
C1CCC(CC2CCC(C3CCCC(C4CCCCC4)C3)CC2CC2CCCCC2)CC1
C1CCC(CC2CCC(CC3CCCCC3)CC2)CC1
C1CCC(CCCC2CCC(C3CCCCC3)CC2)CC1
C1CCC(CC2CCCC(C3CCCC(C4CCCC4)C3)C2)CC1
C1CCC(C2CCCC(C3CCCC(C4CCCCC4)C3)C2)CC1
C1CCC(CC2CCC(C3CCCCC3)CC2)CC1
C1CCC(CC2CCCC(CCC3CCCC(C4CCCCC4)C3)C2)CC1
C1CCC(CCCCCC2CCC(C3CCCCC3)C(C3CCCCC3)C2)CC1
C1CCC(C2CCCC(C3CCCC(C4CCC(C5CCCCC5)CC4C4CCCCC4)C3)C2)CC1
C1CCC(C2CCCC(CC3CCCC(CCC4CCCC4)C3)C2)CC1
C1CCC(CCCC2CCCCC2CC2CCCCC2)CC1
C1CC(CCC2CCC3CCCCC3C2)CC(CC2CCC(C3CCCC3)CC2)C1
C1CCC(CC2CCC(CC3CCCCC3)CC2)CC1
C1CCC(CC2CCC(CC3CCCCC3)CC2)CC1
C1CCC(CCCC2CCC(C3CCC(C4CCCCC4)C(C4CCCC4)C3)CC2)CC1
C1CCC(C2CC(CCC3CCCC4CCCCC43)CC(CCC3CCC4CCCCC43)C2)CC1
C1CCC2CC(C3CCCCC3C3CCC(C4CCCC5CC(C6CC6)CCC54)CC3)CC2C1
C1CCC(C2CCCCC2C2CCCC(CCC3CCC4CCCC4C3)C2)CC1
C1CCC(C2CCC(CCC3CCC(C4CCCCC4)CC3)CC2)CC1
C1CCC(CCCC2CCC(C3CCC4CC(C5CCCCC5)CCC4C3)CC2)CC1
C1CCC(CC2CCCCC2C2CCC(C3CC4CCCCC4C3)C2)CC1
C1CCC(C2CCC(C3CCCCC3)CC2)CC1
C1CCC(CC2CCCCC2CC2CCCC(C3CCCCC3)C2)CC1
C1CCC(CCC2CCC(CC3CCC(C4CCCC4)CC3)CC2C2CCC2)CC1
C1CCC(CCC2CCCC(C3CCCCC3)C2)CC1
C1CCC(CC2CCCCC2CC2CCC3CCCCC32)CC1
C1CCC(CCC2CC(C3CCC(C4CCC4)CC3)CCC2C2CCCCC2)CC1
C1CCC(C2CC3CCCCC3C(C3CCCCC3)C2)CC1
C1CCC(CCCC2CCC(CC3CCC(CCC4CCC(CC5CCCCC5)CC4)CC3)CC2)CC1
C1CCC(C2CCC(C3CCCC3C3CCCC(C4CCCC(C5CCCC5)C4)C3)CC2)CC1
C1CCC(CCC2CCCC(C3CCCCC3)C2)CC1
C1CCC(CCC2CCC(C3CCC4CC(CC5CCCCC5)CCC43)CC2)CC1
C1CCC(CCC2CCC3C(C4CCCCC4)CC(C4CCCCC4)C3C2)CC1
C1CCC(CC2CCCC(CC3CCC(C4CCCCC4)CC3)C2)CC1
C1CCC(CC2CCC(C3CCCC(CC4CCCCC4)C3)CC2)CC1
C1CCC(CC2CCC(C3CCC(CC4CCCCC4)CC3)CC2)CC1
C1CCC(CCC2CCC(C3CC3)CC2)CC1
C1CCC(C2CCCCC2CCCC2CCCC2)CC1
C1CCC(CC2CCC(CCC3CCCCC3C3CCCC(C4CCCCC4)C3)CC2)CC1
C1CCC(CC2CCC(CCC3CCCC(C4CCCCC4)C3)CC2)CC1
C1CCCCC1
C1CCC(CC2CCC(C3CCCC(C4CCCCC4)C3)CC2)CC1
C1CCC(CC2CCCC(C3CCCC(C4CCC5CCCCC54)C3)C2)CC1
C1CCC(CC2CCC(C3CCCC(C4CCCCC4)C3)CC2)CC1
C1CCC(CC2CCC(CCCC3CCC(CC4CCC(CC5CCCCC5)CC4)CC3)CC2)CC1
C1CCC(CCC2CCC(C3CCC(C4CC4)CC3)CC2C2CCCCC2)CC1
C1CCC(CC2CCCC(C3CCCCC3)C2)CC1
C1CCC(CC2CCC(C3CCCC(C4CCC4)C3)CC2)CC1
C1CC(C2CCCC(C3CCCC(CCC4CCC(C5CC5)CC4)C3)C2)C1
C1CCC(CCC2CCCC(C3CCCCC3C3CCCCC3)C2)CC1
C1CCC(CCCCC2CC(CC3CCCCC3)CCC2C2CCCCC2)CC1
C1CCC2CC(CCC3CCC(CC4CC5CCCCC5C4)CC3)CCC2C1
C1CCC(CCCC2CCCC(C3CCCC(CC4CCCC4)C3)C2)CC1
C1CCC(C2CCCCC2C2CCCCC2)CC1
C1CCC(CCC2CCC(C3CCCCC3)C(C3CCCCC3)C2)CC1
C1CCC(CC2CCCC(CC3CCC(CC4CCCCC4)C3)C2)CC1
C1CCC(C2CCCCC2C2CCC(C3CCCC(C4CCC5CCCC5C4)C3)CC2)CC1
C1CCC(CCC2CCC(C3CCCC(C4CCCC(C5CCCCC5)C4)C3)CC2)CC1
C1CCC(CCCCCC2CCCCC2CCC2CCC(C3CCCCC3)CC2)CC1
C1CCC(CCC2CCC(C3CCCC3)C(CCC3CC4CCCCC4C3)C2)CC1
C1CCC(CC2CCC(C3CCCC(C4CCCCC4)C3)C(C3CCCC3)C2)CC1
C1CCC(CC2CCCCC2C2CCCCC2C2CCCCC2)CC1
C(CCCCC1CCC2CCCCC2C1)CCCC1CCCCC1
C1CCC(C2CCC3CCCC3C2)CC1
C1CCC(C2CCC(C3CCCCC3)C2CC2CCCCC2C2CCCC2)CC1
C1CCC(CCC2CCC(CCC3CCC(CCCC4CC5CCCCC5C4)CC3)CC2)CC1
C1CCC(C2CCC(C3CC4CCC(C5CCCCC5)CC4C3)CC2)CC1
C1CCC(CCCC2CCC(C3CCC(C4CCC4)CC3C3CCCCC3)CC2)CC1
C1CCC(C2CC(CCC3CC4CCCCC4C3)CC(C3CCCCC3)C2)CC1
C1CCC(CC2CCCC(C3CCCC(CCC4CCC(C5CCCCC5)C4)C3)C2)CC1
C1CCC(C2CCCC(C3CCCCC3)C2)CC1
C1CCC(CCC2CCC(C3CCCCC3)CC2C2CCCC2)CC1
C1CCC(CC2CCC(C3CCC(C4CCC5CCCCC54)C3)CC2)CC1
C1CCC(CC2CCC(CC3CCC(CC4CCC5CCCCC54)CC3)CC2)CC1
C1CCC(CC2CCC(CCCC3CCCC(CC4CC4)C3)CC2)CC1
C1CCC(CCCCC2CCCCC2C2CCC3C(CCCC3C3CCCCC3)C2)CC1
C1CCC(C2CCC(C3CCC3)CC2)CC1
C1CCC(CC2CCC(C3CCCCC3)CC2)CC1
C1CCC(C2CCC(C3CCC(C4CCCCC4)CC3C3CCCC3)CC2)CC1
C1CCC(CCCCCC2CCC(C3CC(CCC4CCCCC4)C4CCCCC43)CC2)CC1
C1CCC(CCCCC2CCC(C3CCCC(CC4CCCCC4)C3)CC2)CC1
C1CCC(CC2CCC(CC3CCC(C4CCCCC4)CC3)CC2)CC1
C1CCC(C2CCC(CC3CCCC(C4CCCCC4)C3)CC2)CC1
C1CCC(C2CC(C3CCCC3)CCC2C2CCCC(CC3CCCC3)C2)CC1
C1CCC(CC2CCC(C3CCCCC3)CC2)CC1
C1CCC(CCC2CC3CCCCC3C(C3CCCCC3)C2)CC1
C1CCC(CCCCC2CCC(C3CCC4CCCC4C3)CC2CCC2CCCCC2)CC1
C1CCC(CC2CCCC(CC3CCC4CC(CC5CCCCC5)CCC43)C2)CC1
C1CCC(CCC2CCC(C3CCCCC3C3CCC4CCCCC4C3)CC2)CC1
C1CCC(CC2CCC(CC3CCCCC3)C(C3CCCC3)C2)CC1
C1CCC(C2CCCCC2)CC1
C1CCC(CCC2CCC(CCC3CCC(C4CCCC(C5CCCCC5)C4)CC3)CC2)CC1
C1CCC(CC2CCC(CC3CCCCC3C3CCC4CCC(CC5CCCCC5)CC4C3)C2)CC1
C1CCC(C2CCC(C3CCCC(C4CCC(C5CCCCC5)CC4)C3)CC2)CC1
C1CCC(C2CCC(C3CCC4C(CC5CCCC(C6CCCCC6)C5)CCCC4C3)CC2)CC1
C1CCC(CCC2CC(C3CCCCC3)CCC2C2CCCCC2)CC1
C1CCC(C2CCCCC2C2CC3CCC(CC4CCCC4)CC3C(C3CCCCC3)C2)CC1
C1CCC(CCC2CCC(C3CCC(CCCCC4CCC5CCCCC45)CC3)CC2)CC1
C1CCC(CCC2CCCCC2C2CCC(CC3CC4CCCCC4C3)CC2)CC1
C1CCC(CC2CC(C3CCCCC3)C3CC(CCC4CCCC4)CCC23)CC1
C1CCC(CCC2CC(C3CCC(C4CCC4)CC3C3CCCC3)C3CCCCC23)CC1
C1CCC(CC2CCC(C3CCCCC3CCC3CCCCC3C3CCCCC3)CC2)CC1
C1CCC(CCC2CCCC(CC3CCC(CCC4CC5CCCCC5C4)CC3)C2)CC1
C1CCC(C2CCCC(CCC3CCC(C4CCCC(C5CCC5)C4)CC3)C2)CC1
C1CCC(C2CCC3CC(C4CCCCC4C4CCC5CCCCC5C4)CCC32)CC1
C1CCC(CCC2CCC(C3CCCCC3)CC2C2CCCCC2)CC1
C1CCC(CC2CCC(CC3CCCCC3)CC2)CC1
C1CCC(CC2CCC(CC3CCCCC3)CC2)CC1
C1CCC(CCCC2CCC(CC3CCC(C4CCCC4)CC3)CC2)CC1
C1CCC(CCC2CCCCC2C2CCC(C3CCCCC3)CC2)CC1
C1CCC(C2CCCC(C3CCC4C(CC5CCCC5)CCC4C3)C2)CC1
C1CCC(C2CCCC(C3CCCC(CCCC4CCC5CCCCC54)C3)C2)CC1
C1CCC(C2CC3CCCCC3C(C3CCCCC3)C2)CC1
C1CCC(C2CCCC(CCC3CCCC(C4CCCC4)C3)C2)CC1
C1CCC(CCC2CCC(C3CC3)CC2)CC1
C1CCC(C2CCCC(CCC3CCC(CCC4CCCC4)CC3)C2)CC1
C1CCC(CCC2CCCC(CCCCCC3CCCCC3C3CCCC3)C2)CC1
C1CCC(CC2CCCCC2C2CCCCC2CCCC2CC2)CC1
C1CCC(CCCC2CCC3CC(C4CCC5CCCCC54)CCC3C2)CC1
C1CCC(C2CCCC(CC3CC(C4CCCCC4)C4CCCCC34)C2)CC1
C1CCC(CC2CCC(C3CCCCC3)C(C3CCCC3)C2)CC1
C1CCC(C(CC2CCC3CCCC3C2)CC2CCCC(C3CCC4CC(C5CCCCC5)CCC4C3)C2)CC1
C1CCC(CCC2CCC(CC3CCCCC3)CC2)CC1
C1CCC(CC2CCC(CCC3CCC(CC4CCCCC4)CC3)CC2)CC1
C1CCC(C2CCC(C3CCCC3)CC2C2CC(C3CCC4CCCCC43)CC3CCCCC32)CC1
C1CCC(CCC2CC(C3CCCCC3)CC(C3CCCC(C4CCCC4)C3)C2)CC1
C1CCC(CCCC2CCC(CC3CCC(C4CCCC5CCCCC54)CC3)CC2)CC1
C1CCC(C2CCC(C3CCCCC3)C(C3CCCCC3)C2)CC1
C1CCC(CCC2CCC(CCC3CCCCC3)CC2)CC1
C1CCC(CCC2CC(C3CCCC3)CCC2C2CCCCC2)CC1
C(CCCC1CCCCC1)CCCC1CCCC(C2CC3CCCCC3C2)C1
C1CCC(CC2CCC(CCC3CCC(C4CCCCC4C4CCCCC4)CC3)CC2)CC1
C1CCC(C2CCC(C3CCCCC3C3CCCCC3)CC2)CC1
C1CCC(CC2CCC(CC3CCC(C4CCCC(C5CCCC5)C4)CC3)CC2)CC1
C1CCC(CC2CCCC(CC3CCC(CCC4CCCC4)CC3)C2)CC1
C1CCC(CC2CCCC(C3CCCC(C4CCCCC4)C3)C2)CC1
C1CCC(C2CC(C3CCCCC3)C3CCCCC23)CC1
C1CCC(CC2CCC(C3CCCC(C4CCC5CCCCC5C4)C3)CC2)CC1
C1CCC(C2CCCC(C3CCCCC3)C2)CC1
C1CCC(CC2CCC(CC3CCCCC3)CC2)CC1
C1CCC(CCC2CCCC(C3CCCC(C4CCCCC4)C3)C2)CC1
C1CCC(CC2CCC(C3CCC(C4CCCCC4C4CCCCC4)CC3)CC2)CC1
C1CCC(CC2CCC(CC3CCCCC3)C(C3CCCC3)C2)CC1
C1CCC(C2CCCCC2)CC1
C1CCC(C2CC(C3CC3)CC(C3CCCC(C4CCCC4)C3)C2)CC1
C1CCC(C2CC(CCC3CCCC3)CC(C3CCCCC3)C2)CC1
C1CCC(C2CCC(CCCC3CC4CCCCC4C3)CC2)CC1
C1CCC(CC2CCCC(CC3CCCC(C4CCCC(C5CCCCC5)C4)C3)C2)CC1
C1CCC(CC2CCCCC2CC2CCCCC2C2CCCCC2)CC1
C1CCC(CC2CCC(CC3CCC(C4CCC5CCCCC5C4)C3)CC2)C1
C1CCC(CC2CCCCC2CC2CCC(C3CCCCC3)CC2)CC1
C1CCC(CC2CC(C3CCCCC3)CC2C2CCCCC2)CC1
C1CCC(CC2CCCCC2C2CCC3CCC(C4CCCCC4)CC3C2)CC1
C1CCC(C2CCCC(C3CCC(C4CCCC(C5CCCCC5)C4)CC3)C2)CC1
C1CCC(C2CCCCC2C2CCC3CCCC3C2)CC1
C1CCC(CC2CCCC(C3CCCCC3)C2)CC1
C1CCC(C2CCC(CC3CC(C4CCCCC4)C4CCCCC34)CC2)CC1
C1CCC(CCC2CCCC(CCC3CCC(C4CCCCC4C4CCC5CCCC5C4)CC3)C2)CC1
C1CCC(CCC2CCCC(CCC3CCCC(C4CCC5CCCCC54)C3)C2)CC1
C1CCC(CCC2CCC(CC3CCCCC3)C(C3CCCCC3)C2)CC1
C1CCC(CC2CCCCC2CC(CC2CCCCC2)C2CCCCC2)CC1
C1CCC(CCCC2CCCC(C3CCCCC3C3CCC4CCCCC43)C2)CC1
C1CCC(C2CCCC(C3CCCCC3C3CCCCC3)C2)CC1
C1CCC(CC2CCC(CC3CCC(C4CCCC4)CC3)CC2)CC1
C1CCC(C2CCCCC2C2CCCCC2)CC1
C1CCC(CC2CCC(CCCC3CCC4CCCCC43)CC2)CC1
C1CCC(CC2CCCC(C3CC(CC4CCCCC4)C4CCCCC43)C2)CC1
C1CCC(C2CCC(C3CCC(CCC4CC5CCCCC5C4)CC3)C2)CC1
C1CCC(C2CCCC(CC3CCC(C4CCCCC4)C3)C2)CC1
C1CCC(C2CCCC(C3CCCCC3)C2)CC1
C1CCC(CC2CC3CCCCC3C2)CC1
C1CCC(CC2CCCC(CC3CCCC4CC(C5CCCCC5)CCC34)C2)CC1
C1CCC(C2CCC(CCC3CCC4C(C3)CC(CCC3CC3)CC4C3CCC3)CC2)CC1
C1CCC(CCCC2CCC(CCC3CC4CCCCC4C3)CC2)C1
C1CCC(C2CCC(CC3CCC(C4CCC(C5CCCC5)CC4)CC3)CC2)C1
C1CCC2CC(CC3CCCC(C4CCC5CCCC5C4)C3)CCC2C1
C1CCC(CCCC2CCC(CC3CC(CC4CCCC(C5CCCCC5)C4)C4CCCCC34)CC2)CC1
C(CCCC1CCCC(C2CCCC(CC3CCCC3)C2)C1)CCC1CCCCC1
C1CCC(C2CC(C3CCCCC3)CC(C3CCC3)C2)CC1
C1CCC2C(C1)CCC2C1CCCC(C2CC(C3CCCC4CCCCC43)C3CCCCC23)C1
C1CCC(CC2CCCCC2CC2CCCC(C3CCCC(C4CC4)C3)C2)CC1
C1CCC(CC2CCC(CC3CCCCC3)CC2)CC1
C1CCC(CC2CCC(CC3CCC4C(CCC5CCCCC54)C3)CC2)CC1
C1CCC(CC2CCC(C3CCCCC3)CC2)CC1
C1CCC(CC2CC(CCC3CC3)CC(C3CCCCC3)C2)CC1
C1CCC(CC2CCCCC2CCC2CCC(C3CCCCC3)CC2)CC1
C1CCC(CCCCCC2CC(C3CCCC3)CCC2CCC2CCCCC2)CC1
C1CCC(C2CCCC(C3CCCCC3C3CCC(C4CCCC4)CC3C3CCCC3)C2)CC1
C1CCC(CCC2CCCC(CCC3CCC(C4CCCCC4)CC3)C2)CC1
C1CCC(CC2CCC(CC3CCC(C4CCCCC4)CC3)CC2)CC1
C1CCC(CCC2CCC(C3CCCCC3)CC2CCC2CCCCC2)CC1
C1CCC(CC2CCC(C3CCCCC3)CC2)CC1
C1CCC(CCC2CCCC(C3CCCCC3)C2)CC1
C1CCC(C2CCC(CCCC3CC3)C(CC3CCCC3)C2)CC1
C1CCC(CC2CCC(C3CCCCC3)C(CC3CCCCC3)C2)CC1
C1CCC(C2CCC3CC(CCC4CCC5CCCCC5C4)CCC32)CC1
C1CCC(CC(CC2CCCCC2)C2CCCCC2)CC1
C1CCC(CC2CCC(CC3CCCC(C4CCCC5CCCCC54)C3)CC2)CC1
C1CCC(CCCC2CCC(C3CCCCC3)CC2)CC1
C1CCC(CC2CCC(C3CCCC(C4CCCCC4C4CCCCC4)C3)CC2)CC1
C1CCC(C2CCCCC2CCCCC2CCCCC2C2CCCC2)CC1
C1CCC(CCC2CC(C3CCCCC3)CC(C3CCCCC3)C2)CC1
C1CCC(C2CCC3C(CCC3C3CCCC3)C2)CC1
C1CCC(CC2CCC(CC3CCCC(C4CCC5CCCCC54)C3)CC2)CC1
C1CCC(CC2CCCC(CCC3CCC(C4CCCCC4)CC3)C2)CC1
C1CCC(C2CCC(C3CCCC(C4CCCCC4)C3)CC2)CC1
C1CCC(CC2CCC(CC3CCCCC3)CC2)CC1
C1CCC(C2CCC(C3CC(C4CCC5CCCCC54)C4CCCCC34)CC2)CC1
C1CCC(CCC2CCC(CC3CCCCC3)CC2)CC1
C1CCC(CC2CCCC(CC3CCCC(C4CCCCC4)C3)C2)CC1
C1CCC(CC2CCC(CC3CCCCC3)CC2)CC1
C1CCC(CC2CCC3CC(C4CC5CCCCC54)CC(C4CCCCC4)C3C2)CC1
C1CCC(C2CCC(C3CCCCC3)CC2)CC1
C1CCC(CCC2CCC(C3CCCCC3)CC2)CC1
C1CCC(CC2CCCCC2C2CCCC3CCCCC32)CC1
C1CCC(CCC2CCCC(CC3CCCCC3)C2)CC1
C1CCC(CCC2CCC(C3CCCC3)CC2)CC1
C1CCC(C2CCC(C3CCCCC3)C(C3CCCC3)C2)CC1
C1CCC(C2CCCC(C3CCCC(C4CCC(C5CCCC(CCC6CCC(C7CCC7)CC6)C5)CC4)C3)C2)CC1
C1CCC(CC2CCC3C(C2)C(CC2CCCCC2)CC3C2CCCCC2)CC1
C1CCC(CC2CCC(C3CCCC(C4CCCCC4)C3)CC2)CC1
C1CCC(CCCCC2CCC(C3CCC4CCCCC4C3)CC2)CC1
C1CCC(CCC2CCCC(C3CCCC(CC4CCCCC4)C3)C2)CC1
C1CCC(CC2CCCCC2)CC1
C1CCC(C2CCC(C3CCCC(C4CCC(C5CCCCC5)CC4)C3)CC2)CC1
C1CCC(CCC2CCCCC2C2CCC(CC3CCCCC3)CC2)CC1
C1CCC(CC2CCC(CC3CCCC(C4CCCCC4)C3)CC2)CC1
C1CCC(CC2CCC(C3CCCC(C4CCCCC4)C3)CC2)CC1
C1CCC(C2CCCC(C3CCCCC3C3CCCCC3C3CCCC3)C2)CC1
C1CCC(CC2CCC(CC3CCC(C4CCCCC4)CC3C3CCC3)CC2)CC1
C1CCC(CC2CCC(CCC3CC4CCCCC4C3)CC2)CC1
C1CCC(C2CCC(C3CCCCC3)CC2)CC1
C1CCC(C2CCC(C3CCC(C4CCCC4)CC3)CC2)CC1
C1CCC(CCC2CC(C3CCC3)CC(C3CCCC(CC4CCCCC4)C3)C2)CC1
C1CCC(C2CCCCC2CC2CCC3CCCCC32)CC1
C1CCC(CC2CCCC(C3CCCC(C4CCCCC4)C3)C2)CC1
C1CCC(CC2CCC(CCCC3CCC(CC4CC5CCCCC5C4)CC3)CC2)CC1
C1CCC(C2CCC(C3CCCCC3)CC2)CC1
C1CCCCC1
C1CCC(CCCCC2CCCC(C3CCCCC3)C2)CC1
C1CCC(CC2CCCCC2CC2CC(C3CCCCC3)CC(C3CCCCC3)C2)CC1
C1CCC(CC2CCC(CC3CCCC(C4CCCCC4)C3)CC2)CC1
C1CCC(CC2CCC(CC3CCCCC3C3CCCCC3C3CCCC3)CC2)CC1
C1CCC(CCC2CCCC(C3CCCCC3)C2)CC1
C1CCC(CCC2CCCC(CC3CCCC(CC4CCCCC4)C3)C2)CC1
C1CCC(CCCC2CCCC(CC3CCCCC3)C2)CC1
C1CCC(CC2CCC(CC3CCCCC3)CC2)CC1
C1CCC(C2CCC(CC3CCCC(C4CCCC4)C3)CC2)CC1
C1CCC(C2CCCC(C3CCCC(C4CCCC4)C3)C2)CC1
C1CCC(C2CCCC(C3CCCC(CC4CCC(C5CCCC(C6CC6)C5)CC4)C3)C2)C1
C1CCC(CC2CCC3CCC(C4CCCCC4C4CCCC4)CC3C2)CC1
C1CCC(CCCCC2CCCC(C3CCCCC3)C2)CC1
C1CCC(C2CCCCC2CC2CCCCC2CC2CCC(CC3CC3)CC2)CC1
C1CCC(C2CCCCC2C2CCC3CCCC3C2)CC1
C1CCC(CCCCC2CCC(CC3CCCCC3)CC2CC2CCCCC2)CC1
C1CCC(C2CCC3C(CCCC3C3CCCCC3)C2)CC1
C1CCC(CCC2CCCCC2C2CCCC(C3CCCCC3CC3CCCCC3)C2)CC1
C1CCC(C2CCC(CC3CCC(CC4CCCCC4C4CCCC4)CC3)CC2)CC1
C1CCC(C2CCC(C3CC(C4CCC5CCCCC54)CC4CCC(C5CCC5)CC43)CC2)C1
C1CCC(CC2CC(CC3CCCCC3)CC(C3CCCC(C4CCCCC4)C3)C2)CC1
C1CCC(CCC2CCCC(CCC3CCCCC3)C2)CC1
C1CCC(CC2CCC(C3CCCCC3)CC2C2CCCCC2)CC1
C1CCC(C2CCC(CCC3CCCC(C4CCCCC4)C3)CC2)CC1
C1CCC(C2CCC(C3CCCC(C4CCCCC4)C3)CC2)CC1
C1CCC(CCCCC2CCC3C(CCCC3C3CCC(CC4CCCCC4)CC3)C2)CC1
C1CCC(C2CCC(CC(CC3CCCCC3C3CCC4CCCC4C3)C3CCCCC3)CC2)CC1
C1CCC2CC(CCCC3CC(C4CCCCC4C4CC4)C4CCCCC34)CC2C1
C1CCC(CC2CCC(C3CCCCC3CC3CCCCC3)CC2)CC1
C1CCC(CC2CCCCC2C2CCCCC2)CC1
C1CCC(CCC2CCC(CC3CCCCC3)CC2)CC1
C1CCC(CCCC2CCC3CC(C4CCCCC4)CCC23)CC1
C1CCC(C2CCC(C3CCCC(C4CCCCC4)C3)CC2)CC1
C1CCC(CCC2CCCC(C3CCC(CC4CCCCC4)CC3)C2)CC1
C1CCC(CCCCC2CC(CC3CCCCC3)CC(CC3CC3)C2)CC1
C1CCC(C2CCCC(CC3CCC(C4CCCC(C5CCCCC5)C4)CC3)C2)CC1
C1CCC(CC2CCC(C3CCC(C4CCCCC4)CC3)C(C3CCC(C4CCCCC4)CC3)C2)CC1
C1CCC(CC2CCC(CC3CCCCC3)CC2)CC1
C1CCC(C2CCCCC2CC2CCCC(C3CCC4CCCCC43)C2)CC1
C(CCCC1CCCC(C2CCCCC2)C1)CCC1CCCCC1
C1CCC(CC2CCCCC2C2CCC(CC3CC(C4CCCCC4)CC(C4CCC4)C3)CC2)CC1
C1CCC(C2CC(C3CCCCC3)CC(C3CCC4CCCCC43)C2)CC1
C1CCC(CC2CCC(CC3CCC(C4CCCC4)CC3)CC2)CC1
C1CCC(CC2CCCC(C3CCCCC3)C2)CC1
C1CCC(CCC2CCCC(CCC(CCC3CCCCC3)C3CCC4CCCC4C3)C2)CC1
C1CCC(CCC2CCC(C3CCC(C4CCCC(C5CCCCC5)C4)CC3)CC2)CC1
C1CCC(C2CCC(CCC3CCC(C4CCC5CCCC5C4)CC3)CC2)CC1
C1CCC(C2CCCC(C3CCCC(C4CCCC(C5CCCCC5)C4)C3)C2)CC1
C1CCC(C2CCCC(CCCC3CCCC(C4CCCC(C5CCCCC5)C4)C3)C2)CC1
C1CCC(CC2CCC(C3CCCC(CC4CCCC(CC5CCCC5)C4)C3)CC2)CC1
C1CCC(CC2CCCC(C3CCCCC3)C2)CC1
C1CCC(CCC2CCCCC2CC2CCC(C3CCCCC3)CC2)CC1
C1CCC(CC2CCCCC2C2CCC(C3CCC3)CC2CC2CC2)CC1
C1CCC(C2CCCCC2C2CCCCC2)CC1
C1CCC(CC2CCC(CC3CCCCC3)CC2)CC1
C1CCC(C2CCC(CCCC3CCCC(C4CCCCC4)C3)CC2)CC1
C1CCC(C2CCCC(C3CCCC(C4CCC5C(CCC5C5CC5)C4)C3)C2)C1
C1CCC(CCC2CC(CC3CCCCC3)CC(C3CCCCC3)C2)CC1
C1CCC(C2CCCC(C3CC(C4CCCCC4)C(C4CCCCC4)C4CCCC34)C2)CC1
C1CCC(CCC2CCC(C3CCCC(C4CCCCC4)C3)CC2CC2CCCCC2)CC1
C1CCC(CC2CCC(C3CCCCC3)CC2)CC1
C1CCC(C2CCCCC2CC2CCC3CCCCC3C2)CC1
C1CCC(C2CCC(C3CCCCC3)CC2)CC1
C1CCC(C(CC2CCC3C(CCCC3C3CCCCC3)C2)C2CCC(C3CC3)CC2)CC1
C1CCC(C2CCCC(C3CCCC(C4CCCCC4C4CCCC4)C3)C2)CC1
C1CCC(CCC2CCC(C3CCCC(C4CCCCC4)C3)CC2)CC1
C1CCC(CCCC2CCC(C3CCC(CC4CCCCC4)CC3)CC2)CC1
C1CCC(C2CCC(C3CCC(C4CCC5C(CCC5C5CCCC5)C4)CC3)CC2)CC1
C1CCC(C2CCC(C3CCC(CC4CCC5CCCC(C6CCCCC6)C5C4)CC3)C2)CC1
C1CCC(CCC2CCCC(C3CCCCC3C3CCCCC3)C2)CC1
C1CCC(CC2CCC(C3CCCCC3)C2)CC1
C1CCC(CCC2CCC(C3CCCCC3)CC2)CC1
C1CCC(CC2CCCC(C3CCCC(C4CCCCC4)C3)C2)CC1
C1CCC(CCC2CCC(CC3CCC(C4CCCCC4)CC3)CC2)CC1
C1CCC(CC2CCC(C3CCCC(C4CCCC4)C3)CC2)CC1
C1CCC(C2CCC(C3CCC4CCCCC43)CC2)CC1
C1CCC(CCC2CCCC3CC(C4CCCCC4CC4CCCCC4)CCC23)CC1
C1CCC(C2CCCC(C3CCCCC3)C2)CC1
C1CCC(CC2CCC(CC3CCCC(C4CCCCC4)C3)CC2)CC1
C1CCC(C2CC(C3CCCCC3C3CCCCC3)C3CCCCC23)CC1
C1CCC(CCC2CCC(C3CCC(CC4CCCC(C5CC5)C4)CC3)CC2)CC1
C1CCC(C(CC2CCC(C3CC3)CC2C2CCC3CCCCC3C2)C2CCCCC2)CC1
C1CCC(C2CCCCC2CCC2CCCCC2C2CCC3CCCCC32)CC1
C1CCC(CCC2CCCC(C3CCCC(C4CCCCC4)C3)C2)CC1
C1CCC(CC2CC(C3CCCCC3)C3CCCCC23)CC1
C1CCC(CCCCCC2CCC(C3CCCC(C4CCCC4)C3)CC2)CC1
C1CCC(CC2CCCC(CC3CCC(C4CCCCC4)CC3)C2)CC1
C1CCC(CCC2CCC(C3CCC(C4CCC(C5CCCCC5)CC4)CC3)CC2)CC1
C1CCC(C2CCC(C3CCCCC3C3CC4CCCCC4C3)CC2)CC1
C1CCC(C2CCCCC2C2CCCC2)CC1
C1CCC(CCCCC2CCCC(C3CCCCC3)C2)CC1
C1CCC(CC2CCCCC2C2CCCC(C3CCCCC3)C2)CC1
C1CCC(C2CCCC(C3CCC(C4CCCC5CC(CCC6CCCC6)CCC54)C3)C2)CC1
C1CCC(CC2CCC(CCCC3CCCCC3C3CCCCC3)CC2)CC1
C1CCC(CCCCC2CCCCC2)CC1
C1CCC(CCCCCC2CCC3CC(C4CCCCC4)CCC3C2)CC1
C1CCC(CC2CCCCC2C2CCCC(C3CCCCC3)C2)CC1
C1CCC(CCCCC2CCCC(C(CC3CCCCC3)C3CCCCC3)C2)CC1
C1CCC(CCC2CC(CC3CCCCC3)CCC2CC2CC3CCCCC3C2)CC1
C1CCC(CC2CCC(CCCC3CCC(C4CCCCC4)CC3)CC2)CC1
C1CCC(CC2CCC(CCCCC3CCC(C4CCCCC4)CC3)CC2)CC1
C1CCC(CCCCCC(CC2CCCC(C3CCC3)C2)C2CCCC2)CC1
C1CCC(CC2CCC(CC3CCCCC3CC3CCCCC3)CC2)CC1
C1CCC(C2CCCC(CCC3CCC(C4CCCCC4)C3)C2)CC1
C1CCC(CC2CCCC(CC3CCCC(C4CCCCC4)C3)C2)CC1
C1CCC(C2CCC(CCCC3CCC4CCCCC4C3)CC2)CC1
C1CCC(CC2CCCC(C3CCC(C4CCC5CCCC5C4)CC3)C2)CC1
C1CCC(C2CCC(CC3CCC(C4CCCCC4)CC3)CC2)CC1
C1CCC(C2CCCCC2CC2CCC(C3CCCC3)CC2)CC1
C1CCC(CC2CCCC(C3CCCCC3CC3CCCCC3)C2)CC1
C1CCC(CC2CCCC(C3CC(CCC4CCC5CCCC5C4)C4CCCCC43)C2)CC1
C1CCC(CC2CCCC(C3CCCC(C4CCC5CCCC5C4)C3)C2)CC1
C1CCC(C2CC(C3CCC4CCCCC43)CC3CCCCC32)CC1
C1CCC(C2CCCC(CC3CCC4CCCCC4C3)C2)CC1
C1CCC(CCC2CCCCC2C2CCCCC2C2CC2)CC1
C1CCC(C2CCC(CCC3CC4CCCCC4C3)CC2)CC1
C1CCC(CCC2CCC(C3CCCCC3)CC2)CC1
C1CCC(CC2CCC(C3CCCCC3CC3CCC(C4CCCCC4)CC3)CC2)CC1
C1CCC(C2CCC(C3CCC(C4CC5CCCCC5C4)C3)CC2)CC1
C1CCC(CC2CCCC(C3CCCCC3C3CCCCC3)C2)CC1
C1CCC(C2CCC(C3CCCCC3)CC2)CC1
C1CCC(CC2CCCC(C3CC(C4CCC5CCCC5C4)CC(C4CCC4)C3C3CCCCC3)C2)CC1
C1CCC(CC2CCC(C3CC(C4CCCCC4CC4CCCCC4)C4CCCCC34)CC2)CC1
C1CCC(C2CC(C3CCCCC3)CC(C3CCC(C4CCCC4)CC3)C2)CC1
C1CCC(CCC2CCC(CC3CCC(CCC4CCCCC4)CC3)CC2)CC1
C1CCC(CC2CCCC(C3CCCC4CC(C5CCCCC5)CCC43)C2)CC1
C1CCC(C2CCC(CCCC3CCC(C4CCCC4)CC3)CC2)CC1
C1CCC(CC2CCCCC2C2CCCCC2)CC1
C1CCC(CCC2CCC3CC(C4CC(CC5CCC5)CCC4C4CCCCC4)CCC23)CC1
C1CCC(C2CCC(CC3CCCC3)CC2C2CCC(C3CC4CCCCC4C3)CC2)CC1
C1CCC(CCCC2CCC(CC3CCCCC3)CC2)CC1
C1CCC(CCC2CCCC(C3CCCC(CC4CCCCC4)C3)C2)CC1
C(CCCC1CC1)CCCC1CC(CC2CCCCC2)CCC1CC1CCCCC1
C(CCCC1CCCC(C2CCCCC2)C1)CCC1CCC(CC2CCCCC2)CC1
C1CCC(C2CCC(CC3CCC(CCC4CCC(CCC5CC5)CC4)CC3)CC2)C1
C1CCC(CC2CCCC(C3CCC(CC(CC4CCCCC4)C4CCCCC4)CC3)C2)CC1
C1CCC(CC2CCC(C3CCCC4CCCCC43)C(C3CCCC3)C2)C1
C1CCC(CCC2CC(C3CCC3)CC(C3CCCC(C(C4CCCCC4)C4CCCC(CCC5CC5)C4)C3)C2)CC1
C1CCC(CC2CCCCC2C2CCCCC2C2CCC3C(CCCC3C3CCCCC3)C2)CC1
C1CCC(CCC2CCCC(C3CCCCC3)C2)CC1
C1CCC(C2CC(C3CCC(C4CCCC(CC5CCCC5)C4)CC3)C2)CC1
C1CCC(CC2CCCCC2CC2CCCCC2C2CCC3CCCCC3C2)CC1
C1CCC(CCC2CCC3CC(C4CCCCC4)CCC3C2)CC1
C1CCC(CCCC2CCCCC2)CC1
C1CCC(CCC(C2CCCC(C3CCCCC3)C2)C2CCCCC2C2CCCCC2)CC1
C1CCC(CC2CCCC(C3CCCCC3)C2)CC1
C1CCC(C2CCC(CC3CCCCC3C3CCCC3)CC2)CC1
C1CCC(CC2CCCCC2CCC2CCC(CCCC3CCCCC3C3CCC(C4CCCC4)CC3)CC2)CC1
C1CCC(C2CCCC(CC3CCC(CC4CC5CCCCC5C4)CC3)C2)CC1
C1CCC(CC2CCC(C3CCC(C4CCCCC4)CC3)CC2)CC1
C1CCC(CCCCC2CCC(CC3CCC(CCC4CCC5CCCC5C4)CC3)CC2)CC1
C1CCC(CC2CCC(CC3CCCC(C4CCCCC4)C3)CC2)CC1
C1CCC(CC2CCC(CC3CCCCC3)CC2)CC1
C1CCC(C2CC(C3CCC3)CC(C3CCCCC3C3CCC(C4CCCC4)CC3)C2)CC1
C1CCC(CC2CCC(C3CCC4CCCC4C3)C2C2CCCCC2)CC1
C1CCC(C2CCC(C3CCCC(C4CCCC(C5CCCCC5)C4)C3)CC2)CC1
C1CCC(C2CC(C3CCC(C4CCCC4)CC3)CC3CCCCC32)CC1
C1CCC(CC2CCC(CCCC3CCCC(CC4CCCCC4)C3)CC2)CC1
C1CCC(CC2CCC(C3CCCCC3)CC2)CC1
C1CCC(CCC2CCCC(C3CCCC3C3CCCCC3CC3CCCC(C4CC4)C3)C2)CC1
C1CCC(C2CCCC(C3CCCCC3)C2)CC1
C1CCC(CC2CCC(C3CC(CCC4CCC(CC5CC5)CC4)C4CCCCC43)CC2)CC1
C1CCC(C2CCCCC2)CC1
C1CCC(CCC2CCCC(C3CCCCC3)C2)CC1
C1CCC(C2CCC3C(CC4CCC5CCCCC5C4)CCCC3C2)CC1
C1CCC(CC2CCC(CC3CCCCC3)CC2)CC1
C1CCC(CCCC2CCC(CC3CCC(CC4CC5CCCCC5C4)CC3)CC2)CC1
C1CCC(C2CCCC(C3CCC(C4CCCCC4C4CCCCC4)CC3)C2)CC1
C1CCC(C2CCC(C3CCCC(C4CCCC4)C3)CC2)CC1
C1CCC(C2CCCCC2C2CCCC(C3CCC4CCCC4C3)C2)CC1
C1CCC(C2CCCCC2)CC1
C1CCC(C2CCCC(C3CCCCC3)C2)CC1
C1CCC(CCCC2CCC(C3CCCCC3C3CCCCC3)CC2)CC1
C1CCC(CCCC2CCC(C3CCCC(C4CCCCC4)C3)CC2)CC1
C(CCCC1CCC2C(CCC2CC2CCCC(C3CCCCC3)C2)C1)CCC1CCCCC1
C1CCC(CC2CCCC(C3CC4CCCCC4C3)C2)CC1
C1CCC(CC2CC(C3CCCCC3CC3CCCCC3)C3CCCCC23)CC1
C1CCC(CCC2CCC(C3CCCC4CCC(CCC5CCCC5)CC43)CC2)CC1
C1CCC(C2CCCCC2)CC1
C1CCC(CCCC2CCCCC2C2CCCCC2)CC1
C1CCC(CC2CCC3CCC(C4CCCCC4)C3C2)CC1
C1CCC(CCCC2CCCCC2C2CCCCC2)CC1
C1CCC(CC2CCC3CC(CCCCC4CCCC(C5CCCCC5)C4)CCC23)CC1
C1CCC(C2CCC(CC3CCCC4CCCCC43)CC2)CC1
C1CCC(C2CCCCC2)CC1
C(CC1CCCC(CC2CCC3CCCCC32)C1)CC1CC2CCCCC2C1
C1CCC(CCCC2CCC(C3CCCC(C4CCC(CC5CCCC5)CC4)C3)CC2)CC1
C1CC(CCCC2CCC3CCCCC32)CC(CC2CCC(C3CCCC3)CC2)C1
C1CCC(C2CCCC(CC3CCC(CCC4CCCC5CCCCC54)CC3)C2)CC1
C1CCC(C2CCCC(C3CCCCC3)C2)CC1
C1CCC(C2CCCC(C3CC(C4CCCCC4)C(C4CCCC4)C(C4CC4)C3)C2)CC1
C1CCC(CC2CCCCC2C2CCCCC2)CC1
C(CC1CCC(C2CC3CCCCC3C2)CC1)CC1CCC2CCCCC2C1
C1CCC(CC2CCCCC2C2CCCC(C3CCCC3)C2)CC1
C1CCC(C2CCC3CCCC(C4CCCCC4)C3C2)CC1
C1CCC(CCCC2CCC(CCC(C3CCCCC3)C3CCCCC3)CC2)CC1
C1CCC(CC2CCC3C(CC4CCCCC4)CC(CC4CCCCC4)C3C2)CC1
C1CCC(C2CCCC2CC2CCC(C3CCC(C4CCC5CCCCC5C4)CC3)CC2)CC1
C1CCC(CCCCC2CCC(CC3CCCC(C4CCCCC4)C3)CC2)CC1
C1CCC(CC2CCC(C3CCC(CC4CCCC(C5CCCCC5)C4)CC3)CC2)CC1
C1CCC(CC2CC(CC3CCCCC3)C3CCCCC23)CC1
C1CCC(CCCCC2CCC(CC3CCC(CC4CCCCC4)CC3)CC2)CC1
C1CCC(C(CC2CCC3C(CCCC3C3CCCCC3)C2)C2CCCCC2)CC1
C1CCC(CCCC2CCCC(C3CCCC(C4CCCC4)C3)C2)CC1
C1CC2CCC(CCC3CCC(CC4CCC(CC5CC6CCCCC6C5)CC4)CC3)CC2C1
C1CCC(C2CCC(C3CCCC(CC4CCC5CCCC5C4)C3)CC2)CC1
C1CCC(C2CCCC(C3CCCCC3)C2)CC1
C1CCC(CCCC2CCC(CCC3CCC(CC4CCCCC4)CC3)CC2)CC1
C1CCC(CCCC2CCC(C3CCCC(CC4CCCCC4)C3)CC2)CC1
C1CCC(CCC2CCCC(C3CCCC(C4CCCCC4)C3)C2)CC1
C1CCC(CC2CCC(CCC3CC3)CC2)CC1
C1CCC(CCC2CCCC(CC3CCC(C4CCCCC4)CC3)C2)CC1
C1CCC(CCC2CCCC(CC3CCCCC3CC3CC3)C2)CC1
C1CCC(C2CCC(C3CCC(C4CCC5CCCC5C4)CC3)CC2)CC1
C1CCC(C2CCC(C3CCC(C4CCCC(C5CCCC5)C4)CC3)CC2)CC1
C1CCC(CCC2CCC(C(CCC3CCCCC3)CC3CCCCC3)CC2)CC1
C1CCC(CC2CCCC(C3CC4CCCCC4C(C4CCCCC4)C3)C2)CC1
C1CCC(CC2CCC(C3CCCCC3)CC2)CC1
C1CCC(C2CCCC(C3CCCCC3)C2)CC1
C1CCC(CCCC2CCCCC2)CC1
C1CCC(CC2CCCC(C3CC(CC4CCCCC4)CCC3C3CCC3)C2)CC1
C1CCC(CCC2CCC(C3CC3C3CCCC(C4CCCCC4)C3)CC2)CC1
C1CCC(CCC2CCCCC2)CC1
C1CCC(CC2CCC(CC3CCCC(C4CCCCC4)C3)CC2)CC1
C1CCC(C2CCCC(C3CCCC3)C2C2CCC3CCCCC32)CC1
C1CCC(CC2CCCC(CC3CC4CCCCC43)C2)CC1
C1CCC(CCC2CC(CC3CCCCC3C3CCC(C4CCCCC4)CC3)C3CCCCC23)CC1
C1CCC(CCC2CCCC(C3CC(C4CCCCC4)C3)C2)CC1
C1CCC(C2CCCCC2)CC1
C1CCC(C2CCCC(CCC3CCC(C4CCCCC4C4CCCCC4)CC3)C2)CC1
C1CCC(C2CCC(CC3CC4CCCCC4C3)CC2C2CCCCC2)CC1
C1CCC(CC2CCC(CC3CCCCC3)C(C3CCCC3)C2)CC1
C1CCC(CCC2CCCCC2C2CCCC(C3CCCCC3)C2)CC1
C1CCC(CC2CCC(C3CCCC(C4CCCCC4)C3)CC2)CC1
C1CCC(CCC(C2CC2)C2CCCC(CC3CCC(CCC4CC4)CC3)C2)CC1
C1CCC(CCCC2CCC(CCCC3CCCC(CC4CCCCC4)C3)CC2)CC1
C1CCC(CCC2CCCCC2C2CCC(CC3CCCCC3)CC2)CC1
C1CCC(CC2CCCC(CC3CCC(CC4CCC5CCCCC5C4)CC3)C2)CC1
C1CCC(CC2CCC3CCC(C4CCCC(C5CCCCC5)C4)CC3C2)CC1
C1CCC(C2CCCC(C3CCCC(C4CCCC(C5CCCCC5)C4)C3)C2)CC1
C1CCC(CCC2CCCC(C3CCC(CC4CCCCC4)CC3)C2)CC1
C1CCC(CCC2CCCCC2)CC1
C1CCC(CC2CCCC(C3CCCC3)C2)CC1
C1CCC(CCCC2CCC(C3CCCCC3)CC2)CC1
C1CCC(CCCC2CCC(C3CCCCC3)CC2)CC1
C1CCC(C2CCCC(C3CCCC(C4CCCCC4)C3)C2)CC1
C1CCC(CC2CCC(CCC3CC4CCCCC4C3)CC2)CC1
C1CCC(CC2CCC(CC3CCCCC3)CC2)CC1
C1CCC(CC2CCCCC2)CC1
C1CCC(CC2CCC(CC3CCCC(C4CCCCC4)C3)CC2)CC1
C1CCC(CCC2CC(C3CCCCC3)CC(C3CCCCC3)C2)CC1
C1CCC(CCCC2CCCCC2)CC1
C1CCC(CC2CCCCC2C2CCC(C3CCCCC3)CC2)CC1
C1CCC(C2CCC(CC3CCCCC3C3CCC4CCCCC4C3)CC2)CC1
C1CCC(CCC2CCC(C3CCCCC3C3CCC(C4CCCCC4C4CC4)CC3)CC2)CC1
C1CCC(CCC2CCC(CCC3CCC(CC4CCC(C5CCCCC5)CC4)CC3)CC2)CC1
C1CCC(CC2CCC(CC3CC4CCC(C5CCCCC5C5CCCC5)C4C3)CC2)CC1
C1CCC(CC2CCCCC2CC2CCC(C3CCCC3)CC2)CC1
C1CCC(CC2CCCC(CCC3CC3C3CCC(C4CCCCC4)CC3)C2)CC1
C1CCC(C2CCC3CC(C4CCCC(C5CCC5)C4)CCC32)CC1
C1CCC(C2CCC(C3CCC(C4CCCCC4)CC3C3CCCCC3)CC2)CC1
C1CCC(CCCC2CCC(C3CCCC(CC4CCCCC4)C3)CC2)CC1
C1CCC(CC2CCC(C3CCCCC3)C2)CC1
C1CCC(CC2CCC(C3CC4CCC(C5CCCCC5)CC4C(C4CCCCC4)C3)CC2)CC1
C1CCC(CC2CCC(C3CCCCC3)C2)CC1
C1CCC(CC2CCCC(CC(CC3CCCCC3)C3CCCCC3)C2)CC1
C1CCC(C2CCCC(CC3CCCCC3C3CCCCC3)C2)CC1
C1CCC(C2CCC(C3CCCCC3)CC2)CC1
C1CCC(CC2CCC(CCCC3CCC(C4CCCC(C5CCCCC5)C4)CC3)CC2)CC1
C1CC(C2CCCC(C3CCC(C4CCC5CCCCC54)CC3)C2)C1
C1CCC(C2CCC3CCCCC32)CC1
C1CCC(CCCC2CCCC(C3CCCCC3)C2)CC1
C1CC(CC2CC3CCCCC3C2)CC(C2CCC(CC3CCC4CCCCC43)CC2)C1
C(CCC1CCCCC1C1CCC2CCCCC2C1)CC1CC2CCCCC2C1
C1CCC(CCC2CCC(CC3CCC(CC4CCCCC4)CC3)CC2)CC1
C1CCC(CC2CCC(C3CCCC(CCC4CCC(C5CCCCC5)CC4)C3)CC2)CC1
C1CCC(CCC2CCCC(C3CCCC(CC4CCCCC4)C3)C2)CC1
C1CCC(C2CCCCC2C2CCC(C3CCC4CCCCC4C3)CC2)CC1
C1CCC(CCC2CCCC(C3CCC(CC4CCCCC4)CC3)C2)CC1
C1CCC(CC2CCC(C3CC(CC4CCCC(C5CC5)C4)C4CCCCC43)CC2)CC1
C1CCC(CC2CCCC(CC3CCCC(CC4CC5CCCCC5C4)C3)C2)CC1
C1CCC(CC2CCC(CCC3CCC(C4CC5CCCCC5C4)CC3)CC2)CC1
C1CCC(C2CCC(CC3CCC(CCC4CC5CCCCC5C4)CC3)CC2)CC1
C1CCC(C2CCC(CC3CCC(C4CCCC(C5CCCC5)C4)CC3)CC2)CC1
C1CCC(CC2CCC(C3CCC(CC4CCC4)CC3C3CCCC3)CC2)CC1
C1CCC(CCC2CCCC(CC3CCCC(C4CCCC(C5CCCC5)C4)C3)C2)CC1
C1CCC(C2CCCC(C3CCCC(C4CCCC4)C3)C2)CC1
C1CCC(CC2CCCC(C3CCCC(C4CCCCC4C4CCCC4)C3)C2)CC1
C1CCC(C2CCCC(C3CCCC(C4CCCCC4C4CCC5CCCCC5C4)C3)C2)CC1
C1CCC(C2CCC3CCCC(C4CCCC4)C3C2)CC1
C1CCC(C2CCCCC2C2CCCCC2)CC1
C1CCC(CCC2CCC(C3CCCCC3C3CCC4CCCC4C3)CC2)CC1
C1CCC(CCC2CCCC(C3CCCC(C4CCCCC4)C3)C2)CC1
C1CCC(CC2CCC(CC3CCCC(C4CCCCC4)C3)CC2)CC1
C1CCC(CCCCC2CCC(CCCC3CCCCC3)CC2)CC1
C1CCC(CCC2CCC(C3CCCCC3)C(CCC3CCCCC3)C2)CC1
C1CCC(CC2CCCC(CCC3CCC4CCCCC43)C2)CC1
C1CCC(C2CCC(C3CCCC(C4CCCC4)C3)CC2)CC1
C1CCC(CC2CCCC(CC3CCC4CCCCC43)C2)CC1
C1CCC(CC2CCC(C3CCCCC3C3CCCCC3)CC2)CC1
C1CCC(C2CCC(C3CCCCC3C3CCCC3)CC2)CC1
C1CCC(C2CCCC(C3CCC(CC4CCCC(C5CCC5)C4)CC3)C2)CC1
C1CCC(CCC2CCCCC2CCC2CCCCC2)CC1
C1CCC(CC2CCC(C3CCCCC3C3CCCCC3C3CCCCC3)CC2)CC1
C1CCC(CCC2CCCC(C3CCCCC3)C2)CC1
C1CCC(CCC2CC(C3CCCC3)CCC2C2CCC3CCCC3C2)CC1
C1CCC(C2CCC(CCC3CCCC(C4CCCCC4)C3)CC2)CC1
C1CCC(CCC2CCC(CC3CCC(CC4CCC4)CC3)CC2)CC1
C1CCC(CCC2CCCCC2C2CCCCC2C2CCCCC2)CC1
C1CCC(CC2CCC(CC3CCCC(C4CCCCC4)C3)CC2)CC1
C1CCC(C2CCC(CC3CCC(CC4CC5CCCCC5C4)CC3)CC2)CC1
C1CCC(CC2CCC(C3CCCC(CC4CCC4)C3)CC2)CC1
C1CCC(CCCC2CCC(CC3CC(C4CCC(C5CCCCC5)CC4)C4CCCCC34)CC2)CC1
C1CCC(CC2CCCC(C3CCCCC3C3CCCC3)C2)CC1
C1CCC(CC2CCC(CC3CCCCC3)CC2)CC1
C1CCC(C2CCCCC2C2CCCC(C3CCCC(C4CC4)C3)C2)CC1
C1CCC(CCC2CCCC(C3CCCCC3)C2)CC1
C1CCC(C2CCC(CC3CCCC(C4CCCCC4)C3)CC2)CC1
C1CCC(CC2CCC(CC3CCC(C4CCCC4)CC3)CC2)CC1
C1CCC(CC2CCCC(CC3CCCC(C4CCCCC4)C3)C2)CC1
C1CCC(CC2CCC3CC(C4CCCCC4)CC(C4CCC5CCCCC5C4)C3C2)CC1
C1CCC(C2CCC3CC(CC4CCC5C(C4)CC(C4CCC6CCCCC64)CC5C4CCCCC4)CCC32)CC1
C1CCC(CC2CC(CC3CCC(CCCC4CCC(CC5CCCC5)CC4)CC3)C3CCCCC23)CC1
C1CCC(CCC2CCC(CC3CCC(CC4CCCCC4)CC3)CC2)CC1
C1CCC(C2CCCC(C3CCCCC3)C2)CC1
C1CCC(C2CCCCC2C2CCC(C3CC4CCCCC4C3)CC2)CC1
C1CCC(C2CCCCC2C2CCC3CCCC3C2)CC1
C1CCC(CC2CCCC(CCCC3CCC(CC4CCCC5CCCCC54)CC3)C2)CC1
C1CCC(CCCCC2CCCC(CC3CCCCC3)C2)CC1
C1CCC(C2CCC(CC3CCCC(C4CCCCC4)C3)CC2)CC1
C1CCC(C2CCC3CCC(CC4CCCC(CC5CCCC5)C4)CC3C2)CC1
C1CCC(CCC2CC(C3CCCCC3)CC(CC3CCCCC3)C2CCC2CC2)CC1
C1CCC(C2CCCCC2C2CCCCC2)CC1
C1CCC(C2CCCC(C3CCCCC3CC3CCC3)C2)CC1
C1CCC(CCC2CCC(C3CCCCC3)CC2C2CCC(C3CCCCC3)CC2)CC1
C1CCC(CCCCC2CCC(C3CCC(CC4CCCCC4)CC3)CC2)CC1
C1CCC(C2CCC(C3CCC(CC4CCCC(C5CC6CCCCC6C5)C4)CC3)CC2)CC1
C1CCC(CCC2CCC(C3CCCC(C4CCC5CCCCC54)C3)CC2)CC1
C1CCC(CC2CCC3C(CCCC4CCC(C5CCCCC5)CC4)CCC3C2)CC1
C1CCC(CC2CCCCC2C2CCCC(CC3CC(C4CCCCC4)C4CCCCC34)C2)CC1
C1CCC(C2CCCC(CC3CCCC(C4CCC(C5CCC6CCCCC65)CC4)C3)C2)CC1
C1CCC(CCCC2CCCC(C3CCCCC3)C2)CC1
C1CCC(CCC2CCC(CCC3CC4CCCCC4C3)CC2C2CCCC2)CC1
C1CCC(CCC2CCCC(C3CCCCC3CC3CCCCC3)C2)CC1
C1CCC(CC2CCC(C3CCCC3)C(C3CCCC4CC(C5CCCCC5)CCC43)C2)CC1
C1CCC(CC2CCC(C3CCCCC3)CC2)CC1
C1CCC(C2CCCC(CC3CCCCC3C3CCC(CC4CC5CCCCC5C4)CC3)C2)CC1
C1CCC(CCC2CCCCC2C2CCCCC2)CC1
C1CCC(C2CCCC(C3CCCCC3)C2)CC1
C1CCC(CCC2CCCC(CCC3CC3)C2)CC1
C1CCC(CCCCCC2CCCC(CCC3CCCCC3)C2)CC1
C1CCC(CCCCC2CC(CC3CCCCC3)CCC2CC2CC2)CC1
C1CCC(C2CCCC(CC3CCCC(C4CC5CCCCC5C4)C3)C2)CC1
C1CCC(CCC2CC(C3CC4CCCCC4C3)C3CCCCC23)CC1
C1CC(CC2CCC(C3CCCCC3C3CCC4CCCCC4C3)CC2)C1
C1CCC(C2CCCC(C3CC(C4CCCCC4)CC4CCCCC43)C2)CC1
C1CCC(CC2CCCCC2C2CCC3C(CCC3C3CCCC3)C2)CC1
C1CC(C2CCCC(C3CCCC(CC4CC5CCCCC5C4)C3)C2)C1
C1CCC(CC2CCCC(CCC3CCC(CC4CCCC4)CC3)C2)CC1
C1CCC(C2CCC(C(C3CCCCC3)C3CCCCC3)CC2)CC1
C1CCC(CCC2CCC(C3CCCCC3CCC3CCCCC3)CC2)CC1
C1CCC(C2CC(C3CCCCC3)C3CCCCC23)CC1
C1CCC(CCC2CCC(CC3CCCC(CC4CCCCC4)C3)CC2)CC1
C1CCC(CCCCC2CCC(CC3CCC(C4CCC5CCCC5C4)CC3)CC2)CC1
C1CCC(CC2CCCC(C3CCC(C4CCCCC4)CC3C3CCCCC3)C2)CC1
C1CCC(C2CCCC(C3CCCCC3)C2)CC1
C1CCC(CCC2CCCC(CCC3CCC(CCC4CCC5CCCC5C4)CC3)C2)CC1
C(CCC1CCCC1)CCC1CCC(C2CC(CC3CCCCC3)C3CCCCC32)CC1
C1CCC(CCC2CCC(C3CCCCC3)CC2)CC1
C1CCC(CCCC2CCCCC2C2CCC(C3CCCCC3)CC2)CC1
C1CCC(C2CC(C3CC(C4CCC(CC5CC5)CC4)C4CCCCC43)C3CCCCC23)CC1
C1CCC(CCCCC2CCC(CCC3CCCC(C4CCCCC4)C3)CC2)CC1
C1CCC(CCCC2CCC(CCCCC3CCC4CCCCC4C3)CC2)CC1
C1CCC(CCC2CCC(C3CCC(C4CCCCC4)CC3)CC2)CC1
C1CCC(CCC2CCC(CC3CCC(CC4CCC(CC5CCCCC5)CC4)CC3)CC2)CC1
C1CCC(CC2CCCC(C3CCCC3)C2)CC1
C1CCC(CCCC2CCC3CCC(C4CCCCC4)C3C2)CC1
C1CCC(CCC2CCC(CC3CCC(CC4CCCCC4)CC3)CC2)CC1
C1CCC(CCC2CCC(C3CCCCC3)C(C3CCCC(CC4CCC5CCCCC54)C3)C2)CC1
C1CCC(CCCCC2CCCC(C3CCCCC3C3CCCCC3)C2)CC1
C1CCC(CCC2CCCCC2C2CCCCC2)CC1
C1CCC(C2CCCC(C3CCCC(C4CC4)C3)C2)C1
C(CCC1CC2CCCCC2C1)CC1CCCC(CCC2CCCC(C3CCC3)C2)C1
C1CCC(CCC2CCC(C3CCCCC3CC3CCCC(CC4CCCCC4)C3)CC2)CC1
C1CCC(CC2CCC(C3CCC(C4CCCC(C5CCCCC5)C4)C4CCCCC34)CC2)CC1
C1CCC(CC2CCC(CCC3CCCC(CC4CCC(CC5CCCCC5)CC4)C3)CC2)CC1
C1CCC(CCC2CC(C3CCC(C4CCC4)CC3C3CCCC3)C3CCCCC23)CC1
C1CCC(CC2CC(C3CCC(C4CCCCC4)CC3)C3CCCCC23)CC1
C1CCC(CCCC2CCC(C3CCCC(CC4CCCCC4)C3)CC2)CC1
C1CCC(CC2CCC(C3CCCCC3CC3CCCCC3)CC2)CC1
C1CCC(CCCC2CCCC(C3CCC(C4CCCCC4)CC3)C2)CC1
C1CCC(CCC2CCC(CC3CCC(CCC4CCCCC4)CC3)CC2)CC1
C1CCC(CC2CCCC(CCCC3CC(CC4CCCCC4)C4CCCCC34)C2)CC1
C1CCC(C2CCC(C3CCCCC3)CC2)CC1
C1CCC(C2CCC(CC3CCC(C4CCCCC4)CC3)CC2)CC1
C1CCC(CC2CCCC(C3CCCCC3)C2)CC1
C1CCC(CC2CCCCC2C2CCCCC2)CC1
C1CCC(CCCC2CCCC(C3CCCCC3)C2)CC1
C1CCC(CCCCC2CCCCC2CC2CCC3CCCCC3C2)CC1
C1CCC(CC2CCCCC2C2CCCC(C3CCCCC3)C2)CC1
C(CCCC1CCCC(C2CCCCC2)C1)CCC1CCCCC1
C1CCC(C2CCCC(C3CCCC(C4CCCC4)C3)C2)CC1
C1CCC(CC2CCCCC2C2CCCCC2)CC1
C1CCC(C2CCCC(CCCC3CCCC(C4CCCCC4)C3)C2)CC1
C1CCC(C2CCCC(C3CCC(CC4CCCC4)CC3)C2)CC1
C1CCC(CC2CCC(C3CCCC(C4CCCC4)C3)CC2)CC1
C1CCC(CC2CCCCC2C2CCC(C3CC(C4CCCC(C5CCCC5)C4)C4CCCCC34)CC2)CC1
C1CCC(CCCC2CCC(C3CCCCC3C3CCC4CCCC4C3)CC2)C1
C1CCC(C(C2CCCCC2)C2CCCCC2)CC1
C1CCC(CC2CCC(CC3CCCC(CC4CCCC4)C3)CC2)CC1
C1CCC(C(CC2CCCCC2C2CCCC2)CC2CCCCC2C2CCC2)CC1
C1CCC(CCC2CCC(C3CCCC(CCC4CCCCC4)C3)CC2)CC1
C1CCC(C2CCC(C3CCCC4CCCCC43)CC2)CC1
C1CCC(C2CCC3CCCC(C4CCCCC4)C3C2)CC1
C1CCC(C2CCC(C3CC(CC4CCCC4)C4CCCCC43)CC2C2CCCCC2)CC1
C1CCC(CC2CCC(C3CCCC(C4CCCCC4)C3)CC2)CC1
C1CCC(CC2CCCC(C3CCCCC3)C2)CC1
C1CCC(CC2CCCCC2C2CCCC(C3CCCCC3)C2)CC1
C1CCC(CCCCC2CCC(CC3CCC(CC4CCCCC4)CC3)CC2)CC1
C1CCC(CC2CCCCC2CC2CCCCC2)CC1
C1CCC(CC2CCC(CC3CCC(CC4CCCCC4)CC3)CC2)CC1
C1CCC(CCCC2CCC(C3CCCCC3)CC2)CC1
C1CCC(CC2CCC(CC3CCC(CC4CCCCC4C4CCCC(CC5CCCCC5)C4)CC3)CC2)CC1
C1CCC(C2CCC(CC3CCC(C4CCC(C5CCCCC5)CC4)CC3)CC2)CC1
C1CCC(CC2C(C3CCCCC3)CC(CC3CCC3)CC2C2CCC2)CC1
C1CCC(C2CCC(C3CCCCC3)CC2)CC1
C1CCC(C2CCC(CCC3CCCCC3C3CCCCC3)CC2)CC1
C1CCC(CC2CCCCC2C2CCCCC2)CC1
C1CCC(C2CCC(C3CCCCC3)CC2)CC1
C1CCC(CCC2CC(CC3CC3)CCC2CC2CCCC3CC(C4CCCCC4)CCC32)CC1
C1CCC(CCCC2CCC(C3CCCCC3)CC2)CC1
C1CCC(C2CCC(CC3CCC(C4CCCCC4)C3)CC2)CC1
C1CCC(CC2CCCC(C3CCCCC3)C2)CC1
C1CCC(CCC2CCCC(CCCC3CCCC(CC4CCCCC4)C3)C2)CC1
C1CCC(C2CCC(CCCC3CCCC(C4CCCCC4)C3)CC2)CC1
C1CCC(CCCC2CCCC(C3CCCCC3)C2)CC1
C1CCC(CC2CCCC(CC3CC4CCCCC4C3)C2)CC1
C1CC(C2CCC(C3CCC4C(CCC4C4CCCC4)C3)CC2)C1
C1CCC(CC2CCCC(CC3CCCC(CC4CCCCC4)C3)C2)CC1
C1CCC(C2CCC(CCC3CCC(C4CCCCC4)CC3)CC2)CC1
C1CCC(C2CCCC(CCCC3CCC(C4CCCC(CC5CC6CCCCC6C5)C4)CC3)C2)CC1
C1CCC(CCCCC2CCC(CC3CCCCC3)CC2)CC1
C1CCC(CC2CCC(C3CCCCC3)CC2)CC1
C1CCC(CCCC2CCCC(CC3CC4CCCCC4C3)C2)CC1
C1CCC(CC2CC(CCC3CC(C4CCCC4)CCC3C3CCCCC3)C3CCCCC23)CC1
C1CCC(CC2CCC3C(C2)C(C2CCCCC2)CC3C2CCCCC2CC2CCCCC2)CC1
C1CCC(C2CCC(CC3CCC(CCC4CCCC(C5CCCC5)C4)CC3)CC2)CC1
C1CCC(C2CCCC(C3CCCC(C4CCC(C5CCCCC5)CC4C4CCCC4)C3)C2)CC1
C1CCC(C2CCC(CC3CCC(C4CCC5CCCCC54)CC3)CC2)CC1
C1CCC(C2CCC(CC3CCC(C4CCCC4)CC3)CC2)C1
C1CCC(CC2CCC(CCC3CCC(CCCCC4CCCCC4CC4CCCCC4)CC3)CC2)CC1
C1CCC(CCC2CCCCC2)CC1
C1CCC(C2CCC(C3CCC4C(CCC4C4CCCCC4)C3)CC2)CC1
C1CCC(CC2CCC(CC3CCCC(CC4CCCCC4)C3)CC2)CC1
C1CCC(CC2CCC(C3CC(CC4CCCCC4)C4CCCCC43)CC2)CC1
C1CCC(C2CC(C3CCCC3)CC3CCCCC32)CC1
C1CCC(CC2CCC(CC3CCCC(C4CCCCC4)C3)CC2)CC1
C1CCC(CCC2CC(C3CCCCC3)CC(C3CCCCC3)C2)CC1
C1CCC(C2CCC(CCC3CC4CCCCC4C3)CC2)CC1
C1CCC(CC2CCCC(C3CCC(CC4CCCC(C5CCCCC5)C4)CC3)C2)CC1
C1CCC(C2CCC(CC3CCCC3)CC2)CC1
C1CCC(C2CCCC(CCCCC3CCC(CC4CCCCC4C4CCCC4)CC3)C2)CC1
C1CCC(CC2CC(CC3CCCC(CC4CCC5CCCCC54)C3)C3CCCCC23)C1
C1CCC(C2CCCC(C3CCC(CC4CCC(CC5CCCC5)CC4)CC3)C2)CC1
C1CCC(CC2CCC(CC3CCC(CC4CCCCC4)CC3)CC2)CC1
C1CCC(CCCC2CCC(CC3CCCCC3)CC2)CC1
C1CCC(CCC2CCCC(CCC3CCCCC3)C2CCC2CCCCC2)CC1
C1CCC(CC2CCC3C(CCC3CC3CCCC(C4CCCCC4)C3)C2)CC1
C1CCC(C2CCC3CC(C4CC5CCCCC5C4)CCC32)CC1
C1CCC(CCC2CCCCC2C2CCCC(C3CCC3)C2)CC1
C1CCC(CCCCC2CC(C3CCCCC3)C3CCCCC23)CC1
C1CCC(C2CCC(CCC3CCCCC3C3CCCCC3)CC2)CC1
C1CCC(CC2CCC3CC(C4CCCCC4)CC(C4CCCCC4)C3C2)CC1
C1CCC(CCCCC2CCC(CC3CCCCC3CCCC3CCCCC3)CC2)CC1
C1CCC(CC2CCCCC2CC2CCC2)CC1
C1CCC(CCCCC2CCC(C3CC4CCCCC4C3)C(C3CCCCC3)C2)CC1
C1CCC(C2CCC(CC3CCCCC3C3CCCC3)CC2)CC1
C1CCC(CCC2CC(C3CCCCC3)CCC2CC2CCCCC2)CC1
C1CCC(CC2CCCC(C3CC(CC4CCCCC4)C4CCCCC43)C2)CC1
C1CCC(CC2CC(C3CCCCC3)CC(C3CCCCC3)C2)CC1
C1CCC(C2CCC(CC3CCC(C4CCCCC4)CC3)CC2)CC1
C1CCC(C2CCCC(CC3CCCC(C4CCCCC4CCC4CC4)C3)C2)C1
C1CCC(CCC2CCC3CCCCC3C2)CC1
C1CCC(C2CCC(CC3CCC(CC4CC5CCCCC5C4)CC3)CC2)CC1
C1CCC(CC2CC(C3CCCCC3)CC(C3CCCCC3)C2)CC1
C1CCC(C(C2CCCCC2)C2CCCCC2C2CCCC2)CC1
C1CCC(CC2CCC3CCC(C4CC5CCCCC5C4)C3C2)CC1
C1CCC(CCC2CCCC(CCC3CCC(C4CCCC4)CC3)C2)CC1
C1CCC(CCCCC2CCC3CC(C4CCC(CCC5CCCC5)CC4)CCC23)CC1
C1CCC(CC2CCCC(C3CCCCC3)C2)CC1
C1CCC(CCCCC2CCC(CC3CCCCC3)CC2)CC1
C1CCC(C2CCCC(C3CCC(C4CCCC4)CC3)C2)CC1
C1CCC(CC2CCCCC2)CC1
C1CCC(CCC2CCC(C3CCCCC3)CC2)CC1
C1CCC(C2CCC(CCC3CCCC(C4CCC4)C3)C(C3CCCCC3)C2)CC1
C1CCC(CCC2CCC(CCCC3CCCCC3C3CCCCC3)CC2)CC1
C1CCC(CCC2CCCC(CC3CCCCC3)C2)CC1
C1CCC(CCC2CCCC(C3CCC(C4CCC5CCCCC54)CC3)C2)CC1
C1CCC(CCCCC2CCC3C(CC4CCCCC4)CCC3C2)CC1
C1CCC(CC2CCCC(C3CCC4CCC(CC5CCCCC5)C4C3)C2)CC1
C1CCC2CC(CC3CCC(C4CCCC(C5CCC6CCCC6C5)C4)CC3)CC2C1
C1CCC(C2CCC(CCCC3CCC(C4CCCCC4C4CCCC4)CC3)CC2)CC1
C1CCC(CC2CCCC(C3CCCC(C4CCCCC4)C3)C2)CC1
C(CCCC1CC(C2CCCCC2)CC(C2CCC2)C1)CCC1CCCCC1
C1CCC(CC2CC(CC3CC(C4CCCCC4)C4CCCCC34)C3CCCCC23)CC1
C1CCC(CC2CCCC(C3CCCC(C4CCCCC4)C3)C2)CC1
C1CC2CCC(CCC3CCCC(C4CCC5CCCCC54)C3)CC2C1
C1CCC(CC2CCC(CCCC3CCCC(C4CCCC(C5CCCCC5)C4)C3)CC2)CC1
C1CCC(CC2CCC(C3CCCCC3)CC2)CC1
C1CCC(CCC2CC(CC3CCCCC3)CC(CC3CCCCC3)C2)CC1
C1CCC(C2CCCC(C3CCCCC3C3CCCCC3)C2)CC1
C1CCC(C2CCC(CC3CCCC(C4CCC(C5CCC6CCCCC6C5)C5CCCCC45)C3)CC2)CC1
C(CC1CC1)CC1CCC(C2CCC(C3CCCC(CCC4CC4)C3)CC2)CC1
C1CCC(CC2CCC(CC3CCCCC3CC3CCCCC3)CC2)CC1
C1CCC(CC2CCCC(CC3CCCCC3C3CCCCC3)C2)CC1
C1CCC(C2CC(CC3CCC(CCC4CCCC4)C(C4CCC5CCCC5C4)C3)C3CCCCC32)CC1
C1CCC(CC2CCC(CCC3CCCCC3C3CCC4C(CCCC4C4CCCCC4)C3)CC2)CC1
C1CCC(CCCC2CCC3C(C4CCCCC4)CC(C4CCCCC4)C3C2)CC1
C1CCC(C2CCC(C3CCCCC3C3CCCCC3)C2)CC1
C1CCC(CC2CCC(C3CCCC(C4CCCCC4)C3)CC2)CC1
C1CCC(C2CCC(CC3CCCC(C4CC4)C3)CC2)CC1
C1CC(C2CCCC(CC3CCC(C4CC4)CC3)C2)C1
C1CCC(C2CCC(C3CC(C4CCCCC4)CC(C4CCCC4)C3)CC2)CC1
C1CCC(C2CCC(C3CCCCC3)C(C3CCCC3)C2)CC1
C1CCC(CC2CCCC(C3CCCCC3)C2)CC1
C1CCC(CC2CCCCC2C2CCC3CCCC3C2)CC1
C1CCC(C2CCC(C3CC(C4CCCCC4)C3)CC2)CC1
C1CCC(C2CCCC(C3CCC(C4CCCCC4C4CCCCC4)CC3)C2)CC1
C1CCC(CC2CCC(CC3CCC(C4CCCCC4)C(CC4CCCCC4)C3)CC2)CC1
C1CCC(C2CCCC3CC(C4CCCC4)CCC32)CC1
C1CCC(CC2CCC(CCC3CCCC(CC4CCCC(C5CCC5)C4)C3)CC2)CC1
C1CCC(C2CCC(C3CC(C4CCCCC4)C4CCCCC34)CC2)CC1
C1CCC(CC(CC2CCCCC2)C2CCCC(C3CCCCC3)C2)CC1
C1CCC(CC2CCCCC2C2CCC3CCC(C4CCCCC4)CC3C2)CC1
C1CCC(CCCC2CC3CCCCC3C2)CC1
C1CCC(CCCCC2CCC(CCCC3CCCC(C4CCCC4)C3)CC2)CC1
C1CCC(CCC2CCCC(C3CCC4CCCC4C3)C2)CC1
C1CCC(CCCC2CCCC3CC(C4CCCCC4CC4CCCCC4)CCC23)CC1
C1CCC(C2CCCC(C3CCCCC3C3CCCCC3)C2)CC1
C1CCC(CC2CCCCC2CC2CCCCC2C2CCC3CCCCC3C2)CC1
C1CCC(CC2CCC(CC3CCC(CC4CCCCC4C4CCCC4)CC3)CC2)C1
C1CCC(CC2CCC(C3CCCC(C4CCCCC4)C3)CC2)CC1
C1CCC(CC2CCC(CCCC3CCC(C4CCCCC4)CC3)CC2)CC1
C1CCC(CCC2CCCC(CC3CCCCC3)C2)CC1
C1CCC(CC2CCCC(CC3CCC(C4CCCCC4)CC3)C2)CC1
C1CCC(CC2CCC3C(CCC3C3CCCCC3CC3CCCCC3)C2)CC1
C1CCC(CCCC2CCC(C3CCCCC3)CC2)CC1
C1CCC(CC2CCCC(C3CCCCC3)C2)CC1
C1CCC(CCCCC2CCC(C3CCC(C4CCCCC4)CC3)CC2)CC1
C1CCC(CC2CCCC(C3CCCC(C4CCC4)C3)C2)CC1
C1CCC(C2CCCCC2)CC1
C1CCC(CCCCC2CCCC(C3CCCCC3)C2)CC1
C1CCC(C2CCCC(C3CCCCC3C3CCCCC3)C2)CC1
C1CCC(CC2CCC(CCC3CCCC(C4CCC(CC5CC6CCCCC6C5)CC4)C3)CC2)CC1
C1CCC(C2CC(CC3CCC4CCCCC43)CC3CCCCC32)CC1
C1CCC(CC2CCCC(C3CCCCC3)C2)CC1
C1CCC(CCC2CCCC(CC3CC4CCCCC4C3)C2)CC1
C(CCC1CCC2CCCCC12)CC1CCC(C2CCCC(CC3CC3)C2)CC1
C1CCC(CC2CCCC(C3CCCCC3CCC3CCCC(C4CC5CCCCC5C4)C3)C2)CC1
C1CCC(CCCC2CCCC(C3CCCCC3)C2)CC1
C1CCC(C2CCC(CCCCC3CC4CCCCC4C3)CC2)CC1
C1CCC(CCCC2CCCC(C3CCCCC3)C2)CC1
C1CCC(CCC2CC(C3CCCC3)CC(C3CCCC(C4CCCCC4CC4CCCCC4)C3)C2)CC1
C1CCC(C2CCC(CC3CCC(C4CCCCC4C4CCCCC4)CC3)CC2)CC1
C1CCC(C2CC(C3CCCCC3C3CCCC3)C3CCCCC23)CC1
C1CCC(CC2CCCC(CC3CCCCC3CC3CCCC3)C2)CC1
C1CCC(CC2CCC3C(CC4CCCCC4)CC(CC4CCCCC4)C3C2)CC1
C1CCC(CC2CCC3C(CCC4CCC(C5CCCCC5)CC4)CCC3C2)CC1
C1CCC(CCC2CCC(CC3CCCC(C4CCC4)C3)CC2)CC1
C1CCC(CC2CCCC(CC3CCCC(CC4CCCCC4)C3)C2)CC1
C1CCC(CC2CCC(C3CCCCC3)C(C3CCCCC3)C2)CC1
C1CCC(CC2CCC(C3CCCC(C4CCCCC4)C3)CC2)CC1
C1CCC(CCC2CC(C3CCCCC3)CC(C3CCCCC3)C2)CC1
C1CCC(C2CCCC(C3CCCC3)C2)CC1
C1CCC(CC2CCC(C3CC(CC4CCCCC4)C4CCCCC43)CC2)CC1
C1CCC(C2CCC(CC3CCC(CCCCC4CCCC4)C(C4CCC4)C3)C(C3CC3)C2)CC1
C1CCC(CCC2CCCC(CC3CC(C4CCCCC4)C4CCC(CC5CCCCC5)CC34)C2)CC1
C1CCC(CCC2CCC(C3CCCCC3)CC2)CC1
C1CCC(C2CCCC(CC3CCC(C4CCCCC4C4CCC5CCCC5C4)CC3)C2)CC1
C1CCC(CC2CCCC(C3CCCC(C4CCCC4)C3)C2)CC1
C1CCC(CC2CCC(CC3CCCCC3)C(C(C3CC3)C3CCCC(CC4CC4)C3)C2)CC1
C1CC(CC2CCC3CCCCC32)CC(C2CCC(CC3CCC4CCCCC43)CC2)C1
C1CCC(CCC2CCC(CC3CCC(C4CCCCC4)CC3)CC2)CC1
C1CCC(CC2CCCC(C3CCCC(C4CCCC5CCCCC54)C3)C2)CC1
C1CCC(CC2CCCCC2C2CCC(CCCC3CCCC(C4CCCCC4)C3)CC2)CC1
C1CCC(CC2CCC(CCCC3CCC(CC4CC5CCCCC5C4)CC3)C(C3CCCCC3)C2)CC1
C1CCC(CC2CCCC2CCC2CCC(C3CCCCC3)CC2)CC1
C1CCC(CCCCC2CCCC(CCC3CCCC(CC4CCCCC4)C3)C2)CC1
C1CCC(CCC2CCCC(C3CCC(C4CCCC(C5CCCCC5)C4)CC3)C2)CC1
C1CCC(CCCC2CCCCC2C2CCCCC2)CC1
C1CCC(CC2CCC(C3CCCCC3)CC2C2CCCCC2)CC1
C1CCC(CC2CC(CCCC3CCCC4CCCCC43)C3CCCCC23)CC1
C1CC(CC2CC2)CC(C2CCCC(CC3CC4CCCCC4C3)C2)C1
C1CCC(C2CC3CCC(C4CCCC4)CC3C(C3CCCCC3)C2)CC1
C1CCC(C2CCCC(C3CCCCC3)C2)CC1
C1CCC(CC2CCC(C3CCCCC3)CC2)CC1
C1CCC(C2CCC(C3CCCC(CC4CCCC4)C3)CC2)CC1
C1CCC(C2CCC(C3CCCCC3)CC2)CC1
C1CCC(CC2CCCCC2C2CCCCC2C2CCCC(C3CCCCC3)C2)CC1
C1CCC(CCCCC2CC(CC3CCCCC3)CCC2CCCC2CCCCC2)CC1
C1CCC(CC2CCC(C3CCCC(CC4CC5CCCCC5C4)C3)CC2)CC1
C1CCC(CCCCC2CCCC(CCC3CC4CCCCC4C3)C2)CC1
C1CCC(C2CCCC(CC3CCC(C4CCC(CC5CCCC5)CC4)CC3)C2)CC1
C1CCC(CC2CCCCC2C2CCCC(C3CCCCC3)C2)CC1
C1CCC(CCCC2CCC(C3CCC(C4CCCCC4)CC3)CC2)CC1
C(CCCC1CC2CCCCC2C1)CCC1CCC(C2CCCCC2)CC1
C1CCC(CCCCC2CCC(C3CCCC(C4CCCCC4)C3)CC2)CC1
C1CCC(CC2CCC(C3CCCCC3C3CC3)CC2)CC1
C1CCC(C2CCC(CCCC3CC(CC4CCCCC4C4CCCCC4)C4CCCCC34)CC2)CC1
C1CCC(C2CCCC(C3CCCC(CC4CCC5CCCCC5C4)C3)C2)CC1
C1CCC(C2CCCC(C3CCC(C4CCCCC4C4CCCCC4)CC3)C2)CC1
C1CCC(CC2CC(CC3CCC(C4CCCCC4)CC3C3CCCC3)C3CCCCC23)CC1
C1CCC(CCC2CCC(C3CCC(CC4CCCC(C5CCCC5)C4)CC3)CC2CC2CCCCC2)CC1
C1CCC(CC2CCCC(CC(C3CCCCC3)C3CCCC(C4CCCC4)C3)C2)CC1
C1CCC(CC2CCC(CC3CCCC3)CC2)CC1
C1CCC(C2CCCC(C3CCCCC3C3CCCC3)C2)C1
C1CCC(CC2CCCC(C3CCCC(C4CCCCC4)C3)C2)CC1
C1CCC(CCC2CCC(CC3CCC(CCC4CCCCC4)CC3)CC2)CC1
C1CCC(C2CCCC(C3CCC4C(CCCC4C4CCCC(C5CC5)C4)C3)C2)CC1
C1CCC(CCC2CCC(C3CCCC(CC4CCCC4)C3)CC2)CC1
C1CCC(C2CCCC(C3CCC(C4CCCCC4C4CCCC4)CC3)C2)CC1
C1CCC(C2CCC(C3CCCCC3C3CCC4CCCC4C3)CC2)CC1
C1CCC(CC2CCCCC2C2CCC(C3CCCC(C4CCCC4)C3)CC2)CC1
C1CCC(C2CCCC(C3CCCCC3C3CCC(CC4CC4)CC3)C2)CC1
C1CCC(C2CCC(C3CCCC(C4CCCC4)C3)CC2)CC1
C1CCC2CC(CCCC3CCCCC3C3CCCC3)CC2C1
C1CCC(CCCCC2CCC(CCCC(C3CCCCC3)C3CCCCC3)CC2)CC1
C1CCC(CC2CCC(C3CC(CC4CCC(C5CCC6CCCCC65)CC4)C4CCCCC43)CC2)CC1
C1CCC(CC2CCCCC2C2CCC3C(CC4CCCCC4)CCCC3C2)CC1
C1CCC(CC2CCCC(C3CCCCC3)C2)CC1
C1CCC(CC2CCC(CC3CCCC(C4CCCCC4)C3)CC2)CC1
C1CCC(CCC2CCC(C3CCC(C4CCCCC4)CC3)CC2)CC1
C1CCC(C2CCCCC2CC2CCC(CC3CCCCC3C3CCCC3)CC2)CC1
C1CCC(CC2CC3CCCCC3C(C3CCCCC3)C2)CC1
C1CCC(C2CCC(C3CCC(C4CCCC4)CC3)CC2)CC1
C1CCC(CCC2CCCC(C3CCCC(CC4CCCCC4)C3)C2)CC1
C1CCC(C2CCCCC2)CC1
C1CCC(CC2CC(CC3CCC(C4CCCC4)CC3)CCC2C2CCCCC2)CC1
C1CCC(C2CCC(C3CC(C4CCCCC4)C4CCCCC43)C(C3CCCC3)C2)CC1
C1CCC(CC2CC(CCCCC3CCC3)CC(C3CCCCC3)C2)CC1
C1CCC(C(CC2CCC(C3CCC4C(CCCC4C4CCCCC4)C3)C2)C2CCCC2)CC1
C1CCC(CCC2CCCC(C3CCCCC3)C2)CC1
C1CCC(C2CCC(C3CCC(CC4CCCC4)CC3)CC2)CC1
C1CCC(CC2CC3CCCCC3C(C3CCCCC3)C2)CC1
C1CCC(CC2CCC(CC3CCCC(C4CCCCC4)C3)CC2)CC1
C1CC(CC2CCCCC2C2CCCC2)CC(C2CC3CCCCC3C2)C1
C1CCC(CCC2CCCC(C3CCC(CC4CCCCC4)CC3)C2)CC1
C1CCC(CC2CCCC(C3CCCCC3)C2)CC1
C1CCC(C2CCCC(C3CC(CC4CCC4)CC(C4CCC5CCCCC54)C3)C2)CC1
C1CCC(C2CCCCC2C2CC(CC3CC3)CC(C3CCC4CCCCC43)C2)CC1
C1CCC(CC2CCC(C3CC(C4CCC(C5CCCCC5)CC4)C4CCCCC34)CC2)CC1
C1CCC(CCC2CCC(C3CCCCC3)CC2)CC1
C1CCC(C2CCC(CC3CCC(C4CCCCC4)CC3)CC2)CC1
C1CCC(C2CCCC(C3CCCCC3C3CCCCC3)C2)CC1
C1CCC(C2CCCC(CCCCC3CCC4CCCC4C3)C2)CC1
C1CCC(CC(C2CCCCC2)C2CCCC(C3CCCCC3C3CCCCC3C3CCCC3)C2)CC1
C1CCC(CC2CCC(CC3CCCCC3CC3CC4CCCCC4C3)CC2)CC1
C1CCC(CCC2CCCCC2C2CCC3CCCCC3C2)CC1
C1CCC(CC2CC3CCCCC3C(C3CCCCC3)C2)CC1
C1CCC(CC2CCCC(CCC3CCCC(C4CCCCC4)C3)C2)CC1
C1CCC(CC2CCCC(C3CCC(CC4CCC(C5CCCCC5)CC4)CC3)C2)CC1
C1CCC(CCCC2CCC(CCC3CCCCC3C3CCCCC3)CC2)CC1
C1CCC(C2CCCCC2C2CCCCC2C2CCC3CCCCC32)C1
C1CCC(C2CCCC(C3CCCCC3)C2)CC1
C1CCC(CC2CC(CC3CCC(CC4CCCC4)CC3)C3CC(C4CCCCC4)CCC23)CC1
C1CCC(C2CCC(C3CCCC(C4CCCCC4)C3)CC2)CC1
C1CCC(C2CCCC(C3CCCCC3C3CCCC3)C2)CC1
C1CCC(CC2CCC(C3CC(CC4CCCC(C5CCCC5)C4)C4CCCCC43)CC2)CC1
C1CCC(CCC2CC(CC3CCC3)CC(C3CCCCC3)C2)CC1
C1CCC(CCC2CC(CC3CCCCC3)CC(CCC3CCCCC3)C2C2CCCC2)CC1
C1CCC(CC(C2CCCCC2)C2CCCC(C3CCCCC3)C2)CC1
C1CCC(C2CCCC(C3CC(C4CCC5CCCCC54)CC4CCC(C5CCCC5)CC43)C2)C1
C1CCC(CC2CCC(C3CCC(CC4CCC(C5CCCCC5)C4)CC3)CC2)CC1
C1CCC(C2CCCC(C3CCCC(CC4CC4)C3)C2C2CC2)CC1
C1CCC(CCC2CCCCC2CC2CCCCC2C2CCCCC2)CC1
C1CCC(CC2CCC(CC3CCC4C(CCC4C4CCCCC4)C3)CC2)CC1
C1CCC(C2CCCCC2)CC1
C1CCC(CCC2CCC(CC3CCC4CCCCC4C3)CC2)CC1
C1CCC(CC2CCC(C3CCC(C4CCCCC4)CC3C3CCC4CCCC4C3)CC2)CC1
C1CCC(CCCC2CCC(CC3CCCCC3)CC2)CC1
C1CCC(CCCC2CCC(C3CCCCC3)CC2C2CCCCC2)CC1
C1CCC(CCCC2CCCC(C3CCCC4CC(C5CCCCC5)CCC43)C2)CC1
C1CCC(CC2CCCC(C3CC(CCC4CCCC4)CC3C3CC4CCCCC4C3)C2)CC1
C1CCC(CC2CCC(C3CCCC3)CC2)CC1
C1CCC(CC2CCCC(C3CCC4C(CC5CCCC(CC6CC6)C5)CCC4C3)C2)CC1
C1CCC(C2CCC(C3CCC(C4CCC(C5CCCC5)CC4)CC3)CC2)CC1
C1CCC(CCC2CCCC(C3CCCC(C4CCCC4)C3)C2)CC1
C1CCC(CC2CCC(C3CCCC(CC4CCCCC4)C3)CC2)CC1
C1CCC(CCCC2CCC(C3CCCCC3)CC2)CC1
C1CCC(CC2CCC(C3CCCCC3)C(CC3CCCC3)C2)CC1
C1CCC(CC2CCC(CC3CCCCC3C3CCCCC3)CC2)CC1
C1CCC(CC2CCCCC2C2CCC3CCCCC32)CC1
C1CCC(C2CCCC(C3CCCCC3C3CCCCC3)C2)CC1
C1CCC(CCCCC2CCC(C3CCCCC3)CC2)CC1
C1CCC(C2CCC(C3CCC4CCCCC43)CC2)CC1
C1CCC(CC2CCCC(CC3CCCC(C4CCCC4)C3)C2)CC1
C1CCC(CC2CCC3CC(C4CCCCC4)CCC23)CC1
C1CCC(CC2CCCC(C3CCCCC3)C2)CC1
C1CCC(CC2CCC(CC3CCC(C4CCCCC4C4CC5CCCCC5C4)CC3)CC2)CC1
C1CCC(C2CCC3CCCC(C4CCCCC4)C3C2)CC1
C1CCC(CC2CCCC(C3CCC(CC4CCCC4)CC3)C2)CC1
C1CCC(C2CCC(C3CCCC(C4CCCCC4)C3)CC2)CC1
C1CCC(CCC2CCCC(CC3CCCCC3)C2)CC1
C1CCC(CC2CCC(CC3CCCC(CC4CCC5CCCCC5C4)C3)CC2)CC1
C1CC2CCC(CCC3CCCCC3C3CCC4CCCC4C3)CC2C1
C1CCC(CCC2CC(CC3CCCCC3)CCC2C2CCCC2)CC1
C1CCC(C2CC(C3CCC(C4CCC(C5CCCC(CC6CC7CCCCC7C6)C5)CC4)CC3)C3CCCCC23)CC1
C1CCC(CCCC2CCCC(C3CCCCC3C3CCCCC3)C2)CC1
C1CCC(C2CCC(C3CCC(C4CCC5CCCCC5C4)CC3)CC2)CC1
C1CCC(CC2CCC(CC3CCC(CC4CCCC4)CC3)CC2)CC1
C1CCC(CC2CCC(CC3CCCC(C4CCC(C5CCCCC5)CC4)C3)C2)CC1
C1CCC(CCCCCC2CCC(CC3CCCCC3)CC2)CC1
C1CCC(CC2CCC(C3CCCCC3)CC2)CC1
C1CCC(CCC2CCC(CC3CCC(C4CCCCC4)CC3)CC2)CC1
C1CCC(C2CCC(CC3CCC(CC4CCCC(C5CCCCC5)C4)CC3)CC2)CC1
C1CCC(C2CCC(C3CCC4CCCCC4C3)C(C3CCC4CCCC4C3)C2)CC1
C1CCC(C2CCCC(C3CCCCC3)C2)CC1
C1CCC(C2CCCC(C3CCCCC3)C2)CC1
C1CCC(CC2CCC(CC3CCC(C4CCCCC4)C3)CC2)CC1
C1CCC2CC(C3CC(C4CCC(C5CCCC5)C4)C4CCCCC34)CCC2C1
C1CCC(C2CCCC(C3CC4CCC(C5CCCCC5)CC4C(C4CCCCC4)C3)C2)CC1
C1CCC(CCCCC2CC(C3CCCCC3)CC(C3CC3)C2)CC1
C1CCC(CCC2CCC(CC3CCC4CCCC4C3)CC2)CC1
C1CCC(C2CCC(CC3CC(C4CCCCC4)CC(C4CCCC4)C3)CC2)CC1
C1CCC(CC2CCC(CC3CCC(C4CCCC4)CC3)CC2)CC1
C1CCC(CC2CCCCC2C2CCCCC2)CC1
C1CCC(CC2CCCC(CC3CCCCC3CCC3CCCC3)C2)CC1
C1CCC(CC2CCCCC2CC2CCC(C3CCCCC3)CC2)CC1
C1CCC(C2CC(C3CCCC(C4CCC(CC5CC6CCCCC6C5)CC4)C3)C3CCCCC23)CC1
C1CCC(CC2CCC(CC3CCCCC3)CC2)CC1
C1CCC(CCC2CCC(C3CCCCC3CCC3CCC(CC4CCCC4)CC3)CC2)C1
C1CCC(C2CCC(C3CCCC(C4CCCCC4)C3)CC2)CC1
C1CCC(C2CCC(C3CCC(C4CCC(C5CCCCC5C5CCCCC5)CC4)CC3)CC2)CC1
C1CCC(CC2CCCCC2CC2CCCCC2)CC1
C1CCC(CCC2CCCC(CC3CCC(C4CC5CCCCC5C4)CC3)C2)CC1
C1CCC(C2CCC(C3CCC(C4CCCCC4)C(C4CCCC4)C3)CC2)CC1
C1CCC(C2CCC(C3CCCCC3)C(C3CCCCC3)C2)CC1
C1CCC(CC2CCC(C3CCCCC3CC3CCCCC3)CC2)CC1
C1CCC(CC2CCCC(C3CCCCC3C3CCCCC3)C2)CC1
C1CCC(CC2CCCCC2CC2CCC(C3CCCC3)CC2)CC1
C1CCC(CC2CCC(C3CCCCC3)CC2C2CCCCC2)CC1
C1CCC(CCCC2CCCC(CC3CCCCC3)C2)CC1
C1CCC(C2CCC3CCCCC3C2)CC1
C1CCC(CCC2CC3CCC(C4CCC5CCCC5C4)CC3C(C3CCCCC3)C2)CC1
C1CCC(CC2CCC(C3CCCCC3)CC2)CC1
C1CCC(CCCC2CCC(CC3CCCCC3)CC2)CC1
C1CCC(CCC2CCC(C3CCCCC3C3CCC4CCCC4C3)CC2)CC1
C1CCC(CCC2CCC(CC3CCCCC3)CC2)CC1
C1CCC(CC2CC(C3CCCCC3)C3CCCCC23)CC1
C1CCC(CC2CCC(C3CCCC(CC4CC4)C3)CC2)CC1
C1CCC(C2CCCC(C3CCCC4CCCCC43)C2)CC1
C1CCC(CC2CCCC(C3CCCCC3)C2)CC1
C1CCC(CC2CCCC(C3CCCCC3)C2)CC1
C1CCC(CC2CCCC(C3CCCCC3CC3CCCCC3)C2)CC1
C1CCC(C(C2CCCCC2)C2CCCCC2)CC1
C1CCC(C2CCCCC2CCCC2CCC(C3CCC3)CC2)CC1
C1CCC(CCC2CCCC(C(CC3CCCCC3)C3CCCC(C4CCCCC4)C3)C2)CC1
C1CCC(CCC(C2CCCCC2)C2CCCCC2C2CCC3CCCC3C2)CC1
C1CCC(C2CCCC(C3CCCC3)C2)CC1
C1CCC(CC2CCCC(CCCC3CCCC4CCCCC43)C2)CC1
C1CCC(C2CCCC(C3CCCCC3)C2)CC1
C1CCC(C2CCCC(C3CCCC(C4CCCC5CCCCC54)C3)C2)CC1
C1CCC(CCC2CCCCC2C2CCC(CC3CCCCC3)CC2)CC1
C1CCC(C2CCC(CCC3CC4CCCCC4C3)CC2)CC1
C1CCC(CCCCC2CCC(C3CCCC(C4CCCC4)C3)CC2)CC1
C1CCC(CCC(C2CCCC2)C2CCCC(C3CCCCC3)C2)CC1
C1CCC(C2CCCC(C3CCC4CCCCC43)C2)CC1
C1CCC(CC2CCCCC2C2CCCC(CC3CCCC(C4CCCCC4)C3)C2)CC1
C1CCC(CC2CCCC(C3CCCCC3)C2)CC1
C1CCC(CC2CC3CCC(C4CCCCC4)CC3C(C3CCCCC3)C2)CC1
C1CCC(CC2CCC(C3CCCCC3)CC2)CC1
C1CCC(CCC2CCCC(CCC3CCCCC3)C2)CC1
C1CCC(CCCC2CCCC(C3CCCCC3)C2)CC1
C1CCC(CC2CC(C3CCCC(C4CCC4)C3)CCC2CC2CCC(C3CCCCC3)CC2)CC1
C1CCC(CC2CCCC(CC3CCCCC3)C2)CC1
C1CCC(CC2CCCC(C3CCC(C4CCC(C5CCCCC5)CC4)C(C4CCCCC4)C3)C2)CC1
C1CCC(C2CCCC(C3CCCCC3C3CCC4CCCC4C3)C2)CC1
C1CCC(CCC2CCCC(CC3CCCCC3)C2)CC1
C1CCC(C2CCC(CCC3CCCC(C4CCCCC4)C3)CC2)CC1
C1CCC(C2CCCCC2)CC1
C1CCC(CCC2CCC3C(CC4CCCCC4)CCC3C2)CC1
C1CCC(C2CCCC(CC3CCC(CC4CCC(CCC5CCC(C6CCCC6)CC5)CC4)CC3)C2)CC1
C1CCC(CCCCCC2CCCC(CC3CCCCC3)C2)CC1
C1CCC(CCC2CCC(C3CCCCC3)CC2C2CCCC(CC3CCCCC3)C2)CC1
C1CCC(C2CCC3CC(CC4CCCC4)CC(C4CCCCC4)C3C2)CC1
C1CCC(CC2CCC(CC3CCC(CC4CCCCC4)CC3)CC2)CC1
C1CCC(CC2CCCC(C3CCCC(CC4CCCCC4)C3)C2)CC1
C1CCC(CC2CCC(CC3CCC(CC4CCCCC4)C(C4CCCCC4)C3)C2)CC1
C1CCC(CC2CCCC(CCC3CCC(C4CCCC4)CC3)C2)CC1
C1CCC(CCC2CCC(CC3CCCCC3)CC2)CC1
C1CCC(CC2CCC(C3CCC(C4CC4)C(C4CCCCC4)C3)CC2)CC1
C1CCC(CC2CCCCC2C2CCCC(CC3CCC4CCCCC43)C2)CC1
C1CCC(C2CCC(C3CCCCC3)CC2)CC1
C1CCC(CC2CCCC(C3CCCC(C4CCCCC4C4CCCC4)C3)C2)CC1
C1CCC(CC2CCC(C3CCCC(C4CCCCC4)C3)CC2)CC1
C1CCC(CC2CCCC(C3CCCCC3)C2)CC1
C1CCC(CC2CCCC(C3CC(CC4CC4)CC(C4CCCCC4)C3)C2)CC1
C1CCC(CCC2CCCCC2)CC1
C1CCC(CCCC2CCC(CC3CCC(CC4CCCCC4)CC3)CC2)CC1
C1CCC(CC2CCCC(C3CCC(CCCC4CC5CCCCC5C4)CC3)C2)CC1
C1CCC(CC2CC3CCC(C4CCCCC4)CC3C(C3CCCCC3)C2)CC1
C1CCC(C2CC(C3CCCCC3)CC(C3CCC3)C2)CC1
C1CCC(C2CCCC(CC3CCCCC3C3CCCC3)C2)C1
C1CCC(CCC2CCCCC2C2CCC(CC3CCC(CC4CC4)CC3)CC2)CC1
C1CCC(CC2CCC(CC3CCC(C4CCCC4)CC3)CC2)CC1
C1CCC(C2CCC3CCCC(C4CCCCC4)C3C2)CC1
C1CCC(C2CCC(C3CCCCC3CC3CCCC(C4CCCCC4)C3)CC2)CC1
C1CCC(C2CCCCC2CC2CCC3CCCCC32)CC1
C1CCC(C2CCCCC2C2CC(C3CCCCC3CC3CC4CCCCC4C3)C3CCCCC32)CC1
C1CCC(C2CCC(CCCC3CC4CCCCC4C3)CC2)CC1
C1CCC(CC2CCCCC2C2CCCCC2C2CCCC2)CC1
C1CCC(CCCC2CCCCC2)CC1
C1CCC(CC2CCC(C3CCC(CCC4CCC(C5CCCCC5)CC4)C(C4CCCC4)C3)C2)CC1
C1CCC(C2CCCC(C3CCCCC3C3CCCC3)C2)CC1
C1CCC(CC2CCC(CC3CCCCC3)C(CC3CC4CCCCC4C3)C2)CC1
C1CCC(CCCCCC2CC(CCC3CCCCC3)CC(C3CCCCC3)C2)CC1
C1CCC(CCCCC2CCC(CCC3CCC(CCC4CCCCC4)CC3)CC2)CC1
C1CCC(CC2CCC(CCC3CCCC(C4CCCC(C5CCCCC5)C4)C3)CC2)CC1
C1CCC(CC2CCCCC2CC2CCCC(C3CCCCC3)C2)CC1
C1CCC(CCC2CCC(CC3CCC(CCCCCCC4CC4)CC3)CC2)CC1
C1CCC(CCC2CCCCC2C2CCCCC2)CC1
C1CCC(CC2CCCCC2C2CCCCC2)CC1
C1CCC(CCC2CCCC(C3CCCC(C4CCCCC4)C3)C2)CC1
C1CCC(C2CCCC(CCCCC3CCC(CC4CCC(CC5CCCCC5C5CCCCC5)CC4)CC3)C2)CC1
C1CC(CC2CCCC(C3CCC3)C2)CC(CC2CCCC(C3CCC4CCCC4C3)C2)C1
C1CCC(C2CCCC(C3CCCCC3)C2)CC1
C1CCC(C2CCC(C3CCCCC3C3CCCCC3)CC2)CC1
C1CC2CCC(CC3CCC(C4CC4)CC3)CC2C1
C1CCC(C2CCCCC2C2CCCCC2)CC1
C1CCC(C2CCCCC2)CC1
C1CCC(CC2CCCC(C3CCC4CCCCC4C3)C2)CC1
C1CCC(CCC2CCCC(CC3CCCC(C4CCCCC4)C3)C2)CC1
C1CCC(CCCC2CCC(CC3CCCCC3)CC2)CC1
C(CCCC1CCCCC1)CCCC1CCCC(CC2CC3CCCCC3C2)C1
C1CCC(C2CCC(C3CCCC(CC4CC4C4CC5CCCCC5C4)C3)CC2)C1
C1CCC(CCCC2CCCC(C3CCCC(CC4CCCCC4)C3)C2)CC1
C1CCC(CCC2CCC(CC3CCCCC3)CC2)CC1
C1CCC(C2CCC(C(C3CCCCC3)C3CCCCC3)CC2C2CCCC2)CC1
C1CCC(CC2CCCC(C3CCC(C4CCCCC4)CC3)C2)CC1
C1CCC(CC2CCCC(C3CCC(C4CCCCC4)CC3)C2)CC1
C1CCC(CC2CCC(CC3CCCCC3)CC2)CC1
C1CCC(CC2CCC(CC3CCC(C4CCCCC4)CC3)CC2)CC1
C1CCC(CCC2CCCC(C3CCC(CCC4CCCCC4)C(CCC4CCCCC4)C3)C2)CC1
C1CCC(C2CCCC(C3CCCC4CCCCC43)C2)CC1
C1CCC(CC2CC(CCCC3CCC(C4CCCCC4)CC3)C3CCCCC23)CC1
C1CCC(CC2CCC(C3CCC(C4CCCC4)CC3)CC2)CC1
C1CCC(CCCCC2CCCC(C3CCCCC3)C2)CC1
C1CCC(CC2CCC(CCCC3CCCCC3CC3CCCCC3)CC2)CC1
C1CCC(CC2CCCCC2CCCC2CCCC(C3CCCC3)C2)CC1
C1CCC(C2CCC(C3CCCCC3C3CCCCC3)CC2)CC1
C1CCC(C2CCCC(C3CCCCC3C3CCCCC3C3CCCC3)C2)CC1
C1CCC(C(C2CCC(CCC3CCC(C4CCC4)CC3)CC2)C2CCCCC2C2CCCC2)CC1
C1CCC(CC2CCCC(C3CCCC(CC4CC(C5CCCCC5)C5CCCCC45)C3)C2)CC1
C1CCC(C2CCC3CCCCC32)CC1
C1CCC(CCCC2CC(C3CCCCC3)C3CCCCC23)CC1
C1CCC(C2CC(C3CCCC3)CC(C3CCCC(CC4CC5CCCCC5C4)C3)C2)CC1
C1CCC(CC2CC2)CC1
C1CCC(C2CCC(CC3CC4CCCCC4C3)CC2)CC1
C1CCC(CC2CCC(C3CCC(CC4CCC(C5CCCCC5)CC4)CC3)CC2)CC1
C1CCC(C2CCC(C3CCCCC3C3CCCCC3)CC2)CC1
C1CCC(C2CCC(C3CCCC(C4CC4)C3)CC2C2CCCC2)CC1
C1CCC(C2CCC(CCCC3CCCCC3CC3CCCC3)CC2)CC1
C1CCC(C2CCCC(CC3CCC(C4CCCC4)CC3)C2)CC1
C1CCC(CC2CCC(CC3CCCC(CC4CCCCC4)C3)CC2)CC1
C1CCC(CC2CCC(CC3CCCC(C4CCCCC4C4CCCC4)C3)CC2)CC1
C1CC(C2CCC(C3CCC(C4CCCCC4C4CCC5CCCC5C4)CC3)CC2)C1
C1CC(C2CCC(CC3CCCC(C4CCC(CC5CC6CCCCC6C5)CC4)C3)CC2)C1
C1CCC(CC2CCCCC2C2CCCCC2)CC1
C1CCC(C2CCC(CCCC3CC3)CC2)CC1
C1CCC(C2CCCC(CCC3CCC(C4CCCC4)CC3)C2)CC1
C1CCC(C2CCC(CC3CCCC(C4CCCCC4)C3)CC2)CC1
C1CCC(C2CCC(CCC3CC3)CC2)CC1
C1CCC(CC2CCCC(C3CCCCC3C3CCCCC3)C2)CC1
C1CCC(CC2CCC(CC3CCCCC3C3CCCCC3C3CCCC3)CC2)CC1
C1CCC(CC2CCC(C3CCCCC3)CC2)CC1
C1CCC(C2CCC(CC3CCC4CCCC4C3)CC2)CC1
C1CCC(CC2CCC(CC3CCCCC3)CC2)CC1
C1CCC(CCC2CCCC(CC3CCCCC3)C2)CC1
C1CCC(C2CCC(CC3CCC(C4CCCCC4)CC3)CC2)CC1
C1CCC(C2CC(C3CCCCC3)CC(C3CCC4CCCC4C3)C2)CC1
C1CCC(C2CCCCC2C2CCCCC2)CC1
C1CCC(C2CCC(C3CCCCC3CC3CCCC4CCCCC43)CC2)C1
C1CCC(C2CCC(CCCC3CCCC(C4CCCCC4)C3)CC2)CC1
C1CC2CCC(CCC3CC(C4CCC5CCCCC54)CC4CCCCC43)CC2C1
C1CCC(C2CCCC(C3CCCC(CC4CC4)C3)C2)CC1
C1CCC(CCCCC2CCC3CC(C4CCCCC4)CCC3C2)CC1
C1CCC(C2CCC(C3CCCCC3C3CCCC(CC4CCC5CCCCC54)C3)CC2)CC1
C1CCC(CC2CCCC(C3CCCC(C4CCCCC4)C3)C2)CC1
C1CCC(C2CCC3CC(C4CCC5CCCCC54)CCC3C2)CC1
C1CCC(C2CCC(C3CCCC(C4CCCCC4)C3)CC2)CC1
C1CCC(CC2CCCC(C3CCC(C4CCCCC4)CC3)C2)CC1
C1CCC(CC2CCCC(C3CCCC(CC4CCCCC4)C3)C2)CC1
C1CCC(CC2CCC3C(C4CCCCC4)CC(C4CCC(C5CCCCC5CC5CCCCC5)CC4)C3C2)CC1
C1CCC(CC2CCCCC2C2CCCCC2)CC1
C1CCC(CC2CCC(CC3CCC4CCCCC43)CC2)CC1
C1CCC(C2CCCCC2C2CC(C3CCCCC3C3CCCCC3)C3CCCCC23)CC1
C1CCC(C2CCC(CC3CCCC(C4CC(C5CCCCC5)C5CCCCC45)C3)CC2)CC1
C1CCC(CCCC2CCCC(CCC3CCCCC3)C2)CC1
C1CCC(C2CCC(C3CCCCC3C3CCCC3)CC2)CC1
C1CCC(CC2CCC(C3CCCCC3)CC2)CC1
C1CCC2CC(C3CC(C4CCC5CCCCC54)CC4CCCCC43)CC2C1
C1CCC(C2CCC(C3CCCC(C4CCC(C5CCCCC5)CC4)C3)CC2)CC1
C1CCC(C2CCCC(C3CCCCC3)C2)CC1
C1CCC(CC2CCC3C(C4CCCCC4)CC(C4CCCCC4)C3C2)CC1
C1CCC(C2CCCC(C3CCCC3)C2)CC1
C1CCC(CCC2CCCCC2C2CCC(CC3CCCCC3)CC2)CC1
C1CCC(CC2CCC(C3CCC(C4CCCCC4)CC3)CC2)CC1
C1CCC(C2CCCC(C3CCCCC3)C2)CC1
C1CCC(CCCC2CCC(CC3CCCCC3)CC2)CC1
C1CCC(CCCC2CC(CC3CCCCC3)C3CCCCC23)CC1
C1CCC(CCC2CC(C3CCCCC3)CC3CC(C4CCCCC4C4CC4)CCC23)CC1
C1CCC(CC2CCC(CC3CCCCC3C3CCCCC3)CC2)CC1
C1CCC(CCC2CCCCC2C2CCCCC2)CC1
C1CCC(CC2CCCC(C3CCCC(C4CCCCC4)C3)C2)CC1
C1CCC(C2CC(C3CCC4CCCCC43)CC3CCCCC32)CC1
C1CCC(CCC2CC(CC3CCCCC3)CCC2CC2CCCCC2)CC1
C1CCC(C2CCCC(C3CCCCC3)C2)CC1
C1CCC(CC2CCC(CC3CCCC(C4CC4)C3)CC2CC2CCCCC2)CC1
C1CCC(CCCCC2CCC(CC3CCCCC3)CC2)CC1
C1CCC(C2CCC(C3CCCCC3)CC2)CC1
C1CCC(CCC2CCCCC2C2CCCCC2CC2CC2)CC1
C1CCC(C2CCC(C3CCCCC3)CC2)CC1
C1CCC(CC2CCCC(CC3CCCC(C4CCCCC4)C3)C2)CC1
C1CCC(C2CCC(CCC3CCCCC3C3CCCCC3)CC2)CC1
C1CCC(CC2CCC(CC3CCCC(C4CC(CC5CCCC5)C5CCCCC54)C3)CC2)CC1
C1CCC(C2CCCC(CCC3CC(C4CCCCC4)CC(C4CCC4)C3)C2)CC1
C1CCC(CC2CCC(C3CCCCC3C3CCC4CCCCC4C3)CC2)CC1
C1CCC(C2CCCC(C3CCC(C4CCC(C5CCC6CCCCC6C5)CC4)CC3)C2)C1
C1CCC(CCC2CCCC(C3CCCCC3)C2)CC1
C1CCC(CC2CCC(CC3CCCC(CC4CCCCC4)C3)CC2)CC1
C1CCC(C2CCCC(CC3CC(CC4CC5CCCCC5C4)C4CCCCC34)C2)CC1
C1CCC(CC2CCCC(CCC3CCCC(CC4CCCCC4CC4CCCCC4)C3)C2)CC1
C1CCC(C2CCC(C3CCCCC3C3CCC4CCCC4C3)C(C3CCCCC3)C2)CC1
C1CCC(C2CCCC(C3CCCC3)C2)CC1
C1CCC(CCC2CC(C3CCCCC3)CC(C3CCCCC3)C2)CC1
C1CCC(C2CCC(C3CCCC(CC4CCC(C5CC5)CC4)C3)CC2)CC1
C1CCC(CC2CCCC(CCC3CC4CCCCC4C3)C2)CC1
C1CCC(CCCCC2CCCC(CCC3CCCCC3)C2)CC1
C1CCC(C2CCC(CC3CCC(C4CCCC4)CC3)CC2)CC1
C1CCC(C2CCC(CCC3CCC(CCC4CCCC4)CC3)CC2)CC1
C1CCC(CC2CCC(C3CC3)CC2)CC1
C1CCC(CCC2CCC(C3CCCCC3)CC2)CC1
C1CCC(CCC2CCC(CCCC3CCC(CCC4CCCC4)CC3)CC2)CC1
C1CCC(CCCC2CCCC(C3CCC(CC4CCCCC4C4CCCC4)CC3)C2)CC1
C1CCC(CC2CCC(CC3CCCCC3C3CCCCC3)CC2)CC1
C1CCC(CC2CCC(C3CCCCC3)CC2)CC1
C1CCC(CCC2CCCCC2CC2CCC(C3CCCCC3)CC2)CC1
C1CCC(C2CCCC(C3CC(C4CCCCC4)C(C4CCCC(C5CCCC5)C4)C3)C2)CC1
C1CCC(CC2CCCC(CC3CCC4CCCCC43)C2)CC1
C1CCC(C2CCCC(C3CCCC3C3CCCCC3)C2)CC1
C1CCC(C2CCCCC2CC2CCCCC2CC2CCCC2)CC1
C1CCC(C2CCC(CC3CCC(C4CCCCC4)CC3)CC2)CC1
C1CCC(C2CC(C3CCCCC3)CC(C3CCCCC3)C2)CC1
C1CCC(CCC2CCCC(C3CCCC(C4CCCCC4)C3)C2)CC1
C1CCC(CC2C(C3CCCC3)CCC2C2CCC(CC3CCC(C4CCCCC4)CC3)CC2)CC1
C1CCC2CC(CC3CCCCC3C3CC4CCCCC4C3)CC2C1
C1CCC(C2CC(C3CCCCC3)CC(C3CCC3)C2)CC1
C1CCC(CCC2CCC3CC(C4CCC5CCCCC54)CC(C4CCCCC4)C3C2)CC1
C1CCC(C2CCCC(C3CCCC3)C2)CC1
C1CCC(C2CCCCC2C2CCC3CCCC3C2)CC1
C1CCC(C2CCC(CC3CCCC(CCC4CCC(C5CCC5)CC4)C3)CC2)CC1
C1CCC(C2CCCCC2C2CC3CCCCC3C2)CC1
C1CCC(CCCCC2CCCCC2)CC1
C1CCC(CCC2CCCC(CC3CCCC(C4CCC(C5CCCC5)CC4)C3)C2)CC1
C1CCC(CCCCC2CCC(CC3CCCCC3)CC2)CC1
C1CCC(C2CCC(C3CCCC(CC4CC(C5CCCCC5)C5CCCCC45)C3)CC2)CC1
C1CCC(CCCC2CCC(CC3CCC(CC4CCC4)CC3)CC2)CC1
C1CCC(CCCCC2CCCC(CC3CCCCC3)C2)CC1
C1CCC(CCCC(C2CCCCC2)C2CCC2)CC1
C1CCC(C2CCC(C3CCC(C4CCCCC4)CC3)CC2)CC1
C1CCC(CCCC2CCC(CC3CCC4CCCC4C3)C(C3CCCCC3)C2)CC1
C1CCC(CC2CCC(C3CCCCC3)CC2C2CCCCC2)CC1
C1CCC(CC2CCC(C3CCCCC3)CC2C2CCCCC2)CC1
C1CCC(C2CCC(CC3CCC(CC4CCC5CCCC5C4)CC3)CC2)CC1
C1CCC(C2CCC(CCC3CCC(C4CC5CCCCC5C4)C3)CC2)CC1
C1CCC(CCC2CCC(CC3CCCCC3)CC2)CC1
C1CCC(CCC2CCCC(CC3CCCCC3)C2)CC1
C1CCC(CCC2CCC3C(CCCC3C3CCCCC3)C2)CC1
C1CCC(CCCC2CCC(CC3CCCCC3)CC2C2CCCCC2)CC1
C1CCC(CC2CCC(C3CCCC(CCC4CCCCC4C4CCCCC4)C3)CC2)CC1
C1CCC(C2CCCC(C3CCCC(C4CC4)C3)C2)CC1
C1CCC2C(C1)CC2CC1CCCC(C2CCCCC2C2CCCC2)C1
C1CCC(C2CCCC(C3CCC(C4CCC5CCCCC54)CC3)C2)CC1
C1CCC(CCCC2CCCCC2C2CCC3CCCC3C2)CC1
C1CCC(C2CCCC(C3CCCC(C4CCCCC4)C3)C2)CC1
C1CCC(C2CCCC(CC3CCC4CCCCC43)C2)CC1
C1CCC(CCC2CCCCC2C2CCC3CCCC3C2)CC1
C1CCC(CC2CCC(C3CCCC(C4CCCCC4)C3)CC2)CC1
C1CCC(C2CCCC(CC3CCCC3)C2)CC1
C1CCC(C2CCCCC2C2CCCCC2)CC1
C1CCC(C2CC(C3CCCCC3)C3CCCCC23)CC1
C1CCC(CC2CCC(C3CCCC(C4CCCC4)C3)CC2)CC1
C1CCC(C2CCCCC2CC2CCC(CCC3CC4CCCCC4C3)CC2)CC1
C1CC2CCC(C3CCCCC3CC3CCC4C(CCC4C4CCCC4)C3)CC2C1
C1CCC(CC2CCCC(CC3CCCCC3CC3CCCCC3)C2)CC1
C1CCC(CC2CCCC(C3CCCC(C4CCCCC4)C3)C2)CC1
C1CCC(CCCCCC2CCC(C3CCC(CC4CCCCC4)CC3)CC2)CC1
C1CCC(CCCCC2CCCC(CCC3CCCCC3)C2)CC1
C1CCC(CCCCC2CCCCC2)CC1
C1CCCCC1
C1CCC(CC2CCC(C3CC(C4CCCC4)CCC3CC3CCCCC3)CC2)CC1
C1CCC(C2CCCC(CC3CCCC(C4CCCCC4)C3)C2)CC1
C1CCC(C2CCCC(C3CCCCC3CCCC3CCCC3)C2)CC1
C1CCC(CC2CC(C3CCCC(C4CCCCC4)C3)C3CC(C4CCCCC4)CCC23)CC1
C1CCC(C2CCC(C3CCCCC3)C(C3CCCC3)C2)CC1
C1CCC(CC2CCCCC2CCC2CC(C3CCCCC3)CC(C3CCCC(C4CCCCC4)C3)C2)CC1
C1CCC(CC2CCCCC2CCCC2CCC(C3CCCC(C4CCCCC4)C3)C2)CC1
C1CCC(CC2CCC(C3CCCC(CC4CCCCC4CC4CCCCC4)C3)CC2)CC1
C1CCC(CC2CCC(C3CCCC(CC4CCCCC4)C3)CC2)CC1
C1CCC(CC2CCCC(C3CCCC(CC4CCCCC4)C3)C2)CC1
C1CCC(CC2CCCC(C3CCC(C4CCCCC4)CC3)C2)CC1
C1CCC(C2CCC(C3CCC(C4CCCC(C5CCCC5)C4)CC3C3CCCCC3)CC2)CC1
C1CCC(CC(CC2CCC(C3CCCCC3)CC2)C2CCCCC2)CC1
C1CCC(CC2CCCC(C3CCCCC3)C2)CC1
C1CCC(CC2CCCC(CCC3CCC(C4CCCCC4)CC3)C2)CC1
C1CCC(C2CCCC(CCC3CCCC(C4CCCCC4)C3)C2)CC1
C1CCC(C2CCCC(C3CCCCC3)C2)CC1
C1CCC(CC2CCC(CC3CCCC(CC4CCCCC4)C3)CC2)CC1
C1CCC(C2CCC(C3CCCC4CCCCC43)CC2)CC1
C1CCC(CCCC2CC(C3CCCCC3)C3CCC(C4CCCCC4)CC23)CC1
C1CCC(CC(CC2CCCC2)C2CC(C3CCC3)CCC2CC2CC3CCCCC3C2)CC1
C1CCC(CC2CC(CC3CC3)CC(C3CCCCC3)C2)CC1
C1CCC(CC2CCC(C3CCCCC3)C(C3CCCC(C4CCC(C5CCCCC5)CC4)C3)C2)CC1
C1CCC(C2CCCC(CC3CC3)C2)CC1
C1CCC(C2CCC(CC3CCCCC3C3CCCCC3)CC2)CC1
C(CCCC1CCC(C2CCCCC2)CC1CC1CCCCC1)CCC1CCCCC1
C1CCC(CCCC2CCC(CC3CCC(CCC4CCCC(C5CCC6CCCCC65)C4)CC3)CC2)CC1
C1CCC(C2CCC(C3CCCCC3C3CCCCC3)CC2)CC1
C1CCC(C2CCCC(C3CCCC3)C2)CC1
C1CCC(CC2CCCC(C3CC(C4CCCCC4)CCC3C3CCCCC3)C2)CC1
C1CCC(C2CCCC3CC(CCC4CCCC5CCCCC54)CCC32)CC1
C1CCC(CC2CCCC(CC3CCCC(C4CCCCC4)C3)C2)CC1
C1CCC(CC2CCC(CC3CCC(C4CCCCC4)CC3)CC2)CC1
C1CCC(C2CCC(C3CCC(CC4CCC(C5CCCC6CCCC65)CC4)CC3)CC2)CC1
C1CCC(C2CC(C3CCCCC3C3CCCCC3)C3CCCCC23)CC1
C1CCC(C2CCC(CC3CCC(CC4CCC(C5CC5)CC4)CC3)CC2)CC1
C1CCC(C2CCCC(CC3CCCCC3C3CCCCC3)C2)CC1
C1CCC(CCC2CCCC(C3CCCC(CC4CCCCC4)C3)C2)CC1
C1CCC(C2CCC(C(CCC3CCC4CCCC4C3)C3CCC4CCCC4C3)CC2)CC1
C1CC(CCC2CC3CCCCC3C2)CC(CC2CC3CCCCC3C2)C1
C1CCC(CC2CCC(CC3CCC(CCCC4CCCC(C5CCCCC5)C4)CC3)CC2)CC1
C1CCC(CC2CCC3C(CCC3CC3CCC4CCCCC43)C2)CC1
C1CCC(CCC2CCC(CC3CCCC(C4CCCCC4)C3)CC2)CC1
C1CCC(C2CCCC(C(C3CCCC3)C3CCCCC3C3CCCC3)C2)CC1
C1CCC(C2CCC3C(CCCC3C3CCC(C4CC4)CC3)C2)CC1
C1CCC(CCCCC2CCC(CC3CCCCC3)CC2)CC1
C1CCC(C2CCCC(CC3CCC4CCCC(C5CCCCC5)C4C3)C2)CC1
C1CCC(CC2CCCC(C3CCC4CCCCC43)C2)CC1
C1CCC(CCC2CCCC(C3CCCCC3)C2)CC1
C1CCC(CC2CCC(CC3CCCC(C4CCCCC4C4CCCC4)C3)C2)CC1
C1CCC(CC2CCC(C3CCC(C4CCC(C5CCCC(C6CCCCC6)C5)CC4)CC3)CC2)CC1
C1CCC(CCC2CCC(CCC3CCC(CC4CCCCC4)CC3)CC2)CC1
C(CCC1CCCC(CC2CCCC2)C1)CC1CCC(C2CC3CCCCC3C2)CC1
C1CCC(CC2CCCC(C3CCC(CCC4CCCC(C5CCCCC5)C4)CC3)C2)CC1
C1CCC(CCC2CCC(C3CCCC(CC4CCCC4)C3)CC2)CC1
C1CCC(CC2CCC(C3CCC3)C(CCC3CCCC(C4CCCCC4)C3)C2)CC1
C1CCC(C2CCC(CC3CC4CCC(C5CCCCC5)CC4C(C4CCCCC4)C3)CC2)CC1
C1CCC(CCCC2CCC(CC3CCC(CCC4CC4)CC3)CC2)CC1
C1CCC(CCCC2CCCC(CC3CCCCC3)C2)CC1
C1CCC(C2CCCC(C3CCCC4CC(C5CCCCC5)CCC43)C2)CC1
C1CCC(C2CCC3C(CCCC3C3CCCCC3)C2)CC1
C1CCC(C2CCCCC2C2CCC3CCCCC32)CC1
C1CCC(CC2CCCC(C3CCCC(C4CCCC(CC5CCC(C6CC6)CC5)C4)C3)C2)CC1
C1CCC(C2CCC(C3CCCC(CC4CCC5CCCCC54)C3)CC2)CC1
C1CCC(C2CCCC(C3CCCCC3C3CCCCC3)C2)CC1
C1CCC(C2CCC(C3CCCCC3C3CCCCC3)CC2)CC1
C1CCC(CCC2CCC(CCC3CCCCC3CC3CCCCC3)CC2C2CCCCC2)CC1
C1CCC(CCCCC2CCC(CC3CCCCC3)CC2)CC1
C1CCC(C2CCCC(C3CCCC(CCC4CCC5CC(C6CC7CCCCC7C6)CCC45)C3)C2)CC1
C1CCC(CCC2CCCC(C3CCCCC3)C2C2CCCC2)CC1
C1CCC(C2CCCC(C3CCCCC3)C2)CC1
C1CCC(CC2CCC(CC3CCCC(C4CCCC4)C3)CC2C2CCCC2)CC1
C1CCC(C2CCC(C3CCCCC3)C(C(C3CCCCC3)C3CC3)C2)CC1
C1CCC(CCC2CCC(C3CCCCC3)CC2)CC1
C1CCC(CC2CCCC(CC3CCCC(C4CCCCC4)C3)C2)CC1
C1CCC(CCC2CCC(CCC3CCCCC3)C(C3CCCC3)C2)CC1
C1CCC(C2CCCCC2CC2CCC(C3CCCCC3)C(C3CCCC3)C2)CC1
C1CCC(CC2CCCC(CC3CCC4CCCCC43)C2)CC1
C1CCC(CC2CCCC(CCC3CCC(C4CCCCC4)CC3)C2)CC1
C(CCCC1CCCC(CC2CCCCC2)C1)CCC1CCCCC1
C1CCC(C2CCC(CC3CCC(C4CCCC(C5CCCCC5)C4)CC3)CC2)CC1
C1CCC(CCC2CCC(CC3CCCCC3)CC2)CC1
C1CCC(CC2CCC(CC3CC4CCCCC4C3)CC2C2CCC3CCCC3C2)CC1
C1CCC(CCC2CCCCC2CC2CCC(CC3CCCCC3)CC2)CC1
C1CCC(CC2CCC(CCCC3CCCC(CC4CC5CCCCC5C4)C3)CC2)CC1
C1CCC(CC2CC3CCCCC3C2)C(CCC2CCCCC2C2CCCC2)C1
C1CCC(CC2CC(CCC3CCCC3)CC(C3CCCCC3)C2)CC1
C1CCC(CCCCC2CCCC(CCC3CCCC(CC4CCCCC4)C3)C2)CC1
C1CCC(CCC2CCCC(C3CCCC3C3CCC4C(CCCC4C4CCCCC4)C3)C2)CC1
C1CCC(CCCCCC2CCCC(CC3CCCCC3)C2)CC1
C1CCC(CC2CCC(C3CCCCC3)CC2)CC1
C1CCC(C2CCCC(CCC3CCCC(C4CCCC(CC5CCC(C6CC6)CC5)C4)C3)C2)C1
C1CCC(CCC(CCC2CCC3C(CCC3C3CCCC3)C2)C2CCCC3CCCCC32)CC1
C1CCC(CCCC2CCC(CC3CCCCC3)CC2)CC1
C1CCC(CCC2CC(C3CCCCC3)CC(C3CCCCC3)C2)CC1
C1CCC(CC2CCCC(C3CCCC(C4CCCCC4)C3)C2)CC1
C1CCC(CCCC2CCCC(C3CCC(CC4CCCCC4)CC3)C2)CC1
C1CCC(C2CCCC(C3CCCCC3)C2)CC1
C1CCC(CCCCCC2CCC3CCCCC3C2)CC1
C1CCC(CCC2CCC(CC3CCC(C4CCCCC4)CC3)CC2)CC1
C1CCC(C2CCCC(C3CCCC(C4CCCCC4C4CCCCC4)C3)C2)CC1
C1CCC(CCCCC2CCCCC2C2CCC(CC3CCCCC3)CC2)CC1
C1CCC(C2CCC(CC3CCCCC3C3CCCC3)CC2)C1
C(CCC1CC2CCCCC2C1)CC1CCCC(CCC2CCCC(C3CC3)C2)C1
C1CCC(CCC2CCC(CC3CCCCC3)CC2)CC1
C(CCC1CCCC(C2CCCCC2)C1)CCC1CC2CCCCC2C1
C1CCC(CC2CCC3CC(C4CCCC(C5CCCCC5)C4)CCC23)CC1
C1CCC(CC2CCC(C3CCC(C4CCCCC4)CC3)CC2)CC1
C1CCC(CCCCCC2CCCC(C3CCCCC3)C2)CC1
C1CCC(CC2CCC(CC3CCCCC3)CC2)CC1
C1CCC(CC2CCC(C3CCCCC3)CC2)CC1
C1CCC(CC2CCC(CC3CCCCC3C3CCCCC3)CC2)CC1
C1CCC(CCCCCC2CCC(CCC3CCCCC3)CC2)CC1
C1CCC(C2CCC(C3CCC(C4CC(C5CCCCC5)C4)CC3)CC2)CC1
C1CCC(CC2CCC(CC3CCCCC3)CC2)CC1
C1CCC(CCC2CCC(C3CC(CC4CCCC4)C4CCCCC43)CC2)CC1
C(CCCC1CCC2C(CCCC3CCCCC3)CCC2C1)CCC1CCCCC1
C1CCC(CC2CCC(CC3CCCC(CC4CCCCC4)C3)CC2)CC1
C1CCC(CC2CCC(CC3CCC(CC4CCCC4)CC3)CC2)CC1
C1CCC(CCCC2CCC(C3CCCCC3)CC2)CC1
C1CCC(C2CC(CC3CCCC(C4CCCC4)C3)C3CCCCC32)CC1
C1CCC(C2CCCCC2C2CCCC(C3CCCCC3C3CC4CCCCC4C3)C2)CC1
C1CCC(C2CCCC(C3CCCC4CC(C5CCCCC5)CCC43)C2)CC1
C1CCC(CC2CCC(CC3CCCC(CC4CCCCC4)C3)CC2)CC1
C1CCC(C2CC(C3CCC3)CC(C(C3CCCCC3)C3CCCCC3)C2)CC1
C1CCC(CC2CCC(CCC3CCCCC3C3CCC4CCCCC4C3)CC2)CC1
C1CCC(C2CCCC(C3CCCC(C4CCCC(CCCC5CCCC5)C4)C3)C2)CC1
C1CCC(CCC2CC(C3CCCC(C4CCC5CCCC5C4)C3)C3CCCCC23)CC1
C1CCC(C2CCCCC2C2CCC(C3CC(CC4CCCC4)C4CCCCC43)CC2)CC1
C1CCC(CC2CCC3C(CCC3C3CCCCC3)C2)CC1
C1CCC(C2CCCCC2C2CCC(CC3CC4CCCCC4C3)CC2)CC1
C1CCC(CCCCC2CCC(C3CCCCC3)CC2)CC1
C1CCC(C2CCC(C3CCCC(CC4CC5CCCCC5C4)C3)C(C3CCCC3)C2)CC1
C1CCC(CCC2CCC(C3CCC(C4CCCCC4)CC3C3CCCC3)CC2)CC1
C1CCC(C2CCC(C3CCC(CCC4CC5CCCCC5C4)C(C4CCCCC4)C3)CC2)CC1
C1CCC(C2CCC(C(C3CCCCC3)C3CCCCC3)CC2)CC1
C1CCC(C2CCCC(C3CCCCC3)C2)CC1
C1CCC(CC2CCC(CCC3CCCCC3CC3CC4CCCCC4C3)CC2)CC1
C1CCC(CC2CCC(C3CCCCC3)CC2)CC1
C1CCC(C2CC(C3CCCCC3)C(C3CCCCC3)C(C3CCCCC3)C2)CC1
C1CCC(C2CCC(C3CCCC(C4CCC(C5CCCCC5C5CCCC5)CC4)C3)CC2)CC1
C1CCC(CC2CCC3CCCC(C4CCCCC4)C32)CC1
C1CCC(CC2CCC(CC3CCCCC3)CC2)CC1
C1CCC(CC2CCC(CC3CCC4CCCCC4C3)CC2)CC1
C1CCC(C2CCC(C3CCCCC3)CC2)CC1
C1CCC(CC2CC(C3CCCCC3)C3CCCCC23)CC1
C1CCC(CCC2CCC3C(CC4CCCCC4)CC(CC4CCCC4)C3C2)CC1
C1CCC(CCCCC2CCC(C3CCCCC3)CC2)CC1
C1CCC(CCCC2CCC(C3CCCCC3)CC2)CC1
C1CCC(CC2CCCCC2)CC1
C1CCC(C2CCCC(C3CC(CC4CC4)CC(C4CCCCC4)C3)C2)CC1
C1CCC(C2CCCCC2CC2CCC(C3CCCC(C4CCC5CCCC5C4)C3)CC2)CC1
C1CCC(C2CCCC(C3CCC4CCCC(C5CCCCC5)C4C3)C2)CC1
C1CCC(CC2CCC(CC3CCC(C4CCCC(CC5CCCCC5)C4)CC3)CC2)CC1
C1CCC(CCCC2CCCC(C3CCCCC3)C2)CC1
C1CCC(CC2CCCC(CC3CCCCC3)C2)CC1
C1CCC(C2CCC(C3CCCC(C4CCCCC4)C3)CC2)CC1
C1CCC(CC2CCC(CCC3CCC(C4CCCCC4)CC3)CC2)CC1
C1CCC(CCC2CCCC(C3CCCCC3C3CCC(CC4CCCCC4)CC3)C2)CC1
C1CCC(CCCC(CC2CCCCC2)C2CCCCC2)CC1
C1CCC(C2CCCCC2)CC1
C1CCC(C2CCC(CC3CCC(CCCC4CCCC(CC5CC5)C4)CC3)CC2)CC1
C1CCC(C2CCCCC2C2CCCCC2CC2CCCC(CC3CC4CCCCC4C3)C2)CC1
C1CCC(CC2CCCC(C3CCC4CCCC4C3)C2)C1
C1CCC(CC2CCCC(C3CCCC(C4CCC5CCCCC5C4)C3)C2)CC1
C1CCC(C2CCCC(C3CC(CC4CC4)CC(C4CCCCC4)C3)C2)CC1
C1CCC(C2CCCCC2C2CCC(C3CCCCC3C3CC3)CC2)CC1
C1CCC(C2CCCC(C3CCCC(C4CCCCC4)C3)C2)CC1
C1CCC(CCC2CCCC(C3CCC(CC4CCC5CCCCC54)CC3)C2)CC1
C1CCC(CC2CCC(C3CCCCC3)C(CC3CCC3)C2)CC1
C1CCC(C2CCCCC2C2CCCC2)CC1
C1CCC(CC2CCC(CC3CCCCC3)CC2)CC1
C1CCC(CCCC2CCCC(C3CCCC(C4CCCCC4)C3)C2)CC1
C1CCC(CCCC2CCCCC2C2CCCCC2)CC1
C1CCC(CCC2CCC(C3CCC(C4CCCC4)CC3C3CCCC3)CC2)CC1
C1CCC(CC2CCC(CC3CCC(C4CCCC4)CC3)CC2)CC1
C1CCC(CCC2CCC(C3CCCC(C4CCCC4)C3)C(C3CCCCC3)C2)CC1
C1CCC(CCC2CCC(C3CCCCC3)CC2)CC1
C1CCC(CCC2CCC(CC3CCCCC3)CC2)CC1
C1CCC(C2CCC(C3CCCC(CC4CC4)C3)C(C3CCCC3)C2)CC1
C1CCC(C2CCCC(CCC3CCCCC3C3CCCCC3)C2)CC1
C1CCC(CC2CCC(CCCC3CCCC(C4CCCCC4)C3)CC2)CC1
C1CCC(CC2CCC(CCCC3CCCCC3C3CCC3)C(CC3CCCCC3)C2)CC1
C1CCC(CCC2CCCC(CCC3CCCCC3)C2)CC1
C1CCC(CCC2CCCC(CC3CCCC(C4CCCCC4)C3)C2)CC1
C1CC2CCC(C3CCCCC3C3CCCC(C4CC4)C3)CC2C1
C1CCC(CCC2CCC(CC3CCCCC3)CC2)CC1
C1CCC(C2CCCCC2C2CCCC(C3CCCC3)C2)CC1
C1CCC(C2CCC(C3CCCCC3)C(C3CCCCC3)C2)CC1
C1CCC(CC2CC(C3CCCCC3C3CCC(C4CCCC4)CC3)C3CCCCC23)CC1
C1CCC(C2CCC(CC3CCC(C4CCC(CC5CCCC5)CC4)CC3)CC2)CC1
C1CCC(CC2CCC(CC3CCC3)CC2)CC1
C1CCC(CC2CCC(CCC3CCC(CC4CCC5CCCC5C4)CC3)CC2)CC1
C1CCC(C2CCC(C3CCCC(C4CCCCC4)C3)CC2)CC1
C1CCC(CC2CCCCC2C2CC3CCCCC3C(C3CCCCC3)C2)CC1
C1CCC(CCCC2CCC(C3CCCCC3)CC2)CC1
C1CCC(C2CCC(C3CCC(C4CCCCC4C4CCC5CCCC5C4)CC3)CC2)C1
C1CCC(C2CCCC(CC3CCCC(C4CC4)C3)C2)C1
C1CCC(CC2CCC(CC3CCC(C4CCCCC4)CC3CC3CC3)C2)CC1
C1CCC(CCC2CCC(CCC3CCCC(C4CCC(C5CCCCC5)CC4)C3)CC2)CC1
C1CC(C2CCC(CC3CCC4CCCCC4C3)CC2)C1
C1CCC(C2CCC(CC3CCC(C4CCCCC4C4CCCCC4)CC3)C2)CC1
C1CCC(CC2CC(C3CCCC(C4CCCCC4)C3)C3CCCCC23)CC1
C1CCC(CCC2CCC(C3CCCCC3)CC2CCC2CCCC2)CC1
C1CCC(CCC2CC(C3CCCCC3)CC(C3CCCCC3)C2)CC1
C1CCC(CCC2CCCC(CC3CCCCC3)C2)CC1
C1CCC(C2CCC(CC3CC(C4CCCC4)C4CCCCC34)CC2)CC1
C1CCC(C2CCCCC2C2CCCC(C3CCCC3)C2)CC1
C1CCC(CC2CCCC(C3CCCCC3)C2)CC1
C1CCC(CCCC2CCC(CCCC3CCCCC3)CC2)CC1
C(CCCC1CCC(C2CCCCC2)CC1)CCCC1CCCCC1C1CCCCC1
C1CCC(C2CCCC(C3CCC4CCCC4C3)C2)CC1
C1CCC(CC2CCC(CC3CCCCC3)CC2)CC1
C1CCC(C2CCC(C3CCCCC3)CC2)CC1
C1CCC(C2CCCC(CC3CCC(CCC4CCCC4)CC3)C2)CC1
C1CCC(CC2CCC(CC3CCCC4CC(C5CCCCC5)CCC34)CC2)CC1
C1CCC(CCC2CCC(CC3CCC(C4CCCC(CC5CCCCC5)C4)CC3)CC2)CC1
C1CCC(CCC2CCC(C3CCCCC3)CC2)CC1
C1CCC(C2CCC(CCCCC3CCC(CCC4CCCC(CC5CC5)C4)CC3)CC2)CC1
C1CCC(C2CCC(C3CCCC(CCC4CCC5CCCCC54)C3)CC2)CC1
C1CCC(C2CCCC(C3CCCC(CC4CCC5CCCCC54)C3)C2)CC1
C1CCC(CC2CCC(CC3CCCC(C4CCCCC4)C3)CC2)CC1
C1CCC(C2CCCC(C3CC(C4CCCCC4)CC(C4CCC4)C3)C2)CC1
C1CCC(CC2CC(CCC3CCC(CC4CCCC4)CC3)C3CCCCC23)CC1
C1CCC(CC(C2CCCCC2)C2CCC(C3CCC(C4CCC4)CC3)CC2)CC1
C1CCC(CC2CCC(C3CCCC3)CC2)CC1
C1CCC2CC(CCC3CCC(C4CCC(C5CC6CCCCC6C5)CC4)CC3)CC2C1
C1CCC(CCCC2CCC(CC3CCCCC3)CC2)CC1
C1CCC(C2CCC(CCC3CCC(C4CC(C5CCCCC5)C4)CC3)CC2)CC1
C1CCC(C2CCCCC2CC2CCC3CCCCC32)CC1
C1CCC(C2CCCCC2C2CCC(C3CCCCC3C3CCCC3)CC2)CC1
C1CCC(CCC2CCC(CC3CCC(C4CC4)CC3)CC2)CC1
C1CCC(C2CCCC(C3CCCC(CCC4CCC5CCCCC54)C3)C2)CC1
C1CCC(CCCCC2CCCC(C3CCCCC3)C2)CC1
C1CCC(CC2CCC(CC3CCC(C4CCCCC4)CC3)CC2)CC1
C1CCC(CC2CCC(C3CCCC(C4CCCCC4)C3)CC2)CC1
C1CCC(CC2CCC(CC3CC4CCC(C5CCCC(C6CCCCC6)C5)C4C3)CC2)CC1
C1CCC(C2CCC(C3CCC(C4CCC(CC5CCCC5)CC4)CC3)CC2)CC1
C1CCC(CC2CCCC(CCCC3CCCC(C4CCC4)C3)C2)CC1
C1CCC(CCC2CCCC(C3CCCCC3)C2)CC1
C1CCC(CC2CCC(C3CCCC(CC4CCCCC4)C3)CC2)CC1
C1CCC(C2CCC(CC3CCCC(C4CCCCC4)C3)CC2)CC1
C1CCC(C2CCCC(C3CCC(CC4CC5CCCCC5C4)CC3)C2)CC1
C1CCC(C2CCCC(CCCC3CCC(C4CCC4)CC3)C2)CC1
C1CCC(CC2CCCCC2C2CCCCC2)CC1
C1CCC(CCC2CCC(C3CCC(C4CCCC4)CC3)C(C3CCC4CCCC4C3)C2)CC1
C1CCC(C2CCC(C3CCCC4CC(CCC5CCC6CCCCC6C5)CCC43)CC2)CC1
C1CCC(CC2CCC(CC3CCCC(CC4CCCCC4)C3)CC2)CC1
C1CCC(CC2CC(CC3CCC(C4CCCCC4)CC3)C3CCCCC23)CC1
C1CCC(CC2CCCCC2CC2CCCC(CCCCC3CCCC(C4CCCC4)C3)C2)CC1
C1CCC(C2CCC(C3CCC(C4CCCCC4)CC3C3CCCC3)CC2)CC1
C1CCC(CC2CCC(CC3CCC(C4CCCCC4)CC3)CC2)CC1
C1CCC(CC2CCC(C3CCCCC3)CC2)CC1
C1CCC(C2CCC(C3CCCC3)CC2)CC1
C1CCC(CCC2CCCC(C3CCCCC3C3CCCCC3)C2)CC1
C1CCC(C2CCC(CCC3CCCC(CCC4CCC5CCCC5C4)C3)C2)CC1
C1CCC(CC2CCC(C(C3CCCCC3)C3CCC(C4CCCC(C5CCCCC5)C4)CC3)CC2)CC1
C1CCC(CC2CCCC(CC3CCC(C4CCCC(C5CC5)C4)CC3)C2)CC1
C1CCC(CC2CCC(C3CCCC(C4CCCCC4)C3)C2)CC1
C(CCCC1CCCC(C2CCCCC2)C1)CCC1CCCCC1
C1CCC(CC2CCC(C3CCCCC3CC3CCCCC3)CC2)CC1
C1CCC(CCC2CCC(CC3CCC(C4CCCCC4)CC3)CC2)CC1
C1CCC(C2CCCCC2C2CCCCC2C2CCCCC2)CC1
C1CCC(C2CCC(CCCC3CCC4CCCCC43)CC2)CC1
C1CCC(CCCC2CCCCC2C2CCC3CCCC3C2)CC1
C1CCC(C2CCC(CC3CCC(CC4CC(C5CCCCC5)C5CCCCC45)CC3)CC2)CC1
C1CCC(CC2CCC(CCCCC3CC3)CC2CC2CCC(CCC3CC4CCCCC4C3)CC2)CC1
C1CCC(CC2CC(C3CCCCC3)CCC2CC2CCCC2)CC1
C1CCC(CC2CCC(C3CCCCC3C3CCCCC3)C(CC3CCCCC3)C2)CC1
C1CCC(CCC2CC(CC3CCCCC3)C3CCC(CC4CCCCC4)CC23)CC1
C1CCC(CC2CCCCC2CC2CCCCC2)CC1
C1CCC(C2CCC3CC(CCC4CCC5CCCCC54)CC(C4CCCCC4)C3C2)CC1
C1CCC(C2CCC(C3CCCC(CC4CC5CCCCC5C4)C3)CC2)C1
C1CCC(CC2CC(C3CCC(C4CCCC(C5CCCCC5)C4)CC3)C3CCCCC23)CC1
C1CCC(CCC2CCC3CCCC(C4CCCCC4)C3C2)CC1
C1CCC(CC2CC(CCCC3CCCC(C4CCCCC4)C3)C3CCCCC23)CC1
C1CCC(C2CCCCC2C2CCCCC2)CC1
C1CCC(C2CCC(C3CCCCC3)C(C3CCCCC3)C2)CC1
C1CCC(CC2CCCC(C3CCCC(C4CCCCC4)C3)C2)CC1
C1CCC(C2CCC(CC3CC(CC4CCCC(C5CC5)C4)C4CCCCC34)CC2)C1
C1CCC(C2CCC3CCCC(C4CCCCC4)C3C2)CC1
C1CCC(CC2CCC(C3CCCCC3)CC2)CC1
C1CCC(CCCC2CCC(C3CCC(C4CCCCC4)CC3)CC2)CC1
C1CCC(CC2CCCCC2CC2CCCCC2)CC1
C1CCC(CC2CCCC(C3CCCC(CC4CCCCC4)C3)C2)CC1
C1CCC(CCC2CCCCC2C2CCCC2)CC1
C1CCC(CCC2CCCCC2CC2CCCCC2)CC1
C1CCC(CC2CCC(CC3CCC(C4CCCCC4)CC3)CC2)CC1
C1CCC(CCC2CCCCC2CCC2CCCC(CC3CCCCC3)C2)CC1
C1CCC(CCCCC2CCC(C3CCCC3)CC2)CC1
C1CCC(CC2CCC(CC3CCC(C4CCCCC4)CC3)CC2)CC1
C1CCC(CCC2CCC(CC3CCCCC3)CC2)CC1
C1CCC(C2CCC(C3CCCCC3C3CCCCC3)CC2)CC1
C1CCC(CCCCC2CCCC(C3CCC(CCC4CCCCC4)CC3)C2)CC1
C1CCC(CCCCC2CCC(C3CCCCC3)CC2)CC1
C1CCC(CCCCC2CCC(CC3CCC4CCCCC4C3)CC2)CC1
C1CCC(C(CCC2CCC3CCCCC32)C2CCCC(C3CCCC3)C2)CC1
C1CCC(CCCC2CCCC(CCCC3CCCCC3)C2)CC1
C1CCC(C2CCCCC2)CC1
C1CCC(CC2CCC(CC3CCCCC3)CC2)CC1
C1CCC(CCCC2CCCC(CC3CCCCC3)C2)CC1
C1CCC(CCC2CCCC(C3CCCCC3CC3CCC(C4CCCCC4)CC3)C2)CC1
C1CCC(C2CCCC(CC3CCCCC3C3CCCCC3)C2)CC1
C1CCC(C2CCC(CC3CCC(C4CCCCC4)CC3)CC2)CC1
C1CCC(CC2CCCC(CC3CCCC4CCC(C5CCCCC5)CC43)C2)CC1
C1CCC(C2CCCCC2CC2CCC(CC3CCCCC3C3CCCC3)CC2)CC1
C1CCC(CC2CCCC(C3CCCC(C4CCCC4)C3)C2)CC1
C1CCC(CC2CC(C3CCC(CCC4CCCC(CC5CC5)C4)CC3)C3CCCCC23)CC1
C1CCC(CCC2CCC(C3CCC(CC4CC5CCCCC5C4)CC3)CC2)CC1
C1CCC(CC2CCCCC2)CC1
C1CCC(CC2CCCCC2C2CCCCC2)CC1
C1CCC(CC2CCC(C3CCC(CC4CCCCC4)CC3)CC2)CC1
C1CCC(CCC2CCC(CCCC3CCCC(CC4CC4)C3)CC2)CC1
C1CCC(C2CCCC(C3CCC(C4CCC4)CC3)C2)CC1
C1CCC(CC2CCC(C3CCCC(CCC4CCCCC4C4CCC4)C3)CC2)CC1
C1CCC(CC2CCCCC2C2CCC(C3CCCCC3)CC2)CC1
C1CCC(CC2CCC(CC3CCCCC3CC3CCCCC3)CC2)CC1
C1CCC(CCCC2CCC(C3CCCCC3)CC2)CC1
C1CCC(C2CCCC(C3CCCC(CCC4CC4)C3)C2)CC1
C1CCC(CCCC2CCC(CCC3CCCCC3)CC2)CC1
C1CCC(C2CCC(C3CCCC(C4CCCC4)C3)CC2)CC1
C1CCC(CCCC2CCCC(C3CCCCC3)C2)CC1
C1CCC(CCC2CC(C3CCCC(C4CCCCC4)C3)C3CCCCC23)CC1
C1CCC(C2CCC(C3CCCC(C4CCCCC4C4CCCCC4)C3)CC2)CC1
C1CCC(CC2CC(C3CCCCC3)C3CCCCC23)CC1
C1CCC(CC2CCCC(C3CCC(C4CCCCC4)CC3)C2)CC1
C1CCC(CC2CCCC(CC3CCC(C4CCCCC4)CC3)C2)CC1
C1CCC(CC2CCCC(C3CCCCC3)C2)CC1
C1CCC(CCC2CC(C3CCCCC3)C3CCCCC23)CC1
C1CCC(CCC2CC(C3CCCCC3)CC(C3CCCCC3)C2)CC1
C1CCC(CC2CCCC(C3CCCC(C4CCCCC4)C3)C2)CC1
C1CCC(C2CCCC(CC(C3CCCCC3)C3CCCCC3)C2)CC1
C1CCC(C2CCCC(C3CCCC(C4CCCCC4)C3)C2)CC1
C1CCC(C2CCCC(C3CCC4CCCC4C3)C2)C1
C1CCC(C2CCC(C3CCC4CCCCC43)CC2)CC1
C1CCC(C2CCCCC2C2CCC(C3CCC(CC4CCCC4)CC3)CC2)CC1
C1CCC(C2CCC3CC(C4CCC5CCCCC54)CC(C4CCCC4)C3C2)CC1
C1CCC(CC2CCC(C3CCC(C4CCC(CC5CCCC5)CC4)CC3)CC2)CC1
C1CCC(CC2CCC(CC3CCCCC3)C(C3CCCC3)C2)CC1
C1CCC(C2CCC(CCCC3CCCC(CC4CCCC(CC5CCCC5)C4)C3)CC2)CC1
C1CCC(CCC2CCCC(C3CCC(CC4CCCCC4)CC3)C2)CC1
C1CCC(CCC2CCCC(C3CCCC(C4CCCCC4)C3)C2)CC1
C1CCC(CCC2CCC(CCC3CCCC(C4CCCCC4)C3)CC2)CC1
C1CCC(C2CCCCC2)CC1
C1CCC(CC2CCC3CC(C4CCCCC4)CCC23)CC1
C(CCC1CCCCC1C1CCCC1)CC1CCC(C2CCC(C3CCCC3)CC2)CC1
C1CCC(C2CCC(CCC3CCC(CC4CCC(CC5CC6CCCCC6C5)CC4)CC3)CC2)CC1
C1CCC(CCC2CCCCC2CC2CCCCC2)CC1
C1CCC(CC(CC2CCC(C3CCC(C4CCCCC4)CC3)CC2)C2CC3CCCCC3C2)CC1
C1CCC(CCC2CCCCC2CC2CCC3CCCC(C4CCCCC4)C3C2)CC1
C1CCC(CC2CCCC(C3CCCCC3)C2)CC1
C1CCC(CCC2CCCC(CC3CCCC(C4CCCCC4)C3)C2)CC1
C1CCC(CCC2CCCC(C3CCCCC3)C2)CC1
C1CCC(CC2CCC(CC3CCC(C4CCCCC4)CC3)CC2)CC1
C1CCC(CCCCC2CCC(CC3CCCC(C4CCCCC4)C3)CC2)CC1
C1CCC(CCC2CCC(C3CCCCC3)CC2CCC2CCCCC2)CC1
C1CCC(CC2CCCC(C3CCCC(C4CCC4)C3)C2)CC1
C1CCC(CCC2CCC(C3CCC(C4CCCCC4)CC3)CC2)CC1
C1CCC(CC2CCCCC2)CC1
C1CCC(C2CCCC(C3CCC(C4CCCCC4C4CCCC(C5CCCC(CC6CCC6)C5)C4)CC3)C2)CC1
C1CCC(CCC2CC(CC3CCCC3)CC(C3CCCC(C4CCC5CCCCC54)C3)C2)CC1
C1CCC(CCCC2CCCC(C3CCCCC3)C2)CC1
C1CCC(CC2CC3CCC(C4CCCCC4)CC3C(CC3CCCC3)C2)CC1
C1CCC(C2CCCC(CCC3CC4CCCCC4C3)C2)CC1
C1CCC(CC2CCC(C3CCCCC3C3CCCCC3)CC2)CC1
C1CCC(C2CCC(CC3CCCC3)CC2)CC1
C1CCC(CCCC2CCCC(C3CCCC(CC4CCCCC4)C3)C2)CC1
C1CCC(CC2CCC(CC3CCC4CCC(CC5CCCCC5)CC43)CC2)CC1
C1CCC(CC2CCC(C3CCCCC3)CC2C2CCC(CCC3CCC3)CC2)CC1
C1CCC(C2CCC(C(C3CCCCC3)C3CCCCC3)CC2C2CCC3CCCC3C2)CC1
C1CCC(CC2CCCCC2C2CCC3CCCC3C2)CC1
C1CCC(CC2CCCC2CCC2CCC(C3CCCC(C4CCCC4)C3)CC2)CC1
C1CCC(CCCCC2CC(CCCC3CCCCC3)CC(C3CCCCC3)C2)CC1
C1CCC(C2CCCC(CC3CCCC(C4CCCCC4)C3)C2)CC1
C1CCC(C2CCCC(CC3CCC4CCCCC43)C2)CC1
C1CCC(CC2CCC(CC3CCC(C4CCCC(C5CCCCC5)C4)CC3)CC2)CC1
C1CCC(C2CCCC(CCC3CCC4CCCCC4C3)C2)CC1
C1CCC(C2CCCC(C3CCCC(C4CCCC4)C3)C2)CC1
C1CCC(CC2CCCC(CCC3CCCC(C4CCCCC4)C3)C2)CC1
C1CCC(CC2CCCC(C3CCCC(C4CCC5CCCC5C4)C3)C2)CC1
C1CCC(CC2CCCC(C3CCCC(CC4CCCCC4)C3)C2)CC1
C1CCC(CCC2CCCC(CCC3CCC(C4CCC4)CC3)C2)CC1
C1CCC(C2CC(CC3CC3)CC(C3CCCCC3)C2)CC1
C1CCC(CC2CCC(C3CC(CC4CCCCC4)C4CCCCC43)CC2)CC1
C1CCC(CC2CC(C3CCCC(C4CCCCC4)C3)C3CCCCC23)CC1
C1CCC(C2CCC(C3CCCC(C4CCCCC4)C3)CC2)CC1
C1CCC(C2CCCC(CC3CCC(CC4CCCCC4C4CCCCC4)CC3)C2)CC1
C1CCC(CC2CCC(CC3CCC(C4CCCCC4C4CCCCC4)CC3)CC2)CC1
C1CCC(C2CCCCC2)CC1
C1CCC(CCC2CCC(C3CCCCC3)CC2CC2CCCCC2)CC1
C1CCC(C2CCCCC2)CC1
C1CCC(CC2CCC(CCC3CCC(CC4CCC(C5CCCC5)CC4)CC3)CC2)CC1
C1CCC(CC2CCCCC2)CC1
C1CCC2CC(CCC3CCCC(C4CCCC4C4CCCC(C5CC6CCCCC6C5)C4)C3)CC2C1
C1CCC(CC2CCCCC2C2CCCC(CCC3CCC(C4CCC4)CC3)C2)CC1
C1CCC(CC2CCCC(CCC3CCCCC3C3CCCC3)C2)CC1
C1CCC(CC2CCCCC2C2CCC3C(CCCC3C3CCCCC3)C2)CC1
C1CCC(CC2CCCCC2C2CCC(C3CCCCC3)CC2)CC1
C1CCC(CCC2CCC(CCC3CCCCC3)CC2)CC1
C1CCC(C2CCCCC2C2CCC3CCCC3C2)CC1
C1CCC(CC2CCCCC2CC2CCCC3CCCCC32)CC1
C1CCC(CC2CCCC(C3CCCC(C4CCCCC4)C3)C2)CC1
C1CCC(C(C2CCCC2)C2CCCC(C3CC3)C2)CC1
C1CCC(CC2CCC(C3CCCC(CC4CCC(C5CCCC5)CC4)C3)CC2)CC1
C1CCC(CCCC2CCC(CCCC3CCCCC3)CC2)CC1
C1CCC(C2CCCC(CC3CCC(CC4CCCC4)CC3)C2)CC1
C1CCC(CC2CCCCC2CC2CCCCC2)CC1
C1CCC(CC2CCC(C3CCCC(C4CCCCC4)C3)CC2)CC1
C1CCC(C2CCC(C3CCC(C4CCCCC4)C3)CC2)CC1
C1CCC(C2CCC(C3CCC(CCC4CCCC4)CC3)CC2)CC1
C1CCC(C2CCCC(C3CCCCC3)C2)CC1
C1CCC(CC2CCCC(C3CCCCC3C3CCCCC3)C2)CC1
C1CCC(C2CC(C3CCC4CCCCC43)CC3CCCCC32)CC1
C1CCC(C2CCCC(C3CCCCC3C3CCCCC3)C2)CC1
C1CCC(CC2CC(CC3CCCC(C4CC4)C3)C3CCCCC23)CC1
C1CCC(CC2CCC(C3CCC(C4CCCC4)C(C4CCCC4)C3)CC2)CC1
C1CCC(CCC2CCC(C3CCC(CC4CCCCC4)CC3)CC2)CC1
C1CCC(CC2CCC(C3CCCCC3)CC2)CC1
C1CCC(CC2CCC(C3CCCCC3)C(C3CCCCC3)C2)CC1
C1CCC(C2CCCCC2C2CCC3CCCCC32)CC1
C1CCC(CC2CCC(C3CCC(CC4CCC(C5CCCCC5)CC4)CC3)CC2)CC1
C1CCC2C(C1)CCC2CCC1CCC(CC2CCC(CC3CC3)CC2)CC1
C1CCC(CC2CCCC2C2CC(C3CCCCC3)CC(C3CCCCC3)C2)CC1
C1CCC(CC2CCC(CC3CCCC(CC4CCCCC4)C3)CC2)CC1
C1CCC(CC2CCCCC2C2CCC(CCC3CCCC3)CC2)CC1
C1CCC(CCCC2CCC(CC3CCCCC3)CC2)CC1
C1CCC(CC2CCC(C3CCCC(C4CCCCC4)C3)CC2)CC1
C1CCC(CC2CCC(CC3CCCCC3)CC2)CC1
C1CCC(CC2CCCC(CCC3CCCCC3CC3CCCCC3)C2)CC1
C1CCC(CC2CCCC(C3CCC(C4CCC(CC5CC6CCCCC6C5)CC4)CC3)C2)CC1
C1CCC(CC2CCCC(C3CCCCC3)C2)CC1
C1CCC(CCCCCC2CCC(CC3CCC(CCC4CCCC4)CC3)CC2)CC1
C1CCC(C2CCC(C3CCCCC3)CC2)CC1
C1CCC(CC2CCCCC2C2CCCCC2)CC1
C1CCC(CC2CCCC(CC3CCCCC3C3CCCCC3)C2)CC1
C1CCC(CC2CCCC(CCC3CC4CCCCC4C3)C2)CC1
C1CCC(CCCCCC2CCC(CC3CCCCC3)CC2)CC1
C1CCC(CCCC2CC(C3CCCCC3)CC(CCC3CCCCC3)C2CCC2CCCCC2)CC1
C1CCC(C2CCC(CC3CCC(CC4CCCC4)C3)CC2)CC1
C1CCC(C2CCCC(CCC3CCCC3)C2)CC1
C1CCC(CC2CCC(CC3CCCC(CC4CC4)C3)CC2)CC1
C1CCC(C2CCC(CCC3CCC(C4CCCC(C5CCCCC5)C4)CC3)C2)CC1
C1CCC(CCCC2CC(C3CCC(CC4CCCCC4)CC3)C3CCCCC23)CC1
C1CCC(CC2CCC(CCCC3CCCC(C4CCCCC4)C3)CC2)CC1
C1CCC(CC2CCCCC2C2CCC3CCCCC32)CC1
C1CCC(CC2CCCCC2C2CCCC(C3CCCC4CCCCC43)C2)CC1
C1CCC(CC2CCCC(CC3CC(C4CCCCC4C4CCCC4)C4CCCCC34)C2)CC1
C1CCC(CC2CCC(C3CCCCC3)C(C3CCCCC3)C2)CC1
C1CCC(C2CCC(C3CCCCC3)CC2)CC1
C1CCC(CC2CCC(C3CCC(C4CCCC4)CC3)CC2)CC1
C1CCC(CCC2CCCCC2)CC1
C1CCC(CC2CCCC(CC3CCCCC3C3CCCCC3)C2)CC1
C1CCC(CC2CCC(C3CCCCC3C3CCCCC3)CC2)CC1
C(CCC1CC(C2CCC(C3CCCC3)CC2)C2CCCCC12)CC1CC2CCCCC2C1
C1CCC(CC2CCCCC2)CC1
C1CCC(C2CCCC2)CC1
C1CCC(CC2CCC(CCC3CCCCC3C3CCCCC3C3CCCCC3)CC2)CC1
C1CCC(C2CCCC(CCC3CCCCC3C3CCCCC3)C2)CC1
C1CCC(C2CCC(CC3CC4CCCCC4C3)CC2)CC1
C1CCC(CC2CC(CC3CCCC3)C3CC(C4CCCCC4)CCC23)CC1
C1CCC(C2CCCCC2CC2CCCC2CC2CCCC(CC3CCCC3)C2)CC1
C1CCC(CCC2CC(C3CCCCC3)CCC2C2CCC2)CC1
C1CCC(C2CCCC(C3CCC(C4CCC(C5CCCC5)CC4)CC3)C2)CC1
C1CCC(C2CCC(CCCC3CCCC(C4CCCCC4)C3)CC2)CC1
C1CCC(C2CCCCC2C2CCCCC2)CC1
C1CCC(C2CC(C3CCCCC3C3CCCCC3)C3CCCCC23)CC1
C1CCC(CCC2CC(CC3CCCC(C4CCCC4)C3)C3CCCCC23)CC1
C1CCC(CCCC2CC3CCC(C4CCCC4)CC3C(C3CCCCC3)C2)CC1
C1CCC(CCC2CCCCC2C2CCC(C3CCCCC3)CC2)CC1
C1CCC(CC2CCCCC2C2CCC3CCCCC3C2)CC1
C1CCC(CCCC2CCC(C3CCCCC3)CC2)CC1
C1CCC(CCC2CC(C3CCC(C4CCCCC4)CC3)C3CCCCC23)CC1
C1CCC(CC2CCC3CCC(C4CCC4)C3C2)CC1
C1CCC(CCC2CCC(C3CCC4CCCC4C3)CC2C2CCCCC2)CC1
C1CCC(CC2CCC(C3CCC(CC4CCCCC4)CC3)CC2)CC1
C1CCC(CC2CCC3C(CC4CCC5CCCCC5C4)CC(CC4CCCCC4)C3C2)CC1
C(CCC1CCC(C2CCCCC2)CC1)CCC1CCCC(C2CCCC3CCCCC32)C1
C1CCC(CC2CCC(CC3CCCCC3)CC2)CC1
C1CCC(CC2CCC(C3CCCC(CC4CCC(C5CCCC(CC6CCCCC6)C5)CC4)C3)CC2)CC1
C1CCC(C2CCC(C(C3CCCCC3)C3CC3)CC2)CC1
C1CCC(CCC2CCCCC2C2CCC(CC3CCCCC3)CC2)CC1
C1CCC(CC2CCC(C3CCCC(CC4CC(C5CCCCC5)C5CCCCC45)C3)CC2)CC1
C1CCC(CC2CCC(C3CCCCC3CC3CCCCC3)CC2)CC1
C1CCC(CC2CC(C3CCCCC3)CC(C3CCCC(C4CCCC4)C3)C2)CC1
C1CCC(C2CCC(CC3CCC(C4CCC5CCCC5C4)C3)CC2)CC1
C1CCC(C2CCC(C3CCCC(CC4CC(C5CCCC5)C5CCCCC45)C3)CC2)CC1
C1CCC(CC2CCCC(C3CCCCC3)C2)CC1
C1CC(CC2CCCC(C3CCC(C4CCCC4)C(C4CCC5CCCC5C4)C3)C2)C1
C1CCC(C2CCCCC2C2CCCCC2)CC1
C1CCC(CCC2CC(C3CCCCC3)CCC2C2CCCC(CC3CCCCC3)C2)CC1
C1CCC(CCCCC2CCCC(CC3CCCCC3)C2)CC1
C1CCC(CC2CCC(CC3CCC(CC4CCCCC4)CC3)CC2)CC1
C1CCC(CCCC2CC(C3CCCC(CC4CCCCC4)C3)C3CCCCC23)CC1
C1CCC(CC2CCCCC2C2CCC(C3CCCCC3)CC2C2CCCC2)CC1
C1CCC(CCC(C2CCCCC2)C2CCCC(CC3CCC4CCCC4C3)C2)CC1
C1CCC(CCCC2CCCC(CCC3CCCC(C4CCC4)C3)C2)CC1
C1CCC(CC2CCC(CC3CCCCC3)CC2)CC1
C1CCC(C2CCC(CC3CC(C4CCCCC4)CC(C4CCCCC4)C3)CC2)CC1
C1CCC(CC2CC(CC3CCCC(CC4CCCCC4C4CCC5CCCCC5C4)C3)C2)CC1
C1CCC(CC2CCCC(CC3CCCC(C4CCCCC4)C3)C2)CC1
C1CCC(CCC2CC(C3CCCC3)CCC2C2CCC3CCCC3C2)CC1
C(CCCC1CCC(CCC2CCCCC2)CC1)CCC1CCCC1
C1CCC(C2CCCC(C3CCCCC3C3CCCCC3)C2)CC1
C1CCC(CCC2CCC(C3CCC(C4CCCCC4)CC3)C(C3CCCC3)C2)CC1
C1CCC(C2CCCC(C3CCCCC3)C2C2CCCCC2)CC1
C1CCC(C2CCC(C3CCCC(CC4CC5CCCCC5C4)C3)CC2)CC1
C1CCC(C2CCC(CC3CCC(C4CCCCC4)CC3)CC2)CC1
C1CCC(CCCC2CCC(CCCC3CCCCC3)CC2)CC1
C1CCC(CC2CCC(C3CCCCC3)CC2C2CCC3C(CCC3C3CCCCC3)C2)CC1
C1CCC(CC2CCC(CCC3CCCC(C4CCCCC4)C3)CC2)CC1
C1CCC(CCC2CCC(C3CCCCC3)CC2)CC1
C1CCC(CC2CCCC(C3CC(CC4CCCC4)C4CCCCC43)C2)CC1
C1CCC(CC2CCCC(C3CCC(C4CCCCC4)C4CCCCC34)C2)CC1
C1CCC(C2CCCC(C3CCCC3)C2)CC1
C1CCC(CC2CCC(CC3CCC(CC4CCC(C5CCCCC5)CC4)CC3)CC2)CC1
C1CCC(CCC2CCCCC2C2CCCCC2)CC1
C1CCC(CCCCC2CCC(C3CCCCC3)CC2)CC1
C1CCC(C2CC(C3CCCC(C4CCCC4)C3)CC(C3CC4CCCCC4C3)C2)CC1
C1CCC(C2CCC(C3CCCC(C4CCCCC4)C3)CC2)CC1
C1CCC(CCCC2CCC(C3CCCCC3)CC2)CC1
C1CCC(CC2CCC(C3CCCC(C4CCC(CCC5CC5)CC4)C3)CC2)CC1
C1CCC(CC2CC(C3CCCCC3C3CCCC3)C2)CC1
C1CCC(CC2CCCC3CC(C4CCCCC4C4CCCCC4)CCC23)CC1
C1CCC(CC2CCCCC2C2CCC(CC3CCC(C4CC5CCCCC5C4)CC3)CC2)C1
C1CCC(CC2CCC(CC3CCC(C4CCCCC4)CC3C3CCCC3)CC2)CC1
C1CCC(CCC2CCCCC2CC2CCCC(C3CCCC3)C2)CC1
C1CCC(CC2CCC(C3CCCCC3)CC2)CC1
C1CCC(CCC2CCCC(CC3CCCCC3)C2)CC1
C1CCC(CC2CCCC(CCC3CCCC(CC4CCCCC4CC4CCCCC4)C3)C2)CC1
C1CC(CC2CCC(C3CCCC(C4CCCCC4C4CCC4)C3)CC2)C1
C1CCC(CC2CCCCC2CCC2CCC(C3CCCCC3)CC2)CC1
C1CCC(CC2CCCC(CC3CCCC(C4CC4)C3)C2)CC1
C1CCC(CC2CCCC(C3CCC(C4CCCCC4)CC3)C2)CC1
C1CCC(CC2CCC(C3CCC(CC4CCC(C5CCC(CCC6CC7CCCCC7C6)CC5)CC4)CC3)C2)CC1
C1CCC(CCCCC2CCC(C3CCCCC3)CC2)CC1
C1CCC(C2CCC(CCC3CCCC(C4CCCCC4)C3)CC2)CC1
C1CCC(CCCC2CCC(CCCC3CC4CCCCC4C3)CC2)CC1
C1CCC(C2CCCC(C3CCC(CC4CCCC4)CC3)C2)CC1
C1CCC(CC2CCCC(C3CCCC(C4CC5CCCCC5C4)C3)C2)CC1
C1CCC(CCC2CCC(CC3CC4CCCCC4C3)CC2)CC1
C1CCC2C(C1)CCCC2CC1CCC(C2CCCCC2C2CCCCC2C2CCCC2)CC1
C1CCC(CCC2CCC(CCCC3CCC(C4CCCCC4)CC3)CC2)CC1
C1CCC(C2CCCCC2CCC2CCCC(CCCC3CCCC3)C2)CC1
C1CCC(CC2CCC(C3CCCC(C4CCCCC4)C3)CC2)CC1
C1CCC(CCCC2CCC(C3CCC(CCC4CCCCC4)C(C4CCCC4)C3)CC2)CC1
C1CCC(CC2CCC3CC(C4CCCC(C5CCCCC5)C4)CCC23)CC1
C1CCC(C2CCC(C3CCC(C4CCCC(C5CCCCC5)C4)C4CCCC34)CC2)CC1
C1CCC(C2CCC(C3CCCC3)CC2C2CCC3CCCC3C2)CC1
C1CCC(C2CC(CC3CCC(C4CCC5CCCCC54)CC3)C3CCCCC32)CC1
C1CCC(CC2CC(C3CCCCC3)CC(C3CCC4CCCCC43)C2)CC1
C1CCC(C2CCC(C3CCC(C4CCCCC4C4CCC5CCCCC5C4)CC3)CC2)CC1
C1CCC2CC(C3CCCCC3CC3CCC(CC4CC5CCCCC5C4)CC3)CCC2C1
C1CCC(C2CCCCC2)CC1
C1CCC(C2CCC(CCCCCC3CCC4CC(C5CCCCC5)CCC34)CC2)CC1
C1CCC(CC2CCCC(C3CCCCC3C3CCCCC3)C2)CC1
C1CCC(CC2CC3CCCC(C4CCCC4)C3C2)CC1
C1CCC(CC2CCCCC2C2CCCC2CC2CCC(C3CCCCC3)CC2)CC1
C1CCC2CC(CCC3CCC(C4CCC5CCCCC54)CC3)CCC2C1
C1CCC(CC2CCC(CC3CC4CCCCC4C(C4CCCC4)C3)CC2)CC1
C1CCC(C2CCC(CCCC3CCCC(C4CCCC(C5CCCCC5)C4)C3)CC2)CC1
C1CCC(C2CCCCC2CC2CC(C3CCC4CCCCC43)CC3CCCCC32)C1
C1CCC(CC2CCC(C3CCCC(C4CCC(CC5CC5)CC4)C3)CC2)CC1
C1CCC(CC2CCC(CC3CCCCC3C3CCC(C4CCC4)CC3)CC2)CC1
C1CCC(C2CCC3CCC(CCCC4CCC5CCCCC5C4)CC3C2)CC1
C1CCC(CCC2CCCCC2C2CCCC(CC3CCCCC3)C2)CC1
C1CCC(CCC2CCC(CCC3CCCCC3)CC2)CC1
C1CCC(C2CCC(CC3CCC(CC4CC4)CC3)CC2)CC1
C1CCC(C2CCC(C3CCCCC3)C(C3CCCC3)C2)CC1
C1CCC(C2CCC(CC3CCC(C4CCC5CCCC5C4)CC3)CC2)C1
C1CCC(CCCC2CCC(C3CCCCC3)CC2)CC1
C1CCC(C2CC(CC3CCC(CC4CC5CCCCC5C4)CC3)CC2C2CCCC2)CC1
C1CCC(CCC2CCCC(CC3CCCC(C4CCC4)C3)C2)CC1
C1CCC(CCC2CCC(CC3CCC(C4CCC(CC5CCCCC5)CC4)CC3)CC2)CC1
C1CCC(C2CCC(C3CCCC(C4CCCCC4)C3)CC2)CC1
C1CCC(CCCCC2CCC(C3CCCCC3)CC2)CC1
C1CCC(C2CCCCC2C2CCC3CCCCC3C2)CC1
C1CCC(CCC2CCC(CCC3CCC(CC4CCCCC4)CC3)CC2)CC1
C1CCC(CC2CCC(C3CCCCC3C3CCCC4CCCCC43)CC2)CC1
C1CCC(CC2CCC3C(CC4CCCCC4)CC(C4CCCCC4)C3C2)CC1
C1CCC(CC2CCCCC2C2CC(CC3CCCC3)C3CCCCC32)CC1
C1CCC(CCC2CCC(C(CCC3CCCCC3)C3CCCCC3)CC2)CC1
C1CCC(C2CCC(C3CCCCC3)CC2)CC1
C1CCC(CCC2CCCC(C3CCCC(C4CCCCC4)C3)C2)CC1
C1CCC(CC2CCC(C3CCCCC3)CC2)CC1
C1CCC(CCC2CCCCC2C2CCCC(C3CCCCC3C3CCCC3)C2)CC1
C1CCC(C2CCCC(C3CCCCC3)C2)CC1
C1CCC(C2CCC(C3CCC(CC4CCC(CC5CCC(C6CCC6)CC5)CC4)CC3)CC2)CC1
C1CCC(CC2CCC(C3CCCC(CC4CCCC4)C3)CC2)C1
C1CCC(CC2CCC(CC3CCCCC3)CC2)CC1
C1CCC(C2CCCCC2CCC2CCC3C(CCC3C3CCCCC3)C2)CC1
C1CCC(CCC2CCC(C3CCCCC3)C2)CC1
C1CCC(CC2CCCC(C3CCCCC3)C2)CC1
C1CCC(CCCCC2CCCCC2CCC2CCC(CC3CCCC4CCCCC43)CC2)CC1
C1CCC(CCC2CCCC(C3CCCCC3C3CCCCC3)C2)CC1
C1CCC(C2CCCC(CC3CCCC(C4CCC5CCCCC5C4)C3)C2)CC1
C1CCC(CC2CCC(C3CCC(C4CCC(C5CCCCC5)CC4)CC3)C2)CC1
C1CCC(CC2CCC(C3CCCC(C4CC(C5CCCCC5)C5CCCCC45)C3)CC2)CC1
C1CCC(CCCCC2CCC(CC3CCC(C4CCCCC4)CC3)CC2)CC1
C1CCC(CC2CCC(C3CCCCC3)C(C(C3CCCCC3)C3CC3)C2)CC1
C1CCC(C2CCC(C3CCC(C4CCCCC4)CC3)CC2)CC1
C1CCC(CCCC2CCCC(C3CCCCC3)C2)CC1
C1CCC(CC2CCC(C3CCCCC3)CC2)CC1
C1CCC(CC2CCC(CCC(C3CCCCC3)C3CCCCC3)C(C3CCCCC3)C2)CC1
C1CC(CCC2CC2)CC(CCC2CCCCC2C2CCC(C3CCCC3)CC2)C1
C1CCC(C2CCC(CC3CCC(CC4CCC(C5CCCC5)CC4)CC3)CC2)CC1
C1CCC(CC2CCC(C3CCCCC3)CC2)CC1
C1CCC(CC2CCCCC2C2CCC3C(CCCC3C3CCCCC3)C2)CC1
C1CCC(C2CCC(C3CCC(C4CCC4)CC3)CC2)CC1
C1CCC(C2CCCCC2)CC1
C1CCC(C2CCC(C3CCCCC3C3CC4CCCCC4C3)CC2)CC1
C1CCC(C2CCC(CCCC3CCCC(C4CCCCC4)C3)CC2)CC1
C1CCC(CC2CCC(C3CCCCC3)CC2)CC1
C1CCC(CC2CC3CCC(C4CCCCC4)CC3C(C3CCCCC3)C2)CC1
C1CCC(CC2CCCCC2C2CCC(CC3CC4CCCCC4C3)CC2)CC1
C1CCC(CC2CCCC(C3CCCCC3)C2)CC1
C1CCC(CC2CCC(C3CCCCC3)C(C3CCCCC3)C2)CC1
C1CCC(CCC2CCC(CCC3CCC(C4CCCCC4C4CCCCC4)CC3)CC2)CC1
C1CCC(C2CCC(C3CCC(C4CCCC(C5CCCCC5)C4)CC3)CC2)CC1
C1CCC(CCC2CCC(CC3CCC(CCC4CCCCC4C4CC4)CC3)CC2)CC1
C1CCC(CCCCCC2CCC(CC3CCCC(C4CCC5CCCCC54)C3)CC2)CC1
C1CCC(C2CCC(CCCC3CCC(CCCC4CC5CCCCC5C4)CC3)CC2)CC1
C1CCC(CCCC2CCC(CCCC3CCCCC3C3CCCCC3)CC2)CC1
C1CCC(CCC2CCC(CC3CCCCC3)CC2)CC1
C1CCC(CCCCC2CCCCC2CC2CC3CCCCC3C2)CC1
C1CCC(C2CC(C3CCCCC3)C(C3CCC4CCCCC4C3)C3CCCCC23)CC1
C1CCC(CC2CC3CCC(CC4CCCCC4)CC3C(C3CCCCC3)C2)CC1
C1CCC(C2CCC(C3CCCCC3)CC2)CC1
C1CCC(CC2CCC(CC3CCC(CC4CCC(C5CCC(CC6CCCCC6)CC5)CC4)C3)CC2)CC1
C1CCC2CC(C3CCC(CCC4CCC5CCCCC54)CC3)CCC2C1
C1CCC(CC2CCCCC2C2CCCCC2C2CCC(C3CCCCC3)CC2)CC1
C1CCC(C2CCC(C3CCC(CC4CC5CCCCC5C4)C3)C(C3CCCCC3)C2)CC1
C1CCC(CC2CCCC(C3CCCC(C4CCCCC4)C3)C2)CC1
C1CCC(CCC2CC(CC3CCCCC3)CCC2CC2CCCCC2)CC1
C1CCC(C2CCCCC2CCCCC2CCC(CCC3CCC(C4CC5CCCCC5C4)CC3)CC2)CC1
C1CCC(C2CCCC(C3CCCC(CC4CC5CCCCC5C4)C3)C2)CC1
C1CCC(CC2CCC(C3CCC(C4CCC(C5CCCC5)CC4C4CCCC4)CC3)CC2)CC1
C1CC2CCC(CCC3CCCC(C4CC(CC5CC5)C5CCCCC54)C3)CC2C1
C1CCC(CC2CCC(CC3CCC4CCCC4C3)CC2)CC1
C1CCC(CC2CCCCC2)CC1
C1CCC(CC2CCC3CC(C4CCCC(C5CCCCC5)C4)CCC23)CC1
C1CCC(CC2CCCCC2C2CCCCC2)CC1
C1CCC(C2CCCC(CCC3CCCC(C4CCC(CC5CCCCC5C5CCCC5)CC4)C3)C2)C1
C1CCC(CCC2CCC(CCC3CCCCC3)CC2)CC1
C1CCC(CC2CCCCC2CC2CCCCC2)CC1
C1CCC(C2CCCC(CC3CCC(CC4CCC(C5CCCCC5C5CCCCC5)CC4)CC3)C2)CC1
C1CCC(C2CCC(C3CCCC(C4CCCC4)C3)CC2)CC1
C1CCC(CCCC2CCCCC2CC2CCCCC2)CC1
C1CCC(CCCC2CCC(CC3CCC(CCC4CCCCC4)CC3)CC2)CC1
C1CCC(CCCCC2CCC(CC3CCCCC3)CC2)CC1
C1CCC(CC2CCC(CC3CCCCC3C3CCCC3)CC2)CC1
C1CCC(CCC2CCCC(C3CCCCC3)C2)CC1
C1CCC(CC2CCC(CCCC3CCC(C4CCCCC4)CC3)CC2)CC1
C1CCC(C(C2CCCCC2)C2CCCC(C3CCCC(C4CC4)C3)C2)CC1
C1CCC(CCCC2CCCCC2C2CCC(C3CCCCC3)CC2)CC1
C1CCC(C2CCCCC2C2CCCC(C3CC4CCCCC4C3)C2)CC1
C1CCC(CC2CCCCC2)CC1
C1CCC(CC2CCC(CC3CCC(C4CCCC(CC5CCC5)C4)CC3)CC2)CC1
C1CCC(CCC2CCC(CC3CCC(C4CCCC4)CC3)CC2)CC1
C1CCC(CC2CCC(CC3CCCCC3)CC2)CC1
C1CCC(CCC2CCC(CC3CCCCC3)CC2)CC1
C1CCC(CC2CCC(CC3CCC(CCC4CCCCC4C4CCCC4)CC3)CC2)CC1
C1CCC(CC2CCC(C3CCC3)C(CC3CCCCC3C3CCCCC3)C2)CC1
C1CCC(CCCC2CCC(CC3CCCCC3)CC2)CC1
C1CCC(CC2CC(C3CCCC(C4CCCC4)C3)C3CCCCC23)CC1
C1CCC(CC2CCC(CCC3CCCC(CC4CCCCC4)C3)CC2)CC1
C1CCC(CCCCCC2CC(CCCC3CCC4CCCCC4C3)C3CCCCC23)CC1
C1CCC(C2CCCCC2CCC2CCC3CCCCC3C2)CC1
C1CCC(CC2CCC(C3CCC4CCC(C5CCCCC5)CC4C3)CC2)CC1
C1CCC(CC2CCCC(C3CCCCC3CC3CCC(C4CC5CCCCC5C4)CC3)C2)CC1
C1CCC(CC2CCC(C3CCC(C4CCC5CCCCC5C4)CC3)CC2)CC1
C1CCC(CCCCCC2CCC(CCCC3CCCCC3)CC2)CC1
C1CCC(CCCCC2CCC(C3CCCCC3)CC2)CC1
C1CCC(C2CCC(C3CCC4CCCCC4C3)CC2)CC1
C1CCC(C2CCC(C3CCCC(C4CCCCC4)C3)CC2)CC1
C1CCC(CC2CCC(C3CCCCC3C3CCCCC3)CC2)CC1
C1CCC(CC2CC3CCC(CC4CCCCC4)CC3C(C3CCCCC3)C2)CC1
C1CCC(CC2CCC(C3CCCCC3)CC2)CC1
C1CCC(CC2CCC(CC3CCCC(CC4CCCCC4)C3)CC2)CC1
C1CCC(C2CCC(C3CCC(C4CCCCC4)CC3C3CCCC3)CC2)CC1
C1CCC(C2CCCC(C3CCCC(C4CCCCC4C4CCCCC4)C3)C2)CC1
C1CCC2CC(C3CCCC(C4CC5CCCCC5C4)C3)CCC2C1
C1CCC(C2CCC3CC(C4CCCC(C5CC5)C4)CCC32)CC1
C1CCC(CC2CCC(CC3CCC(C4CCCCC4)CC3)CC2)CC1
C1CCC(CC2CCC(C3CCCCC3)CC2)CC1
C1CCC(CC2CCCC(CC3CCCCC3C3CCCCC3)C2)CC1
C1CCC(CC2CCC(CC3CCCCC3)CC2)CC1
C1CCC(CCC2CCC(C3CCCCC3)CC2)CC1
C1CCC(CCC2CC(C3CCCC(CC4CCCCC4)C3)C3CCCCC23)CC1
C1CCC(CC2CC(C3CCCCC3)CC3CCC(C4CCCCC4)CC32)CC1
C1CCC(CCC2CCC(CCC3CCC(C4CCCCC4)CC3)CC2)CC1
C1CCC(CC2CCC(CCCC3CCCCC3C3CCCCC3)CC2)CC1
C1CCC(CCCC2CCC(C3CCCCC3)CC2)CC1
C1CCC(CC2CC3CCC(C4CCCCC4)CC3C(C3CCCCC3)C2)CC1
C1CCC(CC2CCC(C3CCC(C4CCCC(C5CCCCC5)C4)CC3)CC2)CC1
C1CCC(CC2CCC(C3CCCCC3)CC2)CC1
C1CCC(CC2CCC(CC3CCC(C4CCC(C5CCC6CCCCC6C5)C4)CC3)CC2)CC1
C(CCCC1CC2CCCCC2C1)CCC1CCCCC1
C1CCC(CCCCCC2CCC(CC3CCCCC3)CC2C2CCCCC2)CC1
C1CCC(CC2CC(C3CCCCC3)CC(C3CCCC(CC4CC4)C3)C2)CC1
C1CCC(C2CCCCC2CC2CCC(CC3CC3)CC2)CC1
C1CCC(CC2CCCC(C3CCC4CCCCC43)C2)CC1
C1CCC(CC2CCC(C3CCCCC3)CC2)CC1
C1CCC(CCC2CCCC(C3CCC4C(CC5CCCCC5)CC(C5CCCC5)C4C3)C2)CC1
C1CCC(C2CCCC(C3CCCCC3)C2)CC1
C1CCC(C2CCC(C3CCCCC3)C(C3CCCC3)C2)CC1
C1CCC(CCC2CC(C3CCCCC3)CC(C3CCCCC3)C2CC2CCC2)CC1
C1CCC(CC2CC(CC3CCCCC3)CC(C3CCCCC3)C2)CC1
C1CCC(CCC2CC(C3CCCCC3C3CCCCC3)C3CCCCC23)CC1
C1CCC(CCC2CCC(CC3CCC(C4CCCCC4)CC3)CC2)CC1
C1CCC(C2CCC3CCC(C4CCCCC4C4CCCC4)CC3C2)CC1
C1CCC(CC2CCC(C3CCCCC3C3CCCCC3)CC2)CC1
C1CC(CCC2CC2)CC(CC2CC(C3CCC4CCCCC4C3)C3CCCCC23)C1
C1CCC(CCCC2CCCCC2C2CCC(CC3CC4CCCCC4C3)CC2)CC1
C1CCC(CC2CCC3CCC(C4CCCCC4)CC3C2)CC1
C1CCCCC1
C1CCC(CCC2CCC(C3CCCCC3)CC2)CC1
C1CCC(CC2CCC(C3CCCC(CC4CC5CCCCC5C4)C3)CC2)CC1
C1CCC(CC2CCC(C3CCCCC3C3CCCCC3)CC2)CC1
C1CCC(CC2CCCCC2C2CCCCC2C2CCC3CCCC3C2)CC1
C1CCC(CCC2CCC(CC3CCC(C4CCCCC4)CC3)CC2)CC1
C1CCC(CCC2CCC(C3CCCCC3C3CCC(CCC4CCCC4)CC3)CC2)CC1
C1CCC(CCC2CCCC(C3CCC(C4CCCCC4)CC3CC3CCCC3)C2)CC1
C1CCC(CCC2CCC(C3CCCCC3)CC2)CC1
C1CCC(CCCCC2CCCC(C3CCCCC3C3CCCCC3C3CCCC3)C2)CC1
C1CCC(CC2CCC(CC3CCCCC3C3CCCCC3)CC2)CC1
C1CCC(C2CCCCC2C2CCCCC2)CC1
C1CCC(CCCC2CCCC(C3CCCCC3)C2)CC1
C1CCC(CC2CCCC(CCCC3CCC(C4CCCCC4)C3)C2)CC1
C1CCC(CC2CCCCC2C2CCC3CCCC3C2)CC1
C1CCC(C2CCCC(CCCC3CCCC(C4CCCCC4)C3)C2)CC1
C1CCC2CC(CC3CCCCC3CC3CCCCC3C3CCCC3)CC2C1
C1CCC(CC2CCC(CC3CCC(C4CCCCC4)CC3)CC2)CC1
C1CCC(CC2CCCC(CCC3CCCC3C3CCCCC3)C2)CC1
C1CCC(CCC2CC(CCC3CCCC(C4CCCC4)C3)CC(C3CCCCC3)C2)CC1
C1CCC(CCC2CCCCC2CC2CCC3CCCCC3C2)CC1
C1CCC(C2CCC(C(C3CCCC(C4CCCC4)C3)C3CCC(C4CC4)CC3C3CCCC3)C2)CC1
C1CCC(C2CCCCC2CCC2CCCCC2C2CCCCC2)CC1
C1CCC(C2CCCC(C3CCCCC3C3CCC4CCCC4C3)C2)CC1
C1CCC(CC2CCC(CC3CCC(C4CCCC(C5CCC5)C4)CC3)CC2)CC1
C1CCC(CC2CCC(C3CCCCC3)CC2)CC1
C1CCC2C(C1)CCCC2C1CCC(C2CCC3CCCCC32)CC1
C1CCC(CC2CCCC(C3CCCCC3)C2)CC1
C1CCC(CCC2CCCCC2C2CCC3CCC(CC4CCCCC4)CC3C2)CC1
C1CCC(C2CCC(CC3CCC4CCCC4C3)CC2)CC1
C1CCC(CC2CCCC(CC3CCCCC3CC3CCCCC3)C2)CC1
C1CCC(CC2CCCC(CC3CCCCC3CC3CC4CCCCC4C3)C2)CC1
C1CCC(CCC2CCC(C3CCCCC3)CC2C2CCCCC2)CC1
C1CCC(CCCCC2CCC(CC3CCC(CCC4CCCC4)CC3)CC2)CC1
C1CCC(C2CCC(CC3CCCC(C4CC4)C3)CC2)CC1
C1CCC(C2CCCCC2C2CCC(C3CCCC(CC4CCC5CCCC5C4)C3)C2)CC1
C1CCC(CCCC2CC3CCCCC3C(C3CCCCC3)C2)CC1
C1CCC(C2CCCC3CCCCC32)CC1
C1CCC(C2CC(C3CCCCC3C3CCCC3)CCC2CCC2CC3CCCCC3C2)CC1
C1CCC(CC2CCC(C3CCCC(CCC4CCCC4)C3)CC2)CC1
C1CCC(C2CCCCC2CCC2CCC(CCC3CCCCC3C3CCC(CC4CC4)CC3)CC2)CC1
C1CCC(CC2CCC(CC3CC3CC3CCCCC3)C(CC3CCCCC3)C2)CC1
C1CCC(CCCC2CCCC(C3CCC4CCCC(C5CCCCC5)C4C3)C2)CC1
C1CCC(CC2CCC(C3CCC(C4CCCCC4)CC3)CC2)CC1
C1CCC(CC2CCC(CC3CCC(CCC4CC4)CC3)CC2)CC1
C1CCC(C2CCCCC2C2CCCC(CC3CCC4CCCC4C3)C2)CC1
C1CCC(C2CCC(C3CCCCC3C3CCCCC3)CC2)CC1
C1CCC(CC2CCC(C3CCCC4CC(C5CCCCC5)CCC43)CC2)CC1
C1CCC(CCC2CCC(C3CCC(C4CCCCC4)CC3)CC2)CC1
C1CCC(CCC2CCC(CCCCC3CCC(C4CCCC(C5CCCC5)C4)CC3)CC2)CC1
C1CCC(CCC2CCC3C(CC4CCCC(C5CCCCC5)C4)CC(CC4CCCCC4)C3C2)CC1
C1CCC(CC2CCCC(CC3CCC(C4CCCCC4)C(C4CCCC4)C3)C2)CC1
C1CCC(C2CCCCC2C2CCCC2)CC1
C1CCC(CC2CCC(CC3CCCCC3)CC2)CC1
C1CCC(CC2CCCC(C3CCC(C4CC(CC5CCCCC5)C5CCCCC54)CC3)C2)CC1
C1CCC(C2CCC3C(CCC3C3CCC(C4CC4)CC3)C2)CC1
C1CCC(CC2CCC(C3CCCCC3C3CCC4CCCC4C3)CC2)C1
C1CCC(C2CCC(C3CC(C4CCCCC4)C4CCCCC34)CC2)CC1
C1CCC(CCC(CC2CCCCC2)C2CCC(C3CCC3)CC2)CC1
C1CCC(C2CC(C3CCC4CCCCC43)CC3CCC(CC4CCCC4)CC32)CC1
C1CCC(CCCCC2CC(CCC3CCCCC3CC3CCCCC3)C3CCCCC23)CC1
C1CCC(C2CCC(C3CCCCC3C3CCCC3)CC2)CC1
C1CCC2CC(C3CCCCC3CC3CCC(CC4CC5CCCCC5C4)CC3)CCC2C1
C1CCC(C2CCCC(CCC3CCCC(C4CCCC(C5CCCCC5)C4)C3)C2)CC1
C1CCC2C(C1)CCC2C1CCCC1
C1CCC(C2CCC(CCC3CCC(CC4CC4)CC3)CC2)CC1
C1CCC(CC2CCCC(CC3CC(CC4CCCCC4)CCC3C3CCCCC3)C2)CC1
C1CCC(CC2CCCC(C3CCC4CCCCC4C3)C2)CC1
C1CCC(CCC2CCCCC2CC2CCC(C3CCCCC3)CC2C2CCCC2)CC1
C1CCC(CC2CCCCC2)CC1
C1CCC(CC2CCCCC2CC2CCCCC2)CC1
C1CCC(C2CCCCC2C2CCCC(C3CCCC3)C2)CC1
C1CCC(CC2CCC(C3CC(CC4CCCCC4)C4CCCCC43)CC2)CC1
C1CCC(CC2CCCC(CC3CCCCC3C3CCC(C4CCCCC4)CC3)C2)CC1
C1CCC(CCCC2CCC(C3CCCCC3)CC2)CC1
C1CCC(CC2CC(C3CCC4CCCCC43)CC3CCCCC32)CC1
C1CCC(CCC2CCC(C3CCCCC3)CC2)CC1
C1CCC(C2CC(C3CCCC(C4CCC(CCC5CC5)CC4)C3)C3CCCCC23)CC1
C1CCC(CCCC2CCC(C3CCCCC3)CC2)CC1
C1CCC(CCCC2CCCC(CC3CCCCC3)C2)CC1
C1CCC(CC2CCC(CC3CCC4CCCC4C3)CC2)CC1
C1CCC(CC2CCC(CCC3CCCC(CC4CCCCC4)C3)CC2)CC1
C1CCC(CCC2CCCC(CC3CCC(C4CCCCC4)CC3)C2)CC1
C1CCC(C2CCC(CCCC3CCC(CC4CC5CCCCC5C4)CC3)CC2)CC1
C1CCC(C2CCC3CC(CCCC4CCC(C5CCCC5)CC4)CCC32)CC1
C1CCC(CC2CCCCC2CC2CCCC2CC2CCC(CC3CCCC3)CC2)CC1
C1CCC(CC2CCCC(CCC3CCCC(C4CCCCC4)C3)C2)CC1
C1CCC(C2CC(C3CCCCC3)CC(C3CCC3)C2)CC1
C1CCC(C2CCC(C3CCCC(C4CCC5C(CC6CC6)CCC5C4)C3)CC2)CC1
C1CCC(CCCCCC2CCC(C3CCCCC3)CC2)CC1
C1CCC(CC2CCCC(CCC3CCCC(C4CCC(C5CCCCC5)CC4)C3)C2)CC1
C1CCC(C2CC(C3CCCCC3)CC(C3CCC3)C2)CC1
C1CCC(CCC2CCCC(C3CCCC(C4CCCCC4CC4CCCCC4)C3)C2)CC1
C1CCC(C2CCC(CC3CCCC3)C(CC3CC4CCCCC4C3)C2)CC1
C1CCC(CC2CC(C3CCCCC3)C3CCCCC23)CC1
C1CCC(C2CCCC(C3CCCC(CCC4CCC5CCCCC54)C3)C2)CC1
C1CCC(C2CCCC(C(CCC3CCCC(C4CCC4)C3)C3CCCCC3)C2)CC1
C1CCC(CC2CCCC(C3CCCCC3)C2)CC1
C1CCC(CCCC2CCCC(C3CCCCC3)C2)CC1
C1CCC(CC2CCCC(C3CCCCC3)C2)CC1
C1CCC(CCCCC2CCC(CCCCC3CCC(C4CCCC4)CC3)CC2)CC1
C1CCC(CC2CCCCC2CC2CCC(CC3CCCCC3C3CCCCC3)CC2)CC1
C1CCC(CCC(C2CCCCC2)C2CCCC(C3CCCCC3)C2)CC1
C1CCC(C2CCC(CC3CC4CCCCC4C3)CC2)CC1
C1CCC(C2CCCCC2C2CCCC(CC3CCC4CCCCC43)C2)CC1
C1CCC(CC2CCC(CC3CCCC(CC4CCCCC4)C3)CC2)CC1
C1CCC(CC2CCC(C3CCCC3)CC2)CC1
C1CCC(CCCC2CCC(CC3CCC(CCC4CCCCC4)CC3)CC2)CC1
C1CCC(C2CC(C3CCC4CCCCC43)CC3CCC(C4CCC5CCCC5C4)CC32)CC1
C1CCC(CCCCC2CCC(CC3CCC(C4CCCCC4)CC3)CC2)CC1
C1CCC(C2CCCCC2C2CCCCC2C2CCCC2)CC1
C1CCC(C2CCC3C(CCC4CCCC(CC5CCCC(C6CCCC6)C5)C4)CCC3C2)CC1
C1CCC(CC2CCCC(C3CCCCC3)C2)CC1
C1CCC(CC2CCC(C3CCCCC3)CC2)CC1
C1CCC(CC2CCC(CC3CCCCC3)C(C3CC(C4CCCCC4)CC(C4CC4)C3)C2)CC1
C1CCC(CCCC2CCCC(C3CCCC3CC3CCCCC3CC3CCCCC3)C2)CC1
C1CCC(C2CCCC(C3CCC3)C2)CC1
C1CCC(C2CCCCC2CC2CC3CCCCC3C2)CC1
C1CCC(CC2CCCC(C3CCC(C4CCCC4)CC3)C2)CC1
C1CCC(CC2CCC(C3CCCCC3)CC2C2CCCCC2)CC1
C1CCC(CC2CCCC(C3CC(C4CCCCC4C4CCCCC4)CCC3C3CC3)C2)CC1
C1CCC(CC2CC(C3CCCCC3)C(CCCCCC3CCCC3)C(C3CC3)C2)CC1
C1CCC(CC2CCC(CC3CCC(C4CCCC4)CC3)CC2)CC1
C(CCCC1CCCCC1C1CCC(CC2CCCCC2)CC1)CCC1CCCCC1
C1CCC(C2CCC(CCCC3CCC(CC4CCCC5CCCCC54)CC3)C2)CC1
C1CCC(CCCC2CCC(CC3CCC(C4CCCCC4)CC3)CC2)CC1
C1CCC(C2CCC3C(CCC3CC3CCCCC3C3CCC4CCCC4C3)C2)C1
C1CCC(CC2CCC(C3CCCC4CC(C5CCCCC5C5CCCC5)CCC43)CC2)CC1
C1CCC(CCC2CCCC(CC3CCCCC3)C2)CC1
C1CCC(C2CCCC(CC3CC4CCCCC4C(C4CCCCC4)C3)C2)CC1
C1CCC(CC2CCC(C3CCC4CCCCC43)CC2)CC1
C1CCC(CCCCC2CCCC(CCC3CCC(CCC4CCCCC4)CC3)C2)CC1
C1CCC(C2CCCC3CC(CCC4CCC(C5CCCC5)CC4)CCC32)CC1
C1CCC(CC2CCCCC2C2CCC3CCCCC3C2)CC1
C1CCC(CC2CCC(C3CCC(C4CC4)C3C3CCCC(C4CCCCC4)C3)CC2)CC1
C1CCC(CC2CCC(CCCCC3CCC4CCCC4C3)CC2)CC1
C1CCC(C2CCCC(CCCC3CCCC(C4CCCC(C5CCCCC5)C4)C3)C2)CC1
C1CC2CCC(C3CCCCC3C3CCCC3)CC2C1
C(CCC1CCC(C2CCCCC2)CC1)CCC1CCC(C2CCCCC2)C1
C1CCC(CC2CCCCC2CC2CCCCC2)CC1
C1CCC(C2CCCC(C3CCCCC3C3CCCC3)C2)CC1
C1CCC(CC2CCC(CC3CCCCC3CC3CCCCC3)CC2)CC1
C1CCC(CC2CCC(C3CCCCC3)CC2)CC1
C1CCC(C2CCCCC2C2CCCCC2C2CCCCC2C2CCCCC2)CC1
C1CCC(CC2CCC(C3CCC4CCCCC43)CC2)CC1
C1CCC(C2CCC(C3CCCCC3C3CCCCC3)CC2)CC1
C1CCC(CC2CCC(C3CCCCC3)CC2)CC1
C1CCC(C2CCC(CCCC3CCCC(C4CCCC(C5CCCCC5)C4)C3)CC2)CC1
C1CCC(C2CCC(CCC3CC4CCCCC4C3)CC2)CC1
C1CCC(CC2CCC(C3CCC(C4CC4)CC3C3CCCC3)CC2)CC1
C1CCC(C2CCC(CC3CCC(C4CCCCC4)CC3)CC2)CC1
C1CCC(CCC2CC(C3CCCCC3)CCC2C2CCCCC2)CC1
C1CCC(CC2CCCCC2C2CCC3C(CCCC3C3CCCCC3)C2)CC1
C1CCC(C2CCCC(C3CCCCC3C3CCCCC3)C2)CC1
C1CCC(CC2CCCC(CC3CCCCC3)C2)CC1
C1CCC(CC2CCC(CC3CCC(CC4CCC(C5CCCC5)CC4)CC3)CC2)CC1
C1CCC(CC2CCCC(C3CCCCC3)C2)CC1
C1CCC(C2CCC(CC3CCC(C(C4CCCCC4)C4CCCCC4)CC3)CC2)CC1
C1CCC(CCC2CCC3CC(C4CCCCC4)CCC3C2)CC1
C1CCC(CC2CCCCC2C2CCCC(C3CCCCC3)C2)CC1
C1CCC(CC2CCCC(CC3CCC4CCCCC43)C2)CC1
C1CCC(CC2CCCCC2C2CCC(CC3CCCC(C4CCCCC4)C3)CC2)CC1
C1CCC(CCCC2CCC(C3CC(CC4CC4)CCC3C3CCCCC3)CC2)CC1
C1CCC(CC2CCCC(CCC3CCCC(CC4CCCCC4)C3)C2)CC1
C1CCC(C2CCC(C3CCCC(CC4CC5CCCCC5C4)C3)C2)CC1
C1CCC(C2CCC(C3CCCCC3)C(C3CCCC3)C2)CC1
C(CCCC1CC2CCCCC2C1)CCC1CCC(CC2CCCC(C3CCCCC3)C2)CC1
C1CCC(CCC2CC(CC3CCCCC3)CCC2C2CCCCC2)CC1
C1CCC(C2CCCC(CCC3CCC(C4CCCC4)CC3)C2)CC1
C1CCC(C2CCCC(CC3CCC(C4CCCC(C5CCCCC5)C4)CC3)C2)CC1
C1CCC(CC2CCC(C3CCCCC3)CC2)CC1
C1CCC(CCC2CCCC(C3CCC(C4CCCCC4)CC3)C2)CC1
C1CCC(CCCC2CCCC(C3CCCC(C4CCCCC4)C3)C2)CC1
C1CCC(CCC2CCCCC2CC2CCCC(C3CCCCC3)C2)CC1
C1CCC(C2CCC(CC3CCC(CC4CCCC4)CC3)CC2)CC1
C1CCC(CC2CCCC(C3CCCC(CC4CCC(C5CCCC5)CC4)C3)C2)CC1
C1CCC(CC2CCC(C3CCCCC3)C(CC3CCCCC3)C2)CC1
C1CCC(CC2CCCC2C2CCC(C3CCCCC3)C(C3CCCC3)C2)CC1
C1CCC(CCC2CCCC(C3CCCC(C4CCCCC4)C3)C2)CC1
C1CCC(CCC2CCC(CCC3CCC(CC4CCCCC4CC4CCCCC4)CC3)CC2)CC1
C1CCC(CCC2CCC(CC3CCC(CCC4CCC(C5CCCC5)CC4)CC3)CC2)CC1
C1CCC(C2CC(C3CCCCC3)CC(C3CCCC3)C2)CC1
C1CCC(C2CCCC(C3CCC4CCCCC43)C2)CC1
C1CCC(CCCC2CCCC(C3CCCC(C4CCC4)C3)C2)CC1
C1CCC(CC2CCCC(C3CC(CC4CCCCC4)C4CCCCC43)C2)CC1
C1CCC(C2CCC(CCCC3CCCC(C4CCCCC4)C3)CC2)CC1
C1CCC(CC2CCC(C3CCCC(C4CCCC(C5CCCC5)C4)C3)CC2)CC1
C1CCC(C2CCC(CC3CC4CCCCC4C3)CC2)CC1
C1CCC(C2CCCC(C3CCCCC3)C2)CC1
C1CCC(CCCC2CC(C3CCCC3)CC(C3CCCC(CC4CCCCC4)C3)C2)CC1
C1CCC(C2CCCC(C3CCC(C4CCCC(C5CCC6CCCC6C5)C4)CC3)C2)CC1
C1CCC(CCCC2CCCCC2)CC1
C1CCC(CC2CCCCC2C2CCCCC2C2CCCCC2)CC1
C1CCC(C2CCC(C3CCC(C4CCCCC4)CC3)CC2)CC1
C1CCC(C2CCCCC2CC2CCCC2)CC1
C1CCC(CC2CCC(CC3CCCCC3CC3CCC3)CC2)CC1
C1CCC(CC2CCC(CC3CCC(C4CCC4)C(C4CCCCC4)C3)CC2)CC1
C1CCC(CCC2CCCC(CC3CCCCC3)C2)CC1
C1CCC(CCC2CCC(C(CC3CCCCC3)C3CCCCC3)CC2)CC1
C1CCC(CC2CCCCC2CC2CCC3CCCC3C2)CC1
C1CCC(CCC2CCC3C(CC4CCCCC4)CC(CC4CCCCC4)C3C2)CC1
C1CCC(CCC2CCCCC2C2CCCCC2)CC1
C1CCC(CC2CCCCC2CC2CCC(CC3CCC(C4CCCC4)CC3)CC2)CC1
C1CCC(CC2CCCCC2CCC2CCCC(C3CCC4CCCCC4C3)C2)C1
C1CCC(C2CCCC(CC3CCCC3)C2)CC1
C1CCC(C2CCCC(CC3CCCC(CCC4CC5CCCCC5C4)C3)C2)CC1
C1CCC(CC2CCC(C3CCCCC3C3CCCCC3)C(C3CCCCC3)C2)CC1
C1CCC(CCC2CCCC(C3CCCCC3)C2)CC1
C1CCC(CC2CC(C3CCCC(C4CCCCC4)C3)C3CCCCC23)CC1
C1CCC(CCC2CCCC(CCC3CCCCC3)C2)CC1
C1CCC(C2CCCC(C3CCCCC3)C2)CC1
C1CCC(CCC2CCC(C3CCCC(CCC4CCCCC4)C3)CC2)CC1
C1CCC(C2CCC(CCC(C3CCCCC3)C3CCCCC3)CC2)CC1
C1CCC(C2CCCC(C3CCCC(C4CCCCC4)C3)C2)CC1
C1CCC(CC2CCC(CCCC3CCCC(C4CC(C5CCCCC5)CC(C5CCCC5)C4)C3)CC2)CC1
C1CCC(CCCC2CCC(C3CCCC(CC4CCCCC4)C3)CC2)CC1
C1CCC(C2CCC(CC3CCCC3)CC2)CC1
C1CCC(CCC2CCC3CC(CC4CCCCC4)CC(C4CCCCC4)C3C2)CC1
C1CCC(C2CCCC(C3CCCCC3)C2)CC1
C1CCC(CCC2CCCC(C3CCCC(C4CCCCC4)C3)C2C2CCCC2)CC1
C1CCC(CC2CCC(CC3CCCC(CC4CCCCC4)C3)CC2)CC1
C1CCC(C2CCC3CCCC(C4CCCCC4)C3C2)CC1
C1CCC(CCC2CC(C3CCCCC3)C3CCCCC23)CC1
C1CCC(CC2CCC(CCCC3CCC(C4CCCCC4)CC3)CC2)CC1
C1CCC(C2CCC(CC3CCCC3)CC2C2CCCCC2)CC1
C1CCC(CCCC2CCCC(C3CCCCC3)C2)CC1
C1CCC(CC2CCC(CCC3CCC(CCCC4CCC5CCCCC54)CC3)CC2)CC1
C1CCC(CC2C(C3CCCCC3)CC(C3CCCCC3)CC2C2CCCC(C3CCCC3)C2)CC1
C1CCC(C2CCC(C3CCCCC3)CC2)CC1
C1CCC(CC2CCCC(C3CCC(CC4CCCCC4)CC3C3CCCCC3)C2)CC1
C1CCC(CC2CCC(C3CCCCC3CC3CCCCC3)C(C3CCCC3)C2)CC1
C1CCC(CC2CCC(C3CCCCC3)CC2)CC1
C1CCC(C2CCC(CC3CCCC(C4CCC4)C3)CC2)C1
C1CCC(CCCC2CCC(CC3CCCCC3)CC2)CC1
C1CCC(C2CCC(C3C(C4CCCCC4)CCCC3C3CCCC3)CC2)CC1
C1CCC(C2CCC(C3CCC4CCCCC43)CC2)CC1
C1CCC(C2CCC3CCCCC3C2)CC1
C1CCC(CCC2CCC(C3CCCC(CCC4CCCCC4)C3)CC2)CC1
C1CCC(CC2CCCC(C3CCCCC3)C2)CC1
C1CCC(C2CCCCC2)CC1
C1CCC(CC2CCCC(C3CCCC(C4CCCCC4)C3)C2)CC1
C1CCC(CC2CCCCC2C2CCC3CCCCC32)CC1
C1CCC(CC2CCC(C3CCCC(C4CCCCC4)C3)CC2)CC1
C1CCC(CCC2CCC(CCCC3CCC4CCCCC4C3)CC2)CC1
C1CCC(C2CCC3CC(C4CCCCC4)CCC3C2)CC1
C1CCC(CC2CCCC(CC3CCCCC3CC3CCCCC3)C2)CC1
C1CCC(C2CCCC(CC3CCCC3C3CCCCC3)C2)CC1
C1CCC(CC2CCCC(C3CCCCC3C3CCCCC3)C2)CC1
C1CCC(CC2CCCCC2C2CCC3C(CCCC3C3CCCCC3)C2)CC1
C1CCC(CC2CCC(C3CC(CC4CCCCC4)C4CCCCC43)CC2)CC1
C1CCC(CC2CC(C3CCCCC3)C3CCCCC23)CC1
C1CCC(C2CCCCC2C2CCCC(CC3CCCC3)C2)CC1
C1CCC(C2CCC(C3CCCC(C4CC4)C3)CC2)CC1
C1CCC(C2CCC(C3CCCCC3C3CCCCC3)C3CCCC23)CC1
C1CCC(C2CCCC(CC3CC3)C2)C(CC2CCC(CC3CC3)CC2)C1
C1CCC(C2CCC(CC3CCCCC3C3CCCCC3)CC2)CC1
C1CCC(CC2CCC(CC3CCC(CC4CCCC(C5CCCCC5)C4)CC3)CC2)CC1
C1CCC(CC2CCC(CC3CCCCC3)CC2)CC1
C1CCC(CC2CCC(C3CCCCC3)CC2)CC1
C1CCC(CC2CCCC2C2CCCCC2C2CCC(CCCC3CCC4CCCC4C3)CC2)CC1
C1CCC(CC2CCC(CC3CCCC(C4CCCCC4)C3)CC2)CC1
C1CCC(C2CCCC(C3CCCC(C4CCCC(C5CCC5)C4)C3)C2)CC1
C1CCC(C2CCCCC2C2CCC3CCCCC32)CC1
C1CCC(CC2CCC(CCCC3CCCC(C4CCCCC4)C3)CC2)CC1
C1CCC(C2CCCC(C3CCCCC3C3CCCCC3)C2)CC1
C1CCC(CC2CCC(CCC3CCCC(C4CCCCC4)C3)CC2)CC1
C1CCC(CC2CCCCC2CC2CCCCC2C2CCCCC2C2CCC(C3CCCC3)CC2)CC1
C1CCC(CCC2CCC(C3CCC4CCCCC4C3)C(C3CCC4CCCC4C3)C2)CC1
C1CC(CC2CC2)CC(CC2CCCC(C3CCCC(CC4CCC5CCCCC54)C3)C2)C1
C1CCC(CC2CCC(CC3CCCCC3)CC2)CC1
C1CCC(CC2CCCCC2C2CCC(C3CCCC3)CC2)CC1
C1CCC(CC2CCCCC2C2CCC3CCCCC3C2)CC1
C1CCC(CCCC2CCCC(CCC3CCCCC3)C2)CC1
C1CCC(CC2CCCC(C3CCCC(CC4CCCCC4)C3)C2)CC1
C1CCC(C2CCC(CC3CCC4CCCCC43)CC2)CC1
C1CCC(C2CC(CC3CCC4CCCC4C3)CC(C3CCCC3)C2)CC1
C1CCC(CC2CCCCC2CC2CCC(C3CCCC(C4CCCCC4)C3)CC2)CC1
C1CCC(CC2CC(C3CCCCC3)C(C3CCCCC3)C(C3CCCC3)C2)CC1
C1CC(CCCC2CCCC(C3CCCC(CCC4CCCC4)C3)C2)C1
C1CCC(CC2CCC(C3CCCCC3)C(CC3CCCCC3)C2)CC1
C1CCC(C2CCC(C3CCCCC3)CC2)CC1
C1CCC(C2CCCC(CC3CCC(CC4CCC(CC5CCCC5)CC4)CC3)C2)CC1
C1CCC(CC2CCCC(CC3CCC(CCC4CCCCC4C4CCCCC4)CC3)C2)CC1
C1CCC(C2CCC(C3CCCC(CCCC4CCCC(C5CCCC5)C4)C3)CC2)CC1
C1CCC(CC2CCCC(C3CCC(C4CCCCC4)CC3)C2)CC1
C1CCC(CC2CCCCC2C2CCC(C3CCCCC3)CC2)CC1
C1CCC(C2CCCC(C3CCCC(CC4CCC(CC5CC6CCCCC6C5)CC4)C3)C2)CC1
C1CCC(CC2CC(C3CCCCC3)CC(CC3CC3)C2C2CCCCC2)CC1
C1CCC(CC2CCC(C3CCCCC3CC3CCC(C4CCCCC4)CC3)CC2)CC1
C1CCC(C2CCCC(C3CCCCC3C3CCCCC3)C2)CC1
C1CCC(CC2CCC(C3CCCCC3)CC2)CC1
C1CCC(C2CCC(C3CCCCC3)CC2)CC1
C1CCC(CC2CCC(C3CCCC3)CC2CCCCCC2CC3CCCCC3C2)CC1
C1CCC(C2CCC(CC3CCC(CCCC4CCCC4)CC3)CC2)CC1
C1CCC(C2CCCCC2)CC1
C1CCC(C2CCCC(C3CCCC(C4CCCC5CC(C6CCCCC6)CCC54)C3)C2)CC1
C1CCC(CCC2CCC(CC3CCCCC3)CC2)CC1
C1CCC(C2CCCC(C3CCC4CCCCC4C3)C2)CC1
C1CCC(C2CC(C3CCCCC3)CC(C3CC3)C2)CC1
C1CCC(CC2CCC(CC3CCCC(C4CCCCC4)C3)CC2)CC1
C1CCC(CC2CCC(C3CCC(C4CCCCC4)C3)CC2)CC1
C1CCC(CCC2CCCC(C3CCC(C4CCCC4)CC3)C2)CC1
C1CCC(C2CCC(CC3CCCCC3C3CCCCC3)CC2)CC1
C1CCC(CCCC2CCC(CC3CCCCC3)CC2)CC1
C1CCC(CCCC2CCC(CC3CCCCC3)CC2)CC1
C1CCC(C2CCC(C3CCCC3)CC2)CC1
C1CCC(C2CCC(C3CCCCC3)C2CC2CCCCC2C2CCCC2)CC1
C1CCC(C2CCC(C3CCCCC3C3CCCCC3C3CCCC3)CC2)CC1
C1CCC2CC(C3CCCC(C4CC4)C3)CCC2C1
C1CCC(CC2CCC3CC(C4CCCCC4)CCC23)CC1
C1CCC(CCC2CCC(C3CC(C4CCCC(C5CCCCC5)C4)C3)CC2)CC1
C1CCC(C2CCCCC2CC2CCC(CCCC3CCCC(C4CCC5CCCC5C4)C3)CC2)CC1
C1CCC(CC2CCC(C3CCC(C4CCCCC4C4CCCC4)CC3)CC2)CC1
C1CCC(CC2CCC(CC3CCCCC3C3CCCCC3)CC2)CC1
C1CCC(CCC2CCC(C3CCCCC3)CC2C2CCCCC2)CC1
C1CCC(CC2CCCC(C3CCCC(C4CCCCC4)C3)C2)CC1
C1CCC(C2CCCC(C3CCC(C4CCC(C5CCCC5)CC4)CC3)C2)CC1
C1CCC(CC2CCCC(CCC3CCCC3)C2)CC1
C1CCC(CC2CCC(C3CCCCC3)CC2)CC1
C1CCC(CCC2CCC(C3CCCCC3C3CCCCC3)CC2)CC1
C1CCC(C2CCCC(CC3CCCC(C4CCCCC4C4CCCC(C5CCC(CC6CC6)CC5)C4)C3)C2)CC1
C(CC1CCC(C2CC3CCCCC3C2)CC1)CC1CC2CCCCC2C1
C1CCC(C2CCC(CCCC3CCC(CCC4CC4)CC3)CC2)CC1
C1CCC(C2CCC(C3CCCCC3)C(C3CCCCC3)C2)CC1
C1CCC(CC2CCC(C3CCCCC3)CC2)CC1
C1CCC(C2CCC(C3CCC(C4CCC5CCCCC5C4)C3C3CCCC3C3CCCC3)CC2)CC1
C1CCC(CC2CCC(C3CCCCC3C3CCCC3)C(CC3CCCC3)C2)CC1
C1CCC(CC2CCCCC2CC2CCCC(CC3CC4CCCCC4C3)C2)CC1
C1CCC(C2CCCC(CC3CCCC(CCC4CC5CCCCC5C4)C3)C2)CC1
C1CCC(CC2CCCC(C3CCC4C(C5CCCCC5)CC(C5CCCCC5)C4C3)C2)CC1
C1CCC(CC2CCCC(C3CCCCC3)C2)CC1
C1CCC(CC2CCCCC2C2CCCC(C3CCCCC3)C2)CC1
C1CCC(CCCC2CCCC(C3CCCCC3)C2)CC1
C1CCC(C2CCC(CCC3CCCC(C4CCCCC4)C3)CC2)CC1
C1CCC(C2CCC(C3CCCC(C4CC4)C3)CC2)CC1
C1CCC(C2CCC(CCCCC3CCCC3)CC2)CC1
C1CCC(CC(C2CCCC2)C2CC(C3CCCCC3)CC(C3CCCCC3)C2)CC1
C1CCC(C2CCCCC2C2CCCCC2)CC1
C1CCC(CC2CCC(CC3CCC(CC4CCCCC4)CC3)CC2)CC1
C1CCC(CCCC2CCC(CCC3CCC(C4CCCC(C5CCC5)C4)CC3)CC2)CC1
C1CCC(C2CCC(C3CCCCC3C3CCCC4CCCCC43)CC2)CC1
C1CCC(CC2CCC(C3CCCC(C4CCCCC4)C3)CC2)CC1
C1CCC(CC2CCC(CC3CCCCC3CC3CCCC(C4CCCCC4)C3)CC2)CC1
C1CCC(CCCC2CCCC(C3CCC(C4CCCCC4)CC3)C2)CC1
C1CCC(C2CCC(CCC3CC(C4CCCCC4)C4CCCCC34)CC2)CC1
C1CCC(CCC(CC2CCCCC2C2CCCC2)C2CCCCC2)CC1
C1CCC(CC2CCC(C3CCCCC3C3CCC4CCCC4C3)CC2)CC1
C1CCC(CCC2CCC(CC3CCC(C4CCCCC4C4CCCC4)CC3)CC2)CC1
C1CCC(CC2CCC(C3CCC(CC4CCCCC4C4CCCC4)CC3)CC2C2CCCC2)C1
C1CCC(C2CCC(C3CCCC(C4CCCCC4)C3)CC2)CC1
C1CCC(CCC2CCCCC2C2CCCCC2C2CCC2)CC1
C1CCC(CC2CCC(CCCC3CCC(C4CCCCC4)CC3)CC2)CC1
C1CCC(CC2CCC(CC3CCCC(C4CCCCC4)C3)CC2)CC1
C1CCC(CC2CCCCC2C2CCC(C3CCCCC3)CC2C2CCC3CCCCC32)CC1
C1CCC(CCC2CCCC(C3CCCCC3)C2)CC1
C1CCC(C2CCC(CC3CCCC(CC4CCCC(C5CC5)C4)C3)CC2)CC1
C1CCC(C2CCCC(CC3CCCCC3CC3CC3)C2)CC1
C1CCC(CCC2CCC(C3CCC4CCCC4C3)CC2)CC1
C1CCC(CC2CCC(CC3CCC(C4CCCCC4)CC3)CC2)CC1
C1CCC(CCC2CC(CC3CCCCC3)CCC2C2CCCCC2CCCCC2CCCC2)CC1
C1CCC(CCC2CCCCC2C2CCC(C3CCCCC3)CC2)CC1
C1CCC(CC2CCC(CC3CCCCC3)CC2)CC1
C1CCC(CC2CCCC(C3CCC(C4CCCC(CC5CC6CCCCC6C5)C4)CC3)C2)CC1
C1CCC(CC2CCCC(C3CCCCC3C3CCC(C4CCC4)CC3CC3CC3)C2)CC1
C1CCC(CC2CCCCC2C2CCCCC2)CC1
C1CCC(CCCCC2CCCC(CC3CCCCC3)C2)CC1
C1CCC(CC2CCCC(C3CCC(C4CCC5CCCCC5C4)CC3)C2)CC1
C1CCC(C2CCC(C3CCCCC3)CC2)CC1
C1CCC(CCC2CCCC(C3CCCCC3CC3CCC4CCCC4C3)C2)CC1
C1CCC(CC2CCC(C3CCCCC3)CC2)CC1
C1CCC(CCC2CCC(CC3CCCC(CC4CCCCC4)C3)CC2)CC1
C1CCC(CC2CCC(CC3CCCCC3)CC2)CC1
C1CCC(C2CCC3CC(C4CCC5CCCCC54)CC(C4CCCCC4C4CCCCC4)C3C2)CC1
C1CCC(C2CCC(CCC3CCCCC3C3CCCCC3)CC2)CC1
C1CCC(CCC2CCC(C3CCCCC3)CC2)CC1
C1CCC(CC2CC(C3CCC4CCCCC43)CC3CCCCC32)CC1
C1CCC(C2CCC(CCC3CC3)CC2C2CCCC2)CC1
C1CCC(C2CCC(CC3CCC(C4CCCCC4)C3)CC2)CC1
C1CCC(CCC2CC(C3CCCCC3)C3CC(C4CCCCC4)CCC23)CC1
C1CCC(CCC2CCC3C(CCC3C3CCCCC3)C2)CC1
C1CCC(C2CCC(C3CCCCC3)CC2)CC1
C1CCC(C2CCC(CC3CCC(C4CCC4)CC3)CC2)CC1
C1CCC(C2CCC(C3CCCCC3)CC2)CC1
C1CCC(CC2CCC(CC3CCC(CC4CCCC(C5CCCCC5)C4)CC3)CC2)CC1
C1CCC(C2CCCC(C3CCC(C4CCCCC4)C4CCCC34)C2)CC1
C1CC(CC2CC3CCCCC3C2)CC(C2CCC(CCC3CC3)CC2)C1
C(CCCC1CCC(C2CCCCC2)CC1)CCC1CCCCC1
C1CCC(CC2CCCCC2)CC1
C1CCC(C2CCC(CCC3CCCCC3C3CCCC3)CC2)CC1
C1CCC(CC2CCCCC2C2CCCC(CC3CC(CC4CCCC4)C4CCCCC34)C2)CC1
C1CCC(CC2CCCC(C3CCCC(C4CCC5CCC(C6CCCCC6)CC5C4)C3)C2)CC1
C1CCC(C2CCC(C3CC(C4CCCCC4)C4CCCCC34)CC2)CC1
C1CCC(CCCC2CCCCC2C2CC3CCCCC3C2)CC1
C1CCC(C2CCCC(C3CC3)C2)CC1
C1CCC(CCC2CC(C3CCCCC3)CC(C3CCCCC3)C2)CC1
C1CCC(CC2CCCCC2CC2CC3CCCCC3C2)CC1
C1CCC(CC2CCC(CCC3CCC(CC4CCCCC4)CC3)CC2)CC1
C1CCC(CC2CCC(C3CCCCC3)CC2)CC1
C1CCC(CCC2CCC(C3CCCCC3CC3CCCCC3)CC2)CC1
C1CCC(CCCC2CCCC(CCC3CCCCC3C3CCCCC3)C2)CC1
C1CCC(C2CCCCC2C2CCC3CCCC3C2)CC1
C1CCC(C2CCCCC2CCCC2CCC(CCCC3CCC3)CC2)CC1
C1CCC(CC2CCC(CC3CCCC(C4CCC4)C3)CC2)CC1
C1CCC(CCC2CCCC(C3CCCCC3)C2)CC1
C1CCC(CC2CCC(CC3CCCC3C3CCCC(C4CCCC(C5CCC5)C4)C3)CC2)CC1
C1CCC(CC2CCC(CC3CCCCC3)CC2)CC1
C1CCC(CCC2CCC(CC3CCCCC3)C(CCC3CCC(C4CCCC4)CC3)C2)CC1
C1CCC(C2CCCCC2C2CCCCC2)CC1
C1CCC(CCCCC2CCC(C3CCCCC3)CC2)CC1
C1CCC(C2CCCC(C3CCCC(CC4CCC(CC5CCCC5)CC4)C3)C2)CC1
C1CCC(C2CCCC(C3CCCC(C4CCCCC4)C3)C2)CC1
C1CCC(C2CC(C3CCCC(CC4CCCC4)C3)C(C3CCCCC3)C3CCCC23)CC1
C1CCC(CCCC2CCCC(C3CCCCC3)C2)CC1
C1CCC(CC2CCC(CC3CC3)CC2CC2CCCCC2)CC1
C1CCC(CCCC2CCC(CC3CCCCC3)CC2)CC1
C1CCC(CCC2CC(C3CCCCC3)CC(C3CCCCC3)C2)CC1
C1CCC(CC2CCCC(C(CCC3CCCC3)CC3CCCC3)C2)CC1
C1CCC(C2CCC(C3CCCCC3)C(C3CCC4CCCCC4C3)C2)CC1
C1CCC(CC2CCC(C3CCC(C4CCCCC4)CC3)CC2)CC1
C1CCC(CC2CCC(C3CCCC(CCCC4CC5CCCCC5C4)C3)CC2)CC1
C1CCC(CCCCC2CCC(CC3CCCC(C4CCCCC4)C3)CC2)CC1
C1CCC(CC2CC(CC3CCC(C4CCCCC4)CC3)C3CCCCC23)CC1
C1CCC(CCCC2CCC(C3CCCC(C4CCCCC4)C3)CC2)CC1
C1CCC(C2CCCC(C3CCCCC3)C2)CC1
C1CCC(CCC2CCCCC2C2CCC(C3CCCCC3)CC2C2CCCCC2)CC1
C1CCC(CCCC2CCC(C3CCCCC3)CC2)CC1
C1CCC(CC2CC3CCC(C4CC5CCCCC5C4)CC3C(C3CCCCC3)C2)CC1
C1CCC(C2CCC(C3CCCC3C3CC(C4CCCCC4)C4CCCCC43)CC2)CC1
C1CCC(C2CCC(CCC3CCC(CC4CCCC(CCC5CCCCC5C5CCCCC5)C4)CC3)CC2)CC1
C1CCC(C2CCCC(CCC3CCCC(C4CCCC(C5CCCCC5)C4)C3)C2)CC1
C1CCC(C2CCC(CCC3CCCCC3C3CCCC3)CC2)CC1
C1CCC(CC2CCCC(C3CCCC(CC4CCCC(C5CCCCC5)C4)C3)C2)CC1
C1CCC(C2CCC3CC(C4CCC5CCCCC54)CC(C4CCCCC4)C3C2)CC1
C1CCC(C2CC(C3CCCCC3)C(C3CCCCC3)C(C3CCC3)C2)CC1
C1CCC(C2CCC(C3CCCC4CCCCC43)CC2)C1
C1CCC(CCC2CCC(C3CC(CC4CCCCC4)C4CCCCC43)CC2)CC1
C1CCC(C2CC3CCCCC3C(C3CCCCC3)C2)CC1
C1CCC(CC2CCCCC2C2CCCC(CC3CCC(C4CCCC4)CC3)C2)CC1
C1CCC(C2CCCC(C3CCC(C4CCCC(C5CCCCC5)C4)CC3)C2)CC1
C1CCC(CC2CCC(C3CCCCC3)CC2)CC1
C1CCC(CCC2CCC(C3CC4CCCCC4C3)CC2)CC1
C1CCC(C2CCCC(CC3CCCC3)C2)CC1
C1CCC(C2CCCC(C3CCC(CC4CCC(CC5CCC5)CC4)CC3)C2)CC1
C1CCC(CC2CC(C3CCCCC3)C3CCCCC23)CC1
C1CCC(CC2CCCC(C3CCCCC3)C2)CC1
C1CCC(CC2CCCC(C3CC(C4CCCCC4)CC(C4CCC4)C3)C2)CC1
C1CCC(CC2CC(CC3CCC(CCCCC4CCC(C5CCCCC5)CC4)CC3)C3CCCCC23)CC1
C1CCC(CCC2CC(CC3CCCCC3)CCC2C2CCCC2)CC1
C1CCC(CCCC2CCC(C3CCC(CCC4CCCC(C5CCCCC5)C4)CC3)CC2)CC1
C1CCC(C2CCCC(CC3CCCCC3CCCC3CC3)C2)CC1
C1CCC(C2CCC(CCC3CCC(C4CCCCC4)CC3)CC2)CC1
C1CCC(C2CCCC(CC3CCCCC3C3CCCC3)C2)CC1
C1CCC(CC2CC(C3CCCCC3)C3CCC(CCC4CCCC4)CC23)CC1
C(CCC1CCC2CCCC2C1)CC1CCC(CC2CCC(C3CCCC3)CC2)CC1
C1CCC(C2CCC(CC3CCCC(C4CCC(C5CC5)CC4)C3)CC2)CC1
C1CCC(C2CCCC(CC3CCC(C4CCCCC4)CC3C3CCCC3)C2)CC1
C1CCC(CC(C2CCCCC2)C2CCCC(CC3CC3)C2)CC1
C1CCC(CCCC2CCCC(C3CCCC(CC4CCCCC4)C3)C2)CC1
C1CCC(C2CCCCC2C2CCCC(C3CCCCC3C3CC(C4CCCCC4)C4CCCCC43)C2)CC1
C1CCC(CCCCC2CCC(CC3CCCCC3)CC2)CC1
C1CCC(CC2CCC(C3CCCCC3)CC2)CC1
C1CCC(CC2CCCC(C3CCCCC3C3CCCCC3)C2)CC1
C1CCC(CC2CCC(C3CCCCC3)CC2)CC1
C1CCC(C2CCCC(C3CCCCC3C3CCCCC3)C2)CC1
C1CCC(CC2CCCC(C3CCC(CCC4CC5CCCCC5C4)C(C4CCCCC4)C3)C2)CC1
C1CCC(CC2CCCC(C3CCCCC3)C2)CC1
C1CCC(C2CCCC(C3CCC(C4CCCC(C5CCCC5)C4)CC3)C2)CC1
C1CCC(C2CCCCC2CC2CCC(CCC3CC3)CC2)CC1
C1CCC(CCCC2CCC(CC3CCCCC3)CC2)CC1
C1CCC(CCCC2CCC(CC3CCCCC3)CC2)CC1
C1CCC(C2CCCC(C3CCCCC3C3CCCCC3)C2)CC1
C1CCC(C2CCCC(C3CCCC(C4CCCCC4C4CCCCC4)C3)C2)CC1
C1CCC(C2CCCCC2C2CCC(C3CCCCC3CC3CC4CCCCC4C3)CC2)CC1
C1CCC(CC2CCCC(CC3CCC(CC4CCCCC4)C(C4CCC5CCCC5C4)C3)C2)CC1
C1CCC(C2CCC(C3CCC(C4CCC4)CC3C3CCCCC3)CC2)CC1
C1CCC(CCCC2CCCCC2C2CCC(CCCCC3CC3)CC2)CC1
C1CCC(C2CCCC(C3CCC4CC(C5CCCCC5CC5CC5)CCC43)C2)CC1
C1CCC(C2CCC3CC(C4CCC5CCCCC54)CC(C4CCCCC4)C3C2)CC1
C1CCC(CC2CCCC(C3CCCC(CC4CCCCC4)C3)C2)CC1
C1CCC(CCCC2CCCCC2C2CCC(CC3CCC(C4CCC4)CC3)CC2)CC1
C1CCC(CCCC2CCC(CCC3CCCCC3)CC2)CC1
C1CCC(C2CCC(C3CCC(CC4CCCC4)CC3)CC2)CC1
C1CCC(C2CCC(CCC3CCCC(CC4CCCC(C5CCCC5)C4)C3)CC2)CC1
C1CCC(C2CCC(CCCC3CCCC(C4CCCCC4)C3)CC2)CC1
C1CCC(CCC2CCCC(C3CCCCC3)C2)CC1
C1CCC(CC2CCC(C3CCCCC3)C(C3CCCCC3)C2)CC1
C1CCC(CC2CCC(CCC3CCC(C4CCCCC4)CC3)C(CC3CCCC(C4CCCCC4)C3)C2)CC1
C1CCC(C2CCC(C3CCC3)CC2)CC1
C1CCC(CCCC2CCC(CCC3CCCCC3)CC2)CC1
C1CCC(C2CCCCC2C2CCCC(CC3CCCC(C4CCCC5CCCCC54)C3)C2)CC1
C1CCC(CC2CCC(CCC3CCC(CC4CCCCC4)CC3)CC2)CC1
C1CCC(CCCCCC2CCC(CC3CCC(CC4CCCCC4)CC3)CC2)CC1
C1CCC(C2CCCCC2C2CCCCC2)CC1
C1CCC(CC2CCCC(CC3CCC(C4CCCCC4)CC3)C2)CC1
C1CCC(CCC2CCCC(CC3CCC(C4CCCCC4)CC3)C2)CC1
C1CCC(CC2CCC(C3CCC(C4CCCCC4)CC3)CC2)CC1
C1CCC(CCC2CCCCC2C2CCC(CC3CCCCC3)CC2)CC1
C1CCC(CC2CCC3CCC(C4CCCCC4CC(C4CCCCC4)C4CCCCC4)CC3C2)CC1
C1CCC(CC2CCCC(C3CC(CC4CCCCC4)C4CCCCC43)C2)CC1
C1CCC(C2CCCC(CC3CCC(C4CCC4)CC3)C2)CC1
C1CCC(CC2CCC(CC3CCCCC3C3CCCCC3)CC2)CC1
C1CCC(CC2CCC(C3CCCCC3)CC2)CC1
C1CCC(C2CCC(C3CCCCC3)CC2)CC1
C1CCC(CC2CCC(CCC3CCC(C4CCCCC4)CC3)CC2)CC1
C1CCC(CCCCC2CCC(CC3CCCCC3)CC2)CC1
C1CCC(CC2CC3CCCCC3C2)C(CCC(C2CCC(C3CC3)CC2)C2CC2)C1
C1CCC(CCC2CCC(C3CCCCC3)C(C3CCCCC3)C2)CC1
C1CCC(CCC2CCC(CCC3CCCCC3)CC2)CC1
C1CCC(CC2CCC(C(CCCCC3CCCCC3C3CCCCC3)C3CCCCC3)CC2)CC1
C1CCC(CCCC2CCCC3CC(C4CCCCC4C4CCCC4)CCC23)CC1
C1CCC(CCC2CCC(C3CCCC(C4CCCCC4)C3)CC2)CC1
C1CCC(CC2CCCCC2C2CCCCC2)CC1
C1CCC(CC2CCCC(CC3CCCC(C4CCCCC4)C3)C2)CC1
C1CCC(C2CCC(CC3CCC(CC4CCC(C5CCCCC5)CC4)CC3)CC2)CC1
C1CCC(CC2CCCC(C3CCCCC3)C2)CC1
C1CCC(C2CCCCC2CC(CCC2CCC(CCC3CCCC3)CC2)C2CCC3CCCC3C2)CC1
C1CCC(CCC2CCCC(CC3CCCCC3)C2)CC1
C1CCC(CCCC2CCC(C3CCCCC3)CC2CCC2CCCCC2)CC1
C1CCC2CC(C3CCCCC3CC3CCCCC3C3CCCC3)CCC2C1
C1CCC(CC2CCCCC2C2CCCC2)CC1
C1CCC(C2CCC(CC3CC4CCCCC4C3)CC2)CC1
C1CCC(CC2CCCCC2C2CCC(C3CCCC3)CC2)CC1
C1CCC(C2CCCC(C3CCCCC3)C2)CC1
C1CCC(CC2CC(CC3CCCCC3)CC(C3CCCCC3)C2)CC1
C1CCC(CC2CCCCC2CC2CCCC(C3CCC4CCCCC43)C2)CC1
C1CCC(C2CCCCC2C2CCCC(CC3CCCC3)C2)CC1
C1CCC(CC2CCCC(C3CCCC(C4CCCC4)C3)C2)CC1
C1CCC(CC2CCCC(C3CCCCC3)C2)CC1
C1CCC(CCC2CCCCC2)CC1
C1CCC(C2CCCCC2CC2CCC(CCCCC3CC4CCCCC4C3)CC2)CC1
C1CCC(CC2CCC(CCC3CCC(C4CCC(CC5CCCCC5)CC4)CC3)CC2)CC1
C1CCC(CCCC2CCC(C3CCCCC3)CC2)CC1
C1CCC(C2CCC(CCC3CCCC(CC4CCC4)C3)CC2)CC1
C1CCC(CC2CCC(C3CCCCC3C3CCCCC3)CC2)CC1
C1CCC(C2CCC(C3CCC4CCCC4C3)CC2)CC1
C1CCC(C2CC(C3CCC4CCCCC43)CC3CCCCC32)CC1
C1CCC(CCCC2CCC(CC3CCCCC3)CC2)CC1
C1CCC(C2CCCC(CC3CCCC(C4CC4)C3)C2)CC1
C1CCC(CC2CC(CC3CCC(C4CCCCC4)CC3)C3CCCCC23)CC1
C1CCC(C2CCC(CCCCCC3CCCCC3C3CCC(C4CCC5CCCC5C4)CC3)CC2)CC1
C1CCC(C2CCCC(C3CCCC4CC(C5CC(C6CCCCC6)C6CCCCC56)CCC43)C2)CC1
C1CCC(CC2CCCC(C3CCCCC3)C2)CC1
C1CCC(CC2CCCC(C3CCC(C4CCCC4)CC3)C2)CC1
C1CCC(C2CCCCC2)CC1
C1CCC(CC2CCCC(CC3CCCCC3)C2)CC1
C1CCC(C2CCC(C3CCCC4CC(C5CCCCC5)CCC43)CC2)CC1
C1CCC(CCC2CCC(C3CCCCC3)C(C3CCCCC3)C2)CC1
C1CCC(CCCC2CCC(CC3CCCCC3)CC2)CC1
C1CCC(C2CCC(C3CC(CCC4CCCC4)C4CCCCC43)CC2)CC1
C1CCC(CC2CCC(C3CCCCC3)CC2)CC1
C1CCC(CC2CCCC(C3CCCCC3)C2)CC1
C1CCC(CC2CCCC(C3CCCCC3C3CCCCC3)C2)CC1
C1CCC(CCCC2CCCC(C3CCC(CC4CCCCC4)CC3)C2)CC1
C1CCC(CC2CCCCC2C2CCCC(C3CCCCC3)C2)CC1
C1CCC(C2CCC(C3CCCC(C4CC5CCCCC5C4)C3)CC2)CC1
C1CCC(CCCC2CCC(CC3CCCCC3)CC2)CC1
C1CCC(CC2CCCCC2C2CCCCC2)CC1
C1CCC(CCC2CCCC(C3CCC(CC4CCC(C5CCCC5)CC4)CC3)C2)CC1
C1CCC(C2CCC(C3CCCC(C4CCC5CCCCC54)C3)CC2)CC1
C1CCC(C2CCCCC2C2CC(CC3CCC(C4CCCCC4C4CCCC4)CC3)C3CCCCC32)CC1
C1CCC(CCC2CCCC(C3CCCC(CCC4CCC(C5CCCCC5)CC4)C3)C2)CC1
C1CCC(C2CCCC(CCC3CC(C4CCCCC4)C4CCCCC34)C2)CC1
C1CCC(CC2CCCC(C3CCCCC3C3CCCC3)C2)CC1
C1CCC(C2CCC(CC3CCCC(CC4CCCC(C5CCCCC5)C4)C3)CC2)CC1
C1CCC(CC2CCC(C3CC(C4CCCCC4)CCC3C3CCC4CCCCC4C3)CC2)CC1
C1CCC(CC2CCC(CC3CCCCC3)CC2)CC1
C1CCC(CC2CCC(CC3CCCC4CCCCC43)CC2)CC1
C1CCC(CC2CCC(CCC3CCCC(C4CCCCC4)C3)CC2)CC1
C1CCC(CCCCC2CCC(C3CCCCC3C3CCCCC3)C2)CC1
C1CCC(CCC2CCC(CCC3CCC(CC(C4CCCCC4)C4CCC5CCCCC5C4)CC3)CC2)CC1
C1CCC(CC2CCCCC2C2CCCC(C3CCCCC3)C2)CC1
C1CCC2CC(CC3CCC(CC4CCCCC4C4CCCC4)CC3)CC2C1
C1CCC(CCCCCC2CCC(CC3CCC(C4CCCCC4)CC3)CC2)CC1
C1CCC(CC2CCCCC2CCC2CCC(C3CCCCC3)C2)CC1
C1CCC(C2CCC(C3CCCC4CC(C5CC6CCCCC6C5)CCC43)C2)CC1
C1CCC(CCCCC2CCCCC2C2CCC(C3CCCC(C4CCCC4)C3)C3CCCC23)CC1
C1CCC(CC2CCCC(C3CC(C4CC4)CC(C4CCCC(CC5CCCCC5)C4)C3)C2)CC1
C1CCC(CC2CCCCC2CC2CCCCC2)CC1
C1CCC(CCC2CCCC(C3CCCC(CC4CCCCC4)C3)C2)CC1
C1CCC(CC2CCCCC2C2CCCC(C3CCCCC3)C2)CC1
C1CC2CCC(C3CCCC4CC(CCC5CCCC(C6CCCCC6C6CCCC6)C5)CCC43)CC2C1
C1CCC(CC2CCC(C3CCC(CC4CCC(C5CCCCC5)CC4)CC3)CC2)CC1
C1CCC(CC2CCCCC2C2CCC(C3CCCC(C4CC4)C3)CC2)CC1
C1CCC(CC2CCCC(C3CC(CC4CCC5CCCCC54)CC(C4CCCC4)C3)C2)CC1
C1CCC(CCC2CCCC(C3CCC(C4CCCCC4)C3)C2)CC1
C1CCC(C2CCCCC2C2CCCCC2)CC1
C1CCC(CCCC2CC(C3CCCCC3)CC(C3CCCCC3)C2)CC1
C1CCC(C2CCC(C3CCCC(CCC4CCC(CC5CCCC5)CC4)C3)CC2)CC1
C1CCC(CC2CCCC(CC3CCCCC3)C2)CC1
C1CCC(C2CC(C3CCC3)CC(C3CCCC(C4CCCC(C5CC5)C4)C3)C2)CC1
C1CCC(CC2CC(C3CCCCC3)C3CCCCC23)CC1
C(CCCC1CCCC(C2CCCCC2)C1)CCCC1CC2CCCCC2C1
C1CCC(CC2CCC(CC3CC4CCC(C5CCCCC5)C4C3)CC2)CC1
C1CCC(CC2CCC(C3CCC(C4CCCCC4)CC3)CC2)CC1
C1CCC(CCC2CCC(C3CCCC(C4CCCCC4)C3)CC2)CC1
C1CCC(CC(C2CCCC(C3CCCCC3)C2)C2CCCC(C3CCCCC3)C2)CC1
C1CCC(CCC2CCC(CC3CCCCC3)CC2)CC1
C1CCC(CC2CCCCC2C2CCC3C(CCCC3C3CCCCC3)C2)CC1
C1CCC(CC2CCCC(C3CCCCC3C3CCCCC3)C2)CC1
C1CCC(CC2CCCC(CC3CCC(C4CCCCC4C4CCCC4)CC3)C2)CC1
C1CCC(CC2CCCC(CCC3CCCC(C4CCCCC4)C3)C2)CC1
C1CCC(CC2CCC3C(CC4CCCCC4)CCC3C2)CC1
C1CCC(CC2CCCCC2C2CC3CCCCC3C(C3CCCCC3)C2)CC1
C1CCC(CCC2CCCC(C3CCCCC3)C2)CC1
C1CCC(CCC2CCCC(CC3CCC(C4CCCC4)CC3)C2)CC1
C1CCC2CC(CC3CC(C4CCC5CCCCC54)CC4CCCCC43)CCC2C1
C1CCC(CC2CCCC(CCCCC3CCC(C4CCCCC4)CC3)C2)CC1
C1CCC(CC2CCCC(C3CCCCC3)C2)CC1
C1CCC(CCC2CCCC(C3CCCCC3)C2)CC1
C1CCC(CC2CCCC(C3CCC(C4CCC4)CC3)C2)CC1
C1CCC(C2CCC(CC3CCCCC3C3CC4CCCCC4C3)CC2)CC1
C1CCC(C2CCCC(C3CC(C4CCCCC4)CC(C4CCCC4)C3)C2)CC1
C1CCC(CCCCC2CCC(CCC3CCC(CCC4CCCCC4)CC3)CC2)CC1
C1CCC(C2CC3CCC(CC4CCCC4)CC3C(C3CCC4CCCCC43)C2)CC1
C1CCC(C2CCC(C3CCCCC3)C(C3CCCC3)C2)CC1
C1CCC(CC2CCCCC2)CC1
C1CCC(C2CCCCC2)CC1
C1CCC(CCCCC2CCC(CC3CCCCC3C3CCCCC3)CC2)CC1
C(CCC1CCC(CC2CCCCC2)CC1)CCC1CCC(CC2CCCCC2)CC1
C1CCC(CCC2CCC(C3CCCCC3)C2)CC1
C1CCC(CC2CCC(CCC3CCC(CCCC4CC4)CC3)CC2)CC1
C1CCC2CC(CC3CCC(C4CC(C5CCC6CCCCC65)CC5CCCCC54)CC3)CC2C1
C1CCC(CC2CCC(C3CCCCC3)CC2)CC1
C1CCC(CCCC2CCC3C(C4CCCCC4)CC(C4CCCCC4)C3C2)CC1
C1CCC(C2CCCCC2C2CCCCC2)CC1
C1CCC(CCC2CCC(CC3CCCCC3)CC2)CC1
C1CCC(C2CCCCC2)CC1
C1CCC2CC(CC3CCC(C4CCCC4)C(CCC4CCCCC4C4CCCC4)C3)CC2C1
C1CCC2CC(C3CCCCC3C3CCCCC3C3CCC4CCCCC4C3)CCC2C1
C1CCC(CCC2CC(C3CCCCC3)CC(C3CCCCC3)C2)CC1
C1CCC(C2CCC(CC3CCCC(C4CCC5CCCCC54)C3)CC2)CC1
C1CCC(CCCCCC2CCC(CC3CCCCC3)CC2C2CCCCC2)CC1
C1CCC(CCC2CCC(CCC3CCC(C4CCCCC4)CC3)CC2C2CCCC2)CC1
C1CCC(CC2CCC(CC3CCCCC3)CC2)CC1
C1CCC(CCCCC2CC(CC3CCCCC3)C3CCCCC23)CC1
C1CCC(CCCC2CCCC(CC3CCCCC3)C2)CC1
C1CCC(CC2CC(C(C3CCCCC3)C3CCCCC3)CCC2C2CCCCC2)CC1
C1CCC(CCC2CCCC(C3CCCCC3CC3CCCCC3)C2)CC1
C1CCC(C2CCCCC2CC2CCC(CC3CC3)CC2)CC1
C1CCC(C2CCCC(CC3CC(C4CCCCC4)C4CCCCC34)C2)CC1
C1CCC(C2CCCC(C3CCC(C4CCCC(C5CCC6CCCCC65)C4)CC3)C2)CC1
C1CCC(CCCCC2CCCCC2)CC1
C1CCC(C2CCCCC2C2CCC(CC3CC3)CC2)CC1
C1CCC(CCCC2CCCC(C3CCCCC3)C2)CC1
C1CCC(CCCC2CCCC(C3CCCC(C4CCCC(C5CCCCC5)C4)C3)C2)CC1
C1CCC(CC2CC3CCC(C4CCC(C5CCCCC5)CC4)CC3C(C3CCCCC3)C2)CC1
C1CCC(C2CCC(C3CCCCC3CC3CCC(CC4CCCC(C5CCCC5)C4)CC3)CC2)CC1
C1CCC(CC2CCC(CCCC3CCCC(C4CCCCC4)C3)CC2)CC1
C1CCC(CCCC2CCC(CCC3CCCCC3)CC2)CC1
C1CCC(CC2CCCCC2C2CCC3CCCCC3C2)CC1
C1CCC(CC2CCC3C(CC4CCC(C5CCCC(C6CCCCC6)C5)C4)CC(C4CCCCC4)C3C2)CC1
C1CCC(CC2CCC(C3CCCCC3)C(C3CCCCC3)C2)CC1
C1CCC(CCCCC2CCCCC2)CC1
C1CCC(C2CCCC(CCC3CCCCC3C3CCCCC3)C2)CC1
C(CCCC1CCCCC1)CCCC1CC(C2CCCCC2)CC(C2CCC2)C1
C1CCC(CCC2CCC(CC3CCC(C4CCCCC4C4CCCCC4)CC3)CC2)CC1
C1CCC(C2CCCC(C3CCC(C4CCCC(CCC5CCC(C6CCCCC6C6CCCCC6)CC5)C4)CC3)C2)CC1
C1CCC(CC2CCC(CC3CCCC(C4CCCCC4C4CCC5CCCC5C4)C3)CC2)CC1
C1CCC(C2CCC(CC3CCC(CC4CCCC(C5CCCCC5)C4)CC3)CC2)CC1
C1CCC(CC2CCCCC2C2CCCC(C3CCC(CCC4CC4)CC3)C2)CC1
C1CCC(C2CCC(C3CCCCC3)C(C3CCCCC3)C2)CC1
C1CCC(CC2CCC(C3CCCCC3)CC2)CC1
C1CCC(CC2CCC(C3CCCCC3)CC2)CC1
C1CCC(CCCC2CCCC(C3CCCCC3)C2)CC1
C1CCC(C2CCCC(C3CCCCC3C3CCCCC3C3CCCC3)C2)CC1
C1CCC(C2CCCCC2CC2CC(C3CCCCC3)C3CCCCC23)CC1
C1CCC(CC2CCC(CCCCC3CCCC(CC4CCCCC4)C3)CC2)CC1
C1CCC(CCCC2CCC(CC3CCCCC3)CC2)CC1
C1CCC(C2CCCC(C3CCCC4CCCCC43)C2)C1
C1CCC(CCC2CCC(C3CC4CCCCC4C3)CC2CCC2CCCCC2)CC1
C1CCC(C2CCC3CC(C4CCCC(CC5CCCC5)C4)CC(C4CCCCC4)C3C2)CC1
C1CCC(CC2CCC(C3CCCC(CC4CCCCC4)C3)CC2)CC1
C1CCC(C2CCC(C3CCCCC3)C(C3CCC4CCCCC43)C2)CC1
C1CCC(CCC2CCC(CC3CCCCC3)CC2)CC1
C1CCC(C2CCC(C3CCCC(C4CCCCC4)C3)CC2)CC1
C1CCC(CCC2CCCC(C3CCC4CC(C5CCCCC5)CCC43)C2)CC1
C1CCC(C2CCCC(C3CCC(C4CCCCC4C4CCCC4)CC3)C2)C1
C1CCC(CCC2CCC(C3CCCC(C4CCCCC4C4CC5CCCCC5C4)C3)CC2)CC1
C1CCC(C2CCC(CC3CCC4CCCC4C3)CC2)CC1
C1CCC(CC2CCC(CC3CCCCC3)CC2)CC1
C1CCC(CCC2CC(C3CCCCC3CCC3CCCCC3)C3CCCCC23)CC1
C1CCC(CCC2CC(CC3CCCCC3)CCC2CC2CCCCC2)CC1
C1CCC(CC2CCC(C3CCCCC3)C(C3CCCCC3)C2)CC1
C1CCC(CC2CCC(CC3CCCC(C4CCCC5CC(C6CCCCC6)CCC54)C3)CC2)CC1
C1CCC(C2CCC(C3CCCC(C4CCCC(C5CCCC5)C4)C3)CC2C2CCCC2)CC1
C1CCC(C2CCCCC2CCC2CCC3CCCCC32)CC1
C1CCC(C2CC(C3CCC4CCCC4C3)CCC2CCC2CCCC(C3CCC3)C2)CC1
C1CCC(CC2CC(C3CCC(CC4CCCCC4C4CCCC4)CC3)C3CCCCC23)CC1
C1CCC(CC2CC(CC3CCC(C4CCC4)CC3)CCC2C2CCCC(C3CCCCC3)C2)CC1
C1CCC(CC2CCC(CCCC3CCCC(C(C4CCCCC4)C4CC4)C3)CC2)CC1
C1CCC(CC2CC(C3CCCC(CC4CC5CCCCC5C4)C3)C3CCCCC23)CC1
C1CCC(CC2CCC(C3CCCCC3CC3CCCCC3)CC2)CC1
C1CCC(CCCCC2CC3CCCCC3C2)CC1
C1CCC(CC2CCC(CCC3CC4CCCCC4C3)CC2)CC1
C1CCC(CC2CCC(CC3CCCCC3)C(C3CCCC3)C2)CC1
C1CCC(C2CCCC(C3CCC(CC4CCCCC4C4CCC5CCCCC5C4)CC3)C2)CC1
C1CCC(CCCC2CCC(CCC3CCCCC3)CC2)CC1
C1CCC(CC2CCC(CC3CCCCC3C3CCCCC3)CC2)CC1
C1CCC(C2CCCC3CC(C4CCCC5CCCCC54)CCC32)CC1
C1CCC(CC2CC(C3CCC(C4CCC4)CC3)C3CCCCC23)CC1
C1CCC(C2CCC(CCCCCC3CCCCC3C3CCCCC3)CC2)CC1
C1CCC(CC2CCCC(C3CCCC(C4CC4)C3CC3CCCCC3)C2)CC1
C1CCC(CC2CCC3CC(C4CC(C5CCCC5)CCC4C4CCC5CCCC5C4)CCC23)CC1
C1CCC(C2CCC(C3CCCC4CCCCC43)CC2)CC1
C1CCC(CCCC2CCCC(CC3CC(CC4CCC(CC5CCCCC5)CC4)C4CCCCC34)C2)CC1
C1CCC(CC2CCC(C3CCC(C4CCCCC4)CC3)CC2)CC1
C1CCC(CC2CCC(C3CCCCC3C3CCC4CCCC4C3)CC2)CC1
C1CCC(CCCCC2CCCC(C3CCCCC3CC3CCCCC3)C2)CC1
C1CCC(CC2CCC(CC3CCC(CC4CC4)CC3)CC2)CC1
C1CCC(CCC2CCCC(CC3CCCC(C4CCCCC4)C3)C2)CC1
C1CCC(CCCC2CCCC(C3CCCCC3)C2)CC1
C1CCC(C2CCC(C3CCC(CCC4CCCC4)CC3)CC2)CC1
C1CCC(CCCCCC2CCC(C3CCC3)C(CC3CCCCC3)C2)CC1
C1CCC(CC2CCC(C3CCCCC3C3CCC4CCCC4C3)CC2)CC1
C1CCC(CCC2CCCC(C3CCCC(CC4CCCCC4)C3)C2)CC1
C1CCC(CC2CCCCC2C2CCC3CCCC3C2)CC1
C1CCC(CCCC2CCC3C(CCCC3C3CCC(C4CCCC4)CC3)C2)CC1
C1CCC(C2CCC(C3CCC(CC4CCCC4)CC3)CC2)CC1
C1CCC(CCC2CCCC(CC3CCCCC3)C2)CC1
C1CCC(CCCC2CCC(CCC3CCC(CC4CCCCC4)CC3)CC2)CC1
C1CCC(CC2CCC(C3CCCC(C4CCCCC4)C3)CC2)CC1
C1CCC(CCC2CCC(CCC3CCCCC3)CC2)CC1
C1CCC(CC2CC(C3CCC4CCCC4C3)CCC2CC2CC2)CC1
C1CCC(C2CCC(CC3CCCC(C4CCCC4)C3)CC2)CC1
C1CCC(CC2CCC(CCC3CCC(CC4CCCCC4)CC3C3CCCCC3)CC2)CC1
C1CCC(CC2CCC(C3CCC(C4CCCCC4)C3)CC2)CC1
C1CCC(CC2CCCC(C3CCCCC3C3CCC(CC4CCCC4)CC3)C2)CC1
C1CCC(CC2CCCCC2C2CCC(CCC3CC4CCCCC4C3)C2)CC1
C1CCC(CCC2CCCCC2C2CCCCC2)CC1
C1CCC(C2CCC(CCC3CCCCC3C3CCCC(CC4CCCC4)C3)CC2)CC1
C1CCC(CC2CCC3C(CC4CCCCC4)CC(C4CCCCC4)C3C2)CC1
C1CCC(CC2CCC(C3CCCCC3)CC2)CC1
C1CCC(C2CCC(CCCC3CCCC(C4CCCCC4)C3)CC2)CC1
C1CCC(CCC2CC(C3CCCCC3)C3CCCCC23)CC1
C1CCC(C2CCCC(CC3CCC(CC4CCC(C5CCCC(CC6CC6)C5)CC4)CC3)C2)CC1
C1CCC(CC2CCC(CCC3CCCC(CC4CCCCC4)C3)CC2)CC1
C1CCC(C2CCC(C3CCC(C4CCCCC4)CC3)CC2)CC1
C1CCC(CCCCC2CCC(CC3CCC(CC4CCCCC4)CC3)CC2)CC1
C(CCCC1CCC(C2CCCCC2)CC1)CCC1CCCCC1
C1CCC(CC2CCC(CC3CCCCC3)CC2)CC1
C1CCC(CC2CCCC(C3CCCC(C4CCCCC4)C3)C2)CC1
C1CCC(C2CC(CCCC3CCC4CCCCC4C3)CC(C3CCC3)C2C2CCCCC2)CC1
C1CCC(CC2CCC(CC3CCCC(C4CCCCC4)C3)CC2)CC1
C1CCC(C2CCC(C3CCCCC3)CC2)CC1
C1CCC(C2CCC(C3CCCC(CCC4CC(CC5CC5)C5CCCCC45)C3)CC2)CC1
C1CCC(CCC2CCC(CCCC3CC4CCCCC4C3)CC2)CC1
C1CCC(C2CCC(CCCC3CCCC(C4CCCC4)C3)CC2)CC1
C1CCC(CCCCC2CCC(CC3CCCCC3)CC2)CC1
C1CCC(CC2CCC(C3CC(C4CCCC4)CCC3C3CCCC3)CC2)C1
C1CCC(CCC2CC(C3CCCC(C4CCCCC4)C3)CCC2C2CCCCC2)CC1
C1CCC(C2CC(C3CCCCC3)CC(C3CC3)C2)CC1
C1CCC(CCC2CCC(CC3CCCCC3)CC2)CC1
C1CCC(CC2CCC(CCCCC3CC(C4CCCCC4)C4CCCCC34)CC2)CC1
C1CCC(CC2CCC(CC3CCCCC3)CC2)CC1
C1CCC(CCC2CCC(C3CCCCC3)CC2)CC1
C1CCC(CC2CCC(C3CCCCC3)CC2)CC1
C1CCC(CCC2CCCCC2C2CCCCC2)CC1
C1CCC(CCCCC2CCCC(C3CCC4CC(CC5CCCCC5)CCC4C3)C2)CC1
C1CCC(CCC2CC(CC3CC3)CC(C3CCCCC3)C2)CC1
C1CCC(CCC2CCCC(C3CCCCC3)C2)CC1
C1CCC(CC2CCCC(CCC3CCCC(C4CCCC(CC5CCCCC5)C4)C3)C2)CC1
C1CCC(CC2CCCC(C3CCCCC3)C2)CC1
C1CCC(CC2CCC(C3CC(CC4CCCCC4)C4CCCCC43)CC2)CC1
C1CCC(CCCC2CCC(C3CCCCC3)CC2)CC1
C1CCC(CC2CCC(C3CCCCC3)CC2)CC1
C1CCC(CCC2CCCC(C3CCCC(C4CC4)C3)C2)CC1
C1CCC(CCCC2CCC(CC3CCCCC3)CC2)CC1
C1CCC(C2CCC(CC3CCC(C4CCCC4)CC3)CC2)CC1
C1CCC(CCCC2CC(C3CCCCC3CCCC3CC4CCCCC4C3)C3CCCCC23)CC1
C1CCC(C2CCCC(C3CCCC3)C2)CC1
C1CCC(CCC2CCCCC2CC2CCCCC2)CC1
C1CCC(C2CCC(CC3CCC(C4CCCCC4CC4CCC5CCCC5C4)CC3)CC2)CC1
C1CCC(CC2CCC(CC3CC4CCCCC4C3)CC2)CC1
C1CCC(CC2CCC(C3CCCCC3)CC2)CC1
C1CCC(CCC2CCC(CC3CCC(C4CCCCC4)C(C4CCCCC4)C3)CC2)CC1
C1CCC(CCC2CCCC(C3CCC(CCCCC4CCC(CCC5CC5)CC4)CC3)C2)CC1
C1CCC(CC2CCC(C3CCCCC3C3CCCCC3C3CCCC3)CC2)CC1
C1CCC(CC2CC(C3CCCCC3)CC(C3CC3)C2)CC1
C1CCC(CCCC2CCC(CCCCC3CCC(C4CC5CCCCC5C4)CC3)CC2)CC1
C1CCC(CC2CC(C3CCCCC3)C3CCCCC23)CC1
C1CCC(CC2CCC(C3CCCCC3)CC2)CC1
C1CCC(CC2CC(C3CCC4CCCC(C5CCCCC5)C4C3)C3CCCCC23)CC1
C1CCC(CCCC2CCC(CC3CCCC(C4CCCC4)C3)CC2)CC1
C1CCC(CC2CCC(C3CCCCC3C3CCCCC3)CC2)CC1
C1CCC(C2CCCC(C3CCCC(C4CCCC4)C3)C2)CC1
C1CCC(CC2CCCCC2CCC2CCCC(C3CCCCC3)C2)CC1
C1CCC(CCC2CCCC(C3CCC4C(CCC4C4CCCC4)C3)C2)CC1
C1CCC(CCC2CCC(CC3CCCCC3)CC2C2CCC(C3CC3)CC2C2CCCC2)CC1
C1CCC(C2CC(CCC3CCCC3)CCC2C2CCC3CCCCC32)CC1
C1CCC(CC2CCCCC2C2CCCCC2C2CCCCC2)CC1
C1CCC(CC2CCCCC2CC2CCCCC2CC2CCCCC2)CC1
C1CCC(C2CCCC(CCC3CCC(C4CCC(CC5CC5)CC4)CC3)C2)CC1
C1CCC(CCC2CCC(C3CCCC(CCC4CCCCC4)C3)CC2)CC1
C1CCC(CCC2CCCC(C3CCC(C4CCC(C5CCCC5)CC4)C3)C2)CC1
C1CCC(C2CCCCC2)CC1
C1CCC(C2CCCC(CCC3CCCC(C4CCCCC4)C3)C2)CC1
C1CCC(CCC2CCC(CCC3CCCCC3)CC2)CC1
C1CCC(C2CCCCC2C2CCC(CC3CCC(CC4CCC5CCCCC54)CC3)CC2)CC1
C1CCC(C2CCC(C3CCCCC3)CC2)CC1
C1CCC(CC2CC(CC3CCCC(C4CCCCC4)C3)C3CCCCC23)CC1
C1CCC(CC2CCC(C3CCC(C4CCC(C5CCCCC5)CC4)CC3)CC2)CC1
C1CCC(CCC2CCC(C3CCCC(C4CCCCC4)C3)CC2)CC1
C1CCC(CCCC2CCC(CC3CCCCC3)CC2)CC1
C1CCC(CC2CCC(CC3CCCCC3)CC2)CC1
C1CCC(CCC2CCCC(C3CCC(CC4CCCCC4)CC3)C2)CC1
C1CCC(CC2CCC3CC(C4CCCCC4)CCC23)CC1
C1CCC(C2CCC(C3CCCCC3)C(C3CCCC3)C2)CC1
C1CCC(CCCCC2CCC(C3CC(CC4CCCCC4)CCC3CC3CCCCC3)CC2)CC1
C1CCC(C(C2CCCCC2)C2CCCCC2)CC1
C1CCC(C2CCC(C3CCCCC3)C(C3CCCCC3)C2)CC1
C1CCC(CC2CCC(C3CCC(CC4CCCC(C5CCC(CCC6CCC(C7CC7)CC6)CC5)C4)CC3)CC2)CC1
C1CCC(CC2CCC(C3CCCCC3)CC2)CC1
C1CCC(C2CCCC(CCC3CCCC4CCCCC43)C2)CC1
C1CCC(CCCCC2CCCC(CC3CCCCC3)C2)CC1
C1CCC(CC2CCCC(C3CC(CC4CCCC4)C4CCCCC43)C2)CC1
C1CCC(CCCC2CCCC(C3CCCC(C4CCCCC4)C3)C2)CC1
C1CCC(CCC2CCCCC2C2CCC(C3CCCCC3)CC2)CC1
C1CCC(CC2CCCCC2C2CCCCC2)CC1
C1CCC(CCC2CCCC(CC3CC4CCCCC4C3)C2)CC1
C1CCC(C2CCC(CCC3CCC(C4CCC5CCCCC54)CC3C3CCCCC3)CC2)CC1
C1CCC(C2CCC(C3CCCC(C4CCCCC4)C3)CC2)CC1
C1CCC(CCC2CCC(CCCC3CCC(CC4CCCCC4)CC3)CC2)CC1
C1CCC(C2CCCC(CC3CCCC(C4CCCC(C5CCCCC5)C4)C3)C2)CC1
C1CCC(CC2CCCC(C3CCCC(C4CCCCC4)C3)C2)CC1
C1CCC(CCCC2CCCC(C3CCCC(C4CCCCC4)C3)C2)CC1
C1CCC(C2CCCC(CC3CCCC(C4CCCC(C5CCCCC5)C4)C3)C2)CC1
C1CCC(CC2CCC(CC3CCC(CC4CCCCC4)CC3)CC2)CC1
C1CCC(CCCC2CCC(CC3CCCCC3)CC2C2CCCCC2)CC1
C1CCC(C2CC(C3CCC(C4CCC(C5CCCCC5)C(C5CCC6CCCC6C5)C4)CC3)C2)CC1
C1CCC(CC2CCCCC2C2CCC(CC3CCC4CCCCC4C3)CC2)CC1
C1CCC(CC2CCCC(C3CCCCC3)C2)CC1
C1CCC(CC2CCCC(C3CCCC(C4CCCC(C5CCCCC5)C4)C3)C2)CC1
C1CCC(CC2CCCC(C3CCC(C4CCCCC4)CC3)C2)CC1
C1CCC(CCC2CCCCC2C2CCCCC2)CC1
C1CCC(CCC2CCC(C3CCCCC3)CC2)CC1
C1CCC(C2CCC(CC3CC3)CC2CCCC2CCCCC2C2CCCC2)CC1
C1CCC(C2CCCC(C3CCCCC3)C2)CC1
C1CCC(C2CC(C3CCCCC3)C(C3CCC4CCCCC43)C(C3CCCCC3)C2)CC1
C1CCC(CCCCC2CCCC(CC3CCCCC3)C2)CC1
C1CCC(C2CCC(CC3CCC(C4CCCCC4C4CC5CCCCC5C4)CC3)C2)CC1
C1CCC(CCC2CCC(CC3CCCCC3C3CCCCC3)C2)CC1
C1CCC(C2CCCCC2)CC1
C1CCC(C2CCC(CC3CCCCC3C3CCCCC3)CC2)CC1
C1CCC(C2CCC(CC3CCCC(C4CCCCC4)C3)CC2)CC1
C1CCC(CCCC2CCC(C3CCCC(CC4CCCCC4)C3)CC2)CC1
C1CCC(CCC(CC2CCCCC2)C2CCCC(C3CCC(CC4CCCCC4)CC3)C2)CC1
C1CCC(CCC2CCC(CCC3CCCCC3)CC2)CC1
C1CCC(CC2CCC3CCCCC32)CC1
C1CCC(C2CCCCC2C2CCC(CC3CCC(CC4CC4)CC3)CC2)CC1
C1CCC(C2CCCC(C3CCC(C4CCCC5CC(C6CCCCC6)CCC54)C3)C2)CC1
C1CCC(C2CCCC(C3CCC(C4CCC5CCCCC54)CC3C3CCCCC3)C2)CC1
C1CCC(C2CCC(CC3CCC4CCCCC4C3)CC2CCC2CC2)CC1
C1CCC(C2CCC(C3CCCC(C4CC4)C3)CC2)CC1
C1CCC(CC2CC(C3CCCCC3)CC(C3CCCCC3C3CCCCC3)C2)CC1
C1CCC(C2CCCC(C3CCC(CC4CCC(C5CCCC(C6CC6)C5)CC4)CC3)C2)CC1
C1CCC(CC2CC3CCC(C4CCCC(C5CC6CCCCC6C5)C4)CC3C2)CC1
C1CCC(CC2CC(C3CCCCC3C3CCC(C4CC4)CC3)C3CCCCC23)CC1
C1CCC(C2CCC(C3CCCC(C4CCC5CCCCC54)C3)CC2)CC1
C1CCC(CC2CCC(CC3CCCCC3)C(C3CCCCC3)C2)CC1
C1CCC(C2CC(CC3CCC4CCCCC43)C(CC3CCC3)C(C3CCCCC3)C2)CC1
C1CCC(CC2CCC(C3CCCCC3)CC2)CC1
C1CCC(CCC2CCC(CC3CCCC(C4CCC(C5CCCC5)CC4)C3)CC2)CC1
C1CCC(CCCCCC2CCCCC2)CC1
C1CCC(C2CCCC(C3CCCCC3)C2)CC1
C1CCC(CC2CCC(CC3CC(C4CCCCC4)CC(C4CCCCC4)C3)CC2)CC1
C1CCC(CC2CC(C3CCCCC3)CC(C3CCCCC3)C2)CC1
C1CCC(CCC2CC(C3CCCCC3)CC(C3CCCC3)C2)CC1
C1CCC(CC2CCC(C3CC(CC4CCCCC4)C4CCCCC43)CC2)CC1
C1CCC(CCCC2CCCCC2C2CCCC(C3CCC3)C2)CC1
C1CCC(C2CCCC(CC3CCC(C4CCCCC4C4CCCC4)CC3)C2)C1
C1CCC(CC2CCC(C3CCCC(CCC4CCCC4)C3)CC2)CC1
C1CCC(CC2CC3CCC(C4CCCCC4)CC3C(C3CCCCC3)C2)CC1
C1CCC(C2CCC(C3CCCC(C4CCCC4)C3)CC2)CC1
C1CCC(CC2CCC(C3CCC(C4CCCCC4)CC3)CC2)CC1
C1CCC(CCC2CCCC(C3CC4CCC(C5CCCC5)CC4C(C4CCCCC4)C3)C2)CC1
C1CCC(C2CCC(C3CCCCC3)CC2)CC1
C1CCC(CC2CCCC(CC3CCCCC3)C2)CC1
C(CCCC1CCCCC1)CCC1CCCCC1
C1CCC(CC2CCCC(C3CCCC(C4CCCC4)C3)C2)CC1
C1CCC(C2CCCC(C3CCC(CC4CCCC4)CC3)C2)CC1
C1CCC(CC2CCCC(C3CCCCC3CC3CCCC(CC4CC4)C3)C2)CC1
C1CCC(CC2CCC(C3CCCCC3CC3CCCC(C4CCC4)C3)CC2)CC1
C1CCC(C2CCC(CCCC3CC(C4CCCCC4)CC(C4CCCCC4)C3)CC2)CC1
C1CCC(CC2CCCCC2C2CCC(CC3CCC3)CC2)CC1
C1CCC(C2CC(C3CCCC(C4CCCCC4C4CCCC4)C3)C2)CC1
C1CCC(CCCCC2CC(CCC3CCCCC3)CC(C3CCCCC3)C2)CC1
C1CCC(CCC2CCC(CC3CCCCC3)CC2)CC1
C1CCC(CCC2CCC(CC3CCCC(C4CCCC(CC5CCCCC5)C4)C3)CC2)CC1
C1CCC(C2CCCCC2C2CCCCC2)CC1
C1CCC(CC2CCC(C3CCC(C4CCCC4)CC3)CC2)CC1
C1CCC(CC2CCC(C3CCCCC3C3CCCCC3)CC2)CC1
C1CCC(CC2CCCC(CC3CCCCC3)C2)CC1
C1CCC(CCC2CCCC(CC3CCCCC3)C2)CC1
C1CCC(CCC2CCCC(CC3CCCCC3)C2)CC1
C1CCC(CCC2CC(CCC3CC3)CC(C3CCCCC3)C2)CC1
C1CCC(CCC2CC(CC3CCCCC3)CC(C3CCCCC3)C2)CC1
C1CCC(CCC2CCCC(C(CC3CCCCC3)CC3CCC(CC4CCCCC4)CC3)C2)CC1
C1CCC(C2CCCCC2)CC1
C1CCC(CCCCCC2CCC(CCCC3CCCCC3)CC2)CC1
C1CCC(C2CCCCC2C2CCCC(C3CCCCC3CC3CCC4CCCCC4C3)C2)CC1
C1CCC(CCCC2CCC(CCC3CCCC3)C(C3CCCC(C4CC4)C3)C2)CC1
C1CCC(CCC2CCC(C3CCC(CC4CCCCC4)CC3)CC2)CC1
C1CCC(C2CCCC(C3CCCCC3)C2)CC1
C1CCC(CC2CCCCC2C2CCC(C3CCC(CCC4CCCC4)CC3)CC2)CC1
C1CCC(C2CCCC(C3CCCCC3C3CCCCC3)C2)CC1
C1CCC(C2CC(CC3CCC(CC4CC5CCCCC5C4)CC3)C3CCCCC32)CC1
C1CC(CC2CCC(C3CCC(C4CCC5CCCC5C4)CC3)CC2)C1
C1CCC(CC2CCCCC2C2CC(C3CCCCC3)CC(C3CCCC3)C2)CC1
C1CCC(C2CCC(C3CCCCC3C3CCCCC3C3CCCCC3)CC2)CC1
C1CCC(C2CCCC(C3CC(CC4CCC5CCCCC54)CC(C4CCCC4)C3)C2)CC1
C1CCC(CCCC2CCCC(C3CC(CC4CCCC4)C4CCCCC43)C2)CC1
C1CCC(CC2CCC(CCC3CCCC(C4CCCC4)C3)CC2)CC1
C1CCC(C2CCC(C3CCCC3)C(C3CCCCC3)C2)CC1
C1CCC(CCC2CCCC(C3CCCCC3)C2)CC1
C1CCC(CC2CC(CCC3CCC(C4CCCCC4)CC3)C3CCCCC23)CC1
C1CCC(CC2CCC(CC3CCCC(CC4CCCCC4)C3)CC2)CC1
C1CCC(CCC2CCC(C3CCCCC3)CC2)CC1
C1CCC(CC2CCC(CC3CCCCC3CC3CCCCC3)CC2)CC1
C1CCC(CC2CCC(CCC3CCCC(C4CCCCC4)C3)CC2)CC1
C1CCC(CCCCC2CCCCC2)CC1
C1CCC(CCC2CCC(C3CCCCC3C3CCCCC3)C(C3CCCC3)C2)CC1
C1CCC(C2CCC(C3CC4CCCCC4C3)CC2)CC1
C1CCC(C2CCC3C(CCCC3C3CCC(CCC4CC5CCCCC5C4)CC3)C2)CC1
C1CCC(CC2CCCCC2)CC1
C1CCC(CCCCC2CCC(C3CCCCC3C3CCCC(C4CCCCC4)C3)C(C3CCC4CCCC4C3)C2)CC1
C1CCC(CCC2CCCC(C3CCCCC3)C2)CC1
C1CCC(CC2CCCCC2C2CCCCC2)CC1
C1CCC(C2CCC(C3CCCCC3C3CCCCC3)CC2)CC1
C1CCC(CCC2CCC(CC3CCCC3C3CCCC(C4CCC4)C3)CC2)CC1
C1CCC(C2CCCCC2CC2CC(C3CCCC3)CCC2CCC2CCCC2)CC1
C1CCC(CC2CCCC(CC3CCCC(CC4CC5CCCCC5C4)C3)C2)CC1
C1CCC(CC2CCCCC2C2CCCC2)CC1
C1CCC(CC2CCCCC2C2CCC(C3CCCC3)CC2)CC1
C1CCC2CC(C3CCC(C4CCC(C5CC6CCCCC6C5)CC4)CC3)CCC2C1
C1CCC(CCC2CCC(C3CCCCC3)C(C3CCC(CC4CCCCC4)CC3)C2)CC1
C1CCC(C2CCCC(CC3CCCC(CCC4CCC5CCCCC54)C3)C2)CC1
C1CCC(C2CCCC(C3CCCCC3C3CCCCC3)C2)CC1
C1CCC(CC2CCC(C3CCCC(C4CCCCC4)C3)CC2)CC1
C1CCC(CCC2CCC(CC3CCC(C4CCCCC4)CC3)CC2)CC1
C1CCC(C2CCC(C3CCCC(C4CCCC(C5CC5)C4)C3)CC2)CC1
C1CCC(C2CCCCC2C2CCC(C3CCC4CCCCC4C3)CC2)CC1
C1CCC(C2CCCC(C3CC(CCC4CCC5CCCCC54)CC(C4CCCCC4)C3)C2)CC1
C1CCC(CC2CCC(C3CCCCC3)CC2)CC1
C1CCC(C2CCCC(CC3CCCC(CCC4CC4)C3)C2)CC1
C1CCC(CC2CCCC(C3CCCC(C4CCCC(C5CCCCC5)C4)C3)C2)CC1
C1CCC(CC2CCC(CC3CCC4CCCCC4C3)C(CC3CCCCC3)C2)CC1
C1CCC(C2CCC(C3CCCCC3C3CCCCC3)C(C3CCCCC3)C2)CC1
C1CCC(CCCC2CCC(CC3CCCC(CC4CC4)C3)CC2)CC1
C1CCC(CC2CCC(C3CCC4CC(C5CCCCC5)CCC43)CC2)CC1
C1CCC(CC2CC3CCC(C4CCC(C5CCCC5)CC4)CC3C(C3CCCCC3)C2)CC1
C1CCC(CC2CC(C3CCCCC3)C3CCCCC23)CC1
C1CCC(CCCC2CCCC(C3CCC(C4CCCCC4)CC3)C2)CC1
C1CCC(C2CCCC(CC3CC(CC4CCCC(C5CC6CCCCC6C5)C4)C4CCCCC34)C2)CC1
C1CCC(CC2CCC3C(CCCC3C3CCCC(CCCC4CC5CCCCC5C4)C3)C2)CC1
C1CCC(CC2CCC(C3CCCCC3)C(C3CCCC3)C2)CC1
C1CCC(CC2CCCCC2CC2CCCC3CCCCC32)CC1
C1CCC(CC2CC3CCC(C4CCCCC4)CC3C(C3CCCCC3)C2)CC1
C1CCC(C2CCC3C(CCCC3C3CCCC(CC4CCCC4)C3)C2)CC1
C1CCC(CCC2CCCC(C3CC4CCCCC4C3)C2)CC1
C1CCC(C2CCC3C(CCC3C3CCCCC3)C2)CC1
C1CCC(CC2CCC(C3CCCCC3C3CCCCC3)C(C3CCCC3)C2)CC1
C1CCC(CCCC2CCCCC2CC2CCCCC2)CC1
C1CCC(CC2CCCCC2)CC1
C1CCC(CC2CCC(C3CCCCC3)CC2)CC1
C1CCC(CCCC2CCCC(C3CCCCC3)C2)CC1
C1CCC(CC2CCC(C3CCCCC3)C(CC3CCCCC3)C2)CC1
C1CCC(CCC2CC(C3CCCCC3)C3CCCCC23)CC1
C1CCC(CCC2CCC(C3CCC4CC(C5CCCCC5)CCC43)CC2)CC1
C1CCC(CCC2CCCCC2C2CCCC3CC(C4CCCCC4)CCC32)CC1
C1CCC(CCC2CCCC(C3CCC(CC4CC5CCCCC5C4)CC3)C2)CC1
C1CCC(CCCCC2CCC(C3CCCCC3)CC2)CC1
C1CCC(CCC2CCC(CC3CCC(C4CCCCC4)CC3)CC2)CC1
C1CCC(C2CCC(CCC3CC4CCCCC4C3)CC2)CC1
C1CCC(C2CCC(C3CCCCC3C3CCCCC3)CC2)CC1
C1CCC(CCCC2CCCCC2C2CCCCC2)CC1
C1CCC(C2CCCC(C3CCCCC3)C2)CC1
C1CCC(C2CCCCC2C2CCCCC2C2CCCCC2)CC1
C1CCC(CC2CCCCC2C2CCCCC2)CC1
C1CCC(CCC2CCCCC2C2CCCCC2)CC1
C1CCC(C2CCCC(CC(C3CCCCC3)C3CCCC(C4CCCCC4)C3)C2)CC1
C1CCC(CC2CCC3CC(C4CCC(C5CCCCC5)CC4)CCC23)CC1
C1CCC(C2CCCCC2CCC2CCC3CCCCC32)CC1
C1CCC2CC(C3CCC4CCCCC43)CCC2C1
C1CCC(CCCC2CCC(C3CC3)CC2CC2CCCCC2)CC1
C1CCC(C2CCCCC2C2CCCCC2C2CCC3CCCCC3C2)CC1
C1CCC(CCC2CCC(C3CCCCC3)CC2)CC1
C1CCC(CCCCC2CCCCC2C2CCCC(C3CCC(CC4CCCCC4)CC3)C2)CC1
C1CCC(CCC2CCC(CC3CC4CCCCC4C3)CC2)CC1
C1CCC(CCCCC2CCCC(CC3CCCCC3)C2)CC1
C1CCC(CCC2CCC(C3CCCCC3CC3CCC(C4CCCCC4)CC3)CC2)CC1
C1CCC(CC2CCCCC2CC2CCCCC2)CC1
C1CCC(CCCC2CCC(C3CCC(CC4CCCC4)CC3)CC2C2CCCC2)CC1
C1CCC(CC2CCCC(C3CCCCC3)C2)CC1
C1CCC(C2CCC(CC3CCC(C4CCCC4)CC3)CC2)CC1
C1CCC(CC2CCCCC2CC2CCC(C3CCCC3)CC2)CC1
C1CCC(CC2CCC(CCCC3CCC(CC4CCCCC4)CC3)CC2)CC1
C1CCC(C2CCCCC2C2CCCC2)CC1
C1CCC(C2CCC(C3CCC(C4CC4)CC3)CC2)CC1
C1CCC(CCCC2CCC(CC3CCCCC3)CC2)CC1
C1CCC(CC2CCC(CC3CCCCC3)CC2)CC1
C1CCC(CC2CCC(C3CCCCC3)C(C3CCC4CCCC4C3)C2)CC1
C1CCC(CC2CCCCC2C2CCC3C(CCCC3C3CCCCC3)C2)CC1
C1CCC(CC2CCCCC2C2CCCCC2)CC1
C1CCC(CC2CCCCC2)CC1
C1CCC(CC2CCC(C3CCCCC3C3CCCCC3)CC2)CC1
C1CCC(CCCCCC2CCC(CCC3CCCC(C4CCCCC4)C3)CC2)CC1
C1CCC(CCCCC2CCCC(C3CCC(CCC4CCCCC4)CC3)C2)CC1
C1CCC(CC2CCC(CC3CCC(C4CCC5CCCC5C4)CC3)CC2)CC1
C1CCC(C2CCC(C3CCCCC3CCC3CC3)CC2)CC1
C1CCC(C2CCC(CCCC3CCC(CCC4CCCC(C5CCCC5)C4)CC3)CC2)CC1
C1CCC(CCCC2CCC(CC3CCC(CCCC4CCC(CC5CCCCC5)CC4)CC3)CC2)CC1
C1CCC(CC2CCC(C3CCCCC3)CC2)CC1
C1CCC(CC2CCC(C3CCCCC3)C(C3CCCC3)C2)CC1
C1CCC(CC2CC3CCC(CC4CCCCC4)CC3C(C3CCCCC3)C2)CC1
C1CCC(C2CCCCC2)CC1
C1CCC(CC2CCCCC2)CC1
C1CCC(CC2CCC(C3CCC(C4CCCCC4)CC3)CC2)CC1
C1CCC(C(C2CCCCC2)C2CCCCC2)CC1
C1CCC(CC2CCC(CCC3CCCC(C4CCCCC4)C3)CC2)CC1
C1CCC(CCC2CCC(CC3CCCC(CCC4CCCCC4)C3)CC2)CC1
C1CCC(C2CCC(CCC3CC4CCCCC4C3)CC2)CC1
C1CCC(CCCCC2CCC3CCCCC23)CC1
C1CCC(CC2CCCC(CC3CCCC(C4CCCC4)C3)C2)CC1
C1CCC(CCCC2CC(C3CCCC(CCC4CCCCC4)C3)C3CCCCC23)CC1
C1CCC(CCC2CCCC(CCC3CCC(C4CCCCC4C4CCCCC4)CC3)C2)CC1
C1CCC(CC2CCCC(C3CCC(C4CCCCC4)CC3)C2)CC1
C1CCC(C2CCCC(C3CCCCC3C3CCCC3)C2)C1
C1CCC(CC2CCCC(CC3CCCC(CC4CCCCC4)C3)C2)CC1
C1CCC(CC2CC(C3CCCCC3)C3CCCCC23)CC1
C1CCC(CC2CCC(C3CCC(CC4CCCCC4)CC3)CC2)CC1
C1CCC(CC2CC(C3CC3)CC(C3CCCC(C4CCCCC4)C3)C2)CC1
C1CCC(C2CCC(C3CCCCC3C3CCCCC3)CC2)CC1
C1CCC(C2CCC(CC3CCC(CC4CCC(CCC5CCCC5)CC4)CC3)CC2)CC1
C1CCC(C2CCC(C3CCCCC3C3CCCCC3)CC2)CC1
C1CCC(C2CCCC(C3CCC(C4CCCC4)CC3)C2)CC1
C1CCC(CCC2CCC(C3CCCCC3CC3CCCCC3)CC2)CC1
C1CCC(C2CCCC(C(CC3CCCC3)C3CC4CCCCC4C3)C2)CC1
C1CCC(C2CCCC(CC3CCCC(CCC4CCC5C(CCCC5C5CC5)C4)C3)C2)CC1
C1CCC(C2CCC(C3CCC(CC4CCC5CCCCC5C4)CC3)CC2)CC1
C1CCC(CCC2CCC(CCC3CCCCC3)CC2)CC1
C1CCC(CC2CCCC(CCCCC3CCCC(C4CCCCC4)C3)C2)CC1
C1CCC(CC2CCC(C3CCC(C4CCC(C5CCCCC5)CC4)C3)CC2)CC1
C1CCC(CCC2CCC(C3CCCCC3)C(C3CCCCC3)C2)CC1
C1CCC(CC2CCCCC2C2CCCCC2CCC2CCCC2)CC1
C1CCC(C2CCC(CC3CCC(CC4CC5CCCCC5C4)CC3)CC2)CC1
C1CCC(CC2CCC(CC3CCC(CC4CC5CCCCC5C4)CC3)CC2)CC1
C1CCC(CCCCC2CCC3CC(C4CCC5CCCCC54)CC(C4CCCCC4)C3C2)CC1
C1CCC(CCC2CCCC(C3CCCC4CC(C5CCCCC5)CCC43)C2)CC1
C1CCC(CC2CCC(CC3CCC(C4CCC4)CC3)CC2)CC1
C1CCC(C2CCC(CCCC3CCC(C4CCCCC4)CC3)CC2)CC1
C1CCC(CCCC2CCCC(C3CCCCC3)C2)CC1
C1CCC(CC2CCC(CCC3CCCC(CC4CCCCC4)C3)CC2)CC1
C1CCC(CC2CCC(C3CCCCC3)CC2)CC1
C1CCC(C2CCC(CC3CC4CCCCC4C3)CC2)CC1
C1CCC(CC2CCC(C3CCC(CCC4CC5CCCCC5C4)CC3)CC2)CC1
C1CCC(CC2CCCCC2C2CCC3CCCCC32)CC1
C1CCC(CCC2CCC(CCC3CCCCC3)CC2)CC1
C1CCC(CC2CCC(C3CC(C4CCCCC4)C(C4CCCCC4)C3)CC2)CC1
C1CCC(CC2CCC(C3CCCCC3)CC2)CC1
C1CCC(CC2CCCCC2C2CCC(C3CCCC(C4CCCC4)C3)C2)CC1
C1CCC(C2CCC(C3CCCCC3)C(C3CCCCC3)C2)CC1
C1CCC(C2CCC(C3CCCC(C4CCCCC4)C3)CC2)CC1
C1CCC(C2CCC(C3CCCC(C4CCCC4)C3)CC2)CC1
C1CCC(CC2CCCC(CC3CCCCC3)C2)CC1
C1CCC(CC2CCC(C3CCCCC3)CC2)CC1
C1CCC(CC2CC(C3CCCC(C4CCCCC4)C3)C3CCCCC23)CC1
C1CCC(C2CCCCC2)CC1
C1CCC(CC2CCCC(C3CC(C4CCCCC4)C4CCCCC34)C2)CC1
C1CCC(C2CCCC3CCC(CCC4CCCC(CCC5CCCC(C6CCC6)C5)C4)CC32)CC1
C1CCC(CC2CCC(CC3CCCCC3CC3CCCCC3)CC2)CC1
C1CCC(CC2CC(C3CCCCC3)CCC2C2CCCCC2C2CCCC2)CC1
C1CCC(CCC2CCC(C3CCCC3)CC2)CC1
C1CCC(CCC2CCCC(C3CCC(CC4CCC(CC5CCCC5)CC4)CC3)C2)CC1
C1CCC(CC2CCCC(CC3CCCCC3)C2)CC1
C1CCC(CCCC2CCCC(CC3CCCCC3)C2)CC1
C1CCC(CCC2CCCC(C3CCCCC3)C2)CC1
C1CCC(C2CCCCC2C2CCCCC2C2CCCCC2)CC1
C1CCC(CCC2CCCC(C3CCC(CC4CCCCC4)CC3)C2)CC1
C1CCC(CC2CCCC(C3CCC(C4CC(C5CCCC5)C5CCCCC45)CC3)C2)CC1
C1CCC(C2CCCCC2CC2CCC3CC(C4CCCCC4C4CCCCC4)CCC23)CC1
C1CCC(C2CCCC(C3CC(C4CCCCC4)C4CCCCC34)C2)CC1
C1CCC(CC2CCC(C3CCC(C(CC4CCCCC4)C4CCCCC4)CC3)CC2)CC1
C1CCC(CCC2CC(C3CCCCC3)CC(C3CCCCC3)C2)CC1
C1CCC(CC2CCC(C3CCC(C4CCCCC4)CC3)C2)CC1
C1CCC(C2CC(C3CCC4CCCCC43)CC(C3CCC3)C2CC2CCCC2)CC1
C1CCC(CC2CCC3CC(C4CCCC(C5CCCCC5C5CCCC5)C4)CCC23)CC1
C1CCC(CC2CCCC(C3CCCCC3)C2)CC1
C1CCC(CCCC2CCC(CC3CCC4CCCCC43)C(CCC3CCC4CCCC4C3)C2)CC1
C1CCC(CCC2CC(C3CCCCC3)CC(C3CCCCC3)C2)CC1
C1CCC(CC2CCC(C3CC(C4CCCCC4)C4CCCCC34)CC2)CC1
C1CCC(CC2CC(C3CCCC(C4CCCC(C5CCCCC5)C4)C3)C3CCCCC23)CC1
C1CCC(CCCC2CC3CCCCC3C2)CC1
C1CCC(CC2CCC(CC3CCCCC3)CC2)CC1
C1CCC(CCC2CCCC(C3CCCC(C4CCCCC4)C3)C2)CC1
C1CCC(C2CCCCC2CC2CCC(CC3CC3)CC2)CC1
C1CCC(CC2CCC(C3CCC(CC4CCC(C5CCCCC5)CC4)CC3)CC2)CC1
C1CCC(CC2CCC(CCC3CCC(CC4CCCCC4)CC3)CC2)CC1
C1CCC(CC2CCC(CC3CCCCC3C3CCC4CCCC4C3)CC2)CC1
C1CCC(C2CCCC(CCC3CCCC4CCCCC43)C2)CC1
C1CCC(CC2CCC(CC3CCC(C4CCCCC4)CC3)CC2)CC1
C1CCC(CC2CC(CCC3CC(C4CCC(C5CCCCC5)CC4)C4CCCCC34)C3CCCCC23)CC1
C1CCC(C2CCC(CC3CCC(CC4CCC5CCCCC54)CC3)CC2)CC1
C1CCC(C2CCC(CC3CC(CC4CCCC4)C4CCCCC34)CC2CC2CCCC2)CC1
C1CCC(CC2CC(C3CCCCC3)CC(C3CCCCC3)C2)CC1
C1CCC(C2CCC(C3CCCCC3)CC2)CC1
C1CCC(C2CCCCC2C2CCC(CC3CCC4CCCCC4C3)CC2)CC1
C1CCC(CC2CCC(CCC3CCCC3)C(C3CCC(C4CCCC4)CC3)C2)CC1
C1CCC(CCCC2CCC(C3CCCCC3)CC2)CC1
C1CCC(CC2CCCCC2CC2CCCCC2)CC1
C1CCC(CCCC2CCC(CC3CCCCC3)C(C3CCCCC3)C2)CC1
C1CCC(CC2CCCCC2)CC1
C1CCC(CCCC2CCCC(CCCCC3CCC(CC4CCCCC4)CC3)C2)CC1
C1CCC(C2CCCC(C3CCC(C4CCC5CCCCC54)CC3)C2)CC1
C1CCC(C2CCCC(C3CC4CCCCC4C3)C2)CC1
C1CCC(CCC2CCC(C3CCCC(CC4CCCC(C5CCC6CCCC6C5)C4)C3)CC2)CC1
C1CCC(CCC2CCCC(C3CCC(CCC4CCC5CCCCC54)CC3)C2)CC1
C1CCC(CCC2CCCC(CC3CCCC(C4CCCC4)C3)C2)CC1
C1CCC(C2CCC(C3CCCCC3CC3CCCC3)CC2)CC1
C1CCC(CCC2CCC(CC3CCCCC3)C(C3CCCCC3)C2)CC1
C1CCC(CC2CCCCC2C2CCCC(C3CCC4CCCC4C3)C2)CC1
C1CCC(CC2CCC(CC3CCC(C4CCCCC4)CC3)CC2)CC1
C1CCC(CCCCC2CCC(CCCCC3CCCCC3C3CCC(CC4CCC4)CC3)CC2)CC1
C1CCC(CC2CCC(CC3CCCC(C4CCCCC4)C3)CC2)CC1
C1CCC(CCC2CCCC(C3CCCCC3C3CC4CCCCC4C3)C2)CC1
C1CCC(CC2CCC(CCC3CCCC(C4CCCCC4)C3)CC2)CC1
C1CCC(C2CCC(C3CCC(CCC4CC(C5CCCCC5)C5CCCCC45)CC3)CC2)CC1
C1CCC(C2CCCC(C3CCC(C4CCCCC4)C3)C2)CC1
C1CCC(CC2CCC(CCCC3CC4CCCCC4C3)CC2)CC1
C1CCC(C2CCCC(C3CCCC4CC(C5CCCCC5)CCC43)C2)CC1
C1CCC(CC2CCC(CC3CCCCC3)C(CC3CCCCC3)C2)CC1
C1CCC(C2CCC(C3CCCCC3)C(C3CCCC3)C2)CC1
C1CCC(CC2CCC(CC3CCCCC3)CC2)CC1
C1CCC(CCC2CCCCC2C2CCC(C3CCCC3)CC2)CC1
C1CCC(CCC2CCC(C3CCC4CCCCC43)CC2)CC1
C1CCC(C2CCC(C3CCC4CCCCC43)CC2)CC1
C1CCC(CC2CCC(C3CCCCC3)C(CC3CCCCC3CC3CCCCC3)C2)CC1
C1CCC(CC2CCC(CC3CCC(C4CCCCC4CC4CCCCC4)CC3)CC2)CC1
C1CCC(C2CCCCC2)CC1
C1CCC(CC2CCC(CCC3CCCC3)C(C3CCCCC3)C2)CC1
C1CCC(CC2CCCC(C3CCCCC3)C2)CC1
C1CCC(CCC2CCCC(C3CCC(C4CCCCC4)CC3C3CCCC3)C2)CC1
C1CCC(CCCCC2CCCC(C3CCCCC3)C2)CC1
C1CCC(CC2CCC(CC3CCC(CCC4CCCCC4CC4CCCCC4)CC3)CC2)CC1
C1CCC(CCCCC2CCC(CC3CCCCC3)CC2)CC1
C1CCC(CC2CCCCC2CC2CCC(C3CCCC3)CC2)CC1
C1CCC(CC2CCC(C3CCC(C4CCCC(CC5CCCCC5)C4)C3)CC2)CC1
C1CCC(CC2CCC(C3CCC(C4CCCC(CC5CCCC5)C4)CC3)C(C3CCCCC3)C2)CC1
C1CCC(CC2CCC(CC3CCC(C4CCCC4)CC3)CC2)CC1
C1CCC(CCC2CCC(CCC3CCCCC3C3CCCCC3)CC2)CC1
C1CCC(CCCC2CCC(C3CC4CCCCC4C3)CC2)CC1
C1CCC(C2CCC(C3CCCC(CC4CCC5CCCCC54)C3)CC2)CC1
C1CCC(CC2CCC3C(CC4CCCCC4)CC(C4CCC4)C3C2)CC1
C1CCC(CCC2CCCC(C3CCCCC3)C2)CC1
C1CCC(CCC2CCCC(C3CCCC(CC4CCC(CC5CCCCC5)CC4)C3)C2)CC1
C1CCC(CCCC2CCC(CC3CCCCC3)CC2)CC1
C1CCC(CC2CCC(C3CCCCC3)CC2)CC1
C1CCC(CCCC(C2CCCCC2)C2CCC(C3CCC(CC4CCCCC4)CC3)C2)CC1
C1CCC(CC2CCC(C3CCCCC3)CC2C2CCC3C(CCC3C3CCCCC3)C2)CC1
C1CCC(C2CCCC(CCC3CCC(C4CCC4)CC3)C2)CC1
C1CCC(CCC2CCC(C3CCCC(C4CCC5CCCCC5C4)C3)C(C3CCCCC3)C2)CC1
C1CCC(CC2CCC(C3CCCCC3)C(CC3CCCCC3)C2)CC1
C1CCC(CC2CCC(CC3CCC(C4CCCCC4)CC3)C2)CC1
C1CCC(CCC2CCCCC2C2CCCC(C3CCCCC3)C2)CC1
C1CCC(CC2CCC(C3CCCC(C4CCCC(CCC5CCCC5)C4)C3)CC2)CC1
C1CCC(C2CCCC(C3CC(C4CCCCC4)C4CCCCC34)C2)CC1
C1CCC(C2CCCC(C3CCC(CC4CCCC4)CC3)C2)CC1
C1CCC(C2CCC(C3CC(CC4CCC(C5CCC6CCCCC65)CC4)C4CCCCC43)CC2)C1
C1CCC(C2CCCC(C3CCCCC3)C2)CC1
C1CCC(CCCCC2CCCC(C3CCC3)C2)CC1
C1CCC2CC(C3CCCC4CC(C5CCCCC5C5CCCC5)CCC43)CCC2C1
C(CCC1CCCC1)CCC1CCC(CCC2CCC(C3CCCCC3)CC2)CC1
C1CCC(CC2CCC(C3CCCCC3C3CCCCC3)CC2C2CCC3CCCC3C2)CC1
C1CC2CC(CC3CCC(C4CCCC(C5CCCC6CCCCC65)C4)CC3)CC2C1
C1CCC(CC2CCC(C3CCCCC3)C(C3CCCCC3)C2)CC1
C1CCC(C2CCC3CC(C4CCC(C5CCC(C6CCCC6)CC5)CC4C4CCCC4)CCC32)CC1
C1CCC(CCCCC2CCC(CC3CCCC(C4CCCC4)C3)CC2)CC1
C1CCC(CC2CCCCC2CCC2CCC(C3CCCC3)CC2)CC1
C1CCC(C2CCCCC2C2CCCCC2CCCC2CCC3CCCCC3C2)CC1
C1CCC(C2CCC(CCC3CCCCC3C3CCCCC3)CC2)CC1
C1CCC(C2CCCC(C3CCCC(C4CCCCC4)C3)C2)CC1
C1CCC(C2CCC(CC3CCCCC3CC3CCC4CCCCC43)CC2)C1
C1CCC(CCC2CCC(CC3CCCCC3)CC2)CC1
C1CCC(CC2CCC(CC3CCCCC3)C(C3CCC4CCCC4C3)C2)CC1
C1CCC(CCC2CCC(C3CCC4CCCC4C3)CC2)CC1
C1CCC(CCC2CCC(C3CCCCC3CC3CCCCC3)CC2)CC1
C1CCC2CC(C3CCC(CC4CCCC(C5CC5)C4)CC3)CCC2C1
C1CCC(C2CCCC(CC3CC(C4CCCCC4)CCC3C3CCCCC3C3CCCCC3)C2)CC1
C1CCC(CCC2CCCCC2)CC1
C1CCC(C2CCCC(C3CCCCC3C3CCCCC3)C2)CC1
C1CCC(CC2CCCC(C3CCC(CC4CCCCC4)C(C4CCCCC4)C3)C2)CC1
C1CCC(C2CCCC(CC3CCCC(C4CCCC4)C3)C2)CC1
C1CCC(CCC2CCCC(C3CCCCC3)C2)CC1
C1CCC(CC2CC3CCC(C4CCC(C5CC5)CC4)CC3C(C3CCCCC3)C2)CC1
C1CCC2CC(CC3CCCCC3C3CCCC3)CCC2C1
C1CCC(CC2CCCCC2C2CCCCC2)CC1
C1CCC(CC2CC(C3CCCCC3)C3CC(C4CCCCC4)CCC23)CC1
C1CCC(C2CCCCC2CCC2CCCCC2C2CCC3CCCCC3C2)CC1
C1CCC(CC2CCC(C3CCCCC3)CC2)CC1
C1CCC(CCCCC2CCC(CC3CCCCC3C3CCCCC3)CC2)CC1
C1CCC(CC2CC(CCCCC3CCCCC3C3CCCCC3)C3CCCCC23)CC1
C1CCC(CC2CCC(C3CC(C4CCCCC4)C4CCCCC34)CC2)CC1
C1CCC(C2CCC(CC3CCC(C(C4CCCCC4)C4CCCC4)CC3)CC2)CC1
C1CCC(CC2CCC(CCCCC3CCC(C4CCCC4)CC3)CC2)CC1
C1CCC(CCC2CCCC(C3CCCCC3)C2)CC1
C1CCC(CCC2CCC(CCCCC3CCC(C4CCCC(C5CCCC5)C4)CC3)CC2)CC1
C1CCC(CC2CCCC(C3CCCCC3C3CC(C4CCCCC4)C4CCCCC43)C2)CC1
C1CCC(C2CCCCC2)CC1
C1CCC(CC2CCC(CCC3CCCC(C4CCCCC4)C3)CC2)CC1
C1CCC(CCC2CCC(C3CCC4CC(CC5CCCCC5)CCC43)CC2)CC1
C1CCC(CC2CC(C3CCCCC3)C3CCC(CCC4CCCC4)CC23)CC1
C1CCC(CC2CCCC(C3CCCC3C3CCCCC3CC3CCCCC3)C2)CC1
C1CCC(CCCC(C2CCCCC2)C2CCCCC2)CC1
C1CCC(CCCC2CCCC(CC3CCCCC3)C2)CC1
C1CCC(CCCC2CCCCC2C2CCCCC2)CC1
C1CCC(CCC2CCC(C3CCCCC3)CC2)CC1
C1CCC(CCC2CCC(CC3CCCCC3)CC2)CC1
C1CCC(CC2CCC(CCC3CCC(C4CCCCC4)CC3)CC2)CC1
C1CCC(CCCC2CCC(C3CCCC(C4CCCCC4)C3)CC2)CC1
C1CCC(CCC2CCC(CC3CCC(CCC4CCCCC4)CC3)CC2)CC1
C1CCC(CC2CCC(CC3CCCC(C4CC(C5CCCCC5)C4)C3)CC2)CC1
C1CCC(CCC2CCC3C(CCC4CCCC(C5CCCCC5)C4)CCC3C2)CC1
C1CCC(C2CCC(CCC3CCC(C4CCCC(CC5CC5)C4)CC3)CC2)CC1
C1CC(CCC2CCCC(C3CCC(C4CCCC4)CC3)C2)C1
C1CCC(CC2CCCC(CC3CCC(C4CCCCC4)CC3)C2)CC1
C1CCC(CC2CCCC(CC3CCCCC3)C2)CC1
C1CCC(C2CCC3C(CC4CCC(C5CCC6CCCCC6C5)CC4)CCCC3C2)CC1
C1CCC(CCC2CCC(C3CCCCC3)CC2)CC1
C1CCC(CCC2CCC(C3CCC(CC4CCCCC4)CC3)CC2C2CCCCC2)CC1
C1CCC(CC2CCC(C3CCC(C4CCCCC4)CC3)CC2)CC1
C1CCC(CC2CC(C3CCCC(C4CCCCC4)C3)CC(C3CC4CCCCC4C3)C2)CC1
C1CCC(CCC2CCCC(CC3CCCCC3C3CCCCC3)C2)CC1
C1CCC(CC2CCC(CC3CCC(CCC4CC4)CC3)CC2)CC1
C1CCC(CCCC2CC(CC3CCCCC3)CCC2C2CCCC(C3CCC3)C2)CC1
C1CCC(CC2CCC(CC3CCCCC3C3CCCCC3)CC2)CC1
C1CCC(C2CCC(C3CCCCC3)CC2)CC1
C1CCC(C2CC(CC3CCCC(C4CCC4)C3)C3CCCCC32)CC1
C1CCC(C2CCCC(CC3CCC(C4CCCC4)CC3)C2)CC1
C1CCC(CCCC2CCCCC2CC2CCCCC2)CC1
C1CCC(CCC2CCCC(CC3CC(C4CCC5CCCCC54)C4CCCCC34)C2)CC1
C1CCC(C2CCCC(C3CCC(C4CCCCC4C4CCCCC4)CC3)C2)CC1
C1CCC(C2CCCC(C3CCCC3)C2)CC1
C1CCC(CC2CC(C3CCCC3)C3CC(C4CCCC(CCC5CC5)C4)CCC23)CC1
C1CCC(C2CCC(CC3CCCCC3C3CCCC3)CC2)CC1
C1CCC(CCC2CCC(C3CCCCC3)CC2)CC1
C1CCC(CCCCC2CCC(CC3CCCCC3)CC2)CC1
C1CCC(CCC2CCCC(C3CCC(C4CCCCC4)CC3)C2)CC1
C1CCC(CC2CCC(CC3CCCC(CC4CCCCC4)C3)CC2)CC1
C1CCC(C2CCC(CCC3CCCC(CC4CCC4)C3)CC2)CC1
C1CCC(C2CCCCC2C2CCC(C3CCC(C4CCCCC4C4CCCC4)CC3)CC2)CC1
C1CCC(CCC2CCCC(C3CCCC(C4CCCCC4)C3)C2)CC1
C1CCC(CC2CC(C3CCCCC3)C3CCCCC23)CC1
C1CCC(CCC2CCC(CC3CCC(CC4CCCC(C5CCCC5)C4)CC3)CC2)CC1
C1CCC(C2CCC(C3CCCC(CC4CCCCC4C4CCCC4)C3)CC2)CC1
C1CCC(CCCC2CCCCC2C2CCC(C3CCCC(C4CC4)C3)CC2)CC1
C1CCC(CC2CCC(CC3CCCCC3)CC2)CC1
C1CCC(CC2CCCCC2CCC2CCCC(C3CCCCC3)C2)CC1
C1CCC(CCC2CCCCC2C2CCCC(CC3CC3)C2)CC1
C1CCC(C2CCCCC2C2CC3CCCCC3C2)CC1
C1CCC(CC2CCC(CCC3CCCC(CC4CC(CC5CCCCC5)C4)C3)CC2)CC1
C1CCC(C2CCC(C3CCCCC3)CC2)CC1
C1CCC(CCC2CCCC(C3CCC(C4CCC(CC5CCCC5)CC4)CC3)C2)CC1
C1CCC(CC2CCC(C3CCCCC3)CC2)CC1
C1CCC(C2CCCC(C3CCCC(CC4CCCC4)C3)C2)CC1
C1CCC(CCC2CCCC(C3CCCCC3)C2)CC1
C1CCC(CC2CCCC(C3CCCC(C4CCCCC4)C3)C2)CC1
C1CCC(C2CCC(C3CCCCC3C3CCCC3)C(C3CCCCC3)C2)CC1
C1CCC(CC2CCCC(CC3CCC(C4CCCCC4)CC3)C2)CC1
C1CCC(CC2CCCCC2C2CCCC(CC3CC3)C2)CC1
C1CCC(CCCC2CCCC(C3CCCC(C4CCCCC4)C3)C2)CC1
C1CCC(CC2CCC(C3CCCCC3)CC2)CC1
C1CCC(C2CCC3CC(CCCCC4CCC5CCCC5C4)CC(C4CCCCC4)C3C2)CC1
C1CCC(CC2CCCC(CC3CC(C4CCC5CCCCC5C4)C4CC(C5CCC5)CCC34)C2)CC1
C1CCC(C2CCCC(CC3CCCC4CC(CC5CCC(C6CCCC7CCCCC76)CC5)CCC43)C2)CC1
C1CCC(C2CCC3CC(CC4CCCC(C5CCCC(C6CCC7CCCCC76)C5)C4)CC3C2)CC1
C1CCC(C2CCCC(C3CCC(CC4CCC(C5CCCC5)CC4)CC3)C2)CC1
C1CCC(CCCCCC2CCCCC2C2CCC(C3CCCCC3)CC2)CC1
C1CCC(CC2CCCC(CC3CCCC(CC4CCCC4)C3)C2)CC1
C(CCCC1CCCCC1)CCCC1CCCCC1CCC1CCC(C2CCC2)CC1
C1CCC(C2CCC(CCC3CCCC(C4CCCCC4)C3)CC2)CC1
C1CCC(CC2CCC(C3CCCCC3)CC2)CC1
C1CCC(C2CCCC(C3CCCCC3)C2)CC1
C1CCC(CC2CCC(C3CCCCC3)CC2)CC1
C1CCC(CC2CCC(C3CC(C4CC4)CCC3C3CCCC(CC4CCCCC4)C3)CC2)CC1
C1CCC(C2CCC(CCCC3CC(C4CCCCC4)CC(C4CCCC4)C3)CC2)CC1
C1CCC(CC2CC(CC3CCCC(CC4CCCC4)C3)C3CCCCC23)CC1
C1CCC(CC2CCCC(CC(CC3CC4CCCCC4C3)C3CCCCC3)C2)CC1
C1CCC(CCCCC2CCCCC2CC2CCCCC2)CC1
C1CCC(C2CCCC(CC3CC(C4CCCCC4)C4CCCCC34)C2)CC1
C1CCC(CCCCC2CCC(C3CCCC(C4CCCCC4)C3)CC2)CC1
C1CCC(CC2CC(C3CCCC(C4CCCCC4)C3)C3CCC(C4CCCCC4)CC23)CC1
C1CCC(CC2CCC(CC3CCC(C4CCCC5CCCC54)CC3)CC2)CC1
C1CCC(CCCC2CCCC(C3CCCCC3CCCC3CCC(C4CCCCC4)CC3)C2)CC1
C1CCC(C2CCCCC2C2CCCCC2C2CCCC2)CC1
C1CCC(CC2CCC(CCCC3CCC(C4CCCCC4)CC3)CC2)CC1
C1CCC(C2CCCCC2C2CCCCC2)CC1
C1CCC(C2CCC(C3CCCCC3C3CCC4CCCC4C3)CC2)CC1
C1CCC(C2CCCC(C3CCC(C4CCCCC4C4CCCCC4)CC3)C2)CC1
C1CCC(CCC2CCC(CCC3CCCCC3)CC2)CC1
C1CCC(C2CCC(C3CCC(C4CCC4)CC3)CC2)CC1
C1CCC(C2CCCCC2C2CCCC(C3CCCC3)C2)CC1
C1CCC(CC2CC3CCCCC3C(C3CCCCC3)C2)CC1
C1CCC(CCC2CCC3C(CC4CCCCC4)CCC3C2)CC1
C1CCC(C2CCC(CC3CCCCC3C3CC(C4CCC(C5CCCC5)CC4)C4CCCCC43)C2)CC1
C1CCC(C2CCCC(C3CCCC(C4CCCCC4)C3)C2)CC1
C1CCC(C2CCC(C3CCCC(C4CCCCC4)C3)CC2)CC1
C1CCC(CC2CCCCC2CC2CCCCC2C2CCC2)CC1
C1CCC(CC2CCC(CC3CC4CCCCC4C3)CC2)CC1
C1CCC(CCCC2CC(C3CCC(C4CCCCC4)CC3)C3CCCCC23)CC1
C1CCC(CC2CCCC(C3CC(C4CCCCC4)CC(C4CCCC4)C3)C2)CC1
C1CCC(C2CCCC(CC3CCCCC3C3CCCCC3C3CCCC3)C2)CC1
C1CCC(CCC2CC(C3CCC(CC4CCC(C5CC5)CC4)CC3)C3CCCCC23)CC1
C1CCC(C2CCC(C3CCC4CCCCC43)CC2)CC1
C1CCC(C2CCCCC2C2CCC3CCCC3C2)CC1
C1CCC(CC2CCCC(C3CCCC(C4CCCCC4)C3)C2)CC1
C1CCC(CCC2CCCC(C3CCCCC3)C2)CC1
C1CCC(CC2CCC(C3CCCCC3)CC2)CC1
C1CCC(CCCCCC2CCCCC2C2CCC(C3CC3)CC2)CC1
C1CCC(CCC2CCC(CCC3CCCC3)CC2C2CCCCC2)CC1
C1CCC(CCC2CC(C3CCCCC3)CC3CCCCC32)CC1
C1CCC(C2CCCC(C3CCCC(CCC4CCC5CCCCC54)C3)C2)CC1
C1CCC(CCC2CCCC(CCC3CCCCC3)C2)CC1
C1CCC(CC2CCC(CCCCC3CCC4CCCC4C3)CC2)CC1
C1CCC(CCC2CCCC(C3CCCC(C4CCCCC4)C3)C2)CC1
C1CCC(CCC2CCC(C3CCCCC3C3CCC4CCCC4C3)CC2)CC1
C1CCC(CC2CCC3CC(CC4CCC(C5CCCCC5)CC4)CCC23)CC1
C1CCC(CC2CCCCC2CCCC2CCCC(C3CCCCC3)C2)CC1
C1CCC(CCC2CCC(C3CCC(CCC4CCCCC4)CC3)CC2)CC1
C1CCC(CCC2CCC(C3CCCCC3)CC2C2CCCCC2)CC1
C1CCC(C2CCCC(C3CCCCC3)C2)CC1
C1CCC(C2CCCC(CC3CCC4CCCCC43)C2)CC1
C1CCC(CCC2CCCC3CC(C4CCCCC4C4CCCCC4)CCC23)CC1
C1CCC(CC2CCCCC2CCCCCC2CCCC(CC3CC4CCCCC4C3)C2)CC1
C1CCC(CCCC2CCC(CC3CCCCC3)CC2)CC1
C1CCC(CC2CCCCC2C2CCCCC2)CC1
C1CCC(CCC2CCCCC2CC2CCC(CC3CCCCC3)CC2)CC1
C1CCC(CC2CC(CC3CCCCC3)C3CCCCC23)CC1
C1CCC(CC2CCC(CC3CCCCC3)C(CC3CCCCC3)C2)CC1
C1CCC(CC2CCC(C3CCC(CC4CCCCC4)CC3)CC2)CC1
C1CCC(C2CCCC(C3CCC(C4CCC(C5CCCC5)CC4)CC3)C2)CC1
C1CCC(C2CCCC(C3CCCC(C4CCCCC4)C3)C2)CC1
C1CCC(CC2CCCC(CC3CCC4CCCCC43)C2)CC1
C1CCC(CCCC2CCC(CC3CCCCC3)CC2)CC1
C1CCC(CCCCC2CCCCC2CC2CC3CCCCC3C2)CC1
C1CCC(C2CCC(C3CCCCC3)CC2)CC1
C1CCC(CC2CCC(CC3CCCCC3)CC2)CC1
C1CCC(C2CCC(CC3CCCC(C4CCCCC4)C3)CC2)CC1
C1CCC(CC2CCC(C3CCCC3)CC2)CC1
C1CCC(CC2CCC(CC3CCCCC3)CC2)CC1
C1CCC(C2CCCCC2C2CCCCC2)CC1
C1CCC(C2CCCC(C3CCCC4CCCCC43)C2)CC1
C1CCC(CCCC2CCC(CC3CCCC(C4CCCCC4)C3)CC2)CC1
C1CCC(C2CCC3CC(C4CCC(CC5CCCC5)CC4)CC(C4CCCCC4)C3C2)CC1
C(CCCC1CCC(CC2CCCCC2)CC1)CCC1CCCCC1
C1CCC(CCC2CCC3CCCCC32)CC1
C1CCC(C2CCCC(C3CCC(CCCC4CCC(C5CCCC5)CC4)C3)C2)CC1
C1CCC(CC2CCC(C3CCCCC3)CC2)CC1
C1CCC(C2CCCC(C3CCCC(C4CCCCC4)C3)C2)CC1
C1CCC(CCCC2CCC(C3CCCCC3)CC2)CC1
C1CCC(C2CCCCC2C2CCC3C(CCCC3C3CCC(C4CC5CCCCC5C4)CC3)C2)CC1
C1CCC(C2CCC(C3CCCCC3)CC2)CC1
C1CCC(CCCC2CCCC(CC3CCC(C4CCCCC4)C3)C2)CC1
C1CCC(CC2CCC(CC3CCC(CC4CCCCC4)CC3)CC2)CC1
C1CCC(C2CCC3C(CCC3C3CCCCC3)C2)CC1
C1CCC(CCC2CCC(C3CCCC(C4CCCCC4C4CCCCC4)C3)CC2)CC1
C1CCC(C2CCCC(CCCC3CCCCC3C3CCCCC3)C2)CC1
C1CCC(CCC2CCCC(C3CCCCC3)C2)CC1
C1CCC(C2CCCCC2)CC1
C1CCC(CCC2CCCC(C3CCCCC3C3CCCCC3C3CCCC3)C2)CC1
C1CCC(C2CCC(C3CC(C4CCCCC4)CC(C4CCCC4)C3)CC2)CC1
C1CCC(CC2CC(C3CCCCC3)CC(C3CCCCC3)C2)CC1
C1CCC(CCCC2CCC(CC3CCCCC3)CC2)CC1
C1CCC(CCCC2CCC(C3CCCCC3)CC2)CC1
C1CCC(CCC2CC(C3CCCCC3)CCC2C2CC3CCCCC3C2)CC1
C1CCC(CC2CCC(C3CCCCC3)CC2C2CCCCC2)CC1
C1CCC(CC2CCCC(CC3CCCCC3)C2)CC1
C1CCC(CCC2CCCCC2)CC1
C1CCC(CC2CCC(CC3CCCC3)CC2)CC1
C1CCC(CCCCC2CCCCC2)CC1
C1CCC(CCCC2CCCC(CC3CCCCC3)C2)CC1
C1CCC(C2CCCC(CCC3CCCCC3C3CCCCC3)C2)CC1
C1CCC(CC2CCC(CC3CCC(C4CCCCC4)CC3)CC2)CC1
C1CCC(CCC2CCCCC2CC2CCCCC2)CC1
C1CCC(CC2CCC(CC3CCCCC3)CC2)CC1
C1CCC(CC2CCC(CC3CC3)C(CC3CCC4CC(C5CCC6CCCCC65)CCC4C3)C2)CC1
C1CCC(C2CC(CCC3CCC(C4CCCC4)CC3)CC3CCC(C4CCCC4)CC32)CC1
C1CCC(C2CCCC(C3CCC4CCC(C5CC5)CC4C3)C2)CC1
C1CCC(C2CCC(C3CCCC3)CC2)CC1
C1CCC(C(CCC2CC3CCCCC3C2)C2CCCC(C3CCCC(C4CC4)C3)C2)CC1
C1CCC(CC2CCC(CCC3CC4CCCCC4C3)CC2)CC1
C1CCC(C2CCCCC2C2CCCC(C3CCCC3)C2)CC1
C1CCC(CCC2CCCCC2C2CCCCC2)CC1
C1CCC(C2CCC(CC3CCC(C4CCCCC4)CC3)CC2)CC1
C1CCC(CCC2CCC(CC3CCC(C4CCCC(C5CCCC5)C4)CC3)CC2)CC1
C1CCC(CCC2CCC(CCC3CCCC3)CC2)CC1
C1CCC(CCCC2CCC(CC3CCCCC3)CC2)CC1
C1CCC(CCC2CCCC(C3CCCCC3)C2)CC1
C1CCC(CC2CCCCC2C2CCCCC2C2CCCC2)CC1
C1CCC(CC2CCCC2CCC2CCC(C3CCCC(C4CCCC4)C3)CC2)CC1
C1CCC(C2CCC(C3CCCCC3)CC2)CC1
C1CCC(CCC2CCCC(CC3CC(CC4CCCCC4)C4CCCCC34)C2)CC1
C1CCC(C2CCCCC2CCC2CCC(C3CCC4CCCC4C3)CC2)CC1
C1CCC(C2CCC(CC3CCCCC3C3CCCCC3C3CCCC3)CC2)CC1
C1CCC(CCC2CCCC(CC3CCCCC3)C2)CC1
C1CCC(C2CCCC(C3CC(C4CCCCC4)CCC3C3CCCCC3)C2)CC1
C1CCC(CC2CCC(C3CCCC(CC4CCCC(C5CCCCC5)C4)C3)CC2)CC1
C1CCC(C2CCCC(C3CCCC(C4CCC5CCCC5C4)C3)C2C2CCC3CCCCC32)CC1
C1CCC(CCC2CCC(C3CCCCC3C3CCCCC3)CC2)CC1
C1CCC(CC2CCCC(C3CCCCC3)C2)CC1
C1CCC(CC2CCC(C3CCCC(CC4CCCCC4)C3)CC2)CC1
C1CCC(C2CCC(C3CCCC(C4CCCCC4)C3)CC2)CC1
C1CCC(CC2CCC(CC3CC4CCCCC4C3)CC2)CC1
C1CCC(C2CCC(C3CCC(CC4CCC(CCC5CCCC(C6CC6)C5)CC4)CC3)CC2)CC1
C1CCC(CC2CCC(C3CCCCC3)CC2C2CCCCC2)CC1
C1CCC(C2CCCCC2CCC2CCC(C3CCCC(CCC4CCC(C5CCCC5)CC4)C3)CC2)CC1
C1CCC(C2CCC3C(CCCC3C3CCC(CCC4CCCC5CCCCC54)CC3)C2)CC1
C1CCC(CC2CCC(CC3CCCC(C4CCCCC4CC4CCC4)C3)CC2)CC1
C1CCC(C2CCCC(C3CCCCC3C3CCCC3)C2)C1
C1CCC(CCCC2CCC(C3CC(CC4CCCCC4)C4CCCCC43)CC2)CC1
C1CCC(C2CCCC(C3CCCCC3C3CCCCC3)C2)CC1
C1CCC2CC(C3CCC(C4CCCC(C5CCC6CCCCC65)C4)CC3)CCC2C1
C1CCC(CCC2CCCC(C3CCCCC3)C2)CC1
C1CCC(CC2CCC(CCC3CCCC(CCCCC4CC4)C3)CC2)CC1
C1CCC(C2CCCCC2C2CCCC2)CC1
C1CCC(CCCC2CC(C3CCCCC3C3CCCCC3)C3CCCCC23)CC1
C1CCC(CCC2CCC(CCC(C3CCCCC3)C3CCCC(C4CCCCC4)C3)CC2)CC1
C1CCC(CC2CCCC(C3CCC(CCCCC4CC4)CC3)C2)CC1
C1CCC(CC2CCC(CCC3CCC(CC4CCCCC4)CC3)CC2)CC1
C1CCC(C2CCC(C3CCCC(C4CCCCC4C4CCCCC4C4CCCC4)C3)CC2)CC1
C1CCC(CCC2CCC(C3CCCCC3)CC2)CC1
C1CCC(C2CCC(C3CCCC(C4CC(CC5CC5)C5CCCCC54)C3)CC2)CC1
C1CCC(CCC2CCCC(CCC3CCCC(CC4CCCCC4)C3)C2)CC1
C1CCC(CCCC(C2CCCCC2)C2CCCCC2)CC1
C1CCC2CC(C3CCCC(C4CCCCC4C4CCCC4)C3)CC2C1
C1CCC(CC2CCCC(CC3CCC(C4CCCCC4)CC3)C2)CC1
C1CCC(C2CCCC(CCC3CCCC3)C2)CC1
C1CCC(CC2CCCC(CCCCCC3CCCC(C4CCCCC4)C3)C2)CC1
C1CCC(CC2CCC(CC3CCCC(C4CCCCC4)C3)CC2)CC1
C1CCC(CCC2CC(CC3CCCCC3)CCC2C2CCCC2)CC1
C1CCC(CC2CCC(CC3CCCC(C4CCCC4)C3)CC2)CC1
C1CCC(CC2CCCCC2C2CCCC(C3CCCCC3)C2)CC1
C1CCC(CC2CCCC(C3CCC4CCCC4C3)C2)CC1
C1CCC(C2CCC(C3CCCC(C4CCCC(C5CCC(CCC6CC7CCCCC7C6)CC5)C4)C3)C2)CC1
C1CCC(CCC2CCC(C3CC3)CC2C2CCCC(C3CCCC(CC4CC4)C3)C2)CC1
C1CCC(CCCC2CCC(CCC3CCC(CC4CCCCC4)CC3)CC2)CC1
C1CCC(CC2CCCC(CC3CCCC(CC4CCCCC4)C3)C2)CC1
C1CCC(C2CC(CC3CCC(C4CC5CCCCC5C4)CC3)C3CCCCC32)CC1
C1CCC(C2CCCC(CCCC3CCCC3)C2)CC1
C1CCC(CCC2CCC3CC(CC4CCCCC4)CC(C4CCCCC4)C3C2)CC1
C1CCC(CCCCCC2CCC(C3CCCC3)CC2)CC1
C1CCC(CCCC2CCC(CC3CCCCC3)CC2)CC1
C1CCC(CCC2CCCC(C3CCCCC3)C2)CC1
C1CCC(CC2CC(C3CCCC(C4CCCCC4)C3)C3CCCCC23)CC1
C1CCC(CC2CCC(C3CCCC(C4CCCCC4)C3)CC2)CC1
C1CCC(CC2CCC(C3CCC(CC4CCCC4)CC3)CC2)CC1
C1CCC(CC2CCC(C3CCCCC3C3CCCC(CC4CCCC4)C3)CC2)CC1
C1CCC(C2CCC(CCC3CCCCC3CCC3CCC3)CC2)CC1
C1CCC(CCC2CC(CC3CCCC(C4CC5CCCCC5C4)C3)C3CCCCC23)CC1
C1CCC(C2CCCC(CC3CCCC(C4CCC5CCCCC5C4)C3)C2)C1
C1CCC(CC2CCC(CC3CCC(CC4CCC(CC5CC5)CC4)CC3)CC2)CC1
C1CCC(C2CC(C3CCCCC3)CC(C3CCCCC3)C2)CC1
C1CCC(C2CCC(CCCC3CC(C4CCCCC4)CC(C4CCC4)C3)CC2)CC1
C1CCC(CCC2CCC(CC3CCCCC3)C(CCC3CCCCC3)C2)CC1
C1CCC(C2CCC3CC(C4CC4)CCC3C2)CC1
C1CCC(C2CCC(CC3CCC(C4CCCCC4)C3)CC2)CC1
C1CCC(CC2CCCC(CC3CCCCC3)C2)CC1
C1CCC(CCC2CCCCC2C2CCCCC2)CC1
C1CCC(CC2CCCC(CC3CCCCC3)C2)CC1
C1CCC(CCC2CCCC(C3CCC4C(CCCC4C4CCCCC4)C3)C2)CC1
C1CCC(CC2CCC(C3CCC4CCCCC4C3)CC2)CC1
C1CCC(CCC2CCC(CCC3CCC(C4CCCCC4)CC3)CC2)CC1
C1CCC(C2CCC(CCC3CCC4CCCCC43)CC2)CC1
C1CCC(CC2CCCCC2C2CCC(CCC3CC4CCCCC4C3)CC2)C1
C1CCC(C2CCC(C3CC3)CC2C2CCCCC2)CC1
C1CCC(CC2CCC(C3CCCCC3)C(C3CCCC3)C2)CC1
C1CCC(CCC2CCCCC2C2CCC(CC3CCCC(C4CCCC4)C3)CC2)CC1
C1CCC(CCC2CCCC(C3CCCC(C4CCCCC4)C3)C2)CC1
C1CCC(CCC2CCCC(C3CCCC3)C2)CC1
C1CCC(C2CCC(C3CCC4CCCC4C3)CC2)C1
C1CCC(CCC2CCC(CC3CCCCC3)C(CCC3CCCCC3)C2)CC1
C1CCC(C2CCCC(CCCCC3CCCCC3C3CCCCC3)C2)CC1
C1CCC(CC2CCC(CC3CCCC(C4CCCC(C5CCCCC5)C4)C3)CC2)CC1
C1CCC(C2CCC(CC3CCC(C4CCCC(C5CCCCC5C5CCCCC5)C4)CC3)CC2)CC1
C1CCC(CCCC2CC(CC3CCCCC3)CCC2C2CCCCC2)CC1
C1CCC(CC2CCCC(C3CCCCC3)C2)CC1
C1CCC(CC2CCCC(C3CCCCC3)C2)CC1
C1CCC(C2CCC(CC3CC4CCCCC4C3)CC2)CC1
C1CCC(CCCC2CCCC(CCCC3CCCCC3)C2)CC1
C1CCC(CC2CCC(C3CCCCC3)CC2)CC1
C1CCC(C2CCC(C3CCCC(C(C4CCC5CCCCC54)C4CCC5CCCCC54)C3)CC2)C1
C1CCC(C2CCCC(C3CCC4CCCCC4C3)C2)CC1
C1CCC(CCC2CCCC(C3CCCC(C4CCC(C5CCCCC5)CC4)C3)C2)CC1
C1CCC(CCC(CC2CCC(CC3CCCCC3)CC2)C2CCCCC2)CC1
C1CCC(CC2CCC(CCC3CCC(C4CCCCC4)CC3)CC2)CC1
C1CCC(CC2CCC3C(CC4CCCCC4)CC(C4CCCCC4)C3C2)CC1
C1CCC(CCC2CCCCC2C2CCC3CCCC3C2)CC1
C1CCC(CC2CCC(C3CCCCC3CCCCCC3CCCC3)C2)CC1
C1CCC(CCCCCC2CCCCC2CC2CCC(CC3CCC(CC4CC4)CC3)CC2)CC1
C1CCC(C2CCC(C3CCCCC3C3CCC4CCCC4C3)C(C3CCCCC3)C2)CC1
C1CCC(CC2CCCCC2CC2CCCC(CC3CCCC(C4CCCCC4)C3)C2)CC1
C1CCC(C2CCC(C3CCC(C4CCCCC4)CC3C3CCCC3)C2)CC1
C1CCC(CC2CCCCC2)CC1
C1CCC(CC2CC(C3CC3)CCC2C2CCCCC2)CC1
C1CCC(CC2CCCC(C3CCCC3)C2)CC1
C1CCC(C2CCC(CC3CCCC(C4CCCCC4)C3)CC2)CC1
C1CCC(CC2CCCCC2C2CCCCC2)CC1
C1CCC(CCCC2CCCCC2C2CCCC(CCC3CCCCC3)C2)CC1
C1CCC(CCC2CCCC(C3CCCCC3)C2)CC1
C1CCC(CCCC2CCC3CC(C4CCC5CCCCC54)CC(C4CCCCC4)C3C2)CC1
C1CCC(C2CCC(CCC3CCC(C4CCC(C5CCCCC5)CC4)CC3)CC2)CC1
C1CCC(CCC2CCCC3CC(CC4CCC5CCCCC5C4)CCC23)CC1
C1CCC(CC(C2CCCCC2)C2CCC(C3CCCCC3)CC2)CC1
C1CCC(CCCC2CCCC(CC3CCCC(CC4CCCCC4)C3)C2)CC1
C1CCC(CC2CCC(CCC3CCCCC3CC3CCCCC3)CC2)CC1
C1CCC(C2CCC(C3CCCCC3C3CCCC3)CC2)CC1
C1CCC(CC2CCC(C3CCCCC3C3CCCCC3)CC2)CC1
C1CCC(CC2CCC(C3CCCCC3C3CCCC3)C(CC3CCCC3)C2)CC1
C1CC(C2CCCC(C3CCC(C4CCC5CCCCC54)CC3)C2)C1
C1CCC(C2CCCC(C3CCCC(CC4CCC5CCCCC54)C3)C2)CC1
C1CCC(C2CC(C3CCCCC3C3CC3)CC3CCC(C4CCCC4)CC32)CC1
C1CCC(CC2CC(CCC3CCCC(C4CCCC4)C3)CC(C3CCCCC3)C2)CC1
C1CCC(C2CCCC(C3CCCC(C4CCCCC4)C3)C2)CC1
C1CCC(CC2CCCC(CC3CCCCC3)C2)CC1
C1CCC(C2CCC(CC3CCCCC3C3CCCCC3)CC2)CC1
C1CCC(C2CCC(CC3CCCC(C4CCCC(C5CC5)C4)C3)CC2)C1
C1CCC(C2CCCC3CC(C4CCCC(C5CCC6CCCCC6C5)C4)CCC32)CC1
C1CCC(CCC(CCC2CCCCC2)C2CCCCC2)CC1
C1CCC(CCC2CCCC(C3CCCCC3)C2)CC1
C1CCC(C2CCCC(C3CCCCC3)C2)CC1
C1CCC(CC2CCC(CCC3CC4CCCCC4C3)CC2)CC1
C1CCC(C2CCC(C3CCCC(C4CCCCC4)C3)CC2)CC1
C1CCC(CC2CCC(C3CCCC3)CC2)CC1
C1CCC(C2CCC(CCC3CCC(C4CCCCC4)CC3)CC2)CC1
C1CCC(CC2CCCC(C3CCCCC3C3CCCCC3C3CCCC3)C2)CC1
C1CCC(CC2CCC(C3CCCC4CCCCC43)CC2)C1
C1CCC(CC2CCC(CC3CCCCC3C3CCCCC3)CC2)CC1
C1CCC(C2CCC(C3CCCCC3)CC2)CC1
C1CCC(CCC2CCC(C3CCC(CC4CCCCC4)CC3)C(CC3CCCCC3)C2)CC1
C1CCC(C2CCCC(C3CCCCC3)C2)CC1
C1CCC(CC2CC(C3CCCCC3CC3CCCCC3)C3CCCCC23)CC1
C1CCC2CC(C3CCC(C4CCCCC4C4CCC5CCCC5C4)CC3)CCC2C1
C1CCC(C2CCC(CCC3CCCC(C4CCC(C5CCCC5)CC4)C3)CC2)CC1
C1CCC(CCC2CC(C3CCCCC3)CC(C3CCCCC3)C2CC2CCCCC2)CC1
C1CCC(CC2CCCC(CCC3CCCC(C4CCCC4)C3)C2)CC1
C1CCC(CC2CCC(C3CCC(C4CCCCC4)C(C4CCC5CCCC5C4)C3)CC2)CC1
C1CCC(CC2CCC(CC3CCCCC3CC3CCCCC3)CC2)CC1
C1CCC(CC2CCCC(CC3CCC4CCCCC43)C2)CC1
C1CCC(C2CCC(C3CC(C4CCCCC4)C(C4CCCCC4)C4CCCC34)CC2)CC1
C1CCC(C2CC(C3CCCC3)CCC2C2CCCCC2CC2CC3CCCCC3C2)CC1
C1CCC(CCC2CC(CC3CCCCC3)C3CCCCC23)CC1
C1CCC(C2CCC(CC3CCCCC3C3CCCCC3)CC2)CC1
C1CCC(C2CCCC(C3CCCCC3)C2)CC1
C1CCC(CC2CCCC(C3CCCCC3)C2)CC1
C1CCC(CC2CCCC(C3CCC(C4CCCCC4C4CCCCC4)C4CCCC34)C2)CC1
C1CCC(CC2CCC(CC3CCC(C4CCCCC4)CC3)CC2)CC1
C1CC(CC2CCC(CC3CC3)CC2)CCC1CCC(C1CC1)C1CC1
C1CCC(CC2CCCC(C3CCCCC3C3CCCCC3)C2)CC1
C1CCC(CC2CC(C3CCCCC3)CCC2C2CCC(C3CCCC3)CC2)CC1
C1CCC(C2CCC(C3CC4CCC(C5CCCCC5C5CCCC5)CC4C3)CC2)CC1
C1CCC(CC2CCC(C3CCCC(CCCCCC4CCCC4)C3)CC2)CC1
C1CCC(CCC2CCCCC2C2CCC3CCCCC3C2)CC1
C1CCC(CCC2CCC(C3CCCC(C4CCCCC4)C3)CC2)CC1
C1CCC(CC2CCCC(C3CCCC(C4CCCCC4)C3)C2)CC1
C1CCC(C2CCCCC2C2CCCCC2)CC1
C1CCC(CCCCC2CCC(C3CC(C4CCCCC4)C3)CC2)CC1
C1CCC(C2CCCC(C3CCCCC3)C2)CC1
C1CCC(CC2CCC(CC3CC4CCCCC4C3)CC2)CC1
C1CCC(CCC2CCCC(CC3CCCC(CC4CCC(CC5CCCCC5)CC4)C3)C2)CC1
C1CCC(C2CCC3CC(C4CCC5CCCC5C4)CC(C4CCCCC4)C3C2)CC1
C1CCC(C2CCCC(CCC3CCCC(C4CCCC(C5CCCCC5)C4)C3)C2)CC1
C1CCC(C2CCC(C3CCCCC3C3CCCCC3)C3CCCC23)CC1
C1CCC(CC2CCCC(CC3CCCC(C4CCCC(C5CCCCC5)C4)C3)C2)CC1
C1CCC(CC2CCC(CC3CCC4CCCC4C3)CC2)CC1
C1CCC(CC2CCC(CC3CCCCC3C3CCCCC3)CC2)CC1
C1CCC(C2CC(C3CCCCC3)CC(C3CCCC3)C2)CC1
C1CC(CC2CCCC(C3CC(C4CCC4)CC(C4CCCC(CCCC5CC5)C4)C3)C2)C1
C1CCC(C2CCCC(C3CCCC(C4CCC5CCCCC5C4)C3)C2)CC1
C1CCC(CCCCC2CCC3CC(C4CCCCC4)CCC23)CC1
C1CCC(CC2CCCC(CCC3CCCC(C4CCCCC4)C3)C2)CC1
C1CCC(C2CCC(C3CCCC(C4CCCCC4)C3)CC2)CC1
C1CCC(CC2CCCC(CC3CCCCC3C3CCC(CC4CCCC4)CC3)C2)CC1
C1CCC(C2CCCC(C3CC(C4CCCC4)CC(C4CC5CCCCC5C4)C3)C2)C1
C1CCC(C2CCCC(C3CCC(CC4CCCC4)CC3)C2)CC1
C1CCC(CC2CCC(CC3CCC(C4CCCCC4)CC3)CC2)CC1
C1CCC(CC2CCC(C3CCCCC3CC3CCCCC3)CC2)CC1
C1CCC(CC2CCC(C3C(C4CCCCC4)CCCC3C3CCCCC3)CC2)CC1
C1CCC(CC2CCC(C3CCC(CCC4CCCC4)CC3)CC2)CC1
C1CCC(C2CCCC(C3CCCC(CCC4CC4)C3)C2)CC1
C1CCC(CC2CCC(CCC3CCC(CC4CCCCC4)CC3)CC2)CC1
C1CCC(CC2CCC(CCC3CCC(C4CCCC(CC5CCCCC5)C4)CC3)C2)CC1
C1CCC(C2CCCC(C3CCC4CCC(C5CCCCC5)CC4C3)C2)CC1
C1CCC(CC2CCC(CCC3CCCC(C4CCCCC4)C3)CC2)CC1
C1CCC(CC2CCCCC2C2CCCCC2)CC1
C1CCC(CCC2CCC(C3CCCCC3)C(C3CCCC3)C2)CC1
C1CCC(C2CCCC(C3CCCCC3)C2)CC1
C1CCC(C2CCCC(C3CCCCC3C3CCCCC3)C2)CC1
C1CCC(CCC2CC(C3CCC(CC4CCCCC4)CC3)C3CCCCC23)CC1
C1CCC(CC2CCCCC2C2CCC(C3CCCCC3)C2)CC1
C1CCC(CC2CCC(C3CCCCC3)C(CC3CCCCC3)C2)CC1
C1CCC(CCCC2CCC(C3CCCC(C4CCC(C5CCC(CC6CCCCC6)CC5)CC4)C3)CC2)CC1
C1CCC(CCCC2CCCC(C3CCCC(C4CCCC(CC5CCCCC5)C4)C3)C2)CC1
C1CCC(C2CCC(CC3CCCC4CCC(C5CCCCC5)CC43)CC2)CC1
C1CCC(CCCC2CCC(CC3CCCCC3)CC2C2CCC(C3CCCCC3)CC2)CC1
C1CCC(CCC2CCCCC2C2CCCCC2)CC1
C1CCC(CC2CCC(C3CCC(C4CCCC(CCC5CCCC5)C4)CC3)CC2)CC1
C1CCC(CC2CCCC(C3CCCCC3)C2)CC1
C1CCC(CC2CCC(C3CCCCC3)C(CC3CCCCC3)C2)CC1
C1CCC(CC2CCC(C3CC(CC4CCCCC4)C4CCCCC43)CC2)CC1
C1CCC(CCCC2CCCC(C3CCCCC3)C2)CC1
C1CCC(C2CCCC(C3CCCC(C4CCCC(C5CCCCC5)C4)C3)C2)CC1
C1CCC(CC2CCCC2C2CCCC(CCC3CCC(C4CCCCC4)CC3)C2)CC1
C1CCC(C2CCC(C3CCC3)CC2)CC1
C1CCC(CC2CCC(C3CCCC3)CC2)CC1
C1CCC(CCC2CC(CC3CCCCC3)C3CCC(C4CCCCC4)CC23)CC1
C1CCC(CCC2CCCCC2CC2CCC(CC3CCCCC3)CC2)CC1
C1CCC(C2CC(CC3CCCC(C4CCCC4)C3)C3CCCCC32)CC1
C1CCC(CCCC2CCC(CCC3CCCCC3C3CC3)CC2)CC1
C1CCC(CC2CCC(C3CCCCC3CC3CCCC(C4CCCCC4)C3)CC2)CC1
C1CCC(CCC2CCCCC2C2CCC(CC3CCCCC3)CC2)CC1
C1CCC(CC2CCC(CC3CCC(C4CCC4)CC3)CC2)C1
C1CCC(CCC2CCCCC2CC2CCC(C3CCCC3)CC2)CC1
C1CCC(CCCCC2CCC(CC3CCCCC3)CC2)CC1
C1CCC(CC2CCCC2C2CC(C3CCCCC3)CCC2C2CCCCC2)CC1
C1CCC(C2CCCC(CCC3CCC4CCCCC4C3)C2)CC1
C1CCC(CC2CCCC(C3CCCC(CC4CCCC(C5CCCCC5)C4)C3)C2)CC1
C1CCC(C2CCCC(C3CCCCC3)C2)CC1
C1CCC(C2CCC(CC3CC(C4CCCCC4)CC(C4CCC4)C3)CC2)CC1
C1CCC(CC(C2CCCCC2)C2CCCC(CC3CCCCC3C3CCCCC3)C2)CC1
C1CCC(C2CCCC(C3CCCC3)C2C2CCCCC2C2CCCC2)CC1
C1CCC(C2CCCC(CC3CCC(C4CCCCC4C4CCCCC4)CC3)C2)CC1
C1CCC(CCCC2CCC3CC(C4CCC5CCCCC54)CC(C4CCCCC4)C3C2)CC1
C1CCC(C2CCC(CC3CCC(C4CCCCC4)CC3)CC2)CC1
C1CCC(CCCC2CCCC(CC3CCC(C4CCCCC4C4CCCCC4)C3)C2)CC1
C1CCC(CCC2CCC(C3CCCCC3)CC2)CC1
C1CCC(CCCC2CCC(C3CCCCC3)CC2)CC1
C1CCC(CCC2CCC(C3CCCC(CCC4CCCCC4)C3)CC2)CC1
C1CCC(C2CCCCC2CC2CC(C3CCC4CCCCC43)CC3CCCCC32)CC1
C1CCC(CCC2CCCC(CC3CCCCC3)C2)CC1
C1CCC(CCC2CCCCC2C2CCCCC2)CC1
C1CCC(CCC2CC(C3CCC(CC4CCCCC4)CC3)C3CCCCC23)CC1
C1CCC(CC2CCC(CC3CCCC(CCCC4CC(CC5CCCC5)C5CCCCC45)C3)CC2)CC1
C1CCC(C2CCCC(C3CCCCC3CC3CCCC3)C2)CC1
C1CCC(CC2CCCC(C3CCC4CCCCC43)C2)CC1
C1CCC(CC2CCC(C3CCCC(CCC4CCCC(C5CCCCC5)C4)C3)CC2)CC1
C1CCC(C2CCC(CC3CCC(C4CC5CCCCC5C4)CC3)CC2)CC1
C1CCC(CCC2CCCC(CC3CCCCC3)C2)CC1
C1CCC(CCCC2CCC(CCCC3CC4CCCCC4C3)CC2)CC1
C1CCC(CC2CC3CCC(C4CCCCC4)CC3C(C3CCCCC3)C2)CC1
C1CCC(C2CCC(C3CCC(C4CCCCC4)CC3)CC2)CC1
C1CCC(CC2CCCCC2C2CCCCC2C2CCCC2)CC1
C1CCC(CCC2CC3CCC(C4CCCCC4)CC3C(C3CCCCC3)C2)CC1
C1CCC(CCCCCC2CCC(C3CCCCC3)CC2)CC1
C1CCC(CC2CCC(C3CCC(C4CCCCC4)CC3)CC2)CC1
C1CCC(C2CCC(C3CCCC(C4CCCCC4)C3)CC2)CC1
C1CCC(CC2CCC(C3CCCCC3)CC2)CC1
C1CCC(C2CC(C3CCCCC3)CC(C3CCC3)C2)CC1
C1CCC(CC2CCC(C3CCCCC3)CC2)CC1
C(CCCC1CCCCC1)CCCC1CCC(CC2CC3CCCCC3C2)CC1
C1CCC(C2CCCC(C3CCCC(C4CCCCC4)C3)C2)CC1
C1CCC(C2CCCC(CC3CCCCC3C3CCCCC3)C2)CC1
C1CCC(CCCCC2CC(CC3CCCCC3)CCC2C2CCCCC2)CC1
C1CCC(CC2CCCC(C3CC(C4CCCCC4)CC(C4CC4)C3)C2)CC1
C1CCC(C2CCCC(CC3CCC(CC4CCCCC4C4CCCCC4)CC3)C2)CC1
C1CCC(C2CCCC(C3CCCCC3C3CCCCC3)C2)CC1
C1CCC(C2CCC(CC3CCCC3)CC2)CC1
C1CCC(C2CCCC(C3CCCC(C4CCC(C5CCCCC5)C(C5CCCCC5)C4)C3)C2)CC1
C1CCC(CC2CCC(C3CCCCC3)CC2)CC1
C1CCC(C2CCC(CC3CCC4CCCCC4C3)CC2)CC1
C1CCC(CCC2CCC(CC3CCC(C4CCCCC4)CC3C3CCCCC3)CC2)CC1
C1CCC(CC2CCCC(C3CCCC(C4CCC5CCCCC54)C3)C2)CC1
C1CCC(CC2CCC(C3CCCCC3C3CCCC3)CC2)CC1
C1CCC(C2CCCC(C3CCCCC3)C2)CC1
C1CCC(CCCCC2CCCCC2)CC1
C1CCC(C2CCCCC2CCC2CCCCC2C2CCC3CCCC3C2)CC1
C1CCC(CC2CCCC(C3CC4CCCCC4C3)C2)CC1
C1CCC(CCC2CCC(CCC3CCC(C4CCCC(C5CCC5)C4)CC3)CC2)CC1
C1CCC(CCC2CCC(CC3CCC(C4CCCCC4)CC3)CC2)CC1
C1CCC(CC2CCCC(C3CCCCC3)C2)CC1
C1CCC(C2CCCC(CCC3CCC4C(CCC4C4CCCCC4)C3)C2)CC1
C1CCC(C2CCC(C3CCC(C4CCC(CC5CCCC5)CC4)CC3)CC2)CC1
C1CCC(CCC2CC(C3CCCC(C4CCCCC4)C3)C3CCCCC23)CC1
C1CCC(CCC2CCC(CC3CCCCC3)CC2CC2CCCCC2)CC1
C1CCC(CC2CCC(C3CCC(C4CCCC(CC5CCCCC5)C4)CC3)CC2)CC1
C1CCC(CCC2CCCC(CC3CCC(C4CCCCC4)CC3)C2)CC1
C1CCC(CC2CCC(C3CC4CCCCC4C3)CC2)CC1
C1CCC(CCC2CCC(CC3CCCCC3)C(CC3CCCCC3)C2)CC1
C1CCC(C2CCC(C3CCCC(C4CCC5CCCC5C4)C3)CC2)CC1
C1CCC(CCC2CC(C3CCCC3)C3CC(C4CCCC(C5CCCCC5)C4)CCC23)CC1
C1CCC(CCCCC2CCC(CC3CCC(CC4CCCCC4)CC3)CC2)CC1
C1CCC(CCCC2CCC(CC3CCC(C4CCCCC4)CC3)CC2)CC1
C1CCC(C2CCC(C3CCCCC3C3CCC(C4CCC(CC5CCCC5)CC4)CC3)C2)CC1
C1CCC(CCCC2CCC(CCCC3CC4CCCCC4C3)CC2)CC1
C1CC(C2CCC(CC3CC3)CC2)CC(C2CCC(CC3CCC(C4CCC5CCCCC54)CC3)CC2)C1
C1CCC(CC2CC(C3CCCC(CC4CC5CCCCC5C4)C3)C3CCCCC23)CC1
C1CCC(C2CCCCC2CC2CCC(CC3CCC4CCCCC43)CC2)CC1
C1CCC(CC2CCC(C3CC(CC4CCCCC4)CCC3C3CCC4CCCCC43)CC2)CC1
C1CCC(CC2CCC(C3CCCCC3C3CCC4CCCCC4C3)CC2)CC1
C1CCC(CCC2CCC(CCC3CCC(C4CCCCC4)CC3)CC2)CC1
C1CCC(CC2CCCCC2C(CCC2CCC(C3CCCCC3)CC2)CC2CCCCC2)CC1
C1CCC(CCC2CCCCC2CCC2CCCC(C3CCCCC3)C2)CC1
C1CCC(CC2CCCC(C3CCCCC3)C2)CC1
C1CCC(CCC2CCC(CC3CCC(CCC4CCCCC4)CC3)CC2)CC1
C1CCC(C2CCC(C3CCCCC3)C(C3CCCC3)C2)CC1
C1CCC(C2CCC(CC3CCC(C4CCC5CCC(C6CCCCC6)CC5C4)CC3)CC2)CC1
C1CCC(CCCC2CCCC(CC3CCCCC3CC3CCCCC3)C2)CC1
C1CCC(CC2CCCCC2C2CCCC(CC3CCC4CCCCC43)C2)CC1
C1CCC(CCCCC2CCC(C3CCC(CC4CCCCC4C4CCCCC4)CC3)CC2)CC1
C1CCC(CC2CCCC(C3CCCCC3)C2)CC1
C1CCC(C2CCCC(CC3CCC(C4CCCC4)CC3)C2)CC1
C1CCC(CCC2CCCCC2)CC1
C1CCC(CC2CCCC(C3CCCCC3)C2)CC1
C1CCC(C2CCC(C3CCC(C4CCCCC4C4CCCCC4)CC3)CC2)CC1
C1CCC(CCC2CCC(CC3CCC(C4CCCCC4)CC3)CC2)CC1
C1CCC(CC2CCCCC2CC2CCCCC2)CC1
C1CCC(CCC2CCCC(CC3CCCC(C4CCCCC4)C3)C2)CC1
C1CCC(C2CCCC(C3CCCCC3C3CCCCC3)C2)CC1
C1CCC(C2CCCCC2C2CCCC2)CC1
C1CCC(CC2CCCCC2C2CC3CCC(C4CCCCC4)CC3C(C3CCCCC3)C2)CC1
C1CCC(C2CCC(CC3CCCC(C4CCCC(C5CCCCC5)C4)C3)C2)CC1
C1CCC(C2CCCC(C3CCCCC3)C2)CC1
C1CCC(CC2CCCCC2CC2CCC(C3CCCCC3)C2)CC1
C1CCC(CC2CCCC(CC3CCCCC3)C2)CC1
C1CCC(CCC2CCCC(C3CCCCC3C3CCCCC3)C2)CC1
C1CCC(CC2CCC(C3CCCC(C4CCCCC4)C3)CC2)CC1
C1CCC(CC2CCC(CCCC3CC4CCCCC4C3)C(C3CCCC3)C2)CC1
C1CCC(CC2CCC(CCC3CCC(C4CCCC4)CC3)CC2)CC1
C1CCC(CCC2CCCC(CC3CCC(C4CCCCC4)CC3)C2)CC1
C1CCC(CC(C2CCCCC2)C2CCCC(C3CCCCC3)C2)CC1
C1CCC(CC2CCC(CC3CCCC(C4CCCCC4)C3)CC2)CC1
C1CCC(CCCCCC2CCC(CC3CCCCC3)CC2)CC1
C1CC(CCC2CC2)CC(CC2CCC3CC(C4CCC5CCCCC5C4)CCC23)C1
C1CCC(CC2CCC(CCC(C3CCCC3)C3CCC(CC4CCCCC4)CC3)CC2)CC1
C1CCC(CCCC2CC(CC3CCCCC3)CCC2C2CCCCC2)CC1
C1CCC(C2CCCC(C3CCCCC3)C2)CC1
C1CCC(CC2CCC(CCCCC3CCCC(CC4CCCCC4)C3)CC2)CC1
C1CCC(C2CC(C3CCCC(C4CCC5CCCCC54)C3)C3CCCCC23)CC1
C1CCC(C2CCCCC2CC2CC(C3CC3)C3CCCCC23)CC1
C1CCC(CC2CCCCC2C2CCCC(C3CCCCC3)C2)CC1
C1CCC(C2CCC(CCCC3CCCC(C4CCCCC4)C3)CC2)CC1
C1CCC(CC2CCC(CC3CC4CCCCC4C3)CC2)CC1
C1CCC(CCC2CCC(CC3CCC4CCC(CCC5CC6CCCCC6C5)CC43)CC2)C1
C1CCC(CCCCC2CCC(CCC3CCCCC3)CC2)CC1
C1CCC(CC2CC(C3CCCC(C4CCCCC4)C3)C3CCCCC23)CC1
C1CCC(CC2CCCC(C3CCCCC3CC3CCCCC3C3CCCC3)C2)CC1
C1CCC(C2CCCC(CC3CC4CCCC(C5CCCCC5)C4C3)C2)CC1
C1CCC(C2CCC(CC3CCC(CCC4CCCC4)CC3)CC2)CC1
C1CCC(C2CCC(C3CCCC(C4CCC(C5CCCCC5C5CCCC5)CC4)C3)CC2)C1
C1CCC(CCC2CCCC3CC(C4CCCCC4)CCC23)CC1
C1CCC(CCC2CCC(CCC3CCC(C4CCCCC4)CC3)CC2)CC1
C1CCC(CC2CCC(C3CCCCC3)C(CC3CC3)C2)CC1
C1CCC(CC2CCC(C3CCC4CCCCC43)CC2)CC1
C1CCC(C2CCC(C3CC3)CC2C2CCCCC2)CC1
C1CCC(CC2CCC(C3CCCC(C4CCCCC4)C3)CC2)CC1
C1CCC(CC2CC(CC3CCCC3)C3CCC(C4CCCCC4)CC23)CC1
C1CCC(C2CCCC(C3CCC(C4CCCC4)C(C4CCCCC4)C3)C2)CC1
C1CCC(C2CCC(C3CC3CCC3CCCC(C4CCC(C5CCCCC5)C4)C3)CC2)CC1
C1CCC(CC2CC(CC3CCCCC3)CC(C3CCCC(CC4CCC4)C3)C2)CC1
C1CCC(C2CCC(C3CCCCC3C3CCCCC3)CC2)CC1
C1CCC(CC2CCC(C3CCC4CCCCC43)CC2C2CCCCC2)CC1
C1CCC(CC2CCC(C3CCCCC3C3CCC4CCCCC4C3)CC2)CC1
C1CCC(CC(C2CCCCC2)C2CCCC(C3CCCCC3)C2)CC1
C1CCC(CC2CCC(C3CCCC(C4CC4)C3)CC2)CC1
C1CCC(CC2CCCCC2C2CCCCC2)CC1
C1CCC(CC2CCC(C3CCCC(CC4CC5CCC(C6CCCC7CCCCC76)CC5C4)C3)CC2)CC1
C1CCC(CC2CCCC(C(CCCC3CCC3)C3CCCCC3C3CCC(C4CCCC4)CC3)C2)CC1
C1CCC(C2CCC(C3CCC4CCCCC4C3)CC2)CC1
C1CCC(C2CCCC(CCC3CCC4C(CCCC4C4CC5CCCCC5C4)C3)C2)CC1
C1CCC(CC2CCC(C3CCCCC3)CC2)CC1
C1CCC(C2CCCCC2C2CCCCC2C2CCC(CC3CCC(C4CCCC4)CC3)CC2)CC1
C1CCC(CCC2CCC(C3CCCCC3)CC2CCCC2CCCC2)CC1
C1CCC(C2CCC(CCC3CCC(CC4CCC(C5CCCC5)CC4)CC3)C(C3CCCC3)C2)CC1
C1CCC(CC2CCC(CCCCC3CCC(CC4CCCCC4)CC3C3CCCCC3)CC2)CC1
C1CCC(CCC2CCC(CC3CCCCC3C3CCCC3)CC2)CC1
C1CCC(C(CC2CCCC(CC3CCCC3)C2)CC2CC3CCCCC3C2)CC1
C1CCC(CCCC2CCCCC2CC2CCC3CC(C4CCC5CCCCC54)CC(C4CCCCC4)C3C2)CC1
C1CCC(CC2CCC(C3CCCC(C4CCCCC4)C3)CC2)CC1
C1CCC(CCCC2CCC(CC3CCCCC3)CC2C2CCC(C3CCCCC3)CC2)CC1
C1CCC(C2CCC(CC3CCC(CC4CCCC(C5CCC5)C4)CC3)CC2)CC1
C1CCC(CC2CCCC(CC3CC(CC4CCCC(C5CCCCC5)C4)C4CCCCC34)C2)CC1
C1CCC(C2CCCCC2C2CCCC2)CC1
C1CCC(CC2CCCC(C(CC3CCCCC3)(CC3CCCCC3)CC3CCCCC3)C2)CC1
C1CCC(CC2CC(CCC3CCCC(C4CCCCC4)C3)C3CCCCC23)CC1
C(CCC1CCC(C2CCCCC2C2CC2)CC1)CC1CCC(C2CCCC2)CC1
C1CCC(CC2CCCCC2)CC1
C1CCC(CC2CCC(C3CC3)CC2)CC1
C1CCC(CCCC2CCC(C3CCC(C4CCC5CCCCC5C4)CC3)C2)CC1
C1CCC(C2CCC(C3CCCCC3)C(C3CCC4CCCC4C3)C2)CC1
C1CCC(C2CCC(CC3CCCC(C4CCCC4)C3)CC2)CC1
C1CCC(CC2CCC(CCC3CCC4CCCC4C3)CC2)CC1
C1CCC(C2CCCC(C3CCCCC3)C2)CC1
C1CCC(CC2CCC(C3CCC(CC4CCCC(C5CCC(C6CCCCC6)CC5)C4)CC3)CC2)CC1
C1CCC(C2CCCC(C3CCCC(C4CCCC(C5CCCC(C6CCCC6)C5)C4)C3)C2)CC1
C1CCC(CCC2CCC(C3CCCCC3CC3CCCCC3)CC2)CC1
C1CCC(CC2CCCCC2)CC1
C1CCC(CCCCC2CCC(CC3CCCCC3)CC2)CC1
C1CCC(CCC2CCC(C3CCCCC3)CC2)CC1
C1CCC(CC2CCCC(C3CCCCC3)C2)CC1
C1CCC(C2CCC(CC3CCC(CC4CCCC4)CC3)CC2C2CCCCC2)CC1
C1CCC(C2CCCCC2C2CCCCC2)CC1
C1CCC(C2CCC(CC3CCC(CC4CCC4)CC3C3CCCC3)CC2CCC2CCCC2)CC1
C1CCC(C2CCC(CCCC3CCCC(C4CCCCC4)C3)CC2)CC1
C1CCC(CCCC2CCC(CC3CCC(C4CCCCC4)CC3)CC2)CC1
C1CCC(CCCC2CCC3CC(C4CCCCC4)CCC3C2)CC1
C1CCC(CC2CCCC(C3CCC(C4CCC4)CC3)C2)CC1
C1CCC(C2CCCC(C3CCCCC3C3CCCCC3)C2)CC1
C1CCC(CCCC2CCC(C3CCC(C4CCC4)CC3)CC2)CC1
C1CCC(CC2CCC(C3CCCCC3C3CCC4CCCCC43)CC2)CC1
C1CCC(CCC2CCC3CC(C4CCC5CCCCC54)CC(C4CCCCC4)C3C2)CC1
C1CCC(CC2CCC(CCC3CCC(C4CCCCC4)CC3)CC2)CC1
C1CCC(CCC2CCC(CC3CCCCC3C3CCCCC3)CC2)CC1
C1CCC(CC2CCCC(C3CCCC(C4CCCCC4C4CCCCC4)C3)C2)CC1
C1CCC(CCC2CC(CCC3CCCC(C4CCCCC4)C3)C3CCCCC23)CC1
C1CCC(CCCC2CCC(CCC3CCCCC3)CC2)CC1
C1CCC(CCCCC2CCC(C3CCCCC3)CC2)CC1
C1CCC(CCCC2CCCC(CCCC3CCCCC3)C2)CC1
C1CCC(CC2CCC(C3CCC(CC4CCCC4)CC3)C(CC3CCCCC3)C2)CC1
C1CCC(CC2CCC(CC3CCCC(C4CCCC4)C3)C(CCCC3CCCC3)C2)CC1
C1CCC(CC2CCC(CC3CCCCC3)C(C3CCCC3)C2)CC1
C1CCC(C2CCCC(C3CCCCC3)C2)CC1
C1CCC(CC2CCCCC2CC2CCCCC2)CC1
C1CCC(CCC2CCCC(CC3CCCC(CC4CCCCC4)C3)C2)CC1
C1CCC(CC2CC(CC3CCCC3)CC(CC3CCC(C4CCCC4)CC3)C2)CC1
C1CCC(C2CCCCC2C2CCCC2)CC1
C1CCC(CCC2CCCC(C3CCCCC3)C2)CC1
C1CCC(CCCCC2CCCC(C3CCCCC3)C2)CC1
C1CCC(CCCC2CCCC3CC(CC4CCCCC4C4CCCCC4)CCC23)CC1
C1CCC(C2CCC(CCC3CCCC(C4CCC5CCCC5C4)C3)CC2)CC1
C1CCC(C2CCC(CCC3CCCC(C4CCCCC4)C3)CC2)CC1
C1CCC(CCCCC2CCCCC2C2CCCCC2)CC1
C1CCC(CCCCC2CCCCC2C2CCCC(C3CCCCC3)C2)CC1
C1CCC(CCCCC2CCC(CC3CCCCC3)CC2)CC1
C1CCC(CC2CCC(C3CCCC(C4CCCC(CC5CCC5)C4)C3)CC2)CC1
C1CCC(C2CCCC(CCCC3CC(C4CCCCC4)CCC3C3CCC3)C2)CC1
C1CCC(CCC2CCC(C3CCCC3)C(C3CCC4C(CCC4C4CCCCC4)C3)C2)CC1
C1CC(C2CCC(C3CCCC(C4CCCC(C5CCC6CCCC6C5)C4)C3)CC2)C1
C1CCC(CCC2CCCC(C3CC(CC4CCC(C5CCCCC5)CC4)C4CCCCC43)C2)CC1
C1CCC(CC2CCCC(CC3CCCC(CC4CCCCC4)C3)C2)CC1
C1CCC(CCCCC2CCC(CC3CCCCC3)CC2CC2CCC2)CC1
C1CCC(C2CCCC(C3CCC(C4CCCC(C5CCCCC5)C4)CC3)C2)CC1
C1CCC(CCC2CCCC(C3CC(CC4CCCCC4)C4CCCCC43)C2)CC1
C1CCC(CC2CCC(CC3CCC(C4CCCCC4)CC3)CC2)CC1
C1CCC(CCC2CCC(C3CCCCC3)CC2)CC1
C1CCC(C2CCCC(CCC3CCCC(C4CCC(C5CCC(CC6CC6)CC5)CC4)C3)C2)CC1
C1CCC(CCCCC2CCCC(CC3CCCC(CCC4CC5CCCCC5C4)C3)C2)CC1
C1CCC(CC2CC(C3CCCCC3)CCC2C2CCC3CCCCC32)CC1
C1CCC(CC2CCC(CC3CCC(CC4CCCC4)CC3)CC2)CC1
C1CCC(C2CCCCC2C2CCC3C(CCCC3C3CCC3)C2)CC1
C1CCC(C2CCC(C3CCC(C4CCC5CCCCC54)CC3)CC2)CC1
C1CCC(CC2CCC(C3CCCCC3)CC2)CC1
C1CCC(CCC2CCCCC2C2CCCCC2)CC1
C1CCC(C2CCCC(CC3CCCCC3C3CCCCC3)C2)CC1
C1CCC(CCCC2CCC(C3CCCCC3)CC2)CC1
C1CCC(C2CCC(C3CCCCC3)C(C3CCCCC3)C2)CC1
C1CCC(CC2CCC(CC3CCCC(C4CCC5CCCC5C4)C3)CC2)CC1
C1CCC(C2CCCC(C3CCCC(C4CCCCC4)C3)C2)CC1
C1CCC(CCCC2CCC(CCCCCC3CCCC4CCCCC34)CC2)CC1
C1CCC(CCC2CCCC(C3CCC4CCCC4C3)C2)CC1
C1CCC(C2CCC(C3CCCC3)C(C3CCCCC3)C2)CC1
C1CCC(C2CCCC(C3CCC(CCC4CCC5CCCCC5C4)CC3)C2)CC1
C1CCC(CCC2CCCC(C3CCCC(C4CCCC4)C3)C2)CC1
C1CCC(CCC2CCC(C3CCCC(CC4CCCC4)C3)CC2)CC1
C1CCC(CC(C2CCCCC2)C2CCCCC2)CC1
C1CCC(CC2CCC(CCC3CCC(CC4CCCC4)CC3C3CCCCC3)CC2)CC1
C1CCC(CCC2CCCCC2C2CCCCC2)CC1
C1CCC(CCC2CCCC(C3CCCC(C4CCCCC4)C3)C2)CC1
C1CCC(C2CCC(C3CCC4CCCCC43)CC2)CC1
C1CCC2CC(CC3CC(CC4CCCC(C5CCCC6CCCC65)C4)C4CCCCC34)CCC2C1
C1CCC(CCC2CCCC(CC3CCC4CCCC(C5CCCCC5)C4C3)C2)CC1
C1CCC(CC2CCC(C3CCCCC3)CC2)CC1
C1CCC(CC2CCC(C3CCC(C4CC4)CC3)CC2)C1
C1CCC(C2CCC(CC3CCCC(C4CCCCC4)C3)CC2)CC1
C(CC1CCC(C2CCC2)CC1)CC1CCC(C2CCC(CC3CC3)CC2)CC1
C1CCC(C2CCC(CCC3CCCC(C4CC5CCCCC5C4)C3)CC2)C1
C1CCC(CC2CCC(C3CCCCC3)CC2)CC1
C1CCC(CC2CCCCC2C2CCCCC2)CC1
C(CCC1CCC1)CCC1CCC(C2CCCC(C3CCC(C4CCCCC4)CC3)C2)CC1
C1CCC(C2CCCC(C3CC(C4CCCCC4)CC(C4CCCCC4)C3)C2)CC1
C1CCC(C2CC(C3CCCC3)C3CCCCC23)CC1
C1CCC(CC2CCCC(CCC3CCC(C4CCCC(C5CCC6CCCC6C5)C4)CC3)C2)CC1
C1CCC(CC2CC(CC3CCCC(C4CCCCC4)C3)C3CCCCC23)CC1
C1CCC(CCC2CCC(C3CCCC3)CC2)CC1
C1CCC(C2CCC(C3CCC(C4CCCCC4)CC3)CC2)CC1
C1CCC(CC2CCC(CCC3CCCCC3C3CCC4CCCCC4C3)CC2)CC1
C1CCC(CCCC2CCC(C3CCCC3)CC2)CC1
C1CCC(CCCCC2CCCC(CCC3CCCCC3)C2)CC1
C1CCC(C2CCCCC2C2CCCCC2)CC1
C1CCC(CC2CC(C3CCCC(C4CCCCC4)C3)C3CCCCC23)CC1
C1CCC(C2CCC(C3CCCC(CC4CCCCC4C4CCCC4)C3)C2)CC1
C1CCC(CC2CCCC(C3CCC(C4CCCCC4)CC3)C2)CC1
C1CCC(CC2CCC(C3CCCCC3)CC2)CC1
C1CCC(CCC2CCC(CCCCCCC3CCC(C4CCCCC4)C3)CC2)CC1
C1CCC(CCCC2CCCC(C3CCCCC3)C2)CC1
C1CCC(C2CC(C3CCC3)CC(C3CCCCC3C3CCCC3)C2)CC1
C1CCC(CCC2CCCCC2C2CCC3CCCC3C2)C1
C1CCC(C2CCC(CC3CCC(C4CCCCC4)CC3)CC2)CC1
C1CCC(CC2CCC(CCC3CCC(C4CCCCC4)C(C4CCCCC4)C3)CC2)CC1
C1CCC(C2CCC(CC3CCCC(C4CCCCC4)C3)CC2)CC1
C1CCC(CC2CCC(CCC3CCCC(C4CCCCC4)C3)CC2)CC1
C1CCC(CC2CCC(CC3CCC(C4CCCCC4)CC3)CC2)CC1
C1CCC(CC2CCCCC2CC2CCCCC2)CC1
C1CCC(CC2CCCCC2C2CCC(C3CCCCC3)CC2)CC1
C1CCC(CC2CCC(C3CCCCC3)CC2)CC1
C1CCC(CC2CCC(C3CCCCC3)CC2)CC1
C1CCC(CC2CCCCC2CC2CCCCC2)CC1
C1CCC(CC2CCC(C3CCCCC3C3CCCCC3)CC2)CC1
C1CCC(CCC2CCCC(C3CCCC(CC4CCCCC4)C3)C2)CC1
C1CCC(CC2CCC(C3CCCC4CCCCC43)C(C3CCCC3)C2)CC1
C1CCC(C2CCCCC2C2CCC3C(CC4CCCCC4C4CCCC4)CCCC3C2)CC1
C1CCC(CCC2CCC(C3CCCC(CC4CCCCC4)C3)CC2)CC1
C1CCC(CC2CCC(C3CCCC(C4CCCCC4)C3)CC2)CC1
C1CCC(CCC2CCCC(C3CCCCC3)C2)CC1
C1CCC(CC2CC(C3CCCCC3)CCC2C2CCCCC2)CC1
C1CCC(CC2CCC(C3CCCCC3)C(C3CCCC3)C2)CC1
C1CCC(C2CCCCC2C2CCC2)CC1
C1CCC(C2CCCC(CC3CCCCC3C3CCCCC3)C2)CC1
C1CCC(CC2CCC(C3CCCCC3CC3CCCC3)CC2)CC1
C1CCC(CC2CCC(CC3CCCCC3)CC2)CC1
C1CCC(CC2CCC(C3CCCCC3C3CCC4CCCC4C3)CC2)C1
C1CCC(C2CCC(C3CCCC(C4CC5CCCCC5C4)C3)CC2)CC1
C1CCC(C2CCCC(C3CCC(C4CCCCC4)C4CCCC34)C2)CC1
C1CCC(C2CCC(C3CCCCC3C3CCCCC3)CC2)CC1
C1CCC(CC2CCCC(C3CCC(C4CCCCC4)CC3)C2)CC1
C1CCC(CCCC2CCC(C3CCC(C4CCCC(CC5CCCCC5)C4)CC3)CC2)CC1
C1CCC(CC2CCC(CCC3CC3)CC2)CC1
C1CCC(CC2CCCC(C3CCCCC3)C2)CC1
C1CCC(C2CCCC(C3CCCC(C4CCCCC4CC4CC4)C3)C2)CC1
C1CCC(CCC2CCCCC2C2CCCCC2)CC1
C1CCC(CCC2CCCCC2)CC1
C1CCC(CC2CCC(CC3CCCCC3)CC2)CC1
C1CCC(C2CC(C3CCCCC3)CC(C3CCCCC3)C2)CC1
C1CCC(CC2CCCCC2CC2CCCC(CC3CCCC3)C2)CC1
C1CCC(CC2CCC(C3CCCCC3)CC2)CC1
C1CCC(CCCC2CCC(CC3CCCCC3)C2)CC1
C1CCC(CCCCCC2CCC(CC3CCC(CC4CCCCC4)CC3)CC2)CC1
C1CCC(CCC2CCC(CCCCC3CCCC(CC4CCCCC4)C3)CC2)CC1
C1CCC(C2CCCC(C3CCCC(C4CCCCC4)C3)C2)CC1
C1CCC(C2CCC(C3CCCC(C4CC5CCCCC5C4)C3)CC2)CC1
C1CCC(C2CCCCC2)CC1
C1CCC(CC2CCCC(C3CCCC(C4CCCCC4)C3)C2)CC1
C1CCC(C2CCC(CC3CCC(CC4CC(CC5CC6CCCCC6C5)C5CCCCC45)CC3)CC2)CC1
C1CCC(CCC2CCCC(C3CCC(C4CCCCC4)CC3)C2)CC1
C1CCC(CC2CCCC(C3CCCC(C4CCCCC4)C3)C2)CC1
C1CCC(CCC2CCC(C3CCCC4CC(C5CCCCC5)CCC43)C2)CC1
C1CCC(C2CCC(C3CCCCC3C3CCC(CCC4CCCC4)CC3)CC2)CC1
C1CCC(CC2CCCCC2CC2CCCCC2)CC1
C1CCC(CCC2CCC(CC3CCCCC3C3CCCCC3)CC2)CC1
C1CCC(CC2CC(C3CCC(C4CCCCC4)CC3)C3CCCCC23)CC1
C1CCC(C2CCC(CCC3CCC(C4CCCC(C5CCCCC5)C4)CC3)CC2)CC1
C1CCC(CC2CC(C3CCCCC3)C3CC(CCCC4CC5CCCCC5C4)CCC23)CC1
C1CCC(CC2CCC3CC(C4CCC5CCCCC54)CC(C4CCCC4)C3C2)C1
C1CCC(C2CCCC(C3CCC(CC4CCC5CCCCC54)CC3)C2)CC1
C1CCC(CC2CCCC(CC3CCCCC3)C2)CC1
C1CCC(C2CCCC(C3CCCC(CC4CCC5CCCCC54)C3)C2)CC1
C1CCC(CC2CCCC(C3CCCCC3)C2)CC1
C(CCCC1CCCCC1)CCCC1CCC(C2CCCC(CCC3CCCCC3)C2)CC1
C1CCC(CCC2CCC(CCCC3CCCC(C4CCC(C5CCCCC5)CC4)C3)CC2)CC1
C1CCC(C2CCCC(C3CCC(CCCC4CCCCC4C4CCCCC4)CC3)C2)CC1
C1CCC(C2CCC(CCC3CCC(C4CCCCC4)CC3)CC2)CC1
C1CCC(CC2CCC(C3CCC(C4CCCC(CC5CCCC5)C4)CC3)CC2)C1
C(CCCC1CCC(CC2CCCCC2)CC1)CCCC1CCCC(CC2CCCCC2)C1
C1CCC(C2CCC(C3CCC(CCCC4CCCC4)CC3)CC2)CC1
C1CCC(CC2CCC(CC3CCC(C4CCCCC4)CC3)CC2)CC1
C1CCC(CCC2CCC(CC3CCCCC3)CC2)CC1
C1CCC(CCC2CC(C3CCC3)C3CC(CC4CCC(CC5CCCCC5)CC4)CCC23)CC1
C1CCC(CC2CCC(C3CCCC(CC4CCCCC4)C3)CC2)CC1
C1CCC(CC2CCC(C3CCCC(CC4CCCCC4)C3)CC2)CC1
C1CCC(CC2CCCC(C3CCCCC3)C2)CC1
C1CCC(CCCC2CCC(C3CCC4CCCCC4C3)CC2)CC1
C1CCC(C2CCC(C3CCC4CCCC4C3)C(C3CCC4C(CCC4C4CCCCC4)C3)C2)CC1
C1CCC(C2CCC(C3CCC(C4CCCCC4)CC3)CC2)CC1
C1CCC(CC2CCCC(CCC3CCC4CCCCC43)C2)CC1
C1CCC(CC2CCC(C3CCCCC3)CC2)CC1
C1CCC(C2CCCC(C3CCC(C4CCCC(CC5CCC6CCCCC65)C4)CC3)C2)C1
C1CCC(CC2CCCCC2CC2CCC(CC3CCCC(C4CCC5CCCCC5C4)C3)CC2)CC1
C1CCC(C2CCC(CC3CCCCC3C3CCCC3)CC2)CC1
C1CCC(CC2CCC(CC3CCC(CC4CCC(CC5CCCCC5)CC4)CC3)CC2)CC1
C1CCC(CCCC2CCCC(C(CC3CCCCC3)C3CC3)C2)CC1
C1CCC(CC2CCCC(CC3CCCC(C4CCCCC4)C3)C2)CC1
C1CCC(C2CCC(CCCCC3CCCC(CC4CCC(C5CCCCC5)CC4)C3)CC2)CC1
C1CCC(C2CCCC2CC2CCCCC2C2CCCCC2C2CCCC2)CC1
C1CCC(C2CCCCC2C2CCCCC2)CC1
C1CCC(C2CCC(CCC3CCCCC3C3CCC3)CC2)CC1
C1CCC(CCC2CCCCC2C2CCCCC2)CC1
C1CCC(C2CCCC(C3CCCC(CC4CCC5CCCCC54)C3)C2)CC1
C1CCC2CC(C3CCCCC3CCC3CCC(CC4CCC5CCCCC54)CC3)CCC2C1
C1CCC(CCC2CCCC(CC3CCC4CCCC4C3)C2)CC1
C1CCC(C2CCCC(CC3CCCC3)C2)CC1
C1CCC(C2CCC(CC3CCCC(C4CCCCC4)C3)CC2)CC1
C1CCC(C2CCC(C3CCC(CCCC4CC5CCCCC5C4)CC3)CC2)CC1
C1CCC(CC2CCC(C3CCCCC3C3CCC4CCCCC4C3)CC2)CC1
C1CCC(C2CCCCC2C2CCCC(C3CCC(C4CCCC4)CC3)C2)CC1
C1CCC(CCCC2CCCC(C3CCCCC3)C2)CC1
C1CCC(CC2CCC(CC3CCC(CC4CCCCC4)CC3)CC2)CC1
C1CCC(C2CCC(C3CCCCC3C3CCCC3)CC2)CC1
C1CCC(C2CCC(CC3CCC(C4CCCC4)CC3)CC2)CC1
C1CCC(CCCC(CCC2CCC3C(CCC3C3CCCC3)C2)CC2CCCCC2)CC1
C1CCC(CCC2CCCC(CCC3CCC4C(CCC4C4CCCC4)C3)C2)CC1
C1CCC(C2CCC(C3CCCCC3)C(C3CCCCC3)C2)CC1
C1CCC(CCC2CCCCC2C2CCCCC2)CC1
C1CCC(CC2CCC(CC3CCCC(C4CCC4)C3)CC2)CC1
C1CCC(CC2CCC(CCC3CCCC(C4CCCCC4)C3)CC2)CC1
C1CCC(C2CCCC(CCC3CCCCC3C3CCCCC3)C2)CC1
C1CCC(CC2CCC(C3CCCCC3CC3CCCCC3)CC2)CC1
C1CCC(CC2CCCCC2CCC2CCCCC2C2CCCCC2)CC1
C1CCC(C2CCC(CCC3CCCC(C4CCCCC4)C3)CC2)CC1
C1CCC(C2CCC(CCC3CCC4CCCC4C3)CC2)CC1
C1CCC(CCC2CCC(C3CCCC(C4CC4)C3)CC2)CC1
C1CCC(CCC2CCC(C3CCCCC3)CC2)CC1
C1CCC(CCCC2CCCC(C3CCC4CCCC4C3)C2)CC1
C1CCC(CCCCCC2CC3CCCCC3C2)CC1
C1CCC(C2CCCC3CCC(CC4CC5CCCCC5C4)CC32)CC1
C1CCC(C2CCCC(C3CCCCC3CC3CCC3)C2)CC1
C1CCC(CC2CCCC(C3CCCCC3CC3CC4CCCCC4C3)C2)CC1
C1CCC(CCC2CC(C3CCCCC3)CCC2CC2CCC(C3CC4CCCCC4C3)CC2)CC1
C1CCC(CC2CCCCC2C2CCC(C3CCCCC3)CC2)CC1
C1CCC(CCCCC2CCCC(C3CCCCC3)C2)CC1
C1CCC(CCC2CCCCC2C2CCCCC2)CC1
C1CCC(CC2CCC(CC3CCC4CCCC4C3)CC2)CC1
C1CCC(CC2CCC(CC3CCCC(C4CCC5CCCCC54)C3)CC2)CC1
C1CCC(C2CCCC(CC3CCCC(C4CCC(CC5CCCC5)CC4)C3)C2)CC1
C1CCC(CC2CCC(CC3CCCCC3)CC2)CC1
C1CCC(CCCC2CCCC(C3CCCC(C4CCCCC4)C3)C2)CC1
C1CCC(C2CC3CCCCC3C(C3CCCCC3)C2)CC1
C1CCC(CC2CCCC(C3CCCC(CCCCC4CCC(CCC5CC5)CC4)C3)C2)CC1
C1CCC(CC2CCCCC2C2CCCCC2)CC1
C1CCC(C2CCCC(C3CC(C4CCCCC4)CC(C4CC4)C3)C2)CC1
C1CCC(CC2CCCC(CC(C3CCCCC3)C3CCCCC3)C2)CC1
C1CCC(CC2CCC(CCC(C3CCCCC3)C3CC(CC4CCCCC4)C4CCCCC43)CC2)CC1
C1CCC(CCC2CCC(CCC3CCCC(CC4CCCCC4)C3)CC2)CC1
C1CCC(CCC2CCC(CCC3CCCCC3)CC2)CC1
C1CCC(CCC2CCC3CCC(CCCCCC4CCC(C5CCCCC5)CC4)C3C2)CC1
C1CCC(CC2CCC(C3CCCCC3)CC2)CC1
C1CCC(CC2CCC(CC3CCC(C4CCC(C5CCCCC5)CC4)CC3)CC2)CC1
C1CCC(CC2CCC(CCC3CCC(CCCC4CCCC4)CC3)CC2)CC1
C1CCC(CCCC2CCC(C3CCCCC3)CC2)CC1
C1CCC(C2CCC(C3CCCCC3C3CCCCC3)CC2)CC1
C1CCC(CC(CCC2CCC(C3CCCCC3)CC2)CC2CCCCC2)CC1
C1CCC(C2CCC(C3CCCCC3)C(C3CCCCC3)C2)CC1
C1CCC(CCC2CCCCC2C2CCCCC2)CC1
C1CCC(CCC2CCC(CC3CCC(CCCCC4CC5CCCCC5C4)CC3)CC2)CC1
C1CCC(CC2CCCC(C3CCCC(C4CCCCC4)C3)C2)CC1
C1CCC(CC2CCC(CC3CCCCC3)CC2)CC1
C1CCC(CCC2CCC(CC3CCC4CCCC4C3)CC2)CC1
C1CCC(C2CCCC(C3CCCCC3)C2)CC1
C1CCC(CC2CCC(C3CCC(C4CCCCC4)CC3)CC2)CC1
C1CCC(C2CCCC(C3CCCC(C4CCCCC4)C3)C2)CC1
C1CCC(CCC2CCCC(CC3CCCCC3)C2)CC1
C1CCC(C2CCCC(CC3CC4CCCCC4C3)C2)CC1
C1CCC(CCCC2CCC(C3CCC(C4CCCCC4)CC3)CC2)CC1
C1CCC(CCC2CCCC(CC3CCC(CC4CCCCC4)CC3)C2)CC1
C1CCC(CCC2CCC(CC3CCC(CC4CCCCC4)CC3)CC2)CC1
C1CCC(CC2CCC(C3CCCC(C4CCCCC4)C3)CC2)CC1
C1CCC(CC2CCCC(C3CC4CCC(C5CCCCC5)CC4C(C4CCCCC4)C3)C2)CC1
C1CCC(CCCC2CCCC(CC3CCCC3)C2)CC1
C1CCC(CC2CCC(CC3CCC(C4CCCCC4)CC3)CC2)CC1
C1CCC(CCCC2CCCC(C3CCCC(CC4CCCCC4)C3)C2)CC1
C1CCC(CCCC2CCCC(C3CCCC(C4CCCCC4)C3)C2)CC1
C1CCC(C2CCC(C3CCCCC3C3CCCCC3)C2)CC1
C1CCC(CC2CC(CC3CCC(C4CCCCC4)CC3)C3CC(C4CCCCC4)CCC23)CC1
C1CCC(CC2CC(C3CCCCC3)CCC2C2CCCCC2C2CCCC2)CC1
C1CCC(CCC2CCCC(C3CCCCC3)C2)CC1
C1CCC(CC2CCCC(CC3CCCC(C4CCCCC4)C3)C2)CC1
C1CCC(CC2CCCCC2C2CC(CCC3CCC(C4CCCCC4)CC3)CC(C3CCCCC3)C2)CC1
C1CCC(CCCC2CCC(C3CCCCC3)CC2)CC1
C1CCC(CCC2CCCC(C3CCCCC3)C2)CC1
C1CCC(C2CCC(C3CCC(C4CCCC4)CC3)C(C3CCC4CCCCC4C3)C2)CC1
C1CCC(CCCC2CC(CC3CCC(C4CCCCC4)CC3)CCC2C2CCCCC2)CC1
C1CCC(CC2CCCC(C3CCCCC3)C2)CC1
C1CCC(CC2CCC(CCC3CCC(C4CCCCC4)CC3)CC2)CC1
C1CCC(CCC2CCCC(CC3CCC(C4CCC5CCCCC5C4)CC3)C2)CC1
C1CCC(C2CCCCC2C2CCC3C(CCCC3C3CCCC3)C2)CC1
C1CCC(CC2CCC(C3CCCCC3)CC2)CC1
C1CCC(C2CC(CC3CCC(CC4CCCC4)CC3)C3CCCCC32)CC1
C1CCC(CCC2CCC(C3CC(CCC4CCCCC4)CC4CCCCC43)CC2)CC1
C1CCC(CC2CCCCC2CC2CCC(C3CCCC3)CC2)CC1
C1CCC(C2CCCCC2C2C3CCCCC3C3CCCCC3C2C2CCCC2)CC1
C1CCC(C2CCC(C3CCCC(CCCC4CC5CCCCC5C4)C3)CC2)CC1
C1CCC(CC2CC(CC3CC(C4CCCCC4)C4CCCCC34)C3CCCCC23)CC1
C1CCC(CCC2CCCC(CC3CCCCC3)C2)CC1
C1CCC(C2CC(CCCC3CC4CCCCC4C3)C(C3CCCCC3)C(C3CCCC3)C2)CC1
C1CCC(CCCC2CCC(C3CCCCC3C3CCC4CCCCC4C3)CC2)CC1
C1CCC(CCC2CCC(CCC3CCCC(CC4CCCCC4)C3)CC2)CC1
C1CCC(CCC2CC(C3CCCC3)CC(C3CCCC(C4CCCC4)C3)C2)CC1
C1CCC(CCC2CCCCC2CC2CCCCC2)CC1
C1CCC(C2CCC(C3CCCC4CCCCC43)CC2)CC1
C1CCC(C2CCC3C(CCCC3C3CCC(CCC4CCCC(C5CCCC5)C4)CC3)C2)CC1
C1CCC(C2CCC3CCCC(CC4CC(C5CCCCC5)C5CCCCC45)C3C2)CC1
C1CCC2C(C1)CCCC2CC1CC(CCC2CC2)CC2CCCCC21
C1CCC(C2CC3CCCCC3C(C3CCCCC3)C2)CC1
C1CCC(CC2CCCC(CC3CCCCC3)C2)CC1
C1CCC(CCCC2CCCC(CCC3CCCCC3)C2)CC1
C1CCC(CC2CCC(CC3CCC(C4CC4)CC3CCC3CC4CCCCC4C3)CC2)CC1
C1CCC(CC2CCC(C3CCCCC3CC3CCCCC3)C(CC3CCCCC3)C2)CC1
C1CCC(CC2CCCC(C3CCCC(CCC4CCCC(C5CCC6CCCCC65)C4)C3)C2)CC1
C1CCC(CC2CCCC(C3CCCC(C4CCCC(C5CCCCC5)C4)C3)C2)CC1
C1CCC(CCCC2CCCCC2C2CCCCC2)CC1
C1CCC(C2CCC(C3CCC(CC4CCC(C5CCCC5)CC4)CC3)CC2)CC1
C1CCC(C2CCC(CCC3CCCC(C4CCCCC4)C3)CC2)CC1
C1CCC(CC2CCC(CC3CCCCC3)CC2)CC1
C1CCC(CC2CCCCC2C2CCC3CCCC3C2)CC1
C1CCC(C2CCC(C3CCC(C4CCC(C5CCCC5)CC4)CC3)C(C3CCC4CCCCC4C3)C2)CC1
C1CCC(C2CCC(C3CCCCC3)C(C3CCCCC3)C2)CC1
C1CCC(C2CCCCC2C2CCCCC2)CC1
C1CCC(CC2CCCCC2CC2CC3CCCCC3C2)CC1
C1CCC(CCC2CCCCC2C2CCCCC2)CC1
C1CCC(CC(CC2CC2)CC2CCCC(C3CCCC(C4CCCCC4)C3)C2)CC1
C1CCC(C2CCCCC2C2CCC3CCC(CC4CC5CCCCC5C4)C3C2)CC1
C1CCC(C2CCCC(CCCC3CCC(C4CC(C5CCCCC5)C4)CC3)C2)CC1
C1CC2CCC(CC3CCCC(C4CCCCC4C4CCCC4)C3)CC2C1
C1CCC(C2CCCC(CCC(C3CCCC3)C3CCCC(C4CCCCC4)C3)C2)CC1
C1CCC(CC2CCC3C(CCC3C3CCCCC3)C2)CC1
C1CCC(CC2CCC(C3CCCC(CC4CC5CCCCC5C4)C3)CC2)CC1
C1CCC(C2CCC(C3CCCCC3)C(C3CCCCC3)C2)CC1
C1CCC(CCCCCC2CCC(C3CCCCC3)CC2)CC1
C1CCC(CC2CCCC(CC3CCCCC3)C2)CC1
C1CCC(C2CCCC(C3CCCC(CC4CCC5CCCC5C4)C3)C2)CC1
C1CCC(C2CCC(CCC3CCCC(CC4CCCC(CC5CCC5)C4)C3)CC2)CC1
C1CCC2CC(C3CCCCC3C3CCC4C(CCC4C4CCCC4)C3)CCC2C1
C1CCC(CC2CC(C3CCCCC3C3CCC4CCCCC4C3)C3CCCCC23)CC1
C1CCC(CC2CCC(C3CCCCC3)CC2)CC1
C1CCC(C2CCC(CC3CCCC(C4CCCCC4)C3)CC2)CC1
C1CCC(CC(CC2CCCCC2)C2CCCCC2)CC1
C1CCC(C2CCCC(C3CCCCC3)C2)CC1
C1CCC(CC2CCCCC2)CC1
C1CCC(CC2CC3CCCCC3C(C3CCCCC3)C2)CC1
C1CCC(C2CCC3CCCCC3C2)CC1
C1CCC(CCC2CC(C3CCCCC3)CC(C3CCCCC3)C2)CC1
C1CCC(CCC2CC(CC3CCCCC3)CCC2C2CCCCC2)CC1
C1CCC(CC2CCC(C3CCC(C4CCCCC4C4CCCC4)CC3)C(C3CCC4CCCC4C3)C2)CC1
C1CCC(CCCC2CCC(CCC3CCCCC3)CC2)CC1
C1CCC(C2CCCCC2)CC1
C1CCC(CCCC2CCC3CCC(C4CCCCC4)C3C2)CC1
C1CCC(CC2CCCC(C3CCCC(C4CCCC5CCCCC54)C3)C2)CC1
C1CCC(CCC2CCCC(C3CCCCC3)C2)CC1
C1CCC(C2CCCC(C3CCC(C4CC4)CC3)C2)CC1
C1CCC(CC2CCC(CCC3CC(C4CCCCC4)CCC3C3CCCC(C4CCCCC4)C3)CC2)CC1
C1CCC(C2CCCC(CC3CCC4CCC(C5CCCCC5)C4C3)C2)CC1
C1CCC(CC2CCCCC2CCCCC2CCC(C3CCCC3)CC2)CC1
C1CCC(CC(C2CCC3CCCCC3C2)C2CCCC(C3CCC4CCCCC43)C2)CC1
C1CCC(CC2CCCCC2CC2CCCC(C3CCCCC3)C2)CC1
C1CCC(C2CCC(CC3CCCC4CC(C5CCCCC5)CCC34)CC2)CC1
C1CCC(C2CCC(C3CCCCC3)CC2)CC1
C1CCC(C2CCCCC2C2CCCCC2)CC1
C1CCC(CC2CCC(C3CCC(C4CCCCC4)CC3)CC2)CC1
C1CCC(C2CC(C3CCC(C4CCC(C5CCC(C6CCCC6)CC5)CC4)CC3)C2)CC1
C1CCC(CC2CCCC(CC3CCCCC3C3CCCC4CCCCC43)C2)CC1
C1CCC(CCC2CCC(C3CCCCC3)CC2)CC1
C1CCC(C2CCC3CCCC(C4CCCCC4)C3C2)CC1
C1CCC(C2CCC(CC3CCCC4CCCCC43)C(C3CCCCC3)C2)CC1
C1CCC(C(CC2CCCCC2C2CCC3CCCC3C2)C2CCCCC2)CC1
C1CCC(C2CCC(CC3CCC(C4CC4)CC3)CC2)CC1
C1CCC(C2CCC(CC3CCCCC3CC3CC4CCCCC4C3)CC2)CC1
C1CCC(CC2CCCCC2C2CCC(C3CCC(C4CCCCC4)CC3)CC2)CC1
C1CCC(C2CCCC(C3CCC4C(CC5CCCC5)CCC4C3)C2)CC1
C1CCC(CC2CCC(CC3CCCCC3)CC2)CC1
C1CCC(CC2CCCC(C3CCCC3)C2)CC1
C1CCC(C2CC(C3CCCCC3)CC(C3CCCCC3)C2)CC1
C1CCC(C2CCC(CC3CCC(CC4CCCC(C5CCCC5)C4)CC3)CC2)CC1
C1CCC(C2CCCCC2CC2CCCC(C3CCC4CCCC4C3)C2)CC1
C1CCC(CCC2CCCC(C3CC4CCCCC4C(C4CCCCC4)C3)C2)CC1
C1CCC(CCC2CCCC(C3CCC4CCCC4C3)C2)CC1
C1CCC(C2CCC(CC3CCCCC3C3CCCCC3)CC2)CC1
C1CCC(CCC2CC(C3CCCCC3)CC(C3CCCCC3)C2)CC1
C1CCC(CC2CCC(CCC3CCC(C4CCCCC4)CC3)CC2)CC1
C1CCC(CCCCCC2CCC(C3CCCC(C4CCCC4)C3)CC2)CC1
C1CCC(CC2CC(C3CCCC3)C3CCC(C4CCC4)CC23)CC1
C1CCC(C2CCC(C3CCC(CC4CCCC(C5CCC5)C4)CC3)CC2)CC1
C1CCC(CCCCCC2CCCCC2)CC1
C1CCC(CCCCC2CCC(CC3CCC(C4CCCCC4)CC3)CC2)CC1
C1CCC(C2CCCC(C3CCCC(CC4CCCCC4C4CCCC(CC5CC5)C4)C3)C2)CC1
C1CCC(CC2CCCC(C3CCCCC3)C2)CC1
C1CCC(CC2CCC(C3CCC(C4CCC4)CC3)CC2)CC1
C1CCC(CCC2CCC(C(C3CCCCC3)C3CCCCC3)CC2)CC1
C1CCC(CC2CCC(CC3CCCCC3)CC2)CC1
C1CCC(CCCC2CCC(CC3CCCC3)CC2C2CCCC2)CC1
C1CCC(C2CCCCC2C2CCC(CCC3CCC(C4CCCC5CCCC54)CC3)C2)CC1
C1CCC(CCC2CCC(CC3CCCCC3)CC2)CC1
C1CCC(C2CCC(C3CCCCC3C3CCCCC3)CC2)CC1
C1CCC(CC2CCC3C(CC4CC4)CCC3C2)CC1
C1CCC(CC2CCCC(CC3CCC(C4CCCCC4C4CCCCC4)CC3)C2)CC1
C1CCC(CC2CCCC(CCCC3CC(C4CCCCC4)C4CCCCC34)C2)CC1
C1CCC(CCC2CCC(C3CCCCC3C3CCCC3)C(C3CCCCC3)C2)CC1
C1CCC(CC2CCC(CCCC3CCC4CCCC4C3)C(C3CCCC3)C2)CC1
C1CCC(CC2CCCC(CC(C3CCCCC3)C3CCCC(C4CCCCC4)C3)C2)CC1
C1CCC(C2CCCCC2C2CCC(C3CCCC3)CC2)CC1
C1CCC(CCC2CCC(C3CCCC(C4CCC5CCCCC54)C3)CC2)CC1
C1CCC(C2CC3CCCCC3C(C3CCCCC3)C2)CC1
C1CCC(CCCC2CCC(C3CCCCC3C3CCCCC3)CC2)CC1
C1CCC(CC2CCC(CC3CCCC(C4CCCCC4)C3)CC2C2CCCC2)CC1
C1CCC(CC2CCC(CC3CCC(C4CCCCC4)CC3)CC2)CC1
C1CCC(CCCCC2CCC(CC3CCC(C4CCC5CCCCC54)CC3)CC2)CC1
C1CCC(CC2CCCCC2C2CCCC(C3CCCCC3)C2)CC1
C1CCC(CC2CCCC(C3CCCCC3)C2)CC1
C1CCC(CC2CCCCC2CCCC2CCCCC2C2CCCC2)C1
C1CCC(CCCC2CCC(CC3CCCCC3)CC2)CC1
C1CCC(C2CCC(C3CCCCC3)CC2)CC1
C1CCC(CCC2CCC3CC(CC4CCCCC4)CCC3C2)CC1
C1CCC(C2CCC(C3CC4CCCCC4C3)CC2)CC1
C1CCC(CC2CCC(CC3CCC(C4CCCC(C5CCCCC5)C4)CC3)CC2)CC1
C1CCC(CCC2CCCC(C3CCCC3)C2)CC1
C1CCC(C2CCC(CC3CCC(CCC4CCCCC4C4CCC(C5CCCCC5)CC4)CC3)CC2)CC1
C1CCC(CC2CCC(CC3CCC(CCC4CCC(C5CCC5)CC4)CC3)CC2)C1
C1CCC(CCC2CCCC(CC3CC(C4CCCCC4C4CCCC4)C4CCCCC34)C2)CC1
C1CCC(CC2CCC(C3CCC(C4CCCCC4C4CCCC4CC4CCCCC4)CC3)CC2)CC1
C1CCC(CC2CCCCC2C2CCC3CCCCC3C2)CC1
C1CCC(CCC2CCC(CC3CCCC4CCC(CC5CCCCC5)C43)CC2)CC1
C1CCC(C2CC(C3CCC4CCCCC43)CC3CCC(C4CC5CCCCC5C4)CC32)CC1
C1CCC(C2CCCC(CC3CCC(C4CCC(C5CCCC6CCCCC65)C4)CC3)C2)CC1
C1CCC(C2CC(C3CCCCC3)C3CCCCC23)CC1
C1CCC(CCC2CCC(C3CCC(C4CCCCC4)CC3)CC2)CC1
C1CCC(C2CCCCC2CC2CCCC(CC3CCC4CCCCC43)C2)CC1
C1CCC(CC2CCC(C3CCCCC3)CC2)CC1
C1CCC(C2CCC(C3CCCC(C4CCCCC4)C3)CC2)CC1
C1CCC(CCC2CCC(CC3CCC(C4CCCCC4)CC3)CC2)CC1
C1CCC(C2CCCCC2)CC1
C1CCC(CC2CCC(CC3CCCCC3C3CCCCC3C3CCCC3)CC2)CC1
C1CCC(CCC2CCC(CCCC3CCC(CC4CCC(C5CCCCC5)CC4)C3)CC2)CC1
C1CCC(CCCC2CCCC(C3CCCCC3)C2)CC1
C1CCC(C2CC(C3CCC4CCCCC43)CC3CCCCC32)CC1
C1CCC(CCC2CCCC(C3CCCC(CC4CC4)C3)C2)CC1
C1CCC(C2CC(CC3CCCC(C(C4CCCCC4)C4CCCCC4)C3)CCC2C2CCC2)CC1
C1CCC2CC(CC3CCC(CC4CCC5CCCCC54)CC3)CC2C1
C1CCC(CC2CCC(C3CCCC3)CC2)CC1
C1CCC(CC2CCCC(C3CCC(C4CCCCC4)CC3)C2)CC1
C1CCC(C2CCCC2CC2CCCC(C3CCCCC3C3CCCCC3C3CCCC3)C2)CC1
C1CCC(CC2CC(CCC3CCC(C4CCCCC4)CC3)C3CCCCC23)CC1
C1CCC(C2CCCCC2)CC1
C1CCC(CCC2CCCC(C3CCCCC3)C2C2CCCC2)CC1
C1CCC(C2CCC(C3CCCCC3C3CCC4CCCC4C3)C(C3CCCCC3)C2)CC1
C1CCC(CCCC2CCCCC2)CC1
C1CCC(CC2CCC(C3CCCCC3)CC2C2CCCCC2)CC1
C1CCC(CCC2CCC(CC3CCCCC3)CC2)CC1
C1CCC(CC2CC(C3CCCCC3)C3CCCCC23)CC1
C1CCC(C2CCC(C3CCC(CC4CCC5C(CCC5C5CCCC5)C4)CC3)CC2)C1
C1CCC(CC2CCC(C(CC3CCCCC3)C3CCC(C4CCCCC4)CC3)CC2)CC1
C1CCC(CCC2CCC(CCC3CCCCC3)CC2)CC1
C1CCC(CC2CCCC(C3CCC(CC4CCCC4)CC3)C2)CC1
C1CCC(C2CCCC(C3CCC4C(CCC4C4CCCCC4)C3)C2)CC1
C1CCC(CC2CCC(CC3CCCCC3)CC2)CC1
C1CCC(CC2CCCC(C3CCCC(C4CCCC(C5CCCCC5)C4)C3)C2)CC1
C1CCC(CC2CCC(C3CCC(CC4CCCCC4)CC3C3CCC4CCCC4C3)CC2)CC1
C1CCC(C2CCCC(C3CCCCC3)C2)CC1
C1CCC(CCC2CCCC(C3CCCCC3)C2)CC1
C1CCC(CC2CC(C3CCCCC3)C3CCCCC23)CC1
C1CCC(C2CCCCC2CCCC2CCC(C3CCC4CCCCC4C3)CC2)CC1
C1CCC(C2CCC(C3CCC4CCCCC43)CC2)CC1
C1CCC(CC2CC(C3CCC(C4CCCCC4C4CCCC4)CC3)C3CCCCC23)CC1
C1CCC(C2CCC3CC(CCC4CCCC4)CC(C4CCCCC4)C3C2)CC1
C1CCC(CCC2CCC(CC3CCCCC3)CC2)CC1
C1CCC(C2CCC3CC(CC4CCCCC4C4CCCC4)CCC3C2)CC1
C1CCC(C2CCC(CC3CCC(CCCC4CCCC4)CC3)CC2)CC1
C1CCC(CC2CCCC(C3CCCC(C4CCCCC4)C3)C2)CC1
C1CCC(C2CCCC(C3CCCCC3C3CCC(CC4CC5CCCCC5C4)CC3)C2)CC1
C1CCC(CC2CCCC(C3CCCC(C4CCCC4)C3)C2)CC1
C1CCC(C2CCCC(CC3CCCC(C4CCCCC4)C3)C2)CC1
C1CCC(CC2CCCC(CC3CCCCC3C3CCCCC3)C2)CC1
C(CCCC1CCCC(C2CCCCC2)C1)CCC1CCC(C2CCCCC2)CC1
C1CCC(CC2CCC3CC(CC4CCCCC4)CCC3C2)CC1
C1CCC(CC2CCCCC2)CC1
C1CCC(CC2CCC(CCC3CCCC(C4CCCCC4)C3)CC2)CC1
C1CCC(CC2CCC3CC(C4CCC5CCCCC54)CC(CC4CCC(C5CCCCC5)CC4)C3C2)CC1
C1CCC(CC2CCC(CC3CCCCC3)CC2)CC1
C1CCC(CCCC2CCCCC2C2CCCC(C3CCCCC3)C2)CC1
C1CCC(C2CCC(CC3CCC(C4CCCC4)CC3)CC2)CC1
C1CCC(CCCC2CCCC(C3CCCCC3)C2)CC1
C1CCC(CCCC2CCC3CC(C4CCC5CCCCC54)CC(CC4CCC4)C3C2)CC1
C1CCC(CC2CC(C3CCCCC3)CC(C3CCCCC3)C2)CC1
C1CCC(CC2CCCC(CC3CCCC(C4CC5CCCCC5C4)C3)C2)CC1
C1CCC(CCCCCC2CCCC(CC3CCCCC3)C2)CC1
C1CCC(CC2CCCC(C3CCC4CCCCC43)C2)CC1
C1CCC(CCC2CCCC(C3CCC4CCCCC4C3)C2)CC1
C1CCC(CC2CC(CC3CCC(C4CCCC4)CC3)CCC2CC2CC(C3CCCC3)C3CCCCC23)CC1
C1CCC(CC2CCCCC2C2CCCC(C3CCCC(CC4CC5CCCCC5C4)C3)C2)CC1
C1CCC(C2CCC(CCC3CCCC(C4CCCCC4)C3)CC2)CC1
C1CCC(C2CCCCC2C2CCCCC2C2CCCC2)CC1
C1CCC(C2CCC(C3CCCCC3C3CCCCC3)CC2)CC1
C1CCC(CC2CCC(C3CCC(C4CCCCC4)CC3)C2C2CCCCC2)CC1
C1CCC(CC2CCC(C3CCC(CC4CCC(CC5CC6CCCCC6C5)CC4)CC3)CC2)C1
C1CCC(CCC2CCC(CC3CCCCC3)CC2)CC1
C1CCC(C2CCC(CCCCC3CC(C4CCCC4)CCC3C3CCC4CCCC4C3)CC2)CC1
C1CCC(CC2CCCC(CC3CCCCC3)C2)CC1
C1CCC(C2CCC(C3CCCCC3C3CCCC4CCCCC43)CC2)CC1
C1CCC(CC2CCC(C3CCCC(C4CCCCC4)C3)CC2)CC1
C1CCC(CC2CCC(C3CCC3)C(C3CCC(C4CCC5CCCCC5C4)CC3)C2)CC1
C1CCC(CC2CC(CC3CCC(CCC4CC5CCCCC5C4)CC3)C3CCCCC23)CC1
C1CCC(C2CCCC(C3CCCCC3)C2)CC1
C1CCC(CC2CCCCC2)CC1
C1CCC(CC2CCCCC2C2CCC(C3CCCCC3)CC2CCC2CCCC2)CC1
C1CCC(CC2CCC3C(C4CCCCC4)CC(C4CCCCC4)C3C2)CC1
C1CCC(C2CCC(CCCCC3CC4CCCCC4C3)CC2C2CCC3CCCC3C2)CC1
C1CCC(CC2CCC(C3CCCC(C4CCCCC4)C3)CC2)CC1
C1CCC(C2CCC(CC3CCC(C4CCCC4)CC3)CC2)CC1
C1CCC(CCC2CCCC(C3CCC(C4CCCCC4)CC3)C2)CC1
C1CCC(CCC2CCC(CCCC3CCC(CC4CCC(C5CCCC5)CC4)CC3)CC2)CC1
C1CCC(CC2CCC(CCC3CCC(C4CCCCC4)CC3)CC2)CC1
C1CCC(C2CCC(CCC3CCC(C4CCCC4)CC3)CC2)CC1
C1CCC(C2CCC(C3CCCC4CCCCC43)CC2)CC1
C1CCC(CCC2CCCC(C3CCCCC3)C2)CC1
C1CCC(C2CCC(C3CCCCC3CC3CCCC(C4CCCC4)C3)CC2)CC1
C1CCC(C2CCC(C3CCCCC3)C(C3CCCCC3)C2)CC1
C1CCC(CCCC2CCC(CC3CCC4CCCCC43)CC2)CC1
C1CCC(CCC2CC(CCC3CCCCC3)C3CCCCC23)CC1
C1CCC2C(C1)CCCC2CCCC1CCC2C(CCC2C2CCCC2)C1
C1CCC(C2CC(CC3CC3)C(C3CCCCC3)C(C3CCCCC3)C2)CC1
C1CC(CC2CC3CCCCC3C2)CC(C2CCCC(CC3CCC4CCCCC43)C2)C1
C1CCC(C2CCC(CC3CCCC(C4CCCCC4)C3)CC2)CC1
C1CCC(CC2CCCC(C3CCCC(CC4CCCC4)C3)C2)CC1
C1CCC(CCC2CCC(C3CCC4CCCC4C3)CC2)CC1
C1CCC(C2CCC(CC3CCC(CC4CCCC(C5CCC(C6CCCCC6)C5)C4)CC3)CC2)CC1
C1CCC(C2CCC(CCCC3CCCC3)CC2)CC1
C1CCC(CCCC2CCC(C3CCCCC3)C(C3CCCC3)C2)CC1
C1CCC(CC2CCCC(CC3CCC(CC4CCCC5CC(C6CCCCC6)CCC45)CC3)C2)CC1
C1CCC(C2CCC(C3CCCCC3CC3CCCCC3CC3CC4CCCCC4C3)CC2)C1
C1CCC(C2CCC(CCC3CCCC(C4CCC(C5CCCC5)CC4)C3)CC2)CC1
C1CCC(CCCC2CCCC(C3CC(CCC4CCCCC4)CC(C4CCC4)C3)C2)CC1
C1CCC(C2CCC(C3CCCCC3C3CCCCC3)CC2)CC1
C1CCC(CCCC2CCCCC2CC2CCCCC2)CC1
C1CCC(C2CCC(CCC3CCC(C4CCC4)CC3)CC2)CC1
C1CCC(CC2CCCC(C3CCC(CC4CCCCC4C4CCCC4)CC3)C2)CC1
C1CCC(C2CCCC(CC(C3CCCCC3)C3CCCCC3)C2)CC1
C1CCC(C2CCCC(CCC3CCC(CC4CCC5CCCCC54)C(C4CCCC4)C3)C2)CC1
C1CCC(CC2CCC(CCC3CCC(C4CCCCC4)CC3)CC2)CC1
C1CC(C2CCC(C3CCC(C4CC4)C3)CC2)CC(C2CCC(C3CCC4CCCCC43)CC2)C1
C1CCC(CCC2CC(C3CCC4CCCC4C3)CCC2C2CCCCC2)CC1
C1CCC(C2CCCC(C3CCC(C4CCCCC4)CC3C3CCCC3)C2)CC1
C1CCC(C2CCCCC2)CC1
C1CCC(CC2CCC(CC3CCCCC3)CC2)CC1
C1CCC(CCC2CCC(C3CCC(C4CCCCC4)CC3)C2)CC1
C1CCC(CC2CCC(CC3CCCC(CC4CC5CCCCC5C4)C3)CC2)CC1
C1CCC(C2CCC(CCC3CCC(CC4CCC(CC5CC5)CC4)CC3)CC2)C1
C1CCC(CC2CCC(CC3CCCCC3)CC2)CC1
C1CCC(CCCCCC2CCC(CC3CCC(C4CCCCC4)CC3)CC2)CC1
C1CCC(CCCC2CCC(CC3CCC(CCC4CCCCC4)CC3)CC2)CC1
C1CCC(C2CCC(C3CCCCC3)CC2)CC1
C1CCC(CCCC2CCC(C3CCCCC3)CC2CCCCC2CCCC2)CC1
C1CCC(CC2CCC(C3CCCCC3)CC2C2CCCCC2)CC1
C1CCC(CCC2CCC(C3CCCC(C4CCCCC4)C3)C2)CC1
C1CCC(CC2CCC(CC3CCCCC3)C(CCC3CC4CCCCC4C3)C2)CC1
C1CCC(C2CCC(CCCC3CCCC(C4CCCCC4)C3)CC2)CC1
C1CCC(CC2CCCC(C3CCCCC3)C2)CC1
C1CCC(C2CCC(CC3CCC(CCC4CCCC(C5CCC6CCCC6C5)C4)C3)CC2)CC1
C1CCC(CC2CCC(CC3CCC(C4CCC(CC5CCCC5)CC4)CC3)CC2)CC1
C1CCC(C2CCCCC2)CC1
C1CCC(CCC2CC(CC3CCCCC3)CCC2CC2CCCC(C3CCCCC3)C2)CC1
C1CCC(CC2CCCC(CC3CCCC4CC(C5CCCCC5)CCC34)C2)CC1
C1CCC(CCC2CCCC(CC3CCCCC3)C2)CC1
C1CCC(C2CCCC(CCCC3CCCCC3C3CCCCC3)C2)CC1
C1CCC(CC2CCC(CC3CCCC(C4CCCCC4)C3)C2)CC1
C1CCC(CC2CCCC(C3CCC(C4CCCC(C5CCCCC5)C4)CC3)C2)CC1
C1CCC(C2CCCCC2)CC1
C1CCC(CC2CCC(CC3CCCCC3)CC2)CC1
C1CCC(CC2CCCCC2)CC1
C1CCC(CCC2CCCC(CC3CCCCC3C3CCC4CCCC4C3)C2)CC1
C1CCC(CCCC2CCCC(C3CCCCC3)C2)CC1
C1CCC(C2CCC(CC3CC(C4CCCCC4)C4CCCCC34)C2)CC1
C1CCC(CC2CCCCC2CCC2CCC(C3CCCC3)CC2)CC1
C1CCC(CCC2CCCC(C3CCCC(C4CCCCC4)C3)C2)CC1
C1CCC(CC2CCCC(CCC3CCCC(C4CCCCC4C4CCCCC4)C3)C2)CC1
C1CCC(CC2CCC3CC(C4CCCCC4)CCC23)CC1
C1CCC(CCCC2CCCC(C3CCC(C4CCCCC4)C(CCCC4CCCCC4)C3)C2)CC1
C1CCC2CC(CCC3CCCCC3C3CCC4CCCCC43)CC2C1
C1CCC(CC2CC3CCCCC3C2)CC1
C1CCC(CCC2CCCC(CC3CCCC(CCC4CCCCC4)C3)C2)CC1
C1CCC(CCC2CCCC2C2CC(C3CCCCC3)CC3CCCCC32)CC1
C1CCC(CCC2CCCC(C3CCC(CC4CC5CCCCC5C4)CC3)C2)CC1
C1CCC(CCC2CCC(C3CCCCC3C3CCCC3)CC2)CC1
C1CCC(CC2CCC(C3CCCCC3)CC2)CC1
C1CCC(CCCC2CC(C3CCCCC3)CCC2C2CCC(C3CCCCC3)CC2)CC1
C1CCC(CC2CCCC(CC3CCC(C4CCCCC4)CC3)C2)CC1
C1CCC(CC2CCCCC2C2CCC(C3CCCC(C4CCCCC4)C3)CC2CCC2CCCC2)CC1
C1CCC(CCCC(C2CC2)C2CCCC(CC3CCCCC3)C2)CC1
C1CCC(CCCC2CCC(CC3CCCCC3)CC2)CC1
C1CCC(C2CCCC(CCC3CCCCC3C3CCCCC3)C2)CC1
C1CCC(C2CC(C3CCCCC3C3CCC4C(CCCC4C4CCCCC4)C3)C2)CC1
C1CCC(C2CCCCC2C2CCC(CC3CCCC(C4CCCC4)C3)CC2)CC1
C1CCC(CCC2CCCC(C3CCCCC3C3CCCCC3)C2)CC1
C1CCC(CC2CCC(C3CCCC4CC(C5CCCCC5CC5CCCCC5)CCC43)CC2)CC1
C1CCC(CCCC2CCC(C3CCC4C(CCCC4C4CCCCC4)C3)CC2)CC1
C1CCC(CC2CCC(C3CCC(C4CCCCC4)CC3)C2CC2CCCCC2)CC1
C1CCC(CCC2CC(C3CCCCC3)CC(C3CCC3)C2)CC1
C1CCC(C2CCCC(C3CCCC(CCC4CCCC4)C3)C2)CC1
C1CCC(CC2CCC(C3CCCC(C4CCC(C5CCCCC5)CC4)C3)CC2)CC1
C1CCC(C2CCCC(C3CCCC(C4CCC(C5CCCCC5)C4)C3)C2)CC1
C1CCC(CC2CC(C3CC3)CC(C3CCCCC3)C2CC2CCCCC2)CC1
C1CCC(CC2CCC(C3CCC4CCCCC43)C(C3CCCC3)C2)CC1
C1CCC(CC2CCC(C3CCC(CC4CCCCC4)CC3)CC2)CC1
C1CCC(CC2CCCCC2CC2CCC(CC3CCC(C4CCCCC4)CC3)CC2)CC1
C1CCC(CC2CCC(C3CCCC3)CC2)CC1
C1CCC(CCC2CCC(CC3CCCCC3)CC2)CC1
C1CCC(C2CCCC(C3CCCCC3)C2)CC1
C1CCC(C2CCC3C(C4CCCC4)CC(C4CCC(C5CCCC(CC6CCC(C7CC7)CC6)C5)CC4)C3C2)CC1
C1CCC(CC2CCCCC2)CC1
C1CCC(CC2CCCCC2)CC1
C1CCC(C2CC(CC3CCCC(CCCC4CC5CCCCC5C4)C3)C3CCCCC32)CC1
C1CCC(C2CCC(CC3CCC4CCCC4C3)CC2)CC1
C1CCC(CC2CCC(CC3CCCC(CC4CCCCC4)C3)CC2)CC1
C1CCC(C2CCC(C3CCCCC3)CC2)CC1
C1CCC(CC2CCC(CCC3CCC(CC4CCCCC4)CC3)CC2)CC1
C1CCC(C2CCC(C3CCCC(C4CCC(C5CCC5)CC4)C3)CC2)CC1
C1CCC(C2CCC(C3CCC(C4CC4)CC3C3CCCC3)CC2)CC1
C1CCC(CC2CCCCC2C2CCC(C3CCCCC3)CC2)CC1
C1CCC(CC2CCC(CC3CCCCC3)CC2)CC1
C1CCC(CC2CCCC(C3CCCCC3C3CCCC(C4CCCCC4)C3)C2)CC1
C1CCC(CC2CCC(CC3CCCCC3C3CCCCC3)CC2)CC1
C1CCC(C2CCCC(C3CCCC(C4CCCCC4)C3)C2)CC1
C1CCC(C2CCCC(C3CCCCC3)C2)CC1
C1CCC(C2CCC(C3CCCCC3)CC2)CC1
C1CCC(C2CCC3CC(C4CCC5CCCCC54)CCC3C2)CC1
C1CCC(CC2CCCCC2C2CCCC3CCCCC32)CC1
C1CCC(C2CCCC(CCC3CCCC(C4CCCCC4)C3)C2)CC1
C1CCC(CC2CCCC(C3CCCC(C4CCCCC4)C3)C2)CC1
C1CCC(CC2CCC(C3CCC(CC4CCCC(C5CCCCC5)C4)CC3)CC2)CC1
C(CCCCC1CCCCC1)CCCCC1CCC(CCC2CCCCC2)CC1
C1CCC(CCC2CCCC(C3CCCCC3)C2)CC1
C1CCC(C2CCC3CC(C4CCC5CCCCC54)CCC3C2)CC1
C1CCC(CC2CCC(C3CCC(C4CC5CCCCC5C4)CC3)CC2)C1
C1CCC(CCCC2CCCC(CCCCC3CC(CCC4CCCCC4)C4CCCCC34)C2)CC1
C1CCC(C2CCCC(CC3CCCCC3C3CCCC3)C2)CC1
C1CCC(CC2CCCCC2C2CC(C3CCCCC3)C3CCCCC32)CC1
C1CCC(CC2CCC(C3CCC(CC4CCCC4)CC3)CC2)CC1
C1CCC(CCCC2CCCC(C3CCCC(CC4CCCCC4)C3)C2)CC1
C1CCC(CC2CCCC(CC3CCC(CCCC4CCCC5CCCCC54)CC3)C2)C1
C1CCC(CC2CCCCC2CCC2CCCCC2C2CCCCC2)CC1
C1CCC(CC2CCCC(C(CC3CCCCC3)C3CCCCC3)C2)CC1
C1CCC(CC2CCC3CCC(CC4CCC(C5CC6CCCCC6C5)CC4)C3C2)CC1
C1CCC(CC2CCC(CCC3CCCCC3C3CC(CC4CCCC4)C4CCCCC43)CC2)CC1
C1CCC(CCCC2CCCCC2C2CCCCC2)CC1
C1CCC(CCCC2CCCC(C3CCCCC3)C2)CC1
C1CCC(CCCCCC2CCC(C3CCCCC3)CC2)CC1
C1CCC(C2CCCC(C3CCCCC3C3CCCCC3)C2)CC1
C1CCC(C2CCCC(C3CCCC(CC4CC5CCCCC5C4)C3)C2)CC1
C1CCC(CCC2CC(C3CC3CC3CCCC(C4CCCCC4)C3)C3CCCCC23)CC1
C1CCC(CCC2CCC(CC3CCC(CC4CCCCC4)CC3)CC2)CC1
C1CCC(C2CCC(C3CC(C4CCCCC4)CC(C4CC5CCCCC5C4)C3)CC2)CC1
C1CCC(C2CCC(C3CCC4CCCC4C3)C(C3CCC4C(CCC4C4CCCCC4)C3)C2)CC1
C1CCC(CCC2CCCC3CC(C4CCCC(CC5CCCCC5)C4)CCC23)CC1
C1CCC(C2CCCCC2)CC1
C1CCC(CC2CCCC(CC3CCC(CCC4CCC(C5CCCCC5)C(C5CCCCC5)C4)CC3)C2)CC1
C1CCC(C2CCCC(CC3CCC4CCCC4C3)C2)CC1
C1CCC(C2CCCC(CCC3CC3)C2)CC1
C1CCC(CC2CCCC(C3CCC(CCC4CCC(C5CCCCC5)CC4)CC3)C2)CC1
C1CCC(C2CCCC(C3CCC(CC4CCC(CC5CC6CCCCC6C5)CC4)CC3)C2)CC1
C1CCC(C2CCCCC2)CC1
C1CCC(C2CCC(C3CCCCC3C3CCC4CCCC4C3)CC2)CC1
C1CCC(CCC2CCCC(C3CCCC(CC4CCCCC4)C3)C2)CC1
C1CCC(CC2CCCC(C3CCCCC3)C2)CC1
C1CCC(C2CCCC(C3CCCCC3)C2)CC1
C1CCC(CC2CCC(CC3CCC(C4CCCCC4)CC3)CC2)CC1
C1CCC(CCC2CCCC(CC3CC4CCCCC4C3)C2)CC1
C1CCC(C2CCC(C3CCCCC3)C(C3CCCCC3)C2)CC1
C1CCC(CC2CCC(CCC3CC4CCC(CCC5CCC6CCCCC6C5)CC4C3)CC2)CC1
C1CCC(C2CCCCC2CC2CCCC(CCC3CCCC3)C2)CC1
C1CCC(C2CCCCC2C2CCC3C(CCCC3C3CCCCC3)C2)CC1
C1CCC(CC2CCCC(C3CCCC4CC(CC5CCC6CCCCC6C5)CCC43)C2)CC1
C1CCC(CC2CCC(C3CC4CCCCC4C(C4CCCCC4)C3)CC2)CC1
C1CCC(C2CCC(C3CCCCC3)CC2)CC1
C1CCC(CC2CCCCC2C2CCC3CCCCC32)CC1
C1CCC(C2CCCCC2C2CCC(C3CCC4CCCC4C3)CC2)CC1
C1CCC(CC2CC3CCC(C4CC5CCCCC5C4)CC3C(C3CCCCC3)C2)CC1
C1CCC(CC2CCCCC2CCC2CCCC(C3CCCCC3)C2)CC1
C1CCC(C2CCCC(C3CCCC(C4CCCCC4)C3)C2)CC1
C1CCC(CC2CCC(C3CCC(CCC4CCCC4)CC3)CC2)CC1
C1CCC(CCCC2CCCCC2CC2CCC(CC3CCC(C4CCCC4)CC3)CC2)CC1
C1CCC(CC2CCC(C3CCCCC3)C(C3CCCCC3)C2)CC1
C1CCC(CC2CCCC(C3CCCCC3)C2)CC1
C1CCC(CC2CCC(CCCC3CCCC(CC4CCC4)C3)CC2)CC1
C1CCC(CCCCCC2CCC(CC3CCCCC3)CC2)CC1
C1CCC(CC2CCCC3CC(CCC4CCCC(C5CCCCC5)C4)CCC23)CC1
C1CCC(CCCCC2CCC(CCC3CCCCC3)CC2)CC1
C1CCC(CCC2CCCC3CC(C4CCCCC4CC4CCCCC4C4CCC(C5CCCCC5)C4)CCC23)CC1
C1CCC(C2CCC(CC3CCC(CC4CCCC4)CC3)CC2)CC1
C1CCC(C2CCCCC2)CC1
C1CCC(C2CC(C3CCCCC3)CC(C3CC4CCCCC4C3)C2)CC1
C1CCC(CC2CCCCC2CCC2CCC(C3CCCCC3C3CCCC3)CC2)CC1
C1CCC(C2CCC(CCC3CCCCC3CCC3CCCC3)CC2)CC1
C1CCC(CCC2CCC(CC3CCCC(C4CCCC(CCC5CCCCC5)C4)C3)CC2)CC1
C1CCC(CC2CCC3CCCCC32)CC1
C1CCC(C2CCCCC2C2CC(CCCC3CCCC3)CC3CCCCC32)CC1
C1CCC(CCC2CCC(C3CCC4C(CC5CCCCC5)CC(CCC5CCCC5)C4C3)CC2)CC1
C1CCC(CC2CCCCC2)CC1
C1CCC(CC2CCC(C3CCC(C4CCC(CC5CCCC5)CC4)CC3)CC2)CC1
C1CCC(CCCCC2CCC(C3CCCCC3)C(C3CCCCC3)C2)CC1
C1CCC(CCC2CCC(CC3CCC(C4CCC5CCCCC5C4)CC3)CC2)CC1
C1CCC(CCCCC2CCCCC2)CC1
C1CCC(C2CCCC(C3CCCCC3C3CCCC3)C2)C1
C1CCC(CC2CCCC(C3CCCC(C4CCCCC4)C3)C2)CC1
C1CCC(C2CCCC(C3CCCC(C4CCC5CCCC5C4)C3)C2)CC1
C1CCC(CC2CCC(CCC3CC(CC4CCCCC4)C4CCCCC34)CC2CC2CCCCC2)CC1
C1CCC(CC(C2CCCCC2)C2CCC(C3CCCCC3)CC2)CC1
C(CCC1CCC(C2CCCCC2)CC1)CCC1CC2CCCCC2C1
C1CCC(CCC2CCCC(CC3CCC(CC4CCCCC4)CC3)C2)CC1
C1CCC(CC2CCCC(CC3CCC(C4CCCCC4)CC3)C2)CC1
C1CCC(C2CCC(C3CCC4CCCCC43)CC2)CC1
C1CCC(CCC2CCC(CC3CCCCC3)CC2)CC1
C1CCC(CC2CCCCC2C2CCCCC2)CC1
C1CCC(CCC2CCCCC2C2CCCCC2)CC1
C1CCC(CCCC2CCCCC2C2CCCC(C3CCCCC3)C2)CC1
C1CCC(CC2CC(C3CCC4CCCCC43)C3CC(CC4CCCC(C5CCCC5)C4)CCC23)CC1
C1CCC(CC2CCCCC2C2CCC(C3CCCC(C4CCCC4)C3)CC2)CC1
C1CCC(CCCC2CCCCC2C2CCCCC2CCC2CCCCC2)CC1
C1CCC(CC2CCC(CCC3CCC4CCCCC43)CC2)CC1
C1CCC(CCC2CCCC(CC3CCC(CC4CCC(C5CCCC5)CC4)CC3)C2)CC1
C1CCC(CC2CCC(CC3CCCCC3)CC2)CC1
C1CCC(CCC2CCCCC2C2CCCC(CC3CCCCC3)C2)CC1
C1CCC(C2CCC(CCC3CCCCC3C3CCCCC3)CC2)CC1
C1CCC(CC2CCC(C3CCCC(CC4CC5CCCCC5C4)C3)CC2)CC1
C1CCC(C2CCCCC2C2CCCC(C3CCC(CC4CC4)CC3)C2)CC1
C1CCC(C2CCC(CCC3CCCCC3C3CCCC3)CC2)CC1
C1CCC(CCC2CC(C3CCCC(CC4CCC(C5CCCC5)CC4)C3)C3CCCCC23)CC1
C1CCC(CCCC2CCC(C3CCCCC3)CC2)CC1
C1CCC(CC2CCCCC2CCC2CCC(CC3CC4CCCCC4C3)CC2)CC1
C1CCC(CC2CCC(C3CCCCC3)C(CCC3CC4CCCCC4C3)C2)CC1
C1CCC(CC2CCCCC2C2CCC(C3CCCCC3)C2)CC1
C1CCC(CC2CCCC(CC3CCCC(CCCC4CCC4)C3)C2)CC1
C1CCC(C2CCCC(C3CCCCC3)C2)CC1
C1CCC(CC2CCCC(CC3CCCCC3)C2)CC1
C1CCC(CC2CCCC(C3CCCCC3)C2)CC1
C1CCC(CCC2CCC(C3CCCCC3)C(C3CCCCC3)C2)CC1
C1CCC(CCCC2CCCC(CCC3CCCCC3C3CCCCC3)C2)CC1
C1CCC(CCCC2CCC(C3CCCCC3C3CCCCC3)CC2C2CCCC2)CC1
C1CCC(CCC2CCC(CCC3CCC(CC4CCCCC4)CC3)CC2)CC1
C1CCC(C2CCCC(C3CCCCC3)C2)CC1
C1CCC(CC2CCCC(C3CCCCC3)C2)CC1
C1CCC(CC2CCC(C3CCCCC3C3CCC(C4CCC5CCCCC54)CC3)CC2)CC1
C1CCC(CC2CCC(C3CCC(CCC4CCC5CCCCC54)C3)CC2)CC1
C1CCC(CC2CCCC(C3CCCCC3)C2)CC1
C1CCC(C2CCCC(C3CCC4C(CCC4C4CCCCC4)C3)C2)CC1
C1CCC(CC2CCC(C3CCC(C4CCCCC4C4CCCC4)C(C4CCCCC4)C3)CC2)CC1
C1CCC(CC2CCC(CC3CCCC(C4CCCCC4)C3)CC2)CC1
C1CCC(CCC2CCC(CC3CCCC(CC4CC5CCCCC5C4)C3)CC2)CC1
C1CCC(CCCC2CCCC(C3CCCCC3)C2)CC1
C1CCC(CC2CCC(C3CCCCC3)CC2)CC1
C1CCC(CCC2CCC(CCCC3CCCC(CC4CC4)C3)CC2)CC1
C1CCC(C2CCC(C3CCCC3C3CCCC(C4CCC5CCCCC54)C3)CC2)CC1
C1CCC(CCCCC2CCC(C3CCCC(CC4CCC(C5CCCC5)CC4)C3)CC2)CC1
C1CCC(CCC2CCC(C3CCCCC3)CC2)CC1
C1CCC(CCC2CCC(C3CCC(CC4CCCC4)CC3)CC2)CC1
C1CCC(C2CCCCC2)CC1
C1CCC(CCC2CCC(CC3CCCCC3)CC2)CC1
C1CCC(C2CCC(C3CCCCC3C3CCCCC3)CC2)CC1
C1CCC(CCCCC2CCCC(CCCC3CCC(C4CCCC4)CC3)C2)CC1
C1CCC(C2CCC(CCC3CCC4CCCC(C5CCCCC5)C4C3)CC2)CC1
C1CCC(CC2CCC(CCC3CCC(C4CCCCC4)CC3)CC2)CC1
C1CCC(C2CCCC(CCCC3CCC(CCC4CC4)CC3)C2)CC1
C1CCC(CCCCC2CC(C3CCC4CCCCC4C3)C3CCCCC23)CC1
C1CCC(C2CCCCC2C2CCCCC2CC2CCC3CCCCC3C2)CC1
C1CCC(C2CCCC(CCCCC3CCCC(CCC4CC5CCCCC5C4)C3)C2)CC1
C1CCC(CC2CCC(CCC3CCCC(C4CCCCC4)C3)CC2)CC1
C1CCC(C2CCCC(C3CC(CCCC4CCC4)C4CCCCC43)C2)CC1
C1CCC(CCC2CCCC(C3CCCCC3)C2)CC1
C1CCC(CC2CCC(CC3CCC(CC4CCCCC4)C3)CC2)CC1
C1CCC(CCC2CCC(C3CCCCC3)CC2C2CCCC2)CC1
C1CCC(CC2CCC(C3CCCC(CC4CC5CCCCC5C4)C3)CC2)CC1
C1CCC(CC2CCC(CCC3CCC(CC4CCCCC4C4CCCCC4)CC3)CC2)CC1
C1CCC(CC2CC(C3CCCC(C4CCCCC4)C3)C3CCCCC23)CC1
C1CCC(CC2CCC(CC3CCCC(C4CCC(CC5CCCCC5)CC4)C3)CC2)CC1
C1CCC(CC2CCC(C3CCCCC3)CC2)CC1
C1CCC(C2CCCC(CCC3CCCC(C4CCCC4)C3)C2)CC1
C1CCC(C2CCC(CCCC3CC4CCCCC4C3)CC2)CC1
C1CCC(C2CCCC(CCC3CCC(C4CC(C5CCCCC5)C4)CC3)C2)CC1
C1CCC(CC2CCC(CC3CCCC(CC4CC5CCCCC5C4)C3)CC2)CC1
C1CCC(CC2CCCC(C3CC4CCCCC4C3)C2)CC1
C(CCC1CCC(C2CCCCC2)CC1)CCC1CCCC(CC2CC2)C1
C1CCC(C2CCCC(C3CCCCC3C3CCCC3)C2)CC1
C1CCC(C2CCCC(CC3CCC(C4CCCC4)CC3)C2)CC1
C1CCC(CC2CCCC(C3CCCCC3)C2)CC1
C1CCC(C2CCC(C3CCC4CCCC(C5CCCCC5)C4C3)C2)CC1
C1CCC(C2CCC(C3CCCC(C4CCCCC4)C3)CC2)CC1
C1CCC(C2CCC(C3CCCCC3)CC2)CC1
C1CCC(CCCC2CCC(CC3CCCCC3)CC2)CC1
C1CCC(C2CCC(C3CCC4CCCC4C3)C(C3CCC4CCCC4C3)C2)C1
C1CCC(CC2CCCC(C3CCCC(CCCCC4CCCC4)C3)C2)CC1
C1CCC(C2CCCC(CC3CCC4CCCCC43)C2)CC1
C1CCC(CC2CCCCC2CCC2CCC(C3CCCCC3C3CCCCC3)CC2C2CCCC2)CC1
C1CCC(CCCC2CCCCC2)CC1
C1CCC(C2CCC(CC3CCCC(C4CCCC4)C3)CC2)CC1
C1CCC(C2CCCCC2C2CCCC2)CC1
C1CCC(C2CCC(C3CCCCC3)CC2)CC1
C1CCC(CC2CCC3CC(CCC4CCC(CC5CCCC(C6CCCCC6)C5)CC4)CCC23)CC1
C1CCC(C2CC(C3CCCCC3)CC(C3CCCCC3)C2)CC1
C1CCC(CC2CCCCC2CCCC2CCCC(C3CCCCC3)C2)CC1
C1CCC(CCC2CCC(CC3CCCCC3)CC2)CC1
C1CCC(CCCC2CCCCC2C2CCCCC2)CC1
C1CCC(CCCC2CC(C3CCCCC3CC3CCCCC3)C3CCCCC23)CC1
C1CC(C2CCC(C3CCC4CCCCC43)C(C3CCCC3)C2)C1
C1CCC(C2CCC(CC3CCC(CC4CCC(CC5CCCC(C6CCCC6)C5)CC4)CC3)CC2)C1
C1CCC(CC2CCCC(CCCC3CC(CC4CCCCC4)CCC3C3CCCCC3)C2)CC1
C1CCC2CC(CCC3CCCC4CC(C5CCCC(CC6CC7CCCCC7C6)C5)CCC34)CC2C1
C1CCC(C2CCC(CC3CCCC(C4CCCCC4)C3)CC2)CC1
C1CCC(C2CCC(C3CCCCC3C3CCCCC3)CC2)CC1
C1CCC(CC2CCCCC2)CC1
C1CCC(CCC2CCC(C3CCCC4CC(C5CCCCC5)CCC43)CC2)CC1
C1CCC(C2CCCCC2C2CCCCC2)CC1
C1CCC(C2CCC(CCC3CCCC(C4CCCCC4)C3)CC2)CC1
C1CCC(C2CCCC(C3CCCC(CC4CCC5CCCCC54)C3)C2)CC1
C1CCC(CC2CCC(CC3CCCC(CC4CCCCC4)C3)CC2)CC1
C1CCC(CC2CCC3CC(CCCC4CCC(CCCC5CCCC5)CC4)CC3C2)CC1
C1CCC(CCCC2CCCCC2CC2CCCCC2)CC1
C1CCC(CCCC2CCCC(CC3CCCC(C4CCCCC4)C3)C2)CC1
C1CCC(CC2CCC(C3CCCC(CCCC4CCC5CCCCC5C4)C3)CC2)CC1
C1CC(CC2CCC(CC3CCC(CC4CC4)CC3)CC2)CC(C2CC2)C1
C1CCC(CC2CCCC(CCCC3CCC(CC4CCCC(C5CCCCC5)C4)C(C4CCCCC4)C3)C2)CC1
C1CCC(C2CCCCC2)CC1
C1CCC(CC2CCCCC2CCC2CCCCC2C2CCCCC2)CC1
C1CCC(CCC2CCC3CC(C4CCCC(C5CCCC5)C4)CCC23)C1
C1CCC(CCCCCC2CCC(CCC3CCCCC3)CC2)CC1
C1CCC(CCCCC2CCCC(CC3CCC(CC4CCC5CCCCC54)CC3)C2)CC1
C1CCC(CC2CC(C3CCCCC3CC3CCCCC3)C3CCCCC23)CC1
C1CCC(CC2CCC(CC3CCCCC3)C(C3CCCCC3)C2)CC1
C1CCC(CCC2CCCC(C3CCC4CCCC4C3)C2)CC1
C1CCC(CC2CCC(CCC3CCCC(C4CCCCC4)C3)CC2)CC1
C1CCC(C2CCC(CCC3CCC(C4CC(C5CCC(C6CCCCC6)CC5)C4)CC3)CC2)CC1
C1CCC(CCC2CCC(C3CCCCC3)CC2)CC1
C1CCC(C2CC(C3CCC4CCCCC43)CC3CCCCC32)CC1
C1CCC(CCCCC2CCC(CC3CCCCC3)CC2)CC1
C1CCC(CCC2CCCCC2C2CCC(CC3CCCCC3)CC2)CC1
C1CCC(C2CCC(C3CCC(C4CCC4)CC3)CC2)CC1
C1CCC(C2CCC(CC3CCC(C4CCC5CCCC5C4)CC3)CC2)CC1
C1CCC(CC2CCC(C3CCC(CC4CCCCC4C4CCCCC4)CC3)C2)CC1
C1CCC(C2CCC(C3CCCCC3C3CCCCC3)C(CC3CCCC(C4CC4)C3)C2)CC1
C1CCC(CC2CCCC(C3CCCC(C4CCC5CCCC5C4)C3)C2)C1
C1CCC(CCC2CCCCC2C2CCCC(CC3CCCCC3)C2)CC1
C1CCC(CCC2CC(CC3CC3)CC(C3CCCCC3)C2)CC1
C1CCC(CC2CCC3C(CC4CCCCC4)CCC3C2)CC1
C1CCC(CCC2CCC(C3CCCCC3)CC2)CC1
C1CCC(CCC2CCCC(CC3CCCC(C4CCCC4)C3)C2)CC1
C1CCC(CC2CCCC(C3CCC(C4CCCCC4)CC3)C2)CC1
C1CCC(C2CCCC(C3CCCC3)C2)CC1
C1CCC(CC2CCCC(C3CCC(C4CCCC(C5CCCC(C6CCCCC6)C5)C4)CC3)C2)CC1
C1CCC(CC2CCC(C3CCC(CCC4CCCCC4CC4CCCCC4)CC3)CC2)CC1
C1CCC(CC2CCC(CC3CCCCC3)CC2)CC1
C1CCC(CC2CCCC(CC3CCC(C4CCCCC4)CC3)C2)CC1
C1CCC(C2CCCCC2)CC1
C1CCC(C2CCCCC2C2CCCCC2)CC1
C1CCC(CCC2CCC(CC3CCC(C4CCCCC4)CC3)CC2)CC1
C1CCC(CCC2CCC3C(CCCC3C3CCC(C4CCCCC4)CC3)C2)CC1
C1CCC(CC2CC(C3CCCCC3)C3CC(C4CCCCC4C4CCCCC4)CCC23)CC1
C1CCC2CC(CC3CCC(CC4CCC(CC5CC6CCCCC6C5)CC4)CC3)CCC2C1
C1CCC(CCC2CCCCC2)CC1
C1CCC(CC2CCC(C3CCCCC3CC3CCC3)CC2)CC1
C1CCC(CCC2CCC(C3CCCCC3CCC3CCCCC3)CC2)CC1
C1CCC(CCC2CC(C3CCCC3)C3CC(CC4CCCCC4)CCC23)CC1
C1CCC(CC2CCCC(C3CC(CC4CC5CCCCC5C4)CC(C4CCC4)C3)C2)CC1
C1CCC(C2CCC(C3CCCCC3)CC2)CC1
C1CCC(C2CCCC(C3CCC(C4CC(C5CCCC5)C5CCCCC45)CC3)C2)CC1
C1CCC(CCCC2CCC(C3CCCC(CC4CCCCC4)C3)CC2)CC1
C1CCC(CCC2CCC(CC3CCC(CCC4CCCCC4)CC3)CC2)CC1
C1CCC(CC2CCC(C3CCCC(C4CCCCC4)C3)CC2)CC1
C1CCC(CCCC2CCCC(CC3CCC(CC4CCCCC4)CC3)C2)CC1
C1CCC(C2CCC(C3CCCCC3)C(C3CCC4CCCC4C3)C2)CC1
C1CCC(CCC2CCCC(C3CCCCC3CC3CCCCC3)C2)CC1
C1CCC(CCCC2CCCCC2CCC2CCCC(CC3CCCCC3)C2)CC1
C1CCC(CC2CCCC(C3CCCCC3C3CCCCC3)C2)CC1
C1CCC(CCC2CCC(CCC3CCCCC3)CC2)CC1
C1CCC(CCC2CC(C3CCCCC3)CC(C3CCCC3)C2)CC1
C1CCC(CC2CCCC(CC3CCC(CC4CCCCC4C4CCCCC4)CC3)C2)CC1
C1CCC(C2CCCC3CC(C4CCCCC4C4CCCCC4C4CCCCC4)CCC32)CC1
C1CCC(C2CCC(C3CCC(C4CCCCC4C4CCCC4)CC3)CC2)CC1
C1CCC(CC2CCCC2CCC2CCC(C3CCCC(C4CCCC4)C3)CC2)CC1
C1CCC(C2CCC(C3CCCCC3C3CCCCC3)CC2)CC1
C1CCC(CCC2CC(CC3CCCC(C4CCCCC4)C3)C3CCCCC23)CC1
C1CCC(C2CCCC(CC3CCC(CC4CCCCC4C4CCCC4)CC3)C2)CC1
C1CCC(C2CCCC(CC3CCCC(C4CC(CC5CC5)CC(CC5CC5)C4)C3)C2)CC1
C1CCC(CC2CCC(C3CCCC(C4CCC(CC5CCCCC5)C(C5CCCC5)C4)C3)CC2)CC1
C1CCC(CCC2CCC(C3CCCCC3)CC2C2CCC3CCCCC32)CC1
C1CCC(CC2CC(CCCCC3CC4CCCCC4C3)CC(C3CC3)C2)CC1
C1CCC(CC2CCC(C3CCCC3)CC2)CC1
C1CCC(C2CCC(C3CCCCC3)CC2)CC1
C1CCC(C2CCC(CC3CCC(C4CCCCC4C4CCC5CCCC5C4)CC3)C2)C1
C1CCC(C2CCCC(C3CCCCC3CC3CC4CCCCC4C3)C2)CC1
C1CCC(C2CCC3C(CCC3C3CCCC(C4CCCCC4)C3)C2)CC1
C1CCC(C2CCCC(CCC3CCCC(C4CCCCC4)C3)C2)CC1
C1CCC(CC2CCC(CCC3CCC(C4CCCCC4)CC3)CC2)CC1
C1CCC(C2CCCCC2CC2CCC(C3CCC(C4CCC5CCCCC5C4)CC3)CC2)CC1
C1CCC(CC2CCCCC2CC2CCCC2)CC1
C1CCC(CCC2CC(C3CCC4CCCCC43)CC3CCC(CC4CCC(C5CCC5)CC4)CC23)CC1
C1CCC(CC2CCCCC2)CC1
C1CCC(CCC2CCC(C3CCC(CC4CCCCC4)CC3)CC2)CC1
C1CCC(CC2CCC(C3CCC4CCCCC43)CC2)CC1
C1CCC(C2CCCCC2)CC1
C1CCC(CCCCCC2CCC(CC3CCCC4CC(C5CCCCC5)CCC34)CC2)CC1
C1CCC(CC2CCC(CCCCCC3CC4CCCCC4C3)C(CC3CCCCC3)C2)CC1
C1CCC(CC2CCCC(CC(C3CCCCC3)C3CCCCC3)C2)CC1
C1CCC(C2CCC(CC3CCC4C(CC5CCC(C6CCCCC6)CC5)CCCC4C3)CC2)CC1
C1CCC(CCCCC2CCCCC2CC2CCC(CC3CC4CCCCC4C3)CC2)CC1
C1CCC(CC2CCCC(C3CCCC(CC4CC5CCCCC5C4)C3)C2)CC1
C1CCC(CC2CCC(C3CCCCC3CCCCCC3CCCC(CC4CCC4)C3)CC2)CC1
C1CCC(CCCC2CC(C3CCCCC3)CCC2CC2CCCCC2)CC1
C1CCC(CC2CCC(CCCCCC3(CC4CC5CCCCC5C4)CC3)CC2)CC1
C1CCC(CCC2CCCCC2C2CCCC(CC3CCCCC3)C2)CC1
C1CCC(CC2CCC(C3CCCC3C3CCCCC3)CC2)CC1
C1CCC2CC(CC3CCC(C4CCCC5CCCCC54)C(C4CCCC4)C3)CC2C1
C1CCC(CCCC2CCCC(C3CCCCC3)C2)CC1
C1CCC(CCC2CCCC(CC3CCCC(C4CCCCC4)C3)C2)CC1
C1CCC(C2CC(C3CCCCC3)CC(C3CCCCC3)C2)CC1
C1CCC(C2CCC(C3CCCC(C4CCCCC4)C3)CC2)CC1
C1CCC(C2CCCC(CC3CCC(CC4CCC(C5CCC6CCCCC65)CC4)CC3)C2)CC1
C1CCC(CC2CCCC3CC(C4CCCCC4)CCC23)CC1
C1CCC(C2CC3CCC(C4CCCCC4)CC3C(C3CCCCC3)C2)CC1
C1CCC(CCC2CCCC(CCC3CCCCC3)C2C2CCCCC2)CC1
C1CCC(CCC2CC(C3CCCCC3)CCC2C2CCCCC2)CC1
C1CCC(CCC2CCCC(C3CCCCC3)C2)CC1
C1CCC(C2CCCC(C3CC(C4CCCCC4)CC(C4CC4)C3)C2)CC1
C1CCC(CCC2CCC(CC3CCCCC3C3CCCC3)CC2)CC1
C1CCC(CCC2CCCCC2CC2CCC(CCC3CCCC(CC4CCCCC4)C3)CC2)CC1
C1CCC(CC2CCCC(C3CCCC(C4CCCCC4)C3)C2)CC1
C1CCC(CC2CCC(C3CCCC(CCC4CCCC(CC5CCCCC5)C4)C3)CC2)CC1
C1CCC(CCC2CCCCC2CC2CCC(C3CCCCC3)CC2)CC1
C1CCC(CCCCCC2CCC(C3CCC4CC(C5CCCCC5)CCC4C3)CC2)CC1
C1CCC(CCCC2CCCC(C3CCCC(CC4CCC(C5CCCC5)CC4)C3)C2)CC1
C1CCC(CCC2CCC(CCC3CCCC(C4CCC5CCCCC54)C3)C2)CC1
C1CCC(C2CCCC(C3CCCCC3)C2)CC1
C1CCC(CCC2CCC(C3CCCCC3)CC2)CC1
C1CCC(CCC2CCCC(C3CCCCC3)C2)CC1
C1CCC(CC2CCCC(C3CCCCC3C3CCCCC3)C2)CC1
C1CC2CCC(C3CCC(C4CCCCC4C4CCC5CCCC5C4)CC3)CC2C1
C1CCC(CCCCC2CCCC(C3CCCC(C4CCCC(C5CCCCC5)C4)C3)C2)CC1
C(CCCC1CCC(CC2CCCCC2)CC1)CCCC1CCC(CC2CCC(C3CCCC3)C2)CC1
C1CCC(C2CCC(C3CCC4CCCC4C3)CC2)CC1
C1CCC(CCCC2CCCC(CC3CCCC(CCC4CCC5CCCCC54)C3)C2)CC1
C1CCC(CC2CCC(C3CCCC3)CC2C2CCCCC2)CC1
C1CCC(C2CCC(C3CCC(CC4CCC(C5CCCCC5C5CCCC5)CC4)CC3)CC2)CC1
C1CCC(C2CCCC(CCC3CCCCC3C3CCC(CC4CCC4)CC3C3CC3)C2)CC1
C1CCC(CCC2CCC(C3CCCCC3)C(C3CCCCC3)C2)CC1
C1CCC(C2CCC(CC3CCC(CC4CC4)CC3)CC2)CC1
C1CCC(CCCC2CCCCC2)CC1
C1CCC(CC2CCC(CC3CCCCC3)CC2)CC1
C1CCC(CCCCC2CC3CCC(CC4CCCCC4)CC3C(C3CCCCC3)C2)CC1
C1CCC(CC2CCC(CC3CCCCC3)CC2)CC1
C1CCC(CCCC2CCCC(CC3CCC(C4CCCC4)CC3C3CCC4CCCC4C3)C2)CC1
C1CCC(C2CCC3CCC(CCCC4CCC5CCCCC5C4)C3C2)CC1
C1CCC(CC2CCC(C3CCCC(C4CCCCC4)C3)CC2)CC1
C1CCC(C2CCCC(CC3CC(C4CCCCC4)C4CCCCC34)C2)CC1
C1CCC(CC2CCCCC2C2CCC3C(CC4CCCCC4)CCCC3C2)CC1
C1CCC(CCC2CCC(CC3CCCCC3)CC2)CC1
C1CCC(CCC2CCC(C3CCC(CC4CC5CCCCC5C4)CC3)CC2)CC1
C1CCC(CC2CCCC(CC3CCCC(C4CCC(C5CCCCC5)C5CCCC45)C3)C2)CC1
C1CCC(CCC(C2CCCCC2)C2CCCC(C3CCCC(C4CC4)C3)C2)CC1
C1CCC(C2CCCC(C3CCCC(C4CC4)C3)C2)CC1
C1CCC(C2CCCC(CCC3CCC(CC4CCC(CC5CCC6CCCC6C5)CC4)CC3)C2)CC1
C1CCC(C2CCCC(CCC3CCCCC3CCCC3CCC4CCCCC4C3)C2)CC1
C1CCC(C2CCCC(CC3CC4CCCCC4C3)C2)CC1
C1CCC(CC2CC(C3CCCCC3)CC(C3CCCC(C4CCC5CCCCC5C4)C3)C2)CC1
C1CCC(CC2CCC(CCC3CCCCC3C3CCCC(CC4CCCCC4)C3)CC2)CC1
C1CCC(C2CCC(C3CCCCC3)CC2)CC1
C1CCC(C2CCCC(C3CCCCC3)C2)CC1
C1CCC(CCC2CC(C3CCC(CC4CCCCC4)CC3)C3CCCCC23)CC1
C1CCC(CC2CCCCC2CC2CCCC(C3CCC(CC4CCC4)CC3)C2)CC1
C1CCC(CC2CCC(CC3CCCC3)CC2)CC1
C1CCC(CCC2CCC(CC3CCC(CC4CC5CCCCC5C4)CC3)CC2)CC1
C1CCC(CC2CCC(C3CCCC(C4CCCC(CC5CCC(C6CC6)CC5)C4)C3)CC2)CC1
C1CCC(CCC2CCC(CC3CCC(C4CCCCC4)CC3)CC2)CC1
C1CCC(CC2CCC(C3CCCCC3)CC2)CC1
C1CCC(C2CCCC(C3CCCCC3)C2)CC1
C1CCC(C2CCCC(C3CC(C4CCCCC4)C4CCCCC34)C2)CC1
C1CCC(CCCCC2CCC(CC3CCC(C4CCCC4)CC3)CC2)CC1
C1CCC(C2CCC(CCCC3CCC(CC4CCCCC4C4CCCCC4)CC3)C2)CC1
C1CCC(CC2CCCCC2CCC2CCC(CC3CCCC(C4CCCCC4)C3)C2)CC1
C1CCC(CCCCCC2CCC(C3CCCC(C4CC4)C3)CC2)CC1
C1CCC(C2CCC(C3CCCC(C4CCCCC4)C3)CC2)CC1
C1CCC(CCC2CCCCC2C2CCC3C(CCCC3C3CC(CC4CCCC4)C4CCCCC43)C2)CC1
C1CCC(CC2CCC(CC3CCC(CCC4CC4)CC3)CC2)CC1
C1CCC(C2CC(C3CCCCC3)CC(C3CCC(CC4CCC(C5CCCC5)CC4)CC3)C2)CC1
C1CCC(CC2CCC(C3CCCCC3)CC2)CC1
C1CCC(C2CCC(C3CCC(C4CCCCC4)C3)CC2)CC1
C1CCC(CCC2CCC(CCC3CCCC(C4CCCC4)C3)CC2)CC1
C1CCC(CCC2CCC3CCC(C4CCC5CCCCC5C4)CC3C2)CC1
C1CCC(C2CCCC(C3CCCCC3CCCCCC3CCCC3)C2)CC1
C1CCC(CCCC2CCC(C3CCCCC3)C(CC3CCCCC3)C2)CC1
C1CCC(CCCC2CCCC(CC3CC3)C2)CC1
C1CCC(CC2CCCCC2C2CCCC(C3CCC(CC4CC4)CC3)C2)CC1
C1CCC(C2CCC(C3CCCCC3)C(C3CCCC3)C2)CC1
C1CCC(C2CCC(C3CCCCC3)C(CCC3CCCCC3C3CCCC3)C2)CC1
C1CCC(CCCC2CCC(CCCCC3CC(CC4CCCCC4)CCC3C3CCC3)CC2)CC1
C1CCC(C2CCCC(C3CCC(C4CCCC4)CC3)C2)CC1
C1CCC(CC2CCC(CC3CCC(CC4CCCCC4)CC3)CC2)CC1
C1CCC(C2CC3CCCC(C4CCCCC4)C3C2)CC1
C1CCC(CCCCC2CCC(C3CCC(CCC4CC5CCCCC5C4)CC3)CC2)CC1
C1CCC(CCC2CCCC(C3CCCCC3C3CCCCC3)C2)CC1
C1CCC(CCC2CCC(C3CCCC(C4CCCCC4)C3)CC2)CC1
C1CCC(CC2CCC(CC3CCCCC3)CC2)CC1
C1CCC(C2CCC(CC3CCC(CCC4CC5CCCCC5C4)CC3)CC2)CC1
C1CCC(CC(C2CCCC(CC3CCCC3)C2)C2CCCC(C3CCCCC3)C2)CC1
C1CCC(C2CCC(CCC3CCCCC3C3CCCCC3)CC2)CC1
C1CCC(CC2CCC(CC3CCC(CC4CC5CCCCC5C4)CC3)C(C3CCCC3)C2)CC1
C1CC(CC2CCC(C3CCC4CCCC4C3)CC2)CC(C2CCC3CCCC3C2)C1
C1CCC(CC2CCC(C3CCC(C4CCCCC4)CC3)CC2)CC1
C1CCC(CCC2CC(C3CCCCC3)CC(C3CCCCC3)C2)CC1
C1CCC(CCCC2CCCC(C3CCCCC3)C2)CC1
C1CCC(CCCC2CC(CC3CCCC(CC4CCCCC4)C3)C3CCCCC23)CC1
C1CCC(C2CCC(CC3CCCC(C4CCCCC4)C3C3CCCC(CC4CC4)C3)CC2)CC1
C1CCC(C2CCC(CC3CC(C4CCCCC4)C4CCCCC34)CC2)CC1
C1CCC(C2CCC(CC3CCCCC3CC3CCCC(C4CCCC4)C3)CC2)C1
C1CCC(C2CCCC(CCCCC3CC(C4CCCCC4)CCC3CC3CCCC3)C2)CC1
C1CCC(C2CCCCC2C2CCCCC2)CC1
C1CCC(CCC2CCC(CCCCC3CCC4CCCCC4C3)CC2)CC1
C1CCC(C2CCCCC2C2CCC(C3CCC(CC4CCCC4)CC3)CC2)CC1
C1CCC(CC2CCC(C3CC(CC4CCCCC4)C4CCCCC43)CC2)CC1
C1CCC(C2CCCC(CCC3CCC(C4CCC(C5CCC5)CC4)CC3)C2)CC1
C1CCC(CC2CCC(C3CCCC(CC4CCC5C(CCC5C5CCCCC5)C4)C3)CC2)CC1
C1CCC(CC2CC(C3CCC(C4CCCCC4)CC3)C3CCCCC23)CC1
C1CCC(CC2CCC(CC3CCCC(CC4CCCC4)C3)CC2)CC1
C1CCC(CC2CCCC3CC(CC4CCC(C5CCCCC5)CC4)CCC23)CC1
C1CCC(C2CCC(C3CC(C4CCC(C5CCCCC5)CC4)C3)CC2)CC1
C1CCC(C2CCCC(CCCC3CCCC(CC4CCCC4)C3)C2)CC1
C1CCC(CC2CC(C3CCCCC3)CC(C3CCCCC3)C2C2CCCC2)CC1
C1CCC(C2CCC(C3CC3)CC2C2CCCCC2)CC1
C1CCC(C2CCC(C3CCC(C4CCCCC4)CC3C3CCCC3)CC2)CC1
C1CCC(CC2CCCC(C3CCCC(CC4CCCCC4)C3)C2)CC1
C1CCC(C2CCCC(C3CCCC(CCC4CCC5CCCCC54)C3)C2)C1
C(CCCC1CCCC(C2CCCCC2)C1)CCC1CCCCC1
C1CCC(CC2CC(C3CCCCC3C3CCCCC3)C3CCCCC23)CC1
C1CCC(C2CCC(C3CCC(C4CCC4)CC3C3CCC4CCCC4C3)CC2)CC1
C1CCC(C2CCC(C3CCCC(C4CCCCC4)C3)CC2)CC1
C1CCC(CCC2CCC(CC3CCC(C4CCCCC4)CC3)CC2)CC1
C1CCC(CC2CCCCC2C2CCC(CC3CCCC(CCC4CCC5CCCCC54)C3)CC2)CC1
C1CCC(CC2CCC(CC3CCCC(C4CCCCC4)C3)CC2)CC1
C1CCC(CC2CCCC(C3C(C4CCCCC4)CCC3C3CCC(C4CCCCC4)CC3C3CCCCC3)C2)CC1
C1CCC(CC2CCCCC2C2CCCCC2)CC1
C1CCC(CCCC2CCC(CC3CCCC3)CC2)CC1
C1CCC(CCCCCC2CCCCC2CCC2CCCCC2)CC1
C1CCC(CC2CCC(C3CCCCC3CC3CCCCC3)C(C3CC4CCCCC4C3)C2)CC1
C1CCC(C2CCC(CCC3CCCCC3C3CCCC3)C(C3CCCCC3)C2)CC1
C1CCC(CC2CCCC(CCC3CCCC(CC4CCCCC4)C3)C2)CC1
C1CCC(CCC2CCCC(C3CCCCC3CC3CCCCC3)C2)CC1
C1CCC(CC2CCC(C3CCCCC3)CC2)CC1
C1CCC(CCC2CC(C3CCC(C4CCCC4)CC3)C3CCCCC23)CC1
C1CCC(CC2CCCC(C3CCCCC3)C2)CC1
C1CCC(CC(CC2CCCCC2)C2CCCCC2)CC1
C1CCC(CC2CCC(C3CCCC3)CC2)CC1
C1CCC(C2CCCC(C3CCC(C4CCC(CCC5CC5)CC4)CC3)C2)CC1
C1CCC(CCC2CCC(C3CCCC(C4CCC(C5CCCCC5)CC4)C3)CC2)CC1
C1CCC(C2CCCCC2C2CCCCC2)CC1
C1CCC(CC2CCC(C3CCC(C4CCCCC4)CC3)CC2)CC1
C1CCC(C2CCC3CCCC(C4CCCCC4)C3C2)CC1
C1CCC(CCCCC2CCC(CC3CCCCC3)CC2)CC1
C1CCC(C2CCCCC2C2CCCCC2C2CCCCC2)CC1
C1CCC(C2CCCCC2)CC1
C1CCC(CC2CC(C3CCC4CCCCC43)CC3CCCCC32)CC1
C1CCC(C2CCC3C(CCC3C3CCC(C4CCC5CCCCC5C4)CC3)C2)CC1
C1CCC(CC2CCCC(C3CCC(CC4CCC(C5CC5)CC4)CC3CCC3CCCC3)C2)CC1
C1CCC(C2CCC(CC3CCC(C4CCCCC4)CC3)CC2)CC1
C1CCC(CCCCC2CC(C3CCCC(C4CCCCC4)C3)C3CCCCC23)CC1
C1CCC(CCC(C2CC2)C2CCCC(C3CCCCC3CC3CCCCC3)C2)CC1
C1CCC(CC2CCC(CC3CCCCC3)CC2)CC1
C1CC(CC2CC2)CC(CC2CCC(C3CCCC3)CC2)C1
C1CCC(CC2CCC(CC3CCCCC3)CC2)CC1
C1CCC(C2CCC(CC3CCC(CC4CCC(C5CC5)CC4)CC3)CC2)CC1
C1CCC(CC2CC(C3CCCC(C4CCC5CCCCC54)C3)C3CCCCC23)CC1
C1CCC(CCC2CCC(CC3CCCCC3)C(CCC3CCC(CCC4CCC4)CC3)C2)CC1
C1CCC(CCCC2CCCC(C3CCCCC3)C2)CC1
C1CCC(CC2CC(C3CCC(CC4CCC5CCCC5C4)CC3)CCC2C2CCCC2)CC1
C1CCC(CCC2CCC(C3CCCCC3)CC2)CC1
C1CCC(C2CCC(C3CCCC(CCC4CC4)C3)CC2)CC1
C1CCC(CC2CCC(C3CC4CCCCC4C3)CC2)CC1
C1CCC(CC2CCCCC2C2CCC3CCC(C4CCCCC4)CC3C2)CC1
C1CCC(CC2CC(C3CCCC3)CC(C3CCCC(C4CCCC4)C3)C2)CC1
C1CCC(C2CCCC(CC3CCC(C4CCCC(C5CCCCC5)C4)CC3)C2)CC1
C1CCC(CCC2CCC(CC3CCCC(C4CCCCC4)C3)C2)CC1
C1CCC(CCC2CCCC(CC3CCCC(C4CCCCC4)C3)C2)CC1
C1CCC(CCC2CCCC(C3CCCC3)C2)CC1
C1CCC(CCC(CC2CCC3C(CCCC3C3CCCCC3)C2)C2CCCCC2)CC1
C1CCC(CCCC2CCCC(C3CCC(C4CCC4)CC3)C2)CC1
C1CCC(C2CCCCC2C2CCCCC2)CC1
C1CCC(CC2CCCC(C3CCC(C4CCCCC4)CC3)C2)CC1
C1CCC(CC2CCCC(C3CCC4CCCC4C3)C2)CC1
C1CCC2CC(C3CCCCC3C3CCC4CCCC4C3)CCC2C1
C1CCC(CCC2CCC(CC3CCC(CC4CCCCC4)CC3)CC2)CC1
C1CCC(C2CCC(C3CCC(C4CCCCC4)C3)CC2)CC1
C1CCC(C2CCC(CCCCC3CCCC(C4CCCCC4)C3)CC2)CC1
C(CCCC1CCCCC1)CCCC1CCCCC1C1CCC2CCCCC21
C1CCC(CC2CCCC(C3CCCC(C4CCCC(C5CC(C6CCCCC6)C6CCCCC56)C4)C3)C2)CC1
C1CCC(CCCC2CCCCC2C2CCC3CCCC3C2)CC1
C1CCC(C2CCC(C3CCCCC3C3CCCCC3)C(C3CCCCC3)C2)CC1
C1CCC(CCCC2CCCC(CC3CCCC(C4CCCC(C5CCCC5)C4)C3)C2)CC1
C1CCC(CC2CCCC(C3CCCCC3)C2)CC1
C1CCC(C2CCC(C3CCC3)CC2C2CCCCC2)CC1
C1CCC(CC2CCC(CCC3CCC(C4CCCCC4)CC3)CC2)CC1
C1CCC(CCC2CCCC(C3CCCCC3)C2)CC1
C1CCC(CCCC2CCCCC2C2CCC(CCC3CCCC(CC4CCCCC4)C3)CC2)CC1
C1CCC(C2CCC(C3CCC(C4CCC(C5CCCCC5)CC4)C3)CC2)CC1
C1CCC(CC2CCCC(C3CCCCC3C3CCCCC3)C2)CC1
C1CCC(CC2CCCC(C3CCCCC3)C2)CC1
C1CCC(CCC2CCC(C3CCCC4CC(C5CCCCC5)CCC43)CC2)CC1
C1CCC(CC2CCC3CCCCC32)CC1
C1CCC(CCC2CCC(CC3CCCCC3)CC2CC2CCCCC2)CC1
C1CCC(C2CCCC(C3CCCC3)C2)CC1
C1CCC(CC2CCC(CCCCC3CCCC(CC4CCCCC4)C3)CC2)CC1
C1CCC(CCCC2CCCC(C3CCCC(C4CCCCC4)C3)C2)CC1
C1CCC(CCCCCC2CCC(CC3CCC(CCC4CCCCC4)CC3)CC2)CC1
C1CCC(CC2CCC(CC3CCCCC3)CC2)CC1
C1CCC(CC2CCCC(C3CCC4CCC(C5CCCCC5C5CCCC5)CC4C3)C2)C1
C1CCC(CCCC2CCCCC2C2CCCC(CC3CCCC(C4CCCCC4)C3)C2)CC1
C1CCC(C2CCC(C3CC4CCCCC4C3)CC2)CC1
C1CCC(CC2CCCC(C3CCCCC3)C2)CC1
C(CCC1CCCC1)CCC1CCCC(C2CC3CCCCC3C2)C1
C1CCC(CC2CCC(CCC3CCCC(C4CCC(CC5CCCCC5)CC4)C3)CC2)CC1
C1CCC(CC2CCCC3CC(CC4CCCC(C5CCC(C6CCCCC6)CC5)C4)CC23)CC1
C1CCC(C2CCC(CCCC3CCC(C4CCC(C5CCCC5)CC4)CC3)CC2)CC1
C1CCC(CCCC2CCC(CCC3CCC(C4CCCCC4CC4CCCCC4)C3)CC2)CC1
C1CCC(CCC2CCCC(CC3CCC4CC(CCC5CCCCC5)CCC43)C2)CC1
C1CCC(CC2CCCC(C3CCCC(C4CCCCC4C4CCCCC4)C3)C2)CC1
C1CCC(CC2CCCC(CC3CCCCC3)C2)CC1
C1CCC(CC2CCCC(C3CCCC(C4CCCC(C5CCCC5)C4)C3)C2)CC1
C1CCC(C2CCC(CCCC3CCCC(C4CCCCC4)C3)CC2)CC1
C1CCC(C2CCCC(C3CCC4CC(C5CCC6CCCCC65)CC(C5CCCCC5)C4C3)C2)CC1
C1CCC(CC2CCC(CC3CCC(C4CC4)CC3)CC2)CC1
C1CCC(C2CCC(CC3CCCC(C4CCCCC4)C3)CC2)CC1
C1CCC(CCC2CCCCC2CCC2CCCCC2)CC1
C1CCC(C2CCCC(C3CCCC(CC4CCCCC4C4CCCCC4)C3)C2)CC1
C1CCC(CC2CCC(CC3CCCC(CC4CCCCC4)C3)CC2)CC1
C1CCC(CC2CCCC(C3CCC4CC(C5CCC6CCCCC65)CCC4C3)C2)CC1
C1CCC(CC2CCC(CC3CCC(C4CCCCC4)CC3)CC2)CC1
C1CCC(CCC2CC3CCC(C4CCCCC4)CC3C(C3CCCCC3)C2)CC1
C1CCC(CCCC2CCCC(CC3CCCCC3)C2)CC1
C1CCC(CCC2CCCCC2C2CCCC(C3CCCCC3)C2)CC1
C1CCC(CC2CCC(CCC3CC3)CC2)CC1
C1CCC(CC2CCC(CC3CCCC4CC(C5CCCCC5)CCC34)CC2)CC1
C1CCC(C2CCCC(C3CCCCC3)C2)CC1
C1CCC(CC2CC(CCCC3CCC(C4CCCCC4)CC3)C3CCCCC23)CC1
C1CCC(CC2CCCC(C3CCCC3)C2)CC1
C1CCC(C2CCCC(CC3CCC4CC(CCC5CCCC5)CCC43)C2)CC1
C1CCC(CC2CCC(C3CCC(C4CCC(CC5CCCCC5)CC4)CC3)CC2)CC1
C1CCC(CC2CC(C3CCCCC3C3CCCC3)C3CCCCC23)CC1
C1CCC(CCCC2CCCC(C3CCCC(CC4CCCC4)C3)C2)CC1
C1CCC(C2CCCC(C3CCCCC3C3CCCC3)C2)CC1
C1CCC(C2CCCC(CCC3CCC(CC4CC5CCCCC5C4)CC3)C2)CC1
C1CCC(CC2CCCC(C3CCC(C4CC5CCCCC5C4)CC3)C2)CC1
C1CCC(CCC2CCC(CC3CCCCC3)C(C3CCCCC3)C2)CC1
C1CCC(CCC2CCCC(C3CCCCC3C3CCCCC3)C2)CC1
C1CCC(CCCC2CCC(CC3CCCCC3)CC2)CC1
C1CCC(C2CCCCC2CCC2CCC(CC3CCCC3)CC2)CC1
C1CCC(C2CCCCC2C2CCC(C3CCCCC3)C(C3CCCC3)C2)CC1
C1CCC(CC(C2CCCCC2)C2CCC(C3CCCCC3)CC2)CC1
C1CCC(CC2CCCCC2C2CCCCC2)CC1
C1CCC(C2CCC(C3CCCC(C4CCCCC4)C3)CC2)CC1
C1CCC(C2CCC(C3CCC(CC4CC5CCCCC5C4)CC3)C2)CC1
C1CCC(CC2CCC(CCCC3CCC(C4CCCC(C5CCCCC5)C4)CC3)CC2)CC1
C1CCC(CC2CCC(CC3CCC4CCCCC4C3)CC2)CC1
C1CCC(CC2CCC(C3CCCCC3)CC2)CC1
C1CCC(CCC2CCCC(C3CCCCC3)C2)CC1
C1CCC2CC(C3CCC(CC4CC5CCCCC5C4)C3)CCC2C1
C1CCC(C2CCCC(C3CC4CCCCC4C(C4CCCCC4)C3)C2)CC1
C1CCC(C2CCCC(CCCC3CCC(CC4CCCC(C5CCC5)C4)CC3)C2)CC1
C1CCC(CCC2CCCCC2CC2CCCCC2)CC1
C1CCC(CCC2CCCC(C3CCCC3C3CCCCC3CC3CCCCC3)C2)CC1
C1CCC(C2CCC3CCCC3C2)CC1
C1CCC(CC2CCCCC2C2CCCCC2C2CCCC(C3CCCCC3)C2)CC1
C1CCC(CCC2CCC(C3CCC4CCCCC4C3)C(C3CCC4CCCC4C3)C2)CC1
C1CCC(CC2CCCCC2C2CCC(C3CCCCC3)CC2)CC1
C1CCC(CC2CCC(C3CCCC3C3CCCCC3)CC2)CC1
C1CCC(C2CCCCC2C2CCCCC2)CC1
C1CCC(CC2CCC(CC3CCC(C4CCCC(C5CCCCC5)C4)CC3)CC2)CC1
C1CCC(CC2CC(C3CCCCC3)CC(C3CCCCC3)C2)CC1
C1CCC(CCCC2CCCC3CC(C4CCCCC4)CCC23)CC1
C1CCC(C2CCC(CC3CCCC(C4CCCCC4)C3)CC2)CC1
C1CCC(C2CCCC(CCC3CCC(CC4CCCCC4C4CCCCC4)CC3)C2)CC1
C1CCC(C2CCC(CC3CCCC(C4CCCC(CC5CCCC5)C4)C3)CC2)CC1
C1CCC(CC2CCC(CCC3CCCC(C4CCCCC4)C3)CC2)CC1
C1CCC(C2CC(C3CCC4CCCCC4C3)C3CCCCC23)CC1
C1CCC(C2CCCC(CC3CCCC3)C2)CC1
C1CCC(CCC2CCCC(CC3CCCCC3)C2)CC1
C1CCC(C2CCC3C(CCCC3C3CCCCC3)C2)CC1
C1CCC(CC2CCCCC2C2CCCCC2C2CCC3CCCC3C2)CC1
C1CCC(CCC2CCCC(C3CCC(C4CCC5CCCCC5C4)CC3)C2)CC1
C1CCC(CCC2CCC(C3CCC(C4CCCC(CC5CCCCC5)C4)C(C4CCCC4)C3)CC2)CC1
C1CCC(CC2CCCC(C3CCCCC3)C2)CC1
C1CCC(CCC2CCC(C3CCCCC3C3CCC4CCCCC4C3)CC2)CC1
C1CCC(CC2CCCCC2CC2CCCCC2)CC1
C1CCC(CCCC2CCCC(C3CCCC(CCC4CCCCC4)C3)C2)CC1
C1CCC(CCC2CCCCC2CC2CCCCC2)CC1
C1CCC(CCCC2CCC(CC3CCCCC3)CC2)CC1
C1CCC(CCCC2CCCC(CC3CCCC4CC(C5CCC(CC6CCCCC6)CC5)CCC34)C2)CC1
C1CCC(C2CCCC(CCC3CCC(CC4CCCC4)CC3)C2)CC1
C1CCC(CC2CCC(C3CCCC(C4CCCCC4)C3)CC2)CC1
C1CCC(C2CCC3CCC(C4CCC(C5CCC5)CC4C4CCCC4)CC32)CC1
C1CCC(CC2CCC(CCCCCC3CCCCC3C3CCCC3)CC2)CC1
C1CCC(C2CC(C3CCCC3)C3CCCCC23)CC1
C1CCC(CCC2CCC(CC3CCC(CCC4CCCCC4)CC3)CC2)CC1
C1CCC(CCC2CCC(CC3CCCCC3)C(C3CCCCC3)C2)CC1
C1CCC(CC2CCCCC2C2CCCC(C3CCC4CCCC4C3)C2)CC1
C1CCC(CCC2CCCC2CC2CCCC(C3CCCCC3C3CCCC3)C2)CC1
C1CCC(C2CCCC(CCC(C3CCCCC3)C3CCC4CCCCC4C3)C2)CC1
C1CCC(CCC2CC(CC3CCCCC3)CCC2C2CCCC2)CC1
C1CCC(CCC2CCC(CC3CCC(C4CCCCC4)CC3)CC2)CC1
C1CCC(CC2CCCCC2C2CCC3C(CCCC3C3CCCCC3)C2)CC1
C1CCC(CC2CCCC(CCCC3CC(C4CCCCC4)C4CCCCC34)C2)CC1
C1CCC(CCCCC2CCC(CC3CCC(CCC4CCCCC4)CC3)CC2)CC1
C1CCC(C2CCC(C3CCCC(C4CCCC4)C3)CC2)CC1
C1CCC(CCC2CCC(CC3CCCC(CC4CCCCC4)C3)CC2)CC1
C1CCC(CCC2CC(CC3CCCCC3)CCC2C2CCCCC2)CC1
C1CCC(C2CC(C3CCCCC3)CC(C3CCC(C4CCCC4)CC3)C2)CC1
C1CCC(CC2CCCCC2C2CCCCC2C2CCCC2)CC1
C1CCC(CC2CCCC(CCCC3CCC(C4CCCCC4)CC3)C2)CC1
C1CCC(CCCC2CCC(CC3CCCCC3)CC2)CC1
C1CCC(C2CCC(C3CCCC(C4CCC(CCC5CC5)CC4)C3)CC2)C1
C1CCC(CC2CCC(C3CCC(C4CCCCC4)CC3)CC2)CC1
C1CCC(C2CCC(CCCCC3CCCC(C4CC4)C3)CC2)CC1
C1CCC2CC(CC3CCCCC3C3CCC4C(CCCC4C4CC5CCCCC5C4)C3)CC2C1
C1CCC(CC2CCCCC2C2CCC3C(CCCC3C3CCCC3)C2)CC1
C1CCC(C2CCC(C3CCC(C4CCCCC4)CC3)CC2)CC1
C1CCC(CC2CCC(CCCC3CCC4CCCCC4C3)C(C3CCC4CCCC4C3)C2)C1
C1CCC(CC2CCC(CC3CCCCC3)CC2)CC1
C1CCC(CCC2CCCCC2C2CC3CCCCC3C2)CC1
C1CCC(CC2CCC(CC3CC3)CC2)CC1
C1CCC(C2CC3CCC(CC4CC5CCCCC5C4)CC3C(C3CCCCC3)C2)CC1
C1CCC(CC2CCC(CCCC3CCC(CC4CCCCC4)CC3)CC2)CC1
C1CCC(CC2CCCCC2CC2CCCC(C3CCC4CCCCC4C3)C2)C1
C1CCC(C2CCC(CC3CCC(C4CCC5CCCCC5C4)CC3)CC2C2CC2)CC1
C1CCC(CC2CC(CC3CCCC(C4CCCC4)C3)C3CCCCC23)CC1
C1CCC(C2CCCC(CCC3CCCCC3C3CCC4C(CCCC4C4CCCCC4)C3)C2)CC1
C1CCC(CCCC2CCC(CCCCC3CCCC(C4CCCCC4)C3)CC2)CC1
C1CCC(CC2CCC3CC(CCC4CCCCC4C4CCCC4)CCC23)CC1
C1CCC(C2CCC(C(CC3CCCC(C4CCCCC4)C3)C3CCCCC3)CC2)CC1
C1CCC(CCCC2CC(C3CCCCC3)CCC2C2CCCCC2)CC1
C1CCC(C2CCCC(C3CCC(C4CCC5CCCCC5C4)CC3)C2)CC1
C1CCC(CCC2CCCC(C3CCCC(C4CC(C5CCCCC5)C4)C3)C2)CC1
C1CCC(CCC2CCC(C3CCC(CC4CCCCC4)CC3)CC2)CC1
C1CCC(CCC2CCCC(CCCC3CCCC(C4CCCCC4)C3)C2)CC1
C1CCC(C2CCCCC2CC2CCCC2)CC1
C1CCC(CCC2CCC(C3CCCCC3C3CCCCC3)CC2)CC1
C1CCC(CC2CCCC(CCC3CCCCC3CCC3CC4CCCCC4C3)C2)C1
C1CCC(CCCC2CCC(C3CCCC(CCC4CCCCC4)C3)CC2)CC1
C1CCC(CCC2CCC(C3CCCCC3)CC2)CC1
C1CCC(CCCC2CCCC(CC3CCCCC3CC3CCCCC3)C2)CC1
C1CCC(CCC2CCCCC2)CC1
C1CCC(C2CCC(C3CCCCC3C3CCC4CCCCC4C3)CC2)CC1
C1CCC(C2CCC(CC3CCC(C4CCC(CC5CCC(CC6CCCC6)CC5)CC4)CC3)CC2)CC1
C1CCC(C2CCC(CCC3CCC(CC4CCC(C5CCCCC5)CC4)CC3)CC2)CC1
C1CCC(C2CCC(C3CCCC(C4CCCC4)C3)CC2)CC1
C1CCC(CC2CCC(CC3CCC(C4CC5CCCCC5C4)CC3C3CCCC3)CC2)C1
C1CCC(C2CCCC(CCC3CCCCC3C3CCCC4CCCCC43)C2)CC1
C1CCC(C2CCCC(C3CCCC(CC4CC4)C3)C2)CC1
C1CCC(CC2CCC(CC3CCC(CC4CCC(C5CCC(CC6CCCC6)CC5)CC4)CC3)CC2)CC1
C1CCC(CCC2CCC(CCC3CCC(C4CCCC4)CC3)CC2)CC1
C1CCC(CC2CCCC(C3CCCC(C4CCCCC4)C3)C2)CC1
C1CCC(CCC2CCC(CC3CCC4CC(CCC5CCCCC5)CCC34)CC2)CC1
C1CCC(CC2CCC(C3CC(C4CCCCC4)C4CCCCC34)CC2)CC1
C1CCC(CC2CCC(C3CCC(CC4CCC5CCCCC54)CC3)CC2)CC1
C1CCC(CC2CCCC(CC3CCCC(C4CC4)C3)C2)CC1
C1CCC(C2CCCCC2C2CCCCC2)CC1
C1CCC(C2CCCC(CCC3CCCC(C4CCCCC4)C3)C2)CC1
C1CCC(CC2CCCCC2C2CCCC(C3CCCC3)C2)C1
C1CCC(CCC2CCCCC2C2CCCCC2CC2CCCCC2)CC1
C1CCC(CC2CCCC(C3CCC(C4CCC4)CC3)C2)CC1
C1CCC(C2CCC(C3CCCCC3)CC2)CC1
C1CCC(CCC2CCCCC2C2CCC3CCCC3C2)CC1
C1CCC2CC(C3CCC(CC4CC5CCCCC5C4)CC3)CCC2C1
C1CCC(CC2CCC(C3CCCC(C4CCCCC4)C3)CC2)CC1
C1CCC(C2CCCCC2C2CCC3CCCC3C2)CC1
C1CCC(C2CCCC(C3CCC(CCCC4CCCCC4C4CCCCC4)CC3)C2)CC1
C1CCC(CCC2CCCC(CC3CCCCC3)C2)CC1
C1CCC(CC2CCC(CC3CCCCC3)CC2)CC1
C1CCC(CC2CC(CC3CCC(CC4CCC(CC5CCCC5)CC4)CC3)C3CCCCC23)CC1
C1CCC(C2CCCC(C3CCCCC3)C2)CC1
C1CCC(C2CCC(CC3CCCC(C4CCCCC4)C3)CC2)CC1
C(CCC1CCCC(C2CCCC(C3CCC4CCCCC43)C2)C1)CC1CC2CCCCC2C1
C1CCC(CC(C2CCCC(C3CCCC3)C2)C2CCC(C3CC3)CC2C2CCCC2)CC1
C1CCC(C2CC(C3CCC3)CC(C3CCC4CCCC4C3)C2)CC1
C1CCC(CCC2CCCC(CCC3CCCC3)C2)CC1
C1CCC(C2CC(C3CCCCC3)C3CCCCC23)CC1
C1CCC(C2CCCC(C3CCCCC3)C2)CC1
C1CCC(CCC2CCC(C3CCCCC3C3CCC(CC4CCCC4)C(C4CCC5CCCC5C4)C3)CC2)CC1
C1CCC(CC2CCCC(CC3CCCC(C4CCCC(C5CCCC5)C4)C3)C2)CC1
C1CCC(CCCC2CCCC(C3CCCC(CCC4CCCCC4)C3)C2)CC1
C1CCC(CC2CCC(CC3CCCCC3)CC2)CC1
C1CCC(CC2CCCC(CC3CCCCC3)C2)CC1
C1CCC(CCCC2CCC(CCC3CCCCC3)CC2)CC1
C1CCC(C2CCC(CCCC3CCCCC3C3CCCCC3C3CCC4CCCC4C3)CC2)C1
C1CCC(C2CCC(C3CCCC3)CC2C2CCCCC2)CC1
C1CCC(CC2CCC(C3CC4CCCCC4C(C4CCCCC4)C3)CC2)CC1
C1CCC(CCCC2CC(CC3CCCCC3)CC3CCCCC32)CC1
C1CCC(CC2CCC(C(CC3CCCCC3)C3CCCC3)CC2)CC1
C1CCC(CCC2CCCC(CC3CCCCC3)C2)CC1
C1CCC(C2CCCC(C3CCC4CCCC4C3)C2)CC1
C1CCC(C2CCCCC2C2CCCC(CC3CC4CCCCC4C3)C2)CC1
C1CCC(CC2CCC(CC3CCCCC3)CC2)CC1
C1CCC(CCCC2CCCC(C3CCCCC3)C2)CC1
C1CCC(C(C2CCCC2)C2CCCCC2C2CC(CCC3CCCCC3C3CCCC3)C3CCCCC32)CC1
C1CCC(CC2CCCC(CCCC3CCC(CCCC4CCC5CCCCC5C4)CC3)C2)CC1
C1CCC(CC2CCC(CC3CCCCC3)CC2)CC1
C1CCC(CCC2CCCC(C3CCCCC3)C2)CC1
C1CCC(C2CCCC(C3CCCCC3)C2)CC1
C1CCC(CC2CCC(C3CCCCC3)CC2)CC1
C1CCC(C2CCCC(C3CC(C4CCCCC4)C(C4CCCCC4)C4CCCC34)C2)CC1
C1CCC(C2CCC(CC3CC(CC4CCC5C(CCC5C5CCCC5)C4)C4CCCCC34)CC2)CC1
C1CCC(C2CCCC(CCCC3CCCC(C4CCCCC4)C3)C2)CC1
C1CCC(CC2CC(C3CCCCC3)C3CCCCC23)CC1
C1CCC(C2CCCC(CCCCC3CCC(CCC4CCCC4)CC3)C2)CC1
C1CCC(CC2CCCCC2)CC1
C1CCC(C2CCCC(C3CCCCC3)C2)CC1
C1CCC(CC2CCC3CCCCC3C2)CC1
C1CCC(CCC2CCC(C3CCCCC3)C(C3CCC(CC4CCCCC4)CC3)C2)CC1
C1CCC(C2CCC(C3CCCCC3)C(C3CCC4CCCC4C3)C2)CC1
C1CCC(CC2CCC(CCCC3CCCC(C4CCCCC4)C3)CC2)CC1
C1CCC(CC2CCC(CCC3CCCC(C4CCC(C5CCC6CCCCC65)CC4)C3)CC2)CC1
C1CCC(CC2CCC(C3CC(C4CCCCC4)C4CCCCC34)CC2)CC1
C1CCC(CC2CCC3CC(C4CCCCC4)CCC23)CC1
C1CCC(C2CCC(C3CCC(C4CCCCC4)CC3)CC2)CC1
C1CCC(CC2CCC(C3CCCCC3)C2)CC1
C1CCC(C2CCCC(C3CCC(C4CCCC(C5CCCC5)C4)CC3)C2)CC1
C1CCC(CC2CCC(CCC3CCCCC3C3CCCCC3CC3CCCCC3)CC2)CC1
C1CCC(CC2CCCCC2C2CCC(CC3CCCC(C4CCCC(C5CCCCC5)C4)C3)CC2)CC1
C1CCC(CCCCC2CCC(C3CCC(CCC4CCCC4)CC3)CC2)CC1
C1CCC(CC(C2CCCCC2)C2CCCC(C3CCCCC3)C2)CC1
C1CCC(C2CCCC(C3CC(C4CCC5CCCCC54)CC4CCCCC43)C2)C1
C1CCC(CCCC2CCC(CC3CCC4CCCCC43)CC2)CC1
C1CCC(C2CCC(CCC3CCC4CCCCC43)CC2)CC1
C1CCC(CC2CCC(CC3CCCC(CC4CCCCC4)C3)CC2)CC1
C1CCC(CC2CCCC2)CC1
C1CCC(CC2CC(C3CCCCC3)CC(C3CC4CCCCC4C3)C2)CC1
C1CCC(CC2CCC(C3CCCC(C4CCCC4)C3)CC2)CC1
C1CCC(C2CCCC(C3CCCC3)C2)CC1
C1CCC(CC2CCC(C3CCCCC3)CC2)CC1
C1CCC(CC2CCCCC2C2CC3CCCCC3C(C3CCCCC3)C2)CC1
C1CCC(CC2CCCC(C3CCCCC3)C2)CC1
C1CCC(CCCC2CCCC(C3CCCCC3)C2)CC1
C1CCC(CCCC2CCC(CC3CCCCC3)CC2)CC1
C1CCC(CC2CCC3CC(C4CCCCC4)CCC3C2)CC1
C1CCC(CC2CCC(C3CCC(C4CCCCC4)CC3)CC2)CC1
C1CCC(CC2CC(C3CCCCC3)CC(C3CCCCC3)C2)CC1
C1CCC(CC2CCC(C3CCCC(CC4CCCCC4CC4CCCCC4)C3)CC2)CC1
C1CCC(CCC2CCCCC2CCC2CCC(C3CCCCC3)CC2)CC1
C1CCC(C2CC3CCC(C4CCCCC4)CC3C(C3CCCCC3)C2)CC1
C1CCC(CC2CC(C3CCCCC3CC3CCCCC3)C3CCCCC23)CC1
C1CCC(CC2CCC(C3CCCC(CC4CCC(C5CCCCC5)C4)C3)CC2)CC1
C1CCC(CC2CCC(C3CCCC(C(C4CCCCC4)C4CCCC4)C3)CC2)CC1
C1CCC(CC2CCC(C3CCCCC3)CC2)CC1
C1CCC(CC(C2CCC2)C2CCC(C3CCCCC3)CC2)CC1
C1CCC(CC2CCC(C3CCCCC3)CC2)CC1
C1CCC(C2CCCCC2)CC1
C(CCCC1CCCC(C2CCCCC2)C1)CCC1CCCCC1
C1CCC(CC2CCCC(CCC3CCCC(C4CCCCC4)C3)C2)CC1
C1CCC(C2CCCC(C3CCCCC3C3CCCCC3)C2)CC1
C1CCC(CCC2CC3CCCCC3C2)CC1
C1CCC(CC2CCC(CCC3CCC(C4CCCCC4)C3)CC2)CC1
C1CCC(C2CCC(CCC3CCC(C4CCCCC4)CC3)CC2)CC1
C1CC2CCC(CC3CCCC(C4CCC(CCC5CC6CCCCC6C5)CC4)C3)CC2C1
C1CCC(CC2CC(C3CCCCC3C3CC3)C3CCCCC23)CC1
C1CCC(CC2CCCC(C3CCC(C4CCCCC4)CC3)C2)CC1
C1CCC(CC2CCCC(C3CCCCC3)C2)CC1
C1CCC(CC2CCCC(C3CCCCC3)C2)CC1
C1CCC(CCC2CCC(C3CCCCC3)CC2)CC1
C1CCC(CC2CCC(C3CCCCC3)C(CC3CCCCC3)C2)CC1
C1CCC(CCC2CCC3C(CCC4CCCCC4)CC(C4CCCCC4)C3C2)CC1
C1CCC(C2CCC(C3CCC(CC4CC5CCCCC5C4)CC3C3CCC4CCCC4C3)C(C3CCCCC3)C2)CC1
C1CCC(CC2CCC(C3CCCCC3)CC2)CC1
C1CCC(C2CCC(C3CCCCC3)C(C3CCCCC3)C2)CC1
C1CCC(CC2CCC(CC3CCCCC3C3CCC(CC4CC4)CC3)CC2)CC1
C1CCC(CC2CCCC(C3CCCCC3)C2)CC1
C1CCC(CC2CCC3CCC(C4CCCCC4)C3C2)CC1
C1CCC(CCC2CCCCC2C2CCCCC2CC2CCCCC2)CC1
C1CCC(C2CCC3CC(C4CCC5CCCCC54)CC(C4CCCCC4)C3C2)CC1
C1CCC(CCC2CCCCC2C2CCCCC2CC2CCCCC2)CC1
C1CCC(C2CCC(C3CCCCC3C3CCC4CCCC4C3)C2)CC1
C1CCC(CCC2CCCC(C3CCCC(CCC4CCC5CC(C6CCCCC6)CCC45)C3)C2)CC1
C1CCC(C2CCCC(C3CCC(C4CCCCC4)C3)C2)CC1
C1CCC(CCC2CC(C3CCCCC3)C(C3CCC3)C(C3CCCCC3)C2)CC1
C1CCC(CC2CCC(C3CCCCC3C3CCC4CCCC4C3)C(C3CCCCC3)C2)CC1
C1CCC(CC2CCCCC2C2CCC3C(CCC3C3CCC4CCCCC4C3)C2)CC1
C1CCC(CC2CCCC(C3CCCC(C4CCCCC4)C3)C2)CC1
C1CCC(CC2CCC(CC3CCC(C4CCCC(C5CCCCC5C5CCCCC5)C4)CC3)CC2)CC1
C1CCC(CC2CCC(CC3CCCCC3)C(C3CCCC3)C2)CC1
C1CCC(CCCC2CCC(CC3CCCCC3)CC2C2CCCCC2)CC1
C1CCC(CCC2CCCC(CC3CC4CCCCC4C3)C2)CC1
C1CCC(CC2CCC(CC3CCCCC3)CC2)CC1
C1CCC(CC2CCCC(C3CCC(C4CCCCC4)CC3)C2)CC1
C1CCC(CC2CCC(C3CCCCC3C3CCCC3)CC2C2CCCC2)CC1
C1CCC2CC(C3CCCCC3C3CCC(CC4CC4)CC3)CCC2C1
C1CCC(CC2CCC(CCCC3CCCCC3CC3CCCCC3)CC2)CC1
C1CCC(CC2CCC(CCC3CCC(C(CC4CCCC4)C4CCCCC4)CC3)CC2)CC1
C1CCC(CC2CC(C3CCC(C4CCCCC4)CC3)C3CCCCC23)CC1
C1CCC(CC2CCCC(C3CCCCC3C3CCCC3)C2)CC1
C1CCC(CC2CCCC(C3CCCCC3)C2)CC1
C1CCC(C2CCCCC2C2CCC(CC3CCCC3)CC2)CC1
C1CCC(C2CCCCC2C2CCCCC2)CC1
C1CCC(CC2CCC(C3CCC(C4CCC5CCCCC5C4)CC3)CC2)CC1
C1CCC(CCC2CC(C3CCC4CCCCC43)CC3CCCCC32)CC1
C1CCC(CC2CCC(C3CCCC3)CC2C2CCCCC2)CC1
C1CCC(CC2CCCCC2CC2CCC3CCCCC3C2)C1
C1CCC(C2CCCC(C(C3CCCCC3)C3CCCCC3)C2)CC1
C1CCC(CC2CCC(C3CCC(CC4CCCC4)CC3)CC2)CC1
C1CCC(CC2CCCC(CC3CCCCC3C3CCC4CCCCC4C3)C2)CC1
C1CCC(CC2CCCCC2C2CCCCC2)CC1
C1CCC(C2CCC(C3CCCCC3)C2)CC1
C1CCC(CCCC2CCC(C3CCCCC3)CC2)CC1
C1CCC(CC2CCCCC2C2CCC3C(CC4CCCCC4)CCC3C2)CC1
C1CCC(CC2CCC(CC3CCCC(C4CCC5CCCC5C4)C3)CC2)CC1
C1CCC(CC2CCCC(C3CCCCC3)C2)CC1
C1CCC(CC2CCCC(CC3CCC(CC4CC5CCCCC5C4)CC3)C2)CC1
C1CCC(C2CCCCC2)CC1
C1CCC(CC2CCCCC2C2CCC3C(CCCC3C3CCCCC3)C2)CC1
C1CCC(C2CCC(C3CCCCC3C3CCCCC3)CC2)CC1
C1CCC(CCC2CCC(CCC3CCCC3)CC2)CC1
C1CCC(C2CCCCC2)CC1
C1CCC(CC2CC3CCC(C4CCCCC4)CC3C(C3CCC(C4CCC4)CC3)C2)CC1
C1CCC(CCC2CCC(C3CCC(C4CCCCC4)CC3)CC2)CC1
C(CC1CC2CCCCC2C1)CC1CCCC(C2CCCCC2CC2CCC3CCCCC3C2)C1
C1CCC(CC2CCC(C3CCCCC3)CC2)CC1
C1CCC(CCCC2CCC(CC3CCCC(C4CCCCC4)C3)CC2)CC1
C1CCC(CCC2CCCC(C3CC(C4CCCCC4)C4CCCCC34)C2)CC1
C1CCC(C2CCCC(CC3CCC(CC4CCC(C5CC5)CC4)CC3)C2)CC1
C1CCC(C2CCC(CC3CCC(C4CCCC4)CC3)CC2)CC1
C1CCC(CCCC2CCCC(CC3CCCCC3)C2)CC1
C1CCC(C2CCCC(CCC3CCC(C4CCC4)CC3)C2)CC1
C1CCC(C2CCCCC2C2CCC3C(CCCC3C3CCCCC3)C2)CC1
C1CCC(CCCCC2CCC(CC3CCCCC3)C(C3CCCCC3)C2)CC1
C1CCC(CC2CCC(CC3CC4CCCCC4C3)C(C3CCCCC3)C2)CC1
C1CCC(CC2CCCC(C3CCCCC3)C2)CC1
C1CCC(CC2CCCCC2C2CCCC(C3CCCCC3)C2)CC1
C1CCC(CCC2CCCC(CC3CCCCC3)C2)CC1
C1CCC(CC2CCCCC2C2CCCCC2)CC1
C1CCC(CCC2CCCCC2C2CCCCC2)CC1
C1CCC(C2CCC(C3CCCC3)C(C3CCCC3)C2)CC1
C1CCC(CC2CCCC(CC3CCC(C4CCCC4)CC3)C2)CC1
C1CCC(C2CCC(C3CCCCC3)C(CC3CCC(CC4CC4)C(C4CCCC4)C3)C2)CC1
C1CCC(CC2CCCCC2C2CCC3C(CCC3C3CCCC(C4CCCCC4)C3)C2)CC1
C1CCC(CCC2CCC(C3CCCCC3)CC2C2CCCCC2)CC1
C1CCC(CC2CCC(CC3CCCCC3C3CCCCC3C3CCCC3)CC2)CC1
C1CCC(CCC2CCCCC2C2CC(C3CCCCC3C3CCCCC3)C3CCCCC23)CC1
C1CCC(C2CCC(CCCCC3CCCC3)CC2)CC1
C1CCC(C2CCCC(C3CCC(CC4CCCC(CCCC5CC5)C4)CC3)C2)CC1
C1CCC(CC2CCC(C3CCCC4CCCCC43)CC2)CC1
C1CCC(CC2CCC(C3CCCCC3)CC2)CC1
C1CCC(CC2CCC(CC3CC(C4CCCC4)C4CCCCC34)CC2)CC1
C1CC(C2CCCC(C3CCCC(C4CCC5CCCCC54)C3)C2)C1
C1CCC(CC2CCC(CCC3CCCC(C4CCCCC4)C3)CC2)CC1
C1CCC(CCC2CCCC(CC3CCCCC3)C2C2CCCCC2)CC1
C1CCC(CCC2CCC(CC3CCC(CCC4CCCC(C5CCCCC5)C4)CC3)CC2)CC1
C1CCC(CC2CCCC(CC3CCCC(C4CC4)C3)C2)CC1
C1CCC(CCC2CCCC(CC3CCC(CC4CCCC(C5CC5)C4)CC3)C2)CC1
C1CCC(C2CCCC(CCC3CCC(C4CCCCC4C4CCCCC4)CC3)C2)CC1
C1CCC(CC2CCCC3CC(C4CCCCC4C4CCCCC4)CCC23)CC1
C1CCC(CCC2CCCC3CC(C4CCCC(CC5CCCCC5)C4)CCC23)CC1
C1CCC(C2CCC(C3CCCCC3)C(C3CC4CCCCC4C3)C2)CC1
C1CCC(C2CCCCC2C2CCC(C3CCC4CCCC4C3)CC2)CC1
C1CCC(C2CC(C3CCCC3)CC(C3CCC4CCCCC43)C2)CC1
C1CCC(C2CCCC(CCCC3CCC(CC4CCCC4)CC3)C2)CC1
C1CCC(CC2CCCCC2)CC1
C1CCC(C2CC(C3CCCC(C4CC4)C3)C3CCCCC23)C1
C1CCC(CCCC2CCCC(C3CCC(CC4CCCC4)CC3)C2)CC1
C1CCC(CC2CCC(CC3CCC4CC(C5CCC6CCCCC65)CC(C5CCCC5)C4C3)CC2)CC1
C1CCC(CC2CCCCC2C2CCCCC2)CC1
C1CCC(CCC2CC(CC3CCCCC3)CCC2CC2CCCCC2)CC1
C1CCC(CC2CCC(CC3CCC(C4CCCC4)CC3)CC2)CC1
C1CCC(C2CC(CC3CCC4CCCCC43)CC3CCCCC32)CC1
C1CCC(CCC2CCC(C3CCCCC3)CC2)CC1
C1CCC(CCCC2CCC(C3CCCCC3CC3CCCCC3)CC2)CC1
C1CCC(C2CCCCC2CC2CCC(C3CCCC3)CC2)CC1
C1CCC(CC2CCC(CC3CCCCC3)CC2)CC1
C1CCC(CCC2CC(C3CCCCC3CC3CCCCC3)CCC2C2CCCCC2)CC1
C1CCC(CCCC2CCCC3CCC(C4CC5CCCCC5C(C5CCCCC5)C4)C23)CC1
C1CCC(CCCC2CCC(C3CCCC(CC4CCCCC4)C3)CC2)CC1
C1CCC(C2CCCC(C3CCCCC3C3CCCCC3)C2)CC1
C1CCC(CC2CCCC(C3CCCC(C4CCCCC4CCC4CC5CCCCC5C4)C3)C2)CC1
C1CCC(CC2CCCCC2C2CCC(CCC3CCC(CCCC4CC5CCCCC5C4)CC3)CC2)CC1
C1CCC(CCC2CCC(CC3CCCC(C4CCCCC4)C3)C2)CC1
C1CCC(CCC2CCC(C3CCC(CCC4CCCCC4)CC3C3CCCCC3)CC2)CC1
C1CCC(CCC2CCCCC2C2CC(CC3CCCC3)C3CCCCC32)CC1
C1CCC(C2CCC(CC3CCC(C4CC(C5CCCCC5)C4)CC3)CC2)CC1
C1CCC(C2CCCCC2CC2CCCCC2C2CCCCC2C2CCCC2)C1
C1CCC(C2CCC(C3CCC(CC4CCCC(C5CCC(C6CCCC6)C5)C4)CC3)CC2)CC1
C1CCC(C2CCC(C3CCCCC3C3CCC4CCCC4C3)C(C3CCCCC3)C2)CC1
C1CCC(CC2CCCC3CCCCC32)CC1
C1CCC(CCC2CCC(C3CCCCC3)CC2)CC1
C1CCC(CC2CCC(C3CCCC(C4CCCCC4C4CCCC4)C3)CC2)CC1
C1CCC(C2CCC(C3CCCC(C4CCCCC4)C3)CC2)CC1
C1CCC(CC2CCC(CC3CCC(C4CCCC(CC5CC6CCCCC6C5)C4)CC3)CC2)CC1
C1CCC(CC2CCCC(CCC3CCCCC3C3CCCCC3)C2)CC1
C1CCC(CC2CCCC(CCC3CCC(CC4CCCC(CC5CCCCC5)C4)CC3)C2)CC1
C1CCC(CC2CCC(C3CCC(C4CC4)CC3)CC2)CC1
C1CCC(CCC2CCC(CCCCC3CCCC(C4CCCCC4)C3)C(C3CCCCC3)C2)CC1
C1CCC(CC2CCCC(C3CCC(C4CCCCC4C4CCCC4)C4CCCC34)C2)C1
C1CCC(C2CCCCC2C2CCCCC2)CC1
C1CCC(C2CCCC(C3CCCC(C4CCCC4)C3)C2)CC1
C1CCC(C2CCCC(CC3CC(C4CCCC4)C4CCCCC34)C2)CC1
C1CCC(C2CCCC(C3CCCCC3)C2)CC1
C1CCC(C2CCCC(CC3CCCCC3CC3CC3)C2)CC1
C1CCC(C2CCC(C3CCC(C4CC(C5CCCCC5)C5CCCCC45)CC3)CC2)CC1
C1CCC(CC2CCC(CCC3CC(CC4CCCC4)C4CCCCC34)CC2)CC1
C1CCC(CCC2CC(CC3CCCCC3)C3CCCCC23)CC1
C1CCC(CCC2CCCC(CCC3CCCCC3)C2CCC2CCCCC2)CC1
C1CCC(CC2CCC(C3CCCCC3)CC2)CC1
C1CCC(C2CCCCC2)CC1
C1CCC(C2CCCCC2CC2CC3CCCCC3C2)CC1
C1CCC(CC2CCC(CC3CCC(CC4CCC(C5CCCCC5)CC4)CC3)CC2)CC1
C1CCC(CCCCC2CCC(CC3CCC(CC4CCCCC4)CC3)CC2)CC1
C1CCC(C2CC(CCC3CC4CCCCC4C3)CC(CC3CCC(CC4CCC4)CC3)C2)CC1
C1CCC(CC2CCC(C3CC3)CC2CC2CCCC2)CC1
C1CCC(CCC2CCCCC2CC2CCCCC2)CC1
C1CCC(CC2CCCCC2C2CCC(CC3CC4CCCCC43)CC2)CC1
C1CCC(CC2CCC(C3CCC(CCCCC4CCCC4)CC3)CC2)CC1
C1CCC(C2CCC(CC3CCCC3C3CC(C4CCC5CCCCC54)CC4CCCCC43)CC2)C1
C1CCC(CC2CCC(C3CCCCC3CC3CCCCC3)CC2)CC1
C1CCC(C2CCC(C3CCCCC3)C(C3CCCC3)C2)CC1
C1CCC(CCCCCC2CCCC(CC3CCCCC3)C2)CC1
C1CCC(CC(C2CCCCC2)C2CCC(C3CCCC3)CC2)CC1
C1CCC(CC2CCCCC2C2CCCCC2)CC1
C1CCC(C2CCC(C3CC(C4CCCCC4)C4CCCCC34)CC2)CC1
C1CCC(CC2CCCCC2CC2CCC(CC3CCC4CCCC4C3)CC2)CC1
C1CCC(CC2CC(CC3CCC(CCCC4CC4)C(C4CCC5CCCC5C4)C3)C3CCCCC23)CC1
C1CCC(C2CCC(C3CCC(CC4CCC5CCCC5C4)CC3)C2)CC1
C1CCC(CCC2CCC(C3CCCC(C4CCCCC4)C3)CC2)CC1
C1CCC(C2CCCC(C3CCCCC3)C2)CC1
C1CCC(CC2CCCCC2CC2CCC(CC3CCC(CC4CCCC4)CC3)CC2)CC1
C1CCC(C2CCC3CC(C4CCC(CC5CC6CCCCC6C5)CC4)CCC32)CC1
C1CCC(C2CCC(C3CCC(CC4CC5CCCCC5C4)CC3)CC2)CC1
C1CCC(CC2CCC(C3CC(CC4CCCCC4)C4CCCCC43)CC2CC2CC2)CC1
C1CCC(CC2CCCCC2CC2CCCCC2CC2CCCCC2)CC1
C1CCC(C2CCCC(C3CCC(C4CC(C5CCCCC5)C5CCCCC45)CC3)C2)CC1
C1CCC(CCC2CCC(C3CCCCC3)CC2)CC1
C1CCC(CC2CCC(CC3CCCCC3C3CCC3)CC2)CC1
C1CCC(C2CCCC(C3CCCCC3)C2)CC1
C1CCC(CC2CCC(CC3CCC4CCCC4C3)CC2)CC1
C1CCC(C2CCCC(C3CCC(C4CCCCC4C4CCCC4)CC3)C2)CC1
C1CCC(C2CC(CC3CCC(CC4CCC5CCCC5C4)CC3)C3CCCCC32)CC1
C1CC(CCC2CCCC(C3CCC3)C2)CC(CC2CCCC(C3CCCC3)C2)C1
C1CCC(CCC2CCC(CC3CCC(C4CCCCC4)CC3)CC2)CC1
C1CCC(C2CCCC(CC3CC4CCCCC4C3)C2)C1
C1CCC(C2CCCC(C3CCCCC3)C2)CC1
C1CCC(C2CCC(C3CCCCC3)CC2)CC1
C1CCC(CC2CCC(C3CCCCC3CC3CCCCC3)CC2)CC1
C1CCC(C2CCCC(CC3CC4CCCCC4C3)C2)CC1
C1CCC(CC2CC(CC3CCC(C4CCCCC4)CC3)C3CC(CC4CCCC4)CCC23)CC1
C1CCC(C2CCC(CC3CCC(C4CCCCC4)CC3)CC2)CC1
C1CCC(CCCC2CCC(C3CCC(C4CCCC4)CC3)CC2)CC1
C1CCC(C2CCCC(CC3CCC(CC4CCCCC4C4CCCC4)CC3)C2)CC1
C1CCC(CC2CCC(C3CCCC(CC4CC5CCCCC54)C3)CC2)CC1
C1CCC(C2CCC(C3CC4CCCCC4C3)CC2)CC1
C1CCC(CCC2CCCCC2)CC1
C1CCC(C2CCC(C3CCCCC3)CC2)CC1
C1CCC(CC2CC(C3CC(CC4CCCC4)C4CCCCC43)CC3CCC(C4CCCCC4)CC32)CC1
C1CCC(CC2CCCC3CCC(C4CCCCC4)CC32)CC1
C1CCC(CC2CCCC(C3CCCCC3)C2)CC1
C1CCC(C2CCCC(CC3CCCCC3C3CCCCC3)C2)CC1
C1CCC(CCC2CCCC(CC3CC(C4CCCCC4)CCC3C3CCC3)C2)CC1
C1CCC(CC2CCC(C3CCC(CC4CCCCC4)CC3)CC2)CC1
C1CCC(C2CCCCC2CCCCC2CCC(C3CCCC3)CC2)CC1
C1CCC(CCC2CCC3CC(C4CCCCC4)CCC3C2)CC1
C1CCC(CC2CCCC(C3CCC(CC4CCCC4)CC3)C2)CC1
C1CCC(C2CCC3CC(CCCC4CC4)CCC32)CC1
C1CCC(CCC2CC(C3CCCCC3CC3CCCCC3)C3CCCCC23)CC1
C1CCC(CC2CCC(C3CCCCC3)CC2)CC1
C1CCC(CC2CCC(C3CCCCC3)CC2)CC1
C1CCC(CCCC2CCC(C3CCCC(C4CCCCC4)C3)CC2)CC1
C1CCC(C2CC(CCC3CCCC(CC4CC5CCCCC5C4)C3)C3CCCCC32)CC1
C1CCC(CC2CCC(CCC3CCCC(CC4CCCCC4)C3)CC2)CC1
C1CCC(CC2CC(C3CCCCC3)CC2C2CCC3CCCC3C2)CC1
C1CCC(CCC2CCCC(CCC3CCCCC3)C2CCC2CCCCC2)CC1
C1CCC2CC(C3CCC(C4CCC(C5CCCCC5C5CCCC5)CC4)CC3)CCC2C1
C1CCC(CC2CCCCC2)CC1
C1CCC(C(C2CCCCC2)C2CCC(C3CCC4CCCCC43)CC2)CC1
C1CCC(CCC2CCC(CCCC3CCC(CC4CCCCC4)CC3)CC2)CC1
C1CCC(CCC2CCC(C3CCC(C4CCCCC4)CC3)CC2)CC1
C1CCC(C2CCC(CC3CCC(C4CCCCC4)CC3)CC2)CC1
C1CCC(CCCCC2CCC(CC3CCC(CCCC4CC5CCCCC5C4)CC3)CC2)C1
C1CCC(C2CCC(C3CCCCC3C3CCCCC3)CC2)CC1
C1CCC(C2CCC(CC3CCC(CC4CCCC(C5CCCC5)C4)CC3)CC2)CC1
C1CCC(CC2CCCC(CC3CCC(CC4CC5CCCCC5C4)CC3)C2)CC1
C1CCC(CC2CCC(C3CCCC3)CC2C2CCCCC2)CC1
C1CCC(CCC2CCC(CC3CCCC(CC4CCCCC4)C3)CC2)CC1
C1CCC(C2CCCC(CCC3CCCCC3C3C(C4CCC5CCCC5C4)CCC3C3CCC4CCCC4C3)C2)C1
C1CCC(CC2CCCC(CCCC3CCC(CCCC4CCCC4)CC3)C2)CC1
C1CCC(CC2CCC(C3CCCCC3)CC2C2CCCCC2)CC1
C1CCC(CCCCC2CCC(CCC3CCCCC3)CC2)CC1
C1CCC(CC2CCC(C3CCCCC3C(CC3CCCCC3)C3CCCCC3)CC2)CC1
C1CCC(C2CCCC(C3CC(C4CCCCC4)C4CC(C5CCCCC5)CCC34)C2)CC1
C1CCC(C2CCCC(C3CCCCC3)C2)CC1
C1CCC(CCC2CCC(CC3CCCCC3)CC2)CC1
C1CCC(CCC2CCC(CC3CC(CC4CCCCC4)CC4CCCCC43)CC2)CC1
C1CCC(C2CC(C3CCCCC3)CC(C3CCCC(CC4CCCC4)C3)C2)CC1
C1CCC(CC2CCCC(CC3CCCC4CC(C5CCCCC5)CCC34)C2)CC1
C1CCC(CCC(CC2CCC3C(CC4CCC(C5CC5)CC4)CCCC3C2)C2CCCCC2)CC1
C1CCC(CC2CCCC(C3CCC(C4CCCCC4)CC3)C2)CC1
C1CCC(CC2CCC(C3CCCCC3)CC2)CC1
C1CCC(C2CCCC(CC3CCCC3)C2)CC1
C1CCC(C2CCC(C3CCCCC3C3CCCCC3)CC2)CC1
C1CCC(C2CCCC(CC3CCC(C4CCCCC4)C(CC4CCC4)C3)C2)CC1
C1CCC(CCCC2CCC(C3CCCC(C4CCCCC4C4CCCCC4)C3)CC2)CC1
C1CCC(C2CCCCC2)CC1
C1CCC(CC2CCCCC2C2CCC(C3CCC(C4CCCCC4)CC3)CC2)CC1
C1CCC(CCCC2CCCC(C3CCCCC3)C2)CC1
C1CCC(CC2CCC(CC3CCCCC3C3CC3)CC2)CC1
C1CCC(CC2CCCC(CC3CC(C4CCCC(C5CCCC5)C4)C4CCCCC34)C2)CC1
C1CCC(C2CCC(C3CCC4CCCCC43)CC2CCC2CCC(C3CCC4CCCC4C3)CC2)CC1
C1CCC(CC(C2CCCCC2)C2CCC(C3CCCCC3)CC2)CC1
C1CCC(CC2CCCC(CC3CCCC(C4CCCCC4)C3)C2)CC1
C1CCC(C2CCCCC2CC2CCC(C3CCCC(CC4CCCC4)C3)CC2)CC1
C1CCC(CCCC2CCCCC2C2CCC3C(CCCC3C3CCCC(C4CCC5CCCC5C4)C3)C2)CC1
C1CCC(CC2CCCCC2)CC1
C1CCC(CC2CCCC(CC(C3CCCCC3)C3CCCCC3)C2)CC1
C1CCC(C2CCCCC2C2CCCCC2CC2CC2)CC1
C1CCC(CCC2CCCC(C3CCC4CCCCC4C3)C2)CC1
C1CCC(CC2CCCC(C3CCCCC3C3CCCCC3)C2)CC1
C1CC(CC2CC(C3CC4CCCCC4C3)CCC2C2CCC2)C1
C1CCC(CCC2CCC(CCC3CCCC(C4CCC4)C3)CC2)CC1
C1CCC(CC2CCC(CC3CCCC(CC4CCCCC4)C3)CC2)CC1
C1CCC(C2CCC(CCC3CCC(C4CCCC4)CC3)CC2)CC1
C1CCC(CCCCC2CC(CC3CC3)CCC2C2CCCCC2)CC1
C1CCC(CCC2CCC(CC3CCC(CC4CCCCC4)CC3)CC2)CC1
C1CCC(C2CCC(C3CCCCC3)CC2)CC1
C1CCC(C2CCCCC2CC2CCCC(CCC3CCC3)C2)CC1
C1CCC(CCCC2CCCC(CCC3CCCCC3)C2)CC1
C1CCC(C2CCC(CC(C3CCCCC3)C3CCCCC3)CC2)CC1
C1CCC(C2CCC3CC(C4CCC5CCCCC54)CC(CCCCC4CCCC4)C3C2)CC1
C1CCC(CC2CCC(C3CCC4C(CC5CCCCC5)CCCC4C3)CC2)CC1
C1CCC(C2CCCC(CC3CCC4CCCCC4C3)C2)CC1
C1CCC(CC2CCCC(C3CC(CC4CCCCC4)C4CCC(C5CCCCC5)CC43)C2)CC1
C1CCC(CC2CCCCC2C2CCC3CCCC3C2)CC1
C1CCC(CC2CCC(CCCC3CC(CC4CCCC4)C4CCCCC34)CC2)CC1
C1CCC(CCCC2CCC(CC3CCCCC3)CC2)CC1
C1CCC(C2CCCC(CC3CCC(C4CCC(CC5CCCC5)CC4)C3)C2)CC1
C1CCC(CC2CCC(CC3CCCCC3)CC2)CC1
C1CCC(CC2CCCC(C3CCC(CCC4CCCC4CC4CCCCC4)CC3)C2)CC1
C1CCC(CC2CCC(CC3CCCC(C4CCCCC4)C3)CC2)CC1
C1CCC(CCC2CCC(C3CCCC(CC4CCCCC4)C3)C2)CC1
C1CCC(CCC2CCC(CC3CCC(C4CCC(C5CCC5)CC4)C(C4CCCC4)C3)CC2)C1
C1CCC(C2CCCC(CCC3CCCCC3C3CCCCC3)C2)CC1
C1CCC(CCCC2CCC(C3CCCCC3)CC2)CC1
C1CCC(C(CCCC2CCC(C3CCC3)C(C3CCCCC3)C2)C2CC2)CC1
C1CCC(CC2CCCC(CC3CCCC(C4CCCCC4)C3)C2)CC1
C1CCC2CC(C3CCCCC3C3CCC4CCCC4C3)CCC2C1
C1CCC(C2CCC(C3CCCC(C4CCCC(C5CCCCC5)C4)C3)CC2)CC1
C1CCC(CC2CCC(C3CCCCC3C3CCCCC3)CC2)CC1
C1CCC(CCCC2CCCCC2)CC1
C1CCC(CCC2CCC(CC3CCCCC3)CC2)CC1
C1CCC(CC2CCCCC2CC2CCCC(C3CCCCC3)C2)CC1
C(CCCC1CCCC(CCC2CCC3CCCCC32)C1)CCC1CCCCC1
C1CCC(CCC2CCC(CC3CCCCC3)CC2)CC1
C1CCC(CCC2CC(C3CCCCC3)CC(C3CCCCC3)C2)CC1
C1CCC(CC2CCCC(C3CCCCC3)C2)CC1
C1CCC(CCC2CCCC(C3CCC4CCCC4C3)C2)CC1
C1CCC(CCC2CCC(C3CCCCC3C3CCC4CCCC4C3)CC2)C1
C1CCC(C2CCC(C3CC4CCCCC4C(C4CCCCC4)C3)CC2)CC1
C1CCC(C2CC(C3CCCCC3)C3CCCCC23)CC1
C1CCC(CCC2CC(CC3CCCCC3)CCC2C2CCCCC2CC2CCCCC2)CC1
C1CCC(C2CCCCC2C2CCCCC2C2CCCCC2C2CCC3CCCCC3C2)CC1
C1CCC(C2CCC3CC(C4CCC5CCCCC54)CCC32)CC1
C1CCC(CC2CCC(C3CCC(C4CCCC(C5CCCCC5)C4)CC3)C2)CC1
C1CCC(CCC2CCCCC2C2CCCCC2)CC1
C1CCC(CC2CCCCC2C2CCCCC2)CC1
C1CCC(CCC2CCC3C(CC4CCCCC4)CC(C4CCCCC4)C3C2)CC1
C1CCC(CCC2CCC3CCC(CCC4CCC(C5CCC6CCCCC65)CC4)C3C2)CC1
C1CCC(CC2CCCC(C3CC4CCCCC4C(C4CC5CCCCC5C4)C3)C2)CC1
C1CCC(CC2CCC(CCC3CCCCC3C3CCCCC3)CC2)CC1
C1CCC(CCC2CCCC(CC3CCCCC3)C2)CC1
C1CCC(CCCCCC2CCC(CC3CCCCC3)CC2)CC1
C1CCC(CC2CCCCC2C2CCC(C(CC3CCCCC3)C3CCCCC3)CC2)CC1
C1CCC(C2CCCCC2C2C(C3CCCCC3)CCCC2C2CCCCC2)CC1
C1CCC(CC2CCC(C3CCCC3)CC2)CC1
C1CCC(CCC2CCCC(C3CCCCC3)C2)CC1
C1CCC(C2CCCC(C3CCCCC3)C2)CC1
C1CCC(CCC2CCCC(C3CCC(C4CCCC4)C(C4CCCCC4)C3)C2)CC1
C1CCC(C2CCCC(CC3CCC(CC4CCCC4)CC3)C2)CC1
C1CCC(CC2CCCC(CCC3CC(C4CCCCC4)C4CCCCC34)C2)CC1
C1CCC(C2CCCC(CC3CC(C4CCC4)CCC3C3CCCCC3)C2)CC1
C1CCC(CC2CCC(CC3CCCC(C4CCCCC4)C3)CC2)CC1
C1CCC(CC2CCC(C3CCCCC3)CC2)CC1
C1CCC(C2CCCC(CCC3CCCC(C4CCCCC4)C3)C2)CC1
C1CCC(C2CCC(CC3CCC(C4CCCC(C5CCCC5)C4)CC3)CC2)C1
C1CCC(C2CCCC(CC3CCCC(C4CCC5CCCC5C4)C3)C2)CC1
C1CCC(CCC2CCC(C3CCC4CCCCC43)CC2)CC1
C1CCC(CC2CCC(CC3CCC(CCC4CC4)CC3)CC2)CC1
C1CCC(CCCCC2CCCC(C3CCCCC3)C2)CC1
C1CCC2CC(C3CCC(C4CCC(CC5CCC6CCCCC65)CC4)CC3)CC2C1
C1CCC(C2CCCCC2CCCCCC2CCC3CCCC3C2)CC1
C1CCC(CC2CCC(CC3CCC(C4CCCCC4)CC3)CC2)CC1
C1CCC(C2CCC(CCC3CCC(CC4CCC(C5CCCCC5)CC4)CC3)CC2)CC1
C1CCC(CC2CCC(C3CCCC3)CC2)CC1
C1CCC(CC2CCCC(CC3CCC(C4CCCCC4)CC3)C2)CC1
C1CCC(CCCC2CCC(C3CCCCC3)CC2)CC1
C1CCC(CC2CCCC(CC3C(C4CCCCC4)CCCC3C3CCC3)C2)CC1
C1CCC(C2CC(C3CCCC3)CC(C3CCC4CCCCC43)C2)CC1
C1CCC(C2CCC(CC3CC3)CC2C2CCC3CCCC3C2)CC1
C1CCC(C2CCC(CC3CCC(CCC4CCCC4)CC3)CC2)CC1
C1CCC(CCC2CCC(C3CCCCC3)CC2)CC1
C1CCC(C2CCC(C3CCC(CC4CCCC4)CC3)CC2)CC1
C1CCC(CC2CCC(CCC3CCC4CCCCC43)CC2)CC1
C1CCC(CC2CCC(C3CCC(CC4CCCCC4)CC3C3CCCC3)CC2)CC1
C1CCC(CCCCC2CCCC(CC3CC(CC4CCCCC4)C4CC(CC5CCCCC5)CCC34)C2)CC1
C1CCC(CCCC2CCCC3CC(C4CCCCC4C4CCCCC4)CCC23)CC1
C1CCC(C2CCC(CC3CCC(CC4CCC(CC5CC6CCCCC6C5)CC4)CC3)CC2)C1
C1CCC(C2CCCC(CCC3CCC(C4CCC4)CC3)C2)CC1
C1CCC(CC2CCCCC2CCC2CCC3C(CC4CCCCC4)CCC3C2)CC1
C1CCC(CC2CCC(CC3CCC4C(CCC4CC4CCCC(C5CCCCC5)C4)C3)CC2)CC1
C1CCC(C2CCC(C3CCC4CCCCC4C3)C(CC3CC4CCCCC4C3)C2)CC1
C1CCC(CC2CCCC(C3CCC(C4CCCCC4)CC3)C2)CC1
C1CCC(CCC2CCC(CCC3CCCC(C4CCC(CC5CCCCC5)CC4)C3)C2)CC1
C1CCC(CC2CC(CC3CCC(C4CCCCC4)CC3)C3CCCCC23)CC1
C1CCC(CCCCC2CCCCC2)CC1
C1CCC(C2CCCCC2)CC1
C1CCC(CCC2CCCCC2C2CCCCC2)CC1
C1CCC(C2CCC(C3CCC(C4CCCC(C5CC5)C4)CC3)CC2)CC1
C1CCC(CCCC2CC(CC3CCC(C4CCCCC4)CC3)C3CCCCC23)CC1
C1CCC(CCC2CCCC(C3CCCCC3)C2)CC1
C1CCC(CC2CCCCC2CCC2CCC(CC3CCCCC3C3CCCC3)CC2)CC1
C1CCC(CC2CCCC(C3CCCCC3)C2)CC1
C1CCC(C2CCCC(C3CCCCC3C3CC(C4CCCCC4)C4CCCCC43)C2)CC1
C1CCC(CC2CCC(C3CCCCC3)CC2)CC1
C1CCC(CC2CCCC(C3CCCCC3C3CCCC(C4CCC5CCCCC54)C3)C2)CC1
C1CCC(CCC2CCCC(C3CCC(CC4CCCCC4)CC3)C2)CC1
C1CCC(C2CCCCC2)CC1
C1CCC(CC2CC(C3CCC(C4CCCCC4)CC3)C3CCCCC23)CC1
C1CCC(CCC2CCC(C3CCCC(C4CCC4)C3)CC2)CC1
C1CCC(CC2CCC(C3CCCC3)CC2CC2CCCCC2)CC1
C1CCC2CC(CCCC3CCC4CCC(C5CCCC5)CC34)CCC2C1
C1CCC(C2CCC(CCC3CC4CCCCC4C3)CC2)CC1
C1CCC(CCCCC2CCC(CC3CCC(C4CCCC(CCC5CCCCC5)C4)CC3)CC2)CC1
C1CCC(CC2CCCC(C3CC4CCCCC4C3)C2)CC1
C1CCC(CCCC2CCC(C3CCCCC3)CC2)CC1
C1CCC(C2CCCCC2C2CCCCC2)CC1
C1CCC(C2CCC(CC3CCC(C4CC4)CC3)CC2)CC1
C1CCC(CCC2CCCC(C3CCCCC3CC3CC4CCCCC4C3)C2)CC1
C1CCC(CCC2CCCC2C2CCCCC2C2CCCCC2C2CCCC2)CC1
C1CCC(CC2CCC(C3CCCCC3)CC2)CC1
C1CCC(CCC2CCC(C3CCC(C4CCCC4)CC3)C(C3CCC4CCCC4C3)C2)C1
C1CCC(C2CC(C3CCCCC3C3CC3)CC3CCC(CCC4CCCC4)CC32)CC1
C1CCC(CCCC2CCCC(C3CCCCC3C3CCCCC3)C2)CC1
C1CCC(CC2CCC(C3CCCC(C4CCCCC4)C3)CC2)CC1
C1CCC(CCC2CCC(C3CCCC(CCCC4CCCC(C5CCCCC5)C4)C3)CC2)CC1
C1CCC(CCC2CCC(C3CCCC(C4CCC(CC5CCCC5)CC4)C3)CC2)CC1
C1CCC(CCCCC2CCCC(C3CCCCC3)C2)CC1
C1CCC(CC2CCC(C3CCCC(C4CCCC(C5CCCC5)C4)C3)CC2)CC1
C1CCC(CCCC2CCCC(CCC3CCC4CCCCC43)C2)CC1
C1CCC(CC2CCCCC2CCC2CCCC(C3CCCCC3)C2)CC1
C1CCC(C2CCCC(C3CCCCC3)C2)CC1
C1CCC(CC2CCC(C3CCCCC3)CC2)CC1
C1CCC(C2CCCC(C3CCCC(C4CCCCC4)C3)C2)CC1
C1CCC(C2CCC(C3CCCCC3C3CCCC3)CC2)CC1
C1CCC(CC2CCC(C3CCC(C4CCCCC4)CC3)CC2)CC1
C1CCC(CC2CCCC(CC3CCCCC3C3CCCCC3)C2)CC1
C1CCC(C2CCCC(CC3CCCC(C4CCCCC4)C3)C2)CC1
C1CCC(C2CCC(C3CCCC3)C(C3CCCCC3)C2)CC1
C1CCC(CC2CCC(CCCC3CCCC3)CC2)CC1
C1CCC(CC2CCCCC2C2CCC(C3CCCCC3)CC2)CC1
C1CCC(CC2CCC(C3CCCC(C4CCCCC4)C3)CC2)CC1
C1CCC(C2CCC(CCC3CCC4CCCCC4C3)CC2)CC1
C1CCC(CC2CCCC2CC2CCC(C3CCCCC3)CC2)CC1
C1CCC(CC2CCC(CC3CCCC(C4CCCC(C5CCCC5)C4)C3)CC2)CC1
C1CCC(CC2CCCC(C3CCCCC3)C2)CC1
C1CCC(CC2CC(C3CCCCC3)C3CCCCC23)CC1
C1CCC(CC2CCCC(C3CC(CC4CCCCC4)C4CCCCC43)C2)CC1
C1CCC2CC(CC3CCCC(C4CCCCC4C4CCC5CCCCC5C4)C3)CCC2C1
C1CCC(CC(CC2CCC3CCCC3C2)C2CCCCC2)CC1
C1CCC(C2CCCC(C3CCCC(C4CC5CCCCC5C4)C3)C2)CC1
C1CCC(C2CCCC(C3CCCCC3C3CCC4CCCCC4C3)C2)CC1
C1CCC(CC2CCCCC2C2CCCCC2)CC1
C1CCC(C2CCC(C3CCCCC3)CC2)CC1
C1CCC(CC2CCC(C3CC(C4CCC(C5CC5)CC4C4CCCC4)C3)CC2)CC1
C1CCC(CC2CCCC2CCC2CCC(C3CCCCC3)CC2)CC1
C1CCC(C2CCCCC2C2CCCCC2)CC1
C1CCC(CC2CC(CC3CCC(C4CCCCC4)CC3)C3CC(CC4CCC5CCCCC54)CCC23)CC1
C1CCC(C2CCCC(C3CCC(CC4CC(C5CCCCC5)C5CCCCC45)CC3)C2)CC1
C1CCC(C2CCCC(CCC3CCCC(C4CCCCC4)C3)C2)CC1
C1CCC(CC2CCCC(CC3CCCCC3)C2)CC1
C1CCC(C2CCC(CCCC3CCC(CC4CCC5CCCCC54)CC3)CC2)CC1
C1CCC(CC2CCCCC2C2CCCCC2C2CCCC2)CC1
C1CCC(C2CCCCC2CC2CCCCC2CCCC2CCCC(C3CC4CCCCC4C3)C2)CC1
C1CCC(CC2CCC(C3CCCCC3)CC2)CC1
C1CCC(CCC2CCCC(C3CCC4CCC(CC5CCCCC5)CC4C3)C2)CC1
C1CCC(C2CCC(C3CCCCC3C3CCCCC3)CC2)CC1
C1CCC(CC2CCC(C3CCCCC3)C(CC3CCCCC3)C2)CC1
C1CCC(C2CCC3C(CCC3C3CCCCC3)C2)CC1
C1CCC(C2CCCC(C3CCCCC3)C2)CC1
C1CCC(CCC2CCC(C3CCCCC3)CC2)CC1
C1CCC(CC2CC(C3CCCCC3)CC(C3CCC(CC4CC5CCCCC5C4)CC3)C2)CC1
C1CCC(CC2CCC3CCC(C4CCC(C5CCCC(C6CCC7CCCC7C6)C5)CC4)C3C2)CC1
C1CCC(CCCCC2CCC3C(CC4CCCCC4)CCC3C2)CC1
C1CCC(CC2CC(C3CCCCC3)CC(C3CCCC(C4CCCCC4)C3)C2)CC1
C1CCC(CCC2CC(C3CCCCC3)CC(C3CCCC3)C2)CC1
C1CCC(CC2C(C3CCCCC3)CCCC2C2CC2)CC1
C1CCC(C2CCCCC2CCC2CC3CCCCC3C2)CC1
C1CCC(C2CCCC(C3CCCCC3)C2)CC1
C1CCC(CC2CCC(C3CCCC(C4CCCCC4)C3)C2C2CCCC2)CC1
C1CCC(CC2CCC(C3CC(CC4CC4)CCC3C3CCCCC3)C(CC3CC3)C2)CC1
C1CCC(CC2CCC(CCC3CCCC(C4CCCCC4)C3)CC2)CC1
C1CCC(CC2CCC(C3CCCC(C4CCCCC4)C3)CC2)CC1
C1CCC(CCC2CCC(CC3CCCCC3)CC2)CC1
C1CCC(CC2CCC(CC3CCC(C4CCC(C5CCCC5)CC4)CC3)CC2)CC1
C1CCC(CCC2CCC(CC3CCC(C4CCCCC4)CC3)CC2)CC1
C1CCC(C2CCCCC2)CC1
C1CCC(C2CCCC(C3CCC(CCC4CC5CCCCC5C4)CC3)C2)CC1
C1CCC(CCC2CCCCC2C2CC(CC3CCCC3)C3CCCCC32)CC1
C1CCC(C2CCCC(C3CCC4CCCCC43)C2)CC1
C1CCC(CCC2CC(CCC3CCCCC3)C(CCC3CCCCC3)C(CC3CC3)C2)CC1
C1CCC(CCC2CCC(CC3CCCCC3)CC2)CC1
C1CCC(CCCCCC2CCCCC2CC2CCCCC2)CC1
C1CCC(CCCC2CCCCC2C2CCCCC2)CC1
C1CCC(CCC2CCC(CC3CCC(CC4CCC(C5CCCCC5)CC4)CC3)CC2)CC1
C1CCC(CCC2CC(CC3CCCCC3)CCC2CCCCC2CCC(C3CCCCC3)CC2)CC1
C1CCC(CCCC2CCC(CC3CCC(C4CC4)CC3)CC2)CC1
C1CCC(CC2CCCCC2C2CCCCC2C(C2CCCCC2)C2CCCCC2)CC1
C1CCC(CCCCC2CCCC(CC3CCCCC3)C2)CC1
C1CCC(CC2CCC(CC3CCC(C4CC4)CC3C3CCC(C4CCCCC4)C3)CC2)CC1
C1CCC(C2CCC(CC3CCCCC3C3CCCCC3)C(C3CCCC3)C2)CC1
C1CCC(CC2CCCC(CCCCC3CCC(C4CCCC4)CC3)C2)CC1
C1CCC(CCCCC2CCC(C3CCCCC3)CC2)CC1
C1CCC(CC2CCCCC2C2CCCCC2)CC1
C1CCC(CC2CCC(CC3CCC(C4CC5CCCCC5C4)CC3)CC2)CC1
C1CCC(C2CCCC(C3CCCC(C4CCC5CCCCC54)C3)C2)CC1
C1CCC(CCC2CCC(C3CCCCC3)CC2C2CC2)CC1
C1CCC(CC2CCC(CC3CCCCC3)CC2)CC1
C1CCC(CCCC2CCC(C3CCCCC3)CC2)CC1
C1CCC(CC2CCCCC2C2CCCCC2C2CCCCC2)CC1
C1CCC(CCCC2CCCCC2C2CCC3CCCCC3C2)CC1
C1CCC(CC2CCCCC2CCC2CCC(C3CCCCC3)CC2)CC1
C1CCC(CC2CCCC(C3CCCCC3)C2)CC1
C1CCC(C2CCC(CCC3CCCC(C4CCCCC4)C3)CC2)CC1
C1CCC(CCC(CC2CCCCC2)C2CCCCC2CC2CCCCC2C2CCCC2)CC1
C1CCC(C(C2CCCCC2)C2CCCCC2)CC1
C1CCC(CC2CCCC(CC3CCCCC3)C2)CC1
C1CCC(CCC2CCCC(CCCC3CCCC(CC4CCCCC4)C3)C2)CC1
C1CCC(C2CCCC(CCC3CCCC(C4CCC5CCCC5C4)C3)C2)CC1
C1CCC(CC2CCC(C3CCCCC3CC3CCCCC3)CC2)CC1
C1CCC(CCC2CCC(CC3CCC(C4CCC4)CC3)CC2)CC1
C1CCC(CC2CCCCC2C2CCCCC2)CC1
C1CCC(CC2CCCC(C3CCCCC3)C2)CC1
C1CCC(C2CCCC(C3CC(C4CCCCC4)CC(C4CCCC(C5CCCCC5)C4)C3)C2)CC1
C1CCC(C2CCC(C3CCCCC3)C(C3CCCC3)C2)CC1
C1CCC(CC2CC(C3CCC(C4CCCCC4)CC3)C3CCCCC23)CC1
C1CCC(CC2CC3CCCCC3C(C3CCCCC3)C2)CC1
C1CCC(C2CCC(C3CCCC3)CC2)CC1
C1CCC(CC2CCCC(C3CCCC3)C2)CC1
C1CCC(CCC2CC(CC3CCCCC3)CCC2CC2CCCCC2)CC1
C1CCC(C2CCC3C(CCCC3C3CCCC(C4CCCC(C5CCCC5)C4)C3)C2)CC1
C1CCC(C2CCC(C3CCCC(CCC4CCC(C5CCCC5)CC4)C3)CC2)CC1
C1CCC(CCC2CCCC(CC3CCCCC3)C2)CC1
C1CCC(CCC2CCC(CC3CCCC(C4CCC(C5CCC(CC6CCCCC6)CC5)CC4)C3)CC2)CC1
C1CCC(CCCC2CCC(CCC3CCC(C4CCCCC4)CC3)CC2)CC1
C1CCC(C2CC(C3CCC3)CC(C3CCCCC3C3CCCC3)C2)CC1
C1CCC(CC2CCC(C3CCCCC3CC3CCCC(C4CCCCC4)C3)CC2)CC1
C1CCC(CCC2CCCC(C3CCC(C4CCC(CC5CCCCC5)CC4)CC3)C2)CC1
C1CCC(CC2CCC(CCC3CCC(C4CCCC4)CC3)CC2)CC1
C1CCC(C2CCCCC2C2CCCCC2)CC1
C1CCC(C2CCC(C3CCCC(C4CC5CCCCC5C4)C3)CC2)CC1
C1CCC(CC2CCC(C3CCCC(C4CCCCC4)C3)CC2)CC1
C1CCC(CCCCCC2CCC(C3CCC(C4CCC5CCCCC5C4)CC3)CC2)CC1
C1CCC(CCCCC2CCCCC2)CC1
C1CCC(CCC2CCC3C(CC4CCCC(C5CCC(CC6CC6)CC5)C4)CC(C4CCCCC4)C3C2)CC1
C1CCC(CCC2CCC(C3CCCCC3C3CCC(C4CCCCC4)CC3)CC2)CC1
C1CCC(CC2CCC(CC3CCC(CC4CCCCC4)CC3)CC2)CC1
C1CCC(C2CCCC(C3CCCCC3)C2)CC1
C1CCC(C2CCCC(CC3CCCC(C4CCC(CCC5CCCC5)CC4)C3)C2)CC1
C1CCC(CCC2CCCCC2CC2CCCCC2)CC1
C1CCC(CC2CCC(C3CCC(CC4CCCCC4)CC3)CC2)CC1
C1CCC(C2CCC(C3CCCCC3)C(C3CCC4C(CCC5CCC6CCCCC65)CCC4C3)C2)CC1
C1CCC(CC2C(C3CCCCC3)CC(C3CCCCC3)CC2C2CCCCC2)CC1
C1CCC(C2CCC(CCC3CCCC(C4CCCC4)C3)C2)CC1
C1CCC(C2CCCC(CC3CCC(CC4CC5CCCCC5C4)CC3)C2)CC1
C1CCC(CC2CCC(CCC3CCCC(C4CCCCC4)C3)CC2)CC1
C1CCC(CCCC2CCC(CC3CCC(CC4CCCCC4C4CCCC4)CC3)CC2)CC1
C1CCC(C2CCCCC2)CC1
C1CCC(CCC2CCCCC2C2CCCCC2)CC1
C1CCC(CC2CCC(C3CCCCC3)CC2)CC1
C1CCC(CC2CCC(C3CCC(C4CCCC(CC5CC6CCCCC6C5)C4)CC3)CC2)CC1
C1CCC(C2CCC(C3CCC(C4CCC5CCCCC5C4)C3)C(C3CCCCC3)C2)CC1
C1CCC(CCC2CCC(C3CCC(C4CCCCC4)C(C4CCCCC4)C3)CC2)CC1
C1CCC(C2CCCCC2CC2CCCC(CC3CCC(CC4CCCC4)CC3)C2)CC1
C1CCC(CC2CCC(C3CCCC(C4CCCC(C5CCCC5)C4)C3)CC2)CC1
C1CCC(C2CCC(CC3CCCC3CC3CCCC(C4CCCCC4)C3)CC2)CC1
C1CCC(CCC2CCC(CC3CCCCC3)CC2)CC1
C1CCC(CC2CCC(CC3CCCCC3)CC2)CC1
C1CCC(CCC2CCCC(CC3CCCC(CC4CCCCC4)C3)C2)CC1
C1CCC(C2CCC(C3CCC(C4CCCCC4)CC3)CC2)CC1
C1CCC(CCCC2CCC(CCC3CC4CCCCC4C3)C(C3CCCCC3)C2)CC1
C1CCC(CCCCCC2CCCC(C3CCCCC3)C2)CC1
C1CCC(CC2CCC(C3CCCC(CC4CCCCC4)C3)CC2)CC1
C1CCC(CCC2CCCCC2CCC2CCCC(C3CC4CCCCC4C3)C2)CC1
C1CCC(CCCC2CCC(CC3CCCCC3CC3CC4CCCCC4C3)CC2)CC1
C1CCC(C2CCC(CC3CCCCC3CC3CCCC(CC4CCC(CC5CCC5)CC4)C3)CC2)CC1
C1CCC(CCC2CC(CCC3CCCCC3)CC(C3CCCCC3)C2)CC1
C1CCC(CC2CCCC(C3CCCCC3)C2)CC1
C1CCC(C2CCC3C(CCCC3C3CCCC(C4CCC5CCCCC54)C3)C2)CC1
C1CCC(C2CC(C3CCCCC3)C3CCCCC23)CC1
C1CCC(CC2CCCC(CCCCCC3CCCC(C4CC4)C3)C2)CC1
C1CCC(CC2CCC(CC3CCCC(C4CCCC(CC5CC5)C4)C3)CC2)CC1
C1CCC(CCCC2CCC(CC3CCC(C4CCCCC4)CC3)CC2)CC1
C1CCC(CC2CCCC(C3CCC3)C2)CC1
C1CCC(CC2CCC(C3CCCC(CC4CCCCC4)C3)CC2)CC1
C1CCC(C2CCC(C3CCCCC3C3CCCCC3)CC2)CC1
C1CCC(CCCCC2CCCC(C(CCC3CCCCC3)C3CCCCC3)C2)CC1
C1CCC(CCCC2CCC(C3CCCCC3)CC2)CC1
C1CCC(CCC2CCC(C3CCCC(C4CCCCC4)C3)CC2)CC1
C1CCC(C2CCC(C3CCCCC3C3CCCCC3)CC2)CC1
C1CCC(CC2CCC(C3CCCC3)CC2CC2CCCC(C3CCCCC3)C2)CC1
C1CCC(CC2CCC(CC3CCC(C4CCCC(C5CCCCC5)C4)CC3)CC2)CC1
C1CCC(CC2CCCC(C3CC(C4CCCCC4)C(C4CCCCC4)C4CCCC34)C2)CC1
C1CCC(CCC2CCC(CC3CCC(C4CCCCC4)CC3)CC2)CC1
C1CCC(CCC2CCCCC2)CC1
C1CCC(C2CCC(C3CCCCC3)CC2)CC1
C1CCC(C2CCCCC2CCCC2CCC(C3CCCCC3C3CCCC3)CC2)CC1
C1CCC(C2CCCC(C3CCCCC3C3CCCCC3)C2)CC1
C1CCC(C2CCCC(CC3CC(C4CCC5CCCCC54)C4CCCCC34)C2)CC1
C1CC2CCC(C3CCCC(C4CCCC(C5CCCCC5C5CCCC5)C4)C3)CC2C1
C1CCC(C2CCC(CC3CCCCC3C3CCCCC3)C2)CC1
C1CCC2CC(CCCC3CCCCC3C3CCCCC3C3CCC4CCCC4C3)CC2C1
C1CCC(C2CC(C3CCCC(C4CCCC4)C3)C3CCCCC23)CC1
C1CCC(CC2CCCC(C3CCCCC3)C2)CC1
C1CCC(CC2CCC(C3CCCCC3)CC2CC2CCCCC2)CC1
C1CCC(C2CCCC(C3CCCCC3)C2)CC1
C1CCC(C2CCC(CCC3CCCC(CC4CCCC(C5CCCC5)C4)C3)CC2)CC1
C1CCC(CC2CCC(C3CCCCC3)CC2)CC1
C1CCC(CC2CCC(C3CCCCC3)CC2)CC1
C1CCC(CCC2CCCC(CC3CCCC(C4CCCCC4)C3)C2)CC1
C1CCC(CCCCC2CCCC(C3CCCCC3)C2)CC1
C1CCC(CCC2CCC(CC3CCC(C4CCC5CCCC5C4)CC3)CC2)CC1
C1CCC(CC2CCCC(C3CCCC3)C2)CC1
C1CCC(CC2CCC3CCCC(C4CCCCC4)C32)CC1
C1CCC(CCC2CCC3CC(C4CCCCC4)CCC3C2)CC1
C1CCC(CC2CCC(CCC3CC4CCCCC4C3)CC2)CC1
C1CCC(C2CCC(C3CCCCC3)CC2)CC1
C1CCC2CC(C3CCCCC3C3CCC(CC4CCC(C5CCC5)CC4C4CCCC4)CC3)CCC2C1
C1CCC(C2CCCC(CCC3CCC(CC4CCCC4)CC3)C2)CC1
C1CCC(CC2CCC(CC3CCCC(CC4CCCC(CC5CCCC5)C4)C3)CC2)CC1
C(CCCCC1CCCCC1)CCCCC1CC(CC2CC2)CC(C2CCCCC2C2CCCCC2)C1
C1CCC(C2CCC(C3CCCCC3C3CCC4CCCC4C3)CC2)CC1
C1CCC(C2CCCCC2C2CCCCC2)CC1
C1CCC(C2CCCC(C3CCCCC3)C2)CC1
C1CCC(CC2CCC(C3CCCCC3)CC2)CC1
C1CCC(CCCC2CCCC(C3CCC4CCC(CC5CCCCC5)CC4C3)C2)CC1
C1CCC(CC2CCC(CC3CCC(C4CCCCC4)CC3)CC2)CC1
C1CCC(CCCC2CC(CC3CCCCC3)CC(C3CCC(CC4CCCCC4)CC3)C2)CC1
C1CCC(CCC2CCCCC2C2CCC3C(CCC3C3CCCCC3)C2)CC1
C1CCC(CCCCCC2CCCC3CC(C4CCCCC4)CCC23)CC1
C1CCC(CCC2CCCC(C3CCCC(C4CCCC4)C3)C2)CC1
C1CCC(C2CCCC(C3CCC(C4CCC4)CC3)C2)CC1
C1CCC(CC2CCC(C3CCC(C4CCCC4)CC3)CC2)CC1
C1CCC(CC2CCC(CCCC3CCC(CC4CC5CCCCC5C4)C3)CC2)CC1
C1CCC(C2CCC(CCC3CCC(C4CCCCC4)CC3)CC2)CC1
C1CCC(CC2CCCCC2CCC2CCCC(C3CCCCC3)C2)CC1
C1CCC(CC2CCC(C3CC(C4CCCC4C4CCCCC4)C4CCCCC34)CC2)CC1
C1CCC(CCC2CCCC(C3CCCC(CC4CCCCC4)C3)C2)CC1
C1CCC(CCCCC2CCCC(C3CCCCC3)C2)CC1
C1CCC(C2CCCC(C3CCCC4CC(C5CCCCC5C5CCCCC5)CCC43)C2)CC1
C1CCC(CC2CCC(C3CC3)CC2CC2CCCCC2)CC1
C1CCC(C2CCCCC2C2CCC(C3CCC3)CC2)CC1
C1CCC(CC2CC(C3CCCCC3CC3CCCCC3)C3CCC(C4CCCCC4)CC23)CC1
C1CCC(CC2CCC(C3CCCC(C(C4CCCCC4)C4CCCCC4)C3)CC2)CC1
C1CCC(CCC2CC(C3CCCCC3)CC(C3CCCC3)C2)CC1
C1CCC(C2CC(CC3CCCCC3C3CCCC3)CC(C3CCCC3)C2)CC1
C1CCC(C2CCC(C3CCCCC3)CC2)CC1
C1CCC(C2CCC(CC3CCCCC3C3CCCC3)CC2)CC1
C1CCC(CCC2CCC(CCCCC3CCCC(C4CCCCC4)C3)CC2)CC1
C1CCC(CC2CCCC(CC3CCCCC3)C2)CC1
C1CCC(CCCC2CC(CC3CCCC(C4CCCCC4)C3)C3CCCCC23)CC1
C1CCC(CCC2CCCC(CC3CCCCC3)C2)CC1
C1CCC(C(C2CCCCC2)C2CCC(C3CCC4CCCCC43)CC2)CC1
C1CCC(C2CCC(C3CCCC(C4CCC4)C3)CC2)CC1
C1CCC(CC2CCCC(C3CCC(C4CCCC4)CC3)C2)CC1
C1CCC(CC2CCC(C3CCCC(C4CCCCC4)C3)CC2)CC1
C1CCC(CCC2CC(C3CCCC3)CC(C3CCCCC3CC3CC4CCCCC4C3)C2)CC1
C1CCC(CC2CCC(C3CCC(C4CCCCC4)CC3)CC2)CC1
C1CCC(CCCC2CCCC(CC3CCCC(C4CCCCC4)C3)C2)CC1
C1CCC(CCCC2CCC(C3CCCCC3)CC2C2CCCC2)CC1
C1CCC(CC2CCCC(CCC3CCC(CC4CCCCC4C4CCCCC4)CC3)C2)CC1
C1CCC(C2CCCCC2)CC1
C1CCC(CC2CCCCC2C2CCCCC2C2CCCCC2)CC1
C1CCC(CC2CCCCC2)CC1
C1CCC(CC2CCCC(C3CCC(CC4CCC5CCCCC54)CC3)C2)C1
C1CCC(CC2CCCC(C(C3CCCCC3)C3CCCCC3)C2)CC1
C1CCC(C2CCCC(CCCCC3CCCCC3C3CCCCC3)C2)CC1
C1CCC(C2CCCC(CC3CCCC(C4CCCCC4)C3)C2)CC1
C1CCC(CCC2CCCC(C3CCC(CC4CCC(CC5CC6CCCCC6C5)CC4)CC3)C2)CC1
C1CCC(CCC2CCCCC2C(C2CCCCC2)C2CCCCC2)CC1
C1CCC(CCC2CCCCC2C2CCCCC2CC2CCCCC2)CC1
C1CCC(CC2CCC(C(C3CCCCC3)C3CCCC(CC4CCCCC4)C3)CC2)CC1
C1CCC(CC2CCC(CC3CCCCC3)C(C3CC4CCCCC4C3)C2)CC1
C1CCC(CCCC2CCCCC2)CC1
C1CCC(CC2CCC3CCCCC3C2)CC1
C1CCC(CC2CCC(C3CCC(CCC4CCCC(C5CCCCC5)C4)CC3)CC2)CC1
C1CCC(CCC2CCCCC2C2CCC3CCCCC32)CC1
C1CCC(CCC2CCCC(CC3CCC4CCCCC4C3)C2)CC1
C1CCC(C2CCCC(CC3CCCC(C4CCCC4)C3)C2)CC1
C1CCC(CC2CCCCC2C2CCCCC2)CC1
C1CCC(CC2CCC(C3CC(C4CCC(C5CCCCC5)CC4)C3)CC2)CC1
C1CCC(CCC2CC(C3CC3)CCC2CCC2CCCC2)CC1
C1CCC(C2CCCC(C3C(C4CCCCC4)CCCC3C3CCCCC3)C2)CC1
C1CCC(CCCC2CC(C3CCCCC3)C(C3CCCCC3)C(C3CCCC3)C2)CC1
C1CCC(CC(CC2CCCC(C3CCCCC3CC3CCCCC3)C2)C2CCCCC2)CC1
C1CCC(CCC2CCCC(C3CCCC3)C2)CC1
C(CCCC1CCC(CC2CCCCC2)CC1)CCC1CCCCC1
C1CCC(CC2CCC(CCCC3CCCC(CC4CCCCC4)C3)CC2)CC1
C1CCC(CC2CC(CC3CCCCC3)CC(C3CCCCC3)C2)CC1
C1CCC(CCCC2CCC(CC3CCC(CC4CCCCC4)CC3)CC2)CC1
C1CCC(C2CCCC(C3CCCCC3)C2)CC1
C1CCC(CC2CCC(CC3CCC(CCCCC4CCCC(C5CCCCC5)C4)CC3)CC2)CC1
C1CCC(C2CC(C3CCC3)CCC2C2CCC(C3CCCC3)CC2)CC1
C1CCC(CCC2CCC(CC3CCCCC3)C(C3CCCCC3)C2)CC1
C1CCC(C2CCC(CC3CCCCC3CCCC3CCCC3)CC2)CC1
C1CCC(CCCCCC2CCC(C3CCC(CC4CCCCC4)CC3)CC2)CC1
C1CCC(CC2CCCC(C3CCCCC3C3CCC4CCCC4C3)C2)CC1
C1CCC(CC2CCC(C3CCC(C4CCCCC4)CC3)CC2)CC1
C1CCC(CC2CC(C3CCC4CCCC4C3)CC3CC(C4CCCCC4)CCC23)CC1
C1CCC(C2CCC(C3CCCCC3)CC2)CC1
C1CCC(CC2CCCCC2C2CCCC(C3CCCCC3)C2)CC1
C1CCC(CCCCC(C2CCCCC2)C2CCCCC2CC2CCCCC2)CC1
C1CCC(C2CCC(C3CCCCC3)CC2)CC1
C1CCC(CCCCCC2CCC(CC3CCC(CC4CCCCC4)CC3)CC2)CC1
C1CCC(CCCCCC2CCC(C3CCCCC3)CC2)CC1
C1CCC(C2CCC(C3CCCC(C4CC(CCCC5CCCC5)CC(C5CCCC5)C4)C3)CC2)CC1
C1CCC(CC2CCC(C3CCCCC3)C2)CC1
C1CCC(CCCC2CCC(C3CCCCC3)C(C3CCCC3)C2)CC1
C1CCC(CC2CCCCC2CC2CCCCC2)CC1
C1CCC(CC2CCC(C3CCC(CC4CCCC(C5CCCCC5)C4)CC3)CC2)CC1
C1CCC(CC2CCC(CC3CCC(C4CCCCC4)CC3)CC2)CC1
C1CCC(CC2CCC(C3CCCCC3CC3CCCCC3)CC2)CC1
C1CCC(CC2CC(CCCC3CC4CCCCC4C3)CC3CCCCC32)CC1
C1CCC(CC2CCCCC2C2CCC(C3CCCCC3)CC2CCC2CCCC2)CC1
C1CCC(CC2CCC(C3CCCCC3)CC2)CC1
C1CCC(CCCCC2CCCC(C3CCCCC3CCCCC3CC4CCCCC4C3)C2)CC1
C1CCC(CCC2CCC(CCC3CC4CCCCC4C3)CC2)CC1
C1CCC(C2CCC(CCCC3CCC(CCCC4CCCC(C5CCC5)C4)CC3)CC2)CC1
C1CCC(CC2CCC(CCC3CCC(C4CCCCC4)CC3)CC2)CC1
C1CCC(CC2CCCC(CC3CCCCC3C3CCCCC3)C2)CC1
C1CCC(CC2CCC(C3CCC(CC4CCC(CC5CCC6CCCCC65)CC4)CC3)CC2)CC1
C1CCC(CC2CCC(C3CCCC(CC4CCCCC4)C3)CC2)CC1
C1CCC(CC2CCCC(CC3CCCCC3C3CCC4CCCCC43)C2)CC1
C1CCC(CCC2CCCC(C3CCCC(CC4CCCCC4)C3)C2)CC1
C1CCC(CC2CC(CC3CCCCC3)C3CC(C4CCCCC4)CCC23)CC1
C1CCC(CC2CCC(C3CCCC3)C(C3CCCC4CC(C5CCCCC5)CCC43)C2)CC1
C1CCC(C2CCC(CC3CCCCC3C3CCCCC3)CC2)CC1
C1CCC(CCC2CCCC(CCC3CCCC(C4CCCCC4)C3)C2)CC1
C1CCC(CCCC(CCC2CCCC(CC3CC3)C2)C2CCCCC2)CC1
C1CCC(CCC2CCC(CC3CCCCC3)CC2)CC1
C1CCC(CCCC2CCCC(CC3CCCCC3)C2)CC1
C1CCC(CCC2CCCCC2CC2CCCCC2)CC1
C1CCC(CC2CCC(C3CCCCC3)CC2)CC1
C1CCC(C2CCC(CC3CCCC3)CC2C2CCC(C3CC4CCCCC4C3)CC2)CC1
C1CCC(C2CCC(CCC3CCCC(C4CCCCC4)C3)CC2)CC1
C(CCCC1CCCC1)CCC1CCCCC1
C1CCC(C2CCC(C3CCC(C4CCC4)C(C4CCCCC4)C3)CC2)CC1
C1CCC(CC2CCC(C3CCCCC3CC3CCCCC3)C2)CC1
C1CCC(CCC2CCC(C3CCC(CC4CC5CCCCC5C4)CC3)CC2)CC1
C1CCC(CC2CCCC(CCC3CCC(C4CCCCC4)C(C4CCCC4)C3)C2)CC1
C1CCC(CC2CCC(CC3CCC(C4CCCCC4CCC4CC4)CC3)CC2)CC1
C1CCC(CCC2CCC(CCC3CC4CCCCC4C3)CC2)CC1
C1CCC(CCCC2CC(C3CCCCC3)CC(C3CCCCC3)C2)CC1
C1CCC(CC2CCC3CCCCC3C2)CC1
C1CCC(CCC2CCC(CC3CCCC(C4CCCCC4)C3)CC2)CC1
C1CCC(CCCC2CCC(CC3CCCCC3)CC2)CC1
C1CCC(CC2CCC3CCCC3C2)CC1
C1CCC(CCCCC2CCC(CC3CCCCC3)CC2)CC1
C1CCC(CCC2CC(CC3CCCCC3)CCC2C2CCCCC2)CC1
C1CCC(CC2CCCCC2C2CC(C3CCCCC3)CC(C3CCCC3)C2)CC1
C1CCC(CCCC2CCC(C3CCCCC3)CC2)CC1
C1CCC(CCCC2CCCCC2C2CCCCC2C2CCCCC2)CC1
C1CCC(C2CCC(C3CCC(CCC4CC5CCCCC5C4)CC3)CC2)C1
C1CCC(CC2CCCC(C3CCCC(CCCC4CCC5CCCC5C4)C3)C2)CC1
C1CCC(CC2CCC(C3CC(CCC4CCCCC4CC4CCCCC4)C4CCCCC43)CC2)CC1
C1CCC(C2CCCC(C3CCCC3)C2)CC1
C1CCC(C2CCC(C3CCC(C4CCCCC4)CC3)CC2)CC1
C1CCC(C2CCC(C3CCCCC3C3CCCCC3)CC2)CC1
C1CCC(CC2CCCC(C3CCCC(CCCC4CCC(C5CCCC5)CC4)C3)C2)CC1
C1CCC(C2CCC(C3CCCCC3)CC2)CC1
C1CCC(C2CCCC(CCC3CCCCC3C3CCCCC3)C2)CC1
C1CCC(CCC2CC(CC3CCCCC3)C3CCC(CC4CCCCC4)CC23)CC1
C1CCC(C2CCCCC2)CC1
C1CCC(C(CC2CCC3CCCC3C2)C2CCCCC2)CC1
C1CCC(CCCCC2CCCC(C3CCCCC3)C2)CC1
C1CCC(C2CCCCC2)CC1
C1CCC(CCC2CCC(C3CCCC(C4CCC4)C3)CC2)CC1
C1CCC(CC2CCC(C3CCCC4CCCCC43)C(C3CCC(CC4CCC5CCCC5C4)CC3)C2)C1
C1CCC(CC2CCC(CC3CCCCC3)CC2)CC1
C1CCC(CCCC2CCCCC2)CC1
C1CCC(CCCCCC2CCC(C3CCCCC3)CC2)CC1
C1CCC(C2CCC(C3CCC(C4CCCCC4)CC3)CC2)CC1
C1CCC(CCCCCC2CCC(C3CC(CC4CCCCC4)CC4CCCCC43)CC2)CC1
C1CCC(CC2CCCC(CC3CC4CCCCC4C3)C2)CC1
C1CCC(CCCC2CCC(CC3CCCCC3)CC2)CC1
C1CCC(CC2CCC(CC3CCCCC3C3CCC4CCCC4C3)CC2)CC1
C1CCC(CCC2CC(C3CCCCC3)CC(C3CCCCC3)C2)CC1
C1CCC(C2CCC(CCCC3CCCC(C4CCCCC4)C3)CC2)CC1
C1CCC(CCCC2CCC(C3CCCC3)C(CCC3CC4CCCCC4C3)C2)CC1
C1CCC(C2CCCCC2)CC1
C1CCC(C2CCC(C3CCCC(C4CCCCC4)C3)CC2)CC1
C1CCC(CCC2CCC(C3CCCCC3)CC2)CC1
C1CCC(CC2CCC(C(C3CCCCC3)C3CCCCC3C3CCCC3)CC2)CC1
C1CCC(C2CC(C3CC3)CC(C3CCCC(C4CC5CCCCC5C4)C3)C2)CC1
C1CCC(C2CCCC(C3CCCC(C4CCCCC4)C3)C2)CC1
C1CCC(C2CCCCC2C2CCCCC2)CC1
C1CCC(C2CCCC(C3CCCCC3)C2)CC1
C1CCC(CC2CCC(CC3CCC(CCCC4CC4)CC3)CC2)CC1
C1CCC(CCCC2CCC(CC3CCC(CCCC4CCCC4)CC3)CC2)CC1
C1CCC(CCC2CCCC(C3CCCC(C4CCCCC4)C3)C2)CC1
C1CCC(CC2CCCC(CCCC3CC4CCCCC4C3)C2)CC1
C1CCC(C2CCCC(C3CCCCC3C3CCCCC3)C2)CC1
C1CCC(CC2CCCC(CC3CCCC(C4CCCCC4)C3)C2)CC1
C1CCC(CCCC2CCC(CC3CCCCC3)CC2)CC1
C1CCC(C2CCCCC2C2CCC(CCC3CCCC3)CC2)CC1
C1CCC(CC2CCC(CCCC3CCC(C4CCCC(C5CCC5)C4)CC3)CC2)CC1
C1CCC(CC2CCC(CCC3CCC(CC4CCCC4)CC3)C(C3CCCC3)C2)CC1
C1CCC(CC2CCCC(C3CCCCC3)C2)CC1
C1CCC(CC2CCC(CC3CCC(C4CCCCC4)C3)CC2)CC1
C1CCC(CC2CCCCC2C2CCCC(C3CCCC3)C2)CC1
C1CCC(CCC2CCC(C3CCCC(C4CCCC4)C3)CC2)CC1
C1CCC(CC2CCCC(C3CCCCC3)C2)CC1
C1CCC(CCC2CCCC(C3CCCCC3)C2)CC1
C1CCC(C2CCCC(CC3CCC4C(CCCC4C4CCCC5CCCCC54)C3)C2)C1
C1CCC(CC2CCCCC2)CC1
C1CCC(CCC2CCC(C3CCC(C4CCCCC4)CC3)CC2)CC1
C1CCC(C2CCCC(C3CCCCC3)C2)CC1
C1CCC(CC2CCCC(C3CC(C4CCCCC4)CC(C4CCC4)C3)C2)CC1
C1CCC(C2CCC(C3CCCCC3)C(CCC3CCCC3)C2)CC1
C1CCC(CCC2CCC(C3CCCCC3)C(C3CCC4C(CCC4C4CCCC4)C3)C2)CC1
C1CCC(CCCC2CCC(CCC3CCCC(C4CCCCC4)C3)CC2)CC1
C1CC(CC2CCC(CCC3CCCC(C4CCCCC4C4CCC5CCCCC5C4)C3)CC2)C1
C1CCC(CC2CCC(CC3CC(CC4CCC(C5CCCCC5)CC4)C4CCCCC34)CC2)CC1
C1CCC(C2CCCC(C3CCC(C4CC4)CC3CC3CCC(C4CCCC4)CC3)C2)CC1
C1CCC(C2CCCC(CC3CCCCC3C3CCCC3)C2)CC1
C1CCC(CC2CCCC(CC3CC(CC4CCCCC4)C4CCCCC34)C2)CC1
C1CCC(CC2CCC(CCCC3CCC(C4CCC5CCCC5C4)CC3)CC2)CC1
C1CCC(CC2CCC(CCC3CC(CC4CCCCC4)CCC3CC3CCCCC3)CC2)CC1
C1CCC(CC2CCCC(C3CCCCC3)C2)CC1
C1CCC(CC2CCCCC2CCC2CCC3CCCCC32)CC1
C1CCC(CCC2CCCC(CC3CC(C4CCCC(C5CCCC5)C4)C4CCCCC34)C2)CC1
C1CCC(CCC2CCCCC2C2CCCCC2)CC1
C1CCC(C2CCCC(C3CCC(C4CCC5CCCCC54)CC3)C2)CC1
C1CC(CCC2CCC3CCCCC32)CC(CC2CCC(CC3CC4CCCCC4C3)CC2)C1
C1CCC(CCCC2CC(C3CCCC(C4CCC4)C3)CCC2CCC2CC3CCCCC3C2)CC1
C1CCC(CC2CCC(C3CCCCC3)CC2)CC1
C1CCC(CC2CCC(CC3CCC(C4CCCC4)CC3)CC2)CC1
C1CCC(C2CC(C3CCC4CCCCC4C3)C3CCCCC23)CC1
C1CCC(CC2CCC(C3CCCCC3)C(C3CCCC3)C2)CC1
C1CCC(CC2CCC(CC3CCC(C4CCCC(C5CCCCC5)C4)CC3)CC2)CC1
C1CCC(C2CCCCC2C2CCCCC2C2CCCC2)CC1
C1CCC(C2CCCC(C3CCCC(CCC4CCCC(CC5CCCCC5C5CCCCC5)C4)C3)C2)CC1
C1CCC(CCCC2CCC(C3CCC(CCC4CCC(CC5CC5)CC4)CC3)CC2)CC1
C1CCC(CCC2CCCC(CC3CCCC(C4CCCCC4)C3)C2)CC1
C1CCC(C2CCCC(C3CCCC(C4CCC5CCCCC5C4)C3)C2)CC1
C1CCC(CCCC2CCC(CC3CCC(CC4CCCCC4)CC3)CC2)CC1
C1CCC(CC2CCC(CCC3CCCC(C4CCCCC4)C3)CC2)CC1
C1CCC(CCCC2CCC(CCC3CCCC(C4CCCCC4)C3)CC2)CC1
C1CCC(CC2CCC(CC3CCCCC3)CC2)CC1
C1CCC(C2CCC(C3CCCC(C4CCCCC4)C3)CC2)CC1
C1CCC(CC2CCCC(C3CCC(C4CCCCC4)CC3)C2)CC1
C1CCC(CCC2CCC(C3CCCCC3)CC2)CC1
C1CCC(CCC2CC(C3CCC3)C3CC(CC4CCC(CC5CCCCC5)CC4)CCC23)CC1
C1CCC(CC2CC(C3CCCCC3)C3CC(C4CCC(C5CCCCC5)CC4)CCC23)CC1
C1CCC(CCC2CCC(C3CCC(CC4CCCC(CC5CCCCC5)C4)C3)CC2)CC1
C1CCC(C2CCC(C3CCCCC3)CC2)CC1
C1CCC(C2CCC(C3CCC(C4CCC4)CC3)CC2)CC1
C1CCC(CCCC2CCC(CCCCC3CCC(CC4CCCC4)CC3)CC2)CC1
C1CCC(CC2CCCCC2)CC1
C1CCC(C2CCC(CC3CCC(CCC4CCCCC4C4CCCCC4)CC3)CC2)CC1
C1CCC(CCC2CC(CC3CCCCC3)CCC2C2CCCC(C3CCCCC3)C2)CC1
C1CCC(CC2CCC(CC3CCC(CC4CCC(C5CCCC5)CC4)CC3)CC2)CC1
C1CCC(CCC2CCC(C3CC(C4CCCCC4)C4CCCCC34)CC2)CC1
C1CCC(CC2CCC(C3CCCC(CC4CCC(C5CCCCC5)CC4)C3)CC2)CC1
C1CCC(CCC2CCC(CC3CCCCC3C3CCCCC3)CC2)CC1
C1CCC(CCC2CCC(CCCCC3CCC(C4CCCCC4)CC3)CC2)CC1
C1CCC(CC2CCC(C3CCCCC3)C2)CC1
C1CCC(CC2CCC(CC3CC3)CC2CCCCC2CCCC(C3CCCCC3)C2)CC1
C1CCC(C2CCC(CC3CCCC(C4CCCCC4)C3)CC2)CC1
C1CCC(CCC2CCCC(CCC3CCCCC3)C2C2CCC(C3CCCC3)CC2)CC1
C1CCC(CCC2CC(C3CCC(C4CCCCC4)CC3)C3CCCCC23)CC1
C1CCC(C2CCCC(C3CCCCC3)C2)CC1
C1CCC(CCCCC2CCC(C3CCCCC3)CC2CCCC2CCCCC2)CC1
C1CCC(C2CCC(CC3CCCCC3C3CCCCC3)C(C3CCC3)C2)CC1
C1CCC(CC2CCC(CC3CCCCC3)C(CC3CCCCC3)C2)CC1
C1CCC(C2CCCCC2C2CCC3C(CCCC3C3CCCCC3)C2)CC1
C1CCC(CCCC2CC(C3CCCC3)CCC2C2CCCCC2CC2CCCCC2)CC1
C1CCC(C2CCC(C3CC(C4CCCCC4)C4CCCCC34)CC2)CC1
C1CCC(C2CCCC3CCCCC32)CC1
C1CCC(CC2CCCC(CC3CCC(C4CCCCC4)CC3)C2)CC1
C1CCC(CCC2CCC(CC3CCC(C4CCCCC4)CC3)CC2)CC1
C1CCC(C2CCCC(C3CCCC(C4CCCCC4)C3)C2)CC1
C(CCCC(CCC1CCC2CCCC2C1)C1CCCCC1)CCC1CCCCC1
C1CCC(C2CCC(C3CCCCC3C3CCCC3)CC2)CC1
C1CCC(C2CCCC(CCC3CCCC(C4CCCCC4)C3)C2)CC1
C1CCC(CCC2CCCCC2CCCC2CCCC(CC3CCCCC3)C2)CC1
C1CCC(CCC2CCC(CC3CCC(C4CCCCC4)C3)CC2)CC1
C1CCC(C2CCCC(C3CCCCC3)C2)CC1
C1CCC(C2CCC(CC3CCCCC3C3CCCCC3)CC2)CC1
C1CCC(C2CCC(C3CCCCC3C3CCCCC3)CC2)CC1
C1CCC(CC2CCCC(CCC3CCC(C4CCCCC4)CC3)C2)CC1
C1CCC(CCC2CCCC(C3CCC(CC4CCCCC4)CC3CCC3CCCC3)C2)CC1
C1CCC(CC2CCC(CC3CCCCC3)CC2)CC1
C1CCC(CCC2CCC(C3CCC(CC4CCC5CCCCC54)CC3)CC2)CC1
C1CCC(CCCC2CCC(CC3CCC(CC4CCCC4)CC3)CC2)CC1
C1CCC(CC2CCC(CCCCC3CCCCC3C3CCCCC3)CC2)CC1
C1CCC(C2CCCC(CC3CCC(CC4CCC(CC5CC6CCCCC6C5)CC4)CC3)C2)C1
C1CCC(CC2CCC(CC3CCC(C4CCCCC4)CC3)CC2)CC1
C1CCC(CC2CCCC(C3CCCC(C4CCCCC4C4CCCCC4)C3)C2)CC1
C1CCC(CC2CCC(C3CC(C4CCCCC4)C4CCCCC34)CC2)CC1
C1CCC(CCC2CCC(C3CCCC(C4CCCCC4)C3)C(C3CCCC3)C2)CC1
C1CCC(CC2CCC(CCCCC3CCC(C4CCCCC4)CC3)CC2)CC1
C1CCC(CC2CCC(CC3CCCC(CCCCC4CCCC4)C3)CC2)CC1
C1CCC(CC2CCCCC2C2CCC(CC3CCCC(C4CCCCC4)C3)CC2)CC1
C1CCC(C(C2CCCC2)C2CCCC(C3CCC(C4CCC4)CC3)C2)CC1
C1CCC(CCCC2CC(C3CCCCC3CC3CCCCC3)C3CCCCC23)CC1
C1CCC(CC2CCCC(C3CC(CC4CCCCC4)CC(C4CCCCC4)C3)C2)CC1
C1CCC(CCC2CCCC(CCC3CC4CCCCC4C3)C2)CC1
C1CCC(CCC2CCC(CC3CCCCC3)CC2)CC1
C(CCCC1CCCCC1)CCCC1CC(CC2CCCC(C3CCCCC3)C2)CCC1C1CCC1
C1CCC(CC2CCCC(C3CCC(CCCC4CCCCC4CC4CCCC4)CC3)C2)CC1
C1CCC(CCCC2CCC(C3CCCCC3)CC2C2CCCCC2)CC1
C1CCC(CC2CCCC(C3CCCCC3)C2)CC1
C1CCC(CC2CCCC(C3CCCCC3)C2)CC1
C1CCC(C2CCC3C(CCCC3C3CCCC(C4CCCCC4C4CCC5CCCCC5C4)C3)C2)CC1
C1CCC(CC2CCC(C3CCC(C4CCCC(C5CCCCC5)C4)CC3)CC2)CC1
C1CCC(CCCCC2CCCC(CC3CCCC(C4CCC(C5CCCCC5)CC4)C3)C2)CC1
C1CCC(CCCC2CCC(CC3CCC(C4CCC(C5CCCC5)CC4)CC3)CC2)CC1
C1CCC(CCC2CCC3CCC(C4CCCC(C5CC5)C4)C3C2)CC1
C1CCC(CC2CCC(C3CCCCC3C3CCCC3)CC2)CC1
C1CCC(C2CCC(CCCC3CCCC(C4CCCCC4)C3)CC2)CC1
C1CCC(C2CCC(C3CCCC4CC(C5CCCCC5)CCC43)CC2)CC1
C1CCC(CC2CCC(CCCC3CCC(C4CCC5CCCC5C4)CC3)CC2)CC1
C1CCC(CCC2CCC(CC3CCCCC3)C(CC3CCCCC3)C2)CC1
C1CCC(CC2CCC(C3CCCCC3)CC2)CC1
C1CCC(C2CCCC(C3CCCCC3)C2)CC1
C1CCC(C2CCCC(C3CCCC(C4CCC5CCCC5C4)C3)C2)CC1
C1CCC(CC2CCC(C3CCCC(C4CCCC4)C3)CC2)CC1
C1CCC(CCC2CCCC(CC3CCCCC3CC3CCCCC3)C2)CC1
C1CCC(CC2CCCC(C3CCCCC3C3CCCCC3C3CCCC3)C2)CC1
C1CCC(CC2CCC(C3CCCCC3)CC2)CC1
C1CCC(CC2CCC(CCC3CCCC(CC4CCCCC4)C3)CC2)CC1
C1CCC(CC2CCCC(C3CCCCC3C3CCCC3)C2)CC1
C1CCC(C2CCC(CCCC3CCCC(C4CCCCC4)C3)CC2)CC1
C1CCC(CC2CCCC(C3CCCC(C4CCCC(C5CCCCC5)C4)C3)C2)CC1
C1CCC(C2CCC(CC3CCCC(C4CCC(C5CC6CCCCC6C5)CC4)C3)CC2)CC1
C1CCC(C2CCCC(C3CCCC(C4CCCCC4)C3)C2)CC1
C1CCC(CCCC2CCCCC2C2CCC(C3CCCCC3)CC2)CC1
C1CCC(CC2CCC(C3CCCCC3C3CCCCC3)CC2)CC1
C1CCC(CC2CCC(CCCC3CCCC(C4CCC5CCCC5C4)C3)C(C3CCCCC3)C2)CC1
C1CCC(CC2CCCC(CCCC3CCCCC3C3CCC4CCCCC4C3)C2)CC1
C1CCC(CC2CCC(C3CCCCC3CC3CCCCC3)CC2)CC1
C1CCC(CC2CCCCC2C2CCC(C3CCCCC3)CC2)CC1
C1CCC(C2CCCCC2)CC1
C1CCC(CC2CCC(C3CCCCC3)CC2)CC1
C1CCC(C2CCCC(C3CCC4CCCC4C3)C2)CC1
C1CCC(CCCC2CCC3C(CCC3CC3CCCCC3C3CCCC(C4CCCCC4)C3)C2)CC1
C1CCC(CC2CCC(C3CCCCC3)CC2CCCC2CCCC2)CC1
C1CCC(C(C2CCCC(C3CCC(CC4CCCC4)CC3)C2)C2CCC3CCCCC32)CC1
C1CCC(C2CCCC(CC3CCC(CC4CCCC(C5CCCCC5)C4)CC3)C2)CC1
C1CCC(CCCCCC2CCC(CCC3CCCCC3)C(C3CCCCC3)C2)CC1
C1CCC(C2CCCC(CC3CCCCC3C3CCCCC3)C2)CC1
C1CCC(CC2CCC(C3CCCC(C4CCCCC4)C3)CC2)CC1
C1CCC(C2CCC(C3CC(C4CCCCC4)C4CCCCC34)CC2)CC1
C1CCC(C2CC(CC3CCCC(C4CC5CCCCC5C4)C3)C3CCCCC32)CC1
C1CCC(C2CCCC(C3CCC(C4CCCC5CCCCC54)CC3)C2)CC1
C1CCC(CC2CCC(CC3CCCCC3)CC2)CC1
C1CCC(CCC2CC(C3CCCCC3)CCC2C2CCCCC2)CC1
C1CCC(CC(C2CCCC2)C2CCCC(C3CCC(C4CCCCC4)CC3)C2)CC1
C1CCC(C2CCC3C(CCCC3C3CCCCC3)C2)CC1
C1CCC(CC2CCCCC2CCC2CCC(CC3CCCC3)CC2)CC1
C1CCC(CC2CC3CCC(CCC4CCC5CCCCC54)CC3C(C3CCCCC3)C2)CC1
C1CCC(CC2CCCC(C3CCC(C4CCC5CCCCC54)CC3)C2)C1
C1CCC(C2CCCC(C3CCCCC3)C2)CC1
C1CCC(CC2CCCCC2C2CCCC(C3CCCCC3)C2)CC1
C1CCC(C2CCCC(CC3CCCC(CC4CCCC(C5CCC6CCCC6C5)C4)C3)C2)CC1
C1CCC(CC2CCCC(C3CCCC(C4CCCCC4)C3)C2)CC1
C1CCC(C2CCC(CCCC3CCC(C4CCCCC4)CC3)CC2)CC1
C1CCC(CCC2CCC3C(CC4CCCCC4)CCC3C2)CC1
C1CCC(CC2CCC(CC3CCC(C4CCC(C5CCCCC5)CC4)CC3)CC2)CC1
C1CCC(C2CCC(CCCC3CCCC(C4CCCC(C5CCCCC5)C4)C3)CC2)CC1
C1CCC(CC2CCC(CC3CCCC(CC4CCCCC4)C3)CC2)CC1
C1CCC(C2CCC(CC3CC4CCCCC4C3)CC2C2CCCCC2)CC1
C1CCC(CCCC2C(C3CCCCC3)CCCC2C2CCC2)CC1
C1CCC(C2CCC(C3CC3)CC2C2CCC3CCCC3C2)CC1
C1CCC(CCCC2CC(CC3CCCC(CC4CCCCC4)C3)C3CCCCC23)CC1
C1CCC(C2CCCC(C3CCCC(C4CCCCC4C4CCCCC4)C3)C2)CC1
C1CCC(C2CC(C3CCCC3)C(C3CCCCC3)C(C3CC3)C2)CC1
C1CCC(CC2CC(CC3CCCC3)C3CC(C4CCCC4C4CCCCC4)CCC23)CC1
C1CCC(CC2CCCCC2)CC1
C1CCC(CC2CCCC(C3CCCCC3)C2)CC1
C1CCC(C2CCCC(CCC3CCCCC3C3CCCCC3)C2)CC1
C1CCC(C2CCCCC2C2CCCCC2)CC1
C1CCC(C2CCC(CCC3CCCC3C3CCCCC3)CC2)CC1
C1CCC(CC2CC(C3CCC(C4CCCC(C5CCCCC5)C4)C3)C3CCCCC23)CC1
C1CCC(CC2CCCCC2C2CCC(C3CCCC(C4CCCC4)C3)C3CCCC23)CC1
C1CCC(CC2CCC3CC(C4CCCCC4)CC(C4CCCCC4)C3C2)CC1
C1CCC(C2CCC(C3CCCCC3C3CCCCC3)CC2)CC1
C1CCC(CC2CC(C3CCC(C4CCCC(C5CCCCC5)C4)CC3)C3CCCCC23)CC1
C1CCC(C2CCC3CCCC3C2)CC1
C1CCC(CCCC2CCC(CC3CCCCC3)CC2C2CCCCC2)CC1
C1CCC(CC2CCCC(C3CCCC(C4CCCC4)C3)C2)CC1
C1CCC(CC2CCCCC2C2CCCC(C3CCCCC3)C2)CC1
C1CCC(CC2CCC(C3CCCCC3)CC2)CC1
C1CCC(C2CCCCC2CCC2CCCCC2C2CCCCC2)CC1
C1CCC(CC2CCC(C3CCCCC3CC3CCCC(C4CCC4)C3)CC2)CC1
C1CCC(CCCC2CCCCC2CC2CCC(C3CCCCC3)CC2)CC1
C1CCC(CC2CCC(CCCC3CCC(C4CCCCC4)CC3)CC2)CC1
C1CCC(CC2CCCCC2C2CCC(C3CCC(C4CCC(C5CCCC5)CC4)CC3)CC2)CC1
C1CCC(C2CCCC(CC3CCC4CCCCC43)C2)CC1
C1CCC(CCCCC2CCCC(CC3CC3)C2)CC1
C1CCC(CC2CCCCC2C2CCC3CCCCC32)CC1
C1CCC(C(C2CCCCC2)C2CCCCC2CC2CCC(CCCC3CC3)CC2)CC1
C1CCC(CCC2CCCC(C3CCC(C4CCCC(C5CCCCC5)C4)CC3)C2)CC1
C1CCC(CCCC2CCCCC2C2CCC2)CC1
C1CCC2CC(CCC3CC(C4CCCCC4C4CCC5CCCC5C4)C4CCCCC34)CC2C1
C1CCC(C2CCC(CC3CCCCC3C3CCC(C4CCCCC4)CC3)CC2)CC1
C1CCC(C2CCC(CC3CCCCC3CC3CCC4CCCCC4C3)CC2)CC1
C1CCC(CC2CCC(C3CCCCC3CC3CCC(C4CCCCC4)CC3)CC2)CC1
C1CCC(CC2CCC(C3CCCCC3)CC2)CC1
C1CCC(CCC2CCC(C3CCCCC3)CC2)CC1
C1CCC(C2CCCC(C3CCCCC3C3CCCCC3)C2)CC1
C1CCC(CCC2CCC(C3CCCC(CC4CCCCC4)C3)CC2)CC1
C1CCC(CCC2CC(CC3CCCC(CC4CCC5CCCCC5C4)C3)C3CCCCC23)CC1
C1CCC(CCCC2CCCC(C3CCCCC3)C2)CC1
C1CCC(CC2CCCCC2C2CCC3CCCCC32)CC1
C1CCC(CC2CCCCC2CC2CCCC(C3CCCC3)C2)CC1
C1CCC2CC(CCC3CCC(C4CCC5CCCCC54)CC3)CC2C1
C1CC(CC2CCCC(C3CCC3)C2)CC(CC2CCC3CCCCC32)C1
C1CCC(CC2CCC(CCC3CCC(CC4CCC(C5CCCCC5)CC4)CC3)CC2)CC1
C1CCC(CCC2CCC(C3CCC4C(CC5CCCCC5)CCC4C3)CC2)CC1
C1CCC(CC2CCCC(C3CCCC(C4CCCCC4)C3)C2)CC1
C1CCC(C2CCCC(C3CC(C4CCCCC4)C(C4CCCCC4)C4CCCC34)C2)CC1
C1CCC(C2CCC(CCCC3CCCC(C4CCCCC4)C3)CC2)CC1
C1CCC(CC2CCCC(C3CCCCC3C3CCCC3)C2)CC1
C1CCC(CCC2CCCCC2)CC1
C1CCC(CCC2CCC(CCCCC3CCC4CCCCC4C3)CC2)CC1
C1CCC(CC2CCCC(CCCCC3CCCC(C4CCCCC4)C3)C2)CC1
C1CCC(C2CCCC(CC3CCCC(C4CCCCC4)C3)C2)CC1
C1CCC(CC2CC(CC3CCCCC3)C3CC(C4CCCCC4)CCC23)CC1
C1CCC(CC2CCCCC2C2CCC3CCCC3C2)C1
C1CCC(CCCC(C2CCCC(C3CCCCC3)C2)C2CCCC(C3CCCC3)C2)CC1
C1CCC(C2CCCC(C3CCCC(C4CCCCC4C4CCCCC4)C3)C2)CC1
C1CCC(CC2CC(C3CCC(CC4CCCC4)CC3)C3CCCCC23)CC1
C1CCC(CC2CC(CC3CCCC(CC4CCCC4)C3)C3CCC(C4CCCCC4)CC23)CC1
C1CCC(C2CCCCC2C2CCC(CC3CC4CCCCC4C3)CC2)CC1
C1CCC(CC2CCC(CC3CCCC(C4CCCC4)C3)CC2)CC1
C1CCC(CC2CC(CCC3CCCC(CCCCC4CCCCC4C4CCCCC4)C3)C3CCCCC23)CC1
C1CCC(C2CCC(C3CCCCC3)C(C3CCCC3)C2)CC1
C1CCC(CC2CCC(CCCC3CCC(CC4CCCCC4)CC3)CC2)CC1
C1CCC(CCC2CCCC(C3CCC(CC4CCCCC4)CC3)C2)CC1
C1CCC(CC2CCC(C3CCC4CCCCC4C3)CC2)CC1
C1CCC(CCCC2CCC(CC3CCCCC3)CC2)CC1
C1CCC(CCCCC2CCC(C3CCCCC3)CC2)CC1
C1CCC(CC2CCC(C3CCCCC3)CC2)CC1
C1CCC(C2CCC3CC(CCC4CCCC5CCCCC54)CC(C4CCCCC4)C3C2)CC1
C1CCC(CCC2CCC(C3CCCCC3)CC2)CC1
C1CCC(CC2CCC(C3CC4CCCCC4C3)CC2)CC1
C1CCC(C2CCCC(CC3CCC(C4CCCC4)CC3)C2)CC1
C1CCC(C2CCCC(C3CCCC(C4CCCCC4)C3)C2)CC1
C1CCC(CC2CC(CC3CCCCC3C3CCCC(C4CCC4)C3)C3CCCCC23)CC1
C1CCC(CC2CCCC(C3CCCCC3)C2)CC1
C1CCC(CC2CCC(CC3CC4CCCCC4C3)CC2)CC1
C1CCC(C2CCC(CC3CCC(CCC4CC5CCCCC5C4)CC3)C2)CC1
C1CCC(CC2CCCC(CC3CCC(C4CCCCC4C4CCCCC4)C(C4CCCCC4)C3)C2)CC1
C1CCC(CC2CCCC(C3CCCCC3)C2)CC1
C1CCC(CCCCC2CCC(CC3CCC4CCCCC4C3)CC2)CC1
C1CCC(C2CC(C3CCCC3)CC(C3CCC(C4CCC5CCCCC54)CC3)C2)CC1
C1CCC(CC2CCC(C3CCCCC3C3CCC3)C(C3CCCC3)C2)CC1
C1CCC(CC2CCC(CC3CCCCC3)CC2)CC1
C1CCC(CCC2CCCC(C3CCCCC3)C2)CC1
C1CCC(C2CCCCC2)CC1
C1CCC(CC2CCCCC2C2CCCC(C3CCCCC3)C2)CC1
C1CCC(CC2CCC(C3CCCCC3)C(C3CCCCC3)C2)CC1
C1CCC(CCC2CCCC(CC3CCCCC3)C2)CC1
C1CCC(CC2CCCC(C3CCCCC3)C2)CC1
C1CCC(CC2CCC(CC3CCCCC3)CC2)CC1
C(CCCC1CCCCC1)CCCC1CCCCC1
C1CCC(CCCCC2CCC(CC3CCCCC3)CC2)CC1
C1CCC(CCC2CCCC(C3CCCCC3)C2)CC1
C1CCC(C2CCCC(C3CCCCC3CC3CC3)C2)CC1
C1CCC(CCC2CC(CC3CCCCC3)CCC2CCC2CC2)CC1
C1CCC(CC2CC(CC3CCCCC3)C3CC(C4CCC(C5CCCCC5)CC4)CC23)CC1
C1CCC(C2CCCC(CCC3CCC(C4CCCCC4)C3)C2)CC1
C1CCC(C2CCCCC2C2CCC3C(CCC4CCCC(C5CCCC5)C4)CCCC3C2)CC1
C1CCC(C2CCC(C3CCC(CC4CCC4)CC3)CC2)CC1
C1CCC(CC2CCC(C3CCCC(CCC(C4CCCCC4)C4CCC5CCCC5C4)C3)CC2)CC1
C1CCC(CC2CCCCC2C2CCC(C3CC(CC4CCCCC4)C4CCCCC43)CC2)CC1
C1CCC(C2CCC(CC(C3CCC4CCCC4C3)C3CCCC4CCCCC43)CC2)CC1
C1CCC(CC2CCC(CCCC3CCCC(C4CCCCC4)C3)CC2)CC1
C1CCC(CC2CC(C3CCCCC3)CCC2CC2CCCCC2C2CCCCC2)CC1
C1CCC(CCCC2CCCCC2C2CCCC(C3CCCCC3)C2)CC1
C1CCC(CC2CCC(C3CCCCC3)CC2)CC1
C(CCCCC1CC(C2CCCCC2)CC(C2CCC2)C1)CCCC1CCCC1
C1CCC(C2CCCC2C2CC(C3CCC4CCCCC43)CC3CCC(C4CCC5CCCC5C4)CC32)CC1
C1CC(CCC2CC2)CC(CC2CCC3CCCC3C2)C1
C1CCC(CC2CCCC(C3CCCCC3C3CCCC3)C2)CC1
C1CCC(CC2CCC(C3CCC(C4CCC(C5CC5)CC4)CC3)CC2)CC1
C1CCC(CC2CCCC(CCC3CCC3)C2)CC1
C1CCC(C2CCCC3CC(C4CCC5CCCCC5C4)CCC32)CC1
C1CCC(CCCC2CCCC(C3CC(C4CC4)CC(C4CCCC(C5CCCCC5)C4)C3)C2)CC1
C1CCC(CC2CC(C3CCCCC3)CCC2C2CCC(CCC3CC4CCCCC4C3)CC2)CC1
C1CCC(CCC2CCC(CC3CCC(C4CC4)CC3)CC2)CC1
C1CCC(CCCC2CCCC(C3CCC(C4CCC5CCCCC54)CC3)C2)CC1
C1CCC(CCCCC2CCC(CC3CCCCC3)CC2)CC1
C1CCC(C2CCC(C3CCCCC3C3CCCCC3)C(C3CCC4CCCC4C3)C2)CC1
C1CCC(C2CCCC(C3CCCCC3C3CCC(CC4CCCC4)CC3)C2)CC1
C1CCC(CCC2CCCC(C3CCCCC3)C2)CC1
C1CCC(CC2CCCCC2)CC1
C1CCC(CC2CCCC(CCCC3CCC(C4CCCC4)CC3)C2)CC1
C1CCC(C2CCC3CC(C4CCC5CCCCC54)CC(C4CCCC4)C3C2)CC1
C1CCC(CCCCC2CCC(C3CCCC3)CC2)CC1
C1CCC(CCC2CCC(CC3CCCCC3)CC2CC2CCCCC2)CC1
C1CCC(CCC2CCC(CC3CCC(CC4CCC(CCC5CCCC5)CC4)CC3)CC2)C1
C1CCC(CC2CCC(CC3CCCC(CC4CC5CCCCC5C4)C3)CC2)CC1
C1CCC(C2CCCC(C3CCCCC3CCC3CC4CCCCC4C3)C2)CC1
C1CCC(CC2CCCCC2C2CCCC(C3CCCCC3)C2)CC1
C1CCC(C2CC(C3CCCC(CCC4CCCC4)C3)C3CCCCC23)CC1
C1CCC(CC2CCCC(CCC3CCC(C4CCCCC4)C3)C2)CC1
C1CCC(C2CCCCC2CCC2CCC(C3CCCC3)CC2)CC1
C1CCC(CCCC2CCC(CC3CCCCC3)CC2)CC1
C1CCC(CCCC2CCCCC2)CC1
C1CCC(CC(C2CCCCC2)C2CCCCC2)CC1
C1CCC(CCC2CC3CCC(C4CCCC4)CC3C(C3CCCC(CCC4CC4)C3)C2)CC1
C1CCC(CC2CCCC(C3CCC(C4CCCCC4)CC3)C2)CC1
C1CCC(CC2CCC(C3CC(C4CCC(C5CCCCC5)CC4)C3)CC2)CC1
C1CCC(C2CCCCC2)CC1
C1CCC(C2CCCC(C(CC3CCC(C4CCC5CCCCC5C4)C(C4CCCC4)C3)C3CCCC3)C2)CC1
C1CCC(CC2CC(C3CCCCC3)CC(C3CCCC3)C2)CC1
C1CCC(CCC2CCC(C3CCCC(C4CCCCC4)C3)CC2)CC1
C1CCC(CCCC2CCCC(C3CCCCC3)C2)CC1
C1CCC(C2CCC(C3CCC(C4CCCCC4)CC3)CC2)CC1
C1CCC(CCC2CCCC(CCC3CC(C4CCCCC4)C4CCCCC34)C2)CC1
C1CCC(CCC2CC(CC3CCCCC3)CC(C3CCCCC3)C2)CC1
C1CCC(CCC2CCCC(CC3CCCCC3)C2)CC1
C1CCC(CC2CC(CC3CCCC(CC4CC5CCCCC5C4)C3)C3CCCCC23)CC1
C1CCC(C2CCCCC2)CC1
C1CCC(CCCC2CCC(CC3CCC(CC4CCCCC4)CC3)CC2)CC1
C1CCC(CC2CCC(CC3CCC(C4CCCCC4C4CCCC4)CC3)CC2)C1
C1CCC(C2CCCCC2C2CCCCC2C2CCC3C(CCC3C3CCCC3)C2)CC1
C1CCC(CC2CCC(CC3CCCCC3)C(C3CCC4C(CCC4C4CCCC4)C3)C2)CC1
C1CCC(CCCCC2CC(C3CC3)CC(C3CCCC(CCC4CCCCC4)C3)C2)CC1
C1CCC(C2CCCCC2C2CCCCC2)CC1
C1CCC(C2CCC(CCCC3CCC(C4CCCCC4)CC3)CC2)CC1
C1CCC(CC2CCCC(CC3CCC(C4CCCCC4)CC3)C2)CC1
C1CCC(C2CCCCC2C2CCCCC2C2CCCCC2)CC1
C1CCC(CCCCCC2CCC(CC3CCCCC3)CC2)CC1
C1CCC(CC2CCC(CCC3CCC(C4CCCC5CCCCC54)CC3)CC2)CC1
C1CCC(CC2CCC(C3CCC(C4CCCCC4)CC3)CC2)CC1
C1CCC(CCC2CCCCC2C2CCCCC2)CC1
C1CCC(C2CCCCC2C2CCCCC2C2CCCCC2C2CCCCC2)CC1
C1CCC(CCCCC2CCC(CCC3CCCCC3)CC2)CC1
C1CCC(CCCCC2CCC(C3CCCCC3C3CCCCC3)CC2)CC1
C1CCC(CCCCC2CCC(CC3CCC(C4CCCCC4)CC3)CC2)CC1
C1CCC(C2CCCC(C3CCCCC3)C2)CC1
C1CCC(CC2CCCC(CCC3CCC(CCC4CCC(C5CCCCC5)CC4)CC3)C2)CC1
C1CCC(CC2CCCC(C3CC(CC4CCCC4)C4CCCCC43)C2)CC1
C1CCC(C2CCC3CCCC(C4CCCC4)C3C2)CC1
C1CCC(CC2CCCC(C3CC(C4CCCCC4)CC(C4CCCCC4)C3)C2)CC1
C1CCC(C2CCCCC2C2CCCCC2C2CCC(CCC3CC3)CC2)C1
C1CCC(CC2CCCC(C3CCCC3)C2)CC1
C1CCC(CC2CCCC(C3CCCC(C4CCCCC4)C3)C2)CC1
C1CCC(CCCC(CCC2CCCCC2CCC2CC2)CC2CCCCC2)CC1
C1CCC(C2CCC3CC(C4CCC5CCCCC54)CC(C4CCCCC4)C3C2)CC1
C1CCC(C2CCC(C3CCCC(CC4CCCC(C5CCCCC5)C4)C3)CC2)CC1
C1CCC(CCCC2CCC(CCCCC3CCCC(C4CCCCC4)C3)CC2)CC1
C1CCC(CCC2CCCC(CCC3CCC(C4CCC5CCCCC54)CC3)C2)CC1
C1CCC(C2CCC(CC3CCCCC3C3CCC4C(CCCC4C4CCCCC4)C3)CC2)CC1
C1CCC(CC2CCC(CC3CCCC(C4CCCCC4)C3)CC2)CC1
C1CCC(CC2CC(CC3CCCCC3C3CCCCC3)C3CCCCC23)CC1
C1CCC(CCCCCC2CCC(CC3CCCCC3)CC2CCC2CCCCC2)CC1
C1CCC(CC2CCCC(C3CCCCC3)C2)CC1
C1CCC(CC2CCC(C3CCCCC3CC3CCCCC3)CC2)CC1
C1CCC(CCC2CCC(C3CCC(C4CCCCC4)CC3)CC2)CC1
C1CCC(CC2CCCC(CCC3CCCC(C4CCCCC4)C3)C2)CC1
C(CCCCC1CCCCC1)CCCCC1CCCC(CCCC2CCCCC2)C1
C1CCC(CC2CC(C3CCCCC3)CCC2C2CC3CCCCC3C(C3CCCCC3)C2)CC1
C1CCC(CCC2CCC(CCC3CCC(CC4CCCCC4)CC3)CC2)CC1
C1CCC(CC2CCC(CC3CCCC(CC4CCC5CCCCC54)C3)CC2)CC1
C1CCC(C2CC(CC3CCC(C4CCCCC4C4CCCC4)CC3)C3CCCCC32)CC1
C1CCC(CCC2CCCC(C3CCCCC3)C2)CC1
C1CCC(CC2CCC(C3CCC(CC4CC5CCCCC5C4)CC3)CC2)CC1
C1CCC(C2CCCC(C3CCCCC3CC3CCC(C4CCCC4)CC3)C2)CC1
C1CCC(C2CCCC(CC3CC4CCCCC4C4CCC(C5CCCCC5)CC34)C2)CC1
C1CCC(CCC2CCC(CC3CCCCC3)CC2)CC1
C1CCC(CCC2CCCC(CC3CCCCC3)C2)CC1
C1CCC(CC2CCCC(C3CCCC4CC(C5CCCCC5)CCC43)C2)CC1
C1CCC(C2CCC(C3CCC4CCCCC4C3)CC2)CC1
C1CCC(CC2CCC(C3CCC(C4CCCCC4)CC3)CC2)CC1
C1CCC(CC2CCC(C3CCCCC3)CC2CC2CCCCC2)CC1
C1CCC(CC2CCC(C3CCC(C4CCCCC4)CC3)CC2)CC1
C1CCC(C2CCCC(C3CCCCC3C3CCC4CCCCC4C3)C2)CC1
C1CCC(C2CCC3CCCC(C4CCCC4C4CCCC4)C3C2)CC1
C1CCC(C2CCCCC2)CC1
C1CCC(CC(C2CCCC(C3CCCCC3)C2)C2CCCC(C3CCC4CCCC4C3)C2)CC1
C1CCC(CC2CCCCC2C2CCCC(CCCC3CCC4CCCCC4C3)C2)CC1
C1CCC(C2CCCC(C3CCC(CC4CCCC(C5CCC(C6CC6)CC5)C4)CC3)C2)CC1
C1CCC(CCC2CCCC(C3CCCC(C4CC4)C3)C2)CC1
C1CCC(CCC2CCC(C3CCCC(CC4CCCCC4)C3)CC2)CC1
C1CCC(CC2CCCC(CC3CCCC(CC4CCCCC4)C3)C2)CC1
C1CCC(CC2CCC(CC3CC(CC4CCCCC4)C4CCCCC34)CC2)CC1
C1CCC(CCC2CCC(C3CCCCC3)CC2CC2CCCC2)CC1
C1CCC(CCCC2CCC(C3CCC(C4CCCCC4)CC3)CC2)CC1
C1CCC(CC2CCCC(CCC3CCCC(C4CCCCC4)C3)C2)CC1
C1CCC(CC2CCC(CC3CCCCC3)CC2)CC1
C1CCC(CC2CCC(C3CCCC(C(CC4CCCCC4)CC4CCCCC4)C3)CC2)CC1
C1CCC(CC2CCCC(C3CCCCC3C3CCCC3)C2)CC1
C1CCC(C2CCCC(C3CCCCC3)C2)CC1
C1CCC(C2CCCC(C3CCCC(C4CCCCC4)C3)C2)CC1
C1CCC(CC2CCC(C3CCCCC3)CC2)CC1
C1CCC(CC2CCC(C3CCCC(CC4CCC5CCCCC54)C3)CC2)CC1
C(CCCC1CCCCC1C1CCCCC1CC1CCCCC1)CCC1CCCCC1
C1CCC(CCC2CC(C3CCCCC3)CC(C3CCCCC3)C2)CC1
C1CCC(C2CCC(CC3CCC(C4CCCCC4)CC3)CC2)CC1
C1CCC(C2CCC(CCCC3CCC(C4CC4)CC3)C2)CC1
C1CCC(C2CCCC(CCCC3CCC(CCC4CCC5CCCCC54)CC3)C2)CC1
C1CCC(CCCCC2CCCC(C3CCCCC3)C2)CC1
C1CCC(C2CCCCC2CC2CCC(CCC3CC4CCCCC4C3)CC2)CC1
C1CCC(C2CCC(C3CCCCC3C3CCCCC3)CC2)CC1
C1CCC(C2CCCC(C3CC4CCC(C5CCCCC5)CC4C(C4CCCCC4)C3)C2)CC1
C1CCC(C2CCC(C3CCCC(C4CCCC4)C3)C(CC3CCCC3)C2)CC1
C1CCC(CC2CCC(CC3CC(C4CCCCC4)CCC3C3CCCCC3)CC2)CC1
C1CCC(CCC2CCC(CC3CCCCC3)C(CCC3CCCCC3)C2)CC1
C1CCC(CC2CCC(CCCCC3CCC(CC4CCCCC4)CC3)CC2)CC1
C1CCC(C2CCC(C3CCCCC3)CC2)CC1
C1CCC(CC2CCCC(C3CCCCC3)C2)CC1
C1CCC(C2CCCC(CC3CCC(CC4CCCC4)CC3)C2)CC1
C1CCC(CCC2CCC(C3CCCCC3)CC2)CC1
C1CCC(CC2CCC3CC(CC4CCC(C5CCC(C6CCCCC6)CC5)CC4)CCC23)CC1
C1CCC(CCCCC2CCC(CC3CCC(C4CCCC(C5CCC5)C4)CC3)CC2)CC1
C1CCC(CCC2CCCC(C3CCCCC3)C2)CC1
C1CCC(CC2CCCCC2CC2CCCC(C3CCCCC3)C2)CC1
C1CCC(CCCCC2CCC(C3CCC(CCC4CCCCC4)CC3)CC2)CC1
C1CCC(CCC2CCCC(C3CCCCC3C3CCCCC3)C2)CC1
C(CCCC1CCC(CCCCC2CC2)CC1)CCC1CCCCC1
C1CCC(CC2CCCC(CC3CCCCC3)C2)CC1
C1CCC(CCC2CCC(CCC3CCC(C4CCCCC4)CC3CCCC3CCCC3)CC2)CC1
C1CC2CCC(C3CCCCC3C3CCCCC3C3CCCC3)CC2C1
C1CCC(CC2CCCC(C3CCCC(C4CCCCC4)C3)C2)CC1
C1CCC(C2CCCC(CC3CCC(C4CCCC4)CC3)C2)CC1
C1CCC(CC2CCC(C3CCCC(C4CCCCC4)C3)CC2)CC1
C1CCC(CC2CCC3CC(C4CCCCC4)CC(C4CCCCC4)C3C2)CC1
C1CCC(C2CCC(C3CCCCC3)C(C3CCCCC3)C2)CC1
C1CCC(C2CCCCC2C2CCC3CCCCC3C2)CC1
C1CCC(CC2CCC(C3CCC(CC4CCC(C5CCCCC5C5CCCC5)CC4)CC3)CC2)C1
C1CCC(CC2CCCC(C3CCCC(CC4CCCC(CC5CCC5)C4)C3)C2)CC1
C1CCC(CCCCCC2CCC(C3CCCCC3)C(CC3CCCCC3)C2)CC1
C1CCC(CC2CCCCC2C2CCCCC2)CC1
C1CCC(C2CCCC(C3CCCCC3)C2)CC1
C1CCC(CCC2CCCC(CCCC3CCCC(C4CCCCC4)C3)C2)CC1
C1CCC(C2CCC(CC3CCC(CC4CC5CCCCC54)CC3)CC2)CC1
C1CCC(C2CCC(C3CCC(C4CCC(C5CCC6CCCCC6C5)CC4)CC3)CC2)CC1
C1CCC(C2CCCC(C3CCCCC3C3CCCCC3C3CCCCC3)C2)CC1
C1CCC(CC2CCCC3CC(C4CCCC(C5CCCCC5)C4)CCC23)CC1
C1CCC(CC2CCC(CC3CCCC3)CC2)CC1
C1CCC(CCC2CCC(CC3CCC(C4CCCC4)CC3)CC2)CC1
C1CCC(CC2CCC(C3CCC(C4CCCCC4)CC3)CC2)CC1
C1CCC(CCC2CCCC(CC3CCC(C4CCCC(CC5CCCCC5)C4)CC3)C2)CC1
C1CCC(C2CCC(CC3CCC(C4CCCC4)CC3)CC2C2CCCC2)CC1
C1CCC(C2CC(C3CCCC(C4CCCC4)C3)CC(C3CCC4CCCC4C3)C2)CC1
C1CCC(CCC2CCC(CC3CCCCC3)CC2)CC1
C1CCC(CC2CC(C3CCCCC3)CC(C3CCCCC3)C2)CC1
C1CCC(CCC2CCCC(CCC3CC4CCCCC4C3)C2)C1
C1CCC(CCC2CCC(CC3CCCC3)CC2)CC1
C1CCC(CC2CCC(C3CCCCC3)CC2)CC1
C1CCC(CCC2CC(C3CCCCC3)CCC2CCC2CCCC2)CC1
C1CCC(C2CCCC(C3CCCCC3)C2)CC1
C1CCC(CCC2CC(CC3CCCCC3)CCC2C2CCCCC2)CC1
C1CCC(C2CCCC(CC3CCC(C4CCCC(CC5CCCC5)C4)CC3)C2)CC1
C1CCC(CCC2CC(C3CCCCC3)CC(C3CCCCC3)C2)CC1
C1CCC(C2CCCC(C3CCCCC3C3CCCCC3)C2)CC1
C1CCC(CC2CCC(C3CCCCC3)C(CCC3CCCC3)C2)CC1
C1CCC(CCCC(C2CCCCC2)C2CCCCC2)CC1
C1CCC(CC2CCCCC2C2CCCCC2)CC1
C1CCC(C2CCCC(C3CCC(C4CCCCC4C4CCCCC4)CC3)C2)CC1
C1CCC(C2CCC(CC3CCC(CC4CCC(C5CC5)CC4)CC3)CC2)CC1
C1CCC(CCC2CC(CC3CCCCC3)C3CCCCC23)CC1
C1CCC(CCC2CCC(C3CCCCC3)CC2)CC1
C(CCCC1CCCCC1)CCCC1CCC(C2CCCCC2)CC1C1CCCC1
C1CCC(CCCCC2CCC(C3CC4CCCCC4C3)CC2)CC1
C1CCC(C2CCC(C3CCCCC3)CC2)CC1
C1CCC(C2CCC(CCC3CC4CCCCC4C3)CC2)CC1
C1CCC2CC(CCC3CC(C4CCC5CCCCC54)CC4CCC(C5CC6CCCCC6C5)CC34)CC2C1
C1CCC(CCCC2CCC(CCC3CCCCC3)CC2)CC1
C1CCC(C2CCC(CC3CCC4CCCCC4C3)CC2)CC1
C1CCC(CC2CCC(C3CCCC(C4CCCCC4)C3)CC2)CC1
C1CCC(CC2CCC(C3CCCCC3)CC2)CC1
C1CCC(C2CCC(C3CCCC(CCC4CCC(C5CCCC5)CC4)C3)CC2)CC1
C1CCC(CC2CCCC(CC3CCC(C4CCCC4)CC3)C2)CC1
C1CCC(CCCC2CCCC(C3CCCCC3)C2)CC1
C(CCCC1CC2CCCCC2C1)CCC1CCCC(C2CCCC(CC3CCC(C4CC4)CC3)C2)C1
C1CCC(CC2CCCCC2C2CCC(C3CCCC3)CC2)CC1
C1CCC(C2CC(CCCC3CCC(C4CCCC4)CC3)CC(C3CCCCC3)C2)CC1
C1CCC(CCC2CCCC(CC3CCC(C4CCCC4)CC3)C2)CC1
C1CCC(C2CCC(CCCC3CC(C4CCCCC4)CC(C4CCC4)C3)CC2)CC1
C1CC(CC2CCC(C3CCC(C4CCC(C5CCCC(C6CCCC6)C5)CC4)CC3)CC2)C1
C1CCC(C2CCC(C3CCC(CC4CCC5CCCCC5C4)CC3)CC2)CC1
C1CCC(CCC2CCCC(C(CC3CCCC3)C3CCCCC3)C2)CC1
C1CCC(C2CCCC(CC3CCCCC3C3CCCCC3)C2)CC1
C1CCC(C2CCC(C3CCC(C4CCCCC4)CC3)CC2)CC1
C1CCC(C2CCC(C3CC3)CC2C2CCCCC2)CC1
C1CCC(CC2CC3CCCCC3C2)C(CCC2CCCCC2C2CCC3CCCC3C2)C1
C1CCC(CC2CCCC(CCCC3CCCC4CC(C5CCCCC5)CCC34)C2)CC1
C1CCC(CCC2CCC(CC3CCCCC3)CC2)CC1
C1CCC(C2CCC(CCC3CCCCC3C3CCCC3)CC2)CC1
C1CCC(CC2CCCCC2C2CCCCC2C2CCCC2)CC1
C1CCC(C2CCCCC2CC2CCCCC2CCC2CCCC2)CC1
C1CCC(CC2CCC(CC3CCC(CCCC4CCCC4)CC3)CC2)CC1
C1CCC(C2CCC3C(CCCCC4CCCC(CC5CCCC5)C4)CCC3C2)CC1
C1CCC(CCC2CCC(CC3CCCCC3)CC2)CC1
C1CCC(C2CCCC(CCC3CCC(C4CCC(C5CCCC5)CC4)CC3)C2)CC1
C1CCC(C2CCC(C3CC(C4CCC5CCCCC5C4)C4CCCCC34)C2)CC1
C1CCC(CC2CCC(CC3CCC(C4CCC(C5CCCCC5)CC4)C3)CC2)CC1
C1CCC(C2CCCC(C3CCCCC3C3CCC(CC4CCC5CCCCC54)CC3)C2)CC1
C1CCC(CCC2CCC(C3CCCC3)C(C3CCCCC3)C2)CC1
C1CCC(C2CCC(C3CCCC4CC(C5CCCC5)CCC43)CC2)CC1
C1CCC(C2CCC(C3CCCCC3)CC2)CC1
C1CCC(CC2CCCCC2CC2CCCCC2)CC1
C1CCC(CCCCC2CCCC(C3CCCCC3)C2)CC1
C1CCC(CC2CCCCC2C2CCC(C3CCCCC3)CC2)CC1
C1CCC(C2CCCCC2C2CCCCC2)CC1
C1CCC(C2CCC(C3CCC(C4CCCCC4)CC3)CC2)CC1
C1CCC(C2CCC(CC3CC4CCCCC4C3)CC2)CC1
C1CCC(CCCCC2CCC(C3CCCC(C4CCCCC4)C3)CC2)CC1
C1CCC(CC2CC(C3CCCCC3)CC(C3CCCC3)C2C2CCCCC2)CC1
C1CCC(CC2CCCC(CC3CCC(CC4CC5CCCCC5C4)CC3)C2)CC1
C1CCC(CC2CCC(C3CCCCC3C3CCCCC3)C(C3CCCC3)C2)CC1
C1CCC(C2CCCCC2C2CCCCC2)CC1
C1CCC(CC2CCCCC2C2CCC(C3CCCCC3)CC2)CC1
C1CCC(CC2CCCC(C3CCCCC3CC3CCCC(C4CCCCC4)C3)C2)CC1
C1CCC(CC2CCCCC2C2CCC3C(CCCC3C3CCCC(C4CCCCC4)C3)C2)CC1
C1CCC(C2CC(CC3CCC(CCC4CC5CCCCC5C4)CC3)CC(C3CCCC3)C2)CC1
C1CCC(CC2CCCC(C3CCCCC3)C2)CC1
C1CCC2CC(C3CCC(C4CC(CC5CC6CCCCC6C5)C5CCCCC54)CC3)CCC2C1
C(CCC1CCC(C2CCCCC2)CC1)CCC1CCCC(C2CCCCC2)C1
C1CCC(C2CCCC(C3CCCCC3)C2)CC1
C1CCC(CCCC2CCC3C(CCC3CC3CCCC(C4CCCC4)C3)C2)CC1
C1CCC(CC2CCC(CC3CCC(C4CCCC(CC5CCCCC5)C4)CC3)CC2)CC1
C1CCC(CC2CCC(C3CCCCC3)CC2)CC1
C1CCC(CCC2CCCCC2)CC1
C1CCC(CCC2CC(CC3CCCCC3)C3CCC(CC4CCCCC4)CC23)CC1
C1CCC(CCC2CCC(C3CCCCC3)C(CC3CCCC(CC4CCCCC4)C3)C2)CC1
C1CCC(C2CCC(CCC3CCC(C4CCCC4)CC3)CC2)CC1
C1CCC(CC2CC(C3CCCCC3)CCC2C2CCCCC2)CC1
C1CCC(CCC2CCCCC2C2CCC3CCC(CC4CCCCC4)CC3C2)CC1
C1CCC(CCCCCC2CCC(C3CCCC(C4CCCCC4)C3)CC2)CC1
C1CCC(CC2CC(C3CCC(C4CCCC4)CC3)C3CCCCC23)CC1
C1CCC(CC2CCCC(CCC3CCCC(C4CCC4)C3)C2)CC1
C1CCC(CCC2CCC(C3CCCC(CC4CCC(C5CCCCC5)CC4)C3)CC2)CC1
C1CCC(CCCC2CC(C3CCCCC3)CCC2C2CCC3CCCC3C2)CC1
C1CCC(C2CCC(C3CCC(CC4CCCC(CC5CCC6CCCCC6C5)C4)CC3)CC2)CC1
C1CCC(CCC(CCC2CCCCC2CC2CCCCC2)C2CCCC(C3CCCC3)C2)CC1
C1CCC(C2CCCC(CC3CCCC3)C2)CC1
C1CCC(CC2CCCC(CC3CCCC(C4CCCCC4)C3)C2)CC1
C1CCC(CC2CCCCC2CC2CCCC(C3CCC4CCCCC4C3)C2)CC1
C1CCC(CCC2CCCCC2C2CCCC(C3CCC4C(CCC4C4CCCCC4)C3)C2)CC1
C1CCC(CCC2CCC(CC3CCCCC3)CC2)CC1
C1CCC(CC2CCCC(C3CCC(C4CCCC4)CC3)C2)CC1
C1CCC(C2CCCC(C3CCCC(C4CCC4)C3C3CCCC3)C2)CC1
C1CCC(C2CCC(CC3CCC(C4CCCCC4)C(C4CCCC4)C3)C2)CC1
C1CCC(CCCCC2CCC(C3CCCC(C4CCCCC4)C3)CC2)CC1
C1CCC(CCC2CCC(C3CCCC(CCC4CCC(C5CCC5)CC4)C3)CC2)CC1
C1CCC(CCCC2CCCC(C3CCCC(CC4CCCCC4)C3)C2)CC1
C1CCC(CCCC2CCCC(CC3CCCCC3)C2)CC1
C1CCC(CCC2CCCC(C3CC(C4CCCCC4)C4CCCCC34)C2)CC1
C(CCCC1CCCC(CC2CCC(C3CCCCC3)CC2)C1)CCC1CCC(CC2CCCCC2)CC1
C1CCC(CC2CCC(C3CCCCC3)CC2)CC1
C1CCC(C2CCCCC2C2CCCC2)CC1
C1CCC(CC2CCC(C3CCC(C4CCCCC4C4CCCC4)CC3)CC2)CC1
C1CCC(CCCCC2CCC(CC3CCCCC3)CC2)CC1
C1CCC(C2CCC(C3CCC(C4CCCCC4)CC3)CC2)CC1
C1CCC(C2CCC(CCCC3CCCC(C4CCCCC4)C3)CC2)CC1
C1CCC(CC2CCC(C3CCCCC3)CC2)CC1
C1CCC(CC2CCCC(CCCC3CCCC(CC4CCCCC4)C3)C2)CC1
C1CCC(C2CCC(CCC(C3CCC3)(C3CC3)C3CCCC(C4CCCCC4)C3)CC2)CC1
C1CCC(C2CCCCC2CCC2CCC3CC(C4CCC5CCCCC54)CCC3C2)CC1
C1CCC(CC2CCCC(C3CCCCC3)C2)CC1
C1CCC(CCC2CCC(CCC3CCC(CC4CCCCC4)CC3)CC2)CC1
C1CCC(CCC2CCCC(C3CCCCC3)C2)CC1
C1CCC(CC2CCCC(C3CCC(C4CCCCC4)CC3)C2)CC1
C1CCC(CC2CCCC(C3CCCC(CC4CCCCC4)C3)C2)CC1
C(CCCC1CCC(C2CCCC(CC3CCCCC3)C2)CC1)CCC1CCCCC1
C1CCC(C2CCCC(C3CCCC(C4CCCCC4)C3)C2)CC1
C1CCC(C2CCCC(C3CCCC3)C2)CC1
C1CCC(CC2CCC(CC3CCC4CCCC4C3)CC2CC2CCCCC2)CC1
C1CCC(CC2CCCC(C3CCCC(C4CCCC(CC5CCCCC5)C4)C3)C2)CC1
C1CCC(CCCCC2CCCC(CC3CCCCC3)C2)CC1
C1CCC(CCCC2CCC(CC3CCCCC3)C(CC3CCCCC3)C2)CC1
C1CCC(C2CCC(CC3CCCC(C4CCCCC4)C3)CC2)CC1
C1CCC(C2CCCC(C3CCCCC3)C2)CC1
C1CCC(CCC2CCC(C3CCCCC3)CC2C2CCCCC2)CC1
C1CCC(C2CCCC(C3CCCC(C4CCCCC4)C3)C2)CC1
C1CCC(C2CCCCC2C2CCC(CC3CCC(C4CCCCC4C4CCCCC4)CC3)CC2)CC1
C1CCC(CCCCC2CCC(CC3CCC(CC4CCCCC4)C(C4CCCCC4)C3)CC2)CC1
C1CCC(C2CCC(C3CCC4CC(C5CCCC5)CC(C5CCCCC5)C4C3)CC2)CC1
C1CCC(CCC2CCC(C3CCCCC3)C(CCC3CC3)C2)CC1
C1CCC(CCCC2CCC(CC3CCC(C4CCCCC4)CC3)CC2)CC1
C1CCC(CCC2CCCCC2C2CCCC(C3CCCCC3)C2)CC1
C1CCC(CCC2CCC(CC3CCC(C4CCCCC4)CC3)CC2)CC1
C1CCC(CCCC2CCCCC2)CC1
C1CCC(CC2CCC(CC3CCCCC3)C(C3CCCCC3)C2)CC1
C1CCC(CC2CCC(CCC3CCCC(C4CCCCC4)C3)C(C3CCCCC3)C2)CC1
C1CCC(CC2CCC3CCC(C4CCCCC4C4CCCCC4)CC3C2)CC1
C(CCCC1CCCCC1)CCCC1CCC(CC2CCCC2)CC1
C1CCC(CCC2CCC(C3CCC(CC4CCCCC4)CC3)CC2)CC1
C1CCC(CCCCC2CCC(CC3CCCC(CC4CCCCC4)C3)CC2)CC1
C1CCC(CC2CCC(CCCC3CCCC(CC4CCCCC4)C3)CC2)CC1
C1CCC(CC2CCC(CCC3CCC(C4CCCC4)CC3)CC2)CC1
C1CCC(CCC2CCCC(C3CCC(C4CC5CCCCC5C4)CC3)C2)C1
C1CCC(CC2CCCCC2C2CCC3C(CCCC3C3CCCCC3)C2)CC1
C1CCC(CCCC2CCCC(CC3CCC(C4CCCCC4)CC3)C2)CC1
C1CCC(CC2CCCC(C3CCCCC3)C2)CC1
C1CCC(CC2CCCC(C3CCCCC3)C2)CC1
C1CCC(CC2CCCC(C3CCCC(C4CCCCC4)C3)C2)CC1
C1CCC(C2CCC(C3CC4CCCCC4C3)C(C3CCCC(CC4CCCC4)C3)C2)CC1
C1CCC(CC2CCC(CC3CC(C4CCCCC4)C3)CC2)CC1
C1CCC(C2CCCC(CCCC3CCCCC3C3CCCC3)C2)CC1
C1CCC(C2CCCC(C3CCCCC3C3CCCCC3)C2)CC1
C1CCC(CC2CCC(CC3CCCCC3C3CCCCC3)CC2)CC1
C1CCC(CC2CCCCC2C2CCCCC2)CC1
C1CCC(CCC2CCCC(C3CCC4CCC(C5CCCCC5)CC43)C2)CC1
C1CCC(C2CC(C3CCCC3)CCC2C2CCCCC2C2CCC3CCCC3C2)CC1
C1CCC(C2CCC(C3CCCC(C4CCC5CCCC5C4)C3)CC2)C1
C1CCC(CCC2CCCCC2C2CCCCC2)CC1
C1CCC(C2CCC(CCC3CCC(CCC4CCC4)CC3)CC2)CC1
C1CCC(CCCC2CCC(CC3CCCCC3C3CCC4CCCCC43)C(CCC3CCCCC3)C2)CC1
C1CCC(CC2CCC(C3CCCCC3C3CCC4CCCCC4C3)CC2)CC1
C(CCCCC1CCC(CCCC2CCCC(C3CCCCC3)C2)CC1)CCCC1CCCCC1
C1CCC(CC2CCCCC2CC2CCCC(C3CCCCC3)C2)CC1
C1CCC(CCC2CC(CC3CCCCC3)C(C3CC3)C(C3CCCCC3)C2)CC1
C1CCC(CC2CCCC(C3CCCCC3C3CCC4CCCCC43)C2)CC1
C1CCC(CC2CCC(C3CCC(C4CCCCC4)CC3)CC2)CC1
C1CCC(CC2CCC(CC3CCCC(C4CCCC4)C3)CC2)CC1
C1CCC(C2CCC(C3CCC(C4CCCC(C5CCCCC5)C4)C4CCCC34)CC2)CC1
C1CCC(CC2CCC(C(C3CCCCC3)C3CCCC3)CC2)CC1
C1CCC(C2CCCC(C3CCCC(CC4CC4)C3)C2)CC1
C1CCC(CCCCCC2CCC(CC3CCCCC3)CC2)CC1
C1CCC(CC2CCCCC2C2CCC(C3CCC4CCCCC43)C(C3CCCC3)C2)CC1
C1CCC(CC2CCCCC2C2CCC3C(CCCC3C3CCCCC3)C2)CC1
C1CCC(CCC2CCCCC2C2CCCCC2)CC1
C1CCC(CCCCC2CCC3C(CC4CCCCC4)CCC3C2)CC1
C1CCC(CCC2CCCCC2C2CCCCC2)CC1
C1CCC(CC2CCC(CC3CCC(C4CCC(CC5CC5)CC4)CC3)CC2)CC1
C1CCC(CC2CC3CCC(C4CCCCC4)CC3C(C3CCCCC3)C2)CC1
C1CCC(CCC2CCCC(CC3CCC(C4CCCCC4)CC3)C2)CC1
C1CCC(CCC2CCC(CC3CCC(C4CCCCC4)CC3)CC2)CC1
C1CCC(CC2CCC(CC3CCCC(C4CCCCC4)C3)CC2)CC1
C1CCC(CC2CCC(C3CCCCC3)CC2)CC1
C1CCC(CC2CCCC(C3CCCCC3)C2)CC1
C1CCC(C2CCCC(C3CCCC(C4CCCC(C5CCCCC5)C4)C3)C2)CC1
C1CCC(CC2CCCC(C3CCCCC3C3CCCCC3)C2)CC1
C1CCC(CC2CCC(CC3CCCCC3)CC2)CC1
C1CCC(CC2CCC(CC3CCC(CC4CCCC4)CC3)C(C3CCCC3)C2)CC1
C1CCC(C2CCC(CC3CCCC(C4CC5CCCC(C6CCCCC6)C5C4)C3)CC2)CC1
C1CCC(C2CCCC(C3CCCCC3)C2)CC1
C1CCC(CCC2CCC(C3CCCCC3)C(CCC3CCCCC3)C2)CC1
C1CCC(CC2CCC(CC3CC4CCCCC4C3)CC2)CC1
C1CCC(CC2CCC(CCC3CC4CCCCC4C3)CC2)CC1
C1CCC(CCC2CCCCC2CC2CCCCC2)CC1
C1CCC(C2CCC(C3CCCCC3)CC2)CC1
C1CCC(CC2CCC(C3CCCC(C4CCCCC4)C3)CC2)CC1
C1CCC(CCC2CCCC(CCC3CCCCC3)C2)CC1
C1CCC(CCC(C2CCC3CCCCC3C2)C2CCCC(C3CCCC(C4CCC4)C3)C2)CC1
C1CCC(CC2CCCCC2C2CC(CCC3CCC4CCCCC43)CC3CCCCC32)CC1
C1CCC(CC2CCCCC2C2CCC(C3CCCC(C4CCCCC4)C3)CC2)CC1
C1CCC(C2CCC3CCCC3C2)CC1
C1CCC(CCC2CCC3C(CC4CCCCC4)CC(C4CCCCC4)C3C2)CC1
C1CCC(C2CCCCC2C2CCCC(C3CC3)C2)CC1
C1CCC(C2CCC(CCC3CCCC(C4CCCCC4)C3)CC2)CC1
C1CCC(C2CCCCC2C2CCC(C3CCC3)CC2)CC1
C1CCC(C2CCCC(C3CCCCC3C3CCCCC3)C2)CC1
C1CCC(C2CCC(CC3CCCCC3C3CCCCC3)C(C3CCCC3)C2)CC1
C1CCC(CCC2CC(CC3CCCCC3)CC(C3CCCC(CC4CC4)C3)C2)CC1
C1CCC(CCC2CC(CC3CCC4CCCCC43)CC(C3CCCC(C4CCCCC4)C3)C2)CC1
C1CCC(CC2CCC(CC3CCCCC3)CC2)CC1
C1CCC(C2CCCC(CC3CC(C4CCCCC4)C4CCCCC34)C2)CC1
C1CCC(CCCCC2CCC(C3CCC(CC4CCCC(C5CCCCC5)C4)CC3)CC2)CC1
C1CCC(C2CCC(C3CCCCC3C3CCCCC3)CC2)CC1
C1CCC(CCC2CCCCC2C2CCC3C(CC4CCC5CCCCC54)CCC3C2)CC1
C1CCC(CC2CCC(C3CCCCC3)C2)CC1
C1CCC(CC2CCC(C3CCC(C4CCCCC4)CC3)CC2)CC1
C1CCC(CC2CC(C3CCCCC3)C3CCCCC23)CC1
C1CCC(CC2CCCC2C2CC(C3CCCCC3)C3CCCCC32)CC1
C1CCC(C2CCCC(C3CCCC(CC4CCC(C5CC(C6CCCCC6)C5)CC4)C3)C2)CC1
C1CCC(CC2CCC(CC3CCCCC3)CC2)CC1
C1CCC(CCCC2CCCCC2CC2CC3CCCCC3C2)CC1
C1CCC(CCCCC2CCC(CC3CCCCC3)CC2)CC1
C1CCC(CC2CCCCC2C2CCCCC2C2CCC3CCCC3C2)CC1
C1CCC(CCC2CCCCC2CCC2CCCC(CC3CCCC3)C2)CC1
C1CCC(CC2CCCC(C3CCC(CC4CCCC4)CC3)C2)CC1
C1CCC(CC2CCC(CC3CCC(CC4CCCC4)CC3)CC2)CC1
C1CCC(CCCCCC2CCC(C3CCCC3)C(C3CCCCC3)C2)CC1
C1CCC(C2CCCC(C3CCCCC3)C2)CC1
C1CCC(C2CC(C3CCC4CCCC4C3)CCC2C2CCCC2)CC1
C1CCC(CC(C2CCCCC2)C2CCCC(C3CCCC(C4CCCCC4)C3)C2)CC1
C1CCC(CCC2CCCC(C3CCCCC3)C2)CC1
C1CCC(CCCC2CCCC3CCCCC32)CC1
C1CCC(CC2CCCC(C3CCCC4CC(C5CCCCC5C5CCCCC5)CCC43)C2)CC1
C1CCC(C2CC(C3CCCC3)CC(C3CCCC4CCCCC43)C2)CC1
C1CCC(C(C2CCC(C3CCCC3)CC2)C2CCCCC2C2CCCC2)CC1
C1CCC(C2CCCC(CC(C3CCCC3)C3CC3)C2)CC1
C1CCC(C2CCCC(CCC3CC3)C2)CC1
C1CCC(CC2CCC(C3CCCCC3C3CCC4CCCC4C3)CC2)CC1
C1CCC(C2CCC(CCCC3CCC(C4CCCC4)CC3)CC2)CC1
C1CCC(CC2CC(CCC3CCCC(C4CCCC(C5CCCC(C6CCCCC6)C5)C4)C3)C3CCCCC23)CC1
C1CCC(CC2CCCCC2C2CCCCC2)CC1
C1CCC(CC2CCC(CC3CCCCC3C3CCCCC3)CC2)CC1
C1CCC(CC2CCC(C3CCCCC3)CC2)CC1
C1CCC(CC2CCC(C3CCCCC3)CC2C2CCCCC2)CC1
C1CCC(CC2CCC(C3CCCCC3C3CC4CCCCC4C3)CC2)CC1
C1CCC(CCC2CCCC2C2CCCC(C3CCCCC3)C2)CC1
C1CCC(C2CCCCC2C2CCC3C(CCCC3C3CCCCC3)C2)CC1
C(CCCCC1CC2CCCCC2C1)CCCC1CCC(C2CCCCC2)CC1
C1CCC(CC2CCC(CCC3CCC(C4CCCCC4C4CCCCC4)CC3)CC2)CC1
C1CCC(CC2CCCCC2C2CCCCC2)CC1
C1CCC(CCC2CCC(CCC3CCCCC3)C(C3CCCCC3)C2)CC1
C1CCC(CCC2CCCC(CCCC3CCC(C4CCCCC4)CC3)C2)CC1
C1CCC(C2CCC(C3CCCCC3C3CCC(CC4CC4)CC3)CC2)CC1
C1CCC(C2CCC(C3CCC(C4CCCCC4C4CCCC4)CC3)CC2)CC1
C1CCC(CCCCC2CCC(C3CCCCC3)CC2)CC1
C1CCC(C2CC(CCC3CC(C4CCCCC4)C4CCCCC34)CC(C3CCCC3)C2)CC1
C1CCC(C2CCCC(C3CCC(C4CCC5CCCCC54)CC3)C2)CC1
C1CCC(CC2CCC(CC3CCC(C4CCCC4)CC3)CC2)CC1
C(CC1CCC(C2CCCC(C3CCC(C4CCCC4)CC3)C2)CC1)CC1CC2CCCCC2C1
C1CCC(C2CCC(C3CCCCC3)CC2)CC1
C1CCC(CC2CCCCC2C2CCCC(C3CCC(C4CCCCC4)CC3)C2)CC1
C1CCC(C2CCCCC2C2CCCCC2)CC1
C1CCC(CC2CCC(CCC3CCCC(C4CCCCC4)C3)CC2)CC1
C1CCC(C2CCC(C3CC4CCCCC4C3)C(C3CCCCC3)C2)CC1
C1CCC(CC2CCC(C3CCCC(C4CCC5CCCCC54)C3)CC2)CC1
C1CCC(CCC2CCCC(C3CCCCC3)C2)CC1
C1CCC(CC2CCCC(CC3CCC4CCCCC43)C2)CC1
C1CCC(CC2CCC(CCCCC3CCCC(C4CCCCC4)C3)CC2)CC1
C1CCC(CC2CCC(CC3CCCCC3CC3CCCCC3C3CCCC3)CC2)CC1
C1CCC(C2CCCCC2CC2CCC(C3CC3)CC2)CC1
C1CCC2CC(C3CCCCC3C3CCCCC3CCC3CC4CCCCC4C3)CCC2C1
C1CCC(C2CCCCC2C2CCC3CCCCC3C2)CC1
C1CCC(CCC2CCCC(CC3CCCC(C4CCCC4)C3)C2)CC1
C1CCC(CC2CCC(C3CCC(C4CCCCC4)CC3)CC2)CC1
C1CCC(CC2CCC(C3CCCCC3)CC2)CC1
C1CCC(CC2CCCC(C3CCC(CCCC4CCCCC4CC4CCCC4)CC3)C2)CC1
C1CCC(C2CCC(C3CCCCC3)C(CC3CC3)C2)CC1
C1CCC(CC2CCCCC2C(C2CCCCC2)C2CCCCC2)CC1
C1CCC(C2CCCCC2CC2CCC(C3CC4CCCCC4C3)CC2C2CCCC2)CC1
C1CCC(C2CCC(C3CCCC(CCC4CC5CCCCC5C4)C3)CC2)CC1
C1CCC(CCC2CC(C3CCCCC3)CC(C3CCCC3)C2)CC1
C1CCC(C2CCCC(CCC3CCC(C4CCCC(C5CCCC(CC6CCC7CCCCC76)C5)C4)CC3)C2)CC1
C1CCC2CC(CC3CCC(CCC4CC(C5CCC6CCCCC65)CC5CCCCC54)CC3)CC2C1
C1CCC(C2CCC(C3CCC(C4CCCC(C5CCCCC5)C4)CC3)CC2)CC1
C1CCC(C2CCCC(C3CCCCC3)C2)CC1
C1CCC(CC2CCCC(C3CCCC(CCC4CC5CCCCC5C4)C3)C2)C1
C1CCC(CC2CCCC(C3CC(CCC4CCCCC4CC4CCCCC4)CC(C4CCCC4)C3)C2)CC1
C1CCC(C2CCCCC2CCC2CC3CCCCC3C2)CC1
C1CCC(CCC2CCCC(CC3CCC(CC4CCCCC4)CC3)C2)CC1
C1CCC(CC2CCCC(C3CCCCC3)C2)CC1
C1CCC(CC2CCC(CCCC3CC(CCCCC4CC5CCCCC5C4)C4CCCCC34)CC2)CC1
C1CCC(CCC2CCCC(C3CCCCC3)C2)CC1
C1CCC(CC2CCC(CCCC3CCCC(C4CCCCC4)C3)C2)CC1
C1CCC(C2CCCC(C3CCCC(C4CCCCC4C4CCCCC4)C3)C2)CC1
C1CCC(C2CCC(CCCC3CCC(CCCCC4CCC4)CC3)CC2)CC1
C1CCC(CCCC2CC(CC3CCCC(C4CCCCC4)C3)C3CCCCC23)CC1
C1CCC(C2CCCC(C3CCCCC3C3CCCCC3C3CCCC3)C2)CC1
C1CCC(CCC2CCC(CC3CCCCC3)CC2)CC1
C1CCC(CC2CCC(CC3CCCCC3)CC2)CC1
C1CCC(C2CCCC(C3CCCCC3)C2)CC1
C1CCC(C2CCC(C3CCC4CCCCC43)C(C3CCCC3)C2)CC1
C1CCC(CC2CCC(CCC3CCCC(CC4CC5CCCCC5C4)C3)CC2)CC1
C1CCC(CCC2CCCCC2C2CCCCC2)CC1
C1CCC(C2CCC(C3CCCCC3CCC3CC4CCCCC4C3)CC2)C1
C1CCC(CC2CCCC(CC3CCCC(C4CCC(CC5CC5)CC4)C3)C2)C1
C1CCC(CCC2CC(C3CCCCC3)CC(C3CCCC3)C2)CC1
C1CCC(CCC2CCC(C3CCC(CCC4CC5CCC(C6CCCCC6)CC5C4)CC3)CC2)CC1
C1CCC(CCC2CCC(C3CCC(C4CCC(CC5CCCCC5)CC4)CC3)CC2)CC1
C1CCC(C2CCCC(C3CCCCC3)C2)CC1
C1CCC(C2CCCC(CCC3CCC(CC4CCC(C5CCC5)CC4)CC3)C2)CC1
C1CCC(CCCCC2CCCC(C3CCC(CC4CCCCC4)CC3)C2)CC1
C1CCC(CCCCC2CCC(CC3CCC(CC4CCCCC4)CC3)CC2)CC1
C1CCC(CC2CCC(CCC3CCC(C4CCCC4)CC3)CC2)CC1
C(CCCC1CCCCC1)CCC1CCCCC1
C1CCC(CCC2CC(C3CCCCC3)CC(C3CCC3)C2)CC1
C1CCC(CC2CC(C3CCCC(CCC4CCCCC4C4CCCCC4)C3)C3CCCCC23)CC1
C1CCC(C2CCCC(CC3CCCCC3C3CCCC3)C2)C1
C1CCC(CC2CCCC(C3CCC(C4CCCCC4)CC3)C2)CC1
C1CC2CCC(C3CCCCC3C3CCC(C4CCCC5CCCCC54)CC3)CC2C1
C1CCC(CC2CCCC(CCC3CC(C4CCCCC4)C4CCCCC34)C2)CC1
C1CCC(CCC2CCCC(CC3CCCCC3)C2)CC1
C1CCC(C2CC(C3CCCCC3)CC(C3CCCCC3)C2)CC1
C1CCC(CC2CCCCC2CC2CCC(C3CCCCC3)CC2)CC1
C1CCC(C2CCCC(C3CC(C4CCCCC4)CC(C4CCC4)C3)C2)CC1
C1CCC(CCC(CC2CCCCC2)CC2CC2)CC1
C1CCC(CC2CCCC3CC(C4CCCCC4CC4CCC(C5CCCCC5)CC4)CCC23)CC1
C1CCC(CC2CC(C3CCCCC3C3CCCCC3C3CCCC3)C3CCCCC23)CC1
C1CCC(C2CCC(C3CCCCC3C3CCCCC3)C2)CC1
C1CCC(C2CCC(CCCC3CCCCC3C3CCCCC3)CC2)CC1
C1CCC(CCC2CCCC(C3CCCCC3)C2)CC1
C1CCC(CC2CCC(C3CCCCC3C3CCC4CCCC4C3)CC2)CC1
C1CCC(C2CCCC(C3CCCC(C4CC4)C3)C2)CC1
C1CCC(C2CCCC(C3CCC(C4CCCC4)CC3)C2)CC1
C1CCC(CCC2CCC(C3CCCCC3)CC2)CC1
C1CCC(CC2CCC(C3CCC(C4CCC5CCCCC5C4)CC3)CC2)CC1
C1CCC(CC2CCCC(CCC3CCCC(CC4CCCCC4)C3)C2)CC1
C1CCC(CC2CCC(C3CCCC3)CC2)CC1
C(CCCC1CCCC(C2CCCC(C3CCCCC3)C2)C1)CCC1CCCCC1
C1CCC(C2CCC(CCC3CCC(C4CCC5CCCCC5C4)CC3)CC2)CC1
C1CCC(CC2CCCCC2C2CCC3CCCCC32)CC1
C1CCC(CCC2CCC(C(CCC3CCCCC3)C3CCCCC3)CC2)CC1
C1CCC(C2CCCC(C3CCC(CC4CC(CCCC5CCCC5)C5CCCCC45)CC3)C2)CC1
C1CCC(C2CC(CC3CCC(CC4CCC(CCC5CCCC5)CC4)CC3)CCC2C2CCC2)CC1
C1CCC(C2CC(C3CCCCC3)CC(C3CCCCC3)C2)CC1
C1CCC(C2CC(CCCC3CCCC(C4CCCC4)C3)CC(C3CCC4CCCC4C3)C2)CC1
C1CCC(C2CC(C3CCCC(CC4CC4)C3)CC3CCCCC32)CC1
C1CCC(C2CCC(CCC3CCCC(C4CCCC4)C3)CC2)CC1
C1CCC(CC2CCCC(C3CCCCC3)C2)CC1
C1CCC(CC2CCCC(CC3CCC(CC4CCC(CCC5CC5)CC4)CC3)C2)C1
C1CCC(C2CCCCC2C2CCCCC2)CC1
C1CCC(CC2CCC(CC3CCC(CC4CCCC4)CC3)CC2)CC1
C1CCC(CCCC2CCC(C3CCC(C4CCCCC4)CC3)CC2)CC1
C1CCC(CC2CCC(C3CCCCC3)C(C3CCCCC3)C2)CC1
C1CCC(C2CC(C3CCCCC3)C3CC(CCCC4CCCC4)CCC23)CC1
C1CCC(C2CCCC(C3CCCCC3)C2)CC1
C1CCC(CCCCC2CC(CC3CCCC(C4CCC5CCCCC5C4)C3)C3CCCCC23)CC1
C1CCC(CC2CCCC(C3CCCC(CC4CCCCC4C4CCCCC4)C3)C2)CC1
C1CCC(CC2CCCC(C3CCCCC3)C2)CC1
C1CCC(CCCC2CCC(C3CCCC3)C(CC3CCCCC3)C2)CC1
C1CCC(C2CCCC(CCC3CCC(C4CCC(C5CCC(CC6CC6)CC5)CC4)CC3)C2)C1
C1CCC(CCC(C2CCCC2)C2CCC(CC3CCCCC3)CC2)CC1
C1CCC(CC2CCCC(CC3CCCCC3)C2)CC1
C1CCC(CCCCC2CCC(C3CCCC3)CC2)CC1
C1CCC(C2CCCC(C3CCC(CCC4CC5CCCCC5C4)CC3)C2)CC1
C1CCC(CCC2CCCC(C3CCC(CC4CCCCC4)CC3C3CCCC3)C2)CC1
C1CCC(C2CCCC(C3CCC(CCC4CCC(C5CCCC5)CC4)CC3)C2)CC1
C1CCC(CC2CC(C3CCCC(C4CCCC4)C3)CC(C3CC4CCCCC4C3)C2)C1
C1CCC(C2CC(CCC3CCC(C4CCCC4)CC3)CC(C3CCCCC3)C2)CC1
C1CCC(CCC2CCC(C3CCC(CC4CCCCC4)CC3)CC2)CC1
C1CCC(CC2CCCC(CCC3CCCC(CC4CC5CCCC(C6CC7CCCC7C6)C5C4)C3)C2)CC1
C1CCC(CC2CCC(CC3CC3)CC2CCC2CCCC(C3CCCCC3)C2)CC1
C1CCC(C2CCCC(C3CCC(C4CCCC(CC5CC5)C4)CC3)C2)CC1
C1CCC(CCC2CCC(C3CCC(CC4CC(CC5CCCCC5)C5CCCCC45)CC3)CC2)CC1
C1CCC(CCC2CCC3C(CC4CCCCC4)CC(C4CCCCC4)C3C2)CC1
C1CCC(CCCC2CCC(C3CCCCC3)CC2)CC1
C1CCC(CCCC2CCC3C(CCC3C3CCCC(CC4CCCCC4)C3)C2)CC1
C1CCC(CC2CCCC(C3CCCCC3)C2)CC1
C1CCC(CCCC2CCC(CC3CCCCC3)CC2)CC1
C1CCC(CC2CCCC(CC(C3CCCCC3)C3CCCCC3)C2)CC1
C1CCC(CCCCC2CCC(C3CCCCC3)C(C3CC3)C2)CC1
C1CCC(CC2CCC(C3CCCCC3)C(C3CCC(CCC4CCCC4)CC3)C2)CC1
C1CCC(C2CCCCC2C2CCCC(CCC3CCC(CC4CCCC4)CC3)C2)CC1
C(CCCC1CCC2C(C3CCCCC3)CC(C3CCCCC3)C2C1)CCC1CCCCC1
C1CCC2CC(C3CCCCC3C3CCC4CCCC4C3)CCC2C1
C1CCC(CC2CCCC(CC3CCCCC3)C2)CC1
C1CCC(CCC2CCC(C3CCCCC3)CC2C2CCCCC2)CC1
C1CCC(C2CCC(C3CCCCC3)CC2)CC1
C1CCC(CCC2CCCC(C3CCCCC3)C2)CC1
C1CCC(C2CCC(C3CCC4CCCCC43)CC2)CC1
C1CCC(CC2CCCCC2C2CCCCC2)CC1
C1CCC(CCC2CCCC(C3CC(CCC4CCCCC4)CC(C4CCCCC4)C3)C2)CC1
C1CCC(CC2CCC(CCC3CCCCC3CC3CCCCC3)CC2)CC1
C1CCC(CCCC2CCC(CC3CCC(C4CCCCC4)CC3)CC2)CC1
C1CCC(CCC2CC(C3CCCCC3)CC(C3CCCCC3)C2)CC1
C1CCC(CC2CCCC(C3CCCCC3)C2)CC1
C(CC1CC1)CC1CCC(C2CCC(C3CCCC3)CC2)CC1
C1CCC(CCC2CCC3C(CC4CCCCC4)CC(C4CCCCC4)C3C2)CC1
C1CCC(CCC2CCCCC2C2CCCC(C3CCCCC3)C2)CC1
C1CCC(CCC2CCCC(CC3CCC(C4CCCC(C5CC5)C4)CC3)C2)CC1
C1CCC(C2CCCC(C3CCCCC3)C2)CC1
C1CCC(C2CCCCC2CCCC2CCC(CCC3CCC(C4CCC4)CC3)CC2)CC1
C1CCC(CC2CCC(CC3CCCCC3)CC2)CC1
C1CCC(CC2CCC(CC3CCCCC3)C(CC3CCCCC3)C2)CC1
C1CCC(C2CCC(CC3CCCC(CC4CCC(CC5CCC(CCCC6CC6)CC5)CC4)C3)CC2)CC1
C1CCC(CCC2CCCCC2)CC1
C1CCC(C2CCC(C3CCCC(C4CCCC4)C3)CC2)CC1
C1CCC(CC2CCC(C3CCC4CCCC(C5CCCCC5)C4C3)CC2)CC1
C1CCC(CC2CCCC(C3CCCCC3)C2)CC1
C1CCC(CC2CCCC(CCC3CCCC3)C2)CC1
C1CCC(C2CCC(C3CCC3)CC2)CC1
C1CCC(CC2CCCC(CC3CCCCC3)C2)CC1
C1CCC(CC2CCCC(CCCCC3CCC(C4CCCCC4)CC3)C2)CC1
C1CCC(CCCC2CCC(CC3CCCCC3)CC2)CC1
C1CCC(CC2CCC(C3CCCCC3C3CCCC3)CC2)CC1
C1CCC(CC2CCC(CC3CCCC(CC4CCCCC4)C3)CC2)CC1
C1CCC(C2CCCCC2C2CCCC2)CC1
C1CCC(C2CCCCC2CCCC2CCC(C3CCC4CCCCC43)CC2)CC1
C1CCC(C2CC(C3CCCCC3)CC(C3CCCC3)C2)CC1
C1CCC(C2CC(C3CCCCC3)C3CCCCC23)CC1
C1CCC(C2CCC(C3CCCCC3)C(C3CCC4CCCC4C3)C2)CC1
C1CCC(CCCCC2CCC(C3CCCC(C4CCCCC4)C3)CC2)CC1
C1CCC(C2CCC(C3CCCC(C4CCCC4)C3)CC2)CC1
C1CCC(CC2CCC(CC3CCCCC3)CC2)CC1
C1CCC(CC2CCC(CCC3CCCC3)CC2)CC1
C1CCC(C2CCC(CCC3CCC(C4CCCC4)CC3)CC2)CC1
C1CCC(CC2CC(C3CCCC(C4CCCCC4)C3)C3CCCCC23)CC1
C1CCC(CCCC2CC(CC3CCCCC3)CC(C3CCCCC3)C2)CC1
C1CCC(CCC2CCC(CC3CCCCC3)CC2)CC1
C1CCC(CC(C2CCCC(C3CCC3)C2)C2CCC3CCCC3C2)CC1
C1CCC(CCC2CCC(C3CCCCC3)CC2)CC1
C1CCC(C2CCC(C3CCCCC3)CC2)CC1
C1CCC(CCC2CCC(C3CCCCC3)CC2)CC1
C1CCC(CCCC2CCC(CCCC3CCCC3)CC2)CC1
C1CCC(CC2CCC(C3CCCCC3)CC2)CC1
C1CCC(CC2CCC(CC3CCCCC3)CC2)CC1
C1CCC(CCC2CCC(CCC3CCCCC3)CC2)CC1
C1CCC(C2CCC(C3CCCCC3)CC2)CC1
C1CCC(CC2CCC(CCC3CC(C4CCCCC4)C4CCCCC34)CC2)CC1
C1CCC(CCC2CCC(C3CCCCC3C3CCCCC3)CC2)CC1
C1CCC(CC2CCC(CCC3CCCC(C4CCCC4)C3)CC2)CC1
C1CCC(CC2CCCC(C3CC(CC4CC4)CC(C4CCCCC4)C3)C2)CC1
C1CCC(CCC2CCCC(C3CCCCC3)C2)CC1
C1CCC(CC2CCCC(C3CC4CCCC(C5CCC(C6CCCCC6)CC5)C4C3)C2)CC1
C1CCC(CC2CCC(CCC3CCCC(C4CCCCC4)C3)CC2)CC1
C1CCC(CCC2CCC(CCCC3CCCC3)C(C3CCCC3)C2)CC1
C1CCC(CCC2CCC(CC3CCC(CCC4CCC(C5CCCCC5)CC4)CC3)CC2)CC1
C1CCC(C2CCCC3CCCCC32)CC1
C1CCC(CCC2CCCCC2CC2CCCCC2)CC1
C1CCC(CC2CCC(CC3CC(CC4CCCCC4)CC(C4CCCCC4)C3)CC2)CC1
C1CCC(CCCC2CCC(C3CCCCC3C3CCCCC3)CC2)CC1
C1CCC(CC2CCCCC2C2CCCC(CC3CC4CCCCC4C3)C2)CC1
C1CCC(CC2CCC(C3CCC(CCC4CC(CC5CCCCC5)C5CCCCC45)CC3)CC2)CC1
C1CCC(CCC2CCCC(CC3CCC(C4CCCCC4C4CCCC4)CC3)C2)CC1
C1CCC(CC2CCCC(C3CCCCC3)C2)CC1
C1CCC(CCC2CC(C3CCCCC3)C3CCC(CCCC4CCCC4)CC23)CC1
C1CCC(C2CCCC(C3CCCCC3)C2)CC1
C1CCC(CCC2CC(C3CCC(C4CCCC4)CC3)CCC2C2CCCC2)CC1
C1CCC(C2CCC(C3CCCCC3C3CCCCC3)CC2)CC1
C1CCC(CCCC2CCCC(C3CCCCC3)C2)CC1
C1CCC(CC2CCCC(C3CC4CCCCC4C3)C2)CC1
C1CCC(CC2CCCC(CC3CCCCC3)C2)CC1
C1CCC(CC2CCC(C3CCCCC3)CC2)CC1
C1CCC(CCC2CCCC(C3CCCC(C4CCCCC4)C3)C2)CC1
C1CCC(CC(CC2CCCCC2)C2CCCCC2)CC1
C(CCC1CCC1)CCC1CCC(C2CCCC(C3CCCCC3)C2)CC1
C1CCC(CCC2CCC3CCCC3C2)CC1
C1CCC(CC2CCCC(C3CCC4C(CCC4C4CCCCC4)C3)C2)CC1
C1CCC(CC2CCCCC2C2CCCC(C(C3CCC(C4CCC(C5CCCC5)CC4)CC3)C3CC3)C2)CC1
C1CCC(CCCC2CCCC(C3CCC(CC4CCCCC4)CC3)C2)CC1
C1CCC(C2CCC(CC3CCC(CC4CCC5CCCCC54)CC3)CC2)CC1
C1CCC(CCCC2CCC(CCC3CCCCC3)CC2)CC1
C1CCC(C2CCCC(C3CCCCC3C3CCCCC3)C2)CC1
C1CCC(CCC2CCC(CC3CCCCC3)CC2CCC2CCCCC2)CC1
C1CCC(CCCC2CCCCC2C2CCCCC2)CC1
C1CCC(CC2CCC(C3CCCCC3)CC2)CC1
C1CC(CC2CCC(CC3CCC(CC4CC5CCCCC5C4)CC3)CC2)C1
C1CCC(C2CCCC(CC3CC4CCCCC4C3)C2)CC1
C1CCC(CCC2CCC(C3CCC(C4CCCCC4)CC3)CC2)CC1
C1CCC(CC2CCCC(C3CCCC(CC4CCCCC4)C3)C2)CC1
C1CCC(CCCC2CCCC(C3CCC4CCCCC43)C2)CC1
C1CCC(CC2CCC(C3CCCCC3C3CCCCC3)C2)CC1
C1CCC(CC2CCCCC2C2CC(CC3CCCC3)C3CCCCC32)CC1
C1CCC(CCCCCC2CCCCC2C2CCC(C3CCC4CCCCC4C3)CC2)CC1
C1CCC(CC2CCC(C3CCCC3)CC2)CC1
C1CCC(CCC2CCC(CCCC3CCCC(CC4CCCCC4)C3)CC2)CC1
C1CCC(CC2CCC(C3CCCCC3C3CCCCC3)CC2)CC1
C1CCC(CC2CCC(C3CCCC(C4CC4)C3)CC2)CC1
C1CCC(CCC2CCC(C3CCCCC3)C(C3CCCCC3)C2)CC1
C1CCC(CC2CCCC(CCC3CCCC(CC4CCC4)C3)C2)CC1
C1CCC(CC2CCC(CC3CCCC3C3CCC(CC4CCCCC4)CC3)CC2)CC1
C1CCC(C2CCCC(C3CCCC(CC4CCCC(C5CC5)C4)C3)C2)CC1
C1CCC(C2CCCCC2CCC2CCCCC2C2CCCCC2)CC1
C1CCC(CC2CCC(CC3CCCCC3CC3CCCCC3)CC2)CC1
C1CCC(CC2CCC(C3CCC(C4CCCCC4)C3)CC2)CC1
C1CCC(CC(C2CCCCC2)C2CCC(C3CCCCC3)CC2)CC1
C1CCC(CC2CCC(CC3CCCC(CC4CCCCC4)C3)CC2)CC1
C1CCC(CC2CCC(CC3CCCCC3)CC2)CC1
C1CCC(C2CCCC(CC3CCC(C4CCCC4)CC3)C2)CC1
C1CCC(CC2CC(CC3CCCCC3)C3CC(CC4CCC(C5CC5)CC4)CCC23)CC1
C1CCC(CC2CC(CC3CCCCC3)CC(C3CCCC3)C2)CC1
C1CCC(CCC2CCC(C3CCCC(C4CCCCC4)C3)CC2)CC1
C1CCC(CCCC2CCCC(CC3CCCCC3)C2)CC1
C1CCC(CC2CCCC(C3CCCC(C4CCCCC4)C3)C2)CC1
C1CCC(CC2CCCC(CC3CC(C4CCCCC4)C4CCCCC34)C2)CC1
C1CCC(CC2CCC(CCC3CCC(CCCC4CCC4)CC3)CC2)CC1
C1CCC(CCC2CC(CC3CCCCC3)C3CC(CC4CCCCC4)CCC23)CC1
C1CCC(CCCC2CCC(CC3CCCCC3)CC2)CC1
C1CCC(CCC2CCC(C3CCCCC3)C(C3CCCCC3)C2)CC1
C1CCC(CC2CCCC(C3CCC4CCCC(C5CCCCC5)C4C3)C2)CC1
C1CCC(CCC2CCCCC2CC2CCC(CC3CCC(C4CCCC4)CC3)CC2)CC1
C1CCC(CC2CCC(C3CCC(CC4CCCC(C5CCC5)C4)CC3)CC2)CC1
C1CCC(CC2CCC(C3CCC(CCCC4CCC(CC5CCCC5)CC4)CC3)CC2)CC1
C1CCC(CCC(CCC2CCC(CC3CCCCC3)CC2)CC2CCCCC2)CC1
C1CCC(C(C2CCCCC2)C2CCCC(C3CCC3)C2)CC1
C1CCC(CCC2CCC(CC3CCCCC3)CC2)CC1
C1CCC(CC2CCCC(CC3CC(C4CCCCC4)C4CCCCC34)C2)CC1
C1CCC(C2CCCC(CCCC3CCCC(C4CCCCC4)C3)C2)CC1
C1CCC(C2CCCC(C3CCC(C4CCCC4)CC3)C2)CC1
C1CCC(CC2CCC(C3CCCC(C4CCC5CCCCC54)C3)CC2)CC1
C1CCC(CCC2CCC(CC3CCCCC3)CC2)CC1
C1CCC(C2CCCC(CC3CCC(C4CCCCC4)CC3C3CCCC3)C2)CC1
C1CCC(CCCC2CCC(CC3CCCCC3)CC2C2CCCCC2)CC1
C1CCC(CC2CCC(CC3CCC(CC4CC(CC5CCCCC5)C5CCCCC45)CC3)CC2)CC1
C1CCC(CC2CCC(C3CCCCC3C3CCCCC3)C2)CC1
C1CCC(CCCCC2CCC(CC3CCCCC3)CC2)CC1
C1CCC(C2CCCC(CCC3CCCCC3CC3CCCC(C4CCCCC4)C3)C2)CC1
C1CCC(CC2CCCC(C3CCCC(CCC4CCC5CCCC5C4)C3)C2)CC1
C1CCC(CC2CCC(C3CCCCC3)CC2)CC1
C1CCC(CC2CCC(C3CCCCC3)CC2)CC1
C1CCC(C2CCCC(C3CCCCC3)C2)CC1
C1CCC(CCC2CCCC2C2CCCC(C3CCCC(CC4CCCCC4)C3)C2)CC1
C1CCC(CCC2CCC(C3CCC(CC4CCCCC4)CC3)CC2)CC1
C1CCC(CC2CCCC(CC3CCCC(C4CCC4)C3)C2)CC1
C1CCC(CCC2CCC(C3CCCCC3)CC2)CC1
C1CCC(C2CCC(C3CCCCC3)CC2)CC1
C1CCC(CC2CCCC(CC3CCC(C4CCCCC4)CC3)C2)CC1
C1CCC(CC2CC(CCC3CCCC3)CCC2C2CCC(C3CCCC3)CC2)CC1
C1CCC(C2CCCCC2C2CCCCC2C2CCCCC2C2CCCCC2)CC1
C1CCC(C2CCC(C3CCCCC3)CC2)CC1
C1CCC(CCC2CC(CC3CCCC(C4CCCCC4)C3)C3CCCCC23)CC1
C1CCC(CCC2CC(CC3CCCCC3)C3CCC(CC4CCCCC4)CC23)CC1
C1CCC(C2CCCCC2C2CCCCC2)CC1
C1CCC(CCCC2CCC(CC3CCCCC3)CC2)CC1
C1CCC(CCC2CCCC(C3CCCC(C4CCCCC4)C3)C2)CC1
C1CCC(CC2CCC(C3CCCCC3)CC2)CC1
C1CCC(C2CCC(C3CCCC3)CC2)CC1
C1CCC(CCC2CCCC(C3CCCC(C4CCCC(CC5CCC6CCCCC65)C4)C3)C2)CC1
C1CCC(C2CCCC(CC3CC4CCCCC4C3)C2)CC1
C1CC(CC2CCC(CC3CCCC(CC4CCC(C5CCC6CCCC6C5)CC4)C3)CC2)C1
C1CCC(CCCC2CCC(CC3CCCCC3)CC2CCC2CCCCC2)CC1
C1CCC(C2CCCCC2C2CCCCC2)CC1
C1CCC(CCCCC2CC(C3CCCCC3C3CCCC3)C3CCCCC23)CC1
C1CCC(C2CCC(CC3CCCC(C4CCCCC4)C3)CC2)CC1
C1CCC(CC2CCC(CCC3CCCC(C4CCCCC4)C3)CC2)CC1
C1CCC(CC2CC(C3CCC4CCCCC43)CC3CCC(C4CCCCC4)CC32)CC1
C1CCC(CC2CCCC(C3CCCCC3)C2)CC1
C1CCC(C2CC(C3CCCC3)CC(C3CCCCC3)C2C2CCCCC2)CC1
C1CCC(CC2CCCC(C3CCC(C4CCCCC4C4CCCCC4)CC3)C2)CC1
C1CCC(CC2CCC(CC3CCCCC3)CC2)CC1
C1CCC(CCCC2CCC(CC3CCC(C4CCCCC4)CC3)C2)CC1
C1CCC(CC2CCC(CC3CCCCC3)CC2)CC1
C1CCC(CC2CCC(CCC3CCC4CCCCC4C3)CC2)CC1
C1CCC(CC2CCC(C3CCC4CCCCC43)CC2)CC1
C1CCC(CCCC2CCC(C3CCCC(C4CCCCC4)C3)CC2)CC1
C1CCC(CC2CCC(C3CCCCC3CCCCC3CCC(C4CCCCC4)CC3)CC2)CC1
C1CCC(CCC2CCCC(CC3CC(CC4CC5CCCCC5C4)C4CCCCC34)C2)CC1
C1CCC(C2CC(C3CCCCC3)C(C3CCCCC3)C3CCCC23)CC1
C1CCC(C2CCCCC2C2CCCCC2)CC1
C1CCC(CCCC2CCC(CC3CCCCC3)CC2)CC1
C1CCC(CC2CCC(CCCC3CCC(CC4CCCCC4)CC3)CC2)CC1
C1CCC(CCCC2CCC(CCC3CCCCC3C3CCCCC3)CC2)CC1
C1CCC(CCCCC2CCC(C3CCC(CC4CCCCC4)CC3)CC2)CC1
C1CCC(CCCC2CCC(CC3CCCCC3)CC2)CC1
C1CCC(CCCC2CCC(CC3CCC(CC4CCCCC4)CC3)CC2)CC1
C1CCC(C2CCC(CC3CCCCC3C3CCCCC3)CC2)CC1
C1CCC(CC2CCCC(C3CCCCC3)C2)CC1
C1CC(C2CCC(C3CCCC(C4CCCC(CC5CC6CCCCC6C5)C4)C3)CC2)C1
C1CCC(C2CCC(C3CC3)CC2)CC1
C1CCC(C2CCCCC2)CC1
C1CCC(C2CCC(C3CCCCC3)C(C3CCCCC3)C2)CC1
C1CCC(CCC2CC(CC3CCCCC3)CCC2CC2CCCCC2)CC1
C1CCC(CC2CCCC(C3CCC(C4CCC(C5CCCCC5)CC4)CC3)C2)CC1
C1CCC(CC2CCCC(C3CCC(C4CC(CC5CCCCC5)C5CCCCC54)C3)C2)CC1
C1CCC(CC2CCCC(C3CCCC(C4CCCCC4)C3)C2)CC1
C1CCC(CC2CCCCC2C2CCCCC2C2CCCCC2)CC1
C1CCC(C2CC(C3CCC4CCCCC43)CC3CCC(CCC4CCC5CCCCC54)CC32)CC1
C1CCC(CC2CC(C3CCCCC3)C3CCCCC23)CC1
C1CCC(CC2CCC(CCCC3CCC(C4CCCCC4)CC3)CC2)CC1
C1CCC(C2CCCCC2CCCC2CCCCC2C2CCCCC2)CC1
C1CCC(C2CCC(C3CCCCC3)CC2)CC1
C1CCC(CC2CCCCC2CC2CCC(CC3CCCC(C4CCCCC4)C3)CC2)CC1
C1CCC(C2CC(CC3CCCCC3CCC3CCC4CCCCC4C3)CCC2CCC2CC3CCCCC3C2)CC1
C1CCC(C2CCC(C3CCC(C4CCCCC4)C(C4CCCC4)C3)CC2)CC1
C1CCC(CCC2CCC(CC3CCC(CCC4CCCCC4)CC3)CC2)CC1
C1CCC(CC2CCCCC2C2CCCCC2)CC1
C1CCC(C2CCCC(C3CC(CC4CCCC4)C4CCCCC43)C2)CC1
C1CCC(CC2CCCCC2CC2CCC(C3CCCC3)CC2)CC1
C1CCC(CCCC2CCC(CC3CCCCC3)CC2)CC1
C1CCC(CC2CCCC(C3CCCC(C4CCCC4)C3)C2)CC1
C1CCC(C2CCCC(C3CCCCC3)C2)CC1
C1CCC(C2CC(C3CCC(C4CCC(C5CCCC5)CC4)CC3C3CCC4CCCC4C3)C3CCCCC23)CC1
C1CCC(CCC2CCCCC2C2CCCCC2)CC1
C1CCC(CCC2CC(CC3CC4CCCCC4C3)CC(C3CCCCC3)C2)CC1
C1CCC(CC2CCC(CC3CCCCC3)CC2)CC1
C1CCC(C2CCC(CC3CCC(CCC4CCC(CC5CCCC5)CC4)CC3)C2)CC1
C1CCC(CCC2CCCC(CC3CCCCC3)C2)CC1
C1CCC(C2CCC(CCC3CCC(C4CCCCC4)CC3)CC2)CC1
C1CCC(CC2CCCC(CC3CC(CC4CCCCC4)C4CCCCC34)C2)CC1
C1CCC(CC2CC(CC3CCCCC3C3CCC4CCCCC43)C3CCCCC23)CC1
C1CCC(CCC2CCC(C3CCCCC3)CC2)CC1
C1CCC(CC2CCC(CCC3CCC(C4CCC(C5CCCCC5)CC4C4CCCCC4)CC3)CC2)CC1
C1CCC(CC2CCC(CC3CCCCC3)C(C3CCCCC3)C2)CC1
C1CCC(CC2CCC(C3CCC(C4CCCCC4)CC3)C(C3CCCCC3)C2)CC1
C1CCC(CC2CC3CC(C4CCCCC4)CCC3C(C3CC3)C2)CC1
C1CCC(CCC2CCCC(C3CCC(CC4CCCCC4)CC3)C2)CC1
C1CCC(C2CCC(CC3CCCC3)CC2)CC1
C1CCC(CC2CCC3C(CC4CCCCC4)CC(C4CCC4)C3C2)CC1
C1CCC(CC2CCCCC2C2CCCC(C3CCCCC3)C2)CC1
C1CCC(C2CC(CCC3CCCCC3C3CCCCC3)CC(C3CCCC3)C2)CC1
C1CCC2CC(CC3CCCCC3CCC3CCCCC3C3CCCC3)CCC2C1
C1CCC(C2CCC(C3CC3)CC2CCC2CCCC(C3CCC4CCCCC4C3)C2)CC1
C1CCC(CC(CCC2CCC3C(CCC3C3CCCC3)C2)C2CCCC3CCCCC32)CC1
C1CCC(C2CCC(CC3CC(C4CCCCC4)CC(C4CCCCC4)C3)CC2)CC1
C(CCCCC1CCCCC1)CCCCC1CCC(CC2CCCCC2)CC1
C1CCC(CC2CCCC(C3CCC(C4CC5CCCCC5C4)CC3)C2)CC1
C1CCC(C2CCC(C3CCCCC3)C(CC3CCC(CCC4CC5CCCCC5C4)CC3)C2)CC1
C1CCC(CCC2CC(CCC3CCCCC3)CC(C3CCCCC3)C2)CC1
C1CCC(CCCC2CCC3CC(C4CCCCC4)CC(C4CCCCC4)C3C2)CC1
C1CCC(CC2CCC(CCC3CCC(C4CCCC(CC5CC6CCCCC6C5)C4)CC3)CC2)CC1
C1CCC(C2CCC(CC3CCCC(CC4CCC5CCCCC54)C3)CC2)CC1
C1CCC(CCCC2CCC(CC3CCCCC3)CC2)CC1
C1CC(CC2CCC(CC3CC3)CC2)CC(C2CCC(C3CCCC4CCCCC43)CC2)C1
C1CCC(C2CCCC(CC3CCCC3)C2)CC1
C1CCC(CC2CCC(CCC3CCCC(C4CCCCC4)C3)CC2)CC1
C1CCC(C2CCCC(CCCC3CCCCC3C3CCC4CCCCC4C3)C2)CC1
C1CCC(C2CCCC(CCC3CCCCC3C3CCCC3)C2)CC1
C1CCC(CCC2CCC(C3CCCCC3CC3CCCCC3)CC2)CC1
C1CCC(C2CCCC(C3CCCCC3)C2)CC1
C1CCC(CC(CC2CC3CCCCC3C2)C2CCC(C3CCCC(C4CC4)C3)CC2)CC1
C1CC(CC2CCC(C3CC3)CC2)CC(C2CCCC(CC3CCC4CCCCC43)C2)C1
C1CCC2CC(CC3CCC(CC4CCC5CCCC5C4)CC3)CCC2C1
C1CCC(CC2CCC(C3CCCC(CC4CC5CCCCC5C4)C3)CC2)CC1
C1CCC(C2CCCC(CC3CCCC3C3CC(C4CCCCC4)CC(C4CCC4)C3)C2)CC1
C1CCC(CCC2CCCC(C3CCCC(C4CCCCC4)C3)C2)CC1
C1CCC(CCCC2CC(CC3CCCCC3)CCC2C2CCC2)CC1
C1CCC(CC2CC(CC3CC3)CC(C3CCCCC3)C2)CC1
C1CCC(C2CCC(CCC3CCCCC3C3CCCCC3)CC2)CC1
C1CCC(CCC2CCCC(C3CCCCC3)C2)CC1
C1CCC(CC2CCCC(CCCC3CCC(C4CC4)CC3)C2)CC1
C1CCC(C2CCC(C3CCC3)CC2)CC1
C1CCC(CC2CCC(CC3CCC(C4CCCCC4)CC3)CC2)CC1
C1CCC(C2CCCC(C3CCC(C4CCCCC4)C4CCCC34)C2)CC1
C1CCC(C2CCC(C3CCCCC3C3CCCC3)CC2)C1
C1CCC(CC2CCC(C3CCC(CC4CCCCC4)C3)CC2)CC1
C1CCC(C2CCC(C3CCCCC3)C2)CC1
C1CCC(CC2CCC(C3CCCCC3C3CCCCC3)CC2)CC1
C1CCC(CC2CC(C3CCC(CCC4CCC(C5CCCCC5)CC4)CC3)C3CCCCC23)CC1
C1CC(C2CCCC(C3CCCC(CCC4CCC(CC5CC6CCCCC6C5)CC4)C3)C2)C1
C1CCC(CC2CCC(CC3CCC4CCCCC43)CC2)CC1
C1CCC(CC2CCCCC2C2CCCC(C3CCC(C4CCCC4)CC3)C2)CC1
C1CCC(C2CC(C3CCC4CCCCC43)CC3CCCCC32)CC1
C1CCC(CCCC2CCC(C3CCCCC3)C(C3CCCC3)C2)CC1
C1CC2CCC(CC3CCCC(C4CCCC(C5CC5)C4)C3)CC2C1
C1CCC(C2CC3CCC(C4CCCCC4)CC3C(C3CCCCC3)C2)CC1
C1CCC(CC2CCCC3CC(C4CCCCC4)CCC23)CC1
C1CCC(CCC2CCC(C3CCCCC3)CC2CCC2CCCC2)CC1
C1CCC(CCC2CC(CC3CCCCC3)CCC2CC2CCCCC2)CC1
C1CCC(CC2CCCCC2C2CCC3C(CC4CCCCC4)CCCC3C2)CC1
C1CCC(CC(CCC2CCC(C3CCCCC3)CC2)C2CCCCC2)CC1
C1CCC(CCC2CCC(CC3CCCCC3)CC2)CC1
C1CCC(CC2CCC(CC3CCCCC3)CC2)CC1
C1CCC(CC2CCC(C3CCCCC3)CC2C2CCCC(C3CCCC(C4CCCCC4)C3)C2)CC1
C1CCC(CC2CCCCC2C2CCCC(C3CCCCC3C3CCCCC3)C2)CC1
C1CCC(CC2CCC(C3CCCC(C4CC4)C3)CC2)CC1
C1CCC(C2CCCC(C3CCCCC3CC3CCC(CCCC4CCCC4)CC3)C2)CC1
C1CCC(C(CCC2CC2)C2CCCC(CC3CCCCC3C3CCCC3)C2)CC1
C1CCC(CC2CCC3CC(C4CCC(C5CC5)CC4)CCC3C2)CC1
C1CCC(C2CCC(C3CCCC3)C(C3CCC4CCCC4C3)C2)CC1
C1CCC(C2CCCC(CC3CCC4CC(CCC5CCCC5)CCC43)C2)CC1
C1CCC(C2CCC(C3CCCCC3C3CCCC3)CC2)CC1
C1CCC(CC2CCCC(C3CCCCC3)C2)CC1
C1CC(CCCC2CCC3CCCCC32)CC(CC2CCCCC2C2CCCC2)C1
C(CC1CCC(C2CCCC2)CC1)CC1CCCC(CC2CCC2)C1
C1CCC(C2CCC(C3CCC(C4CCC(CC5CCCC5)CC4)CC3)CC2)CC1
C1CCC(CCC2CCC(C3CCCC(C4CCCCC4)C3)CC2)CC1
C1CCC(C2CCCCC2C2CCC3CCCCC32)CC1
C1CCC(C2CCCC(C3CCC(C4CCCCC4)C3)C2)CC1
C1CCC(C2CCCC(C3CC(C4CCCCC4)CC(C4CCCCC4)C3)C2)CC1
C1CCC(CCC2CCC(CCC3CCCC(CC4CCCCC4)C3)CC2)CC1
C1CCC(CC2CCC(C3CCCCC3C3CCC4CCCCC4C3)CC2)CC1
C1CCC(CC2CCC(CC3CCCCC3C3CCCCC3)CC2)CC1
C1CCC(C2CCC(C3CCCC3)CC2C2CCC(C3CCCC3)CC2)CC1
C1CCC(C2CCCC(C3CCC4CCCCC4C3)C2)CC1
C1CCC(CC2CCC(CC3CCCCC3)C(CC3(C4CCC5CCCCC5C4)CC3)C2)CC1
C1CCC(CC2CCCC(C3CCCCC3)C2)CC1
C1CCC(CCC2CCC(CC3CCC(C4CCCCC4)CC3)CC2)CC1
C1CCC(C2CCC3CCC(C4CCCCC4C4CCCC4)CC3C2)CC1
C1CCC(CCC2CCC(CC3CCCCC3)CC2)CC1
C1CCC(CCC2CCCC(C3CCCCC3)C2)CC1
C1CCC(C2CCC(CCC3CCCC(C4CC(C5CCCCC5)CC(C5CCC5)C4)C3)CC2)CC1
C1CCC(CCCC2CCCC(C3CCC(CC4CCCCC4)CC3)C2)CC1
C1CCC(C2CCC(CCCC3CCC(CC4CCC(C5CCCC5)CC4)CC3)CC2)CC1
C1CCC(C2CCCCC2C2CCC(C3CC4CCCCC4C3)CC2)CC1
C1CCC(CCC2CCCC(C3CCCCC3)C2)CC1
C1CCC(C2CCC(CCC3CC(C4CCC5CCCCC54)CC4CCC(C5CCCC5)CC34)CC2)C1
C1CCC(CCCC2CCCC(C3CCCCC3)C2)CC1
C1CCC(CCC2CCC(C3CCCCC3C3CCCCC3)CC2)CC1
C1CC2CCC(CCC3CCC(CC4CCC(CC5CC6CCCCC6C5)CC4)CC3)CC2C1
C1CCC(CC2CCCC(C3CCCCC3CCC3CC4CCCCC4C3)C2)CC1
C1CCC(CC2CCCCC2CC2CCCCC2C2CCCCC2)CC1
C1CCC(C2CCCC(C3CCCC(C4CCC4)C3)C2)CC1
C1CCC(C2CCCCC2C2CCCCC2)CC1
C1CCC(CCCC2CCCCC2CC2CCCCC2)CC1
C1CCC(CC2CCC(C3CCCCC3)CC2)CC1
C1CCC(CCC2CCC(CC3CCCCC3)CC2)CC1
C1CCC(CC2CCC(CC3CCCCC3)CC2)CC1
C1CCC(CC2CCC(C3CCCCC3)CC2)CC1
C1CCC(CCCC2CCC(CC3CCC(CCC4CCCCC4)CC3)CC2)CC1
C1CCC(CCCC2CC(C3CCCCC3)CCC2CCC2CCCCC2)CC1
C1CCC(CCC2CCCC(C3CCCCC3)C2)CC1
C1CCC(CC2CCC(CCC3CC(C4CCC5CCCCC5C4)C4CCCCC34)C2)CC1
C1CCC(C2CCCC(C3CCC4C(CCC4C4CCCCC4)C3)C2)CC1
C1CCC(C2CCC3C(CCCC3C3CCC(C4CCCCC4)CC3C3CCCC3)C2)CC1
C1CCC(CCC2CCCC(CCC3CCCCC3CC3CCCCC3)C2)CC1
C1CCC(C2CCCC(CC3CCCCC3C3CCCCC3)C2)CC1
C1CCC(CC2CCCCC2C2CCCCC2)CC1
C1CCC(CCCC2CCC(CC3CCC(CC4CCCC(CCC5CC6CCCCC6C5)C4)CC3)CC2)C1
C1CCC(CCC2CC(CC3CCCCC3)CCC2C2CCCCC2)CC1
C1CCC(C2CCC(CCCCC3CCC(CCCCC4CCC4)CC3)CC2)CC1
C1CCC(CCC2CCC(C3CCCCC3)CC2)CC1
C1CCC(CCC2CCC(CC3CCCC(CC4CCCC4)C3)CC2)CC1
C1CCC(CC2CC(C3CCCCC3)CCC2C2CCCCC2)CC1
C1CCC(C(C2CCCC2)C2CCC(CCC3CCC4CCCCC43)CC2)CC1
C1CCC(CCCCC2CCCCC2CC2CCCCC2C2CCCCC2)CC1
C1CCC(C2CCC(CCCC(C3CCCCC3)C3CCC4CCCC4C3)CC2)CC1
C1CCC(C2CCCC(CCC3CC4CCCCC4C3)C2)CC1
C1CCC(CCCC2CC(C3CCCCC3)CC(C3CCCCC3)C2)CC1
C1CCC(CC2CCC(CCC3CCC(CC4CCCCC4)CC3)CC2)CC1
C1CCC(CC2CC(C3CCCCC3)C3CC(C4CCC5CCCCC54)CCC23)CC1
C1CCC(C2CC(CC3CC3)CC(C3CCCCC3C3CCCC3)C2)CC1
C1CCC(C2CCCCC2C2CCC(C3CCCC3)CC2C2CCC3CCCC3C2)CC1
C1CCC(C2CC(C3CCCCC3)C(C3CCCCC3)C3CCCC23)CC1
C1CCC(C2CCCC(C3CCC4CCCC4C3)C2)CC1
C1CCC(CC2CC(C3CC4CCCCC4C3)C3CCC(C4CC4)CC23)CC1
C1CCC(CC2CCC(CC3CCCCC3CC3CCCCC3)CC2)CC1
C1CCC(CC2CCC(CC3CCC(C4CCCC(C5CCCCC5)C4)CC3)CC2)CC1
C1CCC(C2CCCCC2)CC1
C1CCC(CC2CCC(C3CC(CC4CCCCC4)C4CCCCC43)CC2)CC1
C1CCC(CCC2CCCC(C3CCCC(CC4CCCCC4)C3)C2)CC1
C1CCC(C2CCC(C3CCCCC3)CC2)CC1
C1CCC(CC2CCCC(C3CCC(CC4CC5CCCCC5C4)CC3)C2)C1
C1CCC(CC2CCCCC2CC2CC(C3CCCCC3)CC(C3CCCC3)C2)CC1
C1CCC(CCC2CCCC(CC3CCCCC3)C2)CC1
C1CCC(C2CCCCC2C2CCC3CCCC3C2)CC1
C1CCC(C2CCCC(CC3CCC4CCCCC4C3)C2)CC1
C1CCC(C2CCCCC2C2CCCCC2C2CCCCC2)CC1
C1CCC(C2CCCCC2CC2CCC3CCCCC32)CC1
C1CCC(CCC2CCC(CC3CCCC(C4CCCCC4)C3)CC2)CC1
C1CCC(CCCC2CCC(CC3CCC(CC4CCCCC4)CC3)CC2)CC1
C1CCC(CC2CCC(C3CCC4C(CCC4CC4CC(C5CCCCC5)C5CCCCC45)C3)CC2)CC1
C1CCC(C2CCCCC2C2CCCC2)CC1
C1CCC(CCC2CCCC(C3CCCC(CCC4CCCCC4C4CCCCC4)C3)C2)CC1
C1CCC(C2CCCCC2C2CCC(C3CCCC(C4CC4)C3)CC2)CC1
C1CCC2CC(CC3CCCCC3CCC3CCCCC3C3CCCC3)CCC2C1
C1CCC(CCC2CC(CC3CCCCC3)C3CCC(C4CCCCC4)CC23)CC1
C1CCC(C2CCC(C3CCC3)C(CC3CCCCC3C3CCCCC3)C2)CC1
C1CCC(CCCC2CCCC(C3CCCCC3C3CCCCC3)C2)CC1
C1CCC(CCCCC2CCC(C3CCCC3)CC2)CC1
C1CCC(CCCCCC2CCC(CC3CC(CC4CCCCC4)C4CCCCC34)CC2)CC1
C1CCC(C2CCC(C3CCC4CC(C5CCC6CCCCC65)CC(C5CCCCC5)C4C3)CC2)CC1
C1CCC(CC2CCCC(C3CCCCC3)C2)CC1
C1CCC(CCCC2CCCC(CC3CCCCC3)C2)CC1
C1CCC(C2CCC3CCCCC3C2)CC1
C1CCC(CC2CCCCC2C2CCC(C3CCCC3)CC2)CC1
C1CCC(CC2CCC(CC3CCCC(C4CCCCC4)C3)CC2)CC1
C1CCC(C2CCCCC2)CC1
C1CCC(CC2CCC(CC3CC4CCCCC4C3)CC2)CC1
C1CCC(CCC2CCC3CC(C4CCC5CCCCC54)CC(C4CCCCC4)C3C2)CC1
C1CCC(CC2CCCCC2C2CCCCC2CC2CCCC(C3CCCC3)C2)CC1
C1CCC(CCCC2CCCC(CCC3CCC4CCCC4C3)C2)CC1
C1CCC(CCCC2CCC(CC3CCC(C4CCCC4)CC3)CC2)CC1
C1CCC(CCC2CCC(CC3CCCCC3)CC2)CC1
C1CCC(CC2CCCC(CC3CCCCC3)C2)CC1
C1CCC(CC2CCCC(C3CCCCC3)C2)CC1
C1CCC(C2CCC(C3CCCCC3)C(C3CCCCC3C3CCC4CCCC4C3)C2)CC1
C1CCC(CC2CCC(C3CCCCC3)CC2)CC1
C1CCC(CCC2CCC(CCC3CCCC(C4CCCCC4)C3)CC2)CC1
C1CCC(CC2CCC(C3CC(C4CCCCC4)CCC3C3CCCCC3)CC2)CC1
C1CCC(CC2CCCCC2)CC1
C1CCC(CC2CCCCC2C2CCC3C(CCCC3C3CCC(CC4CCCC4)CC3)C2)CC1
C1CCC(C2CCCC(C3CCCC(CC4CC5CCCCC5C4)C3)C2)CC1
C1CCC(C2CCCCC2CC2CCCCC2CC2CC3CCCCC3C2)CC1
C1CCC(CCC2CCC(C3CCCC(C4CCCCC4)C3)C2)CC1
C1CCC(C2CCC(C3CCC(C4CCCC4)CC3)C(C3CC4CCCCC4C3)C2)CC1
C1CCC(CC2CCC(C3CCCCC3CC3CCCCC3)CC2)CC1
C1CCC(C2CCCC(CCCC3CCCC(CC4CC(C5CCCCC5)C5CCCCC45)C3)C2)CC1
C1CCC(CC2CCC(CC3CCC(CC4CCCCC4)CC3)CC2)CC1
C1CCC(CCCC2CCCCC2)CC1
C1CCC(CCC2CCC3C(CCC3C3CCCCC3)C2)CC1
C1CCC(CCC2CCC(C3CCC(C4CCCCC4)CC3)CC2)CC1
C1CCC(C2CC(C3CCC(C4CCCC(C5CCC5)C4)CC3)C3CCCCC23)CC1
C1CCC(C2CCC(CC3CCC(C4CCC4)CC3)CC2)CC1
C1CCC(CCCCC2CCC(CC3CCCCC3)CC2)CC1
C1CCC(CC2CCCCC2C2CCC(CC3CCC(CC4CC4)CC3)CC2)CC1
C1CCC(C2CCC(C3CCCCC3C3CCCCC3)C2)CC1
C1CCC(CC2CCCC(C3CCC(C4CCC(C5CCC5)CC4)CC3)C2)C1
C1CCC(C2CCC(CCC3CC4CCCCC4C3)CC2)CC1
C1CCC(CCC2CCCC(C3CCCCC3)C2)CC1
C1CCC(C2CCCCC2C2CCCCC2)CC1
C1CCC(CCCCC2CCC(CCCC3CCCCC3)CC2)CC1
C1CCC(C2CCCC(CCCC3CCC(C4CCC5CCCCC5C4)CC3)C2)CC1
C1CCC(CC2CCC(C3CCCC(CCCC4CC4)C3)CC2)CC1
C1CCC(CC2CCC(C3CCC(C4CC4)CC3)CC2C2CCCC(C3CCCCC3)C2)CC1
C1CCC(C2CCCC(C3CCC(CC4CCCC4)CC3)C2)CC1
C1CCC(CCC2CCCCC2CC2CCCCC2)CC1
C1CCC(CC2CCC(C3CCCC(CC4CCCCC4)C3)CC2)CC1
C1CCC(CC2CC3CC(C4CCCCC4C4CCCCC4)CCC3C(C3CC3)C2)CC1
C1CCC(C2CCCC(C3CCCC(C4CCCCC4)C3)C2)CC1
C1CCC(C2CCC(CC3CC(C4CCC5CCCCC54)CCC3CC3CCC3)CC2)CC1
C(CCC1CCCC(CC2CCC3CCCCC32)C1)CCC1CCCC2CCCCC12
C1CCC(CCC2CCC(CCC3CCCC(C4CCCCC4)C3)CC2)CC1
C(CCCC1CCCCC1)CCCC1CCC(C2CCCCC2C2CCC3CCCC3C2)CC1
C1CCC(CCC2CCC(C3CCCCC3CC3CCCC(CC4CCCCC4)C3)CC2)CC1
C1CCC(C2CCCCC2C2CCCC(C3CCC3)C2)CC1
C1CCC(CC2CCC(C3CCCC(C4CCCCC4)C3)CC2)CC1
C1CCC(C2CCCC(C3CCCC(C4CCCCC4)C3)C2)CC1
C1CCC(CCC2CCCC(C3CCC4CCCC4C3)C2)CC1
C1CCC(CC2CCC(C3CCC(C4CCCCC4)CC3)CC2)CC1
C1CCC(CC2CCCC2C2CCC(CC3CCC(C(CC4CCC4)C4CCCCC4)CC3)CC2)CC1
C1CCC(C2CCCC(C3CCC(C4CCC5CCCCC5C4)C(C4CCC5CCCC5C4)C3)C2)CC1
C1CCC(CCC2CCCCC2)CC1
C1CCC(CC2CCC(C3CC(CC4CCCCC4)C4CCCCC43)CC2)CC1
C1CCC(CC2CCC3CC(C4CCC5CCCCC54)CC(C4CC5CCCCC5C4)C3C2)CC1
C1CCC(C2CCCC(C3CCC4CCCCC43)C2)CC1
C1CCC(CCC2CCC(C3CCCC(C4CCCC(CC5CCCCC5)C4)C3)CC2)CC1
C1CCC(CC2CCCC(C3CCC4C(CCC4C4CCCC4)C3)C2)C1
C1CCC(C2CCCCC2)CC1
C1CCC(CCC2CCC(C3CCCCC3CCC3CCCCC3)CC2)CC1
C1CCC(CC2CCC(CCC3CCC(C4CCCCC4)CC3)CC2)CC1
C1CCC(CC2CC(C3CCCCC3)CCC2CC2CC2)CC1
C1CCC(CC2CC(CCC3CCC(C4CCC5CCCC5C4)CC3)C3CCCCC23)CC1
C1CCC(CCC2CCCC(CC3CCC(C4CCCCC4)CC3)C2)CC1
C1CCC(CCCC2CCCCC2C2CCC3CCCC3C2)CC1
C1CCC(CCC2CCC(C3CCC(CC4CCCCC4)CC3)CC2)CC1
C1CCC(CC2CCCCC2C2CCCC(C3CCCCC3CCCC3CCC(C4CCCC4)CC3)C2)CC1
C1CCC(C2CCCCC2C2CCCC(C3CCC(CC4CCC(CC5CCCC5)CC4)CC3)C2)CC1
C1CCC(CCCC2CCCC(CC3CCCCC3)C2)CC1
C1CCC(CC2CCC(CCC3CCCCC3C3CCCCC3)CC2)CC1
C1CCC(CC2CCCC(C3CCCCC3C3CCCC3)C2)CC1
C1CCC(C2CCCC(C3CCCC(C4CCCCC4C4CCCCC4)C3)C2)CC1
C1CCC(CC2CCCC(C3CCCC(C4CCCC(C5CCC5)C4)C3)C2)CC1
C1CCC(CCCC2CCC(CC3CCCC(C4CCCCC4)C3)CC2)CC1
C1CCC(CCC2CCCC(C3CCCCC3)C2)CC1
C1CCC(C2CCC(C3CCCCC3)C(C3CCCC3)C2)CC1
C1CCC(C2CCC(C3CCC(C4CCCC(C5CCCC5)C4)CC3)C3CCCC23)CC1
C1CCC(CCC2CCC(CC3CC4CCCCC4C3)CC2)CC1
C1CCC(CC2CCC(C3CCCCC3)CC2)CC1
C1CCC(C2CCCC(C3CCCCC3)C2C2CCCC2)CC1
C1CCC(CC2CCC(CC3CC(C4CCCC(C5CCC6CCCCC65)C4)C4CCCCC34)CC2)CC1
C1CCC(CC2CCC(C3CCCC(CCCC4CC5CCCCC5C4)C3)CC2)CC1
C1CCC(CC2CCC(C3CCCC(C4CCCC(C5CCC5)C4)C3)CC2)CC1
C1CCC(C2CCCCC2CC2CC(C3CCCCC3)C3CCCCC23)CC1
C1CCC(CC2CCC(C3CCC(CC4CCCCC4)CC3CC3CCCCC3)CC2)CC1
C1CCC(C2CCC(C3CCCC(C4CCCC4)C3)CC2)CC1
C1CCC(CCC2CC(C3CCCCC3)CC(C3CCCC3)C2)CC1
C(CCC1CCCC(C2CCCCC2)C1)CCC1CCC2CCCCC2C1
C1CCC(C2CCC(C3CCCC(CC4CCCC4)C3)CC2)CC1
C1CCC(CC2CCC(C3CC3)CC2)CC1
C1CCC(CC2CCC(C3CCC(C4CCCC(C5CCCCC5)C4)CC3)CC2)CC1
C1CCC(CC2CCCC(CC3CC(C4CCCC4)C4CCCCC34)C2)CC1
C1CCC(CCC2CCC(CC3CCC(CC4CCCCC4)CC3)CC2)CC1
C1CCC(CCC2CCC(C3CCC(C4CCC4)CC3)CC2)CC1
C1CCC(C2CCCCC2CCC2CCC(CCC3CC4CCCCC43)CC2)CC1
C1CCC(CCCC2CCCC(C3CCC(C4CCC4)CC3)C2)CC1
C1CCC(CCC2CC(CC3CCCCC3)CC(CC3CC3)C2)CC1
C1CCC(CC2CC(C3CCC(C4CC5CCCCC5C4)CC3)C3CCCCC23)CC1
C1CCC(CC2CCC(C3CCCCC3CC3CCCCC3)C(C3CCCC3)C2)CC1
C1CCC(C2CCC(CCC3CCC(CC4CCCC4)CC3)CC2)CC1
C1CCC(CCC2CCCCC2)CC1
C1CCC(C2CCCC(CC3CCCCC3C3CCC(C4CCCC4)CC3)C2)CC1
C1CCC(CC2CCC(CC3CCC(C4CCCCC4)CC3)CC2)CC1
C1CCC(CC2CCCCC2C2CCC3CCCC3C2)CC1
C1CCC(CC2CCCCC2CC2CCC(C3CCCCC3C3CCCCC3)CC2)CC1
C1CCC(CCCC2CCC(C3CCCCC3)CC2)CC1
C1CCC(CCCCC2CCCCC2)CC1
C1CCC(CCC2CCC(CC3CCCCC3)C(CC3CCCCC3)C2)CC1
C1CCC(CC2CCC(C3CCCCC3)CC2)CC1
C1CCC(C2CCCCC2)CC1
C1CCC(CC2CCC(CCC3CCC4CCCCC43)CC2)CC1
C1CC2CCC(C3CCCCC3CC3CCCC4CC(C5CCCCC5C5CCCC5)CC34)CC2C1
C1CCC(CCCC2CCC(C3CCC(C4CCC5CCCCC5C4)CC3)CC2)CC1
C1CCC(CC2CCC(C3CCC(C4CCCCC4)CC3)CC2CC2CCCCC2)CC1
C1CCC(CC2CCC(CC3CCCC(C4CCCCC4)C3)CC2)CC1
C1CCC(CC2CCC(CC3CCC(CCC4CCC5CCCCC54)CC3)CC2)CC1
C1CCC(C2CCCC(C3CCCC(C4CCCC4)C3)C2)CC1
C1CCC(CCCC2CCC3CC(C4CC(C5CCCCC5)CCC4C4CCC5CCCC5C4)CCC23)CC1
C1CCC(CCC2CCC(CC3CCCCC3)CC2)CC1
C1CCC(CCC2CCC(CC3CCC(CCC4CCCCC4)CC3)CC2)CC1
C1CCC(CCCC2CCC(CC3CCCCC3)CC2C2CCCC2)CC1
C1CCC(CCC2CCC(CC3CCC(C4CCC(C5CCCC5)CC4)C(CC4CCCCC4)C3)CC2)CC1
C1CCC(CC2CCCCC2C2CCCC2C2CCC(C3CCCC(C4CCCC4)C3)CC2)CC1
C1CCC(CCCC2CCC(C3CCCCC3)CC2)CC1
C1CCC(C2CCCC(CC3CC(CC4CCC(C5CCCC6CCCCC65)C4)C4CCCCC34)C2)C1
C1CCC(CCC2CCCCC2C2CCCCC2C2CCCC2)CC1
C1CCC(C2CCC(CCCCC3CCCC(C4CCCCC4)C3)CC2)CC1
C1CCC(CCC2CCCC(C3CCCCC3CCC3CCCCC3)C2)CC1
C1CCC(CCC2CCCCC2C2CCCC(CC3CCC(C4CCCCC4)CC3)C2)CC1
C1CCC(C2CCC(C3CCC(C4CCCC4)CC3)CC2)CC1
C1CCC(C2CC(CC3CCC4CCCC4C3)CC(C3CCCCC3)C2)CC1
C1CCC(C2CCCC(C3CCCC(C4CCC(C5CC6CCCCC6C5)CC4)C3)C2)CC1
C1CCC(CC2CC(CCC3CCCC3)CC(CC3CCCCC3)C2)CC1
C1CCC(CC2CCC(CC3CCC(C4CCCCC4)C3)CC2)CC1
C1CCC(CC2CCC(C3CCCCC3C3CCCCC3)C(C3CCCC3)C2)CC1
C1CCC(C2CCC(C3CCCCC3)CC2)CC1
C1CCC(CC2CCC(C3CC(C4CCCCC4)CC(C4CC4)C3)CC2)CC1
C(CCC1CCC(CC2CCC(C3CCCC3)CC2)CC1)CCC1CCC(C2CCCCC2)CC1
C1CCC(C2CC(CC3CCC(CC4CCCC4)CC3)CC(C3CCCC3)C2)CC1
C1CCC(C2CCC(C3CCCC(C4CCCCC4)C3)CC2)CC1
C1CCC(CC2CCC(CC3CCCCC3C3CCCCC3)CC2)CC1
C1CCC(C2CCCC(C3CCCCC3)C2)CC1
C1CCC(CCCC2CCCC(CCCC3CCCCC3)C2)CC1
C1CCC(CC2CCC(CCCC3CCCC4CCCCC43)CC2)CC1
C1CCC(CC2CCC(CC3CCCCC3)CC2)CC1
C1CCC(C2CCCC(CCC3CCCCC3CC3CCCC3)C2)CC1
C1CCC(C2CCC(C3CCC(C4CCC4)C(C4CCCCC4)C3)CC2)CC1
C1CCC(C2CCC(CCCC3CC3)CC2)CC1
C1CCC(CC2CCCCC2C2CCC3CCCC3C2)CC1
C1CCC(CC2CCCC(C3CC(CC4CCCCC4)CC(C4CC4)C3)C2)CC1
C1CCC(CC2CCC(CC3CCCCC3)CC2)CC1
C1CCC(CC2CCCC(C3CCC(C4CCCC4)CC3)C2)CC1
C1CCC(CC2CCCC(CC3CCCCC3)C2)CC1
C1CCC(CC2CCCCC2C2CCC(C3CC4CCCCC4C3)CC2)CC1
C1CCC(CC2CCCC(CC3CCCCC3C3CCCCC3)C2)CC1
C1CCC(C2CCCC(CC3CCCC4CC(C5CCCCC5)CCC34)C2)CC1
C1CCC(CC2CCCC(C3CCCC(CC4CCCC(C5CCC6CCCCC65)C4)C3)C2)CC1
C1CCC(C2CCC(CCCCCC3CCC4CCCCC34)CC2)CC1
C1CCC(CC2CCC(C3CCC(C4CC5CCCCC5C4)CC3)CC2C2CCC3CCCC3C2)CC1
C1CCC(CC2CCC(CCCC3CCC(C4CCC(C5CCCCC5)CC4)CC3)CC2)CC1
C1CCC(C2CCCC(C3CCCC(C4CCCCC4)C3)C2)CC1
C1CCC(CCC2CCCCC2C2CCCCC2)CC1
C1CCC(C(C2CCCCC2)C2CCC(C3CCCC3)CC2)CC1
C1CCC(C2CCC(C3CCC4CCCCC43)CC2)CC1
C1CCC(CC2CCC(C3CCCC3)CC2C2CCCCC2)CC1
C1CCC(CCC2CCC(CC3CCC(CC4CCCCC4)CC3)CC2)CC1
C1CCC(C2CCC(CC3CCC(CCC4CCC(C5CCC6CCCC6C5)CC4)CC3)CC2)CC1
C1CCC(CC2CCC(C3CCCCC3C3CCC4CCCC4C3)CC2)CC1
C1CCC(C2CCC(CCC3CCCC(C4CCCCC4)C3)CC2)CC1
C1CCC(CC2CCCC(C3CCCCC3)C2)CC1
C1CCC(C2CCC3C(CC4CCC(C5CC5)CC4)CCC3C2)CC1
C1CCC(C2CCCCC2C2CCC3CCCC3C2)CC1
C1CCC(CC2CCCC(C3CCCC(CC4CCCC(C5CCCCC5)C4)C3)C2)CC1
C1CCC(CCC2CC3CCCCC3C(C3CCCCC3)C2)CC1
C1CCC(CC2CCCCC2CC2CCC(C3CC4CCCCC4C3)CC2)CC1
C1CCC(C2CCC(CC3CCC(CC4CCC(C5CCCCC5)CC4)CC3)CC2)CC1
C1CCC(C2CCCCC2C2CCCCC2)CC1
C1CCC(CC2CCCCC2C2CCC(CC3CCCC(C4CCCCC4)C3)CC2)CC1
C1CCC(C2CCCC(CC3CCCCC3C3CCCCC3)C2)CC1
C1CCC(CCCC2CC(CC3CCCCC3)CC(C3CCCCC3)C2)CC1
C1CCC(CCC2CCC(CCC3CCC(C4CCCCC4)CC3)CC2)CC1
C1CCC(C2CCC(C3CCCCC3)C(C3CCCCC3)C2)CC1
C1CCC(CC2CCC(C3CCCC(CC4CCCCC4)C3)CC2)CC1
C1CCC(C2CCCC(CC3CCCC(C4CCCCC4)C3)C2)CC1
C1CCC(CCC2CCCCC2C2CCC(C3CCCC4CC(C5CCCCC5)CCC43)CC2)CC1
C1CCC(C2CCCC(C3CCCC(C4CCCCC4)C3)C2)CC1
C1CCC(CCCCC2CCC(CC3CCC(CCCC4CC5CCCCC5C4)CC3)CC2)CC1
C1CCC(CC2CCCC(C(C3CCCCC3)C3CCCC(C4CCCC4)C3)C2)CC1
C1CCC(C2CCC(CCC3CCCC(C4CCC(CC5CCC6CCCCC6C5)CC4)C3)CC2)CC1
C1CCC(C2CCC(CC3CCCCC3C3CCCCC3)CC2)CC1
C1CCC(C2CCCC(CC3CCC(CC4CCC(CCCC5CCC5)CC4)CC3)C2)CC1
C1CCC(CC2CCC(C3CCCC(C4CCCCC4)C3)CC2)CC1
C1CCC(C2CCC(CCC3CCC(C4CCCC4)C(CC4CCC5CCCCC5C4)C3)C2)CC1
C1CCC(CC2CCC(CC3CCC(C4CCCCC4)CC3)CC2)CC1
C1CCC(CC2CCCC(CC3CCCC(CC4CC5CCCCC5C4)C3)C2)CC1
C1CCC(CC2CCCC(C3CC(CC4CCCCC4)CC(C4CCC4)C3C3CCCCC3)C2)CC1
C1CCC(C2CCC(C3CCCCC3C3CCCCC3)CC2)CC1
C1CCC(C2CCCCC2C2CCC(C3CCCC(CC4CCC5CCCCC54)C3)CC2)CC1
C1CCC(CC2CCCC(CC3CCCC(CC4CCCCC4)C3)C2)CC1
C1CCC(C2CCC(C3CCCCC3C3CCC4CCCCC4C3)CC2)CC1
C1CCC(CCC2CCC(CC3CCCCC3)CC2)CC1
C1CCC(C2CCCC(CC3CCCC3)C2)CC1
C1CCC(CC2CCC(CC3CCCCC3)CC2)CC1
C1CCC(C2CCCCC2CC2CCCC(CC3CCCCC3C3CCC4CCCCC4C3)C2)CC1
C1CCC(CCC2CC(CC3CCCCC3)CC(C3CCCCC3)C2)CC1
C1CCC(CCC2CC(CCCCC3CCC4CCCCC4C3)C3CCCCC23)CC1
C1CCC(C2CCCC(CCC3CCCCC3C3CCCC3)C2)CC1
C1CCC(CCCC2CCC(CCC3CC4CCCCC4C3)CC2)CC1
C1CCC(CC2CCCC(CCC3CCC(C4CCCCC4)CC3)C2)CC1
C1CCC(CCC2CCCC(CCC3CCCCC3)C2)CC1
C1CCC(CCCC2CCC(C3CCCC(C4CCCCC4)C3)CC2)CC1
C1CCC(CC2CCCC(C3CCCC(C4CCCC(C5CCC5)C4)C3)C2)CC1
C1CCC(CCCC2CCCC(C3CCCCC3)C2)CC1
C1CCC(C2CCC(C3CCCCC3)C(C3CCCC3)C2)CC1
C1CCC(CC2CCCC(CC3CCCC(CC4CCCCC4)C3)C2)CC1
C1CCC(C2CCCC(C3CCCCC3C3CCCCC3)C2)CC1
C1CCC(C2CCC3CC(C4CCC5CCCCC5C4)C(C4CCCCC4)C3C2)CC1
C1CCC(C2CCCCC2C2CCCCC2)CC1
C1CCC(CCCC2CCC(CCC3CCC(CC4CCCCC4)CC3)CC2)CC1
C1CCC(C2CCC(C3CCCC(CCC4CC5CCCCC5C4)C3)CC2)CC1
C1CCC(C2CCCC(C3CCC(C4CC5CCCCC5C4)CC3)C2)CC1
C1CCC(CC2CCC(C3CCC(CC4CCCCC4C4CCC(C5CCCCC5)C4)CC3)CC2)CC1
C1CCC(C2CC3CCCCC3C(C3CCCCC3)C2)CC1
C1CCC(CCC2CC3CCC(C4CCC(C5CCCCC5)CC4)CC3C(C3CCCCC3)C2)CC1
C1CCC(CCC2CCCC(CCC3CCCC(C4CCCCC4)C3)C2)CC1
C1CCC(CC2CCC(CCC3CCC(C4CC(C5CCCCC5)C4)CC3)CC2)CC1
C1CCC(CC2CCC(C3CC(CC4CCCCC4)C4CCCCC43)CC2)CC1
C1CCC(CCC2CCCC(C3CCCC(C4CCCC4)C3)C2)CC1
C1CCC(CC2CCC(CCCC3CCCCC3C3CCCC3)CC2)CC1
C1CCC2CC(C3CCCC(C4CCCC5CC(CC6CCC7CCCCC76)CCC54)C3)CCC2C1
C1CCC(CC2CCC(C3CC4CCCCC4C3)CC2)CC1
C1CCC(CCCC2CCCC(CCC3CCC4CCCC4C3)C2)CC1
C1CCC(CC2CCCC(C3CCC4CCCCC43)C2)CC1
C1CCC(C2CCCCC2C2CCC(CC3CCCC(C4CC4)C3)CC2)CC1
C1CCC(CCC2CCC(C3CCC(C4CCC(CC5CC5)CC4)CC3)CC2)C1
C1CCC(C2CCCC(C3CCCCC3)C2)CC1
C1CCC(CCCC2CCCC(C3CCCC(CC4CCCCC4)C3)C2)CC1
C1CCC(C2CCCCC2C2CCC3CCCCC3C2)CC1
C1CCC(C2CCCC(C(CC3CCCC3)C3CC4CCCCC4C3)C2)CC1
C1CCC(C2CC(C3CCC4CCCCC43)CC3CCC(CCCCC4CCC4)CC32)CC1
C1CCC(C2CCC(C3CCCC(C4CCCC4)C3)CC2)CC1
C1CCC(CCC2CCCCC2CC2CCCCC2)CC1
C1CCC(CCC2CCCC(C3CCC3)C2)CC1
C1CCC(CC2CCC(CC3CCCC(C4CCCC(C5CC5)C4)C3)CC2)CC1
C1CCC(C2CCCC(C3CCCCC3C3CCCCC3)C2)CC1
C1CCC(CC2CCC(C3CCCC(CC4CC5CCCCC5C4)C3)CC2)CC1
C1CCC(CCC2CCCCC2C2CCC(C3CCCCC3)CC2)CC1
C1CCC(CC2CCC(C3CCCCC3)CC2)CC1
C1CCC2C(C1)CCC2C1CCC(CC(C2CCCC2)C2CCC3CCCCC32)CC1
C1CCC(CC2CCC(C3CCCC(CCC4CCCCC4C4CCCCC4)C3)CC2)CC1
C1CCC(CC2CCC(CCC3CCC4CCCCC43)CC2)CC1
C1CCC(C2CCC(C3CCC(C4CC4)CC3C3CCCCC3)C(C3CCCCC3)C2)CC1
C1CCC(C2CCC(CC3CCC(CCC4CCCC4)CC3)CC2)CC1
C1CCC(CC2CCCCC2CC2CCC(C3CCC(C4CCCC4)CC3)CC2)CC1
C1CCC(CC2CC(CC3CCCCC3)C3CC(C4CCCCC4)CCC23)CC1
C1CCC(CCC2CCCC(CC3CCC(CC4CCC5CCCC5C4)CC3)C2)CC1
C1CCC(CCC2CCC(C3CC3)CC2C2CCCCC2)CC1
C1CCC(CCC2CCCC(CCC3CC4CCCCC4C3)C2)CC1
C1CCC(CC2CCC(C3CCCCC3)C(CC3CCC(C4CC4)CC3)C2)CC1
C1CCC(CCCCC2CCCC(CCC3CCCCC3CC3CCCCC3)C2)CC1
C1CCC(CCCC2CCCC(C3CCC(C4CCCC4)CC3)C2)CC1
C1CCC(C2CCC(C3CCCC(C4CCCCC4)C3)CC2)CC1
C1CCC(C2CCCCC2C2CC(C3CCCCC3C3CCCC3)CCC2C2CCC3CCCCC32)CC1
C1CCC(CCC2CCC(CC3CCCCC3)C(C3CCC4CCCC4C3)C2)CC1
C1CCC(CC2CC3CCC(C4CCCCC4)CC3C(C3CCCCC3)C2)CC1
C1CCC(C2CCCC(C3CCCCC3C3CCCCC3)C2)CC1
C1CCC(C2CCC3CC(CC4CCC5CCCCC5C4)CCC32)CC1
C1CCC(CCC2CCCC(CCC(CC3CCCCC3)C3CCCCC3)C2)CC1
C1CCC(CC2CCC(C3CCCCC3)CC2C2CCCCC2)CC1
C1CCC(CC2CCCC(C3CCCCC3)C2)CC1
C1CCC(CC2CCC(CC3CCCCC3)CC2)CC1
C1CCC(C2CCCCC2CC2CCC(CCC3CC4CCCCC4C3)CC2)CC1
C1CCC(CC2CCCC(C3CCCCC3)C2)CC1
C1CCC(C2CC(C3CCCCC3)C(C3CCCCC3)C(C3CCCCC3)C2)CC1
C1CCC(C2CCCCC2C2CCC(C3CCCC3)CC2C2CCCCC2)CC1
C1CCC(CC2CCC(CC3CCCC(C4CCCCC4)C3)CC2)CC1
C1CCC(C2CCC(CC3CCCC(C4CCC(C5CCCCC5)CC4)C3)CC2)CC1
C1CCC(CCC2CCCCC2C2CCCCC2C2CCC3CCCCC3C2)CC1
C(CCCC1CCC(CCC2CC3CCCCC3C2)CC1)CCC1CCCCC1
C1CCC(C2CCCC(C3CCCCC3)C2)CC1
C1CCC(C2CCCC(C3CCCC(CCC4CCCCC4C4CCCCC4)C3)C2)CC1
C1CCC(CC2CCCC(CCC3CCCC3)C2)CC1
C1CCC(CCCC(C2CCCCC2)C2CCC(C3CCCCC3)CC2)CC1
C1CCC(CC2CCCC(C3CCCCC3)C2)CC1
C1CCC(CC2CCCC(C3CCCCC3)C2)CC1
C1CCC(CCCC2CCC(C3CCCC(CC4CCCC4)C3)CC2)CC1
C1CCC(CC2CCC(CC3CCCC3)CC2)CC1
C1CCC(C2CCCCC2CCC2CCC(C3CC4CCCCC4C3)CC2)CC1
C1CCC(C2CCCC(CC3CCCCC3CC3CCC(C4CCCC(C5CCCCC5)C4)CC3)C2)CC1
C1CCC(CCC2CC3CCCCC3C2)CC1
C1CCC(CC2CCC(CCC3CCCC(CC4CCCCC4)C3)CC2)CC1
C1CCC(C2CCCCC2C2CCC3CCCCC32)CC1
C1CCC(C2CCC(CCC3CCC(C4CCCC4)CC3)CC2C2CCCCC2)CC1
C1CCC(CC2CCC(C3CC(CC4CCCC4)C4CCCCC43)CC2)CC1
C1CCC(CC2CC(C3CCCC3)CCC2C2CCCCC2)CC1
C1CCC(C2CCCC(C3CCCCC3)C2)CC1
C1CCC(CC2CCC(C3CCCCC3)CC2)CC1
C1CCC(CC2CCCCC2C2CCCC(C3CCC(C4CCCCC4)CC3)C2)CC1
C1CCC(C2CCCC(CC3CCC4CCCCC4C3)C2)CC1
C1CCC(CCCC2CCCCC2C2CCCC(C3CCCCC3)C2)CC1
C1CCC(CCC2CCC(CC3CCCCC3C3CCCCC3)CC2)CC1
C1CCC(CCC2CCC(C3CCCCC3C3CC4CCCCC4C3)CC2)C1
C1CCC(CC2CCC(CC3CC4CCCCC4C3)CC2)CC1
C1CCC(CCC2CCCC(C3CCC(C4CCCCC4)C3)C2)CC1
C1CCC(CC2CCC(C3CCCCC3)C(CC3CCC(C4CCCCC4)CC3)C2)CC1
C1CC(C2CCCC(C3CCC(CCC4CC5CCCCC5C4)CC3)C2)C1
C1CCC(CCCC2CC(CC3CCCCC3)CCC2C2CCCC2)CC1
C1CCC(CC2CCC(C3CC(C4CCC5CCCCC54)CC4CCCCC43)CC2)CC1
C1CCC(CCCC2CCC(C3CCCCC3)CC2)CC1
C1CCC(CCC2CCC(C3CCC4CCCCC43)CC2)CC1
C1CCC(CC2CCCCC2C2CCCCC2CC2CCCCC2)CC1
C1CCC(CC2CCCC3CC(CC4CCCC(C5CCCCC5)C4)CC23)CC1
C1CCC(CC2CC(C3CCC(C4CCCCC4)CC3)C3CCCCC23)CC1
C1CCC(CCC2CC(CC3CCCCC3)CC(C3CCCCC3)C2)CC1
C1CCC(CC2CCC(CCCC3CCCCC3C3CCC4CCCC4C3)CC2)CC1
C1CCC(CCC2CCC(CC3CCCCC3)CC2)CC1
C1CCC(CCCC2CCC(C3CCCCC3C3CCCCC3)CC2)CC1
C1CCC(C2CC(CCC3CCC(C4CCC5CCCCC5C4)CC3)C3CCCCC32)CC1
C1CCC(C2CCCC(C3CCCCC3)C2)CC1
C1CCC(CCC2CCCCC2C2CCCC(CC3CCCCC3)C2)CC1
C1CCC(CC2CC(C3CCC4CCCCC43)CC3CCCCC32)C(CC2CC3CCCCC32)C1
C1CCC(CC2CCCC(CC3CCCCC3)C2)CC1
C1CCC(CCCC2CCCC(C3CCCCC3)C2)CC1
C1CCC(CCCC2CC3CCC(C4CCC(C5CCC6CCCC6C5)C4)CC3C(C3CCCCC3)C2)CC1
C1CCC(C2CCC(C3CCC(C4CCCCC4)CC3)CC2)CC1
C1CCC(C2CCCCC2C2CCCC2)CC1
C1CCC(CC2CCC(C3CCC(C4CCCCC4)CC3)CC2)CC1
C1CCC(CC2CC(C3CCCCC3)CC(C3CC4CCCCC4C3)C2)CC1
C1CCC(C2CCC(CC3CC(C4CCCCC4)CCC3C3CCCCC3)C2)CC1
C1CCC(CCC2CCC(CCC3CCCCC3)CC2)CC1
C1CCC(CCC2CCC(C3CCC4CC(CC5CCCCC5)CCC43)CC2)CC1
C1CCC(C2CCC(C3CCC4CCCCC43)CC2)CC1
C1CCC(CC2CCC(C3CCC(C4CCCCC4)CC3C3CCCC3)CC2)CC1
C1CCC(CC2CC(C3CCCCC3CC3CCCCC3)C3CCCCC23)CC1
C1CCC(CC2CCC(C3CCC4CC(C5CCCCC5)CCC43)CC2)CC1
C1CCC(C2CCC(CC3CCCCC3C3CCCCC3)CC2)CC1
C1CCC(CCC2CCC(C3CCCC(C4CCCCC4)C3)CC2)CC1
C1CCC(C2CCCC(C3CC(C4CCCCC4)CC(C4CCCCC4)C3)C2)CC1
C(CCCC1CCC(CC2CCCCC2)CC1)CCCC1CCCC(C2CCCCC2)C1
C1CCC(CC2CC(C3CCC(C4CCC(C5CCC6CCCC6C5)CC4)CC3)C3CCCCC23)CC1
C1CCC(CCC2CCCC(C3CCC(CC4CCCCC4C4CCC5CCCCC54)CC3)C2)CC1
C1CCC(CCC2CCC(C3CCCC(CC4CCC(C5CCCCC5)CC4)C3)CC2)CC1
C1CCC(C2CCCC(C3CCC(C4CCCCC4C4CCCCC4)CC3)C2)CC1
C1CCC(CCC2CCC(C3CCC(C4CCCCC4CC4CCCCC4)CC3)CC2)CC1
C1CCC(CC2CCC(CC3CCC4CC(C5CCC6CCCCC65)CCC4C3)CC2)CC1
C1CCC(C2CCCCC2C2CCC(C3CCC4CCCCC43)CC2C2CCCC2)CC1
C1CCC(C2CCCC(C3CCCCC3C3CCC3)C2)CC1
C1CCC(C2CCC(C3CCC(C4CCCCC4)CC3)CC2)CC1
C1CCC(C2CCC(CCCCC3CC4CCCCC4C3)CC2)CC1
C1CCC(C2CCC(C3CCC(C4CCCC(C5CCC6CCCCC65)C4)CC3)CC2)CC1
C1CCC(CCC2CCC(C3CCC4CCCCC43)CC2)CC1
C1CCC(C2CCC(C3CCCC(CCC4CCCC4)C3)CC2)CC1
C1CCC(C2CCC(CCC3CCCC3)CC2)CC1
C1CCC(C2CCCC(C3CCCC(CC4CCC5CCCCC54)C3)C2)CC1
C1CCC(CC2CCC(C3CCCCC3)CC2)CC1
C1CCC(C2CCCC(C3CCCC(C4CCCC5CC(C6CCCCC6C6CCCCC6)CCC54)C3)C2)CC1
C1CCC(CC2CCCCC2C2CCCC3CCCCC32)CC1
C1CCC(CCC2CC(C3CCCCC3)CCC2C2CCCC2)CC1
C1CCC(CC2CCCC(C3CCC(CC4CCCCC4C4CCC(C5CCCCC5)CC4)CC3)C2)CC1
C1CCC(CC2CCC(C3CCC4C(CC5CC6CCCCC6C5)CCCC4C3)CC2)CC1
C1CCC(CC(CC2CCC(C3CCC(C4CCCCC4)CC3)CC2)C2CCCCC2)CC1
C1CC(CCC2CCCCC2CCCC2CC3CCCCC3C2)CC(CC2CC2)C1
C1CCC(CCCC2CCCC(CC3CCCCC3)C2)CC1
C1CCC(C2CCC(C3CCC(CCC4CCCCC4C4CCC5CCCC5C4)CC3)CC2)CC1
C1CCC(C2CCC(CC3CCC(C4CCCCC4C4CCCCC4)CC3)CC2)CC1
C1CC(C2CCC(CC3CCC(C4CCCC(CC5CC6CCCCC6C5)C4)CC3)CC2)C1
C1CCC(CC2CCCC(CC3CCCCC3)C2)CC1
C1CCC(CC2CCCCC2C2CCC(C3CCCCC3)CC2C2CCCCC2)CC1
C1CCC(CC2CCCC(C3CCCC(C4CCCCC4)C3)C2)CC1
C1CCC(C2CCC(C3CCCCC3C3CCCCC3)CC2)CC1
C1CCC(CC2CCCC(C3CCCCC3)C2)CC1
C1CCC(C2CCCC(CCC3CCC4CCCCC43)C2)CC1
C1CCC(CC2CCC(C3CCCCC3)CC2)CC1
C1CCC(CC2CCCCC2C2CCCCC2)CC1
C1CCC(CC2CCCC(C3CCCCC3)C2)CC1
C1CCC(CC2CCCC(C3CC(C4CCCCC4)CC(C4CCCCC4)C3)C2)CC1
C1CCC(C2CCC(C3CCC4CCCCC43)CC2)CC1
C1CCC(CC2CCCC(C3CCC(C4CCCCC4C4CCCC4)CC3)C2)CC1
C1CCC(C2CC(C3CCCC3)CC(C3CCCC(CCC4CCC5CCCC5C4)C3)C2)CC1
C1CCC(C2CC(CC3CCC4CCCCC43)CC3CCCCC32)CC1
C1CCC(CC2CCC(CC3CCC(CC4CCCCC4)CC3)CC2)CC1
C1CCC(CCC2CCC(CCC3CCCCC3)CC2)CC1
C1CCC(CCC2CCC(C3CCCC3)CC2)CC1
C1CCC(CCC2CCC(C3CC(C4CCCCC4)C4CCCCC34)CC2)CC1
C1CCC(CC2CCCCC2C2CCCC(C3CCCC(C4CCCC4)C3)C2)CC1
C1CCC(CC2CCC(CC3CCCCC3CC3CCC(CCCCC4CC4)CC3)CC2)CC1
C1CCC(C2CCC(C3CCCCC3C3CCCC3)C(C3CCCCC3)C2)CC1
C1CCC(C2CCCC(CC3CCCC(C4CCCCC4C4CCCCC4)C3)C2)CC1
C1CCC(CC2CCC(C3CCC4CCCC4C3)C(CC3CCC3)C2)CC1
C1CCC(CCCC2CCC(C3CCCCC3)CC2)CC1
C1CCC(CC2CCCC(CCCCC3CCC(C4CCC(C5CC5)CC4)CC3)C2)CC1
C1CCC(CC2CCC(C3CCC(C4CCCCC4)CC3)C(C3CCC4CCCC4C3)C2)CC1
C1CCC(C2CCC(CC3CCC(CC4CCCC4)CC3)CC2)CC1
C1CCC(CC2CCC(CCCC3CCCCC3C3CCCCC3)CC2)CC1
C1CCC(C2CCCC(C3CCC(C4CCCC4)CC3)C2)CC1
C1CCC(CC2CCC(CC3CCCCC3)CC2)CC1
C1CCC(CCCC2CCCC(C3CCC(C4CCCCC4)CC3C3CCCC3)C2)CC1
C1CCC(CC2CCC(C3CCCCC3CC3CCCCC3)CC2)CC1
C1CCC(CC2CCCCC2)CC1
C1CCC(C2CCCC(C3CCCCC3)C2)CC1
C1CCC(C2CCCC(C3CCCCC3C3CCC(C4CCCCC4)CC3C3CCCCC3)C2)CC1
C1CCC(CC2CCC(CCC(C3CCCCC3)C3CCCCC3)CC2)CC1
C1CCC(CC2CCC(CC3CCC(C4CCCC(C5CCCC5)C4)CC3)CC2C2CCCCC2)CC1
C1CCC(CCC2CCCC(C3CCCC(CC4CC4)C3)C2)CC1
C1CCC(CCCC(C2CCCCC2)C2CCCC(C3CCCCC3)C2)CC1
C1CCC(CCCC2CCC(CC3CCCCC3)CC2)CC1
C1CCC(CCC2CCC(C3CCC(C4CCCCC4)CC3)CC2)CC1
C1CCC(CCC2CCCCC2C2CCCC(C3CCCCC3)C2)CC1
C1CCC(CC2CC(C3CCCCC3)CCC2C2CCC3CCCCC32)CC1
C1CCC(C2CC(C3CCC4CCCC4C3)CCC2CC2CCC(C3CCCC3)CC2)CC1
C1CCC(C2CCC3C(C4CCCCC4)CC(C4CCCCC4)C3C2)CC1
C1CCC(C2CCC(C3CC(C4CCCCC4)C4CCCCC34)CC2)CC1
C1CCC(CC2CCCCC2C2CCCCC2)CC1
C1CCC(C2CCCC(C3CCCC(C4CCCCC4)C3)C2)CC1
C1CCC(CCC2CCCC(CC3CCCCC3)C2)CC1
C1CCC(C2CCCC(C3CC(C4CCCCC4)CC(C4CC4)C3)C2)CC1
C1CCC(C2CCC(CC3CCCCC3C3CCCCC3C3CCCCC3)CC2)CC1
C1CCC(C2CCC(CC3CCC3)CC2)CC1
C(CCCC1CCCCC1)CCCC1CCCC(C2CCCCC2)C1
C1CCC(C2CCC(CCC3CCCC(C4CCCCC4)C3)CC2)CC1
C1CCC(CCCC2CCCCC2C2CCCC2)CC1
C1CCC(C2CC(C3CCCCC3)CC(C3CCCCC3C3CCCCC3)C2)CC1
C1CCC(CC2CCCCC2C2CCCCC2)CC1
C1CCC(CC2CCC(C(CC3CCCCC3)C3CCCCC3)CC2)CC1
C1CCC(C2CCCC(CC3CC4CCCC(CCCC5CCCC(C6CCC6)C5)C4C3)C2)CC1
C1CCC(CC2CCC(C3CCC(C4CCCC(CC5CC6CCCCC6C5)C4)CC3)CC2)CC1
C1CCC(C2CCCC(C3CCCCC3)C2)CC1
C1CCC(C2CCCC(C3CCCC(C4CCCCC4)C3)C2)CC1
C1CCC(C2CC(C3CCCC(C4CCCC4)C3)CC(C3CCC4CCCC4C3)C2)CC1
C1CCC(CC2CCC(C3CCC(C4CCCCC4)CC3)CC2)CC1
C1CCC(CCC2CCCC(C3CCCCC3)C2)CC1
C1CCC(CC2CCC(CC3CCCC(CC4CCCCC4)C3)CC2)CC1
C1CCC(CC2CCC(CCC3CCC(C4CCC4)CC3)CC2)CC1
C1CCC(C2CC(C3CCC(C4CCC(CCCC5CCC6CCCCC6C5)CC4)CC3)C2)CC1
C1CCC(CC2CCC(C3CCC(C4CCC(C5CCCCC5)CC4)CC3)C2)CC1
C1CCC(CCCCC2CCCCC2)CC1
C1CCC(CCCC2CCC(CC3CCCC(C4CCCCC4)C3)CC2)CC1
C1CCC(CCC2CC(C3CC3)CC(C3CCCC(C4CCCCC4)C3)C2)CC1
C1CCC(C2CCCCC2C2CCC(C3CCCCC3C3CCC3)CC2)CC1
C1CCC2CC(C3CCC(CCC4CC5CCCCC5C4)CC3C3CCCC3)CCC2C1
C1CCC(C2CCC(CC3CCC(CC4CCC(C5CCCCC5)CC4)CC3)CC2)CC1
C1CCC(CCC2CCCC(CC3CCC(C4CCCCC4)CC3)C2)CC1
C1CCC(C2CCCC(C3CCC(C4CCCCC4)C3)C2)CC1
C1CCC(CCCCC2CCC(CC3CCCCC3)CC2)CC1
C1CCC(C2CCC(C3CCCCC3C3CCCC3)C(C3CCCCC3)C2)CC1
C1CC(CC2CCCC(CC3CCC4CCCCC43)C2)CC(CC2CC3CCCCC3C2)C1
C1CCC(CCCC2CC(CC3CCCCC3)CCC2C2CC2)CC1
C1CCC(C2CCC(CCC3CC(C4CCCCC4C4CCCCC4)C4CCCCC34)CC2)CC1
C1CCC(CC2CCCC(C3CCCCC3)C2)CC1
C1CCC(C2CCC(CC3CCC4CCCCC4C3)CC2)CC1
C1CCC(CC2CCC(C3CCCC(C4CCCC(CC5CCC6CCCCC65)C4)C3)CC2)C1
C1CCC(C2CCC(C3CCC(C4CCC(C5CCCC5)CC4)CC3)CC2)CC1
C1CCC(CCC2CCC(C3CCCC(C4CCCCC4)C3)CC2)CC1
C1CCC(CC2CCC(C3CCCCC3)CC2)CC1
C1CCCCC1
C1CCC(CCCCC2CCCC(C3CCCC3)C2)CC1
C1CCC(C2CCC(C3CCCCC3)CC2)CC1
C1CCC(C2CCC(CC3CCCC(C4CCCCC4)C3)CC2)CC1
C1CCC(CC2CCCC(C(CCC3CC4CCCCC4C3)C3CCCCC3)C2)CC1
C1CCC(CC2CCC3C(C4CCCCC4)CC(C4CC5CCCCC5C4)C3C2)CC1
C1CCC(CC2CCCC(C3CCCC(C4CCCC(C5CCC(C6CCCC6)CC5)C4)C3)C2)CC1
C1CCC(C2CC(CC3CCCC4CCCCC43)CC(C3CCCCC3)C2)CC1
C1CCC(CC2CC3CC(C4CCCCC4C4CCCCC4)CCC3C(C3CCC3)C2)CC1
C1CCC(C2CCC(C3CCCC3)C(C3CCCC3)C2)CC1
C1CCC(CCCC2CCC(CC3CCCCC3)C(C3CCCC3)C2)CC1
C1CCC(CC2CCCCC2C2CCCC(CC3CCCC(CC4CC4)C3)C2)CC1
C1CCC(CC2CCCCC2)CC1
C1CCC(CC2CCC(CCCC3CCC(CC4CCCC4)CC3)CC2)CC1
C1CCC(CC2CCC(CC3CCCC(CCC4CCCC4)C3)CC2)CC1
C1CCC(CC2CCCC(C3CCCC(CC4CCCCC4)C3)C2)CC1
C1CCC(CCCC2CCCC(CC3CCCCC3)C2)CC1
C1CCC(CCCCC2CCCC(CC3CCCCC3)C2)CC1
C1CCC(C2CCCC3CCC(C4CCC5CCCC5C4)CC32)CC1
C1CCC(C2CCC(C3CCCCC3)CC2)CC1
C1CCC(C2CCCCC2C2CCC(C3CCCC(C4CCCC4)C3)CC2)CC1
C1CCC(CC2CCC(CCCC3CCC(C4CCCCC4)CC3)CC2)CC1
C1CCC(CC2CC(C3CCCCC3)C3CCCCC23)CC1
C1CCC(C2CCCCC2)CC1
C1CCC(CC2CCCC(C3CC(CC4CC4)CC(C4CCCCC4)C3)C2)CC1
C1CCC(CC2CCC(CC3CCCC(CCC4CCCC5CCCCC54)C3)CC2)CC1
C1CCC(C2CCCC(C3CCCC(C4CCCCC4)C3)C2)CC1
C1CCC(CCCC2CCCC(C3CCCC(CC4CCCCC4)C3)C2)CC1
C(CCC1CCC(C2CCCCC2)CC1)CCC1CCC(C2CCCC(C3CCC3)C2)CC1
C1CCC(C2CC(C3CCCCC3)CC(C3CCC3)C2)CC1
C1CCC(C2CCC3CCCCC3C2)CC1
C1CCC(C2CCCC(CCC3CCC(C4CCCCC4)C3)C2)CC1
C1CCC(C2CCC(CCC3CC4CCCCC4C3)CC2)CC1
C1CCC(CCC2CCCC(CC3CCC(CC4CCC(C5CCCC5)CC4)CC3)C2)CC1
C1CCC(C2CCC(C3CCC(C4CCCCC4)C4CCCC34)CC2)CC1
C1CCC(C2CCCC3CCC(C4CCC5CCCCC5C4)C32)CC1
C1CCC(CCCC2CCCC(CC3CCCCC3CC3CC4CCCCC4C3)C2)CC1
C1CCC(CC2CCC(CCC3CCCCC3C3CCCCC3C3CCCCC3)CC2)CC1
C1CCC(CC2CCC(CC3CCCCC3)CC2)CC1
C1CCC(CCC2CC(C3CCCC3)CC(C3CCCCC3)C2C2CCCC(C3CC3)C2)CC1
C1CCC(C2CCCC(CCC3CC(C4CCCCC4)C3)C2)CC1
C1CCC(CCC2CCCC(C3CCC4CCCC4C3)C2)CC1
C1CCC(CCC2CC(C3CCCCC3)CC(C3CCCC3)C2)CC1
C1CCC(CC2CCCCC2C2CCC(C3CCCCC3)CC2)CC1
C1CCC(CCC2CCCCC2CC2CCCC(C3CCCCC3)C2)CC1
C1CCC(CC2CCC(CCC3CCCC(C4CCCCC4)C3)CC2)CC1
C1CCC(CCCC2CCCCC2C2CCC(CC3CCCC3)CC2)CC1
C1CCC(CCCC2CCC(CC3CCC(CC4CCCCC4)CC3)CC2)CC1
C1CCC(CCCC2CCCCC2)CC1
C1CCC(C2CCCC(CCCC3CCC4CC(CCCC5CCCC5)CCC34)C2)CC1
C1CCC(CC2CC(C3CCCCC3)C3CC(C4CCCCC4)CCC23)CC1
C1CCC(CC2CCC(CCC3CCCC3)C(C3CCC(C4CCCC4)CC3)C2)CC1
C1CCC(CC2CCC(C3CC(CC4CCCCC4)C4CCCCC43)CC2)CC1
C1CCC(CC2CCCCC2CC2CCC(C3CCC4CCCCC4C3)CC2)CC1
C1CCC(CC2CCC(C3CCCCC3)CC2C2CCCC2)CC1
C1CCC(C2CCCCC2)CC1
C1CCC(C2CCCC3CCCCC32)CC1
C1CCC(CCCC2CCC(CCCC3CCC(C4CCCCC4C4CCCC4)CC3)CC2)CC1
C1CCC(CC2CCCC(C3CCCCC3)C2)CC1
C1CCC(CC(C2CCCC2)C2CCCC(C3CCC(C4CCC4)CC3)C2)CC1
C1CCC(CCC2CCCC(CC3CCCC(C4CCCCC4)C3)C2)CC1
C(CCC1CCC(CC2CCCCC2)CC1)CCC1CCC(C2CCCCC2)CC1
C1CCC(C2CCCC(C3CCCC3)C2)CC1
C1CCC(CC2CCCCC2C2CCCCC2)CC1
C1CCC(CC2CCC(C3CCCC(CC4CCC(C5CCCCC5)CC4)C3)CC2)CC1
C1CCC(CCCC2CCC(CCC3CC4CCCCC4C3)CC2)CC1
C1CCC(CC2CCCCC2CC2CCCCC2)CC1
C1CCC(CC2CCCCC2C2CCC(C3CCCCC3)C2)CC1
C1CCC(CCC2CCC(C3CCCCC3)C(CC3CCC3)C2)CC1
C1CCC(CC2CCCC(CCCC3CCCCC3C3CCCCC3)C2)CC1
C1CCC(CCCC2CCCC(C3CCCC(CC4CCCCC4)C3)C2)CC1
C1CCC(C2CCC(CC3CCCC(C4CCCC4)C3)CC2)CC1
C1CCC(CCCC2CCCC(C3CCCC(CCCC4CCC(C5CCCCC5)CC4)C3)C2)CC1
C1CCC(C2CCC(C3CCC(C4CCCCC4)CC3)CC2)CC1
C1CCC(CCC2CCC(C3CCC(C4CCCCC4CC4CCCCC4)CC3)C2)CC1
C1CCC(C2CC(C3CCCCC3)CC(C3CCCCC3)C2)CC1
C1CCC(CC2CC(CC3CCCCC3)C3CCCCC23)CC1
C1CCC(CC2CCC(CCC3CC(CC4CCCCC4)C4CCCCC34)CC2)CC1
C1CCC(CC2CCC(C3CCCC(CC4CCCCC4)C3)CC2)CC1
C1CCC(CC2CCC(CC3CCC(CC4CCCCC4)CC3)CC2)CC1
C1CCC(CCC2CCC(C3CC(C4CCCCC4)C4CCCCC34)CC2)CC1
C1CCC(CCC2CCCCC2CC2CCCCC2)CC1
C1CCC(CCCCC2CCC(CC3CCCCC3)CC2)CC1
C1CCC(CC2CCC(C3CCCC(C4CCCCC4)C3)CC2C2CCCC2)CC1
C1CCC(CC2CCC(C3CCCC(CC4CCCCC4)C3)CC2)CC1
C1CCC(CC2CCC(C3CCCCC3)CC2)CC1
C1CCC(CCC2CCCC(CCC3CCCCC3)C2CC2CCCCC2)CC1
C1CCC(CC2CC(C3CCCCC3CC3CCCCC3)C3CCCCC23)CC1
C1CCC(C2CCC(CCCC3CCC4CCCCC43)CC2)CC1
C1CCC(CC2CC(C3CCCCC3C3CCCCC3)C3CCCCC23)CC1
C1CCC(C2CCC3CC(C4CCC5CCCCC54)CCC3C2)C1
C1CCC(CCCCCC2CCC(C3CCC(C4CC4)CC3)CC2)CC1
C1CCC(CCC2CC3CCCCC3C3CCCCC23)CC1
C1CCC(C2CCCC(CCC3CCC(C4CC5CCCCC5C4)CC3)C2)CC1
C1CCC(CCCC2CC(C3CCCCC3)C3CCCCC23)CC1
C1CCC(CCC2CCCCC2C2CCCCC2CC2CCCCC2)CC1
C1CCC(CCCC2CCC(CC3CCCCC3)CC2)CC1
C1CCC(CCCCC2CCCC(C3CCCC(CC4CCCCC4)C3)C2)CC1
C1CCC(CC2CCC(C3CCCCC3CC3CCCCC3)CC2)CC1
C1CCC(C2CCC(C3CCCC(CC4CCC5CCCCC5C4)C3)CC2)C1
C1CCC(C2CCC(CC3CCC4CCCCC43)CC2)CC1
C1CCC(CC2CCC(CC3CC3)C(CC3CCCC(C4CCCCC4)C3)C2)CC1
C1CCC(CC2CCC(CCC3CCCC(C4CCCCC4)C3)CC2)CC1
C1CCC(CCCC2CCC(CCC3CCCCC3)CC2CCC2CCCCC2)CC1
C1CCC(C2CCCC(C3CCCCC3)C2)CC1
C1CCC(C2CCC(C3CCC(CC4CCCC(C5CCCC5)C4)CC3)C2)CC1
C1CCC(CC2CCC(CC3CCC(CC4CCCCC4)C(C4CCCCC4)C3)CC2)CC1
C1CCC(CC2CCCC(C3CCCC(C4CCCC4)C3)C2)CC1
C1CCC(CCC2CCC3C(CC4CCCCC4)CC(C4CCCCC4)C3C2)CC1
C1CCC(CC2CCC(CC3CCC(CC4CCCCC4)CC3)CC2)CC1
C1CCC(C2CCC(C3CCC(CC4CCCC4)CC3)CC2)CC1
C1CCC(CCCC2CCC(C3CCCCC3)CC2)CC1
C1CCC(CCC2CCC(CC3CCC(C4CCCCC4)CC3)CC2)CC1
C1CCC(CCC2CCC(CC3CCCCC3C3CCCCC3)CC2)CC1
C1CCC(CCC2CCCCC2C2CCCCC2)CC1
C1CCC(CCCC2CCC(C3CCC4CCCCC43)CC2)CC1
C1CCC(C2CC3CCCCC3C(C3CCCCC3)C2)CC1
C1CCC(CCC2CCCCC2C2CC3CCCCC3C2)CC1
C1CCC(CCC2CCC(CC3CCC(C4CCCCC4)CC3)CC2)CC1
C1CCC(CC2CCC(CC3CCC(C4CCCC(C5CCCCC5)C4)CC3)CC2)CC1
C1CCC(CC2CCCC(C3CCCC(C4CCCCC4)C3)C2)CC1
C1CCC(CC2CCCCC2)CC1
C1CCC(CC2CCCCC2CC2CCCC(C3CCCCC3)C2)CC1
C1CCC(CCC2CCC3C(CCC3C3CCC(CC4CCCCC4)CC3)C2)CC1
C1CCC(CCCCC2CCCCC2CC2CCC(CC3CCC(C4CCCC4)CC3)CC2)CC1
C1CCC(C2CCCCC2C2CCC(CC3CCCC(C4CCCC4)C3)C2)CC1
C1CCC(CC2CCCCC2CC2CCC(CC3CCCC(C4CC4)C3)CC2)CC1
C1CCC(C2CCC(CCC3CCCC(C4CCCCC4)C3)CC2)CC1
C1CCC(CC2CCC(C3CCCCC3)C(CC3CCCCC3)C2)CC1
C1CCC(C2CCCC(CC3CCC(CC4CC5CCCCC5C4)CC3)C2)C1
C1CCC2C(C1)CCC2CC1CC2CCC(C3CCCC4CCCCC43)CC2C1
C1CCC(CCCC2CCC(C3CCCCC3CC3CCCCC3)CC2)CC1
C1CCC(C2CCC(C3CCCC(C4CCC4)C3)CC2)CC1
C1CCC(CC2CCC(C3CCCC(CCC4CCC5CCCC5C4)C3)CC2)CC1
C1CCC(C2CCCCC2)CC1
C1CCC(CC2CCC(CC3CCCCC3)CC2)CC1
C1CCC(CCC2CCCC(CC3CCCC(C4CCCCC4)C3)C2)CC1
C1CCC2CC(CC3CCC(C4CCC(C5CCC6CCCCC65)CC4)CC3)CC2C1
C1CCC(CCCCC2CCCC(CC3CCCCC3)C2)CC1
C1CCC(CC2CCC(C3CCCCC3)CC2)CC1
C1CCC(C2CCC(C3CCCCC3C3CCCCC3)CC2)CC1
C1CCC(CCCC2CCC(CC3CCCCC3)CC2CCC2CCCCC2)CC1
C1CCC(CCC2CCCC(C3CCC(C4CCCCC4)CC3)C2)CC1
C1CCC(C2CCC(C3CCC(C4CCCC4)CC3)CC2)CC1
C1CCC(CC2CCCC(CC3CCC(CC4CCC(C5CCCC5)C4)CC3)C2)CC1
C1CCC(CC2CCC(CC3CCCC(CC4CCCCC4)C3)CC2)CC1
C1CCC(CC2CCC(C3CCC(CC4CCCCC4C4CCCCC4)CC3)CC2)CC1
C1CCC(C2CC(C3CC3)CC(C3CCC4CCCCC43)C2)CC1
C1CCC(C2CCCCC2C2CCC3C(CC4CC4)CC(CC4CCC(CCC5CCCC5)CC4)C3C2)CC1
C1CCC(CC2CCC(CCC3CCCC(C4CCCC(CC5CCCCC5)C4)C3)CC2)CC1
C1CCC(CC2CCC(C3CCCCC3CC3CCCCC3)C(CCC3CCCC3)C2)CC1
C1CC(CC2CC3CCCCC3C2)CC(C2CCC(C3CCCCC3C3CCCC3)CC2)C1
C1CCC(CCC2CCC(C3CCCCC3C3CCCCC3)C(C3CCCCC3)C2)CC1
C1CCC(CCCCCC2CCC(CCCC3CCCCC3)CC2)CC1
C1CCC(CC2CCC(C3CCC(CC4CC4)CC3)CC2)CC1
C1CCC(CCCC2CCCC(CCC3CCC(CCC4CC5CCCCC5C4)CC3)C2)CC1
C1CCC(CC2CCCC(C3CCC4C(C5CCCC5)CC(C5CCCCC5)C4C3)C2)CC1
C1CCC(CC2CCC(CC3CCCC(CC4CCCCC4)C3)CC2)CC1
C1CCC(C2CCC(C3CCCCC3)CC2)CC1
C1CCC(CC2CCC(C3CCCCC3C3CCC(CC4CCCCC4)CC3)CC2)CC1
C1CCC(CC2CCCC(C3CCCCC3C3CCCC(C4CCC(CC5CC5)CC4)C3)C2)CC1
C1CCC(CC2CCCCC2)CC1
C1CCC(C2CC(CC3CCCC3)CC(C3CCC4CCCCC43)C2)CC1
C1CCC(CC2CCCCC2CCCC2CCCC(CCC3CCC(C4CCCCC4)CC3C3CC3)C2)CC1
C1CCC(CC2CCCC(CC3CCCC(C4CCC(C5CCCC5)CC4)C3)C2)CC1
C1CCC(CCC2CCC(C3CCCCC3)CC2)CC1
C1CCC(CC2CC(CCCC3CCCC(C4CCCC4)C3)C3CCCCC23)CC1
C1CCC(CCC2CCC(C3CCCCC3)CC2)CC1
C1CCC(CC2CCC(C3CCCCC3)CC2)CC1
C1CCC(C2CCC(C3CCCC(C4CCCCC4)C3)CC2)CC1
C1CCC(CCC2CCC(C3CCC(CCC4CCCCC4)CC3)CC2)CC1
C1CCC(C2CCCC(C3CCC(CCCC4CCCC(C5CCCC5)C4)CC3)C2)CC1
C1CCC(C2CCC(C3CCC(C4CCCCC4)CC3)CC2)CC1
C1CCC(CC2CCCC(CC3CCCC(CC4CCC5CCCC5C4)C3)C2)CC1
C1CCC(C2CCC(CC3CCCC(C4CCCCC4C4CCCC4)C3)CC2)C1
C1CC(C2CCCC(C3CCC(CCC4CCC(C5CCCC(CC6CC7CCCCC7C6)C5)CC4)CC3)C2)C1
C1CCC(CC2CCCCC2C2CCCCC2)CC1
C1CCC(CCC2CCCCC2CCC2CCCCC2CC2CC3CCCCC3C2)CC1
C1CCC(C2CCC(CCCC3CCC(C45CC(C4)C5)CC3)CC2)CC1
C1CCC(CC2CCCC(C3CCC(CC4CC4)CC3)C2)CC1
C1CCC(CCCC2CCC(CC3CCCCC3)CC2)CC1
C1CCC(CCCC2CCCCC2C2CCC(C3CCCCC3)CC2)CC1
C1CCC(C2CC3CCCCC3C(C3CCCCC3)C2)CC1
C1CCC(CC2CCCCC2C2CCC(C3CCCCC3)CC2)CC1
C1CCC(C2CCC(C3CCCC(C4CCCCC4C4CCCCC4)C3)CC2)CC1
C1CCC(C2CCC(C3CCC4CCCCC4C3)CC2)CC1
C1CCC(C2CCCC(C3CCCCC3)C2)CC1
C1CCC(C2CCC(CCCC3CC(CC4CCCC(CCC5CC6CCCCC6C5)C4)C4CCCCC34)CC2)CC1
C1CCC(CC2CCCC(CC3CCC4CCCCC43)C2)CC1
C1CCC(C2CCC(CCC(C3CCC3)C3CCCC(C4CCCC4)C3)CC2)CC1
C1CCC(CCCCC2CC(CC3CCCCC3)CCC2C2CCCC(CCC3CC3)C2)CC1
C1CCC(CC2CCC(CC3CCCCC3)CC2)CC1
C1CCC(CC2CCCC(C3CCCCC3CC3CCCCC3)C2)CC1
C1CCC(CC2CCC(CC3CC4CCC(C5CCCCC5C5CCCC5)C4C3)CC2)CC1
C1CCC(C2CCCC(C3CCCCC3)C2)CC1
C1CCC(CC2CCCC(C3CCC4CCC(C5CCCCC5)CC43)C2)CC1
C1CCC(CCC2CCC(CCCCC3CCCCC3C3CCCCC3)CC2)CC1
C1CCC(CC2CCCCC2CCCC2CCC(C3CC3)CC2)CC1
C1CCC(CC2CCCC(C3CCCC(C4CCCCC4)C3)C2)CC1
C1CCC(CCCC2CCCC(CC3CCCCC3)C2)CC1
C1CCC(CCC2CCC(CC3CCCCC3)CC2)CC1
C1CCC(C2CCCC(C3CCCC(C4CCC4)C3)C2)CC1
C1CCC(CC2CCC(CC3CCCCC3)C(C3CCCCC3)C2)CC1
C1CCC(CCCC2CCCC(CC3CCC(CC4CCCCC4)CC3)C2)CC1
C1CCC(C2CCCC(C3CCC(C4CCCCC4)C4CCCCC34)C2)CC1
C1CCC(CC2CCC(C3CCCCC3)CC2)CC1
C1CCC(C2CC(CC3CCCC(C4CCC(C5CCCC5)CC4)C3)CC(C3CCCC3)C2)CC1
C1CCC(CCC2CCCC(C3CCC(CC4CCCCC4)CC3)C2)CC1
C(CCCC1CCCC(C2CCC(C3CCCC3)CC2)C1)CCCC1CCC2CCCCC12
C1CCC(CC2CCCCC2)CC1
C1CCC(CCC2CCCC(CC3CCCCC3)C2)CC1
C1CCC(C2CCC(CCC3CCCCC3C3CCCC4CCCCC43)CC2)CC1
C1CCC(C2CCC(C3CCCCC3)C(CCC3CC4CCCCC4C3)C2)CC1
C1CCC(C2CCC(CC3CCC(C4CC(CC5CC5)C5CCCCC54)CC3)CC2)CC1
C1CCC(C2CCC(C3CCCCC3C3CCCC3)C(C3CCC4CCCC4C3)C2)CC1
C1CCC(CCC2CCCCC2CCC2CCC(C3CCCCC3)CC2)CC1
C1CCC(CC2CCC(CC3CCC(CC4CC5CCCCC5C4)CC3)CC2)CC1
C1CCC(CC2CCC(C3CCC(CC4CC5CCCCC5C4)CC3)CC2)CC1
C1CCC(CCCCC2CC(CCC3CCCCC3)CC(C3CCCCC3)C2)CC1
C1CCC(CC2CCC(CC3CCCCC3)CC2)CC1
C1CCC(CC2CCC(C3CCC(C4CCCCC4C4CCCCC4)CC3)CC2)CC1
C1CCC(C2CCC(C3CCCCC3)CC2)CC1
C1CCC(CCCC2CCC3C(CC4CCCCC4)CC(C4CCCCC4)C3C2)CC1
C1CCC(C2CCCC(CCC3CCCC(C4CCCC4)C3)C2)CC1
C1CCC(CC2CCC(CCC3CCC(CC4CC4)CC3)CC2)CC1
C1CCC(C2CCCCC2CC2CCCC(C3CCC(CC4CC5CCCCC5C4)CC3)C2)CC1
C1CCC(CC2CCC(CC3CCCCC3)C(C3CCCCC3C3CCC4CCCC4C3)C2)CC1
C1CCC(CCCC2CCCC(C3CCC4CCCCC43)C2)CC1
C1CCC(C2CCCC(CC3CCC4CCCCC43)C2)CC1
C1CCC(CC2CCCCC2CCC2CCCC(C3CCCCC3)C2)CC1
C1CCC(C2CCCC(CCCCCC3CCCCC3C3CCCCC3)C2)CC1
C1CCC(CCC2CCC(CC3CCCCC3)CC2)CC1
C1CCC(CC2CCC(CC3CC4CCCCC4C3)CC2)CC1
C(CCC1CCC(C2CCCCC2)CC1)CCC1CCCC(CCCC2CCCC2)C1
C1CCC(CC2CCC(C3CCCC(CC4CC5CCCCC5C4)C3)CC2)CC1
C1CCC(CCCCC2CCCC(CCC3CCCCC3)C2)CC1
C1CCC(CC2CCCC(CCC3CCCC(C4CCCCC4)C3)C2)CC1
C1CCC2CC(C3CCC(CCC4CCC5CCCCC54)CC3)CCC2C1
C1CCC(CC2CC(C3CCCCC3)CC(C3CCCCC3)C2)CC1
C(CC1CCC(C2CCCC3CCCCC32)CC1)CC1CCCC(CC2CC2)C1
C1CCC(CCC2CCC(CCCC3CCCC(C4CCCCC4)C3)CC2)CC1
C1CCC(CC2CC(C3CCCCC3)CCC2C2CCCCC2)CC1
C1CCC(CC2CCC(C3CCCCC3)CC2)CC1
C1CCC(C2CCCC(C3CCC(C4CCCCC4)CC3C3CCCCC3)C2)CC1
C1CCC2CC(CC3CCC(CC4CCC(C5CCC6CCCCC65)CC4)CC3)CC2C1
C1CCC(CC2CCCC(CCCC3CCCC(C4CCCCC4)C3)C2)CC1
C1CCC(CC2CCC(C3CCCC(C4CCCCC4)C3)C(CC3CCCC3)C2)CC1
C1CCC(CCC2CCC(CC3CCCCC3)C(CCC3CCCCC3C3CCCCC3)C2)CC1
C1CCC(CC2CCC(CCCC3CCCC(CC4CCCCC4)C3)CC2)CC1
C1CCC(CCC2CCCCC2C2CCC(CC3CCCCC3)CC2)CC1
C1CCC(C2CCCCC2C2CCC(CCC3CC3)CC2)C1
C1CCC(CC2CCC3CC(CC4CCC(C5CCCCC5C5CCCCC5)CC4)CCC23)CC1
C1CCC(CCCC2CCCC(CC3CCCC4CC(C5CCC(CCC6CCCCC6)CC5)CCC34)C2)CC1
C1CCC(C2CCCC(C3CCC(C4CC(C5CCCCC5C5CCC6CCCC6C5)C5CCCCC45)CC3)C2)C1
C1CCC2C(C1)CCCC2CC1CCCC2CCCCC21
C1CCC(C2CCCC(C3CCCCC3)C2)CC1
C1CCC(CC2CC3CCCCC3C(C3CCCCC3C3CCCCC3)C2)CC1
C1CCC(CC2CCC(CC3CCCCC3)CC2)CC1
C1CCC(CC2CCC(C3CCCC(CC4CCCC4)C3)CC2)CC1
C1CCC(CC2CC(CC3CCCCC3)C3CC(C4CCCCC4)CCC23)CC1
C1CCC(CC2CCC(C3CCC(C4CCCCC4)CC3)CC2)CC1
C1CCC(CC2CC(C3CCCCC3CC3CCCCC3)C3CCC(C4CCC5CCCCC54)CC23)CC1
C1CCC(CC2CCC(C3CC(CC4CCCCC4)C4CCCCC43)CC2)CC1
C1CCC(CC2CCC(CC3CCC(C4CCC(C5CCCCC5)CC4)C3)CC2)CC1
C1CCC(CCCCC2CCC(CC3CCC(CC4CCCCC4)CC3)CC2)CC1
C1CCC(CC2CCC(C3CCCCC3)CC2)CC1
C1CCC(C2CCCC(CC3CCC(CC4CCC(C5CCC6CCCCC6C5)C4)CC3)C2)CC1
C1CCC(CC2CCC(CC3CCC(C4CCCCC4)CC3)CC2)CC1
C1CCC(C2CC(C3CCCCC3)C(C3CCCCC3)C3CCCC23)CC1
C1CCC(CC2CCCC(C3CCCCC3)C2)CC1
C1CCC(C2CCCCC2C2CCCC3CCCCC32)C1
C1CCC(CC2CCCC(CC3CCC(CC4CCC(CC5CCCC5)CC4)CC3)C2)CC1
C1CCC(CC2CCC(C3CCC(C4CCCCC4)CC3)CC2)CC1
C1CCC(C2CC(C3CCCCC3)CC(C3CCC3)C2)CC1
C1CCC(CC2CCC(C3CCCCC3)CC2)CC1
C1CCC(CC2CCCC(CC3CCC(CC4CCC(C5CCCCC5)CC4)CC3)C2)CC1
C1CCC(CC2CCC(C3CCCCC3)CC2CC2CCCCC2)CC1
C1CCC(CCC2CC(C3CCCCC3)CCC2C2CCC3CCCCC3C2)CC1
C1CCC(CC2CCCCC2)CC1
C1CCC(CC2CCC(CC3CCC(CC4CC5CCCCC5C4)CC3)CC2)CC1
C1CCC(CCC2CCCC(CC3CCCCC3)C2)CC1
C1CCC(CCC2CCC(C3CC3)CC2C2CCCC(C3CCCCC3)C2)CC1
C1CCC(CC2CCC(CC3CCCCC3CC3CCCC(C4CCCCC4)C3)CC2)CC1
C1CCC(CCCC2CCC(CCCCC3CC(C4CCCCC4)C4CCCCC34)CC2)CC1
C1CCC(CCCC2CCCC(C3CCCC(C4CCCCC4)C3)C2)CC1
C1CCC(CCC2CCC3C(C4CCCCC4)CC(C4CCCCC4)C3C2)CC1
C1CCC(CC2CCC(CC3CCCC4CCCCC43)CC2)CC1
C1CCC(C2CCCC(C3CC(C4CCCCC4)CC(C4CCCCC4)C3)C2)CC1
C1CCC(CCCCC2CCC(CC3CCCC4CCCCC43)CC2)CC1
C1CCC(CC2CCCC(CC3CCCCC3C3CCC4CCCC4C3)C2)CC1
C1CCC(C2CCCC(C3CCCCC3C3CCCCC3)C2)CC1
C1CCC(CC2CCC(C3CCCC(C4CCCCC4)C3)CC2)CC1
C1CCC(CCC2CCCC(C3CCCC3)C2)CC1
C1CCC(CCC2CCC(CC3CCC(CC4CCCCC4)CC3)CC2)CC1
C1CCC(CC2CCC3CC(C4CCCCC4C4CCC5CCCCC5C4)CCC23)CC1
C1CCC(C2CCCC(C3CCC4C(CC(CC5CCCC5)CC4C4CC4)C3)C2)CC1
C1CCC(CCCC2CCC(CC3CC(C4CCCCC4)C4CCCCC34)CC2)CC1
C1CCC(C2CCC(CC3CCCC3CCC3CCCC3)CC2)CC1
C1CCC(CC2CCCCC2C2CCCC(CCC3CC4CCCCC4C3)C2)CC1
C1CCC(C2CCCC(C3CCCC(C4CCC(CCC5CC6CCCCC6C5)CC4)C3)C2)CC1
C1CCC(C2CCCCC2)CC1
C1CCC(CC2CCC(CC3CCCCC3)CC2)CC1
C1CCC(CCCC2CCCC(CC3CCCCC3C3CCCCC3)C2)CC1
C1CCC(CC2CCCC3CC(C4CCCCC4)CCC23)CC1
C1CCC(C2CCC(CCC3CCC(CC4CCCC4)CC3)CC2)CC1
C1CCC(CC2CCCC(C3CCCCC3)C2)CC1
C1CCC(C2CC3CCC(C4CCCCC4)CC3C(C3CCCCC3)C2)CC1
C1CCC2CC(C3CCC(CCC4CC5CCCCC5C4)CC3)CCC2C1
C1CC(C2CCC(CCC3CCC(C4CCCC(C5CCCC5)C4)CC3)CC2)C1
C1CCC(CC2CC(C3CCCCC3)C3CCCCC23)CC1
C1CCC(CCC2CCCC(CC3CCCCC3)C2)CC1
C1CCC(C2CCCCC2C2CCCCC2C2CCCCC2)CC1
C1CCC(CC2CCCCC2C2CCCC(C3CCC4CCCCC43)C2)CC1
C1CCC(CC2CC(C3CCCCC3C3CCCCC3)C3CCCCC23)CC1
C1CCC(CC2CCCC(C3CCCC(CC4CCC(C5CCCC5)CC4)C3)C2)CC1
C1CCC(C2CCCC(C3CCCCC3)C2)CC1
C1CCC(C2CCCC(C3CCCCC3)C2)CC1
C1CCC(CC2CCC(C3CCCC(C4CCCC4)C3)CC2)CC1
C1CCC(CCCCC2CCC3C(C4CCCCC4)CC(C4CCCCC4)C3C2)CC1
C1CCC(CC2CCCC(C3CCC(CCC(C4CCCC4)C4CCC5CCCC5C4)CC3)C2)CC1
C1CCC(CCC2CC(C3CCCCC3)CC(C3CCCCC3)C2)CC1
C1CCC(CC2CCCCC2C2CCCCC2)CC1
C1CCC(CCCC2CCC(CCCC3CCCCC3)C(C3CCCCC3C3CCCC3)C2)CC1
C1CCC(C2CCCC(CCC3CCCC4CC(C5CCCCC5)CCC34)C2)CC1
C1CCC(C2CCCCC2CC2CCCC(CC3CC4CCCCC4C3)C2)CC1
C1CCC(CCC2CCC3C(CCCC3C3CCCCC3)C2)CC1
C1CCC(C2CCC(C3CCC4CCCCC43)CC2)CC1
C1CCC(C2CCC(C3CCCCC3)CC2)CC1
C1CCC(CCC2CCC(C3CCCCC3)CC2)CC1
C1CCC(CCC2CCCC(C3CCCC4CC(C5CCCCC5CC5CCCCC5)CCC43)C2)CC1
C1CCC(CC2CCC(C3CCCC(C4CCCCC4C4CCCC4)C3)CC2)CC1
C1CCC(CCC2CCC(CCC3CCC(CC4CCCCC4)CC3)CC2)CC1
C1CCC(CCC2CCCC(C3CCC(C4CCCCC4)CC3)C2)CC1
C1CCC(C2CC(C3CCCCC3)CC(C3CCCCC3)C2)CC1
C1CCC(C2CCCCC2C2CCCCC2C2CCCC2)CC1
C1CCC(CCCCC2CC(C3CCCCC3)CC(C3CCCCC3)C2)CC1
C1CCC(CC2CCC(C3CCC(C4CCCC4)C(C4CCCCC4)C3)CC2)CC1
C(CCCC1CCCCC1)CCCC1CCC(CCC2CCC(CC3CC3)CC2)CC1
C1CCC(CCCCC2CCCCC2CC2CCC(CC3CCCCC3)CC2)CC1
C1CCC(CC2CCC3CCCC3C2)CC1
C1CCC(C2CC(C3CCC4CCCCC43)CC3CCCCC32)CC1
C1CCC(CC2CC(C3CCCCC3)CC(C3CCCCC3)C2)CC1
C1CCC(CC2CCC(C3CCCCC3)CC2)CC1
C1CCC(CC2CCCCC2CC2CCCC3CC(CC4CCCC(C5CCCCC5)C4)CC32)CC1
C1CCC(CC2CCC3CC(C4CCCC(CCC5CCCC5)C4)CCC23)CC1
C(CCC1CCCC1)CCC1CCCC(C2CCCCC2)C1
C1CCC(CCC2CCCC(C3CCC(CC4CCCCC4)CC3)C2)CC1
C1CCC(CCC2CCCC(CC3CCCC(CC4CCCCC4)C3)C2)CC1
C1CCC(CC2CCC(C3CCCCC3)CC2)CC1
C1CCC(C2CCCCC2CC2CCCC(C3CCC3)C2)CC1
C1CCC(C2CCCCC2C2CCC(C3CCC4CCCC4C3)CC2)CC1
C1CCC(CC2CCC(C3CCCCC3)CC2)CC1
C1CCC(C2CCC(CCCC3CC(C4CCCCC4)CC(C4CCCCC4)C3)CC2)CC1
C1CCC(CC2CCC(CC3CCC(C4CCCCC4)CC3C3CCCC3)CC2)CC1
C1CCC(C2CCC(C3CCCCC3C3CCCCC3)C(C3CC3)C2)CC1
C1CCC(CCC2CCC(CCCCC3CCC4CCCC4C3)CC2)CC1
C1CCC(CCC2CCC(C3CC(C4CCCCC4)C4CCCCC34)CC2)CC1
C1CCC(C2CC(C3CCCCC3)CC(C3CCCC3)C2)CC1
C1CCC(CCCC2CCC3CC(C4CCCCC4)CC(C4CCCCC4)C3C2)CC1
C1CCC(C2CCC(CCCC3CCCC(CCCC4CCCC4)C3)CC2)CC1
C1CCC(C2CCC(C3CCCC(CCC4CCCCC4C4CCCC4)C3)CC2)C1
C1CCC(CC2CCC3C(C2)CC(C2CCCCC2)CC3C2CCCCC2)CC1
C1CCC(CCCC2CCC(C3CCCC4CCCCC43)CC2)CC1
C1CCC(CC2CCC(C3CCCC(CC4CC5CCCCC54)C3)CC2)CC1
C1CCC(CCC2CCC(C3CCCCC3)CC2)CC1
C1CCC(CCC2C(C3CCCCC3)CC(C3CCCCC3)CC2C2CCCC2)CC1
C1CCC(CCC2CCCC(C3CCCCC3)C2)CC1
C1CC2CCC(CC3CCCCC3C3CCCCC3CC3CC4CCCCC4C3)CC2C1
C1CCC(C2CCC(CCC3CCCC(CC4CC5CCCCC5C4)C3)CC2)CC1
C1CCC(CCCCC2CCC(CC3CCC(CC4CCCCC4)CC3)CC2)CC1
C1CCC(CCC2CCC(C3CCCCC3)CC2C2CCCCC2)CC1
C1CCC(CCCCC2CCCCC2CCC2CCCCC2)CC1
C1CCC(CCCC2CCC(CC3CCCC(C4CCCCC4)C3)CC2)CC1
C1CCC(C2CCCC(C3CCC(C4CCCCC4C4CCCCC4)CC3)C2)CC1
C1CCC(CC2CCCC(CC3CCC(CC4CCC5CCCCC5C4)C3)C2)CC1
C1CCC(CC2CCC(C3CCCCC3CC3CCC(C4CCCCC4)CC3)CC2)CC1
C1CCC(CCC2CCCC(C3CCCC(C4CCCCC4)C3)C2)CC1
C1CCC(CC2CCCC(CC3CCCCC3C3CCCCC3)C2)CC1
C1CCC(CCCCC2CCC(C3CCCCC3)CC2)CC1
C1CCC(CCC2CCCC(C3CCCCC3)C2)CC1
C1CCC(C2CCC(C3CCC(C4CCCCC4)CC3)CC2)CC1
C1CCC(C2CCCC(CC3CCCC(CC4CCCC(C5CCC6CCCC6C5)C4)C3)C2)CC1
C1CCC(CCCC2CCC(CC3CCCCC3)CC2CC2CCCCC2)CC1
C1CCC(CCC2CCC(C3CCC(CC4CCCCC4C4CCCC4)CC3)CC2)CC1
C1CCC(CC2CCCC(C3CCC(C4CC4)CC3)C2)CC1
C1CCC2C(C1)CCC2C1CC2CCCCC2C(C2CCCC2)C1
C1CCC(C2CCCCC2C2CCCC(CC3CCCC(C4CCC4)C3)C2)CC1
C1CCC(CC2CCCCC2C2CCCCC2C2CCCCC2)CC1
C1CCC(CC2CCCC(CC3CCCCC3C3CCC4CCCCC4C3)C2)CC1
C1CCC(CCC2CCCC(C3CCCCC3)C2)CC1
C1CCC(CCC2CC(CC3CCCCC3)CC(C3CCCCC3)C2)CC1
C1CCC(C2CCCC(CCC3CCC(CC4CCCC4)CC3)C2)CC1
C1CCC(CCC2CCC(CCC3CCCCC3)CC2)CC1
C1CCC(CCC2CCCCC2C2CCC(C3CCCCC3)C3CCCC32)CC1
C1CCC(C2CCC(CC3CCC(CC4CC5CCCCC5C4)CC3)CC2)CC1
C1CCC(C2CCC(C3CCCC3)C(C3CCCCC3)C2)CC1
C1CCC(CCC2CCC(C3CCCCC3)C(CCC3CC4CCCCC4C3)C2)CC1
C1CCC(CCCCC2CCCC(C3CCCCC3)C2)CC1
C1CCC(C2CCC(CC3CC4CCCCC4C3)CC2)CC1
C1CCC(CCC2CCC(CCC3CCCCC3)C(CC3CCCC3)C2)CC1
C1CCC(C2CCCCC2C2CCC(C3CCCC(CCC4CCCC4)C3)C2)CC1
C1CCC(C2CCCC(C3CCC(C4CCCC4)CC3)C2)CC1
C1CCC(CC2CCC3CC(C4CCCCC4C4CCC(C5CCCCC5)CC4)CCC23)CC1
C1CCC(CCCC2CCC(C3CC(CC4CCCCC4)C4CCCCC43)CC2)CC1
C1CCC(C2CCC(CC3CCCC4CCCCC43)CC2)CC1
C1CCC(C2CCC(CC3CCCC3C3CCCCC3)CC2)CC1
C1CCC(CC2CCCC(CC3CC(CC4CCCCC4)C4CCCCC34)C2)CC1
C1CCC(C2CCCCC2C2CCC(CCC3CCC4CCCCC4C3)CC2C2CCCC2)CC1
C1CCC(C2CCCC(C3CCCCC3C3CCCCC3)C2)CC1
C1CCC(C2CCCC(CC3CC4CCCCC4C3)C2)CC1
C1CCC(CCCCCC2CCC(CC3CCC(CC4CC5CCCCC5C4)CC3)CC2)CC1
C1CCC(CC2CCC(CC3CCCCC3CC3CCCCC3)CC2)CC1
C1CCC(CCCC2CCC(C3CCC4CCCCC43)CC2)CC1
C(CCCCC1CCCC(CCCC2CCCCC2)C1)CCCC1CCCCC1
C1CCC(CCC2CCC(C3CCCCC3)C(C3CCC4CCCC4C3)C2)CC1
C1CCC(CCC(CC2CCC(CC3CCCCC3)CC2)C2CCCCC2)CC1
C1CCC2CC(C3CCCC(CC4CC4)C3)CCC2C1
C1CCC(CCC2CC(C3CCC(C4CCCCC4)CC3)CCC2C2CCC2)CC1
C1CCC(CC2CCCCC2C2CCCCC2)CC1
C1CCC(CC2CCC(C3CCCCC3)CC2)CC1
C1CCC(CC2CCCC(C3CCCCC3)C2)CC1
C1CCC(CC2CCCC(C3CCC(CC4CCCCC4)C3)C2)CC1
C1CCC(C2CCC(C3CCC(C4CCC4)CC3)CC2)CC1
C1CCC(CC2CCC3CCCCC3C2)CC1
C1CCC(C2CCC(CC3CCC(C4CCC(C5CCCCC5)CC4)CC3)CC2)CC1
C1CCC(CC2CCC(C3CCCCC3)C(CCC3CCCC3)C2)CC1
C1CCC(CC2CCCC(C3CCC(C4CCCCC4C4CCC5CCCCC5C4)CC3)C2)C1
C1CCC(C2CCC(CCC3CCCCC3C3CCCCC3)CC2)CC1
C1CCC(CCC2CCCC(CCCC3CCC(C4CCCCC4)CC3)C2)CC1
C1CCC(CCCC2CCC(C3CCCCC3)CC2C2CCCCC2)CC1
C1CCC(CC2CC(C3CCCCC3C3CCCCC3)C3CCCCC23)CC1
C1CCC(CC2CC(C3CCCCC3)C3CCCCC23)CC1
C1CCC(CC2CCC(C3CCCCC3)C(C3CCCCC3)C2)CC1
C1CC2CCC(C3CCC(C4CC(C5CCCC5)C5CCCCC45)CC3)CC2C1
C1CCC(CC2CCCC(CC3CCCCC3)C2)CC1
C1CCC(CC2CCC(CC3CCC(C4CC4)CC3C3CCCCC3)CC2)CC1
C1CCC(CCC2CCCC(C3CCC4CCCC4C3)C2)CC1
C1CCC(CC2CCCCC2C2CCC3C(CCC3C3CCC3)C2)CC1
C1CCC(CC2CC(C(CC3CCC(C4CCC4)CC3)C3CCCCC3)C3CCCCC23)CC1
C1CCC(CCC2CCC(CCC3CCCCC3)CC2)CC1
C1CCC(CC2CCCCC2)CC1
C1CCC(C2CCCCC2CC2CCC3CCCC3C2)CC1
C1CCC(CCC2CCCC(CC3CCCCC3)C2)CC1
C1CCC(CC2CCC3CC(C4CCCCC4)CCC3C2)CC1
C1CCC(C2CCC(C3CCCCC3)CC2)CC1
C1CCC(CC2CCC(C3CCCCC3C3CCCC3)CC2)CC1
C1CCC(CCCC2CC(C3CCC4CCCCC43)CC3CCCCC32)CC1
C1CCC(CCCC2CCC3CCC(C4CCCC(CC5CCCCC5)C4)CC3C2)CC1
C1CCC(CCCC2CCCC(C3CCC(CC4CCCC4)CC3)C2)CC1
C1CCC(CC2CCC(CC3CCC(C4CCCCC4)CC3)CC2)CC1
C1CCC(C2CCCC(C3CCC4CCCCC43)C2)CC1
C1CCC(CCCC2CC(C3CCC(CC4CCCCC4)CC3)C3CCCCC23)CC1
C1CCC(CC2CCC(CC3CCCC(CCC4CCC(C5CCC6CCCC6C5)CC4)C3)CC2)CC1
C1CCC(C2CCCC(C3CCCCC3C3CCC4CCCCC4C3)C2)CC1
C1CCC(C2CCCC(CCC3CCCCC3C3CCCCC3)C2)CC1
C1CCC(CCCC2CCCC(CC3CCCCC3)C2)CC1
C1CCC(CCC2CCCC(CCC3CCCCC3C3CCCCC3)C2)CC1
C1CCC(C2CCCC(C3CCCC(C4CCCCC4)C3)C2)CC1
C1CCC(CC2CCCCC2C2CCCCC2)CC1
C1CCC(C2CCC(CC3CCC(C4CCC5CCCCC54)CC3)CC2)C1
C1CCC(CC2CCC(C3CCC(C4CCCCC4)CC3)CC2)CC1
C1CCC(CC2CCC(CC3CCCCC3)C(CC3CCCCC3CC3CCCCC3)C2)CC1
C1CCC(CC2CCC(CC3CCCCC3CC3CCCCC3)CC2)CC1
C1CCC(CC2CCCC(C3CCC(CCCC4CC5CCCCC5C4)CC3)C2)C1
C1CCC(CC2CC(C3CCCC(C4CCCCC4)C3)C3CCCCC23)CC1
C1CCC(CC2CCC(CC3CCCC3)CC2)CC1
C1CCC(CC2CCC(CCC3CCCC(C4CCCC(C5CC5)C4)C3)CC2)C1
C1CCC(CC2CCC3CC(C4CCCCC4)CCC23)CC1
C1CCC(CC2CCC(C3CCC3)C(C3CCCC(C4CCCCC4)C3)C2)CC1
C1CCC(CC2CCCC(C3CC4CCCCC4C3)C2)CC1
C1CCC(CC2CCCC(CCC3CCCC(C4CCCCC4)C3)C2)CC1
C1CCC(C2CCCC(C3CCCCC3)C2)CC1
C1CCC(CC2CCC3CC(C4CCCCC4)CC(C4CCCCC4)C3C2)CC1
C1CCC(C2CCCC(C(C3CCCCC3)C3CCCCC3)C2)CC1
C1CCC(CCCCCC(CC2CCCCC2)C2CCCC(C3CCC3)C2)CC1
C1CCC(CCC2CCC(CC3CCC(C4CC5CCCCC5C4)CC3)CC2)CC1
C1CCC(CC2CCCC(C3CCCCC3)C2)CC1
C1CCC(C2CCC(C3CCC(CC4CCC5CCCCC54)CC3)CC2)CC1
C1CCC(CC2CCCC(CC3CCCCC3C3CCCCC3)C2)CC1
C1CCC(C2CCC(C3CCCCC3)C(C3CCCCC3)C2)CC1
C1CCC(CCCC2CCC(CCCC3CCC(C4CC4)CC3)CC2)CC1
C1CCC(CC2CC(CCC3CCC(CCC4CC4)CC3)CC(C3CCCCC3)C2)CC1
C1CCC(C2CCC(C3CCCCC3)C(C3CCC4C(CCC4C4CCCC4)C3)C2)CC1
C1CCC(CC2CCC(C3CCCCC3C3CCC(C4CCCC(CC5CCCCC5)C4)CC3)CC2)CC1
C1CCC(CC2CCC(CC3CCCCC3)C(C3CCCCC3C3CCCC3)C2)CC1
C1CCC(CCCC2CCC(C3CCCCC3)CC2)CC1
C1CCC(CCC2CCCC(C3CCCCC3)C2)CC1
C1CCC(C2CCCC(C3CCCC(CC4CC(C5CCCCC5)CCC4C4CCCCC4)C3)C2)CC1
C1CCC(CC2C(C3CCCCC3)CCCC2C2CCC2)CC1
C1CCC(CC2CCC(CCC3CCC(C4CCCCC4)CC3)CC2)CC1
C1CCC(CC2CCC(C3CCCC(C4CCCC4C4CCCCC4)C3)CC2)CC1
C1CCC(CC2CC(C3CCCCC3)C(C3CCC(C4CC5CCCCC5C4)CC3)C(C3CCCC3)C2)CC1
C1CCC(CCC2CCC(C3CCCCC3)CC2CC2CCCCC2)CC1
C1CCC(CCC2CC(C3CCCCC3)CC(C3CCCCC3)C2)CC1
C1CCC(C2CCC3CC(C4CCC5CCCCC54)CC(C4CCCCC4)C3C2)CC1
C1CCC(CCC2CCC(CC3CCC(CC4CCCCC4)CC3)CC2)CC1
C(CCCC1CCCCC1)CCCC1CCC(CCC2CCC(C3CCCCC3)CC2)CC1
C1CCC(CC2CC3CCC(C4CCCCC4)CC3C(C3CCCC3)C2)CC1
C1CCC(CCC2CCCC(C3CCCC(CC4CCCCC4)C3)C2)CC1
C1CCC(CC2CC(C3CCCCC3)CCC2C2CCCCC2)CC1
C1CCC(CCCCCC2CCC(CC3CCCCC3)CC2)CC1
C1CCC(CC2CCC(C3CCCCC3)C(C3CCCCC3)C2)CC1
C1CCC(CCC2CC(C3CCCCC3)CC(CC3CCCCC3)C2CCC2CC2)CC1
C1CCC(CCC2CCCC(C3CCC(C4CCCCC4C4CCCC4)CC3)C2)C1
C1CCC(CCCC2CCCC(C(CCCC3CCCCC3C3CCCCC3)CC3CCCCC3)C2)CC1
C1CCC(C2CCCC(C3CCC4CCCCC4C3)C2)CC1
C1CCC(C2CCCCC2CCC2CCC(CC3CC4CCCCC4C3)CC2)CC1
C1CCC(C2CCCC(CC3CCCC(C4CCCC4)C3)C2)CC1
C1CCC(C2CCC(C3CCCCC3)CC2)CC1
C1CCC(CCC2CC(C3CCCCC3)CCC2C2CCCCC2)CC1
C1CCC(CCC2CC(CCC3CC4CCCCC4C3)CC(C3CCCCC3)C2)CC1
C1CCC(CCCCC2CCCC(CC3CCCCC3)C2)CC1
C1CCC(CCCC2CCCC(C3CCCCC3)C2)CC1
C1CCC(CC2CCC(CC3CCCCC3)CC2)CC1
C1CCC(C2CCC(C3CC(C4CCCCC4)C4CCCCC34)CC2)CC1
C1CCC(CC2CCC(C3CCCCC3)CC2)CC1
C1CCC(C2CCCCC2C2CCCCC2CC2CCCC(C3CCCC3)C2)CC1
C1CCC(CC2CC(C3CCCCC3)C3CCCCC23)CC1
C1CCC(CCC2CCCC(C3CCC(C4CCC5CCCCC5C4)C4CCCCC34)C2)CC1
C1CCC(CC2CCCC(C3CCCC(C4CCCCC4C4CCCCC4C4CCCC4)C3)C2)CC1
C1CCC(CC2CCCC(C3CCC(CC4CCC5CCCCC54)CC3)C2)C1
C1CCC(CC2CCC(C3CCCCC3)CC2)CC1
C1CCC(CC2CCC(CC3CCC(CC4CCCC(C5CC5)C4)CC3)CC2)C1
C1CCC(CCC2CCC(C3CCC(CC4CCCCC4)CC3)CC2)CC1
C1CCC(C2CCC(CCCC3CCC(C4CCC5CCCCC54)CC3)CC2)CC1
C1CCC(C2CCCC(C3CCCC(C4CCC(C5CCC6CCCC6C5)CC4)C3)C2)CC1
C1CCC(CC2CCCCC2C2CCC(CC3CCCC3)CC2)CC1
C1CCC(CC2CCC(CCCCC3CCCC(C4CCCCC4)C3)CC2)CC1
C1CCC(CCC2CCC(C3CCCCC3)CC2)CC1
C1CCC(CCCCC2CCCC(C3CCCCC3)C2)CC1
C1CCC(CC2CCCC(CC3CCCC(C4CCCCC4)C3)C2)CC1
C1CCC(CC2CCC(C3CCCCC3)CC2)CC1
C1CCC(CC2CCCCC2C2CCC(C3CCCCC3)CC2)CC1
C1CCC(C2CCC3CC(C4CCC5CCCCC54)CC(CCC4CCCC4)C3C2)CC1
C1CCC(C2CCCC(CC3CCC(C4CCCCC4)C3)C2)CC1
C1CCC(C2CCC(CC3CCC(C4CCCC4)CC3)C(C3CCCC3)C2)CC1
C1CCC(C2CCCC(CC3CC(CC4CCCC(CC5CC6CCCCC6C5)C4)C4CCCCC34)C2)CC1
C1CCC(CCCC2CC(CC3CCCCC3)CCC2C2CCCCC2)CC1
C1CCC(CCCCC2CCC(CCCC3CCCCC3)CC2)CC1
C1CCC(CC2CCCC(C3CCCC(C4CCCCC4)C3)C2)CC1
C1CCC(CC2CCCCC2C2CCCC(CCC3CC3)C2)CC1
C1CCC(CCC2CCC(CC3CCCC(CCCCC4CCCC4)C3)CC2)CC1
C1CCC(C2CCC(C3CCCCC3C3CCC(C4CCCC4)CC3)CC2)CC1
C1CCC(CC2CCCCC2C2CCC3C(CCCC3C3CCCCC3)C2)CC1
C(CCCC1CC2CCCCC2C1)CCC1CCCC(CCC2CC3CCCCC3C2)C1
C1CCC(CCCC2CCC(CC3CCCCC3)CC2)CC1
C1CCC(C2CCCC(C3CCCC(CC4CCCC4)C3)C2)CC1
C1CCC(CC2CCC(C3CCCCC3)CC2)CC1
C1CCC(C2CCC3C(CCC3C3CC4CCCCC4C3)C2)CC1
C1CCC(CC2CCCCC2C2CCC(C3CCC4CCCC4C3)CC2)CC1
C1CCC(CC2CC(C3CCC4CCCC4C3)CCC2C2CCCCC2)CC1
C1CCC(C2CCC(CCC3CCC(C4CCCC(CC5CCCCC5C5CCCC5)C4)CC3)CC2)C1
C1CCC(C2CCC(C3CC(C4CCCCC4)C4CCCCC43)C(C3CCCC3)C2)CC1
C1CCC(CCC2CCCCC2CC2CCCCC2)CC1
C1CCC(CC2CCCCC2)CC1
C1CCC(C2CCCCC2C2CC2C2CCCCC2C2CCC3CCCCC3C2)CC1
C1CCC(CCCC2CCC(CC3CCCCC3)CC2)CC1
C1CCC(CCCC2CCC(CC3CCC4CCCCC4C3)CC2C2CCCC2)CC1
C1CCC(CC2CC(C3CC(CC4CCCCC4)C4CCCCC43)C3CCCCC23)CC1
C1CCC(C2CCC(C3CCCCC3)CC2)CC1
C1CCC(C2CCCCC2C2CCCCC2)CC1
C1CCC(C2CCC(CC3CC(C4CCCC(C5CCCCC5)C4)C4CCCCC34)CC2)CC1
C1CCC(CC2CC(C3CCCCC3C3CCC4CCCC4C3)C3CCCCC23)CC1
C1CCC(C2CCC(CC3CCC4CCCCC4C3)CC2)CC1
C1CCC(CCC2CCCCC2CC2CCCCC2)CC1
C1CCC(CC2CCC(CC3CCCC(C4CCCCC4)C3)CC2)CC1
C1CCC(CCCC2CCCC(CC3CCC4CCCCC43)C2)CC1
C1CCC(CC2CCC(C3CCCCC3)CC2)CC1
C1CCC(C2CCCCC2C2CCCCC2)CC1
C1CCC(CCCC2CC(C3CCCCC3)CC(C3CCCCC3)C2)CC1
C1CCC(C2CCCCC2C2CCCC(CC3CCC(CCC4CCCC4)CC3)C2)CC1
C1CCC2CC(C3CCC(C4CCC(CC5CCC6CCCC6C5)CC4)CC3)CCC2C1
C1CCC(CCC2CCC(CC3CCCCC3)CC2)CC1
C1CCC(CCCCC2CCC(CC3CCCCC3)CC2)CC1
C1CCC(CCCC2CCC(C3CCCCC3)CC2)CC1
C1CCC(CC2CCC(C3CCCCC3)CC2)CC1
C1CCC(C2CCCCC2C2CCCCC2)CC1
C1CCC(C2CCCCC2CC2CCCCC2C2CCC3C(CCCC3C3CCCCC3)C2)CC1
C1CCC(CC2CCCC(C3CC(CC4CC4)CC(CC4CC4)C3)C2)CC1
C1CCC(C2CCCC(CC3CCCCC3C3CCCCC3)C2)CC1
C1CCC(CC2CCCC(C3CCC(C4CCCCC4)CC3)C2)CC1
C1CCC(CC2CCC(CC3CC(CCCC4CCC(C5CCCCC5)CC4)C4CCCCC34)CC2)CC1
C1CCC(CCC2CCC(CC3CC(CC4CCCCC4)C4CCCCC34)CC2)CC1
C1CCC(CC2CCC(C3CCCCC3)C(CC3CCC(C4CCC4)CC3)C2)CC1
C1CCC(CCC2CCCC(C3CCCC(CC4CCCCC4)C3)C2)CC1
C1CCC(C2CCCC(C3CCCCC3)C2)CC1
C1CCC(CCCCCC2CCCC(C3CCCCC3)C2)CC1
C1CCC(CC2CCC(C3CCCC(C4CCC(C5CCCCC5C5CCCC5)C5CCCC45)C3)CC2)CC1
C1CCC(C2CCC(CCC3CCCCC3C3CCCCC3)CC2)CC1
C1CCC(C2CCCC(CCC3CC4CCCCC4C3)C2)CC1
C1CCC(CCC2CCC(CC3CCC4CCCCC4C3)CC2)CC1
C1CCC(C2CCC(CC3CCCCC3C3CCCCC3)CC2)CC1
C1CCC(CCC2CCCC(CC3CCC4CCC(C5CCCCC5)CC4C3)C2)CC1
C1CCC(CCCCC2CCCCC2)CC1
C1CCC(C2CCCC(CC3CCC4CCCC4C3)C2)CC1
C1CCC(CC2CCC(C3CCC(CC4CCCCC4)CC3)CC2)CC1
C1CCC(CCCCC2CCC(C3CCCC(C4CCCCC4)C3)CC2)CC1
C1CCC(C2CCC(CC3CCCCC3CC3CCC(C4CCCCC4)CC3)CC2)CC1
C1CCC(C2CCC(CC3CCC(C4CCCCC4)CC3)CC2)CC1
C1CCC(CCC2CCCCC2C2CCCCC2)CC1
C1CCC(C2CCCC(C3CCCC(C4CCC5CCCCC5C4)C3)C2)CC1
C1CCC(CCC2CCCCC2)CC1
C1CCC(C2CCCC(C3CCC(CC4CC5CCCCC5C4)CC3)C2)CC1
C1CCC(CCCCC2CCC(C3CCCC(CC4CC4)C3)CC2)CC1
C1CCC(CCC2CCC(C3CCCC4CCCCC43)CC2)CC1
C1CCC(CC2CCCCC2)CC1
C1CCC(CCC2CCC(C3CCCCC3CC3CCCC(CC4CC5CCCCC5C4)C3)CC2)CC1
C1CCC(CC2CCCC(C3CCCCC3)C2)CC1
C1CCC(CC2CCCCC2C2CCCC(C3CCCCC3)C2)CC1
C1CCC(C2CCC(C3CC4CCCCC4C3)CC2C2CC2)CC1
C1CCC(CC2CCC(C3CCC4CCCCC43)CC2)CC1
C1CCC(CC2CCC(C3CCC(C4CC5CCC(C6CCCCC6C6CCCC6)CC5C4)CC3)C2)C1
C1CCC(CCCCC2CCCCC2)CC1
C1CCC(CCCCC2CCC3C(CCC3C3CCCCC3)C2)CC1
C1CCC(C2CCCCC2)CC1
C1CCC(CC2CCC(CCCC3CCC(CC4CCCCC4)CC3)CC2)CC1
C1CCC(CC2CCCC(CCC3CCC(C4CCCCC4)CC3C3CCCCC3)C2)CC1
C1CCC(C2CCC(C3CCCC(CC4CCC(CCC5CCCC5)CC4)C3)CC2)CC1
C1CCC(CC2CCC3C(CC4CCCCC4)CCC3C2)CC1
C1CCC(CCCC2CCC(CC3CCC(CCC4CC4)CC3)CC2)CC1
C1CCC(CC2CCC(C3CCCC(C4CCCCC4)C3)CC2)CC1
C1CCC(C2CCC(C3CCCC(CCC4CCCC4)C3)CC2)CC1
C1CCC(CC2CC(C3CCCCC3)CCC2C2CCCCC2)CC1
C1CCC(CC2CCC(CC3CCCCC3)CC2)CC1
C1CCC(C2CCCC(C3CCCCC3)C2)CC1
C1CCC(C2CCC3CC(C4CCC(C5CCC5)CC4)CCC3C2)CC1
C1CCC(C2CCC3CCCC(C4CCCCC4)C3C2)CC1
C1CCC(CC2CCCC(CC3CC(C4CCCCC4)C4CCCCC34)C2)CC1
C1CCC(CC2CCCC(C3CCCCC3)C2)CC1
C1CCC(CCC2CCCC(C3CCCCC3)C2)CC1
C1CCC2CC(CC3CCCC(C4CCCCC4C4CCCC4)C3)CC2C1
C1CCC(C2CCC(CCCC3CCC(CC4CCCC4)CC3)CC2)CC1
C1CCC(CCCC2CCCC(CC3CCC(CC4CCCCC4)CC3)C2)CC1
C1CCC(CC2CCCC(C3CCCCC3)C2)CC1
C1CCC2C(C1)CCC2CC1CCCCC1C1CCC2C(CCC2C2CCCC2)C1
C(CC1CCC(C2CCCC(CC3CC4CCCCC4C3)C2)CC1)CC1CC2CCCCC2C1
C1CCC(C2CCCC(C3CCCC(C4CCCCC4C4CCC5CCCCC5C4)C3)C2)CC1
C1CCC(CCC2CCCCC2C2CCCC(C3CCCCC3C3CCCCC3)C2)CC1
C1CCC(C2CCC(CCC3CCC4CCCCC4C3)CC2)C1
C1CCC(CC2CCC(C3CCCCC3)CC2)CC1
C1CCC(C2CCC(C3CC3)CC2)CC1
C1CCC(CCC2CCCCC2CC2CCC3CCC(C4CCCCC4)CC3C2)CC1
C1CCC(CC2CCC(C3CCC(C4CC4)CC3)CC2)CC1
C1CCC(CCC2CC(C3CCC(CC4CCCCC4)CC3)C3CCCCC23)CC1
C1CCC(CC2CCC(CCC3CCCC(C4CCC4)C3)CC2)CC1
C1CCC(CC2CCCCC2C2CCCCC2)CC1
C1CCC(CC2CCC(C3CCCCC3)CC2)CC1
C1CCC(CCC2CCCC(CC(C3CCCC3)C3CCCC(C4CCCCC4)C3)C2)CC1
C1CCC(CCCCC2CCCCC2)CC1
C1CCC(CC2CCC(CCC3CCCCC3C3CCCCC3CC3CCCCC3)CC2)CC1
C1CC(CC2CCC(C3CC4CCCCC4C3)CC2)CC(CC2CC3CCCCC3C2)C1
C1CCC(CCC2CCC(C3CCCCC3C3CCC4CCCCC4C3)CC2)CC1
C1CCC(CCCC2CCCC(CC3CCCCC3)C2)CC1
C1CCC(CC2CCC(C3CCCC(CC4CCCCC4)C3)CC2)CC1
C1CCC(C2CCC(CCCC3CCCC(C4CCCCC4)C3)CC2)CC1
C1CCC(CC2CCCC(CCC3CC(CC4CCCCC4)C4CCCCC34)C2)CC1
C1CCC(CC2CCCC(CC3CCCCC3)C2)CC1
C1CCC(CC2CCC(C3CCCCC3)CC2)CC1
C1CCC(CC2CCCC(C3CCC4C(CC5CCCCC5)CCCC4C3)C2)CC1
C1CCC(C2CCC(CC3CC(CC4CCCC4)C4CCCCC34)CC2)CC1
C1CCC(C2CC(CC3CCC(CCCC4CCC5CCCCC54)CC3)CC(CC3CC3)C2)C1
C1CCC(CC2CCC(CC3CCC(C4CCCCC4)CC3)CC2)CC1
C1CCC(CCCCC2CCCC(CC3CCCCC3)C2)CC1
C1CCC(CC2CCC(CC3CCC(CC4CCC(CC5CCCCC5)CC4)CC3)CC2)CC1
C1CCC(CC2CCC(CCCCC3CCCCC3C3CCCCC3)CC2)CC1
C1CCC(CCC2CC(C3CCCCC3)CC(C3CCCC(CC4CCCCC4)C3)C2)CC1
C1CCC(C2CCCC(CCC3CC4CCCCC4C3)C2)CC1
C1CCC2CC(CC3CCCC(C4CCC(CC5CC6CCCCC6C5)CC4)C3)CCC2C1
C1CCC2CC(C3CCCC(C4CCC5C(CCCC5C5CCCC(C6CCC6)C5)C4)C3)CCC2C1
C1CCC(CCC2CCC3CCC(C4CCCCC4CC4CCCCC4)CC23)CC1
C1CCC(CC2CCCC(CC3CCCC(CCC4CCC(CC5CC5)CC4)C3)C2)CC1
C1CCC(C2CCCC(CC3CC4CCCCC4C3)C2)CC1
C1CCC(CC2CCC(CC3CCCC3)CC2)CC1
C1CCC(C2CCCC(C3CCCC(C4CCC5CCCC5C4)C3)C2C2CCCCC2)CC1
C1CCC(C2CCC(C3CCCCC3C3CCCCC3)CC2)CC1
C1CCC(CC2CCC(C3CCCCC3)CC2)CC1
C1CCC(CC2CCC(CC3CCCC(C4CCCCC4)C3)C2)CC1
C1CCC(CC2CC(C3CCCCC3)CC(C3CCCC4CCCCC43)C2)CC1
C1CCC(C2CC(C3CCCCC3)C(C3CCCCC3)C3CCCC23)CC1
C1CCC(CC2CCC(CCCC3CCCC(CC4CCCC4)C3)CC2)CC1
C1CCC(CC2CCCC(CC3CCCCC3)C2)CC1
C1CCC(CC2CCC(CC3CCC(C4CCC(C5CCCCC5)CC4)C3)CC2)CC1
C1CCC(CC2CCC(C3CCC(C4CCCCC4C4CCCC4)CC3)CC2)C1
C1CCC(CCC2CC(CC3CCCCC3)CC(C3CCCC(C4CCCCC4)C3)C2)CC1
C1CCC(CCC2CCC(C3CC(CC4CCCCC4)C4CCCCC43)CC2)CC1
C1CCC(C2CCCCC2C2CCCCC2)CC1
C1CCC(CC2CCC(C3CCCC(C4CCCC4)C3)CC2)CC1
C1CCC(CCC2CCC(CC3CCC(C4CCCCC4)C(C4CCCCC4)C3)CC2)CC1
C1CCC(CCC2CCC(C3CCCCC3)CC2CCC2CCC3CCCC3C2)CC1
C1CCC(CC2CCCC(C3CCC4CCCCC43)C2)CC1
C1CCC(CCC2CCCC(C3CCC(C4CCCCC4)CC3)C2)CC1
C1CCC(CC2CCC(CC3CCC4C(CCC4C4CCCCC4C4CCCCC4)C3)CC2)CC1
C1CCC(CC2CCC(C3CCCCC3)CC2)CC1
C1CCC(C2CC(C3CCCCC3)C3CCCCC23)CC1
C1CCC(CC2CCC(CC3CCC(C4CCCCC4)CC3)CC2)CC1
C1CCC(C2CCC(C3CCCCC3C3CCC4CCCCC43)C2)CC1
C1CCC(CC2CCCC(C3CCCCC3)C2)CC1
C1CCC(C2CCCC(C3CCCC(C4CCCCC4)C3)C2)CC1
C1CCC(CC2CCCCC2C2CCCCC2C2CCCC(C3CCCC3)C2)CC1
C1CCC(CCC2CCC(CC3CCCCC3)C(C3CCCCC3)C2)CC1
C1CCC(CC2CCC(CC3CCCC(CC4CCCCC4)C3)CC2)CC1
C1CCC(CC2CCC(C3CCCCC3C3CCCC(C4CCCCC4)C3)CC2)CC1
C1CCC(C2CCC(CC3CC3)CC2)C(CCCC2CCC3CCCCC32)C1
C1CCC(CC2CCC(C3CCCC4CCCCC43)C(CC3CCCCC3)C2)CC1
C1CCC(CC2CC(CCC3CCC(C4CCC5CCCC5C4)CC3)C3CCCCC23)CC1
C1CCC(CCCC2CC(C3CCCC3)C3CCC(C4CCC(C5CCC6CCCCC65)CC4)CC23)CC1
C1CCC(C2CCC(C3CC3)CC2)CC1
C1CCC(CC2C(C3CCCCC3)CCCC2C2CCCCC2)CC1
C1CCC(C2CCCC(C3CCCC(CC4CC4)C3)C2)CC1
C1CCC(C2CCC3CCC(C4CCCC(C5CCCC(C6CCCC6)C5)C4)CC3C2)CC1
C1CCC(C2CCC(C3CCC4C(CCC4C4CCCCC4)C3)CC2)CC1
C1CCC(C2CCCC(CC3CCC(C4CCCCC4C4CCCCC4)CC3)C2)CC1
C1CCC(CC2CCCCC2CCC2CCCC(C3CCC(C4CCCCC4)CC3)C2)CC1
C1CCC(CC2CC(C3CCC4CCCCC43)CC3CCCCC32)CC1
C1CCC(CC2CCC(CC3CCC(C4CCCC4)CC3)CC2)CC1
C1CCC(CC2CCC(C3CCCC(CC4CCCCC4)C3)CC2)CC1
C1CCC(C2CCC(C3CCC(C4CCCCC4C4CCCCC4)CC3)CC2)CC1
C1CCC(CC2CCC(C3CC(C4CCC5CCCCC54)CC4CCCCC43)CC2)CC1
C1CCC(CC2CCCC(CCCCC3CC(CC4CCCCC4)CCC3CC3CC3)C2)CC1
C1CCC(CCC2CCCC(CC3CCCCC3)C2)CC1
C1CCC(C2CCC3CCC(C4CCCCC4)CC3C2)CC1
C1CCC(C2CCC(C3CCCC(C4CCCCC4)C3)CC2)CC1
C1CCC(C2CCCCC2C2CCC3CCCC3C2)CC1
C1CCC(CC2CCCC(C3CCCC(CC4CCC4)C3)C2)CC1
C1CCC(CCC2CCCC(C3CCCC(C4CCCCC4)C3)C2)CC1
C1CCC(CC2CCC(C3CCCCC3)CC2C2CCCCC2)CC1
C1CCC(C2CCCC(CC3CC(C4CCC5CCCCC54)CCC3C3CCCCC3)C2)CC1
C1CCC(C(CCC2CCC(C3CCCC3)CC2)C2CCCCC2)CC1
C1CCC(C2CCCC(C3CCC(C4CCC(CC5CC6CCCCC6C5)CC4)C3)C2)C1
C1CCC(C2CCC(C3CCCCC3C3CC4CCCCC4C3)CC2)C1
C1CCC(CCC2CCC3CCCCC3C2)CC1
C1CCC(C2CCCCC2CCC2CCCCC2C2CCCCC2)CC1
C1CCC(CCC2CC(CC3CCCCC3)C3CCCCC23)CC1
C1CCC(C2CCCC(CC3CCCC(CCCC4CC4)C3)C2)CC1
C1CCC(C2CCCC(C3CCCCC3CC3CCC4CCCCC43)C2)CC1
C1CCC(CCCCC2CCCC(C3CCC(CCCC4CCCCC4CC4CCCCC4)CC3)C2)CC1
C1CCC(CC2CC(C3CCCCC3)C3CCCCC23)CC1
C1CCC(CC2CCCC(C3CCC(C4CC4)CC3)C2)CC1
C1CCC(CC2CCCC(CC3CCCCC3)C2)CC1
C1CCC(C2CCC(C3CCCCC3)C(C3CCCCC3)C2)CC1
C1CCC(CC2CCC(CC3CCC(CCC4CCC5CCCC5C4)CC3)CC2)CC1
C1CCC(CCCC2CC(CC3CCCCC3)CCC2C2CCC3CCCCC3C2)CC1
C1CCC(C2CCCC(CCC3CCCCC3C3CCCC3)C2)CC1
C1CCC(CC2CCCCC2C2CCCC(C3CCCC4CCCCC43)C2)CC1
C1CCC2CC(C3CCCCC3C3CCCC(C4CCCC(C5CCC6CCCC6C5)C4)C3)CCC2C1
C1CCC(CCC2CCC(C3CCCCC3)CC2)CC1
C1CCC(CCC2CCC(C3CCCCC3C3CCC4C(CCCC4C4CCCCC4)C3)CC2)CC1
C1CCC(CC2CCC(CC3CCC(CCC4CCC(C5CCCCC5)CC4)CC3)CC2)CC1
C1CCC(CC2CCC(CC3CCC(C4CCCCC4)C(C4CCCCC4)C3)CC2)CC1
C1CCC(C2CCC(C3CCCC(C4CCC(C5CCC6CCCCC65)CC4)C3)CC2)C1
C1CCC(CC2CC(C3CCC(CC4CCCCC4C4CCC(C5CCCCC5)C4)CC3)C3CCCCC23)CC1
C1CCC(CCCC2CCCC(C3CCC(CCC4CCCCC4)CC3)C2)CC1
C1CCC(CCCC2CCC(C3CCC(CC4CCCCC4)CC3)CC2)CC1
C1CCC(CCC2CCC3C(CC4CCCCC4)CC(CC4CCCC4)C3C2)CC1
C1CCC(C2CC(C3CCCCC3)CC(C3CCCCC3)C2)CC1
C1CCC(C2CCC(CC3CCCC(C4CCCC4)C3)CC2)C1
C1CCC(CCC2CCC(C3CCCC(CCC4CCCCC4)C3)CC2)CC1
C1CCC(CC2CCC(CC3CCCCC3)CC2)CC1
C1CCC(C2CC(C3CCC3)CC(C3CCCCC3C3CCCCC3)C2)CC1
C1CCC(CC2CCCCC2C2CCC(C3CCCCC3CC3CCC4CCCCC43)CC2)CC1
C1CCC(CC2CCC(CC3CCC(CCC4CCCC(C5CCCC(C6CCCCC6)C5)C4)CC3)CC2)CC1
C1CCC(CCC2CCCCC2C2CCC(CC3CCCC(CC4CC5CCCCC5C4)C3)CC2)CC1
C1CCC(C2CCC(CCC3CCCCC3C3CCCCC3)CC2)CC1
C1CCC(CC2CCC(CC3CCCCC3)CC2)CC1
C1CCC(CCC2CCC3C(CCC3C3CCCCC3)C2)CC1
C1CCC(C2CCC(CC3CCCC(C4CCCCC4)C3)CC2)CC1
C1CCC(CCC2CCCC(C3CCC4CCCC4C3)C2)CC1
C1CCC(CC2CCCC(C3CCCC(CC4CCC4)C3)C2)CC1
C1CCC(CCCC2CCC(CC3CCC4CCCCC4C3)CC2)CC1
C1CCC(C2CC(C3CCCCC3)CC(C3CCCC(CC4CC4)C3)C2)CC1
C1CCC(CCC2CCC(C3CCC(CC4CC5CCCCC5C4)CC3)CC2)CC1
C1CCC(C2CCCC(CC3CCCC(CC4CC5CCCCC5C4)C3)C2)CC1
C1CCC(CC2CCCC(C3CCCC(C4CCCCC4)C3)C2)CC1
C1CCC(CC2CCCC(C3CCC(CC4CCC(C5CCCCC5)CC4)CC3)C2)CC1
C1CCC(CCCC2CCC(C3CCCC(C4CC4)C3)CC2)CC1
C1CCC(C2CCC(C3CCCCC3C3CCC4CCCC4C3)C(C3CCCCC3)C2)CC1
C1CCC(C2CCCC(C3CCCCC3)C2)CC1
C1CCC(CC2CCC(CC3CCCC(CC4CCCC4)C3)CC2)CC1
C1CCC(C2CCCC(CC3CC4CCCCC4C3)C2)CC1
C1CCC(CC2CCCCC2C2CCCCC2)CC1
C1CCC(CCC2CCCC(C3CCCCC3)C2)CC1
C1CCC(CC2CCCCC2C2CCCCC2C(C2CCCCC2)C2CCCC(C3CCCC3)C2)CC1
C1CCC(CCC2CC(C3CCCCC3)CCC2CC2CCCCC2)CC1
C1CCC(CC2CCCC(C3CCCCC3)C2)CC1
C1CCC(CC2CCCCC2C2CCCCC2C2CCCC2)CC1
C1CCC(C2CCC(CC3CCCCC3C3CCCC3)CC2)CC1
C1CCC(CCC2CCCCC2)CC1
C1CCC(CC2CCC(CC3CCCC(C4CCCC4)C3)CC2)CC1
C(CCC1CCC(CC2CCCCC2)CC1)CCC1CCC(CC2CCC3CCCC3C2)CC1
C1CCC(CCC2CCCC3CC(C4CCCCC4)CCC23)CC1
C1CCC(CCC2CCC(CC3CCCCC3)CC2C2CCCC2)CC1
C1CCC(CCC2CCCC(CCC3CCCCC3)C2C2CCCCC2)CC1
C1CCC(CC2CCCCC2CCC2CCC(C3CCCC3)CC2)CC1
C1CCC(CCC2CCC(CC3CCCCC3)CC2)CC1
C1CCC(C2CCC(CCC3CCCC(C4CCCCC4)C3)CC2)CC1
C1CCC(C2CCCC(C3CCCC(C4CCC(C5CCCCC5)CC4C4CCCC4)C3)C2)CC1
C1CCC(CCC2CCC(C3CCCC(CC4CC5CCCCC5C4)C3)CC2)CC1
C1CCC(CC2CC(CC3CCCC(C4CC4)C3)CCC2CCC2CC3CCCCC3C2)C1
C1CCC(CCCCC2CCCC(C3CCCCC3)C2)CC1
C1CCC(C2CC(C3CCCC4CCCCC43)CCC2CC2CCC3CCCCC32)CC1
C1CCC(C2CCCC(C3CCC(C4CCCCC4C4CCCC4)CC3)C2)CC1
C1CCC(C2CCC(C3CCC(C4CCCC(C5CC6CCCCC6C5)C4)CC3)CC2)CC1
C1CCC(C2CCCC(C3CCC(CC4CCCC4)CC3)C2)CC1
C1CCC(CC2CCC(CC3CCC(CCC4CC4)CC3)CC2)CC1
C1CCC(CCC2CCC(C3CCC4CCCCC43)CC2)CC1
C1CCC(CCC2CCCC(C3CCC(C4CCCCC4)CC3C3CCCC3)C2)CC1
C1CCC(C2CCC(CC3CCCC(C4CCC(C5CCC6CCCCC6C5)C4)C3)CC2)CC1
C1CCC(C2CCC(C(C3CCCCC3)C3CC3)CC2)CC1
C1CCC(CC2CC(C3CCCCC3)CC(C3CCCCC3)C2)CC1
C1CCC(CC2CCC(CC3CCC(CC4CCCC4)CC3)CC2)CC1
C1CCC(CCC2CCC(C3CCCCC3)CC2)CC1
C1CCC(C2CCCCC2C2CCC3CCCCC3C2)CC1
C1CCC(CC2CCCC(CCC3CCCC3)C2)CC1
C1CCC(CC2CCCCC2C2CCCCC2)CC1
C1CCC(CC2CCC(C3CCCCC3)CC2)CC1
C1CCC(C2CCCC(CC3CCCCC3C3CCCC(C4CC4)C3)C2)CC1
C1CCC(C2CCC(C3CCCCC3)CC2)CC1
C1CCC(CC2CC(C3CCCCC3)CC(C3CCCCC3)C2)CC1
C1CCC(C2CCCCC2C2CCC(C3CCCCC3)C(C3CCCCC3)C2)CC1
C1CCC(CC2CCCCC2CC2CCC(CC3CCCCC3)C(C3CCCC3)C2)CC1
C1CCC(CCC2CC(CC3CCCC3)CCC2C2CCCCC2)CC1
C1CCC(CCC2CCCC(C3CCCCC3)C2)CC1
C1CCC(CCC2CCCC(C3CCCC(C4CCCCC4)C3)C2)CC1
C(CC1CC1)CC1CCCC(C2CCC(C3CC(C4CCCC4)C4CCCCC34)CC2)C1
C1CCC(CCC2CCC(CCC3CC4CCCCC4C3)CC2)CC1
C1CCC(CC2CCCC(CCCCC3CCCC(C4CCCCC4)C3)C2)CC1
C1CCC(C2CCC(C3CCCC(C4CCC4)C3)CC2)CC1
C1CCC(C2CCC(C3CCC4CCCC4C3)CC2)CC1
C1CCC(CC2CCC(CCCC3CCCC(CC4CCCCC4)C3)CC2)CC1
C1CCC(CC2CC(C3CCC(CC4CC4)CC3)C3CCCCC23)CC1
C1CCC(C2CCCC(C3CCCC(C4CCCCC4)C3)C2)CC1
C1CCC(CCCC2CCCCC2CC2CCCCC2)CC1
C1CCC(CCC(C2CCCCC2)C2CCCC(C3CCCC(C4CCCCC4)C3)C2)CC1
C1CC(CC2CCCC(CC3CCC(C4CCC4)CC3)C2)C1
C1CCC(C2CCC(C3CCCCC3C3CCCCC3)CC2)CC1
C1CCC(CCC2CC(CC3CCCCC3)CCC2C2CCCC(CC3CCCCC3)C2)CC1
C1CCC(CCCC2CCC(CCC3CCCCC3)CC2)CC1
C1CCC(CC2CCC(CCC3CCC(CC4CCCCC4)CC3)CC2)CC1
C1CCC(CC2CCC(CCC3CCC(CCC4CC5CCCCC5C4)CC3)CC2)CC1
C1CCC(CC2CCCC(C3CCCCC3)C2)CC1
C1CCC(CCC2CCC(CC3CCCCC3)CC2)CC1
C1CCC(CC2CCC(C3CCC(C4CCCCC4)CC3)CC2)CC1
C1CCC2CC(C3CCC(C4CCC(C5CCCCC5C5CCCC5)CC4)CC3)CCC2C1
C1CCC(C2CCCCC2)CC1
C1CCC(CC2CCC(C3CCC(C4CC5CCCCC5C4)CC3)CC2)CC1
C1CCC(C2CCCC(CCCC3CC3)C2)CC1
C1CCC(CC2CCC(CC3CCCC(CCC4CCCC4)C3)CC2)CC1
C1CCC(CCCC2CCC(CCC3CCCCC3)CC2)CC1
C1CCC(C2CC(CC3CCCC(CC4CCC4)C3)C3CCCCC32)CC1
C1CCC(C2CCCCC2C2CCC(CC3CCCC(C4CCCC4)C3)CC2)CC1
C1CCC(CC2CCC(C3CCCC(CC4CCC(CC5CCCC5)CC4)C3)CC2)CC1
C1CCC(C2CCCC(CC3CCC(C4CCCCC4C4CCCC4)CC3)C2)CC1
C1CCC(CCC2CC3CCC(CC4CCCCC4CC4CCCCC4)CC3C(C3CCCCC3)C2)CC1
C1CCC(CCC2CCC3C(CC4CCCCC4)CC(CCC4CCCCC4)C3C2)CC1
C1CCC(C2CC3CCC(C4CCCCC4)CC3C(C3CCCCC3)C2)CC1
C1CCC(CC2CCCCC2)CC1
C1CCC(C2CCCCC2)CC1
C1CCC(CC2CCC(C3CCCCC3C3CCCCC3)CC2)CC1
C1CCC(C2CCCC(C3CCCC(C4CCC(C5CCCC6CCCCC65)CC4)C3)C2)CC1
C1CCC(CCC2CCCC(C3CCCCC3)C2)CC1
C1CCC(C2CCC(C3CCCCC3C3CCCCC3)C(C3CCCCC3)C2)CC1
C1CCC(C2CCCCC2C2CCCCC2)CC1
C1CCC(C2CCCC(C3CC(C4CCCCC4)CCC3C3CCCC3)C2)CC1
C1CCC(CC2CCCCC2CC2CCCCC2)CC1
C1CCC(CC2CCC(C3CCCCC3)CC2)CC1
C1CCC(CC2CCC(C3CCCCC3)CC2)CC1
C1CCC(CC2CCC(C3CC4CCCCC4C3)C(C3CCCCC3)C2)CC1
C1CC(CC2CCCC(C3CCC(C4CCCCC4C4CCCC4)CC3)C2)CC(C2CC2)C1
C1CCC(C2CCCC(CC3CCC(CCC4CCCC(C5CCCC5)C4)CC3)C2)CC1
C1CCC(CC2CCC3CCC(C4CCCCC4)CC3C2)CC1
C1CCC(CCC2CCC(C3CCCC(CCC4CCCCC4)C3)CC2)CC1
C1CCC(C2CCC(C3CCC4CCCCC4C3)C(C3CCCCC3)C2)CC1
C1CCC(CCC2CCC(C3CC3)CC2CCCC2CCC(CC3CCC(C4CCCC4)CC3)CC2)CC1
C1CCC(CC2CC(C3CCC(C4CC(C5CCCCC5)C4)CC3)C3CCCCC23)CC1
C1CCC(C2CCC(CC3CC(C4CCCCC4)C4CCCCC34)CC2)CC1
C1CCC(CCC2CCC(CC3CCCCC3)CC2)CC1
C1CCC(CC2CCC(CC3CCC4CCCCC4C3)CC2C2CCCCC2)CC1
C1CCC(CCCC2CCCC(C3CCCC(CCC4CCCCC4)C3)C2)CC1
C1CCC(C2CCC(C3CCCC(C4CCC(CCC5CC6CCCCC6C5)CC4)C3)CC2)CC1
C1CCC(CCCC2CCCC(CC3CC3)C2)CC1
C1CCC2CC(CC3CCC(C4CCC(C5CCC6CCCCC65)CC4)CC3)CC2C1
C1CCC(CCC2CCCC(C3CCCCC3)C2)CC1
C1CCC(CCCC2CCCCC2)CC1
C1CCC(CC2CCC(CC3CCC(CCC4CC4)CC3)CC2)CC1
C1CCC(C2CC(CCC3CC4CCCCC4C3)CC(C3CCCCC3)C2)CC1
C1CCC(CCC2CCCC(CC3CCC(CC4CCC5CCCCC54)CC3)C2)CC1
C1CCC(C2CCCCC2)CC1
C1CCC(C2CCC(CC3CCCC(CCCC4CC5CCCCC5C4)C3)CC2)CC1
C1CCC(C2CCCC(C3CCCCC3)C2)CC1
C1CCC(C2CCC(C3CCC4CCCCC43)CC2)CC1
C1CCC(CC2CCC(C3CCCC(C4CCCCC4CCC4CC5CCCCC5C4)C3)CC2)CC1
C1CCC(C2CCC(CC3CC(C4CCC(C5CCCC(C6CCC6)C5)CC4)C4CCCCC34)CC2)CC1
C1CCC(CC2CCCC(C3CCCC(C4CCCCC4)C3)C2)CC1
C1CCC(C2CCCCC2C2CCCCC2)CC1
C1CCC(CCC2CCCC(CC3CCC(C4CCCC(CC5CC6CCCCC6C5)C4)CC3)C2)CC1
C1CCC(C2CC(C3CCCCC3)CC(C3CCCCC3)C2)CC1
C1CCC(CC2CCC(C3CCC(C4CCCCC4)CC3)CC2)CC1
C1CCC(CC2CCC(CC3CCC(C4CCCCC4)CC3)CC2)CC1
C1CCC(C2CC(C3CCCCC3)C3CCCCC23)CC1
C1CCC(C2CCCC(C3CCCC(CC4CCC(C5CCCC5)CC4)C3)C2)CC1
C1CCC(CC2CCC(CC3CCC(CC4CCCCC4)CC3)CC2)CC1
C1CCC(C2CCC(C3CCCC(C4CCCCC4)C3)CC2)CC1
C1CCC(C2CC(C3CCCC3)CC(C3CCCCC3CC3CCCC(CCC4CC5CCCCC5C4)C3)C2)CC1
C1CCC(CC2CCC(CC3CCC4CC(C5CCCCC5)CCC34)CC2)CC1
C1CCC(CCCC2CCC(CC3CCCCC3)CC2)CC1
C1CCC(C2CCC(C3CCC3)CC2)CC1
C1CCC(CCC2CC(C3CCC3)CC(C3CCCC(C4CCCCC4)C3)C2)CC1
C1CCC(CCC2CCCC(CC3CCCCC3)C2)CC1
C1CCC(CCC2CCC(CC3CCCCC3)CC2CCC2CCCCC2)CC1
C1CCC(CCC2CCC(C3CCC(C4CCCCC4)CC3)CC2)CC1
C1CCC(C2CCCCC2C2CCCCC2C2CCCC2)CC1
C1CCC(C2CCCC(C3CC3)C2)CC1
C1CCC(C2CC3CCCCC3C(C3CCCCC3)C2)CC1
C1CCC(CC2CC(C3CCCCC3)CCC2C2CCCCC2)CC1
C1CCC(CC2CC(CCC3CCC(CC4CCC(C5CCCCC5)CC4)CC3)C3CCCCC23)CC1
C1CCC(CC2CCC(CC3CCCCC3C3CCCCC3C3CCC3)CC2)CC1
C1CCC(C2CC(C3CCC(C4CCC5C(CCCC5C5CCC6CCCCC65)C4)CC3)C2)CC1
C1CCC(CC2CCC(C3CCCC(CC4CCCCC4)C3)CC2)CC1
C1CCC(CC2CCC(CC3CCCCC3)CC2)CC1
C1CCC(CC2CCCC(C3CCCCC3)C2)CC1
C1CCC(CC2CCC(CCC3CCC(C4CCCCC4)CC3)CC2)CC1
C1CC(CC2CCC(CC3CCC(C4CCCC4)CC3)CC2)CC(CC2CC3CCCCC3C2)C1
C1CCC(C2CCCC(C3CCC(CC4CCCC4)CC3)C2)CC1
C1CCC2C(C1)CCC2C1CCC2C(CCC2C2CC(C3CCC4CCCCC43)CC3CCCCC32)C1
C1CCC(CCCC2CCCC(CC3CCC4CCCC4C3)C2)CC1
C1CCC(CCC2CCC(CCC3CCC(C4CCCCC4)CC3)CC2)CC1
C1CCC(CCC2CCCCC2CC2CCCCC2CC2CCC3CCCCC32)CC1
C1CCC(CC2CCCC(CC3CCC(C4CCCCC4)CC3C3CCCCC3)C2)CC1
C1CCC(C2CCCC(C3CCC(CC4CC5CCCCC5C4)CC3)C2)CC1
C1CCC(C2CCC3C(CC4CCCC4)CC(C4CCCCC4)C3C2)CC1
C1CCC(CCCC2CC(CC3CCCC(CCC4CCCCC4)C3)C3CCCCC23)CC1
C1CCC(CC2CCCC(C3CCC(C4CCCCC4)CC3)C2)CC1
C1CCC2CC(CC3CCC(CC4CCC(C5CCCCC5C5CCCC5)CC4)CC3)CCC2C1
C1CCC(C2CCCC(C3CCCCC3C3CCCCC3C3CCCC3)C2)CC1
C1CCC(C2CC(CCCC3CCCCC3C3CCCC3)C3CCCCC32)CC1
C1CCC(CC2CCC(CC3CCCC(C4CCCCC4)C3)CC2)CC1
C1CCC(CC2CCC(CCC3CCCC(CC4CCCCC4)C3)CC2)CC1
C1CCC(CCC2CCC(CC3CCCCC3)CC2C2CCCCC2)CC1
C1CCC(CC2CC(C3CCCCC3)C(C3CCC(C4CCC4)CC3)C(C3CC3)C2)CC1
C1CCC(CC2CC(CCC3CCC(C4CCCCC4)CC3)C3CCCCC23)CC1
C1CCC(CC2CCCC(C3CCCC(C4CCCC(C5CC5)C4)C3)C2)CC1
C1CCC(C2CCC(CC3CCC(CC4CCCC4)CC3)CC2C2CCCCC2)CC1
C1CCC(CCC2CCCCC2C2CCCCC2C2CCCC2)CC1
C1CCC(CC2CCC(CCCC3CCC(CC4CCCCC4)CC3)CC2)CC1
C1CCC(CC2CC(C3CCCCC3)CCC2CCC2CCCC(C3CCCCC3)C2)CC1
C1CCC(CCC2CC(CC3CCC(CC4CCCCC4)CC3)C3CCCCC23)CC1
C1CCC(CCCC2CC(C3CCCCC3)C3CCCCC23)CC1
C1CCC(C2CCCCC2CC2CCC2)CC1
C1CCC(C2CCC(CC3CCCC(C4CCCC(C5CCCCC5)C4)C3)CC2)CC1
C1CCC(CCCC2CCC(C3CCC(C4CCCC(CC5CC6CCCCC6C5)C4)CC3)CC2)CC1
C1CCC(CC2CCCCC2CC2CCCCC2)CC1
C1CCC(CCC2CCCC(C3CCCCC3)C2)CC1
C1CCC(CCCCC2CCC(CC3CCC4CCCCC4C3)CC2)CC1
C1CCC(CCCC2CCC(CC3CCCCC3)CC2)CC1
C1CCC(CC2CCC3C(CC4CCCC(C5CCCCC5)C4)CC(C4CCCCC4)C3C2)CC1
C1CCC(CC2CCC(C3CCC(CC(C4CCCCC4)C4CCC(C5CCCCC5)CC4)C3)CC2)CC1
C1CCC(CC2CCC(CC3CCCCC3)CC2)CC1
C1CCC(CCCCC2CCC(CC3CCCCC3)CC2)CC1
C1CCC(CCC2CCC(CCC3CCC(C4CCCCC4)CC3)CC2)CC1
C1CCC(C2CCC(CC3CCC(CC4CCC(C5CCCC5)CC4)CC3)CC2)CC1
C1CCC(C2CCCC(C3CCCCC3)C2)CC1
C1CCC(C2CCC(C3CCC(C4CCCC4)CC3)CC2C2CCCCC2)CC1
C1CCC(CC2CCC(CC3CCCCC3)CC2)CC1
C1CCC(C2CCCC(CC3CCCC4CCCCC43)C2)CC1
C1CCC(CCC2CCCC(CC3CCC(C4CCCCC4)CC3)C2)CC1
C1CCC(C2CCCC(C3CCC4CCCC4C3)C2)CC1
C1CCC(C2CCCC(CC3CCC4CCCCC43)C2)CC1
C1CCC(CCC2CC(C3CCCCC3)CC(C3CCC3)C2)CC1
C1CCC(CC2CCCCC2CCC2CCCC(C3CCCC4CCCCC43)C2)CC1
C1CCC(CC2CCCCC2C2CCCC(CCC3CCC(CC4CCCC4)CC3)C2)CC1
C1CCC(C2CC(C3CC4CCCCC4C3)CC(CC3CCCC3)C2C2CC3CCCCC3C2)CC1
C1CCC(CC2CCC(CC3CCCCC3)CC2)CC1
C1CCC(CC2CCCC(C3CCCCC3)C2)CC1
C1CCC(CC2CCC(CC3CCCC(C4CCCC5CCCCC54)C3)CC2)CC1
C1CCC(C2CCCC(CC3CCCC(C4CCCCC4)C3)C2)CC1
C1CCC(CC2CCC3C(CC4CCCCC4)CC(C4CCCC4)C3C2)CC1
C1CCC(CCC2CC(CCC3CCCCC3)CC(CCC3CC4CCCCC4C3)C2)CC1
C1CCC(C2CC(C3CC(C4CCCCC4)C4CCCCC34)CCC2C2CC2)CC1
C1CCC(CCCC2CCCC(C3CCC3)C2)CC1
C1CCC(C2CCCC(C3CCCC(C4CCC5CCCC5C4)C3)C2)C1
C1CCC(CCC2CCC(C3CCCC3)C(C3CCCCC3)C2)CC1
C1CCC(CCCC2CCCCC2C2CCC3CCCC3C2)CC1
C1CCC(CCCC2CCC(CC3CCCCC3)CC2)CC1
C1CCC(C2CCC(CC3CCC(CC4CCCC4)CC3)CC2)CC1
C1CCC(CC2CCC(C3CCC(C4CC(CC5CCCCC5)C5CCCCC54)CC3)CC2)CC1
C1CCC(CC2CCC(CC3CCC(C4CCCCC4)CC3)CC2)CC1
C1CCC(CC2CCC(C3CCCCC3)C(C3CCCCC3)C2)CC1
C1CCC(CC2CCC(C3CCCC3)C(C3CCCC3)C2)CC1
C1CCC(CCCC2CCC(CC3CCCCC3)CC2CC2CCCCC2)CC1
C1CCC(CC2CCCC(C3CCCCC3)C2)CC1
C1CCC(CC2CCC(C3CCCCC3)CC2)CC1
C1CCC(C2CCCC(CC3CCC(C4CCC4)CC3)C2)CC1
C1CC(CCC2CCC(CCC3CC3)CC2)CC(C2CCC3CCCC3C2)C1
C1CCC(C2CCC(C3CCCCC3CC3CCCCC3C3CCC4CCCCC4C3)CC2)CC1
C1CCC(CCC2CCCC(C3CCCCC3CCC3CCC(CC4CCCCC4)CC3)C2)CC1
C1CCC(CC2CCC(C3CCCC(C4CCCCC4)C3)CC2)CC1
C1CCC(CCCCC2CCCC(CC3CCC(C4CCCC(C5CCCCC5)C4)CC3)C2)CC1
C1CCC(CCC2CCC(CC3CCC(C4CCCCC4)CC3)CC2)CC1
C1CCC(C2CCCC(CC3CCCC(C4CCCCC4)C3)C2)CC1
C1CCC(C2CCC(C3CCC(C4CCCCC4)CC3)CC2)CC1
C1CCC(CCC2CCC3CCCCC3C2CC2CCC(CC3CCCCC3)CC2)CC1
C1CCC(C2CCC(C3CC(CC4CCCC(C5CCCCC5)C4)C4CCCCC43)CC2)CC1
C(CCCC1CCC(C2CCCCC2)C(C2CC2)C1)CCC1CCC(C2CCCCC2)CC1
C1CCC(CC2CCCC(C3CCCC(C4CCCCC4)C3)C2)CC1
C1CCC(C2CC(CC3CCCC(C4CCCC(C5CCC5)C4)C3)CC(C3CC3)C2)CC1
C1CCC(CC2CCC(CC3CCC(C4CCCCC4C4CCCC4)CC3)CC2)CC1
C1CCC(C2CCC(CC3CCC(CCCC4CCC5CCCC5C4)CC3)CC2)CC1
C1CCC(CC2CCCCC2C2CCC(C3CCCC3)CC2CC2CCCCC2)CC1
C1CCC(CC2CCC(C3CCCC(C4CCC(C5CCC6CCCCC65)CC4)C3)CC2)CC1
C1CCC(CC2CCC(CC3CCC(CCC4CC5CCCCC5C4)CC3)CC2)CC1
C1CCC(C2CCCC3CCCCC32)CC1
C(CCCCC1CCC2C(CCC2C2CCCC2)C1)CCCC1CCCCC1
C1CCC(CC2CCC(C3CCC(C4CCC4)CC3C3CCCC3)CC2)CC1
C1CCC(C2CC(C3CCCCC3)CC(C3CCCCC3C3CCCCC3)C2)CC1
C1CCC(C2CCCCC2)CC1
C1CCC(CC2CCCC(C3CCCCC3)C2)CC1
C1CCC(CC2CCC(C3CCCCC3C3CCC4CCCCC4C3)CC2)CC1
C1CCC(CC2CCCC(C3CCCCC3)C2)CC1
C1CCC(C2CCC(C3CCCC(C4CC5CCCCC5C4)C3)CC2)CC1
C1CCC(C2CCCCC2C2CCC3C(CCC3C3CCCC3)C2)CC1
C1CCC(CC2CCC(C3CCCC(C4CCCCC4)C3)CC2C2CCCCC2)CC1
C1CCC(CCCCC2CCC(C3CCC(CCC4CCCCC4)CC3)CC2)CC1
C1CCC(CC2CCC(C3CCCC4CC(C5CCCCC5)CCC43)CC2)CC1
C1CCC(C2CCC(C3CCCC3)CC2CCCC2CCCC(CC3CC4CCCCC4C3)C2)CC1
C1CCC(CCCC2CCC(C3CCCC(CC4CC5CCCCC5C4)C3)CC2)CC1
C1CCC(C2CCC3C(CCCC3C3CCCCC3C3CCCCC3)C2)CC1
C1CCC(CCCC2CCCC(CC3CCCCC3)C2)CC1
C1CCC(C2CCC(CC3CCCC4CCCC43)CC2)CC1
C1CCC(CC2CCC(CCCCC3CCCCC3CCC3CCCC(C4CCCC4)C3)CC2)CC1
C1CCC(CC2CCC(CC3CCCC(C4CCCC4)C3)CC2)CC1
C1CCC(CCC2CCCCC2C2CCCCC2)CC1
C1CCC(C2CCC(C3CC(C4CCCCC4)C4CCCCC34)CC2)CC1
C1CCC(CCC2CCCC(C3CCCCC3)C2)CC1
C1CCC(CC2CCC(CCCC3CCC(C4CCCCC4)CC3)CC2C2CCCC2)CC1
C1CCC(CC2CCC(CC3CCC4CCCCC43)CC2)CC1
C1CCC(C2CCC(C3CCCC(CCCC4CC5CCCCC5C4)C3)CC2)CC1
C1CCC(CCC2CCCCC2CC2CCCCC2)CC1
C1CCC(C2CC(CCC3CCC3)CC(C3CCCCC3)C2)CC1
C1CCC(CCCCC2CCC(CC3CCCC(CC4CCCCC4)C3)CC2)CC1
C1CCC(CC2CCCC(CC3CCCC(C4CCCC(C5CCC5)C4)C3)C2)CC1
C1CCC(C2CCC(CC3CC(C4CCCCC4)C4CCCCC34)CC2)CC1
C1CCC(CCC2CCCC(CC3CCC(C4CCCCC4)CC3)C2)CC1
C1CCC(C2CCCC(C3CCCC(CC4CCCC4)C3)C2)CC1
C1CCC(CC2CCC(CCC3CCC(C4CCCCC4)CC3)CC2)CC1
C1CCC(CC2CC(CC3CCC(C4CCCC(C5CCCC5)C4)CC3)C3CCCCC23)CC1
C1CCC2CC(CCC3CCCCC3C3CCCCC3CCC3CCC4CCCCC43)CC2C1
C1CCC(CCC2CCCC3CCC(C4CCCCC4)CC23)CC1
C1CCC(C2CCC(CCC3CCC4C(C3)CC(CC3CC3)CC4C3CCC3)CC2)CC1
C1CCC(CC2CCC(CC3CCC(CCC4CCC(C5CCC5)CC4)CC3)CC2)CC1
C1CCC(CCC2CCC(C3CCCCC3)CC2)CC1
C1CCC(CC2CCC(CCCC3CCCCC3C3CCC4CCCCC4C3)CC2)CC1
C1CCC(C2CCCC(C3CCCCC3)C2)CC1
C1CCC(CC2CCC(CC3CCC4CCC(C5CCC6CCCCC6C5)C4C3)CC2)CC1
C1CCC(C2CCCC(CC3CCCCC3C3CCCC3)C2)CC1
C1CCC(CCCC2CCC(C3CCCCC3)CC2C2CCCCC2)CC1
C1CCC(CC2CCC(CC3CCCC(C4CCC(C5CC5)CC4)C3)CC2)CC1
C1CCC(C2CCCC(C3CC(CC4CCCC(C5CCCC5)C4)CC(C4CCCCC4)C3)C2)CC1
C(CCC1CCCC1)CCC1CCCCC1C1CCCC(CC2CC(C3CCCCC3)C3CCCCC23)C1
C1CCC(C2CCC(CCCC3CCCCC3CC3CC4CCCCC4C3)CC2)CC1
C1CCC(C2CCCC(C3CCC(CCCC4CC5CCCCC5C4)CC3)C2)CC1
C1CCC(C2CCC(C3CCCCC3)CC2)CC1
C1CCC2CC(CCCC3CCCCC3C3CCCCC3C3CCC4CCCC4C3)CC2C1
C1CCC(CCCC2CCC(CCC3CCCCC3)CC2)CC1
C1CCC(CCC2CCCC(CCC3CCC(C4CCCCC4)CC3)C2)CC1
C1CCC(CCCC2CC(CC3CCCCC3)CCC2CC2CCCCC2)CC1
C1CCC(C2CCCCC2)CC1
C1CCC(C2CCC(C3CCC(C4CCC(C5CC(C6CCCCC6)C5)CC4)CC3)CC2)CC1
C1CCC(CCC2CCC(C3CCC(C4CCCCC4CC4CCCCC4)CC3)CC2)CC1
C1CCC(CCC2CCCC(C3CCCC(C4CCCCC4)C3)C2)CC1
C1CCC(CC(C2CCCC(CCC3CC4CCCCC4C3)C2)C2CCCCC2CC2CC3CCCCC3C2)CC1
C1CCC(CC2CCCC(CCCCC3CC4CCCCC4C3)C2)CC1
C1CCC(CCC2CCC(CC3CCCCC3)CC2)CC1
C1CCC(C2CCCCC2)CC1
C1CCC(CC2CCCCC2C2CCC3C(CCCC3C3CCCC3)C2)CC1
C1CCC(C2CCCC(CCC3CC4CCCCC4C3)C2)CC1
C1CCC(CC2CCCC(C3CCCCC3C3CCCC(CC4CCCC4)C3)C2)CC1
C1CCC(CCCCC2CCCC(CC3CCCCC3)C2)CC1
C1CCC(CC2CCCC2CCC2CCCC(C3CCCCC3)C2)CC1
C1CCC(CC2CC(C3CCCC(C4CCC5CCCC5C4)C3)C3CCCCC23)CC1
C1CCC(CC2CCCCC2C2CCC(CC3CCCCC3C3CC3)CC2)CC1
C1CCC(CCCC2CCC(CCC3CCC4CC(C5CCCCC5C5CCCCC5)CCC34)CC2)CC1
C1CCC(CCCCCC2CCC(C3CCCCC3)CC2)CC1
C1CCC(CC2CCC(CC3CCC4C(CCC4C4CCCCC4)C3)CC2)CC1
C1CCC(CC2CC(C3CCCCC3)C3CCCCC23)CC1
C1CCC(CC2CCC(C3CCC(CC4CCC(CC5CCCC5)CC4)CC3)CC2)CC1
C(CCCC1CCCC(C2CCCCC2)C1)CCC1CCC(CC2CCCCC2)CC1
C1CCC(C2CCCC(CC3CCCC(C4CCCCC4)C3)C2)CC1
C1CCC(CC2CCC(C3CCCCC3C3CCCC3)CC2)CC1
C1CCC(CC2CCCC(CC3CCC(CCC4CC4)CC3)C2)CC1
C1CCC(C2CCC(C3CCCCC3)CC2)CC1
C1CCC(CC2CCC(CC3CCC(C4CCCCC4)CC3)CC2)CC1
C1CCC(CC2CCC(CC3CC(CC4CCCCC4)C4CCCCC34)C(C3CCC(C4CCCC4)C3)C2)CC1
C1CCC(C2CCCC(CC3CCCC4CCCCC43)C2)CC1
C1CCC(C2CCC(C3CCCC(C4CCC5CCCCC54)C3)CC2)C1
C1CCC(CCCCC2CC(C3CCCCC3)CCC2CC2CCCCC2)CC1
C1CCC(CCC2CCC(CCCC3CCC(CC4CCCCC4)CC3)CC2)CC1
C1CCC(CCCCC(C2CCCCC2)C2CCCCC2)CC1
C1CCC(CCC2CCCCC2CC2CCCCC2)CC1
C1CCC(CC2CC(C3CCCC(C4CCCC4)C3)CCC2C2CCC3CCCCC32)CC1
C1CCC(C2CCC(C3CCCCC3)C(C3CCCCC3C3CCCCC3)C2)CC1
C1CCC(CCCC2CC(C3CCCCC3)CCC2CCC2CCCCC2)CC1
C1CCC(C2CCCCC2C2CCCCC2)CC1
C1CCC(CCC2CC(CC3CCCCC3)CCC2CC2CCCCC2)CC1
C1CCC(CC2CCC(CC3CCCCC3C3CCCCC3)CC2)CC1
C1CCC(CCC2CCC(C3CCC(C4CCCCC4)CC3)CC2)CC1
C1CCC(C2CCC(CCC3CC4CCCCC4C3)CC2)CC1
C1CCC(CCC2CCC(C3CCCCC3)CC2)CC1
C1CCC(CC2CCC(C3CCCC(C4CCCCC4)C3)CC2)CC1
C1CCC(CC2CCC(C3CCCC(CC4CC5CCCCC5C4)C3)CC2)CC1
C1CCC(CC2CCC(CC3CCCC(CC4CCCCC4)C3)CC2)CC1
C1CCC(CCC2CCC(CCC3CCCCC3)CC2)CC1
C1CCC(CCCC2CCCCC2C2CCC(CC3CCCCC3)CC2)CC1
C1CCC(CC2CC(CC3CCCC(C4CCCC4)C3)C3CCC(CCC4CCCC4)CC23)CC1
C1CCC(CC2CC(C3CCCC(C4CCCCC4)C3)C3CCCCC23)CC1
C1CCC(CC2CCC(C3CCCCC3)CC2C2CCC3C(CCC3C3CCCC3)C2)CC1
C1CCC(CCC2CCCCC2)CC1
C1CCC(CCCC2CCC(C3CCCCC3)CC2)CC1
C1CCC(C2CCC(CC3CCC(C4CC(C5CCCCC5)C4)CC3)CC2)CC1
C1CCC(CC2CCC(CC3CCCC(CC4CC5CCCCC5C4)C3)C(CCC3CCC3)C2)CC1
C1CCC(C2CCCC(C3CCCC(C4CCCCC4CC4CCCC4)C3)C2)CC1
C1CCC(C2CC(C3CCC3)CC(C(C3CCCCC3)C3CCCCC3)C2)CC1
C1CCC(CC2CCC(C3CCCCC3C3CCCC3)CC2)CC1
C1CCC(CC2CCCC(C3CCCCC3)C2)CC1
C1CCC(C2CCC(CCC3CC4CCCCC4C3)C(C3CCCCC3)C2)CC1
C1CCC(CCC2CCC(C3CCC(C4CCCCC4)CC3)CC2)CC1
C1CCC(CC2CCC(CCCC3CCC4CCCC4C3)CC2)CC1
C1CCC(CC2CC(C3CCCCC3)CCC2C2CCCCC2)CC1
C1CCC(CC2CCC(CC3CCCCC3)C(CC3CCCCC3)C2)CC1
C1CCC(CCC2CCC(C3CCCCC3)CC2)CC1
C1CCC(CCCCC2CCCCC2)CC1
C1CCC(CCCCC2CCC(CCC3CCCCC3)CC2)CC1
C1CCC(CCCC2CCCC3CCCCC32)CC1
C1CCC(CC2CCC(C3CCCCC3)CC2)CC1
C1CCC(C2CCCCC2CC2CCC(C3CCCCC3C3CCCCC3)C2)CC1
C1CCC(CC2CCCC(C3CCCC(C4CCCC4)C3C3CCCCC3)C2)CC1
C1CCC(CCC2CCCC(CCC3CCCC(CCC4CCC(CC5CCCCC5)CC4)C3)C2)CC1
C1CCC(C2CCCC(C3CCCCC3C3CCCCC3)C2)CC1
C1CCC(CCC2CC(C3CCCC(CC4CCCCC4)C3)C3CCCCC23)CC1
C(CCC1CCCC1)CCC1CCCC(C2CCC(C3CCC3)CC2)C1
C1CCC(CC2CCC(CC3CCCCC3C3CCC4CCCCC4C3)C(C3CCCCC3)C2)CC1
C1CCC(C2CCC(C3CCCC(CC4CC5CCCCC5C4)C3)CC2)C1
C1CCC(CC2CCC(C3CCC(CCC4CC4)CC3)CC2)CC1
C1CCC(C2CCC(C3CCCCC3)C(C3CCCCC3)C2)CC1
C1CCC(CC2CCCC(CC3CCCCC3)C2)CC1
C1CCC(CC2CCCCC2CCCC2CCC3CCCCC32)CC1
C1CCC(C2CCCC(C3CCCC3)C2)CC1
C1CCC(CCC2CCCCC2CCC2CCCC(C3CCCC3)C2)CC1
C1CCC(C2CCCC(C3CCC4C(C3)C(CCC3CCC(C5CCC6CCCCC6C5)C3)CC4C3CCCCC3)C2)CC1
C1CCC(CC2CC(CC3CCCC(C4CCCC5CCCCC54)C3)C3CCCCC23)C1
C1CCC(CCC2CCCC(CC3CCC(CC4CCCCC4)CC3)C2)CC1
C1CCC(C2CCC(C3CCCCC3)CC2)CC1
C1CCC(CCCC2CCCC(C3CCCCC3)C2)CC1
C1CCC(CCC2CCCC(CCC3CCCCC3C3CCCCC3)C2)CC1
C1CCC(C2CCC(CCC3CCC(CCCC4CCC5CCCCC54)CC3)CC2)CC1
C1CCC(C2CC(CC3CC4CCCCC4C3)CC(C3CCCC3)C2)CC1
C1CCC(C2CC(C3CCC(C4CCCC(C5CCCC5)C4)CC3)CC3CCC(CC4CCC4)CC32)CC1
C1CCC(CC2CCC(CC3CCCC(CC4CC(C5CCCCC5)C5CCCCC45)C3)CC2)CC1
C1CCC(C2CCCC(CCC3CCCCC3C3CCCCC3)C2)CC1
C1CCC(CCC2CCCC(CC3CCCCC3)C2)CC1
C1CCC(C2CCCCC2C2CCCC2)CC1
C1CCC(CCCC2CCC(CC3CCCCC3)CC2)CC1
C1CCC(C2CCCC(C3CCCCC3C3CCCCC3)C2)CC1
C1CCC(CCC2CCC(CC3CCCCC3)CC2)CC1
C1CCC(C2CCC(CCC3CCC4CCCCC43)CC2)CC1
C1CCC(C2CCCCC2CC2CCC(C3CC4CCCCC4C3)CC2)CC1
C1CCC(CCCC2CCC(C3CCCCC3)CC2)CC1
C1CCC(CCC2CCC(CCC3CCCCC3)CC2)CC1
C1CCC(CCC2CCCC(CC3CCCC(C4CCCCC4)C3)C2)CC1
C1CCC(CCC2CCCCC2C2CCCC(C3CCCCC3C3CCC3)C2)CC1
C1CCC(C2CCCCC2C2CCC3CCCC3C2)CC1
C1CCC(C2CCCCC2C2CCCC(CC3CCC(CC4CCC4)CC3)C2)CC1
C1CCC(CC2CCC(CCC3CCCCC3C3CCC4CCCC4C3)CC2)CC1
C1CCC(CC2CCCC(C3CCCCC3)C2)CC1
C1CCC(CCC2CCCC(C3CC(C4CCCCC4)CC(C4CCCCC4)C3)C2)CC1
C1CCC(CCC2CCC(C3CCCC(C4CCCCC4)C3)CC2)CC1
C1CCC(CCCC2CCC(CC3CCCC(C4CCCCC4)C3)CC2)CC1
C1CCC(C2CCCC(C3CC4CCC(CC5CCCC5)CC4C(C4CCCCC4)C3)C2)CC1
C1CCC(CCC2CC(C3CCCCC3)CC(C3CCCC3)C2)CC1
C1CCC(CC2CCC(CC3CCCCC3)C(C3CCCCC3)C2)CC1
C1CCC(C2CC(C3CCCCC3)CC(C3CCCCC3)C2)CC1
C1CCC(CC2CCC3CC(C4CCC5CCCCC54)CC(C4CCCCC4)C3C2)CC1
C1CCC(CCCC2CCC(CC3CCC(C4CCCCC4CC4CCCCC4)CC3)CC2)CC1
C1CCC(C2CCCC(C3CCCC(C4CCC(C5CCC6CCCCC65)CC4)C3)C2)CC1
C1CCC(CC(CCC2CCCC(C3CCCCC3)C2)C2CCCCC2)CC1
C1CCC(C2CCCC(C3CCCCC3C3CC4CCCCC4C3)C2)CC1
C1CCC(CC2CC(C3CCC4CCCCC43)CC3CCC(CCC4CC5CCCCC5C4)CC32)CC1
C1CCC(CCC2CCC(CCC(C3CCCCC3)C3CCCC(CC4CCCCC4)C3)CC2)CC1
C1CCC(CC2CCCC(C3CCCC3CCC3CCC(C4CCCCC4)CC3)C2)CC1
C1CCC(CCCC2CCC(CC3CCCC(CCC4CCC(C5CCC5)CC4)C3)CC2)CC1
C1CCC(CCC2CCC(CCCC3CCCCC3CC3CC4CCCCC4C3)CC2)CC1
C1CCC(C2CC(C3CCCCC3)CC(C3CCCC(CC4CC5CCCCC5C4)C3)C2)CC1
C1CCC(CCC2CC(CC3CCCCC3)C3CCC(C4CCCCC4)CC23)CC1
C1CCC(C2CCC(C3CCCC(C4CCCCC4)C3)CC2)CC1
C1CCC(C2CCCC(C3CCC(C4CCC(C5CCC6CCCC6C5)CC4)CC3)C2)C1
C1CCC(CC2CCCCC2C2CCCC(CCC3CC4CCCCC4C3)C2)CC1
C1CCC(C2CC(CC3CCCC3)C3CCCCC32)CC1
C1CCC(CCC2CCC(CC3CCCCC3)CC2)CC1
C1CCC(CC2CCC(C3CCCCC3)CC2)CC1
C1CCC(CCCCCC2CCC(C3CCCCC3)CC2)CC1
C1CCC(C2CCCCC2C2CCC(CC3CC3)C(C3CCCC3)C2)CC1
C1CCC(CCCC2CCC(CC3CC4CCCCC4C3)CC2)CC1
C1CCC(C2CCC(C3CCCCC3CCC3CCC(C4CCCC4)CC3)CC2)CC1
C1CCC(C2CCCC(CC3CCCC3)C2)CC1
C1CCC(C2CCCC(CC3CCC(C4CC4)CC3C3CCC4CCCC4C3)C2)CC1
C1CCC(CC2CCC(CC3CCCC3)CC2)CC1
C1CCC(C2CCC(C3CCCC(C4CC5CCCCC5C4)C3)CC2)CC1
C1CCC(CC(CC2CCCCC2)C2CCCCC2)CC1
C1CCC(CCCC2CCCC(C3CCC(C4CCCCC4)C(CCC4CCCCC4)C3)C2)CC1
C1CCC(C2CCCC(C3CC(C4CCCCC4)C4CCCCC34)C2)CC1
C1CCC(CC2CCC(CC3CCCC4CC(C5CCCCC5)CCC34)CC2)CC1
C1CCC(CCC2CCCC(C3CCC(CC4CCCC(CC5CCCC5)C4)CC3)C2)CC1
C1CCC(CCC2CCC(C3CCCCC3)CC2CC2CCC2)CC1
C1CCC(C2CCCCC2C2CCCCC2C2CCCC2C2CCC(C3CCC4CCCC4C3)CC2)CC1
C1CCC(CC2CCC(C3CC(C4CCC5CCCCC54)CC4CCCCC43)C(C3CCCCC3)C2)CC1
C1CCC(CCC2CCCC(C3CCCCC3)C2)CC1
C1CCC(CC2CCC(C3CCCC(CC4CCCC(C5CCCCC5)C4)C3)CC2)CC1
C1CCC(CCCC2CCC(C3CCCCC3C3CCCC3)C(C3CCCCC3)C2)CC1
C1CCC(C2CC(C3CCC3)CCC2CC2CC3CCCCC3C2)CC1
C1CCC(CC2CCC(CCC3CCCC(CC4CC4)C3)CC2)CC1
C1CCC(CCCC2CCC(CCC3CCC(CCCC4CCC4)CC3)CC2)CC1
C1CCC(CC2CCCC(C3CCCCC3)C2)CC1
C1CCC(CC2CC(CCCC3CCC(C4CCCC(C5CCCCC5)C4)CC3)C3CCCCC23)CC1
C1CCC(C2CCC(CCC3CCC(C4CCCC4)CC3)C(C3CCCC3)C2)CC1
C1CCC(C2CCC(CC3CCC(CC4CCC(CCC5CCCC5)CC4)CC3)CC2)CC1
C1CCC(CC2CCCC(C3CCCCC3)C2)CC1
C1CCC(CCC2CCC(C3CCCC(C4CCCCC4)C3)CC2)CC1
C1CCC(C2CCCCC2)CC1
C1CCC(CCC2CCC(CCC3CCCCC3)CC2)CC1
C1CCC(C2CCC(CC3CCC(C4CC4)CC3)CC2)C1
C1CCC(C2CCC(CC3CCC(CC4CCC5CCCC5C4)CC3)CC2)CC1
C1CCC(CCC2CCCC(C3CCCCC3)C2)CC1
C1CCC(C2CCCC(C3CCCC(CC4CCC4)C3)C2)CC1
C1CCC(C2CCC(C3CCC4CCCC4C3)CC2)CC1
C1CCC(CCC2CCCC(C3CCC(CC4CCC(C5CC5)CC4)CC3)C2)CC1
C1CCC(CC2CC(CC3CCCC(C4CCCCC4)C3)C3CCCCC23)CC1
C1CCC(C2CCC(C3CCC(CC4CC5CCCCC5C4)C3)CC2)CC1
C1CCC(C2CC(C3CCCCC3)C3CC(CCC4CCCC4)CCC23)CC1
C1CCC(CC2CCC(C3CCCCC3C3CCCCC3)CC2)CC1
C1CCC(CCC2CC(CC3CCC(C4CCC5CCCCC54)CC3)C3CCCCC23)CC1
C1CCC(C2CCCC(CC3CCC(C4CCCC4)CC3)C2)CC1
C1CCC(CC2CCC(CCC(C3CCCCC3)C3CCCCC3)CC2)CC1
C1CCC(C2CCC(C3CCCCC3)C(C(C3CC3)C3CCCC(CC4CC5CCCCC54)C3)C2)CC1
C1CCC(C2CC(C3CCCCC3)C3CCCCC23)CC1
C1CCC(CCC2CC(CC3CCCCC3C3CCCCC3)C3CCCCC23)CC1
C1CCC(CCC2CCCC(C3CC(CC4CCC(C5CCCC5)CC4)C4CCCCC43)C2)CC1
C1CCC(C2CCCC(C3CCC4C(CCC4C4CCC5CCCCC54)C3)C2)CC1
C1CCC(CC2CCC(CC3CCC(C4CCCC(C5CCCCC5)C4)CC3)C2)CC1
C1CCC(CCC2CCC(C3CCCCC3)CC2C2CCCCC2)CC1
C1CCC(CC2CCC(C3CCCCC3)CC2)CC1
C1CCC(CCC2CCC(C3CCCCC3)CC2)CC1
C1CCC(CC2CCCCC2CC2CCCCC2)CC1
C1CCC(CCC2CCCCC2)CC1
C1CCC(CC2CCCC3CC(C4CCCCC4CCCC4CC4)CCC23)CC1
C1CCC(CC2CCC(CCC3CC4CCC(C5CCCC(CC6CCCC6)C5)CC4C3)CC2)C1
C1CCC(CCC2CCC(CC3CCCCC3)CC2C2CCCC2)CC1
C1CCC(CC2CCCC(C3CCC(C4CCC5CCCCC54)CC3)C2)CC1
C1CCC(CCCC2CCC(CCC3CCCC(C4CCC5CCCCC54)C3)CC2)CC1
C1CCC(C2CCC3CCCCC3C2)CC1
C1CCC(CC2CCC(CC3CCC(CCC4CCCC(CC5CCCC(C6CC6)C5)C4)CC3)CC2)CC1
C1CCC(CCCC2CCC(CCC3CCC4CCCCC4C3)CC2)CC1
C1CCC(CCC2CCC(C3CCC(C4CCCCC4)CC3)C(C3CCCC3)C2)CC1
C1CCC(C2CCCC(CCC3CCCC(C4CCC(C5CCCC5)CC4)C3)C2)CC1
C1CCC(CCCC2CCC(CC3CCCCC3C3CCCCC3)CC2)CC1
C1CCC(CC2CCC(C3CCCCC3C3CCC4CCCCC4C3)CC2)CC1
C1CCC(CC2CCC(CC3CCCC(C4CCCCC4)C3)CC2)CC1
C1CCC(CCCC2CCCCC2C2CCCC2)CC1
C1CCC(C2CCCCC2C2CCCC(C3CCCCC3C3CCCC3)C2)C1
C1CCC(CC2CCC(CC3CCCC(CC4CCC5CCCCC54)C3)CC2)CC1
C1CCC(CCC2CCCCC2C2CCC3CCCC3C2)CC1
C1CCC(CCC2CCC(CC3CCCCC3)CC2)CC1
C1CCC(C2CCCC(CC3CCCC(C4CCCCC4)C3)C2)CC1
C1CCC(CCC2CCCC(C3CCCCC3CCC3CCCCC3)C2)CC1
C1CCC(C2CCC(C3CCCC(C4CCCCC4)C3)CC2)CC1
C1CCC(CCCC(C2CCCCC2C2CCCCC2)C2CCCC3CCCCC32)CC1
C1CCC(CCC2CCC(CCCC3CCCC(C4CCCCC4CC4CCCCC4)C3)CC2)CC1
C1CCC(C2CCC(C3CC(C4CCC5CCCCC54)CC4CCCCC43)CC2)C1
C1CCC(CCC2CCCC(CC3CC4CCCCC4C3)C2)CC1
C1CCC(C2CCCCC2C2CCCCC2C2CCCCC2)CC1
C1CCC(C2CCC(C3CCCCC3)C(C3CCC4CCCC4C3)C2)CC1
C1CC(CC2CC2)CC(C2CC(CC3CC3)CC(C3CCCCC3C3CC4CCCCC4C3)C2)C1
C1CCC(CCC2CCC(CC3CCC(C4CCCCC4)CC3)CC2)CC1
C1CCC(CCC2CCCC(C3CCC4CCC(C5CCCCC5)CC43)C2)CC1
C1CCC2CC(CC3CCCCC3CC3CCCC3CCC3CC4CCCCC4C3)CCC2C1
C1CCC(CCC2CCC(CC3CCCCC3)CC2)CC1
C1CCC(CCCC2CCCCC2C2CCCCC2)CC1
C1CCC(CC2CCC(C3CCCCC3)CC2)CC1
C1CCC(CCC2CCCC(C(C3CCC3)C3CCCC(C4CCCC(C5CCCCC5)C4)C3)C2)CC1
C1CCC(CC2CC(C3CCC3)CCC2C2CCCCC2)CC1
C1CCC(CC2CCC(C3CCCCC3)CC2)CC1
C1CCC(CC2CCC(C3CCCC3)CC2)CC1
C1CCC(C2CCCC(C3CCCCC3CC3CCCC3)C2)CC1
C1CCC(CCC2CCC(C3CCC4CCCCC43)CC2)CC1
C1CC(CC2CC3CCCCC3C2)CC(C2CCC(C3CCC4CCCCC43)CC2)C1
C1CCC(C2CCCC(CCCC3CCCCC3C3CCCCC3)C2)CC1
C1CC(CCC2CCCC3CCCCC32)CC(CC2CCCC(CC3CC4CCCCC4C3)C2)C1
C1CCC(C2CCC3C(CCCC3C3CCCC(CC4CC(C5CCCC5)C5CCCCC45)C3)C2)CC1
C1CCC(C2CCCC(CC3CCC(C4CCC5CCCC5C4)CC3)C2)C1
C1CCC(CC2CCC(C3CCCCC3CC3CC4CCCCC4C3)CC2)CC1
C1CCC(CC2CCCCC2CC2CCCCC2)CC1
C(CCCC1CCCC(C2CCCCC2)C1)CCC1CCCCC1
C1CCC(CCCC2CCC(CCCC3CCC(C4CCCCC4)CC3)CC2)CC1
C1CCC(CCC2CCC(C3CCC4CCCCC4C3)C(C3CCCCC3)C2)CC1
C1CCC(CC2CCC(C3CC(CC4CCCCC4)C3)CC2)CC1
C1CCC(C2CCC(C3CCCCC3)CC2)CC1
C1CCC(C2CCCC(CCC3CCCC(C4CCCCC4)C3)C2)CC1
C1CCC(C2CCCCC2CCC2CCCCC2C2CCCCC2)CC1
C1CCC(C2CCCCC2C2CCC3C(CCC3C3CCCC3)C2)CC1
C1CCC(CCCCC2CCC(CCCCC3CCCCC3)CC2)CC1
C1CCC(CC2CCCCC2CCC2CC(CC3CCCCC3)C3CCCCC23)CC1
C1CCC(CC2CCC(C3CCCCC3)CC2)CC1
C1CCC(C2CCCC(C3CCCCC3)C2)CC1
C1CCC(C2CCC(CCC3CCCCC3C3CCCCC3)CC2)CC1
C1CCC(CCCC2CCC(C3CCCC(C4CCC(CC5CCCCC5)CC4)C3)CC2)CC1
C1CCC(C2CC(CCC3CCC(C4CCC(C5CCCC5)CC4)C(C4CCCC4)C3)C3CCCCC32)CC1
C1CCC(C2CCCC(C3CCCCC3)C2)CC1
C1CCC(CC2CCC(CC3CCC4CCCCC4C3)CC2)CC1
C1CCC(CCC2CCC(C3CCCCC3C3CCC3)CC2)CC1
C1CCC(CC(CC2CCC(C3CCCCC3)CC2)C2CCCCC2)CC1
C1CCC(CC2CCC(CC3CCCCC3)C(CC3CCCCC3)C2)CC1
C1CCC(CC2CCC(CC3CCCC(C4CCCCC4)C3)CC2)CC1
C1CCC(CCC2CCCC(CCC3CCC(C4CCC5CCCC5C4)CC3)C2)CC1
C1CCC(CCC2CCC(C3CCCCC3)CC2CCC2CCCCC2)CC1
C1CCC(CCC2CCC(C3CCCCC3)CC2)CC1
C1CCC(CC2CC(CCC3CCCC3)CC(CC3CCCCC3C3CCCCC3)C2)CC1
C1CCC(CC2CCC(C3CCC(C4CCCCC4CC4CC5CCCCC5C4)C(C4CCCCC4)C3)CC2)CC1
C1CCC(CC2CC(C3CCCCC3)C3CCCCC23)CC1
C1CCC(CCCC2CCCC(C3CCC3)C2)CC1
C1CCC(C2CCC3C(CCCC3C3CCCC(CC4CC(CCC5CC5)CC5CCCCC54)C3)C2)CC1
C1CCC(CC2CCC3C(CC4CCCC(C5CCCCC5)C4)CC(CC4CCCCC4)C3C2)CC1
C1CCC(CC2CCC(C3CCC(C4CCCCC4)CC3)CC2)CC1
C1CCC(CCC2CCCC(C3CCCCC3)C2)CC1
C1CCC(C2CCCCC2C2CCC(C3CCCCC3)C(C3CCCCC3)C2C2CCCC2)CC1
C1CCC(CC2CCCC(CC3CCC(C4CCCC4)C(C4CCCC4)C3)C2)CC1
C1CCC(CC2CCC(C3CCC(CC4CCC(C5CCCCC5)CC4)CC3)CC2)CC1
C1CCC(CC2CCC(CCCC3CCCC(C(C4CCCC4)C4CC4)C3)CC2)CC1
C1CCC(C2CCC(C3CCCCC3C3CCCCC3)C(CC3CCCC3)C2)CC1
C1CCC(C2CC(C3CCCC(C4CCCC(C5CCC5)C4)C3)C3CCCCC23)CC1
C1CCC(CC2CCC(C3CCCCC3)CC2C2CCC3CCCC3C2)CC1
C1CCC(C2CCCCC2CC2CCCC(C3CCC(CC4CCCC4)CC3)C2)CC1
C1CCC(CC2CCCC(C3CCCCC3)C2)CC1
C1CCC(CCC2CCC(CC3CCCC(C4CCCC5CCCCC54)C3)CC2)CC1
C1CCC(CC2CCC(C3CCCCC3)CC2)CC1
C1CCC(CCCC2CCCC(C3CCCC(C4CCCCC4)C3)C2)CC1
C1CCC(C2CCCC(C3CCC(C4CCCCC4)C4CCCC34)C2)CC1
C1CCC(CCCC2CCCC(C3CCC(C4CCCCC4)C(C4CCCCC4)C3)C2)CC1
C1CCC(CC2CCCCC2CC2CCC(CC3CCCCC3)C(C3CCCC3)C2)CC1
C1CCC(CC2CCCCC2C2CCCCC2)CC1
C1CCC(CCC2CCC(CC3CCCCC3)CC2)CC1
C1CCC(CC2CCC(CC3CCC(C4CCCCC4)C3)CC2)CC1
C1CCC(C2CCCCC2C2CC3CCCCC3C2)CC1
C1CCC(C2CCC(C3CCCCC3C3CCCCC3)CC2)CC1
C1CCC(C2CCCC(C3CCCC(C4CCCCC4)C3)C2)CC1
C1CCC(C2CCCC(CCC3CCCC(C4CCCCC4)C3)C2)CC1
C1CCC(CC2CCC(C3CCCC3)CC2C2CCC3CCCC3C2)CC1
C1CCC(C2CCCC(C3CC(C4CCCCC4)CC(C4CCCCC4)C3)C2)CC1
C1CCC(CCC2CCCC(C3CCC(C4CCCCC4)CC3)C2)CC1
C1CCC(CCC2CC(CCC3CCCCC3)CC(CC3CCCCC3)C2)CC1
C1CCC(C2CCC(CCCC3CCC(C4CCC5CCCCC54)CC3)CC2)CC1
C1CCC(C2CCCC3CC(C4CCCCC4C4CCCC4)CC32)CC1
C1CCC(CC2CCCC(CC3CCCC4CCCCC43)C2)CC1
C1CCC(CCC2CCCC3CC(C4CCCCC4C4CCCC4)CCC23)CC1
C1CCC(CC2CCC(C3CCCCC3)CC2)CC1
C1CCC(C2CCCC(C3CCC(C4CCCC4)CC3)C2)CC1
C1CCC(C2CCCC(C3CC(C4CCCCC4)CC(C4CCCCC4)C3)C2)CC1
C1CCC(CC2CCC(C3CCC(C4CCC5CCCCC5C4)CC3)CC2)CC1
C1CCC(CC2CCC(C3CCCC(C4CCCCC4)C3)CC2C2CCCC2)CC1
C1CCC(CCC2CCC(C3CCC(CC4CCCCC4C4CCCCC4)CC3)CC2)CC1
C1CCC(C2CCC(C3CCCCC3C3CCC4CCCC4C3)CC2)CC1
C1CCC(C2CCC(C3CCC(CC4CCC(C5CCC(C6CCC6)CC5)CC4)CC3)CC2)CC1
C1CCC(C2CCC(CCC3CC(C4CCCCC4)CC(C4CCC5CCCCC54)C3)CC2)CC1
C1CCC(CC2CCCC(CCC3CCC(C4CCCCC4)C3)C2)CC1
C1CCC(CC2CC(C3CC3)CCC2C2CCCCC2)CC1
C1CCC(C2CCCCC2CC2CCC3CCCC(C4CCCCC4)C3C2)CC1
C1CCC(CC2CCC(C3CCC(C4CCCCC4)CC3)CC2)CC1
C1CCC(CCC2CCC(C3CCCC(C4CCCC(C5CCCCC5)C4)C3)CC2)CC1
C1CCC(C2CCCC(C3CCCC(C4CCCCC4)C3)C2)CC1
C1CCC(C2CCCC(C3CCC(C4CCCC(CC5CC6CCCCC6C5)C4)CC3)C2)C1
C1CCC(CCC2CCCCC2)CC1
C1CCC(CCC2CCC(C3CCC(CC4CCC(C5CCCC5)C(C5CCCCC5)C4)CC3)CC2)CC1
C1CCC(C2CCCC(C3CCCCC3CC3CCCC3)C2)CC1
C1CCC(CCC2CCC(C3CCC(C4CCCCC4)CC3)C(C3CCCCC3)C2)CC1
C1CCC(CC2CCC(CCCC3CC(C4CCCCC4)CC(C4CCCCC4)C3)C2)CC1
C1CCC(CC2CCC(C3CCCCC3C3CCCCC3)CC2)CC1
C1CCC(C2CCCC(CCC3CCC(CC4CCC5CCCCC5C4)CC3C3CCCCC3)C2)CC1
C1CCC(CCC2CCCC(C3CCCC(CC4CCC(CC5CCCCC5)C4)C3)C2)CC1
C1CCC(C2CCC(C3CCCCC3C3CCCC3)CC2)CC1
C1CCC(C2CCCC(C3CCCCC3)C2)CC1
C1CCC(C2CCC(C3CCC3)CC2C2CCCCC2)CC1
C1CCC(CC2CCC(C3CCCCC3)CC2)CC1
C1CCC(CCC2CCCC(CC3CCCCC3)C2)CC1
C1CCC(CC2CCC(C3CCCCC3C3CCC4C(CC5CCCCC5)CCCC4C3)CC2)CC1
C1CCC(C2CCCCC2C2CCC(CC3CCCCC3C3CCC4CCCC4C3)C2)CC1
C1CCC(CC2CCC(C3CCCCC3C3CCC(C4CCCCC4)CC3)CC2)CC1
C1CCC(C2CCCC(C3CCC(C4CCCC4)CC3)C2)CC1
C1CCC(CC2CCCC(CC3CC(C4CCCCC4)CC(C4CCCC4)C3)C2)CC1
C1CCC(CCCC2CCCC(CC3CCCC3)C2)CC1
C1CCC(CCCCC2CC(C3CC(CCC4CCCCC4)CCC3C3CCCCC3)C3CCCCC23)CC1
C1CCC(CC2CCCCC2CC2CCC(CC3CCCCC3CC3CCCCC3)CC2)CC1
C1CCC(CC2CCC(C3CCCCC3)CC2)CC1
C1CCC(CC2CCCC(C3CCCCC3CC3CCCC3)C2)CC1
C1CCC(CC2CCC(C3CC4CCC(C5CCCCC5)C4C3)CC2)CC1
C1CCC(C2CCC(CC3CCC(C4CCC5CCCCC5C4)CC3)CC2)CC1
C1CCC(CCC2CCCC(C3CCC(C4CCCCC4)C(CC4CCC(CC5CCCCC5)CC4)C3)C2)CC1
C1CCC(C2CCCCC2CCCCC2CCC(C3CCCCC3C3CCC4CCCC4C3)CC2)CC1
C1CCC(CC2CCCC(C(CC3CCCCC3)C3CCC4CCCC(C5CCCCC5)C4C3)C2)CC1
C1CCC(CC2CCCC(C3CCCCC3C3CCCC3)C2)CC1
C1CCC(CC2CCC(C3CCCC(CC4CCCCC4)C3)CC2)CC1
C1CCC(CC2CCCC(C3CCC4CCCC4C3)C2)CC1
C1CCC(CC2CC(C3CCC(C4CCC4)CC3)C3CCCCC23)CC1
C1CCC(C2CCCCC2C2CCCC2C2CCCCC2)CC1
C1CCC(C2CCCCC2)CC1
C1CCC(CC2CCC(CCCC3CC4CCCCC4C3)CC2)CC1
C1CCC(CCCCC2CCCC(CC3CCCCC3)C2)CC1
C1CCC(CCCCCC2CC(C3CCCCC3)CCC2CCC2CCCCC2)CC1
C1CCC(C2CCCCC2CCC2CCC(C3CCCCC3C3CCCCC3)CC2)CC1
C1CCC(CCC2CCC(CC3CCCCC3)CC2)CC1
C1CCC(CC2CCC(CC3CCC(C4CCCCC4)CC3)CC2)CC1
C1CCC(CC2CCCCC2C2CC(C3CCCCC3)CC2CC2CCCCC2)CC1
C1CCC(C2CCCC(C3CCCCC3C(CCC3CC3)C3CCCCC3)C2)CC1
C1CCC(C2CCCC(C3CCCC(C4CCCCC4)C3)C2)CC1
C1CCC(C2CCC(C3CCCC(CC4CCCC(C5CCCCC5)C4)C3)CC2)CC1
C1CCC(C2CC(C3CCCCC3)CC(C3CCCCC3)C2)CC1
C(CCC1CCCC(CC2CC3CCCCC3C2)C1)CCC1CCCC(C2CCCCC2)C1
C1CCC(CCC2CCCC(CCC3CCCC(CC4CCCCC4)C3)C2)CC1
C1CCC(CCC2CCCC(CCC3CCCC(C4CCCCC4)C3)C2)CC1
C1CCC(CCCCC2CCC(CC3CCCCC3)CC2)CC1
C1CCC(C2CCC(CC3CCC(CC4CCC(C5CCCC(CC6CC6)C5)CC4)CC3)CC2)CC1
C1CCC(CC2CCC(CCC3CCCC(C4CCCC(C5CCC6CCCC6C5)C4)C3)CC2)CC1
C1CCC(CC2CCC(C3CCCCC3)CC2)CC1
C1CCC(CCCC2CCC(C3CCCC(CC4CCCCC4)C3)CC2)CC1
C1CCC(C(C2CCCCC2)C2CCCCC2)CC1
C1CCC(CCC2CCCC(CC3CCCCC3)C2)CC1
C1CCC(CC2CCCCC2CC2CCCCC2)CC1
C1CCC(CCCC2CCCC(C3CCCC(CC4CCCCC4)C3)C2)CC1
C1CCC(C2CCC(CCC3CCCC(CC4CCCC4)C3)CC2)CC1
C1CCC(C2CCCC(C3CCCC(CC4CCC5CCCC5C4)C3)C2)CC1
C1CCC(CCCC2CCCC(C3CCCC(CC4CCCCC4)C3)C2)CC1
C1CCC(C2CCCC(C3CCCC(C4CCCCC4)C3)C2)CC1
C1CCC(CC2CCCC(CCC3CCCC(CC4CCCC(C5CCC5)C4)C3)C2)CC1
C1CCC(C2CCCCC2C2CCC(C3CCCC(C4CCCCC4C4CC4)C3)CC2)CC1
C1CCC(C2CCC(C3CCC(CCC4CCCC(CC5CCC6CCCCC65)C4)CC3)CC2)CC1
C1CCC(CC2CCC(CCC3CCC(C4CCCCC4)CC3)CC2)CC1
C1CCC(C2CCC(C3CC(C4CCCCC4)C4CCCCC34)CC2)CC1
C1CCC(C2CC(C3CCCCC3)C3CCCCC23)CC1
C1CCC(CCC2CCCC(CC3CCCC(C4CC5CCCCC5C4)C3)C2)CC1
C1CCC(C2CCC3C(CCCC3C3CCCCC3C3CCCC3)C2)CC1
C1CCC(CC2CCC(C3CCCCC3)CC2)CC1
C1CCC(CC2CCCCC2C2CCCC(C3CCCCC3CC3CC4CCCCC4C3)C2)CC1
C1CCC(CC2CCC(C(CC3CCCCC3)C3CCCCC3)CC2)CC1
C1CCC(CC2CC(CC3CCCC(CC4CCC5CCCC5C4)C3)C3CCCCC23)CC1
C1CCC(C2CC(C3CCCC3)CC(C3CCC4CCCCC4C3)C2)CC1
C1CCC(C2CCC(C3CCCC3)C(C3CCC4CCCC4C3)C2)CC1
C1CCC(CC2CCCCC2C2CC(CC3CC3)C3CC(CC4CCCC(C5CCCC5)C4)CCC32)CC1
C1CCC(C2CCC(C3CCCCC3C3CCCC(C4CCCCC4)C3)CC2)CC1
C1CCC(CC2CCCCC2CC2CCCC(C3CCCCC3)C2)CC1
C1CCC(C2CCC(C3CC(C4CCCCC4)CC(C4CCC4)C3)CC2)CC1
C1CCC(CC2CCCCC2CC2CCCC2C2CCC(C3CCCCC3)CC2)CC1
C1CC(C2CCCC(CC3CCC(CC4CCC5CCCCC5C4)CC3)C2)C1
C1CCC(CC2CCC(C3CC(CC4CC4)CCC3CC3CCCCC3)CC2)CC1
C1CCC(CC2CCC(CCC3CCCC(C4CCCCC4)C3)CC2)CC1
C1CCC(C2CCCC(C3CCCCC3)C2)CC1
C1CCC(CC2CCCC(C3CCCCC3)C2)CC1
C1CCC(C2CCCCC2C2CCCC(CC3CCC(C4CCCC4)CC3)C2)CC1
C1CCC(CCCC2CCCC(CC3CCCCC3)C2)CC1
C1CCC(CC2CCCC(C3CCC(C4CCCCC4)CC3C3CCCCC3)C2)CC1
C1CCC(CCC2CCCC(CC3CCCCC3)C2)CC1
C1CCC(C2CCCCC2CC2CCCCC2C2CCCCC2)CC1
C1CCC(CCCCCC2CCC(CCCC3CCCCC3)CC2)CC1
C1CCC(C2CCC(CCC3CCC(C4CCCC4)CC3)CC2C2CCCCC2)CC1
C1CCC(C2CCCCC2)CC1
C1CCC(CC2CCCC(CC3CCCCC3)C2)CC1
C1CCC(CCC2CCC(C3CC3)C(C3CCCCC3)C2)CC1
C1CCC(CCC2CCC(CCC3CCCC(CC4CCCCC4C4CCCCC4)C3)CC2)CC1
C1CCC(CCC2CCC(C3CCCC(C4CC(CCC5CCCCC5)CC(CCC5CCCCC5)C4)C3)CC2)CC1
C1CCC(CC2CCC(C3CCCC(CC4CCCC4)C3)CC2)CC1
C1CCC(CC2CC(CCCC3CC3)C3CCCCC23)CC1
C1CCC(CC2CCCC(C3CCCC(C4CCCCC4)C3)C2)CC1
C1CCC(CC2CCC(C3CCCCC3)CC2)CC1
C1CCC(CCC2CCC(C3CCCCC3)C(C3CCCCC3)C2)CC1
C1CCC(CC2CCCC(C3CCC4CCCCC43)C2)CC1
C1CCC(C2CCC(C3CCCCC3)C(C3CCCC3)C2)CC1
C1CCC(C2CCC(CCC3CCC(C4CCCCC4)CC3)CC2)CC1
C1CCC(CC2CCCC(C3CCCCC3)C2)CC1
C1CCC(CC2CC(C3CCC(C4CCC5CCCCC5C4)CC3)C3CCCCC23)CC1
C1CCC(CC2CC(CC3CCC(C4CCCCC4)CC3)C3CCCCC23)CC1
C1CCC(CCCC2CCCCC2CC2CCC(CC3CCCCC3)CC2)CC1
C1CCC(CCCCCC2CCC(C3CCCC4CC(C5CCCCC5)CCC43)CC2)CC1
C1CCC(CCC2CCCCC2C2CCCCC2)CC1
C1CCC(C2CCCC(CC3CC(CC4CCC5CCCCC5C4)C4CCCCC34)C2)CC1
C1CCC(CCC2CCCC(C3CC(CC4CCCCC4)CC(C4CCCCC4)C3)C2)CC1
C1CCC(CC2CCC(CC3CCC(CCCC4CC4)CC3)CC2)CC1
C1CCC(C2CCC(CC3CCC(C4CCC(C5CCCC5)CC4)CC3)CC2)CC1
C1CCC(CC2CCC(CC3CCC(C4CCC5CCCC5C4)CC3)CC2)CC1
C1CCC(C2CCC(C3CC(C4CCCCC4)CCC3C3CCC4CCCC4C3)CC2)CC1
C1CCC(CC2CCC(C3CCC(C4CCCC4)CC3)CC2)CC1
C1CCC(CC2CCC(C3CCCCC3)CC2)CC1
C1CCC(C2CCC(CC3CCCCC3C3CCC4CCCC4C3)CC2)CC1
C1CCC(CCC2CCC(CC3CCC(CC4CCCCC4)CC3)CC2)CC1
C(CCCC1CCC2CC(C3CCC4CCCCC43)CC(C3CCCCC3)C2C1)CCC1CCCCC1
C1CCC(CCCCCC2CCC(C3CCCCC3)CC2)CC1
C1CCC(C2CCCC(C3CCC(C4CCCCC4)CC3C3CCCCC3)C2)CC1
C1CCC(CCC2CCC3CC(C4CCC5CCCCC54)CC(C4CCCCC4)C3C2)CC1
C1CCC(CC(C2CCCCC2)C2CCCCC2)CC1
C1CCC(C2CCCC(CCC3CCCC(C4CC5CCCCC5C4)C3)C2)CC1
C1CCC(CCC2CCC(C3CCCCC3)CC2)CC1
C1CCC(CC2CCCC(C3CCCCC3)C2)CC1
C1CCC(CCC2CCCC(C3CCCCC3)C2)CC1
C1CCC(C2CCCC(C3CCC(CC4CC5CCCCC5C4)CC3)C2)C1
C1CCC(CCCC2CCCC3CC(C4CCCCC4)CCC23)CC1
C1CCC(CC2CC(CC3CCCC(CCC4CCC(C5CCCC5)CC4)C3)C3CCCCC23)CC1
C1CCC(CCCC2CCCCC2C2CCCCC2)CC1
C1CCC(CC2CCC(CCC3CCC(C4CCCCC4)CC3)CC2CC2CCCC2)CC1
C1CCC(CC2CCC(CCCC3CCC(C4CCCC4)CC3)CC2)CC1
C1CCC(C2CCC(C3CCC(C4CCCCC4)CC3)CC2)CC1
C1CCC(C2CCCCC2C2CCCCC2)CC1
C1CCC(C2CCC(C3CCCCC3)CC2)CC1
C1CCC(CCC2CCCCC2C2CCCC(C3CCC3)C2)CC1
C1CCC(C2CCCC(C3CCCC(C4CCCC4)C3)C2)CC1
C1CCC(CC2CCCC(C3CCC(C4CCCCC4C4CC5CCCCC5C4)CC3)C2)C1
C1CCC(CCCC2CCC(C3CCCCC3)CC2)CC1
C1CCC(CCC2CCC3CCC(C4CCC5CCCC5C4)CC3C2)CC1
C1CCC(CCC2CCCC(C3CCCC(C4CCCCC4)C3)C2)CC1
C1CCC(C2CCC(C3CCCCC3)CC2)CC1
C1CCC2CC(C3CCC(C4CCCC(CC5CC6CCCCC6C5)C4)CC3)CCC2C1
C1CCC(CC2CCC(C3CCCC(C4CCCCC4)C3)CC2)CC1
C1CCC(CC2CCC(C3CC(CC4CCCCC4)C4CCCCC43)CC2)CC1
C1CCC(CC2CCCCC2CCC2CCCCC2C2CCC3CCCC3C2)CC1
C1CCC(CC2CCC3CC(C4CCCCC4C4CC4)CCC23)CC1
C1CCC(CC2CCC(CCC3CC4CCCCC4C3)CC2)CC1
C1CCC(CC2CCCC(C3CC(CC4CCCCC4)C4CCCCC43)C2)CC1
C1CCC(CC2CCC(C3CCCCC3)C(C3CCCCC3C3CCCCC3)C2)CC1
C1CCC(C2CCC3C(CCCC3C3CCC(C4CCCCC4C4CCCCC4)CC3)C2)CC1
C1CCC(CCCC2CCCC(CCC3CCCCC3)C2)CC1
C1CCC(CCC2CCCC(C3CCCC(CC4CCCCC4)C3)C2)CC1
C1CC(CC2CCC(C3CCCCC3C3CCC(CC4CC4)C(C4CCCC4)C3)CC2)C1
C1CCC(CC2CCC(CCCCC3CC(CC4CCCCC4)C4CCCCC34)CC2)CC1
C1CCC(CCC2CCCC(C3CCCC(CC4CCCCC4C4CCCCC4)C3)C2)CC1
C1CCC(C2CCC3CC(C4CCCC(CC5CC6CCCCC6C5)C4)CCC3C2)CC1
C1CCC(C2CCCC(CCCC3CC(C4CCCCC4C4CCCC4)C4CCCCC34)C2)CC1
C1CCC(CC2CCCC(C3CCCCC3)C2)CC1
C1CCC(C2CCCCC2)CC1
C1CCC(C2CCC(CC3CCCC(C4CCCCC4C4CCCCC4)C3)CC2)CC1
C1CCC(CC2CCCCC2C2CCC3C(CCCC3C3CCCCC3)C2)CC1
C1CCC(CC2CCC(C3CCCCC3)C(C3CCC(CCC4CCCC4)CC3)C2)CC1
C1CCC(CC2CCCC(C3CCCCC3)C2)CC1
C1CCC(C2CCCC(CC3CC4CCCCC4C3)C2)CC1
C1CCC(C2CCC(CC3CCCC(C4CCCCC4)C3)CC2)CC1
C1CCC(CCCCCC2CCCC(CC3CCCCC3)C2)CC1
C1CCC(CCCC2CCCC(C3CCCCC3)C2)CC1
C1CCC(C2CC(C3CCCC3)C3CCCCC23)CC1
C(CC1CC2CCCCC2C1)CC1CCCC(C2CCCC(C3CCC4CCCCC43)C2)C1
C1CCC(C2CCCC(C3CCC4C(CC5CCCC5)CCC4C3)C2)CC1
C1CC2CCC(C3CCCCC3CCC3CCC(C4CCC(C5CC5)CC4)CC3)CC2C1
C1CCC(C2CCCC(C3CCCC(C4CCCCC4)C3)C2)CC1
C1CCC(CCC2CCC(CCC3CCC(C4CCCCC4)CC3CCC3CCCCC3)CC2)CC1
C1CCC(CC2CCC(C3CCCCC3)CC2)CC1
C1CCC(C2CCCC(C3CCC(C4CCCC(C5CCCCC5)C4)C4CCCCC34)C2)CC1
C1CCC(CCC2CCCC(C3CCCCC3C3CCC4CCCC4C3)C2)CC1
C1CCC(CC2CCCC(CCCC3CCC(C45CC(C4)C5)CC3)C2)CC1
C1CCC(C2CCC(C3CCC(C4CCCC4)CC3)C2)CC1
C1CCC(C2CCCC(C3CCC(CC4CCCC(CC5CCCC(C6CC6)C5)C4)CC3)C2)CC1
C1CCC(CC2CCC(C3CCC(C4CCCCC4)CC3)C(C3CCCC3)C2)CC1
C1CCC(CC(C2CCCC(C3CCCC3)C2)C2CCCCC2C2CCCC2)CC1
C1CCC(CCCCC2CCC(CC3CCC(C4CCCCC4)CC3)CC2)CC1
C1CCC(CCC2CCCCC2C2CC(C3CCCCC3)CC(C3CCCCC3)C2)CC1
C1CCC(C2CCCC(C3CC4CCCCC4C3)C2)CC1
C1CCC(CCCCC2CCC(CCC3CCCCC3)CC2)CC1
C1CCC(CCC2CCC3C(CCCC3C3CCC(C4CCCCC4)CC3)C2)CC1
C1CCC(CCC2CCC(C3CCCC(CC4CCCC4)C3)CC2)CC1
C1CCC(CC2CCCCC2C2CCCCC2)CC1
C1CCC(C2CCC(CCCC3CCCC(C4CCCCC4)C3)CC2)CC1
C1CCC(CC2CCC(CCC(C3CCCCC3)C3CCCCC3C3CCC3)CC2)CC1
C1CCC(CCCCC2CCCC(C3CCC4CCCCC43)C2)CC1
C1CCC(C2CCC(CCC3CCC(C4CCCCC4)C(C4CCCCC4)C3)CC2)CC1
C1CCC(CCCC2CCCCC2C2CCCCC2)CC1
C1CCC(CCC2CCC(C3CCC(C4CCCCC4)C3)CC2)CC1
C1CCC(CCC2CC(C3CCCCC3)CC(C3CCCCC3)C2C2CCCCC2)CC1
C1CCC(C2CCC(C3CCCCC3C3CCCC3)CC2)CC1
C1CCC(C2CCCC(CCC3CC4CCCCC4C3)C2)CC1
C1CCC(C2CCCC(C3CCC(CC4CC4)CC3)C2)CC1
C1CCC(CCC2CCCC(CC3CCCCC3)C2)CC1
C1CCC(CC2CCC3CC(CCCCC4CCC5CCCCC5C4)CCC3C2)CC1
C1CCC(CC2CC(C3CCC4CCCCC43)CC3CC(C4CCCCC4)CC23)CC1
C1CCC(C2CCCC(CCC3CCC(CC4CC5CCCCC5C4)CC3)C2)CC1
C1CCC(C2CCC(CCC3CCC4CCC(C5CCCCC5)CC34)CC2)CC1
C1CCC(CCC2CCC(CC3CCCCC3)CC2)CC1
C1CCC(CCCC2CCC(CC3CCC(C4CCCCC4)CC3)CC2)CC1
C1CCC(CC2CC(C3CCCCC3)CCC2CC2CC2)CC1
C1CCC(C2CCCCC2C2CCC3CCCC3C2)CC1
C1CCC(CCC2CCC(CC3CCCCC3)CC2C2CCC(CC3CCCC3)CC2)CC1
C1CCC(CCC2CCC(CCC3CCCC(C4CCCCC4)C3)CC2)CC1
C1CCC(CCC2CCC(C3CCCCC3)CC2)CC1
C1CCC(C2CCC(C3CCCC(CCCC4CCCCC4C4CCCCC4)C3)CC2)CC1
C1CCC(CC2CCC(C3CCCCC3)C(C3CCCCC3)C2)CC1
C1CCC(CCC2CCCC(CCC3CCC(C4CCCCC4)CC3)C2)CC1
C1CCC(CCCCC2CCCC(C3CCCCC3CCC3CCCCC3)C2)CC1
C1CCC(C2CCC(C(C3CCCCC3)C3CC3)CC2)CC1
C1CCC(CCC2CCCC(C3CCC(C4CCCCC4)CC3)C2)CC1
C1CCC(CC2CCCCC2C2CCC(C3CCCC3)CC2CC2CCCCC2)CC1
C1CCC(C2CCC(CC3CCC4CCCCC43)C2)CC1
C1CCC(CCCC2CCC(CC3CCCCC3)CC2)CC1
C1CCC(CCC2CC(C3CCCCC3)CC(C3CCCCC3)C2CC2CCCCC2)CC1
C1CCC(CC2CCCCC2C2CCCCC2)CC1
C1CCC(CCCC2CCC(CCC3CCCC(C4CCCCC4)C3)CC2)CC1
C1CCC2CC(CCC3CCCCC3C3CCC4CCCCC4C3)CCC2C1
C1CCC(C2CCC(CC3CCC(C4CCC5CCCCC54)CC3)CC2)CC1
C1CCC(CCCC2CCCCC2CC2CCCC(C3CCCCC3)C2)CC1
C1CCC(C2CCC(CC3CCCCC3CC3CC4CCCCC4C3)CC2)CC1
C1CCC(C2CCCCC2)CC1
C1CCC(CC2CCC(CC3CCCC(C4CCCCC4)C3)CC2)CC1
C1CCC(CC2CCCC(C3CCCC(CC4CCCC(C5CCCCC5)C4)C3)C2)CC1
C1CCC(CCCC2CCC(CC3CCCCC3)CC2)CC1
C1CCC(C2CCC(CCCC3CCCCC3C3CCC(CC4CC5CCCCC5C4)CC3)CC2)C1
C1CCC(C2CCCC(C3CCCC(C4CCC5CCCC5C4)C3)C2)C1
C1CCC(C2CCCC(C3CCCCC3C3CCCC3)C2)CC1
C1CCC(CCCCC2CCCCC2CC2CCCCC2)CC1
C1CCC(C2CCC(C3CC4CCC(C5CCC6CCCCC65)CC4C3)CC2)CC1
C1CCC(CC2CCCC(C3CCCCC3)C2)CC1
C1CCC(CCCC2CCC(CC3CCC(C4CCCCC4C4CCCC4)CC3)CC2)CC1
C1CCC(CCCC2CCCC(CCC3CC4CCCCC4C3)C2)CC1
C1CCC(C2CCC(CC3CCC(CC4CCCC4)C3)CC2)CC1
C1CCC(C2CCCC(CCC3CCCCC3C3CCCCC3C3CCCCC3)C2)CC1
C1CCC(C2CCCCC2C2CCCCC2)CC1
C1CCC(C2CCCCC2C2CCC(CC3CCCC3)CC2)CC1
C1CCC(CCCC2CCCC(C3CCCCC3CC3CCCCC3)C2)CC1
C1CCC(CCC2CCCCC2C2CCCC(CC3CCCCC3)C2)CC1
C1CCC(C2CCCC3CCC(C4CCC(C5CC5)CC4)CC32)CC1
C1CCC(CC2CCC(C3CCCC(C4CCCCC4)C3)CC2)CC1
C1CCC(CC2CC(C3CCCCC3)C3CC(C4CCCCC4)CCC23)CC1
C1CCC(CC2CCC(C3CCCC(CCC4CCCC4)C3)CC2)CC1
C1CCC(C2CCCC(CC3CCC(C4CCCCC4)C(C4CCCC4)C3)C2)CC1
C1CCC(C2CCC(C3CCCCC3)CC2)CC1
C1CCC(CC2CCC(CCC3CCCC(C4CCC(CC5CCCCC5)CC4)C3)CC2)CC1
C1CCC(CCC2CCC(CC3CCCCC3)CC2)CC1
C1CCC(C2CCCCC2C2CCCCC2)CC1
C1CCC(CC2CCC(CC3CCC(C4CCCCC4)CC3)CC2)CC1
C1CCC(CCCC2CC(C3CC3)CCC2C2CCCCC2)CC1
C(CCCC1CCCC(C2CCC(C3CCCC3)CC2)C1)CCC1CCCC1
C1CCC(C2CC(C3CCCCC3)CC(C3CCCCC3)C2)CC1
C1CCC(C2CCC(C3CCCCC3C3CCCCC3)C2)CC1
C1CCC(CC2CCC(C3CCCC(C4CCCCC4)C3)CC2)CC1
C1CCC(CC2CCC(C3CCC4CCC(C5CCCCC5)C4C3)CC2)CC1
C1CCC(CCC2CCCC(CC3CCCCC3)C2)CC1
C1CCC(CCCC2CCC(CC3CCCCC3CC3CCCCC3)CC2)CC1
C1CCC(CC2CCCCC2C2CCCC(C3CCC(C4CCCCC4)C(C4CCC5CCCC5C4)C3)C2)CC1
C1CCC(CCC2CCC(CC3CCCCC3)CC2)CC1
C1CCC(CC2CCCC(CC3CCC(C4CCCCC4)CC3)C2)CC1
C1CCC(CCCC2CCC(CC3CCCCC3)CC2)CC1
C1CCC(CC2CCC(CC3CCC(C4CC4)CC3)CC2)CC1
C1CCC(C2CCCC(CCC3CCCCC3C3CCCC3)C2)CC1
C1CCC(C2CCC(CC3CCC(C4CCCC4)CC3)CC2)CC1
C1CCC(CC2CC(C3CCC(C4CCCCC4)CC3C3CCCCC3)C3CCCCC23)CC1
C1CCC2CC(CC3CCC(C4CCC5CCCCC54)CC3)CC2C1
C1CCC(C2CCCC(C3CCCCC3)C2)CC1
C1CCC(CC2CCC(C3CCCCC3C3CCCCC3)C2)CC1
C1CCC(CCCCC2CC(CC3CCCCC3)CC(C3CCCC(C4CCCCC4)C3)C2)CC1
C1CCC(C2CCC(C3CCCCC3)C(CC3CCCC3)C2)CC1
C1CCC(CCC2CCC(CC3CCCCC3)CC2)CC1
C1CCC(C2CCCCC2CC2CCC(C3CCCC(C4CCCC(CCC5CCCC5)C4)C3)CC2)CC1
C1CCC(C2CCC(CCC3CCCC(C4CCCCC4)C3)CC2)CC1
C1CCC(CC2CCC(C3CCCCC3C3CCC4CCCCC43)CC2)CC1
C1CCC(CCCC2CCC(CC3CCCCC3)CC2)CC1
C1CCC2C(C1)CCC2CC1CCC(C2CCC3CCCCC32)CC1
C1CCC(CCCCC2CCC(CCC3CCCCC3)CC2)CC1
C1CCC(C2CCC(C3CCC(CCCC4CCCC4)CC3)CC2)CC1
C(CCCC1CC(CC2CCCC2)CCC1CC1CCCCC1)CCC1CCCC(C2CCCC2)C1
C1CCC(CC2CC(C3CCCCC3CC3CCCCC3C3CCCC3)C3CCCCC23)CC1
C1CCC(C2CCC3C(CCC3C3CCCCC3CCCCCC3CC3)C2)CC1
C1CCC(CCC2CCCC(C3CCCCC3)C2)CC1
C1CCC(CCCC2CCCC(CCC3CCCCC3)C2)CC1
C1CCC(CCCC2CCCCC2C2CCCC(CC3CCCCC3)C2)CC1
C1CCC(C2CCCC(CCCCCC(C3CCCC3)C3CCC4CCCCC4C3)C2)CC1
C1CCC(CCC2CCCC(CCC3CCC(CC4CCCCC4)CC3)C2)CC1
C1CCC(C2CCCC(CC3CCC4CCCCC43)C2)CC1
C1CCC(C2CCC(C3CC(C4CCCCC4C4CCC5CCCCC5C4)C3)CC2)CC1
C1CCC(CCCCC2CCC(C3CCCCC3)CC2)CC1
C1CCC(CC2CCCC(C3CCCC(C4CCCCC4)C3)C2)CC1
C1CCC(CC2CCCC(C3CCC(C4CCCCC4)CC3)C2)CC1
C1CCC(CCC2CCCCC2CC2CCCCC2)CC1
C1CCC(CCC2CCCCC2C2CCCC(CC3CCCCC3C3CCCC3)C2)CC1
C1CCC(C2CCCC(C3CCC4C(CC(CC5CCCC5)CC4C4CCCCC4)C3)C2)CC1
C1CCC(CC2CCCC(C3CCCCC3)C2)CC1
C1CCC(C2CCCC(C3CCCC(CC4CC(CCC5CCCC5)C5CCCCC45)C3)C2)CC1
C1CCC(CCCC2CCC(C3CCC(CC4CCC5CCCC5C4)CC3)CC2)CC1
C1CCC(C2CCCC(C3CCC4C(CCCC4C4CCCC(C5CCC5)C4)C3)C2)CC1
C1CCC(C2CCC(CC3CCC(CC4CCCC4)CC3)CC2)CC1
C1CCC(C2CCC(C3CCC(CC4CCCC4)CC3)CC2)CC1
C1CCC(CC2CCCC(C3CCCCC3C3CCCCC3)C2)CC1
C1CCC(CC2CCCCC2C2CCCC(C3CCCC3)C2)CC1
C1CCC(CC2CC(C3CCCCC3)CC(C3CCCCC3)C2)CC1
C1CCC(CC2CCC(CC3CC4CCCCC4C3)CC2)CC1
C1CCC(CC2CCCC(C3CCCCC3C3CCCCC3)C2)CC1
C1CCC(CCCC2CCCCC2C2CCC(CC3CCCCC3)CC2)CC1
C1CCC(C2CCCC(C3CCCC(CCCC4CCCCC4C4CC4)C3)C2)CC1
C1CCC2CC(C3CC(C4CCC5CCCCC54)CC4CCCCC43)CCC2C1
C1CCC(CCC2CCCC(C3CCCCC3CC3CCCCC3)C2)CC1
C1CCC(CC2CCCCC2CC2CCCC(CC3CCCC(C4CCCCC4)C3)C2)CC1
C1CCC(C2CCC(CC3CCCCC3C3CCCC3)CC2)CC1
C1CCC(CCC2CCCCC2C2CCCCC2)CC1
C1CCC(C2CCC(C3CC(C4CCCCC4)C4CCCCC34)CC2)CC1
C1CCC(C2CCCC(CCC3CC(C4CCCC4)C4CCCCC34)C2)CC1
C1CCC(CCCC2CC3CCC(C4CCCC4)CC3C(C3CCCCC3)C2)CC1
C1CCC(CC2CCCC(CC3CCCCC3)C2)CC1
C1CCC(C2CCCCC2)CC1
C1CCC(CC2CCCC(C3CCC(C4CCCCC4)CC3)C2)CC1
C1CCC(C2CC(C3CCCC(C4CCCC4)C3)CCC2C2CC2)CC1
C1CCC(CC2CCC(C3CCC(C4CCCCC4)CC3)CC2)CC1
C1CCC(CCC2CCC(C3CCCC(C4CCC5CCCCC54)C3)CC2)CC1
C1CCC(CCCC2CCC(CC3CCC(C4CCCCC4)CC3)CC2)CC1
C1CCC(C2CCC(CC3CC(CC4CCCC4)C4CCCCC34)CC2)CC1
C1CCC(CC2CCCC(C3CCC(CC4CCC(CCCCC5CC5)CC4)CC3)C2)CC1
C1CCC(C2CCC(CC3CCC(C4CCC(CC5CCCC5)CC4)CC3)CC2)CC1
C1CCC(CCCC2CCCC(CC3CCCC(C4CCCCC4)C3)C2)CC1
C1CCC(C2CCC(CC3CCCC(C4CCC(C5CC5)CC4CCC4CCCC4)C3)CC2)CC1
C1CCC(CC2CCCC(C3CCCCC3)C2)CC1
C1CCC(CC2CCCCC2CCC(C2CCCCC2)C2CCCCC2)CC1
C1CCC(CC2CCC(C3CC4CCCCC4C3)CC2C2CCCC2)CC1
C1CCC(CCCC2CCCC(C3CCCC3)C2)CC1
C1CCC(CC2CCCC(CC3CCCCC3)C2)CC1
C1CCC(C2CCCC3CC(C4CCC5CCCC5C4)CCC32)CC1
C1CCC(CCC2CC(C3CCC4CCCCC43)CC3CCCCC32)CC1
C1CCC(CC2CCC(CC3CCCC(CC4CCCCC4)C3)CC2)CC1
C1CCC(C2CCC(C3CCCCC3)C(C3CCCCC3)C2)CC1
C1CCC(CCCC2CCCC(C3CCC(CC4CC5CCCCC5C4)CC3)C2)CC1
C1CCC(C2CCCCC2)CC1
C1CCC(C2CCCCC2C2CCCC(CCC3CCCC(C4CCC5CCCC5C4)C3)C2)CC1
C1CCC(CC2CCC(CC3CCC(C4CCCCC4)CC3)CC2)CC1
C1CCC(CC2CC(C3CCCCC3CC3CC4CCCCC4C3)C3CCCCC23)CC1
C1CCC(C2CCC3C(CCC3C3CCCCC3)C2)CC1
C1CCC(CCCC2CCC(C3CCCC(C4CC4)C3)CC2)CC1
C1CCC(CC2CCC(C3CCCCC3C3CCCC3)CC2)C(CCCC2CC3CCCCC3C2)C1
C1CCC(CC2CCC(C3CC3)CC2)CC1
C1CCC(C2CCCC(C3CCC(C4CCCCC4)CC3CCC3CCCC3)C2)CC1
C1CCC(CC2CCCCC2C2CCC(C3CCC(C4CCCCC4C4CCCC4)CC3)CC2)CC1
C1CCC(CC2CCCCC2C2CCC(C3CCCC4CCCCC43)C2)CC1
C1CCC(C2CCC(C3CCCCC3)CC2)CC1
C1CCC(CC2CCCCC2C2CCCCC2)CC1
C1CCC(CC2CCC(C3CCCCC3)CC2)CC1
C1CCC(CC2CC(C3CCCC(C4CCCC4)C3)CCC2C2CCCCC2)CC1
C1CCC(CC2CCC(C3CCCC4CC(C5CCCCC5)CCC43)CC2)CC1
C1CCC(C2CCCC(CCC3CCC4CCCCC43)C2)CC1
C1CCC(C2CCCC(C3CCCC(C4CCCC(C5CC5)C4)C3)C2)CC1
C1CCC(C(CC2CCCC2)C2CCC(C3CCCC(CC4CCCC4)C3)CC2)CC1
C1CCC(C2CCC(C3CCCCC3C3CCCCC3C3CCCC3)CC2)CC1
C1CCC(CC2CCC(CC3CCC(CC4CCCC4)CC3)CC2)CC1
C1CCC(CCC(C2CCCCC2)C2CCCC(CC3CCC4CCCC4C3)C2)CC1
C1CCC(C2CCCCC2CCC2CCCCC2C2CCC3CCCCC32)CC1
C1CCC(CC2CCCCC2C2CCC(C3CCCC(C4CCCCC4)C3)CC2)CC1
C1CCC(CC2CCC(C3CCCCC3)CC2)CC1
C1CCC(C2CCC(CC3CCC(C4CCCC(CC5CCC(CC6CC6)CC5)C4)CC3)CC2)C1
C1CCC(CC2CCC(CC3CCCC(C4CCCCC4)C3)CC2)CC1
C1CCC(C2CCCC(CC3CCCC(C4CCCCC4)C3)C2)CC1
C1CCC(CCC2CCCC(CC3CCC(CC4CCCCC4)CC3)C2)CC1
C1CCC(CC2CCC(C3CCC(C4CCCCC4)CC3)CC2)CC1
C1CCC(CC2CCCCC2)CC1
C1CCC(CCCCC2CC(C3CCC(C4CCCCC4CC4CCCCC4)C3)C3CCCCC23)CC1
C1CCC(CC2CC(C3CCCCC3)C3CCCCC23)CC1
C1CCC(C2CCC(CC3CC3)CC2CCC2CCC(C3CCCC3)C(C3CCCC3)C2)CC1
C1CCC(CC2CC(C3CCCCC3)C3CCCCC23)CC1
C1CCC(C2CCC(C3CC4CCCCC4C(C4CCCCC4)C3)CC2)CC1
C1CCC(CCCC2CCCCC2)CC1
C1CCC(CC2CCC(C3CCC(C4CCCCC4)CC3)CC2)CC1
C1CCC(C2CCC3CCC(C4CCCCC4)CC3C2)CC1
C1CCC(CC2CCCCC2CC2CCCCC2C2CCCC2)CC1
C1CCC(C2CCCCC2C2CCC(C3CCCC3)CC2)CC1
C1CCC(C2CCCC(C3CCCCC3)C2)CC1
C1CCC(CC2CCCC(C3CCCCC3C3CCC(CC4CCCC(C5CCCCC5)C4)CC3)C2)CC1
C1CCC(CC2CCC(C3CCCCC3C3CCCCC3)C2C2CCC3CCCC3C2)CC1
C1CC2CCC(CC3CC(CCC4CC4)CC(CC4CC4)C3)CC2C1
C1CCC(CCCC2CCC(C3CCCCC3)CC2)CC1
C1CCC(CC(CC2CCCCC2)C2CCCC2)CC1
C1CCC(C2CCCC(CC3CCCCC3C3CCCCC3)C2)CC1
C1CCC(C2CCC(C3CCCCC3)CC2)CC1
C1CCC(CCCC2CCCC(C3CCCCC3)C2)CC1
C1CCC(CCCCC2CCC(C3CCCC(C4CCC4)C3)CC2)CC1
C1CCC(CCC2CCCCC2C2CCCCC2)CC1
C1CCC(CCCC2CCC(CCC3CCCCC3)CC2)CC1
C1CCC(CCC2CCCC(C3CCCC(C4CCCC(CC5CCC6CCCCC65)C4)C3)C2)CC1
C1CCC(CCC2CCCC(C3CCCCC3)C2)CC1
C1CC(C2CCC(CCC3CCC(CC4CCC5CCCCC54)CC3)CC2)C1
C1CCC(C2CCCC(CCCC3CCCC(C4CCCCC4)C3)C2)CC1
C1CCC(CCC2CCC(C3CCCCC3)CC2)CC1
C1CCC(CCC2CCCC(CC3CCCC(CCC4CCCC(C5CCCC5)C4)C3)C2)CC1
C1CCC(CCC2CCC(C3CCC(CC4CCCC(C5CCCCC5)C4)CC3)CC2)CC1
C1CCC(C2CCC(CCCC3CCCC(C4CCCC(C5CCCCC5)C4)C3)C2)CC1
C1CCC(CCC2CCCC(C3CCCCC3)C2)CC1
C1CCC(C2CCCC(CCC3CCCC(C4CCCCC4)C3)C2)CC1
C1CCC(CCC2CC(C3CCCC3)CCC2CC2CCCCC2CC2CCCCC2)CC1
C1CCC(CCCC2CCCC(CC3CCCC(CC4CCCCC4)C3)C2)CC1
C1CCC(CC2CCCCC2C2CCC(C3CCCC3)CC2)CC1
C1CCC(CCC2CCCCC2C2CCCCC2C2CCCC2)CC1
C1CCC(CC2CCCC(C3CCCCC3)C2)CC1
C(CC1CCC(C2CCC2)CC1)CC1CCCC(CCC2CCC(C3CCCC3)CC2)C1
C(CCCC1CCCC(CC2CCCCC2)C1)CCC1CCC(CC2CCCCC2)CC1
C1CCC(CC2CCC(CC3CCC(C4CCCC4)CC3CC3CCCC3)CC2)CC1
C1CCC(CCC2CC(CC3CCCCC3)CCC2C2CCCCC2)CC1
C1CCC(CC2CCC3CCC(C4CCCCC4CC4CCCCC4)CC3C2)CC1
C1CCC(C2CCC(C3CCCCC3)CC2)CC1
C1CCC(C2CCCCC2C(C2CCCCC2)C2CCCCC2)CC1
C1CCC(CC2CCCC(C3CC(C4CCC4)CC(C4CCC5CCCC5C4)C3)C2)CC1
C1CCC(CC2CCC(C3CCC(CCC4CCCC4)CC3)CC2)CC1
C1CCC(CC2CCCCC2CCC2CCC(C3CCCCC3)CC2)CC1
C1CCC(CCCCC2CCC(CC3CCC(CCC4CCCCC4)CC3)CC2)CC1
C1CCC(CCC2CCCC(C3CCCCC3C3CCCC3)C2)CC1
C1CCC(CC2CCCC(C3CCCCC3)C2)CC1
C1CCC(C2CC(C3CCC(C4CCCC4)CC3)CC(C3CC4CCCCC4C3)C2)CC1
C1CCC(CC2CCC(C3CCCCC3)CC2)CC1
C1CCC(CCCCC2CCC(CC3CCCCC3)CC2)CC1
C1CCC(CC2CCC(CC3CCC(CC4CCC(C5CCCCC5)CC4)CC3)CC2)CC1
C1CCC(C2CCCCC2C2CCC(CCC3CCC(CC4CCCC(CC5CCCC5)C4)CC3)CC2)CC1
C1CCC(CC2CCC(C3CCCCC3)CC2)CC1
C1CCC(CCC2CCC(C3CCCCC3C3CCCCC3)C2)CC1
C1CCC(C2CCCC(C3CCCC(C4CCCC4)C3)C2)C1
C1CCC(C2CCC(C3CCCCC3C3CCCC(C4CCCCC4)C3)CC2)CC1
C1CCC(C2CCC(CCC3CCCC(C4CCCCC4)C3)CC2)CC1
C1CCC(CCC2CCC(CC3CCCC(C4CCCCC4)C3)CC2)CC1
C1CCC(CCC2CCC(C3CCCC3)CC2)CC1
C1CCC(CC2CCC(C3CC(C4CCC(C5CCCCC5)CC4)C3)CC2)CC1
C1CCC(CCC2CCCC(C3CCCC(C4CCCCC4)C3)C2)CC1
C1CCC(CCC2CCC(C3CCCC3)CC2C2CCCCC2)CC1
C1CCC(C2CCC(C3CCC(CC4CCC5CC(C6CCCCC6C6CCCCC6)CCC45)C3)CC2)CC1
C1CCC(CCC2CCCCC2CC2CCCC(C3CCCCC3)C2)CC1
C1CCC(C2CCC(CC3CCCC(C4CCCC(C5CCC5)C4)C3)CC2)CC1
C1CCC(CC2CCCC(CC3CCCC(C4CCCCC4)C3)C2)CC1
C1CCC(CCCC2CCC(CC3CCC(CC4CCCCC4)CC3)CC2)CC1
C1CCC(CC2CCCC(C3CCC(C4CCC(C5CCCCC5)CC4)C4CCCC34)C2)CC1
C1CCC(CCC2CCC(CCCCCC3CCCC(C4CCCC4)C3)CC2)CC1
C1CCC(C2CCC(C3CCCC(CCC4CCCC4)C3)CC2)CC1
C1CCC(CCC2CC(CC3CCCCC3)C3CCCCC23)CC1
C1CCC(C2CCCCC2C2CCCCC2C2CCC3CCCCC3C2)CC1
C(CCC1CCC(C2CCCCC2)CC1)CCC1CCCC(C2CC2)C1
C1CCC(CCC2CCCCC2)CC1
C1CCC(CCC(C2CC2)C2CCCC(CC3CCC(CCC4CC4)CC3)C2)CC1
C1CCC(C2CCCCC2C2CCCCC2)CC1
C1CCC(CC2CCC(CC3CCCC3)CC2)CC1
C1CCC(CCCC2CCC(C3CCCC(C4CCCCC4)C3)CC2)CC1
C1CCC(CCCC2CCC(CC3CCC(CCC4CCCCC4)CC3)CC2)CC1
C1CCC(CC2CCC(CCCC3CCC3)C(CC3CCCCC3)C2)CC1
C1CCC(CC2CC(C3CCCCC3)C3CCCC3C2C2CCCCC2)CC1
C1CCC(CC2CCC(CC3CCCCC3)CC2)CC1
C1CCC(CCC2CCCC(CC3CCCCC3C3CCC(CC4CCC4)CC3)C2)CC1
C1CCC(CCCC2CCC(CC3CCCCC3)CC2)CC1
C1CCC(CCC2CCC(C3CCCCC3)CC2)CC1
C1CCC(CC2CCC3CC(C4CCC5CCCCC54)CC(C4CCCCC4C4CCCC4)C3C2)C1
C1CCC(CCCCC(CC2CCC2)(C2CCCCC2)C2CCCCC2)CC1
C1CCC(CCC2CCC(CCC3CCCC(CC4CCCCC4)C3)CC2)CC1
C1CCC(C2CCCC(C3CCC(C4CCCCC4C4CCCCC4)CC3)C2)CC1
C1CCC(C2CCCCC2C2CCC(CC3CCCC3)CC2)CC1
C1CCC(C2CCC(C3CCCC(C4CC4)C3)CC2C2CCCC2)CC1
C1CCC(CC2CCC(CC3CCC(CCC4CCCCC4C4CCCCC4)CC3)CC2)CC1
C(CCC1CCCCC1C1CCCC1)CC1CCC(C2CCCC2)CC1
C1CCC(CCCC2CCC(CCC3CCC(CCC4CCCCC4)CC3)CC2)CC1
C1CCC(CC2CCC(CCC3CCCC(CC4CC4)C3)CC2)CC1
C1CCC(CC2CCC(CC3CCCCC3)C(CC3CCCCC3)C2)CC1
C1CCC(C2CCCC(C3CCCC(CC4CCCCC4C4CCCCC4)C3)C2)CC1
C1CCC(CCC2CCC(C3CCC(CC4CCCCC4)C3)CC2)CC1
C1CCC(CC2CCCCC2C2CCC(C3CCCC3)CC2)CC1
C1CCC(C2CCC3CC(C4CCCCC4)CCC3C2)CC1
C1CCC(C2CC(C3CCC4CCCC(C5CCCCC5)C43)CC3CCCCC32)CC1
C1CCC(CCC2CCCC(C3CCC3)C2)C(CCCC2CC3CCCCC3C2)C1
C1CCC(C2CCC(CC3CCCC(CCC4CC5CCCCC5C4)C3)C2)CC1
C1CCC(CC2CCC(C3CCCCC3)CC2)CC1
C1CCC(C2CCCC(CC3CCCC3)C2)CC1
C1CCC(CC2CCCCC2C2CCC3CCC(C4CCCC(CC5CC6CCCCC6C5)C4)CC3C2)CC1
C1CCC(CC2CCCCC2C2CCCC(CC3CCCC3)C2)CC1
C1CCC(CCC2CCCC(CCCCC3CCCC4CCCCC34)C2)CC1
C1CCC(C2CCC(C3CCCCC3C3CCCCC3)C2)CC1
C1CCC(CC2CCCCC2C2CCCCC2C2CCC3CCCC3C2)CC1
C1CCC(CCCC2CCCC(CC3CCCCC3C3CCCC3)C2)CC1
C1CCC(CC2CCC(C3CCC4CCCCC43)CC2)CC1
C1CCC(CCCC2CCCCC2)CC1
C1CCC(CC2CCCCC2C2CCCC(C3CCC3)C2)CC1
C1CCC(CC2CCCC(CC3CCC4CC(CC5CCCCC5)CCC43)C2)CC1
C1CCC(CC2CCCCC2CCC2CCC(C3CCCCC3)CC2)CC1
C1CCC(CC2CCC(CC3CCCCC3)C(CC3CCCCC3)C2)CC1
C1CCC(CC2CCC(C3CCCC4CC(C5CCCCC5C5CCCC5)CCC43)CC2)CC1
C1CCC(C2CCC(C3CCCCC3C3CCCCC3)CC2)CC1
C1CCC(CC2CCCC2)CC1
C1CCC(CC2CCC(C3CCCCC3)CC2)CC1
C1CCC(CCCCC2CC(C3CCCCC3C3CCCC3)C3CCCCC23)CC1
C1CCC(C2CCCCC2)CC1
C1CCC(CC2CCCCC2CCC2CCC3CCCCC3C2)CC1
C1CCC(CC2CCC(CCC3CCC(CC4CCCCC4)C3)CC2)CC1
C1CCC(C2CCC(C3CCC(C4CCCC4)CC3C3CCCC3)CC2)CC1
C1CCC(CCCC2CCCC(CC3CCCCC3)C2)CC1
C1CCC(CC2CCCC(CCCCC3CCCCC3C3CCCCC3)C2)CC1
C1CCC(CC2CCCC(CC3CCCC(C4CCC(CC5CCCC5)CC4)C3)C2)CC1
C1CCC(CC2CC(C3CCCCC3)C3CC(CC4CCCCC4C4CCC(C5CCCCC5)CC4)CCC23)CC1
C1CCC(CC2CCCC(C3CC(CC4CCC(C5CCCC5)CC4)CC(C4CCCCC4)C3)C2)CC1
C1CCC(C2CCC(CC3CCCCC3C3CCCCC3)CC2)CC1
C1CCC(CC2CCC3CC(C4CCCC(C5CCCCC5C5CCCC5)C4)CCC23)CC1
C1CCC(CC2CC(C3CCCCC3)C3CCCCC23)CC1
C1CCC(CC2CCC(CC3CCC(CC4CCCC(C5CC6CCCCC6C5)C4)CC3)CC2)C1
C1CCC(CCCCC2CCC(CC3CCCCC3)CC2)CC1
C1CCC(CCCC2CCC(CCC3CCCCC3)CC2)CC1
C1CCC(C2CC(CCC3CCCC3)CC(CC3CCCCC3C3CCCC3)C2)CC1
C1CCC(CC2CCC(C3CCCC4CC(C5CCCCC5)CCC43)CC2)CC1
C1CCC(CC2CCC(CCC3CCCC(C4CCCCC4)C3)CC2)CC1
C1CCC(C2CCCC(CCCC3CCC(CC4CCC(CC5CCC5)CC4)CC3)C2)CC1
C1CCC(CCC2CCC(C3CCCC3)C(CC3CCCC(C4CC4)C3)C2)CC1
C1CC2CCC(C3CCCCC3C3CCCC3)CC2C1
C1CCC(CCCC2CCC(CCC3CCCCC3)CC2)CC1
C1CCC(CC2CCC(CC3CCCC(C4CCCCC4)C3)CC2)CC1
C1CCC(CCCC(CCC2CCCCC2)C2CCCCC2CC2CCCCC2)CC1
C1CCC(CC2CCC(C3CCCCC3C3CCCCC3)CC2)CC1
C1CCC(CC2CCC(C3CCCCC3)CC2)CC1
C1CCC(CC2CCC(C3CCCCC3CC3CCCCC3)CC2)CC1
C1CCC(CCCCC2CCCC(C3CCCC(C4CCCCC4)C3)C2)CC1
C1CCC(C2CCC(CCC3CCC(CC4CCC(C5CCCCC5)CC4)CC3)CC2)CC1
C1CCC(CCC2CCC(CC3CCCCC3)CC2)CC1
C1CCC(CC2CCC(C3CCC(C4CCCCC4C4CCCCC4)CC3)CC2)CC1
C1CCC(C2CCC(C3CCCC(C4CCC(C5CCC6CCCCC65)CC4)C3)CC2)CC1
C1CCC(CCCC2CCCC(CC3CCCCC3)C2)CC1
C1CCC(CC2CCCC(CC3CCCC3)C2)CC1
C1CCC(CCCC2CCCCC2)CC1
C1CCC(C2CCCCC2CCC2CCC3CCCC3C2)CC1
C1CCC(CC2CCCC(CCC3CCCC(CC4CCC5CCCCC54)C3)C2)CC1
C1CCC(CC2CCC(C3CCCCC3CC3CCCCC3)CC2)CC1
C1CCC(CC2CCCCC2C2CCCC2C2CCCCC2)CC1
C1CCC(CC2CCC(CC3CCCCC3)CC2)CC1
C1CCC(CC2CCC(C3CCCCC3CC3CCCCC3)CC2)CC1
C1CCC(CC2CCC(CC3CC(C4CCC(CCC5CCC6CCCCC6C5)CC4)C4CCCCC34)CC2)CC1
C1CCC(C2CC(CC3CC(C4CCCCC4)C4CCCCC34)CC3CCCCC32)CC1
C1CCC(CCC2CCCC(CCC3CCCCC3)C2CC2CCCCC2)CC1
C1CCC(CCCC2CCC(CC3CCCCC3C3CCC4CCCC4C3)CC2)CC1
C1CCC(C2CCCC(CC3CCC(C4CCC5CCCCC5C4)CC3)C2)CC1
C1CCC(CC2CCC(CC3CCCCC3)CC2)CC1
C1CCC(CCCC2CCCCC2)CC1
C1CCC(C2CC(C3CCCC3)CCC2C2CCCC(C3CCC4CCCCC43)C2)CC1
C1CCC(CCCC2CCC(C3CCCCC3)CC2)CC1
C1CCC(CCCC2CCCCC2)CC1
C1CCC(CC(C2CCC(C3CCCCC3)CC2)C2CCCC(C3CCCC3)C2)CC1
C1CCC(C2CCC(C3CCCC(CC4CC(C5CCCCC5)C5CCCCC45)C3)CC2)CC1
C1CCC(C2CCC(CC3CCC(C4CCCCC4)CC3)CC2)CC1
C1CCC(C2CCCC(C3CCC(CCC4CCC5CCCC5C4)CC3)C2)CC1
C1CCC(CCCC2CCCC(C3CCCCC3)C2)CC1
C1CCC(CC2CCCC(C3CCCCC3)C2)CC1
C1CCC(CCC2CCC(CCC3CCCCC3)CC2)CC1
C1CCC(CCCC2CCCC(C3CCCC(C4CCC5CCCCC54)C3)C2)CC1
C1CCC(CCC2CCCC(C3CCCCC3C3CCCC3)C2)CC1
C1CCC(CCCC2CCC(CC3CCC(C4CCC4)CC3)CC2)CC1
C1CCC(CC2CCC(C3CCCC(CCC4CCC(C5CCC6CCCC6C5)CC4)C3)CC2)CC1
C1CCC(CC2CC(CCCC3CC4CCCCC4C3)CC3CCCCC32)CC1
C1CCC(C2CCCC(C3CCCCC3)C2)CC1
C1CCC(C2CCCC(C3CCCCC3C3CCCCC3)C2)CC1
C1CCC(CCC2CCC(C3CCCC(C4CCCCC4)C3)CC2)CC1
C1CCC(C2CCC(CC3CCC(CC4CC5CCCCC5C4)CC3)CC2)C1
C1CCC(CCC2CCC3C(CCCC3C3CC4CCCCC4C(C4CCCCC4)C3)C2)CC1
C1CCC(CCC2CCC(CC3CCCCC3C3CCCCC3)CC2C2CCCCC2)CC1
C1CCC(CC2CC(C3CCCCC3)C3CCCCC23)CC1
C1CCC(CCC2CCC3CCC(C4CCCCC4)C3C2)CC1
C1CCC(CCCCC2CCCC(C3CC(C4CCCCC4)C4CCCCC34)C2)CC1
C1CCC(C2CC(C3CCC4CCCC4C3)C3CCCCC23)CC1
C1CCC(CC2CCC(CC3CCC(C4CCCCC4)CC3)CC2)CC1
C1CCC(CC2CCC(CC3CC(CC4CCCCC4)C4CCCCC34)CC2)CC1
C1CCC(C2CCCC(CC3CCC(CC4CCC(CC5CCCC(C6CC(C7CCCCC7)C6)C5)CC4)CC3)C2)CC1
C1CCC(CCC2CCC(CC3CCCCC3)CC2C2CCCCC2)CC1
C1CCC(CCC2CCCC(C3CCCCC3)C2)CC1
C1CCC(CC2CCCC(C3CCCC(CC4CC5CCCCC5C4)C3)C2)CC1
C1CCC(CCCC2CCC(C3CCCCC3)CC2)CC1
C1CCC(CC2CCCCC2)CC1
C1CCC(CCC2CCC(CC3CCC(CCC4CCCCC4)CC3)CC2)CC1
C1CCC(CC2CCC(C3CCCC(C4CCCC4)C3)CC2)CC1
C1CCC(C2CCCC(C3CCC4CCCCC4C3)C2)CC1
C1CCC(CCC2CCCCC2C2CCCCC2C2CCC(CC3CCCCC3)CC2)CC1
C1CCC(CCC2CCC(C3CCCCC3CC3CCCC3)CC2)CC1
C1CCC(CC2CCCC(CC3CCC(C4CCCC4)CC3)C2)CC1
C1CCC(CC2CCCCC2C2CCC3C(CCCC3C3CCC(C4CCCCC4)CC3)C2)CC1
C1CCC(CCCCC2CCC(C3CCC(C4CCCC(C5CCCCC5)C4)CC3)CC2)CC1
C1CCC(CC2CCC(CC3CCC3)CC2)CC1
C1CCC(CCCCC2CCC(C3CCCCC3C3CCCC(CC4CCC4)C3)CC2)CC1
C1CCC2CC(CC3CCCCC3C3CCC4CCCC4C3)CC2C1
C1CCC(CCC2CCCC(C3CCCCC3)C2)CC1
C1CCC(CCC2CCC3CCCC(C4CCCCC4)C3C2)CC1
C1CCC(C2CCCC(CC3CCC(CCCC4CCCC4)CC3)C2)CC1
C1CCC(CC2CCCCC2C2CCC(CC3CCC(CC4CCC5CCCCC54)CC3)C2)CC1
C1CCC(C2CCC(CC3CCC(C4CCCCC4)C3)CC2)CC1
C1CCC(C2CCCC(C3CCC(C4CCCC(C5CC5)C4)CC3)C2)CC1
C1CCC(CCC2CCC(C3CCCCC3C3CCCCC3CC3CCCCC3)CC2)CC1
C1CCC(CCCC2CCC(CC3CCCCC3)CC2)CC1
C1CCC(CC2CCCCC2C2CCC3CCCC3C2)CC1
C1CCC(CCC2CCCC(C3CCCC(CC4CCCCC4)C3)C2)CC1
C1CCC(CCC2CCC3C(CC4CCCCC4)CC(CC4CCCCC4)C3C2)CC1
C1CCC(C2CCCCC2CCC2CC3CCCCC3C2)CC1
C1CCC(CCC2CC3CCC(C4CCCCC4)CC3C(C3CCCCC3)C2)CC1
C1CCC(CCCCC2CCCCC2)CC1
C1CCC(CCC2CCCC(CCC3CCCCC3)C2)CC1
C1CCC(CC2CCC(C3CCCCC3)CC2)CC1
C1CCC(CCC2CCCC(CCC3CCCC(C4CCCCC4)C3)C2)CC1
C1CCC(CC2CCCCC2)CC1
C1CCC(CCCC2CCC(C3CCCCC3)C(C3CCCCC3)C2)CC1
C1CCC(C2CC(C3CCCCC3)CC(C3CCCC3)C2)CC1
C1CCC(CCCC2CCCCC2C2CCCC3CCCCC32)CC1
C1CCC(CC2CCCCC2C2CCC3C(CCC3C3CCCC3)C2)CC1
C1CCC(CCCC2CCCCC2C2CCC(C3CCCCC3)CC2)CC1
C1CCC(C2CCC(C3CCCCC3)CC2)CC1
C1CCC(CC2CCCC(C3CCCCC3)C2)CC1
C1CCC(CCCCC2CCC(CC3CCCCC3)CC2)CC1
C1CCC(CC2CCC(C3CCCCC3)C(C3CCCCC3)C2)CC1
C1CCC(CC2CCC(C3CCCC(C4CCCCC4)C3)C(C3CCCCC3)C2)CC1
C1CCC(C2CCCC(C3CCCCC3C3CCCCC3)C2)CC1
C1CCC(CCCC2CCC(CC3CCCCC3)CC2C2CCCC2)CC1
C1CCC(CC2CCC(CC3CCC(CCCC4CCCC(C5CCCCC5)C4)CC3)CC2)CC1
C1CCC(CCC2CCCC(CC3CCCC(CC4CCCCC4)C3)C2)CC1
C1CCC(CC2CCCC(CC3CCC4CCCCC4C3)C2)CC1
C1CCC(CC2CC(C3CCCCC3)CC(C3CCCCC3)C2)CC1
C1CCC(C2CCC(C3CC4CCCCC4C3)CC2)CC1
C1CCC(CC2CCC(C3CCCCC3)CC2)CC1
C1CCC(CCC2CCC(C3CCCCC3)C(C3CCCCC3)C2)CC1
C1CCC(CC2CCCC(C3CCCCC3)C2)CC1
C1CCC(C2CC(C3CCC(C4CCCC4)CC3C3CCCC3)C3CCCCC23)CC1
C1CCC(CCC2CCC(CC3CCC(CC4CCCCC4)CC3)CC2)CC1
C1CCC(CC2CCC(CC3CCCC(C4CCC5CCCCC5C4)C3)CC2)C1
C1CCC(C2CCCC(CC3CCC(C4CCCCC4C4CCCC4)CC3)C2)CC1
C1CCC(CC2CCCCC2C2CCCCC2)CC1
C1CCC(CCC2CCC(CC3CCCCC3)CC2)CC1
C1CCC(CC2CC(C3CCCCC3)C3CC(C4CCCCC4)CCC23)CC1
C1CCC(CC2CCC(C3CCCCC3)CC2)CC1
C1CCC(CCCC2CCC(CC3CCCCC3)CC2)CC1
C1CCC(CC2CCCC(C3CCC(CC4CCCCC4CC4CCCCC4)CC3)C2)CC1
C1CCC(C2CCCC(CCCC3CCCCC3C3CCCCC3)C2)CC1
C1CCC(C2CCCC(C3CCC4C(CCC4C4CCCCC4)C3)C2)CC1
C1CCC(CCCCCC2CCC(CCC3CCCC(C4CCCCC4)C3)CC2)CC1
C1CCC(CCC2CCCC(C(CC3CCCCC3)CC3CCCCC3)C2)CC1
C1CCC(C2CCC(C3CCCC(C4CCCCC4)C3)CC2)CC1
C1CCC(CC2CCC(C3CCC(C4CCCC5CCCCC54)CC3)CC2)CC1
C1CCC(CC2CCC(CC3CCC(C4CCCC4)CC3)CC2)CC1
C1CCC(CC2CCCCC2CCC2CCC(C3CCCCC3)CC2)CC1
C1CCC(C2CCC(CCC3CCCC(C4CCCC(C5CCCCC5)C4)C3)CC2)CC1
C1CCC(CCC2CCCC(CC3CCC(CC4CCCC4)CC3)C2)CC1
C1CCC(C2CCCC(C3CCCCC3)C2)CC1
C1CCC(CCC2CCCC(CC3CCCCC3)C2)CC1
C1CCC(CC2CCCC(C3CCCCC3)C2)CC1
C1CCC(CCC2CCCC(C3CCCC(CC4CCCCC4)C3)C2)CC1
C1CCC(CC2CCCC(C3CCCC4CC(C5CCCCC5)CCC43)C2)CC1
C1CCC(CC2CCC(CC3CCCC(C4CCCCC4)C3)CC2)CC1
C1CCC(C2CCC(C3CCCC(C4CCC5CCCC5C4)C3)CC2)CC1
C1CCC(CC2CCC(CCC3CCC(C4CCCCC4)CC3)CC2)CC1
C1CCC(CC2CCC(C3CCCCC3)CC2)CC1
C1CCC2CC(CCCC3CC(C4CCCC4)C4CCCCC34)CCC2C1
C1CCC(C(CCC2CCC(C3CCC3)CC2)C2CCCCC2)CC1
C1CCC(CCC2CCCC(CC3CCCCC3C3CCCCC3)C2)CC1
C1CCC(C2CCCC(CC3CCCC(C4CC5CCCCC5C4)C3)C2)CC1
C1CCC(C2CCC3CC(C4CCCC(C5CCCCC5C5CCCCC5)C4)CC(C4CCCCC4)C3C2)CC1
C1CCC(C2CCCC(CCCC3CCC(CC4CCCC4)CC3)C2)CC1
C1CCC(CCC2CCC(C3CCCCC3)CC2CC2CCCC2)CC1
C1CCC(CC2CCCC(C3CCC(CC4CC5CCCCC5C4)CC3)C2)CC1
C1CCC(CCC2CCC(C3CCCCC3)C(CCC3CCC4CCCC4C3)C2)CC1
C1CCC(CCC2CCC(CC3CCCCC3)CC2)CC1
C1CCC(CC2CCCC(C3CCCCC3)C2)CC1
C1CCC(CC2CCC(C3CCC(C4CCCCC4)CC3)CC2)CC1
C1CCC(C2CCC(CC3CCCCC3C3CCCCC3)CC2)CC1
C1CCC(CC2CCC(CC3CCCC(CC4CCCCC4CC4CCCCC4)C3)CC2)CC1
C1CCC(C2CCC(C3CCC(CC4CCC5C(CCC5C5CCCC5)C4)CC3)CC2)C1
C1CCC(CCCC2CCCCC2)CC1
C1CCC(CCCC2CCC(C3CCCC(CCC4CCCCC4)C3)CC2)CC1
C1CCC(CCC2CC(C3CCCC(CC4CCCCC4)C3)C3CCCCC23)CC1
C1CCC(CCC2CCCC(C3CCCCC3C3CCCC(CC4CCCCC4)C3)C2)CC1
C1CCC(CC2CCC(C3CCCC(C4CCCCC4)C3)CC2)CC1
C(CCCC1CCC(C2CCCCC2)CC1)CCC1CCCCC1
C1CCC(CC2CCCCC2C2CCCCC2)CC1
C1CCC(CC2CCC(CCCC3CCC3)CC2)CC1
C1CCC(CCC2CCCC(C3CCC(CC4CCCCC4)CC3)C2)CC1
C1CCC(C2CCCCC2C2CCCC2)CC1
C1CCC(CCC2CCC(CC3CCC(CC4CCCC(CC5CCCCC5)C4)CC3)CC2)CC1
C1CCC(C2CCC(CC3CCC(C4CCCCC4)C(C4CCCCC4)C3)C2)CC1
C1CCC(CCCC2CCCC(C3CCC(CC4CCCCC4)CC3)C2)CC1
C1CCC(CC2CCC(C3CCCCC3)CC2)CC1
C1CCC(C2CCC(C3CCCCC3)CC2)CC1
C1CCC(CC2CCCCC2C2CCCC(CC3CCCC3C3CCCCC3)C2)CC1
C1CCC(CC2CCCC(C3CCCC(C4CCCC(C5CCCCC5)C4)C3)C2)CC1
C1CCC(C2CCCC(C3CCCC(C4CCCCC4)C3)C2)CC1
C1CCC(CC2CCCC(CC3CCCC(C4CCC5CCCC5C4)C3)C2)CC1
C1CCC(CC2CCCCC2CC2CCCC(CC3CC4CCCCC43)C2)CC1
C1CCC(C2CCCCC2C2CCCCC2)CC1
C1CCC(CCC2CCC(CC3CCCCC3)CC2C2CC3CCCCC3C2)CC1
C1CCC(CC2CCCC(C3CCCCC3)C2)CC1
C1CCC(C2CCC(C3CCCCC3)CC2)CC1
C1CCC(CC2CCC(CCCC3CCCC3)CC2)CC1
C1CCC(CCC2CC(C3CCCC(C4CCCCC4)C3)C3CCCCC23)CC1
C1CCC(CC2CCC(CC(CC3CCCCC3)C3CCCCC3)CC2)CC1
C1CCC(CC2CCC(CC3CC4CCC(C5CCCCC5C5CCCC5)C4C3)CC2)CC1
C1CCC(CC2CCC(C3CCCC(CCCCC4CCCC4)C3)CC2)CC1
C1CCC(CC2CCCC(CCCC3CCC(CC4CCC(CC5CC5)CC4)CC3)C2)CC1
C1CCC(CC2CC(C3CCCCC3)CC(C3CCCC(C4CCCCC4CCC4CCCC4)C3)C2)CC1
C1CCC(CCCC2CCC(C3CCCC(CC4CC5CCCCC5C4)C3)CC2)CC1
C1CCC(CCCC2CCC3C(CC4CCCC4)CC(C4CCCCC4)C3C2)CC1
C1CCC(C2CCCCC2)CC1
C1CCC(CC2CCCC(C3CCCCC3)C2)CC1
C1CCC(C2CCCCC2C2CCCCC2)CC1
C1CCC(CCCC2CCC(C3CCCCC3)CC2)CC1
C(CCC1CCC(CC2CCCCC2)CC1)CCC1CCC(C2CCC3CCCCC3C2)CC1
C1CCC(CC2CC(C3CCCCC3)CCC2C2CCCCC2)CC1
C1CCC(C2CCCC(CC3CCCCC3C3CCCC(C4CCCCC4)C3)C2)CC1
C1CCC(C2CCCC(CCC3CCC4CCCCC4C3)C2)CC1
C1CCC(C2CCCCC2)CC1
C1CCC(CCC2CCC(CC3CCC(C4CCCC4)CC3)CC2)CC1
C1CCC(C2CCC(C3CCCC(C4CCCCC4C4CCCCC4)C3)CC2)CC1
C1CCC(CCC2CCCCC2C2CCCCC2CC2CCCCC2)CC1
C1CCC(CC2CCCC(CCC3CC4CCCCC4C3)C2)CC1
C1CCC(CC2CCC(CC3CCC(CC4CCCCC4)CC3)CC2)CC1
C1CCC(CC2CCCCC2C2CCC(C3CCCCC3)CC2)CC1
C1CCC(CC2CCC(CCCC3CCCC(C4CCCCC4)C3)CC2)CC1
C1CCC(CCC2CCCC(CCC3CCC(CC4CCCCC4)CC3)C2)CC1
C1CCC(CC2CCC(C3CC(CC4CCCC(C5CCCCC5)C4)C4CCCCC43)CC2)CC1
C1CCC(CC2CCC(C3CCCCC3)C(CC3CCCCC3)C2)CC1
C1CCC(CC2CCCCC2CC2CCC(C3CCCC(C4CCCCC4)C3)CC2)CC1
C1CCC(CC2CCC(C3CCC(C4CCC5CCCC5C4)CC3)CC2)CC1
C1CCC(CCCC2CCC(CC3CCCCC3)CC2)CC1
C1CCC(CCCC2CCC(CCCC3CC4CCCCC4C3)CC2)CC1
C1CCC(CC2CCCC(CCC3CCC4CCCC4C3)C2)CC1
C1CCC(CC2CCC(C3CCCCC3C3CCCC3)C(CC3CCCCC3)C2)CC1
C1CCC(CC2CCC(C3CCCCC3)CC2)CC1
C1CCC(CCCC2CCC(C3CCCCC3C3CCC4CCCC4C3)CC2)CC1
C1CCC(C2CC(CCC3CCCC3)CCC2C2CC3CCCCC3C(C3CCCCC3)C2)CC1
C1CCC(C2CCCC(C3CCCCC3)C2)CC1
C1CCC(CCCC2CCC(CC3CCCC3)CC2)CC1
C1CCC(CCC2CCCCC2C2CCCCC2)CC1
C(CCCC1CC2CCCCC2C1)CCC1CCC(CC2CCCCC2)CC1
C1CCC(CC2CCC(C3CC(CC4CCCCC4)C4CCCCC43)C(C3CCCC3)C2)CC1
C1CCC(CC2CCC(C3CCCCC3)CC2C2CCCCC2)CC1
C1CCC(C2CCCC(C3CCCCC3)C2)CC1
C1CCC(CC2CCCC(CC3CCCC(C4CCCC4)C3)C2)CC1
C1CCC(CCCC2CCCC2C2CCCCC2C2CCCCC2)CC1
C1CCC(CC2CCCC(C3CCCCC3)C2)CC1
C1CCC(CCCC2CCC(C3CCCCC3CCCC3CCCCC3)CC2)CC1
C1CCC(C2CCC(CC3CCC4CCCCC43)CC2)CC1
C1CCC(CCC2CCC(C3CCCCC3)CC2)CC1
C1CCC(CC2CCCCC2C2CCCC(CC3CCC(CC4CC5CCCCC5C4)CC3)C2)C1
C1CCC(CCCC2CCC(CCCC3CCCC3)CC2)CC1
C1CCC(CCCC2CCC(C3CCC(C4CCCCC4)CC3)CC2)CC1
C1CCC(CCC2CCCC(CCC3CCCCC3C3CCCCC3)C2)CC1
C1CCC(C2CCCC(C3CCCC(CCCC4CCCC(C5CCC(CCC6CCCC6)CC5)C4)C3)C2)CC1
C1CCC(C2CCCCC2)CC1
C1CCC(CC2CCCC(C3CCCC(CC4CCCC4)C3)C2)CC1
C1CCC(CC2CCC(C3CCCC(CC4CCCCC4)C3)CC2)CC1
C1CCC(C2CCC(CCC3CCC4CCCCC43)CC2)CC1
C1CCC(CC2CCCC(C3CCCCC3)C2)CC1
C1CCC(CCCC2CCC(CC3CCC(CCC4CC5CCCCC5C4)CC3)CC2)CC1
C1CCC(CC2CC(C3CCCCC3)C3CCCCC23)CC1
C1CCC(CC2CCC(C3CCCCC3C3CC3)CC2)CC1
C1CCC(CCC2CCCCC2C2CCCC2)CC1
C1CCC(CCCC2CCCC(CCC3CCCC(CC4CCCCC4)C3)C2)CC1
C1CCC(C2CCCCC2)CC1
C1CCC(C2CCCC(C3CCC(CC4CCC(CC5CCC6CCCCC6C5)CC4)CC3)C2)CC1
C1CCC(CC2CCCC(CCC3CCC(C4CCCCC4)CC3)C2)CC1
C1CCC(C2CCCCC2)CC1
C1CCC(CC2CC(CC3CCCC(C4CCCCC4)C3)C3CCCCC23)CC1
C1CCC(CCCC2CCC(C3CCCCC3C3CCCC3)CC2)CC1
C1CCC(C2CCCCC2C2CCC3C(CCC4CCCC4)CCC3C2)CC1
C1CCC(CC2CCC(C3CCC(CC4CCCCC4)CC3)CC2)CC1
C1CCC(CC2CCCCC2C(C2CCCCC2)C2CCCCC2CCCC2CCC(C3CCCC3)CC2)CC1
C1CCC(C2CCCCC2C2CCC(C3CCC(C4CCC5CCCCC5C4)CC3)CC2)CC1
C1CCC(CC2CCCCC2)CC1
C1CCC(CC2CCC(CC3CCCC3C3CCC4C(CCC5CC5)CCCC4C3)CC2)CC1
C1CCC(C2CCCC(CC3CCCC(C4CCCC(C5CCCCC5)C4)C3)C2)CC1
C1CCC(C2CCC(C3CCC(CC4CCCC4)CC3)CC2)CC1
C1CCC(CC2CCC(C3CCCCC3)CC2)CC1
C1CCC(CC2CC(C3CCCCC3)C3CC(CC4CCC5CCCC5C4)CCC23)CC1
C1CCC(CCC2CCC(C3CCC4CCCCC43)CC2)CC1
C1CCC(C2CCC(CC3CC(C4CCCC(C5CCC6CCCC6C5)C4)C4CCCCC34)CC2)C1
C1CCC(C2CCC(CC3CCCC(C4CCCCC4)C3)CC2)CC1
C1CCC(C2CCCC(C3CCCC4CCCCC43)C2)CC1
C1CCC(CC2CCC3CC(C4CCC(C5CC5)CC4)CCC3C2)CC1
C1CCC(C2CC(C3CCCCC3)C3CCCCC23)CC1
C1CCC(CCC2CCC(C3CCCC(C4CCCCC4)C3)CC2)CC1
C1CCC(C2CCCCC2C2CCC(C3CCC(CCC4CC4)CC3)CC2C2CCCC2)CC1
C1CCC(CCCC2CCC(C3CCCC(C4CCCCC4)C3)CC2)CC1
C1CCC(C(C2CCCCC2)C2CCCCC2)CC1
C1CCC(CC2CCC(CCCC3CCC(C4CCCCC4)C(C4CCCC4)C3)CC2)CC1
C1CCC(C2CCCC(C3CCCC(C4CCC5CCCCC5C4)C3)C2)CC1
C1CCC(CC2CCC(C3CCCCC3)CC2)CC1
C1CCC(C2CCC(CC3CCCCC3C3CCC(C4CCCC4)CC3)CC2)CC1
C1CCC(CC2CCCC(C3CC(CC4CCCCC4)CC(C4CCC4)C3)C2)CC1
C1CCC(CCC2CCC(CC3CCCCC3)CC2)CC1
C1CCC(CCC2CCCC(C3CCC(C4CCCC(C5CCCCC5)C4)CC3)C2)CC1
C1CCC(C2CCCC(C3CCCCC3)C2)CC1
C1CCC(C2CC(CC3CCC(C4CCCC4)CC3)C3CCCCC32)CC1
C1CCC(CC2CCC(CC3CCCCC3C3CCCC3)CC2)CC1
C1CCC(CC2CCCC(CC3CCCCC3C3CCCCC3)C2)CC1
C1CCC(CC2CCC(C3CCC4CCCCC43)CC2)CC1
C1CCC(C2CCCC(C3CCCCC3)C2)CC1
C1CCC(CC2CCC(C3CCCC(C4CCCC4)C3)CC2)CC1
C1CCC(CC2CCCCC2C2CCC(C3CCC(C4CCCCC4)CC3)CC2)CC1
C1CCC(C2CCCCC2C2CCCC(C3CCCCC3C3CCCCC3)C2)CC1
C1CCC(CC2CCC(CC3CCC(CCC4CC5CCCCC5C4)CC3)CC2)CC1
C1CCC(C2CCCC(C3CCC(CC4CC4)CC3)C2)CC1
C1CCC(CC2CCC(CC3CCC(CCCC4CCC5CCCC5C4)CC3)CC2)CC1
C1CCC(CC(CC2CCC3CCCC3C2)C2CCCC(C3CCCC3)C2)CC1
C1CCC(CCC2CCC(CCC3CCCCC3)CC2)CC1
C1CCC(CC2CC(C3CCCCC3CC3CCCCC3)C3CCCCC23)CC1
C1CCC(CCC2CC3CCC(C4CCCCC4)CC3C(C3CCCCC3)C2)CC1
C1CCC(CC2CCC3C(CC4CCCCC4)CC(C4CCCCC4)C3C2)CC1
C1CCC(C2CCCC(CCCC3CCCC4CCCCC43)C2)CC1
C1CCC(C2CCCCC2C2CCCCC2)CC1
C1CCC(C2CCC(C3CCC(C4CCCCC4)C(C4CCCCC4)C3)CC2)CC1
C1CCC(CC2CCCC(C3CCC(C4CCCC4)CC3)C2)CC1
C1CCC(CCCC2CCC(CC3CCCCC3)CC2)CC1
C1CCC(CCCCCC2CCC(C3CCCCC3)CC2)CC1
C1CCC(C2CCC(C3CCCCC3C3CCCCC3)CC2)CC1
C1CCC(C2CCCC(C3CCCC(CC4CCC5CCCCC54)C3)C2)CC1
C1CCC(CC2CCCCC2CC2CCC(C3CCCC3)CC2)CC1
C1CCC(CCC2CC(C3CCC(C4CCCC(C5CCC5)C4)CC3)C3CCCCC23)CC1
C1CCC(CC2CCCC(C3CCCC(C4CCC(C5CCCCC5)CC4)C3)C2)CC1
C1CCC2CC(C3CCC(C4CCCC(C5CCC6CCCCC65)C4)CC3)CCC2C1
C1CCC(CC2CCC(C3CCCC(CC4CCC5CCCCC5C4)C3)CC2)CC1
C1CCC(CCCCC2CCC(CCCC3CCC(C4CCCC4)CC3)CC2)CC1
C1CCC(C2CCCC(CC3CCCCC3C3CCCCC3)C2)CC1
C1CCC(C2CCC3CCCC3C2)CC1
C1CCC(C2CCCC(C3CCCC(C4CCCC4)C3)C2)CC1
C1CCC(CCCC2CCCC(C3CCCCC3C3CCCCC3)C2)CC1
C1CCC(CC2CCC(CCC3CCCC(C4CCCCC4)C3)CC2)CC1
C1CCC(C2CCCC(C3CCCCC3)C2)CC1
C1CCC(C2CCC(C3CCCCC3C3CCCCC3)C2)CC1
C1CCC(CC2CCCCC2CC2CCCCC2C2CCC3C(CCCC3C3CCCCC3)C2)CC1
C1CCC(C2CCC3C(CCCC3C3CCCCC3)C2)CC1
C1CCC(CC2CCC(CC3CCCCC3)CC2)CC1
C1CCC(C2CCCCC2C2CCC3CCCC3C2)CC1
C1CCC(C2CC(C3CCC(CCC4CC5CCCCC5C4)CC3)C3CCCCC23)CC1
C1CCC(CC2CCC(CCCC3CCC(C4CCCCC4)CC3)CC2)CC1
C1CCC(CC2CCC(CC3CCCCC3)CC2)CC1
C1CCC(CC2CCCCC2C2CCCCC2C2CCCCC2)CC1
C1CCC(CC2CCCCC2)CC1
C1CCC(CC2CCC(C3CCC(C4CCCCC4)CC3)CC2)CC1
C1CCC(CC2CCCC(CC3CCCCC3C3CCCC3)C2)CC1
C1CCC(C2CCC(CCCCC3CCCC3)CC2C2CCCCC2)CC1
C1CCC(CCCCC2CCCCC2CC2CCCCC2CCC2CCCCC2)CC1
C1CCC(CC2CCCCC2CC2CCCC(C3CCCCC3)C2)CC1
C1CCC(CCC2CCC(CC3CCC(CC4CC5CCCCC5C4)CC3)CC2)CC1
C1CCC(CC2CCC3C(CC4CCCCC4)CCC3C2)CC1
C1CCC(C2CCC(C3CCCC3)C(C3CCCC3)C2)CC1
C1CCC(CCC2CCCC(CC3CCCCC3)C2)CC1
C1CCC(C2CCCC3CCC(C4CCC5CCCCC54)CC32)CC1
C1CCC(CCC2CCC(CCCC3CCCC(C4CCCC(CC5CCCC5)C4)C3)CC2)CC1
C1CCC(C2CCCC(C3CCCC(C4CC5CCCCC5C4)C3)C2)CC1
C1CCC(CC2CCC(CC3CCC(C4CCC(C5CCCC5)CC4)CC3)CC2)CC1
C1CCC(CC2CCCC(CCCC3CCCC(C4CCCC(C5CCCC5)C4)C3)C2)CC1
C1CCC2CC(C3CCC(C4CCC5CCCCC54)CC3)CC2C1
C1CCC(CC2CCCC(C3CCCCC3)C2)CC1
C1CCC(C2CCC(CCC3CCC(CC4CCC(C5CC5)CC4)CC3)CC2)CC1
C1CCC(C2CCC(C3CCCC(C4CCCCC4)C3)CC2)CC1
C1CCC(CCCC2CC(CC3CCCCC3)C3CCC(CC4CCCCC4)CC23)CC1
C1CCC(CC2CCC(C3CCCCC3)CC2C2CCCC2)CC1
C1CCC(CC2CCC(C3CCC3)CC2)CC1
C1CCC(C2CCCC(C3CCCC(C4CCCCC4)C3)C2)CC1
C1CCC(CCCC2CC(CC3CCCCC3)C3CCCCC23)CC1
C1CCC(CCC2CCCC(C3CCCCC3)C2)CC1
C1CCC(C2CCCC(C3CCCCC3CC3CC4CCCCC4C3)C2)CC1
C1CCC(CCC2CC(C3CCCC3)CC(C3CCC(C4CCCCC4)CC3)C2)CC1
C1CCC(CCCC2CCC(C3CCCCC3)CC2C2CCC3CCCC3C2)CC1
C1CCC(C2CCC(C3CCC(CC4CCCCC4C4CCC5CCCC5C4)CC3)CC2)CC1
C1CCC(CC2CCC(CC3CCCC3)CC2CC2CCCC2)CC1
C1CCC(CCC2CCCC(C3CCCCC3)C2)CC1
C1CCC(CCC2CCC(C3CCCCC3)C(CC3CCCCC3)C2)CC1
C1CCC(CC2CCCCC2CC2CCC(C3CCCCC3)CC2)CC1
C1CCC(CCCC2CCC3CCC(CCC4CCCC5CCCCC54)CC3C2)CC1
C1CCC(C2CCC(CC3CCC(C4CCCCC4C4CCCC4)CC3)CC2)CC1
C1CCC(CC2CCC(C3CCCCC3)CC2)CC1
C1CCC(CC2CCC(C3CCCC(C4CCCC(C5CCC6CCCCC65)C4)C3)CC2)CC1
C1CCC(CCCC2CCC3CC(C4CCC5CCCCC54)CCC3C2)CC1
C1CCC(C2CCC(C3CC(C4CCCCC4)CCC3C3CCCCC3)CC2)CC1
C1CCC(C2CCCC(C3CCCCC3)C2)CC1
C1CCC(CCC2CCC(CC3CCC(CC4CC4)CC3)CC2)CC1
C1CCC(CC2CCCCC2C2CCC(C3CCC(C4CCCCC4)CC3)CC2)CC1
C1CCC(CC2CCC(CCC3CCC(C4CCCCC4)CC3)CC2)CC1
C1CCC(CC2CCCC(CC3CCC(CCC4CC4)CC3)C2)CC1
C1CCC(C2CCC(C(CC3CCCC3)C3CCCCC3)CC2)CC1
C1CCC(C2CCCCC2C2CCCC(C3CC3)C2)CC1
C1CCC(CC2CCC(CC3CCC(C4CCCC(C5CCCCC5)C4)CC3)CC2)CC1
C1CCC2CC(C3CCCC(C4CC5CCCCC5C4)C3)CCC2C1
C1CCC(C2CCCCC2CC2CCCC(C3CC4CCCCC4C3)C2)CC1
C1CCC(C2CCCCC2C2CCC(CCC3CCCC3)CC2)CC1
C1CCC(CC2CCCC(C3CCCC(CC4CCC4)C3)C2)CC1
C1CCC(C2CCC(C3CCCCC3C3CCCC(CCC4CCC5CCCCC54)C3)CC2)C1
C1CCC(CC2CCC(CC3CCC(C4CCCC(C5CCCC5)C4)CC3)C2C2CCCC2)CC1
C1CCC(CC2CCC(CCC3CCC(C4CCCCC4)CC3)CC2)CC1
C1CCC(CC2CCC(C(C3CCCCC3)C3CCCC4CCCCC43)CC2)CC1
C1CCC(CCC2CCC(CC3CCCCC3)CC2)CC1
C1CCC(CCCC2CCCC(CC3CCC(CCCCC4CC4)CC3)C2)CC1
C1CCC(C2CCCCC2C2CCCCC2)CC1
C1CCC(CCC2CCCCC2C2CC3CCC(C4CCCC4)CC3C(C3CCCCC3)C2)CC1
C1CCC(CCCC2CCC(C3CCCCC3C3CCCC3)CC2)CC1
C1CCC(C(CCCC2CCC(CC3CCC(CC4CC4)CC3)CC2)C2CCCCC2)CC1
C1CCC(CC2CCC(CCC3CCC(CCCCCC4CC5CCCCC5C4)CC3)CC2)CC1
C1CCC(C2CCC(CCC3CCCC(CC4CCCCC4C4CCCCC4)C3)CC2)CC1
C1CCC(C2CCCC(C3CCCCC3)C2)CC1
C1CCC(CC2CC(CC3CCCCC3)CC(C3CCCC3)C2)CC1
C1CCC(CCC2CCCC(C3CCC4C(CCCC4C4CCCC4)C3)C2)CC1
C1CCC(CC2CCC(CC3CCC(C4CCCC4)C3)CC2)CC1
C1CCC(C2CCC(CC3CCC(C4CCC5CCCC5C4)CC3)CC2)CC1
C1CCC(C2CCCC(C3CCC(CCC4CCC5CCCC5C4)CC3)C2)CC1
C1CCC(CC2CC3CCCCC3C(C3CCCCC3)C2)CC1
C1CCC(C2CCC(CCC3CCC(CC4CC5CCCCC5C4)CC3)CC2)C1
C1CCC(CC2CCCCC2C2CCCC(C3CCCCC3)C2)CC1
C1CCC(CCC2CCCC(C3CCCCC3C3CCCCC3)C2)CC1
C1CCC(CCCC2CCCCC2CC2CCCCC2)CC1
C1CCC(CC2CCC(C3CCCCC3)CC2)CC1
C1CCC(CCCCCC2CCC(CC3CCC(C4CCCCC4)CC3)CC2)CC1
C1CCC(CCC2CCC(C3CCCCC3)CC2)CC1
C1CCC(CC2CCC(CCC3CCCC(C4CCCCC4)C3)CC2C2CCCC2)CC1
C1CCC(CCCCC2CCCC(C(CC3CCCCC3)CC3CCCCC3)C2)CC1
C1CCC(C2CCC(CC3CCCC(CCC4CCCC(CC5CCCC5)C4)C3)CC2)CC1
C1CCC(C2CC(CCC3CCC4CCCCC4C3)CC(C3CCCC3)C2)CC1
C1CCC(C2CCCCC2)CC1
C1CCC(CC2CCCC(CC3CCCCC3)C2)CC1
C1CCC(CC2CCC(C3CCCC(CC4CCCCC4)C3)CC2)CC1
C1CCC(CC2CCC(C3CCCCC3)C(CCCC3CCCCC3CC3CCCC3)C2)CC1
C1CCC(CC2CCCC(C3CCCC(CC4CC4)C3)C2)CC1
C1CCC(CC2CCCC(C3CC(CC4CCCC(C5CCC6CCCCC6C5)C4)C4CCCCC43)C2)CC1
C1CCC(CCC2CCCC(C3CCCC(C4CCC5CCCC5C4)C3)C2)CC1
C1CCC(C2CC(C3CCC4CCCCC43)CC3CCC(C4CCC5CCCC5C4)CC32)CC1
C1CCC(C2CCCC(C3CCC(C4CCC5CCCCC5C4)C4CCCCC34)C2)CC1
C1CCC(C2CCC(C3CCCCC3C3CCCCC3)CC2)CC1
C1CCC(C2CCC(CC3CCC(CC4CCCC(CCC5CCCC(C6CC6)C5)C4)CC3)CC2)CC1
C1CCC(C2CCC(C3CCCC(C4CC(CC5CC5)C5CCCCC54)C3)CC2)CC1
C1CCC(CC2CCC(CC3CCC(C4CC4)CC3)CC2)CC1
C1CCC(CC2CCC3CCC(C4CCCC(C5CCCCC5)C4)C3C2)CC1
C1CCC(CC2CC(C3CCCC(CC4CCC5CCCC5C4)C3)C3CCCCC23)CC1
C1CCC(CC2CCCCC2C2CCCCC2C2CCCCC2C2CCCCC2)CC1
C1CCC(CCCC2CCCCC2C2CCCCC2)CC1
C1CC(CCC2CCC3CCCCC32)CC(CC2CCC(C3CCCC3)CC2CC2CCCC2)C1
C1CCC(C2CCC(CCC3CCC4CC(C5CCCCC5)CC(C5CCCCC5)C4C3)CC2)CC1
C1CCC(CC2CC(C3CCCCC3C3CCCCC3)C3CCCCC23)CC1
C1CCC(C2CCCC(C3CCC(CC4CC5CCCCC5C4)CC3)C2)CC1
C1CCC(C2CCC3C(CCCC3C3CCCC(C4CCC5CCCCC54)C3)C2)CC1
C1CCC(CCCC2CCC3CC(C4CCCCC4)CCC3C2)CC1
C1CCC(CC2CCC(C3CCCC(C4CCCCC4)C3)CC2)CC1
C1CCC(CC2CCCC(C3CC(C4CCC5CCCCC5C4)CC4CCCCC43)C2)C1
C1CCC(C2CC(C3CCCCC3)CC(C3CCCCC3)C2)CC1
C1CCC(CC2CCC(C3CCCCC3)CC2)CC1
C1CCC(CC2CCC(CCCCCC3CCC4CCCCC34)CC2)CC1
C1CCC(CCC2CCCCC2CC2CCCC(C3CCCCC3)C2)CC1
C1CCC(CC2CCCC(CC3CCCC(CCC4CCCC4)C3)C2)CC1
C1CCC(CC2CCC3CC(C4CCCCC4)CCC23)CC1
C1CCC(CC2CCC(C3CCCC(CC4CCCCC4)C3)CC2)CC1
C1CCC(CCC2CCCC(C3CCCCC3)C2)CC1
C1CCC(C2CCCC(C3CCCC(C4CCC4)C3)C2)CC1
C1CCC(CC2CCC(C3CCC4CCCCC43)CC2)CC1
C1CCC(CC2CCCC(CCC3CC4CCCCC4C3)C2)CC1
C1CCC(C2CCCC(CC3CCC(CC4CCC(C5CCC(C6CCCC6)CC5)CC4)CC3)C2)CC1
C1CCC(C2CCCC(C3CCCC(C4CCCCC4)C3)C2)CC1
C1CCC(CC2CCC(C3CCCCC3CC3CCCCC3)CC2)CC1
C1CCC(CC2CCCCC2)CC1
C1CCC(CCC2CCC(C3CCCCC3)C(C3CCCC3)C2)CC1
C1CCC(CC2CCCC(CC3CCC(C4CCC(C5CCCCC5)CC4)C(C4CCCCC4)C3)C2)CC1
C1CCC(C2CCC(C3CCCCC3)CC2)CC1
C1CCC(CCCC2CCCC3CC(C4CCCCC4CC4CCCCC4)CCC23)CC1
C1CCC(CCCC2CCC(CC3CCC(CC4CCCCC4)CC3)CC2)CC1
C1CCC(CCC2CCC(C3CCCCC3)CC2CC2CCCC2)CC1
C1CCC(CC2CCC(C3CCC(C4CCCCC4)CC3)CC2)CC1
C1CCC(C2CCC(C3CCCC(C4CCC(C5CCCCC5)C4)C3)CC2)CC1
C1CCC(CC2CCC(C3CC4CCC(CC5CCCCC5)CC4C(C4CCCCC4)C3)CC2)CC1
C1CCC(CCC2CCCCC2C2CCCCC2)CC1
C1CCC(C2CCCC(C3CCCC(C4CCCCC4)C3)C2)CC1
C1CCC(CC2CCC(CC3CCCCC3)C(C3CCCC3)C2)CC1
C1CCC(CC2CCC(C3CC(CC4CCCC4)C4CCCCC43)CC2)CC1
C1CCC(CCC2CC(CCC3CCCCC3)CC(CC3CCCCC3)C2)CC1
C1CCC(CC2CCC(CC3CCCC(C4CCCC4)C3)CC2)CC1
C1CCC(CC2CCCC(C3CC(CC4CCCCC4)CC(C4CC4)C3)C2)CC1
C1CCC(C2CCC(C3CCC(C4CCCCC4)CC3C3CCC4CCCC4C3)C(C3CCCCC3)C2)CC1
C1CCC(CC2CCCC(C3CC4CCCCC4C(C4CCCCC4)C3)C2)CC1
C1CCC(CC2CCC(CC3CCC(C4CCCCC4)CC3)CC2)CC1
C1CCC(CC2CC(CC3CCCCC3)CC(C3CCCC(C4CCCC(C5CCCC5)C4)C3)C2)CC1
C1CCC(CC2CCC(C3CCCCC3CC3CCCCC3)CC2)CC1
C1CCC(CC2CCCCC2C2CCCCC2)CC1
C1CCC(CCCC2CCCC(C3CCCCC3)C2)CC1
C1CC(CCC2CCC(C3CCC(CCCC4CC5CCCCC5C4)CC3)CC2)C1
C1CCC(C2CC(CC3CCCC4CCCCC43)CC(C3CCCC(C4CCCC4)C3)C2)CC1
C1CCC(CCC2CC(C3CCCCC3)C3CCC(CC4CCC5CCCCC5C4)CC23)CC1
C1CCC(CCC2CCCC(C3CCCC(CC4CCCCC4)C3)C2)CC1
C1CCC(CC2CCC(C3CCCCC3)C2)CC1
C1CCC(CCC2CC3CCC(C4CCCCC4)CC3C(C3CCCCC3)C2)CC1
C1CCC(CC2CCCC(CC3CCCC(CC4CCCCC4C4CCCCC4)C3)C2)CC1
C1CCC(CC(C2CCCCC2)C2CCC(C3CCCC3)CC2)CC1
C1CCC(CC2CCCCC2C2CCCCC2C2CCCCC2)CC1
C1CCC(C2CCCC(C3CC(C4CCCCC4)CC(C4CC4)C3)C2)CC1
C1CCC(CCCC2CCCCC2)CC1
C1CCC(CC2CC(C3CCCCC3)CC(C3CC3)C2)CC1
C1CCC(CC2CCCC(C3CCCC3)C2)CC1
C1CCC(CC2CC(C3CCCCC3)CCC2C2CCCC(C3CCCCC3)C2)CC1
C1CCC(CCCCC2CCC(CC3CCCCC3CC3CC4CCCCC4C3)CC2)CC1
C1CCC(C2CCCCC2C2CCCCC2)CC1
C1CCC(CC2CCC(CC3CCCCC3)CC2)CC1
C1CCC(CCC2CCCC(C(CC3CCCC3)C3CCC(C4CCCCC4)CC3)C2)CC1
C1CCC(CC2CCC(C3CCCC(C4CCCC4)C3)C(C3CCCCC3)C2)CC1
C1CCC(CCC2CC(C3CCC3)C3CC(CC4CCC(CC5CCCCC5)CC4)CCC23)CC1
C1CCC(CC2CCC(CC3CCC(CCC4CCC(C5CCCCC5)CC4)CC3)CC2)CC1
C1CCC(C2CCC(C3CCCCC3)CC2)CC1
C(CCCC1CCCC(CC2CCCC(C3CCCCC3)C2)C1)CCC1CC1
C1CCC(C2CCCCC2C2CCC(C3CCCCC3C3CCC(C4CCC(CCC5CC5)CC4)CC3)CC2)CC1
C1CCC(CC2CCCC(CCC3CCC(C4CCCCC4)CC3)C2)CC1
C1CCC(C2CC(CCCC3CCC(C4CCC4)CC3)CC(CC3CCCC(C4CCCC4)C3)C2)CC1
C1CCC(C2CCCC(C3CCCC(CC4CCCC(C5CCCC5)C4)C3)C2)CC1
C1CCC(CC2CCCCC2C2CCC3C(CCCC3C3CCCCC3)C2)CC1
C1CCC(CCC2CCC(C3CCCC(CC4CCCCC4)C3)C(CC3CCC(CCC4CC4)CC3)C2)CC1
C1CCC(CC2CCCCC2C2CCCC(C3CCCCC3C3CCC4CCCCC4C3)C2)CC1
C1CCC(CCCC2CCCC(C3CCCCC3)C2)CC1
C1CCC(CC2CCCC(C3CCCCC3)C2)CC1
C1CCC(CCC2CC(CC3CCCC(C4CCC5CCCCC54)C3)C(C3CCCCC3)C2)CC1
C1CCC(CCC2CCCC(C3CC(C4CCCCC4)CCC3CC3CCCCC3)C2)CC1
C1CCC(C2CCCC(CC3CCC(C4CC4)CC3)C2)CC1
C1CCC(C2CCCC(C3CCC(C4CCCCC4C4CCCC4)C(C4CCCCC4)C3)C2)CC1
C1CCC(C2CC(C3CCCCC3)CC(C3CCC3)C2)CC1
C1CCC(CC2CCC(CCCCC3CCCC(CC4CCCCC4)C3)CC2)CC1
C1CCC(CC2CCC(CC3CCCC(C4CCCCC4C4CCCCC4)C3)C2)CC1
C1CCC(CC2CCC(C3CCCCC3)CC2)CC1
C1CCC(CCC2CCCCC2C2CCC3CCCC3C2)CC1
C1CCC(C2CCC(C3CCC(C4CCCCC4)CC3)CC2)CC1
C1CCC(CCCC2CCC(C3CCCCC3)CC2CCCC2CCCCC2)CC1
C1CCC(CC2CCCC(CC3CCC4CCCCC43)C2)CC1
C1CCC(CCC2CCCC(C3CCCCC3)C2)CC1
C1CCC(CCC2CCCC(C3CCC(CC4CCC(CC5CCCCC5)CC4)CC3)C2)CC1
C1CCC(C2CCCC(CC3CCC(CCCCC4CCCC(C5CCC5)C4)CC3)C2)CC1
C1CCC(CC2CCCC(C3CCCCC3)C2)CC1
C1CCC(CCC2CCCC(CCC3CCC4CC(CC5CCCCC5)CCC4C3)C2)CC1
C1CCC(CCC2C(CCC3CCC(C4CCCCC4)C3)CCCC2CC2CCCCC2)CC1
C1CCC(CC2CCCC(CCC3CCCCC3C3CCCC3)C2)CC1
C1CCC(CCC2CC(C3CCCC(C4CCCCC4)C3)C3CCCCC23)CC1
C1CCC(CC2CCC(CC3CCCCC3)CC2)CC1
C1CCC(CC2CCCC(CCC3CCCC4CC(C5CCC6CCCCC6C5)CCC34)C2)CC1
C1CCC(CCC2CC(CCCCC3CCC(CC4CCCCC4)CC3)C3CCCCC23)CC1
C1CCC(CC2CC(C3CCCC(C4CCC(C5CCCCC5)CC4)C3)C3CCCCC23)CC1
C1CCC(CCC2CCCC(C3CCCCC3CC3CCCCC3)C2)CC1
C1CCC(C2CCCC(CC3CCCC(C4CCCCC4)C3)C2)CC1
C1CCC(CC2CCCC(C3CCCCC3CC3CCCCC3)C2)CC1
C1CCC(CC2CCCC(C3CCC(C4CC4)CC3)C2)CC1
C1CCC(C2CCCCC2)CC1
C1CCC(CCC2CCC(CC3CCCCC3)CC2)CC1
C1CCC(CCC2CCC(CC3CCC(CC4CCCCC4)CC3)CC2)CC1
C1CCC(C2CCCCC2C2CCCC(C3CCCC3)C2)CC1
C1CCC(C2CCC(C3CCCCC3C3CCCC3)CC2)CC1
C1CCC(C2CCC(C3CCCCC3)CC2)CC1
C1CCC(CC2CCC(C3CCCCC3)CC2)CC1
C1CCC(C2CC(CC3CCCC(CCCCC4CCCC4)C3)CC(C3CC3)C2)CC1
C1CCC(CCC2CCCC(C3CCCCC3)C2)CC1
C1CCC(CCCCCC2CCC(CC3CCC(C4CCCCC4C4CC4)CC3)CC2)CC1
C1CCC(CC2CCCC(CC3CCCCC3)C2)CC1
C1CCC(CCC2CCC(CCC(C3CCC3)C3CCCCC3CC3CCCCC3)CC2)CC1
C1CCC(CC2CCCCC2C2CCCCC2)CC1
C1CCC(CC2CCCC(C3CCCCC3)C2)CC1
C1CCC(CCCCCC2CCC(C3CCC(C4CC4)CC3)CC2)CC1
C1CCC(C2CCC(CCC3CCC(CC4CC4)C3)C(C3CCCCC3)C2)CC1
C1CCC(CCC2CCCC(C3CCCCC3)C2)CC1
C1CCC(CC2CCCC(C3CCCCC3)C2)CC1
C1CCC(CCC2CCC(CC3CCCCC3)CC2)CC1
C1CCC(C2CC(CC3CCC(CC4CCC4)CC3C3CC3)CC(C3CC3)C2)CC1
C1CCC(C2CCCC(C3CCCCC3)C2)CC1
C1CCC(C2CCCC(CC3CCC(CCC4CCCC(C5CCCC5)C4)CC3)C2)CC1
C1CCC(CC2CC(C3CCCCC3)C3CCCCC23)CC1
C1CCC(C2CCC(CC3CCCCC3C3CCCC(CC4CCC4)C3)C2)CC1
C1CCC(CC2CCC(C3CCCC(C4CCC5CCCCC5C4)C3)CC2)CC1
C1CCC(CC2CCC3CC(C4CCC5CCCCC54)CC(C4CCCCC4)C3C2)CC1
C1CCC(CC2CCC(C3CCCCC3)CC2)CC1
C1CCC(CCCC2CCC(C3CCCCC3)CC2)CC1
C1CCC(C2CCCC(CC3CCCCC3CC3CCCC(C4CCCC(C5CCCC5)C4)C3)C2)CC1
C1CCC(CCC2CCCCC2C2CCCCC2)CC1
C1CCC(CCCC2CCC(CC3CCCCC3)CC2)CC1
C1CCC(CCC2CCCC(CCC3CCC(C4CCCCC4)CC3)C2)CC1
C1CCC(CCCCC2CCC(C3CCCCC3)CC2)CC1
C(CCCC1CCCCC1)CCCC1CCCCC1
C1CCC(C2CCCCC2CC2CCC(CCC3CCC(C4CC4)CC3)CC2)CC1
C1CCC(CC2CCC(CCC3CCC(C4CCC(CCC5CCC(CC6CC6)CC5)CC4)CC3)CC2)CC1
C1CCC(CCC2CCC(CCCC3CCCCC3C3CCC4CCCC4C3)CC2)CC1
C1CCC(CC2CCC(CC3CCCCC3)CC2)CC1
C1CCC(CC2CCC(C3CCC4C(C5CCCC5)CC(C5CCC6CCCCC6C5)C4C3)CC2)CC1
C1CCC(CC2CCCC(C3CCCCC3)C2)CC1
C1CCC(C2CC(C3CCCCC3)C3CCCCC23)CC1
C1CCC(C2CCCC(C3CCCCC3C3CCCCC3)C2)CC1
C1CCC(C2CCCCC2)CC1
C1CCC(CC2CCC(C3CCCCC3)CC2)CC1
C1CCC(CCC2CCC(C3CCCC(C4CCCC4)C3)CC2)CC1
C1CCC(CCC2CCC(C3CCCCC3)CC2)CC1
C1CCC(CCCCCC2CCCC(C3CCCC(CC4CCCC4)C3)C2)CC1
C1CCC(C2CCCC(C3CCCC(CC4CCCC(C5CC5)C4)C3)C2)C1
C1CCC(C2CCC(C3CC(C4CC4)CCC3CC3CCCC(C4CCCC4)C3)C2)CC1
C1CCC(CC2CCC(CC3CCCC(C4CCC(C5CCCCC5)CC4)C3)CC2)CC1
C1CCC(CC2CCC(CC3CCC(C4CCCCC4)CC3)CC2)CC1
C1CCC(C2CCCCC2CCCC2CC(CC3CCCC3)C3CCCCC23)CC1
C1CCC(CC2CCC(C3CCC(C4CCCC4)CC3)CC2)CC1
C1CCC(CCC2CCC(CC3CCCCC3)CC2)CC1
C1CCC(C2CCCC(C3CCC4CCCC4C3)C2)C1
C1CCC(C2CCC(CC3CCCCC3C3CCC4CCCC4C3)CC2)C1
C1CCC(C2CCCC(CCC3CCC(CC4CCCC(C5CCCCC5)C4)CC3)C2)CC1
C1CCC(CC2CCCCC2C2CCCCC2)CC1
C1CCC(CC2CC(CC3CCCC(C4CCCCC4)C3)C3CCCCC23)CC1
C1CCC(CC2CCC(C3CCC(C4CCC(CC5CCCCC5)CC4)CC3)CC2)CC1
C1CCC(C2CCCC(C(C3CCCCC3)C3CCCCC3)C2)CC1
C1CCC(CC2CCC(C3CCCC(CC4CCCCC4)C3)CC2)CC1
C1CCC(CC2CCCC(CC3CCC4CCCC4C3)C2)CC1
C1CCC(CC2CCCCC2C2CCCCC2)CC1
C1CCC(CC2CCCC(CCCC3CCC(C4CCCCC4)C3)C2)CC1
C1CCC(CC2CCCCC2CC2CCC(C3CCCCC3)CC2)CC1
C1CCC(CCC2CCC(C3CCC(C4CCCCC4)CC3)CC2)CC1
C1CCC(C2CCCC(C3CCCC(C4CCCC(C5CCCCC5)C4)C3)C2)CC1
C1CCC(CCCCC2CCCC(C3CCC(C4CCCCC4)CC3)C2)CC1
C1CCC(CCCCC2CC(C3CCCC(C4CCCCC4)C3)C3CCCCC23)CC1
C1CCC(CC2CCC3C(CCCC3C3CCCC(C4CCC4)C3)C2)CC1
C1CCC(CC(C2CCCCC2)C2CCCC(C3CCC3)C2)CC1
C1CCC(CC2CCCCC2)CC1
C1CCC(CCC2CCCC(C3CCCC(CC4CCCCC4)C3)C2)CC1
C1CCC(C2CCCC(C3CC(C4CCCCC4)CC(C4CCC4)C3C3CCCCC3)C2)CC1
C1CCC(C2CCC(C3CCCC(CCC4CCC(C5CCC(C6CCCC6)CC5)CC4)C3)CC2)CC1
C(CC1CCCC(C2CCCC2)C1)CC1CCCC(C2CCCC2)C1
C1CCC(CC2CCC(C3CCCC(C4CCCCC4)C3)CC2)CC1
C1CCC(C2CCCC(CC3CCCC(C4CCCCC4)C3)C2)CC1
C1CCC(CCC2CCCC(C3CCCC(CC4CCCCC4)C3)C2)CC1
C1CCC(C2CCC(CC3CCC(C4CCCC4)CC3)CC2)CC1
C1CC2CCC(C3CCCCC3CC3CC(C4CCC(CCC5CC5)CC4)C4CCCCC34)CC2C1
C1CCC(CCCCC2CCC(CC3CCCCC3)CC2)CC1
C1CCC(CC2CCCC(C3CCCCC3CCC3CC4CCCCC4C3)C2)CC1
C1CCC(CC2CCC(C3CCCC(C4CCCCC4)C3)C(CC3CCCCC3)C2)CC1
C1CCC(CCCC2CCC(C3CCCCC3)CC2)CC1
C1CCC(CCC2CCC(C3CCCC(C4CCCCC4)C3)CC2)CC1
C1CCC(CC2CCCCC2)CC1
C1CCC(CC2CCC(CC3CCCC(CC4CCCCC4)C3)CC2)CC1
C1CCC(CC2CCCC(C3CC(CCCC(C4CCCCC4)C4CC4)CCC3C3CCC3)C2)CC1
C1CCC(CCC2CCC(CC3CCC(CC4CCCCC4)CC3)CC2)CC1
C1CCC(CC2CCC(C3CCC(CCC4CC5CCCCC5C4)CC3)CC2)CC1
C1CCC(C2CCCC(C3CCCC3C3CCCCC3C3CCC4CCCCC4C3)C2)C1
C1CCC2C(C1)CCC2C1CCC(CC2CC2)CC1
C1CCC(CC2CCC(CC3CCC(C4CCCC4)CC3)CC2CCCCC2CC3CCCCC3C2)CC1
C1CCC(CC2CCC(CCCC3CC4CCCCC4C3)CC2)CC1
C1CCC(CC2CCC3C(CC4CCCCC4)CC(CC4CCCC4)C3C2)CC1
C1CCC(CCC2CCCC(CC3CCC(CC4CC5CCCCC5C4)CC3)C2)CC1
C(CCCCC1CCC2CCCCC2C1)CCCC1CCC(CCC2CCCCC2)CC1
C1CCC(C2CCCC(C3CCCCC3C3CCC(C4CCCC4)CC3C3CCCC3)C2)CC1
C1CCC(CC2CCCC(CC3CCC(C4CCCCC4)CC3)C2)CC1
C1CCC(CC2CCC(C3CCC(C4CCCCC4C4CCCCC4)C3)CC2)CC1
C1CCC(CCC2CCCC(C3CCC(CCCC4CCC(C5CCCCC5)CC4)CC3)C2)CC1
C1CCC(CC2CCCC(C3CCCCC3C3CCC4CCCC4C3)C2)C1
C1CCC(CCCCCC2CCC(C3CCCCC3)CC2)CC1
C1CCC(C2CCCC(C3CCCC(CC4CCC(C5CCCCC5)CC4C4CCCC4)C3)C2)CC1
C1CCC(CC2CCC(C3CCCCC3C3CCCCC3)CC2)CC1
C1CCC(CC2CCCC(C3CCCC4CC(C5CCCCC5)CCC43)C2)CC1
C1CCC(CCCC2CCC(CC3CCC(C4CCCCC4)CC3)CC2)CC1
C1CCC(C2CCC3C(CCC4CCC(C5CCC6CCCC6C5)CC4)CCCC3C2)CC1
C1CCC(C2CCCC2CC2CCC(C3CCCC3)CC2)CC1
C1CCC(CC2CCCC(C3CCCCC3CC3CCCCC3)C2)CC1
C1CCC(C2CCCC(C3CCCC(C4CCCCC4)C3)C2)CC1
C1CCC(C2CCC(C3CC4CCCCC4C(C4CCCCC4)C3)CC2)CC1
C1CCC(CC2CCC(CC3CCCC4CC(C5CCCCC5CC5CCCCC5)CCC34)CC2)CC1
C1CCC(CCC2CCC(C3CCCCC3CC3CCCCC3)CC2)CC1
C1CCC(CC2CCC(C3CCC(CC4CCCCC4)C3)CC2)CC1
C1CCC(C2CCC(C3CC(C4CCCC(C5CCCC5)C4)C4CCCCC34)CC2)CC1
C1CCC(C2CCC(CCC3CCCC(C4CCCCC4)C3)CC2)CC1
C1CCC(C2CCCC(C3CC(C4CCCCC4)CCC3CCC3CCCC3)C2)CC1
C1CCC(CC2CCCC(CCC3CCC(CC4CCC(C5CCCCC5)CC4)CC3)C2)CC1
C1CCC(C2CCC(C3CCCCC3CC3CCCC3)CC2)CC1
C1CCC(CCCCC2CCCC(C3CCCCC3)C2)CC1
C1CCC(CC2CCCCC2C2CCCCC2)CC1
C1CCC(CCCCC2CC(C3CCCCC3)CC(C3CCCCC3)C2)CC1
C1CCC(CC2CCC(C3CCC(CC4CCCCC4)C3)CC2)CC1
C1CCC(CCC2CCCCC2CCCC2CCC(C3CC4CCCCC4C3)CC2)CC1
C1CCC(CCC2CCC(C3CCCCC3)CC2)CC1
C1CCC(CCC2CCC3CC(C4CCCCC4C4CCCCC4)CCC3C2)CC1
C1CCC(C2CCCC(C3CCCC(C4CCCCC4)C3)C2)CC1
C1CCC(C2CCCCC2CCC2CCC(CC3CCC(C4CCCC4)CC3)CC2)CC1
C1CCC(CC2CCC(CC3CCC(C4CC(C5CCCCC5)C4)CC3)CC2)CC1
C1CCC(CCC2CCCC(CC3CCC(C4CCCC4)CC3)C2)CC1
C1CCC(CC2CCCCC2C2CCCCC2)CC1
C1CCC(CCCC2CCC3CC(C4CCCCC4)CCC23)CC1
C1CCC(CCCC2CCCCC2)CC1
C(CCCC1CCC(CC2CCCCC2C2CCC3CCCC3C2)CC1)CCC1CCCCC1
C1CCC(CC2CCC(CC3CCC(CC4CCCCC4)CC3)CC2)CC1
C1CCC(C2CCC(CC3CCC(C4CCCC4)CC3)CC2)CC1
C1CCC(CCC2CCC(CC3CC4CCCCC4C3)CC2)CC1
C1CCC(CCC2CCC(CC3CCC4CCCC4C3)CC2)CC1
C1CCC(CCCCC2CCCCC2CC2CCC(CC3CCCCC3)CC2)CC1
C1CCC(C2CCC(C3CCCC(C4CCC4)C3)CC2C2CCCCC2)CC1
C1CCC(CCC2CCC(C3CCCCC3CC3CCCCC3)CC2)CC1
C1CCC(CC2CCC3C(C2)C(CC2CCC(C4CCCCC4)CC2)CC3C2CCCCC2)CC1
C1CCC(CCC2CCCC(CC3CCCCC3)C2)CC1
C1CCC(CC2CCCC(CC3CCCC(C4CCCCC4)C3)C2)CC1
C1CCC(CCCCC2CCC(C3CCC4CCCCC43)CC2)CC1
C1CCC2CC(C3CCC(CCC4CCC(C5CCC6CCCC6C5)CC4)C3)CCC2C1
C1CCC(C2CCCC(C3CCCCC3C3CCCCC3)C2)CC1
C1CCC(CC2CCCCC2C2CCCCC2)CC1
C1CCC(CCCC2CCCCC2C2CCCCC2)CC1
C1CCC(CC2CCC(CC3CC3)CC2)CC1
C1CCC(CCCC2CCCCC2)CC1
C1CCC(CCCC2CCC(C3CCCCC3CC3CCCCC3)CC2)CC1
C1CCC(CC2CC(C3CCCCC3)CC(C3CCCC(CC4CCCC4)C3)C2)CC1
C1CCC(CC2CCC(CC3CCCC(C4CCCCC4)C3)CC2)CC1
C1CCC(CC2CCCC(C3CCCC(C4CC4)C3)C2)CC1
C1CCC(C2CCC(CC3CCCC(C4CCC(C5CCCC5)C4)C3)CC2)CC1
C1CCC(CCCC2CCC(C3CCCCC3)CC2)CC1
C1CCC(CCC2CCC(C3CCCCC3)C(C3CCCCC3)C2)CC1
C1CCC(CC2CCCC(C3CCCCC3)C2)CC1
C1CCC(C2CCC(C3CCC(C4CCCCC4C4CCCCC4)C3)CC2)CC1
C1CCC(C2CCC(CCCC3CCC(C4CCCCC4)CC3)CC2)CC1
C1CCC(CC2CC(CCCCC3CCC(C4CCCCC4)CC3)C3CC(CCC4CCCC4)CCC23)CC1
C(CCCC1CCC(C2CCC(C3CC3)CC2)CC1)CCC1CCCCC1
C1CCC(C2CCCC(C3CCC(C4CCCC(C5CCCC5)C4)CC3)C2)CC1
C1CCC(CCCCC2CCCC(C3CCCCC3)C2)CC1
C1CCC(C2CCC(CC3CCCC(CCC4CCC5CCCCC54)C3)CC2)CC1
C1CCC(CC2CCC(CCC3CCC(C4CCCCC4C4CCCCC4)CC3)CC2)CC1
C1CCC(CCCC2CCCCC2C2CCCC(CC3CCCCC3)C2)CC1
C1CCC(C2CCC(C3CCCCC3C3CCC4CCCC4C3)C(C3CCCCC3)C2)CC1
C1CCC(CC2CC(C3CCCCC3)C3CCCC3C2C2CCCCC2C2CCCCC2)CC1
C1CCC(CCC2CCC(C3CCCC(C4CCC4)C3)CC2)CC1
C1CCC(CC2CCC3CC(C4CCCCC4)CCC3C2)CC1
C1CCC(CC2CCC(C3CCCC(CCC4CCC(CC5CCCCC5C5CCCC5)CC4)C3)CC2)CC1
C1CCC(C2CCC(CCC3CCCC3)CC2)CC1
C1CCC(C2CCC(C3CCC(CCC4CCC5CCCC5C4)CC3)CC2)CC1
C1CCC(CCC2CCC(C3CCCCC3)CC2)CC1
C1CCC(CCC2CCC(CC3CCCCC3)CC2)CC1
C1CC(C2CCC(C3CCCC(C4CCCCC4C4CCC5CCCCC5C4)C3)CC2)C1
C1CCC(C2CCCC(CC3CCCCC3C3CCCCC3)C2)CC1
C1CCC(CC2CCC(C3CCCCC3)CC2)CC1
C1CCC(CC2CCCC(CC3CCC4CC(CC5CCCCC5)CC(C5CCCC5)C4C3)C2)CC1
C1CCC(CC2CCC(CCCC3CCCC(CCC4CC5CCCCC5C4)C3)CC2)CC1
C1CCC(CCCC2CCC(C3CCCCC3)CC2)CC1
C1CCC(C2CCCCC2)CC1
C1CCC(CC2CC(CC3CCCC3)CCC2C2CCCC(C3CCCCC3)C2)CC1
C1CCC(CC2CCC(CC3CCCC(CC4CC5CCCCC5C4)C3)CC2)CC1
C1CCC(C2CCC(C3CC4CCCCC4C3)CC2)CC1
C1CCC(C2CCCC(C3CCC(CCC4CCC5CCCCC54)CC3)C2)CC1
C1CCC(C2CCC(CCC3CCCC(C4CCCCC4)C3)CC2)CC1
C1CCC(C2CCC(CC3CC(C(C4CCCCC4)C4CCCCC4)C4CCCCC34)CC2)CC1
C1CCC(CCC2CCCC(CC3CCCC3)C2)CC1
C1CCC(CCCC2CCCC(C3CCCC3)C2)CC1
C1CCC(C2CCCCC2C2CCC(C3CCC(CC4CCCC4)CC3)CC2)CC1
C1CCC(CC2CC(C3CCCCC3)C3CC(C4CCCCC4)CCC23)CC1
C1CCC(CC2CCC(CC3CCC(C4CCCCC4)CC3)CC2)CC1
C1CCC(CC2CCC(C3CCCC(C4CCC5C(CC6CCCC6)CCC5C4)C3)CC2)CC1
C1CCC(CC2CCCCC2C2CC(C3CCCCC3)CC(C3CCCC3)C2)CC1
C1CCC(CC2CCC(C3CCC(CC4CCCCC4)C3)CC2)CC1
C1CCC(C2CCCC(CCC3CCCCC3C(C3CCCCC3)C3CCCCC3)C2)CC1
C1CCC(CC(C2CCCCC2)C2CCCC(CCCC3CC3)C2)CC1
C1CCC(CC2CC3CCC(C4CCC(C5CC5)CC4)CC3C(C3CCCCC3)C2)CC1
C1CCC(C2CCCC(C3CCCCC3)C2)CC1
C1CCC(CCC2CCC(CC3CCCCC3)CC2)CC1
C1CCC(C2CCCC3CCC(C4CCCCC4C4CC4)CC32)CC1
C1CCC(CC2CCC(C3CCCC(C4CCCC(CC5CC6CCCCC6C5)C4)C3)CC2)C1
C1CCC(CC2CCCCC2C2CCCCC2)CC1
C1CCC(CCCCC2CCCC(CC3CCCCC3)C2)CC1
C1CCC(C2CCC(C3CCCCC3)C(C3CCC4CCCC4C3)C2)CC1
C1CCC(CC2CCC(CC3CCC(C4CCCCC4C4CC4)CC3)CC2)CC1
C1CCC(CC2CCC(C3CCCCC3)CC2C2CCCC2)CC1
C1CCC(C2CCCCC2)CC1
C1CCC(CCCCC2CCCC(C3CCCC(C4CCCCC4)C3)C2)CC1
C1CCC(CC2CCC(C3CCCCC3C3CCC4CCCCC43)CC2)CC1
C1CCC(CC2CCC(CC3CCCCC3)CC2)CC1
C1CCC(C2CCC(CC3CCCC(C4CCCCC4)C3)CC2)CC1
C1CCC(C2CCCC(CCC3CCC(CCCC4CC5CCCCC5C4)CC3)C2)CC1
C1CCC(CCC2CCC(CC3CCCCC3)CC2)CC1
C1CCC(C2CCCC(C3CCCCC3)C2)CC1
C1CCC(CC2CCC(C3CCCCC3C3CCCCC3)CC2CC2CCCCC2)CC1
C1CCC(CC2CCCC(C3CCCCC3CCC3CCC4CCCC4C3)C2)CC1
C1CCC(C2CCCCC2C2CCC3CCCCC3C2)CC1
C1CCC(C2CCCCC2)CC1
C1CCC(CCCCCC2CCC(CC3CCC(C4CCCC(CC5CC5)C4)CC3)CC2)CC1
C1CCC(CC2CCC(CC3CCC(C4CCC5CCCC5C4)CC3)CC2)CC1
C1CCC(CC2CCCC(C3CCCC(CC4CCCCC4)C3)C2)CC1
C1CCC(CC2CCC(CC3CCCCC3)CC2)CC1
C1CCC(CC2CCCCC2C2CCC(C3CCCCC3)CC2)CC1
C1CCC(CC2CCC(CC3CCCCC3)CC2)CC1
C1CCC(CCC2CCCC(C3CCC(C4CCC4)CC3)C2)CC1
C1CCC(C2CCC(C3CCC4CCCCC43)CC2C2CCCC2)CC1
C1CCC(CC(C2CC2)C2CCCC(CC3CCC(C4CCCCC4)CC3)C2)CC1
C1CCC(CC2CCCCC2)CC1
C1CCC(CCCC2CCC3CCCCC3C2)CC1
C1CCC(C2CCCCC2CC2CCC(CC3CCC(C4CCCC4)CC3)CC2)CC1
C1CCC(CCC2CCCC(CC3CCC4CCCCC4C3)C2)CC1
C1CCC(CC2CCC(C3CCC(C4CCCCC4)CC3)C(CC3CCCC3)C2)CC1
C1CCC(C2CCC(C3CCCC(C4CCCCC4)C3)CC2)CC1
C1CCC(CCC2CCCCC2C2CCCCC2)CC1
C1CCC(C2CCCC(CCC3CCCC(C4CCCC(C5CCC5)C4)C3)C2)CC1
C1CCC(CCC2CCCCC2C2CCCC(CC3CCCCC3)C2)CC1
C1CCC(C2CCC(C3CCC(C4CCCCC4)C3)CC2)CC1
C1CCC(CCCCC2CCC(C3CCCCC3)CC2)CC1
C1CCC(C2CCC(C3CCCCC3)C2)CC1
C1CCC(CC2CCC(C3CCC(C4CCCCC4)CC3)CC2)CC1
C1CCC(CC2CCC(CCCC(C3CCCCC3)C3CCC(C4CCCCC4)CC3)CC2)CC1
C1CCC(CCC2CCCC(CCC3CCCC4CCCCC43)C2)CC1
C1CCC(C2CCCC(C3CCCC(CCC4CCC5CCCC(C6CCCCC6)C5C4)C3)C2)CC1
C1CCC(CCC2CCC(C3CCCCC3)CC2)CC1
C1CCC(CCCC2CCC(C3CCCCC3)CC2C2CCCC2)CC1
C1CCC(CCC2CCC(C3CCCC(CCC4CCCCC4)C3)CC2)CC1
C1CCC(CC2CCC(C3CCCCC3)CC2)CC1
C1CCC(C2CCCC(CC3CCCC(CC4CCCC4)C3)C2)CC1
C1CCC(CCC2CCCC(CCC3CCCCC3C3CCCCC3)C2)CC1
C1CCC(C2CCC(C3CCCCC3)C(C3CCCCC3)C2)CC1
C1CCC(CC2CCCC(CC3CCCCC3C3CCCC3)C2)CC1
C1CCC(CCCC2CCC(CC3CCCCC3)CC2)CC1
C1CCC(CCCCCC2CCC(C3CCC(CC4CC4)CC3)CC2)CC1
C1CCC(C2CCCC3CC(C4CCCC(CC5CC6CCCCC6C5)C4)CCC32)CC1
C1CCC(C2CCCC(C3CCCCC3)C2)CC1
C1CCC(C2CCCC(CCC3CCCCC3CC3CC3)C2)CC1
C1CCC(C2CC(C3CCCCC3)CC(C3CCCC3)C2)CC1
C1CCC(C2CCC3CCCC3C2)CC1
C1CCC(CC2CCCCC2)CC1
C1CCC(CCCCC2CCCC(C3CCC4C(CCC4C4CCCCC4)C3)C2)CC1
C1CCC(C2CCCC(CC3CC(CCC4CC5CCCCC5C4)C4CCCCC34)C2)CC1
C1CCC(CC2CCCC(C3CCC(CC4CC5CCCCC5C4)CC3)C2)CC1
C1CCC(C2CCCC(CC3CCCC(C4CCCCC4)C3)C2)CC1
C1CCC(CCCC2CCCCC2C2CCC3C(CCCC3C3CCCCC3)C2)CC1
C1CCC(CC2CC(C3CCC4C(CCC4C4CCCCC4)C3)C3CCCCC23)CC1
C1CCC(CCCC2CCCC(CC3CCC4CCCCC43)C2)CC1
C1CCC(CC2CCC(C3CCCCC3)C(C3CCCCC3)C2)CC1
C1CCC(C2CCC(CCC3CCCC(CC4CCC(C5CCCCC5)CC4)C3)CC2)CC1
C1CCC(C2CCCC(C3CCCCC3C3CCCC3)C2)CC1
C1CCC(CC2CCCC(C3CCCCC3)C2)CC1
C1CCC(C2CCCC(CC3CCCC(C4CCCCC4)C3)C2)CC1
C1CCC(CC2CCCC(CC3CCCCC3)C2)CC1
C1CCC(C2CC(C3CCC(C4CCC(CCC5CC5)CC4)CC3)CC3CCCCC32)CC1
C1CCC(CCCC2CCC(CC3CCCCC3)CC2)CC1
C1CCC(CCCC2CCC(C3CCCCC3)CC2)CC1
C1CCC(C2CCCCC2C2CCCCC2C2CCCC2)CC1
C1CCC(C2CCC(C3CCC(C4CCCC4)CC3)CC2C2CCCC2)CC1
C1CCC(CCCC2CCC(C3CCCC(C4CCCCC4)C3)CC2)CC1
C1CCC(CCC2CCC(C(CC3CCC3)C3CCCC(C4CCCCC4)C3)CC2CC2CCCCC2)CC1
C1CCC(CC2CCCCC2C2CCCC(C3CCCCC3)C2)CC1
C1CCC(C2CCCCC2C2CCC3CCCCC3C2)CC1
C1CCC(CCC2CCC(C3CCC(C4CCCCC4)C3)CC2)CC1
C1CCC(C2CCCC(CCC3CCC(C4CCCC(C5CCCCC5)C4)CC3)C2)CC1
C1CCC(CC2CC(CCCC3CCC(C4CCCCC4)CC3)CC(C3CCCCC3)C2)CC1
C1CCC(C2CCCCC2C2CCCCC2)CC1
C1CCC(CC2CC(CC3CCC(C4CCCCC4)CC3)C3CCCCC23)CC1
C1CCC(C2CCC(C3CCCC(C4CCC5CCCC5C4)C3)CC2)CC1
C1CCC(CC2CCCCC2C2CCC3CCCCC3C2)CC1
C1CCC(CC2CCCC(CCCCCC3CCC(C4CCCCC4)CC3)C2)CC1
C1CCC(C2CCC(C3CCCCC3C3CCCCC3)C(C3CCC3)C2)CC1
C1CCC(CC2CCC(C3CCCCC3C3CCC4CCCC4C3)CC2)CC1
C1CCC(CCC2CCC3CC(C4CCC5CCCCC54)CC(C4CCCCC4)C3C2)CC1
C1CCC(CCC2CCC(C3CCCCC3)CC2)CC1
C1CCC(C2CCCC(C3CCC(CC4CC5CCCCC5C4)CC3)C2)CC1
C1CCC(CCC2CCC(CC3CCCC(CC4CC5CCCCC5C4)C3)CC2)CC1
C1CCC(CC2CCC(CC3CC(C4CCCC4)CCC3C3CCCCC3)CC2)CC1
C1CCC(C2CCC(CC3CCC(CC4CCCCC4C4CCCCC4)CC3)CC2)CC1
C1CCC(CC2CCC(C3CCC(C4CCCCC4)CC3)CC2)CC1
C1CCC(C2CCCC(C3CCCCC3)C2)CC1
C1CCC(C2CCCC(C3CCC(C4CCCCC4C4CC5CCCCC5C4)CC3)C2)C1
C1CCC(CC2CCC(C3CCCCC3)CC2)CC1
C1CCC(CC2CCC(CCC3CCC(C4CCCCC4)CC3)CC2)CC1
C1CCC(CCC2CCC(C3CC3)CC2C2CCCCC2)CC1
C1CCC(CC2CCC(CCC3CCCC(CC4CCCCC4)C3)CC2)CC1
C1CCC2CC(C3CCCCC3C3CCC(C4CCC5CCCCC54)CC3)CCC2C1
C1CCC(C2CC(C3CCC4C(CCC4C4CCCC4)C3)C3CCCCC23)CC1
C1CCC(CCC2CC(C3CCC(C4CCCCC4)CC3)C3CCCCC23)CC1
C1CCC(C2CCC(C3CCCCC3)C2)CC1
C1CCC(C2CCC(C3CCC(CC4CCC(C5CCCC5)CC4)CC3)CC2)CC1
C1CCC(C2CCC(C3CCCCC3)C(C3CC3)C2)CC1
C1CCC(C2CCC(C3CCCCC3)CC2)CC1
C1CCC(CCC2CCC(CC3CCC(C4CCCCC4)CC3)CC2)CC1
C1CCC(CC2CCC(CCC3CC4CCCCC4C3)CC2)CC1
C1CCC(CCCC2CCCCC2C2CCC3C(CCCC3C3CCC4CCCCC43)C2)CC1
C1CCC(CCCC2CCCC(C3CCCCC3)C2)CC1
C1CCC2C(C1)CCCC2C1CCC(CCC2CCC(CC3CC3)CC2)CC1
C1CCC(CC2CCC(CC3CCCCC3)CC2)CC1
C1CCC(CCCCC2CCCCC2)CC1
C1CCC(CCCCC2CCC(CC3CCCCC3)CC2)CC1
C1CCC(CCCC2CCC(CC3CCCCC3)CC2)CC1
C1CCC(CC2CC(C3CCCCC3)C3CCCCC23)CC1
C1CCC(CC2CCC(CC3CCCC(C4CCC5CCCCC5C4)C3)CC2)CC1
C1CCC(CCC2CCC(C3CCCCC3)CC2)CC1
C1CCC(CCC2CCCC(CCC3CCCCC3)C2CCC2CCCCC2)CC1
C1CCC(C2CCCC(C3CCC(C4CCCC4)CC3)C2)CC1
C1CCC(CCCC2CC(C3CC3)CCC2C2CCCCC2)CC1
C1CCC(CC2CCC(CC3CCCCC3)CC2)CC1
C1CCC(CC2CCC(CC3CCC(C4CCCC4)CC3)CC2)CC1
C1CC(C2CCCC(CC3CCC4CCCCC4C3)C2)C1
C1CCC(CC2CCCC(C3CCC(C4CCC5CCCCC54)CC3)C2)CC1
C1CCC(CC2CCCCC2C2CCCC(C3CCCCC3)C2)CC1
C1CCC(CC2CCC(C3CC(CC4CCC(C5CC5)CC4)C4CCCCC43)CC2)CC1
C1CCC(CCC2CCC(C3CCCCC3)CC2)CC1
C1CCC(CC2CCC(C3CCC(C4CCCCC4C4CCCC4)CC3)CC2)C1
C1CCC(CCCC2CC(CCC3CCCCC3)C3CCCCC23)CC1
C1CCC(CC2CCCC(CC3CCC3)C2)CC1
C1CCC(C2CCC(CCCC3CCC(C4CCCCC4)CC3)CC2)CC1
C1CCC(CC2CCCC(C3CCCC4CC(C5CCCCC5CCC5CC6CCCCC6C5)CCC43)C2)CC1
C1CCC(C2CCC(CC3CC(C4CC4)CCC3C3CCCCC3)CC2)CC1
C1CCC(CC2CCC(C3CCCC(C4CCC(CC5CCCC5)CC4)C3)CC2)CC1
C1CCC(C2CC(C3CCC(C4CCC(C5CCCCC5CC5CCCC5)CC4)CC3)C2)CC1
C1CCC(CC2CCC(C3CCCCC3C3CCCCC3)CC2)CC1
C1CCC(C2CC(C3CCCCC3)C3CCCCC23)CC1
C1CCC(CC2CCCC(C3CCCCC3CC3CCC(C4CCCCC4)CC3)C2)CC1
C1CCC(CC2CCCC(C3CCCCC3)C2)CC1
C1CCC(CCC2CC(CC3CCCCC3)CCC2CC2CCCCC2)CC1
C1CCC(CCC2CCC(C3CCC4CCCC4C3)CC2)CC1
C1CCC(CCCC2CCC(CCC3CCC(CCCC4CC5CCCCC5C4)CC3)CC2)C1
C1CCC(C2CCCCC2C2CCCCC2C2CCCCC2)CC1
C1CCC(CC2CCCCC2CC2CCC(CC3CCCCC3C3CCCCC3)CC2)CC1
C1CCC(C2CCCC(C3CCCCC3)C2)CC1
C1CCC(CC2CCC(CC3CCCCC3)CC2)CC1
C1CCC(CCCCC2CCCC(CC3CCCC(CC4CCCCC4)C3)C2)CC1
C1CCC(C2CCCC(C3CCCCC3)C2)CC1
C1CCC(CCC2CCC(C3CCCCC3)CC2)CC1
C1CCC(CCC2CCCC(CCC3CCCC(C4CCC5CCCC5C4)C3)C2)CC1
C1CCC(C2CCC3CC(C4CCCC(C5CCC5)C4)CCC32)CC1
C1CCC(C2CCCC(CCC3CCCCC3C3CCCCC3)C2)CC1
C1CCC(CC2CCCC(C3CC(C4CCCCC4)CC(C4CCCCC4)C3)C2)CC1
C1CCC(CC2CCCCC2CCC2CCC(C3CCC4CCCCC43)CC2)CC1
C1CCC(C2CCCC(C3CCCC(CC4CC4)C3)C2C2CCCCC2)CC1
C1CCC(CCC2CCC(C3CCCCC3C3CCCC3)CC2)CC1
C1CCC(CC2CCCC(C3CCC(CC4CC(C5CCCC(CC6CC7CCCCC7C6)C5)C5CCCCC45)CC3)C2)CC1
C1CCC(CC2CCCCC2CC2CCC(C3CCCCC3)CC2)CC1
C1CCC(C2CCC3CCC(C4CC5CCCCC5C4)CC3C2)CC1
C1CCC(C2CCC(CCC3CC4CCCCC4C3)CC2)CC1
C1CCC(CC2CCCC(C3CCCCC3)C2)CC1
C1CCC(C2CCCC(CC3CCCC(C4CCCCC4)C3)C2)CC1
C1CCC(C2CCCCC2CC2CCC(C34CC(C3)C4)CC2)CC1
C1CCC(CCC2CCC(CCC3CCCCC3)CC2)CC1
C1CCC(C2CCCC(C3CCCCC3C3CCCCC3)C2)CC1
C1CCC(C2CCC(C3CCCC(C4CCCC4)C3)CC2)CC1
C1CCC(CCCC2CCC(CCCC3CCC(C4CCCCC4)CC3)CC2)CC1
C1CCC(CC2CCC(C3CCCC(CC4CCCC(C5CCC5)C4)C3)CC2)CC1
C1CCC(C2CCCC(CC3CCC4CCCC4C3)C2)CC1
C1CCC(CC2CCC(C3CCC(CC4CCCC(CCC5CC5)C4)CC3)CC2)CC1
C1CCC(C2CC(C3CCCCC3)CC(C3CCCCC3C3CCC4CCCCC4C3)C2)CC1
C1CCC(C2CCCC(C3CCC(CCCCC4CCCC4)CC3)C2)CC1
C1CCC(CCCC2CCC(C3CCCC3)C2)CC1
C1CCC(CC(C2CCCCC2)C2CCCCC2)CC1
C1CCC(CCC2CCCC(C3CCCC(C4CCC5CCC(C6CCCCC6)CC5C4)C3)C2)CC1
C1CCC(CCC2CCCC3CC(C4CCCCC4CC4CCCC(CC5CCCCC5)C4)CCC23)CC1
C1CCC(CC2CCC(CCC3CCCCC3C3CCCCC3)CC2)CC1
C1CCC(C2CCC(CC3CCCC(CC4CCC5CCCCC54)C3)C2)CC1
C1CCC(CC2CC(C3CCCCC3)C3CC(C4CCCCC4)CCC23)CC1
C1CCC(CCCC(CCC2CCCCC2)C2CCC3CCCC3C2)CC1
C1CCC(CC2CCCC(CC3CCCC(C4CCCCC4)C3)C2)CC1
C1CCC(CC2CCC(CC3CCC(CC4CCCC(C5CCCCC5)C4)CC3)CC2)CC1
C1CCC(CCCC2CCC(C3CCCCC3)CC2)CC1
C1CCC(CCCC2CCCC(CC3CCCCC3)C2)CC1
C1CCC(CC2CCC(CCCCC3CCC(C4CC4)CC3)CC2)CC1
C1CCC(CC2CCC(C3CCCC3)CC2C2CCCCC2)CC1
C1CCC(CCCC2CCCC(CCC3CCCC(CC4CCCCC4)C3)C2)CC1
C1CCC(CC2CCC(C3CCCCC3)C(CC3CCCCC3)C2)CC1
C1CCC(CC2CC3CCC(C4CCCCC4)CC3C(C3CCCCC3)C2)CC1
C1CCC(CC2CC3CCC(C4CCCCC4)CC3C(C3CCCCC3)C2)CC1
C1CCC(CC2CC3CCCCC3C2)C(CCC2CCCC(C3CCC4CCCCC43)C2)C1
C1CCC(CC2CCC(CC3CCCCC3)CC2)CC1
C1CCC(C2CCCC(C3CCC(C4CCCC(C5CC5)C4)C(C4CCCC4)C3)C2)C1
C1CCC(CCC2CCC(CCC3CCCC(CC4CC(CC5CCCCC5)C4)C3)CC2)CC1
C1CCC(C2CCC(CCCC(C3CCC3)C3CCCC(C4CCCCC4)C3)CC2)CC1
C1CCC(CC2CCCC(C3CCC(CC4CCCC(C5CCCC5)C4)CC3)C2)C1
C1CCC(CC2CCC(CCC3CCC(C4CCC4)CC3)CC2)CC1
C1CCC(CCC2CCCC(C3CCC(C4CCC5CCCC5C4)CC3)C2)CC1
C1CCC(C2CCC(CC3CCCCC3C3CCCCC3)C2)CC1
C1CCC(CCCCC2CCC(CC3CCC4CCCC4C3)CC2)CC1
C1CCC(CC2CCCCC2C2CCC3C(CCCC3C3CCCCC3)C2)CC1
C1CCC(CC2CC(C3CCCCC3)C3CCCCC23)CC1
C1CCC(CC2CCC(CCC3CCCCC3CC3CCCCC3)CC2)CC1
C1CCC(CCC2CC(CCC3CCC(C4CCCCC4)C3)CCC2C2CCCC2)CC1
C1CCC(CCC2CC(CC3CCCCC3)CCC2CC2CCCCC2)CC1
C1CCC(CCC2CCC(C3CCC(C4CCCCC4)CC3)CC2)CC1
C1CCC(C2CCCCC2C2CCCC(C3CCCC3)C2)CC1
C1CCC(CCCC2CCC(CC3CCCCC3)CC2)CC1
C1CCC(C(C2CCCCC2)C2CCCCC2)CC1
C1CCC(C2CCCC(CC3CCC3)C2)CC1
C1CCC(C2CCC(CCCCC3CCCC(C4CCCC4)C3)CC2)CC1
C1CCC(CCC2CCCC(C3CCCC(C4CCCCC4)C3)C2)CC1
C1CCC(CC2CCC(C3CCCCC3)CC2)CC1
C1CCC(CCCC2CCC(C3CCCC(CCC4CCCCC4)C3)CC2)CC1
C1CCC(C2CCCC(C3CCCCC3)C2)CC1
C1CCC(CCC2CCC(CC3CCCC(C4CCCC4)C3)CC2)CC1
C1CCC(C2CCCC(C3CCC(C4CC4)CC3)C2)CC1
C1CCC(CCC2CCCC(C3CCCCC3CCCCC3CC4CCCCC4C3)C2)CC1
C1CCC(CC2CCC(CCC3CCC(C4CCCCC4)CC3)CC2)CC1
C1CCC(CCC2CCC3C(CC4CCCCC4)CC(CC4CCC(C5CCCCC5)CC4)C3C2)CC1
C1CCC(C2CCC(C3CC(CCCC4CCCC(C5CCCC5)C4)C4CCCCC43)CC2)CC1
C1CCC(CC2CCC(C3CCC(C4CCCCC4)CC3)CC2)CC1
C1CCC(C2CCCC(C3CCCC(C4CCC(C5CCCCC5C5CCCCC5)CC4)C3)C2)CC1
C1CCC(CCC2CCCC(C3CCCCC3)C2)CC1
C1CCC(CCC2CC(C3CCC4CCCCC4C3)C3CCCCC23)CC1
C1CCC(CC2CCC(CC3CCCCC3C3CC3)CC2)CC1
C1CCC(C2CCC(C3CCC(C4CCC5CCCC5C4)CC3)CC2)CC1
C1CCC(C2CCC(CC3CC4CCCCC4C3)CC2)CC1
C1CCC(CCCC2CCCC(CCC3CCC(CC4CCCCC4)CC3)C2)CC1
C1CCC(C2CCC(CC3CCC(CC4CCC5CCCCC54)CC3)CC2)CC1
C1CCC(CCC2CC3CCCCC3C(C3CCCCC3)C2)CC1
C1CCC(C2CCCC(CCC3CCC(C4CCC5CCCCC54)CC3)C2)CC1
C1CCC(C2CCCCC2C2CCC(CCC3CCCC3)CC2)CC1
C1CCC(C2CCC(CC3CCC(C4CCCCC4)CC3)CC2)CC1
C1CCC(CC2CCC(C3CCC3)CC2)CC1
C1CCC(C2CCCCC2CC2CCCCC2CC2CCCC2)CC1
C1CCC(CC2CCCC(C3CCCC4CC(C5CCCCC5)CCC43)C2)CC1
C1CCC(CCC2CCCCC2CC2CCC3CCCC(C4CCCCC4)C3C2)CC1
C1CCC(CC2CCC(C3CCCCC3)C(CC3CCCCC3)C2)CC1
C1CCC(CC2CCCCC2CC2CCCCC2)CC1
C1CCC(CC2CCCC(C3CC(CC4CCCCC4)C4CCCCC43)C2)CC1
C1CCC(CCC2CCC(C3CCCCC3)CC2)CC1
C1CCC(CCC2CCC(C3CCCC(CCC4CCCCC4)C3)CC2)CC1
C1CCC(C2CCCC(C3CCCC(C4CCCCC4)C3)C2)CC1
C1CCC(CCCC2CCC(CCC3CCC4CCCCC43)CC2)CC1
C1CCC(C2CCC(CC3CCC3)C(C3CCCCC3)C2)CC1
C1CCC(C2CCCC(C3CC(C4CCCCC4)CC(C4CCCCC4)C3)C2)CC1
C1CCC(CCC2CCCCC2C2CCCC2)CC1
C1CCC(C2CCCCC2C2CCC3C(CCCC3C3CCCCC3)C2)CC1
C1CCC(C2CCCCC2C2CCC(CC3CC4CCCCC4C3)CC2)CC1
C1CCC(CCC2CCCC(C3CCC(CC4CCC5CCCC5C4)CC3)C2)CC1
C1CCC(CC2CCCC(C3CC(C4CCC5CCCCC54)CC4CCC(C5CC5)CC43)C2)CC1
C1CCC(CCCC2CCC(CC3CCCCC3)CC2)CC1
C1CCC(CC2CCCC(CC3CC(C4CCCCC4)C4CCCCC34)C2)CC1
C1CCC(CC2CCCC(C3CCCCC3)C2)CC1
C1CCC(CCC2CCCC(C3CCCCC3)C2)CC1
C1CCC(CC2CCC(CC3CCCCC3)CC2)CC1
C1CCC(C2CCC(C3CCCC4CC(C5CCCCC5)CCC43)CC2)CC1
C1CCC(CC2CCC(CC3CCC(C4CCCCC4)CC3)CC2)CC1
C1CCC(CCCCC2CCCC(CC3CCCCC3C3CCCCC3)C2)CC1
C1CCC(CC2CCCC(CC3CCC(C4CCCCC4)CC3)C2)CC1
C1CCC(CC2CCC(C3CCC3)C(CC(CCC3CCC(C4CCCCC4)CC3)C3CCCCC3)C2)CC1
C1CCC(CC2CCC(CC3CCC(C4CCCCC4)CC3)CC2)CC1
C1CCC(CC2CC(C3CCC(C4CCCC(C5CCC5)C4)CC3)C3CCCCC23)CC1
C1CCC(CCC2CCC(CC3CCCC(C4CCCCC4)C3)C2)CC1
C1CCC(CC2CCC(C3CCCCC3)CC2)CC1
C1CCC(CC2CCCC3CC(C4CCCCC4C4CCC5CCCC5C4)CCC23)CC1
C1CCC(CCC2CCC(C3CCCCC3C3CCC4CCCCC4C3)CC2)CC1
C1CCC(CC2CCCCC2)CC1
C1CCC(CCC2CCCC(C3CCCC(C4CCCCC4C4CCC(C5CCCCC5)CC4)C3)C2)CC1
C1CCC(CCC2CCCCC2C2CCCCC2)CC1
C1CCC(CC2CCC(C3CCCC(C4CCCCC4)C3)CC2)CC1
C1CCC(CC2CCCC(CCCCC3CC4CCCCC4C3)C2)CC1
C1CCC(C2CCC(CC3CCC(C4CCCC(C5CCC6CCCCC65)C4)CC3)CC2)CC1
C1CCC(CCC2CCCCC2C2CCC3CCCC3C2)CC1
C1CCC(CCC2CCCC(C3CCC4CCCCC43)C2)CC1
C1CCC(CC2CCC(C3CCCC(C4CCC5CCCC5C4)C3)C(CC3CCCCC3)C2)CC1
C1CCC(CCC2CCC(C3CCCCC3CC3CCCCC3)CC2)CC1
C1CCC2CC(CC3CCCCC3CC3CCCC4CCCCC43)CC2C1
C1CCC(C2CCC(CC3CCCC(C4CC5CCCCC5C4)C3)CC2)CC1
C1CCC(CCCCC2CCC(CCC3CCCC(C4CCCCC4)C3)CC2)CC1
C1CCC(CCCCC2CC(C3CCCCC3)CCC2C2CCCCC2)CC1
C1CCC(CCC2CCCC(CC3CCC(C4CCCCC4)CC3)C2)CC1
C1CCC(CCC2CCCCC2C2CCCC(C3CCCCC3)C2)CC1
C1CCC(C2CCC(CC3CCCC(C4CCCCC4)C3)CC2)CC1
C1CCC(CCC2CCCC(CCC3CCCCC3)C2)CC1
C1CCC(C2CCCCC2C2CCCCC2C2CCC3CCCC3C2)CC1
C1CCC(CC2CC(CC3CCC(C4CCCCC4)CC3)C3CCCCC23)CC1
C1CCC(CC2CCC(CC3CCC(CC4CCCCC4)CC3)CC2)CC1
C1CCC(C2CCC(C3CCC4CCCCC4C3)C(C3CCC4CCCC4C3)C2)CC1
C1CCC(CC2CCCCC2)CC1
C1CCC(C2CCC(C3CCC(CCC4CCC5CCCCC5C4)CC3)CC2)CC1
C1CCC(CCC2CCCC(C3CCCCC3)C2)CC1
C1CCC(CC2CCCC(C3CC(CCC4CCCC4)CC3C3CC4CCCCC4C3)C2)CC1
C1CCC(CCCCCC2CC(CC3CC3)CCC2C2CCCC(C3CCC3)C2)CC1
C1CCC(CC2CCC3C(C4CCCCC4)CC(C4CCCCC4)C3C2)CC1
C1CCC(CC2CCCC(CCC3CCCCC3CC3CCCCC3)C2)CC1
C1CCC(CC2CCC(C3CCCC(C4CCCCC4)C3)C(C3CCCCC3)C2)CC1
C1CCC(CC2CCC(CC3CCC(CC4CC5CCCCC5C4)CC3)CC2)CC1
C1CCC(CC2CCC(C3CCCCC3)CC2)CC1
C1CCC(C2CCC(C3CCCCC3C3CCC3)CC2)CC1
C1CCC(C2CCC(C3CCC(C4CCCC(CC5CCC(CC6CCC6)CC5)C4)CC3)CC2)CC1
C1CCC(CC(C2CCC(CCC3CC3)CC2)C2CC3CCCCC3C2)CC1
C1CCC(CC2CCC(CCCC3CCC(CCC4CCC5CCCCC54)CC3)CC2)CC1
C1CCC(CCC2CCC(CC3CCCCC3)CC2)CC1
C1CCC(CCCC2CCCCC2CC2CCC(CC3CCCCC3)CC2)CC1
C1CCC(CC2CCCC(C3CCCCC3)C2)CC1
C1CCC(CCC2CCC(C3CCCCC3)CC2)CC1
C1CCC(CC2CCC(C3CCCCC3)C(C3CCCCC3)C2)CC1
C1CCC(CC2CCCC(C3CCCCC3)C2)CC1
C1CCC(CCCC2CCC(C3CCC(C4CCC5CCCCC5C4)CC3)CC2)CC1
C1CCC(CC2CCCC(CC3CCCC(C4CCCCC4)C3)C2)CC1
C1CCC(C2CCC3CC(C4CCCCC4)CCC3C2)CC1
C1CCC(C2CCCC(C3CCCC(C4CCCCC4)C3)C2)CC1
C1CCC(CC2CCC(CCCC(C3CCCCC3)C3CCCCC3)CC2)CC1
C1CCC(C2CCC(CC3CCC(C4CCCCC4)CC3)CC2)CC1
C1CCC(C2CCCCC2CC(CC2CCCC3CCCCC32)C2CCC(C3CCCC3)CC2)CC1
C1CCC(C2CC(C3CCCCC3)C3CCCCC23)CC1
C1CCC(C2CCC(C3CCCCC3CC3CCC4CCCCC4C3)CC2)CC1
C1CCC(CCCC2CCC(CC3CCCCC3)CC2)CC1
C1CCC(CCC2CC(C3CCC(CC4CCCCC4)CC3)CCC2C2CCC2)CC1
C1CCC(CC2CCC(C3CCCCC3)CC2)CC1
C1CCC(CCC2CCCCC2C2CCCCC2)CC1
C1CCC(CC2CCCC(C3CCCC(C4CCCC(CC5CCCC5)C4)C3)C2)CC1
C1CCC(C2CCCC(CCC3CC4CCCCC4C3)C2)CC1
C1CCC(CC2CCCC(C3CCCCC3)C2)CC1
C1CCC(CCCC2CC(CC3CCCCC3)CC(C3CCCCC3)C2)CC1
C1CCC(CC2CCC(CC3CCC(C4CCCCC4)CC3)CC2)CC1
C1CCC(C2CCC(C3CCCCC3CC3CCCC3)C2)CC1
C1CCC(CC2CCCCC2C2CC(CC3CCC(C4CCCC(C5CCCCC5)C4)CC3)C3CCCCC32)CC1
C1CCC(CC2CCC(CCC3CCC(CC4CCCCC4)CC3)CC2)CC1
C1CCC(C2CCCCC2)CC1
C1CCC(CCC2CCCC(C3CCCCC3C3CCCC(CC4CCCCC4)C3)C2)CC1
C1CCC(CC2CCCCC2CCC2CC3CCCCC3C2)CC1
C1CCC(C2CCC(C3CCCCC3)C(C3CCC4C(CC5CC5)CCCC4C3)C2)CC1
C(CCCCC1CCC(C2CCCCC2)CC1CC1CCCCC1)CCCC1CCC(C2CCCCC2)CC1
C1CCC(CC2CCC(CC3CCCCC3)CC2)CC1
C1CCC(CCCC2CCCCC2CC2CCCCC2)CC1
C1CCC(CCC2CCCC2C2CCC(C3CCCCC3)CC2)CC1
C1CCC(CC2CCCC(CC3CCCC(C4CCCCC4)C3)C2)CC1
C1CCC(C2CCC(C3CCCC3)CC2C2CCCCC2)CC1
C1CCC(C2CCC(C3CCC4CCCCC4C3)C(C3CCC4CCCC4C3)C2)CC1
C1CCC(CCC2CCC3C(CCCC4CCC(C5CCCC5)C4)CCC3C2)CC1
C1CCC(C2CCCCC2C2CCC(C3CCCCC3)C2C2CCC3CCCC3C2)CC1
C1CCC(C2CCC(CC3CCC(C4CCCCC4)CC3)CC2)CC1
C1CCC(CCC2CCC(CCC3CCCC(CC4CCCC4)C3)CC2)CC1
C1CCC(C2CCC(CC3CCC(C4CCCCC4C4CCCC4)CC3)CC2)CC1
C1CCC(CCCC2CCC3CC(CC4CCCCC4)CC(C4CCCCC4)C3C2)CC1
C(CCCC1CCC(CC2CCCCC2)CC1)CCC1CCCCC1
C1CCC(CCCC2CC(C3CCCCC3)C3CCCCC23)CC1
C1CCC(C2CCC(CC3CCC(C4CC5CCCCC5C4)C(C4CCCC4)C3)CC2)CC1
C1CCC(CC2CCCC3CC(C4CCCCC4C4CCCCC4CC4CC5CCCCC5C4)CCC23)CC1
C1CCC(CC2CCCC(C3CCCC3)C2)CC1
C(CCC1CCCC(C2CCCCC2)C1)CCC1CCCC(C2CCCCC2)C1
C1CCC(C2CCC(C3CCCCC3)CC2)CC1
C1CCC(C2CCC(CCC3CC(CCC4CCCCC4C4CCCCC4)CC(C4CCC4)C3)CC2)CC1
C1CCC(C2CCCC(CC3CC4CCCCC4C3)C2)CC1
C1CCC(CC2CCC(C3CCCC(C4CCCCC4)C3)CC2)CC1
C1CCC(C2CCC(CC3CCCC(C4CCCC4)C3)CC2)CC1
C1CCC(CCC2CCC(C3CC(CC4CCC(C5CCCC5)CC4)C4CCCCC43)CC2)CC1
C1CCC(CC2CCC(C3CCCCC3)C(C3CCCC3)C2)CC1
C1CCC(C2CCCCC2C2CCC(CC3CCC(C4CCCC4)CC3)CC2)CC1
C1CCC(C2CCC(C3CCC(C4CCCC(C5CCCCC5)C4)CC3)CC2)CC1
C1CCC(CCC2CC(C3CCC4CCCCC43)CC3CCCCC32)C1
C1CCC(C2CCCC(C3CCCCC3C3CCCC(CC4CCCCC4C4CCCCC4)C3)C2)CC1
C1CCC(C2CCCCC2CCCC2CCCC(CC3CCC4CCCCC43)C2)CC1
C1CCC(CC2CCC(C3CCCCC3)CC2)CC1
C1CCC(CCC2CC(CC3CCCCC3)CC(C3CCCCC3)C2)CC1
C1CCC(C2CCCC(C3CCCCC3)C2)CC1
C1CCC(CCCCC2CCC(CC3CCC(CC4CCCCC4)CC3)CC2)CC1
C1CCC(CC2CCCC(CCC3CCC(C4CCC5CCCCC5C4)CC3)C2)CC1
C1CCC(CC2CCCC(C3CCCCC3)C2)CC1
C1CCC(CCC2CCC(C3CCCCC3)CC2)CC1
C1CCC(C2CC(C3CCCC3)CC3CCC(CC4CC5CCCCC5C4)CC32)CC1
C1CCC(CC2CCCC(C3CC4CCCCC4C(C4CC5CCCCC5C4)C3)C2)CC1
C1CCC(CCC2CCC(C3CCCC(CC4CCCCC4)C3)CC2)CC1
C1CCC(C2CCCC(C3CCCC(CC4CCC5CCCCC5C4)C3)C2)CC1
C1CCC(CC2CCC(CC3CCCCC3)CC2)CC1
C1CCC(CCCCCC(CCC2CCCCC2)C2CCCC(C3CCC3)C2)CC1
C1CCC(C2CCCC(CC3CCC(CC4CCCCC4C4CCCCC4)CC3)C2)CC1
C1CCC(CC2C(C3CCCCC3)CCC2C2CCC(C3CCCC3)CC2)CC1
C1CCC(CC2CCC(C3CCCC(CC4CC5CCCCC5C4)C3)CC2)CC1
C1CCC(CCC2CCC(CC3CCCCC3)CC2)CC1
C1CCC(CCCC2CC(CC3CCCCC3)CCC2CC2CCC(C3CCCCC3)C2)CC1
C1CCC(C2CCC(C3CCCCC3)C(C3CCCCC3)C2)CC1
C1CCC(CCC2CCCC(CC3CCC(CC4CCCCC4)CC3)C2)CC1
C1CCC(CCC2CCC(CC3CCC(CC4CCC(C5CCCCC5)CC4)CC3)CC2)CC1
C1CCC(CCCCC2CC(C3CCCCC3)C3CCCCC23)CC1
C1CCC(CC2CCC(CC3CCC(CC4CCCCC4)CC3)CC2)CC1
C1CCC(C2CCC(C3CCCC(C4CCCCC4)C3)CC2)CC1
C1CCC(CCC2CCC(CCCC3CCC(CCC4CCCCC4)CC3C3CCCCC3)CC2)CC1
C1CCC(CCC2CCCCC2C2CCC(CCC3CCCC(CC4CCCCC4)C3)CC2)CC1
C1CCC(C2CCCCC2C2CCC3C(CCCC3C3CCCCC3)C2)CC1
C1CCC(CCCCC2CC3CCC(CCC4CCCC4)CC3C(C3CCCCC3)C2)CC1
C1CCC(CC2CCC(CC3CCC(C4CCCCC4)CC3)CC2C2CCCCC2)CC1
C1CCC(C2CCC(CCC3CCCCC3C3CCC4CCCC4C3)CC2CCC2CC2)CC1
C1CCC(CC2CCCC(C3CCC(C4CCCC4)C(C4CCCC4)C3)C2)CC1
C1CCC(CCCC2CCCC(C3CCCCC3)C2)CC1
C1CCC(C2CCC(C3CCCC(CCC4CC5CCCCC5C4)C3)C(C3CCCCC3)C2)CC1
C1CCC(CC2CCCC(C3CCCCC3CCC3CC4CCCCC4C3)C2)CC1
C1CCC(CCCC2CCCCC2C2CCCCC2)CC1
C1CCC2CC(C3CCC(C4CC(C5CCC6CCCCC65)CC5CCCCC54)CC3)CCC2C1
C1CCC(CC2CCC(C3CCC(C4CCCCC4)CC3)C(C3CCCCC3)C2)CC1
C1CCC(CCCCCC2CCCC(CC3CC(CC4CCCCC4)CCC3CC3CCCCC3)C2)CC1
C1CCC(C2CCCC(C3CC(C4CCCCC4)CC(C4CCC4)C3)C2)CC1
C1CCC(CC2CCC(CC3CCC(C4CCCC(CC5CC5)C4)CC3)CC2)CC1
C1CCC(CC2CCC3C(CC4CCC(C5CCCC5)CC4)CC(CC4CCCCC4)C3C2)CC1
C1CCC(CC2CCC(C3CCCCC3CC3CCCCC3)CC2)CC1
C1CCC(CCC2CCC(CC3CCC(C4CCC(C5CCCCC5)CC4)CC3)CC2)CC1
C1CCC(C2CCC(C3CCC4CCCCC43)CC2)CC1
C1CCC(CC2CCC(C3CCCC(CCC4CCCC(C5CCCC5)C4)C3)CC2)CC1
C1CCC(C2CCCC(CCCC3CCCC(C4CCCCC4)C3)C2)CC1
C1CCC(CC2CCC(C3CCCCC3)CC2CC2CCCC3CCCCC32)CC1
C1CCC(C2CC(C3CCCCC3)CC(C3CCCCC3)C2)CC1
C1CCC(CCCCCC2CCCC(C3CCCC3)C2)CC1
C1CCC(CC2CCCCC2C2CCC(C3CC4CCCCC4C3)CC2)CC1
C1CCC(CC2CCC3CCC(C4CCCCC4)CC32)CC1
C1CCC(CC2CC(C3CCCCC3)C3CCCCC23)CC1
C1CCC(C2CCCC(C3CCC(C4CCC(CC5CC5)CC4)CC3)C2)CC1
C1CCC(CC2CCC(CC3CCCCC3C3CCC(C4CCCCC4)CC3)CC2)CC1
C1CCC(CC2CCCC(C3CCCC(C4CCCCC4)C3)C2)CC1
C1CCC(C2CCC(C3CCCC(C4CCCCC4)C3)CC2)CC1
C1CCC(CCC2CCC(C3CC(C4CCC(CC5CCCCC5)CC4)C3)CC2)CC1
C1CCC(C2CCC(CC3CC4CCCCC4C3)CC2)CC1
C1CCC(CC2CCCC(C3CCCCC3)C2)CC1
C1CCC(C2CCC(CCC3CCCCC3C3CCCCC3)CC2)CC1
C1CCC(CC2CCC3C(CC4CCCCC4)CC(C4CCCCC4)C3C2)CC1
C1CCC(C2CCC(C(CC3CCCC(C4CCCCC4)C3)C3CC3)CC2)CC1
C1CCC(CCC2CCC(C3CCCCC3C3CCC4CCCCC4C3)C(C3CCCC3)C2)C1
C1CCC(C2CCC(CCC3CCCCC3C3CCC4CCCCC4C3)C2C2CCCC2)CC1
C1CCC(CCCC2CCC(CCC3CCC(C4CCCCC4)CC3)CC2)CC1
C1CCC(CCC2CCC(C(C3CCC(C4CC4)CC3)C3CCCC(C4CCCCC4)C3)CC2)CC1
C1CCC(C2CCCCC2C2CC(CC3CCCC3)C3CCCCC32)CC1
C1CCC(CCC2CC(CCC3CCC(CC4CCCCC4)CC3)C3CCCCC23)CC1
C1CCC(CCC2CCC(CCC3CCCCC3)CC2)CC1
C1CCC(CCC2CCCC(CC3CCCCC3)C2)CC1
C1CCC(CCCCC2CCC(C3CCCCC3)C(CCCC3CCCCC3)C2)CC1
C1CCC(C2CCCCC2)CC1
C1CCC(CC2CCC(CC3CCCCC3C3CC4CCCCC4C3)CC2)CC1
C1CCC(CC2CCCC(C3CCCC(C4CCCCC4)C3)C2)CC1
C1CCC(CC2CCC(CC3CCCCC3)CC2)CC1
C1CCC(C2CC(CCC3CCCC3)CC(C3CCCCC3)C2C2CC3CCCCC3C2)CC1
C1CCC(C2CCC(CC3CCC(CC4CCCC(C5CCCC5)C4)CC3)CC2)CC1
C1CCC(CCCCCC2CC(CC3CCC(C4CCCCC4)CC3)C3CCCCC23)CC1
C1CCC(C2CCC(C3CCCCC3)C(C3CCCC3)C2)CC1
C1CCC(CCC2CCCC(CC3CCC(CC4CCCCC4)CC3)C2)CC1
C1CCC(CC2CCC(C3CCCC(C4CCCCC4)C3)CC2)CC1
C1CCC(C2CCC(C3CCC4CCCCC43)CC2C2CCCC2)CC1
C1CCC(CC2CCC(C3CCCCC3)CC2)CC1
C1CCC(CCC2CCCC(CCCCCC3CCCC(C4CC4)C3)C2)CC1
C1CCC(C2CCCCC2CC2CCC(C3CCCC3)CC2)CC1
C1CCC(CC2CCC(C3CCCCC3)CC2)CC1
C1CCC(C2CCC(C(C3CCCCC3)C3CC3)CC2)CC1
C1CCC(CC2CCC(CC3CC(CC4CCCC4)C4CCCCC34)CC2)CC1
C1CCC(C2CCCC(CC3CCCCC3C3CCCC3)C2)CC1
C1CCC(C2CCC(CCC3CCC(C4CCCC4)CC3)C(C3CCCCC3)C2)CC1
C1CCC(CCCCC2CCC(CC3CCCCC3)CC2)CC1
C1CCC(C2CCCC(CCC3CCCC(C4CCC(C5CC6CCCCC6C5)CC4)C3)C2)CC1
C1CCC(C2CCC3CCC(C4CCCCC4)C3C2)CC1
C1CCC(C2CCC(CC3CCC(C4CCCC5CCCCC54)CC3)CC2)CC1
C1CCC(C2CCC(C3CCC(CC4CCC5CCCCC54)CC3)CC2)CC1
C1CCC(CCCC2CCCC(C3CCC(C4CCC4)CC3)C2)C1
C1CCC(CCCCC2CC3CCC(C4CCCCC4)CC3C(C3CCCCC3)C2)CC1
C1CCC(CCC2CCCCC2C2CCCC(CC3CC4CCCCC4C3)C2)CC1
C1CCC(CCC2CCCCC2)CC1
C1CCC(CC2CCCC(C3CCCC(CC4CCCCC4)C3)C2)CC1
C1CCC(CCCC2CCC(C3CCCC3)C(CC3CCCCC3)C2)CC1
C1CCC(CCC2CC(CC3CCCCC3)C3CCC(C4CCC(CC5CCCCC5)CC4)CC23)CC1
C1CCC(CCCC2CCC(CC3CCCCC3)CC2)CC1
C1CCC(C2CCCC(C3CCC(C4CCCC(C5CCCCC5)C4)CC3)C2)CC1
C1CCC(CCCCC2CCCC(CC3CCCCC3)C2)CC1
C1CCC(CCC2CCCC(C(C3CCCCC3)C3CCCCC3)C2)CC1
C1CCC(CC2CC(C3CCC4CCCCC43)CC3CCCCC32)CC1
C1CCC(C2CCCC(C3CCCCC3)C2)CC1
C1CCC(C2CCCCC2C2CCCCC2C2CCCCC2C2CCCC2)CC1
C1CCC(C2CCCCC2C2CCCCC2)CC1
C1CCC(CCC2CCC(CC3CCCCC3)CC2)CC1
C1CCC(CC2CCC(CC3CCCCC3)CC2)CC1
C1CCC(C2CCCC(C3CCCC4CC(C5CCCCC5)CCC43)C2)CC1
C1CCC(CCCC2CCC(CC3CCCCC3)CC2CCC2CCCCC2)CC1
C1CCC(CC2CCC3CC(CC4CCC5C(CCCC5C5CCCC5)C4)CCC3C2)CC1
C1CCC(C2CCC(CC3CCC(C4CCCC(C5CCC(CCC6CC6)CC5)C4)CC3)C2)CC1
C1CCC(CCC2CCCCC2C2CCC(C3CCCCC3CC3CCCCC3)CC2)CC1
C1CCC(CCCCC2CCC(C3CCCC(CCC4CCCC4)C3)CC2)CC1
C1CCC(C2CCC(C3CCC(CC4CCCCC4C4CCCC4)CC3)CC2)CC1
C1CCC(C2CCC3C(CCCC3C3CCC(C4CCC5CCCCC54)CC3)C2)CC1
C1CCC(CCC2CCCC2C2CCC(CCCC3CCC(C4CCC5CCCC5C4)CC3)CC2)CC1
C1CCC(CCCCC2CCCCC2C2CCCC(C3CCC(CC4CCCCC4)CC3)C2)CC1
C1CCC(CC2CCCCC2C2CCC3CCCCC3C2)CC1
C1CCC(C2CCC(CCCC3CCCC(C4CCCCC4)C3)CC2)CC1
C1CCC(CC2CCCCC2C2CCCCC2)CC1
C1CCC(CC2CC(CC3CCCC(C4CCCCC4)C3)C3CCCCC23)CC1
C1CCC(CCC2CCC(CC3CCC(C4CCCCC4)CC3)C2)CC1
C1CCC(CCCC2CCC(CC3CCC(C4CCCCC4)CC3)CC2)CC1
C1CCC(CC2CCC(CC3CCC(CC4CC4)CC3)CC2)CC1
C1CCC(CC2CCC(C3CCCCC3CC3CCCCC3)C2)CC1
C1CCC(CCCCCC2CCC(C3CCCCC3)CC2)CC1
C1CCC(CC2CC(CC3CCCCC3)C3CC(C4CCCCC4)CCC23)CC1
C1CC(CC2CCC(C3CCC4CCCCC4C3)CC2)CC(CC2CC3CCCCC3C2)C1
C1CCC(CCCCCC2CC(C3CCCCC3)C3CCC(C4CCC(C5CCCCC5)C4)CC23)CC1
C1CCC(C2CCCCC2)CC1
C1CCC(C2CCC(C3CCCC(CCC4CC4)C3)CC2)CC1
C1CCC(CCCCC2CCC(CC3CCCCC3)CC2)CC1
C1CCC(C2CCC(C3CCC4CCCCC4C3)CC2)CC1
C1CCC(CCCC2CCC(CC3CCC(CC4CCCCC4)CC3)CC2)CC1
C1CCC(C2CCC(C3CCCC(C4CCCCC4)C3)CC2)CC1
C(CC1CCC(C2CCCC2)CC1)CC1CC2CCCCC2C1
C1CCC(C2CC(C3CCCCC3)C(C3CCCCC3)C(C3CC3)C2)CC1
C1CCC(CCC2CCCC(C3CCCC(CC4CCCCC4)C3)C2)CC1
C1CCC(CC2CCC3CC(C4CCC5CCCCC54)CCC3C2)CC1
C1CCC(CCCC2CCC(C3CCCCC3)CC2)CC1
C1CCC(CCCC2CCCCC2C2CCCCC2CCC2CC3CCCCC3C2)CC1
C1CCC(CC2CCC(CC3CCCCC3)CC2)CC1
C1CCC(CC2CCC(CC3CCCC(C4CCCC4)C3)CC2)CC1
C1CCC(CCCC2CCC(CC3CCC(CC4CCCCC4)CC3)CC2)CC1
C1CCC(C2CCC(CCCC3CCC(CC4CCC5CCCCC5C4)CC3)CC2)CC1
C1CCC(CC2CCC(C3CCC4CCC(CC5CCCCC5C5CCCCC5)CC4C3)CC2)CC1
C1CCC(C2CCC(C3CCCC4CCCCC43)CC2)CC1
C1CCC(C2CCC(CCCC3CCCC(C4CCCCC4)C3)CC2)CC1
C1CCC(CCCCC2CCCC(C3CCCC(CC4CCCC4)C3)C2)CC1
C1CCC(CC2CCC(CC3CCCCC3C3CCCCC3)CC2)CC1
C1CCC(CCC2CCC(CC3CCC(CC4CCCCC4)CC3)CC2)CC1
C1CCC(CC2CCC(CC3CCCC(C4CCCCC4)C3)CC2)CC1
C1CCC(CCCC2CCC(CC3CCC(C4CCCCC4)CC3)CC2)CC1
C1CCC(C2CCC(C3CCCCC3)CC2)CC1
C1CCC(CC2CCC(C3CCC(C4CCCC4)CC3)CC2)CC1
C1CCC(CC2CCC(C3CC3)CC2)CC1
C1CCC(CC2CCCC3CC(C4CCC(C5CCCCC5)CC4)CCC23)CC1
C1CCC(CCC2CCCC(CCC3CCCCC3C3CCC(C4CCC4)CC3)C2)CC1
C1CCC(CCCCC2CCCC(C3CCCCC3)C2)CC1
C1CCC(CCC2CCCC(CC3CCCCC3C3CCCC3)C2)CC1
C1CCC(CCC2CCCC(CCCCCC3CCC(CC4CCCCC4)CC3)C2)CC1
C(CCCCC1CCCC(C2CCC(C3CCCC3)CC2)C1)CCCC1CCCCC1
C1CCC(C2CCC(C3CCCCC3C3CCCCC3C3CCCC3)CC2)CC1
C1CCC(CC2CCC(CC3CCC4CCCCC43)CC2)CC1
C1CCC(C2CCC(CC3CCCC(C4CCCCC4)C3)CC2)CC1
C1CCC(CCCCC2CCC(C3CCCCC3CC3CCCC3)CC2)CC1
C1CCC(CC2CCCC(CC3C(CC4CCCCC4)CC4CCCCC43)C2)CC1
C1CCC(CCCC2CCCCC2)CC1
C1CCC(CCC2CCCCC2C2CCC(CC3CCCCC3)CC2)CC1
C1CCC(C2CCC(CCCC3CCCC(C4CCCCC4)C3)CC2)CC1
C1CCC(C2CCC(C3CCCC(C4CCCC4)C3)CC2)CC1
C1CCC(CC2CCC(CC3CCCCC3)CC2)CC1
C1CCC(C2CCC(C3CCCCC3)C(C3CCCC3)C2)CC1
C1CCC(C2CCC(C3CCCCC3)C(CCCC3CCCC3)C2)CC1
C1CCC(CC2CCC(C3CCC(C4CCCC(C5CCCCC5)C4)CC3)CC2)CC1
C1CCC(C2CCC(CCCC3CCCC(C4CCCCC4)C3)CC2)CC1
C1CCC(CCCCC2CCCC(CC3CCCCC3)C2)CC1
C1CCC(CCC2CCCCC2)CC1
C1CCC(CC2CCC(CCC3CCCC3)CC2)CC1
C1CCC(CC2CC(C3CCCC(C4CCCC4)C3)CCC2C2CCCCC2)CC1
C1CCC(CCC2CCCCC2C2CCC(CC3CCCCC3)CC2)CC1
C1CCC(CCCC2CCC(CC3CCCCC3)CC2)CC1
C1CCC(C2CCCC(C3CCCC(C4CCCCC4C4CCCC4)C3)C2)CC1
C1CCC(CC2CCCCC2CC2CCCCC2)CC1
C1CCC(C2CC3CCC(C4CCCCC4)CC3C(C3CCCCC3)C2)CC1
C1CCC(C2CCC(CC3CCC(CC4CC(C5CCCCC5)C5CCCCC45)CC3)CC2)CC1
C1CCC(CCC2CCCCC2C2CCC3CCCCC32)CC1
C1CCC(C2CCCCC2C2CCCCC2C2CCCCC2)CC1
C1CCC(CC2CCCCC2C2CCCCC2)CC1
C1CCC(C2CCC(CC3CCCCC3C3CCCCC3)CC2)CC1
C1CCC(CC2CCCC(C3CCC(C4CCCCC4)CC3)C2)CC1
C1CCC(CCCC2CCC(CC3CCCCC3)CC2)CC1
C1CCC(CC2CCCC(C3CCCC(CCCC4CC5CCCCC5C4)C3)C2)CC1
C1CCC(CC2CCCCC2C2CCCCC2)CC1
C1CCC(CC2CCCCC2CC2CCC(C3CCCCC3)CC2C2CCC2)CC1
C1CCC(C2CCC(C3CCCCC3)C(CC3CC3)C2)CC1
C1CCC(CCC2CCC(C3CCCCC3)CC2)CC1
C1CCC(CC2CCC(CC3CCC4CCCCC43)CC2)CC1
C1CCC(CC2CCCC(C3CC(CC4CCCCC4)CC(C4CC4)C3)C2)CC1
C1CCC(C2CCC(C3CCCCC3)CC2)CC1
C1CCC(CCC2CCC(CC3CCCC(CC4CCCCC4)C3)CC2)CC1
C1CCC(C2CCC(C3CCC3)CC2C2CCC3CCCC3C2)CC1
C1CCC(CC2CCCCC2C2CCCCC2)CC1
C1CCC(CCCC(C2CCC2)C2CCCCC2C2CCCCC2CC2CCCCC2)CC1
C1CCC(CCC2CCCCC2C2CCCCC2)CC1
C1CCC(C2CCCC(C3CCCCC3)C2)CC1
C1CCC(C2CCC3C(CCCC3C3CCC4CCCCC4C3)C2)CC1
C1CCC(CCC2CCCCC2C2CCC3CCCC3C2)C1
C1CCC(CC2CCCC(CC3CCCCC3C3CCCCC3)C2)CC1
C1CCC(CCC2CCCC(C3CCCC(C4CCC5CCCC5C4)C3)C2)CC1
C1CCC(CCC2CC(CCC3CCCCC3)CC(CC3CC3)C2)CC1
C1CCC(CCC2CCCC(C3CCCC(C4CCCC4)C3)C2)CC1
C1CCC(CC2CCCC(CC3CCCC(C4CCCCC4)C3)C2)CC1
C1CCC(CC2CCC(C3CCC(C4CC4)CC3)CC2)CC1
C1CCC(CCC2CCC(C3CCCC(CC4CCCCC4)C3)CC2)CC1
C1CCC(C2CCC(C3CCC4CCCCC43)CC2)CC1
C1CCC(CC2CC(C3CCCCC3)CC(C3CCCC(C4CCCC4)C3)C2)CC1
C1CCC(CC2CCC(C3CCCC(C4CCCCC4)C3)CC2)CC1
C1CCC(CCCCCC2CCCC(C3CCCCC3)C2)CC1
C1CCC(C2CCCC(C3CCCCC3)C2)CC1
C1CCC(CCC(CC2CCCCC2)C2CCCCC2)CC1
C1CCC(C2CCCCC2C2CCCC(CC3CC3)C2)CC1
C1CCC(CCC2CCC(CC3CCC(CC4CCCCC4)CC3)CC2)CC1
C1CCC(C2CCCCC2C2CCC3CCC(C4CCC5CCCCC54)CC3C2)C1
C1CCC(CCC2CCC(C3CCC(CC4CCCCC4)CC3C3CCCC3)C(C3CCCCC3)C2)CC1
C1CCC(CCC2CCCC(CC3CCCCC3)C2)CC1
C1CCC(CCCCC2CC(C3CCCCC3)CCC2CCC2CCCCC2)CC1
C1CCC(CC2CCC(CC3CCC(CCC4CC5CCCCC5C4)CC3)CC2)CC1
C1CCC(CCCC2CCC(C(CCC3CCCCC3)CC3CCC4CCCCC4C3)CC2)CC1
C1CCC(CCCC2CCC(CC3CCCCC3)CC2)CC1
C1CC(CC2CCCC(C3CC4CCCCC4C3)C2)CC(C2CC2)C1
C1CCC(CC2CCC(CCCC3CCC(C4CCCCC4)CC3)CC2)CC1
C1CCC(CC2CCC(C3CCCC(C4CCC(CC5CCC(C6CCCC6)CC5)C4)C3)CC2)CC1
C1CCC(CC2CC(C3CCCC(C4CCC5CCCCC54)C3)C3CCCCC23)CC1
C1CCC(CC2CCCC(C3CCCCC3)C2)CC1
C1CCC(C2CCCCC2C2CCCCC2C2CCC3C(CCC3C3CCCC3)C2)CC1
C1CCC(CCC2CC(C3CCCCC3)CC(C3CCCCC3)C2)CC1
C1CCC(CC2CCC(CC3CCCCC3)CC2)CC1
C1CCC(C2CC(C3CCCCC3)CC(C3CCCCC3)C2)CC1
C1CCC(C2CCC(CC3CCCCC3C3CCC4CCCCC43)CC2)CC1
C1CCC(CC2CCC(C3CCCCC3CC3CCCCC3C3CCCC3)CC2)CC1
C1CCC(CCCC2CCCC(CC3CCCCC3)C2)CC1
C1CCC(C2CCCC(CCC3CCC(C4CCC(C5CCCC5)CC4)CC3)C2)CC1
C1CCC(C2CCCCC2C2CCC3CCCCC32)CC1
C1CCC(CC2CCC(CC3CCC(CCC4CC4)CC3)CC2)CC1
C1CCC(CC2CC(CC3CCCCC3)CC(CC3CCC(C4CCCC4)CC3)C2)CC1
C1CCC(C2CCCC(CCC3CCCC(CCC4CCC5CCCC5C4)C3)C2)CC1
C1CCC(C2CCCC(CC3CCC(C4CCCCC4)C3)C2)CC1
C1CCC(C2CC(C3CCC(C4CCCC4)CC3C3CCCC3)C3CCCCC23)CC1
C1CCC(CCC2CCCC(C3CCCCC3)C2)CC1
C1CCC(CCC2CCC(CC3CCC(CC4CCCCC4)CC3)CC2)CC1
C1CCC(CC2CCC(CC3CCCC(C4CCCCC4)C3)CC2)CC1
C1CCC(CCCC2CCCC(CC3CCC4CCCC4C3)C2)CC1
C1CCC(CCC2CCCC(C3CCCC(C4CCCCC4)C3)C2)CC1
C1CCC(CC2CCC(CCC3CCCCC3C3CCCCC3C3CCCCC3)CC2)CC1
C1CCC(C2CCC(C(CC3CCCC3)C3CCCC(C4CCCC4)C3)CC2)CC1
C1CCC(CC2CCC(CC3CCCC(C4CCCC4)C3)CC2)CC1
C1CCC(CC2CCC(C3CCCCC3)C(CCC3CC4CCCCC4C3)C2)CC1
C1CCC(CCCC2CCCC(C3CCCCC3CC3CCCCC3)C2)CC1
C1CCC(C2CCC3CCC(C4CCCCC4CC4CCC(C5CCCC5)CC4)CC3C2)CC1
C1CCC(CC2CCC(C3CCCCC3)CC2)CC1
C1CCC(C2CCCC(C3CCCC(C4CCCCC4)C3)C2)CC1
C1CCC(C2CCCC(C3CCC(C4CCC5CCCCC54)CC3)C2)CC1
C1CCC(CC2CCCC(C3CCCC(C4CCCCC4)C3)C2)CC1
C1CCC(CC2CCCC(C3CCCCC3)C2)CC1
C1CCC(CC2CCCC(CC3CCCC(C4CCCCC4)C3)C2)CC1
C1CCC(C2CCC(C3CCCC4CC(C5CCCCC5)CCC43)CC2)CC1
C1CCC(CC2CCCC(C3CCC(CCCC4CC4)CC3)C2)CC1
C1CCC(CC2CCCC(C3CCCCC3)C2)CC1
C1CCC(CCC2CCC(C3CCCC(CC4CCCC4)C3)CC2)CC1
C1CCC(CC2CCC3CC(C4CCC5CCCCC54)CC(C4CCCCC4)C3C2)CC1
C(CCC1CCC(C2CCC(CC3CCCC3)CC2)CC1)CC1CCC(C2CCCC2)CC1
C1CCC(C2CCCC(CCC3CCCCC3C3CCCC3)C2)CC1
C1CCC(C2CCC(C3CCCCC3)CC2)CC1
C1CCC(CC2CCCC(CC3CCCCC3)C2)CC1
C1CCC(CC2CCC(CC3CCC(C4CCCC4)CC3)CC2)CC1
C1CCC(CC2CCC(C3CCC(C4CCCCC4)CC3)CC2)CC1
C1CCC(CCC2CCC(C3CCCC(CC4CCCCC4)C3)CC2)CC1
C1CCC(CCC2CC(CC3CCCC3)CCC2CC2CCCCC2)CC1
C1CCC(C2CCCC(C3CCC4CCCCC4C3)C2)CC1
C1CCC(CC2CCCC(C3CCCCC3)C2)CC1
C1CCC(CCC2CCCC(C3CCCCC3C3CCCCC3)C2)CC1
C1CCC(CC2CC(C3CCCCC3)CCC2C2CCC(C3CCCCC3)CC2)CC1
C1CCC(CCCC2CCC(C3CCC4CCCCC4C3)CC2)CC1
C1CCC(CCCCC2CCC(CC3CCCCC3)CC2)CC1
C1CCC(CC2CCCC(CCC3CCCCC3CC3CCCC3)C2)CC1
C1CCC(CCCC2CCCC(CC3CC(CCC4CC5CCCCC5C4)C4CCCCC34)C2)CC1
C1CCC(CC2CCC3C(CCC3CC3CCCC(C4CCCCC4)C3)C2)CC1
C1CCC(CC2CCCC(C3CCCCC3)C2C2CCCCC2)CC1
C1CCC(C2CCCCC2C2CCC3CCCC3C2)CC1
C1CCC(CC2CCC(C3CCCCC3)CC2)CC1
C1CCC(CC2CC(C3CCCCC3)C3CCCCC23)CC1
C1CCC(CC2CCC(C3CCC(CC4CCC(C5CCCC5)CC4)CC3)CC2)CC1
C1CCC(C2CCC(C3CCC(CCC4CCCC4)CC3)CC2)CC1
C1CCC(C2CC(C3CCCCC3)CC(C3CCCCC3)C2)CC1
C1CCC(CC2CCC(C3CCC(C4CCCCC4C4CCCC4)CC3)CC2)CC1
C1CCC(CC2CCCC(C3CCCC(C4CCCC4)C3)C2)CC1
C1CCC(C2CCC(C3CCCC(C4CCCCC4C4CCCC4)C3)CC2)CC1
C1CCC(C2CCCC(CCC3CCCC(CC4CCCC(C5CCCCC5)C4)C3)C2)CC1
C1CCC(C2CCC(CCC3CCC4CCCCC4C3)CC2)CC1
C1CCC(C2CC(CCC3CC4CCCCC4C3)CC(C3CCCC3)C2)CC1
C1CCC(CC2CCCC(CC3CCCCC3C3CCCCC3)C2)CC1
C1CCC(C2CCCC(C3CCCCC3)C2)CC1
C1CCC(CCCC2CCC(CCC3CCC(C4CCCC4)CC3)CC2)CC1
C1CCC(CC2CC(CC3CCC(C4CCCCC4)CC3)C3CCCCC23)CC1
C1CCC(CCCCC2CCCCC2C2CCC3C(CC(C4CCCCC4)CC3C3CC3)C2)CC1
C1CCC(CC2CCC(CC3CCC4C(CC5CCC(CC6CCC(C7CCC7)CC6)CC5)CCC4C3)CC2)CC1
C1CCC(C2CCCC(C3CCCCC3)C2C2CCCCC2)CC1
C1CCC(CCC2CCC(CC3CCCCC3)CC2)CC1
C1CCC(CC2CCCC(C(C3CCCCC3)C3CCCC(C4CCCCC4CC4CCCCC4)C3)C2)CC1
C1CCC(CC2CCC(C3CCC(CCC4CCC(C5CCCCC5)C4)CC3)CC2)CC1
C1CCC(CC2CC(CCCC3CCC(C4CCCCC4)CC3)C3CCCCC23)CC1
C1CCC(C2CCCC2CC2CCCC(CCCC3CC3)C2)CC1
C1CCC(CC2CCCCC2CCC2CCCCC2C2CCCCC2)CC1
C1CCC(CC2CCC(C3CC(C4CCC5CCCCC54)CC4CCCCC43)CC2)CC1
C1CCC(C2CCC(C3CCCCC3C3CCCCC3)CC2)CC1
C1CCC(CC2CCC(CC3CCCCC3)CC2)CC1
C1CCC(C2CCCCC2)CC1
C1CCC(C2CCC(CC3CCC(C4CCCCC4)CC3)CC2)CC1
C1CCC(CC2CCC3C(CC4CCCC4)CC(CCC4CCC(C5CCCCC5)CC4)C3C2)CC1
C1CCC(CCC2CCC(CC3CCCCC3)CC2)CC1
C1CCC(CCC2CCC(C3CCC(CC4CCCCC4)CC3)CC2)CC1
C1CCC(CCC2CC(CC3CCCCC3)CCC2CCC2CCCC2)CC1
C1CCC(C2CCC(C3CCCCC3C3CC3)CC2)CC1
C1CCC(C2CC(CC3CCCC3)C3CCCCC32)CC1
C1CCC(CC2CCC(CC3CCC(C4CCCCC4)CC3)CC2)CC1
C1CCC(CC2CCC(CC3CCC(C4CCCCC4)CC3)CC2)CC1
C1CCC(C2CCC(CC3CCCC3CC3CC4CCCCC4C3)C(C3CCCCC3)C2)CC1
C1CCC(CC2CCC(C3CCCC4CC(CCC5CCC(C6CCCCC6)CC5)CCC43)CC2)CC1
C1CCC(C2CCC(C3CCCC3)C(C3CCC4C(CCC4C4CCCCC4)C3)C2)CC1
C1CCC(CCC2CCCC(CC3CCCCC3)C2)CC1
C1CCC(CCCCC2CCC(C3CCCC4CCCCC43)CC2)CC1
C1CCC(C2CCCC(CC3CCC(CC4CCC(C5CCCC5)CC4)CC3)C2)CC1
C1CCC(CCCC2CCC(CC3CCC(C4CCCCC4)CC3)CC2)CC1
C1CCC(CC2CCC(C3CC(CC4CCCCC4)C4CCCCC43)C(C3CCCC3)C2)CC1
C1CCC(CC2CCC(C3CCCCC3)CC2)CC1
C1CCC(C2CCCC(CC3CCC4CCCCC4C3)C2)C1
C1CCC(C2CCCCC2C2CCC3CCCC3C2)CC1
C1CCC(C2CCC(CCC3CC4CCCCC4C3)CC2)CC1
C1CCC(C2CCCCC2CCC2CCC(C3CCC3)CC2)CC1
C1CCC(CC2CCCC(C3CCCCC3)C2)CC1
C1CCC(C2CCC(C3CCCCC3)C(CCC3CCCC3)C2)CC1
C1CCC(CCCC2CCCC(C3CCC(C4CCCC(C5CCCC5)C4)CC3)C2)CC1
C1CCC(CC2CCCCC2CC2CCC(C3CCCC(C4CCCCC4)C3)CC2)CC1
C1CCC(CC2CCCCC2C2CCC3CCCCC3C2)CC1
C1CCC(CCCCC2CCC3CC(CCC4CCCCC4)CCC23)CC1
C1CCC(CC2CCCC(CC3CC(C4CCCCC4)C4CCCCC34)C2)CC1
C1CCC(CC2CC(CC3CCC(C4CCCCC4)CC3)C3CCCCC23)CC1
C1CCC(C2CCC3C(CCCC3CC3CCCCC3C3CCCCC3)C2)CC1
C1CCC(CC2CCC(C3CCCC(C4CCCCC4)C3)CC2)CC1
C1CCC(C2CCCCC2CCC2CCCCC2C2CCCCC2)CC1
C1CCC(CC2CCC(CC3CCCC(C4CCCCC4)C3)CC2)CC1
C1CCC(CC2CCCCC2C2CCC(CC3CCC(C4CCCC4)CC3)CC2)CC1
C1CCC(C2CCC(C3CCCCC3C3CCC4CCCC4C3)CC2)CC1
C1CCC(CC2CCC3C(CC4CCCCC4)CCC3C2)CC1
C1CCC(C2CCCCC2C2CCC(C3CC4CCCCC4C3)CC2)CC1
C1CCC(C2CCCC(C3CCC(CCCC4CCCC5CCCCC54)CC3)C2)CC1
C1CCC(CC2CCCC(C3CCCCC3)C2)CC1
C1CCC(CCCC2CCCC(CCC3CCCCC3)C2)CC1
C1CCC(CC2CCC(C3CCCC(CC4CCCCC4)C3)CC2)CC1
C1CCC(CCC2CCC(C3CCCCC3)CC2)CC1
C1CCC(CC2CCCC(CC3CC(CC4CCCCC4)C4CCCCC34)C2)CC1
C1CCC(C2CCCCC2)CC1
C1CCC(C2CCC(CC3CCC(C4CCCCC4)CC3C3CCCCC3)CC2)CC1
C1CCC(C2CCCC(C3CCCC3)C2)CC1
C1CCC(C2CCC(CCCCC3CCCC(CC4CCC5CCCCC54)C3)CC2)CC1
C(CC1CCC(CC2CCC3CCCCC3C2)CC1)CC1CCCC(CC2CC3CCCCC3C2)C1
C1CCC(C2CCCC(CC3CCCCC3C3CCCCC3)C2)CC1
C1CCC(CCCC2CCCC(C3CCCC(CC4CC5CCCCC5C4)C3)C2)CC1
C1CCC(C2CC(C3CCC4CCCCC43)CC3CCCCC32)CC1
C1CCC(C2CCCC(CCCC3CCCCC3C3CCCCC3)C2)CC1
C1CCC(C2CCC(C3CCC4C(CCCC4C4CCCCC4)C3)CC2)CC1
C1CCC(CC2CCC(C3CCCCC3)CC2)CC1
C1CCC(C2CCC(CC3CCCC(C4CCCCC4)C3)CC2)CC1
C1CCC(CC2CCC(CCC3CCC(C4CCCCC4)CC3)CC2)CC1
C1CCC(C2CCC(C3CCCCC3)C(C3CCCCC3)C2)CC1
C1CCC(CC2CCCC(C3CCC(CCC4CCC(C5CC5)CC4)CC3)C2)CC1
C1CCC(CCC2CCC(CC3CCCCC3)CC2)CC1
C1CCC(CCCCC2CCCCC2)CC1
C1CCC(CC2CCCCC2C2CCC(C3CCCCC3)CC2)CC1
C1CCC(C2CCCC(CC3CCC4CCCCC43)C2)CC1
C1CCC(CC2CCCC(CCC3CCCC(C4CCC5CCCC5C4)C3)C2)CC1
C(CCCC1CCCC(CC2CCCCC2)C1)CCC1CCC(C2CCCCC2)CC1
C1CCC2CC(C3CCC(CC4CC4)CC3)CCC2C1
C1CCC(CCC2CCC(C3CCCCC3)C(C3CCCC3)C2)CC1
C1CCC(C2CC(CCCCC3CC4CCCCC4C3)CC(C3CC3)C2)CC1
C1CCC(CC2CCC3CC(C4CCC5CCCCC54)CC(C4CCCCC4)C3C2)CC1
C1CCC(CCC2CCC(CC3CCCCC3)CC2)CC1
C1CCC(CCCC2CCCCC2CCC2CC(CC3CCCCC3)C3CCCCC23)CC1
C1CC(CCC2CC2)CC(C2CCC(C3CCC4CCCCC43)CC2)C1
C1CCC(C2CCCC(C3CCCC(C4CCCCC4)C3)C2)CC1
C1CCC(CC2CCC(CCC3CCC(CC4CCCC(CC5CCCCC5)C4)CC3)CC2)CC1
C1CCC(CC2CC(C3CCC(CC4CCCC4)CC3)C3CCCCC23)CC1
C1CCC(CC2CCC(C3CCCCC3)CC2)CC1
C1CCC(C2CCC3C(C2)C(CC2CCC4CCCCC42)CC3C2CCCCC2)CC1
C1CCC(CC2CCC(CC3CCC(CC4CCCC(C5CCCC(CC6CCCCC6)C5)C4)CC3)CC2)CC1
C1CCC(CC2CCC(C3CCC(CC4CCCCC4)CC3)CC2)CC1
C1CCC(CC2CCCC(C3CC(C4CCCCC4)CC(C4CCCC4)C3)C2)CC1
C1CCC(CCCCC2CCC(CC3CCC(CCC4CCCCC4)CC3)CC2)CC1
C1CCC(C2CCCCC2C2CCCCC2)CC1
C1CCC(CC2CCC(CC3CCCCC3CC3CCCCC3)CC2)CC1
C1CCC(C2CCC(C3CCCCC3)CC2)CC1
C1CCC(CC2CCC(CCC3CCC4CC(C5CCCCC5CC5CCCCC5)CCC34)CC2)CC1
C1CCC2CC(CC3CCC(C4CCCC(C5CCC6CCCCC65)C4)CC3)CC2C1
C1CCC(C2CCCC(CC3CCCCC3C3CCC4CCCCC43)C2)CC1
C1CCC(C2CCCC(CCC3CCC(C4CCCCC4)CC3C3CCCCC3)C2)CC1
C1CCC(CCCCC2CCCC(C3CCCCC3)C2)CC1
C1CCC(CC2CCCC2CC2CC(C3CC3)CCC2C2CCCC(C3CCCCC3)C2)CC1
C1CCC(C2CCC(CCCC3CCCCC3CC3CCC4CCCCC43)CC2)CC1
C1CCC(CC2CCC(CC3CCC(CCC4CCCC(C5CCCC5)C4)CC3)CC2)CC1
C1CCC(CC2CCC3C(CCC3CC3CCCCC3C3CCCC3)C2)CC1
C1CCC(CC2CCC(CC3CCCC(C4CCCC4)C3)CC2)CC1
C1CCC(C2CCC(CC(C3CCCCC3)C3CCCCC3)CC2)CC1
C1CCC(C2CCC(CC3CCC(C4CCCCC4C4CCCCC4)CC3)CC2)CC1
C1CCC(C2CC(CC3CCCC(CCC4CCCC4)C3)C3CCCCC32)CC1
C1CCC(CC2CCC(CCC3CCCCC3CCCC3CCCCC3C3CCCCC3)CC2)CC1
C1CCC(CCC2CCCC(CCC3CC4CCCCC4C3)C2)CC1
C1CCC(CC2CCCC(CCCCCC3CCC(C4CCCCC4)C3)C2)CC1
C1CCC(CC2CCC(C3CCCCC3)CC2)CC1
C1CCC(CCCC2CCC(C3CCC(CCC4CCCCC4)CC3)CC2)CC1
C1CCC(C2CCC(CC3CCC4CCCC4C3)CC2)CC1
C1CCC(CCC2C(C3CCCCC3)CCCC2C2CCCC(C3CCCCC3)C2)CC1
C1CCC(CCCCCC2CCCC(C3CC(C4CCCCC4)CC(C4CCCC4)C3)C2)CC1
C1CC(CCC2CCCC(CC3CCC(CC4CCC5CCCC5C4)CC3)C2)C1
C1CCC(C2CCCC(C3CCCC(C4CCCC4)C3)C2)CC1
C1CCC(CC2CCC(CCCC3CC(C4CCCCC4)CC(C4CCCCC4)C3)CC2)CC1
C1CCC(C2CCC(CCC3CC(C4CCCCC4)CC4CCCCC43)CC2)CC1
C1CCC(CC(C2CCCCC2)C2CCCCC2)CC1
C1CCC(CCC2CCCC(CCC3CCC(CC4CCCCC4)CC3)C2)CC1
C1CCC(CC2CCCCC2C2CCC(C3CCCCC3)CC2)CC1
C1CCC(CCC2CCCC(C(CCC3CCCCC3)C3CCCCC3)C2)CC1
C1CCC(C2CCCC(C3CCC4CCCCC4C3)C2)CC1
C1CCC(C2CCCC(CCC3CCC(C4CCCCC4)C3)C2)CC1
C1CCC(CCCC2CCCC(C3CCCC(CC4CCCCC4)C3)C2)CC1
C1CCC(CC2CC(C3CCC(C4CCCCC4)CC3)C3CCCCC23)CC1
C1CCC(CC2CCCC(CC3CCC(C4CCCCC4)CC3)C2)CC1
C1CCC(CCC2CCC(C3CCCCC3)CC2)CC1
C1CCC(CC2CCCCC2C2CCCCC2C2CCCCC2)CC1
C1CCC(CC2CCCC(CC3CCCC(CC4CCCC(C5CCC5)C4)C3)C2)CC1
C1CCC(C2CCCC(C3CCCCC3)C2)CC1
C1CCC(CC2CC(C3CCCCC3)CCC2C2CCCCC2)CC1
C1CCC(C2CCCCC2CCCC2CCC(CCC3CCC4CCCCC43)CC2)C1
C1CCC(CC2CCCC(CC3CCC3)C2)CC1
C1CCC(CCC2CCC(C3CCCCC3)CC2)CC1
C1CCC(C2CCCC(CCC3CC(C4CCC5CCCCC54)CC4CCCCC43)C2)CC1
C1CCC(CCC2CC(CC3CCCCC3)CCC2C2CCCCC2)CC1
C1CCC(C2CCCCC2)CC1
C1CCC(C2CCCC(C3CCC(C4CCCC4)CC3)C2)CC1
C1CCC(C2CCC(C3CCC(C4CCCCC4C4CCCC4)CC3)CC2)CC1
C1CCC2CC(C3CCCCC3C3CCC4CCCC4C3)CCC2C1
C1CCC(CC2CCC(CC3CCC(C4CCCCC4)CC3)CC2)CC1
C1CCC(CC2CCCC(C3CCCC(C4CCCCC4)C3)C2)CC1
C1CCC(CCC2CCC(CC3CCCCC3)CC2)CC1
C1CCC(CCC2CCC(CC3CCC(CCC4CCCCC4)CC3)CC2)CC1
C1CCC(CC2CC(C3CCC(C4CCCC4)CC3)C3CCCCC23)CC1
C1CCC(C2CCCC(CCCC3CCC(CC4CCCCC4C4CCCCC4)CC3)C2)CC1
C1CCC(CC2CCC(CC3CCC(C4CCCC4)CC3)CC2)CC1
C1CCC(CC2CCCC(C3CCCC(C4CCCCC4)C3)C2)CC1
C1CCC(C2CCC(CC3CCCCC3CCC3CC3)C(C3CCCC3)C2)CC1
C1CCC(CC2CC3CCC(C4CCCCC4)CC3C(C3CCCCC3)C2)CC1
C1CCC(C2CCC(C3CCCC(C4CCCCC4C4CCCCC4)C3)CC2)CC1
C1CCC(CCC2CCC(C3CCC4CCCC4C3)CC2CCC2CCCCC2)CC1
C1CCC(CCCC2CCCC(C3CCCC(CC4CCCCC4)C3)C2)CC1
C1CCC(CC2CCC(C3CCCCC3C3CCCCC3)C2)CC1
C1CCC(CC2CCC(C3CCC4CCCCC4C3)CC2)CC1
C1CCC(C2CCCCC2C2CCC3CCCCC3C2)CC1
C1CCC(C2CCCCC2CCCCC2CCC(C3CCC4CCCCC4C3)CC2)CC1
C1CCC(C2CCCC(C3CCCC4CCCCC43)C2)CC1
C1CCC2CC(CC3CCC(CC4CCCCC4C4CCC4)CC3)CC2C1
C1CCC(C2CCCCC2C(C2CCCCC2)C2CCCCC2C2CCC3CCCC3C2)CC1
C1CCC(CCC2CCC(CC3CC(C4CCCCC4)CC(C4CCCC4)C3)CC2)CC1
C1CCC(CC2CCC(CC3CCC(CC4CCCCC4)CC3)CC2)CC1
C1CCC(CC2CCCCC2CC2CCCCC2)CC1
C1CCC(C2CCCC(C3CC(C4CCCCC4)CC(C4CCCCC4)C3)C2)CC1
C1CCC(CC2CCC(C3CCC(C4CCCC(C5CCCC5)C4)C(C4CCCCC4)C3)CC2)CC1
C1CCC(C2CCC(C3CCCCC3)CC2)CC1
C1CCC(C2CC(C3CCCCC3)CC(C3CCCC3)C2)CC1
C1CCC(CC2CCC(C3CCCC(CC4CCCCC4)C3)CC2)CC1
C1CCC(C2CCCCC2CC2CCCCC2C2CCCC2)CC1
C1CCC(CC2CC3CCC(CCC4CCCC4)CC3C(C3CCCCC3)C2)CC1
C1CCC(CC2CCC(C3CCC(C4CCCCC4)CC3)C(C3CCCCC3)C2)CC1
C1CCC2CC(C3CCCCC3C3CCC(CC4CCC(C5CCC(C6CC6)CC5)CC4)CC3)CC2C1
C1CCC(CCCC2CCCC(CC3CCC(C4CCCCC4C4CCCCC4)CC3)C2)CC1
C1CCC(CCCC2CCCC(C3CCCCC3C3CCCCC3)C2)CC1
C1CCC(C2CCCC(C3CCCC(C4CCCC4)C3)C2)CC1
C1CCC(C2CCC(CC3CC(CC4CCC(CC5CCCC5)CC4)C4CCCCC34)CC2)CC1
C1CCC(CC2CCC(C3CCCCC3C3CCC4CCCC4C3)CC2)CC1
C1CCC(CC2CCC(C3CCCCC3C3CC4CCCCC4C3)CC2)CC1
C1CCC(CC2CCC(C3CCC4CCCCC4C3)CC2)CC1
C1CCC(CCCCCC2CCCC(C3CC4CCCCC4C3)C2)CC1
C1CCC(C(C2CCCCC2)C2CCCCC2)CC1
C1CCC(C2CCCCC2CCC2CCC(C3CCCC(CC4CCC4)C3)CC2)CC1
C1CCC(C2CCCC(C3CCC(C4CCCCC4)CC3C3CCCCC3)C2)CC1
C1CCC(CCCCCC2CCC(CCC3CCCCC3)CC2)CC1
C1CCC(CCC2CCCCC2CC2CCCCC2)CC1
C1CCC(C2CCC(C3CCCC(CC4CCCC(C5CCCCC5)C4)C3)CC2)CC1
C1CCC(CC2CCCC(C3CCCCC3)C2)CC1
C1CCC(CCC2CCC3CCCCC3C2)CC1
C1CCC(C2CCCC(C3CCCCC3C3CCCCC3)C2)CC1
C1CC(CC2CC2)CC(CC2CCC(CC3CCCC(C4CCCC4)C3)CC2)C1
C1CCC(CCC2CCC(C3CC(C4CCCCC4)C3)CC2)CC1
C1CCC(CC2CCC(CC3CCCC3)CC2)CC1
C1CCC(C2CCC(CCC3CCC(C4CCCCC4)CC3)CC2)CC1
C(CCCC1CCC(CC2CCC(CCC3CCCCC3)CC2)CC1)CCC1CCCCC1
C1CCC(CCCC2CCC(CCC3CCC(CC4CCC(C5CCCCC5)CC4)CC3)CC2)CC1
C1CCC(CC2CCC(C3CCCCC3)CC2C2CCCCC2)CC1
C1CCC(CCC2CCC(C3CCCCC3C3CCCCC3)CC2)CC1
C1CCC(CCC2CCC(C3CCC(C4CCCC4)CC3)CC2)CC1
C1CCC(C2CCCC(C3CC(C4CCCC4)CC(C4CCC4)C3)C2)CC1
C1CCC(CCC(CC2CCCCC2)CC2CCCC(C3CCCCC3)C2)CC1
C1CCC(CCC(C2CCCCC2)C2CCCC(C3CCCCC3)C2)CC1
C1CCC(CCC2CCCC(CC3CCCCC3)C2)CC1
C1CCC(CC2CC(C3CCCCC3)CC(C3CC3)C2)CC1
C1CCC(CC2CCCCC2C2CCC(C3CCC(C4CCCCC4)C3)CC2)CC1
C1CCC(C2CCC(CCC3CC(C4CCC(C5CCCC(C6CCC6)C5)CC4)C4CCCCC34)CC2)C1
C1CCC(CCC2CCC(C3CCCC3)CC2C2CCCC(C3CCCCC3)C2)CC1
C1CCC(CCC2CCCC(C3CCCC(C4CCCCC4)C3)C2)CC1
C1CCC(CC2CCC(CC3CCCCC3)CC2)CC1
C1CCC(CCCC2CCC(CC3CCCCC3)CC2)CC1
C1CCC(CCCCCC2CCCC(C3CCCC(CC4CCCC4)C3)C2)CC1
C1CCC(CC2CCC(C3CCCCC3)CC2C2CCCCC2)CC1
C1CCC(CC2CCC(C3CCC(C4CCC4)CC3)CC2)CC1
C1CCC(CC2CCC(CCC3CC3)CC2)CC1
C1CCC(CCC2CCC(CCC3CCCCC3)CC2)CC1
C1CCC(CCC2CC(C3CC3)CC(C3CCCC(CC4CCCCC4)C3)C2)CC1
C1CCC(CCC2CCCC(C3CCCC(C4CCCCC4)C3)C2)CC1
C1CCC(CC2CCCCC2CC2CCCC(C3CCCCC3)C2)CC1
C1CCC(C2CCC3CC(C4CCC4)CC(C4CCCCC4)C3C2)CC1
C1CCC(CCC2CCCC(CC3CCCCC3)C2)CC1
C1CCC(CC2CC(C3CCCCC3)CC(C3CCCCC3CC3CCCCC3)C2)CC1
C1CCC(CC2CCC(CCCCCC3(C4CCC5CCCCC5C4)CC3)CC2)CC1
C1CCC(CCC2CCC(CC3CCCC4CC(C5CCC6CCCCC6C5)CCC34)CC2)CC1
C1CCC(CC2CCC(CC3CCCCC3)CC2)CC1
C1CCC(C2CCC(CC3CCC(C4CCC4)CC3)CC2)CC1
C1CCC(CCC2CCCC(CC3CCC(CC4CCCCC4)CC3)C2)CC1
C1CCC(CC2CCCC(CC3CCCCC3)C2)CC1
C1CCC(C2CCC(CCC3CCC(C4CCC5CCCCC54)CC3)CC2)CC1
C1CCC(CCC2CCCC(CC3CCCC(CCC4CCCC(C5CCC5)C4)C3)C2)CC1
C1CCC(CCC2CCCCC2CCCC2CCC3CCCCC3C2)CC1
C1CCC(CCCC2CCC(CC3CCCCC3)CC2)CC1
C1CCC(CCC2CCC3C(C2)C(CCCCC2CCCC2)CC3C2CCCCC2)CC1
C1CCC(C2CCCC(C3CC(C4CCCCC4)C4CC(C5CCCCC5)CCC34)C2)CC1
C1CCC(CC2CCC(C3CCC(C4CCCCC4)CC3)CC2)CC1
C1CCC(CCC2CC(CC3CCCCC3)CCC2C2CCCCC2)CC1
C1CCC(CCCCCC2CCC(C3CCC(C4CCC(CC5CCCCC5)CC4)CC3)CC2)CC1
C1CCC(CC2CCC(CCC3CCC(C4CCCCC4)CC3)CC2)CC1
C1CCC(C2CCCCC2C2CCCC(C3CCCCC3C3CC3)C2)CC1
C1CCC(C2CCCCC2C2CCCC(CC3CC4CCCCC4C3)C2)CC1
C1CCC(C2CCCC(CC3CCC(C4CCCC5CC(C6CCC7CCCCC76)CCC54)CC3)C2)C1
C1CCC(C2CCCC(C(C3CCCCC3)C3CCCCC3C3CCCCC3)C2)CC1
C1CCC(CC2CCCCC2C2CCCCC2)CC1
C1CCC(C2CCCCC2)CC1
C1CCC(C2CCCC(CC3CCCC(C4CCCC4)C3)C2)CC1
C1CCC(C2CCC(C3CC(C4CCCCC4)CC(C4CCC4)C3)CC2)CC1
C1CCC(CC2CCCC3CC(C4CCCCC4)CCC23)CC1
C1CCC(CCC2CCC(CC3CCCCC3)CC2)CC1
C1CCC(CC2CCCC(C3CCCC(CC4CCCCC4)C3)C2)CC1
C1CCC(CC2CCCC(CCC3CC(C4CCCCC4)C4CCCCC34)C2)CC1
C1CC(CC2CCCC(C3CCC4CCCCC43)C2)CC(C2CCC(C3CCC4CCCCC43)CC2)C1
C1CCC(C2CCC(C3CCCC(CC4CC5CCCCC5C4)C3)CC2)CC1
C1CCC(CC(C2CCC(C3CCCC(C4CCCCC4)C3)CC2)C2CC2)CC1
C1CCC(CCC2CCCC(C3CCC(CC4CCCCC4)C(C4CCCC4)C3)C2)CC1
C1CCC(C2CCCC(C3CCCCC3)C2)CC1
C1CC2CCC(CCC3CCCC(C4CCC5CCCCC54)C3)CC2C1
C1CCC(C2CCCC(CCC3CCCC3)C2)CC1
C1CCC(CCC2CCCCC2)CC1
C1CCC(CCC2CC(C3CCCCC3)CC(C3CCC3)C2)CC1
C1CCC(CCC2CCC(C3CCCCC3C3CCCCC3)CC2)CC1
C1CCC(CC2CCCCC2C2CC(C3CCCCC3)CCC2C2CCCCC2)CC1
C1CCC(CC2CCC(CC3CCCCC3)C(C3CCC4C(CCC4C4CCCC4)C3)C2)CC1
C1CCC(C2CCC(C3CCCCC3CC3CCCC(CC4CC5CCCCC5C4)C3)C2)CC1
C1CCC(C2CCCC(C3CCCCC3)C2)CC1
C1CCC(C2CCCCC2)CC1
C1CCC(C2CCCC(C3CCC(C4CCC(C5CCCC5)CC4)CC3)C2)CC1
C1CCC(CCC2CCCCC2)CC1
C1CCC(CC2CCC(C3CCCCC3)C(C3CCCC3)C2)CC1
C1CCC(CC2CC(C3CCCC3)CC(C3CCCCC3)C2C2CCCCC2)CC1
C1CCC(CCC2CCC3C(C4CCCCC4)CC(C4CCCCC4)C3C2)CC1
C1CCC(CCCC2CCC(CCC3CCC(C4CCCC4)CC3)CC2)CC1
C1CCC(CC2CCC(CCC3CCCC(C4CCCC4C4CCCCC4)C3)CC2)CC1
C1CCC(CC2CC(C3CC3)CCC2C2CCCCC2C2CCCC(C3CCCCC3)C2)CC1
C1CC(CC2CC3CCCCC3C2)CC(C2CCC(CC3CCC4CCCCC43)CC2)C1
C1CCC(CC2CCCCC2CCC2CCCC(C3CCCCC3)C2)CC1
C1CCC(CC2CCC(C3CCCCC3C3CCCC3)CC2)CC1
C1CCC(CC2CCCC(C3CCCCC3C3CCCC3)C2)CC1
C1CCC(C2CCCC(C3CCCCC3C3CCCCC3)C2)CC1
C1CCC(CC2CCCCC2C2CCC(C3CCCCC3)C3CCCC32)CC1
C1CCC(CCCCC2CC(C3CCC(C4CCCCC4)CC3)C3CCCCC23)CC1
C1CC(CCC2CC2)CC(CC2CCC3CCCC3C2)C1
C1CCC(CC2CCC(CC3CCC(C4CCCCC4)CC3)CC2)CC1
C1CCC(CC2CCCCC2CC2CCC(C3CCCCC3)CC2)CC1
C1CCC(CCC2CCCCC2C2CCCC(CC3CCCCC3)C2)CC1
C1CCC(C2CCC(C3CC4CCCCC4C3)CC2)CC1
C1CCC(CC2CC(C3CCCCC3CC3CCCCC3)C3CCCCC23)CC1
C1CCC(C2CCCCC2C2CCC(C3CCCC(C4CC5CCCCC5C4)C3)CC2)CC1
C1CCC(C2CCC3C(CCCC3C3CCCC(C4CCC5CCCCC5C4)C3)C2)CC1
C1CCC(CC2CCCC(CCC3CCC(CCC4CCC(CCCC5CCC5)CC4)CC3)C2)CC1
C1CCC(CC2CCCCC2C2CCC(CC3CCCC(C4CCCCC4)C3)CC2)CC1
C1CCC(C2CC(C3CCCCC3)CC(C3CCC(CC4CCCC4)CC3)C2)CC1
C1CCC(CCCCCC2CCCC(CC3CCC(C4CCCCC4)CC3)C2)CC1
C1CCC(C2CCCCC2C2CCC(CC3CCC4CCCCC43)CC2)CC1
C1CCC(CCCC2CCCC(CC3CCCCC3)C2)CC1
C1CCC(CC2CCCC(C3CCCC(C4CCCC4)C3)C2)CC1
C1CCC(CC2CCCC(C3CCC(C4CCCCC4CC4CCCCC4)CC3)C2)CC1
C1CCC(CCCC2CC(CC3CCCCC3)C3CCC(CC4CCCCC4)CC23)CC1
C1CCC(CCC2CCC(CCCC3CCCC(C4CCCCC4)C3)CC2)CC1
C1CCC(CC2CCCCC2C2CCCCC2)CC1
C1CCC(CCCCC2CCC(CC3CCC(CC4CCCCC4)CC3)CC2)CC1
C1CCC(CCC2CCCCC2CC2CCC(C3CCCCC3)CC2)CC1
C1CCC(CC2CCCCC2C2CCC(C3CC4CCCCC4C3)CC2)CC1
C1CCC(CC2CCC(CC3CCCCC3C3CCCCC3)CC2)CC1
C1CCC(C2CCC(C3CCC4CCCC4C3)C(C3CCC4CCCC4C3)C2)CC1
C1CCC(CCCCC(C2CCCCC2)C2CCCC(C3CCCCC3)C2)CC1
C1CCC(CCCCC2CCC(C3CCCCC3)CC2)CC1
C1CCC(C2CCCCC2)CC1
C1CCC(C2CCCC(C3CCCCC3C3CCCC3)C2)CC1
C1CCC(CC2CCC(CCC3CCCC(CC4CCCCC4)C3)CC2)CC1
C1CCC(CCCC2CCC(C3CCCCC3C3CCCCC3)CC2)CC1
C1CCC(CCC(CC2CC2)CC2CCC3C(CCC3C3CCCC3)C2)CC1
C1CCC(CC2CCC(CC3CC(C4CCC5CCCCC54)C4CCCCC34)CC2)CC1
C1CCC(C2CCCC(CC3CCCC(C4CCCCC4)C3)C2)CC1
C1CCC(C2CCCC(CC3CC(C4CCCCC4)C4CCCCC34)C2)CC1
C1CCC(C2CCCCC2C2CCC(C3CCCC(CC4CCCC4)C3)CC2)CC1
C1CCC(CC2CCC(CCCC3CCC(C4CCCCC4)C3)CC2)CC1
C1CCC(CC2CCCC(C3CCCC(C4CCCCC4)C3)C2)CC1
C1CCC(C2CCCC2C2CCCCC2)CC1
C1CCC(CCCCCC2CCCC(C3CCCC(CC4CCCC4)C3)C2)CC1
C1CCC(CC2CCC(C3CCCCC3)CC2)CC1
C1CCC(CC2CCC(CC3CCC(CC4CCC(C5CCC6CCCC6C5)CC4)CC3)CC2)CC1
C1CCC(CCC2CCCC(CCC3CC4CCCCC4C3)C2)CC1
C1CCC(C2CCC(C3CCCCC3C3CCCCC3)CC2)CC1
C1CCC(CC2CCCCC2C2CC(C3CCCCC3)C3CCCCC32)CC1
C1CCC(C2CCC(CC3CCC(C4CCCC(C5CCCC5)C4)CC3)CC2)C1
C1CCC(CCCC2CCCCC2)CC1
C1CCC(CCC2CCCC(CC3CC3)C2)CC1
C1CCC(CC2CCC(C3CCCCC3)CC2)CC1
C1CCC(C2CCCCC2C2CCCCC2)CC1
C1CCC(CCC2CCC(C3CC(CCC4CCCCC4)C4CCCCC43)CC2)CC1
C1CCC(CCC2CCC(C3CC(CC4CCCC4)C4CCCCC43)CC2)CC1
C1CCC(CC2CCCC(C3CCCCC3)C2)CC1
C1CCC(C2CCCCC2C2CCCC(CC3CC4CCCCC4C3)C2)CC1
C1CCC(C2CCCCC2)CC1
C1CCC(CC2CCCC(CCCCCC3CCC4CCCC4C3)C2)CC1
C1CCC(C2CCC(C3CCCC(C4CCCC(CC5CCCC5)C4)C3)CC2)CC1
C1CCC(C2CCCCC2CCC2CCC(CC3CC4CCCCC4C3)CC2)CC1
C1CCC(C2CCCCC2C2CCC(C3CCC(C4CCC5CCCCC5C4)CC3)C2)CC1
C1CCC(CC2CCC(C3CCC(CC4CCCCC4CC4CCCCC4)C3)CC2)CC1
C1CCC(CC2CCC(CC3CCCCC3)CC2)CC1
C1CCC(CCC2CCCC(CC3CCC(C4CCCC(C5CCCCC5)C4)CC3)C2)CC1
C1CCC(C2CCC(CC3CCCC(CC4CC5CCCCC5C4)C3)CC2)CC1
C1CCC(CC2CCCCC2CC2CCC(C3CCCCC3)CC2)CC1
C1CCC(CCCC2CCCC(CC3CCCC(C4CCCCC4)C3)C2)CC1
C1CCC(C2CCC3CC(C4CCCCC4C4CCCCC4C4CCCCC4)CCC32)CC1
C1CCC(CC2CCC(CCCCC3CCCC(CC4CCCCC4)C3)CC2)CC1
C1CCC(CCCC2CCC(C3CCCC(CC4CCC(CC5CCCC6CCCCC65)CC4)C3)CC2)CC1
C1CCC(CCCC2CCCC(C3CCCCC3)C2)CC1
C1CCC(C2CCC(C3CCCCC3)C(C3CCCC3)C2)CC1
C1CCC(CC2CCC(C3CCCCC3C3CCCCC3)CC2)CC1
C1CCC(CCCC2CCCC(C3CC(C4CCCCC4)CC(C4CCCC4)C3)C2)CC1
C1CCC(CC2CCC3CC(C4CCC5CCCCC54)CCC3C2)CC1
C1CCC(C2CCC(CC3CCC(CCC4CCCC(C5CCCCC5)C4)CC3)CC2)CC1
C1CCC(CC2CCC(CC3CCC(C4CCCCC4)CC3)CC2)CC1
C1CCC(CC2CCC(C3CCCCC3)CC2)CC1
C1CCC(C2CCCC(C3CCCCC3)C2)CC1
C(CC1CCC2CCCCC2C1)CC1CCCC(C2CCC3CCCC3C2)C1
C1CCC(CCC2CC3CCC(C4CCCC4)CC3C(C3CCCCC3)C2)CC1
C1CCC(CCC2CCC(CCC3CCCC(CC4CCCCC4)C3)CC2)CC1
C1CCC(CC2CCCC(CCCC3CCCC3)C2)CC1
C1CCC(CCCCC2CCC(CC3CCC(CC4CCCCC4C4CCCCC4)CC3)CC2)CC1
C1CCC(CC2CCCCC2CCCC2CC(CC3CCCCC3)C3CCCCC23)CC1
C1CCC(C2CCCCC2)CC1
C1CCC(CC2CCCCC2)CC1
C1CCC(C2CCC3CCCCC3C2)CC1
C1CCC(CCCC2CCC(CC3CCCC3)C(C3CCCCC3)C2)CC1
C1CCC(CC2CCCCC2)CC1
C1CCC(C2CCC(CC3CCCC(C4CCCCC4)C3)CC2)CC1
C1CCC(CC2CCC3CCCCC32)CC1
C1CCC(C2CCCC(C3CCC4CCCC4C3)C2)CC1
C1CCC(CC2CCC3CC(C4CCC(C5CCCCC5)CC4)CCC23)CC1
C1CCC(CCC2CCCC(CC3CCCC(C4CC5CCCCC5C4)C3)C2)CC1
C1CCC(C2CCC(CC3CCC(C4CCCCC4)CC3)CC2)CC1
C1CCC(CC2CCC(C3CC4CCCCC4C3)CC2)CC1
C1CCC(CCC2CCC(C3CCC(CC4CCC(CC5CCCCC5)CC4)CC3)CC2)CC1
C1CCC(CC2CCC(CC3CCC(C4CCCC(C5CCCCC5)C4)CC3)CC2)CC1
C1CCC(CCC2CCC(CC3CCC(CCC4CC5CCCCC5C4)CC3)CC2)CC1
C1CCC(CCC2CC(CC3CCC(CC4CCCC4)CC3)CCC2C2CCCCC2)CC1
C1CCC(CCCC2CCC(CC3CCC(CC4CCCCC4)CC3)CC2)CC1
C1CCC(CC2CCC(CC3CCCCC3)CC2)CC1
C1CCC(CC2CCC(C3CCCC(CC4CCCCC4)C3)CC2)CC1
C1CCC(CCCCC2CCC(CC3CCCCC3)CC2)CC1
C1CCC(CCCC2CCCCC2C2CCCCC2)CC1
C1CCC(CCC2CCC(C3CCC(C4CCCCC4)CC3)CC2)CC1
C1CCC(CC2CCC3CCCC(C4CCCC(C5CCCCC5)C4)C3C2)CC1
C1CCC(C2CC(C3CCCC(C4CCCCC4C4CCCC4)C3)C2)CC1
C1CCC(CCCC2CCCC(CC3CC3)C2)CC1
C1CCC(CCCC2CCCC(C3CCCC(C4CCCCC4)C3)C2)CC1
C1CCC(CC2CCCCC2C2CCC(CC3CCCC(CCC4CCC5CCCCC54)C3)CC2)CC1
C1CCC(CC2CCCC(CC3CC(CC4CCCCC4)CC(C4CCCC4)C3)C2)CC1
C1CCC(CC2CCCC(CCCCC3CC3)C2)CC1
C1CCC(CCCC2CCCC3CC(CC4CCCC(C5CCCCC5)C4)CCC23)CC1
C1CCC(C2CCC(CCC3CCC(C4CCCC4)CC3)CC2)CC1
C1CCC(C2CCCCC2CCC2CC3CCCCC3C2)CC1
C1CCC(CC2CCC(CC3CCC(C4CCCC4)CC3CCC3CC4CCCCC4C3)CC2)CC1
C1CCC(C2CCC(C3CCCC(C4CCCC5CCCCC54)C3)CC2)C1
C1CCC(CC2CC(C3CCCCC3)C3CCCCC23)CC1
C1CCC(C2CCC(C3CCC(CCC4CCCC5CCCCC54)CC3)CC2)C1
C1CCC(CCCC2CCCCC2C2CCC(CC3CCCCC3)CC2)CC1
C1CCC(CCCC2CCC(C3CCCC(C4CCCCC4)C3)CC2)CC1
C1CCC(CCC2CCC(CC3CCCCC3)CC2)CC1
C1CCC(C2CCC(CC3CCCC(CCC4CCC5CCCCC5C4)C3)CC2)CC1
C1CCC(CCC2CCC(C3CCCC(C4CCCC4)C3)CC2)CC1
C1CCC(C2CCCCC2C2CCCC(CCC3CCC(C4CCC4)CC3)C2)CC1
C1CCC(CC2CCC(C3CC4CCCCC4C3)CC2)CC1
C1CCC(C2CCC(C3CCCC(C4CCCCC4)C3)CC2)CC1
C1CC2CCC(C3CCCCC3C3CCCCC3C3CCCC3)CC2C1
C1CCC(C2CC(C3CCCCC3)CC(C3CCCCC3)C2)CC1
C1CCC(CCCC2CCCC(CCCCCC3CCC(C4CCC5CCCCC54)CC3)C2)CC1
C1CCC(C2CCC(CC3CCCC(C4CCCCC4)C3)CC2)CC1
C1CCC(CC2CCCC2C2CCCC(C3CC(C4CCCCC4)CCC3CC3CCCCC3)C2)CC1
C1CCC(CC2CCC(C3CCC(CCC4CCC5CCCCC5C4)CC3)CC2)CC1
C1CCC(CCCC2CCC(CC3CCC(C4CCCCC4)CC3)CC2)CC1
C1CCC(C2CC(C3CCCC(C4CCCC(C5CCC5)C4)C3)C3CCCCC23)CC1
C1CCC(CCC2CC(CCC3CCC(C4CCCCC4)CC3)CC(C3CCCCC3)C2)CC1
C1CCC(C2CCCC(C3CCCC(CC4CC5CCCC(C6CCCC6)C5C4)C3)C2)CC1
C1CCC(CCCCC2CCCCC2)CC1
C1CCC(C2CCC(C3CC4CCCCC4C3)CC2)CC1
C1CCC(CC2CC(C3CCCCC3)CCC2C2CCCCC2)CC1
C1CCC(CCC2CC(CCC3CCCC3)C3CC(C4CCCCC4CC4CCCCC4)CCC23)CC1
C1CCC(C2CCC(C3CCCCC3C3CCCCC3)C(C3CCC4CCCC4C3)C2)CC1
C1CCC(CCC2CCCC(CC3CCCC3)C2)CC1
C1CCC(C2CCC(C3CCCC(C4CCCCC4)C3)CC2)CC1
C1CCC(CC2CCC(C3CCCCC3)CC2)CC1
C1CCC(CC2CCC3CCCCC3C2)CC1
C1CCC(C2CCCCC2CC2CC3CCCCC3C2)CC1
C1CCC(C2CC(CCC3CCCCC3C3CCCCC3)CC(C3CCCC3)C2)CC1
C1CCC(C2CCC(C3CCCCC3)CC2)CC1
C1CCC(CC2CCCCC2C2CCCCC2)CC1
C1CCC(CC2CCC(CC3CCCCC3)CC2)CC1
C1CCC(CCCCC2CCC(C3CCCCC3C3CCCC(CC4CCC4)C3)CC2)CC1
C1CC2CCC(C3CCCCC3C3CCCC(CC4CC4)C3)CC2C1
C1CCC(C2CCC(CC3CC(CC4CCCC4)C4CCCCC34)CC2)CC1
C1CCC(CC2CCCCC2CC2CCC(C3CCCCC3)CC2)CC1
C1CCC(CCC2CCC(C3CCCCC3C3CCC(CC4CCCCC4)CC3)CC2)CC1
C1CCC(CCCCC2CCC(C3CC4CCCCC4C3)CC2)CC1
C1CCC(CCCCC2CCCC(C3CCCCC3)C2)CC1
C1CCC(CCCC2CCC(CC3CCCCC3)CC2)CC1
C1CCC(CCC2CCC(CCC3CCC(CC4CCCCC4)CC3)CC2)CC1
C1CCC(C2CCCC(C3CCCCC3)C2)CC1
C1CCC(C2CCC(C3CCCC(C4CCCC(C5CCCC(CCC6CCC7CCCCC76)C5)C4)C3)CC2)CC1
C1CCC(CC2CCC(C3CCC(C4CCCCC4)CC3)CC2)CC1
C1CCC(CCC2CCC(CC3CCC(CCC4CCCCC4)CC3)CC2)CC1
C1CCC(CC2CCC(C3CCCCC3)CC2)CC1
C1CCC(C2CCC(C3CCCCC3)C(C3CCCC3)C2)CC1
C1CCC(CCC2CCCC(CCC3CCCCC3)C2CC2CCC(C3CCCCC3)CC2)CC1
C1CCC(C2CC(C3CCC4CCCCC43)CC3CCC(CC4CCC(C5CC6CCCCC6C5)CC4)CC32)CC1
C1CCC(CCCC2CCC(CC3CCCCC3)C(C3CCCCC3)C2)CC1
C1CCC(CC2CCCC(C3CC(C4CCCCC4)C4CC(CC5CCCCC5)CCC34)C2)CC1
C1CCC(C2CCC(C3CCC4CC(C5CCCCC5)CCC4C3)CC2)CC1
C1CCC(CCCCCC2CCCC(C3CCCCC3CC3CCCCC3)C2)CC1
C1CCC(CC2CCC(CCC3CCC4CCCC4C3)CC2)CC1
C1CCC(CC2CCCC(CCC3CCCC(C4CCCCC4)C3)C2)CC1
C1CCC(CCCC2CCC(C3CCC(CCCC4CCC5CCCCC54)CC3)CC2)CC1
C1CCC(CCC2CCC(C3CCCCC3C3CCCCC3)CC2C2CCCCC2)CC1
C1CCC(CC2CCCCC2CCC2CCC3C(CCCC3C3CCCC(C4CC4)C3)C2)CC1
C1CCC(C2CCC(C3CCCC(C4CCCC(C5CCCC5)C4)C3)CC2)CC1
C1CCC(CCC2CCCCC2C2CCC(CC3CCCCC3C3CCC4CCCCC43)CC2)CC1
C1CCC(CC2CCCC(C3CCC(CC4CC5CCCCC5C4)CC3C3CCCC3)C2)CC1
C1CCC(CCC2CCCC(C3CCCC(C4CCCCC4)C3)C2)CC1
C1CCC(CC2CC(C3CCCCC3)C3CC(CCC4CCCC5CCCCC54)CCC23)CC1
C1CCC(C2CCC(CC3CCC(CCC4CCCC4)CC3)CC2)CC1
C1CCC(C2CCCC(CC3CCCCC3C3CCCCC3C3CCC3)C2)CC1
C1CCC(C2CCC(C3CCCCC3C3CCC(C4CCCCC4)CC3CC3CCC3)CC2)CC1
C1CCC(C2CCCC(C3CCC4C(CCC4C4CCCC4)C3)C2)CC1
C1CCC(CC2CCC(C3CCCCC3)C(C3CCCCC3)C2)CC1
C1CCC(C2CCC(C3CCCC3)CC2C2CCCC(C3CCC4CCCCC43)C2)CC1
C1CCC(CCC2CC(CC3CC3)CC(C3CCCCC3)C2)CC1
C1CCC(C2CCC(C3CCCCC3)CC2)CC1
C1CC(CC2CCC(C3CC4CCCCC4C3)CC2)CC(CC2CC3CCCCC3C2)C1
C1CCC(C2CCCCC2CCC2CC3CCCCC3C2)CC1
C1CCC(C2CCC(C3CCCCC3C3CCC4C(CCCC4C4CC5CCCCC5C4)C3)CC2)C1
C1CCC(CCCC2CCC(C3CCC(CCC4CCC(C5CCCCC5)CC4)CC3)CC2)CC1
C1CCC(CC2CCCCC2C2CCCC(CCCC3CC4CCCCC4C3)C2)CC1
C1CCC(CC2CCC(CC3CCCCC3)CC2)CC1
C1CCC(CCC2CCCC(C3CCCCC3)C2)CC1
C1CCC(CC2CCC(C3CC(C4CCCCC4)C4CCCCC34)CC2)CC1
C1CCC(CC2CCC(CC3CCCC(C4CCCCC4)C3)CC2)CC1
C1CCC(C2CCCC(C3CCC(CC4CCCC(C5CCC(C6CCCC6)CC5)C4)CC3)C2)CC1
C1CCC(C2CCCC(C3CCCCC3)C2C2CCCCC2)CC1
C1CCC(CC2CCC(C3CC(CC4CCCCC4)C4CCC(C5CCCCC5)CC43)CC2)CC1
C1CCC(CCC2CCC(C3CCCCC3C3CCCCC3)C(C3CCCCC3)C2)CC1
C1CCC(CCC2CC(CC3CCCCC3)CCC2C2CCCC(CC3CC4CCCCC4C3)C2)CC1
C1CCC(CC2CCCC(C3CCCCC3CC3CCCCC3)C2)CC1
C1CCC(CCC2CC(CC3CCCCC3CC3CCCCC3)C3CCCCC23)CC1
C1CCC(CC2CCCCC2C2CCCC(C3CCCCC3)C2)CC1
C1CCC(C2CC(CC3CCCCC3C3CCC4CCCCC43)C3CCCCC32)CC1
C1CCC(C2CCCC(C3CCCC(C4CCC(C5CC5)CC4)C3)C2)CC1
C1CCC(CC2CCC(CC3CCCCC3CC3CCCC3)CC2)C1
C1CCC(CCC2CCC(CCC3CCCC(C4CCCCC4)C3)CC2)CC1
C1CCC(CC2CCC3CC(C4CCC5CCCCC54)CC(C4CCCCC4)C3C2)CC1
C1CCC(C2CCCC(C3CCCC4CCCCC43)C2)CC1
C1CCC(CC2CC(CC3CCCCC3)C3CCCCC23)CC1
C1CCC(C2CCC3CC(C4CCC5CCCCC54)CC(C4CCCCC4)C3C2)CC1
C1CCC(CCCC2CCCCC2CC2CC(CC3CCCCC3)C3CCCCC23)CC1
C1CCC(CC2CCCC(CC3CCCCC3)C2)CC1
C1CCC(CC(CCC2CCC3CCCC3C2)C2CCCC(C3CCCCC3)C2)CC1
C1CCC(CCCC2CCC(C3CCCCC3)CC2)CC1
C1CCC(CCCC2CCC(C3CCCC(CCCC4CCCCC4)C3)CC2)CC1
C1CCC2CC(CC3CCC(CC4CCC(CC5CC6CCCCC6C5)CC4)CC3)CCC2C1
C1CCC(CC2CCC(CC3CCCCC3)C(CC3CCCCC3)C2)CC1
C1CCC(CCCC2CCCCC2)CC1
C1CCC(CCC2CCC(C3CCCC(C4CCCCC4)C3)CC2)CC1
C1CCC(CCC2CCC(CC3CCCCC3)CC2)CC1
C1CCC(CC2CCC(C3CCCCC3)CC2)CC1
C1CCC(C2CCCC(CC3CCC(C4CCCCC4)C(C4CCC5CCCC5C4)C3)C2)CC1
C1CCC(CC2CCC(CCC3CCCC(C4CCCCC4)C3)CC2)CC1
C1CCC(C2CCCC(CC3CCCCC3C3CCCCC3)C2)CC1
C1CCC(C2CCCCC2C2CCCCC2C2CCCC2)CC1
C1CCC(CC2CCC3CC(C4CCCCC4C4CCC(C5CCC6CCCCC65)CC4)CCC23)CC1
C1CCC(CC2CCCCC2)CC1
C1CCC(CC2CCC(CC3CCCCC3)CC2)CC1
C1CCC(CC2CCC(CCC3CCC4CCCC4C3)CC2C2CCC3CCCC3C2)CC1
C1CCC(C2CCC(C3CCCC(C4CCCCC4)C3)CC2)CC1
C1CCC(CCC2CCCC(CC3CCCCC3)C2)CC1
C1CCC(CC2CCC(C3CCCC(CC4CC5CCCCC5C4)C3)CC2)CC1
C1CCC(C2CCC(CCC3CCC(C4CC(C5CCCCC5)C4)CC3)CC2)CC1
C1CCC(CCC2CCCCC2CCC2CCCC(C3CCCCC3)C2)CC1
C1CCC(CCCCCC(C2CCC(CC3CC3)CC2)C2CCCC(C3CCC3)C2)CC1
C1CCC(CC2CCCCC2C2CCC(CCC3CCC3)CC2)CC1
C1CCC(CCC2CCC(CC3CCC(CC4CCCCC4)CC3)CC2)CC1
C1CCC(C2CCCC(CCC3CCCC3)C2)CC1
C1CCC(CCC2CCCC(CC3CCCCC3)C2)CC1
C1CCC(CC2CCC(CC3CCCC(CC4CCCCC4)C3)CC2)CC1
C1CCC(C2CCCC(C3CCC(C4CCCC4)CC3)C2)CC1
C1CCC(CC2CC(C3CCCCC3)CC(C3CCC3)C2)CC1
C1CCC(CC2CCCCC2C2CCC(C3CCC(C4CCC4)CC3)CC2)CC1
C1CCC(CCCC2CCCC(C3CCCCC3)C2)CC1
C1CCC(C2CCCC(C3CCCCC3C3CCCCC3)C2)CC1
C1CCC(CC2CCCC(C3CCCC(C4CCCCC4)C3)C2)CC1
C1CCC(CC2CCCC(C3CCCCC3)C2)CC1
C1CCC(CC2CCCC(CCCCC3CC(C4CCCC(C5CCCCC5)C4)C3)C2)CC1
C1CCC(C2CCC(C3CCC(C4CC5CCCCC5C4)CC3)CC2)C1
C1CCC(CC2CCC(C3CC4CCCCC4C3)CC2)CC1
C1CCC(CCC2CC(CC3CCC4C(CCC4C4CCCCC4)C3)C3CCCCC23)CC1
C1CCC(CCCCC2CCCC(C3CC3)C2)CC1
C1CCC(CC2CCC(CCC3CC(CC4CC4)C4CCCCC34)CC2)CC1
C1CCC(CCCCC2CCC(CCC3CCC(CC4CC4)CC3)CC2)CC1
C1CCC(C2CCCC(CCC3CCC4CCCCC43)C2)CC1
C1CCC(CC2CCCC(C3CCCCC3)C2)CC1
C1CCC(CC2CCCCC2)CC1
C1CCC(CCC2CCCC(C3CCC(C4CCC4)CC3)C2)CC1
C1CCC(CCCCC2CCC(C3CCCC(CCC4CCCCC4)C3)CC2)CC1
C1CCC(CC2CCCCC2C2CCC(C3CCCCC3)CC2)CC1
C1CCC(CCC2CCC(C3CCCCC3)C(C3CC3)C2)CC1
C1CCC(C2CCCC(C3CCCC(CCC(C4CCCCC4)C4CCCCC4)C3)C2)CC1
C1CCC(CCC2CCC(C3CCC(C4CCCCC4)CC3)C(C3CCCCC3)C2)CC1
C1CCC(CC2CCC(C3CC(CC4CCCC(C5CCCC5)C4)C4CCCCC43)CC2)CC1
C1CCC(CCC2CCC(CCC3CCCCC3C3CCC(C4CCCC4)CC3)CC2)CC1
C1CCC(C2CCCC(C3CCCCC3)C2)CC1
C1CCC(C2CCCCC2CC2CCC(CC3CC4CCCCC4C3)CC2)CC1
C1CCC(C2CCC3CC(C4CCC(C5CCC(C6CCC(C7CCC8CCCC8C7)CC6)CC5)CC4)CCC32)CC1
C1CCC(CCCC2CCC(CC3CCC(CC4CCCCC4)CC3)CC2)CC1
C1CCC(C2CCC(C3CCCCC3)CC2)CC1
C1CCC(CCCC2CCC(CC3CCC(CCCC4CCCCC4)CC3)CC2)CC1
C1CCC(C2CC(C3CCCCC3)CC(C3CCCC3)C2)CC1
C1CCC(CCC2CC(CC3CCCCC3)C3CCC(C4CCCCC4)CC23)CC1
C1CCC(CCCCC2CC(CC3CCCC(CC4CCCCC4)C3)C3CCCCC23)CC1
C(CCCC1CCCCC1)CCCC1CCCCC1
C1CCC(CCC2CCCC(CC3CCCCC3)C2)CC1
C1CCC(C2CCC(C3CCCCC3C3CCC4CCCC4C3)C3CCCC23)CC1
C1CCC(C2CCCCC2C2CCCC(C3CCC4CCCCC43)C2)CC1
C1CCC(CC2CCC(CCC3CC4CCCCC4C3)CC2)CC1
C1CCC(CC2CCC(C3CC(C4CCCCC4)C4CCCCC34)CC2)CC1
C1CCC(C2CCCC(CC3CCCCC3C3CCCCC3)C2)CC1
C1CCC(CC2CCCCC2C2CCC(C3CCC4CCCC4C3)CC2)CC1
C1CCC(CCC2CCC3CC(C4CCCC(C5CC5)C4)CCC23)CC1
C1CCC(CC2CCCCC2CC2CC(C3CCCCC3)CC3CCCCC32)CC1
C1CCC(C2CCCC(C3CCC(C4CCCCC4C4CCCC4)CC3)C2)CC1
C1CCC(C2CCCCC2)CC1
C1CCC(CC2CCC(C3CCC(C4CC4)CC3C3CCCC3)CC2)CC1
C1CCC(CC2CCC(C3CCC(CC4CCC4)CC3C3CCCC3)CC2)CC1
C1CCC(CCC2CCC(CC3CCCCC3)CC2)CC1
C1CCC(C2CCCC(C3CCC(C4CCCC5CCCCC54)CC3)C2)CC1
C1CCC(C2CCCC(C3CCCC(CC4CCCC4)C3)C2)CC1
C1CCC(CCC2CCCC(CCCC3CCC(C4CCCCC4)CC3)C2)CC1
C1CCC(CC2CCC(C3CCC(CC4CCCC(CC5CCCCC5)C4)CC3)CC2)CC1
C1CCC(C2CCCC(CC3CC(CC4CCCC4)C4CCCCC34)C2)CC1
C1CCC(CC2CCC(C3CCC4CCCCC43)CC2C2CCCC2)CC1
C1CCC(C2CCCC(C3CCCC(C4CCC(CCC5CCC6CCCC6C5)CC4)C3)C2)CC1
C1CCC(CCC2CCC(CCC3CCCCC3)CC2)CC1
C1CCC(CC2CCCCC2CCC2CCC(C3CCCC3)CC2)CC1
C1CCC(CC2CC(CC3CC3)CC(C3CCCCC3)C2C2CCCCC2)CC1
C1CCC(CC2CCCC(C3CCCCC3)C2)CC1
C1CCC(CCCCCC2CCC(CC3CCCCC3)CC2)CC1
C1CCC(C2CCCC(C3CC4CCCCC4C3)C2)CC1
C1CCC(CC2CCC(CC3CCCC(CC4CCCCC4)C3)CC2)CC1
C1CCC(CCC2CCC(C3CCCCC3)CC2)CC1
C1CCC(C2CC(C3CCC4CCCCC43)CC3CCCCC32)CC1
C1CCC(CCC2CCC(C3CCCCC3)CC2)CC1
C1CCC(C2CCCC(CCC3CCCC(C4CCCCC4)C3)C2)CC1
C1CCC(CC2CCC(C3CCCCC3CC3CCCC3)CC2)CC1
C1CCC(C2CCC(C3CCCCC3)C(CCC3CCCC4CCCCC43)C2)CC1
C1CCC(CCC2CC(CC3CCCCC3)CC(CC3CC4CCCCC4C3)C2)CC1
C1CCC(C2CCCCC2CCC2CCC(CC3CCC(CCC4CCCC4)CC3)CC2)CC1
C1CCC(C2CCCCC2CC2CCCC3CC(C4CCCC4)CCC32)CC1
C1CCC(CC2CCC(C3CCCCC3C3CCCCC3)CC2)CC1
C1CCC(C2CCCC(CCCC3CCC(C4CCCC(C5CCCC5)C4)CC3)C2)CC1
C1CCC(C2CCC(C3CCCC(C4CCCCC4)C3)CC2)CC1
C1CCC(CCC2CC(C3CCCCC3)C3CCCCC23)CC1
C1CCC(C2CCCCC2)CC1
C1CCC(C2CCCCC2C2CCCC2)CC1
C1CCC(CC2CCC3CC(CC4CCC(CC5CC6CCCCC6C5)CC4)CCC23)CC1
C1CCC(C2CC3CCCC(C4CCCCC4)C3C2)CC1
C1CCC(CC2CCC(CC3CCCCC3)C(CC3CCCCC3)C2)CC1
C1CCC(CC2CCC(C3CCCCC3)CC2)CC1
C1CCC(C2CCC3C(CC4CCCC(CC5CC5)C4)CCC3C2)CC1
C1CCC(CC2CCC(CCC3CCCC(CC4CCC4)C3)CC2)CC1
C1CCC(CCCCC2CCCCC2C2CCCCC2)CC1
C1CCC(CC2CCCC(CC3CCC(CCC4CCCC(C5CCCCC5)C4)CC3)C2)CC1
C1CCC(CCCCC2CCCC(C3CCC(C4CCCCC4)CC3C3CCCC3)C2)CC1
C1CCC(CCC2CCCC(C3CCCCC3)C2)CC1
C1CCC(CCC2CCC(C3CCCCC3)CC2)CC1
C1CCC(CCC2CCC(C3CCCC(C(C4CCCCC4)C4CCCC4)C3)CC2)CC1
C1CCC(CC2CCC3C(CC4CCCCC4)CC(C4CCCCC4)C3C2)CC1
C1CCC(CC2CCC(CC3CCC(C4CCC5CCCCC5C4)CC3)CC2)CC1
C1CCC(CC2CC(CC3CCCC(C4CCCCC4)C3)C3CCCCC23)CC1
C1CCC(CCC2CCC(CC3CCC(CC4CCCCC4)CC3)CC2)CC1
C1CCC(CC2CCC(C3CCCCC3)CC2)CC1
C1CCC(CCC2CCC(CCCC3CC(C4CCCCC4)CC(C4CCC4)C3)CC2)CC1
C1CCC(CC2CCC(CC3CCCCC3)CC2)CC1
C1CCC(C2CCCC(CC3CCC4CC(CCCCC5CCC6CCCCC6C5)CCC43)C2)CC1
C1CCC(C2CCC3C(CCCC3C3CCCCC3)C2)CC1
C1CCC(CCC2CCCC(CC3CCCCC3)C2)CC1
C1CCC(C2CCCC(C3CCCC(C4CCCCC4)C3)C2)CC1
C1CCC(C2CC(C3CCCCC3)C3CCCCC23)CC1
C1CCC(CCCC2CCC(CC3CCC(C4CCCCC4)CC3)CC2)CC1
C1CCC(CC2CCCCC2C2CCCCC2)CC1
C1CCC(CC2CCCC(C3CCC(C4CCCCC4)C3)C2)CC1
C1CCC(CCCC2CCC(CC3CCCCC3)CC2)CC1
C1CCC(CCC2CCC(C3CCCCC3)CC2)CC1
C1CCC(C2CCC(C3CCCCC3)C(C3CCCC3)C2)CC1
C1CCC(C2CC(C3CCC(CCC4CC4)CC3)C3CCCCC23)C1
C1CCC(CCCCCC2CCCC(C3CCCCC3)C2)CC1
C1CCC(CC2CCC(CCC3CCCC3)CC2)CC1
C1CCC(C2CCC(C3CC(C4CCC(C5CCCCC5)CC4)C3)CC2)CC1
C1CCC(CCC2CCC(C3CCC4CC(C5CCCCC5)CCC43)CC2)CC1
C1CCC(C(CCC2CCC(C3CCC3)CC2)CC2CCC2)CC1
C1CCC(CC2CCC(C3CCC(C4CCCCC4)CC3)CC2)CC1
C1CCC(CCC2CCCCC2C2CCCC(C3CCCCC3)C2)CC1
C1CCC(C2CCCCC2C2CCCCC2)CC1
C1CCC(C2CCCC(C3CCCC(CC4CCC5CCCC5C4)C3)C2)CC1
C1CCC(C2CCCC(C3CCCC(C4CCCCC4)C3)C2)CC1
C1CCC(CCCCC2CCC(C3CCCCC3)CC2)CC1
C1CCC(CC2CCC(CC3CCCC(CC4CCCCC4)C3)CC2)CC1
C1CCC(C2CCCC(CC3CCCC3)C2)CC1
C1CCC(CC2CCCC(C3CCCCC3)C2)CC1
C1CCC(C2CC(CC3CC3)CC(C3CCCCC3)C2)CC1
C1CCC(CC2CCC(C3CCCCC3)CC2)CC1
C1CCC(CCC2CCC(CC3CCC(CCC4CCC(C5CCCC5)CC4)CC3)CC2)CC1
C1CCC(CC2CCC(CC3CCCC(C4CCCCC4)C3)CC2)CC1
C1CCC(CCC2CCC(CC3CCCCC3)CC2)CC1
C1CCC(CC2CCC(C3CCCC(C4CCC(C5CCCCC5)CC4)C3)CC2)CC1
C1CCC(C2CCC(CCC3CC4CCCCC4C3)CC2)CC1
C1CCC(CC2CCCC(C3CCCCC3)C2)CC1
C1CCC(CC2CCC(CC3CCC(CCC4CCC(C5CCCCC5)CC4)CC3)CC2)CC1
C1CCC(CC2CCC(CCCCC3CCC(C4CCC5CCCCC54)CC3)CC2)CC1
C1CCC(CC2CCCCC2CC2CCCCC2C2CCC3CCCC3C2)CC1
C1CCC(CCC2CCC(C3CCCCC3C3CCC4CCCC4C3)CC2)CC1
C1CCC(CC2CCC(C3CCCC(CC4CCCC4)C3)CC2)CC1
C1CCC(CC2CCC(C3CCCCC3)CC2)CC1
C1CCC(C2CCCC(CC3CCCC(C4CCCCC4)C3)C2)CC1
C1CCC(CC2CCCCC2C2CCCCC2)CC1
C1CCC(CC2CCC(C3CCCC3)CC2)CC1
C1CCC(C2CCC(CC3CCCC(C4CCCCC4)C3)CC2)CC1
C1CCC(C2CCCC(CC3CCC4CC(CC5CCCC(C6CC6)C5)CCC43)C2)CC1
C1CCC(CCCCC2CCC(CC3CCC(C4CCCCC4)CC3)CC2)CC1
C1CCC(C2CCC(CCC3CCCCC3C3CCCC3)CC2)CC1
C1CCC(CC2CCCCC2CC2CC(C3CCCCC3)C3CCCCC23)CC1
C1CCC(C2CCCC(C3CCCC(C4CCCCC4)C3)C2)CC1
C1CCC(CCC2CCC(CCC3CCC(C4CCCCC4)CC3)CC2)CC1
C1CCC(C2CCCC(CC3CCC(C4CCC4)CC3)C2)CC1
C1CCC(C2CCC(C3CCC(C4CC(C5CCCCC5)C4)CC3)CC2)CC1
C1CCC(CCCCC2CCC(CC3CCC(C4CCCCC4)CC3)CC2)CC1
C1CCC(CCCCCC2CCC(CC3CCCC(CCCC4CCCCC4)C3)CC2)CC1
C1CCC(CCC2CCCC(C3CCCCC3)C2)CC1
C1CCC(CC2CCC(CC3CCCCC3C3CCC(C4CCCC4)CC3)CC2)CC1
C1CCC(CCC2CCC(C3CCC(C4CC4)CC3)CC2)CC1
C1CCC(C2CCCC(C3CCC(CCC4CCCCC4C4CCCC4)CC3)C2)CC1
C1CCC(CC2CCC(CC3CCCC(CC4CCCC(C5CCC6CCCCC65)C4)C3)CC2)CC1
C1CCC(CCC2CCC(C3CCCC(C4CCCCC4)C3)CC2)CC1
C1CCC(CCCC(C2CCCCC2)C2CCCCC2)CC1
C1CCC(CC2CCCC(CCC3CCCC(CC4CCCCC4)C3)C2)CC1
C1CCC(CC2CCCCC2C2CCC(C3CCCCC3)CC2)CC1
C1CCC(CC(CC2CCCCC2)C2CCCC(CCC3CCCC3)C2)CC1
C1CCC2CC(CCC3CCC(CCC4CCCCC4C4CCC5CCCCC54)CC3)CCC2C1
C1CCC(C2CCCC(C3CCCCC3C3CCCCC3)C2)CC1
C1CCC(CC2CCC(CCC3CCC(CCC4CCCC4)CC3)CC2)CC1
C1CCC(C2CCCC(C3CCCCC3C3CCCCC3C3CCCC3)C2)CC1
C1CCC(CCC2CCC(CC3CCCCC3)CC2C2CCCC2)CC1
C1CCC(CC2CCC(C3CCCCC3C3CCCCC3CC3CCCCC3)CC2)CC1
C1CCC(C2CCCC(CC3CCCC(CCCC4CCCC4)C3)C2)CC1
C1CCC(CCC2CCC(C3CCCC(C4CCCCC4)C3)CC2)CC1
C1CCC(CCCC2CCCC(CCC3CCCCC3)C2)CC1
C1CCC(CC2CCCC(C3CCCC(C4CCCCC4)C3)C2)CC1
C1CCC(CC2CCCC(C3CCCC(CCC4CCCCC4C4CCCCC4)C3)C2)CC1
C1CCC(CC2CCCC(CC3CCCCC3C3CCCC3)C2)CC1
C1CCC(CC2CCCC(C3CC4CCCCC4C3)C2)CC1
C1CCC(CCC2CCCC(C3CCCCC3)C2)CC1
C1CCC(C2CCCC(CC3CCCCC3C3CCCCC3)C2)CC1
C1CCC(CCCC2CCCC(C3CCCC3)C2)CC1
C1CCC(CCCCC2CCCCC2CC2CCCC(CC3CCCCC3)C2)CC1
C1CCC(CCC2CCC(CCC3CCCC(CCCC4CCC(CC5CC5)CC4)C3)CC2)CC1
C1CCC(C2CCC(CCC3CCC(CCC4CCCC(C5CCCCC5)C4)CC3)CC2)CC1
C1CCC(CC2CCCC(CCCC3CCCC(CC4CC5CCCCC5C4)C3)C2)CC1
C1CCC(CC2CCC(CCCC3CCC3)CC2)CC1
C1CCC(CC2CCC(CC3CCC(CC4CCCC(C5CCCC5)C4)CC3)CC2)CC1
C1CCC(CC2CCC3C(CCC3CC3CCCC(C4CCCCC4)C3)C2)CC1
C1CCC(C2CCC(C3CCCCC3)CC2)CC1
C1CCC(C2CCC(CC3CCC(CC4CCC(CCCC5CC6CCCCC6C5)CC4)C3)CC2)CC1
C1CCC(CCC2CCC(CC3CCCCC3)CC2)CC1
C1CCC(CCC2CCC(C3CCCCC3C3CCCCC3)CC2)CC1
C1CCC(CC2CCC(CC3CCCCC3)CC2)CC1
C1CCC2CC(C3CCCCC3CC3CC3)CCC2C1
C1CCC(CC2CCCCC2)CC1
C(CC1CC1)CC1CCC(C2CCC(C3CCCC3)CC2C2CCCC2)CC1
C1CCC(CC2CCCC(C3CCCCC3)C2)CC1
C1CCC(CCCC2CCCC(CC3CCC(C4CCCCC4)CC3)C2)CC1
C1CCC(CCCCC2CCCCC2)CC1
C1CCC(CC2CCC(C3CCCCC3)CC2)CC1
C1CCC(CCCCC2CC(CC3CCCCC3)CC(CC3CC3)C2)CC1
C1CCC(CCC2CCC(CC3CCCCC3)CC2)CC1
C1CCC(CC2CCC(CC3CCC(CC4CCCCC4)CC3)CC2)CC1
C1CCC(CC2CCCC(CC3CCC(CCC4CC5CCCCC5C4)CC3)C2)CC1
C1CCC(C2CCC(CCCC3CC4CCCCC4C3)CC2)CC1
C1CCC(C2CCC(C3CC(C4CCCCC4)C4CCCCC34)CC2)CC1
C1CCC(CC2CCC(C3CCCCC3C3CCCCC3)C2)CC1
C1CCC(CCC2CCCCC2)CC1
C(CC1CCC(CC2CCC3CCCCC32)CC1)CC1CCC(CC2CCCCC2C2CCCC2)C1
C1CCC(CCCC2CCC(CC3CCCCC3)CC2C2CCCCC2)CC1
C1CCC(CC2CCC(CC3CCC(C4CC5CCCCC5C4)CC3)CC2)CC1
C1CCC(CC2CCC(CCC3CCC(C4CCCCC4)CC3)CC2)CC1
C1CCC(CC2CCC(CCC3CCCCC3C3CCCC(C4CCCCC4)C3)CC2)CC1
C1CCC(CC2CCCC(C3CCCCC3C3CCC4CCCCC43)C2)CC1
C1CCC(CCCC2CCC(CC3CCC(CCC4CCCCC4)CC3)CC2)CC1
C1CCC(CCCC2CCCC(C3CCC(CC4CCCCC4CC4CCCCC4)CC3)C2)CC1
C1CCC(CC2CC(C3CCCC(CC4CCC(C5CCCCC5)CC4)C3)C3CCCCC23)CC1
C1CCC(CC2CCCCC2CC2CCCC(C3CCCCC3)C2)CC1
C1CCC(C2CCCCC2)CC1
C1CCC(C2CCCC(C3CCCCC3)C2)CC1
C1CCC(CCC2CCC(C3CCCCC3)CC2)CC1
C1CCC(CC2CCCC(CC3CCC(C4CCC(C5CCCCC5)CC4)CC3)C2)CC1
C1CCC(CCCC2CCC(CC3CCCCC3)CC2CCCC2CCCCC2)CC1
C1CCC(C2CCCC(C3CCCCC3)C2)CC1
C1CCC(CCC2CCC(CC3CCCCC3)CC2CC2CCCCC2)CC1
C1CCC(CCC2CCCC(C3CCC4CCCC4C3)C2)CC1
C1CC(CC2CCC(CC3CCC(C4CCCCC4C4CCC5CCCCC5C4)CC3)CC2)C1
C1CCC(CCCCC2CCC3CC(C4CCC(CCCC5CCC5)CC4)CCC23)CC1
C1CCC(CC2CCC(CC3CCCCC3)CC2)CC1
C1CCC(CCC2CCC(CC3CCCCC3)CC2CC2CCCCC2)CC1
C1CCC(CCC2CC(C3CCC4CCCCC43)CC3CCCCC32)CC1
C1CCC(CC2CCCCC2CCCC2CCC(CC3CC4CCCCC4C3)CC2)CC1
C1CCC(CC2CCCCC2C2CCCC(C3CCCCC3)C2)CC1
C1CCC(CC2CCC(CC3CCC(C4CCCCC4)CC3)CC2)CC1
C1CCC(C2CCCC(CCCC3CCC(CCC4CCC(CC5CC6CCCCC6C5)CC4)CC3)C2)CC1
C1CCC(CC2CCC(CC3CCC(C4CCCCC4)CC3)CC2)CC1
C1CCC(C2CCCC(CCC3CCCC4CC(C5CCCCC5)CCC34)C2)CC1
C1CCC(C2CCC(CC3CCCC4CCCCC43)CC2C2CCCCC2)CC1
C1CCC(C2CCCC(CC3CC4CCCC(C5CCC6CCCCC65)C4C3)C2)CC1
C1CCC(CCCCC2CCC(CC3CCC(C4CCC(CC5CCCCC5)CC4)CC3)CC2)CC1
C1CCC(CC2CCC(C3CCCCC3)CC2)CC1
C1CCC(CCCC2CCCCC2C2CCC3CC(C4CCCCC4)CCC32)CC1
C1CCC(CC2CCC(C3CCC(CC4CCCCC4)C(C4CC4)C3)CC2)CC1
C1CCC(C2CCC(C3CCCCC3C3CCCCC3)CC2)CC1
C1CCC(C2CCCC(CC3CCC(C4CCCC4)C(C4CC4)C3)C2)CC1
C1CCC(C2CCC3CC(C4CC(C5CC5)CCC4C4CCC5CCCC5C4)CCC32)CC1
C1CCC(CCC2CCC(CC3CCC(CC4CCCCC4)CC3)C2)CC1
C1CCC(CC2CC(C3CCCCC3)C3CCCCC23)CC1
C1CCC(CC2CCCCC2C2CCC(C3CCCCC3)CC2)CC1
C1CCC(CCCC2CCC(C3CC(C4CCCCC4)C3)CC2)CC1
C1CCC(CC2CCC(C3CCCCC3)CC2CC2CCCCC2)CC1
C1CCC(CC2CCC(C3CCCCC3CC3CCCCC3)C(CCCC3CCC3)C2)CC1
C1CCC(C2CCCCC2CC2CCCC(C3CCCC(CCC4CCCC4)C3)C2)CC1
C1CCC(CC2CCCC(C3CCC(C4CCCCC4)CC3)C2)CC1
C1CCC(CC2CCCC(C3CCCCC3)C2)CC1
C1CCC(CC2CCC(C3CCC(C4CCCCC4)CC3)CC2)CC1
C1CCC(C2CCCC(CC3CCC(C4CCCC4)CC3C3CCCC3)C2)CC1
C1CCC(CC2CCC(CCC3CCC(C4CCCCC4)CC3)CC2)CC1
C1CCC(CC2CCC(CCC3CCC(C4CCCCC4)CC3)CC2)CC1
C1CCC(CCCC2CCC(CC3CCC(CC4CCCCC4)CC3)CC2)CC1
C1CCC2CC(CC3CCC(CC4CCCCC4C4CCC(C5CC5)CC4C4CCCC4)CC3)CC2C1
C1CCC(C2CCC(CCC3CCCCC3C3CCCCC3)CC2)CC1
C1CCC(CCC2CCCC(CC3CC(CCC4CCC(C5CCCC5)CC4)C4CCCCC34)C2)CC1
C1CCC(C2CCC(CCC3CCCC(C4CCCCC4)C3)CC2)CC1
C1CCC(C2CCCC(C3CCCCC3C3CCCCC3)C2)CC1
C1CCC(CC2CCC(CCC3CCCC(C4CCCCC4)C3)CC2)CC1
C1CCC(CC2CCCC(C3CCC(C4CC(C5CCCC5)C5CCCCC45)CC3)C2)CC1
C1CCC(CC2CCCCC2CCC2CCCC(C3CCCC(C4CCCCC4)C3)C2)CC1
C1CCC(CCC2CCCC(C3CCCC(C4CC4)C3)C2)CC1
C1CCC(CCCCC2CCC(CC3CCCCC3)CC2)CC1
C1CCC(CC2CCC(C3CCC4CCCCC4C3)C(CC3CCCCC3)C2)CC1
C1CCC(CCCCCC2CCCCC2C2CCCCC2)CC1
C1CCC(CC2CCCC(CC3CCCCC3)C2)CC1
C1CCC(CC2CC(C3CCCCC3)C3CCC(CCC4CCCC4)CC23)CC1
C1CCC(CC2CCC(CCC3CC4CCCCC4C3)CC2)CC1
C1CCC(C2CCC(C3CCC(C4CCCC(C5CCCC(C6CCCC6)C5)C4)CC3)CC2)CC1
C1CCC(CC2CCCCC2C2CC3CCCCC3C(C3CCCCC3)C2)CC1
C1CCC(C2CCCCC2C2CCC3C(CCCC3C3CCCCC3)C2)CC1
C1CCC(C2CCCC(C3CCCC(C4CCC4)C3)C2)CC1
C1CCC(CC2CCCC(C3CCCC(C4CCCCC4)C3)C2)CC1
C1CCC(C2CCCCC2CCC2CCCC(C3CCCC(CC4CCCC4)C3)C2)CC1
C1CCC(CCC2CCC(C3CCCCC3C3CC4CCCCC4C3)C(C3CCC4CCCC4C3)C2)CC1
C1CCC(CCC2CCC(CC3CCC(CC4CCC(CC5CC5)CC4)CC3)CC2)CC1
C1CCC(CC2CCCC(C3CCCCC3)C2)CC1
C1CCC(CCC2CCC(CC3CCC(C4CCCCC4)CC3)CC2)CC1
C1CCC(C2CCCCC2C(C2CCCCC2)C2CCCC(C3CC3)C2)CC1
C1CCC(C2CCC(CCCCC3CCCC(C4CCCCC4)C3)CC2)CC1
C1CCC(CCC2CCC3CC(C4CCC5CCCCC54)CC(C4CCCCC4)C3C2)CC1
C1CCC(CCC2CCC(C3CCCC(C4CCC5CCCCC54)C3)CC2)CC1
C1CCC(C2CCC(CC3CCC(CC4CCCCC4C4CCCCC4)CC3)CC2)CC1
C1CCC(CC2CCC(C3CCC(C4CCCCC4)CC3)CC2)CC1
C1CCC(CCC2CCC(C3CCCCC3)CC2C2CCCC2)CC1
C1CCC(CCCC2CCCC(C3CCCC(C4CCCCC4)C3)C2)CC1
C1CCC(C2CCC(CC3CCCC(C4CCCCC4)C3)CC2)CC1
C1CCC(CCC2CCCC(C3CCCCC3)C2)CC1
C1CCC(C2CCCC(C3CCC(CCC4CCC5CCCCC54)CC3)C2)CC1
C1CCC(CC2CCC(C3CCC4CCCC4C3)C(CC3CCC4CCCC4C3)C2)C1
C1CCC(C2CCCC(C3CCCC(C4CCCCC4)C3)C2)CC1
C1CCC(CCC2CCCC(CC3CCCCC3)C2)CC1
C1CCC(C2CCC(C3CCCC(C4CCCCC4)C3)CC2)CC1
C1CCC(CC2CCC(C3CCCCC3)CC2)CC1
C1CCC(CCCC(C2CCCCC2)C2CCCC(CC3CCCC3)C2)CC1
C1CCC(CC2CC(C3CCCCC3)CC3CCCCC32)CC1
C1CCC(C2CCC(C3CCCC(C4CC4)C3)CC2)CC1
C1CCC(C2CCC3C(CCCCC4CCC5CCCCC5C4)CCCC3C2)CC1
C1CCC(C2CCC(CC3CCC(C4CCC(C5CCCCC5)CC4)CC3)CC2)CC1
C1CCC(CC2CCCCC2C2CCCCC2)CC1
C1CCC(CC2CC(C3CCCCC3)C3CCCCC23)CC1
C1CCC(C2CCCC(C3CCCC(C4CCCCC4)C3)C2)CC1
C1CCC(CC2CCC(CCCCC3CCCC(C4CC5CCCCC5C4)C3)CC2)CC1
C1CCC(C2CCC(C3CCCCC3)C2)CC1
C1CCC(CC2CC(C3CCC4CCCCC4C3)C3CCCCC23)CC1
C1CCC(CCCC2CC(CCC3CCC3)C(CC3CCC3)C(C3CCCCC3)C2)CC1
C1CCC(CCC2CCCCC2C2CCCC(C3CCCCC3)C2)CC1
C1CCC(C2CCC(C3CCC(C4CCCCC4)CC3)CC2)CC1
C1CCC(CC2CCCC(CCC3CCC4CCCCC43)C2)CC1
C1CCC(C2CCCCC2)CC1
C1CCC(CC2CCCC(C3CCC(C4CCC5CCCCC54)CC3)C2)CC1
C1CCC(C2CCC(CCC3CCCC(C4CCCCC4)C3)CC2)CC1
C1CCC(CCC2CC(C3CCCCC3)CC(C3CCC3)C2)CC1
C1CCC(CC2CCC(CC3CCC4CCCCC43)CC2)CC1
C1CCC(CC2CCC(C3CCCCC3)CC2)CC1
C1CCC(CC2CC(C3CCCCC3)C3CCCCC23)CC1
C1CCC(CCCCC2CCC(CC3CCC(CC4CCCCC4)CC3)CC2)CC1
C1CCC(CC2CCCC(C3CCC(C4CCCC(C5CCCCC5)C4)CC3)C2)CC1
C1CCC(CCCC2CCC(C3CCCC(C4CCCC(C5CC(C6CCCCC6)C5)C4)C3)CC2)CC1
C1CCC(C2CCCCC2)CC1
C1CCC(CC2CCC(CCC3CCC(CC4CC5CCCCC5C4)C3)CC2)CC1
C1CCC(CC2CC(C3CCCCC3)C3CCCCC23)CC1
C1CCC(C2CCCC(CCCC3CC(C4CCCCC4)CC(C4CCCCC4)C3)C2)CC1
C1CCC(C2CCCC(CC3CCC4CCCCC43)C2)CC1
C1CCC(CCC2CCC(C3CCC(C4CCCCC4)CC3)CC2)CC1
C1CCC(CC2CCC(CCC3CCC(C4CCCC4)CC3)CC2)CC1
C1CCC(CCCC2CCCCC2C2CCCCC2)CC1
C1CCC(CC2CCC(C3CCC(CCC4CCCC(CC5CCCCC5)C4)CC3)CC2)CC1
C1CCC(C2CCC(CC3CCC(CC4CC5CCCCC5C4)CC3)CC2)CC1
C1CCC(CC2CCCC(CC3CC(C4CCCCC4)C4CCCCC34)C2)CC1
C1CCC(CC2CC(CC3CCC(C4CCCCC4)CC3)C3CCCCC23)CC1
C1CCC(C2CCC(CCCC3CCCC(C4CCCCC4)C3)CC2)CC1
C1CCC(CCCC2CCC(CC3CCCCC3)CC2)CC1
C1CCC(CCC2CCC(C3CCCCC3CCC3CCC4CCCCC43)CC2)CC1
C1CCC(C2CCC(C3CCCCC3C3CCCC3)CC2)CC1
C1CCC(CCCC(C2CCCCC2CC2CCCCC2)C2CC(C3CCCCC3)C3CCCCC32)CC1
C1CCC(CC(C2CCCCC2)C2CCCCC2)CC1
C1CCC(CC2CCC(CC3CCC(CC4CCCCC4C4CCCCC4)CC3)CC2)CC1
C1CCC(CC2CCC(C3CCC(C4CCCCC4)CC3)CC2)CC1
C1CCC(CCC2CCCC(CC3CCC3)C2)CC1
C1CCC(CC2CCCC(C3CC(C4CCCCC4)CC(C4CCC4)C3)C2)CC1
C1CCC(CCCCC2CCCC(C3CCCCC3)C2)CC1
C1CCC(CC2CCC(C3CCC(C4CCCCC4)CC3)CC2)CC1
C1CCC(CCCC2CCCCC2)CC1
C1CCC(CCCCC2CCC(C3CCC4CCCC4C3)CC2)CC1
C1CCC(CCC2CCCC3CC(C4CCC(C5CCCCC5)CC4C4CCCC4)CCC23)CC1
C1CCC(C2CCC(CCCC3CCCC(C4CCCC(C5CCCCC5)C4)C3)CC2)CC1
C1CCC(CC2CC(C3CC(C4CCCCC4)C4CCCCC43)C3CCCCC23)CC1
C1CCC(C2CCCC(CC3CC(C4CCCCC4)C4CCCCC34)C2)CC1
C1CCC(CCC2CCCC(C3CCCCC3CC3CCCCC3)C2)CC1
C1CCC(CCCCC2CCC(CCC3CCCC(C4CCCCC4)C3)CC2)CC1
C1CCC(CCC2CCCC(C3CCC(CC4CCCCC4)CC3C3CCCCC3)C2)CC1
C1CCC(CC2CCC(C3CCCCC3)CC2)CC1
C1CCC(CC2CCC(C3CCCCC3)CC2)CC1
C1CCC(CCCC(CC2CCCCC2)C2CCCCC2)CC1
C1CCC(C2CCC(C3CCCCC3)C(C3CCCCC3)C2)CC1
C1CCC(CC2CCC(CC3CCCCC3CC3CCC(C4CCCCC4)CC3)CC2)CC1
C1CCC(C2CC(CC3CCCCC3C3CCC4CCCC4C3)C3CCCCC32)CC1
C1CCC(CC2CCCCC2)CC1
C1CCC(C2CCCC(CC3CCC(C4CCC5CCCC5C4)CC3)C2)CC1
C1CCC(CC2CCC(CC3CCCC(C4CCCCC4)C3)CC2)CC1
C1CCC(C2CCC(C3CCCCC3)CC2)CC1
C1CCC(CCCC2CCCC(CC3CCCCC3CC3CCCCC3)C2)CC1
C1CCC(CC2CCC(C3CCCCC3)CC2)CC1
C1CCC(C2CCCC(C3CCCCC3)C2)CC1
C1CCC(CC2CCCCC2CC2CC(C3CCCCC3)C3CCCCC23)CC1
C1CCC(CCC2CCC(CC3CCCCC3)CC2)CC1
C1CCC(CC2CCCCC2C2CCC3CCCCC3C2)CC1
C1CCC(CC2CCCCC2CC2CCC3CCCCC3C2)C1
C1CCC(CC2CCCC(C3CCCCC3)C2)CC1
C1CCC(CCC2CCCC(C3CCCC(CC4CCCCC4)C3)C2)CC1
C1CCC(C2CCCC(CC3CCCC(C4CC(C5CCCCC5)C5CCCCC45)C3)C2)CC1
C1CCC(CCC2CC(C3CCCCC3)CCC2CCCC2CCCC2)CC1
C1CCC(CCCC2CCC(CCCC3CCCCC3C3CCCC3)CC2)CC1
C1CCC(CC2CCC(CC3CCC(C4CCCCC4C4CCCCC4)C3)CC2)CC1
C1CCC(C2CCCC(CCCC3CCCCC3C3CCCC3)C2)CC1
C1CCC(CC2CCC(C3CCCCC3)CC2)CC1
C1CCC(CC2CCCC(CC3CCCCC3C3CCCCC3)C2)CC1
C1CCC(CC2CCC(C3CCCCC3)CC2)CC1
C1CCC(C2CCCC(C3CCC(C4CCC5CCCC5C4)CC3)C2)CC1
C1CCC(CCC2CCCC(C3CCCCC3)C2)CC1
C1CCC(CC2CCC(C3CCCC4CCCCC43)CC2)CC1
C1CCC(C2CCC3C(CCCC3C3CCCCC3)C2)CC1
C1CCC(CC2CCC(CCC3CCCCC3C3CCCCC3)CC2)CC1
C1CCC(CCC2CC3CCC(C4CCCCC4)CC3C(C3CCCCC3)C2)CC1
C1CCC(CC2CCC(C3CCCCC3)CC2)CC1
C1CCC(CCC2CCC(C3CCCCC3C3CCCC3)C(C3CCCCC3)C2)CC1
C1CCC(CCC2CCCCC2C2CCCC(C3CCCCC3)C2)CC1
C1CCC(C2CCC(C3CCC(CC4CCC(C5CCCCC5)C4)CC3)CC2)CC1
C1CCC(C2CCCCC2C2CCC3CCCCC32)CC1
C1CCC(CC2CCCC(C3CCCC(C4CCCC(C5CC5)C4)C3)C2)CC1
C1CCC(C2CCC(C3CCCC(C4CCCC4)C3)CC2)CC1
C1CCC(CC2CCC(CCC3CC4CCC(CC5CCCCC5)CC4C3)CC2)CC1
C1CCC(C2CCCC(CCCC3CCC(C4CCCC4)CC3)C2)CC1
C1CCC(C2CCC3CCCC(C4CCCCC4)C3C2)CC1
C1CCC(C2CCCCC2)CC1
C1CCC(CCC2CCC(CC3CCCCC3C3CCCC(CC4CCCCC4)C3)CC2)CC1
C1CCC(CCC2CCC(CC3CCC(CC4CCCCC4)CC3)CC2)CC1
C1CCC(CCC2CCC(C3CCCCC3)CC2C2CCCCC2)CC1
C1CCC(CC2CCC(CCC3CCC(C4CCCCC4)CC3)CC2)CC1
C1CCC(C2CCC(CC3CCC(CC4CCCCC4C4CCCC4)CC3)CC2)CC1
C1CCC(CCC(CCC2CCC3CCCC3C2)(CC2CCCCC2)C2CCCCC2)CC1
C1CCC(CC2CCC(C3CCCCC3)C(C3CCCCC3)C2)CC1
C1CCC(C2CCCC(CCCC3CCCC(C4CCC5CCCC5C4)C3)C2)CC1
C1CCC(CCCC2CCC(C3CCCCC3)CC2CCCC2CC2)CC1
C1CC(CCC2CCCCC2C2CCC3CCCCC3C2)CC(CC2CC2)C1
C1CCC(C2CCCCC2CC2CCC3C(CCCC3C3CCC4CCCCC4C3)C2)CC1
C1CCC(CC2CC(C3CCCCC3)CCC2C(C2CCC2)C2CCCC(C3CCCC3)C2)CC1
C1CCC(CC2CCCC(C3CCCCC3)C2)CC1
C1CCC2CC(CCC3CCCCC3C3CCCCC3C3CCC4CCCCC4C3)CCC2C1
C1CCC(CC2CCCC(CCC3CCCC3)C2)CC1
C1CCC(CCCC2CCCC(C3CCCCC3)C2)CC1
C1CCC(C2CCCCC2C2CCC3C(CCC3C3CCCC3)C2)CC1
C1CCC(CCCC2CCC(CCC3CCCC(C4CCCCC4)C3)CC2)CC1
C1CCC(C2CCC(CC3CCCCC3C3CCCCC3)CC2)CC1
C(CC1CCC(C2CCCC2)CC1)CC1CCCC(C2CCC3CCCCC3C2)C1
C1CCC(C2CCC(CCC3CCC(C4CCC5CCCC5C4)CC3)CC2)CC1
C1CCC(CCC2CCC(CCC3CCCCC3)CC2)CC1
C1CCC(CC2CCC(C3CCC3)C(CCC3CCCC(C4CCC5CCCC5C4)C3)C2)CC1
C1CCC(CCCC2CCCCC2)CC1
C1CCC(CCC2CCCC(CC3CCC(CC4CCCCC4C4CCCC4)CC3)C2)CC1
C1CCC(CC2CCC(CC3CCC(C4CCCCC4)C3)CC2)CC1
C1CCC(CCCC2CCCC(C3CCC4CCCCC43)C2)CC1
C1CCC(CCCCC2CCC(C3CCCCC3)CC2)CC1
C1CCC(C2CCC(CCC3CCCC3)CC2C2CCCCC2)CC1
C1CCC(CC2CCCC(C3CCCC(C4CCCCC4)C3)C2)CC1
C1CCC(C2CCCC(CC3CCCC(C4CCCC(C5CCCCC5)C4)C3)C2)CC1
C1CCC(C2CCCC(C3CCCCC3C3CCCCC3C3CCCCC3)C2)CC1
C1CCC(C2CCCCC2C2CCCCC2C2CCCC(C3CCC4CCCC4C3)C2)CC1
C1CCC(C2CCC(C3CCC4CCCC4C3)CC2C2CCCCC2)CC1
C1CCC(C2CC(CCCCC3CCCCC3C3CCC4CCCCC4C3)C3CCCCC32)CC1
C1CCC(C2CCC3CC(CCC4CCC5CCCCC5C4)CCC32)CC1
C1CCC(C2CCCC(C3CCC(C4CCC(C5CCCC5)CC4)CC3)C2)CC1
C1CCC(CC2CCC(C3CCCCC3)CC2)CC1
C1CCC(CC2CCCC(CCCC3CCC(C4CCCCC4)CC3)C2)CC1
C1CCC(CCC2CCCC(C3CCC(CC4CCC(C5CCC5)CC4)CC3)C2)CC1
C(CCCC1CCCC(CC2CCCCC2)C1)CCC1CCCCC1
C1CCC(CC2CCCC(CC3CCC(C4CC5CCCCC5C4)C(C4CCCCC4)C3)C2)CC1
C1CCC(CCCC2CCCC(CC3CCC(C4CCCC4)CC3)C2)CC1
C1CCC(CC2CC(C3CCCCC3)C3CCCCC23)CC1
C1CCC(CC2CC(CC3CCCCC3)CC(C3CCCCC3)C2)CC1
C1CCC(CC2CCC(CCC3CCCCC3CC3CCCCC3)CC2)CC1
C1CCC(CCCC2CCCC(C3CCCC(C4CCCCC4)C3)C2)CC1
C1CCC(CC2CCC(C3CCC(C4CCCCC4)CC3C3CCCCC3)C2)CC1
C1CCC(CC2CCC3C(C4CCC(C5CCCCC5)CC4)CC(C4CCCCC4)C3C2)CC1
C1CCC(C2CCC3C(CCCC3C3CCCCC3C3CCCC3)C2)CC1
C1CCC(C(CC2CC3CCCCC3C2)C2CCCCC2)CC1
C1CCC(C2CCC(CC3CCCC(C4CCC(CCC5CCCCC5CC5CCCC5)CC4)C3)CC2)CC1
C1CCC(CCC2CCC(C3CCCCC3)CC2)CC1
C1CCC(CCC2CCC3CC(C4CCCCC4C4CCCCC4)CCC23)CC1
C1CCC(CC2CCCC(C3CCCCC3)C2)CC1
C1CCC(C2CCC(CCC3CCC4CCCCC43)CC2)CC1
C1CCC(CC2CC(CCC3CCCCC3C3CCCCC3)CC(C3CCCCC3C3CCCC3)C2)CC1
C1CCC(C2CCC(C3CCCCC3CCC3CC4CCCCC4C3)CC2)CC1
C1CCC(CCCC2CCCC(C3CCCCC3)C2)CC1
C1CCC(CCCC2CCC(CCCC3CCCC(CC4CCCCC4)C3)CC2)CC1
C1CCC(C2CCC(C3CCC(C4CC4)CC3)CC2)CC1
C1CCC(C2CCC3CCC(C4CCCCC4C4CCCCC4)CC3C2)CC1
C1CCC(CC2CCC3CCCCC32)CC1
C1CCC(C2CCC(CCC3CCC(C4CCC(C5CCCCC5)CC4)CC3)CC2)CC1
C1CCC(CCCC2CCCC(C3CCCC(C4CCCCC4)C3)C2)CC1
C1CCC(CC2CCC(C3CC(CC4CCCCC4)C4CCCCC43)CC2)CC1
C1CCC(C2CCCC(CCC3CCC(C4CCC5CCCC5C4)CC3)C2)CC1
C1CCC(C2CCCC(C3CCCC3)C2)CC1
C1CCC(C2CCC3CC(C4CCCCC4C4CC4)CC(C4CCCCC4)C3C2)CC1
C1CCC(CC2CCCC(C3CCCCC3)C2)CC1
C1CCC(CCC2CC(C3CCCCC3)C(CC3CCCCC3)C(C3CCCC3)C2)CC1
C1CCC(CCCCC2CCCC(CCCC3CCCCC3)C2)CC1
C1CCC(CC2CCCC(C(CCC3CC4CCCCC4C3)C3CCCCC3)C2)CC1
C1CCC(C2CCC3CC(C4CCCCC4)CCC3C2)CC1
C1CCC2CC(C3CCC(C4CC4)CC3C3CCCC3)CCC2C1
C(CCCC1CCCC(C2CCCCC2)C1)CCCC1CC2CCCCC2C1
C1CCC(CCC2CC(C3CCC(C4CCCCC4)CC3)C3CCCCC23)CC1
C1CCC(CC2CCC(CC3CCC(C4CCCCC4)CC3)CC2)CC1
C1CCC(C2CCCC(C3CCCC(C4CCCCC4)C3)C2)CC1
C1CCC(CCC2CCC(CCC3CC4CCCCC4C3)CC2)CC1
C(CCC1CCCC(CC2CCC3CCCC3C2)C1)CC1CCC(C2CCCC2)CC1
C1CCC(CC2CCC(C3CCCCC3)CC2)CC1
C1CCC(CC2CCCCC2C(CC2CC2)C2CCCCC2)CC1
C(CCCC1CCCC(C2CCCCC2)C1)CCC1CCCCC1
C1CCC(CCC2CCC(C3CCCCC3C3CCCC3)CC2)CC1
C1CCC(CCC2CC3CCC(C4CCCCC4)CC3C(C3CCCCC3)C2)CC1
C1CCC(CC2CCCC(CCC3CCCC(C4CCCC4)C3)C2)CC1
C1CCC(C2CC(CCC3CCCCC3CC3CC3)CCC2C2CCCC2)CC1
C1CCC(C2CCC(CC3CCCCC3C3CCCCC3)CC2)CC1
C1CCC(C(C2CCCC2)C2CCC(C3CCCC(CC4CC5CCCCC5C4)C3)CC2)CC1
C1CCC(CCC2CCCC(C3CCCCC3)C2)CC1
C1CCC(CCCC2CCCC(CCC3CC4CCCCC4C3)C2)CC1
C1CCC(CCCC2CCC(C3CCCC(C4CCCCC4)C3)CC2)CC1
C1CCC(C2CCCC(C3CCC(CC4CCCC4)CC3C3CCCCC3)C2)CC1
C1CCC(CC2CCC(C3CCCCC3C3CCC4CCCC4C3)CC2)CC1
C1CCC(C2CCC(C(CCC3CCC4C(CCC4C4CCCCC4)C3)C3CCCCC3)CC2)CC1
C1CCC(CCCCC2CCCC(C3CCCCC3)C2)CC1
C1CCC(C2CCCC(CC3CCCCC3C3CCCCC3)C2)CC1
C1CCC(CC2CCCCC2C2CCCCC2)CC1
C1CCC(CC2CCCC(CCCCC3CC4CCCCC4C3)C2)CC1
C1CCC(C2CCCCC2C2CCCCC2C2CCCCC2)CC1
C1CCC(CCCC2CCCCC2CC2CC3CCCCC3C2)CC1
C1CCC(C2CCCC(C3CCCCC3)C2)CC1
C1CCC(CCC2CCC(CC3CCC(CC4CCCCC4)CC3)CC2)CC1
C1CCC(CC2CCC(CC3CCCCC3)CC2)CC1
C1CCC(C2CCC(C3CCCC(C4CCCCC4)C3)CC2)CC1
C1CCC(CCCCC2CC(CC3CC3)CCC2C2CCCCC2)CC1
C1CCC(CCC2CCC(CC3CCC4CCCC(C5CCCCC5)C4C3)CC2)CC1
C1CCC(C2CCC(CCC3CCC(C4CC4)CC3)CC2)CC1
C1CCC2C(C1)CCC2CCC1CCCCC1C1CCCCC1C1CC1
C1CCC(C2CCC(C3CCC4CCCC4C3)CC2)C1
C1CCC(CCC2CCCC(C3CCCCC3)C2)CC1
C1CC2CCC(C3CCCCC3C3CCC4CCCC4C3)CC2C1
C1CCC(CCCC2CCC(C3CCCC(C4CCCCC4C4CCCCC4)C3)CC2)CC1
C1CC(CC2CCC3CCCC3C2)CC(CC2CC(C3CCCC(C4CCCC4)C3)C3CCCCC23)C1
C1CCC(CC2CCCC(C3CCC(C4CCCCC4C4CCCC4)C3)C2)CC1
C1CCC(C2CCC3CCC(CC(C4CCCCC4)C4CCCCC4)C3C2)CC1
C1CCC(CC2CCCCC2C2CCCCC2)CC1
C1CCC(CCC2CCCC(C3CC(CC4CC4)CC(C4CC5CCCCC5C4)C3)C2)CC1
C1CCC(CC2CCCCC2C2CCC(C3CCCCC3CC3CC4CCCCC4C3)CC2)CC1
C1CCC(CC2CCCC(C3CCCC3)C2)CC1
C1CC(CC2CCC(CC3CCCCC3C3CCCC3)CC2)C1
C1CCC(CCC2CCC(CC3CCCCC3)CC2)CC1
C1CCC(C2CCCC(C3CCCC(C4CCCCC4)C3)C2)CC1
C1CCC(CC2CC3CCC(C4CCCCC4C4CCCCC4)CC3C(C3CCCCC3)C2)CC1
C1CCC(CC2CC(C3CCCCC3)CC(C3CCCCC3)C2)CC1
C1CCC(C2CCC(CC3CCCC(C4CCC(CC5CC6CCCCC6C5)CC4)C3)CC2)CC1
C1CCC(CCC2CCCC(CCC3CC4CCCCC4C3)C2)CC1
C1CCC(C2CCC(C3CCCC(C4CCCCC4)C3)CC2)CC1
C1CCC(C2CCCC(C3CCCCC3)C2)CC1
C1CCC(CC2CCCC(C3CCCC(C4CCCCC4)C3)C2)CC1
C1CCC(CC2CC(CC3CCC(CC4CCC(C5CCC(C6CCCC6)CC5)CC4)CC3)C2)CC1
C1CCC(CCC2CCC(C3CCCCC3)CC2)CC1
C1CCC(CC2CCCC(CC3CCCC(C4CCCCC4)C3)C2)CC1
C1CCC(CC2CCCCC2CCC2CCC(C3CCCCC3)CC2)CC1
C1CCC(CC2CCC(CCC3CCCC(C4CCCCC4)C3)CC2)CC1
C1CCC(CC2CCC(CC3CCCCC3)CC2)CC1
C1CCC(C2CCC(CC3CCCC(C4CCCCC4C4CCCCC4)C3)CC2)CC1
C1CCC(C2CCC3CCC(C4CCCCC4C4CCCC4)CC3C2)CC1
C1CCC(CCC2CCC(CC3CCC(C4CCCCC4)CC3)CC2)CC1
C1CCC(CCCCC2CCC(C3CCCCC3)CC2)CC1
C1CCC(C2CCCCC2C2CCCCC2C2CCCCC2)CC1
C1CCC2CC(CCCC3CCCCC3C3CCCC3)CC2C1
C1CCC(CCCC2CCC(CC3CCC(C4CCCCC4)CC3)CC2)CC1
C1CCC(CCCC2CCC(CC3CCCCC3)CC2)CC1
C1CCC(CCCCC2CCCCC2CCC2CCCCC2)CC1
C1CCC(CCCCC2CC(CC3CCCCC3)C3CCC(CC4CCCCC4)CC23)CC1
C1CCC(CCCC2CCC(C3CCCCC3C3CCCC(CC4CC5CCCCC5C4)C3)CC2)C1
C1CCC(CC2CCC(C3CCCC(CC4CCCCC4)C3)CC2)CC1
C1CCC(CCCCC2CCC(C3CCCCC3)CC2)CC1
C1CCC(CCC2CCC(CC3CCC(CC4CCC5CCCC5C4)CC3)CC2)CC1
C1CCC(CC2CCC(CCCC3CCC(C4CCCCC4)CC3)CC2)CC1
C1CCC(C2CCCC(CC3CCC(C4CCCC4)CC3)C2)CC1
C1CCC(CCCC2CCC(CC3CCC(C4CCCCC4)CC3)CC2)CC1
C1CCC(CC2CCCCC2)CC1
C1CCC(C2CCCC(C3CCCCC3C3CCCC3)C2)CC1
C1CCC(CC2CCCC(C3CCCCC3)C2)CC1
C(CCCC1CC2CCCCC2C1)CCC1CCC2CCCCC2C1
C1CCC(C2CCC(C3CC3)CC2C2CCCC2)CC1
C1CCC(CCC2CC(C3CCCCC3)CC(C3CCC3)C2)CC1
C1CCC(C2CCC(C3CCCCC3C3CCCCC3)CC2)CC1
C1CCC(C2CCC(CC(C3CCCCC3)C3CCCCC3)CC2)CC1
C1CCC(C2CCCCC2CCCC2CCC(CC3CC4CCCCC4C3)CC2)CC1
C1CCC(CC2CCCC(CCC3CCC4CCCCC43)C2)CC1
C1CCC(CC2CCCC(CC3CCCCC3)C2)CC1
C1CCC(CCC2CCC(C3CCC3)CC2)CC1
C1CCC(C2CCC(CC3CCC(CCCC4CCC5CCCC5C4)CC3)CC2)CC1
C1CCC(CC2CCC(C3CCCCC3C3CCC4CCCCC4C3)CC2)C1
C1CCC(CCCC2CCC(C3CCCCC3)CC2)CC1
C1CCC(CCCC2CCC(C3CCC(C4CCCCC4)CC3)CC2)CC1
C1CCC(C2CCC(C3CCC3)CC2)CC1
C1CCC(CC2CC(C3CCCCC3)CCC2C2CCCCC2C2CCCCC2)CC1
C1CCC(CCC2CCC(C3CCCCC3)CC2)CC1
C1CCC(CC2CCC(CC3CCC(CC4CCC(CC5CC5)CC4)CC3)CC2)CC1
C1CCC(CCCC2CCC(C3CCCC3)C(CC3CCC4CCCCC4C3)C2)CC1
C1CCC(CC2CCCCC2C2CCCCC2)CC1
C1CCC(CC2CCCCC2C2CCC(C3CCC4CCCCC43)CC2)CC1
C1CCC(C2CCC(C3CCCC(C4CCCCC4)C3)CC2)CC1
C1CCC(CC2CC(CC3CCCCC3C3CCCC3)C3CC(C4CCCCC4)CCC23)CC1
C1CCC(CC2CCCC(C3CCCC(C4CCC(C5CCCCC5)CC4)C3)C2)CC1
C1CCC(CCC2CCC3C(CC4CCCCC4)CC(C4CCCCC4)C3C2)CC1
C1CCC(CCC2CCC(CCC3CCCCC3)C(C3CCCCC3)C2)CC1
C1CCC(CCC2CCC(CC3CCCCC3)CC2)CC1
C1CCC(CC2CCC(C3CCC4CCC(C5CCCC5)C4C3)CC2)CC1
C1CCC(C2CCC(C3CCCC(C4CCCC4)C3)CC2)CC1
C1CCC(CC2CCCC(CCC3CCCC(C4CCCCC4)C3)C2)CC1
C1CCC(CC2CCC(CC3CCCCC3C3CCCCC3)CC2)CC1
C1CCC(CC2CCCC(C3CCC(C4CCCCC4)CC3)C2)CC1
C1CCC(C2CC(C3CCCC(C4CCCC(C5CCC5)C4)C3)C3CCC(C4CCCC4)CC23)CC1
C1CCC(CC2CCCC(C3CCC(C4CCC4)CC3)C2)CC1
C1CCC(CCC2CCC(CCC3CCCCC3)CC2)CC1
C1CCC(CCC2CCCCC2C2CCC(CC3CCC3)CC2)CC1
C1CCC(CC2CCCC(CCC3CCCCC3C3CCCC3)C2)CC1
C1CCC(C2CCC(C3CCC(C4CCCC4)CC3)C2)CC1
C1CCC2CC(C3CCCCC3C3CCCCC3CCCC3CCCCC3C3CCCC3)CCC2C1
C1CCC(C2CCC(C3CCC(C4CCCCC4)CC3)CC2)CC1
C1CCC(C2CCCCC2C2CCCCC2)CC1
C1CCC(C2CCCCC2CC2CCCC(CC3CCCC3)C2)CC1
C1CCC(C2CCCCC2)CC1
C1CCC(C2CCCC(C3CCC(CC4CCC(CC5CC6CCCCC6C5)CC4)CC3)C2)CC1
C1CCC(CC2CCCC(CC3CCCCC3C3CCCC3)C2)CC1
C1CCC(CCCC2CCCC(CC3CCC4CCCC4C3)C2)CC1
C1CCC(C2CCC(CCC3CCCC3)C(C3CCCC3)C2)CC1
C1CCC(CCC2CCC(CC3CCCCC3)CC2CC2CCCCC2)CC1
C1CCC(CCCC2CCC(CC3CCCCC3)CC2)CC1
C1CCC(CC2CCCC(CC3CCCCC3C3CCCCC3)C2)CC1
C1CCC(C2CCC(CC3CCCC3)CC2)CC1
C1CCC(CC2CCCC(C3CCCCC3)C2)CC1
C1CCC(CCCCC2CCCCC2)CC1
C1CCC(CC2CCC(C3CCC(CC4CCC(C5CCCC(CC6CCCCC6)C5)CC4)CC3)CC2)CC1
C1CCC(C2CCC(CCC3CCCC3)C(CC3CCC(CC4CCC5CCCCC5C4)CC3)C2)CC1
C1CCC(CCC2CC(CC3CCC4CCCCC43)CCC2C2CCC3CCCCC32)CC1
C1CC(CCC2CCC(CCC3CC4CCCCC4C3)CC2)CC(CCC2CCCC3CCCCC32)C1
C1CCC(C2CCCC(C3CCCCC3)C2CC2CC3CCCCC3C2)CC1
C1CCC(CC2CCC(C3CCCCC3)CC2C2CCCCC2)CC1
C1CCC(CC2CCCC(C3CCCCC3)C2)CC1
C1CCC(CC2CCC(C3CCCC(CC4CCCCC4)C3)CC2)CC1
C1CCC(C2CCC3CCCC(C4CCCCC4)C3C2)CC1
C1CCC(CC2CCCCC2CCCC2CCC(C3CCCCC3)CC2)CC1
C1CCC(C2CCCCC2)CC1
C1CCC(CC2CCC(C3CCC(CC4CCCCC4)CC3)CC2)CC1
C1CCC(CCC2CCC(CCC3CCC(CC4CCCC4)CC3)CC2)CC1
C1CCC(CCC2CCCCC2C2CCCC(C3CCCCC3C3CCCC3)C2)CC1
C1CCC(C2CCC(C3CCCC(C4CCCC5CCCCC54)C3)CC2)CC1
C1CCC(C2CCCCC2CC2CC(CC3CCCC3)CC3CCCCC32)CC1
C1CCC(C2CCCC(C3CCCCC3C3CCCCC3)C2)CC1
C1CCC(CCC2CCCC(CC3CC(C4CCCCC4)C4CCCCC34)C2)CC1
C1CCC(C2CCCC(C3CCCC(C4CCCCC4)C3)C2)CC1
C1CCC(CC2CCCC(CC3CCC(C4CCCCC4)CC3)C2)CC1
C1CCC(CC2CCC(CC3CCC(CC4CCCCC4)CC3)CC2)CC1
C1CCC(CC2CCCC(CCCCCC3CCC(C4CCCCC4)CC3)C2)CC1
C1CCC(CC2CC(C3CCC(C4CCCC(C5CCC5)C4)CC3)C3CCCCC23)CC1
C1CC2CCC(CCC3CCCC(C4CCC5CCCC5C4)C3)CC2C1
C1CCC(CCC2CCC(C3CCCCC3)CC2)CC1
C1CCC(C(CCC2CCC(C3CCC3)CC2)CC2CCC2)CC1
C1CCC(CCC2CCC(C3CCCCC3)CC2)CC1
C1CCC(CCC2CCCC(CCCCCC3CCCC(CC4CCCCC4)C3)C2)CC1
C1CCC(CC2CCC(C3CCCC(C4CCCCC4)C3)CC2)CC1
C1CCC(CCC2CCC(C3CCCC(C4CCC5CCCC5C4)C3)CC2)C1
C1CCC(CC2CCCCC2C2CCC3C(CCCC3C3CCC4CCCCC43)C2)CC1
C1CCC(CCCC2CC(CCC3CCCCC3)C3CCCCC23)CC1
C1CC2CCC(C3CCCCC3C3CCC(C4CCCCC4C4CCCC4)CC3)CC2C1
C1CCC(C2CC3CCCCC3C(C3CCCCC3)C2)CC1
C1CCC(C2CCC(CC3CCC(C4CCCC4)CC3)C(C3CCCCC3)C2)CC1
C1CCC(CC2CCCCC2)CC1
C1CCC(CC2CCC(C3CCCCC3)CC2)CC1
C1CCC(CC(CCCCCC2CCC(C3CCCCC3)CC2)C2CCCCC2)CC1
C1CCC(CCC2CCC(CCC3CCCCC3)C(C3CCCCC3)C2)CC1
C1CCC(CCC2CCCCC2C2CCCCC2C2CCCC2)CC1
C1CCC(C2CCCC(C3CCCCC3C3CCCC3)C2)CC1
C1CCC(CCCCC2CCC(CC3CCCCC3)CC2)CC1
C1CCC(CC2CC(C3CCCCC3)CC(C3CCCC(C4CCC(C5CCC5)CC4)C3)C2)CC1
C1CCC(C2CC3CCCCC3C(C3CCCCC3)C2)CC1
C1CCC(C2CCCC3CCCCC32)CC1
C1CCC(CC(CC2CCCCC2)C2CCCC(CCCC3CCCC(C4CCC5CCCCC5C4)C3)C2)CC1
C1CCC(CCC2CCCC(C3CCC(C4CCCCC4)CC3)C2)CC1
C1CCC(CCCC2CCCC(CC3CCCCC3)C2)CC1
C1CCC(CCC2CCC(C3CCC(C4CCC5CCCCC5C4)CC3)CC2)CC1
C1CCC(CC2CCCCC2CCC2CC(C3CCCCC3)CC(C3CCCC3)C2)CC1
C1CCC(CCC2CCCCC2)CC1
C1CCC(C2CC(C3CCC(CCC4CC5CCCCC5C4)CC3)C2)CC1
C1CCC(C2CCC(C3CCCC4CCCCC43)C(C3CCCC3)C2)CC1
C1CCC(CC2CCC(CC3CCC4CCCC4C3)CC2)CC1
C1CCC(C2CCC(C3CCC4CCCCC43)CC2)CC1
C1CCC(CC2CCCC(C3CCCCC3)C2)CC1
C1CCC(CC2CCC3C(CC4CCCCC4)CC(CC4CCCC5CCCCC54)C3C2)CC1
C1CCC(CC2CCCC(C3CCCCC3)C2)CC1
C1CCC(CCC2CCC3CCCC(C4CCCCC4)C3C2)CC1
C1CCC(CCCCC2CCC(CC3CCCCC3)CC2)CC1
C1CCC(C2CCCC(C3CCCCC3)C2)CC1
C1CCC(CCC2CCC(CC3CCCC(CC4CCCC(CC5CCCCC5)C4)C3)CC2)CC1
C1CCC(CCC2CCCC(C3CCCC(C4CCCCC4)C3)C2)CC1
C1CCC(CC2CCC(C3CCCCC3)CC2)CC1
C1CCC(CCCC2CCC(CCC3CCC(C4CCCCC4)C3)CC2)CC1
C1CCC(C2CC3CCCCC3C(CC3CCC(C4CCCC4)CC3)C2)CC1
C1CCC(CC2CCC(CCC3CCCCC3C3CCC(C4CCCCC4)CC3)CC2)CC1
C1CCC(CCC2CCC(C3CCCCC3CC3CCC(C4CCCCC4)CC3)CC2)CC1
C1CCC(CCC2CCCC(CCC3CCCCC3)C2)CC1
C1CCC(CCC2CCCC(C3CCCCC3)C2)CC1
C1CCC(CC2CCC(C3CCCCC3C3CCCCC3)C(C3CCCC3)C2)CC1
C1CCC(CC2CCC(CCC3CCC(CC4CCCCC4)CC3)CC2)CC1
C1CCC(CC2CCC(C3CCCCC3C3CCC(CC4CCC5CCCC5C4)CC3)CC2)CC1
C1CCC(C2CCCC(C3CCC(C4CCCCC4)C(CC4CCCC4)C3)C2)CC1
C1CCC(CC2CCC(C3CCCC(C(CC4CCCC4)(C4CC4)C4CC5CCCCC5C4)C3)CC2)CC1
C1CCC(C2CCC(C3CC4CCCCC4C3)CC2C2CCCCC2)CC1
C1CCC(C2CCCC(CC3CCCC(C4CCCC4)C3)C2)CC1
C1CCC(CCCC2CCC(CCCC3CCC(C4CCCCC4)CC3)CC2)CC1
C1CCC(CC2CCCCC2CCC2CCC(C3CCCCC3)CC2)CC1
C1CCC(CC2CCCC3CCC(C4CCC5CCCCC54)CC32)CC1
C1CCC(C2CC(C3CCC(C4CCCC(C5CCCC5)C4)CC3)C3CCCCC23)CC1
C(CCCC1CCCC(C2CCC(C3CCC3)CC2)C1)CCC1CCCCC1
C1CCC(C2CCCCC2CC2CCC(CCC3CCCC3)CC2)CC1
C1CCC(C2CCCCC2C2CCCCC2C2CCCC2)CC1
C1CCC(CCCC2CCCC(CCC3CCCCC3)C2)CC1
C1CCC(CCCCC2CCC(CC3CCCC(CCC4CCCCC4)C3)CC2)CC1
C1CCC(CC2CCC(CCC3CC(C4CC4)CCC3C3CCCCC3)CC2)CC1
C1CCC(CC2CCC(C3CCCCC3)CC2C2CCCCC2)CC1
C1CCC(CC2CC(CC3CCCC(CC4CCC(C5CCCCC5)C4)C3)C3CCCCC23)CC1
C1CCC(CCCC2CCC(CC3CCC4CCCCC43)CC2)CC1
C1CCC(CC2CC(C3CCCCC3)CC(C3CCCC(C4CCCCC4)C3)C2)CC1
C1CCC(CC2CCC(C3CCC4C(CC5CCCCC5)CCC4C3)CC2)CC1
C1CCC(CCCCC2CCCC3CCCC(C4CCC5CCCCC54)C23)CC1
C1CCC(C2CCC(C3CC(CCC4CC4)C4CCCCC43)CC2)CC1
C1CCC(CC2CCC(CCC3CCCC(CC4CCCC(C5CCCCC5)C4)C3)CC2)CC1
C1CCC(C2CCCCC2C2CCCC2)CC1
C1CCC(CC2CCC(CC3CCCC3)CC2)CC1
C1CCC(CCC2CCCC(CC3CCCCC3)C2)CC1
C1CCC(CC(CC2CCC(C3CCCCC3)CC2)C2CCCCC2)CC1
C1CCC(CC2CCC(C3CCCC(C4CC4)C3)CC2)CC1
C1CCC(CC2CCC(C3CCCCC3)CC2)CC1
C1CCC(CC2CCCC(C3CCCC(C4CCCC(CC5CCCCC5)C4)C3)C2)CC1
C1CCC(CC2CCC(CC3CCC(CCCCC4CCCC(C5CCCC5)C4)CC3)CC2)CC1
C1CCC(CCC2CCC(C3CCC(CC4CCCCC4)CC3)CC2)CC1
C1CCC(CCCCCC2CCCC(C3CC4CCCCC4C3)C2)CC1
C1CCC(CC2CCC(CC3CCC(C4CCCCC4)CC3)CC2)CC1
C1CCC(C2CCCCC2C2CCC3CCCC3C2)CC1
C1CCC(CCC2CCCCC2CCC2CCCCC2)CC1
C1CCC(C2CCC(C3CCC3)CC2C2CCCC3CCCCC32)CC1
C1CCC(CC2CCC(CC3CCCCC3CC3CCCCC3)CC2)CC1
C1CCC(CC2CCCC(C3CCC4CCCC4C3)C2)CC1
C1CCC(CCCCCC2CCC(C3CCCCC3)CC2CC2CCCCC2)CC1
C1CCC(CC2CCCC(C3CCCC(C4CCCCC4CC4CCCC4)C3)C2)CC1
C1CCC2CC(CCC3CCC(CC4CCC5CCCCC5C4)CC3)CCC2C1
C1CCC(CC2CCCC(C3CCCC4CC(C5CCCCC5)CCC43)C2)CC1
C1CCC(C2CCCC(CC3CCC4CCCC4C3)C2)CC1
C1CCC(CC2CCC(C3CC(C4CCCCC4)C4CCCCC34)CC2)CC1
C1CCC(CC2CCCC(C3CCCCC3)C2)CC1
C1CCC2CC(CC3CCC(C4CCCC(C5CCCC(CC6CC6)C5)C4)CC3)CC2C1
C1CCC(CCCC2CCC(C3CCCC(C4CCCCC4)C3)CC2)CC1
C1CCC(CCC2CCC3C(CC4CCCCC4)CC(C4CCC(CC5CCCCC5)CC4)C3C2)CC1
C1CCC(CCC(CC2CCC3CCCCC3C2)C2CC3CCCCC3C2)CC1
C1CCC(C2CCCC(CCC3CCC(CC4CCCC4)CC3)C2)CC1
C1CCC(CC2CCC(C3CCCC(C4CCCCC4)C3)CC2)CC1
C1CCC(CC2CCC(C3CCCCC3C3CCCCC3)CC2)CC1
C1CCC(CCC2CCC(CC3CC(C4CCC(CC5CCCCC5)CC4)C4CCCCC34)CC2)CC1
C1CCC(CC2CCC(CCCC3CCC(C4CCCCC4)CC3CC3CCCCC3)CC2)CC1
C1CCC(CC2CCC(C3CCCCC3)CC2)CC1
C1CCC(C2CCCC(C3CCC(C4CCCC5CCCCC54)CC3)C2)CC1
C1CCC(CC2CCC(CC3CCC(CC4CCC(CC5CCCCC5)CC4)CC3)CC2)CC1
C1CCC(C2CCCC(C3CCCCC3)C2)CC1
C1CCC(CCC2CCCC(C3CCCCC3)C2)CC1
C1CCC(CC2CCC(CC3CCCCC3)CC2)CC1
C1CCC(C2CCC(C3CCCC(C4CCCC4)C3)CC2C2CCC3CCCCC3C2)CC1
C1CC(C2CCCC(CC3CC(C4CCC(C5CCC6CCCCC65)CC4)C4CCCCC34)C2)C1
C1CCC(CCCCCC2CCC(C3CCCCC3)CC2)CC1
C1CCC(CC2CCCC(C3CCC(C4CCCCC4)CC3)C2)CC1
C1CCC(C2CCCC(CC3CCCCC3C3CCCC4CCCCC43)C2)CC1
C1CCC(C2CCC3C(CCCC3C3CCCC(C4CCCC4)C3)C2)CC1
C1CCC(CCCCC2CCC(C3CCCCC3)CC2)CC1
C1CCC(CC2CCC(CC3CC3)CC2CC2CC(C3CCC(CC4CCCC4)CC3)C3CCCCC23)CC1
C1CCC(C2CCCCC2C2CCCCC2CCC2CC3CCCCC3C2)CC1
C1CCC(CC2CCC(C3CCCC(C4CCCCC4C4CCCC4)C3)CC2)CC1
C1CCC(C2CCCC(C3CCCC(CC4CCC(CC(C5CCCCC5)C5CC5)CC4)C3)C2)CC1
C1CCC(CC2CCCCC2C2CCC(C3CCCC3)CC2)CC1
C1CCC(CC2CCC(CCCCC3CCCC3)CC2)CC1
C1CCC(C2CCC(CCC3CCC(C4CCC4)CC3)CC2)CC1
C1CCC(CCC2CCC(CCC3CCCCC3)C(C3CCC4CCCC4C3)C2)CC1
C1CCC(CC2CCCCC2CC2CCCCC2C2CCCCC2)CC1
C1CCC(CCCCCC2CCC(CCC3CCCC(CC4CCCCC4)C3)CC2)CC1
C1CCC(C2CCCC(C3CCCCC3)C2)CC1
C1CCC(CCCC2CCCC(CC3CC(CC4CCC(CC5CCCC5)CC4)C4CCCCC34)C2)CC1
C1CCC(CC2CC(CC3CCC(C4CCC(C5CCCC5)CC4)C(C4CCCC4)C3)C3CCCCC23)CC1
C1CCC(C2CCC(C3CCCCC3)CC2)CC1
C1CCC(CC2CCC(CC3CCC(C4CCCCC4)CC3)CC2)CC1
C1CCC(CC2CCC(CC3CCCC(CC4CCCC4)C3)CC2)CC1
C1CCC(C2CCCCC2C2CCC(CCC3CCCC3)CC2)CC1
C1CCC(CCC2CCC(CCC3CCC(C4CCCCC4)CC3)CC2)CC1
C1CCC(CCC2CC(C3CCCC(C4CCC(C5CCCC5)CC4)C3)C3CCCCC23)CC1
C(CCC1CCC(CCC2CCCC(C3CCCCC3C3CCC4CCCC4C3)C2)CC1)CC1CC1
C1CCC(CCC2CCC(CC3CCC(C4CCCCC4)CC3)CC2)CC1
C1CCC(CCC2CCCCC2C2CCC(CC3CCCCC3)CC2)CC1
C1CCC(C2CCC(C3CCC(CCC4CCC5CCCCC54)CC3)CC2)CC1
C1CCC(CC2CCC(C3CCCCC3)CC2)CC1
C1CCC(C2CCC(C3CCCCC3)CC2)CC1
C1CCC(CC2CCCCC2CCCCCC2CCCC3CC(C4CCC(C5CCCCC5)CC4)CCC23)CC1
C1CCC(C2CCC(C3CCCC(C4CCC5CCCCC54)C3)CC2)CC1
C1CCC(CCC2CCCC(C3CCC(CC4CCCCC4)CC3)C2)CC1
C1CCC(C2CCC(C3CCCCC3)C(C3CCCC(C4CCCC4)C3)C2)CC1
C1CCC(CCC2CCC(CC3CCC(C4CCCC(CC5CCCCC5)C4)C3)CC2)CC1
C1CCC(CCC2CCCCC2C2CCC(C3CCCCC3)CC2)CC1
C1CCC(C2CCCC(C(C3CCCC(C4CCCCC4)C3)C3CCCC(C4CCCCC4)C3)C2)CC1
C1CCC(CCCC2CCCCC2C2CCC3CCCCC32)CC1
C1CCC(CCC2CCCC(CC(C3CCCC3)C3CCCC3)C2)CC1
C1CCC(CC2CCC(CC3CCCCC3)C(C3CCCC3)C2)CC1
C1CCC(CCCC2CCC(C3CCCCC3)CC2)CC1
C1CCC(CC2CCC(C3CCCCC3C3CCCCC3)CC2)CC1
C1CCC(CC2CC(CCCC3CCC(C45CC(C4)C5)CC3)CCC2C2CCCCC2)CC1
C1CCC(CCC2CCCC(C3CCCCC3C3CCC(C4CCC5CCCC5C4)CC3)C2)CC1
C1CCC(C2CCCC(C3CCCCC3)C2)CC1
C1CCC(CCC2CCCC(C3CCCCC3)C2CCC2CCCCC2)CC1
C1CCC(CCC2CCCC(C3CCC(CC4CCCCC4)CC3)C2)CC1
C1CCC(CC2CCCCC2C2CCCCC2)CC1
C1CCC(CC2CC(C3CCC4CCCCC43)CC3CCCCC32)CC1
C1CCC(C2CCCC(C3CCCCC3C3CCCC(C4CCCC4)C3)C2)CC1
C1CCC(C2CCCCC2C2CCC(C3CCC4C(CCC4C4CCCC4)C3)CC2)CC1
C1CCC(C2CCCC(C3CC(C4CCCCC4)CCC3C3CCCC3)C2)CC1
C1CCC(CCC2CCCC(C3CCC(CC4CCCCC4)C(C4CCCCC4)C3)C2)CC1
C1CCC(CCCC2CCCC(C3CCCCC3)C2)CC1
C1CCC(CCC2CCCC(C3CCCCC3)C2)CC1
C1CCC(CC2CCC(C3CCCC(C4CCCCC4)C3)CC2)CC1
C(CCCC1CCCCC1)CCCC1CCCC(C2CC3CCCCC3C2)C1
C1CCC(CC2CCC(CCC3CCCC(C4CCCCC4)C3)CC2)CC1
C1CCC(CCCCC2CCC(CC3CCCCC3)CC2)CC1
C1CCC(C2CCCCC2C2CCC3CCCCC32)CC1
C1CCC(CCC2CCC(CC3CCC(CC4CCCCC4)CC3)CC2)CC1
C1CCC(CC2CCCCC2C2CCCCC2CCCCC2CC3CCCCC3C2)CC1
C1CCC(CCC2CCC(C3CCCCC3)CC2)CC1
C(CCC1CCC(CC2CCCCC2)CC1)CCC1CCC(CC2CCC(C3CCCC3)CC2)CC1
C1CCC(CC2CCCC(CCC3CC4CCCCC4C4CCCCC34)C2)CC1
C1CCC(C2CCCCC2)CC1
C1CCC(CCC2CCCC(C3CC4CCCCC4C(C4CCCCC4)C3)C2)CC1
C1CCC(CC2CC(C3CCC4CCCCC43)CC3CCC(C4CCCCC4)CC32)CC1
C1CCC(C2CCC(CCC3CC4CCCCC4C3)C(CCC3CCCCC3C3CCCC3)C2)CC1
C1CCC(C2CC(C3CCCCC3)CC(C3CCCCC3)C2)CC1
C1CCC(CCCC2CCC(C3CCC(CC4CCCC4)CC3)CC2)CC1
C1CCC(CCCC2CCCC(C3CCCCC3)C2)CC1
C1CCC(C2CCC3C(C4CCCC4)CC(C4CCC5CCCCC5C4)C3C2)CC1
C1CCC(CCC2CCCCC2C2CCCCC2C2CCCC2)CC1
C1CCC(C2CCCC(C3CCC(C4CCC5CCCCC5C4)CC3)C2)C1
C1CCC(C2CCC(CCCCC3CCCCC3C3CCCCC3)CC2)CC1
C1CCC(CC2CCC(C3CCCC(CC4CCCCC4)C3)CC2)CC1
C1CCC(C2CCC3C(CC4CCCC(C5CCC5)C4)CCC3C2)CC1
C1CCC(CC2CCC(C3CCC(CCCC4CC5CCCCC5C4)CC3)C(C3CCCCC3)C2)CC1
C1CCC(CC2CCC(CC3CCC4CCC(C5CCCCC5)C4C3)CC2)CC1
C1CCC(CCC2CCC(CC3CCCCC3)CC2)CC1
C1CCC(CC2CCCCC2C2CCCCC2)CC1
C1CCC(CC2CCC(C3CCCC3C3CCCCC3)CC2)CC1
C1CCC(C2CCCC(C3CCC(CC4CC5CCCCC5C(C5CCCCC5)C4)CC3)C2)CC1
C1CCC(CCC2CC(C3CCCCC3)CC(C3CCC4CCCC4C3)C2)CC1
C1CCC(CC2CCC(CC3CCCCC3)C(CC3CCCCC3)C2)CC1
C1CCC(CC2CCCCC2C2CC2)CC1
C1CCC(CC2CCC(CCC3CCC(C4CCCC(C5CCCC5)C4)C3)CC2)CC1
C1CCC(CC2CCCC(C3CCC4CCCC4C3)C2)CC1
C1CCC(C2CCC(C3CCCCC3C3CCC4C(CCCC4C4CCCC4)C3)CC2)CC1
C1CCC(C2CCC(CC3CC(CC4CC4)CC(C4CCCCC4)C3)CC2)CC1
C1CCC(CC2CCCCC2C2CCCCC2C2CCC3CCCC3C2)CC1
C1CCC(C2CCC(CCC3CCCC3)CC2C2CCC3CCCC3C2)CC1
C1CCC(CCC2CCCC(C3CCCCC3)C2)CC1
C1CCC(CCCCC2CCCCC2C2CCCCC2)CC1
C1CCC(C2CCC(C3CCCCC3)C(C3CCCCC3)C2)CC1
C1CCC(C2CCCC(C3CCCCC3)C2)CC1
C1CCC(C2CCCC(C3CCC(C4CCCCC4C4CCCCC4)CC3)C2)CC1
C1CCC(C2CCC(C3CCCCC3)CC2)CC1
C1CCC(C2CCC3CCC(C4CCCC(CCC5CC6CCCCC6C5)C4)C3C2)CC1
C1CCC(CCC2CC3CCCCC3C(C3CCCCC3)C2)CC1
C1CCC(C2CCCC(CCC3CCC(C4CCCCC4C4CCC4)CC3)C2)C1
C1CCC(CC2CCC3CC(C4CCC5CCCCC54)CC(C4CCCCC4)C3C2)CC1
C1CCC(CCC2CCC(C3CCCCC3)CC2)CC1
C1CCC(CC2CCCC(C3CCC(C4CCCC4)CC3)C2)CC1
C1CCC(C2CCCC(CC3CC4CCCCC4C3)C2)CC1
C1CCC(CC2CCC(CCC3CC4CCCCC43)CC2)CC1
C1CCC(CC2CCC(C3CCCCC3)CC2)CC1
C1CCC(CC2CCCC(C3CC3)C2)CC1
C1CCC(CC2CCCC(C3CCCC(C4CCCCC4)C3)C2)CC1
C1CCC(CCCC2CCC(C3CCCCC3)CC2CC2CCCCC2)CC1
C1CCC(CC2CC(CC3CCCC(C4CCCCC4)C3)C3CCCCC23)CC1
C1CCC(C2CCC(CC3CCCC(CC4CCCC4)C3)CC2)CC1
C1CCC(C2CCC(CCC3CCCC(C4CCCCC4)C3)CC2)CC1
C1CCC(C2CCC(C3CCCC(C4CCCC4)C3)CC2)CC1
C1CCC(C2CCC3C(CCC3C3CCCCC3)C2)CC1
C1CCC(C2CCCC(C3CCCC3)C2CC2CCCC(CC3CCCC3)C2)CC1
C1CCC(CC2CCCC(C3CCCCC3)C2)CC1
C1CCC(CCCC2CCCC(C3CCCCC3)C2)CC1
C1CCC(CC2CCC(CCC3CCCC(CC4CCC5CCCCC54)C3)CC2)CC1
C1CCC(C2CCCC(C(C3CCCCC3)C3CCCCC3)C2)CC1
C1CCC(CC2CCCC(C3CCCC(C4CCCCC4)C3)C2)CC1
C1CCC(CCC2CCCCC2C(CC2CCCCC2)C2CCC(CCC3CC3)CC2)CC1
C1CCC(CC2CCCCC2C2CCC3C(CCCC3C3CCCC(C4CCCCC4)C3)C2)CC1
C1CC(CC2CC3CCCCC3C3CCCCC23)CC(C2CCC(CC3CCC4CCCCC43)CC2)C1
C1CCC(CCC2CCC(CC3CCCCC3)CC2CCC2CCCCC2)CC1
C1CCC(CCCC2CCC(C3CCCC3)CC2)CC1
C1CCC(C2CCCC(C3CCCCC3CC3CCC3)C2)CC1
C1CCC(CC2CC(CC3CCCCC3)C3CC(CC4CC(CC5CCC6CCCCC65)CC5CCCCC54)CCC23)CC1
C1CCC(CCCC2CCCC(CC3CCCCC3)C2)CC1
C(CCCCC1CCCCC1C1CCCC1)CCCC1CCCCC1
C1CCC(C2CCC(CC3CCC(C4CCCCC4)C(C4CCCC4)C3)CC2)CC1
C1CCC(C2CCC3CC(C4CC5CCCCC5C4)CCC32)CC1
C1CCC(CCCC2CCC(CCCCC3CCC(C4CC4)CC3)CC2)CC1
C1CCC(CCC2CCC(CC3CCC(C4CCCCC4)CC3)CC2)CC1
C1CCC(C2CCCC(C3CCCCC3)C2)CC1
C(CCCC1CCC(CCC2CCC(CC3CCCCC3)CC2)CC1)CCC1CCCC1
C1CCC(CC2CCCC(C3CCCCC3C3CCCC3)C2)CC1
C1CCC(CCC2CCC(CC3CCC(CC4CCCCC4)CC3)CC2)CC1
C1CCC(C2CCCC(C3CCCCC3)C2)CC1
C1CCC(C2CCCC(CC3CCC(CC4CC(C5CCC6CCCCC6C5)C5CCCCC45)CC3)C2)CC1
C1CCC(CC2CCC(CC3CCC(C4CCC5CCCCC5C4)C3)CC2)CC1
C1CCC(CCCC2CCC(CC3CCCC(C4CCCCC4)C3)CC2)CC1
C1CCC(C2CCCC(C3CCCCC3C3CCC4CCCC4C3)C2)CC1
C1CCC(CC2CCCC(CC3CCCC(C4CCCCC4)C3)C2)CC1
C(CCCC1CCCCC1CCCC1CCCCC1)CCC1CCCCC1
C1CCC(CC2CCCC(C3CCCC(C4CCCCC4)C3)C2)CC1
C1CCC(C2CCC(C3CCC(C4CCC4)CC3)CC2)CC1
C1CCC(C2CCCC(C3CCC(C4CC(C5CCCC5)C5CCCCC45)CC3)C2)CC1
C1CCC(CC2CCC(C3CCCCC3C3CCCC(C4CCC(C5CCCC5)CC4)C3)CC2)C1
C1CCC(CCCC2CCC(C3CCCC(C4CCCC(C5CCCCC5)C4)C3)CC2)CC1
C1CCC(CCC2CCCCC2C2CCCCC2)CC1
C1CCC(CCC2CCC(CC3CCC(C4CCCCC4)CC3)CC2)CC1
C1CCC(CCCCC2CCCC(C3CC(CC4CCCCC4)C4CCCCC43)C2)CC1
C1CCC(CC2CCCCC2CCC2CCC(C3CCCC3)CC2)CC1
C1CCC(CC2CCC(CC3CCC(C4CCCCC4)CC3)CC2)CC1
C1CCC(C2CCC(C3CCCC(C4CCCCC4)C3)CC2)CC1
C1CCC(C2CCC(CC3CCC(CC4CCC(C5CCC6CCCCC6C5)C4)CC3)CC2)CC1
C1CCC(C2CCCCC2)CC1
C1CCC(C2CCCC(CC3CCC4CC(C5CCCCC5)CCC34)C2)CC1
C1CCC(C2CC(C3CCCCC3)C3CCCCC23)CC1
C1CCC(CCCCCC2CCCCC2)CC1
C1CCC(C2CCCCC2)CC1
C1CCC(CCC2CCC(CC3CCCCC3)C(C3CCCCC3)C2)CC1
C1CCC(CC2CCCC(CC3CCCC4CCCCC43)C2)CC1
C1CC(CCC2CC3CCCCC3C2)CC(C2CCCC(CC3CC3)C2)C1
C1CCC(C2CCCC(CC3CCCC(C4CCC5CCCC5C4)C3)C2)CC1
C1CCC(CC2CCCCC2C2CCC(C3CCCC3)CC2)CC1
C1CCC(CC2CCC(CC3CCC(C4CCCC(CC5CC5)C4)CC3)CC2)CC1
C1CCC(CC2CC(C3CCC(CC4CCCC(CCC5CCCC5)C4)CC3)C3CCCCC23)CC1
C1CCC(C2CCCC(C3CCCCC3)C2)CC1
C1CCC(CC2CCCC(C3CCCC(CCC4CCC(C5CCCCC5)CC4)C3)C2)CC1
C1CCC(C2CCC(C3CCCCC3)CC2)CC1
C1CCC(CC2CCCC(CC3CCC(CC4CCCCC4)CC3CC3CC3)C2)CC1
C1CCC(C2CCCC(C3CCCCC3)C2)CC1
C1CCC(CC2CCC(CCCC(C3CCCCC3)C3CCCCC3)CC2)CC1
C1CCC(CC2CCC(CC3CC(C4CCC(C5CCCCC5)CC4)C4CCCCC34)CC2)CC1
C1CCC(CCC2CCCC(CCC3CCCCC3)C2CCC2CCCCC2)CC1
C1CCC(C2CCC(CC3CCCC(C4CCCC(C5CCC5)C4)C3)CC2)CC1
C1CCC(C2CCCCC2)CC1
C1CCC(CCC2CCC(CCC3CCCC(CC4CCCCC4)C3)CC2)CC1
C1CCC(CCCC2CCCCC2CC2CCCC(CC3CCCCC3)C2)CC1
C1CCC(CC2CCC(C3CCCCC3CC3CCCCC3)CC2)CC1
C1CCC(CCC2CCC(CC3CCCCC3)CC2)CC1
C1CCC(C2CCC(CC3CCC(CCCC4CCC5CCCCC5C4)CC3)CC2)CC1
C1CCC(C2CCC(C3CCCC3)C(C3CCC4CCCC4C3)C2)CC1
C1CCC(CC2CCC(CC3CCCC(C4CCCCC4)C3)C(CC3CCCCC3)C2)CC1
C1CCC(C2CCCC(C3CCCCC3C3CCCC3)C2)CC1
C1CCC(C2CC(C3CCCC3)C3CCC(C4CCC4)CC23)CC1
C1CCC(CCCC2CC(CC3CCC4CCCCC4C3)C3CCCCC23)C1
C1CCC(C2CCC(C3CCC(C4CCCC4)CC3)CC2C2CCCC2)CC1
C1CCC(CCC2CCCC(C3CCCC(CC4CCC5CCCC5C4)C3)C2)CC1
C1CCC(C2CC(CCC3CCC4CCCCC43)CC3CCCCC32)CC1
C1CCC(CC2CCC(C3CCCCC3)C(CC3CCCCC3)C2)CC1
C1CCC(C2CCCC(CC3CCCCC3C3CCCCC3C3CCCCC3)C2)CC1
C1CCC(C2CCCC(C3CCC(C4CCCCC4C4CCC5CCCC5C4)CC3)C2)CC1
C1CC2CCC(CC3CC(C4CCC5CCCCC54)CC4CCCCC43)CC2C1
C1CCC(CC2CCCC(C3CC3)C2)CC1
C1CCC(CCCC2CCCC(C3CC4CCCCC4C3)C2)CC1
C1CCC(CCC2CCCC(C3CCCCC3)C2)CC1
C1CCC(CC2CCC(C3CCCC(CC4CCCCC4)C3)CC2)CC1
C1CCC(CCC2CCC(C3CCCCC3)CC2)CC1
C(CCC1CCCCC1C1CCC(C2CC2)CC1)CC1CCCC(CC2CCC(C3CCCC3)CC2)C1
C1CCC(CCCC2CCC(CCCCC3CCCC3)CC2)CC1
C1CCC(CC2CCC(CC3CCCCC3)CC2)CC1
C1CCC(CCC2CCC(CC3CCC(CCC4CCCCC4)CC3)CC2)CC1
C1CCC(CC2CCCCC2C2CCCCC2)CC1
C1CCC(CCC2CCCC(CC(C3CCCC3)C3CCCC3)C2)CC1
C1CCC(CCCCCC2CCC(C3CCC(CC4CCCCC4)CC3)CC2)CC1
C1CCC(CC2CC(C3CCCCC3)CC(C3CCCCC3)C2)CC1
C(CCC1CCC(C2CCCC(C3CCCC3)C2)CC1)CC1CCC1
C1CCC(CC2CCC(CCC3CCCC(C4CCC5CCCC5C4)C3)CC2)CC1
C1CCC(CC2CCC(C3CCC(CC4CCCCC4)C(C4CCC5CCCCC5C4)C3)CC2)CC1
C1CCC(CCC2CC(C3CCCCC3)CCC2C2CCCCC2)CC1
C1CCC(CCC2CCC(C3CCC4CCCCC4C3)CC2)C1
C1CCC(CC2CCC3C(C4CC5CCCCC5C4)CC(C4CCC5CCCCC5C4)C3C2)CC1
C1CCC(CCC2CCCCC2CCC2CCCC(C3CCCCC3)C2)CC1
C1CCC(CC2CCCC(CC3CC4CCCCC4C3)C2)CC1
C1CCC(CCC2CCCC(C3CCCCC3)C2)CC1
C1CCC(CCC2CCCC(C3CCCCC3CC3CCC4CCCCC43)C2)CC1
C1CCC(CCC2CCC(C3CCCC(C4CCCCC4)C3)CC2)CC1
C1CCC(C2CCC(C3CCCCC3CC3CCCC3)CC2)CC1
C1CCC(CCC2CCCC(CC3CCCCC3)C2)CC1
C1CCC(CCC2CCC3CC(C4CCC5CCCCC54)CC(CC4CCCCC4)C3C2)CC1
C1CCC(CC2CCC(C3CCCCC3)CC2)CC1
C1CCC(C2CCCC(C3CCC4CCCCC4C3)C2)CC1
C1CCC(CCCC2CCC(C3CCCCC3)CC2)CC1
C1CCC(C2CCCC(C3CCC(C4CCC(CCC5CC5)CC4)CC3)C2)CC1
C1CCC(C2CCCCC2C2CCCCC2)CC1
C1CCC(CC2CCCC(CC3CCCCC3)C2)CC1
C1CCC(C2CCCCC2CC2CCCC(C3CCCC3)C2)CC1
C1CCC(C2CCCC(CCCC3CCC4CCCCC4C3)C2)CC1
C1CCC(CC2CCCC(C3CCCCC3)C2)CC1
C1CCC(C2CCCC(CCC3CCCC(C4CCC(CCC5CC6CCCCC65)CC4)C3)C2)CC1
C1CCC(CC2CCC(C3CC(C4CC4)CCC3C3CCCCC3)CC2)CC1
C1CCC(C2CCCC(C3CCCCC3C3CCCC3)C2)CC1
C1CCC(CC2CCC(CCC3CC4CCCCC4C3)CC2)CC1
C1CCC(C2CCC(C3CCC(CC4CCC5CCC(C6CCCCC6)CC5C4)CC3)CC2)CC1
C1CCC(CCC2CCCC(C3CCCCC3)C2)CC1
C1CCC(CC2CCCC(CC3CCC(C4CCCCC4)CC3)C2)CC1
C1CCC(CC2CC(C3CCC4CCCCC43)CCC2C2CCCCC2)CC1
C1CCC(CC2CCC(CC3CCCCC3CCCCC3CCCC3)CC2)CC1
C1CCC(CCC2CCCCC2CC2CCC(C3CCCCC3)CC2)CC1
C1CCC(CC2CC(C3CCC(CCCCC4CCC(C5CCCCC5)CC4)CC3)C3CCCCC23)CC1
C1CCC(C(C2CCCCC2)C2CCCC(CC3CCC4CCCCC43)C2)CC1
C1CCC(CC2CCC(C3CCCCC3)CC2)CC1
C1CCC(CC2CCC(C3CCC(C4CCCCC4)CC3)C2)CC1
C1CCC(CCC2CCCC3CC(CC4CCCC(C5CCC6CCCCC65)C4)CCC23)CC1
C1CCC(CCC2CCC(C3CCCCC3)CC2)CC1
C1CCC(C2CCC(CCCC3CCCC(C4CCCCC4)C3)CC2)CC1
C1CCC(C2CCCC(CC3CCCCC3C3CCCCC3)C2)CC1
C1CCC(CC2CC(C3CCCCC3)CC(C3CCC3)C2)CC1
C1CCC(CC2CCCCC2C2CCCCC2)CC1
C1CCC(C2CCC(CCC3CCCC(C4CCCC4)C3)CC2)CC1
C1CCC(CC2CCCC(CC3CCCC(C4CCCCC4)C3)C2)CC1
C1CCC(C2CCC(C3CCC(C4CCC4)CC3)CC2)CC1
C1CC(CC2CCCCC2C2CCCC2)CC(C2CCCC(C3CCC(CCC4CC4)CC3)C2)C1
C1CCC(C2CCC(C3CCC3)CC2C2CCCCC2)CC1
C1CCC(C2CCCC(C3CCCC(CC4CC(C5CCCCC5)C5CCCCC45)C3)C2)CC1
C1CCC(C2CCC(CC3CCC(C4CCC5CCCCC5C4)CC3)C2)CC1
C1CCC(C2CCCCC2C2CCCC(C3CCC(CC4CC5CCCCC5C4)CC3)C2)CC1
C1CCC(CC2CCCC2C2CCC(C3CCCC(CC4CCCC4)C3)CC2)CC1
C1CCC(CCC2CCC(C3CCC(CC4CCCCC4)CC3C3CCCC3)CC2)CC1
C1CCC(CC2CCC(CCC3CCC4CCC(C5CCCCC5)C4C3)CC2)CC1
C1CCC(CC2CCC(CC3CCC(CC4CCCCC4)CC3)CC2)CC1
C1CC2CCC(C3CCCC(C4CCCCC4CCC4CC4)C3)CC2C1
C1CCC(C2CCCC(C3CCCCC3)C2)CC1
C1CCC(C2CCC(CC3CCC(CC4CCC5CCCCC5C4)CC3)C(C3CCCC3)C2)CC1
C1CCC(CCCC2CCCC(CC3CCC(CC4CCCCC4)CC3)C2)CC1
C1CCC(CCCC2CCC(CC(CC3CCCCC3)C3CCCCC3)CC2)CC1
C1CCC(C2CCCC(CC3CCC(CCC4CCCCC4C4CCCCC4)CC3)C2)CC1
C1CCC(CC2CCCCC2C2CCCCC2C2CCC3CCCCC3C2)CC1
C1CCC(CC2CCC(C3CCCC(C4CCC(CC5CCCCC5)CC4)C3)CC2)CC1
C1CCC(C2CCCCC2C2CCC3CCCC3C2)CC1
C1CCC(CCC(CC2CCCCC2)C2CCCCC2)CC1
C1CCC(C(C2CCCC2)C2CCC(C3CCCC(C4CCCC4)C3)CC2)CC1
C1CCC(C2CCCC(CC3CCCC(C4CCCC(C5CCCCC5)C4)C3)C2)CC1
C1CCC(CCC2CCC(CCCCC3CCC(CC4CC5CCCCC5C4)C3)CC2)C1
C1CCC(CCCC2CCC(CCC3CCCC(C4CCC4)C3)CC2C2CCC3CCCCC3C2)CC1
C1CCC(CCC2CCC(CCC3CCCCC3)CC2)CC1
C1CCC(CC2CCC(CC3CCCCC3C3CCCCC3)CC2)CC1
C1CCC(CCCC2CCC(CC3CCCC(C4CCCCC4)C3)CC2)CC1
C1CCC(CCCC2CC(C3CCCC(CC4CCCCC4)C3)CC3CCCCC32)CC1
C1CCC(CC2CCCC(C3CCCC(C4CCCCC4)C3)C2)CC1
C1CCC(C2CCCCC2C2CCCCC2)CC1
C1CCC(CCC2CCC(C3CCCCC3)C(C3CCC(C4CCCCC4)C3)C2)CC1
C1CCC(CC2CC(C3CCCC(CC4CC5CCCCC5C4)C3)C3CCCCC23)CC1
C1CCC(C2CCC(CC3CCCC(CC4CCCC4)C3)CC2)CC1
C1CCC(CC2CC(C3CCC(CC4CCCC(CC5CC5)C4)CC3)C3CCCCC23)CC1
C1CCC(CC2CCC(C3CCCCC3)CC2C2CCCCC2)CC1
C1CCC(CC2CCC(CC3CCCCC3)CC2)CC1
C1CCC(C2CCC(CCCCCC3CCCC4CCCCC34)CC2)CC1
C1CCC(CCCCC2CCC(C3CCCCC3)CC2)CC1
C1CCC(CC2CCC(CCC3CC4CCCCC4C3)CC2)CC1
C1CCC(C2CCC(C3CCCC3C3CCCCC3)CC2)CC1
C1CCC(CC2CCCC(C3CCCC(C(C4CCCCC4)C4CCCCC4)C3)C2)CC1
C1CCC(C2CCC(CC3CC(C4CCCCC4)C4CCCCC34)CC2)CC1
C1CCC(C2CC(C3CCCC3)CC(CCC3CC3)C2C2CCCCC2)CC1
C1CCC(C2CCCCC2)CC1
C1CCC(CC2CCC(C3CCCC(C4CCCCC4)C3)CC2)CC1
C1CCC(CCCC2CCC(CC3CCCCC3)CC2)CC1
C1CCC(CC2CCCCC2C2CCCC(C3CC(CC4CC4)CC(C4CC5CCCCC5C4)C3)C2)CC1
C1CCC(CC2CCC(C3CCCC(CC4CCCCC4)C3)CC2)CC1
C1CCC(C2CCCCC2C2CCCCC2CCCC2CC2)CC1
C1CCC(CCC2CC(C3CCCCC3)CC(C3CCC3)C2)CC1
C1CCC(CCC2CCCC(C3CCCCC3)C2)CC1
C1CCC(C2CCC(CC3CCC(C4CCCCC4)C3)CC2)CC1
C1CCC(CC2CCCC3CC(CC4CCCC(C5CCCCC5)C4)CC23)CC1
C1CCC(C2CCC(C3CC(C4CCCCC4)C4CCCCC34)CC2)CC1
C1CCC(CCCCCC2CC(CCC3CCCCC3)CC(C3CCCCC3)C2)CC1
C1CCC(CC2CCC(CCCC3CCC(C4CCC5CCCC5C4)CC3)CC2)CC1
C1CCC(CCCC2CCCC(C3CCCCC3)C2)CC1
C1CCC(C2CCCC(C3CCCCC3)C2)CC1
C1CCC(CC2CCC(C3CCCCC3)CC2)CC1
C1CCC(C2CCC(C3CCCCC3)CC2)CC1
C1CCC(CCC2CC(C3CCC4CCCCC43)CC3CCCCC32)CC1
C1CCC(C2CCC(CC3CCC4C(CC5CCCC5)CC(C5CCC6CCCCC65)C4C3)CC2)CC1
C1CCC(CC2CCC(C3CCCCC3)CC2)CC1
C1CCC(CC2CCC(CCCC3CCCC(C4CCCCC4)C3)CC2)CC1
C1CCC(CC2CCCC(C3CC(CC4CCCCC4)C4CCCCC43)C2)CC1
C1CCC(CC2CCCCC2CC2CCC(C3CCCCC3)CC2)CC1
C1CCC(C2CCCCC2C2CCC3C(CCCC3C3CCCC(CC4CCC4)C3)C2)CC1
C1CCC(CC2CCC(CC3CCC(CCC4CCCC(C5CCCC5)C4)CC3)CC2)CC1
C1CCC(CC2CCC(CC(C3CCCC3)C3CCCC(CC4CCCCC4)C3)CC2)CC1
C1CCC(C2CCC(C3CCC4CCCCC4C3)CC2)CC1
C1CCC(C2CCCCC2CCCC2CCC(C3CCCC3)CC2)CC1
C1CCC(CC2CCC(CC3CCCCC3C3CCCCC3)CC2)CC1
C1CCC(CC2CCC(C3CC(C4CCCCC4CC4CCCCC4)C3)CC2)CC1
C1CCC(CC2CCCC(C3CC(C4CCC4)CC(C4CCCC(C5CCCCC5)C4)C3)C2)CC1
C1CCC(CC2CCC(C3CCCCC3)CC2)CC1
C1CCC(CC2CCC(C3CCCC(C4CCCCC4)C3C3CCC(C4CCCCC4)CC3)CC2)CC1
C1CCC(CCCC2CCC(CC3CCCCC3)CC2)CC1
C1CCC(CC2CCCCC2C2CCCCC2)CC1
C1CCC(CC2CCC(CCC3CCCC(C4CCCCC4CC4CCCCC4)C3)CC2)CC1
C1CCC(CC2CCC3C(CCCC3C3CCC(C4CCCCC4)CC3)C2)CC1
C1CCC(C2CCCC(CC3CC(C4CCC(C5CCCC5)CC4)C4CCCCC34)C2)CC1
C1CCC(CC2CCCC(CCC3CCCCC3C3CCCCC3)C2)CC1
C1CCC(C2CCC3C(CCCC3C3CCCC(CC4CC5CCCCC5C4)C3)C2)CC1
C1CCC(CC2CCCC(C3CCCCC3)C2)CC1
C1CCC(C2CCCC(C3CCCCC3C3CCCCC3)C2)CC1
C1CCC(C2CCCC(CC3CC4CCCCC4C3)C2)CC1
C1CCC(C2CCC(C3CCCCC3)CC2)CC1
C1CCC(CC2CCCC2C2CCCCC2C2CCCCC2)CC1
C1CCC(CCC2CCCC(C3CCCCC3C3CCCCC3)C2)CC1
C1CCC(C2CCCC(C3CCCCC3C3CCCCC3C3CCCCC3)C2)CC1
C1CCC(CC2CCC(C3CCCCC3C3CCCCC3)CC2)CC1
C1CCC(CCC2CCC(CC3CCCCC3)CC2)CC1
C1CCC(CC2CCC(C3CCCC(C4CCC5CCCCC5C4)C3)CC2)CC1
C1CCC(C2CCC(C3CCCCC3)C(C3CCCCC3)C2)CC1
C1CCC(CCCC2CCC(C3CCCC(CCC4CCCCC4)C3)CC2)CC1
C1CCC(CC2CCC(CC3CCCC(C4CCCCC4)C3)CC2)CC1
C1CCC(CCCC2CCCC(CCCC3CCC(C4CCCCC4)CC3)C2)CC1
C1CCC(C2CCC(C(C3CCCCC3)C3CC3)CC2)CC1
C1CCC(C2CCCC(CC3CCC4CCCCC43)C2)C1
C1CCC(CC2CC(C3CCCCC3)CC(C3CCCCC3)C2)CC1
C1CCC(CCCCC2CCC(CC3CCC(C4CCCCC4)CC3)CC2)CC1
C1CCC(C2CCCC(C3CCC4CCCCC4C3)C2)CC1
C1CCC(CCCC2CCC(C3CCC(CC4CCCCC4)CC3)CC2C2CCCCC2)CC1
C1CCC(CC2CCC(CC3CCC(CCC4CCCC4)CC3)CC2)CC1
C1CCC(CC2CCC(CC3CCCCC3C3CCCCC3)CC2)CC1
C1CCC(CC2CCCC(C3CCCCC3)C2)CC1
C1CCC(C2CCCCC2)CC1
C1CCC(C2CCC(CC3CCCC(C4CCC5CCCCC5C4)C3)CC2C2CCCCC2)CC1
C1CCC(CC2CCC(CC3CCC(CCC4CCC(C5CCCC5)CC4)CC3)CC2)C1
C1CCC(CC2CCCCC2C2CCCCC2)CC1
C1CCC(C2CCC(CCC3CCCCC3C3CCCCC3)CC2)CC1
C1CCC(CC2CCC(CC3CCC(C4CCCCC4)CC3)CC2)CC1
C1CCC(CC2CCCCC2C2CCCCC2C2CCC3CCCC3C2)CC1
C1CCC(C2CCC3CC(C4CCCCC4)CCC3C2)CC1
C1CCC(CC2CCC(CC3CCC(C4CCCCC4)C3)CC2)CC1
C1CCC(C2CCC(C3CCC(C4CCCC4)CC3)CC2)CC1
C1CCC(CCC2CCC(CCC3CCCCC3)CC2)CC1
C1CCC(CC2CCC(C3CC(CC4CCCCC4)CCC3CC3CCCCC3)CC2)CC1
C1CCC(CCC2CCCCC2C2CCCC(CC3CCCCC3)C2)CC1
C1CCC(CC2CCCCC2C2CCCC(C3CCCCC3)C2)CC1
C1CCC(C2CCCCC2C2CCC3CCCCC3C2)CC1
C1CCC(CCC2CCCCC2CC2CCCCC2)CC1
C1CCC(C2CCCC(C3CCC(C4CCCCC4C4CCCCC4)C3)C2)CC1
C1CCC(CC2CC(C3CCCCC3)CC(C3CCCCC3)C2)CC1
C1CCC(C2CCCC(C3CCC(CC4CCC(CC5CC5)CC4)CC3)C2)C1
C1CCC(CCC2CCC(CC3CCCC(CC4CC4)C3)CC2)CC1
C1CCC(CC2CCCCC2)CC1
C1CCC(CC2CCC3C(CCC(C4CCCCC4)C4CCCC4)CCC3C2)CC1
C1CCC(CC2CCC(CC3CCCCC3)CC2)CC1
C1CCC(CCC2CCCCC2CC2CCCCC2)CC1
C1CCC(C2CCCC(CCC3CC(C4CCCCC4)CC(C4CCCCC4)C3)C2)CC1
C1CCC(C2CCC(C3CCC(C4CCCC(CC5CCCC5)C4)CC3)CC2)CC1
C1CCC(C2CCCC(C3CCCCC3)C2)CC1
C1CCC(C2CC(C3CCC(C4CCCC4)CC3)C3CCCCC23)CC1
C1CCC(CC2CCCC(C3CCCC(CCC4CCCC(C5CCC6CCCCC6C5)C4)C3)C2)CC1
C1CCC(C2CC(C3CCC4CCCCC43)CC3CCC(CC4CC5CCCCC5C4)CC32)CC1
C1CCC(CC2CCCCC2C2CCCCC2)CC1
C1CCC(CC2CCC(CC3CCC(C4CCCC(C5CCC5)C4)CC3)CC2)CC1
C1CCC(CC2CCCC(C3CCCCC3)C2)CC1
C1CCC(CC2CCC(CCCC3CCCC(CC4CCCCC4)C3)CC2)CC1
C1CCC(CC2CC(CC3CCC(C4CCCCC4)C3)C3CCCCC23)CC1
C1CCC(C2CCC(C3CCCCC3C3CCCC3)CC2)CC1
C1CCC(CC2CCC(C3CCCC(C4CCC(C5CCCCC5)CC4)C3)CC2)CC1
C1CCC(C2CCCCC2CC2CC3CCCCC3C2)CC1
C1CCC(C2CCC(C3CCCC(C4CCCCC4)C3)CC2)CC1
C1CCC(C2CCCC(CC3CCC(C4CCCC(C5CCCCC5)C4)CC3)C2)CC1
C1CCC(CC2CCCC(C3CCCCC3)C2)CC1
C1CCC(CC2CCC(CC(C3CCCCC3)C3CCCCC3)CC2)CC1
C1CCC(CCC2CCC(C3CCCCC3)C(CCC3CCCCC3)C2)CC1
C1CCC(CCCC2CCC(CC3CCCCC3)CC2)CC1
C1CCC(CCCCC2CCCC(C3CCCCC3)C2)CC1
C1CCC(C2CCCCC2C2CC3CCCC(C4CCCCC4)C3C2)CC1
C1CCC(CCC2CCC(C3CCCCC3)C(C3CCCCC3)C2)CC1
C1CCC(CCCCCC2CCCCC2C2CCCC(C3CCCCC3)C2)CC1
C1CCC(CC2CCC(C3CCCC(C4CCCCC4)C3)CC2)CC1
C(CCCC1CCC(CC2CCC(C3CCCCC3)CC2)CC1)CCC1CCCCC1
C1CCC(CC2CCC(CC3CCC(CCC4CCCC(C5CCCCC5)C4)CC3)CC2)CC1
C1CCC(CC2CCCC(C3CCCCC3)C2)CC1
C1CCC(C2CCC(CCC3CCC(CCC4CCCC4)CC3)CC2C2CCCCC2)CC1
C1CCC(CC2CCCC(C3CCC4C(CCC4C4CCCC4)C3)C2)CC1
C(CCCC1CC1)CCCC1CCC(CCC2CCCCC2)CC1
C(CCCC1CCC2CCCC(C3CCCCC3)C2C1)CCC1CCCCC1
C1CCC(CCC2CCC(CC3CC(CC4CCCCC4)C4CCCCC34)CC2)CC1
C1CCC(C2CCC(C3CCCCC3C3CCCCC3)C2)CC1
C1CCC(CC2CCCC(C3CCCCC3)C2)CC1
C1CCC(CC2CCC(CC3CC4CCCCC4C3)CC2)CC1
C1CCC(CCC2CCCC(CC3CCCCC3C3CCC4CCCCC4C3)C2)CC1
C1CCC(C2CCC(CC(C3CCCCC3)C3CCCC(C4CCCCC4)C3)CC2)CC1
C1CCC(CC2CCC(CC3CCC(CC4CCCCC4)CC3)CC2)CC1
C1CCC(C2CCC(CC3CCCC4CC(C5CCCCC5)CCC34)CC2)CC1
C1CCC(CCCC2CCCC(C3CCCC(C4CCCCC4)C3)C2)CC1
C1CCC(CCC2CCCCC2C2CCCCC2)CC1
C1CCC(CC2CCC(C3CCCCC3)CC2)CC1
C1CCC(C2CCCCC2C2CCCCC2C2CCCC(C3CC3)C2)CC1
C1CCC(C2CCCC(C3CCC(C4CCCC(CCCCC5CC5)C4)CC3)C2)CC1
C1CC(C2CC2)CC(C2CCCC(C3CC4CCCCC4C3)C2)C1
C1CCC(CC2CCC(C3CCCC(C4CCCCC4)C3)CC2)CC1
C1CCC(CCCCC2CCCCC2)CC1
C1CCC(CCCCC2CCC(C3CCC(C4CC5CCCCC5C4)CC3)CC2)CC1
C1CCC(C2CCC(CCC3CCC(C4CCCCC4)CC3)CC2)CC1
C1CCC(CCCC2CCC(C3CCCCC3)CC2)CC1
C1CCC(C2CC(CC3CC4CCCCC4C3)C3CCCCC32)CC1
C1CCC(CC2CCCC(C3CCCC3CC3CCC(C4CCCCC4)CC3)C2)CC1
C1CCC(C2CCCCC2CC2CCCC(C3CCCC3)C2)CC1
C1CCC(CC2CCC(C3CC(C4CCCCC4)C4CCCCC34)CC2)CC1
C1CCC(CCC2CCCCC2CC2CCCCC2)CC1
C1CCC(CC2CCC(C3CCCCC3)CC2C2CCCCC2)CC1
C1CCC(CCC2CC(CC3CCC(CC4CCC(C5CCCC5)CC4)CC3)C3CCCCC23)CC1
C1CCC(C2CCC(CCCCC3CCC(CC4CCC(C5CCCC5)CC4)CC3)CC2)CC1
C1CCC(CC2CCCC(CCC3CCC(C4CCCCC4)CC3)C2)CC1
C1CCC(CC2CC(C3CCC(C4CCCCC4)CC3)C3CCCCC23)CC1
C1CCC(C2CCCC(CCC3CCCC(C4CCC4)C3)C2)CC1
C1CCC(CC2CCC(CCC3CCCCC3CC3CCCC(C4CC4)C3)CC2)CC1
C1CCC(CC2CCC3C(CC4CCCCC4)CC(C4CCCC(C5CCCCC5)C4)C3C2)CC1
C1CCC(CCCC2CCCC(CCC3CCCCC3)C2)CC1
C1CCC(C2CCCC(CCCC3CCC(CCC4CCC4)CC3)C2)CC1
C1CCC(C2CCCC(CCCC3CCCCC3C3CCCCC3)C2)CC1
C1CCC(CC2CCC(C3CC(CC4CCCCC4)CC(C4CCCCC4)C3)CC2)CC1
C1CCC(CC2CCC(CCC3CCC(C4CCCCC4)CC3)CC2)CC1
C1CCC(CC2CCCC(C3CCCC(C4CCCCC4)C3)C2)CC1
C1CCC(CC2CCCCC2)CC1
C1CCC(CCC2CCCCC2C2CCCCC2)CC1
C1CCC(CCC2CCCC(CC3CCCCC3)C2)CC1
C1CCC(CC2CC(C3CCCCC3)CC(C3CCCCC3)C2)CC1
C1CCC(CCC2CCCC(C3CCCCC3C3CCCCC3C3CCCC3)C2)CC1
C1CCC(CCC2CCC(C3CCCC(C4CCCC(C5CCCCC5)C4)C3)CC2)CC1
C1CCC(CC2CC(C3CCCC3)CCC2C2CCCCC2)CC1
C1CCC(C2CCCC(C3CCC(CCC4CCCC(C5CCCC5)C4)C3)C2)CC1
C1CCC(CC2CCCC(CCC3CCC(C4CCCC4)CC3)C2)CC1
C1CCC(CC2CCCCC2C2CC(C3CCC(C4CCCCC4)CC3)C3CCCCC32)CC1
C1CCC(CC2CCC(CC3CCC4CCCCC43)CC2)CC1
C1CCC(CC2(CC3CCCC(C4CCCCC4C4CCCC4)C3)CC2)CC1
C1CCC(C2CCC(C3CCCCC3C3CCCC3C3CCC4CCCCC43)CC2)CC1
C1CCC(CCC2CCCC(C3CCC(C4CCC5CCCCC54)CC3)C2)CC1
C1CCC(C(C2CCCCC2)C2CCCCC2C2CCCC2)CC1
C1CCC(CCC2CCCCC2C2CCC(CC3CCCCC3)CC2)CC1
C1CCC(C2CC(C3CCCCC3C3CCC4C(CCCC4C4CCCCC4)C3)C2)CC1
C1CCC(C2CCCC(CCC3CCC(CC4CC4)CC3)C2)CC1
C1CCC(CC2CC(C3CCCC(C4CCCCC4)C3)C3CCCCC23)CC1
C1CCC(C2CCC(C3CCCCC3CCC3CCCCC3C3CCCC3)CC2)CC1
C1CCC(CC2CCCC(C3CCCC(C4CCCC(C5CCCCC5)C4)C3)C2)CC1
C1CCC(C2CCCC(C3CCCCC3)C2)CC1
C1CCC(CC2CCC(C3CCC(C4CCCC4)CC3)C(C3CCCCC3)C2)CC1
C1CCC(CC2CCCCC2CCC2CC3CCCCC3C2)CC1
C1CCC(CCC2CCCC(C3CCCCC3)C2)CC1
C1CCC(CCC2CCCCC2CC2CCC(CC3CCCCC3)CC2)CC1
C1CCC(C2CCC(CC3CCC(CCC4CCCC(C5CCCCC5)C4)CC3)CC2)CC1
C1CCC(CC2CCC(C3CCCC(CC4CC5CCCCC5C4)C3)CC2)CC1
C1CCC(CCC2CC(CC3CCCCC3)CC(C3CCCCC3)C2)CC1
C1CCC(C2CCCCC2CCC2CCC3CC(C4CCC5CCCCC54)CC(C4CCCCC4)C3C2)CC1
C1CCC(CCCC2CCCC(CCC3CCCC(C4CCCCC4)C3)C2)CC1
C1CCC(CCC2CCC(C3CCCCC3)CC2)CC1
C1CCC(CCCC2CCCCC2CC2CCCCC2)CC1
C1CCC2CC(C3CCCCC3C3CCCCC3CCCC3CCCCC3C3CCCC3)CCC2C1
C1CCC(CC2CCC(C3CCC(C4CCCCC4)CC3)C(C3CCCCC3)C2)CC1
C1CCC(CC2CC(C3CCC(C4CCCCC4C4CCCC4)CC3)C3CCCCC23)CC1
C1CCC(CC2CCC(C3CC(C4CCCCC4)CC(C4CC4)C3)CC2)CC1
C1CCC(C2CCC(CC3CCC(CCCCC4CC4)CC3)CC2)CC1
C1CCC(C2CCCC(CCCC3CC4CCCCC4C3)C2)CC1
C1CCC(C2CCC(C3CCCCC3)C(C3CCCCC3)C2)CC1
C1CCC(C2CCC(C3CCC(CCC4CCCC5CC(C6CCCCC6)CCC45)CC3)CC2)CC1
C1CC(CC2CCC(CC3CC4CCCCC4C3)CC2)C1
C1CCC(CCC2CCC(CC3CCC(CC4CCC(CC5CCCCC5)CC4)CC3)CC2)CC1
C1CCC(C2CCC(C3CCCC3)C(C3CCCCC3)C2)CC1
C1CCC(CC2CCC(C3CCCCC3)C(CC3CCCCC3)C2)CC1
C1CCC(C2CC(C3CCC4CCCCC43)CC3CCCCC32)CC1
C1CCC(C2CCCCC2)CC1
C1CCC(C2CCC(C3CC(C4CCC(C5CCCCC5)CC4)C3)CC2)CC1
C1CCC(CC(CC2CCC(C3CCCCC3)CC2)C2CCCCC2)CC1
C1CCC(CC2CCCC(C3CCCC(C4CCCC4)C3)C2)CC1
C1CCC(CC2CCCC(C3CCC(C4CCCCC4)CC3)C2)CC1
C1CCC(C2CCCC(C3CCCCC3)C2)CC1
C1CCC(CCCCCC2CCCCC2)CC1
C1CCC(C2CCC(C3CCCCC3)C(C3CCCCC3)C2)CC1
C1CCC(C2CCC(C3CCCC3)CC2)CC1
C1CCC(CCC2CCCC(C3CCCCC3)C2)CC1
C1CCC(CC2CCCCC2C2CCC(C3CCCCC3)CC2)CC1
C1CCC(CCCC2CCCC(C3CCCCC3)C2)CC1
C1CCC(CCC2CCC(C3CCCCC3C3CCCC3)CC2)CC1
C1CCC(CC2CCCCC2CC2CC(C3CCCCC3)C3CCCCC23)CC1
C1CCC(C2CCC(CC3CCCC(C4CCC(C5CCCCC5)CC4)C3)CC2)CC1
C1CCC(CCC(CCC2CCC(CC3CCC(C4CC4)CC3)CC2)CC2CCCCC2)CC1
C1CCC(CCCC2CCC(C3CCCCC3C3CCCC3)CC2)CC1
C1CCC(C2CCC2)CC1
C1CCC(C2CCCCC2C2CCCCC2)CC1
C1CCC(C2CCC(C3CC3)CC2)CC1
C1CCC(CCC2CCCCC2CC2CCC(CC3CCC(C4CCCC4)CC3)CC2)CC1
C1CCC(CC2CCCCC2C2CCCC(C3CCCC(C4CCCCC4)C3)C2)CC1
C1CCC(C2CCC3C(CCCC3C3CCCCC3C3CCCCC3)C2)CC1
C1CCC(CC2CCC(CC3CCC(CC4CCCCC4)CC3)CC2)CC1
C1CCC(CC2CCC(C3CCCCC3)CC2)CC1
C(CCC1CCC(CC2CCC(CCC3CCC4CCCCC43)CC2)CC1)CC1CC1
C1CCC(C2CCC(C3CCCC(CC4CCC5CCCCC54)C3)CC2C2CCC2)CC1
C1CCC(CC2CCC(C3CCCCC3)C(C3CCCC(C4CCCCC4)C3)C2)CC1
C1CCC(CC2CCC(CCCC3CCCC(C4CCCCC4)C3)CC2)CC1
C1CCC(CCC2CCC(CC3CCCC(C4CCCCC4)C3)CC2)CC1
C1CCC(CC2CCCCC2C2CCCCC2)CC1
C1CCC(CCC(C2CCCC(C3CCCC3)C2)C2CCC3CCCCC3C2)CC1
C1CCC(C2CCC(CC3CC(C4CCC(C5CC6CCCCC6C5)CC4)C4CCCCC34)CC2)C1
C1CCC(CC2CCC(CC3CCCCC3C3CCCCC3)CC2)CC1
C1CCC(CC2CC(C3CCC4CCCCC43)CC3CCCCC32)CC1
C1CCC(CC2CCCC(C3CCC(C4CC(CC5CCCCC5)C5CCCCC54)CC3)C2)CC1
C1CCC(CC2CCCC(C3CCCC(C4CCCCC4)C3)C2)CC1
C1CCC(C2CC(C3CCC4CCCCC4C3)C3CC(CC4CCCC(C5CCC5)C4)CCC23)CC1
C1CCC(CC2CCCC(C3CCC(C4CCCCC4)CC3)C2)CC1
C1CCC(C2CCC(C3CCC(CC4CC5CCCCC5C4)CC3)CC2)CC1
C1CCC(C2CCC(C3CCCCC3C3CCC4CCCC4C3)CC2)CC1
C1CCC(C2CCCC(C3CCC(C4CCCCC4)C3)C2)CC1
C1CCC(CC2CCCC(C3CCC4C(CC5CCCCC5)CCC4C3)C2)CC1
C1CCC(C2CCCC(C3CCCC(C4CCCCC4C4CCCC4)C3)C2)CC1
C1CCC(CC2CCCC(CC3CCCC(CC4CCCCC4)C3)C2)CC1
C1CCC(C2CCCC(C3CCCC(C4CCCCC4)C3)C2)CC1
C1CCC2CC(C3CCC(C4CCC(C5CCCCC5C5CCC6CCCC6C5)C4)CC3)CCC2C1
C1CCC(CCCCC2CCC(C3CCCC(C4CCC(C5CCCC5)CC4)C3)CC2)CC1
C1CCC(C2CCCC(C3CCC(C4CCC(C5CCCC5)CC4)C3)C2)CC1
C1CCC(C2CCC(C3CCC4CC(C5CC5)CC(CCC5CCC(CC6CC6)CC5)C4C3)CC2)CC1
C1CCC(CC2CCCCC2CCC2CCCC2)CC1
C1CCC(CC2CCC(C3CCCC(CC4CCCCC4)C3)CC2)CC1
C1CCC(CC2CCCCC2CC2CCCCC2CC2CCCCC2)CC1
C1CCC(CC2CCCC(C3CCCCC3)C2)CC1
C1CCC(C2CCCC(C3CCCCC3)C2)CC1
C1CCC(CC2CCCC(CCC3CCC(C4CCCCC4)CC3)C2)CC1
C1CCC(CC2CCCC3CC(C4CCCCC4CC4CCCC4)CCC23)CC1
C1CCC(CCCC2CCC(C3CCCC(C4CC4)C3)CC2)CC1
C1CCC(CCC2CCCC3CC(C4CCCCC4CC4CCCCC4)CCC23)CC1
C1CCC(C2CCC(C3CCC4C(CCCC4C4CCC4)C3)CC2)CC1
C1CCC(CC2CCC(C3CC3)CC2C2CCC3CCCC3C2)CC1
C1CCC(CCCCC2CCCCC2C2CCCCC2)CC1
C1CCC(CC2CCC(CC3CCCCC3C3CCC4C(CCCC4C4CCCCC4)C3)CC2)CC1
C1CCC(C2CCCC(C3CCCCC3)C2)CC1
C1CCC(C2CCCCC2C2CCC(C3CC(C4CCCCC4)C4CCCCC34)C2)CC1
C1CCC(C2CCC(CCCC3CCC(C4CCC(C5CCCCC5)C5CCCC45)CC3)CC2)CC1
C1CCC(CC2CCC(CC3CCCC(CC4CCCCC4)C3)CC2)CC1
C1CCC(CCC2CC(CC3CCCCC3)CCC2C2CCCCC2)CC1
C1CCC(CCC2CCC(C3CCCCC3)C(C3CCC4CCCC4C3)C2)CC1
C1CCC2C(C1)CCC2CCC1CCC(C2CCCCC2C2CCCCC2C2CCCC2)CC1
C1CCC(C2CCCCC2C2CCC3CCCCC32)CC1
C1CCC(CC2CCC(CCC3CC(C4CCCC4)CCC3C3CCCCC3C3CCCCC3)CC2)CC1
C1CCC(C2CCC(C3CCCC(CC4CCCC4)C3)CC2)CC1
C1CCC(CC2CCC(CC3CCCC(CC4CCCC(C5CC5)C4)C3)CC2)CC1
C1CCC(CC2CCCC(C(CC3CCC(C4CCCCC4)CC3)C3CCCCC3)C2)CC1
C1CCC(CC2CCCC(C3CCCCC3)C2)CC1
C1CCC(CC2CCC(CCCCC3CC(CC4CCCCC4)C4CCC(CC5CCCCC5)CC34)CC2)CC1
C1CCC(C2CCCCC2C2CCCCC2)CC1
C1CCC(CC2CCC(C3CCCC(C4CCCCC4)C3)CC2C2CCCC2)CC1
C1CCC(C2CCCC(CCC3CCC4CCCCC43)C2)CC1
C1CCC(C2CCC(C3CCCC(CCCC4CC4)C3)CC2)CC1
C1CCC(CC2CCC(CC3CCCC(CC4CCCCC4C4CCCCC4)C3)CC2)CC1
C1CCC(CC2CCCCC2C2CCCCC2)CC1
C1CCC(CCC2CCCC(C3CCCCC3)C2)CC1
C1CCC(CC2CCC(C3CC(CC4CCCCC4)C4CCCCC43)CC2)CC1
C1CCC(CC2CCC(CC3CCCCC3)CC2)CC1
C1CCC(CC2CCC(C3CCCCC3)C(C3CCCCC3)C2)CC1
C1CCC(CCCC2CCCC(C3CCCCC3)C2)CC1
C1CCC(CCCC2CC(CCC3CCC(C4CCCCC4)CC3)CC(CC3CC3)C2)CC1
C1CCC(CCCC2CCC(C3CCCCC3C3CCCCC3)CC2)CC1
C1CCC(CCCCC2CCCC(CC3CCCCC3)C2)CC1
C1CCC(C2CCC(C3CCCCC3C3CCCCC3)C(C3CCCCC3)C2)CC1
C1CCC(C2CCCC(C3CCCCC3)C2)CC1
C1CCC(C2CCCCC2)CC1
C1CCC(CC2CCC(C3CCCC(C4CCCCC4)C3)CC2)CC1
C1CCC(C2CCC(C3CCC4CCCCC4C3)CC2)CC1
C1CCC(C2CCC(C3CCCC(CCC4CCCC(C5CCCCC5)C4)C3)CC2)CC1
C1CCC(C2CCC(CC3CCC4CCCCC43)CC2)CC1
C1CCC(C2CCC(CC3CCCC(C4CCCCC4)C3)CC2)CC1
C1CCC(CC2CCCC(CCCC3CCC(C4CCCCC4)CC3)C2)CC1
C1CCC(C2CCCCC2C2CCCCC2)CC1
C1CCC(CC2CCC(C3CCCC(C4CCCCC4)C3)CC2)CC1
C1CCC(CCC2CCCC(C3CCCC(CC4CCCCC4)C3)C2)CC1
C1CCC(CC2CCC(CC3CCCCC3)CC2)CC1
C1CCC(C2CCCC(CCC3CCCCC3C3CCCCC3)C2)CC1
C1CCC(CCCC2CCC(C3CCCC(C4CCC5CCCCC54)C3)CC2)CC1
C1CCC(CC2CCC(CC3CCCC(C4CCCCC4)C3)CC2)CC1
C1CCC(CCC2CCC(C3CCCCC3)CC2)CC1
C1CCC(CCCC2CCC(C3CCCCC3)CC2C2CCC3CCCC3C2)CC1
C1CCC(C2CCC(C3CCC(CCC4CCC5CCCCC54)CC3)CC2)CC1
C1CCC(C2CCC(C3CCC(C4CCCCC4)CC3C3CCCC3)CC2)CC1
C1CCC(C2CCC3CC(C4CC(CC5CCCC5)C5CCCCC54)CC(C4CCCCC4)C3C2)CC1
C1CCC(CC(CC2CCCCC2)C2CCC(C3CCCC3)CC2)CC1
C1CCC(CC2CCC(CC3CCCCC3)CC2)CC1
C1CCC(CCCC2CCCC(CC3CCCCC3)C2)CC1
C1CCC(C2CCCC(C3CCCC3)C2)CC1
C1CCC(CC2CCCC(C3CCCC(C4CCCCC4)C3)C2)CC1
C1CCC(C2CCC(C3CCCCC3C3CCCCC3)CC2)CC1
C1CCC(CCC2CCC(C3CCCCC3)CC2CC2CCCCC2)CC1
C1CCC(CCCC2CCCC(C3CCCCC3)C2)CC1
C1CC(CCC2CCC(CCC3CC3)CC2)CC(C2CCC3CCCC3C2)C1
C1CCC(CCC2CCC(C3CCCC(C4CCCC(CCC5CCCCC5)C4)C3)CC2)CC1
C1CCC(CC2CC(CC3CCCC(CC4CCCC(C5CCCC5)C4)C3)C3CCCCC23)CC1
C1CCC(CCC2CCC(C3CCC(C4CCCCC4)CC3C3CCCCC3)CC2)CC1
C1CCC(C2CC(C3CCCCC3C3CCCC3)CC3CCCCC32)CC1
C1CCC(CCC2CCC(C3CCCCC3)CC2C2CCCCC2)CC1
C1CCC(CCC2CCC(C3CCCCC3CC3CCCCC3)CC2)CC1
C1CCC(C2CCC3CC(C4CCC5CCCCC54)CCC32)CC1
C1CCC(C2CCC(C3CCCCC3C3CCCC3)C(C3CCC4CCCC4C3)C2)CC1
C1CCC(C2CC(CC3CCC(C4CCCC4)CC3)C3CCCCC32)CC1
C1CCC(CC2CCC(C3CCCC(CC4CCCCC4)C3)CC2)CC1
C1CCC2CC(C3CCCCC3CC3CCCCC3C3CCCC3)CCC2C1
C1CCC(C2CCC(C3CCCC3)CC2C2CCCC2)CC1
C1CCC(C2CC(C3CCCCC3)CC(C3CCCC3)C2)CC1
C1CCC(CC2CCC(C3CCC(C4CCCCC4)CC3)CC2)CC1
C1CCC(CC2CC(CCCCCC3CCC(C4CCCCC4)C3)C3CCCCC23)CC1
C1CCC(CC2CCC(CC3CCCCC3)CC2)CC1
C1CCC(CC2CCCC(CCC3CCC(C4CCCC4)CC3)C2)CC1
C1CCC(CC2CCCCC2C2CCC(C3CCCC(C4CCCC4)C3)CC2)CC1
C1CCC(CCC2CC(CC3CCCCC3)C3CCCCC23)CC1
C1CCC(C2CCCCC2)CC1
C1CCC(CCC2CCCC(C3CCC4CCCC4C3)C2)CC1
C1CCC(CC2CCCCC2C2CCCC(C3CCCCC3)C2)CC1
C1CCC(CCC2CCC(CCC3CCCCC3)CC2)CC1
C1CCC(CC2CCC(CC3CCCCC3CC3CCCCC3)CC2)CC1
C1CCC(C2CCCCC2)CC1
C1CCC(CCC2CCCCC2CC2CCCCC2)CC1
C1CCC(CCC2CCCCC2)CC1
C1CCC(C2CCC(CCC3CCC(C4CCC(C5CCCCC5)CC4)CC3)CC2)CC1
C1CCC(CCC2CCCC(CC3CCCCC3)C2)CC1
C1CCC(C2CCCC(C3CCC4C(CCC4C4CCCC4)C3)C2)CC1
C1CCC(C2CCCCC2CCC2CC3CCCCC3C2)CC1
C1CCC(CCC2CCCCC2)CC1
C1CCC(CCCC2CCCC3CC(C4CCCCC4C4CCCCC4)CCC23)CC1
C1CCC(CC2CCC(CCC3CCCCC3CC3CCCCC3)CC2)CC1
C1CCC(CC2CCC(C3CCCCC3)CC2)CC1
C1CCC(CCC2CCC(C3CCCC4CC(CCC5CCCC(C6CCCCC6)C5)CCC43)CC2)CC1
C1CCC(C2CCCCC2CCCC2CCC(CC3CC4CCCCC4C3)CC2)CC1
C1CCC(C2CCC(C3CCCCC3CCC3CC4CCCCC4C3)CC2)C1
C1CCC(CC2CCCC(C3CCCCC3CC3CCCCC3)C2)CC1
C1CCC(CCC2CC(CC3CCCCC3)CCC2C2CCCCC2)CC1
C1CCC(CCC2CCC(CC3CCCCC3)CC2)CC1
C1CCC(C2CCC(C3CCCCC3)CC2)CC1
C1CCC(CCC2CC(C3CCCCC3)CC(CCC3CCCCC3)C2CCC2CCCCC2)CC1
C1CCC(CC2CCCC(CC3CCCCC3)C2)CC1
C1CCC(C2CCC(C3CCC(C4CCCC(C5CCC6CCCC6C5)C4)CC3)CC2)CC1
C1CCC(C2CCC(C3CCCCC3CC3CCCC3)CC2)CC1
C1CCC(CC2CCC(CC3CC4CCCCC4C3)CC2)CC1
C1CCC(CCC2CC(C3CCCCC3)CC(C3CCCCC3)C2)CC1
C1CCC(CC2CCC(C3CCC(C4CCCC(CC5CCCCC5)C4)CC3)CC2)CC1
C1CCC(CC2CC(CC3CCCCC3)C3CCCCC23)CC1
C1CCC(CC2CCC(C3CCCC(C4CCCCC4)C3)C2)CC1
C1CCC(CC2CC(C3CCCC3)CC(C3CCCC(CC4CCC(C5CCCCC5)CC4)C3)C2)CC1
C1CCC(C2CCCC(C3CCCCC3C3CCCC3)C2)CC1
C1CCC(CCC2CCCC(C3CCCCC3)C2)CC1
C1CCC(CC2CCC(CC3CCC(C4CCCCC4)CC3)CC2C2CCCCC2)CC1
C1CCC(CC2CCC(CCC3CCC(CC4CCC(C5CCCCC5)CC4)CC3)CC2)CC1
C1CCC(C2CCC(C3CCCCC3C3CCCCC3C3CCC4CCCC4C3)CC2)C1
C(CCCC1CCCCC1)CCCC1CCC(C2CCCC(C3CCC(C4CCCCC4)CC3)C2)CC1
C1CCC(C2CCC(CCCC3CCC(C4CCCC4)CC3)CC2)CC1
C1CCC(CC2CCC3CCCCC3C2)CC1
C1CCC(C2CCC3C(CCCC3C3CCC(C4CCC(C5CCCC5)CC4)CC3)C2)CC1
C1CCC2CC(CC3CCC(CC4CC4)CC3C3CCCCC3C3CCC4CCCC4C3)CC2C1
C1CCC(CC2CCC(CCCCC3CCCCC3CC3CCCCC3)CC2)CC1
C1CCC(C2CCC(CC3CCCC(CCC4CCCCC4C4CCCCC4)C3)CC2)CC1
C1CCC(CCCC2CCCC(C3CCCCC3)C2)CC1
C1CCC(CC2CCC(C3CCCCC3)CC2)CC1
C1CC(CC2CC2)CC(CC2CCC(CC3CC4CCCCC4C3)CC2)C1
C1CCC(CCCC2CCC(CC3CCCCC3CC3CCCCC3)CC2)CC1
C1CCC(CC2CC(C3CCCCC3CC3CCCCC3)C3CCCCC23)CC1
C1CCC(CC2CCC3C(CC4CCCCC4)CC(CCC4CCC(C5CCCCC5)CC4)C3C2)CC1
C1CCC(CC2CCC3CC(CCC4CCCCC4C4CCCCC4)CCC23)CC1
C1CCC(CC2CCCC(C3CCCCC3)C2)CC1
C1CCC(C2CCCC(C3CCCCC3)C2)CC1
C1CCC(CC2CCCC(C3CCC(C4CCC5CCCC5C4)CC3)C2)CC1
C1CCC(CC2CCC(CC3CCCCC3)CC2)CC1
C1CCC(CC2CCC(C3CCCCC3C3CCCCC3)CC2)CC1
C1CCC(CC2CCCCC2CC2CCC(C3CCCCC3)CC2)CC1
C(CCCC1CCC(CC2CCCCC2)CC1)CCC1CCCCC1
C1CCC(CCCCCC2CCC(C3CCCCC3)CC2)CC1
C1CCC(C2CCC(CCCC3CCCC(C4CCCCC4)C3)CC2)CC1
C1CCC(CCC2CCCC(C3CCCCC3)C2)CC1
C1CCC(CC2CCCC(C3CC(C4CCCCC4)CC(C4CCCCC4)C3)C2)CC1
C1CCC(CC2CCC(CC3CCC(C4CCCC(C5CCCCC5)C4)CC3)CC2)CC1
C1CCC(C2CCCC(CCC3CCC(C4CCC(C5CC5)CC4)CC3)C2)CC1
C1CCC(CCCC2CCCC(C3CCCCC3)C2)CC1
C1CCC(CCCCC2CCC(CC3CCC(CC4CCCCC4)CC3)CC2)CC1
C1CCC(CC2CCCC(CC3CCC(CC4CCCCC4)CC3C3CCCCC3)C2)CC1
C1CCC(CC2CCC(CC3CCCCC3CC3CCCCC3)CC2)CC1
C1CCC(C2CC(CC3CC4CCCCC4C3)CC(C3CCCC(C4CCCC4)C3)C2)CC1
C1CCC(C2CCCC(CC3CCCC(C4CCCCC4)C3)C2)CC1
C1CCC(C2CCC3CC(C4CCC5CCCCC54)CC(C4CCCCC4)C3C2)CC1
C1CCC(CC2CCCC(CC3CCCCC3C3CCCCC3)C2)CC1
C1CCC(CCCC2CCC(CCCCC3CCCC3)CC2)CC1
C1CCC(C(C2CCCCC2)C2CCCCC2)CC1
C1CCC(C2CCCCC2)CC1
C1CCC(C2CCCC(C3CCCCC3)C2)CC1
C1CCC(C2CCCC(C3CCC(C4CCCCC4)C(C4CCCCC4)C3)C2)CC1
C1CCC(C2CCCC(C3CCCCC3C3CCCCC3)C2)CC1
C1CCC(CC2CCCC(C3CCCCC3)C2)CC1
C1CCC(CCC2CCC(CC3CCCCC3)C(CC3CCC4CCCCC43)C2)CC1
C1CCC(CCC2CCCCC2C2CCCCC2)CC1
C1CCC(CCCCC2CCC3CC(C4CCCCC4)CCC23)CC1
C1CCC(CC2CCC(C3CCC(C4CCCCC4)CC3)C2)CC1
C1CCC(C2CC(CC3CCC(CC4CCCC(CC5CC5)C4)CC3)C3CCCCC32)CC1
C1CCC(CC2CCCC(CC3CC(CC4CCCCC4)C4CCCCC34)C2)CC1
C1CCC(C2CCCC(CCC3CC3)C2)CC1
C1CCC(CC2CCCCC2C2CC(C3CCCCC3)C3CCCCC32)CC1
C1CCC(C2CCCC(C3CCCC(C(C4CCCCC4)C4CCCCC4)C3)C2)CC1
C1CCC(CC2CCCCC2CCCC2CCCC(C3CCCCC3)C2)CC1
C1CCC(C2CCCCC2C2CCC(C3CC3)CC2)CC1
C1CCC(C2CC(C3CCCCC3)CC(C3CCCC(C4CCCC4)C3)C2)CC1
C1CCC(C2CCCCC2C2CCC3CCCC3C2)CC1
C1CCC(CCCC2CCCC(C3CCCCC3)C2)CC1
C1CCC(CCC2CC(C3CCCC3)CCC2C2CCC3CCCC3C2)CC1
C1CCC(CC2CCCC(C3CCCCC3C3CCCC(C4CCCC4)C3)C2)CC1
C1CCC(CC2CCCC(C3CCCCC3)C2C2CCCCC2)CC1
C1CCC(C2CC(C3CCCCC3)C3CCCCC23)CC1
C1CCC(CCC2CCCC(C(CC3CCC(C4CCCCC4)CC3)C3CCC4CCCCC4C3)C2)CC1
C1CCC(CC2CCCC(CCC3CCCC(C4CCCCC4)C3)C2)CC1
C1CCC(CC2CCC(C3CCC(C4CCCCC4)CC3)CC2)CC1
C1CCC(CC2CCC(C3CCCC4CC(C5CCCCC5)CCC43)CC2)CC1
C1CCC(C2CCCC(CC3CCCC3C3CCCCC3C3CCCCC3)C2)CC1
C1CCC(C2CC(C3CCC3)CCC2C2CCC(CCC3CCCC3)CC2)CC1
C1CCC(C2CCCCC2C2CCC(C3CCCCC3C3CCCCC3)CC2)CC1
C1CCC(C2CCC(CC3CCC(C4CCCC4)CC3)CC2)CC1
C1CCC(C2CCC3C(CCCC3C3CCCCC3)C2)CC1
C1CCC(CC2CCCC(C3CCCCC3)C2)CC1
C1CCC(C2CCC3C(CCCC3C3CCCCC3)C2)CC1
C1CCC(CC2CCCCC2C2CCCCC2C2CCCC2)CC1
C1CCC(C2CCC(CC3CCCCC3C3CCCCC3)CC2)CC1
C1CCC(CC2CCC(C3CCC4CCCCC4C3)CC2)CC1
C1CCC(CC2CCC3CCCC3C2)CC1
C1CCC(CC2CCC(C3CCCC(CC4CCCCC4)C3)CC2)CC1
C1CCC(CC2CCC3CCCCC32)CC1
C1CCC(CCC2CCCC(C3CCC(C4CCC5C(CCCC5C5CCC6CCCC6C5)C4)CC3)C2)CC1
C1CCC(C2CC(C3CCCCC3)CC(C3CCCC3)C2)CC1
C1CCC(CC2CCC(CCC3CCC(CC4CCCCC4)CC3)CC2)CC1
C1CCC(CC2CCC(CCC3CC(C4CCC5CCCCC54)CC4CCC(C5CCCCC5)CC34)CC2)CC1
C1CCC(C2CCCCC2C2CCC(C3CCC4CCCCC4C3)CC2)CC1
C1CCC(C2CCC(CCC3CCCC(C4CCCC4)C3)CC2)CC1
C1CCC(CC2CCC(CCCCC3CCCC(C4CCCC4)C3)CC2)CC1
C1CCC(CC2CCC(CCC3CCC(CC4CCCCC4)CC3)CC2)CC1
C1CCC(C2CC(C3CCCCC3)CC(C3CCCCC3)C2)CC1
C1CCC(CCC2CCC(CC3CCC(C4CCCC4)CC3)CC2)CC1
C1CCC(CC2CCCCC2CCC2CCCC(C3CCCCC3)C2)CC1
C1CCC(CC2CCC(C3CCC(C4CCC5CCCCC54)CC3)CC2)CC1
C1CCC(C2CCC(C3CCCCC3)CC2)CC1
C1CCC(C2CCC(CC3CCC(C4CCC5CCCCC5C4)CC3)CC2)CC1
C1CCC(CCCCCC2CCCCC2)CC1
C1CCC(CC2CCCC(C3CCCCC3)C2)CC1
C1CCC(CC2CCCCC2)CC1
C1CCC(CC2CCC(C3CCCCC3)CC2)CC1
C1CCC(CC2CCC(C3CCCCC3)CC2)CC1
C1CCC(CCCC2CCCC(C3CCC(C4CCCC4)CC3)C2)CC1
C1CCC(CCCC2CCCC(CCC3CCC(C4CCCCC4)CC3)C2)CC1
C1CCC(CCCC2CCCCC2CC2CCCCC2)CC1
C1CCC(CC2CCC(C3CCCCC3)CC2C2CCCCC2)CC1
C1CCC(C2CCCCC2)CC1
C(CCCC1CC2CCCCC2C1)CCC1CCCC(C2CCCCC2)C1
C1CCC(CC2CCC(C3CCCCC3)C(CC3CCCCC3)C2)CC1
C1CCC(CC2CCCCC2C2CCCC(C3CCCCC3)C2)CC1
C1CCC(C2CCCC(C3CCCCC3)C2)CC1
C1CCC(CC2CCC(CC3CCCC(C4CCCC4)C3)CC2)CC1
C1CCC(C2CCCC(CC3CCC(C4CCCCC4C4CCCC4)CC3)C2)CC1
C1CCC(CCCC2CCCCC2C2CCC(CCC3CCC4CCCCC4C3)CC2C2CCCCC2)CC1
C1CCC(CC2CCC(C3CC(C4CCC(C5CCCC(CC6CCCCC6)C5)CC4)C3)CC2)CC1
C1CCC(CCCC2CCC3CC(C4CCC5CCCCC54)CC(CCC4CCCCC4)C3C2)CC1
C1CCC(CC2CCCC(C3CC(CC4CCC5CCCCC5C4)C4CCCCC43)C2)CC1
C1CCC(CCCCC2CCC(CC3CCCCC3CC3CCCCC3)CC2)CC1
C1CCC(CCC2CCCCC2C2CCCCC2CC2CCCCC2)CC1
C1CCC(C2CCC(C3CC(C4CC5CCCCC5C4)C4CCCCC34)CC2)CC1
C1CCC2CC(CCC3CCC(C4CCCCC4C4CCCC4)CC3)CC2C1
C1CCC(CC2CC(C3CCCC3)CC(C3CCCCC3CCC3CC4CCCCC4C3)C2)CC1
C1CCC(CC2CCCCC2C2CCCCC2)CC1
C1CCC(C2CCCC(C3CCCC(C4CCCCC4)C3)C2)CC1
C1CCC(C2CC(C3CCCCC3)CC(C3CCCCC3)C2)CC1
C1CCC(CCCC2CCCCC2CCC2CCCC2C2CCCCC2)CC1
C1CCC(C2CCC(CC3CCC(CC4CCCC5CCCCC54)C3)CC2)C1
C1CCC(CCCC2CCCC(CC3CCCC4CCCCC43)C2)CC1
C1CCC(CCC2CCCC(CCC3CCCC4CCCCC43)C2)CC1
C1CCC(C2CCCC(C3CCCC(C4CCCC(C5CC5)C4)C3)C2)CC1
C1CCC(C2CCCC(C3CCCCC3)C2)CC1
C1CCC(C2CCC3CCC(C4CCCCC4C4CCCCC4)CC3C2)CC1
C1CCC(CCC2CC(C3CCC(CC4CCCCC4)CC3)C3CCC(CC4CCCCC4)CC23)CC1
C1CCC(C2CCC(C3CCCCC3C3CCCC3)CC2)CC1
C1CCC(CC2CCC(CC3CCCC(CC4CCC(C5CCCCC5)CC4)C3)CC2)CC1
C1CCC(C2CCCC(CCC3CCCC3)C2)CC1
C1CCC(C2CCC(CC3CCC(C4CCCCC4CCC4CC4)CC3)CC2)CC1
C1CCC(C2CCCCC2C2CCC3C(CCCC3C3CCCCC3)C2)CC1
C1CCC(CCC2CCC(CCC3CCCCC3)C(CC3CCCCC3)C2)CC1
C1CCC(CC2CCCCC2C(CCC2CC3CCCCC3C2)C2CCCCC2)CC1
C1CCC(CC2CCCC(CCCCCC3CCCC(CC4CCC4)C3)C2)CC1
C1CCC(CCC2CC(CC3CCCCC3)C3CCCCC23)CC1
C1CCC(CC2CCC(C3CCCC(C4CCCCC4)C3)CC2)CC1
C1CCC(CCCC2CCCC(C3CCCCC3)C2)CC1
C1CCC(C2CCCC3CC(C4CCCCC4CC4CCCC4)CCC32)CC1
C1CCC(CCC2CCC(CC3CCCCC3)CC2)CC1
C1CCC(CC2CC3CCC(CC4CCCCC4)CC3C(C3CCCCC3)C2)CC1
C1CCC(CCC2CCCCC2CC2CCCC(CC3CCCCC3)C2)CC1
C1CCC(C2CCCC(C3CCC(C4CCCC(CCC5CC6CCCCC6C5)C4)CC3)C2)C1
C1CCC(CC2CCCCC2)CC1
C1CCC(CC2CC(C3CCCCC3)CC3CC(C4CCCCC4)CCC23)CC1
C1CCC(CCC2CCCC(CC3CCCC(C4CCCCC4)C3)C2)CC1
C1CCC(CCCC2CCC(CCCC3CCC(CC4CC5CCCCC5C4)CC3)CC2)CC1
C1CCC(CCC2CCCC(CC3CCCC(CC4CCCCC4)C3)C2)CC1
C1CCC(C2CCC(CC3CCC(C(C4CCCCC4)C4CCC(C5CCCCC5)CC4)CC3)CC2)CC1
C1CC2CCC(C3CCC4CC(C5CCC6CCCCC65)CCC4C3)CC2C1
C1CCC(C2CCCC(C3CCCC(C4CCCCC4)C3)C2)CC1
C1CCC(CC2CCC(C3CCCCC3)CC2)CC1
C1CCC(CCC2CCCC(CCC3CCCCC3)C2)CC1
C1CCC(CC2CCC(CC3CCCCC3)CC2)CC1
C1CCC(C2CCCCC2C2CCCC(C3CC3)C2)CC1
C1CCC(CCCC2CCCCC2CC2CCCCC2)CC1
C1CCC(CC2CCCC(C(CCC3CCCC(C4CCCC4)C3)CC3CCCCC3)C2)CC1
C1CCC(C2CCCC(CC3CC(C4CCC5CCCCC5C4)C4CCCCC34)C2)CC1
C(CCCC1CCC(CCCC2CCC(C3CCCCC3)CC2)CC1)CCC1CCCCC1
C1CCC(CC2CCC(CC3CCC(CCC4CCC(C5CCCC5)CC4)CC3)CC2)CC1
C1CCC(CCCC2CCCC3CC(C4CCCCC4)CCC23)CC1
C1CCC(C2CCC(C3CCC4CCC(C5CCCC5C5CCCC5)CC4C3)CC2)CC1
C1CCC(C2CCC(C3CCCCC3C3CCC4CCCC4C3)CC2)CC1
C1CCC(CCC2CC(C3CCCC(CC4CCCCC4)C3)C3CCCC3C2C2CCCCC2)CC1
C1CCC(CC2CCC(C3CCCCC3)C(C3CCCCC3)C2)CC1
C1CCC(CCC2CCC(C3CCCCC3)CC2)CC1
C1CCC(CCCC2CCCCC2C2CCCCC2C2CCCC2)CC1
C1CCC(CC2CCCCC2CC2CCCCC2)CC1
C1CCC(CCC2CCC(C3CCCCC3)CC2)CC1
C1CCC(C2CCCCC2C2CCC(C3CCC(C4CCC(C5CCCC5)CC4)CC3)CC2)CC1
C1CCC(C2CCCCC2C2CCC(CCC3CCCC(C4CCCC4)C3)CC2)CC1
C1CCC(CC2CCCC(C3CCCC(CC4CCCCC4)C3)C2)CC1
C1CCC(C2CCC(C3CCC(C4CCCC(CC5CC6CCCCC6C5)C4)CC3)CC2)CC1
C1CCC(CCC2CCC(CC3CCCCC3)CC2)CC1
C1CC(CCCC2CCCC(CCCC3CCC(C4CC5CCCCC5C4)CC3)C2)C1
C1CCC(C2CCCCC2C2CC3CCCCC3C2)CC1
C1CCC(C2CCC3CCC(CC4CCC(CC5CC5)CC4)CC32)CC1
C1CCC(CC2CCCC(C3CCCC(CC4CCCCC4)C3)C2)CC1
C1CCC(CCCCCC2CCC(C3CCCC(CC4CCCCC4)C3)CC2)CC1
C1CCC(CC2CCC(C3CCCCC3)CC2CC2CCCC2)CC1
C1CCC(CC2CCC(C3CCC(CC4CCCCC4)CC3)CC2)CC1
C1CCC(CC2CCCC(C3CCC(C4CCC(CCCC5CC5)CC4)CC3)C2)CC1
C1CCC(CC2CCC(CC3CCCCC3C3CCCCC3)CC2)CC1
C1CCC(CC2CCCCC2C2CCCC(C3CCCCC3)C2)CC1
C1CC2CCC(CC3CCCCC3C3CCCC3)CC2C1
C1CCC(C2CCC(C3CCC(CC4CC(CC5CCC(C6CC7CCCCC7C6)CC5)C4)CC3)CC2)CC1
C1CCC(CCCC2CCC(CC3CCC(C4CCCC(CC5CC5)C4)CC3)CC2)C1
C1CCC(CC2CCCC(C3CCCC(C4CC(CCC5CCCC5)CC(C5CCCCC5)C4)C3)C2)CC1
C1CCC(CC2CCC(C3CCCC(C4CCCC4)C3)CC2)CC1
C1CCC(CCC2CCCCC2C2CCC3CCCCC3C2)CC1
C1CCC(C2CCC(CC3CCC(CC4CCCCC4C4CCCCC4)CC3)CC2)CC1
C1CCC(CC2CCC(C3CCC(CCCCC4CCC(C5CC5)CC4)CC3)CC2)CC1
C1CCC(C2CCC(CCCC3CC4CCCCC4C3)CC2CCC2CC3CCCCC3C2)CC1
C1CCC(CC2CCCC(C3CCC(C4CCCCC4)CC3)C2)CC1
C1CCC(CC2CCCC(C3CCCC(C4CCCCC4)C3)C2)CC1
C1CCC(CC2CCCC(CC3CCCC(C4CCCCC4)C3)C2)CC1
C1CCC(CC2CCC(C3CCCCC3)C(C3CCCCC3)C2)CC1
C1CCC(C2CCCCC2C(C2CCCC2)C2CCCC3CCCCC32)CC1
C1CCC(C2CCCC(CCCC3CC4CCCCC4C3)C2)CC1
C1CCC(CCCC2CCC(CC3CCC(CC4CC4)CC3)CC2)CC1
C1CCC(CC2CCCC(CCCC3CCCC(C4CCCCC4)C3)C2)CC1
C1CCC(C2CCC(C3CCC(CCCCC4CCCC(C5CCCCC5)C4)CC3)CC2)CC1
C1CCC(CC2CCC(C3CCC(C4CCCCC4)CC3)CC2)CC1
C1CCC2CC(C3CCC(C4CC(C5CCC5)CC(C5CC5)C4)CC3)CCC2C1
C1CCC(CC2CCCC(CCC3CCCC(C4CCCC(C5CCC5)C4)C3)C2)CC1
C1CCC(CC2CCC(C3CCCCC3C3CCCCC3)CC2)CC1
C1CCC(CCC2CC(C3CCC4CCCCC43)CC3CCC(C4CCCCC4)CC23)CC1
C1CCC(C2CCC(C3CCCC(C4CCCCC4)C3)CC2)CC1
C1CCC(CCCC2CCCC(C3CC4CCCCC4C3)C2)CC1
C1CCC(CC2CCC(C3CCCCC3)CC2)CC1
C1CCC(CCCCC2CCCC(C3CCCCC3)C2)CC1
C1CCC(CCCC2CCCC(C3CCCCC3C3CCCCC3)C2)CC1
C1CCC(CC2CCCC(CC3CCCCC3)C2)CC1
C1CC2CCC(C3CCCC(C4CCCCC4C4CCCC4)C3)CC2C1
C1CCC(CC2CCCCC2C2CCCC(C3CCCCC3)C2)CC1
C1CCC(CCC2CCC(C3CCCC4CCCCC43)CC2)CC1
C1CCC(CC2CCCCC2)CC1
C1CCC(CC2CCC(C3CCCC3C3CCCCC3)CC2)CC1
C1CCC(CCC2CCC(CCC3CCCCC3C3CCCCC3)CC2)CC1
C1CCC(C2CCC(C3CCCCC3)CC2)CC1
C1CCC(CCC2CCC(CC3CCCCC3)CC2)CC1
C1CCC(CC2CCC(C3CCCCC3C3CCCCC3)CC2)CC1
C1CCC(CC2CCC(CC3CCC(C4CC(CC5CCCCC5)C5CCCCC54)CC3)CC2)CC1
C1CCC(CCC2CCC(CC3CCCCC3)CC2)CC1
C1CCC(CC2CCC(CC3CCCCC3)CC2)CC1
C1CCC(CC2CCC(C3CCC(C4CCCCC4CC4CCC5CCCC5C4)CC3)CC2)CC1
C1CCC2C(C1)CCC2C1CC2CCCCC2C(C2CCCC2)C1
C1CCC(CC2CCC(C3CCC(CC4C(CC5CCCCC5)CCC4C4CCC5CCCC5C4)CC3)CC2)CC1
C1CCC(C2CCCCC2C2CCC3CCCC3C2)CC1
C1CCC(CC2CCC(CC3CCCC(C4CCCCC4)C3)CC2)CC1
C1CCC(CC2CCC(C3CCCCC3)CC2)CC1
C1CCC(C2CCC(C3CCC4CCCCC4C3)CC2)C1
C1CCC(CCCC2CCCC(C3CCCC(C4CCCCC4)C3)C2)CC1
C1CCC(C2CCC(CC3CCC(C4CCCC(CC5CC6CCCCC6C5)C4)CC3)CC2)CC1
C1CCC(CC2CCCCC2C2CCCCC2C2CCCCC2)CC1
C1CCC(C2CCCCC2C2CCC(CCC3CCC4CCCCC43)CC2)CC1
C1CCC(CCC2CCC(C3CCCCC3)CC2)CC1
C1CCC(C2CCC(C3CC3CC3CC4CCCCC4C3)CC2)CC1
C1CCC(CC2CCC(C3CCCCC3)CC2)CC1
C1CCC(CC2CCCC3CC(C4CCCCC4C4CC5CCCCC5C4)CCC23)CC1
C1CCC(CC2CCC(CC3CCCC4CC(C5CCCCC5)CCC34)CC2)CC1
C1CCC(CCC2CCCC(C3CCCCC3)C2)CC1
C1CCC(CC2CCC(C3CCC(C4CCCCC4)CC3C3CCCCC3)CC2)CC1
C1CCC(C2CCCC(C3CCCC(C4CCCCC4)C3)C2)CC1
C1CCC(CC2CCC(CCCC3CCCCC3CC3CCCCC3)CC2)CC1
C1CCC(C2CCCC(C3CCCC4CCCCC43)C2)CC1
C1CCC(C2CCCC(CC3CC4CCCCC4C3)C2)CC1
C1CCC(CC2CCC(C3CCCCC3C3CCCCC3)CC2)CC1
C1CCC(CCC2CCC3CC(C4CCC5CCCCC54)CCC3C2)CC1
C1CCC(CCCC2CCCCC2)CC1
C1CCC(CC2CCC(C3CCCC(C4CCCC(C5CC6CCCCC6C5)C4)C3)CC2)CC1
C1CCC(C2CCC(C3CCCC(C4CC4)C3)CC2)CC1
C1CCC(CCCC2CC(C3CCCCC3)CC(C3CCCCC3)C2)CC1
C1CCC(C2CCCC(C3CCCC(C4CCCCC4)C3)C2)CC1
C(CCC1CCC(C2CCCCC2)C1)CCC1CCCC(C2CC3CCCCC3C(C3CCCCC3)C2)C1
C1CCC(CC2CCC(CCCC3CCC4CCCCC43)CC2)CC1
C1CCC(CC2CCC3C(CC4CCCCC4)CC(C4CCCC4)C3C2)CC1
C1CCC(CCC2CC(CC3CCCCC3)CCC2C2CCCCC2)CC1
C1CCC(CCC2CCCC(C3CCCCC3)C2)CC1
C1CCC(C2CCC(C3CCCCC3C3CCCC3)CC2)CC1
C1CCC(CCCC2CCC(CC3CCCCC3)CC2C2CCCCC2)CC1
C1CCC(C2CCC(C3CCCC(C4CCCCC4)C3)CC2)CC1
C1CCC(CC2CC(CCCC3CCCC(C4CC4)C3)CC(C3CCCCC3)C2)CC1
C1CCC(CCCC2CCC(C3CCCCC3)CC2)CC1
C1CCC(CCC2CCC3C(CC4CCCCC4)CC(C4CCCCC4)C3C2)CC1
C1CCC(CCC2CCC(C3CCCCC3)CC2)CC1
C1CCC(CC2CCC(C3CCC(C4CCCCC4)CC3)CC2)CC1
C1CCC(C2CCC(C3CCCC3)C(C3CCCCC3)C2)CC1
C1CCC(CC2CCCCC2C2CCCCC2CC2CCCCC2)CC1
C1CCC(C2CCCC(C3CCCCC3)C2)CC1
C1CCC(CCC2CCC(C3CCCC3)CC2)CC1
C1CCC(CCC2CCCC(CC3CCC(C4CCCCC4)CC3)C2)CC1
C1CCC(CCCCC2CCC(CCC3CCCCC3)CC2)CC1
C1CCC(CC2CCCCC2C2CCC(C3CCCCC3)CC2CC2CCCCC2)CC1
C1CCC(CCCC2CCC(CC3CCCCC3)CC2)CC1
C1CCC(CCC2CCCC(CC3CCCCC3)C2C2CCCCC2)CC1
C1CCC(C2CCCC(C3CCC4C(CCC4C4CCCC(C5CCCCC5)C4)C3)C2)CC1
C1CCC(CC2CCCCC2C2CCC(C3CCCCC3C3CCCCC3)CC2)CC1
C1CCC(CC2CCCC(CC3CCCCC3)C2)CC1
C1CCC(CC2CCC(CCC3CCCC(CCC4CCCCC4CC4CCCCC4)C3)CC2)CC1
C1CCC(CC2CCCC(C3CCC(C4CCCC(CCC5CCCC5)C4)CC3)C2)CC1
C1CCC(CCC2CCCC(C3CCCC(C4CCCCC4)C3)C2)CC1
C1CCC(C2CC(CCCC3CCCCC3C3CCCC3)C3CCCCC32)CC1
C1CCC(CC2CCCC(C3CCC(C4CCCCC4)CC3)C2)CC1
C1CCC(CC2CCC3CCC(C4CCCCC4)C3C2)CC1
C1CCC(CC2CCC3CCC(C4CCC(CC5CC6CCCCC6C5)CC4)C3C2)CC1
C1CCC(CC2CCCCC2CCCCC2CCCC(CC3CCC(C4CCCCC4)CC3)C2)CC1
C1CCC(C2CCCC(CC3CCC(CCC4CCC4)CC3)C2)CC1
C1CCC(CC2CCC(C3CCC(CC4CCCCC4C4CCCCC4)CC3)CC2)CC1
C1CCC(CC2CCCC(C3CCCCC3)C2C2CCCCC2)CC1
C1CCC(CC2CCC(C3CCCCC3)CC2)CC1
C1CCC(CC2CCC(CC3CCCCC3)CC2)CC1
C1CCC(CCC2CCCC(C3CCCCC3)C2)CC1
C1CCC(CCC(CCC2CCC(C3CCCCC3)CC2)CC2CCCCC2)CC1
C1CCC(CC2CCCCC2)CC1
C1CCC(CC2CCC(C3CCC(CC4CCC(CC5CCCCC5C5CC6CCCCC6C5)CC4)CC3)C2)CC1
C1CCC(C2CCC(CCCC3CCCC(C4CCCCC4)C3)CC2)CC1
C1CCC(CCC2CCC(C3CCCC(C4CCCCC4C4CCCCC4)C3)CC2)CC1
C1CCC(C2CCC(CC3CC3)CC2CCCC2CCCC(C3CC3)C2)CC1
C1CCC(C2CCC(C3CCCCC3CC3CCCC3)C(C3CCC4CCCC4C3)C2)CC1
C1CCC(CCC2CCCC(CC3CCCC(CC4CCCC(C5CCCC5)C4)C3)C2)CC1
C1CCC(CCCCC2CCCCC2CC2CCCCC2)CC1
C1CCC(C2CCCC3CCC(C4CC(C5CCCC5)C5CCCCC45)CC32)CC1
C1CCC(CC2CCC(CC3CCCCC3)CC2)CC1
C1CCC(C2CCCC(CC3CC(C4CCCCC4)C4CCCCC34)C2)CC1
C1CCC(C2CCCC(C3CCCCC3C3CCCCC3)C2)CC1
C1CCC(CCC2CC(C3CCCC(CC4CCCCC4)C3)C3CC(CC4CCCCC4)CCC23)CC1
C1CCC(C2CCC(C3CCC4CCCC4C3)CC2C2CCCCC2)CC1
C1CCC(C2CCCCC2)CC1
C1CCC(CC2CCC(CCCC3CCCC(CC4CCC(C5CCCCC5)CC4)C3)CC2)CC1
C1CCC(C2CCC3CC(CC4CCC5CCCCC54)CC(C4CCCCC4)C3C2)CC1
C1CCC(C2CCCCC2C2CCCCC2C2CCCCC2)CC1
C1CCC(CCC2CCCCC2C2CCC(C3CCCCC3)CC2CC2CC2)CC1
C1CCC(CCCC2CCCC(C3CCCCC3)C2)CC1
C1CC2CCC(C3CCC(C4CC(CC5CCC6CCCCC65)C5CCCCC54)C(C4CC4)C3)CC2C1
C1CCC(C2CCC(C3CCC(C4CCCCC4)CC3C3CCCC3)C(C3CCCC3)C2)CC1
C1CCC(CC2CCCC(C3CCCCC3)C2)CC1
C1CCC(CC2CCC(CCC3CCC(C4CCCCC4)CC3)CC2)CC1
C1CCC(CCCC2CCC3CC(CC4CCCCC4)CC(C4CCCCC4)C3C2)CC1
C1CCC(CC2CCC(C3CCC(CCCC4CCCC(C5CCCC5)C4)CC3)CC2)CC1
C1CCC(CCCC2CCC(C3CCCCC3)CC2)CC1
C1CCC(CCCC2CCC(CC3CCCCC3)CC2)CC1
C1CCC(C2CCC(C3CCCC(C4CCCCC4)C3)CC2)CC1
C1CCC(CC2CCC(C3CCC(C4CCC(CC5CC5)CC4)CC3)CC2)CC1
C1CCC(CCC2CCC(CC3CCCC(C4CCCCC4)C3)CC2)CC1
C1CCC(C2CCCC(C3CCCCC3)C2)CC1
C1CCC(CC2CCC(CCC3CCCC(C4CCCCC4C4CCCCC4)C3)CC2)CC1
C1CCC(C2CCCCC2C2CC(C3CCCC3)C3CCCCC32)CC1
C1CCC(CCCC2CCC(C3CCC(CCC4CCCC(C5CCCCC5)C4)CC3)CC2)CC1
C1CCC(CCCC2CCC(CC3CCC(CC4CCCCC4)CC3)CC2)CC1
C1CCC(CCCC2CCCC(CC3CCCC(CC4CCCCC4)C3)C2)CC1
C1CCC(CCC2CCC(CC3CCCCC3CC3CC3)CC2C2CCCCC2)CC1
C1CCC(CC2CCC(CC3CCCC(C4CCCCC4)C3)CC2)CC1
C1CCC(CC2CCC(C3CCCCC3C3CCCCC3)CC2)CC1
C1CCC(C2CCC(CC3CCC(CCCC4CCCC(C5CC(C6CCCCC6)C5)C4)CC3)CC2)CC1
C1CCC(CC2CCC(C3CCC(C4CCCCC4)CC3)CC2)CC1
C1CCC(CC2CCCC(C3CC(C4CCCCC4)C4CC(CC5CCCCC5)CCC34)C2)CC1
C1CCC(CCC2CC(CC3CCCCC3)CC(C3CCCCC3)C2)CC1
C1CCC(C2CCCC(CC3CCCCC3CC3CCCC3)C2)CC1
C1CCC(CCCC2CCC(CC3CCC(C4CC4)CC3)CC2)CC1
C1CCC2CC(CC3CCCC(C4CCC5CCCC5C4)C3)CCC2C1
C1CCC(C2CCC(C3CCCCC3C3CCCCC3)CC2)CC1
C1CCC(CCC2CCC(C3CCCC(C4CCCCC4)C3)CC2)CC1
C(CCCCC1CCCCC1)CCCCC1CC2CCCCC2C1
C1CCC(CCC(CC2CCCCC2)C2CCC(C3CCCCC3)CC2)CC1
C1CCC(CCCCCC2CCC(C3CCCCC3)CC2)CC1
C1CCC(C2CCC(C3CCCCC3)C(C3CCCCC3)C2)CC1
C1CCC(CC2CCCC(C3CC(C4CCCCC4)CC(C4CC4)C3)C2)CC1
C1CCC(C2CCCCC2)CC1
C1CCC(CCCC2CCC(CC3CCC(CC4CC5CCCCC5C4)CC3)CC2)CC1
C1CCC(CC2CCC(C3CCCC(C4CCCC4)C3)CC2C2CCCCC2)CC1
C1CCC(CCC2CCC(CCC3CCCCC3)CC2)CC1
C1CCC(C2CCC(CCCCC3CC4CCCCC4C3)CC2)CC1
C1CCC(CC2CCC(CCC3CCC(C4CC(C5CCCCC5)C5CCCCC45)CC3)CC2)CC1
C1CCC(C2CCCC(C3CCCC(CC4CC4)C3)C2C2CCCCC2)CC1
C1CCC(CC2CCC(C3CCC4CCCCC43)CC2)CC1
C1CCC2CC(CC3CCCC(C4CCCCC4C4CCCC5CCCCC54)C3)CC2C1
C1CCC(C2CCCC(C3CCC(C4CCCCC4)C(C4CCCC4)C3)C2)CC1
C1CCC(CC2CCCCC2C2CCCC3CC(C4CCCCC4)CCC32)CC1
C1CCC(CCC2CCC(CCC3CCCCC3C3CCCCC3CC3CCCCC3)CC2)CC1
C1CCC(C2CCC(C3CCCCC3)CC2)CC1
C1CCC(CC2CCCC(C3CCCC(C4CCCC4)C3CC3CCCCC3)C2)CC1
C1CCC(C2CCC(CC3CCCCC3C3CCCCC3)CC2)CC1
C1CCC(CC2CCCC(C3CCC(C4CCC(C5CCCCC5)CC4)CC3)C2)CC1
C1CCC(CC2CCCCC2CC2CC3CCCCC3C2)CC1
C1CCC(CC2CCCCC2C2CCCCC2)CC1
C1CCC(CC2CCC(C3CCCCC3)CC2)CC1
C1CCC(CC2CCCC(C3CC4CCCCC4C3)C2)CC1
C1CCC(C2CCC(CCCC3CCC(C4CCCC4)CC3)CC2)CC1
C1CCC(CC2CCC(C3CCCCC3CC3CCC(C4CCCCC4)CC3)CC2)CC1
C1CCC(C2CCCC(C3CCCCC3)C2)CC1
C1CCC(CCC2CCC(CC3CCC(CCC4CCCCC4C4CCCCC4)CC3)CC2)CC1
C1CCC(C2CCCC(CCC3CCCC(C4CCCCC4)C3)C2)CC1
C1CCC(C2CCCC(C3CCC(C4CCCCC4C4CCCC4)CC3)C2)CC1
C1CCC(CCCC2CCCC(C3CCCC(CCC4CC4)C3)C2)CC1
C1CCC(CC2C(C3CCCCC3)CC(C3CCCCC3C3CCCCC3)CC2C2CCC2)CC1
C1CCC(CCC2CCCC(C3CCCCC3)C2)CC1
C1CCC(CCC2CC(CCC3CCCCC3)CC(CC3CC3)C2)CC1
C1CCC(CC2CC(C3CCC(C4CCCC(C5CC5)C4)CC3)C3CCCCC23)C1
C1CCC(CC2CC3CCCCC3C2)CC1
C1CCC(CC2CCC(C3CCCC(C4CCCC4)C3)CC2)CC1
C1CCC(C2CCC(CCC3CCC(C4CCC5CCCC5C4)CC3)CC2)C1
C1CCC(CCC(C2CCCCC2)C(C2CCCC2)C2CCC(C3CCCCC3)CC2)CC1
C1CCC(C2CCCC(C3CCCC(C4CCC(CC5CCCC5)CC4)C3)C2)CC1
C1CCC(C2CCC(C3CCCC4CC(C5CCCCC5C5CCCC5)CCC43)CC2)CC1
C1CCC(CCC2CCCC(C3CCC(CC4CCCCC4)CC3)C2)CC1
C1CCC(C2CCCC(C3CCCC(C4CCCCC4)C3)C2)CC1
C1CCC(CCC2CCC(CCC3CCC(C4CCC5CC(CCC6CCCCC6)CC(C6CCCCC6)C5C4)C3)CC2)CC1
C1CCC(CC2CC(CC3CCCCC3)C3CC(C4CCCCC4)CCC23)CC1
C1CCC(C2CCCCC2C2CCC3C(CCCC3C3CCCCC3)C2)CC1
C1CCC(C2CCC3CCCCC3C2)CC1
C1CCC(CC2CCC(C3CCCCC3)CC2C2CCCCC2)CC1
C1CCC(C2CC(C3CCC4CCCCC43)CC3CCC(C4CCC5CCCC5C4)CC32)CC1
C1CCC(CCC2CCC(CC3CCC(CC4CC5CCCCC5C4)CC3)CC2)C1
C1CCC(CC2CCCC(C3CCCC(CC4CCCCC4)C3)C2)CC1
C1CCC(C2CCCC(C3CCC(C4CC4)CC3)C2)CC1
C1CCC(CCC2CCCC(C3CCCCC3)C2)CC1
C1CCC(CC2CCCC(CC3CC4CCCCC4C3)C2)CC1
C1CCC(CCCCC2CCCC(CCCC3CCC(CC4CCCC4)CC3)C2)CC1
C1CCC(CCC2CCCC(CC3CCCCC3C3CCCCC3)C2)CC1
C1CCC(CCC2CC(CC3CCCCC3)CCC2C2CCCCC2C2CC2)CC1
C1CCC(CCCC2CCCC(C3CCCC(CCC4CCCC4)C3)C2)CC1
C1CCC(CCC2CCC(CC3CCCCC3)C(C3CCCCC3)C2)CC1
C1CCC(CCC2CCC3CC(C4CCCCC4CC4CCCCC4)CCC23)CC1
C1CCC(CCCC2CCCC(C3CCC(C4CC(C5CCCCC5)C4)CC3)C2)CC1
C1CCC(CCCC2CCC(C3CCCC(C4CCCCC4)C3)C(C3CC4CCCCC4C3)C2)CC1
C1CCC(CC2CCCC(C3CCCC(C4CCCCC4)C3)C2)CC1
C1CCC(CCC2CCC(CCC3CCC(CC4CCCCC4)CC3)CC2)CC1
C1CCC(CCC2CCC(CC3CCCCC3)CC2)CC1
C1CCC(C2CCC(C3CCCCC3C3CCCCC3)CC2)CC1
C1CCC(C2CCC(CC3CCC(C4CCCC4)CC3)CC2)C1
C1CCC(CC2CCC(C3CCCC(C4CCCCC4)C3)CC2)CC1
C1CCC(CC2CC(C3CCCCC3)CC(C3CC3)C2)CC1
C1CCC(C2CCCC(C3CCCCC3)C2)CC1
C1CCC(CC2CCCC(CC3CC(CC4CCCCC4)C4CCCCC34)C2)CC1
C1CCC(C2CCCC(C3CCCCC3C3CCCC3)C2)CC1
C1CCC(CC2CCC(C3CCCC(C4CCCCC4)C3)CC2)CC1
C1CCC(CC2CCCC(C3CC(CC4CCCCC4)CCC3C3CCCCC3)C2)CC1
C1CCC(CC2CC(C3CCC(C4CCCC4)CC3)C3CCCCC23)CC1
C1CCC(C2CCC(C3CCCCC3)C(C3CCCC3)C2)CC1
C(CCCC1CCCCC1)CCCC1CCC(CCC2CCC(C3CCCCC3)CC2)CC1
C1CCC(CCC2CCC(C3CCCC(C(C4CCCCC4)C4CCC(CCC5CCCCC5)CC4)C3)CC2)CC1
C1CCC(CC2CCC(C3CCCCC3)CC2)CC1
C1CCC(C2CCCC(C3CCCC(CC4CCCC(C5CCCC5)C4)C3)C2)CC1
C1CCC(C2CCCC(C3CC(C4CCCCC4)C4CCCCC34)C2)CC1
C1CCC(CCCCC2CCC(CC3CCC(C4CCCCC4)CC3)CC2)CC1
C1CCC(C2CCCC(C3CCC4CCCC4C3)C2)CC1
C1CCC(CC2CCC(C3CCC(CC4CCC(CC5CCCC5)CC4)CC3)CC2)CC1
C1CCC(C2CCCC(C3CCCC(C4CCCC4)C3)C2)CC1
C1CCC(CC2CCC(CC3CCC(C4CCC4)CC3)CC2)CC1
C1CCC(CCC2CCC3CC(C4CCCCC4)CCC23)CC1
C1CCC(CCC2CCCC(CC3CCCCC3C3CCCCC3)C2)CC1
C1CCC(CCCC2CCCC(C3CCCC(C4CC4)C3)C2)CC1
C1CCC(C2CCC(C3CCCCC3C3CCC4CCCCC4C3)CC2)CC1
C1CCC(C2CCCC(C3CCCC(C4CCC(CCC5CC6CCCCC6C5)C4)C3)C2)CC1
C1CCC(CC2CCCC(CCC3CCCCC3C3CCCCC3)C2)CC1
C1CCC(CCCCC2CCCC(C3CCCC(CC4CCC5CCCCC5C4)C3)C2)CC1
C1CCC(C2CCCC(C3CCCC(C4CCCC(C5CCC(C6CCCC6)CC5)C4)C3)C2)CC1
C1CCC(CCC2CCCC(C3CCCC(CC4CC4)C3)C2)CC1
C1CCC(C2CCCCC2)CC1
C1CCC(C2CCCC(C3CCC(C4CCC5CCCCC54)CC3)C2)CC1
C1CCC(CC2CCCC(C3CCCC(CC4CC5CCCCC5C4)C3)C2)CC1
C1CCC(C2CCCC(CC3CCC4CCCC4C3)C2)CC1
C1CCC(CCCCC2CCC(CC3CCCCC3)CC2)CC1
C1CCC(C2CCCC(C3CCC4CCCC4C3)C2)CC1
C1CCC(CCCC2CCCC(C3CCC(CC4CCCCC4)CC3)C2)CC1
C1CCC(CCC2CCC(C3CCCC4CCCCC43)CC2)CC1
C1CCC(CC2CCC(CC3CCCCC3)CC2)CC1
C1CCC(CC2CCC(CCCC3CCCC(CC4CCCCC4)C3)CC2)CC1
C1CCC(CC2CCC(CC3CCCCC3CC3CCCC3)CC2)CC1
C1CCC(CCCCC2CCC(C3CCC(C4CCCCC4)CC3)CC2)CC1
C1CCC(CC2CCCC(C3CCCCC3)C2)CC1
C1CCC(CC2CCC(C3CCCC(CCCC4CCC(C5CCCCC5)C4)C3)CC2)CC1
C1CCC(C2CC(CCC3CCC4CCCC4C3)CC(C3CCCCC3)C2)CC1
C1CCC(CC2CCC3CCC(C4CCCCC4)CC3C2)CC1
C1CCC(CC2CCCC(C3CCCC4CC(C5CCCCC5)CCC43)C2)CC1
C1CCC(C2CCCC(CCC3CCC4C(CCC4C4CCCCC4)C3)C2)CC1
C1CCC(CCCCC2CCCCC2CC2CCC(CCCC3CCCC3)CC2)CC1
C1CCC(CC2CCC(C3CCCC(C4CCC(C5CCCCC5)CC4)C3)CC2)CC1
C1CCC(CC2CCCC(CC3CCCCC3CC3CCCCC3)C2)CC1
C1CCC(C2CCC(CCC3CCCCC3C3CCCCC3)C(C3CCCC3)C2)CC1
C1CCC(CCC2CCCCC2C2CC3CCCCC3C2)CC1
C1CCC(C2CCCC(C3CCCC3C3CCCCC3)C2)CC1
C1CCC(CCCC2CCC(CCC3CCCCC3)CC2)CC1
C1CCC(CCC2CCC(C3CCCCC3)CC2)CC1
C1CCC(CC2CCC(C3CCCC(C4CCC(CCC5CCC5)CC4)C3)CC2)CC1
C1CCC(CC2CCCC(C3CCCCC3)C2)CC1
C1CCC(CC2CCCCC2C2CCC(C3CCCCC3)CC2)CC1
C1CCC(CC2CCCC(C3CCCC(C4CCCCC4)C3)C2)CC1
C1CCC(C2CCCCC2C2CCC3C(CCCC3C3CCCCC3)C2)CC1
C1CCC(CC2CCCCC2C2CCCCC2C2CCC3CCCC3C2)C1
C1CCC(CC2CCCC(CCC3CCC(C4CCCCC4)CC3)C2)CC1
C1CCC(CC2CCCC(C3CC(CC4CCCCC4)CC(C4CC4)C3)C2)CC1
C1CCC(CC2CCC(C3CC(C4CCCC4)CCC3C3CCCCC3)C2)CC1
C1CCC(C2CCCCC2C2CCC(C3CCC4CCCCC43)CC2)CC1
C1CCC(C2CCCCC2CCCCC2CCC(C3CCCCC3)C(C3CCCCC3)C2)CC1
C1CCC(C2CCC(CCC3CCC(C4CC4)CC3)C2)CC1
C1CCC(CC2CCC(C3CCCCC3)CC2)CC1
C1CCC(CCCCC2CCC(CC3CCCCC3)CC2)CC1
C1CCC(C2CCC(CC3CCC(CC4CCC(C5CCC6CCCCC6C5)CC4)CC3)CC2)CC1
C1CCC(CC2CC(CC3CCCC3)CC(C3CCCCC3CC3CCCCC3)C2)CC1
C1CCC(C2CCC(C3CCC4C(CCCC4C4CCC5CCCCC5C4)C3)CC2)CC1
C1CCC(C2CCCC(C3CCCC(C4CCCCC4)C3)C2)CC1
C1CCC(CCC2CCCC(C3CCCCC3)C2)CC1
C1CCC(CC2CCCC(C(C3CCCCC3)C3CCCCC3)C2)CC1
C1CCC(CC2CCC(C3CCCCC3)CC2)CC1
C1CCC(CC2CCC(CC3CCC(CC4CCCCC4)CC3)CC2)CC1
C1CCC(CC2CCCC3CC(C4CCCCC4)CCC23)CC1
C1CCC(CC2CCCC(CC3CCCCC3)C2)CC1
C1CCC(CC2CC(CC3CCCC(CC4CCC5CCCCC5C4)C3)C3CCCCC23)CC1
C1CCC(CC2CCC(CC3CC4CCCCC4C3)CC2)CC1
C1CCC(CC2CCCC(CCCC3CCCCC3CCC3CCCC3)C2)CC1
C1CCC(CC2CCCCC2C2CCCC(C3CCCCC3)C2)CC1
C1CCC(CCC2CCCC(CC3CCC(C4CCCCC4)C(CCC4CC5CCCCC5C4)C3)C2)CC1
C1CCC(CC2CCC(CC3CCC(C4CCCCC4)C3)CC2C2CCCCC2)CC1
C1CCC(CCC2CCCCC2C2CCCC(CC3CCCCC3)C2)CC1
C1CCC(CCC2CCC(C3CCCC(C4CCCC(CCC5CCCCC5)C4)C3)CC2)CC1
C1CCC(CC2CCC(C3CCCC(C4CCCCC4)C3)CC2)CC1
C1CCC(CC2CCC(C3CC(C4CCCC4)C4CCCCC34)CC2)CC1
C1CCC(C2CCC(C3CCCCC3CC3CCCC3)CC2)CC1
C1CCC(CC2CCCCC2C2CC3CCCCC3C2)CC1
C1CCC(CC2CCC(C3CCCCC3)CC2CCCCC2CC3CCCCC3C2)CC1
C1CCC(CCC2CC(CCC3CCCC(C4CCC5CCCC5C4)C3)C3CCCCC23)CC1
C1CCC(CC2CCCCC2CC2CCCCC2)CC1
C1CCC(CCC2CC(CCC3CCCC(C4CCC(C5CCC6CCCCC65)CC4)C3)CCC2C2CC2)CC1
C1CCC(C(CCCC2CCC(C3CCCC3)C2)CCC2CCCC(C3CCC3)C2)CC1
C1CCC(CC2CCC(C3CCCCC3)CC2)CC1
C1CCC(CCCC2CCC(CC3CCCCC3)C(C3CCCCC3)C2)CC1
C1CCC(C2CC(CC3CCCC3)C3CC(CC4CCC(CC5CCCC5)CC4)CCC32)CC1
C1CCC(CC2CCC(CC3CCCCC3)CC2)CC1
C1CCC(C2CCC(CC3CCC(C4CCCCC4C4CCCC4)CC3)CC2)CC1
C1CCC(C2CCC(C3CCCCC3C3CCCCC3)CC2)CC1
C1CCC(CC2CCCC(C3CCCCC3)C2)CC1
C1CCC(CC2CCCCC2C2CCCC(CCC3CCC4CCCC4C3)C2)CC1
C1CCC(CC2CCC(CCC3CCCC(C4CCCCC4)C3)CC2CCC2CC2)CC1
C1CCC(C2CCCCC2C2CCCC(C3CCC(CC4CC4)CC3)C2)CC1
C1CCC(C2CCCC(C3CCCCC3)C2)CC1
C1CCC(CCC2CCC3CC(C4CCCCC4)CC3C2)CC1
C1CCC(CCC2CCC3C(C4CCCC(C5CCCC5)C4)CC(C4CCCCC4)C3C2)CC1
C1CCC(C2CCCCC2CC2CC(C3CCCCC3)C3CCCCC23)CC1
C1CCC(CCC2CCCCC2C2CCCCC2CC2CCCCC2)CC1
C1CCC(CC2CCCC3CC(C4CCCCC4)CCC23)CC1
C1CCC(CC2CCC(C3CCCC(C4CCC5CCCCC5C4)C3)CC2)CC1
C1CCC(CCC2CC(C3CCCCC3)CC(C3CCCCC3)C2)CC1
C1CCC(C2CCC(C3CCCCC3C3CCCCC3)C2)CC1
C1CCC(C2CCC(C3CCCC3)CC2C2CCC(C3CC4CCCCC4C3)C2)CC1
C1CCC(CC2CC(C3CCCCC3)CCC2C2CCCCC2C2CCCCC2)CC1
C1CCC(CCC2CCCC(C3CCC(CC4CCCCC4)CC3)C2)CC1
C1CCC(CCC2CCC(C3CCCC(C4CCCCC4)C3)CC2)CC1
C1CCC(CC2CCCC(CC3CCCCC3)C2)CC1
C1CCC(C(CC2CCCC(C3CC4CCCCC4C3)C2)C2CCCCC2)CC1
C1CCC(CC2CCC(CC3CCC(C4CCCCC4)CC3)CC2)CC1
C1CCC(C2CC3CCC(C4CCCCC4)CC3C(C3CCCCC3)C2)CC1
C1CCC(CC2CCCC(CC3CCCC4CC(C5CCCCC5C5CCCCC5)CCC34)C2)CC1
C1CCC(CC2CCC(CC3CCC(CCC4CCCC(C5CCCC5)C4)CC3)CC2)CC1
C1CCC(C2CCCC(C3CCCC4CC(C5CCCC(C6CCCC6)C5)CCC43)C2)CC1
C1CCC(CCCC2CCCC(CC3CCCC3)C2)CC1
C1CCC(CC2CCCCC2CCC2CCCC(C3CCCCC3)C2)CC1
C1CCC(CC2CCCC2C2CCCCC2)CC1
C1CCC(C2CC3CCCCC3C(C3CCCCC3)C2)CC1
C1CCC(CC2CCC(C3CC(C4CCCC(C5CCCCC5)C4)C4CCCCC34)CC2)CC1
C1CCC(C2CCC(CCCC3CCCC(C4CCCCC4)C3)CC2)CC1
C1CCC(CC2CC(CC3CCCC(C4CCCCC4)C3)C3CCCCC23)CC1
C1CCC(CCC2CCC(CC3CCCC3)CC2)CC1
C1CCC(C2CCCC(CC3CC(CC4CCCC4)C4CCCCC34)C2)CC1
C1CCC(C2CCC(C3CCCCC3)C(C3CCCCC3)C2)CC1
C1CCC(C2CCCCC2CCCC2CCC(C3CCCC3)C(C3CCCCC3)C2)CC1
C1CCC(CCC2CCC(C3CCC(C4CCCCC4)CC3)CC2)CC1
C1CCC(CCC2CCC(CC3CCC(C4CC4)CC3C3CCCCC3)CC2)CC1
C1CCC(CCC2CCCCC2C2CCC3CC(C4CCCCC4)CCC32)CC1
C1CCC(CC2CCCC(C3CCC(C4CCCC4)CC3)C2)CC1
C1CCC(CC2CCC(C3CCCCC3)C(CC3CCCC3)C2)CC1
C1CCC(CCC2CCC(CCC3CCCC(C4CCCCC4)C3)CC2)CC1
C1CCC(CC2CCCCC2CC2CCCC(C3CCCCC3)C2)CC1
C1CCC(CCCCC2CC(C3CCCCC3)C3CCCCC23)CC1
C1CCC(CCC2CCC(CC3CCC4CCCC4C3)CC2)CC1
C1CCC(CC2CCC(C3CCC(C4CCC5CCCC5C4)CC3)CC2)CC1
C1CCC(CCCC2CCCCC2C2CCC3CCCC3C2)CC1
C1CCC(CCCC2CC(CC3CCCCC3)CCC2C2CCC(C3CCCC3)CC2)CC1
C1CCC(CC2CC(C3CCC3)CC(C3CCCC(CC4CCCC(C5CCCCC5)C4)C3)C2)CC1
C1CCC(C2CCC(CCC3CCCCC3C3CCCCC3)C(C3CCCCC3)C2)CC1
C1CCC(CC2CCC(C3CCCC3CC3CCCCC3)CC2)CC1
C1CCC(CC2CCCCC2CCCC2CC3CCCCC3C2)CC1
C1CCC(CCC2CCCC(C3CCCCC3)C2)CC1
C1CCC(C2CCC(CC3CCC(C4CCCCC4)C(C4CCCCC4)C3)C2)CC1
C1CCC(C2CCCCC2)CC1
C1CCC(CC2CCC3CC(CC4CCCC(C5CCC(C6CCCCC6)CC5)C4)CCC23)CC1
C1CCC(CC2CCC(CC3CCCCC3)CC2)CC1
C1CCC(CCCC2CCC(CCCCC3CCC(C4CCCCC4)CC3)CC2)CC1
C1CCC(C2CC(CC3CCC4CCCCC4C3)CC(C3CCCC3)C2)CC1
C1CCC(CC2CCC(CC3CCC(C4CCCCC4)CC3)CC2)CC1
C1CCC(C2CCC(CC3CCC(C4CCC5CCC(C6CCCCC6)CC5C4)CC3)CC2)CC1
C1CCC(CCC2CCC3C(CCCC3C3CCCC(C4CCCCC4)C3)C2)CC1
C1CCC(CC2CCC(C3CCCC(CC4CCCCC4)C3)CC2)CC1
C1CCC(C2CCC(C3CCCCC3)CC2)CC1
C1CCC(C2CCCCC2C(C2CCCCC2)C2CCCCC2C2CCC3CCCC3C2)CC1
C1CCC(C2CCC(CC3CCCC(C4CCCC(C5CCCCC5)C4)C3)CC2)CC1
C1CCC(C2CCC(C3CCCCC3)C(C3CCCCC3)C2)CC1
C1CCC(CC2CCCCC2C2CC3CCCCC3C2)CC1
C1CCC(CCCC2CCC3CC(C4CCC5CCCCC54)CC(C4CCCC4)C3C2)CC1
C1CCC(CCC2CCCC3CC(C4CCCCC4)CCC23)CC1
C1CCC(CCCC2CCC(CC3CCCCC3)CC2)CC1
C1CCC(CC2CCC(CC3CCC(C4CCCCC4)CC3)CC2)CC1
C1CC(CCC2CCC(CC3CC3)CC2)CC(CC2CCCC(CC3CC4CCCCC43)C2)C1
C1CCC(CCCCCC2CCCCC2)CC1
C1CCC(CC2CCCC(CC3CCCC(C4CCCCC4)C3)C2)CC1
C1CCC(CC2CCC(C3CCCC(CC4CCC(C5CCCCC5)CC4)C3)CC2)CC1
C1CCC(CCC2CCCCC2C2CCCCC2)CC1
C1CCC(CCC2CCC(CCC3CCC(C4CCCCC4)CC3)CC2)CC1
C1CCC(C2CCC3C(CCCC3C3CCCC(CC4CCCC4)C3)C2)CC1
C1CCC(CC2CCCCC2C2CCC2)CC1
C1CCC(CC2CCC(CC3CCC(C4CCCC(C5CC5)C4)CC3)CC2)CC1
C1CCC(CCCCC2CCC(CC3CCC(C4CCCCC4)CC3)CC2)CC1
C1CCC(CC2CCC(CC3CCC4CCCCC4C3)CC2)CC1
C1CCC(CC2CCC3CC(C4CCCCC4C4CCCC4)CCC23)CC1
C1CCC(C2CCC(C3CCCC(C4CCCCC4)C3)CC2)CC1
C1CCC(CC2CCCC(CC3CCCC4CCCCC43)C2)CC1
C1CCC(CC2CCC(CCC3CCCC(C4CCCCC4)C3)CC2)CC1
C1CCC(CC2CCC(CC3CCC(C4CCCC4)CC3)C(C3CCCCC3)C2)CC1
C1CCC(CC2CCC(C3CCCCC3)CC2)CC1
C1CCC(CCC2CCC(C3CCCCC3CC3CCCCC3)CC2)CC1
C1CCC(CCC2CCCC(C3CC(CC4CCCCC4)C4CCCCC43)C2)CC1
C1CCC(CC2CCC(C3CCC(CC4CCCCC4)CC3)CC2)CC1
C1CC(C2CCC(CCC3CCC(C4CC5CCCCC5C4)CC3)CC2)C1
C1CCC(CC2CCCCC2CC2CCCCC2CCC2CCC(C3CCCC3)CC2)CC1
C1CCC(CCC2CCC(CC3CCC(CC4CCCCC4)CC3)CC2)CC1
C1CCC(CC2CCCCC2C2CCCCC2)CC1
C1CCC(CCC2CCC(C3CCCCC3)CC2)CC1
C1CCC(C2CCCCC2CC2CCCC(C3CCCC(CC4CCCC4)C3)C2)CC1
C1CCC(C2CC(C3CCCCC3)C3CC(CCCC4CCCC4)CCC23)CC1
C1CCC(C2CCC(C3CCCCC3)C(C3CCCCC3)C2)CC1
C1CCC(CC2CCC3C(CC4CCCCC4)CC(C4CCCCC4)CC3C2)CC1
C1CCC(CC2CCCC(C3CCC4C(CCCC4C4CCCC4CC4CCCCC4)C3)C2)CC1
C1CCC(CC2CCCC(C3CCCC(C4CC5CCCCC5C4)C3)C2)CC1
C1CCC(C2CC(C3CCC4CCCCC43)CC3CCCCC32)CC1
C1CCC(C2CCC(C3CCCC3)C(C3CC4CCCCC4C3)C2)CC1
C1CCC(CC2CCC(CC3CCCC(C4CCCC(C5CCCCC5)C4)C3)CC2)CC1
C1CCC(CC2CCC3CCC(C4CCCCC4)CC32)CC1
C1CCC(CCC2CCCC(C3CCCCC3)C2)CC1
C1CCC(CCCC2CCCCC2C2CCCC(C3CCCCC3)C2)CC1
C1CCC(CC2CCC(CCCC3CCCC(CC4CCCCC4)C3)CC2)CC1
C1CCC(CCCC2CCCC(CC3CCC(C4CCCCC4)CC3)C2)CC1
C1CCC(CCC2CCC(C3CCC(C4CCCC(C5CCCC5)C4)CC3)CC2)C1
C1CCC(C2CCC(CC3CCCC(C4CCCCC4)C3)CC2)CC1
C1CCC(CCCC2CCCCC2)CC1
C1CCC(CCC2CCC(CC3CCCCC3)CC2)CC1
C1CCC(CC2CCCC(C3CCC(CC4CCC(C5CCCCC5)CC4)CC3)C2)CC1
C1CCC(CCC2CCC(CC3CCC(CC4CCCCC4C4CCCCC4)CC3)CC2)CC1
C1CCC(C2CCCCC2CCCCC2CC3CCCCC3C2)CC1
C1CCC(CC2CCCCC2C2CCCC(C3CCCCC3)C2)CC1
C1CCC(C2CCC(CCC3CCC4C(CCC4C4CCCCC4)C3)CC2)CC1
C1CCC(C2CCCCC2C2CCCCC2)CC1
C1CCC(C2CC(C3CCC3)CC(C3CCCCC3C3CCC(C4CCCC4)CC3)C2)CC1
C1CCC(C2CCC(C3CCCC(C4CCCCC4)C3)CC2)CC1
C1CCC(CCC2CC(C3CCCCC3)CCC2C2CCC3CCCCC3C2)CC1
C1CCC(CCC2CCCC(C3CCCC(C4CCCC4)C3)C2)CC1
C1CCC(CC2CCC(CCCC3CCCC3)CC2)CC1
C1CCC(CC2CCCCC2C2CCCCC2)CC1
C1CCC(CC2CCCCC2CC2CCCC(C3CCCC(C4CCCCC4)C3)C2)CC1
C1CCC(CC2CCCC(C3CCCCC3)C2)CC1
C1CCC(CC2CCCCC2C2CC(C3CC4CCCCC4C3)C3CCCCC32)CC1
C1CCC(CC2CCCCC2)CC1
C1CCC(CC2CCC(C3CCCCC3)CC2)CC1
C1CCC(CCC2CCC(CC3CCC(C4CCCCC4)CC3)CC2)CC1
C1CCC(CCC2CCCCC2)CC1
C1CCC(CC2CCC(CC3CCC4CCCC(C5CCCCC5)C4C3)CC2)CC1
C1CCC(CC2CC(CCCC3CCCC(C4CCC5CCCC5C4)C3)C3CCCCC23)CC1
C1CCC(CC2CCC(C3CCCC(C4CCCCC4)C3)CC2)CC1
C1CCC(CC2CCC(CC3CCCC3)CC2)CC1
C1CCC(C2CCC(C3CCCCC3)CC2)CC1
C1CCC(C2CCCC(C3CCCC(CCC4CCCC4)C3)C2)CC1
C1CCC(CC2CCC(CC3CC3)C(C3CCC4CCCCC4C3)C2)CC1
C1CCC(CCC2CCCCC2C2CCCC(C3CCCCC3)C2)CC1
C1CCC(CCC2CCC3C(CC4CCCCC4)CC(C4CCCCC4)C3C2)CC1
C1CCC(CCC2CCC(CC3CCCCC3)CC2)CC1
C1CCC(CC2CCC(C3CCC(CC4CCC(C5CCCCC5)CC4)C3)CC2)CC1
C1CCC(C2CCC(C3CCCC(C4CCCC(CCC5CCC6CCCCC65)C4)C3)CC2)CC1
C1CCC(CCC2CCC(CCC3CCC(C4CCCC4)CC3)CC2)CC1
C1CCC(CC2CCCC(CCC3CCC(C4CCCCC4)CC3)C2)CC1
C1CCC(CC2CC(CC3CC3)CC(CC3CCCC(C4CCCCC4)C3)C2)CC1
C1CCC(C2CCC(CC3CCCC(C4CCCCC4)C3)CC2)CC1
C1CCC(CC2CCC(C3CCCC(C4CCCCC4)C3)CC2)CC1
C1CCC(C2CCCCC2C2CCCCC2)CC1
C1CCC(C2CCCC(CCC3CCCC(C4CCCCC4)C3)C2)CC1
C1CCC(C2CCCC(CC3CCCC(C4CCCC4)C3)C2)CC1
C1CCC(CC2CCC(C3CCCC3)CC2)CC1
C1CCC(CCCC2CCC(C3CCCCC3)CC2)CC1
C1CCC(CC2CC(CC3CCCCC3)CC(C3CCCCC3)C2)CC1
C1CCC(CC2CCCCC2)CC1
C1CCC(CCC2CCC(C3CCCC(CC4CC5CCCCC5C4)C3)CC2)CC1
C1CCC(CC2CCC(C3CCCC(C4CCCC(C5CC5)C4)C3)CC2)C1
C1CCC(CC2CCC(CC3CCCCC3)CC2)CC1
C1CCC(CCC2CCCC(C3CCC(CC4CCCCC4)CC3)C2)CC1
C1CCC(C2CCCC(C3CC4CCC(C5CCCCC5)CC4C(C4CCCCC4)C3)C2)CC1
C1CCC(CC2CCC(CC3CCCC(C4CCCCC4)C3)CC2)CC1
C1CCC(CCC2CCC(CC3CCCC(C4CCCCC4)C3)C2)CC1
C1CCC(CC2CCC(CCC3CCC(CC4CCCCC4)CC3)CC2)CC1
C1CCC(C2CCC(CC3CCCCC3C3CCCCC3)CC2)CC1
C1CCC(CC2CCC(C3CCCCC3)CC2C2CCCC2)CC1
C1CCC(CC2CCCC(C3CCCC(C4CCCCC4)C3)C2)CC1
C1CCC(C2CCCCC2)CC1
C1CCC(CC2CC(CC3CC3)C3CC(C4CCCCC4C4CCCC4)CCC23)CC1
C1CCC(CC2CCCC(C3CCCC(CC4CCC(CC5CC5)CC4)C3)C2)CC1
C1CCC(CCC2CCCC(C3CCCCC3)C2)CC1
C1CCC(C2CC(C3CCCCC3)C3CCCCC23)CC1
C1CCC(CCCC2CCCC(CCCCC3CC4CCCCC4C3)C2)CC1
C1CCC(C2CCCC(C3CCCC(C4CCCC5CCCC54)C3)C2)CC1
C1CCC(CC2CCC(CCCC3CCCC(CCC4CC5CCCCC5C4)C3)CC2)CC1
C1CCC(CC2CCC(CC3CCCCC3)CC2)CC1
C1CCC(C2CCCCC2CCC2CCCCC2C2CCCCC2)CC1
C1CCC(C2CCC(CC(CC3CCCCC3C3CCCCC3)C3CCC4CCCCC43)CC2)CC1
C1CCC(CCC2CCCC(C3CCCC(C4CCCCC4)C3)C2)CC1
C1CCC(CC2CC(C3CC3)CC(C3CCCC(C4CCCC4)C3)C2)CC1
C1CCC(C2CCC(CCC3CCC(C4CCCCC4)CC3)CC2)CC1
C1CCC(CC2CCCC(C3CCCCC3C3CCCCC3)C2)CC1
C1CCC(C2CCC(C3CCCCC3C3CCC4CCCC4C3)CC2)CC1
C1CCC(CC2CCCC(C3CCCCC3CCC3CCC(C4CCCCC4)CC3)C2)CC1
C1CCC(CC2CCCC(C3CCCCC3)C2)CC1
C1CCC(C2CCCC(C3CC(C4CCC(C5CCCC5)CC4)CCC3C3CCCC3)C2)CC1
C1CCC(C2CCC3CC(CC4CCCC(CC5CCCC5)C4)CCC32)CC1
C1CCC(CC2CCCC(C3CCCC(C4CCCCC4)C3)C2)CC1
C1CCC(C2CCC(C3CCC(CCC4CCCC4)CC3)CC2)CC1
C1CCC(C2CCC(C3CCC(CC4CC5CCCCC5C4)CC3)CC2)CC1
C1CCC(C2CCC(C3CCCCC3)CC2)CC1
C1CCC(C2CCC(CC3CCCCC3C3CCCCC3C3CCCCC3)C2)CC1
C1CCC(CC2CCC(C3CCC(C4CCCCC4)CC3)CC2)CC1
C1CCC(CCCCCC2CCC3C(CC4CCCCC4)CCC3C2)CC1
C1CCC(CCCCC2CC(CC3CCCCC3)CC3CCC(C4CCCCC4)CC23)CC1
C1CCC(CC2CCCC(CCC3CCCC(C4CCC5CCCC(C6CCCCC6)C5C4)C3)C2)CC1
C1CCC(C2CCCC(CCCCC3CCC(C4CCCC(C5CCCCC5)C4)CC3)C2)CC1
C1CC2CCC(CC3CC(C4CCC(C5CCCCC5C5CCCC5)CC4)C4CCCCC34)CC2C1
C1CCC(CC2CCC(C3CC(C4CCCCC4C4CCCC4)C4CCCCC34)CC2)CC1
C1CCC(CCC2CCC(CC3CCCCC3)CC2)CC1
C1CCC(C2CCC(C3CC(C4CCCC(CC5CC6CCCCC6C5)C4)C4CCCCC34)CC2)CC1
C1CCC(CCC2CCCC(C3CCCC(CCC4CCC5CCCCC5C4)C3)C2)CC1
C1CCC(CC2CCCC(C3CCCC(CC4CCCCC4)C3)C2)CC1
C1CCC(CC2CCC(CC3CCCCC3)C(CCC3CCC(C4CCC4)CC3)C2)CC1
C1CCC(C2CCC(C3CCCCC3)C(C3CCCC3)C2)CC1
C1CCC(C2CCC(C3CCCC(CC4CC5CCCCC5C4)C3)CC2)CC1
C1CCC(C2CCC(C3CCC(CC4CCC(C5CCC6CCCCC6C5)CC4)C3)CC2)CC1
C1CCC(CC2CCCCC2CCCC2CCC(C3CCCC3)CC2)CC1
C1CCC(C2CCC3CC(C4CCC(CC5CCCC(C6CCC7CCCC7C6)C5)CC4)CCC3C2)CC1
C1CCC(C2CCC(C3CCC(CC4CC5CCCCC5C4)C3)CC2)C1
C1CCC(CC2CCC(CC3CCCCC3)CC2)CC1
C1CCC(CCC2CCC(C3CCCCC3C3CCC4CCCCC43)CC2)C1
C1CCC(C2CCCC(C3CCCCC3C3CCCCC3)C2)CC1
C1CCC(CC2CCC(CCCC3CC(C4CCCCC4)CC(C4CCC4)C3)CC2)CC1
C1CCC(C2CCC(CC3CCCC(C4CCCCC4)C3)CC2)CC1
C1CCC(CC2CCCCC2CCC2CCCC(C3CCCC(C4CCCCC4)C3)C2)CC1
C1CCC(C2CCC(CCCC3CCCC(C4CCCCC4)C3)CC2)CC1
C1CCC(CCC2CC(C3CC(C4CCCCC4)CC(C4CCC4)C3)C3CCCCC23)CC1
C1CCC(C2CCCC(CC3CCCC(C4CCCC(C5CCC5)C4)C3)C2)CC1
C1CCC(CC2CCCC(C3CCCC(CC4CCC(C5CCCCC5)CC4)C3)C2)CC1
C1CCC(CC2CCCC(C3CCC(C4CCCC4)CC3)C2)CC1
C1CCC(C2CCCC(CC3CC4CCCCC4C3)C2)CC1
C1CCC(CC2CCCCC2CC2CCC(C3CCCCC3)CC2C2CCCC2)CC1
C1CCC(CC2CCC(CC3CCCCC3)CC2)CC1
C1CCC(C2CCC(C3CCCCC3)C(C3CCCC3)C2)CC1
C1CCC(C2CCCCC2CC2CCCCC2C2CCC3CCCCC3C2)CC1
C1CCC(CCCCC2CCC(CC3CCC(CCC4CCC4)CC3)CC2)CC1
C1CCC(CC2CC(C3CCC(CC4CCC5CCCCC54)CC3)C3CCCCC23)CC1
C1CCC(CCC2CCCC(CC3CCCCC3)C2)CC1
C1CCC(CCC2CCCC(CCC3CCCC(CC4CCCCC4)C3)C2)CC1
C1CCC(CC2CCCC(C3CCCCC3)C2)CC1
C1CCC(C2CC(C3CCCCC3)CC(C3CCC3)C2)CC1
C1CCC(CC2CCC(CCC3CCC(C4CCC4)CC3)CC2)CC1
C1CCC(CC2CCCCC2)CC1
C1CCC(C2CCCC(CCCCC3CCC(C4CC(C5CCCCC5)C4)CC3)C2)CC1
C1CCC(CCCCC2CCC(C3CC4CCCCC4C3)CC2)CC1
C1CCC(CCC2CCC(C3CCCCC3)CC2CC2CCCCC2)CC1
C1CCC(CC2CCC(CCCC3CCC(C4CCCCC4)CC3)CC2)CC1
C1CCC(C2CCC(CC3CCC4CCCC4C3)CC2)CC1
C1CCC(C2CCC(C3CCCCC3C3CCCC(C4CCCCC4)C3)CC2)CC1
C1CCC(C2CCC(CC3CCCC4CC(C5CCCCC5)CCC34)CC2)CC1
C1CCC(CC2CCCCC2C2CCCC(CCC3CC4CCCCC4C3)C2)CC1
C1CCC(CCCC2CCCC(C3CCCCC3C3CCCC3)C2)CC1
C1CCC(C2CCCC(C3CCCCC3)C2)CC1
C1CCC(CC2CCC(CCCCC3CCC(C4CCCCC4)CC3)CC2)CC1
C1CCC(CC2CC(C3CCCCC3)CC(C3CCCCC3)C2)CC1
C1CCC(CC2CCC(C3CCCC3C3CCCC(C4CCCCC4)C3)CC2)CC1
C1CCC(C2CCC(CC3CCC(C4CCC(C5CC6CCCCC6C5)CC4)CC3)CC2)CC1
C1CCC(C2CCC(C3CCCC3)CC2)CC1
C1CCC(CCC2CCCC(C3CCCCC3)C2)CC1
C1CCC(C2CCCC(CC3CC3)C2)CC1
C1CCC(C2CCC(C3CCC(CC4CC5CCCCC5C4)CC3)CC2)CC1
C1CCC(CCC2CCC(CC3CCC(CC4CCCCC4)CC3)CC2)CC1
C1CCC(CCCCC2CCCC(C3CCCCC3)C2)CC1
C1CCC(C2CC(C3CCCCC3)CC(C3CCCC(CC4CCC4)C3)C2)CC1
C1CCC(C2CCC(CC3CC4CCCCC4C3)CC2)CC1
C1CCC(CC2CCCCC2C2CCC3CCCC3C2)CC1
C1CCC(C2CCCC(CCC3CCCCC3C3CCC4CCCCC43)C2)CC1
C1CCC(CCCC2CCCC(C3CCC4CCCCC43)C2)CC1
C1CCC(C2CCC(C3CCCC(C4CCCCC4)C3)CC2)CC1
C1CCC(C2CCCC(CC3CCC(C4CCCC4)CC3)C2)CC1
C1CCC(CC2CCCCC2C2CCCC(C3CC(C4CCCC4)CC(C4CC4)C3)C2)CC1
C1CCC(CCC2CC(C3CCCCC3)CC(C3CCCCC3)C2)CC1
C1CCC(C2CCC(C3CC4CCCCC4C3)CC2C2CCCCC2)CC1
C1CCC(C2CCCC(C3CCCCC3)C2)CC1
C1CCC(CCC2CCCC(C3CCCCC3)C2)CC1
C1CCC(CCCC2CCC(C3CCC(C4CC(C5CCC6CCCCC65)C4)CC3)CC2)CC1
C1CCC(C2CCC(C3CCCCC3C3CCCCC3)CC2)CC1
C1CCC(CC2CC(C(CC3CC3)C3CCCCC3)C3CCCCC23)CC1
C1CCC(CC2CCC(C3CCCC(C4CCCC(CC5CCCCC5)C4)C3)CC2)CC1
C1CCC(CC2CCCC(CC3CC4CCCCC4C3)C2)CC1
C1CCC(C2CC(C3CCCC3)CC(C3CCCC(CCCCC4CC5CCCCC5C4)C3)C2)CC1
C1CCC(CC2CCCC(CCC3CCC(C4CCCCC4)CC3)C2)CC1
C1CCC(C2CC(C3CCCCC3)C3CCCCC23)CC1
C1CCC(CC2CCC(CC3CCC(CC4CCCCC4)CC3)CC2)CC1
C1CCC(CCCCCC2CCC(CC3CCCCC3)C(CC3CCCCC3)C2)CC1
C1CCC(CCCCC2CCCC3CC(C4CCCCC4C4CCCCC4)CCC23)CC1
C1CCC(CC2CC(C3CCCCC3)CC(C3CCC(C4CC4)CC3)C2)CC1
C1CCC(CC2CCCC(C3CCC4C(CC5CCCCC5)CC(C5CCCC5)C4C3)C2)CC1
C1CCC(CCCCC2CCC(C3CCC(CC4CCCCC4)C3)CC2C2CCCC2)CC1
C1CCC(C2CCCC(CCC3CCC(C4CCCCC4C4CCCCC4)CC3)C2)CC1
C1CCC(CC2CCCC(CC3CCC(CCCCC4CCC(C5CCCC5)C4)CC3)C2)CC1
C1CCC(C2CCCCC2C2CCCCC2C2CCCCC2)CC1
C1CCC(C2CCCC(C3CCCCC3)C2)CC1
C1CCC(C2CCCC(C3CCCCC3)C2)CC1
C1CCC(CC2CCC(C3CCCC(CC4CCCCC4)C3)CC2)CC1
C1CCC(C2CCCC(C3CC4CCCC(C5CCCCC5)C4C3)C2)CC1
C1CCC(CCC2CCCCC2CC2CCCCC2C2CCC3CCCCC3C2)C1
C1CCC(CC2CC(C3CCC4C(CCC4C4CCCCC4)C3)C3CCCCC23)CC1
C1CCC(CC2CCCC(CC3CCC4CCCCC43)C2)CC1
C1CCC(CCCC2CCCC(CC3CCCCC3)C2)CC1
C1CCC(C2CCCCC2CC2CCC(CC3CCCC3)CC2)CC1
C1CCC(CCCC2CCC(CCCC3CCC(CCC4CCCCC4)CC3)CC2)CC1
C1CCC(C2CCCCC2C2CCCCC2)CC1
C1CCC(C2CC(C3CCCCC3)CC(C3CCCC3)C2)CC1
C1CCC(CCC2CCC(C3CCCC(C4CCCCC4)C3)CC2)CC1
C1CCC(C2CCCCC2CC2CCCCC2C2CC2)CC1
C1CCC(CC2CCC(CC3CCCCC3CC3CCCCC3)CC2)CC1
C1CCC(CC2CCC(C3CCC(CC4CCCCC4)CC3)CC2)CC1
C1CCC(CC2CCC(C3CCC3)C(CC3CCCC(C4CCCCC4)C3)C2)CC1
C1CCC(CCC2CCCCC2C2CCCCC2)CC1
C1CCC(CC2CCCCC2CC2CCCC(C3CCCCC3)C2)CC1
C(CCCC1CCC(CCC2CCCCC2)CC1)CCC1CCCCC1
C1CCC(CCC2CC3CCCCC3C2)CC1
C1CCC(CCC2CCCC(C3CCCCC3)C2)CC1
C1CCC(CC2CC(C3CCCCC3)CCC2CCCC2CCCCC2C2CCCCC2)CC1
C1CCC(CCC2CCCCC2CC2CCC(C3CCCCC3)CC2)CC1
C1CCC(CCCC2CCC(C3CCC(CC4CCCCC4)CC3)C2)CC1
C1CCC(CC2CCCCC2C2CCCCC2C2CCCCC2)CC1
C1CCC(CCCC2CCC(CCCC3CCC(C4CCCCC4)CC3)CC2)CC1
C1CCC(CCCC2CCC(CC3CCCC(CCC4CCCCC4)C3)CC2)CC1
C1CCC(C2CCCC(C3CC(C4CCCCC4)C4CCCCC34)C2)CC1
C1CCC(CCC2CC(C3CCC4CCCCC4C3)C3CCCCC23)CC1
C1CCC(C2CCCCC2)CC1
C1CCC(C2CCCC(CCC3CCC(C4CCCC4)CC3)C2)CC1
C1CCC(CC2CCC(CC3CCC(C4CCCC4)CC3)CC2)CC1
C1CCC(C2CCCC(C3CC4CCCCC4C3)C2)CC1
C1CCC(CCCC2CCCC(CC3CCCCC3)C2)CC1
C1CCC(CCCCC2CCC(CC3CCCCC3)CC2)CC1
C1CCC(CC2CC(C3CCCCC3)CCC2C2CCCCC2)CC1
C1CCC(C2CCC(C3CCCCC3)C(C3CCCC3)C2)CC1
C1CCC(C2CCCCC2C2CCC(C3CCCCC3)C(C3CCCCC3)C2)CC1
C1CCC(CCCC2CCCCC2C2CCC(C3CCCC3)CC2C2CCC3CCCC3C2)C1
C1CCC(CCCCC2CCC(CC3CC4CCCCC4C3)CC2)CC1
C1CCC(C2CCC(C3CCCC(C4CCCC4)C3)CC2)CC1
C1CCC(CCC2CCCCC2)CC1
C1CCC(CCC2CCCCC2C2CCCCC2CC2CCCCC2)CC1
C1CCC(C2CC(C3CCCC(CC4CCCC4)C3)C3CCCCC23)CC1
C1CCC(CC2CCCCC2C2CCC(C3CCCC3)CC2C2CCC3CCCCC32)CC1
C1CCC(CC2CCC(CCCC3CCC(C4CCCCC4)CC3)CC2)CC1
C1CCC(C2CCC(CC3CCCCC3C3CCC(C4CCC(CC5CCC5)CC4)CC3)CC2)CC1
C1CCC(CC2CCCCC2CCCC2CCC(C3CCCCC3)CC2)CC1
C1CCC(CC2CCCC(C(CCC3CCC(C4CCCCC4)CC3)C3CCC3)C2)CC1
C1CCC(CC2CCC(CC3CCCCC3C3CCCCC3)CC2)CC1
C1CCC(CC2CCC(CC3CCCCC3)CC2)CC1
C1CCC(CCCC2CCC(CC3CCC(CC4CCCCC4)CC3)CC2)CC1
C1CCC(C2CCC(CCCCC3CCC4CCCCC34)CC2)CC1
C1CCC(CC2CCC(CCCC3CCCC(CC4CC4)C3)CC2)CC1
C1CCC2CC(CC3CCC(C4CCC5CCCCC54)CC3)CC2C1
C1CCC(C2CCC(CC3CCCCC3C3CCCC3)CC2)CC1
C1CCC(CCC2CCC(C3CCCCC3CC3CCCCC3)CC2)CC1
C1CCC(CC2CCC(CCC3CCCC(CC4CCCCC4)C3)CC2)CC1
C1CCC(CCC2CCC(C3CCCC(CCC4CC5CCCCC5C4)C3)CC2)CC1
C1CCC(CCCCC2CCC(CC3CCCCC3)CC2)CC1
C1CCC(CCC2CCCCC2CC2CCCCC2C2CCC3CCCCC3C2)CC1
C1CCC(CC2CCCC(C3CCCCC3)C2)CC1
C1CCC(CCC2CCC(CC3CCC(C4CCCCC4C4CCCCC4)CC3)CC2)CC1
C1CCC(CCCC2CCCC(C3CCCCC3)C2)CC1
C1CCC(C2CCC3C(CCCC3C3CCCC(C4CCCC(C5CCC5)C4)C3)C2)CC1
C1CCC(CC2CCC(CCCC3CCC(CCC4CC5CCCCC5C4)CC3)CC2)CC1
C1CCC(CC2CCCCC2CCCC2CCC(C3CCCCC3C3CCCCC3)C(C3CCCC3)C2)CC1
C1CCC(C2CCC(C3CCCCC3C3CCCC3)CC2)CC1
C1CCC(CC2CCC3C(CCC3C3CCCCC3)C2)CC1
C1CCC(CCC2CCC(CC3CCC(C4CCC(C5CCCCC5)CC4)CC3)CC2)CC1
C1CCC(CCCCCC2CCC(C3CCC(C4CCCCC4)CC3)CC2)CC1
C1CCC(C2CCCCC2C2CC(C3CCCC3)CCC2C2CCCCC2)CC1
C1CCC(C2CCC(CC3CC3)CC2C2CCCCC2)CC1
C1CCC(CC2CCC(CCC3CC4CCCCC4C3)CC2)CC1
C1CCC(C2CCCCC2C2CCCCC2CC2CCCCC2C2CCCC2)CC1
C1CCC(CCC2CCC(C3CCCCC3)CC2)CC1
C1CCC(CCC2CCCC(C(CCC3CC4CCCCC4C3)C3CCCCC3)C2)CC1
C1CCC(C2CCC(C3CCC(C4CCCC4)CC3)CC2C2CCCC2)CC1
C1CCC(C2CCC(C3CCCCC3C3CCCCC3)CC2)CC1
C1CCC(C2CC(CC3CC3)CC(C3CCCC(CC4CCCC4)C3)C2)CC1
C1CCC(CC2CCC(CC3CCCC(CC4CCCCC4)C3)CC2)CC1
C1CCC(CCC2CCC(C3CCC(C4CCCCC4C4CCC5CCCC5C4)CC3)CC2)CC1
C1CCC(CCC2CCCCC2C2CCC(C3CCC3)CC2)CC1
C1CCC(CC2CCC(C3CCC(C4CCC5CCCCC5C4)CC3)CC2)CC1
C1CCC(C2CCC(C3CCCC(CCCC4CC5CCCCC5C4)C3)CC2)CC1
C1CCC(CC2CCC(C3CCC(C4CCCC(C5CCCCC5)C4)CC3)CC2)CC1
C1CCC(CC2CC(C3CCC(C4CCCCC4)CC3)C3CCCCC23)CC1
C1CCC(CC2CCC(CC3CCCCC3)CC2)CC1
C1CCC(C2CCCC(CC3CC4CCCC(C5CCCC(C6CCCCC6)C5)C4C3)C2)CC1
C1CCC(C2CC(C3CCC(CC4CCCC(C5CCCC5)C4)CC3)CC(C3CC3)C2)CC1
C1CCC(CCC2CCCC(CC3CCCC4CCCCC43)C2)CC1
C1CCC(C(C2CCCCC2)C2CCCCC2)CC1
C1CCC(C2CCC(CC3CCCC(C4CCC5CCCC5C4)C3)CC2)CC1
C1CCC(CC2CC(C3CCCCC3)C3CCCCC23)CC1
C1CCC(CC2CCC(CCCCCC3CCCCC3C3CCCCC3)CC2)CC1
C1CCC(CCCC2CCCC(CCC3CCC(CC4CCCC4)CC3)C2)CC1
C1CCC(C2CCC(C3CCCCC3)CC2)CC1
C1CCC(CC2CCC(C3CCCCC3)CC2)CC1
C1CCC(CC2CC(C3CCCCC3)CC(C3CCCC3)C2)CC1
C1CCC(CC2CCC(CCCCCC3CCCC(C4CCCCC4)C3)CC2)CC1
C1CCC(CCCCC2CCC(C3CCCCC3CC3CCCC3)CC2)C1
C1CCC(C2CCC(CC3CCCC(CC4CCC(CCC5CCC5)CC4)C3)CC2)CC1
C1CCC(CCCC2CCCCC2C2CCCCC2)CC1
C1CCC(CC2CCC(C3CC(C4CCC5CCCCC54)CC4CCC(C5CCCCC5)CC43)CC2)CC1
C1CCC(CCC2CC(C3CCCCC3)CC(C3CCCC(C4CCCCC4)C3)C2)CC1
C1CCC(CCC2CCCC(C3CCCCC3)C2)CC1
C1CCC(CCCC2CCC(C3CCC(C4CCC5CCCCC54)CC3)CC2)CC1
C1CCC(C2CCC(C3CCCCC3C3CCC4CCCCC4C3)CC2)CC1
C1CCC(CCC2CCCC(CC3CCCCC3)C2)CC1
C1CCC(C2CCCC(C3CCCC(CCC4CCC5CCCCC54)C3)C2)CC1
C1CCC(CC2CCC(CCCCC3CCC(C4CCCCC4)CC3)CC2)CC1
C1CCC(CC2CCC(CC3CCC(CCCC4CCCC(C5CCCCC5)C4)CC3)CC2)CC1
C1CCC(CC2CC(C3CCCCC3)C3CCC4CCCCC4C3C2)CC1
C1CCC(CC2CCC(CCC3CCCCC3C3CCCCC3)CC2)CC1
C1CCC(CC2CCCC(C3CCCC(C4CCCCC4)C3)C2)CC1
C1CCC(CCCC2CCC(C3CCCCC3CC3CCCCC3)CC2)CC1
C1CCC(C2CCCC(C3CCC4CCCCC43)C2)CC1
C1CCC(CCCC2CCCCC2CC2CCC(CC3CCC(CC4CCCCC4)CC3)CC2)CC1
C1CCC(CC2CCC(C3CCC(C4CCCCC4)CC3C3CCCCC3)CC2)CC1
C1CCC(CCCCC2CCCC(C3CCCC(C4CCCCC4)C3)C2)CC1
C1CCC(CC2CCC3CC(C4CCC(CCC5CCCC5)CC4)CCC23)CC1
C1CCC(CCCC2CCCC(C3CCCC4CC(C5CCCCC5)CCC43)C2)CC1
C1CCC(CCC2CCC(C3CCC(C4CCCC(C5CCCC5)C4)CC3)CC2)C1
C1CCC(C2CCCC(C3CCCC3C3CCC4CCCC4C3)C2)C1
C1CCC(CCCC2CCCCC2)CC1
C1CCC(C2CCC(C3CCC4CCCC4C3)C(C3CCCCC3)C2)CC1
C1CCC(CCCC2CCCCC2C2CCC(C3CCCCC3C3CCCC3)CC2)CC1
C1CCC(CC2CCC(C3CCC4CCCC(C5CCCCC5)C4C3)CC2)CC1
C1CCC(CCCCC2CCC(C3CCCCC3)CC2)CC1
C1CCC(CCCC2CCCC(C3CCC(C4CCCCC4)CC3)C2)CC1
C1CCC(CC2CCCCC2CC2CCC(C3CCCC(C4CCCC(C5CCCCC5)C4)C3)CC2)CC1
C1CCC(C2CCC(CC3CCC(C4CCCCC4)CC3)CC2)CC1
C1CCC2C(C1)CCCC2CCC1CC(C2CCC3CCCCC32)CC2CCCCC21
C1CCC(CC2CCC(CC3CCC(CC4CCCCC4)CC3)CC2)CC1
C1CCC(CCC2CCCC(CC3CCCCC3)C2)CC1
C1CCC(CCCC2CC(CCC3CCCCC3)CC(C3CCCCC3)C2)CC1
C1CCC(C2CCC(C3CCC4CC(C5CCCCC5)CCC43)CC2)CC1
C1CCC(CC2CC(CC3CCC(C4CCCCC4)CC3)C3CCCCC23)CC1
C1CCC(CCC2CC(C3CCCCC3)CCC2CC2CCCCC2)CC1
C1CCC(C2CCCC(CCC3CCCC(CC4CC5CCCCC5C4)C3)C2)CC1
C1CCC(C2CCC(CC3CCC(CC4CCC5CCCCC5C4)CC3)CC2)CC1
C1CCC(C2CCCC(CCC3CC4CCCCC4C3)C2)CC1
C1CCC(CC2CCC(C3CCC(CCC4CCCC(CC5CC6CCCCC6C5)C4)CC3)CC2)CC1
C1CCC(CC2CCC(C3CCC3)C(C3CCC(C4CCCCC4)CC3)C2)CC1
C1CCC(CCCC2CCC(CC3CCC(C4CCCCC4)CC3)CC2)CC1
C1CCC(CC2CCC(CC3CCC(CCC4CCCC5CCCCC54)CC3)CC2)CC1
C1CCC(C2CCC(CCC3CC4CCCCC4C3)CC2)CC1
C1CCC(C2CCC(C3CC3)CC2)CC1
C1CCC(CC2CCCCC2C2CCCCC2)CC1
C1CCC(CC2CCC(C3CCCCC3)CC2)CC1
C1CCC(C2CCC(C3CCC(CC4CCCC5CCCCC54)CC3)CC2)CC1
C1CCC(C2CCCCC2CCC2CCC(CC3CCCC3)CC2)CC1
C1CCC(C2CCCC(CC3CC(C4CCC5CCCCC54)CC4CCC(CC5CCC5)CC43)C2)CC1
C1CCC(CC2CCCCC2)CC1
C1CCC(C2CC3CCCCC3C(C3CCCCC3)C2)CC1
C(CCCC1CCCCC1)CCCC1CCC(CCC2CC3CCCCC3C2)CC1
C1CCC(CCCC2CCCCC2C2CCCCC2)CC1
C(CCCC1CCC(CC2CCCC(CC3CCCCC3)C2)CC1)CCC1CCCCC1
C1CCC(C2CCCC(C3CC(C4CCCCC4)CC4CCCCC43)C2)CC1
C1CCC(CCC2CCC(CC3CCC(CC4CCCCC4)CC3)C(C3CCCCC3)C2)CC1
C1CCC(CC2CCC(C3CCCCC3)CC2)CC1
C1CCC(CC2CCCC(CC3CCCCC3)C2)CC1
C1CCC(CC2CCC(CC3CCCCC3)C(CC3CCC4CCCCC43)C2)CC1
C1CCC(C2CCCC(C3CCCC(C4CCC(C5CCC5)C(C5CCCC5)C4)C3)C2)CC1
C1CCC(CCC2CCC(CC3CCC(C4CCCCC4)CC3)CC2)CC1
C1CCC(CC2CC(C3CCC(C4CCCCC4C4CCCC4)CC3)C3CCCCC23)CC1
C1CCC(C2CC(CC3CCCC3)C3CCC(C4CCCCC4C4CCCC4)CC32)CC1
C1CCC(CC2CCCCC2C2CCCCC2C2CCCCC2)CC1
C1CCC(C2CCCC(CCCCC3CC4CCCCC4C3)C2)CC1
C1CCC(C2CCCCC2)CC1
C1CCC(C(C2CCCCC2)C2CCC(C3CCC4CCCC4C3)CC2)CC1
C1CCC(C2CCC3CC(CCC4CCC(CC5CCCC5)CC4)CCC32)CC1
C1CCC(C2CCC(C3CC(C4CCCCC4)C4CCCCC34)CC2)CC1
C1CCC(CCC2CCCC(C3CC4CCCCC4C3)C2)CC1
C1CCC(C2CCCC(C3CCCC(C4CCCCC4)C3)C2)CC1
C1CCC(CCCC2CCC(CC3CCC4CCCCC43)CC2)CC1
C1CCC2CC(CC3CCCC(C4CCCCC4C4CCCC4)C3)CC2C1
C1CCC(CCC2CCCCC2CC2CCCCC2)CC1
C1CCC(CC2CCCCC2CC2CCCC(CC3CC4CCCCC4C3)C2)CC1
C1CCC(CC2CCCC(CC3CCCC(C4CCCCC4)C3)C2)CC1
C1CCC(CCCCC2CCC(C3CCCCC3C3CCCCC3)CC2)CC1
C1CCC(C2CCC(CC3CCC4CCCCC4C3)CC2)CC1
C1CCC(CC(C2CCC3CCCCC3C2)C2CCC3CCCCC3C2)CC1
C1CCC(C2CCC(C3CCCCC3)C(C3CCC4CCCC4C3)C2)CC1
C1CCC(CCC2CCCC(C3CCCCC3)C2)CC1
C1CCC(CCCC2CCC(CC3CCCCC3)CC2)CC1
C1CCC(C2CCCC(C3CC(CC4CCCC(C5CCCCC5C5CCCC5)C4)CC(C4CCC5CCCC5C4)C3)C2)C1
C1CCC(CC2CCC(C3CCCCC3C3CCCCC3)CC2)CC1
C1CCC(C2CCCC3CCC(C4CCC(C5CC5)CC4)CC32)CC1
C1CCC(C2CCC(CCC3CCCCC3C3CCCCC3)CC2)CC1
C1CCC(CCC2CCCCC2)CC1
C1CCC(C2CC3CCCCC3C(C3CCCCC3)C2)CC1
C1CCC(CC2CCCCC2CC2CCCC(C3CCCCC3)C2)CC1
C1CCC(CC2CCC(C3CCCCC3)CC2)CC1
C1CCC(CC2CCCC(CC3CCC(C4CCCCC4)C(C4CCCC4)C3)C2)CC1
C1CCC(CC2CCCC3CCCCC32)CC1
C1CCC(CC2CCC(C3CCC4C(CCCC4C(C4CCCCC4)C4CCCCC4)C3)CC2)CC1
C1CCC(CCC2CCCC(C3CCCCC3)C2)CC1
C1CCC(CCC2CCC(CC3CCCCC3)CC2)CC1
C1CCC(C2CCC(C3CCC(CCC4CCCCC4C4CCCCC4)CC3)CC2)CC1
C1CCC(C2CCCCC2C2CCCCC2)CC1
C1CCC(CC2CCC(CCC3CC4CCCCC4C3)CC2)CC1
C1CCC(CC2CCCC(C3CCCC(CC4CCCCC4)C3)C2)CC1
C1CCC(CC2CCCC(C3CCCCC3C3CCC4CCCC4C3)C2)CC1
C1CCC(C2CCC(C3CCCCC3)CC2)CC1
C1CCC(CCCC2CCCC(C3CCCCC3)C2)CC1
C1CCC(CC2CCC(CC3CC(C4CCCCC4)CC(C4CC4)C3)CC2)CC1
C1CCC(CC2CCC(CCCCC3CCCC3)CC2)CC1
C1CCC(CC2CCCC(C3CCC(C4CCCCC4)CC3)C2)CC1
C1CCC(CC2CC(C3CCC4CCCCC4C3)C3CC(C4CCC4)CCC23)CC1
C1CCC(C2CCCCC2CC2CC2)CC1
C1CCC(CCC2CCCC(C3CCCCC3)C2)CC1
C1CCC(CC2CCCCC2C2CCCC(C3CC4CCCCC4C3)C2)CC1
C1CCC(C2CCCCC2C2CCCCC2C2CCCCC2)CC1
C1CCC(C2CCC(C3CCCCC3)CC2)CC1
C1CCC(CC2CCCCC2C2CCCCC2)CC1
C1CCC(CCC2CCCCC2C2CCCC(C3CCCC(CC4CCCCC4)C3)C2)CC1
C1CCC(CC2CCC(CC3CCC(C4CCCCC4)CC3)CC2)CC1
C1CCC(C2CCCCC2CC2CCC(CC3CCC(CC4CC5CCCCC5C4)C3)CC2)CC1
C1CCC(C2CCCCC2C2CCC(C3CCC4CCCC4C3)CC2)CC1
C1CCC(C2CCCCC2)CC1
C1CCC(CC2CCC(C3CCC4CCCCC43)CC2)CC1
C1CCC(CC2CCC(CCCC3CC(C4CCCCC4)C4CCCCC34)CC2)CC1
C1CCC2C(C1)CCC2C1CCCC(C2CCC(C3CCCCC3C3CC3)CC2)C1
C1CCC(CC2CCC(CCCC3CCC(C4CCCCC4)CC3)CC2)CC1
C1CCC(CCC2CCCC(C3CCC(C4CCC(CC5CCCCC5)CC4)CC3)C2)CC1
C1CCC(CC2CCC(CC3CCCCC3)CC2)CC1
C1CCC(C2CCCC3CC(C4CCCCC4CCC4CCCCC4C4CCC5CCCCC54)CCC32)CC1
C1CCC(CC2CCCC(C3CCCCC3C3CCCCC3C3CCC4CCCCC4C3)C2)CC1
C1CCC(C2CCC(C3CCCC(C4CCCC4)C3)CC2)CC1
C1CCC(C2CCC(C3CCCC(C4CCCCC4)C3)CC2)CC1
C1CCC(CC(C2CCCCC2)C2CCC(C3CCCCC3)CC2)CC1
C1CCC(CCC2CCC(C3CCCCC3)CC2)CC1
C1CCC(CC2CCC(C3CCCC(C4CCCCC4)C3)CC2)CC1
C1CCC(CC2CC(CC3CCC3)CCC2C2CCCCC2)CC1
C1CCC(CC2CCCC(C3CCCCC3)C2)CC1
C1CCC(C2CCCCC2C2CCCCC2)CC1
C1CCC(C2CCC(CC3CCC(CC4CC4)CC3CC3CCCC3)CC2)CC1
C1CCC(CC2CCCC(C3CCCC(C4CCCCC4)C3)C2)CC1
C1CCC(C2CCCC(C3CCC(C4CCCC(CC5CCCC5)C4)CC3)C2)CC1
C1CCC(CC2CCC(CC3CCC(CCC4CCCC4)CC3)CC2)CC1
C1CCC(CC2CCC(C3CCCCC3C3CCC4CCCCC4C3)CC2)CC1
C1CCC(CC2CCCC(CCC3CC(C4CCCC(C5CCCC5)C4)C4CCCCC34)C2)CC1
C1CCC(C2CCCC(C3CCCCC3C3CCCCC3)C2)CC1
C1CCC(CCC2CCC(C3CCCCC3CC3CCCCC3)CC2)CC1
C1CCC(C2CCC(CCC3CCCC(CC4CCCC(CC5CC6CCCCC6C5)C4)C3)CC2)CC1
C1CCC(C2CCCC(C3CCCCC3C3CCCC3)C2)CC1
C1CCC(C2CCCC(C3CCCC(C4CCCCC4)C3)C2)CC1
C1CCC(CC2CCC(CCCC3CCCCC3CCCC3CCC(CC4CCCCC4)CC3)CC2)CC1
C1CCC(CC2CCC(CC3CCCCC3)CC2)CC1
C1CCC(CCCCC2CCCC(CC3CCCC3)C2)CC1
C1CCC(CCC2CCC(CCC3CCC(CC4CCCCC4)CC3)CC2)CC1
C1CCC(CC2CCC(CC3CCC(C4CCC5CCCCC54)CC3C3CCCC3)CC2)CC1
C1CCC(C2CCC(CC3CCC(CC4CCC5CCCC5C4)CC3)CC2)CC1
C1CCC(CC(CC2CCC(C3CCCCC3)CC2)C2CCCCC2)CC1
C1CCC(C2CCCC(C3CCCCC3)C2)CC1
C1CCC(CC2CCC(C3CCCCC3)CC2)CC1
C1CCC(CC2CCCC(C3CCC(C4CCCCC4)C3)C2)CC1
C1CCC(C2CCC(CCC3CCCC(C4CCCC(C5CCC6CCCCC6C5)C4)C3)CC2)C1
C1CCC(C2CCC(C3CCCC(C4CCCCC4)C3)CC2)CC1
C1CCC(C2CCCC(C3CC(C4CCCCC4)CC(C4CCCCC4)C3)C2)CC1
C1CCC(CC2CCC(CCC3CCCC3)CC2C2CC3CCCCC3C2)CC1
C1CCC(CC(C2CCCC(CC3CCCC(C4CCCCC4)C3)C2)C2CCC3CCCCC32)CC1
C1CCC(CCCC2CCCCC2CC2CCCCC2C2CCC3CCCC3C2)CC1
C1CCC(CC2CCCCC2CCC2CCC(C3CCCCC3)CC2)CC1
C1CCC(CCCCC2CCCC(CC3CCCCC3)C2)CC1
C1CCC(CCC2CCCC(C3CCCCC3)C2)CC1
C1CCC(CC2CCC(CCCC3CCC4CCCC4C3)CC2)CC1
C1CCC(C2CCC(CCC3CCCC3)CC2C2CCCCC2)CC1
C1CCC(C2CCCC(C3CCCCC3)C2)CC1
C1CCC(CC2CCCCC2CC2CCCCC2)CC1
C1CCC(C2CCCCC2C2CCCCC2)CC1
C1CCC(CCCC2CCC(CCC3CCC(CC4CCCCC4)CC3)CC2)CC1
C1CCC(CC2CCC(C3CC4CCCCC4C3)CC2)CC1
C1CCC(C2CCCCC2C2CCCCC2C2CCC3CCCC3C2)CC1
C1CCC(CC2CC(CCC3CCCCC3C3CCCCC3)C3CCCCC23)CC1
C1CCC(CCC2CC(CC3CCCCC3)CCC2C2CCC2)CC1
C1CCC(CCCC2CCCC(CC3CCCCC3)C2)CC1
C1CCC(CCC2CCC(C3CC4CCCCC4C(C4CCCCC4)C3)CC2)CC1
C1CCC2CC(C3CCCCC3CCC3CCCC(C4CCC5CCCC5C4)C3)CCC2C1
C1CCC(CCC2CCC(CC3CCCCC3)CC2)CC1
C1CCC(C2CCCC(C3CCC3)C2)CC1
C1CCC(C2CCCCC2CC2CCC2)CC1
C1CCC(CC2CCC(C3CCCCC3)C(CCCC3CC3)C2)CC1
C1CCC(CCC2CCC(C3CCC(CC4CCCCC4)CC3)CC2)CC1
C1CCC(CCC2CC(C3CCC(C4CCCC(C5CCCCC5)C4)CC3)C3CCCCC23)CC1
C1CCC(CCC2CCC(CC3CCC(C4CCCCC4)CC3)CC2)CC1
C1CCC(CC2CCCC(CCC3CC(CC4CCCCC4)C4CCCCC34)C2)CC1
C1CCC(CC2CCCC(C3CCCC(CC4CCCCC4)C3)C2)CC1
C1CCC(CC2CC(CC3CCCC(CC4CCC5CCCC5C4)C3)C3CCCCC23)CC1
C1CCC(C2CCCCC2C2CCCCC2)CC1
C1CCC(CCC2CC(C3CCC4CCCCC43)CC3CCC(CC4CCCCC4)CC23)CC1
C1CCC(CC2CCCCC2C2CCCCC2)CC1
C1CCC(CCC2CCCC(C3CCCCC3)C2)CC1
C1CCC(CC2CCC(CCCCC3CCCCC3CC3CCCCC3)CC2)CC1
C1CCC(CCCC2CCC(C3CCC(CC4CCCCC4)CC3)CC2)CC1
C1CCC(C2CCCCC2C2CCCCC2)CC1
C1CCC(CCCC2CC(C3CCCCC3)C3CCC(C4CCCCC4)CC23)CC1
C1CCC(CCC2CCCCC2CC2CCCCC2)CC1
C1CCC(CC2CCC(CC3CCCC(C4CCCCC4C4CCCCC4)C3)CC2)CC1
C1CCC(CC2CC(CCC3CC3)CC(C3CCCCC3)C2)CC1
C1CCC(CC2CCCCC2C2CCC(C3CCCC(C4CCCCC4)C3)CC2)CC1
C1CCC(CCCC2CCC(CC3CCCCC3)CC2)CC1
C1CCC(CC2CCC(C3CC(CC4CC4)CCC3CC3CCCCC3)CC2)CC1
C1CCC(CCC2CCCCC2)CC1
C1CCC(CC2CCCCC2C2CCC3C(CC4CCCCC4)CCCC3C2)CC1
C1CCC(CC2CCCCC2CCC2CCC(C(CC3CCCC3)C3CCCCC3)CC2)CC1
C1CCC(CC2CCCC(C3CCCCC3)C2)CC1
C1CCC(CCC2CCCC(C3CC4CCCC(C5CCCCC5)C4C3)C2)CC1
C1CCC(CC2CCC(CC3CC4CCC(C5CCCCC5)C4C3)CC2)CC1
C1CCC(CCC2CCCC(CCC3CCCCC3)C2C2CCC3CCCCC32)CC1
C1CCC(CCCC2CCC(CC3CCC(CC4CCCCC4)CC3)CC2)CC1
C1CCC(CCC2CCC(CCCC3CC(C4CCCCC4)CC(C4CCCC4)C3)CC2)CC1
C1CCC(CCCCC2CCCC(CCC3CCCCC3)C2)CC1
C1CCC(CCC2CCCC(C3CCCCC3)C2)CC1
C1CCC(CC2CCC(CC3CCC(CC4CCCC4C4CCCCC4)CC3)CC2)CC1
C1CCC(CC2CCCC(C3CCC(CCC4CCCC4CC4CCCCC4)CC3)C2)CC1
C1CCC(CC2CCCC(C3CCCC(CCC4CCCC(C5CCCCC5)C4)C3)C2)CC1
C1CCC(CCC2CCCC(C3CCC(C4CCCCC4C4CCCC4)CC3)C2)CC1
C1CCC(CCCC2CCCC(C3CCC(CC4CCC5CCCC5C4)CC3)C2)CC1
C1CCC(CCC2CCC(CC3CCCCC3)CC2)CC1
C1CCC(CCCCC2CCC(CC3CCC(CC4CCC(C5CC5)CC4)CC3)CC2)CC1
C1CCC(CC2CCCC(C3CCCC(C4CCCCC4)C3)C2)CC1
C1CCC(C2CCCCC2C2CCCC(CC3CCCC3)C2)CC1
C1CCC(C2CCCC(CC3CC(C4CCCC(C5CCCCC5)C4)CCC3C3CCCCC3)C2)CC1
C1CCC(C2CCCCC2C2CCCC(C(C3CCCCC3)C3CCCC3)C2)CC1
C1CC(C2CCC(CC3CCC(CC4CCC(CC5CCC6CCCCC65)CC4)CC3)CC2)C1
C1CCC(CC2CCC(CC3CCC(C4CCCC(C5CCCCC5)C4)CC3)CC2)CC1
C1CCC(CCCCC2CCCCC2C2CCCCC2C2CCCC2)CC1
C1CCC(CCCCCC2CCCCC2CC2CCCCC2)CC1
C1CCC(CC2CCCC(C3CCCC(C4CCCCC4)C3)C2)CC1
C1CCC(CC2CCC3C(C4CCCC(C5CCCCC5)C4)CC(C4CCCCC4)C3C2)CC1
C1CCC(CCC2CC(C3CCCCC3)CC(C3CCCC3)C2)CC1
C1CCC(CC2CCCC(CC3CCCCC3)C2)CC1
C1CCC(CC2CCCC(C3CC(CC4CCCCC4)C4CCCCC43)C2)CC1
C1CCC(CCCCC2CCC(CC3CC(CCC4CCCCC4)C4CCCCC34)CC2)CC1
C1CCC(C2CCCCC2C2CCCCC2)CC1
C1CCC(CC2CCCC(CC3CCCCC3C3CCCCC3)C2)CC1
C1CCC(CC2CCC(C3CCCCC3)C(C3CCCCC3)C2)CC1
C1CCC(CC2CCCCC2C2CCCCC2)CC1
C1CCC(CC2CCC(C3CC(CC4CC4)CC(C4CCCCC4)C3)CC2)CC1
C1CCC(CC2CCCCC2C2CCCCC2)CC1
C1CCC(CC2CCCCC2)CC1
C1CCC(CC2CCCC(C3CCCC(C4CCCCC4)C3)C2)CC1
C1CCC(CCC2CCCCC2C2CCC(CC3CCC(C4CCCCC4)CC3)CC2)CC1
C1CCC(CC2CCCC(C3C(C4CCCCC4)CCCC3C3CCCC3)C2)CC1
C1CCC(C2CCC(C3CCC(CCC4CCCC4)CC3C3CCCC3)CC2)CC1
C1CCC(C2CCC(C3CCC(CC4CCC(C5CCCC5)CC4)CC3)CC2)CC1
C1CCC(CCC2CCC(C3CCC4CC(C5CCCCC5)CCC43)CC2)CC1
C1CCC(C2CCC(C3CCCCC3)C(C3CCC4CCCC4C3)C2)CC1
C1CCC(C2CCCCC2)CC1
C1CCC(CCCCC2CCC(CC3CCC(CC4CCCCC4)CC3)CC2)CC1
C1CCC(CC2CCC(C3CCCCC3)CC2)CC1
C1CCC(CC2CC3CCC(C4CCCCC4)CC3C(C3CCCCC3)C2)CC1
C1CCC(CC2CCC(C3CCCC(C4CCCC(C5CCCCC5)C4)C3)CC2)CC1
C1CCC(CCCC2CCC(CC3CCC(C4CCC(C5CCCCC5)CC4)CC3)CC2)CC1
C1CCC(CCC2CCC(CC3CCCCC3)CC2)CC1
C1CCC(CC2CCCC(C3CCCCC3)C2)CC1
C1CCC(C2CCCC2C2CCCCC2CC2CCCCC2C2CCC3CCCCC3C2)CC1
C1CCC(CC2CCC(CC3CCCCC3CC3CCCCC3)CC2)CC1
C1CCCCC1
C1CCC(C2CC(CC3CC4CCCCC4C3)C(C3CC(C4CCCCC4)C4CCCCC43)C2)CC1
C1CCC(C2CCC3CC(CCC4CCC5CCCCC54)CC(C4CCCCC4)C3C2)CC1
C1CCC(CC2CCC(CC3CCC(C4CCCC(C5CCCCC5)C4)CC3)CC2)CC1
C1CCC(CCC2CCC(C3CCCC(C4CCCC4)C3)CC2)CC1
C1CCC(C2CCCC(CCC3CCCC(CC4CCC5CCCCC5C4)C3)C2)CC1
C1CCC(CC2CCC(CCC3CCC(C4CCCCC4)CC3)CC2)CC1
C1CCC(CC2CCC(C3CCCCC3)CC2)CC1
C1CCC(CCC2CCCC(C3CCC(CC4CCC4)CC3)C2)CC1
C1CCC(CC2CCCCC2C2CCC(C3CCCCC3)CC2)CC1
C1CCC(CC2CCC(CCC3CCCC(CC4CCCCC4)C3)CC2)CC1
C1CCC(C2CCCC(C3CCCC(CC4CC4)C3)C2)CC1
C1CCC(CCCC2C3CCC3CC2C2CCC3CC(C4CCC5CCCCC54)CC(C4CCCCC4)C3C2)CC1
C1CCC(CC2CCC(CC(C3CCCCC3)C3CCCC3)CC2)CC1
C1CCC(C2CCCC3CC(C4CC(C5CCC(C6CCCC6)CC5)C5CCCCC45)CCC32)CC1
C1CCC(C2CC3CCC(CCC4CCC(C5CCC5)CC4)CC3C(C3CCCCC3)C2)CC1
C1CCC(CC2CCC(C3CCCC(C4CCCCC4)C3)CC2)CC1
C1CCC(CC2CC(C3CCCCC3)C3CC(C4CCCCC4)CCC23)CC1
C1CCC(CCC2CCC(CC3CCCCC3)CC2)CC1
C1CCC(CCCC2CCC(CC3CCC(C4CCCCC4)CC3)CC2)CC1
C1CCC(CCC2CCC(C3CCCC(CCC4CCCCC4)C3)CC2)CC1
C1CC2CCC(CC3CC(C4CCC(CC5CC6CCCCC6C5)CC4)C4CCCCC34)CC2C1
C1CCC(C2CCC(C3CCC(C4CCC(CC5CCC(C6CCCC6)CC5)CC4)CC3)CC2)CC1
C1CCC(C2CCCC(CC3CCCC(C4CCCCC4)C3)C2)CC1
C1CCC(CC2CCCCC2C2CCCCC2)CC1
C1CCC(C2CCCC(C3CCCCC3)C2C2CCCCC2)CC1
C1CCC(CC2CCC3CC(C4CC(C5CCCCC5)CCC4C4CCC5CCCC5C4)CCC23)CC1
C1CCC(CC2CCC(CC3CCCCC3)CC2)CC1
C1CCC(CCC2CCC(CC3CCCCC3)C(C3CCCCC3)C2)CC1
C1CCC(CCC2CCC(CC3CCCCC3)CC2)CC1
C1CCC(CC2CCCCC2CC2CCC(CC3CCC(C4CCCC4)CC3)CC2)CC1
C1CCC(CC2CCC(CCCCC3CCCC(CC4CC5CCCCC5C4)C3)CC2)CC1
C1CCC(CC2CC(CC3CCCCC3)C3CCCCC23)CC1
C1CCC(C2CCC(CCC3CCCCC3C3CCC4CCCC4C3)CC2)C1
C1CCC(CC2CCCC(C3CCC(C4CCC(CC5CC5)CC4)CC3)C2)CC1
C1CCC(CC2CCCCC2C2CCC(CC3CCC4CCCCC43)CC2)CC1
C1CCC(C2CCC(C3CCC3)CC2)CC1
C1CCC(CC2CC(C3CCCCC3C3CCC4CCCC4C3)C3CCCCC23)CC1
C1CCC(CCC2CCC(CC3CCCCC3)CC2C2CCCC2)CC1
C1CCC(CCC2CCCC(C3CCCCC3)C2)CC1
C1CCC(CCC2CCC(CC3CCCCC3)CC2)CC1
C1CCC(CCCC2CCCCC2CCC2CCC(C3CC3)CC2)CC1
C1CCC(C2CCC(CCC3CCC(CCC4CCCCC4C4CCC5CCCCC54)CC3)CC2)CC1
C1CCC(CC2CCC3CC(C4CCCCC4)CCC23)CC1
C1CCC(CCCCCC2CC(C3CCCCC3)CC(C3CCCCC3)C2)CC1
C1CCC(CC2CCCCC2C2CCCC2C2CCC(C3CCC4CCCC4C3)CC2)C1
C1CCC(C2CC(C3CCCCC3)CC(C3CCCCC3)C2)CC1
C1CCC(CC2CCC3CCC4C(C5CCCCC5)CC(CC5CCCCC5)CC4C3C2)CC1
C1CCC(CC2CCCCC2)CC1
C1CCC(CC2CC(C3CCCCC3)CC(C3CCCCC3)C2)CC1
C1CCC(CCC2CCCC(CCC3CCC4CCCCC4C3)C2)CC1
C1CCC(C2CCC(CC3CCC(C4CCCC4)CC3)CC2)CC1
C1CCC(C2CCCC(C3CCCCC3)C2)CC1
C1CCC(CCCC(CC2CCC(CC3CCCCC3)CC2)C2CCCCC2)CC1
C1CCC(C2CCCC(CCCC3CCC(C4CCCC4)CC3)C2)CC1
C1CCC(CC2CCCCC2C2CCCCC2)CC1
C1CCC(C2CCCC(CCCCC3CCCCC3C3CCCCC3)C2)CC1
C1CCC(CCC2CCC3CC(C4CCC5CCCCC54)CC(C4CCCCC4)C3C2)CC1
C1CCC(C2CCC3C(CCCC3C3CCCC(C4CCC4)C3)C2)CC1
C1CCC(C2CC(C3CCCCC3)C(C3CCCCC3)C(C3CCCCC3)C2)CC1
C1CCC(CCCCC2CCCC(CC3CCCCC3CC3CCCCC3)C2)CC1
C1CCC(CC2CCC(CC3CC4CCCCC4C3)C(C3CCCCC3)C2)CC1
C1CCC(C2CCCC(CC3CCCC(C4CCCC(C5CCC5)C4)C3)C2)CC1
C1CCC(CC2CCCC(C3CC(C4CCCCC4)CC(C4CCCCC4)C3)C2)CC1
C1CCC(C2CCC(CC3CCC(CC4CCC5CCCCC54)CC3)CC2)CC1
C1CCC(CCC2CCC(CC3CCCCC3)CC2)CC1
C1CCC(C2CCC(CC3CCCC(C4CCCCC4)C3)CC2)CC1
C1CCC(CC2CCC(C3CCCCC3)CC2CC2CCCCC2)CC1
C1CCC(CC2CCC(C3CCCCC3)CC2)CC1
C1CCC(CC2CCCCC2C2CCCCC2C2CCCC2)C1
C1CCC(CCC2CCC(CC3CCC(C4CCCCC4)CC3)CC2)CC1
C1CCC(CC2CCCCC2C2CCCCC2)CC1
C1CCC(C2CCCCC2)CC1
C1CCC(CCC2CCCC(C3CCCCC3)C2)CC1
C1CCC(C2CCCC(C3CCCC(C4CCCC(C5CC5)C4C4CCCC(C5CCCC5)C4)C3)C2)CC1
C1CCC(C2CCC(C3CCCCC3C3CCCC3)CC2)CC1
C(CCCC1CCCCC1)CCC1CCCCC1
C1CCC(CC2CCC(C3CCCCC3)CC2)CC1
C1CCC(CC2CCCCC2C2CCCC(CC3CC3)C2)CC1
C1CCC(CCC2CCC(CC3CCCCC3)CC2)CC1
C1CCC(CC2CCC(CC3CCCC(C4CCCC4)C3)CC2)CC1
C1CCC(CC2CCC(CCCC3CCCC(CC4CCCCC4)C3)CC2)CC1
C1CCC(C2CCC3CCCCC3C2)CC1
C1CCC(CC2CCC(C3CCCCC3)CC2)CC1
C1CCC(C2CCCCC2C2CCC(CC3CCC3)CC2)CC1
C1CCC(C2CCCCC2)CC1
C1CCC(C2CCC(C3CCCCC3)CC2)CC1
C1CCC(CC2CCCC(C3CCCCC3)C2)CC1
C1CCC(CCC2CCC(CC3CCCC(CC4CCCC4)C3)CC2)CC1
C1CCC(CC2CCCC(C3CCCCC3)C2)CC1
C1CCC(CC2CCC(C3CCC4CCCCC43)CC2)CC1
C1CCC(CC2CCCC(CC3CCC(C4CCCCC4)C3)C2)CC1
C1CCC(C2CCCC(C3CCCC(C4CCCCC4)C3)C2)CC1
C1CCC(CC2CCCC(C3CCCCC3CC3CCCCC3)C2)CC1
C1CCC(C2CCCC2C2CCCCC2CC2CCCCC2C2CCC3CCCCC3C2)CC1
C(CCCC1CCCCC1)CCCC1CCCC(CC2CCCC(C3CCCCC3)C2)C1
C1CCC(CC2CCCC(C3CCCCC3C3CCCCC3)C2)CC1
C1CCC(C2CCCC(CC3CC(C4CCCCC4)C4CCCCC34)C2)CC1
C1CCC(C2CCC(CCC3CCC(CCC4CCC(CCC5CCCC5)CC4)CC3)CC2)CC1
C1CCC(CC2CCCC(C3CCCC3)C2)CC1
C1CCC(C2CCC(C3CCCC(C4CCCCC4)C3)CC2)CC1
C1CCC(CCC2CCC(CCC3CCCC(C4CCCCC4)C3)CC2)CC1
C1CCC(CC2CCCC(C3CCCC(C4CCCCC4)C3)C2)CC1
C1CCC(CC2CCC3C(C4CC5CCCCC5C4)CC(C4CCC5CCCCC5C4)C3C2)CC1
C1CCC(CC2CCC(C3CCC(C4CCCCC4)CC3)CC2)CC1
C1CCC(CC2CCCC(C3CCCCC3)C2)CC1
C1CCC(C2CCC(C3CCC(CC4CC5CCCCC5C4)CC3)CC2)CC1
C1CCC(CC2CCCCC2C2CCC3C(CC4CCCCC4)CCCC3C2)CC1
C1CCC(CC2CCC(C3CCC(CC4CCCC(C5CCCC5)C4)C(C4CCCC4)C3)C2)CC1
C1CCC(CC2CCCCC2)CC1
C1CCC(CC2CCCCC2C2CCC(C3CCCC(C4CCCC4)C3)CC2)CC1
C1CCC(C2CC(C3CCC4CCCCC4C3)C3CCCCC23)CC1
C1CCC(C2CCCC(C3CCC(C4CCCC(C5CCCC5)C4)CC3)C2)C1
C1CCC(CCC2CCC(CC3CCC(C4CCCCC4)CC3C3CCCCC3)CC2)CC1
C1CCC(CC2CCC(C3CCCCC3)C(C3CCCCC3)C2)CC1
C1CCC(CCC2CCC(CC3CCCCC3)CC2)CC1
C1CCC(C2CCCCC2C2CCCC2)CC1
C1CCC(C2CCCC(C3CCC(CCC4CCCC4)CC3)C2)CC1
C1CCC(CCC2CCC(CCC3CCCCC3C3CCCCC3)CC2)CC1
C1CCC(C2CCC(CCC3CCC(C4CCCC4)C(C4CCCC4)C3)CC2)CC1
C1CCC(CC2CCCC(C3CCC(C4CCCCC4)CC3)C2)CC1
C1CCC(CC2CCC(C3CCCCC3)CC2)CC1
C1CCC(CC2CCCC(CC3CCCC3C3CCCC(C4CCCC(CC5CCCCC5)C4)C3)C2)CC1
C1CCC(CCCC2CCC(C3CCCCC3)C2C2CCCCC2)CC1
C1CCC(CCC2CCCC(C3CCCCC3)C2)CC1
C1CCC(C2CCCC(C3CCCCC3)C2)CC1
C1CCC(CC2CCC(C3CCC4CCCCC4C3)CC2)CC1
C1CCC(CCCC2CCCC(C3CCCCC3)C2)CC1
C1CCC(CCC2CCC(C3CCCCC3)C(C3CCCCC3)C2)CC1
C1CCC(C2CCCC(CC3CC4CCCCC4C3)C2)CC1
C1CCC(C2CCC(CC3CCC(C4CCC(CC5CCCC5)CC4)CC3)CC2)CC1
C1CCC(C2CCC(C3CCCCC3)CC2)CC1
C1CCC(CC2CCCCC2C2CCC(C3CCCCC3)CC2)CC1
C1CCC(CCC(C2CCCCC2)C2CCCC(CC3CCC4CCCC4C3)C2)CC1
C1CCC(C2CCC(C3CCCC(C4CCCCC4)C3)CC2)CC1
C1CC2CCC(C3CCCC(C4CC5CCCCC5C4)C3)CC2C1
C1CCC2CC(C3CC(C4CCC4)CCC3C3CCCC3)CCC2C1
C1CCC(CC2CC(C3CCC(CC4CCC(CCCCC5CC5)CC4)CC3)C3CCCCC23)CC1
C1CCC(CC2CCCC(C3CCCCC3C3CCC4CCCCC4C3)C2)CC1
C1CCC(CC2CCC3CCCCC32)CC1
C1CCC(C2CCCC(C3CCCC(C4CCCCC4)C3)C2)CC1
C1CCC(CCCCC2CCC(CC3CCCCC3)CC2)CC1
C1CCC(C2CCC(C(C3CCCCC3)C3CCC(C4CCCC4)CC3)CC2)CC1
C1CCC(CC2CCC(CC3CCCC(C4CCC5CCCCC54)C3)CC2)CC1
C1CCC(CCC2CCCC(C3CCCC(C4CCCCC4)C3)C2)CC1
C1CCC(CC2CCC(C3CCCCC3)CC2)CC1
C1CCC(CC2CCC(C3CCCC(CC4CC4)C3)CC2)CC1
C1CCC(CCC2CC(C3CCCCC3)C3CCCCC23)CC1
C1CCC(CCCC2CCCC(CC3CCCCC3)C2)CC1
C1CCC(C2CCC(C3CCCCC3)C(C3CCCC3)C2)CC1
C1CCC(CCCC2CCC(CCCCC3CCC(C4CCCCC4)CC3)CC2)CC1
C1CCC(CC2CCC(C3CCCC(CC4CCCCC4C4CCCC4)C3)CC2)C1
C1CCC(CCCCC2CCC(C3CCC(CC4CCCCC4)CC3)CC2)CC1
C1CCC(CC2CCCCC2C2CCCCC2)CC1
C1CCC(CC2CCC(CCC3CC4CCCCC4C(C4CCCCC4)C3)CC2)CC1
C1CCC(CCC(CC2CCCCC2)C2CCCC(C3CCCCC3)C2)CC1
C1CCC(C2CCCCC2C2CCC(C3CCCC3)CC2)CC1
C1CCC(CCCC(C2CCCCC2)C2CCCCC2)CC1
C1CCC(CCC2CCC(C3CCC(C4CCCCC4C4CCCCC4)CC3)CC2)CC1
C1CCC(CC2CCC(CC3CCC(C4CCCCC4)CC3)CC2)CC1
C1CCC(CC2CCC(C3CCCC(C4CCC(CC5CCCC5)CC4)C3)C2)CC1
C(CCCC1CCC(CC2CCC(CC3CCCCC3)CC2)CC1)CCC1CCCCC1
C1CCC(CC2CCC(CC3CC4CCC(C5CCCCC5C5CCCC5)C4C3)CC2)CC1
C1CCC(CC2CCC3CC(CC4CCC5C(CCC5C5CCCCC5)C4)CCC3C2)CC1
C1CCC(CCC2CCCCC2)CC1
C1CCC(CCCCC2CCC3CCCC(C4CCCCC4)C3C2)CC1
C1CCC(CCCCCC2CCC(C3CCCC3)C(C3CCCCC3)C2)CC1
C1CCC(CCCCCC2CCC(C3CCCC(C4CCC4)C3)CC2)CC1
C(CC1CCC(CC2CCC3CCCCC3C2)CC1)CC1CCC(C2CCCC(C3CC3)C2)CC1
C1CCC(C2CCCCC2C2CCCCC2)CC1
C1CCC(C2CCC(C3CCCCC3C3CCCC3)C(C3CCCCC3)C2)CC1
C1CCC(C2CCCCC2)CC1
C1CCC(CCCC2CCC(CC3CCCCC3)C(C3CCCCC3)C2)CC1
C1CCC(C2CCC(CCC3CCC(CCCC4CCCC(C5CCC5)C4)CC3)CC2)CC1
C1CCC(CC2CCCCC2)CC1
C1CCC(CCC2CCCC(C3CC(C4CCCCC4)C4CCCCC34)C2)CC1
C1CCC(CCC2CCC(CCC3CCCCC3)C(C3CCCC3)C2)CC1
C1CCC(CC2CC(C3CCCCC3)CC(C3CCCCC3)C2)CC1
C1CCC(CC(C2CCCCC2)C2CCCC(C3CCC(C4CCCCC4)CC3)C2)CC1
C1CCC(CCCCCC2CCCC3CCCCC23)CC1
C1CCC(CCC2CCC(CC3CCC(CC4CCCC(CC5CCCCC5)C4)CC3)CC2)CC1
C1CCC(C2CCCCC2C2CCCCC2)CC1
C1CCC(CC2CCC(C3CCCCC3)CC2C2CCCC(C3CCCCC3)C2)CC1
C1CCC(C2CCCC(C3CCCCC3)C2)CC1
C1CCC(C2CC(C3CCCC(C4CCCC4)C3)CCC2C2CCCC(C3CCCC3)C2)CC1
C1CCC(C2CCCC(C3CCCC3)C2)CC1
C1CCC(CCC2CCC(CCC3CCCC(C4CCCCC4)C3)CC2)CC1
C1CCC(CC2CCC(C3CCC(CC4CC4)CC3)CC2)CC1
C1CCC(CC2CCC(C3CC(C4CCCC(CC5CCCCC5)C4)C4CCCCC34)CC2)CC1
C1CCC(C2CCC(C3CCC(C4CCC5CCCC5C4)CC3)CC2)CC1
C1CCC(C2CC(C3CCC4C(CCCC4C4CCCC4)C3)C3CCCCC23)CC1
C1CCC(CC2CCC(C3CCCCC3C3CCCCC3)CC2)CC1
C1CCC(C2CCCC(C3CCCCC3C3CCC(C4CCCC4)CC3)C2)CC1
C1CCC(CCC2CC(C3CCCCC3)CCC2C2CCCCC2)CC1
C1CCC(CC2CCCC(C3CCCCC3)C2)CC1
C1CCC(CC2CCCCC2CCCC2CCCC(C3CCCCC3)C2)CC1
C1CCC(CCCC2CCC(CCC3CCCCC3)CC2)CC1
C1CCC(C2CCC3CC(C4CCC(CC5CCC6CCCCC6C5)CC4)CCC3C2)CC1
C1CC(C2CCC(C3CCC(C4CCCCC4C4CC4)CC3)CC2)C1
C1CCC(C2CCC(CCC3CCC(C4CCCCC4C4CCCCC4)CC3)CC2)CC1
C1CCC(CC2CCC(CC3CCC(CCC4CC(CC5CCCCC5)C5CCCCC45)CC3)CC2)CC1
C1CCC(CCC2CCCC(C3CCCCC3C3CCCC3)C2CCC2CCCCC2)CC1
C1CCC(CCC2CCC(CC3CCCCC3)CC2)CC1
C1CCC(C2CCCC(C3CCCC(C4CCC(C5CCCC5)CC4)C3)C2)CC1
C1CCC(CC2CCC(CC3CCC(C4CCCCC4)CC3)CC2)CC1
C(CCCC1CCCCC1)CCCC1CCC(CCC2CCCCC2)CC1
C(CCCC1CC(CC2CCCCC2)CCC1CC1CC2CCCCC2C1)CCC1CCCCC1
C1CCC(C2CCC(C3CCCCC3CC3CC4CCCCC4C3)CC2)CC1
C1CCC(C2CC(C3CCCC3)CCC2C2CCC3CCCC3C2)CC1
C1CCC(CC2CCCC(C3CCCC(C4CCCCC4)C3)C2)CC1
C1CCC(CC2CCC(C3CCC(C4CCCCC4)CC3)CC2)CC1
C1CCC(CC2CCC(C3CCCC(CCC4CC5CCCCC5C4)C3)CC2)CC1
C1CCC(CC2CCCC(CC3CCCCC3)C2)CC1
C1CCC(C2CCCC(CCC3CCCC(CC4CCCC4)C3)C2)CC1
C1CCC(C2CCCC(C3CCCCC3C3CCCCC3)C2)CC1
C1CCC(CC2CCC(C3CC4CCCCC4C3)CC2)CC1
C1CCC(CC2CCC(C3CCCC(C4CCC5CCCCC54)C3)CC2)CC1
C1CCC(C2CCC(C3CCCCC3)C(C3CCCC3)C2)CC1
C1CCC(CC2CCCC(C3CCCC(C4CCCCC4)C3)C2)CC1
C1CCC(CCCC2CCC(CC3CCCCC3)CC2)CC1
C1CCC(CCC2CCC(CC3CCCCC3C3CCCCC3)CC2C2CCCC2)CC1
C1CCC(C2CCCC(CCC3CCC(CC4CC5CCCCC5C4)CC3)C2)CC1
C1CCC(CCC2CC(CC3CC3)CC(C3CCCCC3)C2)CC1
C1CCC(C2CCC(C3CCCCC3C3CCCCC3)CC2)CC1
C1CCC(CC2CC(CC3CCC(C4CCCC(CC5CC6CCCCC6C5)C4)CC3)C3CCCCC23)CC1
C1CCC(CC2CC(C3CCCCC3C3CCCCC3)C3CCCCC23)CC1
C1CCC(C2CCCCC2C2CCC3CC(CC4CC5CCCCC5C4)CCC32)CC1
C1CCC(CCC2CCCC(CCC3CCCCC3)C2)CC1
C1CCC(C2CC(C3CCC4CCCCC43)CC3CCCCC32)CC1
C1CCC(CCCC2CCCC(C3CCC(CC4CCC(CC5CCCC(C6CCC6)C5)CC4)CC3)C2)CC1
C1CCC(CC2CCCCC2C2CCC(C3CCC4CCCC4C3)CC2)CC1
C1CCC(C2CCC(C3CCCC3)CC2C2CCCCC2)CC1
C1CCC(CCCC2CCC(CC3CCC(CC4CCCCC4)CC3)CC2)CC1
C1CCC(C2CC(CC3CCC(C4CCCC4)CC3)C3CCCCC32)CC1
C1CCC(C2CCCCC2C2CCC(C3CCCCC3C3CCCC3)CC2)CC1
C1CCC(CC2CCC(CC3CCC(CC4CC4)CC3)CC2)CC1
C1CCC(CCCCC2CCC(CCC3CC4CCCCC4C3)CC2)CC1
C1CCC(CC2CCC(C3CCC4C(CCCC4C4CCCCC4)C3)CC2)CC1
C1CCC(CCC2CCCC(C3CCCC(CC4CCCCC4)C3)C2)CC1
C1CCC(C2CCCC(C3CC(C4CCC4)CC(C4CC4)C3)C2)CC1
C1CCC(C2CCC(C3CCCC(C4CCCCC4)C3)CC2)CC1
C1CCC(C2CCCC(CC3CC(CC4CCCC(C5CCCC5)C4)C4CCCCC34)C2)CC1
C1CCC(CC2CCCCC2C2CCC(C3CCCCC3)CC2C2CCC3CCCC3C2)CC1
C1CCC(CCCC2CCCCC2CC2CCCCC2)CC1
C1CCC(C2CCC(CCC3CCCC(C4CCCCC4C4CCCC4)C3)CC2)CC1
C1CCC(C2CC3CCCCC3C(C3CCCCC3)C2)CC1
C1CCC(CCCCCC2CCC(C3CCC(C4CCC(CC5CCCC5)CC4)CC3)CC2)CC1
C1CCC(CCC2CCCC(C3CCCC(C4CCCCC4)C3)C2)CC1
C1CCC(C2CCC(CC3CCCCC3C3CCC4CCCC4C3)CC2)CC1
C1CCC(CC2CCC(C3CCCC(C4CCC(CCC5CC6CCCCC6C5)CC4)C3)CC2)CC1
C1CCC(C2CCC3CCCCC3C2)CC1
C1CCC(C2CCCC(CC3CCC(CCCC4CCCC4)CC3)C2)CC1
C1CCC(CC2CCCC(C3CCCC(CC4CCCCC4)C3)C2)CC1
C1CCC(C2CCCCC2C2CCC3C(CCCC3C3CCCCC3)C2)CC1
C1CCC(CC2CCC(C3CCCCC3)CC2)CC1
C1CCC(CCC2CCCC(C3CCCC(C4CCCCC4)C3)C2)CC1
C1CCC(CCCC2CCC(CC3CCCCC3)CC2)CC1
C1CCC(CCC2CCC(C3CCCCC3)C(C3CCCCC3)C2)CC1
C1CCC(C2CCC(C3CCCCC3)CC2)CC1
C1CCC(C2CCC(CC3CCC(CC4CCC(C5CC6CCCCC6C5)CC4)CC3)CC2)CC1
C(CCC1CC1)CCC1CCC(CC2CCC(CC3CCCCC3C3CCCC3)CC2)CC1
C1CCC(CCC2CCCC(CC3CCC(CC4CCCCC4CC4CCCCC4)CC3)C2)CC1
C1CCC(CCC2CCCCC2C2CCCCC2C2CCC3CCCCC3C2)CC1
C1CCC(C2CC(CC3CC3)CC(C3CCCCC3)C2)CC1
C1CC2CCC(CCC3CCC(C4CCCC(C5CCC6CCCC6C5)C4)CC3)CC2C1
C1CCC(CC2CCC(CC3CCCC(CC4CCC5CCCCC54)C3)CC2)CC1
C1CCC(CC2CCCC(C3CCCCC3)C2)CC1
C1CCC(CC2CCC(CC3CCCCC3)CC2)CC1
C1CCC(C2CCCCC2)CC1
C1CCC(C2CCCC(CCC3CCCC(CC4CCCC4)C3)C2)CC1
C1CCC(CCCC2CC3CCC(C4CCCCC4)CC3C(CC3CCCCC3)C2)CC1
C1CCC(C2CCC(CC3CC(C4CCCC4)C4CCCCC34)CC2)CC1
C1CCC(CCC2CCC(C3CCCC3)CC2)CC1
C1CCC(CCCCC2CCCC(CC3CCC(CC4CCCCC4)CC3)C2)CC1
C1CCC(CCC2CCC(C3CCCCC3)CC2)CC1
C1CCC(C2CCC(C3CCC(C4CCCCC4C4CCCC(CC5CCC5)C4)CC3)CC2)CC1
C1CCC(CCCC2CCC(C3CCC(CC4CC5CCCCC5C4)CC3)CC2)CC1
C1CCC(CCC2CCCCC2CCC2CC(CCC3CCCCC3)C3CCCCC23)CC1
C1CCC(CC2CCCCC2)CC1
C1CCC(CC2CCCC(C3CCC(CCCC4CCCC(C5CCCCC5)C4)CC3)C2)CC1
C1CCC(CC2CCC(C(CC3CCCCC3)C3CCCCC3)CC2)CC1
C1CCC(CCC2CCC(CC3CCCC(CC4CCCCC4)C3)CC2)CC1
C1CCC(CC2CCC(C3CCCC(C4CCCC4)C3)CC2)CC1
C1CCC(CC2CCC(CC3CCCCC3)CC2)CC1
C1CCC(CCCC2CCC(C3CCCC(CCC4CCCCC4)C3)CC2)CC1
C1CCC(C2CCCCC2CCC2CCC3CCCC3C2)CC1
C1CCC(C2CCCCC2)CC1
C1CCC(CCC2CCC(CC3CCC(C4CCCCC4)CC3)CC2)CC1
C1CCC(C(CC2CCC3CCCCC3C2)C2CCCCC2CC2CCC3CCCCC3C2)CC1
C1CCC(CCC2CCC3CC(C4CCCCC4)CCC23)CC1
C1CCC(C2CC(C3CCCCC3)CC(C3CCCC3)C2)CC1
C1CCC(C2CCC(C3CCC(CC4CC5CCCCC5C4)CC3)CC2)CC1
C1CCC(CC(CC2CC2)CC2CCC3C(CCC3C3CCCC3)C2)C1
C1CCC(CC2CCC(C3CCCC(C4CCCCC4)C3)C(CC3CCCCC3)C2)CC1
C(CCC1CCC(C2CCCCC2)CC1)CCC1CCCC(C2CCCCC2)C1
C1CCC2CC(CCC3CCCC4CC(C5CCCCC5CC5CCCCC5C5CCCC5)CCC34)CC2C1
C1CCC(C2CCC(C3CCCC(C4CCC5CCCC5C4)C3)CC2)CC1
C1CCC(CC2CCC(C3CCC(CC4CC4)CC3)CC2)CC1
C1CCC(CC2CCCC(C3CCC(C4CCCCC4)CC3)C2)CC1
C1CCC(CC2CCCCC2C2CCCC(CCC3CC3)C2)CC1
C1CCC(C2CCC(C3CCCC4CCCCC43)CC2)CC1
C1CCC(CC2CCC(C3CCCCC3C3CCCCC3)CC2)CC1
C1CCC(C2CCCC3CCC(CC4CCCCC4C4CCCC4)CC32)CC1
C1CCC(CC2CCCCC2)CC1
C1CCC(C2CCCC(C3CC(CC4CCC(CC5CCCC5)CC4)CC(C4CCCCC4)C3)C2)CC1
C1CCC(CC2CCC(C3CCC(C4CCCCC4)CC3)CC2)CC1
C1CCC(CC2CCC(C3CCCC(CC4CCC5C(CCC5C5CCCCC5)C4)C3)CC2)CC1
C1CCC(C2CC(C3CCC(CC4CCCC4)CC3)C3CCCCC23)CC1
C1CCC(CC2CCC(C3CCCCC3C3CCCCC3)C(C3CCCCC3)C2)CC1
C1CCC(CC2CCC(C3CCCCC3)CC2)CC1
C1CCC(C2CC3CCCC(CCCC4CC5CCCCC5C4)C3C2)CC1
C1CCC(CCC2CC(CC3CCCCC3)C3CCC(CC4CCCCC4)CC23)CC1
C1CCC(C2CCCC(CC3CCC(CC4CC5CCCCC5C4)CC3)C2)CC1
C1CCC(C2CCCCC2C2CCCCC2C2CC2)CC1
C1CCC(C2CCC(CCC3CCCC(C4CCCCC4)C3)CC2)CC1
C1CCC(C2CCCC(CCC3CC(C4CCCCC4)C4CCCCC34)C2)CC1
C1CCC(CC2CC(CC3CCC4CCCCC43)CC(C3CCCCC3)C2)CC1
C1CCC(C2CCC(C3CCC(CCCC4CCC(CC5CC6CCCCC6C5)CC4)C3)CC2)CC1
C1CCC(C2CCCC(CC3CCC(C4CCCCC4C4CCC5CCCC5C4)CC3)C2)CC1
C1CCC(CC2CCC(C3CCCC(CC4CCCCC4)C3)CC2)CC1
C1CCC(C2CCCC(C3CCCCC3C3CCCCC3)C2)CC1
C1CCC(CCCC2CCC(C3CCCC(CCCC4CCCCC4)C3)CC2)CC1
C1CCC(CC2CCC(CC3CCC(C4CCCCC4)CC3)CC2)CC1
C1CCC(CC2CCCCC2)CC1
C1CCC(CCCC2CCCCC2C2CCCC2)CC1
C1CCC(CCCCC2CCC(CC3CCCCC3)CC2)CC1
C1CCC(CC2CCCC(C3CCCCC3)C2)CC1
C1CCC(C2CCCCC2)CC1
C1CCC(CC2CCC(C3CCCCC3)CC2)CC1
C1CCC(C(C2CCCCC2)C2CCC3CCCC3C2)CC1
C1CCC(CCCC2CCC(C3CCCCC3C3CCCCC3)CC2)CC1
C1CCC(C2CCCC3CC(C4CCCCC4C4CCC(C5CC5)CC4)CCC32)CC1
C1CCC(CC2CCCC(C3CCC(C4CCCCC4)C3)C2)CC1
C1CCC(CCCC2CCC(C3CCCC3C3CC(CC4CCCC4)C4CCCCC43)CC2)CC1
C1CCC(CCCCCC2CCC(CCCC3CC4CCCCC4C3)CC2)CC1
C1CCC(C2CCC(C3CCC4CCCC4C3)C(C3CCC4C(CCC4C4CCCCC4)C3)C2)CC1
C1CCC(CCC2CCC(C3CCCCC3)CC2)CC1
C1CCC(C2CCCC(C3CCCCC3)C2)CC1
C1CCC(CC2CCC(C3CCCCC3)CC2)CC1
C1CCC(C2CCCCC2CC2CCCCC2C2CCCCC2)CC1
C1CCC(CC2CCCCC2C2CCC(C3CCC(C4CCCC4)CC3)CC2)CC1
C1CCC(CC2CCCCC2CCC2CCC(CCC3CCCC(C4CCCCC4)C3)CC2C2CCCCC2)CC1
C1CCC(C2CCCC(C3CCCC(CC4CCC5CCCCC5C4)C3)C2)CC1
C1CCC(CCC2CCC(CC3CCC(CC4CC5CCCCC5C4)CC3)CC2)CC1
C1CCC(CCC2CCCC(C3CCCCC3)C2)CC1
C1CCC(C2CCC3C(CCCC3C3CCCCC3)C2)CC1
C1CCC(CC2CCCC(CCC3CCC(C4CCCCC4)CC3)C2)CC1
C1CCC(CC2CCC(C3CCCCC3)C(CC3CCCCC3)C2)CC1
C1CCC(C2CCCCC2C2CCCCC2)CC1
C1CCC(CCC2CCC(CC3CCCCC3)CC2)CC1
C1CCC(CC2CCC(CC3CCC(C4CCC(C5CCCCC5)CC4)CC3)CC2)CC1
C1CCC(CCC2CCCCC2C2CCC(C3CCCCC3)CC2)CC1
C1CCC(CCC2CCC(C3CCCCC3)C(CC3CCC(C4CCCCC4)C3)C2)CC1
C1CCC(CCC2CCC(C3CCC(C4CCCCC4)CC3)CC2)CC1
C1CCC(C2CCC(C3CC(C4CCCC(C5CCCCC5)C4)C4CCCCC34)CC2)CC1
C1CCC(CC2CCCCC2C2CCC3CCCC3C2)CC1
C1CCC(C2CCCC(C3CCCCC3)C2)CC1
C1CCC(CC2CCC(CC3CCC(CCCCC4CC4)CC3)CC2)CC1
C1CCC(CC2CCC(C3CCC(C4CCCC5CCCCC54)CC3)CC2)CC1
C1CCC(CC2CCCC(C3CCCCC3C3CCCC(C4CCCCC4)C3)C2)CC1
C1CCC(CC2CCC(CC3CCC(CC4CCCCC4)CC3)CC2)CC1
C1CCC(C2CCC(CC3CCC(CC4CCC5CCCCC5C4)CC3)CC2)CC1
C1CCC(CCC2CCC(C3CCCCC3)CC2)CC1
C1CCC(CCCC2CCCC(C3CCC(C4CC(CC5CCCCC5)C5CCCCC54)CC3)C2)CC1
C1CCC(C2CCCCC2CCCCCC2CC3CCCCC3C2)CC1
C1CCC(CC2CCC(CC3CCCC(C4CCCCC4)C3)CC2)CC1
C1CCC(C2CCCC(C(C3CCCCC3)C3CCCCC3C3CCCCC3)C2)CC1
C1CCC(C2CCCC(C3CCCC(C4CCCCC4)C3)C2)CC1
C(CC1CCC(CCC2CCC(C3CCCC3)CC2)CC1)CC1CC2CCCCC2C1
C1CCC(C2CCC(CC3CCC(C4CCCCC4)CC3)CC2)CC1
C1CCC(CC2CCCC(C3CCC(C4CCCCC4)CC3)C2)CC1
C1CCC(CC2CCCC(C3CCCCC3)C2)CC1
C1CCC(CC2CCC(C3CCCC(C4CCC(C5CCCC5)CC4)C3)CC2)CC1
C1CCC(CCC2CCC3C(CCC3C3CCCC(C4CCCCC4)C3)C2)CC1
C1CCC(C2CCC(C3CC(C4CCCCC4)CCC3CCC3CCCC3)CC2)CC1
C1CCC(C2CCCC(C3CCC(CCC4CC4)CC3)C2)CC1
C1CCC(C2CCC(C3CCC(C4CCCCC4)CC3)CC2)CC1
C1CCC(CCC2CCCC(CC3CCCCC3)C2)CC1
C1CCC(CC2CCCCC2CCCC2CCC(C3CCCCC3)CC2)CC1
C1CCC(CC2CCC(C3CCCC(C4CCCCC4)C3)CC2)CC1
C1CCC(CC2CCCC(C3CCCCC3)C2)CC1
C1CCC(C2CCC3CC(C4CCC5CCCCC54)CC(C4CCCCC4)C3C2)CC1
C1CCC(C2CCC(C3CCC4CCCCC4C3)CC2)CC1
C1CCC(C2CCCC(C3CCC4CCCCC4C3)C2)C1
C1CCC(CC2CCC3CCCC(C4CCCCC4)C3C2)CC1
C1CCC(CC2CCCC(C3CCCCC3CC3CCCCC3)C2)CC1
C1CC(CC2CCC(C3CC(C4CCC5CCCCC5C4)C4CCCCC34)CC2)C1
C1CCC(CCC2CCC(C3CCCCC3CC3CCCCC3)CC2)CC1
C1CCC(CCCC2CCC(C3CCCCC3)CC2)CC1
C1CCC(CC2CCC(C3CCCCC3)C(CC3CCCCC3)C2)CC1
C1CCC(CC2CCC(CCC3CC4CCCCC4C3)CC2)CC1
C1CCC(CCC2CCC(C3CCCCC3)CC2C2CCCCC2)CC1
C1CCC(CCCC2CCC(C3CC(CC4CCCCC4)CC4CCCCC43)CC2)CC1
C1CCC2CC(C3CCCCC3C3CCC(C4CCCC4)CC3C3CCCC3)CCC2C1
C1CCC(C2CCC(CCC3CCC(C4CC5CCCCC5C4)CC3)CC2)C1
C1CCC(CCC2CCC(C3CCC(CC4CCC(C5CCCCC5)CC4)CC3)CC2)CC1
C1CCC(CCC2CCC(CC3CCCC(C4CCCCC4)C3)CC2)CC1
C1CCC(CCC2CCCC(C3CCCC(C4CCC(CC5CCCCC5)CC4)C3)C2)CC1
C1CCC(C2CCC(C3CCCC(C4CCC5CCCCC54)C3)CC2)CC1
C1CCC(C2CCC(C3CCCCC3C3CCC4CCCCC4C3)CC2)CC1
C1CCC(CCC2CCCC(CC3CCCC(C4CC4)C3)C2)CC1
C1CCC(CCC2CCC(CCCC3CC3)CC2)CC1
C1CCC(C2CCC(CC3CCC(C4CCCCC4)CC3)CC2)CC1
C1CCC2CC(CCC3CCC(C4CCC(CCC5CCC(C6CCC7CCCCC76)CC5)CC4)CC3)CC2C1
C1CCC(CC2CC(C3CCC(C4CCCCC4)CC3)C3CCCCC23)CC1
C1CCC(C2CCCC(CC3CCC(CCC4CC5CCCCC5C4)CC3)C2)CC1
C1CCC(C2CCCC(C3CC(CC4CCC5CCCCC54)CC4CCCCC43)C2)CC1
C1CCC(CC2CCCC(CCC3CCCCC3C3CCCC3)C2)CC1
C1CCC(C2CCC(C3CCCC(C4CCC5CCCCC54)C3)CC2)C1
C1CCC(CC2CC(CCC3CCCCC3C3CCCC3)CCC2C2CCCCC2)CC1
C1CCC(CC2CCCCC2C2CCCCC2)CC1
C1CCC(C2CC3CCCCC3C2)CC1
C1CCC(CCC2CCC(C3CCCC(C4CCCC(C5CCCCC5)C4)C3)CC2)CC1
C1CCC(CC2CCC(CCC(CC3CCC(CC4CCCCC4)CC3)C3CC3)CC2)CC1
C1CCC(CC2CCCC(C3CCC4CCCCC43)C2)CC1
C1CCC(CCC2CCC(CCCC3CC4CCCCC4C3)C(C3CCCC3)C2)CC1
C1CCC(CCC2CCC(C3CCC(CCC4CC5CCCCC5C4)CC3)CC2)CC1
C1CCC(CCCCC2CCCC(C3CCCCC3C3CCCCC3)C2)CC1
C1CCC(CC2CCC(CCC3CCC(C4CCC(CCC5CC6CCCCC6C5)CC4)CC3)CC2)CC1
C1CCC(C2CCC(C3CCCCC3C3CCCCC3)C2)CC1
C1CCC(C2CCCCC2C2CCCC(C3CCCC3CC3CC4CCCCC4C3)C2)CC1
C1CCC(C2CCC(CCC3CCCCC3C3CCCC3)CC2)CC1
C1CCC(CC2CC3CCCCC3C(C3CCCCC3)C2)CC1
C1CCC(C2CCCC(C3CCC4CCCC4C3)C2)CC1
C1CCC(CC2CCC3C(C4CCCCC4)CC(C4CCC(C5CCCCC5)C(C5CCCC5)C4)C3C2)CC1
C1CCC(CCC2CCC(C(CCC3CCC(CC4CCCCC4)CC3)C3CCCCC3)CC2)CC1
C1CCC(CC2CCCC(CCCCCC3CCCC3)C2)CC1
C1CCC(CCC2CCC(C3CCCCC3)CC2)CC1
C1CCC(C2CCCCC2C2CCCCC2)CC1
C1CCC(C2CCC3C(CCCC3C3CCC(C4CCCCC4)CC3C3CCCC3)C2)CC1
C1CCC(CC2CCC(C3CCC(CCC4CCCCC4CC4CCC4)CC3)CC2)CC1
C1CCC(CC2CCCC(CC3CCC4CCCCC4C3)C2)CC1
C1CCC(CC2CCC3CC(C4CCCCC4)CC(C4CCCCC4)C3C2)CC1
C1CCC(C2CCCCC2C2CCC(C3CCC(CCCC4CCCC4)CC3)CC2)CC1
C1CCC(C2CCCC(C3CCCCC3C3CCCC3)C2)C1
C1CCC(CC2CCCC(C3CCCC4CCCCC43)C2)CC1
C1CCC(C2CCC(C3CCCC(C4CCCCC4)C3)CC2)CC1
C1CCC(CCC2CCCC(CCC3CCCCC3)C2CC2CCC(C3CCC4CCCCC4C3)CC2)CC1
C1CCC(C2CCC(C3CCCCC3C3CCCCC3)C(C3CCCC3)C2)CC1
C1CCC(CCCC2CCC(C3CCC(CC4CCCC(CC5CCC5)C4)CC3)CC2)CC1
C1CCC(CC2CCCC(C3CCCC3)C2)CC1
C1CCC(CCC2CCC(CC3CC(C4CCCCC4)C4CC(CC5CCCCC5)CCC34)CC2)CC1
C1CCC(CC2CCCC(CC3CCC(C4CCCCC4)CC3)C2)CC1
C1CCC(C2CCC3CCCC(C4CCCCC4)C3C2)CC1
C(CC1CCCC(C2CCCC(CC3CCC4CCCC4C3)C2)C1)CC1CC2CCCCC2C1
C1CCC(CCCC2CC(C3CCCC(CC4CCC(CC5CCCCC5)CC4)C3)C3CCCCC23)CC1
C1CCC(C2CCC(CC3CCC(CCCCC4CCC4)CC3)CC2)CC1
C1CCC(CC2CCC(CCCC3CCC(CC4CCCCC4)CC3)CC2)CC1
C1CCC(C2CCC(CC3CCC(C4CCC(C5CCC(C6CCCCC6)C6CCCC56)CC4)C3)CC2)CC1
C1CCC(C2CCC(CC3CC4CCCCC4C3)CC2C2CCCC2)CC1
C1CCC(C2CCC(CC3CCCC(C4CCC(C5CCCCC5)CC4)C3)CC2)CC1
C1CCC(CCCC2CCC(CC3CCCCC3)CC2)CC1
C1CCC(CC2CCC(C3CCCC(CC4CC4)C3)CC2)CC1
C1CCC(CC2CCC(C3CCC(CC4CCC(C5CCCC5)CC4)CC3C3CCC3)CC2)CC1
C1CCC(C2CCCCC2)CC1
C1CCC(CCCCC2CCC(C3CCCCC3)CC2)CC1
C1CCC(CC2CCC(CCCC3CCCC(C4CCCCC4)C3)CC2)CC1
C1CCC(C2CCCC(CCC3CC4CCCCC4C3)C2)CC1
C1CCC(C2CCC(CCC3CCC(C4CCC5C(CCCC5C5CCCCC5)C4)CC3)CC2)CC1
C1CCC(CC2CCC(C3CC(C4CCCCC4)CCC3C3CCCC3)CC2)CC1
C1CCC(CCC2CCC(CCCCC3CCCC(C4CCCCC4)C3)CC2)CC1
C1CCC(C2CCC(C3CCCCC3)CC2)CC1
C1CCC(C2CCC(C3CCCCC3)CC2)CC1
C1CCC(CCCC2CCC(CC3CCCCC3CC3CCCCC3)CC2)CC1
C1CCC(C2CCC(C3CC3CCC3CCC(C4CCCCC4)C(C4CCCC4)C3)CC2)CC1
C1CCC(CC2CCC3CC(C4CCCCC4C4CCCCC4)CCC23)CC1
C1CCC(C2CCC(C3CCC3)C(C3CCC4CCCC4C3)C2)CC1
C1CCC(CC(C2CCC(C3CCCCC3)CC2)C2CCCC(CCC3CC4CCCCC4C3)C2)CC1
C1CCC(C2CCC(CCCC3CCC(CC4CCCC(CC5CC5)C4)CC3)CC2)CC1
C1CCC(CC2CCC(C3CC(CC4CCCCC4)C4CCCCC43)CC2)CC1
C1CCC(CCCCC2CCC(CC3CCCCC3)CC2)CC1
C1CCC(C2CCC(C3CC3)CC2)CC1
C1CCC(CC2CCC(C3CCCCC3CC3CCC3)CC2)CC1
C1CCC(CCC2CCC(CC3CCCCC3)CC2)CC1
C1CCC(CC2CCCC(C3CCCCC3)C2)CC1
C1CCC(CC2CCCC3CC(C4CCCCC4C4CC4)CCC23)CC1
C1CCC(CCCC2CCC(C3CCCCC3C3CCCC3)CC2)CC1
C1CCC(CCC2CCC(CC3CCCCC3)CC2)CC1
C1CCC(CCCCCC2CCC(C3CCCCC3)C(C3CCCCC3)C2)CC1
C1CCC(CCC2CCCCC2C2CCCCC2CCC2CCCCC2)CC1
C1CCC(CC2CCC(C3CC4CCCCC4C(C4CCCCC4)C3)C2)CC1
C1CCC(CCCC2CCC(CC3CCC(C4CCCCC4)CC3)CC2)CC1
C1CCC(CC2CCC(CC3CCC4CC(CC5CCCCC5)CCC34)CC2)CC1
C1CCC(CC2CC(CCCC3CCC(C4CCCCC4)CC3)C3CCCCC23)CC1
C1CCC(CCCCC2CCCC(C3CCCCC3)C2)CC1
C1CCC(CCC2CCC(C3CCCC(C4CCCCC4)C3)CC2)CC1
C1CCC(C2CCC3CC(C4CCCC(C5CCC5)C4)CCC32)CC1
C1CCC(CCC2CCCC(C3CCCC(CCC4CCC5CCCCC54)C3)C2)CC1
C1CCC(CC2CCC(C3CCCC(C4CCCC(CC5CCCCC5)C4)C3)CC2)CC1
C1CCC(C2CCCC(C3CCC(CCCC4CC5CCCCC5C4)CC3)C2)CC1
C1CCC(C2CCC3C(CC4CC4)CC(CC4CCC(CCC5CCCC5)CC4)C3C2)CC1
C1CCC(CCC2CCC(CC3CCC(CCCCC4CC5CCCCC5C4)CC3)CC2)CC1
C1CCC(C2CCCC(C3CCCCC3)C2)CC1
C1CCC(CCCCC2CCCCC2CC2CCCCC2)CC1
C1CCC(CCC2CCCC(CC3CCC(CC4CCCCC4)CC3)C2)CC1
C1CCC(CCCCC2CCC(C3CCCCC3)CC2)CC1
C1CCC(CC2CC(C3CCCCC3)C3CC(CCCC4CCCC(C5CC5)C4)CCC23)CC1
C1CCC(C2CCCC(CC3CCCC(C4CCCC4)C3)C2)CC1
C1CCC(C2CCCC(C3CCCC(CC4CCCC4)C3)C2)CC1
C1CCC(C2CCCC(C3CCCC(C4CCCC5CCCCC54)C3)C2)CC1
C1CCC(C2CCC(CC3CCC(C4CCCCC4)CC3)CC2)CC1
C1CCC(CCC2CCC(CC3CCCCC3)CC2)CC1
C1CC(CCCC2CCC3CCCCC32)CC(CC2CCC(C3CCCC3)CC2)C1
C1CCC(CCC2CCCCC2CC2CCCCC2)CC1
C1CCC(CCC2CCCC(CCC3CCC(CC4CCCCC4)CC3)C2)CC1
C1CCC(CCC2CCCC(CCC3CCCC4CC(C5CCCCC5)CCC34)C2)CC1
C1CCC(CCC2CCCC(C3CCCCC3)C2)CC1
C1CCC(CC2CCCC(C3CC(CC4CCCC4)CC(C4CCCCC4)C3)C2)CC1
C1CCC(CCC2CCCC(CC3CCC(CC4CCCC4)CC3)C2)CC1
C1CCC(CC2CCC(C3CCCC(C4CCCCC4CC4CCCCC4)C3)CC2)CC1
C1CCC(CC2CCC(C3CCCC3)CC2C2CCCCC2)CC1
C1CCC(CC2CCC3CC(C4CCCCC4)CCC23)CC1
C1CCC(CC2CCC(CCC3CCC(C4CCCCC4)CC3)CC2)CC1
C1CC(CCC2CC2)CC(CC2CC(C3CCC4CCCCC4C3)C3CCCCC23)C1
C1CCC(CC2CCCC(C(CC3CCCCC3)C3CCC(C4CCCC4)CC3)C2)CC1
C1CCC(CCC2CCC(C3CCCC(C4CCCCC4)C3)CC2)CC1
C1CCC(CCC2CC(C3CCC4CCCC4C3)CCC2CCC(CC2CCCCC2)C2CC2)CC1
C1CCC2CC(CCC3CCCC(C4CC(CC5CC5)C5CCCCC54)C3)CC2C1
C1CCC(C2CCCCC2)CC1
C1CCC(CC2CCCCC2C2CCC(C3CCC(CC4CCC4)CC3)CC2)CC1
C1CCC(C2CCC(CCC3CCCC(C4CCCC(C5CCCCC5)C4)C3)C2)CC1
C1CCC(CC2CCC(C3CCCCC3)CC2C2CCCCC2)CC1
C1CCC(CC2CCC(CC3CCCCC3)CC2)CC1
C1CCC(CC2CCC(C3CC4CCCCC4C3)CC2)CC1
C1CCC(C2CCC3C(CCCC3C3CCCCC3)C2)CC1
C1CCC(CC2CCCC(C3CCCC(C4CCC(CCC5CC5)CC4)C3)C2)CC1
C1CCC(CC2CCC(CC3CCCCC3)CC2)CC1
C1CCC(CCC2CCCCC2C2CCC(CCC3CCCC(C4CCCCC4)C3)CC2)CC1
C1CC(CC2CC3CCCCC3C2)CC(C2CCC(CC3CCC(C4CCC5CCCCC54)CC3)CC2)C1
C1CCC(CCC2CCCC(C3CCC4CCCCC4C3)C2)CC1
C1CCC(CCCCC2CCC3CCC(C4CCCCC4CC4CCCCC4)CC23)CC1
C1CCC(CC2CC(C3CCCCC3)CCC2C2CCC(C3CCCCC3)CC2)CC1
C1CCC(CCC2CCC(CC3CCC(C4CCC(CC5CCCCC5)CC4)CC3)CC2)CC1
C1CCC(CCC2CCC(CC3CCCCC3)CC2)CC1
C1CCC(CC2CCCC(C3CCCC3)C2)CC1
C1CCC(CCC2CCCC(CC3CCC(C4CCCC(C5CCCC5)C4)CC3)C2)CC1
C1CCC(CC2CCCC(C3CCC(C4CCC(C5CCC(CC6CCCC6)CC5)CC4)CC3)C2)CC1
C1CCC(CC2CC(C3CCCCC3)CCC2C2CCCCC2)CC1
C1CCC(CC2CCCCC2C2CC3CCCCC3C(C3CCCCC3)C2)CC1
C1CCC(CCC2CCCC(CCCCC3CC4CCCCC4C3)C2)CC1
C1CCC(CCC2CCCC(C3CCCCC3)C2)CC1
C1CCC(C2CCCC2CC2CCCCC2CC2CC3CCCCC3C2)CC1
C1CCC(CCC2CCCC(C3CCC(CC4CCCCC4)CC3)C2)CC1
C1CCC(CC2CCCC(C3CCCC(C(CC4CCCCC4)C4CCCCC4)C3)C2)CC1
C1CCC(CC2CCC(C3CCC(C4CCC(C5CCCCC5)CC4)CC3)CC2)CC1
C1CCC(CCCC2CCC(CC3CCCCC3)CC2)CC1
C1CCC(CC2CCCC(CCCC3CCCC(C4CCCCC4)C3)C2)CC1
C1CCC(CC2CCCC(CCC3CCC(C4CCCCC4)CC3)C2)CC1
C1CCC(CC2CCC(C3CCCCC3C3CCC(C4CCCC(CC5CCCCC5)C4)CC3)CC2)CC1
C1CCC(C2CCCC(CC3CC(C4CCCCC4)C4CCCCC34)C2)CC1
C1CCC(C2CCC(C3CCCC3)CC2)CC1
C1CCC(C2CCCCC2)CC1
C1CCC(C2CCC(C3CCCCC3CC3CCCC(C4CCCC4)C3)CC2)CC1
C1CCC(CCC2CC(C3CCCCC3)CC(C3CCCCC3)C2)CC1
C1CCC(CCC2CCC(C3CCC(C4CCC(CC5CCCCC5)CC4)C3)CC2)CC1
C1CCC(CC2CCC(C3CCCCC3C3CC4CCCCC4C3)CC2)CC1
C1CCC(CCC2CCCCC2)CC1
C1CCC(CCC2CCCCC2C2CCC3CCCC3C2)CC1
C1CCC(C2CCCC(C3CCCCC3)C2)CC1
C1CCC(CC2CCC3CC(C4CCCCC4)CCC3C2)CC1
C1CCC(C2CCCCC2)CC1
C1CCC(CCCC2CCC(C3CCC(CC4CC4)CC3)CC2)CC1
C1CCC(CCCC2CCC(C3CCCCC3)CC2)CC1
C1CCC(CC2CCC(C3CCCCC3)CC2)CC1
C1CCC(CCC2CCC(CC3CCCCC3)CC2)CC1
C1CCC(CCC2CCCC(C3CCC(C4CCCCC4)CC3)C2)CC1
C1CCC(CC2CCCCC2C2CCCC2)CC1
C1CCC(CCCC2CCCC(C3CCCC(C4CCCC4)C3)C2)CC1
C1CCC(CCCCC2CCC(C3CC(CC4CC4)CCC3C3CCCCC3)CC2)CC1
C1CCC(CCC2CCC(C3CCC4CC(CC5CCCCC5)CCC43)CC2)CC1
C1CCC(CC2CCC(CCC3CCCCC3C3CCCC3)CC2)CC1
C1CCC(CCCCC2CCCCC2C2CCC3CCCCC3C2)CC1
C1CCC(CC2CCC(C3CCC(C4CCCCC4)CC3)C(CC3CCCCC3)C2)CC1
C1CCC(CCC2CCCCC2C2CCCCC2C2CCCCC2)CC1
C1CCC(CC2CC3CCC(C4CCCCC4)CC3C(C3CCC(C4CCCCC4)C3)C2)CC1
C1CC2CCC(C3CC(C4CC4)CCC3C3CCCCC3C3CCCC3)CC2C1
C1CCC(C2CC(C3CCCCC3)CC(C3CC4CCCCC4C3)C2)CC1
C1CCC(CC2CCC(C3CCCC(C4CCC(CC5CCCCC5)CC4)C3)CC2)CC1
C1CCC(CCC2CCC(C3CCC(C4CCCCC4)CC3)CC2)CC1
C1CCC(C2CCCC(C3CCCCC3)C2)CC1
C1CCC(CCCC2CCCC(C3CCCC(CCC4CCCCC4)C3)C2)CC1
C1CCC(C2CCCC(CC3CCC4C(CCCC4C4CCCCC4)C3)C2)CC1
C1CCC(C2CCC3C(CCCC4CCCCC4C4CCCCC4)CCCC3C2)CC1
C1CCC(C2CCCC(C3CCCC(C4CCCC4)C3)C2)CC1
C1CCC2CC(CC3CCC(C4CCCC(C5CCC6CCCCC65)C4)CC3)CC2C1
C1CCC(CC2CCC(CC3CCCC(C4CC(CC5CCCCC5)CC(C5CCC5)C4)C3)CC2)CC1
C1CCC(C2CCCCC2C2CCCCC2)CC1
C1CCC(C2CCC(C3CCC(C4CCC(C5CCC(C6CCC6)CC5)CC4)CC3)CC2)CC1
C1CCC(CCCC2CCC(CC3CCC(C4CCCC(CC5CCCCC5)C4)CC3)CC2)CC1
C1CCC(CCC2CCC3CCCCC3C2)CC1
C1CCC(CC2CCC(CC3CCCC(C4CC(CC5CCCCC5)C5CCCCC54)C3)CC2)CC1
C1CCC(C2CCC(CCCC3CC3)CC2)CC1
C1CCC(CC2CCC(C3CCCC(C4CCCCC4)C3)CC2)CC1
C1CCC(C2CC(C3CCCCC3)CC(C3CCCCC3)C2)CC1
C(CCCC1CCCC(CC2CCCCC2)C1)CCC1CCCCC1
C1CCC(CC2CC(C3CCC4CCCCC43)CC3CCCCC32)CC1
C1CC(CC2CCC(C3CCC4C(CCCC4C4CCC5CCCCC5C4)C3)C(C3CCCC3)C2)C1
C1CCC(CCCCC2CCC(CC3CCC(CCCC4CCCCC4)CC3)CC2)CC1
C1CCC(CC2CCC(CC3CCC(CC4CCCCC4)CC3)CC2)CC1
C1CCC(CC2CC(CC3CCCCC3)CC(CC3CCC4CCCC4C3)C2)CC1
C1CCC(CCC2CCC(CCC3CCC4CCC(C5CCCCC5)CC4C3)CC2)CC1
C1CCC(CCCCC2CCC(CC3CCCC(CCCCC4CCCCC4)C3)CC2)CC1
C1CCC(CC2CCC(CC3CCC4CCC(C5CCCCC5)C4C3)CC2)CC1
C1CCC(CCCC2CC(CC3CCCCC3)CCC2C2CCCCC2)CC1
C1CCC(C2CCCCC2C2CCCCC2C2CCCCC2)CC1
C1CCC(C2CCC(CCC3CCC(C4CCCC4)CC3)CC2)C1
C1CCC(C2CCC(CCC3CCCC(C4CCCCC4)C3)CC2)CC1
C1CCC(C2CCCCC2C2CCCCC2)CC1
C1CCC(CCC2CC(CCC3CCCCC3)C(CCC3CCCCC3)C(CC3CCCCC3)C2)CC1
C1CCC(CCC2CCC(C3CCC(C4CCCCC4)CC3)CC2)CC1
C1CCC(C2CCC3C(CCC3C3CCCCC3CCCCCC3CC3)C2)CC1
C1CCC(CCCCC2CCCC(C3CCCCC3)C2)CC1
C1CCC(CCCC2CCC(C3CCCCC3C3CCCC3)CC2)CC1
C1CCC(CCCC2CCC(C3CCC(C4CCCCC4)CC3)CC2)CC1
C1CCC(CCCCC2CCCC(C3CCCCC3)C2)CC1
C1CCC(CC2CCC(CC3CCC(CC4CCCC(CC5CCCCC5)C4)CC3C3CCCC3)CC2)CC1
C1CCC(CCC2CCCCC2CCC2CCCCC2)CC1
C1CCC(CC2CCC3C(CCCC3C3CCCCC3)C2)CC1
C1CCC(CC2CCC(C3CCCCC3CC3CCC(C4CCCCC4)CC3)CC2)CC1
C1CCC(CC2CCCC(CC3CC4CCCCC4C3)C2)CC1
C1CCC(C2CCCCC2C2CCCC(C3CCC(C4CCC5CCCCC5C4)CC3)C2)CC1
C1CCC(C2CC(CCCC3CCC(C4CC4)CC3)CCC2C2CCC2)CC1
C1CCC(C2CCCC(CCCC3CCCC(C4CCCC4)C3)C2)CC1
C1CCC(CC2CCC(C3CCCC(CCCCC4CCC4)C3)CC2)CC1
C1CCC(CCCC2CCC(CC3CCC(CC4CCCCC4)CC3)CC2)CC1
C1CCC(CC2CCC(CC3CCCCC3)CC2)CC1
C1CCC(CC2CCC(CC3CCC(C4CCCC(C5CCCC5)C4)CC3)CC2)CC1
C1CCC(CCC2CCCCC2C2CCCCC2)CC1
C1CCC(C2CCCCC2CCC2CCC(C3CCCC3)CC2)CC1
C1CCC(C2CCCC(C3CCC(C4CCCC4)CC3)C2)CC1
C1CCC(C2CCCC(CCCC3CCC(CC4CC5CCCCC5C4)CC3)C2)CC1
C1CCC(CCC2CCC(C3CCCCC3)CC2)CC1
C1CCC(C2CCCC(CC3CCCCC3C3CCCCC3)C2)CC1
C1CCC(CCC2CC(CCC3CCCC3)CC(C3CCCC(C4CCCCC4)C3)C2)CC1
C1CCC(C2CCCC(C3CCCC(C4CCCCC4)C3)C2)CC1
C1CCC(C2CCCC(C3CCCCC3)C2)CC1
C1CCC(C2CCC(CCCCC3CCCC(C4CCCCC4)C3)CC2)CC1
C1CCC(CC2CC3CCC(C4CCCCC4)CC3C(C3CCC(C4CCCC4)C3)C2)CC1
C1CCC(C2CCCC(C3CCCC(C4CCCC(CC5CC5)C4)C3)C2)CC1
C1CCC(C2CCCC(C3CCCCC3)C2)CC1
C1CCC(CC2CC(C3CCCC(CC4CC(C5CCCCC5)C5CCCCC45)C3)C3CCCCC23)CC1
C1CCC(C2CCC(CC3CC(C4CCCCC4)C4CCCCC34)CC2)CC1
C1CCC(CCCC2CCCC(C3CCCC(C4CCCCC4C4CCCC4)C3)C2)CC1
C1CCC(CC2CC(C3CCCCC3)CC(C3CCCCC3)C2)CC1
C1CCC(CC2CCC(CC3CCCCC3)C(C3CCCC(C4CC4)C3)C2)CC1
C1CCC(C2CC(C3CCC4CCCCC43)CC3CCCCC32)CC1
C1CCC(CC2CCCCC2C2CCCCC2)CC1
C1CCC(CCC2CC(CC3CCCCC3)CCC2CCCC2CCCCC2C2CCCCC2)CC1
C1CCC(C2CCCCC2C2CC(CC3CC3)CCC2C2CCCCC2)CC1
C1CCC(CC2CCC(C3CCCCC3)CC2)CC1
C1CCC(CC2CCC(C3CCCCC3)CC2)CC1
C1CCC(CCCCCC2CCCC(C3CCC(C4CCCCC4)CC3)C2)CC1
C1CCC(CC2CCCCC2C2CCC(C3CCCCC3)CC2)CC1
C1CCC(C2CCCC(CCC3CCC(C4CCC4)CC3)C2)CC1
C1CCC(C2CCC(CC3CCC(CC4CCC(C5CC5)CC4)CC3)CC2)CC1
C1CCC(CCCCC2CCCC(C3CCCC(C4CCCCC4)C3)C2)CC1
C1CCC(CC2CC(C3CCCCC3)C3CCCCC23)CC1
C1CCC(CC2CCCC(C3CCCC(C4CCCCC4)C3)C2)CC1
C1CC(C2CCC(CC3CCCCC3C3CCCC3)CC2)CC(C2CC2)C1
C1CCC(CCC2CCCC(C3CCCCC3)C2)CC1
C1CCC(CC2CC3CCCCC3C(C3CCCCC3)C2)CC1
C1CCC(CCCCC2CCCC(CCC3CCCCC3)C2)CC1
C1CCC(C2CCCC(C3CCCCC3C3CCCCC3)C2)CC1
C1CCC(CC2CC(CC3CCCC(C4CCC(C5CCCC5)CC4)C3)C3CCCCC23)CC1
C1CCC(CC2CCCCC2CC2CCCC(C3CCC4CCCCC43)C2)CC1
C1CCC(CC2CCCC(CC3CCCCC3)C2)CC1
C1CCC(CC2CCCCC2C2CC3CCCCC3C(C3CCCCC3)C2)CC1
C1CCC(C2CCCCC2C2CCCCC2)CC1
C1CCC(C2CCC(CC3CCCC(C4CCCC(C5CCCCC5)C4)C3)CC2)CC1
C1CCC(CCC2CCC(CC3CCCCC3)CC2)CC1
C(CCCC1CCC(CC2CCCC2)CC1)CCCC1CCC(C2CCCC(C3CCCCC3)C2)CC1
C1CCC(C2CCCCC2C2CCC(C3CCCC(C4CCCC4)C3)CC2)CC1
C1CCC(CC2CCC(CC3CCCC(CC4CCC5CCCCC54)C3)CC2)CC1
C1CCC(CC2CC(C3CCC(CCCCC4CCCC4)CC3)C3CCCCC23)CC1
C1CCC(CCCC2CC(CC3CCCCC3)C3CCCCC23)CC1
C1CCC(C2CCC(C3CCCCC3)CC2)CC1
C1CCC(C2CCC(CC3CCC(C4CCCCC4)CC3)CC2)CC1
C1CCC(C2CCC(CC3CCC(CC4CC5CCCCC5C4)CC3)CC2)CC1
C1CCC(CC2CCC(C3CCCCC3)CC2)CC1
C1CCC(C2CCCC(C3CC3C3CCC(C4CCCCC4)C(C4CCCC4)C3)C2)CC1
C1CCC(CC2CCCC(CCC3CCCC(C4CCC5CCCCC54)C3)C2)CC1
C1CCC(CCCC2CC(C3CCC(C4CCCC(C5CCC5)C4)CC3)C3CCCCC23)CC1
C1CCC(CCCCC2CCCCC2C2CCCCC2)CC1
C1CCC(CC2CCC(CCC3CCC(C4CCCCC4)CC3)CC2)CC1
C1CCC(CCC2CCC(CC3CCCCC3)CC2)CC1
C1CCC(CCCCCC2CCCC(C3CCC(CC4CCCC4)CC3)C2)CC1
C1CCC(C2CCCC(C3CCC4CCC(C5CCCCC5)CC4C3)C2)CC1
C1CCC(CC2CCC(CC3CCC(C4CCC5CCCC5C4)CC3)C2)CC1
C1CCC(C2CC(C3CCCCC3)CC(C3CCCC3)C2)CC1
C1CCC(CCC2CCC(C3CCCCC3C3CCCCC3)CC2)CC1
C1CCC(C2CC(CC3CCC(C4CCCC4)CC3)C3CCC(CCC4CCCC4)CC32)CC1
C1CCC(C2CCC3C(CCCC3C3CCCCC3)C2)CC1
C1CCC(CC2CCC(CC3CCCCC3)CC2)CC1
C1CCC(C2CCC(C3CC(C4CCCC4)C4CCCCC34)CC2)CC1
C(CCC1CCCC(C2CCCC2)C1)CCC1CCC2CC(C3CCCCC3C3CCCCC3)CCC12
C1CCC(CC(CC2CCC(C3CC(C4CCCCC4)C3)CC2)C2CCCCC2)CC1
C1CCC(C2CCC(CCCC3CCC(C4CCC5CCCCC54)CC3)CC2)CC1
C1CCC(CC2CCCC(C3CCCC(CC4CC(C5CCCC5)C5CCCCC45)C3)C2)CC1
C1CCC(C2CCC(C3CCCC(C4CCCC4)C3)CC2)CC1
C1CCC(CC2CCC(CCCC3CCC(C4CCCCC4)CC3)CC2)CC1
C1CCC(CCCC2CCCC(C(CCCC3CC4CCCCC4C3)C3CCCC3)C2)CC1
C1CCC(C2CCCC(CCC3CCC(C4CCCC(C5CCCC(CC6CC6)C5)C4)CC3)C2)CC1
C1CCC(CCC2CCC(C3CCCC(C4CCC(C5CCCCC5)CC4)C3)CC2)CC1
C1CCC(CC2CCC(C3CCCC(CC4CCCCC4)C3)CC2)CC1
C1CCC(CCC2CCCC(C3CCC(C4CCCC(CC5CCCCC5)C4)CC3)C2)CC1
C1CCC(CC2CCCC(C3CCCC3CC3CCCCC3)C2)CC1
C1CCC(CC(C2CCCCC2)C2CCC2)CC1
C1CCC(C2CCC(CC3CCCC(C4CCCCC4)C3)CC2)CC1
C1CCC(CCCCCC2CCC(C3CCCC(C4CCCC4)C3)CC2)CC1
C1CCC(CC2CCCC(CCCC3CCC(C4CCCCC4)CC3CCC3CCC3)C2)CC1
C1CCC(CCC2CCC(C3CC3)CC2C2CCC3CCCCC3C2)CC1
C1CCC(C2CCCC3CC(C4CCCCC4C4CCCC4)CCC32)CC1
C1CCC(CC2CCC(CC3CCC(C4CCCC(CC5CCCCC5)C4)CC3)CC2)CC1
C1CCC(C2CCCC(CCCC3CCCCC3C3CCCC3)C2)CC1
C1CCC(CCC2CCCC(C3CCCCC3)C2)CC1
C1CCC(CC2CCC(CC3CCC(CC4CCCCC4)CC3)CC2)CC1
C1CCC(C2CCCC(CCC3CCC(CC4CCCC(C5CCCCC5)C4)CC3)C2)CC1
C1CCC(C2CCCCC2C2CCC3CCCC3C2)CC1
C1CCC(C2CCC(C3CC4CCC(C5CCC6CCCC6C5)CC4C3)CC2)CC1
C1CCC(C2CCC(C3CCCCC3)CC2)CC1
C1CCC(CC2CCCC(C3CCC(C4CCCCC4C4CCCCC4)CC3)C2)CC1
C1CCC(CC2CCC(C3CCCCC3C3CCCCC3)CC2)CC1
C1CCC(CC2CCC(C3CC(CC4CCCCC4)CC(CC4CCCC4)C3)CC2)CC1
C1CCC(C2CCC(C3CCC(CC4CC4)CC3)CC2)CC1
C1CCC(CCCC2CCCCC2C2CCCCC2)CC1
C1CCC(C2CCCC(C3CCCC4CCCCC43)C2)CC1
C1CCC(CC2CCC(C3CCCCC3)CC2)CC1
C1CCC(CC2CCCC(C3CCCC(C4CCCCC4)C3)C2)CC1
C1CCC(CC2CCCCC2C2CCCCC2)CC1
C1CCC(C2CCC(C3CCC(C4CCCCC4)CC3)CC2)CC1
C1CCC(CCC2CCCC(C3CCCCC3)C2)CC1
C1CCC(CCC2CCCCC2CCC2CCC(CC3CCCCC3)CC2)CC1
C1CCC(C2CCCC(CCC3CCCCC3C3CCCC3)C2)CC1
C1CCC(CC2CCC(CC3CCCCC3)CC2)CC1
C1CCC(CC2CCCC(C3CCCCC3)C2)CC1
C1CCC(CC2CCCCC2C2CCCCC2C2CCCCC2)CC1
C1CCC(CCCCC2CCCC(CC3CCCCC3)C2)CC1
C1CCC2CC(C3CCC(C4CCCCC4C4CCC5CCCCC5C4)CC3)CCC2C1
C1CCC(C2CCC(CC3CCC(CC4CCC(C5CCC6CCCCC6C5)CC4)CC3)CC2)CC1
C1CCC(CC2CCCC(C3CCCCC3C3CCCCC3)C2)CC1
C1CCC(CC2CCCC(C3CCCC(C4CCCC4)C3)C2)CC1
C1CCC(CCC2CCC(CCCCC3CCC(CC4CCCCC4)CC3)CC2)CC1
C1CCC(CC2CCC(CCCC3CCCC(C4CCCC(C5CCCCC5)C4)C3)CC2)CC1
C1CCC(CC2CCC(CC3CCCCC3)CC2)CC1
C1CCC(C2CCCCC2C2CCC(CC3CCCC3)CC2)CC1
C1CCC(CCCC2CCCC(CC3CCCCC3)C2)CC1
C1CCC(CCCC2CCC(C3CCCCC3)CC2)CC1
C1CCC(CCC2CCC(C3CCCC(C4CCCC(CC5CCCCC5)C4)C3)CC2)CC1
C1CCC(CCCC2CCCCC2C2CCCCC2C2CCCC2)CC1
C1CCC(CCC2CCCC(C3CCCCC3)C2)CC1
C1CCC(C2CCC(C3CCCCC3)C(CC3CC4CCCCC4C3)C2)CC1
C1CCC(CC2CCC(CCC3CCC(CC4CCCCC4)CC3)CC2)CC1
C1CCC(CCCCC2CCC(C3CCCCC3CC3CCCCC3)CC2)CC1
C1CCC(CCC2CCC(CC3CCC(C4CCCCC4)CC3)CC2)CC1
C1CCC(CCCCC2CCC(C3CCCC(CC4CCC(C5CCCCC5)CC4)C3)CC2)CC1
C1CCC(CC2CCCC(CC3CCC(CC4CCCCC4CC4CCCCC4)CC3)C2)CC1
C(CC1CC1)CC1CCC(CC2CCC(C3CCC4CCCCC43)CC2)CC1
C1CCC(C2CCC(CCC3CCC(C4CCCC4)CC3)CC2)CC1
C1CCC(CC2CCCC(C3CCC4CC(C5CCCCC5)CCC4C3)C2)CC1
C1CCC(CCC2CCC(C3CCCCC3)CC2)CC1
C1CCC(CCCCC2CCC(CC3CCCCC3)CC2)CC1
C1CCC(C2CCC(CC3CCC(C4CCCC(C5CCCCC5)C4)CC3)CC2)CC1
C1CCC(CCC2CCC(C3CCC(CC4CC4)CC3)CC2)CC1
C1CCC(CC2CCC(C3CCCCC3)CC2)CC1
C1CCC(CC2CCC(CC3CCCC(CC4CCCC5CCCCC54)C3)CC2)CC1
C1CCC(CC2CCC(C3CCCCC3C3CCC(CCC4CC5CCCCC5C4)CC3)CC2)CC1
C1CCC(CCC2CCCC(C3CCCCC3)C2)CC1
C1CCC(C2CCC(C3CCC(C4CCC5CCCC5C4)CC3)CC2)CC1
C1CCC(CC2CCC(CC3CCCC(C4CCC5C(CC6CCCC6)CCC5C4)C3)CC2)CC1
C1CCC(C2CCC(C3CCCCC3C3CCC4CCCC4C3)CC2)CC1
C1CCC(CC2CCCC(CC3CC(C4CCCCC4)C4CCCCC34)C2)CC1
C1CCC(CC2CCCCC2C2CCCC(CCCC3CCC(C4CCCCC4)C3)C2)CC1
C1CCC(CC2CC(C3CCCCC3)C3CCCCC23)CC1
C1CCC(C2CCCCC2C2CCCCC2)CC1
C1CCC(C2CCCCC2CC2CCC(CC3CCC4CCCCC4C3)CC2)CC1
C1CCC(CC2CCC(C3CCC(CC4CCCCC4)CC3)CC2)CC1
C1CCC(C2CCC(CCCC3CCCC(C4CCCC(C5CCCCC5)C4)C3)CC2)CC1
C1CCC(CC2CCCC(C3CCCCC3)C2)CC1
C1CCC(CCC2CCC(C3CCCCC3)CC2)CC1
C1CCC(C2CCCC(C3CCC(C4CCCCC4C4CCCC4)CC3)C2)CC1
C1CCC(CC2CCC(C3CCCCC3)CC2)CC1
C1CCC(C2CCCCC2C2CCC(C3CCCC3)CC2)CC1
C1CCC(CC2CCC(CCCC3CCCCC3C3CCC(CC4CCCCC4)CC3)CC2)CC1
C1CCC(CCC2CCC(C3CCCC(C4CCCCC4C4CCC(C5CCCC5)CC4)C3)CC2)CC1
C1CCC(CC2CCCC(C(C3CCCCC3)C3CCCC(C4CCCCC4)C3)C2)CC1
C1CCC(CCCCC2CC2)CC1
C1CCC(CC2CCC(C3CCCC(C4CCCCC4)C3)CC2)CC1
C1CCC(C2CCCC(CC3CCCC(C4CCCCC4)C3)C2)CC1
C1CCC(CC2CCCC(C3CCCCC3)C2C2CCCCC2)CC1
C1CCC(C2CCCCC2C2CCC(C3CCCC3)CC2C2CCC3CCCC3C2)CC1
C1CCC(C2CCC(C3CCCC(C4CCC(C5CCC(CC6CC6)CC5)CC4)C3)CC2)CC1
C1CCC(CC2CC(C3CCCCC3)C3CCCCC23)CC1
C1CCC(CCC2CCC(C3CCC(CC4CCC5CCCCC5C4)CC3)CC2)CC1
C1CCC(C2CCC(CCC3CCCC(CC4CCCC(C5CCCCC5)C4)C3)CC2)CC1
C1CCC(CC2CCC3CC(C4CCCCC4)CCC3C2)CC1
C1CCC(C2CCC(CC3CCC(C4CCC(C5CCCCC5)CC4)CC3)CC2)CC1
C1CCC(CCCCCC2CCC(CC3CCC(C4CC4)CC3)CC2)CC1
C1CCC(CC2CCC(CCC3CCCCC3C3CCCC3)CC2)CC1
C1CCC(C2CCCC(C3CCCC(CC4CC4)C3)C2)C1
C1CCC(CCCCCC2CCCCC2CC2CCCCC2)CC1
C1CCC(CC2CC(CCC(C3CCCCC3)C3CCCCC3)C3CCCCC23)CC1
C1CC(C2CCC(CC3CC(C4CCC4)CC(C4CCCC(CC5CC6CCCCC6C5)C4)C3)CC2)C1
C1CCC(CC2CCC(C3CCCCC3CC3CCCCC3)CC2)CC1
C1CCC(CCC2CCC(C3CCC(CC4CCCCC4)CC3)CC2)CC1
C1CCC(CC2CC(C3CCCCC3)CC(C3CCCCC3)C2)CC1
C1CCC(CCCC2CCC(CC3CCC(CC4CCCCC4)CC3)CC2)CC1
C1CCC(CC2CCCC(C3CCCC(C4CCCCC4)C3)C2)CC1
C1CCC(CCC2CCCC(C3CCCC(C4CCCCC4)C3)C2)CC1
C1CCC(CC2CCC(C3CCCCC3)CC2)CC1
C1CCC(CCC2CCCCC2)CC1
C1CCC(C2CCCC(C3CCCC(C4CCCCC4)C3)C2)CC1
C1CCC(CCC2CCC(CC3CCC(C4CCC5CCCC5C4)CC3CCC3CCCCC3)CC2)CC1
C1CCC(CC2CCCC(C3CCC(CC4CCC(C5CCCCC5)CC4)CC3)C2)CC1
C1CCC(CC2CCCCC2CC2CCC(C3CCCCC3)CC2)CC1
C1CCC(CC2CCCC(C3CCC4CCCC4C3)C2)CC1
C1CCC(CC2CCCC(CCC3CCCCC3C3CCCCC3)C2)CC1
C1CCC(CC2CCC(C3CCCCC3C3CC4CCCCC4C3)CC2)CC1
C1CCC(CCCCC2CCC(CC3CCCCC3)CC2)CC1
C1CCC(CC(CC2CCC(C3CCCCC3)CC2)C2CCCCC2)CC1
C1CCC(C2CCC(C3CCC(C4CCCC(C5CCCCC5)C4)CC3)CC2)CC1
C1CCC(CC2CCC(CCCC3CCCC(C4CCCC(C5CCCCC5)C4)C3)CC2)CC1
C1CCC(C2CC(C3CCC4CCCCC43)CC3CCCCC32)CC1
C1CCC(C2CCC(CC3CCCC(C4CCCCC4)C3)CC2)CC1
C1CCC(CCC2CCCC(C3CCCCC3)C2)CC1
C1CCC(CCCCC2CCCCC2CC2CC3CCCCC3C2)CC1
C1CCC(CC2CCC(C3CCCCC3)CC2CC2CCCCC2)CC1
C1CCC(CCC2CCCC(CCCCC3CCC(CC4CCCCC4)CC3)C2)CC1
C1CCC(C2CCC(CC3CCC(CC4CCCC4)CC3)CC2)CC1
C1CCC(CCC2CCC(CCCC3CCC(C4CCCCC4)CC3)CC2)CC1
C1CCC(C2CCCC(CCCCC3CCC(CC4CCCC4)CC3)C2)CC1
C1CCC(CCC2CC(CC3CCCCC3)C3CCC(C4CCCCC4)CC23)CC1
C1CCC(CCC2CCC(CC3CCCCC3)CC2)CC1
C1CCC(CCC2CCC(C3CCCCC3)CC2)CC1
C1CCC(CC2CCC(CC3CCCC(C4CCCC(C5CCCCC5)C4)C3)CC2)CC1
C1CCC(C2CCC(C3CCCCC3)CC2)CC1
C1CCC(CCC2CCCC(CC3CCCCC3)C2)CC1
C(CCC1CCC(CCC2CCC(C3CCCC3)CC2)CC1)CCC1CCC(C2CCCC2)CC1
C1CCC(CC2CCC(CCC3CCCC3)CC2)CC1
C1CCC(CCCCCC2CCC(CC3CCC(CC4CCC(C5CCCCC5)CC4)CC3)CC2)CC1
C1CCC(CCC2CCC(C3CC3)C(CCC3CCCCC3)C2)CC1
C1CCC(CC2CCC(CC3CCC(C4CCCCC4)CC3)CC2)CC1
C1CCC(CC2CCC(CC3CCCCC3C3CCC(C4CCCC4)CC3)CC2)CC1
C1CCC(C2CCCC(C3CCC(CC4CCC(CC5CCCC5)CC4)CC3)C2)CC1
C1CCC(CC2CCC(C3CCCC(C4CCCCC4)C3)CC2)CC1
C1CCC(C2CCCC(CC3CC(C4CCCCC4)CC(C4CCCCC4)C3)C2)CC1
C1CCC(CCCC2CCCCC2)CC1
C1CCC(CC2CCC(C3CCCC(CCC4CCC5CCCCC54)C3)CC2)CC1
C1CCC(C2CCCC(C3CCCC(C4CCC(CC5CC5)CC4)C3)C2)CC1
C1CCC(CCC2CCCC(C3CCC(CC4CCCCC4)CC3C3CCC4CCCC4C3)C2)CC1
C1CCC(CC2CCC(C3CCCC(CCC4CCCCC4CC4CCCCC4)C3)CC2)CC1
C1CCC(C2CCC(C3CC4CCCCC4C(CC4CC5CCCCC5C4)C3)C2)CC1
C1CCC(CC2CCCCC2C2CCCCC2C2CC3CCCCC3C2)CC1
C1CCC(CCCC2CC(C3CCCCC3)CC(C3CC3)C2)CC1
C1CCC(CC2CCC(C3CCCCC3CCC3CCCCC3C3CCCCC3)CC2)CC1
C1CCC(CCC2CCC(CCC3CCCC(C4CCCCC4)C3)CC2)CC1
C1CCC(C2CCCCC2CCC2CCC(CC3CCC4CCCCC43)CC2)C1
C1CCC(C2CCCCC2CC2CCC3CCCC3C2)CC1
C1CCC(C2CCC(C3CCCCC3)CC2)CC1
C1CCC(CC2CC(CCC3CCCC(C4CCCCC4)C3)C3CCCCC23)CC1
C1CCC(CC2CCCCC2CC2CCC(C3CCC4C(CCC4C4CCCCC4)C3)C(C3CCCC3)C2)CC1
C1CCC(CC2CC(C3CCC(C4CCCCC4)CC3)C3CCCCC23)CC1
C1CCC(CCC2CCC(C3CCCCC3)CC2)CC1
C1CCC(C2CCC3C(CCCC3CC3CCCCC3C3CCCCC3)C2)CC1
C1CCC(CC2CC(C3CCCCC3)CCC2C2CCCCC2)CC1
C1CCC(C2CCC(C3CCCCC3C3CCCC3)CC2)CC1
C1CCC(CC2CCCC(C3CCC(CC4CCCCC4C4CCCCC4)CC3)C2)CC1
C1CCC(C2CCCC(CCC3CCCC(CCC4CC4)C3)C2)CC1
C1CCC(C2CCCCC2C2CCCCC2C2CCC2)CC1
C1CCC(CCC2CCCC(C3CC4CCCCC4C3)C2)CC1
C1CCC(C2CCCCC2C2CC3CCCCC3C2)CC1
C1CCC(CCC2CCC(CC3CCC(CCC4CCCC4)CC3)CC2)CC1
C1CC2CCC(C3CCCC(C4CCCC(C5CCC6CCCC6C5)C4)C3)CC2C1
C1CCC(CC2CCC(C3CCC4CCCC4C3)C(C3CCC4CCCC4C3)C2)CC1
C1CCC(C2CCC(CCC3CCC4CCCCC43)CC2C2CCCCC2)CC1
C1CCC(C2CCCC(C3CCCC(C4CCC4)C3)C2)CC1
C1CCC(CCC2CCCC(C3CCC3)C2)CC1
C1CCC(C2CCCC(C3CCCCC3)C2)CC1
C1CCC(C2CCCC(CCC3CCCC(C4CCCCC4)C3)C2)CC1
C1CCC(C2CCC(C3CC(C4CCCCC4)C4CCCCC34)CC2)CC1
C1CCC(CC2CCC(CCC3CCCCC3CC3CCCCC3)CC2)CC1
C1CCC(C2CCCC(CC3CC(C4CCCCC4)CC(C4CCCCC4)C3)C2)CC1
C1CCC(C2CCCC(CCC3CCCC(C4CCCCC4)C3)C2)CC1
C1CCC(CC2CCC(C3CCCC3)CC2C2CCC(C3CC4CCCCC4C3)C2)CC1
C1CCC(C2CCC3CCCC(C4CCCCC4)C3C2)CC1
C1CCC(CC2CCC(C3CCCCC3)C(CC3CCCCC3)C2)CC1
C1CCC(CCC2CCC(CC3CCCCC3)C(CC3CCCC3)C2)CC1
C1CCC(C2CCC(CC3CCC(C4CCCCC4)CC3)CC2)CC1
C1CCC(CCC2CCC(C3CCCCC3CC3CCCCC3)CC2)CC1
C1CCC(CC2CCCC(C3CC(CC4CCCC(CC5CCCC5)C4)CC(C4CC4)C3)C2)CC1
C1CCC(CC2CCCCC2C2CCCC(C3CCCC3)C2)CC1
C1CCC(C2CCCC(C3CCCCC3C3CCCCC3C3CCCC3)C2)CC1
C1CCC(CC2CCCC(C3CCC(C4CCC4)CC3)C2)CC1
C1CCC(CC2CCC(C3CCCCC3C3CCCCC3)CC2)CC1
C1CCC(CC2CCC(CCC3CCC(C4CCCC5CCCCC54)CC3)CC2)CC1
C1CCC(CC2CCCC(C3C(C4CCCCC4)CCCC3C3CCCC3)C2)CC1
C1CCC(CC2CCCC(CC3CC(C4CCCCC4)C4CCCCC34)C2)CC1
C1CCC(C2CCCC(CCC(C3CCCCC3)C3CCC3)C2)CC1
C1CCC(CCCC2CCC(CC3CCCCC3)CC2)CC1
C1CCC(C2CCC(CCC3CCCCC3CC3CC4CCCCC4C3)CC2C2CCCC2)CC1
C1CCC(CC2CCC(C3CCCCC3)CC2)CC1
C1CCC(CC2CCC(CC3CCCC3)CC2)CC1
C1CCC(CCC2CCC(C3CCCCC3)CC2)CC1
C1CCC(C2CCC(CCCC3CCCC(C4CCCCC4)C3)CC2)CC1
C1CCC(CC2CCCC(CC3CCCCC3C3CCCCC3)C2)CC1
C(CCC1CCC2CCCCC12)CC1CCC(CC2CCC(C3CCCC3)CC2)CC1
C1CCC(CCCC2CC(CC3CCCCC3)CCC2C2CCCC2)CC1
C1CCC(CC2CCC(C3CCCC(CCCCC4CC5CCCCC5C4)C3)CC2)CC1
C1CCC(CCC2CCC(C3CCCC3)CC2)CC1
C1CCC(C2CCCC(CC3CCCCC3CC3CCC(CCC4CC4)CC3)C2)CC1
C1CCC(CC2CC(CC3CCC(C4CCC5CCCCC54)CC3)C3CCCCC23)CC1
C1CCC(CC2CCC(CC3CCC4C(CC5CCCCC5)CCC4C3)CC2)CC1
C1CCC(CC2CCC(CC3CCCC(CCC4CCC(C5CCC5)CC4)C3)CC2)CC1
C1CCC(CC2CCC(CC3CCC(CCCC4CC4)CC3)CC2)CC1
C1CCC(CC2CCC(CCCC3CCC(C4CCCCC4)C(C4CCCCC4)C3)CC2)CC1
C1CCC(CCC2CCC(C3CCCCC3)C2)CC1
C1CCC(CCCCC2CCC(CCC3CCCC(CC4CC5CCCCC5C4)C3)CC2)CC1
C1CCC(CCC2CCC(C3CCCCC3)CC2)CC1
C1CCC(CC2CCCC(CC3CCCC(C4CCCCC4)C3)C2)CC1
C1CCC(C2CCC3C(CCCC3C3CCC(CCC4CCCC4)CC3)C2)CC1
C1CCC(CCCCC2CCC(C3CCCC3)CC2)C1
C1CCC(CCC2CCC(C3CCCCC3)CC2C2CCCCC2)CC1
C1CCC(CCC(C2CCCCC2)C2CCCCC2)CC1
C1CCC(CCC2CCCC(C3CCCCC3)C2)CC1
C(CCCC1CCC2C(CC3CCCCC3)CCC2C1)CCC1CC2CCCCC2C1
C1CCC(CCC2CCC(C3CCCCC3C3CCCCC3)CC2C2CCCCC2)CC1
C1CCC(C2CCCC(CCC3CC(C4CCCCC4)C4CCCCC34)C2)CC1
C1CCC(C2CCCC(CCC3CCC(C4CCCC(CC5CCCC5)C4)CC3)C2)CC1
C1CCC(CC2CCCC(C3CCC(C4CCC5CCCCC54)CC3)C2)CC1
C1CCC(CCCC2CCCCC2CCCCC2CCC3CCCC3C2)CC1
C1CCC(C2CCCCC2C2CCCCC2C2CC3CCCCC3C2)CC1
C1CCC(CC2CCCC(C3CCCCC3)C2C2CCC3CCCC3C2)CC1
C1CCC(C2CCC3CCC(C4CCCCC4)CC3C2)CC1
C1CCC(C2CCCC(C3CCC(C4CCCC(CC5CC6CCCCC6C5)C4)C3)C2)C1
C1CCC(CC2CCC(C3CCC(C4CCCC5CCCCC54)C(C4CCCC4)C3)C(C3CCCC3)C2)CC1
C1CCC(CC2CCC(C3CCCCC3)CC2)CC1
C1CCC(CC2CCCCC2C2CCCCC2)CC1
C1CCC(CC2CCC(C3CCC(C4CCCCC4)CC3)CC2)CC1
C1CCC(CCC2CCC(CCCCC3CCC(C4CCCCC4)CC3)CC2)CC1
C1CCC(C2CCCC(CC3CCC4C(CCC4C4CCCC4)C3)C2)CC1
C1CCC(CCCC2CCCCC2C2CCCCC2C2CCCC2)CC1
C1CCC(CC2CCC(C3CCC3)C(C3CCCC(C4CCCCC4)C3)C2)CC1
C1CCC(CC2CCC(C3CCC(C4CCCC(C5CCCCC5)C4)CC3)CC2)CC1
C1CCC(CC2CCCC(CC3CCCCC3)C2)CC1
C1CCC(C2CCC(CCC3CC(C4CCCCC4)C4CCCCC34)CC2)CC1
C1CCC(C2CCCCC2CCCCC2CCC3CCCCC23)CC1
C1CCC(C2CCCC(C3CC(C4CCCCC4)CC(C4CC4)C3)C2)CC1
C1CCC(C2CCCC(CCCC3CCCCC3C3CCCC3)C2)CC1
C1CCC(C2CC(C3CCCCC3C3CC3)CC3CCC(CC4CC5CCCCC5C4)CC32)CC1
C1CCC(CC2CC(C3CCCCC3)C3CC(C4CCCC4)CCC23)CC1
C1CCC(CC2CCCCC2C2CCC(C3CCCC3)CC2)CC1
C1CCC(CC2CCC(CC3CC4CCCCC4C3)CC2)CC1
C1CCC(C2CCC(C3CCC4C(CCCC4C4CCCCC4)C3)CC2)CC1
C1CCC(CCC(C2CCCCC2)C2CCCC(CC3CCCCC3)C2)CC1
C1CCC(CCCC2CCCCC2)CC1
C1CCC(CCC2CCCC(CC3CCC(CC4CCCCC4)CC3)C2)CC1
C1CCC(C2CCC(CC3CCC(C4CCC(CC5CCCC5)CC4)CC3)CC2)CC1
C1CCC(CCC2CCC(C3CCCCC3)CC2)CC1
C1CCC(CCCC2CCC(CC3CCC(C4CCCC(C5CCCC5)C4)CC3)CC2)CC1
C1CCC(CCCCC2CCCCC2)CC1
C1CCC(C2CCCC(C3CCCC(C4CC4)C3)C2)CC1
C1CCC(CC2CCC(C3CCCCC3)CC2)CC1
C1CCC(CCC2CCC(CC3CCC(C4CCCCC4)CC3)CC2)CC1
C1CCC(C2CCCC(CC3CC(C4CCC(CC5CCCC5)CC4)C4CCCCC34)C2)CC1
C1CCC(CCC2CC(C3CCCCC3)CCC2C2CCCC3CCCCC32)CC1
C1CCC(C2CCC3C(CCC3C3CCCCC3)C2)CC1
C1CCC(CCC2CCCC(C3CCCCC3)C2)CC1
C1CCC(CCCC2CCC(CC3CCCCC3)CC2)CC1
C1CCC(CCCCC2CCCCC2C2CCC(C3CCCCC3)CC2)CC1
C1CCC(C2CCCC(C3CCCCC3)C2)CC1
C1CCC(CC2CCCC(CC(CC3CCCCC3)CC3CCCCC3)C2)CC1
C1CCC(CC2CCC(C3CCCCC3)CC2)CC1
C1CCC(CCCCC2CCCC(CC3CCC(CCC4CCCCC4)CC3)C2)CC1
C1CCC(C2CCCCC2C2CCCC(CC3CCC4CCCCC4C3)C2)CC1
C1CCC(C2CCCC(CC3CCC4C(CCC5CCCCC54)C3)C2)CC1
C1CCC(CCC2CCCC(C3CCCC(C4CCCCC4)C3)C2)CC1
C1CCC(CC2CCCC(C3CCCC(CCC4CCC(C5CCCCC5)CC4)C3)C2)CC1
C1CCC(CC2CCC(C3CCCCC3CC3CCCCC3)CC2)CC1
C1CCC(CC2CCC(CC3CCCC(CC4CCCCC4)C3)CC2)CC1
C1CCC(CCC2CCCCC2C2CCCC(C3CCC(C4CCCCC4)CC3)C2)CC1
C1CCC(C2CCCCC2C2CCC3C(CCC3C3CCCCC3)C2)CC1
C1CCC(C2CCCC(CC3CCCC(CC4CCC5CCCC(C6CCCCC6)C5C4)C3)C2)CC1
C1CCC(C2CCCC(C3CCCCC3)C2)CC1
C1CCC(CC2CCC(C3CCCCC3)CC2)CC1
C1CCC(CC2CCC(C3CCCCC3C3CCCCC3)CC2)CC1
C1CCC(C2CC(C3CCC3)CC(C3CCCC(C4CC4)C3)C2)CC1
C1CCC(CCC2CCC(C3CCC(CC4CCC5CCCCC5C4)CC3)C(C3CCCCC3)C2)CC1
C1CCC(CC2CCC(C3CC(C4CCCCC4)C3)CC2)CC1
C1CCC(CCC2CCCC(C3CCC(CC4CCCCC4)CC3)C2)CC1
C1CCC(CC2CCCCC2CC2CCCC(C(CC3CCCCC3)CC3CCCCC3)C2)CC1
C1CCC(CCC2CCCCC2C2CCCC(CC3CCCCC3)C2)CC1
C1CCC(CCC2CCC(C3CCC(CCCC4CCCC(C5CCCCC5)C4)CC3)CC2)CC1
C1CCC(CC2CCC(C3CCC(C4CCCC4)CC3)CC2)CC1
C1CCC2C(C1)CCC2CCC1CC2CCCCC2C(C2CCCCC2C2CCC3CCCCC32)C1
C1CCC(CC2CCC(C3CCCCC3)CC2)CC1
C1CCC(CC2CC(C3CCCCC3)C3CCCCC23)CC1
C1CCC(C2CCC(C3CCC4CCCC4C3)C2)CC1
C1CCC(CCC2CCC(CC3CCCCC3)CC2)CC1
C1CCC(CCC2CCCC(CCCC3CCC(C4CCCCC4)CC3)C2)CC1
C1CCC(C2CCCCC2)CC1
C1CCC(CC2CCC(CC3CCCCC3)CC2)CC1
C1CCC(C2CCC(CC3CCC(CCC4CCC5CCCCC54)CC3)CC2)CC1
C1CCC(CCC2CCC(CCC3CCCCC3)C(C3CCCCC3)C2)CC1
C1CCC(CCC2CCCCC2C2CCC(CC3CCCC3)CC2)CC1
C1CCC(CCC2CCC(CC3CCC(C4CCCCC4)CC3)CC2)CC1
C1CCC(CC2CCCC(C3CCCCC3)C2)CC1
C1CCC(CCCC2CCC(CC3CCCCC3)CC2)CC1
C1CCC(CC2CCCCC2C2CCCC(CC3CCC4CCCC4C3)C2)CC1
C1CCC(CC2CCC(CC3CCCCC3C3CC4CCCCC4C3)CC2)CC1
C1CCC(CC2CCC(CC3CCCC(CC4CCCCC4)C3)CC2)CC1
C1CCC(CC2CCCCC2)CC1
C1CCC(CC2CCC(CC3CCC(C4CCC(CC5CCCC5)CC4)CC3)CC2)CC1
C1CCC(CCCC2CCCCC2)CC1
C1CCC(CC2CCCC(CCC3CC4CCCCC4C3)C2)CC1
C1CCC(CC2CCC3CCC(C4CCCCC4)C3C2)CC1
C1CCC(CCC2CCCC(CCC3CC4CCCCC4C3)C2)CC1
C1CCC(CCC2CCC(C3CC4CCCCC4C3)CC2)CC1
C1CCC(C2CC(C3CCCC(C4CCC5CCCCC5C4)C3)C2)CC1
C1CCC(CCCC2CCCC(C3CCC(C4CCC5CCCCC54)CC3)C2)C1
C1CCC(CCCC2CCC(C3CCCCC3)CC2C2CCCC(C3CCCCC3)C2)CC1
C1CCC(CCC2CCCCC2CCC2CCC(C3CCCCC3)CC2C2CCCC2)CC1
C1CCC(CCC2CCCC(CC3CCCCC3)C2)CC1
C1CCC(CCC2CCC(CC3CCC(CC4CCCCC4)CC3)CC2)CC1
C1CCC(C2CCC(CC3CCC(CC4CCC5CCCC5C4)CC3)CC2)CC1
C1CCC(CC2CCCC(C3CCCC(CC4CCCCC4)C3)C2)CC1
C1CCC(C2CCCCC2CC2CCC3CCCCC32)CC1
C1CCC(CCC2CCC(C3CCCCC3)CC2)CC1
C1CCC(CCC2CCC(CC3CCCCC3)CC2)CC1
C1CCC(C2CCC(C3CCC(C4CCCC4)CC3)CC2)C1
C1CCC(CCCC2CCC(C3CCCCC3)CC2)CC1
C1CCC(C2CCCC(C3CCC(CC4CCC(CC5CC6CCCCC6C5)CC4)CC3)C2)CC1
C1CCC(CCCCC2CCCC(CC3CCCCC3)C2)CC1
C1CCC(CC2CCCC(CC3CCCCC3CC3CCCCC3)C2)CC1
C1CCC(CC2CCC(CCCC3CCCC(CC4CCC(C5CC5)CC4)C3)CC2)CC1
C1CCC(CC2CC(C3CCCCC3C3CCCCC3)C3CCCCC23)CC1
C1CCC(CCC2CCC(C3CCCC3)CC2)CC1
C1CCC(CCC2CCC(CC3CCCCC3)CC2)CC1
C1CCC(C2CCCC(C3CCCC(CCCC4CC4)C3)C2)CC1
C(CC1CCC(CC2CC3CCCCC3C2)CC1)CC1CCCC(C2CC3CCCCC3C2)C1
C1CCC(CCC2CCC(CC3CCCC(C4CCCCC4)C3)CC2)CC1
C1CCC(CCC2CCC(CC3CCCCC3)CC2)CC1
C1CCC(CCC2CCC(C3CCCCC3)CC2)CC1
C1CCC(CC2CCC(C3CCCCC3)CC2)CC1
C1CCC(CCCC2CCC(CCCC3CCCC3)CC2)CC1
C1CC(CCC2CCC(C3CCC4CCCC4C3)CC2)CC(CC2CCC3CCCCC3C2)C1
C1CCC(CC2CCCC(CC3CCCCC3)C2)CC1
C1CCC(C2CCCCC2C2CCCCC2)CC1
C1CCC(C2CCC(CC3CCC(C4CCC4)CC3)CC2)CC1
C1CCC(C2CCCC(CC3CC(C4CCCCC4)CC(C4CCCC4)C3)C2)CC1
C1CCC(C2CCCC(C3CCCCC3C3CCCC3)C2)C(CCC2CC2)C1
C1CCC(CCCC2CCC(CC3CCC(CC4CCCCC4)CC3)CC2)CC1
C1CCC(CCC2CCC(CC3CCCCC3)CC2)CC1
C1CCC(CCCCC2CCC(CC3CCCCC3)CC2)CC1
C1CCC(CCC2CCC(CC3CCC(CC4CCC(CC5CC6CCCCC6C5)CC4)CC3)CC2)CC1
C1CCC(C2CCCC(C3CCC(C4CCCC5CC(C6CCCCC6)CCC54)CC3)C2)CC1
C1CCC(CCCCC2CCC(C3CCC(C4CCCCC4)CC3)CC2)CC1
C1CCC(CCC2CCCCC2)CC1
C1CCC(CC2CCC(CC3CCC(CC4CCCC(C5CCCC5)C4)CC3)CC2)CC1
C1CCC(CCC2CC(CCC3CCCC3)CC(C3CCCCC3)C2)CC1
C1CCC(C2CCCC(CC3CCCC(CC4CCCC4)C3)C2)CC1
C1CCC(CCCC2CCC(C3CCCC(CCC4CCCCC4)C3)CC2)CC1
C1CCC(CC2CCC(C3CCC(C4CCC4)CC3)CC2)CC1
C1CCC(C2CCC(CC3CCC(C4CCCC(C5CCCCC5)C4)C3)CC2)CC1
C1CCC(C2CCCC(C3CC(C4CCCCC4)CC(C4CCCC4)C3)C2)CC1
C1CCC(CCC2CCC(CCCC3CC(C4CCCCC4)CCC3C3CCC3)CC2)CC1
C(CC1CCC(C2CCCC2)CC1)CC1CCCC(C2CCC3CCCCC32)C1
C1CCC(CCCC2CC(CC3CCCCC3)C3CCC(CC4CCCCC4)CC23)CC1
C1CCC(CC2CCC(C3CCCCC3)CC2)CC1
C1CCC(C2CCCC(CC3CC(CC4CC5CCCCC5C4)CCC3C3CCCCC3)C2)CC1
C1CCC(CCC2CCC3CCCC(C4CCCCC4)C3C2)CC1
C1CC2CCC(C3CCCC(C4CCCCC4C4CCCCC4C4CCCC4)C3)CC2C1
C1CCC(C2CCC(C3CCCCC3)C(C3CCC4CCCC4C3)C2)CC1
C1CCC(C2CCCC(C3C(C4CCCCC4)CCC3C3CC3)C2)CC1
C1CCC(CCCC2CCC(C3CCCCC3)CC2)CC1
C1CCC(CC2CCC(CC3CCC(C4CCCCC4C4CCCCC4)CC3)CC2)CC1
C1CCC(CCCC2CCCC(CC3CCCC(C4CCCCC4)C3)C2)CC1
C1CCC(CC2CCCC(C3CCC(C4CCCCC4)CC3)C2)CC1
C1CCC(C2CCCC(C3CCCC(C4CCCC4)C3)C2)CC1
C1CCC(CC2CCC(CCC3CCC4C(CCC4C4CCC(CC5CCCCC5)CC4)C3)CC2)CC1
C1CCC(CC2CCCC(C3CCCCC3C3CCCCC3)C2)CC1
C1CCC(CC2CCCC(CCCC3CCC(C4CCCCC4)CC3)C2)CC1
C1CC2CCC(CC3CCCCC3C3CCC4CCCC4C3)CC2C1
C1CCC(CC2CCCCC2CC2CCCCC2)CC1
C1CCC(CC2CCCC(C(CC3CCCCC3)C3CCC4CCCCC43)C2)CC1
C1CCC2CC(C3CCC(CCCC4CCCCC4C4CCCC4)CC3)CC2C1
C1CCC(C2CCC(CC3CCC(CCCC4CC5CCCCC5C4)CC3)CC2)CC1
C1CCC(CCC2CCCCC2C2CCCCC2)CC1
C1CCC(CCCCCC2CC(C3CCCCC3)CC(C3CCCCC3)C2)CC1
C1CCC(CC2CCC(C3CCC(C4CCCCC4)C3)CC2)CC1
C1CCC(CCCC2CCC(C3CCCCC3C3CCC4C(CCCC4C4CCC4)C3)CC2)CC1
C1CCC(CC2CCC(C3CCCCC3C3CCC4CCCC4C3)CC2)CC1
C1CCC(CC2CCCCC2C2CCCCC2)CC1
C1CCC2CC(CCC3CCCCC3C3CCCC3)CCC2C1
C1CCC(CC2CC3CCCC(C4CCCC(C5CCCCC5)C4)C3C2)CC1
C1CCC(CC2CCC(CC3CC(C4CCCCC4)C4CCCCC34)CC2)CC1
C1CCC(CCC2CCCCC2CC2CCC(C3CCC4CCCCC4C3)CC2)CC1
C(CCCC1CCCC(C2CCC2)C1)CCC1CCCCC1
C1CCC(CC2CCCC(C3CCC(CC4CCCCC4)CC3CC3CCCCC3)C2)CC1
C1CCC(C2CCCC(C3CCCC(C4CCCCC4)C3)C2)CC1
C1CCC(CCC2CCCC(CC3CCCCC3)C2)CC1
C1CCC(C2CCCC(C3CCCCC3)C2)CC1
C1CCC(C2CC(C3CCCCC3)CC(C3CCCC3)C2)CC1
C1CCC(CCCCCC2CCCC(C3CCC4CCCC4C3)C2)CC1
C1CCC(CC2CCC(C3CCC(C4CCCCC4)CC3C3CCC4CCCC4C3)CC2)CC1
C1CCC(CCCC2CCCC(C3CCCCC3)C2)CC1
C1CCC(CC2CC(CCC3CCC(CC4CCC(C5CCCC5)CC4)CC3)C3CCCCC23)CC1
C1CCC(C2CCCCC2C2CCCCC2)CC1
C1CCC(CC2CCCC(C3CCC(C(CCC4CC5CCCCC5C4)C4CCCCC4)CC3)C2)CC1
C1CCC(CCCCCC2CCC(CC3CCC4CCCCC4C3)CC2)CC1
C1CCC(C2CCCCC2)CC1
C1CCC(CCC2CCCC(C3CCC(C4CCCCC4)CC3)C2)CC1
C1CCC(CC2CCCC(C3CCCCC3C3CCCC(C4CCC5CCCCC54)C3)C2)CC1
C1CCC(CC2CCCCC2C2CCC3C(CC4CCCCC4)CCCC3C2)CC1
C1CCC(CC2CCC(C3CCCCC3)CC2)CC1
C1CCC(CC2CCCC(C3CCCCC3)C2)CC1
C1CCC(CC2CCC(CC3CCCCC3)CC2)CC1
C1CCC(C2CCCC(CC3CCCC(C4CCCC4)C3)C2)CC1
C1CCC(CCCC2CCC(CC3CCCCC3)CC2)CC1
C1CCC(C2CCC3CC(CCC4CC4)CC(C4CCCCC4)C3C2)CC1
C1CCC(CC2CCC(CCC3CC4CCCCC4C3)CC2)CC1
C1CCC(C2CCC(CC3CCC(C4CCCCC4)CC3)CC2)CC1
C1CCC(CC2CC(CC3CCCC3)C3CC(C4CCCC5CCCCC54)CCC23)CC1
C1CCC(C2CCC(C3CCCCC3C3CCCC3)CC2)CC1
C1CCC(C2CCCC(C3CCCC(C4CCCCC4CC4CCCC4)C3)C2)CC1
C1CCC(CC2CCC(C3CCCCC3)CC2)CC1
C1CCC(CC2CC(C3CCCCC3)CC(C3CCCC(C4CCCCC4)C3)C2)CC1
C1CCC(CC(CC2CCCCC2)C2CCC(C3CCC(C4CCCC(C5CC5)C4)CC3)CC2)CC1
C1CCC(CCCCC2CCC(CC3CCCCC3)CC2)CC1
C1CCC(C2CCCC(CCC3CCCC(C4CCC4)C3)C2)CC1
C1CCC(CC2CCCCC2CCC2CCCCC2C2CCCCC2)CC1
C1CCC(CC2CCCCC2CC2CCCCC2)CC1
C1CCC(C2CCCC(C3CCCCC3)C2)CC1
C1CCC(CCC2CCCCC2)CC1
C1CCC(CCCC2CCC(CC3CCCCC3)CC2)CC1
C1CCC(CC2CCC(CCC3CCC(CC4CCCCC4)CC3)CC2)CC1
C1CCC(CC2CCC(C3CCC(C4CCCCC4)CC3)CC2)CC1
C1CCC(CC2CCCC(C(CC3CCCCC3)CC3CC4CCCCC4C3)C2)CC1
C1CCC(C2CCCC(C3CCCCC3)C2)CC1
C1CCC(CCC2CCCCC2C2CCCCC2CC2CCCCC2)CC1
C1CCC2CC(CC3CCC(CC4CCC5CC(C6CCC7CCCCC76)CCC5C4)CC3)CC2C1
C1CCC(C2CCCC(CC3CC(C4CCCCC4)C4CCCCC34)C2)CC1
C1CCC(CCC2CC(CC3CC3)CC(C3CCCCC3)C2)CC1
C1CCC(CC2CCC(CC3CCCCC3C3CCCCC3)CC2)CC1
C1CCC(CC2CCCC(C3CCCC(C4CCCCC4)C3)C2)CC1
C1CCC(C2CCC(CC3CCC(C4CCC(C5CCCC6CC(C7CCCCC7)CCC65)CC4)CC3)CC2)CC1
C1CCC(CC2CCC(C3CCCCC3)CC2)CC1
C1CCC(CCCCC2CCCCC2CCC2CCCCC2)CC1
C1CCC(CCC2CCCC(CCC3CCCCC3)C2)CC1
C1CCC(C2CCCC(C3CC(C4CCCCC4)C(C4CCCCC4)C4CCCC34)C2)CC1
C1CCC(C2CC(C3CCCCC3)C3CCCCC23)CC1
C1CCC(CCC2CCCCC2C2CCC3CCCCC32)CC1
C(CCCC1CCC(C2CCC(CC3CCCC3)CC2)CC1)CCC1CCCCC1
C1CCC(CC2CCCC(C3CCCC(CC4CCCCC4)C3)C2)CC1
C1CCC(CCC2CCC(CC3CCCCC3CC3CC4CCCCC4C3)CC2)CC1
C1CCC(CC2CCC(CC3CC(CC4CCCCC4)C4CCCCC34)CC2)CC1
C1CCC(C2CCC(CCC3CCC(C4CCC(C5CCCCC5)CC4)CC3)CC2)CC1
C1CCC(CCC2CCC(CCC3CCCCC3CC3CCCCC3)CC2)CC1
C1CCC(CCC2CCC(C3CCCCC3)CC2)CC1
C1CCC(C2CCCCC2CCCC2CCC(C3CC4CCCCC4C3)CC2)CC1
C1CCC(CC2CCC(C3CCCC(C4CCCCC4)C3)CC2)CC1
C1CCC(CC2CCCCC2CCCCC2CCC(C3CCCCC3)CC2)CC1
C1CCC(CCCC2CCC(CCCCC3CC3)CC2)CC1
C1CCC(CCC2CCCC(CC3CCCCC3)C2)CC1
C1CCC(C2CCCCC2C2CCC(C3CCCC(C4CCCC4)C3)CC2)CC1
C1CCC(CC2CCC(C3CC4CCC(C5CCCCC5)CC4C(C4CCCCC4)C3)CC2)CC1
C1CCC(C2CCCC(C3CCCCC3C3CCCCC3)C2)CC1
C1CCC(CCCC2CCC(CCCC3CCCCC3)CC2)CC1
C1CCC(C2CCCCC2CCC2CCC3CCCCC32)CC1
C1CCC(CCCCC2CC3CCC(C4CCCCC4)CC3C(C3CCCCC3)C2)CC1
C1CCC(CCC2CCC(CC3CCC(C4CCCCC4)CC3)CC2)CC1
C1CCC(CC2CCC(CC3CCCCC3C3CCCCC3)CC2)CC1
C1CCC(CCC2CCCC(CC3CCCCC3)C2)CC1
C1CCC(CCCCC2CCC(C3CCCCC3)CC2)CC1
C1CCC(CC2CCC(CCCCC3CCCCC3C3CCCCC3)CC2)CC1
C1CCC(C2CCCC(C3CCCCC3)C2)CC1
C1CCC(CCC2CCCCC2C2CCCC(C3CCCC3)C2)CC1
C1CCC(C2CCC(CC3CCCC(CCC4CCCCC4C4CCCCC4)C3)CC2)CC1
C1CCC(CC2CCCC(C3CCCCC3)C2)CC1
C1CCC(CCC2CCC3CCCCC32)CC1
C1CCC(C2CCCCC2CC2CCC(CC3CCCC4CCCCC43)CC2)CC1
C1CCC(C2CCC3CCCCC32)CC1
C1CCC(CC2CCC(CC3CC4CCCCC4C3)CC2)CC1
C1CCC(C2CCC(C3CCCCC3)C(C3CCCC(C4CCC(C5CCC5)CC4)C3)C2)CC1
C1CCC(CCC2CCCC(CC3CCC(CC4CCCCC4)CC3)C2)CC1
C1CCC(CC2CC(C3CCCCC3)C3CC(C4CCCC(CC5CCCC5)C4)CCC23)CC1
C1CCC(C2CCC(CCCC3CCCCC3C3CCCCC3)C2)CC1
C1CCC(C2CC(C3CCCCC3)CC(C3CCCC3CC3CCCC(C4CCC4)C3)C2)CC1
C1CCC(C2CC(CC3CCC(C4CCCC4)CC3)C3CCCCC32)CC1
C1CCC(CC2CCC(C3CCCC3)CC2)CC1
C1CCC(CC2CCC(C3CCC(CC4CCC5CCCCC54)CC3)CC2)CC1
C1CCC(C2CCCC(C3CCCCC3)C2)CC1
C1CCC(CC2CCCC(C3CCC(C4CCCC4)CC3)C2)CC1
C1CCC(C2CCC(C(C3CCCCC3)C3CC3)CC2)CC1
C1CCC(CC2CCCC(C3CC(CC4CCCCC4)CC(C4CC4)C3)C2)CC1
C1CCC(CC2CCC(CC3CCCCC3CC3CCCCC3)CC2)CC1
C1CCC(CCC2CC(C3CCC3)CC(C3CCCC(CC4CCCCC4)C3)C2)CC1
C1CCC(CC2CCCC3CC(C4CCCCC4C4CCCCC4C4CCCCC4)CCC23)CC1
C1CCC(C2CCC(C3CCC(C4CCCCC4)CC3)CC2)CC1
C1CCC(CCCCCC2CCC(C3CCC4CCCCC43)CC2C2CCCCC2)CC1
C1CCC(C2CCC(CC3CCC(C4CC4)CC3)CC2)CC1
C1CCC(C2CCCCC2)CC1
C1CCC(C(C2CCCCC2)C2CCCC(CC3CCC(C4CCCCC4C4CCCC4)C3)C2)CC1
C1CCC(C2CCCC(CCCCC3CC(C4CCCCC4)CC(C4CCCC4)C3)C2)CC1
C1CCC(CC2CCCC(C3CCC(C4CCC(CC5CCCC5)CC4)CC3)C2)CC1
C1CCC(CCCCC2CCC(CC3CCC(C4CCCCC4)CC3)CC2)CC1
C1CCC(CCC2CCC(C3CCC(C4CCCCC4)C(C4CCCCC4)C3)CC2)CC1
C1CCC(CCC2CC(CC3CCCCC3)CCC2CC2CCCCC2)CC1
C1CCC(CC2CCCC(CC3CCCCC3)C2)CC1
C1CCC(CC2CCC(CC3CCC(C4CCCCC4)CC3)CC2)CC1
C1CCC(CCCCC2CCC(CC3CCC(CC4CCCCC4)CC3)CC2)CC1
C1CCC(CC2CCC(CCCC3CCC(C4CCCCC4)CC3)CC2)CC1
C1CCC(CC2CCC(CC3CCC(C4CCCCC4)C3)CC2)CC1
C1CCC(CC2CCCCC2)CC1
C1CCC(CC2CCC(C3CCCCC3)CC2C2CCC3CCCC3C2)CC1
C1CCC(C2CCCC(C3CCCCC3)C2)CC1
C1CCC(CC2CCCC(C3CC(C4CCCCC4)CC(C4CCCC(C5CCCC5)C4)C3)C2)CC1
C1CCC(CC2CCCC(CCC3CC4CCCCC4C3)C2)CC1
C1CCC(C2CCC3CCC(C4CCCCC4)CC3C2)CC1
C1CCC(CC2CCC(C3CCCCC3)CC2C2CCCCC2)CC1
C1CCC(CCC2CCCC(C(C3CCCCC3)C3CCCCC3)C2)CC1
C1CCC(CC2CCC(CC3CCC(CC4CCCCC4)CC3C3CCCCC3)CC2)CC1
C1CCC(C2CCC(C3CCCC(C4CCCCC4C4CCCC4)C3)CC2)CC1
C1CCC(C2CCC(C3CCCC(C4CCC(CC5CC5)CC4)C3)CC2)CC1
C1CCC(CCC2CCC(C3CCCCC3)CC2)CC1
C1CCC(CC2CCCC(C3CCC(CC4CCC(C5CCCC5)CC4)CC3)C2)CC1
C1CCC(CC2CCC(CCCC3CCCCC3CC3CCCCC3)CC2)CC1
C1CCC(CC2CCCC(C3CCCCC3)C2)CC1
C1CCC(CC2CCC(C3CCCCC3)CC2)CC1
C1CCC(CCC2CCC(CCC3CCCC(CCCC4CC5CCCCC5C4)C3)CC2)CC1
C1CCC(CCCC2CCC(C3CCCC(C4CCCCC4)C3)CC2)CC1
C1CCC(CCCCC2CCCC(CC3CCC(CCCC4CCCC4)CC3)C2)CC1
C1CCC(CC2CCCCC2CCC2CCC(C3CC4CCCCC4C3)CC2)CC1
C1CCC(CCC2CCC(CC3CCCCC3)CC2)CC1
C1CCC(CC2CCCC(CCCC3CCCC(CC4CCC(C5CCCCC5)CC4)C3)C2)CC1
C1CCC(C2CC(C3CCCC(CC4CCCC4)C3)C3CCCCC23)CC1
C1CCC(C2CCCC(CC3CCCCC3C3CCCCC3)C2)CC1
C1CCC(C2CCCCC2C2CCCCC2)CC1
C1CCC(CC2CCC(C3CCCCC3)CC2CC2CCCCC2)CC1
C1CCC(CC2CC3CCCCC3C(C3CCCCC3)C2)CC1
C1CCC(CC2CCCCC2CC2CCCCC2)CC1
C1CCC(CC2CCC3C(CC4CCCCC4)CCC3C2)CC1
C1CCC(CC2CCCC(C3CCCCC3)C2)CC1
C1CCC(CCC2CCC(CC3CC(C4CCCCC4)C4CCCCC34)CC2)CC1
C1CCC(CCC2CCC(C3CCCCC3)CC2)CC1
C1CCC(CC2CCCC(CCCC3CCCC(CC4CC4)C3)C2)CC1
C1CCC(CCC2CCC(C3CCCCC3)CC2)CC1
C1CCC(C2CCC(C3CCCCC3)C2CC2CCCCC2C2CCCC2)CC1
C1CCC(CCC2CCC(CC3CCCCC3C3CCCC3)CC2)CC1
C1CCC(C2CCCC(C3CCCCC3)C2)CC1
C1CCC(CCCC2CCCC(C3CCCCC3)C2)CC1
C1CCC(CC2CC(CC3CCCC(C4CCCCC4)C3)C3CCCCC23)CC1
C1CCC(CC2CCC3CCCC(C4CCCCC4)C3C2)CC1
C1CCC(CC2CCC(CC3CCCCC3)C(C3CCCCC3)C2)CC1
C1CCC(CC2CCCC(C3CCCCC3)C2)CC1
C1CCC(CC2CCC(C3CCCCC3)CC2)CC1
C1CCC(CC2CC(C3CCCCC3)CCC2CCCC2CC2)CC1
C1CCC(C2CCCC(C3CCCC(CC4CCCCC4C4CCC5CCCCC5C4)C3)C2)C1
C1CCC(C2CCCCC2C2CCCCC2)CC1
C1CCC(CCCCCC2CCC(C3CCCCC3)CC2)CC1
C1CCC(CC2CCC(C3CCCC(C4CCCCC4)C3)CC2)CC1
C1CCC(CCCCC2CCC(C3CCCC(CCC4CCCCC4)C3)CC2)CC1
C1CCC(C2CCCCC2)CC1
C1CCC(CCC2CCCC(CC3CC4CCCCC4C3)C2)C1
C1CCC(CC2CCC(C3CCCCC3)CC2C2CCC(C3CCCCC3)CC2)CC1
C1CCC(CC2CCC3CC(C4CCCC(C5CCCCC5)C4)CC3C2)CC1
C1CC(CC2CCC(C3CCC(C4CCC5CCCCC54)CC3)CC2)C1
C1CCC(CC2CCCC(C3CCCC(C4CCCC(C5CCCCC5)C4)C3)C2)CC1
C1CCC(CC2CCC(C3CCC(CCC4CCCC(C5CCC6CCCCC65)C4)CC3)CC2)CC1
C1CCC(CC2CCCCC2CCC2CC(CC3CCCCC3)C3CCCCC23)CC1
C1CCC(CC2CCC(CC3CCCCC3)C(CC3CCCCC3)C2)CC1
C1CCC(C2CCC(C3CC(C4CCC(C5CCCCC5)CC4)C3)CC2)CC1
C1CCC(CC2CCC(CC3CCCCC3)CC2)CC1
C1CCC(CC2CCC(CC3CCC(CC4CCCCC4)CC3)CC2)CC1
C1CCC2CC(C3CCCCC3CCC3CCCC(C4CCC5CCCCC54)C3)CCC2C1
C1CCC(CCCC2CCCCC2)CC1
C1CCC(CC2CCCC(C3CCCC(C4CCCC4)C3)C2)CC1
C1CCC(CCCC2CCCCC2C2CCC(CCCC3CC4CCCCC4C3)CC2)CC1
C1CCC(CCC2CC(CC3CCCCC3)C3CCCCC23)CC1
C1CCC(CCC2CCC(CCCC3CCC(C4CCCCC4)CC3)CC2)CC1
C1CCC(C2CCCC(C3CCCCC3C3CCCCC3)C2)CC1
C1CCC(CCCCC2CCC(C3CCCC(C4CCCCC4)C3)CC2)CC1
C1CCC(CCC2CC(C3CCCCC3)CC(C3CCCC(C4CCCCC4)C3)C2)CC1
C1CCC(CC2CCC(C3CCCCC3)C(C3CCC(C4CCCCC4)CC3)C2)CC1
C1CCC(CCCC2CCCC(CCC3CCCCC3)C2)CC1
C1CCC(CC2CCC(C3CCCCC3)CC2)CC1
C1CCC(CC2CCC(CC3CCC(CC4CCC5CCCCC5C4)C3)CC2)CC1
C1CCC(C2CCCCC2)CC1
C1CCC(C2CCCC(CCCC3CCC4CCC(C5CCCCC5)C4C3)C2)CC1
C1CCC(CCCC2CCC(C3CCCC(CCC4CC5CCCCC5C4)C3)CC2)CC1
C1CCC(CC2CCC(CCC3CCC(C4CC(CC5CCCC5)C5CCCCC54)CC3)CC2)CC1
C1CCC(CC(CC2CCC(C3CCCC(C4CC4)C3)CC2)C2CCCCC2)CC1
C1CCC(CCCCC2CCC(C3CCCC(C4CCCCC4)C3)CC2)CC1
C1CCC(CCCC2CCC(CC3CCCCC3)CC2)CC1
C1CCC(CCCC2CCC(C3CC3)CC2C2CCCCC2)CC1
C1CCC(CC2CCC(CC3CCCC(C4CCCCC4)C3)CC2)CC1
C1CCC(CCC2CCC(CC3CCCCC3)CC2)CC1
C1CCC(CCC2CCC(C3CCCCC3)CC2)CC1
C1CCC(CC2CCC(CC3CCCC(CC4CC4)C3)CC2)CC1
C1CCC(C2CCCCC2C2CCCCC2)CC1
C1CCC(C2CCC(C3CCC4CCCC(C5CCCCC5)C4C3)CC2)CC1
C1CCC(C2CCC(CC3CCCC(C4CCCCC4C4CCCC4)C3)CC2)CC1
C1CCC(CC2CCC(C3CCCCC3)CC2)CC1
C1CCC(CCC2CCC(CC3CCCCC3)CC2C2CCC(CC3CCCCC3)CC2)CC1
C1CCC(C2CC(C3CCCCC3)C3CCCCC23)CC1
C1CCC(CCCCC2CCC(CC3CCCCC3C3CCCCC3)CC2)CC1
C1CCC(CC2CCC(CC3CCCCC3)CC2)CC1
C1CCC(CCC2CCCC(C3CCC(C4CCCCC4)CC3)C2)CC1
C1CCC(CC2CC3CCC(C4CCCCC4)CC3C(C3CCCCC3)C2)CC1
C1CCC(C2CCC(CCC3CCCC(C4CCCCC4)C3)CC2)CC1
C1CCC(C2CC(CC3CCC(C4CC5CCCCC5C4)CC3)C3CCCCC32)CC1
C1CCC(CCC2CCCCC2C2CCCCC2)CC1
C1CCC(CC2CCC(CCC3CCCCC3CC3CCCCC3)CC2)CC1
C1CCC(CC2CCCC(CCC3CCCC(CC4CCCCC4)C3)C2)CC1
C1CCC(CCC2CCC(CCC3CC(C4CCCCC4)C4CCCCC34)CC2)CC1
C1CCC(CCC2CCCCC2C2CCCC(C3CCCC(C4CC5CCCCC5C4)C3)C2)CC1
C1CCC(C2CCCC2C2CCC(CC3CCC(C4CCC5CCCCC5C4)CC3)CC2)CC1
C1CCC(CC2CCCC(C3CCCC(C4CCCCC4)C3)C2)CC1
C1CCC(C2CCCC(C3CCCC(C4CCCCC4)C3)C2)CC1
C1CCC(C2CC(C3CCCCC3)CC(C3CCCC4CCCCC43)C2)CC1
C1CCC(CC2CCC(C3CCC(C4CCCCC4)CC3)CC2)CC1
C1CCC(CC2CCCC(CC3CCCCC3)C2)CC1
C1CCC(CC2CCC(C3CCCCC3)CC2)CC1
C1CCC(C2CCCC(C3CCCCC3)C2)CC1
C1CCC(CC2CCC(C3CCCC(CC4CCCC4)C3)CC2)CC1
C1CCC(C2CCC(CCC3CCC(C4CCCC5CC(C6CCCCC6)CCC54)CC3)CC2)CC1
C1CCC(C2CCC(CC3CCC(CC4CCCCC4C4CCCCC4)CC3)CC2)CC1
C1CCC(CC2CCC(C3CC(C4CCC(C5CCCCC5)CC4)C3)CC2)CC1
C1CCC(C2CCC(C3CCCC(C4CCC(C5CCCC5)CC4)C3)CC2)CC1
C1CCC(C2CCC(C3CCCC(C4CCCCC4)C3)CC2)CC1
C1CCC(CC2CCC(C3CCCCC3C3CCCCC3)CC2)CC1
C1CCC(CC2CCCCC2C2CCC(C3CCC4CCCCC4C3)CC2)CC1
C1CCC(C2CCCCC2C2CCC(CCCCC3CC3)CC2)CC1
C1CCC(C2CCCCC2CCCC2CC(C3CCCC3)CCC2CCCCC2CC2)CC1
C1CCC(C2CCCC(CC3CCC(C4CCCCC4)C3)C2)CC1
C(CCCC1CCCCC1C1CCCC1)CCC1CCCCC1
C1CCC(CCC2CCC(C3CCCC3)CC2)CC1
C1CCC(CCCC2CCC3C(CCC3CC3CCCC(CC4CCCCC4)C3)C2)CC1
C1CCC(C2CC(CCC3CC3)CC(CCC3CCCCC3C3CCCCC3)C2)CC1
C1CCC(CCCC2CCCC(C3CCC4CCC(CC5CCCC5C5CCCCC5)CC43)C2)CC1
C1CCC(CC2CCC(CC3CCCC(C4CCCC(C5CCCC5)C4)C3)CC2)CC1
C1CCC(C2CCCC(C3CCCC(CCCCC4CC5CCCCC5C4)C3)C2)CC1
C1CC(C2CCC(C3CCCC(C4CC4)C3)CC2)C1
C(CCC1CCC(CC2CCC(C3CCC4CCCCC4C3)CC2)CC1)CC1CCC1
C1CCC(CC2CC(C3CCC(C4CCCCC4)CC3C3CCCC3)C3CCCCC23)CC1
C1CCC(C2CCC(C3CCC(C4CCCCC4)C(C4CCCCC4)C3)C2)CC1
C1CCC(CCC2CC3CCCCC3C2)C(CCCC2CC3CCCCC3C2)C1
C1CC2CCC(C3CCC(C4CCCCC4C4CCCC4)CC3)CC2C1
C1CCC(CC2CCC(C3CCCC(C4CCCCC4C4CC4)C3)CC2)CC1
C1CCC(CCC2CC(C3CCCCC3)C3CC(CC4CCCCC4)CCC23)CC1
C1CCC(CC2CCCC(C3CC(CC4CCCCC4)C4CCCCC43)C2)CC1
C1CCC(C2CCCC(C3CCC4CCCC4C3)C2)CC1
C1CCC(CC2CCC(C3CCCC(CC4CC5CCCCC5C4)C3)CC2)CC1
C1CCC(CC2CCCC(CCC3CCC(C4CCCCC4)CC3)C2)CC1
C1CCC(CCC2CCCC2CC2CCCCC2C2CCCCC2C2CCCCC2)CC1
C1CCC(C2CCCC(C3CCCC(C4CCCC4)C3)C2)CC1
C1CCC(CCC2CCCC(C3CCCCC3)C2)CC1
C1CCC(C2CCCCC2CCC2CCC(C3CCCC3)CC2)CC1
C(CC1CCC(CC2CCC(C3CCCC(C4CCCC4)C3)CC2)CC1)CC1CC2CCCCC2C1
C1CCC(CC2CC(CC3CCC(C4CCCCC4)CC3)C3CCCCC23)CC1
C1CCC(CCC2CCC(CC3CCCCC3)CC2)CC1
C1CCC(CCCC2CCC(CC3CCCCC3)CC2)CC1
C1CCC(CC2CCC(CC3CCCC(CC4CCCCC4C4CCC(C5CCCCC5)C4)C3)CC2)CC1
C1CCC(CCCCC2CCCC(C3CCCCC3C3CCCCC3)C2)CC1
C1CCC(CC2CCC(CC3CCCC(C4CCCCC4)C3)CC2)CC1
C1CCC(CC2CCCC(C3CCC(C4CCCC4)CC3)C2)CC1
C1CCC(CC2CCCC(C(C3CCCCC3)C3CCCCC3)C2)CC1
C1CCC(C2CCC(C3CCC(CC4CCC5CCCCC54)CC3)CC2)CC1
C1CCC(CCCC2CCC(C3CCCC(CCC4CCCCC4)C3)CC2)CC1
C1CCC(CCC2CCCC(C3CCCCC3)C2)CC1
C1CCC(CC2CC(CCCC3CCC(C4CCCCC4)CC3)C3CCCCC23)CC1
C1CCC(CC2CC(C3CCCCC3)C3CCCCC23)CC1
C1CCC(C2CCC(CCC3CCC4CCCCC4C3)CC2C2CCCCC2)CC1
C1CCC(C2CC(C3CCCCC3)C(C3CCCCC3)C3CCCC23)CC1
C1CCC(C2CCCC(CCCC3CCCC(C4CCCCC4)C3)C2)CC1
C1CC(C2CCCC(CCC3CC(C4CCC(C5CCCC(C6CCC6)C5)CC4)C4CCCCC34)C2)C1
C1CCC(CCCC2CCCC(C3CCCCC3)C2)CC1
C1CCC(CCC2CCCC(C3CCCCC3C3CCC(C4CCCC4)CC3)C2)CC1
C1CCC(CC2CCC(CC3CCCCC3C3CCCCC3)CC2)CC1
C1CCC(CC2CCCCC2)CC1
C1CCC(CC2CCCCC2C2CCCC(C3CC(C4CCCCC4)CC(C4CC4)C3)C2)CC1
C1CCC(CCC2CCCC(C3CC(C4CCCCC4)CC(C4CCCC4)C3)C2)CC1
C1CCC(CC2CCC(C3CCC(C4CC4)CC3C3CCCCC3)CC2)CC1
C1CCC(C2CCCC(CC3CCCC(C4CCCC4)C3)C2)CC1
C1CCC(C2CC(C3CCCCC3)C3CCCCC23)CC1
C1CCC(CC2CCC(C3CCCC(C4CCC5CCCC5C4)C3)CC2)CC1
C1CCC(C2CCC(C3CCCC(C4CC4)C3)CC2)CC1
C1CCC(C2CCC3CCCC(C4CCCCC4)C3C2)CC1
C1CCC(CC2CCC3C(CC4CCCCC4)CCC3C2)CC1
C1CCC(CC2CCC(CC3CCCCC3)CC2)CC1
C1CCC(CCC2CCCC(CC3CCC3)C2CCC2CCCCC2)CC1
C1CCC(CCC2CCC3C(C2)C(CC2CCCCC2)CC3C2CCCCC2)CC1
C1CCC(C2CCC(C3CCCCC3CCC3CC3)CC2)CC1
C1CCC(CC2CCCC(C3CCC4CC(CCCCCC5CCCCC5C5CC5)CCC43)C2)CC1
C1CCC(CC2CC(C3CCCCC3C3CCC4CCCCC4C3)C3CCCCC23)CC1
C1CCC(CCC2CC(CC3CCCCC3)CCC2CC2CCC2)CC1
C1CCC(CC2CCC(CCC3CC(C4CCCCC4)C4CCCCC34)CC2)CC1
C1CC(CCC2CC2)CC(CC2CCC3CCCC3C2)C1
C1CCC(C2CCCCC2C2CCC(CC3CCC(C4CCCC(C5CCCC5)C4)CC3)CC2)CC1
C1CCC(C2CCC(C3CCCC4CC(C5CCCCC5)CCC43)CC2)CC1
C1CCC(CCC2CCCC(C3CCC4C(CCC4C4CCCC4)C3)C2)CC1
C1CCC(CCC2CCC(C3CCCCC3)C(C3CCCCC3)C2)CC1
C1CCC(C2CCCC(C3CCCCC3)C2)CC1
C1CCC(CCC2CCCC(CC3CCCC(C4CCC5CCCC5C4)C3)C2)C1
C1CCC(CC2CCCC(CCCCCCC3CCCC(C4CCCCC4)C3)C2)CC1
C1CCC(CCCCCC2CCC(CC3CCCCC3)CC2)CC1
C1CCC(CCC2CCC(CC3CCCC(CC4CCCCC4)C3)CC2)CC1
C1CCC(CC2CCC(C3CCCC(C4CCCC(CC5CCCCC5)C4)C3)CC2)CC1
C1CCC(C2CCC(C3CCCC(CC4CCCCC4C4CCCCC4)C3)CC2)CC1
C1CCC(CC2CCCC(CC3CCCC(C4CCC(C5CCCC(C6CCCCC6)C5)CC4)C3)C2)CC1
C1CCC(C2CCC(C3CCCC(CCC4CCCCC4C4CCCCC4)C3)CC2)CC1
C(CCCC1CCC(CC2CCCCC2)CC1C1CCCC1)CCC1CCCC1
C1CCC(CCCC2CCC(CC3CCC(C4CCCCC4C4CCCCC4)C3)CC2)CC1
C1CCC(CCC2CCCCC2C2CCC3CCCCC3C2)CC1
C1CCC(CCC2CCC(C3CCCC(C4CCCCC4)C3)CC2)CC1
C1CCC(CCCCC2CCC(C3CCCCC3C3CCC4CCCC4C3)CC2)CC1
C1CCC(C2CC(C3CCCCC3)CC(C3CC4CCCCC4C3)C2)CC1
C1CCC(C2CCCC(C3CCC(CCC4CCC5CCCCC5C4)CC3)C2)CC1
C1CCC(C2CCC(C3CCCCC3C3CCC4CCCC4C3)CC2)C1
C1CCC(CC2CCCC(CC3CCCC(C4CCCC4)C3)C2)CC1
C(CCCC1CCCC(C2CC(C3CCCC3)CCC2C2CCCCC2)C1)CCC1CCCCC1
C1CCC(CCCCC2CCC(C3CCC(CC4CCCCC4)CC3)CC2)CC1
C1CCC(CC2CCC3C(CC4CCCCC4)CC(CC4CCCCC4)C3C2)CC1
C1CCC(CC2CCC(C3CCCCC3)CC2)CC1
C1CCC(CCCC2CCCC(C3CC(C4CC4)CC(C4CCCC(C5CCCCC5)C4)C3)C2)CC1
C1CCC(CCC2CC3CCC(CC4CCCCC4)CC3C(C3CCCCC3)C2)CC1
C1CCC(CC2CCC(CC3CC4CCCCC4C3)C(C3CCC4CCCCC4C3)C2)CC1
C1CCC(C2CCCC(CC3CCCCC3CC3CCCC(C4CCC4)C3)C2)C1
C1CCC(CCC2CCCC(CC3CCCCC3)C2)CC1
C1CCC(CC2CCCCC2CCCCC2CCCCC2C2CCC(CC3CC3)CC2)CC1
C1CCC(C2CCCCC2C2CCCCC2C2CCCCC2)CC1
C1CCC(CCC2CC(CC3CCC(CC4CCCCC4)CC3)CC(C3CCCCC3)C2)CC1
C1CCC(CC2CCC(CC3CCCCC3)C(CC3CCCCC3)C2)CC1
C1CCC(C2CCCC(CCC3CCC(CCC4CC5CCCCC5C4)CC3)C2)CC1
C1CCC(CCC2CCC(C3CCCCC3)CC2)CC1
C1CCC(CC2CCCC(C3CCCCC3)C2)CC1
C1CCC(CCCCC2CCC(CC3CCCC(C4CCCCC4)C3)CC2)CC1
C1CCC(C2CCC(CC3CCCC4CC(C5CCCCC5)CCC34)CC2)CC1
C1CC2CCC(CC3CCCC(C4CCC(C5CC5)CC4)C3)CC2C1
C1CCC(C2CCCC(C3CCCC(CC4CC(C5CCCCC5)C5CCCCC45)C3)C2)CC1
C1CCC(C2CC(C3CCCC(C4CCC(CC5CC6CCCCC6C5)CC4)C3)C3CCCCC23)CC1
C1CCC(CCCC2CCC(C3CCC(C4CCCC4)CC3)CC2)CC1
C1CCC(CCC2CCCC(C3CCCC(C4CCCC(C5CC5)C4)C3)C2)CC1
C1CCC(CCC2CCC(CC3CCCCC3)CC2)CC1
C1CCC(CC2CCC(CCCC3CCC(CC4CCC(C5CCCCC5)CC4)CC3)CC2)CC1
C1CCC(C2CCCC(C3CCCC(C4CCCCC4)C3)C2)CC1
C1CCC(CCC2CCCC(C3CC(C4CC4)CC(C4CCCC(CC5CCCCC5)C4)C3)C2)CC1
C1CCC(CC2CCC(CCC3CCC(C4CCC4)CC3)CC2)CC1
C1CCC(CC2CC(C3CCCCC3)C3CCCCC23)CC1
C1CCC(CCCC2CCC(CCCC3CCCC(C4CCCCC4)C3)CC2)CC1
C1CCC(CCC2CCC(C3CCCC3)CC2)CC1
C1CCC(CC2CCCC(C3CCCCC3CC3CCCCC3)C2)CC1
C1CCC(CC2CCC(C3CCCC(C4CCCCC4)C3)CC2)CC1
C1CCC(C2CCCC(C3CC(C4CCCC4)CCC3C3CCC4CCCC4C3)C2)CC1
C1CCC(CCCCC2CCC(CC3CCCCC3)CC2)CC1
C1CCC(CC2CCCCC2C2CCCCC2)CC1
C1CCC(CCC2CCCCC2CC2CCCCC2)CC1
C1CCC(CCCC2CCC(CC3CCCCC3)CC2CC2CCCCC2)CC1
C1CCC(CC2CCC(CC3CCCCC3)CC2)CC1
C1CCC(CCC2CCC(CC3CCC(C4CCCC4)CC3)CC2)CC1
C1CCC(CC2CC(C3CCCCC3)CC(C3CCC4CCCCC43)C2)CC1
C1CCC(CC2CCCCC2C2CCCC(C3CCCCC3)C2)CC1
C1CCC(CC2CCCCC2C2CCC(C3CCCC3)CC2C2CCC3CCCCC32)CC1
C1CCC(CC2CCC(CC3CCC(C4CCCCC4C4CCCCC4)CC3)CC2)CC1
C1CCC(CC2CCCCC2CC2CCCCC2)CC1
C1CCC(CC2CCC(CC3CCCCC3CC3CCC(C4CCCC4)CC3)CC2)CC1
C1CCC(CCCC2CCCC(CC3CCCC(C4CCCCC4CC4CCCCC4)C3)C2)CC1
C1CCC(CC2CCC(CC3CC(CC4CCCCC4)CCC3CC3CCCC3)CC2)CC1
C1CCC(CC2CCC(C3CCCCC3C3CCC4CCCCC4C3)CC2)CC1
C1CCC(C2CCCC(CC3CCCCC3C3CCCCC3)C2)CC1
C1CCC(CC2CCC(C3CCCCC3)CC2)CC1
C1CCC2CC(CCC3CCCC(C4CCCC(C5CCCC(C6CCCC6)C5)C4)C3)CCC2C1
C1CCC(CCCCC2CCC(C3CCC4CCCCC43)CC2)CC1
C1CCC(CC2CCC(C3CCC(C4CCC(C5CCC5)CC4)CC3)CC2)CC1
C1CCC(CC2CCC(CCC3CCC(C4CCCCC4)C(C4CCCCC4)C3)CC2)CC1
C1CCC(CC2CCC(CC3CCCC(C4CCCCC4)C3)CC2)CC1
C1CCC(CC2CCC(C3CCCC4CC(C5CCCCC5C5CCCCC5)CCC43)CC2)CC1
C1CCC(CCCC2CCCCC2)CC1
C1CCC(C2CC(C3CCC4CCCCC43)CC3CCCCC32)CC1
C1CCC(CC2CCC(CCC3CCCC(C4CCCCC4)C3)CC2)CC1
C1CCC(CC2CCC(CC3CCC4CCCCC43)CC2)CC1
C1CCC(CC2CCCCC2C2CCCC(CC3CCCC(C4CCC4)C3)C2)CC1
C1CCC(CC2CCCC(C3CCC4C(C5CCCCC5)CC(C5CCCCC5)C4C3)C2)CC1
C1CCC(CC2CCC(CC3CCCC(C4CCCCC4)C3)CC2)CC1
C1CCC(CC2CC(C3CCCCC3)CCC2C2CCCCC2)CC1
C1CCC(CCCC2CCC3CC(C4CCC(C5CCCCC5)CC4)CCC23)CC1
C1CCC(CC2CCC(C3CCC(C4CCCCC4C4CCCCC4)CC3)CC2)CC1
C1CCC(C2CC(C3CCCCC3)CC(C3CCCCC3)C2)CC1
C1CCC(C2CCCCC2C2CCCCC2)CC1
C1CCC(CCC2CCC3CC(C4CCC5CCCCC54)CCC3C2)CC1
C1CCC(CC2CCCC(CCCCC3CCCCC3C3CCCC3)C2)CC1
C(CCC1CCC2CCCCC12)CC1CCCC(C2CC3CCCCC3C2)C1
C1CCC(C2CCCC(C3CCCC(C4CCCCC4)C3)C2)CC1
C1CCC(CC2CC(C3CCCCC3C3CCCCC3)C3CCCCC23)CC1
C1CCC(CC2CCC3C(CCCC3C3CCC(C4CCCCC4)CC3)C2)CC1
C1CCC(C2CCC(CC3CCC3)CC2)CC1
C1CCC(CC2CCC(C3CCCCC3)C(CC3CCCCC3)C2)CC1
C1CCC(CC2CCCCC2C2CCC3CCCCC3C2)CC1
C1CCC(CC2CCCC(C3CCCCC3)C2)CC1
C1CCC(C2CCCC(C3CC(C4CCCCC4)CC(C4CC4)C3)C2)CC1
C1CCC(C2CCC(CC3CCCCC3C3CCCCC3)CC2)CC1
C1CCC(CC2CCC(C3CCCCC3)CC2)CC1
C1CCC(CC2CCC(C3CCCCC3)C2)CC1
C1CCC(CC2CCCC(C3CCCCC3)C2)CC1
C1CCC(C2CC3CCCCC3C(C3CCCCC3)C2)CC1
C1CCC(CC2CC(C3CCCCC3)CC(C3CCCCC3)C2)CC1
C1CCC(C2CCC(C3CCCCC3C3CCCCC3)CC2)CC1
C1CCC(CC2CC(C3CCC(CCC4CCCC4)CC3)C3CCCCC23)CC1
C1CCC(C2CCC(CC3CCC4CC(C5CCCCC5)CCC4C3)CC2)CC1
C1CCC(CCC2CCCC(C3CCCCC3)C2)CC1
C1CCC(CC2CCC(CC3CCC(CCCC4CCC4)CC3)CC2)CC1
C1CCC(CCC2CCC(CCCCC3CCCC(C4CCCC4)C3)CC2)CC1
C1CCC(C2CCCCC2C2CCC3CCCC3C2)CC1
C1CCC(C2CCC(C3CCC(C4CCCCC4)CC3C3CCCCC3)CC2)CC1
C1CCC(CC2CCC(C3CCCCC3)C(CCC3CCC(C4CCCC4)CC3)C2)CC1
C1CCC(C2CCC(CC3CCC(C4CCCCC4)CC3)CC2)CC1
C1CCC(CCC2CCCCC2C2CCCC(C3CCC4CCCC4C3)C2)CC1
C1CCC(C2CCCC(C3CCCCC3C3CCCC3C3CCC4CCCC4C3)C2)CC1
C1CCC(C2CCC(C3CCCCC3)CC2)CC1
C1CCC(C2CCCC(C3CCCC3)C2)CC1
C1CCC(CCC2CCCCC2C2CCC3CCCCC32)CC1
C(CCC1CCCC(CC2CCC2)C1)CCC1CC2CCCCC2C1
C1CCC(CCCC2CCC3CCCCC3C2)CC1
C1CCC(C2CCCC(CC(CC3CC3)C3CCCCC3)C2)CC1
C1CCC(C2CCCCC2C2CCCCC2)CC1
C1CCC(CC2CCC(CCC3CCC(C4CCCCC4)CC3)CC2)CC1
C1CCC(CCC2CC(CC3CCC(C4CCCCC4)CC3)C3CCCCC23)CC1
C1CCC(CCCC2CCC(C3CCC(C4CCCCC4)CC3)CC2)CC1
C1CCC(CC2CCC(CCCC3CCCC4CCCCC43)CC2)C1
C1CCC(C2CCC(CCC3CCCCC3C3CCC4CCCCC4C3)CC2)CC1
C1CCC(CC2CC(CCC3CCCC(C4CCCCC4)C3)C3CCCCC23)CC1
C1CCC(CCCCC2CC(CC3CCC(C4CCCCC4)CC3)C3CCCCC23)CC1
C1CCC(CCCC2CCCC(C3CC(CC4CCCCC4)CC(C4CCC4)C3)C2)CC1
C1CCC(C2CCCC(C3CCCC(CC4CCCC4)C3)C2)CC1
C1CCC(CC2CC(CCCC3CCCC(C4CCC(C5CCCCC5)CC4)C3)C3CCCCC23)CC1
C1CCC(CC2CCC(C3CCCC(CCCC4CC4)C3)CC2)CC1
C1CCC(C2CCC(C3CCCC(CC4CCCC4)C3)CC2)CC1
C1CCC(C2CCCC(C3CCCCC3C3CCCCC3)C2)CC1
C1CCC(CCCC2CCC(CC3CCC(C4CCCC(C5CCCCC5)C4)CC3)CC2)CC1
C1CCC(CC2CCCC(CC3CCCC(C4CCC(CC5CCCC5)CC4)C3)C2)CC1
C1CCC(CCC2CCC(C3CCC(C4CC(C5CCCCC5)CC(C5CCCCC5)C4)CC3)CC2)CC1
C1CCC(CC2CCC(C3CCCC(C4CCCCC4)C3)CC2C2CCCCC2)CC1
C1CCC(C2CCC(C3CCC(C4CCCC5CC(C6CCCCC6C6CCCCC6)CCC54)CC3)CC2)CC1
C1CCC(CC2CCC(C3CCCC(C4CCCCC4)C3)CC2)CC1
C1CCC(CC2CCC(CCC3CCCC(C4CCCCC4)C3)CC2)CC1
C1CCC(CC2CCC(C3CCCCC3C3CCCCC3CC3CCCCC3)CC2)CC1
C1CCC(C2CCCC(C3CCC(C4CCCCC4)C3)C2)CC1
C1CCC(C2CC(CC3CCCC(C4CC5CCCCC5C4)C3)C3CCCCC32)CC1
C1CCC(CCC2CCC(CC3CCC(CCCC4CCCC(C5CCCCC5)C4)CC3)CC2)CC1
C1CCC(CC2CCC(CCC3CCC(CC4CCCC(CC5CCCCC5)C4)CC3)CC2)CC1
C1CCC2CC(CCC3CCC(CC4CCC(CC5CC6CCCCC6C5)CC4)CC3)CCC2C1
C1CCC(CCCC2CC(C3CCCCC3)CC(C3CCCCC3CCC3CC4CCCCC4C3)C2)CC1
C1CCC2CC(C3CC(C4CCC5CCCCC54)CC4CCCCC43)CC2C1
C1CCC(CC2CCCC(C(C3CCCCC3)C3CCCC(C4CCCCC4)C3)C2)CC1
C1CCC(CC2CCCCC2C2CCCC(C3CCCCC3)C2)CC1
C1CCC(CCCC2CCCCC2)CC1
C1CCC(C2CCCCC2)CC1
C1CCC(CC2CCC(CC3CCCCC3)CC2)CC1
C1CCC(C2CCCCC2C2CCC(CC3CCC3)CC2)CC1
C1CCC(CC2CCC(C3CCCC3)CC2)CC1
C1CCC(C2CCC(CC3CCC(CC4CCC(C5CC5)CC4)CC3)CC2)C1
C1CCC(CC2CCCC(C3CCCC(CC4CCC(C5CCCCC5)CC4C4CC4)C3)C2)CC1
C1CCC(C2CC(CC3CCC(CC4CCCC(CC5CC5)C4)CC3)CCC2C2CCC2)CC1
C1CCC(C2CCCC(CCC3CCC(C4CCC5CCCCC54)CC3)C2)CC1
C1CCC(C2CCCCC2C2CCC3CCCC3C2)CC1
C1CCC(CC2CCC(CC3CCCCC3)C(C3CCCCC3)C2)CC1
C1CCC(CCC2CCC(CCC3CC4CCCCC4C3)CC2)CC1
C1CCC(C2CCC(C3CCCCC3C3CCCCC3)CC2)CC1
C1CCC(CC2CCC(C3CCC(C4CCCCC4)CC3)CC2)CC1
C1CCC(CC2CCC(C3CCCCC3C3CCCCC3)CC2)CC1
C1CCC(CC2CCC(CCCC3CCC(C4CCCCC4)CC3)CC2)CC1
C1CCC(C2CCCC(C3CCC(CC4CCCC4)CC3)C2)CC1
C1CCC(CCC2CCC(C3CCCCC3C3CCC4C(CC5CCCCC5)CCC4C3)CC2)CC1
C1CCC(CCC2CCC3C(CCCC4CC4)CC(C4CCCCC4)C3C2)CC1
C1CCC(CCC2CCCCC2C2CCCCC2)CC1
C1CCC(CCCC2CCCCC2CCC2CCCC(C3CCCCC3)C2)CC1
C1CCC(C2CCC(C3CCCCC3C3CCCCC3)CC2)CC1
C1CCC(C2CCC(C3CCC(C4CCC5CCCCC5C4)CC3)CC2)CC1
C1CCC(C2CCCC(C3CCC(C4CCCC4)C(C4CCCC4)C3)C2)CC1
C1CCC(CC2CCCCC2C2CCCCC2)CC1
C1CCC(CC2CCC(C3CCC(CC4CCCCC4)CC3C3CCCCC3)CC2)CC1
C1CCC(CC2CCC(CC3CCC4C(CC5CCCCC5)CCC4C3)CC2)CC1
C1CCC(CC2CC(C3CCCCC3)CC(C3CCCCC3)C2)CC1
C1CCC(CCCC2CCCC(CC3CC(C4CCC5CCCCC54)C4CCCCC34)C2)CC1
C1CCC(CC2CCC(CC3CCCCC3)CC2)CC1
C1CCC(C2CC(C3CCC4CCCCC43)CC3CCC(C4CC4)CC32)CC1
C1CCC(CCC2CCC(C3CCCCC3C3CCCCC3)CC2)CC1
C1CCC(CC2CCCC(C3CCCCC3)C2)CC1
C1CCC(C2CCCC(C3CCCC(CC4CCCCC4C4CCC4)C3)C2)C1
C1CCC(CCCC2CCCCC2C2CCC3CCCCC3C2)CC1
C1CCC(CCC2CCCC3CC(C4CCCCC4)CCC23)CC1
C1CCC(C2CCCC(C3CCC(C4CCCC4)CC3)C2)CC1
C1CCC(C2CCCCC2C2CCCCC2)CC1
C1CCC(C2CCCC(CCC3CCCCC3C3CCC(CC4CCC5CCCCC54)CC3)C2)CC1
C1CCC(CCCC2CCC(C3CCCC(CC4CC5CCCCC5C4)C3)CC2)CC1
C1CCC(C(C2CCCCC2)C2CCCC(C3CCC(CC4CC5CCCCC5C4)CC3)C2)CC1
C1CCC(CCCCC2CCC(C3CCCC(C4CCC4)C3)CC2)CC1
C1CCC(CCC2CCCC(CC3CCC4CCCCC43)C2)CC1
C1CCC(C2CCC(CCCC3CC4CCCCC4C3)CC2)CC1
C1CCC(CC2CCC(CC3CCCCC3)CC2)CC1
C1CCC(CC2CCC(C3CCCCC3)CC2)CC1
C1CCC(C2CCCC(C3CCCC(CC4CCC(C5CC6CCCCC6C5)CC4)C3)C2)CC1
C1CCC(CCCCC2CC3CCC(C4CCCCC4)CC3C(C3CCCCC3)C2)CC1
C1CCC(C2CCC(C3CCCC(CC4CCCCC4C4CCCC4)C3)CC2)CC1
C1CCC(CCC2CCC(C3CCCC3C3CCC(C4CCCCC4)CC3)CC2)CC1
C1CCC(CCC(CC2CCC(C3CC(C4CCCCC4)C3)CC2)C2CCCCC2)CC1
C1CCC(CC2CCC(CC3CC4CCCCC4C3)CC2)CC1
C1CC(CCC2CCC3CCCCC3C2)CC(CCC2CCC3CCCC3C2)C1
C1CCC(CC2CCC(CC3CCC(CC4CCCCC4)C(C4CCCCC4)C3)CC2)CC1
C1CCC(CC2CCC(C3CCCCC3)CC2)CC1
C1CCC(CCC2CC(C3CCCCC3)CC(C3CCC3)C2)CC1
C1CCC(CCCC2CCCC(CCC3CCCC(C4CCCCC4)C3)C2)CC1
C1CCC(CC2CCC(CC3CCCCC3)CC2)CC1
C1CCC(CC2CC3CCC(C4CCC(C5CCCCC5)C4)CC3C(C3CCCCC3)C2)CC1
C1CCC(C2CCCC(C3CCCCC3)C2)CC1
C1CCC(C2CCCCC2C2CCCCC2)CC1
C1CCC(CCCC2CCC(C3CCC(C4CCCCC4)CC3CC3CCCCC3)CC2)CC1
C1CCC(C2CCC(CCCCC(C3CCCCC3)C3CCCCC3)CC2)CC1
C1CCC(CCC2CCCC(C3CCCC(C4CCCCC4)C3)C2)CC1
C1CCC(C2CCCC(C3CCCC(CC4CC5CCCCC5C4)C3)C2)CC1
C1CCC(C2CCC(CCCC3CCC(C4CCCCC4)CC3)CC2)CC1
C1CCC(CC2CCCC(CCC3CCC(CC4CCCCC4)C(CCC4CC4)C3)C2)CC1
C1CCC(CCCC2CCCCC2CC2CCCCC2)CC1
C1CCC(CCC2CCCC(CC3CCC4CC(CC5CCCCC5)CCC34)C2)CC1
C1CCC(CC2CCC(C3CCCC3)C(C3CCC4CCCC4C3)C2)CC1
C1CCC(CCCC2CCC(C3CCC(C4CCC(C5CCCC5)CC4)CC3)CC2)CC1
C1CCC(CCCC2CCC(C3CC(C4CCC(C5CCC6CCCCC65)CC4)C3)CC2)CC1
C1CCC(CC2CCCC(C3CCC(CC4CCCCC4)C(C4CCC5CCCC5C4)C3)C2)CC1
C1CCC(CCC2CCCCC2C2CCCCC2)CC1
C1CCC(C2CCC(CC3CCC(CCCCC4CCCC5CCCCC45)CC3)CC2)CC1
C1CCC(C2CCCC(CC3CC(C4CCCCC4)CC(C4CC4)C3)C2)CC1
C1CCC(C2CCCC(C3CCC(C4CCCC5CC(C6CCCCC6)CCC54)C3)C2)CC1
C1CCC(C2CCC(CC3CCCC(C4CCC4)C3)CC2)C1
C1CCC(CC2CCC(CCC3CCCC(C4CCCCC4)C3)CC2)CC1
C1CCC(C2CCCC(C3CCCCC3)C2)CC1
C1CCC(C2CCCC3CCCCC32)CC1
C1CCC(CC2CCCCC2CC2CCCCC2C2CCC3CCCCC3C2)CC1
C1CCC(CCC2CCC(CC3CCCCC3)CC2)CC1
C1CCC(C2CCC(CC3CCCC(C4CCC(C5CCC(C6CCC6)CC5)CC4)C3)CC2)C1
C1CCC(C2CCCC(CC3CCC(C4CCCCC4C4CCCC4)CC3)C2)CC1
C1CCC(C2CCC(CC3CCCC(C4CCC(C5CCCCC5C5CCCC5)C4)C3)CC2)CC1
C1CCC(C2CCC(CCC3CCCCC3C3CCCCC3)CC2)CC1
C1CCC(C2CCC(C3CC4CCCCC4C(C4CCCC4)C3)CC2)CC1
C1CCC(C2CCC(CC3CCCC(C4CCCC(C5CCCCC5)C4)C3)CC2)CC1
C1CCC(C2CCCC(C(C3CCCCC3)C3CC3)C2)CC1
C1CCC(C2CCC(CCCCCC3CCCCC3C3CCCC3)CC2)CC1
C1CCC(CCC2CC(CCC3CCC(CC4CCCCC4)CC3)C3CCCCC23)CC1
C1CCC(CC2CCC(C3CCC4C(CCCC4C4CCCCC4)C3)CC2)CC1
C1CCC(CC2CCC(C3CCCCC3)CC2)CC1
C1CCC(C2CCC(CC3CCC(C4CCCCC4C4CCCCC4)CC3)C2)CC1
C1CCC(CC2CC(C3CCC(C4CCCCC4)CC3)C3CCCCC23)CC1
C1CCC(C2CCC(CC3CCC(C4CCC5CCCC5C4)CC3)CC2)CC1
C1CCC(CCCCCC2CCCC(CCCC3CCCCC3)C2)CC1
C1CCC(CCCC2CCC(C3CCCC(CC4CC5CCCCC5C4)C3)CC2)CC1
C1CCC(CC2CCCCC2)CC1
C1CCC(CC2CC(C3CCCC(C4CCCCC4)C3)C3CC(C4CCCCC4)CCC23)CC1
C1CCC(C2CCCCC2C2CCC(C3CCCC3)CC2)CC1
C1CCC(CC2CC(C3CCCCC3)C3CCCCC23)CC1
C1CCC(CC2CCC(CCC3CCC(C4CCC4)CC3)CC2)CC1
C1CCC(C2CCC(C3CCCC(C4CCCCC4)C3)CC2)CC1
C1CCC(C2CCCCC2C2CCC3CCCC3C2)CC1
C1CCC2CC(CCCC3CCCCC3C3CCCC(CC4CCCCC4C4CCCC4)C3)CC2C1
C1CCC(C2CCC(C3CCCCC3)C(C3CCCC3)C2)CC1
C1CCC(CCCCC2CCC(C3CCCC(CC4CCCCC4)C3)CC2)CC1
C1CCC(CCCC(CCC2CCCC(C3CCC3)C2)C2CCCCC2)CC1
C1CCC(CC2CCC(C3CCCC(C4CCC(C5CCCC5)CC4)C3)CC2)CC1
C1CCC(CCCC2CCC3CC(C4CCC5CCCCC54)CC(C4CCCCC4)C3C2)CC1
C1CCC(C(C2CCC(CC3CCCC3)CC2)C2CCCC(C3CC3)C2)CC1
C1CCC(CCCCCC2CCCC(C3CCCCC3)C2)CC1
C1CCC(CCCC2CC(CC3CCCCC3)CC(CC3CCCCC3)C2)CC1
C1CCC(CCCC2CCCCC2)CC1
C1CCC(CC2CCCCC2C2CCCCC2)CC1
C1CCC(C2CCCC(CC3CCC(C4CCCC(CC5CCC5)C4)CC3)C2)CC1
C1CC(CC2CCC(CC3CCC(CCC4CC4)CC3)CC2)CC(CC2CC2)C1
C1CCC(CCCC2CCCCC2CC2CCCCC2)CC1
C1CCC(C2CCC(C3CCC(C4CCC5CCCC5C4)C3)CC2)CC1
C1CCC(CC2CCC(C3CCCCC3)C(CCC3CC4CCCCC4C3)C2)CC1
C1CCC(CCCCC2CCCC(CC3CCCC(CC4CCCCC4)C3)C2)CC1
C1CCC(CC2CCCC(C3CCC(C4CCCC(C5CCCCC5)C4)CC3)C2)CC1
C1CCC(CCCCC2CCCC(C3CCC(C4CCCCC4)CC3)C2)CC1
C1CCC(CC2CC(CC3CCC(CC4CCCC4)CC3)C3CCCCC23)CC1
C1CCC(C2CCCC(C3CCCCC3)C2)CC1
C1CC(C2CCC(C3CCCC(CC4CCCCC4C4CCCC4)C3)CC2)C1
C1CCC(CCC2CCCCC2CCC2CCC(CC3CCCC(CCC4CC5CCCCC5C4)C3)CC2)CC1
C1CCC(CC2C(C3CCCC3)CCCC2C2CCC(C3CCCC3)CC2)CC1
C(CCC1CCCC1)CCC1CCC(CC2CCCC(C3CCCCC3)C2)CC1
C1CCC(C2CCCC(C3CCCCC3)C2)CC1
C1CCC(C2CCC(C(C3CCCCC3)C3CCCC(C4CCCC4)C3)CC2)CC1
C1CCC(C2CCC(CC3CCC(C4CCCCC4)CC3)CC2)CC1
C1CCC(CCC(C2CCCCC2)C2CCCCC2)CC1
C1CCC(CCC2CC(CCC3CCCCC3)CC(C3CCCCC3)C2)CC1
C1CCC(C2CCCCC2)CC1
C1CCC(C2CCCC(CCC3CCC4CCCCC4C3)C2)CC1
C1CCC(CCC2CCC(CC3CCC(CCC4CCC4)CC3)CC2)CC1
C1CCC(CCC2CCC(C3CCC4CCCCC43)CC2)CC1
C1CCC(CCC2CCC3CC(C4CCCCC4)CCC23)CC1
C1CCC(C2CCCC(CCC3CCC(C4CCCC4)CC3)C2)CC1
C1CCC(C(CC2CCCC(C3CC4CCCCC4C3)C2)C2CCCCC2)CC1
C1CC(CC2CCC3CCCCC32)CC(C2CC(CC3CC3)CC(C3CC4CCCCC4C3)C2)C1
C1CCC(CC2CCC(C3CCCC(C4CCCCC4)C3)CC2)CC1
C1CCC2CC(CC3CC(CC4CCC(C5CCC6CCCC6C5)CC4)C4CCCCC34)CCC2C1
C1CCC(C2CCCCC2)CC1
C1CCC(CCCC2CCCC(C3CCCC(CC4CCCCC4)C3)C2)CC1
C1CCC(CC2CCCC(CCCC3CCCCC3C3CCCCC3)C2)CC1
C1CCC(C2CCCC(C3CCC4C(CCC4C4CCCC4)C3)C2)C1
C1CCC(C2CCC3CCCCC3C2)CC1
C(CCCC1CCCC(C2CCCCC2)C1)CCC1CCCCC1
C1CCC(CC2CCCC(CCC3CCCC(C4CCCCC4)C3)C2)CC1
C1CCC(C2CCCC(CC3CCCCC3C3CCCCC3)C2)CC1
C1CCC(C2CCC(C3CCCC3)CC2)CC1
C1CCC(CCC2CCCC(C3CCC(CC4CCCCC4)CC3)C2)CC1
C1CCC(CCC2CC(C3CCCC3)CCC2C2CCCCC2)CC1
C1CCC(CC2CCC(CCC3CCC(CC4CCC(C5CCCCC5)CC4)CC3)CC2)CC1
C1CCC(C2CCC(CC3CCC4CCCCC4C3)CC2CCC2CCC(C3CC3)CC2)CC1
C1CCC(C2CCC(C3CCCC3)C(C3CCCCC3)C2)CC1
C1CCC(C2CCC(C3CCC(C4CCCC4)CC3)CC2)CC1
C1CCC(CCCC2CCC(CC3CCC(CCC4CC4)CC3)CC2)CC1
C1CCC(CCC2CCC3CC(CCC4CCCC4)CC(C4CCCCC4)C3C2)CC1
C1CCC(C2CCCCC2C2CCCCC2)CC1
C1CCC(CC2CCCCC2C2CCCC(C3CCC4C(CCC4C4CCCC4)C3)C2)C1
C1CCC(C2CCC(CC3CCC(CC4CCC(CCC5CCC6CCCCC65)CC4)CC3)CC2)CC1
C1CCC(CCCC2CCCCC2C2CCCCC2C2CCCC2)CC1
C1CCC(C2CCC(CC3CCC(CC4CCCC4)CC3)CC2)CC1
C1CCC(C2CCC(CC3CCCCC3C3CCC4CCCCC4C3)CC2)CC1
C1CCC(CC2CCC(C3CCC3)C(CCCC3CCC(CC4CCCC4)CC3)C2)CC1
C1CCC(CC2CCCCC2)CC1
C1CCC(C2CCCCC2CC2CCC3CCCC(C4CCCCC4)C3C2)CC1
C1CCC(CC2CCC(CC3CCC(C4CCCCC4C4CCCC4)CC3)CC2)C1
C1CCC(CC2CCCCC2CC2CCCC(C3CCCC(C4CCCC4)C3)C2)CC1
C1CCC(CCCCC2CCC(C3CCCCC3C3CCCCC3)CC2)CC1
C1CCC(CC2CCCCC2C2CCCC(CC3CCCC3)C2)CC1
C1CCC(C2CCCC(CCC3CCCC(CCC4CCCC(C5CC6CCCCC6C5)C4)C3)C2)CC1
C1CCC(CCC2CC(C3CC(C4CCCCC4)CC(C4CCC4)C3)C3CCCCC23)CC1
C1CCC(CCC2CCCCC2CCC2CCC(CC3CCCC3)CC2)CC1
C1CCC(CCC2CC(C3CCCCC3)CC(C3CC4CCCCC4C3)C2)CC1
C1CCC(C2CCC(C3CCC(C4CC(C5CCCCC5)C4)CC3)CC2)CC1
C1CCC(CC2CCCC(C3CCCCC3)C2)CC1
C1CCC(C2CC(C3CCCCC3)CC(C3CCCCC3)C2)CC1
C1CCC(CC2CCC(CCC3CCC(C4CCCCC4)CC3)CC2)CC1
C1CCC(CC2CCCCC2C2CCC(C3CCCC(C4CCCCC4)C3)CC2)CC1
C1CCC(CC2CC(C3CCC(C4CCCCC4)CC3)C3CCCCC23)CC1
C1CCC(CCC2CCCC(CC3CCC(C4CCC(C5CCCCC5)CC4)CC3)C2)CC1
C1CCC(CCC2CCC(CC3CCCCC3)CC2)CC1
C1CCC(CCCCC2CCC(C3CCCCC3)CC2)CC1
C1CCC(C2CCC(C3CCCCC3C3CCCCC3)CC2)CC1
C1CCC(C2CCC(CC3CCCC(C4CCCCC4)C3)CC2)CC1
C1CCC(C2CCCCC2CC2CCCC(CCCCC3CCCC3)C2)CC1
C1CCC(C2CCCC(CC3CCCC3)C2)CC1
C1CCC(CCC2CCCC(CC3CCCCC3)C2)CC1
C1CCC(CCC2CCC(C3CCCCC3)CC2)CC1
C1CCC(CC2CCC(C3CCCCC3)CC2)CC1
C1CCC(CC2CCC3C(CCCC3C3CCCCC3)C2)CC1
C1CCC(C2CC(C3CCCC(C4CCCCC4C4CCCC4)C3)C3CCCCC23)CC1
C1CCC(CC2CC(CCCC3CCCC3)C3CC(CC4CCCCC4C4CCCC4)CCC23)CC1
C1CCC(CCCCC2CCC(C3CCCCC3)CC2)CC1
C1CCC2C(C1)CC(C1CCC3CCCCC31)CC2CC1CCC(CC2CC2)CC1
C1CCC(CCC2CCCC(CCC3CCC(C4CCCC(CC5CCCC5)C4)CC3)C2)CC1
C1CCC(CCC2CCC3C(CC4CCCCC4)CC(C4CCCCC4)CC3C2)CC1
C1CCC(CCCC2CC(CC3CCCCC3)CCC2C2CCCCC2)CC1
C1CCC(CCCC2CCC(CC3CCC(C4CCCC(CC5CCCCC5)C4)CC3)CC2)CC1
C1CCC(CCC2CCCCC2C(CCC2CCCCC2)CC2CCCCC2)CC1
C1CCC2CC(C3CCCC(C4CCCC(CC5CC6CC7CCCCC7C6C5)C4)C3)CCC2C1
C1CCC(CC2CCC(C3CCCC(CC4CC5CCCCC5C4)C3)CC2)C1
C1CCC(CCC2CCC(CC3CCCCC3)CC2)CC1
C1CCC(CC2CCCC(C3CCC(CC4CCCCC4CC4CCCCC4)CC3)C2)CC1
C1CCC(C2CCCC(C3CCCC(C4CCCCC4)C3)C2)CC1
C1CCC(CC2CCC(CC3CCCCC3)C(C3CCCCC3)C2)CC1
C1CCC(CCCCC2CCC(CC3CC(C4CCCCC4)CC(C4CCC4)C3)CC2)CC1
C1CCC(CC2CCCC(C3CCC(C4CCCCC4C4CCCCC4)CC3)C2)CC1
C(CCCC1CCC(CC2CCCCC2)CC1)CCC1CCCCC1
C1CCC(CC2CC(C3CCC4CCCCC4C3)CCC2CC2CCCC2)CC1
C1CCC(CC2CCC(C3CCC(C4CCCCC4)CC3)CC2)CC1
C1CCC(CCC2CCC(CC3CCC(C4CCC5CCCCC5C4)CC3)CC2)CC1
C1CCC(C2CC(C3CCC4CCCCC43)C3CCCCC23)CC1
C1CCC(CC2CCCCC2C2CCCCC2)CC1
C1CCC(CCC2CCCC(CCCC3CCCC(CC4CCC5CCCCC54)C3)C2)CC1
C1CCC(C2CC(C3CCCCC3)CC(C3CCC3)C2)CC1
C1CCC(CC2CCCC(C3CCCCC3)C2)CC1
C1CCC(C2CCC(CCCC3CCCC(C4CCCCC4)C3)CC2)CC1
C(CC1CCC(C2CCC2)CC1)CC1CCCC(CCC2CCC3CCCC3C2)C1
C1CCC(C2CCC(CCCC3CCCCC3C3CCC4CCCC4C3)CC2)CC1
C1CCC(C2CCCC(C(C3CCCCC3)C3CCCCC3)C2)CC1
C1CCC(C2CCCC(CC3CCC4CCCCC43)C2)CC1
C1CCC(C2CCC(CC3CCCCC3C3CCC4C(CCCC4C4CCCCC4)C3)C2)CC1
C1CCC(CC2CCC(C3CCCC(CC4CCCCC4)C3)CC2)CC1
C1CCC(CC2CCCCC2C2CCCC(CC3CC4CCCCC4C3)C2)CC1
C1CCC(CC2CCC(C3CCCCC3)C(CCC3CCCC3)C2)CC1
C1CCC(C2CCCC(C3CCCC(C4CCCCC4)C3)C2)CC1
C1CCC(CCC2CCCC(CCC3CCCC(CC4CCCCC4)C3)C2)CC1
C1CCC(C2CCCCC2C2CCCC2)CC1
C1CCC(C2CCC(C3CCCC(CC4CC5CCCCC5C4)C3)CC2)CC1
C1CCC(CC2CCCC(CCCCC3CCCCC3C3CCCCC3)C2)CC1
C1CCC(CCCC2CCC(C3CCC(C4CCC(C5CCCC5)CC4)CC3)CC2)C1
C1CCC(CCC2CCC(CC3CCC(C4CCCCC4CC4CCCCC4)CC3)CC2)CC1
C1CCC(CC2CCCCC2C2CCCCC2C2CCCCC2)CC1
C1CCC(C2CCC(CCCC3CCC(C4CCCCC4)CC3)CC2)CC1
C1CCC(C2CCC(CCCC3CC(C4CCCCC4)CC(C4CCC4)C3)CC2)CC1
C1CCC(CCC2CCC(C3CCCCC3)CC2)CC1
C1CCC(C2CCCC(C3CCC(C4CCC(CC5CCC(C6CCCC6)CC5)CC4)CC3)C2)CC1
C1CCC(CCCC2CCC(CC3CCCCC3)CC2)CC1
C1CCC(C2CCC3CCCC3C2)CC1
C1CCC(CC2CCCC(C3CCC(C4CCCCC4)CC3)C2)CC1
C1CCC(C2CCC(C3CCCCC3C3CCC4CCCCC4C3)CC2)CC1
C1CCC(C2CCC(CC3CCC(C4CCC(CC5CCCC5)CC4)CC3)CC2)CC1
C1CCC(CCC2CCC(CCC3CCC(CC4CCCCC4C4CCCCC4)CC3)CC2)CC1
C1CCC(CC2CCCCC2C2CC3CCCCC3C2)CC1
C1CCC(CCCC2CCC3C(CCC3C3CCCC3)C2)C1
C1CCC(CC2CC(C3CCC(C4CCCC4)CC3)CCC2C2CCC3CCCCC3C2)CC1
C1CCC(CCCC2CCCC(CCCCC3CCCC3)C2)CC1
C1CCC(CCC2CCCC(C3CCCCC3)C2)CC1
C1CCC(CCCC2CCCC(C3CCCCC3)C2)CC1
C1CCC(CC2CCCC(C3CCC(CCC4CC5CCCCC5C4)CC3)C2)CC1
C1CCC(CC2CCCC(C3CCCC(CC4CCCCC4)C3)C2)CC1
C1CCC(CCC2CCCC(C3CCCC(C4CCCC4)C3)C2)CC1
C1CCC(CC2CCCCC2CCC2CCCCC2C2CCCCC2)CC1
C1CCC(CC2CCC(C3CCCC(CC4CCCC4)C3)CC2C2CCCCC2)CC1
C1CCC(CCCC2CCC(CC3CCC(C4CC5CCCCC5C4)CC3)CC2)CC1
C1CCC(CCC2CCC(CC3CCCCC3)CC2CCC2CCCC2)CC1
C1CCC(CC2CCCC(CC3CCCCC3)C2)CC1
C1CCC(CCC2CCC(C3CCCCC3)CC2)CC1
C1CCC(C2CCC(C3CCCCC3)C(C3CCCCC3)C2)CC1
C1CCC(CC2CCCC(C3CCCC4CCCCC43)C2)CC1
C1CCC(CCCC2CCC(CC3CCCCC3)CC2C2CCCCC2)CC1
C1CCC(CCC2CCCCC2C2CCC(C3CCCC(CC4CCCCC4)C3)CC2)CC1
C1CCC(CCC2CCCC(C3CCCCC3C3CCCC3)C2)CC1
C1CCC(CC2CCC(C3CCCCC3)C(CCC3CCC4CCCCC43)C2)CC1
C1CC(C2CCC(C3CCCC(CC4CCC5C(CCCC5C5CCC5)C4)C3)CC2)C1
C1CC(CC2CCC3CCCCC32)CC(CC(C2CCCC2)C2CCCC2)C1
C1CCC(C2CCC(C3CC3)CC2C2CCC(CC3CCC4CCCCC43)CC2)CC1
C1CCC(C2CCCC(C3CCCC(C4CCCCC4)C3)C2)CC1
C(CCC1CCCC(CC2CC2)C1)CC1CCC(C2CCCC(C3CCCC3)C2)CC1
C1CCC(CC2CCC(CC3CCC(CC(C4CCCCC4)C4CCC4)CC3)CC2)CC1
C1CCC(C2CCCC(CCC3CCCC(C4CCCCC4)C3)C2)CC1
C1CCC(CCC2CCCCC2C2CCCCC2CC2CC2)CC1
C1CCC(CC2CCC(C3CCCCC3)C(C3CCCCC3)C2)CC1
C1CCC(CCC2CCCCC2C2CCC(C3CCC4CCCC4C3)CC2)CC1
C1CCC(C2CCCC(C3CCCC(C4CCCCC4C4CCC5CCCCC5C4)C3)C2)CC1
C1CCC(CCCC2CCC(C3CCCC(CCC4CCCCC4)C3)CC2)CC1
C1CCC(C2CCCC(CC3CCC4CC(C5CCCCC5)CCC34)C2)CC1
C1CCC(CC2CCCCC2CC2CCCCC2)CC1
C1CCC(CCC2CCC(CCC3CCCC(C4CCCC4)C3)CC2)CC1
C1CCC(C2CCC(C3CCCCC3)CC2)CC1
C1CCC(CC2CCCCC2CCC2CCC(CC3CCCCC3C3CCCC3)CC2)CC1
C1CCC(C2CCC(CCCC3CC(C4CCCCC4)CC(C4CC4)C3)CC2)CC1
C1CCC(CC2CC(C3CCC4CCCCC43)CC3CCCCC32)CC1
C1CCC(C2CCC(CC3CCCC(C4CCCCC4)C3)CC2)CC1
C1CCC(CCCC2CCC(C3CCC(CC4CCCC4)CC3)CC2)CC1
C1CCC(C(CCCC2CC3CCCCC3C2)CCC2CCCC(C3CCCCC3)C2)CC1
C1CCC(CC2CCC(C3CCCCC3)CC2)CC1
C1CCC(CC2CCC(C3CCC(C4CCC4)CC3)CC2)CC1
C1CCC(CCC2CCC(CC3CCC4CCCC4C3)CC2C2CCCCC2)CC1
C1CCC(CC2CCCC(C3CCCC(CC4CC4)C3)C2)CC1
C1CCC(CCCCC2CCCC(CC3CCC(C4CCCC4)CC3)C2)CC1
C1CCC(CC2CCCCC2C2CCCCC2)CC1
C1CCC(CCC2CC3CCC(CC4CCCCC4)CC3C(C3CCCCC3)C2)CC1
C1CCC(CCCC2CCCC(C3CCCCC3)C2)CC1
C1CCC(CCCC2CCC(C3CCC(CC4CCCCC4)CC3)C2CC2CCCCC2)CC1
C1CCC(CC2CCC(C3CC(CC4CCCCC4)C4CCCCC43)CC2)CC1
C1CCC(CCC2CCC3CCCCC3C2)CC1
C1CCC(CCC2CC(CC3CCCCC3)CCC2C2CCCCC2)CC1
C1CCC(CC2CCCCC2C2CCC(C3CCCC3)CC2)CC1
C1CCC(CCCCC2CCC(CCCCC3CCC(C4CCCCC4)CC3)CC2)CC1
C1CCC(C2CCCCC2C2CCCC(CCC3CC4CCCCC4C3)C2)CC1
C1CCC(CC2CCC(C3CCCCC3)CC2)CC1
C1CCC(CC2CCCCC2)CC1
C1CCC(C2CCCC(CCCC3CCC4CCCCC43)C2)CC1
C1CCC(CCCC2CCC(CC3CCCCC3)CC2)CC1
C1CCC(CC2CCCC(CCC3CC4CCCCC4C3)C2)CC1
C1CCC(C2CCCC(C3CCCC(C4CCC(CC5CCC5)CC4)C3)C2)CC1
C1CCC(CCCC2CCC(CC3CCCCC3)CC2)CC1
C1CCC(CCCCC2CCCC(C(CC3CCCCC3)C3CCCC(CC4CCCCC4)C3)C2)CC1
C1CCC(C2CCCC(CCC3CCC(CC4CCC(CC5CC5)CC4)CC3)C2)CC1
C1CCC(C2CCC(C3CCC(CCCC4CCCCC4CC4CC5CCCCC5C4)CC3)C2)CC1
C1CCC(CC2CCC(C3CCCCC3)CC2)CC1
C1CCC(C2CCCC(C3CCCC4CC(C5CCCCC5)CCC43)C2)CC1
C1CCC(CC2CCC(C3CCC(C4CCCCC4)CC3)CC2)CC1
C1CCC(C2CCC(CC3CCCC(C4CCCC(C5CCCCC5)C4)C3)CC2)CC1
C1CCC(CC2CC(CC3CCC(C4CCC4)CC3)CCC2C2CC3CCCCC3C2)CC1
C1CCC(CCC2CCC(C3CCC(CCC4CCCCC4CC4CCCCC4)CC3)CC2)CC1
C1CCC(CC2CCC(C3CCCCC3)CC2)CC1
C1CCC(CC2CC(C3CCCCC3)C3CCC(C4CCCCC4)CC23)CC1
C1CCC(CCCC2CCC(CC3CCCCC3)CC2CC2CCCCC2)CC1
C1CCC(C2CCC(C3CCC(CC4CCCCC4C4CCC5CCCCC5C4)CC3)CC2)C1
C1CCC(CCC2CCC(CC3CCCC(CC4CCCCC4)C3)CC2)CC1
C1CCC(CCC2CCCCC2C2CCC(C3CCCCC3)CC2)CC1
C1CCC(C2CCC(CC3CCC(CC4CCCC(C5CCC6CCCC6C5)C4)CC3)CC2)C1
C1CCC(C2CCC(C3CCC(CC4CCCC4)CC3)CC2)CC1
C1CC(C2CCC(CC3CCC(C4CCCCC4C4CCCC4)C3)CC2)C1
C1CCC(CC2CCCCC2CCC2CCCC(C3CCCCC3)C2)CC1
C1CCC(CC2CCC(CCCC3CCC(C4CCCCC4)CC3)CC2)CC1
C1CCC(CCCC2CC(C3CCCCC3)C(C3CCC4CCCCC4C3)C(C3CCC3)C2)CC1
C1CCC(CC2CC(C3CCCCC3)C3CC(C4CC4)CCC23)CC1
C1CCC(C2CCC(CCCC3CCC(CC4CCCC4)CC3)CC2)CC1
C1CCC(CCC2CCCC(C3CCCCC3)C2)CC1
C1CCC(C2CCCC(CC3CCCCC3C3CCCCC3)C2)CC1
C1CCC(C2CCC(CC3CCC(C4CC4)CC3)C(C3CCCC3)C2)CC1
C1CCC(C2CCC(C3CC3)CC2)CC1
C1CCC(CC2CCC(CC3CCCCC3)CC2)CC1
C1CCC(CC2CCC(C3CCCC(C4CCCC(C5CC5)C4)C3)CC2)CC1
C1CCC(CC2CCCCC2C2CCC3CCCC3C2)CC1
C1CCC(CCC2CCC(C3CC(CCC4CCCC(C5CCCCC5)C4)C3)CC2)CC1
C1CCC(CCCC2CCC(CC3CCCC(C4CCC(C5CCCCC5)CC4)C3)CC2)CC1
C1CCC(CCC2CCC3CCCC(C4CCCCC4)C3C2)CC1
C1CCC(CCCC2CCCCC2)CC1
C1CCC(CCCC2CCC(CC3CCCCC3)C(C3CCCCC3)C2)CC1
C1CCC(CCCCCC2CCCC(CCC3CCCCC3)C2)CC1
C1CCC(C2CCC(C3CCCCC3)C(C3CCCCC3)C2)CC1
C1CCC(CC2CCC(CC3CCCCC3)CC2)CC1
C1CCC(CC2CCC(CC3CCCC3)CC2)CC1
C1CCC(CCCCC2CCC(CCC3CCCCC3)CC2)CC1
C1CCC(C2CCCCC2C2CCCC2)CC1
C1CCC(C2CCCCC2CC2CCCC(CC(C3CCCC3)C3CCCC3)C2)CC1
C1CCC(CCCC2CCC(CC3CCCCC3)C(C3CC4CCCCC4C3)C2)CC1
C1CCC(CCCCCC2CCC(CC3CCC(C4CCCCC4)CC3)CC2)CC1
C1CCC(C2CCCCC2CCC2CCCC(C3CCCC(C4CC5CCCCC5C4)C3)C2)CC1
C1CCC(CC2CCC(CC3CCC(C4CCCC4)CC3)CC2)CC1
C1CCC(C2CCC(CCCC3CCCCC3C3CCCC3)CC2)CC1
C1CCC(CCCC2CCCC(CC3CCC4CCCCC4C3)C2)CC1
C1CCC(CC2CCC(CC3CCC(C4CCCCC4)CC3)CC2)CC1
C1CCC(CCC2CCCC(CCC3CCCC(CC4CCCCC4)C3)C2)CC1
C1CCC(C2CCCC(C3CCCC(C4CCCCC4C4CCCCC4)C3)C2)CC1
C1CCC(CC2CCC(C3CCCC(CC4CCCCC4CC4CC4)C3)CC2)CC1
C1CCC(CC2CCCC(C3CCCCC3)C2)CC1
C1CCC(CC2CCC(CC3CCC(C4CCCCC4C4CCCC4)CC3)CC2)CC1
C1CCC(C2CCCC(C3CCCC(C4CCC5CCCC5C4)C3)C2)CC1
C1CCC(CCCC2CCC(CC3CCC(C4CCCCC4C4CCCCC4)CC3)CC2)CC1
C1CCC(CC2CC(C3CCC3)C3CC(C4CCCCC4)CCC23)CC1
C1CCC(CCCC2CCC3CC(C4CCCCC4)CC(C4CCCCC4)C3C2)CC1
C1CCC(CCC2CCCC(C3CCCCC3)C2)CC1
C1CCC(C2CCCC(CC3CC(C4CCCCC4)C4CCCCC34)C2)CC1
C1CCC(C2CCC(CC3CCCCC3C3CCCCC3)CC2)CC1
C1CCC(C2CCCC(CC3CCC(CC4CCC5CCCC5C4)CC3)C2)CC1
C1CCC(C2CCCC(C3CCCC(C4CCCC4)C3)C2)CC1
C1CCC(CCC2CC(C3CCC(CC4CCC5CCCCC54)CC3)C3CCC(CC4CCCCC4)CC23)CC1
C1CCC(CCC2CCC(CCCC3CCCC(C4CCCCC4)C3)CC2)CC1
C1CCC(C2CCC3C(CCCC3C3CCCCC3)C2)CC1
C1CCC(C2CCC(C3CCCCC3C3CCCC(CC4CCCC(C5CCCCC5)C4)C3)CC2)CC1
C1CCC(C2CCCC(CCC3CCCC4CCCCC43)C2)CC1
C1CCC(CCCCC2CCC(C3CCCC(C4CCCCC4)C3)CC2)CC1
C1CCC(CCCC2CCCC(C3CCCCC3CC3CCC4CCCCC43)C2)CC1
C1CCC(CC2CCCCC2C2CCCC(C3CCCCC3)C2)CC1
C1CCC(C2CC3CCCCC3C(C3CCCCC3)C2)CC1
C1CCC(CC2CCC(C3CC(C4CCCCC4C4CCC5CCCCC5C4)C3)CC2)CC1
C1CCC(C2CCC3CC(C4CCC5CCCCC54)CC(C4CCCCC4)C3C2)CC1
C1CCC(CC(C2CCCCC2)C2CCCCC2)CC1
C1CCC(CC2CCCC(C3CCCC(CC4CCC(C5CCCCC5)CC4)C3)C2)CC1
C1CCC(CCCC2CCC(CC3CCC(CC4CCCCC4)CC3)CC2)CC1
C1CCC(C2CCCC(C3CC(C4CCCCC4)CC(C4CC4)C3)C2)CC1
C1CCC(C2CCCCC2CC2CCC(C3CCCC3)CC2)CC1
C1CCC(C2CCC(C3CCC(C4CC5CCCCC5C(C5CCCCC5)C4)CC3)CC2C2CCCC2)CC1
C1CCC(CC2CCC(CCCC3CCC(CC4CCCCC4)CC3)CC2)CC1
C1CCC(CC2CCC(CC3CCCCC3)CC2)CC1
C1CCC(CC2CCC(C3CCCC(C4CCCCC4)C3)CC2)CC1
C1CCC(CC2CCC(C3CCCC(CC4CCCCC4)C3)CC2)CC1
C1CCC(CCC2CCCC(C3CC(CC4CCCCC4)CC(C4CC4)C3)C2)CC1
C1CCC(CC2CCCCC2)CC1
C1CCC(CC2CCCC(CCC3CCC(C4CCCCC4)CC3)C2)CC1
C1CC2CCC(C3CCC(C4CCCCC4C4CCCC4)CC3)CC2C1
C1CCC(CCC2CCC(C3CCC(CCC4CCCCC4)CC3)CC2)CC1
C1CCC(CC2CCCC(C3CCCC(C4CCCCC4)C3)C2)CC1
C1CCC(C2CCCC(C3CCC4CC(C5CCCCC5)CC(C5CCCCC5)C4C3)C2)CC1
C(CCCC1CCCCC1C1CCCCC1)CCC1CCC2CCCCC2C1
C1CCC(CC2CCC(CCCC3CCC(CC4CCC(C5CCCC5)CC4)CC3)CC2)CC1
C1CCC(CCCCCC2CCC(C3CCCCC3)C(C3CCCCC3)C2)CC1
C1CCC(C2CCC(C3CCCC(CC4CC5CCCCC5C4)C3)CC2)C1
C1CCC(C2CCC(C3CCCCC3)C(C3CCCC3)C2)CC1
C1CCC(CCC2CCCC(CCC3CCC(C4CCCCC4)CC3)C2)CC1
C1CCC(CCCCCC2CCC(C3CCCC(CC4CC4)C3)CC2)CC1
C1CCC(CC2CCC(CCC3CCCC(C4CCCCC4)C3)CC2)CC1
C1CCC(CC2CCCCC2)CC1
C1CCC(CCC2CCCCC2C2CCC(C3CCCCC3CCC3CCCC3)CC2)CC1
C1CCC(CC2CCC(CC3CCC(C4CCC5CCCCC5C4)CC3)CC2)CC1
C1CCC(C2CCC(CCC3CCCC4CC(C5CCCCC5CC5CC5)CC34)CC2)CC1
C1CCC(CCC2CCCCC2C2CCCCC2)CC1
C1CCC(C2CCCC(C3CCCC(CC4CCC5CCCC5C4)C3)C2)CC1
C1CCC(CC2CCC(C3CCC(C4CCC4)CC3)CC2)CC1
C1CCC(CC2CCCCC2C2CCC(C3CCCCC3)C2)CC1
C1CCC(C2CCCCC2C2CCC(CC3CCCC3)CC2)CC1
C1CCC(C2CCCC(C3CCCC(CC4CC4)C3)C2)CC1
C1CCC(C2CCC(CCC3CCC(C4CCCC4)CC3)CC2)CC1
C1CCC(C2CC(C3CC3)CCC2C2CCCC(C3CC3)C2)CC1
C1CCC(CC2CCCC(CCCC3CCC(CC4CCCC4)CC3)C2)CC1
C1CCC(CC2CC(C3CCCCC3)C3CC(CC4CCCC(C5CCCC6CCCCC65)C4)CCC23)CC1
C1CCC(C2CC3CCC(CCC4CCCCC4C4CCCCC4)CC3C(C3CCCCC3)C2)CC1
C1CCC(CC2CCC(C3CCCC(C4CCCC4)C3)CC2)CC1
C1CCC(C2CCCC(CCC3CCC(C4CCCCC4C4CCC5CCCC5C4)CC3)C2)CC1
C1CCC(C2CCCC(C3CCCCC3)C2)CC1
C1CCC(CC2CCC(CC3CCC(CC4CCCCC4)CC3)CC2)CC1
C1CCC(CC2CCC(C3CCC(CC4CCCCC4C4CCCCC4)CC3)CC2)CC1
C1CCC(C2CCCC3CCC(C4CCC(C5CC5)CC4)CC32)CC1
C1CCC(C2CC(C3CCC4CCCCC43)CC3CCC(C4CCCC4)CC32)CC1
C1CCC(CC2CCC(C3CCCCC3)CC2)CC1
C1CCC(C2CCCC(C3CCCC(C4CCCCC4C4CCCC4)C3)C2)CC1
C1CCC(CC2CCC(C3CCCCC3)C(C3CCCCC3)C2)CC1
C1CCC(CC2CCC(C3CCCCC3)CC2)CC1
C1CCC(CCC2CCC(CCCC3CCCC(CCC4CCCCC4)C3)CC2)CC1
C1CCC(C2CCCC(C3CCCCC3)C2)CC1
C1CCC(CCC(C2CCC(C3CCCC3)CC2)C2CCCC(CC3CCC4CCCC4C3)C2)CC1
C1CCC(CCC2CCC(CC3CCC(C4CCC(C5CCCC5)CC4)CC3)CC2)CC1
C1CCC(C2CCCCC2)CC1
C1CCC(CCC2CCC(C3CCCCC3)CC2)CC1
C1CCC(CC2CC(C3CCCCC3C3CCCCC3)C3CCCCC23)CC1
C1CCC(CCC2CCC(C3CCCCC3)CC2)CC1
C1CCC(C2CCCCC2C2CCCCC2C2CCC3CCCCC3C2)CC1
C1CCC(CCC2CCC(C3CCC3)C(CCC3CCCCC3)C2)CC1
C1CCC(CCC2CCCC(CC3CC(C4CCCCC4)C4CCCCC34)C2)CC1
C1CCC(C2CCCC(C3CCCC(CC4CCC5CCCCC5C4)C3)C2)CC1
C(CCC1CCC(C2CCCCC2)CC1)CCC1CCC(C2CCCCC2)C1
C1CCC(C2CCCC(CC3CCCC(C4CCCCC4)C3)C2)CC1
C1CCC(C2CCCC(C3CC(C4CCCCC4C4CCC5CCCCC5C4)C4CCCCC34)C2)CC1
C1CCC(CC2CCCC(C3CCCC3)C2)CC1
C1CCC(CCCC2CCC(C3CCCCC3)CC2C2CCCC2)CC1
C1CCC(CCC2CCCC(C3CCCCC3)C2)CC1
C1CCC(C2CCCC(C3CCC4CCCC4C3)C2)C1
C1CCC(C2CCCC(CCCC3CCC(CC4CCCC4)C(C4CCCC4)C3)C2)CC1
C1CCC(C2CCCCC2C2CCCC(C3CCCC4CCCCC43)C2)CC1
C1CCC(C2CCCC(CC3CCCC3)C2)CC1
C1CCC(C2CCCC2C2CCC(CC3CC4CCCCC4C3)CC2)CC1
C1CCC(CCCC2CCC(C3CCCCC3C3CCCCC3)CC2)CC1
C1CCC(C2CCCC(C3CCCC(C4CCCCC4)C3)C2)CC1
C1CCC(CCCC2CC(CCC3CC4CCCCC4C3)CC(C3CCCCC3)C2)CC1
C1CCC(CC2CCC(CC3CCC(C4CCCC(C5CCCC5)C4)CC3)CC2)CC1
C1CCC(C2CCC(CC3CC(C4CCCCC4)C4CCCCC34)CC2)CC1
C1CCC(CCC2CCCC(C3CCCCC3)C2)CC1
C1CCC(CCC2CCCC(CCC3CC4CCCCC4C3)C2)CC1
C1CCC(CC2CCC(CCCC3CCCC(C4CCC4)C3)CC2)CC1
C1CCC(CC2CCC(CC3CCCCC3C3CCCCC3)CC2)CC1
C1CCC(CCCC2CCC(CC3CCCCC3)CC2)CC1
C1CCC(CC2CCCC(C3CCCC4CC(C5CCCCC5)CCC43)C2)CC1
C1CCC(CCC2CCC(CC3CCC(C4CCCC(CC5CCCC5)C4)CC3)CC2)CC1
C1CCC(CC2CCCC(CC3CCCCC3)C2)CC1
C1CCC(CCCC2CCC(CC3CCCC4CC(C5CCCCC5)CCC34)CC2)CC1
C1CCC(CC2CCC(CCC3CCC(C4CCCCC4)CC3)CC2)CC1
C1CCC(CCC2CCCC(CC3CCCC(CC4CCC5CCCCC5C4)C3)C2)CC1
C1CCC(C2CC(C3CCCCC3)C3CC(C4CCCC4)CCC23)CC1
C1CCC(CC2CCC(C3CCC4CCCCC43)C(C3CCC4CCCC4C3)C2)CC1
C1CCC(CCC2CCC(CCCC3CC4CCCCC4C3)CC2)CC1
C1CCC(CCC2CCC(CCCC3CCC(CC4CCCCC4)CC3)CC2)CC1
C1CCC(CC2CCC(CC3CCC(C4CCCCC4)CC3)CC2)CC1
C1CCC(C2CCCC(C3CCCC(C4CCCCC4)C3)C2)CC1
C1CCC(CC2CCCC(CC3CC4CCCCC4C3)C2)CC1
C1CCC(CCC2CCC(C3CCCC(C4CCCCC4)C3)CC2)CC1
C1CCC(CCCC2CC3CCC(C4CCCCC4)CC3C(C3CCCCC3)C2)CC1
C1CCC(CCCC(C2CCCCC2)C2CCCC(C3CCCCC3)C2)CC1
C1CCC(CC2CCC(C3CCCC(C4CCCC(C5CCCC5)C4)C3)CC2)CC1
C1CCC(C2CCCC(CCCC3CC4CCCCC4C3)C2)CC1
C1CCC(CCC2CC(C3CCC3)CC(C3CCCC(C4CCC5CCCCC54)C3)C2)CC1
C1CCC(CC2CCC(CC3CCCC(C4CCCC5CCCCC54)C3)CC2)CC1
C1CCC(CC2CCCC(CCCCCC3CCCC(C4CCC5CCCCC54)C3)C2)CC1
C1CCC(CC2CCC(C3CCCCC3)C(C3CCC4CCCC4C3)C2)CC1
C1CCC2CC(C3CCC4CCCCC43)CCC2C1
C1CCC(CC2CCC3CCCCC32)CC1
C1CCC(C2CCC(C3CCCCC3)CC2)CC1
C1CCC(CC2CCCC(C3CCCC(C4CCCCC4)C3)C2)CC1
C1CCC(C2CCC(CC3CCC(C4CCCCC4)CC3)CC2)CC1
C1CCC(CC2CCC(CC3CCCCC3)CC2)CC1
C1CCC(CCCC2CCCC(CCC3CCCCC3)C2)CC1
C1CCC(CC2CCCCC2C2CCC(C3CCCC3)CC2)CC1
C1CCC(CC2CCC(C3CCC(CC4CCCCC4)C3)CC2)CC1
C1CCC(C2CCCCC2C2CCCC(C3CCC(CC4CC5CCCCC5C4)C3)C2)CC1
C1CCC(C2CC(C3CCC4CCCCC43)CC3CCCCC32)CC1
C1CCC(CCC2CC(C3CCCCC3)C3CCCCC23)CC1
C1CCC(CCC2CCCC(C3CCC(C4CCCC4)C(C4CCC5CCCC5C4)C3)C2)CC1
C1CCC(CC2CC(CCCCC3CCC(C4CCC4)CC3)C3CC(C4CCC4)CCC23)CC1
C1CCC(C2CCCC(CC3CCCC(C4CCCC(CC5CCCC5)C4)C3)C2)CC1
C1CCC(CCCC2CCC(CC3CCCCC3)CC2)CC1
C1CC2CCC(C3CCCCC3C3CCC(C4CCC(CCC5CC5)CC4)CC3)CC2C1
C1CCC(CC2CCCC2C2CCCCC2)CC1
C1CCC(C2CCC(CCCC3CCCC(C4CCCCC4)C3)CC2)CC1
C1CCC(CC2CCC(CC3CCC(C4CCCCC4)CC3)C3CCCCC23)CC1
C1CCC(CC(C2CCCCC2)C2CCC(C3CCCCC3)CC2)CC1
C(CCCC1CCCC(CCCC2CCCCC2)C1)CCC1CCCCC1
C1CCC(CCC2CC(C3CCCCC3)CC(C3CCCCC3)C2)CC1
C1CCC(CC2CCC(CCC3CCCCC3CC3CCCCC3)CC2)CC1
C1CCC(CC2CCC(CC3CCCCC3C3CCCC3)CC2)CC1
C1CCC(CC2CCC(CC3CCCCC3)CC2)CC1
C1CCC(C2CCC(CC3CCC(CC4CCC5CC(C6CCC(C7CCCC7)CC6)CCC45)CC3)CC2)CC1
C1CCC(CC2CCC(C3CCCCC3)C(C3CCCC3)C2)CC1
C1CCC(C2CCCC(C3CCC(CCC4CC5CCCCC5C4)CC3)C2)C1
C1CCC(CCCC2CCC(C3CCCCC3)CC2)CC1
C(CCCC1CCCCC1)CCCC1CCC(C2CCCCC2)CC1
C1CCC(C2CCCCC2)CC1
C1CCC(CCC2CCC(CC3CCC(CC4CCCCC4)CC3)CC2)CC1
C1CCC(CCC2CCC(CCC3CCCCC3)CC2)CC1
C1CCC(CC2CCC(CC3CCCCC3)CC2)CC1
C1CCC(CC2CC(CC3CCCC(C4CCCCC4)C3)C3CCCCC23)CC1
C1CCC(CC2CCC(C3CCCC(C4CCCCC4)C3)CC2)CC1
C1CCC(C2CCCC(C3CCC(C4CCCCC4)C(C4CCCC4)C3)C2)CC1
C1CCC(CC2CCCC(C3CCCCC3)C2)CC1
C1CCC(C2CCCC(C3CCC3)C2C2CCCCC2)CC1
C1CCC(CC2CCCCC2C2CCC3CC(CC4CCCC4C4CCCCC4)CCC32)CC1
C1CCC(CC2CCC(CC3CCCC(CC4CCC(CC5CCCCC5)CC4)C3)CC2)CC1
C1CCC(CCC2CCC(C3CCC(C4CC5CCCCC5C4)CC3)CC2)CC1
C1CCC(CC2CCC(C3CCCCC3)C(C3CCCCC3CC3CCCCC3)C2)CC1
C1CCC(CC2CCCC(C3CCCC(C4CCCCC4)C3)C2)CC1
C1CCC(CCCC2CC(C3CCCCC3)CC(C3CCCC(CC4CCCCC4)C3)C2)CC1
C1CCC(CCC2CCCC(CCC3CCCCC3)C2C2CCCC2)CC1
C1CCC(CC2CCC(C3CCCCC3)CC2)CC1
C1CCC(CC2CCCC(CCC3CCC(C4CCCCC4)CC3)C2)CC1
C1CCC(C2CCC(C3CCCCC3)CC2)CC1
C1CCC(CCC2CCC(CC3CCCC(CC4CC5CCCCC5C4)C3)CC2)CC1
C1CCC(C2CCC(C3CCC(C4CCC5CCCC5C4)CC3)CC2)CC1
C1CCC(CCC2CCC(CC3CCC(CC4CCCC(C5CCC6CCCCC65)C4)CC3)CC2)CC1
C1CCC(C2CCCC(C3CCCCC3)C2)CC1
C1CCC(CC2CCC(CC3CCCC(C4CCCCC4)C3)CC2)CC1
C1CCC(C2CCCC(C3CCC(CC4CCCC4)CC3)C2)CC1
C1CCC(CC2CC(CC3CCCC3)C3CC(CC4CCCC(C5CCCCC5)C4)CCC23)CC1
C1CCC(CC2CCCC(CC3CCC(CCC4CCCC(C5CCCCC5)C4)CC3)C2)CC1
C1CCC(C2CCCC(C3CCCC(C4CCCCC4)C3CC3CCC3)C2)CC1
C1CCC(CCC2CC(C3CCCCC3)CC(C3CCCCC3)C2CCC2CCCCC2)CC1
C1CCC(CCC2CCCC(C3CCCCC3)C2)CC1
C1CCC(CC2CCCC(CC3CCCCC3C3CCCCC3)C2)CC1
C1CCC(C2CCCC(C3CCCC(CC4CCCCC4C4CCCC4)C3)C2)CC1
C1CCC(CC2CCC(C3CC4CCCCC4C3)CC2)CC1
C1CCC(C2CCCCC2C2CCCCC2)CC1
C1CC2CCC(C3CCCCC3C3CC4CCCCC4C3)CC2C1
C1CCC(CC2CCCCC2C2CCC(C3CCC4CCCCC43)CC2C2CCCCC2)CC1
C1CCC(C2CCC(C3CCCCC3)C(C3CCCCC3)C2)CC1
C1CCC(CCCC2CC(CC3CCCC(C4CCCCC4)C3)C3CCCCC23)CC1
C1CCC(CC2CCC3CCCC(CC4CCCCC4)C3C2)CC1
C1CCC(CC2CCC(C3CCCCC3)CC2)CC1
C1CCC(CCC2CCCC(C3CCCC(C4CCCC(C5CCCCC5)C4)C3)C2)CC1
C1CCC(CC2CCCC(CC3CCC(C4CCCCC4)CC3)C2)CC1
C1CCC(CCC2CCCC(C3CCCCC3)C2)CC1
C1CCC(CCCC2CCCC(C3CCCCC3)C2)CC1
C1CCC(CC2CCC(CCCC3CCC(CCC4CC5CCCCC5C4)CC3)CC2)CC1
C1CCC(C2CCCCC2C2CCC(C3CC(CC4CCC(C5CC5)CC4)C4CCCCC43)CC2)CC1
C1CCC(CC2CCC(CC3CCCC(C4CCCCC4C4CCCC4)C3)C2)CC1
C1CCC(CCCCC2CC(C3CCCCC3C3CCCC(C4CCCCC4)C3)C3CCCCC23)CC1
C1CCC(C2CCCC(C3CCCCC3)C2)CC1
C1CCC(CC2CCC(C3CCCC4CCC(CC5CCCCC5)CC43)CC2)CC1
C1CCC(CCCC2CCC(C3CCCCC3)CC2)CC1
C1CCC(C2CCCC(CC3CC3)C2)CC1
C1CCC(C2CCC(C3CCCCC3CC3CCC(CC4CCCC4)CC3)CC2)CC1
C1CCC(C2CC3CCC(C4CCCCC4)CC3C(C3CCCCC3)C2)CC1
C1CCC(CC2CCCCC2C2CCC3CCCCC3C2)CC1
C1CCC(CCC2CCC(CC3CCCCC3)CC2)CC1
C1CCC(CCC2CCC(CC3CC4CCC(CC5CCC5)CC4C(CC4CCCCC4)C3)CC2)CC1
C1CCC(CC2CCCCC2C2CCC(CC3CCCCC3CCC3CC3)CC2)CC1
C1CCC(C2CCC(CCCC3CCCCC3C3CCC4CCCC4C3)CC2)CC1
C1CCC(C2CCC(CC3CCCCC3C3CCC4CCCCC4C3)CC2)CC1
C1CCC(CC2CCC(CC3CCC(CC4CCC(C5CCCCC5)CC4)CC3)CC2)CC1
C1CCC(CC2CCC(C3CCCCC3)C(C3CCC4CCCC4C3)C2)CC1
C1CCC(C2CCCC(C3CCC3)C2)CC1
C1CCC(CCC2CC(CC3CCCCC3)CC(C3CCCCC3)C2C2CCCC2)CC1
C1CCC(C2CCCCC2C2CCC(CCCCC3CCCC3)CC2C2CCCCC2)CC1
C1CCC(C2CCCCC2CC2CCC(CC3CCC4CCCCC4C3)CC2)CC1
C1CCC(C2CCC(C3CCCCC3C3CCCCC3)C(C3CCCCC3)C2)CC1
C1CCC(CC2CCC(C3CCCC(C4CCCCC4CC4CCCCC4)C3)CC2)CC1
C1CCC(C2CCC(CC3CCCCC3C3CCCC3)CC2)C1
C1CCC(C2CCC3CCC(CCC4CCCC5CCCCC54)CC3C2)CC1
C1CCC(CCCCC2CCC(CC3CCCCC3CC3CCCCC3)CC2)CC1
C1CCC(C2CCC(CC3CCCC4CC(C5CCCCC5)CCC34)CC2)CC1
C1CCC(C2CCCCC2)CC1
C1CCC(CC2CC(C3CCCCC3)CC(C3CCCCC3)C2)CC1
C1CCC(CC2CCCC(C3CCCCC3)C2)CC1
C(CC1CC1)CC1CCC(C2CCC(CC3CCCCC3C3CCC4CCCC4C3)CC2)C1
C1CCC(CCCCC2CCC(C3CCCC(CC4CCCCC4)C3)CC2)CC1
C1CCC(CC2CCCCC2CC2CCCC(C3CCCCC3)C2)CC1
C1CCC(CC2CCC(C3CCC(CCC4CCC(C5CCCC5)CC4)CC3)CC2)CC1
C1CCC(CC2CCC(C3CCCCC3)CC2)CC1
C1CCC(C2CCC(CC3CCCCC3C3CC3)CC2)CC1
C1CCC(CCC2CCC(C3CCCCC3)CC2)CC1
C1CCC(C2CCCCC2C2CCCC(C3CCC4CCCC4C3)C2)CC1
C1CCC(C2CCC(CC3CCC(CCCC4CCCC4)CC3)CC2)CC1
C1CCC(CC2CCC(CCCC3CCC(C4CCCC(CC5CCC6CCCCC6C5)C4)C3)CC2)CC1
C1CCC(CC(CC2CCCCC2CC2CCCC2)C2CCC3CCCC3C2)CC1
C1CCC(CC2CCCC(C3CC(C4CCCCC4)C4CCCCC34)C2)CC1
C1CCC(C2CCCC(C3CCCC(C4CCCCC4C4CCCC4)C3)C2)CC1
C1CCC(CC2CC(C3CCCCC3)CC(C3CCCC3)C2)CC1
C1CCC(CCCCCC2CCCC(C3CCCC(CCC4CC5CCCCC5C4)C3)C2)CC1
C1CCC(CCCC2CCCC(CCC3CCCCC3)C2)CC1
C1CCC(CC2CCCC(C3CCC4C(CCC4C4CCCC4)C3)C2)CC1
C1CCC(C2CCC3C(CCC3C3CCCCC3)C2)CC1
C1CCC(CC2CCC(CC3CC(CC4CC4)C4CCCCC34)CC2)CC1
C1CCC(C2CCCCC2C2CCCCC2)CC1
C1CCC(CC2CCC(C3CCCCC3CCC3CC(CC4CCCCC4)C4CCCCC34)CC2)CC1
C1CCC(CCCCC2CCC(C3CCC(C4CC4)CC3)CC2)CC1
C1CCC(C2CCC(C3CCCCC3)CC2)CC1
C1CCC(C2CC(C3CCCCC3)CC(C3CCC4CCCCC43)C2)CC1
C1CCC(CC2CCC(C3CCCC(C4CCCC4)C3)CC2)CC1
C1CCC(C2CCCC(C3CCCCC3)C2)CC1
C1CCC(CC2CCC(CC3CCCCC3)CC2)CC1
C1CCC(C2CCC(C3CCC(C4CCCC(C5CCCC5)C4)C4CCCC34)CC2)CC1
C1CCC(C2CCCC(CC3CCC4CC(CCCC5CCCC5)CCC43)C2)CC1
C1CCC(C2CCCC(C3CCCCC3C3CC(C4CCCCC4)C4CCCCC43)C2)CC1
C1CCC(CC2CCC(CC3CCCC(CC4CCCCC4)C3)CC2)CC1
C1CCC(CC2CCCCC2C2CCCCC2)CC1
C1CCC(CCC2CCCC(CC3CCCCC3)C2CC2CCCCC2)CC1
C1CCC(CCC2CC(C3CCC(CC4CC5CCCCC5C4)CC3)C3CCCCC23)CC1
C1CCC(C2CCC(CCCC3CCCC(C4CCCCC4)C3)CC2)CC1
C1CCC(CCC2CCC(C3CCC(CC4CCCC4)CC3)CC2)CC1
C1CCC(C2CCC(CC3CCC(C4CCC(C5CCCCC5)CC4)CC3)CC2)CC1
C1CCC(C2CCCC(C3CCCCC3)C2)CC1
C1CCC(C2CCC(C3CCCC(C4CCCCC4)C3)CC2)CC1
C1CCC(CC2CCC(C3CCC(C4CCCCC4C4CCC5CCCCC54)CC3)CC2)CC1
C1CCC(CCC2CCCCC2)CC1
C1CCC(CCC2CC(CC3CCCCC3)CC(C3CCCCC3)C2)CC1
C1CCC(CC2CCC(C3CCCCC3)CC2)CC1
C1CCC(CC(CC2CCC(C3CCCC3)CC2)C2CCCCC2)CC1
C1CCC(C2CCCC(C3CC(C4CCCCC4)CC(C4CCCC4)C3)C2)CC1
C1CCC(CC2CCCC(C3CCC(C4CCC(C5CCCCC5)C4)CC3)C2)CC1
C1CCC(CC2CCCC(CC3CCCCC3CC3CCCCC3)C2)CC1
C1CCC(CC2CCC(C3CC(CC4CCC(CC5CCCCC5C5CCCC5)CC4)C4CCCCC43)CC2)CC1
C1CCC(C2CCC(C3CCCC(C4CCCC4)C3)CC2)CC1
C1CCC(C2CCC(CC3CCCCC3C3CC3)CC2)CC1
C1CCC(CC2CCCC(CCC3CCCCC3C3CCC(C4CCC(C5CCCCC5)CC4)CC3)C2)CC1
C1CCC(C2CCC(C3CCCC(C4CCCCC4)C3)CC2)CC1
C1CCC(C2CCC3C(C4CCCCC4)CC(C4CCCC4)C3C2)CC1
C1CCC(CCC2CCC(C3CCCCC3C3CCC(CC4CCCCC4)CC3)CC2)CC1
C1CCC(C2CCC(CC3CCCC3)C(C3CCC4C(CCC4C4CCCC4)C3)C2)CC1
C1CCC(CC2CCCCC2CC2CCC(C3CCCC3)CC2)CC1
C1CCC(CCC2CCC(CCC3CCCCC3)CC2)CC1
C1CCC(CCC2CCCCC2C2CCCCC2)CC1
C1CCC(C2CCCC(CCCCC3CCC(C4CCCCC4)C3)C2)CC1
C1CCC(CC2CCCCC2C2CCC3CCC(CCC4CCCC4)C3C2)CC1
C1CCC(C2CCC(C3CCC(C4CCCCC4C4CC5CCCCC5C4)CC3)CC2)CC1
C1CCC(CC2CCCC(C3CCCC(C4CCCCC4)C3)C2)CC1
C1CCC(CC2CCCC(CC3CCCC(CC4CCC5CCCC5C4)C3)C2)C1
C1CCC(CCCC2CC(CC3CCCCC3)CCC2C2CCCCC2)CC1
C1CCC(CCCCC2CCCCC2C2CCCCC2)CC1
C1CCC(CCC2CC(C3CCCCC3)C3CCC(C4CCC5CCCCC54)CC23)CC1
C1CCC(CCCCC2CCC(CC3CCCC(C4CCCCC4)C3)CC2)CC1
C1CCC(CC2CCCCC2C2CCC(C3CCCCC3)CC2)CC1
C1CCC(CC2CC(C3CCCCC3)CC(C(CC3CCCCC3)C3CCCCC3)C2)CC1
C1CCC(CC2CCC(CC3CCCCC3CC3CCCCC3)CC2)CC1
C1CCC(C2CCC(C3CC3)CC2)CC1
C1CCC(CCC2CC(CC3CCCCC3)C3CCCCC23)CC1
C1CCC(CCCC2CCC(CC3CCCCC3)CC2)CC1
C1CCC(CC2CCC3CCC(C4CCCCC4)C3C2)CC1
C1CCC(CCCC2CCC(CC3CCCCC3)CC2)CC1
C1CCC(C2CCCC(C3CCCC(C4CCCCC4)C3)C2)CC1
C1CCC(CCC2CCC(CCC3CCCCC3)CC2)CC1
C1CCC(C2CCC(C3CCCC(C4CCCCC4)C3)CC2)CC1
C1CCC(C2CCC(C3CCCC(C4CC5CCCCC5C4)C3)CC2CCC2CCCC2)CC1
C1CCC(C2CC(C3CCC4CCCCC43)CC3CCC(CCC4CCCC4)CC32)CC1
C1CCC(CC2CCCCC2CCC2CCCCC2C2CCC3CCCCC3C2)CC1
C1CCC(CCC2CCC(CC3CCCCC3)CC2)CC1
C1CCC(CCCC2CCC(C3CCC(C4CCCCC4)CC3)CC2)CC1
C1CCC(C2CCCC(C3CCCCC3)C2)CC1
C1CCC(CC2CCC3C(CCCC3C3CCC(C4CCCCC4)CC3)C2)CC1
C1CCC(CCCCCC2CCC(CCC3CCC(C4CCCCC4)CC3)CC2)CC1
C1CCC(CCCCCC2CCC(CC3CCC4CCCCC4C3)CC2)CC1
C1CCC(CC2CCC(C3CCCCC3)C(C3CCCCC3)C2)CC1
C1CCC(CCC2CC(CC3CCCCC3)CC(C3CCCCC3)C2)CC1
C1CCC(CCC2CC(C3CCCCC3)CC(C3CCC3)C2)CC1
C1CCC(CC2CCC(CC3CCCCC3)CC2)CC1
C1CCC(CCC2CCC(CCC3CCC(CCCC4CCC5CCCCC5C4)CC3)CC2)CC1
C1CCC(C2CCC(C3CCCC(C4CCC5CCCCC54)C3)CC2)CC1
C1CCC(CC2CCC(C3CCCCC3C3CCCC3)C(C3CCC4CCCC4C3)C2)CC1
C1CCC(CCC2CCC3C(CCC3C3CC4CCCCC4C3)C2)CC1
C1CCC(CCC2CCCC(C3CCCC(C4CCCC4)C3)C2)CC1
C1CCC(CCCCC2CCC(C3CCCCC3C3CCCCC3)CC2)CC1
C1CCC(CCCC2CCCC(CC3CCCCC3)C2)CC1
C1CCC(C2CCC(CC3CCCC3)C(CC3CC3)C2)CC1
C1CCC(C2CCCC(C3CCCCC3C3CCCCC3)C2)CC1
C1CCC(C2CCCCC2CC2CCCC2)CC1
C1CCC(CC2CC(C3CCCC3)C3CC(C4CCCCC4)CCC23)CC1
C1CCC(CC2CC(CC3CCC3)CC(C3CCCCC3)C2)CC1
C1CCC(C2CCC(CC3CCC(C4CCC(CC5CCCC5)CC4)CC3)CC2)CC1
C1CCC(CCC2CCC(C3CCCCC3)CC2)CC1
C1CCC(C2CCC(C3CCCCC3)CC2)CC1
C1CCC(CC2CCCCC2)CC1
C1CCC(CCC2CCCC(CCC3CCCCC3)C2)CC1
C1CCC(CCC2CC(C3CCCC(C4CCCC4)C3)C3CCCCC23)CC1
C1CCC(C2CC(C3CCCC3)CC(C3CCC(CC4CC4)CC3)C2)CC1
C1CCC(CCCCC2CCC(CC3CCCCC3)CC2)CC1
C1CCC(CCC2CCCC(C3CCCCC3)C2)CC1
C1CCC(CCC2CC(CC3CCCCC3)CCC2C2CCCCC2)CC1
C1CCC(CCCCCC2CCC(CC3CCC(CC4CCCCC4)CC3)CC2)CC1
C1CCC(CC2CCCC(C3CCCCC3C3CCCC3)C2)CC1
C1CCC(CCC2CC(CCCC3CCC(CC4CCCCC4)CC3)C3CCCCC23)CC1
C1CCC(C2CCC(CC(CCC3CCCC3)CC3CCCC(C4CCC(C5CCC5)CC4)C3)C2)CC1
C1CCC(CCC2CC(CC3CCCCC3)CCC2CC2CCCCC2)CC1
C1CCC(CCC2CCCC(CC3CCCCC3)C2)CC1
C1CCC(CC2CCC(C3CCCCC3C3CCCCC3C3CCCCC3)CC2)CC1
C1CCC(CC2CC(C3CCCCC3)C3CCCCC23)CC1
C1CCC(C2CCCC(C3CCCCC3)C2)CC1
C1CCC(CC2CCC(CC3CCCC(CCC4CCC5CCCC5C4)C3)CC2)CC1
C1CCC(CCC2CCC3C(C2)C(CC2CCC(CC4CCCCC4)CC2)CC3C2CCCCC2)CC1
C1CCC(CC2CCCCC2C2CCC(C3CCC4CCCCC43)C(C3CCCC3)C2)CC1
C1CCC(CC2CCCCC2CC2CCCC(C3CCCCC3)C2)CC1
C1CCC(C2CCCC(C3CCC(C4CC5CCCCC5C4)CC3)C2)CC1
C1CCC(C2CCCC(CC3CCCCC3C3CCCCC3C3CCCCC3)C2)CC1
C1CCC(CC2CCC3CC(C4CCC(CCC5CC6CCCCC6C5)CC4)CC3C2)CC1
C1CCC(C2CCC(C3CCCC(C4CCCCC4)C3)CC2)CC1
C1CCC(CC2CCCC(C3CCCCC3)C2)CC1
C1CCC(CC2CCCCC2C2CCC3C(CCCC4CCCC4)CCCC3C2)CC1
C1CCC(C2CC(C3CCCCC3)C3CCCCC23)CC1
C1CCC(CCCC2CCC(CCCC3CCC(C4CCCCC4)CC3)CC2)CC1
C1CCC(C2CCCC(C3CCC4CC(C5CCCC(C6CC6)C5)CCC43)C2)CC1
C1CCC(CCC2CCC(C3CCC(CC4CCCCC4)CC3)CC2)CC1
C1CCC(CC2CCC3C(CCCC3C3CCC(C4CCCCC4)CC3)C2)CC1
C1CCC(CC2CCC(C3CC(C4CCCCC4)C4CCCCC34)CC2)CC1
C1CCC(CCCC2CCC(CCC3CCCCC3)CC2)CC1
C1CCC(CCC2CC(C3CCCCC3)CC(C3CCCC4CCCCC43)C2)CC1
C1CCC(C2CCCC(C3CCCCC3)C2)CC1
C1CCC(CC(C2CCCCC2)C2CCC(C3CCCCC3C3CCC4CCCCC43)CC2)CC1
C1CCC(CC2CCCC(C3CCCCC3CC3CCCC3)C2)CC1
C1CCC(CCC2CCC(C3CCCCC3)CC2)CC1
C1CCC(CCC2CCCC(C3CCCC(CC4CCCCC4)C3)C2)CC1
C1CCC(CCCCC2CCCC(CCC3CCCCC3)C2)CC1
C1CCC(C2CCC3CC(C4CCC(CCC5CC6CCCCC6C5)CC4)CCC32)CC1
C1CCC(CC2CCC(C3CCCCC3)C2CC2CCCCC2)CC1
C1CCC(CC2CCCC(CC3CCCCC3)C2)CC1
C1CCC(CCC2CCCC(C3CCCCC3)C2)CC1
C1CCC(CCCC2CC(C3CCCCC3)CC(C3CCCCC3)C2)CC1
C1CCC(CCC2CCCC(C3CC(C4CCCCC4)CC(C4CCCCC4)C3)C2)CC1
C1CCC(C2CCC(CC3CCC(C4CC4)C(C4CCC5CCCCC5C4)C3)CC2)C1
C1CCC(CCCC2CCCCC2C2CCCCC2)CC1
C1CCC(CC2CCCCC2CC2CCCC(C3CCCCC3)C2)CC1
C1CCC(CCC2CCC(CC3CCC(C4CCCCC4)CC3)CC2)CC1
C1CCC2CC(CC3CCCCC3CC3CCCCC3C3CCC4CCCC4C3)CC2C1
C1CCC(CCC2CCC(CC3CCC(C4CCCCC4)CC3)CC2)CC1
C1CCC(C2CCCC(C3CCCC3)C2)CC1
C1CCC(CCC2CCC(C3CC3)C(C3CCCCC3)C2)CC1
C1CCC(CCCC2CCC(C3CCC3)C(CC3CCCCC3)C2)CC1
C(CCCC1CC(C2CCC3CCCCC32)CC2CCCCC12)CCC1CCC(C2CCCCC2)CC1
C1CCC(CC2CCCC(C3CCC(C4CCCC4)CC3CC3CCCCC3)C2)CC1
C1CCC(CC2CC(C3CCCCC3)CC(C3CCCC3)C2)CC1
C1CCC(CC2CCCC(CC3CC(C4CCCCC4)CC(C4CCC4)C3)C2)CC1
C1CCC(CC2CCCCC2C2CCCCC2)CC1
C1CCC(CC2CCCC(C3CCCCC3)C2C2CCCCC2)CC1
C1CCC(CCC2CCCC(C3CCC3)C2)CC1
C1CCC(CCC2CCC(C3CCC(CC4CCC(C5CCCCC5)C4)CC3)CC2)CC1
C1CCC(CC2CCC(C3CCCCC3C3CCCCC3)C(C3CCCC3)C2)CC1
C1CCC(C2CCCC(CCC3CCCCC3C3CCC4C(CC5CCCC5)CCC4C3)C2)CC1
C1CCC(CCC2CCC(C3CCCCC3)CC2)CC1
C1CCC(CC2CCC(C3CCCCC3)CC2C2CCCCC2)CC1
C1CCC(CCCC2CC(C3CCCCC3)CCC2CCC2CCCCC2)CC1
C1CCC(CC2CCC(C3CCCC(C4CCCC(CC5CCCCC5)C4)C3)CC2)CC1
C1CCC(C2CCC(C3CCC(C4CCCCC4C4CCCCC4)CC3)CC2)CC1
C1CCC(C2CCCC(CC3CCC4CCCCC43)C2)CC1
C1CCC(CC2CC(C3CCCCC3C3CC(C4CCCC4)CCC3C3CCC4CCCC4C3)C3CCCCC23)CC1
C1CCC(CC2CCC(CC3CCCC4CCCCC43)CC2)CC1
C1CCC(C2CCCCC2CC2CCCC(C3CCCC(C4CC4)C3)C2)CC1
C1CCC(C2CCC(C3CCCCC3)C(C3CCC4CCCC4C3)C2)CC1
C1CCC(CCC2CCCC(CC3CCCCC3)C2)CC1
C1CCC(CC2CCCC(C3CC(C4CCC4)CC(C4CCCC(CCCCC5CCCC5)C4)C3)C2)CC1
C(CC1CCC(C2CCC3CCCCC3C2)CC1)CC1CCCC(CCC2CC2)C1
C1CCC(CC2CCC(C3CCCC3C3CCC(C4CCCCC4)CC3)CC2)CC1
C1CCC(C2CCC(CCCC3CC(C4CCCCC4)CC(C4CCCCC4)C3)CC2)CC1
C1CCC(CC2CCC(CC3CCCCC3)CC2)CC1
C1CCC(CC2CC(C3CCCCC3)C3CCCCC23)CC1
C1CCC(CC2CCC(C3CCC4C(CCCC4C4CCCCC4)C3)CC2)CC1
C1CCC(CCCCC2CCCC(C3CCCCC3CC3CCC4CCCCC43)C2)CC1
C1CCC(CCCCC2CCC(CC3CCCC(C4CCCCC4)C3)CC2)CC1
C1CCC2CC(C3CCC(CC4CCC(C5CCC6CCCCC65)CC4)CC3)CC2C1
C1CCC(C2CCCCC2C2CCCCC2)CC1
C1CCC(CC2CCCC(CCC3CCCCC3C3CCC4CCCCC4C3)C2)CC1
C1CCC(C2CCC(C3CCCC(C4CCCC4)C3)CC2)CC1
C1CCC(CCCC2CCC(C3CCC(C4CCC(CC5CCCCC5)CC4)CC3)CC2)CC1
C1CCC(CCC2CC(C3CCCC(C4CCCCC4)C3)C2)CC1
C1CCC(CC2CCC(C3CCCC(C4CCC(C5CC5)CC4)C3)CC2)CC1
C1CCC(C2CCC(C3CC4CCCCC4C3)CC2)CC1
C1CCC(CC2CCC(C3CCCC(C4CCCC4)C3)CC2)CC1
C1CCC(CC2CCC(C3CCC(CCC4CCCC4)CC3)CC2)CC1
C1CCC(CC2CCC(C3CCCC(C4CCCCC4)C3)CC2)CC1
C1CCC(CC2CC3CCC(C4CCC(C5CCCCC5)CC4)CC3C(C3CCCCC3)C2)CC1
C1CCC(C2CCC(CC3CCC(C4CCCC4)CC3)C2)CC1
C1CCC(CCC2CCC(CC3CCC(C4CCC5CCCCC5C4)CC3)CC2)CC1
C1CCC(C2CCCCC2C2CCCC(CC3CCCC3)C2)CC1
C1CCC(CCCC2CCC(C3CCCCC3)C(C3CCCC3)C2)CC1
C1CCC(CC2CCC(C3CCCCC3C3CCCCC3C3CCCCC3)CC2)CC1
C1CCC(CCCC2CCCC(C3CCCCC3)C2)CC1
C1CCC(CC2CC(C3CCCCC3)CC(C3CCCCC3)C2)CC1
C1CCC(C2CC(C3CCCC(C4CCCC4)C3)C3CCCCC23)CC1
C1CCC(CC2CCCCC2CC2CCCCC2)CC1
C1CCC(CC2CCC(CC3CCC4CCCCC4C3)CC2)CC1
C1CCC(CC2CCC(C3CCCC(C4CCCC(C5CCC5)C4)C3)CC2)CC1
C1CCC(C2CCC(C3CCCCC3CCC3CCC4CCCCC4C3)CC2)CC1
C1CC(CC2CC2)CC(CC2CCC(CC3CC4CCCCC4C3)CC2)C1
C1CCC(CCC2CCC(CC3CCC(C4CCC(C5CCCC5)C4CC4CCCCC4)CC3)CC2)CC1
C1CCC(C2CCCC(CC3CCC(C4CCCC(C5CCCC5)C4)C(C4CCCCC4)C3)C2)CC1
C1CCC(CCC2CCCCC2C2CCCC2)CC1
C1CCC(CCC2CCC(CC3CCCCC3)CC2)CC1
C1CCC(C2CCCC(CCCC3CCCCC3C3CCCC(C4CC4)C3)C2)CC1
C1CCC(CC2CCC(C3CCCC(C4CCCC(C5CCC6CCCCC6C5)C4)C3)CC2)CC1
C1CCC(CC2CCCCC2C2CCC(CCC3CCCC(C4CCCCC4)C3)CC2)CC1
C1CCC(CC2CCCC(C3CCC(C4CCCCC4)CC3)C2)CC1
C1CCC(CCC2CCCC(C3CCCCC3C3CCCCC3C3CCCC3)C2)C1
C1CCC(CC2CCCC(CC3CC(CC4CCCC4)C4CCCCC34)C2)CC1
C1CCC(C2CCCCC2CC2CCCC(C3CCC4CCCCC4C3)C2)CC1
C1CCC(CC2CCC(C3CCCCC3)CC2)CC1
C1CCC(CCC2CCCCC2C2CCC(C3CCCCC3C3CCCC3)C2)CC1
C1CCC(C2CCCC(C3CCC(C4CCCCC4)C(C4CCCCC4)C3)C2)CC1
C1CCC(C2CCC(C3CCCCC3)CC2)CC1
C1CCC(C2CC(C3CCC(C4CCCC4)CC3)C3CCCCC23)CC1
C1CCC(CC2CCC(C3CCCCC3)CC2)CC1
C1CCC(C2CCC3C(CCC3C3CCCCC3)C2)CC1
C1CCC(CC2CCC(C3CCC4CCCC4C3)C2CC2CCCC(C3CCCCC3)C2)CC1
C1CCC(CCCC2CCC(C3CCCCC3)CC2)CC1
C1CC(C2CCCC(C3CCC4CCCC4C3)C2)C1
C1CCC(CCC2CCCC(CCCC3CCCCC3C3CCC4CCCC4C3)C2)C1
C1CCC(CCCCC2CCC(C3CCCC(C4CC4)C3)CC2)CC1
C1CCC(CCC2CCC(C(CC3CCCCC3)C3CCCCC3C3CCCC3)CC2)CC1
C1CCC(C2CCCCC2C2CCC(C3CCC(C4CCC4)CC3C3CCCC3)CC2)CC1
C1CCC(C2CCCCC2C2CCCC(CCC3CCCC(C4CCCC4)C3)C2)CC1
C1CCC(C2CCCCC2C2CCC3CCCC3C2)CC1
C1CCC(CC2CCC(C3CCCC(CCC4CCCC(C5CCCC5)C4)C3)CC2)CC1
C1CCC(CC2CCCC(C(CC3CC4CCCCC4C3)C3CCCCC3)C2)CC1
C1CCC(C2CCC(C3CCCC(C4CCCCC4)C3)CC2)CC1
C1CCC(CC2CC(CC3CCC(C4CCCCC4)CC3)C3CCCCC23)CC1
C1CCC(CC2CCC(C3CCC(C4CC(C5CCCCC5)C4)CC3)CC2)CC1
C1CCC(C2CCC(C3CCCC(C4CCCCC4)C3)CC2)CC1
C1CCC(C2CCC(CCC3CCCC(CC4CCC5CCCC5C4)C3)CC2)CC1
C1CCC(CC2CCC(C3CCCCC3)C(CC3CCCCC3)C2)CC1
C1CCC(CC2CCCC(C(C3CCC3)C3CCCCC3C3CCCCC3)C2)CC1
C1CCC(C2CCC(C3CCCC(C4CC(C5CCCCC5)C4)C3)CC2)CC1
C1CCC(CCCCC2CCC(CCC3CCC(C4CCCCC4)CC3)CC2)CC1
C1CCC(CC2CCC(CCC3CCC(CC4CC5CCCCC5C4)CC3)CC2)CC1
C1CCC(CCC2CCC(CC3CCCCC3)CC2)CC1
C1CCC(CCCC2CC(C3CCC(CCC4CCC5CCCCC5C4)CC3)C3CCCCC23)CC1
C1CCC(CC2CC(CCC3CCC(C4CCCC(CC5CCCC5)C4)CC3)C3CCCCC23)CC1
C1CCC(CC2CCC3CC(C4CCCCC4)CC(C4CCCCC4)C3C2)CC1
C1CCC(C2CCC(CC3CCCC(C4CCCCC4)C3)CC2)CC1
C1CCC(CC2CCC(C3CCCC(C4CCCCC4)C3)C(C3CCCCC3)C2)CC1
C1CCC(C2CCC(CC3CCC(C4CCC(C5CC5)CC4)CC3)CC2)CC1
C1CCC(CC2CCCC(C3CC(CC4CCCCC4)C4CCC(C5CCC5)CC43)C2)CC1
C1CCC(CCC2CC(C3CCCCC3)CC(C3CCCCC3)C2)CC1
C1CCC(C2CCCCC2C2CCCCC2)CC1
C1CCC(CC2CCCC(CCCC3CCC(C4CC(C5CCCCC5)C4)CC3)C2)CC1
C1CCC(C2CCC(C3CCCC(C4CCCC(C5CCCC5)C4)C3)CC2)CC1
C1CCC(C2CCC(C3CCC4CCCCC4C3)CC2)CC1
C1CCC(CCC2CCC(C3CCC(CC4CCCCC4)CC3)CC2)CC1
C1CCC(CC2CCC(CC3CCC(CC4CCCCC4)CC3)CC2)CC1
C1CCC(CC2CCCCC2C2CCCC(C3CCCCC3)C2)CC1
C1CCC(CCCC2CCC(CC3CCCCC3CC3CCCCC3)CC2)CC1
C1CCC(C2CCCCC2C2CCCC2)CC1
C1CCC(CCCC2CC(C3CCC4CCCCC4C3)C3CCCCC23)CC1
C1CCC(CC2CCC(CCC3CCCC3)CC2)CC1
C1CCC(C2CCCCC2)CC1
C1CCC(CCC2CCC(C3CCCC(CC4CCCC4)C3)CC2)CC1
C1CCC(CC2CCC(CC3CCCCC3)C(CCC3CC3)C2)CC1
C1CCC(CC2CCC3CCCC(C4CCCCC4)C3C2)CC1
C1CCC(CCC2CCCC(CC3CCC(C4CCCCC4)CC3)C2)CC1
C1CCC(C2CCC(C3CCCCC3)CC2)CC1
C1CCC(C2CCCC(C3CCCCC3)C2)CC1
C1CCC(C2CCCC(CCC3CCCC(C4CCCCC4)C3)C2)CC1
C1CCC(CC2CCC(CCCC3CCCC(CC4CCC4)C3)CC2)CC1
C1CCC2CC(CC3CC(CCCC4CCC(CC5CC5)CC4)C4CCCCC34)CC2C1
C1CCC(CCCC2CCCC(C3CCC(CC4CCCCC4)CC3)C2)CC1
C1CCC(C2CC(CCCC3CC(C4CCCCC4)C4CCCCC34)CC3CCCCC32)CC1
C1CCC(CC2CC(CC3CCC4CCCCC43)C3CC(C4CCCCC4)CCC23)CC1
C1CCC(CC2CCCC(C3CCCCC3)C2)CC1
C1CCC(CC2CCCCC2)CC1
C1CCC(CC2CCC(CC3CCCCC3)C(CC3CCCCC3)C2)CC1
C1CCC(CC2CCC(CC3CCC(C4CCCC(C5CCC6CCCCC6C5)C4)CC3)CC2)CC1
C1CCC(C2CCCC(C3CCCC(C4CCC4)C3)C2)CC1
C1CCC(C2CCCC(C3CCCCC3C3CCCCC3)C2)CC1
C1CCC(CCCCC2CCC(CC3CCCCC3)CC2)CC1
C1CCC(C2CCC(CC3CCCC(C4CCC(CC5CC5)CC4)C3)CC2)CC1
C1CCC(C2CCCCC2C2CCCCC2)CC1
C1CCC(CCCC2CCCCC2)CC1
C1CCC(C2CCC(CC3CCC(C4CCCCC4)CC3)CC2)CC1
C1CCC(C2CCC(CC3CCC(CC4CCC(CCC5CCCC(C6CCCC6)C5)CC4)CC3)CC2)CC1
C1CCC(CCCC2CCCC(C3CCC3)C2)CC1
C1CCC(CCC2CCC(C3CCCCC3)C(C3CCCC(CC4CCCCC4)C3)C2)CC1
C1CCC(CC2CCC(C3CCCC(C4CCCCC4C4CCCCC4)C3)CC2)CC1
C1CCC(CC2CCC3CCC(C4CCCC(C5CCCCC5)C4)CC3C2)CC1
C1CCC(CCCC2CCCC(CCC3CCCCC3)C2)CC1
C1CCC(CCC2CCC(CC3CCC4C(CCCC4C4CCCC4)C3)CC2)CC1
C1CCC(CC2CCC(CCC3CCCC(C4CCCCC4)C3)CC2)CC1
C1CCC(C2CCC(C(CCCC3CC4CCCCC4C3)C3CCCC(C4CCCC4)C3)CC2)CC1
C1CCC(C2CCCC(CC3CCCCC3C3CCCC3)C2)CC1
C1CCC(CCCC2CCC(CC3CCC(C4CCCCC4C4CCCCC4)CC3)CC2)CC1
C1CCC(CCCC2CC(C3CCCC(CC4CCC(CC5CC5)CC4)C3)C3CCCCC23)CC1
C1CCC(CCC2CCCCC2C2CCCC2)CC1
C1CCC(CC2CCCC(C3CCCC(C4CCCCC4)C3)C2)CC1
C1CCC(CCC2CCCCC2C2CCC3CCCCC3C2)CC1
C1CCC(C2CC(C3CCCCC3)C3CCCCC23)CC1
C1CCC(CC2CC(C3CCCCC3)CCC2CC2CCC(CC3CCC(C4CCCCC4)CC3)CC2)CC1
C1CCC(CCCC2CCC(C3CCC4CCCC4C3)CC2)CC1
C1CCC(C2CCCCC2)CC1
C1CCC(CC2CCC(C3CCCCC3)CC2)CC1
C1CCC(C2CCCC(CC3CCCCC3C3CC4CCCCC4C3)C2)CC1
C1CCC(C2CCC(C3CCCCC3CC3CCC4CCCCC43)CC2)CC1
C1CCC(C2CCC(C3CCC(C4CCCC4)CC3)CC2)CC1
C1CCC(CCCC2CCCCC2CCC2CCCCC2C2CCC3CCCC3C2)CC1
C1CCC(CC2CCCC(C3CCC(C4CCCCC4C4CCCC4)CC3)C2)C1
C1CCC(CCCC2CCC(C3CCCC(C4CCCC(C5CCCC5)C4)C3)CC2)CC1
C1CCC(C2CCC(C3CCCCC3)CC2)CC1
C1CCC(C2CCCC(CCC3CCC(CC4CCCC(C5CCCC5)C4)CC3)C2)C1
C1CCC(CC2CCCC(CC3CC4CCCCC4C3)C2)CC1
C1CCC(CCC2CCC(C3CCCCC3)C(C3CCCCC3)C2)CC1
C1CCC(C2CCCCC2)CC1
C1CCC(CCC2CCC(C3CCCCC3CC3CCC4CCCCC4C3)CC2)CC1
C1CCC(CC2CCC(CC3CCCC(CC4CC5CCCCC5C4)C3)CC2)CC1
C1CCC(CC2CCC(CC3CCCCC3)C(CC3CCCCC3)C2)CC1
C1CCC(CC2CCCC2C2CCC(C3CCCC(C4CCCC(C5CCC5)C4)C3)CC2)CC1
C1CCC(C2CCC(C3CCCC(C4CCCCC4C4CCCCC4)C3)CC2)CC1
C1CCC(C2CCCC(C3CCCCC3)C2)CC1
C1CCC(C2CCC(CCC3CCCCC3C3CCCC3)CC2)CC1
C1CCC(CCCC2CCC(C3CCCCC3)C(C3CCCC3)C2)CC1
C1CCC(C2CCCC(C3CCCCC3)C2)CC1
C1CCC(CC2CCC(C3CCC4CCC(C5CCCCC5)C4C3)CC2)CC1
C1CCC(C2CCCC(CC3CCCCC3C3CCC3)C2)CC1
C1CCC(CC2CCCCC2C2CCCCC2)CC1
C1CCC(C2CCCCC2)CC1
C1CCC(CC2CCCCC2CC2CCCCC2)CC1
C1CCC(CC(CC2CCCC(C3CCCCC3)C2)C2CCCCC2)CC1
C1CCC(CC2CCC(CC3CCCCC3)CC2)CC1
C1CCC(CC2CCC3C(CCCC3CC3CCCC(C4CCCCC4)C3)C2)CC1
C1CCC(CC2CCC(CC3CC4CCCCC4C3)C(C3CCC4CCCC4C3)C2)CC1
C1CCC(CC2CCC(CC3CCCC(CC4CCCCC4)C3)CC2)CC1
C1CCC(CC2CCC(C3CC4CCCCC4C3)CC2)CC1
C1CCC(CCCC2C(CCC3CCCCC3)CC(C3CCCCC3)CC2CCC2CCCCC2)CC1
C1CCC(CC2CCC(CC3CCCCC3)CC2)CC1
C1CCC(C2CC3CCC(C4CCCCC4)CC3C(C3CCCCC3)C2)CC1
C1CCC(CCC2CCC(C3CCCC(CCC4CCCCC4)C3)CC2)CC1
C1CCC(C2CCC(C3CCC(C4CCCC(CC5CC6CCCCC6C5)C4)CC3)CC2)CC1
C1CCC(CC2CCCC(CC3CCCCC3)C2)CC1
C1CCC(CC2CCCC(C3CCCCC3)C2)CC1
C1CCC(C2CCCC(C3CCC(CCC4CC5CCCCC5C4)CC3)C2)CC1
C1CCC(C2CCCC(C3CCCCC3C3CCCCC3)C2)CC1
C1CCC(CC2CCC(C3CCC(CC4CC5CCCCC5C4)CC3)CC2)CC1
C1CCC(CCC2CCCC(C3CCCC(C4CCCCC4)C3)C2)CC1
C1CCC2CC(C3CCCC4CCCCC43)CCC2C1
C1CCC(CCC2CCCCC2C2CCCCC2)CC1
C1CCC(CC2CC(C3CCCC(C4CCCCC4C4CCC5CCCC5C4)C3)C3CCCCC23)CC1
C1CCC(C2CCCC(C3CCCCC3)C2)CC1
C1CCC(CC2CCC(C3CCCC(CC4CCCCC4)C3)CC2)CC1
C1CCC(C2CCC(C3CCC(CC4CCC(CC5CC6CCCCC6C5)CC4)CC3)CC2)CC1
C1CCC(CCCC2CCC(CC3CCC(CC4CCCCC4C4CCCC4)CC3)CC2)CC1
C1CCC(C2CCC(CC3CCCCC3C3CCC4CCCC4C3)CC2)C1
C1CCC(C2CCC(C3CCC(C4CCCCC4)CC3)CC2)CC1
C1CCC(CCCCC2CCC(C(C3CCCCC3)C3CCCCC3)CC2)CC1
C1CCC(CCC2CCCCC2CCC2CC3CCCCC3C2)CC1
C1CCC(CCC2CCCCC2C2CCCCC2)CC1
C1CCC(C2CCC(C3CCCC(CCCC4CCCC4)C3)CC2)CC1
C1CCC(CC2CCC(C3CCCC(C4CCCCC4)C3)CC2)CC1
C1CCC(CCCC2CCC3C(CCCC3C3CCC(C4CCCCC4)CC3)C2)CC1
C1CCC(CC2CCC(CC3CCC(C4CCCCC4)CC3)CC2)CC1
C1CCC(C2CCCCC2C2CCCCC2)CC1
C1CCC(CCC2CCC(CC3CCCCC3CCC3CCCCC3)CC2)CC1
C1CCC(C2CCC(C3CCCCC3)CC2)CC1
C1CCC(CCC2CCC(C3CCCC4CC(C5CCCCC5)CCC43)CC2)CC1
C1CCC(CCC2CCC(C3CCCCC3)CC2)CC1
C1CCC(CC2CC(CC3CCC3)CC(C3CCCCC3)C2)CC1
C1CCC(C2CCCC(C3CCCCC3)C2)CC1
C1CCC(CCC2CCC(CC3CCCCC3)CC2)CC1
C1CCC(CCCC2CCCC(C3CCCCC3)C2)CC1
C1CCC(C2CCCCC2CCC2CCCCC2C2CCC2)CC1
C1CCC(C2CC3CCCCC3C2C2CCCCC2)CC1
C1CCC(CC2CCCC(CC3CCCCC3)C2)CC1
C1CCC(CCCC2CC(C3CCCCC3)C3CCCCC23)CC1
C1CCC2CC(CC3CCC(CC4CCC(C5CCCC(C6CCC7CCCC7C6)C5)CC4)CC3)CC2C1
C1CCC(CC2CCC(C3CCC4CC(C5CCCCC5)CCC43)CC2)CC1
C1CCC(CCCC2CCC(C3CC(C4CCCCC4)CCC3C3CCCCC3)CC2)CC1
C1CCC(C2CCC(CC3CCCCC3C3CCCCC3)CC2)CC1
C1CCC(C2CCCC(C3CCC(CC4CC5CCCCC5C4)CC3)C2)CC1
C1CCC(CCC2CCCC(CC3CCCCC3)C2)CC1
C1CCC(CCC2CCC(CC3CCC(CC4CCCCC4)CC3)CC2)CC1
C1CCC(CCCC2CCCC(C3CCCCC3)C2)CC1
C1CCC(C2CCCCC2C2CCCCC2)CC1
C1CCC(C2CCCC(CC3CCCC(CC4CC5CCCCC5C4)C3)C2)CC1
C1CCC(CC2CC2)CC1
C1CCC(CC2CCC(CC3CCC(C4CC4)CC3C3CCCCC3)CC2)CC1
C1CCC(CC2CCCCC2)CC1
C(CCCC1CCC2C(CCC2C2CCCC2)C1)CCC1CCCC1
C1CCC(C2CCCCC2)CC1
C1CCC(CCCC2CCC(CCCC3CCCC(CC4CCCCC4)C3)CC2)CC1
C1CCC(CC2CCC(CC3CCC(C4CCC(CC5CCCCC5)CC4)CC3)CC2)CC1
C1CCC(CCCC2CCC(C3CCC(CC4CCC(CC5CCCC5)CC4)CC3)CC2)C1
C1CC2CCC(C3CCCC(C4CCC(C5CC6CCCCC6C5)CC4)C3)CC2C1
C1CCC(CC2CC(C3CCC(C4CCCC4)CC3)C3CCCCC23)CC1
C1CCC(C2CCCCC2C2CCCCC2)CC1
C1CCC(CCCCC2CCCC(C3CCC4CCCC4C3)C2)CC1
C1CCC(CC2CCC(CC3CCCCC3)C(C3CCCCC3)C2)CC1
C1CCC(CC2CCC(CC3CCCCC3)CC2)CC1
C1CCC(C2CCCC(CCCC3CCC4CCCCC43)C2)CC1
C1CCC(CC2CCCCC2C2CCCCC2)CC1
C1CCC(CCC2CCCCC2C2CCC(CC3CCCCC3)CC2)CC1
C1CCC(CCCC2CC(C3CC3)CCC2CC2CCCCC2)CC1
C1CCC(C2CCCC(C3CCC(CC4CCCCC4C4CCC5CCCCC5C4)CC3)C2)C1
C1CCC(CCCC2CCC(CC3CC4CCCCC4C3)CC2)CC1
C1CCC(CC2CCCC(CCC3CCCCC3C3CCC(CC4CCC4)CC3C3CC3)C2)CC1
C1CCC(CCCC2CC(C3CCCCC3)CC(C3CCCC3)C2)CC1
C1CCC(CCCC2CC(CC3CCCCC3)CCC2C2CCCCC2)CC1
C1CCC(CCC2CCCC(C3CC4CCCCC4C3)C2)CC1
C1CCC(CC2CCC(C3CCCC(C4CCCCC4)C3)CC2)CC1
C1CCC(CC2CCC(CCCCC3CCC(CC4CCCCC4)CC3)CC2)CC1
C1CCC(CC2CCCC(C3CC(C4CCCCC4)CC(C4CC4)C3)C2)CC1
C1CCC(CC2CCCCC2C2CCCCC2)CC1
C1CCC(C2CCCC(CCCC3CCC4CCCCC43)C2)CC1
C1CCC(CC2CCC(CC3CC(CC4CCCCC4)C4CCCCC34)CC2)CC1
C1CCC(CCCCC2CCCC(C3CCCCC3)C2)CC1
C1CCC(CCC2CCC(CCC3CCCCC3)CC2)CC1
C1CCC(CCCC2CCC(C3CCCCC3)CC2)CC1
C1CCC(CC2CCC(CCCCCC3CCCCC3CC3CCCCC3)CC2)CC1
C1CCC(CC2CCC(C3CCCCC3CC3CCCC3)C(C3CC4CCCCC4C3)C2)CC1
C1CCC(CCC2CCC(CC3CCCC4CCCCC43)CC2)CC1
C1CCC(CC2CCC(CCCC3CCCC(CC4CCCCC4)C3)CC2)CC1
C1CCC(CC2CCC(C3CCCC(C4CCCC4)C3)CC2)CC1
C1CCC(CCCCC2CC(CC3CCCCC3C3CCCCC3)C3CCCCC23)CC1
C1CCC(C2CCC(C3CCC3)CC2)CC1
C1CCC(CCCC2CCC(CC3CCCC(C4CCCCC4)C3)CC2)CC1
C1CCC(CC2CCCC(CC3CCC(C4CCC5CCCCC54)CC3)C2)C1
C1CCC(CCCC2CCC(C3CCCCC3)C(C3CCC4C(CCC5CCCC5)CCC4C3)C2)CC1
C1CCC(C2CCCC(C3CCCC(CC4CC5CCCCC5C4)C3)C2)CC1
C1CCC(C2CCCCC2C2CCCCC2)CC1
C1CCC(CCC2CCC(C3CCCCC3)CC2)CC1
C1CCC(CC2CCC(C3CCC(CCC4CC5CCCCC5C4)C(C4CCCCC4)C3)CC2)CC1
C1CCC(CC2CCCC(C3CCC(CC4CCC(CCCC5CCCC5)CC4)CC3)C2)CC1
C1CCC(CC2CCCCC2C2CCC(CCC3CCCC(CC4CC4)C3)CC2)CC1
C1CCC(CC2CCC(C3CCC(C4CC4)CC3C3CCC4CCCC4C3)CC2)C1
C1CCC(CC2CCCC(CC3CCCC(C4CCC(C5CCCC5)CC4)C3)C2)CC1
C1CCC(CCCCC2CCC(C3CCCC(CCCC4CC4)C3)C(C3CCCCC3)C2)CC1
C1CCC(C2CCCC(CCC3CCC(CC4CC5CCCCC5C4)CC3)C2)C1
C1CCC(CCC2CCCCC2CC2CCCC(CC3CCCC(C4CCCCC4)C3)C2)CC1
C1CCC(C2CCCCC2)CC1
C1CCC(C2CCC(CC3CCCC(C4CCCC5CC(C6CCCCC6C6CCC6)CCC54)C3)CC2)CC1
C1CCC(CCC2CCC(C3CCCCC3CC3CCCCC3)C(C3CCCC3)C2)CC1
C1CCC(C2CCCC(CC3CCC(C4CC5CCCCC5C4)C3)C2)CC1
C1CCC(CCCC2CCCC(C3CCCC(C4CCCCC4)C3)C2)CC1
C1CCC(CC2CCC(C3CC(CC4CCCCC4)C4CCCCC43)CC2)CC1
C1CCC(CC2CCC(C3CCCC(C4CCCCC4)C3)CC2)CC1
C1CCC(C2CCCC(C3CCCC3)C2)CC1
C1CCC(C2CC(CCC3CCC4CCCCC4C3)CC(C3CCCCC3)C2)CC1
C1CCC(CC2CCCC(C3CCCCC3)C2)CC1
C1CCC(C2CCCC(C3CCC4CCCCC4C3)C2)C1
C1CCC(CCC2CC(CC3CCCCC3)C3CCC(C4CCCCC4)CC23)CC1
C1CCC(CC2CCC(C3CCC(C4CCC5CCCCC5C4)CC3)CC2)CC1
C1CCC(CC2CCC(CC3CCCC(C4CCCCC4)C3)C(CCCCC3CC3)C2)CC1
C1CCC(CC2CCC(CC3CCC(C4CCCCC4)C3)CC2C2CCCCC2)CC1
C1CCC(CCCCCC2CCC(CC3CCCCC3)CC2)CC1
C1CCC(C2CC(C3CCC3)CCC2CC2CCCCC2C2CCCC2)CC1
C1CC(CC2CC2)CC(CC2CCC(C3CC4CCCCC4C3)CC2)C1
C1CCC(CCC2CCC(C3CCC4CCC(CC5CCCCC5)CC4C3)CC2)CC1
C1CCC(C2CC(C3CCC4CCCCC43)CC3CCCCC32)CC1
C1CCC(CC2CCC(C3CCC4C(CC5CCCCC5)CCC4C3)CC2)CC1
C1CCC(C2CCCC(C3CCCCC3)C2)CC1
C1CCC(CCCCCC2CCCC(CC3CCC(C4CCCCC4)CC3)C2)CC1
C1CCC(C2CCC(C3CCCC(C4CCCCC4)C3)CC2)CC1
C1CCC(CC2CCC(C3CCCCC3)CC2)CC1
C1CCC(C2CC(C3CCC4CCCCC43)CC3CCCCC32)CC1
C1CCC(CCC2CCC(C3CCCCC3)CC2)CC1
C1CCC(CC2CCC(C3CCCC(C4CC4)C3)CC2)CC1
C1CCC(CC2CCC(CCCC3CCCC(C4CCCCC4C4CCC4)C3)CC2)CC1
C1CCC(C2CCCCC2CC2CCC(CCC3CC3)CC2)CC1
C1CCC(CC2CCC(CCCC3CCC(CC4CCCCC4)CC3)CC2)CC1
C1CCC(CC2CCC3CC(CC4CCC(C5CCCCC5)CC4)CCC23)CC1
C1CCC(CC2CCCC(C3CCCCC3CCCC3CCC(C4CCCC(C5CCCC5)C4)CC3)C2)CC1
C1CCC(CC2CCC(C3CCCCC3)C2)CC1
C1CCC(CC2CC(C3CCCCC3)CC(C3CCCC3)C2)CC1
C1CCC(CC2CCC(C3CCC4CCCCC4C3)CC2)CC1
C1CCC(CC2CCCC(C3CCCCC3)C2)CC1
C1CCC(C2CCCC(C3CCCCC3C3CCCC3)C2)CC1
C1CCC(CC2CCC(CC3CCC(C4CCC(CC5CCCCC5)CC4)CC3)CC2)CC1
C1CCC(CC2CCCCC2CC2CCCC2)CC1
C1CCC(CC2CCC(CC3CCCC(C4CCCCC4)C3)CC2)CC1
C1CCC(CC2CCC(C3CCCC(CCC4CCCCC4C4CCCC4)C3)CC2)CC1
C1CCC(C2CCCCC2CC2CCCCC2C2CCCCC2)CC1
C1CCC(CC2CCCC(C3CCC(CC4CCC(C5CCCC5)CC4)CC3)C2)CC1
C1CCC(C2CCCCC2C2CCCC(C3CCC(C4CC4)CC3)C2)CC1
C1CCC(CC2CCC(C3CCC(C4CCCCC4)CC3)CC2)CC1
C1CCC(C2CCC(C3CCC4CCCC4C3)CC2C2CCCC2)CC1
C1CCC(CCCCC2CCC(C3CCC4CCCCC4C3)CC2)CC1
C1CCC(C2CCCCC2)CC1
C1CCC(C2CCCCC2CCC2CCCC(C3CCCCC3C3CCCC3)C2)CC1
C1CCC(CC2CCCC(C3CCC(C4CC(C5CCCC5)C5CCCCC45)CC3)C2)CC1
C1CCC(CCCC2CCC(CCC3CCC4CCCC4C3)CC2)CC1
C1CCC(C2CCCC(C(CCC3CC4CCCCC4C3)C3CCCCC3)C2)CC1
C1CCC(C2CCC(C3CCCCC3)CC2)CC1
C1CCC(CC2CCCCC2C2CCCCC2)CC1
C(CCC1CCC(C2CCCCC2)CC1)CCC1CCCC(C2CCCCC2)C1
C1CCC(C2CCC(CCC3CCC4CCCC4C3)CC2)CC1
C1CCC(CC2CCC(CCC3CCC(C4CCCCC4)CC3)CC2)CC1
C1CCC(CC2CCC(C3CCC(C4CCCCC4C4CC5CCCCC5C4)CC3)CC2)CC1
C1CCC(CC2CCCC(C3CCCC4CC(C5CCCCC5)CCC43)C2)CC1
C1CCC(CCCC2CCCC(CCCC3CCCCC3)C2)CC1
C1CCC(CC2CCCC(CCCCCC3CCC(C4CCCCC4)CC3)C2)CC1
C1CCC(C2CCC(CCC3CCC(C4CCCCC4CCC4CCC4)CC3)CC2)CC1
C1CCC(C2CCCC(C3CC(C4CCCC4)CC(C4CCCC4)C3CC3CC4CCCCC4C3)C2)C1
C1CCC(CC2CCC(CC3CCCC(C4CCCC(CC5CCCCC5)C4)C3)CC2)CC1
C1CCC(CC2CCC(CCCC3CCC4CCCCC43)CC2)CC1
C1CCC(C2CCCCC2C2CCC3CCCCC3C2)CC1
C1CCC(CCCCC2CCC(CC3CCC4CCCCC4C3)CC2)CC1
C1CCC(CC2CCC(C3CCCCC3)CC2)CC1
C1CCC(CCCC2CCCC(C3CCCC(CC4CCCCC4)C3)C2)CC1
C1CCC(CC2CCC3C(CC4CCCCC4)CCC3C2)CC1
C1CCC(CC2CCC(CC(CC3CCCCC3)C3CCC3)CC2)CC1
C1CCC(CCC2CCC(CC3CCCC(C4CCCC4)C3)CC2)CC1
C1CCC(CC2CCC(C3CCC(C4CCCCC4)CC3)CC2)CC1
C1CCC(C2CCCC(C3CCCC(C4CCCCC4)C3)C2)CC1
C1CCC(CC2CCCC(C3CCCC4CC(C5CCCCC5)CCC43)C2)CC1
C1CCC(CCCC2CCC(C3CCCCC3C3CCCC4CCCCC43)CC2)CC1
C1CCC(CCC2CCCC(C3CCCCC3)C2)CC1
C1CCC(C2CCCC(CCC3CCCC(C4CCCCC4)C3)C2)CC1
C1CCC(CCCC2CC(CC3CCCCC3)CC(C3CCCCC3)C2)CC1
C1CCC(CC2CCCC(C3CCCC(C4CCCCC4)C3)C2)CC1
C1CCC(CC2CCCC(C3CCC(C4CCCC(C5CCCCC5)C4)C(C4CCCC4)C3)C2)CC1
C1CCC(CCCC2CCC(CC3CCC(CC4CCCCC4)CC3)CC2)CC1
C1CCC(CCC2CC(CC3CCCCC3)CCC2C2CCCCC2)CC1
C1CCC(C2CCC(CC3CCC(CCC4CCCCC4C4CCCCC4)CC3)CC2)CC1
C1CCC(C2CC(CC3CC3)CC(CC(C3CCCCC3)C3CCCCC3)C2)CC1
C1CCC(CCCCCC2CCC(C3CCCC(CC4CC4)C3)CC2)CC1
C1CCC(C2CCCC(C3CCCC(CC4CCC5C(CCC5C5CCCCC5)C4)C3)C2)CC1
C1CCC(CC2CCC(CC3CCCCC3)CC2)CC1
C1CCC(C2CC(C3CCC4CCCCC43)CC3CCCCC32)CC1
C1CCC(CC2CCC(CC3CCCCC3)C(CC3CCC(C4CCCCC4)CC3)C2)CC1
C1CCC(C2CCC(C3CCCC(C4CCC5CCCCC5C4)C3)CC2)CC1
C1CCC(CCC2CC(CC3CCCCC3)C3CCC(C4CCCCC4)CC23)CC1
C1CCC(CC2CCC(CC3CCC(C4CCCCC4)CC3)CC2)CC1
C1CCC(CC2CCC(CC3CCC(CC4CCCC(C5CCCC5)C4)CC3)CC2)CC1
C1CCC(CCC2CCC(CCCC3CCC(C4CCC4)CC3)CC2)CC1
C1CCC(CC2CCCC(C3CCCC(C4CCCCC4)C3)C2)CC1
C1CCC(CCC2CC(CC3CCCCC3)CC(C3CCCCC3)C2)CC1
C1CCC(C2CCCC(CC3CCCC(C4CCC(CC5CCC5)CC4)C3)C2)CC1
C1CCC(CCC(C2CCCCC2)C2CCCC(C3CCCCC3)C2)CC1
C1CCC(C2CC(C3CCCCC3)CC(C3CCC3)C2)CC1
C1CCC(CC2CCC3C(CC4CCCCC4)CCC3C2)CC1
C1CCC(CCC2CC(C3CCCCC3)CC(CC3CCCCC3)C2CC2CCCCC2)CC1
C1CCC(CCC2CC3CCCCC3C(C3CCCC3)C2)CC1
C1CCC(CCCCC2CCCC(CCC3CCCCC3)C2)CC1
C1CCC(CC2CCCC(C3CCC4CCCC4C3)C2)CC1
C1CCC(CC2CCC(CC3CCC(C4CCCCC4)CC3)CC2)CC1
C1CCC(CC2CCC(CCCC3CC4CCC(CC5CCCC5)CC4C(C4CCCCC4)C3)CC2)CC1
C1CCC(C2CCCC(C3CCCC3)C2C2CCCC2)CC1
C1CCC(C2CCC(CCC3CCCC(C4CCCCC4)C3)CC2)CC1
C1CCC(CC2CCC(C3CCCCC3)CC2)CC1
C1CCC(CC2CCC(CC3CCCC3)C(C3CCC4CCCC4C3)C2)C1
C1CCC(C2CCCCC2C2CCC(CCC3CCC3)CC2)CC1
C1CCC(CCC2CC(C3CCCCC3)CC(C3CCCC(C4CCCCC4)C3)C2)CC1
C1CCC(CC2CCCC(CC3CCCCC3)C2)CC1
C1CCC(CC2CCCC(C3CCCCC3C3CCC4CCCCC4C3)C2)CC1
C1CC(C2CCC(CC3CC3)CC2)CC(C2CCCCC2C2CCC(C3CC3)CC2)C1
C1CCC(C2CCCCC2C2CCCCC2C2CCCC2)CC1
C1CCC(CC2CCC(CCC3CCCC(C4CCCCC4)C3)CC2)CC1
C1CCC(CC2CCC(CC3CCC(C4CCCCC4)CC3)CC2)CC1
C1CCC(CC2CCC(C3CCC(C4CCCCC4)CC3)CC2)CC1
C1CCC(CC2CCC(CC3CCCCC3C3CCCCC3)CC2)CC1
C1CCC(CC2CCC(CCC3CCC(CC(C4CCCCC4)C4CCCCC4)CC3)CC2)CC1
C1CC(CCC2CCCCC2C2CCCCC2C2CCC3CCCC3C2)C1
C1CCC(CCCC2CCC(CCCCCC3CCC(C4CCCCC4)CC3)CC2)CC1
C1CCC(CCC2CCCC(C3CCCC(C4CCCCC4)C3)C2)CC1
C1CCC(CC2CCC(CCC3CCC(C4CCCCC4)CC3)CC2)CC1
C1CCC(CC2CCC(CCC3CC(CC4CCCCC4)C4CCCCC34)CC2)CC1
C1CCC(CC2CCC(C3CCC3)C(CC3CCCCC3)C2)CC1
C1CCC(CC2CCC(C3CCCC(CC4CCCCC4)C3)CC2)CC1
C1CCC(C2CCC(CC3CCCC(C4CCCC(C5CCCC5)C4)C3)CC2)CC1
C1CCC(CC2CCC(C3CCCC4CC(C5CCCCC5)CCC43)CC2)CC1
C1CCC(CC2CC(C3CCCCC3)CCC2CCCC2CC3CC4CCCCC4C3C2)CC1
C1CCC(CC2CCC(CCC3CCCC(C4CCC5CCCC5C4)C3)CC2)CC1
C1CCC(C2CCCC(C3CC(C4CCCCC4)CC(C4CC4)C3)C2)CC1
C1CCC(CCCC2CCC(CC3CCC(C4CCCCC4)CC3)CC2)CC1
C1CC(CC2CC2)CC(CC2CC(CCC3CCC(CC4CCC(C5CCCC5)CC4)CC3)C3CCCCC23)C1
C1CCC(CC2CCCC(C3CCCC(C4CCCCC4)C3)C2)CC1
C1CCC(C2CCCC(CC3CCCC4CC(C5CCCCC5)CCC34)C2)CC1
C1CCC(CC2CCC(C3CCCC(CC4CCCCC4)C3)CC2)CC1
C1CCC(CC2CCC(C3CCC(CC4CCCCC4)CC3)CC2)CC1
C1CCC(CC2CCC(CC3CCCCC3)CC2)CC1
C1CCC(CCCC2CCC(CCC3CCCCC3)CC2)CC1
C1CCC(CCC2CCC(CCCCC3CC4CCCCC4C3)CC2)CC1
C1CCC(CCCC2CCC(CC3CCC(CCC4CCCCC4)CC3)CC2)CC1
C1CCC(CCCCC2CCC(CC3CCCCC3)CC2)CC1
C1CCC(C2CCC(C3CCCCC3C3CCCCC3)CC2)CC1
C1CCC(CC2CC(C3CCCC(CC4CCCCC4C4CCCC4)C3)C3CCCCC23)CC1
C1CCC(CCC2CCCC(CC3CCCCC3)C2)CC1
C1CCC(CCC2CCC(CCCC3CCC(C4CCC(C5CC5)CC4)CC3)CC2)C1
C1CCC(CC2CCCC(C3CCCCC3)C2)CC1
C1CCC(C2CCC(C3CCCCC3C3CCCCC3)C(CC3CCCC3)C2)CC1
C1CCC(CCC2CCCC(CC(CC3CCCCC3)C3CCCCC3CC3CCCCC3)C2)CC1
C1CCC(C2CCCC(CC3CCC(CC4CCC5CCCCC54)CC3)C2)C1
C1CCC(C2CCCC(C3CCCC(C4CCCCC4C4CCCCC4)C3)C2)CC1
C1CCC(CCC2CCC(CCCC3CC(CC4CCCCC4)C4CCC(C5CCCCC5)CC34)CC2)CC1
C1CCC(CC2CCC(CC3CCC(C4CCCCC4)CC3)CC2)CC1
C1CCC(CC2CCC(CCC3CCCC3)CC2)CC1
C1CCC(C2CCC(C3CCCCC3C3CCCCC3)C2)CC1
C(CC1CC1)CC1CCC(C2CCC(CC3CCCC(C4CCC5CCCCC54)C3)CC2)CC1
C1CCC(CC2CCCC(CCC3CCC4CCCC4C3)C2)CC1
C1CCC(CC2CCC(C3CCCC(C4CCC5CCCC5C4)C3)CC2)CC1
C1CCC(CC2CC(C3CCCC(C4CCCCC4)C3)C3CCCCC23)CC1
C1CCC(C2CCCC(C3CCCCC3)C2)CC1
C1CCC(CC2CCC(CCCC3CCCC(C4CCCCC4)C3)CC2)CC1
C1CCC(CCCCCC2CCC(CC3CCCCC3)CC2CC2CCCCC2)CC1
C1CCC(C2CC(C3CCCCC3)C3CCCCC23)CC1
C1CCC(C2CCC(CCC3CCCC(CCC4CC5CCCCC5C4)C3)CC2)CC1
C1CCC(C2CCC(C3CCCCC3C3CCCCC3)CC2)CC1
C1CCC(CCC2CCC(C3CCCCC3C3CCCCC3)C(C3CCCCC3)C2)CC1
C1CCC(CC2CCC(C3CCCC(CCCCCC4CC4)C3)CC2)CC1
C1CCC(CCCC2CCCC(C3CCCCC3)C2)CC1
C1CCC(CCC2CC(CCC3CCCCC3)CC(C3CCCCC3)C2)CC1
C1CCC(CCC2CCC(C3CCCCC3C3CCC4CCCC4C3)CC2)CC1
C1CCC(C2CCCCC2)CC1
C1CCC(CCC2CCCC(C3CC(CC4CCCCC4)C4CCCCC43)C2)CC1
C(CCC1CCCC(C2CCCC(C3CCC(C4CC4)CC3)C2)C1)CC1CCC2CCCCC2C1
C1CCC(CCCC2CCC(C3CCCCC3)CC2)CC1
C1CCC(CCCC2CC3CCC(CCCC4CCCCC4)CC3C(C3CCCCC3)C2)CC1
C1CCC(CC2CCC(CCC3CCCC(C4CCCCC4C4CCCCC4)C3)CC2)CC1
C1CCC(CCC2CC3CCC(C4CCCCC4)CC3C(C3CCCCC3)C2)CC1
C1CCC(C2CCC(CCC3CC4CCCCC4C3)CC2)CC1
C1CCC(CC2CCC3CC(C4CCC5CCCCC54)CC(C4CCCC4)C3C2)CC1
C1CCC(C2CC(CC3CCC4CCCCC4C3)CC(C3CCCC(CC4CCCC4)C3)C2)CC1
C1CCC(C2CCCCC2CCC2CCCC(C3CCCC3)C2)CC1
C1CCC(C2CCC(CC3CC(C4CCC5CCCCC54)CC4CCCCC43)CC2)C1
C1CCC(CC2CCCCC2CC2CCCCC2)CC1
C1CCC(C2CCC(CC3CCC(C4CCC5CCCCC5C4)CC3)CC2)CC1
C1CCC(C2CCCCC2)CC1
C1CCC(C2CCCC(C3CCCCC3)C2)CC1
C1CCC(C2CCC(C3CCCCC3C3CCCCC3)CC2)CC1
C1CCC(CCC2CCC(CCC3CCC(C4CCCCC4)CC3)CC2)CC1
C1CCC(C2CCCC(CCC3CCC(C4CCCCC4C4CCC5CCCC5C4)CC3)C2)CC1
C1CCC(CC2CC(C3CCCCC3)CC(C3CCCCC3)C2)CC1
C1CCC(CC2CCC(C3CCCCC3)CC2)CC1
C1CCC(CC2CCC(CC3CCCC(C4CCCC(CC5CCCCC5)C4)C3)CC2)CC1
C1CCC(CC2CC(C3CCC(C4CC5CCCCC5C4)CC3)C3CCCCC23)CC1
C1CCC(CCCC2CCC(CCC3CCCC(C4CCCC4)C3)CC2)CC1
C1CCC(CC2CCC(C3CCCCC3)CC2)CC1
C1CCC(CCC2CCCC(CC3CCCCC3)C2)CC1
C1CCC(CC2CCC(CC3CCCCC3)CC2)CC1
C1CCC(CCC2CCC(C3CCCCC3)C(C3CCC4CCCCC4C3)C2)CC1
C1CCC(C2CC(C3CCCC3)C3CC(C4CCC5CCCC5C4)CCC23)CC1
C1CCC(CCCC2CCC(C3CCC(CC4CCCCC4)CC3)CC2)CC1
C1CCC(C2CC(C3CCCCC3)C(C3CCCCC3)C3CCCC23)CC1
C1CCC(CC2CCC(CCC3CCCC(C4CCCCC4)C3)CC2)CC1
C1CCC(CCC2CCCCC2CC2CCCCC2)CC1
C1CCC(CC2CCC(CC3CCCCC3)CC2)CC1
C1CCC(CCCCCC2CCC(C3CCCCC3)CC2)CC1
C1CCC(C2CCC(C3CC(C4CCCCC4)C3)CC2)CC1
C1CCC2CC(CC3CCCC(C4CCCC(C5CC6CCCCC6C5)C4)C3)CC2C1
C(CCCC1CCCC(CCC2CCCCC2)C1)CCC1CCCCC1
C1CCC(C2CCC(C3CC(C4CCCCC4)C4CCCCC34)CC2)CC1
C1CCC(C2CCC(C3CCCC4CC(C5CCCCC5)CCC43)CC2)CC1
C1CCC(C2CCC(CC3CCCCC3C3CCC3)CC2)C1
C1CCC(CC2CCCC(C3CCC(C4CCC(C5CCC6CCCCC65)CC4)CC3)C2)C1
C1CCC(CC2CCCC(C3CC(C4CCCCC4)CC(C4CCCCC4)C3)C2)CC1
C1CCC(CCCCC2CCCC(C3CCCCC3)C2)CC1
C1CCC(CCC2CCC(CC3CCCCC3)CC2C2CCCCC2)CC1
C1CCC(CC2CC3CCC(C4CCC(C5CCCCC5)CC4)CC3C(C3CCCCC3)C2)CC1
C1CCC(C2CCCC(C3CC(C4CCCCC4)CC4CCCCC43)C2)CC1
C1CCC(CC2CCCC(C3CCCCC3C3CCCC3)C2)CC1
C1CCC(CC2CCC(C3CCCCC3C3CCCC3)CC2)CC1
C1CCC(CC2CCCC(CCCCC3CCCC(C4CCCCC4)C3)C2)CC1
C1CCC(C2CCC(C3CCC3)CC2)CC1
C1CCC(C2CCCCC2CCCCC2CCCC3CCCCC23)CC1
C1CCC(C2CCC(C3CCCC(CCC4CCCC(C5CCCCC5)C4)C3)CC2)CC1
C1CCC(C2CC(CCCC3CC4CCCCC4C3)CC(C3CCCCC3)C2)CC1
C1CCC(CCC2CCCC3CC(C4CCCCC4)CCC23)CC1
C1CCC(CCC2CCCC(C3CCC(C4CCCCC4)CC3)C2)CC1
C1CCC(CC2CCCC(C3CCC(C4CCCCC4)C4CCCC34)C2)CC1
C1CCC(CC2CCC(CC3CCCCC3)CC2)CC1
C1CCC(C2CCC(CCCC3CCCC(C4CCCCC4)C3)CC2)CC1
C1CCC(CC2CCC(CCC3CCCC3)C(CC3CC(C4CCCCC4)CC(C4CCCC4)C3)C2)CC1
C1CCC(C2CC(C3CCCC3)C3CCC(CC4CCC5CCCC5C4)CC23)CC1
C1CC2CCC(CC3CCC4CC(C5CCC6CCCCC65)CCC4C3)CC2C1
C1CCC(C2CCCC(CC3CCCC(C4CCCCC4)C3)C2)CC1
C1CCC(CCC2CCC(CC3CCCCC3)CC2)CC1
C1CCC(C2CCC(C3CCC(CC4CCCC4)CC3)C(C3CCC4CCCC4C3)C2)CC1
C1CCC(CC2CCC(CC3CCCCC3)CC2)CC1
C1CCC(CC2CCC(C3CCCC(C4CCC4)C3)CC2)CC1
C1CCC(C2CCCC(C3CCCCC3C3CCCCC3)C2)CC1
C1CCC(CC2CCC(CC3CCCC3)CC2)CC1
C1CCC(CCC2CC(CC3CCCCC3)CC(CCC3CCCCC3)C2CCC2CCCCC2)CC1
C1CCC(CC2CCCC(CCCC3CCC(C4CCCCC4)CC3)C2)CC1
C1CCC(CC2CCC(CC3CCC(C4CCCC(C5CCCCC5)C4)CC3)CC2)CC1
C1CCC(CC2CC(C3CCCCC3)CCC2C2CCCCC2C2CCCC2)CC1
C1CCC(CC2CCCC(C3CCCC(C4CCCCC4)C3)C2)CC1
C1CCC(CC2CCCC(C3CCCCC3)C2)CC1
C1CCC(CCC2CCC(C3CCCC(C4CCC4)C3)CC2)CC1
C1CCC(C2CCC(C3CCCCC3C3CCC4CCCC4C3)C(C3CCCCC3)C2)CC1
C1CCC(C2CCC(CC3CC(C4CCCC4)CC(C4CCCC4)C3)CC2)CC1
C1CCC(C2CCCCC2CC2CC3CCCCC3C2)CC1
C1CCC(CC2CCC(C3CCCCC3)CC2)CC1
C1CCC(C2CCCCC2)CC1
C1CCC(CCCCCC2CCCC(C3CCCC(CCC4CCC4)C3)C2)CC1
C1CCC(C2CCC(C3CCCCC3)C(C3CCC4CCCC4C3)C2)CC1
C1CCC(C2CCCC(C3CCCC(CC4CCC(C5CCCC(C6CCCC6)C5)CC4)C3)C2)CC1
C(CC1CCC(C2CCCC2)CC1)CC1CCC(C2CCCCC2C2CCCC3CCCCC32)CC1
C1CCC(CC2CCCC(C3CCCCC3)C2)CC1
C1CCC(C2CCC(C3CCC(C4CCC(C5CC6CCCCC6C5)CC4)C3)CC2)CC1
C1CCC(CCCC2CC(CC3CCCCC3C3CCC3)CC(C3CCCCC3)C2)CC1
C1CCC(CCC2CCC(C3CC(CCC4CCCCC4)C4CCCCC43)CC2)CC1
C1CCC(CC2CCC(C3CCC(C4CCCCC4)CC3)CC2)CC1
C1CCC(C2CCC(C3CCCCC3)CC2)CC1
C1CCC(C2CC(C3CCCCC3)CC(C3CCCC(CC4CCCC4)C3)C2)CC1
C1CCC(CCCCC2CCC3CC(C4CCC5CCCCC54)CC(C4CCCCC4)C3C2)CC1
C1CCC(CC2CCC(C3CCC(C4CCCC(C5CCC5)C4)CC3)CC2)CC1
C1CCC(CCC2CCC(CCCC3CCCC(CC4CCC5CCCC5C4)C3)CC2)CC1
C1CCC(C2CCC(C3CCCC(C4CCCCC4)C3)CC2)CC1
C1CCC(C2CCCCC2C2CCC3CCCC3C2)CC1
C1CCC(CC2CCCC(CC3CCCCC3)C2)CC1
C1CCC(CCCC2CCC(C3CCCCC3)CC2)CC1
C1CCC(C2CCC(CC3CCC(CCC4CCCC(CC5CCC5)C4)CC3)CC2)CC1
C1CCC(C2CCC(C3CC(C4CCCCC4)C4CCCCC43)C(CC3CCCC3)C2)CC1
C1CCC(C(CCC2CCC(C3CCCC3)C2)C(C2CCCCC2)C2CCCC2)CC1
C1CCC(CC2CCCC(C(CC3CCCCC3)C3CCCCC3)C2)CC1
C1CCC(CC2CCC3C(CC4CCCCC4)CC(CC4CCCCC4)C3C2)CC1
C1CCC(CC2CCC(CCCC3CCCCC3C3CCC4CCCCC4C3)CC2)CC1
C1CCC(CC2CCC(CC3CCC4CCCCC43)CC2)CC1
C1CCC(CC2CCC(CC3CCCCC3)CC2)CC1
C1CCC(CC2CCC(CC3CCCCC3)CC2)CC1
C1CCC(CCC2CCC(C3CCCCC3)CC2CCC2CCCCC2)CC1
C1CCC(CC2CCC(C3CCC(CC4CCCCC4)CC3)CC2)CC1
C1CCC(CC2CC(C3CCCCC3)CC(C3CCCCC3)C2)CC1
C1CCC(CCCC2CCCCC2C2CCCCC2)CC1
C1CCC(CCC2CCCC(CC3CCCC(C4CCCCC4)C3)C2)CC1
C1CCC(CCC2CCCC(CC3CCCCC3C3CCCCC3)C2)CC1
C1CCC(C2CCCC(C3CCCC(C4CCCCC4)C3)C2)CC1
C1CCC(CCC2CC(CC3CCCC3)CC(C3CCCC(C4CCCCC4)C3)C2)CC1
C1CCC(CCC2CCC(C3CC(C4CCCCC4)C4CCCCC34)CC2)CC1
C1CCC(CC2CCC(C3CCC(C4CCCCC4C4CC4)CC3)CC2)CC1
C1CCC(CCC2CCCC(C3CCC(C4CCCC(C5CCCCC5)C4)CC3)C2)CC1
C1CCC(CCCC2CCCC(C3CCC4CCCC4C3)C2)CC1
C1CCC(C2CC3CCC(C4CCCC5CCCCC54)CC3C(C3CCCCC3)C2)CC1
C1CCC(C2CCC3CCCC3C2)CC1
C1CCC(C2CCC3CC(C4CCCC4)CCC3C2)CC1
C1CCC(CC2CCC(C3CCCCC3)CC2)CC1
C1CCC(CC2CCCCC2CC2CCC(C3CCCC3)CC2)CC1
C1CCC(CCC2CCCC(C3CCCCC3)C2)CC1
C1CCC(C2CCC3CC(C4CCC5CCCCC54)CCC3C2)CC1
C1CCC(CCC2CCC(C3CCC(C4CCCC4)CC3C3CCCC3)CC2)CC1
C1CCC(CC2CCCC(C3CCCC(C4CCCC(CC5CCCC5)C4)C3)C2)CC1
C(CCC1CCCC1)CCC1CCC(CC2CCCC(C3CCCCC3)C2)CC1
C1CCC(C2CCCC(CCCCC3CC4CCCCC4C3)C2)CC1
C1CCC(CC2CCC(C3CCCC3C3CCC4CCCCC4C3)CC2)CC1
C1CCC(C2CCCC(C3CCCC(C4CCC4)C3)C2)CC1
C1CCC(CC2CCC(CC3CCCCC3)CC2)CC1
C1CCC(CC2CCC(C3CCC(CC4CCCC4)CC3)CC2)CC1
C1CCC(C2CCCC(CCC(C3CCCC3)C3CCCC(CCC4CCCC4)C3)C2)CC1
C1CCC(CC2CCC(C3CCC(CC4CCCCC4)CC3)CC2)CC1
C1CCC(C2CCCC(C3CCCCC3)C2)CC1
C1CCC(C2CCC(CCC3CCCC(C4CCCCC4)C3)CC2)CC1
C1CCC(CC2CCCCC2C2CCC3C(CCCC3C3CCCCC3)C2)CC1
C1CCC(CC2CCC(CCCCC3CCC(C4CCCCC4)CC3)CC2)CC1
C1CCC(CCCC2CCCCC2)CC1
C1CCC(CCCCC2CCCCC2C2CCCCC2)CC1
C1CCC(C2CCCC(C3CC(C4CCCCC4)C(C4CCCC4)C(C4CC4)C3)C2)CC1
C1CCC(CC2CC(C3CCCCC3)C3CCCCC23)CC1
C1CCC(CC2CCC(CC3CCC(CCCC4CCCC4)CC3)CC2)CC1
C1CCC(CC2CCC3CC(C4CCC5CCCCC54)CC(CC4CCCCC4)C3C2)CC1
C1CCC(C2CCCCC2C2CCCCC2C2CCC3CCCC3C2)CC1
C1CCC(CC2CCC(C3CCCCC3C3CCCCC3)CC2)CC1
C1CCC(CCCCC2CCC(CCC3CCC(C4CCCC(C5CCC5)C4)CC3)CC2)CC1
C1CCC(C2CCC(C3CCC4CCCCC43)CC2)CC1
C1CCC(CCCCC2CCC(CC3CCCC(CC4CCCCC4)C3)CC2)CC1
C1CCC(CCC2CCCC(CC3CCCCC3)C2)CC1
C1CCC(CCC2CCCC(C3CCCCC3)C2)CC1
C1CCC(C2CCC(CC3CCCC(C4CCCCC4)C3)CC2)CC1
C1CCC(CCC2CCC(CC3CCCCC3)CC2)CC1
C1CCC(CC2CCCCC2CC2CCCCC2)CC1
C1CCC(CCCC(C2CCCC2)C2CCCC(C3CCC(C4CCC4)CC3)C2)CC1
C1CCC(C2CCCC(CCCC3CCC(CC4CCC(C5CCCC5)CC4)CC3)C2)CC1
C1CCC(C2CCCC(C3CC(CC4CCC(CC5CC5)CC4)CC(C4CCCCC4)C3)C2)CC1
C1CCC(C2CCC(CCCC3CCC(C4CCCCC4)CC3)CC2)CC1
C1CCC(C2CCCC(C3CCC(C4CCC(C5CCCC5)CC4)CC3)C2)CC1
C1CCC(CC2CC3CCCCC3C2)C(CCC2CC3CCCCC3C2)C1
C1CCC(CCC2CCC(C3CCCCC3)CC2)CC1
C1CCC(C2CCC(C3CCCCC3C3CCCCC3)CC2)CC1
C1CCC(CCCC2CCCC(C3CCCCC3)C2)CC1
C1CCC(CC2CCCC(C3CCC(CC4CC5CCCCC5C4)CC3)C2)CC1
C1CCC(CC2CCCCC2C2CCCCC2C2CCCCC2)CC1
C1CCC(C2CCC(CC3CCCCC3C3CCC4CCCCC4C3)CC2)C1
C1CCC(CCCC2CCC(CCC3CCCCC3)CC2)CC1
C1CCC(CCCC2CCCCC2C2CCC3C(CCCC3C3CCC4C(CCCC4C4CCC4)C3)C2)CC1
C1CCC(CC2CCC(C3CCCCC3)CC2)CC1
C1CCC(CC2CCCCC2C2CCC(C3CCCCC3)CC2C2CCC3CCCC3C2)CC1
C1CCC(CC2CCCC(C3CCCC(C4CCCC4)C3)C2)CC1
C1CCC(CC2CCCCC2C2CCCCC2C2CCC3C(CCCC3C3CCCCC3)C2)CC1
C1CCC(C2CCC(CC3CCC(CCC4CCC5CCCCC54)CC3)CC2)C1
C1CCC(C2CC(C3CCCCC3)C3CCCCC23)CC1
C1CCC(CCC2CCC(CC3CCCCC3)CC2)CC1
C1CCC(CC2CCC(CC3CCC(CC4CCCCC4)CC3)CC2)CC1
C1CCC(C2CCCC(CC3CC(C4CCCCC4)C4CCCCC34)C2)CC1
C1CCC(CCC2CCC(C3CCCCC3)C(C3CCCCC3)C2)CC1
C1CCC(C2CCC(C3CCCCC3)CC2)CC1
C1CCC(CCC2CCCCC2C2CC(CC3CCC3)CC(C3CCCCC3)C2)CC1
C1CCC(CCC2CCCCC2CC2CCCCC2)CC1
C1CCC(CC2CCCCC2CCCC2CCC(C3CCCCC3)CC2)CC1
C1CCC(C2CCC(C3CCCC(CCC4CC5CCCCC5C4)C3)CC2)CC1
C1CCC(C2CCCC(CCCC3CCCC(C4CCCCC4)C3)C2)CC1
C1CCC(CCC2CCCC(C3CCCCC3)C2)CC1
C1CCC(CC2CCCCC2)CC1
C1CCC(C2CCCC(C3CCCCC3)C2)CC1
C1CCC(CC2CCCC(CC3CCCC(CC4CCCCC4)C3)C2)CC1
C1CCC(CCC2CCCCC2CCCCCC2CCC3CCCC3C2)CC1
C1CCC(CCC2CCCC(CCC3CCCCC3)C2)CC1
C1CCC(C2CCCC(CCCC3CCC(CC4CCC(CC5CCC5)CC4)CC3)C2)CC1
C1CCC(CCC2CCCCC2C2CCC(CCC3CCCC(CC4CCCCC4)C3)CC2)CC1
C1CCC(CC2CC(CCC3CC4CCCCC4C3)CC(C3CCCCC3C3CCC4CCCCC4C3)C2)CC1
C1CCC(CC2CCC(C3CCCCC3C3CCCCC3)CC2)CC1
C1CCC(C2CCCC(CC3CCCC(C4CCCC4)C3)C2)CC1
C1CCC(CCCC2CCC(CC3CCCC3)CC2)CC1
C1CCC(C2CCC(CCC3CCCC(C4CCCCC4)C3)CC2)CC1
C1CCC(C2CCCC(CC3CCC4CCCC(C5CCCCC5)C4C3)C2)CC1
C1CCC(C2CCCC(CCC3CCC(C4CC5CCCCC5C4)CC3)C2)C1
C1CCC(CCCCC2CCCCC2)CC1
C1CCC(CCCC2CCC(CCCC3CCCCC3CC3CCCCC3)CC2)CC1
C1CCC(C2CCC(CC3CCCC3C3CCCCC3)CC2)CC1
C1CCC(C2CCCC(C3CCC(CC4CC5CCCCC5C4)CC3)C2)CC1
C1CCC(CC2CCCC(C3CCCCC3)C2)CC1
C1CCC(CC2CCC(CC3CCCC(CC4CCC(C5CC5)CC4)C3)CC2)CC1
C(CC1CCC(C2CC3CCCCC3C2)CC1)CC1CCC2CCCC2C1
C1CCC(CCCC2CCCCC2CC2CCCCC2)CC1
C1CCC(CCC2CCCCC2C2CCCC(CC3CCCCC3)C2)CC1
C1CCC(C2CCC(CCCC3CCCC(C4CCCCC4)C3)CC2)CC1
C1CCC(C2CC(C3CCC4CCCCC43)CC3CCC(CC4CC4)CC32)CC1
C(CCCC1CCCC(C2CCC2)C1)CCC1CCCCC1
C1CCC(CCCC2CCC3CC(CC4CCC(C5CCCCC5)CC4)CCC23)CC1
C1CC(CC2CC2)CC(CC2CCCC(C3CCC3)C2)C1
C1CCC(CCC2CC(CC3CCCCC3)CCC2CC2CCCCC2)CC1
C1CCC(CCC2CC(C3CCCCC3)CCC2C2CCCCC2)CC1
C1CCC(CCC2CCCCC2C2CCCCC2CC2CCCCC2)CC1
C1CCC(C2CCCCC2C2CCCCC2)CC1
C1CCC(CCCCCC2CCC(CC3CCCCC3)CC2)CC1
C1CCC(CC2CCC(CC3CCC4C(CCCC4C4CCCC5CCCCC54)C3)CC2)CC1
C1CCC(C2CCCCC2C2CCCC2)CC1
C1CCC(CCC2CCC(CC3CCCCC3)CC2)CC1
C1CCC(CC2CCC(C3CCCCC3C3CCCCC3)CC2)CC1
C1CCC(CC2CCC(CC3CCC(C4CCCCC4)CC3)CC2)CC1
C1CCC(CC2CCCC(C3CC(C4CCCCC4)C4CCCCC34)C2)CC1
C1CCC(C2CCC3C(CCCC3C3CCCCC3)C2)CC1
C1CCC(C2CCCCC2CCC2CCCC(CCC3CCCC4CCCCC43)C2)CC1
C1CCC(CCC2CCC(C3CC(CC4CCC(C5CCCC5)CC4)C4CCCCC43)CC2)CC1
C1CCC(C2CCCCC2)CC1
C1CCC(CC2CCCC(C3CCCC(C4CCCCC4)C3)C2)CC1
C1CCC(C2CCCCC2C2CCC(C3CCC4CCCC4C3)C(CC3CCCC3)C2)CC1
C1CCC(CC2CCCCC2C2CCCCC2)CC1
C1CCC(C2CCC(C3CCCC4CCCCC43)C(C3CCCCC3)C2)CC1
C1CCC(C2CCC(C3CCCC(CC4CC5CCCCC5C4)C3)CC2)C1
C1CCC(CC2CCCC(C3CCCCC3C3CCCCC3)C2)CC1
C1CCC(C2CCC(C(C3CCCCC3)C3CCC(C4CCCCC4)C3)CC2)CC1
C1CCC(CC2CCC(CC3CCCC(C4CCCCC4)C3)CC2)CC1
C1CCC(CCC2CCC(CC3CCCCC3)CC2)CC1
C1CCC(C2CCCCC2)CC1
C1CCC(CCCC2CC(CC3CCCCC3)C3CCCCC23)CC1
C1CCC(C2CCC(C3CCCC(C4CCCCC4)C3)CC2)CC1
C1CCC(CCCC2CC(CC3CCCCC3)C3CCCCC23)CC1
C1CCC(CCCCC2CCC(CCC3CCCCC3C3CCC4CCCCC43)CC2)CC1
C1CCC(C2CCCCC2)CC1
C1CCC(C2CCC(C3CCCCC3C3CCCCC3)CC2)CC1
C1CCC(C2CCC(CCCC3CCCC(C4CCCC(C5CCCCC5)C4)C3)CC2)CC1
C1CCC(CCCCC2CC3CCCCC3C2)CC1
C1CCC(CC2CCCCC2C2CCCCC2C2CC(CC3CCCCC3)C3CCCCC32)CC1
C1CCC(CC2CCCC(C3CCCC(CC4CCCCC4)C3)C2)CC1
C1CCC(CCC2CCC(C3CCCCC3)CC2)CC1
C1CCC(CC2CCC(CC3CC(CC4CCCC4)CC(C4CCCCC4)C3)CC2)CC1
C1CCC(CCC2CCC(C3CCCCC3)CC2)CC1
C1CCC(CCC2CCC(C3CCC(C4CCCCC4)CC3)CC2)CC1
C1CCC(CCC2CCCC(CC3CCCCC3)C2)CC1
C1CCC(CC2CC(CC3CCC4CCCCC43)C3CCCCC23)CC1
C1CCC(C2CC(C3CCC4CCCCC43)CC3CCC(CC4CCCC4)CC32)CC1
C1CCC(CC2CCCC(CC3CCCCC3C3CCCCC3)C2)CC1
C1CCC(C2CC(CCC3CCC(CC4CC4)CC3)CC(C3CCCCC3)C2)CC1
C1CCC(CCCC2CCCC(CC3CCC(CC4CCCCC4)C3)C2)CC1
C1CCC(CC2CCCC(C3CCC(C4CCCC(CC5CCCCC5)C4)CC3)C2)CC1
C1CCC(CCC2CCCC(C3CCCC4CC(C5CCCCC5C5CCCCC5)CCC43)C2)CC1
C1CCC(C2CCCC(CCCC3CC(CC4CCC4)CCC3C3CCCCC3)C2)CC1
C1CCC(C2CCC(C3CCCC(C4CCCCC4)C3)CC2)CC1
C1CCC(CCC2CCCC(CCC3CCCCC3)C2)CC1
C1CCC(C2CCCC(CCCC3CCC(C4CCC(CC5CCC5)CC4)CC3)C2)CC1
C1CCC(CC2CCCCC2C2CCCC(C3CCC4CCCCC43)C2)CC1
C1CCC(CCCC2CCC(CC3CCCCC3C3CCCCC3)CC2)CC1
C1CCC(C2CCC(CC3CCC4CCCCC43)CC2)CC1
C1CCC(C2CCC(CCCCC3CCCC(CC4CC5CCCCC5C4)C3)CC2)CC1
C1CCC(CC2CCC(CCC3CCC(C4CCCCC4)CC3)CC2)CC1
C1CCC(CCC2CCC(CC3CCCC(CC4CCCCC4)C3)CC2)CC1
C1CCC(CCC2CCCC(C3CC4CCCCC4C3)C2)CC1
C1CCC(CCCC2CCCC(CC3CCC(C4CC4)CC3)C2)CC1
C1CCC(C2CCCC(C3CCCCC3)C2)CC1
C1CCC(CC2CCC(CC3CC(C4CCCCC4)CC(C4CCCCC4)C3)CC2)CC1
C1CCC(CCC2CCC(CCC3CCCC(CCC4CCC(C5CCCCC5)CC4)C3)CC2)CC1
C1CCC(CCCC(CC2CCC(C3CCCC3)C(C3CCCCC3)C2)C2CCCCC2)CC1
C1CCC(C2CCC(C3CCC(CC4CCCC(C5CCC5)C4)CC3C3CCCC3)CC2)CC1
C1CCC(CC2CCC(CC3CCC(C4CCCCC4)CC3)CC2)CC1
C1CCC(C2CCCC(C3CCCCC3CC3CC3)C2)CC1
C1CCC2CC(C3CCC(C4CCCC5CCCCC54)C(C4CCC5CCCC5C4)C3)CCC2C1
C1CCC(CC2CCCCC2C2CCCCC2)CC1
C1CCC(C2CCC(CC3CCC(C4CCC5CCCCC5C4)CC3)CC2)C1
C1CC(CC2CCC(C3CCCC3)CC2)CC(CC2CCCC(C3CCC4CCCCC43)C2)C1
C1CCC(CCCCC2CCC(CC3CCCCC3)CC2)CC1
C1CCC(CCCC2CCCC(C3CCCCC3)C2)CC1
C1CCC(C2CCCC(C3CCCCC3C3CCCC(CC4CCCC(C5CCCC5)C4)C3)C2)CC1
C1CCC(CCCCC2CCC(CCC3CCCCC3)CC2)CC1
C1CCC(CC2CCCC(C3CC(CC4CCCCC4)CCC3C3CCCC3)C2)CC1
C1CCC(CC2CCCC(C3CCCC(C4CCCCC4)C3)C2)CC1
C1CCC(CC2CCC(C3CCCCC3C3CCC4CCCC4C3)CC2)CC1
C1CCC(CC2CCCCC2CC2CCCC(C3CCCCC3)C2)CC1
C1CCC(CC2CCCCC2CCC2CCCCC2C2CCCCC2C2CCC3CCCC3C2)CC1
C1CCC(CCCC2CCC(C3CCC(C4CCCC4)CC3)CC2)CC1
C1CCC(CC2CCC(CCC3CCC(C4CCCC4)CC3)CC2)CC1
C1CCC(CCC2CC(CC3CCCCC3)CCC2CC2CCCCC2)CC1
C1CCC(C2CCC(C3CCC(C4CCCCC4)C(C4CCCCC4)C3)C2)CC1
C1CCC(CCCC2CCC(C3CCCC(C4CC5CCCCC5C4)C3)CC2)CC1
C1CCC(CCC2CCC(CC3CCC(CCCC4CCCC4)CC3)CC2)CC1
C1CCC(CCCCCC2CCC(CCC3CCCCC3)CC2)CC1
C1CCC(CC2CCC(C3CCC(CC4CCC(CC5CC6CCCCC6C5)CC4)CC3)CC2)CC1
C1CCC(C2CCCCC2)CC1
C1CCC(C2CCC(C3CC(C4CCCCC4)CCC3C3CCCCC3)CC2)CC1
C1CCC(C2CCCC(C3CCC(CCC4CCCCC4C4CCCC4)CC3)C2)CC1
C1CCC(C2CCCC(CCC3CCC(CCC4CC4)CC3)C2)CC1
C1CCC(C2CCC(CCC3CCCC(C4CCCCC4)C3)CC2)CC1
C1CCC(CC2CCC(C3CCCC(CC4CCCC(C5CCCCC5)C4)C3)CC2)CC1
C1CCC(CCCCC2CC3CCCCC3C2)CC1
C1CCC(CCC2CCC(C3CCCCC3)CC2CCC2CCCCC2)CC1
C1CCC(C2CCC(CCC3CCCCC3C3CCCCC3)CC2)CC1
C1CCC(C2CCC(C3CCC(C4CCCC4)CC3)CC2)CC1
C1CCC(CC2CCCC(CC3CCC4CCCCC43)C2)CC1
C1CCC(CC2CCC(C3CCCC(C4CCCC(CC5CCCCC5)C4)C3)CC2)CC1
C1CCC(CC2CCC(C3CCCCC3)C(CCC3CC4CCCCC4C3)C2)CC1
C1CCC(CCC2CCC(C3CCCCC3)CC2)CC1
C1CCC(CCC2CCC(C3CCCCC3)CC2)CC1
C1CCC(CCC2CCC(CC3CCC(CC4CCC(CC5CCCCC5)CC4)CC3)CC2)CC1
C1CCC(CCC2CCCCC2C2CCCC(CC3CCCCC3)C2)CC1
C1CCC(CC2CCCCC2C2CCCCC2C2CC3CCCCC3C2)CC1
C1CCC(CCCCC2CCC(CCC3CCCCC3)CC2)CC1
C1CCC(CC2CCC(C3CCCCC3)CC2)CC1
C1CCC(C2CCC3C(CCC3C3CCC(CC4CCCC4)CC3)C2)CC1
C1CCC(CCCCC2CC(C3CCCC(C4CCCCC4)C3)C3CCCCC23)CC1
C1CCC(CC2CCC(CC3CCC(CCC4CC5CCCCC5C4)CC3)CC2)CC1
C1CCC(CCC2CCC(C3CC(C4CCC(C5CCCCC5)CC4)C3)CC2)CC1
C1CCC(CCCCC2CCC(CC3CCCCC3C3CCCCC3)CC2)CC1
C1CCC(CC2CCC(CC3CCC(C4CCCCC4)CC3)CC2)CC1
C1CCC(CCCCC2CCCCC2)CC1
C1CCC(CCC2CC(C3CCCCC3)CCC2C2CCC(C3CCCCC3)CC2)CC1
C1CCC(CC2CC(C3CCC(CC4CCC(CCCC5CCCC5)CC4)CC3)C3CCCCC23)CC1
C1CCC(C2CCC(C3CCC4CCC(C5CCCCC5C5CCCC5)CC4C3)C2)CC1
C1CCC(CC2CC(C3CCCC(C4CCCCC4)C3)C3CCCCC23)CC1
C1CCC(CC2CCCC(CC3CCC(C4CCCCC4CC4CCCCC4)CC3)C2)CC1
C1CCC(CC2CCC(CC3CCC(CC4CC5CCCCC5C4)CC3)CC2)C1
C1CCC(C2CCC(C3CCCC(C4CCCC(C5CCC6CCCCC65)C4)C3)CC2)C1
C1CCC(C2CCC(C3CCCCC3)C(C3CCC4C(CCC4C4CCCC4)C3)C2)CC1
C1CCC(CCC2CCC(CCC3CCC(CC4CCCCC4)CC3)CC2)CC1
C1CCC(CC2CCCC(C3CCCCC3)C2)CC1
C1CCC(CCC2CCCC(C3CCCCC3C3CCCCC3)C2)CC1
C1CCC(CCC2CCCC(C3CCCCC3)C2)CC1
C(CCCC1CCC(CC2CCCC(CC3CCCCC3)C2)CC1)CCC1CCCCC1
C1CCC(CC2CCC(CC3CCCC(CCCC4CCCC(C5CC5)C4)C3)CC2)CC1
C1CCC(CCCC2CCC(CC3CCC(CCCC4CCCCC4)CC3)CC2)CC1
C1CCC(CC2CC(C3CCCCC3)CC(C3CCCC(C4CCCCC4)C3)C2)CC1
C1CCC(CC2CCCC(C3CCCCC3C3CCCCC3)C2)CC1
C1CCC(CCCC2CCC(C3CCCCC3)CC2)CC1
C1CCC(CCC2CC(CC3CCCCC3)CCC2CC2CCCCC2)CC1
C(CCC1CCC(C2CCCCC2)CC1)CCC1CCCC(C2CCC(C3CCCC3)CC2)C1
C1CCC(CC2CC(CC3CCCC(C4CC5CCCCC5C4)C3)C3CCCCC23)CC1
C1CCC(C2CCCCC2)CC1
C1CCC(C2CCCC(C3CCCCC3)C2)CC1
C1CCC(CC2CC3CCC(C4CCCCC4)CC3C(C3CCCCC3)C2)CC1
C1CCC(CC2CCCC(C3CCC(C4CCC5CCCCC54)CC3)C2)CC1
C1CCC(CCCC2CCCC(C3CCCC(C4CCCCC4)C3)C2)CC1
C1CCC(CC2CCC(CC3CCCCC3)CC2)CC1
C1CCC(CCCC2CCC3CC(CC4CCCCC4)CCC3C2)CC1
C1CCC(C2CCCC(C3CCCCC3)C2)CC1
C1CCC(C2CCCC2C2CC(CC3CCCC(C4CCC5CCCCC54)C3)C3CCCCC32)CC1
C1CCC(C(CC2CCC3CCCC3C2)C2CCCCC2)CC1
C1CCC(CC2CC(C3CCCCC3)C3CCCCC23)CC1
C1CCC(CC2CCCC2CC2CCC(C3CCCCC3)CC2C2CCC3CCCC3C2)CC1
C1CCC(CCC2CCC(C3CCCC3C3CCCCC3)CC2)CC1
C1CCC(CC2CCCC(CC3CCC(C4CCCC(C5CCCCC5)C4)CC3)C2)CC1
C1CCC(CC2CCC(C3CCCCC3)CC2)CC1
C1CCC(CC2CCC(C3CCCCC3)CC2CC2CCCCC2)CC1
C1CC(CC2CC3CCCCC3C2)CC(C2CCC(C3CC(CC4CC4)C4CCCCC43)CC2)C1
C1CCC(CC2CCCCC2C2CCCCC2)CC1
C1CCC(CC2CCCCC2CC2CC(C3CCCCC3)CC2C2CCC3CCCC3C2)CC1
C1CCC(CC2CCC(CC3CCCCC3C3CCCC3)C(C3CCC4CCCC4C3)C2)CC1
C1CCC(CCC2CCCC(C3CC4CCCCC4C3)C2)CC1
C1CCC(CC2CCCCC2C2CCC3C(CCCC3C3CCCCC3)C2)CC1
C1CCC(CCCC2CCCC(C3CCCCC3)C2)CC1
C1CCC(CCC2CCC(CC3CCCCC3)CC2CCC2CCCCC2)CC1
C1CCC(CC2CCC(C3CCCCC3)CC2)CC1
C1CCC(CCCC2CC(C3CCCC(CC4CCCCC4)C3)C3CCCCC23)CC1
C1CCC(CC2CCC(CCC3CCC(C4CCCCC4C4CCC5CCCC5C4)CC3)C2)CC1
C1CCC(C2CC(CCC3CCCC3)CC(C3CCC(C4CCCCC4C4CCCC4)C3)C2)CC1
C1CCC(CC2CCC(CC3CC(C4CCCCC4)CC(C4CC4)C3)CC2)CC1
C1CCC(C2CCC(CCC3CCC(C4CCCCC4)CC3)CC2)CC1
C1CCC(CC2CCC(CC3CCC(C4CCCCC4)CC3)CC2)CC1
C1CCC(CC2CCCCC2C2CCCCC2)CC1
C1CCC(CCC2CC(CCC3CCCCC3)CC(CC3CCCCC3)C2)CC1
C1CCC(CCCCC2CCC(CC3CCC(CCCC4CCCCC4)CC3)CC2)CC1
C1CCC(CC2CCC(C3CCC(C4CCCCC4)CC3)CC2)CC1
C1CCC(CC2CCCC(CC3CCCCC3)C2)CC1
C1CCC(CCC2CCCC(CC3CC(C4CCCC4)C4CCCCC34)C2)CC1
C1CCC(CC2CCCC(CC3CCCCC3)C2)CC1
C1CCC(CCC2CCC(CC3CCC(C4CCCCC4)CC3)CC2)CC1
C1CCC(C2CCC(CCC3CCC(CCC4CCC5CCCCC54)CC3)CC2)CC1
C1CCC(CC2CC(C3CCCCC3)CC(C3CCCC(C4CCCCC4)C3)C2)CC1
C1CCC(C2CCC(C3CCCCC3C3CCCC(C4CCC5CCCCC54)C3)CC2)CC1
C1CCC(C2CCC(C(C3CCCCC3)C3CC(CC4CCC(C5CCC5)CC4)C4CCCCC43)C2)CC1
C1CCC(C2CCCC(C3CCCCC3)C2)CC1
C1CCC(C(CC2CCC3C(C4CCCCC4)CC(C4CCCCC4)C3C2)C2CCCCC2)CC1
C1CCC(CC2CC(CC3CCCCC3C3CCCCC3)C3CCCCC23)CC1
C1CCC(C2CCCC(C3CCC(C4CCCC4)CC3)C2)CC1
C1CCC(CCC2CCC(CC3CCC(C4CCCC(C5CCCCC5)C4)CC3)CC2)CC1
C1CCC(CC2CCCC(CC3CCC4CCCC4C3)C2)CC1
C1CCC(CC2CCCCC2)CC1
C1CCC(CCCC2CCC(CC3CCC(CC4CCCCC4)CC3)CC2)CC1
C1CCC(CCCC2CCC(CCC3CCC(C4CCCCC4)CC3)CC2)CC1
C1CCC(C2CCCCC2C2CCCCC2)CC1
C1CCC(C2CCC(C3CCCCC3)CC2)CC1
C1CCC(CC2CCC(C3CCC(CC4CCC5CCCCC5C4)CC3)C2)CC1
C1CCC(CCC2CCCC(C3CCCC(C4CCCCC4)C3)C2)CC1
C1CCC(C2CCCC(CC3CCCC(CC4CC5CCCCC5C4)C3)C2)CC1
C1CCC(CCC2CCCC(CCCC3CCC(C4CCCCC4)CC3)C2)CC1
C1CCC(CC2CCC3C(CCC3CC3CCC4CCCCC4C3)C2)CC1
C1CCC(CC2CCCCC2C2CCCC2)CC1
C1CCC(CC2CCC(C3CCCCC3)CC2)CC1
C1CCC(CC2CC3CCC(C4CCCCC4)CC3C(C3CCCCC3)C2)CC1
C1CCC(CC2CCCC(C3CCCCC3)C2)CC1
C1CCC(CCCC2CCC(C3CC(CC4CCCCC4)C4CCCCC43)CC2)CC1
C1CCC(C2CCC(C3CCCC(C4CCCCC4)C3)CC2)CC1
C1CCC(C2CCC(CCCC3CCCC(C4CCC(C5CCCCC5)C4)C3)CC2)CC1
C1CCC(CC2CCCC(C3CCCC(C4CCCC(C5CCCCC5)C4)C3)C2)CC1
C1CCC(CC2CCCC(C3CCCCC3)C2)CC1
C1CCC(CCC2CCCCC2)CC1
C1CCC(CC2CC(C3CCCCC3)CCC2C2CCCCC2)CC1
C1CCC(C2CCC(CC3CCC(C4CCCCC4)CC3C3CCCCC3)CC2)CC1
C1CCC(CC2CC(CCCC3CCC(C4CCCCC4)C3)C3CCCCC23)CC1
C1CCC(C2CCCC(C3CCCCC3C3CCCCC3)C2)CC1
C1CCC(C2CCC3CCCCC3C2)CC1
C1CCC(C2CCCC(C3CC(C4CCCCC4)C4CCCCC34)C2)CC1
C1CCC(C2CCC(CCC3CCCCC3C3CC4CCCCC4C3)CC2)CC1
C1CCC(C2CCCC(C3CCCCC3C3CCCC3)C2)CC1
C1CCC(CCC2CCC(CCC3CC4CCCCC4C3)CC2C2CCCCC2)CC1
C1CCC(C2CCC(C3CCC(C4CCCCC4)CC3)CC2)CC1
C1CCC(C2CCCC(C3CCCC3)C2)CC1
C(CCCC1CCCC(C2CC3CCCCC3C2)C1)CCC1CCCCC1
C1CCC(CCCCC2CCC(C3CCCC(C4CCC(C5CCCCC5)CC4)C3)CC2)CC1
C1CCC(CC2CCC(CC3CCCCC3)CC2)CC1
C1CCC(CCC2CCC(CC3CCCCC3)CC2)CC1
C1CCC(CCCC2CCC(CC3CCC(CC4CCCCC4)CC3)CC2)CC1
C1CC(C2CCCC(C3CCCCC3C3CCC(C4CCC5CCCCC54)CC3)C2)C1
C1CCC(CCCC2CC(C3CCCCC3)C3CCCCC23)CC1
C1CCC(CC2CCC(C3CCC4CCCCC4C3)CC2)CC1
C1CCC(C2CCC3CC(CCCC4CCC5CCCCC5C4)CC3C2)CC1
C1CCC(CCC2CCCC(C3CCCCC3)C2)CC1
C1CCC(CCCC2CCCCC2CC2CCCCC2)CC1
C1CCC(CCCCC2CCC(C3CCCCC3)CC2CC2CC2)CC1
C1CCC(C2CCC3C(CC4CCC(C5CCC6CCCCC6C5)CC4)CCCC3C2)CC1
C1CCC(C2CCC(C3CCCCC3)CC2)CC1
C1CCC(CCC2CCCC(CC3CCC4CCCC4C3)C2C2CCCC2)CC1
C1CCC(CCC2CCC(CCCC3CCCC(C4CC(CC5CCCCC5)C5CCCCC54)C3)CC2)CC1
C1CCC(CCCC2CCCCC2CC2CCCCC2)CC1
C1CCC(CCC2CCCC(CC3CCCCC3C3CCCCC3C3CCCC3)C2)CC1
C1CCC(CCC2CCCC(C3CCCCC3C3CCCCC3)C2)CC1
C1CCC(C2CCCCC2C2CCCCC2C2CCCC2)CC1
C1CC(CCC2CCCC(C3CCCC(CC4CCC5CCCCC5C4)C3)C2)C1
C1CCC(C2CCCC(C3CCCC(C4CCCCC4)C3)C2)CC1
C1CCC(CCC2CC(CC3CC4CCCCC4C3)CC(C3CCCCC3)C2)CC1
C1CCC(CCCC2CCCC(CC3CCCC(CC4CC4)C3)C2)CC1
C1CCC(CCCC2CCCC(C3CCCC(CC4CCC4)C3)C2)CC1
C1CCC(CCCC2CCC(C3CCCCC3C3CC4CCCCC4C3)CC2)CC1
C1CCC(CC2CCC(CC3CCCC3)CC2)CC1
C1CCC(CCCCC(CC2CCC(CC3CCCCC3)CC2)C2CCCC2)CC1
C1CCC(C2CCCCC2CCC2CCC(C3CCCC3)CC2C2CCCCC2)CC1
C1CCC(CCC2CCC(C3CCCCC3)C(C3CCCC(C4CCCCC4)C3)C2)CC1
C1CCC(CC2CCC(C3CCCCC3)C(C3CCCCC3)C2)CC1
C1CCC(CC2CCC(C3CCCC(C4CCCCC4CC4CCCCC4)C3)CC2)CC1
C1CCC(C2CCCC(CC3CCCC(CC4CCCC(C5CCCCC5)C4)C3)C2)CC1
C1CCC(C2CCC3C(CCCC3C3CCC(C4CCCCC4C4CCCC4)CC3)C2)CC1
C1CCC(C2CCC(CC3CCCC(C4CCCC(CCC5CCCC5)C4)C3)CC2)CC1
C1CCC(CCC2CCCCC2C2CCC3CCCCC3C2)CC1
C1CCC(CC2CCC(C3CCCCC3)CC2)CC1
C1CCC(CC2CCC(CC3CCCC(C4CCCCC4)C3)CC2)CC1
C1CCC(CCC2CCCC(C3CCCCC3CC3CCCC3)C2)CC1
C1CCC(C2CCCC(CC3CC(C4CCCCC4)C4CCCCC34)C2)CC1
C1CCC(CC2CCC(CC3CCC(CC4CCCCC4)CC3)CC2)CC1
C1CCC(C2CCC(CCCCC3CCC(C4CCC(C5CCCC5)CC4)CC3)CC2)CC1
C1CCC(CCC2CCCCC2C2CCC(CC3CCC(CC4CC5CCCCC5C4)CC3)CC2)CC1
C1CCC(CC2CCCC(C3CCCCC3)C2)CC1
C1CCC(CCC2CCC(CC3CCCCC3)CC2)CC1
C1CCC(CCC2CC(CC3CCCCC3)CCC2CC2CCCCC2)CC1
C1CCC(C2CCC(C3CCC(C4CCCCC4)CC3)CC2)CC1
C1CCC(CC2CCCC(C3CCCC(CC4CC(C5CCCC5)C5CCCCC45)C3)C2)CC1
C1CCC(CC2CCCC(CCCC3CCC(C4CCCCC4)CC3)C2)CC1
C1CCC(CC2CCCCC2C2CCC(C3CCCC3)CC2C2CCC3CCCC3C2)CC1
C1CCC(CC2CCC(CC3CCC(C4CCCCC4)CC3)CC2)CC1
C1CCC(C2CCC(C3CCC4CCCCC4C3)C(C3CCCCC3)C2)CC1
C1CCC(C2CCC(CC3CCCC(CCC4CCCCC4C4CCCCC4)C3)CC2)CC1
C1CCC(C2CCCC(C3CCC(C4CCCCC4C4CCCCC4)CC3)C2)CC1
C1CCC(CCCCC2CCCC(CC3CCCCC3)C2)CC1
C1CCC(CC2CCCCC2C2CCCCC2)CC1
C1CCC(CC2CCC(CC3CCC(CC4CC5CCCCC5C4)CC3)CC2)CC1
C1CCC(CCC2CCC(CC3CCC(CC4CCCCC4)CC3)CC2)CC1
C1CCC(CCC2CCCC(C3CCCC(CC4CCCCC4)C3)C2)CC1
C1CCC(CC2CCC(C3CCCCC3C3CCCC3)CC2)CC1
C1CCC(CC2CCC(C3CCC(C4CCCC(C5CCCCC5)C4)CC3)CC2)CC1
C1CCC(CCCC2CCCC(C3CCCCC3)C2)CC1
C1CCC(CC2CCC(C3CCCC(C4CCC5CCCCC5C4)C3)CC2)CC1
C1CCC(CC2CCC(CC3CCCC3)CC2C2CCCCC2)CC1
C1CCC(C2CCC(C3CCCCC3C3CCCCC3)C(C3CCC4CCCC4C3)C2)CC1
C1CCC(CCC2CCC(C3CCC(C4CCC5CCCC5C4)CC3)CC2)CC1
C1CCC(CC2CCCC(C3CCCCC3)C2)CC1
C1CCC(CC2CCC(C3CCCCC3)CC2)CC1
C1CCC(CC2CCCCC2C2CCC3CCCC3C2)CC1
C1CCC(CC2CCCCC2CC2CCCCC2C2CCC3CCCCC3C2)CC1
C1CCC(CC(C2CCCCC2)C2CCCC(C3CCCCC3C3CCCC3)C2)CC1
C1CCC(C2CCCC(CCC3CCCC(C4CCC(C5CCCC(C6CC7CCCCC7C6)C5)CC4)C3)C2)C1
C1CCC(C2CCC(CC3CCCC(C4CCCCC4)C3)CC2)CC1
C1CCC(C2CC(C3CC(CCCC4CCC(C5CCCC5)CC4)C4CCCCC43)C3CCCCC23)CC1
C1CCC(C2CCCCC2C2CCCCC2)CC1
C1CCC(CC2CCC(CC3CCCC(C4CCCC(C5CCCCC5)C4)C3)CC2)CC1
C1CCC(CC2CCCC(C3CCCCC3)C2)CC1
C1CCC(CCC2CCCC(C3CCCCC3)C2)CC1
C1CCC(CC2CCC(CCC3CC4CCCCC4C3)CC2)CC1
C1CCC(C2CCCC(C3CCCCC3)C2)CC1
C1CCC(CCCC2CCC(C3CCC(C4CCCCC4)CC3)CC2)CC1
C1CCC(CC2CCC(CC3CCC(C4CCCCC4)CC3)CC2)CC1
C1CC(CCC2CCCC(CC3CC(C4CCCC4)C4CCCCC34)C2)C1
C1CCC(CC2CCC3C(CC4CCCCC4)CC(C4CCCCC4)C3C2)CC1
C1CCC(CC2CCCC(CC3CCCCC3)C2)CC1
C1CCC(CCC2CCCCC2C2CCC(CC3CCCCC3)CC2)CC1
C1CCC(CC2CCC(CCC3CC(CC4CCC(C5CCCCC5)CC4)C4CCCCC34)CC2)CC1
C1CCC(CCCC2CCC(C3CCCC(C4CCCCC4)C3)CC2C2CCCCC2)CC1
C1CCC(CC2CCCC(CC3CCCCC3C3CCC4CCCC4C3)C2)CC1
C1CCC(CCC2CCC(CC3CCC(CC4CCCCC4)CC3)CC2)CC1
C1CCC(CC2CCC(CC3CCC(C4CCCC(C5CCCCC5)C4)CC3)CC2)CC1
C1CCC(C2CCCC(CC3CCC3)C2C2CCCCC2)CC1
C1CCC(CC2CCCCC2C2CCC3C(CCCC3C3CCCCC3)C2)CC1
C1CCC(CCC2CCCCC2CC2CCCCC2)CC1
C1CCC(CC2CCC3CC(C4CCC(C5CCCC5)CC4)CCC23)CC1
C1CCC(C2CCCC(CC3CCC(CCC4CCC5CCCCC5C4)CC3)C2)CC1
C1CCC(C2CCCCC2C2CCCC(C3CCC(CCC4CCC5CCCCC54)CC3)C2)CC1
C1CCC(C2CCC(C3CCC4CCCCC4C3)C(CC3CCCCC3C3CCCCC3)C2)CC1
C1CCC(CCC2CCC(C3CCCCC3C3CCCCC3)CC2CC2CCCC2)CC1
C1CCC(CCC2CCC(C3CCCCC3)CC2)CC1
C1CCC(CCC2CCCC(C3CCCCC3CC3CCCCC3)C2)CC1
C1CCC(C2CC(CC3CCCC(C(C4CCCCC4)C4CCCC4)C3)CC(C3CC3)C2)CC1
C1CC(CC2CCC(C3CCCC3)CC2)C1
C1CCC(CCCCC2CCC(CC3CCC(CCCCC4CCCCC4C4CCCC4)CC3)CC2)CC1
C1CCC(CC2CCC(C3CCC(C4CCCCC4C4CCCC4)CC3)C(C3CCCCC3)C2)CC1
C1CCC(C2CCC(CC3CC(C4CCCCC4)CC(C4CCCC(C5CCCCC5)C4)C3)C2)CC1
C1CCC(CCC2CCCC(C3CCCC(C4CCC5CCCCC54)C3)C2)CC1
C1CCC(CC2CCCCC2C2CCCCC2)CC1
C1CCC(C2CCC(CC3CCC4CCCCC43)CC2)CC1
C1CCC(C2CCC3CCCC(C4CCCCC4)C3C2)CC1
C1CCC(CCCC2CCCCC2)CC1
C1CCC(CC2CCC(CCCC3CCC(CC4CCCCC4)CC3CC3CCCCC3)CC2)CC1
C1CCC(C2CC(C3CCC3)CC(C3CCC4CCCC4C3)C2)CC1
C1CCC(CCCCCC2CCC(CC3CC(CC4CCCCC4)C4CCCCC34)CC2)CC1
C1CCC(CCCC2CCCC(CC3CCC(CCC4CCCCC4)CC3)C2)CC1
C1CCC(CCCC2CCC(C3CCCCC3)CC2CCCC2CC2)CC1
C1CCC(CC2CC(C3CCCCC3)CC(C3CCCC3C3CCC(CC4CCCC4)CC3)C2)CC1
C1CCC(CC2CCCC(C3CCCC(CCCC4CCCCC4C4CCCC4)C3)C2)CC1
C1CCC(CCCC2CCC(C3CCCCC3)CC2C2CCC3CCCC3C2)CC1
C1CCC(CC2CCCC(C3CCCCC3CCC3CCC(C4CCCCC4)CC3)C2)CC1
C1CCC(CC2CCC(C3CCC4CCCCC43)CC2C2CCCCC2)CC1
C1CCC(C2CCCCC2)CC1
C1CCC(CC2CCCC(C3CCCC(C4CCCCC4)C3)C2)CC1
C1CCC(CC2CCC(CC3CC(CC4CCCCC4)C4CCCCC34)CC2)CC1
C1CCC(C2CCCCC2CC2CCC(CC(C3CCCCC3)C3CCCCC3)CC2)CC1
C1CCC(C2CCC(CC3CCC(C4CCCCC4)CC3)CC2)CC1
C1CCC(C2CCC(CC3CCC4CCCCC43)CC2)CC1
C1CCC(CC2CCC(CC3CCC4C(CCC4C4CCC(C5CCCCC5)CC4)C3)CC2)CC1
C1CCC(CCC2CCC(CC3CCCC(C4CCC(CC5CCC(C6CC6)CC5)CC4)C3)CC2)CC1
C1CCC(CC2CCCC(C3CCCCC3)C2)CC1
C1CCC(C2CCCC(C3CC(C4CCCCC4)CC(C4CCCCC4)C3)C2)CC1
C1CCC(C2CCCCC2CCCC2CCCC(C3CCC(C4CCC5CCCCC54)CC3)C2)CC1
C1CCC(CCC2CC(C3CCCCC3)CC(C3CCC(CC4CCCCC4)CC3)C2)CC1
C1CCC(C2CC(C3CCCC(CC4CCCC5CCCCC54)C3)C3CCCCC23)CC1
C1CCC(CCCCC2CCC(CC3CCCCC3)CC2)CC1
C1CCC(C2CCCCC2CC2CCC(C3CC4CCCCC4C3)CC2)CC1
C1CCC(C(CC2CCCC2)C2CCC(C3CCCC(C4CC5CCCCC5C4)C3)CC2)CC1
C1CCC(C2CCCC(CCC3CCCCC3CCCC3CCCC3)C2)CC1
C1CCC(CC2CCC(C3CCC4CCCC4C3)CC2)CC1
C1CCC(CCC2CCC(C3CCCC4CC(C5CCCCC5C5CCCCC5)CCC43)CC2)CC1
C1CCC(CC2CCC(C3CCCCC3)CC2)CC1
C1CCC(CC2CCCCC2)CC1
C1CCC(CC2CCC(CC3CCCC(C4CCCCC4)C3)CC2)CC1
C1CCC(CC2CCCCC2C2CCCCC2C2CCCCC2)CC1
C1CCC(CC2CCC(C3CCCCC3)CC2)CC1
C1CCC(CC2CCC(C3CCCCC3)CC2)CC1
C1CCC(C2CCCC(C3CCCC(CC4CC5CCCCC5C4)C3)C2)CC1
C1CCC(CCCC2CC(C3CCC4CCCCC4C3)C3CCCCC23)CC1
C1CCC(CCC2CCCC(C3CCCCC3)C2)CC1
C1CCC2CC(CC3CC(C4CCC5CCCCC54)CC4CCCCC43)CC2C1
C1CCC(C2CCCC(C3CCCCC3C3CCCCC3C3CCCC3)C2)CC1
C1CCC(C2CCC(C3CCC(C4CCCCC4)CC3)CC2)CC1
C1CCC(CC2CCC(CCC3CCCCC3C3CCCCC3)CC2)CC1
C1CCC(CC2CCCCC2C2CC(C3CCCC3)CCC2CC2CCCCC2)CC1
C1CCC(CC2CCCC(C3CCCC(C4CCCCC4)C3)C2)CC1
C1CCC(CC2CCC(C3CCCCC3)CC2)CC1
C1CCC(CCC2CCCCC2CC2CCCCC2)CC1
C1CCC(C2CCC(CC3CCC(CCCC4CCC5CCCC5C4)CC3)CC2)CC1
C1CCC(C2CC(CC3CCC(C4CCC5CCCCC54)CC3)C3CCCCC32)CC1
C1CCC(CC2CC(CCC3CCCC3)C3CC(C4CCC(C5CCC5)CC4)CCC23)CC1
C1CCC(CCC2CCC(C3CCC(C4CCCCC4)CC3)CC2)CC1
C1CCC(CCC2CC3CCCCC3C2)CC1
C1CC(C2CCCC(C3CCCCC3C3CCCC3)C2)C1
C1CCC(C2CCCCC2)CC1
C1CCC(CC2CC3CCC(C4CCCC(C5CC5)C4)CC3C(C3CCCCC3)C2)CC1
C1CCC(CC2CCC3C(CC4CCCCC4)CCC3C2)CC1
C1CCC(CCC2CCCC(C3CCCCC3)C2)CC1
C1CCC(C2CCC(C3CCCCC3C3CCC4CCCC4C3)CC2)CC1
C1CCC(C2CCC(C3CCC4C(CCCC4C4CCCCC4)C3)CC2)CC1
C1CCC(CCC2CCC(C3CCCCC3)CC2)CC1
C1CCC(CCCC2CC(CCCC3CCCCC3)CC(CC3CC3)C2)CC1
C(CCCCC1CCC2CCCCC2C1)CCCC1CCCC(C2CCCCC2)C1
C1CCC(C2CCCCC2C2CCCCC2C2CCC3CCCCC3C2)CC1
C1CCC(CC2CCC(C3CCC(C4CCC(C5CCCCC5)CC4)C3)CC2)CC1
C1CCC(CCCC2CCC(CCC3CCCCC3)CC2C2CCCC2)CC1
C1CCC(CCC2CCC(CC3CCCC3)CC2C2CCC(CC3CCCCC3)CC2)CC1
C1CCC(CC2CCC(CC3CCCCC3)CC2)CC1
C1CCC(C2CCCC3CCCCC32)CC1
C1CCC(CC2CCC(CCCC3CCC(C4CCCCC4)CC3)CC2)CC1
C1CCC(CCC2CCCCC2C2CCC(CC3CCCC3)CC2)CC1
C1CCC(CC2CCCCC2C(C2CCCCC2)C2CCCCC2)CC1
C1CCC(CC2CCCCC2)CC1
C1CCC(CC2CCC(C3CCC(C4CCCCC4)CC3)CC2)CC1
C1CCC(CCC2CCCCC2C2CCC(CC3CCCCC3)CC2)CC1
C1CCC(C2CCCC(CC3CCCC(C4CC4)C3)C2)CC1
C1CCC(CC2CCC(C3CCCCC3CC3CCCCC3)CC2)CC1
C1CCC(CCC2CCCCC2C2CCC(C3CCCCC3)CC2C2CCCC2)CC1
C1CCC(CCCCC2CCC(CC3CCCCC3)CC2)CC1
C1CCC(CCC2CCC(C3CCCCC3)C(C3CCC4CCCCC4C3)C2)CC1
C1CCC(CC2CCCCC2C2CCCCC2C2CCCC2)CC1
C1CCC(CC2CCCCC2C2CCC3C(CC4CCCCC4)CCCC3C2)CC1
C1CCC(CCCC2CCC(C3CCCCC3)CC2CC2CCCCC2)CC1
C1CCC(CCCC2CCC(CCC3CCCC(CCCC4CCCCC4)C3)CC2)CC1
C1CCC(CCC2CCC(CC3CCCC(C4CCCCC4)C3)CC2)CC1
C1CCC(C2CCC(C3CCC(C4CC4)CC3)CC2)CC1
C1CCC(CCC2CCC(CCCC3CC(CC4CCCCC4)C4CCCCC34)CC2)CC1
C1CCC(CC2CCC(CC3CCCCC3)CC2)CC1
C1CCC(CCC2CCCCC2C2CCC(CC3CCCCC3)CC2)CC1
C1CCC(C2CCCCC2C2CCCCC2CC2CCC(CCCCC3CC3)CC2)CC1
C1CCC(CC2CCC(C3CCCC(C4CCCCC4C4CCC4)C3)CC2)CC1
C1CCC(CC2CCCCC2CC2CCCCC2CC2CCCCC2)CC1
C1CCC(CC2CCC(C3CCCCC3)CC2)CC1
C1CCC(CCCC2CCC(CCC3CCCCC3)CC2)CC1
C1CCC(CCCC2CCCC(CC3CCCCC3)C2)CC1
C1CCC(C2CCC(C3CCCC(C4CCC5CCCCC5C4)C3)CC2)CC1
C1CCC(CCCC2CCC(C3CCCC(C4CCCC4)C3)CC2)CC1
C1CCC(C2CCC(C3CCC(C4CCC(CC5CC5)CC4)CC3)CC2)CC1
C1CCC(CCCC2CC(CC3CCCCC3)C3CCCCC23)CC1
C1CCC(CCC2CC(C3CCC4CCCCC43)CC3CCCCC32)CC1
C1CCC(CCCC2CCC(CC3CCC(CCC4CCCC4)CC3)CC2)CC1
C1CCC(C2CCC(CC3CCC3)CC2)CC1
C1CCC(CCC2CCC(C3CCCC(CCC4CCCC4C4CCCCC4)C3)CC2)CC1
C1CCC(CC2CCCC(CCCCCC3CCC(C4CCCCC4)CC3)C2)CC1
C1CCC(CC2CCC(CCCC3CCCCC3C3CCCCC3)CC2)CC1
C1CCC(C2CCC(C3CC(C4CCCC4)C4CCC(C5CCCCC5)CC34)CC2)CC1
C1CCC(C2CCC(CC3CCCC(C4CCCCC4)C3)CC2)CC1
C(CCCC1CCC(C2CCCCC2)CC1)CCC1CCCCC1
C1CCC(C2CCCC(C3CCC(C4CCC5CCCCC5C4)CC3)C2)CC1
C1CCC(CC2CCC(C3CCCCC3)CC2)CC1
C1CCC(CC2CCC(CC3CCCCC3)CC2)CC1
C1CCC(CCCC2CCCC(CCC3CCCCC3)C2)CC1
C1CCC(CC2CCC(C3CCCCC3)CC2C2CCCCC2)CC1
C1CCC(C2CCCC(C3CCCC(C4CCCCC4)C3)C2)CC1
C1CCC(CC2CCC(CC3CCCCC3C3CCCCC3)CC2)CC1
C1CCC(CC2CCC(CCC3CCCC(C4CCC4)C3)CC2)CC1
C1CCC(CCCC2CCCC(C3CCCCC3)C2)CC1
C1CCC(CC2CCCC(C3CCCC(CC4CCC4)C3)C2)CC1
C1CCC(CC2CCCC(CCC3CCCC(CC4CCCC4)C3)C2)CC1
C1CCC(C2CCC3C(C4CCCCC4)CC(C4CCCCC4)C3C2)CC1
C1CCC(CC2CCC(CC3CCCC(CC4CCCCC4)C3)CC2)CC1
C1CCC(CCCCCC2CCCCC2C2CCCCC2)CC1
C1CCC(CC2CCCC(CCCCCC3CCCC(C4CCCCC4)C3)C2)CC1
C1CCC(C2CCC(C3CCC(CCCC4CC5CCCCC5C4)CC3)CC2)CC1
C1CCC(CC2CCC(C3CCC(C4CCCCC4C4CCCC4)CC3)CC2)CC1
C1CCC(C2CCCCC2)CC1
C1CCC(C2CCCC(C3CCC(C4CCCC(C5CC(CC6CC6)C6CCCCC65)C4)CC3)C2)CC1
C1CCC(C2CCCC(C3CCC(CC4CC5CCCCC5C4)C3)C2)CC1
C1CCC(CC2CCC(C3CC3)CC2CC2CCCCC2)CC1
C1CCC(CC2CC(C3CCC4CCCCC43)CC3CCCCC32)CC1
C1CCC(C2CCCCC2)CC1
C1CCC(CCCCC2CCC(C3CCC(CC4CCCC4)CC3)CC2)CC1
C1CCC(C2CCCC(C3CCC4CCCCC4C3)C2)CC1
C1CCC(CCCCCC2CCC(CC3CCCCC3)CC2)CC1
C1CCC(CC2CCC(C3CCCCC3C3CCCCC3)C2)CC1
C1CCC(CCC2CCC(CCC3CCCCC3)CC2)CC1
C1CCC(C2CCC(C3CCCCC3C3CCC(C4CCCCC4)CC3)CC2)CC1
C1CCC(C2CCC(C3CCCCC3)C(C3CCC4CCCC4C3)C2)CC1
C1CCC(C2CCCCC2C2CCC3C(CCCC3C3CCCC(CC4CC4)C3)C2)C1
C1CCC(C2CCCC(CC3CCCCC3C3CCCCC3)C2)CC1
C1CCC(CC2CCCC(CC3CCC(CC4CCCCC4)CC3C3CCCC3)C2)CC1
C1CCC(C2CCC(C3CCCCC3)C(CC3CC3)C2)CC1
C1CCC(CC2CCC(C3CCC(C4CCCCC4)CC3)CC2)CC1
C1CCC(CC2CCCCC2C2CCCCC2)CC1
C1CCC(CCC(C2CCCCC2)C2CCC(C3CCCCC3C3CCCCC3)CC2)CC1
C1CCC(CCCCC2CCC(CC3CCCCC3)CC2)CC1
C1CCC(C2CC(C3CCCCC3)C3CCCCC23)CC1
C1CCC(CCCCCC2CCC(CC3CCCCC3)CC2)CC1
C1CCC(CCC2CCCCC2)CC1
C1CCC(CC2CCC(C3CCC(CCC4CCC5CCCCC5C4)CC3)CC2)CC1
C1CCC(CCCCC2CCC(C3CCCCC3C3CCCCC3)C2)CC1
C1CCC(C2CCCC(C3CCC(CC4CCC(C5CC5)CC4)CC3)C2)CC1
C1CCC(CC2CCCC(C3CCCCC3C3CCCCC3)C2)CC1
C1CCC(C2CCCC(C3CCCC(C4CCCC(C5CCCCC5)C4)C3)C2)CC1
C1CCC(C2CCC(C3CCCC4CC(C5CCCCC5)CCC43)CC2)CC1
C1CCC(CC2CCCC(CCCC3CCCC(C4CCCCC4)C3)C2)CC1
C1CCC(C2CCCCC2C2CCC(C3CCCCC3C3CCC4CCCCC4C3)CC2)CC1
C1CCC(CC2CCC(CCC3CCCC3CC3CCCCC3C3CCCCC3)CC2)CC1
C1CCC(CCC2CCC(C3CCC(C4CCCCC4)CC3)CC2C2CCCC2)CC1
C1CCC(CCC2CCCC(C3CCCC(CC4CCCCC4)C3)C2)CC1
C1CCC(CCC2CCCC(CC3CCCCC3)C2)CC1
C1CCC(CC2CCCC(C3CCCCC3)C2)CC1
C1CCC(CCC2CCCCC2)CC1
C1CCC(CCCCC2CCC3CCCCC3C2)CC1
C1CCC(CCCC2CCC(CC3CCCCC3)CC2)CC1
C1CCC(C2CCC(C3CCC4CCCC4C3)C(C3CCCCC3)C2)CC1
C1CCC(CC2CCC(C3CCCC(C4CCCCC4CCC4CCCC4)C3)CC2)CC1
C1CCC(CCC2CC(CC3CCCC(C4CCCCC4)C3)C3CCCCC23)CC1
C1CCC(CCCCC2CCC(CC3CCCCC3)CC2)CC1
C1CCC(C2CCCCC2C2CCCCC2CC2CCC3CCCCC3C2)CC1
C(CCCC1CCCC(C2CCCCC2)C1)CCC1CCCCC1
C1CCC(CC2CCC(C3CCCC(C4CCC(C5CCCC5CC5CCCCC5)CC4)C3)CC2)CC1
C1CCC(CCCC2CCCC(CC3CCCCC3)C2)CC1
C1CCC(C2CCCC(CCCCC3CC4CCCCC4C3)C2)CC1
C1CCC(CCCC2CCCC(C3CC(C4CCCCC4)CC(C4CCC4)C3)C2)CC1
C1CCC(CCC2CCC(CC3CCCCC3)CC2)CC1
C1CCC(C2CCC(C3CC(C4CCCCC4)C4CCCCC43)C(C3CCCC3)C2)CC1
C1CCC(C2CCC(CC3CCC(C4CC4)C(C4CCCCC4)C3)CC2)CC1
C1CCC(CC2CC(C3CCCCC3)CC(C3CCC(C4CCCCC4)CC3)C2)CC1
C1CCC(CC2CCC(C3CCCCC3)CC2)CC1
C1CCC(CCCCC2CCC(C3CCCC(CC4CCCCC4)C3)CC2)CC1
C1CCC(CC2CC(CCCC3CCC(C4CCCC4)CC3)CC(C3CCCCC3)C2)CC1
C1CCC(C2CCC(C3CCCCC3)CC2)CC1
C1CCC(CCCC2CCC(CC3CC4CCCCC4C(C4CCCCC4)C3)CC2)CC1
C1CCC(CCC2CCC3C(CCC4CCCC5CCCCC54)CC(CCC4CCCCC4)C3C2)CC1
C1CCC(CC2CC(CC3CCCCC3)C3CCCCC23)CC1
C1CCC(CC2CCCCC2CCC2CCC(C3CCCCC3)CC2)CC1
C1CCC(CCC2CCCCC2)CC1
C1CCC(CCC2CCC(C3CCCCC3)CC2)CC1
C1CCC(CCCC2CCC(C3CC4CCCCC4C3)C(CC3CCCCC3)C2)CC1
C1CCC(CCCC2CC3CCCCC3C(C3CCCCC3)C2)CC1
C1CCC(CC2CCC(C3CCC(CC4CCCCC4)CC3)CC2)CC1
C1CCC(CCCCC2CCC(C3CCCCC3C3CCCC(CC4CCC4)C3)CC2)CC1
C1CCC(CCC2CCC(C3CCCCC3)CC2)CC1
C1CCC(CC2CCC(CCC3CCC(CC4CCCC(C5CCC5)C4)CC3)CC2)CC1
C1CCC2C(C1)CCC2CCC1CCC(CC2CCC(CC3CC3)CC2)CC1
C1CCC(C2CCCC(C3CCCC(C4CCCCC4)C3)C2)CC1
C1CCC(CCC2CCCC(C3CCCC(CC4CCCCC4)C3)C2)CC1
C1CCC(CCC2CC(CC3CC3)CC(C3CCCCC3C3CCCCC3)C2)CC1
C1CCC(C2CCCC(C3CCCC(C4CCCCC4)C3)C2)CC1
C1CCC(CCC2CCC(CC3CCCC3)CC2)CC1
C1CCC(C2CCCC(C3CCCCC3)C2)CC1
C1CCC(CC2CCCC(C3CCCC(C4CCCCC4)C3)C2)CC1
C1CCC(CC2CCC(C3CCCC(CC4CCCCC4)C3)CC2)CC1
C1CCC(CCCC2CCCC(C3CCCC(C4CCC4)C3)C2)CC1
C1CCC(CC2CCC(CCCCC3CCCCC3C3CCCCC3)CC2)CC1
C1CCC(CC2CCC(C(CC3CCCCC3C3CCCCC3)C3CCCCC3)CC2)CC1
C1CCC(CCCC2CCC(CC3CCCCC3CC3CCCCC3)CC2)CC1
C1CCC(CCC2CCCC(CC3CCC4C(CC5CCCCC5)CC(CC5CCCCC5)C4C3)C2)CC1
C1CCC(CCCC2CCC(CC3CCC(C4CCCCC4)CC3)CC2)CC1
C1CCC(C2CCCC(CC3CCCC(C4CCCCC4)C3)C2)CC1
C1CCC(CC2CCC(C3CCCC(CC4CCCCC4)C3)CC2)CC1
C1CCC(CCC2CCCC(C3CCC(C4CCC(C5CCC(CC6CCCCC6)CC5)CC4)CC3)C2)CC1
C1CCC(CC2CCCCC2C2CCCC(CCC3CC4CCCCC4C3)C2)CC1
C1CCC(C2CCCC(C3CCCCC3CCCCC3CCC(C4CC4)CC3)C2)CC1
C1CCC(CC2CCCCC2)CC1
C1CCC(C2CCC(CC3CCC(CCCC4CCCC(C5CCCCC5)C4)CC3)CC2)CC1
C1CCC(CC2CCC(C3CCC4CCCCC4C3)CC2)CC1
C1CCC(CCC2CCC(CC3CCCCC3C3CCCCC3)CC2)CC1
C1CCC(CCCC2CCCC(C3CCC(CC4CCCCC4)CC3)C2)CC1
C1CCC(CCCC2CC(CC3CCCCC3)CCC2CC2CCC(CC3CC3)CC2)CC1
C1CCC(C2CCCC(CC3CC(C4CCCCC4)C4CCCCC34)C2)CC1
C1CCC(CC2CCC(C3CCCCC3)C(C3CCCCC3)C2)CC1
C1CCC(CCCC2CCC(CC3CCC(CC4CCC(C5CCCC5)CC4)CC3)CC2)CC1
C1CCC(CC2CCCC(C3CCCCC3)C2)CC1
C1CCC(CC2CCC(C3CCCCC3)C(C3CCCC(C4CCCCC4)C3)C2)CC1
C1CCC(CC2CC(CCCC3CCCC3)CCC2C2CCCCC2)CC1
C1CCC(CCC2CCC(CCC3CCCC(C4CCCC4)C3)CC2)CC1
C1CCC(CCC2CCCC(CCC3CCCC(C4CCCCC4)C3)C2)CC1
C1CCC(CC2CCC(CC3CC3)CC2CCC2CC(CC3CCCCC3)C3CCCCC23)CC1
C1CCC(CC2CCC(C3CCCCC3)C(C3CCC4CCCC4C3)C2)CC1
C1CCC(C2CCCCC2C2CCCC(C3CCCC4CCCCC43)C2)C1
C1CCC(C2CCC(C3CCCCC3C3CCCCC3C3CC4CCCCC4C3)C3CCCC23)CC1
C1CCC(CCCC2CCC(CC3CCCCC3)CC2)CC1
C1CCC(CC2CCC(C3CCCCC3C3CCC4CCCC4C3)CC2)CC1
C1CCC(CC2CCCC(CC3CCCCC3)C2)CC1
C1CCC(C2CCC(CC3CCC(CC4CCCC5CCCC54)CC3)CC2)CC1
C1CCC(CCC2CCCCC2C2CCCCC2)CC1
C1CCC(C2CCCC(CCC3CCCC(C4CCCCC4)C3)C2)CC1
C1CCC(CCC2CCC3CCC(C4CCCCC4)C3C2)CC1
C1CCC(CCC2CCC(CC3CCCCC3)CC2)CC1
C1CCC(C2CCCC(C3CCCCC3C3CCCCC3C3CCCCC3)C2)CC1
C1CCC(CC2CCC(C3CCCC(CC4CCC(CCC5CC5)CC4)C3)CC2)CC1
C1CCC(C2CC(C3CCC4CCCCC43)CC3CCCCC32)CC1
C1CCC(CC2CCCCC2)CC1
C1CCC(C2CCC(C3CCCC3)CC2C2CCCC2)CC1
C1CCC(C2CCC(C3CCCC4CC(C5CCCCC5)CCC43)CC2)CC1
C1CCC(CC2CCC(CC3CCCCC3)CC2)CC1
C1CCC(CC2CC(C3CCCCC3)C3CCCCC23)CC1
C1CCC(C2CCC3C(CC4CCCC(C5CCCC5)C4)CCC3C2)CC1
C1CCC(CCC2CCC(CC3CCCC(CC4CCCCC4)C3)CC2)CC1
C1CCC(C2CCC(CCC3CCC(CC4CCCC(C5CCC6CCCCC6C5)C4)CC3)CC2)CC1
C1CCC(CC2CCC(CC3CCC(C4CCCC(C5CCCCC5)C4)CC3)CC2)CC1
C1CCC(C2CCC(C3CC(C4CCCCC4)C4CCCCC34)CC2)CC1
C1CCC(C2CCCC(C3CC(C4CCCCC4)C(C4CCCCC4)C(C4CC4)C3)C2)CC1
C1CCC(CCC2CCCCC2CCC2CCCC(CC3CC3)C2)CC1
C1CCC(CC2CCC(CC3CCC(C4CCCCC4)CC3C3CCCCC3)CC2)CC1
C1CCC(CCC2CC(CCC3CCCCC3)CC(C3CCCCC3)C2)CC1
C1CCC(CC2CCCC(C3CCCCC3)C2)CC1
C1CCC(C2CCC(C3CCCC(C4CCCC4C4CCCCC4)C3)CC2)CC1
C1CCC(C2CCCC(C3CCCCC3)C2)CC1
C1CCC(CC2CCC(CC3CC4CCCCC4C3)CC2)CC1
C1CCC(CCC2CCC(CC3CCCCC3)CC2)CC1
C1CCC(CCC2CCC(C3CCCCC3)CC2)CC1
C1CCC(CC2CCC(CC3CCC(CC4CC5CCCCC5C4)CC3)CC2)CC1
C1CCC(CC2CCC(C3CCC(CC4CCCCC4C4CCCCC4)CC3)C2)CC1
C1CCC(CCC2CCCC(C3CCCCC3CCC3CCCCC3CC3CCCCC3)C2)CC1
C1CCC(CC2CCCC(CCC3CCC(C4CCCCC4)CC3C3CCCC3)C2)CC1
C1CCC(C2CCCC(CCC3CCCC3)C2)CC1
C1CCC(CCC2CCC(CC3CCCCC3)CC2)CC1
C1CCC(CC2CCCCC2C2CCC3C(CCC4CCC5CCCCC5C4)CCC3C2)CC1
C1CCC(CC2CCC(C3CCCCC3C3CCCCC3)CC2)CC1
C1CCC(CC2CCC(CCCC3CCC(CC4CCCCC4)CC3)CC2)CC1
C1CCC(C2CCC3CCCC(C4CCCCC4)C3C2)CC1
C1CCC(C2CCCC3CC(C4CCCCC4CC4CCC(C5CCC(CCC6CC6)CC5)CC4)CCC32)CC1
C(CCCC1CCCC(C2CCCCC2CC2CCCCC2)C1)CCC1CCCC1
C1CCC(CCCC2CCC(C3CCCCC3C3CCCCC3)CC2)CC1
C1CCC(C2CCC(C3CCCC(C4CCC(C5CCCC5)CC4C4CCCCC4)C3)CC2)CC1
C1CCC(CC2CCCCC2CCC2CCC3CCCCC3C2)CC1
C1CCC(CC2CC(C3CCCCC3)CC(C3CCCCC3)C2)CC1
C1CCC(CCCC2CCC(C3CCCC(CC4CCCCC4)C3)CC2)CC1
C1CCC(C2CCC(C3CCCC(C4CCCCC4)C3)CC2)CC1
C1CCC(CC2CCC(C3CCCCC3CC3CCCCC3)CC2)CC1
C1CCC(CCC2CCCC(C3CCC(C4CCC4)CC3)C2)CC1
C1CCC(CCCCC2CCC(CC3CCCCC3)CC2)CC1
C1CCC(C2CCCC(C3CCC(C4CCCCC4)C(C4CCCC4)C3)C2)CC1
C1CCC(CC2CCC(CC3CCCCC3)CC2)CC1
C1CCC(C2CCCC(C3CCCC(C4CCCCC4)C3)C2)CC1
C1CCC(C2CCCC(C3CCCC(C4CC5CCCCC5C4)C3)C2)CC1
C1CCC(CC2CCC(C3CCCCC3C3CCC4CCCCC4C3)CC2)CC1
C1CCC(CCC2CCC(C3CC(C4CCCCC4)C3)CC2)CC1
C1CCC(C2CC(CCC3CCC(C4CCCCC4C4CCCC4)CC3)C3CCCCC32)CC1
C1CCC(CC2CCC(C3CCCCC3C3CC3)C(CC3CCC(C4CCC4)CC3)C2)CC1
C1CCC(C2CCC(CC3CCCC(C4CCCCC4)C3)CC2)CC1
C1CCC(CC2CCC(CC3CCCCC3)CC2)CC1
C1CCC(CC2CCCC(C3CCCCC3)C2CC2CCCC2)CC1
C1CCC(C2CCCCC2)CC1
C1CCC(CCCC2CCCC(C3CCC4CCCCC43)C2)CC1
C1CCC(C2CCC(C3CCCCC3)C(C3CCCCC3)C2)CC1
C1CCC(C2CCCC(C3CCCC4CCCCC43)C2)CC1
C1CCC(C2CCC(C3CCCCC3C3CCCCC3)CC2)CC1
C1CCC(CC2CCCC(C3CCC4CCCC4C3)C2)CC1
C1CCC(CCCCC2CCCCC2)CC1
C1CCC(C2CCCCC2C2CCCCC2C2CCCCC2)CC1
C1CCC(CC2CCCCC2C2CCCCC2)CC1
C1CCC2CC(CC3CCCCC3C3CCCC4CCCCC43)CC2C1
C1CCC(CC2CCCC(C3CCCCC3)C2)CC1
C1CCC(CCC2CCCCC2C2CCCC(C3CCCCC3)C2)CC1
C1CCC(CCCC2CCCC(CC3CCCCC3)C2)CC1
C1CCC(CCC2CC(C3CCCCC3)CC(C3CCCCC3)C2)CC1
C1CCC(CC2CCCCC2C2CCCCC2)CC1
C1CCC(CC2CCC(CC3CCC(CCCC4CCCC4)CC3)CC2)CC1
C1CCC(CC2CCC(C3CCC(C4CCCCC4C4CCCCC4)CC3)CC2)CC1
C1CCC(CC2CCCC(CC3CC(CC4CCCCC4)C4CCCCC34)C2)CC1
C1CCC(CC2CCC(C3CCCCC3)CC2)CC1
C1CCC(C2CCCC(CCC3CCCCC3C3CCCCC3)C2)CC1
C1CCC(CC2CC(CCCC3CCC3)C3CC(C4CCCCC4)CCC23)CC1
C1CCC(CC2CCCCC2CC2CC3CCCCC3C2)CC1
C1CCC(CCC2CCC(C3CCCC(C4CCC(C5CCCCC5)CC4)C3)CC2)CC1
C1CCC(C2CC(C3CCC4CCCCC43)CC3CCCCC32)CC1
C1CCC(C2CCC3CCCC(C4CCCCC4)C3C2)CC1
C1CCC(C2CCC3CCC(C4CCCC5CCCCC54)CC3C2)CC1
C1CCC(CC2CCC(CC3CCCC(C4CC(C5CCCC5)C5CCCCC45)C3)CC2)CC1
C1CCC(C2CCC(C3CCCCC3C3CCCCC3)C2)CC1
C1CCC(CCCC2CCC(CC3CCC(C4CCCC(CCC5CCCCC5)C4)CC3)CC2)CC1
C1CCC(C2CCC(CC3CCC(C4CCCCC4)CC3)CC2)CC1
C1CCC(CCCC2CCC(C3CCC(C4CCCC(CC5CCCCC5)C4)CC3)CC2)CC1
C1CCC(CC2CCCCC2CCC2CCC(C3CCCCC3)C2)CC1
C1CCC(CC2CCCC(CCCC3CCC(C4CCCC(C5CCCC5)C4)CC3)C2)C1
C1CCC(CC2CCC(CC3CCC(CC4CCCCC4)CC3)CC2)CC1
C1CCC(CCCC2CCC(C3CCC(C4CCC5CCCCC54)CC3)CC2)CC1
C1CCC(CCC2CCC(CC3CCCCC3)CC2)CC1
C1CCC(CCCCC2CCCC(C3CCC(C4CCC4)CC3)C2)CC1
C1CCC(CC2CCC(CC3CCCC(CC4CCCCC4)C3)CC2)CC1
C1CCC(CCCC2CCC(CC3CCCCC3)CC2)CC1
C1CCC(CCC2CC(CC3CCCCC3)CCC2CC2CCCCC2)CC1
C1CCC(C2CCC(CCC3CCC4CCCC4C3)CC2)CC1
C1CCC(CC2CCCCC2)CC1
C1CCC(CCC2CCC(CC3CCCC(C4CC(CC5CCCCC5)C5CCCCC54)C3)CC2)CC1
C1CCC(CC2CCC(C3CCCC(CC4CCCC4)C3)CC2)CC1
C1CCC(CC2CCC(CC3CCC(C4CCCC(CC5CC5)C4)CC3)CC2)CC1
C1CCC(C2CC(C3CCC(CC4CCCC4)CC3)C3CCCCC23)CC1
C1CCC(CCCC2CCCC(CC3CCC(C4CCCCC4)CC3)C2)CC1
C1CCC(CC2CCCC(CC3CCC(CC4CCC(CC5CCCC5)CC4)CC3)C2)CC1
C1CCC(CC2CC(C3CCCC(C4CCC4)C3)C3CCCCC23)CC1
C1CCC(CC2CCCC(CC3CCC(C4CCCCC4)CC3)C2)CC1
C1CCC(C2CCCC(C3CC4CCCC(C5CCCCC5)C4C3)C2)CC1
C(CC1CC1)CC1CCC2C(CCC2C2CCCC2)C1
C1CCC(CC2CCC(C3CCCCC3)C(C3CCC4CCCC4C3)C2)CC1
C1CCC(C2CCCC(C3CCCCC3)C2)CC1
C1CCC(CC2CCCCC2)CC1
C1CCC(CC2CCCC(CC3CCCCC3)C2)CC1
C1CCC(C2CCCCC2C2CCCC(C3CCC(CC4CCCC4)CC3)C2)CC1
C1CCC(CC2CCCCC2C2CCCC2)CC1
C1CCC(CC2CCCC(C3CC(C4CCCCC4)CCC3CC3CCCCC3)C2)CC1
C1CCC(C2CC3CCCCC3C(C3CCCCC3)C2)CC1
C1CCC(CCC2CCCCC2C2CCC3C(CCCC3C3CCCCC3)C2)CC1
C1CCC(C2CCCCC2C2CCC3C(CC(CC4CC4)CC3C3CCCCC3)C2)CC1
C1CCC(C2CCCC(CCC3CCCC(C4CCC(C5CCCC(CC6CC6)C5)CC4)C3)C2)C1
C1CCC(CCCC2CCCC(C3CCCC(C4CCCC(C5CCCCC5)C4)C3)C2)CC1
C1CCC(CCCC2CCC(CC3CCCCC3)CC2)CC1
C1CCC(CCC2CCC(C3CCCCC3)CC2)CC1
C1CCC(CCCC2CCC(CCC3CCCC3)CC2C2CC3CCCCC3C2)CC1
C1CCC(CC2CCCCC2CC2CCCCC2)CC1
C1CCC(CCC2CCC(C3CCCCC3)C(CC3CCC3)C2)CC1
C1CCC(C2CCC(C3CCCCC3)C(C3CCCCC3)C2)CC1
C1CCC(CCCC2CCC(CCCCC3CCCC4CCCCC34)CC2)CC1
C1CCC(CCCCC2CCC(CC3CCC(C4CCCC4)CC3C3CC3)CC2)C1
C1CCC(CCCC2CC(C3CCCCC3)C3CCCCC23)CC1
C1CCC(C2CCC(C3CCCCC3)CC2)CC1
C1CCC(CC2CCCC(CCCC3CCCC(C4CCCCC4)C3)C2)CC1
C1CCC(C2CCCC(C3CCCC3)C2)CC1
C1CCC(CC2CCCCC2CCC2CCCC3CCCCC32)CC1
C1CCC(C2CCC(C3CCCC(C4CCCCC4)C3)CC2)CC1
C1CCC(CCC2CC(CCC3CC3)CC(CC3CCC4CCCC4C3)C2)CC1
C1CCC(CCCC2CCCC(C3CCCC4CCCCC43)C2)CC1
C1CCC(C2CCCCC2C2CCCCC2C2CCCCC2C2CCCC2)CC1
C1CCC(CC2CCC(CCC3CCCCC3C3CCCC3)CC2)CC1
C1CCC(CCC2CCCCC2C2CCCCC2)CC1
C1CCC(C2CCCC(C3CCCCC3)C2)CC1
C(CCCC1CCCCC1)CCC1CCCCC1
C1CCC(CCC2CCC(CC3CCCCC3)CC2)CC1
C1CCC(CC2CCC(CC3CCCCC3C3CCCCC3)CC2)CC1
C1CCC(CCC2CCC3C(CC4CCCCC4)CC(C4CCCC(CC5CCCCC5)C4)C3C2)CC1
C1CCC(CC2CCC(C3CCCC4CCCCC43)C(C3CCCC3)C2)CC1
C1CCC(CCC2CCC(C3CCC(C4CCC(C5CCCCC5)CC4)CC3)CC2)CC1
C1CCC(CCCCC2CCC(CC3CCCC3)CC2)CC1
C1CCC(CCC2CCC(CC3CCCCC3)CC2)CC1
C1CCC(C2CCCC(C3CCCC3)C2)CC1
C1CCC(CC2CC3CCCCC3C(CC3CCCCC3)C2)CC1
C1CCC(C2CCC(C3CCCCC3)CC2)CC1
C1CCC(CCCCC2CCCCC2C2CCC(C3CCC(C4CCCC4)CC3)CC2)CC1
C1CCC(C2CCC(C3CCCC(C4CCCCC4)C3)CC2)CC1
C1CCC(CCCC2CCC(CC3CCCCC3)CC2C2CCCC(C3CCCCC3)C2)CC1
C1CCC(CCCC2CCCC(C3CCC(C4CCCC4)CC3)C2)CC1
C1CCC(CCC2CCC(C3CCCCC3)CC2CCC2CCCCC2)CC1
C1CCC(CC2CCC(C3CC(C4CCCCC4)C4CCCCC34)CC2)CC1
C1CCC(CCCC2CCC(C3CCCCC3)CC2)CC1
C1CCC(CCC2CCC3C(CCCC3C3CCC(C4CCCCC4)CC3)C2)CC1
C1CCC(CCC2CCC(CC3CCC(C4CCCC(C5CCCC5)C4)CC3)CC2)CC1
C1CCC(C2CCCC(CC3CCCC(C4CCCC(C5CCCCC5)C4)C3)C2)CC1
C1CCC(C2CCC3CCC(CCCC4CCCCC4C4CCCCC4)C3C2)CC1
C1CCC(CC2CCCC(CC3CCC3)C2)CC1
C1CCC(CC2CCCCC2)CC1
C1CCC2CC(CC3CC(C4CCCC(C5CCCC5)C4)C4CCCCC34)CCC2C1
C1CCC(C2CCCC(CCC3CCCCC3CCC3CCC4CCCCC4C3)C2)CC1
C1CCC(CC2CCC(CCCC3CC4CCCCC4C3)CC2)CC1
C1CCC(CCCCC2CCC(CC3CCCCC3)CC2)CC1
C1CCC(C2CCC(CC3CCC(C4CCCCC4)CC3)CC2)CC1
C1CCC(CCCC2CCCCC2C2CC2)CC1
C1CCC(CCC2CCCC(C3CCCCC3)C2CCC2CCCCC2)CC1
C1CCC(C2CCCCC2)CC1
C1CCC(CC2CCC(CCC3CCCC(C4CCCCC4)C3)CC2)CC1
C1CCC(C2CCCCC2)CC1
C1CCC(CC2CCCC(C3CCC(C4CCCCC4)CC3)C2)CC1
C1CCC(CCC2CCC(C3CCCCC3CC3CCCC3)CC2)CC1
C1CCC(CCC2CCC(C3CCCCC3C3CCCCC3)CC2)CC1
C1CCC(CCCCCC2CC3CCCCC3C(C3CCCCC3)C2)CC1
C1CCC(CCC2CC(CC3CCCCC3)CC(C3CCCCC3)C2)CC1
C1CCC(C2CCCC(C3CCCCC3)C2)CC1
C1CCC(CC2CCCC(C3CC(CC4CCCCC4)C4CCCCC43)C2)CC1
C1CCC(C2CCCCC2C2CC3CCCCC3C2)CC1
C1CCC(CCC2CCC(C3CCC(CC4CCCCC4)CC3)CC2)CC1
C1CCC(C2CCCC(C3CCCC(C4CCC5CCCCC5C4)C3)C2)C1
C1CCC(CC2CC(C3CCCCC3)CC(C3CCCC(C4CCCCC4)C3)C2)CC1
C1CCC(CCCC2CCC(CC3CCCCC3)CC2)CC1
C1CCC(C2CCCCC2)CC1
C1CCC(CCC2CCC(C3CCCC(CC4CCC5CCCC5C4)C3)CC2)CC1
C1CCC(CC2CCCCC2C2CCCCC2)CC1
C1CCC(CCC2CCC(C3CCCC(C4CCCCC4)C3)CC2)CC1
C1CCC(CC2CCC(C3CCCCC3)CC2)CC1
C1CCC(CC2CC3CCCCC3C(C3CCCCC3)C2)CC1
C1CCC(C2CCCC(C3CCCCC3)C2)CC1
C1CCC(C2CCCC(C3CCCCC3)C2)CC1
C1CCC(CCCCC2CC(CC3CCCCC3)CCC2C2CCCCC2)CC1
C1CCC(CCC2CCC(CC3CCCCC3)CC2)CC1
C1CCC(CC2CCC(CCC3CCC(C4CCCCC4)CC3)CC2C2CCCCC2)CC1
C1CCC(C2CCC(CC3CCCC(C4CCCC4)C3)CC2C2CCCC2)CC1
C1CCC(CC2CCCC(CCCCC3CCCC3)C2)CC1
C1CCC(CC2CCCC(C3CCCCC3CC3CCCCC3)C2)CC1
C1CCC(CC2CCC(CCCC3CCC(C4CCCCC4)CC3)CC2)CC1
C1CCC(CCCC2CCCC(CCC3CCC(C4CCC(CC5CCCCC5)CC4)CC3)C2)CC1
C1CCC(C2CCCC(C3CCC(C4CCC(C5CCCCC5C5CCCC5)CC4)CC3)C2)CC1
C1CCC(CCC2CCCC(C3CCC(C4CCC4)CC3)C2)CC1
C1CCC(CC2CCC(C3CCCCC3)CC2)CC1
C1CCC(C2CCCCC2C2CCC(CC3CCCCC3C3CCCC3)CC2)CC1
C1CCC(C2CCC(CCC3CCCC(C4CCCC4)C3)CC2)CC1
C1CCC(CC2CCCCC2C2CCCCC2CC2CCCC(C3CCCC3)C2)CC1
C1CCC(C2CCC(CCCC3CCCC(C4CCCCC4)C3)CC2)CC1
C1CCC(CCCC2CCCC(CC3CCCCC3)C2)CC1
C1CCC(C2CCCC(CCC3CCCC(CC4CCCC(C5CC5)C4)C3)C2)CC1
C1CCC(C2CCCC(CC3CCCC3)C2)CC1
C1CCC(C2CC(C3CCCC3)CCC2C2CCCC(C3CCCC3)C2)CC1
C1CCC(C2CCC(CC3CCCCC3C3CCCCC3)CC2)CC1
C1CCC(CC2CCC(C3CCC4C(CC5CCCCC5)CCC4C3)CC2)CC1
C1CCC(C2CC(C3CCC(C4CCCC4)CC3)CC(C3CCCC(C4CCCC4)C3)C2)CC1
C1CCC(CC2CCC(C3CCCCC3)CC2)CC1
C1CCC(CCC2C(CC3CC3)CC(C3CCCC3)CC2C2CCCCC2)CC1
C1CCC(CC2CCCCC2C2CCCCC2)CC1
C1CCC(CC2CCC(CC3CCCCC3)CC2)CC1
C1CCC(CC2CCCC(C3CCCCC3)C2)CC1
C1CCC(C2CCC3CCCC3C2)CC1
C1CCC(C2CCC(CC3CCC(C4CCCCC4)C3)CC2)CC1
C1CCC(CC2CCCC(C3CC(CCC4CCCC4)C4CCCCC43)C2)CC1
C1CCC(C2CCC(C3CCC4CCCC4C3)CC2)CC1
C1CCC(CC2CCC(CCC3CCC(C4CCC5CCCCC54)CC3)CC2)CC1
C1CCC(CC2CCCC(C3CCCCC3)C2)CC1
C1CCC(CCC2CCCC(C3CCC(C4CCC(CC5CCC(CCCCC6CC6)CC5)CC4)CC3)C2)C1
C1CCC(C2CCCC(CC3CCC4CCCCC43)C2)CC1
C1CCC(C2CCCCC2CC2CCC(CCCC3CCC4CCCCC43)CC2)CC1
C1CCC(CCC2CC(CC3CCCCC3)CCC2CC2CCCCC2)CC1
C1CCC(CCCC2CCCC(C3CCC(CC4CC5CCCCC5C4)CC3)C2)C1
C1CCC(C2CCCC(C3CCCCC3)C2)CC1
C1CCC2CC(C3CCCCC3C3CCC4CCCC4C3)CCC2C1
C1CCC(CC2CCCC(C3CCCCC3)C2)CC1
C1CCC(CC2CCC(CCCC3CCC(C4CCCC(C5CCCCC5)C4)CC3)CC2)CC1
C1CCC(CCCCC2CCC(CC3CCCCC3CC3CCCCC3)CC2)CC1
C1CCC(CC2CCCCC2CC2CCC(CC3CCC(C4CCCC4)CC3)CC2)CC1
C1CCC(CC2CCC(CCC3CC(CC4CCCCC4)CCC3C3CCCCC3)CC2)CC1
C1CCC(C2C(CC3CCCC3)CCCC2C2CCC3CCCCC32)CC1
C1CCC(CC2CCC(CC3CCCCC3)C(C3CCCCC3)C2)CC1
C1CCC(CC2CCC(CC3CCC(CCC4CCC(C5CCCCC5)CC4)CC3)CC2)CC1
C1CCC(CCC2CCC(C3CCC(C4CCCCC4)CC3)CC2)CC1
C1CCC(C2CCC(C3CCCCC3)CC2)CC1
C1CCC(CC2CCC(CC3CCCC(C4CC(CC5CCCCC5)C5CCCCC54)C3)CC2)CC1
C1CCC(CC2CCC(CC3CCC(CC4CCCC4)CC3)CC2)CC1
C1CCC(CCC2CCC(CC3CCCC(C4CCCCC4)C3)CC2)CC1
C1CCC(CC2CCCCC2CC2CC(C3CCCC3)C3CCCCC23)CC1
C1CCC(C2CCC(C3CCCC(C4CCC(C5CC(C6CCCC6)C6CCCCC56)CC4)C3)CC2)CC1
C1CCC(CCC2CCC(C3CCCCC3)CC2)CC1
C1CCC(C2CCCC(C3CCC(C4CCCCC4)C(C4CCCC4)C3)C2)CC1
C1CCC(CCC2CCC(CC3CCCC(CC4CCCCC4)C3)CC2CC2CCCC2)CC1
C1CCC(C2CCC3CC(C4CCC5CCCCC54)CCC3C2)CC1
C1CCC(CC2CCCCC2CC2CCCCC2C2CCC3CCCCC3C2)C1
C1CCC(CC2CCC(CCC3CCCC(C4CCC(C5CCCC5)CC4)C3)C2)CC1
C1CCC(CC2CCCCC2CC2CCCCC2)CC1
C1CCC(C2CC(CC3CCC(CC4CCCC(C5CC6CCCCC6C5)C4)CC3)C3CCCCC32)CC1
C1CCC(CC2CCC(C3CCCCC3)CC2)CC1
C1CCC(CC2CCCCC2CC2CCC3CCCC3C2)CC1
C1CCC(CCC2CCC(C3CCC(CC4CCCCC4)CC3)CC2)CC1
C1CCC(CC2CCC(CCCCCC3(C4CCC5CCCCC5C4)CC3)CC2)CC1
C1CCC(CC2CCCCC2)CC1
C1CCC(CCCC2CCC(C3CCCC(CCC4CCCCC4)C3)CC2)CC1
C1CCC(CC2CCCC(C3CCCCC3)C2)CC1
C1CCC(CC2CC(CC3CCC4CCCCC4C3)C3CCCCC23)CC1
C1CCC(CC2CCC(CCC3CCC4C(CC5CCCCC5)CC(C5CCCC5)C4C3)CC2)CC1
C1CCC(C2CCCC(C3CCCC(C4CCCCC4)C3)C2)CC1
C1CCC(C2CCC3CC(C4CC4)CC(C4CCCCC4)C3C2)CC1
C1CCC(C2CCCCC2C2CCCC(C3CCCC3)C2)CC1
C1CCC(CCC2CC(CC3CCCCC3)C3CCC(CCC4CCCC4)CC23)CC1
C1CCC(CCCCCC2CCCCC2C2CCCC(C3CCCCC3)C2)CC1
C1CCC(C2CCC(C3CCC(C4CCC(C5CCC(C6CCCC6)CC5)CC4)CC3)CC2)CC1
C1CCC(CCCC2CCC(CC3CCCCC3C3CCCCC3)CC2)CC1
C1CCC(CC2CCC(CC3CC3)C(C3CCCC(C4CCCCC4)C3)C2)CC1
C1CCC(CCC2CCC3CCCCC3C2)CC1
C1CCC(CCCCC2CCC(C3CCCCC3)CC2)CC1
C1CCC(CC2CCC(C3CCC(CC4CCCCC4)C(C4CCCCC4)C3)CC2)CC1
C1CCC(C2CCCC(C3CCCC(C4CCCCC4)C3)C2)CC1
C1CCC(C2CCCC(CCCCC3CCCC(C4CCCCC4)C3)C2)CC1
C1CCC(C2CCCC(C3CCC(C4CCCC4)CC3)C2)CC1
C1CCC(CC2CC(C3CCCCC3)CC(C3CCCCC3)C2)CC1
C1CCC(C2CCC(C3CCC3)CC2)CC1
C1CCC(C2CCCC(CCCCCC3CCCCC3C3CCCCC3)C2)CC1
C1CCC(CC(C2CCCCC2)C2CCCCC2C2CCCCC2)CC1
C(CCCC1CC1)CCCC1CCC(CC2CCC(C3CCCCC3)CC2)CC1
C1CCC(CC2CCC(C3CCCC(CC4CC4)C3)CC2)CC1
C1CCC(C2CCC(CC3CCC(CCCCC4CCCC4)CC3)CC2)CC1
C1CCC(CC2CCC(CCCC3CCCC(C4CCCC4)C3)CC2)CC1
C1CCC(CC2CCCC(C3CCCCC3)C2)CC1
C1CCC(CC2CC(C3CCCC(C4CCCC4)C3)C3CC(C4CCCCC4)CCC23)CC1
C1CCC(CCC2CCC(C3CCCCC3)CC2)CC1
C1CCC(CC2CCC(CC3CCC(C4CCCCC4)CC3)CC2)CC1
C1CCC(CC2CCC(CCC3CCCC(C4CCCCC4)C3)CC2)CC1
C1CCC(CCC2CCCC(CC3CCCCC3)C2)CC1
C1CCC(CCCC2CCCCC2C2CCCCC2)CC1
C1CCC(CCC2CCC(CC3CCC(C4CCCC(C5CCCC5)C4)CC3)CC2)CC1
C1CCC(CC2CCC(CCC3CCC(CC4CCCCC4)CC3)CC2)CC1
C1CCC(C2CCCCC2CC2CCC(CC3CCCC(C4CCCC4)C3)CC2)CC1
C1CCC(C2CCCC(CC3CCCC(C4CCCC(C5CCCCC5)C4)C3)C2)CC1
C1CCC(CC2CCC(C3CCCC(CCCCC4CCCC4)C3)CC2)CC1
C1CCC(CC2CCCCC2C2CCCCC2)CC1
C1CCC(CCC2CCCC(CCC3CCCCC3)C2CC2CCCCC2)CC1
C1CCC(CC2CCCCC2C2CCC(CC3CCCC(C4CCCCC4)C3)CC2)CC1
C1CCC2CC(CC3CCCC(C4CCC5CCCCC54)C3)CCC2C1
C1CCC(C2CCCC(CC3CCCCC3C3CCCCC3)C2)CC1
C1CCC(C2CCCC(C3CC3)C2)CC1
C1CCC(CCCCC2CCC(CC3CCCC3)CC2CC2CC3CCCCC3C2)CC1
C1CCC(C2CCC(C3CCCCC3C3CCCC3)C3CCCCC23)CC1
C1CCC(CCC(CC2CCC(CC3CCCCC3)CC2)C2CCCCC2)CC1
C1CCC(C2CCC(CCC3CCC(C4CCCCC4)CC3)CC2)CC1
C1CCC(CC2CCCC(CC3CCCCC3)C2)CC1
C1CCC(CC2CC(CC3CCCCC3C3CCCCC3)CCC2C2CCCCC2)CC1
C1CCC(C2CCCCC2C2CCC(C3CCC4CCCC4C3)CC2)CC1
C1CCC(CC2CCC(CC3CCCCC3)CC2)CC1
C1CCC(CCC2CCCCC2C2CCC3CCCC3C2)C1
C1CCC(C2CCC(CCC3CC(C4CCCCC4)C4CCCCC34)CC2)CC1
C1CCC(CCCC2CCCCC2)CC1
C1CCC(CC2CC(CC3CCCCC3)CC(C3CCCCC3)C2)CC1
C(CCCC1CCC(CC2CCCCC2)CC1)CCCC1CCCC(C2CCC3CCCCC3C2)C1
C1CCC(CCCC2CCC(CC3CCC(CC4CCCCC4)CC3)CC2)CC1
C1CCC(CC2CCCC(C3CCC(C4CCCCC4)CC3)C2)CC1
C1CCC(CC2CCC(C3CCCCC3)CC2CC2CCC(C3CCCCC3)CC2)CC1
C1CCC(CCC2CCC(CC3CCC(CC4CCCC4)CC3)CC2)CC1
C1CCC(C2CCC(C3CCC(C4CCCC(C5CCCCC5)C4)CC3)CC2)CC1
C1CCC(CCC2CCCCC2C2CCC(C3CCC(C4CCC(CC5CCCC5)CC4)CC3)CC2)CC1
C1CCC(CC2CCC(C3CCCCC3)CC2)CC1
C1CCC(CC2CCC(C3CC(C4CCCCC4)CCC3C3CCCCC3)CC2)CC1
C(CCC1CCC(CCC2CC3CCCCC3C2)CC1)CCC1CCC2CCCCC2C1
C1CCC(CC2CCCC(C3CCCC(C4CCCC(CC5CCCC5)C4)C3)C2)CC1
C1CCC(C2CCCC(C3CCCC(C4CCCCC4)C3)C2)CC1
C1CCC(CC2CCC(CC3CCCCC3)CC2)CC1
C1CCC(CC2CCC(C3CCCCC3)CC2)CC1
C1CCC(CCC2CC(C3CCCCC3CC3CCCCC3)C3CCCCC23)CC1
C1CCC(C2CCCCC2CC2CC(C3CCCCC3)C3CCCCC23)CC1
C1CCC(CCC2CCCC(CCC3CCCCC3)C2)CC1
C1CCC(CC2CCCC(C3CCCC(C4CCCCC4)C3)C2)CC1
C1CCC(C2CCC(CC3CCC(C4CCCC(C5CCCCC5)C4)C3)CC2)CC1
C1CCC(CC2CCC(CC3CCCCC3C3CCCC(C4CCC(CC5CC5)CC4)C3)CC2)C1
C1CCCCC1
C1CCC(CCC2CCC(CC3CC(CCC4CCCC4)CC4CCCCC43)CC2)CC1
C1CCC(CCC2CCCC(CC3CCC(CC4CCC(CC5CCCCC5)CC4)CC3)C2)CC1
C1CCC(C2CCC(C3CCCCC3)C(C3CCCCC3)C2)CC1
C1CCC(C2CCCCC2C2CC3CCCCC3C(C3CCCCC3)C2)CC1
C1CCC(C2CCC(CCCCC3CCCCC3C3CCCCC3)CC2)CC1
C1CCC(CC2CCC(C3CCCC(C4CC4)C3)CC2)CC1
C1CCC(C2CC(CC3CCCC(CC4CCC5CCCC5C4)C3)C3CCCCC32)CC1
C1CCC(C2CCCC(CCC3CC4CCCCC4C3)C2)CC1
C1CCC(CCCCC2CCC(CC3CCC(C4CCC(CC5CCCCC5)CC4)CC3)CC2)CC1
C1CCC(CCCCC2CCC(CC3CCCCC3)CC2)CC1
C1CCC(C2CCC(CCC3C(C4CCCCC4)CCCC3C3CCCC3)CC2)CC1
C1CCC(C2CC(C3CC4CCCCC4C3)C3CCCCC23)CC1
C1CCC(CCC2CCCCC2C2CCCC3CCCCC32)CC1
C1CCC(CC2CCCC(C3CCCC(C4CCC(CC5CCCC5)CC4)C3)C2)CC1
C(CCC1CCC2CCCC2C1)CC1CCC(C2CC3CCCCC3C2)CC1
C1CCC(C2CCC(CC3CCC(CC4CCC(C5CCC(C6CCCC6)CC5)C4)CC3)CC2)C1
C1CCC(CCCCC2CCCCC2C2CCCCC2)CC1
C1CCC(CCC2CCC(CCC3CC(C4CCCCC4)C4CCCCC34)CC2)CC1
C1CCC(CCCCC2CCCC(C3CCCCC3)C2)CC1
C1CCC(CCC2CCCCC2)CC1
C1CCC(CCC2CC(CC3CCCC3)C3CCC(CC4CCCCC4)CC23)CC1
C1CCC(CCC2CCCC(C3CCCCC3CC3CCCCC3)C2)CC1
C1CCC(CC2CCC(CC3CCCC(C4CC(CC5CCCC5)C5CCCCC54)C3)CC2)CC1
C1CCC(CC2CCC(C3CCCCC3)CC2)CC1
C1CCC(CCC2CCC(C3CC(CC4CCCCC4)C4CCCCC43)CC2)CC1
C1CCC(CC2CCC(C3CCCC(C4CCC(CCC5CCCC5)CC4)C3)CC2)CC1
C1CCC(C2CCCCC2)CC1
C1CCC(CC2CCCCC2C2CCCCC2CC2CCCC2)CC1
C1CCC(CCCCC2CCCC(CC3CCCCC3)C2)CC1
C1CCC(CC2CCCC(C3CCCCC3)C2)CC1
C1CCC(CCC2CC(C3CCCCC3)C3CCCCC23)CC1
C1CCC(CC2CC(C3CCCCC3)C3CCCCC23)CC1
C1CCC(C2CCCC(CCC3CCC(C4CCC(CCC5CC6CCCCC6C5)CC4)CC3)C2)CC1
C1CCC(C2CCC(C3CCCCC3)CC2)CC1
C1CCC(CC2CCCC(CC3CCC(C4CCCCC4)CC3)C2)CC1
C1CCC(CCC2CCC(C3CCCC(C4CCCCC4)C3)CC2)CC1
C1CCC(CC2CC(C3CCC(C4CC4)CC3C3CCC4CCCC4C3)C3CCCCC23)CC1
C1CCC(C2CCCC(CCC3CCC(C4CCC(C5CCCC5)CC4)CC3)C2)CC1
C1CCC(CC2CC(C3CCC4CCCCC43)CC2CC2CCCCC2)CC1
C1CCC(CCC2CCCCC2C2CCCCC2)CC1
C1CCC(CC2CCC(CC3CCCCC3)CC2)CC1
C(CCCCC1CCCCC1)CCCCC1CCCCC1
C1CCC(C2CCCC(CC3CCCC(C4CCCC4)C3)C2)CC1
C1CCC(C2CCC3C(CCCC3C3CCCC(C4CCCCC4C4CCCCC4)C3)C2)CC1
C1CCC(CC2CCC(CC3CCCCC3)CC2)CC1
C1CCC(CCCC2CCCC(C3CCCCC3)C2C2CCC2)CC1
C1CCC(C2CCC(C3CCCC3)CC2)CC1
C1CCC(CCCCC2CCC(CC3CCCCC3)CC2)CC1
C1CCC(CC2CCC(CC3CCC(C4CCCCC4CC4CC5CCCCC5C4)CC3)CC2)CC1
C1CCC(CCCCC2CCCC(CC3CCCCC3)C2)CC1
C1CCC(CC2CCCC(C3CCCCC3)C2)CC1
C1CCC(CCC2CCC(CCC3CCC(C4CCCC(C5CCC5)C4)CC3)CC2)CC1
C1CCC(CC2CCC(CCC3CCC4CCCC4C3)CC2)CC1
C1CCC(C2CCCCC2)CC1
C1CCC(CC2CCCCC2CC2CCCCC2)CC1
C1CCC(C2CCC(CCC3CC(C4CC4)CCC3C3CCCCC3)CC2)CC1
C1CCC(CC2CCC(C3CCCC(CC4CC4)C3)CC2)CC1
C1CCC(CC2CCC(CC3CCCC(C4CC(CC5CCCCC5)CC(C5CCCCC5)C4)C3)CC2)CC1
C1CCC(CCCCC2CCC(C3CCCCC3)C(C3CCCC3)C2)CC1
C1CCC(CC2CCCCC2C2CCCC(C3CCCCC3)C2)CC1
C1CCC(CCCC2CCC(CC3CCC(C4CCC(C5CCC6CCCCC65)CC4)C3)CC2)CC1
C1CCC(CC2CCC(C3CCCCC3)C(CC3CCCC(C4CCC(CC5CCCC5)CC4)C3)C2)CC1
C1CCC(CC2CCC3C(CCC3C3CCCCC3)C2)CC1
C1CCC(CC2CCCCC2CCC2CCCC2)CC1
C1CCC(CC2CC(C3CCCCC3)CC(C3CCCC3)C2)CC1
C1CCC(CC2CCC(CCCCCC3CCCC(C4CCCC(CC5CC6CCCCC6C5)C4)C3)CC2)CC1
C1CCC(CC2CCC(C3CCCC(CC4CCCC(C5CCCC5)C4)C3)CC2)CC1
C1CCC(CCC2CCC(C3CCCCC3)CC2)CC1
C1CCC(CC2CCC(CC3CCC(C4CCCC4)CC3)CC2)CC1
C1CCC(CC2CCCCC2C2CCC(C3CCC4CCCCC43)CC2C2CCCC2)C1
C1CCC(CC2CCC(C3CC(CC4CCCCC4)C4CCCCC43)CC2)CC1
C1CCC(CCC2CCC3CCCCC3C2)CC1
C(CCCC1CCCCC1)CCCC1CCCCC1
C1CCC(CC2CCC(CC3CCC(C4CCCCC4)CC3)CC2)CC1
C1CCC(CCC2CC(CCC3CCC(CC4CC4)CC3CC3CCCC3)C3CCCCC23)CC1
C1CCC(CC2CCC(CC3CCC(C4CC(CC5CCCCC5)C5CCCCC54)CC3)CC2)CC1
C1CCC(CC2CCC(CC3CCC(C4CCC5CCCCC54)CC3)CC2)CC1
C1CCC(C2CCCCC2C2CCCCC2C2CCCC2)CC1
C1CCC(CCC2CCC(C3CCCC(C4CCCCC4)C3)CC2)CC1
C1CCC(CCCC2CCCC(CC3CCC(CC4CCCC(C5CCCC5)C4)CC3)C2)CC1
C1CCC(CC2CCC(CCC3CCCC(C4CCCCC4)C3)CC2)CC1
C1CCC(CC2CC3CCC(C4CCCCC4)CC3C(C3CCCCC3)C2)CC1
C1CCC(CC2CCCC(CC3CCC(CC4CCCC(C5CCCCC5)C4)CC3)C2)CC1
C1CCC(CC2CCCC(C3CCCCC3)C2)CC1
C1CCC(CCCCCC2CCC(C3CCCCC3)C(CCC3CCCCC3)C2)CC1
C1CCC(CC2CCCC(C3CCCC(C4CCCCC4)C3)C2)CC1
C1CCC(C2CCCCC2C2CCCCC2)CC1
C1CCC(CCC2CCC(C3CCCC(CC4CCCCC4)C3)CC2)CC1
C1CCC(CC2CCC(CCC3CCCC(C4CCCCC4)C3)CC2)CC1
C1CCC(C2CCCC(C3CC(CC4CC4)C4CCCCC43)C2)CC1
C1CCC(CCC2CCCCC2)CC1
C1CCC(CC2CCCCC2CCC2CCC(C3CCCC3)CC2)CC1
C1CCC(CCC2CCC(C3CCCC(CC4CC5CCCCC5C4)C3)CC2)C1
C1CCC(CC2CCCCC2C(CC2CCC3CCCC3C2)C2CCCCC2)CC1
C(CCCC1CCCCC1C1CCC2CCCCC21)CCC1CCCCC1
C1CCC(C2CCC(C3CCCCC3CC3CCC(C4CCCC4)CC3)CC2)CC1
C1CCC(C2CCC3CC(C4CCC5CCCCC54)CCC3C2)CC1
C1CCC(CC2CCC(CC3CCCCC3)CC2)CC1
C1CCC(CC2CCC3CC(C4CCCCC4)CCC3C2)CC1
C1CCC(C2CC3CCC(CC4CCCC(C5CC5)C4)CC3C(C3CCCCC3)C2)CC1
C1CCC(CC2CCC(CC3CCCC(CCCC4CCC(C5CCCC5)CC4)C3)CC2)CC1
C1CCC(C2CC(C3CCC4CCCCC43)CC3CCC(C4CC4)CC32)CC1
C1CCC(CC2CCC(CCC3CCCCC3C3CCCCC3)C(C3CCCC3)C2)CC1
C1CCC(CC2CC(C3CCCCC3)CC(C3CCC(C4CCCC4)CC3)C2)CC1
C1CCC(CCCC2CCC(C3CCCCC3)CC2)CC1
C1CCC(C2CCCC(CC3CCCC(C4CCCC4)C3)C2C2CCCCC2)CC1
C1CCC(C2CCC(C3CCCCC3)CC2)CC1
C1CCC(C2CCCC(C3CCC(CC4CCC(C5CCCCC5)C(C5CCCC5)C4)CC3)C2)CC1
C1CCC(CC2CCCC(C3CCC(C4CCCCC4)C(C4CCCCC4)C3)C2)CC1
C1CCC(CCC2CCCC(C3CCCCC3)C2)CC1
C1CCC(C2CCCC(C3CCC(C4CCCCC4C4CCCC4)CC3)C2)CC1
C1CCC(CCC2CCC3CCCC(C4CCCCC4)C3C2)CC1
C1CCC(CCCCCC2CCCC(C3CCCCC3CC3CCCC3)C2)CC1
C1CCC(CCCCC2CCC3C(C2)C(CC2CCCCC2)CC3C2CCCCC2)CC1
C1CCC(C2CCCCC2C2CCC(C3CCCCC3C3CCCC3)CC2)CC1
C1CCC2CC(CCC3CCCC(C4CC5CCCCC5C4)C3)CC2C1
C1CCC(C2CCC(C3CCCCC3C3CCCC3)CC2)CC1
C1CCC(C2CC(CC3CC3)CC(C3CCCCC3)C2)CC1
C1CCC(C2CCC(C3CCCCC3C3CCCC3)CC2)CC1
C1CCC(C2CCCCC2)CC1
C1CCC(CCCC2CCCC(CCC3CCCCC3)C2)CC1
C1CCC(CCCC2CCC(CC3CCCCC3CCC3CCCCC3)CC2)CC1
C1CCC(C2CCCC(C3CCC(CC4CC5CCCCC5C4)C3)C2)CC1
C1CCC(C2CCC(C3CCCCC3C3CCCC3)CC2)C1
C1CCC(CCCCC2CCCCC2CCCC2CCCCC2)CC1
C1CCC(CCCC2CCCC(C(CC3CCCCC3)CC3CCCCC3)C2)CC1
C1CCC(C2CCC(C3CCCCC3)C(C3CCCCC3)C2)CC1
C1CCC(CC2CCC(C3CCC(CC4CCCC4)CC3)CC2)CC1
C1CCC(CCCCC2CCCCC2)CC1
C1CCC(C2CCC3C(CC4CCCC4)CC(C4CCCCC4)C3C2)CC1
C1CCC(C2CC(C3CCC(CC4CCCC4)CC3)C3CCCCC23)CC1
C1CCC(CC2CCC(C3CCCC(C4CCCC4)C3)CC2)CC1
C1CCC(CC2CCC(CC3CCCC3)CC2)CC1
C(CCCC1CCC(CCC2CCC(CC3CC4CCCCC4C3)CC2)CC1)CCC1CC1
C1CCC(C2CCC(C3CCCCC3C3CCCC3)CC2)CC1
C1CCC(CC2CCCC(CC3CCCCC3)C2)CC1
C1CCC(CCCC2CCCC(CC3CCCCC3C3CCCC3)C2)CC1
C1CCC(CC2CCC(C3CCCCC3)C(C3CCCC3)C2)CC1
C1CCC(C2CCC(CCC3CCCC(CC4CCCC4)C3)CC2)CC1
C1CCC(CCC2CCC(CCC3CCC(C4CC(C5CCCCC5)C4)CC3)CC2)CC1
C1CCC(C2CCCC(C3CCC3)C2)CC1
C1CCC(CC2CCCCC2C2CC3CCC(C4CCCC4)CC3C(C3CCCCC3)C2)CC1
C1CCC2CC(CCCC3CC(C4CCC5CCCCC5C4)C4CCCCC34)CCC2C1
C1CCC(CCC2CCCC(C3CCC4CCCC4C3)C2)CC1
C1CCC(C2CCC(C3CCCCC3C3CCC4CCC(C5CCCCC5)C4C3)CC2)CC1
C1CCC(CC2CCC(CC3CCC(C4CCCCC4)CC3)CC2)CC1
C1CCC(C2CCC(CC3CCC3)C(C3CCCC(C4CCC5CCCC5C4)C3)C2)CC1
C1CCC(CC2CCC(CCC3CCCC(C4CCCCC4)C3)CC2)CC1
C1CCC(CCC2CC(CCC3CCC(CC4CCCCC4)CC3)C3CCCCC23)CC1
C1CCC(C(CCCCC2CCCC(C3CCC4CCCCC4C3)C2)C2CCCCC2)CC1
C1CCC(CC2CCC(CC3CCCCC3)CC2)CC1
C1CCC(CC2CCC(CC3CCCCC3)C(C3CCCC3)C2)CC1
C1CCC(C2CCC(CC3CCC(C4CCCCC4)CC3)CC2)CC1
C1CCC(C2CCCCC2)CC1
C1CCC(CC2CCC(CC3CCCCC3)CC2)CC1
C1CCC(C2CCC(CC3CCCC(C4CCCCC4)C3)CC2)CC1
C1CCC(CCC2CC(C3CC(C4CCCCC4)C4CCCCC34)CCC2C2CCCCC2)CC1
C1CCC(C2CCCC(CCCCC3CCC4CCCCC34)C2)CC1
C1CCC(CCC2CCCCC2C2CCCC(C3CCCCC3)C2)CC1
C1CCC(CCC2CC(C3CCCC(C4CCCCC4)C3)C3CCCCC23)CC1
C1CCC(CCC2CCC(C3CCC(CC4CCCC4)CC3C3CCC4CCCC4C3)CC2)CC1
C1CCC(C2CCC(CCC3CCC(C4CCCC4)CC3)CC2)CC1
C1CCC(CC2CCCC(CC3CC(CC4CCCCC4)C4CCC(C5CCC5)CC34)C2)CC1
C1CCC(CC2CCC(CC3CCCCC3)C(CC3CC(C4CCCC5CCCCC54)C4CCCCC34)C2)CC1
C1CCC(C2CCC(CC3CCCC(CC4CC5CCCCC5C4)C3)C2)CC1
C1CCC(CC2CCCC(C3CCC(C4CCCCC4)CC3)C2)CC1
C1CCC(CCCCC2CCCC(C3CCCC(C4CCCCC4)C3)C2)CC1
C1CCC(C2CCC(C3CCC(C4CCC(C5CCCCC5)CC4)CC3)CC2)CC1
C1CCC(CCC2CCCC(CCC3CCCC(C4CCCCC4)C3)C2)CC1
C1CCC(CC2CCC(CC3CCCCC3C3CCCCC3)CC2)CC1
C1CCC(CC2CCCC(C3CCCC(CC4CC4)C3)C2)CC1
C1CCC(CCC2CCCCC2C2CCC(CC3CCCCC3)CC2)CC1
C1CCC(CCC2CCCC(CCC3CCC4CCCCC4C3)C2)CC1
C1CCC(CCCCC2CCC(C3CCCCC3)CC2)CC1
C1CCC(CC2CCC(C3CCCCC3)C(C3CCC4CCCC4C3)C2)CC1
C1CCC(CCCCC2CCC(C3CCCC4CCCCC43)CC2)CC1
C1CCC(CC2CCC3CC(C4CCC(C5CCCC(C6CCC7CCCCC76)C5)C4)CCC23)CC1
C1CCC(CC2CCCCC2)CC1
C1CCC(CC2CC(CCC3CCC(C4CCCC4)CC3)C3CCCCC23)CC1
C1CCC(CC2CCCCC2)CC1
C1CCC(CCCC2CCCCC2)CC1
C1CCC(CC2CCCC(CC3CC(C4CCCCC4)C4CCCCC34)C2)CC1
C1CCC(C2CC(C3CCC4CCCC4C3)C3CCCCC23)CC1
C1CCC(C2CCCC(CCC3CCCCC3C3CCCC4CCCCC43)C2)CC1
C1CCC(CC2CCC(C3CCCC(CCC4CCC(C5CCCCC5)CC4)C3)CC2)CC1
C1CCC(CCC2CCC(C3CCC(CC4CCCC4)CC3)C(C3CCC4CCCC4C3)C2)CC1
C1CCC(C2CCCC(C3CCCCC3C3CCCC3)C2)CC1
C1CCC(C2CCC(C3CCC4CCCC4C3)C(C3CCC4C(CCC4C4CCCC4)C3)C2)C1
C1CCC(CC2CCCCC2C2CCCCC2)CC1
C1CCC(CCCCC2CCC(C3CCCCC3)CC2C2CCCC3CCCCC32)CC1
C1CCC(CC2CCC(C3CCC(C4CCCCC4)CC3)CC2)CC1
C1CCC(C2CCC(CCC3CC(C4CCCC4)CCC3C3CCC4CCCC4C3)CC2)CC1
C1CCC(CCCCC2CCCCC2CCC2CCC(C3CCCCC3)CC2)CC1
C1CCC(CC2CCCC(C3CCCC(C4CCCCC4)C3)C2)CC1
C1CCC(CCC2CCCC(CC3CC(CC4CCCCC4)C4CCCCC34)C2)CC1
C1CCC(C2CCCC(CC3CCCC(C4CC4)C3)C2)CC1
C(CC1CCC(CC2CCC(CC3CC3)CC2)CC1)CC1CCC(C2CC3CCCCC3C2)CC1
C1CCC(CC2CCC(C3CCCCC3)C(CCC3CCCC3)C2)CC1
C1CCC(CC2CCC(C3CCCC(C4CC(CC5CCCCC5)C5CCCCC54)C3)CC2)CC1
C1CCC(C2CCCC(CC3CCCCC3CC3CCC4CCCCC4C3)C2)CC1
C1CCC(C2CCCCC2CC2CC3CCCCC3C2)CC1
C1CCC(CC2CCC(C3CCCCC3)CC2)CC1
C1CCC(CC2CCC(C3CCC3)C(CC3CCCC(C4CCCC4)C3)C2)CC1
C1CCC(C2CCCC(C3CCCC(CC4CC5CCCCC5C4)C3)C2)CC1
C1CCC(CCCCCC2CCC(CCCC3CCCCC3)CC2)CC1
C1CCC(CC2CCC(C3CCCCC3)CC2C2CCCCC2)CC1
C1CCC(CC2CCC(CC3CCC(CC4CCC(C5CCCC5)CC4)CC3)CC2)CC1
C1CCC(CC2CCC(CC3CCCC(CC4CCCC(C5CCCCC5C5CCCC5)C4)C3)CC2)CC1
C1CCC(CC2CCCC(C3CCCC(C4CCCCC4)C3)C2)CC1
C1CCC(C2CCC(C3CC(C4CCC4)CC(C4CCCC(C5CCCCC5)C4)C3)CC2)CC1
C1CCC(CCC2CCC(C3CCCC(C4CCCCC4)C3)CC2C2CCCCC2)CC1
C1CCC(CC2CCC(C3CCC(C4CCCCC4C4CCCCC4)C3)CC2)CC1
C1CCC(CCC2CCC(C3CCCC(C4CCCCC4)C3)CC2)CC1
C1CCC(C2CCCC(C3CCC4CC(C5CCC6CCCC6C5)CC4C3)C2)CC1
C1CCC(CC2CCC(C3CCC3)CC2)CC1
C1CCC(CC2CCCC(C3CCCC(CC4CCCC4)C3)C2)CC1
C1CCC(C2CCC3C(CCCC3C3CCCCC3C3CCCCC3)C2)CC1
C1CCC(CC2CCC(C3CCC(CC4CC4)C(C4CCCC4)C3)CC2)C1
C1CCC(CC2CCCCC2C2CCC3C(CC4CCCCC4)CCC3C2)CC1
C1CC(C2CCCC(C3CCC4CCCCC4C3)C2)C1
C1CCC(CC2CC(C3CCCCC3)C3CCCCC23)CC1
C1CCC(C2CCC(C3CCC(C4CCCCC4)CC3)CC2)CC1
C1CCC(CC2CC(C3CCCCC3)CCC2C2CCCC(C3CCCCC3)C2)CC1
C1CCC(CC2CCC(C3CCCCC3)C(C3CCCCC3)C2)CC1
C1CCC(CCCC2CCC(C3CCC(CC4CCCCC4)CC3)CC2)CC1
C1CCC(C2CCCCC2)CC1
C1CCC(CCC2CCC(CCC3CCCCC3)CC2)CC1
C1CCC(CC2CCC(C3CCCC3)C(C3CCCCC3)C2)CC1
C1CCC(CCC(CC2CC(C3CCCCC3)C3CCCCC23)C2CCCCC2)CC1
C1CCC(CC2CCCC(C3CCCCC3)C2)CC1
C1CCC(C2CC(C3CCC(C4CCCC(C5CC5)C4)CC3)C3CCCCC23)CC1
C1CCC(CCC2CCCCC2C2CCCCC2)CC1
C(CCCC1CCC(C2CCC(C3CCCC3)CC2)CC1)CCC1CCCCC1
C1CCC(CC2CCC(CC3CCCC(C4CCCC(C5CCC5)C4)C3)CC2)CC1
C1CCC(CC2CCC(CC3CCC(C4CCCCC4)C3)CC2C2CCCCC2)CC1
C1CCC(CCC2CC3CCCCC3C2)CC1
C1CCC(CC2CCCC(C3CCCCC3)C2)CC1
C1CCC(CC2CC(C3CCCCC3)C3CC(C4CCCCC4)CCC23)CC1
C1CCC(CC2CCCC(C3CCC(CC4CC5CCCCC5C4)CC3)C2)CC1
C1CCC(C2CCC3CCCC3C2)CC1
C1CCC(CCC2CCC(C3CCCC(CC4CCCCC4)C3)CC2)CC1
C(CCCC1CCCCC1)CCCC1CCCC(C2CCCCC2)C1
C1CC(C2CCC(C3CCC4CC(C5CC6CCCCC6C5)CCC43)CC2)C1
C1CCC(CC2CCC(C3CCC(C4CCCC(C5CCCCC5)C4)C3)CC2)CC1
C1CC(C2CCCC(C3CCC(C4CCC(C5CCCC(C6CC6)C5)CC4)CC3)C2)C1
C1CCC(CCC2CCCCC2CC2CCCCC2)CC1
C1CCC(CC2CCC(C3CCCC(C4CCCCC4)C3)CC2)CC1
C1CCC(CC2CCC(CCC3CCC(C4CCCCC4)CC3)CC2)CC1
C1CCC(CC2CCC(C3CCCC3)CC2C2CCCCC2)CC1
C1CCC(C2CCCC(C3CCC(CC4CC5CCCCC5C4)CC3)C2)CC1
C1CCC(CC2CCCCC2)CC1
C1CC(C2CC2)CC(C2CCCC(C3CCCCC3C3CCC3)C2)C1
C1CCC(CC2CCCC(CC3CCCC(CC4CCCCC4)C3)C2)CC1
C1CCC(CC2CCCC(C3CCCCC3)C2)CC1
C1CCC(C2CCC(CCCCC3CCC(CC4CCCC(C5CCCC5)C4)CC3)CC2)CC1
C1CCC(CCC2CC(CC3CCCCC3)CC(CC3CCCCC3)C2)CC1
C1CCC(CCC2CCC(CC3CCCCC3)CC2)CC1
C1CCC(CCC2CCC(CCCC3CCCC(C4CCCCC4)C3)CC2)CC1
C1CCC(CCC2CC(CCC3CCCCC3)C3CCCCC23)CC1
C1CCC(CCCC2CCCC(C3CCCCC3)C2)CC1
C1CCC(C2CCC(C3CC3)CC2)CC1
C1CCC(C2CCCC(C3CCC(CCC4CCC(CC5CC6CCCCC6C5)CC4)CC3)C2)C1
C1CCC(C2CCCC(C3CCCC(C4CCCCC4)C3)C2)CC1
C1CCC(CC2CCC(C3CCCC4CCCCC43)CC2)CC1
C1CCC(CC2CC(CC3CCCCC3CC3CCC4CCCCC4C3)C3CCCCC23)CC1
C1CCC(C2CCCC(C3CCCCC3C3CCCCC3)C2)CC1
C1CCC(CCCC2CCC(C3CCCCC3)CC2)CC1
C1CCC(CC2CCC(CC3CCCCC3)C(CC3CCCCC3)C2)CC1
C1CCC(CC2CCC(C3CCCCC3)CC2)CC1
C1CCC(C2CCC(C3CCC(C4CCCCC4)C(C4CCC4)C3)C(C3CCCC3)C2)CC1
C1CCC(C2CC(C3CCCCC3)C3CCCCC23)CC1
C1CCC(CC2CCC(CCC3CCC(C4CCCC4)CC3)CC2)CC1
C1CCC(CC2CCCCC2C2CC(C3CCCCC3)CC(C3CC3)C2)CC1
C1CCC(CC2CCC(CCC3CCCC(C4CCCCC4)C3)CC2)CC1
C1CCC(C2CCC3C(CC4CCC5CCCC5C4)CCCC3C2)CC1
C1CCC(CC2CCC(C3CCCCC3CC3CCCCC3)C(C3CCCC3)C2)CC1
C1CCC(CC2CCCC(CC3CCCCC3)C2)CC1
C1CCC(CC2CCCCC2C2CCCCC2)CC1
C1CCC(C2CCCC(CCCC3CCCCC3C3CCCCC3)C2)CC1
C1CCC(CCC2CC(C3CCC(C4CCCC(CC5CC6CCCCC6C5)C4)CC3)C3CCCCC23)CC1
C1CCC(CC2CCC(C3CCC(C4CCCCC4)CC3)CC2)CC1
C1CCC(CC2CCCC(CC3CCCCC3C3CCCCC3)C2)CC1
C1CCC(C2CCCC(CCC3CCCC(C4CCCCC4)C3)C2)CC1
C1CCC(CC2CCCC(C3CCCCC3)C2)CC1
C1CCC(CCCC2CCC(CC3CCCCC3)CC2)CC1
C1CCC(CCC2CCCC(C3CCCC(CC4CCC(C5CC5)CC4)C3)C2)CC1
C1CCC(C2CCCC(C3CCCCC3CC3CCCC3)C2)CC1
C1CCC(CCCC2CC(CC3CCCC(CC4CCCCC4)C3)C3CCCCC23)CC1
C1CCC(C2CCC(C3CC(C4CCCC5CCCCC54)CC3C3CCC3)CC2)CC1
C1CCC(CC2CCC(CC3CCC(CC4CCC5CCCCC54)CC3)CC2)CC1
C1CCC(C2CCCC(CCC3CCCC(CC4CCC(C5CCCCC5)C4)C3)C2)CC1
C1CCC(CCC2CCCCC2C2CCCCC2)CC1
C1CCC(CC2CCC(CC3CCC(C4CCCCC4)CC3)CC2)CC1
C1CCC(CC(C2CCCCC2)C2CCCC(CC3CCCC3)C2)CC1
C1CCC(C2CC(CC3CCCC3)C3CCCCC32)CC1
C1CCC(CCCC2CCC(CC3CCC(CC4CCCCC4)CC3)CC2)CC1
C1CCC(CCC2CC(C3CC3)C3CC(C4CCCC(CC5CCCCC5CC5CCC5)C4)CCC23)CC1
C1CCC(CCC2CCC(CC3CCCCC3)CC2)CC1
C1CCC(CCCC2CCCC(CC3CCC4CCCC4C3)C2)CC1
C1CCC(CC2CCC(C3CCCCC3)CC2)CC1
C1CCC(CCC2CCCC(CCCC3CCC(C4CCCCC4)CC3)C2)CC1
C1CCC(CC2CCCCC2C2CCCCC2)CC1
C1CCC(CCC2CCCC2C2CCCC(CC3CCCCC3)C2)CC1
C1CCC(CC2CCC(C3CCCCC3)CC2)CC1
C1CCC(CCCC2CCC(C3CCCCC3)CC2)CC1
C1CCC(CCCC2CCC(CC3CCC(C4CCCC(CCC5CCCCC5)C4)CC3)CC2)CC1
C1CCC(CCC2CCC(C3CCCCC3)C(C3CCCC3)C2)CC1
C1CCC(C2CCCC(CCC3CCCC(C4CCCCC4)C3)C2)CC1
C1CCC(CC2CCCC(C3CCCCC3)C2)CC1
C1CCC(CC2CCCCC2CCCC2CCC(C3CCCCC3CC3CCCC3)CC2)CC1
C1CCC(CC2CCC(CC3CCCCC3)CC2)CC1
C1CCC(CCCC2CCC(C3CCCCC3)CC2)CC1
C1CCC(C2CCCC(C3CCC(CCCC4CCC5CCCC5C4)CC3)C2)CC1
C1CCC(CC2CCCC(C3CCCC(C4CCCCC4)C3)C2)CC1
C1CCC(CC2CCC(CC3CCCCC3)CC2)CC1
C1CCC(CC2CCCCC2C2CCCCC2CC2CC3CCCCC3C2)CC1
C1CCC(C2CCC(C3CCCCC3CC3CCC(C4CC4)CC3)CC2)CC1
C1CCC(CC2CCC(C3CCCC(CC4CCCCC4)C3)CC2)CC1
C1CCC(CC2CC(C3CCCCC3)C3CC(C4CCCC4)CCC23)CC1
C1CCC(CC2CCC(CCC3CCC4C(CCC4C4CCCCC4)C3)CC2)CC1
C1CCC(C2CCC(C3CCC(C(C4CCCCC4)C4CCCCC4)CC3)CC2)CC1
C1CCC(CC2CCC(CCC3CC(CC4CCCCC4)C4CCCCC34)CC2)CC1
C1CCC(CC2CCC(C3CCCC(C4CCCC5CCCCC54)C3)CC2)CC1
C1CCC(CCC2CCC(C3CCCCC3)CC2CC2CCC3CCCCC3C2)CC1
C1CCC(C2CCCC(CCC3CCC(CC4CCC5CCCCC54)CC3)C2)CC1
C1CCC(C2CCC(C3CCC(C4CCCCC4)CC3)CC2)CC1
C1CCC(C2CCCC(C3CCCCC3C3CCCCC3C3CCCCC3)C2)CC1
C1CCC(C2CCCC(CC3CCCCC3C3CCCCC3)C2)CC1
C1CCC(CCC2CCC(CC3CCC(C4CCCCC4)CC3)CC2)CC1
C1CCC(CC2CCC3C(CC4CCCCC4)CC(C4CCCCC4)CC3C2)CC1
C1CCC(CCC2CCC(CC3CCC(C4CCC(C5CCC6CCCCC6C5)CC4)CC3)CC2)CC1
C1CCC(CC2CC(C3CCCCC3)C3CCCCC23)CC1
C1CCC(CC2CCCC(CC3CCC(C4CCCC4)CC3)C2)CC1
C1CCC(CCCC2CCC(CC3CCC(C4CCCC(C5CCCCC5)C4)CC3)CC2)CC1
C1CCC(C2CCC(CCCC3CCCC(C4CCCCC4)C3)CC2)CC1
C1CCC(CC2CCCC(C3CCC(C4CCCCC4)CC3)C2)CC1
C1CCC(CC2CCC(CC3CCC(CC4CCCCC4)CC3)CC2)CC1
C1CCC(CCC2CC(CC3CCCCC3)CC(C3CCCCC3)C2)CC1
C1CCC(CC(C2CC2)C2CCCC(CC3CCC(C4CC5CCCCC5C4)CC3)C2)CC1
C1CCC(CC2CCCCC2CC2CCCC(C3CCCCC3)C2)CC1
C1CCC(CC2CCCCC2C2CCCCC2CC2CC2)CC1
C1CCC(CCCCC2CCC(CC3CCCCC3)CC2)CC1
C1CCC(CCC2CCC(C3CCCCC3)CC2)CC1
C1CCC(C(C2CCCCC2)C2CCCCC2)CC1
C1CCC(C2CCCC(C3CCCCC3C3CCCCC3)C2)CC1
C1CCC(C2CCC(C3CCCCC3C3CCCCC3)CC2)CC1
C1CCC(CCCC2CC(CC3CCCCC3)C3CCCCC23)CC1
C1CCC(CCCC2CCC(CC3CCCC(CC4CCCCC4)C3)C2)CC1
C1CCC(CC2CCC(C3CCCCC3)CC2)CC1
C1CCC(C2CCCC(C3CCCCC3)C2)CC1
C1CCC(CC2CCC(C3CCCC(C4CCCCC4)C3)CC2C2CCCC2)CC1
C1CCC(CCCC2CC(CC3CCCCC3)CCC2C2CCCCC2)CC1
C1CCC(C2CC(C3CCC4CCCCC43)CC3CCC(C4CCCCC4C4CCCC4)CC32)CC1
C(CC1CCC(C2CCCC3CC(C4CCC5CCCCC54)CCC32)CC1)CC1CC2CCCCC2C1
C1CCC(C2CCC(CCCC3CCC4CCCCC4C3)CC2)CC1
C1CCC(CC2CC3CC(C4CCCCC4)CCC3C(C3CC3)C2)CC1
C1CCC(C2CCCC(CC3CCCCC3C3CCC4CCCCC4C3)C2)CC1
C1CCC(CC2CC3CCC(C4CCCCC4)CC3C(C3CCCCC3)C2)CC1
C1CCC(C2CCCC(C3CCC(C4CCC5CCCCC54)CC3)C2)CC1
C1CCC(CC2CC(C3CCCCC3)CCC2C2CCCCC2)CC1
C1CCC(CC2CCC(C3CCCC(C4CCCCC4)C3)CC2)CC1
C1CCC(C2CCCC(CC3CCC(C4CCCC(C5CCCCC5)C4)CC3)C2)CC1
C1CCC(CC2CCC(C3CCCC(CC4CC5CCCCC5C4)C3)CC2)CC1
C1CCC(CC2CCCC(C3CCCCC3)C2)CC1
C1CCC(CC2CCCC(C3CCCCC3CCC3CCC(C4CCCCC4)CC3)C2)CC1
C1CCC(CC2CCCCC2CC2CCCC(C3CC4CCCCC4C3)C2)CC1
C1CCC(C2CCCC(C3CCCC(CCCC4CCCC(CCC5CC5)C4)C3)C2)CC1
C1CCC(CCC2CCCC(CC3CCCCC3CC3CCCCC3)C2)CC1
C1CCC(CCC2CCC(C3CCCC(C4CCCC4)C3)CC2)CC1
C1CCC(CC2CCCC(CCCCC3CC(CC4CCCCC4)C4CCCCC34)C2)CC1
C1CCC(CCC2CCC(C3CC3)CC2CCC2CCC(C3CCCC(C4CCC4)C3)CC2)CC1
C1CCC(C2CCC(C3CCCC(CC4CCCC4)C3)CC2)CC1
C1CCC(CC2CC(CCC3CCC(C4CCCC4)C(CC4CCCC4)C3)C3CCCCC23)CC1
C1CCC(CCCC2CC(CC3CCCC3)CCC2CC2CCCCC2)CC1
C1CCC(CC2CCC(C3CC(C4CCCCC4)C4CCCCC34)C2)CC1
C1CCC(CCCC2CC(C3CCC4CCCCC4C3)C3CCCCC23)CC1
C1CCC(C(CCC2CCC3CCCCC32)C2CCCC(CC3CCCC3)C2)CC1
C(CCCC1CCCC(CC2CCCCC2)C1)CCCC1CC2CCCCC2C1
C1CCC(CCCCC2CCC(CC3CCCCC3)CC2C2CCC3CCCC3C2)CC1
C1CCC(C2CCC(CCCC3CCCC(C4CCCCC4)C3)CC2)CC1
C1CCC(CC2CCCC(CCC3CCC(CC4CC4)CC3C3CCCCC3)C2)CC1
C1CCC(C2CCCCC2C2CCCC(C3CCC(C4CCC(C5CCC5)CC4)CC3)C2)CC1
C1CCC(C2CCCC(C3CCCCC3)C2)CC1
C1CCC(CC2CCCC(CCCC3CCC(CC4CCCC4)CC3)C2)CC1
C1CCC(C2CCC(CCC3CCC(C4CCC5CCCC5C4)CC3)CC2)CC1
C1CCC(CC2CCC(CC3CCCC(CC4CCC(C5CCCCC5)CC4)C3)CC2)CC1
C1CCC(CC2CCC(CC3CCCCC3)CC2)CC1
C1CCC(CC2CCCC(C3CCCC(CCC4CCC(CC5CC5)CC4)C3)C2)C1
C1CCC(CC2CC(CCC3CCC(C4CC4)CC3C3CCC4CCCC4C3)C3CCCCC23)CC1
C1CCC(C2CCCCC2CC2CCC(CC3CCC4CCCC4C3)CC2)CC1
C1CCC(C2CC(C3CCCCC3)CC(C3CCC4CCCCC43)C2)CC1
C1CCC(CCC2CCCC(C3CC(CC4CCCC(CC5CCCCC5)C4)C4CCCCC43)C2)CC1
C1CCC(C2CCC(C3CCCC(CC4CCCC5CCCCC54)C3)CC2)CC1
C1CCC(CC2CCC(CC3CCC(C4CCCC(C5CCCCC5)C4)CC3)CC2)CC1
C1CCC(CC2CCC(CCCCCC3CCC(C4CCCCC4)C3)CC2)CC1
C1CCC(C2CCC(C3CCC(C4CC5CCCCC5C4)CC3)C2)C1
C1CCC(CCC2CCCC(CC3CCCCC3CC3CCCCC3)C2)CC1
C1CCC(CC2CCC(CCCC3CCCC(C4CCCCC4)C3)CC2)CC1
C1CCC(CCCCC2CCCC3CC(C4CCCCC4C4CCCCC4CC4CCCCC4)CCC23)CC1
C1CCC(CC2CCCC(C3CCCC4CC(C5CCCCC5C5CCC5)CCC43)C2)CC1
C1CCC(C2CCC(C3CCC4CC(C5CCC6CCCCC65)CCC43)CC2)CC1
C1CCC(C2CCC(CC3CCC(C4CCCC4)CC3)CC2C2CCC2)CC1
C1CCC(CCCCC2CCC(C3CCCC(C4CCCCC4C4CCCCC4)C3)CC2)CC1
C1CCC(CCC2CCC(CC3CCC(C4CCC(CCC5CCC(C6CCCCC6)C5)CC4)CC3)CC2)CC1
C1CCC(C2CCCC(CCC3CCC(C4CCCCC4)CC3C3CCCC3)C2)CC1
C1CCC(CC2CCC(CC3CCC(CC4CCC5CCCCC54)CC3)CC2)CC1
C1CCC(CC2CCCC(CC3CC(CC4CC4)CCC3C3CCCCC3)C2)CC1
C1CCC(C2CCCCC2)CC1
C1CCC(CC2CCCC(C3CCC(C4CCC5CCCC5C4)CC3)C2)CC1
C1CCC(CC2CCC(C3CCCC(C4CCC(C5CCCCC5)CC4)C3)CC2)CC1
C1CCC(C2CCCC(CC3CCCC(C4CCC(C5CC5)CC4C4CCCC4)C3)C2)CC1
C1CCC(CC2CCC(C3CCCCC3)CC2)CC1
C1CCC(CC2CCC(CC3CCC(C4CCCCC4)CC3C3CCCCC3)CC2)CC1
C1CCC(CCCC2CCCCC2)CC1
C1CCC(CCC2CCC(C3CCCC(C4CCCCC4)C3)CC2)CC1
C1CCC(CC2CCC(CCC3CCCC(C4CCCCC4)C3)CC2)CC1
C1CCC(CC2CCC(CCCC3CCC(C4CCCC4)CC3)CC2)CC1
C1CCC(CC2CCCCC2C2CC(CC3CCCC(C4CCCCC4)C3)C3CCCCC32)CC1
C1CCC(C2CCC3C(C4CCC(CC5CC6CCCCC6C5)CC4)CCCC23)CC1
C1CCC(CCCC2CC(C3CCC(CC4CCCCC4)CC3)C3CCCCC23)CC1
C1CCC(C2CC(C3CCC(C4CCC(C5CCC5)CC4)CC3)C3CCCCC23)CC1
C(CCC1CCC(CC2CCC(C3CCCC3)CC2)CC1)CCC1CC2CCCCC2C1
C1CC(CC2CCCCC2C2CCC2)CC(C2CCC(C3CCCC3)C(C3CCCC3)C2)C1
C1CCC(CC2CCC(CCC3CCCC(CC4CCCCC4)C3)CC2)CC1
C1CCC(C2CCC(C3CC3)CC2C2CCCCC2)CC1
C1CCC(CCC2CC(C3CCCCC3)CC(C3CCCCC3)C2)CC1
C1CCC(CCC2CCC(CCCC3CCCC(CCC4CCC(C5CCC5)CC4)C3)CC2)CC1
C1CCC(C2CCC(C3CCCC3C3CCC(C4CCC(C5CCCC5)CC4)CC3)CC2)CC1
C1CCC(CCC2CCCC(CC3CCCCC3)C2)CC1
C1CCC(CC2CCCC(CCC3CCC(CCCC4CC5CCCCC5C4)CC3)C2)CC1
C1CCC(C2CC(C3CCC3)CC(C3CCCC(C4CC4)C3)C2)CC1
C1CCC(CC2CCC(CC3CCC(C4CCCCC4)CC3)CC2)CC1
C1CCC(CC2CCC(C3CCCCC3C3CCCCC3)CC2)CC1
C1CCC(CC2CCC(CC3CCC(C4CCCC(C5CCCCC5C5CCCC5)C4)CC3)CC2)CC1
C1CCC(CCC2CCC(CCCC3CCCC(C4CCC4)C3)CC2)CC1
C1CCC(CCCCC2CCC(C3CCC3)C(C3CCCCC3)C2)CC1
C1CCC(CC2CCCC(CC3CCCCC3C3CCCCC3C3CCCCC3)C2)CC1
C1CCC(C2CC(C3CCCCC3)C(C3CCCCC3)C3CCCC23)CC1
C1CCC(CC2CCC(C3CCCCC3)CC2)CC1
C1CCC(C2CCCC(CC3CCC(C4CC(C5CCC6CCCCC6C5)C5CCCCC45)CC3)C2)CC1
C1CCC(CCC2CCCCC2)CC1
C1CCC(CC2CCCCC2C2CCCC(C3CCCCC3)C2)CC1
C1CC(CC2CCC(C3CCC(C4CCCC(C5CCC6CCCC6C5)C4)CC3)CC2)C1
C1CCC(CC2CCC(C3CCCC(CC4CCCC(C5CCCCC5)C4)C3)CC2)CC1
C1CCC(CCCC2CCC(CC3CCCCC3)CC2)CC1
C1CCC(CCC2CC3CCCCC3C(C3CCCCC3)C2)CC1
C1CCC(CCC2CCCC(C3CCCC(C4CCCC4)C3)C2)CC1
C1CCC(C2CCCC(C3CCC(CCC4CC(C5CCCCC5)C5CCCCC45)C3)C2)CC1
C1CCC(C2CCCC(C3CCC(C4CCCC(CC5CC6CCCCC6C5)C4)CC3)C2)CC1
C1CCC(CC2CCCCC2)CC1
C1CCC(CCC2CCCC(CC3CCCCC3)C2)CC1
C1CCC(CC2CCC(C3CCCC(C4CCCCC4)C3)CC2)CC1
C1CCC(CCCC2CCC(C3CCC(C4CCCC4)CC3)CC2)CC1
C1CCC(CCC2CCCC(CCC3CCCC(C4CCCC5CC(C6CCCCC6)CCC54)C3)C2)CC1
C1CCC(CCC2CCC(CCC3CCC(CC4CCCCC4)CC3)CC2)CC1
C1CC2CCC(C3CCCC(C4CCCC4C4CCCCC4CCC4CC4)C3)CC2C1
C1CCC(CCC2CCCC(CCC3CCC4CCCC(C5CCCCC5)C4C3)C2)CC1
C1CCC(CC2CCCC(C3CCCCC3)C2)CC1
C1CCC(CCCC2CCC(CC3CCCCC3)CC2)CC1
C1CCC(C2CCC(C3CCCCC3)C(C3CCCC4CCCCC43)C2)CC1
C1CCC(CCCC2CCC(CC3CCCCC3)C(CCC3CCCCC3C3CCCCC3)C2)CC1
C1CC(C2CCC(CCCC3CCCC4CCCCC43)CC2)C1
C1CCC(C2CCC(C3CCC(CC4CCCC4)CC3)CC2)CC1
C1CCC(CC2CCC(C3CCCCC3)CC2C2CCCCC2)CC1
C1CCC(C2CCC(CCC3CCC(CC4CCCCC4C4CCCCC4)CC3)CC2)CC1
C1CCC(CCC2CCC(CC3CCCCC3)C(CCCC3CCCC3)C2)CC1
C1CCC(C2CCCC(C3CCCCC3)C2)CC1
C1CCC(CC2CCCC(C3CCCCC3C3CCCC3)C2)CC1
C1CCC(C2CCCC(CC3CCCC4CC(C5CCCCC5C5CCCCC5)CCC34)C2)CC1
C1CCC(CCC2CCC(CC3CCC(CC4CC5CCCCC5C4)CC3)CC2)CC1
C1CCC(CC2CCCC(C3CCCCC3)C2)CC1
C1CCC(C2CCC(C3CCC(C4CC5CCCCC5C4)C3)CC2C2CCCCC2)CC1
C1CCC(CCCC2CCC(CC3CCCCC3)CC2)CC1
C1CCC(CCC2CCC(CCC3CCCC(CC4CCC5CCCCC54)C3)CC2)CC1
C1CCC(C2CCCC(CCC3CCC4CCCCC4C3)C2)CC1
C1CCC(CCC2CC(C3CCCCC3)CCC2C2CCCCC2)CC1
C1CCC(CC2CCCC(CCC3CCCC4CCCCC43)C2)CC1
C1CCC(CC2CCC(C3CCCC(C4CCCCC4)C3)C2)CC1
C1CCC(CC2CCCCC2C2CCCCC2)CC1
C1CCC(C2CCC(CC3CC3)CC2CCCC2CCCC(CC3CC3)C2)CC1
C1CCC(CCCC2CCC(CC3CCCCC3)CC2)CC1
C1CCC(C2CCCC(CCC3CCCC3)C2)CC1
C1CCC(CC2CCCCC2C2CCCCC2)CC1
C1CCC(CCCCC2CC3CC(C4CCC(CC5CCCCC5)CC4)CCC3C(C3CC3)C2)CC1
C1CCC(CC2CCCC(C3CCCC3)C2)CC1
C1CCC(CCC2CCC(C3CCCCC3)C(C3CCCCC3)C2)CC1
C1CCC(C2CCCC(C3CCCC4CC(C5CCCCC5)CCC43)C2)CC1
C1CCC(C2CCCC(C3CCCC(C4CCCCC4)C3)C2)CC1
C1CCC(CCC2CCC(C3CCCCC3C3CCCC3)CC2)CC1
C1CCC(CCC2CCCCC2C2CCC3CCC(C4CCC4)CC3C2)CC1
C1CCC(CC2CCCC(C3CC(CC4CCCC4)C4CCC(C5CCCCC5)CC43)C2)CC1
C1CCC(C2CC(C3CCCCC3)C(C3CCCCC3)C(C3CCCC3)C2)CC1
C1CCC(C2CCC(C3CCCCC3C3CCCCC3)CC2)CC1
C1CCC(CCC2CCC(CC3CCCCC3)CC2)CC1
C1CCC(C2CCC(CC3CC(C4CCCCC4)C4CCCCC34)CC2)CC1
C1CCC(CCCC2CCCC(C3CCCCC3)C2)CC1
C1CCC(CC2CCC(CC3CCCCC3)CC2)CC1
C1CCC(C2CCC3C(C2)CC(C2CCC4CCCCC42)CC3C2CCCCC2)CC1
C1CCC(CCCCC2CCC(C3CC(CC4CCCCC4)C4CCCCC43)CC2)CC1
C1CCC(CC2CCCCC2C2CCC3C(CCCC3C3CCC3)C2)CC1
C1CCC(C2CCCCC2C2CCCCC2)CC1
C1CCC(CCC2CCCC(C3CCCCC3)C2)CC1
C1CCC(C2CCC(CC3CCC(CCC4CCC5CCCC5C4)CC3)CC2C2CCCC2)CC1
C1CCC(CC2CC(C3CCCCC3)CC(C3CCCC3)C2)CC1
C1CCC(CC2CCC(CC3CCC(CC4CCCC4)CC3)CC2)CC1
C1CCC(C(C2CCCCC2)C2CCCC(C3CC(CC4CCCC4)C4CCCCC43)C2)CC1
C1CCC(CCC2CCCC(C3CCCCC3C3CCC(C4CCCC4)CC3)C2)CC1
C1CCC(CC2CCC(C3CCC(C4CCCCC4)CC3)CC2)CC1
C1CCC(CC2CC(CC3CCCCC3)C3CCCCC23)CC1
C1CCC(CCC2CCCC(CC3CCCC(CCC4CCCC5CCCCC54)C3)C2)CC1
C1CCC(CC2CCC(C3CCCC(CCC4CC4)C3)CC2)CC1
C1CCC(C2CCCC(C3CCC(C4CCCC(CC5CC6CCCCC6C5)C4)CC3)C2)CC1
C1CCC(CCC2CCC(C3CCCCC3CC3CCCCC3CCC3CCCCC3)CC2)CC1
C1CCC(C2CCC(CC3CCCC(CCCC4CC5CCCCC5C4)C3)CC2)CC1
C1CCC(CCCCC2CCC(C3CCCC(CCC4CCCCC4)C3)CC2)CC1
C1CCC2C(C1)CCC2C1CCCC2CCCC(C3CCC4CCCCC43)C21
C1CCC(CC2CC(C3CCCCC3)CCC2C2CCC3C(CCCC3C3CCCCC3)C2)CC1
C1CCC(C2CCCCC2C2CCCCC2C2CCCC2)CC1
C1CCC(C2CCC(C3CCC(CCCCC4CC4)CC3)CC2)CC1
C1CCC(CCCCC2CCC(CC3CCCC(C4CCCCC4)C3)CC2)CC1
C1CCC(CC2CCCC(CCC3CCCC(C4CCCCC4)C3)C2)CC1
C1CCC(CCCC2CCC(C3CCCCC3)CC2)CC1
C(CCCC1CCC(CC2CCCCC2)CC1)CCC1CCCCC1
C1CCC(CCC2CCCCC2C2CCC(CC3CCCCC3)CC2)CC1
C1CCC(CC2CCCCC2C2CCCCC2CC2CC2)CC1
C1CCC(CCCC2CCC(C3CCCCC3)CC2)CC1
C1CCC(CC2CCC(C3CCCCC3)CC2)CC1
C1CCC(CCCC2CCCCC2C2CCC(C3CCC4CCCCC43)CC2)CC1
C1CCC(CCC2CCC(C3CCC(C4CCCCC4)C3)CC2)CC1
C1CCC(CCCCCC2CCCCC2CC2CCCC(C3CCCCC3)C2)CC1
C1CCC(CCC2CCC(CCCCC3CCC(C4CCC(C5CCCCC5)C4)CC3)CC2)CC1
C1CCC(C2CCC(C3CC(C4CCC5CCCC5C4)CC3C3CCCCC3)CC2)CC1
C1CCC(CCC2CCC(CC3CCCCC3)CC2)CC1
C1CCC(C2CCCCC2)CC1
C1CCC(CCC2CCCC(C3CCCCC3)C2)CC1
C1CCC(CCC2CCCCC2C2CCCCC2)CC1
C1CCC(CC2CCC(C3CCC(CC4CCCCC4)CC3)CC2)CC1
C1CCC(CC2CCC(C3CCC(C4CCCC(C5CCCC5)C4)CC3)CC2)CC1
C1CCC(CC2CCCCC2C2CCCCC2)CC1
C1CCC(CC2CCC(C3CCCCC3)CC2)CC1
C1CCC(CC2CCC(C3CCCCC3C3CCCCC3)CC2)CC1
C1CCC(CCCC2CCC(C3CCCCC3)CC2)CC1
C1CCC(C2CCC(CC3CCCC(C4CCC(C5CCCC5)CC4)C3)C2)CC1
C1CCC(CC2CCC(C3CCC(C4CC5CCCCC5C4)CC3)CC2)CC1
C1CCC(C2CCC(C3CCCC(C4CCCCC4)C3)CC2)CC1
C1CCC(CC2CCCC(C3CCCC(C4CCCCC4)C3)C2)CC1
C1CCC(CCC2CCCCC2C2CCCCC2)CC1
C1CCC(C2CCCC(C3CCCC(CC4CCC5CCCCC54)C3)C2)CC1
C1CCC(CC2CCCC(C3CCCC(CC4CCCCC4)C3)C2)CC1
C1CCC(CC2CCCC(C3CCCCC3)C2)CC1
C1CCC(CC2CCCC(C3CCCC(CC4CCCCC4)C3)C2)CC1
C1CCC(CC2CCC(C3CCCCC3)CC2)CC1
C1CCC(C2CCCC(C3CCCCC3)C2C2CC2)CC1
C1CCC(CCC2CCCCC2C2CCCCC2)CC1
C1CCC(C2CC(CCC3CCCC(CCC4CC5CCCCC5C4)C3)CC3CCCCC32)CC1
C1CCC(CCCCC2CCC(CC3CCCCC3CCC3CCCCC3)CC2)CC1
C1CCC(CCCCC2CCC(C3CCC(C4CCCCC4)CC3)CC2)CC1
C1CCC(CC2CCC(CC3CCCC(C4CCCC4)C3)CC2)CC1
C1CCC(CC2CCCC(C3CCC(C4CCCCC4C4CCCC4)C3)C2)CC1
C1CCC(CCC2CCC(C3CCCC(C4CCC(C5CCCCC5)CC4)C3)CC2)CC1
C1CCC(C2CCCC(CC3CCCC(C4CCCC4)C3)C2)CC1
C1CCC(CC2CCC(C3CCCCC3)CC2)CC1
C1CCC(CC2CC(CC3CCC(C4CCCCC4)CC3)C3CCCCC23)CC1
C1CCC(CC2CC(CC3CCCC(C4CCCCC4)C3)C3CCCCC23)CC1
C1CCC(CCCCCC2CCCC(C3CCCCC3)C2)CC1
C1CCC(CC2CCCCC2C2CCCCC2C2CCC3CCCC3C2)CC1
C1CCC(CCCC2CCCCC2)CC1
C1CCC(C2CCCC(C3CCCCC3CC3CCCC3)C2)CC1
C1CCC(CC2CCCCC2CC2CCCCC2)CC1
C1CCC(CCC2CCC(CC3CCCCC3)CC2)CC1
C1CCC(C2CCCC(CC3CCC(CCCC4CCCC4)CC3)C2)CC1
C1CCC(CC2CC(C3CCCCC3)CC(C3CCCCC3)C2)CC1
C1CCC(CC2CCC(CC3CCC(C4CCCC(C5CCCCC5)C4)CC3)CC2)CC1
C1CCC(CCC2CCCC(CC3CC4CCCCC4C3)C2)CC1
C1CCC(C2CCCC(C3CCCC(CC4CCCC(C5CCCC5)C4)C3)C2)CC1
C1CCC(CC2CCCCC2C2CCC3CCC(C(C4CCCCC4)C4CCCCC4)C3C2)CC1
C1CCC(C2CCC(CC3CCCC(C4CCCCC4)C3)CC2)CC1
C1CCC(CC2CCC(C3CCCCC3C3CCC(C4CCCCC4)CC3)CC2)CC1
C1CCC(CC2CCCC(CC3CCCC3)C2)CC1
C1CCC(CCC2CCC(CCC3CCCCC3C3CCCCC3)CC2)CC1
C1CCC(CC2CCC(CCCC3CCCCC3C3CCCCC3)CC2)CC1
C1CCC(CC2CCCC(C3CCCC(C4CCC5CCCCC5C4)C3)C2)CC1
C1CCC(C2CCCCC2CC2CCCC(CC3CCC3)C2)CC1
C(CCC1CCC(C2CCCCC2)CC1)CCC1CCCC(C2CCCCC2)C1
C(CC1CCC(C2CCC(C3CC3)CC2)CC1)CC1CCC(C2CCC3CCCCC3C2)CC1
C1CCC(C2CCCC(C3CCCC(C4CCCCC4)C3)C2)CC1
C1CCC(CCCCC2CCC(CC3CCCCC3)CC2CCC2CCCCC2)CC1
C1CCC(CC2CCC(C3CCCCC3C3CCCCC3CC3CCCCC3)CC2)CC1
C1CCC(C2CCC(CC3CCCCC3C3CCC(C4CCC5CCCC5C4)CC3)CC2)CC1
C1CC2CCC(C3CCCCC3C3CCC(C4CCCCC4C4CCCC4)CC3)CC2C1
C1CCC(CC2CCC(CC3CCC(C4CCCC4)CC3)CC2)CC1
C1CCC(CCCCC2CCCCC2)CC1
C1CCC(C2CCC(C3CCCC(C4CCCCC4)C3)CC2)CC1
C1CCC(C2CCCC(C3CCC(C4CCCCC4C4CCC5CCCCC5C4)CC3)C2)CC1
C1CCC(CCC2CCCCC2)CC1
C1CCC(CC2CCC(CC3CCC(C4CCCCC4)CC3)CC2)CC1
C1CCC(CC2CCC(CC3CCCCC3C3CCC(C4CCCCC4)C(C4CCCC4)C3)C2)CC1
C1CCC(C2CCCC(CCC3CCCC3)C2)CC1
C1CCC(CC2CCC(CC3CC4CCCCC4C3)CC2)CC1
C1CCC(C2CCCC(CCCC3CCC(CCCCC4CC4)CC3)C2)CC1
C1CCC(CC2CCCC(C3CCCC3CCC3CCCCC3C3CCCCC3)C2)CC1
C1CCC(CC2CCCC(CC3CCCCC3CC3CCCCC3)C2)CC1
C1CCC(CC2CCC(CC3CCC(C4CCCCC4)CC3)CC2)CC1
C1CCC(CC2CCC(CC3CCCCC3)CC2)CC1
C1CCC(CC2CCC3CC(C4CCCCC4)CCC3C2)CC1
C1CCC(CC2CCC(C3CC(CC4CCCCC4)C4CCCCC43)CC2)CC1
C1CCC(C2CCC(CC3CCC(C4CCCCC4C4CCCCC4)CC3)CC2)CC1
C1CCC(CC2CCC3CCCC(C4CCCCC4)C3C2)CC1
C1CCC(C2CCC(CCC3CCC(CCCC4CC4)CC3)CC2)CC1
C1CCC(CCCC2CCC(CCC3CCCCC3)CC2)CC1
C1CCC(CC2CCCC(CCCC3CC(C4CCC5CCCCC54)CC4CCC(C5CC5)CC34)C2)CC1
C1CCC(CC2CCCC(C3CCCCC3)C2)CC1
C1CCC(CC2CCCCC2CC2CCCCC2)CC1
C1CCC2CC(C3CCCC(C4CC5CCC(C6CCCCC6C6CCCC6)CC5C4)C3)CCC2C1
C1CCC(C2CCCC(C3CCC3)C2)CC1
C1CCC(C2CCC(CC3CCC(CC4CCCC4)CC3)CC2)CC1
C1CCC(CC2CCCC(C3CCC(C4CCCC4)CC3)C2)CC1
C1CCC(CCCC2CC(C3CCCCC3)CC(C3CCCC3)C2)CC1
C1CCC(C2CCCC(CCC3CC4CCCCC4C3)C2)CC1
C1CCC(C2CCC(CCC3CCC4CCCCC4C3)CC2C2CCCCC2)CC1
C1CCC(CC2CCCC(C3CCCC(CC4CCCCC4C4CCCC4)C3)C2)CC1
C1CCC(CC2CCC(C3CCCC3)CC2C2CCCCC2)CC1
C1CCC(C2CCCCC2C2CCC3CCCCC3C2)CC1
C1CCC(C2CCCCC2)CC1
C1CCC(CCC2CCC(C3CCCCC3)CC2)CC1
C1CCC(C2CCC(CCC3CCCC(C4CCCCC4)C3)CC2)CC1
C1CCC(CCC2CCC(CC3CC(CC4CC5CCCCC5C4)CCC3C3CCCC3)CC2)C1
C1CCC(CCCC2CCC(C3CCC(C4CCC(CC5CCCC5)CC4)CC3)CC2)CC1
C1CCC(CC2CCCCC2CC2CCCCC2)CC1
C1CCC(CCC2CCC(CCCCCC3CC4CCCCC4C(C4CCCCC4)C3)CC2)CC1
C1CCC(CC2CCCC(C3CCCC(C4CCCCC4)C3)C2)CC1
C1CCC(C2CCC(CC3CCC(CC4CC5CCCCC5C4)CC3)CC2)CC1
C1CCC(CC2CCC(CC3CCCCC3)C(CC3CCCCC3)C2)CC1
C1CCC(CCC2CCC(C3CCCCC3C3CCC4CCCC4C3)CC2)CC1
C1CCC(CC2CC(CC3CCC(C4CCCC4)CC3)CCC2C2CCCCC2)CC1
C1CCC(CC2CCC3CC(C4CCCC(C5CCCCC5)C4)CCC3C2)CC1
C1CCC(C2CCC(CCC3CCCC(C4CCCCC4)C3)CC2)CC1
C1CCC(C2CCCC(C3CCC4CCCCC4C3)C2)CC1
C1CCC(CCC2CC(CC3CCCCC3)CCC2CC2CCCCC2)CC1
C1CCC(CC2CCCC(C3CCCC(C4CC(C5CCCCC5)C4)C3)C2)CC1
C1CCC(CCC2CCC(C3CCCCC3)CC2C2CCCCC2C2CCC3CCCC3C2)CC1
C1CCC(CCCC2CCCC(C3CCC(C4CCC(CC5CCCCC5)CC4)CC3)C2)CC1
C1CCC(C2CCC(CCCC3CCCC(C4CCCCC4)C3)CC2)CC1
C1CCC(CC2CCC(C3CCCC3)CC2)CC1
C1CCC(CCC2CCCCC2)CC1
C1CCC(C2CCC(C3CCCC(C4CCCCC4)C3)CC2)CC1
C1CCC(CC2CCC(CC3CCCCC3)CC2)CC1
C1CCC(CCC2CCCCC2C2CCCCC2)CC1
C1CCC(CCC2CCCC(CCC3CCCCC3)C2)CC1
C1CCC(CC2CC(CC3CCC(C4CCC5CCCCC5C4)CC3)C3CCCCC23)CC1
C1CCC(CC2CCC(CC3CCC(C4CCCCC4)C3)CC2C2CCC(C3CCCCC3)C2)CC1
C1CCC(C2CCCC(C3CCCC(CCC4CCCC4)C3)C2)CC1
C1CCC(CC2CCCCC2C2CCCC(CC3CCC4CCCCC43)C2)CC1
C1CCC(C2CCCC(C3CCC(C4CCCC4)CC3)C2)CC1
C1CCC(CCC2CCC(CC3CCCCC3)CC2)CC1
C1CCC(CC2CCC(CC3CCCC(C4CCC(C5CCCCC5C5CCCC5)CC4)C3)CC2)CC1
C1CCC(CCC2CCC(CC3CCC4CC(CC5CCCCC5)CCC34)CC2)CC1
C1CCC(CC2CCC(C3CCC(CC4CCCCC4)CC3)CC2)CC1
C1CCC(CC2CCCCC2C2CCCC(C3CCCCC3)C2)CC1
C1CCC(CC2CCCC(C3CCC(C4CCCC4)CC3)C2)CC1
C1CCC(C2CCCC(C3CCC(C4CCCCC4C4CCCCC4)CC3)C2)CC1
C1CCC(CCCCCC2CCC(CC3CCC(CCCC4CCC4)CC3)CC2)CC1
C1CCC(CCCC2CCCCC2)CC1
C1CCC(C2CCCCC2C2CCC(CC3CC3)C(C3CCC4CCCC4C3)C2)CC1
C1CCC(C2CCC(CC3CCC(CC4CCCC4)CC3)CC2)CC1
C1CCC(CC2CC(C3CCCCC3CC3CCCCC3)C3CCCCC23)CC1
C1CCC(C2CCC(C3CCCCC3)CC2)CC1
C1CCC(CCC2CCC(C3CCCCC3)CC2CCCC2CC2)CC1
C1CCC(C2CCC(C3CCC3)CC2)CC1
C1CCC(C2CCC(C3CCCCC3)CC2)CC1
C1CCC(C2CCCC(C3CCCCC3)C2)CC1
C1CCC(CCC2CCC(CC3CCC(C4CCCCC4)CC3)CC2)CC1
C1CCC(C2CCC(C3CCCCC3)CC2)CC1
C1CCC(C2CCCCC2)CC1
C1CCC(C2CCC3CC(C4CCCC(C5CC5)C4)CCC32)CC1
C1CCC(C2CCC(C3CCCC4CC(C5CCCCC5)CCC43)CC2)CC1
C1CCC(C2CCC(CC3CCC(C4CCCCC4)CC3)CC2)CC1
C1CCC(CC2CC(C3CCCCC3)C3CC(C4CCCCC4)CCC23)CC1
C1CCC(CC2CCC(C3CC3)CC2)CC1
C1CCC(CCC2CCC(C3CCCCC3C3CCCCC3)CC2)CC1
C1CCC(CCC2CCC(C3CCCC(CC4CCCCC4)C3)CC2)CC1
C1CCC(CCCC2CCC(CC3CCCCC3)CC2)CC1
C1CCC(CCCC2CCCC(CCCC3CCCC(CC4CCCCC4)C3)C2)CC1
C1CCC(C2CC(C3CCCCC3)C3CC(CCC4CCCC4)CCC23)CC1
C1CCC(CCCC2CCCC(CC3CCC4CCC(C5CCCCC5)C4C3)C2)CC1
C1CCC(CC2CCC(CC3CCCC(C4CCCCC4)C3)C2)CC1
C1CCC(CCC2CCC(CC3CCCC(CC4CCCC4)C3)CC2)CC1
C1CCC(CCC2CCCC(C3CCC(C4CCCCC4)CC3)C2)CC1
C1CCC(CC2CCCC(C3CCCCC3)C2)CC1
C1CCC(CC2CCCC(CC3CCCCC3)C2)CC1
C1CCC(C2CCC(CC3CC(CC4CCC5CCCCC5C4)C4CCCCC34)CC2)C1
C1CCC(C2CCC(C3CCC4CCCC4C3)CC2)CC1
C1CCC(C2CC(C3CCC4CCCCC43)CC3CCCCC32)CC1
C1CCC(CC2CCC(C3CCC(C4CCCCC4)CC3)CC2)CC1
C1CCC(CCCC2CCC(CC3CCCC3)CC2)CC1
C1CCC2CC(C3CCCC(CCC4CCCC5CCCCC54)C3)CCC2C1
C1CCC(CC2CCC(CCCC3CCCC(CC4CCCCC4)C3)CC2)CC1
C1CCC(CCC2CCCC(C3CCCC(CC4CCCCC4)C3)C2)CC1
C1CCC(CC2CCC(CC3CCC(CC4CCCC(CC5CCCCC5)C4)CC3)CC2)CC1
C1CCC(C2CCCC(CCCC3CCC(CC4CCC(C5CCCC5)CC4)CC3)C2)CC1
C1CCC(C2CCC(C3CC(C4CC5CCCCC5C4)C4CCCCC34)CC2)CC1
C1CCC(CC2CCC(CC3CCCC(CC4CCCCC4)C3)CC2)CC1
C1CCC(CCC2CC(C3CCCCC3)CC(C3CCCCC3)C2)CC1
C1CCC(CC2CCCC(C3CCCCC3)C2)CC1
C1CCC(CCCC2CC(CC3CCCCC3)C3CCCCC23)CC1
C1CCC(C2CCCC(C3CCCCC3)C2)CC1
C1CCC(CC2CCC(C3CC(C4CCCCC4)CC(C4CCCCC4)C3)CC2)CC1
C1CCC(CC2CCC(CC3CCCCC3)CC2)CC1
C1CCC(CCC2CCCCC2)CC1
C1CCC(C2CCCCC2C2CCCC(C3CCC3)C2)CC1
C1CCC(C2CCC(C3CCCCC3C3CCC4CCCC4C3)C(C3CCCCC3)C2)CC1
C1CCC(CC2CCC(CC3CCC(CC4CCCCC4)CC3)CC2)CC1
C1CCC(C2CCCC(C3CCC(CC4CCCC4)CC3C3CCCCC3)C2)CC1
C1CCC(CC2CCC(C3CCC(CCC4CCC(C5CCC6CCCCC65)CC4)CC3)CC2)C1
C1CCC(CCC2CCC(C3CCCC(C4CCCCC4)C3)CC2)CC1
C1CCC(CC2CCCCC2CCC2CCC(C3CCCC3)CC2)CC1
C1CCC(CCC2CCCC(C3CCCC(C4CCCC4)C3)C2)CC1
C1CCC(CCCCC2CCCCC2CC2CCCCC2)CC1
C1CCC(CC2CCC(C3CCC(C4CCCCC4)CC3)CC2)CC1
C1CCC(C2CCC(CC3CCCCC3C3CCC4CCCC4C3)CC2)C1
C1CCC(C2CCC3CCCC3C2)CC1
C1CCC(CC2CCC(C3CCCC(CC4CCCC(C5CCCCC5)C4)C3)CC2)CC1
C1CCC(C2CCCCC2CC2CCC(C3CCCC3)CC2)CC1
C1CCC(CCC2CCC(CCCC3CC(CC4CCCCC4)C4CCCCC34)CC2)CC1
C1CCC(C2CCC(CCC3CCC4CC(C5CCC6CCCCC65)CC(C5CCCCC5)C4C3)CC2)CC1
C1CCC(CCC(C2CCCCC2)C2CCC2)CC1
C1CCC(CC2CCC(CCCC3CCCC(C4CCCCC4)C3)CC2)CC1
C1CCC(CC2CCC(CCC3CCC4CCCCC4C3)CC2)CC1
C1CCC(CC2CC3CCCCC3C2)CC1
C1CCC(C2CC(CCC3CC4CCCCC4C3)CC(C3CCCCC3)C2)CC1
C1CCC(CCC2CC(C3CCCC(C4CCC4)C3)C3CCCCC23)CC1
C1CCC(C2CCC(C3CCCCC3)CC2)CC1
C1CCC(C2CCC(C3CCCCC3)CC2)CC1
C1CCC(C2CCCC(C3CCCCC3)C2)CC1
C1CCC(CC2CCCCC2C2CCCCC2)CC1
C1CCC(CC2CCC(CC3CCCCC3C3CCCC3)CC2)CC1
C1CCC(C2CCCCC2CCCC2CCCC(C3CCC3)C2)CC1
C1CCC(CC2CCC(CC3CCCCC3)C(CCCCC3CC4CCCCC4C3)C2)CC1
C1CCC(CC2CC(C3CCCCC3C3CCCC3)C3CCCCC23)CC1
C1CCC(CC2CCC(CC3CCC(C4CCCCC4)C3)CC2C2CCCCC2)CC1
C1CCC(CCCC2CC(C3CCCCC3)CC(C3CCCC3)C2)CC1
C1CCC(CC2CCCC(C3CCCCC3)C2)CC1
C(CCC1CCCC(C2CCCC3CCCCC32)C1)CC1CCC2CCCCC2C1
C1CCC(C2CCCC(C3CCCC(C4CCCC4)C3)C2)CC1
C1CCC(C2CCC(C3CCC(C4CCC4)CC3)CC2)CC1
C1CCC(CCC2CCC(CCCC3CCC4CCCCC4C3)CC2)CC1
C1CCC(CCCCC2C(CCC3CCCCC3)CCCC2C2CCCCC2)CC1
C1CCC(CCC2CCC(C3CCC(C4CCCCC4)CC3)CC2)CC1
C1CCC(C2CCCC(CC3CCCCC3C3CCCC(C4CCCCC4)C3)C2)CC1
C1CCC(CC2CCC(CC3CCCCC3)CC2)CC1
C1CCC(CC2CCC(C(C3CCCCC3)C3CCCCC3)CC2)CC1
C1CCC(CCC2CCC(C3CCCCC3C3CCCCC3)CC2C2CCCCC2)CC1
C1CCC(CC2CCC3CC(C4CCC5CCCCC54)CCC3C2)CC1
C1CCC(CC2CC(C3CCCCC3)C3CCCCC23)CC1
C1CCC(C2CCCCC2CCCCC2CC3CCCCC3C2)CC1
C1CCC(CC2CCC(C3CCC(C4CCCC4C4CCCCC4)CC3)CC2)CC1
C1CCC(C2CCC(CCC3CCC(C4CCCCC4)CC3)CC2)CC1
C1CCC(C2CCCCC2C2CCC(C3CCCCC3C3CCCCC3)C2)CC1
C1CCC(CC2CCC(CC3CCCCC3C3CC4CCCCC4C3)CC2)C1
C1CCC(CCC2CCCC(CC3CCCCC3)C2)CC1
C1CCC(CC2CCC(CC3CCCCC3)C(C3CCCCC3)C2)CC1
C1CCC(CC2CCCCC2CCCC2CCC(C3CCCCC3)CC2)CC1
C1CCC(CC2CCC3C(CCC3C3CCCC3)C2)CC1
C(CCCC1CCCC(C2CCCCC2)C1)CCCC1CCC2CCCCC12
C1CCC(CCCCC2CCC(CCCCC3CCCCC3)CC2)CC1
C1CCC(C(CC2CCC(CC3CCC(C4CCCC4)CC3)CC2)C2CCCCC2)CC1
C1CCC(CC2CCC3CC(C4CCC5CCCCC54)CC(C4CCCCC4)C3C2)CC1
C1CCC(CCCC2CCCCC2C2CC(C3CCCCC3)C3CCCCC32)CC1
C1CCC(CCC2CC(CC3CCCCC3)CCC2CCC2CCC(CC3CCCC3)CC2)CC1
C1CCC(CC2CCC(C3CCCC(CCC4CC5CCCCC5C4)C3)C2)CC1
C1CCC(CCCC(CCC2CCCC(CC3CC3)C2)C2CCCCC2)CC1
C1CCC(CC2CCC(C3CCCC(C4CCCC(CC5CCCCC5)C4)C3)CC2)CC1
C1CCC(C2CCCC(CCCC3CCC(CC4CCC5CCCC5C4)CC3)C2)CC1
C1CCC(CCCC2CCC(CC3CCCCC3)CC2C2CCCCC2)CC1
C1CCC(CC2CCC(CC3CCCCC3)C(CC3CCCCC3)C2)CC1
C1CCC(CC2CCC(CC3CCC(CCC4CCC5CCCC5C4)CC3)CC2)CC1
C1CCC(CC2CCCC(CC3CCCC(C4CCCCC4)C3)C2)CC1
C1CCC(CC2CCC(C3CCCCC3CC3CCCCC3)CC2)CC1
C1CCC(C2CC(C3CCCCC3)C3CCCCC23)CC1
C1CCC(CCCCCC2CCCC(CCC3CC4CCCCC4C3)C2)CC1
C1CCC(CC2CC3CCC(C4CCC(CC5CCCCC5CC5CCCCC5)C4)CC3C(C3CCCCC3)C2)CC1
C1CCC(C2CCC(CCC3CC4CCCCC4C3)CC2C2CC3CCCCC3C2)CC1
C1CCC(CCC2CCCC(CC3CCC(CC4CCCC4)CC3)C2)CC1
C1CCC(CCCCC2CCCC(C3CCCCC3)C2)CC1
C1CCC(CC2CCC(CC3CCCCC3)CC2)CC1
C1CCC(C2CCCCC2C2CCCCC2)CC1
C1CCC(C2CCC(CC3CCCC3)CC2)CC1
C1CCC(C2CCC3CCCCC3C2)CC1
C1CCC(CC2CCCC(C3CCCCC3)C2)CC1
C1CCC(C2CC(C3CCC4CCCCC43)CC3CCCCC32)CC1
C1CCC(C2CCCC(CC3CC4CCCCC4C3)C2)CC1
C1CCC(C2CCC(CC3CCCC(C4CCCC(C5CCCCC5)C4)C3)CC2)CC1
C1CCC(CC2CCCCC2C2CCC3CCCC3C2)CC1
C1CCC(CC2CCCC(C3CCCCC3)C2)CC1
C1CCC(CCC2CCCCC2)CC1
C1CCC(C2CCC(CCC3CCC(CC4CCC(CCC5CC6CCCCC6C5)CC4)CC3)CC2)CC1
C1CCC(CCCCCC2CCC(CC3CCCCC3)CC2)CC1
C1CCC(CCC2CCC(CCCC3CC(CCC4CCCCC4)C4CCCCC34)CC2)CC1
C1CCC(C2CCC(C3CCCCC3C3CCCC3)CC2)CC1
C1CCC(CC2CCC(C3CCCCC3)CC2)CC1
C1CCC(C2CCCCC2CCC2CC(C3CCCCC3)C3CCCCC23)CC1
C1CCC(CC2CCC(C3CCCCC3)CC2)CC1
C1CCC(CC2CC(CC3CCCC(C4CCCCC4)C3)C3CCCCC23)CC1
C1CCC(C2CCCC(C3CC(CC4CCC4)CC(C4CCC5CCCCC54)C3)C2)CC1
C1CCC(CCCC2CCCCC2C2CCC(C3CC4CCCCC4C3)CC2)CC1
C1CCC(CCCC2CCC(CC3CCC(CCC4CCCCC4)CC3)CC2)CC1
C1CCC(C2CCCCC2CC2CCC(CCC3CC4CCCCC4C3)CC2)CC1
C1CCC(CC2CCC(C3CCC(C4CCCC4)CC3)C(C3CCCC3)C2)CC1
C1CCC(CC2CCC3CC(C4CCCCC4C4CCC5CCCC5C4)CCC23)CC1
C1CCC(CC2CCCC(CC3CCCCC3)C2)CC1
C1CCC(CC2CCCC(C3CCCCC3)C2)CC1
C1CCC(C2CCC(CC3CCC(CCC4CCCCC4C4CCCCC4)CC3)CC2)CC1
C1CCC(CCC2CCCC(C3CCCCC3CCC3CCCC3)C2)CC1
C1CCC2CC(CC3CCC(C4CCCCC4C4CCC5CCCCC54)C3)CC2C1
C1CCC(CCC2CCC(C3CCCC(C4CCCCC4)C3)CC2)CC1
C1CCC(CC2CCCCC2C2CCC(C3CCC4CCCCC43)CC2C2CCCC2)CC1
C1CCC(C2CCCC(CC3CCCC4CC(C5CCCCC5)CCC34)C2)CC1
C1CCC(C2CCC(CCCC3CC(CC4CC4)CC(C4CC5CCCCC5C4)C3)CC2)CC1
C1CCC(C2CC(C3CCCCC3)C3CCCCC23)CC1
C1CCC(C2CCCC(CC3CC(C4CCCCC4)C4CCCCC34)C2)CC1
C1CCC(C2CCC(C3CCCCC3C3CCC4CCCC4C3)C(C3CCCC3)C2)CC1
C1CCC(CCC2CCCC(C3CCC(C4CCCCC4)CC3)C2)CC1
C1CCC(C2CCC(CCC3CCCCC3C3CCCCC3)CC2)CC1
C1CCC(C2CCCC(C3CCCCC3)C2)CC1
C1CCC(CC2CCC(C3CCCCC3)CC2C2CCC3CCCC3C2)CC1
C1CCC(CC2CCC(C3CCC(CC4CCCCC4)CC3)CC2)CC1
C1CCC(CC2CCCC(C3CCC4C(CCC4C4CCCC4)C3)C2)CC1
C1CCC(CC2CCC(CC3CCCC(C4CCCCC4)C3)CC2)CC1
C1CCC(CCCCC2CCC(C3CCCC(C4CCCCC4)C3)CC2)CC1
C1CCC(CCC2CCCC(CC3CCC(C4CCCC4)CC3)C2)CC1
C1CCC(CCC2CCCC(C3CCC(C4CCCCC4)C3)C2)CC1
C1CCC(CCC2CCC(CC3CC(CC4CCCCC4)CC(CC4CCCCC4)C3)CC2)CC1
C1CCC(C2CCC(CC3CC(C4CCCCC4)CCC3C3CCCCC3)CC2)CC1
C1CCC(CCC2CCCCC2C2CCC3CCCC3C2)CC1
C1CCC(CC2CCC(C3CC4CCCCC4C3)C(C3CCCCC3)C2)CC1
C1CCC(CC2CCC(CC3CCCC(CC4CC4)C3)CC2)CC1
C1CCC(CC2CCC(C3CCC4C(CC5CCCCC5)CCCC4C3)CC2)CC1
C1CCC(CC2CCC(C(CC3CCCC3)C3CCCC3)CC2)CC1
C1CCC(CC2CCCC(C3CCCCC3)C2)CC1
C1CCC(C2CCCC(C(CC3CC4CCCCC43)C3CC4CCCCC4C3)C2)CC1
C1CCC(CCCC2CCCC3CC(C4CCC(CCC5CCCCC5)CC4)CCC23)CC1
C1CCC(C2CCCC(C3CCCC(C4CCC5CCCC5C4)C3)C2)CC1
C1CCC(CC2CCC(C3CCCCC3)CC2)CC1
C1CCC(C2CCC(C3CCCCC3C3CCC4CCCC4C3)C(C3CCCCC3)C2)CC1
C1CCC(CC2CCCC(C3CCCCC3)C2)CC1
C1CCC(CC2CCCC(C3CCC4CCCCC4C3)C2)CC1
C1CCC(CC2CCCC(C3CCCCC3)C2)CC1
C1CCC(CCC2CCCC(C3CCC(C4CCCCC4)CC3)C2)CC1
C1CCC(CC2CCCCC2)CC1
C1CCC(CC2CCC(C3CCCC(C4CCCC4)C3)CC2)CC1
C1CCC(CC2CCC(C3CCCCC3C3CCCCC3)CC2)CC1
C1CCC(C2CCC(C3CCC(CC4CCCC4)CC3)CC2)CC1
C1CCC(CCCCC2CCCC(C3CCCC(C4CCCCC4)C3)C2)CC1
C1CCC(CCC2CCC(CCCC3CCCC(C4CCC(CC5CCCC5)CC4)C3)CC2)CC1
C1CCC(CC2CCCC(C3CCC4CC(C5CCCCC5)CC(C5CCCCC5)C4C3)C2)CC1
C1CCC(CC2CCCC2C2CCCCC2C2CCCCC2)CC1
C1CCC(C2CCCC(C3CCC(C4CCCC4)CC3)C2)CC1
C1CCC(CCC2CC(C3CCCCC3)C(C3CCCCC3)C(C3CCCCC3)C2)CC1
C1CCC(CCC2CC(CC3CCCCC3)C3CCCCC23)CC1
C(CCC1CCCC(CC2CCCC2)C1)CC1CCC(C2CC3CCCCC3C2)CC1
C1CCC(CC2CCC(CCC3CC4CCCCC4C3)CC2)CC1
C1CCC(CC2CCC(CCCCC3CCC(C4CCCCC4)CC3)CC2)CC1
C1CCC(CCCCC2CCCC(CC3CCCC(C4CCCCC4)C3)C2)CC1
C1CCC(CCCC2CC(C3CCCCC3)CC(C3CCCCC3)C2)CC1
C1CCC(CCC2CCCC(C3CC4CCCCC4C3)C2)CC1
C1CCC(C2CCCCC2C2CCC3CCCC3C2)CC1
C1CCC(C2CCCC(C(C3CCCCC3)C3CCCC4CCCCC43)C2)CC1
C1CCC(CCC2CCC(C3CCCC(C4CCCCC4)C3)CC2)CC1
C1CCC(CCCCCC2CCC(C3CCC(CCC4CCCC4)CC3)CC2)CC1
C1CCC(CC2CCC(CC3CCCC4CCCCC43)CC2)CC1
C1CCC(C2CCCC(C3CCCCC3)C2)CC1
C1CCC(CC2CCCC(C3CCC(CCCC4CCC(C5CCCCC5C5CCCC5)CC4)CC3)C2)CC1
C1CCC(C2CCCC(C3CCCC(C4CCCCC4)C3)C2)CC1
C1CCC(C2CCCC(CCC3CCCC3)C2)CC1
C1CCC(CCCC2CCC(CCC3CCCCC3C3CCC4CCCCC4C3)CC2)CC1
C1CCC(C2CCCC(C3CCCC(C4CCCC(C5CCCCC5)C4)C3)C2)CC1
C1CCC(CCCC2CCC(CCC3CCCCC3)CC2)CC1
C1CCC(C2CCCC(C3CC(CC4CCC5CCCCC54)C4CCCCC43)C2)CC1
C1CCC(C2CCCCC2CC2CCC(CCC3CCC(CCC4CCCC4)CC3)CC2)CC1
C1CCC(CC2CCC(CCCCC3CCC(C4CCCCC4)CC3)CC2)CC1
C(CC1CC2CCCCC2C1)CC1CCCC(C2CCCC(C3CCCC3)C2)C1
C1CCC(CCCCC(C2CCCCC2)C2CCCCC2)CC1
C1CCC(CC2CCC(C3CCCCC3C3CCCCC3C3CCCC3)CC2)CC1
C1CCC(CC2CCCC(C3CCC(C4CCCCC4)C(C4CCCC4)C3)C2)CC1
C1CCC(CC2CCCC(C3CCC(C4CCC5CCCCC54)C(C4CCCC4)C3)C2)C1
C1CCC(CCC2CCC3CCC(C4CCCCC4)CC3C2)CC1
C1CCC(CC2CCC(C3CCC(C4CC4)CC3)CC2)CC1
C1CCC(C2CCCC(CC3CCCC(CC4CCC5CCCCC54)C3)C2)CC1
C1CCC(C2CCCCC2C2CCCC(C3CC3)C2)CC1
C1CCC(CCCCC2CCC(CCCC3CCCCC3)CC2)CC1
C1CCC(CC2CCC(CC3CCCCC3)C(C3CCCCC3)C2)CC1
C1CCC(C2CCCC(CC3CCC(C4CCCC4)C(C4CCCCC4)C3)C2)CC1
C1CCC(C2CCCC(C3CCCC(C4CCCC4)C3)C2)CC1
C1CCC(CCC2CCC(CC3CCC(C4CCCCC4)CC3)CC2)CC1
C1CCC(CCC2CCC(C3CCCCC3C3CCCCC3)C2)CC1
C1CCC(C2CCCCC2CC2CCC(C3CCC4CCCCC4C3)CC2)CC1
C1CCC(CC2CCC(CCC3CCC4CC(C5CCCCC5)CCC34)CC2)CC1
C1CCC(CC2CCC(C3CCC(C4CCC4)CC3)CC2)CC1
C1CCC(CC2CCC(C3CCCC3C3CCCCC3)CC2)CC1
C1CCC(CC2CCC(CC3CCCC(C4CC5CCCCC5C4)C3)CC2)CC1
C1CCC(C2CCCCC2)CC1
C1CCC(CCC2CCC(CC3CCCCC3)CC2C2CCCCC2)CC1
C1CCC(CC2CCC(CCC3CCC4CCCCC43)CC2)CC1
C1CCC(CCCCC2CCC(CC3CCCCC3)CC2)CC1
C1CCC(CCC2CCCC(C3CCC(CC4CCCCC4)CC3)C2)CC1
C1CCC(CC2CC(CC3CCC3)CC(C3CCCCC3)C2C2CCCCC2)CC1
C1CCC(CC2CCCCC2C2CCCC(C3CCCCC3)C2)CC1
C1CCC(C2CCC(CCC3CCCCC3C3CCCCC3)C(C3CC3)C2)CC1
C1CCC(CC2CCC(C3CCCC(C4CCCCC4)C3)CC2)CC1
C1CCC(CCCC2CCC(C3CCCC(CC4CCCCC4)C3)CC2)CC1
C1CCC(CC2CCC(CC3CCCCC3C3CCCCC3)CC2)CC1
C1CCC(CCC2CCC(C3CCCCC3CCC3CCCCC3)CC2)CC1
C1CCC(CC2CCCC(C3CCC(C4CCC4)CC3)C2)CC1
C1CCC(C2CCC(CCC(CCC3CCC4C(CCC4C4CCCC4)C3)C3CC3)CC2)CC1
C1CCC(CCC2CCC(C3CCCCC3)CC2)CC1
C1CCC(CCC2CCCCC2C2CCCCC2C2CCCCC2)CC1
C1CCC(C2CCC(CC3CCC(CC4CCC(CCC5CC6CCCCC6C5)CC4)CC3)CC2)C1
C1CCC(CC2CCCC(C3CCCC(C4CCCC4)C3)C2)CC1
C1CCC(CC2CCCC(C3CCCCC3)C2)CC1
C1CCC(CC2CCCC(C3CCC(CCCCC4CC5CCCCC5C4)CC3)C2)CC1
C1CCC(CC2CCCCC2C2CCC(C3CCCCC3)CC2C2CCCCC2)CC1
C1CCC(CCC2CCC(C3CCCC(CC4CCCCC4)C3)CC2)CC1
C(CCCC1CCCCC1)CCCC1CCC(CCC2CC3CCCCC3C2)CC1
C1CCC(C2CC3CCC(CC4CCCC5CCCCC54)CC3C(C3CCCCC3)C2)CC1
C1CCC(C2CCC(C3CC(C4CCCCC4)CC(C4CCC4)C3)CC2)CC1
C1CCC(CC2CCC(C3CC(CC4CCCCC4)C4CCCCC43)CC2)CC1
C1CCC(CCC2CCC(CCC3CCCC(C4CCCC4)C3)CC2)CC1
C1CCC(CCC2CCCC(CC3CCCCC3)C2)CC1
C1CCC(CC2CCCCC2C2CCCCC2C2CCC2)CC1
C1CCC(CC2CCCCC2C2CCC(C3CCC(C4CCCCC4)CC3)CC2)CC1
C1CCC(CCCCCC2CCC(CCC3CCCCC3)CC2)CC1
C1CCC(C2CCC(C3CCCCC3)C(CCCC3CCCC3)C2)CC1
C1CCC(CC2CCC(C3CCCCC3)CC2)CC1
C1CCC(CCC2CCC(CCC(CC3CCCCC3)C3CCC3)CC2)CC1
C1CCC(C2CCC(C3CCCCC3C3CCC4CCCC4C3)CC2)CC1
C1CCC(CCC2CCCC(CCC3CCC(C4CCCCC4)CC3)C2)CC1
C1CCC(CC2CCC(C3CCCC(C4CCCC(C5CCCC5)C4)C3)CC2)C1
C1CCC(C2CCC(CC3CCC(C4CCC(C5CC(C6CCCCC6)C5)CC4)CC3)C2)CC1
C1CCC(C2CCC(C3CCCC4CC(C5CCCCC5C5CCCC(C6CCCCC6)C5)CCC43)CC2)CC1
C1CCC(C2CCC(C3CCCCC3)C(C3CCCCC3)C2)CC1
C1CCC(CC2CCC(CCC3CCCCC3C3CCCCC3)CC2)CC1
C1CCC2CC(CC3CCC(CC4CCCCC4C4CCCC4)CC3)CC2C1
C1CCC(CCC2CCC(CC3CCCCC3)CC2)CC1
C1CCC(C2CCC(C3CCCCC3)C(C3CCCCC3)C2)CC1
C1CCC(CC2CC(C3CCC(C4CC(C5CCC6CCCCC65)CC5CCCCC54)CC3)C3CCCCC23)CC1
C1CCC(CCCC2CCC(C3CCCCC3)CC2)CC1
C1CCC(C2CCCCC2C2CCCCC2C2CCC3CCCCC3C2)CC1
C1CCC(CCCC2CCC(CCC3CCC4CCCCC4C3)CC2)CC1
C1CCC(C2CCCCC2CCC2CCC(C3CC4CCCCC4C3)C2)CC1
C1CCC(CC2CCCCC2C2CCCC(C3CCCC(C4CCCC4)C3)C2)CC1
C1CCC(C2CCC(C3CCC(C4CCCC(CCC5CCCC5)C4)C4CCCC43)C(C3CCCC3)C2)CC1
C1CCC(CC2CCC(CC3CCCC(CC4CCCCC4)C3)CC2)CC1
C1CCC(C2CCC(C3CCC(C4CCCC(C5CC5)C4)C(C4CCCCC4)C3)CC2)CC1
C1CCC(CCCCC2CCCCC2C2CCC3CCCCC3C2)CC1
C1CCC(CC2CCC3C(CC4CCC(C5CCCCC5)CC4)CC(C4CCCC4)C3C2)CC1
C1CCC(CC2CCCCC2C2CCC3CCCCC32)CC1
C1CCC(C2CCC(C3CCC4CC(C5CCCCC5)CCC4C3)CC2)CC1
C1CCC(CC2CCC(C3CCCCC3)CC2)CC1
C1CCC(CCCCCC2CCCCC2C2CCCC(CC3CCCCC3)C2)CC1
C1CCC(CCCC2CCC(C3CCC(CC4CCCCC4)CC3)CC2)CC1
C1CCC(CCCCC2CCC(CC3CCC(C4CCCCC4)CC3)CC2)CC1
C1CCC(CCCCC2CCC(CC3CCC(CCC4CCCCC4)CC3)CC2)CC1
C1CCC(CC2CCCC(CC3CCCCC3C3CCCCC3)C2)CC1
C1CCC(C2CCCCC2)CC1
C1CCC(CC2CC(C3CCCC(C4CCC5CCC(C6CCCC6)CC5C4)C3)C3CCCCC23)C1
C1CCC(C2CCC(C3CCCCC3)CC2)CC1
C1CCC(C2CCC(C3CCCC(C4CCCCC4)C3)CC2)CC1
C1CCC(CCC2CC(CC3CCCC(CC4CCCCC4)C3)C3CCCCC23)CC1
C1CCC(C2CCC(CC3CCC(CCC4CC5CCCCC5C4)CC3)CC2)C1
C1CCC(C2CCCCC2)CC1
C1CCC(C2CCC(C3CCCCC3C3CCCCC3)CC2)CC1
C1CCC(CC2CCCCC2C2CCCCC2C2CCC3C(CC4CCCC4)CCCC3C2)CC1
C1CCC(CCC2CCC(CC3CCC(CC4CCCCC4)CC3)CC2)CC1
C1CCC(C2CCC(CCCC3CCCC(C4CCCCC4)C3)CC2)CC1
C1CCC(CC2CCCC(C3CCCC(CCC4CC4)C3)C2)CC1
C1CCC(C2CCC(CC3CCC(C4CCCCC4C4CCCC4)CC3)CC2)CC1
C1CC(C2CCC(C3CCC(C4CCCC(C5CCC5)C4)CC3)CC2)C1
C1CCC(CC2CCC(CC3CCCC(C4CCCCC4)C3)CC2)CC1
C1CCC(CC2CCC(CCCC3CCCCC3C3CCCCC3)C(C3CCCCC3)C2)CC1
C1CCC(CC2CCC(CC3CCC(C4CCCCC4)CC3)CC2)CC1
C1CCC(CC2CC(C3CCCCC3)C3CCCCC23)CC1
C1CC2CCC(C3CCCCC3C3CCC(C4CCCCC4C4CCCC4)CC3)CC2C1
C1CCC(C2CC(C3CCC4CCCCC43)CC3CCC(CCCC4CCCC4)CC32)CC1
C1CCC(CC2CCCC(C3CCC(CC4CCC(CCCCC5CC5)CC4)CC3)C2)CC1
C1CCC(C2CCC(CC3CCC(CC4CCC5CCCCC5C4)CC3)C2)CC1
C1CCC(CC2CCCC(CC3CCC(C4CCC4)C(C4CCCCC4)C3)C2)CC1
C1CCC(CCC2CC(CC3CCCCC3)CC(C3CCCCC3)C2)CC1
C1CCC(CC2CCC3CCC(C4CCCCC4)C3C2)CC1
C1CCC(CCCCCC2CCCCC2CC2CCCCC2)CC1
C1CCC(CCCC2CCC(CC3CCC(CCC4CCCCC4)CC3)CC2)CC1
C1CCC(CC2CCCC(C3CCCC(C4CCCCC4)C3)C2)CC1
C1CCC(C2CCCCC2C2CCCCC2)CC1
C1CCC(CCCC2CC(CC3CCC(CC4CCCC4)CC3)CCC2C2CCCCC2)CC1
C1CCC(CCCC2CCC(CC3CCCCC3)CC2)CC1
C1CCC(CC2CCC3C(CC4CCCCC4)CC(C4CCCCC4)C3C2)CC1
C1CCC(C2CCCC(CC3CCCC(C4CCCC4)C3)C2)CC1
C1CCC(CC2CCC(C3CCC4CC(C5CCCC5)CC(C5CCCCC5)C4C3)CC2)CC1
C1CCC(C2CC(C3CCCCC3C3CCCC3)C3CCCCC23)CC1
C1CCC(C2CCCCC2C2CCCC(C3CCC4CCCC4C3)C2)CC1
C1CC(C2CCC(CCC3CCC4CCCCC4C3)CC2)C1
C1CCC(C2CCC(C3CCC(C4CCCCC4)CC3)CC2)CC1
C1CCC(CC2CCCCC2)CC1
C1CCC(CC2CC(CC3CCCCC3CC3CCC(C4CCCCC4)CC3)C3CCCCC23)CC1
C1CCC(C2CCC(C3CCCC(C4CCCCC4)C3)CC2)CC1
C1CCC(C2CCCC(C3CCCCC3)C2)CC1
C1CCC(CC2CCCC(CC3CCC(C4CCC(C5CCC(CC6CCCC6)CC5)CC4)CC3)C2)CC1
C1CCC(C2CCC(CCC3CCCC(C4CCCC(C5CCCC(CC6CC6)C5)C4)C3)CC2)CC1
C1CCC(CC2CC3CCC(CC4CCCCC4)CC3C(C3CCCCC3)C2)CC1
C1CCC(CCCCC2CCC(CC3CCC(CC4CCCCC4)CC3)CC2)CC1
C1CCC(CC2CCCC(C3CCCCC3)C2)CC1
C1CC(CCC2CCC(C3CCCCC3C3CCC4CCCC4C3)CC2)CC(CC2CC2)C1
C1CCC(CC2CCCC(C3CCCC(CC4CC4)C3)C2)CC1
C1CCC(CCC2CCCC(C3CCCC(CC4CCC5CCCCC54)C3)C2)CC1
C1CCC(C2CCCCC2CC2CCCCC2C2CCCCC2)CC1
C1CCC(CCCC2CC(CC3CCCCC3)CC(CC3CC3)C2)CC1
C1CCC(CCC2CCC(C3CCCC(C4CCCCC4)C3)CC2)CC1
C1CCC(CCC2CCC(C3CCC4CCCC4C3)CC2C2CCCCC2)CC1
C1CCC(CC2CCC(CC3CCC(C4CCCCC4)CC3)CC2)CC1
C1CCC(CC2CCCCC2C2CCC(C3CCCCC3)CC2C2CCC3CCCC3C2)CC1
C1CCC(CC2CCC(C3CCCCC3C3CCC4CCCC4C3)C(C3CCCCC3)C2)CC1
C1CCC(C2CCCC2CC2CCCCC2C2CCCCC2C2CCCC2)CC1
C1CCC(C2CCC(C3CCCCC3C3CCCCC3)CC2)CC1
C1CCC(C2CCCCC2C2CCC(CC3CC3)CC2)CC1
C1CCC(CC2CCC(CCCCC3CCC(C4CCCCC4)CC3)CC2)CC1
C1CC(CC2CC(C3CC3)CCC2C2CCCC2)CC(C2CC2)C1
C1CCC(C2CCC(C3CC3)C(CC3CCC(C4CCCC4)CC3)C2)CC1
C1CCC(C2CCC(C3CCC(C4CCCCC4C4CCC5CCCCC5C4)CC3)C2)CC1
C1CCC(CC2CCC(CC3CCC(CCC4CC4)CC3)CC2)CC1
C1CCC(CC2CCC(CCCCC3CCCC(CC4CCCCC4)C3)CC2)CC1
C1CCC(CC2CCCC(C3CCCCC3)C2)CC1
C1CCC(CC2CC(C3CCC(C4CCCC4)CC3)C3CCCCC23)CC1
C1CCC(CC2CCC(C3CCC(C4CCCCC4)CC3)CC2)CC1
C1CCC(C2CCCCC2C2CCC(CC3CC3)CC2)CC1
C1CCC(CC2CC(CC3CCCC(C4CCCC4)C3)C3CCCCC23)CC1
C1CCC(C2CCCCC2C2CCCCC2)CC1
C1CCC(CCC2CCCCC2C2CCC3C(CCCC3C3CCCCC3)C2)CC1
C1CCC(CC2CCC(C3CCCC(C4CCCC4)C3)CC2)CC1
C1CCC(CC2CCC(C3CCCC(C4CCCCC4)C3)C(C3CCCC3)C2)CC1
C1CCC(C2CCC(C3CC(C4CCCCC4)C3)CC2)CC1
C1CCC(CC2CCC(C3CCC(CC4CCC(C5CCCCC5)CC4)CC3)CC2)CC1
C1CCC(CCC2CCC(CC3CCCCC3)CC2)CC1
C1CCC(CCCC2CCC(C3CCC(CC4CC5CCCCC5C4)CC3)CC2)CC1
C1CCC(CC2CCC(C3CCCCC3)CC2)CC1
C1CCC(C2CCC(C3CCCC(CC4CC4)C3)CC2)CC1
C1CCC(CCC2CCCC(CC3CCCC(C4CCCCC4)C3)C2)CC1
C1CCC(C2CCCC(CC3CC(CC4CCCCC4C4CCCCC4)C4CCCCC34)C2)CC1
C1CCC(CC2CCC(C3CCCC(C4CC5CCCCC5C4)C3)CC2)C1
C1CCC(C2CCC(CC3CCC(C4CCCC(CC5CC5)C4)CC3)CC2)CC1
C1CCC(CCCC2CCC(CCC3CCCC(C4CCCCC4)C3)CC2)CC1
C1CCC(CC2CCCC(C3CCCCC3)C2)CC1
C1CCC(C2CCCC(CC3CC4CCCCC43)C2)CC1
C1CCC(C2CC(C3CCCCC3)CC(C3CCC3)C2)CC1
C1CCC(CC2CCC(CCC3CCCC(C4CCCCC4)C3)CC2)CC1
C1CCC(CCCCC2CC(CC3CC3)CCC2C2CCC(CC3CCC3)CC2)CC1
C1CCC(CCC2CCC(C3CCCC(CC4CCC(CC5CCCCC5)CC4)C3)CC2)CC1
C1CCC(C2CCCCC2C2CCCCC2)CC1
C1CCC(C2CCCC(CCC3CCC(C4CCCCC4C4CCC5CCCC5C4)CC3)C2)CC1
C1CCC(C2CCC(CCC3CCC(C4CCCC4)CC3)CC2)CC1
C1CCC(CC2CCCC3CC(CC4CCCC(C5CCCCC5)C4)CC23)CC1
C1CCC(CC2CCCC(CC3CCCCC3C3CCCC3)C2)CC1
C1CCC(C2CCC(C3CCCCC3C3CCCCC3)CC2)CC1
C1CCC(CCC2CCCC(C3CCCCC3)C2)CC1
C1CCC(C2CCC(CC3CCCCC3C3CCCC(C4CCCCC4)C3)CC2)CC1
C1CCC(CCC2CC3CCC(CC4CCCCC4)CC3C(CC3CCCCC3)C2)CC1
C1CCC(CC2CCC(C3CCCCC3C3CCCC3)CC2)CC1
C1CCC(CCC2CCC(CC3CCCCC3)CC2)CC1
C1CCC(C2CCCC(C3CCCCC3C3CCCCC3)C2)CC1
C1CCC(C2CCCC(CCC3CCC(C4CCC(C5CCCC5)C(C5CCCCC5)C4)CC3)C2)CC1
C1CCC(CC2CCCC(C3CCCCC3)C2)CC1
C1CCC(CC2CCC(C3CCCC4CCCCC43)CC2)CC1
C1CCC(CC2CCC(CC3CCC(C4CCCCC4)CC3C3CCCCC3)CC2)CC1
C1CCC(CCC2CC(C3CC3)CCC2CC2CCCC(CC3CCCCC3)C2)CC1
C1CCC(C2CCCC(C3CCCCC3)C2)CC1
C1CCC(CC2CCC(CCC3CCCC(C4CCCCC4)C3)CC2)CC1
C1CCC(CC2CCC(C3CCCCC3CC3CCCC(C4CCCC4)C3)CC2)CC1
C1CCC(CCC2CCCC(C3CCC(C4CCCCC4)CC3C3CCCC3)C2)CC1
C1CCC(CC2CCCC3CC(C4CCCCC4)CCC23)CC1
C1CCC(CCCC2CC(C3CCCC3)CCC2C2CCC3CCCC3C2)CC1
C1CCC(CCC2CC(CCC3CCCCC3)CC(CC3CCCCC3)C2)CC1
C1CCC(CC2CCC(C3CC(CC4CCCCC4)C4CCCCC43)CC2)CC1
C1CCC(CC2CCCCC2)CC1
C1CCC(CC2CCCC(C3CCC(CC4CC4)CC3)C2)CC1
C1CCC(CC2CCC(CC3CCC(CC4CCCCC4)CC3)CC2)CC1
C1CCC(C2CCCC(CCC3CCCCC3C3CCCCC3)C2)CC1
C1CCC(CC2CCC(CCC3CC(CC4CCCCC4)C4CCCCC34)CC2)CC1
C1CCC(CC2CCCC(C3CCCC4CC(C5CCCCC5C5CCCCC5)CCC43)C2)CC1
C1CCC(CCCCC2CCCC3CCC(CC4CCCCC4)CC23)CC1
C1CCC(CC2CCCCC2C2CCCCC2C2CCCC2)CC1
C1CCC(CC2CCCC(C3CCCCC3)C2)CC1
C1CCC(CCC2CCCC(CC3CCCCC3)C2)CC1
C1CCC(CC2CCC(C3CCCCC3)CC2)CC1
C1CCC(C2CC(C3CCCCC3)CC(C3CCCCC3CCC3CC3)C2)CC1
C1CCC(CCC2CCCC(CCC3CCCCC3)C2)CC1
C1CCC(CCC2CCC(CC3CCCCC3)CC2)CC1
C1CCC(C2CCCC(CC3CCCC(C4CCCC4)C3)C2)CC1
C1CCC(CCC(C2CCCCC2)C2CCCCC2)CC1
C1CCC(CC2CCC(CCC3CCCC4CCCCC43)CC2)CC1
C1CCC(CC2CC(C3CCCCC3)CC(C3CCCC(C4CCCCC4)C3)C2)CC1
C1CCC(C2CCCC(C3CCCCC3)C2)CC1
C1CCC(C2CCC(CC3CCCCC3C3CCCCC3)CC2)CC1
C1CCC(CC2CCC(CC3CCC(C4CCCCC4)CC3)CC2)CC1
C1CCC(C2CCC(CC3CCCCC3C3CCC4CCCC4C3)CC2)CC1
C1CCC(C2CCCC(C3CCCCC3)C2)CC1
C1CCC(C2CCC(C3CCCC(C4CCCCC4)C3)CC2)CC1
C1CCC(CC2CCCC(C3CC(CC4CCCCC4)CC(C4CCCC4)C3)C2)CC1
C1CCC(CC2CCCC(C3CCCCC3)C2)CC1
C1CCC(C2CCC(C3CCCC(CC4CCC5CCCCC54)C3)CC2)CC1
C1CCC(CCC2CCC(CC3CCCCC3)CC2)CC1
C1CCC(CCC2CCCC(C3CCCC(CC4CCCC(C5CCCC(C6CC6)C5)C4)C3)C2)CC1
C1CCC(CCC2CCCC(C3CCCCC3)C2)CC1
C1CCC(C2CCC(C3CCCCC3)C(C3CCCC3)C2)CC1
C1CCC(CCC2CCCC(C3CCCC(CCC4CCCCC4)C3)C2)CC1
C1CCC(C2CCC3C(CCCC3C3CCCCC3)C2)CC1
C1CCC(C2CCCC(CCC3CC4CCCCC4C3)C2)CC1
C1CCC(CC2CCC(C3CCCC4CC(C5CCCCC5CC5CCCCC5)CCC43)CC2)CC1
C1CCC(CCC2CCCCC2)CC1
C1CCC(CCCC2CCC(C3CCCCC3)CC2)CC1
C1CCC(C2CCCCC2)CC1
C1CCC(CC2CC(C3CCCCC3C3CCC4CCCCC4C3)C3CCCCC23)CC1
C1CCC(C2CCC(C3CCCCC3)CC2)CC1
C1CCC2CC(C3CCC(CC4CCC(CCC5CC5)CC4)CC3)CC2C1
C1CCC(CC2CCCC(C3CCCC(C4CCCCC4)C3)C2)CC1
C1CCC(CC2CC(C3CCCCC3)CC(C3CCCCC3)C2)CC1
C1CCC(C2CCC3C(CCCC3C3CCCCC3)C2)CC1
C1CCC(C2CCC(C3CCCCC3)CC2)CC1
C1CCC(C2CCC(C3CCCC(C4CCCCC4)C3)CC2)CC1
C1CCC(CC2CCC(CC3CCC(C4CCCC(CC5CCCCC5)C4)CC3)CC2)CC1
C1CCC(CCCC2CCC(C3CCCCC3)CC2)CC1
C1CCC(C2CCCC(CC3CCCC(C4CCCCC4)C3)C2)CC1
C1CCC(CC2CCC(CC3CCCCC3C3CCCCC3)CC2)CC1
C1CCC(CC2CCCC(CCC3CC4CCCCC4C3)C2)CC1
C1CCC(CC2CC(C3CCCCC3)C3CCCCC23)CC1
C1CCC(CC2CCCCC2)CC1
C1CCC(CC2CC(CC3CCC3)CC(CC3CCC3)C2)CC1
C1CCC(C2CCC(C3CCC(C4CC(C5CCCCC5)C4)CC3)CC2)CC1
C1CC2CCC(CCC3CCC(C4CC5CCCCC5C4)CC3C3CCCC3)CC2C1
C1CCC(C2CCCC(C3CC(CC4CCC4)CC(C4CCCCC4)C3)C2)CC1
C1CCC(CC2CCC(CCC3CCC(C4CCCC5CCCCC54)CC3)CC2)CC1
C1CCC(C2CCC(CC3CCCCC3C3CCC4CCCCC4C3)CC2)CC1
C1CCC(CCC2CCC(CC3CCCCC3)CC2)CC1
C1CCC(CC2CCC(CCCC3CCC(C4CCC5CCCC5C4)CC3)CC2)CC1
C1CCC(C2CCCCC2C2CCCCC2)CC1
C1CCC(CC2CCC(CC3CCCCC3)CC2)CC1
C1CCC(CC2CCC(CCC3CCCC(C4CCCCC4)C3)CC2)CC1
C1CCC(C2CC(C3CCCC3)CC(C(CC3CCCC4CCCCC43)C3CCCCC3)C2)CC1
C1CCC(CCC2CCC(CC3CCC(CC4CCCCC4)CC3)CC2)CC1
C1CCC(CCCC2CCC3CCCCC3C2)CC1
C1CCC(CCCCC2CCCCC2)CC1
C1CCC(CC2CCC(CCC3CCCC(C4CCCCC4)C3)CC2)CC1
C1CCC(C2CCC(C3CCC(C4CCCCC4CC4CCC(C5CCCC5)CC4)C3)CC2)CC1
C1CCC(CC2CC(C3CCC(CC4CCCC4)CC3)C3CCCCC23)CC1
C1CCC(C2CCC(C3CCCC3)CC2CC2CCCC2)CC1
C1CCC(C2CCC(CCCCC3CCCC3)CC2)CC1
C1CCC(CCCCC2CCC(C3CCC(C4CCCCC4)C3)CC2)CC1
C1CCC(CC2CC(C3CCC(C4CC5CCCCC5C4)CC3)C3CCCCC23)CC1
C1CCC(CCC2CCC3C(C4CCCCC4)CC(C4CCC5CCCCC5C4)C3C2)CC1
C1CCC(C2CCC(C3CCC(C4CCC5CCCCC54)CC3)CC2)CC1
C1CCC(CC2CCC(CC3CCCCC3)CC2)CC1
C1CCC(C2CCCCC2C2CCC3CCCCC3C2)CC1
C1CCC(CCCCC2CCCCC2)CC1
C1CCC(CC(CC2CCC(C3CCCC3)CC2)C2CCCC(CC3CC3)C2)CC1
C1CCC(CCC2CCCC3CC(C4CCCCC4C4CCCCC4)CCC23)CC1
C1CCC(CCC2CCC(CCCC3CCC4CCCCC43)CC2)CC1
C1CCC(CCC2CCC(CC3CCCCC3)CC2)CC1
C1CCC(CCC2CCC(C3CCC(C4CC4)CC3)CC2)CC1
C1CCC(CC2CCC(CC3CCCCC3)CC2)CC1
C1CCC(CC2CCC(C3CCCCC3)CC2)CC1
C1CCC(CCCCC2CCCC(C3CC3)C2)CC1
C1CCC(CCC2CCC(CC3CCCC(C4CCC5CCCC5C4)C3)CC2)CC1
C1CCC(CCCC2CCCC(C3CCCC4CC(C5CCCCC5)CCC43)C2)CC1
C1CCC(CCC2CCC(CCC3CCCC(C4CCCCC4)C3)CC2)CC1
C1CCC(C2CCC(CC3CCC(C4CCC(C5CCCC(C6CC6)C5)CC4)CC3)CC2)CC1
C1CCC(CCCC2CCC(CC3CCCCC3)CC2)CC1
C1CCC(C2CCC(CCC3CCCC(C(C4CCCCC4)C4CCCCC4)C3)CC2)CC1
C1CCC(CCC2CCC(C3CCCC3)C(C3CCCCC3)C2)CC1
C1CCC(CC2CCCCC2C2CC(C3CCCCC3)C3CCCCC32)CC1
C1CCC(CCC2CCCCC2C2CCCCC2)CC1
C1CCC(CC2CC(CC3CCC(C4CC(C5CCCCC5)C4)CC3)C3CCCCC23)CC1
C1CCC(CC2CCC(CC3CCCCC3C(CC3CCC4CCCCC4C3)C3CCCCC3)CC2)CC1
C1CC(CC2CCC(C3CCC4CCCCC43)CC2)CC(CC2CC3CCCCC3C2)C1
C1CCC(CCC2CCCC(C3CCCC(CCCCC4CC5CCCCC5C4)C3)C2)CC1
C1CC(CCC2CCCCC2C2CC(C3CCC(C4CCCC4)CC3)C3CCCCC32)C1
C1CCC(CC2CCC(C3CCC(C4CCCCC4C4CCCCC4)CC3)CC2)CC1
C1CCC(CC2CCC(C3CCC(C4CCCCC4)CC3)CC2)CC1
C1CCC(C2CCC(CC3CCC(C4CCC(C5CCCCC5)CC4)CC3)CC2)CC1
C1CCC(C2CCCCC2CC2CCC(CCC3CCCCC3C3CCCC3)CC2)CC1
C1CCC(CCC2CCCC(C3CCC(CCC4CCC5CCCCC5C4)CC3)C2)C1
C1CCC(CC2CCC(CC3CC(CC4CCCCC4)CCC3CC3CCCCC3)CC2)CC1
C1CCC(CCC2CC(CCC3CCCCC3)C3CC(C4CCCCC4)CCC3C2)CC1
C1CCC(C2CCC(C3CCCC(CC4CCC5CCCCC54)C3)CC2)CC1
C1CCC(C2CCC(CCCC3CCCCC3C3CCCC3)CC2)CC1
C(CCCC1CC(C2CCCCC2)CCC1C1CCCCC1)CCC1CCC(C2CCCCC2)CC1
C1CCC(CCC2CCC3CC(C4CCC5CCCCC54)CC(CC4CCCCC4)C3C2)CC1
C1CCC(CCC2CCC(C3CCCCC3)CC2C2CCCC2)CC1
C(CCCCC1CCCC(C2CCCCC2)C1)CCCC1CCCCC1
C1CCC(C2CCCC(C3CCCCC3)C2)CC1
C1CCC(CC2CCCC(CC3CC(CC4CCCCC4)C4CCCCC34)C2)CC1
C1CCC(CC2CCC(CC3CC3)CC2C2CCCC(C3CCCC3)C2)CC1
C1CCC(CC2CCCC(C3CCCCC3)C2)CC1
C1CCC(C2CCC(C3CCC(CC4CCCCC4C4CCCCC4)CC3)CC2)CC1
C1CCC(CC2CCCC(C3CCCCC3)C2)CC1
C1CCC(CC2CCC(C3CCCCC3C3CCC4CCCCC4C3)CC2)CC1
C1CC(CC2CCC(CC3CCCCC3C3CCCC3)CC2)C1
C1CCC(CCCCC2CCC(CC3CCCCC3)CC2)CC1
C1CCC(CCCCCC2CCC(CCC3CCCC(C4CCCCC4)C3)CC2)CC1
C1CCC(CCCC2CCCC(C3CCCCC3)C2)CC1
C1CCC(CCC2CCC(CCCC3CCCC(C4CCCCC4)C3)CC2)CC1
C1CCC(CC2CCCC(CCCC3CCC(C4CCCC4)CC3)C2)CC1
C1CCC(CC2CCC(CCC3CCCC(C4CCCCC4)C3)CC2)CC1
C1CCC(CCC2CCC(CC3CCCCC3)CC2)CC1
C1CCC(CC2CCC3C(C2)C(CC2CCCCC2)CC3C2CCCCC2)CC1
C1CCC(C2CCCC(C3CCCCC3C3CCCCC3C3CCCC3)C2)CC1
C1CC(C2CCC(CC3CCC(CC4CCC5CCCCC54)CC3)C(C3CCC4CCCC4C3)C2)C1
C1CCC(CC2CCC(CC3CCCC(C4CCCC(C5CCCCC5)C4)C3)CC2)CC1
C1CCC(CC2CCC(C3CCCC(C4CCCC(C5CC5)C4)C3)CC2)C1
C1CCC(CC2CCCC(CC3CCCCC3C3CCC4C(CCCC4C4CCCC4)C3)C2)CC1
C1CCC(C2CCCC(C3CCCC(C4CCCCC4)C3)C2)CC1
C1CCC(CCC2CCC(C3CCCC(C4CCCCC4)C3)CC2)CC1
C1CCC(CC2CC(CC3CCCCC3)C3CCCCC23)CC1
C1CCC(CC2CCC(CC3CC4CCCC(C5CCCC5)C4C3)CC2)CC1
C1CCC(CC2CCC(C3CCCCC3)CC2)CC1
C1CCC(CCC2CCC(C3CCCC(C4CCCCC4)C3)CC2)CC1
C1CCC(CC2CCCCC2C2CCCCC2C2CCC3CCCCC3C2)CC1
C1CCC(C2CCC3C(CCCC4CCC(CC5CCC(CC6CCCC6)CC5)CC4)CCCC3C2)CC1
C1CCC(CC2CCCCC2C2CCCC(C3CCCCC3)C2)CC1
C1CCC2C(C1)CCCC2C1CCC(CCC2CCC(C3CCC(CCC4CC4)CC3)CC2)CC1
C1CCC(CCCC2CCCCC2C2CCCCC2)CC1
C1CCC(CCC2CC(C3CCCC(C4CCCC4)C3)C3CC(C4CCC5CCCC5C4)CCC23)CC1
C1CCC(C2CC(C3CC3)CC(C3CCCC(CCCC4CCCC4)C3)C2)CC1
C1CCC(CC2CCC(C3CCC(CC4CCCCC4)CC3)CC2)CC1
C1CCC(CCC2CCCC(C3CCCCC3C3CCCCC3)C2)CC1
C1CCC(CCC2CCCC(C3CCC(CC4CCCCC4)C(CCC4CCCCC4)C3)C2)CC1
C1CCC(C2CCCC(C3CCCCC3)C2)CC1
C1CCC(C2CCC(C3CCC(C4CCC4)CC3)CC2)CC1
C1CCC(CC2CCCC(CCCCCC3CCC(C4CCCC5CCCCC54)CC3)C2)CC1
C1CCC(CCC2CCC(C3CCC(CC4CCC5CCCCC5C4)CC3)CC2)CC1
C1CCC(CCCC2CCC(CC3CCC(CC4CCCCC4)CC3)CC2)CC1
C1CCC(C2CCCC(C3CCCCC3C3CCCCC3)C2)CC1
C1CCC(CC2CCC(CC3CC(CC4CCCCC4)CCC3CC3CCCCC3)CC2)CC1
C1CCC(CCC2CC(CC3CCCC(CC4CCCCC4)C3)C3CCCCC23)CC1
C1CCC(CCC2CC(CC3CC3)CC(C3CCCCC3CC3CCCCC3)C2)CC1
C1CCC(CC2CCC(C3CC4CCCCC4C3)CC2)CC1
C1CCC(CC2CCCC(C3CCCC(CC4CCCCC4)C3)C2)CC1
C1CCC(CCCC2CCCC(C3CCCC(C4CCC4)C3)C2)CC1
C1CCC(CC2CCCC(CC3CCC(C4CCCCC4)CC3)C2)CC1
C1CCC(C2CCCCC2CCC2CCC(C3CC4CCCCC4C3)C2)CC1
C1CCC(C2CCCC(C3CCC(CCC4CC5CCCCC5C4)CC3)C2)CC1
C1CCC(CC2CCC(C3CCCCC3CC3CCCCC3)CC2)CC1
C1CCC(CC2CCC(CC3CCCCC3C3CCCCC3)CC2)CC1
C1CCC(CCC2CCCCC2C2CCCC(CC3CCCCC3)C2)CC1
C1CCC(CC2CCC(CC3CCCCC3)CC2)CC1
C1CCC(CCC2CCC(CCC(CC3CCCCC3)CC3CCCCC3)CC2)CC1
C1CCC(C2CCC3CCC(C4CCCCC4)C3C2)CC1
C1CCC(CCCC2CCC(C3CCC(CC4CCCCC4)CC3)CC2)CC1
C1CCC(CC2CCC(C3CCCCC3)CC2)CC1
C1CCC(C2CCCC(CC3CCCCC3C3CCC4CCCC4C3)C2)CC1
C1CCC(C2CCCC(CC3CCC(C4CCC(CCCC5CCCC5)CC4)CC3)C2)CC1
C1CCC(CC2CCCCC2C2CC(CC3CCCC3)C3CC(C4CC5CCCCC5C4)CCC32)CC1
C1CCC(C2CCCC(CC3CC4CCCC(C5CCCC(C6CCCC6)C5)C4C3)C2)CC1
C1CCC(CCCC2CC3CCC(CC4CCCCC4)CC3C(C3CCCCC3)C2)CC1
C1CCC(C2CCC(CC3CCCCC3C3CCCCC3)CC2)CC1
C1CCC(CC2CCC3CC(C4CCCCC4)CCC23)CC1
C1CCC(C2CCCC(C3CCCC(C4CCCCC4)C3)C2)CC1
C1CCC(CC2CCCC(C3CCCCC3)C2)CC1
C1CCC(C2CCCCC2CC2CCCC3CCCC(C4CCC5CCCCC54)C32)C1
C1CCC(CC2CCC(C3CC(C4CCCCC4)C4CCCCC34)CC2)CC1
C1CCC(CCCCC2CCCC(CCC3CCCCC3)C2)CC1
C1CCC(C2CCCC(CC3CCCCC3C3CCCCC3)C2)CC1
C1CCC(CCC2CCCC(C3CCC(C4CCC4)CC3)C2)CC1
C1CCC(CC2CCCC(C3CCCC(CCC4CC5CCCCC5C4)C3)C2)CC1
C1CCC(CC2CCC(CC3CCCCC3)CC2)CC1
C1CCC(C2CCCC(CC3CCCCC3C3CCCCC3)C2)CC1
C1CCC(CCC2CCC(C3CCCCC3)CC2)CC1
C1CCC(CCC2CCCCC2CCC2CCCCC2)CC1
C1CCC(C2CCC(CC3CCCC(C4CCCCC4)C3)CC2)CC1
C1CCC(CC2CCC(C3CCCCC3)CC2)CC1
C1CCC(CC2CCC(CCC3CCC(CC4CCCCC4)CC3)CC2)CC1
C1CCC(CC2CC(C3CCCCC3)C3CCCCC23)CC1
C1CCC(C2CCCC(C3CCC(CCC4CCC(C5CC5)CC4)CC3)C2)C1
C1CCC(CC2CCC(CCCC3CCC(CC4CCCCC4)CC3)CC2)CC1
C1CCC(CCC2CCC(C3CCCCC3)CC2)CC1
C1CCC(CC2CCC(C3CCCCC3)CC2)CC1
C1CCC(CCC2CCC(C3CCC(CC4CCCCC4)C3)CC2)CC1
C1CCC(C2CCC(C3CCC(C4CCC4)CC3)CC2)CC1
C1CCC(CCC2CCC(C(C3CCCCC3)C3CCCC(C4CCCCC4)C3)CC2)CC1
C1CCC(CC2CCCCC2C2CCCCC2)CC1
C1CCC(CC2CCCCC2C2CCCCC2)CC1
C1CCC(C2CCCCC2CC2CCCC(CC3CC4CCCCC4C3)C2)CC1
C1CCC(C2CCCCC2C2CCC(C3CC3)CC2C2CCCCC2)CC1
C1CCC(C2CCC(C3CCC(CCC4CCCCC4C4CCCC4)CC3)CC2)CC1
C1CCC(CCCCCC2CCC(C3CCC(CCC4CCCCC4)CC3)CC2)CC1
C1CCC(CCC2CC(CC3CCC(C4CCCCC4)C3)CC(C3CCCC(C4CCCC4)C3)C2)CC1
C1CCC(CC2CCC(CC3CCC(C4CCCCC4)CC3)CC2)CC1
C1CCC(C2CCCC(C3CCCCC3)C2)CC1
C1CCC(CC2CCCC(CCC3CCCC(CC4CCCCC4)C3)C2)CC1
C1CCC(CC2CCC(CC3CCCC(C4CCCCC4)C3)CC2)CC1
C1CCC(C(C2CCCCC2)C2CCC(C3CCC(C4CCCC4)CC3)C(C3CCCC3)C2)CC1
C1CCC(CC2CCC(C3CCCC3)C(C3CCCC(CC4CC5CCCCC5C4)C3)C2)CC1
C1CCC(C2CCCC(C(C3CCCCC3)C3CC3)C2)CC1
C1CCC(C2CCCC(C3CCCCC3C3CCCCC3)C2)CC1
C(CCCC1CC(C2CCCCC2)CC(C2CCCC2)C1)CCC1CCCCC1
C1CCC(CCC2CCC(C3CCCCC3C3CCCCC3)CC2)CC1
C1CCC(C2CCCCC2CC2CCC(CC3CC3)CC2)CC1
C1CCC(CCCC2CCC(C3CCC3)CC2)CC1
C1CCC(CC2CCC3C(CC4CCCCC4)CC(CC4CCC(CCCC5CC5)CC4)C3C2)CC1
C1CCC(CCC2CCC(CC3CCCCC3)CC2C2CCCCC2)CC1
C1CCC(CC2CCC(C3CCC(CC4CCCCC4)CC3)CC2)CC1
C1CCC(C2CC(C3CCC(C4CCCC(C5CCC(C6CCCC6)CC5)C4)CC3)C2)CC1
C1CCC(CCC2CCC(C3CC(CCC4CCCCC4)C4CCCCC43)CC2)CC1
C1CCC(CC2CCC(CC3CCCCC3)CC2)CC1
C1CCC(C2CCCCC2C2CCC(CCC3CCCCC3C3CCC3)CC2)CC1
C1CCC(CC2CCCCC2)CC1
C1CCC(CC2CCC(CCC3CCCC(C4CCCCC4)C3)CC2)CC1
C1CCC(CC2CCC(CCC3CCCC(CC4CCCCC4)C3)CC2)CC1
C1CCC(CC2CC(C3CCCC3)CCC2C2CCCCC2)CC1
C1CCC(CC2CCC(C3CCCCC3C3CCCCC3)CC2)CC1
C1CCC(CC2CCCCC2CC2CC(C3CCCCC3)C3CCCCC23)CC1
C1CCC2C(C1)CCC2CCC1CCC(CC2CCC(CC3CC3)CC2)CC1
C(CCCC1CCCC(C2CCCC(CC3CCCC3)C2)C1)CCC1CCCCC1
C1CCC(CCC2CCC(CC3CCC(C4CCCCC4)CC3)CC2)CC1
C1CCC(CC2CCC(C3CC(CC4CCCC(CCCC5CCCC5)C4)C4CCCCC43)CC2)CC1
C1CCC(CCC2CCCC(C3CCCC(C4CCCCC4)C3)C2)CC1
C1CCC(CCC2CCCCC2C2CCCCC2C2CCCCC2)CC1
C1CCC(CC2CCC(CC3CCC(CC4CC(CC5CCCCC5)C5CCCCC45)C3)CC2)CC1
C1CCC(CC2CC(C3CCCCC3)CCC2CC2CCCC2)CC1
C1CCC(CC2CC3CCC(C4CCCCC4)CC3C(C3CCCCC3)C2)CC1
C1CCC(C2CCCC(C3CCC4CC(C5CCC6CCCCC65)CC(C5CCCCC5)C4C3)C2)CC1
C1CCC(C2CCC(C3CCCCC3)CC2)CC1
C1CCC(C2CCCC(CCCC3CC3)C2)CC1
C1CCC(C2CCCC(CCCC3CC4CCCCC4C3)C2)CC1
C1CCC(CC2CC(CC3CCCC(C4CCCCC4)C3)C3CCCCC23)CC1
C1CCC(CC2CCC(C3CCC(C4CC4)CC3)CC2)CC1
C1CCC(CCC2CCCC(C3CCCCC3CC3CCCCC3C3CCC4CCCCC43)C2)C1
C1CCC(CC2CCC(CCC(CC3CCCCC3)CC3CCCCC3)CC2)CC1
C1CCC(CCCC2CCCCC2)CC1
C1CCC2CC(CC3CCCCC3CCC3CCC4CCCCC43)CCC2C1
C1CCC(CCC2CCCC(CCC3CCCCC3)C2)CC1
C1CCC(CC2CCCC(C3CCCC(C4CCCC(CCCC5CCC5)C4)C3)C2)CC1
C1CCC(CC2CCCC(C3CCCC(CC4CC4)C3)C2)CC1
C1CCC(CCCCC2CC(CC3CCCCC3)C(C3CCCCC3)C(CC3CC3)C2)CC1
C1CCC(CC2CCC(CC3CCCC(C4CCCCC4)C3)CC2)CC1
C1CCC(CCCCC2CCCC2)CC1
C1CCC(CC2CCCC(CC3CCC(CCC4CCCC4)CC3)C2)CC1
C1CCC(C2CCC(C3CCCC(CC4CCCC(C5CCCC(C6CCCCC6)C5)C4)C3)CC2)CC1
C1CCC(CCC2CCCC(C3CCCCC3C3CCC(CC4CCC(C5CCC5)CC4)CC3)C2)C1
C1CCC(CCC2CCCCC2CC2CCC(C3CCCCC3)CC2)CC1
C1CCC(CCC2CCC(C3CCCC3)CC2)CC1
C1CCC(C2CCCCC2C2CCCCC2)CC1
C1CCC(C2CCCC(C3CCCCC3)C2)CC1
C1CCC(CC2CCC(C3CCC(C4CCCCC4C4CCCC4)CC3)CC2)CC1
C1CCC(CC2CCCC(CCC3CCC(C4CCCCC4)CC3C3CCCCC3)C2)CC1
C1CCC(CC2CCCCC2CCCC2CCCC(C3CCCC(C4CC4)C3)C2)CC1
C1CCC(C2CCCC(CC3CCCC(C4CCCCC4C4CCCCC4CC4CC4)C3)C2)CC1
C1CCC(C2CCC(C3CCC3)CC2)CC1
C1CCC(C2CCC(C3CCCCC3C3CCC4C(CCCC4C4CCCCC4)C3)CC2)CC1
C1CCC(CCC2CC(C3CCCCC3)C(CC3CCCCC3)C(C3CCCC(C4CCCC4)C3)C2)CC1
C1CCC(CCCC2CCC(CC3CCCCC3)CC2)CC1
C1CCC(C2CCCC(C3CCC(CC4CCCC5CCCCC54)CC3)C2)C1
C1CCC(CCC2CCCC2C2CCCC(CC3CCCCC3)C2)CC1
C1CCC(CCC2CCCC(C3CCCCC3)C2)CC1
C1CCC(CC2CCCC(C3CCCC(C4CCCCC4)C3)C2)CC1
C1CCC(C2CCCC(CC3CCC4C(CCC4C4CCCCC4)C3)C2)CC1
C1CCC(C2CCCC(C3CCC(CC4CC5CCCCC5C4)C(C4CCCCC4)C3)C2)CC1
C1CCC(C2CCCC(C3CCCC(C4CCCCC4)C3)C2)CC1
C1CCC(CC2CCCC(C3CCCCC3)C2)CC1
C1CCC(C2CCCC(CC3CC(C4CCCCC4)C4CCCCC34)C2)CC1
C1CCC(C2CCCC(C3CCC(C4CCCCC4)C3C3CCCC3)C2)CC1
C1CCC(CC2CCCCC2C2CCC(C3CCCCC3)CC2)CC1
C1CCC(C2CCCC(C3CCC4CCCCC4C3)C2)CC1
C1CCC(CCCC2CCCC(CCCC3CCCCC3)C2)CC1
C1CCC(C2CCC3C(C2)CC(C2CCCCC2)CC3C2CCCCC2)CC1
C1CCC(C2CCCC(CC3CCCC3)C2)CC1
C1CCC(CCCC2CCC(CC3CCCCC3)CC2)CC1
C1CCC(CCCCCC2CCCC(C3CCCCC3)C2)CC1
C1CCC(C2CCC(CCC3CCCCC3C3CCC4CCCCC4C3)CC2)CC1
C1CCC(CC2CCC(CC3CCC(CC4CCCCC4)CC3)CC2)CC1
C1CCC(CC2CCC(CCCC3CCCC(C4CCCCC4)C3)CC2)CC1
C1CCC(CC2CCC3C(CCCC3C3CCC(C4CCCCC4)CC3)C2)CC1
C1CCC(CC2CCC(CC3CCCC(C4CCCCC4)C3)CC2)CC1
C1CCC(CC2CCC(C3CCC(C4CCC(CC5CCC(CCC6CC6)CC5)CC4)CC3)CC2)C1
C1CCC(C2CCCC(C3CCCCC3)C2)CC1
C1CCC(CC2CCCC(C3CCCCC3CC3CCCCC3)C2)CC1
C1CCC(CCCCC2CCC(CC3CCCCC3)CC2)CC1
C1CCC(C2CCCCC2)CC1
C1CCC(CCC2CCCC(C3CCCCC3)C2)CC1
C1CCC(CCCC2CCCC(C3CCCC(C4CCCCC4)C3)C2)CC1
C1CCC(CCC2CCC(CC3CCCCC3)CC2)CC1
C1CCC(CCC2CCC(C3CCCCC3)CC2)CC1
C1CCC(C2CCCC(C3CCCC(C4CCCCC4)C3)C2)CC1
C1CCC(CC2CC(CC3CCCCC3C3CCCCC3)C3CCCCC23)CC1
C1CCC(CC2CCC(C3CCCCC3)CC2)CC1
C1CCC(CCCC2CCC(C3CCCCC3)CC2)CC1
C1CCC(C2CCC3CCCC3C2)CC1
C1CCC(CC2CCCC(C3CCCCC3)C2)CC1
C1CCC(C2CCC(C3CCC4C(CCC4C4CCCCC4)C3)CC2)CC1
C1CCC(CC2CCC(CC3CCCC(CCC4CCC4)C3)CC2)CC1
C1CCC(C2CCC(CCCC3CC(C4CCC5CCCCC54)CC4CCCCC43)CC2)CC1
C1CCC(C2CCCC(CC3CC(C4CCCCC4)C4CCCCC34)C2)CC1
C1CCC(C2CCCC(C3CCCCC3)C2)CC1
C1CCC(CCC2CCC(CC3CCCC3)CC2C2CCCCC2)CC1
C1CCC(CC2CCCC3CC(C4CCCCC4C4CCCCC4)CCC23)CC1
C1CCC(CC2CCC3CCCC(C4CCCCC4)C32)CC1
C1CCC(CCC2CCCC(CC3CCCCC3)C2)CC1
C1CCC(CCC2CC(C3CCCCC3)CC(C3CCCCC3)C2)CC1
C1CCC(C2CCC(CC3CCC(CC4CC5CCCCC5C4)CC3)CC2)CC1
C1CCC(CCCCC2CCC(C3CCCCC3)CC2C2CCCCC2)CC1
C1CCC(CC2CCCCC2C2CCC3CCCCC3C2)CC1
C1CCC(CC2CCC(CC3CCC(CC4CCCCC4)CC3)CC2)CC1
C1CCC(CC2CCCCC2C2CCC(CC3CCC(CC4CCC(CCC5CCCC5)CC4)CC3)CC2)CC1
C1CCC(CC2CCC3CC(C4CCCCC4)CC(C4CCCCC4)C3C2)CC1
C1CCC(CCC2CCCC(CC3CCC(C4CC5CCCCC5C4)CC3)C2)CC1
C1CCC(CC2CCC(CC3CCC(C4CCCC(C5CCCC5)C4)C3)CC2C2CCCCC2)CC1
C1CCC(CC2CCC(C3CCC4CC(CCC5CCCC5)CCC43)CC2)CC1
C1CCC(CC2CCC(CC3CCC(C4CCCCC4)CC3)CC2)CC1
C1CCC(C2CCCC(C3CCC(CC4CCC(CCCC5CCCC5)CC4)CC3)C2)CC1
C1CCC(CC2CCC(C3CCCC(C4CCC(C5CCC(C6CCCCC6)CC5)CC4)C3)CC2)CC1
C1CCC(CC2CCC3CC(C4CCCC(C5CCCCC5)C4)CC(C4CCCCC4)C3C2)CC1
C1CCC(CC2CCCCC2C2CC3CCC(C4CCCCC4)CC3C(C3CCCCC3)C2)CC1
C1CCC(CC2CCC(C3CCCCC3)C(C3CCCC3)C2)CC1
C1CCC(CC2CCC(C3CCCCC3)C(CC3CCCCC3)C2)CC1
C1CCC(C2CCCC(C3CCCCC3)C2)CC1
C1CCC(C2CCCCC2C2CCCCC2C2CCC3CCCC3C2)CC1
C1CCC(CCCCCC2CCC(C3CCCC3)C(C3CCCCC3)C2)CC1
C1CCC(CC2CCCC(C3CCCCC3)C2)CC1
C1CCC(C2CCCCC2C2CC3CCCCC3C(C3CCCCC3)C2)CC1
C1CCC(CCC2CCCC(C3CCCCC3C3CCCCC3)C2)CC1
C1CCC(CCC2CCC(CC3CCCC(CC4CCCCC4)C3)CC2)CC1
C1CCC(C2CCC(C3CC(CCC4CC4)CC(C4CCCCC4)C3)CC2)CC1
C1CCC(CCCC2CCC(CCCC3CCCC(C4CCCCC4)C3)CC2)CC1
C1CCC(CCC2CCC3C(CCC3CC3CCCC(C4CCCCC4)C3)C2)CC1
C1CCC(CCCCC2CCC(CC3CCC(C4CCCCC4)CC3)CC2)CC1
C1CCC(C2CCCC(CCC3CCC(CC4CCC(C5CCCC5)CC4)CC3)C2)CC1
C1CCC(CCC2CC(CC3CCCCC3)CC(CC3CCCCC3)C2CCC2CC2)CC1
C(CC1CCC(C2CCCC2)CC1)CC1CC2CCCCC2C1
C1CCC(CC2CC(CC3CCCCC3)C3CCCCC23)CC1
C1CCC(CCCCC2CCC(CC3CCC(C4CC4)CC3)CC2C2CCC2)C1
C1CCC(CC2CCC(C3CCCCC3)CC2)CC1
C1CCC(CCCC(CCCC2CCCCC2)CCC2CCC3C(CCC3C3CCCC3)C2)CC1
C1CCC(CCC2CCC(C3CC(C4CCC(C5CCC5)CC4C4CCCC4)C4CCCCC34)CC2)CC1
C1CCC(C2CCCC(CCC3CC(C4CCCC(C5CCCC5)C4)C4CCCCC34)C2)CC1
C1CCC(CC2CCCC(CC3CCCC(C4CCCCC4)C3)C2)CC1
C1CC(CCCC2CCCCC2C2CCC3CCCCC3C2)CC(CC2CCC3CCCCC32)C1
C1CCC2C(C1)CCC2C1CC2CCCCC2C(C2CCCC2)C1
C1CCC(CC2CCC3CCCCC3C2)CC1
C1CCC(CC2CCC(CC3CCCCC3)CC2)CC1
C1CCC(CCCC2CCC(C3CCCCC3)C2C2CCC(CC3CCCCC3)CC2)CC1
C1CCC(CC2CCC(CC3CCC(C4CCCC(C5CCC6CCCC6C5)C4)CC3)CC2)CC1
C1CCC(CC2CCCC(C3CCC(CC4CCC(C5CCCCC5)CC4)CC3)C2)CC1
C1CCC(CCCC2CCCC(CC3CCCCC3)C2)CC1
C1CCC(CCCC2CCCC(C3CCC(C4CCC(C5CCCCC5)CC4)C4CCCC34)C2)CC1
C1CCC(CCC2CCC(CC3CCCCC3)CC2)CC1
C1CCC(C2CC3CCCCC3C(C3CCCCC3)C2)CC1
C1CCC(CCCCCC2CCC(C3CCCCC3)CC2)CC1
C1CCC(CCC2CCCC(C3CCC(CC4CCCCC4)CC3)C2)CC1
C1CCC(C2CCCC(CCCC3CCC(C4CCC(CC5CCC(C6CCCC6)C5)CC4)C3)C2)CC1
C1CCC(C2CCC3C(CCC4CC5CCCCC5C4)CCCC3C2)CC1
C1CCC(CC2CCC(C3CCC(C4CCC5CCCC5C4)CC3)CC2)CC1
C1CCC(CCCCC2CCCCC2)CC1
C1CCC(C2CCC(C3CCCC(C4CCCCC4)C3)CC2)CC1
C1CCC(CC2CCC(C3CCCCC3)C(C3CCCCC3)C2)CC1
C1CCC(C2CCC(C3CCCCC3)C(C3CCC4CCCC4C3)C2)CC1
C1CCC(C2CCC(C3CCC(C4CCC(C5CC6CCCCC6C5)C4)CC3)C3CCCC23)CC1
C1CCC(CC2CCC(C3CC(C4CC4)CC(C4CCCC(C5CCCCC5)C4)C3)CC2)CC1
C1CCC(CCCCC2CCC(CC3CCCCC3)CC2)CC1
C1CCC(C2CCC(CC3CCC(C4CCC(C5CCCCC5)CC4)CC3)CC2)CC1
C1CCC(CCCC2CCC3CCCC(C4CCCCC4)C3C2)CC1
C1CCC(C2CCCC(C3CCCC(C4CCCC4)C3)C2)CC1
C1CCC(CC2CCCC(C3CCC(C4CCCCC4)CC3)C2)CC1
C1CCC(CC2CCCC(CCC3CCC(C4CCC(C5CCCCC5)CC4)CC3)C2)CC1
C1CCC(CC2CCC(CC3CCCCC3)CC2)CC1
C1CCC(CCC2CC(CC3CCCC(C4CCCCC4)C3)C3CCC(C4CCCCC4)CC23)CC1
C1CCC(CC2CCC(C3CCC(C4CCCCC4)CC3)CC2)CC1
C1CCC(CCC2CC(CCC3CCCC3)CC(C3CCCC(C4CCCC4)C3)C2)CC1
C1CCC(CCC2CCC(C3CCCC(CC4CCCCC4)C3)CC2)CC1
C1CCC(CC2CCC(CCCC3CCC(CC4CCCCC4)CC3)CC2)CC1
C1CCC(CC2CC(C3CCCCC3)CCC2CCCC2CCC(C3CCCCC3)CC2)CC1
C1CCC(CCC2CCCC(C3CCCCC3)C2)CC1
C1CCC(CC2CCCC(CC3CCCCC3C3CCCCC3)C2)CC1
C1CCC(CC2CCC(CC3CCC(C4CCCCC4)CC3C3CCCCC3)CC2)CC1
C1CCC(CCC2CCCC(C3CCCC(CC4CCCCC4)C3)C2)CC1
C1CCC(C2CCCC(C3CCC4CCCCC4C3)C2)CC1
C1CCC(C2CCC(C3CCCCC3)CC2)CC1
C1CCC(C2CCC(CCC3CCC(C4CCC(C5CCC6CCCCC6C5)CC4)CC3)CC2)C1
C1CCC(C2CCC(CC3CCC(C4CCCC4)CC3C3CC4CCCCC4C3)CC2)C1
C1CCC(C2CCC(C3CCC(C4CCCCC4)C3)CC2)CC1
C(CC1CCC(CC2CCC(C3CC4CCCC(C5CCCC5)C4C3)CC2)CC1)CC1CCC2CCCCC2C1
C1CCC(C2CCC(C3CCCCC3)CC2)CC1
C1CCC(CCC2CCC(C3CCCCC3)CC2)CC1
C1CCC(CCCC2CCC(CCC3CCC(C4CCCCC4)CC3)CC2)CC1
C1CCC(CCCC2CCCCC2CC2CCCCC2C2CCCCC2)CC1
C1CCC(C2CCCC(C3CCCCC3)C2)CC1
C1CCC(CCCC2CCC(C3CCC(CCCC4CCC5CCCC5C4)CC3)CC2)CC1
C1CCC(CC2CCCC(C3CCCCC3)C2)CC1
C1CCC(CC2CCC(CC3CCCCC3)CC2)CC1
C1CCC(CCCC2CCCCC2C2CCCCC2)CC1
C1CCC(C2CCCC(C3CCCCC3)C2)CC1
C1CCC(CC2CCC(CCC3CCCC(C4CCCCC4)C3)CC2)CC1
C1CCC(CCCC2CCC(CC3CCC(C4CCCCC4)CC3)CC2)CC1
C1CCC(CC2CCC(C3CCC(CC4CCCCC4)CC3C3CCCCC3)CC2)CC1
C1CCC(CCCC2CC3CCC(C4CCCCC4)CC3C2)CC1
C1CCC(CC2CC(C3CCCCC3)CC(C3CCC(C4CC4)CC3)C2)CC1
C1CCC(C2CC(C3CC(C4CCCCC4)C4CCCCC43)C3CCCCC23)CC1
C1CCC(C2CC(C3CCCCC3C3CCC4CCCCC4C3)C3CCCCC23)CC1
C1CCC(CCC2CCC(CC3CCCCC3)CC2)CC1
C1CCC(CCC2CC3CCCCC3C2)C(CCC2CCC(C3CCC4CCCCC4C3)CC2)C1
C1CCC(CCC2CCCC(C3CCCCC3CC3CCCCC3)C2)CC1
C1CC(C2CCC(C3CCCCC3C3CCCC3)CC2)C1
C1CCC(CCC2CCC(C3CCCCC3)CC2C2CCCCC2)CC1
C1CCC(CCCCC2CCCC(CCC3CCC(C4CCCCC4)CC3)C2)CC1
C1CCC(CC2CCCC(C3CCC(C4CCC(C5CCCCC5)CC4)CC3)C2)CC1
C1CCC(CC2CCCC(CC3CCCC(C4CCCCC4)C3)C2)CC1
C1CCC(CCC2CCC(C3CCCC(C4CCC(C5CCCCC5)CC4)C3)CC2)CC1
C1CCC(C2CCCC3CC(C4CCCC5CCCCC54)CCC32)CC1
C1CCC(CC2CCCC(CCCCCC3CCC(C4CCCCC4)CC3)C2)CC1
C1CCC(CC2CCC(C3CCCCC3C3CCCC3)CC2)CC1
C(CCCC1CCC(C2CCCCC2)CC1)CCCC1CCC(C2CCC(C3CCCCC3)CC2)CC1
C1CCC(C2CCCCC2CC2CCCCC2C2CCC3CCCC3C2)CC1
C1CCC(C2CC(CCCC3CC4CCCCC4C3)C3CCCCC32)CC1
C1CCC(CCC2CCC(C3CCCCC3)CC2)CC1
C1CCC(C2CCCCC2C2CCCCC2)CC1
C1CCC(CC2CC(CC3CCCC(C4CCCCC4)C3)C3CCCCC23)CC1
C1CCC(CCC2CCC(CC3CCC(C4CCCC(C5CCC(C6CCCC(C7CC7)C6)CC5)C4)C3)CC2)CC1
C1CCC(CC2CCCCC2)CC1
C1CCC(C2CCCC(CC3CCC4CC(C5CCCCC5)CC(C5CCCCC5)C4C3)C2)CC1
C1CCC(C2CCCCC2C2CCCC(C3CC3)C2)CC1
C1CCC(CC2CC(CCCC3CCC4CCCCC4C3)CC(C3CCCCC3)C2)CC1
C1CCC(CCC2CC(CCC3CCC3)CC(CCC3CCCCC3)C2CCC2CCCCC2)CC1
C1CCC(CC2CCC(C3CCCC(CC4CC5CCCCC5C4)C3)CC2)CC1
C1CCC(CC2CCC(C3CCC(C4CCC(CC5CCCC5)CC4)CC3)CC2)CC1
C1CCC(CC2CCCC(C3CCC4CCCCC4C3)C2)CC1
C1CCC(CC2CCCC(CC3CCC(C4CCCCC4)CC3)C2)CC1
C1CCC(CCC2CC(CC3CCCCC3)CC(C3CCCCC3)C2)CC1
C1CCC(CC2CCCC(CC3CCC(CCC4CC5CCCCC5C4)CC3)C2)CC1
C1CCC(C2CC3CCCC(C4CCCCC4C4CCCC4)C3C2)C(CC2CC2)C1
C1CCC(CC2CCCCC2C2CCCC2)C(CCC2CCCCC2C2CCCC2)C1
C1CCC(C2CCCCC2CC2CCC(CC3CC3)CC2)CC1
C1CCC(C2CCCC(CC3CCCC(C4CCCCC4)C3)C2)CC1
C1CCC(CC2CC(C3CCC(C4CCCC(C5CCC5)C4)CC3)C3CCCCC23)CC1
C1CCC(C2CCC(CC3CCC(C4CCCCC4C4CCC5CCCCC54)CC3)CC2)CC1
C1CCC(CC2CCCC2C2CCCCC2)CC1
C1CCC(CCC2CCC(CCC3CCC(CCC4CCCCC4)CC3)CC2)CC1
C1CCC(C2CCC(C3CC4CCCCC4C(C4CCCCC4)C3)CC2)CC1
C1CCC(C2CCCC(C3CC(C4CCCCC4)CC(C4CC4)C3)C2)CC1
C1CCC(CC2CCC(C3CCC(C4CCC5CCCC5C4)CC3)CC2)CC1
C1CCC(C2CCC(C3CCCC(CC4CC4)C3)CC2)CC1
C1CCC(C2CCCC(CC3CC4CCC(C5CCCC5)C4C3)C2)CC1
C1CCC(CC2CCC(CC3CCC(CC4CCC(C5CCCC5)CC4)CC3)CC2)CC1
C1CCC(C2CCCC(C3CCCCC3C3CCC4C(CCCC4C4CCCCC4)C3)C2)CC1
C1CCC(CCC2CCC(C3CC(C4CCCCC4)C4CCCCC34)CC2)CC1
C1CCC(CC2CCC(CC3CCCC(C4CCCCC4C4CCCC4)C3)CC2)CC1
C1CCC(CC2CCCCC2C2CCCC(CC3CCCC3)C2)CC1
C1CCC(CC2CCCC(CCC3CCCCC3CC3CCCCC3)C2)CC1
C1CCC(C2CCCC(C(CC3CCC3)C3CCCCC3)C2)CC1
C1CCC(CC2CCCCC2C2CC(C(C3CCCCC3)C3CCCCC3)C3CCCCC23)CC1
C1CCC(C2CCCC(C3CCCC(C4CCCCC4)C3)C2)CC1
C1CCC(C2CCCC(C3CCC4CCCC4C3)C2)CC1
C1CCC(CC2CCC(CC3CCCCC3C3CCCCC3)CC2)CC1
C1CCC(CCC2CCCC(CC3CCCC3)C2)CC1
C1CCC(C2CCC(C3CCCC(C4CCCCC4)C3)CC2)CC1
C1CCC(CC2CCCC(C3CCCCC3)C2)CC1
C1CCC(C2CCC(C3CC4CCCCC4C(C4CCCCC4)C3)CC2)CC1
C1CCC(CCCCCC2CC(CC3CCC(C4CCCCC4)CC3)C3CCCCC23)CC1
C1CCC(C2CCC(C3CCCC(C4CCCCC4)C3)CC2)CC1
C1CCC(CCC2CCC(CCC3CC4CCCCC4C3)CC2)CC1
C1CCC(C2CCC(C3CCCCC3)CC2)CC1
C1CCC(C2CCC(CCC3CCC4CCCC4C3)CC2)CC1
C1CCC(CC2CCC(CC3CCCCC3)CC2)CC1
C1CCC(CCCC2CC(C3CCCCC3)CC(C3CCCCC3)C2)CC1
C1CCC(CCC2CCCCC2)CC1
C1CCC(CCC2CCCC(CCCC3CCCC4CCCCC43)C2)CC1
C1CCC(C2CCCC(C3CCCC(C4CCC(C5CCCCC5)C5CCCC45)C3)C2)CC1
C1CCC(CCCCC2CCCC(C(C3CCCC3)C3CCC4CCCCC4C3)C2)CC1
C1CCC(CCC2CCCC(C3CCC(CC4CCCCC4)CC3)C2)CC1
C1CCC(C2CCCCC2)CC1
C1CCC(C2CCC(CCC3CCC(C4CCCCC4)CC3C3CCCC3)CC2)CC1
C1CCC(CCCC2CCC(C3CCCCC3)CC2)CC1
C1CCC(CCCC2CCCC(C3CCCCC3)C2)CC1
C1CCC(CC2CC(C3CCCC(C4CCCC4)C3)CCC2C2CCCCC2C2CCCCC2)CC1
C1CCC2CC(C3CCCCC3CC3CCCC(C4CCCC(CC5CC6CCCCC65)C4)C3)CCC2C1
C1CCC(CC2CCC(CCC3CCC(C4CC5CCCCC5C4)CC3)CC2)CC1
C1CCC(C2CCCCC2)CC1
C1CCC(C2CCCC(CCC3CC4CCCCC4C3)C2)CC1
C1CCC(CCC2CCCCC2)CC1
C1CCC(CCCCC2CCC(CC3CCC(CCCC4CCCCC4)CC3)CC2)CC1
C1CCC(C2CCCC(C3CCCC(C4CCC(C5CCCCC5)C4)C3)C2)CC1
C1CCC(CCCC2CCC(CC3CCCCC3)CC2)CC1
C1CCC(CCC2CCC(CCCCC3CCC(C4CCCCC4)CC3)CC2)CC1
C1CCC(CC2CCC(C3CC(C4CC5CCCCC5C4)C4CCCCC34)CC2)CC1
C1CCC(CC2CCC(CCC3CCC(C4CCCCC4)CC3)CC2)CC1
C1CCC(CC2CCC(C3CCCCC3)CC2)CC1
C1CCC(CCC2CCCC(CC3CCCCC3)C2)CC1
C1CCC(CC2CCCCC2CC2CCCCC2)CC1
C1CCC(CC2CCCC(C3CCCC(C4CCCC4)C3)C2)CC1
C1CCC(CC2CCC(C3CCC(CC4CC5CCCCC5C4)CC3)CC2)CC1
C1CC(C2CCCC(C3CCCC(C4CCC5CCCCC54)C3)C2)C1
C1CC2CCC(CC3CCC(C4CC4)CC3)CC2C1
C1CCC(CCC2CCC(C3CCCCC3CC3CCCCC3)CC2)CC1
C1CCC(C2CCCCC2CCCCC2CCC(CCC3CC3)CC2)CC1
C1CC2CCC(C3CCC(CC4CCCC5CC(C6CCCCC6CC6CC6)CCC45)CC3)CC2C1
C1CCC(C2CCCCC2CC2CCCC3CC(C4CCCCC4C4CCCCC4)CCC23)CC1
C1CCC(CCCCCC2CCCC(C3CCCCC3)C2)CC1
C1CCC(C2CCCC(C3CCCCC3)C2)CC1
C1CCC(C2CCCCC2CC2CC(C3CCC(C4CCCC4)CC3)C3CCCCC23)CC1
C1CCC(CCC2CCC(C3CCCCC3C3CCCCC3)CC2)CC1
C1CCC(CC2CCCCC2C2CCC(C3CCCCC3)CC2)CC1
C1CCC(C2CCC(C3CCCCC3CC(C3CCCCC3)C3CCCCC3)CC2)CC1
C1CCC(C2CCCC(CCC3CC(C4CCCC4)CCC3C3CCCCC3)C2)CC1
C1CCC(CC2CCC(CC3CCC(CC4CCCCC4)C3)CC2)CC1
C(CCCC1CC2CCCCC2C1)CCC1CCC(CC2CCCCC2)CC1
C1CCC(CCC2CCCCC2C2CCC(C3CCCCC3)CC2)CC1
C1CCC(CCC2CCCC(C3CCCCC3)C2)CC1
C1CCC(C2CCCC(C3CCCC(CCCCC4CC4)C3)C2)CC1
C(CCCC1CCCCC1)CCCC1CCC(CCC2CCCCC2)CC1
C1CCC(CC2CCC3C(CCC3C3CCC(C4CCCC(C5CCCC5)C4)CC3)C2)CC1
C1CCC(CC2CCC(CC3CCCC(C4CCCC4)C3)CC2)CC1
C1CCC(CC2CCCCC2C2CCC(C3CCCCC3)CC2)CC1
C1CCC(C2CCC(CC3CCC(C4CCC5CCCC5C4)CC3)CC2)CC1
C1CCC(CC2CCC(C3CCCCC3)CC2)CC1
C1CCC(C2CCCC(C3CCCCC3)C2)CC1
C1CCC(C2CCC(C3CCC4CCCCC4C3)CC2)CC1
C1CCC(CCCCC2CCCC(C3CCCC(CC4CCCCC4)C3)C2)CC1
C1CCC(C2CCCC(C3CCC(CCC4CCCCC4C4CCCC4)CC3)C2)C1
C1CCC(C2CCCC(C3CCC(C4CCCC4)CC3)C2)CC1
C1CCC(CCC2CCCC(C3CCC(C4CCCCC4C4CCCCC4)C4CCCC34)C2)CC1
C1CCC(CCCC2CCCC(C3CCCCC3)C2)CC1
C1CCC(CC2CCCC(CC3CCC(C4CC(CC5CCCCC5)C5CCCCC54)CC3)C2)CC1
C1CCC(CC2CC(C3CCC4CCCCC43)CC3CCCCC32)CC1
C1CCC(CC2CCC(CC3CCC(CC4CCCCC4)CC3)CC2)CC1
C1CCC(CCC2CCC3C(C4CCCC(C5CCCC5)C4)CC(C4CCCCC4)C3C2)CC1
C1CCC(C2CC(CC3CCC4CCCCC4C3)CC(C3CCCCC3)C2)CC1
C1CCC(C2CCCC(C3CCC(C4CC(C5CCCCC5)C5CCCCC45)CC3)C2)CC1
C1CCC(C2CCCC(C3CCCC(C4CCCCC4)C3)C2)CC1
C1CCC(CCCCC2CC(CC3CCCCC3)CCC2CCC2CCC(C3CCCCC3)C2)CC1
C1CCC(CC2CCC(C3CC(CCC4CCC5CCCCC54)CC4CCCCC43)CC2)CC1
C1CCC(C2CCC(CC3CCC(CCC4CC5CCCCC5C4)CC3)CC2)CC1
C1CCC(CC2CCC(CCC3CCCC(C4CCCCC4)C3)CC2)CC1
C1CCC(CCC2CCC(C3CCCC(C4CCCCC4)C3)CC2)CC1
C1CCC(CCC2CCC(C3CCCC(C4CCCCC4)C3)CC2)CC1
C1CCC(CCCC2CCC(CC3CCCC(CCC4CCCCC4)C3)CC2)CC1
C1CCC(CC2CCC(CC3CCCC(C4CCCC(C5CCCCC5)C4)C3)CC2)CC1
C1CCC(CCC2CCC(CCCC3CCCC(CCC4CCC(CC5CCCCC5)CC4)C3)CC2)CC1
C1CCC(CCCCC2CC(C3CC3)CCC2CC2CCC(CC3CC3)CC2)CC1
C1CCC(C2CCC(C3CCC(C4CCC(CC5CCC6CCCCC6C5)CC4)C(C4CCCC4)C3)CC2)C1
C1CCC(CC2CCCC(C3CCC(C4CCCCC4)CC3)C2)CC1
C1CCC(C2CCC(C3CCC(C4CCCC(C5CCCCC5)C4)CC3)CC2)CC1
C1CCC(CCC2CC(CC3CCCC(C4CCC5CCCC5C4)C3)C3CCCCC23)CC1
C1CCC(CCC2CC(CC3CCC(C4CCCCC4)C(CC4CC4)C3)C3CCCCC23)CC1
C1CCC(C2CCC(CC3CCC(C4CCCC4)CC3)CC2)CC1
C1CCC(CC2CCC(CC3CCCCC3)CC2)CC1
C1CCC(CC2CCCC(CCC3CCC(C4CCC5CCCCC54)CC3)C2)CC1
C1CCC(CC2CCC(CCCC3CCCCC3CC3CCCCC3)CC2)CC1
C1CCC(C2CCCC(C3CCC4CCC(C5CC5)CC43)C2)CC1
C1CCC(CCCC2CCCC(CC3CCC(CC4CCCCC4)CC3)C2)CC1
C1CCC(CC2CC(C3CCC4CCCCC43)CC3CCCCC32)CC1
C1CCC(CC2CCC(C3CCCCC3)CC2)CC1
C1CCC(CCCCC2CCCC(CC3CC4CCCCC4C3)C2)CC1
C1CCC(C2CCCC(C3CCCC(C4CCCC4)C3)C2)CC1
C1CCC(CC2CCC(C3CCCC(C4CCC4)C3)CC2)CC1
C1CCC(C2CCC(CCCC3CCC4C(CCC4C4CCCC4)C3)CC2)CC1
C1CCC(C2CC3CCCCC3C(C3CCCCC3)C2)CC1
C1CCC(CC2CCCC(C3CC(CC4CCCCC4)C4CCCCC43)C2)CC1
C1CCC(CC2CCCCC2CC2CCCCC2)CC1
C1CCC(CC2CCC(C3CCCCC3)C(C3CCCCC3CC3CCCCC3)C2)CC1
C1CCC(CC2CC(CC3CCC(C4CCC4)CC3)C3CCCCC23)CC1
C1CCC(CCCC2CCCC(CC3CCCCC3)C2)CC1
C1CCC(C2CCCC(CC3CCC4CCCCC43)C2)CC1
C1CCC(C2CCC(CC3CCC(C4CCC(C5CCC5)CC4)CC3)CC2)CC1
C1CCC(C2CCC3CCC(C4CCCCC4)CC3C2)CC1
C(CCCCC1CC2CCCCC2C1)CCCCC1CCCCC1CC1CC2CCCCC2C1
C1CC2CCC(C3CCCCC3C3CCC(CC4CC4)CC3)CC2C1
C1CCC(C2CCC(C3CCCCC3)CC2)CC1
C1CCC(C2CCC(C3CC3)CC2CCC2CC3CCCCC3C2)CC1
C1CCC(CC2CCCC(C3CC(C4CCCCC4)CC(C4CC4)C3)C2)CC1
C1CCC(CC2CCC(CCC3CCC(C4CCCCC4)C3)CC2)CC1
C1CCC(CCCC(C2CCCCC2)C2CCCCC2C2CCCCC2)CC1
C1CCC(C2CCCC(CC3CCCC3)C2)CC1
C1CCC(CCCC2CCCC(CC3CCCC(CC4CCCCC4)C3)C2)CC1
C(CCC1CCC2CCCCC12)CC1CCCC(C2CCCC(C3CCCC3)C2)C1
C1CCC(CC2CCC(C3CCCCC3)CC2)CC1
C1CCC(CC2CCC(C3CCCCC3)CC2)CC1
C1CCC(CC2CCC(C3CCCCC3)CC2CC2CCCCC2)CC1
C1CCC(C2CCC(CCCC3CCCCC3C3CCCCC3)CC2)CC1
C1CCC(CCC2CCC(CCCC3CCC4CCCCC43)CC2)CC1
C1CCC(C2CCC(CC3CC(C4CCCC4)CCC3C3CCC4CCCC4C3)CC2)CC1
C1CCC(CCC2CCC(CCC3CCCC(C4CCC4)C3)CC2)CC1
C1CCC(CC2CCC(CCCC3CCCC(C4CCC(C5CCCCC5)CC4)C3)CC2)CC1
C(CCCC1CCC(C2CCCC2)CC1)CCC1CCC(CC2CCCCC2)CC1
C1CC(CCC2CCC3CCCCC32)CC(CC2CCC3CCCC3C2)C1
C1CCC(CC2CCCC(CC3CCCCC3)C2)CC1
C(CCCC1CCC(C2CCCCC2)CC1)CCC1CCCCC1
C1CCC(CC2CCC(CCC3CCC(CC4CCCC(C5CCCCC5)C4)CC3)CC2)CC1
C1CCC(CC2CCCC(C3CCCCC3)C2)CC1
C1CCC(CC2CCC(C3CCCCC3)CC2)CC1
C1CCC(C2CCCCC2CCC2CCCC(C(C3CCCCC3)C3CC3)C2)CC1
C1CCC(C2CCCC(CC3CC(C4CCCC5CCCCC54)C4CCCCC34)C2)CC1
C1CCC(C2CC(C3CCCCC3)CC(C3CCCCC3C3CCCCC3)C2)CC1
C1CCC(C2CCC(CC3CCCCC3C3CCCCC3)CC2)CC1
C1CCC(CCCCC2CCC(CC3CCCCC3)CC2CC2CCC3CCCCC32)CC1
C1CCC(C2CCC(CC3CCCCC3CCC3CCCC3)CC2)CC1
C1CCC(CC2CCC(C3CCCCC3)C(C3CCCCC3)C2)CC1
C1CCC(CC2CCCC(CC3CC(CC4CCCCC4)C4CCCCC34)C2)CC1
C1CCC(CCC2CCCCC2CC2CCCCC2)CC1
C1CCC(CC2CCC(CC3CCCC(C4CCCCC4)C3)CC2)CC1
C1CCC(CC2CCC(CCC3CCCC(C4CCCCC4)C3)CC2)CC1
C1CCC(C2CCC(C3CCCCC3C3CCC4CCCC4C3)C(C3CCCCC3)C2)CC1
C1CCC(CC2CCCC3CC(C4CCCCC4)CCC23)CC1
C1CCC(CC2CCCC(C3CCC(CC4CCC(CCCCC5CCCC5)CC4)CC3)C2)CC1
C1CCC(CC2CCCC(CCC3CCCC(C4CCCCC4)C3)C2)CC1
C1CCC2CC(CCC3CCC(C4CCCC(C5CCCC5)C4)CC3)CCC2C1
C1CCC(C2CCCCC2)CC1
C1CCC(CCC2CCC(C3CCCCC3)CC2)CC1
C1CCC(CC2CCC(CC3CCCCC3)CC2)CC1
C1CCC(C(C2CCCCC2)C2CCCCC2C2CCC3CCCCC3C2)CC1
C1CCC(C2CCC(C3CCCCC3C3CCCCC3)CC2)CC1
C1CCC(CC2CCC(CC3CCCC(CC4CCCCC4)C3)CC2)CC1
C1CCC(C2CCCC(C3CCC(CC4CCC(CCC5CCC6CCCCC65)C4)CC3)C2)CC1
C1CCC(C2CCC3C(CCCC3C3CCCCC3)C2)CC1
C1CCC(CC2CCC3C(CC4CCCCC4)CC(C4CCCCC4)C3C2)CC1
C1CCC(CC2CCCCC2C2CCCCC2C2CCCC2)CC1
C1CCC(CC2CCCCC2C2CCCCC2)CC1
C1CCC(C2CCC(CCC3CCC4CCCCC43)CC2)CC1
C1CCC(CCC2CCC(C3CCCCC3)CC2)CC1
C1CCC(C2CCCC(C3CCC(C4CCCCC4)C4CCCCC34)C2)CC1
C1CCC(CC2CC(CC3CC3)CC(C3CCCCC3C3CCCCC3)C2)CC1
C1CCC(CCCCC2CCC(CC3CCCCC3)CC2)CC1
C1CCC2CC(CC3CCCCC3C3CC(C4CCCC5CCCCC54)C4CCCCC34)CC2C1
C1CCC(C2CCC(CCC3CCC(C4CC(C5CCCCC5)C5CC6CCCCC6C5C4)CC3)CC2)CC1
C1CCC(C2CCC(CC3CCC(CC4CCCC(C5CCCCC5CC5CCC5)C4)CC3)CC2)CC1
C1CCC(CC2CCCC(C3CCC(C4CCC5CCCCC54)CC3)C2)CC1
C1CCC(CC2CCCC(CC3CC4CCCCC4C3)C2)CC1
C1CCC(C2CCCCC2C2CCC(C3CCCC3)CC2)CC1
C1CCC(CC2CC3CCC(C4CCC(C5CC5)CC4)CC3C(C3CCCCC3)C2)CC1
C1CCC(C2CCC(CCC3CCC(CC4CCC(C5CCCC5)CC4)CC3)CC2)CC1
C1CCC(CC2CCCC(CC3CCCCC3)C2)CC1
C1CCC(CC2CCC(C3CCCCC3)CC2)CC1
C1CCC(CC2CCC(C3CCCCC3C3CCC4CCCC4C3)CC2)CC1
C1CCC2CC(CCC3CCCC(C4CCC(CC5CC6CCCCC6C5)CC4)C3)CCC2C1
C1CCC(CC2CCC(CCC3CCCC(CC4CCCC4)C3)CC2)CC1
C1CCC(CCC2CCC(C3CCCCC3C3CCCC3)CC2)CC1
C1CCC(CCC2CCC3CCCCC32)CC1
C1CCC(C2CCC(C3CCCCC3)CC2)CC1
C1CCC(C2CCCCC2C2CCCC2)CC1
C1CCC(CCC2CCCCC2C2CCC3CCCCC3C2)CC1
C1CCC(C2CCC(CC3CCC(CCC4CC5CCCCC5C4)CC3)C2)CC1
C1CCC(CC2CCC(C3CCCCC3)CC2)CC1
C(CCCC1CC(C2CCCCC2)CC(C2CCC2)C1)CCC1CCCCC1
C1CCC(CC2CCCCC2CCCC2CCC(C3CCCCC3)C(C3CCCCC3)C2)CC1
C1CCC(CC2CCCCC2CC2CCCC(CC3CCC(C4CCCCC4)CC3)C2)CC1
C1CCC(CCC(CC2CCCC2)C2CCCCC2)CC1
C1CCC(CCC2CCCC(CC(C3CCCCC3)C3CCCCC3)C2)CC1
C1CCC(CC2CCC(C3CCC(C4CCCC(CC5CCCCC5)C4)C4CCCC34)CC2)CC1
C1CCC(C2CCC(CCCC(CCC3CCCCC3C3CCCCC3)CC3CCCC3)CC2)CC1
C1CCC(C2CCCC(CCC3CCCC(C4CCCCC4)C3)C2)CC1
C1CCC(CC2CCC(CCC3CCCC(C4CCC4)C3)CC2)CC1
C1CCC(CC2CCCCC2C2CCC3C(CCCC3C3CCCCC3CC3CCCCC3)C2)CC1
C1CCC(CCC2CCCCC2CC2CCCCC2)CC1
C1CCC(CC2CCCCC2C2CC(CCC3CCCC3)C3CCCCC32)CC1
C1CCC(C2CCC(CC3CCC(C4CCCCC4)C3)CC2)CC1
C1CCC(CCCC2CCC(CCC3CCCCC3)CC2)CC1
C1CCC(CCCCCC2CCCC(CC3CCCCC3)C2)CC1
C1CCC(C2CCC(CC3CCC(C4CCCC(C5CCCCC5)C4)CC3)CC2)CC1
C1CCC(CCCC2CCC(CC3CCCCC3C3CCCCC3C3CCCC3)CC2)CC1
C1CCC(C2CCCCC2)CC1
C1CCC(C2CCC3C(CCC4CCCC(CC5CC6CCCCC6C5)C4)CCC3C2)CC1
C1CCC(CCC2CCC(C3CCCCC3)CC2)CC1
C1CCC(C2CCCC(CCC3CCC(CCCC4CC5CCCCC5C4)CC3)C2)CC1
C1CCC(C2CCCCC2CC2CC(C3CCCCC3)C3CCCCC23)CC1
C1CCC(C2CC(C3CCC4CCCCC43)CC3CCCCC32)CC1
C1CCC(C2CCCC(C3CCCCC3C3CCCCC3)C2)CC1
C1CCC(CC2CCCC(C3CCC3)C2)CC1
C1CCC(C2CCCC(C3CCCCC3)C2)CC1
C1CCC(CC2CCCC(C3CCCCC3)C2)CC1
C1CCC(CCC2CCC3CC(C4CCCCC4)CC(C4CCCC4)C3C2)CC1
C1CCC(CC2CCC(C3CCCC(CC4CC5CCCCC5C4)C3)CC2)CC1
C1CCC(C2CCCC(CC3CCC(CC4CCCC(C5CCCCC5)C4)CC3)C2)CC1
C1CCC(C2CCCC(CC3CCCC(C4CCCCC4C4CCCCC4)C3)C2)CC1
C1CCC(CC2CCC(CCCCCC3CCC(C4CCCCC4)C3)CC2)CC1
C1CCC(CC2CCC3CCCC(C4CCCCC4)C3C2)CC1
C1CCC(CCC2CC(C3CCCCC3)CC(C3CCCCC3)C2)CC1
C1CCC(CC2CCC3CC(C4CCC5CCCCC54)CC(C4CCCCC4)C3C2)CC1
C1CCC(C2CCCC(C3CCC(C4CCC(C5CCCC5)CC4C4CCCC4)CC3)C2)C1
C1CCC(CCCCC2CCC(C3CCCCC3)CC2)CC1
C1CCC(CCC2CC(C3CCCCC3)C3CCCCC23)CC1
C1CCC(CC2CCC(C3CCCCC3CC3CCCCC3)CC2)CC1
C1CCC(CCC2CCC(C3CCC(C4CCCCC4)CC3)CC2)CC1
C1CCC(CC2CCC(CCC3CC(C4CCCCC4)C4CCCCC34)CC2)CC1
C1CCC(C2CCCC(C(C3CCC4CCCC4C3)C3CCCCC3C3CCCCC3)C2)CC1
C1CCC(C2CCCC(CCC3CCCCC3C3CCC4CCCC4C3)C2)CC1
C1CCC(CC2CCCCC2C2CCCC(CC3CC(C4CCCCC4)C4CCCCC34)C2)CC1
C1CCC(C2CCC(C3CCCC(C4CC(C5CCCC6CCCCC65)C5CCCCC45)C3)CC2)C1
C1CCC(C2CCC(CC3CCC(CCC4CC4)CC3)C(CCC3CCC4CCCCC43)C2)CC1
C1CCC(C2CCCC(C3CCCC(CC4CCC5CCCCC54)C3)C2)CC1
C1CCC(CC2CCCC(C3CCCCC3)C2)CC1
C1CCC(C2CCCC(C3CCCCC3)C2)CC1
C1CCC(CC2CC(C3CCCCC3)C3CC(C4CCCCC4)CC23)CC1
C1CCC(CC2CCC3CC(C4CCC(CC5CCCCC5)C4)CCC3C2)CC1
C1CCC(C2CCC(C3CCCCC3C3CCCC3)CC2)C(CC2CC2)C1
C1CCC(CC2CCC(CCC3CCCC(CC4CCCCC4)C3)CC2)CC1
C1CCC(CCCC2CCC3C(CC4CCCCC4)CC(C4CCCC4)C3C2)CC1
C1CCC(CCC2CCCC(C3CCCCC3)C2)CC1
C1CCC(CCC2CC(C3CCC3)CC(C3CCCC(C4CCCCC4)C3)C2)CC1
C1CCC(CCC2CCC(CCC3CCCCC3)C(C3CCCCC3)C2)CC1
C1CCC(CCCC2CC(C3CCCCC3)CC(C3CCCCC3)C2)CC1
C1CCC(CCCC2CCC(CC3CCCC3)CC2)CC1
C1CCC(CC2CCC(C3CCCC(C4CCCCC4)C3)CC2)CC1
C1CCC(CC2CCC(CCCC3CCCC(CC4CCCC(C5CCCCC5)C4)C3)CC2)CC1
C1CCC(CCC2CCC(CC3CCCCC3)CC2)CC1
C1CCC2CC(C3CC(C4CCCCC4C4CCCC4)C4CCCCC34)CC2C1
C1CCC(C2CC(C3CCCC(C4CCC(CC5CC6CCCCC6C5)CC4)C3)C3CCCCC23)CC1
C1CCC(CC2CCC(CCC3CCCCC3CC3CCCCC3)CC2)CC1
C1CCC(C2CCC(C3CCC(C4CCCCC4C4CCCCC4)CC3)CC2)CC1
C1CCC(C2CCC(C3CCCCC3)C2)CC1
C1CC(C2CCCC(C3CCCC(CCC4CCCC(C5CCC6CCCCC65)C4)C3)C2)C1
C1CCC(CCC2CCCC(C3CCC(C4CCCC4)CC3)C2)CC1
C1CCC(CC2CCC(CC3CCC(C4CCCC4)CC3)CC2)CC1
C1CCC(CC2CCCCC2CC2CCCCC2)CC1
C1CCC(CCC2CC(CC3CCC(C4CCCC4)CC3)C3CCCCC23)CC1
C1CCC(CC2CCC(C3CCCCC3)CC2)CC1
C1CCC(CC2CCC(CC(C3CCCCC3)C3CCCCC3)CC2)CC1
C1CCC(CCC2CCCCC2)CC1
C1CCC(CC2CC(C3CCCCC3)CC(C3CCCCC3)C2)CC1
C1CCC(CC2CCC(CC3CCC(C4CCCCC4)CC3)CC2)CC1
C1CCC(CC2CCC(C3CCC4CCCC4C3)CC2)CC1
C1CCC(CCC2CC(C3CCCCC3)CCC2C2CCC(C3CCCCC3)CC2)CC1
C1CCC(CC2CCCC(CC3CCCCC3)C2)CC1
C1CCC(CC2CCC(CC3CCCCC3C3CCCCC3)CC2)CC1
C1CCC(C2CCCC(C3CCCCC3C3CCCCC3C3CCCCC3)C2)CC1
C1CCC(C2CCC3CC(C4CCCCC4)CCC3C2)CC1
C1CCC(C2CCC(C3CCCC3)CC2)CC1
C1CCC(CC2CCC(CC(C3CCCCC3)C3CCC(CC4CCCCC4)CC3)CC2)CC1
C1CCC(C2CCCC(C3CCCC4CCCCC43)C2)CC1
C1CCC(CC2CCC(CC3CCC(C4CCCCC4CC4CCCCC4)CC3)CC2)CC1
C1CCC(CC2CCC(C3CCCC(CC4CCC(CC5CC6CCCCC6C5)CC4)C3)CC2)CC1
C1CCC(CCC2CCCC(C3CCCCC3)C2)CC1
C1CCC(CC2CCC(CC3CCC(C4CCCCC4)CC3)CC2)CC1
C1CCC(CC2CCC(C3CCC(C4CCCCC4CC4CCCCC4)CC3)CC2)CC1
C1CCC(CC2CCC(C3CC4CCCCC4C3)CC2)CC1
C1CCC(CC2CCCC(C3CCCCC3)C2)CC1
C1CCC(CC2CCC3C(C4CCCCC4)CC(C4CCCCC4)C3C2)CC1
C1CCC(C2CCC(CC3CCCC(C4CCCCC4)C3)CC2)CC1
C1CCC(CC2CCC(CCC3CC(CC4CCCCC4)C4CCCCC34)CC2)CC1
C1CCC(CCCCC2CCCC(C3CCCCC3)C2)CC1
C1CCC(C2CCC(C3CCCC(C4CCCC4)C3)CC2)CC1
C1CCC(CC2CCCCC2CC2CCCC(C3CCCCC3)C2)CC1
C1CCC(CCCCC2CCC(C3CCCCC3)CC2C2CCC3CCCC3C2)CC1
C1CCC(CC2CCC(C3CCCCC3)C(C3CCC4CCCC4C3)C2)CC1
C1CCC(C2CCC(C3CCCC(CCC4CC5CCCCC5C4)C3)CC2)CC1
C1CCC(CCCC2CCC(CCC3CCCCC3)CC2)CC1
C1CCC(CC2CCC(C3CCC(CC4CCC5CCCC5C4)CC3)CC2)CC1
C1CCC(CC2CCCC(C3CC4CCC(CC5CCCCC5)CC4C(C4CCCCC4)C3)C2)CC1
C1CCC(CC2CCC(C3CCCC(C4CCCCC4)C3)CC2)CC1
C1CCC(CCCC2CCC(C3CCCCC3)CC2)CC1
C1CCC(C2CCC(C3CC(C4CCCCC4)C4CCCCC34)CC2)CC1
C1CCC2CC(C3CCCC(C4CCC5CCCC5C4)C3)CCC2C1
C1CCC(C2CCC(C3CCCCC3C3CCCC3)CC2C2CCCC2)CC1
C1CCC(CC2CCC(CC3CCC(CC4CC(CC5CCCCC5)C5CCCCC45)CC3)CC2)CC1
C1CCC(CC2CC(C3CCCC(CC4CCC5CCCCC54)C3)C3CCCCC23)CC1
C1CCC(C2CCC(C3CCCCC3C3CCC4CCCCC4C3)CC2)CC1
C1CCC(CCC2CCC(C3CCCCC3)CC2)CC1
C1CCC(C2CCC(CC3CCC(CC4CCCCC4C4CCC5CCCCC54)CC3)CC2)CC1
C1CCC2CC(CC3CCCCC3C3CCC(C4CCC5CCCCC54)CC3C3CCCC3)CC2C1
C(CCC1CCC(C2CCCCC2)CC1)CCC1CCCC(C2CCC2)C1
C1CCC(C2CCC(C3CC4CCCCC4C3)CC2)CC1
C1CCC(CCC2CCC(CC3CCC(CC4CCCCC4)CC3)CC2)CC1
C1CCC(CCC2CC(C3CCC4CCCCC43)CC3CCC(C4CCCCC4)CC23)CC1
C1CCC(CC2CCC(CCC3CCCCC3C3CCC(C4CCCCC4)CC3)CC2)CC1
C1CCC(CC2CCCC(C3CCC(CC4CCC(CCCC5CCCC5)CC4)CC3)C2)CC1
C1CCC(CCC2CCC(C3CCCC(C4CCCCC4)C3)CC2)CC1
C1CCC(CCCC2CCC(CC3CCCCC3)CC2)CC1
C1CCC(CCCC2CC(C3CC3)CCC2C2CCCCC2)CC1
C1CCC(CCC2CC(CCCC3CCC(C4CCCCC4)CC3)CCC2C2CCCCC2)CC1
C1CCC(CCC2CC(CC3CCCCC3)CCC2C2CCCCC2)CC1
C1CCC(CC2CCCC3CC(C4CCCCC4)CCC23)CC1
C1CCC(CC2CCC(CC3CCCC(C4CCCCC4C4CCCCC4)C3)CC2)CC1
C1CCC(CC2CCCC(CC3CC(C4CCCCC4)C4CCCCC34)C2)CC1
C1CCC(CC2CCCCC2C2CC(CC3CCCC(CC4CCC4)C3)C3CCCCC32)CC1
C1CCC(CCC2CCCCC2C2CCCCC2C2CCC3CCCCC3C2)CC1
C1CCC(C2CCC(CC3CCCCC3C3CCCCC3)CC2)CC1
C1CCC(C2CCCC(C3CCCCC3)C2)CC1
C1CCC(C2CCC(CCCC3CCCC(C4CCCC(C5CCCCC5)C4)C3)CC2)CC1
C1CCC(C2CCC(CCC3CC(CCCC4CCC4)CCC3C3CCC4CCCC4C3)CC2)CC1
C1CCC(C2CCCC(CCC3CCCC(CCC4CC4)C3)C2)CC1
C1CCC(CC2CCC(CC3CCC(CCC4CCCC(C5CCCCC5)C4)CC3)CC2)CC1
C1CCC(C2CCC(CCC3CC4CCCCC4C3)CC2)CC1
C1CCC(C2CCC(CC3CCC(C4CCCCC4)C3)CC2)CC1
C1CCC(C2CCCC(CC3CC(C4CCCCC4)C4CCCCC34)C2)CC1
C1CCC(CCCC2CCC(CCC3CCCC(C4CCCCC4)C3)CC2)CC1
C1CCC(CC2CCC(C3CCC(C4CCC(C5CCC5)CC4C4CCCCC4)CC3)C(CC3CC3)C2)CC1
C1CCC(C2CCCC(C3CCCC(CCCC4CC5CCCCC5C4)C3)C2)CC1
C1CCC(CCC2CCC(CCC3CCC(CC4CCC(C5CCCCC5)CC4)CC3)CC2)CC1
C1CCC(CC2CCCC(CC3CCCCC3)C2)CC1
C1CCC(CCC2CCCCC2C2CCC(C3CC3)CC2)CC1
C1CCC(CCC2CCC(CC3CCCCC3)CC2)CC1
C1CCC(CC2CC(C3CCCCC3)C(C3CCCCC3)C(C3CCCC3)C2)CC1
C1CCC(CC2CCC(C(C3CCCCC3)C3CCCCC3)CC2)CC1
C(CCC1CCCC(C2CCC2)C1)CC1CCCC(CC2CCC(C3CCCC(C4CCCC4)C3)CC2)C1
C1CCC(C2CCC(C3CCCCC3)CC2)CC1
C1CCC(CC2CCCC(C3CCCCC3)C2)CC1
C1CCC(CC2CCC(C3CC(C4CCC(C5CCCCC5)CC4)C4CCCCC34)CC2)CC1
C1CCC(C2CCCCC2C2CCCC(CC3CC3)C2)CC1
C1CCC(CC2CCC(CC3CCCCC3)CC2)CC1
C1CCC(C2CCC(CC3CC(C4CCCCC4C4CCCCC4)C4CCCCC34)CC2)CC1
C1CCC(CC2CCCC(C3CCCC(C4CCCCC4)C3)C2)CC1
C1CCC(CC2CCC(C3CCC(C4CCCCC4)CC3)CC2)CC1
C1CCC(CCCCC2CCCCC2C2CCCCC2CC2CCCCC2)CC1
C1CCC(C2CCC(CC3CCCC(CC4CC4)C3)CC2)CC1
C1CCC(CC2CCC(CC3CCC(C4CCCC(CC5CC6CCCCC65)C4)CC3)CC2)C1
C1CCC(C2CCCCC2C2CCC(C3CCCC(CCC4CCCC4)C3)CC2)CC1
C1CCC(C2CCCCC2C2CCCC2)CC1
C1CCC(C2CCCCC2CCC2CCC(CCCC3CCCC3)CC2)CC1
C1CCC(C2CCC(CCC3CC4CCCCC4C3)CC2)CC1
C1CCC(CC2CCC(CC3CCCC(CC4CCCCC4)C3)CC2)CC1
C1CCC(C2CCC3CCC(C4CCCCC4)C3C2)CC1
C1CCC(C2CCC(CC3CC4CCCCC4C3)CC2)CC1
C1CCC(C2CCC(CC3CCC(CC4CC4)CC3)C(C3CCC4CCCC4C3)C2)CC1
C1CCC(CC2CCC(C3CCCCC3)CC2)CC1
C1CCC(C2CCC3C(CCC4CCC5CCCCC5C4)CCCC3C2)CC1
C1CCC(CC2CCC(C3CCCC(C4CCC(CC5CCCC5)CC4)C3)CC2)C1
C1CCC(CCC2CCC(CC3CCCCC3)CC2)CC1
C1CCC(CCC2CCC(CC3CCC(C4CCCCC4)CC3)CC2)CC1
C1CCC(C2CCCCC2)CC1
C1CCC(CC2CCC(C3CCCC(CCCC4CCC5CCCCC54)C3)CC2)CC1
C1CCC(CC2CCCCC2C2CCC(C3CCC(C4CCCCC4)CC3)CC2)CC1
C1CCC(CCCC2CC(C3CC3)CC(C3CCCC(CCC4CCCCC4)C3)C2)CC1
C1CCC(C2CCCCC2C2CCCC(C3CCCCC3CC3CCCC3)C2)CC1
C1CCC2CC(CCC3CCC4CCCC4C3)CCC2C1
C1CCC(C2CCCC(CC3CCCCC3CCC3CC4CCCCC4C3)C2)CC1
C1CCC(CC2CCC(CC3CCCCC3)CC2)CC1
C1CCC(C2CC(C3CCC(CC4CCCC4)CC3)C3CCCCC23)CC1
C1CCC(C2CCCC(CC3CCC(CC4CCCC5CC(C6CCCCC6)CCC45)C3)C2)CC1
C1CCC(C2CCCC(C3CCC(CCC4CCC5CCCCC54)CC3)C2)CC1
C1CCC(CCCCC2CCCCC2)CC1
C1CCC(C2CCC(CC3CCC4CCCC4C3)CC2)CC1
C1CCC(C2CCCC(CC3CCCC(C4CCCCC4)C3)C2)CC1
C1CCC(CCC2CCC(C3CCC(CC4CCC(CC5CCCCC5)CC4)CC3)CC2)CC1
C1CCC(CCC2CCCC(CC3CCCCC3)C2)CC1
C1CCC(CC2CCC(C3CCC(C4CCCCC4)CC3)CC2)CC1
C1CCC(CCC2CCCC(C3CCCC(C4CCCCC4)C3)C2)CC1
C1CCC(C2CCCC(C3CCCC(CCCC4CCC5CCCCC54)C3)C2)CC1
C1CCC(CC2CCCC(CCC3CCC(C4CCCC(CC5CCCC5)C4)CC3)C2)C1
C1CCC(CCC2CC(C3CCCCC3)CC(C3CCCC(CC4CCCCC4)C3)C2)CC1
C1CCC(CCCC2CCCC(C3CCCC(CC4CCCCC4)C3)C2)CC1
C1CCC(CCC2CCC(CC3CCC(CC4CCC(C5CCCCC5)CC4)CC3)CC2)CC1
C1CCC(CC2CCC(CC3CCCCC3)CC2)CC1
C1CCC(CCCCCC2CCC(CC3CCC(CC4CCCCC4)CC3)CC2)CC1
C1CCC(C2CCC(C3CCCCC3)C(C3CCCCC3)C2)CC1
C1CCC(CCCC2CCC(C3CCC(CC4CC5CCCCC5C4)CC3)CC2)CC1
C1CCC(CC2CCC(C3CCCC(C4CCCCC4)C3C3CCCCC3)CC2)CC1
C1CCC(CC2CCCC(C3CCCC(CCC4CCCC4)C3)C2)CC1
C1CCC(CCCC2CC3CCC(C4CCC5CCCCC54)CC3C(C3CCCCC3)C2)CC1
C1CCC(C2CC(CCCCC3CCC4CCCCC4C3)CC(C3CCCCC3)C2)CC1
C1CCC(CC2CCC(C3CCC4CCCCC43)C(CC3CCCCC3)C2)CC1
C1CCC(CCCC2CCCC(C3CCCC(C4CC4)C3)C2)CC1
C1CCC(CCC2CC(C3CCC(CC4CCCCC4)CC3)C3CCCCC23)CC1
C1CCC(CC2CCCC(C3CC4CCCC4CC3CC3CC4CCCCC4C3)C2)CC1
C1CCC(C2CCCC(C(C3CCCCC3)C3CCC4CCCC4C3)C2)CC1
C1CCC(C2CCC(CCC3CCCCC3CC3CCC4CCCC4C3)CC2)CC1
C1CCC(CC2CCC(CCC3CCCC(C4CCCCC4C4CCCC4)C3)CC2)CC1
C1CCC(CC2CCC(CC3CCCCC3C3CCC4CCCCC4C3)CC2)CC1
C1CCC(CC2CCC(CC3CCC4CCCCC4C3)CC2)CC1
C1CCC(C2CCCC(C3CCC(C4CCCCC4C4CCC5CCCC5C4)CC3)C2)CC1
C1CCC(CCCC2CCC(CC3CCC(CC4CCCCC4)CC3)CC2)CC1
C1CCC(CC2CC(CC3CCC(CC4CCCC(C5CCCCC5)C4)CC3)C3CCCCC23)CC1
C1CCC(C2CCCC(CC3CCCC3C3CCCCC3)C2)CC1
C1CCC(CCCCC2CCC(CCC3CCCCC3)CC2)CC1
C1CCC(CCC2CCC(CCC3CCCCC3CC3CC4CCCCC4C3)CC2)CC1
C1CCC(CC2CCCC(CCC3CCCC(C4CCCCC4)C3)C2)CC1
C1CCC(CCC2CCC(C3CCCCC3)CC2)CC1
C1CCC(CCC2CCC(CC3CCCCC3)CC2)CC1
C1CCC(CCC2CCCCC2CC2CCCC(C3CCC4CCCC4C3)C2)CC1
C1CCC(C2CCCC(C3CCC(CC4CC(C5CCC5)C5CCCCC45)CC3)C2)CC1
C1CCC(C2CCC(CC3CCCCC3C3CCC4C(CCCC4C4CCCCC4)C3)CC2)CC1
C1CCC(CC2CCC(C3CC(CC4CCCCC4)C4CCCCC43)CC2)CC1
C1CCC(C2CCCC(CCC3CCC(C4CCCC4)CC3)C2)CC1
C1CCC(CC2CC(C3CCCCC3)CCC2C2CCCCC2)CC1
C1CCC(CC2CCCC(C3CCCCC3C3CCCC(C4CCCC4)C3)C2)CC1
C1CCC(CC(CC2CCCC(C3CCCCC3)C2)CC2CC3CCCCC3C2)CC1
C1CCC(CCC2CCC(CC3CCCCC3C3CCC4CCCCC43)CC2)CC1
C1CCC(CCC2CC(CC3CCC(CC4CCCC4)CC3)CCC2C2CCC(C3CCCCC3)CC2)CC1
C1CCC(C2CCCCC2CCC2CC3CCCCC3C2)CC1
C1CCC(CCCCC2CCCC(C3CCC(C4CCCC4)CC3)C2)CC1
C1CCC(CC2CCCC(C3CCCC(C4CCCCC4)C3)C2)CC1
C1CCC(C2CCC(CC3CCC(C4CCCCC4)CC3)CC2)CC1
C1CCC(CCC2CCCCC2)CC1
C1CCC(CCC2CCC(CC3CCCC(C4CCCC(C5CCCCC5)C4)C3)CC2)CC1
C1CCC(CCCCCC2CCCCC2)CC1
C1CCC(CCC2CCC(C3CCCCC3)CC2)CC1
C1CC(C2CCC(C3CCC(C4CCC(CC5CC6CCCCC6C5)CC4)CC3)CC2)C1
C(CCC1CC2CCCCC2C1)CC1CCC(C2CCCC(C3CCC3)C2)CC1
C1CCC(CC2CCCCC2CC2CCCCC2)CC1
C1CCC(CCCC2CCCC(C3CCCC(CC4CCCCC4)C3)C2)CC1
C1CCC(C2CCCC(CC3CCCC(C4CCCC(C5CCCCC5)C4)C3)C2)CC1
C1CCC(CC2CCC(CC3CCC(C4CCCC(CC5CC5)C4)CC3)CC2)CC1
C1CCC(CC2CCCC(C3CCCC(C4CCC4)C3C3CC3)C2)CC1
C1CCC(CC2CCC(CC3CC(CC4CCCCC4)C4CCCCC34)CC2)CC1
C1CCC(CC2CCC3C(CCCC3C3CCCC4CC(C5CCCCC5CC5CCCCC5)CCC43)C2)CC1
C1CCC(C2CCC(CC3CCC(CC4CCCC4)CC3)CC2)CC1
C1CCC(CCC2CCC(CC3CCC4CCCCC4C3)CC2)CC1
C1CCC(CCCCC2CCC(CC3CCCCC3)CC2)CC1
C1CCC(CC2CCCC(C3CCC4C(CCCC4C4CCCC4)C3)C2)CC1
C1CCC(CCC2CCC(C3CCC4CCCCC43)C(C3CCCCC3)C2)CC1
C1CCC(C2CC(C3CCC(CC4CCCCC4C4CCCC5CCCCC54)CC3)C2)CC1
C1CCC(CCC2CCC(CC3CCC(CC4CCCCC4)CC3)CC2)CC1
C1CCC(CC2CCCC(C3CCCC(CC4CCCCC4)C3)C2)CC1
C1CCC(CC2CCC(CC3CCCCC3)CC2)CC1
C1CCC(CC2CCCCC2CC2CC(CCC3CCCC3)CC(C3CCCCC3)C2)CC1
C1CCC(CCC2CCCC(CC3CCC(CC4CCCCC4)C(C4CCCC4)C3)C2)CC1
C1CCC(CC2CCCCC2C2CCC3CCCCC3C2)CC1
C1CCC(CC2CCCC(CC3CCC(C4CC5CCCCC5C4)CC3)C2)CC1
C1CCC(C2CCC(CCC3CCC(C4CCCC4)CC3)C(C3CCCC3)C2)CC1
C1CCC(C2CCC(CC3CCC(CC4CCCC(CCC5CCCC(C6CCCCC6)C5)C4)CC3)CC2)CC1
C1CCC(CC2CCC(CC3CCCC(C4CCC5CCCCC54)C3)CC2)CC1
C1CCC(CCC2CCCC(C3CCC4CCCC4C3)C2)C1
C1CCC(C2CCCC(C3CCCCC3)C2)CC1
C1CCC(C2CCCCC2)CC1
C1CCC(CC2CCCC(C3CCCCC3)C2)CC1
C1CCC(CC2CCCCC2C2CCC(C3CCCCC3)CC2)CC1
C1CCC(CCC(C2CCC3CCCC3C2)C2CCCC(C3CCCC(C4CCCC4)C3)C2)CC1
C1CCC(CC2CCCC(CC3CCC(C4CCCCC4)CC3)C2)CC1
C1CCC(C2CCC(CCCC3CCCC(C4CCCCC4)C3)CC2)CC1
C1CCC(C2CCCCC2C2CCCC(C3CCCCC3C3CCCCC3)C2)CC1
C1CCC(CC2CCC(C3CCCC3)CC2)CC1
C1CCC2C(C1)CCC2CC1CCC(C2CCCC3CCCCC32)CC1CCC1CC1
C1CCC(C2CCC(C3CCCC(C4CCCCC4)C3)CC2)CC1
C1CCC(CC2CCCC(CCC3CCCC3)C2)CC1
C1CCC(CC2CCCC(CC3CCCC(C4CCCCC4)C3)C2)CC1
C1CCC(CC2CCC(CC3CCC(CCCCC4CCC(C5CCCC(C6CCC6)C5)CC4)CC3)CC2)CC1
C1CCC(CCC2CCCC(C3CCC(CC4CC5CCCCC5C4)C3)C2)CC1
C1CCC(C2CCC(C3CC(C4CCCCC4)C4CCCCC34)CC2)CC1
C1CCC(C2CCC(C3CCC(CCC4CCCCC4C4CCCCC4)CC3)CC2)CC1
C1CCC(C2CCC3CCCC(C4CCCC(C5CCC5)C4)C3C2)CC1
C1CCC(C2CCC3C(CC4CCC(CC5CCCC5)CC4)CCCC3C2)CC1
C1CCC(CC2CC(C3CCC4CCCCC4C3)C3CCCCC23)CC1
C1CCC(CC2CCC(C3CCCC(CC4CCCC(CC5CCCCC5)C4)C3)CC2)CC1
C1CCC(CC2CCCC(CC3CCCC(C4CCCCC4C4CCCCC4)C3)C2)CC1
C1CCC(C2CCCC(C3CCCCC3C3CCCCC3C3CCCCC3)C2)CC1
C1CCC(C2CCC(C3CCCC(C4CCC5CCCCC54)C3)CC2)CC1
C1CCC(CC2CCC(CC3CCCCC3)CC2)CC1
C1CCC(C2CCCC(C3CCCCC3)C2)CC1
C1CCC(CCC2CCCCC2CCCCC2CCCC(CC3CCCCC3)C2)CC1
C1CCC(C2CCCC(C3CCCC(C4CCCCC4)C3)C2)CC1
C1CCC(CC2CCCC(C3CCC4CCCCC43)C2)CC1
C1CCC(CC2CCC(CC3CCCCC3)CC2)CC1
C1CCC(C2CCC3C(CCCC3C3CCC(C4CCC(C5CCCC5)CC4)CC3)C2)CC1
C1CCC(CCC2CCC(C3CCCCC3)CC2)CC1
C1CCC(C2CCC(C3CCCC(CC4CC5CCCCC5C4)C3)CC2)CC1
C1CCC(CC2CCCCC2CC2CCC(C3CCCCC3)CC2)CC1
C1CCC(CC2CC(C3CCC4CCCCC4C3)C3CCCCC23)CC1
C1CCC(CCC(CC2CCCCC2)C2CCC(C3CCCC(CC4CCCC4)C3)CC2)CC1
C1CCC(C2CCC(C3CCCCC3C3CCCCC3)C2)CC1
C1CCC(CC2CCC3C(CC4CCCCC4)CC(C4CCCCC4C4CCCCC4)C3C2)CC1
C1CCC(C2CCCC(C3CCCCC3)C2)CC1
C1CCC(CC2CCC(C3CCCCC3)CC2C2CCCC2)CC1
C1CCC(CCCC2CCC(C3CCCCC3)C2)CC1
C1CCC(CCC2CCC(C3CCCCC3)C2)CC1
C1CCC(C2CCC(CC3CCC(CC4CCC5CCCCC54)CC3)CC2)CC1
C1CCC(C2CCC(CCC3CCC(C4CCCCC4)CC3)CC2)CC1
C1CCC(CC2CCC(CC3CCCCC3)C(CC3CCCCC3C3CCC4CCCCC4C3)C2)CC1
C1CCC(CCC2CCC(C3CC4CCCCC4C3)CC2)CC1
C1CCC(CCCC2CCC(C(CC3CCCCC3)C3CCCCC3)CC2)CC1
C1CCC(CC2CCCC(C3CCCCC3CC3CCCCC3)C2)CC1
C1CCC(C2CCCC(C3CCCCC3)C2)CC1
C1CCC(C2CCCC(C3CCC(CC4CC4)CC3)C2)CC1
C1CCC(CCC2CC(CCCC3CC3)CC(C3CCCCC3)C2)CC1
C1CCC(CCCCC2CCCC(CCC3CCCCC3)C2)CC1
C1CCC(C2CCCC(C3CCCC4CC(C5CC6CCCCC6C5)CCC43)C2)CC1
C1CCC(CCCC2CCC(C3CCCCC3)CC2)CC1
C1CCC(CCCC2CCC(C3CCC(CC4CCCCC4)CC3)CC2)CC1
C1CCC(C2CCC(C3CCCCC3C3CCCCC3)CC2)CC1
C1CCC(CC2CCC(CC3CCCCC3)CC2)CC1
C1CCC(CCCCCC2CCCCC2)CC1
C1CCC(CCC2CCC(CCC3CCCC(C4CCCCC4)C3)CC2)CC1
C1CCC(C2CCCC(C3CCCCC3C3CCCC3)C2)CC1
C(CCCC1CCCCC1)CCCC1CC2CCCCC2C1
C1CCC(CC2CCC(C3CCC(C4CCCCC4)CC3)CC2)CC1
C1CCC(CC2CCC(CCCC3CCC4CCCCC4C3)CC2)CC1
C1CCC(CC2CCCC(C3CCCC(C4CCCCC4)C3)C2)CC1
C1CCC(CCC2CCC(CCCC3CCCCC3CC3CCCC3)CC2)CC1
C1CCC(C2CCCCC2CCCC2CCCC3CCCCC32)CC1
C1CCC(CC2CC(C3CCCC3)CCC2C2CCCCC2C2CCC3CCCC3C2)CC1
C1CCC(CC2CCCCC2CCCC2CCC(C3CC4CCCCC4C3)CC2)CC1
C1CCC(CCCCCC2CCC(CCCC3CCCCC3)CC2)CC1
C1CCC(CC2CCC(CC3CCC(CCCC4CCC(C5CC5)CC4)CC3)CC2)CC1
C1CCC(C2CCCCC2CCC2CCCC2)CC1
C1CCC(CC2CCC(C3CC(C4CCCCC4)C4CCCCC34)CC2)CC1
C1CCC(C2CCC(C3CCC4CCCC4C3)C(C3CCC4C(CCC4C4CCCCC4)C3)C2)CC1
C1CCC(CC2CCCCC2CC2CCCCC2)CC1
C1CCC(CCCC2CCC(C3CCCC(CCC4CCC(CC5CC5)CC4)C3)CC2)CC1
C1CCC(CC2CCCC(C3CCCCC3)C2)CC1
C1CCC(CC2CCC(CCC3CCCCC3C3CCCCC3)CC2)CC1
C1CCC(CCC2CCCCC2C2CCC(CCC3CCCC(C4CCCCC4)C3)CC2)CC1
C1CCC(CCC2CCC(CC3CCC(CC4CCCCC4C4CCCC4)CC3)CC2)CC1
C1CCC(CC2CCC(CCC3CCCC(C4CCCCC4)C3)C(CCC3CC3)C2)CC1
C1CCC(CC2CCC(CC3CCCCC3)C(CC3CCCCC3)C2)CC1
C1CCC(C2CC(C3CCCCC3)C3CCCCC23)CC1
C1CCC(C2CCC(C3CCC3)CC2)CC1
C1CCC(CC2CCC(C3CCCCC3C3CCCCC3)CC2)CC1
C1CCC(CC2CCCC(C3CC4CCCCC4C3)C2)CC1
C1CC2CCC(C3CC(C4CC4)CCC3C3CCC4CCCCC43)CC2C1
C1CCC(CCC2CCC(C3CCCCC3C3CCCC3)CC2)CC1
C1CCC(CCC2CCC(C3CCCCC3)CC2)CC1
C1CCC(C2CCCC(CCC3CCC(CC4CCC(C5CCCC5)CC4)CC3)C2)CC1
C1CCC(CC2CCC(C3CCCC3)CC2)CC1
C1CCC(CCCC2CCCCC2CCC2CCCCC2)CC1
C1CCC(CC2CCCC2C2CCC(C3CCC(C4CCCCC4)CC3)CC2)CC1
C1CCC(C2CCC(C3CCC3)CC2)CC1
C1CCC(C2CCCC(C3CCC4CCCC4C3)C2)CC1
C1CCC(C2CCCC(C3CCCC(CC4CC(C5CCCCC5)C5CCCCC45)C3)C2)CC1
C1CCC(CCCCC2CC(C3CCCCC3)C(C3CCCCC3)C(C3CCC3)C2)CC1
C1CCC(CCCCCC2CCCCC2C2CCC(C3CC4CCCCC4C3)CC2)CC1
C1CCC(C2CCCCC2CC2CCC3CCCCC3C2)CC1
C1CCC(C2CCCC(C3CCC(C4CC(C5CCCCC5)C5CCCCC54)C(C4CCCC4)C3)C2)CC1
C1CCC(CC2CCC(CC3CCCCC3)CC2)CC1
C1CCC(CCC2CC(C3CCCCC3)CC(C3CCCC3)C2)CC1
C1CCC(C2CC(C3CCC4CCCCC43)CC3CCC(CCC4CC4)CC32)CC1
C1CCC(CC2CCC(CCCCC3CCC3)CC2)CC1
C1CCC(CC2CCCC(CCC3CC3)C2)CC1
C1CCC(C2CCC(CC3CC4CCCCC4C(C4CCCCC4)C3)CC2)CC1
C1CCC(C2CCCC(C3CCCCC3C3CC4CCCCC4C3)C2)CC1
C1CCC(CC2CCC(CC3CCC(C4CCCCC4)CC3)CC2)CC1
C1CCC(CC2CC2)CC1
C1CCC(CCCCC2CCCCC2C2CCCCC2)CC1
C1CCC(CCC2CCC(CC3CCC(C4CCCC4)CC3)CC2)CC1
C1CCC(C2CCC(C3CCCCC3C3CCCC3)CC2)CC1
C1CCC(CC2CCC(C3CCC(CC4CCCCC4C4CCCCC4)CC3)CC2)CC1
C1CCC(CCC2CCC(C3CCCCC3CCCC3CCCC(CC4CCCCC4)C3)CC2)CC1
C1CCC(CC2CCC3C(CC4CCCCC4)CCC3C2)CC1
C1CCC(C2CCCCC2CC2CCC(CCC3CC4CCCCC4C3)CC2)CC1
C1CCC(C2CCCC(C3CCCCC3)C2)CC1
C1CCC(C2CCC(CC3CCC4CCCCC4C3)CC2)CC1
C1CCC(CC2CCC(C3CCC(CC4CCCCC4)CC3)CC2)CC1
C1CCC(C2CCC(CC3CCCCC3CC3CCCC3)CC2)CC1
C1CCC(CC2CCC(CC3CCC(C4CCCCC4)CC3)CC2)CC1
C1CCC(C2CC(C3CCC4CCCC4C3)CC3CCC(CC4CCCC4)CC32)CC1
C1CCC(C2CCCC(C3CCCCC3C3CCC(CCC4CC5CCCCC5C4)CC3)C2)CC1
C1CCC(CCC2CCCCC2)CC1
C1CCC(C(C2CCCCC2)C2CC2)CC1
C1CCC(CC2CCC(C3CCC(CCC4CCCC(C5CCCCC5)C4)CC3)CC2)CC1
C1CCC(CCCC2CCCC(CC3CCCCC3)C2)CC1
C1CCC(CC2CCC(C3CCCCC3)CC2)CC1
C1CCC(CCC2CCCC(C3CCCCC3C3CCCCC3)C2)CC1
C1CCC(C2CCC(C3CCCC(C4CCCC(CC5CCC6CCCC6C5)C4)C3)CC2)C1
C1CCC(C2CC(CC3CCCC3)C3CCCCC32)CC1
C1CCC(CCCC2CCC3CC(C4CCC5CCCCC54)CC(C4CCCCC4)C3C2)CC1
C1CCC(CCCC2CCC(C3CCCC(C4CCCCC4)C3)CC2)CC1
C1CCC(CCC2CCCCC2C2CCCC(CC3CCCCC3)C2)CC1
C1CCC(CCC2CCCCC2CC2CCCCC2)CC1
C1CCC(CC2CCC(C3CCCC(CC4CCC5CCCCC5C4)C3)CC2C2CCCCC2)CC1
C1CCC(C2CC(C3CCC3)CC(C3CCCCC3C3CC4CCCCC4C3)C2)CC1
C1CCC(CC2CCCCC2CCC2CCC(C3CC(C4CC4)CCC3C3CCCC(C4CCCCC4)C3)CC2)CC1
C1CCC(C2CCCC(C3CCCCC3C3CCCCC3)C2)CC1
C1CCC(CCCC2CCCCC2C2CCCCC2)CC1
C1CCC(CCCC2CCC(CC3CCC4CCCCC4C3)CC2)CC1
C1CCC(CCCC2CCCC(C3CCC(CC4CCC4)CC3)C2)C1
C1CCC(CCC2CCC(C3CCCCC3)CC2C2CCCC2)CC1
C1CCC(CCCC2CCC(C3CCCCC3)CC2)CC1
C1CCC(CC2CCCC(C3CCCC(C4CCCC4)C3)C2)CC1
C(CCC1CCC(C2CCCCC2)CC1)CCC1CCCC(C2CC2)C1
C1CCC(C2CCCCC2C2CCCC(C3CCCC3)C2)CC1
C1CCC(CC2CC(C3CCCC3)CCC2C2CCCC(CC3CC4CCCCC4C3)C2)CC1
C1CCC(CCC2CCCC3CC(C4CCCC(C5CCC(C6CCCCC6)CC5)C4)CCC23)CC1
C1CCC(CC2CC(C3CCCCC3)CC(C3CCCCC3)C2)CC1
C1CCC(CC2CCC3CC(C4CCC(CCC5CCC5)CC4)CCC23)CC1
C1CC(C2CCCC(CC3CCCC4CCCCC43)C2)C1
C1CCC(C2CC(C3CCCCC3)CC(C3CCC(CCC4CC4)CC3)C2)CC1
C1CCC(C2CCC(CCC3CCCCC3C3CCCC3)CC2)C1
C1CCC(C2CCCC(C3CCCC(CCC4CC5CCCCC5C4)C3)C2)CC1
C1CCC(C2CCCC(C3CC(CCC4CCCCC4C4CCCCC4)CC(C4CCCCC4)C3)C2)CC1
C1CCC(C2CCC(C3CCCCC3)CC2)CC1
C1CCC(CC2CCC(C3CCCCC3CC3CCC(C4CCCCC4)CC3)CC2)CC1
C1CCC(CC2CCC(CC(C3CCCCC3)C3CCCCC3)CC2)CC1
C1CCC(CCC2CCCC(C3CCCCC3)C2)CC1
C1CCC2CC(CC3CCC(CCC4CC(C5CCCC5)C5CCCCC45)CC3)CCC2C1
C1CCC(C2CCCC(C3CCCCC3)C2)CC1
C1CCC(C2CCC(C3CCCCC3C3CCCCC3)CC2)CC1
C1CCC(CC2CCC(C3CCCCC3)CC2)CC1
C1CCC(CCCCC2CCCC(C3CCCCC3)C2)CC1
C1CCC(CC2CCC(CC3CCCCC3)CC2)CC1
C1CCC(CCC2CCCC(C3CCCCC3)C2)CC1
C1CCC(CC2CC(C3CCCCC3C3CCCC3)C3CCCCC23)CC1
C1CCC(CC2CCC(CC3CCC(CC4CCCCC4)CC3)CC2)CC1
C1CCC(C2CCCCC2)CC1
C1CCC(CCC2CCC(C3CCCCC3)CC2)CC1
C1CCC(CCCCCC2CCC(C3CCCC(CC4CC5CCCCC5C4)C3)CC2)CC1
C1CCC(CCC2CCCC(C3CCC(C4CCCCC4)CC3)C2)CC1
C1CCC(C2CCCCC2C2CCCC(C3CCCC3)C2)CC1
C1CCC(CC2CCCC(C3CCC(C4CCC5CCCCC54)CC3)C2)CC1
C1CCC(CC2CCCCC2C2CCCCC2)CC1
C1CCC(C2CCCC(C3CCCCC3CC3CCCC(CCCC4CCCC4)C3)C2)CC1
C1CCC(C2CCCC(C3CCCCC3)C2)CC1
C1CCC(CC2CCC(C3CCCCC3)CC2)CC1
C1CCC(CCC2CCC(C3CC(C4CCCCC4)CC(C4CCCCC4)C3)CC2)CC1
C1CCC(CCC2CC(CC3CCCCC3)CC(C3CCCCC3)C2CCC2CCCCC2)CC1
C1CCC(CC2CCCC(C3CCCCC3C3CCCC3)C2)CC1
C1CCC(CCC2CCC(C3CCCCC3)CC2)CC1
C1CCC(CC2CCC(CCC3CCC(CC4CCCCC4)CC3)CC2)CC1
C1CCC(CC2CC(C3CCC(C4CCCC(C5CCCC5)C4)CC3)C3CCCCC23)CC1
C1CCC(CC2CCC(C3CCCCC3)CC2)CC1
C1CCC(CC(CC2CCCCC2)C2CCCC(C3CCCCC3)C2)CC1
C1CCC(CCCC2C(C3CCCCC3)CC(C3CCC4CCCCC43)CC2C2CC2)CC1
C1CCC(CCC2CCC(CC3CCCCC3)CC2)CC1
C1CCC(C2CCC(C3CCCC(CC4CCCC4)C3)CC2)CC1
C1CC(CCC2CCC3CCCCC32)CC(C2CCCC(C3CCCC(C4CCC5CCCC5C4)C3)C2)C1
C1CCC(CC2CCC(CC3CCCC(C4CCC(C5CC5)CC4)C3)CC2)CC1
C1CCC(CC2CCC(CCCCC3CCC(C4CCCCC4)CC3)CC2)CC1
C1CCC(C2CCCC(CC3CCCC(C4CCCCC4)C3)C2)CC1
C1CCC(CC2CCCC(C3CCCC(CC4CCCC(C5CC5)C4)C3)C2)CC1
C1CCC(CCC2CCC(C3CCCCC3)C(C3CCCCC3)C2)CC1
C1CCC(CCCCC2CCC(CC3CCC(CC4CCCCC4)CC3)CC2)CC1
C1CCC(CCC2CCC(C3CCCCC3)CC2)CC1
C1CCC(C2CCC(CCC3CCC(CC4CCC5CCCCC54)CC3)CC2)CC1
C1CCC(CC2CCC(C3CCCCC3)CC2)CC1
C1CCC(C2CCC(C3CCCCC3C3CCCCC3)CC2)CC1
C1CCC(CCCC2CCC(C3CCC4CCCCC4C3)CC2C2CCCCC2)CC1
C1CCC(CC2CCC(C3CCCCC3C3CCCCC3)CC2)CC1
C1CCC(C2CC(C3CCCCC3)C3CCCCC23)CC1
C1CCC(CCC2CCC(CCC3CCCC(C4CCCC(C5CCCC5)C4)C3)CC2)CC1
C1CCC(C2CCCCC2CCCC2CCCC2)CC1
C1CCC(C2CCC(CCC3CCC(CC4CCCC4)CC3)CC2)CC1
C1CCC(CCC2CCCCC2CC2CC(CC3CC3)CC(C3CCCCC3)C2)CC1
C1CCC(CC2CCCC(CC3CCC(CCCCC4CCCC4)CC3)C2)CC1
C1CCC(C2CCCCC2C2CCCCC2)CC1
C1CCC(CCC2CCC(CC3CCCCC3)CC2)CC1
C1CCC(CC2CCCC(CC3CCCCC3C3CCCCC3)C2)CC1
C1CCC(C2CCC(C3CCCCC3)CC2)CC1
C1CCC(CCC2CCCC(C3CCC4CCCC4C3)C2)CC1
C1CCC(CCC2CCC(C3CCCCC3)CC2CC2CC3CCCCC3C2)CC1
C1CCC(CCC2CCCC(C3CCC(C4CCCCC4)CC3)C2)CC1
C1CCC(CC2CCCCC2)CC1
C1CCC(CC2CC(CC3CCC(CC4CCCC(C5CCCCC5)C4)CC3)C3CCCCC23)CC1
C1CCC(CCCC2CCC(CC3CCC(C4CCCCC4)CC3)CC2)CC1
C1CC(CCC2CC3CCCCC3C2)CC(CC2CCC3CCCC3C2)C1
C1CCC(CC2CCCC(C3CCCCC3C3CCCCC3)C2)CC1
C1CCC(CC2CCCCC2C2CCCCC2)CC1
C1CCC(C2CCCC(CC3CCC(CC4CCCC(CC5CCCC(C6CCCC6)C5)C4)CC3)C2)CC1
C1CCC(CC2CCC(CC3CCC(C4CCCCC4)CC3)CC2)CC1
C1CCC(CCC2CCC(CC3CCC(C4CCCC(C5CCCCC5C5CC5)C4)CC3)CC2)C1
C1CCC(C2CCC(CC3CC(C4CCCCC4)C4CCCCC34)CC2)CC1
C1CCC(CC2CCCC(C3CCCCC3)C2)CC1
C1CCC(CCCC2CCCC(CCC3CCCC(CC4CC4)C3)C2)CC1
C1CCC(C2CCC(C(CC3CCC(CCCCC4CC4)CC3)C3CCCCC3)CC2)CC1
C1CCC(CC2CCC(C3CCCCC3)CC2)CC1
C1CCC(CC2CCC(C3CCCCC3C3CCCC3)CC2)CC1
C1CCC(CC2CCC(CC3CCC4CCCCC43)CC2)CC1
C1CCC(C2CCC(C3CCCCC3)CC2)CC1
C1CCC(C2CCCCC2C2CCC(C3CC(C4CCC5CCCCC5C4)C4CCCCC34)CC2)CC1
C1CCC(C2CC3CCC(C4CCCCC4)CC3C(C3CCCCC3)C2)CC1
C1CCC(CCCCCC2CCC(C3CCCCC3)CC2)CC1
C1CCC(C2CCCC(C3CCC(CC4CCCCC4C4CCCC(CCCC5CCCC5)C4)CC3)C2)CC1
C1CCC(C2CCCCC2)CC1
C1CCC(CC2CCCCC2CC2CCCCC2)CC1
C1CCC(CCC2CCCC(C3CCCCC3)C2)CC1
C1CCC(CCCCC2CCC(C3CCCCC3)CC2)CC1
C1CCC(CC2CCCC(CCCC3CCCC4CCCCC43)C2)CC1
C1CCC(C2CCC(CC3CCCC(C4CCCCC4C4CCCC4)C3)CC2)C1
C1CCC(C2CCCC2C2CCCC(C3CCCCC3)C2C2CCCCC2)CC1
C1CCC(CC2CCC(C3CCCCC3C3CCCCC3)CC2)CC1
C1CCC(C2CCCC(C3CCCC(CCC4CCCC(C5CCCC5)C4)C3)C2)CC1
C1CCC(CC2CCCC(C3CCCCC3)C2)CC1
C1CCC(CCCC2CCC(C3CCCCC3C3CCC3)CC2)CC1
C1CCC(C2CCCC(C3CCCC(C4CCCCC4)C3)C2)CC1
C1CCC2CC(C3CCC(C4CCC(C5CCCCC5C5CC6CCCCC6C5)C4)CC3)CC2C1
C1CCC(CC2CC(C3CCCCC3)C3CCCCC23)CC1
C1CCC(CCCC2CCC(C3CCC(CC4CCCCC4)CC3)CC2)CC1
C1CCC(CCCCC2CCCC(C3CCCCC3)C2)CC1
C1CCC(CCCC2CC3CCCCC3C(C3CCCCC3)C2)CC1
C1CCC(CCC2CC3CCC(C4CCCC(CC5CCCCC5)C4)CC3C(C3CCCCC3)C2)CC1
C1CCC(C2CCC(CCCC3CC(CCC4CCC5CCCCC5C4)CC(C4CCCC4)C3)CC2)CC1
C1CCC(CC2CCC(CC3CCCC3)CC2)CC1
C1CCC(CCCC2CCC(CC3CCC(CCCC4CCCCC4)CC3)CC2)CC1
C1CCC(C2CCC(CC3CCCC(C4CCCC(C5CCCC5)C4)C3)CC2)CC1
C1CCC(CCC2CCCC(C3CCCCC3)C2)CC1
C1CCC(CC2CCC(C3CCCCC3)CC2)CC1
C1CCC(CC2CCCCC2C2CCC(CC3CCCC3)CC2)CC1
C1CCC(CC2C(C3CCCCC3)CCCC2C2CCCCC2)CC1
C1CCC(CC2CCC(CCC3CCC4CCCC4C3)CC2)CC1
C1CCC(CC(C2CCCCC2)C2CCCCC2C2CCCCC2)CC1
C1CCC(CCC2CC(C3CCCCC3)CC(CCC3CC4CCCCC4C3)C2CCC2CCCCC2)CC1
C1CCC(CCCC2CC(C3CCCCC3)CC(C3CCCCC3)C2)CC1
C1CCC(CC2CCCCC2C2CCCCC2)CC1
C1CCC(CC2CCC(C3CCC(CCC4CC5CCCCC5C4)CC3)CC2)CC1
C1CCC(CC2CCCCC2C2CCC(C3CCCCC3)CC2)CC1
C1CCC(C2CC(CC3CCC3)CC(C3CCCCC3)C2)CC1
C1CCC(CCC2CCC3C(CC4CCCCC4)CC(C4CCCCC4)C3C2)CC1
C1CCC(C2CCCCC2)CC1
C1CCC(C2CCC(C3CCCCC3)CC2)CC1
C1CCC(CC2CCCCC2C2CCCCC2)CC1
C1CCC(CCC2CCC(C3CCCCC3)CC2C2CCCCC2)CC1
C1CCC(C2CCC(C3CCCCC3)CC2)CC1
C1CCC(C2CCC(CCC3CC3)CC2CC2CCC3CCCCC32)CC1
C1CCC(CCC2CCCC(C3CCC(C4CCCCC4)CC3)C2)CC1
C(CCC1CCC2CCCCC12)CC1CCCC(C2CC3CCCCC3C2)C1
C1CCC(CCCC2CCC(CC3CCCCC3)CC2)CC1
C1CCC(C2CCCC(CC3CCCC4CC(C5CCCCC5)CCC34)C2)CC1
C1CCC(CCCC2CCC(CCC3CCCCC3)CC2)CC1
C1CCC(CC2CCC(CC3CCC(CC4CC4)CC3)CC2)CC1
C1CCC(CC2CCCC(C(C3CCCCC3)C3CCCC(C4CCCC4)C3)C2)CC1
C1CC(CCC2CCCC(C3CCCC3)C2)CC(CC2CC3CCCCC3C2)C1
C1CCC(CC2CCC3C(CCC3CC3CCCC(C4CCCCC4)C3)C2)CC1
C1CCC(CCCC2CCCC(C3CCCC(CC4CC5CCCCC5C4)C3)C2)CC1
C1CCC(CC2CC(C3CCC4CCCCC43)CC3CCCCC32)CC1
C1CCC(CCC2CCCC(C3CCCCC3C3CCCCC3)C2)CC1
C1CCC(CC2CCCC(CC3CCCC(C4CCCCC4)C3)C2)CC1
C1CCC(CCCCC2CCC(C3CCCCC3)CC2)CC1
C1CCC(CC2CC(CCC3CCCC(C4CCCCC4)C3)C3CCCCC23)CC1
C1CCC(CCC2CCC3CCC(C4CCCCC4)CC3C2)CC1
C1CCC(C2CCC(C3CCC4CCCC4C3)CC2)CC1
C1CCC(C2CCCCC2C2CC(C3CCC(C4CCCC4)CC3)C3CCCCC32)CC1
C1CCC(CCC2CCC(CC3CCCCC3)CC2)CC1
C1CCC(CCC2CC(C3CCCCC3)CC(CC3CCCCC3)C2CCC2CCCCC2)CC1
C1CCC(CC2CCCC(C3CCC(C4CCCC4)CC3)C2)CC1
C1CCC(CCC2CCCC(C3CCCC(C4CCCCC4)C3)C2)CC1
C1CCC(CC2CCCCC2C2CCCCC2)CC1
C1CCC(CCC2CCC(C3CCCCC3CC3CCCCC3)CC2)CC1
C1CCC(CC2CCCC(C3CCCCC3C3CCCCC3)C2)CC1
C1CCC(C2CCC(C3CCCCC3C3CCCCC3C3CCCC3)CC2)CC1
C1CCC(C2CCCCC2C2CCCC(C3CCC(CCC4CCCC4)CC3)C2)CC1
C1CCC(C2CCC3CCC(C4CCC5C(CCC5C5CCCCC5)C4)C3C2)CC1
C1CCC(C2CCC3CC(C4CCCC4)CC(C4CC5CCCCC5C4)C3C2)CC1
C1CCC(CCC2CCCCC2C2CCCC(C3CCCC3)C2)CC1
C(CCC1CCCC(C2CCCCC2)C1)CCC1CC2CCCCC2C1
C1CCC(CC2CCCC2C2CC(C3CCCCC3)C3CC(C4CCCCC4)CCC32)CC1
C1CCC2CC(CCC3CCCCC3C3CCCCC3C3CCCC3)CC2C1
C1CCC(CC2CCC(CC3CCCCC3)CC2)CC1
C1CCC(CCC2CCC(CC3CCCCC3)CC2CCC2CCCCC2)CC1
C1CCC(CCCCC2CCC(CC3CCC(CC4CCCCC4)CC3)CC2)CC1
C1CCC(CCCCC2CCCC(C3CCC(C4CCC5CCCCC54)CC3C3CCCC3)C2)CC1
C1CCC(CC2CCC(C3CCC4CCCCC4C3)CC2)CC1
C1CCC(CCCCCC2CCCCC2CC2CCCCC2)CC1
C1CCC(C2CCCC(C3CCCC(C4CCCCC4)C3)C2)CC1
C1CCC(CCC2CCCCC2)CC1
C1CCC(CCC2CCC(CCC3CCC4C(CC5CCCCC5)CCC4C3)CC2)CC1
C1CCC(CCCCCC2CCCC(C3CCCCC3)C2)CC1
C1CCC(CCCC2CCCC(CCC3CCC4CCCCC4C3)C2)CC1
C1CCC(CC2CCCCC2CCC2CCC(C3CCCCC3)CC2)CC1
C1CCC(CCCCC2CCC(CC3CCCC(C4CCCC4)C3)CC2)CC1
C1CCC(CC2CCC(CCCC3CCCC(C4CCCCC4)C3)C(C3CCCCC3)C2)CC1
C1CCC(CC2CCC(C3CCC4CCCCC4C3)CC2)CC1
C1CCC(CCCC2CCC(CCC3CCCCC3)CC2)CC1
C1CCC(CC2CCC(C3CCCC(C4CCC(C5CCCCC5)C5CCCC45)C3)CC2)CC1
C1CC(C2CCCC(C3CCCC(CC4CCC5CCCCC54)C3)C2)C1
C1CCC(CC2CCC(CC3CCCCC3)CC2)CC1
C(CCCC1CCC2CCCCC2C1)CCC1CCC(CC2CCCCC2)CC1
C1CCC(C2CCC(CCCCC3CCCCC3C3CCCC4CCCCC43)CC2)CC1
C1CCC(CCC2CC(C3CCCCC3)CCC2C2CCCCC2)CC1
C1CCC(C2CCC3CCCC(C4CCCCC4)C3C2)CC1
C1CCC(CC2CCCC(C3CCC(C4CCCCC4C4CCC5CCCC5C4)CC3)C2)CC1
C1CCC(C2CCC(CC3CCC(C4CCCCC4)CC3)CC2)CC1
C1CCC(CCCC2CCC(C3CCCC(CCC4CCCCC4)C3)CC2)CC1
C1CCC(CC2CCC(CC3CCCCC3CC3CCC3)CC2)CC1
C1CCC(CCCC2CCC(CC3CCCCC3)CC2)CC1
C1CCC(C2CCC(CCC3CCC(C4CCCC(C5CCCCC5)C4)CC3)CC2)CC1
C1CCC(CCC2CCCC(CCCC3CCC(CC4CCCC4)CC3)C2)C1
C1CCC(CCC2CCC(C3CCCC(CC4CCCCC4)C3)CC2)CC1
C1CCC(C2CCCCC2C2CCCC(C3CCC4CCCC4C3)C2)CC1
C1CCC(CCC2CC3CCC(C4CCC(C5CCCCC5)CC4)CC3C(C3CCCCC3)C2)CC1
C1CCC(CC2CCCC(C3CCC4CCCC4C3)C2)CC1
C1CCC(CC2CCC(CC3CCCCC3)CC2)CC1
C1CCC(CCCC2CCCC(CC3CCCCC3)C2)CC1
C1CCC(C2CCC(CCC3CCC(CCCCC4CCCC4)CC3)CC2)CC1
C1CCC(CCC2CCCC(C3CCC(CCC4CCC5CCCCC5C4)CC3)C2)C1
C(CC1CCC2CCCC2C1)CC1CCCC(C2CCC3CCCCC3C2)C1
C1CCC(C2CCC(C3CCCCC3C3CCC(C4CC4)CC3C3CCCC3)CC2)CC1
C1CCC(CCCC2CCCCC2CC2CCCCC2)CC1
C1CCC(CCC2CCCC(C3CCC4CCCC4C3)C2)C1
C1CCC(CC2CCCC(CC3CCCCC3)C2)CC1
C1CCC(C2CCC(C3CCC4CC(C5CCCC5)CC4C3)CC2)CC1
C1CCC(CC2CCCCC2CC2CCC(C3CCC4CCCCC4C3)CC2)CC1
C1CC(CCC2CCC(C3CC(C4CCC(CC5CC6CCCCC6C5)CC4)C4CCCCC34)CC2)C1
C1CCC(CC2CCCC(CCC3CCC4CCCCC4C3)C2)CC1
C1CCC(CCCCC2CC3CCC(C4CCCCC4)CC3C(C3CCCCC3)C2)CC1
C1CCC(CC2CCC(CCC3CCCC(C4CCCCC4)C3)CC2)CC1
C1CCC(C2CCC(C3CCC(C4CCCCC4)CC3)CC2)CC1
C1CCC(C2CCCC(C3CCCC(C4CCCCC4)C3)C2)CC1
C1CCC(CCCC2CCCC(C3CCCC(CC4CCCCC4CC4CCCCC4)C3)C2)CC1
C1CCC(CC2CCC(CCC3CCC(C4CCCCC4)CC3)CC2)CC1
C1CCC(CC2CCCC(C3CCCC(C4CCCCC4)C3)C2)CC1
C1CCC(C2CCC(CC3CCC3)CC2C2CCCCC2)CC1
C1CCC(CC2CCC(CC3CC(CC4CCCC4)C4CCCCC34)CC2)CC1
C1CCC(CCCC2CCCC(CCCC3CCCCC3)C2)CC1
C1CCC(CCCC2CCC3CC(CC4CCC(C5CCC6CCCCC65)CC4)CCC23)CC1
C1CCC(CCCC2CCCC(CCC3CCCCC3)C2)CC1
C1CCC(CC2CC(C3CCC4CCCCC43)C3CC(C4CCCCC4)CCC23)CC1
C1CCC(CCC2CCC3C(CC4CCCCC4)CC(C4CCCCC4)C3C2)CC1
C1CCC(CCCCCC2CCC(CC3CCC(C4CC4)CC3)CC2)CC1
C1CCC(CCCC2CCCC(C(C3CCCCC3)C3CCCCC3)C2)CC1
C1CCC(CCCC2CCC(CCC3CCCC(C4CCC(CC5CCCCC5)CC4)C3)CC2)CC1
C1CCC(CC2CCCC(C3CCCC(CCC4CCCCC4C4CCCCC4)C3)C2)CC1
C1CCC(C2CC(CC3CCCC(C4CCCC4)C3)CC(C3CCCCC3)C2C2CC2)CC1
C1CCC(CCC2CCCC(CC3CCC(CC4CCCCC4)CC3)C2)CC1
C1CCC(CC2CCCC(CC3CCC(C4CCC5CCCC5C4)CC3)C2)CC1
C1CCC(CC2CCC(C3CCCC(CC4CC4)C3)CC2)CC1
C1CCC(CCCCCC2CCCC(CCC3CC4CCCCC4C3)C2)CC1
C1CCC(C2CCCC(C3CCCCC3)C2)CC1
C1CCC(CC2CCC(CC3CCC(CC4CCC5CCCC5C4)CC3)CC2)CC1
C1CCC(CC(C2CCCCC2)C2CCCCC2)CC1
C1CCC(CC2CC(C3CCCCC3)C3CCCCC23)CC1
C1CCC(CC2CCCC(C3CCC4C(CC5CCCCC5)CC(CC5CCCCC5)C4C3)C2)CC1
C1CCC(CC2CCCC(CC3CCCCC3)C2)CC1
C1CCC(CC2CCCCC2C2CCCCC2CC2CCCC(C3CCCCC3)C2)CC1
C1CCC(C2CCCC(C3CCC(C4CC5CCCCC5C4)CC3)C2)CC1
C1CCC(CC2CC(C3CCC(C4CCCCC4)C3)CCC2C2CCCCC2)CC1
C1CCC(CCCCC2CCC(CCC3CCC(C4CCCCC4)CC3)CC2)CC1
C1CCC(CC2CCCCC2C2CCC(C3CCCC(C4CCC4)C3)CC2)CC1
C1CCC(C2CCCC(CC3CCC4CCCC4C3)C2)CC1
C1CCC(C2CCC(CCC3CCC(C4CCC4)CC3)CC2)C1
C1CCC(CC2CCC(C3CCCCC3CC3CCCCC3)CC2)CC1
C1CCC(CC2CCCC(C3CCCC(CCC(C4CCCCC4)C4CCCC4)C3)C2)CC1
C1CCC(C2CCCC(C3CCC(C4CCCC4)CC3)C2)CC1
C1CCC(CCC2CCC(CC3CCC(C4CCCC(CC5CCCCC5)C4)CC3)CC2)CC1
C1CCC(CC2CCCC(CCC3CCCC(C4CCCCC4)C3)C2)CC1
C1CCC(CC2CCC(C3CCCC(C4CCCCC4)C3)CC2)CC1
C1CCC(CC2CCCCC2C2CCC(C3CCC(C4CCCCC4)CC3)CC2)CC1
C1CCC(C2CC(CCC3CCCC3)CC(CCC3CCCC4CCCCC43)C2)CC1
C1CCC(CCC2CCCC(C3CCCCC3)C2)CC1
C1CCC(CCCC2CCC(CC3CCC(C4CCCCC4)CC3)CC2)CC1
C1CCC(C2CCC(CCCC3CCCC(C4CCCCC4)C3)CC2)CC1
C1CCC(CC2CCC(C3CCCCC3)CC2)CC1
C1CCC(CCCCC2CCC(CC3CCC(CC4CC4)CC3)CC2)CC1
C1CCC(C2CCCC(C3CC(C4CCCCC4)CC4CCCCC43)C2)CC1
C1CCC(CCC2CCCC(CC3CCCCC3)C2)CC1
C1CCC(CCC2CC(CC3CCCC(C4CCCCC4)C3)C3CCCCC23)CC1
C1CCC(CCCC2CCC(C3CCC4CCCCC4C3)CC2)CC1
C1CCC(CC2CCC(CCC3CCCC(C4CCCCC4)C3)CC2)CC1
C1CCC(CCCCCC2CCC(C3CCC4CCC(C5CCCCC5)CC43)CC2)CC1
C1CCC(CCC2CCCC(C3CCC(C4CCCC(CC5CCCCC5)C4)CC3)C2)CC1
C1CCC(C2CCC(CCC3CCCC3)CC2C2CCC3CCCC3C2)CC1
C1CCC(CCCC2CCCC(CC3CCCCC3)C2)CC1
C1CCC(CC2CCC(CCCCC3CCC(CC4CCCCC4)CC3)CC2)CC1
C1CCC(CCCCC2CCCC(CC3CCCCC3)C2)CC1
C1CCC(CCCCC2CCC(CC3CCCCC3)CC2CC2CCCCC2)CC1
C1CCC(CCCC2CCCC(C3CCCCC3)C2)CC1
C1CCC(CC2CCC(CCC3CC4CCCCC4C3)CC2)CC1
C1CCC(CC2CCCC(CC3CCC(CC4CCCCC4)CC3CC3CC3)C2)CC1
C1CCC(C2CCCC(C3CCCC(CC4CCC5CCCCC54)C3)C2)CC1
C1CCC(C2CCCC3CCCCC32)CC1
C1CCC(CCC2CCCCC2CCCC2CCCC(C3CCCCC3)C2)CC1
C1CCC(CC2CCC(CC3CCC(C4CCC(C5CCCCC5)C4)CC3)CC2)CC1
C1CCC(C2CCCC(C3CCCCC3)C2)CC1
C1CCC(CC2CCC(CC3CCCC(C4CCCCC4)C3)CC2)CC1
C1CCC(CC2CC(C3CCC4CCCCC43)CCC2C2CCCCC2)CC1
C1CCC(CC2CCC(CC3CCC(CCCC4CCCC4)CC3)CC2)CC1
C1CCC(CCC2CCCC(C3CC(C4CCCC4)CC(C4CC5CCCCC5C4)C3)C2)CC1
C1CCC(C2CCCC(CCCCC(C3CCCCC3)C3CCCCC3)C2)CC1
C1CCC(C2CCCCC2C2CCCC(CC3CC4CCCCC4C3)C2)CC1
C1CCC(CC2CCC(CCC3CCC(C4CCCC4)CC3)CC2)CC1
C1CCC(CC2CCC(CCC3CCCC(C4CCCCC4)C3)CC2)CC1
C1CCC(C2CCCC(C3CCCC(C4CCCC4)C3)C2)CC1
C1CCC(CC2CCC(C3CCC(C4CCCCC4)CC3)CC2)CC1
C1CCC(CCC2CCCCC2C(C2CCCCC2)C2CCCC(C3CC3)C2)CC1
C1CCC(CCC2CCC(CC3CCCCC3)CC2)CC1
C1CCC(C2CCC(C3CCCCC3)CC2)CC1
C1CCC(CCCC2CCCC(C3CCCC4CC(C5CCCCC5)CCC43)C2)CC1
C1CCC(CC2CCCC(C(C3CCCC3)C3CCCC(C4CCCCC4)C3)C2)CC1
C1CCC(CCC2CCC(CC3CCCCC3)CC2)CC1
C1CCC(CC2CCCCC2C2CC(C3CCCCC3)CC(C3CCCCC3)C2)CC1
C1CCC(CC2CCC(C3CCCC(C4CCCC(CC5CCCCC5)C4)C3)CC2)CC1
C1CCC(CCCC2CCC(CC3CCCCC3)CC2)CC1
C1CCC(CCCC2CCC(C3CCCC(CC4CCCCC4)C3)CC2)CC1
C1CCC(CCCC2CCC(CC3CCCCC3)CC2)CC1
C1CCC(CC2CCC(C3CCCCC3)C2CC2CCCCC2)CC1
C1CCC(CCC2CCCC3CC(C4CCCCC4)CCC23)CC1
C1CCC(CC2CCCC(C3CCCCC3)C2)CC1
C1CCC(CCCC2CCC(CC3CCC(C4CCC(C5CCC5)CC4)CC3)CC2)C1
C1CCC(CCC2CCC(CC3CCCCC3)CC2)CC1
C1CCC(CCC2CCCCC2CC2CCC3CC(C4CCC5CCCCC54)CC(C4CCCCC4)C3C2)CC1
C1CCC(CCC2CCC(CC3CCC(C4CCCCC4)CC3)CC2)CC1
C1CCC(C2CCC(C3CCCC(CCCCC4CCCC4)C3)CC2)CC1
C1CCC(C2CCC(C3CCC(C4CCCCC4)C4CCCCC43)C(C3CCCC3)C2)CC1
C1CCC(CC2CCCCC2)CC1
C1CCC(CC2CCC3C(CC4CCCCC4)CC(CC4CCCCC4)C3C2)CC1
C1CCC(CC2CCC3C(CC4CCCCC4)CC(CC4CC5CCCCC5C4)C3C2)CC1
C1CCC(CC2CCCC(CCCCC3CCCC(C4CCCCC4)C3)C2)CC1
C1CCC(CC2CCCC(C3CCCCC3)C2)CC1
C1CCC(CC2CCCC(CC3CCC(C4CCCC4)CC3)C2)CC1
C1CCC(CC2CCC(C3CCCCC3)CC2)CC1
C1CCC(CCC2CCC(C3CCCCC3CC3CCCC(C4CCCC4)C3)C(C3CCCCC3)C2)CC1
C1CCC(CC2CCCC(CC3CCCC(C4CCCCC4)C3)C2)CC1
C1CCC(C2CCC(CC3CCCC(C4CCCCC4)C3)CC2)CC1
C1CCC(CC2CCCC(CCC3CCCC(C4CC5CCCCC5C4)C3)C2)CC1
C1CCC(CC2CCCC(CCC3CCC(C4CCCCC4C4CCC5CCCC5C4)CC3)C2)CC1
C1CCC(C2CCCC(C3CCC(C4CC5CCCCC5C4)C3)C2)C1
C(CCC1CCCC1)CCC1CCC2CC(C3CCCCC3)CCC2C1
C1CCC(C2CCCCC2CC2CCC(C3CCC(C4CCC(C5CC5)CC4)CC3)CC2)CC1
C1CCC(CC2CCC(CC3CCC(CCC4CCC5CCCC5C4)CC3)CC2)CC1
C1CCC(C2CCCCC2CCC2CCC(C3CCCC(CC4CCC4)C3)CC2)CC1
C1CCC(CCC2CCC(C3CCC(C4CCCCC4)CC3)CC2)CC1
C1CCC(CCCCC2CCCCC2CC2CCC(CC3CCCC3)CC2)CC1
C1CCC(CCCC2CC(C3CCC4CCCCC43)CC3CCCCC32)CC1
C1CCC(C2CCCC(C3CCCCC3)C2)CC1
C1CCC(CCCCC2CCC(CC3CCCCC3)CC2)CC1
C1CCC(CCC2CCC(CCC3CCCCC3)CC2)CC1
C1CCC(CC2CCC(C3CCCC(CC4CC(CC5CCCCC5)C5CCCCC45)C3)CC2)CC1
C1CCC(CCC2CCCC(C3CCCCC3)C2)CC1
C(CCCC1CCCCC1)CCCC1CCC(C2CCCCC2)CC1
C1CCC(CCCCC2CCCC(C3CCCCC3)C2)CC1
C1CCC(C2CCCCC2CC2CCC(CC3CCC4CCCC4C3)CC2)CC1
C1CCC(C2CCC(C3CCCCC3)CC2)CC1
C1CCC(C2CCCC(CC3CCC(CC4CCC4)CC3)C2)CC1
C1CCC(CC2CCC3CCCC(CC4CCCCC4)C3C2)CC1
C1CCC(CC2CCCC(C3CCCCC3C3CC4CCCCC4C3)C2)C1
C(CCCC1CCCCC1)CCCC1CC2CCCCC2C1
C1CCC(CC2CCCCC2)CC1
C1CCC(CC2CCCC(C3CCC(CCC4CCC(C5CCC6CCCCC6C5)CC4)CC3)C2)CC1
C1CCC(C2CCCC(CC3CCCCC3C3CCCCC3)C2)CC1
C1CCC(CCCC2CCCC(C3CCCCC3)C2)CC1
C1CCC(CC2CCC(C3CCC(CC4CCCCC4)CC3)CC2)CC1
C1CCC(CC2CCC(CC3CCCCC3)CC2)CC1
C1CCC(C2CC(C3CCC4CCCCC43)CC3CCCCC32)CC1
C1CCC(C2CCC(CC3CCC(C4CCCCC4)C3)CC2)CC1
C1CCC(CCCCC2CC(C3CCCCC3)CC(C3CCCCC3)C2)CC1
C1CCC(CC2CCCCC2C2CCCC(CCC3CC4CCCCC4C3)C2)CC1
C1CCC(CC2CC(CC3CCC(C4CCCCC4)CC3)C3CCCCC23)CC1
C1CCC(C2CCCC(C3CCCC(C4CCCC(C5CCCCC5)C4)C3)C2)CC1
C1CCC(C2CCCC(C3CC(CC4CCCCC4C4CCC5CCCC5C4)C4CCCCC43)C2)CC1
C1CCC(CCC2CCC(C3CCCCC3)CC2)CC1
C1CCC(CC2CCCC(C3CCC(C4CCCCC4)CC3)C2)CC1
C1CCC(C2CCC(C3CCCCC3C3CCC4CCCC4C3)CC2C2CCCCC2)CC1
C1CCC(C2CCCC(CC3CCCC(CC4CCCC(C5CCC5)C4)C3)C2)CC1
C1CCC(CCCCC2CCCC(C3CCCCC3)C2)CC1
C1CCC(C2CC(CC3CC3)CC(C3CC4CCCCC4C3)C2)CC1
C1CCC(CCCC2CCC(CC3CCCCC3)CC2)CC1
C1CCC(C2CCCC(C3CCC4CCCCC43)C2)CC1
C1CCC(CC2CCCC(C3CCC(CC4CCCCC4)C(C4CCCCC4)C3)C2)CC1
C1CCC(CCC2CCC(C3CCCCC3C3CCC(CC4CCCCC4C4CCC5CCCC5C4)CC3)CC2)C1
C1CCC(CC2CCC(CC3CCC(CCC4CCC4)CC3)CC2)CC1
C1CCC(CCC2CCC(CC3CCC(C4CCCC(C5CCCC5)C4)CC3)CC2)C1
C1CCC(CC2CCCCC2)CC1
C1CCC(C2CCCCC2)CC1
C1CCC(CC2CCCC(C3CC(CC4CCCCC4)CCC3C3CCC(C4CCCCC4)CC3)C2)CC1
C1CCC(CCCCCC2CCC(C3CCCCC3)CC2)CC1
C1CCC(CCC2CCCC(C3CCCCC3)C2)CC1
C1CCC(CCCC2CCCC(C3CCCCC3)C2)CC1
C1CCC(C2CCCC(C3CCCC(C4CCCC4)C3)C2)CC1
C(CC1CCC(C2CCC(C3CCCC(CC4CC4)C3)C2)CC1)CC1CC2CCCCC2C1
C1CCC(C2CCCCC2C2CCCCC2)CC1
C1CCC(CCC2CCCC(CC3CCCCC3CC3CCCCC3)C2)CC1
C1CCC(CC2CC(CCC3CC4CCCCC4C(C4CCCCC4)C3)C3CCCCC23)CC1
C1CCC(C2CCCC(CC3CCCC3)C2)CC1
C1CCC(CCCCCC2CCC(C3CCCC(C4CCCCC4)C3)CC2)CC1
C1CCC(CC2CCC(CCCC3CCCC(C4CCCCC4C4CCCCC4)C3)CC2)CC1
C1CCC(CC2CC(C3CCC(C4CC(C5CCCCC5)C4)CC3)CCC2C2CC3CCCCC3C2)CC1
C1CCC(C2CCC(CC3CCC(C4CCC(C5CCC6CCCCC6C5)CC4)CC3)CC2)C1
C1CCC(CC2CCC(C3CCC(CC4CCC5CCCCC5C4)CC3)CC2)CC1
C1CCC(CC2CCCC(C3CCCCC3)C2)CC1
C1CCC(C2CCC(C3CCCCC3)CC2)CC1
C1CCC(CCCCC2CCCCC2)CC1
C1CCC(C2CCC(CC3CCC(C4CCCC(C5CCCCC5)C4)CC3)CC2)CC1
C1CCC(C2CCCC(C3CCCC(CC4CCCCC4C4CCCCC4)C3)C2)CC1
C1CCC(CCCC2CCCCC2CC2CCCCC2)CC1
C1CCC(CC2CCCCC2C2CCCCC2C2CCCC(C3CCCCC3)C2)CC1
C1CCC(CC2CCCC(C3CCCC3)C2)CC1
C1CCC(CCCC2CCCC(C3CCCCC3)C2)CC1
C1CCC(CCC2CCC(CCC3CCC(CC4CCCCC4)CC3)CC2)CC1
C1CCC(C2CCC(C3CCCCC3C3CCCCC3)CC2)CC1
C1CCC(C2CCC(C3CCC(CC4CCC(CC5CCC5)CC4)CC3)CC2)CC1
C1CCC(CC2CCC(C3CCCCC3C3CCCCC3)C(C3CCCCC3)C2)CC1
C1CCC(C2CCC3C(CCC3C3CCCCC3)C2)CC1
C1CCC(C2CCC(CCCCC3CC4CCCCC4C3)CC2)CC1
C1CCC(C2CCC(CCC3CCC(C4CCCCC4C4CCCCC4)CC3)CC2)CC1
C1CCC(C2CC(C3CCCCC3)CC(C3CCC(C4CCCC4)CC3)C2)CC1
C1CCC2CC(C3CCCC(C4CCC(C5CCC(C6CC6)CC5)CC4)C3)CC2C1
C1CCC(CCC2CCCC(CC3CCCC(C4CCCCC4)C3)C2)CC1
C1CCC(CC2CCC(C3CCCC(C4CCC(CCC5CC5)CC4)C3)CC2)CC1
C1CCC2CC(CC3CCC(CC4CCC5CCCCC54)CC3)CCC2C1
C1CCC(C2CCCCC2CC2CCCC(C3CCCC3)C2)CC1
C1CCC(CC2CCC(CC3CCC(CCC4CCC(C5CCCCC5)CC4)CC3)CC2)CC1
C1CCC(CCCC2CCC(CC3CCCCC3)CC2)CC1
C1CCC(CC2CCCCC2C2CCCCC2C2CCCCC2)CC1
C1CCC(CC2CCC(CCCCC3CC(CC4CCCCC4)C4CCCCC34)CC2)CC1
C1CCC(CCCCC2CCC(C3CCCCC3)CC2)CC1
C1CCC(C2CCC(CCC3CCCC(CC4CCC4)C3)CC2)CC1
C1CCC(C2CCCC(CC3CCCC(C4CCCC(C5CCCC5)C4)C3)C2)C1
C1CCC(CC2CCC(C3CCC(CC4CCCCC4)CC3)CC2)CC1
C1CCC(C2CCC(C3CCC(C4CCCCC4)CC3)CC2)CC1
C1CCC(CCCC2CCC(CC3CCCCC3)CC2)CC1
C1CCC(CC2CCC(C3CCCCC3)CC2)CC1
C1CCC(CC2CCCC3CC(C4CCCCC4CC4CCCCC4CCC4CCC5CCCC5C4)CCC23)CC1
C1CCC(CCC2CCC(C3CCC(C4CCCC4)CC3)CC2)CC1
C1CCC(CCC2CCC(CC3CCCC(C4CCCCC4)C3)CC2)CC1
C1CCC(CC2CCC(C3CCCCC3)CC2)CC1
C1CCC(CC2CCC(C3CCCCC3)C(C3CCCCC3)C2)CC1
C1CCC(C2CCC(C3CCC(C4CCCC5CC(C6CCCCC6)CCC54)CC3)CC2)CC1
C1CCC(CC2CC(CCCC3CCC(C4CCC(C5CCCC5)CC4)CC3)C3CCCCC23)CC1
C1CCC(CCC2CCCC(CCC3CCCCC3C3CCCC3)C2)CC1
C1CCC(CCCC2CCCC(C3CCCCC3)C2)CC1
C1CCC(CC2CCCC(C3CCCCC3)C2)CC1
C1CCC2CC(CCCC3CCCCC3C3CCCCC3C3CCCC3)CCC2C1
C1CCC(C(C2CCC(C3CCC(C4CC5CCCCC5C4)C3)CC2)C2CC2)CC1
C1CCC(CC2CCC(CC3CCC4CCCC(C5CCCCC5)C4C3)CC2)CC1
C1CCC(C2CCCC(C3CCCC(CC4CC4)C3)C2)CC1
C1CCC(C2CCCC(CC3CCC4CCCCC43)C2)CC1
C(CCCCC1CCC(C2CCC(CCC3CCCC3)CC2)CC1)CCCC1CCCCC1
C1CCC(CC2CCC(C3CCCCC3C3CCCC3)CC2)CC1
C1CCC(C2CCC(CC3CCCC(C4CCC5CCCCC54)C3)CC2)C1
C1CCC(CC2CCCC(C3CCCC(C4CCCC(CC5CCCCC5)C4)C3)C2)CC1
C1CCC(CCC(CCC2CCC3CCCCC3C2)C2CCCC(CC3CCC4CCCC4C3)C2)CC1
C1CCC(CC2CCCC(C3CCC(C4CCC5CCCCC54)CC3)C2)CC1
C1CCC(CCC2CCC(C3CCCCC3CC3CCCCC3)CC2)CC1
C1CCC(CC2CCCCC2C2CCC(CC3CCC(C4CCCCC4)C(C4CCCC4)C3)CC2)CC1
C1CCC(CCCC2CCCC(C3CCC(CC4CCCCC4)CC3)C2)CC1
C1CCC(CCC2CCCCC2C2CCCCC2CC2CCCCC2)CC1
C1CCC(C2CCC3CC(C4CCCCC4C4CCCC4)CC(C4CCCCC4)C3C2)CC1
C1CCC(CC2CC3CCC(C4CCCCC4)CC3C(C3CCCC3)C2)CC1
C1CCC(CC2CCCC(C3CCCCC3)C2)CC1
C1CCC(C2CCCC(CC3CCCCC3C3CCC3)C2)CC1
C1CCC(C2CCC(C3CCCC(C4CCCC4)C3)CC2)CC1
C1CCC(C2CCC(C3CCCC3)CC2C2CCCCC2)CC1
C1CCC(CC2CCCC(C3CCCCC3)C2)CC1
C1CCC(C2CCCC(C3CCCCC3)C2)CC1
C1CCC(CC2CCC(CC3CCC(C4CC4)CC3)CC2C2CCCC(C3CCC(CCC4CC4)CC3)C2)CC1
C1CCC(CCC2CCC(C3CCCCC3)CC2)CC1
C1CCC(C2CCCCC2)CC1
C1CCC(CCC2CCC(C3CCC(CC4CCCCC4C4CCCCC4)CC3)CC2)CC1
C1CCC(C2CCC(C3CCC(CC4CCC(CCC5CC6CCCCC6C5)CC4)CC3)CC2)CC1
C1CCC(CCCCCC2CCC(CC3CCCCC3)CC2)CC1
C1CCC(CC2CCCCC2C2CCCCC2)CC1
C1CCC(C2CCC(CCC3CCCCC3C3CCCC3)CC2)CC1
C1CCC(CCC2CCC(CC3CCCC(CC4CCCCC4)C3)CC2)CC1
C1CCC(CCCCC2CCC(CC3CCCC(CC4CCCCC4)C3)CC2)CC1
C1CCC(C2CCC(C3CCC(C4CCCCC4)CC3)CC2)CC1
C1CCC(CC2CCC(C3CCCC(C4CCCC(CC5CCCCC5)C4)C3)CC2)CC1
C1CCC(CCC2CCCC(C3CCCC3)C2)CC1
C1CCC(C2CCCC(C3CC3)C2)CC1
C1CCC(CC2CCC(C3CCCCC3CC3CCCC3)CC2)CC1
C1CCC(C2CCCC(CC3CCC(CC4CCCC(C5CCCCC5)C4)CC3)C2)CC1
C1CCC(CCCC2CCCC3CCC(C4CC5CCCCC5C(C5CCCCC5)C4)C23)CC1
C1CCC(CCCC2CCCC(CC3CCCC(C4CCCC(C5CCCCC5)C4)C3)C2)CC1
C1CCC(C2CCC(CCC3CCCC(C4CCCCC4)C3)CC2)CC1
C1CCC(CC(C2CCCCC2)C2CCC(C3CCCC3)CC2)CC1
C1CCC(C2CCCC(C3CCCCC3)C2)CC1
C1CCC(CC2CCCC(CC3CC4CCCCC4C3)C2)CC1
C1CCC(CC2CCC3CC(CC4CCC4)CC(C4CCCCC4)C3C2)CC1
C1CCC(CCC2CCCC(C3CCC4CCCC4C3)C2)CC1
C1CCC(CC2CCC(CC3CCC(CCC4CCC(CC5CCC6CCCCC65)CC4)CC3)CC2)CC1
C1CCC(CC2CCC(CC3CCCCC3)CC2)CC1
C1CCC2CC(CCC3CCC(CC4CCC(C5CCCCC5CC5CC5)CC4)CC3)CCC2C1
C1CCC(CC2CCCC(C3CCCCC3)C2)CC1
C1CCC(CC2CCC(C3CCCCC3C3CCCCC3C3CCCC3)CC2)C1
C1CCC(CCCCC2CCC(CC3CCC(CCCCC4CCCCC4)CC3)CC2)CC1
C1CCC(CCCC2CCC3CC(C4CCCCC4)CC(C4CCCCC4)C3C2)CC1
C1CCC(CC2CCC(C3CCCCC3C3CCCCC3)C2)CC1
C1CCC(CC2CCC(CCC3CC(CC4CCCCC4)C4CCCCC34)CC2)CC1
C1CCC(CCCC2CC3CCC(CCCC4CCCCC4)CC3C(C3CCCCC3)C2)CC1
C1CCC(CC2CCCCC2C2CCCCC2C2CCC3CCCCC3C2)CC1
C1CCC(CC2CCCCC2C2CC3CCC(C4CCCC4)CC3C(C3CCCCC3)C2)CC1
C1CCC(CC2CCC(CC3CCCC(CC4CC4)C3)CC2)CC1
C1CCC(CC2CCC(CC3CCCC(C4CCCCC4)C3)CC2)CC1
C1CCC(CC2CCCC(C3CCCCC3)C2)CC1
C1CCC(CCC2CCC(CCCC3CC(C4CCCC4)C4CCCCC34)CC2)CC1
C1CCC(CC2CCC(C3CCCCC3C3CCCCC3C3CCC4CCCCC4C3)CC2)CC1
C1CCC(CC2CCC3CC(C4CCCCC4)CC(C4CCCC4)C3C2)CC1
C1CCC(CC2CCCCC2CCCC2CCC(C3CCC(CCC4CC4)CC3)CC2)CC1
C1CCC(CC2CC(C3CCCCC3)CCC2C2CCC(CC3CCC(C4CCCC4)CC3)CC2)CC1
C1CCC(C2CCC(CCC3CC4CCCCC4C3)CC2)CC1
C1CCC(CCC2CCC(CC3CCCC(C4CCC(C5CCCCC5)C4)C3)CC2)CC1
C1CCC(CC2CC(CC3CCC4CC(C5CCCCC5)CCC4C3)C3CCCCC23)CC1
C1CCC(CCCC2CCC(CC3CCCCC3)CC2CCC2CCCCC2)CC1
C1CCC(C2CC(C3CCCCC3)C3CC(CCC4CCC5CCCC5C4)CCC23)CC1
C1CCC(C2CCC(C3CCC4CCCCC43)CC2)CC1
C1CCC(C2CCC(C3CCCCC3)C2)CC1
C1CCC(CCC2CCC(C3CCC(C4CCC(CCC5CC5)CC4)CC3)CC2)CC1
C1CCC(CC2CCCC(C3CCCC(C4CCCCC4)C3)C2)CC1
C1CCC(CC2CCCC(CC3CCC(C4CCCCC4)CC3)C2)CC1
C1CCC(CC2CCC(C3CCCCC3)C(C3CCCCC3)C2)CC1
C1CCC(CC2CCCCC2C2CCCCC2)CC1
C1CCC(CC2CCC(CCC3CCC(CC4CCCCC4)CC3)CC2)CC1
C1CCC(C2CCC(C3CCCCC3)CC2)CC1
C1CCC(CC2CCCCC2CC2CCCCC2)CC1
C1CCC(C2CCC(CC3CCCC(C4CCC4)C3)CC2)CC1
C1CCC(CC2CCC(CC3CCC(C4CCCC(CC5CC6CCCCC6C5)C4)CC3)CC2)CC1
C(CCCC1CCCC(C2CCCCC2)C1)CCCC1CC2CCCCC2C1
C1CCC(C2CCCC(CC3CCC(C4CCCC4)CC3)C2)CC1
C1CCC(C2CCCC(C3CCCCC3)C2)CC1
C1CCC(CCC2CCC(CCC3CCC(CC4CCCC4)CC3)CC2)CC1
C1CCC(C2CCC(C3CCC(C4CCCCC4)CC3)CC2)CC1
C1CCC(CCCC2CCC(C3CCCCC3)CC2)CC1
C1CCC(CCC2CCC(CC3CCCCC3)CC2)CC1
C1CCC(CCC2CCC(C3CCCCC3CC3CCCCC3)CC2)CC1
C1CCC(C2CCC(C3CCCCC3)CC2)CC1
C1CCC(CC2CCC(C3CCCCC3)CC2)CC1
C1CCC(C2CCCCC2C2CCCCC2C2CCCCC2)CC1
C1CCC(C2CCC(C3CC3)CC2)CC1
C1CCC(C2CCC(CC3CCC(CCC4CCCC(C5CCCCC5)C4)CC3)CC2)CC1
C1CC2CCC(C3CCCCC3C3CCCC(CC4CCC5CCCCC54)C3)CC2C1
C1CCC(CCCC2CC3CCCCC3C(C3CCCCC3)C2)CC1
C1CCC(C2CCC3CCCC(C4CCCCC4)C3C2)CC1
C1CCC(CC2CCCC(CCC3CCCCC3C3CCCCC3)C2)CC1
C1CCC(CCC2CCC(CCC3CCCCC3)C(CCC3CC4CCCCC4C3)C2)CC1
C1CCC(CC2CCC(CC3CCC(CC4CC5CCCCC5C4)CC3)CC2)CC1
C1CCC(CC2CCC(CCC3CCCC4CC(C5CCCCC5)CCC34)CC2)CC1
C1CCC(CC2CCC(CCC3CC4CCCCC4C3)CC2)CC1
C1CCC(CCC2CCCCC2C2CCCCC2C2CCCCC2)CC1
C1CCC(CC2CCCCC2C2CCC3C(CCCC3C3CC(C4CCCCC4)C4CCCCC43)C2)CC1
C1CCC(C2CC(C3CCCC3)CC(C3CCCC(C4CCCC4)C3)C2)CC1
C1CCC(CC2CCCC(CC3CC(CC4CCCC4)C4CCCCC34)C2)CC1
C1CCC(CC2CCC(CC3CCC4CCCC4C3)CC2)CC1
C1CCC(CC2CCCCC2CC2CCC(CC3CCC(C4CC4)CC3)CC2)CC1
C1CCC(CC2CCC(C3CCCCC3C(C3CCCCC3)C3CCCC3)CC2)CC1
C1CCC(CCCCC2CCC(CCC3CCCC(C4CCCC4)C3)CC2)CC1
C1CCC(CCCC2CCCC(CC3CCCCC3)C2)CC1
C1CCC(CCC2CCC3C(C2)C(CC2CCCCC2)CC3C2CCCCC2)CC1
C1CCC(CCCC2CC(C3CC3)CCC2C2CCCC(CCC3CC4CCCCC4C3)C2)CC1
C1CCC2CC(CCC3CCCC(C4CCCC(C5CCCCC5C5CCCC5)C4)C3)CC2C1
C1CCC(CCC2CCC3CC(C4CCCCC4)CCC3C2)CC1
C1CCC(C2CCCCC2CC2CCC(CC3CCCC3)CC2)CC1
C1CCC(CC2CCC(C3CCCCC3CC3CCCCC3)CC2)CC1
C1CCC(C2CCC(CC3CCC(CCC4CCC(C5CCCCC5)C4)CC3)CC2)CC1
C1CCC(C2CCCCC2CC2CCCCC2CC2CCCC3CCCCC32)CC1
C1CCC(C2CCC(CC3CCCC(C4CCCCC4)C3)CC2)CC1
C1CCC(CC2CCC3CC(C4CCCC(C5CC(CC6CC6)CC(C6CCCCC6)C5)C4)CC3C2)CC1
C1CCC(CC2CCC(CC3CCCCC3)CC2)CC1
C1CCC(CCC2CCC(CCCCCC3CCC4CCCCC34)CC2)CC1
C1CCC(CC2CCC(CC3CCCC(C4CCCCC4)C3)CC2)CC1
C1CCC(C2CC(C3CCCCC3)CC(C3CC4CCCCC4C3)C2)CC1
C1CCC(C2CCCC(CCC3CCC(C4CCCCC4)C3)C2)CC1
C1CCC(CC2CCC(CC3CCC(C4CCCC4)CC3)CC2)C1
C1CCC(CCC2CCCC(CCC3CCC(C4CCCCC4)CC3)C2)CC1
C1CCC(CCCCC2CCCCC2C2CCC(C3CCCCC3)CC2)CC1
C1CCC(CCCC2CCC(CC3CCC(CC4CCCCC4)CC3)CC2)CC1
C1CCC(CC(CC2CCCCC2C2CCCCC2)C2CCCCC2)CC1
C1CCC(CC2CCCC(CCCC3CC(C4CCCC4)CCC3CC3CCCCC3)C2)CC1
C1CCC(CCC2CCC(CC3CCC(C4CCCCC4)CC3)CC2)CC1
C1CCC(CCC2CCCC(C3CCC(C4CCCCC4)CC3)C2)CC1
C1CCC(C2CC3CCC(C4CCCC(CC5CC5)C4)CC3C(C3CCCCC3)C2)CC1
C1CCC(C2CCCCC2CC2CCCC3CCCCC32)CC1
C1CCC(CCC2CCCCC2CC2CCCCC2C2CCCC2)CC1
C1CCC(CC2CCCCC2C2CCCC2)CC1
C1CCC(CCCC2CCC(C3CCCCC3)CC2)CC1
C1CCC(C2CCCCC2C2CCC(CCC3CCC3)CC2)CC1
C1CCC(C2CCCCC2CC2CCCC(C3CCC4CCCCC43)C2)CC1
C1CCC(CCC2CCCC(C3CCC(C4CCCCC4)CC3)C2)CC1
C1CCC(CCCC2CCC(C3CCCC(C4CCCCC4)C3)CC2)CC1
C1CCC(C2CCC(CC3CCC3)CC2)CC1
C1CCC(C2CCCC(C3CCCC(C4CCCCC4)C3)C2)CC1
C1CCC(CCCCC2CCC(CC3CCC(C4CCCC(C5CCC6CCCCC6C5)C4)CC3)CC2)CC1
C1CCC(C2CCC(C3CC(C4CCCCC4)C3)CC2)CC1
C1CCC(CCC2CC(C3CCCCC3)CCC2CC2CCCCC2)CC1
C(CCC1CCCC(C2CCCC(C3CC3)C2)C1)CC1CCC(C2CC2)CC1
C1CCC(CCCC2CCC(C3CCCC(CCC4CCCCC4)C3)CC2)CC1
C1CCC(C2CCC(CCCC3CCCC(C4CCCCC4)C3)CC2)CC1
C1CCC(CC2CCC(C3CCC(C4CCC4)CC3)CC2)CC1
C1CCC(C2CCC(CCCC3CCCCC3C3CCC4CCCC4C3)CC2)C1
C1CCC(CC2CC(C3CCCCC3)C3CCCCC23)CC1
C1CCC(CCC2CCCC(CCCC3CCC(CC4CCCCC4)CC3)C2)CC1
C1CCC(CC2CCCC(C3CCCCC3)C2)CC1
C1CCC(C2CC(C3CCCCC3)C3CC(CCC4CCCC(C5CCCC5)C4)CCC23)CC1
C1CCC(CCCC2CCCC(CCC3CCC(C4CCCCC4)CC3)C2)CC1
C1CCC(C2CCC(CC3CCC(CCCC4CCCCC4C4CCCCC4)CC3)CC2)CC1
C1CCC(C2CC(C3CCCCC3)CC(C3CCCCC3)C2)CC1
C1CCC(CC2CCCC(CC3CCC(C4CCCC(C5CCCC(C6CCCCC6)C5)C4)CC3)C2)CC1
C1CCC(CC2CCC(CC3CCC(CC4CCCCC4)CC3)CC2)CC1
C1CCC(CCCC2CCCCC2C2CCC(C3CCCC(CCC4CCCCC4)C3)CC2)CC1
C1CCC(CCC2CCC(C3CCCC(C4CCC5CCCCC54)C3)CC2)CC1
C1CCC(CCC2CCCC(C3CCCC(C4CCC5CCCCC54)C3)C2)CC1
C1CCC(CCCC2CCC3CC(C4CCC5CCCCC54)CC(C4CCCCC4)C3C2)CC1
C1CCC(CCC2CCCCC2)CC1
C1CCC(C2CCCC(CC3CCCC(C4CCC5CCCCC54)C3)C2)CC1
C1CCC(CCC2CCC3CC(C4CCCCC4)CCC23)CC1
C1CCC(CCCC2CCCC(CC3CCCCC3CCC3CCCCC3)C2)CC1
C1CCC(C2CCCC(CC3CCC(CC4CCCC(C5CCCCC5)C4)CC3)C2)CC1
C1CCC(CC2CC(CC3CCCC(C4CCCC(CC5CCC5)C4)C3)C3CCCCC23)CC1
C1CCC(CCCC2CCC(C3CCCC(CC4CCCC4)C3)CC2)CC1
C1CCC(CCCC2CCCC(C3CCCCC3)C2)CC1
C1CCC(CCCCC2CCCCC2C2CCCCC2)CC1
C1CCC(CCC2CCC(C3CCCCC3)CC2C2CCCCC2)CC1
C1CCC(C2CCC(C3CCCC(C4CCCCC4)C3)CC2)CC1
C1CCC(CCC2CCCC(CC3CCCC3)C2)CC1
C1CCC(CC2CCCC(CCCC3CCCC4CC(C5CCCCC5)CCC34)C2)CC1
C1CCC(C2CCC(C3CC3)CC2C2CCCCC2)CC1
C1CCC(CCC2CCC(CC3CCCC(CC4CC4)C3)CC2)CC1
C1CCC(C2CCC(C3CCC(CCC4CCC5CCCC5C4)CC3)CC2)CC1
C1CCC(CCCCC2CCC(C3CCCC(C4CCCCC4)C3)CC2)CC1
C1CCC(CCC2CCC(CCC3CCCCC3)CC2)CC1
C1CCC(CCCC2CCCC(C3CCC4C(CCCC4C4CCCC(C5CCC5)C4)C3)C2)CC1
C1CCC(CCC2CCCC(C3CCC(CC4CCCCC4)CC3)C2)CC1
C1CCC(CCCC2CCCCC2C2CCCCC2C2CCC(CC3CCCCC3C3CCCC3)CC2)CC1
C1CCC(CC2CCCC(CCC3CCCC(CC4CCCCC4)C3)C2)CC1
C1CCC(C2CC(C3CCCCC3)CC(C3CCCC(C4CCCC4)C3)C2)CC1
C1CCC(CCCC2CCC(C3CCC(CC4CCCCC4C4CCCCC4)CC3)CC2)CC1
C1CCC(CCC(C2CCCCC2)C2CC(C3CCCCC3)CC(C3CCCC3)C2)CC1
C1CCC(CC2CCC(C3CCC(CC4CCCCC4)CC3)CC2)CC1
C1CCC(CCC2CCC(C3CCCC(C4CCCCC4)C3)CC2)CC1
C1CCC(CC2CCC(C3CCCC(C4CCCC4)C3)CC2)CC1
C1CCC(CCC2CCCC(CC3CCCCC3)C2)CC1
C1CCC(C2CCCCC2C2CCC(C3CCC4CCCCC43)CC2)CC1
C1CCC(CCC2CCC(C3CCCCC3C3CCC4CCCC4C3)CC2)CC1
C1CCC(C2CCC(C3CCCCC3)CC2)CC1
C(CC1CC1)CC1CCC(C2CC3CCC(C4CCCCC4C4CCCC4)CC3C2)CC1
C1CCC(C2CCC(C3CCCCC3)CC2)CC1
C1CCC(C2CCCC(CC3CCCCC3C3CCCCC3)C2)CC1
C1CCC(CC2CCCC(C3CCC3)C2)CC1
C1CCC(CC2CCC3CC(C4CCCCC4)CCC23)CC1
C1CCC(C2CCC(CCC3CC(CC4CCCC(C5CCCCC5)C4)C4CCCCC34)CC2)CC1
C1CCC(CC2CCC(CCC3CCC(C4CCCCC4)CC3)CC2)CC1
C1CCC(C2CCCC(C3CCC4CCCCC4C3)C2)CC1
C1CCC(C2CCCC(C3CCC4C(CCC4C4CCCCC4)C3)C2)CC1
C1CCC(CCCC2CCC(CCC3CCCCC3)C(C3CCCCC3)C2)CC1
C1CCC(C2CCC(C3CCC4CCCCC43)CC2)CC1
C1CCC(C2CCC(C3CCCCC3)CC2)CC1
C1CCC(C2CCCC(C3CCC4C(CCC4C4CCCC4)C3)C2)CC1
C1CCC(CC2CCCC(CCC3CC(C4CCCCC4)C4CCCCC34)C2)CC1
C1CCC(C2CCC3CCCCC32)CC1
C1CCC(CCC2CCC(CCCC3CCC(C4CCCCC4)CC3)CC2)CC1
C1CCC(CC2CCC(C3CCCCC3)C(CC3CCCCC3)C2)CC1
C1CCC(CCC2CCC(CC3CCCCC3)CC2)CC1
C1CCC(C2CCC(CC3CCCC(C4CCCCC4)C3)CC2)CC1
C1CCC(CCC2CCC(C3CCC(CC4CCCC(CC5CC5)C4)CC3)CC2)CC1
C1CC(C2CCC(C3CCCC(CC4CC5CCCCC5C4)C3)CC2)C1
C1CCC(C2CCC(CC3CCC(CCCC4CCCCC4C4CCCC4)CC3)C2)CC1
C1CCC(CCC2CCCCC2CC2CCCCC2)CC1
C1CCC(CCCC2CCCC(CC3CCCC(CC4CCCCC4)C3)C2)CC1
C1CCC(C2CCC3CC(C4CCC5CCCCC54)CC(C4CCCCC4)C3C2)CC1
C1CCC(CCCC2CCCCC2C2CCCCC2C2CCC3CCCCC3C2)CC1
C1CCC(CC2CCCC(CCC3CCCC(C4CCCCC4)C3)C2)CC1
C1CCC(CC2CCC(C3CC(CC4CCCC4)C4CCCCC43)C(C3CC3)C2)CC1
C1CCC(C2CCC(CC3CCC(C4CCCC4)CC3)CC2)CC1
C1CCC(C2CCC(C3CCCC(C4CCC(C5CCCCC5)C4)C3)CC2)CC1
C1CCC(C2CCC(C3CCCC(C4CCCCC4)C3)CC2)CC1
C1CCC(CC2CCC(C3CCC4CCCCC43)CC2)CC1
C1CCC(CC2CCC(CC3CCC(C4CCCCC4)CC3)CC2)CC1
C1CCC(CC2CCC(C3CCCC(C4CCC(C5CCCCC5CC5CCCCC5)CC4)C3)CC2)CC1
C1CCC(C2CC(C3CCC3)CC(C3CCC4CCCC4C3)C2)CC1
C1CCC(C2CCC(CCCC3CCCC(C4CCC(CC5CCCC5)CC4)C3)CC2)CC1
C1CCC(CC2CCC(CCCC3CCC(CC4CCCCC4)CC3)CC2)CC1
C1CCC(CCC2CCCCC2C2CCC(CC3CCCCC3)CC2)CC1
C1CCC(CC2CCCC(CC3CCCC4CC(C5CCCCC5C5CCCC5)CC34)C2)CC1
C1CCC(CC2CCC(CC3CCCC(CC4CCC(C5CCCCC5)CC4)C3)CC2)CC1
C1CCC(CCCC2CCC(CC3CCC(CC4CCCCC4)CC3)CC2)CC1
C1CCC(C(C2CCCCC2)C2CCC(CC3CCC(C4CC4)CC3)CC2)CC1
C1CCC(C2CCCCC2C2CCCCC2C2CCCCC2)CC1
C1CCC(C2CCCCC2C2CCC3CCCC3C2)CC1
C1CCC(CC2CCC3CC(C4CCCCC4C4CC(CC5CC5)CCC4CC4CCCCC4)CCC23)CC1
C1CCC(CCC2CCC(CC3CCCCC3)C(C3CCC4CCCC4C3)C2)CC1
C1CCC(CC2CCC(CC3CCCCC3)CC2)CC1
C1CCC(CC2CCCC(C3CCCC(C4CCCCC4)C3)C2)CC1
C1CCC(CCCC2CCCC(C3CCCC(C4CCCCC4)C3)C2)CC1
C1CCC(CC2CCC(C3CCCC3)CC2CCC2CCCCC2C2CCCC2)CC1
C1CCC(CCC2CCC(C3CCC(CCC4CC5CCCCC5C4)C3)CC2)CC1
C1CCC(CC2CCC(C3CCCC(C4CCCC4)C3)CC2C2CCCCC2)CC1
C1CCC(CC2CCC(C3CCCCC3)CC2)CC1
C1CCC(CCC2CCCC(CCC3CCCCC3)C2)CC1
C1CCC(C2CCCCC2CC2CCC3CC(C4CCC5CCCCC54)CC(C4CCCCC4)C3C2)CC1
C1CCC(CC2CCC(CCCC3CC4CCCCC4C3)CC2)CC1
C1CCC(CCCC2CCCC(C3CCC4CCCCC4C3)C2)CC1
C1CCC(CC2CCCC(CCC3CCC(CCCCC4CCCCC4CC4CCCCC4)CC3)C2)CC1
C1CCC(CC2CCC3C(C4CCCCC4)CC(C4CCCCC4)C3C2)CC1
C1CCC(CCC2CC(C3CCCC(C4CCCC4)C3)C3CCCCC23)CC1
C1CCC(C2CC(C3CC4CCCCC4C3)CC3CCCCC32)CC1
C1CCC(CC(CC2CCCCC2)(C2CCCCC2)C2CCCCC2)CC1
C1CCC(CC2CCC(CC3CCCCC3)CC2)CC1
C1CCC(C2CCCC(CCC3CCCC(CC4CCC5CCCCC54)C3)C2)CC1
C1CCC(CCC2CC(C3CCC3)CC(C3CCCC(CC4CCCCC4)C3)C2)CC1
C1CCC(CCCC2CCCC(CCC3CCC4CCCCC4C3)C2)CC1
C1CCC(CC2CCCC3CC(CC4CC(CCCC5CC5)C5CCCCC45)CCC23)CC1
C1CCC(CCC2CCC(CC3CC(CC4CCCC(CC5CCCCC5)C4)C4CCCCC34)CC2)CC1
C1CCC(CC2CCC(C3CCCCC3)CC2)CC1
C1CCC(CCCC2CC(C3CCCCC3)CCC2C2CCC3CCCCC32)CC1
C1CCC(CCCCC2CCC(CC3CCC(CC4CCCC4)CC3)CC2)CC1
C1CCC(C2CC3CCC(C4CCCCC4)CC3C(C3CCCCC3)C2)CC1
C1CCC(CC2CCC(CC3CCCCC3CC3CCCC(C4CCCCC4)C3)CC2)CC1
C1CCC(CCCC2CCCC(CCC3CCCC(CC4CCCCC4)C3)C2)CC1
C1CCC(CC2CCC(C3CCCCC3)CC2)CC1
C1CCC(CC2CCCC(C3CC(C4CCCCC4)CC(C4CCCC4)C3)C2)CC1
C1CCC(CC2CCC(CCC3CCC4CCCCC43)CC2)CC1
C1CCC(CCC2CCC(C3CCCC3)C(C3CCCCC3)C2)CC1
C1CCC(CC2CCC(CCC3CCC(C4CCCCC4)C(C4CCCCC4)C3)CC2)CC1
C1CCC(C2CCC(CC3CCCC(CC4CC4)C3)CC2)CC1
C1CCC(CCC2CCCC(C3CCCC(CC4CCCCC4)C3)C2)CC1
C1CCC(CC2CCCCC2C2CCCCC2)CC1
C1CCC(C2CCCC(C3CCC(C4CCC5CCCCC54)CC3)C2)C1
C1CCC(C2CCC(CC3CCCC(C4CCCCC4)C3)CC2)CC1
C1CCC(CC2CCCC(C3CCC(CC4CCC(CC5CCCC5)CC4)CC3)C2)CC1
C1CCC(CC2CCC(CCCC3CCCC(C4CCCCC4)C3)CC2)CC1
C1CCC(CCCC2CC(CC3CCCCC3)C3CCCCC23)CC1
C1CCC(CC2CCC(C3CCC4CC(C5CCCCC5)CCC43)CC2)CC1
C1CCC(C2CCC(CC3CCCC(C4CCC(CC5CCCC5)C(C5CCCCC5)C4)C3)CC2)CC1
C1CCC(C2CCC(C3CCCCC3C3CCC4CCCCC4C3)CC2)CC1
C1CCC2C(C1)CCC2CCC1CC2CCCCC2C(C2CCCCC2C2CCCC2)C1
C1CCC(C2CCC(CCCC3CCC(CCCC4CCCC4)CC3)C2)CC1
C1CCC(CC(CCC2CCC(C3CCCC3)CC2)CC2CCCCC2)CC1
C1CCC(CCC2CCC(C3CCCCC3)CC2C2CCCCC2)CC1
C1CCC(C2CCC(CC3CCC4CCCC(C5CCCCC5)C4C3)CC2)CC1
C1CCC(C2CCC(C3CCCC(C4CCCCC4)C3)CC2)CC1
C1CCC(CCC(C2CCCCC2)C2CC(C3CCCCC3)CC(C3CCCC3)C2)CC1
C1CCC(CC2CCCC(CC3CC(CC4CCC5CCCCC5C4)C4CCCCC34)C2)CC1
C1CCC(CC2CCC(C3CCC4CCCCC43)CC2)CC1
C1CCC(C2CCC(CC3CCC(C4CC5CCCCC5C4)CC3C3CCCC3)CC2)CC1
C1CCC(C2CCCC3CCC(CC4CCC(CC5CCC(C6CCC6)CC5)CC4)CC32)CC1
C1CCC(C2CCC(C3CCCC(C4CCCCC4)C3)CC2)CC1
C1CCC(CCC2CC(C3CCCCC3)C(C3CCCCC3)C(C3CCC3)C2)CC1
C1CCC(CCC2CCC(C3CCC(C4CCCCC4)CC3)CC2)CC1
C1CCC(CC2CCC(C3CCC(C4CCCC4)CC3)CC2)CC1
C1CCC(CC(C2CCCCC2)C2CCCC(C3CC3)C2)CC1
C1CCC(C2CCCC(CC3CCCC4CCCCC43)C2)CC1
C1CCC(C2CCCC(CC3CCC(C4CCCC4)CC3)C2)CC1
C1CCC(CCC(CC2CCCCC2)C2CCCC(C3CCCCC3)C2)CC1
C1CCC(CCCC2CC(CC3CC3)CC(C3CCCCC3CC3CCCCC3)C2)CC1
C1CCC(CCC2CCCC(CCC3CCCCC3)C2)CC1
C1CCC(C2CCCCC2C2CCCC(CCC3CCC(C4CCCC4)CC3)C2)CC1
C1CCC(CCC2CC(C3CCC(C4CCCCC4)CC3)C3CCCCC23)CC1
C1CCC(CC2CCCC(C3CCC(C4CCCC(C5CCC5)C4)CC3)C2)CC1
C1CCC(CC2CCCC(CC3CCCC(C4CCCC(C5CCCC(C6CCCC6)C5)C4)C3)C2)CC1
C1CCC2C(C1)CCCC2C1CCC(C2CCCC3CCCCC32)CC1
C1CCC(CC2CCC(CCCC3CCC(CC4CC5CCCCC5C4)CC3)CC2)CC1
C1CCC(CCCC2CCCCC2CCC2CCCCC2)CC1
C1CCC(CC2CCCC2C2CCC(C3CCC(CC4CCC5CCCCC54)CC3)CC2)CC1
C1CCC(C2CCC(C3CCCC(C4CCCCC4)C3)CC2)CC1
C1CCC(CC2CCC(CC3CCCCC3)CC2)CC1
C1CCC(CC2CCCCC2)CC1
C1CCC(CCCCC2CCC(C3CCCCC3C3CCCCC3)C(C3CCCCC3)C2)CC1
C1CCC(C2CCC(CC3CCC(CC4CC4)CC3)CC2)CC1
C1CCC(CCCC2CCC(C3CCCCC3)CC2)CC1
C1CCC(C2CCCC(C3CC(C4CCCCC4)CC(C4CCCCC4)C3)C2)CC1
C1CCC(CC2CCCCC2)CC1
C1CCC(CC2CCCCC2CC2CCCCC2C2CCCCC2)CC1
C1CCC(CC2CCCCC2C2CCCC(C3CCC(CCC4CC4)CC3)C2)CC1
C1CCC(CCCC2CCCC(CC3CCC(C4CCCC(C5CCCCC5)C4)CC3)C2)CC1
C1CCC(C2CC(C3CCC4CCCCC43)CC3CCC(CCC4CCCC4)CC32)CC1
C1CCC(CC2CCC(C3CC4CCCCC4C3)CC2)CC1
C1CCC(CCCC2CCC(CC3CCCCC3CC3CCCCC3)CC2)CC1
C1CCC(CC2CCC(C3CCCC3)C(C3CCC(C4CCCCC4)CC3)C2)CC1
C1CCC(CCCC2CCCC(C3CC(C4CCCCC4)CC(C4CCC4)C3)C2)CC1
C1CCC(C2CCCCC2C2CCCC(CC3CCC(C4CCCC4)CC3)C2)CC1
C1CCC(CC2CCCC(C3CCCC3C3CCCCC3CCC3CC3)C2)CC1
C1CCC(CCC2CC(C3CCC(C4CCCCC4)CC3)C3CCCCC23)CC1
C1CCC(C2CCCCC2C2CCC(CCCC3CC4CCCCC4C3)CC2)CC1
C1CCC(CCCCC2CCC(C3CCC(C4CCCCC4)CC3)CC2)CC1
C1CCC(C2CCCCC2CC2CCCCC2CC2CCC(C3CC3)CC2)CC1
C1CCC(C2CCCC(C3CCCCC3)C2)CC1
C1CCC(CC2CCC(CC3CCCCC3)CC2)CC1
C1CCC(C2CCCC(CCCCCC3CCCCC3C3CCCCC3)C2)CC1
C1CCC(C2CC(C3CCCCC3)CC(C3CCCC3)C2)CC1
C1CCC(CCC2CCCC(C3CCCC(CCC4CCCCC4)C3)C2)CC1
C1CCC(CC2CCCC(C3CCC(C4CCCC(C5CCCC5)C4)CC3)C2)CC1
C1CCC(CCC2CCC(C3CCC3)C(C3CCCCC3)C2)CC1
C1CCC2C(C1)CCC2CC1CC2CCC(C3CCCC4CCCCC43)CC2C1
C1CCC(CC2CCC3C(CC4CCCCC4)CC(C4CCCCC4)C3C2)CC1
C1CCC(C2CCCCC2CC2CCCC(CC(C3CCCCC3)C3CCCC3)C2)CC1
C1CCC(C2CCCC(C3CCCCC3)C2)CC1
C1CCC(C2CCCC(C3CCC(C4CCCCC4CC4CCC5CCCCC54)C4CCCC34)C2)C1
C1CCC(CC2CCC(CCC3CC(CC4CCCC4)C4CCCCC34)CC2)CC1
C1CCC(C2CCC(C3CCCCC3)C(CCC3CC3)C2)CC1
C1CCC(CC2CCCC(CC3CCC4CCCCC43)C2)CC1
C1CCC(C2CCC(CC3CCCCC3C3CCCCC3)CC2)CC1
C1CCC(C2CCC(C3CCC4CCCCC43)C(C3CCCCC3)C2)CC1
C1CCC(CCCC2CCC3CC(CCC4CCCCC4)CCC3C2)CC1
C1CCC(C2CCCCC2)CC1
C1CCC(CC2CCC(C3CCC(C4CCCCC4)CC3)CC2)CC1
C1CCC(CCC2CCCCC2)CC1
C1CCC(CC2CC(C3CCCCC3C3CCCC(CCC4CCC(C5CCCC5)CC4)C3)C3CCCCC23)CC1
C1CCC(C2CCC3CC(CC4CC4)CCC3C2)CC1
C1CCC(CCC2CCC(CC3CCCCC3)CC2)CC1
C1CCC(C2CCCC(CCCC3CC4CCCCC4C3)C2)CC1
C1CCC(CCCC2CCCC(C3CCC(C4CC4)CC3C3CCCCC3)C2)CC1
C1CCC(CCC2CCC(C3CC4CCCCC4C3)CC2)CC1
C1CCC(CC2CCC(CC3CCCC(CC4CCCC4)C3)CC2)CC1
C1CCC(C2CCCC(CC3CCCC(CCC4CCC(CC5CC6CCCCC6C5)CC4)C3)C2)CC1
C1CCC(CCC2CC(CC3CCCCC3)C3CCCCC23)CC1
C1CCC(CC2CCC(C3CCCC(C4CCCC4)C3)CC2)CC1
C1CCC(CC2CCC(C3CCC(CC4CC4)CC3)CC2)CC1
C1CCC(C2CCC(C3CCC4CCCCC4C3)CC2)CC1
C1CCC(C2CCCC(C3CCCC(C4CCCCC4)C3)C2)CC1
C(CCC1CCC(C2CCCCC2)CC1)CCC1CCC(C2CCCCC2)CC1
C1CCC(C2CCCC(CCCC3CC4CCCCC4C3)C2)CC1
C1CCC(CC2CCCCC2)CC1
C1CCC(C2CCC(C3CC(CC4CCC(C5CC5)CC4)C4CCCCC43)CC2)CC1
C1CCC(CC2CCCC(CC3CCCCC3C3CC4CCCCC4C3)C2)CC1
C1CCC(CC2CCCC(CC3CCC(CCC4CCCC4)CC3)C2)CC1
C1CCC(C2CCCC(C3CCCCC3)C2)CC1
C1CCC(C2CCC(C3CCCCC3)CC2)CC1
C1CCC(CCC2CCC(CC3CCCCC3)CC2)CC1
C1CCC(CCCCC2CCCC(C3CC(CC4CCCC4)C4CCCCC43)C2)CC1
C1CCC(C2CCCC(C3CCCCC3)C2)CC1
C1CCC(C2CCCCC2C2CCCCC2C2CCC3CCCC3C2)CC1
C1CC(CC2CCC(CC3CCCC(C4CCC5CCCC5C4)C3)CC2)C1
C1CCC(C2CCCCC2C2CCCCC2)CC1
C1CCC(CC2CCCC(CC3CCC(C4CCCC4)CC3CC3CCCCC3)C2)CC1
C1CC(CC2CCCC(C3CCCCC3C3CCCC(C4CCCC4)C3)C2)C1
C1CCC(CC2CCC(CC3CCCCC3)CC2)CC1
C1CCC(CC2CCCC(C3CCCCC3)C2)CC1
C1CCC(CCCC2CCCC(CC3CCCCC3)C2)CC1
C1CCC(C2CCCC(CC3CCCC(CC4CCCCC4C4CCCCC4)C3)C2)CC1
C1CCC(C2CCCCC2C2CCCCC2C2CC3CCCCC3C2)CC1
C1CCC(CC2CCCC(C3CCCCC3CCCCC3CC4CCCCC4C3)C2)CC1
C1CCC(C2CCCC(C3CCCC(C4CCC5CCCCC54)C3)C2)CC1
C1CCC(CCCC2CCCCC2)CC1
C1CCC(C2CCCC(C3CCC(C4CCCCC4C4CCCC4)CC3)C2)CC1
C1CCC(CCC2CCC(CC3CCCC(C4CCCCC4)C3)CC2)CC1
C1CCC(CC(C2CCCCC2)C2CCC(C3CCCC4CCCCC43)CC2)CC1
C1CCC(CCC2CCC(C3CCCC(CC4CCCC(C5CCCCC5)C4)C3)C2)CC1
C1CCC(C2CCC(CCC3CCC4C(C5CCCC5)CC(C5CCCCC5)C4C3)CC2)CC1
C1CCC(CC2CC3CCC(C4CCCCC4)CC3C(C3CCCCC3)C2)CC1
C1CCC(CC2CC(C3CCCCC3)C3CCCCC23)CC1
C1CCC(CCC2CCCCC2CC2CC3CCCCC3C2)CC1
C1CCC(CCC2CCC(CC3CCCCC3)CC2)CC1
C1CCC(CCCC2CCCC(CC3CCCCC3)C2)CC1
C1CCC(C2CCCCC2C2CCCCC2C2CCCC2)CC1
C1CCC(CC2CC(CC3CCC(C4CCCC4)CC3)C3CCCCC23)CC1
C1CCC(CC2CCC(CC3CCCC(C4CCCCC4)C3)CC2)CC1
C1CCC(CC2CCC(CC3CCCCC3C3CCCCC3)CC2)CC1
C1CCC(CC2CCC(CC3CCCCC3)CC2)CC1
C1CCC(CC2CCC(CC3CCC(C4CCCC(C5CCCC(C6CCC6)C5)C4)CC3)CC2)CC1
C1CCC(CC2CCCCC2C2CCCCC2)CC1
C1CCC(CC2CCCC(C3CCC(CCC4CCC4)CC3)C2)CC1
C1CCC(C2CC(C3CCCC3)CC(C3CCCCC3C3CCCCC3)C2)CC1
C1CCC(CC2CCCCC2)CC1
C1CCC(CC2CCC3CCC(CC4CCCCC4)CC3C2)CC1
C1CCC(C2CCC(C3CCCC(C4CCCCC4)C3)CC2)CC1
C1CCC(C2CCCC(CC3CCC4CCCCC4C3)C2)CC1
C1CCC(CCC2CCCCC2)CC1
C1CCC(C2CCCC(C3CCCC3)C2)CC1
C1CCC(CCC2CCC(CC3CCCC(C4CCCCC4)C3)CC2)CC1
C1CCC(CC2CCCCC2C2CCCC(C3CC4CCCCC4C3)C2)CC1
C1CCC(C2CCC(C3CCC(CC4CCC(CC5CCCC5)CC4)CC3)CC2)CC1
C1CCC(C2CCCC(C3CCC(CC4CCCC4)CC3)C2)CC1
C1CCC(C2CCCCC2C2CCCCC2)CC1
C1CCC(CCC2CCC(CC3CCCCC3)CC2)CC1
C1CCC(C2CCCC(C3CCCCC3)C2)CC1
C1CCC(CC2CCC(C3CCCCC3CC3CCC(CC4CCCCC4C4CCCC4)CC3)CC2)CC1
C1CCC(C2CCCCC2C2CCC3C(CCCC3C3CCCCC3)C2)CC1
C1CCC(C2CCC(CCC3CCCC(C4CCCCC4)C3)CC2)CC1
C1CC(CC2CC3CCCCC3C2)CC(CC2CCCC(C3CCCCC3C3CCCC3)C2)C1
C1CCC(CC2CCC(CCC3CCC(C4CCC(C5CCCC5)CC4)CC3)CC2)CC1
C1CCC(CCC2CC3CCCCC3C2)CC1
C1CCC(CCCC2CCCCC2)CC1
C1CCC(C2CCCC(C3CCCC(C4CC4)C3)C2)CC1
C1CCC(C2CCCC(C3CCCCC3)C2)CC1
C1CCC(CCCC2CCC(C3CCCCC3C3CCCCC3)CC2)CC1
C1CCC(C2CCCC(C3CCC(CC4CCCC4)CC3)C2)CC1
C1CCC(CC2CCC(CC3CCCC(CC4CCCCC4)C3)CC2)CC1
C1CCC(C2CCCCC2C2CCCC(CC3CCCC(C4CCC5CCCC5C4)C3)C2)CC1
C1CCC(C2CC(C3CCCC(C4CCC4)C3)CCC2C2CCCC3CCCCC32)CC1
C1CCC(CCCC2CCCCC2)CC1
C1CCC(CC2CCC(C3CCCCC3)CC2)CC1
C1CCC(C2CCCC(CCCC3CCC(CC4CCCC4)CC3)C2)CC1
C1CCC(CCC2CCCC(C3CC(C4CC(CC5CCCCC5)CCC4CC4CC4)C4CCCCC34)C2)CC1
C1CCC(CC2CCC(CC3CCC(C4CCCCC4)CC3)CC2)CC1
C1CCC(CC2CCC(CC3CC4CCCCC4C3)CC2)CC1
C1CCC(C2CCC(C3CCCCC3CC3CCC(CCC4CCCCC4C4CCCCC4)CC3)CC2)CC1
C1CCC(CC2CCCC(C3CCCC3)C2)CC1
C1CCC(CCC2CCC(C3CCCCC3)CC2)CC1
C1CCC(C2CCCCC2C2CCCCC2)CC1
C1CCC(CC2CCC(CCC3CCCC(C4CCCCC4)C3)CC2)CC1
C1CCC(CC2CCC(CCC3CCC(C4CCCCC4)CC3)CC2)CC1
C1CCC(CC2CC(C3CCCC3)CC(C3CCCCC3CC3CCCCC3)C2)CC1
C1CCC(CC2CC(CC3CCCCC3)C3CCCCC23)CC1
C1CCC(CC2CCCC(C3CCC(C4CCCCC4)CC3)C2)CC1
C1CCC(CC2CCCC(CC3CC3)C2)CC1
C1CCC(CC(C2CCCCC2)C2CCCCC2)CC1
C1CCC(CC2CCC(CC3CCCC(CC4CC4)C3)CC2)CC1
C1CCC(CCCC2CCC(C3CCC(CC4CCC4)CC3)CC2)CC1
C1CCC(C2CCC(C3CCCCC3C3CCCCC3)CC2)CC1
C1CCC(CC2CCCC(C3CCCCC3)C2CC2CCCCC2)CC1
C1CCC2CC(C3CCCCC3C3CCC(CCC4CCC5CCCC5C4)CC3)CCC2C1
C1CCC(CC2CCC(CCC3CCCC(C4CCCCC4)C3)C(CCC3CCC3)C2)CC1
C1CCC(CC2CCC(C3CCCCC3)CC2)CC1
C1CCC(CC2CCC(C3CCCCC3)CC2C2CCC3CCCC3C2)CC1
C1CCC(C2CCCC(C3CCCCC3)C2)CC1
C1CCC(C2CCC3C(CCC3C3CCCCC3)C2)CC1
C1CCC(CCCCCC2CCCC(C3CCCC(CC4CCCCC4C4CCCCC4)C3)C2)CC1
C1CCC(CC2CCCC(C3CCCCC3)C2)CC1
C1CCC(CCC2CCCC(C3CCCCC3)C2)CC1
C1CCC(C2CCCCC2C2CCCCC2C2CCCC2)CC1
C1CCC(CCC2CCC(C3CCCCC3C3CCCCC3C3CCCC3)CC2)CC1
C1CCC(CCC2CCC(C3CCCC(C4CCCCC4)C3)CC2)CC1
C1CCC(CCC2CC(C3CCCCC3)CC(CC3CCCCC3)C2C2CCCC2)CC1
C1CCC(CC2CCCCC2CC2CCC(CC3CC4CCCCC4C3)CC2)CC1
C1CCC(CC2CCCCC2C2CCC(C3CCCCC3)CC2)CC1
C1CCC(CCC2CCCC(C3CCCC(C4CCCCC4)C3)C2)CC1
C1CCC(C2CCC(C3CCCCC3)C(C3CCCC3)C2)CC1
C1CCC(CC2CCC(C3CCCC(C4CCCC4)C3)CC2)CC1
C1CCC(CC2CCC(CCC3CCCC(C4CCCC(C5CCCCC5)C4)C3)CC2)CC1
C1CCC(CCC2CCC3C(CCCC3C3CCCC(CC4CCCCC4)C3)C2)CC1
C1CCC(C2CCCCC2C2CCC3C(CCCC3C3CCCC4CCCCC43)C2)CC1
C1CCC(CC2CCCC(C3CCCCC3)C2)CC1
C1CCC(CCC2CCCCC2C2CCCC(CC3CCCCC3)C2)CC1
C1CCC(CCC2CCC(CC3CCCC(CC4CCCC(CCCC5CCCC5)C4)C3)CC2)CC1
C1CCC(CC2CCC(CC3CCCCC3)C(C3CCCC(CCC4CC5CCCCC5C4)C3)C2)CC1
C1CCC(CCCC2CCC(C3CCC(C4CCCCC4)CC3)CC2)CC1
C1CCC(C2CC3CCC(C4CCCCC4)CC3C(C3CCCCC3)C2)CC1
C1CCC(CC2CCC(C3CCC4C(CCC4C4CCCCC4)C3)CC2)CC1
C1CCC(CCC2CCCC(C3CCC(CCC4CCCC(CC5CCCCC5)C4)CC3)C2)CC1
C1CCC(C2CC(C3CCC4CCCCC43)CC3CCCCC32)CC1
C1CCC(CCCC2CCC(C3CCCCC3)C2)CC1
C1CCC(CCCCCC2CCCC(C3CCCCC3)C2)CC1
C1CCC(CCC2CCCC(C3CCCC(C4CCCCC4)C3)C2)CC1
C1CCC(C2CCCC(C3CCCCC3)C2)CC1
C1CCC(C2CCC(C3CCC(CC4CCCCC4C4CCC5CCCCC54)CC3)CC2)CC1
C1CCC(C2CCCC(CCCC3CCCCC3C3CCCCC3C3CCC4CCCC4C3)C2)CC1
C1CCC(C2CCC3C(CCCC3C3CCCCC3)C2)CC1
C1CCC(C2CCC(C3CCC(C4CCCC(C5CCCCC5)C4)CC3)CC2)CC1
C1CCC(C(CC2CC2)C2CC2)CC1
C1CCC(CC2CCCC(C3CCCCC3)C2)CC1
C1CCC(C2CCC3C(CCCC3C3CCCCC3)C2)CC1
C1CCC(CC2CCCCC2CC2CCC3C(CC4CCCCC4)CCC3C2)CC1
C1CCC(CC2CC(C3CC3)CC(C3CCCC(CCCC4CC5CCCCC5C4)C3)C2)CC1
C1CCC(C2CCCCC2C2CCCCC2)CC1
C1CCC(CC2CCCCC2C2CCCCC2)CC1
C1CCC(CC2CC(C3CCCCC3)CC(C3CCCCC3)C2)CC1
C1CCC(C2CCCC(C3CCC(C4CCCC(C5CCCCC5)C4)CC3)C2)CC1
C1CCC(CCC2CC(C3CCCCC3)CCC2CCCCCC2CCC(C3CCCC3)CC2)CC1
C1CCC(C2CCC(C3CCCCC3)CC2)CC1
C1CCC(CC(CC2CCCCC2)C2CCCCC2)CC1
C1CCC(CC2CCCC(C3CCC(C4CCCC(CC5CCCCC5)C4)CC3)C2)CC1
C1CCC(C2CCC(C3CCC(C4CC4)CC3C3CCC4CCCC4C3)CC2)CC1
C1CCC(CC2CCCCC2CC2CCC(CCC3CCCC(C4CCCCC4)C3)C2)CC1
C1CCC(CC2CCC(CC3CCCC(C4CCC(CCC5CCCC5CC5CCCCC5)CC4)C3)CC2)CC1
C1CCC(C2CCC(CCCC3CCCC(C4CCCCC4)C3)CC2)CC1
C1CCC(CCCC2CCC(CC3CCCCC3)CC2)CC1
C1CCC(CC2CCCC(C3CCCC(C4CCCCC4)C3)C2)CC1
C1CCC(CC2CCC(CC3CCC(C4CCC5CCCCC5C4)CC3)CC2)CC1
C1CCC(CC2CCCC(C3CCCCC3)C2)CC1
C1CCC(CCCC2CCC(CCC3CCCCC3)CC2)CC1
C1CCC(CC2CCCC(C3CC4CCCCC4C3)C2)CC1
C1CCC(CCCC2CCCC(C3CCCCC3)C2)CC1
C1CCC(CCCC2CCCC(C3CCCCC3)C2)CC1
C1CCC(CCC2CCC(C3CCC(CC4CCCCC4)CC3)CC2)CC1
C1CCC(CC2CCC3CCCC3C2)CC1
C1CCC(CCC2CCC(C3CCCCC3)C(C3CCCCC3)C2)CC1
C1CCC(CC2CCC(CC3CCCCC3CC3CCCCC3)CC2)CC1
C1CCC(CCCC2CCCC(C3CCC4CCCC4C3)C2)CC1
C1CCC2CC(C3CCC4CCCCC43)CCC2C1
C1CCC(C2CC(CC3CCCC(C4CCC5CCCC5C4)C3)C3CCCCC32)CC1
C1CCC(CC2CCCC(CC3CCCCC3)C2)CC1
C1CCC(CCC2CCC(CC3CCCCC3CCC3CC4CCCCC4C3)CC2)CC1
C1CCC(C2CCCC(C3CCCCC3)C2)CC1
C1CCC(C2CCC(C3CCCC4CC(C5CCCCC5)CCC43)CC2)CC1
C1CCC(C2CC(C3CCCCC3)C3CC(CCC4CCC5CCCC5C4)CCC23)CC1
C1CCC(C2CCCCC2C2CCC3CCCC3C2)CC1
C1CCC(CC(C2CCCCC2)C2CCCCC2C2CCCC2CCC2CCC(C3CCC3)CC2)CC1
C1CCC(CCCCCC2CCC3CCCC3C2)CC1
C1CCC(CCC2CCCC(C3CCCCC3)C2)CC1
C1CCC(C2CCCC(CCCCC3CCC(C4CCCC4)CC3)C2)CC1
C1CCC(CCC2CCCCC2C2CCCC(C3CCCC(C4CCCCC4)C3)C2)CC1
C1CCC(C2CCC(C3CCCC(C4CCCCC4)C3)CC2)CC1
C1CCC(CC2CCC(CC3CCCCC3)C(C(C3CCCCC3)C3CCCCC3)C2)CC1
C1CCC(CC2CCCCC2C2CCCCC2)CC1
C1CCC(CCC2CCC(C3CCCCC3C3CCCCC3)CC2)CC1
C1CCC(CC2CCCCC2C2CCC(CCC3CCC(C4CCC4)CC3)CC2)CC1
C1CCC(CC2CCCC(C3CCCC3)C2)CC1
C1CCC(C2CCCCC2C2CCCCC2)CC1
C1CCC(C2CCC(C3CCCC(CCC4CC4)C3)CC2)CC1
C1CCC(C2CCCCC2)CC1
C1CCC(CCC2CCCC(C3CCCCC3CC3CCCCC3)C2)CC1
C1CCC(CCCC2CCC(C3CCC(C4CCCC4)CC3)CC2)CC1
C1CCC(CC2CCC(CC3CCCCC3)CC2)CC1
C1CCC(C2CCC(C3CCCCC3C3CCCCC3)CC2)CC1
C1CCC(C2CCCC(C3CCCCC3)C2)CC1
C1CCC(C2CCC(CC3CCCCC3C3CCCC3)CC2)CC1
C1CCC(CC2CC3CC(C4CCCC(C5CCCCC5)C4)CCC3C2C2CCCCC2)CC1
C1CCC(CC2CC(C3CCCCC3)CC(C3CCCC3C3CCCCC3)C2)CC1
C1CCC(CC2CCCC(C3CCCC(CC4CCCCC4)C3)C2)CC1
C1CCC(CCC2CC(C3CCCCC3)CC(C3CCCCC3)C2)CC1
C1CCC(CC2CCC(CCC3CCC(CC4CCCCC4)CC3)CC2)CC1
C1CCC(C2CCC(C3CCCC(CC(C4CC5CCCCC5C4)C4CC5CCCCC5C4)C3)CC2)C1
C1CCC(CCCCCC2CCC(C3CCC3)C(CC3CCCCC3)C2)CC1
C1CCC(CC2CCC(C3CCCCC3)CC2)CC1
C1CCC(CC2CCCC(C3CCCCC3)C2)CC1
C1CCC(CC2CCC(CCCC3CCCCC3CC3CCCCC3)CC2)CC1
C1CCC(CCC2CCCCC2C2CCCCC2)CC1
C1CCC(C2CCCC(C3CCCCC3)C2)CC1
C1CCC(CC2CCCC3CCC(CC4CCCCC4)C32)CC1
C1CCC(CCCCC2CCCC(CC3CCC(CC4CCCCC4)CC3)C2)CC1
C1CCC(CCC2CCC(CC3CCCCC3)CC2)CC1
C1CCC(CC2C(C3CCCCC3)CCCC2C2CCC2)CC1
C1CCC(CC2CCC(C3CCCCC3)CC2)CC1
C1CCC(C2CCCC(CCC3CCC4CCCCC43)C2)CC1
C1CCC(C2CCCC(CCCC3CCC(C4CCCC(C5CCCCC5)C4)CC3)C2)CC1
C1CCC(C2CCCC(C(C3CCCCC3C3CCCCC3)C3CCCC4CCCCC43)C2)CC1
C1CCC(C2CCCC(C3CCCC(C4CCCCC4)C3)C2)CC1
C1CCC(CC2CCC(C3CCC(CC4CCCCC4C4CCCCC4)CC3)C2)CC1
C1CCC(CCC2CCC(CC3CCCCC3)CC2)CC1
C1CCC(C2CCC(CCC3CC3C3CCCCC3)CC2)CC1
C1CCC(C2CCCCC2C2CCC(CC3CCC(CC4CCCC4)CC3)CC2)CC1
C1CCC(CC2CCCC(CCC3CCC(C4CCC5CCCCC54)CC3)C2)CC1
C1CCC(CCC2CCC(C3CCCCC3CC3CCCCC3C3CCCCC3)CC2)CC1
C1CCC(C2CCC(CC3CCC(CCCCC4CC5CCCCC5C4)CC3)CC2)CC1
C1CCC(CCC2CCCC(C3CCCCC3)C2)CC1
C1CCC(C2CCC3CC(C4CCC5CCCCC54)CC(C4CCCCC4)C3C2)CC1
C1CCC(CCC2CCC(C3CCCCC3)C(C3CC3)C2)CC1
C1CCC(CCCCC2CCC(C(C3CCCCC3)C3CCCCC3C3CCCC3)CC2)CC1
C1CCC(CCC2CC(C3CCC(CCC4CCC5CCCCC5C4)CC3)C3CCCCC23)CC1
C1CCC(CC2CCCCC2C2CCCCC2)CC1
C1CCC(CCCC2CCCCC2)CC1
C1CCC(CC2CCC(C3CCC(CCCC4CC4)CC3)C2)CC1
C1CCC(CCCC2CCCCC2C2CCCCC2)CC1
C1CCC(CCCC2CCC(CCCC3CCCCC3)CC2)CC1
C1CCC(CC2CCC(CC3CCC(CCC4CCCC(C5CCCCC5)C4)CC3)CC2)CC1
C1CCC(C2CCCC(CC3CCC4CCCCC43)C2)CC1
C(CCCC1CCCCC1)CCCC1CCC(CC2CCCCC2)CC1
C1CCC(CCCC2CCC(CC3CCCC(C4CCC4)C3)CC2)CC1
C1CCC(CCCCCC2CCCC(CCCC3CCCCC3)C2)CC1
C1CCC(C2CCCC(C3CCCC4CCCCC43)C2)CC1
C1CCC(CC2CCCCC2)CC1
C1CCC(C2CCC(CCCCC3CCC(CC4CCC(C5CC6CCCCC6C5)CC4)CC3)CC2)CC1
C1CCC(C2CCCCC2)CC1
C1CCC(CC2CCCCC2CCC2CCC(C3CCCCC3)CC2)CC1
C1CCC(C2CCCC(C3CCC(CC4CC5CCCCC5C4)CC3)C2)CC1
C1CCC(CCC2CCC(CC3CCC(CC4CCCCC4)CC3)CC2)CC1
C1CCC(CC2CCC(C3CCCCC3)CC2)CC1
C1CCC(CC2CCCC(CCCC3CCC(C4CCCCC4)CC3)C2)CC1
C1CCC(C2CCC3C(CCC3C3CCCCC3C3CCCCC3)C2)CC1
C1CCC(C2CCCCC2CC2CCCC(C3CCC(C4CCCC4)CC3)C2)CC1
C1CCC(CCCC2CCC(CC3CC3)C(C3CCC4CCCC4C3)C2)CC1
C1CCC(CCC2CCCC(C3CCCC(C4CCCC4)C3)C2)CC1
C1CCC(CCC2CCC(CC3CCC(C4CCCCC4)CC3)CC2)CC1
C1CCC(C2CCCCC2C2CCC3CCCCC3C2)CC1
C1CCC(CCC2CCCCC2)CC1
C1CCC(CCC2CCCCC2C2CCC3CCCC3C2)CC1
C1CCC(C2CCCC(C3CCC(C4CCC4)CC3)C2)CC1
C1CCC(C2CCC(CC3CC(CC4CCCC4)C4CCCCC34)CC2)CC1
C1CCC(CCCC2CCCC(CCC3CCC(C4CCCC4)CC3)C2)CC1
C1CCC(CC2CCCC(C3CCCC(C4CCC(C5CCCC5)CC4)C3)C2)C1
C1CCC(C2CCCCC2)CC1
C1CCC(CC2CCC(C3CCC4CCCC4C3)CC2)CC1
C1CCC(C2CCCCC2CC(C2CCCCC2)C2CCCCC2)CC1
C1CCC(C2CCCC(CC3CCC(C4CCCC(C5CCC5)C4)CC3)C2)CC1
C1CCC(C2CCC(C3CCC4CCCCC43)CC2)CC1
C1CCC(CC2CCC(C3CCC(C4CCCC(C5CCCCC5)C4)C3)CC2)CC1
C1CCC(CC2CCC(CCC3CCC4CCCC4C3)C(C3CCCC3)C2)CC1
C1CCC(C2CCC(CCCC3CCCC(C4CCCCC4)C3)CC2)CC1
C1CCC(CC2CCCC(C3CCCC3)C2)CC1
C1CCC(CCCC2CCCC(C3CCCC(C4CCCCC4)C3)C2)CC1
C1CCC(C2CC(C3CCCCC3)C3CCCCC23)CC1
C1CCC(C2CCCC(C3CCCCC3C3CCCCC3)C2)CC1
C1CC(CC2CC2)CC(CC2CCC(C3CCCC(C4CC4)C3)CC2)C1
C1CCC(CCC2CCCCC2CC2CCCCC2)CC1
C1CCC(C2CCCCC2C2CCC3C(CCCC3C3CCCCC3)C2)CC1
C1CCC(C2CC(C3CC3)CC(C3CCCC(C4CCCC(C5CCCC5)C4)C3)C2)CC1
C1CCC(CC2CC(CC3CCC(C4CCCCC4)CC3)C3CCCCC23)CC1
C1CCC(CC2CCC3CCCC(C4CCCCC4)C3C2)CC1
C1CCC(C2CCC(CC3CCCC(C4CCCCC4)C3)CC2)CC1
C1CCC(CC2CC(C3CCCCC3)CCC2C2CCCCC2)CC1
C1CCC(CC2CC(CC3CC3)CC(C3CCCC(CC4CCC(C5CCCCC5)CC4)C3)C2)CC1
C1CCC(C2CCC3C(CCC4CCC(C5CCC6CCCC6C5)CC4)CCCC3C2)CC1
C1CCC2CC(C3CCCCC3C3CCC(CC4CC5CCCCC5C4)CC3)CCC2C1
C1CCC(C2CCC(CCC3CCCC(C4CCCCC4)C3)CC2)CC1
C1CCC(C2CCC(C3CCCC(C4CCC(C5CCCC5)CC4)C3)CC2)CC1
C1CCC(CCC2CCCC(C3CCCCC3C3CCCCC3)C2)CC1
C1CCC(CC2CCCC(C3CCCCC3)C2)CC1
C1CCC(C2CCCC(C3CCCC3C3CCCCC3)C2)CC1
C1CCC(C2CCC(C3CCCC(C4CC4)C3)CC2)CC1
C1CCC(CC2CCC(C3CCCCC3)CC2)CC1
C1CCC(C2CCCC(C3CCC(C4CCCC4)CC3)C2)CC1
C1CCC(C2CCCCC2C2CCCCC2)CC1
C1CCC(CC2CCCC(C3CCCC(CCC4CCCCC4C4CCCCC4)C3)C2)CC1
C1CCC(C2CCCC(C3CCCC(CC4CC4)C3)C2)CC1
C1CCC(C2CCCC(CCC3CC(C4CCC5CCCC5C4)CCC3C3CCCCC3)C2)CC1
C1CCC(CC2CCCC3CC(C4CCCCC4)CCC23)CC1
C1CCC(CC2CCC3CCCC(C4CCCCC4)C3C2)CC1
C1CCC(CC2CCC(CC3CC(C4CCCC4)C4CCCCC34)CC2)CC1
C1CCC(CC2CCC(C3CCCCC3)CC2)CC1
C1CCC(C2CCCC(CCCCC3CCC4CCCCC4C3)C2)CC1
C1CCC(CCC2CCC(C3CCCCC3C3CCCCC3)C(C3CCCCC3)C2)CC1
C1CCC(CC2CCC(C3CCC(C4CCCCC4)CC3)CC2)CC1
C1CCC(C2CCCCC2CC2CCCCC2C2CCCCC2)CC1
C1CCC(C2CCCC(CCCC3CCCC(C4CCCC(C5CCC(C6CCCC6)CC5)C4)C3)C2)CC1
C1CCC(CCCC2CCCC(CC3CCCCC3)C2)CC1
C1CCC(C2CCCCC2C2CCCC2)CC1
C1CCC(CCCCC2CCC(C3CCCC(CC4CC4)C3)CC2)CC1
C1CCC(C2CCC(CCC3CCCC(C4CCCC4)C3)CC2)CC1
C1CCC(CC2CC(C3CCCCC3)C3CCCCC23)CC1
C1CCC(CCCC2CCCC(CC3CCCCC3)C2)CC1
C1CCC(CC2CCCCC2C2CCCCC2CC2CC2)CC1
C1CCC(CC2CCCCC2CCC2CC(CCC3CCC(C4CC4)CC3)C3CCCCC23)CC1
C1CCC(C2CCCCC2C2CCC(C3CCCC3)CC2C2CCCCC2)CC1
C1CCC(C2CCCC(CC3CCC4CCCCC43)C2)CC1
C1CCC(CCCC2CC3CCC(CCC4CCC(C5CC5)CC4C4CCCCC4)CC3C(C3CCCCC3)C2)CC1
C1CCC(CC2CCC(CC3CCCCC3CC3CCCCC3)CC2)CC1
C1CCC(CCC2CCCCC2C2CCC3CCCC3C2)CC1
C1CCC(CCC2CCCC(C3CCC(CC4CCCCC4)CC3)C2)CC1
C1CCC(C2CCC(CC3CCCCC3C3CCCCC3)CC2)CC1
C1CCC(CCCCCC2CCCC(CC3CCCCC3)C2)CC1
C1CCC(CC2CCC(C3CCCCC3)CC2)CC1
C1CCC(C2CCC(CC3CCC4CCCCC43)CC2)CC1
C1CCC(C2CCC(CC3CCC(C4CCCCC4C4CCCCC4)CC3)CC2)CC1
C1CCC(C2CCC(CC3CC4CCC(C5CCCC5)CC4C(C4CCCCC4)C3)CC2)CC1
C1CCC(C2CCC(C3CCCCC3C3CCC4CCCC4C3)C(C3CCCCC3)C2)CC1
C1CCC(CC2CCC3CC(CC4CCC(C5CCC(C6CCCCC6)CC5)CC4)CCC23)CC1
C1CCC(CCC2CCCC(C3CCC(C4CCCC4)CC3)C2)CC1
C1CCC(CC2CCC(CCC3CCC(C4CCCC(CC5CCC6CCCCC65)C4)CC3)CC2)CC1
C1CCC(CCC2CCCC(C3CCCC(C4CCCCC4)C3)C2)CC1
C1CCC(CC2CCCC(CCC3CCC(CCC4CCCC4)CC3)C2)CC1
C1CCC(C2CCCC(CC3CCCC(C4CC4)C3)C2)CC1
C1CCC(C2CCCCC2CC2CCC3CCCC(C4CCCCC4)C3C2)CC1
C1CCC(C2CC(C3CCC(CC4CCC5CCCC5C4)CC3)C3CCCCC23)CC1
C1CCC(CCCC2CCCC(C3CCC(C4CCCCC4)CC3CC3CCCCC3)C2)CC1
C1CCC(CC2CCC(C3CCCCC3)CC2)CC1
C1CCC(C2CCCC(CC3CCC(C4CCC5CCCCC54)CC3)C2)CC1
C1CCC(CCC2CCC(CC3CC4CCCCC4C3)CC2)CC1
C1CCC(CC2CCCCC2C2CCC(CC3CC(C4CCCCC4)CCC3C3CCCCC3)CC2)CC1
C1CCC(C2CCCCC2C2CCC(C3CCCC(C4CCC5CCCCC5C4)C3)CC2)CC1
C1CCC(CC2CC(CC3CCC(C4CCC4)CC3)C3CCCCC23)CC1
C1CCC(CC2CCCC(C3CCCCC3C3CCCC3)C2)CC1
C1CCC(C2CCC(C3CCC(C4CCCC(C5CCCCC5)C4)CC3)CC2)CC1
C1CCC(CC2CCCCC2C2CCCCC2C2CCCC2)CC1
C1CCC(CC2CCC(C3CCCC(CCC4CCC(C5CCCCC5)C4)C3)CC2)CC1
C1CCC(CCC2CCC(CC3CCCCC3)CC2)CC1
C1CC(CC2CCCCC2CC2CCC(CCCC3CCCCC3C3CCCC3)CC2)C1
C1CCC(CC2CCCC(CCC3CC4CCCCC4C3)C2)CC1
C1CCC(CCC2CC(CC3CCCCC3)CCC2CC2CCCCC2)CC1
C1CCC(CC2CCCCC2C2CC(C3CCCCC3)C3CCCCC32)CC1
C1CCC(CC2CCC(CCCC3CCC(CC4CCC(CC5CC5)CC4)CC3)C(C3CCCCC3)C2)CC1
C1CCC(C2CC(C3CCCCC3)CC(C3CCCC3)C2)CC1
C1CCC(CC2CCC(C3CCC(C4CCC(CC5CCCC5)CC4)CC3)CC2)CC1
C1CCC(CCC2CCCC(C3CCC(CC4CCCCC4)CC3)C2)CC1
C1CCC(CCC2CCC(CCCC3CCC(CCC4CC5CCCCC5C4)CC3)CC2)C1
C1CCC(C2CCC(C3CC3)CC2)CC1
C1CCC(CC2CCC(C3CCC(CC4CCCC(C5CCCCC5)C4)CC3)CC2)CC1
C1CCC(C2CCCC(C3CCCC(C4CCCC4)C3)C2)CC1
C1CCC(CC2CCC3CC(C4CCCCC4C4CCCCC4)CC3C2)CC1
C1CCC(CC2CCCC(C3CCCCC3C3CCCC3)C2)CC1
C1CCC(CCCC2CCCC(CC3CCCCC3)C2)CC1
C1CCC(C2CCC(C3CC4CCCCC4C3)CC2)CC1
C1CCC(CC2CCCC(CC3CCC(CCC4CCC(C5CCCCC5)CC4)CC3)C2)CC1
C1CCC(CC2CCC(C3CCCC(C4CCC5CCCC5C4)C3)CC2)C1
C1CCC(CC2CCC(CC3CCC(C4CCCCC4)CC3)CC2)CC1
C1CCC(CC2CCC(C3CCC(C4CCCCC4)CC3)C(CC3CC3)C2)CC1
C1CCC(CCC2CCC(C3CCCCC3)CC2C2CCCC2)CC1
C1CCC(CCC2CCC(CC3CCCCC3)CC2)CC1
C1CCC(CCC2CC(C3CCCCC3)CC(C3CCCC3)C2)CC1
C1CCC(C2CCCC(CC3CCCCC3C3CCC4CCCCC4C3)C2)C1
C1CCC(CC2CCCC(C3CCCCC3)C2)CC1
C1CCC(CC2CCCC(C3CCCC(C4CCCCC4)C3)C2)CC1
C1CCC(CCC2CCC(CCCC3CCC(C4CCCCC4)CC3)CC2)CC1
C1CCC(CC2CCCC(CC3CCCCC3)C2)CC1
C1CCC(CC2CCC(C3CCCCC3)CC2)CC1
C1CCC(CCC2CCCCC2C2CCCCC2)CC1
C1CCC(CCC2CCCCC2C2CCC(C3CCCCC3)CC2)CC1
C1CCC(C2CCC(C3CCCCC3)C(C3CCC4CCCC4C3)C2)CC1
C1CCC(C2CCC(C3CCC4CCCC4C3)CC2)CC1
C(CCCC1CCC(CC2CCCC(CC3CCCCC3)C2)CC1)CCC1CCCCC1
C1CCC(CCC2CCCC(CC3CCCCC3)C2)CC1
C1CCC(CC2CCCC(CCC3CCCC(C4CCCCC4)C3)C2)CC1
C1CCC(CCCC2CCCCC2C2CCC3CCCC3C2)CC1
C1CCC(CCC2CCC(CC3CCC(C4CCCCC4)CC3)CC2)CC1
C1CCC(CCC2CCCCC2C2CCCCC2)CC1
C1CCC(C2CCCC(C3CCCC(C4CCCCC4)C3)C2)CC1
C1CCC(CCC2CCC(CC3CCC(C4CCCC4)CC3)CC2)CC1
C1CCC(CC2CCCCC2C2CCCC(CC3CCCC3CC3CC4CCCCC4C3)C2)CC1
C1CCC(C2CCCCC2)CC1
C1CCC(CCC2CCC(CCC3CC(C4CCCC4)C4CCC(C5CCC5)CC34)CC2)CC1
C(CCCC1CCC(C2CCCCC2)CC1)CCC1CCCCC1
C1CC2CCC(C3CCCCC3C3CCCCC3C3CCC4CCCC4C3)CC2C1
C1CCC(CCC2CCC(CCC3CCCCC3C3CCCCC3)CC2)CC1
C1CCC(CC2CC(CC3CCCCC3C3CCCCC3)C3CCCCC23)CC1
C1CCC(C2CCC3C(CCCC3C3CCCC(CC4CCC(CCCC5CC5)CC4)C3)C2)CC1
C1CCC(C2CCC(C3CCC(C4CCCCC4)CC3)CC2)CC1
C1CCC(CC2CCC(C3CCCC(CC4CCCCC4CC4CCCCC4)C3)CC2)CC1
C1CCC(CC2CCC(C3CCCCC3C3CCCCC3)C(C3CCCCC3)C2)CC1
C1CCC(C2CCCC(C3CCCC(C4CCCCC4)C3)C2)CC1
C1CCC(C2CCCCC2CC2CCC3C(CCCC3C3CCCCC3)C2)CC1
C1CCC(CCCC2CCCC(CC3CCCCC3)C2)CC1
C1CCC(CCC2CC(C3CCCCC3)CC(CCC3CCCC3)C2C2CCCCC2)CC1
C1CCC(CCC2CC(CC3CCCCC3)CCC2CC2CCCCC2)CC1
C1CCC(CC2CCC(CCCC3CCCC(CC4CCC4)C3)CC2)CC1
C1CCC(C2CCCC(C3CCCC4CC(C5CCCCC5)CCC43)C2)CC1
C1CCC(C2CCCCC2C2CCC3CCCC3C2)CC1
C1CCC(CC2CCCC(C3CCCCC3)C2)CC1
C1CCC(CC2CC(C3CCCC(CC4CCCC4)C3)C3CCCCC23)CC1
C1CCC(CCC2CC(C3CCCCC3)CC(CCC3CC4CCCCC4C3)C2C2CCCC2)CC1
C1CCC(CCC2CCC(C3CCCCC3)CC2)CC1
C1CCC(CC2CC(C3CCCCC3)CC(C3CCCCC3)C2)CC1
C1CCC(CC2CC(CC3CC3)C(CC3CCCCC3)C(C3CCCCC3)C2)CC1
C1CCC(CCC2CCC(C3CCCCC3C3CCCCC3)CC2)CC1
C1CCC(C2CCC(CCCC3CCC(CC4CCC(C5CC5)CC4)CC3)CC2)CC1
C1CCC(CCCCCC2CCC(CC3CCCCC3)CC2)CC1
C1CC(CC2CCC(CC3CC3)CC2)CC(CC2CC3CCCCC3C2)C1
C1CCC(C2CCCC(CCCCC(CC3CC4CCCCC4C3)C3CCCCC3)C2)CC1
C1CCC(CCC2CCCC(C3CCC(C4CCCC5CCCCC54)CC3)C2)CC1
C1CCC(CC2CCCC(C3CCCC(CC4CCCCC4)C3)C2)CC1
C1CCC(CC2CCC(CC3CCCC(C4CCCCC4)C3)CC2)CC1
C1CCC(CC2CCCC(C3CCC(C4CC4)CC3)C2)CC1
C1CCC(CC2CCC(C3CCC(C4CCCCC4)C(C4CCCCC4)C3)CC2)CC1
C1CCC(CC2CCCC(C3CCCCC3)C2)CC1
C1CCC(CC2CCC(CC3CCC(C4CCC5CCCCC5C4)CC3)CC2)CC1
C1CCC(C2CCC(CC3CCC4CCCC4C3)CC2)CC1
C1CCC(C2CCCCC2C2CC2)CC1
C1CCC(CCC2CCCC(C3CCCCC3)C2)CC1
C1CCC2CC(C3CCC(C4CCC(C5CCCC6CCCCC65)CC4)C3)CC2C1
C1CCC(CCC2CCCC(C3CCCCC3)C2)CC1
C1CCC(CCCC2CCC(CC3CCC(C4CCCCC4)CC3)CC2)CC1
C1CCC(CCC2CCC(CC3CC(C4CCCCC4)C4CCCCC34)CC2)CC1
C1CCC(CCCCC2CCC(C3CCC(C4CCCCC4)CC3)CC2)CC1
C1CCC(CC2CCCC(C3CCCCC3)C2)CC1
C1CCC(CC2CC(C3CCC(CC4CCC(CC5CCCC5)CC4)CC3)C3CCCCC23)CC1
C1CCC(C2CC(CCC3CCC(C4CCCC4)CC3)CCC2C2CCCC2)CC1
C1CCC(C2CCCC(C3CCCC(C4CCCC4)C3)C2)C1
C1CCC(CC2CCCC(C3CCCC(CC4CCCCC4)C3)C2)CC1
C1CCC(CCCCC2CCC(C3CCCCC3)CC2)CC1
C1CCC(CC(C2CCCC(C3CCCCC3)C2)C2CCC3CCCC3C2)CC1
C1CCC(CC2CCC(CC3CCCCC3)CC2)CC1
C1CCC(CCCC2CCCC(C3CCCCC3)C2)CC1
C1CCC(CC2CCCCC2C2CCC3C(CCCC3C3CCCCC3)C2)CC1
C1CCC(C2CCCC(C3CCC(CC4CCC4)CC3)C2)CC1
C1CCC(C2CCCC(C3CCC4CC(CC5CCCC(C6CCCC6)C5)CCC4C3)C2)CC1
C1CCC(C2CCC(CC3CCC(CC4CCCC4)CC3)CC2)CC1
C1CCC(CCC2CCCC(CCC3CC4CCCCC4C3)C2)CC1
C1CCC(C2CCC(C3CCCC(C4CCCCC4)C3)CC2)CC1
C1CCC(CC2CCC(CCCC3CCCCC3CC3CCCCC3)CC2)CC1
C1CCC(C2CCC(CC3CC(C(C4CCCCC4)C4CCCCC4)C4CCCCC34)CC2)CC1
C1CCC(CC2CCC(CC3CCC(C4CCCCC4)CC3)CC2)CC1
C1CCC(CC2CCC3CC(CC4CCC(C5CCCC5)CC4)CCC23)CC1
C1CCC(CC2CCCC(C3CCCCC3)C2)CC1
C1CCC(CCC2CC(C3CCC(C4CCCC4)CC3)CC(C3CC3)C2)CC1
C1CCC(CCCCCC2CCC(C3CCCC(CC4CCCCC4)C3)CC2)CC1
C1CCC(CC2CCCCC2C2CCC(C3CCCCC3)CC2C2CCCC2)CC1
C1CCC(CC2CCC(C3CCCC(CCC4CCCC(CC5CCCCC5)C4)C3)CC2)CC1
C1CCC(CCC2CC(CC3CCCCC3)CCC2CC2CCC3CCCC3C2)CC1
C1CCC(CC2CC(C3CCCCC3)CCC2C2CCCC2)CC1
C1CCC(C2CCCCC2CCCC2CCC(CC3CCC3)CC2)CC1
C1CCC(C2CCC3C(CCCC3C3CCCC(C4CCCC(C5CCCC5)C4)C3)C2)CC1
C1CCC(CC2CC(CCC3CC4CCCCC4C3)CCC2C2CCCCC2)CC1
C1CCC(C2CC(CCC3CCC4CCCCC4C3)CCC2CCC2CC3CCCCC3C2)CC1
C1CCC(CCC2CCCC(C3CCCC(CC4CCC5CCCCC54)C3)C2)CC1
C1CCC(CC2CCCC(C3CCC(CC4CCCC(CCCC5CCCC5)C4)CC3)C2)CC1
C1CCC(C2CCC(C3CCCCC3C3CCC4CCCC4C3)CC2)CC1
C1CCC(CC2CCC(C3CCC(CC4CC(C5CCCCC5)C5CCCCC45)C3)CC2)CC1
C1CCC(CC2CCCCC2CCC2CCCCC2C2CCCCC2)CC1
C1CCC2CC(C3CCC(C4CCC(C5CCCCC5C5CCC6CCCC6C5)CC4)CC3)CC2C1
C1CCC(CC2CCC(C3CC(CC4CCC(C5CCCCC5)CC4)C3)CC2)CC1
C1CCC(CC2CCC(CC3CC(CC4CCCC4)C4CCCCC34)CC2)CC1
C1CCC(CC2CCC(CC3CCC(CC4CCCCC4CC4CCCCC4)CC3)CC2)CC1
C1CCC(CCCCC2CCC(C3CCC(CC4CCCCC4)CC3)CC2)CC1
C1CCC(CCCCC2CCC(CC3CCCCC3C3CCCC3)CC2)CC1
C1CCC(C2CCC(CCC3CCC(C4CCC(CCC5CCCC5)CC4)CC3)CC2)CC1
C1CCC(CC2CCC(C3CCC(C4CCCC(CCCC5CC5)C4)CC3)CC2)CC1
C1CCC(CCCC2CCC(CC3CCCCC3C3CCC4CCCC4C3)CC2)C1
C1CCC(CC2CCC(CCC3CCC(CC4CCCCC4)CC3)CC2)CC1
C1CCC(C2CCCC(C3CCC(CC4CCCC4)CC3)C2)CC1
C1CCC(CC2CCCCC2C2CCC3C(CC4CCCC(C5CCCCC5)C4)CCCC3C2)CC1
C1CCC(CCCC2CCCC(C3CCCC(C4CCC(CC5CCCCC5)CC4)C3)C2)CC1
C1CCC(CC2CCC(C3CCCC(CC4CCC5CCCCC5C4)C3)CC2C2CCCCC2)CC1
C1CCC(C2CCC(C3CCC(C4CCCC4)C3)C(C3CCCC3)C2)CC1
C1CCC(CCC2CCC(C3CCCCC3)CC2)CC1
C1CCC(C2CCCCC2C2CCC3CCCC(C4CCCCC4)C3C2)CC1
C1CCC(CC2CCC(C3CCCCC3C3CCCCC3)C(C3CCCCC3)C2)CC1
C1CCC(CCCCC2CCC(C3CCC(C4CCCCC4)CC3)CC2)CC1
C1CCC(CC2CCCC(C3CC(C4CCCCC4)CC(C4CC4)C3)C2)CC1
C1CCC(CCC2CCC(C3CCCC(CC4CCC5CCCCC54)C3)CC2)CC1
C1CCC(CCCCC2CCC(C3CCCCC3)CC2)CC1
C1CCC(CC2CCC(C3CC(C4CCC(CC5CCCCC5)CC4)C3)CC2)CC1
C1CCC(CCCC2CCC(C3CCCCC3)CC2)CC1
C1CCC(CCCC2CCC(CC3CCC(CCCC4CC5CCCCC5C4)CC3)CC2)CC1
C1CCC(C2CCC(CC3CCC(CC4CC4)CC3)C2)CC1
C1CCC(C2CCC(CC3CCCCC3CC3CC4CCCCC4C3)CC2)CC1
C1CCC(CCC2CC(CCCC3CC4CCCCC4C3)CC(CCC3CCCCC3)C2CCC2CCCCC2)CC1
C1CCC(CC2CCC(C3CCCC(C4CCC4)C3)CC2)CC1
C1CCC(CC2CCCCC2C2CCCC(C3CCCC(CCC4CC5CCCCC5C4)C3)C2)CC1
C1CCC(CCC2CCC(CCC3CCCC(CCC4CCCCC4)C3)CC2)CC1
C1CCC(CCC2CCC(C3CCCC(C4CCCCC4)C3)CC2C2CCCCC2)CC1
C1CCC(C2CCCCC2)CC1
C1CCC(CCC2CC(CC3CCC(C4CCCCC4)CC3)C3CCCCC23)CC1
C1CCC(C2CCCCC2)CC1
C1CCC(C2CCC(CCC3CCC(C4CCCCC4)CC3)CC2)CC1
C1CCC(CC2CCC(C3CCC(CC4CCC(C5CCCC6CCCC65)CC4)CC3)CC2)CC1
C1CCC(CCCC2CCCC(C3CCCCC3)C2)CC1
C1CCC(C2CCCC(CCCC3CCC(C4CCCC(C5CCCCC5)C4)CC3)C2)CC1
C1CCC(C2CCC3CC(C4CCCC(C5CCC5)C4)CCC32)CC1
C1CC(CC2CCCCC2C2CCCC2)CC(C2CCC(CC3CC3)C(C3CCCC3)C2)C1
C1CCC(CCC2CCCC(C3CCC(C4CCCCC4)CC3)C2)CC1
C1CCC(C2CCC(C3CCCCC3C3CCCC3)C(C3CCCCC3)C2)CC1
C1CCC(CC2CCCCC2C2CCCCC2)CC1
C(CCCCC1CCCCC1)CCCCC1CCC(C2CCCC2)CC1
C1CCC(CCCC2CCCC(CCC3CCCCC3)C2)CC1
C1CCC(CC2CCCC2C2CCC(CC3CCC(CC4CC5CCCCC5C4)CC3)CC2)CC1
C1CCC(CC2CCC(CC3CCCCC3C3CCCCC3)CC2)CC1
C1CCC(CC2CCC(CCC3CCCC(CC4CCCCC4)C3)CC2)CC1
C1CCC(CC2CCCCC2C2CCCC2)CC1
C1CCC(CCCC2CCC(CCCCCCC3CCC(CC4CCCCC4)CC3)CC2)CC1
C1CCC(CC2CCCCC2)CC1
C1CCC(C2CCC(CCCC3CCCCC3C3CCCCC3)CC2)CC1
C1CCC(CC2CCCCC2C2CCCCC2)CC1
C1CCC(CCCC2CCCCC2C2CCCC(C3CCCCC3)C2)CC1
C1CCC2CC(CC3CCC(CC4CCC(C5CCCCC5C5CCCCC5C5CCCC5)CC4)CC3)CC2C1
C1CCC(CCC2CCCCC2CCC2CCCCC2)CC1
C1CCC(CC2CCCC(C3CCCCC3)C2)CC1
C1CCC(C2CC(C3CCCCC3)C3CCCCC23)CC1
C1CCC(C2CCCCC2C2CCC3C(CCCC3C3CCCC(CC4CCC4)C3)C2)CC1
C1CCC(CC2CCC(CC3CCCCC3C3CCCCC3C3CCCCC3)CC2)CC1
C1CCC(C2CCCC(C3CCC(CC4CCCC4)CC3)C2)CC1
C1CCC(C2CCCCC2C2CC(CC3CCCC(C4CC4)C3)C3CCCCC32)CC1
C1CCC(CC2CCCCC2C2CCC(C3CCCCC3)C2C2CCC(C3CCCCC3)CC2)CC1
C1CCC(CCCC2CCCC(C3CCCCC3)C2)CC1
C1CCC(C2CCC(C3CCCC4CC(C5CCCC5)CC43)CC2)CC1
C1CCC(CC2CCC(C3CCCCC3)CC2)CC1
C1CCC(CCCCC2CC(CCC3CCCCC3C3CCCCC3)C3CCCCC23)CC1
C1CCC(CC2CCC(C3CCCCC3)CC2)CC1
C1CCC(CC2CCC(C3CCC(CC4CCCCC4)CC3C3CCCC3)CC2)CC1
C1CCC(CC2CCCCC2C2CCCCC2CC2CC2)CC1
C1CCC(CCC2CCCC(C3CCCC(C4CC5CCCCC5C4)C3)C2)CC1
C1CCC(CCC2CCC(CCCCCCC3CC4CCCCC4C3)CC2)CC1
C1CCC(CC2CCC(C3CCCCC3CC3CCCC(CC4CCCCC4)C3)CC2)CC1
C1CCC(CCCC2CCCC(C3CCCCC3)C2)CC1
C1CCC(C2CCCCC2C2CCCCC2)CC1
C1CCC(C2CCCC(C3CCCC(CC4CCCC(C5CC6CCCCC6C5)C4)C3)C2)CC1
C1CCC(CCC2CCCCC2C2CCCCC2)CC1
C1CCC(CCCC2CCC(C3CCC(CC4CCCCC4)CC3)CC2)CC1
C1CCC(CC2CCC(C3CCCC(CCC4CCC5CCCCC54)C3)CC2)CC1
C1CCC(CC2CCCC(CCC3CCCC(C4CCCCC4)C3)C2)CC1
C1CCC(C2CCC(CC3CC(C4CCCCC4)C4CCCCC34)CC2)CC1
C1CCC(CCC2CCCC(C3CCC(CC4CCCC4)CC3C3CCCCC3)C2)CC1
C1CCC(C2CCCC(C3CCCC(C4CCC5CCCCC5C4)C3)C2)CC1
C1CCC(CC2CCC(CCC3CCCC(CC4CCCCC4)C3)CC2)CC1
C1CCC(CC2CCCCC2CCCC2CC(C3CCCCC3)CC(C3CCCC3)C2)CC1
C1CCC(CC2CCC(CC3CCCC(CC4CCCCC4)C3)CC2)CC1
C1CCC(CCC2CCC(C3CCC(C4CCCCC4)CC3)CC2)CC1
C1CCC(CCC2CCCC(CC3CCC(C4CCCCC4)CC3)C2)CC1
C1CCC(CCCCC2CCC(C3CCC4CCCC4C3)CC2)CC1
C1CCC(C2CCC(C3CCCC(C4CCCCC4)C3)CC2)CC1
C1CCC(CC2CCC3C(CC4CCCCC4)CCC3C2)CC1
C1CCC(CC(C2CCCCC2)C2CCCCC2)CC1
C1CCC(CC2CCCC(C3CCCC(CC4CCCCC4)C3)C2)CC1
C1CCC2CC(CC3CCC(C4CCCC(C5CCCC5)C4)CC3)CCC2C1
C1CCC(CC2CCC(C3CCCCC3)CC2)CC1
C1CCC(C2CC3CCCCC3C(C3CCCCC3)C2)CC1
C1CCC(CCC2CCC3C(CC4CCCCC4)CC(C4CCCCC4)C3C2)CC1
C1CCC(CC2CCC(C3CC(C4CCCCC4)CC(C4CCCCC4)C3)CC2)CC1
C1CCC(C2CC(C3CCCC(C4CCCC4)C3)C3CCC(CC4CCC5CCCCC5C4)CC23)CC1
C1CCC(CC2CCC(C3CCCCC3C3CCCCC3)CC2)CC1
C1CCC(C2CC(CCC3CCC(C4CCC5CCCC5C4)CC3)C3CCCCC32)CC1
C1CCC(C2CCCC(C3CCC(C4CC5CCCCC5C4)CC3)C2)CC1
C1CCC(CCCCC2CCC(CC3CCCCC3)CC2)CC1
C1CCC(CCCC2CCC(CC3CCC(CC4CCCCC4)CC3)CC2)CC1
C1CCC(CC2CCC(CC3CCCCC3)CC2)CC1
C1CCC(CC2CCC(CC3CCCCC3C3CCCCC3)CC2)CC1
C1CCC(C2CCCC(C3CCC(CC4CC5CCCCC5C4)CC3)C2)CC1
C1CCC(C2CCCC(CC3CCC(C4CCC4)CC3C3CCCC3)C2)C1
C1CCC(CCC2CCC(CC3CCC(CCC4CCCCC4)CC3)CC2)CC1
C1CCC(C2CCCCC2CC2CCC(C3CCCC(CC4CCCC4)C3)CC2)CC1
C1CCC(CC2CCC(CC3CCC(CCC4CCC5CCCCC54)CC3)CC2)C1
C1CCC(CC2CCC(CC3CCCC(C4CCCCC4)C3)CC2)CC1
C1CCC(CCCC2CCCC(CC3CCC(C4CCCC4)CC3)C2)CC1
C1CCC(CC2CCCC(C3CCCCC3)C2)CC1
C1CCC(CC2CCCCC2)CC1
C1CCC(C2CCCCC2CC2CCCC2CC2CC3CCCCC3C2)CC1
C1CCC(CCCCC2CC(C3CCCCC3)CC(C3CCCCC3)C2)CC1
C1CCC(CC2CCCC2C2CCCCC2)CC1
C1CCC(CCC2CCC(C3CC(CC4CCCCC4)CCC3CCC3CCCC3)CC2)CC1
C1CCC(CC2CCC3CC(C4CCCCC4)CCC3C2)CC1
C1CCC(CC2CCC(CC(C3CCCC3)C3CCC(C4CCCCC4)CC3)CC2)CC1
C1CCC(C2CCCC(C3CCC(CC4CC4)CC3C3CCCCC3)C2)CC1
C1CCC(C2CCCC(C3CCCCC3)C2)CC1
C1CCC(C2CCC(CC3CCC(CC4CC5CCCCC5C4)CC3)CC2)CC1
C1CCC(C2CCC3C(CCCC3C3CC(C4CCCCC4)CC(C4CC4)C3)C2)CC1
C1CCC(C2(CC3CCC(CC4CCCC4)CC3)CC2)CC1
C1CCC(CC2CCCC(CC3CCC(C4CCCCC4)CC3)C2)CC1
C1CCC(C2CCC(C3CCCC(C4CCCCC4)C3)CC2)CC1
C1CCC(CC2CCCC(C3CCCCC3C3CCCCC3CCC3CCC4CCCC4C3)C2)CC1
C(CCC1CC1)CCC1CCC(CCC2CCC(C3CCCCC3)CC2)CC1
C1CCC(CC2CCC(C3CCCCC3CCC3CCCCC3C3CCCCC3)CC2)CC1
C1CCC(CCCC2CCC(C3CCC(C4CCCCC4)CC3)CC2)CC1
C1CCC(CCC2CCCC(C3CCCCC3)C2)CC1
C1CCC(CC2CCC(C3CCCCC3CC3CCCCC3)CC2)CC1
C1CCC(CC2CCCC(CC3CCC(CC4CCC(C5CCCCC5)CC4)CC3)C2)CC1
C1CCC(CC2CCCC(C3CCCC(CC4CCC(C5CCCCC5)CC4)C3)C2)CC1
C1CCC(C2CCCCC2CC2CC3CCCCC3C2)CC1
C1CCC(CCC2CCCC(C3CCC(CC4CCCCC4)CC3)C2)CC1
C(CCCC1CCC(C2CCCCC2C2CCCCC2)C1)CCC1CCCCC1
C1CCC(CC2CCC(CCCC3CCCCC3C3CCC4CCCCC4C3)CC2)CC1
C1CCC(CCC2CC(C3CCCCC3CC3CCCCC3)C3CCCCC23)CC1
C1CCC(CC2CCCC(C3CCCC(C4CCCCC4)C3)C2)CC1
C1CCC(CCC2CCC(CC3CCC(C4CC(C5CCCCC5)C4)CC3)CC2)CC1
C1CCC(CC2CCC3C(C2)C(CC2CCCCC2)CC3C2CCCCC2)CC1
C1CCC(CCC2CCCC(CC3CCC(C4CCCCC4)CC3)C2)CC1
C1CCC(CCCC2CCC(C3CCCC3)CC2)CC1
C1CCC(C2CCC(C3CCCCC3)C(C3CCCCC3)C2)CC1
C1CCC(CC2CCC(CC3CCCCC3)C(C3CCCCC3)C2)CC1
C1CCC(CCCC2CCC(C3CCCC(C(C4CCCCC4)C4CCCCC4)C3)CC2)CC1
C1CCC(CCCC2CCCC(C3CCCC(C4CCCCC4)C3)C2)CC1
C1CCC(C2CCCCC2C2CCCCC2)CC1
C1CCC(C2CCCCC2C2CCC3CCCCC32)CC1
C1CCC(C2CCC(CC3CC4CCC(C5CC6CCCCC6C5)CC4C(C4CCCCC4)C3)CC2)CC1
C1CCC(C2CC(C3CCCCC3)C3CCCCC23)CC1
C1CC(CC2CCCCC2CCC2CCC(C3CCCC3)CC2)C1
C1CCC(CCC2CCCCC2C2CCCC(C3CCCCC3)C2)CC1
C1CCC(C2CCC(C3CCC(C4CCCCC4)CC3)CC2)CC1
C1CCC(C2CCCC(CC3CCCCC3C3CCCCC3)C2)CC1
C1CCC(C2CCCC(CC3CCC(CC4CCC(CC5CC6CCCCC6C5)CC4)CC3)C2)CC1
C1CCC(CCCC2CCCC(C3CCCCC3)C2)CC1
C1CCC(C2CCC(C3CCC3)CC2)CC1
C1CCC(CCCC2CCC(CCCC3CCCC(CC4CCCCC4)C3)CC2)CC1
C1CCC(C2CCCCC2C2CCC(C3CCC4CCCCC4C3)C(C3CCCC3)C2)CC1
C1CCC(C2CCC3CCCC(CC4CCC5CCCCC5C4)C3C2)CC1
C1CCC(CC2CCC(CCC3CCCC(C4CCCCC4)C3)CC2)CC1
C1CCC(C2CCC(C3CCCC(CCC4CCCCC4C4CCC5CCCCC5C4)C3)CC2)C1
C1CCC(C2CCC(C3CCC(C4CCCC(C5CCCCC5)C4)CC3)CC2)CC1
C1CCC(C2CCC(C3CC4CCCCC4C3)CC2)CC1
C1CCC(CCC2CCC(CC3CCCC(C4CCCC4)C3)CC2)CC1
C1CCC(C2CCCC(CC3CCC4CC(CCC5CC6CCCCC6C5)CCC43)C2)CC1
C1CCC(CC2CCC(C3CCC(C4CCCCC4)CC3)CC2)CC1
C1CCC(C2CCCC(C3CCC4CCCCC43)C2)CC1
C1CCC(C2CCC(C3CCC(C4CCCCC4)CC3)CC2)CC1
C1CCC(CCC2CCC(CCCC3CCC(C4CC4)CC3)CC2)CC1
C1CCC(CC2CCCC(C3CCCCC3)C2)CC1
C1CCC(CC2CCCC(C3CCCCC3)C2)CC1
C1CCC(CCC2CC(CC3CCCCC3)CC3CCC(C4CCCC4)CC23)CC1
C1CCC(C2CCCC(CC3CC4CCC(C5CCC(C6CCCCC6)C5)C4C3)C2)CC1
C1CCC(C2CCC3C(CC4CCCC(C5CCCC5)C4)CC(CC4CCCC4)C3C2)CC1
C1CCC(CC2CCC(C3CCCC(CC4CCCCC4)C3)CC2)CC1
C1CCC(C2CCCC(C3CCCCC3)C2)CC1
C1CCC(CCC2CCCCC2CC2CCCCC2)CC1
C1CCC(CC2CCC3CC(C4CCCCC4)CC(C4CCCCC4)C3C2)CC1
C1CCC(CC2CCCC(CCC3CCCC3)C2)CC1
C1CCC(CC2CCCCC2CCC2CCC3C(CCC3CC3CCCC(CC4CC4)C3)C2)CC1
C1CCC(CC2CCCCC2CC2CCCCC2)CC1
C1CCC(CCC2CCC(C3CCCCC3)CC2)CC1
C1CCC(C2CCCC(CCC3CCCC(C4CCCCC4)C3)C2)CC1
C1CCC(CC2CCC(CCC3CC3)CC2C2CCCCC2)CC1
C1CCC(CCC2CCCC(CCC3CCC4CCCC4C3)C2)CC1
C1CCC(CC2CCC(CC3CCC4CCCCC43)C(C3CCCC3)C2)CC1
C1CCC(C2CC(C3CC3)CC(C3CC(C4CCC5CCCCC54)C4CCCCC34)C2)CC1
C1CCC(C2CCCC(CCCC3CCC(C4CCCC(CC5CCC6CCCC6C5)C4)CC3)C2)CC1
C1CCC(CC2CCC(C3CCC4CCCCC43)CC2)CC1
C1CCC(C2CCCCC2C2CC(CC3CCC4CCCCC43)C3CCCCC32)CC1
C1CCC(C2CCCC(CCC3CCCC(C4CCCCC4)C3)C2)CC1
C1CCC(C2CCCC(CCCC3CCCC(C4CCCC4)C3)C2)CC1
C1CCC(C2CCCCC2C2CCCCC2)CC1
C1CCC(CC2CCC(CC3CCCC(CC4CCCCC4)C3)CC2)CC1
C1CCC(C2CCC(CC3CCC(C4CCCCC4)CC3)CC2)CC1
C1CCC(CC2CCCC(CC3CC4CCCCC4C3)C2)CC1
C1CCC(C2CC(C3CCCCC3)C2)CC1
C1CCC(CC2CC(CC3CCCCC3)CC(C3CCCCC3)C2)CC1
C1CCC(CC2CCC(CCC3CCCC4CC(C5CCCC(C6CCCCC6)C5)CCC34)CC2)CC1
C1CCC(CC2CCCC(C3CC(C4CCCC4)CC(C4CC5CCCCC5C4)C3)C2)CC1
C1CCC(CC2CCC(CCC3CCC(C4CCCCC4)CC3)CC2)CC1
C1CCC(CC2CCCC(C3CCCCC3)C2)CC1
C1CCC(CC2CCC(C3CC(C4CCCCC4)CC4CCCCC43)CC2)CC1
C1CCC(CC2CCCC(CCC3CCCC4CCCCC43)C2)CC1
C1CCC(C2CCCC(CC3CCCC(C4CCC(C5CCCC5)CC4)C3)C2)CC1
C1CCC(C2CCCC(CC3CCCCC3C3CCCCC3)C2)CC1
C1CCC(CC2CCC(C3CCCC(C4CCCCC4)C3)C(C3CCCCC3)C2)CC1
C1CCC(C2CCC(C3CCCCC3C3CCC(C4CCC5CCCCC54)CC3C3CCCC3)CC2)CC1
C1CCC(CCC2CCCCC2)CC1
C1CCC(CC2CCC(C(C3CCCCC3)C3CCCCC3)CC2)CC1
C1CCC(C2CCC(CCC3CCC(CC4CC4)CC3)CC2)CC1
C1CCC(C2CCCCC2C2CCCCC2)CC1
C1CCC(CC2CCC(CC3CCCC(C4CCCCC4)C3)CC2)CC1
C1CC(C2CCCC(CCC3CCCCC3C3CCC4CCCCC4C3)C2)C1
C1CCC(C2CCC(C3CCC(C4CCC5CCCCC54)CC3)CC2)C1
C1CCC(C2CCC(C3CCCCC3)CC2)CC1
C1CCC(CC2CCCCC2CCC2CCCCC2C2CCCC2)CC1
C1CCC(C2CC3CCCCC3C(C3CCCCC3)C2)CC1
C1CCC(C2CCC(C3CCCC(C4CC5CCCCC5C4)C3)CC2)CC1
C1CCC(C2CCC(C3CCCC(C4CCCCC4)C3)CC2)CC1
C1CCC(C2CCC3CC(CC4CCCC4)CC(C4CCCCC4)C3C2)CC1
C1CCC(CCCCC2CCCCC2)CC1
C1CCC(CCCC2CCC(CC3CCCCC3)CC2)CC1
C1CCC(CC2CCC(CCC3CCCC(CC4CCCCC4)C3)CC2)CC1
C1CCC(CC2CCC(CC3CC(C4CCCCC4)CC(C4CCCC4)C3)CC2)CC1
C1CCC(CC2CCC(C3CCC4CCCC4C3)CC2)CC1
C1CC2CCC(C3CCC(C4CCCCC4CCC4CCC5CCCCC54)CC3)CC2C1
C1CCC(C2CCCC(C3CCCC(CCCC4CCCC(C5CCC6CCCC6C5)C4)C3)C2)CC1
C1CCC(CC2CCC(C3CCCC(C4CCCCC4)C3)CC2)CC1
C1CCC(C2CCCC(CCC3CC(C4CCCCC4)CC(C4CCCC4)C3)C2)CC1
C1CCC(C2CCCC(C3CCCC(C4CCCC4)C3)C2)CC1
C1CCC(CC2CCC(C(CC3CCC(CC4CCCC4)CC3)C3CCCC3)CC2)CC1
C1CCC(CCC2CC(C3CCCCC3)CC(C3CCCCC3)C2)CC1
C1CCC(CC2CCC(C3CCCCC3)CC2)CC1
C1CCC(CC2CCCC(CC3CCCCC3C3CCC(C4CCCCC4)CC3)C2)CC1
C1CCC(C2CCCC(C3CCCCC3)C2)CC1
C1CCC(C2CCC(C3CCCC(CC4CCCC4)C3)CC2)CC1
C1CCC(CC2CCC(C3CCCCC3)CC2)CC1
C1CCC(CCCCC2CCC(CC3CCCCC3)CC2)CC1
C1CCC(CCCCC2CCCC(CCC3CCCCC3CC3CCCCC3)C2)CC1
C1CCC(CC2CC(C3CCCCC3)C3CCCCC23)CC1
C1CCC(C2CCCC(C3CCCCC3)C2)CC1
C1CCC(CCCCC2CC(C3CCCCC3)CC(CCC3CCCCC3)C2CCC2CCCCC2)CC1
C1CCC(CC2CCC(CC3CCCC(CC4CCCCC4)C3)CC2)CC1
C1CCC(CCCC2CCCC(CCCC3CCCC(C4CCCCC4)C3)C2)CC1
C1CCC(C2CCCCC2CCC2CCC3CCCCC3C2)CC1
C1CCC(CCC2CCC(C3CCC(CCC4CCCCC4)CC3)CC2)CC1
C1CCC(CC2CCC3CC(C4CCCCC4)CC(CC4CCCCC4)C3C2)CC1
C(CCCC1CCC(C2CCCCC2CCC2CC2)CC1)CCC1CCCC1
C1CCC(C2CCCCC2)CC1
C1CCC(CCCC2CCC(CC3CCCCC3)CC2)CC1
C1CCC(CCCC2CCCCC2)CC1
C1CCC(CC2CCCC(C3CCCC(C4CCCCC4)C3)C2)CC1
C1CCC(CC2CCCC(C3CCC(C4CCCC4)CC3C3CCCCC3)C2)CC1
C1CCC(CC2CCC(CC3CCCCC3C3CCCC(C4CCCCC4)C3)CC2)CC1
C1CCC(C2CCCCC2C2CCC(CC3CCC4CCCCC43)CC2)CC1
C1CCC(C2CCCC(C3CCC(C4CCCCC4)C3)C2)CC1
C1CCC(CC2CC3CCCCC3C(C3CCCCC3)C2)CC1
C1CCC(CC2CCC(CCCC3CC(C4CCCCC4)C4CCCCC34)CC2)CC1
C1CCC(CCCC2CCC(CC3CCC(CC4CCC(CC5CCCC5)CC4)CC3)CC2)C1
C1CCC(C2CCC(CC3CC(CC4CCCC4)C4CCC(C5CCCCC5)CC34)CC2)CC1
C1CCC(CC2CCC(C3CCC(C4CCCCC4)CC3)CC2)CC1
C1CCC(CCC2CCC(C3CCCC(C4CCCC4)C3)CC2)CC1
C1CCC(CC2CCCCC2C2CCCC(C3CCCCC3)C2)CC1
C1CCC(C2CCCC(C3CCCC(CCC4CCCCC4C4CCCC4)C3)C2)CC1
C1CCC(CCCC2CCC(C3CCCC(C4CCCCC4)C3)CC2)CC1
C1CCC(C(C2CCCCC2)C2CCC(CCCCC3CCC(C4CC5CCCCC5C4)CC3)CC2)CC1
C1CCC(CCCC2CCCC(CC3CCCCC3C3CCC(CC4CCCCC4)CC3)C2)CC1
C1CCC(CCC2CCC(C3CCC(CC4CCC(C5CCCCC5)CC4)CC3)CC2)CC1
C1CCC(CC2CCC(C3CC4CCCCC4C3)CC2)CC1
C1CCC(CCCC2CCC(C3CCC(CC4CCCCC4)CC3)CC2)CC1
C1CCC(CCCC2CCC(CC3CCC(C4CCCC(C5CCCCC5)C4)CC3)CC2)CC1
C1CCC(C2CCCCC2)CC1
C1CCC(CCC2CCC(CC3CCC(CCC4CCCC(C5CCCCC5)C4)CC3)CC2)CC1
C1CCC(C2CCC(C3CCCC(C4CCCCC4)C3)CC2)CC1
C1CCC(CCC2CCCC(C3CCCCC3CC3CCCCC3)C2)CC1
C1CCC(CCC2CCC(C3CCCCC3)CC2C2CCCCC2)CC1
C1CCC(CCCC2CCCC(C3CCCCC3)C2)CC1
C1CCC(C2CC3CCCCC3C(C3CCCCC3)C2)CC1
C1CCC(CCC2CCC(CCCCC3CCC4CCCCC4C3)CC2)CC1
C1CCC(CCCC2CCC(CC3CCC(C4CCCC4)CC3)CC2CC2CCCCC2)CC1
C1CCC(CC2CCC(C3CCCC(CC4CCCCC4)C3)CC2)CC1
C1CCC(CCC2CCC(CCCC3CCCC(CC4CCC(C5CCCCC5)C4)C3)CC2)CC1
C1CCC(C2CCC3C(CCCC3C3CCC(C4CCCCC4C4CCCCC4)C3)C2)CC1
C1CCC(CC2CCC(CC3CCCCC3)CC2)CC1
C1CCC2CC(C3CC(C4CCCCC4C4CCCC4)C4CCCCC34)CC2C1
C1CCC(CC2CCC(CC3CCCC(C4CCCC(C5CCCCC5)C4)C3)CC2)CC1
C1CCC(CC2CCC(CC3CCC(C4CCCCC4)CC3)CC2)CC1
C1CCC(CC2CCC(CCCC3CCC(CC4CCC(CC5CCCCC5)CC4)CC3)CC2)CC1
C1CCC(CC2CCCC(C3CCCC(C4CCCC4)C3)C2)CC1
C1CCC(C2CCC(CCC3CCCC(C4CCCCC4C4CCCC4)C3)CC2)C1
C1CCC(CC2CCC(CCC3CCCC(C4CCCCC4)C3)CC2)CC1
C1CCC(CCCC2CCC(C3CCCCC3)C(C3CCCCC3)C2)CC1
C1CCC(CC2CC(CC3CCCCC3)C3CCCCC23)CC1
C1CCC(C2CCCCC2C2CC3CCCCC3C2)CC1
C1CCC(CC2CCCC(CCCCC3CCCC(C4CCCCC4)C3)C2)CC1
C1CCC(CCCC2CCCCC2C(CCC2CC2)C2CCCCC2)CC1
C1CCC(C2CCCC(C3CCC(CCCC4CCC5CCCC5C4)CC3)C2)CC1
C1CCC(CCC2CCCC(CCC3CCCC(C4CCCCC4)C3)C2)CC1
C1CCC(CCC2CC3CCCCC3C2)CC1
C1CCC(CCCCC2CC(CCC3CCCCC3)C3CCCCC23)CC1
C1CCC(CC2CCCC(C3CCCCC3)C2)CC1
C1CCC(CCCC2CCC(CC3CCCCC3CC3CCCCC3)CC2)CC1
C1CCC(CCC2CC(C3CCCC(C4CCCC4)C3)C3CCC(CC4CCCCC4)CC23)CC1
C1CCC(C(C2CCCC(C3CCC3)C2)C2CCC3CCCC3C2)CC1
C1CCC(CCC2CCCC(C3CCCC(C4CCCCC4)C3)C2)CC1
C1CCC(CC2CCCC(CCCCC3CCCCC3C3CCCCC3)C2)CC1
C1CCC(CCCC2CCCCC2C2CCCC(C3CCCCC3)C2)CC1
C1CCC(CC2CCCC(CC3CCCCC3)C2)CC1
C1CCC(CC2CCCC(C3CCC4C(CCC4C4CCCC4)C3)C2)CC1
C1CCC(CC2CCC(CCC3CCC(C4CCCCC4)CC3C3CCCC3)CC2)CC1
C1CCC(CC2CCCC(CC3CCCCC3)C2)CC1
C1CCC(CCCC2CCCC(CC3CCCCC3)C2)CC1
C1CCC(CC2CCC(C3CCCCC3CC3CCCCC3)CC2)CC1
C1CCC(CCC2CCCC(C3CCC(C4CCCC4)CC3)C2)CC1
C1CCC(CC2CCC(CC3CCCC(C4CCCCC4)C3)CC2)CC1
C1CCC(CCCC2CCC(CC3CCCCC3)CC2)CC1
C1CCC(CC2CCC(C3CCCC(CC4CCCC(C5CCC(C6CCCCC6)CC5)C4)C3)CC2)CC1
C1CCC(C2CCC(C3CCC(C4CCCCC4)CC3)CC2)CC1
C1CCC(CCCC2CCC(CC3CCC(CCC4CCCCC4)CC3)CC2)CC1
C1CCC(C2CCC3CCCC3C2)CC1
C1CCC(CCCC2CCCCC2C2CCCCC2)CC1
C1CCC(CCCCC2CCC3CC(CC4CCCCC4)CC(C4CCCCC4)C3C2)CC1
C1CCC(CC2CCC(CCCC3CCC(C4CCCCC4)C3)CC2)CC1
C1CCC(CC2CCC(CCCC3CCCC(C4CCCCC4)C3)CC2)CC1
C1CCC(CCCCCC2CCC(C3CCCCC3)CC2C2CCCCC2)CC1
C1CCC(C2CCC(CCC3CCCCC3C3CCCCC3)CC2)CC1
C1CCC(CC2CC(C3CCCCC3)C3CCCCC23)CC1
C1CCC(CCCC2CCCC(CC3CC4CCCCC4C3)C2)CC1
C1CCC(CC2CC(C3CCCCC3CC3CCCCC3)C3CCCCC23)CC1
C1CCC(C2CCC(C3CCC(CCC4CCC5CCCC5C4)CC3)CC2)CC1
C1CCC(CCCC2CCC(C3CCCCC3C3CCCCC3)CC2)CC1
C1CCC(CCC2CCC(CC3CCCCC3)CC2)CC1
C1CCC(CC2CCC(CC3CCC(C4CCCCC4)CC3)CC2)CC1
C1CCC(CC2CCC(CC3CCC(CC4CCCC(C5CCCCC5)C4)CC3)CC2)CC1
C1CCC(C2CC(CC3CCC(C4CCC4)CC3)C3CCCCC32)CC1
C1CCC(CCC2CCC(CC3CCCCC3)CC2)CC1
C1CCC(CCCCC2CC3CCCCC3C2)CC1
C1CCC(C2CCC(CCC3CCC(C4CCCC(C5CCCCC5)C4)CC3)CC2)CC1
C1CCC(CCCC2CCC(C3CCCC(C4CCCC(C5CCCCC5)C4)C3)CC2)CC1
C1CCC(CC2CCCCC2C2CCC(CCCC3CC4CCCCC4C3)CC2)CC1
C1CCC(C2CCC(CC3CCC(CC4CCC5CCCC5C4)CC3)CC2)C1
C1CCC(CCC2CCCC(CC3CCCC(C4CCC5CCCCC54)C3)C2)CC1
C1CCC(CC2CC(CC3CCCCC3)C3CC(C4CCCCC4C4CCCC4)CCC23)CC1
C1CCC(C2CCCCC2C2CCCCC2CC2CCC3CCCCC3C2)CC1
C1CCC(CCCC2CCC(C3CCC(CC4CC(CC5CCCCC5)C4)CC3)CC2)CC1
C1CCC(CC2CC(C3CCCC(CC4CC4)C3)C3CCCCC23)CC1
C1CCC(CCC2CCC(CC3CCCC(CC4CCCCC4)C3)CC2)CC1
C1CCC(CC2CCC(CCCC3CCCC(C4CCCCC4)C3)CC2CC2CC2)CC1
C(CCCC1CCC(CC2CCCCC2)CC1)CCC1CCCCC1
C1CCC(C2CCCCC2CC2CCCC(C3CCCCC3CC3CCCC3)C2)CC1
C1CCC(C2CCC(C3CCC4CCCC4C3)CC2)C1
C1CCC(CC2CCCCC2CC2CCCC(C3CCCCC3)C2)CC1
C1CCC(CCC2CC(CC3CCCCC3)C3CCCCC23)CC1
C1CCC(C2CCC(CC3CCC4CCCCC43)CC2)CC1
C1CCC(CC2CCC(C3CCCCC3)CC2)CC1
C1CCC(C2CCC(CC3CCC(CC4CC5CCCCC5C4)CC3)CC2)CC1
C1CCC(CC2CCC(CC3CCCCC3)CC2)CC1
C1CCC(CC2CC3CCCCC3C2)C(CC2CCC(CCC3CC4CCCCC4C3)CC2)C1
C1CCC(CC2CCC(CC3CCCC3)CC2)CC1
C1CCC(CCCCC2CCCC(CC3CCCCC3)C2)CC1
C1CCC(CC2CCC(C3CCCCC3C3CCC(C4CCCCC4)CC3)CC2)CC1
C1CCC(CCC2CCC3C(CC4CCCCC4)CC(CC4CCCCC4C4CCCCC4)C3C2)CC1
C1CCC(C2CCC3C(CCC3C3CCCCC3)C2)CC1
C1CCC(CC2CCCCC2CC2CCCCC2)CC1
C1CCC(CC2CCC(C3CCCCC3)CC2)CC1
C1CCC(C2CCC(C3CCC(C4CCCC4)CC3)CC2)CC1
C1CCC(C2CCCCC2)CC1
C1CCC(C2CCCCC2CC2CCC(CC3CCC4CCCC4C3)CC2)CC1
C1CCC(CC2CCC(CC3CCCC(C4CCCC4)C3)CC2)CC1
C1CCC(CC2CCC(C3CCCC3)C(C3CCC4CCCC4C3)C2)CC1
C1CCC(C2CCCC(C3CCCC(C4CCCCC4)C3)C2)CC1
C1CCC(CCC2CC(CCCC3CCC(CC4CCCC4)CC3)C3CCCCC23)CC1
C1CCC(CCC2CCC(CC3CCCCC3)CC2)CC1
C1CCC(C2CCC(C3CCCC3)CC2C2CCCCC2)CC1
C1CCC(CC2CCC(CC3CCCCC3)CC2)CC1
C1CCC(CCC2CC(C3CCCCC3)CCC2C2CCCCC2)CC1
C1CCC(C2CCC(CCC(C3CCCCC3)C3CCCCC3)CC2)CC1
C1CCC(C2CCCCC2)CC1
C1CCC(CC2CCC(CC3CCCC(CC4CCCCC4)C3)CC2)CC1
C1CCC(CCC2CCCCC2C2CCC(CC3CCCCC3)CC2)CC1
C1CCC(C2CCCCC2C2CCC(C3CCC4CCCC4C3)CC2)CC1
C1CCC(CC2CCC(CC3CCC(CCC4CCC5CCCC5C4)CC3)CC2)CC1
C1CCC(C2CC(C3CCC4CCCCC4C3)CC3CCCCC32)CC1
C1CCC(CCC2CCC(C(CC3CCCCC3)C3CCCC(CC4CCCCC4)C3)CC2)CC1
C1CCC(CC2CCCC(C3CCC(C4CCC(C5CCCCC5)CC4)C4CCCC34)C2)CC1
C1CCC(C2CC(C3CCCCC3)CC(C3CCCC3)C2)CC1
C1CCC(CCCCC2CCC(C3CCCC3)CC2)CC1
C1CCC(C2CCCC(C3CCCCC3)C2)CC1
C1CCC(CC2CCC(C3CCCC(C4CCCC(C5CCCCC5)C4)C3)CC2)CC1
C1CCC(CCC2CCCC(C3CCC4C(CCC4C4CCCC4)C3)C2)CC1
C1CCC(C2CC(C3CCCCC3C3CC3)CCC2CCC2CC3CCCCC3C2)CC1
C1CCC(CC2CCCC3CC(C4CCCCC4CC4CCCC(C5CC5)C4)CCC23)CC1
C1CCC(CCC2CCCC(C(C3CCCCC3)C3CCC4CCCCC43)C2)CC1
C1CCC(CC2CC(C3CCCCC3)CC(C3CCCCC3)C2)CC1
C1CCC(CC2CCC(CC3CCC(C4CCCCC4)CC3)CC2)CC1
C1CCC(C2CCCCC2)CC1
C1CCC(CC2CCC(CC3CCC(CC4CCCC4)CC3)CC2)CC1
C1CCC(C2CCCCC2CCC2CCC(C3CCCC3)CC2)CC1
C1CCC(CCC2CCCCC2CC2CCCCC2)CC1
C1CCC(C2CCC(C(C3CCCCC3)C3CCCC(C4CCCCC4)C3)CC2)CC1
C1CCC(CC2CCC(C3CCCC3)CC2)CC1
C1CCC(CC2CCC(C3CCCCC3)C(C3CCCCC3)C2)CC1
C1CCC(C2CCCC(C3CCCCC3)C2C2CCCC(CC3CC3)C2)CC1
C1CCC(CCC2CCC(C3CCCCC3)CC2)CC1
C1CCC(C2CC3CCC(C4CCCC4)CC3C(C3CCCCC3)C2)CC1
C1CCC(C2CCCC(C3CCC(CCC4CCCC4)CC3)C2)CC1
C1CCC(CCCCC2CCC(CC3CCC(CC4CCCCC4)CC3)CC2)CC1
C1CCC(CC2CCC(C3CCCCC3C3CCC(C4CCCCC4)CC3C3CCCCC3)C2)CC1
C1CCC(CC2CCCC(C3CC4CCCCC4C3)C2)CC1
C1CCC(CC2CCCCC2C2CCC(CCC3CCCC3)CC2)CC1
C(CCC1CCCCC1CCC1CCCCC1C1CCC2CCCCC2C1)CC1CCC(CC2CCCC2)CC1
C1CCC(CCCC2CCC(CCC3CCCCC3)CC2)CC1
C1CCC(C2CCCCC2CCC2CCCC(C3CCC4CCCC4C3)C2)CC1
C1CCC(CCC2CCC(CCC3CCCCC3)CC2)CC1
C1CCC(C2CCCC(C3CCCC(CC4CC5CCCCC5C4)C3)C2)CC1
C1CCC(C2CCC(CC3CCCC3)CC2C2CCCCC2)CC1
C1CCC(C2CCC(C3CCCC3)CC2C2CCCC2)CC1
C1CCC(C2CCCC(C3CCCC4CCCCC43)C2)CC1
C1CCC(C2CCCC(C3CCC(C4CCC(C5CCCC5)CC4)CC3)C2)CC1
C1CCC(CC2CCC(C3CCCCC3)CC2)CC1
C1CCC(CCC2CCC(CCC3CCCCC3)C(CC3CCCC(C4CC4)C3)C2)CC1
C1CCC(C2CCC(CC3CCCCC3C3CCCCC3)CC2)CC1
C1CCC(CCCC2CCC(CCCC3CCC(CC4CCCCC4)CC3)CC2)CC1
C1CCC(CC2CC(C3CC3)CCC2CC2CCCC(C3CCCC3)C2)CC1
C1CCC(CC2CCC(C3CCCCC3CC3CCCC3)C(C3CCCCC3C3CCCC3)C2)CC1
C1CCC(CC2CCCCC2CC2CCCC(CC3CC3)C2)CC1
C1CCC(CC2CCCC(C3CCC(CC4CCCCC4)CC3C3CC3)C2)CC1
C(CCCC1CCC(CC2CCCCC2C2CCCCC2)CC1)CCC1CCCCC1
C1CCC(CC2CCC(C3CCC(CC4CCCCC4)CC3)CC2)CC1
C1CCC(CC2CCCCC2C2CC(C3CCC(CC4CCC4)CC3)C3CCCCC32)CC1
C1CCC(CC2CCCCC2C2CCC(C3CCCCC3)CC2)CC1
C1CCC(CCC2CCCC(CC3CCCCC3)C2CCC2CCCCC2)CC1
C1CCC(CC(C2CCCCC2)C2CCC(C3CCCCC3)CC2C2CCC3CCCC3C2)CC1
C1CCC(CCCC2CCC(C3CCCCC3)CC2)CC1
C1CCC(C2CCCCC2C2CCC(CC3CCCCC3C3CCCC3)CC2)CC1
C1CCC(CC2CCC(C3CCCCC3)CC2C2CCCC2)CC1
C1CCC(C2CCCCC2C2CCCCC2C2CCC3CCCC3C2)CC1
C1CCC(CCC2CCC(CCCCCC3CCCC(C4CCCC4)C3)CC2)CC1
C1CCC(CC2CCCC(CCC3CCCCC3CC3CCCCC3)C2)CC1
C1CCC(CCCC2CCCC(CCC3CC(CC4CCCCC4)C4CCCCC34)C2)CC1
C1CCC(CC2CC(C3CCCCC3)C3CC(C4CC5CCCCC5C4)CCC23)CC1
C1CCC(CC2CC(C3CCC(C4CCCCC4)CC3C3CCCC3)CCC2C2CCCCC2)CC1
C1CCC(CC2CCCC(CCC3CCCC(C4CCCCC4)C3)C2)CC1
C1CCC(CC2CCCC(C3CCC(C4CCCC4)CC3)C2)CC1
C1CCC(CC2CC(C3CCC(CCCC4CCCC4)CC3)C3CCCCC23)CC1
C1CCC(C2CCCC(CC3CC4CCCCC4C3)C2)CC1
C1CCC(C2CCC(C3CCCCC3)CC2)CC1
C1CCC(CCC2CCCCC2C2CCCCC2C2CCCCC2)CC1
C1CCC(CCCC2CCC(C3CCCCC3)C(C3CCCC(C4CCCCC4)C3)C2)CC1
C1CCC(CC2CCC(C3CCCC3C3CCCCC3)CC2)CC1
C1CCC(CCC2CC(C3CCCCC3)CC(CCC3CCCCC3)C2C2CCCC2)CC1
C1CCC(C2CCC(C3CCCCC3)C(C3CCCC3)C2)CC1
C1CCC(CC2CCC3C(CC4CCCCC4)CC(C4CCCCC4)C3C2)CC1
C1CCC(C2CCCCC2C2CCC3C(CCCC3C3CC4CCCCC4C3)C2)CC1
C1CCC(C2CCCC(C3CCCC(C4CCCC(C5CCC5)C4)C3)C2)C1
C1CCC(CC2CCC(CC3CCCCC3)CC2)CC1
C1CCC(CCCC2CCC(C3CCC(CC4CCCCC4)CC3)CC2)CC1
C1CCC(CCCC2CCC(CC3CCC(C4CCCCC4)CC3)CC2)CC1
C1CCC(C2CCCC(C3CCCCC3)C2)CC1
C1CCC(C2CCCC(C3CCCCC3C3CCCCC3)C2)CC1
C1CCC(CC2CCC3C(CCC3C3CCCCC3)C2)CC1
C1CCC(CCCCC2CCC(C3CCC(C4CCC5CCCCC5C4)CC3)CC2)CC1
C1CCC(CC2CCCC(CCC3CCCCC3CC3CCCCC3)C2)CC1
C1CCC(C2CCC3CCCCC32)CC1
C1CCC(CCCC2CCCCC2)CC1
C1CCC(CC2CCCC(CC3CCCC(CC4CCC(C5CCCC5)CC4)C3)C2)CC1
C1CCC(CC2CCC(C3CCCCC3)CC2)CC1
C1CCC(CCC2CCCC(C3CCCC(C4CCCCC4C4CCCCC4)C3)C2)CC1
C1CCC(CC2CCC(CCC3CCCCC3CC3CCCCC3)CC2)CC1
C1CCC(CCC2CCC(CC3CC(CC4CCCCC4)CCC3C3CCCCC3)C(C3CCCC3)C2)CC1
C1CCC(CCCCC(C2CCCCC2)C2CCC(CCC3CCCCC3)CC2)CC1
C1CCC(CCCC2CCC(C3CCCCC3C3CCCCC3)C(C3CCCCC3)C2)CC1
C1CCC(C2CCC(CC3CCC(C4CCC(C5CCCCC5)CC4)CC3)CC2)CC1
C1CCC(C2CC(C3CCCCC3)CC(C3CCCCC3CCC3CCCCC3C3CCC3)C2)CC1
C1CCC(CC2CCC(C3CCCC(C4CCCC(C5CCCCC5)C4)C3)CC2)CC1
C1CCC(CC2CCC(C3CC(C4CCCCC4)CCC3C3CCCC3)CC2)CC1
C1CCC(CCCCC2CCC(CC3CCCCC3)CC2)CC1
C1CCC(CC2CCCC(C3CCCCC3)C2)CC1
C1CCC(CCC2CCC(C3CCCCC3)C(C3CCCCC3)C2)CC1
C1CCC(CC2CCC(C3CCCCC3)C(C3CCCCC3)C2)CC1
C1CCC(CC2CCCC(C3CCCCC3)C2)CC1
C1CCC(CC2CCC(C3CC(CC4CCCCC4)C4CCCCC43)CC2)CC1
C1CCC(C2CC(CC3CCC3)CC(C3CCCCC3)C2)CC1
C1CCC(CC2CCCC(C3CCCCC3)C2)CC1
C1CCC(C2CCCC(CC3CCCC(C4CCCC(C5CCCCC5)C4)C3)C2)CC1
C1CCC(CCC2CCCC(C3CCC(C4CCCCC4C4CCCC4)CC3)C2)CC1
C1CCC(CC2CCCC(CC3CCC(C4CCCCC4)C3)C2)CC1
C1CCC(CCC2CCCC(C3CCCCC3)C2)CC1
C1CCC(CCC2CCCCC2C2CCCCC2)CC1
C1CCC(CC2CCC(C3CCCCC3)CC2)CC1
C1CCC(CC2CCC(CC3CCCCC3C3CCCCC3)CC2)CC1
C1CCC(C2CCCC(C3CCC(CCCCC4CCC5CCCCC45)CC3)C2)CC1
C1CCC(CC2CCCCC2C2CCCC(CCC3CCCC4CCCCC43)C2)CC1
C1CCC(CCCC2CCC(C3CCCCC3C3CCC4CCCC4C3)CC2)CC1
C1CCC(C2CCCC(C3CCC(C4CCCCC4C4CCCC4)CC3C3CCC3)C2)CC1
C1CCC(CC2CCC(C3CCCC(C4CCCCC4)C3)CC2)CC1
C1CCC(C2CCCC(CC3CCCCC3C3CCCC3)C2)CC1
C1CCC(C2CCC(CCC3CC4CCCCC4C3)CC2)CC1
C1CCC(C2CCC(CC3CCCC(C4CC5CCCCC5C4)C3)C2)CC1
C1CCC(CCCC2CCC(C3CCC4CCCC4C3)CC2)CC1
C1CCC(CC2CCC(C3CC(C4CCCCC4)C4CCCCC34)CC2)CC1
C1CCC(CC2CCC(CCCCC3CCCC(CC4CCC(C5CCCC5)CC4)C3)CC2)CC1
C1CCC(CC2CCCC(CC3CCCC(C4CCCC4)C3)C2)CC1
C1CCC(C2CCCC(C3CC4CCCCC4C(C4CCCCC4)C3)C2)CC1
C1CCC(CCCC2CCCC(CCC3CCCCC3)C2)CC1
C1CCC(C2CC(C3CCC(C4CCC4)CC3)CCC2CC2CCCC2)CC1
C1CCC(CCC2CCC(CC3CCCCC3)CC2)CC1
C1CCC(CC2CCCC(C3CCCCC3)C2)CC1
C1CCC(C(CC2CCCCC2C2CCCCC2C2CCCCC2)C2CCCC2)CC1
C1CCC(CC2CCCC(CC3CCCCC3C3CCCCC3)C2)CC1
C1CCC(C2CCCCC2C2CCCCC2)CC1
C1CCC(CCC2CCCCC2C2CCC(CC3CCC3)CC2)CC1
C1CCC(C2CCC(C3CCCCC3)CC2)CC1
C1CCC(CC2CC(CC3CCC(CC4CCC5CCCC5C4)CC3)C3CCCCC23)CC1
C1CCC(CC2CCC(C3CCC3)CC2)CC1
C1CCC(C2CCC(CC3CCC4CCCC4C3)CC2)CC1
C1CCC(CCC2CC(C3CCCCC3)CC2C2CCCCC2CC2CCCCC2)CC1
C1CCC(CCC2CCC(CC3CCC(CC4CC5CCCCC5C4)CC3)CC2)CC1
C1CCC(C2CCCC(C3CC(CC4CCC5CCCCC54)CC4CCCCC43)C2)CC1
C1CCC(CC2CCC(CCC3CCCCC3CC3CCCCC3)C(CC3CCCCC3)C2)CC1
C1CCC(CC2CCC(C3CCCCC3)CC2)CC1
C1CCC(CC2CCCC3CCC(C4CCCCC4)CC32)CC1
C1CCC(CC2CCC(C3CCCCC3CCCC3CCCC3)CC2)CC1
C1CCC(CC2CCC(CC3CCCC(C4CCCCC4C4CCCCC4)C3)CC2)CC1
C1CCC(CC2CCCC(C3CCC(C4CCC5CCCCC54)CC3)C2)C1
C1CCC(CCCC2CCC(CC3CCC(CCC4CCCCC4)CC3)CC2)CC1
C1CCC(CCC2CCCC(C3CCC(C4CC(CC5CCCCC5)C5CCCCC54)CC3)C2)CC1
C1CCC(C2CC3CCC(C4CCCCC4)CC3C(C3CCCCC3)C2)CC1
C1CCC(CCC2CCC(CC3CCC(CC4CCC4)CC3)CC2)CC1
C1CCC2C(C1)CC(C1CCC3CCCCC31)CC2CCC1CCC(C2CCCCC2C2CCCC2)C1
C1CCC(CCCC2CCC(CC3CCC(CC4CCCCC4)CC3)CC2)CC1
C1CCC(CC2CCCCC2CC2CCCCC2C2CCCCC2)CC1
C1CCC(CC2CCC(C3CCCC(C4CCCCC4)C3)CC2)CC1
C1CCC(C2CCC(C3CCC(C4CCC5CCC(C6CCC7CCCC7C6)CC5C4)CC3)CC2)C1
C1CCC(CCC2CCCC(C3CCC(C4CCCCC4)CC3)C2)CC1
C1CCC(CC(CCC2CCCCC2C2CCCCC2)C2CCCCC2)CC1
C1CCC(CC2CCC(CC3CCCCC3)CC2)CC1
C1CCC(CC2CCC(C3CCCCC3)CC2)CC1
C1CCC(CCC(CC2CCCC(CC3CCCCC3)C2)C2CCCC2)CC1
C1CCC(C2CCCC(CCC3CCCC4CCCCC43)C2)CC1
C1CCC(C2CCC(C3CCCC(C4CCCCC4)C3)CC2)CC1
C1CCC(CC2CCC(C3CC(CC4CCC5CCCC5C4)C4CCCCC43)CC2)C1
C1CCC(C2CC(C3CCC4CCCCC43)CC3CCC(C4CCC(CC5CCCC5)CC4)CC32)CC1
C1CCC(C2CC(C3CCC4CCCC(C5CCCC5)C43)CC3CCCCC32)CC1
C1CCC(C2CC(CCC3CC(C4CCCC4)C4CCCCC34)C3CCCCC32)CC1
C1CCC(CCCC2CCCC(C(CC3CCCCC3)C3CCCC(CC4CCCCC4)C3)C2)CC1
C1CCC(CC2CCCC(C3CCCC(C4CCCCC4)C3)C2)CC1
C1CCC(C2CCCC(CC3CCC(C4CCCC(C5CCCC5)C4)CC3)C2)CC1
C1CCC(C2CCC(CC3CCCC(CC4CCC(C5CCCCC5)CC4)C3)CC2)CC1
C1CCC(CCCC2CCC(CCCC3CCCC(C4CCCCC4)C3)CC2)CC1
C1CCC(C2CCC(CCC3CCC(C4CCCCC4C4CCCCC4)CC3)CC2)CC1
C1CCC(CC2CCCCC2C2CCCC(C3CCCCC3)C2)CC1
C1CCC(CC2CCCCC2)CC1
C1CCC(C2CC(CCCCC3CCC(C4CCCC(CC5CC5)C4)CC3)CC(C3CCC3)C2)CC1
C1CCC(CC2CCCC(C3CCCCC3CC3CCCC3)C2)CC1
C1CCC(CCC2CCC(CCC3CC4CCCCC4C3)C(C3CCCCC3)C2)CC1
C1CCC(C2CCCC(CC3CCCC(C4CCCC(C5CCC5)C4)C3)C2)CC1
C1CCC(CC2CCC(CC3CCCC3)CC2)CC1
C1CCC(C2CCC(CCCC3CC(C4CCCCC4)CC(C4CC4)C3)CC2)CC1
C1CCC(CCC2CC(C3CCCCC3)CCC2CCC2CC3CCCCC3C2)CC1
C1CCC(CCC2CCCC(C3CCCC(CC4CCCCC4)C3)C2)CC1
C1CCC(C2CCCCC2C2CCC(CC3CCC(C4CCC(CC5CC5)CC4)CC3)CC2)C1
C1CCC(C2CCCCC2CC2CCC(C3CCCC(C4CCCC4)C3)CC2)CC1
C1CCC(CCCC2CCC(CC3CCCCC3)CC2)CC1
C1CCC(CC2CCCCC2C2CCC3CCCCC3C2)CC1
C1CCC(CCCC2CCC(CCCC3CCC(CC4CCCCC4)CC3)CC2)CC1
C1CCC(CCC2CCC(C3CCC4CCCCC4C3)CC2C2CCCCC2)CC1
C1CCC(C2CCC(CCC3CCCC(C4CCCCC4)C3)CC2)CC1
C1CCC(CC2CCC(CC3CCCCC3C3CCCCC3)CC2)CC1
C1CCC(C2CCC(CCC3CCCC(C4CCCCC4)C3)CC2)CC1
C1CCC(CCCCC2CCCCC2C2CCC3CCCC3C2)CC1
C1CCC(CCC2CCC(C3CCCC(CCC4CCC5CCCC5C4)C3)CC2)CC1
C1CCC(C2CCCC(CC3CCC(C4CC(C5CCCCC5)C4)CC3)C2)CC1
C1CCC(CCC2CCC(CC3CCCC(C4CCCC(C5CCCC5)C4)C3)CC2)CC1
C1CCC(CCCCC2CCCC(C3CCC(C4CCC(C5CCCCC5)CC4)CC3)C2)CC1
C1CCC(CC2CCC(CC3CCC(C4CCCCC4CC4CCCC4)CC3)CC2)CC1
C1CCC(C2CCCCC2C2CCCCC2)CC1
C1CCC(C2CCCC(C3CC(C4CCCC4)CC(C4CCCC4)C3)C2)C1
C1CCC(CC2CCCCC2C2CCCCC2)CC1
C1CCC(CCC2CCC(C3CCC4CCCC4C3)CC2)CC1
C1CCC(CC2CCC(C3CCCC(C4CCCC(C5CCC(C6CCCC6)CC5)C4)C3)CC2)CC1
C1CCC(CCCCC2CCC(CCCC3CCC(CC4CCCCC4)CC3)CC2)CC1
C1CCC(CCCC2CCCC(C3CCCCC3)C2)CC1
C1CCC(CC2CCCC(CC3CCC(C4CCCC4)CC3)C2)CC1
C1CCC(C2CCCC(C3CCC(C4CC5CCCCC5C4)CC3)C2)CC1
C1CCC(CC2CCCCC2C2CCC(C3CCCCC3C3CCCCC3)C2)CC1
C1CCC(CC2CCC(C3CCCC(C4CCC(C5CCC(C6CCCCC6)CC5)CC4)C3)CC2)CC1
C1CCC(CC2CCCCC2C2CCCC(C3CCCCC3)C2)CC1
C1CCC(CC2CCC(C3CCCCC3)C(C3CCCC3)C2)CC1
C1CCC(C2CCC(CC3CCC(C4CCCCC4)CC3)CC2)CC1
C1CCC(C2CCC3CCC(CC4CCCC(C5CCC6CCCCC65)C4)CC3C2)CC1
C1CCC(CCC2CCC(CCC3CC4CCCCC4C3)CC2)CC1
C1CCC(CC2CCC(C3CCCC(C4CCCCC4)C3)CC2)CC1
C1CCC(CC2CCCCC2CC2CCCCC2)CC1
C1CCC(CC2CCC(CC3CCC(C4CC(CC5CCCCC5)C5CCCCC54)CC3)CC2)CC1
C1CCC(CC2CCC(CC3CC4CCCCC4C3)CC2)CC1
C1CCC(CCCCC2CCCCC2)CC1
C1CCC(CCCC2CCCCC2)CC1
C1CCC(CCCC2CCC(C3CCCCC3C3CCC(C4CCCC4)CC3)CC2)CC1
C1CCC(CCCCC2CC(CC3CCCCC3)CCC2C2CCC2)CC1
C1CCC(CCC2CCC(C3CCC(CC4CCCCC4)CC3)CC2)CC1
C1CCC(C2CCCC(CC3CCC4CCCC4C3)C2)CC1
C1CCC(CCCC2CCC(C3CCC(CCCC4CCCC4)C3)CC2)CC1
C1CCC(CCCC2CCCCC2C2CCC3CCCC3C2)CC1
C1CCC(CCCC2CCC(C3CCCCC3)CC2)CC1
C1CCC(C2CCCC3CC(C4CCC5CCCCC5C4)CCC32)CC1
C1CCC(CCC2CCCC(C3CCC4CCC(C5CCCCC5)CC43)C2)CC1
C1CCC(C2CCCC(CC3CCCCC3C3CCC4CCCCC4C3)C2)CC1
C1CCC(CC2CCCC(C3CCCC(C4CCCC4)C3)C2)CC1
C1CCC(CC2CCCC(C3CCCC(C4CCCCC4)C3)C2)CC1
C1CCC(C2CCC3CC(CCCC4CCC5CCCCC54)CC(C4CCCCC4)C3C2)CC1
C1CCC(CC2CCC(CC3CCCC(CC4CCCCC4)C3)CC2)CC1
C1CCC(C2CCCC(CCC(C3CCCCC3)C3CCCCC3)C2)CC1
C1CCC(C2CCC(C3CC4CCCCC4C(C4CCCCC4)C3)CC2)CC1
C1CCC(CC2CCCCC2)CC1
C1CCC(CCC2CCC(CC3CCC(C4CCCCC4C4CCCC4)CC3)CC2)CC1
C1CCC(CC2CCCC(C3CCCC(CC4CCCCC4C4CCCCC4CC4CCCCC4)C3)C2)CC1
C1CCC(CC2CCCCC2C2CCCCC2)CC1
C1CC(CC2CCCC(CC3CCC(C4CCCC(C5CCC5)C4)CC3)C2)C1
C1CCC(CC2CCCCC2C2CCC3C(CCCC3C3CCCCC3)C2)CC1
C1CCC(CCC2CCC(CC3CC3)CC2)CC1
C1CCC(CC2CCCCC2C2CCC(C3CCCC(CC4CCCC4)C3)CC2)CC1
C1CCC(CC2CCC(CC3CCCCC3C3CCCC3)CC2)CC1
C1CCC(CCCCCC2CCC(CC(CCCC3CCCC3)C3CCCCC3)CC2)CC1
C1CCC(CCC2CCCCC2C2CCCCC2)CC1
C1CCC(CCC2CCCC(C3CCC4C(CCCC4C4CCC5CCCCC54)C3)C2)CC1
C1CCC(CCCCCC2CCC(CC3CCCCC3)CC2)CC1
C1CCC(CC2CCCCC2C2CCCCC2C2CCCCC2)CC1
C1CCC(CC2CCC(C3CCCC4CCCCC43)CC2)CC1
C1CCC(CC2CCCCC2)CC1
C1CCC(CCC2CCCCC2C2CCCCC2)CC1
C1CCC(CC2CC(C3CCCCC3)CC(C3CC3)C2)CC1
C1CCC(CCCC2CCC3CCC(C4CCCCC4)CC3C2)CC1
C1CCC(C2CCCC(C3CCCCC3CC3CC(CC4CCCC4)C4CCCCC34)C2)CC1
C1CCC(CC2CCCC(CC3CCC(C4CCCCC4)CC3)C2)CC1
C1CCC(CCC2CCC(C3CCC(CCC4CC5CCCCC5C4)CC3)CC2)CC1
C1CCC(C2CCCC(C3CCC(C4CCC5CCCCC54)CC3)C2)CC1
C1CC(C2CCC(CCC3CCC(CCCC4CCCC5CCCCC54)CC3)CC2)C1
C1CCC(CC2CCC(C3CCCCC3)CC2C2CCCCC2C2CCC3CCCC3C2)CC1
C1CCC(CC2CCC(CCCC(CC3CCCCC3)C3CCCCC3)CC2)CC1
C1CCC(C2CCCC(C3CCCC(C4CCCCC4)C3)C2)CC1
C1CCC(CC2CCC(C3CCCC(CC4CCCCC4CCCC4CCCC4)C3)CC2)CC1
C1CCC(C2CCCC(CC3CCCCC3C3CCCCC3)C2)CC1
C1CCC(CC2CCC(C3CCCCC3C3CCC(CC4CCCCC4)C3)CC2)CC1
C1CCC(CC2CCC(CC3CCC(C4CCC5CCCCC5C4)CC3)CC2)CC1
C1CCC(C2CCCC(CCCC3CCCC(C4CCC4)C3)C2)CC1
C1CCC(CC2CC(C3CCCCC3)C3CCCCC23)CC1
C1CCC(CCC2CCCC(C3CCC4C(CC5CCC(C6CCC6)CC5)CCC4C3)C2)CC1
C1CCC(CCC2CCCC(CC3CCC4CCCC4C3)C2)CC1
C1CCC(C2CCCC(C3CCCCC3C3CCC(CC4CCC4)CC3)C2)CC1
C1CCC(C2CCCCC2C2C(C3CCCCC3)CCCC2C2CCCC2)CC1
C1CCC(C2CCC(CCC3CCC(C4CCC4)CC3)CC2)CC1
C1CCC(C2CCCC(CC3CC(C4CCCCC4)C4CCCCC34)C2)CC1
C1CCC(C2CCCC(C3CCCCC3)C2)CC1
C1CCC(CCCCC2CCCCC2C2CCC3C(CCC4CCCCC4)CCC3C2)CC1
C1CCC(C2CCC(C3CCCCC3C3CCCCC3)CC2)CC1
C1CCC(C2CCC(CC3CCC(CC4CC5CCCCC5C4)CC3)CC2)CC1
C1CCC(CC2CCCC2C2CCCC(CCC3CCCC(C4CCCCC4)C3)C2)CC1
C1CCC(C2CCC(CCC3CCCCC3C3CCCCC3)CC2)CC1
C1CCC(CC2CCC(C3CCCCC3)CC2)CC1
C1CCC(CCCC2CCC(C3CCCCC3)CC2)CC1
C1CCC(CC2CCC(C3CCCCC3CCC3CCCCC3C3CCC(C4CCC(C5CCCC5)CC4)CC3)CC2)CC1
C1CCC(CCCC2CC(C3CCCCC3C3CCCCC3)C3CCCCC23)CC1
C1CCC(CCCCC2CCCC(CCCC3CCCCC3)C2)CC1
C1CCC(C2CCC3CCCC(CC4CCCCC4C4CCCC4)C3C2)CC1
C1CCC(CC2CCC(C3CCC(C4CCCC4)CC3)CC2)CC1
C1CCC(CC2CCC(C3CCCCC3)CC2)CC1
C1CCC(C2CCCC(C3CCCCC3)C2)CC1
C1CCC(CC2CCC(CC3CCCCC3C3CCCCC3)CC2)CC1
C1CCC(C2CCCC(C3CCCC(C4CCCC4)C3)C2)CC1
C1CCC(CC2CCCC(C3CCCC3)C2)CC1
C1CCC(CC2CCCCC2C2CCC(CCC3CCC3)CC2)CC1
C1CCC(CCC2CCCC(C3CCC(C4CCCC4)CC3)C2)CC1
C1CCC(CCCC2CC(C3CCCCC3)C3CCCCC23)CC1
C1CCC(CC2CCC(CC3CCCCC3)CC2)CC1
C1CCC(CC2CCC(C3CCC(C4CCCCC4)CC3)CC2C2CCCCC2)CC1
C1CCC(C2CCCC(C3CCC(CCCC4CC5CCCCC5C4)CC3)C2)CC1
C1CCC(CCC2CCC(C3CCCC(CC4CCC5CCCC5C4)C3)CC2)CC1
C1CCC(CCCC2CC(C3CCCCC3)C3CCCCC23)CC1
C1CCC(C2CC(C3CCCCC3)CC(C3CCCC3)C2)CC1
C1CC2CCC(CC3CCC(C4CCCCC4C4CCCC4)CC3)CC2C1
C1CCC(CC2CCCC(C3CCC4CCCCC43)C2)CC1
C1CCC(CC2CCCCC2)CC1
C1CCC(CCCC2CCCC(C3CC(C4CCCCC4)CC(C4CCC4)C3)C2)CC1
C1CCC(CCCC2CCCCC2CCCCC2CCC(CCC3CCCCC3)CC2)CC1
C1CCC(CC2CC(CC3CCC(C4CCCCC4)CC3)CCC2C2CCCCC2)CC1
C1CCC(CC2CCC(C3CCCCC3CCC3CCCC(CCC4CC4)C3)CC2)C1
C1CCC(CC2CCCC(C3CCCCC3CC3CCCCC3)C2)CC1
C1CCC(CCC2CC(CC3CCCCC3)CC(C3CCCCC3)C2)CC1
C1CCC(CCCC2CCCCC2C2CCCCC2C2CCCC2)CC1
C1CCC2CC(CC3CCCCC3C3CC4CCCCC4C3)CC2C1
C(CCCC1CCCCC1)CCCC1CCCC(C2CCCCC2)C1
C1CCC(CC2CC(C3CCCCC3)CC(C3CCCC(C(C4CCCCC4)C4CC4)C3)C2)CC1
C1CCC(C2CC(CC3CCCC3)CC(C3CCCCC3)C2)CC1
C1CCC(CCCCC2CCC(CC3CCCCC3)CC2)CC1
C1CCC(CC2CCC(C3CCC(CC4CC4)CC3)CC2)CC1
C1CCC(C2CCC(C3CCCCC3C3CCCCC3)CC2)CC1
C1CCC(C2CCCC(C3CCC3)C2)CC1
C1CCC(C2CCCCC2CCCC2CC3CCCCC3C(C3CCCCC3)C2)CC1
C1CCC(CCCCC2CCC(CC3CCC(C4CC4)CC3)CC2)CC1
C1CCC(C2CCCC(C3CCCCC3)C2)CC1
C1CCC(CCC2CCC(C3CCCCC3)CC2CCC2CCCCC2)CC1
C1CCC(C2CCCC(CCC3CCC4C(CCC4C4CCCC4)C3)C2)CC1
C1CCC(CCCC2CC(C3CCCCC3)CC(C3CCCCC3)C2)CC1
C1CCC(CCC2CCC(C3CCCCC3)CC2)CC1
C1CCC(CC2CCC(C3CCCCC3)CC2)CC1
C1CCC(CC2CCC(C3CCCCC3)C2)CC1
C1CCC(CC2CCC(CC3CCCC(CC4CCC5CCCCC5C4)C3)CC2)CC1
C1CCC(C2CCCCC2C2CCCCC2)CC1
C1CCC(CC2CCCC(CCC3CCCC(C4CCCCC4)C3)C2)CC1
C1CCC(CCCCC2CCC(CC3CCCCC3)CC2)CC1
C1CCC(C2CCCC(CC3CCCC(C4CCCC4)C3)C2)CC1
C1CCC(C2CCC(CCC3CC(CCCCCC4CC4)C4CCCCC34)CC2)CC1
C1CCC(CC2CCC(C3CCCCC3)CC2)CC1
C1CCC(CC2CCCCC2CC2CCCC(C3CCCCC3)C2)CC1
C1CCC(CCCC2CCC(C3CCCC3)CC2)CC1
C1CCC(CC2CCCCC2)CC1
C1CCC(C2CCCC(C3CCC(C4CCC5CCCCC5C4)CC3)C2)CC1
C1CCC(C2CCCC(CCCC3CCCC(C4CC4)C3)C2)CC1
C1CCC2C(C1)CCCC2CCC1CCC(C2CCCC(C3CCC4CCCCC43)C2)CC1
C1CCC(CCC2CCCCC2)CC1
C1CCC2CC(C3CCCCC3C3CCCCC3C3CCCC3)CC2C1
C1CCC(C2CCCC(CC3CC(C4CCCCC4)C4CCCCC34)C2)CC1
C1CCC(CC2CCCC(C3CCC(CC4CCCC4)CC3)C2)CC1
C1CCC(CCC2CCCCC2C2CCCCC2)CC1
C1CCC(CC2CCC(C3CCC(C4CCCCC4)CC3)CC2)CC1
C1CCC(CCC2CCCCC2)CC1
C1CCC(C2CCCC(C3CCCCC3C3CCCC4CCCCC43)C2)CC1
C1CCC(CCC2CCCC(C3CCC(C4CCCC(C5CCCCC5)C4)C3)C2)CC1
C1CCC(CC2CCC(CC3CCCCC3CC3CCCCC3)CC2)CC1
C1CCC(C2CCCC(C3CCC(C4CCCC(C5CCCCC5)C4)CC3)C2)CC1
C1CCC(C2CCC(CCC3CCC(C4CCCCC4)CC3C3CCCCC3)CC2)CC1
C1CCC(CCCC2CCC(C3CCCCC3)CC2)CC1
C1CCC(CCC2CCCC(C3CCCC(C4CCCC(CCC5CCCCC5)C4)C3)C2)CC1
C1CCC(CC2CCC(CCCCC3CCC(CC4CCCCC4)CC3)CC2)CC1
C1CCC(CC2CCC(CCCC3CC4CCCCC4C(C4CCCCC4)C3)CC2)CC1
C1CCC(CC2CCC(CC3CCCCC3)CC2)CC1
C1CCC(CCCCC2CCCC(CC3CCCCC3)C2)CC1
C1CCC(C2CCC(C3CCC(C4CCCCC4C4CCCCC4)CC3)CC2)CC1
C1CCC(C2CCCC(CC3CCCCC3CC3CC3)C2)CC1
C1CCC(CCC2CCC(CC3CCCCC3)CC2)CC1
C(CCC1CC2CCCCC2C1)CCC1CC(CC2CC2)C2CCCCC12
C1CCC(CC2CCCCC2C2CCCCC2CC2CCCC(C3CCCCC3)C2)CC1
C1CCC(CC2CCCCC2C2CC3CCCCC3C2)CC1
C1CCC(CCCCCC2CCC(C3CCCCC3)CC2)CC1
C1CCC(CCCC2CCC(CC3CCC(C4CCCCC4)CC3)CC2)CC1
C1CCC(C2CCCC(C3CCC(C4CCCCC4)CC3C3CCCCC3)C2)CC1
C1CCC(CCCCC2CCCC(C3CCCCC3)C2)CC1
C1CCC(CCCCC2CCC(CC3CCCCC3)CC2)CC1
C1CCC(CC2CC(CC3CCC(C4CCCCC4)CC3)C3CCCCC23)CC1
C1CCC(CCCC2CCC(CCC3CCC(CC4CCCCC4)CC3)CC2)CC1
C1CCC(CCCCCC2CCCCC2CC2CCCC(C3CCCCC3)C2)CC1
C1CCC(C2CCCC(C3CCCC(C4CCCCC4)C3)C2)CC1
C1CCC(CC2CCC(C3CCC(C4CCCCC4)C3)CC2)CC1
C1CCC(CC2CCC(CC3CCCC3)CC2)CC1
C1CCC(CC2CCCC(C3CCCC(C4CCCCC4C4CCCCC4)C3)C2)CC1
C1CCC(C2CCCC(C3CCCCC3)C2)CC1
C1CCC(CC2CCCC(C3CCCCC3)C2)CC1
C(CCC1CCCC(C2CCCCC2)C1)CCC1CCCC(C2CCCCC2)C1
C1CCC(CCC2CCCC(CC3CCCC(CC4CCCCC4)C3)C2)CC1
C1CCC(C2CCC3C(CCCC3C3CCCCC3)C2)CC1
C1CCC(CC2CCCCC2C2CCC(C3CCCCC3)CC2C2CCCC2)CC1
C(CCCC1CCCCC1)CCCC1CC(CC2CCCCC2)C2CCCCC12
C1CCC(C2CCC(C3CC4CCCCC4C3)CC2)CC1
C1CCC(C2CCC(CC3CCC(C4CCCCC4)CC3)CC2)CC1
C1CCC(CCC2CCC(CC3CCCCC3C3CCCCC3)CC2)CC1
C1CCC(CCCC2CCC(CC3CCCCC3)C(CC3CC3)C2)CC1
C1CCC(CC2CCCCC2CC2CC(CC3CCCC(C4CCCCC4)C3)C3CCCCC23)CC1
C1CCC(C2CCCC(C3CC4CCCCC4C3)C2)CC1
C1CCC(CCC2CCCC(C3CCCC(C4CCCCC4)C3)C2)CC1
C1CCC(CC2CCC(C3CCCCC3C3CCC4CCCCC43)CC2)CC1
C1CCC(CCC2CCC(CCC3CCCCC3)CC2)CC1
C1CCC(CC2CCC(CC3CC(CC4CC4)CC(C4CCCC(CC5CCCCC5)C4)C3)CC2)CC1
C1CCC(CCCCC2CCC(CC3CCCCC3)CC2)CC1
C1CCC(CC2CCC(C3CCCCC3)CC2)CC1
C1CCC(C2CCC(C3CCC4CCC(C5CCC6CCCC6C5)C4C3)CC2)CC1
C1CCC(CC2CCCC(CC3CCC(CCC4CC4)CC3)C2)CC1
C1CCC(C2CCCC(C3CCCC(CC4CCC(C5CCCC5)CC4)C3)C2)CC1
C(CCCC1CCCCC1)CCCC1CCCC1C1CCCCC1
C1CCC(CC2CCCCC2CCC2CC(CC3CCCCC3)C3CCCCC23)CC1
C1CCC(C2CCC(CC3CCC(C4CCCCC4C4CCCCC4)CC3)CC2)CC1
C1CCC(C2CCC(C3CCC(C4CCCCC4C4CCC5CCCC5C4)CC3)CC2)CC1
C1CCC(CC2CCC(CC3CCC(CC4CCCCC4)CC3)CC2)CC1
C1CCC(C2CCC(C3CCCCC3)C(C3CCCCC3)C2)CC1
C1CCC(CC2CCCCC2)CC1
C1CCC(CCC2CCC(C3CCCCC3)CC2C2CCCCC2)CC1
C(CCCC1CCCCC1)CCC1CCCCC1
C1CCC(CC2CCC(CC3CCC(C4CCCCC4C4CCCCC4)CC3)CC2)CC1
C1CCC(C2CCC(CCC3CCC(C4CCCCC4)C(C4CCC5CCCC5C4)C3)C2)CC1
C1CCC(CC2CCCC(C3CCCC3CC3CCCCC3)C2)CC1
C1CCC(CCCCC2CCC(C3CCCC3)CC2)CC1
C1CCC(C2CCCC(C3CCC4CCCCC4C3)C2)CC1
C1CCC(CCC2CC(C3CCCCC3)CCC2CC2CCCCC2)CC1
C1CCC(C2CCCCC2C2CCCCC2C2CCCC(C3CCC4CCCC4C3)C2)CC1
C1CCC(C2CCCCC2)CC1
C1CCC(CC2CCC(CCC3CCC(CC4CCCCC4)CC3)CC2)CC1
C1CCC(C2CCCC(CCC3CCC(C4CCCCC4C4CCCCC4)CC3)C2)CC1
C1CCC(C2CCC(C3CCCCC3)CC2)CC1
C1CCC(CCC2CCC(CC3CCCCC3)CC2)CC1
C1CCC(C2CCCC(C3CCC(CC4CCC5CCCCC5C4)C(C4CCCC4)C3)C2)CC1
C1CCC(CC2CCC(C3CCCC3)CC2)CC1
C1CCC(C2CCCC(C3CCCC3C3CCCCC3)C2)CC1
C1CCC(C2CCCC(C3CCCC(C4CCCCC4)C3)C2)CC1
C1CCC(CC2CCCCC2)CC1
C1CCC(CCCCC2CCC(CC3CC(CC4CCCCC4)C4CCCCC34)CC2)CC1
C1CCC(CC(CC2CCC3C(CCCC3C3CCC(CC4CCC5CCCCC5C4)CC3)C2)C2CCCCC2)CC1
C1CCC(CC2CCCC(C3CC4CCC(C5CCCCC5)CC4C(C4CCCCC4)C3)C2)CC1
C1CCC(CCCC2CCCC(C3CCCCC3)C2)CC1
C1CCC(CC2CCC(CC3CCC(C4CCCC(CC5CC5)C4)CC3)CC2)CC1
C1CCC(CCC2CCC(C3CCCC3)CC2C2CCCCC2)CC1
C1CCC(C2CCC(C3CCCCC3)CC2)CC1
C1CCC(CC2CCC(C3CCCCC3)CC2)CC1
C1CCC(CCC2CCCC(CCC3CCC4CCCCC43)C2)CC1
C1CCC(C2CCCC(CCCC3CCCCC3C3CCCCC3)C2)CC1
C1CCC(CC2CCCCC2CC2CCCC3CC(C4CCCCC4)CCC32)CC1
C1CCC(C2CCCC(C3CCC(CC4CC5CCCCC5C4)CC3)C2)C1
C1CCC(C2CCCC(CC3CCC(C4CCC(C5CCCC5)CC4)CC3)C2)CC1
C1CCC(C2CCC(C3CCCC3)C(C3CCC4CCCC4C3)C2)CC1
C1CCC(CC2CCCCC2CC2CCCCC2)CC1
C1CCC(C2CCC(CCC3CC(C4CCCCC4)CC(C4CCC4)C3)CC2)CC1
C1CCC(C2CCCC(C3CCCC(C4CCCCC4)C3)C2)CC1
C1CCC(CCC2CCCC(CC(C3CCCC3)C3CCCC3)C2)CC1
C1CCC(CCC2CCC(CC3CCC(CC4CCCCC4)CC3)CC2)CC1
C1CCC(CC2CCCC(CCC3CC4CCC(CC5CCCCC5)CC4C3)C2)CC1
C1CCC(CCC2CCC(C3CCCC(CC4CCCCC4)C3)CC2)CC1
C1CCC(CC2CCCCC2CCCC2CCCC(C3CCCCC3)C2)CC1
C1CCC(C2CC(C3CCCCC3)CC(C3CCC4CCCCC43)C2)CC1
C1CCC(CCCC2CCC(C3CCCCC3)CC2)CC1
C1CCC(C2CCC(CCC3CCC4CCCCC4C3)CC2)CC1
C1CCC(C2CCCC(C3CCCCC3C3CCCCC3)C2)CC1
C1CCC(C2CCC3CCCCC3C2)CC1
C1CCC(CCC2CCC(C3CCCCC3)C(C3CCCCC3)C2)CC1
C1CCC(CC2CCCC(C3CCC(CC4CCCC(C5CCCC5)C4)CC3)C2)CC1
C1CCC(CCC2CCC3CCCCC3C2)CC1
C1CCC(C2CCCC(CCC3CCCC(C4CCCC4)C3)C2)C1
C1CCC(CC2CC(C3CCCCC3CC3CCCCC3)C3CCCCC23)CC1
C1CCC(C2CCC(CC3CCC(C4CCCCC4)CC3)CC2)CC1
C1CCC(CCC2CCC(CCC3CCCCC3)C(CCC3CCCCC3)C2)CC1
C1CCC(CC2CCC(CC3CCCCC3)C(C3CCCCC3)C2)CC1
C1CCC(C2CCCC(C3CCC(C4CC5CCCCC5C4)CC3)C2)CC1
C1CCC(CCCC2CCC(CC3CCC4CCCCC4C3)CC2)CC1
C1CCC(C2CCCCC2C2CCC(C3CCC(C4CCC5CCCCC54)CC3)CC2)C1
C1CCC(CCC2CCC(C3CCCCC3C3CCC4CCCC4C3)CC2)CC1
C1CCC(CCC2CCCC(C3CCC(C4CC(C5CCCC5)C5CCCCC45)CC3)C2)C1
C1CCC(C2CCC(CCCC3CCCC(C4CCCCC4)C3)CC2)CC1
C1CCC(CC2CCC3CC(C4CCCCC4)CCC3C2)CC1
C1CCC(C2CCC(C3CCC4CCC(CC5CCCC(C6CCCCC6)C5)CC43)CC2)CC1
C1CCC(CC2CCCC(C3CCCC(C4CCCCC4)C3)C2)CC1
C1CCC(C2CCCCC2C2CCC(C3CCC(CCCC4CCCC4)CC3)CC2)CC1
C1CCC(CC2CCC(C3CCCCC3)CC2)CC1
C1CCC(C2CCC3CC(C4CCC5CCCCC54)CCC3C2)CC1
C1CCC(C2CCCC(CC3CCC(CC4CCCC(C5CCCCC5)C4)CC3)C2)CC1
C1CCC(CC2CCC(CCCC3CCCC(CC4CCCCC4)C3)CC2)CC1
C1CCC(CC2CCCC(C3CCCCC3)C2)CC1
C1CCC(CC2CCC3C(C2)C(CC2CCCC(C4CCCCC4)C2)CC3C2CCCCC2)CC1
C1CCC(CCC2CC(CC3CCCCC3)CCC2C2CCCCC2)CC1
C1CCC(CC2CCCCC2C2CCC(CC3CCCC(C4CCCC4)C3)CC2)CC1
C1CCC(CC2CC(CC3CCC(C4CCCCC4)CC3)C3CCCCC23)CC1
C1CCC(CC2CCCCC2C2CCCCC2)CC1
C1CCC(C2CCC(C3CCCC(C4CCCC4)C3)CC2)C1
C1CCC(CC2CCCCC2)CC1
C1CCC(CC2CCC(CC3CCCC(CCCCC4CCCC4)C3)CC2)CC1
C1CCC(C2CCCC(CC3CCCC(C4CCCCC4)C3)C2)CC1
C1CCC(CC2CCC(C3CCCCC3)CC2)CC1
C1CCC(CC2CCCC(CC3CCCCC3)C2)CC1
C1CCC(CC2CCCCC2CCC2CCCCC2C2CCCC(CC3CCCC3)C2)CC1
C1CCC(CC2CCC3CCC(C4CCCCC4)C3C2)CC1
C1CCC(CC2CCC3C(CCCC3C3CCCC(C4CCCCC4)C3)C2)CC1
C(CC1CCC(C2CCC(CC3CC4CCCCC4C3)CC2)CC1)CC1CC2CCCCC2C1
C1CCC(CC2CCC(C3CCC(CC4CCCCC4)CC3)CC2)CC1
C1CCC(CC2CCC(C3CCC(C4CCCCC4C4CCCCC4)CC3)CC2)CC1
C1CCC(CCCCC2CCCC(CC3CCCC(C4CCCCC4)C3)C2)CC1
C1CCC(C2CCCCC2)CC1
C1CCC(CC2CCC(C3CCCCC3)C(C3CCCC(CC4CCC5CCCC5C4)C3)C2)CC1
C1CCC(C2CCC(C3CCCCC3C3CCCCC3)CC2)CC1
C1CCC(CCCC2CCC(C3CC(C4CCCCC4)C4CCCCC34)CC2)CC1
C1CCC(C2CCCC(CC3CCC4C(CCC4C4CCCC(C5CCCCC5)C4)C3)C2)CC1
C1CCC(CC2CCC(C3CCCCC3)C(CC3CCCCC3)C2)CC1
C1CCC(CC2CCC(CC3CCCC(C4CCC5CCCC5C4)C3)CC2)CC1
C1CCC(C2CCC(C3CCC(C4CCC4)CC3)CC2)CC1
C1CCC(CCCC2CCCC(C3CCCCC3)C2)CC1
C1CCC(CCC2CCC(CCC3CCC3)CC2)CC1
C1CCC(C2CCCC(C3CCCC(C4CCC(C5CC5)CC4)C3)C2)CC1
C1CCC(CCC2CCC(C3CCCCC3)CC2C2CCCCC2)CC1
C1CCC(CC2CCC(CCCC3CCCC(C4CCCCC4)C3)CC2)CC1
C1CCC(CCCC2CCC(CC3CCC(C4CCCCC4)CC3)CC2)CC1
C1CCC(CC2CCCCC2C2CCCCC2CC2CCCC2)CC1
C1CCC(CC2CCC(C3CCCCC3C3CCC(C4CCCCC4)CC3)C2)CC1
C1CCC(CCCC2CCC(CC3CC(CC4CCCCC4)CC4CCC(C5CCCCC5)CC43)CC2)CC1
C1CCC(CCC2CC(CC3CC3)CCC2C2CCCCC2)CC1
C1CCC(C2CCCCC2)CC1
C1CCC(C2CCCC(C3CCC(C4CCCCC4)C4CCCCC34)C2)CC1
C1CCC(C2CCC(CC3CCC(C4CCCC(CC5CC6CCCCC6C5)C4)CC3)CC2)CC1
C1CCC(CCC2CCC(C3CCCCC3)C(C3CCCC3)C2)CC1
C1CCC(C2CCCC(C3CCCCC3C3CCCC4CCCCC43)C2)CC1
C1CCC(CCCC2CCC(CCCC3CCC(C4CCCCC4)CC3)CC2)CC1
C1CCC(CC2CCCCC2C2CCC3CCCCC3C2)CC1
C1CCC(CC2CCC(CC3CCCCC3)CC2)CC1
C1CCC(C(C2CCCCC2)C2CC2)CC1
C1CCC(CCC2CCCCC2CC2CCCCC2)CC1
C1CCC(C2CCC3CCC(C4CCCCC4C4CCCCC4)CC3C2)CC1
C1CCC(C2CCCCC2C2CCC3CCCCC32)CC1
C1CCC(C2CCCC(C3CCCCC3)C2)CC1
C1CCC(CC2CCC(CC3CCCC(CC4CCCCC4)C3)CC2)CC1
C1CCC(C2CCC(CC3CCC(C4CCCCC4C4CCCC4)CC3)CC2)CC1
C1CCC(CC2CCCCC2)CC1
C1CCC(CCC2CC(C3CCC(CC4CC5CCCCC5C4)CC3)C3CCCCC23)CC1
C1CCC(CCCC2CCCC(C3CCCC(CC4CCCCC4)C3)C2)CC1
C1CCC(CC2CCC(CC3CCC(C4CCCCC4)C3)CC2C2CCCCC2)CC1
C1CCC(CC2CCC(C3CCCCC3C3CCCCC3)CC2)CC1
C1CCC(C2CC(CC3CC(C4CCCCC4)CCC3C3CC3)CC(C3CCCCC3)C2)CC1
C1CCC(CC2CC(CC3CCCCC3)C(CC3CC4CCCCC4C3)C(C3CCCCC3)C2)CC1
C1CCC(CC2CCCCC2C2CCCCC2C2CCC3CCCC3C2)CC1
C1CCC(CCC2CCC(C3CCCC4CCCCC43)CC2)CC1
C1CCC(CCC2CCC(C3CCCCC3C3CCC4CCCC4C3)CC2)CC1
C1CCC(CC2CCCCC2C2CCCCC2)CC1
C1CCC(CC2CCC(CCC3CCCCC3CC3CC4CCCCC4C3)CC2)CC1
C1CCC(CC2CCC(C3CCCCC3)CC2)CC1
C1CCC(CCC2CCCC(C3CCCCC3CC3CC4CCCCC4C3)C2)CC1
C1CCC(CCC2CCCC(CCC3CCCC(CCC4CCC(CC5CCCCC5)CC4)C3)C2)CC1
C1CCC(CC2CCC(CC3CCC(C4CC(CC5CCCC5)C5CCCCC54)CC3)CC2)CC1
C1CCC(C2CCC(C3CCCCC3)CC2)CC1
C1CCC(C2CC(CCC3CCC4CCCCC4C3)CCC2C2CCCCC2C2CCCC2)CC1
C1CCC(CC2CCCC(CC3CCC(CC4CCCCC4)C(C4CCCC4)C3)C2)CC1
C1CCC(CC2CCC3CC(C4CCCCC4)CCC3C2)CC1
C1CCC(C2CCCC(C3CCCCC3CCC3CCCCC3C3CCCC3)C2)CC1
C1CCC(CCCC2CCC(C3CCCC3)CC2)CC1
C1CCC(C2CCC(C3CCCCC3C3CCC4CCCCC4C3)CC2)CC1
C1CCC(CC2CCC(CC3CCCC(C4CCC5CCCCC54)C3)CC2)CC1
C1CCC(CCC2CCCC(C3CCCCC3)C2)CC1
C1CCC(CCCC2CCCC(CC3CCC(C4CC5CCCCC5C4)CC3)C2)CC1
C1CCC(C2CCC(CC3CCCC(CCC4CC5CCCCC5C4)C3)CC2)CC1
C1CCC(C2CCCC2CCC2CCCCC2C2CC(CC3CCCC3)C3CCCCC32)CC1
C1CCC(CCCC2CCC(CC3CCCC3)CC2)CC1
C1CCC(C2CCC(C(C3CCCCC3)C3CCCC(C4CCC(CC5CC6CCCCC6C5)CC4)C3)CC2)CC1
C1CCC(CC2CCC(CC3CCCCC3)CC2)CC1
C1CCC(CC2CCC(C3CCCCC3CC3CCCCC3)CC2)CC1
C1CCC(C2CCC(CC3CC(C4CCCCC4)CCC3C3CCCCC3)C2)CC1
C1CCC(C2CCCC(CC3CCCCC3C3CCCCC3)C2)CC1
C1CCC(CC2CC(C3CCCC(CC4CC5CCCCC5C4)C3)C3CCCCC23)CC1
C1CCC(CCC2CCC(C3CCC4CCCCC4C3)C(CC3CCCCC3)C2)CC1
C1CCC(CC2CCC(C3CCCCC3)C2)CC1
C1CCC(CCC2CC(C3CCCC3)CC(C3CCCCC3)C2CCC2CCCCC2)CC1
C1CCC2CC(C3CC(C4CC5CCCCC5C4)C4CCCCC34)CCC2C1
C1CCC(C2CCCC(C(C3CCCCC3)C3CCCC(C4CC5CCCCC5C4)C3)C2)CC1
C1CCC(CCCC2CCCC(CC3CCCCC3)C2)CC1
C1CCC(C2CCCC(C3CCCCC3)C2)CC1
C1CCC(CC2CCCCC2CC2CCCCC2)CC1
C1CCC(CC2CCCC(CC3CCCCC3)C2)CC1
C1CCC(C2CC(C3CCCC(CC4CCC4)C3)C3CCCCC23)CC1
C1CCC(CCC2CCCC(C3CCCC(CC4CCCCC4)C3)C2)CC1
C1CCC(C(CCC2CCCC2)CC2CCC3CCCCC3C2)CC1
C1CCC(CCCC2CCCC(C3CCCCC3)C2)CC1
C1CCC(CCCC2CCC(CC3CCCCC3)CC2)CC1
C1CCC(C2CCCCC2CC2CCCC(C3CCCCC3C3CCC3)C2)CC1
C1CCC(CC2CC3CCCCC3C2)CC1
C1CCC(CC2CCC(CC3CCCC(C4CC5CCCCC5C4)C3)CC2)C1
C1CCC(CCC2CCC(CCC3CCC(CC4CCCC(CC5CCCCC5)C4)CC3)CC2)CC1
C1CCC(CCC2CCC(C3CCC4CCCC4C3)CC2)CC1
C1CCC(C2CCC(C3CCCC(C4CCC5CCCC(C6CCCCC6)C5C4)C3)CC2)CC1
C1CCC(CCC2CCC(CC3CCC(C4CCCCC4C4CCCCC4)C3)CC2)CC1
C1CCC(C2CCC(C3CC3CCCCCC3CCC(C4CCCCC4)C3)CC2)CC1
C1CCC(CCCC2CCCC(CC3CCC(C4CCCC4)CC3)C2)CC1
C1CCC(CC(CC2CCC3CCCC3C2)C2CCCCC2)CC1
C1CCC(C2CC(C3CC4CCCCC4C3)CCC2C2CCCC2)CC1
C1CCC(CC2CCC(CCCC3CCC(CCC4CCC(CC5CCCCC5)CC4)CC3)CC2)CC1
C1CCC(CC2CCCCC2C2CCCC(CC3CCC(CC4CC5CCCCC5C4)CC3)C2)CC1
C1CCC(CCCCC2CCCC(C3CCCC3)C2)CC1
C1CCC(C2CCCCC2)CC1
C1CCC(C2CCC(C3CCCCC3C3CCCC(C4CC5CCCCC5C4)C3)C(C3CCCC3)C2)CC1
C1CCC(C2CCCC(CCC3CCC(C4CCCCC4)C3)C2)CC1
C1CCC(CCC2CCC(CCCC3CCCC(C4CCCCC4)C3)CC2)CC1
C1CCC(CC2CCC(CCC3CCCC(C4CCCCC4)C3)CC2)CC1
C1CCC(CCC2CCCC(C3CCCCC3)C2)CC1
C1CCC(CC2CC(C3CCCCC3)CC3CC(CC4CC5CCCCC5C4)CCC23)CC1
C1CCC(C2CCC(CC3CCC3)C(C3CCCCC3)C2)CC1
C1CCC(CC2CCC3C(CC4CCCCC4)CC(C4CCCCC4)C3C2)CC1
C1CCC(CCC2CCC(C3CCCCC3)CC2)CC1
C1CCC(CC2CCC(C3CCCC(C4CCCCC4)C3)CC2)CC1
C1CCC(CC2CC(C3CCCCC3)C3CCCCC23)CC1
C1CCC(CC2CCCCC2C2CCCCC2C2CC3CCCCC3C2)CC1
C1CCC(CCCCC2CCCCC2CC2CCCCC2)CC1
C1CCC(CC2CCCC(C3CCCCC3)C2)CC1
C1CCC(C2CCC(C3CCC4CCCCC4C3)C(CCC3CCCCC3C3CCCC3)C2)CC1
C1CCC(CCC2CCC(CC3CCCCC3)CC2)CC1
C1CCC(CC2CCC(CCCC3CCCC(CC4CCCCC4)C3)CC2)CC1
C1CCC(CCCCC2CCC(C3CCCC(CC4CCCC4)C3)CC2)C1
C1CCC(CC2CCCC(C3CCCC(C4CCC(C5CCCCC5)CC4)C3)C2)CC1
C1CCC(CC2CCC(CC3CCCC3)CC2C2CCC3CCCC3C2)CC1
C1CCC(CC2CCC(C3CCC(CC4CCCCC4)CC3)CC2)CC1
C1CCC(C2CCCCC2C2CCCCC2C2CCCCC2C2CCC3CCCC3C2)CC1
C1CCC(CCCC2CCC(CC3CCCC(CCC4CCCC4)C3)CC2)CC1
C1CCC(C2CCC(CC3CCCC(C4CCCC4)C3)CC2)CC1
C1CCC(CCC2CCCC(C3CCCC(C4CCC5CCCC5C4)C3)C2)CC1
C1CCC(C2CCCC(C3CCC(C4CCCC4)CC3)C2)CC1
C1CCC(CC2CCCC(C3CCCCC3)C2)CC1
C1CCC(CCCCCC2CCC(C3CCCCC3C3CCC4CCCCC4C3)CC2)CC1
C1CCC(C2CCC(C3CCC(C4CCCC(C5CCCC5)C4)CC3)CC2)C1
C1CCC(C2CCC(CC3CCCC(C4CCCC(C5CCCCC5)C4)C3)CC2)CC1
C1CCC(C2CCCC(C3CCCCC3C3CCCCC3)C2)CC1
C1CCC(CC2CCCCC2C2CC3CCCCC3C2)CC1
C1CCC(C2CCCC(C3CCC(C4CCCC(C5CCCC5)C4)CC3)C2)CC1
C1CCC(CCCC2CCC(C3CCCC(CC4CCC(C5CCCCC5)CC4)C3)CC2)CC1
C1CCC(CCC2CCC(C3CCCC(CC4CCCCC4)C3)C(C3CCCC3)C2)CC1
C1CCC(CC2CCC(CC3CCCCC3C3CCCC3)CC2)CC1
C1CCC(CCC2CCC(C3CCCC(CC4CC5CCCCC5C4)C3)CC2)CC1
C1CCC(CCCC2CCCC(C3CCCC(C4CCCCC4)C3)C2)CC1
C1CCC(CCC2CC(CC3CCCCC3)CCC2CCCC2CC3CCCCC3C2)CC1
C1CCC(C2CCC(C3CCCCC3)CC2)CC1
C1CCC(CCCC2CCCC(C3CCCCC3C3CCCCC3)C2)CC1
C1CCC(CC2CCC(C3CCCCC3)CC2)CC1
C1CCC(C2CCC3CC(C4CCC5CCCCC54)CC(C4CCCC4)C3C2)C1
C1CCC(C2CCC(CCC3CCCCC3CC3CC4CCCCC4C3)C(C3CCCC3)C2)CC1
C1CCC(CC2CCC(CC3CCC4CCCCC4C3)C(CC3CCCCC3)C2)CC1
C1CCC(C2CC(C3CCCCC3)C(C3CCCCC3)C3CCCC23)CC1
C1CCC(CCC2CCCC(CC3CCC(CCC4CC4)CC3)C2)CC1
C1CCC(C2CCCCC2C2CCC(CC3CC3)C(C3CCCC3)C2)CC1
C1CCC(C2CCCC(C3CCCC(CCC4CCCCC4C4CCCC4)C3)C2)C1
C1CCC(CCCC2CC3CCCCC3C(C3CCCCC3)C2)CC1
C1CCC(CC2CCCC(CC3CCCCC3)C2)CC1
C1CCC(C2CCCC(CC3CCC(C4CCC(C5CCCC5)C4)CC3)C2)CC1
C1CCC(CCC2CCCC(CC3CCCC(C4CCCCC4)C3)C2)CC1
C1CCC(CC2CCC(C3CCC4CCCCC43)CC2)CC1
C1CCC(CC2CCCC(CC3CCCCC3C3CCCCC3)C2)CC1
C1CCC(CCCC2CCCCC2C2CCCCC2)CC1
C1CCC(CCCC2CCC(CC3CCC(CCC4CCCCC4)CC3)CC2)CC1
C1CC2CCC(C3CCCCC3C3CCCCC3C3CCCC4CCCCC43)CC2C1
C1CCC(C2CCCC(CCC3CCCC(C4CCC(C5CCCC(C6CCCCC6)C5)CC4)C3)C2)CC1
C1CCC(CC2CCCC(CC3CCCCC3)C2)CC1
C1CCC(C2CCCCC2C2CCCCC2)CC1
C1CCC(CC2CCC(C3CCCCC3)C(C3CCCC3)C2)CC1
C1CCC(C2CCC(CCC3CCCC(C4CCCCC4)C3)CC2)CC1
C1CCC(CCC2CC(CC3CC3)CC(C3CCCC(C4CCCCC4)C3)C2)CC1
C1CCC(C2CCC(C3CC(CCC4CCC(C5CCC(C6CC6)CC5)CC4)C4CCCCC43)CC2)CC1
C1CCC(CC2CCCCC2C2CCCCC2)CC1
C1CCC(CC2CCC(CC3CCCCC3)C(C3CCCCC3)C2)CC1
C1CCC(C2CCC(CCC(CC3CCC(CC4CCCC4)CC3)C3CCCC3)C2)CC1
C1CCC(CC2CCCCC2CC2CCC3C(CCCC3C3CCCC3)C2)CC1
C1CC2CCC(CCC3CC(C4CCC5CCCCC54)CC4CCCCC43)CC2C1
C1CCC(C2CCC(CC3CCCC(C4CCCC(C5CCCC5)C4)C3)CC2)C1
C1CCC(C2CCCC(CCC3CC3)C2)CC1
C1CCC(CC2CCC(C3CCCCC3)CC2)CC1
C1CCC(CC2CCCC(CC3CCCC(CC4CCCCC4)C3)C2)CC1
C1CCC(C2CCC(C3CCCCC3C3CCCCC3)CC2)CC1
C1CCC(C2CCCC(C3CCCC(C4CCC5CCCCC54)C3)C2)CC1
C1CCC(C2CCCCC2)CC1
C1CCC(CCCC2CCCC(C3CCC(C4CCCCC4)CC3)C2)CC1
C1CCC(CCC2CCCC(CC3CCCCC3)C2)CC1
C1CCC(CCC2CCCCC2CC2CCCCC2)CC1
C1CCC(CCC2CCCC(C3CCC4CCCC4C3)C2)CC1
C1CCC(C2CCC(C3CCC(C4CCCCC4)C3)CC2)CC1
C1CCC(CCC2CC(CC3CCCCC3)CCC2C2CCCCC2)CC1
C1CCC(CC2CC(CC3CCC(C4CCCCC4)CC3)C3CCCCC23)CC1
C1CCC(CC2CC(CCC3CCCC(C4CCCCC4)C3)C3CCCCC23)CC1
C1CCC(CCCC2CCC(CCC3CCCC(C4CC4)C3)CC2)CC1
C1CCC(CCCCC2CCCC(C3CCC4C(CCCC4C4CCCCC4)C3)C2)CC1
C1CCC(C2CCCC(C3CCC(CC4CC4)CC3)C2)CC1
C1CCC(CCC2CCC(CC3CCCCC3)CC2)CC1
C1CCC(CCC2CC3CCCC3C(C3CCCC(CC4CCCCC4)C3)C2)CC1
C1CCC(CC2CC(CC3CCCC(CC4CC5CCCCC5C4)C3)C3CCCCC23)CC1
C1CCC(C2CCC(CCC3CCC4C(CCCC4C4CCCCC4)C3)CC2)CC1
C1CCC(CCC2CCCCC2CCC2CCCCC2)CC1
C1CCC(CCCC2CCCC(C3CCC4CCCCC4C3)C2)CC1
C1CCC(C2CCC(C3CCCC(C4CC4)C3)C(C3CCC4CCCC4C3)C2)CC1
C1CCC(CCCC2CCC(C3CCCC3)CC2)CC1
C1CCC(C2CCCCC2CC2CCC(C3CCCCC3)C(C3CCCC3)C2)CC1
C1CCC(CC2CCC(CC3CCC(C4CCCC(CC5CCCCC5)C4)CC3)CC2)CC1
C1CCC(CCC2CCC3CC(C4CCCCC4)CCC3C2)CC1
C1CCC(C2CCCCC2C2CCC3C(CCCC3C3CCCCC3)C2)CC1
C1CCC(C2CCC(CCCC3CCC(C4CCCCC4)CC3)CC2)CC1
C(CC1CC1)CC1CCC(C2CCCC(CC3CCCC3)C2)CC1
C1CCC(CCCC2CCCC(C3CCCCC3)C2)CC1
C1CCC(C2CCCC(C3CCCCC3)C2)CC1
C1CCC(CCCCC2CCC3C(C2)C(CCC2CCCCC2)CC3C2CCCCC2)CC1
C1CCC(CCCCC2CCC(C3CCCC(C4CCC4)C3)CC2)CC1
C1CCC(CC2CCC(CC3CCCC(C4CCCC(C5CCCCC5C5CCCCC5)C4)C3)CC2)CC1
C1CCC(C2CCCC(C3CCCC3)C2)CC1
C1CCC(CCCCC2CCC(C3CCCCC3)CC2)CC1
C1CCC(CC2CCCCC2)CC1
C1CCC(CC2CCC(CC3CCC(CCC4CC4)CC3)CC2)CC1
C1CCC(CC2CCCCC2C2CCCCC2)CC1
C1CCC(C2CCCCC2C2CCC(C3CC4CCCCC4C3)CC2)CC1
C1CCC(CC2CCC(C3CCCCC3)CC2C2CCCCC2)CC1
C1CCC(C2CCCC(C3CCCCC3C3CCCCC3)C2)CC1
C1CCC(C2CCCCC2)CC1
C1CCC(CC2CCCC(C3CCCC(C4CCCCC4)C3)C2)CC1
C1CCC(C2CCC(CCC3CCCCC3C3CCCCC3C3CCCCC3)CC2)CC1
C1CCC(C2CCC(CC3CC4CCCCC4C3)CC2)CC1
C1CCC(CCC2CCC(CC3CCCCC3)C(CC3CC3)C2)CC1
C1CCC(C2CCCCC2C2CCC3C(CC4CCCC(CC5CCCC(C6CC6)C5)C4)CCC3C2)CC1
C1CCC(C2CCC(CCCC3CC(C4CCCCC4)CC(C4CCCC4)C3)CC2)CC1
C1CCC(CC2CCCCC2C2CCCCC2)CC1
C1CCC(CC2CCC(C3CCCCC3C3CCCCC3)CC2)CC1
C1CCC(C2CCCC(C3CCCCC3)C2)CC1
C1CCC(CCCC2CCC3C(CC4CCCC(CCC5CCCCC5)C4)CC(CC4CCCC4)C3C2)CC1
C1CCC(CCCC2CCC3C(CCC3C3CCCCC3)C2)CC1
C1CCC(CC2CCC(CC3CCC(CC4CCCCC4)CC3C3CCCCC3)CC2)CC1
C1CCC(CC2CCC(CC3CCCC(CC4CCCCC4)C3)CC2)CC1
C1CCC(C2CCC(CCC3CCC(CC4CCC(CC5CCCC5)CC4)CC3)CC2)CC1
C1CCC(CC2CCCC(C3CCCCC3C3CCCCC3)C2)CC1
C1CCC(CC2CCC(C3CCCCC3)CC2)CC1
C1CCC(CC2CCCCC2CC2CC3CCCCC3C2)CC1
C1CCC(CC2CCC(CC3CCCCC3)CC2)CC1
C1CCC(CC2CC(C3CCCCC3)C3CCCC(CC4CCCCC4)C3C2)CC1
C1CCC(CCCC2CCC(C3CCCC(C4CCCCC4)C3)CC2)CC1
C1CCC(CC2CCC(CC3CC4CCCCC4C3)C(CC3CCCCC3)C2)CC1
C1CCC(C2CCCC(C3CCCCC3C3CCCCC3)C2)CC1
C1CCC(CCC2CCCC(CCCC3CCCC(C4CCCCC4)C3)C2)CC1
C1CCC(C2CCCC(C3CCC(C4CCCC4)CC3C3CCC4CCCC4C3)C2)CC1
C1CCC(C2CCC(CCC3CCCC(C4CCC5CCCCC5C4)C3)CC2CC2CC2)CC1
C1CCC(CC2CCC(C3CCCCC3)CC2)CC1
C1CCC(CCC2CCC(CC3CCCCC3)CC2)CC1
C1CCC(CC2CCCC(CC3CC(CCC4CCC(C5CCCCC5)C4)C4CCCCC34)C2)CC1
C1CCC(CC2CCC(C3CCC(C4CCC5C(CC6CCCCC6)CCCC5C4)CC3)CC2)CC1
C1CCC(CC2CCCC(CC3CCCC(C4CCCCC4)C3)C2)CC1
C1CCC(CC2CCCC(C3CCC(C4CCC4)CC3)C2)CC1
C1CCC(C2CC(CC3CCCC(C4CCC(CCC5CC5)CC4)C3)CC3CCCCC32)CC1
C1CCC(CCC2CCC(C3CCCCC3)CC2)CC1
C1CCC(CC2CCCCC2CC2CCC(CCC3CCC3)CC2)CC1
C1CCC(CCCC2CCCC(C3CCC(C4CCCCC4)CC3)C2)CC1
C1CCC(CC2CCC(CC3CCC(CC4CCCCC4)CC3)CC2)CC1
C1CCC(CCCCCC2CCCCC2C2CCCC(C3CC3)C2)CC1
C1CCC(CC2CCC(C3CCCCC3)CC2)CC1
C1CCC(CC2CCCC(CC3CCCCC3C3CCCCC3)C2)CC1
C1CCC(CCC2CCC(C3CCC4CCCCC43)CC2)CC1
C1CCC(C2CC(C3CCC4CCCCC43)CC3CCCCC32)CC1
C1CCC(CC(C2CCCCC2)C2CCCC(CC3CCC4CCCC4C3)C2)CC1
C1CCC(C2CCC(CC3CCCC(C4CCCC(C5CCCCC5)C4)C3)CC2)CC1
C1CCC(CCC2CCCCC2CCC2CCC(C3CCCCC3)CC2)CC1
C1CCC(C2CCC(C3CCCC3)CC2)CC1
C1CCC(CC2CCC(CCCCC3CCC4CCCC4C3)CC2)CC1
C1CCC(CCCC2CCCC(C3CCC(C4CCC5C(CC6CCCCC6)CCC5C4)CC3)C2)CC1
C1CCC(CC2CCC(CC3CCCC4CC(C5CCCCC5)CCC34)CC2)CC1
C1CCC(C2CCCC(C3CCCC(C4CCCCC4)C3)C2)CC1
C1CCC(CCC2CCCC(C3CC(C4CCC5CCCCC54)CCC3C3CCC3)C2)CC1
C1CCC(CCCC2CCC(CCC3CCCCC3)CC2)CC1
C1CCC(C2CCCC(C3CCCCC3C3CCCCC3)C2)CC1
C1CCC(C2CCC(CC3CCCCC3C3CCC4CCCCC4C3)CC2)CC1
C1CC(CCCC2CC3CCCCC3C2)CC(CC2CCC(C3CCCC3)CC2)C1
C1CCC(CCCCCC2CCC(C3CCCCC3C3CC3)CC2)CC1
C1CCC(C2CCCC(CCCC3CCC4C(CCC4C4CCCCC4)C3)C2)CC1
C1CCC(C2CCCC(C3CCCC(C4CCC5CCCCC5C4)C3)C2)CC1
C1CCC(C2CCCC(CC3CC(C4CCCCC4)C4CCCCC34)C2)CC1
C1CCC(CCCCCC2CCCC(C3CCCCC3)C2)CC1
C1CCC(C2CCCCC2)CC1
C1CCC(CCC2CCC(CCCC3CCC(CC4CCCC(C5CCC5)C4)CC3)CC2)CC1
C1CCC(C2CCC(C3CCCC4CC(C5CCCCC5)CCC43)CC2)CC1
C1CCC(CCC2CCC(C3CCCC(CCC4CC4)C3)CC2)CC1
C1CCC(C2CCCC(C3CCCC(C4CCCCC4C4CCCC4)C3)C2)CC1
C1CCC(C2CC(C3CCC4CCCC4C3)CC(C3CCC3)C2CC2CCCC2)CC1
C1CCC(CC2CC(CC3CCCCC3)C3CC(CC4CCC5CCCCC54)CCC23)CC1
C1CCC(CCC2CCCC(C3CCCC(CC4CCCCC4)C3)C2)CC1
C1CCC(CCCCC2CCC(CC3CCC(CC4CCC(C5CCCCC5)CC4)CC3)CC2)CC1
C1CCC(CC2CCC(CCCC3CCCC3)C(CC(C3CCCCC3)C3CCCCC3)C2)CC1
C1CCC(CCC2CC(C3CCCCC3)CCC2CCC2CC3CCCCC3C2)CC1
C1CCC(CC2CCCC(CCC3CCC(C4CCCCC4)CC3)C2)CC1
C1CCC(CCC2CCC(CC3CCCCC3)CC2)CC1
C1CCC(CCC2CCCCC2C2CCCC(C3CCCC4CC(C5CCCCC5)CCC43)C2)CC1
C1CCC(CC2CCCC(CC3CCCCC3C3CCC4CCCCC4C3)C2)CC1
C1CCC(C2CCCC(C3CCC(C4CCC5CCCC5C4)CC3)C2)CC1
C(CCC1CCC(CC2CCC(CC3CCC4CCCCC43)CC2)CC1)CC1CC1
C1CCC(CC2CCC(C3CCCC(C4CCCC4)C3)CC2)CC1
C1CCC(CC2CCC(CC3CCCCC3)CC2)CC1
C1CCC(C2CCCC(C3CC(C4CCCCC4)CC(C4CCC4)C3)C2)CC1
C1CCC(C2CCCCC2C2CCCCC2)CC1
C1CCC(C2CCC(CCC3CCC(C4CCCC5CCCCC54)CC3)CC2)CC1
C1CCC(C2CCC(CC3CCC(CC4CCC(C5CCC6CCCCC6C5)C4)CC3)CC2)CC1
C1CCC(CCCC2CCCC(C3CCCC3)C2)CC1
C1CCC(CCCC2CCC(C3CCCCC3)CC2)CC1
C1CCC(C2CCCC(C3CCCCC3C3CCCCC3)C2)CC1
C1CCC(CCC2CCCC(CC3CCCC(C4CCC(C5CCCC(C6CC6)C5)CC4)C3)C2)CC1
C1CCC(CCC2C(C3CCCCC3)CCC2C2CCC3CCCC3C2)CC1
C1CCC(CC2CCCC(CC3CCC(C4CCCC4)CC3)C2)CC1
C1CCC(C2CCC(C3CCCC(C4CCCC4)C3)CC2)CC1
C1CCC(CCCCCC2CCCC(C3CCCCC3C3CCC3)C2)CC1
C1CCC(CC2CCC(C3CCC(C4CCCCC4C4CCCC4)CC3)CC2)CC1
C1CCC(CCCCC2CCC(CCCC3CCCCC3)CC2)CC1
C1CCC(CC2CCCC(CC3CCC(C4CCCC(C5CCCCC5)C4)CC3)C2)CC1
C1CCC(C2CCCC(CC3CCC4CCCCC43)C2)CC1
C1CCC(CC2CCCC2CCC2CCC(C3CCCCC3)CC2)CC1
C1CCC(CCC2CCC(CC3CCCCC3)C(C3CCCCC3)C2)CC1
C1CCC(C2CCCCC2CC2CCC(CC3CCCC(C4CCCC4)C3)CC2)CC1
C1CCC(CCC2CC(C3CCC(C4CCCCC4)CC3)C3CCCCC23)CC1
C1CCC(C2CC(CC3CCC(CCC4CCCCC4C4CC4)CC3)C3CCCCC32)CC1
C1CCC(CC2CCCC(CC3CCCCC3)C2)CC1
C(CCCC1CCCC(CCC2CCCCC2)C1)CCCC1CC2CCCCC2C1
C1CCC(CCC2CCCCC2CC2CCCCC2)CC1
C1CCC(CC2CCCC(C3CCCC(CC4CCC4)C3)C2)CC1
C1CCC(CCC2CCCC(C3CCC(C4CCC4)CC3)C2)CC1
C1CCC(C2CCCCC2CC2CCCC(CCCCC3CCC4CCCC4C3)C2)CC1
C1CCC(CCCC2CCC(C3CCCC(C4CCCCC4)C3)CC2)CC1
C1CCC(CC2CCCC(C3CCC(CC4CCCCC4C4CCC5CCCCC54)CC3)C2)CC1
C1CCC(CC2CCC(CCC3CCC(C4CCCCC4)CC3)CC2)CC1
C1CCC(C2CCCC(CC3CCCC(C4CCCC(C5CCCCC5)C4)C3)C2)CC1
C1CCC(C2CCCC(C3CCCCC3)C2)CC1
C1CCC(CC2CC(CC3CCCC(CC4CCCC4)C3)CC(C3CCCCC3)C2)CC1
C1CCC(CCC2CCCC(C3CCC(C4CCC4)CC3)C2)CC1
C1CCC(CC2CCC(CC3CC4CCCCC4C3)C(C3CCCCC3C3CCC4CCCC4C3)C2)CC1
C1CCC(CCCCC2CCC(CC3CCCCC3CCC3CCCCC3)CC2)CC1
C1CCC(CCC2CCCCC2CC2CCCC(C3CCCCC3C3CCCC4CCCCC43)C2)CC1
C1CCC(CC2CCCCC2C2CCCCC2)CC1
C1CCC(CCC2CCCC(CC3CCCCC3)C2)CC1
C1CCC(CCCC2CCC(CC3CCCCC3)CC2CC2CCCCC2)CC1
C1CCC(C2CCC(CCCCC3CCCC(C4CCCCC4)C3)CC2)CC1
C1CCC(C2CCCCC2CC2CCCC2)CC1
C1CCC(C2CCCC(C3CCC(C4CCC(CC5CCCC5)CC4)CC3)C2)CC1
C1CCC(C2CCCC(CC3CC4CCCCC4C3)C2)CC1
C1CCC(C2CCCC(CC3CCC4CC(C5CCCC5)CCC34)C2)CC1
C1CCC(C2CCC(CC(CC3CCCC(C4CCCCC4)C3)C3CCCCC3)CC2)CC1
C1CCC(CCC2CCCCC2C2CCCCC2)CC1
C1CCC(CC2CC(C3CCCCC3)C3CCCCC23)CC1
C1CCC(CCCCC2CCC(C3CCCCC3CC3CCCC3)CC2)CC1
C1CCC(C2CCC(C3CCCCC3CC3CCC3)CC2)CC1
C1CCC(CC2CCC(CC3CCCC(C4CCCCC4)C3)CC2)CC1
C1CCC(C2CCCC(C3CCC(C4CCC(C5CCCC(CC6CC6)C5)CC4)CC3)C2)C1
C1CCC(CCCCC2CCC(C3CCCCC3C3CCC4CCCCC4C3)C2)CC1
C1CCC(C2CCCC(C3CCCC(CCCC4CCCC5CCCCC54)C3)C2)CC1
C1CCC(CC2CCCCC2C2CCCC(C3CCCCC3)C2)CC1
C1CCC(C2CCC(CC3CC(C4CCCCC4)C4CCCCC34)CC2)CC1
C1CCC(CCC2CCC(CC3CCCCC3)CC2)CC1
C1CCC(C2CCCC(C3CCCC(C4CCCC(C5CCCCC5C5CCCC5)C4)C3)C2)CC1
C(CCC1CCCC(CC2CC2)C1)CCC1CCC2CCCCC2C1
C1CCC(CCCC2CCC(C3CCCCC3C3CCCCC3CC3CCCCC3)C2)CC1
C1CCC(C2CCCCC2C2CCCC(C3CCCCC3C3CCC4CCCCC4C3)C2)CC1
C1CCC(CCC2CCCC(C3CCCCC3)C2)CC1
C1CCC(CCC2CC(CC3CCC(CC4CC4)CC3)CCC2C2CCCCC2)CC1
C1CCC(CC2CCCCC2CCC2CCC(C3CC4CCCCC4C3)CC2)CC1
C1CCC(CC2CCC(CCC3CC(CC4CCCCC4)CCC3C3CCC3)CC2)CC1
C1CCC(C2C(CC3CCC(CCC4CCCC4)CC3)CCC2C2CCC3CCCCC3C2)CC1
C1CCC(CC2CCCCC2)CC1
C1CCC(CC2CCC(C(C3CCCCC3)C3CCCCC3)CC2)CC1
C1CCC(CC2CCCCC2C2CC3CCCCC3C2)CC1
C1CCC(CC2CC(C3CCCCC3)CCC2CC2CCC(C3CCCC(C4CCC4)C3)CC2)CC1
C1CCC(CC2CCC(CC3CC4CCC(C5CCCCC5)CC4C(C4CCCCC4)C3)CC2)CC1
C1CCC(CCC2CCCC(CCC3CCCCC3)C2)CC1
C1CCC(CC2CCC(C3CCCC(C4CCCCC4)C3)CC2)CC1
C1CCC(CCC2CCC(CC3CCC(C4CCCCC4C4CCCCC4)CC3)CC2)CC1
C1CCC(C2CCCC(C3CCC(CCC4CCC5CCCC5C4)CC3)C2)CC1
C1CCC(CCC2CCC(CCC3CCCC(C4CCCCC4)C3)CC2)CC1
C1CCC(CC2CCC(CC3CCCCC3)C(C3CCCCC3)C2)CC1
C1CCC(C2CCC(CC3CCCCC3C3CCCCC3)C(C3CCCC3)C2)CC1
C1CCC(CC2CC(C3CCC(C4CCCCC4)CC3C3CCCC3)C3CCCCC23)CC1
C1CCC(CC2CCC(CC3CCCCC3)CC2)CC1
C1CCC(C2CCCC2C2CC(C3CCC4CCCCC43)CC3CCCCC32)CC1
C1CCC(CC2CC(CCC3CC3)CC(C3CCC(C4CCCCC4)CC3)C2)CC1
C1CCC(C2CCCCC2)CC1
C1CCC(CC2CCC(CCC3CCC4CCCCC43)CC2C2CCCCC2)CC1
C1CCC(C2CCCC(CCC3CCC(C4CC(C5CCCCC5)C4)CC3)C2)CC1
C(CCC1CCC1)CCC1CCC(CC2CCC(C3CCCCC3)CC2)CC1
C1CCC(CC2CCCCC2)CC1
C1CCC(CC2CCCC(C3CCC(C4CCCCC4)CC3)C2)CC1
C1CCC(CCCCC2CCCCC2C2CCCC2)CC1
C1CCC(CC2CCC(CC3CCCC(CC4CCCCC4)C3)CC2)CC1
C1CCC(C2CCCC(C3CCCCC3)C2)CC1
C1CCC(CC2CCCCC2CC2CCCCC2C2CCCCC2)CC1
C1CCC(C2CCCC(C(C3CCCCC3)C3CCCC3)C2)CC1
C1CCC(C2CCC(CC3CC(C4CCCCC4)CCC3C3CCCC3)CC2)CC1
C1CCC(CCCC2CCCC(C3CCCCC3C3CCCCC3)C2)CC1
C1CCC(C2CCC(C3CCCCC3C3CCCCC3)C3CCCC23)CC1
C1CCC(CC2CCCCC2)CC1
C1CCC(CC2CCC(CC3CCCCC3C3CCCCC3)CC2)CC1
C1CCC(CC2CCC(C3CCCCC3CC3CCCCC3)CC2)CC1
C1CCC(CCC2CCCC(CC3CCCCC3C3CCCCC3)C2)CC1
C1CCC(CC2CCCCC2C2CCC3CCCCC3C2)CC1
C1CC(CC2CC3CCCCC3C2)CC(C2CCC(CC3CCC(CC4CC5CCCCC5C4)CC3)C2)C1
C1CCC(CCC2CCCC(C3CCCCC3)C2)CC1
C1CCC(CC2CCC(CCCC3CCCCC3C3CCC(C4CCCC4)CC3)CC2)CC1
C1CCC(CCC2CCCC(C3CCC(CC4CCCCC4)CC3)C2)CC1
C1CCC(CC2CCCC(CC3CCCCC3)C2)CC1
C1CCC(CCCC2CCC(C3CC(CC4CCCCC4)C4CCCCC43)CC2)CC1
C1CCC(CCC2CCCC(C3CCCC(C4CCCCC4)C3)C2)CC1
C1CCC(CCC2CCC3CC(CC4CCCCC4)CC(C4CCCCC4)C3C2)CC1
C1CCC(CCCC2CCC(C3CCCC(C4CCCC(C5CCCCC5)C4)C3)CC2)CC1
C1CCC(C2CCCCC2)CC1
C1CCC(CC2CCC(CC3CCCCC3)CC2)CC1
C1CCC(C2CCC(CCC3CCCC(CCCC4CCCC4)C3)CC2)CC1
C1CCC(CCC2CCCC(C3CCCCC3)C2)CC1
C1CCC(CCC2CCCC(CC3CCC(C4CCCCC4)CC3)C2)CC1
C1CCC(CCCC2CCCC(CC3CCCC(CC4CCCCC4)C3)C2)CC1
C1CCC(C2CC(C3CCCC3)CC(C3CCCCC3C3CCCCC3)C2)CC1
C1CCC(CC2CCC(C3CCCC(C4CCCC4)C3)CC2)CC1
C1CCC(C2CCC(C3CCCC3)CC2C2CCCCC2)CC1
C1CCC(CC2CC(C3CCCC(C4CCC(C5CCC6CCCC6C5)C4)C3)C3CCCCC23)CC1
C1CCC(CCC2CCCC(CC3CCCC(C4CCCCC4C4CCC5CCCC5C4)C3)C2)CC1
C1CCC(CCCCC2CCC(CC3CCC(C4CCCCC4)CC3)CC2)CC1
C1CCC(CC2CCCC(C3CCC(C4CCCC4)CC3)C2)CC1
C1CCC(CCCC2CCCCC2)CC1
C1CCC(C2CCC3C(CC4CCCC4)CC(C4CCC5CCCCC54)C3C2)CC1
C1CCC(CCC2CC3CCC(C4CCC(C5CCCCC5)CC4)CC3C2)CC1
C1CCC(C2CCCC(C3CCCC(C4CCCCC4)C3)C2)CC1
C1CCC(CCCCC2CCC(CC3CCCCC3)CC2)CC1
C1CCC(CC2CC(CC3CCCC(C4CCCCC4)C3)C3CCCCC23)CC1
C1CCC(CCC2CCC(C3CCCCC3)CC2)CC1
C1CCC(CC2CCC(CC3CCCCC3)CC2)CC1
C1CCC(CC2CCC(C3CC(C4CCC5CCCCC54)CC4CCCCC43)CC2)CC1
C1CCC(C2CCCC(C3CCCC(C4CCCCC4)C3)C2)CC1
C1CCC(CCCCC2CCCC(C3CCCCC3)C2)CC1
C1CCC(C2CCCC(C3CCC(CC4CCCC(C5CCC(C6CCC6)CC5)C4)CC3)C2)CC1
C1CCC(C2CCC(CCC3CC4CCCCC4C3)CC2)CC1
C1CCC(CC2CCC(CC3CCCCC3)C(C3CCCCC3)C2)CC1
C1CCC(CC2CCC(CCC3CCCCC3C3CCCC3)CC2)CC1
C1CCC(CCC2CCCC(CCCCCCC3CCC4CCCC4C3)C2)CC1
C1CCC(C2CCC(CCCC3CCCC(C4CCC5CCCC5C4)C3)CC2)CC1
C1CCC(CC2CCC(C3CCCCC3)CC2C2CCCCC2)CC1
C1CCC(C2CCC(CCCC3CCCC(C4CCCCC4)C3)CC2)CC1
C1CCC(CCC2CCCC(CCC3CCCCC3)C2)CC1
C1CCC(CC2CCCCC2C2CCCCC2)CC1
C1CCC(CC2CCC3CC(C4CCCCC4C4CCC5CCCCC5C4)CCC23)CC1
C1CCC(C2CCCC(C3CCCCC3)C2)CC1
C1CCC(CC2CC(C3CCCCC3)CC(C3CCCC3)C2)CC1
C1CCC(C2CCC(CC3CCCC(CC4CCCC4)C3)CC2)CC1
C1CCC(CCCC2CCC(C3CC(C4CCCCC4)CC(C4CCCCC4)C3)CC2)CC1
C1CCC(CCCC2CC(C3CCC(C4CCCCC4)CC3)C3CCCCC23)CC1
C1CCC(CCCC2CCC(C3CCCC3)CC2)CC1
C1CCC(CCC2CCCCC2C2CCCC(C3CCCCC3C3CCCCC3)C2)CC1
C1CCC(CCCCC2CCC(CC3CCC(C4CCCCC4)CC3)CC2)CC1
C1CCC(CCC2CCCC(CCC3CC3)C2)CC1
C1CCC(C2CCCC(CC3CCCC(C4CCC5CCCC5C4)C3)C2)CC1
C1CCC(CC2CCC(CCCC3CCCC(C4CCCCC4)C3)CC2)CC1
C1CCC(C2CCC(C3CCCCC3)C(C3CCCC3)C2)CC1
C1CCC(CCC2CC(C3CCCCC3)CC(C3CCCCC3)C2)CC1
C1CCC(CC2CCCC(C3CC(C4CCCCC4)CC(C4CCCC4)C3C3CCCCC3)C2)CC1
C1CCC(CC2CC(CC3CCC(CCC4CC5CCCCC5C4)CC3)C3CCCCC23)CC1
C1CCC(CC2CCCC(C3CCCCC3CC3CCC4CCCC4C3)C2)CC1
C1CCC(CCCC2CCCC(CC3CCCC3)C2)CC1
C1CCC(CC2CCCC(C3CCCC(CC4CCCC4)C3)C2)CC1
C1CCC(CCC2CCCC3CCCC(C4CCC5CCCCC54)C32)CC1
C1CCC(CC2CCC(CC3CCC(C4CCCCC4)CC3)CC2)CC1
C1CCC(CC2CCC3CCCC(C4CCCCC4)C3C2)CC1
C1CCC(CCC2CCC(CCCC3CC(C4CCCCC4)C4CCCCC34)CC2)CC1
C1CCC(CC2CCCCC2C2CCCCC2)CC1
C1CCC(C2CCCC(CCCC3CC(C4CCC5CCCC5C4)C4CCCCC34)C2)CC1
C1CCC(CC2CCC(CC3CCCCC3)CC2)CC1
C1CCC(C2CCCC(C3CCC4CC(C5CCCCC5C5CCCC5)CCC43)C2)CC1
C1CCC(CC2CC(C3CCCCC3)C3CCCCC23)CC1
C1CCC(CCC2CCCC(C3CCCCC3)C2)CC1
C1CCC(CCCC2CCC(CC3CCCC(C4CCCC4)C3)CC2)CC1
C1CCC(CCCC2CCCC(C3CCCC(CC4CCC(CC5CCCCC5)CC4)C3)C2)CC1
C1CCC(CC2CCCCC2C2CCC(C3CCCCC3)CC2C2CCCCC2)CC1
C1CCC(C2CC(C3CCCCC3)C(C3CCCCC3C3CCCCC3)C(C3CCC3)C2)CC1
C1CCC(CCC2CCCC(C3CCCC(CC4CCCCC4)C3)C2)CC1
C1CCC(CC2CCCC(C3CCCC(C(C4CCCCC4)C4CCCC4)C3)C2)CC1
C1CC(CC2CC3CCCCC3C2)CC(C2CCC(C3CCC(C4CC5CCCCC5C4)CC3)CC2)C1
C1CCC(C2CCC3C(CCCC3C3CCCC(CCC4CCC5CCCCC5C4)C3)C2)CC1
C(CCC1CCCC(C2CCCC2)C1)CC1CCC(CC2CCCC2)CC1
C1CCC(CC2CCC(C3CCCCC3CC3CCCC3)CC2)CC1
C1CCC(C2CCCC(C3CCCC(C4CCCC4)C3)C2)CC1
C1CCC(CC2CCC(CCC3CCC(C4CCCCC4)CC3)CC2)CC1
C1CCC(CCCCCC2CCC(CC3CCC(C4CCCCC4)CC3)CC2)CC1
C1CCC(C2CCC(CC3CCC(C4CCCC4)CC3)CC2)CC1
C1CCC(C2CCC(CC3CCCC(C4CCCCC4)C3)CC2)CC1
C1CCC(C2CCCCC2C2CCC(CC3CCC(C4CC5CCCCC5C4)CC3)CC2)CC1
C1CCC(C2CCCC(CC3CCCC(C4CCCC4)C3)C2)CC1
C1CCC(CCC2CC(CC3CCC(C4CCCC4)CC3)CC(C3CCCC(C4CC4)C3)C2)CC1
C1CCC(CC2CCC(CC3CCCC3)CC2)CC1
C1CCC(CCCCC2CCC(CC3CCCCC3)CC2)CC1
C1CCC(C2CCC(CC3CCC(C4CCCCC4)CC3)CC2)CC1
C1CCC(C2CCCC(CCC3CCCCC3CCCCC3CC3)C2)CC1
C1CCC(CC2CCC(C3CC(CC4CCCCC4)CC(C4CCCCC4)C3)CC2)CC1
C1CCC(CC2CCC(CC3CCC(C4CCC5C(CCC5C5CCCCC5)C4)CC3)CC2)CC1
C1CCC(CC2CCC(CC3CCCCC3C3CCCCC3)CC2)CC1
C1CCC(CCCC2CCC(C3CCCCC3)CC2)CC1
C1CCC(CC2CCC(CC3CCCC(C4CCCC4)C3)CC2)CC1
C1CCC(CCCC2CCCC(C3CCC(CCCC4CCCC4)CC3)C2)CC1
C1CCC(CC(CC2CC(C3CCCC3)C3CCC(C4CCC4)CC23)C2CCC(C3CCC4CCCC4C3)CC2)CC1
C1CCC(CC2CCC(C3CCCCC3CC3CCCCC3)C(CC3CCCCC3)C2)CC1
C1CCC(CC2CCC(C3CCCCC3C3CCC4CCCC4C3)CC2)C1
C1CCC(CC2CCC(CC3CCCCC3)CC2)CC1
C1CCC(CC2CCCC(CC3CC(C4CCCCC4)C4CCCCC34)C2)CC1
C1CCC(CC2CCCC(C3CCCCC3)C2)CC1
C1CCC(CCC2CCC(C3CCCCC3)CC2)CC1
C1CCC(CC2CCC(C3CCCC(CC4CCCCC4)C3)CC2)CC1
C1CCC(CCCCC2CCCCC2C2CCCC(CCC3CCCC3)C2)CC1
C1CCC(C2CCCC(C3CCCC(CC4CC(C5CCCCC5)C5CCCCC45)C3)C2)CC1
C1CCC(C2CCCCC2C2CCC(CC3CC4CCCCC4C3)CC2)CC1
C1CCC(CCC2CC3CCCCC3C2)CC1
C1CCC(C2CC(C3CCCCC3C3CCCCC3CC3CC3)C3CCCCC23)CC1
C1CCC(CC2CCCCC2C2CCC3CCCCC32)CC1
C1CCC(C2CCCCC2)CC1
C1CCC(CCCC2CCC(C3CCCCC3)CC2C2CCCCC2)CC1
C1CCC(C2CCCC(CC3CCC(CC4CCC(CCC5CC6CCCCC6C5)CC4)CC3)C2)CC1
C1CCC(CCCCCC2CCCC(CC3CCCCC3)C2)CC1
C1CCC(CCC2CCCCC2CC2CCC(C3CCC(C4CCC(C5CC5)CC4)CC3)CC2)CC1
C1CCC(C2CCCC(CC3CCCCC3C3CCCCC3)C2)CC1
C1CCC(CCC2CC(C3CCCCC3)CCC2C2CCCCC2)CC1
C1CCC(CC2CCC(CCC3CCCC(CC4CCCCC4)C3)CC2)CC1
C1CCC(CCCC2CCC(C3CCCC3)CC2)CC1
C1CC(CC2CCCC(C3CC3)C2)CC(C2CCC(CC3CC4CCCCC4C3)CC2)C1
C1CCC(CCC2CCC(CCC3CCCC4CC(C5CC5)CCC34)CC2)CC1
C1CCC(CCC2CCCCC2C2CCCCC2C2CCCCC2)CC1
C1CCC(CCC2CC(CC3CCCCC3)C3CCCCC23)CC1
C1CCC(CC2CCC(CC3CCCCC3C3CCC4CCCCC43)CC2)CC1
C1CCC(CC(CC2CCC(C3CCCCC3)CC2)C2CCCCC2)CC1
C1CCC(CCC2CCCC(C3CCCCC3)C2)CC1
C1CCC(CCCCCC2CCCC(CC3CCCCC3)C2)CC1
C1CCC(C2CCC(C3CCCCC3)CC2)CC1
C(CCCC1CCCC(CC2CC2)C1)CCC1CCCCC1
C1CCC(C2CCC3CC(CCC4CCCCC4C4CCCCC4)CC3C2)CC1
C1CCC(CCC2CC(C3CCC4CCCCC43)CC3CCC(CC4CCCCC4)CC23)CC1
C1CCC(C2C(C3CCC3)CCCC2C2CCCC(CC3CC4CCCCC4C3)C2)CC1
C1CCC(CC2CCC(C3CCCC(C(C4CCCCC4)C4CCC4)C3)CC2)CC1
C1CCC(CC2CCC(C3CCCC(CCC4CC5CCCCC5C4)C3)CC2)CC1
C1CCC(CC2CCC(C3CCC(C4CCCCC4)C3CC3CCCCC3)CC2)CC1
C1CCC(C2CCC(C3CCCCC3C3CCCCC3)C(C3CCCCC3)C2)CC1
C1CCC(CC2CCC(C3CCC3)CC2CC2CCCCC2)CC1
C1CCC(CCCCC2CCCCC2CCC2CCCC(C3CCC4CCCCC4C3)C2)CC1
C1CCC(CC2CCC3CC(CC4CCC(C5CCC6CCCC6C5)CC4)CCC23)CC1
C1CCC(CC2CCC(CCCC3CCCC(CC4CCCCC4)C3)CC2)CC1
C1CCC(CC2CCCC(C3CCCC(CC4CCCC(C5CCC6CCCC6C5)C4)C3)C2)CC1
C1CCC(CC2CCC(C3CCCC(CC4CCCCC4)C3)CC2)CC1
C1CCC(CCCCC2CC(C3CCCCC3C3CCCCC3)C3CCCCC23)CC1
C1CCC(CC2CCC(CCCC3CC(CC4CCCCC4)C4CCCCC34)CC2)CC1
C1CCC(CCC2CCC(CC3CCCCC3)CC2)CC1
C1CCC(C2CCCCC2C2CCCC(CC3CCC(C4CCC4)CC3)C2)CC1
C1CCC(CC2CCCCC2C2CCCCC2)CC1
C1CCC(C2CC(C3CCCC(CC4CC5CCCCC5C4)C3)CC3CCCCC32)CC1
C1CCC(CCC2CCCCC2C2CCC3CCCCC3C2)CC1
C1CCC(C2CCCC(C3CCCC4CC(C5CCCCC5)CCC43)C2)CC1
C1CCC(CC2CC(CC3CCCC(C4CCCCC4)C3)C3CCC(CC4CCCC4)CC23)CC1
C1CCC(CC2CC(C(CC3CCC(C4CCCCC4)CC3)C3CCCCC3)C3CCCCC23)CC1
C1CCC(C2CCCC(CCC3CCCCC3C3CCCC(C4CCCCC4)C3)C2)CC1
C1CCC(CCCC2CCCC(CC3CCCCC3)C2)CC1
C1CCC(CCC2CC(CCC3CCC4CCCC4C3)CC(C3CCCCC3)C2)CC1
C1CCC(C2CCC3CC(C4CCC5CCCCC54)CC(C4CC5CCCCC5C4)C3C2)C1
C1CCC(CC2CCC(CCC3CC(CC4CCCCC4)C4CCCCC34)CC2)CC1
C1CCC(CC2C(C3CCCCC3)CCCC2C2CCCC2)CC1
C1CCC(CC2CCC(CC3CCCC(C4CCCCC4)C3)CC2)CC1
C1CCC(CC2CCCCC2C2CCCC(CC3CCC4CCCCC4C3)C2)CC1
C1CCC(CCCC2CCCC(C3CCCCC3)C2)CC1
C1CCC(C2CCCC(CC3CC4CCCCC4C3)C2)CC1
C1CCC(C2CCCC(CC3CCCC(C4CCCC(C5CCCCC5)C4)C3)C2)CC1
C1CCC(CC2CCCC(C3CCCCC3)C2)CC1
C1CCC(C2CCC(CC3CCCCC3CCC3CCCC(CC4CCC4)C3)CC2)CC1
C1CC2CCC(CC3CCCC(C4CCCCC4C4CCCC4)C3)CC2C1
C1CCC(C2CCCCC2C2CCCCC2)CC1
C1CCC(CC2CCC(CC3CCC(CCCCCC4CCCC(CC5CCC5)C4)CC3)CC2)CC1
C1CCC(CCC2CCC(CCC3CCC4CCCCC4C3)CC2)CC1
C1CCC(CC2CCC(CC3CCCCC3CC3CCC4CCCCC4C3)CC2)CC1
C1CCC(CCCCC2CCCC(CCC3CC4CCCCC4C3)C2)CC1
C1CCC(CCC2CCCCC2CC2CCC(CC3CCC(C4CCCCC4)CC3)CC2)CC1
C1CCC(CCC2CCC(C3CCCC(CC4CCCCC4)C3)CC2)CC1
C1CCC(CCCC2CCC(C3CCCC(C4CCCCC4)C3)CC2)CC1
C1CCC(CCC2CCCC(CC3CCCCC3C3CCCC(C4CCCCC4)C3)C2)CC1
C1CCC(C2CCCC(C3CC(C4CCCCC4)CC(C4CCCCC4)C3)C2)CC1
C1CCC(CC2CCC(CCC3CC4CCCCC4C3)CC2)CC1
C1CCC(CCC2CCCCC2C2CCCC2)CC1
C1CCC(CCC2CCC3CCC(C4CCCCC4)C3C2)CC1
C1CC(CCCC2CCC(C3CCC(CC4CCC5CCCCC5C4)CC3)CC2)C1
C1CCC(CCCC2C(CCC3CCCCC3)CCC2C2CCCCC2)CC1
C1CCC(CCCCC2CC(C3CCC4CCCCC43)CC3CCCCC23)CC1
C1CCC(CC2CCC(CC3CC4CCCCC4C3)CC2C2CCCCC2)CC1
C1CCC(CC2CCC(CCCCCC3CCCCC3C3CCCC3)CC2)CC1
C1CCC(C2CCC3CC(C4CCC(CC5CCC(CC6CCCC6)CC5)CC4)CCC3C2)CC1
C1CCC(CCCCC2CCC(C3CCCCC3)CC2)CC1
C1CCC(CCCCCC2CCCC(CC3CCCCC3)C2)CC1
C1CCC(CC2CCC(CC3CCCC(C4CCC4)C3)CC2)CC1
C1CCC(C2CCC(C3CCCCC3)CC2)CC1
C1CCC(CCCC2CCC(C3CCC(CCC4CCCCC4)CC3)CC2)CC1
C1CCC(CC2CC(C3CC3)CCC2CCC2CCCC(C3CCCCC3)C2)CC1
C1CCC(C2CCC(C3CCCC3)CC2C2CCC(C3CC4CCCCC4C3)C2)CC1
C1CCC(C2CCCCC2C2CCCCC2)CC1
C1CCC(C2CCC3C(CCCC3C3CCC(C4CCCC5CCCCC54)CC3)C2)CC1
C1CCC(CC2CCC(CC3CCCCC3)CC2)CC1
C1CCC(C2CC(C3CCCCC3C3CCC4CCCCC43)C3CCCCC23)CC1
C1CCC(CC2CCC(C3CCCCC3)CC2)CC1
C1CCC(CCC2CCC(CC3CCCCC3)C(CCC3CCCCC3)C2)CC1
C1CCC(CC2CCCC(CCCCC3CCC(C4CCCC4)CC3)C2)CC1
C1CCC(CC2CCCCC2C2CCCCC2)CC1
C1CCC(CCC2CCCCC2CC2CCC(C3CCC(C4CCCCC4)CC3)CC2)CC1
C1CCC(CC2CCCC(CC3CCCCC3CC3CCCCC3)C2)CC1
C1CCC(CC2CCCC(CCC3CC(CC4CCCCC4)C4CCCCC34)C2)CC1
C1CCC(CC2CCCCC2C2CCCCC2)CC1
C1CCC(CC2CCC(CC3CCC(CC4CCC(C5CCCCC5)CC4)CC3)CC2)CC1
C1CCC(CC2CCC(C3CCCC(C4CCCCC4)C3)CC2)CC1
C1CCC(CCCCCC2CCC(C3CCC(C4CC4)CC3)CC2)CC1
C1CCC(CCCC2CCC(CC3CCC(C4CCCCC4)CC3)CC2)CC1
C1CCC(CC2CC(C3CCCCC3)CC(C3CCCC(C4CCCCC4)C3)C2)CC1
C1CCC(CC2CCC(CC3CCC(C4CCC(C5CCCCC5)CC4)CC3)CC2)CC1
C1CCC(CCC2CCC(C3CCCC(CC4CCCC4)C3)CC2)CC1
C1CC2CCC(C3CCCCC3C3CCC4CCCC4C3)CC2C1
C1CCC(CCCC2CCC(C3CCC(C4CCCCC4)CC3)CC2)CC1
C1CCC(CC2CCCC(CCC3CCC(C4CCCCC4)CC3)C2)CC1
C1CCC(CC2CCC(CC3CCCCC3C3CCCCC3)CC2)CC1
C1CCC(C2CCC(C3CCC4CCCCC4C3)C(C3CCCCC3)C2)CC1
C1CCC(C2CCCCC2C2CCCC(CC3CCCC3)C2)CC1
C1CCC(CC2CCC(C3CCC(C(C4CCCCC4)C4CCCCC4C4CCCCC4)CC3)CC2)CC1
C1CCC(CCC2CCC(CC3CCCCC3)C(C3CCCCC3)C2)CC1
C1CCC(CC2CCC(CC3CC(CC4CCC(C5CCCCC5)CC4)C4CCCCC34)CC2)CC1
C1CCC(CC2CCC(CCCC3CCCC(C4CCCCC4)C3)CC2)CC1
C(CCCC1CCCC(C2CCCCC2)C1)CCC1CCCCC1
C1CCC(C2CCC(C3CCC(CC4CCCCC4C4CCCC4)C(C4CCCCC4)C3)CC2)CC1
C1CCC(C2CCC(C3CCCCC3C3CCCC3)CC2)CC1
C1CCC(CCC2CCCC(CCC3CCC(CC4CCCCC4)CC3)C2)CC1
C1CCC(CC2CCCC(C3CCCC(C4CCCCC4)C3)C2)CC1
C1CCC(CC2CCC(C3CCCC(C4CCCCC4C4CCCCC4)C3)CC2)CC1
C1CCC(CC2CCC(CC3CCC(CC4CCCCC4)CC3)CC2)CC1
C1CCC(CCCCC2CCC(C3CCC4CCCCC43)CC2)CC1
C1CCC(CC2CCC(CC3CCCC(C4CCCC(C5CCCCC5CC5CC5)C4)C3)CC2)CC1
C1CCC(C2CCC(C3CCCCC3C3CCCCC3)CC2)CC1
C1CCC(C2CCCC(C3CCCC(C4CCCC(C5CCCC5)C4)C3)C2)CC1
C1CCC(CC2CCCC(C3CCC(C4CCCC(C5CC5)C4)CC3)C2)C1
C1CCC(CCC2CC(C3CCCC(CC4CCCCC4)C3)C3CCCCC23)CC1
C1CCC(CC2CCC(C3CCCCC3)CC2)CC1
C1CCC(CCCC2CC(C3CCCC(CC4CCCCC4)C3)C3CCCCC23)CC1
C1CCC(CC2CCC3C(C4CCCCC4)CC(C4CCCC4)C3C2)CC1
C1CCC(C2CC(C3CCCC3)CC(C3CCCCC3C3CCCCC3)C2)CC1
C1CCC(CC2CC(C3CCCCC3)CC(C3CCCCC3)C2)CC1
C1CCC(CC2CCCCC2C2CCC(C3CCCCC3)CC2)CC1
C1CCC(CCC2CCCC(CCCCC3CC4CCCCC4C3)C2)CC1
C1CCC(CCC2CCCCC2C2CCC(C3CCCCC3)CC2)CC1
C1CCC(CCC2CCC(C3CCCCC3C3CCCCC3)CC2)CC1
C1CCC(CC2CCC(CCC3CCCC(C4CCCC4)C3)CC2)CC1
C1CCC(C2CCCC(C3CCCCC3)C2)CC1
C1CCC(CCCCC2CCC(CC3CCCCC3)CC2C2CCCC2)CC1
C1CC2CCC(C3CCC(C4CCCC(C5CCC6CCCC6C5)C4)CC3)CC2C1
C1CCC(CCCCC2CCC(CC3CCCCC3)CC2)CC1
C1CCC(CCC(CC2CCC(CC3CCCCC3)CC2)C2CCC(C3CCCC3)CC2)CC1
C1CCC(CCC2CCC(CC3CCC(C4CCCCC4)C(C4CCCC4)C3)CC2)CC1
C1CCC(CCC2CCCCC2C2CCCCC2)CC1
C1CCC(CC2CCCCC2C2CCCC2C2CCC3C(CC4CCCC4)CCC3C2)CC1
C1CCC(C2CCC(C3CCCC(CC4CC5CCCCC5C4)C3)CC2)CC1
C1CCC(CCC(CCCC2CCC3CCCCC3C2)CCC2CCC3CCCC3C2)CC1
C1CCC(C2CCCCC2C2CCC3C(CCCC3C3CCCCC3)C2)CC1
C1CCC(CC2CCCC(CC3CCC(CCC4CC5CCCCC5C4)CC3)C2)CC1
C1CCC(C2CCCC(C3CCC(C4CCCCC4C4CCCCC4)CC3)C2)CC1
C1CCC(CCCC2CCCC(C3CCCCC3)C2)CC1
C1CCC(C2CCCC(C3CCCC(CCC4CCC5CCCCC5C4)C3)C2)CC1
C1CCC(CC2CCCC(C3CCCCC3C3CCCCC3)C2)CC1
C1CCC(C2CC(C3CCCC3)CC(C3CCCC(CCC4CC4)C3)C2)CC1
C1CCC(CCCCC2CCCC(CC3CCCCC3C3CCCCC3)C2)CC1
C1CCC2CC(CCC3CCCCC3C3CCCC3)CC2C1
C1CCC(C2CCCC(C3CCCCC3)C2)CC1
C1CCC(CC2CCC(C3CC(C4CCCCC4)CCC3C3CCCCC3)CC2)CC1
C1CCC(CCC2CCC(CC3CCC(CC4CCCCC4)CC3)CC2)CC1
C1CCC(C2CCC(C3CCCCC3)C(C3CCCCC3)C2)CC1
C1CCC(CC2CCCC(CC3CCCCC3)C2)CC1
C1CC(CC2CC3CCCCC3C2)CC(CC2CC3CCCCC3C2)C1
C1CCC(CC2CCCC(C3CCCC4CC(C5CCCCC5)CCC43)C2)CC1
C1CCC(C2CCCC(C3CCC(C4CCCC(C5CCCCC5)C4)CC3)C2)CC1
C1CCC(CC2CCC(C3CCC(C4CCCC4)CC3)CC2)CC1
C1CCC(CC2CCC(CC3CCC(CCCC4CC4)CC3)CC2)CC1
C1CCC(C2CC3CCCCC3C(C3CCCCC3)C2)CC1
C1CCC(C2CCC(CC3CCCC(C4CC5CCCCC5C4)C3)CC2)CC1
C1CCC(CCCCC2CCCC(C3CCCC(CC4CCCC4)C3)C2)CC1
C1CCC(CCC2CCC(CC3CCCCC3)CC2)CC1
C1CCC(C2CCC(C3CCC(C4CCCCC4C4CCC5CCCC5C4)CC3)CC2)CC1
C1CCC(CC(CCC2CCC3C(CCC3C3CCCC3)C2)C2CCCCC2)CC1
C1CCC(CC2CCCC(C3CC(CC4CCCC(C5CCC5)C4)C4CCCCC43)C2)CC1
C1CCC(CCC2CCC(CC3CCCCC3)CC2)CC1
C1CCC(C2CCCC(CC3CCC(C4CCCCC4C4CCCCC4)CC3)C2)CC1
C1CCC(C2CCCCC2CC2CCC3CCCCC32)CC1
C1CCC(CC2CCC(CC3CCCCC3)CC2)CC1
C1CCC(CC2CCCC(C3CC(C4CC(C5CCCCC5)C5CCCCC54)C4CCCCC34)C2)CC1
C1CCC(CC2CCC(CCC3CCCC(C4CCC(CC5CCCCC5)CC4)C3)CC2)CC1
C1CCC(C2CC(C3CCCCC3)C3CCCCC23)CC1
C1CCC(CC2CCC(CC3CCC(C4CCC(CCC5CC5)CC4)CC3)CC2)CC1
C1CCC(C2CCC(CCC3CCCCC3C3CC3)CC2)CC1
C1CCC(C2CCC(C3CCC4CCCCC43)CC2C2CCCC2)CC1
C(CCC1CCC(C2CCC(C3CCC4CCCC4C3)CC2)CC1)CCC1CCC2CCCCC12
C1CCC(CC2CCCC(C3CCC4CCCC4C3)C2)CC1
C1CCC(CC2CCC(CCCC3CCCCC3CC3CCCC3)CC2)CC1
C1CCC(CCC2CCC(CC3CCCCC3C3CCCCC3)CC2)CC1
C1CCC(C2CCCCC2)CC1
C1CCC(CC2CCCC(C3CCCC(C4CCCCC4)C3)C2)CC1
C1CCC(CCC2CCC(C3CCC(C4CCCC(CC5CC6CCCCC6C5)C4)CC3)CC2)CC1
C1CCC(C2CCCCC2C2CCC3CCCC3C2)CC1
C1CCC(C2CCCC(CCC3CCCC3)C2)CC1
C1CCCCC1
C1CCC(CCCC2CC(C3CCCC(C4CCC4)C3)CCC2CCC2CCCCC2)CC1
C1CCC(CCC2CCC(C3CCCCC3C3CCCC3)CC2)CC1
C1CCC(C(CCC2CC3CCCCC3C2)C2CCCCC2)CC1
C1CCC(CC2CCCC(CC3CCC(C4CCCCC4)CC3)C2)CC1
C1CCC(C2CCCC(C3CCCC(C4CCCCC4)C3)C2)CC1
C1CCC(CC2CCCCC2C2CCCC(CCCC3CCCC3)C2)CC1
C1CCC(C2CCC(C3CCCC3)CC2)CC1
C1CCC(CC2CCCCC2)CC1
C1CCC(CCC2CCCC(CC3CCCCC3)C2)CC1
C1CCC(CCCC2CCC(C3CCCCC3)CC2)CC1
C1CCC(CC2CCC(C3CCCC(C4CCCCC4)C3)CC2)CC1
C1CCC(CCC2CCCC(C3CCCCC3)C2)CC1
C1CCC(C2CCC(CC3CCC(C4CCCC(C5CCCC5)C4)CC3)CC2)C1
C1CCC(CCC2CCCC(CC3CCC4CCCC4C3)C2)C1
C1CCC(CC2CCCC(C3CCC4CC(CCC5CCCC(C6CCCCC6)C5)CCC4C3)C2)CC1
C1CCC(CCC2CCC(CC3CCCCC3)CC2)CC1
C1CCC(C2CCCC(C3CCCC(C4CCCC(CC5CC5)C4)C3)C2)CC1
C1CCC(CC2CCCC(C3CCCC(C4CCCCC4)C3)C2)CC1
C1CCC(C2CC(C3CCC4CCCCC43)CC3CCCCC32)CC1
C1CCC(CC2CCC(C3CC(CC4CCCC4)C4CCCCC43)CC2)CC1
C1CCC(CC2CCC(CCCC3CCCC(C4CCCC(CC5CCC5)C4)C3)CC2)CC1
C1CCC(CC2CCCCC2)CC1
C1CCC(CCC2CCC(C3CCCCC3CC3CCCCC3)CC2)CC1
C1CCC(CC2CCC(CC3CCC(C4CCCC(C5CCCC5)C4)CC3)CC2)CC1
C1CCC(CC2CCCCC2C2CCC3CCCC3C2)CC1
C1CCC(CCC2CCC(CC3CCCCC3)CC2)CC1
C1CCC(C2CCC(C3CCC(C4CCC5CCCCC5C4)CC3)CC2)CC1
C1CCC(CCCC2CCC(CC3CCCC(CC4CCCCC4)C3)CC2)CC1
C1CCC(C(C2CCCC2)C2CCCCC2C2CCC3C(CCCC3C3CCCC4CCCCC43)C2)CC1
C1CCC(CC2CCCCC2C2CCC3CCCCC32)CC1
C1CCC(CC2CC(C3CCC(C4CCCCC4)CC3)C3CCCCC23)CC1
C1CCC(CC2CCC(CC3CCCCC3)CC2)CC1
C1CCC(CCCC2CCCC(CC3CCCCC3)C2)CC1
C1CCC(C2CCC(C3CCCC(C4CCC(CC5CC5)CC4)C3)CC2)CC1
C1CCC(C2CCCC(C3CCCC(C4CCCCC4)C3)C2)CC1
C1CCC(CCC2CCC(C3CCC(C4CCC5CCCCC5C4)CC3)CC2)CC1
C1CCC(CCC2CCC(CCCC3CCCCC3C3CCC4CCCC4C3)CC2)C1
C1CCC(CC2CCC(CC3CCC(C4CCCC(C5CCCCC5)C4)C3)CC2)CC1
C1CCC(C2CCCC(C3CCC4C(CCC4C4CCCC4)C3)C2)C1
C1CCC(CC2CC(CC3CC4CCCCC4C(C4CCCCC4)C3)C3CCCCC23)CC1
C1CCC(C2CCCC(C3CCCCC3C3CCC4CCCCC4C3)C2)CC1
C1CCC(CC2CC3CCCCC3C(C3CCCCC3C3CCCCC3)C2)CC1
C1CCC(C2CCC(CC3CCC(CC4CC5CCCCC5C4)CC3)C2)CC1
C1CCC(C2CC(CC3CCC4CC(C5CCC6CCCCC65)CC(C5CCCCC5)C4C3)C2)CC1
C1CCC(C2CCCC(C3CCCC(C4CCCCC4)C3)C2)CC1
C1CCC(C2CCC(C3CCC4CCCCC43)CC2C2CCCCC2)CC1
C1CCC(CCCC2CCC(CCC3CCCCC3)CC2)CC1
C1CCC(C2CCCC(C3CCCCC3)C2)CC1
C1CCC(CC2CC3CCC(C4CCCCC4)CC3C(C3CCCC3)C2)CC1
C1CCC(CC2CCC(C3CCCC(C4CCCCC4)C3)CC2)CC1
C1CCC(CC2CCC(C3CCCCC3)CC2)CC1
C1CCC(CCC2CCC3CC(C4CCCCC4)CCC3C2)CC1
C1CCC(C2CCCC(CC3CCC(CC4CC(C5CCCCC5)C4)CC3)C2)CC1
C1CCC(CCCC2CC(CC3CCCC(C4CCCC4)C3)C3CCCCC23)CC1
C1CCC(CC2CCC(CCC3CCCC4CCCCC43)C(C3CC4CCCCC4C3)C2)CC1
C1CCC(CC2CCC(C3CC4CCCCC4C3)CC2)CC1
C1CCC(C2CCCC(CC3CC(C4CCCCC4)CCC3C3CCCC4CC(C5CCCCC5)CCC43)C2)CC1
C1CCC(C2CCCC(C3CCCCC3C3CCC(C4CC4)CC3)C2)CC1
C1CCC(C2CCC(CCCC3CCCC(C4CCCCC4)C3)CC2)CC1
C1CCC(C2CCCC(CC3CC4CCCCC4C3)C2)CC1
C1CCC(CC2CCC(C3CCCC(C4CCCCC4)C3)CC2)CC1
C1CCC(CCCC2CCCC(C3CCC(C4CCCCC4)CC3)C2)CC1
C1CCC(CCCCC2CCCC(CC3CCC(C4CCC5CCCCC5C4)CC3)C2)C1
C(CCCCC1CCC(C2CCC(C3CCCCC3)CC2)CC1)CCCC1CCCC1
C1CCC(C2CCCC(C3CCCC(C4CCC5CCCCC5C4)C3)C2)CC1
C1CCC(CC2CCC(CC3CCCC3C3CCCC(CC4CCCCC4)C3)CC2)CC1
C1CCC(C2CCCC(C3CCC(CC4CCC5CCCC5C4)CC3)C2)CC1
C1CCC(CCCC2CCC(C3CCCC(CCCC4CCCCC4)C3)CC2)CC1
C1CCC(CC2CCC(C3CC4CCCCC4C3)CC2)CC1
C1CCC(C2CCCC(CCC3CCCC(C4CCCC4C4CCCC4)C3)C2)CC1
C1CCC(C2CCC3C(CC4CCCC(C5CCCC5)C4)CC(CC4CCCC4)C3C2)CC1
C1CCC(CC2CCCC(C3CCCCC3CC3CCCCC3)C2)CC1
C1CCC(C2CCC(CCC3CCCCC3C3CCCC3)C(C3CCCCC3)C2)CC1
C1CCC(CCCCC2CCCCC2C2CCCCC2)CC1
C1CCC(C2CCC(C3CCC(CC4CCC(C5CCCC(C6CCCC6)C5)CC4)CC3)CC2)CC1
C1CCC(CC2CCCC(C3CCC(C4CCCCC4)C3CC3CC4CCCCC4C3)C2)CC1
C1CCC(CC2CCC(CC3CCC(CCCC4CCC4)CC3)CC2)CC1
C1CCC(CC2CC(C3CCC(C4CCC5CCCCC54)CC3)C3CCCCC23)CC1
C1CCC(C2CCC(CCC3CC4CCCCC4C3)CC2)CC1
C1CCC2CC(C3CCC(CC4CCC5CCCCC54)CC3)CCC2C1
C1CCC(C2CCCC(C3CCC(C4CCCC4)CC3)C2)CC1
C1CCC(C2CCCC(C3CCCC(C4CCC(C5CCC6CCCCC6C5)CC4)C3)C2)CC1
C1CCC(CC2CCC3CC(C4CCCCC4)CC(C4CCCCC4)C3C2)CC1
C1CCC(CC2CCC(C3CCC(CCC4CCC4)CC3)CC2)CC1
C1CCC(CC2CCC(CCC3CCC(C4CCCCC4)CC3)CC2)CC1
C1CCC(C2CCCC(CCC3CCCC4CCCCC43)C2)CC1
C1CCC(CC2CCC(C3CCCCC3CC3CCCCC3)CC2)CC1
C1CCC(CCC2CCCC(C3CC(CCC4CC5CCCCC5C4)CC(CC4CC4)C3)C2)CC1
C1CCC(CC2CCCCC2C2CCC3C(CCC4CCCC(C5CC6CCCCC6C5)C4)CCC3C2)CC1
C1CCC(CCC2CCCCC2C2CCCC(CC3CCCCC3)C2)CC1
C1CCC(CC2CCC(CC3CCC(C4CC4)CC3)CC2)CC1
C(CC1CCC(C2CCCC2)CC1)CC1CCCC(C2CCC(C3CCC3)CC2)C1
C1CCC(CCCC2CCC(C3CCCCC3)CC2)CC1
C1CCC(CC2CCCC(C3CCCC(CC4CCC5CCCC5C4)C3)C2)CC1
C1CCC(C2CCCC(C3CCCCC3)C2)CC1
C1CCC(CCCCC2CCC(CC3CCC(CC4CCC(C5CCCCC5)CC4)CC3)CC2)CC1
C1CC2CCC(C3CCCCC3CC3CC3)CC2C1
C1CCC(CC2CCC(CC3CCCCC3C3CCCCC3)CC2)CC1
C1CCC(C2CCCC(CC3CC(C4CCC5CCCCC54)CC4CCC(C5CCCCC5)CC43)C2)CC1
C1CCC(C2CCC(C3CCC(C4CCCC(C5CC5)C4)CC3C3CCCCC3)CC2)CC1
C1CCC(CC2CCCC(C3CCCCC3)C2)CC1
C1CCC(CC2CCCC(C3CCCC(C4CCCCC4)C3)C2)CC1
C1CCC(CC2CCC(C3CCCCC3)CC2)CC1
C1CCC(CC2CCCC(CCC3CCC(C4CC5CCCCC5C4)C3)C2)CC1
C1CCC(CCCCC2CCC(C3CCCCC3)CC2)CC1
C1CCC(CCCC2CCC(CC3CCCC(CC4CCCCC4)C3)CC2)CC1
C1CCC(CC2CCCC(CCCCC3CCC(C4CCCC4)CC3)C2)CC1
C1CCC(C2CCC3C(CCCC3C3CCCC(C4CC5CCCCC5C4)C3)C2)CC1
C1CCC(C2CCCC(CCC3CCCCC3C3CCCCC3)C2)CC1
C1CCC(C2CCC(CCC3CCC(C4CCCC4)CC3)CC2)CC1
C1CCC(C2CCCCC2C2CCC3C(CCCC3C3CCC4CCCCC43)C2)CC1
C1CCC(C2CCCC3CCCCC32)CC1
C1CCC(CC2CCC3CCC(C4CCCCC4C4CCC5CCCCC5C4)CC3C2)CC1
C1CCC(CCC2CCC(C3CCC(CC4CCCCC4)CC3)CC2)CC1
C1CCC(CCCC2CCCC(CCCC3CC4CCCCC4C3)C2)CC1
C1CCC(C2CCC(C3CCC4C(CCCC4C4CCCCC4)C3)CC2)CC1
C1CCC(C2CCC(C3CCCCC3C3CCC4CCCCC4C3)CC2)C1
C1CCC2C(C1)CCC2CC1CCCC(C2CCCCC2C2CCCC2)C1
C1CCC(CC2CCCC(C3CCCCC3C3CCCCC3)C2)CC1
C1CCC(CCC2CCC(CC3CCCCC3CC3CCCCC3)CC2)CC1
C1CCC(C2CCC(CCC3CCC(C4CCCCC4)CC3)CC2)CC1
C1CCC(CCCCC2CCCC(CC3CCCCC3)C2)CC1
C1CCC(CC2CCC(CC3CC3)C(CC3CCCCC3)C2)CC1
C1CCC(C2CCCC(C3CCC(C4CCC5CCCCC54)CC3)C2)CC1
C1CCC(CCC2CC(CC3CCCCC3)CC(C3CCCCC3)C2)CC1
C1CCC(C2CCCC(C3CCCC(C4CCCCC4)C3)C2)CC1
C1CCC(CCCCCC2CCC3CCCC(C4CCCCC4)C3C2)CC1
C1CCC(CCC2CCCC(C3CC4CCCCC4C3)C2)CC1
C1CCC(C2CCCC(C3CCCC(C4CCC5CCCCC5C4)C3)C2)CC1
C1CCC(CCCC(C2CCCCC2)C2CCCC(CC3CCC4CCCC4C3)C2)CC1
C1CCC(CCC2CCC(CC3CCCCC3)CC2)CC1
C1CCC(C2CCCCC2C2CCCC(CC3CC4CCCCC4C3)C2)CC1
C1CCC(CC2CCC(CC3CCCC(C4CCCCC4)C3)CC2)CC1
C1CCC(C2CCC(C3CCCCC3)C(C3CCCC3)C2)CC1
C1CCC(CC2CCC(CC3CCCC(CCCC4CCC(C5CCCCC5)CC4)C3)CC2)CC1
C1CCC(CC2CC(C3CC(C4CCC4)CC(C4CCCC(C5CCCCC5)C4)C3)C3CCCCC23)CC1
C1CCC(CCC2CCCC(CC3CCCCC3CC3CCCCC3)C2)CC1
C1CCC(CCC2CCCC(CC3CCCCC3)C2)CC1
C1CCC(CC2CCCCC2CCCCC2CCCC(C3CCCCC3)C2)CC1
C1CCC(CCC2CCC(CC3CCCCC3)C(C3CCCCC3)C2)CC1
C1CCC(CCC2CC(CCC3CCCCC3)CC(C3CCCCC3)C2)CC1
C1CCC(CC(CCC2CCC(C3CCCCC3)C2)CC2CCCCC2)CC1
C1CCC(CC2CCC(C3CCCCC3)CC2)CC1
C1CCC(CC2CCC(C3CCCCC3)CC2C2CCC3CCCC3C2)CC1
C1CCC(CCCCC2CCC(CC3CCC(CCC4CCCC4)CC3)CC2)CC1
C1CCC(C2CCCC(CCC3CCC(C4CCCCC4C4CCCCC4)CC3)C2)CC1
C1CCC(CCC2CCCC(C3CCCC(C4CCCC4)C3CC3CCCCC3)C2)CC1
C1CCC(CC2CCC(C3CCC(C4CCCCC4)CC3)CC2)CC1
C1CCC(C2CCCC(C3CCCC(C4CCCCC4)C3)C2)CC1
C1CCC(CC2CCC3CC(C4CCCC(C5CCCCC5)C4)CCC3C2)CC1
C1CCC(CC2CC(C3CCCCC3)C3CC(CC4CC5CCCCC5C4)CCC23)CC1
C1CCC(C2CCCCC2CCCCC2CCC(CC3CCCC(CC4CCCC4)C3)CC2)CC1
C1CCC(CCC2CCCC(C3CCCCC3)C2)CC1
C1CCC(CCC2CCCC(C(CC3CCCCC3)C3CCCCC3)C2)CC1
C1CCC(CCC2CCC(CC3CCCCC3)CC2CC2CCCCC2)CC1
C1CCC(C2CCCC(C3CCCCC3)C2)CC1
C1CCC(CCCC2CCCC(CC3CCC(C4CCCCC4)CC3)C2)CC1
C1CCC(CC2CCC3CC(C4CCCCC4)CCC23)CC1
C(CCCC1CCCCC1)CCC1CCCCC1
C1CCC(CC2CCCCC2C2CCCCC2)CC1
C1CCC(C2CCCCC2C2CCCCC2)CC1
C1CC(CCC2CC2)CC(CC2CC(C3CCC4CCCCC4C3)C3CCCCC23)C1
C1CCC(C2CC(C3CCCCC3)C3CCCCC23)CC1
C1CCC(C2CCC(C3CCC4CCCC4C3)CC2)CC1
C1CCC(CC2CCCCC2C2CCCC(C3CCCCC3C3CCCCC3)C2)CC1
C1CCC(CCCCC2CCC(CC3CCCCC3)CC2)CC1
C1CCC(CC2CCC(C3CCCCC3)CC2)CC1
C1CCC(CC2CCC(CC3CCC(C4CCCC4)CC3)CC2)CC1
C1CCC(C2CCC(C3CCCCC3)CC2)CC1
C1CCC(CC2CCCC(C3CC(CC4CCCCC4)CC(C4CC4)C3)C2)CC1
C1CCC(CC2CC(CCC3CCCC3)CC(CC3CCCCC3)C2)CC1
C1CCC(CCC2CCCC(C3CCCCC3)C2)CC1
C1CCC(C2CCC3CCC(C4CCC(CC5CC5)CC4)CC32)CC1
C1CCC(C2CCCCC2C2CCCCC2)CC1
C1CCC(CC(C2CCCCC2)C2CCCCC2)CC1
C1CCC(CCC2CCC3C(CCC4CCCCC43)C2)CC1
C1CCC(CC2CCC(C3CCCCC3)C(C3CCCCC3)C2)CC1
C1CCC(CC2CCCCC2)CC1
C1CCC(CC2CCC(C3CCCCC3)CC2CCC2CCCC(C3CCC4CCCCC43)C2)CC1
C1CCC(CC2CCCC(C3CCCCC3)C2)CC1
C1CCC(CCC2CC(CCC3CCCCC3)CC(C3CCCCC3)C2)CC1
C1CCC(C2CCC(C3CCCC(C4CCC(CCCC5CCC6CCCC6C5)CC4)C3)CC2)CC1
C1CCC(CCCC2CCC(C3CC(C4CCC(C5CCCCC5)CC4)C3)CC2)CC1
C1CCC(CCCC2CCCC(C3CCCCC3)C2)CC1
C1CCC(CCCC2CCCC(C3CCCCC3C3CCC3)C2)CC1
C1CCC(CC2CCCC(C3CCCCC3)C2)CC1
C1CCC2CC(CCC3CCCCC3C3CCC4CCCC4C3)CC2C1
C1CCC(CC2CCC(CCC3CCCC(C4CCCCC4)C3)CC2)CC1
C1CCC(CCC2CCC3C(C4CCCCC4)CC(C4CCCCC4)C3C2)CC1
C1CCC(CC2CCC(C3CCC(C4CCCCC4)CC3)C(C3CCCC(CC4CCCC4)C3)C2)CC1
C1CCC(CC2CCC(CCC3CCC4CCCCC43)C(C3CCCCC3)C2)CC1
C1CCC(CC2CCC(CCC3CCCCC3C3CCCC3)C(C3CCCC3)C2)CC1
C1CCC(CCCCC2CCCCC2CC2CCC(C3CCCCC3)CC2)CC1
C1CCC(CCCC2CCC3CC(C4CCC5CCCCC54)CCC3C2)CC1
C1CCC(CC2CCC(CCCC3CCC(C4CCCCC4)CC3)CC2)CC1
C1CCC(CCC2CCCC(C3CCCCC3)C2)CC1
C1CCC(C2CCC(CC3CC(C4CCCC4)C4CCCCC34)CC2)CC1
C1CCC(C2CCC(CCC3CCCCC3C3CCC3)CC2)CC1
C1CCC(C2CCCC(C3CC(C4CCC5C(CCCC5C5CCCCC5)C4)C4CCCCC34)C2)CC1
C1CCC(C2CCC(C3CCCCC3)CC2)CC1
C1CCC(CCCC2CCC(C3CCC(C4CCCCC4)C(C4CCCC4)C3)CC2)CC1
C1CCC(C2CCCC(C3CCCCC3C3CCCCC3)C2)CC1
C1CCC(CC2CC(CC3CCC(C4CCCC4)CC3)C3CCCCC23)CC1
C1CCC(CC2CCC(C3CCCC(C4CCCC4)C3)CC2)CC1
C1CC(CC2CCC(CCCC3CCCCC3C3CCC3)CC2)CC(C2CC2)C1
C1CCC(C2CCCCC2C2CCC(CC3CCC(C4CCC5CCCC5C4)CC3)CC2)CC1
C1CCC(CCCCC2CCC(CC3CCCCC3)CC2)CC1
C1CCC(CC2CCCC(CCCC3CCCC(C4CCC5CCCC5C4)C3)C2)CC1
C1CCC(CC2CCCC3CC(C4CCCCC4)CCC23)CC1
C1CCC(C2CCCC(C3CCCCC3)C2)CC1
C1CCC(CCCCCC2CC3CCCCC3C(C3CCCCC3)C2)CC1
C1CCC(CCC2CC(C3CCC(C4CCCCC4)CC3)C3CCCCC23)CC1
C1CCC(CC2CCC(C3CCCCC3)CC2)CC1
C1CCC(C2CC(CCCC3CC4CCCCC4C3)CC3CCCCC32)CC1
C1CCC(C2CCC(C3CCCC(CC4CC5CCCCC5C4)C3)CC2)CC1
C1CCC(CC2CCCC(C3CCCC(C4CCC(CC5CC5)CC4)C3)C2)CC1
C1CCC(CCCCC2CCC(C3CCCC(C4CCCCC4)C3)CC2)CC1
C1CCC(CC2CCC(C3CCC(CC4CCC(C5CCCC5)CC4)CC3)CC2)CC1
C1CCC(CC2CCCC(CC3CC4CCCCC4C(CC4CCCCC4)C3)C2)CC1
C1CCC(CCCCC2CCCC(C3CCCC(C4CCCCC4)C3)C2)CC1
C1CCC(C2CCCC(CC3CC4CCCCC4C3)C2)CC1
C1CCC(CCCC2CCC(CC3CCCCC3)CC2C2CCCC(CC3CCCCC3)C2)CC1
C1CCC(CC2CCC(C3CCC(C4CCCCC4)CC3)CC2)CC1
C1CC2CCC(CC3CC(C4CCC(C5CCCCC5C5CCCC5)CC4)C4CCCCC34)CC2C1
C1CCC(C2CCCC(CC3CC(C4CCCC4)C4CCCCC34)C2)CC1
C1CCC(CCC2CCCC(CC3CCCCC3)C2)CC1
C1CCC(C2CCCC(C3CCC(C4CCCCC4)C3)C2)CC1
C1CCC(CCC2CCC(C3CC(C4CCC(CCC5CCC(C6CCCCC6)CC5)CC4)C3)CC2)CC1
C1CCC(C2CCC3C(CCC3C3CCCCC3)C2)CC1
C1CCC(C2CCCC(C3CCCCC3)C2)CC1
C1CCC(CC2CCC(C3CCCC4CC(C5CCCCC5)CCC43)CC2)CC1
C1CCC(CC2CCC(C3CCCCC3C3CCCCC3)CC2)CC1
C1CCC(CC2CCC3CCC(C4CCCCC4)C3C2)CC1
C1CCC(CC2CCC(CCC3CC(CC4CCCCC4)C4CCCCC34)CC2)CC1
C1CCC(CC2CCCC(CCC3CCCC(CC4CCC5CCCC5C4)C3)C2)CC1
C1CCC(CCC2CCCCC2)CC1
C1CCC(CC2CCCC(C3CC(C4CCCCC4)CC4CCCCC43)C2)CC1
C1CCC(CC2CCC(CC3CCCCC3)CC2)CC1
C1CCC(CCC2CCC(C3CCCCC3)CC2)CC1
C1CCC(CC2CCCC(CC3CC(CCC4CCCCC4C4CCCC4)C4CCCCC34)C2)CC1
C1CCC(CCCC2CCC(C3CCC(CC4CCCCC4)CC3)CC2)CC1
C1CCC(CC2CCC(CC3CCCC(CCC4CC4)C3)CC2)CC1
C1CCC(CC2CCC(CC3CCC(C4CCCCC4)C3)CC2C2CCCCC2)CC1
C1CCC(CCC2CCCCC2C2CC3CCC(CC4CCCCC4)CC3C2)CC1
C1CCC(CC2CC(C3CCCCC3)C3CCCCC23)CC1
C1CCC(C2CCC(CCC(C3CCCC3)C3CCC4CCCCC4C3)CC2)CC1
C1CCC(C2CCC(C3CCCCC3C3CCC3)CC2)CC1
C1CCC(C2CCC(C3CCCC(C4CC4)C3)CC2)CC1
C1CCC(CCC2CCCC(C3CCCCC3)C2)CC1
C1CCC(CC2CCCC(C3CCCCC3CC3CC4CCCCC4C3)C2)CC1
C1CCC(CC2CCC(C3CCCCC3CC3CCCCC3)CC2)CC1
C1CCC(CC2CCCC(C3CCC(CC4CCCC(C5CCC6CCCCC65)C4)CC3)C2)CC1
C1CCC(C2CCCC(CCC(CC3CCC(CC4CCCC4)CC3)C3CCCC3)C2)CC1
C1CCC(CC2CCC(C3CCC(C4CCCCC4)CC3)CC2)CC1
C1CCC(C2CCCC(C3CCCC3)C2)CC1
C1CCC(CCCC2CCC(CC3CCC(CC4CC5CCCCC5C4)CC3)CC2)CC1
C1CCC(CCCCC2C(C3CCCCC3)CC(CC3CCCCC3)CC2C2CCCCC2)CC1
C1CCC(C2CCC(C3CCCC(C4CCCCC4)C3)CC2)CC1
C1CCC(CCC2CCC(CCC3CC4CCCCC4C3)CC2C2CCCCC2)CC1
C1CCC(CC2CCC(CC3CCC(C4CCC(C5CCCCC5)CC4)CC3)CC2)CC1
C1CCC(CCCCC(C2CCCCC2)C2CCCC(C3CCCCC3)C2)CC1
C1CCC(CCC2CCC(CCC3CCCCC3C3CCCCC3)CC2)CC1
C1CCC(C2CCCC(CCC3CCC(C4CCCCC4C4CCCC4)CC3)C2)CC1
C1CCC(CC2CCC(C3CCCCC3)CC2)CC1
C1CCC(CC(C2CCCCC2)C2CCCC2)CC1
C1CCC(CCC2CCC(C3CCCCC3)CC2)CC1
C(CCCC1CCCCC1)CCCC1CCCCC1CCCCC1CCCCC1
C1CCC(CCC2CCCC(CC3CCCCC3)C2)CC1
C1CCC(CC2CCCC(CC3CC3)C2)CC1
C1CCC(C2CCC(C3CCCCC3C3CCC4CCCC4C3)CC2)C1
C1CCC(CCC2CCCC(C3CCCCC3)C2C2CCCCC2)CC1
C1CCC(C2CCCCC2CC2CC3CCCCC3C2)CC1
C1CCC(C2CCC(CC3CCC(CC4CCCC(C5CCCCC5)C4)CC3)CC2)CC1
C1CCC(CC2CCC(CC3CCC(C4CCCCC4)CC3)CC2)CC1
C1CCC(CC2CCC(CCC3CC4CCCCC4C3)C(C3CCCCC3)C2)CC1
C1CCC(CCC2CCC(CC3CCCCC3CC3CCCCC3)CC2)CC1
C1CCC(C2CCC(CCCC3CCC(CC4CCC(C5CCCCC5)CC4)CC3)CC2)CC1
C1CCC(CCC2CC(C3CCCC3)C3CCCC(CC4CCCCC4)C3C2)CC1
C1CCC(C2CC(C3CCCCC3)CC(C3CCCCC3)C2)CC1
C1CCC(CC2CCCC(CCCCC3CCC(CC4CCC(C5CCCCC5)CC4)CC3)C2)CC1
C1CCC(C2CCC(C3CCCCC3C3CCCCC3)CC2)CC1
C1CCC(CCC2CCC(CCC3CCC4CCCCC43)CC2)CC1
C1CCC(C2CCC3C(CCC3C3CCCCC3)C2)CC1
C1CCC(C2CCC(C3CCC(CCC4CCCC(C5CCCCC5)C4)CC3)CC2)CC1
C1CCC(CC2CCCC(CC3CCCCC3C3CCCCC3)C2)CC1
C1CCC(C2CCCC(C3CCCC(C4CCCC(CC5CCCC5)C4)C3)C2)CC1
C1CCC(C2CCCCC2C2CCC3CCCC3C2)CC1
C1CCC(CCCC2CCC(C3CCCC(C4CCCC4)C3)CC2)CC1
C1CCC(CC2CCCC2CCC2CCCC(C3CCCC3)C2)CC1
C1CCC(CCC2CCC(C3CCCCC3)CC2)CC1
C1CCC(C2CCCC(C3CCCCC3)C2)CC1
C1CCC(CCCCC2CCCC(CC3CCCCC3)C2)CC1
C1CCC(CCCC2CCC(C3CCCCC3)C2C2CCC(CC3CCCCC3)CC2)CC1
C1CCC(C2CCCC(C3CC(C4CCCCC4)C4CCCCC34)C2)CC1
C1CCC(CC2CC(C3CCCCC3)C3CC(C(CC4CCCC4)C4CCCCC4)CCC23)CC1
C1CCC(C2CCCC(CCC3CC(C4CCCCC4)CC(C4CCC4)C3)C2)CC1
C1CCC(C2CCCCC2)CC1
C1CCC(C2CCC(C3CCCCC3)C(CCCCC3CCC4CCCCC4C3)C2)CC1
C1CCC(CCCCC2CCC3C(C4CCCCC4)CC(C4CCCCC4)C3C2)CC1
C1CCC(C2CCC(CC3CCCC(C4CC5CCCCC5C4)C3)CC2)CC1
C1CCC(CC2CCC3CC(C4CCC5CCCCC54)CCC3C2)CC1
C1CCC(CC2CCC(CCC3CCCCC3CC3CCCCC3)CC2)CC1
C1CCC(CC2CC(C3CCCCC3)CC(C3CCCC(C4CCCCC4)C3)C2)CC1
C1CCC(C2CCCC(CC3CCCC4CC(C5CCCCC5)CCC34)C2)CC1
C1CCC(C2CCCCC2)CC1
C1CCC(CCCC2CCCC(CC3CCCCC3)C2)CC1
C1CCC(C2CCC(C3CCCC(C4CCC4)C3)CC2)CC1
C1CCC(CC2CCCCC2C2CCCCC2C2CCC3CCCC3C2)CC1
C1CCC(CC2CCC(C3CCC(C4CCC4)CC3C3CCCCC3)CC2)CC1
C1CCC(CC2CCCCC2C2CCCC(C3CCC(C4CCCCC4)CC3)C2)CC1
C1CCC(C2CCC3C(CCC3C3CCCCC3)C2)CC1
C1CCC(CCCC2CCCC(CCC3CCCCC3)C2)CC1
C1CCC(C2CCC(C3CCCCC3)CC2)CC1
C1CCC(CC2CCC(CC3CCCCC3C3CC3)CC2C2CCCC2)CC1
C1CCC(CCC2CCC(C3CCCC(C4CCC(CC5CCCC(C6CCCCC6)C5)CC4)C3)CC2)CC1
C1CCC(CC2CCCC(C3CCCCC3)C2)CC1
C1CCC(C2CCC3CCC(C4CCCCC4)C3C2)CC1
C1CCC(C2CCC(C3CCCCC3)CC2)CC1
C1CCC(CCC2CCC(C3CCC(C4CCCC4)CC3)CC2)CC1
C1CCC(CC2CCCC(CC3CCCC(C4CCCC(C5CCCCC5)C4)C3)C2)CC1
C1CCC(CCC2CCCCC2C2CCC(C3CCCCC3)CC2)CC1
C1CCC(CC2CCCCC2C2CCCCC2)CC1
C1CCC(CCC2CCC(CC3CCCCC3)CC2)CC1
C1CCC(CC2CCCC(C3CC(CC4CCCCC4)C4CCC(CC5CCCCC5)CC43)C2)CC1
C1CCC(C2CCC(CC3CCC(C4CCCC(C5CCCC(C6CCC6)C5)C4)CC3)CC2)CC1
C1CCC(CCCC2CCCC(CCC3CCC(CC4CCCCC4)CC3)C2)CC1
C1CC2CCC(C3CC(C4CCC5CCCCC54)CCC3C3CCCC3)CC2C1
C1CCC(CC2CCCC(C3CCCCC3)C2)CC1
C1CCC(CCCCC2CCC(CCC3CCC(C4CCCCC4)CC3)CC2)CC1
C1CCC(CC2CCCC(C3CCCCC3)C2)CC1
C1CCC(C2CCC(C3CCC(C4CCC4)CC3C3CCCC3)CC2)CC1
C1CCC(CCCC2CC(CCC3CCCCC3)CC(CC3CCCC3)C2)CC1
C1CCC(CC2CCCCC2C2CCCC2)CC1
C1CCC(CC2CCCCC2)CC1
C1CCC(CC2CCC(CC3CCC(C4CC(CC5CCCCC5)C5CCCCC54)CC3)CC2)CC1
C1CCC(CC2CCCC(C3CCCCC3C3CCC(CC4CC5CCCCC5C4)CC3)C2)CC1
C1CCC(CC2CCCCC2C2CCCC(C3CCC(CC4CCC5CCCC5C4)CC3)C2)CC1
C1CCC(C2CCC(C3CC4CCCCC4C3)CC2)CC1
C1CCC(CC2CC3CCC(C4CCCCC4)CC3C(C3CCCCC3)C2)CC1
C1CCC(CC2CCCC(CC3CCC(C4CCCCC4)CC3C3CCCCC3)C2)CC1
C1CCC(CC2CCCCC2CCC2CCCCC2C2CCCCC2)CC1
C1CCC(CC2CCCC(C3CCCC(CC4CCC(C5CCCC5)CC4)C3)C2)CC1
C1CCC(CC2CCCC3CCC(C4CCCCC4)CC32)CC1
C1CCC(CC2CCC(C3CCCCC3CC3CCCC(C4CCCCC4)C3)CC2)CC1
C1CCC(CC2CCC(CC3CCC(C4CCC(C5CCCCC5)CC4)C(C4CCCCC4)C3)CC2)CC1
C1CCC(CC2CCC(CCCCC3CCCC4CCCCC34)CC2)CC1
C1CCC(CCC2CCCC(C3CCCCC3)C2)CC1
C1CCC(C2CCCC2CC2CCC(CC3CCCCC3C3CCCC3)CC2)CC1
C1CCC(CCC2CCC(C3CCCCC3)CC2)CC1
C1CCC(C2CCCC(C3CCCCC3)C2)CC1
C1CCC(CC2CCC3C(CC4CCCCC4)CC(C4CCCCC4)CC3C2)CC1
C1CCC(CCCC2CCCC3CC(C4CCCCC4CC4CCCCC4)CCC23)CC1
C1CCC(CC2CCC(C3CCCCC3)CC2)CC1
C1CCC(CCC2CCC(C3CCCCC3)CC2)CC1
C1CCC(CC2CCCCC2C2CCCCC2C2CCCCC2)CC1
C1CCC(C2CC(C3CCC4CCCCC43)C3CCCCC23)CC1
C1CCC(CC2CCCCC2C2CCCCC2C2CCCCC2)CC1
C1CCC(C2CCC3CCC(C4CCCCC4C4CCCCC4)CC3C2)CC1
C1CCC(C2CC(CC3CC4CCCCC4C3)CC(C3CCCCC3)C2)CC1
C1CCC(C2CCC(C3C(CC4CC4)CC(CC4CC4)CC3C3CCCCC3)CC2)CC1
C1CCC(CCCC2CC(C3CCCCC3)CC(C3CCCCC3)C2)CC1
C1CCC(CC2CC(C3CCCC(CC4CCCCC4CCC4CC4)C3)C3CCCCC23)CC1
C1CCC(CCC2CCC(C3CCC4CCCCC43)CC2)CC1
C1CCC(C2CCC(CC3CCC(C4CCCCC4)CC3)CC2)CC1
C1CCC(C2CCCC(C3CC(CC4CCCC4)C4CCCCC43)C2)CC1
C1CCC(CC2CCC(C3CCCC(C4CCC4)C3)CC2)CC1
C1CCC(C2CCC(CC3CC(CC4CC4)C4CCCCC34)C(C3CCC4CCCC4C3)C2)CC1
C1CCC(CC2CCCCC2CC2CCCCC2C2CCCCC2)CC1
C1CCC(CC2CCC(CC3CCC(C4CCCCC4)CC3)CC2)CC1
C1CCC(CCCC2CCC(CC3CC4CCCCC4C3)CC2)CC1
C1CCC(CCCCC2CCC(C3CCC(CC4CCCCC4C4CC4)CC3)CC2)CC1
C1CCC(C2CCC(CCC3CCC(C4CCC(C5CCCC(C6CCCCC6)C5)CC4)CC3)CC2)CC1
C1CCC(C2CCC(C3CCCCC3)C(C3CCCCC3)C2)CC1
C1CCC(C2CCC(C3CCC3)CC2)CC1
C1CC(C2CCC(C3CCCC(C4CCCC(C5CCCC5)C4)C3)CC2)C1
C1CCC(C2CCCCC2CC2CCC(CC3CCC4CCCCC4C3)CC2)CC1
C1CCC(CC2CCC(C3CCCC(C4CCCCC4)C3)CC2)CC1
C1CCC(CC2CC(C3CCCCC3)C3CCCCC23)CC1
C1CCC(C2CCCC(C3CCCC3)C2C2CCCCC2)CC1
C1CCC(CCCC2CCC(CC3CCC(CCC4CCCCC4)CC3)CC2)CC1
C1CCC(CCC2CCCC(CC3CCCC(CC4CCCCC4)C3)C2)CC1
C1CCC2C(C1)CCCC2C1CCC(C2CCCC(C3CCC4CCCCC43)C2)CC1
C1CCC(CCC2CCCC(C3CCC(CC4CCCCC4)CC3)C2)CC1
C1CCC(C2CC3CCC(C4CCCCC4)CC3C(C3CCCCC3)C2)CC1
C1CCC(CCCC2CCCC(C3CC(CC4CCCCC4)C4CCCCC43)C2)CC1
C1CCC(C2CCC(CCCC3CCC(C4CC4C4CCCCC4)CC3)CC2)CC1
C1CCC(CCCC2CCCC(C3CCCCC3)C2)CC1
C1CCC(CC2CC(C3CCCCC3CC3CCC(C4CCCCC4)CC3)C3CCCCC23)CC1
C1CCC(CCC2CCCCC2CCC2CCCCC2)CC1
C1CCC(CC2CC(C3CCCCC3)C3CCCCC23)CC1
C1CCC(CC2CCC(C3CCCCC3)CC2C2CCCCC2)CC1
C1CCC(CC2CCCC(CC3CCC(C4CCCCC4)CC3)C2)CC1
C1CCC(CC2CCCC(C3CCCCC3)C2)CC1
C1CCC(C2CCCC(C3CCC(CCC4CC5CCCCC5C4)CC3)C2)CC1
C1CCC(CCCCCC2CCC(C3CCCCC3)CC2)CC1
C1CCC(CCC2CCCC(CC3CCCC(C4CCC(C5CCCCC5)CC4)C3)C2)CC1
C1CCC(CC2CCC(CC3CCCC(C4CCCCC4)C3)CC2)CC1
C(CCCC1CCC(C2CCCCC2)CC1)CCC1CCCCC1
C1CCC(C2CCC(CC3CCCC(C4CCC(C5CC6CCCCC6C5)CC4)C3)CC2)CC1
C1CCC(C2CCC(CCC3CCC4C(CCCC4C4CCCCC4)C3)CC2)CC1
C1CCC(C2CCCCC2C2CCC(C3CCCC3)CC2)CC1
C1CCC(C2CCCC(C3CCC4CCCCC43)C2)CC1
C1CCC(CCCCC2CCCC(CC3CCCCC3)C2)CC1
C1CCC(C2CCC(CCC3CCCC(C4CCCC(C5CC6CCCCC6C5)C4)C3)CC2)CC1
C1CCC(C2CCCC(C3CCCC(C4CCCC4)C3)C2)CC1
C1CCC(C2CCCC(CC3CCC(C4CCCC(C5CC6CCCCC6C5)C4)CC3)C2)CC1
C1CCC(CC(C2CCCCC2)C2CCCCC2CC2CCCC2)CC1
C1CCC(CCCCC2CCCC(C3CCCC(C4CCCCC4)C3)C2)CC1
C1CCC(CCC2CCCCC2C2CCCC(C3CC3)C2)C1
C1CCC(C2CCCCC2CC2CCC3CCCC3C2)CC1
C1CCC(CCCCCC2CCC(C3CCCC(C4CCCCC4)C3)CC2)CC1
C1CCC(CC2CCC(CC3CCCCC3C3CCCCC3)CC2)CC1
C1CCC(CC2CCCC(CC3CCC(C4CCC(CCCC5CCCC(C6CCC6)C5)CC4)CC3)C2)CC1
C1CCC(CC2CCCCC2C2CCCCC2C2CCC3CCCC3C2)CC1
C1CCC(C2CCCCC2)CC1
C1CCC(CC2CCC(CC3CCCC(CC4CCC5CCCCC54)C3)CC2)C1
C1CCC(CCCC2CCC(C3CCCCC3)CC2)CC1
C1CCC(CCCC2CCC(CCCCC3CCC(C4CCCCC4)CC3)CC2)CC1
C1CCC(CCCC2CC(C3CCC(C4CCCCC4)CC3)C3CCCCC23)CC1
C1CCC(C2CCCC(C3CCCCC3C3CCCC(CCC4CC4)C3)C2)CC1
C1CCC(CC2CCC(C3CC(C4CCC5CCCCC54)C4CCCCC34)CC2)CC1
C1CCC(CCC2CCC(CC3CCCC(C4CCCCC4)C3)CC2)CC1
C1CCC(CC(CC2CCC(C3CCC3)CC2)C2CCCCC2)CC1
C1CCC(CC2CCC(CCCCC3CCC(C4CCCCC4)CC3)CC2)CC1
C1CCC(CC2CC(C3CCCCC3)CCC2C2CCCCC2C2CCCCC2)CC1
C1CCC(CC2CCC(C3CCCC3)C(C3CCCCC3)C2)CC1
C1CCC(CC2CCC(C3CCC(CC4CCCCC4)CC3)CC2)CC1
C1CCC(C2CCC(C3CCCCC3)C(C3CCCC3)C2)CC1
C1CCC(CC(C2CCCCC2)C2CCCCC2C2CCC3CCCC3C2)CC1
C1CCC(CCC2CCCCC2C2CCC3C(CC(C4CCCCC4)CC3C3CC3)C2)CC1
C1CCC(CCC2C(C3CCC3)CCCC2C(CC2CCCCC2)C2CCCCC2)CC1
C1CCC(C2CC(C3CCC4CCCCC43)CC3CCCCC32)CC1
C1CCC(C2CCC(CC3CCCCC3C3CCCCC3)CC2)CC1
C1CCC(CCC2CCC3C(CC4CCC(C5CCCC5)CC4)CC(CC4CCCCC4)C3C2)CC1
C1CCC(CC2CCC(C3CCC(CC4CCCC4)CC3)CC2)CC1
C1CCC(CC2CCCC(CCCC3CCCC(C4CCC4)C3)C2)CC1
C1CCC(CCCC2CCC(C3CCCCC3)CC2)CC1
C1CCC(CC2CCCC(C3CCCC(C4CCCC4)C3)C2)CC1
C1CCC(CCC2CCCCC2CC2CCC(CC3CCCC3)CC2)CC1
C1CCC2CC(CC3CCC(C4CCCCC4CC4CC4)CC3)CC2C1
C1CCC(CC2CCC(C3CCCCC3)CC2)CC1
C1CCC(CC2CCCCC2C2CCCCC2C2CCCCC2)CC1
C1CCC(CC2CCC(C3CCCCC3C3CCC(CC4CCCC4)CC3)CC2)CC1
C1CCC(C2CCCC2C2CCC3C(CCCC3C3CCCCC3C3CCCCC3)C2)CC1
C1CCC(C2CCCC(C3CCCC(C4CCCCC4)C3)C2)CC1
C1CCC(C2CCCC2C2CCC(C3CCC(C4CCCC(C5CC5)C4)C(C4CCCCC4)C3)CC2)CC1
C1CCC(CCC2CCC(CC3CCC(CC4CCCCC4)CC3)CC2)CC1
C1CCC(CC2CCC(C3CC4CCCCC4C3)CC2)CC1
C1CCC(CCC2CCC(C3CCCCC3C3CCCCC3)CC2)CC1
C1CCC(CC2CCC(C3CCCCC3)CC2)CC1
C1CCC(CC2CCC(C3CCCC3)C(C3CCCC3C3CCCCC3)C2)CC1
C1CCC2CC(C3CCCCC3C3CCCCC3C3CCC3)CCC2C1
C1CCC(CC2CCCC(C3CCCCC3)C2)CC1
C1CCC(CC2CCCC(C3CCCCC3)C2)CC1
C1CCC(CCC2CCCCC2C2CCC(CC3CCCCC3)CC2)CC1
C1CCC(CC2CCC(CC3CCCC(CC4CCCCC4)C3)CC2)CC1
C1CCC(CC2CCC(C3CCCCC3CC3CC4CCCCC4C3)CC2)CC1
C1CCC(CC2CC(CC3CCCCC3)C3CC(C4CCCCC4)CCC23)CC1
C1CCC(CC2CCCC(CCCC3CCCC(CC4CCC(C5CCCCC5)C4)C3)C2)CC1
C1CCC(CC2CCC(CC3CCCCC3C3CCCCC3)CC2)CC1
C1CCC(CC2CCCC(C3CCCC(C4CCC(C5CCCCC5)CC4)C3)C2)CC1
C1CCC(CC2CCC(CCC3CC4CCCCC4C3)C(C3CCCC3)C2)CC1
C1CCC(CC2CC3CCC(C4CCCCC4)CC3C(CC3CCCCC3)C2)CC1
C1CCC(C2CCCC(C3CCCCC3)C2)CC1
C1CCC(CCCCC2CCCC(C3CCCCC3)C2)CC1
C1CCC(C2CCCCC2C2CCCCC2)CC1
C1CCC(CC2CCCC(C3CCCCC3)C2)CC1
C1CCC(CC2CCC(C3CCCC3CC3CCCCC3)CC2)CC1
C1CCC2CC(C3CCCCC3C3CCCCC3C3CC4CCCCC4C3)CCC2C1
C1CCC(C2CC(C3CCCCC3)C3CCCCC23)CC1
C1CCC(CC2CCC(C3CC(C4CCCCC4)C4CCCCC34)CC2)CC1
C1CCC(CC2CCC(CC3CCCCC3C3CCC4CCCC4C3)CC2)CC1
C1CCC(CCC2CCCC(C3CCCCC3)C2)CC1
C1CCC(C2CCCC(C3CCCC(C4CCCC4)C3)C2)CC1
C1CCC(CCCC2CCCC(CC3CCCC(C4CCCC4)C3)C2)CC1
C1CCC(C2CCCC(C3CCCCC3C3CCCC3)C2)CC1
C1CCC(C2CCCC(CC3CCC(C4CCC(CC5CCCC5)CC4)CC3)C2)CC1
C1CCC(CC2CCCC2C2CCCC(C(C3CCCCC3)C3CCCCC3)C2)CC1
C1CCC(CC2CC(CC3CCC(C4CCCCC4)CC3)C3CCCCC23)CC1
C1CCC(CC2CC(CC3CCC(C4CCCCC4)CC3)C3CCCCC23)CC1
C1CCC(CC2CCCCC2C2CCCC(C3CCCCC3C3CCCCC3)C2)CC1
C1CCC(CCC2CCC(C3CCC4C(C5CCCC5)CC(C5CCCCC5)C4C3)CC2)CC1
C1CCC(CCCC2CCC(CCC3CCCC(C4CCCCC4)C3)CC2)CC1
C1CCC(CC2CCC(C3CCCC(CC4CCCCC4)C3)CC2)CC1
C1CCC(CCCC2CCCC(C3CCCC(CC4CCCCC4)C3)C2)CC1
C1CCC(CCC2CCC(CC3CCC(CCC4CCCCC4)CC3)CC2)CC1
C1CCC(C2CCCCC2CC2CCC(CCC3CCC4CCCCC4C3)CC2)CC1
C1CCC(CC2CCCC(C(C3CCCCC3)C3CCCCC3)C2)CC1
C1CCC(CCC(C2CCCCC2)C2CCC3CCCCC3C2)CC1
C1CCC(CC2CC(CCC3CCCC3)CC(C3CCCCC3)C2)CC1
C1CCC(CC2CCC(C3CCC(CC4CCC(C5CCCCC5)CC4)CC3)CC2)CC1
C1CCC(CCCC2CC(CC3CCCCC3)CCC2C2CCCCC2)CC1
C1CCC(C2CC(C3CCCCC3)CC(C3CCCC3)C2)CC1
C1CCC(C2CCCC(C3CCCC(C4CCC5CCCC5C4)C3)C2)CC1
C1CCC(CCC2CCCCC2CC2CCCCC2)CC1
C1CCC(CC2CCCC(C3CCC3)C2)CC1
C1CCC(CCC2CCCC(C3CCCC(CC4CCCCC4)C3)C2)CC1
C1CCC(CCC2CCCCC2C2CC(CC3CCC(C4CCCCC4)CC3)C3CCCCC32)CC1
C1CCC(C2CCCC(CCC3CCCC(CC4CC5CCCCC5C4)C3)C2)CC1
C1CCC(CC2CCC(CC3CCC(C4CCC5CCCCC5C4)CC3)CC2)CC1
C1CCC(CCC2CC(CC3CCCCC3)C3CCCCC23)CC1
C1CCC(CCC2CCCC(C3CCCCC3)C2)CC1
C1CCC(CC2CC(CCC3CCCC(CC4CCC5CCCCC5C4)C3)C3CCCCC23)CC1
C1CCC(CC2CCCC(CCC3CCC4CCCC4C3)C2)CC1
C1CCC(C2CCC(C3CCC(CC4CCC(CCC5CC6CCCCC6C5)CC4)CC3)CC2)CC1
C1CCC(CC2CCC(C3CCCCC3)CC2)CC1
C1CCC(C2CCCC(C3CCC4CCCCC43)C2)CC1
C1CCC(CC2CCC(CC3CCCCC3)CC2)CC1
C1CCC(CCCC2CCCC(CC3CCC(C4CCCC4)CC3)C2)CC1
C1CCC(C2CCCCC2)CC1
C1CCC(CCC2CCC(C3CCCCC3)CC2)CC1
C1CCC(CC2CCCC(CCC3CCCC(C4CCCCC4)C3)C2)CC1
C1CCC(C2CCC(CCCC3CCC(C45CC(C4)C5)CC3)CC2)CC1
C1CCC(CC(CC2CCC(C3CCCCC3)CC2C2CCCCC2)C2CCCCC2)CC1
C1CCC(CC2CCCC(CC3CCCCC3)C2)CC1
C1CCC(CCC2CCC(C3CCC(CC4CCCCC4)CC3)CC2)CC1
C1CCC(CCC2CCC(CC3CCCCC3)CC2)CC1
C1CCC(C2CCC(CCC3CCC(CC4CCC(C5CCC(C6CCCC6)CC5)CC4)CC3)CC2)CC1
C1CCC(CCC2CC(CC3CCC(CC4CCC(C5CCCC5)CC4)CC3)C3CCCCC23)CC1
C1CCC(CCCC2CCC(CC3CCC(CCCC4CCCC(CC5CCCCC5)C4)CC3)CC2)CC1
C1CCC(CC2CCCCC2C2CCCC(CCCCC3CCCC3)C2)CC1
C1CCC(C2CCCC(C3CCCCC3)C2)CC1
C1CCC(CCC2CC(C3CCCCC3)CC(C3CCCC(C4CCCCC4)C3)C2)CC1
C1CCC(C2CC(C3CCC4CCCCC43)CC3CCCCC32)CC1
C1CCC(C2CCCC(C3CC3)C2)CC1
C1CCC(CCCC2CCCC(CC3CCCCC3)C2)CC1
C1CCC(CCC2CCC(C3CCCC(C4CCC(C5CCCC5)CC4)C3)CC2)CC1
C1CCC(C2CCC(C3CCCCC3)CC2)CC1
C1CCC(C2CCCC(C3CCCC(CC4CCCC4)C3)C2)CC1
C1CCC(C2CCCCC2C2CCCC3CCCCC32)C1
C1CCC(CC2CCC(C3CCCC4CCCCC43)CC2)CC1
C1CCC(C2CCCC(CC3CC3)C2)CC1
C1CCC(CC2CCC(CCC3CCCC(C4CCCCC4)C3)CC2)CC1
C1CCC(CCCC2CCC3CCC(CC4CCCCC4)C3C2)CC1
C1CCC(CC2CCC(C3CCCCC3CC3CC3)CC2)CC1
C1CCC(CC2CCC(C3CCC(C4CCC(C5CCCC5)CC4)CC3)CC2)C1
C1CCC(CC2CCCCC2C2CCCCC2C2CCCCC2)CC1
C1CCC(C2CCCC(C3CCCCC3)C2)CC1
C1CCC(CCC2CCC(CC3CCCCC3)CC2)CC1
C1CCC(C2CCCC(CCC3CCCC(CC4CC5CCCCC5C4)C3)C2)CC1
C1CCC(CC2CCC(CC3CCC(CC4CCCC4)CC3)CC2)CC1
C1CCC(C2CCC(CC3CCCC4CC(C5CCCCC5)CCC34)CC2)CC1
C1CCC(CC2CCCC(CCC3CCCC(C4CCCCC4)C3)C2)CC1
C1CCC(CC2CCC(CC3CCCCC3C3CCCC3)CC2)CC1
C1CCC(CC2CCCCC2C2CCCCC2)CC1
C1CCC(CCC2CCC(C3CCC4CCCC4C3)CC2)CC1
C1CCC(C2CCCCC2C2CCCC2)CC1
C1CCC(CC2CCC(C3CCCCC3)CC2)CC1
C1CCC(CCC2CCC(C3CCCCC3)CC2)CC1
C1CCC(CCC2CCC(C3CCCCC3)C2)CC1
C1CCC(CC2CCCCC2C2CCCC2C2CCC3C(CC4CCCC4)CCC3C2)CC1
C1CCC(CC2CCCC(CC3CCCCC3)C2)CC1
C1CCC(C2CC(C3CCC(CCC4CCCC4)CC3)CCC2C2CCCC(C3CC3)C2)CC1
C1CCC(CC2CCC(CC3CCC(C4CCCC4)CC3)CC2)CC1
C1CCC2CC(C3CCC4CCCCC43)CCC2C1
C1CCC(C(C2CCCC(C3CCC4CCCC4C3)C2)C2CCC3CCCCC32)CC1
C1CCC(CC2CCCCC2CC2CCC(C3CCCCC3)CC2)CC1
C1CCC(C2CC(C3CCC4CCCCC43)CC3CCCCC32)CC1
C1CCC(C2CC(C3CCCC3)C3CCC(C4CCC4)CC23)CC1
C1CCC(CC2CCCCC2C2CCC3C(CC4CCC5CCCCC54)CCC3C2)CC1
C1CCC(CCC2CCCC3CC(C4CCCC(CC5CC(C6CCCCC6)C6CCCCC56)C4)CCC23)CC1
C1CCC(C2CCCC(C3CCCCC3)C2)CC1
C1CCC(CC2CCCCC2C2CCC(CC3CCC(C4CCCCC4)CC3)CC2)CC1
C1CCC(C2CCC(CC3CCC(CCCC4CCCC4)CC3)CC2)CC1
C1CCC(CC2CCCCC2)CC1
C1CCC(C2CCC(CC3CCC(CCC4CCCC4)CC3)CC2)CC1
C1CCC(CC2CCC(CC3CCC(C4CCCC4)CC3)CC2)CC1
C1CCC(C2CCCC(CCCCC3CC4CCCCC4C3)C2)CC1
C1CCC(CC2CC(C3CCCCC3)C3CCCCC23)CC1
C1CCC(C2CCCC(C(CCC3CCC(C4CCCCC4CC4CC4)CC3)C3CCCCC3)C2)CC1
C1CCC(CC2CCC(C3CCCCC3)CC2)CC1
C1CCC(CC2CCCC3CCCC(C4CCC5CCCCC54)C32)CC1
C1CCC(CCC2CC(CC3CCCCC3)CCC2C2CCC(C3CCC(C4CCCC4)CC3)CC2)CC1
C1CCC(CCCC2CCCC(C3CCCCC3)C2)CC1
C1CCC(CC2CCC3CCC(C4CCCCC4)C3C2)CC1
C1CCC(CCC2CCC(C3CC(CC4CCC(C5CCCCC5)CC4)C3)CC2)CC1
C1CCC(CC2CCCC(C3CCCCC3C3CCCCC3)C2)CC1
C1CCC(C2CCCCC2C2CCCC2)CC1
C1CCC(CC2CCC(C3CCCCC3)CC2)CC1
C1CCC(CC2CCC(C3CCCC(C4CCCCC4)C3)C2)CC1
C1CCC(CCCC2CCCCC2CCC2CCCCC2)CC1
C1CCC(C2CCCCC2)CC1
C1CCC(CCC2CCC(CC3CCC4CCCCC4C3)CC2C2CCCC2)CC1
C1CCC(CC(C2CCCCC2)C2CCCC(C3CCC(C4CCCCC4)CC3)C2)CC1
C1CCC(CC2CCC(C3CCCCC3)CC2)CC1
C1CCC(CCCCC2CCCCC2)CC1
C1CCC(CCCC2CCC(CC3CCCCC3)CC2)CC1
C1CCC(CC2CC(C3CCCCC3)C3CCCCC23)CC1
C1CCC(C2CCC(C3CCC(C4CCC(CC5CC6CCCCC6C5)CC4)CC3)C2)CC1
C1CCC(CCC2CCCC(CC3CCCCC3)C2)CC1
C1CCC(CC2CCC(C3CCCC(CC4CC5CCCCC5C4)C3)CC2)CC1
C1CCC(CCCC2CCC(C3CCCCC3C3CCCCC3)CC2)CC1
C1CCC(CCC(CC2CCCCC2C2CCCC2)C2CCCCC2)CC1
C1CCC(CCC2CCCC(C3CCC(C4CCCCC4)CC3)C2)CC1
C1CCC(CC2CCC(CC3CCCCC3C3CCCC3)CC2)CC1
C1CCC(CC2CCC(C3CCC(C4CCC5C(CC6CCCCC6)CCCC5C4)CC3)CC2)CC1
C1CCC(C2CCCCC2C2CCC3CCCC3C2)CC1
C1CCC(C2CCC(CC3CCC(C4CCC(C5CCCCC5)CC4)CC3)CC2)CC1
C1CC(CC2CC(CC3CC4CCCCC4C3)CC3CCCCC32)CC(C2CC2)C1
C1CCC(CC2CC(C3CCCC3)CCC2C2CCCCC2C2CCC3CCCC3C2)CC1
C1CCC(CCCCCC2CCC(CC3CCC(CC4CCCCC4)CC3)CC2)CC1
C1CCC(CC2CCC(C3CCCCC3C3CCC4CCCC4C3)CC2)CC1
C1CCC(CC2CCCC(C3CCCCC3)C2)CC1
C1CCC(CCC2CCCCC2C2CCCC3CCCCC32)CC1
C1CCC(C2CCC(CC3CCC(C4CCC(C5CCCCC5)CC4)CC3)CC2)CC1
C1CCC(CC2CCC(CC3CCC(C4CCCCC4)CC3)CC2)CC1
C1CCC(CCC2CCCCC2C2CC(CC3CCCCC3)C3CCCCC32)CC1
C1CCC(C2CCC(C3CCCC(C4CCC5CCCCC5C4)C3)C2C2CCCCC2)CC1
C1CCC(CC2CCCC(C3CCCC(C4CCC5CCCC5C4)C3)C2)CC1
C1CCC(CC2CC3CCC(C4CCCCC4)CC3C(C3CCCCC3)C2)CC1
C1CCC(CCCC(CC2CCCCC2)C2CCC(CC3CCCCC3)CC2)CC1
C1CCC2CC(CC3CCC(CC4CCCCC4C4CCC(C5CC5)CC4)CC3)CC2C1
C1CCC(C2CC(CC3CCCC(C4CCCC4)C3)CC(C3CCCCC3)C2)CC1
C1CCC(CC2CCC(C3CCCC(C4CCCCC4)C3)CC2)CC1
C1CCC(C2CCC(C3CCCCC3C3CCC4CCCC4C3)CC2)CC1
C1CCC(C2CCCC(C3CCC(C4CC(CC5CCC5)CCC4C4CCCCC4)CC3)C2)CC1
C1CCC(CC2CCC(C3CCC3)CC2)CC1
C1CCC(CC2CCC(CC3CCC(C4CCCC(CC5CC5)C4)CC3)CC2)CC1
C1CCC(CCC2CCC(CC3CCC(CCC4CCCC(C5CCCCC5)C4)CC3)CC2)CC1
C1CCC2CC(CC3CCCC(C4CCCCC4C4CCC5CCCCC5C4)C3)CCC2C1
C1CCC(CCCC2CCCCC2CC2CCCCC2)CC1
C1CCC(CCCC2CCC(C3CCCCC3)CC2)CC1
C1CCC(CC2CCCC(CC3CCC4CCCC4C3)C2)CC1
C1CCC(C2CCCC(CC3CC(C4CCCCC4)C4CCCCC34)C2)CC1
C1CCC(CC2CCCC(C3CCC(C4CC(C5CCCC5)C5CCCCC45)CC3)C2)C1
C1CCC(CCCC2CC(C3CCCCC3)CCC2C2CCCCC2)CC1
C1CCC(CC2CCC(CCC3CCCC(CC4CCCCC4)C3)CC2)CC1
C1CCC(CCC2CCCCC2CCCC2CC3CCCCC3C2)C1
C1CCC(CC2CCCCC2C2CCC(C3CCCCC3)CC2CC2CCCCC2)CC1
C1CCC(C2CCCC(C3CCCCC3C3CCCCC3)C2)CC1
C1CCC(CC2CCCC(C3CC(CC4CCCC(CC5CCCC5)C4)CC(C4CC4)C3)C2)CC1
C1CCC(CC2CCC(CC3CCCC(C4CCCCC4)C3)CC2)CC1
C1CCC(C2CCC(C3CCCC(CC4CCCC4)C3)CC2)CC1
C1CCC(CCC2CCC(CCC3CCC(C4CCCCC4)CC3)CC2)CC1
C1CCC(CCC2CCC(C3CCCCC3CC3CCCCC3)CC2)CC1
C1CCC(CCCC2CCC(CCC3CCC4CCCCC43)CC2)CC1
C1CCC(CC2CCCC(C3CCC(C4CCCC4)CC3)C2)CC1
C1CCC(CC2CCC(CC3CCC(CC4CCCCC4)CC3)CC2)CC1
C1CCC(C2CCCCC2)CC1
C1CCC(CCCCC2CCCC(C(CC3CCCCC3)C3CCCCC3)C2)CC1
C1CCC(CC2CCCC(CC3CCC4CCCCC4C3)C2)CC1
C1CCC(C2CCC(CC3CCCC(C4CCCCC4)C3)CC2)CC1
C1CCC(C2CC(C3CCC3)CC(C3CCCC(CCCC4CC4)C3)C2)CC1
C1CCC(C2CCC(C3CCCC(CC4CC4)C3)CC2)CC1
C1CCC(C2CCC(C3CCCC(C4CCCCC4)C3)CC2)CC1
C1CCC(CC2CCC(CCC3CCC(CC4CCCCC4)CC3)CC2)CC1
C1CCC(CCCC2CCCC(CC3CCCCC3)C2)CC1
C1CC2CCC(C3CCCCC3CC3CCC(C4CCC(C5CC5)CC4)CC3)CC2C1
C1CCC(CC(CC2CCC(C3CCCCC3)CC2)C2CCCCC2)CC1
C1CCC(C2CCC(CC3CCCC(C4CCCCC4)C3)CC2)CC1
C1CCC(CC2CCCCC2C2CCCCC2)CC1
C1CCC(C2CC(CC3CCCCC3C3CC3)CCC2CC2CCCCC2C2CCC2)CC1
C1CCC(C2CCCC(C3CCC(CCC4CCCC4)CC3)C2)CC1
C1CCC(CCC2CCC(CC3CCCCC3)CC2)CC1
C1CCC(C2CCC3C(CCC3C3CCCCC3)C2)CC1
C1CCC(CC2CC(CC3CCCCC3)C3CC(CCCC4CC5CCCCC5C4)CCC23)CC1
C1CCC(CC2CCCC(CC3CCCCC3C3CCC4CCCCC43)C2)CC1
C1CCC(C2CCC(C3CCCC(C4CCCCC4C4CCCC4)C3)CC2)C1
C1CCC(C2CCC(C3CCCCC3)CC2)CC1
C1CCC(CC2CCC(C3CCC(CCC4CC5CCCCC5C4)C3)CC2)CC1
C1CCC(CC2CCCC(C3CCCC3)C2)CC1
C1CCC(CC2CCC(CC3CCCC(C4CCCC4)C3)CC2)CC1
C1CCC(CCC2CCCC(C3CCCCC3)C2)CC1
C1CCC(C2CCCC(C3CCCC(C4CCCCC4)C3)C2)CC1
C1CCC(CCC2CCC(CC3CCCCC3)CC2)CC1
C1CCC(CCCCC2CCCC(C3CCC(C4CCCCC4)CC3)C2)CC1
C1CCC(C2CCCC(CC3CCC(C4CCC4)CC3)C2)CC1
C1CCC(CC2CCC(C3CCCCC3)CC2)CC1
C1CCC(C2CCCC(C3CCCC(C4CCCCC4)C3)C2)CC1
C1CCC(CC2CC(C3CCCCC3)C3CCC(C4CCCCC4)CC23)CC1
C1CCC(CCC2CCCC(C3CCC(C4CCC(C5CCCCC5)C4)CC3)C2)CC1
C1CCC(CC2CC(CCCC3CCC(C4CCCCC4)CC3)C3CCCCC23)CC1
C(CCCC1CCC(CC2CCCCC2)CC1)CCC1CCCCC1
C1CCC(C2CCC(CC3CCCC(C4CCCCC4)C3)CC2)CC1
C1CCC(C2CCCCC2CC2CCCCC2CCC2CC3CCCCC3C2)CC1
C1CCC(C2CCC(CC3CCC(C4CCCC4)CC3)CC2)CC1
C1CCC(CC2CCCC(CCCC3CCC(C4CCCCC4)CC3)C2)CC1
C1CCC(CC2CC3CCCCC3C(C3CCCCC3)C2)CC1
C1CCC(C2CCC(CC3CCC(C4CCC5CCCCC54)CC3)CC2)CC1
C1CCC(CCC2CCC(CCCCC3CCCC(CC4CCCCC4)C3)CC2)CC1
C1CCC(C2CCC(C3CCCCC3C3CCCC3)CC2)CC1
C1CCC(C2CCCCC2C2CCC(CC3CCC(C4CCCC4)CC3)CC2)CC1
C1CCC(CC2CCC(C3CCCCC3)CC2)CC1
C1CCC(CC2CC(C3CCCCC3)C3CCCCC23)CC1
C1CCC(CCC2CCC(C3CCCC(C4CCC(CC5CCCCC5)CC4)C3)CC2CC2CCC2)CC1
C1CCC(CC2CC(C3CCCCC3)CC(C3CCCC3)C2)CC1
C1CCC(CCC2CCCC(C3CCCCC3)C2)CC1
C1CCC(C2CCCC(C3CCC(C4CC4)CC3)C2)CC1
C1CCC(CCC2CCC(CC3CCCC(C4CCCCC4)C3)CC2)CC1
C1CCC(CC2CCC(C3CCCCC3)CC2C2CCCC2)CC1
C1CCC(CC2CCCC(C3CCCC(C4CCCCC4)C3)C2)CC1
C1CCC(C2CCC(C3CCCCC3C3CCCC3)CC2)CC1
C1CCC(CC2CCC(C3CCCCC3)CC2)CC1
C1CCC(CC2CCC(C3CCCCC3CC3CCCCC3)CC2)CC1
C1CCC(CCC2CCCC(CCC3CCCCC3C3CCCCC3)C2)CC1
C1CCC(CC2CCC3CCC(C4CCCCC4CC4CCCCC4)CC3C2)CC1
C1CCC(C2CCCCC2CCC2CCC3CCCCC32)CC1
C1CCC(C2CCCC(C3CCCCC3)C2)CC1
C1CCC2C(C1)CCC2C1CCC(C2CCCCC2C2CCC3CCCCC32)CC1
C1CCC(C2CCC(CC3CCCC(C4CCC(C5CCCC5)CC4)C3)CC2)CC1
C1CCC(C2CCCC(C3CCC(C4CCCC4C4CCCCC4)CC3)C2)CC1
C1CCC(CC2CCCC2C2CCC(CC3CCCC4CCCCC43)CC2)CC1
C1CCC(C2CCCC(C3CCCC(C4CCCCC4)C3)C2)CC1
C1CCC(CC2CCCCC2C2CCCCC2C2CCCCC2)CC1
C1CCC(CCC2CC(CCC3CCCCC3)CC(C3CCCCC3)C2)CC1
C1CCC(C2CCCC(C3CCCCC3)C2)CC1
C1CCC(C2CCC(CCCC3CCCC(C4CCCCC4)C3)CC2)CC1
C1CCC(CCC2CCCC(CC3CC(CC4CCCCC4)C4CCCCC34)C2)CC1
C1CCC(CC2CCCC(C3CCCCC3)C2)CC1
C1CCC(CC2CCC(CC3CCCCC3C3CCCC3)CC2)CC1
C1CCC(CC2CCC(C3CCC4CC(C5CCC(C6CCC6)CC5)CCC43)CC2)CC1
C1CCC(CCC2CCCC(CC3CCC(CC4CCCCC4)CC3)C2)CC1
C1CCC(CC2CCC(CC3CCCCC3)CC2)CC1
C1CCC(CC2CCCCC2CC2CC(C3CCCC(C4CCCC4)C3)C3CCCCC23)CC1
C1CCC(C2CCC(CC3CCC4CCCCC43)CC2)CC1
C1CCC(CC2CCC(CC3CCC(C4CCCCC4)CC3)CC2)CC1
C1CCC(CCC2CCC(C3CCCC(C4CCCCC4)C3)CC2)CC1
C1CCC(CCC2CCC(C3CCCC(C4CCCCC4)C3)CC2)CC1
C1CCC(C2CCCCC2C2CCCC2)CC1
C1CCC(CCC2CCC(CC3CCC(C4CCCC(CCC5CCCCC5)C4)CC3)CC2)CC1
C1CCC(CCC2CCC(C3CCC(C4CCCC(CCC5CCCCC5)C4)CC3)CC2)CC1
C1CCC(CCC2CCC(CCC3CCCCC3)CC2)CC1
C(CC1CCC(CC2CCC(CC3CC3)C(C3CCCC3)C2)CC1)CC1CCC(C2CCCC2)CC1
C1CCC(CC2CCCC(C3CCCCC3)C2)CC1
C1CCC(CC2CCC(C3CCCCC3)CC2)CC1
C1CCC(C2CCCC(C3CCCC(C4CCCC4)C3)C2)CC1
C1CCC(CCC2CCC(C3CCCCC3)CC2)CC1
C1CCC(C2CCCC(C3CCCCC3C3CCC(C4CCCCC4)CC3C3CCCCC3)C2)CC1
C1CCC(CCCC2CCC(CCC3CCCC(CC4CC4)C3)CC2)CC1
C1CCC(CCC2CCCC(C3CCCC(C4CCCCC4)C3)C2)CC1
C1CCC(C2CCCC(CCC3CCCC(CC4CC4)C3)C2)CC1
C1CCC(C2CCCC(CCC3CCC(C4CCC5CCCC5C4)CC3)C2)CC1
C1CCC(CC2CCC(C3CCCCC3)C(C3CCCCC3)C2)CC1
C1CCC(CCC2CCCC(CCC3CCCC(C4CCCC(C5CCCC5)C4)C3)C2)CC1
C1CC(CC2CC2)CC(C2CCC(CC3CCC(CC4CC5CCCCC5C4)CC3)CC2)C1
C1CCC(CC2CCC(CC3CCCC(CC4CCCCC4)C3)CC2)CC1
C1CCC(C2CCCC(CC3CCCCC3C3CCCCC3)C2)CC1
C1CCC(C2CCCCC2CCC2CCCC(C3CC4CCCCC4C3)C2)CC1
C1CCC(CC2CCC(C3CCCCC3)CC2)CC1
C1CCC(CC2CCC3CCC(C4CCCCC4C4CCCCC4)CC3C2)CC1
C1CCC(C2CCCCC2C2CCC3CCCCC3C2)CC1
C1CCC(CC2CCC(C3CCCC(CC4CC4)C3)CC2)CC1
C1CCC(CCCC2CCC(CC3CCCC(C(C4CCCCC4)C4CCCCC4)C3)CC2)CC1
C1CCC(CCCC2CCCC(C3CCCC(CC4CC5CCCCC5C4)C3)C2)CC1
C1CCC(CC2CCC(C3CCCCC3CC3CCCCC3)C(CCC3CCC4CCCC4C3)C2)CC1
C1CCC(C2CCC(CC3CCC(C4CC(CC5CCCC5)C5CCCCC54)CC3)CC2)CC1
C1CCC(C2CC(CCC3CCC4CCCCC43)CC3CCCCC32)CC1
C1CCC(CCCC2CC3CCCCC3C2)CC1
C1CCC(CC2CCCC(C3CC(CC4CCCC(C5CCCCC5)C4)C4CCCCC43)C2)CC1
C1CCC(CC2CCCCC2C2CCCC(C3CCCCC3)C2)CC1
C1CCC(CC2CCCC(CC3CCCCC3C3CCCCC3)C2)CC1
C1CCC(CC2CCC(CCC(CC3CCCCC3)C3CCCCC3)C(C3CCCCC3)C2)CC1
C1CCC(CCCC2CCCC(C3CCCCC3)C2)CC1
C1CCC(CC2CC3CCCCC3C(CCC3CCCC(C4CCC(C5CCCC5)CC4)C3)C2)CC1
C1CCC(CC2CCCCC2C2CCCCC2)CC1
C1CCC(C2CCC(C3CCCCC3)CC2)CC1
C1CCC(CCC2CCC(CC3CCCC(C4CCCC4)C3)CC2)CC1
C1CCC(CC2CCC(C3CCC(C4CCC(CC5CCC6CCCC6C5)CC4)CC3)CC2)CC1
C1CCC(CC2CCC(CCCC3CCC(C4CCCCC4)CC3)CC2)CC1
C1CCC(C2CCCCC2CC(C2CCCCC2)C2CCC3CCCCC32)CC1
C1CCC(CC2CCC(CC3CCC(C4CCCCC4)CC3)CC2)CC1
C1CCC(CCC2CCC(CC3CCCCC3)CC2)CC1
C1CCC(CC2CCC(C3CCCCC3C3CCCCC3)C(C3CCCCC3)C2)CC1
C1CCC(C2CCC(CCC3CCC4CCCC4C3)CC2C2CCCC2)CC1
C1CCC(CC2CCC(C3CCCCC3)CC2)CC1
C1CCC(CCC2CCC(C3CCCCC3)CC2)CC1
C1CCC(C2CCCCC2C2CCCCC2)CC1
C1CCC(C2CCCCC2C2CCCCC2CC2CC2)CC1
C1CCC(CC2CCC(CC3CCCCC3)CC2)CC1
C1CCC(CC2CCC(C3CCCC(C4CCCC(C5CC(CC6CCCC6)C6CCCCC65)C4)C3)CC2)CC1
C1CCC(CC2CCCCC2CCCCCCC2CCC(C3CCCCC3)C2)CC1
C1CCC(CCC2CCC(C3CCCCC3C3CCCCC3)CC2)CC1
C1CCC(CC2CCC(CCC3CCCC(C4CCCCC4)C3)CC2)CC1
C1CCC(C2CCCCC2C2CCCC(C3CCCCC3CC3CCC3)C2)CC1
C1CCC(CCC2CCCC(CC3CCCCC3)C2)CC1
C1CCC2C(C1)CCC2CC1CCCC(C2CCCCC2C2CCCC2)C1
C1CCC(C2CCC(C3CCC(C4CCCC4)CC3)CC2C2CCC3CCCC3C2)CC1
C1CCC(CCCCCC2CCC(C3CCCC(CC4CCCCC4)C3)CC2)CC1
C1CCC(CC2CC(C3CCC4CCCCC43)CCC2C2CCC2)CC1
C1CCC(CCCC2CCCCC2CC2CCCCC2)CC1
C1CCC(C2CCC(CC3CC(C4CCC(C5CC6CCCCC6C5)CC4)C4CCCCC34)CC2)CC1
C1CCC(CCCC2CCC(C3CCCCC3)CC2)CC1
C1CCC(CCC2CC(CCCC3CCCC3)CC(C3CCCCC3)C2)CC1
C1CCC(C2CC(CC3CC3)CC(C3CCCC(CC4CCCC4)C3)C2)CC1
C1CCC(CC2C(C3CCCCC3)CCC2C2CCCC(C3CC4CCCCC4C3)C2)CC1
C1CCC(CC2CCC(CCC3CCCC(C4CCCCC4)C3)CC2)CC1
C1CCC(C2CCC(CC3CCC(C4CCCCC4)CC3)CC2)CC1
C1CCC(CCC2CCC(C3CCCCC3)C(C3CCCCC3)C2)CC1
C(CCCCC1CCC(CC2CCC(C3CCCC(CC4CCCCC4)C3)CC2)CC1)CCCC1CCCCC1
C1CCC(CC2CCC(C3CCCC4CC(C5CCCCC5)CCC43)CC2)CC1
C1CCC(C2CCCC(C3CCCC(C4CCCCC4)C3)C2)CC1
C1CCC(C2CCCC(C3CCCCC3)C2C2CC2)CC1
C1CCC(C2CCCC(C3CCC(C4CCCCC4C4CCCC4)C(C4CCCCC4)C3)C2)CC1
C1CCC(CCC2CCCCC2CC2CCC3CCCC3C2)CC1
C1CCC(C2CCCCC2C2CCCC2)CC1
C1CCC(CCCC2CCCC(CC3CCCCC3C3CCC4CCCCC4C3)C2)CC1
C1CCC(CC2CCC3CC(C4CCC(C5CCCC5)CC4)CCC23)CC1
C1CCC(C2CCC(C3CCC(CC4CCC(C5CCCCC5)C(C5CCCCC5)C4)CC3)CC2)CC1
C1CCC(CCC2CCC(C3CCCCC3)CC2CCC2CCCCC2)CC1
C1CCC(CC2CCC(CCCC3CCC(C4CCC5CCCCC5C4)C(C4CCC5CCCC5C4)C3)CC2)CC1
C1CCC(CCCC2CCCC(CC3CC3)C2)CC1
C1CCC(CCCC2CCC(CC3CCC(C4CCCCC4)CC3)CC2)CC1
C1CCC(CC2CC(C3CCCC(C4CCCCC4)C3)C3CCCCC23)CC1
C1CCC(CCCC2CC(C3CCCCC3)CC(C3CCCCC3)C2)CC1
C1CCC(CC(C2CCC(C3CCCCC3)CC2)C2CCCC(C3CCCCC3)C2)CC1
C1CCC(C2CCC(C3CCCC(CC4CCCC4)C3)CC2)CC1
C1CCC(CC2CCCC(C3CCCC4CCCCC43)C2)CC1
C1CCC(C2CCC(CC3CC(CCC4CCCC(C5CCCCC5)C4)C4CCCCC34)CC2)CC1
C1CCC(C2CCCC2CC2CCCC(CCCC3CC3)C2)CC1
C1CCC(CCC2CCC(C3CCCCC3)CC2)CC1
C(CCCC1CCC(C2CCCCC2)CC1)CCC1CCCCC1
C1CCC(CC2CCC(C3CCC4CCCCC4C3)CC2)CC1
C1CCC(C(C2CCC(CC3CCCC3)CC2)C2CCCC(CC3CC4CCCCC4C3)C2)CC1
C1CCC(C2CCC(CC3CCC(C4CCC(C5CCCCC5)C4)CC3)CC2)CC1
C1CCC(CCC2CCC(CC3CCCC4CCCCC43)CC2)CC1
C1CCC(CC2CCCC(C3CCCC(C4CCCCC4)C3)C2)CC1
C1CCC(CCC2CCC(CC3CCCCC3)CC2C2CCC3CCCC3C2)CC1
C1CCC(CCC2CCCC(CCC3CCC(CC4CCCCC4)CC3)C2)CC1
C1CCC(C2CCC(C3CCCC3)CC2)CC1
C1CCC(CC2CCC(CC3CCC(CC4CCCCC4)CC3)CC2)CC1
C1CCC(C2CCCC(CC3CCC4CCCCC43)C2C2CCC2)CC1
C1CCC(CCCCC2CCC(CC3CCCCC3)CC2)CC1
C1CCC2C(C1)CCCC2C1CCC(C2CCCC3CC(C4CCC5CCCCC54)CCC32)CC1
C1CCC(CC2CCC(CC3CCC(CCCC4CCCC4)CC3)CC2)CC1
C1CCC(CC2CC(C3CCCCC3)C3CCCCC23)CC1
C1CCC(C2CCCC(CCC3CC4CCCCC4C3)C2)CC1
C1CCC(CC2CCCCC2C2CCCCC2)CC1
C1CCC(CC2CCC(C3CC(C4CCC5CCCCC54)CC4CCCCC43)CC2)CC1
C1CCC(C2CCC(C3CCC(C4CCCCC4)C3)C(CCC3CCC4CCCCC4C3)C2)CC1
C1CCC(CCC2CCC(C3CCCC(CC4CCCCC4)C3)CC2)CC1
C1CCC(C2CCCCC2C2CCCC(CC3CCCCC3C3CCCC3)C2)CC1
C1CCC(C2CCC(CC3CCCC4CCCCC43)CC2)CC1
C1CCC(CCC2CCC3C(CCC4CCC(C5CCCCC5)CC4)CCCC3C2)CC1
C1CCC(CC2CCC(CC3CCCCC3)CC2)CC1
C1CCC(C2CCC(CCC3CCC(C4CCC4)CC3)CC2)CC1
C1CCC(CC2CCCC(C3CCCC(CC4CC4)C3)C2)CC1
C1CCC(C2CCCC(CC3CCC(CCC4CC4)CC3)C2)CC1
C1CCC(CCCCC2CCC(CC3CCC(C4CCC5CCCC5C4)CC3)CC2)C1
C1CCC(CC2CCC(C3CC(CC4CCCCC4)C4CCCCC43)CC2)CC1
C1CCC(CC2CCCC3CCC(C4CC5CCCCC5C(C5CCCCC5)C4)C32)CC1
C1CCC(CCCC2CCC3C(C2)CC(CC2CCCCC2)CC3C2CC2)CC1
C1CCC(CC2CCC(CC3CCC(CC4CCC(CC5CCCCC5)CC4)CC3)CC2)CC1
C1CCC(C2CCCC(CCC3CCC4CCCCC4C3)C2)CC1
C1CCC(CCCCC2CCC(CC3CCCC(C4CCCC(C5CCCCC5)C4)C3)CC2)CC1
C1CCC(C2CCC(CC3CCC(CC4CC(C5CCCCC5)C5CCCCC45)CC3)CC2)CC1
C1CCC(CC2CCCCC2CC2CCC(C3CCCCC3C3CCCC3)CC2)C1
C1CCC(CCCC2CCC(C3CC(CCCC4CCCCC4)C4CCCCC43)CC2)CC1
C1CCC(CC2CCCC(C3CCCCC3)C2)CC1
C1CCC(C2CCCC(CC3CCCCC3C3CCCC3)C2)CC1
C1CCC(CC2CCC(CC3CCCC(CCCC4CCC(C5CCCC5)CC4)C3)CC2)CC1
C1CCC(CCC2CCCC(CC3CCC(C4CCCCC4)CC3)C2)CC1
C1CCC(CCC2CC(C3CCC4CCCCC43)CC3CCCCC32)CC1
C1CCC(CCC2CCCC(C3CCC(C4CCC(CC5CCCCC5)CC4)CC3)C2)CC1
C1CCC(CC2CCC(C3CCCCC3)CC2)CC1
C1CCC(C2CCCC(C3CCCC(C4CCCCC4)C3)C2)CC1
C1CCC(CC2CCCC(C3CCCCC3)C2)CC1
C1CCC(CCC2CC3CCC(C4CCCC4)CC3C(C3CCCCC3)C2)CC1
C1CCC(CCCC2CCC(CCC3CCCC(C4CCCC(C5CCCCC5)C4)C3)CC2)CC1
C1CCC(C2CCC(CC3CCC(C4CCCC(C5CCCCC5)C4)CC3)CC2)CC1
C1CCC(CCC2CCC(C3CCC(CC4CCCCC4)CC3)CC2)CC1
C1CCC(CC2CCC(CC3CCC(C4CCC(C5CCCC5)CC4)CC3)CC2)CC1
C1CCC(C2CC3CCC(CCC4CCC(C5CCCC5)CC4)CC3C(C3CCCCC3)C2)CC1
C1CCC(CC2CC(C3CCC(C4CCCC(C5CCCCC5)C4)CC3)C3CCCCC23)CC1
C1CCC(CCC2CCCCC2)CC1
C1CCC(C2CC3CCCCC3C(C3CCCCC3)C2)CC1
C1CCC(C2CCCC(C3CCCC(C4CCCC4)C3)C2)CC1
C1CCC(C2CCCC(CCC3CCCCC3C3CCCCC3)C2)CC1
C1CCC(CC2CCC(CC3CCCC(C4CCCCC4)C3)CC2)CC1
C1CCC(CCC2CCCC(C3CC(CC4CCCCC4)C(C4CC4)C3)C2)CC1
C1CCC(C2CC(C3CCCC(CC4CCCC4)C3)CC3CCCCC32)CC1
C1CCC(CCC2CCC(C3CCCCC3)CC2)CC1
C1CCC(C2CCC(C3CCCC(C4CCCCC4)C3)CC2)CC1
C1CCC(C2CCC(C3CCCCC3)CC2)CC1
C1CCC(C2CC(C3CC3)CCC2CCC2CCC(CC3CCC(C4CCCC(C5CCCC5)C4)C3)CC2)CC1
C1CCC(CCCC2CCCC(CC3CCCCC3)C2)CC1
C1CCC(CC2CC(C3CCC(C4CCCC4)CC3)C3CCCCC23)CC1
C1CCC(CC2CCCCC2CC(C2CCCCC2)C2CCCCC2)CC1
C1CCC(C2CCC(CC3CCC(C4CCCC4)CC3)CC2)CC1
C1CCC(CC2CCCC(CCC3CCC(C4CCCCC4)CC3)C2)CC1
C1CCC(CC2CCC(C3CC(C4CCC(CC5CCCCC5)CC4)C3)CC2)CC1
C1CCC(CCC2CCC(C3CCCCC3C3CCCC4CCCCC43)CC2)CC1
C1CCC(C2C(CC3CC3)CCCC2C2CCCC2)CC1
C1CCC(CCC2CCCC(C3CCCCC3C3CCCC(CC4CCCCC4)C3)C2)CC1
C1CCC(C2CCC(CCC3CCCC4CCCCC43)CC2)CC1
C1CCC(C(CC2CCCC(C3CCC(CCC4CC4)CC3)C2)C2CCCCC2)CC1
C1CCC(C2CCC(C3CCCCC3)CC2)CC1
C1CCC(CCC2CCC(CC3CCC(C4CCCC(CCC5CCCCC5)C4)CC3)CC2)CC1
C1CCC(CCC2CCCCC2C2CC(CC3CCCCC3)C3CCCCC32)CC1
C1CCC(CC2CC(C3CCCCC3)C3CCCCC23)CC1
C1CCC(CCC2CC(C3CCC(C4CCCCC4)CC3)C3CCCCC23)CC1
C1CCC(C2CCC3C(CCCC3C3CCC(C4CCCCC4)CC3C3CCCC3)C2)CC1
C1CCC(CC2CCCC(CC3CCC(C4CC5CCCCC5C4)CC3)C2)CC1
C1CCC(C2CCC(C3CC4CCCCC4C(C4CCCCC4)C3)CC2)CC1
C1CCC(CCC2CCCC(C3CCC(CC4CCCCC4)CC3)C2)CC1
C1CCC(C2CCCCC2C2CCC3CCCC3C2)CC1
C1CCC(C2CCCCC2C2CCCC(CC3CC4CCCCC4C3)C2)CC1
C1CCC(CC2CCCC(C3CCCC(CCC4CC5CCCCC5C4)C3)C2)CC1
C1CCC(CC2CCC(CC3CCC(C4CCCC(C5CCCC5)C4)CC3)CC2)CC1
C1CCC(CC2CCC(C3CCCC(CCC4CC5CCCCC5C4)C3)CC2)C1
C1CCC(CCC2CCC(CC3CCC(CC4CCCCC4)CC3)CC2)CC1
C1CCC(CC2CCCC(C3CCC3)C2)CC1
C1CCC(CCC2CCCC(C3CCCCC3)C2)CC1
C1CCC(C2CCC(C3CCCC(C4CCCCC4)C3)CC2)CC1
C1CCC(C2CCCC(CC3CCCCC3CCC3CCCC(C4CCCC4)C3)C2)CC1
C1CCC(CCC2CCC(CC3CCCCC3)CC2)CC1
C1CCC(C2CCC(C3CCC(C4CCC5CCCCC54)CC3)CC2)CC1
C1CCC(C2CCCC(CC3CCCCC3C3CCC(C4CCCCC4)C4CCCC43)C2)CC1
C1CCC(CCC2CCC(CC3CCCC(CC4CCCCC4)C3)CC2C2CCCCC2)CC1
C1CCC(CC2CCCC(CCCC3CCC(C4CCCC(C5CC5)C4)CC3)C2)CC1
C1CCC(CCC2CC(CC3CCCCC3)CCC2C2CCCCC2)CC1
C1CCC(C2CCC(CC3CCC(C4CCCCC4C4CCC5CCCCC5C4)C3)CC2)CC1
C1CCC(CCC2CCCC3CC(CC4CCCCC4)CCC23)CC1
C1CCC(CCCC2CCC(CC3CCCC(C4CCCCC4)C3)CC2C2CCCC2)CC1
C1CCC(CC2CCC(C3CCCCC3)CC2)CC1
C1CCC(CC2CC(CC3CCC(C4CCCCC4C4CCCC4)CC3)C3CCCCC23)CC1
C1CCC(C2CCCCC2C2CCCC2)CC1
C1CCC(CCCCC2CCCC(C3CCCCC3)C2)CC1
C1CCC(CCCCC2CCC(CC3CCC(CCC4CCCCC4)CC3)CC2)CC1
C1CCC(CC2CCCC(C3CCC(CCC4CCCCC4C4CCCC4)CC3)C2)CC1
C1CCC(CC2CCC(C3CCCCC3)CC2)CC1
C1CCC(C2CCCCC2C2CCCC(CC3CCCC3)C2)CC1
C1CCC(C(C2CCC(C3CCC4CCCC4C3)CC2)C2CCCC(C3CCCC3)C2)CC1
C1CCC(C2CCC(C3CCCC(CC4CC5CCCCC5C4)C3)CC2)CC1
C1CCC(C2CCC(C3CCCCC3)C(C3CC4CCCCC4C3)C2)CC1
C1CCC(CC2CCC(C3CCCCC3)C(C3CCCCC3)C2)CC1
C1CCC(CC2CCCCC2CC2CCCC(C3CCCCC3)C2)CC1
C1CCC(C2CCC(C3CCCC(C4CCCCC4)C3)CC2)CC1
C1CCC(C2CCC(CCC3CCC(C4CCC(CCCC5CC5)CC4)CC3)CC2)CC1
C1CCC(CC2CCC(CC3CCC(CCC4CC5CCCCC5C4)CC3)CC2)CC1
C1CCC(CCC2CCCC(C3CCC(C4CCCCC4)CC3)C2)CC1
C1CCC(C2CCC3CCCCC3C2)CC1
C1CCC(CC2CCC(C3CCCC(C4CCCCC4)C3)C(C3CCCC3)C2)CC1
C1CCC(CC2CCCC(C3CCC(CC4CCC(CC5CC6CCCCC6C5)CC4)CC3)C2)C1
C1CCC(CCC2CCCCC2C2CCC(C3CCCC3)CC2)CC1
C1CCC(C2CCC(CC3CCC(C4CCCC5CCCCC54)CC3)CC2)CC1
C1CCC(CCC2CC(CCC3CCC4CCCCC43)CC(CC3CC4CCCCC4C3)C2)CC1
C1CC(C2CCC(C3CCCC(CC4CCC5CCCC5C4)C3)CC2)C1
C1CCC(CCC2CCC(CC3CCC(C4CCCC4)CC3)CC2)CC1
C1CCC(C2CC(CCC3CC4CCCCC4C3)CCC2C2CCCCC2C2CCCC2)CC1
C1CCC2CC(CC3CCC(C4CCC5CCCC5C4)C(C4CCC5CCCC5C4)C3)CC2C1
C1CCC(CC2CCC(C3CCCCC3)CC2)CC1
C1CCC(C2CCCC(CCC3CCC4CCCC4C3)C2)CC1
C1CCC(C2CCC(CC3CCC(CC4CCCC(C5CCCCC5)C4)CC3)CC2)CC1
C1CCC(CCCCC2CC(C3CCCCC3)C3CCCCC23)CC1
C1CCC(CCCCC2CCCC(C3CCC(C4CCCCC4)CC3)C2)CC1
C1CCC(CCC2CCC(C3CC(C4CCCCC4)C4CCCCC34)CC2)CC1
C1CCC(CC2CCCC(C3CCCC(C4CCCCC4)C3)C2)CC1
C1CCC(CC2CCCC(C3CCCCC3CC3CC4CCCCC4C3)C2)CC1
C1CCC(C2CCCCC2C2CCCC3CCCCC32)C1
C(CCCCC1CCCC(C2CC3CCCCC3C2)C1)CCCC1CCCCC1
C1CCC(C2CCCC(CCC3CCC4CCCCC4C3)C2)CC1
C1CCC(CCC2CCCC(CC3CC(CC4CCCC4)C4CCCCC34)C2)CC1
C1CCC(C2CCC(C3CCCCC3)CC2)CC1
C1CCC(CC2CCC(CC3CCCCC3)CC2)CC1
C1CCC(C2CC(C3CCCCC3)C(C3CCCCC3)C3CCCC23)CC1
C1CCC(CC2CCCC(C3CCCCC3C3CCC4CCCC(C5CCCCC5)C4C3)C2)CC1
C1CCC(CC2CCCC(C3CCCCC3)C2)CC1
C(CCCC1CCCCC1C1CC1)CCC1CCCCC1
C1CCC(CCC2CCCC(CC3CC(C4CCCCC4C4CCCC4)C4CCCCC34)C2)CC1
C1CCC(CC2CCCCC2C2CCCCC2)CC1
C1CCC(C2CCCCC2)CC1
C1CCC(CC2CCCC(CCCC3CCCCC3C3CCC4CCCCC4C3)C2)CC1
C1CCC(CCC2CCC3CCC(C4CCCC(C5CCCC5)C4)CC3C2)CC1
C1CCC(CC2CCC(C3CCCC3)CC2)CC1
C1CCC(CCC2CCC(CC3CCC(CCC4CCC5CCCC5C4)CC3)CC2)CC1
C1CCC(CCCCCC2CCC(C3CCCCC3C3CCCC3)CC2)CC1
C1CCC(C(C2CCCCC2)C2CCCC(CC3CCC(CCC4CC4)CC3)C2)CC1
C1CCC(CC2CCCC(C3CCCCC3)C2)CC1
C1CCC(C2CCCC(CC3CC4CCCCC4C3)C2)CC1
C1CCC(CC2CCC(C3CCCCC3)CC2)CC1
C1CCC(CC2CCC(C3CCCCC3)C(C3CCCCC3)C2)CC1
C1CCC(CC2CCC(C3CCCCC3)CC2C2CCCCC2)CC1
C1CCC(CC2CCC(CCCC3CC(C4CCCCC4)CC(C4CCCCC4)C3)CC2)CC1
C1CCC(CC2CCC(CC3CCCCC3)C(CCC3CC4CCCCC4C3)C2)CC1
C1CCC(C2CCC(CC3CCC4CCCC4C3)CC2C2CCCCC2)CC1
C1CCC(C2CCC(CC3CC4CCCCC4C3)CC2)CC1
C1CCC(C2CCC(C3CCC(CC4CCCC(C5CCCCC5)C4)CC3)CC2)CC1
C1CCC(CCC2CCCC(C3CCCCC3)C2)CC1
C1CCC(CCC2CCC(CC3CCCC(CCC4CCC5CCCCC54)C3)CC2)CC1
C1CCC(CC2CCCC(CC3CCC(C4CCCC4)CC3)C2)CC1
C1CCC(CCC2CCC(CC3CCCC(C4CCCCC4)C3)CC2)CC1
C1CCC(CC2CCCC(CC3CCCCC3C3CCCCC3)C2)CC1
C1CCC(C2CC(C3CCCCC3)C(C3CCC4CCCCC43)C(C3CCCC3)C2)CC1
C1CCC(C2CCCC(C3CC(C4CCCCC4)CC(C4CCCC4)C3)C2)CC1
C1CCC(CC2CCCCC2C2CCCCC2C2CCCC2)CC1
C1CCC(CC2CCC(CC3CCCC(C4CCC5CCCC5C4)C3)CC2)CC1
C1CCC(CC2CCC3CC(CCCC4CCCC(CC5CCCC5)C4)CCC23)CC1
C1CCC(C2CCCC(C3CC(C4CCCCC4)CC(C4CC4)C3)C2)CC1
C1CCC(CCCC(CC2CCCCC2)C2CCC(CC3CCCCC3)CC2)CC1
C1CCC(CCC2CCCCC2CCCC2CCCC2)CC1
C1CCC(C2CCC(C3CCC(C4CCC5CCCCC5C4)C3)CC2)CC1
C1CCC(CCC2CCCC(C3CCCCC3)C2)CC1
C1CCC(CCC2CCCC(CC3CCCCC3)C2)CC1
C1CCC(CCC2CC(C3CCCCC3)C3CCCCC23)CC1
C1CCC(C2CCCC(C3CCCCC3)C2)CC1
C1CCC(CC2CCC(C3CCCCC3)CC2)CC1
C1CCC(CC2CC(C3CCCCC3)C3CCCC3C2C2CCC(C3CCCC3)CC2)CC1
C1CCC(CC2CCCC(C3CCCCC3)C2)CC1
C1CCC(CC(C2CCCCC2)C2CCC(C3CCCC(CC4CCCC4)C3)CC2)CC1
C1CCC(CC2CCC(C3CCC4CCCCC43)CC2)CC1
C1CCC(C2CCC3CCCCC3C2)CC1
C1CCC(C2CCC(C3CCCCC3C3CCCCC3)CC2)CC1
C1CCC(C2CCCCC2C2CCCCC2C2CCCC3CC(C4CCC5CCCCC54)CC32)CC1
C1CCC(CC2CCC(CC3CCCCC3)CC2)CC1
C1CCC(C2CCCC(C3CCCC(C4CCCC(C5CCCC5)C4)C3)C2)CC1
C1CCC(C2CCC(C3CCCC(C4CCC(CC5CCCC5)CC4)C3)CC2)CC1
C1CCC(C2CCC(C3CCCCC3)CC2)CC1
C1CCC(CC2CCC(CC3CCCCC3)C(C3CCCCC3)C2)CC1
C1CCC(CCC2CCCC(C3CCCCC3)C2)CC1
C1CCC(C2CCCCC2C2CC3CCCC(C4CCCCC4)C3C2)CC1
C1CCC(C2CCCC(C3CCCCC3)C2)CC1
C1CCC(CCCC2CCCC(C3CCCCC3)C2)CC1
C1CCC(CC2CCCC(CCCCC3CCCC(C4CCCC4)C3)C2)CC1
C1CCC(CC2CCC(CCC3CCCC(C4CCCC4)C3)CC2)CC1
C1CCC(CCC2CCCC(CC3CCCCC3)C2)CC1
C1CCC(C2CCC(CCCC3CC3)CC2)CC1
C1CCC(CCCC2CCCCC2)CC1
C1CCC(CC2CCC(C3CCCCC3C3CCC4CCCCC4C3)CC2)CC1
C1CCC(CCCC2CCCC(CCC3CC4CCCCC4C3)C2)CC1
C1CCC(CCC2CCCC(C3CCCC(C4CCCC(C5CCCCC5)C4)C3)C2)CC1
C1CCC(CC2CCC(C3CCC(C4CCCCC4)CC3)CC2)CC1
C1CCC(C2CCCC(C3CCC(C4CCCCC4C4CC5CCCCC5C4)CC3)C2)C1
C1CCC(C2CCCC(CC3CCCCC3C3CCCCC3)C2)CC1
C1CCC(C2CCCC(C3CCCCC3)C2)CC1
C1CCC(CCCC2CCCCC2CC2CCC(C3CCCCC3C3CCCCC3)CC2)CC1
C1CCC(CCCC2CCCC(C3CCCCC3)C2)CC1
C1CCC(CCCC2CCC(C3CCCCC3)C(C3CCCCC3)C2)CC1
C1CCC(CC2CCCC(C3CC(CCC4CCCC4)CC3C3CC4CCCCC4C3)C2)CC1
C1CCC(C2CCCCC2C2CCC3CCCC3C2)CC1
C1CCC(C2CCCC(CC3CCCC(C4CCC5CCCCC5C4)C3)C2)CC1
C1CCC(CCCCC2CCCC(C3CCCC(C4CCCC4)C3)C2)CC1
C1CCC(C2CCC(C3CCC3)CC2)CC1
C1CCC(C2CCCCC2)CC1
C1CCC(C2CCCCC2C2CCC(C3CCCCC3C3CCCCC3)C2)CC1
C1CCC(CCC2CCC(CC3CCCCC3)CC2C2CCCCC2CC2CCCCC2)CC1
C1CCC(C2CCCC(C3CCC(C4CCCC4)CC3)C2)CC1
C1CCC(C2CCC(C3CCC(C4CC(C5CCCCC5)C4)CC3)CC2)CC1
C1CCC(C2CCCCC2C2CCCCC2)CC1
C1CCC(C2CCCC(CC3CCC4CCCCC43)C2)CC1
C1CCC(CC2CCC(C3CCC(C4CC4)CC3)CC2)CC1
C1CCC(C2CCC3CC(C4CCC5CCCCC54)CC(C4CCCCC4)C3C2)CC1
C1CCC(CC2CCC(CC3CCCCC3)CC2)CC1
C1CCC(C2CCCCC2C2CCC(C3CC4CCCCC4C3)C2)CC1
C1CCC(C2CCCC(CCC3CCCCC3C3CCCCC3)C2)CC1
C1CCC(CCCCC2CCC3CC(C4CCC5CCCCC54)CC(C4CCCC(C5CC5)C4)C3C2)CC1
C1CCC(CC2CCCC(C3CCC(C4CCCC4)CC3)C2)CC1
C1CCC(CC2CCCC(C3CCCCC3)C2)CC1
C1CCC(CCCC2CCCC(C3CCC(C4CCCCC4)CC3C3CCCC3)C2)CC1
C1CCC(CC2CCC(C3CCCC(CC4CCCCC4)C3)CC2)CC1
C1CCC(CC2CCCC(C3CCCCC3)C2)CC1
C1CCC(CCC2CCC(C3CCC4C(CCC4C4CCCCC4)C3)CC2)CC1
C1CCC(C2CCCCC2C2CCCCC2)CC1
C1CCC(C2CCC(CC3CCC(C4CC(C5CCCCC5)C4)CC3)CC2)CC1
C1CCC(CC2CCC(CC3CCCC(C4CCCCC4)C3)CC2)CC1
C1CCC(C2CCC(CC3CCCC(CC4CCCC(C5CC5)C4)C3)CC2)CC1
C1CCC(CC2CC(C3CCCCC3)CC3CCCCC32)CC1
C1CCC(CC2CCC(C3CCCCC3)CC2)CC1
C1CCC(C2CC(C3CCC4CCCCC43)CC3CCCCC32)CC1
C1CCC(C2CCC3CCCC(C4CCCCC4)C3C2)CC1
C1CCC(CC2CCC(CCC(C3CC3)C3CCCC(C4CCCCC4)C3)CC2)CC1
C1CCC(CCC2CCCC(C3CCC(C4CCCC4)CC3)C2)CC1
C1CCC(CC2CCC(CC3CCC(CCC4CCC(C5CCCC(C6CCC6)C5)CC4)CC3)CC2)CC1
C1CCC(C2CC3CCC(C4CCCCC4)CC3C(C3CCCCC3)C2)CC1
C1CCC(CCCC2CCCC(CC3CCC4CCCCC4C3)C2)CC1
C1CCC(CC2CCCC(C3CCCCC3)C2)CC1
C1CCC2C(C1)CCC2C1CCCC(CC2CC2)C1
C1CCC(CCC2CCCC(C3CCCCC3)C2)CC1
C1CCC(CC2CCC(C3CCCC(CC4CCCCC4)C3)CC2)CC1
C1CCC(CCC2CCC(CCC3CCCCC3C3CCC4CCCC4C3)CC2C2CCCCC2)CC1
C1CCC(CCC2CCC(CC3CCCCC3)CC2)CC1
C1CCC(CC2CC(C3CCCCC3)CC(C3CCCCC3)C2)CC1
C1CCC(C2CCCC(C3CCC(C4CCCCC4)C(C4CCCCC4)C3)C2)CC1
C1CCC(CC2C(CC3CC3)CC(CC3CC3)CC2C2CCCCC2)CC1
C1CCC(C2CC(C3CCCCC3)CC(C3CCCCC3)C2)CC1
C1CCC(CC2CCCC(C3CCCC(C4CCCCC4)C3)C2)CC1
C1CCC(C2CCC(C3CCCC(C4CCC4)C3)CC2C2CCCCC2)CC1
C1CCC(C2CCCC(CCC3CCC4CCCCC4C3)C2)CC1
C1CCC(CC2CCC(CC3CCC(C4CCCCC4)CC3)CC2)CC1
C1CCC(CCCCC2CCC(CC3CCC4C(CC5CCCCC5)CCC4C3)CC2)CC1
C1CCC(CC2CCC(CC3CCC(C4CCC(C5CCCCC5)CC4)CC3)CC2)CC1
C1CCC(CC2CCCC(CC3CCCCC3CCC3CCCC3)C2)CC1
C1CCC(CCCC2CCC(C3CCC(CC4CCCCC4)CC3)CC2)CC1
C1CCC(CC2CC(C3CCCCC3)CCC2C2CCCC(C3CCCCC3)C2)CC1
C1CCC(C2CCCCC2C2CCCC(CC3CCC3)C2)CC1
C1CCC(CC2CCC(C3CCCCC3)CC2)CC1
C1CCC(CCCC2CCCC(C3CCCC(C4CCCCC4)C3)C2)CC1
C1CCC(CCC2CCCC(CC3CCC4CCCCC4C3)C2)CC1
C1CCC(CCCC2CCCCC2)CC1
C1CCC(CCC2CCC(C3CCCCC3)CC2)CC1
C1CCC(CCCC2CCCCC2C2CCCCC2)CC1
C1CCC(CC2CCC(C3CCCC(CC4CCCCC4)C3)CC2)CC1
C1CCC(C2CCC(C3CC3)C(C3CCCCC3C3CCCCC3)C2)CC1
C1CCC(CC2CCCC(C3CCCC(CCCCC4CC5CCCCC5C4)C3)C2)CC1
C1CCC(C2CCCC(C3CCC4CCCC4C3)C2)CC1
C1CCC(CC2CCC(CC3CCC(C4CCCCC4)CC3)CC2)CC1
C1CCC(C2CCCC(CCCC3CCCC(C4CCCCC4)C3)C2)CC1
C1CCC(CC2CC(CC3CCCCC3)C3CCCCC23)CC1
C1CCC(CCCC2CC3CCC(C4CCCCC4)CC3C(C3CCCCC3)C2)CC1
C1CCC2CC(C3CCC(CCC4CCCCC4C4CCCC4)CC3)CC2C1
C1CCC(CC2CCC(C3CCCCC3C3CCC4CCCC4C3)CC2)CC1
C1CCC(C2CCC(CCC3CCCC(C4CCCC(C5CCCC5)C4)C3)C2)CC1
C1CCC(C2CCCCC2C2CCCCC2)CC1
C1CCC(CCC2CCCC(C3CCC(CC4CCCCC4)CC3)C2)CC1
C1CCC(CC2CCC(CCC3CCC(CC4CCCCC4)CC3)CC2)CC1
C1CCC(C2CCC(CCC3CCCC(C4CCCCC4)C3)CC2)CC1
C1CCC(C2CCCCC2C2CCC3CCCCC3C2)CC1
C1CCC(C2CCCC(C3CCC(C4CCCC4)CC3)C2)CC1
C1CCC(CCCC2CCC(CC3CCC(C4CCCCC4)CC3)CC2)CC1
C1CCC(CCCCCC2CCCC2)CC1
C1CCC(CC2CC(CCCC3CCC(C4CCCCC4)CC3)CC(C3CCCCC3)C2)CC1
C1CCC(CC2CCCC(C3CCCC(C4CCCCC4)C3)C2)CC1
C1CCC(CC2CCCCC2C2CCCC(C3CCCCC3)C2)CC1
C1CCC(C2CCCC(CC3CCC(CC4CCCC4)CC3)C2)CC1
C1CCC(CC2CCC(C3CCCCC3CC3CCCCC3)CC2)CC1
C1CCC(CC2CC(C3CCCCC3)CC(C3CCCC(C4CCCCC4)C3)C2)CC1
C1CCC(CCCC2CCCC(CC3CCCCC3)C2)CC1
C1CCC(C2CCCC(C3CCCC(CC4CC4)C3)C2)CC1
C1CCC(C2CCC(CCC3CCCC(C4CCCCC4)C3)CC2)CC1
C1CCC(CC2CCC(C3CCCCC3)CC2)CC1
C1CCC(C2CCCC(C3CC(C4CCCCC4)CC(C4CCCC4)C3)C2)CC1
C1CCC(CCCC2CCC(C3CCC(CC4CCCCC4)CC3)CC2)CC1
C1CCC(C2CCC(C3CCC4CCCCC43)C(C3CCCCC3)C2)CC1
C1CCC(CC2CCC(C3CCCCC3)CC2)CC1
C1CCC(CCC2CCCC3CC(C4CCCCC4C4CCCC4)CC23)CC1
C1CCC(CCCC2CCCC(C3CCCCC3C3CCCCC3)C2)CC1
C1CCC(CCCC2CCCCC2C2CCCCC2CC2CCC(C3CCC4CCCCC43)CC2)CC1
C1CCC(CCC2CCC(CC3CCCCC3)CC2)CC1
C1CCC(CCC2CCCC(CCCC3CC(CC4CCCCC4)C4CCCCC34)C2)CC1
C1CCC(CCC2CCC(C3CCC(CC4CCCCC4)CC3)CC2)CC1
C1CCC(CCC2CCCC(C3CCCCC3)C2)CC1
C1CCC(CCCC2CCCC(C3CCCCC3)C2)CC1
C1CCC(CCC2CCCC(CC3CCCCC3)C2)CC1
C1CCC(CC2CCC(C3CCC(CCC4CCC5CCCCC5C4)CC3)CC2)CC1
C1CCC(C2CCCC(CCC3CC(C4CCCC4)C4CCCCC34)C2)CC1
C1CCC(CCC2CCCC(C3CC(C4CCCCC4)CC(C4CC4)C3)C2)CC1
C1CCC(CC2CCCC(CC3CCCCC3)C2)CC1
C1CCC(CC2CCC(C3CCCCC3)CC2C2CCCCC2)CC1
C1CCC(CCC2CCCC(C3CCCC(CC4CCCCC4)C3)C2)CC1
C1CCC(CCC2CCCC(C3CCCC(C4CCCC(C5CCCCC5)C4)C3)C2)CC1
C1CCC(CC2CCC(CC3CCC(CCC4CCC(C5CCCCC5)CC4)CC3)CC2)CC1
C1CCC(CCCCCC2CCCC(C3CCC(C4CCCCC4)CC3)C2)CC1
C1CCC(CCC2CCCCC2)CC1
C1CCC(CCCC2CCCC(C3CCC(C4CCCCC4)CC3)C2)CC1
C1CCC(CC2CCC(C3CCCCC3)CC2)CC1
C1CCC(CC2CCCC(CCC3CCC(C4CCCC(CC5CCCC5)C4)CC3)C2)CC1
C1CCC(CC2CCCC(C3CCC(CC4CCCC(CC5CCCC5)C4)CC3)C2)CC1
C1CCC(CC2CCC(CC3CCCCC3C3CCCC(C4CCCCC4)C3)CC2)CC1
C1CCC(CC2CCCCC2CC2CCC(C3CCCCC3)CC2)CC1
C1CCC(CC2CCCCC2C2CCCC(C3CCCC3)C2)CC1
C1CCC(CCC2CCCC(C3CCC(CC4CCCC4)CC3)C2)CC1
C1CCC(CCC2CCC(C3CC3)CC2)CC1
C1CCC(C2CCCC(CC3CCC(CC4CC5CCCCC5C4)CC3)C2)CC1
C1CCC(CC2CCC(CC3CC(CC4CCCC4)C4CCCCC34)CC2)CC1
C1CCC(CC2CCCC(CC3CCCCC3)C2)CC1
C1CCC(CC2CCCCC2)CC1
C1CCC(CCC2CCCC(CC3CCCCC3)C2)CC1
C1CCC(C2CCC(C3CCCCC3C3CCCCC3)CC2)CC1
C(CCC1CCCC(CC2CCC(C3CCCCC3C3CCCC3)CC2)C1)CC1CCC(C2CC2)CC1
C1CCC(C2CCC(CC3CCCC3)CC2)CC1
C1CCC(CC2CCC(C3CCCC(C4CCCCC4)C3)C2C2CCCCC2)CC1
C1CCC(CC2CCCC(C3CC(C4CCCCC4)CCC3CC3CCCCC3)C2)CC1
C1CCC(CC2CCCC(C3CCC(CCCC4CCC4)CC3)C2)CC1
C1CCC(C2CCCCC2C2CCCCC2)CC1
C1CCC(CCCC2CCC(CC3CCCC(CC4CCC(CC5CCC5)CC4C4CCCC4)C3)CC2)CC1
C1CCC(C2CCCC(C3CCCCC3)C2)CC1
C1CCC(CCC2CCCC(C3CCCCC3)C2)CC1
C1CCC(CC2CCCCC2CC2CCCCC2C2CCC3CCCCC3C2)CC1
C1CCC(C2CCC3C(C2)C(CC2CCCCC2C2CCC2)CC3C2CCCCC2)CC1
C(CCCC1CCCCC1C1CCCCC1)CCC1CCCCC1
C1CCC(CCCC2CCCC(C3CC(CC4CCCC4)C4CCCCC43)C2)CC1
C1CCC(CC2CCC(C3CCCC3)C(C3CCCCC3)C2)CC1
C1CCC(CC2CCC(C3CCCCC3CC3CCCCC3)CC2)CC1
C1CCC(CCCC2CCC(CCC3CCC(C4CCCCC4)CC3)CC2)CC1
C1CCC(C2CCCC(C3CCC(C4CCCC4)CC3)C2)CC1
C1CC(CC2CC3CCC(C4CCCC5CCCCC54)CC3C2)C1
C1CCC(CCC2CCC(C3CCCC(CC4CC5CCCCC5C4)C3)CC2)CC1
C1CCC(CCCC2CCC(C3CCCCC3)CC2)CC1
C1CCC(CCC2CCCCC2C2CCCCC2)CC1
C1CCC(CC2CC(C3CCCCC3)CCC2C2CC3CCCCC3C2)CC1
C1CCC(CCC2CCCC(C3CCCCC3)C2)CC1
C1CCC(CC2CCC(C3CCCCC3C3CCCCC3)C(CC3CCCCC3)C2)CC1
C1CCC(C2CCC(C3CCCC(C4CCC5CCCC5C4)C3)CC2)CC1
C1CCC(CCCC2CCC(C3CCCCC3)CC2)CC1
C1CCC(CCC2CCC(C3CCCC(CC4CCCCC4)C3)CC2)CC1
C1CCC(CCC2CCC(CC3CCCCC3)CC2)CC1
C1CCC(CC2CCCC(C3CCCC(C4CCCCC4)C3)C2)CC1
C1CCC(C2CCC(C3CCC(C4CCCCC4)CC3)CC2)CC1
C1CCC(C2CCC(C3CCCCC3)CC2)CC1
C1CCC(CC2CCC(C3CCCC(CC(CC4CCCCC4)C4CCCC4)C3)CC2)CC1
C1CCC(CCC2CCC(CCC3CCCCC3)CC2)CC1
C1CCC(CCCCC2CCCCC2)CC1
C1CCC(CCC2CCC(CC3CCCC(C4CCC(CCC5CCCCC5)CC4)C3)CC2)CC1
C1CCC(CC2CCC3C(CCCC3C3CCCCC3C3CCCCC3)C2)CC1
C1CCC(CCCC2CCC(C3CCCCC3C3CCCC3)CC2)CC1
C(CCC1CCC(C2CCCC(C3CCCCC3)C2)CC1)CCC1CCCC(CC2CCC2)C1
C1CCC(CC2CCCCC2C2CCCCC2)CC1
C1CCC(C2CCC(C3CCCCC3C3CCCCC3C3CCCC3)CC2)CC1
C1CCC(CCC2CCC(CCC3CCC(C4CCCC(C5CCCCC5)C4)CC3)CC2)CC1
C1CCC(C2CCCCC2C2CCC(C3CCCCC3C3CCCCC3)C2)CC1
C1CCC(CCC2CCCC(CC3CCCCC3)C2)CC1
C1CCC(CC2CCCCC2)CC1
C1CCC(CC2CC3CCCCC3C2)CC1
C1CCC(C2CC3CCCCC3C(C3CCCCC3)C2)CC1
C1CCC(CC2CCC(C3CCCCC3C3CCCC(CC4CCCC4)C3)CC2)CC1
C1CCC(CC2CC(C3CCC3)CCC2C2CCCCC2)CC1
C1CCC(CC2CCC(C3CCC(C4CCCCC4)CC3)CC2)CC1
C1CCC(C2CCCC(C3CCCC(C4CCCC(C5CCCC5)C4)C3)C2)CC1
C1CCC(CCC2CCC(C3CCCC(C4CCCCC4)C3)CC2)CC1
C1CCC(CC2CCC(CC3CCCC(C4CCC(CC5CCCCC5)C4)C3)CC2)CC1
C1CCC(CC2CCCCC2C2CCCCC2C2CC3CCCCC3C2)CC1
C1CCC(C2CCCC(C3CCC4C(CC5CCCC5)CC(CCC5CCCC5)C4C3)C2)CC1
C1CCC(CCC2CCCCC2C2CCCCC2)CC1
C1CCC(CC2CCC(CC3CCC(C4CCCCC4)CC3)CC2)CC1
C1CCC(C2CCCC(C3CCC4CCCC4C3)C2)CC1
C1CCC(CC2CCCC(C3CCC(CC4CCCCC4C4CCCCC4)CC3)C2)CC1
C1CCC(CC2CCC(CCC3CCC(C4CCCCC4)CC3)CC2)CC1
C1CCC(C2CCCC(CCC3CCC(C4CCCCC4)CC3C3CCCCC3)C2)CC1
C1CCC(CC2CCC(C3CCC(C4CCC(C5CCC(C6CCCCC6)CC5)C4)CC3)CC2)CC1
C(CCCC1CCC(C2CCCC2)CC1)CCC1CCC(CC2CCCCC2)CC1
C1CCC(CCCC2CCC3C(CCCC3C3CCC(C4CCCC5CCCCC54)CC3)C2)CC1
C1CCC(CCCC2CCC(CCC3CCC(CCC4CCCCC4)CC3)CC2)CC1
C1CCC(C2CCCCC2C2CCC(CCC3CCCC3)CC2C2CCCCC2)CC1
C1CCC(C2CCC(CC3CC4CCCCC4C3)CC2)CC1
C1CCC(CCCC2CC(CCC3CCCCC3)C3CCCCC23)CC1
C1CCC(C2CC(C3CC4CCCCC4C(CC4CCC(C5CCCC5)CC4)C3)CC3CCCCC32)CC1
C1CCC(CCC2CCC(C3CCCCC3)CC2C2CCCC2)CC1
C1CCC(CC2CCC(C3CCCCC3)CC2)CC1
C1CCC(CCC2CCC(C3CCCC(CC4CCCCC4)C3)CC2)CC1
C1CCC(CCCC2CCC(C3CCCC3)CC2)CC1
C1CCC(CC2CCC(CC3CCCC(CC4CCCCC4)C3)CC2)CC1
C1CCC(CCC2CCC(CCC3CCCC(C4CCCCC4)C3)CC2)CC1
C1CCC(C2CCC(CC3CC3C3CCCCC3)CC2)CC1
C1CCC(CC2CCC(C3CCCC(CC4CCCCC4)C3)CC2)CC1
C1CCC(C2CCC(CCC3CCC(C4CCC5CCCCC54)CC3)CC2)CC1
C1CCC(CC2CCC(C3CCCC(C4CCCCC4)C3)CC2)CC1
C1CCC(CCCC2CC(CCC3CCCCC3)CCC2CC2CCCCC2)CC1
C1CCC(CC2CCCCC2CC2CCCC(C3CCCCC3)C2)CC1
C1CCC(CCC2CCC(C3CCCCC3C3CCCCC3)CC2)CC1
C1CCC(CC2CCCC(C3CCC(CCC4CCC(C5CC5)CC4)CC3)C2)CC1
C1CCC(C2CCCC(C3CCC(C4CCCC4)CC3)C2)CC1
C1CCC(C2CCCC(C3CCCCC3)C2)CC1
C1CCC(CCC2CCC(CC3CCC(CC4CCCCC4)CC3)CC2)CC1
C1CCC(CCC2CCC(CCC3CCCCC3)C(C3CCCCC3)C2)CC1
C1CCC(CCC2CCC(C3CCCC3)C(C3CCC4CCCC4C3)C2)CC1
C1CCC(CC2CCC(CCC3CCC(C4CCCCC4)CC3)CC2)CC1
C1CCC(CCCC2CCCCC2C2CCCC(CC3CCCCC3)C2)CC1
C1CCC(CC2CCCC(C3CCCCC3)C2)CC1
C1CCC(CCC2CCC(C3CCCC(CC4CCCCC4)C3)CC2)CC1
C1CCC(CCC2CCC(CCC3CCCC(CCC4CCCCC4)C3)CC2)CC1
C1CCC(C2CCCC(CCC3CCCC(C4CCCCC4)C3)C2)CC1
C1CCC(CC2CCCCC2C2CCC(C3CCC(C4CCC(C5CCCCC5)CC4)CC3)CC2)CC1
C1CCC(C2CCC(C3CCCC(C4CCC5CCCC5C4)C3)CC2)CC1
C(CCCC1CCCCC1)CCCC1CCCCC1CCC1CCC(C2CCCCC2)CC1
C1CCC(CCC2CCCCC2C2CCCC(CC3CC4CCCCC4C3)C2)CC1
C1CCC(CCC2CCCCC2C2CCCCC2)CC1
C1CCC(CC2CC(C3CCCCC3)CC(C3CCC4CCCC4C3)C2)CC1
C1CCC(CCCCC2CCC(CC3CCC(CC4CCCCC4)CC3)CC2)CC1
C1CCC(CC2CCCCC2C2CCCCC2)CC1
C1CCC(CC2CC(C3CCC4CCCCC43)CC3CC(C4CCC(C5CCCCC5)CC4)CC23)CC1
C1CCC(CC2CCCCC2C2CC(CC3CCCCC3C3CCCCC3)C3CCCCC32)CC1
C1CCC(C2CCCC(C3CCCC(C4CCCC4)C3)C2)CC1
C1CCC(CC2CCC(CC3CCC(C4CCCC(CC5CC5)C4)CC3)CC2)CC1
C1CCC(CC2CCC3C(C4CCCCC4)CC(C4CCCCC4)C3C2)CC1
C1CCC(C2CCCCC2C2CCC(C3CCCC(C4CCCC4)C3)C3CCCC32)CC1
C1CCC(C2CCCCC2C2CCC(CCC3CCC(C4CCC5CCCC5C4)C3)CC2)CC1
C1CCC(CCCCC2CCCC(C3CCCC(CC4CCCC(C5CC5)C4)C3)C2)CC1
C1CCC(CC2CCCCC2CC2CCC(C3CC3)CC2)CC1
C1CCC(C2CCCC(C3CCCCC3)C2)CC1
C1CCC(CC2CCCC(C3CCCCC3)C2)CC1
C1CCC(CC2CCCCC2CC2CCCCC2)CC1
C1CCC(C2CCC(C3CCC4CCCCC4C3)CC2)CC1
C1CCC(CCC2CCC(CC3CCC(C4CCC5CCCCC5C4)C3)CC2)CC1
C1CCC(CC2CCCC3CC(C4CCCCC4)CCC23)CC1
C1CCC(CCCCC2CCC(C3CCC(CC4CCCCC4)CC3)CC2)CC1
C1CCC(CC2CCC(C3CCC(C4CCCC(C5CCCCC5)C4)CC3)CC2)CC1
C1CCC(CCC2CCCCC2CCCC2CCCC(C3CCCCC3)C2)CC1
C1CCC(C2CCC(C3CCCC(CC4CC5CCCCC5C4)C3)CC2)CC1
C1CCC(CC2CC(C3CCCCC3)CC3CCCCC32)CC1
C1CCC(C2CCCCC2CC2CCCCC2C2CC3CCCCC3C2)CC1
C1CCC(CC2CCC(C3CCCCC3C3CCCCC3)CC2)CC1
C1CCC(CCCC2CCCCC2)CC1
C1CCC(CCC2CCC(C3CCCCC3)CC2C2CCC(C3CC3)CC2)CC1
C1CCC(CCC2CCCC(CC3CCCCC3)C2)CC1
C1CCC(CC2CCC(C3CCCC(CCCCC4CCCC4)C3)CC2)CC1
C1CCC(C2CCCC(C3CCC4CCCCC43)C2)CC1
C1CCC(C2CCC(CCC3CCCC(CC4CCCCC4C4CCCCC4)C3)CC2)CC1
C1CCC(C2CCC(C3CCC(C4CCCC(C5CCCCC5)C4)CC3)CC2)CC1
C1CCC(CCC2CCCC(CCCCCC3CCCC(CC4CCCCC4)C3)C2)CC1
C(CCC1CCC2CCCC2C1)CC1CCCC(CC2CCC3CCCCC32)C1
C1CCC(CC2CCCC(C3CC(CC4CCCCC4)C4CCCCC43)C2)CC1
C1CCC(CC(CC2CCCCC2)C2CCC(C3CCC(C4CCCC(C5CC5)C4)CC3)CC2)CC1
C1CCC(CC2CCC(C3CCC(C4CCCCC4C4CCCC4)CC3)CC2)CC1
C1CCC(CC2CCC(CCC3CCC(C4CCCCC4)CC3)CC2)CC1
C1CCC(CC2CCC(CC3CCCCC3)CC2)CC1
C1CCC(CCC2CCC(C3CCC(CC4CCCCC4)CC3)CC2)CC1
C1CCC(CC2CCCCC2C2CCCCC2C2CCC3CCCC3C2)CC1
C1CCC(CCC2CCC(C3CCCC(C4CCCCC4)C3)CC2)CC1
C1CCC(CC2CCCC(C3CCCC(C4CCCCC4)C3)C2)CC1
C1CCC(CCC2CCCC(C3CCCCC3)C2)CC1
C1CCC(C2CCCCC2CCC(C2CCCCC2)C2CCCCC2)CC1
C1CCC(CCC2CC(C3CCC(C4CCCCC4)CC3)C3CCC(CC4CCCCC4)CC23)CC1
C1CCC(CCCCC(C2CCCCC2)C2CCCC2C2CCCCC2)CC1
C1CCC(CC2CCCCC2C2CCCCC2)CC1
C1CCC(C2CCCC(CCCC3CCCC(CC4CC5CCCCC5C4)C3)C2)CC1
C1CCC(CC2CCC(C3CCCC(C4CCCCC4)C3)CC2)CC1
C1CCC(CC2CCC(C3CCCCC3)CC2)CC1
C1CCC(C2CCC(C3CCC(CC4CC(C5CCCCC5)C5CCCCC45)CC3)CC2)CC1
C1CCC(CCC2CCCC(CC3CCC(CCCC4CCCC4)CC3)C2)CC1
C1CCC(CCC2CCC(CCC3CCC(CC4CCCCC4)CC3)CC2)CC1
C1CCC(C2CCCC(C3CCCCC3)C2)CC1
C1CCC(CC2CCC(C3CCCC3)CC2)CC1
C1CCC(CCCC2CCC(C3CCCCC3)CC2CCC2CCCCC2)CC1
C1CCC(CC2CCC(CC3CCCC(C4CCCCC4CC4CCCCC4)C3)CC2)CC1
C1CCC(C2CCC(C3CCCCC3C3CCC4CCCCC43)CC2)CC1
C(CCCC1CCCC(CC2CCC3CCCCC3C2)C1)CCC1CCC(C2CCCC(C3CC3)C2)CC1
C1CCC(C2CCCCC2C2CCCC2)CC1
C1CCC(CCC2CCC(CCCC3CCC(CC4CCCC4)CC3)CC2)CC1
C1CCC(C2CCC(C3CCCC(C4CCCC(C5CCCCC5)C4)C3)CC2)CC1
C1CCC(CC2CC(C3CCCC(C4CCCC(C5CCCCC5)C4)C3)C3CCCCC23)CC1
C1CCC(CCC2CCC(CCC3CCC(C4CC5CCCCC5C4)CC3)CC2)CC1
C1CCC(CC2CCC(CC3CCC(CC4CCCCC4CCCC4CCCC4)CC3)CC2)CC1
C1CCC(CC2CCCC(C3CCCC(CC4CC5CCCCC5C4)C3)C2)CC1
C1CCC(CCCC2CCC(C3CCCC(CCCC4CC5CCCCC5C4)C3)CC2)CC1
C1CCC(C2CCCCC2)CC1
C1CCC(CC2CCC3CC(C4CCC(C5CCCCC5)CC4)CC(C4CCCCC4)C3C2)CC1
C1CCC(C2CC(C3CCCCC3)CC(C3CCCCC3)C2)CC1
C1CCC(CC2CCCCC2C2CCCC(C3CCCCC3)C2)CC1
C1CCC(CC2CCC(CCC3CCCCC3C3CCCCC3)CC2)CC1
C1CCC(CCCC2CCCC(C3CCCC(C4CCC(C5CCCCC5)CC4)C3)C2)CC1
C1CCC(C2CCCC(C3CCC(C4CCCC4)CC3)C2)CC1
C1CCC(CC2CCC(C3CCCCC3)CC2)CC1
C1CCC(CC2CCCCC2C2CCC(C3CCCCC3)CC2)CC1
C1CCC(CC2CCC(C3CC(CC4CCCCC4)C4CCCCC43)CC2)CC1
C1CCC(CCCCC2CCCC(CCC3CC(CC4CCCCC4)CCC3C3CC3)C2)CC1
C1CCC(C2CCCCC2C2CCCCC2)CC1
C1CCC(C2CCC3CC(C4CCCCC4)CCC3C2)CC1
C1CCC(CC2CCC(C3CCCC(C4CCCCC4)C3)CC2)CC1
C1CCC(CCC2CCC(C3CCC3)C(C3CCCCC3)C2)CC1
C1CCC(CC2CC(C3CCCCC3)CC(C3CCC(C4CCCCC4)CC3)C2)CC1
C1CCC(CC2CCC(CC3CCC4CCCC4C3)CC2)CC1
C1CCC(CCC2CCCC(CC3CCCCC3)C2)CC1
C1CCC(CCCC2CC(C3CCCCC3)CCC2C2CCCCC2)CC1
C1CCC(C2CCC(CC3CCC(C4CCC5CCCCC5C4)CC3)CC2)CC1
C1CCC(CC2CCC(CCC3CCC(CC4CCC5CCCCC54)C3)CC2)CC1
C1CCC(CCCCCC2CCC3C(CCC3C3CCCC3)C2)CC1
C1CCC(CCC2CCCCC2CC2CCCC(C3CCCCC3)C2)CC1
C1CCC(C2CCCC(C3CCC4C(CCC4C4CCCC4)C3)C2)CC1
C1CCC(C2CCCC(C3CCCC4CC(C5CCCCC5)CC43)C2)CC1
C1CCC(CC2CCC3C(CCC3CC3CCCC(C4CCCCC4)C3)C2)CC1
C1CCC(C2CCC(C3CC(C4CCCCC4)C4CCCCC34)CC2)CC1
C1CCC(C2CCC(CC3CCC(CC4CC5CCCCC5C4)CC3)CC2)CC1
C1CCC(CCCC2CCCC(CC3CCC4CC(C5CCC6CCCCC65)CCC34)C2)CC1
C1CCC(C2CCC3C(CCC3C3CCCCC3)C2)CC1
C1CCC(CC2CCCCC2C2CCCCC2)CC1
C1CCC(CC2CCC(C3CCCCC3)C(C3CCC4CCCC4C3)C2)CC1
C1CCC(CC2CCC(C3CCCC(CC(C4CCCC4)C4CC4)C3)CC2)CC1
C1CCC(CC2CCC(CC3CCC(CC4CCCCC4)CC3)CC2)CC1
C1CCC(CC2CCC(CCC3CC4CCCCC4C3)CC2CC2CCCCC2)CC1
C1CCC(CCC2CC(C3CCCCC3)CC(C3CCC3)C2)CC1
C1CCC(C2CCCCC2C2CCCC(C3CCC(CC4CCC4)CC3)C2)CC1
C1CCC(C2CCC3CCCCC32)CC1
C1CCC(CCC2CCCCC2CC2CCC(C3CCCCC3)CC2)CC1
C1CCC(CC2CCCC(CC3CC(CC4CC4)CCC3C3CCCCC3)C2)CC1
C1CCC(CC2CCC(C3CCCCC3C3CCCC3)CC2)CC1
C1CCC(C2CCCC(C3CCCCC3)C2)CC1
C1CCC(C2CCC3CC(CC4CCCC5CCCCC54)CCC32)CC1
C1CCC(CC2CCC(C3CCCC(C4CCCCC4)C3)CC2)CC1
C1CCC(CCC2CCCC(C3CCCCC3C3CCCC(C4CCCCC4)C3)C2)CC1
C1CCC(CCCC2CC(C3CCCCC3C3CCCCC3)C3CCC(C4CCCCC4)CC23)CC1
C1CCC(CC2CCCC(C3CCC(C4CCCCC4)CC3C3CCCCC3)C2)CC1
C1CCC(C2CCCC(CCC3CCCC4CC(C5CCCCC5)CCC34)C2)CC1
C1CCC(C2CCCC(C3CCCC(C4CCC5CCCC5C4)C3)C2)CC1
C1CCC(CC2CCC(CCC3CC4CCCCC4C3)CC2)CC1
C1CCC(CCCCC2CCC(CC3CCCCC3)CC2)CC1
C1CCC(C2CCCC(C3CCC(C4CC4)CC3CC3CCC4CCCC4C3)C2)CC1
C1CCC(C2CC(C3CCC4CCCCC43)CC3CCCCC32)CC1
C1CCC(CC2CCC(CC3CCCC(C4CCCCC4)C3)CC2)CC1
C1CCC(C2CCC(C3CCCC(C4CC5CCCCC5C4)C3)CC2)CC1
C1CCC(C2CCC(C3CCC4CCCC4C3)C2)CC1
C1CCC(C2CCC3C(CCCC3C3CCC4C(CCC4C4CCCCC4)C3)C2)CC1
C1CCC(CCC2CCC(C3CCCCC3)CC2C2CCCCC2)CC1
C1CCC(CCCC2CCC(C3CCCCC3)C(C3CCC(C4CCCC4)CC3)C2)CC1
C1CCC(CC2CCCC(C3CCCCC3C3CCCCC3)C2)CC1
C1CCC(CC2CCCC(C3CCCC(CC4CCCC4)C3)C2)CC1
C1CCC(CC2CCC(CC3CCCCC3)CC2)CC1
C1CCC(CC2CCC(C3CCCCC3)CC2)CC1
C1CCC(CCCC2CCC(CC3CCCCC3)CC2)CC1
C1CCC(CCC2CC(CC3CCCCC3)CCC2C2CCC(C3CCCCC3)CC2)CC1
C1CCC(C2CCC(CCCC3CCC(C4CCCCC4C4CCCCC4)CC3)CC2)CC1
C1CCC(CCC2CCC(C3CCCCC3)CC2C2CCCCC2)CC1
C1CCC2CC(CC3CCCC(C4CCCCC4C4CCCC4)C3)CC2C1
C1CCC(C2CCCC(CC3CCCCC3CCC3CCCCC3C3CCCCC3)C2)CC1
C1CCC(CC2CCC(CCC3CCC4CCCCC43)C(CC3CCCCC3)C2)CC1
C1CCC(CC2CCC(CCCC3CCC(C4CCCCC4)CC3)CC2)CC1
C1CCC(CC2CCC(CC3CCCCC3)CC2)CC1
C1CCC(C2CCCC(C3CCCCC3)C2)CC1
C1CCC(CCC2CC(CC3CCCCC3)CCC2C2CCCCC2)CC1
C1CCC(CC2CC(C3CCC(CC4CCCC4)CC3)C3CCCCC23)CC1
C1CCC(CC2CCCCC2CCCC2CCC(C3CCCCC3)CC2)CC1
C1CCC(CC2CC(CC3CCCC4CC(C5CCCCC5)CC43)C3CCCCC23)CC1
C1CCC(CCC2CCCC(C3CCC(CC4CCCCC4)CC3)C2)CC1
C1CCC(CCC2CCCC(C3CCCCC3C3CCCCC3C3CCCC3)C2)CC1
C1CCC(CCCCC2CCC(CC3CCC(C4CC4)CC3C3CCCCC3)CC2)CC1
C1CCC(CC2CCCC(CC3CC(C4CCCC5CCCCC54)C4CCCCC34)C2)CC1
C1CCC(CCC2CCCC(C3CCCC(C4CCCCC4)C3)C2)CC1
C1CCC(CCCC2CCC(C3CCCCC3)CC2)CC1
C1CCC(CC2CCCC(C3CCCCC3C3CCC3)C2)CC1
C1CCC(CCCCCC2CCC(CC3CCCCC3)CC2)CC1
C1CCC(C2CCCC(CC3CCC4CC(C5CCC(CCC6CC7CCCCC7C6)CC5)CCC34)C2)CC1
C1CCC(CCCC2CC(C3CCCCC3)C3CC(C4CCCCC4)CCC23)CC1
C1CCC(CC2CCCC(C3CCCCC3)C2)CC1
C1CCC(C2CCCC(C3CCCCC3C3CCCCC3)C2)CC1
C1CCC(CCC2CCC(C3CCCCC3)CC2)CC1
C1CCC(C2CCCC(CCCC3CCC(C4CC(C5CCCCC5)C4)CC3)C2)CC1
C1CCC(C2CCC(CC3CC3)CC2C2CCCCC2)CC1
C1CCC(C2CCCC(C3CCCC(CC4CC(C5CCCCC5)C5CCCCC45)C3)C2)CC1
C1CCC(CC2CCC3CC(CCC4CCCCC4C4CCCCC4)CCC23)CC1
C(CCCC1CCCCC1)CCCC1CCC(C2CCCCC2)CC1
C1CCC(CC2CCCC(CC3CC(C4CCCCC4)C4CCCCC34)C2)CC1
C1CCC(CCC2CC(C3CCC3)CC(C3CCCC(CC4CCCCC4)C3)C2)CC1
C1CCC(C2CCCCC2C2CCC(CC3CCC(C4CCCC4)CC3)CC2)CC1
C1CCC(C2CCCC(CC3CCCCC3C3CCCCC3)C2)CC1
C1CCC(C2CCCC(C3CCCCC3C3CCCC3)C2)CC1
C1CCC(CC2CCC(C3CCCC(CC4CCCC(C5CCCCC5)C4)C3)CC2)CC1
C1CCC(C2CCCC(C3CCC(C4CC5CCCCC5C4)CC3)C2)CC1
C1CCC(CC2CCC(CC3CCCCC3CC3CCCCC3C3CCCCC3)CC2)CC1
C1CCC(C2CCC(CCC3CCCC(C4CCCC(C5CCC5)C4)C3)CC2)CC1
C1CCC(C2CCC(C3CCCC(CCC4CC5CCCCC54)C3)CC2)CC1
C1CCC(CC2CCCCC2CCC2CCC3C(CC4CCCCC4)CCC3C2)CC1
C1CCC(CC2CCC(CC3CCCC(C4CCC(CC5CCCCC5)CC4)C3)CC2)CC1
C1CCC(C2CCCC(C3CCC(CCC4CCC(C5CCCC5)CC4)CC3)C2)CC1
C1CCC(CCC2CCC(C3CCC(C4CCC5CCCCC5C4)CC3)CC2)CC1
C1CCC(CC2CCC(CC3CCCCC3)CC2)CC1
C1CCC(C2CCC(C3CCC(C4CCCCC4)C(C4CCCCC4)C3)C2)CC1
C1CCC(CC2CCC(CCCCC3CCC(C4CCCCC4)CC3)CC2)CC1
C1CCC(CCC2CC(C3CCCCC3)C3CCCCC23)CC1
C1CCC(CC2CCC(CC3CCCCC3)CC2)CC1
C1CCC(C2CCC(CC3CCCC(C4CC(CCC5CCCC5)C5CCCCC54)C3)CC2)CC1
C1CCC(C2CCCC(C3CCCC(C4CCCCC4)C3)C2)CC1
C1CCC(CC2CCC(CC3CCCCC3C3CCCCC3)CC2)CC1
C1CCC(CCCCC2CCC(CCC3CCCCC3)CC2)CC1
C1CCC(CCCC2CC(CC3CCCCC3)CCC2C2CCCCC2CC2CCCCC2)CC1
C1CCC(C2CCCC(C3CCCC(C4CCCCC4)C3)C2)CC1
C1CCC(CCCC2CCC(CC3CCCCC3)CC2)CC1
C1CCC(CCCC2CC(CC3CCC4CCCC4C3)CC(C3CCCCC3)C2)CC1
C1CCC(C2CCC3C(CCC3C3CCCCC3)C2)CC1
C1CCC(C2CCCC(C3CCCC(C4CCCCC4)C3)C2)CC1
C1CCC(CC2CCCC(C3CC(CCC4CCC5CCCCC5C4)CC(C4CCCCC4)C3)C2)CC1
C1CCC(CCC2CCC(C3CCCCC3CC3CCCCC3)CC2)CC1
C1CCC(C2CCCC(C3CCC(C4CCCCC4C4CCCCC4)CC3)C2)CC1
C1CCC(CCCCCC2CCC(CCC3CCCC3)CC2)CC1
C1CCC(CCC2CCCC(C3CCC(C4CCC(CC5CCCCC5)CC4)CC3)C2)CC1
C1CCC(C2CCCCC2C2CCCC2)CC1
C1CCC(C2CCC(C3CCCCC3C3CCCCC3)CC2)CC1
C1CCC(CCCC2CCC(C3CCC(CCC4CCCC4)CC3)CC2)CC1
C1CCC(CCC2CCCC3CC(C4CCCCC4C4CCC5CCCC5C4)CCC23)CC1
C1CCC(C2CCCC3CC(C4CC5CCCCC5C4)CCC32)CC1
C1CCC(CC2CCC(CC3CCC(CC4CCCCC4)CC3)CC2)CC1
C1CCC(CC2CCC3CCCCC3C2)CC1
C1CCC(CC2CCC(C3CC(CC4CCCCC4)C4CCCCC43)CC2)CC1
C1CCC(CCC2CCC(C3CCC4CCCCC4C3)CC2)CC1
C1CCC(CCCC2CCC(CCC3CCC(C4CCCCC4)CC3)CC2)CC1
C1CCC(CCC2CCCC(C3CCCCC3)C2)CC1
C1CCC(CC2CC(CCC3CCCC(C4CCC5CCCCC54)C3)C3CCCCC23)CC1
C1CCC(CC2CCCCC2C2CCCCC2)CC1
C1CCC(CCCCC2CCCC(C3CCCCC3)C2)CC1
C1CCC(CCCC2CCC(C3CCCCC3)C(CCC3CCCCC3)C2)CC1
C1CCC(CCCC2CC(C3CCC(C4CCCCC4)CC3)C3CCCCC23)CC1
C1CCC(CC2CCC3CCCC(C4CCCCC4)C3C2)CC1
C1CCC(C2CCCCC2C2CCC3CCCC3C2)CC1
C1CCC(CCC2CCC(C3CCCCC3)CC2C2CCCCC2)CC1
C1CCC(CCC2CC(C3CCC(CC4CCCC(CC5CCCCC5)C4)CC3)C3CCCCC23)CC1
C1CCC(CC2CCC(C3CCC(C4CCCC(CC5CCCCC5C5CCCCC5)C4)C3)CC2)CC1
C1CCC(C2CCCC(C3CCCCC3C3CCCCC3)C2)CC1
C1CCC(CC2CCC(CC3CCC(CC4CCC5CCCCC54)CC3)CC2)CC1
C1CCC(CC2CC(C3CCCC(C4CCCCC4)C3)C3CCCCC23)CC1
C1CCC(C2CCC(CC3CC3)CC2CC2CCCCC2C2CCCC2)CC1
C1CCC(C2CCC(C3CCCCC3)CC2)CC1
C1CCC(C2CCCC(C3CCC(CC4CCC(C5CCCC(CCC6CCCC6)C5)CC4)CC3)C2)CC1
C1CCC(CCCC2CCC(CC3CCCCC3)CC2)CC1
C1CCC(CCCCC2CCC(CC3CCC(C4CCC5CCCC5C4)CC3)CC2)CC1
C1CCC(CCC2CCC(CC3CCC(CCC4CCC(CC5CCCCC5)CC4)C3)CC2)CC1
C1CCC(CCCC2CCCC(CC3CCCCC3)C2)CC1
C1CCC(CC2CCC(CC3CCCCC3)CC2)CC1
C1CCC(CC2CCC3C(CCC4CC5CCCCC5C4)CCC3C2)CC1
C1CCC(CCC2CCCCC2)CC1
C1CCC(CCCC2CCCCC2C2CCCCC2)CC1
C1CCC(CC2CCC(CC3CCCCC3C3CCCCC3)CC2)CC1
C1CCC(C2CCCC(C3CCCC(C4CCCC4)C3)C2)CC1
C1CC2CCC(C3CCCC(C4CCCC(C5CC5)C4C4CCC5CCCCC54)C3)CC2C1
C1CCC(C2CCCC(CC3CCCC(C4CCCC4)C3)C2)CC1
C1CCC(CC2CCCC2CCC2CCC(C3CCCCC3)CC2)CC1
C1CCC(CCC2CC(CC3CCC(CC4CCCCC4)CC3)C3CCCCC23)CC1
C1CCC(CC2CCC(C3CC(C4CCCCC4)CCC3C3CCCC3)CC2)CC1
C1CCC(C2CCCC(C3CCCC(C4CCC(C5CCCCC5C5CCCC5)CC4)C3)C2)CC1
C1CCC(C2CCCCC2C2CCC3C(CCCC3C3CCCCC3)C2)CC1
C1CCC(C2CCC(CC3CC3)CC2CCC2CCC(CC3CC4CCCCC4C3)CC2)CC1
C1CCC(CC2CCCCC2C2CCCCC2)CC1
C1CCC(C2CCCC(C3CC(C4CCCCC4)CC(C4CCCC4)C3)C2)CC1
C1CCC(CCC2CCCC(C3CCC(CC4CCCCC4)C(C4CCCC4)C3)C2)CC1
C1CCC(C2CCC(C3CCC(C4CCC(C5CCCCC5)C(C5CCCC5)C4)CC3)CC2)CC1
C1CCC(C2CCC(C3CCCCC3)CC2)CC1
C1CCC(CC2CCC(C3CCCCC3)C(CC3CCCCC3)C2)CC1
C1CCC(CC2CCCCC2C2CCCC(CC3CCC(C4CCCCC4)CC3)C2)CC1
C1CCC(CCCC2CCC(CC3CCCCC3)C2C2CCC(CC3CCCCC3)CC2)CC1
C1CCC(CCCCC2CCC(CCC3CCC(C4CCC5CCCCC54)CC3)CC2)CC1
C1CCC(CC2CCCCC2CC2CCC(C3CCCCC3)CC2)CC1
C1CCC(C2CCCCC2)CC1
C1CCC(CC2CCC(CCC3CC4CCCCC4C3)CC2)CC1
C1CCC(C2CCCC(C3CCCCC3)C2)CC1
C1CCC(C2CCC(C3CC4CCCCC4C3)CC2CCC2CCC3CCCCC32)CC1
C1CCC(CCC2CCC(C3CCC(CC4CCC(C5CCCC5)CC4)CC3)CC2)CC1
C1CCC(CCC2CCC(CC3CCCCC3)C(C3CCCC3)C2)CC1
C1CCC(CC2CCCCC2CC2CCCCC2C2CCCCC2)CC1
C1CCC(CCCCC2CCC(CC3CCCCC3CCC3CCCCC3)CC2)CC1
C1CCC(CCCC2CCCCC2)CC1
C1CCC(CCC2CCCC(C3CCCCC3)C2)CC1
C1CCC(C2CCC(CC3CCCC(C4CCCCC4)C3)CC2)CC1
C1CCC(C2CCCCC2CC2CCC(CCC3CC4CCCCC4C3)CC2)CC1
C1CCC(CC2CCCC(C3CCCCC3)C2)CC1
C1CCC(CCC2CCC3C(CC4CCCCC4)CC(CCC4CCCCC4)C3C2)CC1
C1CCC(CCC2CCC(C3CCCCC3)CC2)CC1
C1CCC(C2CCCC(C3CCCC(C4CCCCC4)C3)C2)CC1
C1CCC(CCCCC2CCC(C3CCC(C4CCCC4)CC3)CC2)CC1
C1CCC(CC2CC(CC3CCC(C4CCCC(C5CCCC5)C4)CC3)C3CCCCC23)CC1
C1CCC(C2CCCCC2C2CCCCC2CC2CC2)C1
C1CCC(C2CCCCC2)CC1
C1CCC(CCC2CCC3C(CC4CCCCC4)CC(C4CCCCC4)C3C2)CC1
C1CCC(C2CCCCC2C2CCC3CCCC3C2)CC1
C1CCC(CC2CCCC(CC3CCCCC3)C2)CC1
C1CCC(CC2CCC(C3CCCCC3)CC2)CC1
C1CCC(C2CCC(C3CCCC4CCCC43)CC2)CC1
C1CCC(CCCC2CCC(C3CCCC(C4CCCCC4)C3)CC2)CC1
C1CCC(CCC(CC2CCC(CC3CCCCC3)CC2)C2CCCCC2)CC1
C1CCC(CCC2CCC(CCC3CCCC(CC4CCCCC4)C3)CC2)CC1
C1CCC(C2CCC(CCCC3CCCC3)CC2)CC1
C1CCC(C2CCC(C3CCCC(C4CCC(C5CCCCC5)CC4)C3)CC2)CC1
C1CCC(CCCCCC2CCCCC2C2CCC(CC3CCCC(C4CCCCC4)C3)CC2)CC1
C1CCC(CCCC2CCCC(C3CCCCC3)C2)CC1
C1CCC(CC2CCC(CCC3CCC(CC4CCC(C5CCCCC5)CC4)CC3)CC2)CC1
C1CCC(CC2CC(C3CCC(C4CCCCC4)CC3C3CCCC3)C3CCCCC23)CC1
C1CCC(CCC2CCCC(CCC3CC4CCCCC4C3)C2)CC1
C1CCC(C2CCC(CCC3CCCC(C4CCCCC4C4CCCCC4)C3)CC2)CC1
C1CCC(CCCC2CC(C3CCCCC3C3CCCCC3)C3CCCCC23)CC1
C1CCC(C2CCCCC2C2CCC(CC3CCCCC3C3CCCC3)CC2)CC1
C1CCC(CC2CCCCC2C2CCCCC2)CC1
C(CCC1CCC(C2CCCCC2)CC1)CCC1CCCC(C2CCCCC2)C1
C1CCC(C2CC3CCCCC3C(C3CCCCC3)C2)CC1
C1CCC(CCC2CCCC3CC(C4CCCCC4CC4CCCCC4)CCC23)CC1
C1CCC(CCC2CCCC(CC3CCCCC3)C2)CC1
C1CCC(CCC2CC3CCCCC3C2)CC1
C1CCC(CC2CCC3C(CCC3C3CCC(C4CCC5CCCCC5C4)CC3)C2)CC1
C1CCC(CC2CCC(CCCC3CCCC(CC4CCCCC4)C3)CC2)CC1
C1CCC(CCC2CCCC(C(C3CCCCC3)C3CCCCC3)C2)CC1
C1CCC(CCC2CCC(C3CCCC(C4CCCC4)C3)C(C3CCCCC3)C2)CC1
C1CCC(CCC2CCCC(C3CCCC(C4CCCCC4)C3)C2)CC1
C1CCC(C2CCC(C3CC(C4CCCC4)CC3C3CCC3)CC2)CC1
C1CCC(CC2CCCCC2)CC1
C1CCC(C2CCCC(C3CCC(C4CCCC4)CC3)C2)CC1
C1CCC(CCCC2CCC(CC3CCC(C4CCCCC4)CC3)CC2)CC1
C1CCC(CCCCC2CCC(C3CCCCC3)CC2)CC1
C1CCC(CC2CCC(C3CCC(CC4CCC5CCCC5C4)CC3)C(C3CCCCC3)C2)CC1
C1CCC(CC2CCC(CC3CCC(C4CCCCC4)CC3)CC2)CC1
C1CCC(CCCC2CCCC(C3CCCCC3)C2)CC1
C1CCC(CCCC2CCCCC2C2CCCCC2C2CCC3CCCC3C2)CC1
C1CCC(CCCC2CCC(CC3CCCCC3C3CCCCC3)CC2)CC1
C1CCC(CCC2CCC(CC3CCC(C4CCCCC4)CC3)CC2)CC1
C1CCC(CCC2CC(C3CCCCC3)CC(C3CCCCC3)C2)CC1
C1CCC(CCCCCC2CCC(CCCC3CCC(C4CC4)CC3)CC2)CC1
C1CCC2CC(C3CCCCC3C3CCCCC3C3CCCC3)CCC2C1
C1CCC(CC2CCC(CC3CCC(CC4CCCC(C(CC5CCCCC5)C5CC5)C4)CC3)CC2)CC1
C1CCC(CC2CCC(CC3CCCCC3)CC2)CC1
C1CCC(CC2CCC(CCC3CCC(C4CCCCC4C4CCCC4)CC3)CC2)CC1
C1CCC(CCCC2CCCC(CC3CCC(C4CCCCC4CC4CCCCC4)CC3)C2)CC1
C1CCC(CC2CCCC(C3CCCCC3C3CCCCC3)C2)CC1
C1CCC(CCC2CC(C3CCCCC3)CC(C3CCCCC3)C2)CC1
C1CCC(C2CCC(C3CCCC(C4CCC5CCCCC54)C3)C(C3CCCC3)C2)CC1
C1CCC(CC2CCCCC2C2CCCC(C3CCCCC3)C2)CC1
C1CCC(CC2CCCCC2)CC1
C1CCC(CC2CCC(C3CCCCC3)CC2)CC1
C1CCC(CCCC2CCC(CC3CCC(CC4CCCCC4)CC3)CC2)CC1
C1CCC(C2CCC(CC3CCCC4CC(C5CCCCC5)CCC34)CC2)CC1
C1CCC(CC2CCCCC2C2CCC(C3CCCCC3C3CCCCC3)CC2)CC1
C1CCC(CCC2CCCC(CCC3CCCCC3)C2C2CCCCC2)CC1
C1CCC(CCCCC2CCC(C3CCCCC3)CC2)CC1
C1CCC(CCCCC2CCC(C3CCC(C4CCCCC4)CC3)CC2)CC1
C1CCC(CCC2CCCC(C3CCCCC3)C2)CC1
C1CCC(CCC2CCC(CC3CCCCC3)CC2)CC1
C1CCC2CC(C3CCCCC3C3CCC(C4CCC5CCCC5C4)CC3)CCC2C1
C1CCC(CC2CCCCC2C2CCCC2)CC1
C1CCC(CC2CCC(CCCC3CC4CCCCC4C3)CC2)CC1
C1CCC(CCC2CCC(C3CCC4CCCC4C3)CC2)CC1
C1CCC(CC2CCC(C3CCC4CC(C5CCCCC5)CCC4C3)CC2)CC1
C1CCC(C2CCC(CCC3CCC(CCC4CCCC5CCCCC54)CC3)CC2)CC1
C1CCC(CCCC2CCC(CCCC3CCCCC3)CC2)CC1
C1CCC(CC2CCCCC2C2CCCC(C3CCC(CCC4CCCC4)CC3)C2)CC1
C1CCC(C2CCCCC2CCCC2CCC(CCCC3CCCC3)CC2)CC1
C1CCC(CC2CCC(CCCCC3CCCCC3CC3CCCCC3)CC2)CC1
C1CCC(C2CCCC(C3CCC(C4CCCCC4C4CCCC4)C3)C2)CC1
C1CCC(CCC2CCCC(CC3CCCC(CC4CCCC(C5CCCCC5)C4)C3)C2)CC1
C1CCC(CC2CCC(CC3CCCC(C4CC5CCCCC5C4)C3)CC2)CC1
C1CCC(C2CCCCC2CCCC2CCCCC2C2CCC3CCCCC3C2)CC1
C1CCC(CCCC2CCC(CC3CCC(C4CCCCC4)CC3C3CCC3)CC2)CC1
C1CCC(CC2CCCC(CC3CCCCC3)C2)CC1
C1CCC(C2CC(C3CCCCC3)CC(C3CCCCC3)C2)CC1
C1CCC(C2CCCC(C3CC4CCCCC4C3)C2)CC1
C1CCC(CC2CCCCC2C2CC(C3CCCCC3)C3CCCCC32)CC1
C1CCC(C2CCCC(CC3CCC4CCCCC43)C2)CC1
C1CCC(C2CCCCC2C2CCCCC2)CC1
C1CCC(CC2CCC(C3CCCC(C4CCC(CC5CCC(C6CCCCC6)CC5)CC4)C3)CC2)CC1
C1CCC(CC2CCC(C3CCCC(CC4CCC5CCCCC54)C3)CC2)CC1
C1CCC(C2CCCCC2C2CCCCC2CC2CC3CCCCC3C2)CC1
C1CCC(CC2CC(CC3CCCCC3)C3CC(CCC4CCC5CCCCC54)CCC23)CC1
C1CCC(C2CCCC(C3CCCCC3C3CCCC3)C2)CC1
C1CCC(CCCC2CCC(C3CCCCC3C3CCCCC3CC3CC4CCCCC4C3)CC2)CC1
C1CCC(CC2CCCCC2C2CCC3C(CCCC3C3CCCCC3)C2)CC1
C1CCC(C2CCC(CCC3CCC(C4CCCCC4)CC3)CC2)CC1
C1CCC(CC2CCC(CC3CCCC(C4CCCCC4CC4CCCC4)C3)CC2)CC1
C1CCC(C2CCCC(C3CCC(CCC4CC4)CC3)C2)CC1
C1CCC(CCC2CCC(C3CC(C4CCCCC4C4CCCC4)C4CCCCC34)CC2)CC1
C1CCC(CC2CCCC(C3CCCC4CC(C5CCCCC5C5CCCC5)CCC43)C2)CC1
C1CCC(CC2CCC(CC3CCCCC3)CC2)CC1
C1CCC(CCCCC2CCCCC2C2CCC(C3CCCCC3)CC2)CC1
C1CCC(CCCC2CCCCC2CCCCC2CCC(C3CCCC(C4CC4)C3)CC2)CC1
C1CCC(CC2CCCC(CC3CCCCC3C3CCCCC3)C2)CC1
C1CCC(CCC2CCCCC2C2CCCCC2)CC1
C1CCC(CC2CCCCC2C2CCCCC2CC2CC2)CC1
C1CCC(C2CC(CC3CCCC3)C3CCC(C4CCCCC4C4CCCC4)CC32)CC1
C1CCC(CC(C2CCCC(CC3CC4CCCCC4C3)C2)C2CCCCC2C2CCCCC2)CC1
C1CCC(C2CCC(C3CCCCC3)CC2)CC1
C1CCC(CC2CCC(C3CCC(CC4CCC(C5CCCC(CC6CC6)C5)CC4)CC3)CC2)C1
C1CCC(CC2CCCC(C3CCCCC3)C2)CC1
C1CCC(CCC2CCCC(C3CCC(CC4CCC(CC5CC5)CC4)CC3)C2)CC1
C1CCC(CCCCCC2CCC(C3CCCCC3)CC2)CC1
C1CCC(CC2CCC(C3CCCC(C4CCCC4)C3)C(C3CCCCC3)C2)CC1
C1CCC(CCC2CCCC(C3CCCCC3)C2)CC1
C1CCC(C2CCC(C3CCCC(C4CC(CC5CC5)CC(CC5CC5)C4)C3)CC2)CC1
C1CCC(C2CCCC(C3CCC4CCC(C5CCCCC5C5CCCC5)C4C3)C2)CC1
C1CCC(CC2CCC(CC3CCC4C(CC5CCCCC5)CCC4C3)CC2)CC1
C1CCC(CCC2CCC(C3CCCC(CC4CCCCC4)C3)C(C3CCCC3)C2)CC1
C1CCC(CCCC2CCCC(C3CCCC(CC4CC5CCCCC5C4)C3)C2)CC1
C1CCC(CC2CCC(C3CCCCC3)CC2)CC1
C1CCC(CC2CCC(C3CCCC3C3CCCCC3)CC2)CC1
C1CCC(CC2CCC(C3CCCCC3)CC2C2CCCCC2)CC1
C1CCC(CC2CCC(CCCC3CCC(CC4CCC(C5CC5)CC4)CC3)CC2)CC1
C1CCC(C2CCC(C3CCC4CCCC4C3)C(C3CCCC3)C2)CC1
C1CCC(CC2CCC(C3CCCCC3)CC2)CC1
C1CCC(C2CCCC(C3CCC(C4CCCC(CC5CCCC5)C4)CC3)C2)CC1
C1CCC(CCC2CCC(C3CCCCC3)CC2)CC1
C1CCC(CC2CCCC(C3CCC4C(CCCC4C4CCC5CCCCC54)C3)C2)CC1
C1CCC(CC2CCCC(CC3CCCCC3)C2)CC1
C1CCC(CC2CC(C3CCC(C4CCCCC4)CC3)C3CCCCC23)CC1
C1CCC(CCC2CCC(CC3CC(CC4CCCCC4)C4CCCCC34)CC2)CC1
C1CCC(C2CCCC(C3CC(C4CCCC(C5CCCC5)C4)C4CCC(C5CCCCC5)CC34)C2)CC1
C1CCC(C2CCC3C(CC4CCCC(C5CCC6CCCCC6C5)C4)CCC3C2)CC1
C1CCC(C2CCCCC2CCC2CCCCC2C2CCCCC2C2CCCCC2)CC1
C1CCC(C2CCCC(CC3CCCC(C4CCCC(C5CCCCC5)C4)C3)C2)CC1
C1CCC(C2CCC(C3CCCCC3C3CCCCC3C3CCCCC3)CC2C2CCCCC2)CC1
C1CCC(C2CC(CCCC3CCCC(C4CCCC(C5CCCC5)C4)C3)C3CCCCC32)CC1
C1CCC(CCC2CCCC(C3CCCC(C4CCCCC4)C3)C2)CC1
C1CCC(CCC2CCC(C3CCCC(CC4CCC5CCCCC54)C3)CC2)CC1
C1CCC(CC2CCC(CC3CCC(C4CCCCC4)CC3)CC2)CC1
C1CCC(C2CCCC(C(CC3CCC4CCCCC4C3)C3CCCCC3C3CCCCC3)C2)CC1
C1CCC(CC(C2CCCCC2)C2CCCCC2C2CCCC2)CC1
C1CCC(C2CCC(C3CCCCC3)C(C3CCC4CCCCC4C3)C2)CC1
C1CCC(CCCC2CCC(CC3CCCC4CCCCC43)CC2)CC1
C1CCC(CC2CCCC(C3CCCCC3C3CCCCC3)C2)CC1
C1CCC(C2CCCC(C3CCCCC3)C2)CC1
C1CCC(C2CCCC(C3CCC(C4CC5CCCCC5C4)CC3)C2)CC1
C1CCC(C2CCC(C3CCC(C4CCCC4)C(C4CCCCC4)C3)CC2)CC1
C1CCC(C2CCCCC2C2CCCCC2CCC2CCC(C3CCC4CCCCC43)CC2)CC1
C1CCC(CCCC2CCC(C3CCCCC3)CC2C2CCCCC2)CC1
C1CCC(CC2CCCC(C3CC(C4CCCCC4)C4CC(CC5CCCCC5)CCC34)C2)CC1
C1CCC(CC2CCC(CCC3CCCC3)CC2)CC1
C1CCC(CCCCC2CCCCC2CC2CCC(CC3CCCCC3)CC2)CC1
C1CCC2C(C1)CCC2CCC1CCC(CCC2CCC3CCCCC32)CC1
C1CCC(CCC2CCC(C3CCC(C4CCC(CC5CCCCC5)CC4)CC3)CC2)CC1
C1CCC(CC2CCC(C3CCCCC3C3CCCC3)CC2)CC1
C1CCC(CC2CCC(CC3CC4CCCCC4C3)CC2)CC1
C1CCC(C2CCC(C3CCCCC3)C(C3CCCCC3)C2)CC1
C1CCC(C2CCC(C3CCCC(C4CCCC5CCCCC54)C3)CC2)CC1
C1CCC(CCC2CCCC(C3CCCC(CC4CCCCC4)C3)C2)CC1
C1CCC(CC2CCC(CC3CC(CC4CC4)CCC3C3CCCCC3)CC2)CC1
C1CCC(CC2CCCC(C3CCC(CC4CCCCC4CCCCC4CCC(C5CC5)CC4)CC3)C2)CC1
C1CCC(CC2CCC3CCC(CCCC4CC5CCCCC5C4)CC32)CC1
C1CCC(CCC2CCCC(CC3CCC(C4CCCC(CC5CCCCC5)C4)CC3)C2)CC1
C1CCC(C2CCC(C3CCCC3)C(C3CCCCC3)C2)CC1
C1CCC(CC2CCCC(C3CCC(C4CC5CCCCC5C4)CC3)C2)C1
C1CCC(CC(C2CCCC(C3CCC3)C2)C2CCCCC2CCCC2CC3CCCCC3C2)CC1
C1CCC(CCC2CC(C3CCCC(C4CCCC4)C3)CCC2CC2CCCCC2)CC1
C1CCC(C2CCC(C3CCCC(C4CCCC4)C3)CC2)C1
C1CCC(CC2CCC(CC3CCCCC3)CC2)CC1
C1CCC(C2CCCCC2CCCCC2CCC3CCCCC23)CC1
C1CCC(C2CCCC(C3CCCCC3C3CCCCC3)C2)CC1
C1CCC(C2CCCC(CCC3CCC(C4CCCCC4C4CC4)CC3)C2)CC1
C1CCC(C2CCC(CC3CCC(CC4CC5CCCCC5C4)CC3)CC2)CC1
C1CCC(C2CCCCC2CC2CCC3CCCC3C2)CC1
C1CCC(CC2CCC(CCC3CC(CC4CCCCC4)C4CCCCC34)CC2)CC1
C1CCC(CCCC2CCCC(CC3CC(C4CCCCC4)CC(C4CCC4)C3)C2)CC1
C1CCC(CC2CCC(C3CC(C4CCCC(CC5CCCCC5)C4)C4CCCCC34)CC2)CC1
C1CCC(C2CCCC(C3CCCCC3)C2)CC1
C1CCC(CC2CCCC(C3CCC(CC4CCC(CC5CCC6CCCC6C5)CC4)CC3)C2)CC1
C1CCC(CCC2CCC(CC3CCCCC3)CC2)CC1
C1CCC(CCC2CCC3CC(C4CCC5CCCCC54)CC(C4CCCCC4)C3C2)CC1
C1CCC(CC2CC(C3CCCCC3)C3CCCCC23)CC1
C1CCC(C2CCCC(C3CCCCC3C3CCCCC3)C2)CC1
C1CCC(CCCCC2CCCC(C3CCC(C4CC4)CC3)C2)CC1
C1CCC(CCCC2CCC(CCC3CCCCC3)CC2)CC1
C1CCC(CCCC2CCC(CCC3CC4CCCCC4C3)CC2)CC1
C1CCC(CCC2CCCC(C3CCC(CC4CCCCC4)C3)C2)CC1
C1CCC(CCCC2CCC(CC3CCC(CC4CC5CCCCC5C4)CC3)CC2)CC1
C1CCC(CCCC2CCCC(CC3CCCCC3)C2)CC1
C1CCC(CCC2CCCC(C3CCCCC3)C2)CC1
C1CCC(CCC2CCCC(C3CCCC(CC4CCCCC4)C3)C2)CC1
C1CCC(CCCC2CC(C3CCCCC3)CC(C3CCC3)C2)CC1
C1CCC(CC2CCC(CC3CCCCC3)CC2)CC1
C1CCC(CCC2CCC(CC3CCC4CCCCC43)CC2C2CCCC3CCCCC32)CC1
C1CCC(C2CCCC(C3CCCCC3C3CC(C4CCCCC4)C3)C2)CC1
C1CCC(C2CCC(C3CCCCC3C3CCCCC3)CC2)CC1
C1CCC(C2CCC(C3CCCC(CCC4CCCC4)C3)CC2)CC1
C1CCC(CC2CCC(CCCCC3CCCC(C4CCCCC4)C3)CC2)CC1
C1CCC(CC2CCC(C3CCCCC3)CC2C2CCCC2)CC1
C1CCC(CC2CC(C3CCCCC3)CC(C3CCCCC3)C2)CC1
C(CCCC1CCC2CC(CCC3CCCC3)CC(C3CCCCC3)C2C1)CCC1CCC2CCCC2C1
C1CCC(CC2CCC(CC3CCC(C4CCCC4)CC3)CC2)CC1
C1CCC(CCCC2CCCC(C3CCC(CC4CCC(C5CC5)CC4)CC3)C2)CC1
C1CCC(CC2CCCC(C3CCCC(C4CCCC4)C3)C2)CC1
C1CCC(CC2CCC(C3CCCCC3)CC2)CC1
C1CCC(C2CCC(C3CCCC(C4CCCCC4)C3)CC2)CC1
C1CCC(C2CCC(CCC3CC4CCCCC4C3)CC2)CC1
C1CCC(CCCC2CCCC(CC3CCCCC3)C2)CC1
C1CCC(C2CCCC(CC3CCC(CC4CCCC(C5CCC(C6CCC6)CC5)C4)CC3)C2)CC1
C1CCC(CCC2CCCC(C3CCCCC3)C2)CC1
C1CCC(CCCC2CCCCC2)CC1
C1CCC(CC(CC2CCCC(C3CCCCC3)C2)C2CCCCC2)CC1
C1CCC(CC2CCCCC2CCC2CCCCC2C2CC3CCCCC3C2)CC1
C1CCC(CCCC2CCCC(C3CCC(CC4CCCCC4)C(C4CCC(C5CCCC5)CC4)C3)C2)CC1
C1CCC(CCCC2CCCCC2C2CCC(CC3CCCCC3)CC2)CC1
C1CCC(CC2CC(C3CCCCC3)C3CC(C4CCC(C5CCCCC5)CC4)CCC23)CC1
C1CCC(C2CCC(C3CCC(C4CCC5CCCCC54)CC3)CC2)CC1
C1CCC(CC2CCCCC2C2CCC(C3CCCCC3)C(CC3CCCC3)C2)CC1
C1CCC(CCCC2CCCC(CC3CCC(CCC4CCCCC4)CC3)C2)CC1
C1CCC(CCCC2CCCC(CC3CCCCC3)C2)CC1
C1CCC(CCC2CC3CCC(C4CCC(C5CC5)CC4)CC3C(C3CCCCC3)C2)CC1
C1CCC(CCC2CCCCC2C2CCC(CC3CCCCC3)CC2)CC1
C1CCC(CC2CCC(CCCC3CCCC(CCCC4CC4)C3)CC2)CC1
C1CCC(CC2CCC(C3CCCCC3)C(C3CCCC3)C2)CC1
C1CCC(CCC2CCCC(CC(CC3CCCCC3)C3CCCC3)C2)CC1
C1CCC(CCC2CCC(C3CCC(C4CCCCC4)CC3)CC2)CC1
C1CCC(CCCC2CCCC(C3CCCCC3)C2)CC1
C1CCC(CC2CCC(CC3CCCCC3CC3CCCCC3)CC2)CC1
C1CCC(CCCCC2CCC(CCC3CCCC(C4CCCCC4)C3)CC2)CC1
C1CCC(C2CC3CCC(CC4CCCC4)CC3C(C3CCCCC3)C2)CC1
C1CCC(C2CCC(C3CCCCC3)CC2)CC1
C1CCC(CC2CCCC(C3CCCCC3)C2)CC1
C1CCC(CC2CCC(C3CCCCC3C3CCCCC3)CC2)CC1
C1CCC(CCC2CCC(CC3CCC(CC4CCCC4)CC3)CC2)CC1
C1CCC(CC2CCCC(C3CCC(CC4CCC(C5CCCC5)CC4)CC3)C2)CC1
C1CCC(CCCCCC2CC(C3CCCCC3)CC(C3CCCC(C4CC5CCCCC5C4)C3)C2)CC1
C1CCC(CC2CCC(C3CCCCC3C3CCCCC3)CC2)CC1
C1CCC(CCCC2CCC(CC3CCCCC3)CC2C2CCC(C3CC3)CC2C2CCCC2)CC1
C1CCC(CC2CCC(CC3CC(C4CCCC4)C4CCCCC34)CC2)CC1
C1CCC(CC2CC(C3CCC3)CCC2C2CCCCC2)CC1
C1CCC(CC2CC(C3CCCCC3)CC(C3CCCCC3)C2)CC1
C1CCC(CCCC2CCC(CC3CCCCC3)CC2CCC2CCCCC2)CC1
C1CCC(CCC2CCC(CCC3CCCCC3)C(CC3CCCC3)C2)CC1
C1CCC(CCCC2CCCCC2C2CCC(CC3CCCC3)CC2)CC1
C1CCC(CC2CCC(C3CCCC(C4CCCCC4)C3)CC2)CC1
C1CCC(CCCC2CCC(CC3CCC(C4CCCCC4CC4CCC5CCCCC54)CC3)CC2)CC1
C1CCC(CCC2CCC(CC3CCCCC3)CC2)CC1
C1CCC(C2CCCC(C3CCCCC3)C2)CC1
C1CCC(CCC2CCC(C3CCC(CC4CCC4)CC3)CC2)CC1
C1CCC(C2CCC(CCC3CCC(C4CCC4)CC3)CC2)CC1
C1CCC(CCC2CC(C3CCCCC3)CCC2C2CCCCC2C2CCCCC2)CC1
C1CCC(CCC2CC(CC3CC3)CCC2CC2CCCCC2)CC1
C1CCC(CC2CCC(CCC3CCCCC3C3CCCCC3)CC2)CC1
C1CCC(C2CC(C3CCC4CCCCC43)CC3CC(C4CCC(CCC5CCC(C6CCCC6)CC5)CC4)CCC32)CC1
C1CCC(CC2CCC(CC3CCCCC3)CC2)CC1
C1CCC(C2CCC(CCC3CCC(C4CCCC4)CC3)CC2)CC1
C1CCC(CCC(CC2CCC(C3CCCCC3)CC2)C2CCCCC2)CC1
C1CCC(C2CCCC(C3CCC(C4CCCCC4)C(C4CCCC4)C3)C2)CC1
C1CCC(C2CCC(C3CCC(C4CCC5CCCCC5C4)CC3)CC2)CC1
C1CCC(CC2CCCC3C(C4CCCCC4)CCCC23)CC1
C1CCC(C2CC(C3CCC(C4CCCC(C5CCCC5)C4)CC3)C2)CC1
C1CCC(CCC2CCCC(CC3CCCC(CC4CCC5CCCCC54)C3)C2)CC1
C1CCC(CCC2CCC3C(CCC3C3CCCCC3)C2)CC1
C1CCC(C2CCC(C3CC(CC4CCC5CCCC5C4)C4CCCCC43)CC2)CC1
C1CCC(C2CC(CC3CCC4CCCCC43)CC3CCCCC32)CC1
C1CCC(C2CCCCC2CC2CCCC3CCCCC32)CC1
C1CC2CCC(CC3CCC(C4CCCC(CC5CC5)C4)CC3)CC2C1
C1CCC(CC2CC(CC3CCC(CCC4CCC(C5CCCCC5)CC4)CC3)C3CCCCC23)CC1
C1CCC(CC2CCC(C3CCC4C(CCCC4C4CCC(CCC5CC5)CC4)C3)C2)CC1
C1CCC(CCC2CCCCC2CCC2CCCCC2)CC1
C1CCC(C2CCCCC2)CC1
C1CCC(CCC2CCCC(CCC3CCC4CCCCC43)C2)CC1
C1CCC(CC2CCC(CCC3CCCC(C4CCCCC4)C3)CC2)CC1
C1CCC(C2CCCC(C3CCC(CCC4CCC(C5CCCC5)CC4)CC3)C2)CC1
C1CCC(CCC2CCCC(C3CCCCC3)C2)CC1
C1CCC(C2CCCC(CC3CCC(CC4CCC(CC5CCC(CC6CC6)CC5)CC4)CC3)C2)C1
C1CCC(CC2CCCC(C3CCCCC3)C2)CC1
C1CCC(CC2CCC(CC3CCCCC3)CC2)CC1
C1CCC(C2CCCC(C3CC4CCCCC4C3)C2)CC1
C1CCC(CCC2CCC(CC3CCC(CC4CCCCC4)CC3)CC2)CC1
C1CCC(CCCC2CCC(CC3CCCCC3)CC2)CC1
C1CCC(CC2CCC(C3CCCCC3C3CCCCC3C3CCCCC3)C2)CC1
C1CCC(CCC2CCCC(C3CCCC(CC4CCCCC4)C3)C2)CC1
C1CCC(CC2CCCC(C3CC(CC4CCCCC4)C4CCCCC43)C2)CC1
C1CCC(C2CCCC(CC3CC(C4CCC(C5CCC6CCCCC65)CC4)C4CCCCC34)C2)C1
C1CCC(CCC2CC(C3CCCCC3)CC(C3CCCCC3)C2)CC1
C1CCC(C2CCCC(CCC3CCCCC3C3CCCCC3)C2)CC1
C1CCC(CCC2CCC(C3CCCCC3)CC2)CC1
C1CCC(CC2CCC(C(CCC3CCCC3)C3CCCCC3)CC2C2CCCCC2)CC1
C1CCC(C2CCCC(C3CCC4CCCCC43)C2)CC1
C1CCC(CC2CCC3CCCC(C4CCCCC4)C3C2)CC1
C1CCC(CCC2CCCC(C3CCCCC3)C2)CC1
C1CCC(CCCCCC2CCCC(CC3CCCC(C4CCC(C5CCC5)CC4)C3)C2)CC1
C1CCC(C2CCCC(C3CCCCC3CCCC3CCCC3C3CCCCC3)C2)CC1
C1CCC(C2CCC(C3CCCCC3)CC2)CC1
C1CCC(CCC2CCC(CCC3CCC(CC4CCCC5CCCCC54)CC3)CC2)CC1
C1CCC(CC2CC(C3CCC4CCCCC43)CC3CCCCC32)CC1
C1CCC(CC2CCCC(C3CCC(C4CCCCC4)CC3)C2)CC1
C1CCC(C2CCC(C3CCCCC3C3CCCC3)CC2)CC1
C1CCC(CC2CCC(CC3CCC(CC4CCC(C5CCCC5)CC4)CC3)CC2)CC1
C1CCC(CCC2CCCC(CC3CCC4CCCCC4C3)C2)CC1
C1CCC(CC2CCC(C3CCCC(CC4CCCC(CC5CC6CCCCC6C5)C4)C3)CC2)CC1
C1CCC(CC2CCC(C3CCC(C4CCCCC4)CC3C3CCCCC3)CC2)CC1
C1CCC(CC2CCC(CC3CCC(C4CCCC(C5CCCCC5)C4)CC3)CC2)CC1
C1CCC(C2CC(CCCC3CCCCC3C3CCCC3)CC(CC3CC3)C2)CC1
C1CCC(CC2CCCC(C3CCCC(CCC4CCCC(C5CCC5)C4)C3)C2)C1
C1CCC(CC2CCCC(C(CC3CC4CCCCC4C3)C3CCCCC3)C2)CC1
C1CCC(C2CCC(CC3CCC(CC4CCC5CCCCC54)CC3)CC2)CC1
C1CCC(CC2CCCC(C3CCCCC3)C2)CC1
C1CCC(C2CCCCC2C2CCC(CC3CCCCC3C3CCCC3)CC2)CC1
C1CCC(CC2CCC(CCCCC3CCC(C4CCCC(C5CCCC5)C4)CC3)CC2)CC1
C1CCC(C2CCCC(C3CCCC(C4CCCCC4)C3)C2)CC1
C1CCC(C2CCC(C3CCC4CCCCC4C3)CC2)CC1
C1CCC(CC2CCC(C3CCCCC3)CC2)CC1
C1CCC(CCC2CCC(C3CCCCC3)CC2)CC1
C1CCC(C2CCCC(C3CCC(C4CCC5CCCC5C4)CC3)C2)CC1
C1CCC(CC2CCC(CC3CCCC(C4CCCCC4)C3)CC2)CC1
C1CCC(CCC2CCCC(C3CCCCC3)C2)CC1
C1CCC(C2CCC(CC3CCC(CC4CCC(CC5CC5)CC4)CC3)CC2)CC1
C1CCC(CC2CCC(C(C3CCCC3)C3CCC(C4CCCC4)CC3)CC2)CC1
C1CCC(C2CCCCC2C2CCCCC2C2CCCCC2)CC1
C1CCC(CC2CCC(C3CCCC(C4CCC(C5CCCCC5)CC4)C3)CC2)CC1
C1CCC(C2CCC(C3CCC(C4CCCC4)C(C4CCCCC4)C3)C2)CC1
C1CCC(CCC2CCCC(C3CCCCC3)C2)CC1
C1CCC(C2CCC(C3CCC4CCCCC4C3)CC2)CC1
C1CCC(C2CCC(C3CCCC(CC4CC5CCCCC5C4)C3)CC2)CC1
C1CCC(CC2CCC(CC3CCCCC3)C(CC3CCCCC3)C2)CC1
C1CCC(CCCCC2CCC(C3CCCCC3CCC3CCCC3)CC2)CC1
C1CCC(C2CCCC(CCCC3CCC(C4CCCC(C5CCCCC5)C4)CC3)C2)CC1
C1CCC(CC2CCC(CC3CCCC(C4CCC(C5CCCC5)CC4)C3)CC2)CC1
C1CCC(CC2CCC(C3CCC4CC(C5CCCCC5)CCC43)CC2)CC1
C1CCC(C2CCC(C3CCCCC3)C(C3CCCCC3)C2)CC1
C1CCC(CCCC2CCCC(CC3CCCCC3)C2)CC1
C1CCC(C2CCC3CCC(CC4CCCC(C5CCC6CCCCC65)C4)CC3C2)CC1
C1CCC(C2CCCC(C3CCCC3)C2)CC1
C1CCC(CCC2CCC(CC3CCC(CC4CCCCC4)CC3)CC2)CC1
C1CCC(C2CCCCC2C2CCCC(CC3CC4CCCCC4C3)C2)CC1
C1CCC(C2CCCCC2)CC1
C1CCC(C2CCCC(C3CCCC(C4CCCC4)C3)C2)CC1
C(CCCC1CCC(C2CC(CC3CCCCC3)C3CCCCC32)CC1)CCC1CCCCC1
C1CCC(CCCCC2CC(CCC3CCCCC3)C3CCCCC23)CC1
C1CCC(CC2CCC(C3CCCC3)CC2)CC1
C1CCC(C2CCC(C3CCCCC3)C2)CC1
C1CCC(CCCCC2CCC(CC3CC4CCCCC4C3)C2)CC1
C1CCC(CC2CCC(CC3CCC4C(CC5CCCCC5)CCC4C3)CC2)CC1
C1CCC(CC2CCCCC2C2CCCC3CC(C4CCCCC4)CCC32)CC1
C1CCC(CC2CCC(CC3CCC(C4CCCCC4)CC3)CC2)CC1
C1CCC(C2CCC(CC3CCC(CC4CCCC(C5CCCCC5)C4)CC3)CC2)CC1
C1CCC(C2CCC(C3CCCC3)C(C3CCC4CCCC4C3)C2)CC1
C1CCC(CCCCC2CC(CC3CCCCC3)CCC2CC2CCCCC2)CC1
C1CCC(CCCC2CCC(C3CCCCC3)CC2)CC1
C1CCC(C2CCC(C3CCC(C4CCCC(C5CCCCC5)C4)CC3)CC2)CC1
C1CCC(CC2CCCC(CC3CCC(C4CCCCC4)CC3)C2)CC1
C1CCC(CCC2CCC(C3CCCCC3C3CCC4CCCC4C3)CC2)CC1
C1CCC(C2CC3CCC(CC4CCC(C5CCCC5)CC4)CC3C2)CC1
C1CCC(CC2CCC(CC3CC(CC4CCCCC4)C4CCCCC34)CC2)CC1
C1CCC(C2CCCC(C3CCC(CC4CCC(C5CC5)CC4)CC3)C2)CC1
C1CCC(CC2CCCCC2)CC1
C1CCC(C2CCC(CCC3CCCCC3C3CCCC3)CC2)CC1
C1CCC(CCCC2CCC(C3CCC(C4CCCC(CC5CCCC5)C4)CC3)CC2)CC1
C1CCC(C2CCC(CCC3CCCCC3C3CCC4CCCCC4C3)CC2)CC1
C1CCC(CC2CCC(C3CCC(CC4CCC5CCCCC5C4)CC3)CC2)CC1
C1CCC(CCC2CCC(CCC3CCC4CCC(CCC5CCCCC5)C4C3)CC2)CC1
C1CCC(C2CCCC(CC3CCCCC3C3CCCCC3C3CCCCC3)C2)CC1
C1CCC(CC2CCC(C3CCCCC3)CC2)CC1
C1CCC(CCCC2CCC(CC3CCC(CC4CCCC(CC5CC5)C4)CC3)CC2)CC1
C1CCC(CC2CCC3CCCCC32)CC1
C1CCC(CC2CCCC(CC3CCCC4CCCCC43)C2)CC1
C1CCC(CC2CCC(CC3CCC4CCCCC4C3)CC2)CC1
C1CCC(CCC2CCC(CCC3CCCCC3)C(CCC3CCCCC3)C2)CC1
C1CCC(CC2CC(CC3CCCC(C4CCCCC4)C3)C3CCCCC23)CC1
C1CCC(CC2CCCC(CCC3CCCCC3C3CCCCC3)C2)CC1
C1CCC(CC2CCCC(C3CCCC(C4CCCCC4)C3)C2)CC1
C1CCC(CCC2CCC(C3CCCCC3)CC2)CC1
C1CCC(CC2CCC(CC3CCCC(C4CCC5CCCC5C4)C3)CC2)CC1
C1CCC(C2CCCCC2C2CCC3CCCC(C4CCCCC4)C3C2)CC1
C1CCC(C2CCCC(C3CCCCC3C3CCCC3)C2)CC1
C1CCC(C2CCC(CCCC3CCCC(C4CCCCC4)C3)CC2)CC1
C1CCC(CC2CCCC(CCC3CCCC(CC4CCCCC4)C3)C2)CC1
C1CCC(C2CCCC(C3CCCCC3)C2)CC1
C1CCC(CCCCC2CCC(CC3CCC(C(C4CCCCC4)C4CCCCC4)CC3)CC2)CC1
C1CCC(CC2CCCCC2CCC2CCC(C3CCCCC3)CC2)CC1
C1CCC(CC2CCC(C3CCCCC3)C(CC3CCCCC3)C2)CC1
C1CCC(CCC2CCCC(CC3CCCCC3)C2)CC1
C1CCC(CCCC2CCCCC2C2CC(CC3CCCC3)C3CCCCC32)CC1
C1CCC(CCCC2CCC(CCC3CCC(C4CCC5CCCCC5C4)CC3)CC2)CC1
C1CCC(CC(C2CCCC2)(C2CCCC2)C2CCC(C3CCCCC3)CC2)CC1
C1CCC(CC2CCC(CC3CCCCC3)CC2)CC1
C1CCC(C2CCCC(CCCC3CCC3)C2)CC1
C1CCC(CC2CCC(CCC3CCCC(C4CCCCC4)C3)CC2)CC1
C1CCC(C2CCC(C3CCCCC3C3CC3)CC2)CC1
C1CCC(CC2CCC(CC3CCCC(CC4CCCC(C5CCCC5)C4)C3)CC2)CC1
C1CCC(CC2CCCCC2CCCCC2CCC(CCC3CCCC3)CC2)CC1
C1CCC(CC2CCCC(CCC3CCC4CC(C5CCC6CCCCC65)CCC4C3)C2)CC1
C1CCC(CCCC2CCCCC2)CC1
C1CCC(CC2CCC(CCCC3CCC(C4CCCCC4)C3)CC2)CC1
C1CCC(C2CCCC(C(CC3CCC4CCCCC43)C3CCCCC3)C2)CC1
C1CCC(CC2CC(C3CCCCC3)C3CCC(C4CCCCC4)CC23)CC1
C1CCC(CCCC2CCCCC2)CC1
C1CCC(CCC2CCC(C3CCCCC3)CC2)CC1
C1CCC(C2CCC(CCC3CCC(CC4CCC5CCCCC54)CC3)CC2)CC1
C1CCC(CC2CCC(CC3CCC(C4CCCCC4)CC3)CC2)CC1
C1CCC(C2CCC(CCC3CCC(C4CCCC4)CC3)CC2)CC1
C1CCC(CC2CCC(CC3CCCCC3CC3CCCCC3)CC2)CC1
C1CCC(C2CCCC(C3CC4CCCCC4C(C4CCCCC4)C3)C2)CC1
C1CCC(CC2CC(C3CCCCC3)C(C3CCCCC3)C2C2CCCCC2)CC1
C1CCC(CC2CCC(CC3CCC(CCCC4CCCCC4C4CC4)CC3)CC2)C1
C1CCC(C2CCC(C3CC(C4CCCCC4)CC(C4CCCC4)C3)C2)CC1
C1CCC2CC(CC3CCCC(C4CCCCC4C4CCCC4)C3)CC2C1
C1CCC(C2CCCC(CC3CCCC(C4CCC(C5CCCC5)CC4)C3)C2)CC1
C1CCC(CCC2CCC3C(CC4CCCCC4)CC(C4CCCC(C5CCCC5)C4)C3C2)CC1
C1CCC(C2CCC(C3CC3)C(CC3CCC(C4CCCC4)CC3)C2)CC1
C1CCC(CC2CC(C3CCC4CCCCC43)CC3CCC(CC4CCC4)CC32)CC1
C1CCC(CCC2CCC(CC3CCCC(CC4CCCCC4)C3)CC2)CC1
C1CCC(CCCC2CC(CC3CCC(CC4CCCCC4)CC3)C3CCCCC23)CC1
C1CCC(CC2CCC(C3CCC(CC4CCCCC4)CC3)CC2)CC1
C1CCC(C2CCC(C3CCC(C4CCCC4)CC3)CC2)CC1
C1CCC(CCC2CC(CC3CCCCC3)CCC2C2CCCCC2)CC1
C1CCC(CC2CCCCC2CC2CCCC(C3CCCCC3)C2)CC1
C1CCC(CC2CCCCC2)CC1
C1CCC(C2CCCC(CC3CCC(C4CCCC4)C(C4CCCCC4)C3)C2)CC1
C1CCC(CC2CC3CCCCC3C(CC3CCCCC3)C2)CC1
C1CCC(CCCC2CCCC3CC(C4CCCCC4C4CCC5CCCC5C4)CCC23)CC1
C1CCC(CCCC2CC(CC3CCCC(C4CCCCC4)C3)C3CCCCC23)CC1
C1CCC(C2CCCCC2C2CCC(CCC3CCC(CC4CCC(C5CC5)CC4)CC3)CC2)CC1
C1CCC(CC2CCCC(C3CCC(C4CCCCC4)C(C4CCCCC4)C3)C2)CC1
C1CCC(CC2CCCCC2)CC1
C1CCC(CCCCC2CCCCC2)CC1
C1CCC(CCCCCC2CCC(C3CCCCC3)CC2)CC1
C1CCC(CC2CCC(CC3CCCCC3)CC2)CC1
C1CCC(C2CCCC(CC3CCCCC3C3CCCCC3)C2)CC1
C1CCC(C2CCC(CC3CCCCC3C3CCC(C4CCCCC4)CC3)CC2)CC1
C1CCC(C2CCCC(C3CCC4C(CCC4C4CCCCC4)C3)C2)CC1
C1CCC(CC2CC(C3CCCCC3)CC(C3CCCCC3)C2)CC1
C1CCC(CC2CCC(C3CCCC3)C(C3CCCCC3)C2)CC1
C1CCC(C2CC3CCC(C4CC5CCCCC5C4)CC3C(C3CCCCC3)C2)CC1
C1CCC(C2CCCCC2CC2CCCCC2C2CCCCC2)CC1
C1CCC(CC2CCC3CC(C4CCC(C5CCCCC5)CC4)CC(CCC4CCCC4)C3C2)CC1
C1CCC(C2CCCC3CCC(CCC4CCCC(C5CCC5)C4)CC32)CC1
C1CCC(C2CCCC(CC3CCC4CCCCC43)C2)CC1
C1CCC(C2CCCC(CCC3CCCCC3C3CCCCC3)C2)CC1
C1CCC(CC2CCC(C3CCCCC3)CC2)CC1
C1CCC(CC2CCCC(C3CCCC(C4CCCC(C5CCCCC5)C4)C3)C2)CC1
C1CCC(C2CCCC(C3CCCCC3C3CCCCC3)C2)CC1
C1CCC(CCCC2CCC(C3CCC4CCC(C5CCC6CCCC6C5)C4C3)CC2)CC1
C1CCC(CC2CCC(CCC3CCC(CC4CCCCC4)CC3)CC2)CC1
C1CCC(C2CCCCC2C2CC(CC3CCCC3)C3CCCCC32)CC1
C1CCC(C2CCCCC2C2CCC3C(CCCC3C3CCCCC3)C2)CC1
C1CCC(CC2CCC3CC(CC4CCC(CCC5CCCC(C6CCCCC6)C5)CC4)CCC23)CC1
C1CCC(CCC2CCC3CC(C4CCC5CCCCC54)CCC3C2)CC1
C1CCC(C2CC(CC3CCCC(C4CC4)C3)CC(C3CCC3)C2)CC1
C1CCC(CC2CCCCC2C2CCCC3CC(C4CCCCC4)CCC32)CC1
C1CCC(CCC2CCCC(CCC(C3CCC3)C3CCCC(C4CCCCC4)C3)C2)CC1
C1CCC(C2CCC(C3CCCCC3C3CCCCC3)CC2)CC1
C1CCC(C(C2CCCCC2)C2CCCC(CCC3CC4CCCCC4C4CCCCC34)C2)CC1
C1CCC(CC2CCCCC2CC2CCC(C3CCC(C4CCCCC4)CC3)CC2)CC1
C1CCC(CC2CCCCC2C2CCC(CC3CCC(CC4CCCC4)CC3)CC2)CC1
C1CCC(C2CCCCC2C2CCCCC2)CC1
C1CCC(CCCCCC2CC(CC3CCCCC3)CCC2CC2CCCCC2)CC1
C1CCC(CCC2CCC(C3CCC(C4CCCCC4)CC3)C2)CC1
C1CCC(CC2CCCCC2CC2CC2)CC1
C1CCC(CC2CCCC(CC3CCC(C4CCCCC4)CC3CC3CC3)C2)CC1
C1CCC(CCC2CCC(C3CCCCC3)CC2)CC1
C1CCC(C2CCCCC2)CC1
C1CCC(C2CCC(C3CCC4CCCC4C3)CC2)C1
C1CCC(C2CCC(C3CCCCC3)CC2)CC1
C1CCC(CC2CCCCC2C2CCCC(C3CCCC(C4CCCCC4)C3)C2)CC1
C1CCC(CC2CCC(C3CCCC(CC4CC5CCCCC5C4)C3)CC2)CC1
C1CCC(C2CCC(CCCC3CCCC(C4CCCCC4)C3)CC2)CC1
C1CCC(C2CCCC(C3CCC(C4CC(C5CCCC5)C5CCCCC45)CC3)C2)CC1
C1CCC(CC2CCC(CC3CCCCC3C3CCCC3)C(CCCCC3CC3)C2)CC1
C1CCC(C2CCC(C3CCCC(C4CCCCC4)C3)CC2)CC1
C1CCC(CCCC2CCCC(C3CCC(CC4CCCCC4)CC3)C2)CC1
C1CCC(C2CCC(C3CCC4CCCCC43)CC2)CC1
C1CCC(CC(CC2CCCC2)C2CCCC(C3CCC(C4CCCCC4)CC3)C2)CC1
C1CCC(CC2CCCC(CCCC3CCC(C4CC5CCCCC5C4)CC3)C2)CC1
C1CCC(CCCCC2CCC(CC3CCCC3)CC2C2CCCCC2)CC1
C1CCC(CCC2CCCCC2CC2CCCCC2C2CCCC2)CC1
C1CCC(C2CCCC(C3CCCCC3)C2)CC1
C1CCC(CC2CCC(CCCCC(CC3CCCCC3)CC3CCCCC3)CC2)CC1
C1CCC(CC2CCCCC2C2CCCCC2)CC1
C1CCC(CCC2CCCC(C3CCCCC3CCC3CCCCC3)C2)CC1
C1CCC(CCCC2CCCCC2C2CCC3C(CCCC3C3CCCCC3)C2)CC1
C1CCC(C2CCCCC2C2CCCC(C3CCCCC3C3CCCCC3)C2)CC1
C1CCC(CCC2CCC3CCCCC32)CC1
C1CCC(CCCC2CCC(C3CCCCC3)CC2)CC1
C1CCC(C2CC(C3CCCCC3)CC(C3CCCCC3)C2)CC1
C1CCC(CCC2CCCC(C3CCCCC3)C2)CC1
C1CCC(CC2CC(C3CCCC(C4CC4)C3)CCC2C2CCCCC2)CC1
C1CCC(CC2CCCCC2)CC1
C1CCC(CCC2CCC(CC3CCCCC3)CC2)CC1
C1CCC(C2CCCC(CCC3CCCC(C4CCCCC4)C3)C2)CC1
C1CCC2CC(C3CC(C4CCCC(C5CC6CCCCC6C5)C4)C4CCCCC34)CCC2C1
C1CCC(C2CCC(CCCC3CCCC(C4CCCCC4)C3)CC2)CC1
C1CCC(CC2CCCC(CCCC3CCC4CCCC4C3)C2)CC1
C1CCC(CC2CCC(C3CCC(C4CCCCC4)CC3)CC2)CC1
C1CCC(CC2CCC(C3CCCC(C4CCCCC4)C3)CC2)CC1
C1CCC(CC2CCC(C3CCC(C4CCCC4)CC3)CC2)CC1
C1CCC(CC2CCCC(CC3CC(CC4CCCCC4)C4CCCCC34)C2)CC1
C1CCC(C2CCCC(C3CCC4CCCC4C3)C2)CC1
C1CCC(C2CCC(C3CCCCC3C3CCC4CCCC4C3)CC2)CC1
C1CCC(C2CC(C3CCCCC3CC3CC4CCCCC4C3)C3CCCCC23)CC1
C1CCC(C2CCCCC2CC2CCC(C3CCCC(C4CCCC4)C3)CC2)CC1
C1CCC(C2CCCC3CCC(CC4CCCC5CCCCC54)CC32)CC1
C1CCC(CCCC2CCC(CC3CCCCC3)CC2)CC1
C1CCC(C2CCCCC2CC2CCCC(CCCC3CCC(CC4CCCC4)CC3)C2)CC1
C1CCC(CCC2CC(CC3CCCCC3)CCC2CC2CCCCC2)CC1
C(CCC1CCCC(CC2CCC(CC3CCCC3)CC2)C1)CC1CCC(C2CCCC2)CC1
C1CCC(C2CCCC(C3CCCC(C4CCCCC4)C3)C2)CC1
C1CCC(C2CCC3CC(C4CCCC(C5CCC6CCCCC65)C4)CCC32)CC1
C1CCC(CCC2CCC(CC3CCCCC3)CC2CC2CCCC2)CC1
C1CCC(CC2CCC3CCCCC32)CC1
C1CCC(CC2CCC3C(C4CCCC(C5CCCCC5)C4)CC(C4CCCC4)C3C2)CC1
C1CCC(CCC2CCCCC2C2CCCC(C3CCCCC3C3CCCC3)C2)CC1
C1CCC(C2CCCC(C3CCCCC3C3CCC4C(CCCC4C4CCC4)C3)C2)CC1
C1CCC(C2CCCC(CCC3CCCCC3C3CCC(C4CCCCC4)C3)C2)CC1
C1CCC(C2CCC3CC(CC4CCC(CCC5CCCC5)CC4)CC3C2)CC1
C1CCC(CC2CCC(CC3CCCCC3)CC2)CC1
C1CCC(C2CCC(C3CCCC3)CC2CC2CCC3CCCCC32)CC1
C1CCC(C2CCC(C3CCC(C4CCCC5CCCCC54)CC3)CC2)CC1
C1CCC(C2CCC(CCC3CCC(C4CCC(CC5CC5)CC4)CC3)CC2)CC1
C(CCC1CCC(C2CCCC3CCCCC32)CC1)CC1CC1
C1CCC(CC2CCC(CC3CCCCC3CCC3CC4CCCCC4C3)CC2)CC1
C1CCC(CC2CC(C3CCCC(CCC4CCC(C5CCCCC5)CC4)C3)C3CCCCC23)CC1
C1CCC(CC2CCC(CC3CCCCC3C3CCCCC3)CC2)CC1
C1CCC(CC2CCCCC2C2CCC3C(CCCC3CC(C3CCCCC3)C3CCC3)C2)CC1
C1CCC(CCC2CCCC(C3CCCC4CC(C5CCCCC5C5CCCC6CCCCC65)CCC43)C2)CC1
C1CCC(C2CCCC(C3CCC(CC4CC5CCCCC5C4)CC3)C2)CC1
C1CCC(CCCCCC2CCC(CC3CCCCC3)CC2)CC1
C1CCC(CC2CCC(C3CCCC3)CC2)CC1
C1CCC(C2CCCC(C3CCCCC3)C2)CC1
C1CCC(CCC2CCC(C3CCCC(C4CCCCC4)C3)CC2)CC1
C1CCC(CCC2CC3CCCCC3C(C3CCCC(CC4CCCCC4)C3)C2)CC1
C1CC2CCC(CC3CCC(C4CCCC(CC5CC6CCCCC6C5)C4)CC3)CC2C1
C1CCC(C2CCC(CC3CC(C4CCCCC4)CC(C4CCCC4)C3)CC2)CC1
C1CCC(C2CCCCC2C2CCCCC2)CC1
C1CCC(CCCC2CCC(C3CCC(CC4CCCCC4)CC3)CC2)CC1
C1CCC(CCC2CCC(C3CCCCC3)CC2)CC1
C1CCC(CCC2CCCCC2C2CC(CC3CCCCC3)CCC2C2CCCCC2)CC1
C1CCC(CC2CCCC(C3CCCC(C4CCC4)C3)C2)CC1
C1CCC(C2CCC(CCCC3CCC(CC4CCC(C5CCCC5)CC4)CC3)CC2)CC1
C1CCC(CCC2CCCC(C3CCC(C4CCCCC4)C3)C2)CC1
C1CCC(C2CCCC(CC3CCC(C4CC4)CC3)C2)CC1
C1CCC(C2CCCC(C3CCC(C4CCCC(C5CCCCC5)C4)CC3)C2)CC1
C1CCC(C2CCCC(C3CCC(CC4CCC(CCC5CCCC5)CC4)CC3)C2)CC1
C1CCC(CC2CCCCC2)CC1
C1CCC(CCCC2CCC(C3CCC(C4CC4)CC3)CC2)CC1
C1CCC(CC2CCC(C3CCCCC3C3CCCCC3)CC2)CC1
C1CCC(CCCC2CCC3CCCCC32)CC1
C1CCC(C2CCCCC2C2CCC(C3CCCC3)CC2C2CCC3CCCC3C2)CC1
C1CCC(CC2CCCCC2CCC2CCCC(C3CCC(C4CCCC4)CC3)C2)CC1
C1CCC(CC2CCC(CCC3CCCCC3C3CCCCC3)CC2)CC1
C(CCCC1CCCCC1)CCCC1CCC(C2CCCCC2)C(C2CCCCC2)C1
C1CCC(CCC2CCCC(C3CCCCC3C3CCCCC3)C2)CC1
C1CCC(CC2CCCCC2C2CCCCC2)CC1
C1CCC(C2CCCC(C3CCC(CCC4CCCC4)CC3)C2)CC1
C1CCC(CC2CCCC(C3CCCCC3)C2)CC1
C1CCC(CCCC2CCC(CC3CCC(C4CCCCC4)CC3)CC2)CC1
C1CCC(C2CCC(C3CCCCC3)C(C3CCCCC3)C2)CC1
C1CCC(CC2CCC3CC(C4CCCCC4)CC(C4CCCCC4)C3C2)CC1
C1CCC(C2CCCC(CC3CCCC(C4CCCC(C5CCCCC5)C4)C3)C2)CC1
C1CCC(CC2CCC(CC3CCC(C4CCC(CC5CCCCC5)CC4)CC3)CC2)CC1
C1CCC(CC2CCC(CC3CCCCC3C3CCCCC3)CC2)CC1
C1CCC(CCCC2CCCC(C3CCCC(C4CCC(C5CCCC5)CC4)C3)C2)C1
C1CCC(CC2CCC(C3CCCCC3)CC2)CC1
C1CCC(CC2CCC(CC3CCCCC3C3CCC(C4CCC5CCCCC54)C3)CC2)CC1
C1CCC(CC2CCC(C3CCCC(CC4CC5CCCCC5C4)C3)CC2)CC1
C1CCC(CC2CCC(CC3CCCC(C4CCCCC4)C3)CC2)CC1
C1CCC(CCCC2CCC(C3CC3)CC2CCCC2CCC(CC3CCCC3)CC2)CC1
C1CCC(CC2CCC(CC3CCCC(C4CCCCC4)C3)CC2)CC1
C1CCC(CCCC2CCC(C3CCC(CC4CCCCC4)CC3)CC2)CC1
C1CCC2C(C1)CCC2CC1CCCC(C2CCCCC2C2CCC3CCCCC32)C1
C1CCC(CCC2CCCCC2C2CCCC(CC3CCCCC3)C2)CC1
C1CCC(CCC2CCC(CC3CCCCC3)CC2)CC1
C1CCC(CCC2CCCC(C3CCCC(C4CCC5CCCC5C4)C3)C2)CC1
C1CCC(CC2CC(C3CCCCC3)CCC2C2CCCCC2)CC1
C1CCC(CCCC2CCC(C3CCCCC3)CC2C2CCCC2)CC1
C1CCC(CC2CCCCC2C2CCCC(C3CC3)C2)CC1
C1CCC(C2CCC(CC3CCC(CC4CC5CCCCC5C4)CC3)CC2)CC1
C1CCC(C2CCCC(C3CCC(C4CCCCC4)C3)C2)CC1
C1CCC(C2CC(C3CCCCC3C3CCCC3)C3CCCCC23)CC1
C1CCC(CC2CCCC(CC3CCCC(CCC4CCCC(C5CCCC5)C4)C3)C2)CC1
C1CCC(CCCC2CC(C3CCCCC3)CCC2C2CCCC2)CC1
C1CCC(CC2CCC(CC3CC(CC4CCCCC4)CCC3CC3CCCCC3)CC2)CC1
C1CCC(CC2CCCC(CCC3CCC(C4CCCC4)CC3)C2)CC1
C1CCC(CC2CCC(C3CCCC(CC4CCCCC4)C3)CC2)CC1
C1CCC(CCCC2CCC(CC3CCC(C4CCC(CC5CCCCC5)CC4)CC3)CC2)CC1
C1CCC(CCC2CCCC(C3CCCCC3)C2)CC1
C1CCC(C2CCC(C3CCCCC3)C(C3CCCCC3)C2)CC1
C1CCC(CC2CC(C3CCCCC3)C3CCCCC23)CC1
C1CCC(CC2CCC3CCCCC3C2)CC1
C1CCC(C2CCCCC2CC2CCC3C(CCCC3C3CCCCC3)C2)CC1
C1CCC(CCC2CCCC(C3CCCC(CC4CC4)C3)C2)CC1
C1CCC(CCC2CCC(C3CCC4CCCCC43)CC2)CC1
C1CCC(CCCC2CCC(C3CCCCC3)CC2)CC1
C1CCC(C2CCC(C3CCC(C4CCCCC4C4CCCC4)CC3C3CCCC3)C3CCCC23)CC1
C1CCC(C2CCCCC2)CC1
C1CCC(C2CCC(CCC3CC4CCCCC4C3)CC2)CC1
C1CCC(CCCC2CCC(C3CCC(C4CCCC(C5CCCCC5)C4)CC3)CC2)CC1
C1CCC(CCCCC2CCCC(CC3CCCCC3)C2)CC1
C1CCC(CC2CCC(CC3CCC(CC4CCCC4)CC3)CC2)CC1
C1CCC(CCCCC2CCCC(CC3CC4CCCCC4C3)C2)CC1
C1CCC(C2CCC(C3CCC4C(CCCC4C4CCCCC4)C3)CC2)CC1
C1CCC(CCC2CCC(C3CCCCC3)CC2)CC1
C1CCC(C2CCC(C3CCC4CCCCC4C3)C(CCC3CCCC3)C2)CC1
C1CCC(CCC2CCCCC2C2CCCCC2)CC1
C1CCC(C2CCC(CCC3CCCCC3C3CCCCC3C3CCCC3)CC2)CC1
C1CCC(C2CCCC(C3CCCCC3)C2)CC1
C1CCC(C2CCCC(CCC3CCCCC3C3CCCCC3)C2)CC1
C1CCC(CCCCC2CCC(C3CC(CC4CCCCC4)CC4CCCCC43)CC2)CC1
C1CCC(CCCCC2CCC(C3CCCCC3)CC2CCC2CCCCC2)CC1
C1CCC(CCC2CCC(CCC3CCC(C4CCCCC4)CC3)CC2)CC1
C1CCC(CC2CCCC(C3CCCCC3)C2)CC1
C1CCC(CCCC2CCC(C3CCCCC3)CC2)CC1
C(CCC1CCC(C2CCCCC2)CC1)CCC1CCC(C2CC2)CC1
C1CCC(CCCC2CCC(CC(CC3CCCCC3)C3CCCCC3)CC2)CC1
C1CCC(CC2CCCC(C3CCCCC3C3CCCC3)C2)CC1
C1CCC(CC2CC(C3CCCC(C4CCCCC4)C3)C3CCCCC23)CC1
C1CCC(CCC2CCCC(C3CCC(C4CCCCC4)CC3)C2)CC1
C1CCC(CCC2CCC(CC3CCCCC3)CC2)CC1
C1CCC(C2CCCC(CC3CCC(C4CCCC4)CC3)C2)CC1
C1CCC(CC2CCC(CC3CCC(CCCC4CC4)CC3)CC2)CC1
C1CCC(CCCCC2CCC(C3CCCC(C4CCCC4)C3)CC2)CC1
C1CCC(C2CCC(CC3CCCC(C4CCC4)C3)CC2)CC1
C1CCC(CC2CCC(C3CCCCC3)CC2)CC1
C1CCC(CC2CCC(CCCC3CCCC(CC4CCCCC4)C3)CC2)CC1
C1CCC(C2CCC(CCCC3CC3)CC2C2CCCCC2)CC1
C1CCC(CCCCC2CCC(CC3CCC(CC4CCC(C5CCCCC5)CC4)CC3)CC2)CC1
C1CCC(CCCC2CCCCC2C2CCC3C(CCCC3C3CCCCC3)C2)CC1
C1CCC(CC(CCCC2CCC(C3CCCCC3)CC2)C2CCCCC2)CC1
C1CCC(CC2CC(CC3CCCCC3)C3CC(C4CCCCC4)CCC23)CC1
C1CCC(C2CCCCC2CC2CCCC(C3CCCC(CC4CCCC4)C3)C2)CC1
C1CCC(C2CCCC(C3CCCCC3C3CCCCC3C3CCCC3)C2)CC1
C1CCC(C2CCCCC2C2CCCC(CCC3CC4CCCCC4C3)C2)CC1
C1CCC(CCC2CCCC3CC(C4CCCCC4)CCC23)CC1
C1CCC(CCCC2CCCC(CC3CCCC(C4CCCCC4)C3)C2)CC1
C1CCC(CCC2CCCC(C3CCC4CCCC4C3)C2)CC1
C1CCC(C2CCCC(C3CCCCC3)C2)CC1
C1CCC(C2CCCC(CC3CCCC(C4CCCCC4)C3)C2)CC1
C1CCC(C2CCC(CC3CCC(C4CCC(C5CCCC(C6CCCCC6)C5)CC4)CC3)CC2)CC1
C1CCC(CC2CCCC(CC3CCCCC3)C2)CC1
C1CCC(CCC2CCC(C3CCCCC3)CC2)CC1
C1CCC(CCC2CCCC(C3CCCCC3)C2)CC1
C1CCC(C2CC(C3CCCCC3)CC(C3CCCC3)C2)CC1
C1CCC(CC2CCCCC2C2CCC3CCC(C4CCCCC4)CC3C2)CC1
C1CCC(CC2CCCC(C3CCCCC3)C2)CC1
C1CCC(CC2CCCC(CC3CCCCC3C3CCCCC3)C2)CC1
C1CCC(C2CCCCC2)CC1
C1CCC(C2CCC(C3CC(C4CCCCC4)C4CCCCC34)CC2)CC1
C1CCC(CCC2CCCC(C3CCCCC3)C2)CC1
C1CCC(CC2CC(C3CCCCC3)CC(C3CCCCC3)C2)CC1
C1CCC(CC2CCCCC2C2CCCCC2C2CCCC2)CC1
C1CCC(CC2CCC(C3CCCCC3)CC2)CC1
C1CCC(CCCC2CCC3CC(CC4CCCCC4)CCC3C2)CC1
C1CCC(CCC2CCC(C3CCCC(C4CCC(C5CCC5)CC4)C3)CC2)CC1
C1CCC(CC2CCCC(C3CCCC(C4CCCCC4)C3)C2)CC1
C1CCC(CC(C2CCCCC2)C2CCCC(C3CCCC(C4CC5CCCCC5C4)C3)C2)CC1
C1CCC(CCC2CC(CC3CCCC(C4CCCCC4)C3)C3CCCCC23)CC1
C1CCC(C2CCCC(C3CCCC(C4CCCCC4)C3)C2)CC1
C1CCC(CC2CCC(C3CCCCC3)CC2)CC1
C1CCC(C2CCC(C3CCCC(CCC4CCC(CC5CCC6CCCCC65)CC4)C3)CC2C2CCCC2)CC1
C1CCC(C2CCC3CC(CC4CCCC(C5CCCC5)C4)CCC3C2)CC1
C1CCC(CCC2CCC(C3CCCCC3)CC2)CC1
C1CCC(C2CCC(CC3CCCC(C4CCCCC4)C3)CC2)CC1
C1CCC(CC2CCCCC2C2CCCCC2)CC1
C1CCC(C2CCC(CC3CCC(CC4CC5CCCCC5C4)CC3)CC2)CC1
C1CCC(CC2CC(CC3CCC4CCCC4C3)CC(C3CCCCC3)C2)CC1
C1CCC(CCC2CCCC3CC(C4CCC5CCCCC5C4)CCC23)CC1
C1CCC(C2CC(CC3CCC4CCCCC43)CC3CCCCC32)CC1
C1CCC(C2CCCC(CCCC3CCCCC3CCC3CCCC3)C2)CC1
C1CCC(CC2CCC(CCC3CCCC(CC4CCCCC4)C3)CC2)CC1
C1CCC(CCCC2CCC(CCCCC3CCC(CC4CCCCC4)CC3)CC2)CC1
C1CCC(CCC2CCC(C3CCCCC3)CC2)CC1
C1CCC(CCC2CCC(CCC3CCCCC3)CC2)CC1
C1CCC(CCC2CCCC(CCC3CCCC(C4CCCCC4)C3)C2C2CCCCC2)CC1
C1CCC(CCC2CCC(C3CCCCC3)CC2)CC1
C1CCC(C2CCC(CC3CCC4CCCC4C3)CC2)CC1
C1CCC(CCCC2CCC(C3CCCCC3)CC2)CC1
C1CCC(C2CCCCC2)CC1
C1CCC(CC(C2CCCCC2)C2CCC(C3CCCCC3)CC2)CC1
C1CCC(C2CCCCC2C2CCCC2)CC1
C1CCC(CC2CCC(CC3CCCCC3)CC2)CC1
C1CCC(CCCC2CC(C3CCCCC3)C3CCCCC23)CC1
C1CCC(CCCC2CCCCC2C2CCC(C3CCCC(C4CCCC4)C3)C2)CC1
C1CCC(C2CCC3CCCC(C4CCCCC4)C3C2)CC1
C1CCC(CC2CCC(C3CCCCC3)C(CC3CCCCC3)C2)CC1
C1CCC(C2CCC(C3CC(C4CCC5CCCCC5C4)C4CCCCC34)CC2)CC1
C1CCC(CC2CCCC(C3CCCC(C4CCCC(C5CCCCC5)C4)C3)C2)CC1
C1CCC(C2CC(C3CCCCC3C3CCCCC3)C3CCCCC23)CC1
C1CCC(CCCC2CCC(C3CCCCC3)CC2)CC1
C1CCC(C2CCCC(C3CCCCC3)C2)CC1
C1CCC2C(C1)CCC2CC1CCC(CCC2CCC(C3CCC(CC4CC4)CC3)CC2)CC1
C1CCC(CCCCC2CCCC(C3CCC(C4CCCCC4CC4CCCCC4)CC3)C2)CC1
C1CCC(C2CCCC2C2CCCC(C3CCCC4CCCCC43)C2)CC1
C1CCC(CCCC2CCC(C3CCC(C4CCCCC4)CC3)CC2)CC1
C1CCC(C2CCCC(CCC3CCCCC3C3CC(C4CCCCC4)C4CCCCC43)C2)CC1
C1CCC(CCCC2CCC(CC3CCC(C4CCCCC4)CC3)C2)CC1
C1CCC(C2CCCC(C3CCCC(CC4CC4)C3)C2)CC1
C1CCC(CCC2CCC(C3CCC(C4CCCC(C5CCC6CCCCC65)C4)CC3)CC2)CC1
C1CCC(CC2CCC(C3CCCC(C4CCC(CC5CCCCC5)CC4)C3)CC2)CC1
C1CCC(CCCCC2CCC(CC3CCC(CC4CCCCC4)CC3)CC2)CC1
C1CCC(CC2CCCC3CCC(C4CCCCC4)CC32)CC1
C1CCC(C2CCC3CC(C4CCCC(CCC5CCCCC5C5CCCCC5)C4)CCC3C2)CC1
C1CCC(CC2CCC(CCCC3CCCC3)CC2C2CCCCC2)CC1
C1CCC(CC2CCCCC2CC2CC2)CC1
C1CCC(C2CCC3CC(C4CCC5CCCCC54)CCC3C2)CC1
C1CCC(CCCC2CC(C3CCCCC3)CC(C3CCCCC3)C2)CC1
C1CCC(CC2CCCCC2)CC1
C1CCC(CC2CCC(CCCC3CCC(CC4CC4)CC3)CC2)CC1
C1CCC(CC2CCC(C3CCCCC3)CC2)CC1
C1CCC(CC2CCC3C(CC4CCCCC4)CC(C4CCCCC4)C3C2)CC1
C(CCCC1CCC2C(CC3CCCCC3)CCC2C1)CCC1CCC(C2CCCCC2)CC1
C1CCC(CC2CC(C3CCCCC3CC3CCCCC3)C3CCCCC23)CC1
C1CCC(CC2CCCC(CC3CCCCC3)C2)CC1
C1CCC(CC2CCC(C3CCCCC3)CC2)CC1
C1CCC(CC2CCC(C3CCCC(CC4CCCCC4)C3)CC2)CC1
C1CCC(C2C(CCC3CC4CCCCC43)CCCC2CC2CC3CCCCC3C2)CC1
C1CCC(CC2CCC(C3CCCC(C4CCCCC4)C3)CC2)CC1
C1CCC(C2CCCCC2C2CCC(CC3CCC(C4CCC4)CC3)C2)CC1
C1CCC(CCC2CCC(C3CCC(C4CCCC5CC(CC6CCCCC6)CCC54)CC3)CC2)CC1
C1CCC(CCC2CCC(CCC3CCCCC3)CC2)CC1
C1CCC(CC2CCC(C3CCC(CC4CCCCC4)C3CC3CCCCC3)CC2)CC1
C1CCC(C2CCC(C3CCCCC3)CC2)CC1
C1CCC(CC2CCC(C3CCCC(CC4CCCCC4)C3)CC2)CC1
C1CCC(CCC2CCC(C3CCC4CCCCC43)CC2)CC1
C1CCC(C2CCCC(C3CCCC(C4CCCCC4)C3)C2)CC1
C1CCC(CCC2CCCC(C3CCC(CC4CCCC(C5CCC(C6CCCC6)C5)C4)CC3)C2)C1
C1CCC(CC2CCC(C3CCCCC3)CC2C2CCCC(C3CCCCC3)C2)CC1
C1CC2CCC(C3CCCC(C4CCCC(C5CC5)C4)C3)CC2C1
C1CCC(CCC2CCC(CC3CCCCC3)CC2)CC1
C1CCC(C2CCC(C3CCCCC3)C(CC3CC3)C2)CC1
C1CCC(C2CCC(CCC3CCC(CC4CC5CCCCC5C4)CC3)CC2C2CCC3CCCC3C2)CC1
C1CCC(CC2CCC(C3CCCC(CC4CCCCC4)C3)CC2)CC1
C1CCC(C2CCC(CC3CCCC3)CC2)CC1
C1CCC(CC2CCC(CC3CCC(CCCC4CCC5CCCC5C4)CC3)CC2)CC1
C1CCC(CC2CCC(C3CCCC(C4CCCC4)C3)CC2)CC1
C1CCC(C2CCC3C(CCC3C3CCCC(C4CCCCC4)C3)C2)CC1
C1CCC(CC2CCC(CC3CCCCC3)CC2)CC1
C1CCC(C2CCCC(CC3CCCC(CC4CCCC(C5CCCCC5)C4)C3)C2)CC1
C1CCC(C2CCCC(CC3CCCC4CC(C5CCCCC5C5CCCCC5)CCC34)C2)CC1
C1CCC(C2CCCC(C3CCC(CC4CC5CCCCC5C4)CC3)C2)C1
C1CCC(CCCC2CCCC(CC3CCC3)C2)CC1
C1CCC(C2CCC(C3CC(CC4CCCC(C5CCCC5)C4)C4CCCCC43)CC2)CC1
C1CCC(CCC2CC(C3CCCC(C4CCCCC4)C3)C3CCCCC23)CC1
C1CCC(CC2CC(C3CCCCC3)CC(C3CCCCC3)C2)CC1
C1CCC(CC2CCC(CC3CCCC(C4CC4)C3)CC2)CC1
C1CCC(CC2CCCCC2C2CCC3CCCC3C2)CC1
C1CCC(C2CC(CCC3CCC4CCCC4C3)C(C3CCC4CCCC4C3)C2)CC1
C1CCC(C2CC(C3CC(C4CCCCC4)C4CCCCC43)C3CCCCC23)CC1
C1CCC(C2CCC(C3CCCC(CC4CC5CCCCC5C4)C3)CC2)CC1
C1CCC(CC2CC(C3CCCCC3)C3CCCCC23)CC1
C1CCC(CCCC2CCC(CCC3CCC4CCCCC43)CC2)CC1
C1CCC(C2CCC3CCC(C4CCCCC4)C3C2)CC1
C1CCC(CC2CCC(C3CCCC(C4CCCCC4)C3)CC2)CC1
C1CCC(C2CCC3CC(C4CC4)CCC3C2)CC1
C1CCC(CCC2CCC(C3CCCCC3)CC2)CC1
C1CCC(CC(CC2CCC(C3CCCCC3)CC2)C2CCCCC2)CC1
C1CCC(C2CC3CCC(C4CCCCC4)CC3C(C3CCCCC3)C2)CC1
C1CCC(CCC2CCCC(C3CCC(C4CCCC(C5CCCCC5)C4)CC3)C2)CC1
C1CCC(CC2CCCCC2C2CCCCC2)CC1
C1CCC(C2CCC(CC3CCC(C4CCCCC4)C(C4CCCCC4)C3)CC2)CC1
C1CCC(CCCCCC2CCCC(CC3CCCC(C4CC4)C3)C2)CC1
C1CCC(C2CCC(C(C3CCCCC3)C3CCCC(C4CCCCC4)C3)CC2)CC1
C1CCC(CC2CC3CCC(CC4CCCC(C5CCCCC5)C4)CC3C(C3CCCCC3)C2)CC1
C1CCC(C2CCC(CC3CCCC(C4CCCCC4)C3)CC2)CC1
C1CCC(CC2CCCC(CC3CC(CC4CCCCC4)C4CCCCC34)C2)CC1
C1CCC(CC2CCCC3CC(C4CCC5CCCCC54)CC(C4CCCCC4)C23)CC1
C1CCC(CC2CCC(C3CCCCC3)CC2)CC1
C1CCC(CC2CCCC(C(CC3CCCCC3)C3CCCCC3)C2)CC1
C1CCC(C2CCCCC2C2CCCCC2)CC1
C1CCC(CC2CCCCC2C2CCCCC2)CC1
C1CCC(CC2CCC(C3CCCCC3)CC2)CC1
C1CCC(C2CCCC(CC3CCCC(C4CCC5CCCC5C4)C3)C2)CC1
C1CCC(CC2CCC(C3CCCC(C4CCCCC4)C3)CC2C2CCCCC2)CC1
C1CCC(CCCCC2CC3CCCCC3C(C3CCCCC3)C2)CC1
C1CCC(C2CCC(C3CCCC(CCC4CCCC(CC5CCCC5)C4)C3)CC2)CC1
C1CCC(CCC2CCC3C(CC4CCCCC4)CCC3C2)CC1
C1CCC(C2CCCC(CC3CCCC(C(C4CCCCC4)C4CCC4)C3)C2)CC1
C1CCC(CCCC2CC(C3CCCCC3)C3CCCC3C2C2CCC(C3CCCCC3)CC2)CC1
C1CCC(CCC2CCC(C3CCCCC3)C(CC3CCCCC3)C2)CC1
C1CCC(CC2CCCC(CC3CCC4CC(CC5CCCCC5)CCC43)C2)CC1
C1CCC(CCC2CCCCC2CC2CCCCC2)CC1
C1CCC(C2CCC(CCCCC3CCC4CCCCC4C3)CC2)CC1
C1CCC(CCCC2CC(CC3CCCCC3)CC(C3CCCC(CC4CCCCC4)C3)C2)CC1
C1CCC(C2CCCC(C3CCCC3)C2)CC1
C1CCC(C2CCCC(C3CCCC(C4CCC(CCC5CC5)CC4)C3)C2)CC1
C1CCC(CCC2CCCC(C3CC(CCC4CCCCC4)CCC3CC3CCCCC3)C2)CC1
C1CCC(C2CCCC(C3CC4CCCCC4C(C4CCCCC4)C3)C2)CC1
C1CCC(C2CCC(CCC3CC4CCCCC4C3)CC2)CC1
C1CCC(CC2CCCC(C3CCC(CCC4CCC(C5CC5)CC4)CC3)C2)CC1
C1CCC(CCC2CCCC(C3CCCCC3)C2)CC1
C1CCC(CC2CCCC(CC3CCC(C4CCCCC4CC4CCCCC4)C(CCC4CCCC4)C3)C2)CC1
C1CCC(CC2CCC(C3CCCCC3)CC2)CC1
C1CCC(CC2CCCC(C3CCCCC3CC3CCCCC3)C2)CC1
C1CCC(C2CCC3C(CCCC3C3CCCCC3)C2)CC1
C1CCC(CCCCCC2CCC(CCCCC3CCCC(C4CCCCC4)C3)CC2)CC1
C1CCC(CCC2CCC(CC3CCCCC3)CC2)CC1
C1CCC(C2CCCCC2)CC1
C1CCC(C2CCCC(CCC3CCCCC3CC3CCCC3)C2)CC1
C1CCC(CCC2CCCC(C3CCCCC3)C2)CC1
C1CCC(CCC2CCC(CC3CCCCC3)CC2)CC1
C1CCC(CC2CCCC(C3CCCC(CC4CCC4)C3)C2)CC1
C1CCC(CCC2CCCC(C3CCCC(CC4CCCCC4)C3)C2)CC1
C1CCC(CCC2CCCC(C3CCCCC3)C2)CC1
C1CCC(C2CCCC(C3CCC4CCCC4C3)C2)CC1
C1CCC(C2CCCC(C3CCCCC3C3CCCCC3)C2)CC1
C1CCC(CC2CCC(C3CCCCC3)CC2)CC1
C1CCC(C2CCC(CC3CC3)CC2CCCCC2CCCC(CC3CCCC3)C2)CC1
C1CCC(CC2CCCC(C3CCCCC3)C2)CC1
C1CCC(CC2CC3CCC(CCC4CC(CC5CCCCC5)C5CCCCC45)CC3C(C3CCCC3)C2)CC1
C1CCC(CCC2CCCC(CC3CCCCC3)C2)CC1
C1CCC(CCC2CCCC(C3CCCC(C4CCCC(C5CCCC5)C4)C3)C2)CC1
C1CCC(CC2CCCCC2)CC1
C1CCC(CC2CCC(CC3CCCC(CC4CCCCC4)C3)CC2)CC1
C1CCC(CCCCC2CCCC(C3CCCCC3C3CCCCC3)C2)CC1
C1CCC(CC2CCCCC2)CC1
C1CCC(CC2CCCC(CCCC3CCCCC3C3CCCCC3)C2)CC1
C1CCC(C(CC2CCCC2)C2CCCC(C3CCCCC3C3CCCCC3C3CCCC3)C2)CC1
C1CCC(CC2CC(C3CCCCC3)CCC2C2CC3CCCCC3C2)CC1
C1CCC(CC2CCC(CC3CCCC(C4CCCCC4)C3)CC2)CC1
C1CCC(CCC2CCCC(CC3CCCCC3)C2)CC1
C1CCC(CCC2CC(CC3CCCCC3)CCC2C2CCCC(CC3CCCCC3)C2)CC1
C1CCC(CC2CCC(CC3CCCCC3C3CCCCC3)CC2)CC1
C1CCC(CC2CCC(C3CCCC(C4CCCCC4)C3)CC2)CC1
C1CCC(CC2CCC(CC3CCCCC3C3CCCCC3)CC2)CC1
C1CCC(C2CCCCC2)CC1
C1CCC(C2CCCC(CC3CCC4CCCC4C3)C2)CC1
C1CCC(CCC2CCC(C3CCCCC3)CC2)CC1
C1CCC(C2CCCC(C3CCCCC3C3CCC3)C2)CC1
C1CCC(C2CCC2)CC1
C1CCC(C2CCC(C3CCCC(C4CCCC4)C3)C(C3CCCCC3)C2)CC1
C1CCC(CC2CCC(C3CCCC4CC(CC5CC6CCCCC6C5)CCC43)CC2)CC1
C1CCC(C2CCCC(C3CCC(C4CCC(C5CCCC5)CC4)CC3)C2)CC1
C1CCC(CC2CCC(C3CCCC3)CC2)CC1
C1CCC(CCCC2CCCC(C3CCCCC3)C2)CC1
C1CCC(CCCC2CCCCC2)CC1
C1CCC(C2CCC(CC3CCC(C4CCCCC4C4CCCCC4)C3)CC2)CC1
C1CCC(CC2CCCC(CC3CCCCC3C3CCCCC3)C2)CC1
C1CCC(CCC2CCCC(CC3CCCCC3)C2)CC1
C1CCC(CCC2CCCC(C3CCCCC3)C2)CC1
C(CCC1CCC(C2CCCCC2)CC1)CCC1CCC(C2CCCC2)CC1
C1CCC(CC2CCC(C3CCC(C4CCCC4)CC3)C2)CC1
C1CCC(C2CCC(C3CCC(C4CCCCC4)CC3)CC2)CC1
C1CCC(CC2CCC(CC3CCC(C4CCCCC4)CC3)CC2)CC1
C1CCC(CC2CCC(C3CCCC(C4CCC(C5CCCCC5)CC4)C3)CC2)CC1
C1CCC(C2CCCC(CC3CCCC(C4CCCC4)C3)C2)CC1
C1CCC(CC2CC3CCC(CCC4CCCCC4C4CCC4)CC3C(C3CCCCC3)C2)CC1
C1CCC(CCCCC2CCC(CC3CCCCC3)CC2)CC1
C1CCC(CC2CCCCC2CCC2CCC(C3CCC3)CC2)CC1
C1CCC(CC2CCCCC2CC2CCC(CC3CCC(CCC4CC4)CC3)CC2)CC1
C1CCC(CCCC2CCC(C3CCCCC3)CC2)CC1
C1CCC(C2CCCC(C3CCCC(C4CCCCC4)C3)C2)CC1
C1CCC(CCC2CCCC(C3CCCC(CC4CCCCC4)C3)C2)CC1
C1CCC(C2CCC(C3CCCC4CC(CCC5CC6CCCCC6C5)CCC43)CC2)CC1
C1CCC(C2CCCCC2C2CCC3CCCCC3C2)CC1
C1CCC(C2CCCC(C3CCC4CCCC4C3)C2)CC1
C1CCC(CC2CCC(CC3CCC4CCCCC43)CC2)CC1
C1CCC(C2CCCC(C3CC(C4CCC(C5CCC6CCCCC65)CC4)C4CCCCC34)C2)CC1
C1CCC(C2CCCC(C3CCCCC3)C2)CC1
C1CCC(CC2CCC(CC3CCC(C4CCCC4)CC3C3CCCCC3)CC2)CC1
C1CCC(CC2CCC(C3CCC(C4CCCCC4C4CCCC4)CC3)CC2)CC1
C1CC(CC2CC2)CC(CC2CCCC(C3CCCCC3C3CCCC3)C2)C1
C1CCC(CCC2CCCCC2C2CCCC2)CC1
C1CCC(CCCC2CCC(C3CCCCC3)CC2)CC1
C1CCC(C2CCCCC2C2CCC(C3CCCC3)CC2C2CCC3CCCC3C2)CC1
C1CCC(CC2CCC(C3CCC(C4CCCC4)CC3)CC2)CC1
C1CCC(CC2CCC(CCCCC3CCCC(C4CCCC4)C3)CC2)CC1
C1CCC(CC2CCCC(CC3CCCCC3)C2)CC1
C1CCC(CCC2CCC3C(CCC3C3CCC(C4CCCC4)CC3)C2)CC1
C1CCC(C2CCC3CCC(C4CCCCC4)C3C2)CC1
C1CCC(C2CCCCC2)CC1
C1CCC(CC2CCC(C3CCCCC3)CC2)CC1
C1CC2CCC(C3CCCCC3C3CCC4CCCCC43)CC2C1
C1CCC(CCC2CCC(CC3CCCCC3)CC2C2CCCCC2)CC1
C1CCC(CCC2CCCC(C3CCCCC3C3CCC(C4CCCC4)CC3)C2)CC1
C1CCC(C2CCCC(C3CCC(CC4CCCC4)CC3C3CCCCC3)C2)CC1
C1CCC(CC2CCCC(C3CCCCC3C3CCCCC3)C2)CC1
C1CCC(CC2CCC(C3CCCC(C4CC5CCCCC5C4)C3)CC2)CC1
C1CCC(CC2CCC(C3CCCC(C4CCCCC4)C3)CC2)CC1
C1CCC(CC2CC(CCC3CCCCC3C3CCC(CC4CC5CCCCC5C4)CC3)C3CCCCC23)CC1
C1CCC(C2CCC(CC3CC(CCCC4CCC(C5CCCC5)CC4)C4CCCCC34)CC2)CC1
C1CCC(CCC2CCCCC2)CC1
C1CCC(C2CCC(CCCC3CC4CCCCC4C3)CC2)CC1
C1CCC(CC2CCCC(CC3CCCC(C4CCCC4)C3)C2)CC1
C1CCC(CC2CCCC(C3CCCCC3C3CCCC3)C2)CC1
C1CCC(CC2CCC(C3CCC4CCCCC4C3)CC2)CC1
C1CCC(CCCC2CCC(CCC3CCC(CC4CCCCC4)CC3)CC2)CC1
C1CCC(C2CCC(C3CCCCC3C3CCC(C4CCCC4)CC3C3CCC4CCCC4C3)CC2)CC1
C1CCC(CC2CCCC(CC3CCC(CC4CC5CCCCC5C4)CC3)C2)CC1
C1CCC(CCCCC2CCC(CC3CCCC(C4CCCCC4)C3)CC2)CC1
C1CCC(C2CCC(C3CCCCC3)CC2)CC1
C1CC(CC2CC2)CC(CC2CC(C3CCCC4CCCCC43)C3CCCCC23)C1
C1CCC(CCC2CCC(C3CCC(C4CCCC4)CC3C3CCCC3)CC2)CC1
C1CCC(CC2CCC(C3CCCCC3)CC2)CC1
C1CCC(C2CCCC(CC3CCC4CCCCC43)C2)CC1
C1CCC(C2CCC3C(C4CCCCC4)CC(C4CCCCC4)C3C2)CC1
C1CCC(CC2CCC(C3CCC(C4CCCC4)CC3)CC2)CC1
C1CCC(C2CCCC(C3CCC(CC4CCC(CCC5CCC6CCCC6C5)CC4)CC3)C2)CC1
C1CCC(CCCC2CCC(CC3CCCCC3)CC2)CC1
C1CCC(CC2CCCCC2C2CCCC(CCC3CCC(C4CCCCC4)CC3)C2)CC1
C1CCC(CCC2CCCCC2C2CCCCC2)CC1
C(CCC1CC2CCC(C3CC3)CC2C(C2CC2)C1)CC1CCC(CC2CCC(C3CCCC3)C2)CC1
C1CCC(CCC2CCCC(C3CCCC(C4CCC4)C3)C2)CC1
C1CCC(CCCC2CCC(CC3CCCCC3)CC2)CC1
C1CCC(C2CCCC(CC3CC(CC4CCCC(C5CCCC5)C4)C4CCCCC34)C2)CC1
C1CCC(CCC2CCCCC2C2CCC(C3CCCCC3CC3CCCCC3)CC2)CC1
C1CCC(CCCCC2CCC(C3CCCCC3)CC2)CC1
C1CCC(CC2CCC(CC3CCCCC3)CC2)CC1
C1CCC(CCCCC2CCCCC2C2CCC(CC3CCCC3)CC2)CC1
C1CCC(CCC2CCC(C3CCCCC3)CC2)CC1
C1CCC(CC2CCCC(C3CCCC(C4CCCCC4)C3)C2)CC1
C1CCC(CC2CCCC(C3CCCCC3)C2)CC1
C1CCC(C2CC(C3CCCCC3)CC(C3CCCC3)C2)CC1
C1CCC(CCC2CCCC(C3CCCC(CC4CCCCC4)C3)C2)CC1
C1CCC(CC2CC(C3CCCCC3)CCC2C2CCCCC2)CC1
C1CCC(CCC2CCC(C3CCC(C4CCC(CCC5CCCC5)CC4)CC3)CC2)CC1
C1CCC(CCC2CCCC(CC3CCC4CCCCC4C3)C2)CC1
C1CCC(CC2CCCC(CC3CCCCC3)C2)CC1
C1CCC(C2CCC(CC3CCC(C4CCCCC4)C(C4CCCC4)C3)CC2)CC1
C1CCC(C2CCC(C3CCCCC3)CC2)CC1
C1CCC(CC2CC(C3CCC(C4CCCCC4)CC3)CCC2C2CCCCC2)CC1
C1CCC(CC2CCC(CC3CCC(CCC4CCCC4)CC3)CC2)CC1
C1CCC(CCC2CCC(CCC3CCC4CCCC4C3)CC2)CC1
C1CCC(CC2CCCC(C3CCCCC3)C2)CC1
C1CCC(C2CC(CC3CCC4CCCC4C3)C3CCCCC32)CC1
C1CCC(CCC2CCC(C3CCCCC3)CC2)CC1
C1CCC(CC2CCC(CCC3CCC(C4CCCCC4)CC3)CC2)CC1
C1CCC(CCC2CCC(C3CCC4C(CCCC4C4CC5CCCCC5C4)C3)CC2)CC1
C1CCC(CC2CCC3CC(CC4CCC(CCCC5CCC(C6CCCCC6)CC5)CC4)CCC23)CC1
C1CCC(C2CCCC(CCC3CCCC(CC4CC4)C3)C2)CC1
C1CCC(CC2CCC(C3CC4CCCCC4C3CC3CC4CCCCC4C3)CC2)CC1
C1CCC(CC2CCCC(CC3CCC(CC4CC5CCCCC5C4)CC3)C2)C1
C1CCC(C2CCCC(CC3CCCC(C4CCCC4)C3)C2)C1
C1CCC(C2CCCCC2)CC1
C1CCC(CC2CCC(CCC3CCC(CC4CCC(C5CCCCC5)CC4)CC3)CC2)CC1
C1CCC(CC2CCC3C(CC4CCCCC4)CC(CC4CCCCC4)C3C2)CC1
C1CCC(CCCC2CCCC(CC3CCC(C4CCCCC4)CC3)C2)CC1
C1CCC(CC2CCCCC2)CC1
C1CCC(CCCC2CCC(CCC3CCCCC3)CC2)CC1
C1CCC(CC2CCC(CCC3CCC(C4CCCCC4)CC3)CC2)CC1
C1CCC(C2CCC(C3CCCCC3C3CCC4C(CC(C5CCCC(C6CCC6)C5)CC4C4CC4)C3)CC2)C1
C1CCC(CCCC2CC(CC3CC3)C3CCC(C4CCCCC4)CC23)CC1
C1CCC(CCCC2CCC(CC3CCCCC3)CC2)CC1
C1CCC(CC2CCCC(C3CCC(C4CCC(C5CCCCC5C5CCCCC5)CC4)CC3)C2)CC1
C1CCC(CCCCC2CCC(CCCC3CCCCC3)CC2)CC1
C1CCC(CC2CCC(CC3CCCCC3)CC2)CC1
C1CCC(CCC2CCC(C3CCCC(CC4CCCCC4)C3)CC2)CC1
C(CCCC1CC2CCCCC2C1)CCCC1CCC(C2CCCCC2)C(CC2CCCC2)C1
C1CCC(CC2CCCC(CCCC3CCC4CCCCC43)C2)CC1
C1CCC(CC2CCC(CC3CCC(C4CCCC4)CC3)CC2)CC1
C1CCC(C2CCC(C3CCCCC3C3CCCC3)CC2)CC1
C1CCC(C2CCCC(C3CCCC(CC4CCC5CCCCC54)C3)C2)CC1
C1CCC(CCC2CCC(C3CCCCC3)CC2C2CC2)CC1
C1CCC(CC2CC(C3CCCCC3)CCC2C2CCCCC2)CC1
C1CCC(C2CCC(C3CCC(C4CC(C5CCCCC5)C4)CC3)CC2)CC1
C1CCC(C2CCCCC2)CC1
C1CCC(CCC2CCC(C3CCCC(CC4CCCC(CC5CCCCC5)C4)C3)CC2)CC1
C1CCC(C2CCC(C3CCCC(C4CCC5CCCC5C4)C3)CC2)CC1
C1CCC(CC2CCC(CCC3CCC(CC4CCCCC4)CC3)CC2)CC1
C1CCC(CCC2CC(C3CCC(CC4CCCCC4)CC3)C3CCCCC23)CC1
C1CCC(CC2CCC(C3CC4CCCCC4C3)CC2)CC1
C1CCC(CC2CCC(C3CCCC(CC4CCCC(CC5CCCC(C6CCCC6)C5)C4)C3)CC2)C1
C(CCCC1CCCCC1)CCCC1CCC(CCC2CC3CCCCC3C2)CC1
C1CCC(C2CCC(C3CCCC(C4CCC(CC5CC5)CC4)C3)CC2)CC1
C1CCC(CC2CCC(CCCC3CCC(C4CCCC4)CC3)CC2)CC1
C1CCC(CC2CCC(CC3CCCCC3)CC2)CC1
C1CCC(C2CCC(CCC3CC(C4CCCCC4)C4CCCCC34)CC2)CC1
C1CCC(CCC2CCCCC2)CC1
C1CCC(CCCC2CCCC(C3CCCC(C4CCCCC4)C3)C2)CC1
C1CCC(C2CCC(C3CCCC(C4CCCC4)C3)CC2)CC1
C1CCC(CCC2CC(C3CCCCC3)CC3CCCCC32)CC1
C1CCC(CCCC2CCCC(C3CCCC(CC4CCCCC4)C3)C2)CC1
C1CCC(CC2CCCCC2C2CCC(C3CCCCC3C3CCC4CCCC4C3)CC2)CC1
C1CCC(CCC2CCC(C3CCCCC3C3CCC(CC4CC4)C(C4CCCC4)C3)CC2)CC1
C1CC(CC2CCCC(C3CCCC3)C2)CC(CC2CC(C3CCC4CCCCC4C3)C3CCCCC23)C1
C1CCC(C2CCC(C3CCC3)CC2)CC1
C1CCC(C2CCCC(CC3CCCCC3C3CCCCC3)C2)CC1
C1CCC(CCC2CCC(C3CCCCC3)CC2C2CCC3CCCC3C2)CC1
C1CCC(CC2CCC(C3CCCCC3)C(C3CCCCC3)C2)CC1
C1CCC(C2CCC(C3CCC4CCCCC4C3)CC2)CC1
C1CCC(C2CCCC(CCCC3CCC(CCC4CCCC4)CC3)C2)CC1
C1CCC(CCC2CCC(C3CCCC3)C(CC3CCC(C4CCCCC4)CC3)C2)CC1
C1CCC(C2CCC3C(CCC3C3CCCCC3)C2)CC1
C1CCC(C2CCC(CCCC3CCCC(C4CCCCC4)C3)CC2)CC1
C1CCC(C2CC(CC3CCC4CCCC4C3)CC(C3CCC4CCCC4C3)C2)CC1
C1CCC(C2CCC(C3CCCCC3)C(C3CCCC3)C2)CC1
C1CCC(C2CCCCC2C2CCCCC2)CC1
C1CCC(CCCC2CCC(CC3CCCCC3)CC2CC2CCCCC2)CC1
C1CCC(C2CCC(C3CC(C4CCCCC4)C4CCCCC34)CC2)CC1
C1CCC(CCC2CCC(C3CCC(CC4CCCC4)CC3)CC2)CC1
C1CC(CCC2CCCC(C3CCC(C4CCCC4)CC3)C2)CC(CC2CCCC(C3CCC3)C2)C1
C1CCC(CCC2CC(C3CCCCC3)CC3CCCCC32)CC1
C1CCC(C2CCCC(CC3CC(C4CCCCC4)C4CCCCC34)C2)CC1
C1CCC(CC2CCC(C3CCC(C4CCC5CCCCC54)CC3C3CCC4CCCC4C3)CC2)CC1
C1CCC(CCC2CCCCC2CCC2CCCCC2)CC1
C1CCC(C2CCC(C3CCC(C4CCCCC4)CC3)CC2)CC1
C1CCC(CC2CCCC(CCC3CCC(C4CCCCC4)CC3)C2)CC1
C1CCC(CCCC2CCC(CC3CCCCC3)CC2)CC1
C(CCCC1CCCC(CC2CCC(C3CCCCC3)CC2)C1)CCC1CCCCC1
C1CCC(C2CCC(CC3CCC(CC4CCCC4)CC3)CC2)CC1
C1CCC(C2CC(C3CCC4CCCCC43)CC3CCC(C4CCC5CCCCC5C4)CC32)CC1
C1CCC(CCC2CC(CC3CCCCC3)CCC2C2CCC(CC3CCCC3)CC2)CC1
C1CCC(CCC2CCC(C3CCCC(CC4CCC(CC5CCCC5)CC4)C3)CC2)C1
C1CCC(CC2CCCCC2CC2CCCCC2CCC2CCCCC2C2CCCCC2)CC1
C1CCC(CCC2CCC3C(CC4CCCCC4)CC(C4CCC5CCCC5C4)C3C2)CC1
C1CCC(CC2CCC(C3CCCCC3)CC2)CC1
C1CCC(CCCCC2CCCC(C3CCCCC3)C2)CC1
C1CCC(CCCCCC2CCCC(C3CCC(CC4CCCCC4)CC3)C2)CC1
C1CCC(CC2CCC(C3CCCCC3)CC2)CC1
C1CCC(C2CCC(C3CCCC(C4CC4)C3)CC2)CC1
C(CCC1CC1)CCC1CC(C2CCC(C3CCCC(C4CCC4)C3)CC2)C2CCCCC12
C1CCC2CC(C3CCC(CC4CCC5CCCCC54)CC3)CCC2C1
C1CCC(CCC2CCC(C3CCCCC3CC3CCCCC3)C(C3CCCCC3)C2)CC1
C1CCC(CCC2CCC(C3CCCC(C4CCC(C5CCC5)CC4)C3)CC2)CC1
C1CCC(CC2CCCCC2CC2CCCCC2C2CCCCC2C2CCC(C3CCCC3)CC2)CC1
C1CCC(C2CCC(CC3CCC(C4CCCCC4)CC3C3CCCCC3)CC2)CC1
C1CCC(C2CCC(CCC3CCCCC3C3CCCC3)C(C3CCCCC3)C2)CC1
C1CCC(C(C2CC2)C2CCCCC2C2CCCC2)CC1
C1CCC(C2CCCC(C3CCC(C4CCCC4)CC3)C2)CC1
C1CCC(CC2CCCC(C3CCCCC3CC3CCC(C4CCCCC4)CC3)C2)CC1
C1CCC(CC2CCC(CCC3CCC(CC4CCC(CC5CC6CCCCC6C5)CC4)C3)CC2)CC1
C1CCC(CCC2CCC(C3CCC(CC4CCCCC4)CC3)CC2)CC1
C1CCC(C2CCCC(CC3CCCCC3C3CCCC3)C2)CC1
C1CCC(CC2CCCC(CC3CCCCC3)C2)CC1
C1CCC(CC2CCCCC2C2CCC(CC3CC3)CC2C2CCCCC2)CC1
C1CCC(CC2CCC(CCCC3CCCC(C4CCCCC4)C3)CC2)CC1
C1CCC(C2CCC(C3CCCC(C4CCCC5CCCCC54)C3)CC2)CC1
C1CCC(C2CCC(C3CCC4CCCCC4C3)CC2)CC1
C1CCC(C2CCC(CC3CCCC(C4CCCC(CCC5CCC(C6CC6)CC5)C4)C3)CC2)CC1
C1CCC(CCCC2CCC(CC3CCCCC3)CC2C2CCCCC2)CC1
C1CCC(CC2CCC(C3CCC(CC4CCCC(C5CCCCC5)C4)CC3)CC2)CC1
C1CCC(CCC2CCCC(CC3CCC(CC4CCCCC4)CC3)C2)CC1
C1CCC(C2CCCC(C3CCCC3)C2)CC1
C1CCC(CCC2CCC(C3CCCC(CC4CCCC4)C3)CC2)CC1
C1CCC(CC2CCC(CCC3CCCC(C4CCCCC4)C3)CC2)CC1
C1CCC(CC2CCC(CC3CCC(C4CCCCC4)CC3)CC2)CC1
C1CCC(CC2CCC(C3CCCCC3)C(C3CCCC3)C2)CC1
C1CCC(CCC2CCC(CC3CCC(C4CCCCC4)CC3)CC2)CC1
C1CCC(CC2CCCC(C3CC(CCCC4CCC4)C4CCCCC43)C2)CC1
C1CCC(C2CCC(C3CCCC(C4CCCCC4)C3)CC2)CC1
C1CCC(CCCC2CCC(C3CCC(CC4CCCCC4)CC3)CC2)CC1
C1CCC(C2CCCCC2CC2CCC3CCCC3C2)CC1
C1CCC(C2CCCC(C3CCCC(CC4CCCC4)C3C3CCCCC3)C2)CC1
C(CCC1CCCC1)CCC1CCCC(CC2CCCC(CC3CCC3)C2)C1
C1CCC(CCC2CCC(C3CCC4CCCCC4C3)CC2)CC1
C1CCC(CC2CCC(C3CCCCC3)CC2)CC1
C1CCC(CCC2CCCCC2C2CCCCC2)CC1
C1CCC(CC2CCC(CC3CCCCC3CC3CCCCC3)CC2)CC1
C1CCC(CCCCCC2CCC(C3CCCCC3)CC2)CC1
C1CCC(CCC2CC(C3CCC(C4CCC(C5CCCCC5)CC4)C3)C3CCCCC23)CC1
C1CCC(CC2CCC(CC3CCC(CCC4CCC(C5CCC6CCCCC6C5)CC4)CC3)CC2)C1
C1CCC(CCC2CCC(C3CCCC(C4CCC(C5CCCCC5)CC4)C3)CC2)CC1
C1CCC(CCC(C2CCCCC2)C(C2CCCCC2)C2CCCC2)CC1
C1CCC(CC2CCCCC2C2CCCC(C3CCCCC3)C2)CC1
C1CCC(CC2CCCC(C3CCCC(C4CCCCC4)C3)C2)CC1
C1CCC(CC2CCCCC2C2CCCCC2C2CCC3CCCCC3C2)CC1
C1CCC(CC2CCCCC2C2CCC3CCCC3C2)CC1
C1CCC(CC2CCC(CCCC3CCCCC3C3CCCCC3)CC2)CC1
C1CCC(CCCCC2CCC(C3CCCCC3)CC2)CC1
C1CCC(CC2CCC(CCCCC3CCC4CCCCC34)CC2)CC1
C1CCC(CCC2CCC(C3CCC4CC(C5CCC6CCCCC65)CC(C5CCCCC5)C4C3)CC2)CC1
C1CCC(CCCC2CCCC(CC3CCCC3)C2)CC1
C1CCC(C2CCCC(C3CCC(CC4CC5CCCCC5C4)CC3)C2)C1
C1CCC(CCCCC2CCCC(C3CCCC(CC4CCCCC4C4CCCCC4)C3)C2)CC1
C1CCC(CCC2CCC(CC3CCC(CC4CCCCC4)CC3)CC2)CC1
C1CCC(CC2CCC(C3CCCCC3)CC2)CC1
C1CCC(C2CCC(CC3CCC(CC4CC5CCCCC5C4)CC3)CC2)CC1
C1CCC(CCC2CCCC(CC3CCCCC3)C2)CC1
C1CCC(CC(C2CCCCC2)C2CCCCC2)CC1
C1CCC(C2CCCC(CC3CCC(C4CCCCC4)C3)C2)CC1
C1CCC(CCC2CCCC(C(C3CCCCC3)C3CC3)C2)CC1
C1CCC(CC2CCC(CCCCCC(CC3CC3)C3CCCCC3)CC2)CC1
C1CCC(CC2CCC(CC3CCC(C4CCCCC4)CC3)CC2)CC1
C1CCC(CCC2CCCCC2CCCC2CCC(C3CCCCC3)CC2)CC1
C1CCC(CC2CCC3C(CC4CCCCC4)CCC3C2)CC1
C1CCC(C2CCCC(CC3CCCC(CC4CCCCC4C4CCCCC4)C3)C2)CC1
C1CCC(C2CCCC(CC3CCC(C4CCCC4)C(C4CCC5CCCC5C4)C3)C2)CC1
C1CCC(C2CCC(CC3CCCC3)CC2)CC1
C1CCC(CCCC2CCC(CC3CCC(CC4CCCCC4)CC3)CC2)CC1
C1CCC(CC2CCCC(CC3CCCCC3)C2)CC1
C1CCC(CCC2CCCCC2C2CCCC(C3CCCCC3)C2)CC1
C1CCC(CCC2CCCC(C3CCCCC3)C2)CC1
C1CCC(CC2CCC(C3CCCC(CC4CCCCC4)C3)CC2)CC1
C1CCC(CC2CCCCC2C2CCC(C3CCCCC3)CC2)CC1
C1CCC(CC2CCC(C3CCC(C4CCC(C5CCC(C6CCCCC6)C5)CC4)C3)CC2)CC1
C1CCC(CC2CCC(C3CCCCC3)CC2)CC1
C1CCC(C2CCCC(C3CCCC(C4CCCC4)C3)C2)CC1
C1CCC(C2CCCC2C2CCCC(C3CCC4CCCC4C3)C2)CC1
C1CCC(CC2CCC(C3CCCC(C4CCCCC4)C3)CC2C2CCC(C3CCCC3)CC2)CC1
C1CCC(CC2CCC(CC3CCC4CCCCC4C3)CC2C2CCCCC2)CC1
C1CCC(CC2CC(C3CCCCC3)CCC2C2CCCCC2)CC1
C1CCC(CCC2CCCCC2CCC2CCC(CC3CC4CCCCC4C3)CC2)CC1
C1CCC(CCCC2CCC3CC(CC4CCC5CCCCC54)CC(C4CCCCC4)C3C2)CC1
C1CCC(CCCCC2CCCC(CCCC3CCCCC3)C2)CC1
C1CCC(C2CCCC2CC2CCC(CCCC3CC4CCCCC4C3)CC2)CC1
C1CCC(CC2CCCC(C3CC(CC4CCCC(C5CC5)C4)C4CCCCC43)C2)CC1
C1CCC(C2CCCC(CCC3CCCCC3C3CCCCC3)C2)CC1
C1CCC(CCC2CCCC(CCCC3CCCC(CCC4CCCCC4)C3)C2)CC1
C1CCC(C2CCCCC2C2CC(C3CCC(C4CCCC4)CC3)C3CCCCC32)CC1
C1CCC(CC2CCC(C3CCCCC3C3CCCCC3)CC2)CC1
C1CCC(C2CCC(C3CCC(CCC4CCCC(CCCC5CCCC5)C4)CC3)CC2)CC1
C1CCC(CC2CCCCC2CCC2CCC(C3CCCCC3)CC2)CC1
C1CCC(C2CCCC(CC3CCCC3)C2)CC1
C1CCC(CCCC2CCC3CC(C4CCCCC4CC4CCCCC4)CCC3C2)CC1
C1CCC(C2CCCC(C3CCCCC3CC3CCCCC3C3CCC4CCCC4C3)C2)CC1
C1CCC(CCCC2CCCC(C3CCCCC3)C2)CC1
C1CCC(CC2CCCCC2C2CCC3C(CCC3C3CCCC3)C2)CC1
C1CCC(C2CCCC(C3CCCC(C4CCCCC4)C3)C2)CC1
C(CC1CCCC(CC2CCC3CCCCC32)C1)CC1CC2CCCCC2C1
C1CCC(CC2CCC(C3CCCCC3)C(CC3CCC(C4CCCCC4)CC3)C2)CC1
C1CCC(C2CCC(C3CCC(C4CCC5CCCCC5C4)CC3)CC2)CC1
C1CCC(CC2CCCC(C3CCCCC3CC3CCCCC3)C2)CC1
C1CCC(CCC2CCC(C3CCC4C(CCC4C4CCCCC4)C3)CC2)CC1
C1CCC(C2CCC(C3CCCC(C4CCCC(C5CCCC(C6CCC7CCCC7C6)C5)C4)C3)CC2)C1
C1CCC(CCC2CC(C3CCC4CCCCC43)CC3CCCCC32)CC1
C1CCC(CCC2CCC(C3CCC(C4CCCCC4)CC3)CC2)CC1
C1CCC(CC2CCC(CCC3CCCCC3CC3CCCCC3)CC2)CC1
C1CCC(CC2CCC(CC3CCCCC3)CC2)CC1
C1CCC(CCCC2CCCC(C3CCCC(C4CCCCC4C4CCCC4)C3)C2)CC1
C1CCC(C2CCC(C3CCC4C(CCCC4C4CCCCC4)C3)C2)CC1
C1CCC(CC2CCC3C(CC4CCCCC4)CC(CC4CCCCC4C4CCCCC4)C3C2)CC1
C1CCC(C2CCCC(C3CCCCC3)C2)CC1
C1CCC(CCCC(CCC2CCCCC2)CCC2CCCCC2)CC1
C1CCC(CCCC2CCC3C(C4CCCC4)CC(C4CCCC(CCC5CCCCC5)C4)C3C2)CC1
C1CCC(CCC2CCC(CC3CCCCC3)CC2)CC1
C1CCC(CC2CCC(C3CC(C4CCC(CCC5CCC(C6CCCC6)CC5)CC4)C3)CC2)CC1
C1CCC(CC2CCCC(C3CCCC(CCC4CCC5CCCCC5C4)C3)C2)CC1
C1CCC(CCC2CC(C3CCCCC3)CCC2C2CC(C3CCCCC3)C3CCCCC32)CC1
C1CCC(CCC2CCCCC2CC2CCCCC2)CC1
C1CCC(C2CCCCC2C2CCC(C3CCCC3)CC2)CC1
C1CCC(CCC2CCCC(C3CCCCC3)C2)CC1
C1CCC(CC2CCCC(C3CC(CC4CCCC4)CC(C4CCCCC4)C3)C2)CC1
C1CCC(CCC2CCC(C3CCCC(CCC4CCCCC4)C3)CC2)CC1
C1CCC(CC2CCCCC2C2CCC(C3CCCCC3)CC2)CC1
C1CCC(C2CCC(C3CCC(C4CCCC4)C3)CC2)CC1
C1CCC(C2CCCC(CC3CCCCC3C3CCCCC3)C2)CC1
C1CCC(CCCCC2CCC(C3CCCCC3)CC2)CC1
C1CCC(C2CCCC(C3CCCC(CCC4CCCC4)C3)C2)CC1
C1CCC(C2CCC(C3CCCC(C4CC(C5CCCCC5)CCC4C4CCCCC4)C3)CC2)CC1
C1CCC(CCC2CC(CC3CCCCC3)CCC2C2CCCCC2)CC1
C1CCC(CCCCC2CCC(CC3CCC(CC4CCCCC4)CC3)CC2)CC1
C1CCC(CCC2CCC(CC3CCCCC3)CC2)CC1
C1CCC(C2CCCCC2C2CCCCC2)CC1
C1CCC(C2CCCC(CC3CCCC(C4CCCC4)C3)C2)CC1
C1CCC(C2CCC(CC3CCC(CC4CCCC4)C(C4CCCCC4)C3)CC2)CC1
C1CCC(C2CCCC(CC3CCC(C4CCC(C5CCCC5)CC4)CC3)C2)CC1
C1CCC(CC2CC(C3CCCCC3)C(CCC3CC3)C(C3CCCCC3)C2)CC1
C1CCC(CCC2CCC(CCCC3CCCC(CC4CCCC4)C3)CC2)CC1
C1CCC(CC2CCC(C3CC(CC4CCCCC4)C4CCCCC43)CC2)CC1
C1CCC(C2CCC(CC3CC(C4CCCCC4)C4CCCCC34)CC2)CC1
C1CCC(C2CCC(CC3CCCC(C(C4CCCCC4)C4CCCC4)C3)CC2)CC1
C1CCC(CC2CCC(CC3CCC(CC4CCCC4)CC3)CC2)CC1
C1CCC(C2CCCCC2C2CCC3CCCCC3C2)CC1
C1CCC(CCC2CCC(CC3CCCCC3)CC2)CC1
C1CCC(CC2CCCC(C3CCCCC3)C2)CC1
C1CCC(C2CCCC3CC(C4CCCCC4CC4CCC5CCCC5C4)CCC32)CC1
C1CCC(CCCCC2CCCC(CC3CCCCC3)C2)CC1
C1CCC(CCCC2CCC(CC3CCCCC3)CC2)CC1
C1CCC(CC2CCCCC2CC2CCCCC2)CC1
C1CCC(CCCC2CCC(CC3CCC(CC4CC5CCCCC5C4)CC3)CC2)C1
C1CCC(CC2CCCCC2CCCC2CCCCC2C2CCCC2)CC1
C1CCC(CC2CCC(C3CCC(C4CCC5CCCC5C4)CC3)CC2)CC1
C1CCC(CCCCC2CCC(CC3CCCCC3)CC2CC2CCCCC2)CC1
C1CCC(CC2CCCC(CC3CC(CC4CCCCC4)CCC3C3CCC3)C2)CC1
C1CC(C2CCC(CCC3CCCCC3C3CCC4CCCC4C3)CC2)C1
C1CCC(CC2CCC(C3CCC(CC4CCCC(C5CCCCC5)C4)CC3)CC2)CC1
C1CCC(CC2CCCC(CC3CCCCC3)C2)CC1
C1CCC(CCC2CCC(CC3CCCCC3)CC2)CC1
C1CCC(CCC2CCCC(CCC3CCCCC3)C2CC2CCCCC2)CC1
C1CCC(CC2CCC(C3CC4CCCCC4C3)CC2)CC1
C1CCC(C2CCCC(C3CCCCC3)C2)CC1
C1CCC(CCC2CCCC(C3CCCC(CC4CCCC5CCCC54)C3)C2)CC1
C1CCC(C2CCCC(C3CC(C4CCCCC4)CC(C4CCCCC4)C3)C2)CC1
C1CCC(CCCC2CCC(CC3CCCCC3)CC2)CC1
C1CCC(C2CCC(C3CCCCC3)CC2)CC1
C1CCC(C2CCC(CC3CCCCC3C3CCCC3)CC2)CC1
C1CCC(C2CCCC(C3CC3)C2)CC1
C1CCC(CCCC2CCCC(C3CCCCC3)C2)CC1
C1CCC(CCC2CCC(C3CCCCC3)CC2)CC1
C1CCC(C2CCC(C3CCCCC3C3CCC4CCCC4C3)CC2)CC1
C1CCC(CC2CCC(CC3CCC(C4CCCCC4)C3)CC2C2CCCCC2)CC1
C1CCC(CC2CCC(CCC3CCC4CCCCC4C3)CC2)CC1
C1CCC(CC2CCCCC2C2CCCCC2)CC1
C1CCC(CC2CCCC(CC3CCC4CCCCC43)C2)CC1
C1CCC(C2CCC(C(C3CCCCC3)C3CCCCC3)CC2)CC1
C1CCC(CC2CCC(C3CCC(C4CCCCC4)CC3)CC2)CC1
C1CCC(CCC2CCCC(CC3CCCC(C4CCCCC4)C3)C2)CC1
C1CCC(CC2CCC(CCC3CCCCC3C3CCC4CCCC4C3)CC2)CC1
C1CCC(CC2CCCC(C3CCC(C4CCCCC4)CC3)C2)CC1
C1CCC(CCC2CCC(C3CC(CC4CCCCC4)C4CCCCC43)CC2)CC1
C1CCC(CC2CC(C3CCCCC3)C3CC(C4CCCCC4)CCC23)CC1
C1CCC(C2CCC(CC3CCC(C4CCCC4)CC3)CC2)CC1
C1CCC(C2CCCC(CC3CCC(CC4CC5CCCCC5C4)CC3)C2)CC1
C1CCC(C2CCCCC2C2CCC3CCCCC3C2)CC1
C1CCC(CCC2CCCC(C3CCCCC3)C2)CC1
C1CCC(CCC2CCC(C3CCCCC3C3CCCCC3)CC2)CC1
C1CCC(CC2CCC(CCCC3CCCC(C4CCCCC4)C3)CC2)CC1
C1CCC(CCC2CCCC3CCCC(C4CCC5CCCCC5C4)C32)CC1
C1CCC(C2CCCCC2)CC1
C1CCC(CC2CCC(C3CCCCC3)C(C3CCCCC3)C2)CC1
C1CCC(C2CCCC(C3CC(C4CCCCC4)CC(C4CCCCC4)C3)C2)CC1
C1CCC(C2CCC(C3CCC4CCCCC4C3)C(C3CCC4CCCC4C3)C2)CC1
C1CCC(CC2CCCCC2)CC1
C1CCC(CCCCCC2CCCC(C3CCCCC3)C2)CC1
C1CCC(CC2CCCC(CC3CCC(C4CCC(C5CC6CCCCC6C5)CC4)CC3)C2)C1
C1CCC(CC2CCC(C3CCCCC3)C(C3CCCC3)C2)CC1
C1CCC(CC2CCC(C3CCCC(C4CCCCC4)C3)CC2)CC1
C1CCC(CCCC2CCC(CC3CCCCC3)CC2)CC1
C1CCC(C2CCC(CC3CCCC(C4CCCCC4C4CCCC4)C3)C2)C1
C1CCC(CC2CCC(C3CCCCC3)CC2)CC1
C1CCC(CCCC2CC(C3CCCCC3)CCC2C2CCCCC2)CC1
C1CCC(CC2CCC(C3CC(C4CCC(CC5CCCC(C6CCCC6)C5)CC4)C3)CC2)CC1
C1CCC(C2CCC(C3CCCCC3)C2)CC1
C1CCC(C2CCCC(CCC3CCCC(C4CCCCC4)C3)C2)CC1
C1CCC(C2CCCC(CCC3CCC(CC4CC5CCCCC5C4)CC3)C2)CC1
C1CCC(C2CCCC(C3CCCC(C4CCCC4)C3)C2)CC1
C1CCC(C2CCCC(C3CCCC3)C2)CC1
C1CCC(CC2CCC(C3CCCCC3C3CCCCC3)CC2)CC1
C1CCC(C2CCCCC2C2CCCC(CC3CCCC(C4CCC(C5CCC5)CC4)C3)C2)CC1
C1CCC(C2CCCC(C3CCCC(CC4CCC4)C3)C2)CC1
C1CCC(CCC2CCC3CCCCC3C2)CC1
C1CCC(CC2CCC3C(CCC3CC3CCCC(C4CCCCC4)C3)C2)CC1
C1CCC(CC2CCCC(CC3CC(CC4CCCCC4)C4CCCCC34)C2)CC1
C(CCCC1CCC(CCC2CCCCC2)CC1)CCC1CCCC1
C1CCC(CC2CCC(CC3CCCC(C(C4CCCCC4)C4CC4)C3)CC2)CC1
C1CCC(CCC2CCC(CCC3CC3)CC2C2CCCCC2)CC1
C1CCC(CC2CCCC(C3CCCCC3)C2)CC1
C1CCC(C2CCCC(C3CCCC(C4CCCC5CC(C6CCCCC6)CCC54)C3)C2)CC1
C1CCC(CC2CCC(CC3CCC(C4CCCCC4)CC3)CC2)CC1
C1CCC(CC2CCCCC2C2CCC3C(CCCC3C3CCCCC3)C2)CC1
C1CCC(C2CCC(CC3CCC4C(CCCC4C4CCCC(C5CCC5)C4)C3)CC2)CC1
C1CCC(CC2CCCC(CC3CCCCC3C3CCCC3)C2)CC1
C1CCC(CCCC2CCCC(C3CCCCC3)C2)CC1
C1CCC(CCC2CCCCC2C2CCCCC2)CC1
C1CCC(CC2CC(CC3CCCC(C4CCCCC4)C3)C3CCCCC23)CC1
C1CCC(CCC2CCCC(CC3CCCCC3)C2)CC1
C1CCC(CCC2CCC3CC(CC4CCCCC4)CC(C4CCCCC4)C3C2)CC1
C1CCC(CCCC2CC(C3CC3)CCC2C2CCCCC2C2CCCCC2)CC1
C1CCC(CCC2CCCCC2C2CCC(CC3CCCCC3)CC2C2CCCCC2)CC1
C1CCC(CC2CCCC(C3CCCC(C4CCCCC4)C3)C2)CC1
C1CCC(CC2CCCC(C3CCCC(C4CCCC(C5CCC5)C4)C3)C2)CC1
C1CCC(C(CCCCC2CCCC2)CC2CCCCC2C2CCCC2)CC1
C1CCC(CCC2CCC(CC3CCCC(CCC4CCC(C5CCCCC5)CC4)C3)CC2)CC1
C1CCC(CCC2CCC(CC3CCCCC3)CC2)CC1
C1CCC(C2CC(CC3CCC(C4CCC5CCCCC54)CC3)C3CCCCC32)CC1
C1CCC(CC2CCC(CC3CCCCC3)CC2)CC1
C1CCC(C2CC(C3CCCCC3)C3CC(C4CCC(C5CCCCC5C5CCCC5)CC4)CCC23)CC1
C1CCC(CCCCCC2CCCC(C3CCCC(CC4CCCCC4)C3)C2)CC1
C1CCC(C2CCC(C3CCCCC3)CC2)CC1
C1CCC(CC2CCCC(C3CCC(C4CCCCC4)CC3)C2)CC1
C1CCC(CCC2CCCC3CCCCC32)CC1
C1CCC(CC2CCC3C(CC4CCCC(C5CCCCC5)C4)CC(C4CCCCC4)C3C2)CC1
C1CCC(CCC2CCCC(C3CCCCC3)C2)CC1
C1CCC(CC2CCC(CC3CCCCC3)CC2)CC1
C1CCC(CCC2CC3CCC(C4CCCC(C5CCC5)C4)CC3C(C3CCCCC3)C2)CC1
C1CCC(CCCC2CCC(CC3CCCCC3)CC2)CC1
C1CCC(CC2CCCC(CCCC3CCC(CCCC4CCCCC4CC4CCCCC4)CC3)C2)CC1
C1CCC(C2CCCC2)CC1
C1CCC(CC2CCCCC2CCC2CCCC(CC3CCCC(C4CCC4)C3)C2)CC1
C1CCC(CC2CCC(C3CCCCC3)C2)CC1
C1CCC(CC2CCCC(CC3CCCCC3C3CCCCC3)C2)CC1
C1CCC(C2CCCC(CCCC3CCCC(CC4CC4)C3)C2)CC1
C1CCC(CCC2CCCC(C3CCCC(C4CCCC(C5CC5)C4C4CCC4)C3)C2)CC1
C1CCC(CC2CCC(C3CCC(C4CCCCC4)CC3)CC2)CC1
C1CCC(CCC2CCC3C(CCCC4CCC(C5CCCCC5)C4)CCC3C2)CC1
C1CCC(C2CCCC(C3CCC(C4CCCCC4C4CCC5CCCC5C4)CC3)C2)CC1
C1CCC(CCC2CCCC(C3CCCCC3)C2)CC1
C1CCC(C2CCCCC2)CC1
C1CCC(C2CCC(CC3CCC(CC4CCC(C5CCCCC5)CC4)CC3)CC2)CC1
C(CCC1CCC(CC2CCCC(C3CCCCC3)C2)CC1)CCC1CC2CCCCC2C1
C1CCC(C2CCCC(C3CCCC(C4CCCC(C5CCCCC5)C4)C3)C2)CC1
C1CCC(C2CCC(C3CC(C4CCCCC4)CCC3C3CCCC3)CC2)CC1
C1CCC(CC2CCC(CC3CCC(CC4CCC(CC5CCCCC5)CC4)CC3)CC2)CC1
C1CCC(CCCC2CC(C3CCCCC3)CCC2CCC2CCCCC2)CC1
C1CCC(CC2CCCC(CC3CCC(CCC4CCCCC4C4CCCCC4)C3)C2)CC1
C1CCC(CC2CCCC(CC3CCC(C4CCCC4)CC3)C2)CC1
C1CCC(CC2CCC(C3CCC4CCC(C5CCCCC5)C4C3)CC2)CC1
C1CCC(C2CCCCC2)CC1
C1CCC(CC2CC(C3CCCCC3)C(CC3CCCC3)C(C3CCCCC3)C2)CC1
C1CCC(CCC2CCCCC2C2CCC3C(CC(CC4CCCC4)CC3C3CC3)C2)CC1
C1CCC(CCC2CC(CC3CCCCC3)CC(C3CCCCC3)C2)CC1
C1CCC(CC2CCC(C3CCCC(CC4CCC(CC5CC5)C4)C3)CC2)CC1
C1CCC(C2CCC(CC3CCC(C4CCCCC4)CC3)CC2)CC1
C1CCC(CCC2CCC(CC3CCCCC3)CC2)CC1
C1CCC(CCCCC2CC(C3CCC4CCCCC43)CCC2CC2CCCCC2)CC1
C1CCC(CCCC2CCCC(C3CCCCC3)C2)CC1
C1CCC(C2CCCC(CC3CCC(CCC4CCCC4)CC3)C2)CC1
C1CCC(CC2CCCC(CC3CCC(C4CCCC4)CC3)C2)CC1
C1CCC(C2CC(CC3CCC4C(CCCC4C4CCCCC4)C3)CC(C3CCCC3)C2)CC1
C1CCC(CC2CCC(CC3CCCCC3CC3CCCCC3)CC2)CC1
C1CCC(CCC2CCC(CC3CCC(CC4CCCCC4)CC3)CC2)CC1
C1CCC(CC2CCCC(C3CCCCC3)C2)CC1
C1CCC(CC2CCCC(C3CCC(C4CCC5CCCC5C4)CC3)C2)CC1
C1CCC(CCC2CCCCC2CC2CCCC(C3CCCCC3)C2)CC1
C1CCC(CCC2CCCC(C3CCCCC3)C2)CC1
C1CCC(CC2CCC(CC3CCCC(CC4CCC4)C3)CC2)CC1
C1CCC(CCC2CCCC(C3CCC(CC4CCCCC4)CC3)C2)CC1
C1CCC(CC2CCCC(C3CC(C4CCC5CCCCC5C4)CCC3C3CCCCC3C3CCCC3)C2)CC1
C1CCC(C2CC(C3CCCCC3)CC(C3CCCCC3)C2)CC1
C1CCC(C2CCCC(CCC3CCCC(C4CCCCC4)C3)C2)CC1
C1CCC(C2CCC(CCCC3CCC(C4CCCCC4)CC3)CC2)CC1
C1CCC(C2CCCC(C3CCCC(C4CCCCC4)C3)C2)CC1
C1CCC(CCCC2CC(CC3CCCCC3)CCC2C2CCCCC2)CC1
C1CCC(CCCC2CCC(C3CCC(CC4CCCCC4C4CCCC4)CC3)CC2)CC1
C1CCC(CC2CCC(CC3CCCCC3)CC2)CC1
C1CCC(C2CCC(C3CCCCC3C3CCCCC3)CC2)CC1
C1CCC(C2CCC(CC3CCC(CC4CCCC4)C(C4CCCC4)C3)CC2)CC1
C1CCC(CCC2CCC(C3CCCCC3)CC2CC2CCCCC2)CC1
C1CCC(CCC2CCC(CCC3CCC(CCC4CCCC4)CC3)CC2)CC1
C1CCC(CCC2CCC(C3CCCCC3)CC2C2CCCCC2)CC1
C1CCC(CCCC2CCC(C3CCC(C4CCCCC4)CC3)CC2)CC1
C1CCC(CCCC2CCC(CC3CCCCC3)CC2)CC1
C1CCC(CC2CCCC(C3CCCCC3CC3CCC3)C2)CC1
C1CCC(CC2CCCCC2C2CCCCC2C2CCC3CCCC3C2)CC1
C1CCC(C2CCCC(C3CCC(CCC4CCCC4)CC3)C2)CC1
C1CCC(CCC2CCCC(C3CCCC3)C2)CC1
C1CCC(CC2CCC(CCC3CC(CC4CCCCC4)CC(C4CCCCC4)C3)CC2)CC1
C1CCC(CC2CCC(CCC3CCC(CC4CCCCC4)CC3CC3CCCCC3)CC2)CC1
C1CCC(C2CCCC(CC3CCCCC3C3CCCC4CCCCC43)C2)CC1
C1CCC(C2CCCCC2)CC1
C1CCC(CCCCC2CCCC(C3CCC3)C2)CC1
C1CCC(C2CCCC(C3CCCCC3C3CCCCC3)C2)CC1
C1CCC(C2CCCCC2CC2CCC(C3CCC4CCCC4C3)CC2)CC1
C1CCC(CCC2CCC(CC3CCCC(C4CCCC4)C3)CC2)CC1
C1CCC(C2CCCC(CCCCC3CCCCC3C3CCC4CCCC4C3)C2)CC1
C1CCC(C2CC(C3CCCCC3)C(C3CCCCC3)C3CCCC23)CC1
C1CCC(C2CCC(C3CCC(C4CCCC(C5CCCC5)C4)C4CCCC34)CC2)CC1
C1CCC(CC2CCCC(C3CCCC4CC(C5CCCCC5)CCC43)C2)CC1
C1CCC(CCC2CCCC(CCCC3CCCCC3C3CCC4CCCC4C3)C2)C1
C1CCC(CCC2CCC(C3CCCCC3C3CCC4CCCCC4C3)C2)CC1
C1CCC(C2CCCCC2C2CC3CCCCC3C2)CC1
C1CCC(CC2CC(C3CCC(C4CCCCC4)CC3)C3CCCCC23)CC1
C1CCC(C2CCCC(C3CCCCC3)C2)CC1
C1CCC(CC2CCCCC2CC2CCCCC2)CC1
C1CCC(CC2CCCCC2C2CCC3CC(C4CC5CCCCC5C4)CC3C2)CC1
C1CCC(CCC2CCCC(C3CCC4CCCC4C3)C2)CC1
C1CCC(CC2CCCCC2CCC2CCC3CCCCC3C2)CC1
C1CCC(CC2CCC(CC3CCC(C4CCCC4)CC3)CC2)CC1
C1CCC(CC2CCCCC2C2CCC3CCCCC32)CC1
C1CCC(C2CCCC(CCC3CCCC(C4CCCCC4C4CCC5CCCC5C4)C3)C2)C1
C1CCC(C2CC(C3CCC4CCCCC43)CC3CCCCC32)CC1
C1CCC(CC2CC(C3CCCCC3)C(C3CCCCC3)C2)CC1
C1CCC(CCC2CCC(CC3CCC(CCC4CCCCC4)CC3)CC2)CC1
C1CCC(CC2CCCC(CC3CCCC(C4CCCCC4)C3)C2)CC1
C1CCC(C2CCC3CCC(C4CCCC(C5CCC6CCCCC6C5)C4)C3C2)CC1
C1CCC(CCC2CCC(CC3CCC(CCC4CCC(C5CCC5)CC4)CC3)CC2)CC1
C1CCC(CC2CC(CCC3CCC4CCCCC4C3)C3CC(C4CCC5CCCCC5C4)CCC23)CC1
C1CCC(CCCCC2CCCCC2C2CCCC(CC3CCCCC3)C2)CC1
C1CCC(CCCCC2CCCC(C3CCC(CCCC4CCCCC4)CC3)C2)CC1
C1CCC(C2CCC(CCC3CCC(CC4CCCC(C5CCCCC5)C4)CC3)CC2)CC1
C1CCC(CC2CCCCC2C2CCCCC2)CC1
C1CCC(CC2CCC(CC3CCCCC3)C(CC3CCCC3)C2)CC1
C1CCC(CC2CCC(CC3CCCCC3)CC2)CC1
C1CCC(CC2CCC(CCC3CCC4CCCC4C3)CC2)CC1
C1CCC(C2CCC(C3CCCCC3)C(C3CCC4CCCC4C3)C2)CC1
C1CCC(CC2CCC(C3CCCCC3C3CCCCC3)CC2)CC1
C1CC(CCC2CCCC(C3CCC3)C2)CC(CC2CCCC(C3CC3)C2)C1
C1CCC(CCCC2CCC(CC3CCCCC3)CC2)CC1
C1CCC(CC2CCCC(C3CCCC(C4CCC5CCCCC54)C3)C2)CC1
C1CCC(CC2CCCC(C3CCCCC3C3CCCC3)C2)CC1
C1CCC(CC2CCC(C3CCCCC3)C(CC3CCCC(C4CCCC4)C3)C2)CC1
C1CCC(C2CCC(CC3CCCC(C4CCCC4)C3)CC2)CC1
C1CCC(CC2CCC(CC3CCC(C4CCCCC4)CC3)CC2)CC1
C1CCC(CCCC2CCC(CC3CCCCC3)CC2)CC1
C1CCC(CCC2CCC3C(CCC3CC3CCCC(CC4CCCCC4)C3)C2)CC1
C1CCC(CCCC2CCCC(C3CCCCC3C3CCCCC3)C2)CC1
C1CCC(C2CCCC(CC3CCCC(C4CCCCC4)C3)C2)CC1
C1CCC(CC2CCCCC2C2CCCCC2C2CCCC(C3CCCC3)C2)CC1
C1CCC(C2CC(C3CCCC3)C3CCCCC23)CC1
C1CCC(CCC2CCCCC2CC2CCCC(C3CCCCC3)C2)CC1
C1CCC(CCC2CCCC(CC3CCC(C4CCCCC4C4CCCCC4)CC3)C2)CC1
C1CCC(CC2CCCCC2C2CCC3CCCCC3C2)CC1
C1CCC(C2CCC(CCC3CCCCC3C3CCCCC3)CC2)CC1
C1CCC(CCC2CCC(C3CCCCC3)CC2)CC1
C1CCC(C2CCCCC2CCC2CC3CCCCC3C2)CC1
C1CCC(C2CCCC(CC3CC(C4CCCCC4)C4CCCCC34)C2)CC1
C1CCC(CC2CCCC(C3CCCCC3)C2)CC1
C1CCC(CC2CCCC(CCC3CCCC(C4CCCC(CC5CCCC(C6CCCC6)C5)C4)C3)C2)CC1
C1CCC(C2CCCCC2C2CCC(CC3CCC3)CC2)CC1
C1CCC(C2CCC(C3CCCCC3)CC2)CC1
C1CCC(CCC2CCC3CC(C4CCCCC4)CCC23)CC1
C1CCC(CC2CCCC(C3CCCC(CCC4CC4)C3)C2)CC1
C1CCC(CCC2CCCC(C3CCCCC3)C2)CC1
C1CCC(CC2CCCC(CCCC3CCC(CC4CCCCC4)CC3CCC3CC3)C2)CC1
C1CCC(CC2CCCC(CC3CCCCC3)C2)CC1
C1CCC(C2CC(CC3CCCC3)CC3CCCCC32)CC1
C1CCC(CCC2CCCC(C3CCC(C4CC(CC5CCCCC5)C5CCCCC54)CC3)C2)CC1
C1CCC(C2CCC3CC(C4CCC5CCCCC54)CC(C4CCCCC4)C3C2)CC1
C1CCC(CC2CCCCC2C2CCCCC2)CC1
C1CCC(CC2CCCCC2C2CCCCC2)CC1
C1CC2CCC(C3CCC(CCC4CCCCC4C4CCCC4)CC3C3CCC4CCCC4C3)CC2C1
C1CCC(C2CCCC(C3CCCCC3C3CCCCC3)C2)CC1
C1CCC(CC2CCC3C(C2)C(CC2CCCC(C4CCCC(C5CCC6CCCCC65)C4)C2)CC3C2CCCCC2)CC1
C1CCC(CC2CCC(CCC3CCC(C4CCC(C5CCC(CC6CCCC6)CC5)CC4)CC3)CC2)CC1
C1CCC(C2CCC3CC(CC4CCC(C5CCC5)CC4)CC(C4CCCCC4)C3C2)CC1
C1CCC(C(C2CCCC2)C2CCCC(CCC3CCC(CC4CCCC4)CC3)C2)CC1
C(CCCC1CCCC(C2CCCCC2)C1)CCC1CCC(CC2CCCC2)CC1
C1CCC(CCC2CCCC(C3CCCCC3)C2)CC1
C1CCC(C2CCCC(C3CCC(C4CCC(C5CCCCC5C5CCCC5)CC4)CC3)C2)C1
C1CCC(C2CCCC(CC3CCC(C4CCCCC4C4CCCC4)CC3)C2)CC1
C1CCC(C2CCCC(C3CCCC(CCC4CCC5CCCCC5C4)C3)C2)CC1
C1CCC(C2CCCC(CC3CCC4CCCCC43)C2)CC1
C1CCC(C2CCCCC2C2CCCCC2)CC1
C1CCC(C2CCC(CCC3CCC(CCCC4CC4)CC3)CC2)CC1
C1CCC(C2CCCC(C3CCC(C4CCCC5CCCCC54)C(C4CCCC4)C3)C2)C1
C1CCC(C2CCC(CC3CCCC(C4CCCCC4)C3)CC2)CC1
C1CCC(CCCCCC2CCCC(CC3CCCCC3C3CCCCC3)C2)CC1
C1CCC(CC2CCC(CC3CC(CC4CCCCC4)CCC3C3CCCCC3)CC2)CC1
C1CCC(CC2CCCCC2)CC1
C1CCC(C2CCC(C3CCCCC3)CC2)CC1
C1CCC(C2CCC(CC3CCC4CCCC4C3)CC2)CC1
C1CCC(C2CCCCC2C2CCC3CCCCC3C2)CC1
C1CCC(CC2CCC(C3CCCCC3C3CCCCC3)CC2)CC1
C1CCC(CC2CCC(CCCC3CCCC(C4CCC(C5CCCC5)CC4)C3)CC2)CC1
C1CCC(C2CCC3CCCC(C4CCCCC4)C3C2)CC1
C1CCC(CCC2CCCC(C3CCCCC3)C2)CC1
C1CCC(CCCCC2CCC(CC3CCC(CCC4CCCCC4)CC3)CC2)CC1
C1CCC(C2CCCCC2)CC1
C1CCC(C2CCCC(CC3CCCCC3C3CCCC(C4CCC(CCC5CC5)CC4)C3)C2)CC1
C1CCC(CCC2CCCC(C3CCCCC3)C2)CC1
C1CCC(C2CCC(CCCC(C3CCCCC3)C3CCCC3)CC2)CC1
C1CCC(CC2CCC(C3CC(CC4CCCC(C5CCCC5)C4)C4CCCCC43)CC2)CC1
C1CCC(C2CCC(CC3CCC4CCCC4C3)CC2)CC1
C1CCC(CCCCC2CCC(CCC3CCCCC3)CC2)CC1
C1CCC(CCC2CCCC(C3CCCC(C4CCCCC4)C3)C2)CC1
C1CCC(CC2CCCC(C3CCC(C4CCCC(C5CC5)C4)CC3)C2)CC1
C1CCC(CCCC2CCC3CCCCC3C2)CC1
C1CCC(CC(C2CCCCC2)C2CCC(C3CCCCC3)CC2)CC1
C1CCC(CC2CCC(CC3CCCCC3)C(CC3CCCC3)C2)CC1
C1CCC(CCC2CCC(CC3CCCCC3C3CCCCC3)CC2)CC1
C1CCC(CC2CCC(C3CCC(C4CC4)CC3)CC2C2CCCC2)C(CC2CC2)C1
C1CCC(CCC2CCCC(CC3CCCC(CC4CCCCC4)C3)C2)CC1
C1CCC(CC2CCCC(CC3CC(CC4CCCCC4)CCC3C3CCCCC3)C2)CC1
C1CCC(CC2CCC(C3CCCCC3)CC2)CC1
C1CCC(CCCC2CCC(C3CCC(C4CCCCC4)CC3)CC2)CC1
C1CCC(C2CCC(C3CCCCC3)CC2)CC1
C1CCC(C2CC(CC3CC(CC4CCCC4)C4CCCCC34)CC(C3CCCC3)C2)CC1
C1CCC(C2CCC(C3CCC(CCCC4CC5CCCCC5C4)CC3)C2)CC1
C1CCC(C2CCCC(CC3CCCC(C4CCC(C5CCCC6CCCCC65)CC4)C3)C2)CC1
C1CCC(C2CCC(CCC3CCC(C4CCCCC4)CC3C3CCCCC3)CC2)CC1
C1CCC(CC2CCC(CC3CCCC(C4CCCCC4)C3)CC2)CC1
C1CCC(CC2CCCCC2C2CCCC(C3CCC(C4CCC5CCCCC54)CC3)C2)CC1
C1CCC(CC2CCC(CC3CCC(C4CCCCC4)CC3)CC2)CC1
C1CCC(C2CCCCC2C2CCCC2C2CCCCC2)CC1
C1CCC(CC2CCCC(C3CCC(CCCC4CCCCC4C4CCC5CCCCC5C4)CC3)C2)CC1
C1CCC(CCCCC2CCC(CCCC3CCCCC3)CC2C2CCCCC2)CC1
C1CCC(CC2CCC(C3CCCCC3)CC2)CC1
C1CCC(CC2CCCCC2CCCCCC2CC(CC3CCCCC3)C3CCCCC23)CC1
C1CCC(CC2CCCCC2C2CCC(CCC3CCC(C4CCCCC4)CC3)CC2)CC1
C1CCC(C2CC(C3CCC4CCCCC43)CC3CCCCC32)CC1
C1CCC(CCCCC2CCC(CC3CCC(C4CCCCC4)CC3)CC2)CC1
C(CCCC1CC(C2CCC3CCCC3C2)CC2CCCCC12)CCC1CCCC(C2CCCCC2)C1
C1CCC(C2CC(CC3CCC(CC4CCCC4)CC3)C3CCCCC32)CC1
C1CCC(CCCC2CCC(CC3CCCCC3)CC2)CC1
C1CCC(C2CCC3CCC(C4CCCCC4C4CCCC4)C3C2)CC1
C(CCCC1CCCC(C2CCC(C3CCCCC3)CC2)C1)CCC1CCCCC1
C1CCC(CC2CC(CC3CCC4CCCCC43)CC3CCC(C4CCCCC4)CC32)CC1
C1CCC2C(C1)CC2CC1CCCC(C2CCCC3CCCCC32)C1
C1CCC(C2CCC(C3CCCCC3C3CCC4CCCCC4C3)CC2)CC1
C1CCC(CC2CCC(C3CCCC(CC4CCCCC4)C3)CC2)CC1
C1CCC(CCC2CCCC(CC3CCCCC3)C2)CC1
C1CCC(C2CCCC(CCC3CCC4CCCCC4C3)C2)CC1
C1CCC(CCC2CCCCC2C2CCCC(C3CCCCC3)C2)CC1
C1CCC(CCCCCC2CCC(C3CCCCC3)CC2)CC1
C1CCC(C2CCCC(CC3CCC(C4CC4CCC4CCCC(C5CCCC5)C4)CC3)C2)CC1
C1CCC(C2CCCC(CCC3CCC(C4CCCC(CC5CC5)C4)CC3)C2)C1
C1CCC(C2CC(C3CCC4CCCCC43)CC3CCC(CCCC4CC5CCCCC5C4)CC32)CC1
C1CCC(CCC2CCCC(CC3CCCC3)C2)CC1
C1CCC(CCC2CCCCC2CC2CCCCC2)CC1
C1CCC(CC2CCC(C3CCC(C4CCCC4)CC3)CC2)CC1
C1CCC(CC2CC(C3CCCCC3)CCC2C2CCCC2)CC1
C1CCC(C2CCCC(CCC3CCC(CC4CC5CCCCC5C4)CC3)C2)CC1
C1CCC(CC2CCCC(CC3CC(C4CCCCC4)C4CCCCC34)C2)CC1
C1CCC(CCC2CCCC(CC3CCCC(C4CCC(C5CCCC5)CC4)C3)C2)CC1
C1CCC(CC2CCCC(C3CCCCC3)C2)CC1
C1CCC(C2CCC(C3CCCCC3)CC2)CC1
C1CCC(CCC2CCCC3CCC(C4CC5CCCCC5C(C5CCCCC5)C4)C23)CC1
C1CCC(CC2CCC(C3CCC(C4CCCCC4)CC3)CC2)CC1
C1CCC(C2CCCC(C3CC(CCC4CCC5CCCCC54)C4CCCCC43)C2)CC1
C1CCC(C2CCC(C3CCCC(CC4CC5CCCCC5C4)C3)CC2)C1
C1CCC(CCC2CC(C3CCCCC3)CC(C3CCCCC3)C2)CC1
C1CCC(C2CCCC3CC(C4CCCC(C5CCC6CC(C7CCC(CCC8CC8)CC7)CCC65)C4)CCC32)C1
C1CCC(C2CCCCC2)CC1
C1CCC(C2CCC(CC3CCC(C4CCC(C5CCCCC5)C4)CC3)CC2)CC1
C1CCC(CCCC2CC(CC3CCCCC3)CCC2CC2CCC(C3CCCCC3)CC2)CC1
C1CCC(C2CCCC(CC3CC3)C2)CC1
C1CCC(CC2CCCCC2C2CCCCC2C2CCCCC2)CC1
C1CCC(C2CCCC(CCC3CC(C4CCCCC4)CC(C4CCC4)C3)C2)CC1
C1CCC(CCC2CCC(C3CCCCC3)CC2)CC1
C1CCC(C2CCCC(CC3CCCC(C4CCCCC4)C3)C2)CC1
C1CCC(CC2CCC(CC3CCCCC3C3CCCCC3)CC2)CC1
C1CCC(C2CCC(CCC3CCCC(C4CCCC4)C3)CC2)CC1
C1CCC(CCCCC2CCC(C3CCC3)CC2)CC1
C1CCC(C2CCCCC2C2CCCC(C3CCCC3)C2)CC1
C(CC1CCC(CC2CCC3CCCCC3C2)CC1)CC1CCC(C2CCCC2)CC1
C1CCC(C2CCCCC2C2CCCCC2)CC1
C1CCC(CCC2CCC(C3CCCCC3)CC2)CC1
C1CCC(C2CCCCC2C2CCC3CCCCC3C2)CC1
C1CCC(C2CCC(C3CCCC(C4CCC(C5CCCC5C5CCCCC5)CC4)C3)CC2)CC1
C1CCC(C2CCCCC2)CC1
C1CCC(C2CCC(CC3CCCC4CC(C5CCCCC5)CCC34)CC2)CC1
C1CCC(CCC2CCC(C3CCC(C4CCCCC4CC4CCCCC4)CC3)CC2)CC1
C1CCC(C2CCC(CCCC3CCCC4CC(C5CCCCC5)CCC34)CC2)CC1
C1CCC(CCC2CCC(C3CCCC(C4CCCC4)C3)CC2)CC1
C1CCC(CCCCC2CCC(C3CCCCC3)CC2)CC1
C1CCC(C2CCC(C3CCCC(CCC4CCCC(C5CCCCC5)C4)C3)CC2)CC1
C1CCC(C2CCC(C3CCCCC3)C(C3CCCCC3)C2)CC1
C1CCC(C2CCC(C3CCCCC3)CC2)CC1
C1CCC(CC2CCCC(C3CCCC4CC(C5CCCCC5)CCC43)C2)CC1
C1CCC(CC2CCCC(C3CCCCC3)C2)CC1
C1CCC(CCCC2CCCCC2C2CCCCC2)CC1
C1CCC(C2CCC3CCC(C4CCCCC4)C3C2)CC1
C1CCC(CCCCC2CCC(C3CCC3)C(C3CCCC(CCC4CCCCC4)C3)C2)CC1
C1CCC(CC2CCC(CC3CCC(CCCC4CCC5CCCC5C4)CC3)CC2)CC1
C1CCC(C2CCC(CCCC3CCC4CC(C5CCC6CCCCC65)CCC4C3)CC2)CC1
C1CCC(CCCC2CCC(CC3CCC4CCCC4C3)CC2)CC1
C1CCC(CC2CCCC(C3CCCCC3)C2)CC1
C1CCC(CC2CCC(CCCC3CCCCC3CC3CCCCC3)CC2)CC1
C1CCC(CC2CC3CC(C4CCCCC4)CCC3C(C3CC3)C2)CC1
C1CCC(CC2CCCCC2C2CCCC(C3CCCCC3)C2)CC1
C1CCC(CC2CCCC(CC3CCC(CC4CCCC(C5CCC5)C4)CC3)C2)CC1
C1CCC(C2CC(C3CCC4CCCCC43)CCC2CC2CC2)C1
C1CCC(CC2CCCC(C3CCCC(C4CCCCC4)C3)C2)CC1
C1CCC(CCCCC2CCCC(C3CCC(C4CC5CCCCC5C4)CC3)C2)CC1
C1CCC(CC2CCC(CC3CCC(C4CCCCC4)CC3)CC2)CC1
C1CCC(C2CCCC(CCC3CCC(C4CCCC(C5CCCCC5)C4)CC3)C2)CC1
C1CCC(CCC2CCCC(C3CC(CCC4CCCCC4)CC(C4CCCC4)C3)C2)CC1
C1CCC(CCC2CCC(C3CCCCC3C3CCCCC3)CC2)CC1
C1CCC(CCCCC2CCCC(C3CC(CC4CCCC4)C4CCCCC43)C2)CC1
C1CCC(CC2CCCC(C3CCC4CCCCC43)C2)CC1
C1CCC(C2CC(C3CCC3)CCC2C2CCC(C3CCCC(CCC4CCCC4)C3)CC2)CC1
C1CCC(CCC2CCC(C3CCCCC3)CC2)CC1
C1CCC(CC2CCC(C3CCCCC3C3CCCCC3)CC2)CC1
C1CCC(C2CC(CCCC3CCCCC3CC3CC3)CC(C3CCC4CCCC4C3)C2)CC1
C1CCC(CC2CCC(C3CCCC(CC4CCCCC4)C3)CC2)CC1
C1CCC(C2CCC(C3CCCC3)C(C3CCCCC3)C2)CC1
C1CCC(C2CCC(CC3CCC(CCCCC4CC5CCCCC5C4)CC3)C2)CC1
C1CCC(CCC2CCC(CC3CCCCC3CC3CC3)CC2)CC1
C1CCC(C2CCCC(C3CCC(C4CCCC5CCCCC54)C(C4CCCC4)C3)C2)CC1
C1CCC(CC2CCC(C3CCCC(CC4CCCCC4)C3)CC2)CC1
C1CCC(CC2CCC(C3CCCCC3)CC2)CC1
C1CCC(CCC2CCCC(CC3CCCCC3)C2)CC1
C1CCC(CCC2CCC(C3CCC(CC4CCC(C5CCCCC5)C4)CC3)CC2)CC1
C1CCC(CC2CCCCC2CCCCCC2CC3CCCCC3C2)CC1
C1CCC(CC2CCC(C3CCC(CCC4CCCC4)CC3)CC2)CC1
C1CCC(CCC2CCC(CC3CCCC(CCCC4CCCC4)C3)CC2)CC1
C1CCC(C2CCCC(C3CCC(C4CCCC4)CC3)C2)CC1
C1CCC(C2CCC(C3CCCCC3C3CCC4CCCC4C3)CC2)CC1
C1CCC(C2CCCC(CC3CC4CCCCC4C3)C2)CC1
C1CCC(CCC2CCCCC2)CC1
C1CCC(CCC2CCC(C3CCCCC3)CC2)CC1
C1CCC(C2CCC(C3CCCC(C4CCCCC4C4CCCC(C5CCCCC5)C4)C3)CC2)CC1
C1CCC(CC2C(C3CCCCC3)CC(C3CCCCC3)CC2C2CCC2)CC1
C1CCC(CC2CCC(CC3CCC(C4CCCCC4)CC3)CC2)CC1
C1CCC(CC2CCCC(CC3CCC(CC4CCCCC4)CC3CC3CCCCC3)C2)CC1
C1CCC(CC2CCC(C3CCCC(CC4CCCCC4)C3)CC2)CC1
C1CCC(CC2CCCC(CC3CC(CC4CCCCC4)C4CCCCC34)C2)CC1
C1CCC(CCCC2CCC(C3CCC(CCC4CCCCC4)CC3)CC2)CC1
C1CCC(C2CCC(CC3CCCCC3CC3CC4CCCCC4C3)CC2)CC1
C1CCC(CC2CC(C3CCCCC3)C3CC(C4CCCCC4)CCC23)CC1
C1CCC(CC2CCC(CC3CCCC(CC4CC4)C3)CC2)CC1
C1CCC(CCC2CCC(CC3CCCC(C4CCCCC4)C3)CC2)CC1
C1CCC(CC2CCCC(C3CCCCC3)C2)CC1
C1CCC(CC2CCCC(CCC3CCCC(C4CCCCC4)C3)C2)CC1
C1CCC(CC2CCCC(CCC3CC3)C2)CC1
C1CCC(C2CCCC(CC3CCCC3)C2)CC1
C1CCC(CC2CCC(C3CCCC(C4CCC5CCCCC5C4)C3)CC2)CC1
C1CCC(CCCC2CCC(C3CCCCC3CCC3CCCCC3)CC2)CC1
C1CCC(CC2CCCC(CCC3CCC(C4CCCCC4)CC3)C2)CC1
C1CCC(CCC2CCC(CC3CCCCC3C3CCCCC3C3CCCC3)CC2)CC1
C1CCC(CC2CCCCC2)CC1
C1CCC(CCC(C2CCCCC2)C2CCCCC2)CC1
C1CCC(C2CCCCC2CCCC2CCCCC2CC2CCCC2)CC1
C1CCC(CCC2CCCC(CC3CCCCC3)C2)CC1
C1CCC(CC2CCCC(CC3CCCCC3)C2)CC1
C1CCC(CCC2CCCC(CCC3CCC(C4CCCCC4)CC3)C2)CC1
C1CCC(CC2CCCC(CC3CCC4CCCCC4C3)C2)CC1
C1CCC(CC2CCC(C3CC(CC4CCCCC4)C4CCCCC43)CC2)CC1
C1CCC(CC2CCC(CC3CCC(CC4CCCC4)CC3)CC2)CC1
C(CCCC1CCC(C2CCCCC2)CC1)CCC1CCCCC1
C1CCC(C2CCC(C3CC3)CC2)CC1
C1CCC(CC2CCCC(CC3CC(CC4CCC(C5CCC6CCCC6C5)CC4)CCC3C3CCC3)C2)C1
C(CCCC1CCCCC1)CCCC1CCC(CC2CCC(CC3CCCC3)CC2)CC1
C1CCC(CCC2CCC(C3CCC(CC4CCCC5CC(C6CCCCC6)CCC45)CC3)CC2)CC1
C1CCC(C2CCCC(CCC3CCC(CCC4CCCC4)CC3)C2)CC1
C1CCC(CC2CCC(C3CCC(C4CCCC(C5CCCC5)C4)C4CCCC34)CC2)CC1
C1CCC(CCC2CCC(CCCC3CC4CCCCC4C3)CC2)CC1
C1CCC(CCCC2CCCC(CC3CCC(C4CCCC(CC5CCCCC5)C4)CC3)C2)CC1
C1CCC(CCC2CC(CC3CCCCC3)CC(C3CCCCC3)C2)CC1
C1CCC(CCCC2CCC(CC3CCCC(C4CCCCC4)C3)CC2)CC1
C1CCC(C(CC2CCCC(C3CCC(CC4CCC(CC5CCCC5)CC4)CC3)C2)C2CCCCC2)CC1
C1CCC(C2CCC(C3CCC(CC4CC5CCCCC5C4)CC3)CC2)CC1
C1CCC(CCC2CCCCC2C2CCCCC2)CC1
C1CCC(CCCC2CCC(CC3CCC(CC4CCCCC4)CC3)CC2)CC1
C1CCC(C2CCCCC2)CC1
C1CCC(CC2CCC(C3CCCC(CC4CCC4)C3)CC2)CC1
C1CCC(CC2CCC(CCC3CC(CC4CCCCC4)C4CCCCC34)CC2)CC1
C1CCC(CC2CCCCC2C2CCCC(CCC3CCC(C4CCCCC4)CC3)C2)CC1
C1CCC(CC2CCC(CC3CCC(C4CCCCC4)CC3)CC2)CC1
C1CCC(CCC2CC(C3CCCCC3CC3CCCCC3)C3CCCCC23)CC1
C1CCC(C2CCC(CCC3CCCC(C4CCCC4)C3)CC2)CC1
C1CCC(C2CCCC(CC3CCC(CC4CCCCC4C4CCCCC4)CC3)C2)CC1
C1CCC(CC2CCC(C3CCCC(CC4CCCCC4C4CCCC4)C3)CC2)CC1
C1CCC(C2CCCC(CC3CC4CCCCC4C3)C2)CC1
C1CCC(CCCCC2CCCC(C3CCCCC3)C2)CC1
C1CCC(CC2CCC(C3CCCCC3)CC2)CC1
C1CCC(CCC2CCCCC2)CC1
C1CCC(CC2CCC(C3CC(CC4CCCCC4)C4CCCCC43)CC2)CC1
C1CCC(CC2CCC(CC3CCCCC3)CC2)CC1
C1CCC(CC(C2CCCC2)C2CCCC(C3CCC(C4CCC4)CC3)C2)CC1
C1CCC(CCCC2CCC(CC3CCC(C4CCCCC4)CC3)CC2)CC1
C1CCC(CC2CCC(C3CCCCC3C3CCC(C4CCCCC4)CC3)CC2)CC1
C1CCC(CC2CCCC(CC3CCC(CCC4CCC(C5CCC5)CC4)CC3)C2)C1
C1CCC(CCCC2CCC(C3CCCCC3)C(CC3CCCCC3)C2)CC1
C1CCC(CC2CCC(C3CCCCC3)CC2)CC1
C1CCC(C2CCCCC2)CC1
C1CCC(C2CCCC(C3CCC(C4CCCC(C5CCCCC5)C4)CC3)C2)CC1
C1CCC(C2CCCC(C3CCCC3)C2)CC1
C1CCC(CCCC2CCCCC2C2CCCC(CCC3CCCCC3)C2)CC1
C1CCC(C2CCCCC2)CC1
C1CCC(CCCCC2CCCC(CCC3CCCCC3)C2)CC1
C1CCC(C2CC(C3CC(CC4CCCC4)C4CCCCC43)CC3CCCCC32)CC1
C1CCC(C2CCCC(CC3CCC4CCCC4C3)C2)CC1
C(CCCC1CCCC(C2CCCCC2)C1)CCC1CCCCC1
C1CCC(CCC2CCCC(CCC3CCCCC3)C2)CC1
C1CCC(CCCCC2CCCC(CC3CCCCC3)C2)CC1
C1CCC(C2CCCC(C3CCCCC3)C2)CC1
C1CCC(CC2CCC(C3CCCCC3C3CCCC3)CC2)CC1
C1CCC(CCCCC2CCC(CCC3CCCCC3)CC2C2CCCCC2)CC1
C1CCC2CC(C3CCCCC3C3CCCCC3CC3CCCC4CCCCC43)CC2C1
C1CCC(C2CCCCC2C2CCCC(CCC3CCCC3)C2)CC1
C1CCC(CCCC2CCCC(C3CCCC(C4CCCCC4)C3)C2)CC1
C1CCC(C2CCC(C3CCCC3)CC2C2CCCC(CC3CC3)C2)CC1
C1CCC(CC2CCC3CC(C4CCCCC4)CCC23)CC1
C1CCC(CC2CCC(CC3CCCCC3CC3CCCCC3)CC2)CC1
C1CCC(CC2CC(C3CC3)CCC2CC2CC3CCCCC3C2)CC1
C1CCC(CC2CCC3C(C2)C(CC2CCC(C4CCCCC4)CC2)CC3C2CCC3CCCC3C2)CC1
C1CCC(CCCC2CCCC(CC3CCCCC3)C2)CC1
C1CCC(C2CCC(C3CCC(C4CCCCC4)CC3)CC2)CC1
C1CCC(CCC2CCCCC2C2CCCCC2)CC1
C1CCC(C2CC(CCC3CCC(C4CCCC4)CC3)CCC2C2CCCC2)CC1
C1CCC(CCCC2CC(CCC3CCCCC3)CC(C3CCCCC3)C2)CC1
C1CCC(CC2CCC(CC3CCCC(C4CCCC(C5CCCCC5)C4)C3)CC2)CC1
C1CCC(CC2CC3CCCCC3C2)CC1
C1CCC(CC2CCCCC2)CC1
C1CCC(CC2CCCC(C3CCCCC3C3CCCC3)C2)CC1
C1CCC(CC2CCC(C3CCC(C4CCC(CC5CCC(CCC6CCC7CCCC7C6)CC5)CC4)CC3)CC2)C1
C1CCC(CCCC2CCC(C3CCCC(C4CCCCC4)C3)CC2)CC1
C1CCC(CC2CCCC(C3CC(C4CCCCC4)C(C4CCCCC4)C4CCCC34)C2)CC1
C1CCC(CC2CCC(CC3CCC(C4CCCCC4CC4CCCCC4)CC3)CC2)CC1
C1CC(CC2CC3CCCCC3C2)CC(C2CCC(C3CCCCC3C3CCCC3)CC2)C1
C1CCC(CCCC2CCC(C3CCCCC3)CC2)CC1
C1CCC(CCCC2CCCC(C3CCCCC3)C2)CC1
C1CCC(CC2CCC(C3CCC(C4CCCCC4)CC3C3CC4CCCCC4C3)CC2)CC1
C1CCC(C2CCCCC2)CC1
C1CCC(CC2CCC(CCC3CCC(C4CCCCC4)CC3)CC2)CC1
C1CCC2CC(CC3CCCC(C4CCC5CCCC5C4)C3)CC2C1
C1CCC(C2CCCC(C3CCCC(CC4CCCC4)C3)C2)CC1
C1CCC(CC2CCC(CCC3CCCC(C4CCCCC4)C3)CC2)CC1
C1CCC(CCCC2CC(CCC3CCCC3)CC(CC3CCCCC3)C2)CC1
C1CCC(CCCCC2CCCC(CCCCCC3CC4CCCCC4C3)C2)CC1
C1CCC(C2CCCC(CCC3CCCC(C4CCCCC4)C3)C2)CC1
C1CCC(C2CCCC(CC(C3CCCCC3)C3CCCCC3)C2)CC1
C1CCC(CC2CCCC(C3CC(CC4CCCCC4)C4CCCCC43)C2)CC1
C1CCC(CCC2CCCC(CC3CCCCC3C3CCCCC3)C2)CC1
C1CCC(C2CC3CCCCC3C(C3CCCCC3)C2)CC1
C1CCC(CCCC2CCC(C3CCCCC3)CC2)CC1
C1CCC(C2CCC(C3CCCCC3)CC2)CC1
C1CCC(CCC2CC(C3CCC4CCCCC43)CC3CCC(C4CCCC4)CC23)CC1
C1CCC(C2CCCC(C3CCCCC3)C2)CC1
C1CCC(C2CCCC(C3CCC(CC4CCC5CCCC5C4)CC3)C2)CC1
C1CCC(C2CCCCC2C2CCC(CC3CC4CCCCC4C3)CC2)CC1
C1CCC(C2CC(C3CCC4CCCCC43)CC3CCCCC32)CC1
C1CCC(CCC2CCC(C3CCCC(CC4CCCCC4)C3)CC2)CC1
C1CCC(CCCC2CC(C3CC3)CCC2C2CCCCC2)CC1
C1CCC(CCC2CCC(CC3CCCCC3)CC2)CC1
C1CCC2C(C1)CCC2C1CCCCC1CC1CC1
C1CCC(CCC2CCC(CCC3CCCCC3)CC2)CC1
C1CCC(CC2CCC(CC3CCC(CC4CCCCC4)CC3)CC2)CC1
C1CCC(C2CCC(C3CCCCC3C3CCC4CCCC4C3)C(C3CCCCC3)C2)CC1
C1CCC(C2CCC(C3CCCCC3)CC2)CC1
C1CCC(C2CCCC3CC(CCC4CCC(C5CCCC5)CC4)CCC32)CC1
C1CCC(C2CCC3CC(C4CCC5CCCCC54)CCC3C2)CC1
C1CCC(C2CCC(C3CCCCC3)CC2)CC1
C1CCC(CC2CCCC(CCC3CCCC(C4CCCCC4)C3)C2)CC1
C1CCC(CCCC2CC(C3CCCCC3)CCC2C2CCCCC2C2CCCCC2)CC1
C1CCC(CC2CCCCC2)CC1
C1CCC(CCC2CCCCC2C2CC2)CC1
C1CCC(C2CCCC(C3CCCCC3)C2)CC1
C1CCC(CCC2CCC(C3CCC(CC4CCCCC4)CC3)CC2)CC1
C1CCC(C2CCC(CC3CCC3)C(CCC3CCCC3)C2)CC1
C1CCC(CCC2CCCC(C3CCCCC3)C2)CC1
C1CCC(CCC2CCC(CC3CCCCC3)CC2)CC1
C1CCC(CCC2CCCCC2C2CCCCC2CCC2CCC3CCCCC32)CC1
C1CCC(C2CCCCC2CC2CCCCC2C2CCC3C(CCC3C3CCCCC3)C2)CC1
C1CCC(CC2CCC(CC3CC4CCCCC4C3)C(C3CCCCC3)C2)CC1
C1CCC(C2CCC(CC3CCC(CCC4CCC4)CC3)CC2)CC1
C1CCC(C2CCCCC2CCC2CCC(CC3CCCC3)CC2)CC1
C1CCC(C2CC(C3CCCCC3)CC(C3CCC(C4CCCC4)CC3)C2)CC1
C1CCC(C2CCC(CCCC3CCC(C4CCCCC4C4CCC4)CC3)CC2)CC1
C1CCC(C2CCC(CC3CCC(C4CCC5CCCCC5C4)CC3)CC2)CC1
C1CCC(C2CCCC(C3CCCCC3C3CCC4CCCCC4C3)C2)CC1
C1CCC(C2CCCC(CC3CCCC3)C2)CC1
C1CCC(C2CCC(C3CCCC(C4CCCCC4)C3)CC2)CC1
C1CCC(C2CCC(CCC3CCCC(C4CCCCC4)C3)CC2)CC1
C1CCC(CC2CCCC(C3CCCC(C4CCCCC4)C3)C2)CC1
C1CCC(CCC2CCCC(C3CCCCC3)C2)CC1
C1CCC(C2CCCC(C3CCC(C4CCCCC4C4CCCC4)CC3)C2)CC1
C1CCC(C2CCCC(C3CCC(C4CCC5CCCCC5C4)CC3)C2)CC1
C1CCC(CC2CCC(C3CCCCC3)CC2)CC1
C1CCC(C2CCC(C3CCC3)CC2)CC1
C1CCC(CC2CCC(CCCCC3CCC(CC4CCCCC4)CC3)CC2)CC1
C1CCC(C2CCCC(C3CCCC3)C2)CC1
C1CCC(CC2CCC(C3CCCCC3C3CCCCC3CC3CCCCC3)CC2)CC1
C1CCC(CCC2CCCC(C3CCCCC3)C2)CC1
C1CCC(C2CCC(CC3CCCCC3CC3CCCC3)CC2)CC1
C1CCC(CC2CCC(C3CCC4CCCCC4C3)CC2)CC1
C1CCC(CC2CCC(C3CCCCC3)CC2)CC1
C1CCC(C2CCCC(CC(C3CCCC(C4CCCCC4)C3)C3CCCC(C4CC4)C3)C2)CC1
C1CCC(C2CCCC(C3CCCCC3C3CCCCC3)C2)CC1
C1CCC(CCC2CCC(C3CCCCC3)CC2)CC1
C1CCC(C2CCC(CC3CCC(CC4CCCC(CCC5CC5)C4)CC3)CC2)CC1
C1CCC(CCCC2CCCCC2C2CCCC(CC3CCCCC3)C2)CC1
C1CCC(CCC2CCC(CC3CCC(C4CCCCC4)CC3)CC2)CC1
C1CCC(CC2CCCC(C3CCC(CC(CC4CCCC4)C4CCC5CCCCC54)CC3)C2)CC1
C1CCC(C2CCC(CC3CCC(CCC4CCCCC4C4CCC5CCCCC5C4)CC3)CC2)CC1
C1CCC(CC2CCC(CCC3CCCC(C4CCCCC4)C3)CC2)CC1
C1CCC(CC2CCCC(C3CCCCC3)C2)CC1
C1CCC(CC(C2CCCCC2)C2CCC(C3CCCCC3)CC2)CC1
C1CCC2CC(C3CCC(CCC4CCC(CC5CCC6CCCCC65)CC4)CC3)CCC2C1
C1CC2CCC(C3CCCCC3C3CCC(C4CCC5CCCCC54)CC3)CC2C1
C1CCC(CC2CCC(CC3CC3)CC2C2CCC(CC3CC3)CC2)CC1
C1CC(CC2CC3CCCCC3C2)CC(C2CCC(CCCC3CCCCC3C3CCCC3)CC2)C1
C1CCC(C2CC(C3CCC4CCCCC43)CC3CCCCC32)CC1
C1CCC(C2CCC(C3CCCC3)C(C3CCC4CCCC4C3)C2)CC1
C1CCC(CCC2CCC(C3CCCCC3)CC2)CC1
C(CCCC1CCC(CC2CCC(CC3CCCCC3)CC2)CC1)CCC1CCCCC1
C1CCC(CC2CCC(CC3CCCCC3CC3CCCCC3)CC2)CC1
C1CCC(CCCCC2CCCC(C3CCCC(C4CCCCC4)C3)C2)CC1
C1CCC(CC2CCCC(C3CCCCC3C3CCC4CCCCC4C3)C2)CC1
C1CCC(C2CCCC(C3CCC4C(CCCC4C4CCCC4)C3)C2)C1
C1CCC(CCC2CCCC(CC3CCC(CC4CCCCC4)CC3)C2)CC1
C1CCC(CCC2CCCC3CC(C4CCC(C5CCCCC5C5CCCC5)C(C5CCCC5)C4)CCC23)CC1
C1CCC(CC2CCC(CC3CCC(C4CCC4)CC3)CC2)CC1
C1CCC(CCC2CCCC(CC3CCCC3)C2)CC1
C1CCC(CCC2CCCC(C3CCCCC3C3CCCCC3)C2)CC1
C1CCC(CCC2CCCC(CC3CCCCC3CC3CCCCC3)C2)CC1
C1CCC(C2CCC(C3CCCCC3C3CCCC3)C(C3CCCCC3)C2)CC1
C1CCC(CC2CCCC(CCC3CCCC4CCCCC43)C2)CC1
C1CCC(C2CCC(C3CCCCC3)C(C3CCC4CCCCC43)C2)CC1
C1CCC(C2CCCC(C3CCCC(C4CCC4)C3C3CCCCC3)C2)CC1
C1CCC(C2CCC(C3CCCCC3C3CCCC3)C2)CC1
C1CCC(C2CCC(CC3CCC(CC4CC5CCCCC5C4)CC3)CC2)CC1
C1CCC(CC2CCCC(CC3CCCC(C4CCC4)C3)C2)CC1
C1CCC(CCC2CCC(CCC3CCCCC3)CC2)CC1
C1CCC(CC2CCC(CCCC3CCC(CC4CCCCC4)CC3)CC2)CC1
C1CCC(CC2CCCC(C3CC(CC4CCCCC4)CC(C4CCC4)C3)C2)CC1
C1CCC(CCCC2CC(C3CCCCC3)CCC2CC2CCC2)CC1
C1CCC(CCC2CCCCC2C2CCC(C3CCC(CC4CCCCC4)CC3)CC2)CC1
C1CCC(CC2CCC(CC3CCC(CC4CCCCC4)CC3)CC2)CC1
C1CCC(C2CCCCC2C2CCC3CC(C4CCCCC4C4CCC5CCCC5C4)CCC32)CC1
C1CCC(C2CCCC(C3CCCC(CC4CCC(CC5CC6CCCCC6C5)CC4)C3)C2)CC1
C1CCC(CC2CCCC(C3CCCCC3C3CCC4CCCC4C3)C2)CC1
C1CCC(CC(CC2CCC(C3CCCCC3)CC2)C2CCCCC2)CC1
C1CCC(C2CCC(CC3CCCC(C4CCCCC4)C3)CC2)CC1
C1CCC(C2CCCC(CCC3CCC4CCCCC43)C2)CC1
C1CCC(C2CCC(CC3CCC4CCCCC43)CC2)CC1
C1CCC(CC2CCCC(C3CCCCC3)C2)CC1
C1CCC(CC2CCC(C3CCCCC3)CC2)CC1
C1CCC(C2CCCCC2C2CCCC(CC3CC4CCCCC4C3)C2)CC1
C1CCC(CC2CCCC(C3CCCCC3CC3CCCCC3)C2)CC1
C1CCCCC1
C1CCC(C2CCC(C3CCCCC3)C(CC3CCCC3)C2)CC1
C1CCC2CC(CC3CCCC(C4CCC5CCCCC54)C3)CC2C1
C1CCC(CC2CCC(CC3CCC(C4CCC5CCCCC5C4)CC3)CC2)CC1
C1CCC(C2CCCCC2C2CCCC2)CC1
C1CCC(C2CCCC(C3CCCC(C4CCCCC4)C3)C2)CC1
C1CCC(CCCC2CC3CCCCC3C2)CC1
C1CCC(CCC(CC2CCCCC2)CC2CCCCC2)CC1
C1CCC(CCC2C(CC3CCCCC3)CCCC2C2CCC2)CC1
C1CCC(C2CCC(CCC3CCC(C4CCC4)CC3)CC2)CC1
C1CCC(C2CCCC(C3CCCCC3C3CCCC(CCCC4CC4)C3)C2)CC1
C1CCC(C2CCC(CCC3CCC(CC4CCC(CC5CC5)CC4)CC3)CC2)CC1
C1CCC(C2CCC(C3CCCC(CC4CCCCC4C4CCCCC4)C3)CC2)CC1
C1CCC(C2CCC(CC3CCC(C4CCC(CC5CCCC5)CC4)CC3)CC2)CC1
C1CCC(CC2CCC(CC3CCCCC3)CC2)CC1
C1CCC(CCCC2CCCC(CCCC3CCC(CC4CCCCC4)CC3)C2)CC1
C1CCC(C2CCCC2C2CC(C3CCC4CCCCC43)CC3CCC(C4CC4)CC32)CC1
C1CCC(C2CCCC(CCCCC3CCCCC3C3CCCCC3C3CCCC3)C2)CC1
C1CCC(CC2CCCC(C(CCC3CC4CCCCC4C3)C3CCCCC3)C2)CC1
C1CCC(C2CC(CC3CC3)CC(C3CCCCC3C3CCCC3)C2)CC1
C1CCC(CCCCC2CCC(CC3CCCCC3)CC2)CC1
C1CCC(C2CCC(C3CCCC4CCCCC43)CC2)CC1
C1CCC(C2CCCCC2)CC1
C1CCC(C2CCC(CC(C3CCCCC3)C3CCCCC3)CC2)CC1
C1CCC(CCCC2CCC(CCC3CCCCC3)CC2)CC1
C1CCC(C2CCC(C3CCC(C4CCCCC4C4CCCCC4)CC3)CC2)CC1
C1CCC(CCCCC2CCC(C3CCCCC3)CC2C2CCC3CCCC3C2)CC1
C1CCC(CCC2CCCC(CC3CCCCC3)C2)CC1
C1CCC(CCC2CCC(C3CCC(C4CCCCC4)CC3)CC2)CC1
C1CCC(CCCC2CCC(CC3CCC(C4CCCCC4)CC3)CC2)CC1
C1CCC(CC2CCC(C3CCCC(CCC4CCCC5CCCCC54)C3)CC2)CC1
C1CCC(C2CCCCC2CC2CCC3CCCCC32)CC1
C1CCC(CCCCCC2CCC(CC3CCC(CC4CCCCC4)CC3)CC2)CC1
C1CCC(CCCC2CCCC(C3CCCCC3)C2)CC1
C1CCC(C2CCCCC2C2CCCCC2C2CCC3CCCC3C2)CC1
C1CCC(CC2CCCCC2C2CCC(CC3CC4CCCCC4C3)CC2)CC1
C1CCC(CC2CCC(C3CCCCC3)C(CCCC3CCCCC3C3CCCCC3)C2)CC1
C1CCC(CC2CCC(CCC3CC4CCCCC4C3)CC2)CC1
C1CCC(CC2CCC(CC3CCCCC3C3CCCC3)CC2C2CCCCC2)CC1
C1CCC(C2CCCC(C3CCCCC3)C2)CC1
C1CCC(CCC2CCCC(C3CCCC(C4CC5CCCCC5C4)C3)C2)CC1
C1CCC(C2CCCC(C3CCC(C4CCC4)CC3)C2)CC1
C1CCC(CC2CCC(CC3CCCCC3)CC2)CC1
C1CCC(CCC2CCC(CC3CCCC(CC4CC5CC(C6CCCCC6)CC5C4)C3)CC2)CC1
C1CCC(CC2CCC(C3CCCC3)C(C3CCCCC3)C2)CC1
C1CCC(C2CCC(CC3CCC(CC4CCC(CC5CC6CCCCC6C5)CC4)CC3)CC2)CC1
C1CCC(C2CCCCC2C2CCC3C(CCC3C3CCC3)C2)CC1
C1CCC(C2CCC(CC3CCC(C4CCC5CCCC5C4)CC3)CC2)CC1
C1CCC(CCCC2CCCC(C3CCC4C(CC5CCCCC5)CC(CC5CCCCC5)C4C3)C2)CC1
C1CCC(CCCC2CCCCC2CC2CCCCC2C2CCCCC2)CC1
C1CCC(CC2CCCC(C3CCCCC3CC3CCC(C4CCCCC4)CC3)C2)CC1
C1CCC(CCC2CCCC(CCC3CCCCC3C3CCCCC3)C2C2CCCCC2)CC1
C1CCC(CCCCC2CCC(CCC3CCC(CCC4CCCCC4)CC3)CC2)CC1
C1CCC(C2CCCC(C3CC(C4CCCCC4)CC(C4CCC4)C3)C2)CC1
C1CCC(CC2CCCC(C3CCCCC3)C2)CC1
C1CCC(CC2CCCCC2C2CCC(CCCC3CCCC3)CC2)CC1
C1CCC(CCC2CCCC(C(CCC3CCCCC3)C3CCCCC3)C2)CC1
C1CCC(CCCC2CCC(CCC3CCCC(C4CCCC4)C3)CC2)CC1
C1CCC(CCC2CCCC(CC3CCCCC3C3CC4CCCCC4C3)C2)CC1
C1CCC(C2CCC(CCC3CCCCC3CC3CCC4CCCC4C3)CC2)CC1
C1CCC(CCC2CCC(CC3CCCCC3)CC2CCC2CCCCC2)CC1
C1CCC(C2CCCCC2C2CCC3C(CC4CCCCC4C4CCC4)CCCC3C2)CC1
C1CCC(CC2CCCCC2C2CCCCC2)CC1
C1CCC(CC2CCCC(C(C3CCCCC3)C3CCCC(C4CCCCC4)C3)C2)CC1
C1CCC(C2CCC(C3CCCCC3C3CCCCC3)C(C3CCC4CCCC4C3)C2)CC1
C1CCC(C2CCCC(CCC3CCCC(C4CCC(C5CCC5)CC4)C3)C2)CC1
C1CCC(C2CC(CCC3CC3)CC(CC3CCCC4CCCCC43)C2)CC1
C1CCC(C2CCCC(C3CCC(CC4CCCCC4C4CCC(C5CCCCC5)C4)CC3)C2)CC1
C1CCC(CC2CCC(CCC3CC4CCCCC4C3)CC2)CC1
C(CCCCC1CCCC1)CCCCC1CCC(CC2CCC(C3CCCC(CC4CC4)C3)CC2)CC1
C1CCC(CCC2CCC(CC3CCCC(C4CCCCC4)C3)CC2)CC1
C1CCC(CCCC2CCC(C3CCCC(CC4CCCC(C5CCC5)C4)C3)CC2)CC1
C1CCC(C2CCCC(C3CCCC(C4CCCCC4)C3)C2)CC1
C1CCC(CCCCC2CCCC(C3CCCCC3)C2)CC1
C1CCC(CCC2CCC(C3CCCCC3)CC2)CC1
C1CCC(CCC2CCC(CC3CCC(C4CCCC4)CC3)CC2)CC1
C1CCC(CC2CCC(C3CCCC3)C(C3CCCCC3)C2)CC1
C1CCC(CCCC2CCC(CC3CCCCC3)C(C3CCCCC3)C2)CC1
C1CCC(CC2CCCC(C3CCCC(CC4CCCCC4)C3)C2)CC1
C1CCC(CC2CCC(C3CCC(C4CCCCC4)CC3)CC2)CC1
C1CCC(C2CCC3C(CCCC3C3CCCCC3)C2)CC1
C1CCC(CCCC2CCCC(CCCCC3CCC(C4CCCCC4)CC3)C2)CC1
C1CCC(CCCCCC2CCC(C3CCC(CC4CCCCC4)CC3)CC2)CC1
C1CCC(CCCC2CC(C3CCCCC3)C(C3CCCCC3)C(C3CCCC3)C2)CC1
C1CCC(C2CCC(C3CC(C4CC4)CCC3C3CCCCC3C3CCCCC3)CC2)CC1
C1CCC(CCCC2CCC(C3CCCCC3C3CCCCC3)C2)CC1
C1CCC(CC2CCCCC2CC2CCC(CCCC3CCCC(C4CCCCC4)C3)CC2)CC1
C1CCC(C2CCC3C(CCCC3C3CCCCC3)C2)CC1
C1CCC(C2CC3CCC(C4CCC5CCCC5C4)CC3C(C3CCCCC3)C2)CC1
C1CCC(CCC2CC(C3CCCCC3)CC(C3CCCCC3)C2)CC1
C1CCC(CC2CCC(C3CCCCC3)CC2)CC1
C1CCC(C2CCCC(C3CCCC(C4CCCCC4C4CCCC4)C3)C2)CC1
C1CC(CC2CCC(C3CCC(C4CCCCC4C4CCCC4)CC3)CC2)C1
C1CCC(C2CC(C3CCC4CCCCC43)CC3CCC(C4CCCC(CC5CC6CCCCC6C5)C4)CC32)CC1
C1CCC(CC2CCCC(C3CCCC(C4CCCCC4)C3)C2)CC1
C1CCC(C2CCC3CC(C4CCC5CCCCC54)CC(C4CCCCC4)C3C2)CC1
C1CCC(CCCCCC2CCC(C3CCC(C4CCC5CCCCC5C4)CC3)CC2)CC1
C1CCC(CC2CCCC(C3CCC(CC4CCCCC4)C(C4CCC5CCCC5C4)C3)C2)CC1
C1CCC(CCCC2CCC(C3CCCCC3)CC2)CC1
C1CCC(CC2CCC(C3CCCC3)C(C3CCCCC3)C2)CC1
C1CCC(CC2CCCC(CC3CCC(C4CCCC4)CC3)C2)CC1
C1CCC(CC2CCC(C3CCCC3)C(C3CCCCC3)C2)CC1
C1CCC(C2CCCC(CCC3CCCC4CCCCC43)C2)C1
C1CCC(CC2CCCC(C3CCCCC3)C2)CC1
C1CCC(CCC2CCC3C(CCC3C3CCCCC3CC3CCCCC3)C2)CC1
C1CCC(C2CCCC(CCC(CC3CC4CCCCC4C3)C3CCCCC3)C2)CC1
C1CCC(C2CCCCC2C2CCCCC2C2CCC3CCCC3C2)CC1
C1CCC(CCC2CCC(CCCC3CCC(CCC4CCCC4)CC3)CC2)CC1
C1CCC(CC(C2CCCCC2)C2CCC3CCCCC32)CC1
C1CCC(CCCC2CCC(C3CCC(C4CCCCC4)C3)CC2)CC1
C1CCC(CC2CCC3CC(C4CC(C5CCCCC5)C5CCCCC45)CCC23)CC1
C1CCC(CCC2CCCC(CCC3CCCCC3)C2C2CCCC2)CC1
C1CCC(CCC2CCC(CC3CCCCC3)CC2)CC1
C1CCC(C2CCC(CC3CCCC(CC4CCC(CCC5CCC5)CC4)C3)CC2)CC1
C1CCC(CCC2CCC(C3CCCCC3)CC2CCC2CCCCC2)CC1
C1CCC(CC2CC(CC3CCCCC3)C(C3CCCCC3)C(C3CCCCC3)C2)CC1
C1CCC(CC2CC(C3CCCCC3)CC(C3CC3)C2)CC1
C1CCC(CC2C(C3CCCCC3)CCCC2C2CCC3CCCCC3C2)CC1
C1CCC(CC2CCCC(CC3CCC(C4CCC5CC(C6CCCCC6)CCC5C4)CC3)C2)CC1
C1CCC(C2CCC(C3CCCCC3CCCCC3CC3)CC2)CC1
C1CCC(C2CCC(C3CCCCC3C3CCCCC3)CC2)CC1
C1CCC(CCC2CCC(C3CCCCC3)CC2)CC1
C1CCC(CC2CCC(C3CC(CC4CCCCC4)C4CCCCC43)CC2)CC1
C1CCC(CC2CCCC(C3CCCCC3)C2)CC1
C1CCC(C2CCC(CC3CCC(CCC4CCC5CCCCC5C4)CC3CC3CCCC3)CC2)CC1
C1CCC(CC2CCCC(C3CCCCC3)C2)CC1
C1CCC(C2CCC(C3CCCC(C4CCC5CCCCC54)C3)CC2)CC1
C1CCC(CCCC2CCC(C3CCCC(CCC4CCCCC4)C3)CC2)CC1
C1CCC(CC2CCCC(CC3CCC4CCCC4C3)C2)CC1
C1CCC(CC2CCCC(C3CCCCC3)C2)CC1
C1CCC(CC2CC(C3CCCCC3)CCC2C2CCCCC2)CC1
C1CCC(CCCC2CCC(C3CCCC(CC4CCCC(CC5CCCCC5)C4)C3)CC2)CC1
C1CCC(C2CCC(C3CCC(C4CCCC(C5CCCC(C6CCCCC6)C5)C4)CC3)C2)CC1
C1CCC(C2CCC3CCCCC32)CC1
C1CCC(C2CCCC(C3CCC4CCCC(C5CCCCC5)C4C3)C2)CC1
C1CCC(C2CCC(C3CCC(CC4CCCC(CC5CC5)C4)CC3)CC2)CC1
C1CCC(CCC2CCCC(C3CCC(CC4CCC(C5CCCCC5)CC4)CC3C3CCCC3)C2)CC1
C1CCC(CC2CCCC(C3CCCCC3)C2)CC1
C1CCC(CC(CCCC2CCCC2)C2CCCCC2)CC1
C1CCC2CC(C3CCCCC3C3CCCC(C4CCCCC4C4CCCC4)C3)CC2C1
C1CCC(CC2CCCC(C3CCCC(CC4CCCC4)C3)C2)CC1
C1CCC(CCC2CCCC(CC3CCCC(CC4CC5CCCCC54)C3)C2)CC1
C1CCC(CCC2CCCC(C3CCCC(C4CCCCC4)C3)C2)CC1
C1CCC(C2CCC(C3CCCCC3)CC2)CC1
C1CCC(CCC2CC(CC3CC4CCCCC4C3)CC(C3CCCCC3)C2)CC1
C1CCC(CC2CC(C3CCCCC3)CC(C3CCCC3)C2)CC1
C1CCC(CC2CCC(C3CCCCC3)CC2C2CCC3CCCC3C2)CC1
C1CC(CC2CCC(C3CCCC(CC4CCCCC4CC4CC5CCCCC54)C3)CC2)C1
C1CCC(CC2CCC(C3CCC(C4CCC5CCCCC5C4)CC3)CC2)CC1
C1CCC(CC2CCCC(C3CCC(CC4CC(CC5CCCCC5)C5CCC(C6CC6)CC45)CC3)C2)CC1
C1CCC(CCC2CCC(C3CCCC(C4CCCC4)C3)CC2)CC1
C1CCC(CCCC2CCC(C3CCCC(C4CCCC4)C3)CC2)CC1
C1CCC(CC2CCC(CCCC3CC(CCCC4CCCC(C5CCCCC5)C4)C4CCCCC34)CC2)CC1
C1CCC(CCCC2CCCCC2C2CCCCC2)CC1
C1CCC(C2CCC(C3CCCCC3)C(C3CCCCC3)C2)CC1
C1CCC(CCC2CCC(C3CCC(C4CCCC4)CC3)CC2)C1
C1CCC(C2CCC(CC3CCC(C4CCCCC4)CC3)CC2)CC1
C1CCC(C2CCC(CC3CCCC(CC4CCC5CCCCC54)C3)CC2)CC1
C1CCC(CC2CCCC(CCC3CCC(C4CCCCC4)CC3)C2)CC1
C1CCC(C2CCC3CC(C4CCCCC4)CCC3C2)CC1
C1CCC(CC2CCC(CC3CCC(C4CCCC(C5CCCCC5)C4)CC3)CC2)CC1
C1CCC(CCC2CCC(CCC3CCCC(C4CCCC4)C3)CC2C2CCCCC2)CC1
C1CCC(C2CCC(CCCC3CCCC(C4CCCCC4)C3)CC2)CC1
C1CCC(C2CCCC(CC3CC(CC4CCCC4)C4CCCCC34)C2)CC1
C1CCC(CC2CCCC(CC3CCC(C4CCC5CCCCC54)CC3)C2)CC1
C1CCC(C2CCC(CC3CCCC(C4CCCCC4)C3)CC2)CC1
C1CCC(C2CCC(C3CCCCC3)C(C3CCC4CCCC4C3)C2)CC1
C1CCC(C2CCCC(CC3CC4CCCC(CC5CCCCC5C5CCCC5)C4C3)C2)CC1
C1CCC(C2CCC(C3CC(CC4CC5CCCCC5C4)C4CCCCC43)CC2)CC1
C1CCC(CCC2CCCCC2C2CCCC(C3CCCCC3)C2)CC1
C1CCC(CCCC2CCC(C3CCCCC3)C(C3CCC4CCCC4C3)C2)CC1
C1CCC(CC2CCCC(CCCC3CCCC(C4CCCCC4)C3)C2)CC1
C1CCC(C2CCCC(C3CC(C4CCC(CC5CCCC(C6CCCC6)C5)CC4)C3)C2)CC1
C1CCC(C2CCC(CC3CC(CC4CCCC(C5CCC5)C4)C4CCCCC34)CC2)CC1
C1CCC(CCC2CCC(CC3CC4CCCCC4C3)CC2)CC1
C1CCC(C2CCCC(C3CCCC(C4CCCCC4C4CCCC4)C3)C2)CC1
C1CCC(CC2CCCC(C3CCC(C4CCC5CCCCC54)CC3)C2)CC1
C1CCC(CCCCC2CCCC(CC3CCCCC3)C2)CC1
C1CCC(C2CCCC(CC3CCCC(C4CCCC(C5CCCCC5)C4)C3)C2)CC1
C1CCC(C2CCCC(C3CCCC(C(C4CCCCC4)C4CC4)C3)C2)CC1
C1CCC(CC2CCC(C3CCC(CCC4CCCC(C5CCCCC5)C4)CC3)CC2)CC1
C1CCC(C2CCCC3CC(C4CCC5CCCCC5C4)CCC32)CC1
C1CCC(CCCC2CCC(CC3CCC(CC4CCCCC4)CC3)CC2)CC1
C1CCC(CCC2CCCC(C3CCC(CC4CCCC4)CC3)C2)CC1
C1CCC(C2CCCC(CCCC3CCC(C4CCC4)CC3C3CCCC3)C2)CC1
C1CCC(C2CCC(CC3CCC(CC4CC5CCCCC5C4)CC3)CC2)CC1
C1CCC(CC2CC(CCC3CCC4CCCCC4C3)C3CCCCC23)CC1
C1CCC(C2CC(C3CCC4CCCCC43)CC3CC(CCCCC4CC5CCCCC5C4)CCC32)CC1
C1CCC(CCCCCC2CC(CC3CCC(C4CCCCC4)C3)CC(C3CCCC(C4CCCC4)C3)C2)CC1
C1CCC(C2CCCC(C3CCCC3C3CCCC3)C2)CC1
C1CCC(CC2CCC(C3CCCCC3)CC2)CC1
C1CCC(CC2CCC(CCCCC3CCC(CC4CC5CCCCC5C4)CC3)CC2)CC1
C1CCC(C2CCCC(CCCC3CCC4CCCCC43)C2)CC1
C1CCC(CCCC2CCC(CCC3CCCCC3)CC2)CC1
C1CCC(CCCC2CCCC(C3CCC(CC4CCCCC4)CC3)C2)CC1
C1CCC(CCCC2CCCC(CCCC3CCCCC3)C2)CC1
C1CCC(CCC2CCCC(CCCCCC3CCCC3)C2)CC1
C1CCC(CC2CCC(CC3CCCCC3)C(C3CCCC3)C2)CC1
C1CCC(CCCCC2CCC(C3CCCCC3)CC2)CC1
C1CCC(CCCCC2CCC(C3CCCCC3)C(C3CCCCC3)C2)CC1
C1CCC(C2CCCCC2C2CCCCC2C2CCCC2)CC1
C1CCC(CCCC2CCC(CCC3CC4CCCCC4C3)CC2)CC1
C1CCC(CCC2CCC(CC3CCC(CC4CCCC(CC5CC5)C4)CC3)CC2)CC1
C1CCC(CC2CCC(C3CCCCC3)CC2)CC1
C1CCC(CCC2CCC(C3CCCCC3)CC2)CC1
C1CCC(CC2CC3CCCCC3C2)C(CCC2CC(C3CCCC3)C3CCCCC23)C1
C1CCC(CC2CCC(CCC3CCCC(C4CCCCC4)C3)CC2)CC1
C1CCC(CC2CCC(CCCC3CCCC(C4CCCCC4)C3)CC2)CC1
C1CCC(CCCC2CCCC(CC3CCC(CCC4CC5CCCCC5C4)CC3)C2)CC1
C1CCC(CC2CCCC(C3CCCCC3CC3CCCCC3)C2)CC1
C1CCC(CC2CCC(C3CCC4CCCCC43)CC2)CC1
C1CCC(C2CCCCC2C2CCCC2)CC1
C1CCC(CC2CCCC(CC3CCC(CC4CCCCC4CC4CCCCC4)CC3)C2)CC1
C1CCC(C2CCC(CC3CCC(C4CCCC(CC5CC6CCCCC6C5)C4)CC3)CC2)CC1
C1CCC(CCC2CCC(C3CCCCC3C3CCCCC3)C(C3CCCCC3)C2)CC1
C1CCC(C2CCCCC2C2CC3CCCCC3C2)CC1
C(CCCC1CCCCC1C1CCCCC1)CCC1CC1
C1CCC(CCC2CCCC(C3CCCCC3)C2)CC1
C1CCC(CC2CCCC(CCCC3CCC(C4CCCCC4)CC3)C2)CC1
C1CCC(CC2CC(CC3CCC(C4CCCCC4)CC3)CC(C3CCC4CCCC4C3)C2)CC1
C1CCC(CC2CCC(CC3CCC(CCC4CCC5CCCC5C4)CC3)CC2)CC1
C1CCC(CCC2CC(CC3CCCC3)C3CCC(C4CCCC(CC5CCCCC5)C4)CC23)CC1
C1CCC(C2CCCCC2C2CCC3CCCC3C2)CC1
C1CCC(CCCC2CCC(C3CCCCC3)CC2C2CCCCC2)CC1
C1CCC(CC2CCC(CC3CCC(CC4CCC(C5CCCC(C6CCCCC6)C5)CC4)CC3)CC2)CC1
C1CCC(C2CCC(CCCC3CCCC(C4CCCC(CC5CCCC5)C4)C3)CC2)CC1
C1CCC(C2CCC(C3CCC(C4CCCCC4)CC3)CC2)CC1
C1CCC(CC2CCC(CC3CCC(CC4CCCC(C5CCCCC5)C4)C3)CC2)CC1
C1CCC(CCCCC2CCC(CCCCC3CCCCC3)CC2)CC1
C1CCC(C2CCCCC2C2CCC3C(CCCC3C3CCCCC3)C2)CC1
C1CCC(CC2CCCC(C3CCCCC3)C2)CC1
C1CCC(C2CC(CC3CC3)CC(C3CC(C4CCCCC4)C4CCCCC34)C2)CC1
C1CCC(CC2CCCCC2C2CCCC(C3CCCCC3)C2)CC1
C1CCC(C2CCC(C3CCCCC3C3CCC4C(CC5CCCC5)CCC4C3)CC2)CC1
C1CCC(C2CCC3CCCCC3C2)CC1
C1CCC(CC2CCCCC2C2CCCCC2C2CCCCC2)CC1
C1CCC(C2CCCCC2)CC1
C1CCC(C2CCCC(C3CCC(CCCCC4CCCCC4C4CC4)CC3)C2)CC1
C1CCC(CC2CCC(CC3CCCC3)CC2)CC1
C1CCC(CC2CCC(CCC3CCC(CC4CCCCC4)CC3)CC2)CC1
C1CCC(CC2CCC(C3CCC(CC4CCCCC4)CC3)CC2)CC1
C1CCC(CC2CCCC(CC3CCCCC3CC3CCCCC3)C2)CC1
C1CCC(CCCC2CCC(CC3CCC(CC4CCCCC4)CC3)CC2)CC1
C1CCC(CCCC2CC(C3CCCCC3)CCC2CC2CCCCC2)CC1
C1CCC(CCC2CCCC(C3CCC(CC4CCC(CC5CCCCC5)CC4)CC3)C2)CC1
C1CCC(C2CCC(C3CC4CCCC(C5CCCCC5)C4C3)CC2)CC1
C1CCC(C2CCC(C3CCCC4CCC(C5CCCCC5)CC43)C2)CC1
C1CCC(C2CCC(C3CCCCC3C3CCCCC3)CC2)CC1
C1CCC(C2CCCC(C3CCC(C4CCCCC4)CC3C3CCCCC3)C2)CC1
C1CCC(CC2CCC(C3CC3)CC2CC2CC(CC3CCCCC3)C3CCCCC23)CC1
C1CCC(CCCC2CCC(CC3CCCCC3)CC2)CC1
C1CCC(CC2CCC(CC3CCCC(C4CCCCC4)C3)CC2)CC1
C1CCC(CCC2CCCC(C3CCCCC3)C2)CC1
C1CCC(C2CCC(C(C3CCCCC3)C3CC3)CC2)CC1
C1CCC(CC2CCCCC2C2CCC(C3CCC(CC4CCCCC4)C(C4CCCC4)C3)C2)CC1
C1CCC(CC2CC(C3CCCCC3)CC(C3CCC3)C2)CC1
C1CCC(CC2CC3CCCCC3C(C3CCCCC3)C2)CC1
C1CCC(CC2CCCCC2)CC1
C1CCC(CCC2CCCC(CC3CCCCC3)C2)CC1
C1CCC(CCCCC2CCC(CC3CCC(CCC4CC4)CC3)CC2)CC1
C1CCC(C2CCCCC2C2CCC(CCC3CCC4CCCCC4C3)CC2)CC1
C1CCC(C2CCC(CCCCCC3CCCCC3C3CCCCC3)CC2)CC1
C1CCC(C2CC(CCC3CCCC(C4CCCC4)C3)C3CCCCC32)CC1
C1CCC(C2CCCC(C3CCCC4CC(C5CCCCC5C5CCCCC5)CCC43)C2)CC1
C1CCC(CC2CCC(C3CCCCC3CCC3CC3)CC2)CC1
C1CCC(CC2CCC(C3CCC4CCCC4C3)C(C3CCCCC3)C2)CC1
C1CCC(C2CCC(CCC3CCCC(C4CCCCC4)C3)CC2)CC1
C1CCC(C2CC(C3CCCCC3)CC(C3CCCC3)C2)CC1
C1CCC(C2CCC(CC3CCC(C4CCCCC4)CC3)CC2)CC1
C1CCC(C2CCC(C3CCCC(C4CCCCC4)C3)CC2)CC1
C1CCC(CCC2CCC3C(C4CCCCC4)CC(C4CCCCC4)C3C2)CC1
C1CCC(CCCC2CCCC(C3CCCCC3)C2)CC1
C1CCC(CC2CCC(CC3CCCC(C4CCC5CCCC5C4)C3)CC2)CC1
C1CCC(CCC2CCC(CC3CCCCC3)CC2)CC1
C1CCC(C2CCCC(CC3CCC4CCCCC43)C2)C(CCC2CCC(C3CC3)CC2)C1
C1CCC(CC2CCCCC2CCCCC2CCC(C3CCCCC3)CC2)CC1
C1CCC(CC2CCC(CCC3CCCC(C4CCCCC4)C3)CC2)CC1
C1CCC(C2CCCC(C3CCCC(CC4CCC5CCCCC54)C3)C2)CC1
C1CCC(C(C2CCCCC2)C2CCCCC2C2CCCCC2C2CCCC2)CC1
C1CCC(CC2CCC(CC3CCC4CC(C5CCC6CCCCC65)CC(C5CCCCC5)C4C3)CC2)CC1
C1CCC(C2CCCC(C3CCCCC3C3CCCC4CC(C5CCCCC5)CCC43)C2)CC1
C1CCC(C2CCC(CCC3CCCCC3C3CCCC3)CC2)C1
C1CCC(C2CCCC(C3CCCCC3)C2)CC1
C1CCC(C2CCCC(CCCC3CC(C4CCCCC4)C4CCCCC34)C2)CC1
C1CCC(CCC2CCCC(CC3CCC4CCCCC4C3)C2)CC1
C1CCC(CC2CCC(C3CC(CC4CCCCC4)C4CCCCC43)CC2)CC1
C1CCC(C2CCCCC2CC2CCC3CCCCC32)CC1
C1CCC(CC(CC2CCCCC2C2CCCCC2)C2CCC3CCCCC32)CC1
C1CCC(C2CCC(C3CCCCC3)CC2)CC1
C1CCC(CC2CCC(CCC3CCCCC3C3CCC(C4CCC4)CC3)CC2C2CCCC2)CC1
C1CCC(CCC2CCC(CC3CCC(CC4CCCCC4)CC3)CC2)CC1
C1CCC(C2CCCC(CC3CCC4C(CCC4C4CCCC4)C3)C2)CC1
C1CCC(CC2CCC(C3CCCC(CC4CCCCC4)C3)CC2)CC1
C1CCC(C2CCC3C(CC4CCCC4)CC(C4CCCC(CCC5CCCC5)C4)C3C2)CC1
C1CCC(CCCC2CCCCC2C2CCCC2)CC1
C1CCC(CC2CCC(C3CCC(C4CCCCC4)CC3)CC2)CC1
C1CCC(CCC2CC3CCCCC3C2)CC1
C1CCC(C2CCCC(CCC3CC(C4CCC5CCCCC54)CC4CCCCC43)C2)C1
C1CCC(CCC2CCC(C3CCCC(C4CCCCC4C4CCCCC4)C3)CC2)CC1
C1CCC(C2CCC(CCC3CCCCC3C3CCCCC3)CC2)CC1
C1CCC(CCCC2CCC(CC3CCC(CCC4CCC(C5CCCCC5)CC4)CC3)CC2)CC1
C1CCC(CC2CCCC(CC3CCC4CCCC4C3)C2)CC1
C1CCC(CCC2CC3CCC(C4CCCCC4)CC3C(C3CCCCC3)C2)CC1
C1CCC(CCC2CCC3CCCC3C2)CC1
C1CCC(C2CCC(CC3CCCC(C4CCCCC4)C3)CC2)CC1
C1CCC(C2CC(CC3CC4CCCCC4C3)CC(C3CC(CC4CCCC4)C4CCCCC43)C2)CC1
C1CCC(CCC2CCC(CC3CCCCC3)CC2)CC1
C1CCC(C2CCCC(CC3CCCC(C4CCCCC4)C3)C2)CC1
C1CCC(CC2CCCCC2)CC1
C1CCC(C2CCCCC2)CC1
C1CCC(CC2CCCCC2C2CCCCC2C2CC2)CC1
C1CCC(CCC2CCCC(C3CCC4CCCCC4C3)C2)CC1
C1CCC(CC2CCC(CC3CCC(C4CCCCC4)CC3)CC2)CC1
C1CCC(CC2CCC(CC3CCC(C4CCCC(C5CCCCC5)C4)CC3)CC2)CC1
C1CCC(C2CCC3CC(C4CCC5CCCCC54)CC(C4CCCCC4)C3C2)CC1
C1CCC(CC2CCCC(C3CCCCC3C3CC3)C2)C1
C1CCC(CC2CCC(CCC3CC(CC4CCCCC4)CC(C4CCCCC4)C3)CC2)CC1
C1CCC(CCC2CCCCC2C2CCC3CCCC3C2)CC1
C1CCC(C2CCC(CC3CCC4CC(C5CCCCC5)CCC34)CC2)CC1
C1CCC(CC2CCC(CC3CCC(C4CCCCC4)CC3)CC2)CC1
C1CCC(CC2CCCC(C3CCC(C4CCCCC4)C3)C2)CC1
C1CCC(C2CC(CC3CCC(CCCCC4CCC(C5CCCC5)CC4)CC3)C3CCCCC32)CC1
C1CCC(CCC2CCC(C3CCCCC3)CC2CC2CCCCC2)CC1
C1CCC(CCC2CCC(CC3CCCCC3)CC2)CC1
C1CCC(CC2CCC(C3CCCCC3)CC2)CC1
C1CCC(C2CCCC(C3CCCC(CC4CCCC(C5CCCC5)C4)C3)C2)CC1
C1CCC(CC2CCCC(C3CCCCC3)C2)CC1
C1CCC(C2CCCC(CC3CCC(C4CCC(C5CCC6CCCCC6C5)C(C5CCCC5)C4)CC3)C2)C1
C1CCC(CC2CCCCC2C2CCCCC2C2CCCCC2)CC1
C1CCC(CCCC2CC(C3CCC(C4CCCCC4)CC3)C3CCCCC23)CC1
C1CCC(CC2CCC(C3CCC4CCCC4C3)CC2)CC1
C1CCC(C2CCC(C3CCCC(C4CCCCC4)C3)CC2)CC1
C1CCC(C2CCC(C3CCC(C4CCCC(C5CC(C6CCCCC6)C5)C4)CC3)CC2)CC1
C1CCC(CCC2CCC(CC3CCCCC3)CC2)CC1
C1CCC(CC2CCCCC2)CC1
C1CCC(C2CCCC(C3CCCC4CCCCC43)C2)CC1
C1CCC(C2CCCCC2)CC1
C1CCC(CC2CCC(C3CCC4CCCCC4C3)C(C3CCC4CCCC4C3)C2)CC1
C1CCC(C2CCCC(C3CCCCC3CCC3CC4CCCCC4C3)C2)CC1
C1CCC(C2CCC(CCC(C3CCCCC3)C3CCCC3)CC2)CC1
C1CCC(CC2CCC(C3CCC(C4CCCC(C5CCCCC5)C4)CC3)CC2)CC1
C1CCC(CCCC2CCC(CCC3CCCC(C4CCCCC4)C3)CC2)CC1
C1CCC(CC2CCC(C3CCCCC3)CC2)CC1
C1CCC(C(CC2CCC(C3CCCC3)CC2)C2CCCC(CC3CCC4CCCC4C3)C2)CC1
C1CCC(C2CCCCC2C2CCC(CC3CC4CCCCC4C3)C2)CC1
C1CCC(CC2CCCCC2CC2CCCCC2C2CCCCC2)CC1
C1CCC(C2CCCC(CCC3CC4CCCCC4C3)C2)CC1
C1CCC(CCC2CCC(C3CCCCC3)C(C3CCCC3)C2)CC1
C1CCC(CCCC(C2CCCCC2)C2CCC(CC3CCCC3)CC2)CC1
C1CCC(CC2CCCC(C3CC(C4CCCCC4)CC(C4CCC4)C3)C2)CC1
C1CCC2C(C1)CCC2C1CCC2CC(C3CCC4CCCCC43)CCC2C1
C1CCC(C2CCCC(C3CCC(C4CCCCC4C4CCC(C5CCC5)CC4)C4CCCC34)C2)CC1
C1CCC(C2CCCCC2C2CCC(C3CCCCC3C3CCCCC3)C2)CC1
C1CCC(C2CCC(C3CCC(C4CCCC(CC5CC6CCCCC6C5)C4)CC3)CC2)CC1
C1CCC(CCCCC2CCC(C3CCCCC3)CC2)CC1
C1CCC(C2CCCCC2CCC2CCC(C3CCCC3)CC2)CC1
C1CCC(CC2CCCC(CC3CCCCC3)C2)CC1
C1CCC(CCCC2CCC(C3CCC4C(CCC4C4CCCCC4)C3)CC2)CC1
C1CCC(C2CCCCC2CC2CCC(CCC3CC4CCCCC4C3)CC2)CC1
C1CCC(CCC2CCCCC2C2CCC(CC3CCCCC3)CC2)CC1
C1CCC(CCC2CCCC(CCC3CCCCC3)C2CC2CCCC2)CC1
C1CCC(C2CCC(CC3CCC(C4CCC(C5CCCCC5)C4)CC3)C2)CC1
C1CCC(CC2CCCCC2C2CCCC(C3CCCC(C4CCCCC4)C3)C2)CC1
C1CCC(CC2CCCC(C3CCC4C(CCCC4C4CCC5CCCCC54)C3)C2)CC1
C1CCC(C2CCCC(C3CCCC(C4CCCCC4)C3)C2)CC1
C1CCC(CC2CCCC(CC3CCC(CC4CCCCC4)CC3C3CCC4CCCC4C3)C2)CC1
C1CCC(CCC2CCCC(C3CCC(C4CCCC4)CC3)C2)CC1
C1CCC(CC2CCCCC2C2CCCCC2)CC1
C1CCC(C2CCCC(CC3CCCC(CCC4CC(C5CCCCC5)C4)C3)C2)CC1
C1CCC(CCC2CCC(CC3CCC(C4CCCC4)CC3)CC2)CC1
C1CCC(CC2CCC(CC3CC(C4CCCCC4)C4CCCCC34)CC2)CC1
C1CCC(CCCC2CC(CC3CCC(C4CCCCC4)CC3)C3CCCCC23)CC1
C1CC(CCCC2CCC3CCCCC32)CC(CCC2CC3CCCCC3C2)C1
C1CCC(CC2CCC(CC3CCC(C4CCCC(C5CCCCC5)C4)CC3)CC2)CC1
C1CCC(CC2CCCC(CC3CCCC(C4CCCCC4)C3)C2)CC1
C1CCC(CCCC2CCC(CC3CCCCC3)CC2)CC1
C1CCC(C2CCC(CC3CCC4C(CCC4C4CCCC4)C3)CC2)CC1
C1CCC(CCC2CCC3CC(C4CC5CCCCC5C(C5CCCCC5)C4)CCC23)CC1
C1CCC(CCC2CCCC(C3CCC(C4CCCCC4)CC3)C2C2CCCC2)CC1
C1CCC(CC2CCCC(C3CCC(C4CCC4)CC3)C2)CC1
C1CCC(CCC2CCC(CC3CCCCC3)CC2)CC1
C(CCCC1CC2CCCCC2C1)CCC1CCC(CC2CCC(C3CCCC3)CC2)CC1
C1CCC(CCCCCC2CCC(CC3CCC(C4CCCCC4)CC3)CC2)CC1
C1CCC2CC(CC3CCC(CC4CCC5CCCCC54)CC3)CCC2C1
C1CCC(CC2CCC(C3CCC3)CC2)CC1
C1CCC(CC2CCC(C3CCCCC3)CC2)CC1
C1CCC(CCCC2CCC(CC3CCCCC3)CC2)CC1
C1CCC(CC2CCC(C3CCC(C4CCC5CCCCC5C4)CC3)CC2)CC1
C1CC(CC2CCC(CCC3CCCC(C4CCC4)C3)CC2)C1
C1CCC(C2CCC(CCC3CCC4CCCCC43)CC2)CC1
C1CCC(CC2CCC(CC3CCCCC3)C(CC3CCCCC3C3CCC4CCCCC4C3)C2)CC1
C1CCC(CCC2CCCC(C3CCCC(CC4CCCCC4)C3)C2)CC1
C1CCC(CCCCC2CCCC(C3CCCC(C4CCCCC4)C3)C2)CC1
C1CCC(CCC2CCCC(CC3CCCCC3)C2)CC1
C1CCC(CC2CCC(CCCC3CCCC(CC4CCCCC4)C3)CC2)CC1
C1CCC(C2CCC(CCC3CCC(C4CCCCC4)CC3)CC2)CC1
C1CCC(C2CCC(C3CCC(C4CCCCC4)C(C4CC5CCCCC5C4)C3)CC2)CC1
C1CCC(CC2CCC(C3CCCC(C4CCCCC4)C3)CC2)CC1
C1CCC(C2CCCC(C3CCCC(CCCC4CCC5CCC(C6CCCCC6)C5C4)C3)C2)CC1
C1CCC(C2CCC(CC3CCCC(C4CCC(C5CCCCC5)CC4)C3)CC2)CC1
C1CCC(CC2CCC(CCCC3CCCCC3C3CCCCC3)CC2)CC1
C1CCC(C2CCCCC2CCC2CCC(CC3CCCC3)CC2)CC1
C1CCC(CCC2CCCC(C3CCC4CCCCC43)C2)CC1
C1CCC(CCC2CCC3C(CCCC3C3CCCC(C4CCCCC4)C3)C2)CC1
C1CCC(CC2CCC(C3CCCC(C4CCC5CCCC5C4)C3)CC2)C1
C1CCC(CCC2CCCCC2C2CCCCC2C2CCC3CCCCC32)C1
C1CCC(CCCC2CCC(C3CCC(C4CCCCC4)CC3)CC2)CC1
C1CCC(CCC2CCCCC2CC2CCCCC2)CC1
C1CCC(C2CCC(CC3CCC(C4CCCC4)CC3)CC2)CC1
C1CCC(CCC2CCCC(C3CCCC(C4CCCCC4)C3)C2)CC1
C1CCC(C2CCCC(C3CCCC(CC4CCCCC4C4CCC4)C3)C2)C1
C1CCC(CCC2CCCC(C3CCC(CC4CCC(CCCC5CCCC5)CC4)CC3)C2)CC1
C1CCC(CC2CCCC(C3CCCCC3)C2)CC1
C1CCC(C2CCCCC2C2CCCCC2)CC1
C1CCC(C2CCC(C3CCCCC3)CC2)CC1
C1CCC(CC2CCC(C3CCCCC3)CC2)CC1
C1CCC(CCC2CCCC(C3CCCCC3)C2)CC1
C1CCC(CC2CCCC(C3CCCC(CC4CCCCC4)C3)C2)CC1
C1CCC(CCC2CCC(CC3CCCCC3)CC2C2CC2)CC1
C1CCC(CCCCC2CCCC(CC3CCC(C4CCCCC4)CC3)C2)CC1
C1CCC(CCCCC2CCC(CC3CCCC(C4CCCC4)C3)CC2)CC1
C1CCC(CC2CCCCC2C2CCCCC2)CC1
C1CCC(C2CCC(CCCC3CCCCC3C3CCCCC3)CC2)CC1
C1CCC(CCC2CCCC(C3CC(C4CCCCC4)CC(C4CCCCC4)C3CC3CCCCC3)C2)CC1
C1CCC(CCCC2CCCCC2C2CCCCC2)CC1
C1CCC(CC2CCC(CCC3CCC(CC4CCCCC4)CC3)CC2)CC1
C1CCC(CCC2CCC(CCC3CCC(CC4CCCCC4)CC3)CC2)CC1
C1CCC(C2CCC(C3CC(C4CCCC(C5CCCCC5)C4)C4CCCCC34)CC2)CC1
C1CCC(C2CCC3CC(C4CCC5CCCCC54)CC(C4CCCCC4)C3C2)CC1
C1CCC(CCC2CCC(C3CCC(C4CCCCC4)CC3C3CCCC3)CC2)CC1
C1CCC(CCCC2CCCC(CC3CCCCC3)C2)CC1
C1CCC(CCCCC2CCC(CC3CCCCC3)CC2)CC1
C1CCC(C2CC(C3CCCCC3)CC(C3CCCCC3C3CC4CCCCC4C3)C2)CC1
C1CCC(CC2CCC(CCC3CCCCC3C3CCCCC3)CC2)CC1
C1CCC(CC2CCC(C3CCC(CC4CCCCC4CC4CCCCC4)CC3)CC2)CC1
C1CCC(C2CCCCC2CC2CCCCC2C2CCCCC2)CC1
C1CCC(C2CC(CC3CCC(CC4CC5CCCCC5C4)CC3)C3CCCCC32)CC1
C1CCC(C2CCC(C3CCCC(CCCC4CCC(CC5CCCC5)CC4)C3)CC2)CC1
C1CCC(CC2CCCC(CCC3CC(CC4CC4)CC(C4CCCCC4)C3)C2)CC1
C1CCC(CC2CCCCC2)CC1
C1CCC(CC2CCCCC2C2CCCCC2C2CCC3CCCC3C2)CC1
C1CCC(CC2CCCC(C3CCCCC3)C2)CC1
C1CCC(CC2CCC(C3CCC(C4CCCC4)CC3)CC2)CC1
C1CCC(CCCC2CCC(C3CC(CC4CCCCC4)C4CCCCC43)CC2)CC1
C1CCC(CC2CCC(C3CCCC(CC4CCCCC4)C3)CC2)CC1
C1CCC(CCCCC2CCC(CC3CCC(C4CCCCC4)CC3)CC2)CC1
C1CCC(C2CCC(CC3CCC(CC4CCCC(CC5CC6CCCCC6C5)C4)CC3)CC2)CC1
C1CCC(CCC2CCC(CC3CCCC(CCCC4CC5CCCCC5C4)C3)CC2)CC1
C1CCC(CCCC2CCC(CC3CCCCC3)CC2)CC1
C1CCC(CC2CCC(C3CCCCC3C3CCCC3)CC2)CC1
C1CCC(CC2CCC(C3CCCC(C4CCCCC4)C3)CC2)CC1
C1CCC(CCC2CC(C3CCCCC3)CC(C3CCCCC3)C2)CC1
C1CCC(CCC2CCC(C3CCCC4CC(C5CCCCC5)CCC43)CC2)CC1
C1CCC(CC2CCCC(C3CCC4CC(C5CCC6CCCCC65)CC(C5CCCCC5)C4C3)C2)CC1
C1CCC(CC2CCC(CCCC3CCC(C4CCCCC4)CC3)CC2)CC1
C1CCC(C2CCCC(C3CCC(C4CCC(C5CCC6CCCCC65)CC4)CC3)C2)C1
C1CCC(CCC2CCC(C3CCC(CC4CCCCC4)CC3)CC2)CC1
C1CCC(CC2CC(CC3CCC3)CCC2CCC2CCC3CCCCC32)CC1
C1CCC(CCCCCC2CCCC(CC3CCCCC3)C2)CC1
C1CCC(C2CCC(CCCC3CCCC(C4CCCCC4)C3)CC2)CC1
C1CCC(CC2CCC(C3CCCCC3)CC2)CC1
C1CCC(CCC2CCC(CC3CCCCC3C3CCCCC3C3CCCC3)CC2)CC1
C1CCC(C2CCC(CCC3CCC(CC4CCC(C5CCCCC5)CC4)CC3)CC2)CC1
C1CCC(CCCCC2CCC(CC3CCCCC3)CC2CCC2CCCCC2)CC1
C1CCC(CC2CC(C3CCC4CCCC4C3)CCC2C2CCCCC2)CC1
C1CCC2C(C1)CCCC2C1CCC(C2CCCCC2C2CCCCC2C2CCCC2)CC1
C1CCC(C2CCC(C3CCC3)C(C3CCCC3)C2)CC1
C1CCC(CC2CCCC(C3CCCCC3CC3CCCCC3)C2)CC1
C1CCC(CCCCC2CCC(C3CCCCC3)CC2)CC1
C1CCC(CCC2CCCCC2)CC1
C1CCC(CC2CCC(C3CCCC(C4CCCC(C5CCC5)C4)C3)CC2)CC1
C1CCC(C2CCC(C3CC3)CC2C2CCC3CCCC3C2)CC1
C1CCC(CCCC2CCCC(CCC3CCC(CC4CCCCC4)CC3)C2)CC1
C1CCC(CC2CCCC(C3CCCC(C4CCCCC4)C3)C2)CC1
C1CCC(C2CCCC(C3CCCC3)C2)CC1
C1CCC(C2CCC(C3CCCCC3CC3CCC4CCCCC43)C2)CC1
C1CCC(CC2C(C3CCCCC3)CCCC2C2CC2)CC1
C1CCC(C2CCC(C3CC(C4CCC(C5CCCC5)CC4)C4CCCCC34)CC2)CC1
C1CCC(CC2CCC(C3CCC(C4CCCCC4)CC3)C(C3CCCCC3)C2)CC1
C1CCC(CCC2CCCC(C3CCCC(C4CCCCC4)C3)C2)CC1
C1CCC(CCCC2CCCC(CCCC3CCC(CC4CCCCC4)CC3)C2)CC1
C1CCC(C2CCC(C3CCC3)CC2)CC1
C1CCC(CC2CCC(C3CCCCC3CC3CCCCC3)CC2)CC1
C1CCC(CCCC2CCCC(CC3CCC(CC4CCCCC4)CC3)C2)CC1
C1CCC(CCCC2CCC(CC3CCCCC3)CC2)CC1
C1CCC(CC2CCCC(C3CCCCC3)C2)CC1
C1CCC(C2CCC(CCC3CCC4C(CCCC4C4CCCCC4)C3)CC2)CC1
C1CCC2CC(CC3CCC(C4CCCC5CCCCC54)C(C4CCCC4)C3)CC2C1
C1CCC(C2CCCC(C3CCC(C4CCC4)CC3)C2)CC1
C1CCC(CCC2CCCC(C3CCCC(C4CCCCC4)C3)C2)CC1
C1CCC(CC2CCC(CCC3CCC(C4CCCCC4)CC3)CC2)CC1
C1CCC(CC2CCC(C3CCC4CCCCC43)CC2)CC1
C1CCC(C2CCC(CCC3CC4CCCCC4C3)CC2CC2CCCC2)CC1
C1CCC(C2CCCCC2C2CCCCC2)CC1
C1CCC(CC2CCC(CC3CCCC(CC4CCCCC4)C3)CC2)CC1
C1CCC(CC2CCC(C3CCCC(C4CCCC4)C3)CC2)CC1
C1CCC2CC(CCC3CC(CC4CCCCC4C4CCCCC4C4CCCC4)C4CCCCC34)CCC2C1
C1CCC(C2CC(CCC3CCCCC3C3CCCCC3)CC(C3CCCCC3)C2)CC1
C1CCC(CCC2CCCC(CC3CCCCC3)C2)CC1
C1CCC(CC2CCC(CC3CCCCC3)C(C3CC4CCCCC4C3)C2)CC1
C1CCC(C2CCC(C3CCC(C4CCCCC4)CC3C3CCCCC3)CC2)CC1
C1CCC(CCCC2CCCC(CCC3CCCC(C4CCCC4)C3)C2)CC1
C1CCC(C2CCCCC2)CC1
C1CCC(CCC2CCC(C3CCC3)CC2)CC1
C1CCC(CCCCCC2CCCCC2)CC1
C1CCC(CC2CCCC(CC3CCCC(C4CCCC4)C3)C2)CC1
C1CCC(CCCC2CCCC3CC(C4CCCCC4C4CC4)CCC23)CC1
C1CCC(CCCC2CCC(C3CCCCC3)CC2)CC1
C1CCC(CCC2CCC(C3CCC4CC(CC5CCCCC5)CCC43)CC2)CC1
C1CCC(CC2CCCC(C3CCC(CC4CC5CCCCC5C4)CC3)C2)C1
C1CCC(CCC(CCCC2CC3CCCCC3C2)C2CCCC(C3CCC(C4CCC5CCCCC54)CC3)C2)CC1
C1CCC(CC2CCCC(C3CCCCC3C3CCC4CCCCC4C3)C2)CC1
C1CCC(CC2CCC(CC3CCCCC3)C(C3CCCCC3)C2)CC1
C1CCC(CCCC2CCCCC2)CC1
C1CCC(CC2CCCCC2CC2CCC(C3CC(C4CCCCC4)C3)CC2)CC1
C1CCC(CCC2CCCC(CC3CCCCC3)C2)CC1
C1CCC(CCCCC2CCC(CC3CCC(CCCC4CCCCC4)CC3)CC2)CC1
C1CCC(CC2CCC(CC3CCC(CC4CCCCC4)CC3)CC2)CC1
C1CCC(C2CCC(CC3CC(C4CCC5CCCCC5C4)C4CCCCC34)CC2)CC1
C1CCC(CCCC2CCC(CC3CCCCC3)CC2)CC1
C1CCC(C2CCC(C3CCCC3)CC2)CC1
C1CCC(C2CCC(C3CCCC4CCCCC43)CC2)CC1
C1CCC(CCCCCC2CCC(CCCC3CCCC(CC4CCCCC4)C3)CC2)CC1
C1CCC(CC2CCCCC2)CC1
C1CCC(CC2CCC(C3CCCCC3)CC2)CC1
C1CCC(CC2CCC(C3CCCCC3C3CCCCC3)CC2)CC1
C1CCC(CC2CCCCC2CC2CC(C3CCCCC3)C3CCCCC23)CC1
C1CCC(CCCCC2CCC(CC3CCCCC3)CC2CC2CCCCC2)CC1
C1CCC(CC2CCC3CCC(C4CCCCC4CC4CCCCC4)C3C2)CC1
C1CCC(CC2CCC(CC3CCCCC3)C(CC3CCCCC3)C2)CC1
C1CCC(C2CCC(C(C3CCCCC3)C3CC3)CC2)CC1
C1CCC(C2CCCC(C3CCCCC3)C2)CC1
C1CCC(C2CCC(C3CCCCC3C3CCCC3)CC2)CC1
C1CCC(CCCCC2CCC(CCCCC3CCC4CCCCC4C3)CC2)CC1
C1CCC(C2CCCC(CC3CCCCC3C3CCCCC3)C2)CC1
C1CCC(CC2CCC3CCC(C4CCCCC4)CC32)CC1
C1CCC(C2CCCCC2C2CCC(C3CCCC(CC4CC5CCCCC5C4)C3)CC2)CC1
C1CCC(CC2CCC(CCC3CCCC(CC4CCCCC4)C3)CC2)CC1
C1CCC(CCC2CCCCC2C2CCC(C3CCCCC3)CC2)CC1
C1CCC(C2CCCC(CCC3CC4CCCCC4C3)C2)CC1
C1CCC(C2CCCC(C3CCCCC3C3CCCCC3)C2)CC1
C1CCC(C2CCCC(CCC3CCCC(CC4CC5CCCCC5C4)C3)C2)CC1
C1CCC(CCC2CCCCC2CC2CC3CCCCC3C2)CC1
C1CCC(CC2CCC3CC(C4CCCCC4)CCC3C2)CC1
C1CCC(C2CC(C3CCC4CCCCC43)CC3CCCCC32)CC1
C1CCC(C2CCC(C3CCCCC3)C(C3CCCCC3)C2)CC1
C1CCC(CC2CCC(CCCC3CC(C4CCCCC4)CC(C4CC4)C3)CC2)CC1
C1CCC(CC2CCCCC2C2CCC3C(CC4CCC(C5CCCCC5)CC4)CCCC3C2)CC1
C1CCC(CC2CCC(C3CCCC(C4CCCCC4)C3)CC2)CC1
C1CCC(CCCC2CCCCC2C2CCCC2)CC1
C1CCC(CCC2CCCC(C3CCC(C4CCCC4)CC3)C2)CC1
C1CCC(C2CCCC(C3CCC(CC4CCC(C5CCCC(C6CCCCC6)C5)CC4)CC3)C2)CC1
C1CCC(CCC2CCC(CC3CCCCC3)CC2)CC1
C1CCC(CC2CCC3CC(CCC4CCC(C5CCCCC5)CC4)CCC3C2)CC1
C1CCC(CCCC2CCC(C3CCCCC3)CC2)CC1
C1CCC(CC2CCCC(C3CC(C4CCCCC4)CC(C4CCC5CCCC5C4)C3)C2)CC1
C1CCC(CC2CCC(CC3CCCC(C4CCCC4)C3)CC2)CC1
C1CCC(C2CCCCC2)CC1
C1CCC(C2CCCC(C3CCCCC3)C2)CC1
C1CCC(CCC2CCCC(C3CCCCC3C3CC(CC4CCCCC4)C4CCCCC43)C2)CC1
C1CCC(CCC2CCC3C(CCC3C3CCCCC3)C2)CC1
C1CCC(CCC2CCCC(C3CCCCC3)C2)CC1
C1CCC(CCC2CCC(CC3CCCC(C4CCC(C5CCCC5)CC4)C3)CC2)CC1
C1CCC(CCCC2CCC(CCCC3CCCCC3)CC2)CC1
C1CCC(C2CCCC(CC3CCC(C4CCCC(C5CCCCC5)C4)CC3)C2)CC1
C1CCC(CCCC2CCC(CC3CCC(C4CCCCC4)CC3)CC2)CC1
C1CCC(CC2CCCCC2C2CCC3C(CCCC3C3CCCCC3)C2)CC1
C1CCC(C2CCC(CCC3CCC(C4CCC(C5CCCC(C6CCCCC6)C5)CC4)CC3)CC2)CC1
C1CCC(CC2CCC(C3CC4CCCCC4C3)CC2)CC1
C1CCC(C2CCCC(CC3CC(C4CCCC4)C4CCCCC34)C2)CC1
C1CCC(CCCC2CCC(C3CCC(C4CCCC(CC5CC6CCCCC6C5)C4)CC3)CC2)C1
C1CCC(C2CCC(CC3CCCC(C4CCCCC4)C3)CC2)CC1
C1CCC(CCC2CCCCC2C2CCCC2)CC1
C1CCC(CCCC2CC(C3CCCCC3)CC(C3CCC3)C2)CC1
C1CCC(CC2CCCC(C(C3CCCCC3)C3CCCC(C4CCCC4)C3)C2)CC1
C1CCC(CCC2CC3CCCCC3C(CC3CCCC4CCCCC43)C2)CC1
C1CCC(CC2CCC3CCC(C4CCCCC4)C3C2)CC1
C1CCC(CC2CCC3CC(C4CCCC(CCCC5CCC5)C4)CCC23)CC1
C1CCC(CC2CCCC(C3CCC(C4CC(CC5CCC6CCCC6C5)C5CCCCC54)CC3)C2)CC1
C1CCC(C2CCCC(CC3CCC4CC(C5CCCC5)CCC34)C2)CC1
C1CCC(CCC2CCCC(CCCCC3CCC(C4CCCCC4C4CCCCC4)C3)C2)CC1
C1CCC(CC2CCC(C3CCCC(C4CC5CCCCC5C4)C3)CC2)CC1
C1CCC(C2CCC(C3CCCCC3)CC2)CC1
C1CCC(CCC2CCCCC2C2CCCCC2)CC1
C1CCC(C2CCCC(C3CCC(CC4CCCC4)CC3)C2)CC1
C1CCC(C2CCCC(CCC3CCC(CC4CCCC4)CC3)C2)CC1
C1CCC(CCC2CCCC(C3CCCCC3)C2)CC1
C1CCC(CC2CCCC(C3CCCC(C4CCC4)C3C3CCC3)C2)CC1
C1CCC(C2CCCC(C3CCCC(C4CCCC5CCCCC54)C3)C2)CC1
C1CCC(C2CCCC(CC3CCCCC3C3CCC4CCCC4C3)C2)CC1
C1CCC(CC2CCC(C3CCCCC3)C(C3CC4CCCCC4C3)C2)CC1
C1CCC(CC2CCC(C3CCC(CC4CCCCC4)CC3C3CCCC3)CC2)CC1
C1CCC(CCCC2CCCC(C3CCC(C4CCC4)CC3)C2)C1
C1CCC(C2CCC(CCCC3CCCC(C4CCCCC4)C3)CC2)CC1
C1CCC(CC2CC(C3CCC(C4CCCCC4)CC3)C3CCC(C4CCCCC4)CC23)CC1
C1CCC(CCC2CC(C3CCCCC3)CC(C3CCCCC3)C2)CC1
C1CCC(C2CC3CCCCC3C(C3CCCCC3)C2)CC1
C1CCC(CCC2CCC(CC3CCCCC3C3CCCCC3C3CCC4CCCC4C3)CC2)CC1
C1CCC(CC2CCC(CC3CC4CCCCC4C3)CC2)CC1
C1CCCCC1
C1CCC(CCCC2CCC(CC3CCC(C4CCCCC4)CC3)CC2)CC1
C1CCC(CC(C2CCCCC2)C2CCCC(C3CCCCC3)C2)CC1
C1CCC(CC2CCCCC2C2CCC(C3CC3C3CCCCC3)CC2)CC1
C1CCC(CCC2CCC(CC3CCCC(C4CCCCC4C4CCC5CCCCC5C4)C3)CC2)CC1
C1CCC(CCC2CC(C3CCCCC3)CCC2C2CCCCC2)CC1
C1CCC(CC2CCC(C3CCCC(C4CCCCC4)C3)CC2)CC1
C1CCC(CCCCC2CCCCC2)CC1
C1CCC(CCC2CCC(CC3CCC(CC4CCCCC4)CC3)CC2)CC1
C1CCC(CC2CCCC(CC3CCCC4CC(C5CCCCC5)CCC34)C2)CC1
C1CCC(C2CC3CCCCC3C(C3CCCCC3)C2)CC1
C1CCC(C2CCCC(CC3CCCCC3C3CCC4CCCC4C3)C2)CC1
C1CCC(CC2CCCC(CC3CCCCC3)C2)CC1
C1CCC(CC2CCC(CCCCC3CCC(CC4CCC(C5CCCC5)CC4)CC3)CC2)CC1
C1CCC(C2CCC(CC3CCCCC3C3CCCCC3C3CCC4CCCC4C3)CC2)CC1
C1CCC(C2CCCC(C3CCCCC3)C2C2CCC3CCCCC3C2)CC1
C1CCC(C2CCC3CCC(C4CC5CCCCC5C(C5CCCCC5)C4)C3C2)CC1
C1CCC(CC2CCC(CC3CCCC(CC4CC4)C3)CC2)CC1
C1CCC(CCC2CCC(CC3CCC(CCC4CCCCC4)CC3)CC2)CC1
C1CCC(C2CCCC(CCCC3CCC(CCC4CCC(CCC5CC5)CC4)CC3)C2)CC1
C(CCC1CC2CCCCC2C1)CCC1CCC2CC(C3CCC4CCCCC43)CC(C3CCCCC3)C2C1
C1CCC(C2CCC(C3CCC(C4CC4)CC3)C(C3CCC4CCCC4C3)C2)CC1
C1CCC(CC2CCCC(C3CCCC(CCCC4CCC(C5CCCCC5)CC4)C3)C2)CC1
C1CCC(CCCCC2CCC(C3CCCC(CC4CCCCC4)C3)CC2)CC1
C1CCC(CC2CC(C3CCCCC3)CC(C3CCCCC3)C2)CC1
C1CCC(CC2CCC3C(CC4CCCCC4)CCC3C2)CC1
C1CCC(CC2CCCCC2C2CCCCC2)CC1
C1CCC(CC2CCC(CCCCC3CCC(C4CCCCC4)CC3)CC2)CC1
C1CCC(C2CC(CC3CCC4CCCC4C3)CC(C3CCCCC3)C2)CC1
C1CCC(CC(CC2CCCC(CC3CC3)C2)C2CCCCC2)CC1
C1CCC(C2CCCC(C3CCCC4CCCCC43)C2)CC1
C1CCC(CCC(CCC2CCC(C3CCCCC3)CC2)C2CCCCC2)CC1
C1CCC(C2CCC3C(CCCC3C3CCCCC3)C2)CC1
C1CCC(CCC2CCC(CCC(CCC3CCC(C4CCCC4)CC3)C3CCCCC3)CC2)CC1
C1CCC(CCCC2CCCCC2)CC1
C1CCC(CCCCCC2CCC(CC3CCC(C4CCCCC4)CC3)CC2)CC1
C1CCC(C2CCC(C3CCC(C4CCCCC4)CC3)CC2)CC1
C1CCC(CCC2CC(C3CCCCC3)CC(CCC3CCCCC3)C2CCC2CCCCC2)CC1
C1CCC(CC2CCCC(CC3CCCCC3)C2)CC1
C1CCC(CC2CC(C3CCCCC3)CCC2CC2CC2)CC1
C1CCC(C2CCC(C3CCCC(C4CCC(CC5CCCC5)CC4)C3)CC2)CC1
C1CCC(CCCC2CCC(C3CCCCC3C3CCC4CCCC4C3)CC2)CC1
C1CCC(CCC2CC(C3CCCCC3)C3CCC(CC4CCCC(CC5CCCC(C6CCCC6)C5)C4)CC23)CC1
C1CCC(CC2CCCCC2CCC2CCCCC2C2CCCCC2C2CCC3CCCCC3C2)CC1
C(CC1CCC(CC2CCCC(C3CCCC(C4CCCC4)C3)C2)CC1)CC1CCCC(C2CC2)C1
C1CCC(C2CCC(CCC3CCCCC3C3CCCCC3)CC2)CC1
C1CCC(CC2CCC(C3CCC4CCCC(C5CCCCC5)C4C3)CC2)CC1
C1CCC(CCC2CCCC(C3CC(C4CCCC4)C4CCCCC34)C2)CC1
C1CCC(CC2CCC(CC3CCCC(C4CCCCC4)C3)CC2)CC1
C1CCC(C2CCCC(CCC3CCCCC3CC3CCCCC3C3CCCC3)C2)CC1
C(CCCCC1CCC(CC2CCCCC2)CC1)CCCC1CCCCC1
C1CCC(CC2CCC(C3CCC(C4CCCCC4)CC3)CC2)CC1
C1CCC(CC2CCCC(C3CCCCC3CC3CCCCC3)C2)CC1
C1CCC(CCC2CCC(C3CCCC(CC4CCCCC4)C3)CC2)CC1
C1CCC(C2CC3CCC(C4CCCC4)CC3C(C3CCCCC3)C2)CC1
C1CCC(CC2CCCC(CCC3CCCC(C4CCC5CCCCC54)C3)C2)CC1
C1CCC(CC2CCCCC2C2CCC3CCCC(CC4CC5CCCCC5C4)C3C2)CC1
C1CCC(CC2CCCCC2C2CCCC(C3CCCC(C4CCCCC4)C3)C2)CC1
C1CCC(C2CCC(C3CCCC(C4CCCCC4C4CCCCC4C4CCCCC4)C3)CC2)CC1
C(CCC1CCCC1)CCC1CC(C2CCCCC2)C2CCCCC12
C1CCC(CCCCC2CC(C3CCC4CCCCC43)CC3CCCCC23)CC1
C1CCC(CCC2CCC(CCC3CCC(CC4CCCCC4)CC3)CC2)CC1
C1CCC(CC2CCC(CC3CCC(CC4CCCCC4)CC3)CC2)CC1
C1CCC(C2CCCCC2C2CCCCC2)CC1
C1CCC(C2CCCCC2C2CCC(CC3CC4CCCCC4C3)CC2)CC1
C(CCCC1CCCC(CC2CCCCC2)C1)CCC1CCCCC1
C1CCC(CCCC2CCCC(C3CCCCC3)C2)CC1
C1CCC(CCCC2CCCCC2)CC1
C1CCC(C2CCCC(C3CCCC(C4CC(C5CCCC5)C5CCCCC45)C3)C2)C1
C1CCC(CCCC2CCC(C3CCCC(C4CCCC(C5CCCCC5C5CCCC5)C4)C3)CC2)CC1
C1CCC(CC2CCC(CCC3CCC(C4CCCCC4)CC3)CC2)CC1
C1CCC(C2CCCCC2C2CCC3CCCCC3C2)CC1
C1CCC(CCCCCC2CCCC(C3CCC(CC4CCCC(C5CCCCC5)C4)CC3)C2)CC1
C1CCC(CC2CCC(CC3CCC(CC4CC4)CC3C3CCCCC3)CC2)CC1
C1CCC(CC2CCCCC2)CC1
C1CCC(C2CCC(C3CCCCC3)CC2)CC1
C1CCC(C2CCC(C3CCCCC3)CC2)CC1
C1CCC(CCCC2CCCC(CC3CC3)C2)CC1
C1CCC(CCC2CCC3CC(C4CCCCC4)CC(C4CCCCC4)C3C2)CC1
C1CCC(CCC2CCCC(CC3CC3)C2C2CCCCC2)CC1
C1CCC(CC2CCC(C3CCCC(C4CC(CC5CCCCC5)C5CCCCC54)C3)CC2)CC1
C1CCC(CC2CCCC(CC3CCC(C4CC4)CC3)C2)CC1
C1CCC(C2CCCCC2)CC1
C1CCC(CC2CCCCC2C2CCCCC2C2CCCC2C2CCCCC2)CC1
C1CC(CCC2CC3CCCCC3C2)CC(C2CCC(CCC3CC3)CC2)C1
C1CCC(CC2CCCCC2C2CCCCC2)CC1
C1CCC(C2CCC(CC3CC4CCCCC4C3)CC2)CC1
C1CCC(CC2CCC(CC3CCCCC3C3CCCC3)CC2)CC1
C1CCC(C2CCCCC2C2CCCCC2)CC1
C1CCC(CC2CCC(CC3CCC(C4CCCC(CC5CC5)C4)CC3)CC2)CC1
C1CCC(C2CCCC(C3CC4CCCCC4C(C4CCCCC4)C3)C2)CC1
C1CCC(CCCCC2CCC(CC3CCCCC3)CC2)CC1
C1CCC(CCC2CCC(C3CCCC(C4CCC5CCCCC54)C3)CC2)CC1
C1CCC(C2CC(CC3CCCC(CC4CC5CCCCC5C4)C3)CCC2C2CCCC2)CC1
C1CCC(CC2CC(C3CCCC(CCCC4CCCCC4C4CCCCC4)C3)C3CCCCC23)CC1
C1CCC(CCC2CCC(C3CCCCC3)CC2C2CCCC(CC3CCCCC3)C2)CC1
C1CCC(CCCC2CCCC(C3CCCCC3)C2)CC1
C1CCC(C2CCCCC2C2CCCCC2)CC1
C1CCC(CC2CCCCC2C2CCC3CCCCC3C2)CC1
C1CCC(CC2CCC(CCCCCC3CCCC(C4CCCCC4)C3)CC2)CC1
C1CCC(CCC2CCCCC2C2CCCCC2)CC1
C1CCC(CC2CCC(C3CCCCC3)CC2)CC1
C1CCC(C2CCCCC2CC2CCCC(CC3CCCC3)C2)CC1
C1CCC(C2CCC(C3CCC(C4CCCCC4)CC3)CC2)CC1
C1CCC(C2CC(CC3CCCCC3C3CCC4CCCCC4C3)C3CCCCC32)CC1
C1CCC(CC2CCC(CCC3CC(C4CCCCC4)C4CCCCC34)CC2)CC1
C1CCC(CCC2CCCC(C3CCCCC3CC3CCC(C4CCCC4)CC3)C2)CC1
C1CCC(CC2CCCC(C3CC3)C2)CC1
C1CCC(CCC2CCC(C3CC(CC4CCCCC4)C4CCCCC43)CC2)CC1
C1CCC(C2CCC(C3CCCC(C4CC(C5CCCCC5)C5CCCCC45)C3)CC2)CC1
C1CCC(CC2CCC(CC3CCC(CC4CCCCC4)CC3)CC2)CC1
C1CCC(CC2CCCC(C3CCC4CCC(CC5CCCCC5)CC43)C2)CC1
C1CCC(C2CCCC(CCCCC3CCC(C4CCCC4)CC3)C2)CC1
C1CCC(CCCC2CCC(CC3CCC(CC4CCCCC4)CC3)CC2)CC1
C1CCC(C2CCCCC2CC2CCC(CC3CCCCC3C3CCCC3)CC2)CC1
C1CCC(CC2CCC(C3CCC(CC4CCCCC4C4CCC5CCCCC54)CC3)CC2)CC1
C1CCC(CCC2CCCC(C3CCCC(CC4CCCCC4)C3)C2)CC1
C1CCC(C2CCC(C3CCC(CC4CCC(C5CCCCC5C5CCCC5)CC4)CC3)CC2)CC1
C1CCC(C2CCC(CCC3CCCCC3C3CCCCC3)CC2)CC1
C1CCC(C2CCC(CCC3CCCCC3CCCC3CCC4CCCCC4C3)C2)CC1
C1CCC2CC(CC3CCCC(C4CCC(CCC5CC5)CC4C4CCCC4)C3)CC2C1
C1CCC(C2CC3CCC(C4CCCCC4C4CCCCC4)CC3C(C3CCCCC3)C2)CC1
C1CCC(C2CCCC(C3CCCC(C4CCC(C5CCCC5)CC4)C3)C2)CC1
C1CCC(CCCC2CCC(CC3CCCCC3)CC2)CC1
C1CCC(C2CCC(CCC(CCC3CCCC(C4CC4)C3)C3CCCCC3)CC2)CC1
C1CCC(CC2CCCCC2C2CCCCC2C2CCC3CCCC3C2)CC1
C1CCC2CC(C3CCCCC3CC3CCC(C4CCCCC4C4CCCC4)CC3)CCC2C1
C1CCC(C2CCC(C3CCCC4CCCCC43)CC2)CC1
C1CCC(C2CCC(CCCC3CCCC(C4CCCCC4)C3)CC2)CC1
C1CCC(CC2CCC(CC3CCCC(CC4CCC4)C3)C(C3CC3)C2)CC1
C1CCC(CC2CCC(C3CCCCC3)CC2)CC1
C1CCC(C2CCCC(CCC3CCCC(C4CCCCC4)C3)C2)CC1
C1CCC(C2CCCCC2C2CCCC(C3CCCCC3CCC3CCCC3)C2)CC1
C1CCC(CCC2CCC(C3CCC(C4CCC(CCC5CCCCC5)CC4)CC3)CC2)CC1
C1CCC(CCCC2CCCC(C3CCCCC3)C2)CC1
C1CC(CC2CC2)CC(C2CCCC(C3CCCCC3C3CCCCC3C3CCCC3)C2)C1
C1CCC(CC2CCC(CC3CCC(CC4CCCC4)CC3)CC2)CC1
C1CCC(CC2CCCCC2CC2CCCC(C3CCCCC3)C2)CC1
C1CCC(CCC2CCCCC2CC2CCC(C3CCCC(C4CCCCC4)C3)CC2)CC1
C1CCC(CC2CCC(CC3CCCCC3C3CCC(C4CCCC4)CC3)CC2)CC1
C1CCC(C2CCCCC2C2CCC(CC3CC4CCCCC4C3)CC2)CC1
C1CCC(CC2CCCC(CCCC3CCCC(C4CCCCC4)C3)C2)CC1
C1CCC(CC2CCC(C3CCCC(C4CCCCC4C4CCCC4)C3)CC2)CC1
C1CCC(C2CC(C3CCCCC3)C3CCCCC23)CC1
C1CCC(CC2CCC(C3CCCC(CC4CC4)C3)C(CC3CCCCC3)C2)CC1
C1CCC(CC2CCC(C3CCCCC3C3CCCC3)C(C3CCCC3)C2)CC1
C1CCC(C2CCC(C3CCC(C4CCC5CCCC5C4)CC3)CC2)CC1
C1CCC(CC2CCC(CC3CCC(C4CCCCC4)CC3)CC2)CC1
C1CCC(CCCC2CCCCC2C2CCC(CC3CCCCC3)CC2)CC1
C1CCC(CCC2CCCC(CCC3CCCCC3)C2)CC1
C1CCC(CCC2CCCC(C3CCCC(C4CCC(CC5CCCCC5)CC4)C3)C2)CC1
C1CCC(CCCC2CC(C3CCCCC3)CCC2C2CCCCC2)CC1
C1CCC(CCCC2CCCC(CCC3CCC(C4CCC(C5CCCCC5)CC4)CC3)C2)CC1
C1CCC(CCC2CCC(CC3CCCCC3)CC2C2CCC(C3CCCCC3)CC2)CC1
C1CCC(CC2CCCC(CC3CC(C4CCCC(C5CCCC5)C4)C4CCCCC34)C2)CC1
C1CCC(C2CCCC(C3CCCCC3)C2)CC1
C1CCC(CCC2CCC(C3CCC4CCCC4C3)CC2)CC1
C1CCC(CC(CC2CCCCC2)C2CCCCC2)CC1
C1CCC(CC2CCC(C3CCCCC3CCCC3CC3)CC2)CC1
C1CCC(CC2CC(C3CCCCC3)CC(C3CC3)C2)CC1
C1CCC(C2CCC(C3CCCC4CCCCC43)CC2)CC1
C1CCC(CCCC2CCCCC2CC2CCCCC2)CC1
C1CCC(C2CC(CCCC3CCCC(CC4CCC(CC5CCC5)CC4)C3)C3CCCCC32)CC1
C1CCC(C2CCC(C3CCCCC3)CC2)CC1
C1CCC(CCCC2CCC(CCC3CCCC(C4CCCCC4)C3)CC2)CC1
C1CCC(CCC2CCC3CC(CCC4CCCCC4)CC3C2)CC1
C1CCC(C2CCCCC2CC2CCCC2)CC1
C1CCC(CCCC2CCC(CC3CCCCC3)CC2)CC1
C1CCC(CCC2CCCCC2C2CCC(CC3CCCC(C4CCCC4)C3)CC2)CC1
C1CCC(CCC2CCCC(CCC3CCCCC3CC3CCCCC3)C2)CC1
C1CCC(CCCC2CCC(C3CCCCC3)CC2CCCC2CC2)CC1
C1CCC(CCCC2CCCC(C3CCCCC3)C2)CC1
C1CCC(C2CCC(C3CCCCC3)CC2)CC1
C1CCC(CC2CCC(CCC3C(C4CCCCC4)CC(C4CCCCC4)CC3C3CC3)CC2)CC1
C1CCC(C2CCCC(C3CCCCC3C3CCCCC3)C2)CC1
C1CCC(C2CCCC(C3CCCCC3)C2)CC1
C1CCC(CCCC2CCC(CC3CCCCC3)CC2)CC1
C1CCC(C(C2CCCCC2)C2CCC(CCC3CC4CCCCC4C3)CC2)CC1
C1CCC(CC2CCCC(C3CCCC(C4CCCC(C5CC5)C4)C3)C2)CC1
C1CCC(CCCC2CCC(C3CCCCC3)CC2)CC1
C1CCC(CC2CCCCC2CCCC2CCC(C3CCCC3)CC2)CC1
C1CCC(CC(C2CCCCC2)C2CCCCC2)CC1
C1CCC(CC2CCC(C3CCCCC3)CC2C2CCCCC2)CC1
C1CCC(CC2CCCC(CCCC3CCCC(C4CCCCC4)C3)C2)CC1
C1CCC(CCCC2CCCCC2CC2CCCCC2)CC1
C1CCC(CC2CC(C3CCCCC3C3CCCCC3C3CCCC3)C3CCCCC23)CC1
C1CCC(CC2CCCCC2C2CCCC2C2CC(C(C3CCCCC3)C3CCCCC3)C3CCCCC23)CC1
C1CCC(CC2CCC(C3CCCCC3)CC2)CC1
C1CCC(C2CCCC(CC3CCCC(C4CCC(CC5CC6CCCCC6C5)CC4)C3)C2)CC1
C1CCC(CC2CCCC(C3CCCCC3)C2)CC1
C1CCC(CCCC2CCCC3CCC(C4CC5CCCCC5C(C5CCCCC5)C4)C23)CC1
C1CCC(CCCC2CCCC(C3CCCCC3)C2)CC1
C1CCC(CCCC2CCCC(C3CCCCC3)C2)CC1
C1CCC(C2CCCC(C3CCC4C(CCCC4C4CCCC5CCCCC54)C3)C2)CC1
C1CCC(C2CCC(C3CCCC(C4CCCCC4)C3)CC2)CC1
C1CCC(C2CCC(C3CCCC(C4CCCCC4C4CCCC(C5CCCCC5)C4)C3)CC2)CC1
C1CCC(CCC2CCC(C3CCC(C4CCCCC4)CC3)CC2)CC1
C1CCC(CCCC2CCC(CC3CCCCC3)CC2)CC1
C1CCC(CC2CCCC(C3CCC(C4CCCCC4)C3)C2)CC1
C1CCC(CC2CCC(C3CC(C4CCCCC4)C3)CC2)CC1
C1CCC(CC2CCC(C3CCCCC3CC3CCCCC3)CC2)CC1
C1CCC(CCC2CCC(CC3CCCCC3)CC2)CC1
C1CCC(CCC(CC2CCC(CCC3CCC4CCCC4C3)CC2)C2CCCCC2)CC1
C1CCC(CCCC2CCCCC2C2CCCCC2C2CCC3CCCC3C2)CC1
C1CCC(CCC2CCC(CC3CCCCC3)CC2)CC1
C1CC2CCC(C3CCCCC3CC3CCCCC3C3CCCC3)CC2C1
C1CCC(C2CCC(CC3CCC(C4CCCC(C5CCCCC5)C4)CC3)CC2)CC1
C1CCC(C2CCCC(CCC3CCCCC3C3CCCCC3)C2)CC1
C1CCC(CCC2CC(C3CCCCC3)CCC2C2CCCCC2)CC1
C1CCC(C2CCCCC2CCC2CC3CCCCC3C2)CC1
C1CCC(CCC2CC(CC3CCCCC3)CCC2CC2CCC3CCCCC32)CC1
C1CCC(C2CCCCC2C2CCC(C3CC4CCCCC4C3)CC2)CC1
C1CCC(C2CCCC(C3CCCC3)C2)CC1
C1CCC(CC2CCCC(CC3CCCC(CCC4CCC(C5CC6CCCCC6C5)CC4)C3)C2)CC1
C1CCC(CC2CCCC(CCC3CCC4CCCCC4C3)C2)CC1
C1CCC(CC2CCC(CC3CCCC(C4CCC5CCCCC54)C3)CC2)CC1
C1CCC(CC2CCCC(CCC3CC4CCCCC4C3)C2)CC1
C1CCC(C2CCC(CC3CCCCC3C3CCCC3)CC2)CC1
C1CCC(CCCCC2CCCCC2C2CCC(C3CCCCC3)CC2)CC1
C1CCC(CCC2CCC(C3CCCCC3)CC2)CC1
C1CCC(CCC2CCC(C3CCCC(CC4CCCCC4)C3)CC2)CC1
C1CCC(C2CCC(C3CCCC4CCCCC43)CC2)CC1
C1CCC(CCCC2CCC(C3CCC(C4CCCC(CC5CCCCC5)C4)CC3)CC2)CC1
C1CCC(C2CCCC(C3CCC(C4CCCCC4C4CCC(C5CC5)CC4)C3)C2)C1
C1CCC(C2CCCC(CC3CCCC(C4CCCC(C5CC5)C4)C3)C2)CC1
C1CCC(C2CCCC(C3CCCC(CC4CCCC(C5CCC6CCCCC6C5)C4)C3)C2)CC1
C1CCC(CCCC2CCC(CC3CCCCC3C3CCCCC3)CC2)CC1
C1CCC(CC2CCC(CC3CCCC(C4CCCCC4)C3)CC2)CC1
C1CCC(C2CCCCC2CCC2CCCC(CC3CCCCC3C3CCCC3)C2)CC1
C1CCC(CC2CCC(CCC3CCC(C4CCCCC4)CC3)CC2)CC1
C1CCC(C2CCC(CC3CCC(C4CCCCC4)CC3)CC2)CC1
C1CCC(CCC2CCC(CC3CCCCC3)CC2)CC1
C1CCC(CC2CCCC(C3CCCC(C4CCCCC4)C3)C2)CC1
C1CCC(CC2CCC(C3CCCC(C4CC5CCCCC5C4)C3)CC2)C1
C1CCC(CC2CCC(C3CCCCC3C3CCCC3)CC2)CC1
C1CCC(CCC2CCC(C3CCCCC3)CC2)CC1
C1CCC(CCCC2CCC(CC3CCC(CC4CCCC(CC5CCCCC5)C4)CC3)CC2)CC1
C1CCC(CC2CCC(C3CCCC(C4CCCCC4CC4CCCCC4)C3)C2)CC1
C1CCC(CC2CCCC(CC3CCC(C4CCC5CCCCC54)CC3)C2)CC1
C1CCC(CCCC2CC(C3CCCCC3)C3CC(CC4CCCCC4)CCC23)CC1
C1CCC(C2CCC(C3CCCCC3)CC2)CC1
C1CCC(C2CCCC(C3CCC(C4CCCCC4C4CCCCC4)CC3)C2)CC1
C1CCC(CC2CCCCC2)CC1
C1CCC(C2CCC(C3CCC4CCCCC43)CC2C2CCCCC2)CC1
C1CCC(CC2CCCC(C3CCC(C4CCCCC4)CC3)C2)CC1
C1CCC(CC2CCC(CCC3CCC(CC4CCC(C5CCCCC5)CC4)CC3)CC2)CC1
C1CCC(CCCC2CCCC(CC3CCCCC3)C2)CC1
C1CCC(C2CCCC(C3CCCCC3)C2)CC1
C1CCC(CC2CCC(CC3CCCCC3)CC2)CC1
C1CCC(C2CC(C3CCCC3)CC(C3CCCC(CCCC4CCCC4)C3)C2)CC1
C1CCC(CC2CCCC(C3CCCCC3)C2)CC1
C1CCC(CCCCC2CCC(CCC3CCCCC3)CC2)CC1
C1CCC(CCCC2CCC(C3CCC(CCC4CCC(C5CCCC5)CC4)CC3)CC2)CC1
C1CCC(C2CCCC(C3CCCCC3)C2)CC1
C1CCC(CC2CCC(C3CCCCC3)C(CCC3CC4CCCCC4C3)C2)CC1
C1CCC(CCCC2CCCCC2C2CCC(CC3CCCCC3)CC2)CC1
C1CCC(CCCC2CCC(CC3CCCCC3)CC2)CC1
C1CCC(CCCC2CCCCC2)CC1
C1CCC(C2CCC(C3CCC(C4CCCC4)CC3)CC2CCC2CC3CCCCC3C2)CC1
C1CCC(CC2CCCCC2CCC2CCCC(C3CCCCC3)C2)CC1
C1CCC(C2CC3CCCCC3C(C3CCCCC3)C2)CC1
C1CCC(CC2CCCCC2)CC1
C1CCC(C2CCCC(CC(C3CCCCC3)C3CCCCC3)C2)CC1
C1CCC(C2CCCC(CCCC3CC(C4CCCCC4)CC(C4CC4)C3)C2)CC1
C1CCC(C2CCC(C3CCCCC3)C(C3CCC4CCCC4C3)C2)CC1
C1CCC(CC2CCCC(C3CCC(C4CCC(CCC5CCC6CCCCC65)CC4)CC3)C2)CC1
C1CCC(C2CCCC(CCC3CCCC(CC4CC5CCCCC5C4)C3)C2)CC1
C1CCC(CC2CCC(C3CCCC4CC(C5CCCCC5)CCC43)CC2)CC1
C1CCC(C2CCCCC2C2CCCCC2CCC2CCCC2)CC1
C1CCC(CC2CCCC(CC3CCCC(CC4CCC5CCCC(C6CCCCC6)C5C4)C3)C2)CC1
C1CCC(CC2CC(C3CCCCC3)CCC2C2CCCC2)CC1
C1CCC(CC2CCC(CC3CCCC(C4CCCCC4)C3)C(C3CCCC3)C2)CC1
C1CCC(CC2CCC(CC3CCCCC3)CC2)CC1
C1CCC(CCC2CCCC(CC3CCC(CC4CCCCC4)CC3)C2)CC1
C1CCC(C2CC3CCC(C4CCCCC4)CC3C(C3CCCCC3)C2)CC1
C1CCC(CC2CCC(CCC3CCCC(C4CCCCC4)C3)CC2)CC1
C1CCC(CC2CCC(C(C3CCCCC3)C3CCCCC3CC3CCCCC3)CC2)CC1
C1CCC(CC2CCC(C3CCC(C4CCCCC4)C3)CC2)CC1
C1CCC(C2CC(C3CCCCC3)C3CCCCC23)CC1
C1CCC(CC2CCC3CC(C4CCCCC4)CCC23)CC1
C1CCC(CC2CCC(CC3CCCCC3)CC2)CC1
C1CCC(CC2CCC(CC3CCCCC3)C(C3CCCCC3)C2)CC1
C1CCC(C2CCC(CCCC3CCCC(CC(C4CCCCC4)C4CCCCC4)C3)C2)CC1
C1CCC(CCCC2CCC(CC3CCCC(CC4CCC(CC5CC5)CC4)C3)CC2)CC1
C1CCC(CCC2CCC(CC3CCCCC3)CC2)CC1
C1CCC(CC2CCC(C3CCCC(CC4CCCC4)C3)CC2)CC1
C1CCC(CC2CCCC(CCC3CCCC(C4CCCC(C5CCCCC5)C4)C3)C2)CC1
C1CCC(CC2CCCCC2)CC1
C1CCC(CCC2CCC(CCC3CCCCC3)CC2)CC1
C1CCC(CC2CCC(C3CCCCC3)CC2)CC1
C1CCC(CC2CCCC(C3CCCCC3)C2)CC1
C1CCC(CCC2CCCC(C3CCC(CC4CCC(C5CCCC5)CC4)CC3)C2)CC1
C1CCC(CC2CCC(C3CCCCC3CCCCC3CCC4CCCCC34)CC2)CC1
C1CCC(CC2CCCCC2)CC1
C1CCC(C2CCCC(C3CCCCC3)C2)CC1
C1CCC(C2CC(CC3CCC(CC4CC4)CC3)CCC2CCC2CCCC2)CC1
C1CCC(CC2CCC(CCCC3CCCC(C4CCCCC4)C3)CC2)CC1
C1CCC(CCCCC2CCC(C3CCC(C4CCCCC4)CC3)CC2)CC1
C1CCC(C2CCCC(C3CCC4CCCCC43)C2)CC1
C1CCC(CC2CC(CCCC3CCC(C4CCCCC4)CC3)C3CCCCC23)CC1
C1CCC(C2CCCCC2CCC2CCC(CC3CCCCC3C3CCCC3)CC2)CC1
C1CCC(CC(C2CCCCC2)C2CCCCC2)CC1
C1CCC(C2CCC(C3CCCCC3C3CCC4CCCC4C3)C(C3CCCCC3)C2)CC1
C1CCC(CCC2CCC(C3CCC(CC4CCCCC4)CC3)CC2)CC1
C1CCC(CCCC2CCC(C3CCCC(C4CCCCC4)C3)CC2)CC1
C1CCC(CC2CCCC(C3CCCCC3)C2)CC1
C1CCC(CCC2CCCC(C3CCCCC3CC3CC3)C2)CC1
C1CCC(C2CCC3CC(C4CCC5CCCCC54)CC(C4CCCCC4)C3C2)CC1
C1CCC(CC2CC(C3CCCCC3)CC(C3CCCC3)C2)CC1
C1CCC(C2CCC(CC3CCCCC3C3CCCCC3)CC2)CC1
C1CCC(CC2CCCCC2)CC1
C1CCC2C(C1)CCC2C1CC2CCCCC2C(C2CC2)C1
C1CCC(CC2CCC(CC3CCC(C4CCC(C5CCCCC5)CC4)CC3)CC2)CC1
C1CCC(C2CCC(C3CCCCC3C3CCCCC3)CC2)CC1
C1CCC(C2CCC(CCC3CCCC(C4CCCCC4)C3)CC2)CC1
C1CCC(CCC2CCCC(C3CCC4C(CCC4C4CCCCC4)C3)C2)CC1
C1CCC(CC2CCCCC2C2CCCCC2)CC1
C(CCC1CCC(CC2CCCCC2)CC1)CCC1CCC(C2CCCCC2)CC1
C1CCC(CC2CCC(C3CC(CC4CCCCC4)CCC3C3CCCCC3)C2)CC1
C1CCC(CCCCC2CCC(C3CCCCC3)CC2)CC1
C1CCC(CC2CCC(C3CCCCC3)CC2)CC1
C1CCC(CCCCCC2CCC(C3CCCCC3)CC2)CC1
C1CCC(CC2CCCC(CCC3CCCC(C4CCCCC4)C3)C2)CC1
C1CCC(CCC2CCCC(C3CCCCC3CC3CCCCC3)C2)CC1
C1CCC(C2CCC(CCCC3CCC(CCCC4CCC5CCCC5C4)CC3)C2)CC1
C1CCC(CC2CCCC(C3CCCCC3)C2)CC1
C1CCC(CC2CC(CC3CCCCC3CCC3CC3)CCC2CCC2CCCC2)CC1
C1CCC(C2CCC(CC3CCCC(CCCC4CCCCC4C4CCCCC4)C3)CC2)CC1
C1CCC(CC2CCCC(C3CCCCC3)C2)CC1
C1CCC(C2CCCCC2C2CCC(C3CCCC3)CC2)CC1
C1CCC(CCCCC2CC3CCCCC3C2)CC1
C1CCC(CC2CCCCC2CCC2CCCC(C3CCCCC3)C2)CC1
C1CCC(C2CCCCC2C2CCCCC2)CC1
C1CCC(CCCCC2CCC(CC3CCCCC3)CC2)CC1
C1CCC(CCC2CCC3CC(CCC4CCCC4)CC(C4CCCCC4)C3C2)CC1
C1CCC(C2CCC(CCCCC3CC3)C2)CC1
C1CCC(C2CCC(CCCC3CCCC(C4CCCCC4)C3)CC2)CC1
C1CCC(CC2CCCCC2CC2CCCCC2)CC1
C1CCC(C2CCCC(CC3CCC(CCCC4CCC(CCC5CC5)CC4)CC3)C2)CC1
C1CCC(CC2CCC(CC3CCCC(C4CCCCC4)C3)CC2)CC1
C1CCC(C2CCCCC2)CC1
C1CCC(C2CCCCC2CCC2CCCCC2C2CCCCC2)CC1
C1CCC(C2CCC3C(CCCC3C3CCCC(C4CCCCC4C4CCCCC4C4CCCC4)C3)C2)CC1
C1CCC(CCC2CCC(C3CCCCC3)CC2)CC1
C1CCC(CC(C2CCCCC2)C2CCCCC2C2CCC(C3CCCC3)CC2)CC1
C1CCC(C2CCCCC2)CC1
C1CCC(C2CCCC(CCC3CCC(CC4CC5CCCCC5C4)CC3)C2)CC1
C1CCC(CC(CC2CCCC2)C2CCC(C3CCC(C4CCCCC4)CC3)CC2)CC1
C1CCC(CC2CCCCC2C2CCC3C(CCC3C3CCC4CCCC4C3)C2)CC1
C1CCC(CC2CCCC(C3CCCCC3)C2)CC1
C1CCC(CC2CCCCC2C2CCCC(C3CCCCC3CCC3CC4CCCCC4C3)C2)CC1
C1CCC(C2CC(CCCC3CC4CCCCC4C3)C3CCCCC32)CC1
C1CCC(CCC2CCC(C3CCC(CC4CCC(CC5CCCC5)C4)CC3)CC2)C1
C1CCC(CCCCCC2CCCC(CC3CCCCC3)C2)CC1
C1CCC(CC2CCC(CC3CCC(C4CCCCC4)CC3)CC2)CC1
C1CCC(C2CC(CC3CCCC(CC4CCCC4)C3)CC(C3CC3)C2)CC1
C1CCC(CC2CCCC(C3CCCC(C4CCCCC4)C3)C2)CC1
C1CCC(CCCC2CCCC(CCC3CC3)C2)CC1
C1CCC(CC2CCC(C3CCCCC3)C(C3CCCCC3)C2)CC1
C1CCC(CC2CCCC(C3CCCC(C4CCC5CC(C6CC6)CCC5C4)C3)C2)CC1
C1CCC(CC2CCCC(C3CCC(C4CC4)CC3C3CCCC3)C2)CC1
C1CCC(CCC2CCC(C3CCCCC3)CC2)CC1
C1CCC(CC2CCCC(CCC3CC4CCCCC4C3)C2)CC1
C1CCC(CC2CCCC(C3CCC(CC4CCCCC4C4CCCC4)CC3)C2)C1
C1CCC(C2CCCC(C3CCCC(CC4CC5CCCCC5C4)C3)C2)CC1
C1CCC(C2CCC(C3CCC(C4CCCC(C5CC6CCCCC6C5)C4)CC3)CC2)CC1
C1CCC(C2CCCC(C3CCCC4CCCCC43)C2)CC1
C1CCC(CCC2CCC(CC3CCC(C4CCCCC4CC4CCCCC4)C3)CC2)CC1
C1CCC(CC2CCC(CC3CC3)CC2C2CCCCC2C2CCC3CCCC3C2)CC1
C1CCC(CC2CCC(CC3CCC(CCCC4CCCCC4C4CCCCC4)CC3)CC2)CC1
C1CCC(C2CC(C3CCCCC3)CC(C3CCCC3)C2)CC1
C1CCC(CC2CCC(CCC3CCCCC3C3CCC4CCCC4C3)CC2)CC1
C1CCC(C2CC(C3CCCCC3)C3CCCCC23)CC1
C1CCC(CC2CCCC(C3CCCC(C4CCC4)C3)C2)CC1
C1CCC(C2CC(C3CCC4CCCC4C3)C3CCCCC23)CC1
C1CCC(C2CCCC(C3CCCCC3)C2)CC1
C1CCC(CCC2CCCCC2CC2CCCCC2)CC1
C1CCC(CCCC2CCC(CC3CCCCC3)CC2)CC1
C1CCC(CC2CCCCC2)CC1
C1CCC(C2CC(C3CCCCC3)CC(C3CCCC3)C2)CC1
C1CCC(C2CCC(C3CCC(C4CCC(CC5CC6CCCCC6C5)CC4)CC3)CC2)CC1
C1CCC(CCCCCC2CCC3CC(C4CCC5CCCCC54)CC(CC4CCCCC4)C3C2)CC1
C1CCC(CCCC2CCC(CC3CCCCC3)CC2)CC1
C1CCC(CCCCC2CCC(CCCC3CCC(CC4CCCCC4)CC3)CC2)CC1
C1CCC(C2CCC(C3CCCC(C4CCCC(C5CCCC5)C4)C3)CC2C2CCCCC2)CC1
C1CCC(CC2CCCC(C3CCCCC3)C2)CC1
C1CCC(C2CCC(C3CCC4CCCCC43)CC2C2CCCCC2)CC1
C1CCC(CCC2CC(CC3CCCCC3)CC(C3CCCCC3)C2)CC1
C1CCC(CC2CCC(C3CCC(C4CCCC4)CC3)CC2)CC1
C1CCC(C2CCCCC2CC2CCC(CC3CCC(CC4CCCC4)CC3)CC2)CC1
C1CCC(CCCC2CC(CC3CCCCC3)CCC2C2CCCCC2)CC1
C1CCC(CC2CCC(C3CC(C4CCC5CCCCC54)CC4CCCCC43)CC2)CC1
C1CCC(CC2CCCC(C3CCCCC3C3CCCCC3C3CCCC3)C2)CC1
C1CCC(CCC2CCC(CC3CCC4CCCCC4C3)CC2)CC1
C1CCC(C2CCC(CC3CCC(CC4CC5CCCCC54)CC3)CC2)CC1
C1CCC(C2CCCCC2C2CCC3CCCCC3C2)CC1
C1CCC(CCC2CCC(C3CCCCC3)CC2)CC1
C1CCC(C2CCC(C3CCCC(C4CCCCC4)C3)CC2)CC1
C1CCC(CCC2CCC(C3CCCC(C4CCC(CCC5CCCC5)CC4)C3)CC2)CC1
C1CCC(CC2CCC(CC3CCCCC3)CC2)CC1
C1CCC(C2CCCCC2C2CCCC(C3CCCCC3CCC3CC3)C2)CC1
C1CCC(CCC2CCCC(C3CCCCC3)C2)CC1
C1CCC(CC(C2CCCCC2)C2CCCC(C3CCCCC3)C2)CC1
C1CCC(CC2CCCC(C3CCCC(C4CCCC(CC5CCCC5)C4)C3)C2)CC1
C1CCC(CC2CCC(C3CCCCC3)CC2)CC1
C1CCC(CC2CCCC(C3CCCCC3)C2)CC1
C1CCC(CC2CCCCC2CCC2CCC(C3CCCC3)CC2)CC1
C1CCC(CCCC2CCC(C3CCCCC3)CC2)CC1
C1CCC(CCC2CCC(CCCC3CCCC(CC4CCCCC4)C3)CC2)CC1
C1CCC(CCCCC2CCC(CC3CCCC(C4CCCCC4)C3)CC2)CC1
C1CCC(CC2CCC3CCC(CCCC4CCCCC4C4CCCCC4)CC32)CC1
C1CCC(CCCC2CCCC(CC3CCCCC3)C2)CC1
C1CCC(CCCC2CCC(CCC3CC(CCC4CCCCC4)C4CCCCC34)CC2)CC1
C1CCC(CCCC2CCC(CC3CCCCC3)CC2CCC2CCCC3CCCCC32)CC1
C1CCC(C2CCC(C3CC(C4CCCCC4)C4CCCCC34)CC2)CC1
C1CCC(C2CC(C3CCC4CCCCC43)CC3CCC(CC4CC(C5CCCCC5)C5CCCCC45)CC32)CC1
C1CCC(C2CCC(CCC3CCCCC3C3CCC4CCCC4C3)CC2)CC1
C1CCC(CC2CCCCC2C2CCCC(CC3CCCCC3C3CCCC3)C2)CC1
C1CCC(CCC2CCC3CCC(C4CCCCC4)CC3C2)CC1
C1CCC(CC2CCC(CC3CCCC(C4CCCCC4)C3)CC2)CC1
C1CCC(CCCC2CCCC(C3CCCCC3C3CCCCC3)C2)CC1
C1CCC(CCCC2CC(CC3CCCCC3)CCC2CC2CCCCC2)CC1
C1CCC(CC2CCC(CC3CCCCC3)CC2)CC1
C1CCC(CCC2CCCC(C3CCCC(C4CCCC4)C3)C2)CC1
C1CC(CC2CCC(CC3CCCC(C4CCC5CCCC5C4)C3)CC2)C1
C1CCC(CCCC2CCCCC2)CC1
C1CCC2CC(C3CCCC(C4CCCC4C4CCCC5CCCCC54)C3)CC2C1
C1CCC(C2CC(C3CCC4CCCCC43)CC3CCCCC32)CC1
C1CCC(C2CCCCC2C2CCCCC2)CC1
C1CCC(C2CCCC(CCCCC3CCCC3)C2)CC1
C1CCC(CC2CCC(C3CCC(C4CCCC(C5CCCCC5)C4)CC3)CC2)CC1
C1CCC(CC2CCC(C3CCC(CC4CCC(C5CCC6CCCC6C5)CC4)CC3)CC2)C1
C1CCC(C2CCCC3CCC(CCC4CCCC4)CC32)CC1
C1CCC(CCC2CCCCC2C2CCCC(C3CCCCC3)C2)CC1
C1CCC(CCCC2CCC(CCC3CCCCC3)CC2)CC1
C1CCC(CC2CCCC(C3CCCCC3CC3CCCCC3)C2)CC1
C1CCC(CC2CCC(CCCC3CCC(C4CCCC(CC5CC6CCCCC6C5)C4)CC3)CC2)CC1
C1CCC(C2CCCC(C(CCC3CCCC(C4CCC4)C3)C3CCCCC3)C2)CC1
C1CCC(CC2CCC(CCCCCC3CC4CCCCC4C(C4CCCCC4)C3)CC2)CC1
C1CCC(CCCC2CCCCC2C2CCC(C3CCCCC3)CC2)CC1
C1CCC(CC2CCC(C3CCCCC3CCCC3CCCC3)CC2)CC1
C1CCC(CC2CCC(C3CCC(C4CCCCC4)CC3)CC2)CC1
C1CCC(CC2CCCC(C3CCC(C4CC4)CC3)C2)CC1
C1CCC(C2CCC(CC3CCC(CCC4CCCC(C5CCCCC5)C4)CC3)CC2)CC1
C(CCCC1CCCCC1)CCCC1CCCC(CC2CCCCC2)C1
C1CCC(CC2CCC(C3CCCCC3)CC2C2CCCCC2)CC1
C1CCC(CCCC2CCCC(C3CCCC(C4CC5CCCCC5C4)C3)C2)CC1
C1CCC(C2CCCC(C3CC(C4CCCCC4)CC(C4CCCC4)C3)C2)CC1
C1CCC(CCC2CCCC(CC3CCC4CCCCC43)C2)CC1
C1CCC(CC2CCCC(CCCC3CCC(CC4CC4)CC3)C2)CC1
C1CCC(CCC2CCC(C3CCCCC3)C(C3CCCCC3)C2)CC1
C1CCC(CCCCC2CCC(CCCC3CCCCC3)CC2)CC1
C1CCC(CC2CCCCC2C2CCC(CCC3CCCC3)CC2)CC1
C1CCC(C2CCC(CC3CCCCC3C3CCCCC3)CC2)CC1
C1CCC(CCCC2CCC(C3CC(CCC4CCCCC4)C4CCCCC43)CC2)CC1
C1CCC(CCC2CC(C3CCCCC3)CCC2C2CCCCC2C2CCCC2)CC1
C1CCC(CC2CCCC(CCCC3CCC(C4CCCCC4)CC3)C2)CC1
C1CCC(CC2CCCC(CC3CCC(C4CCCCC4)CC3)C2)CC1
C1CCC(CCC2CC(C3CCCCC3)CC(C3CCCCC3)C2)CC1
C1CCC(CC2CCCCC2CCC2CCCCC2C2CCCCC2)CC1
C(CCCC1CCC(C2CCCCC2)CC1)CCC1CCC(CC2CCCCC2)CC1
C1CCC(CCCC2CCC(CC3CCCCC3C3CCCC3)CC2C2CCCC2)CC1
C1CCC(C2CCC(C3CC(C4CCCCC4)CC(C4CC4)C3)CC2)CC1
C1CCC(CC2CCCC(CCCC3CCCC(C4CCCCC4)C3)C2)CC1
C1CCC(C2CCC3CC(C4CCC5CCCCC54)CC(C4CCCCC4)C3C2)CC1
C(CCCC1CCCCC1)CCCC1CCC(CCC2CCC(C3CCCCC3)CC2)CC1
C1CCC(C2CCCC(CCCC3CCCC(C4CCCC4)C3)C2)CC1
C1CCC(CCCCC2CCC(C3CCCC(C4CCCCC4)C3)CC2)CC1
C1CCC(CC2CCCC(C3CC(CCC4CCCC4)CC(CC4CCCCC4)C3)C2)CC1
C1CCC(C2CCC(C3CCC(C4CCCC(C5CC5)C4)C(C4CCCCC4)C3)CC2)CC1
C1CCC(CC2CC(CC3CCCC(C4CCCCC4)C3)C3CCCCC23)CC1
C1CCC(CC2CCC(CC3CCC(CC4CCCC4)CC3)C(CC3CCCCC3)C2)CC1
C1CCC(CC2CCCCC2C2CCCCC2)CC1
C1CCC(CC2CCC(CCC3CCCC(C4CCCCC4)C3)CC2)CC1
C1CCC(CCC2CC(CC3CCCCC3)CCC2CC2CCCCC2)CC1
C1CCC(C2CCCC(CC3CC(C4CC4)CC(C4CCCCC4C4CCCC4)C3)C2)CC1
C1CCC(CC2CCC(CC3CCC(CC4CCCCC4)C3)CC2)CC1
C1CCC(CC2CCCC(CC3CCCCC3CC3CCCCC3)C2)CC1
C1CCC(CCC2CCC(CCC3CCCCC3)CC2)CC1
C1CCC(CCC2CCC(CCCC3CC4CCCCC4C3)C(C3CCCCC3)C2)CC1
C1CCC(CCC2CCC3CC(CC4CCCCC4)CCC3C2)CC1
C1CCC(C2CCCC(C3CCCC(CC4CCCC4)C3)C2)CC1
C1CCC(CC2CCCC(C3CCCC(CCCC4CCC(C5CCCC5)CC4)C3)C2)CC1
C1CCC(C2CCC3CC(C4CCCC(C5CCCC5)C4)CCC32)CC1
C1CCC(C2CCC(CCC3CC4CCCCC4C3)CC2)CC1
C1CCC(CCC2CCC(CC3CCCCC3)C(C3CCC(C4CCCCC4C4CCCC4)CC3)C2)CC1
C1CCC(CC2CCC(C3CCCC(C4CCCC4)C3)C(C3CCCCC3)C2)CC1
C1CCC(CCCCCC2CCC(C3CCCCC3)CC2CCC2CCCCC2)CC1
C1CCC(CC2CCC(C3CCCC(C4CCCCC4)C3)CC2)CC1
C1CCC(C2CCC(CC3CCCC(C4CCCCC4)C3)CC2)CC1
C1CCC(CC2CCCCC2C2CCCCC2)CC1
C1CCC(CCC2CCCC(CC3CCCCC3)C2)CC1
C1CCC(CC2CCCC(CCCC3CCC(CCC4CC5CCCCC5C4)CC3)C2)C1
C1CCC(CC2CCC(C3CCC4CC(C5CC5)CC(C5CCCCC5)C4C3)CC2)CC1
C1CCC(CCCC2CC(CC3CCCCC3)C3CCCCC23)CC1
C1CCC(C2CCC(C3CCC4CCCCC4C3)C(C3CCC4CCCC4C3)C2)CC1
C1CCC(CC2CCC(C3CCCCC3)CC2)CC1
C(CCCC1CCCC(C2CCCCC2)C1)CCC1CCC(CC2CCCCC2)CC1
C1CCC(CC2CCC(C3CCCCC3)CC2)CC1
C1CCC(C2CCCCC2CC2CCCC(C3CCC4CCCCC43)C2)CC1
C1CCC(CC2CCCC(C(C3CCCCC3)C3CCCCC3C3CC4CCCCC4C3)C2)CC1
C1CCC(CC2CCC(C3CC(C4CCCC4)C4CCCCC34)CC2)CC1
C1CCC(CC2CCCCC2CC2CCCC(C3CCCCC3)C2)CC1
C1CCC(CC2CCC(CC3CCCC(CC4CCCCC4)C3)CC2)CC1
C1CCC(CC2CCC(C3CCCCC3)CC2)CC1
C1CCC(C2CCCC(C3CCCC(CC4CC5CCCCC5C4)C3)C2)CC1
C1CCC(C2CCCCC2C2CCCCC2)CC1
C1CCC(CC2CC(C3CCCCC3)CC(C3CCCC(C4CCCCC4)C3)C2)CC1
C1CCC(CCC2CCC3C(CC4CCC(CC5CCC(C6CC6)CC5)CC4)CCC3C2)CC1
C1CCC(CC2CCC(CCC3CC(CC4CCCCC4)C4CCCCC34)CC2)CC1
C1CCC(CCCCCC2CC(C3CCCCC3)C3CCCCC23)CC1
C1CCC(C2CCCCC2C2CCCC2)CC1
C1CCC(CC2CCC3CC(C4CCC5CCCCC54)CC(C4CCCCC4)C3C2)CC1
C1CCC(CC2CCC(C3CCCCC3CC3CCCCC3)CC2)CC1
C1CCC(CC2CCC(CC3CCC(C4CCCCC4)C3)CC2)CC1
C1CCC(C2CCCCC2CC2CCCCC2C2CC(C3CCCCC3)C3CCCCC32)CC1
C1CCC(CCC2CCC(C3CCCCC3)CC2)CC1
C1CCC(CC2CCCC(CC3CC(C4CCCCC4)CC(C4CCCCC4)C3)C2)CC1
C1CCC(C2CCCC(C3CCC(C4CC5CCCCC5C4)CC3)C2)C1
C1CCC(CC2CCC(CCC3CCCC(C4CCCC4)C3)CC2)CC1
C1CCC(CCCCCC2CC3CCCCC3C(C3CCCCC3)C2)CC1
C1CCC(CC2CCC(C3CCCC(CCC4CCCCC4CC4CCCCC4)C3)CC2)CC1
C1CCC(C2CCCC(CCC3CCCCC3C3CCCCC3)C2)CC1
C1CCC(CCCC2CC(C3CC3)CCC2C2CCCCC2)CC1
C1CCC(CCCCCC2CCCC(C3CCCCC3)C2)CC1
C1CCC(CC2CCCCC2C2CCC(C3CCCCC3)CC2)CC1
C1CCC(C2CCCCC2C2CCCCC2)CC1
C1CCC(C2CCCC(CCC3CCCCC3C3CCC4CCCCC4C3)C2)CC1
C1CCC(C2CCCCC2C2CCC(C3CC4CCCCC4C3)C2)CC1
C1CCC(CCC2CCCC(CCC3CCCCC3)C2)CC1
C1CCC(C2CCC(CC3CC4CCCCC4C3)CC2C2CCCC2)CC1
C1CCC(C2CCC(CC3CCCC(C4CCCCC4)C3)CC2)CC1
C1CCC(CC2CCC(CC3CCCC(C4CC5CCCCC5C4)C3)CC2)CC1
C1CCC(C2CCC(C3CCCCC3)CC2)CC1
C1CCC(C2CCCC(C3CCC(C4CCCC(CC5CC5)C4)CC3)C2)CC1
C1CCC(CC2CCCC(CC3CCC(CC4CCC(C5CCCCC5)CC4)CC3)C2)CC1
C1CCC(CCC2CCC(C3CC4CCCCC4C3)CC2C2CCCCC2)CC1
C1CCC(CC2CCCC(CCC3CCC(CC4CCCC(C5CCC5)C4)CC3)C2)C1
C1CCC(CC2CCCC(C3CCCC(C4CCCCC4)C3)C2)CC1
C1CCC(C2CCCC3CC(C4CCCC5CCCCC54)CCC32)CC1
C1CCC(CCC2CC(CC3CCCCC3)CCC2C2CCCCC2)CC1
C1CCC(C2CC(C3CCCC(CC4CCC(C5CCCC5)CC4)C3)C3CCCCC23)CC1
C1CCC(CC2CCCC(C3CCC(C4CCCCC4)CC3)C2)CC1
C1CCC(CC2CCCC(CCC3CCC(C4CCCCC4)CC3)C2)CC1
C1CCC(C2CCC3C(C2)C(CC2CC4CCCCC4C2)CC3C2CCCCC2)CC1
C1CCC(C2CCC3CC(C4CCC5CCCCC54)CCC3C2)CC1
C1CCC(CCC2CCC(C3CCCCC3)CC2)CC1
C1CCC(CC2CCCC(C3CCCC(C4CCCCC4)C3)C2)CC1
C1CCC(CCC2CCC(C3CCCCC3)CC2CCC2CCCCC2)CC1
C1CCC(CC2CCCC(C3CCC(CC4CC5CCCCC5C4)CC3)C2)CC1
C1CCC(C2CCCCC2CC2CC(C3CCCCC3)C3CCCCC23)CC1
C1CCC(CC2CCCC(C3CCCCC3)C2)CC1
C1CCC(CCCC2CCC(C3CCC(C4CC(C5CCCCC5)C4)CC3)CC2)CC1
C1CCC(CC2CCCC(CC3CCCCC3C3CCCCC3)C2)CC1
C1CCC(CCCC2CC(C3CCCCC3)CC(C3CCCCC3)C2)CC1
C1CCC(CC2CCC(C3CCCC(C4CCCCC4C4CCCC4)C3)CC2)CC1
C1CCC(CCC2CC(CCCC3CCCC(C4CCCCC4CC4CC5CCCCC5C4)C3)C3CCCCC23)CC1
C1CCC(C2CCC(CC3CCCC(C4CCC4)C3)CC2)C1
C1CCC(CCCCC2CCCC(CC3CCCCC3)C2)CC1
C1CCC(CCCC2CCC(CC3CCC(C4CCCCC4)CC3)CC2)CC1
C1CCC(C2CCCC(C3CCC(C4CCCCC4)C(C4CCCC4)C3)C2)CC1
C1CCC(CC2CCC(CC3CCCC(C4CCCCC4)C3)CC2)CC1
C1CCC(C(C2CCCCC2)C2CCCC(CCC3CC4CCCCC4C3)C2)CC1
C1CCC(CCC2CCC3CC(C4CCC5CCCCC54)CC(C4CCCCC4)C3C2)CC1
C1CCC(CCCC2CCC(CC3CCC(CC4CCCCC4)CC3)CC2)CC1
C1CCC(CC2CCC(CC3CCCC(C4CCCC4)C3)CC2)CC1
C1CCC(C2CCCC(C3CCC(C4CCC(C5CCC6CCCCC65)CC4)CC3)C2)C1
C1CCC(C2CCC(C3CCCC(C4CCCC5CCCCC54)C3)CC2)CC1
C1CCC(C2CCC(CC3CCC(CC4CCC(C5CCCCC5)CC4)CC3)CC2)CC1
C1CCC(CCC2CCC(C3CCCCC3C3CCCCC3)CC2)CC1
C1CCC(CC2CC(C3CCCC(C4CCCC4)C3)CCC2CCCC2CCC(C3CCCCC3)CC2)CC1
C1CCC(CCCCC2CCCCC2CCCC2CCCCC2)CC1
C1CCC(CC2CCC(CCCCC3CCCC(C4CCCC4)C3)CC2)CC1
C1CCC(C2CCCCC2C2CCC3CCCCC3C2)CC1
C1CCC(CCC2CCCC(C3CCC(C4CCCC(C5CCC6CCCCC65)C4)CC3)C2)CC1
C1CCC(CC2CCC(C3CCCCC3)C(CC3CC4CCCCC4C3)C2)CC1
C1CCC(CC2CCCCC2C2CCC3CCCCC32)CC1
C1CCC(C2CCC(C3CCC(C4CCCCC4)CC3C3CCCC3)CC2)CC1
C1CCC(C2CCC(C3CCCC(C4CCC(C5CCCC5)CC4)C3)CC2)CC1
C1CCC(CCCC2CCCC3CCCCC32)CC1
C1CCC(CC2CCC(C3CCCCC3)CC2)CC1
C1CCC(CCC2CCCC(CC3CCCCC3CC3CCCCC3)C2)CC1
C1CCC(CCCC2CCC(C3CCC(C4CCCC4)CC3)CC2)C1
C1CCC(C2CCC(CCCC3CCCC(C4CCCCC4)C3)CC2)CC1
C1CCC(CC2CCCC(C3CC(C4CCCCC4)CCC3C3CCCC3)C2)CC1
C1CCC(CCC2CCCCC2CC2CCCCC2)CC1
C1CCC(C2CCC(C3CCCC(CC4CCC5CCCCC54)C3)C(C3CCCC3)C2)CC1
C1CCC(C2CCC(CC3CCCC(C4CCCCC4)C3)CC2)CC1
C1CCC(C2CCC(CCC3CCCCC3C3CCCCC3)CC2)CC1
C1CCC(C2CCCCC2C2CCC(C3CCCC3)CC2)CC1
C1CCC(C2CCC(C3CCCC3)C(C3CCCCC3)C2)CC1
C1CCC(C2CCC(CC3CCC(C4CCCC4)C3)CC2)CC1
C1CCC(CCC2CC(CC3CCCC(CC4CCCCC4)C3)C3CCCCC23)CC1
C1CCC(CC2CCC(CC3CCCCC3C3CCCC3)CC2C2CCCCC2)CC1
C1CCC(C2CCCC(C3CCC4C(CC5CCCC5)CC(C5CCCC5)C4C3)C2)CC1
C1CCC(CCC2CCC(CC3CCCCC3)CC2)CC1
C1CCC(CC2CCC(C3CCCCC3)CC2)CC1
C1CCC(CC2CCCC(C3CCCCC3C3CCCCC3C3CCCCC3)C2)CC1
C1CCC(CC2CCCCC2CC2CCCC(C3CC4CCCCC4C3)C2)CC1
C1CCC(C2CCCC(CC3CC(CC4CC4)CC(C4CCCCC4)C3)C2)CC1
C1CCC(C2CC(C3CCCCC3)C(C3CCC4CCCCC43)C(C3CCCC3)C2)CC1
C1CCC(CCC2CCC(C3CCCCC3)CC2)CC1
C1CCC(CCCCCC2CCCC(CC3CCCCC3)C2)CC1
C1CCC(CCC2CCC(CC3CCCCC3)CC2)CC1
C1CCC(C2CCC(C3CCCCC3)C(C3CCCCC3)C2)CC1
C1CCC(CCCCCC2CCCCC2)CC1
C1CCC(CCC2CCC(CC3CCCC(C4CCCC4)C3)C(C3CCC(C4CCCCC4)C3)C2)CC1
C1CCC(CC2CCCCC2CCCCC2CCC(C3CCCCC3)C(CC3CCCC3)C2)CC1
C1CCC(C2CCCC(C3CCCCC3)C2)CC1
C1CCC(CC2CCC(C3CCCCC3)CC2)CC1
C1CCC(CC2CCC(CCC3CCC(C4CCCCC4)CC3)CC2)CC1
C1CCC(CC2CCCC(C3CCCCC3)C2)CC1
C1CCC(C2CCC(C3CCCC(C4CCCC4)C3)CC2)C1
C1CCC(C2CCC(C3CCC(C4CCCCC4)CC3)CC2)CC1
C1CCC(CCCCC2CCCCC2CCCC2CCCCC2)CC1
C1CCC(CCCC2CCC(C3CCCCC3)CC2)CC1
C1CCC(C2CCCC(CC3CCCC(C4CCCCC4)C3)C2)CC1
C1CCC(C2CCCC(C3CCCCC3)C2)CC1
C1CCC(C2CCCCC2C2CC3CCCCC3C2)CC1
C1CCC(CC2CCC(C3CCCCC3C3CCCCC3)CC2)CC1
C1CCC(C2CCCC(C3CCCCC3)C2)CC1
C1CCC(C2CCCCC2C2CCC3CCCC3C2)CC1
C1CCC(C2CCC3CCC(C4CCCCC4)C3C2)CC1
C1CCC(CC2CCC(C3CCCC(C4CCC(C5CCCCC5)CC4)C3)CC2)CC1
C1CCC(CC2CCC3C(CCC3C3CCCCC3)C2)CC1
C1CCC(CCCC2CCCCC2C2CCC(CCC3CCCCC3)CC2)CC1
C1CCC(CC2CCC(C3CCCC3)C(C3CC3)C2)CC1
C1CCC(C2CC(C3CCCC(CCC4CC4)C3)CC3CCCCC32)CC1
C1CCC(CC2CCCC(C3CCC(C4CCCC(C5CCCC5)C4)CC3)C2)CC1
C1CCC(C2CCC(C3CCCC(C4CCC(C5CCC5)CC4)C3)CC2)C1
C1CCC(CCCC2CCCC(CCC3CCCCC3)C2)CC1
C1CCC(CCCCC2CCC(CC3CCCCC3)CC2)CC1
C1CCC(CC2CCCC(C3CCCCC3)C2)CC1
C1CCC(CC2CCCCC2)CC1
C1CCC(C2CCC(CCC3CCCCC3C3CCCC3)CC2)CC1
C1CCC(CC2CC(CC3CCCCC3)C3CCCCC23)CC1
C1CCC(CCCC2CCC(CC3CCCCC3)CC2C2CCCC(C3CC3)C2)CC1
C1CCC(C2CCC(CCC3CCCC(C4CCCCC4)C3)CC2)CC1
C1CCC(C2CCC(CC3CC(C4CCCCC4)C4CCCCC34)CC2)CC1
C1CCC(CC2CCC(C3CCCCC3)CC2)CC1
C1CCC(CC2CCC(C3CCC(CC4CCCCC4)CC3)CC2)CC1
C1CCC(CC2CCCC(C3CCC(C4CCCCC4)CC3)C2)CC1
C1CCC(C2CCCC(C3CCCC(CC4CCC(C5CCCC5)CC4)C3)C2)CC1
C1CCC(CCCC2CCCC(C3CCCCC3)C2)CC1
C1CCC(C2CCCC(C3CC4CCCCC4C3)C2)CC1
C1CCC(CC2CC(C3CCCCC3CC3CCCC(C4CCCC4)C3)CCC2C2CCCCC2)CC1
C1CCC(C2CCCC(C3CCCC(CCCC4CCCC(C5CCC5)C4)C3)C2)CC1
C1CCC(CCC2CCC(CC3CCCCC3)CC2)CC1
C1CCC(CC2CC(C3CCC(C4CCCC(C5CCCC5)C4)CC3)C3CCCCC23)CC1
C1CCC(CCC2CCCCC2)CC1
C1CCC(CC2CCC(C3CCC(C4CCCC(C5CC5)C4)CC3)CC2)C1
C1CCC(CC2CCC(CC3CCC(CCC4CC4)CC3)CC2)CC1
C1CCC(CC2CCCC(C3CCCCC3)C2)CC1
C1CCC(CCC2CCC(C3CCCCC3)CC2)CC1
C1CCC(CC2CCC(C3CCCC(CC4CCCCC4)C3)CC2)CC1
C(CCC1CCC(CC2CCC(C3CCCC3)C2)CC1)CCC1CCCC(CCC2CCC(C3CCCCC3)CC2)C1
C1CCC(CC2CCC(C3CCCC(C4CCC(C5CCC(CC6CC7CCCCC7C6)CC5)CC4)C3)CC2)CC1
C1CCC(C2CCCC2C2CCC3C(CCCC3C3CCCCC3)C2)CC1
C1CCC(CCC2CC(C3CCCCC3)CCC2C2CC(C3CCCC3)C3CCCCC32)CC1
C1CCC(C2CCC(CCCC3CCC(CCC4CCC(C5CCCCC5)C4)CC3)C2)CC1
C1CCC(CC2CCCCC2C2CCCCC2C2CCC3CCCC3C2)CC1
C1CCC(C2CC(CC3CCCC(CC4CCC5CCCC5C4)C3)C3CCCCC32)CC1
C1CCC(CCC2CCCC(CC3CCC(CC4CCCCC4)CC3)C2)CC1
C1CCC(CC2CCC3C(CCC3C3CCCCC3)C2)CC1
C1CCC(CCC2CCCC(CC3CCC4CC(CCC5CCCCC5)CCC43)C2)CC1
C1CCC(CCC2CCC(CC3CCCCC3)CC2)CC1
C1CCC(CC2CCCC(C3CCCC(C4CCCCC4)C3)C2)CC1
C1CCC(C2CCCC(CCC3CC3)C2)CC1
C1CCC(C2CCCCC2C2CCC3CCCCC32)CC1
C1CCC(CCCC2CCCC(C3CCCCC3)C2)CC1
C1CCC(CC2CC3CCC(C4CCCCC4C4CCCC4)CC3C(C3CCCCC3)C2)CC1
C1CCC(C2CCCC(C3CCCC(C4CCCCC4)C3)C2)CC1
C1CCC(CCCCCC2CCC(CC3CCCCC3)CC2)CC1
C1CCC(C2CCCCC2C2CCCCC2)CC1
C1CCC(CC2CCC(C3CCC(C4CCCCC4)CC3)C2C2CCCCC2)CC1
C1CCC(CC2CC(C3CCCCC3)CC(C3CCCC(C4CCCCC4)C3)C2)CC1
C1CCC(C2CCCC(C3CCCC(C4CCCC(CC5CCCC5)C4)C3)C2)CC1
C1CCC(C2CCCC(CC3CCCC(C4CCC4)C3)C2)CC1
C1CCC(CC2CCCC(C3CCC(C4CCC(C5CCCCC5)CC4)CC3)C2)CC1
C1CCC(CC2CCCCC2C2CCC(C3CCC(C4CCCC4)CC3)CC2)CC1
C1CCC(CCC2CC(CCC3CCCCC3)CC(C3CCCCC3)C2)CC1
C1CCC(C2CCC(C3CCCC(C4CCCCC4)C3)CC2)CC1
C1CCC(CC2CCCCC2)CC1
C1CCC(CC2CCCC(CC3CC4CCCCC4C3)C2)CC1
C1CCC(CC2CCCC(C3CCC(C4CCCCC4)CC3)C2)CC1
C1CCC(CCC2CCCC(CCC3CCC(C4CCCC(C5CCCC5)C4)CC3)C2)CC1
C1CCC(CCCC2CCCC(C3CCCCC3)C2)CC1
C(CCC1CCC(C2CCCCC2C2CCCCC2)CC1)CCC1CCCCC1C1CCCC1
C1CCC(CCC2CCCC(C3CCCCC3)C2)CC1
C1CCC2CC(CC3CCCCC3C3CCCC(C(CC4CC5CCCCC5C4)C4CCCC4)C3)CC2C1
C1CCC(CC2CCC(CC3CCCC(C4CCCC(C5CCCC5)C4)C3)CC2)CC1
C1CCC(CCC2CCCCC2CC2CCCCC2)CC1
C1CCC(CCCC2CCCC(CCCC3CCCCC3)C2)CC1
C1CCC(CC2CCCC(C3CCCCC3CC3CCCC3)C2)CC1
C1CCC(CC2CCC(C3CCCC(CC4CCCCC4)C3)CC2)CC1
C1CCC(CC2CCCC(C3CCCC(C4CCCCC4)C3)C2)CC1
C1CCC(CC2CCCC(C3CC(C4CCCCC4)CC(C4CCCCC4)C3)C2)CC1
C1CCC(CC2CCCCC2C2CCCCC2C2CC(CC3CCCCC3)C3CCCCC32)CC1
C1CCC(CC2CCC(CCCC3CC4CCCCC4C3)CC2)CC1
C1CCC(CCC2CCCC(C3CCC4CCCCC43)C2)CC1
C1CCC(C2CCCCC2C2CCC(C3CCCC3)CC2)CC1
C1CCC(CCCC2CC(CC3CCCC(C4CCCCC4)C3)C3CCCCC23)CC1
C1CCC(CC2CCC(C3CCCC3)CC2)CC1
C1CCC(C2CCC(C3CCCCC3)CC2)CC1
C1CCC(CCCC2CCC(C3CCCC(C4CCC4)C3)CC2)CC1
C1CCC(CCC2CCCCC2CCCC2CCC(CC3CCC(C4CCCC4)CC3)CC2)C1
C1CCC(CCC2CCCCC2CC2CCCCC2)CC1
C1CCC(C2CCCC(CCCC3CCC(C4CCCC4)CC3)C2)CC1
C1CCC(C2CCCCC2CCCCCC2CCC(C3CCCC3)CC2)CC1
C1CCC(CC2CCC(CC3CCCC(CCCC4CCC(C5CCCC5)CC4)C3)C2)CC1
C1CCC(CCC2CCC(CC3CCCCC3)CC2)CC1
C1CCC(CCCC2CCCC(C3CCCCC3)C2)CC1
C1CCC(CC2CCCC(C3CCCCC3)C2)CC1
C1CCC(C2CCC(C3CCC(C4CCCCC4)C4CCCC34)CC2)CC1
C1CCC(CCCCC2CCCCC2)CC1
C1CCC(CC2CCC(CC3CCCCC3)CC2)CC1
C1CCC(C2CCC(CCC3CCCC(CC4CCCC(C5CCC5)C4)C3)CC2)CC1
C1CCC(C2CCC(C3CCCCC3C3CCC4CCCC4C3)CC2)CC1
C1CCC(CCC2CCC3C(C4CCCCC4)CC(C4CCCC4)C3C2)CC1
C1CCC(CC2CCC(C3CCC(CC4CCC5CCCC5C4)CC3)CC2)CC1
C1CCC(CCC2CCCC(CCC3CCC(C4CCC5CCCCC54)CC3)C2)CC1
C1CCC(CCC2CCC(C3CCCC4CCCC(CC5CCCCC5)C43)CC2)CC1
C1CCC(C2CCCC(CCC3CC4CCCCC4C3)C2)CC1
C1CCC(CC2CC(C3CCCCC3)CC(C3CCCC3)C2)CC1
C1CCC(CCCCC2CCCC(C3CCCC(CC4CCCC4)C3)C2)CC1
C1CCC(CC(C2CCCCC2)C2CCC(C3CCCCC3)CC2)CC1
C1CCC(CCC2CC(CCC3CCCCC3)CC(CC3CCCCC3)C2)CC1
C1CCC(CC2CCC(CC3CCCC3)CC2CCCCC2CCC(CC3CC3)CC2)CC1
C1CCC(CC2CCC(C3CCCC(C4CCCCC4)C3)CC2)CC1
C1CCC(CCCC2CCC(CC3CCC(CCCC4CCCCC4)CC3)CC2)CC1
C1CCC(CC2CCCCC2)CC1
C1CCC(CC2CC(CCCCC3CCC(C4CCCCC4)CC3)C3CCCCC23)CC1
C1CCC(CC2CCC(C3CCCCC3)CC2)CC1
C1CCC(C2CCCC(C3CCCCC3)C2)CC1
C1CCC(CCCCC2CCC(CC3CCCC(C4CC4)C3)CC2)CC1
C1CCC(C2CCCC(C3CCCC(C4CC4)C3)C2)CC1
C1CCC(CC2CCC(C3CCCCC3C3CCC4CCCC4C3)CC2)CC1
C1CCC(CC2CCCC(C3CCCC(C4CC4)C3C3CCCC3)C2)CC1
C1CCC(CC2CCCC(CC3CCCC(C4CCCCC4)C3)C2)CC1
C1CCC(CCC2CCC(CC3CCCCC3)C(C3CCCC3)C2)CC1
C1CCC(C2CCCCC2CCC2CCCCC2C2CCCC2)CC1
C1CCC(C2CC(C3CCC4CCCCC43)CC3CCCCC32)CC1
C1CCC(C2CCC(C3CCCC4CC(C5CCCCC5)CCC43)CC2)CC1
C1CCC(CCCCCC2CCC(C3CCCC(CC4CCC5CCCC5C4)C3)CC2)CC1
C1CCC(CCCC2CCC(CCC3CCCC(C4CCCCC4)C3)CC2)CC1
C1CCC(CCC2CCC(CC3CCCCC3)CC2)CC1
C1CCC(CCCC2CCCC(C3CCCC(C4CCCCC4CC4CCCCC4)C3)C2)CC1
C1CCC(C2CCCC(C3CCC(C4CCC(C5CCCC5)C4)CC3)C2)CC1
C1CCC(CCCC2CCC(CC3CCCC(C4CC5CCCCC5C4)C3)CC2)C1
C1CCC(CC(CCCCC2CC3CCCCC3C2)C2CCC(CCC3CCCC3)CC2)CC1
C1CCC(C2CCC(CC3CCC(CCC4CCCCC4C4CCCC4)CC3)CC2)C1
C1CCC(CCC2CCCC(C3CCC(C4CCCCC4)CC3)C2)CC1
C1CCC(C2CCCC(CCC3CCC4CCC(C5CCCCC5)C4C3)C2)CC1
C1CCC(CC2CCCCC2)CC1
C1CCC(CCCC2CC3CCC(C4CCCCC4)CC3C(C3CCC(C4CCCCC4)C3)C2)CC1
C1CCC(CCCC2CCC(CC3CCCCC3CC3CCCCC3)CC2)CC1
C1CCC(CCCC2CCC(CC3CCCCC3)CC2CCC2CCCCC2)CC1
C1CCC(CC2CCC(C3CCCC(C4CCCCC4)C3)CC2)CC1
C1CCC(CC2CCC(CCC3CCC(C4CCCCC4)CC3CC3CCCCC3)CC2)CC1
C1CCC(C2CC(C3CCCC(CC4CCC5CCCCC5C4)C3)C3CCCCC23)CC1
C1CCC(CC2CC(C3CCC(C4CCCCC4)CC3C3CCCC3)C3CCCCC23)CC1
C1CCC(CCC2CCC(C3CCC(CC4CCCCC4)C3)C(C3CCCCC3)C2)CC1
C1CCC(CC2CCC(CCC3CCC(CCCC4CCCC(C5CCCCC5)C4)CC3)CC2)CC1
C1CCC(CCC2CCCC(C3CCCCC3C3CCCCC3)C2)CC1
C1CCC(CCC2CCCCC2)CC1
C1CCC(CC2CCCC(C3CCCCC3)C2)CC1
C1CCC(CC2CCCC(C3CCCCC3)C2)CC1
C1CCC(C2CCCCC2C2CC3CCCCC3C2)CC1
C1CCC(CCC2CCCC(C3CCCCC3)C2)CC1
C1CCC(CC2CCCC3CCCCC32)CC1
C1CCC(CC2CCC(C3CCCC(C4CCCCC4)C3)CC2)CC1
C1CCC(CCC2CCC(C3CCCCC3)CC2CC2CCCCC2)CC1
C1CCC(CCC2CCCC(C3CCCCC3)C2)CC1
C1CCC(C2CC(CC3CCCCC3C3CCC4CCCC4C3)C3CCCCC32)CC1
C1CCC(CC2CCC(CCC3CCC(C4CCCCC4)CC3)CC2)CC1
C1CCC(CCCCCC2CCCCC2)CC1
C1CCC(CC2CCC(CC3CCCC(C4CCCCC4)C3)CC2)CC1
C1CCC(CC2CCC(CC3CCCC(CC4CCCCC4)C3)CC2)CC1
C1CCC(C2CCC(CCC3CCCCC3C3CCC4C(CC5CCC6CCCCC65)CCC4C3)CC2)CC1
C1CCC(CC2CCC(C3CCCC(C4CCCCC4)C3)CC2)CC1
C1CCC(CCC2CCCC(C3CCCCC3C3CCC4CCCC4C3)C2)CC1
C1CCC(CC2CCC(CC3CCCCC3C3CCC(CC4CCCCC4)CC3)CC2)CC1
C1CCC(CCCCCC2CCC(C3CCCCC3)CC2)CC1
C1CCC(CC2CCC(CC3CCCCC3)CC2)CC1
C1CCC(C2CCCCC2C2CCCC(CC3CCCC(CC4CCC4)C3)C2)CC1
C1CCC(CCCCCC2CCCC(C3CCCCC3)C2)CC1
C1CCC(CCC2CCCC(CC3CCCC3)C2)CC1
C1CCC(C2CCC(C3CCCC(CCC4CC5CCCCC5C4)C3)CC2)CC1
C1CCC(CCC2CCCC3CC(C4CCCCC4CC4CCCCC4)CCC23)CC1
C1CCC(CC2CCCC(CC3CCCC(C4CCCCC4)C3)C2)CC1
C1CCC(C2CC(CCC3CCCCC3C3CCCCC3)CC(C3CCCCC3)C2)CC1
C1CCC(CC2CC(C3CC3)CC(C3CCCC(CC4CCC4)C3)C2)CC1
C1CCC(C2CCC(CC3CCCC(C4CCCCC4)C3)CC2)CC1
C1CCC(C2CCC3CCC(C4CC5CCCCC5C(C5CCCCC5)C4)C3C2)CC1
C1CCC(CC2CCC(CCC3CCC(CC4CCCCC4)CC3)CC2)CC1
C1CCC(C2CCCC(C3CCCCC3)C2)CC1
C1CCC(CC2CCC(CC3CCCCC3C3CCCCC3)CC2)CC1
C1CCC(C2CCCCC2C2CCCCC2)CC1
C1CCC(C2CCCC(CCCC3CCC3)C2)CC1
C1CCC(C2CCCC(CCC3CCC(CC4CCCC(C5CCC6CCCCC6C5)C4)CC3)C2)CC1
C1CCC(CC2CCCC(C3CCCCC3CCCCC3CCCC3)C2)CC1
C1CCC(CC2CCCC(CCCC3CCCC(C4CCCCC4)C3)C2)CC1
C1CCC(C2CCC(C3CC3)CC2C2CCCC2)CC1
C1CCC(CCCC2CCCCC2CC2CCC(CC3CCCCC3)CC2)CC1
C1CCC(CCCC2CCCC(C3CCCCC3)C2)CC1
C1CCC(CC2CC(CC3CCC(C4CCCCC4)CC3)C3CCCCC23)CC1
C1CCC(CC2CCC(C3CCC(C4CCCCC4)CC3)CC2)CC1
C1CCC(C2CCCC(CCC3CCC(CCC4CCCCC4C4CCCCC4)CC3)C2)CC1
C1CCC(C2CCCC(CC3CCCCC3C3CCCC(C4CCCCC4)C3)C2)CC1
C1CCC(CC2CCC(CC3CCCC(CC4CCCCC4)C3)CC2)CC1
C1CCC(CC2CCC(C3CCCC(C4CCC(C5CCC6CCCCC65)CC4)C3)CC2)CC1
C1CCC(CC2CCCCC2C2CCCCC2CC2CCCCC2)CC1
C1CCC(CC2CCCCC2C2CCCC(CC3CC(CCC4CCCC4)C4CCCCC34)C2)CC1
C1CCC(CC2CCCC(C3CCCCC3)C2)CC1
C1CCC(C2CCCC(CC3CCC(C4CCCC(C5CCCCC5)C4)CC3)C2)CC1
C1CCC2CC(C3CCCCC3C3CCC(CCC4CC5CCCCC5C4)CC3)CCC2C1
C1CCC(C2CCCCC2CCC2CC(C3CCCCC3)C3CCCCC23)CC1
C1CCC(CCC2CCC(CC3CCCCC3)CC2)CC1
C1CCC(CCCCCC2CCC(C3CCCCC3)CC2)CC1
C1CCC(CC2CCCCC2C2CCC3C(CCCC3C3CCCCC3CC3CCCCC3)C2)CC1
C1CCC(C2CCCC(C3CCCC(C4CCCC4)C3)C2)CC1
C1CCC(CCC2CCC3C(CC4CCCC(CC5CCCCC5CC5CCCCC5)C4)CC(CC4CC4)C3C2)CC1
C1CCC(C2CCC3CCC(C4CCCCC4)C3C2)CC1
C1CCC(C2CCC(CC3CCCCC3C3CCC3)CC2)C1
C1CCC(CC2CCC3CC(C4CCC5CCCCC54)CC(CC4CCCCC4)C3C2)CC1
C1CCC(CC2CCC(C3CCCC(C4CCCC4)C3)CC2)CC1
C1CCC(C2CCCC(CCCC3CCC(C4CCCCC4)CC3C3CCCC3)C2)CC1
C1CCC(CC2CCC(C3CCC(C4CC5CCCCC5C4)CC3)CC2C2CCC3CCCC3C2)CC1
C1CCC(C2CCCCC2CCC2CCCCC2C2CCCC2)CC1
C1CCC(CC2CCC(CCC3CCC4CC(C5CCCCC5)CCC4C3)CC2)CC1
C1CCC(C2CCC(CC3CC(CC4CCCC4)C4CCC(C5CCCCC5)CC34)CC2)CC1
C1CCC(CCCCC2CCC(C3CCC4CCCCC4C3)CC2)CC1
C1CCC(CC2CC(C3CC(CC4CCCCC4)C4CCCCC43)CCC2C2CCC2)CC1
C1CCC(CC2CCCC3CCC(C4CCC5CCCCC5C4)CC32)CC1
C1CCC(CC2CCC(CC3CCC(C4CCCCC4)CC3)CC2)CC1
C1CCC(C2CCCC(C3CCCCC3)C2)CC1
C1CCC(CC2CCC(C3CCCCC3)CC2)CC1
C1CCC(C2CCCC(C3CCCCC3)C2)CC1
C1CC(CCC2CCCCC2C2CCCC2)CC(CC2CCCCC2C2CCCC2)C1
C1CCC(CC2CCCC(CCCC3CCC4CCCCC43)C2)CC1
C1CCC(CCC2CCC(CCC3CCCCC3)C(C3CCCCC3)C2)CC1
C1CCC(CC2CCCCC2C2CCCCC2C2CCCCC2)CC1
C1CCC(CCC2CCC(C3CC(C4CCCCC4)CC(C4CC4)C3)CC2)CC1
C1CCC(CC2CCCCC2C2CCCC(C3CCCCC3)C2)CC1
C1CCC(C2CCC(CC3CCCC(C4CCCC(C5CCC6CCCCC65)C4)C3)CC2)CC1
C1CCC(CCC2CCC(C3CCC(CC4CCCCC4)CC3)CC2)CC1
C1CCC(C2CCC(C3CCC(C4CCCCC4)CC3)CC2)CC1
C1CCC(CC2CCCC3CCCCC32)CC1
C1CCC(C2CCC(CCC3CCCC(C4CCC(C5CC6CCCCC6C5)CC4)C3)CC2)CC1
C1CCC(CC2CCC(CC3CCCC(CC4CCC5CCCCC54)C3)CC2)CC1
C1CCC(C2CCC(C3C(C4CCCCC4)CCCC3C3CCC3)CC2)CC1
C1CCC(CC2CCCC(C3CCCCC3)C2)CC1
C1CCC(CC2CCCCC2C2CCCC2CC2CCC(C3CCCC(C4CCCCC4)C3)C2)CC1
C1CCC(C2CCCC(C3CCCCC3C3CCCCC3CC3CC3)C2)CC1
C1CCC(CC2CCC(CC3CCCCC3)CC2)CC1
C1CCC(C2CCCC(C3CCCC(C4CCCCC4)C3)C2)CC1
C1CCC(CCC2CC(C3CCCCC3)CC(C3CCCC(C4CCCC4)C3)C2)CC1
C1CCC(C2CCC(CC3CCCC3)CC2)CC1
C1CCC(C2CCCC(CC3CCC(C4CCCC(C5CCC5)C4)CC3)C2)CC1
C1CCC(C2CCCC(C3CCCCC3)C2)CC1
C1CCC(C2CCCC(C3CCCC(C4CCCCC4)C3)C2)CC1
C1CCC(CCC2CCCC(C(C3CCCCC3)C3CCCCC3)C2)CC1
C1CCC(C2CCCC(C3CCCC(C4CCCCC4)C3)C2)CC1
C1CCC(CCC2CC(CCC3CCCCC3)C3CCCCC23)CC1
C1CCC(CC2CCCC(C3CCCCC3)C2)CC1
C1CCC(C2CCC(C3CCC4CCCCC43)CC2)CC1
C1CCC(C2CCC(C3CCCC4CC(C5CCCCC5)CCC43)CC2)CC1
C1CCC(C2CC(C3CCCC(CC4CC5CCCCC5C4)C3)C3CCCCC23)CC1
C1CCC(CCC2CC(CC3CCCC(C4CCCCC4)C3)C3CCCCC23)CC1
C1CCC(CC2CCCCC2C2CCC(C3CCCC(C4CC4)C3)CC2)CC1
C1CCC(CCC2CCC(CCC3CCCCC3)CC2)CC1
C1CCC(CC2CCC(CC3CCCCC3)CC2)CC1
C1CCC(CC2CCC(C3CCCCC3)CC2)CC1
C1CCC(CC2CCCC(CC3CCC(C4CC5CCCCC5C4)CC3)C2)CC1
C1CCC(C2CCC(C3CCCC(CC4CC5CCCCC5C4)C3)CC2)CC1
C1CCC(CC2CC(C3CCCCC3)CC(C3CCC4CCCC4C3)C2)CC1
C1CCC(CC2CCCC(C3CCCCC3)C2)CC1
C1CCC(C2CCC(C3CCCC(CCCC4CC5CCCCC5C4)C3)CC2)CC1
C(CC1CCC(C2CCCC(C3CCC3)C2)CC1)CC1CCCC(CC2CC2)C1
C1CCC(CCC2CCC(C3CCC(C4CCCCC4)CC3)CC2)CC1
C1CCC(CCC2CCC(C3CCCC(C4CCCCC4)C3)C(C3CCCCC3)C2)CC1
C1CCC(C2CCC(CCCC3CCCC(C4CCCCC4)C3)CC2)CC1
C1CCC(CC2CCC(CC3CCC(C4CCCC(C5CCCCC5)C4)CC3C3CCCC3)CC2)CC1
C1CCC(CC2CCC(CCC3CC(CC4CCCCC4)C4CCCCC34)CC2)CC1
C1CCC(C2CCC(CC3CCCCC3C3CCC4CCCCC4C3)CC2)CC1
C1CCC(CC2CCC(CCCC3CCC(C4CCCC(C5CCCCC5)C4)CC3)CC2)CC1
C1CCC(CC2CCC(C3CCCC(CC4CCCCC4)C3)CC2)CC1
C1CCC(C2CCC(CCC3CCCC3)CC2)CC1
C1CCC(CC2CC(CCC3CCC(C4CCCCC4)CC3)CC(C3CCC(C4CCCCC4)CC3)C2)CC1
C1CCC(CCCCC2CCC(CC3CCCCC3)CC2)CC1
C1CCC(CC2CCCC(C3CCCCC3)C2)CC1
C1CCC(C2CCC(C3CCCC(CC4CCCC(C5CCCC5)C4)C3)CC2)CC1
C1CCC(C2CCC(C3CCCC(C4CCCCC4)C3)CC2)CC1
C1CCC(CCCC2CCC(C3CCCC(C4CCCCC4)C3)CC2)CC1
C1CCC2CC(C3CCC(C4CCCC(C5CCCCC5C5CCCC5)C4)CC3)CC2C1
C1CCC(CC2CCC(CCC3CCCC(C4CCC4)C3)CC2)C1
C1CCC(CCCC2CCC(C3CCCCC3C3CCCCC3)CC2)CC1
C1CCC(CCCCCC2CCC(CC3CCC(C4CCCCC4)CC3)CC2)CC1
C1CCC(CC2CCCC(C3CCCC3)C2)CC1
C1CCC(C2CCC(CC3CCC(CCC4CCC(C5CCCCC5)C4)CC3)CC2)CC1
C1CCC(CCC2CCCC(C3CCCCC3)C2)CC1
C1CCC(CCCCCC2CCC(CC3CCCC(C4CCCCC4)C3)C2)CC1
C1CCC(C2CCC(C3CCCCC3C3CCCCC3)CC2)CC1
C1CCC(C2CCC(C3CCCCC3C3CCCCC3)CC2)CC1
C1CCC(CC2CCC(C3CC(C4CCC5CCCCC54)CC4CCCCC43)CC2)CC1
C1CCC(CCC2CCC3C(CCC3C3CCCCC3C3CCCCC3)C2)CC1
C1CCC(CCC2CC(CC3CCCCC3)C3CCCCC23)CC1
C1CCC(C2CCC(CC3CCC(CC4CCCCC4C4CCCCC4)CC3)CC2)CC1
C1CCC(CC2CCCC(CC3CCC4CC(CC5CCC(C6CCCCC6)CC5)CCC43)C2)CC1
C1CCC(CC2CCCC(CCC3CCC4C(CC5CCCCC5)CCC4C3)C2)CC1
C1CCC(CC2CCCC(CC3CCCCC3)C2)CC1
C1CCC(CCC2CCC(CC3CCCCC3)CC2)CC1
C1CCC(CC2CCC(C3CCCCC3)CC2)CC1
C1CCC(C2CCCCC2C2CCCCC2)CC1
C1CCC(C2CCCC(CCC3CCCC(CCC4CCCC4)C3)C2)CC1
C1CCC(CC2CCC(C3CCCCC3CC3CCCCC3)CC2)CC1
C1CCC(C2CCC(C3CCCCC3C3CCCCC3)CC2)CC1
C1CCC(CC2CCCC(CC3CCC(C4CCC4)CC3)C2)CC1
C(CCCC1CCCC(C2CCCC(CC3CCCCC3)C2)C1)CCC1CCCCC1
C1CCC(CCCCCC2CCC(CC3CCC(C4CCCC4)C3)CC2)CC1
C1CCC(CCC2CCC(CCCC3CCCC(CC4CCC(C5CC5)CC4)C3)CC2)CC1
C1CCC(C2CCC(CC3CCC(CCCC4CCCC4)CC3)CC2)CC1
C1CCC(C2CCCC(C3CCCC(CCCC4CCC4)C3)C2)CC1
C1CCC(C2CCCCC2C2CCCCC2C2CCCCC2)CC1
C1CCC(CCCCC2CCC3C(CCC3C3CCCCC3)C2)CC1
C1CCC2CC(CCC3CCCCC3C3CCCC(C4CC5CCCCC5C4)C3)CC2C1
C1CCC(C2CCCCC2)CC1
C1CCC(C2CCC(CC3CCCC(C4CCCCC4)C3)CC2)CC1
C1CCC(CC2CCC(CC3CCCCC3)C(CCC3CCC(C4CCCCC4)C3)C2)CC1
C1CCC(CCCC2CCC(C3CCCCC3)CC2)CC1
C1CCC(CC2CCC(C3CCC(C4CCCCC4CC4CCCCC4)CC3)CC2)CC1
C1CCC(CCC2CCCC(C3CCCC(CCC4CCCCC4)C3)C2)CC1
C1CCC(C2CCCC(C3CCCC3)C2C2CCCCC2C2CCC2)CC1
C1CCC(C2CCC(CC3CCCC4CCCC43)CC2)CC1
C1CCC(CC2CCC(C3CCCCC3)C(C3CCCC3)C2)CC1
C1CCC(CC2CC(C3CCCCC3)CC(C3CCC4CC(C5CC5)CCC4C3)C2)CC1
C1CCC(C2CCCC(C3CCCCC3C3CCCCC3C3CCCC3)C2)C1
C1CCC(C2CCC(C(CC3CCCC3)C3CCCC(CC4CCCC4)C3)CC2)CC1
C1CCC(CC2CCC(CCCCC3CCC(CC4CCCCC4C4CCCC4)CC3)CC2)CC1
C1CCC(C2CCCC(C3CCCC3)C2)CC1
C1CCC(CCC2CCCCC2)CC1
C1CCC(CCCC2CCCC(CC3CCCCC3)C2)CC1
C1CCC(CCC2CCC(C3CCC(CC4CCCCC4)CC3)CC2C2CCCC2)CC1
C1CCC(CC2CCC3C(C4CCCCC4)CC(C4CCCCC4)C3C2)CC1
C1CCC(CC2CC(CCC3CCCC3)CCC2C2CCCCC2C2CCCCC2)CC1
C1CCC(CC2CCCC(CC3CCC(C4CCCCC4)CC3)C2)CC1
C1CCC(C2CC(C3CCCC3)CC(C3CCCC(CC4CC4)C3)C2)CC1
C1CCC(CC2CCC(C3CCCCC3)CC2)CC1
C1CCC(CCCC2CCCC(C3CCCCC3)C2)CC1
C1CCC(CCC2CCC(C3CCCCC3CC3CCCCC3)CC2)CC1
C1CCC2CC(CC3CCCCC3CC3CCCCC3CC3CCC4CCCCC43)CC2C1
C1CCC(CC2CCCC(C3CCCCC3C3CCCCC3)C2)CC1
C(CCCC1CCC(C2CCCC2)C1)CCC1CCC(C2CCC(CC3CCCCC3)CC2)CC1
C1CCC(CC2CCCC(CC3CCCCC3)C2)CC1
C1CCC(CC2CCC(C3CCCC3)CC2)CC1
C1CCC(C2CCCC(C3CCCC3C3CCCCC3)C2)CC1
C1CCC(CCC2CCC(CCC3CCCC4CCCC(C5CCC6CCCCC65)C43)CC2)C1
C1CCC(C2CCC(CC3CCCC(C4CC4)C3)CC2C2CCC3CCCC3C2)CC1
C1CCC(CC2CCC(CCC3CCC(C4CCCCC4)CC3)CC2)CC1
C1CCC(C2CCC(CCCC3CCCC(C4CCCCC4)C3)CC2)CC1
C1CCC(CC2CCCCC2C2CCCCC2C2CCCCC2)CC1
C1CCC(CC2CCCC(C3CCCC(C4CCC4)C3)C2)CC1
C1CCC(CC2CCCCC2C2CCCC(C3CCCC(CCCC4CC5CCCCC5C4)C3)C2)CC1
C1CCC(CCC2CCCC(CC3CCC(CC4CCCCC4)CC3)C2)CC1
C1CCC(CCCCCC2CCC(C3CCCCC3)CC2)CC1
C1CCC(CCCC2CCCC(C3CCCCC3)C2)CC1
C1CCC(C2CCCC(C3CCCC(C4CCCCC4C4CC5CCCCC5C4)C3)C2)CC1
C1CCC(CC2CCCCC2)CC1
C1CCC(C2CCCC(C3CC(C4CCCCC4)C4CCCCC34)C2)CC1
C1CCC(CCC2CCC(C3CCC(C4CCC(C5CC(C6CCCCC6)C5)CC4)CC3)CC2)CC1
C(CCC1CCC(CC2CCCC2)CC1)CCC1CCC(C2CCCCC2)CC1
C1CCC(C2CCCC(C3CCCCC3)C2)CC1
C1CCC(CCCC2CCCC(C3CCCC3)C2)CC1
C(CCCC1CCCCC1)CCCC1CCCC(C2CCCCC2)C1
C1CCC(C2CC(C3CCCCC3)CC(C3CC3)C2)CC1
C1CCC(CC2CCCCC2C2CCCC(C3CCCCC3)C2)CC1
C1CCC(CCCC2CCCCC2C2CCCC2)CC1
C1CCC(CCCCCC2CCCCC2C2CCC3CCCC3C2)CC1
C1CCC(C2CCC(C3CCCCC3)C(C3CCCCC3)C2)CC1
C1CCC(CCC2CCC(C3CCCCC3)CC2)CC1
C1CCC(CCC2CCC3CC(C4CCC5CCCCC54)CC(C4CCCC(C5CC5)C4)C3C2)CC1
C1CCC(CCC2CCCC(C3CCC(C4CCCCC4)CC3)C2)CC1
C1CCC(C2CCC(CCC3CCC(C4CCC4)CC3)CC2)CC1
C1CCC(CCC2CCC(CC3CCC(C4CCCCC4)CC3)CC2)CC1
C1CC(C2CCCC(C3CCC(C4CCC5CCCCC54)CC3)C2)C1
C1CCC(CCCC2CCCCC2)CC1
C1CCC(C2CCC(CCC3CC4CCCCC4C3)CC2)CC1
C1CCC(C2CCCC(C3CCC(CC4CCC(C5CCC5)CC4)CC3)C2)CC1
C1CCC(CCCC2CCC(C3CCCCC3)CC2)CC1
C1CCC(C2CCC(C3CCC(CC4CCCC4)CC3)CC2C2CCCC2)CC1
C1CCC(CCCC2CCCCC2)CC1
C1CCC(CCC2CC(C3CCCCC3)C3CCCCC23)CC1
C1CCC(C2CC(CC3CCCC(C4CCCC4)C3)C3CCCCC32)CC1
C1CCC(CCC2CCCC(C3CCCCC3)C2)CC1
C1CCC(C2CCC(C3CCCCC3CC3CCC4CCCCC4C3)CC2)CC1
C(CCCC1CCC2CCCCC2C1)CCC1CCCCC1
C1CCC(CC2CCC(C3CCC(C4CCC(CC5CCCCC5)CC4)CC3)CC2)CC1
C1CCC(CC2CCC(C3CCCC(C4CCCCC4)C3)CC2)CC1
C1CCC(CCCC2CCC(CC3CCC(C4CCCCC4)CC3)CC2)CC1
C1CCC(CCCCC2CC(C3CCCCC3)CC(C3CCCC3)C2)CC1
C1CCC(CC2CCC(CC3CCCCC3C3CCCCC3)CC2)CC1
C1CCC(CC2CC(CC3CCCC(C4CCCC(C5CCCCC5)C4)C3)C3CCCCC23)CC1
C1CCC(CCC2CCC(C3CCC(C4CCCCC4)CC3)CC2)CC1
C1CCC(CC2CCCC(C3CCCCC3)C2)CC1
C1CCC(CC2CCCC(CC3CCCCC3)C2)CC1
C1CCC(CCC2CCCCC2C2CCC(CC3CCCCC3)CC2)CC1
C1CCC(CCC2CCC(C3CCCCC3)CC2)CC1
C1CC2CCC(C3CCCCC3C3CCC(C4CCC(C5CC5)CC4)CC3)CC2C1
C1CCC(CC2CCCC(CC3CC(CC4CCCCC4)C4CCCCC34)C2)CC1
C1CCC(CC2CCCCC2C2CCCC(C3CCC(C4CCCCC4)CC3)C2)CC1
C1CCC(CCC2CCC(C3CCCCC3C3CCC4CCCCC4C3)CC2)CC1
C1CCC(CC2CCCC(C3CCCCC3)C2)CC1
C1CCC(CC2CCC(CC3CCCCC3)CC2)CC1
C1CCC(CC2CCC(CC3CCCC(C4CCCC4)C3)CC2)CC1
C1CCC(CC2CCCC(C3CCCC(C4CCCCC4)C3)C2)CC1
C1CCC(CC2CCCC(CC3CC(C4CCC5CCCCC54)CC4CCCCC43)C2)CC1
C(CCCC1CCCCC1)CCCC1CCCCC1C1CCC(C2CC2)CC1
C1CCC(CC2CCC(C3CCCCC3)C(CC3CCCCC3)C2)CC1
C1CCC(CC2CCC(CC3CCCCC3C3CCCCC3)CC2)CC1
C1CCC(CCC2CCC(CCC3CC4CCCCC4C3)CC2)CC1
C1CCC(CCCC2CCCC(C3CCC(CC4CC5CCCCC5C4)CC3)C2)CC1
C1CCC(C2CCCC(C3CCCC(C4CCCCC4)C3)C2)CC1
C1CCC(CCCCCC2CCCC(CC3CCCCC3)C2)CC1
C1CCC(C2CCCC(C3CCCCC3C3CCC4CCCCC4C3)C2)CC1
C1CCC(CCCCCC2CCC(C3CCCCC3)C(C3CCCCC3)C2)CC1
C1CCC(CCCCCC2CCC(CCC3CCCCC3)CC2)CC1
C1CCC(C2CCCC(C3CCCCC3)C2)CC1
C1CCC(CC2CCC(C3CCCC3)C(C3CCCCC3)C2)CC1
C1CCC(C2CCC(C3CCC(CCC4CCCC4)CC3)CC2)CC1
C1CCC(CC2CCC(CC3CCCC(C4CCCCC4)C3)CC2)CC1
C1CCC(CCC2CCC(CC3CCC(C4CCCCC4)CC3)CC2)CC1
C1CCC(CCCCC2CCC(CC3CCCCC3)CC2)CC1
C1CCC(C2CCC(CC3CCC(C4CCC(C5CCCC(C6CCCC6)C5)CC4)CC3)CC2)CC1
C1CCC(CCC2CCC3CCC(CC4CCCCC4)CC23)CC1
C1CCC(C2CCC(CC3CC3)CC2CCCCC2CCCC3CCCCC23)CC1
C1CCC(C2CCCCC2C2CCCCC2)CC1
C1CCC(C2CCCCC2C2CCCCC2)CC1
C1CCC(CCC2CCCC(C3CC(CC4CCCCC4)C4CCCCC43)C2)CC1
C1CCC(CCCC2CCCC(CC3CCC(CCC4CCCCC4)CC3)C2)CC1
C1CCC(CC2CCCC(C3CCC(C4CCCCC4)CC3)C2)CC1
C1CCC(CC2CCCC(C3CCC(CC4CCC(CC5CC6CCCCC6C5)CC4)CC3)C2)CC1
C1CCC(CC2CCCC(C3CCCC(C4CCCCC4)C3)C2)CC1
C1CCC(CC2CCC(CC3CCC(C4CCCCC4CC4CCCCC4)CC3)CC2)CC1
C1CCC(CCCCC2CCC(CC3CCC(CCCC4CCCCC4)CC3)CC2)CC1
C1CCC(C2CCCCC2C2CCCCC2)CC1
C1CCC(CC2CCCCC2C2CCCCC2)CC1
C1CCC(CC2CCC(CC3CCCCC3)CC2)CC1
C1CCC(C2CCC(CC3CCCC(C4CCCCC4)C3)CC2)CC1
C(CCCC1CCCC(C2CCCCC2)C1)CCC1CCC(C2CCCCC2)CC1
C1CC(CC2CCC(CC3CCCC(C4CCC5CCCC5C4)C3)CC2)CC(C2CC2)C1
C1CCC(C2CCC(C3CCCCC3)CC2)CC1
C1CCC(C2CCCCC2C2CCCC(CC3CC4CCCCC4C3)C2)CC1
C1CCC(CC2CCC(C3CCC(CC4CC4)CC3)CC2)CC1
C1CCC(CCCC2CCCCC2C(CCC2CC2)C2CCCCC2)CC1
C1CCC(C2CCCCC2C2CCCC2)CC1
C1CCC(CC2CCC(CC3CCCCC3C3CCC(C4CCCCC4)C3)CC2)CC1
C1CCC(C2CCC(C3CCCCC3)C(C3CCC4CCCC4C3)C2)CC1
C1CCC(CC2CCC(CC3CCC(CC4CCCC(C5CCCCC5)C4)CC3)CC2)CC1
C1CCC(C2CCCC(C3CC4CCC(C5CCCC5)CC4C(C4CCCCC4)C3)C2)CC1
C1CCC(CC2CCC(C3CCCC(CC4CC5CCCCC54)C3)CC2)CC1
C1CCC(C2CCC(C3CCC4CCCCC43)CC2C2CCCCC2)CC1
C1CCC(CCCC2CCCCC2C2CCC3CCCCC3C2)CC1
C1CCC(CC2CCCC(C3CCCC(C4CCC(C5CCCCC5)C4)C3)C2)CC1
C1CCC(CCC2CC(CC3CC3)C(CC3CCCCC3)C(C3CCCCC3)C2)CC1
C1CCC(CCCCC2CCCCC2)CC1
C1CCC(C2CCC(C3CCCCC3C3CCC(C4CCCCC4)CC3)CC2)CC1
C1CCC(CCC2CCCCC2C2CCCCC2)CC1
C1CC(CCCC2CCC(CC3CCC(C4CCC5CCCCC5C4)CC3)CC2)C1
C1CCC(C2CCCC(CC3CCC(C4CCC5CCCCC54)CC3)C2)CC1
C1CCC(C2CCC(C3CCC4CCCCC4C3)CC2)CC1
C1CCC(C2CCCC(C3CC(CCC4CCC(C5CC5)CC4C4CCCC4)C4CCCCC43)C2)C1
C1CCC(C2CCCCC2C2CCCCC2)CC1
C1CCC(CC2CCC3CCCC(CC4CCCCC4)C3C2)CC1
C1CCC(CC2CCCC(C3CCCCC3CC3CCCCC3)C2)CC1
C1CCC(CCC2CCC(CCC3CCCC(C4CCCCC4)C3)CC2)CC1
C1CCC(C2CCCCC2CC2CC(C3CCCCC3)C3CCCCC23)CC1
C1CC2CCC(C3CCCCC3C3CCC4CCCC4C3)CC2C1
C1CCC(CC2CCC(CCC3CCC(C4CCCCC4)CC3)CC2)CC1
C1CCC(CC2CCCC(CC3CCC(C4CCCCC4)CC3)C2)CC1
C1CCC(CC2CCCCC2)CC1
C1CCC(CC2CCCCC2C2CCCC2C2CCCCC2)CC1
C1CCC(C2CCC(C3CCCCC3C3CCCC(C4CCCC4)C3)CC2)CC1
C1CCC(C2CCCCC2C2CCC(C3CCC4CCCCC43)CC2)C1
C1CCC(CC2CC(C3CCC(CCC4CCCC(C5CCCCC5)C4)CC3)C3CCCCC23)CC1
C1CCC(C2CCCC(C3CCCCC3)C2)CC1
C1CCC(C2CCC(C(C3CC3)C3CCCC(CCC4CC4)C3)CC2)CC1
C1CCC(CC2CCCC(CC3CC4CCCCC4C3)C2)CC1
C1CCC(CCCC2CCCCC2C2CCC(C3CCC(CC4CCCCC4)CC3)CC2)CC1
C1CCC(CCCCC2CCCC(C3CCCCC3)C2)CC1
C1CCC(CCC2CCC(C3CCCCC3)CC2)CC1
C1CCC(CC2CCC(C3CCCCC3CC3CCCCC3)C(C3CCCC3)C2)CC1
C1CCC(CCCC2CCC(C3CCC(CC4CCCCC4)CC3)C2)CC1
C1CCC(CCC2CCC(C3CCC4CC(C5CCCC(C6CCC7CCCC7C6)C5)CCC4C3)CC2)CC1
C1CCC(CC2CCCC(C3CCCC(C4CCCC4)C3)C2)CC1
C1CCC(CCC2CCC(C3CC4CCCCC4C3)C(C3CCC4CCCC4C3)C2)CC1
C1CCC(CC2CCCCC2)CC1
C1CCC(C2CCCC(C3CCCCC3C3CCC4CCCC4C3)C2)CC1
C1CCC(CC2CC(C3CCC(C4CCC(C5CCCCC5)CC4)CC3)C3CCCCC23)CC1
C1CCC(C2CCCCC2CC2CCCC(C3CCCC3)C2)CC1
C1CCC(C2CCCCC2C2CCCCC2C2CCCC2)CC1
C1CCC(CC2CCC3CCC(CCC4CCC(C5CCCC5)CC4)CC3C2)CC1
C1CCC(CC2CCCC(C3CCCCC3)C2)CC1
C1CCC(C2CCCC(C3CCCCC3)C2)CC1
C1CCC(CC2CCCC(C3CCC4CCCC(C5CCCCC5)C4C3)C2)CC1
C1CCC(CC2CC(CC3CCCCC3)C3CCCCC23)CC1
C1CCC(CCCC2CCC(CC3CCCCC3)CC2)CC1
C1CCC(C2CCC(C(C3CC3)C3CCC4CCCC4C3)CC2)CC1
C1CCC(CCC2CCC(CCCC3CCCCC3CC3CCCCC3)CC2)CC1
C1CCC(CC2CCCCC2CC2CCCC(C3CCCCC3)C2)CC1
C1CCC(CCCCC2CCCC(C3CCCC(C4CCCCC4)C3)C2)CC1
C1CCC(C2CC3CCC(C4CCCCC4)CC3C(C3CCCCC3)C2)CC1
C1CCC(CCCCC2CCCCC2C2CCC(C3CCCCC3)CC2)CC1
C1CCC(CC2CC(C3CCCC(C4CCCC4)C3)CCC2C2CCCCC2)CC1
C1CCC(CC2CCC(C3CCCC(C4CCCC(C5CCCCC5)C4)C3)CC2)CC1
C1CCC(CC2CCCC(CC3CCCCC3)C2)CC1
C1CCC(CCCC2CCC(CCCCC3CCC(CC4CCCC4)CC3)CC2)CC1
C1CCC(C2CCCC(C3CCCCC3)C2)CC1
C1CCC(C2CCCC(CCC3CCCC(C4CCCC(C5CCCCC5)C4)C3)C2)CC1
C1CCC(CC2CCC(CC3CCC(CC4CCC(C5CCCC5)CC4)CC3)CC2)CC1
C1CCC(CC2CC(C3CCCCC3)C3CCCCC23)CC1
C1CCC(CC2CCCCC2C2CCCC(C3CCCCC3)C2)CC1
C1CCC(C2CCC(CC3CCC(C4CCCCC4)CC3)CC2)CC1
C1CCC(C2CCC(C3CCCCC3C3CCCCC3)CC2)CC1
C1CCC(CC2CCC(C3CCCC(C4CCCCC4)C3)CC2)CC1
C1CCC(CC2CCCCC2C2CCC3C(CC4CCCC4)CCC3C2)CC1
C1CCC(CC2CCC(CC3CCC(C4CCCCC4)CC3)CC2)CC1
C1CCC(CCC2CC(C3CCCCC3)CCC2CC2CCC(CC3CCCCC3)CC2)CC1
C1CCC(CC2CCC(CC3CCCCC3)CC2)CC1
C1CCC(CCCCC2CCCCC2)CC1
C1CCC(C2CC(C3CCCCC3)C3CCCCC23)CC1
C1CCC(CC2CCC(CCCC3CCCC(C4CCCC(C5CCCCC5)C4)C3)CC2)CC1
C1CCC(CCC2CCC(CC3CCC(CC4CCC(CC5CCCC5)CC4)CC3)CC2)C1
C1CCC(CC2CCC(CC3CCC(C4CCCC(CC5CCCCC5)C4)CC3)CC2)CC1
C1CCC(CC2CCC(C3CCCC(C4CCCCC4)C3)CC2)CC1
C1CCC(CC2CCC(CCC3CCC(CCC4CCCC(CCC5CC5)C4)CC3)CC2)C1
C1CCC(CC2CCC(CC3CCCCC3)CC2)CC1
C1CCC(CCCC2CCC(CC3CCCCC3)CC2)CC1
C1CCC(CC2CCC(C3CCCCC3)CC2C2CCCC2)CC1
C1CCC(C2CCC(C3CCCCC3)C(C3CCCC3)C2)CC1
C1CCC(CCCCC2CCC(CCC3CCCC(C4CCC5CCCCC54)C3)CC2)CC1
C1CCC(CC2CCC(C3CCC(C4CCCCC4)CC3)CC2)CC1
C1CCC(C2CCC(CC3CCC(C4CCCCC4C4CCCCC4)CC3)CC2)CC1
C1CCC(CCCC2CCCC(C3CCCC(CC4CCCCC4)C3)C2)CC1
C1CCC(CC2CCC(C3CCCC(C4CCC(CC5CCCC5)CC4)C3)C2)CC1
C1CCC(CC2CCC(C3CCCC(CC4CCCCC4C4CCCCC4)C3)CC2)CC1
C1CCC(CCC2CCC(C3CCC3)CC2)CC1
C1CCC(C2CCC(C3CCCCC3)CC2)CC1
C1CCC(CC2CC(C3CCCC(CC4CC4)C3)C3CCCCC23)CC1
C1CCC2CC(C3CCCCC3CCC3CC4CCCCC4C3)CCC2C1
C1CCC(CC2CCCCC2C2CCCCC2C2CCC3C(CCCC3C3CCCC3)C2)C1
C1CCC(CC2CCC(C3CCCC(CC4CCCCC4)C3)CC2)CC1
C1CCC(C2CCCC(CC3CCCC4CC(C5CCCCC5)CCC34)C2)CC1
C1CCC(CC2CCC(CCCCC3CCCC(C4CCCC(CC5CCCCC5)C4)C3)CC2)CC1
C1CCC(C2CCCC(C3CCCC(C4CCCCC4)C3)C2)CC1
C1CCC(CCC2CCC(C3CCCCC3)CC2)CC1
C1CCC(CCCC2CC(C3CCCCC3)C(CC3CCCCC3)C(C3CC3)C2)CC1
C1CCC(C2CCCCC2C2CCCCC2)CC1
C1CCC(C2CCC(CCC3CCCCC3C3CCCCC3)CC2)CC1
C1CCC(C2CCC3C(CCCC3C3CCC(CC4CCC(CC5CC6CCCCC6C5)CC4)CC3)C2)CC1
C1CCC(CCCC2CCCCC2)CC1
C(CCCC1CCCCC1)CCCC1CCC(CC2CCCC(C3CCCC3)C2)CC1
C1CCC(C2CCCCC2C2CCC3CCCC3C2)CC1
C1CCC(CC2CCCC(C3CCCC(CC4CCCC(C5CC5)C4)C3)C2)CC1
C1CCC(CCCCC2CCC(C3CCCCC3)CC2)CC1
C1CCC(C2CCC3C(CCC3C3CCC(C4CCCC(CCC5CC5)C4)CC3)C2)CC1
C1CCC(CC2CCC(C3CCC(C4CCC(CC5CC6CCCCC6C5)CC4)CC3)CC2)CC1
C1CCC(CC2CCCCC2C2CCCCC2CCC2CCCC2)CC1
C1CCC(C2CCCC(CC3CCCC3)C2)CC1
C1CCC(C2CCC3C(CCCC3C3CCCCC3C3CCCCC3)C2)CC1
C1CCC(CCC2CCCC(CC3CCCCC3)C2)CC1
C1CCC(CCCC2CCCC(C3CCCC(C4CCC(C5CCCC5)CC4)C3)C2)CC1
C1CCC(C2CCC(C3CCCC(C4CCCCC4)C3)CC2)CC1
C1CCC(C2CCC(C3CC4CCCCC4C(C4CCCCC4)C3)CC2)CC1
C1CCC(CCC2CCCC(C(CC3CCCCC3)C3CCC4CCCCC43)C2)CC1
C1CCC(C2CCCC(C3CC(C4CCCCC4)CC(C4CCCCC4)C3)C2)CC1
C1CCC(CCC2CCCC(C3CCCC(C4CC(CC5CCCC5)C5CCCCC54)C3)C2)CC1
C1CCC(CCC2CCCCC2CC2CCCCC2)CC1
C1CCC(CC2CCCC(CC3CCC(C4CCCCC4)CC3)C2)CC1
C1CCC(CC2CCC(C3CCC(C4CCCCC4C4CCCC4)CC3)CC2)CC1
C1CCC(CC2CCC(CCC3CCCC3)C(C3CCC(C4CCCCC4)CC3)C2)CC1
C1CCC(C2CCCCC2C2CCCCC2)CC1
C1CCC(CC2CCC(CC3CCC(C4CCC5CCCCC5C4)CC3)CC2)CC1
C1CCC(CCCCCC2CCC(C3CCCCC3CC3CCCCC3)C(C3CCCC3)C2)CC1
C1CCC(C2CCCC(C3CCCC(C4CCCCC4C4CCCC4)C3)C2)C1
C1CCC(CCCC2CCCC(CC3CCCCC3)C2)CC1
C1CCC(CC2CC(C3CCC4CCCC(C5CCCCC5)C4C3)CCC2C2CCCCC2)CC1
C1CCC(CC2CCC(CCCC3CCCC(C4CCCCC4)C3)CC2)CC1
C1CCC(CCC2CCC(CC3CCCCC3)CC2)CC1
C1CCC(CCCCCC2CCCC(CCC3CCCCC3)C2)CC1
C1CCC(CC2CCC(C3CCC4CCCCC4C3)CC2)CC1
C1CCC(C2CCC(C3CCCCC3)CC2)CC1
C1CCC(C2CCCCC2)CC1
C1CCC(CCC2CCC(C3CCCC(C4CCC5CCCCC54)C3)CC2)CC1
C1CCC(C2CCCC(CC3CCCCC3CC3CCC(CC4CC5CCCCC5C4)CC3)C2)CC1
C1CCC(CCCCC2CCCCC2CC2CC3CCCCC3C2)CC1
C1CCC(CC2CCCC(C3CCC(C4CCC(CC5CCCC5)CC4)CC3)C2)CC1
C1CCC(CCCC2CCC(CC3CCCCC3)CC2)CC1
C1CCC(C2CCC(C3CCCC(C4CCCCC4)C3)CC2)CC1
C1CCC(CCC2CCC(C3CCC4CCCCC4C3)CC2)CC1
C1CCC(CC2CCCC2CCC2CCC(C3CCCC(C4CCCC4)C3)CC2)CC1
C1CCC(CC2CCC(C3CCCCC3)CC2)CC1
C1CCC(CC2CCC(C3CCCC(CC4CCCCC4)C3)CC2)CC1
C1CCC(C2CCCC(C3CCCC(C4CCCCC4)C3)C2)CC1
C1CCC(CC2CCC(CC3CCCCC3)CC2)CC1
C1CCC(CC2CCC3CC(C4CCCC4C4CC5CCCCC5C4)CC(C4CCCCC4)C3C2)CC1
C1CCC(CCC2CCCCC2CC2CCCC2)CC1
C1CCC(C2CCCC(CC3CCC(C4CCCC4)CC3)C2)CC1
C1CCC(CCC2CC(C3CCCCC3)CC(C3CCCCC3)C2)CC1
C(CCCC1CCCCC1)CCC1CCCCC1
C1CCC(CC2CCC(CCCC3CCC(C4CCCCC4)CC3)CC2)CC1
C1CCC(C2CCCC(CC3CCC(C4CCCC4)CC3)C2)CC1
C1CCC(CCC2CCCC(CC3CCCCC3)C2)CC1
C1CCC(C2CC(C3CCCCC3)CC(C3CCCC(CCC4CCC(CC5CC5)CC4)C3)C2)CC1
C1CCC(CCCC2CCC(C3CCCCC3)CC2)CC1
C1CCC(CC2CCCC(C3CCCCC3)C2)CC1
C1CCC(C2CCC(C3CCCC(C4CCCC4)C3)CC2)CC1
C1CCC(CC2CCCCC2C2CCC3CCC(C4CCCCC4)CC3C2)CC1
C1CCC(C2CCCCC2)CC1
C1CCC(C2CCCCC2)CC1
C1CCC(CC2CCC3C(C4CCCCC4)CC(C4CCCCC4)C3C2)CC1
C1CCC(CCCC2CCCCC2CC2CCCC(C3CCCCC3)C2)CC1
C1CCC(CCCC2CCCCC2C2CCC3CCCCC32)CC1
C1CCC(CC2CCC(C3CCCCC3)CC2C2CCCCC2C2CCCC2)CC1
C1CCC(CCC2CCCC(CC3CCCCC3)C2)CC1
C1CCC(C2CCCC(C3CCC(C4CCC(CC5CC6CCCCC6C5)CC4)CC3C3CCCC3)C2)C1
C1CCC(C2CCC(C3CCC4CCCC4C3)C(C3CCCCC3C3CCCC3)C2)C1
C1CCC(CCC2CCC(C3CCC3)CC2)CC1
C1CCC(CC2CCC(CC3CCC(C4CCCC(CC5CCCCC5)C4)CC3)CC2)CC1
C1CCC(CC2CCCC(C3CCC(C4CCCCC4)CC3C3CCCCC3)C2)CC1
C1CCC(CCCCC2CCCCC2C2CCCCC2)CC1
C1CCC(C2CCCC(C3CCCCC3)C2)CC1
C1CCC(CC2CCC(CCC3CCCCC3C3CCCCC3)CC2)CC1
C1CCC(CC2CCC(C3CCCC3)CC2)CC1
C1CCC(CCC2CCC(C3CCCC3)CC2C2CCCCC2)CC1
C1CCC(CCCCC2CCCCC2C2CCCC2)CC1
C1CCC(C2CCC(C3CCCC(C4CCCCC4)C3)CC2)CC1
C1CCC(CC2CCC(C3CCC4CCCC4C3)CC2)CC1
C1CCC(C2CCC(C3CC(C4CCCCC4)C4CCCCC34)CC2)CC1
C1CCC(CC2CCC(CC3CCC(CCCC4CCC5CCCCC5C4)CC3)CC2)CC1
C1CCC(CC2CCC(CC3CCC(C4CCCCC4)CC3)CC2)CC1
C1CCC(CC2CCCCC2)CC1
C1CCC(CCC2CC3CCCCC3C2)CC1
C1CCC(CC2CCC(C3CCCC(CC4CCCCC4)C3)CC2)CC1
C1CCC(C2CCC(CC3CCC(C4CCCCC4)CC3)CC2)CC1
C1CCC(CC2CCC(CC3CCC(C4CCCCC4)C(C4CCCC4)C3)CC2)CC1
C1CC(C2CCC(CCC3CCCCC3CC3CC4CCCCC4C3)CC2)C1
C1CCC(C2CCC(CCC3CCCCC3C3CCCCC3)CC2)CC1
C1CCC(CCCC2CCCCC2)CC1
C1CCC(C2CC3CCCCC3C(C3CCCCC3)C2)CC1
C1CCC(CC2CCC(C3CCC(C4CCCC4)CC3)CC2)CC1
C1CCC(CCC2CC3CCCCC3C(C3CCCCC3)C2)CC1
C1CCC(C2CCC(CC3CCC(C4CCCCC4)CC3)CC2)CC1
C1CCC(CC2CCC(C3CCCC(C4CCCCC4)C3)C(C3CCCC3)C2)CC1
C1CCC(CC2CCCC(C3CCC(CC4CC5CCCCC5C4)CC3)C2)CC1
C1CCC(CC2CCCCC2C2CCCCC2)CC1
C1CCC(CC2CCC3CC(CCC4CC5CCCCC5C4)CCC23)CC1
C1CCC(CC2CCC(C3CC3)CC2CCCC2CCC2)CC1
C1CCC(C2CCC(CC3CCC(C4CCC5CCC(C6CCC(C7CCCCC7)C6)CC5C4)CC3)CC2)CC1
C1CCC(CC2CCCCC2CCCCC2CCCCC2C2CCCCC2)CC1
C1CCC(CC2CC3CCC(CC4CCCCC4)CC3C(C3CCCCC3)C2)CC1
C1CCC(CC2CCCC(C3CCCCC3)C2)CC1
C1CCC(C2CCCC(C3CCC(CC4CCCC(C5CCCC5)C4)CC3)C2)CC1
C1CCC(CC2CCCC(CC3CCCC(C4CCCCC4)C3)C2)CC1
C1CCC(C2CCC(C3CCC4C(CCC4C4CCCC4)C3)CC2)C1
C1CCC(CCCC2CCCCC2C2CCCCC2)CC1
C1CCC(CC2CCC(C3CCCCC3C3CCCC3)CC2)CC1
C1CCC(CC2CCC(C3CCC(CC4CCCCC4)CC3)CC2)CC1
C1CCC(CC2CCCC(C3CCCCC3)C2)CC1
C1CCC(CCCCC2CCCC(CC3CCCCC3)C2)CC1
C1CCC(CC2CCC(C3CCCCC3C3CCCCC3)C(C3CCCCC3)C2)CC1
C1CCC(C2CCCC(CC3CCC4CC(CC5CC6CCCCC6C5)CCC43)C2)CC1
C1CCC(C2CCC(CCC3CCC(C4CCCCC4)CC3)CC2)CC1
C1CCC(CC2CCC(CCC3CCCCC3CC3CCCCC3)C(CC3CCCCC3)C2)CC1
C1CCC(CCCCCC2CCC(CCC3CCCC(CCCC4CCCCC4)C3)CC2)CC1
C1CCC(CCCCC2CCC(CC3CC4CCCCC4C3)C2)CC1
C1CCC(CCC2CCC(CC3CCCCC3)CC2)CC1
C1CCC(CC2CCC(C3CCCCC3)C(C3CCCCC3)C2)CC1
C1CCC(CCCCC2CCCC(C3CCC(CC4CCCCC4)CC3)C2)CC1
C1CCC(CC2CCCC(C(CC3CCCC(C4CCCCC4)C3)C3CCCCC3)C2)CC1
C1CCC(CC2CCCC(C3CC(C4CCCCC4)CC(C4CCCC4)C3)C2)CC1
C1CCC(C2CCCC(CCCC3CC(C4CCCCC4)C4CCCCC34)C2)CC1
C1CCC(CCCC2CCCC(CCC3CCCCC3)C2)CC1
C1CCC(C2CCCCC2C2CCCCC2)CC1
C1CCC(C2CCCC(C3CCCCC3C3CCCCC3)C2)CC1
C1CCC(C2CCCCC2C2CCC3C(CCCC3C3CCCC(C4CC5CCCCC5C4)C3)C2)CC1
C1CCC(C2CCCCC2)CC1
C1CCC(C2CC(C3CCCCC3)CC(C3CCC3)C2)CC1
C1CCC(CCC2CCC(CC3CCCC3)CC2)CC1
C1CCC(C2CCC(CCCCC3CCC(CC4CC5CCCCC5C4)CC3)CC2)CC1
C1CCC(C2CCC(CC3CCCCC3C3CCCCC3)CC2)CC1
C1CCC(CC2CCC(C3CC(C4CCCCC4)C4CCCCC34)CC2)CC1
C1CCC(CCC2CCC(C3CCC(C4CC4)CC3)CC2)CC1
C1CCC(C2CCC(C3CCC(C4CC(C5CCCCC5)C5CCCCC45)CC3)CC2)CC1
C1CCC(CC2CCCC(C3CCCCC3)C2)CC1
C1CCC(CC2CCC(C3CCCCC3)CC2)CC1
C1CCC(CC2CCCC(C(C3CCCC(C4CCCC4)C3)C3CCCC(C4CCC5CCCCC5C4)C3)C2)CC1
C1CCC(C2CCC(CC3CCCC4CCCCC43)CC2)CC1
C1CCC(CCCCC2CCC(CC3CCC(CCCC4CCCC4)CC3)CC2)CC1
C1CCC(CCCCC2CCC(CC3CCCCC3)CC2)CC1
C1CCC(CC2CCCC(CC3CCCCC3)C2)CC1
C1CCC(C2CCC(C3CCCCC3C3CCCCC3)CC2)CC1
C1CCC(CCC(CC2CC3CCCCC3C2)C2CCCC(C3CCCCC3)C2)CC1
C1CCC(CC2CCC(CCCCC3CCCCC3CC3CCCC3)CC2)CC1
C1CCC(CCCC2CCCC(C3CCCC4CC(C5CCCCC5)CCC43)C2)CC1
C1CCC(CC2CCCC(C3CCCC(C4CCC(C5CCCCC5)CC4)C3)C2)CC1
C1CCC(CCC2CCC3C(CCC3C3CCCCC3)C2)CC1
C1CCC(C2CCCCC2)CC1
C1CCC(CCC2CC(CC3CCCCC3)CCC2C2CCCC(C3CCCCC3)C2)CC1
C1CCC(CCC2CCC(C3CCCC(CC(C4CCCCC4)C4CCCCC4)C3)CC2)CC1
C1CCC(CCC2CCC(C3CCC4C(CCCC5CC6CCCCC6C5)CCCC4C3)CC2)CC1
C1CCC(CCC2CCC(C3CCCC(C4CCCCC4CC4CCCCC4)C3)CC2)CC1
C1CCC2CC(CCC3CCCC(C4CCCC5CCCCC54)C3)CC2C1
C1CC2CCC(C3CCCCC3C3CCCC(C4CC4)C3)CC2C1
C1CCC(CCC2CCCC(C3CCC(C4CCCC5CCC(C6CCCCC6)CC54)C3)C2)CC1
C1CCC(C2CCCC(C3CCCC(C4CCCC4)C3)C2)CC1
C1CCC(CC2CCC(C3CCCC3)C(CC3CCCCC3C3CCCC3)C2)CC1
C1CCC(CCCC2CCC(CC3CCCCC3)CC2)CC1
C1CCC(CC(CC2CCC(C3CCCC(C4CCCC4)C3)CC2)C2CCCCC2)CC1
C1CCC(CCC2CCC(CC3CCCCC3CCC3CC4CCCCC4C3)CC2)C1
C1CCC(C2CCCC(C3CC(C4CCCCC4)CC(C4CCCCC4)C3)C2)CC1
C1CCC(CCC2CCCC(C3CCCC(C4CCCCC4)C3)C2)CC1
C1CCC(CC2CCC(CC3CCCCC3)CC2)CC1
C1CCC(CCC2CCCC(C3CCCC3CC3CCCCC3CC3CCCCC3)C2)CC1
C1CCC(CCCC2CCC(C3CCCCC3)CC2)CC1
C1CCC(CCC2CCC(C3CCCCC3)CC2)CC1
C1CCC(CC2CCCCC2CC2CCC(C3CCCCC3C3CCCC3)CC2)C1
C1CCC(C2CCCC(C3CCCCC3)C2)CC1
C1CCC(CC2CCCC(C3CCCC(C4CCC5CCCCC54)C3)C2)CC1
C1CCC(CCCCC2CCC(CC3CCC(CC4CCCCC4)CC3)CC2)CC1
C1CCC(CC2CCCC(C3CCCCC3)C2)CC1
C1CCC(C2CCC(C3CCC(CC4CC5CCCCC5C4)CC3)CC2)CC1
C1CCC(CC2CCCC(C3CCC(CC4CCCCC4)C(C4CCCC4)C3)C2)CC1
C1CCC(CC2CCC(C3CCC4CCC(C5CCCCC5)C4C3)CC2)CC1
C1CCC(CCC2CCC(CC3CCCCC3)CC2)CC1
C1CCC(CCC2CCC3CC(C4CCCCC4)CC(C4CCC4)C3C2)CC1
C1CCC(CCC2CCCC(CC3CCCCC3)C2)CC1
C1CCC(C2CCC(CCC3CC4CCCCC4C3)CC2)CC1
C1CCC(CCCC2CCC(C3CCCCC3)CC2)CC1
C1CCC(CC2CC(CC3CCC(C4CCCCC4)CC3)C3CCCCC23)CC1
C1CCC(CCC2CCC(C3CCCC(C4CCCCC4)C3)CC2)CC1
C1CCC(CC2CCCCC2C2CCC3C(CCCC3C3CCCCC3)C2)CC1
C1CCC(C(CCCC2CCCC(C3CC4CCCCC4C3)C2)C2CCC2)CC1
C1CCC(CC2CCCCC2C2CCC3C(CCCC3C3CCCCC3)C2)CC1
C1CCC(C2CC(C3CCC(CCC4CCCC5CCCCC54)CC3)C2)CC1
C1CCC(C2CCC(CC3CCC(CC4CC5CCCCC5C4)CC3)CC2)CC1
C1CCC(CCC2CC(CC3CCCCC3)CC(C3CCCC(CC4CCCCC4)C3)C2)CC1
C1CCC(CCC2CC(CC3CC3)CC(C3CCCC(C4CCCCC4)C3)C2)CC1
C1CCC(CC2CCCC(C3CCCCC3)C2)CC1
C1CCC(CC2CCCCC2C2CCCCC2)CC1
C1CCC(CC2CC(C3CCCC(CCC4CCC5CCCC5C4)C3)C3CCCCC23)CC1
C1CCC(CC2CCC(C3CC(CC4CC5CCCCC5C4)C4CCCCC43)CC2)CC1
C1CCC(C2CCC(CC3CCCC4CCCC43)CC2)C1
C1CCC(CC2CCC(C3CCCCC3)CC2)CC1
C1CCC(CC2CCCC(CC3CCCCC3)C2)CC1
C1CCC(CCC2CCCC(C3CCCCC3)C2)CC1
C1CCC(CC2CCC3CC(C4CCCCC4)CCC23)CC1
C1CCC(CCC2CCC(C3CCCC(C4CCCCC4)C3)CC2)CC1
C1CCC(CCC2CCCC(C3CCC(CC4CCCCC4)CC3)C2)CC1
C1CCC(C2CCCCC2C2CCCCC2C2CCCCC2)CC1
C1CCC(CC2CCCCC2C2CC(C3CCCCC3)CC(C3CCCC3)C2)CC1
C1CCC(CC2CCC(C3CCC(C4CCCCC4)CC3)C(C3CCCCC3)C2)CC1
C1CCC(CC2CCCC(C3CCCC4CC(C5CCCCC5)CCC43)C2)CC1
C1CCC(C2CCC3CC(CCC4CCC(C5CCCCC5)CC4C4CCCCC4)CC3C2)CC1
C1CCC(CCC2CCC(C3CCCC(C4CCCC5CCCCC54)C3)CC2)CC1
C1CCC(CCC2CCCCC2C2CCCC(C3CCCCC3)C2)CC1
C1CCC(CCCC2CC(CC3CCCCC3)C3CCC(C4CCCCC4)CC23)CC1
C1CCC(CCCC2CCC(CC3CCC(C4CC5CCCCC5C4)CC3)CC2)CC1
C1CCC(C2CCCC(C3CCCCC3)C2)CC1
C1CCC(CC2CCC(C3CCCCC3CC3CCCCC3)CC2)CC1
C1CCC(CC2CCCC(C3CCCCC3)C2)CC1
C1CCC(C2CCC(C3CCCC(CC4CCCC4)C3)CC2)CC1
C1CCC(C2CCCCC2C2CCC(C3CCCC(CC4CCC5CCCC5C4)C3)C2)CC1
C1CCC(CC2CCC(CCC3CCCCC3C3CCC(C4CCCC4)CC3)CC2)CC1
C1CCC(CC2CCC(C3CCCC(C4CCCC4)C3)CC2)CC1
C1CCC(C2CCC(C3CCCCC3)CC2)CC1
C1CCC(C2CCCCC2CCCC2CC2)CC1
C1CCC(CC2CCC(C3CCCCC3C3CCCC(CC4CCCC4)C3)CC2)C1
C1CC2CCC(C3CCCCC3C3CCC4CCCCC43)CC2C1
C1CCC(CCC2CCC3C(CC4CCCCC4)CC(C4CCCC4)C3C2)CC1
C1CC(CCC2CCC(CC3CCCC(C4CCC4)C3)CC2)CC(CC2CCC3CCCCC32)C1
C1CCC(C2CCCC(C3CCCCC3)C2)CC1
C1CCC(CCCC2CCCC(CCC3CCCCC3CC3CCCC3)C2)CC1
C1CCC(CC2CC(C3CCC(C4CCCC4)CC3)C3CCCCC23)CC1
C1CCC(C2CCCC(CCC3CCCC(C4CCCCC4)C3)C2)CC1
C1CCC(CC2CCCC(C3CCCC(C4CCCC4)C3)C2)CC1
C1CCC(CCC2CC(C3CC3)CCC2C2CCCCC2)CC1
C1CCC(CCC2CCC(C3CCC4CCCCC43)CC2)CC1
C1CCC(C2CCCC(C3CCCCC3)C2)CC1
C1CCC(CC2CCC(C3CCC(C4CCCCC4)CC3C3CCCCC3)CC2)CC1
C1CCC(CC2CCC(C3CCCC(CC4CCCCC4)C3)CC2)CC1
C1CCC(CCC2CCCCC2C2CCCCC2C2CCCCC2)CC1
C1CCC(CC2CCCC(CC3CCC4CCCC4C3)C2)CC1
C1CCC(CC2CC(CC3CCCCC3)C3CCCCC23)CC1
C1CCC(CCC2CCC(C3CCC(C4CCCCC4C4CCCCC4)CC3)CC2)CC1
C1CCC(CC2CCC(C3CCC(C4CCCCC4)CC3)CC2)CC1
C1CCC(C2CCCC(C3CCCCC3C3CCCC3)C2)CC1
C1CCC(CC2CCC(C3CCCCC3C3CCCC3)CC2)CC1
C1CCC(CC2CCC(C3CCCCC3)CC2)CC1
C1CCC(C2CCCC(C3CCCCC3C3CC3)C2)CC1
C1CCC(CCC2CCCCC2C2CCCC(C3CCCCC3)C2)CC1
C1CCC(CCC2CC(CC3CCCCC3)CCC2CCC2CCCCC2C2CCCCC2)CC1
C1CCC(C2CCCCC2C2CCCCC2)CC1
C1CCC(CC2CCC(CCCC3CCCC(C4CCCCC4)C3)CC2)CC1
C1CCC(CC2CCC(C3CCC(CCC4CCC(C5CCCCC5)CC4)C(C4CCCC4)C3)C2)CC1
C1CCC(C2CCCC(C3CC(C4CCCCC4)C(C4CCCCC4)C4CCCC34)C2)CC1
C1CCC(CC2CCCC(CC3CCCCC3CC3CCCCC3)C2)CC1
C1CCC(CC2CCCCC2C2CCC3C(CCCC3C3CCCCC3C3CCCC3)C2)CC1
C1CCC(C2CCC(CCC3CCC4C(CCCC4C4CCCCC4)C3)CC2)CC1
C1CCC(CCCC2CC(C3CCCC(CC4CCCCC4)C3)C3CCCCC23)CC1
C1CCC(C2CC(C3CCCCC3)CC(C3CCCC(C4CCCC4)C3)C2)CC1
C1CCC(CC2CCCCC2C2CCCCC2)CC1
C1CCC(CCCC2CCC(C3CCCCC3)CC2)CC1
C1CCC(CC2CCCC(C3CCC4CCC(C5CCCCC5)CC4C3)C2)CC1
C1CCC(CC2CCCC(C3CCCCC3)C2)CC1
C1CCC(C2CCCC(C3CCC(C4CCC5CCCC5C4)CC3)C2)CC1
C1CCC(C2CCCC(CCCC3CCCCC3C3CCCCC3)C2)CC1
C1CCC(CC2CCC(C3CC(CC4CCCCC4)C4CCCCC43)CC2)CC1
C1CCC(CC2CCCCC2CC2CCCCC2)CC1
C1CCC(C2CCCC3CC(CC4CCC(CC5CCCC5)CC4)CCC32)CC1
C1CCC(CC2CC(C3CCCCC3)CC(C3CCCC(C4CCCC4)C3)C2)CC1
C1CCC(CC2CCCC(C3CC(CC4CCCC(CC5CCCC5)C4)C4CCCCC43)C2)CC1
C1CCC(CC2CCC(CC3CCC4C(CCC4C4CCCCC4)C3)CC2)CC1
C1CCC(CCC2CCCC(CCCC3CCC(CC4CCCC(C5CCCC5)C4)CC3)C2)C1
C1CC2CCC(CC3CCC(C4CCCCC4CCC4CC4)CC3)CC2C1
C1CCC(CCCCC2CCCCC2C2CCCC(CC3CCC(CC4CCCCC4)CC3)C2)CC1
C1CCC(CC2CCC(C3CCCC(C4CCCCC4)C3)CC2)CC1
C1CCC(CC2CCC(C3CCCCC3)CC2)CC1
C1CCC(CCC2CCC3C(CC4CCCCC4)CC(C4CCCCC4)C3C2)CC1
C1CCC(CCC2CCC(CC3CCCCC3)CC2)CC1
C1CCC(CC2CCC(C3CC(CC4CCCCC4)C4CCC(C5CCCCC5)CC43)CC2)CC1
C1CCC(CC2CC(C3CCCCC3)CC(C3CCC3)C2)CC1
C1CCC(CCCCCC2CCCC3CCCCC23)CC1
C1CCC(CCCCC2CCC(C3CCC(C4CCCCC4C4CCCC4)CC3)CC2)CC1
C1CCC(CCC2CCC(CC3CC(C4CC4)C4CCCCC34)CC2)CC1
C1CCC(CCC2CC(C3CCCCC3)CC(C3CCCCC3)C2)CC1
C1CCC(CCC2CCCCC2)CC1
C1CCC(CC2CCC(CC3CC4CCCCC4C3)CC2)CC1
C1CCC(CCC2CCCCC2C2CCCC(CC3CCCCC3)C2)CC1
C1CCC(CCC2CCC(CC3CCC(CC4CCCCC4)CC3)CC2)CC1
C1CCC(CCCCC2CC(CC3CCCCC3)CCC2CC2CCC(CC3CCCCC3)CC2)CC1
C1CCC(C2CC(C3CCC4CCCCC43)CC3CCC(C4CCC(CC5CC6CCCCC6C5)C4)CC32)CC1
C1CCC(CC2CCC(CC3CCCC(CC4CCCCC4)C3)CC2)CC1
C1CCC(C2CCCCC2CC2CCCC(CC3CC(C4CC4)C4CCCCC34)C2)CC1
C1CCC(CC2CCC(CC3CCC(C4CCCCC4)CC3)CC2)CC1
C1CCC(C2CCCCC2C2CCCCC2C2CCCCC2)CC1
C1CCC(CC2CCCCC2)CC1
C1CCC(CC2CCC(CC3CCC4CC(C5CC5)CC(C5CCCCC5)C4C3)CC2)CC1
C1CCC(C2CCCC(C3CCC(CC4CCC4)CC3C3CCCCC3)C2)CC1
C1CCC(CC2CCCC(C3CCCCC3)C2)CC1
C1CCC(CCCC2CCC(CC3CCCCC3)CC2)CC1
C1CCC(CC2CCC(C3CC3)CC2C2CCCC(C3CCCCC3)C2)CC1
C1CCC(CCC2CCCC(C3CCC(C4CCCCC4)CC3C3CCCC3)C2)CC1
C1CCC(CC2CCCC(C3CCCCC3)C2)CC1
C1CCC(CCCCC2CCC(CCC3CCCCC3)CC2)CC1
C1CCC(C2CC(CCCC3CCC(C4CCC4)CC3)CC(C3CCCCC3)C2)CC1
C(CCC(C1CCCC1)C1CCCC(C2CCC(C3CCC3)CC2)C1)CC1CCC1
C1CCC(CC2CCC(C3CCCC4CCCCC43)CC2)CC1
C1CCC(C2CCCC(C3CCC(CC4CCCC(C5CCCC5)C4)CC3)C2)CC1
C1CCC(C2CCC(C3CCCCC3)CC2)CC1
C1CCC(CC2CCC(CCC3CCC(C4CCCCC4)CC3)CC2)CC1
C1CCC(C2CCC(C3CCCCC3)C(C3CCC4C(CCC4C4CCCCC4)C3)C2)CC1
C1CCC(CCC2CCCC(C3CCCCC3)C2)CC1
C1CCC(CCCC2CCCC(CC3CC4CCCCC4C3)C2)CC1
C1CCC(C2CCC(CCC3CCC(C4CCCCC4)CC3)CC2)CC1
C1CCC(C2CCC(C3CC(C4CCC5CCCCC5C4)C3)CC2)CC1
C1CCC(CC2CCCCC2CC2CCCC(CC3CCCC3)C2)CC1
C1CCC(CCC2CCCCC2)CC1
C1CCC(CCC2CCC(CC3CCCCC3C3CCCCC3)CC2)CC1
C1CCC(C2CCC(C3CCCCC3CCC3CCCCC3C3CCC4CCCC4C3)CC2)CC1
C1CCC(CCC2CCCC(CC3CCCCC3)C2)CC1
C1CCC(C2CCCC(C3CCCCC3C3CCCCC3)C2)CC1
C1CCC(CC(CCC2CCCC(C3CC3)C2)C2CCCCC2)CC1
C1CCC(C2CCC(CC3CCCCC3C3CCC(CCCC4CCC4)CC3C3CC4CCCCC4C3)C2)CC1
C1CCC(CC2CCC(C(C3CCCCC3)C3CCCCC3C3CCCC3)CC2)CC1
C1CCC(C2CCCCC2C2CCC(C3CCC(C4CCC(CC5CCC5)CC4)CC3)CC2)CC1
C1CCC(CC2CCC(C3CCC4C(CC5CCCCC5)CCCC4C3)CC2)CC1
C1CCC(CCCC2CCCCC2C2CC3CCC(C4CCCCC4)CC3C(C3CCCCC3)C2)CC1
C1CCC(CC2CCCC(C3CCC(C4CCCC(C5CCCC(C6CCCCC6)C5)C4)CC3)C2)CC1
C1CCC(CCC2CCCCC2C2CCCCC2)CC1
C1CCC(CCC2CCC(C3CCCCC3CC3CCCC(C4CCCC4)C3)CC2)C1
C1CCC(C2CCCCC2C2CCC3CCCC3C2)CC1
C1CCC(CC2CCC3CCCCC3C2)CC1
C1CCC(CCC2CCC(CC3CC(CC4CCCC(C5CCCC(C6CCCC6)C5)C4)C4CCCCC34)CC2)CC1
C1CCC(CC2CCC(C(CC3CC3)C3CC(CC4CC4)CC(C4CCCCC4C4CCCC4)C3)CC2)CC1
C1CCC(C2CCC(CC3CCC(CC4CCCC4)CC3)CC2)CC1
C1CCC(CC2CCC(CC3CCC(C4CCCCC4)C3)CC2C2CCCCC2)CC1
C1CCC(C2CC(CCC3CCCCC3C3CCCCC3)CC(CC3CCCC3)C2)CC1
C1CCC(CC2CCCC(C3CCCCC3C3CCCCC3)C2)CC1
C1CCC(CCC2CCC(C3CCCCC3C3CCC(C4CCCCC4)CC3)CC2)CC1
C1CCC(CCC2CCCC(C3CCC(CC4CCCCC4)CC3)C2)CC1
C1CCC(CCC2CCCC(C3CCCC(CCC4CCC(C5CCCCC5)CC4)C3)C2)CC1
C1CCC(C2CCCC(C3CCC4C(CCCC4C4CCCC(C5CCC5)C4)C3)C2)CC1
C1CCC(CC2CCCCC2C2CCC(C3CCCCC3)CC2)CC1
C1CCC(CC2CCC(C3CCC(C4CCCCC4)CC3)CC2)CC1
C1CCC(CCCC2CCC(C3CCCCC3)CC2)CC1
C1CCC(CCC2CCC(CC3CCC(CCC4CCCCC4)CC3)CC2)CC1
C1CCC(CCC2CCC(CC3CCCCC3)CC2)CC1
C1CCC(CC2CCCCC2C2CCC(C3CC3)C(C3CC3)C2)CC1
C1CCC(CCC2CCCC(CC3CCC4CCCCC4C3)C2)C1
C1CCC(CCC2CCC(CC3CCCCC3)C(CC3CCC3)C2)CC1
C1CCC(CCC2CCC(CC3CCCCC3)CC2)CC1
C1CCC(C2CCCCC2C2CCCCC2)CC1
C1CCC(CC2CCC(CC3CCC4CCCCC43)CC2)CC1
C1CCC(C2CCCC(CC3CCCCC3C3CCCCC3)C2)CC1
C1CCC(CC2CCC(CCCCC3CCCC(C4CCC(CC5CCCCC5)CC4)C3)CC2)CC1
C1CCC(CCC2CCC(CCC3CCCCC3)CC2)CC1
C1CCC(CCCC2CCC(CC3CCCCC3)CC2)CC1
C1CCC(CC2CCC(CC3CCC(CCC4CCCC4)CC3)CC2)CC1
C1CCC(CCC2CCC(C3CCCCC3C3CCCCC3)CC2)CC1
C1CCC(C2CCCC(C3CCCCC3C3CCC4CCCC4C3)C2)CC1
C1CCC(CC2CCC(C3CCCCC3)CC2)CC1
C1CCC(C2CCC(CC3CCC(C4CCCCC4)CC3)CC2)CC1
C1CCC(C2CCC(CC3CCCC(C4CCCCC4)C3)CC2)CC1
C1CCC(CC2CCCC(C3CCCCC3)C2)CC1
C1CCC(CC2CCCCC2C2CCC(C3CCCC(CC4CC4)C3)CC2)CC1
C1CCC(CC2CC(C3CCCCC3)CCC2C2CCCCC2C2CCCC2)CC1
C1CCC(CC2CCC(C3CCCCC3C3CCCCC3)CC2)CC1
C1CCC(CCCC2CCCCC2C2CCC(CC3CCCC3)CC2)CC1
C1CCC(CC2CCC(CC3CCC(CC4CCCCC4)CC3)CC2)CC1
C1CCC(CCC2CCCC(CC3CCCC(CC4CCCCC4)C3)C2)CC1
C1CCC(C2CCC(C3CCCCC3)CC2)CC1
C1CCC(CC2CCCC(CCC3CCC4CCCC4C3)C2)CC1
C1CCC(CC2CCC(CC3CCC(C4CCC5CCCCC5C4)CC3)C(CC3CCCC3)C2)CC1
C1CCC(CC2CCCC(C3CCCCC3CC3CCCCC3)C2)CC1
C1CCC(CC2CCC(C3CCC(CCC4CCCC4)CC3)CC2)CC1
C1CCC(C2CCCC3CC(C4CCCCC4C(C4CCCCC4)C4CCCCC4)CCC32)CC1
C1CCC(C2CCCCC2)CC1
C1CCC(CC2CCCC(CCCC3CCCC(C4CCC(C5CCCCC5)C5CCCC45)C3)C2)CC1
C1CCC(CC2CCC(CC3CCCC(C4CCCCC4)C3)CC2)CC1
C1CCC(CCCC2CCC(C3CCCC(CC4CC5CCCCC5C4)C3)CC2)CC1
C1CCC(CCC2CCCC(C3CCCC(CCC4CCCCC4)C3)C2)CC1
C1CCC(CCC2CCC(C3CCCC4CC(C5CCCCC5)CCC43)CC2)CC1
C1CCC(CC2CCCC(CC3CCC(CCC4CCCC4)CC3)C2)CC1
C1CCC(CC2CCCC(CCC3CCCC(CC4CCCCC4)C3)C2)CC1
C1CCC(CCC2CC(C3CCC4CCCCC43)CC3CCC(C4CCCCC4)CC23)CC1
C1CCC(CCCCC2CCC(CCCC3CCCCC3)CC2)CC1
C1CCC(CC2CCC3CC(C4CCC5CCCCC54)CCC3C2)CC1
C1CCC(C2CCCCC2CC2CC3CCCCC3C2)CC1
C1CCC(CCC2CCCC(CC3CCCCC3)C2)CC1
C1CCC(C2CCCC(C3CCCC3)C2)CC1
C1CCC(CCCCCC2CC(C3CCCCC3)CCC2CCC2CCCCC2)CC1
C1CCC(CCCC2CCCC(C3CCCCC3)C2)CC1
C1CCC2CC(CC3CCC(CC4CCC5CCCCC54)CC3)CC2C1
C1CC(CCC2CCCCC2C2CCCC2)CC(CC2CCC(CC3CC4CCCCC4C3)CC2)C1
C1CCC(C2CCCC(CC3CCC(C4CCC5CC(C6CCCCC6)CCC5C4)CC3)C2)CC1
C1CCC(CCCCCC2CCC(CC3CCC(CC4CCCCC4)CC3)CC2)CC1
C1CCC(CC2CCCCC2C2CCC(CC3CCC(C4CCCCC4)CC3)CC2)CC1
C1CCC(CC2CCC(CCCC3CCC(C4CCC(C5CCCCC5)CC4)CC3)C2)CC1
C1CCC(CCCC2CCC(CC3CCCCC3)CC2)CC1
C1CCC(C2CCC(CC3CCC(C4CCC(C5CCCC5)CC4)CC3)CC2)CC1
C1CCC(CC2CCCC(C3CCC(C4CCC5CCCC5C4)CC3C3CCCC3)C2)CC1
C(CCCC1CCCCC1)CCCC1CCCC(CC2CCC(C3CCCCC3)CC2)C1
C1CCC(CC2CC(C3CCC4CC(C5CCC(C6CC6)CC5)CCC43)C3CCCCC23)CC1
C1CCC(C2CCCC(C3CCC4CCCCC4C3)C2)CC1
C1CCC(C2CCCCC2CC2CCC(C3CCC(C4CCCC4)CC3)CC2)CC1
C1CCC(C2CCCCC2C2CCCCC2)CC1
C1CCC(C2CCC(C3CCCCC3)CC2)CC1
C1CCC(CC2CCC(C3CCC(C4CCCCC4CC4CCCCC4)CC3)CC2)CC1
C1CCC(C2CCCCC2CC2CCCC(C3CCCC(C4CCC4)C3C3CCCCC3)C2)CC1
C1CCC(CCC2CCC(CCCC3CCC4CCCCC4C3)CC2)CC1
C1CCC(C2CCC(C3CCCCC3C3CCCCC3)CC2)CC1
C1CCC(CC2CCC3C(CCC3C3CCCC(C4CCCC(CC5CCCC(C6CCCCC6)C5)C4)C3)C2)CC1
C1CCC(C2CCC3CC(C4CCCCC4)CCC3C2)CC1
C1CCC(C2CCC(CCCCC3CCCCC3CCC3CCCCC3C3CCCCC3)C2)CC1
C1CCC(CC2CCC(C3CCCCC3)CC2C2CCCCC2)CC1
C1CCC(CC2CC3CCCCC3C(C3CCCCC3)C2)CC1
C1CCC(CCCCC2CCCC(CC3CCC(CC4CC5CCCCC5C4)CC3)C2)CC1
C1CCC(CC2CCC(CC3CC4CCCCC4C3)CC2)CC1
C1CCC(CC2CCC(C3CC(CC4CCCCC4)C4CCCCC43)CC2)CC1
C1CCC(CCCC2CCC(C3CCCCC3)CC2C2CCCCC2)CC1
C1CC(C2CCC(C3CC3)CC2)CC(C2CCC(C3CCCCC3C3CCCC3)CC2)C1
C1CCC(CC2CCCCC2C2CC(CCC3CCCC4CCCCC43)C3CCCCC32)CC1
C1CCC(C2CCCCC2CC2CCC3CCCC3C2)CC1
C1CCC(C2CCC(C3CCCC(C4CC5CCCCC5C4)C3)CC2)CC1
C1CCC(CCC2CCCC(C3CCC(CC4CCCCC4)CC3)C2)CC1
C1CCC(CCCCC2CCCC(C3CCCCC3)C2)CC1
C1CCC(CCC2CCCC(C3CCC(CC4CCCC5CCCCC54)C(C4CCCCC4)C3)C2)CC1
C1CCC(CC2CCCCC2C2CCCCC2CC2CCC3CCCCC32)CC1
C1CCC(CC2CCC3C(CCC4CCCC4)CC(CCC4CCCC4)C3C2)CC1
C1CCC(CC2CCCCC2C2CCCC(C3CCCCC3)C2)CC1
C1CCC(CCC2CCC(CC3CCCCC3)CC2)CC1
C1CCC(CC2CCCC(CCC3CCCC4CCCCC43)C2)CC1
C1CCC(C2CCCCC2CC2CCC(C3CCC4CCCC4C3)CC2)CC1
C1CCC(C2CCCC(C3CCCCC3)C2)CC1
C1CCC(CCCC2CC(CC3CCCCC3)C3CCC(C4CCCCC4)CC23)CC1
C1CCC(CCCC2CC(C3CCCCC3C3CCCCC3)C3CCCCC23)CC1
C1CCC(CC2CCC(CCC3CCC(C4CCCCC4)CC3)CC2)CC1
C1CCC(C2CCCCC2C2CCC(CC3CCC4CCCC4C3)CC2)CC1
C1CCC(CC2CC(C3CCCC3)CC(C3CCCCC3C3CCC4CCCCC4C3)C2)CC1
C1CCC(CC2CCCC(CC(C3CCCCC3)C3CCC4CCCCC43)C2)CC1
C(CCCC1CCC(C2CCCCC2)CC1)CCC1CCCCC1
C1CCC(CCCC2CCCC(C3CCC3)C2)CC1
C1CC(CC2CC2)CC(C2CCCC(CC3CC4CCCCC4C3)C2)C1
C1CCC(CCCCCC2CCC(CC3CCC(CCC4CC5CCCCC5C4)CC3)CC2)CC1
C1CCC(CCCC2CCC(C3CC(CC4CCCCC4)C4CCCCC43)CC2)CC1
C1CCC(C2CCCC(C3CCC(C4CCCC4)CC3)C2)CC1
C1CCC(CC2CC(C3CCCC(CC4CCCCC4C4CCC5CCCCC5C4)C3)C3CCCCC23)C1
C1CCC(C2CCC3CC(C4CCC5CCCCC54)CCC3C2)CC1
C1CCC(CC2CCC(CC3CCC(CCC4CC5CCCCC5C4)CC3)CC2)CC1
C1CCC(CC2CCCC(C3CCCCC3)C2)CC1
C1CCC(CC2CCCC(C3CCCC3)C2)CC1
C1CCC(CC2CCC(C3CCCC(C(CC4CCCCC4)C4CC4)C3)CC2)CC1
C1CCC(CC2CCCC(C3CCCC(C4CCCCC4)C3)C2)CC1
C1CCC(CCC2CCCC(C3CCCCC3)C2)CC1
C1CCC(CC2CCCCC2CCCCCC2CCCC(CC3CCCC(C4CC4)C3)C2)CC1
C1CCC(CCCC2CCC3CCC(C4CCCC(C5CCCCC5)C4)CC23)CC1
C1CCC(C2CCC(C3CCCCC3C3CCC4CC(C5CC6CCCCC6C5)CC4C3)CC2)CC1
C1CCC(CC2CCC(C3CCCCC3)CC2C2CCCCC2)CC1
C1CCC(CC2CCCC(CC3CCCC(C4CCCC4)C3)C2)CC1
C1CCC(CC2CCCCC2C2CCCC(CC3CCC3)C2)CC1
C1CCC(CC2CCC(C3CCCCC3)CC2)CC1
C1CCC(CC2CCC(CCC3CCCC3)CC2)CC1
C1CCC(CCCC2CCCC(CC3CCC(CC4CCCCC4)CC3)C2)CC1
C1CCC(CC2CCCC(C3CCC(CC4CCCC4)CC3)C2)CC1
C1CCC(CCC2CCC(C3CCCCC3C3CCCC3)CC2)CC1
C1CCC(CC2CCC(C3CCC(CC4CCC(C5CCCCC5)CC4)CC3)CC2)CC1
C1CCC(C2CCCC(CC3CC4CCCCC4C3)C2)CC1
C1CCC(CC2CCC(CCC3CCCC3)CC2)CC1
C1CCC(CCC2CCC(CC3CCCCC3)CC2C2CCCCC2)CC1
C1CCC(CC2CCC(CC3CCCCC3)C(C3CCC4CCCC4C3)C2)CC1
C1CCC(CCCC2CCC(C3CCCCC3)CC2)CC1
C1CCC(CCC2CCC(C3CCCCC3C3CCCC3)CC2)CC1
C1CCC(C2CCC(CC3CCC4CC(C5CCC6CCCCC65)CCC4C3)CC2)CC1
C1CCC(CC2CCCC(CC3CCCCC3)C2)CC1
C1CCC(CC2CCCC(C3CCCCC3CC3CC4CCCCC4C3)C2)CC1
C(CC1CCC(CC2CCCCC2C2CCC3CCCC3C2)CC1)CC1CCC2CCCC2C1
C1CCC(CC2CCC(C3CCCCC3)CC2)CC1
C1CCC(CC2CCCC(CC3CCCCC3)C2)CC1
C1CCC(C2CCC(C3CCCC(C4CC4)C3)CC2)CC1
C1CCC(CCC2CCC(CC3CC4CCCCC4C3)CC2)CC1
C1CCC(CC2CCC(C3CCCC(CC4CCCCC4)C3)CC2)CC1
C1CCC(CC2CCCC(C3CCCC(C4CCCCC4CC4CCCCC4)C3)C2)CC1
C1CCC(CCC2CCC(CC3CCCCC3)CC2)CC1
C1CCC(CC2CCC(C3CCCCC3C3CC3)CC2)CC1
C1CCC(CC2CCCCC2C2CCCCC2)CC1
C1CCC(CC2CCC(C3CCCC(CCCCC4CC4)C3)CC2)CC1
C1CCC(CCCCC2CCCC(C3CCCC(CC4CCCCC4)C3)C2)CC1
C1CCC(C2CC(C3CCC(CC4CCC(C5CCCC5)CC4)CC3)C2)CC1
C1CCC(CC2CCC(C3CCC(CC4CCCCC4)C(C4CCCCC4C4CCCC(C5CCCC5)C4)C3)CC2)CC1
C1CCC(CCCC2CCC3CC(C4CCC5CCCCC54)CC(C4CCCCC4)C3C2)CC1
C1CC2CCC(C3CCCC(C4CCCC(C5CCC6CCCCC65)C4)C3)CC2C1
C1CCC(CC2CCC(C3CCCC(C4CCCCC4)C3)CC2)CC1
C1CCC(CCC2CCCCC2C2CCC3CCCCC32)CC1
C1CCC(C2CCCC(C3CCCC(C4CCCCC4C4CCCC4)C3)C2)C1
C1CCC(C2CCCC(C3CCCCC3)C2)CC1
C1CCC(C2CCCC(CC3CC3)C2)CC1
C1CCC(CC2CCC(C3CCC(C4CCCC4)CC3)CC2)CC1
C1CCC(C2CCC(C3CCCCC3)CC2)CC1
C1CCC(CC2CCC(CC3CCCC(C4CCCCC4)C3)CC2C2CCC3CCCCC3C2)CC1
C1CCC(CCC2CCCCC2CC2CC3CCCCC3C2)CC1
C1CCC(CCC2CCC(CCC3CCCC(C4CC4)C3)CC2)CC1
C1CCC(C2CC(C3CCCCC3)C3CCCCC23)CC1
C1CCC(CC2CCCCC2CC2CCC(C3CCCC(C4CCCC4)C3)CC2)CC1
C1CCC(C2CCC(C3CCCCC3)CC2)CC1
C1CCC(CC2CCCCC2C2CCC(C3CCCCC3)CC2)CC1
C1CCC(C2CC(CC3CCC(C4CCCC4)CC3)CC3CCCCC32)CC1
C1CCC(CCCC2CCCCC2CC2CCCCC2)CC1
C1CCC(CC2CC3CCC(C4CCCCC4)CC3C(C3CCCCC3)C2)CC1
C1CCC(C2CCCC(CCC3CCCC4CCCCC43)C2)CC1
C1CCC(CC2CCC(CC3CCCC(C4CCC4)C3)CC2C2CCCC2)C1
C1CCC(CC2CCC(CC3CCCCC3CC3CCCC(C4CCCCC4)C3)CC2)CC1
C1CCC(CC2CCC(CC3CCCCC3)CC2)CC1
C1CCC(CC2CCCC(C3CCCC(C4CCC5CCCC5C4)C3)C2)CC1
C1CCC(CCC2CCC(CC3CCCC(C4CCCCC4)C3)CC2)CC1
C1CCC(C2CCCC3CC(C4CCCCC4C4CCC5CCCC5C4)CCC32)CC1
C1CCC(CCCC2CCC(C3CCCC(C4CCCCC4)C3)CC2)CC1
C1CCC(CC2CCC(CC3CCC(C4CCCCC4)CC3)C(C3CCCC3)C2)CC1
C1CCC(CCCCCC2CCC(C3CCC(C4CC4)CC3)CC2)CC1
C1CCC(C2CCCCC2C2CCC(C3CCCCC3C3CCCCC3)C2)CC1
C1CCC(CCC2CC(CC3CC3)CC(C3CCCCC3)C2)CC1
C1CCC(CCC2CCCCC2CCC2CCCCC2)CC1
C1CCC(CCCCC2CCC(C3CCC4C(CCC4C4CCC(CC5CCCCC5)CC4)C3)CC2)CC1
C1CCC(CC2CCC(C3CCCCC3C3CCCCC3)CC2)CC1
C1CCC(CC2CCC(CC3CCC(CC4CCC5CCCCC54)CC3)CC2)CC1
C1CCC(CCCC2CCC(CC3CCC(C4CCCC(C5CCCC5)C4)CC3)CC2)CC1
C1CCC(CCC2CCCC(C3CCCCC3)C2)CC1
C1CCC(CCC2CCC(C3CCCC4CC(CC5CCCCC5)CCC43)CC2)CC1
C1CCC(C2CC(C3CC(CC4CCCCC4C4CCCCC4)C4CCCCC43)C2)CC1
C1CCC(CC2CCC(CC3CCCC(C4CCCCC4)C3)CC2)CC1
C1CCC(CC2CCCC(CC3CC(C4CCCCC4)C4CCCCC34)C2)CC1
C1CCC(C2CC(C3CCCCC3)CC(C3CCCC(C4CCCC4)C3)C2)CC1
C1CCC(CC2CCCC(CCC3CCCCC3CCC3CCCCC3C3CCCC3)C2)CC1
C1CCC(CC2CCC(CC3CCCC(CC4CCCCC4)C3)CC2)CC1
C1CCC(CC2CCC(CC3CCCCC3)CC2)CC1
C1CCC(CCC2CCC(CCC3CCC(CC4CCCCC4)CC3)CC2)CC1
C1CCC(CC2CCCC(C3CCC4CCCCC43)C2)CC1
C1CCC(CCC2CCC(C3CCCCC3)C(C3CCCCC3)C2)CC1
C1CCC(C2CCC(CCC3CCCC(CC4CCC5CCCCC5C4)C3)CC2)CC1
C1CCC(CCC2CCC(C3CC(CCC4CCCCC4)C4CCCCC43)CC2)CC1
C1CCC(CC2CCC(C3CCCC(C4CC5CCCCC5C4)C3)CC2)CC1
C1CC2CCC(CC3CCC(C4CCCC(CC5CC(C6CCCC6)C6CCCCC56)C4)CC3)CC2C1
C1CCC(C2CCCCC2C2CCCC(C3CCC(CC4CCCC(C5CCC5)C4)CC3)C2)CC1
C1CCC(CC2CCC(C3CCCC(C4CCCCC4)C3)CC2C2CCCCC2)CC1
C1CCC(C2CC(C3CCCCC3)C(C3CCCCC3)C3CCCC23)CC1
C1CCC(C2CC3CCCCC3C(C3CCCCC3)C2)CC1
C1CCC(C2CCCC(CC3CCC(C4CCCC4)CC3)C2)CC1
C1CCC(CCC2CCC(CC3CCCCC3)CC2)CC1
C1CCC(CC2CCC(C3CCCCC3)C(C3CCCCC3)C2)CC1
C1CCC(C2CCCC(C3CCCC(C4CCCCC4)C3)C2)CC1
C1CCC(CC2CCCC(C3CCCC(C4CCCCC4)C3)C2)CC1
C1CCC(CCC2CC(CC3CCCCC3)CCC2CC2CCCCC2)CC1
C1CCC(CC2CCC(C3CCCC(CC4CCCCC4C4CCCCC4)C3)C(C3CCCCC3)C2)CC1
C1CCC(CCCC2CCCCC2C2CCC3C(CCC3C3CCCC3)C2)CC1
C1CCC(CCC2CCCC(CCC3CCCCC3)C2CCC2CCCCC2)CC1
C1CCC(CC2CCC(CC3CCCCC3)CC2)CC1
C1CCC(CCC2CCC(C3CCCCC3)CC2)CC1
C1CCC(C2CCCC(C3CCC(C4CCC(CCC5CC5)CC4)CC3)C2)CC1
C1CCC(C2CC(C3CCC4CCCCC43)CC3CCCCC32)CC1
C1CCC(C2CCC(CC3CCC(CC4CCC5CCCC5C4)CC3)CC2)CC1
C1CCC(CCCC2CCCC(C3CCCCC3C3CCCCC3)C2)CC1
C1CCC(CC2CCC(C3CCCCC3CC3CCCCC3)CC2)CC1
C1CCC(C2CCCC3CC(C4CCCCC4C4CCCC4)CCC32)CC1
C1CCC(C2CCCC(C(CC3CC4CCCCC4C3)C3CCCCC3)C2)CC1
C1CCC(CCC2CCCC(C3CCC(C4CC4)CC3)C2)CC1
C1CCC(C2CCCC(C3CCCCC3C3CCC4CCCC4C3)C2)CC1
C1CCC(CCCC2CCC(CC3CCCCC3)CC2CCC2CCCCC2)CC1
C1CCC(CC2CC(C(C3CCCCC3)C3CCCCC3)C3CCCCC23)CC1
C1CCC(CC2CCCC(C3CC(C4CCCCC4)CC(C4CCCC(C5CCCCC5)C4)C3)C2)CC1
C1CCC(C2CCCCC2C2CCC3C(CCCC3C3CCCCC3)C2)CC1
C1CCC(CC2CCCCC2C2CCC(C3CCC(C4CCCCC4)CC3)CC2)CC1
C1CCC(CC2CCC(C3CCCCC3)CC2)CC1
C1CCC(CC2CCCC(CC3CCCCC3)C2)CC1
C1CCC(CC2CCC(C3CCCCC3C3CCCCC3)CC2)CC1
C1CCC(CCC2CCCC(CC3CC3)C2)CC1
C1CCC(CCCC2CCC(CC3CCC(CC4CCCCC4)CC3)CC2)CC1
C(CCCC1CCCCC1CC1CCCCC1)CCC1CCC(C2CCCCC2)CC1
C1CCC(C2CCCCC2CCC2CCC(C3CCCC(C4CC4)C3)CC2)CC1
C1CCC(CC2CCC(C3CCCCC3CC3CC4CCCCC4C3)CC2)CC1
C1CCC(C2CCC(C3CCCCC3)C(C3CCCCC3)C2)CC1
C1CCC(CCC2CCC(CCCCC3CCC(C4CCCCC4)CC3)CC2)CC1
C1CCC(C2CCC(CC3CCC(C4CCCCC4)C3)CC2)CC1
C1CCC(C2CCCC(CC3CCCC(C4CCCCC4)C3)C2)CC1
C1CCC(CCCC2CCCC(CC3CCCC(C4CCCCC4)C3)C2)CC1
C1CCC(CCCCC2CC(CC3CC3)CCC2C2CCCCC2)CC1
C1CCC(C2CCCC(C3CCCCC3)C2)CC1
C1CCC(CC2CCC(C3CCCCC3)CC2)CC1
C1CCC(C2CCC(C3CCCC3)CC2)CC1
C1CCC(CC2CC(C3CCCCC3)CC(C3CC3)C2)CC1
C1CCC(CC2CCCC(C3CCCCC3C3CCCCC3)C2)CC1
C1CCC(CC2CCC(CC3CCCC(C4CCC4)C3)CC2)CC1
C1CCC(CC2CCCCC2CCCC2CCC(C3CCC4CCCC4C3)CC2)CC1
C1CC(CCC2CCC(C3CCCC3)CC2)CC(CC2CC3CCCCC3C2)C1
C1CCC(CCCC2CCC(C3CCCC(CC4CCCC4)C3)CC2)CC1
C1CCC(CCC2CCCC(CCC3CCC(CC4CCCC4)CC3)C2)CC1
C(CCCC1CCCC(C2CCCCC2)C1)CCC1CCC(C2CCC(CC3CCCC3)CC2)CC1
C1CCC(CCCC2CCC(CC3CCCCC3)CC2)CC1
C1CCC(CCC2CCC(CC3CCCCC3)CC2)CC1
C1CCC(C2CCC(C3CCCC(C4CCCCC4)C3)CC2)CC1
C1CCC(CC2CCCC(CC3CCCC(C4CCCCC4)C3)C2)CC1
C1CCC(C2CCC(CCC3CCCC(C4CCC(CC5CCC(C6CC6)CC5)CC4)C3)CC2)CC1
C1CCC(CCC2CCCC(CC3CCC(C4CCCCC4)CC3)C2)CC1
C1CCC(CC2CCC(C3CCCC(C4CCCCC4)C3)CC2)CC1
C1CCC(CC2CCC(CCC3CCCC(CC4CCCCC4)C3)CC2)CC1
C1CCC(CC2CCC(CC3CCCC(CC4CCCCC4)C3)CC2)CC1
C1CCC(CCCCC2CCC(CC3CCCC(CC4CCCCC4)C3)CC2)CC1
C1CCC(CC2CCC(C3CCCCC3)CC2)CC1
C1CCC(CC2CCC3CCCC(C4CCCCC4)C32)CC1
C1CCC(CCC2CCCC(CCC3CCC(CC4CCCCC4)CC3)C2)CC1
C1CCC(CCC2CCCC(CC3CCC(C4CCCCC4)CC3)C2)CC1
C1CCC(CC2CCC(CCC(CC3CCCCC3)C3CCCCC3)CC2)CC1
C1CCC(C2CCC(C3CCCCC3C3CCCC(C4CCCC4)C3)C(C3CCCC3)C2)CC1
C1CCC(C2CCC(C3CCCCC3)CC2)CC1
C1CCC(CC2CCC(CCCCCC3CCCCC3C3CCCCC3)CC2)CC1
C1CCC(C2CCCCC2C2CCCCC2)CC1
C1CCC(CCCC2CCC(CC3CCCCC3)CC2)CC1
C1CCC(CC2CCC(CCC3CC(C4CCCCC4)C4CCCCC34)CC2)CC1
C1CCC(CCCC2CCC(CC3CCCCC3)CC2)CC1
C1CCC(CC2CCC(C3CC(CC4CC5CCCCC5C4)CC(C4CC4)C3)CC2)CC1
C1CCC(CC2CCC(CCCC3CCC4CC(C5CCC6CCCCC65)CC(C5CCCCC5)C4C3)CC2)CC1
C1CCC(CC2CCC(C3CCCC4CCC(C5CCCCC5)CC43)CC2)CC1
C1CCC(C2CCC(CC3CCC(CC4CCCC4)CC3)CC2)CC1
C1CCC(CC2CCC(CC3CCC(C4CCCC(CC5CCCCC5)C4)CC3)CC2)CC1
C1CCC(CCC2CCCC(CCC3CCCC(C4CCC5CCCC5C4)C3)C2C2CCCCC2)CC1
C1CCC(CC2CCC(CC3CCC4CCCC4C3)CC2)CC1
C1CCC(CC2CCC(CC3CCC(C4CCCCC4)CC3)CC2)CC1
C1CCC(C2CCCC(CCC3CCC(C4CC(C5CCCCC5)C4)CC3)C2)CC1
C1CCC(C2CCCC(C3CCCCC3)C2)CC1
C1CCC(CCC2CCC(CCC3CCCC(C4CCCCC4)C3)CC2)CC1
C1CCC(CC2CCCCC2CC2CCC(C3CCC4CCCCC43)CC2)CC1
C1CCC(CC2CC(C3CCCCC3)C3CCCCC23)CC1
C1CCC(CC2CCCC(C3CCCCC3CC3CCCCC3)C2)CC1
C1CCC(CCCC2CCCC(C3CCCCC3)C2)CC1
C1CCC(CC2CCC(C3CCC3)C(C3CCCCC3)C2)CC1
C1CCC(CC2CCC(C3CCC(CC4CCC4)CC3CC3CCC(C4CCCC4)CC3)CC2)CC1
C1CCC(CC2CCC(C3CCC(CC4CCCCC4)C3)CC2)CC1
C1CCC(C2CCCC(CC3CCC4CC(C5CCCCC5)CCC34)C2)CC1
C1CCC(C2CCC(CCC3CCCC(C4CCC(C5CCCCC5)CC4)C3)CC2)CC1
C1CCC(C2CCCC(CCC3CC4CCCCC4C3)C2)CC1
C1CCC(C2CCC(CC3CCC(C4CCCCC4)CC3)CC2)CC1
C1CCC(CCC2CC(CC3CCCCC3)C3CCC(C4CCCCC4)CC23)CC1
C1CCC(C2CCC(CC3CCCCC3CC3CCCC3)CC2)CC1
C1CCC(CC2CCCC(CC3CCCC4CC(C5CCCCC5)CCC34)C2)CC1
C1CCC(CCC2CCC3C(CC4CCCCC4)CCC3C2)CC1
C1CCC(CCCC2CCC(CC3CCC(CC4CCCCC4)CC3)CC2)CC1
C1CCC(C2CCCC(C3CCCCC3)C2)CC1
C1CCC(C2CCCCC2C2CCCCC2)CC1
C1CCC(CC2CCC3CCCCC3C2C2CCC3CCCCC3C2)CC1
C1CCC(C2CCCCC2CCC2CCC3CCCCC32)CC1
C1CCC(CCC2CCC(C3CCCC(CCC4CCCC(C5CCCCC5)C4)C3)CC2)CC1
C1CCC(CCC2CC(C3CCCCC3)CC(C3CCCCC3)C2)CC1
C1CCC(CC2CCC(C3CCCCC3)CC2)CC1
C1CCC(CCC2CCCC(C3CCCCC3)C2)CC1
C1CCC(CCCC2CCCC(CC3CCC(C4CCCCC4C4CCCCC4)C3)C2)CC1
C1CCC(CCC2CC(C3CCC3)CC(C3CCCC(CCC4CCC5CCCCC54)C3)C2)CC1
C1CCC(CCC2CCC(C3CCCC(C4CCC(C5CCCCC5)CC4)C3)CC2)CC1
C1CCC(CCCC2CCCCC2C2CCC(C3CCCCC3)C2)CC1
C1CCC(C2CCC(CCCC3CC4CCCCC4C3)CC2)CC1
C1CCC(C2CCCC(C3CCCCC3)C2)CC1
C1CCC(C2CCC(CC3CCCCC3C3CCCCC3)CC2)CC1
C1CCC(CCCC2CCC(CC3CCCCC3)CC2C2CCC(C3CCCC3)CC2)CC1
C1CCC(CCCC2CCC(C3CC(C4CCC5CCCCC54)CC4CCC(C5CCCC5)CC43)C2)CC1
C1CCC(CCCC2CCCC(CCC3CCCC(C4CCC5CCCC5C4)C3)C2)CC1
C1CCC(CCC2CCCC(CC3CCC4CCCC(C5CCCCC5)C4C3)C2)CC1
C1CCC(CC2CCC(CC3CC4CCCCC4C3)CC2)CC1
C1CCC(C2CCCC(C3CCCCC3C3CCCCC3)C2)CC1
C1CCC(CCCC2CCC(CC3CCCC(CC4CC5CCCCC5C4)C3)CC2)CC1
C1CCC(CC2CCC(C3CCCCC3C3CC4CCCC(C5CCCCC5)C4C3)CC2)CC1
C1CCC(C2CCC(C3CCCCC3)C(C3CCCCC3)C2)CC1
C1CCC(C2CCCCC2C2CCC3C(CCCC3CC3CC(C4CCCCC4)C4CCCCC34)C2)CC1
C1CCC(CCC2CCCC(C3CCCCC3)C2)CC1
C1CCC(CCC2CCCC(C3CCCCC3)C2)CC1
C1CCC(CCCCC2CCCC(C3CCCC(C4CCCCC4)C3)C2)CC1
C1CCC(C2CCC(C3CCCC(CC4CCCC(C5CC5)C4)C3)CC2C2CCCC2)CC1
C1CCC(CCC2CCC(C3CCC(CC4CCCC4)CC3)CC2)CC1
C1CCC(C2CCC(C3CCCCC3C3CCCCC3)CC2)CC1
C1CCC(C2CCCCC2CCC2CC3CCCCC3C2)CC1
C1CCC(C2CCC(CC3CCC(CC(CC4CCC4)C4CCCCC4)CC3)CC2)CC1
C1CCC(CC2CCCC(C3CCCCC3C3CCCCC3)C2)CC1
C1CCC(C2CCCC(CCCC3CCC(C4CCCC4)CC3)C2)CC1
C1CCC(CCC2CCC3CC(CC4CCC(CC5CCCCC5)CC4)CCC23)CC1
C1CCC(CC2CCC(CC3CCC4CCCCC4C3)CC2)CC1
C1CCC(CC2CCC(C3CCCCC3)CC2)CC1
C1CCC(CCCC2CCC(CCC3CCC(CC4CC5CCCCC5C4)CC3)CC2)CC1
C1CCC(C2CCC3C(CCCC3C3CCC(CC4CC5CCCCC5C4)CC3)C2)CC1
C1CCC(CC2CC(CC3CCCC(C4CCCCC4)C3)C3CCCCC23)CC1
C1CCC(CC2CC(CC3CCC(C4CCCC4)CC3)C3CCCCC23)C1
C1CCC(CC2CCC(C3CCCCC3)CC2)CC1
C1CCC(CCC2CCC(C3CCCC(CC4CCCCC4)C3)CC2)CC1
C1CCC(CCCC2CC(C3CCCCC3)C3CCC(CCC4CCCCC4)CC23)CC1
C1CCC(CCCCC2CCCC(CC3CCCC3)C2)CC1
C1CCC(CC2CCC(C3CCC(C4CCC(CC5CCCCC5)CC4)CC3)CC2)CC1
C1CCC(C2CCCC3CCC(C4CCCCC4C4CC4)CC32)CC1
C1CCC(C2CCCC(C3CCCC(C4CCCCC4C4CCCCC4)C3)C2)CC1
C1CCC(C2CCCCC2C2CCC(CCCCC3CCCC3)CC2)CC1
C1CCC(C2CCC3C(CCC3C3CCCCC3)C2)CC1
C1CCC2CC(C3CCC4CCCCC43)CCC2C1
C1CCC(C2CCCC(C3CCCC(C4CCCC4)C3)C2)CC1
C1CCC(CC2CCCC(CCC3CCCC4CCCCC43)C2)CC1
C1CCC(CCCC2CCC(CC3CC4CCCCC4C3)CC2)CC1
C1CCC(CCCCCC2CCCCC2)CC1
C1CCC(CCC2CCCC(C3CCC(C4CCCCC4)CC3)C2)CC1
C1CCC(CC2CCC(C3CCC(C4CCCCC4)C3)CC2)CC1
C1CCC(C2CCC(C3CCC4CCCCC4C3)CC2)CC1
C1CCC(C2CCC3CCCC(C4CCCCC4)C3C2)CC1
C1CCC(CC2CCC3C(CC4CCCCC4)CC(C4CCCCC4)C3C2)CC1
C1CCC(C2CCC(C3CCC3)CC2)CC1
C1CCC(CC2CCCCC2C2CCCCC2)CC1
C1CCC(CCC2CCCCC2C2CCC3CCCCC32)CC1
C1CCC(C2CCC(CC3CC(C4CCCCC4)C4CCCCC34)CC2)CC1
C1CCC(CCC2CCC(CC3CCC(C4CCC(CC5CCCCC5)CC4)CC3)CC2)CC1
C1CCC(C2CCCC(C3CCCC(C4CCCC(C5CCCCC5)C4)C3)C2)CC1
C1CCC(CC(CC2CCCC(C3CCCCC3)C2)C2CCC3CCCC3C2)CC1
C1CCC(CCC2CCC(CC3CCCCC3)C(CC3CCCCC3)C2)CC1
C1CCC(C2CCCC(C3CCC(C4CCCCC4CC4CCCC4)CC3)C2)CC1
C1CCC(CCCCC2CCC(C3CCC(C4CCC4)CC3)CC2)CC1
C1CCC(CCC2CCCC(CC3CCCC3CC3CCCCC3)C2)CC1
C1CCC(CCC2CCC(C3CCCCC3)C2)CC1
C1CCC(CC2CCCCC2C2CCC3C(C2)C(CCC2CCCC2)CC3C2CCCCC2)CC1
C1CCC(CC2CCC(CCCC3CCC(C4CCCCC4)CC3)CC2)CC1
C1CCC(CC2CCC(CCCC3CCCC(C4CCCCC4)C3)CC2)CC1
C1CCC(CCC2CCC(CCC3CCCCC3C3CCCCC3)CC2)CC1
C1CCC(C2CCC(CC3CCCC(C4CCCCC4)C3)CC2)CC1
C1CCC(CC2CCC(C3CCC(C4CCCCC4)CC3)CC2)CC1
C1CCC(CC2CC(CC3CCCC(C4CC4)C3)C3CCCCC23)CC1
C1CCC(CC2CCC3CC(C4CCC5CCCCC54)CCC3C2)CC1
C1CCC(CC2CCC(CCC3CCCCC3C3CCCCC3)CC2)CC1
C1CCC(CC2CCC3C(CCC3CC3CCCC(C4CCCCC4)C3)C2)CC1
C1CCC(CCC2CCCCC2C2CCC(C3CC4CCCCC4C3)CC2)CC1
C1CCC(C2CCCC(C3CCCCC3)C2)CC1
C1CCC(CCC2CCCCC2CC2CCC(C3CCC(C4CCCCC4)CC3)CC2)CC1
C1CCC(C2CCC(C3CCCC(C4CCC(C5CC5)CC4)C3)CC2)CC1
C1CCC(CC2CCCC(CCCC3CCCC3)C2)CC1
C1CCC(CCC2CC(CC3CCCCC3C3CCCCC3)CC(C3CCCCC3)C2)CC1
C1CCC(CC2CCCCC2CC2CCCC(CC3CCCC(C4CCCCC4)C3)C2)CC1
C1CCC(C2CCC(C3CCCCC3C3CCC4CCCCC4C3)CC2C2CCCCC2)CC1
C1CCC(CC2CCCCC2C2CCCCC2)CC1
C1CCC(CC2CCCCC2C2CCCCC2C2CCC3CCCC3C2)CC1
C1CCC(CC2CCC(CC3CCC(C4CCCCC4)CC3C3CCCC3)CC2)CC1
C1CCC(CC2CCCC(C3CCCC(C4CCCCC4CC4CCCCC4)C3)C2)CC1
C1CCC(CC2CCC3CC(C4CCCCC4)CCC23)CC1
C1CCC(C2CCC3C(CCCC3C3CCC(CC4CCCCC4C4CCCC4)CC3)C2)CC1
C1CCC(C2CCCC(C3CCCCC3)C2)CC1
C1CCC(CC2CCC(C3CCCCC3)CC2)CC1
C1CCC(C2CCC(C3CC(CCC4CCCC4)C4CCCCC43)CC2)CC1
C1CCC(CC2CCC(CC3CCCCC3)CC2)CC1
C1CCC(CC2CCCC(CC3CCCCC3)C2)CC1
C1CCC(C2CC(CC3CC3)CC(C3CCCCC3)C2)CC1
C1CCC(CCC2CCCC(C3CCCCC3)C2)CC1
C1CCC(CC2CCC(C3CCCCC3)CC2)CC1
C1CCC(CC2CCCCC2C2CCCC(C3CCCCC3)C2)CC1
C1CCC(C2CCC(C3CCCC(C4CCCCC4C4CCCCC4)C3)CC2)CC1
C1CCC(C2CCC(C3CCCC(C4CCCCC4)C3)CC2)CC1
C1CCC(CCCC2CCC(C3CCCC(C4CCCC4)C3)CC2)CC1
C(CCCC1CCC(CC2CCC(C3CCC(C4CCCCC4)CC3)CC2)CC1)CCC1CCCCC1
C1CCC(C2CCCC(CCC3CCCCC3C3CCCCC3)C2)CC1
C1CCC(CCC2CCCCC2)CC1
C1CCC(CCCC2CCCC(CC3CCCCC3)C2)CC1
C1CCC(CC2CCCC(C3CCCCC3C3CCCC3)C2)CC1
C1CCC(CC2CCC(C3CCCCC3C3CCC4CCCC4C3)CC2)C1
C1CCC(CCCC2CCCC(C3CCC(CCC4CCCCC4)CC3)C2)CC1
C1CCC(CC2CCCC(CCC3CCCCC3C3CCCCC3)C2)CC1
C1CCC(CCC2CC(C3CCCCC3)CC(C3CCCC(C4CCCCC4)C3)C2)CC1
C1CCC(C2CCCC(C3CCCC(C4CCCCC4)C3)C2)CC1
C1CCC(C2CCCCC2CCCC2CCCCC2C2CCCC2)CC1
C1CCC(CCC2CCC(C3CCCCC3)C(C3CCCCC3)C2)CC1
C1CCC(CC2CCC(CC3CCC4C(CC5CCCCC5)CCC4C3)CC2)CC1
C1CCC(C2CCC(C3CCCCC3)C(C3CCC4C(CCC4C4CCCC4)C3)C2)CC1
C1CCC(C2CCC(CCCC3CCC(C4CCCC4)CC3)CC2)CC1
C1CCC(C2CCCC(CC3CCCCC3C3CCC4CCCC4C3)C2)CC1
C1CCC(CC2CCCCC2C2CCCCC2)CC1
C1CCC(CCC2CC(CC3CCCCC3)C3CCC(C4CCCCC4)CC23)CC1
C1CCC(CC2CCC(C3CCCCC3)CC2)CC1
C1CCC(CC2CCC(CC3CCC4CCCCC4C3)CC2C2CCC3C(CCC3C3CCCC3)C2)CC1
C1CCC(C2CCC(CC3CCCC(C4CCCC(C5CCCCC5)C4)C3)CC2)CC1
C1CCC(CC2CCCCC2C2CCC(C3CCCCC3)CC2C2CCC3CCCC3C2)CC1
C1CCC(CC2CCC(C3CCCCC3)CC2)CC1
C1CCC(C2CCCCC2)CC1
C1CCC(C2CCCC(CCC3CCC(C4CCCC4)CC3)C2)CC1
C1CCC(CC2CCC(C3CCCCC3)CC2C2CC2)CC1
C1CCC(CC2CCCC(C3CCCCC3C3CCCC3)C2)CC1
C1CCC(CC2CCCC(C3CCCCC3)C2)CC1
C1CC(C2CCCC(C3CC(C4CCCC4)C4CCCCC34)C2)C1
C1CCC(CC2CCC(CCCC3CCCC(C4CCCC(CC5CC5)C4)C3)CC2)CC1
C1CCC(C2CCCCC2C2CCCC(C3CCC4CCCC4C3)C2)CC1
C1CCC(CCC2CCCC(C3CCCC(C4CCCCC4)C3)C2)CC1
C1CCC(CCCC2CCCCC2)CC1
C1CCC(CCC2CCC(CCC3CCCC(C4CCCCC4)C3)CC2)CC1
C1CCC(C2CCC(CC3CCCC(C4CCCCC4)C3)CC2)CC1
C1CCC(C2CCCC(C3CCC(C(C4CCCC4)C4CCCC(C5CCC5)C4)CC3)C2)CC1
C1CCC(CCCCC2CCC(C3CCCCC3CCC3CCCCC3)C2)CC1
C1CCC(CCC2CCC(C3CCCC(CC4CC5CCCCC5C4)C3)CC2)CC1
C1CCC(C2CCC(C3CCCCC3C3CCCCC3)CC2)CC1
C1CCC(CCC(C2CCCCC2)C2CCCC(C3CC3)C2)CC1
C1CCC(CCC2CCCC(C3CCCC(CC4CCCCC4)C3)C2)CC1
C1CCC(CC2CCCC(CC3CCCCC3)C2)CC1
C1CCC(CC2CCCC(C3CCC(C4CCCC4)CC3)C2)C1
C1CCC(CCC2CCC(CCCCC3CCC(CC4CCCCC4)CC3)CC2)CC1
C1CCC(CC2CCCCC2C2CCC(CC3CCC3)CC2)CC1
C1CCC(C2CCCC(C3CCCCC3C3CCCCC3)C2)CC1
C1CCC(C2CCC(C3CCCCC3C3CCCCC3)CC2)CC1
C1CCC(CCCC2CCC(C3CCCC(CC4CC4)C3)CC2)CC1
C1CCC(C(CC2CCC(C3CCCC(CC4CC5CCCCC5C4)C3)CC2)C2CCC2)CC1
C1CCC(C2CCC3C(CCCC3C3CCCC(CCC4CC5CCCCC5C4)C3)C2)CC1
C1CCC(CC2CCC(C3CCCCC3)CC2)CC1
C1CCC(CCCCC2CCCC(CC3CCCC(CCCCC4CC4)C3)C2)CC1
C1CCC(C2CCC(CC3CCC(CC4CCCCC4C4CCCC4)CC3)CC2)CC1
C1CCC(CC2CCC(CC3CCCC(CC4CCCCC4)C3)CC2)CC1
C1CCC(CC2CCC(C3CCCCC3)CC2)CC1
C1CCC(C2CCCC(CC3CCC(C4CC4)CC3)C2)CC1
C1CCC(CC2CCCC(C3CCC(CC4CC5CCCCC5C4)CC3)C2)CC1
C1CCC(C2CC(C3CCCCC3)C(C3CCCC(C4CCCC4)C3)C2)CC1
C1CCC(CC2CCC(C3CCC(C4CCCCC4)CC3)CC2)CC1
C1CCC(CCC2CCCCC2C2CCCC(C3CCCCC3)C2)CC1
C1CCC(CC2CC(CC3CCCCC3)C3CC(C4CC5CCCCC5C4)CCC23)CC1
C1CCC(CC2CCC(CCCCC3CCCCC3C3CCCCC3)CC2)CC1
C1CCC(CCC2CCC(CC3CCCC(CC4CC5CCCCC5C4)C3)CC2)CC1
C1CCC(CC2CCCC(CCCC3CCCC(C4CCCC4)C3)C2)CC1
C1CCC(CC2CCCC(C3CCCCC3)C2)CC1
C1CCC(C2CC(C3CCCCC3)CC(C3CCC3)C2)CC1
C1CCC(CC2CCC(CC3CCCCC3)CC2)CC1
C1CCC(CC(C2CCCC(C3CCCCC3)C2)C2CCC3CCCC3C2)CC1
C1CCC(C2CC(C3CCC4CCCCC43)CC3CCCCC32)CC1
C1CCC(CCC2CCC(CCC3CCCCC3C3CCCC3)CC2)CC1
C1CCC(CC2CCCC(CC3CCC(C4CCCCC4)CC3)C2)CC1
C1CCC(CC2CCCCC2CCC2CCC(C3CCCC3)CC2)CC1
C1CCC(C2CCCC(C3CCCC(C4CCC(C5CCCC5)CC4)C3)C2)CC1
C1CCC(C2CCCC(C3CC(C4CCCCC4)C4CCCCC34)C2)CC1
C(CCCCC1CCCC(C2CCCCC2)C1)CCCC1CCCCC1
C1CCC(C2CCC(C3CCC(C4CCCCC4)CC3)CC2)CC1
C1CCC(CCCCC2CCC(CC3CCCCC3)CC2CCCC2CCCCC2)CC1
C1CCC(CC2CCCCC2C2CCCC(C3CCCCC3)C2)CC1
C1CCC(CCCCC2CCC(CC3CCCCC3)CC2)CC1
C1CCC(CC2CCC(C3CCC(C4CCCCC4)CC3C3CCCCC3)CC2)CC1
C1CCC(C2CCC(CC3CC4CCCCC4C3)CC2)CC1
C1CCC(C2CCC(CC3CCCCC3C3CCCCC3)C2)CC1
C1CCC(C2CCCC(C3CCCCC3C3CC4CCCCC4C3)C2)CC1
C1CCC(CCCC2CCC(C3CCCC(C4CCCCC4)C3)CC2)CC1
C1CCC(CCCC2CCCC(C3CCCCC3)C2)CC1
C1CCC(C2CCCC(CC3CCC(CC4CCC4)CC3)C2)CC1
C1CCC2C(C1)CCC2C1CC2CCCCC2C(C2CCC(CCC3CC3)CC2)C1
C1CCC(CCC2CCC(CC3CCC(CC4CC5CCCCC5C4)CC3)CC2)CC1
C1CCC(CC2CCCC(CCCCCC3CCC(C4CC5CCCCC5C4)CC3)C2)CC1
C1CCC(CCCC2CCC(C3CCC(CCCC4CCC(CCC5CCCC5)CC4)CC3)CC2)CC1
C1CCC(C2CCC(C3CC(C4CCCCC4)C3)CC2)CC1
C1CCC(CC2CCCC(C3CCCC(C4CCCC4)C3)C2)CC1
C1CCC(C2CCCC(CC3CC(C4CCCCC4)C4CCCCC34)C2)CC1
C1CCC(C2CCC(C3CCC4CCCCC4C3)C(C3CCCCC3)C2)CC1
C1CCC(CCCCC2CCC(CCCCCC3CCC(CC4CCCCC4)CC3)CC2)CC1
C1CCC2CC(CC3CCC(C4CC5CCCCC5C4)CC3)CC2C1
C1CCC(C2CCC(C3CCCC(CCC4CCCC(CC5CC5)C4)C3)CC2)CC1
C1CCC(CC2CCCC(CCC3CCC4CCCCC4C3)C2)CC1
C1CCC(CCC2CCC(C3CCCCC3)CC2CC2CCCCC2)CC1
C1CCC(CC2CCC(C3CC(C4CCCCC4)C3)CC2)CC1
C1CCC(CC2CCC(C3CCC(CC4CCCCC4)CC3)CC2)CC1
C1CCC(CC2CCCC(CC3CCCCC3)C2)CC1
C1CCC(C2CCCC(C3CCCC3)C2CC2CCC3CCCCC3C2)CC1
C1CCC(CCCC2CC(C3CCCCC3)CCC2C2CCCCC2C2CCCCC2)CC1
C1CCC(CC2CC(C3CCCC(C4CCCCC4)C3)C3CCCCC23)CC1
C1CCC(CCC2CCCCC2)CC1
C1CCC(CC2CCCC(C3CCCCC3CC3CC4CCCCC4C3)C2)CC1
C1CCC(CCC2CCCC(CC3CCC(C4CCCCC4)CC3)C2)CC1
C1CCC(CCC2CCC(C3CCCC4CCCCC43)CC2)CC1
C1CCC(C2CCCCC2C2CCCCC2)CC1
C1CCC(CCC2CCC(CC3CCCC(CCC4CCCCC4)C3)CC2)CC1
C1CCC(C2CCC(CCCCC3CCCC(CC4CCCC4)C3)CC2)CC1
C1CCC(C2CCCC(C3CCCCC3C3CCC4C(CCCC4C4CCCC4)C3)C2)CC1
C1CCC(CC2CCC(CC3CCCCC3)CC2)CC1
C1CCC(CC2CCC(CC3CCCCC3)CC2)CC1
C1CCC(CCCC2CCCCC2C2CCC(C3CCCC4CCCCC43)C(CC3CC3)C2)CC1
C1CC(CCC2CCCC(CC3CC3)C2)CC(CCC2CC3CCCCC3C2)C1
C1CCC(CCC2CCC(C3CCCCC3)CC2)CC1
C1CCC(CC2CCCC(C3CCCC4CCC(C5CCCCC5)CC43)C2)CC1
C1CCC(CC2CCC(C3CCCCC3C3CCC4CCCCC43)CC2)CC1
C1CCC(CC2CCC(C3CCCCC3)CC2)CC1
C1CCC(CCC2CCCC(C3CCCCC3)C2)CC1
C1CCC(CC2CCC(C3CCCCC3)CC2C2CCCCC2)CC1
C1CCC(CC2CCC3CCC(CC4CCCC(C5CCCCC5)C4)CC32)CC1
C1CCC(CCC2CCCC(C3CCCCC3C3CCCCC3)C2)CC1
C1CCC(C2CCC3CCCC(C4CCCCC4)C3C2)CC1
C1CCC(CC2CC(C3CCCCC3)CC(C3CCCCC3)C2)CC1
C1CCC(C2CCCC(C3CCCCC3)C2)CC1
C1CCC(CC2CCC(CCC3CCC(CC4CCCCC4)CC3)CC2)CC1
C1CCC(CC2CCC(CC3CCCCC3C3CCCC3)CC2)CC1
C1CCC(C2CC(C3CCCC(C4CCCC4)C3)CC(C3CCC4CCCC4C3)C2)CC1
C1CCC(CC2CCC(C3CCCCC3)CC2)CC1
C1CCC(CCCC2CCC(CC3CCCCC3)CC2)CC1
C1CCC(C2CCCC(C3CCCCC3)C2)CC1
C1CCC(CCCC2CCC(CCC3CCC(CC4CCCCC4)CC3)CC2)CC1
C1CCC(CC2CCCC(C3CCCC(C4CCCCC4)C3)C2)CC1
C1CCC(CC2CCCC(CC3CCCCC3)C2)CC1
C1CCC(CC2CCC(C3CCC4CCCC4C3)C2CC2CCCCC2)CC1
C1CCC(CC2CCC(CCC3CCC(CC4CCCCC4)CC3)CC2)CC1
C1CCC(CC2CCC(CC3CCC(C4CCC5CCCC5C4)CC3)CC2)CC1
C1CCC(CC2CCC(C3CCC(CCC4CCCC(CC5CCCC5)C4)CC3)CC2)CC1
C1CCC(CCC2CCC(C3CCCC(C4CCCCC4)C3)CC2)CC1
C1CCC(CC2CC(CC3CCC(CC4CCC(C5CCCC5)CC4)CC3)C3CCCCC23)CC1
C1CCC(CCCC2CCC(C3CCC(C4CCCCC4)CC3)CC2)CC1
C1CCC(CC2C(C3CCC3)CCCC2C2CCCC(CCC3CCC(C4CCCCC4)CC3)C2)CC1
C1CCC(CC2CCCCC2C2CCCCC2CC2CCCCC2)CC1
C1CCC(CCC2CCCC(C3CCCCC3)C2)CC1
C1CCC(CC2CC(C3CCCCC3)CC(C3CCCCC3)C2)CC1
C1CCC(CCCC(CC2CCCCC2)C2CCCCC2)CC1
C1CCC(C2CCCC(CC3CC4CCCCC4C(C4CCCCC4)C3)C2)CC1
C1CCC(CCCC2CCC(CC3CCC(C4CCCCC4)CC3)CC2)CC1
C1CCC2CC(C3CCC(C4CCCCC4CC4CCCCC4C4CCC5CCCCC5C4)CC3)CCC2C1
C1CCC(C2CCC(CC3CCCCC3C3CCCCC3)CC2)CC1
C1CCC(CC2CCC(CCC3CCCC(CC4CCCCC4)C3)CC2)CC1
C1CCC(CCC2CC(C3CCCCC3)C3CCCCC23)CC1
C1CCC(CC2CCCCC2C2CCC(C3CCCCC3)CC2)CC1
C1CCC(CCCC2CCCCC2CC2CCC(CC3CCCCC3)CC2)CC1
C1CCC(CC2CCC(CCC3CCCC(C4CCCCC4)C3)CC2)CC1
C1CCC(CC2CCC(C3CCCCC3)CC2C2CCC(C3CCCC3)CC2)CC1
C1CCC(C2CC(C3CCC4CCCCC43)CC3CCCCC32)CC1
C1CCC(CCC2CC(C3CCC3)C3CC(CCCC4CCCC(CC5CCCCC5)C4)CCC23)CC1
C1CCC(CC2CCCC(C3CCC4CCCCC43)C2)CC1
C1CCC(C2CCC(C3CCC4CCCCC43)C(C3CCCCC3)C2)CC1
C1CCC(CC2CC(C3CCCCC3)CCC2C2CCC(C3CCC4CCCCC4C3)C2)CC1
C1CCC(CCCC2CCC(C3CCC(CC4CCCCC4)CC3)CC2)CC1
C1CCC(C2CCCCC2CCC2CCCC(C3CCCC3)C2)CC1
C1CCC(CC2CCCCC2CC2CCC(C3CCC4CCCCC4C3)CC2)CC1
C1CCC(CCC2CCCC(C3CCCCC3)C2)CC1
C1CCC(CC2CCCC(CC3CCC(CC4CCC(C5CCCCC5)CC4)CC3)C2)CC1
C1CCC(C2CCC(CC3CCC(C4CCCC4)CC3)CC2)CC1
C1CCC(CC2CCC(CC3CCCCC3)C(CCC3CCC(CCC4CC4)CC3)C2)CC1
C1CCC(CC2CC(CCC3CCC(CC4CCC(C5CCCCC5)CC4)CC3)C3CCCCC23)CC1
C1CCC2CC(CC3CCCCC3C3CCCCC3C3CCCC(CC4CC4)C3)CC2C1
C1CCC(CC2CCC(CC3CC(C4CCCC(C5CCCCC5)C4)C4CCCCC34)CC2)CC1
C1CCC(CCCCC2CCCC(C3CCCC(C4CCCCC4)C3)C2)CC1
C1CCC(CCC2CCC(C3CCCCC3)CC2)CC1
C1CCC(CC2CCC(C3CCC(C4CCCC(C5CC5)C4)CC3)CC2)CC1
C1CCC(CC2CCCC(C3CCC(C4CCCCC4)CC3)C2)CC1
C1CCC(CCC2CCC(C3CCCC3)CC2CCC2CCCCC2)CC1
C1CCC(CCC2CCC3C(CC4CCCCC4)CC(CCC4CCCCC4)C3C2)CC1
C1CCC(CC2CC(C3CCC4CCCCC43)CC3CCCCC32)CC1
C1CCC(CC2CCC(CC3CCCC(C4CCCCC4)C3)CC2)CC1
C1CCC(C2CCCC(C3CCCC(CC4CCCCC4C4CCCCC4)C3)C2)CC1
C1CCC(CCCCC2CCCC(C3CCCCC3)C2)CC1
C1CCC(CCCCC2CCC(CC3CCCCC3)CC2)CC1
C1CCC(CCCCC2CCCC(CC3CCCCC3)C2)CC1
C1CCC(CC2CCC(C3CCCCC3)CC2CC2CCCC2)CC1
C1CCC(CC2CCC(C3CCCC(CC4CCCCC4)C3)CC2)CC1
C1CCC(CC2CCC(CC3CCC(C4CCCCC4)CC3)CC2)CC1
C1CCC(CC2CCCC(C3CCCCC3)C2)CC1
C1CCC(CC2CCC(C3CCCC4CCCCC43)C(C3CCCC3)C2)CC1
C1CCC(CC2CCC(C3CCCCC3C3CCC4CCCC4C3)CC2)CC1
C1CCC(C2CCCC2CC2CC3CCCCC3C(C3CCCCC3)C2)CC1
C1CCC(CCC2CCC(CC3CCCCC3)CC2)CC1
C1CCC(CCC2CCC(C3CCCCC3)CC2)CC1
C1CCC(CC2CCC(C3CCCC(C4CCCCC4C4CCCCC4)C3)CC2)CC1
C1CCC(CC2CC3CCC(C4CCCCC4)CC3C(C3CCCCC3)C2)CC1
C1CCC(CCCC2CCCC(C3CC4CCCCC4C3)C2)CC1
C1CCC(CC2CCC(C3CCCCC3)CC2)CC1
C1CCC(CC2CCCC(CC3CC4CCCCC4C3)C2)CC1
C1CCC(CC2CCC(C3CCC(C4CCCCC4)CC3)CC2)CC1
C1CCC(C2CCCCC2C2CCC(C3CCCCC3C3CCCCC3)C2)CC1
C1CCC(C2CCCCC2CC2CC(C3CCCCC3)C3CCCCC23)CC1
C1CCC(CCC2CCC(C3CCCCC3)CC2)CC1
C1CCC(C2CCCC(CC3CCCC(C4CCCC4)C3)C2)C1
C1CCC(CCCC2CCCCC2C2CCCCC2)CC1
C1CCC(CC2CCC(CC3CCC(C4CCCCC4)CC3)CC2)CC1
C1CCC(CC2CCCCC2C2CCC(C3CCCC3)CC2)CC1
C1CCC(CC2CCCC(C3CCCCC3)C2)CC1
C1CCC(CC2CCCC(C3CCC(CCCC(C4CCCCC4)C4CCCCC4)CC3)C2)CC1
C1CCC(CC2CCC(CC3CCCCC3)CC2)CC1
C1CCC(CCC2CCC(C3CCCC(C4CC5CCCCC5C4)C3)CC2)CC1
C1CCC(C2CCC(C3CCC4CCCCC43)CC2)CC1
C(CCCCC1CCCC(CCCC2CCCC(CC3CCCCC3)C2)C1)CCCC1CCCCC1
C1CCC(CC(C2CCC(C3CCCCC3)CC2)C2CC2)CC1
C1CCC(CCC2CCC(CCC3CCCC(CC4CCCCC4)C3)CC2)CC1
C1CCC(CCC2CCC(C3CCC4CCCCC43)CC2)CC1
C1CCC(C2CCCCC2)CC1
C1CCC(C2CCC(C3CCCCC3C3CCCC(CCC4CC5CCCCC5C4)C3)C3CCCC23)CC1
C1CCC(CC2CCCC(CC3CCC(C4CCCC4)CC3)C2)CC1
C1CCC(C2CCCCC2)CC1
C1CCC(CC2CCC(CC3CCCCC3)CC2)CC1
C1CCC(CC2CCCC(C3CC(CC4CCCCC4)CC(C4CCCCC4)C3)C2)CC1
C1CCC(CC2CCCC(CC3CC(C4CCCCC4)CCC3C3CCC3)C2)CC1
C1CCC(CC2CCCC(CCC3CC4CCCCC4C3)C2)CC1
C1CCC(CC2CCC(CCC3CCC(CCC4CCC(C5CCCCC5)CC4)CC3)CC2)CC1
C1CCC(CCCC2CCC(CCC3CC4CCCCC4C3)C(C3CCCCC3)C2)CC1
C1CCC(CCCC2CCC(C3CCCC(CCCC4CCCC(CC5CC5)C4)C3)CC2)C1
C1CCC(CCC2CCC(CC3CCC(C4CCC4)CC3)CC2)CC1
C1CCC(CC2CCC(C3CCCCC3C3CCCCC3)C2)CC1
C1CCC(CC2CCC(C3CCCC(C4CCCCC4)C3)CC2)CC1
C1CCC(C2CCCCC2C2CCC(CCC3CCCC4CCCCC43)CC2)CC1
C1CCC(C2CCCC(CCC3CCCC(CCC4CCCCC4C4CCC(C5CCC5)CC4)C3)C2)CC1
C1CCC(C2CCCCC2C2CCC3CCCC3C2)CC1
C1CCC(C2CCCC(C3CCCCC3)C2)CC1
C1CCC(CCCC2CCCCC2)CC1
C1CCC(CC2CCC(C3CCCCC3)C(C3CCCCC3)C2)CC1
C1CCC(CC2CC(C3CCCC3)CCC2C2CCC3CCCC3C2)CC1
C1CCC(CC2CCC(CC3CCCC(C4CCCCC4)C3)CC2)CC1
C1CCC(CCC2CCC(C3CCCCC3)CC2CC2CCCCC2)CC1
C1CCC(CCCC2CC(C3CCCCC3)CC(C3CCCC3)C2)CC1
C1CCC(CCCCC2CCC(CC3CCCC4CCCCC43)CC2)CC1
C1CCC(C2CCC(C3CCCC(C4CCCCC4)C3)CC2)CC1
C1CCC(C2CCC(C3CCCCC3)C(C3CCCCC3)C2)CC1
C(CCC1CCC(CC2CCCC(C3CCCCC3)C2)CC1)CCC1CC2CCCCC2C1
C1CCC(C2CCC(CCC3CCCC(C4CCCC4)C3)CC2)CC1
C1CCC(CCC2CCCC(CCCC3CCC(CC4CCC(CC5CC5)CC4)CC3)C2)CC1
C1CCC(CCC2CCC(C3CCCCC3)CC2)CC1
C1CCC(CC2CCC3CC(CC4CCCC(C5CCCCC5)C4)CCC23)CC1
C1CCC(CC2CCC(C3CC(CC4CCCCC4)C4CCCCC43)CC2)CC1
C1CCC(C2CCCCC2C2CCC(C3CCCCC3)C(C3CCCC3)C2)CC1
C1CCC(CCC2CCC(C3CCCCC3CCC3CC3)CC2)CC1
C1CCC(C2CCCCC2C2CC(C3CCC4CCCCC43)CC3CCCCC32)CC1
C1CCC(CCCC2CCC(CC3CCC(C4CC4)CC3C3CCCCC3)CC2)CC1
C1CCC(CC2CCCC(C3CCCCC3)C2)CC1
C1CCC(CCC2CC(C3CCCC(C4CCCC(C5CC5)C4)C3)C3CCCCC23)CC1
C1CCC(C2CCC(CCCC3CCCC(C4CCCCC4)C3)CC2)CC1
C1CCC(CCC2CCC(CCC3CCCC3)CC2C2CCCCC2)CC1
C1CCC(CC2CCC(CC3CCCC(C4CCCCC4)C3)C2)CC1
C1CCC(CC2CC3CCC(C4CCCCC4)CC3C(C3CCCCC3)C2)CC1
C1CCC(CC2CCCCC2CCC(CC2CCCCC2)C2CCCC(C3CCCC3)C2)CC1
C(CCC1CCCC1)CCC1CCC(C2CCC(C3CCCCC3)CC2)CC1
C1CC(CCC2CCC(C3CCC4CCCC4C3)CC2)CC(C2CC3CCCCC3C2)C1
C1CCC(C2CC(CC3CCCC(CC4CCC4)C3)C3CCCCC32)CC1
C1CCC(C2CCC3CCCC(C4CCCCC4)C3C2)CC1
C1CCC(C2CCC(C3CCC4CCCCC4C3)CC2)CC1
C1CCC(CC2CCC(CC3CCCC(C4CCCC4)C3)CC2)CC1
C1CCC(CC2CCCCC2CC2CCCC(C3CC4CCCCC4C3)C2)CC1
C1CCC(C2CC(CC3CCCC3)C3CCC(C4CCCCC4C4CCCC4)CC32)CC1
C1CCC(CC2CCC(CC3CCCC(CC4CCCC4)C3)CC2)CC1
C1CCC(C2CCC(C3CCC(C4CCCC4)CC3)CC2)CC1
C1CCC(CCCCC2CC(CCCC3CCCCC3)C3CCCCC23)CC1
C1CCC(CCC2CCC3C(CC4CCCCC4)CC(C4CCC(C5CCC5)CC4)C3C2)CC1
C1CCC(CC2CCCC(CCC3CCCC3)C2)CC1
C1CCC(C2CCC(C3CCCCC3)CC2)CC1
C1CCC(CC2CCC(CC3CCCCC3)C(C3CCCC3)C2)CC1
C1CCC(C2CCCCC2C2CCC3CCCCC3C2)CC1
C1CCC(CC2CCC(CC3CCC(CCC4CCC4)CC3)CC2)CC1
C1CCC(C2CCC(C3CCCCC3C3CCC4CCCC4C3)CC2)CC1
C1CCC(C2CCC(CC3CCCC(C4CCCCC4)C3)CC2)CC1
C1CCC(CCC2CCC(CC3CCC(C4CCCCC4)C(CC4CCC4)C3)CC2)CC1
C1CCC(CC2CCC(C3CCCC(C4CCCCC4)C3)CC2)CC1
C1CCC(CCCC2CCCCC2)CC1
C1CCC(CC2CCC(CC3CCCC(C4CCCCC4)C3)CC2)CC1
C1CCC(CCC2CCC(CCC3CCCCC3)CC2)CC1
C1CCC(C2CCC(C3CCCC(C4CCCC4)C3)CC2)CC1
C1CCC(C2CCC(CC3CCC(C4CCCCC4C4CCCCC4)CC3)CC2)CC1
C1CCC(CC2CCCCC2C2CCC(CCC3CCC3)CC2)CC1
C1CCC(CC2CCCC(C3CCCCC3C3CCCCC3)C2)CC1
C1CCC(CC2CCC(C3CCCCC3C3CCCCC3)C(C3CCCC3)C2)CC1
C1CCC(CC2CCC(CC3CCC(C4CCCC5CCCCC54)CC3)CC2)C1
C1CCC(CCC2CC(CCC3CCCCC3)CC(CCC3CCCCC3)C2)CC1
C1CCC(CC2CCC(C3CCC4CCCCC43)C(CCC3CCC(C4CCCCC4)CC3)C2)CC1
C1CCC(CCC2CCC(CC3CCCCC3)CC2)CC1
C1CCC(C2CCC(C3CCC(C4CCCC5CC(C6CCCCC6)CCC54)CC3)CC2)CC1
C1CCC(CC2CCCC(CCC3CCC(C4CCCC4)CC3)C2)CC1
C1CCC(CCCCC2CCC(CC3CCCCC3)CC2)CC1
C1CCC(CC2CCC(C3CCC(C4CCCC4)CC3)C2)CC1
C1CCC(CCC2CCCC(C3CCC(C4CCCCC4)CC3)C2)CC1
C1CCC(CC2CCCC(C3CCCCC3C3CCCCC3)C2)CC1
C1CCC(CCC2CCC3C(CCC4CCCC(C5CCCCC5)C4)CCCC3C2)CC1
C1CCC(CC2CCC(CCC(C3CCCCC3)C3CCCCC3)CC2)CC1
C1CCC(CC2CCC(CC3CCC(CC4CCCCC4)CC3)CC2)CC1
C1CCC(C2CCCC(CC3CCCC(CC4CC4)C3)C2)CC1
C1CCC(C2CCCC(C3CCCC(CC(C4CCCCC4)C4CCCC4)C3)C2)CC1
C1CCC(C2CCCC(C3CCCC(CCC4CC4)C3)C2)CC1
C1CCC(C2CCC(C3CCCCC3)C(C3CCCCC3)C2)CC1
C1CCC(CC2CCCCC2)CC1
C1CCC(C2CCCCC2)CC1
C1CCC(CC2CCC(C3CCCCC3)CC2)CC1
C1CCC(CCCCC2CCC(CC3CCCCC3)CC2)CC1
C1CCC(C2CCC(C3CCCC(C4CCCC(C5CC5)C4)C3)CC2)CC1
C1CCC(C2CCC(C(C3CCCCC3)C3CC(CC4CC4)C4CCCCC43)CC2)CC1
C1CCC(CCC2CCCC(CC3CCCCC3)C2)CC1
C1CCC(C2CC(CC3CCC4CCCCC43)CC3CCCCC32)CC1
C1CCC(CC2CC(C3CCCCC3)CC(C3CCCCC3)C2)CC1
C1CCC(CC2CCC(C3CCCC(C4CCCCC4)C3)CC2)CC1
C1CCC(C2CCC(CCCCC3CCCCC3C3CCCC3)CC2)CC1
C1CCC(CCC2CCC(CC3CCC(CCC4CC5CCCCC5C4)CC3)CC2)CC1
C1CCC(CCC2CCC(CC3CCC(CC4CCC(CC5CCCCC5)CC4)CC3)CC2)CC1
C1CCC(CC2CCCCC2CC2CCC(C3CCCCC3)CC2)CC1
C1CCC(C2CCCCC2CC2CC(C3CCC4CCCCC4C3)C3CCCCC23)CC1
C1CCC(C2CCC(CC3CC4CCCCC4C3)CC2)CC1
C1CCC(C2CCCC(CC3CCCCC3C3CCC(C4CCCCC4)C3)C2)CC1
C1CCC(C2CCCC(CC3CCCC(C4CCCCC4)C3)C2)CC1
C1CCC(CC2CCC(CC3CCC(C4CCCC(C5CCCCC5)C4)C3)CC2)CC1
C1CCC(CC2CCC(C3CC(CC4CCCCC4)C4CCCCC43)CC2)CC1
C1CCC(CC2CCC(CC3CCC(CC4CCC(C5CCCCC5)CC4)CC3)CC2)CC1
C1CCC(CC2CCC(CC3CCCCC3C3CCCCC3)CC2)CC1
C1CCC(CC2CCC(CC3CCCC3)CC2)CC1
C1CCC(C2CCCCC2C2CCC3CCCC3C2)CC1
C1CCC(CCCCC2CCCC(CC3CCCCC3)C2)CC1
C1CCC(CCC2CCC(CCC3CCCCC3)C(C3CCC4CCCC4C3)C2)CC1
C1CC2CCC(C3CCCC(C4CCC(C5CCC6CCCCC65)C4)C3)CC2C1
C1CCC(C2CCCCC2C2CCC(CCC3CCC(C4CCC5CCCCC54)CC3)CC2)CC1
C1CCC(CC2CCCC(C3CCCCC3)C2)CC1
C1CCC(CC2CCC(C3CCCC3)C(C3CCCCC3)C2)CC1
C1CCC(CC2CCCCC2)CC1
C1CCC(CC2CCCC(CC3CCCC(C4CCCCC4)C3)C2)CC1
C1CCC(CCC2CCC3CC(C4CCCCC4)CCC23)CC1
C1CCC(C2CCC(C3CCC(C4CCC5C(CCC6CCCC6)CCC5C4)CC3)CC2)CC1
C1CCC(CCC2CCC(CC3CCC(CC4CCCCC4)CC3)CC2)CC1
C1CCC(CCCC2CCC(CC3CCCCC3)CC2)CC1
C1CCC(C2CCCC(CCCC3CCC(C4CCCC(CC5CCCC5)C4)CC3)C2)CC1
C1CCC(C2CCCC(C3CCCC(C(C4CCCCC4)C4CCC4)C3)C2)CC1
C1CC(CCC2CC2)CC(CC2CCC3CCCC3C2)C1
C1CCC(CC2CCC(C3CCCC3)CC2)CC1
C1CC2CCC(C3CCCCC3C3CCC4CCCCC43)CC2C1
C1CCC(CC2CCC(CC3CCCCC3)CC2)CC1
C1CCC(CCC2CCCC(C3CCCCC3CC3CCCCC3)C2)CC1
C1CCC(C2CCCC(C(CC3CCC(CCC4CCC4)CC3)C3CCCCC3)C2)CC1
C1CCC(CC2CCCCC2CC2CCCC(C3CCCCC3)C2)CC1
C1CCC(C2CCC(C3CCCCC3C3CCC4CCCCC4C3)CC2)CC1
C1CCC(C2CCCC(C3CCC(C4CCC(C5CCCCC5)CC4C4CCCC4)CC3)C2)CC1
C1CCC(CC2CCCCC2CC2CC(CC3CCCCC3)C3CCCCC23)CC1
C1CCC(CCCCC2CCCC(C3CCCCC3)C2)CC1
C1CCC(CCC2CCCCC2CCC2CCC(CC3CCC(CC4CCCCC4)CC3)CC2)CC1
C1CCC(C2CCCC(CC3CCC(C4CCCC(C5CCCCC5)C4)CC3)C2)CC1
C1CCC(CC2CCC(CCCC3CCC(C4CCCCC4)CC3)CC2)CC1
C1CCC(C2CCC(C3CCCCC3)C(CCC3CC3)C2)CC1
C1CCC(CC2CCC(C3CCCCC3)CC2)CC1
C1CCC(CCCCC2CCCC(CCC3CC4CCCCC4C3)C2)CC1
C1CCC(CC2CC3CCCCC3C2)CC1
C1CCC(CCC2CCCC(CC3CCCCC3)C2)CC1
C1CCC(CCCC2CCC(CC3CCCCC3)CC2)CC1
C1CCC(CC2CCC(CCC3CC(C4CCC5CCCCC54)CC4CCCCC43)CC2)CC1
C1CCC(CCCCC2CCC(C3CCCCC3)C(C3CCCC3)C2)CC1
C1CCC(CC2CCCC(C3CCCC(C4CCCC4)C3)C2)C1
C1CCC(CC2CCCCC2C2CCCC2)CC1
C1CCC(C2CCC(CC3CCC(C4CCCC4)CC3)CC2)CC1
C1CCC(C2CCCCC2CC2CCC(C3CC4CCCCC4C3)CC2)CC1
C1CCC(CCC2CCCC(CC3CCC(C4CCCC5CCCCC54)C(C4CCCC4)C3)C2)CC1
C1CCC(C2CC3CCCCC3C(C3CCCCC3)C2)CC1
C1CCC(C2CCCCC2C2CCC(CCC3CCC(CC4CCC5CCCCC54)CC3)CC2)CC1
C1CCC(CC2CCCCC2C2CCC(CCC3CCCCC3CC3CC4CCCCC4C3)CC2)CC1
C1CCC(C2CCC(CC3CCCCC3C3CCCC3)CC2)CC1
C1CCC(CC2CCC(CC3CCCCC3C3CCCC3)CC2)CC1
C1CCC(CCCCC2CCC(C3CCCCC3)CC2)CC1
C1CCC(C2CCC(CC3CCC4CCCCC43)CC2C2CCCCC2)CC1
C1CCC(C2CC(C3CCCCC3)CC(C3CCCC(CC(C4CCCC4)C4CCC4)C3)C2)CC1
C1CCC(CCCC2CC(CC3CCCC(C4CCCCC4)C3)C3CCCCC23)CC1
C1CCC(C2CCC(CC3CCCC3)CC2C2CCCCC2)CC1
C1CCC(CC2CCC3C(CCC3C3CCCCC3)C2)CC1
C1CCC(CC2CCC(C3CCCCC3)C(C3CCCC(CC4CC4)C3)C2)CC1
C1CCC(CC2CCC(C3CCC(CC4CCCCC4)C3)CC2)CC1
C1CCC(CC2CCC(C3CCCCC3CC3CCCCC3)CC2)CC1
C1CCC(CC(C2CCCCC2)C2CCCCC2C2CCCCC2)CC1
C1CCC(CC2CCCCC2)CC1
C1CCC(CC2CCC(C3CCCCC3)CC2)CC1
C1CCC(CCCC2CCC(C3CCC(CC4CCC(CC5CCCC5)CC4)CC3)CC2)CC1
C1CCC(C2CCCCC2C2CCC(C3CC3)CC2C2CCCCC2)CC1
C1CCC(CCCCC2CCC(CC3CC(CC4CCC5CCCC5C4)C4CCCCC34)CC2)CC1
C1CCC(C2CCC(C(C3CCCCC3)C3CCCCC3)CC2C2CCCC2)CC1
C1CCC(C2CCCC3CC(C4CCCCC4C4CC(C5CCC(C6CC6)CC5)C4)CCC32)CC1
C1CCC(C2CCCC(C3CCC(CC4CCC(C5CCCC5)CC4)C3)C2)CC1
C1CCC(C2CCCC(CCC3CCC(CC4CCC5CCCC5C4)CC3)C2)CC1
C1CCC(CC2CCC(CC3CCC4C(CCCC4C4CCCCC4)C3)CC2)CC1
C1CCC(C2CCCCC2C2CCC3CCCCC3C2)CC1
C1CCC(CC2CC(CC3CCC(C4CCCCC4)CC3)CCC2C2CCCCC2)CC1
C1CCC(C2CCCC(C3CCCCC3C3CCCCC3)C2)CC1
C1CCC(C2CCC(CCCC3CCCC(CC(C4CCCC4)C4CCCC4)C3)CC2)CC1
C1CCC(CCCCC2CCCC(C3CCCCC3)C2)CC1
C1CCC(CCC2CCC(C3CCCC(CC4CCCCC4)C3)CC2)CC1
C1CCC(CC2CC(C3CCCCC3)CCC2C2CCCC(C3CCCCC3C3CCCCC3)C2)CC1
C1CCC(CC2CCCC(C3CC(CC4CCCCC4)CC(C4CCCCC4)C3)C2)CC1
C1CCC(CC2CCC(CC3CC(CC4CCCCC4)C4CCCCC34)CC2)CC1
C1CCC(CCC2CCC(CCC3CC(CC4CCCCC4)C4CCCCC34)CC2)CC1
C1CCC(CCCCC2CCCC(CC3CCCCC3)C2)CC1
C1CCC(CC2CCCC(C3CCCC(C4CC4)C3)C2)CC1
C1CCC(CCC2CC(CCC3CCCCC3)CC(CC3CCCCC3)C2)CC1
C1CCC(CC2CCCC(C3CCC(C4CCCCC4)CC3)C2)CC1
C1CCC(CCCC2CCCC(C3CCCCC3C3CCC4CCCCC4C3)C2)CC1
C1CCC(CC2CCCCC2C2CCCCC2)CC1
C1CCC(CCC2CCCC(CC3CCCC(C4CCCC4)C3)C2)CC1
C1CCC(CC2CCC3CC(C4CCC(CCC5CCCC5)CC4)CCC23)CC1
C1CCC(CCC2CCC(CC3CCC(C4CCCCC4)CC3)CC2)CC1
C1CCC(CCCCC2CCC(CC3CCC(C4CCCCC4)CC3)CC2)CC1
C1CCC(CCC2CCCCC2CCC2CCCC(C3CCCCC3)C2)CC1
C1CCC(CC2CCCCC2C2CCCCC2)CC1
C1CCC(C2CCC3C(CCCC3C3CCCC(C4CCC4)C3)C2)CC1
C1CCC(CC2CCC(CC3CCCC(C4CCCCC4)C3)CC2)CC1
C1CCC(CCC2CCCC2C2CCCC(CC3CCCCC3)C2)CC1
C1CCC(CC2CCCCC2C2CCCCC2)CC1
C1CCC(CCC2CCC(CC3CCCC(CC4CCCCC4)C3)CC2)CC1
C1CCC(CC2CCCCC2C2CCCCC2)CC1
C1CCC(C2CCC(CCCC3CCCC(C4CCCCC4)C3)CC2)CC1
C(CCCC1CCCCC1)CCCC1CCCC(CC2CCCC(CC3CCCCC3)C2)C1
C1CCC(CCCC2CCCC(C3CCCCC3)C2)CC1
C1CCC(C2CCCC(CC3CCCC(C4CCCC4)C3)C2)CC1
C1CCC(CC2CCC(C3CCC(C4CCCCC4)CC3)CC2)CC1
C1CCC(CCC2CCCC(C3CCCCC3)C2)CC1
C1CCC(CC2CCC(CCC3CCCCC3C3CCCCC3)CC2)CC1
C1CCC(CC2CCCCC2C2CCC(CCC3CCCC3)CC2)CC1
C1CCC(CC2CCCC(CC3CCCC(CCC4CCCC(C5CCCCC5)C4)C3)C2)CC1
C1CCC(CC2CCC(CC3CCCC(C4CCCCC4)C3)CC2)CC1
C1CCC(CC2CCC(CCC3CCC(C4CCCCC4)CC3)CC2)CC1
C1CCC(CCCCC2CCC(CC3CCC(C4CCCCC4)CC3)CC2)CC1
C1CCC(CC2CCC(C3CCCCC3)C2C2CCC(C3CCCCC3)CC2)CC1
C1CCC(CCCC2CCCCC2C2CCC(CC3CCCCC3)CC2)CC1
C1CCC(CCC2CCCC(CC3CCCCC3)C2)CC1
C1CCC(CCCCC2CCC(C3CCCC(CCC4CCC(C5CCCC5)CC4)C3)CC2)CC1
C1CCC(C2CCCC(CCC3CCC(C4CCC5CCCC5C4)C(CC4CC4)C3)C2)CC1
C1CCC(CCC2CCC(C3CCC(C4CCC(CCC5CCC(C6CCCCC6)C5)CC4)CC3)CC2)CC1
C1CCC(CCCC2CCCC(CC3CCC(CC4CCCCC4)CC3)C2)CC1
C1CCC(C2CCC(C3CCCCC3C3CCCC(C4CCCCC4)C3)CC2)CC1
C1CCC(CC2CCC(CC3CCCC(C4CCCC(CC5CCCCC5)C4)C3)CC2)CC1
C1CCC(CC2CC(C3CCC(C4CCCC4)CC3)C3CCCCC23)CC1
C1CCC(CCC2CCCC(C3CCCCC3)C2)CC1
C1CCC(CCCC2CCC(CCCC3CCCCC3)CC2)CC1
C1CCC(C2CCCC(C3CCC(C4CCC4)CC3)C2)CC1
C1CCC(CC2CCC(CCCCC3CCCC(C4CCCCC4)C3)CC2)CC1
C1CCC(CCCC2CCC(C3CCCC(CCC4CCCCC4)C3)CC2)CC1
C1CCC(CC2CC3CC(C4CCCCC4)CCC3C(C3CCCCC3)C2)CC1
C1CCC(C2CCC(C3CCC(C4CCC5CC(C6CCCCC6)CCC5C4)CC3)CC2)CC1
C1CCC(CCCC2CCCCC2C2CCCCC2)CC1
C1CCC(C2CCCC(C3CCCCC3)C2)CC1
C1CCC(CCCC2CCC(C3CCCC(C4CC(C5CCC(C6CCCC6)CC5)C5CCCCC45)C3)CC2)CC1
C1CCC(CC2CCC(C3CCCC(CC4CCCCC4)C3)CC2)CC1
C1CCC(CCC(CC2CCCCC2)CC2CC3CCCCC3C2)CC1
C1CCC(CC2CCC(CC3CCCCC3)CC2)CC1
C1CCC(C2CCC(CC3CCCCC3C3CCCC3)CC2)CC1
C1CCC(C2CCCCC2C2CCC(CCC3CCCC3)CC2)CC1
C1CCC(CC2CCCC(CCCCC3CCCC(CC4CC4)C3)C2)CC1
C1CCC(C2CCCC(CCC3CCC(C4CCCCC4C4CCCCC4C4CCCCC4)CC3)C2)CC1
C1CCC(CCCC2CCCCC2)CC1
C1CCC(CC2CCCC(CCC3CCCCC3C3CCC4CCCCC4C3)C2)CC1
C1CCC2CC(CC3CCC(C4CCCC(C5CCCC6CCCCC65)C4)C(C4CCCC4)C3)CC2C1
C1CCC(CC2CCC(CC3CCCC(C4CCCCC4)C3)CC2)CC1
C1CCC(C2CCCC(CC3CCC(C4CCC5CCCCC5C4)C(C4CCC5CCCC5C4)C3)C2)C1
C1CCC(CCC2CC(C3CCCCC3)C3CCCCC23)CC1
C1CCC(CCC2CC(C3CCCCC3)CCC2CC2CCCC2)CC1
C(CCC1CCCC(C2CCCC(C3CCCC3)C2)C1)CC1CCC(CCC2CC2)CC1
C1CCC(C2CCCC(CC3CC(CC4CCCC4)C4CCCCC34)C2)CC1
C1CCC(C2CCC3CCCC(C4CCCCC4)C3C2)CC1
C1CCC(CCC2CCC(CC3CCC(C4CCCCC4)CC3)CC2)CC1
C1CCC(CC2CCC(CCCC3CCCC(CC4CCCCC4)C3)CC2)CC1
C1CCC(CCCC2CCC(CC3CCC(C4CCCCC4)CC3)CC2)CC1
C1CCC(CC2CC(CCC3CCCC(C4CCCCC4)C3)C3CCCCC23)CC1
C1CCC(CCC2CCC(CC3CCC4CCCCC43)CC2)CC1
C1CCC(CC2CCC(C3CCCCC3)CC2)CC1
C1CCC(C2CCCCC2CC2CCC3CC(C4CCC5CCCCC54)CCC3C2)CC1
C1CCC(CC2CCC(C3CCCCC3)CC2)CC1
C(CCC1CCCC1)CCC1CCCC(C2CCC3CCC(C4CCCC4)C3C2)C1
C1CCC(C2CCC(CC3CCC(C4CCC(C5CCCC5)CC4)CC3)CC2)CC1
C1CCC(CC2CCC(CC3CCCCC3CC3CCCCC3)CC2)CC1
C1CCC(CC2CCCC(CCC3CCC(CCC4CCC5CCCCC54)CC3)C2)CC1
C1CCC(C2CC(C3CCC4CCCCC43)CC3CCCCC32)CC1
C1CCC(CCC2CCCC(C3CCCC(CCC4CCCCC4)C3)C2)CC1
C1CCC(C2CCC(C3CCCCC3)C(C3CCCCC3)C2)CC1
C1CCC(C2CCC(C3CCC3)CC2C2CCCCC2)CC1
C1CCC(C2CCCC(C3CCCC(CC4CCC4)C3)C2)CC1
C1CCC(CC2CCC(CCCC3CCCC(C4CCCCC4)C3)CC2)CC1
C1CCC(CC2CCC(CCC3CCC(CCCC4CCC(CC5CCC5)CC4)CC3)CC2)CC1
C1CCC(C2CCCC(C3CC(C4CC5CCCCC5C4)CC(C4CCCC4)C3C3CCC3)C2)CC1
C1CCC(CCCCC2CCCC(C3CCC(CC4CCCC4)CC3)C2)CC1
C1CCC(CCC2CCCC(CC3CCCCC3)C2)CC1
C1CCC(CC2CCC(C3CCCCC3)CC2)CC1
C1CCC(CC2CCCC(C3CCC4CCC(C5CCCCC5)CC4C3)C2)CC1
C1CCC(C2CCC(C3CCCCC3C3CCCCC3)CC2)CC1
C1CCC(CCC2CCCCC2C2CC(C3CCCCC3)C3CCCCC32)CC1
C1CCC(CCC2CC(CCC3CCCCC3C3CCCCC3)CC(C3CCCCC3)C2)CC1
C1CCC(CC2CCC(CCCC3CCCC(C4CCCCC4)C3)CC2)CC1
C1CCC(CCC2CCC(CC3CCCC(C4CCCCC4)C3)CC2)CC1
C1CCC(CC2CCCC(CC3CCCCC3)C2)CC1
C1CCC(CCC2CCC(C(CC3CCCCC3)C3CCCCC3)CC2)CC1
C1CCC(CCC2CCCC(C3CCCCC3)C2)CC1
C1CCC(C2CCCC(CC3CC(C4CCCCC4)C4CCCCC34)C2)CC1
C1CCC(CC2CCC(CC3CCC(CC4CCCCC4)CC3)CC2)CC1
C(CC1CC1)CC1CCC2C(CCC2C2CCCC2)C1
C1CCC(C2CCCC(CC3CCCC(C4CCCC(C5CCCC5)C4)C3)C2)CC1
C1CCC(C2CCC(CC3CCCC(C4CCCCC4C4CCC5CCCCC54)C3)CC2)CC1
C1CCC(C2CCC(C3CCC(C4CCCC(C5CCCC5)C4)CC3)CC2)CC1
C1CCC(C2CCCCC2C2CCC3CCCC3C2)CC1
C1CCC(C2CCCC(C3CCCC(C4CCCC(C5CCCCC5)C4)C3)C2)CC1
C1CCC(C2CCC(C3CCC(C4CCCCC4C4CCC5CCCC5C4)CC3)CC2)CC1
C1CCC(CC2CCCC(C3CCCCC3)C2)CC1
C1CCC(CCC2CCCC(C3CCCC(C4CCCCC4)C3)C2)CC1
C1CCC(CC2CCC(C3CCCCC3C3CCCC3)CC2)CC1
C1CCC(CC2CC(CC3CC3)CCC2C2CCCCC2)CC1
C1CCC(CC2CCC(C3CCCCC3)CC2)CC1
C1CCC(C2CCCC(C3CCC(C4CCC5CCCC5C4)CC3)C2)CC1
C1CCC(CCCC2CCCC(CCC3CCC(CC4CCCCC4)CC3)C2)CC1
C1CCC(C2CCC(C3CCC(CC4CCCC4)CC3)CC2)CC1
C1CCC(CC2CCCCC2C2CCCCC2)CC1
C1CCC(C2CCCC3CCC(CC4CCC5CCCC5C4)CC32)CC1
C1CCC(C2CCCCC2)CC1
C1CCC(CC2CCCCC2C2CCC(C3CCCCC3)CC2)CC1
C1CCC(CCCC2CCCC(C3CCC(C4CCCCC4)C(C4CCCC4)C3)C2)CC1
C1CCC(C2CCCC(C3CCCCC3)C2)CC1
C1CCC(CCCC2CCCC(C3CCCC4CC(C5CCCCC5)CCC43)C2)CC1
C1CCC(CCCC2CCCCC2C2CCCCC2C2CCCC2)CC1
C1CCC(C2CCC(CCCC3CCCCC3CC3CCCC3)CC2)CC1
C1CCC(C2CCC(C3CCCC(CCCC4CCCC4)C3)CC2)CC1
C1CCC(CC2CCCC(CCC3CCCC(C4CCCC4)C3)C2)CC1
C1CCC(C2CCCC(CC3CCCC(C4CCC5CCCC5C4)C3)C2)CC1
C1CCC(CCCC2CCCCC2)CC1
C1CCC(C2CCCCC2C2CCCC(C3CCCCC3C3CCCCC3)C2)CC1
C1CCC(C2CCCCC2CC2CCCCC2C2CCCC(CC3CC4CCCCC4C3)C2)CC1
C1CCC(C2CCC(C3CCC(C4CCC(C5CCCCC5)CC4)CC3)CC2)CC1
C1CCC(CCCCC2CCCCC2C2CCCC(C3CCCCC3)C2)CC1
C1CCC(CC2CCCCC2CC2CCCCC2CCC2CCC3CCCCC3C2)CC1
C1CCC(C2CCCC(C3CC(C4CCCCC4)C4CC(C5CCCCC5)CCC34)C2)CC1
C(CCC1CCC2CCCCC12)CC1CCC(CCC2CCC3CCCCC3C2)CC1
C1CCC(CC2CCC(CC3CCCCC3)CC2)CC1
C1CCC(C2CCCC3CC(C4CCCCC4C4CCCC(C5CC5)C4)CCC32)CC1
C1CCC(CC2CCCCC2C2CCC(CC3CCC(C4CCCCC4)CC3)CC2CC2CCC2)CC1
C1CCC(C2CCCCC2C2CCC3CCCC3C2)CC1
C1CCC(C(C2CCCCC2)C2CCCCC2CC2CCC(C3CCCC3)CC2)CC1
C1CCC(C2CCCCC2C2CCCCC2)CC1
C(CCCC1CCCCC1)CCC1CCCCC1
C1CCC(CCCC2CCCC(CCCCC3CC4CCCCC4C3)C2)CC1
C1CCC(C2CCC(CCCC3CCC(CC4CC5CCCCC5C4)CC3)CC2)CC1
C1CCC(CCCC2CC(CCC3CCC(CC4CCCCC4)CC3)CC(C3CCCCC3)C2)CC1
C1CCC(C2CCC3C(CCCC3C3CCCCC3)C2)CC1
C1CCC(CC2CCC(C3CCC(C4CCCCC4)CC3)CC2)CC1
C1CCC(CCCC2CCC(C3CCC(C4CCC(C5CCCC5)CC4)CC3)CC2)CC1
C1CCC(CCC2CCCCC2C2CCC3CCCCC3C2)CC1
C1CCC(C2CCC3C(CC4CCCC(C5CC6CCCCC6C5)C4)CCCC3C2)CC1
C1CCC(C2CCCCC2CC2CCC(CCC3CC4CCCCC4C3)CC2)CC1
C1CCC(C2CCC(C3CCCC(CCCC4CCCC(C5CCCCC5)C4)C3)CC2)CC1
C1CCC(C2CCCC(C3CCCCC3)C2)CC1
C1CCC(C2CCCC(C3CCCC(C4CCCCC4)C3)C2)CC1
C1CCC(CC2CC(C3CCCCC3)CC(C3CCCC(C4CCCCC4)C3)C2)CC1
C1CCC(CC2CCC(C3CCCCC3)CC2)CC1
C1CCC(CCCC2CCCCC2)CC1
C1CCC(C2CCC(C3CCC(C4CCCC(C5CCCCC5)C4)C(CC4CCC(CC5CCCC5)CC4)C3)CC2)CC1
C1CCC(C2CCCCC2C2CCC(C3CCCC(C4CCCC4)C3)CC2)CC1
C1CCC(CCCC2CCCC(C3CCCCC3)C2)CC1
C1CCC(C2CCC(C3CCCC(C4CCCC(CC5CCCCC5C5CCCC5)C4)C3)CC2)CC1
C1CCC(C2CCC3CCCC(C4CCCCC4)C3C2)CC1
C(CCCC1CCC(CC2CCCCC2)CC1)CCC1CCCCC1
C1CCC(CC2CCCCC2C2CCCC(C3CCCC3)C2)CC1
C1CCC(C2CCC(C3CCCCC3CCC3CCCC3)C(C3CCCCC3)C2)CC1
C1CCC(CC2CCCC2C2CCCC(C3CCCCC3)C2)CC1
C1CCC(C2CC3CCC(CC4CCCC4)CC3C(C3CCCCC3)C2)CC1
C(CCC1CC2CCCCC2C1)CC1CCCC(CC2CC2)C1
C1CCC(CC2CCCC(C3CCCC4CC(C5CCCCC5)CCC43)C2)CC1
C1CCC(CC2CCC(CCC3CCC(C4CCCCC4)CC3)CC2)CC1
C1CCC(C2CCC3C(CCCC3CC3CCC(C4CCCCC4)CC3C3CCCCC3)C2)CC1
C1CCC(CCC2CCCCC2C2CCCC(C3CCCC(C4CCCCC4)C3)C2)CC1
C1CCC(C2CCC(CC3CCC4CCCCC4C3)CC2)CC1
C1CCC(CC2CCC(C3CCC(C4CCCCC4)CC3)CC2)CC1
C1CCC(C2CCCC(C3CCC(C4CCCCC4)CC3C3CCCCC3)C2)CC1
C1CCC(CCCC2CC(CC3CCCCC3)C3CCC(C4CCCCC4)CC23)CC1
C1CCC(CCC2CCCC(CC3CCCCC3)C2)CC1
C1CCC(C2CCC(CC3CCCC(C4CCCCC4)C3)CC2)CC1
C1CCC(CCC2CCC(CCC3CC4CCCCC4C3)CC2)CC1
C1CCC(CC2CCCC(C3CCCCC3)C2)CC1
C1CCC(CC2CCCCC2C2CCCCC2C2CCCCC2)CC1
C1CCC(C2CCCC(C3CCC(C4CCCC4)CC3)C2)CC1
C1CCC(CC2CC(C3CCCCC3)C3CCCCC23)CC1
C1CCC(CCCC2CCC(C3CCCCC3)CC2)CC1
C1CCC(CC2CCCC(CC3CCCCC3C3CCCC3)C2)CC1
C1CCC(C2CCCC(CCC3CCCC(C4CCCC4)C3)C2)CC1
C1CCC(CCC2CCCC(CC3CCC(CC4CCC(CCC5CC5)CC4)CC3)C2)CC1
C1CCC(C2CCC(C3CCCCC3)CC2)CC1
C1CCC(C2CCCCC2C2CCCCC2)CC1
C1CCC(CC2CCCC(C3CCCCC3CC3CCCCC3)C2)CC1
C1CCC(C2CCC(C3CC3)CC2C2CCC3CCCC3C2)CC1
C1CCC(CCCCC2CCC(C3CCC(C4CCCCC4)CC3)CC2)CC1
C1CCC(C2CCCCC2CCC2CCC(C3CCCC3)CC2)CC1
C1CCC(C2CCCC(C3CCCC(CC4CCCC(CC5CCCC5)C4)C3)C2)CC1
C1CCC(CC2CCC(C3CC(CC4CC4)CC(C4CCCCC4)C3)CC2)CC1
C1CCC(CC2CCC(CCC3CCC(C4CCCCC4C4CCCCC4)CC3)CC2)CC1
C1CCC(C2CCCC(C3CCC4CCCCC4C3)C2)CC1
C1CCC(CCC2CCC(C3CCCCC3)CC2)CC1
C1CCC(CCCC2CC3CCCCC3C(C3CCCCC3)C2)CC1
C1CCC(C2CCCC(C3CCCCC3)C2)CC1
C1CCC(CC2CCC3C(CCC3C3CCC(C4CCC5CCCCC5C4)CC3)C2)CC1
C1CCC(C2CCCC(CCCC3CCC4CCCCC4C3)C2)CC1
C1CCC(CC2CCC(C3CCCCC3)CC2CCCC2CCC(C3CCCCC3)C2)CC1
C1CCC(CC2CCC(C3CCCCC3CC3CC4CCCCC4C3)CC2)C1
C1CCC(CC2CCC(C3CCCCC3)CC2)CC1
C1CCC(CCCC2CCC(C3CCCC(C4CCCCC4)C3)CC2)CC1
C1CCC(CC2CCC(CC3CCC(C4CCC5CCCCC54)CC3)CC2)CC1
C1CCC(CC2CCC(C3CCC(C4CCCCC4C4CCCC4)CC3)CC2)CC1
C1CCC(C2CCCC(C3CCC(C4CCCCC4)CC3C3CCCC3)C2)CC1
C1CCC(CCC2CCCC(CC3CCCCC3)C2)CC1
C1CCC(C2CCC(C3CCCCC3)CC2)CC1
C1CCC(CCCCCC2CCCC(CCC3CCC4CCCC4C3)C2)CC1
C1CCC(C2CCC(CCC3CCCC(C4CCCC4)C3)CC2C2CCCCC2)CC1
C1CCC(CC2CCC(C3CCCC(CC4CCCCC4)C3)CC2)CC1
C1CCC(CC2CCCC(C3CCCC(C4CCCCC4)C3)C2)CC1
C1CCC(CC2CCC(C3CCCC(C4CCCC4)C3)CC2)CC1
C1CCC(CCCC2CCCCC2CC2CCCCC2)CC1
C1CCC(CC2CCCC(CCCC3CCC(C4CCCCC4)CC3)C2)CC1
C1CCC(CC2CCC(C3CCCCC3)CC2C2CCCCC2)CC1
C1CCC(CC2CCCCC2C2CCCC(C3CCCCC3C3CCC4CCCC4C3)C2)CC1
C1CCC(C2CCCC(CC3CCCC(C4CCCCC4)C3)C2)CC1
C1CCC(CCC2CCC(C3CCCCC3)CC2C2CCCCC2)CC1
C1CCC(CC2CCCC(CC3CCC(C4CCCCC4)CC3)C2)CC1
C1CCC(CCCCC2CCC(C3CCCCC3)CC2)CC1
C1CCC(C2CCCC(C3CCC4CCCC4C3)C2)CC1
C1CCC(C2CCCCC2C2CCCCC2)CC1
C1CCC(C2CCCC(CC3CCC(CCC4CC5CCCCC5C4)CC3)C2)CC1
C1CCC(CCCC2CC(C3CCCCC3)CC(C3CCCC(C4CCC(C5CCCC5)CC4)C3)C2)CC1
C1CCC(C2CCC(CC3CCCCC3C3CCCC3)C2)CC1
C1CCC(C2CCCCC2CC2CCC(CCC3CC3)CC2)C1
C1CCC(CCCCC2CCCC(C3CCCCC3)C2)CC1
C1CCC(C2CCCC(CC3CCCC(C4CCCCC4)C3)C2)CC1
C1CCC(CC2CCC(CCC3CCCC(CC4CCCCC4)C3)CC2)CC1
C1CCC(CC2CCC(C3CCCC(C4CCC4)C3CC3CCCCC3)CC2)CC1
C1CCC(C2CCC3C(CCCC3C3CCC(C4CCCC5CCCCC54)CC3)C2)CC1
C1CCC(CCC2CCCC(CCC3CCCCC3)C2)CC1
C1CCC(CCCC2CCCC(C3CCCCC3)C2)CC1
C1CCC(C2CCC(C3CCCCC3C3CCCC3)C2)CC1
C1CCC(CC2CCC(C3CCC(C4CCCCC4)CC3)C(C3CCC4CCCC4C3)C2)CC1
C1CCC(C2CCC(CCC3CCC(C4CCCC(CCC5CCCC5)C4)CC3)CC2)CC1
C1CCC(CCC2CCCC(C3CCCCC3)C2)CC1
C1CCC(CC2CC(C3CCCCC3)C3CCCCC23)CC1
C1CCC(CC2CCCC(C3CCCCC3)C2)CC1
C1CCC(CC2CCC(C3CCCCC3)CC2)CC1
C1CCC(C2CCCC(C3CCCCC3C3CCC(C4CCCCC4)CC3C3CCCC3)C2)CC1
C1CCC(CCCCC2CCCCC2CC2CCC3CCCC(C4CCCCC4)C3C2)CC1
C1CCC(CCC2CCC(CC3CCCCC3)CC2)CC1
C(CCCC1CC(CC2CCCCC2)CCC1CC1CCCCC1)CCC1CCCCC1
C1CCC(C2CCCC(C3CCCC(CC4CCC5CCCCC5C4)C3)C2)CC1
C1CCC(CC2CCC(C3CCCC(C4CCCCC4)C3)CC2)CC1
C1CCC(CCC2CCC(CC3CCCCC3)CC2)CC1
C1CCC(CCC2CCC(C3CC(CC4CCCCC4)C4CCCCC43)CC2)CC1
C1CCC(CC2CCC(CC3CCCCC3)CC2)CC1
C1CCC(CCC2CCCC(CC3CCCC(C4CCCCC4)C3)C2)CC1
C1CCC2CC(CC3CCC(C4CC4)CC3)CCC2C1
C1CCC(C2CCC(CCC3CCCC(C4CCCC4)C3)CC2)CC1
C(CCCCC1CCC(C2CCC(CC3CCCCC3)CC2)CC1)CCCC1CCCCC1
C1CCC(CC2CCCC(C3CCCCC3)C2)CC1
C1CCC(CC2CCCCC2)CC1
C1CCC(C2CCCC(C3CCCC(C4CCCC4)C3)C2)CC1
C1CCC(CC2CCCC(CC3CCCC(C4CC4)C3)C2)CC1
C1CCC(CC2CCCCC2CCC2CCC3C(CC4CCCCC4)CCCC3C2)CC1
C1CCC(CCC2CCCC(CCC3CC4CCCCC4C3)C2)C1
C1CCC(CC2CCC(C(C3CCC3)C3CCC(C4CCCC(C5CCCCC5)C4)CC3)CC2)CC1
C1CCC(CCCC(C2CCCC2)C2CCCC(C3CCCCC3)C2)CC1
C1CCC(CC2CCC(C3CCCC(C4CCCC5CC(C6CCCCC6)CCC54)C3)CC2)CC1
C1CCC(CC2CCC(C3CCCCC3)CC2)CC1
C1CCC(CC2CCCC(C3CCC4CCCCC43)C2)CC1
C1CCC(CCC2CCC(CC3CCCCC3)CC2)CC1
C1CCC(C2CCCC(CC3CCCC(C4CCCCC4)C3)C2)CC1
C1CCC(CC2CCCCC2CC2CCCC(C3CCCCC3)C2)CC1
C1CCC(C2CCCC(C3CCCC(CCC4CCC4)C3)C2)CC1
C1CCC(C2CCC3C(CCCC3C3CCCCC3)C2)CC1
C1CCC(C2CCCC(CCC3CCCC(C4CCCCC4)C3)C2)CC1
C1CCC(C2CCC3C(CCCC3C3CCC(C4CCCC5CCCCC54)CC3)C2)CC1
C1CCC(CCCC2CCC(CC3CCCCC3)CC2)CC1
C1CCC(CCC2CCCC(C3CCCC(C4CCC(C5CCCCC5C5CCCCC5)C4)C3)C2)CC1
C1CCC(CC2CCC(CCC3CCCC(C4CCCCC4)C3)CC2)CC1
C1CCC(C2CCC(CC3CCC(CCCC4CCCC4)CC3)CC2)CC1
C1CCC(C2CCCC(C3CCC(C4CC4)CC3)C2)CC1
C1CCC(C2CCCC(CC3CCCC(C4CCCCC4)C3)C2)CC1
C1CCC(C2CCC(C3CCCCC3)CC2)CC1
C1CCC(CCC2CCC(CC3CCC(C4CCCCC4)CC3)CC2)CC1
C1CCC(CC2CCCC(CC3CCC(C4CCCCC4)CC3)C2)CC1
C1CCC(CC2CCC(CC3CCC(C4CCCCC4)CC3)CC2)CC1
C1CCC(C2CCCC(C3CCC(C4CCCCC4)C(C4CCCCC4)C3)C2)CC1
C1CCC(CC2CCCC(C3CCC(CC4CCC(CC5CC6CCCCC6C5)CC4)CC3)C2)CC1
C1CCC(C2CC(C3CCCCC3)C(C3CCCCC3)C(C3CCCCC3)C2)CC1
C1CCC(CC2CCC(CCCC3CC(CC4CCCCC4)C4CCCCC34)CC2)CC1
C1CCC(CC2CCC(CCC3CCCCC3C3CCC4CCCCC43)CC2)CC1
C1CCC(CCCC2CCCCC2C2CCCC(CCC3CCCCC3)C2)CC1
C1CC(CCC2CCCC(CCCCC3CCC4CCCC4C3)C2)C1
C1CCC(CCC2CCC3CC(CC4CCCC(C5CCCCC5)C4)CCC23)CC1
C1CCC(CC2CCC(C3CCCCC3)CC2)CC1
C1CCC(CC2CCC(CC3CCC(CCCC4CCC(C5CCCC5)CC4)CC3)CC2)CC1
C1CCC(C2CCCCC2C2CCC3C(CCCC3C3CCC4CCCCC43)C2)CC1
C1CCC(CC2CCCC(C3CCCCC3CC3CCCCC3)C2)CC1
C1CCC(CC2CCC(C3CCCCC3)C(C3CCCC(C4CCCCC4)C3)C2)CC1
C1CCC(C2CCCC(C3CCC(CC4CCCC4)C(C4CCCC4)C3)C2)CC1
C1CCC(C2CCC(C3CCCCC3)CC2)CC1
C1CCC(CC2CCCCC2)CC1
C1CCC(CC2CCC(C3CC(C4CCCC4)C4CCCCC34)CC2)CC1
C1CCC(C2CC(C3CCCCC3)CC(C3CCCCC3)C2)CC1
C1CC(C2CCCC(C3CCC(C4CCC(C5CCCC5)C(C5CCC6CCCC6C5)C4)CC3)C2)C1
C1CCC(CCC2CCCC(C3CCC(CCC4CCC5CCCCC54)C3)C2)CC1
C1CCC(CCC2CCCC(CC3CCCCC3)C2)CC1
C1CCC(CCC2CCC(CC3CCCCC3)CC2)CC1
C1CCC(CC2CCC3CCCCC3C2)CC1
C1CCC(C2CCCCC2C2CCCCC2)CC1
C1CCC(C2CCC(CCC3CCC4CCCCC4C3)CC2)CC1
C1CCC(C2CCCC(C3CCC4CCCCC43)C2)CC1
C1CCC(CCC2CCC(CC3CCCCC3)CC2)CC1
C1CCC(C2CCC(C3CCC(C4CCCCC4)CC3C3CCC4CCCC4C3)CC2)CC1
C1CCC(C2CCCCC2C2CCC(C3CCCCC3CC3CCC4CCCCC4C3)CC2)CC1
C1CCC(CC2CCC(C3CCCC(C4CCCCC4)C3)CC2)CC1
C1CCC(CCC2CCCC(CC3CCCC(CC4CC5CCCCC5C4)C3)C2)CC1
C1CCC(C2CCC(C3CCCCC3)CC2)CC1
C1CCC(CC2CCC(CC3CCC(C4CCCCC4)CC3)CC2)CC1
C1CCC(C2CCCCC2C2CCC3C(CCC3C3CCCCC3)C2)CC1
C1CCC(CCC2CCCC(CC3CCCCC3)C2)CC1
C1CCC(CC2CCC(C3CCCC(C4CCCC(C5CCCCC5)C4)C3)CC2)CC1
C1CCC(CC2CCC(CC3CC(C4CCCCC4)C4CCC(CC5CCCCC5)CC34)CC2)CC1
C1CCC(CC2CCC(C3CCCCC3)CC2)CC1
C1CCC(C2CCC(C3CCC(CC4CC4)CC3)CC2)CC1
C1CCC(C2CCCC(C3CCCC(C4CCCCC4)C3)C2)CC1
C1CCC(C2CCCC(CC3CCCC3)C2)CC1
C1CCC(CC2CCCC2C2CCC(C3CCCCC3)CC2C2CC3CCCCC3C2)CC1
C1CCC(CC2CCCCC2)CC1
C1CCC(C2CCCC(CCCC3CCC4C(CCC4C4CCCCC4)C3)C2)CC1
C1CCC(C2CCC(C3CC(C4CCCCC4)C4CCCCC34)CC2)CC1
C1CCC(C2CC(CCC3CCCC(CC4CC5CCCCC5C4)C3)C3CCCCC32)CC1
C1CCC(CC2CCC(C3CCC(CC4CCC5CCCCC54)CC3)CC2)CC1
C1CCC(C2CCC(C3CC4CCC(C5CCCCC5C5CCCC5)CC4C3)CC2)CC1
C1CCC(CC2CCC(C3CCCC(C4CCCCC4)C3)CC2)CC1
C1CCC(CC2CCC(C3CC(C4CCCCC4)CC(C4CCCCC4)C3)CC2)CC1
C1CCC(C2CCCC(CCC3CCC(C4CCCCC4)CC3C3CCCCC3)C2)CC1
C1CCC(CC2CCC(CC3CCCC(CCC4CCC(C5CCCCC5)CC4)C3)C2)CC1
C1CCC2CC(C3CCC(C4CCCC4C4CCCC(CC5CC6CCCCC6C5)C4)CC3)CCC2C1
C1CCC(C2CC(C3CCCCC3)CC(C3CCCC(CCCC4CCC5CCCCC54)C3)C2)CC1
C1CCC(CC2CCCC(C3CCCCC3CC3CCCCC3)C2)CC1
C1CCC(CC2CC(CCCCC3CCC(CCC4CC5CCCCC5C4)CC3)C3CCCCC23)CC1
C1CCC(CCC2CC(C3CCCCC3)CCC2C2CCC(C3CCCCC3)C2)CC1
C1CCC(CC2CCCC(CCC3CCCC3)C2)CC1
C1CCC(CCC2CCC(CCC3CCC(C4CCC5CCCCC5C4)CC3)CC2)CC1
C1CCC(CC2CCC(C3CCC4C(CC5CCCCC5)CCC4C3)CC2)CC1
C1CCC(CCC2CCC(C3CCCCC3)CC2)CC1
C1CCC(C2CCCCC2)CC1
C(CCCCC1CCCC2CCCCC12)CCCC1CCC(CC2CCCCC2)CC1
C1CCC(CC2CCC(C3CCCCC3)C(C3CCCCC3)C2)CC1
C1CCC(CC2CCC(CCCCC3CCC4CCCC4C3)CC2)CC1
C1CCC(CC2CCC3CC(C4CCCCC4CC4CCCCC4)CC(C4CCCCC4)C3C2)CC1
C1CCC(C2CCC(C3CCCC(C4CCCC(C5CCCCC5)C4)C3)CC2)CC1
C1CCC(CC2CCCC(CC3CCCC(C4CCCCC4)C3)C2)CC1
C1CCC(CCC2CCCC(C3CCCCC3C3CCCCC3)C2)CC1
C1CCC(C2CCCC(C3CCCC4CC(C5CCCCC5)CCC43)C2)CC1
C1CCC(CC2CCCCC2C2CCCC(CCC3CCCC3)C2)CC1
C1CCC(CCCC2CCCC(CC3CCCC(C4CCCCC4)C3)C2)CC1
C1CCC(CCC2CCC(CC3CCC(CC4CC5CCCCC5C4)CC3)CC2)CC1
C1CCC(C2CCC(C3CCCC(CCC4CC4)C3)CC2)CC1
C1CCC(C2CCCC(C3CCC4C(CCCCCC5CC5)CCCC4C3)C2)CC1
C1CC(C2CCCC(C3CCCC(CCC4CCCCC4C4CCC(CC5CC6CCCCC6C5)CC4)C3)C2)C1
C1CCC(CC2CCCC(C3CCCCC3)C2)CC1
C1CCC(CCCC2CCCC(C3CCCCC3)C2)CC1
C1CCC(C2CCCC(C3CCCCC3)C2)CC1
C1CCC(CC2CCCC(CC3CC(C4CCCCC4)C4CC(C5CCCCC5)CCC34)C2)CC1
C1CCC(C2CCCC(C3CCCCC3C3CCC3)C2)CC1
C1CCC(CCC2CC(CC3CC(C4CCCCC4)CC(C4CCC4)C3)C3CCCCC23)CC1
C1CCC(CC2CCC(C3CCC4CC(C5CCC6CCCCC65)CC(C5CCCC5)C4C3)CC2)CC1
C1CCC(CCCC2CCC(C3CCCCC3)C2C2CCCCC2)CC1
C1CCC(C2CCC(C3CCCC(C4CCCCC4)C3)CC2)CC1
C1CCC(CC2CCCCC2)CC1
C1CCC(CC2CCC(CCC3CCCC4CCCCC43)CC2)CC1
C1CCC(CC2CCC(CC3CCC(C4CCC5CCCCC5C4)CC3)CC2)CC1
C1CCC(C2CCC(C3CCCCC3)C(CCC3CC4CCCCC4C3)C2)CC1
C1CCC(CC2CCC(CC3CCCCC3)CC2)CC1
C(CCCCC1CCCC(CC2CCCCC2)C1)CCCC1CCCCC1
C1CCC(C2CCC3CCC(C4CCCC(CC5CC6CCCCC6C5)C4)CC3C2)CC1
C1CCC(CC2CCCCC2C2CCC(C3CCCCC3)CC2)CC1
C1CCC(C2CCC(C3CCCCC3C3CCC4CCCC4C3)CC2)C1
C1CCC(CCCC2CCC(C3CCCCC3)CC2)CC1
C1CCC(C2CC3CCC(CCC4CCC4)CC3C(C3CCCCC3)C2)CC1
C1CCC(CC2CCC(C3CCC(C4CCCC(C5CCCCC5)C4)CC3)CC2)CC1
C1CCC(CCC2CCCC(CC3CCC(CC4CCCCC4)CC3)C2)CC1
C1CCC(CC2CCC(CC3CCC(CCC(C4CCCCC4)C4CCC5CCCC5C4)CC3)CC2)CC1
C1CCC(CC2CCC(CCC(C3CCCCC3)C3CCCCC3)CC2)CC1
C1CCC(C2CCCC(CC3CCC(C4CCCCC4CC4CCCC4)CC3)C2)CC1
C1CCC(CCCC2CCC(C3CCCCC3)CC2)CC1
C1CCC(C2CCCC(CCC3CCC(C4CCC(CC5CCC6CCCCC65)CC4)CC3)C2)CC1
C1CCC(CC2CCCC(C3CCC(CCC4CCCC4)CC3)C2)CC1
C1CCC(C2CCCC(C3CCCCC3CC3CCC(CC4CC4)CC3)C2)CC1
C1CCC(C2CCC(CC3CCC(C4CCCCC4CC4CCCC4)CC3)CC2)CC1
C1CC(CC2CC(CC3CCCC(C4CCCC4)C3)C3CCCCC23)C1
C1CCC(CC2CCCC(CC3CCCC(C4CCCCC4)C3)C2)CC1
C1CCC(CCC2CCCC(CCC3CCCC(C4CCCCC4)C3)C2)CC1
C1CCC(CCC2CCC(C3CCC(CC4CCCCC4)CC3)CC2)CC1
C1CCC(CC2CCC(CC3CCCCC3)CC2)CC1
C1CCC(C2CCC(CCC3CCCC(C4CCCCC4)C3)CC2)CC1
C1CCC(CC2CCC(CC3CCC(CC4CCCCC4)CC3)CC2)CC1
C1CCC(CCC2CCCCC2)CC1
C1CCC(CCC2CCCC(CC3CCCCC3)C2)CC1
C1CCC(C2CCC(C3CCCC3)CC2C2CCCC(C3CCC(CCC4CC4)CC3)C2)CC1
C1CCC(C2CCC(C3CCCC(C4CCCCC4)C3)CC2)CC1
C1CCC(CCC2CCCC(C3CCCCC3)C2)CC1
C1CCC(CC2CCC(CCC3CCCC(CC4CCCCC4)C3)CC2)CC1
C1CCC(C2CCC(CC3CCC(C4CCCC4)CC3)CC2)CC1
C1CCC(CCCC2CCC(C3CCCCC3)CC2)CC1
C1CCC(CCC2CCC(CCCC3CCCC(C4CCCCC4)C3)CC2)CC1
C1CCC(CC2CCCC(C3CCC(C4CCC5CCCCC5C4)CC3)C2)CC1
C1CCC(CCC2CCC(C3CCCCC3)CC2)CC1
C1CCC(CC2CCC(CCCC3CCC(C4CCCCC4)CC3)CC2)CC1
C1CCC(CC2CCC(C3CCCC(C4CCCC4)C3)CC2)CC1
C1CCC(CCCCC2CCC(C3CCCCC3)CC2)CC1
C1CCC(CCC2CCCC(CCC3CCC(CC4CCCCC4)CC3)C2)CC1
C1CCC(CC2CCCC(C3CCCC(C4CCCCC4)C3)C2)CC1
C1CCC(CCCC2CCC(CC3CCCC(C4CCC4)C3)CC2)CC1
C1CCC(C2CC(C3CCCCC3)C(C3CCCCC3)C(C3CCCC3)C2)CC1
C1CCC(CC2CCC(C3CCCC3)C(C3CC(CC4CCCCC4)C4CCCCC43)C2)CC1
C1CCC(CC2CCCCC2C2CCCCC2)CC1
C1CCC(CC2CCC(CC3CCC4CCCCC43)CC2)CC1
C1CCC(CCC2CCCCC2C2CCC3CCCCC3C2)CC1
C1CCC(CC2CCCC(CC3CCC(C4CCCCC4)CC3)C2)CC1
C1CCC(C2CCC(CC3CCC(C4CCCCC4)CC3)CC2)CC1
C1CCC(CCCC2CCC(CC3CCCC(C4CCCCC4)C3)CC2)CC1
C1CCC(CCC2CCCC(CC3CCC(C4CCCC4)CC3)C2)CC1
C1CCC(CC2CCC(C3CCC(C4CCCCC4)CC3C3CCCCC3)CC2)CC1
C1CCC(C2CCCCC2C2CCCCC2C2CCCCC2)CC1
C1CCC(C2CCCC3CCC(C4CCCC4)CC32)CC1
C1CCC(C2CCC(C3C(C4CCCCC4)CC(C4CCCCC4)C4CC5CCCCC5C43)CC2)CC1
C(CCCC1CCC2CCCCC12)CCC1CCC(CC2CCCCC2)CC1
C1CCC(C2CCC(C3CCCCC3)CC2)CC1
C1CCC2CC(C3CCC(C4CCCCC4CC4CCC5CCCCC54)CC3)CCC2C1
C1CCC(CCC2CCCC(CC3CCC(C4CCCCC4)CC3)C2)CC1
C1CCC(CCCC2CC3CCCCC3C2)CC1
C1CCC2CC(CC3CCC(CC4CCCCC4C4CCCC4)CC3)CC2C1
C1CCC(C2CCC(CCC3CCCC(CC4CC5CCCCC5C4)C3)CC2)CC1
C1CCC(C2CCCC(C3CCCC3)C2)CC1
C1CCC(C2CCC(CC3CCC(CCC4CCCC4)CC3)CC2)CC1
C1CCC(CCCCC2CCCCC2)CC1
C1CCC(C2CC(C3CCCC(CC4CCC(C5CC6CCCCC6C5)CC4)C3)C3CCCCC23)CC1
C1CCC(C2CCC3CCCC(C4CCCCC4)C3C2)CC1
C1CCC(CC2CCC(CC3CCC(C4CCCCC4C4CCCC4)CC3)CC2)C1
C1CCC(C2CCCC(C3CCCCC3)C2)CC1
C1CCC(C2CCCC(C3CCC(C4CCCCC4)C3)C2)CC1
C1CCC(CC2CCCC(CC3CCC4CCCCC43)C2)CC1
C1CCC(C2CCCC(CC3CCC4CCCCC4C3)C2)CC1
C1CCC(C2CCCC(C3CCCC(C4CCC5CCCCC5C4)C3)C2)CC1
C1CCC(C2CCC3CC(C4CCCCC4)CCC3C2)CC1
C1CCC(CC2CCCC(C3CCCCC3C3CCCCC3)C2)CC1
C1CCC(CC2CCCC(CC3CCCC(CC4CCCC(C5CCCCC5)C4)C3)C2)CC1
C1CCC(CCCC2CCCC(C3CCCC(CC4CCCCC4)C3)C2)CC1
C1CCC(C2CCC(C3CCCCC3)CC2)CC1
C1CCC(CC2CCC(CCC3CCC(C4CCCCC4)C(C4CCCCC4)C3)CC2)CC1
C1CCC(CC2CCC3CC(C4CCC(C5CCCC5)CC4)CCC23)CC1
C1CCC(C2CCCCC2C2CCC(CCCCC3CC3)CC2)CC1
C1CCC(C2CCC(C3CCCCC3)CC2)CC1
C1CCC(CC2CCC(CC3CCCCC3)CC2)CC1
C1CCC(C2CCC3CCCCC3C2)CC1
C1CCC(C2CCC(C3CCCC3)CC2)CC1
C1CCC(CCC2CCCC(C3CCCC(CC4CCCCC4)C3)C2)CC1
C1CCC(CC2CCCC(C3CCCC(C4CCCCC4)C3)C2)CC1
C1CCC(CCC2CCCC(C3CCCC(CC4CCCCC4)C3)C2)CC1
C1CCC(C2CCCCC2)CC1
C1CCC(CC2CCC(CCC3CCC(CC4CCC(CC5CCCCC5)CC4)CC3)CC2)CC1
C1CCC(CC2CCC(CC3CCC(C4CCCCC4)CC3)CC2)CC1
C1CCC(CC2CCCC(C3CCCC(C4CCC(C5CCC6CCCCC6C5)CC4)C3)C2)CC1
C1CCC(CC2CCCCC2CC2CC(CC3CC4CCCCC4C3)C3CCCCC23)CC1
C1CCC(CCCC2CC3CCC(C4CCCCC4)CC3C(C3CCCC(C4CCCCC4)C3)C2)CC1
C1CCC(C2CCC(CCC3CCC(C4CCCC4)CC3)CC2)CC1
C1CCC(CCC2CCCC(C3CCCCC3)C2)CC1
C1CCC(CCC2CCC(CCC3CCCC(C4CCCCC4)C3)CC2C2CCCC2)CC1
C1CCC(C2CCCC(C3CCC(C4CCCCC4)C(C4CCCC4)C3)C2)CC1
C1CCC(CC2CC(C3CCCCC3)C3CCC(C4CCCCC4)CC23)CC1
C1CCC(CC(CC2CCCC(C3CCCCC3)C2)C2CCCC(CC3CCCC3)C2)CC1
C(CC1CCC(C2CCCC2)CC1)CC1CCCC(CC2CCC(C3CCCC(CC4CC5CCCCC5C4)C3)CC2)C1
C1CC(C2CCCC(CC3CCCC(C4CCC5CCCCC54)C3)C2)C1
C1CCC2CC(CCC3CCC(C4CCCCC4C4CCC5CCCC5C4)CC3)CC2C1
C1CCC(C2CC(C3CCC4CCCC(C5CCCCC5)C43)CC3CCCCC32)CC1
C1CCC(C2CC(C3CCC(CC4CC5CCCCC5C4)CC3)C3CCCCC23)CC1
C1CCC(CC2CCC(CC3CCCC(CC4CCCCC4)C3)CC2)CC1
C1CCC(CC2CCC(CC3CCCCC3)CC2)CC1
C1CCC(C2CCCC(CC3CCCC(C4CCCCC4C4CCCCC4)C3)C2)CC1
C1CCC(CC2CCC(CCC3CCCC(C4CCCCC4)C3)CC2)CC1
C1CCC(CC2CCCCC2C2CCCCC2)CC1
C1CCC(CCCCC2CCCC(CC3CCCC(CC4CCCCC4)C3)C2)CC1
C1CCC(CC2CCC(C3CCCCC3)CC2)CC1
C1CCC(CC2CCCC(CC3CCC(C4CCCCC4)CC3)C2)CC1
C1CCC(CC2CCCC(C3CCCCC3)C2)CC1
C1CCC(CCCC2CCC(C3CCC(C4CCCCC4)CC3)C(C3CCCC3)C2)CC1
C1CCC(C2CCC3C(CCC3C3CCCCC3)C2)CC1
C1CCC(CC2CCC(C3CCCC(C4CCCCC4CC4CCC(C5CCCC5)CC4)C3)CC2)CC1
C1CCC(C2CCCC(CCC3CCC(CC4CCCC(C5CCCCC5)C4)CC3)C2)CC1
C1CCC(CC2CCCC(CC3CCCC(C4CCCCC4)C3)C2)CC1
C1CCC(C2CCC(C3CCCCC3C3CCCC3)C(C3CCCC3)C2)CC1
C1CCC(CC2CCCC(C3CCC(C4CCCCC4)CC3)C2)CC1
C1CCC(C(C2CCCCC2)C2CCC(CCC3CCC(C4CCC4)CC3)CC2)CC1
C1CCC(CCC2CCC(CC3CCC(C4CCCC(CC5CCCCC5)C4)CC3)CC2)CC1
C1CCC(CC2CCC(C3CC(C4CCCC(C5CCC6CCCC6C5)C4)CCC3C3CCCC3)CC2)C1
C1CCC(CC2CCC(CC3CCCCC3C3CCCCC3)CC2)CC1
C1CCC(CCCC2CC3CC(C4CCCCC4)CCC3C(C3CCC3)C2)CC1
C1CCC(CC2CCC(C3CCCCC3)C(CCC3CCC(C4CCCCC4)CC3)C2)CC1
C1CCC(C2CCCC(CC3CC4CCCCC4C3)C2)CC1
C1CCC(C2CCC(C3CCCCC3)CC2)CC1
C1CCC(CC2CCC(CCC3CCC4CCCCC4C3)CC2)CC1
C1CCC(CC2CCCCC2CC2CCCC(C3CCCCC3)C2)CC1
C1CCC(CCCCCC2CC(C3CC3)CCC2C2CCCCC2)CC1
C1CCC(CCC2CCCC(CC3CCC4C(CCCC4C4CCCCC4)C3)C2)CC1
C1CCC(CC2CCC(CC3CC4CCC(C5CC6CCCCC6C5)CC4C3)CC2)CC1
C1CCC(C2CCCC(C3CCC(CC4CCCCC4C4CCCCC4)CC3)C2)CC1
C1CCC(CC2CC(CC3CCCC(C4CCCCC4)C3)C3CCCCC23)CC1
C1CCC2CC(CCC3CCC(C4CCCC(C5CCCC5)C4)CC3)CCC2C1
C1CCC(CC2CCC(CCC3CCC(C4CCCC(CC5CC6CCCCC6C5)C4)CC3)CC2)CC1
C1CCC(C2CCC(C3CCCC(C4CCCCC4)C3)CC2)CC1
C1CCC(C2CCCC(CC3CCCC(C4CCC4)C3)C2)CC1
C1CCC(CC2CCC(C3CCCCC3)CC2)CC1
C1CCC(CCC2CCCC(CCC3CCC(C4CCCCC4C4CCCC4)CC3)C2)CC1
C1CCC(CC2CCC(CCCCC3CCCCC3CC3CCCCC3)CC2)CC1
C1CCC(CCC2CCC(C3CC(C4CCC(C5CCCCC5)CC4)C3)CC2)CC1
C1CCC(C2CC(CC3CCCC(C4CCCC(CC5CC5)C4)C3)C3CCCCC32)CC1
C1CCC(CCC2CCC(C3CCCCC3)CC2)CC1
C1CCC(C2CCC(CC3CCCC(C4CCCC(C5CCC6CCCC6C5)C4)C3)CC2)CC1
C1CCC(C2CCC(CCC3CCC(CC4CC4)CC3)CC2)CC1
C1CCC(CC2CCC(CCC3CCC(CC4CCCCC4)CC3)CC2)CC1
C1CCC(CCC2CCC(CCC3CCC4CCCCC43)C(C3CCCCC3)C2)CC1
C1CCC(C2CCCC(C3CCC(C4CCC5CCCC5C4)C3)C2)C1
C1CCC(C2CC(C3CCCCC3)C3CCCCC23)CC1
C1CCC(CCC2CCC(CCC3CCCCC3C3CCCC(C4CC4)C3)CC2C2CCCCC2)CC1
C1CCC(C2CC(C3CCC(CCC4CCC(CCC5CCC5)CC4)CC3)C3CCCCC23)CC1
C1CCC(CCCC2CCC(CC3CCCCC3)CC2)CC1
C(CCCC1CCC(C2CCCCC2)CC1)CCC1CCC(CC2CCCCC2)CC1
C1CCC(CCCC2CCCC(C3CCCCC3)C2)CC1
C1CCC(C2CCCC(CC3CC(C4CCCCC4C4CCCCC4)C4CCCCC34)C2)CC1
C1CCC(CC2CCC(CC3CCC(CC4CC5CCCCC5C4)CC3)CC2)CC1
C1CCC(CC2CCCC(C3CCCCC3)C2)CC1
C1CCC(CCC2CCC(C3CC3)CC2C2CCCCC2)CC1
C1CCC(CCCC2CCC(CC3CCCCC3)C(C3CCCCC3)C2)CC1
C1CCC(C2CC(C3CCCCC3)C3CCCCC23)CC1
C1CCC(CC2CCC(C3CCC(CC4CCCCC4)CC3)CC2)CC1
C1CCC2CC(CC3CCC(CC4CCCCC4C4CCCC4)CC3)CCC2C1
C1CCC(CC2CCC(CC3CCCCC3)C(CC3CCCCC3)C2)CC1
C1CCC(C2CCC(CC3CCCC(CCCC4CCC5CCCC5C4)C3)CC2)CC1
C1CCC(CC2CCCC(C3CCCCC3)C2)CC1
C1CCC(CCCC2CCC(CC3CCC(C4CCCC4)CC3)CC2)CC1
C1CCC(C2CCC(CCCC3CCC(C4CCCC(C5CCCCC5)C4)CC3)CC2)CC1
C(CCCC1CCCCC1)CCCC1CCC(C2CCCCC2)CC1
C1CCC(C2CCCC3CC(C4CCCC(C5CCC5)C4)CC32)CC1
C1CCC(CC2CCCCC2C2CCC(CC3CCC(CC4CCCC4)CC3)CC2C2CCC2)CC1
C1CCC(CC2CCC(CCCC3CCC3)C(C3CCCCC3)C2)CC1
C1CCC(CC2CCCCC2CC2CCCC(C3CCCCC3)C2)CC1
C1CCC(CC(C2CCCCC2)C2CCCCC2)CC1
C1CCC(CCCC2CC(CCC3CCCC3)CC(C3CCCCC3)C2)CC1
C1CCC(C2CCCC(CCCC3CCC(C45CC(C4)C5)CC3)C2)CC1
C1CCC(C2CCCC(C3CCC(C4CCCC(C5CCCCC5)C4)CC3)C2)CC1
C1CCC(CCCCC2CCC(CC3CCC(CC4CCCC4)CC3)CC2)CC1
C1CCC(C2CCC(CCCC3CCC(CCCC4CC4)CC3)CC2)CC1
C1CCC(C2CCC(C3CCCC3)C(C3CCCC(CC4CCCC4)C3)C2)CC1
C1CCC(CCCCC2CCC(CC3CCC(C4CC4)CC3C3CCCCC3)CC2)CC1
C1CCC(CC2CCC(C3CCC4C(CCCC4C4CCC(CC5CCCCC5)CC4)C3)CC2)CC1
C1CCC(C2CCCC(C3CCCC3)C2)CC1
C1CCC(CC2CCCC(CC3CCC(C4CCCC4)C3)C2)CC1
C1CCC(CC2CC(CC3CCCC(C4CCCCC4)C3)C3CCCCC23)CC1
C1CCC(CCCCC(CC2CCCC(C3CCC3)C2)C2CCCC2)CC1
C(CCCC1CCC(CCC2CCCCC2)CC1)CCCC1CCCCC1CC1CCCCC1
C1CCC(CC2CCCC(C3CCCC(C4CCCCC4)C3)C2)CC1
C1CCC(CCC2CCCC(C3CCCCC3)C2)CC1
C1CCC(C2CCC(C3CCCCC3)CC2)CC1
C(CCCC1CCC(CC2CCCCC2)CC1)CCC1CCCCC1
C1CCC(CC2CC(C3CCCCC3)CCC2C2CC3CCCCC3C2)CC1
C1CCC(CC2CCC(CCCC3CCCC(CC4CCCCC4)C3)CC2)CC1
C1CCC(CC2CCCC(C3CCCC(C4CCCCC4)C3)C2)CC1
C1CCC(CC2CCC(C3CCCCC3)C(C3CCCCC3)C2)CC1
C1CCC(CCCC2CCC(C3CCC(CC4CCC4)CC3)CC2)CC1
C1CCC(CCCC2CC(C3CCCCC3)CCC2CC2CCCCC2)CC1
C1CCC(CC2CC(C3CCCCC3)C3CCCCC23)CC1
C1CCC(CC2CCC(CC3CCC(C4CCCCC4)CC3)CC2)CC1
C1CCC(C2CCC(CC3CCC(C4CCCCC4C4CCCC4)CC3)CC2)CC1
C1CCC(C2CCCCC2C2CCCCC2)CC1
C1CCC(C2CCCC(CCCC3CCCCC3C3CCCCC3)C2)CC1
C1CCC(CCC2CCC(C3CCCCC3)C(CC3CCCCC3)C2)CC1
C1CCC(CC2CCCCC2C2CCCCC2)CC1
C1CCC(C2CCCCC2C2CCC(CC3CC4CCCCC4C3)CC2C2CCCC2)CC1
C1CC(CC2CC(C3CCCC4CCCCC43)C3CCCCC23)CC(C2CCC3CCCC3C2)C1
C1CCC(CC2CCC(CC3CCCC(C4CCCCC4)C3)C(C3CCCCC3)C2)CC1
C1CCC(CC2CCCC(C3CCCC(C4CCCCC4)C3)C2)CC1
C1CCC(C2CCC(CC3CC4CCCCC4C3)CC2C2CCCC2)CC1
C1CCC(CCCC2CCC(C(CCC3CCCCC3)CC3CCCC(C4CCCCC4)C3)CC2)CC1
C1CCC(CC2CCCCC2CC2CCCC(C3CCCCC3)C2)CC1
C1CCC(CC2CCCC(C3CCCC(C4CCCCC4)C3)C2)CC1
C1CCC(CCC2CCCC(C3CCC3)C2)CC1
C1CCC(CC2CCC(CC3CCC(CC4CCCCC4)CC3C3CCC(C4CCCCC4)C3)CC2)CC1
C1CCC(CC2CC(C3CCCCC3)C3CCCCC23)CC1
C1CCC(C2CCC(CC3CCC(C4CCCC(CC5CC6CCCCC6C5)C4)CC3)CC2)CC1
C1CCC(CCCC2CCC(C3CCC(CCC4CC4)CC3)CC2)CC1
C1CCC(CC2CCC(CC3CCCCC3C3CCCCC3)CC2)CC1
C1CCC(C2CCCC(C3CCC(C4CCCC4)CC3)C2)CC1
C1CCC(CC2CCC(CCCC3CCC(C4CCCCC4)CC3)CC2)CC1
C1CCC(CCCC2CC(C3CCCCC3)C3CCCCC23)CC1
C1CCC(CC2CCCC(C3CCCC(CCC4CCC(C5CCCCC5)CC4)C3)C2)CC1
C1CCC(CC2CCC3CCCC(C4CCCCC4)C3C2)CC1
C1CCC(C2CCC(CCCC3CCCCC3C3CCCCC3)CC2)CC1
C1CCC(CC2CCC(CC3CCC(C4CCCCC4)CC3)CC2)CC1
C1CCC(C2CCCC(C3CCCCC3)C2)CC1
C1CCC(C2CC(C3CCC4CCCC4C3)CCC2C2CCCC2)CC1
C1CCC(CC2CCCC3CCCCC32)CC1
C1CCC(CC2CCC(CC3CC4CCCCC4C(C4CCCCC4)C3)CC2)CC1
C(CCCCC1CCCC(CCC2CCCCC2)C1)CCCC1CCCCC1
C1CCC(CC2CCCC(C3CCCC4CC(C5CCCCC5)CCC43)C2)CC1
C1CCC(CC2CCCCC2CC2CCCC(C3CCCC3)C2)CC1
C1CCC(CC2CC(CCC3CCCC(C4CCCCC4)C3)CCC2C2CC3CCCCC3C2)CC1
C1CCC(C2CC(C3CCCC3)C(C3CCCCC3)C(C3CCCC(CCC4CCCC4)C3)C2)CC1
C1CCC(C2CCCC(C3CC(C4CCC5CCCCC54)CC4CCCCC43)C2)CC1
C1CCC(CC2CCCC(C3CCCC(CC4CCCCC4)C3)C2)CC1
C1CC(CC2CC3CCCCC3C2)CC(CC2CCCCC2C2CCCC2)C1
C1CCC(CC2CCC(C3CCC4CC(C5CCCCC5)CCC43)CC2)CC1
C1CCC(C2CCCC(C3CCCCC3)C2)CC1
C1CCC(C2CCC(C3CCC(C4CCCC4)CC3)CC2)CC1
C1CCC(C2CCCC(CC3CCC(CC4CC5CCCCC5C4)CC3)C2)CC1
C1CCC(CCC2CCC(CCCC3CCC(CCC4CCCC4)CC3)CC2)CC1
C1CCC(CC2CCCC(CC3CCCC(C4CCCC4)C3)C2)CC1
C1CCC(C2CCC(CCC3CCCCC3C3CCCCC3)CC2)CC1
C1CCC(C2CCC(CC3CCC4CCCCC4C3)C(C3CCCCC3)C2)CC1
C1CCC(CCC2CCC(CC3CCCCC3)CC2)CC1
C1CCC(C2CCC(CC3CCC(CC4CCCC4)CC3)CC2)CC1
C1CCC(CC2CCCC(CC3CCC(C4CCCCC4)C3)C2)CC1
C1CCC(CCCC2CCCC(C3CCCCC3)C2)CC1
C1CCC(C2CCC(C3CCCC(C(C4CCCCC4)C4CC4)C3)CC2)CC1
C1CCC(CC2CCC(CC3CCC(CC4CCC(C5CCCCC5)CC4)CC3)CC2)CC1
C1CCC(C2CCC(C3CCCC(C4CC4)C3)CC2)CC1
C1CCC(C2CCC(C3CCCCC3)CC2)CC1
C1CCC(CC2CCCCC2CCC2CCCC(CCC3CCC(C4CCCCC4)CC3)C2)CC1
C1CC(CC2CCC(CCC3CCC4CCCCC43)CC2)CC(CC2CC2)C1
C1CCC(C(CC2CCC(C3CCC3)CC2)CC2CCCC(C3CCC4CCCC4C3)C2)CC1
C1CCC(C2CCCC(CC3CCCC(C4CCCC(C5CCCCC5)C4)C3)C2)CC1
C1CCC(CC2CCCC(CCC3CCCC(C4CCCCC4)C3)C2)CC1
C1CCC(CCC2CCCCC2C2CCC3CCCCC32)CC1
C1CCC(C2CCC(C3CCC(C4CCC5CCCC5C4)CC3)CC2)CC1
C1CCC(CC2CCCCC2C2CCCCC2CCC2CCCC(C3CCCCC3)C2)CC1
C1CCC(C(CC2CCCC(CCC3CC4CCCCC4C3)C2)C2CCCCC2)CC1
C1CCC(C2CCC(C3CCCCC3C3CCCCC3)C(C3CCCCC3)C2)CC1
C1CCC(CCCC2CCCCC2CC2CCC(CC3CCCCC3)CC2)CC1
C1CCC2CC(C3CCCCC3C3CCC4CCCC4C3)CCC2C1
C1CCC(CC2CCC(C3CCC4CCCC4C3)C(C3CCCC3)C2)CC1
C1CCC2CC(C3CCCC(C4CCCCC4C4CC4)C3)CC2C1
C1CCC(C2CCC(C3CCCC4CCCC43)CC2)CC1
C1CCC(CC2CCCC(CC3CCCCC3CC3CCCCC3)C2)CC1
C1CCC(C2CCC3CCCCC3C2)CC1
C1CCC(CC2CCC(C3CC4CCCCC4C3)CC2)CC1
C1CCC(C2CCC(CC3CC(C4CCCCC4)CC(C4CCCCC4)C3)CC2)CC1
C1CCC(C2CCCC(C3CCCC(C4CCCCC4)C3)C2)CC1
C1CCC(CCC2CCCCC2C2CCCCC2CC2CC2)CC1
C1CCC(CCC2CCCC(CCC3CCC(CCC4CC5CCCCC5C4)CC3)C2)CC1
C1CCC(C2CCC(C3CCC4CCCCC43)CC2)CC1
C1CCC(CC2CCC(C3CCC(C4CCCCC4)CC3)CC2)CC1
C1CCC(CC2CCCCC2CCC2CCCC(C3CCCC(C4CCCCC4)C3)C2)CC1
C1CCC(CCC2CCCC(C3CCCCC3C3CCCC(CC4CCCC4)C3)C2)CC1
C1CCC(CCCCC2CCC(CCCCC3CCCCC3)CC2)CC1
C1CCC(CC2CCC(C3CCCC(CC4CCCCC4)C3)CC2)CC1
C1CCC(CC2CCCCC2C2CCCC(C3CCCCC3CCC3CC4CCCCC4C3)C2)C1
C1CCC(CC2CCCC(CC3CCC4CCC(C5CCCCC5)CC4C3)C2)CC1
C1CCC(C2CCC(CC3CCC(CC4CC5CCCCC5C4)CC3)CC2)CC1
C1CCC(C2CCC(C3CCCCC3C3CCCCC3)C(C3CCCC3)C2)CC1
C1CCC(CC2CCC(CCC3CCC(C4CCC5CCCCC54)CC3)CC2)CC1
C1CCC(CC2CCC(CCC3CCC(C4CCC(C5CCC5)CC4)CC3)CC2)CC1
C1CCC(CCC2CC(CCC3CCCCC3)CC(CC3CCCCC3)C2)CC1
C1CCC(CCCC2CCCCC2CC2CCC(C3CCCCC3)CC2)CC1
C1CCC(C2CCCC(CCCC3CC4CCCCC4C3)C2)CC1
C1CCC(CC2CCC(C3CCCCC3C3CCCC3)CC2)CC1
C1CCC(C2CCCCC2C2CCCCC2C2CCCC2)CC1
C1CCC(C2CCCC(C3CCCCC3)C2)CC1
C1CCC(C2CCC(C3CCC4CCCCC4C3)C(C3CCC4CCCC4C3)C2)CC1
C1CCC(CC2CC(C3CCC(C4CCCCC4)CC3C3CCCC3)C3CCCCC23)CC1
C1CCC(CC2CC(C3CCCCC3)C3CCCCC23)CC1
C1CCC(CC2CCCC(C3CCCCC3)C2)CC1
C1CCC(C2CCC(CC3CCC4CCCC4C3)CC2)CC1
C1CCC(C2CCCC(C3CCC(CC4CCC(CC5CCCC5)CC4)CC3)C2)CC1
C1CCC(CCC2CCCC(CC3CCC(CC4CCCCC4)CC3)C2)CC1
C1CCC(CCC2CCC(C3CCC(C4CCC4)CC3C3CCCCC3)CC2)CC1
C1CCC(CCC2CCCCC2C2CCCC2C2CCCCC2CC2CC3CCCCC3C2)CC1
C1CCC(C2CCCCC2C2CCCCC2)CC1
C1CCC(CC2CC(C3CCCCC3)CC(C3CCCCC3)C2)CC1
C1CCC(CCC2CC(C3CCCCC3)CCC2CC2CCCCC2)CC1
C1CCC(CC2CCCC(C3CCCC(CC4CCC5CCCCC54)C3)C2)CC1
C1CCC(CCC2CCCCC2C2CCCC(C3CCC(C4CCCCC4)C3)C2)CC1
C1CCC(CC2CCCC(CC3CCC(C4CCCCC4)CC3)C2)CC1
C1CCC(CCC2CCC(C3CCC(C4CCCCC4C4CCCCC4)CC3)CC2)CC1
C1CCC(CC2CCCCC2C2CCCC(C3CCCCC3)C2)CC1
C1CCC(CC(CC2CCC3CCCC3C2)C2CCCC(C3CCCC3)C2)CC1
C1CCC2CC(CC3CCC(C4CCCCC4C4CCC5CCCC5C4)CC3)CC2C1
C1CCC(CC2CCCC(CC3CCCCC3C3CCC(C4CCC5CCCCC5C4)CC3)C2)CC1
C1CCC(CC2CC(C3CCCCC3)CCC2C2CCCCC2)CC1
C1CCC(C2CCCC(C3CCCCC3)C2)CC1
C1CCC(CC2CCC(C3CCC(CC4CCC(C5CCCC5)C4)CC3)CC2)CC1
C1CCC(C2CCC(C3CCCC3C3CCCCC3C3CCCCC3)CC2)CC1
C1CCC(C2CC(CC3CCCC(C4CCC4)C3)C3CCC(C4CCCC4)CC32)CC1
C1CCC(C2CCCCC2)CC1
C1CCC(CC2CCCCC2CC2CC(C3CCCCC3)C3CCCCC23)CC1
C1CCC(CC2CCCCC2C2CC(C3CCCCC3)CC(C3CCCC3)C2)CC1
C1CCC(CC2CCCC(CC3CCC4CCCC4C3)C2)CC1
C1CCC(C2CCCCC2C2CCCC(CCC3CC4CCCCC4C3)C2)CC1
C1CCC(CC2CCCC(CCC3CCCC(C4CCCCC4)C3)C2)CC1
C1CCC(CCCCC2CCCC(CCC3CCC4CCCC4C3)C2)CC1
C1CCC(CCCC2CCCCC2C2CCC(C3CCCCC3CC3CCCCC3)CC2)CC1
C1CCC(CC2CCC(C3CCC4CCCCC43)CC2)CC1
C1CCC(CC2CC(C3CCCCC3)CC(C3CCCCC3)C2)CC1
C1CCC(CC2CCCC(C3CC(CCC4CCCC4)C4CCCCC43)C2)CC1
C1CCC(CCCCC2CCC(CC3CCCC(C4CCCCC4)C3)CC2)CC1
C1CCC(CCC2CCCC(CC3CCCCC3)C2)CC1
C1CCC(CCC2CCC(C3CCCC(C4CCCCC4)C3)CC2)CC1
C1CCC(CCCCC2CCCCC2CC2CCCCC2)CC1
C1CCC(CCC2CCC(CCC3CCC(CC4CCCCC4)CC3)CC2)CC1
C1CCC(CC2CCC(CCC3CCCC3)CC2C2CCCC(C3CCCCC3)C2)CC1
C1CCC(CC2CCC(CC3CCC(CC4CCC(C5CCCCC5)CC4)CC3)CC2)CC1
C1CCC(CCC2CCCC(C3CCCC(CC4CC4)C3)C2)CC1
C1CCC(CCC2CCC(CC3CCC(CC4CC5CCCCC5C4)CC3)CC2)CC1
C1CCC(CC2CCC(CCC3CCCC(CC4CCCCC4)C3)CC2)CC1
C1CCC(CC2CC(C3CCCC(C4CCC5CCCCC5C4)C3)C3CCCCC23)CC1
C1CCC(C2CCC(C3CCCCC3)CC2)CC1
C1CCC(CCCCC2CCC(CC3CCCCC3)CC2)CC1
C1CCC(CC2CCC(C3CCCCC3)CC2)CC1
C1CCC(CC2CC(C3CCCCC3C3CCCCC3)C3CCCCC23)CC1
C1CCC(CC2CCCCC2)CC1
C1CCC(CCC2CCC(C3CCCC(CC4CCCC4)C3)CC2)CC1
C1CCC(CCC(C2CCCCC2)C2CCCC(C3CCCC(C4CCCCC4)C3)C2)CC1
C1CCC(CCC2CCCC(C3CCC3)C2)CC1
C1CCC(CCCC2CCC(CC3CCCC(C4CCCCC4)C3)CC2)CC1
C1CCC(CC2CCC3CC(C4CCCCC4)CC(C4CCCCC4)C3C2)CC1
C1CCC(CCC2CCC(CC3CCC(C4CCC5CCCC5C4)CC3)CC2)CC1
C1CCC(CCC2CCC(CCC3CCCCC3CC3CCC(CCC4CCCCC4)CC3)CC2)CC1
C(CCCC1CCC(C2CCC(C3CCC4CCCCC4C3)CC2)CC1)CCC1CCCCC1
C1CCC(CCCC2CCCC(C3CCC(C4CCCCC4)CC3)C2)CC1
C1CCC(CCCC2CCC(C3CCCCC3)CC2)CC1
C1CCC(CC2CCC(CC3CCC(C4CCC5CCCCC54)CC3)CC2)CC1
C1CCC(C2CCCCC2)CC1
C1CCC(CC2CCC(CC3CCCCC3C3CCCCC3)CC2)CC1
C1CCC(CCC2CCCCC2C2CCC(C3CCCCC3CCC3CCCCC3)CC2)CC1
C1CCC(C2CCCCC2CCCC2CCC(CCCC3CC4CCCCC4C3)CC2)CC1
C1CCC(C2CCC(C3CCC(C4CCCCC4)CC3)CC2)CC1
C1CCC(CC2CCCC(CCC3CCCC3)C2)CC1
C1CC(C2CCC(CCC3CC(C4CCC4)CC(C4CCCC(CC5CC5)C4)C3)CC2)C1
C1CCC(CC2CCC(CC3CCC(C4CCCCC4)CC3)CC2)CC1
C1CCC(CC2CCCC(C3CCCC(C4CCC5CCCC5C4)C3)C2)CC1
C1CCC(CCCC2CCC(CC3CCC(CC4CCCCC4C4CCCCC4)CC3)CC2)CC1
C1CCC(CCCC2CCC(CC3CCCCC3)CC2)CC1
C1CCC(CCC2CCCC(C3CCC(C4CCC5CCCCC5C4)CC3)C2)CC1
C1CCC(CCCC2CCCC(C3CCCCC3)C2)CC1
C1CCC(C2CCCC(C3CCC4CCCCC4C3)C2)CC1
C1CCC(C2CCCCC2C2CCCC2)CC1
C1CCC(CCC2CC(CC3CCCC(C4CCCCC4)C3)C3CCCCC23)CC1
C1CCC(CC2CCCC(CC3CCC(C4CCCCC4)CC3)C2)CC1
C1CCC(CCC2CCCC(C3CCCCC3CCC3CCC(C4CCC4)CC3)C2)CC1
C1CCC(CCCC2CC(C3CCCCC3)C3CCCCC23)CC1
C1CCC(CC2CCC(C3CCCC(C4CCCC(CCCC5CCC6CCCCC6C5)C4)C3)CC2)CC1
C1CCC(CCCC2CCCC(C3CCCCC3)C2)CC1
C1CCC(CC2CCCC(CC3CCCC(C4CCCCC4C4CCCCC4)C3)C2)CC1
C1CCC(C2CCCC(CC3CCCC(C4CCCCC4)C3)C2)CC1
C1CCC(CCC2CCCC(CC3CCCCC3)C2)CC1
C1CCC(CC2CCC(CCCC3CCCC(C4CCCCC4)C3)CC2)CC1
C1CCC(C2CCCC(CC3CCCCC3C3CCCCC3)C2)CC1
C1CCC(CCCCC2CCC(C3CCCCC3)C(C3CCCCC3)C2)CC1
C1CCC(C2CCCCC2C2CCC(C3CCC(CC4CCCCC4C4CCCC4)CC3)CC2)CC1
C1CCC(CC2CCC(C3CCC(CC4CCC(CC5CCCCC5)C4)CC3)CC2)CC1
C1CCC(C2CCCCC2CC2CCC(CC3CC4CCCCC4C3)CC2)CC1
C1CCC(CCC2CCCC(C3CC(C4CCCCC4)C4CCCCC34)C2)CC1
C1CCC(CCC2CCC(CCCCC3CCCCC3CC3CCCCC3)CC2)CC1
C1CCC(CC2CCC(C3CCCCC3)CC2)CC1
C1CCC(C2CCCCC2CC2CCCCC2C2CCC3CCCCC3C2)CC1
C1CCC(CCCC2CCC(C3CCCCC3C3CCC4CCCCC4C3)CC2)CC1
C1CCC(C2CCC(C3CCCC3)CC2)CC1
C1CCC(CCCC2CCCC(CC3CCC(CC4CCC(CCCC5CC5)CC4)CC3)C2)C1
C1CCC(CC2CCCCC2C2CCCCC2C2CCC3CCCC3C2)CC1
C1CCC(C2CCCCC2C2CCC(CCC3CCCC(CC4CC4)C3)CC2)CC1
C1CCC(C2CCCCC2C2CCCCC2C2CCC3CCCCC3C2)CC1
C1CCC(CC2CCC(CCCC3CCC(CC4CCCCC4)CC3)CC2)CC1
C1CCC(C2CCC(CC3CCC(CCC4CC4)CC3)C(CC3CC3)C2)CC1
C1CCC(CCC2CCCC(C3CCCC(C4CCC5CCCC5C4)C3)C2)CC1
C1CCC(C2CCC(CC3CCCCC3CC3CCC(CC4CCCC4)CC3)C2)CC1
C1CCC(CC2CCC(CC3CCCCC3)CC2)CC1
C1CC(CC2CCCCC2C2CC2)CC(CC2CCC3CCCCC32)C1
C1CCC(C2CCCC(C3CCC(CC4CCC(C5CCCC5)CC4)CC3)C2)CC1
C1CCC(CC2CCC(C3CCCCC3)CC2)CC1
C1CCC(CC2CCC3C(CC4CCCCC4)CC(C4CCCCC4)CC3C2)CC1
C1CCC(C2CCC(C3CC3)C(C3CCCCC3)C2)CC1
C1CCC(C2CCCC(C3CCCCC3)C2)CC1
C1CCC(CCC2CCC(CCC3CCCCC3)C(C3CCCCC3)C2)CC1
C1CCC(C2CCC(CC3CCC(C4CCCC(C5CCCCC5)C4)C3)CC2)CC1
C1CCC(CC2CCCC(C3CCCC(CCCCC4CCCC4)C3)C2)CC1
C1CCC(CC2CCC(CCC3CCCC4CCCCC43)C(CCC3CC3)C2)CC1
C1CCC(C2CCC(C3CCCCC3)C(C3CCC(C4CCCC4)CC3)C2)CC1
C1CCC(C2CCCC(CC3CCCC(C4CCCC(CC5CC6CCCCC6C5)C4)C3)C2)C1
C1CCC(C2CCCCC2C2CCCCC2)CC1
C1CCC(C2CCC(CC3CCC(C4CCCCC4)CC3)CC2)CC1
C1CCC(C2CCC(C3CCCCC3C3CCC4CCCC4C3)CC2)CC1
C(CC1CCC(C2CCCC2)CC1)CC1CCC2C(CCC2C2CCCC2)C1
C1CCC(C2CCCC(CC3CCC4CCCCC4C3)C2)CC1
C1CCC(C2CCCCC2C2CCCC(C3CCCC4CCCCC43)C2)CC1
C1CCC(CC2C(C3CCCCC3)CCCC2C2CCCC2)CC1
C1CCC(CCCC2CCC(C3CCCCC3)CC2)CC1
C1CCC(CC2CCC3C(CCC4CCC(C5CCCCC5)CC4)CCC3C2)CC1
C1CCC(C2CCCC(C3CCCC(CC4CC5CCCCC5C4)C3)C2)CC1
C1CCC(C2CCC(C3CCCC(CC4CCC(CC5CCC6CCCCC6C5)CC4)C3)CC2)C1
C1CCC(CC2CC(C3CCCCC3C3CCCCC3)C3CCCCC23)CC1
C1CCC(CC2CCC(C(C3CCCCC3)C3CCCCC3C3CCCC3)CC2)CC1
C1CCC(C2CCCCC2C2CCC3CCCCC3C2)CC1
C1CCC(CCCCCC2CCC(C3CCCCC3)CC2)CC1
C1CCC(CCC2CCCC(CC3CCCCC3)C2)CC1
C1CCC(CC2CCCC(CC3CCC(C4CCCCC4C4CCCC4)CC3)C2)CC1
C1CCC(C2CCC(C3CCCC(C4CCCCC4)C3)CC2)CC1
C1CCC(C2CCCCC2)CC1
C1CCC(CC2CCCC(C3CC(C4CCCCC4)CC(C4CC4)C3)C2)CC1
C1CCC(C2CCC(C3CCC3)CC2)CC1
C1CCC(CCC2CCC(CC3CCCCC3)CC2CC2CCCC2)CC1
C1CCC(CCC2CC(C3CCC(C4CCCCC4)CC3)CCC2C2CCC2)CC1
C1CCC(CCCC2CCC(C3CCC(C4CCCCC4)CC3)CC2)CC1
C1CCC(C2CCC3CCC(C4CCCC(CC5CC5)C4)CC3C2)CC1
C1CCC(CC2CCC(CC3CCCCC3)CC2)CC1
C1CCC(CCCC2CCC(C3CCCC(C4CCC4)C3)CC2)CC1
C1CCC(CC2CCC(C3CCCCC3C3CCCC3)CC2)CC1
C1CCC(C2CCC(C3CCCC(C4CCCCC4)C3)CC2)CC1
C1CCC(C2CCCCC2C2CCCCC2)CC1
C1CCC(CCCCC2CCC(CC3CCCCC3)CC2C2CCCC2)CC1
C1CCC(C2CCCC(CCC3CCC(C4CCCCC4)CC3C3CCCCC3)C2)CC1
C1CCC(CCC2CCC(CCC3CC4CCCCC4C3)CC2)CC1
C1CCC(CC2CCC(C3CCC(CC4CCC(CC5CCCC5)CC4)CC3)CC2)CC1
C1CCC(C2CCC(CC3CCC(CCCC4CCC4)CC3)CC2)CC1
C1CCC(C2CCC(CC3CCC(CCC4CCCC4)CC3)CC2)CC1
C1CCC(CC2CCCC(C3CCCCC3)C2)CC1
C1CCC(CCC2CCC(CCCC3CCCC(CC4CCCCC4)C3)CC2)CC1
C1CCC(CC2CCCC(CCCC3CCCC(C4CCCCC4)C3)C2)CC1
C1CCC(C2CCC(CC3CCCC(C4CCCC(C5CCCCC5)C4)C3)CC2)CC1
C1CCC(C2CCC(C3CCC(C4CCCCC4)C4CCCC34)CC2)CC1
C1CCC(C2CCCC(CC3CCCC(CC4CCCC4)C3)C2)CC1
C1CCC(CCC2CCC(C3CCCCC3)C(C3CCCCC3)C2)CC1
C1CCC(C2CCCC(C3CCCC(CCC4CCCCC4CC4CC4)C3)C2)CC1
C1CCC(CC2CCCCC2C2CCC3CCC(CC4CCCCC4)C3C2)CC1
C1CCC(CC2CCC(CC3CCCCC3)CC2)CC1
C1CCC(C2CCCC(C3CCCC(CCC4CCCC(C5CCCC5)C4)C3)C2)CC1
C1CCC(CC2CCC(CCC3CCCC(C4CCCCC4)C3)CC2)CC1
C1CCC(CCCC2CCC(CC3CCCCC3)CC2)CC1
C1CCC(C2CCC(C3CCCC(C4CCCCC4)C3)CC2)CC1
C1CCC(CC2CCCC(C3CCC(CC4CCC(CC5CCCCC5C5CCCCC5)CC4)CC3)C2)CC1
C1CCC(C2CCC(CCCC3CCCC(CC4CCC(CC5CC5)CC4)C3)CC2)CC1
C(CCCC1CCCCC1)CCCC1CCC(CC2CCCCC2)CC1
C1CCC(CCC2CCCCC2C2CCCC(CC3CCCCC3)C2)CC1
C1CCC(CCC2CCC(C3CCCCC3CC3CCCCC3)CC2)CC1
C1CCC(CC2CCC(C3CCC(CC4CCCC(CC5CCCCC5)C4)CC3)CC2)CC1
C1CCC(CC2CCCCC2C2CCCCC2)CC1
C1CCC(CCCC2CCCC(CC3CCCCC3)C2)CC1
C1CCC(CCC2CC(CC3CCCCC3)CCC2C2CCCCC2)CC1
C1CCC(C2CCCC(C3CC(C4CCC4)CC(C4CCC(C5CCCC5)CC4)C3)C2)CC1
C1CCC(CC2CCCC(CCC3CCCCC3C3CCCCC3)C2)CC1
C1CCC(CCC2CCCC(CCCC3CCCC(C4CCCCC4)C3)C2)CC1
C1CCC(CC2CCC(CCC3CCC(C4CCCCC4)CC3)CC2)CC1
C1CCC(CC2CCC(C3CCCCC3)CC2)CC1
C1CCC(CCC2CCC(C3CCC(CC4CCC4)CC3C3CCCC3)CC2)CC1
C1CCC(C2CCCC(C3CCCCC3C3CCCC3)C2)CC1
C1CCC(CC2CCC(CC3CCCCC3CC3CCCCC3)CC2)CC1
C1CCC(C2CCC(CCC3CCC(C4CCCCC4)CC3C3CCCC3)CC2)CC1
C(CCCC1CCC2C(CCC2C2CCCC2)C1)CCC1CCCCC1
C1CCC(CC2CCC(C3CCC(CC4CC5CCCCC5C4)CC3)CC2)CC1
C1CCC(CCC2CCC(CCC3CCCCC3)C(C3CCCC3)C2)CC1
C1CCC(CC2CCC(C3CCCC3)CC2C2CCC3CCCC3C2)CC1
C1CCC(C2CCC3C(CCC3C3CCCCC3)C2)CC1
C1CCC(C2CCC(C3CCC(C4CCCC(C5CCCCC5)C4)CC3)CC2)CC1
C1CCC(CC2CC(C3CCCC3)CCC2C2CCC3CCCC3C2)CC1
C1CCC(CCC2CCC(CC3CCCCC3)CC2)CC1
C1CCC(CCCCC2CCCC(C3CCC(C4CCCCC4)CC3)C2)CC1
C1CCC(C2CCCCC2CC2CCC(CC3CC4CCCCC4C3)CC2)CC1
C1CCC(CCC(C2CCCCC2)C2CCCCC2)CC1
C1CCC(CC2CCCCC2C2CCC(C3CCCCC3)C2)CC1
C1CCC(CC2CCCCC2CC2CCCCC2)CC1
C1CCC(C2CCCC(C3CCC(CCC4CCC5CCCCC5C4)CC3)C2)CC1
C1CCC(C2CC(C3CCCCC3)CC(C3CCCC3)C2)CC1
C1CCC(CCC2CCCC(CC3CCCCC3)C2)CC1
C1CCC(C2CCCC(C3CCCC(C4CCCCC4)C3)C2)CC1
C1CCC(CC2CC3CCCCC3C2)CC1
C1CCC(CC2CCCC(C3CCCCC3)C2)CC1
C1CCC(C2CCCCC2C2CCCCC2C2CCC3CCCCC3C2)CC1
C1CC(C2CCC(CC3CCCC(C4CCCC5CC(CC6CCC7CCCCC7C6)CCC54)C3)CC2)C1
C1CCC(CC2CCCC(C3CC4CCCCC4C(C4CCCCC4)C3)C2)CC1
C1CCC(CCCC2CCC(CC3CCCCC3C3CCCCC3C3CCCC3)CC2)CC1
C1CCC(C2CCC(CC3CCCC(C4CCCC4)C3)CC2)CC1
C1CCC(CC2CCC(CC3CCCC(CC4CCCCC4)C3)CC2)CC1
C1CCC(CC2CCCCC2C2CCC3CCCC3C2)CC1
C1CCC(C2CCC(C3CCC(CCCC4CCCC(CC5CCCC5)C4)CC3)CC2)CC1
C1CCC(C2CCCCC2C2CCCCC2)CC1
C1CCC(C2CCC3C(CCCC3C3CCCCC3C3CCCCC3)C2)CC1
C1CCC(C2CCC(C3CCCCC3CCC3CCCC(C4CCCC4)C3)CC2)CC1
C1CCC(CCCC2CCC(CCC3CC4CCCCC4C3)CC2CC2CCCCC2)CC1
C1CCC(CC2CCCCC2C2CCC3CC(C4CC5CCCCC5C4)CCC3C2)CC1
C1CCC(CCC2CCCC(C3CCCCC3)C2)CC1
C1CCC(C2CCCCC2C2CCCCC2)CC1
C1CCC(C2CCCCC2)CC1
C1CCC(CCC2CCCC(C3CCCCC3)C2)CC1
C1CCC(CC(C2CCCCC2)C2CCCCC2)CC1
C1CCC(CCCC2CCC(CC3CCCCC3)CC2)CC1
C1CCC(C2CCC(C3CCC4CCCCC4C3)C(C3CCCCC3)C2)CC1
C1CCC(C2CCCCC2C2CCCCC2)CC1
C1CCC(CCC2CCCC(CCC3CCCCC3)C2)CC1
C1CCC(CCCC2CCCC(C3CCCCC3)C2)CC1
C1CCC(CC2CCCC(CC3CCCC(C4CCCCC4)C3)C2)CC1
C1CCC(CC2CCCC(CCCC3CCCC(C4CCCCC4)C3)C2)CC1
C1CCC(CC(CCCCCC(CC2CCCC2)C2CCCCC2)C2CCCCC2)CC1
C1CCC(C2CCC(CCC3CCC(CC4CC5CCCCC5C4)CC3)CC2)CC1
C1CCC(CC2CCC(CC3CCC(CC4CCC(CC5CCCCC5)CC4)CC3)CC2)CC1
C1CCC(CC2CCC(C3CCCC(C4CCC(C5CCCC5)C4)C3)CC2)CC1
C1CCC(CCC2CCCC(CC3CCC(CC4CCCCC4)CC3)C2)CC1
C1CCC(CC2CCCC(C3CCC4CCCCC4C3)C2)CC1
C1CCC(CCC2CCC(C3CCCC(CCC4CCCCC4)C3)CC2)CC1
C1CCC(C2CCC(C3CCC(C4CCC(C5CCC6CCCCC6C5)CC4)C3)CC2)CC1
C1CCC(CC2CCC(CCCC3CCCC3)CC2)CC1
C1CCC(CCCC2CCC(CC3CCCCC3C3CCCC(C4CCCCC4)C3)CC2)CC1
C1CCC(CCCC2CCC(C3CCCCC3)CC2)CC1
C1CCC(C2CCCC(CC3CCC(CC4CCCC(C5CCCCC5)C4)CC3)C2)CC1
C1CCC(C2CCC(C3CCCC4CC(C5CCCCC5)CCC43)CC2)CC1
C1CCC(C2CCC(C3CCCC(CC4CC5CCCCC5C4)C3)CC2)CC1
C1CCC(CCC2CCC(C3CCCCC3)C(C3CCCC3)C2)CC1
C1CCC(CC2CCC(CCC3CCC(CC4CCCCC4)CC3)CC2)CC1
C1CCC(C2CCC(CC3CCCC(C4CCC(C5CCCCC5)CC4)C3)CC2)CC1
C1CCC(C2CCC(CC3CCCCC3C3CCC3)CC2C2CCC(C3CC4CCCCC4C3)C2)CC1
C1CCC(CCC2CCC(C3CCC(C4CCCC(C5CC5)C4)CC3)CC2)CC1
C1CCC(CCCC2CCC(CC3CC(C4CCCCC4)C4CCCCC34)CC2)CC1
C1CCC(C2CCCC3CC(CCCC4CCC(C5CCC6CCCC6C5)CC4)CCC32)CC1
C1CCC(CCC2CCCC(C3CCCCC3)C2)CC1
C1CCC(CCC2CCCC(CC3CCCCC3)C2)CC1
C1CCC(CC2CCCC(C3CCC(C4CCCC4)CC3)C2)CC1
C1CCC(CCC2CCCC(CC3CCC(C4CCCC5CCCCC54)C(C4CCCC4)C3)C2)C1
C1CCC(CCC2CCC(CC3CCCC(CC4CCCCC4)C3)CC2)CC1
C1CCC(CC2CCC(CC3CCCC(C4CCC5CCCCC54)C3)CC2)CC1
C1CCC(C(CC2CCCCC2C2CCCCC2)CC2CCCCC2C2CCCCC2)CC1
C1CCC(C2CCC(C3CC(C4CCCC4)C4CCC(C5CCCCC5)CC34)CC2)CC1
C1CCC(C2CCCCC2)CC1
C1CCC(CC2CCC3CC(C4CC(C5CCCCC5)C(CC5CCCC5)C(C5CCCC5)C4)CCC23)CC1
C1CCC(CCC2CCC(C3CCC(C4CCC(CC5CCCCC5)CC4)CC3)CC2)CC1
C1CCC(C2CCCC(CC3CCC(C4CCC5CCCC5C4)CC3)C2)CC1
C1CCC(CC2CCC(C3CCCC(C4CCCC4)C3)CC2)CC1
C1CCC(CC2CCCC(C3CCCCC3)C2)CC1
C1CCC(C2CCC(CC3CC4CCCCC4C3)CC2)CC1
C1CCC(CC2CCCC(C3CCCCC3)C2)CC1
C1CCC(CCCCC2CCCC3CC(C4CCCCC4CC4CC5CCCCC5C4)CCC23)CC1
C1CCC(C2CCC(C3CCCCC3C3CCCCC3)CC2)CC1
C1CCC(CCC2CCC(C3CCCCC3)CC2)CC1
C1CCC(C2CCCCC2C2CC(C3CCC4CCCCC43)CC3CCCCC32)CC1
C1CCC(CCCCCC2CCCC(C3CCC(CC4CCCC(CCC5CCCCC5)C4)CC3)C2)CC1
C1CCC(CCC2CCC(C3CCCCC3)CC2)CC1
C1CCC(CC2CCC(C3CCCCC3CC3CCCCC3)CC2)CC1
C1CCC(CC2CCCC(C3CCCC(C4CCCCC4)C3)C2)CC1
C1CCC(CCCCC2CCC(CC3CCCCC3)CC2)CC1
C1CCC(C2CCCCC2CC2CCCC2)CC1
C1CCC(CCC2CCCCC2C2CCCCC2C2CCCCC2)CC1
C1CCC(C2CCCCC2C2CCCCC2C2CCCCC2)CC1
C1CCC(CCC2CC(C3CCCC(CC4CCCCC4)C3)CC3CCCCC32)CC1
C1CCC(CC2CCC(CCC3CCCC(CC4CCCCC4)C3)CC2)CC1
C1CCC(CCC2CCCCC2CCCC2CCC(CC3CCCCC3)CC2)CC1
C1CCC(CC2CCC(C3CCC4CCCCC43)CC2)CC1
C1CCC(C2CCC(C3CCC(CC4CCCC(C5CCCCC5)C4)CC3)CC2)CC1
C1CCC(CC2CCCC(CC3CCCCC3)C2)CC1
C1CCC(C2CCC(C3CCCC(CC4CCC(CC5CCC(C6CCC6)CC5)CC4)C3)CC2)CC1
C1CCC(C2CC(C3CCC(CCC4CC5CCCCC5C4)CC3)C3CCCCC23)CC1
C1CCC(C2CCCCC2C2CCCC(C3CC4CCCCC4C3)C2)CC1
C1CCC(C2CCC(C3CC(C4CCCC4)CCC3CCCC3CCC(CC4CC5CCCCC5C4)CC3)C2)C1
C1CCC(C2CC(C3CCC4CCCCC43)CC3CCCCC32)CC1
C1CCC(CC2CC(C3CCCCC3)CC(C3CCCCC3C3CCCCC3)C2)CC1
C1CCC(CCC2CCC(C3CCCCC3)CC2)CC1
C1CCC(CCCCC2CC(CC3CCCCC3)C3CCCCC23)CC1
C1CCC(CCCCC2CCCC(CCC3CCCCC3)C2)CC1
C1CCC(CC2CCC(CC3CCCCC3)CC2)CC1
C1CCC(CC2CCCC(C3CCC(C4CCCCC4C4CCCC4)CC3)C2)CC1
C1CCC(C2CCC(C3CCC(C4CCCC(C5CCCC5)C4)CC3)CC2)CC1
C1CCC(CC2CC(CC3CCC(C4CCCCC4)CC3)C3CCCCC23)CC1
C1CCC(CC2CCCC(CC3CCC(CC4CCCC4)CC3)C2)CC1
C1CCC(C2CCC(CC3CCCC(C4CCCCC4)C3)CC2)CC1
C1CCC(C2CCCC(CC3CCCC(C4CCCC(C5CCCCC5)C4)C3)C2)CC1
C1CCC(C2CCC(CC3CCCC(C4CCC5CCCC5C4)C3)CC2C2CCCCC2)CC1
C1CCC(C2CCC(C3CCC(C4CCCCC4)CC3)CC2)CC1
C1CCC(C2CCCCC2C2CCCC3CC(CC4CC5CCCCC5C4)CCC32)CC1
C1CCC(C2CCCCC2C2CCCC(C3CCCC3)C2)CC1
C1CCC(C2CCC(CCC3CCCC(C4CCCC4)C3)CC2)CC1
C1CCC(CCC2CCCCC2C2CCCC(C3CCCCC3)C2)CC1
C1CCC(CC2CCCCC2C2CCCCC2)CC1
C(CCCC1CC2CCCCC2C1)CCC1CCCC(C2CCCCC2)C1
C1CCC(CC2CCCC(CC3CC4CCCCC4C3)C2)CC1
C1CCC(CCCCC2CCCC(CCC3CCCCC3)C2)CC1
C1CCC(CC2CCC3CC(C4CCC5CCCCC54)CC(C4CCCCC4)C3C2)CC1
C1CCC(C2CCC(C3CCCC(C4CCCCC4)C3)CC2)CC1
C1CCC(C2CCCCC2C2CCC3C(CCCC3C3CCCCC3)C2)CC1
C1CCC(CCC2CCC(CCCCC3CCC(C4CCCCC4)CC3)CC2)CC1
C1CCC(CCC2CCCCC2)CC1
C1CCC(CC2CCCCC2CC(C2CCCC2)C2CCCC(C3CC3)C2)CC1
C1CCC(CCC2CCC(CC3CCCC(CC4CCCCC4)C3)CC2)CC1
C1CCC(C2CCCC(C3CC(C4CCCCC4)CC(C4CCC4)C3)C2)CC1
C1CCC(CC2CCCC(CC3CCCCC3C3CCCCC3)C2)CC1
C1CCC(CC2CCC(CCCC3CCC(C4CCCC(C5CC5)C4)CC3)CC2)CC1
C1CCC(C2CCCC(C3CCC(C4CCCCC4)CC3C3CCCC3)C2)CC1
C1CCC(CCCCC2CCC(CC3CCCCC3)CC2CCC2CC3CCCCC3C2)CC1
C1CCC(C2CCC(CCC3CCCCC3C3CCC4C(CCCC4C4CCC4)C3)C2)CC1
C1CCC(C2CCC(C3CCCC3)CC2)CC1
C1CCC(C2CCCC(C3CCCCC3C3CCCCC3)C2)CC1
C1CCC(CCCCC2CCCCC2CC2CCC3CCCC(C4CCCCC4)C3C2)CC1
C1CCC(C2CC(CCC3CCC4CCCCC43)CC(C3CCCCC3)C2)CC1
C1CCC(C2CCC3CCC(C4CCC(CC5CCC(CC6CCCC6)CC5)CC4)C3C2)CC1
C1CCC(CC2CCC(C3CCCCC3C3CC3)CC2)CC1
C1CCC(CCCC2CCC(C3CCC4CC(C5CCCCC5)CCC43)CC2)CC1
C1CCC(CC2CCC(C3CCCC3)CC2)CC1
C1CCC(CC2CCC(C3CCCCC3)CC2)CC1
C1CCC(CC2CCC(C3CCC(C4CCCCC4)CC3)CC2)CC1
C1CCC(CC2CCC(CC3CCC(C4CCCC(CC5CCCCC5)C4)CC3)CC2)CC1
C1CCC(CC2CCCC(CCC3CCC(CC4CCC5CCCC5C4)CC3)C2)CC1
C1CCC(C2CCC(CCCCC3CCC(C4CC5CCCCC5C4)CC3)C2)CC1
C1CCC(CC2CCCCC2C2CCCCC2)CC1
C1CCC(CCCC2CCC(C3CCCCC3C3CCCCC3)CC2)CC1
C1CCC(CC2CCCC(C3CCCCC3)C2)CC1
C1CCC(C2CCCC(CC3CCC(C4CCC4)C(C4CCCCC4)C3)C2)CC1
C1CCC(CCC2CCCC(C3CCCCC3)C2)CC1
C1CCC(C2CCCCC2C2CCC3CCCC(C4CCCCC4)C3C2)CC1
C1CCC(CC2CCCC(C3CCCCC3)C2)CC1
C1CCC(CCCC2CCCC(C3CCCCC3)C2)CC1
C1CCC(CCCC2CCCC(C3CCCCC3)C2)CC1
C1CCC(C2CCCC(C3CCCCC3C3CCCCC3)C2)CC1
C1CCC(C2CCCC(CCC3CCC4CCCCC43)C2)CC1
C1CCC(CC2CCC3C(CC4CCCCC4)CCC3C2)CC1
C1CCC(CCCCC2CCC(CC3CCCCC3)CC2)CC1
C1CCC(CC2CCC(C3CCCCC3)C(C3CCCCC3)C2)CC1
C1CCC(CCC2CCC(CC3CCCCC3)CC2)CC1
C1CCC(CC2CCC(CC3CCCCC3)CC2)CC1
C1CCC(CC2CCCC(CCCCC3CCCCC3C3CCCCC3)C2)CC1
C1CCC(CCC2CCC(C3CCCCC3)CC2)CC1
C1CCC(C2CCCCC2C2CCC(C3CC3)CC2C2CCCCC2)CC1
C1CCC(CC2CCCCC2C2CCCCC2)CC1
C1CCC(CCC2CCCCC2CCC2CCCCC2)CC1
C1CCC(C2CCC(CCC3CCC(C4CCCC(C5CCC5)C4)CC3)CC2)CC1
C1CCC(C2CCCC(CC3CCCC(C4CCCCC4)C3)C2)CC1
C1CCC(C2CCCC(CC3CCCCC3C3CCCCC3)C2)CC1
C1CCC(CC2CCC(C3CCC(CC4CCCCC4)CC3)CC2)CC1
C1CCC(CC2CCCC(C3CCC(C4CCCCC4)C4CCCC34)C2)CC1
C1CCC(CCC2CC(CCC3CCCCC3)CC(C3CCCCC3)C2)CC1
C1CCC(C2CCCCC2CC2CCC(C3CCC4CCCCC43)CC2)CC1
C1CCC(CCCC2CC(C3CCCCC3)C3CCCCC23)CC1
C1CCC(CC2CC3CCC(C4CCCC4)CC3C(C3CCCCC3)C2)CC1
C1CCC(CC2CCCCC2C2CCC(C3CCCCC3)CC2CC2CCCCC2)CC1
C1CCC(CC2CCCCC2C2CCC3CCCCC3C2)CC1
C1CCC(CCC2CCCC(C3CCC(CC4CCCCC4C4CCCCC4)CC3)C2)CC1
C1CCC(C2CCCCC2C2CCCC(C3CCCC(C4CCCC4)C3)C2)CC1
C1CCC(CC2CCCCC2C2CCCC(C3CCCCC3)C2)CC1
C1CCC(CCC2CCC(CCC3CCCC(C4CCCC4)C3)CC2)CC1
C1CCC(CCCC2CCCC(C3CCCC(CC4CCCCC4)C3)C2)CC1
C1CCC(CC2CCCCC2)CC1
C1CCC(CCC2CCC(CC3CCCCC3)CC2)CC1
C1CCC(CC2CCC3CC(CC4CCC(C5CCCCC5)CC4)CCC23)CC1
C1CCC(CCCC2CCCC(C3CCCCC3C3CCCCC3)C2)CC1
C1CCC(CC2CCC(C3CCCCC3)CC2CC2CCCCC2)CC1
C(CC1CCCC(CC2CCC3CCCCC32)C1)CC1CC2CCCCC2C1
C1CCC(CC2CCCC(C3CCCC4CC(C5CCCCC5)CCC43)C2)CC1
C1CCC(C2CCC(CC3CCCCC3C3CCCC3)CC2)CC1
C1CCC(CC2CCC(CC3CCC(CCCC4CCC5CCCC5C4)CC3)CC2)CC1
C1CCC(CCCC2CCCCC2)CC1
C1CCC(CCC2CCCC(C3CCC(C4CCCCC4)CC3)C2)CC1
C1CCC(CCC2CC3CCC(CC4CCCCC4)CC3C(C3CCCCC3)C2)CC1
C1CCC(CC2CC(CC3CCCC(C4CCCCC4)C3)C3CCCCC23)CC1
C1CCC(CCCC2CC(C3CC3)CCC2C2CCCCC2)CC1
C1CCC(C2CCCC(C3CCCCC3)C2)CC1
C1CCC(CCCC2CCC(C3CCCCC3)CC2)CC1
C1CCC(CCC2CCCC(CC3CC(C4CCCCC4)C4CCCCC34)C2)CC1
C1CCC(CCCC2CCC(CCC3CCCCC3)CC2)CC1
C1CCC(C2CCCC(C3CCCCC3)C2)CC1
C1CCC(C2CCC(C3CCCCC3C3CCCC(CC4CCC(C5CCCC5)CC4)C3)CC2)CC1
C1CCC(C2CCCC(C3CCCCC3)C2)CC1
C1CCC(CCC2CCCC(C3CCCC(C4CCCCC4)C3)C2)CC1
C1CCC(C2CCC(CC3CCC(C4CCCC(C5CC6CCCCC6C5)C4)CC3)CC2)CC1
C1CCC(CC2CC(C3CCC(C4CC(C5CCCCC5)C4)CC3)C3CCCCC23)CC1
C1CCC(CC2CCCCC2C2CCCC(C3CCC(CC4CC4)CC3)C2)CC1
C1CCC(C2CCC(C3CCCCC3)CC2)CC1
C1CCC(CC2CCC(C3CCCCC3)CC2)CC1
C1CCC(CC2CCC(CC3CCCCC3C3CCCCC3)CC2)CC1
C1CCC(C2CCC(CC3CC(C4CCCCC4)C4CCCCC34)CC2)CC1
C1CCC(C2CCCC(C3CCCC(CC4CCC5CCCCC54)C3)C2)CC1
C1CC2CCC(C3CCCCC3C3CCCC(C4CCC(C5CCCCC5C5CCCC5)CC4)C3)CC2C1
C1CCC(CCCC2CCCC(CC3CCC(C4CCCCC4)CC3)C2)CC1
C1CCC(CC2CCCC(CCC3CC(CC4CCCCC4)CCC3C3CCC4CCCCC43)C2)CC1
C1CCC(CCC2CCCC(C3CC(CC4CCCCC4)CC(C4CCC4)C3)C2)CC1
C1CCC(CC2CCCCC2C2CCCCC2C2CCCC(C3CCCCC3)C2)CC1
C1CCC(C2CCC(C(CC3CCCC3)C3CCCCC3)CC2)CC1
C1CCC(CCCC2CCCCC2)CC1
C1CCC(C2CCCCC2CC2CCC(CCC3CCC4CCCCC43)CC2C2CCCC2)CC1
C1CCC(CCCC2CCC(C3CCC(C4CCCC4)CC3)CC2)CC1
C1CCC(CCC2CCC(CC3CCCCC3C3CCCCC3)CC2)CC1
C1CCC(CC2CCC(C3CCC(C4CCC5CCCCC54)CC3)CC2)CC1
C1CCC(C2CC(C3CCCCC3)CC(C3CCCCC3)C2)CC1
C1CCC(CCCC2CCCCC2CC2CCC3C(C4CCCCC4)CC(C4CCCCC4)C3C2)CC1
C1CCC(CCC2CCCC(C3CCCCC3)C2)CC1
C1CCC(CCC(CC2CCCCC2)C2CCCCC2)CC1
C1CCC(C2CCC(CC3CCCCC3C3CCCCC3)CC2)CC1
C1CCC(CC2C(C3CCCCC3)CC(C3CC3)CC2C2CCCCC2)CC1
C1CCC(C2CCCC(CC3CCCC(C4CCCCC4)C3)C2)CC1
C1CCC(CC2CCC(C3CC3)CC2)CC1
C1CCC(CC2CCCC(C3CCC(C4CCCCC4)CC3)C2)CC1
C1CCC(CC2CCC(CC3CCCCC3)CC2)CC1
C1CCC(CCC2CCCC(C3CCCCC3)C2)CC1
C1CCC(C2CCCCC2CCC2CC(C3CCC(CCC4CC5CCCCC5C4)CC3)C3CCCCC23)CC1
C1CCC(CCC2CCCCC2CC2CCCCC2)CC1
C1CCC(C2CCCC(C3CCCCC3C3CCCCC3)C2)CC1
C1CCC(CCC2CCCCC2)CC1
C1CCC(CC2CCC(CCC3CCCC(CC4CCCCC4)C3)CC2)CC1
C1CCC(CC2CCCC(CC3CCCC(C4CC(C5CCC5)CC(C5CC5)C4)C3)C2)CC1
C1CCC(C2CC(C3CCC3)CC(C3CCCC(CC4CCCC4)C3)C2)CC1
C1CCC(CC2CCC(C3CCCCC3CC3CCCCC3)CC2)CC1
C1CCC(CC2CCCC(C3CCCCC3)C2)CC1
C(CCCC1CC1)CCCC1CCC(CCCC2CCCCC2)CC1
C1CCC(C2CCCCC2CCC2CCC(C3CCCC3)CC2)CC1
C1CCC(C2CCCC(C3CCC(C4CCC(C5CCCCC5)C5CCCC54)C(C4CCCC4)C3)C2)CC1
C1CCC(CC2CCC(C3CCCCC3)CC2)CC1
C1CCC(CC2CCC(CC3CCCCC3)CC2)CC1
C1CCC(CC2CCCCC2CC2CCC(C3CCCCC3)CC2)CC1
C1CCC(CC2CCCC(C3CCCCC3C3CCC4CCCCC4C3)C2)CC1
C1CCC(CC2CCCC(CC3CCCCC3C3CCCCC3)C2)CC1
C1CCC(CC2CCC(C3CCCCC3)CC2)CC1
C1CCC(CCCC2CCC(CCC3CCCCC3)CC2)CC1
C1CCC(CC2CCCC(C3CCCC(C4CCCC4)C3)C2)CC1
C1CCC(CCC2CCCC(CCCCC3CC4CCCCC4C3)C2)CC1
C1CCC(C2CC(C3CC(CC4CCCC4)C4CCCCC43)CC3CCCCC32)CC1
C1CCC(C2CCC(C3CCCC(C4CCCCC4)C3)CC2)CC1
C1CCC(CC2CCC(CCC3CCC(CC4CCCCC4)CC3)CC2)CC1
C1CCC(CCCCC2CCCC(CC3CCCCC3)C2)CC1
C1CCC(CC2CCC(C3CCCCC3C3CCCCC3)CC2)CC1
C1CCC(C2CCC(CC3CCCCC3C3CC(C4CCC(C5CCC5)CC4)C4CCCCC43)CC2)C1
C1CCC(CCC2CCCC(CCC3CCCCC3CCC3CCCCC3)C2)CC1
C1CCC(CC2CCCC(C3CCCC(C4CCC5CCCCC5C4)C3)C2)CC1
C1CCC(CC2CCCC(C3CCCCC3)C2)CC1
C1CCC(CCCC2CCCCC2C2CCC(CC3CCCC3)CC2)CC1
C1CCC(CC2CCC(C3CCC(CC4CCC(C5CCCC5)C4)CC3)CC2)CC1
C1CCC(CC2CCCC(C3CCCCC3C3CCCCC3)C2)CC1
C1CCC(CC2CCCC(C3CCCCC3)C2C2CCCCC2)CC1
C1CCC(CC2CCC(CC(CC3CCCCC3)CC3CCCCC3)CC2)CC1
C1CCC(CC2CCC(C3CCCCC3)CC2)CC1
C1CCC(CC2CC(C3CCCCC3)C3CCCCC23)CC1
C1CCC(CC2CC(CC3CCCCC3)C3CC(C4CCCCC4)CCC23)CC1
C1CCC(CC2CC(CC3CCC(C4CCCC4)CC3)CCC2CCC2CCCC2)CC1
C1CCC(CC2CCCC(CCCCCC3CCC4CCCCC4C3)C2)CC1
C1CCC(CCC2CCC(C3CCCCC3C3CCCCC3C3CCCC3)CC2)CC1
C1CCC(C2CC(CC3CC4CCCCC4C3)CC(C3CCCCC3)C2)CC1
C1CCC(CCC2CC(C3CCCCC3)CC(C3CCCCC3)C2)CC1
C1CCC(CC2CCC3C(C4CCCCC4)CC(C4CCCCC4)C3C2)CC1
C1CCC(CCC2CCCC(CC3CCCCC3)C2)CC1
C1CCC(CCC2CCCC(C3CCCC(C4CCCC4)C3)C2)CC1
C1CCC(CC2CCCC(C3CCCCC3C3CCCC3)C2)C1
C1CCC(CCCC2CCCC(C3CCCCC3CC3CCCCC3)C2)CC1
C1CCC(CC2CCC(C3CCCC(C4CCCCC4)C3)CC2)CC1
C1CCC(CCC2CCC(CC3CCCCC3)CC2)CC1
C1CCC(C2CCCCC2CC2CCC3CCCCC32)CC1
C1CCC(CC2CCC(CCC3CCC(CCC4CC5CCCCC5C4)CC3)CC2)CC1
C1CCC(CCC2CCCCC2C2CCC3CCCC3C2)CC1
C1CCC(CCC2CCC(CC3CCCC(C4CCC(C5CCCC5)CC4)C3)C2)CC1
C1CCC2CC(C3CCCCC3CC3CC4CCCCC4C3)CCC2C1
C1CCC(CC2CCC(C3CCC(C4CCCCC4)CC3)CC2)CC1
C1CCC(CCCCCC2CCCCC2)CC1
C1CCC(CCCC2CCC3CC(C4CCCCC4)CCC3C2)CC1
C1CCC(CC2CCC(CCC(C3CCCCC3)C3CCCCC3)CC2)CC1
C1CCC(CC2CCCC(C3CCCC(C4CCCCC4)C3)C2)CC1
C1CCC(C2CCCC(C3CCCC(C4CCC4)C3)C2)CC1
C1CCC(CCC2CCCC(CC3CCCCC3)C2)CC1
C1CCC(CC2CC(CC3CCCCC3CC3CCC4CC(C5CCCCC5)CCC43)C3CCCCC23)CC1
C1CCC(CC(CC2CCCCC2)C2CCCCC2C2CCCCC2)CC1
C1CCC(C(CC2CCC(C3CCC4CCCCC4C3)C(C3CCCC3)C2)C2CCCC2)CC1
C1CCC(C2CCCCC2C2CCC3C(CCCC3C3CCCCC3)C2)CC1
C1CCC(CC2CC(C3CCCCC3)CCC2C2CCCCC2)CC1
C1CCC(CC2CCC(C3CCCCC3)CC2)CC1
C1CCC(CCCC2CCCC(CC3CCCCC3)C2)CC1
C1CCC(CCC2CCCC(C3CCCCC3)C2)CC1
C1CCC(CC2CCCC(C3CCCCC3)C2)CC1
C1CCC(C2CCCCC2C2CCC3C(CCC3C3CCCC3)C2)C1
C1CCC(C2CCCC(C(C3CCC4CCCC4C3)C3CCCCC3C3CCCC3)C2)C1
C1CCC(C2CCCC(CC(C3CCCC3)C3CCCC3)C2)CC1
C1CCC(C2CCC(C3CC(C4CCCCC4)C3)CC2)CC1
C1CCC(CC2CCC(CCC3CCCC(CC4CCCCC4)C3)CC2)CC1
C1CCC(CCCC2CCCC(C3CCC(C4CCCCC4)CC3)C2)CC1
C1CCC(C2CCCCC2)CC1
C1CCC(CCC2CCC3C(C4CCCC(CC5CCCCC5)C4)CC(C4CCCCC4)C3C2)CC1
C1CCC(CCC2CCC(C3CCCCC3)CC2)CC1
C1CCC(CC2CC(C3CCCCC3)C3CC(C4CCCCC4)CCC23)CC1
C1CCC(C2CCC(CC3CCCC3)CC2C2CCCC2)CC1
C1CCC(CCC2CCCC(C3CCCC(C4CCCCC4)C3)C2)CC1
C1CCC(CCCC2CCCC(CC3CCCCC3CC3CC4CCCCC4C3)C2)CC1
C1CCC(C2CCC(C3CCC4CCCC4C3)CC2)CC1
C1CCC(CC2CCC(CCCCCC3CC4CCCCC4C3)CC2)CC1
C1CCC(C2CCC(CC3CCC(C4CCC5CCCC5C4)CC3)CC2)CC1
C1CCC(CCC2CCC(C3CCC(C4CCCC4)CC3)CC2)CC1
C1CCC(C2CCCCC2)CC1
C1CCC(CCCC2CCC(C3CCC(C4CC4)CC3)CC2)CC1
C1CCC(C2CCCC(C3CCCCC3)C2)CC1
C1CCC(C2CCC(CCCC3CC4CCCCC4C3)C(C3CCC4CCCC4C3)C2)CC1
C1CCC(CC2CCCCC2CC2CCCCC2C2CCCC(CC3CC3)C2)C1
C1CCC(CC2CCC(C3CCC(CCC4CC4)CC3)CC2)CC1
C1CCC(C2CCC(C3CCCC(C4CCCCC4)C3)CC2)CC1
C1CCC(CCCCC2CCC(C3CCCC(C4CCCCC4)C3)CC2)CC1
C1CCC(CC2CCC(C3CCCCC3)C(C3CCCC3)C2)CC1
C1CCC(CCC2CCC(C3CCCC(C4CC4)C3)CC2)CC1
C1CCC(C2CCCCC2CCC2CCCCC2C2CCC3CCCCC3C2)CC1
C1CCC(CC2CCCCC2C2CCCCC2)CC1
C1CCC(CCC2CCC(C3CCCCC3)CC2)CC1
C1CCC(CC2CCC(CC3CCC4CCCCC43)CC2)CC1
C1CCC(CCC2CCC(CC3CCCCC3)CC2)CC1
C1CCC(C2CCCCC2CCCCC2CCCC(CC3CC3)C2)CC1
C1CCC(CCC2CCC3CCCCC3C2)C(CCC2CCCC(C3CCC3)C2)C1
C1CCC(CCC2CCCC(C3CCCC(CC4CCCCC4)C3)C2)CC1
C1CCC(C2CCCC(C3CCCC(C4CCCCC4C4CCCC(C5CCCC5)C4)C3)C2)C1
C1CCC(CC2CCCCC2C2CCC3CCCCC32)CC1
C1CCC(CC2CCCC(C3CCCC(C4CCCC(C5CC5)C4)C3)C2)CC1
C1CCC(CCC2CCCC(C3CCCCC3C3CCCCC3)C2)CC1
C1CCC(C2CCCCC2)CC1
C1CCC(CC2CCC(C3CCC(C4CCCCC4)CC3)CC2)CC1
C1CCC(C2CCCC(C3CCCCC3CC3CCCCC3C3CCCC3)C2)CC1
C1CCC(CC2CCCC(C3CCC(CC4CCC(C5CCCC5)CC4)CC3)C2)CC1
C1CCC(CC2CCC(CC3CCCCC3C3CCCC3)CC2)CC1
C1CCC(CCCCC2CCC(CC3CCC(CC4CCCCC4)CC3)CC2)CC1
C1CCC(C2CCCC2C2CCCCC2)CC1
C1CCC(C2CCC(CCCCC3CC4CCCCC4C3)CC2)CC1
C1CCC(CC2CCC(CCCC3CCCC(C4CCCCC4)C3)CC2)CC1
C1CCC(C2CCC(CC3CC(C4CCCCC4)C4CCCCC34)CC2)CC1
C1CCC(CCCC2CCC(C3CCCCC3)CC2)CC1
C1CCC(CCC2CCC(C3CCCCC3C3CCCCC3)CC2)CC1
C1CCC(C2CCCC(CCCC3CC4CCCCC4C(C4CCCCC4)C3)C2)CC1
C1CCC(CC2CCC(CC3CCC(C4CCCCC4)CC3)CC2)CC1
C1CCC(CCCC2CCC(C3CCCCC3)CC2)CC1
C1CCC(CC2CCC(CCC3CCC(C4CCCC(C5CCCCC5)C4)CC3)CC2)CC1
C1CCC(CC2CCCC(CCC3CCCCC3CC3CCCCC3)C2)CC1
C1CCC(CCC2CC(CC3CCCCC3)CCC2CC2CCCCC2)CC1
C1CCC(CCCC2CCC(CC3CC(C4CCCCC4)C4CCCCC34)CC2)CC1
C1CCC(CCCCC2CCC(C3CC4CCCCC4C3)CC2)CC1
C1CCC(CCC2CCC(CC3CCC(C4CCC5CCCCC54)CC3)CC2)CC1
C1CCC(CC2CCC(CC3CCC(CC4CCCCC4)C(C4CCCCC4)C3)CC2)CC1
C1CCC(CCCCC2CCC(C3CCCCC3)CC2)CC1
C1CCC(C2CCC(CC3CCC4CC(C5CCC6CCCCC65)CCC4C3)CC2)CC1
C1CCC(CCCC2CC(C3CCCCC3)CCC2CC2CCCCC2)CC1
C1CCC(C2CCC3CCCC(C4CCCCC4)C3C2)CC1
C1CCC(C2CCCCC2C2CCC(C3CCC(C4CCCC5CCCCC54)CC3)CC2)CC1
C1CCC(CCC2CCCCC2C2CCCCC2CC2CC2)CC1
C1CCC(C2CCCC(CCC3CCC(C4CCCCC4C4CCCCC4)CC3)C2)CC1
C1CCC(C2CCCC(CC3CCC(CC4CC5CCCCC5C4)CC3)C2)CC1
C1CCC(CCC2CCC(CC3CCC(CCC4CCCCC4)CC3)CC2)CC1
C1CCC(CC2CCC(CCC3(C(C4CCCCC4)C4CCCCC4)CC3)CC2)CC1
C1CCC(CC2CCCC(C(C3CCC(C4CCCC4)CC3)C3CCC(C4CCCCC4)C3)C2)CC1
C1CCC(CC2CCCC(C3CCC(C4CCCCC4)CC3)C2)CC1
C1CCC(C2CCC(CC3CCC(C4CCCCC4)CC3)CC2)CC1
C1CCC(CCCCC2CCC(CC3CCCC(CC4CCCCC4)C3)CC2)CC1
C1CCC(CC2CCC(C3CCCC(C4CC(C5CCCCC5)C4)C3)CC2)CC1
C1CCC(C2CCC(C3CCC(C4CCCC(C5CCC(CCC6CC6)CC5)C4)CC3)CC2)C1
C1CCC(C2CCC(C3CCCC(C4CCCC4)C3)CC2)CC1
C1CCC(CC2CCC(CC3CCCC4CC(C5CCCCC5)CCC34)CC2)CC1
C1CCC(CC2CCC(CCC3CCCC(C4CCCCC4)C3)CC2)CC1
C1CCC(CC2CCCCC2)CC1
C1CCC(CC2CCCC(C3CCCCC3)C2)CC1
C1CCC(C2CCC(C3CCCCC3)CC2)CC1
C1CCC(CCC2CCCC(CC3CCCCC3)C2)CC1
C1CCC(CCC2CCCCC2C2CCCCC2)CC1
C1CCC(CC2CCCCC2C2CC(C3CCC4CCCCC4C3)C3CCCCC32)CC1
C1CCC(CC2CCC(C3CCCCC3)CC2C2CCC(CC3CCC(CC4CCC5CCCCC54)CC3)CC2)CC1
C1CCC(CC2CCC(C3CCCCC3)CC2)CC1
C1CCC(C2CCC(C3CCCCC3C3CCCCC3)CC2)CC1
C1CCC(CCC2CC(C3CCCCC3)CC(C3CCC3)C2)CC1
C1CCC(CC2CCC(C3CCCCC3)CC2)CC1
C1CCC(CCC2CCC(CC3CCC4C(CCCC4C4CCCCC4)C3)CC2)CC1
C1CCC(C2CCCCC2CCC2CCCC3CC(C4CCCCC4CC4CC5CCCCC5C4)CCC23)CC1
C1CCC(CCC2CCC(CC3CCCCC3)CC2)CC1
C1CCC(C2CCC(CCCCC3CCCC(C4CCCC4)C3)CC2)CC1
C1CCC(CC2CCCC3CC(C4CCCCC4)CCC23)CC1
C1CCC(CC2CCC(CC3CCC(C4CC5CCCCC5C4)CC3C3CCCC3)CC2)CC1
C1CCC(CCCC2CCC(CC3CCCCC3)CC2)CC1
C1CCC(CC2CC(C3CCC4CCCCC43)CC3CCCCC32)CC1
C1CCC(CCCC2CCCC(C3CC(C4CCCCC4)C4CCCCC34)C2)CC1
C1CCC(CCC2CCC(CC3CCCCC3)CC2)CC1
C1CCC(C2CCCC(C3CCCCC3)C2)CC1
C1CCC(C2CCC(CCC3CCC(C4CC4)CC3)CC2)CC1
C1CCC(CCC2CCCC(C3CCC(CC4CCCCC4)CC3)C2)CC1
C1CCC(CCCC2CCC(CC3CCC(C4CCCCC4)CC3)CC2)CC1
C1CCC(CCC2CC(C3CCC(CC4CCCCC4)CC3)C3CCCCC23)CC1
C1CCC(C2CCC(C3CCCC(C4CCCC4)C3)C(C3CCCC3)C2)CC1
C1CCC(CC2CC(C3CCCC(C4CCCCC4)C3)C3CCCCC23)CC1
C1CCC(C2CCCC(CCC3CCCC(C4CCCC(C5CCCC5)C4)C3)C2)C1
C1CCC(CCC2CCCCC2C2CCCCC2)CC1
C1CCC(CCC2CCC(CC3CCCC(C4CCCCC4)C3)CC2)CC1
C1CCC(C2CCC(C3CC4CCC(C5CCCCC5C5CCCC5)CC4C3)CC2)CC1
C1CCC(C2CCCC(CC3CCCC(C4CCCCC4)C3)C2)CC1
C1CCC(CC2CCCC(CCCC3CCC(C4CCCCC4)C3)C2)CC1
C1CCC(C2CCCC(C3CCCCC3)C2)CC1
C1CCC(CC2CCC(C3CCCCC3)CC2)CC1
C1CCC(CCC2CCCC(C3CCC(C4CCCC4)CC3)C2)CC1
C1CCC(CC2CCC(CCC3CCC(C4CCCCC4)CC3)CC2)CC1
C1CCC(C2CCC(C3CCCCC3C3CCC(CC4CCC(C5CCCC5)CC4)CC3)CC2)CC1
C1CCC(CC2CCCC3CC(C4CCCC(CC5CC6CCCCC6C5)C4)CCC23)CC1
C1CCC(C2CCC(C3CCCCC3CCC3CCCCC3C3CCC4CCCC4C3)CC2)CC1
C1CCC(CC2CCCCC2C2CC2C2CCCC(C3CCCC3)C2)CC1
C1CCC(C2CCC(C3CCC4CCCCC4C3)C(CCC3CC3)C2)CC1
C1CCC(CCC2CCCC(C3CCCC(C4CCCC4)C3)C2)CC1
C1CCC(C2CCC(C3CCCCC3C3CCCC3)CC2)CC1
C1CCC(C2CCCCC2)CC1
C1CCC(C2CCC(CCCC3CCC(C4CCC(CCC5CCCC5)CC4)CC3)CC2)CC1
C1CCC(CCC2CCC(CC3CCCCC3)CC2)CC1
C(CCCC1CCCCC1)CCCC1CCCC(C2CCCCC2)C1
C1CCC(CC2CCC(CC3CCCC(CC4CCCCC4)C3)CC2)CC1
C1CCC(C2CCCCC2C2CCCC(C3CCCC3)C2)CC1
C1CCC(CCCC2CCCC(CC3CCCCC3)C2)CC1
C1CCC(CCC2CCC(C3CCCC(C4CCCCC4C4CCCCC4)C3)CC2)CC1
C1CCC(CCC2CCC(CC3CCC(C4CCCCC4)CC3)CC2)CC1
C1CCC(C2CCC(C3CCC4CCCCC43)CC2)CC1
C1CCC(CC2CCC(CC3CCC3)CC2)CC1
C1CCC(CCC2CCCCC2C2CCCCC2CCC2CCC(CC3CCCC3)CC2)CC1
C1CCC(CCC2CCC(C3CCCCC3)CC2)CC1
C1CCC(C2CCCC(C3CCCC(C4CCC(C5CC5)CC4)C3)C2)CC1
C1CCC(CCC2CCCCC2)CC1
C1CCC(C2CCC(C3CCCC4CC(C5CCCCC5)CC43)CC2)CC1
C1CCC(CC2CCC3CC(C4CCC5CCCCC54)CC(C4CCCCC4)C3C2)CC1
C1CCC(C2CCCC(C3CCCC(C4CCCCC4C4CCCCC4)C3)C2)CC1
C1CCC(CCC2CCC(CC3CCCCC3)CC2)CC1
C1CCC(C2CCC3CC(C4CCCCC4C4CC4)CC(CC4CC5CCCCC5C4)C3C2)C1
C1CCC(C2CCCC(C3CCCCC3)C2)CC1
C1CCC(CCC2CCCC(C3CCC(CC4CCCCC4)CC3)C2)CC1
C1CCC(C2CCC(C3CCCCC3C3CCC(C4CCCCC4)CC3)CC2)CC1
C1CCC(C2CCCC(C3CCC4CC(C5CCC6CCCCC65)CCC4C3)C2)CC1
C1CC2CCC(C3CCCCC3CCC3CC3)CC2C1
C1CCC(CC2CCC(CCCCC3CCCC(C4CCCC4)C3)CC2)CC1
C1CCC(CCCC2CCC(CCC3CCC4CCCCC43)CC2)CC1
C1CCC(CC2CCC(CCC(C3CCCCC3)C3CCCCC3)CC2)CC1
C1CCC(CCC2CCCC(C3CCC(CC4CCCCC4)CC3)C2)CC1
C1CCC(C2CCC(C3CCCCC3C3CCCC(C4CCCCC4)C3)CC2)CC1
C1CCC(CC2CCCCC2C2CCCCC2)CC1
C1CCC(C(C2CCCCC2)C2CCC(CCC3CCC(C4CCC4)CC3)CC2)CC1
C(CCCC1CCC2CCCCC12)CCC1CCCCC1
C1CCC(CCC2CCC(CC3CCCCC3)CC2)CC1
C1CCC(C2CCCC(C3CCCC(CCCC4CCCC5CCCCC54)C3)C2)CC1
C1CC1CC1CCC(C2CCC(C3CC3)CC2)CC1
C1CCC(CC2CCCC(CC3CCC(CCCC4CCCC(C5CCCC5)C4)CC3)C2)CC1
C1CCC(CCC2CCC(C3CCCCC3)CC2C2CCCCC2)CC1
C1CCC(CCC2CCC(C3CC(CC4CCCCC4)C4CCCCC43)CC2)CC1
C1CCC(C2CCCC(CC3CCCC(C4CCCCC4)C3)C2)CC1
C1CCC(CC2CC3CCCCC3C2)C(CCCC2CCCCC2C2CCC(C3CCCC(C4CC4)C3)CC2)C1
C1CCC(CCC2CCC(C3CCCCC3)CC2)CC1
C1CCC(CC2CCC(C(C3CCCCC3)C3CCCCC3)CC2)CC1
C1CCC(CC2CCCC(C3CCCC(C4CCCCC4)C3)C2)CC1
C1CCC(CC(C2CCCCC2)C2CCCC(C3CCCCC3)C2)CC1
C1CCC(C2CCC(CC3CCC4CCCCC43)C(C3CCCCC3)C2)CC1
C1CCC(CCC2CCCCC2C2CCC3CCCCC32)CC1
C1CCC(CC2CCC(CC3CCCCC3)CC2)CC1
C1CCC(CC2CCC(C3CCCCC3)CC2)CC1
C1CCC(CCCC2CCC(CC3CCC(C4CCCCC4)CC3)CC2)CC1
C(CCCC1CCC(C2CCCCC2)CC1)CCC1CCCCC1
C1CCC(C2CCC3C(CCC3C3CCCCC3)C2)CC1
C1CCC(CCC2CCCC(CC3CCCCC3)C2)CC1
C1CCC(C2CCC(CCC3CCC(CCC4CCC5CCCCC54)C(C4CCCC4)C3)CC2)CC1
C1CCC(CC2CCC(C3CCCCC3C3CCCCC3)C(C3CCCC3)C2)CC1
C1CCC(CC2CCCCC2)CC1
C1CCC(CCCC2CCCCC2)CC1
C1CCC(CCC2CCCC(CCC3CCC(CC4CCCCC4)CC3)C2)CC1
C1CCC(CCC2CCCC(CC3CCC(CC4CCCCC4)CC3)C2)CC1
C1CCC(CC2CCC(C3CCC(C4CCCCC4)CC3)C(C3CCCC3)C2)CC1
C1CCC(CC2CCCC(C3CCCCC3)C2)CC1
C1CCC(CCC2CCC(C3CCC(CC4CCCCC4)CC3)CC2)CC1
C1CCC(CC2CCCC(C3CCCCC3)C2)CC1
C1CCC(CC2CCCCC2C2CC(C3CCC(C4CCCCC4)CC3C3CCCC3)C3CCCCC23)CC1
C1CCC(C2CCC(CC3C(C4CCCCC4)CCCC3C3CCC3)CC2)CC1
C1CCC(C2CCCCC2CC2CCC(C3CCCC3)CC2)CC1
C1CCC(CC2CCC(C3CCC(C4CCCCC4)CC3)CC2)CC1
C1CCC(C2CCCCC2)CC1
C1CCC(C2CCC(C3CCCC3)CC2C2CCCC2)CC1
C1CCC(CC2CCC(C3CCCCC3)CC2)CC1
C1CCC(C2CCCC(C3CCCC(CCC4CCC(C5CCC5)CC4)C3)C2)CC1
C1CCC(C2CCC(CC3CCC(CC4CCC5CCCCC54)CC3)CC2)CC1
C1CCC(C2CCC(C3CC(C4CCCCC4)C4CCCCC43)C(C3CCCC3)C2)CC1
C1CCC(CCC2CCC(CC3CCC(CC4CCC(C5CCCC6CCCC65)CC4)CC3)CC2)C1
C1CCC(CCC2CCC(CC3CCC(CC4CCC5CCCCC54)CC3)CC2)CC1
C1CCC(C2CCC(CC3CCC(CC4CC5CCCCC5C4)CC3)CC2)CC1
C1CCC(CCCC2CCCCC2C2CCCC(C3CCCCC3)C2)CC1
C1CCC(C2CCC(CC3CCCC3)CC2)CC1
C1CCC(CC2CCC(CC3CCC(CC4CCC(C5CCCCC5)CC4)CC3)CC2)CC1
C1CCC(CCCC2CCC(C3CCCCC3)CC2)CC1
C1CCC(CCC2CCCCC2C2CC(CC3CCCCC3)C3CCCCC32)CC1
C1CCC(C2CCCCC2)CC1
C1CCC(CCCC2CCCC(C3CCCCC3)C2)CC1
C1CCC(CC2CCC(C3CCCC(CC4CCCC4)C3)CC2)CC1
C1CCC(C2CC(C3CC3)CCC2C2CC3CCCCC3C2)CC1
C1CCC(CC2CCC(CC3CCC(CCC4CCCC(C5CCCCC5)C4)CC3)CC2)CC1
C1CCC(CC2CCC(C3CCCCC3)CC2)CC1
C1CCC(CC2CC(C3CCCCC3)C3CCCCC23)CC1
C1CCC(CC2CCC3CCCC(C4CCCCC4C4CCCC(CC5CCCC5)C4)C3C2)CC1
C1CCC(C2CCCC(C3CCCCC3)C2)CC1
C1CCC(CC2CCC(C3CCCCC3)CC2)CC1
C1CCC(C2CCCC(CC3CCCC(C4CCC(CC5CC6CCCCC6C5)CC4)C3)C2)CC1
C1CCC(CC2CCC(CC3CCCC(C4CCCC4)C3)CC2)CC1
C1CCC(CCC2CCC(C3CCC(C4CCCCC4)CC3)CC2)CC1
C1CCC(CC2CCCC(C3CC(C4CCCCC4)CC(C4CC4)C3)C2)CC1
C1CCC(C2CCC(CC3CCCC(CCC4CCC(C5CCCC5)CC4)C3)CC2)CC1
C1CCC(CC2CCCC(C3CCC4C(CCCC4C4CCC(CC5CCCC5)CC4)C3)C2)CC1
C1CCC(C2CCCC(CC3CC(CC4CCCC4)C4CCCCC34)C2)CC1
C1CCC(C2CCC(CCC3CCCC(C4CCCCC4)C3)CC2)CC1
C1CCC(C2CCCCC2CC2CCCC(CC3CCC4CCCCC4C3)C2)CC1
C1CCC(CCC2CCC(CC3CCCCC3)CC2)CC1
C1CCC(CCCC2CC(CC3CCCCC3)CC3CCC(C4CCCCC4)CC23)CC1
C1CCC(CCCCC2CCCC(CC3CCC(CC4CCCCC4)CC3)C2)CC1
C1CCC(C2CCCCC2C2CCCCC2)CC1
C1CCC(CCC2CCC(C3CCC4C(CC5CCCCC5)CCCC4C3)CC2)CC1
C1CCC(CCCC2CCCCC2C2CCCCC2)CC1
C1CCC(C2CCCC(CCC3CCC(C4CCCCC4C4CCCCC4)CC3)C2)CC1
C1CCC(C2CCCCC2C2CCCCC2)CC1
C(CCCC1CCCCC1C1CCCCC1)CCC1CCC(CC2CCCCC2)CC1
C1CCC(CCC2CCC(C3CCCC(C4CCCCC4)C3)CC2)CC1
C1CCC(CCCCCC2CCCC(C3CCCCC3)C2)CC1
C1CCC(C2CCC3CC(C4CCC5CCCCC5C4)CC(C4CCCCC4)C3C2)CC1
C1CCC(C2CCCC(C3CCCC(C4CCCCC4)C3)C2)CC1
C1CCC(CCCC2CCC(C3CCC(C4CCC4)CC3)CC2)CC1
C1CCC(C2CCC(CCC3CCC(C4CCCC4)CC3)C(C3CCCCC3)C2)CC1
C1CCC(CC2CCC(C3CCCCC3C3CCCC3)CC2)CC1
C1CCC(CCCCC2CCCC(C3CCCCC3CC3CCC3)C2)CC1
C1CCC(C2CCC3CCC(C4CCCC(CC5CCCC5)C4)CC3C2)CC1
C(CCC1CCC(CC2CCC(C3CCC(C4CCCC4)CC3)CC2)CC1)CCC1CCC(C2CCCCC2)CC1
C1CCC(CC2CCCCC2CCC2CCCC(C3CCCCC3)C2)CC1
C1CCC(C2CCC(C3CCCCC3)C2C2CCCCC2)CC1
C1CCC(CCC2CC(C3CCC3)CC(C3CCCC(CC4CCCCC4)C3)C2)CC1
C1CCC(CC2CCC(CCCCC3CCCC(C4CCCC4)C3)CC2)CC1
C1CCC(CC2CC(CC3CCCCC3)C3CC(C4CC4)CCC23)CC1
C1CCC(CCCC2CC(C3CCC(C4CCCCC4)CC3)C3CCCCC23)CC1
C1CCC(CC2CCCC(C3CCCCC3)C2)CC1
C1CCC(C2CCC(CCCC3CC(C4CCCCC4)CC(C4CCC4)C3)CC2)CC1
C1CCC(C2CCCC(C3CCC4CC(C5CC5)CCC4C3)C2)CC1
C1CCC(CC2CCC(CCC3CC4CCCCC4C3)CC2)CC1
C1CCC(CCCC2CCC(C3CCCCC3C3CCC4CCCC4C3)CC2)CC1
C1CCC(C2CC(C3CCC4CCCC4C3)CC(C3CCC3)C2C2CCCCC2CC2CC3CCCCC3C2)CC1
C1CCC(CCC2CCC(CC3CCCC(CC4CCCCC4)C3)CC2)CC1
C1CCC(C2CCC(C3CCCCC3C3CCCCC3)C(C3CCCCC3)C2)CC1
C1CCC(CCC2CCCC(CC3CC4CCCCC4C3)C2)CC1
C1CCC(CCCC2CCC(CCCC3CCCCC3)CC2)CC1
C1CCC(CC2CC(C3CCCCC3)C3CCCCC23)CC1
C1CCC(CCCCC2CCC(C3CCC(C4CC4)CC3)CC2)CC1
C1CCC(C2CCCCC2CC2CCCCC2C2CCC3CCCCC32)CC1
C1CCC(CCC2CCCC(C3CCCC(C4CCCC(C5CCCCC5)C4)C3)C2)CC1
C1CCC(CC2CCC(CC3CCC(CC4CCCCC4)CC3)CC2)CC1
C1CCC(C2CCCC(C3CCCC(C4CCCCC4)C3)C2)CC1
C1CCC(CCC2CCCCC2C2CCC3CCCC3C2)CC1
C1CCC(C2CCCC(C3CCCC(CC4CC4)C3)C2)CC1
C1CCC(CC2CCCCC2C2CCC(C3CCC(CC4CC4)CC3)CC2)CC1
C1CCC(C2CCCC(C3CC(CCC4CCCC4)CC3C3CC4CCCCC4C3)C2)CC1
C1CCC(C2CCCC(CCCC3CC4CCCCC4C3)C2)CC1
C1CCC(C2CCCCC2CCC2CCCCC2C2CCCCC2C2CCCCC2)CC1
C1CCC(CC2C(C3CCCCC3)CCC2C2CCCCC2)CC1
C1CCC(C2CCCC(CC3CC4CCCCC4C3)C2)C1
C1CCC(CC2CCC(CC3CCCCC3)CC2)CC1
C1CCC(C2CCC(C3CCCC(CC4CCCC(CC5CCCC5)C4)C3)CC2)CC1
C1CCC(CC2CCC(C3CCC(CC4CCCCC4)CC3)CC2)CC1
C1CCC2C(C1)CCC2CC1CCC(CC2CCC(CC3CCC(C4CC4)CC3)CC2)CC1
C1CCC(C2CCCC(CC3CCC4CCCCC43)C2)CC1
C1CCC(CCCCC2CCC(CC3CCCCC3)CC2)CC1
C1CCC(CCC2CC(C3CCC4CCCCC43)C3CC(CC4CCCCC4)CCC23)CC1
C1CCC(CCC2CC(C3CCCCC3)CCC2C2CCCCC2)CC1
C1CCC(CC2CCCCC2C2CCCC(C3CCCCC3)C2)CC1
C1CCC(CC2CCC(C3CCCCC3C3CC4CCCCC4C3)CC2)CC1
C1CCC(CC2CCC(CCCC3CCCC(C4CCCCC4)C3)CC2)CC1
C1CCC(C2CCC3C(CCCC3C3CCCCC3)C2)CC1
C1CCC(CCCCC2CCC(CC3CCCCC3)CC2)CC1
C1CCC(C2CCCCC2C2CCCC(CC3CCCC(CC4CC5CCCCC5C4)C3)C2)CC1
C1CCC(CCC2CCCC(C3CCCC(CC4CCC5CCCCC54)C3)C2)CC1
C1CCC(CCC2CC(C3CCCC(C4CCCCC4)C3)C3CCCCC23)CC1
C1CCC(CCC2CCC(C3CCCCC3)CC2)CC1
C1CCC(CCC2CCCC(C3CCC(C4CCCCC4)CC3)C2)CC1
C1CCC(CCC2CCC(CCC3CC4CCCCC4C3)CC2)CC1
C1CCC(CCC2CCC(CCC3CCCCC3)CC2)CC1
C1CCC(C2CCCC(C3CCCCC3)C2)CC1
C1CCC(CC2CCC(C3CCC(CC4CCCCC4)C(C4CCCC4)C3)CC2)CC1
C1CCC(C2CCCC(CC3CCCCC3C3CCCCC3)C2)CC1
C1CCC(CC2CCCC(CC3CCCC(C4CCCCC4)C3)C2)CC1
C1CCC(CC2CCC(C3CCCC(C4CCCCC4)C3)CC2)CC1
C1CCC(CCC2CCCC(C3CCCCC3)C2)CC1
C1CCC(CC2CCCC(C3CCCCC3)C2)CC1
C1CCC(CC2CCCC(CCC3CCC(C4CCCCC4)CC3)C2)CC1
C1CCC(CC2CCCC(C3CC(CC4CCCC4)C4CCCCC43)C2)CC1
C1CCC(CCCCC2CCC(CC3CCC(C4CC4)CC3)CC2)CC1
C1CCC(CC2CCC(CCC3CCCC(C4CCCCC4)C3)CC2)CC1
C1CCC(CC2CCC(CCCC3CCCCC3C3CCC4CCCC4C3)CC2)CC1
C1CCC(CC2CCCC(CC3CCCC(C4CCCCC4)C3)C2)CC1
C1CCC(CC2CCCCC2C2CCC3C(CCCC3C3CCCCC3)C2)CC1
C1CCC(C2CC3CCCCC3C(C3CCCCC3)C2)CC1
C1CCC(C2CCCCC2)CC1
C1CCC(C2CCC(C3CCCCC3)C(C3CCCCC3C3CCCC3)C2)CC1
C1CCC(CCC2CCC(CC3CCCCC3)CC2)CC1
C1CCC(CC2CCC(CCC3CCCC(CCC4CC5CCCCC5C4)C3)CC2)CC1
C1CCC(CCC2CCCC(C3CCCCC3)C2)CC1
C1CCC(CCCC2CCC(C3CCCC3)CC2)CC1
C1CCC(CC2CCCC2CC2CCC(C3CCCC(CC4CC4)C3)CC2)CC1
C1CCC(CCC2CCCC(CCC3CCCCC3)C2C2CCC(C3CCC4CCCCC4C3)C2)CC1
C1CCC(CC2CCCC(C3CCCCC3)C2)CC1
C1CCC(C2CCCC(CCC3CCCC(C4CCCCC4)C3)C2)CC1
C1CCC(CC2CCC(CCC3CCCC(C4CCCCC4)C3)C(C3CCCCC3)C2)CC1
C1CCC(CCC2CCC(C3CCCCC3)C(C3CCCCC3)C2)CC1
C1CCC(CCCCC2CCCC(C3CCCCC3)C2)CC1
C1CCC(CCC2CCCC(CC3CCCCC3)C2)CC1
C1CCC2C(C1)CCCC2CC1CCC(C2CCC3CCCCC32)CC1
C1CCC(C2CC(C3CCCCC3C3CCCCC3)CC(C3CCC4CCCCC43)C2)CC1
C1CCC(CC2CCC(C3CCCCC3C3CCCCC3)C(C3CCCC3)C2)CC1
C1CCC(C2CCCCC2C2CCCCC2)CC1
C1CCC(CCC2CCCC(C3CCC(C4CCCCC4)CC3)C2C2CCCC2)CC1
C1CCC2CCCC2C1
C1CCC(C2CCC(C3CCCCC3)C(C3CCCCC3)C2)CC1
C1CCC(C2CCCC(C3CCCC(C4CCC(C5CCC5)CC4)C3)C2)CC1
C1CCC(CC2CCCCC2C2CCCC(CCCC3CCCCC3C3CCCCC3)C2)CC1
C1CCC(CC2CCC(CC3CCCC(C4CCCCC4)C3)CC2)CC1
C1CCC(CC2CCCC(C3CCCCC3C3CCCC3)C2)CC1
C1CCC(C2CCCC(CCC3CCC(CCC4CCC(C5CCCC5)CC4)CC3)C2)CC1
C1CCC(C2CCC(C3CCCC(C4CCC(CC5CCCC5)CC4)C3)CC2)CC1
C1CCC(CCC2CCC(CC3CCC(C4CCCCC4)C3)CC2)CC1
C1CCC(CC2CCC(CC3CCC(C4CCCC(CCCC5CCCC5)C4)CC3)CC2)CC1
C1CCC(C2CCCC(C3CCC(C4CC4)CC3C3CCCC3)C2)CC1
C1CCC(CC2CCCC(CC3CCC(C4CCCCC4)C3)C2)CC1
C1CCC(C2CCC3C(CC4CCCC(CCC5CCC(CC6CC6)CC5)C4)CCCC3C2)CC1
C1CCC(CCCC2CC(C3CCC4CCCCC43)CC3CCCCC32)CC1
C1CCC(C2CCC(CC3CCC(C4CCCCC4)CC3C3CCCCC3)CC2)CC1
C1CCC(CC2CCCCC2C2CCC3CCC(CC4CCCCC4)C3C2)CC1
C1CCC(CC2CCC(C3CCCCC3)CC2)CC1
C1CCC(CCCC2CCCC(C3CCCC(CC4CCCCC4C4CCCCC4)C3)C2)CC1
C1CCC(CC2CCC(CC3CCCC(C4CCCC4)C3)CC2)CC1
C1CCC(CC2CCCC(CC3CCCC(C4CCCCC4)C3)C2)CC1
C1CCC(CC2CCC(C3CCCC(C4CCCC(C5CCCCC5)C4)C3)CC2)CC1
C1CCC(CCC2CCC(CC3CCCCC3)CC2)CC1
C1CCC(CC2CCC(CC3CCCC(C4CCCC(CC5CC5)C4)C3)CC2)CC1
C1CCC(C2CCC(CC3CCC4CC(C5CCCCC5)CC4C3)CC2)CC1
C1CCC(C2CC(CC3CCCC3)CCC2CCC2CC3CCCCC3C2)CC1
C1CCC(C2CCC(C3CCCC(C4CCCC4)C3)CC2)CC1
C1CCC(C2CCC(CC3CCC(C4CCC5CCCCC5C4)CC3)CC2)CC1
C1CCC(C2CCCC(CC3CCCCC3CC3CC4CCCCC4C3)C2)CC1
C1CCC(CCCC2CCC(CCC3CCC(C4CCCCC4)CC3)C(C3CCCCC3)C2)CC1
C1CCC(CCC2CCCCC2C2CCC(C3CCC4C(CCCC4C4CCCCC4)C3)CC2)CC1
C1CCC(C2CCCC(C3CCC(C4CCC(C5CCC6CCCC6C5)CC4)C3)C2)CC1
C1CCC(C2CCC(C3CCC3)CC2)CC1
C1CCC(CC2CCCC(C3CCCC(C4CCCCC4)C3)C2)CC1
C1CCC(CCCC2CCCCC2C2CCCC(C3CCCCC3)C2)CC1
C1CCC(CC2CCC(CC3CCCCC3CC3CCCCC3)CC2)CC1
C1CCC(CCC2CCCC(CC3C(C4CCCCC4)CCCC3C3CCCC3)C2)CC1
C1CCC(CC2CCCCC2C2CCC3CCCCC3C2)CC1
C1CCC(C2CCCC(C3CCCC(C4CCCC(C5CC5)C4)C3)C2)CC1
C1CCC(CC2CCC(C3CCC4CC(C5CCCCC5)CCC43)CC2)CC1
C1CCC(C(C2CCCCC2)C2CCCC(CC3CCC4CCCC4C3)C2)CC1
C1CCC(CCCC2CCC(C3CCCCC3)CC2)CC1
C1CCC(C2CCC(CC3CCC(C4CCCCC4)C(CCC4CCC4)C3)CC2)CC1
C1CC(CC2CCC(CCC3CC4CCCCC4C3)CC2)CC(CC2CCC3CCCC3C2)C1
C1CCC(C2CCCC(C(C3CCCCC3)C3CCCCC3)C2)CC1
C1CCC(CCC2CCCC(C3CCCC(C4CCCCC4)C3)C2)CC1
C1CCC(CC2CCCC(C3CCC(C4CCCCC4)CC3)C2)CC1
C1CCC(CC2CCC(C3CCC4CCCCC43)CC2)CC1
C1CCC(CC2CCCC(CCCC3CCCCC3C3CCC4CCCC4C3)C2)CC1
C1CCC(C2CCCC(C3CCCCC3)C2)CC1
C1CCC(CC2CCC(C3CCCC(C4CCCCC4)C3)CC2)CC1
C1CCC(CC2CC(C3CCCCC3)C3CCCCC23)CC1
C1CCC(C2CCC(C3CCC(C4CCC4)CC3)CC2)CC1
C1CCC(CC2CCCC(C3CCC(C4CCC5CCCCC5C4)C3)C2)CC1
C1CCC(CCCCC2CCC(C3CCCCC3CC3CCC(C4CCCC4)CC3)CC2)CC1
C1CCC(CCC2CCCC(C3CCC4CCCCC43)C2)CC1
C1CCC(C2CCCC(C3CCCC(CCCC4CC(C5CCCCC5)CC(C5CCC5)C4)C3)C2)CC1
C1CCC(C2CCCC(CC3CC(C4CCCCC4)CC(C4CCC4)C3)C2)CC1
C1CCC(C2CCCC(CCCC3CCC4CCCCC4C3)C2)CC1
C1CCC(CCC2CCCCC2CC2CCCC(C3CCCCC3)C2)CC1
C1CCC(CCCC2CCC(CC3CCCCC3)CC2)CC1
C1CCC(CCCC2CCC(CC3CCCCC3)C(CCC3CC(C4CCCC4)C4CCCCC34)C2)CC1
C1CCC(C2CCC(CC3CCCC(C4CCCC4)C3)CC2)CC1
C1CCC(C2CCC(CC3CCCC(C4CCCCC4)C3)CC2)CC1
C1CCC(CC2CCCC(CC3CCCC(C4CCCC(C5CCCCC5)C4)C3)C2)CC1
C1CCC(CCC2CCCC(C3CCCCC3C3CCCC(C4CCCCC4)C3)C2)CC1
C1CCC(CCCC2CCC(C3CCCC(CCC4CCCCC4)C3)CC2)CC1
C1CCC(CCCCC2CCC3CCC(C4CCCCC4)CC3C2)CC1
C1CCC(CC2CCC(CCC(C3CCCCC3)C3CCCCC3)CC2)CC1
C1CCC(C2CCC(CC3CCCC4CCCCC43)CC2)CC1
C1CCC(CCC2CC(C3CCCCC3)C3CCCCC23)CC1
C1CCC(CC2CCCC(C3CCCCC3CC3CCCCC3)C2)CC1
C1CCC(C2CCC(C3CCCCC3C3CCCC3)CC2)CC1
C1CCC(C2CCC(CC3CCC(CCCC4CC4)CC3)CC2)CC1
C1CCC(C2CCC(C3CC3)CC2C2CCCC(C3CCCCC3C3CCC4CCCC4C3)C2)CC1
C1CCC(CCC2CCCC(C3CCCC(CC4CCCC(C5CCCCC5)C4)C3)C2)CC1
C1CCC(CCC2CCCCC2CCC2CCC(CC3CCCCC3)CC2C2CCCCC2)CC1
C1CCC(C2CC(C3CCCC3)CC3CCC(CC4CCC5CCCC5C4)CC32)CC1
C1CCC(CC2CCCCC2C2CCCC(C3CCCCC3)C2)CC1
C1CCC(CCC2CCCC(CC3CCC(C4CCCC(CC5CCCCC5)C4)CC3)C2)CC1
C1CCC(CCC2CC(CC3CC3)CC(C3CCCCC3)C2)CC1
C1CCC(CC2CCC(C3CCCCC3)C(C3CCCCC3)C2)CC1
C1CCC(C2CCCCC2CC2CCC(C3CCC(C4CCC(C5CC5)CC4)CC3)CC2)CC1
C1CCC2CC(CC3CCCC(C4CCC(C5CC5)CC4C4CCCC4)C3)CC2C1
C1CCC(CCCC2CCC(C3CCC(C4CCCCC4)CC3)CC2)CC1
C1CCC(C2CCCCC2CC2CCC(CCC3CC4CCCCC4C3)CC2)CC1
C1CCC(CCCC2CCC(CC3CCCCC3)CC2)CC1
C1CCC(C2CCCCC2C2CCCCC2C2CCCC2)CC1
C1CCC(CC2CCC(CC3CCCCC3)CC2)CC1
C1CCC(CC2CCC(C3CCCC(C4CCC(C5CCCCC5)CC4)C3)CC2)CC1
C1CCC(CCC2CCC(C3CCCCC3)CC2)CC1
C(CCCC1CCC(CC2CCC(CC3CCCCC3)CC2)CC1)CCC1CCCCC1
C1CCC(C2CCC(C3CCCCC3C3CCCCC3)CC2)CC1
C1CCC(CCC2CCC(C3CCCCC3)CC2)CC1
C1CCC(C2CCC3CC(C4CCCC(CCC5CCCC5)C4)CC(C4CCCCC4)C3C2)CC1
C1CCC(CCCCCC2CCCC(C3CCCCC3)C2)CC1
C1CCC(C2CCCC2CC2CCC3CCC(C4CCCCC4)C3C2)CC1
C1CCC(CCCCC2CCC(C3CCCC(CCC4CCCCC4)C3)CC2)CC1
C1CCC(CCC2CCC(CC3CCCCC3)CC2)CC1
C1CCC(CC2CC(CC3CCC4CCCCC4C3)CCC2C2CCCCC2)CC1
C1CCC(CC2CCCC(C3CCCC(C4CCC4)C3)C2)CC1
C1CCC(CCCCCC2CCC(C3CCCCC3)CC2)CC1
C1CCC(CC2CCCC(C3CCCCC3)C2)CC1
C1CCC(CC2CCC3C(CC4CCCCC4)CCC3C2)CC1
C1CCC(CC2CCC(C3CCCCC3C3CCCC3)CC2)CC1
C1CCC(CCC2CCC(CC3CCCCC3)CC2)CC1
C1CCC(CC2CCC(C3CCC(C4CCCCC4)C3)CC2)CC1
C1CCC(CC2CCCCC2CC2CCC(CC3CCC(C4CCCCC4)CC3)CC2)CC1
C1CCC(CC2CCC(CC3CCCCC3)C(C3CCCCC3)C2)CC1
C1CCC(CCCC2CCC(CCC3CCCCC3)CC2)CC1
C1CCC(CCC2CCCC(C3CCCC(CC4CCCCC4)C3)C2)CC1
C1CCC(C2CCCC(C3CCCC(CC4CC5CCCCC5C4)C3)C2)CC1
C1CCC(C2CCCC(CCC3CCCC(C4CCCCC4)C3)C2)CC1
C1CCC(C2CCC(CC3CC(CCCC4CCCCC4C4CCCC4)C4CCCCC34)CC2)CC1
C1CCC(CC2CCCC(C3CCCC(C4CCCCC4)C3)C2)CC1
C1CCC(C2CCC(CC3CCC(C4CCCC4)CC3)CC2)CC1
C1CCC(C2CCCC(C3CCC(CCC4CC5CCCCC5C4)C3)C2)CC1
C1CCC(CC2CCC(C3CCC(C4CCCC4)CC3)C(C3CCCCC3)C2)CC1
C1CCC(CC2CCC(CC3CCC(C4CCCCC4)CC3)CC2)CC1
C1CCC(CCC2CCCC(C3CCCC(C4CCCCC4)C3)C2)CC1
C1CCC(C2CCCC(CC3CCCC(CCC4CCCCC4C4CCCC4)C3)C2)CC1
C1CCC(CCCC2CCC(C3CCCCC3)CC2)CC1
C1CCC(C2CCC(C3CCCCC3C3CCC(CCC4CCCC4)CC3)CC2)CC1
C1CCC(C2CCCC(C3CCCCC3)C2)CC1
C1CCC(CC2CCCC(CC3CCCCC3)C2)CC1
C1CCC(C2CCCCC2C2CCCC(C3CCC(CCC4CC4)CC3)C2)CC1
C1CCC(C2CCCC(CCC3CCC4C(C5CCCCC5)CC(C5CCCCC5)C4C3)C2)CC1
C1CCC(C2CCCCC2)CC1
C1CCC(CC2CCCC(CC3CCC(C4CCCCC4)CC3)C2)CC1
C1CCC(C2CCCC(CCC3CCC4CCCCC43)C2)CC1
C1CCC(CCC2CC(CC3CCCC(C4CCCCC4)C3)C3CCCCC23)CC1
C1CCC(CCC2CCC(C3CCCCC3)CC2)CC1
C1CCC(CC2CCC(C3CCCCC3)CC2)CC1
C1CCC(C2CCC(C3CCCC(CC4CCCC4)C3)CC2)CC1
C1CCC(CCCCC2CCCC(C3CCCCC3)C2)CC1
C1CCC(CCCCC2CCCC(C3CCCC(C4CCC5CCCCC5C4)C3)C2)CC1
C1CCC(CCC2CCC(CC3CCCCC3)C(C3CCCCC3)C2)CC1
C1CCC(CC2CCCCC2C2CCC(C3CCCCC3)CC2)CC1
C1CCC(CC2CCC(CCCC3CCC(CC4CCCC4)CC3)C(C3CCCCC3)C2)CC1
C1CCC(C2CCCCC2CCC2CCC(C3CCC4CCCCC43)CC2)C1
C1CCC(CC2CCCCC2CC2CCCCC2)CC1
C(CCCC1CCC(C2CCC2)CC1)CCC1CCC(CCC2CC3CCCCC3C2)CC1
C1CCC(C2CCC(C3CCCC(C4CCCCC4)C3)CC2)CC1
C1CCC(CC2CCC(C3CCCCC3C3CCCC3)C(C3CCCC3)C2)CC1
C1CCC(C2CC(CC3CCC(CC4CCC5CCCC5C4)CC3)C3CCCCC32)CC1
C1CCC(CC2CCCC(C3CCCCC3)C2)CC1
C1CCC(CCCCC2CCCCC2C2CCC(CC3CCCCC3)CC2)CC1
C1CCC(CCC2CCCC(CC3CCCCC3)C2)CC1
C1CCC(C2CCC(C3CCCCC3)CC2)CC1
C1CCC(CC2CCCC(CC3CCCCC3C3CCCCC3)C2)CC1
C1CCC(CC2CCCC(C3CCCCC3)C2)CC1
C1CCC(CCCCC2CCC(CC3CCC(C4CCCCC4)CC3)CC2)CC1
C1CCC(C2CCCC(CC3CCC(CCC4CC4)CC3)C2)CC1
C1CCC(C2CCC(CCC3CCC(CC4CCCCC4C4CCCCC4)CC3)CC2)CC1
C1CCC(C2CCC(CC3CCCCC3C3CCCC(CC4CC5CCCCC5C4)C3)C2)CC1
C1CCC2CC(CC(CC3CCCCC3C3CCC4CCCC4C3)C3CCCC3)CCC2C1
C1CCC(C2CCC(C3CCCCC3)CC2)CC1
C1CCC(C2CCCC(C3CCCCC3)C2)CC1
C1CCC(CC2CCC(CC3CCCCC3CC3CCCC3)CC2)CC1
C1CCC(CCC2CCCC(CCCC3CCC(CC4CCCC4)CC3)C2)CC1
C1CCC(C2CCCCC2C2CCCCC2C2CCCCC2)CC1
C1CCC(C2CCC(CC3CCC(CC4CCCCC4C4CCCCC4)CC3)CC2)CC1
C1CCC(CCCCC2CCC(C3CCCCC3)CC2)CC1
C1CCC(CC2CCC(C3CCCC(C4CCCCC4)C3)CC2)CC1
C1CCC(CCCC2CCCC(CCC3CCCCC3)C2)CC1
C1CCC(CCCC2CCCC(C3CCCCC3)C2)CC1
C1CCC(CC2CCC(CC3CCCCC3)C(C3CCCCC3)C2)CC1
C1CCC(CCC2CCCC(C3CCC(CC4CCC(C5CCCCC5)CC4)CC3)C2)CC1
C1CCC(CC2CC(C3CCCC(CC4CC4)C3)C3CCCCC23)CC1
C1CCC(CC2CCC(C3CCC4CCCCC4C3)CC2)CC1
C1CCC(C2CCCC(CC3CCC(CC4CCC(CCC(C5CC5)C5CC5)CC4)CC3)C2)C1
C1CCC2CC(CCC3CCC(C4CCC5CCCCC54)CC3)CC2C1
C1CCC(C2CCCC(C3CCCCC3)C2)CC1
C1CCC(CCCC2CCC(C3CC(CCC4CCCCC4)C4CCCCC43)CC2)CC1
C1CCC(C2CCCC(CC3CCC(CC4CC4)CC3C3CCCCC3)C2)CC1
C1CCC(CC2CCC(C3CCCC(C4CCCC(CC5CCCCC5)C4)C3)CC2)CC1
C1CCC(C2CCCCC2CC2CC(C3CCCCC3C3CCCC3)C3CCCCC23)CC1
C1CCC(CCC2CCC(CCC3CCC(C4CCCCC4)CC3)CC2)CC1
C1CCC(CC2CCC(C3CCC(CCCC4CC5CCCCC5C4)CC3)CC2)CC1
C1CCC(C2CCCCC2CC2CC3CCCCC3C2)CC1
C1CCC(CCC(CC2CCCCC2C2CCCCC2)C2CCC3CCCC3C2)CC1
C1CCC(CC2CCC(CCCCC3CCCC(C4CCC(C5CCCC5)CC4)C3)CC2)CC1
C1CCC(C2CCC(C3CCCCC3CC3CCCC3)CC2)CC1
C1CCC(C2CCC(C3CCCC3)CC2)CC1
C1CCC(CCC2CCCC(C3CCCC(C4CCCC(CCC5CCCCC5)C4)C3)C2)CC1
C1CCC(C2CCCC(C3CCCC(CC4CCCC4)C3)C2)CC1
C1CCC(CC2CCC(C3CCC(CC4CCCCC4)C3)CC2)CC1
C1CCC(CC2CCCCC2C2CCCCC2)CC1
C1CCC(C2CCCC(CC3CCC4CCCCC43)C2)CC1
C1CCC(CC2CCC(C3CCC(C4CCCCC4)CC3)CC2)CC1
C1CCC(CCCC2CCCC(C3CCC(CC4CCC5CCCCC5C4)CC3)C2)CC1
C1CCC(CCC2CCCC(C3CCCCC3)C2)CC1
C1CCC(CC2CCC(C3CCC(C4CCC(CC5CCCC5)CC4)CC3)CC2)CC1
C1CCC(C2CCCC2C2CCC(CC3CCC4CCCC4C3)CC2)CC1
C1CCC(C2CCCCC2)CC1
C1CCC(C2CCC(C3CCCCC3)CC2)CC1
C1CCC(CC2CCC3C(CC4CCCCC4)CC(C4CCCCC4)C3C2)CC1
C1CCC(CC2CCC(CC3CCCCC3)CC2)CC1
C1CCC(C(C2CCCCC2)C2CCCCC2)CC1
C1CCC(CC2CCC(CC3CC(C4CCCCC4)CC(C4CCCC4)C3)CC2)CC1
C1CCC(C2CCC(C3CCCCC3C3CCCC3)CC2)CC1
C1CCC(CC2CCCC(CC3CCC4CCCCC4C3C3CCC4CCCCC4C3)C2)CC1
C1CCC(CCC2CCC(C3CCCC(C4CCCCC4C4CCCCC4)C3)CC2)CC1
C1CCC(CCC2CCCC(C3CCC(CC4CC5CCCCC5C4)CC3)C2)CC1
C1CCC(CCC2CCC(C3CCCCC3)C(C3CCCCC3)C2)CC1
C1CCC(CC2CCC(CC3CCCCC3)CC2)CC1
C1CCC(CC2CCCCC2)CC1
C1CCC(CCCC2CC(C3CCC(C4CCCC(C5CCCC5)C4)CC3)C3CCCCC23)CC1
C1CCC(CC2CCCCC2)CC1
C(CCCC1CCC(CCCC2CCCCC2)CC1)CCC1CCCCC1
C1CCC(CCCC2CCC(C3CCCCC3)CC2)CC1
C1CCC(CC2CCCC(C3CC(C4CCCCC4)CC(C4CCCCC4)C3)C2)CC1
C1CC(CCC2CCCC(CC3CC(C4CCCC4)C4CCCCC34)C2)C1
C1CCC(C2CCC(CC3CCC(CCCC4CCC5CCCCC54)CC3)CC2)C1
C1CCC(C2CCCC(CCCC3CCCC(C4CCCCC4)C3)C2)CC1
C1CCC(C2CCC3CC(C4CCCCC4)CC3C2)CC1
C1CCC(C2CCCC(C3CCC4CCCC4C3)C2)CC1
C1CCC(CC2CCC(C3CCCC(CC4CCCCC4)C3)CC2)CC1
C1CCC(C2CCCC(C3CCC4CCCCC4C3)C2)CC1
C1CCC(C2CCC(C3CCCCC3)CC2)CC1
C1CCC(CCC2CCC(CCC3CCCCC3)CC2)CC1
C1CCC(CC2CCC(CC3CCCC(C4CCC5CCCCC54)C3)CC2)CC1
C1CCC(CCC2CCCCC2CC2CCC(C3CCCCC3)CC2CC2CCCC2)CC1
C1CCC(CC2CCC(CCC3CCCC(C4CCCCC4)C3)CC2)CC1
C1CCC(CC2CCCCC2)CC1
C1CCC(CC2CCCC(CC3CCC(C4CCCC(C5CCCC5)C4)CC3)C2)CC1
C1CCC(CC2CCCC(C3CCC(CC4CCCCC4C4CCC5C(CCCC5C5CCC6CCCC6C5)C4)CC3)C2)CC1
C1CCC(CC2CCCC(C3CCCCC3CC3CCCCC3)C2)CC1
C1CCC(CC2CCC(C3CCCCC3)CC2)CC1
C1CCC(CCC2CCCCC2CC2CCCCC2)CC1
C1CCC(CC2CCCC(C3CCCCC3)C2)CC1
C1CCC(CCCC2CCC(CC3CCCCC3)CC2)CC1
C1CCC(C2CCCC(C3CCCC3)C2)CC1
C1CCC(C2CCCC(C3CCCC(C4CCC(CCC5CCCC5)CC4)C3)C2)CC1
C1CCC(C2CCC(CCC3CCCC(C4CCCC4)C3)CC2)CC1
C1CCC(C2CCCC(CCCCC3CCC(C4CCCC4)CC3)C2)CC1
C1CCC(CC2CCC(CC3CCCCC3)CC2)CC1
C1CCC(CC2CCCC(CC3CCCC(C4CCCCC4)C3)C2)CC1
C1CCC(CC2CCCCC2CCC2CCC(CCCCC3CCCCC3C3CCCCC3)CC2)CC1
C1CCC(C2CCC(C3CC4CCC(C5CCCCC5)CC4C3)CC2)CC1
C1CCC(CCC2CCCC(CC3CCCCC3)C2)CC1
C1CCC(CC2CC(CC3CCCCC3)C3CCCCC23)CC1
C1CCC(CC2CCCC(C3CC3)C2)CC1
C1CCC(C2CCC(C3CCCC(CCCC4CC5CCCCC5C4)C3)CC2)CC1
C1CCC(C2CCCC(C3CCCCC3)C2)CC1
C1CCC(C2CCC3C(CCC4CCC(C5CCC6CCCC6C5)CC4)CCCC3C2)CC1
C1CCC(CCCC2CCCC(C3CCCC(C4CCCC4)C3)C2)CC1
C1CCC(CCCC2CCC(CCC3CCC4CCCCC43)CC2)CC1
C1CCC(C2CCC(C3CCC(CCC4CC4)C(C4CCCC4)C3)CC2)CC1
C1CCC(CCC2CCC(C3CCCCC3)C(C3CCCCC3)C2)CC1
C1CCC(CCC2CCCC(C3CCCCC3)C2)CC1
C1CCC(CCCCC2CCCC(CCC3CCCCC3)C2)CC1
C1CCC(C2CCCCC2C2CCC(CC3CCCC3)CC2)CC1
C1CCC(CC2CC(CC3CCCC(C4CCCCC4)C3)C3CCCCC23)CC1
C1CCC(CC2CCC(C3CCCCC3)CC2)CC1
C1CCC(CC2CC(CC3CCCC(C4CCC5CCCCC5C4)C3)C3CCCCC23)CC1
C1CCC(C2CCCCC2CC2CCCCC2C2CCCC2)CC1
C1CCC(C2CCCC(CCCC3CCCC3)C2)CC1
C1CCC(CCCC2CCCC(CC3CCCCC3)C2)CC1
C1CCC(CC2CCCC(CC3CCC(C4CCCCC4)CC3)C2)CC1
C1CCC(C2CCC(C3CCCC3)CC2)CC1
C1CCC(CC2CCC(CC3CCCCC3)CC2)CC1
C1CCC(CCCC2CC3CCCCC3C2)CC1
C1CCC(CC2CCCCC2)CC1
C1CCC(CCC2CC(CC3CCCCC3)C3CCCCC23)CC1
C1CCC(CCC2CCCC(CC3CCCC(C4CCC4)C3CCC3CCCCC3)C2)CC1
C1CCC(C2CCC(CC3CCC(C4CCC(C5CCCCC5)CC4)CC3)CC2)CC1
C1CCC(CCCCC2CCCC(C3CCCC(CC4CCCCC4)C3)C2)CC1
C1CCC(CC2CCCCC2C2CCCCC2)CC1
C1CCC(CCCC2CCCC(C3CCCC(CC4CCCCC4)C3)C2)CC1
C1CCC(C2CCC(C3CCCCC3)C(CCC3CCCC3)C2)CC1
C1CCC(CCCC2CCCC(C3CCCCC3)C2)CC1
C1CCC(CC2CCC(C3CCCCC3C3CCCCC3C3CCCCC3)CC2)CC1
C1CCC(C2CCCC(C3CCCCC3C3CCCCC3C3CCC4CCCC4C3)C2)CC1
C1CCC(CC2CCCC(C3CC(CC4CCCCC4)CC(C4CCC4)C3)C2)CC1
C1CCC(C2CCC(C3CCC(C4CCCCC4)CC3C3CCCC3)CC2)CC1
C1CCC(C2CCCC(CCCC3CCCC(C4CCC4)C3)C2)CC1
C1CCC(CC2CCC(C3CCC(CC4CCC(C5CCCCC5)CC4)CC3)CC2)CC1
C1CCC(CCC2CCCC(C3CCC(C4CCCC(C5CCC6CCCC6C5)C4)CC3)C2)CC1
C1CCC(C2CCC(CCCC3CCCC(C4CCCCC4)C3)CC2)CC1
C1CCC(C2CCC(C3CCCCC3)C(CC3CCCC(C4CCC5CCCCC54)C3)C2)CC1
C1CCC(CCCCC2CC3CCC(C4CCCCC4)CC3C(C3CCCCC3)C2)CC1
C1CCC(C2CCC(CCC3CCCC(CCC4CCC5CCCCC54)C3)CC2)CC1
C1CCC(CC2CCCCC2CC2CCC(C3CCCC(CC4CC5CCCCC5C4)C3)CC2)CC1
C1CCC(CCC2CCC(CC3CCC(CC4CCC5CCCCC54)CC3)CC2)CC1
C1CCC(CCCCC2C(CC3CCCCC3)CCC2C2CCCCC2)CC1
C1CCC(CC2CCCCC2C2CCC3CCCCC3C2)CC1
C1CCC(CC2CCC(C3CCC(C4CCC(C5CCCC5)CC4)CC3)CC2)CC1
C1CCC(CC2CCC(CCC3CCC(C4CCCCC4)CC3)CC2)CC1
C1CCC(CC2CCCC(C3CCCCC3)C2)CC1
C1CCC(CCC(C2CCCC(CC3CCCCC3)C2)C2CCC3CCCCC32)CC1
C1CCC(CCC2CCCC(CC3CCCC(CCC4CCCCC4)C3)C2)CC1
C1CCC(CC2CCC(C3CCCC(CC4CCC(CCC5CCC5)C4)C3)CC2)CC1
C1CCC(CCC2CCC(CCC3CCCC(CC4CCC(C5CCCC5)CC4)C3)CC2)CC1
C1CCC(CC2CCC(CC3CCCCC3)CC2)CC1
C1CCC(CC2CCC(C3CCCCC3)C(CCC3CCC(C4CCCC4)CC3)C2)CC1
C1CCC(CC2CCC(C3CCCC(C4CCCCC4C4CCCCC4)C3)CC2)CC1
C1CCC(CC2CCC(CC3CCCCC3)CC2)CC1
C1CCC(C2CCC(C3CC(CC4CCCC(C5CCCC5)C4)C4CCCCC43)CC2)CC1
C1CCC(CC2CCC(C3CCC(C4CCC5CCCCC5C4)CC3)CC2C2CC2)CC1
C1CCC(CC2CCCC(C3CCC(C4CCC(C5CCCCC5)CC4)CC3)C2)CC1
C1CCC(C2CCCC(C3CC(CC4CCC(C5CCC6CCCCC65)CC4)C4CCCCC43)C2)CC1
C1CCC(CCC2CCCCC2C2CCC3CCCC3C2)CC1
C1CCC(CC2CCCCC2C2CC(C3CCCCC3)C3CCCCC32)CC1
C1CCC(CC2CCC(C3CCCCC3CCC3CCC(C4CCCCC4)CC3)CC2)CC1
C1CCC(CCCCCC2CCC(CC3CCCC(C4CCCCC4)C3)CC2)CC1
C1CCC(CC2CCC(C3CCCC(CC4CC5CCCCC5C4)C3)CC2)CC1
C1CCC(CC2CC(C3CCCCC3)CC(C3CCCCC3)C2)CC1
C1CCC(C2CCCCC2C2CCCCC2)CC1
C1CCC(C2CCC(C3CCC(CC4CCC5CCCCC5C4)CC3)CC2)CC1
C1CCC(CC2CCC(CC3CCCCC3)CC2)CC1
C1CCC(C2CC(C3CCCCC3)C(C3CCC3)C(C3CCCCC3)C2)CC1
C1CCC(CC2CCC(CC3CCCCC3)CC2)CC1
C1CCC2CC(C3CCCCC3C3CCCC(C4CC5CCCCC5C4)C3)CCC2C1
C1CCC(CCCCC2CC3CCCCC3C2)CC1
C1CCC(CC(CC2CCCCC2)C2CCCCC2)CC1
C1CCC(CC2CC(C3CCCC(C4CCCCC4)C3)C3CCCCC23)CC1
C1CCC(CC2CCC(CCCC3CCCC(CC4CCCCC4)C3)CC2)CC1
C1CCC(CCCC2CCCCC2C2CCCCC2)CC1
C1CCC(CCC2CCCC(C3CCCC(CC4CCCCC4)C3)C2)CC1
C1CCC(CC2CCCC(C3CCCC(CCCCC4CCC(CCCC5CCCC5)CC4)C3)C2)CC1
C1CCC(CC2CCCCC2C2CCC(C3CCC(C4CCCCC4C4CCCCC4)C3)CC2C2CCCC2)CC1
C1CCC(CCC2CCC(CC3CCC(CCC4CCCC(C5CCCCC5)C4)CC3)CC2)CC1
C1CCC(CCCC2CCC(C3CCCC(C4CCCC4)C3)CC2)CC1
C1CCC(CC2CCCCC2)CC1
C1CCC(C2CCCCC2C2CCCCC2)CC1
C1CCC(C2CCC(CC3CCCC(C4CCCCC4)C3)CC2)CC1
C1CCC(C2CCCCC2C2CCCC(C3CCCCC3C3CCCCC3)C2)CC1
C1CCC(CC2CCCC(CC3CCC(C4CCCCC4)CC3)C2)CC1
C1CCC(CCCC2CCCC(CCC3CCC(CC4CCCCC4)CC3)C2)CC1
C1CCC(CC2CCC(CCCC3CCCC3C3CCCCC3)CC2)CC1
C1CCC(CC2CCCC(CCC3CCC(C4CCCCC4)CC3)C2)CC1
C1CCC(CC2CCCCC2)CC1
C1CCC(CC2CCC(C3CC(C4CCCCC4)CC(C4CCCC(C5CCCCC5)C4)C3)CC2)CC1
C1CCC(CC2CCC(C3CCCC(CC4CCCC4)C3)CC2)CC1
C1CCC(CCCC2CCC(C3CCCCC3)CC2)CC1
C1CCC(C2CCCCC2C2CCCC2)CC1
C1CCC(C2CCCC(C3CCC4C(CC5CCCC5)CC(C5CCCC5)C4C3)C2)CC1
C1CCC(CCC2CCCCC2)CC1
C1CCC(C2CCC(C3CCCCC3)C(C3CCCC3)C2)CC1
C1CCC(CC2CCC(C3CCCCC3)CC2)CC1
C1CC(CCC2CCC(CCC3CC4CCCCC4C3)CC2)CC(CC2CC3CCCCC3C2)C1
C1CCC(CC2CCCC(CC3CCC4CC(CCCC5CC5)CCC43)C2)CC1
C1CCC(C2CC(C3CCC4CCCCC43)CC3CCCCC32)CC1
C1CCC(CCC2CCC3CC(C4CCCCC4CC4CCCCC4)CCC23)CC1
C1CCC(CC2CCC(CCCC3CCC(C4CCCCC4)CC3)CC2)CC1
C1CCC(CCC2CCCC(C3CCCC(C4CCCC(CC5CCCCC5)C4)C3)C2)CC1
C1CCC(C2CCCCC2C2CCC(C3CCC(CC4CCC5CCCCC5C4)CC3)CC2)CC1
C1CCC(CC2CCCC(C3CCCCC3)C2)CC1
C1CCC(C2CCCC(C3CCCC(CCCC4CCC(CC5CC5)CC4)C3)C2)CC1
C1CCC(CCC2CCC(C3CCC(CC4CCCCC4)CC3)CC2)CC1
C1CCC(CC2CCCCC2CCC2CCCCC2C2CCCCC2)CC1
C1CCC(CC2CCC(CC3CCCCC3)CC2)CC1
C1CCC(C2CCC(C3CCCC(CC4CC5CCCCC5C4)C3)CC2)CC1
C1CCC(C2CCCC(CC3CC(CC4CCCC(C5CCCCC5)C4)C4CCCCC34)C2)CC1
C1CCC(CC2CCCC(CCC3CC(C4CCC(CC5CCCC5)CC4)C4CCCCC34)C2)CC1
C1CCC(C2CCC(C3CCCCC3C3CCC4CCCC4C3)CC2)C1
C1CCC(C2CCC(CCCCC3CC(C4CCCCC4)CC(C4CCCCC4)C3)CC2)CC1
C1CCC(CC2CCCC3CC(C4CCCCC4C4CCCC(C5CCCC5)C4)CCC23)CC1
C1CCC(CC2CCCC(C3CC(CC4CCCCC4)C4CCCCC43)C2)CC1
C1CCC(CC2CCC(CC3CC(CC4CCCCC4)C4CCCCC34)CC2)CC1
C1CCC(CC2CCCC(CC3CCCCC3)C2)CC1
C1CCC(C2CCC(C3CCCC(C4CCCC4)C3)CC2)CC1
C1CCC(CC2CCC(CC3CCC(C4CCC(C5CCC(C6CCCC6)CC5)C4)CC3)CC2)C1
C1CCC(CCCC2CCC3C(CC4CCCCC4)CCC3C2)CC1
C1CCC(C2CC(C3CCC4CCCCC43)CC(CC3CCCC3)C2C2CCCCC2)CC1
C1CCC(C2CCCCC2)CC1
C1CCC(C2CCC(C3CC(C4CCCCC4CCCC4CC5CCCCC5C4)C4CCCCC34)CC2)C1
C1CCC(C2CC(CC3CCC4CCCC4C3)C3CCC(C4CC4)CC32)CC1
C1CCC(CC2CCC(CCC3CCC(CCC4CCC(CC5CCCCC5)CC4)CC3)CC2)CC1
C1CCC(C2CCC(C3CCCCC3C3CCCCC3)CC2CC2CCC2)CC1
C1CCC(CC2CCCC(C3CCCCC3C3CCC(CC4CCCCC4)C3)C2)CC1
C1CCC(CC2CC(C3CCCCC3)CCC2C2CCCCC2)CC1
C1CCC(CC2CCC(CC3CCC(C4CCC(C5CCCCC5)CC4)CC3)CC2)CC1
C1CCC(C2CCC3CCC(C4CCCCC4)CC3C2)CC1
C1CCC(CC2CCC(C3CCCCC3)CC2)CC1
C1CCC(CC2CCC(CCCCC3CCC(CC4CCCCC4)CC3)CC2)CC1
C1CCC(C2CCCCC2C2CCCCC2)CC1
C1CCC(CCC2CCCC(CC3CCCC(CC4CC4)C3)C2)CC1
C1CCC(CCC2CCCC(C3CCCCC3C3CCCCC3)C2)CC1
C1CCC(CC2CCCC(C3CCC(CC4CC4)CC3)C2)CC1
C1CCC(C(C2CCCCC2)C2CCCCC2)CC1
C1CCC(C2CCCC(C3CCCCC3)C2)CC1
C1CCC(C2CCC(C3CCC(CCCCC4CCCC4)CC3)CC2)CC1
C1CCC(C2CCC(C3CCC(C4CCCC(C5CCC(C6CCCCC6)CC5)C4)CC3)CC2)CC1
C1CCC(CCCC2CCC(CC3CCCC3)CC2C2CCCCC2)CC1
C1CCC(C2CCCCC2C2CCCC2)CC1
C1CCC(C2CCCCC2C2CCCCC2)CC1
C1CCC(CC2CCC(C3CCCC(C4CCC5CCCCC5C4)C3)CC2)CC1
C1CCC(C2CCCC3CC(C4CCCCC4C4CCC(C5CCCC5)CC4)CCC32)CC1
C1CCC(C2CCCCC2C2CCC(C3CC3)CC2C2CCCCC2)CC1
C1CCC(C2CC(C3CCCC3)CC(C3CC3)C2C2CCC3CCCC3C2)CC1
C1CCC(CC2CCCC(C3CCCCC3)C2)CC1
C1CCC(CCC2CCC(CCC3CCCCC3C3CCCC3)CC2)C1
C1CCC(CCC2CCC(CCCCC3CCC(CC4CCCCC4)CC3)CC2)CC1
C1CCC(CCCCC2CCC(CC3CCCCC3)CC2)CC1
C1CCC(CCC2CC(C3CCC4CCCC(C5CCCCC5)C43)CC3CCCCC32)CC1
C1CCC(C2CCCC(C3CCCCC3)C2)CC1
C1CCC(C2CCCC(CCC3CCC(CC4CCC(C5CCCCC5C5CCCCC5)CC4)CC3)C2)CC1
C1CCC(CC2CCC(CC3CCCCC3C3CCCCC3)CC2)CC1
C1CCC(C2CCC(C3CCCCC3)CC2)CC1
C1CCC(CCCC2CCC(CCC3CCC(CC4CCCCC4)CC3)CC2)CC1
C1CCC(CC2CCCC(CCC3CCC(C4CCCCC4)CC3)C2)CC1
C1CCC(CC2CCC(C3CCCCC3)CC2)CC1
C1CCC(CC2CCCC(C3CCCCC3)C2)CC1
C1CCC(CC2CCCCC2C2CCCC(C3CCCCC3)C2)CC1
C1CCC(CC2CCC(C3CCC(C4CCC(C5CCCCC5)CC4)CC3)CC2)CC1
C1CCC(C2CC(CCCC3CCC(CC4CCCC4)CC3)C3CCCCC32)CC1
C1CCC(CCC2CCCC(CCC3CCCCC3)C2)CC1
C1CCC(C2CCC(CCC3CCCC(C4CCCC4)C3)CC2)CC1
C1CCC(CCC2CCC(CCC3CCCCC3)C(CCC3CCCCC3)C2)CC1
C1CCC(CCCC2CCC(C3CCCCC3)CC2)CC1
C1CCC(CC2CCC(C3CC(C4CCCCC4)C3)CC2)CC1
C1CCC(C2CCCC3CCC(C4CCC5CCCCC5C4)C32)CC1
C1CCC(CC2CCCC(C3CCCCC3CC3CC3)C2)CC1
C1CCC(C2CCC(CC3CCC(CC4CC5CCCCC5C4)CC3)CC2)CC1
C1CCC(CC2CC(CC3CCCCC3)C3CCCCC23)CC1
C1CCC(C2CC(C3CCC(C4CC5CCCCC5C4)CC3)C3CCCCC23)CC1
C1CCC(CC2CCC(CC3CCCC(C4CCCCC4)C3)CC2)CC1
C1CCC(CCCC2CCCC(CC3CCCCC3CC3CCCCC3)C2)CC1
C1CCC(CCC2CCCC(CC3CCCC(C4CC(CCC5CCCCC5)CC(C5CC5)C4)C3)C2)CC1
C1CCC(C2CCC(CCC3CC3)CC2C2CCCC2)CC1
C1CCC(CCCCC2CC(C3CCCCC3)CC(C3CCCCC3)C2)CC1
C1CCC(C2CCC(CC3CCC(C4CCCCC4)CC3C3CCCCC3)CC2)CC1
C1CCC(C2CCC(CCCC3CCCC(C4CCCCC4)C3)CC2)CC1
C1CCC(CC2CCCC(C3CCC(C4CCCCC4C4CCCCC4)CC3)C2)CC1
C1CCC(CC2CCCCC2CC2CCCC(C3CCCC(C4CCCCC4)C3)C2)CC1
C1CCC(CC2CCCC2)CC1
C1CCC(C2CCC3C(CCC3C3CCC4CCCC4C3)C2)CC1
C1CCC(CCCCC2CCCC(CC3CCC(CCC4CCCCC4)CC3)C2)CC1
C1CCC(CC2CCC(CCCC3CCCCC3C3CCCCC3)CC2)CC1
C1CCC(CC2CCC(CC3CCC(CC4CCCC4)CC3)CC2)CC1
C1CCC(CCCCCC2CCCCC2C2CCCC(CCC3CCCCC3)C2)CC1
C1CCC(C2CCC(C3CCCC(CCCC4CCCC4)C3)CC2CCC2CCC3CCCC3C2)CC1
C1CCC(CC2CCC(CCC3CCCC(CC4CCCCC4)C3)CC2)CC1
C1CCC(CC2CCCC2CCC2CCC(C3CCCC(C4CCCC4)C3)CC2)CC1
C1CCC(C2CCC(CCCCCC3CCCCC3C3CCCCC3)CC2)CC1
C1CCC(CCCC2CCCC(C3CCCCC3)C2)CC1
C1CCC(CC2CCCCC2CC2CC(CC3CCCCC3)C3CCCCC23)CC1
C1CCC(CCC2CCC(C3CCCCC3)CC2)CC1
C1CCC(CC2CCCCC2C2CCCCC2C2CCCCC2)CC1
C1CCC(CC2CCC(C3CCC(C4CCCCC4)CC3)C(C3CCCCC3)C2)CC1
C1CCC(CC2CCC(CC3CCC(C4CCCCC4C4CCCC4)CC3)CC2)CC1
C1CCC(CC2CCC(CCCC3CCCC(CC4CCCCC4)C3)CC2)CC1
C1CCC(CC2CCC3CC(C4CCC5CCCCC54)CCC3C2)CC1
C1CCC(CCC2CCCCC2)CC1
C1CCC(C2CCC(C3CCCCC3)CC2)CC1
C1CCC(C2CCC(C3CCCCC3)CC2)CC1
C1CC2CCC(C3CCCCC3C3CCC(CC4CC4)CC3)CC2C1
C1CCC(CC2CCC(CCC3CCC(C4CCCCC4)C3)CC2)CC1
C1CCC(C2CCCC3CCCCC32)CC1
C1CCC(CCC2CC(CCC3CCC4CCCC4C3)CC(C3CCCCC3)C2)CC1
C1CCC(CCCC2CCCC(C3CCCCC3)C2)CC1
C1CCC(C2CCC(CC3CCCCC3C3CCCCC3)C(C3CCCCC3)C2)CC1
C(CCCC1CCCC(CC2CCCCC2)C1)CCC1CCC(C2CCCCC2)CC1
C1CCC(CCCC2CCCC(C3CCCCC3)C2)CC1
C1CCC(CC2CC(C3CCC4CCCCC4C3)C3CCCCC23)CC1
C1CCC(CC2CCC(CC3CCCCC3C3CCC(C4CCCCC4)CC3)CC2)CC1
C1CCC(CC(C2CCCCC2)C2CCCC(C3CCCCC3)C2)CC1
C1CCC(C2CCCC(C3CCCCC3)C2)CC1
C1CCC(C2CCC3CCCCC3C2)CC1
C1CCC(CCC2CC(CC3CCCCC3)CCC2C2CCCCC2)CC1
C1CCC(CC2CCC(C(CC3CCCC3)CC3CCC4CCCCC43)CC2)CC1
C1CCC(CCCC2CCC(C3CCCCC3)C(C3CCCC3)C2)CC1
C1CC(CC2CCC(CC3CCC(CCC4CC5CCCCC5C4)CC3)CC2)CC(CC2CC2)C1
C1CCC(C2CCC(C3CC(CC4CCCC4)C4CCCCC43)CC2)CC1
C1CCC(C2CCCCC2C2CCCC2)CC1
C1CCC(CC2CCCC(C3CCCC(C4CCC5CCCC5C4)C3)C2)C1
C1CCC(CCC2CCCCC2)CC1
C1CCC(CC2CC(CC3CCCCC3)C3CC(C4CCCCC4)CCC23)CC1
C1CCC(C2CCCCC2C2CCCCC2)CC1
C1CCC(C2CCCC(C3CCCCC3)C2)CC1
C1CCC(CC2CCC(CCC3CCCC(CC4CCCCC4)C3)CC2)CC1
C1CCC(CC2CCCC(C3CCC(C4CCCC4)CC3)C2)CC1
C1CCC(CC2CCC(C3CCCCC3)CC2)CC1
C1CCC(CCCC2CCCC(C3CCCC(CCC4CCCCC4)C3)C2)CC1
C1CCC(C2CCCC(CC3CCCCC3C3CCCCC3)C2)CC1
C1CCC(C2CCC(CC3CCC(CC4CCCCC4C4CCCCC4)CC3)CC2)CC1
C1CCC(C2CCC(CCCCC3CCCC(C4CCC(C5CCC5)CC4)C3)CC2)CC1
C1CCC(CCC2CCCC(C3CCCCC3)C2)CC1
C1CCC(C2CCC(C3CCCCC3C3CCCCC3)CC2)CC1
C1CCC(CC2CCC(CC3CCCCC3)CC2)CC1
C1CCC(CCC2CCC(CC3CCCCC3)CC2)CC1
C1CCC(CC2CCC(CC3CCC(C4CCCCC4)CC3)CC2)CC1
C1CCC(CC2CCCCC2CC2CCCC(C3CCCCC3)C2)CC1
C1CCC(CC2CCC(CC3CCC(C4CCCC(C5CC5)C4)CC3)CC2)CC1
C1CCC(CC2CCC3C(CC4CCCCC4)CC(C4CCCCC4)C3C2)CC1
C1CCC(CCCCCC2CCCC(C3CCC(C4CCC(CC5CCCC5)CC4)CC3)C2)CC1
C1CCC(C2CCC(CCCC3CCCC3)C(C3CCCC3)C2)CC1
C1CCC(CC2CCCC(C3CC(CC4CCCCC4)C4CCCCC43)C2)CC1
C1CCC(CCCC2CC(CCC3CCCCC3)CC(C3CCCCC3)C2)CC1
C1CCC(C2CCCC(CCC3CCC4CCC(C5CCC6CCCC6C5)CC4C3)C2)CC1
C1CCC(CC2CCCCC2C2CCCCC2)CC1
C1CCC(C2CCC(C3CCC(CCCC4CCC(C5CCCC5)CC4)CC3)CC2)CC1
C1CCC(C2CCC(CCC3CCC(CC4CCC(CC5CC5)CC4)CC3)CC2)CC1
C1CCC(CC2CCC3CC(C4CCCC(C5CCCCC5)C4)CCC3C2)CC1
C1CCC(CC2CC(C3CCC4CC(C5CCC6CCCCC65)CC(C5CCCCC5)C4C3)C2)CC1
C1CCC(CCCC2CCCC(C3CCCC(CC4CCC(CC5CCCCC5)CC4)C3)C2)CC1
C1CCC(CCCC2CCC(C3CCCCC3C3CCCC3)CC2)CC1
C1CCC(CC2CCC(CC3CCCC(C4CCC(C5CCC5)CC4)C3)CC2)CC1
C1CCC(CCC2CCC(C3CCCCC3)CC2)CC1
C1CCC(CC2CCCC(C3CCCCC3)C2)CC1
C1CCC(CC2CCC(C3CCCCC3)CC2)CC1
C1CCC(CCCCC2CCCCC2)CC1
C1CCC(C2CCC(CC3CCC(CC4CCCC(C5CCCCC5)C4)CC3)CC2)CC1
C1CCC(CC2CCCC2C2CCC(CCC3CCCC(CC4CC4)C3)CC2)CC1
C1CCC(CC2CCCC(CC3CCCC(C(C4CCCCC4)C4CCC4)C3)C2)CC1
C1CCC(CC2CCCCC2C2CCC(C3CCC4CCCCC43)C2)CC1
C1CCC(CCCC2CCC(C3CCC(C4CCCCC4)CC3)CC2)CC1
C1CCC(CC2CCCC(C3CCC(C4CCC(C5CCCCC5)CC4)CC3)C2)CC1
C1CCC(CCCC2CCC3CC(C4CCCCC4)CCC3C2)CC1
C1CCC(CCC2CCCC(CC3CCC4CCCC4C3)C2)CC1
C1CCC(CCC2CCC(C3CCC(C4CCC5CCCCC5C4)CC3)CC2)CC1
C1CCC(CC2CCCC(C3CCCCC3)C2)CC1
C1CCC(CC2CCCC(C3CCCCC3)C2)CC1
C1CCC(CC2CCC(CC3CCCC(C4CCCC(C5CCCCC5)C4)C3)CC2)CC1
C1CCC(CC2CCCC(C3CCCC(C4CCCC4)C3)C2)CC1
C1CCC(CCCC2CCC(CC3CCCC(C4CCCCC4)C3)CC2)CC1
C1CCC2CC(C3CCCCC3C3CCCC(C4CCC5CCCC5C4)C3)CCC2C1
C1CCC(CC2CCCC(C3CCCCC3C3CCC4CCCCC43)C2)CC1
C1CCC(C2CCCC(C3CCCCC3)C2)CC1
C1CCC(C2CCC(CCC3CCCCC3C3CCCC3)C(C3CCCCC3)C2)CC1
C1CCC(CC2CC(C3CCCCC3)CCC2C2CCCC2)CC1
C1CCC(C2CCCCC2C2CCCCC2C2CCCC2)CC1
C1CCC(CCC2CCC(CC3CCC(C4CCC(C5CCCCC5)CC4)CC3)CC2)CC1
C1CCC(CC2CC(CC3CCCCC3)CC(C3CCCCC3)C2)CC1
C1CCC(CC2CCC(C3CCC4CCCC4C3)CC2)CC1
C1CCC(C2CCC(CCCC3CCC(CC4CCC(C5CCC5)CC4)CC3)CC2)CC1
C1CCC(C2CCC(CC3CCCC(C4CCCCC4)C3)CC2)CC1
C1CCC(CCC2CCC(CC3CCC(CCCCC4CCCC4)CC3)CC2)CC1
C1CCC(C2CCC(C3CC(C4CCC(C5CCCCC5)CC4)C4CCCCC34)CC2)CC1
C1CCC(CC2CCC(CCC3CCCCC3C3CCC(C4CCCCC4)CC3)CC2)CC1
C1CC2CCC(CCC3CCC(C4CCCC5CCCCC54)CC3)CC2C1
C1CCC(CC2CCC(C3CC(C4CC4)C4CCCCC34)CC2)CC1
C1CCC(CCC2CCCC(CC3CCCCC3)C2)CC1
C1CCC(CC2CC(CCC3CCCC(C4CCCCC4)C3)C3CCCCC23)CC1
C1CCC(CC2CCCC(CCC3CCC(C4CCCCC4)CC3)C2)CC1
C1CCC(C2CCC(CC3CCC(C4CCC5CCCCC5C4)CC3)CC2)CC1
C1CCC(C2CCCCC2C2CCCCC2C2CCCC2)CC1
C1CCC(CC2CC(C3CCC(CC4CCCC4)CC3)C3CCCCC23)CC1
C1CCC(C2CCC3C(CC4CCCC4)CC(C4CCCC5CCCCC54)C3C2)CC1
C1CCC(CC2CCC(CCC3CCC(CC4CCCC4)CC3)CC2)CC1
C1CCC(CCC2CCC(CC3CCCCC3)CC2)CC1
C1CCC(CC2CCCC(C3CCCC(CCCC4CCC(C5CCCCC5)CC4)C3)C2)CC1
C1CCC(CCC2CCC(C3CCC4CCCC4C3)CC2)CC1
C1CCC(CC2CCCCC2C2CCCCC2C2CCCCC2)CC1
C1CCC(CCCCC2CCCCC2C2CCCCC2)CC1
C1CCC(CCCC2CCCC(C3CCCC(C4CCC5CCCC5C4)C3)C2)CC1
C1CCC(CC2CCCC(CC3CCCC3)C2)CC1
C1CCC(CC2CCCCC2C2CCCCC2C2CCCCC2)CC1
C1CCC(C2CCCC(C3CCCC(C4CCC(CC5CCCC5)CC4)C3)C2)CC1
C(CCCC1CCCC(C2CCCC(C3CCCCC3)C2)C1)CCC1CCCCC1
C1CCC(C2CCC(CC3CCC(C4CCCCC4)CC3)CC2)CC1
C1CCC(CC2CCCC(C3CCCC4CC(C5CCCCC5)CCC43)C2)CC1
C1CCC(CCC2CCC(CC3CCCCC3)CC2)CC1
C1CCC(C2CCCC(CCC3CCC4CCCCC43)C2)CC1
C1CCC(CCC2CCCCC2C2CCCCC2)CC1
C1CCC(CC2CCC(C3CCCC(CC4CCC5CCCCC54)C3)CC2)C1
C1CCC(CC2CCC(CC3CCCCC3)CC2)CC1
C1CCC(CCCCC2CCCCC2CC2CCCCC2)CC1
C1CCC(CC2CCC(C3CCCCC3C3CCC4CCCCC43)CC2)CC1
C1CCC(C2CCCC(CC3CC(CC4CCCC(C5CCC5)C4)C4CCCCC34)C2)CC1
C1CCC(CCC2CCCC(C3CCCCC3)C2)CC1
C1CCC(CC2CCCC(CC3CCC(C4CCCCC4)CC3)C2)CC1
C1CCC(C2CCC(C3CCCC(C4CCCC4)C3)CC2C2CCCCC2)CC1
C1CCC(C2CCC(C3CCCCC3)CC2)CC1
C1CCC(CCCC2CCC(C3CCCC(CC4CC5CCCCC54)C3)CC2)CC1
C1CCC(CC2CCCC(CC3CCC(C4CCCC4)CC3C3CCCCC3)C2)CC1
C1CCC(CC2CCCC(CC3CCCCC3)C2)CC1
C1CCC(CC2CCC(C3CCCC(C4CCCCC4)C3)CC2)CC1
C1CCC(CC2CCC(C3CCCCC3)CC2)CC1
C1CCC(CC2CCC(CC3CCCCC3)C2)CC1
C1CCC(CC2CCC(CC3CCCC(CC4CCC(C5CCCC(C6CCCCC6)C5)CC4)C3)CC2)CC1
C1CCC(CC2CCC(CC3CCCCC3)CC2)CC1
C1CCC(C2CCCC(CC3CC4CCCCC4C3)C2)CC1
C1CCC(C2CCCCC2C2CCCCC2C2CCCC(CC3CC4CCCCC4C3)C2)CC1
C1CCC(CC2CCC(C3CCCCC3)CC2C2CCCC2)CC1
C1CCC(C2CC(CC3CC(C4CCCCC4)C4CCCCC34)C3CCCCC32)CC1
C1CCC(CC2CCC(CCC3CC4CCCCC4C3)C(C3CCCCC3)C2)CC1
C1CCC(CCCCCC2CC(C3CCCCC3)C3CCCCC23)CC1
C1CCC(C2CCC(C3CCCC3)CC2C2CCCCC2)CC1
C1CCC(C2CCC(C3CCCC(C4CCCC(C5CCCCC5)C4)C3)CC2)CC1
C1CCC(CC2CCCC(CC3CCCCC3C3CCC(C4CCCCC4)CC3)C2)CC1
C1CCC(CC2CCCC(CCCC3CCCCC3CC3CCCCC3)C2)CC1
C1CCC(CC2CCC(C3CCCC(C4CCCC4)C3)CC2)CC1
C1CCC(CCCC2CC(CC3CCC4CCCC4C3)CC(C3CCC4CCCCC4C3)C2)CC1
C1CCC(CC2CCCCC2CC2CCCCC2)CC1
C1CCC(CC2CCC(CC3CC(C4CCCCC4CC4CCCCC4)C4CCCCC34)CC2)CC1
C1CCC(CCC2CCC(C3CCC(C4CCC(CC5CCCCC5)CC4)CC3)CC2)CC1
C1CCC(CCC2CCCC(C3CCCC(C4CCCCC4)C3)C2)CC1
C1CCC(C2CCC(C3CCCCC3)C(CC3CC3)C2)CC1
C1CCC(C2CCCC(CC3CCC(CCC4CCC5CCCC5C4)CC3)C2)CC1
C1CCC(CCCCC2CCC(CC3CCCCC3)CC2)CC1
C1CCC2CC(CC3CCC(CCC4CCC(CCC5CCC6C(CCC6C6CCCC6)C5)CC4)CC3)CC2C1
C1CCC(CCC2CCC(C3CCCCC3)CC2)CC1
C1CCC(CCC2CCCC(CC3CCCCC3C3CCCCC3)C2)CC1
C1CCC(CC(C2CCCCC2)C2CCCC(CC3CCC(CC4CCC4)CC3)C2)CC1
C1CCC(CCCCC2CCC(C3CCC4CCCCC4C3)C(CC3CCCC3)C2)CC1
C1CCC(C2CCCCC2CC2CCC(C3CCC4CCCCC4C3)CC2)CC1
C1CCC(CC2CC(C3CCCCC3C3CCCC3)CCC2C2CCC(C3CCCC3)CC2)CC1
C1CCC(C2CCC(CCC3CCCCC3CCC3CC3)CC2)CC1
C1CCC(CC2CCC(C3CCC(C4CCCC(CC5CCCCC5)C4)CC3)CC2)CC1
C1CCC(C2CCC(CC3CC(C4CCC5CCCCC54)CC4CCCCC43)CC2)CC1
C1CCC(CC2CCC(CC3CCC(CC4CCCCC4)CC3)CC2)CC1
C1CCC(CC2CCC(C3CCC(C4CCCCC4C4CCCCC4)CC3)CC2)CC1
C1CCC(CC2CCC(C3C(CC4CCCCC4)CC(C4CCCCC4)C4CCCC43)C(C3CCCCC3)C2)CC1
C1CCC(CC2CCCC(CC3CCCC(C4CCCCC4)C3)C2)CC1
C1CCC(CC2CCC(CC3CCCC(CC4CCCCC4)C3)CC2)CC1
C1CCC(CC2CCC(C3CCCCC3)CC2)CC1
C1CCC(CC2CCC(C3CCCC(CCCC4CCC5CCCCC54)C3)CC2)CC1
C1CCC(C2CCC(C3CC(C4CCC5CCCCC54)CC4CCCCC43)C2)C1
C1CCC(CCCC2CCCC(C3CCC(CC4CCCCC4)CC3)C2)CC1
C1CCC(CCC2CCC3CC(C4CCC5CCCCC54)CCC3C2)CC1
C1CCC(C2CCC(CC3CCCC(C4CCCCC4)C3)CC2)CC1
C1CCC(CC2CCC(C3CCC4CCCCC43)CC2)CC1
C1CCC(CCCC2CC(C3CCCCC3)CC(C3CCCCC3)C2)CC1
C1CCC(CC2CCC(C3CCCCC3C3CCCCC3)CC2)CC1
C1CCC(C2CCCCC2)CC1
C1CCC(C2CCCC(CCC3CCCC(C4CCC5CCCCC54)C3)C2)C1
C1CCC(CC2CCCC(C3CC(CC4CCCCC4)C4CCCCC43)C2)CC1
C1CCC(CC2CCC(CCC3CCC(C4CCCC(C5CCCCC5)C4)CC3)CC2)CC1
C1CCC(CCC2CCC(C3CCC(CC4CCCCC4)CC3)CC2)CC1
C1CCC(CC2CCCC(CCCCC3CCC(C4CCCCC4)CC3)C2)CC1
C1CCC(C2CCCC(C3CCC(CCC4CCC5CCCCC5C4)CC3)C2)CC1
C1CCC(CC2CCC(C3CCCCC3)CC2)CC1
C1CCC(CC2CC(CC3CCC(CCC4CC4)CC3)CC(C3CCCCC3)C2)CC1
C1CCC(C2CC(CCCC3CCCC4CCCCC43)C3CCCCC32)CC1
C1CCC(CCC2CCCC(C3CCC(C4CCCCC4)CC3)C2)CC1
C1CCC(C2CCC(CCCC3CCCC(C4CCCCC4)C3)CC2)CC1
C1CCC(CCCC2CCCC(CC3CCCCC3)C2)CC1
C1CCC(C2CCCCC2)CC1
C1CCC(CCCC2CCC(CC3CCCCC3)C(C3CCCC3)C2)CC1
C1CCC(CCC2CCCC(CC3CCCCC3C3CCCCC3)C2)CC1
C1CCC(CC2CCC(C3CCCC(CC(CC4CCCCC4)C4CCCC4)C3)CC2)CC1
C1CCC(CC2CC(CC3CCC(C4CCCCC4)CC3)C3CC(C4CCCC4)CCC23)CC1
C1CCC(CC2CCCCC2C2CCCCC2C2CCCCC2)CC1
C(CCCC1CCC(C2CC3CCCCC3C2)CC1)CCC1CCCCC1
C1CCC(CCC2CCCC(CC3CCC(C4CCCCC4)CC3)C2)CC1
C1CCC(CCC2CC(C3CC3)CCC2CC2CCCC(CC3CCCC3)C2)CC1
C1CCC(C2CCCC(C3CCC(CC4CCCC4)CC3)C2)CC1
C1CCC(C2CCCC(C3CCCC(C4CC4)C3)C2)CC1
C1CCC(CCC2CCC(CC3CCCCC3)CC2CCC2CCCCC2)CC1
C(CCC1CCC(C2CC2)CC1)CC1CCC(C2CCCC2)CC1
C1CCC(C2CCC(CC3CCCC(CCC4CCC(C5CCC5)CC4)C3)CC2)CC1
C1CCC(CC2CCCCC2C2CCC3CCCC3C2)CC1
C1CCC(CC2CCCC(CC3CC(C4CCCCC4)CC4CCCCC43)C2)CC1
C1CCC(CC2CCCCC2C2CCCCC2)CC1
C1CCC(C2CCCCC2)CC1
C1CCC(CC2CCC(CC3CCC(C4CCCC(C5CCCCC5)C4)CC3)CC2)CC1
C1CCC(C2CCC(C3CCCCC3)C(C3CCCC3)C2)CC1
C1CCC(C2CCC(CC3CCC(C4CCCCC4C4CCC5CCCCC5C4)CC3)CC2)C1
C1CCC(CCC2CC(C3CCCCC3)CC(C3CCCCC3)C2)CC1
C1CCC(CC2CCC(CC3CC3)C(CCCCC3CCC4C(CC5CCCCC5)CCC4C3)C2)CC1
C1CCC(CC2CCC3CCC(C4CCCCC4)C3C2)CC1
C1CCC(CC2CCCC(C3CCCC(C4CCCCC4)C3)C2)CC1
C1CCC(CC2CCC(CCCC3CCC(C4CCCCC4)CC3)CC2)CC1
C1CCC(C2CCCC(CC3CC(CC4CCC5CCCCC5C4)C4CCCCC34)C2)CC1
C1CCC(CCC2CCCCC2)CC1
C1CCC(C2CCC(C3CCCCC3C3CCCC3)CC2)CC1
C1CCC(CCCCC2CCCC(CCC3CCCCC3)C2)CC1
C1CCC(CC2CCC(CC3CC4CCCCC4C3)C(C3CC4CCCCC4C3)C2)CC1
C1CCC(C2CCCC(C3CCCCC3)C2)CC1
C1CCC(CC2CCCCC2)CC1
C1CCC(C2CCCC(CCC3CCCCC3C3CCC4CCCC4C3)C2)CC1
C1CCC(CC2CCC(C3CCCCC3)CC2)CC1
C1CCC(CCCCCC2CCC3CCC(C4CCCCC4)C3C2)CC1
C1CCC(CC2CCC(C3CC(CC4CCCCC4)CCC3C3CCCC3)CC2)CC1
C1CCC(C2CCC(C3CCCC(CC4CCC5CCCCC54)C3)CC2)CC1
C1CCC(CCC2CCC(CCC3CCCCC3)C(C3CCCCC3)C2)CC1
C1CCC(CCC2CCCC(CC3CCCC3CCC3CCCCC3)C2)CC1
C1CCC(C2CCCC(CC3CCCC(CCCCC4CC5CCCCC5C4)C3)C2)CC1
C1CCC(CC2CCC(CCC3CC4CCCCC4C3)CC2)CC1
C1CCC(CCC(CC2CCC3C(CCC4CCCCC4)CCCC3C2)C2CCCCC2)CC1
C1CCC(C2CCC(C3CCCCC3)CC2)CC1
C1CCC(CC2CCCC(CC3CCC(CCC4CCCC(CC5CCC5)C4)CC3)C2)CC1
C1CCC(CCC2CCC(CC3CCCCC3)CC2)CC1
C1CCC(CCC2CCCC(C3CC(CC4CCCCC4)CC(C4CCCCC4)C3)C2)CC1
C1CCC(CC2CCC(C3CCC(CC4CCCCC4)CC3)CC2)CC1
C1CCC(CC2CCCC(C3CCCC(C4CCC5CCCC5C4)C3)C2)CC1
C1CCC(CCCC2CCCC(C3CCCC3C3CCCCC3)C2)CC1
C1CCC(CC2CCCC(C3CCCCC3)C2C2CCCCC2)CC1
C1CCC(CC2CCC3CC(C4CCCCC4)CCC23)CC1
C1CCC(CCCC2CC(C3CCCCC3)CC(C3CC3)C2)CC1
C1CCC(C2CCC(CC3CCC(CC4CCC(CC5CCC5)CC4)CC3)CC2)CC1
C1CCC(C2CCC(C3CCCC(C4CCCCC4)C3)CC2)CC1
C1CCC(CC2CCC(C3CCCCC3C3CCCCC3)C2)CC1
C1CCC(CC2CCC(CCCC3CCCC(C4CC4)C3)CC2)CC1
C1CCC(CCC2CCCC(C3CCCC(CC4CCCCC4)C3)C2)CC1
C1CCC(C2CCCC(CC3CCC(CC4CCC(CCCCC5CC5)CC4)CC3)C2)CC1
C1CCC(C2CCC(CC3CCC(CC4CCCC(C5CCC6CCCC6C5)C4)CC3)C2)CC1
C1CCC(C2CCC(CC3C(C4CCCCC4)CC(CCC4CCCC4)CC3C3CCCCC3)CC2)CC1
C1CCC(C2CCC(C(C3CCCCC3)C3CC3)CC2)CC1
C1CCC(C2CCCCC2C2CCCC(CC3CC4CCCCC4C3)C2)CC1
C1CCC(C2CCC(C3CCCCC3)CC2)CC1
C1CCC(CCCCC2CCC(C3CCCC(C4CC5CCCCC5C4)C3)CC2)CC1
C1CCC(CCCC2CCCC(C3CCCCC3)C2)CC1
C1CCC(CC2CCC(C3CCCCC3)C(CC3CCCCC3)C2)CC1
C1CCC(C2CCC(CC3CCCC(CC4CC4)C3)CC2)CC1
C1CCC(CC2CCC(C3CCCCC3C3CCC4CCCC4C3)CC2)CC1
C1CCC(C2CCC(C3CCCCC3CCC3CC3)CC2)CC1
C1CCC(CCC2CCCC(C3CCCC(CC4CCCCC4)C3)C2)CC1
C1CCC(C2CCC(CCC3CCC(C4CC4)CC3)CC2)CC1
C1CCC(CCCC2CCC(CC3CCCCC3)CC2)CC1
C1CCC(CCC2CCC(C3CCCCC3)C(C3CCCCC3)C2)CC1
C1CCC(CCC2CCCC3CC(C4CCCCC4C4CCCCC4)CCC23)CC1
C1CCC(C2CCC(C3CCC(C4CCCCC4)CC3C3CCCC(C4CCC5CCCCC54)C3)CC2)CC1
C1CCC(CCC2CCC(C3CCCCC3)CC2)CC1
C1CCC(CCC2CCC(C3CCCCC3)C(C3CCC4CCCC4C3)C2)CC1
C1CCC(CCCCC2CCC(CCC3CCCCC3)CC2)CC1
C1CCC(C2CCCC(CC3CCC(CCC4CCC5CCCC5C4)CC3)C2)CC1
C1CCC(CCCC2CCC(CC3CCC(CC4CC5CCCCC5C4)CC3)CC2)CC1
C1CCC(CC2CCCCC2CCC2CCC(C3CCCCC3)CC2)CC1
C1CCC(CC2CCC(C3CCCCC3)C(CC3CCCCC3)C2)CC1
C1CCC(C2CCC(CCCC3CCC4CCCC4C3)CC2)CC1
C1CCC(CCCCC2CC(C3CCCCC3)CCC2C2CCCCC2)CC1
C1CCC(CC2CCC(CC3CCCC(C4CCCCC4)C3)CC2)CC1
C1CCC(CCC2CCCCC2C2CCCCC2CCC2CCCC2)CC1
C1CCC(C2CCC(CCC3CCC(C4CC4)CC3C3CCCCC3)CC2)CC1
C1CCC(C2CCC(C3CCC(C4CCC5CCCCC5C4)CC3)CC2)CC1
C1CCC(C2CCCC(C3CCCCC3)C2)CC1
C1CCC(CC2CCC(CCC3CCCC3C3CCCCC3)CC2)CC1
C1CCC(CC2CCC(C3CCCCC3)CC2)CC1
C1CCC(C2CCCC(C3CCCCC3)C2)CC1
C1CCC(CC2CCC(C3CCCCC3)CC2)CC1
C1CCC(C2CCCC(C3CCC(C4CCCCC4C4CCCCC4)CC3)C2)CC1
C1CCC(C2CCC(C3CCCCC3)C(C3CCCCC3)C2)CC1
C1CCC(CCC2CCCC(CC3CCC4CCCC4C3)C2)CC1
C1CCC(C2CCC(C3CCCCC3)CC2)CC1
C1CCC(CC2CCC(CC3CCCCC3)CC2)CC1
C1CCC(CC2CC(CC3CCCC(C4CCCCC4)C3)C3CCC(C4CCC5CCCCC54)CC23)CC1
C1CCC(CCCC2CCC(CCCCC3CCCC3)CC2)CC1
C1CCC(CCC2CCC(CC3CCCC(C4CCCCC4)C3)CC2)CC1
C1CCC(CCC2CCCC(C3CCCCC3)C2)CC1
C1CCC(C2CCC3C(CCCC3C3CCCCC3)C2)CC1
C1CCC(CCC2CCC(CCCCC3CCC(C4CCCCC4)CC3)CC2)CC1
C1CCC(CC2CCC3CC(C4CCC5CCCCC54)CCC3C2)CC1
C1CCC(CCC2CCC(CC3CCC(CCCC4CCC5CCCC5C4)CC3)CC2)CC1
C1CCC(CC2CC3CCC(C4CCCCC4)CC3C(C3CCCCC3)C2)CC1
C1CCC(CCCC2CCC(CC3CCCCC3)CC2)CC1
C1CCC(C2CCCC(C3CCCCC3CC3CCCCC3CC3CC4CCCCC4C3)C2)C1
C1CCC(CCCCC2CCC(CC3CCCCC3)CC2)CC1
C1CCC(CC2CCC(CCC3CC4CCCCC4C3)CC2)CC1
C1CCC(C2CCCC3CC(C4CCCCC4C4CCCC4C4CCCCC4)CCC32)CC1
C1CCC(CC2CCCC(C3CCCCC3)C2)CC1
C1CCC(CC(C2CCCCC2)C2CCC(C3CCCC4CCCCC43)CC2)CC1
C1CCC(C2CCC2)CC1
C1CCC(C2CCC(CCCC3CC(C4CCCCC4)CC(C4CCCCC4)C3)CC2)CC1
C1CCC(C2CCCC(CC3CCCC(C4CCC5CCCC5C4)C3)C2)CC1
C1CCC2CC(C3CCC4CCCCC43)CCC2C1
C1CCC(C2CCC(C3CCCC3)CC2C2CCC3CCCC3C2)CC1
C1CCC(C2CCCC(C3CCCC(C4CCC5CCCCC5C4)C3)C2)CC1
C1CCC(CCC2CCCC(C3CCC(C4CCCC(C5CCCC5C5CCCC5)C4)CC3)C2)CC1
C1CCC(CCCC2CCCC(CC3CCCCC3C3CCCCC3)C2)CC1
C1CCC(CC2CCCC(CC3CCCC(C4CC(C5CCCCC5)C4)C3)C2)CC1
C1CCC(CC2CCCC(CCC3CCC(C4CCCCC4)CC3)C2)CC1
C1CCC(CC2CCC(CC3CC4CCCCC4C3)CC2)C1
C1CCC(CCCCC2CCC(C3CCCCC3)CC2)CC1
C1CCC(C2CCCC(C3CCCCC3)C2)CC1
C1CCC(C2CCCC(C3CCCCC3)C2)CC1
C1CCC(C2CC(C3CCCCC3)C3CCCCC23)CC1
C1CCC(CCC2CCCC3CC(CC4CCC5CCCCC5C4)CCC23)CC1
C(CCCC1CCCCC1C1CCC(CC2CCCCC2)CC1)CCC1CCCCC1
C1CCC(CCCC2CC(C3CCCCC3)CC(C3CCCC(C4CCCCC4)C3)C2)CC1
C1CCC(C2CCC(CC3CCC(C4CCCCC4)CC3)CC2)CC1
C1CCC(CC2CCCC(C3CCCC(CC4CCCC4)C3)C2)CC1
C1CCC(CC2CCC(CCCCC3CCCC(CC4CCCCC4C4CCCC4)C3)CC2)CC1
C1CCC(CC2CCC(C3CCCCC3)CC2)CC1
C1CCC(CCCC2CCC(CC3CC(CC4CCCCC4)CC(C4CCCCC4)C3)CC2)CC1
C1CCC(CC2CC(C3CCCCC3)CC(C3CCC4CCCCC43)C2)CC1
C1CCC(C2CC(CCC3CCC(CC4CCCC4)CC3)CC3CCCCC32)CC1
C1CCC(CCC2CC(C3CCCCC3)CCC2CC2CC3CCCCC3C2)CC1
C1CCC(C2CCC(CC3CCCC(CC4CCCC4)C3)CC2)CC1
C1CCC(C2CCCC(C3CCCCC3C3CCCC3)C2)CC1
C1CCC(CC2CCC3C(C4CCCC(C5CCCCC5)C4)CC(C4CCCCC4)C3C2)CC1
C1CCC(CCC(CC2CCC(CC3CCCCC3)CC2)CC2CC3CCCCC3C2)CC1
C1CCC(CCC2CCC(C3CCCC(C4CCC5CCCC5C4)C3)CC2)CC1
C1CCC(C2CCC(C3CCCC(C4CCCC(C5CCCCC5)C4)C3)CC2)CC1
C1CCC(CC2CCC(C3CCC(C4CCCC4)CC3)CC2)CC1
C1CCC(CC2CCC(CC3CCCC4CCCCC43)CC2C2CCCC2)CC1
C1CCC(CC2CCCC(C3CCCCC3)C2)CC1
C1CCC(CC2CCC(CCC3CCC(C4CCCC(CCC5CCC6CCCC6C5)C4)CC3)CC2)CC1
C1CCC(C2CCC(CCC(C3CCCCC3)C3CCCC(C4CCCCC4)C3)CC2)CC1
C1CCC(C2CCC(CCC3CCC4C(CCC4C4CCCC4)C3)CC2C2CCCC2)CC1
C1CCC(CCCC2CCCCC2)CC1
C1CCC(CC2CCC(C3CC(C4CCC5CCCCC54)CC4CCCCC43)CC2)CC1
C1CCC(CCC2CCCCC2C2CCCC(C3CCCCC3)C2)CC1
C1CCC(CCC2CC(CC3CCCCC3)CC(C3CCCCC3)C2)CC1
C1CCC(CCCCC2CCCCC2CC2CCC(CC3CC4CCCCC4C3)CC2)CC1
C1CCC(CCC2CCCC(CCCCCC3CCC(C4CCCCC4)CC3)C2)CC1
C1CCC(CCC2CC(CC3CCCCC3)CC(C3CCCCC3)C2CC2CCCCC2)CC1
C1CCC(CC2CCCC(C3CC4CCCCC4C(C4CCCCC4)C3)C2)CC1
C1CCC(CC2CCC(CC3CCCCC3)CC2)CC1
C1CCC(CC2CCCC(C3CCCCC3)C2)CC1
C1CCC(CC2CCC(C3CCCC(C4CCC(C5CCCCC5)CC4)C3)CC2)CC1
C1CCC(C2CCC(C3CCCCC3C3CCC(CC4CCCC4)CC3)CC2)CC1
C1CCC(C2CCCCC2C2CCCCC2)CC1
C1CCC(CC2CCCC(C3CCCCC3)C2)CC1
C1CCC(CC2CCC(C3CCC(C4CCCCC4)CC3)CC2)CC1
C1CCC(CC2CCC(C3CCCCC3)CC2CC2CCCCC2)CC1
C1CCC(CC2CCCC(C3CCCCC3)C2)CC1
C1CCC(CCC2CCC(CC3CCCC(C4CCCCC4)C3)CC2)CC1
C1CCC(CCC2CCC(CCC3CCCCC3)CC2)CC1
C1CCC(C2CCC(C3CCC(CC4CCC5CCCCC54)C3)CC2)CC1
C1CCC(CC2CCC(C3CCCCC3)CC2)CC1
C1CCC(CCC2CCCC(CC3CCCCC3)C2)CC1
C1CCC(CC2CCC(CCCC3CC(C4CCCCC4)CCC3C3CCCCC3)CC2)CC1
C1CCC(CCCC2CCC(CC3CCCCC3)CC2)CC1
C1CCC(CC2CCCCC2C2CCCCC2)CC1
C1CCC(CCCC2CCCCC2C2CCCCC2)CC1
C1CCC(CC2CCCC(C3CCCC3)C2)CC1
C1CCC(CC2CCC(CCC3CCC(C4CCCCC4)CC3)CC2)CC1
C1CCC(CCC2CCC3CC(C4CCC(C5CCCC5)CC4)CCC23)CC1
C1CCC(CCCC2CCC(C3CCCCC3C3CCCCC3)CC2)CC1
C1CCC(CCC2CCC(C3CCCCC3)CC2)CC1
C1CCC(CC2CC(C3CCCCC3)C3CCCCC23)CC1
C1CCC(CCC2CCCC(C3CCC(C4CCCC4)CC3)C2)CC1
C1CCC(C2CC(C3CCC(C4CCCC(CC5CCCC5)C4)CC3)C3CCCCC23)CC1
C1CCC(C2CCCC(C3CCC4C(CCCC4C4CCCCC4)C3)C2)CC1
C1CCC(CC2CCC(C3CCCCC3C3CCC4CCCCC4C3)CC2)CC1
C1CCC(C2CCCCC2C2CCC(CC3CC4CCCCC4C3)CC2)CC1
C1CCC(CC2CCC3C(CC4CCCCC4)CC(CC4CCCCC4)C3C2)CC1
C1CCC(CCCC2CCCCC2)CC1
C1CCC(C2CCCC(C3CCCCC3)C2)CC1
C1CCC(CC2CCC(CC3CCCCC3)CC2)CC1
C1CCC(CC2CCCC(C3CCCC(C4CCCCC4)C3)C2)CC1
C1CCC(CC2CCCCC2CC2CCC(CC3CCCC3)CC2)CC1
C1CCC(CCC2CC(CC3CCCCC3)CCC2C2CCCCC2)CC1
C1CCC(C2CCCC(C3CCCC(C4CCCCC4)C3)C2)CC1
C1CCC(CC2CCCC(CC3CCCCC3)C2)CC1
C1CCC(CCCC2CC(C3CCCC(C4CCCC4)C3)C3CCCCC23)CC1
C1CCC(CC2CCC(CCC3CCC(C4CC4)CC3C3CCCCC3)CC2)CC1
C1CCC(C2CCCC(C3CCC(C4CCCC(C5CCCCC5)C4)CC3)C2)CC1
C1CCC(CC2CCCC(C(CC3CCCCC3)CC3CCCCC3)C2)CC1
C1CCC(C2CCCCC2CC2CCC3CCCCC3C2)CC1
C1CCC(CCC2CCCCC2)CC1
C1CCC(CC2CCC(C3CCC(C4CCCCC4CC4CCCCC4)CC3)CC2)CC1
C1CCC(CC2CCC(CC3CCCCC3)CC2)CC1
C1CCC(CCC2CCC(C3CCCCC3C3CCC4CCCC4C3)CC2)CC1
C1CCC(C2CCC3CCC(C4CCCC(C5CCCC5)C4)C3C2)CC1
C1CCC(CC2CCC3C(CC4CCCC4C4CCCCC4)CC(C4CCCCC4)C3C2)CC1
C1CCC(CC2CCC(CCC3CCC(CC4CCCC4)CC3)C(CC3CCCCC3)C2)CC1
C1CCC(CCC2CCC(CC3CCCCC3)C(C3CCCCC3)C2)CC1
C1CCC(CCCCCC2CCCC(C3CCCCC3)C2)CC1
C1CCC(CCC2CCC3CC(C4CCCCC4C4CC4)CC(C4CCCCC4)C3C2)CC1
C1CCC(CC2CC3CC(C4CCCCC4C4CCCC(C5CC5)C4)CCC3C(C3CC3)C2)CC1
C1CC2CCC(C3CCCCC3C3CCC4CCCC4C3)CC2C1
C1CCC(CC2CCC(CC3CCC(C4CCCC(C5CCCC5)C4)C3)CC2)CC1
C1CCC(C2CCCCC2)CC1
C1CCC(CC2CCC(C3CCC(C4CCCC4)CC3)C(CCC3CC3)C2)CC1
C1CCC(C2CCC(CC3CCC(CC4CC5CCCCC5C4)CC3)CC2)CC1
C1CCC(C2CC(C3CCCCC3)C3CCCCC23)CC1
C1CCC(CC2CCC(C3CCCCC3C3CCCC3)CC2)CC1
C1CCC(CCC2CCCC(C3CCC(C4CCCC(C5CCCCC5)C4)CC3)C2)CC1
C1CCC(CC2CCC(C3CCCCC3)CC2)CC1
C1CCC(CC2CCCCC2C2CCCCC2C2CCCC2)CC1
C1CCC(CCC2CCC(C3CCCCC3)CC2)CC1
C1CCC(CC2CCCC(C(C3CCCCC3)C3CCC(C4CCCCC4)CC3)C2)CC1
C1CCC2C(C1)CCC2C1CCC2CC(C3CCC4CCCCC43)CCC2C1
C1CCC(CCCC2CCC(CCCCC3CCCCC3C3CCCCC3)CC2)CC1
C1CCC(CCCCC2CC(CC3CCCCC3)CCC2C2CCCCC2)CC1
C1CCC(C2CCC3C(CCCC3C3CCCCC3)C2)CC1
C1CCC(CCC2CCC(CCC3CCCCC3)CC2)CC1
C1CCC(C2CCC(C3CC(C4CCCCC4)C4CCCCC34)CC2)CC1
C1CCC(CCCCCC2CCC(CC3CCC(CCCCC4CCCCC4)CC3)CC2)CC1
C1CCC(CCC2CCC(CCC3CCCCC3)CC2)CC1
C1CCC(CC2CCCCC2CC2CCCC(C3CC4CCCCC4C3)C2)CC1
C1CCC(CC2CCC(C3CCC(C4CCC(CC5CCCCC5)CC4)CC3)CC2)CC1
C1CCC(C2CCC3CC(C4CCC5CCCCC54)CCC3C2)CC1
C1CCC(CCCC2CC(CC3CCCC(CCC4CCCCC4)C3)C3CCCCC23)CC1
C1CCC(CC2CC(C3CCCCC3)CCC2C2CCC(CCCC3CC3)CC2)CC1
C1CCC(C2CCCC(CCC(C3CCCC3)C3CCCC(C4CC4)C3)C2)CC1
C1CCC(CC2CCC(C3CCCC(CC4CCCCC4)C3)CC2)CC1
C1CCC(CCC2CC(C3CCCCC3)C3CCCCC23)CC1
C1CCC(CCCC2CCC(CC3CCCCC3)CC2)CC1
C1CCC(C2CCC(C3CC(C4CCCCC4)C3)CC2)CC1
C1CCC(C2CCCC(CC3CCCC(CC4CCCC4)C3)C2)CC1
C1CC(CCC2CCCC(C3CCCC(CCC4CC5CCCCC5C4)C3)C2)C1
C1CCC(CCC2CCCC(C(CC3CCCC3)C3CCCC(C4CCCCC4)C3)C2)CC1
C1CCC(CCCC2CCCC(C3CCCCC3)C2)CC1
C1CCC(CC2CCCCC2C2CCC(C3CCC4CCCCC4C3)CC2)CC1
C1CCC(C2CCC(C3CCCC(C4CCCCC4)C3)CC2)CC1
C1CCC(CC2CCC(C3CCCCC3)CC2)CC1
C1CCC(CC2CCCC(CCC3CCCC(CCC4CCCC4)C3)C2)CC1
C1CCC(CC2CCC(CCC3CCC(C4CCCCC4)CC3)CC2)CC1
C1CCC(CCC2CCC(C3CCCC(C4CC4)C3)CC2)CC1
C1CCC(CCCCC2CC(C3CCC(C4CCCCC4)CC3)C3CCCCC23)CC1
C1CCC(CC2CCCC(CCC3CCC(C4CCCCC4)CC3)C2)CC1
C1CCC(C2CCCC(CCCC3CCC(CC4CCCC4)CC3)C2)CC1
C1CCC(CCC2CC(C3CCCCC3)CCC2C2CCCCC2)CC1
C1CCC(C2CCCC(C3CCC(C4CCCCC4)C(CC4CC4)C3)C2)CC1
C1CCC(C2CCC(C3CCCCC3C3CCC(CCCC4CCCC4)CC3)CC2)CC1
C1CCC(CCC2CCC(C3CCCCC3)CC2)CC1
C1CCC(CCCCCC2CCC(CC3CCCCC3)CC2)CC1
C1CCC(CCC2CCC(C3CCC4C(CC5CCCC5)CCC4C3)CC2)CC1
C1CCC(C2CCCC(C3CC(C4CCC5CCCC5C4)C4CCCCC34)C2)CC1
C1CCC(CC2CCC(C3CCC4CCCCC4C3)CC2)CC1
C1CCC(CC2CCC(C3CC4CCC(CC5CCCCC5)CC4C(C4CCCCC4)C3)CC2)CC1
C1CCC(CCCC2CCCCC2C2CCC(CC3CCCCC3)CC2)CC1
C1CCC(CCC2CCC(CC3CCCCC3)CC2)CC1
C1CCC(CCC2CCCC(C3CCCC(C4CCCCC4)C3)C2)CC1
C1CCC(CC2CCC(CCCCC3CCC(C4CCCCC4)CC3)CC2)CC1
C1CCC(CCC2CCCC(CCC3CCCCC3)C2CCC2CCCCC2)CC1
C1CCC(CC2CCC(CC3CCCCC3)CC2)CC1
C1CCC(CCCCCC2CCC(CC3CCC(CC4CCCCC4)CC3)CC2)CC1
C1CCC(CCCC2CCCCC2)CC1
C1CCC(CCC2CCC(CCC3CCC(C4CCC4)CC3)CC2)CC1
C1CCC(C2CCC(CC3CCCCC3C3CC3)CC2)CC1
C1CCC(C2CCCC(C3CC(C4CCCCC4)CC(C4CCCCC4)C3)C2)CC1
C1CCC(CCCC2CCC(CC3CCCCC3)CC2)CC1
C1CCC(CCC2CCCC(CCC3CCCC4CC(CC5CCCCC5)CCC34)C2)CC1
C1CCC(C2CCC(C3CCCCC3)CC2)CC1
C1CCC(CC2CC(CC3CCC(C4CCC4)CC3)CC(C3CCCCC3)C2)CC1
C1CCC(CC2CCC(C3CCCCC3)CC2)CC1
C(CCCC1CCCC(C2CCC(C3CCCC3)CC2)C1)CCC1CCC(C2CCCCC2)CC1
C1CCC(CC2CCC(C3CCC(CC4CCCCC4)CC3)CC2)CC1
C1CCC(CCCC2CCCCC2C2CCC(C3CCCC(C4CC4)C3)CC2)CC1
C1CCC(C2CCC(CC3CCC(CC4CCC(C5CCCCC5)C4)C3)CC2)CC1
C1CCC(CC2CCC(C3CC(CCCC4CCCC4)C4CC(CC5CCCCC5)CCC43)CC2)CC1
C1CCC(CCC2CCC(C3CCCCC3)CC2)CC1
C1CCC(CCC2CCCCC2C2CCCCC2CC2CCCCC2)CC1
C1CCC(CC2CCCC(C3CCCCC3)C2)CC1
C1CCC(CCC2CCC(CC3CCC(CC4CCC(C5CC5)CC4)CC3)CC2C2CCCCC2)CC1
C1CCC(C2CCC3CCC(C4CCC5CCCCC54)C3C2)CC1
C1CCC(C2CCCC(C3CCCC(C4CCCCC4)C3)C2)CC1
C1CCC(CCC2CCC(C3CCC4CC(C5CCC6CCCCC65)CC(C5CCCCC5)C4C3)C2)CC1
C1CCC(CC2CCC(CCCCC3CCC(CC4CCCCC4)CC3)CC2)CC1
C1CCC(CC2CCCC(C3CCC(C4CCCCC4CC4CCCC4)C4CCCCC34)C2)CC1
C1CCC(CCC2CCC(CC3CCCCC3)CC2)CC1
C1CCC(CC2CCC(CC3CCCCC3)CC2)CC1
C1CCC(CCC2CCC(C3CCCCC3)CC2)CC1
C1CCC(CCCC2CCC(CC3CCCCC3)CC2)CC1
C1CCC(CCC2CC(CC3CCC4CCCCC43)CC3CCCCC32)CC1
C1CCC(CCCC2CCC(C3CCCCC3)CC2C2CCCCC2)CC1
C1CCC(C2CCCC(C3CCCCC3)C2)CC1
C1CCC(CC2CCC(CC3CCCC(C4CCCCC4)C3)CC2)CC1
C1CCC(CC2CCC(CCC3CC4CCCCC4C3)C(C3CCCCC3)C2)CC1
C1CCC(CC2CCCC(C3CCCCC3)C2)CC1
C1CCC(CC2CCC(CC3CCC(CC4CCCCC4)CC3)CC2)CC1
C1CCC(CC2CCC(CCC3CCCC(C4CCC5C(CCCC5C5CCCCC5)C4)C3)CC2)CC1
C1CCC(CCC2CCCC(C3CCCCC3)C2)CC1
C1CCC(C2CCC(CC3CCC(CCC4CCCCC4C4CCCCC4)CC3)CC2)CC1
C1CCC(CC2CCCCC2C2CCC3C(CCCC3C3CCCCC3)C2)CC1
C1CCC(CC2CCC(C3CCCCC3)CC2)CC1
C1CCC(C2CCCC(CCCC3CCC(CCC(C4CCCCC4)C4CCCCC4)CC3)C2)CC1
C1CCC(CCC2CCCC(C3CCCCC3)C2)CC1
C1CCC(CC2CCC(CC3CC4CCCCC4C3)CC2)CC1
C1CCC(CC2CCC(C3CCCCC3)CC2)CC1
C1CCC(C2CCC(CC3CCC(C4CCCCC4)CC3)CC2)CC1
C1CCC(CC2CCCCC2CC2CCCC(C3CCCCC3)C2)CC1
C1CCC(CCC2CCCCC2C2CCC3CCCCC32)CC1
C1CCC(C2CCCC(C3CCCC3)C2)CC1
C1CCC(C2CCC(C3CCC(C4CC5CCCCC5C4)C3)CC2CC2CCC2)CC1
C1CCC(C2CCC(CCC3CC4CCCCC4C3)CC2)CC1
C1CCC(C2CCC(CC3CCC(CCCC4CC4)CC3)CC2)CC1
C1CCC(CC2CCC(CC3CCCC(C4CCCC4)C3)CC2)CC1
C1CCC(CC2CCC(C3CCC4CCCCC4C3)CC2)CC1
C1CCC(C2CCC(C3CCC(C4CCCC4)CC3)CC2)CC1
C1CCC(CC2CCC(C3CCCCC3)C(C3CCC4CCCC4C3)C2)CC1
C1CCC(C2CCC(CCCC3CCCC(C4CCC(C5CCCCC5)C4)C3)CC2)CC1
C1CCC(C2CCC(C3CCCCC3)CC2)CC1
C1CCC(CC2CCC(CCC(C3CCCC3)C(C3CCCCC3)C3CCCCC3)CC2)CC1
C1CCC(CC2CCCC(C3CCCCC3)C2)CC1
C1CCC(C2CCCC(CC3CCC(CC4CC5CCCCC5C4)CC3)C2)C1
C1CCC(CC2CC(CCC3CC4CCCCC4C3)CC(C3CCCCC3)C2)CC1
C1CCC(C2CCC(C3CCC(C4CC(C5CCCCC5)C5CCCCC45)CC3)C3CCCC23)CC1
C1CCC2C(C1)CCC2C1CCC2CC(C3CCC(CCC4CCC(CCC5CC5)CC4)CC3)CCC2C1
C1CCC(CCC2CCC(CC3CCCCC3)CC2)CC1
C1CCC(CCC2CCCCC2CC2CCCCC2C2CCCC2)CC1
C1CCC(CCC2CCCC(CC3CCC4CCCC4C3)C2)CC1
C1CCC(C2CCC(CC3CCC(C4CCCC(C5CCCCC5)C4)CC3)CC2)CC1
C1CCC(C2CCC3CCC(CCCC4CCC(CCC5CCCC5)CC4)CC3C2)CC1
C1CCC(CCCC2CCCC(C3CCC4CCCC4C3)C2)CC1
C1CCC(C2CCCC(CC3CCC(C4CCCC(C5CCCC(C6CCCCC6)C5)C4)CC3)C2)CC1
C1CCC(CCCCCC2CC(CC3CCCC(CC4CC5CCCCC54)C3)C3CCCCC23)CC1
C1CCC(CCC2CCCC(C3CCCCC3C3CCC4CCCC4C3)C2)CC1
C1CCC(C2CCCCC2)CC1
C1CCC(CC2CCC(CC3CC(C4CCCCC4)C4CCCCC34)CC2)CC1
C1CCC(CC2CCCC(CC3CCCCC3C3CCCCC3)C2)CC1
C1CCC(CCCC2CCC(CCC3CCC(C4CCCC4)CC3)CC2)CC1
C1CCC(CCC2CC(CC3CCCCC3)CC(C3CCCCC3)C2)CC1
C1CCC(CCC2CCC(C3CCCCC3)CC2)CC1
C1CCC(C2CCC(C3CCCCC3C3CCCC(C4CCCCC4)C3)CC2)CC1
C1CCC(CCC2CCCC(CC3CCC(C4CCCCC4)CC3)C2)CC1
C1CCC(C2CCCC(CC3CCC4C(C5CCCCC5)CC(C5CCCCC5)C4C3)C2)CC1
C1CCC(CC2CC(C3CCCC(C4CC(C5CCCCC5)CC(C5CCCC5)C4)C3)C3CCCCC23)CC1
C1CCC(CCCC2CCCC(C3CCCCC3C3CCCC3)C2)CC1
C1CCC(CCCC2CCC(C3CCCCC3)CC2)CC1
C1CCC(CC2CCCC(C3CCCCC3)C2)CC1
C1CCC(CC2CCC(C3CC(C4CCCCC4)C3)CC2)CC1
C1CCC(CC2CCCC(C3CCCCC3C3CCCCC3)C2)CC1
C1CCC(C(C2CCC3CCCCC3C2)C2CCCC(C3CCCC(C4CCC5CCCC5C4)C3)C2)CC1
C1CCC(CC2CCCCC2)CC1
C1CCC(C2CCC(C3CCCCC3C3CCC4CCCCC4C3)CC2)CC1
C1CCC(CC2CCCC(C3CC(C4CCCC4)CCC3C3CCC3)C2)CC1
C1CCC(CCC2CCC(CCC3CCCCC3C3CCCCC3CC3CCCCC3)CC2)CC1
C1CCC(CCC2CCC(C3CCCC(C4CCCCC4)C3)CC2)CC1
C1CCC(C2CCC(C3CCCCC3)CC2)CC1
C1CCC(C2CCCCC2C2CCCCC2)CC1
C1CCC(C2CCCCC2C2CCCC(C3CCC(C4CCCC4)CC3C3CCC4CCCC4C3)C2)CC1
C1CCC(CC2CCC(C3CCCCC3)CC2)CC1
C1CCC(CCC2CCC(CC3CCC(C4CCC(CCC5CCCCC5)CC4)CC3)CC2)CC1
C1CCC(CC2CCC(C3CCC4CC(C5CCCCC5)CCC43)CC2)CC1
C1CCC(C2CCC(CC3CCC(C4CCC(C5CCC6CCCCC6C5)CC4)CC3)CC2)C1
C1CCC(C2CCCCC2C2CCC(CC3CCC4CCCC4C3)CC2)CC1
C1CCC(CC2CCCC(C3CCC(CC4CC5CCCCC5C4)CC3)C2)CC1
C1CCC(CCC2CCC(CC3CCC(CC4CCCCC4)CC3)CC2)CC1
C1CCC(CC2CCC(C3CCC4CCC(C5CCC6CCCCC65)CC4C3)CC2)CC1
C1CCC(CCC2CCC(C3CCCCC3)C(C3CCC(CC4CCCCC4)CC3)C2)CC1
C1CCC(CCC2CC(CC3CCCCC3)C3CCC(CCC4CCC(CC5CCCCC5)CC4)CC23)CC1
C1CCC(CC2CCCC(C3CC(C4CCCCC4)C(C4CCCC4)C(C4CCCCC4)C3)C2)CC1
C1CCC(CCC2CCCC(C3CCC(CC4CCCCC4)CC3)C2)CC1
C1CCC(CCC2CCC(C3CCCCC3)CC2C2CCCCC2)CC1
C1CCC(CCC2CCC(CCC3CCC(CC4CCCCC4)CC3)CC2)CC1
C1CCC(CC2CCC(C3CC3)CC2)CC1
C1CCC(CC2CCCCC2CC2CCCC(C3CCC(C4CCCC4)CC3)C2)CC1
C1CCC(CCC2CCCC(CC3CCC(C4CC4)CC3)C2)CC1
C1CCC(CC2CCCC(CC3CCC(C4CCCCC4)CC3)C2)CC1
C1CCC(C2CCCCC2C2CCCC2)CC1
C1CC(CCC2CCC(CCC3CCC4CCCCC43)CC2)CC(CCC2CC3CCCCC3C2)C1
C1CCC(C2CCCC(C3CCCCC3C3CCCCC3)C2)CC1
C1CCC(C2CCCCC2CCC2CC(C3CCC4CCCCC43)CC3CCCCC32)C1
C1CCC(C2CCC(CC3CCC(C4CCCCC4)CC3)CC2)CC1
C1CCC(CCC2CCCC(C3CC(C4CCCCC4)C4CCCCC34)C2)CC1
C1CCC(C2CC(C3CCCCC3C3CCCCC3)C3CCCCC23)CC1
C1CCC(CCC2CC(CC3CCCCC3)C3CCCCC23)CC1
C1CCC(C2CCCC(C3CC(C4CCC5CCCCC54)CCC3C3CCCCC3)C2)CC1
C1CCC(C2CCC(C3CCC(C4CCC(C5CCCCC5)CC4)CC3)CC2)CC1
C1CCC(CCCC2CCCC(C3CCCC(CC4CCCCC4)C3)C2)CC1
C1CCC(CC2CCC(C3CCC4CCCCC4C3)CC2)CC1
C1CCC(C2CCCCC2C2CCC(C3CCCC3)CC2)CC1
C1CCC(CCCCC2CCC(CC3CCC(CC4CCCCC4)CC3)CC2)CC1
C1CCC(CCC2CCC(C3CCCC(C4CCC5C(CC6CCCC6)CCC5C4)C3)CC2)CC1
C1CCC(CCCC2CCC(CC3CCCCC3)CC2)CC1
C1CCC(C2CCCC(C3CC(CC4CCCC4)C4CCCCC43)C2)CC1
C1CCC(CC(CCC2CCC(CC3CCC(C4CCCC4)CC3)CC2)C2CCCCC2)CC1
C1CCC(CC2CCCCC2)CC1
C1CCC(CC2CCCCC2C2CCC(C3CCC(C4CCCCC4)CC3)CC2)CC1
C1CCC(CCC2CCCCC2CCC2CCCC(CC3CCCCC3)C2)CC1
C1CCC(CCC2CCC3CCCCC32)CC1
C1CCC(CC2CCCC(CC3CCC(CC4CCC(C5CCCCC5)CC4)CC3)C2)CC1
C1CCC(C2CCCCC2C2CCC3C(CC4CCC5CCCCC54)CCCC3C2)CC1
C1CCC(CC2CCC(CCCC3CCC(C4CCCCC4)C3)CC2)CC1
C1CCC(CCCC2CCCC(CC3CCCC(C4CCCCC4)C3)C2)CC1
C1CCC(C2CCCC(C3CCC4CC(C5CCC6CCCCC65)CCC4C3)C2)CC1
C1CCC(CCCC2CCCCC2)CC1
C1CCC(CCCCC2CCC(CC3CCCCC3)CC2)CC1
C1CCC(C2CCC(CC3CCCCC3CC3CCC4CCCCC4C3)CC2)CC1
C1CCC(CC2CC(C3CCCCC3)CCC2C2CCCCC2)CC1
C1CCC(CCCC2CCC(C3CCCCC3C3CCCCC3)CC2)CC1
C1CCC(C2CCCCC2C2CCCCC2)CC1
C1CCC(CCCC2CCCC(C3CCC(CC4CCCC4)CC3)C2)CC1
C1CCC(CC2CCC(C3CCC(C4CCCCC4)CC3)CC2)CC1
C1CCC(CC2CCC(C3CCCCC3C3CCCCC3C3CCCCC3)C(C3CCCCC3)C2)CC1
C1CCC(CC2CCC(CCCC3CCC(C4CCCCC4)CC3)CC2)CC1
C1CCC(CCC2CCCC(CC3CCCCC3)C2)CC1
C1CCC(CC2CCCCC2C2CCCCC2)CC1
C1CCC(CC2CCC(C3CCCC(C4CCCCC4C4CCCC4)C3)CC2)CC1
C1CCC(C2CCC(CC3CCC(C4CCCCC4)C3)CC2)CC1
C1CCC(CC2CCCC(CCCCC3CC3C3CCCCC3)C2)CC1
C1CCC(CCCC2CCCCC2C2CCCCC2)CC1
C1CCC(CCCCC2CCCCC2)CC1
C1CCC(CCCC2CC(CCC3CCCCC3)CC(CC3CCCCC3)C2)CC1
C1CCC(CCC2CCCC(C3CCC(C4CCCCC4C4CCCCC4)C3)C2)CC1
C1CCC(C2CCC(C3CCCC4CCCCC43)CC2)CC1
C1CCC(C2CC(C3CCCC(C4CC4)C3)CCC2C2CCC2)CC1
C1CCC(CC2CCC3C(CC4CCCCC4)CCC3C2)CC1
C1CCC(C2CCC(CC3CCC(C4CCCC(CC5CCCC5)C4)CC3)CC2)CC1
C1CCC(CC2CCC(C3CCC(C4CCCCC4)C4CCCC34)CC2)CC1
C1CCC(C2CCC(CC3CCCC(C4CCCCC4)C3)CC2)CC1
C1CCC(CCC2CCCCC2C2CCCCC2)CC1
C1CCC(CCC2CCCCC2C2CCCCC2C2CCCCC2)CC1
C1CCC(CC2CCC(CC3CCCC(CC4CCCCC4)C3)CC2)CC1
C1CCC(CC2CCC(C3CCC(C4CCCCC4)C(C4CC4)C3)CC2)CC1
C1CCC(CCCC2CCC(C3CCCC3C3CCCCC3)CC2)CC1
C1CCC(CC2CCCCC2CC2CCCCC2)CC1
C1CCC(C2CCC(CC3CCCC(C4CCCCC4C4CCCC4)C3)CC2)CC1
C1CCC(C2CCC(C3CCCCC3)CC2)CC1
C1CCC(C2CCC(C3CCCC(C4CCCC4)C3)C(CC3CCC3)C2)CC1
C1CCC(CCC2CCC(CC3CCC(CC4CCCCC4)CC3)CC2)CC1
C1CCC(CC2CCC(CC3CCC(CCCCC4CCCC(C5CCCC5)C4)C3)CC2)CC1
C1CCC(C2CCCC(CCC3CCCCC3C3CCCCC3)C2)CC1
C1CCC(C2CCCC(C3CCC(C4CCC(CC5CCCC5)CC4)CC3)C2)CC1
C1CCC(CC2CC(C3CCCCC3)C3CCCCC23)CC1
C1CCC(CCC2CC(CC3CCCCC3)CCC2C2CCCCC2)CC1
C1CCC(C2CCC(CC3CCCCC3C3CCC3)CC2)CC1
C1CCC(C2CCCC(CCC3CCCCC3C3CCC4CCCC4C3)C2)CC1
C1CCC(C2CCCC(C3CCCC(C4CCCCC4)C3)C2)CC1
C1CCC(CCC2CCC(CC3CCC(CCC4CCCCC4)CC3)CC2)CC1
C1CCC(C2CCC(C3CCCC(CC4CCC5CC(C6CC6)CCC45)C3)CC2)C1
C1CCC(CCCC2CCC(CC3CCC(CC4CCCCC4)CC3)CC2)CC1
C1CCC(CC2CCCC(C3CCCCC3)C2)CC1
C1CCC(CC2CCCCC2C2CCCC2)CC1
C1CCC(CC2CCC(CC3CCC(CC4CCCCC4)CC3)CC2)CC1
C1CCC(C2CCCCC2C2CCC3C(CCCC3C3CCCCC3)C2)CC1
C1CCC(C2CCCCC2C2CCC(C3CCCC3)CC2C2CCCC2)CC1
C1CCC(C2CCC(CC3CCCCC3CCCC3CCCC3)C(C3CCCCC3)C2)CC1
C1CCC(CC2CCC(CC3CCCCC3CC3CC4CCCCC4C3)CC2)CC1
C1CCC(CCCCC2CCC(CC3CCCCC3)CC2)CC1
C1CCC(CC2CC(CC3CCC4CC(C5CCC(C6CCCC6)CC5)CCC43)C3CCCCC23)CC1
C1CCC(CC2CCCC(CCC3CCC(C4CCCCC4)CC3)C2)CC1
C1CCC(CC2CCC(C3CCCC(CC4CCCCC4)C3)CC2)CC1
C1CCC(C2CCCC(C3CCC(C4CCC(C5CCCC5)CC4)CC3)C2)CC1
C1CCC(CCCC2CCC3CC(C4CCCCC4)CCC23)CC1
C1CCC(CC2CCC(CCCCC3CCCC3)C(C3CCCCC3)C2)CC1
C1CCC(CC2CCC(CC3CCCC(C4CCCCC4)C3)CC2)CC1
C1CCC(CCC2CCCC(C3CCCCC3)C2)CC1
C1CCC(C2CCCC(C3CCCCC3)C2)CC1
C1CCC(C(C2CC3CCCCC3C2)C2CC3CCCCC3C2)CC1
C1CCC(CC2CCC(C3CCC(C4CCCCC4)CC3C3CCCC3)CC2)CC1
C1CCC(CCC2CCCCC2C2CCCCC2)CC1
C1CCC(CCCC2CCC(CC3CCCCC3)CC2)CC1
C1CCC(CCC2CCCCC2CC2CCCCC2C2CCCC2)CC1
C1CCC(CC2CCCC(C3CCCC(C4CCCCC4)C3)C2)CC1
C1CCC(CCC2CCCC(CC3CCCCC3)C2)CC1
C1CCC(CCCC2CCC(CC3CCCCC3)CC2)CC1
C1CCC(C2CCCC3CCC(C4CCCC4)CC32)CC1
C1CCC(CCC2CC(C3CCC(C4CCCCC4)CC3)C3CCC(CC4CCCCC4)CC23)CC1
C1CCC2CC(C3CCCC(CCC4CCC5CCCC5C4)C3)CCC2C1
C1CCC(CC2CC2C2CCCC(C3CCCCC3)C2)CC1
C1CCC(CC2CCCC(CC3CCCCC3)C2)CC1
C1CCC(CC2CCC(CC3CCCC3)CC2)CC1
C1CCC(CCC2CCCC(C3CCCCC3)C2)CC1
C1CCC(C2CCC(CCC3CC3)CC2)CC1
C1CCC(CC2CCCC(C3CCCCC3)C2)CC1
C1CCC(CC2CCC(CCCCC3CCC(C4CCC(CC5CCCCC5)CC4)CC3)CC2)CC1
C1CCC(CC2CCCCC2C2CC(C3CCCC3)CCC2C2CCC3CCCC3C2)CC1
C1CCC(CCC2CCC(C3CCCCC3C3CCCCC3)CC2)CC1
C1CCC(CC2CCC(CCCC3CCCC(C4CCCCC4)C3)CC2)CC1
C1CCC(CCC2CCCC(CC3CCCCC3CCC3CCC4CCCCC4C3)C2)CC1
C1CCC(CC2CCC(CCC3CCC4CCCCC43)CC2)CC1
C1CCC(CC2CCC(CCCC3CCC(C4CCCCC4)CC3)CC2)CC1
C1CCC(C2CCC(CC3CCCC(C4CCCCC4)C3)CC2)CC1
C1CCC(C2CCCCC2CC2CCC(C3CCCC3)CC2)CC1
C1CCC(C2CCC(C3CCCCC3C3CCCC3)CC2)CC1
C1CCC(C2CCC(C3CCCC(C4CCCCC4)C3)CC2)CC1
C1CCC(C2CCCC(CCCC3CCC4CCC(C5CCCC6CCCCC65)CC4C3)C2)CC1
C1CCC(C2CCC(C3CCCC(CC4CCCC(C5CC5)C4)C3)CC2)CC1
C1CCC(CC2CCCC(CC3CCCC(CC4CC5CCCCC5C4)C3)C2)CC1
C1CCC(C2CCC(CC3CCC(C4CCCCC4)CC3)CC2)CC1
C1CCC(CC2CCCCC2C2CCCCC2)CC1
C1CCC(CCC2CCCC(C3CC(C4CCCCC4)CC(C4CCCCC4)C3)C2)CC1
C1CCC(C2CCCC(C3CCCC(C4CCCCC4)C3)C2)CC1
C1CCC(CCC2CCC(CC3CCCCC3)CC2C2CCCCC2)CC1
C1CCC(CC2CC(C3CCCCC3)CCC2CC2CCC(CC3CCC(C4CCCCC4)CC3)CC2)CC1
C1CCC(CC2CCCC(C3CCCCC3C3CCCCC3)C2)CC1
C1CCC(C2CC(C3CCC(CC4CC5CCCCC5C4)CC3)CCC2CC2CCC(CCCCC3CC3)C2)CC1
C1CCC(C2CCC(CCC3CCCC(C4CCCCC4)C3)CC2)CC1
C1CCC(CC2CCCC(C3CCCCC3C3CCCCC3)C2)CC1
C1CCC(C2CCCC(C3CCCC(CC4CCC5CCCCC54)C3)C2)CC1
C1CCC(C2CCC(C3CCC(C4CC4)CC3)CC2)CC1
C1CCC(CCCC2CCC(C3CCCCC3C3CCC(C4CCCC4)CC3)CC2)CC1
C1CCC(C2CCC(C3CCC(CCCC4CCCC(CC5CCCC5)C4)CC3)CC2)CC1
C1CCC(CC2CCC(C3CCCCC3C3CCCCC3)CC2)CC1
C1CCC(C2CCC3CCCCC32)CC1
C1CCC(C2CCCC3CCC(C4CCCC(C5CCC6CCCC6C5)C4)C32)CC1
C1CCC(CC2CCC(CC3CCCCC3)CC2)CC1
C1CCC(CC2CCCC(C3CCCCC3)C2)CC1
C1CCC(CCCCC2CCC(CC3CCCCC3)CC2)CC1
C1CCC(C2CCC(C3CCCCC3)C(C3CCCC3)C2)CC1
C1CCC(CCCC2CCCC(CC3CCCC(C4CCCC(C5CCCCC5)C4)C3)C2)CC1
C1CCC(CC2CCC(C3CCCCC3)CC2)CC1
C1CCC(CC2CCCCC2C2CCCCC2)CC1
C1CCC(CC2CC(CC3CCC(C4CCCCC4)CC3)C3CCCCC23)CC1
C1CCC(CC2CCC(C3CCCC(C4CCCC4)C3)CC2)CC1
C1CCC(CC2CCC(C3CCCCC3)CC2)CC1
C1CCC(CCC2CCC3C(CCC3C3CCCC3)C2)CC1
C1CCC(CC2CCC(CC3CCCCC3)C(C3CCCC3)C2)CC1
C1CCC(CC2CC(CC3CCCC3)C3CC(CC4CCC5CCCC5C4)CCC23)CC1
C1CCC(C2CCC(C3CCCCC3)CC2)CC1
C1CCC(CC2CCC(C3CCCCC3)CC2)CC1
C1CCC(CC2CCC(CC3CCC(CC4CCCCC4C4CCCC4)CC3)CC2)CC1
C1CCC(CCCC2CCCCC2C2CCCCC2)CC1
C1CCC(CCCC2CCC(CCC3CCCC(C4CCCCC4)C3)CC2)CC1
C1CCC(CC2CCCCC2)CC1
C1CCC(C2CCCC(C3CCCC(C4CCCCC4)C3)C2)CC1
C1CCC(C2CCC(CC3CC(C4CCCCC4)C4CCCCC34)CC2)CC1
C1CCC(CC2CCCCC2C2CCCCC2)CC1
C(CCCC1CCCCC1)CCCC1CCCC(C2CCCCC2)C1
C1CCC(CCCC2CCC(CCCC3CCCCC3)CC2)CC1
C1CCC(CC2CCCCC2C2CCC(CC3CCC4CCCCC43)CC2)CC1
C1CCC(C2CCC(CCCCCC3CCCCC3C3CCCCC3)CC2)CC1
C1CCC(C2CCCC(C3CCCCC3)C2)CC1
C1CCC(CCCC2CC(C3CCCCC3)C3CCCCC23)CC1
C1CCC(C2CCC(C3CCCC(C4CCC(C5CCCC5)CC4)C3)CC2)CC1
C1CCC(C2CC(C3CCCCC3)C3CCCCC23)CC1
C1CCC(CC2CCC(C3CCC(C4CCCC(C5CCCC5)C4)CC3)CC2)CC1
C1CCC(C2CCCC(C3CCC(CCC4CC4)CC3)C2)CC1
C1CCC(C2CCCCC2C2CCCCC2)CC1
C1CCC(CC2CCC(C3CCCCC3)CC2C2CCCCC2)CC1
C1CCC(CCCC2CCCCC2C2CCCCC2)CC1
C1CCC(C2CCCC(C3CCCC3)C2)CC1
C1CCC(C2CCCC(C3CCCCC3)C2)CC1
C1CCC(CC(C2CCCCC2)C2CCCC(C3CCCCC3)C2)CC1
C1CCC(CCC2CCCCC2)CC1
C1CCC(CCC2CCC(CCCCC3CCCC(CC4CCCCC4)C3)CC2)CC1
C1CCC(CCC2CCCC(C3CCCC(CC4CCCCC4)C3)C2)CC1
C1CCC(CCC2CCC(CC3CCCCC3)CC2)CC1
C1CCC(CC2CCC(CC3CCC4CCCCC43)CC2)CC1
C1CCC(CCCC2CCCC(C3CCCC(C4CCCC4)C3)C2)CC1
C1CCC(CC2CCC3CC(C4CCCCC4C4CCC5CCCCC5C4)CCC23)CC1
C1CCC(C2CCC(C3CCC4CC(C5CCC5)CCC43)CC2)CC1
C(CCCC1CCC(CC2CCCCC2)CC1)CCC1CCCCC1
C1CCC(CC2CCC(CC3CCC(C4CCCCC4)CC3)CC2)CC1
C1CCC(CC2CCC3CC(C4CCCCC4)CCC23)CC1
C1CCC(CC2CCC(C3CCC(C4CCCCC4C4CCCCC4)CC3)C2)CC1
C1CCC(C2CC(C3CC4CCCCC4C3)CC3CCC(CCCC4CC4)CC32)CC1
C1CCC(CC2CCCCC2CC2CCC3CCCCC3C2)CC1
C1CCC(CC2CCC(CC3CCC(C4CCCC(C5CCCC(CC6CC6)C5)C4)CC3)CC2)CC1
C1CCC(C2CCCC(C3CCC(C4CCC5CCCCC54)CC3)C2)CC1
C1CCC(CC2CCC(C3CCCCC3CC3CCC(C4CCC5CCCC5C4)CC3)CC2)CC1
C1CCC(CCC2CCC(CCC3CCCCC3)CC2)CC1
C1CCC(CC2CCC(CC3CCCCC3)C(CC3CCCCC3)C2)CC1
C1CCC(C2CCCC(C3CCCCC3)C2)CC1
C1CCC(C2CCCC(C3CCCC(C4CCCCC4)C3)C2)CC1
C1CCC2CC(C3CCC4CCCCC43)CCC2C1
C1CCC(CCC2CCCC(C3CCCCC3)C2)CC1
C1CCC(CC2CCCC(CC3CCCC(CC4CCCCC4)C3)C2)CC1
C1CCC(CC2CCCC(CCC3CCC(CC4CCCCC4C4CCCCC4)CC3)C2)CC1
C1CCC(CC2CCC(C3CCCC(C4CCC4)C3)CC2)CC1
C1CCC(CC2CCC(CC3CCC(CC4CCCC(CC5CC5)C4)CC3)CC2)CC1
C1CCC(CCCCC2CCC(CC3CCC(CCC4CCCCC4)CC3)CC2)CC1
C1CCC(CCCCC2CCC(CC3CCC(CC4CCCCC4)CC3)CC2)CC1
C1CCC2CC(CC3CCCC(C4CCCCC4C4CCCC4)C3)CC2C1
C1CCC(CC2CC(C3CCCC(C4CCCCC4)C3)C3CCCCC23)CC1
C1CCC(C2CCCC(C3CC(C4CCCCC4)CC(CC4CC4)C3C3CCCCC3)C2)CC1
C1CCC(CCCCC2CCC(CC3CCCC(C4CCCCC4)C3)CC2)CC1
C1CCC(CC2CCC(C3CCCCC3)C(CC3CC4CCCCC4C3)C2)CC1
C1CCC(CCC2CC(CC3CCCCC3)CC(C3CCCCC3)C2)CC1
C1CCC(CCC2CCC(CC3CCCCC3)CC2)CC1
C1CCC(CC2CCC(C3CCCCC3C3CCC(C4CCC5CCCCC54)CC3)CC2)CC1
C1CCC(CC2CCCCC2)CC1
C1CCC(C(C2CCCC2)C2CCC(C3CCCC4CCCCC43)CC2)CC1
C1CCC(CC2CCC(CC3CCC(CC4CCCC(C5CCCC5)C4)CC3)CC2)CC1
C1CCC(CCCC2CC(C3CCCC3)CC(C3CCCC(C4CCCCC4)C3)C2)CC1
C1CCC(C2CCC(C3CCCCC3C3CCCCC3)C(C3CCCCC3)C2)CC1
C1CCC(C2CCCC(CC3CCCC(C4CCCCC4)C3)C2)CC1
C1CCC(CC2CCCCC2CC2CC(C3CCCCC3)C3CCCCC23)CC1
C1CCC(CC2CCC3CCCC3C2)CC1
C1CCC(C2CCC(C3CCC4CCCCC43)C(C3CCCC3)C2)CC1
C1CCC(C2CCCC(C3CCCCC3C3CCCCC3)C2)CC1
C1CCC(CC2CCCC(C3CCC4CCCCC4C3)C2)CC1
C1CCC(C2CC(CC3CCCC(CC4CCC4)C3)C3CCCCC32)CC1
C1CCC(CC2CCCC(C3CCCCC3)C2)CC1
C1CCC(C2CCC(CCC3CCC(C4CCC5CCCCC5C4)C(CC4CCCC4)C3)CC2)CC1
C1CCC(CC2CCC(C3CCCC(C4CCCCC4)C3)C(CC3CC3)C2)CC1
C1CCC(CCCCC2CCC(C3CCCCC3)CC2)CC1
C1CCC(CCC2CCCC(CC3CCC4C(CCCC4C4CCCCC4)C3)C2)CC1
C1CCC(C2CCCC(CC3CCC(CC4CC4)CC3)C2)CC1
C1CCC(CC2CCC(CC3CCCC(C4CCCCC4)C3)CC2)CC1
C1CCC(CCC2CC(C3CCCCC3)C3CCCCC23)CC1
C1CCC(C2CCCCC2C2CCCCC2C2CCC3CCCCC3C2)CC1
C1CCC(CCC2CCC(C3CCCCC3C3CCCCC3)CC2)CC1
C1CCC(CC2CCC(CC3CCCCC3)CC2)CC1
C1CCC(C2CCCC(CCCC3CCCC(CCC4CCCC5CCCCC54)C3)C2)CC1
C1CCC(CCCCC2CCC(CC3CCCCC3)CC2)CC1
C1CCC(CC2CCCC(CC3CCC4CC(CC5CCC(CCC6CC6)CC5)CCC43)C2)CC1
C1CCC(CC2CCCCC2C2CCC(C3CCCCC3)C2)CC1
C1CCC(CC2CC(C3CCCCC3)C3CCCCC23)CC1
C1CCC(C2CCCC(C3CCCCC3)C2)CC1
C1CCC(CCCC2CCCC(CC3CCC(C4CCCCC4)CC3)C2)CC1
C1CCC(C2CCCC(CCCC3CCC4CC(C5CCCCC5)CCC34)C2)CC1
C1CCC(C2CCC(C3CCCCC3)CC2)CC1
C1CCC(CC2CCCC(C3CCCCC3)C2)CC1
C1CCC(CCCC2CCCC(CC3CCCCC3)C2)CC1
C1CCC(C2CCC(CC3CCCCC3C3CCC4CCCCC4C3)C2)CC1
C1CCC(C2CCCC(C3CCC4CCCCC43)C2)CC1
C1CCC(C2CC(CC3CC(C4CCCCC4)C4CCCCC34)C3CCCCC32)CC1
C1CCC(C2CCCC(C3CCC4CCCC4C3)C2)CC1
C1CCC(CCCCC2CCCC(CC3CCCC(C4CCCC4)C3)C2)CC1
C1CCC(CC2CCCC(C3CCCCC3)C2)CC1
C1CCC(CC2CC3CCCCC3C(C3CCCCC3)C2)CC1
C1CCC(CCC2CCCCC2)CC1
C1CCC(CCC2CCC3CCC(CCC4CCCCC4CC4CCCCC4)C3C2)CC1
C1CCC(CCCC2CCC(CC3CCCCC3)C(C3CCCC3)C2)CC1
C1CCC(CC2CCCC(C3CCCCC3)C2)CC1
C1CCC(CC2CCC(C3CCCC(C4CCC(CC5CCCC5)CC4)C3)CC2)CC1
C1CCC(CC2CCCC(CCC3CCC(C4CCCCC4)CC3)C2)CC1
C1CCC(C2CCC3CCC(C4CCCCC4)C3C2)CC1
C1CCC(CCC2CCC(C3CC3)CC2CCC2CC3CCCCC3C2)CC1
C1CCC(CC2CCC(C3CCC(C4CCCC4)CC3)CC2C2CCCC2)CC1
C1CCC(CC2CCCC(C3CCCCC3C3CCCCC3)C2)CC1
C1CCC(CC2CCC(CC3CCCCC3)CC2)CC1
C1CCC(CC2CCCC(CCC3CCC4CCCC4C3)C2)CC1
C1CCC(CCCC2CCC(CC3CCCC(CC4CCCCC4)C3)CC2)CC1
C1CCC(CCCC2CCC(C3CCCC4CCCCC43)CC2)CC1
C1CCC(C2CCC(C3CCCCC3)CC2)CC1
C1CCC(CC2CCC(CC3CCCC(C4CCCC(CCC5CC5)C4)C3)CC2)CC1
C1CCC(CCC2CCCC(CCCC3CCCC(C4CC4)C3)C2)CC1
C1CCC(CC2CCCC(C3CCCC4CC(C5CCCCC5)CCC43)C2)CC1
C1CCC(CC2CCCC(C3CCCC(C4CCCC(C5CC5)C4)C3)C2)CC1
C1CCC(CC2CCC(C3CCCCC3C3CC3)C(CC3CCCCC3)C2)CC1
C1CCC(CCCC2CCC(C3CCCC(CC4CCCC(C5CCCC5)C4)C3)CC2)CC1
C1CCC(CCCC2CCC(CC3CCCC(C4CCCCC4)C3)CC2)CC1
C1CCC(C2CCC(C3CC3)CC2CCC2CCC3CCCC3C2)CC1
C1CCC(CCCC2CCC(C3CCCC(C4CCCC4)C3)CC2)CC1
C1CCC(CCCC2CCCC(C3CCCC(CC4CCCCC4)C3)C2)CC1
C1CCC(CC2CCCC(C3CCC4CCCC4C3)C2)CC1
C1CCC(C2CCCC(C3CCCCC3C3CCCCC3)C2)CC1
C1CCC(C2CCC(CC3CCC(C4CCCCC4)CC3CC3CCCC(C4CCCCC4)C3)C2)CC1
C1CCC(CC2CCC(CC3CCCCC3)CC2)CC1
C1CCC(CC2CCC(CC3CCC(CC4CCCCC4)CC3)CC2)CC1
C1CCC(CCCC2CC(C3CCCCC3)CCC2C2CCCCC2)CC1
C1CCC(CCC2CCCC(CCCC3CCC(CC4CCCCC4)CC3)C2)CC1
C1CCC(CC2CC(C3CCC(C4CCCCC4)CC3)C3CCCCC23)CC1
C1CCC(CC2CCC(CCCC3CCC4CCCCC4C3)CC2)CC1
C1CCC(CC2CCCCC2CCCC2CCC(C3CCCCC3)C2)CC1
C1CCC(C2CCCC(CC3CC4CCCCC4C3)C2)CC1
C1CCC(CCCCC2CC(C3CCCC(C4CCCCC4)C3)C3CCCCC23)CC1
C(CCCC1CCCC(C2CCCCC2)C1)CCCC1CCCC(C2CCCCC2)C1
C1CCC(CC2CCC(C3CCCC(C4CCCC4)C3)CC2)CC1
C1CCC(CCCC2CCCC(C3CCCCC3)C2)CC1
C1CCC(CC2CCC(CC3CCC(CC4CCC(C5CCCCC5)CC4)CC3)CC2)CC1
C1CCC(C2CCCC3CCC(C4CC5CCCCC5C(C5CCCC5)C4)C32)CC1
C1CCC(CCCC2CCCC(C3CCC4CCCC4C3)C2)CC1
C1CCC(C2CCC(C3CCCCC3)C(C3CCCC3)C2)CC1
C1CCC(CC2CCC(C3CCC(CC4CCCC4)CC3)CC2)CC1
C1CCC(CCCC2CCC(CC3CCCC(C(C4CCCCC4)C4CC4)C3)CC2)CC1
C1CCC(C2CCC(CC3CCC(C4CCCCC4)CC3)CC2)CC1
C1CCC(C2CCCCC2CC2CCCC(C3CCCC(C4CCCC4)C3)C2)CC1
C(CCCCC1CCCC2CCCCC12)CCCC1CCC(CC2CCCCC2)CC1
C1CCC(C2CCCC(CC3CCC(C4CCCC4)CC3)C2)CC1
C1CCC(CCC2CCCC(C3CCCC(C4CCCC4)C3)C2)C1
C1CCC(CC2CCC(CC3CCC(CC4CCCCC4)CC3)CC2)CC1
C1CCC(C2CCC(C3CCCCC3C3CCCCC3)CC2)CC1
C(CC1CCC(CC2CCC(C3CCC4CCCCC4C3)CC2)CC1)CC1CC2CCCCC2C1
C1CCC(CCC2CCCC(C3CCC(C4CCCC4)CC3)C2)CC1
C1CCC(CC2CCCCC2C2CCCCC2C2CCCCC2C2CCC(C3CCCC3)CC2)CC1
C1CCC(C2CCC3CCCCC3C2)CC1
C1CCC(C2CCC(C3CCCC(C4CCCCC4)C3)CC2)CC1
C1CCC(CC2CC(CC3CCCC(C4CCCCC4)C3)C3CCCCC23)CC1
C1CCC(C2CCC(CC3CCC(C4CCC5CCCCC54)CC3)CC2)C1
C1CCC(C2CCCCC2)CC1
C1CCC(CC2CCC(C3CCC(CCC4CCC5CCCCC54)CC3)CC2)CC1
C1CCC(C2CCC(CC3CCC(CC4CC5CCCCC5C4)CC3)CC2)CC1
C1CCC(C2CCCCC2)CC1
C1CCC(CC2CCCCC2C2CCCCC2)CC1
C1CCC(CCCC2CCC(CC3CCC4CCCC4C3)CC2)CC1
C1CCC(CCC2CCCC(CC3CCCCC3)C2)CC1
C1CCC(CC2CCC(CC3CCCC(C4CCCCC4C4CCCC4)C3)CC2)C1
C1CCC(C2CCCC(CC3CCCC(C4CCCC(C5CCCCC5)C4)C3)C2)CC1
C1CCC(CCCC2CCCC(C3CCCCC3)C2)CC1
C1CCC(CCC2CCC(C(C3CCCCC3)C3CCCC3)CC2)CC1
C1CCC(C2CCC(CC3CCCC(CCC4CCC5CCCC5C4)C3)CC2)CC1
C1CCC(CC2CCCCC2C2CCCCC2)CC1
C1CCC(CCC2CCC(C3CC(CC4CC5CCCCC5C4)CCC3C3CCCCC3)CC2)CC1
C1CCC(CC2CCC(CCC3CC(CC4CCCCC4)C4CCCCC34)CC2)CC1
C1CCC(CCC2CCCC(CC3CCC(CC4CCCCC4)CC3)C2)CC1
C1CCC(CCCC2CCC(C3CCCCC3)CC2)CC1
C1CCC(CCCC2CCCC(C3CCC(CC4CCC(CC5CC6CCCCC6C5)CC4)CC3)C2)CC1
C1CCC(CC2CCC(CCC3CCCC3)CC2)CC1
C1CCC(CCC2CCC(CCC3CCCCC3)CC2)CC1
C1CCC(CC2CCCC(C3CCCCC3C3CCCC3)C2)CC1
C1CCC(CC2CCC(C3CCC(CC4CCC(C5CCCCC5)CC4)CC3)CC2)CC1
C1CCC(CC2CCC(CC3CCCC(CC4CC5CCCCC5C4)C3)CC2)CC1
C1CCC(CC2CCC3C(CC4CCCCC4)CC(C4CCCCC4)C3C2)CC1
C1CCC(CCC2CCC(CCC3CCC(CC4CCCCC4)CC3)CC2)CC1
C1CCC(C(C2CCCCC2)C2CCCCC2C2CCC3CCCCC3C2)CC1
C1CCC(CC2CCC(CC3CCC(CC4CCCCC4)CC3)CC2)CC1
C1CCC(CCCC2CCC(CCC3CCCCC3)CC2)CC1
C1CCC(C2CCCCC2)CC1
C1CCC(C2CCC(C3CCCC(C4CCCC4)C3)CC2)CC1
C1CCC(CC2CCC(CC3CCC(CC4CCC(C5CCCCC5)CC4)CC3)CC2)CC1
C1CCC(C2CCC(C3CCCCC3)C(C3CCCCC3)C2)CC1
C1CCC(CCCC2CCCC(C3CCC(C4CCC4)CC3)C2)CC1
C1CCC(CC2CCCC(CCC3CCCC(C4CCCCC4)C3)C2)CC1
C1CCC(C2CCC(CC3CCC(C4CCCCC4)CC3)CC2)CC1
C1CCC(CCCC(C2CCCCC2)C2CCCC(CCC3CCCCC3)C2)CC1
C1CCC(CC2CCC(CCC3CCCC(C4CCCCC4)C3)CC2)CC1
C1CCC(CC2CCC(CC3CCC(C4CCC(CCC5CCCC5)CC4)CC3)CC2)CC1
C1CCC(CCCC2CCCCC2C2CCCCC2)CC1
C1CCC(CC2CCC(C3CCC(C4CCCCC4)CC3)CC2)CC1
C1CCC(C2CCCCC2C2CCC3C(CCCC3C3CCCCC3)C2)CC1
C1CC(CC2CC3CCCCC3C2)CC(C2CCC(C3CCCC4CCCCC43)CC2)C1
C1CCC(CC2CCCC(C3CC(CC4CC4)CC(C4CCCCC4)C3)C2)CC1
C1CCC(C2CCCC(C3CCCC(CC4CCC(C5CCC6CCCC6C5)CC4)C3)C2)CC1
C1CCC(CCC2CCCC(CCC3CCC(CCC4CCC4)CC3)C2)CC1
C1CCC(CCCC2CC(CC3CCCCC3)CC(C3CCC3)C2)CC1
C1CCC(C2CCC(CC3CC4CCCCC4C3)CC2C2CCCCC2)CC1
C1CCC(CC2CCCCC2C2CCCCC2)CC1
C1CCC(CC2CCC(C3CCC(C4CCCCC4C4CCCCC4)CC3)C2)CC1
C1CCC(CC2CCC(CC3CC4CCCCC4C3)C2)CC1
C1CCC(C2CCC(C3CCC(C4CCCCC4)C3C3CCCC3)CC2)CC1
C1CCC(CC2CCC(CC3CCC(C4CCCC4)CC3)CC2)CC1
C1CCC(CC2CCC(CC3CCCC3C3CCCCC3)CC2)CC1
C1CCC(C2CCCC(C3CCC4CCCC4C3)C2)CC1
C1CCC(CC2CCC(C3CCCCC3CC3CCC3)C(C3CCCCC3)C2)CC1
C1CCC(CCCC2CCCCC2C2CCC3CCCC3C2)CC1
C1CCC(CC2CCCCC2C2CCCCC2CC2CCCCC2)CC1
C1CCC(CCC2CCCCC2CC2CCCCC2C2CCCC2)CC1
C1CCC(CCCC2CCCC(C3CCC(CCCC4CCCC4)CC3)C2)CC1
C1CCC(C2CCCC(C3CCCC(C4CCCCC4)C3)C2)CC1
C1CCC(CCC2CCC(CC3CCC(C4CC5CCCCC5C4)CC3)CC2)CC1
C1CCC(CC2CCC(CCCC3CCC(C4CCCCC4)CC3)CC2)CC1
C1CCC(C2CCC(CCC3CCCC(C4CCCC4)C3)CC2)CC1
C1CCC(C2CCCC3CC(C4CCCCC4CC4CCC5CCCCC5C4)CCC32)CC1
C1CCC(CCC2CCCCC2C2CCCC(CCC3CCCC(CC4CC5CCCCC5C4)C3)C2)CC1
C1CCC(CC2CCC(CCC3CCCC(C4CCCCC4)C3)C(C3CCCCC3)C2)CC1
C1CCC(C2CCC3C(CCCC3C3CCCC(C4CCCC4)C3)C2)CC1
C1CCC(CCC2CCC(C3CCCCC3)CC2)CC1
C1CCC(CCC2CCCC(C3CCCCC3)C2)CC1
C1CCC(CCCCCC2CCC(CC3CCC4CCCCC4C3)CC2)CC1
C1CCC(CCC2CCC(C3CCCC(C4CCCCC4)C3)CC2)CC1
C1CCC(CCCC2CCCCC2)CC1
C1CCC(CCC2CCCC(C3CCC4CCCC4C3)C2)CC1
C1CCC(CC2CCCC(C3CCC(CCC4CC4)CC3)C2)CC1
C1CCC(CC2CCCCC2C2CCCCC2C2CCC3CCCC3C2)CC1
C1CCC(CCCCC2CCCC(C3CCCCC3)C2)CC1
C1CCC(CC2CCC(CC3CCC(C4CCCC(C5CCCCC5)C4)CC3)CC2)CC1
C1CCC(CC(CCCC2CCC(C3CCCCC3)CC2)C2CCCCC2)CC1
C1CCC(CC2CCC(CC3CCCC(C4CCCCC4)C3)CC2)CC1
C1CCC(CCC2CCCC(C3CCCCC3)C2)CC1
C1CCC(C2CCCCC2CCCC2CCC(CCCC3CCC(C4CCCC4)CC3)CC2)CC1
C1CCC(C2CCC(CC3CCC(C4CCCCC4C4CCCCC4C4CCCC4)CC3)CC2)CC1
C1CCC(CCCCC2CCC(CC3CCCCC3)CC2)CC1
C1CCC(CC2CCC(CC3CCC(CC4CCCCC4)CC3)CC2)CC1
C1CCC(C2CCCCC2)CC1
C1CCC(CCC2CCCC(C3CCCC(CC4CCCCC4)C3)C2)CC1
C1CCC(CCCC2CCCCC2C2CCC(C3CCCCC3)CC2)CC1
C1CCC(CCC2CCCC(C3CCC(CC4CCCCC4)CC3)C2)CC1
C1CCC(CC2CCC(C3CC(C4CCC(CC5CCCCC5)CC4)C3)CC2)CC1
C1CCC2C(C1)CCC2C1CCCCC1C1CCC2CCCCC21
C1CCC(CC2CCC(C3CCCCC3)CC2)CC1
C1CCC(C2CCC(C3CCC4CC(C5CCCCC5)CCC43)CC2)CC1
C1CCC(CCC2CCC(C3CC(CC4CCCC(CC5CCC5)C4)C4CCCCC43)CC2)CC1
C1CCC(CCCCC2CCC(CC3CCCCC3)CC2)CC1
C1CCC(CC2CCCC(CCC3CCCCC3C3CCCCC3)C2)CC1
C1CCC(CCCCC2CCC(C3CCC(CCC4CCCCC4)CC3C3CCCCC3)CC2)CC1
C1CCC(CC2CC(C3CCCCC3)CCC2C2CCC(C3CC3)CC2C2CCCCC2)CC1
C1CCC(CCC2CCC(C3CCCC(C4CCCCC4)C3)CC2)CC1
C1CCC(CCCC2CCC(C3CCCCC3)CC2)CC1
C1CCC(C2CCC(C3CCCCC3)CC2)CC1
C1CCC(CC2CCC(C3CCCCC3)CC2)CC1
C1CCC(CC2CCC(C3CCCC(C4CCCCC4C4CCCCC4)C3)CC2)CC1
C1CCC(CCC2CCC(C3CCCCC3C3CCCCC3C3CCCC3)CC2)C1
C1CCC(C2CCCC(CCC3CCCC(C4CCC(C5CCC(CC6CC6)CC5)CC4)C3)C2)C1
C1CCC(CC2CC3CCCCC3C(C3CCCCC3)C2)CC1
C1CCC(CC2CCC(CCC3CCC(C4CCCCC4C4CCCCC4)CC3C3CCCC3)CC2)CC1
C1CCC(CCC2CCC(C3CCCC3)C(C3CCCCC3)C2)CC1
C1CCC(CC2CCCC(C3CCC(C4CCCCC4)CC3)C2)CC1
C1CCC(CC2CCCCC2C2CCC(CCCC3CCCC(CC4CCC4)C3)CC2)CC1
C1CCC(CC2CCC(CCC3CCCC(C4CCCCC4)C3)CC2)CC1
C1CCC(CC2CCCC(C3CCCC(CC4CCC5CCCCC54)C3)C2)CC1
C1CCC(C2CCCC(C3CCCC(C4CCCCC4)C3)C2)CC1
C1CCC(C2CCC(CCCCC3CCC4CCCCC34)CC2)CC1
C1CCC(CCCC2CC(CC3CCCCC3)C3CCC(CC4CCCCC4)CC23)CC1
C1CCC(CCCC2CCCC(CCCC3CC4CCCCC4C3)C2)CC1
C1CCC(CC2CCC(C3CCC(C4CCCCC4C4CCCC4)CC3)CC2)CC1
C1CCC(CCC2CCC(C3CCCCC3)C(CC3CCCC(C4CCCCC4)C3)C2)CC1
C1CCC(C2CCCCC2C2CCCC2)CC1
C1CCC(CCC2CC2C2CCC(C3CCC4C(CC5CCCCC5)CCC4C3)CC2)CC1
C1CCC(CCC2CCCCC2CC2CCC(CC3CCCCC3)CC2)CC1
C1CCC(C2CCC(CC3CCC(CC4CCCC4)CC3)CC2)CC1
C1CCC(CC2CCC(C3CCC(CCC4CCCC4)CC3)CC2)CC1
C1CCC(CC2CCC(C3CC(C4CCC5CCCCC54)CCC3C3CCCCC3C3CCCCC3)CC2)CC1
C1CCC(C2CCC(C3CCCCC3)C(C3CCCCC3)C2)CC1
C1CCC(CC2CCC(CC3CCCCC3C3CCCCC3)CC2)CC1
C1CCC(CC2CCCCC2C2CCCCC2)CC1
C1CCC(CC2CCCCC2C2CCCCC2)CC1
C1CCC(C2CCCCC2C2CCCCC2)CC1
C1CCC(CC2CCC(CC3CCCC4CC(C5CCCCC5)CCC34)CC2)CC1
C1CCC(C2CCC(C3CCCC(C4CC5CCCCC5C4)C3)CC2)CC1
C1CCC(CC2CCC(CCCCC3CCCC(CC4CC4)C3)C(C3CCCCC3)C2)CC1
C1CCC(CC2CC3CCC(C4CCCCC4)CC3C(C3CCCCC3)C2)CC1
C1CCC(CC2CCCC(CC3CCC4CC(CC5CCCCC5)CCC43)C2)CC1
C1CCC(C2CCCC(C3CC(C4CCCCC4C4CCCCC4)C4CCCCC34)C2)CC1
C1CCC(CC2CCCC(C3CCCC(C4CCCC4)C3)C2)CC1
C1CCC(CCC2CCC(CC3CCC(C4CCCCC4)CC3)CC2)CC1
C1CCC(C2CCC(CC3CCCCC3C3CCC(C4CCCC4)CC3)CC2)CC1
C1CCC(C2CCC(CC3CC3)C(C3CCC4C(CCC4C4CCCCC4)C3)C2)CC1
C1CCC(CC2CCC(C3CCCCC3)CC2)CC1
C1CCC(C2CCCC(CCC3CCCC(CCC4CC5CCCCC5C4)C3)C2)CC1
C1CCC(CC2CCC(C3CCCCC3C3CCCCC3)CC2)CC1
C1CCC(CCC2CCC(C3CCCC(CC4CCCCC4)C3)CC2)CC1
C1CCC(CCCC2CCCCC2CCCC2CCCC(C3CCC4CCCCC43)C2)CC1
C1CCC(CC2CCCC(C3CCCC(C4CCCC4)C3)C2)CC1
C1CCC(C2CCCCC2CC2CCCC(C3CCCCC3C3CCC4CCCCC43)C2)C1
C1CCC(C2CCCCC2C2CCCC2)CC1
C1CCC(C2CCC(C3CC(C4CCCCC4)C4CCCCC43)C(C3CCCC3)C2)CC1
C1CCC(CCCC2CCCCC2)CC1
C1CCC(CCCC2CCCC3CC(C4CCCCC4)CCC23)CC1
C1CCC(C2CCC3C(CCCC3C3CCCCC3)C2)CC1
C1CCC(C2CCCC(C3CC(C4CCCCC4)C4CCCCC34)C2)CC1
C1CCC(CC2CCCCC2CC2CCC(CC3CCC(C4CCCCC4)CC3)CC2)CC1
C1CCC(C2CCC(C3CCC4CC(C5CC5)CCC4C3)CC2)CC1
C1CCC(CC2CC(C3CCC(C4CCCCC4)CC3)C3CCCCC23)CC1
C1CCC(CCC2CCC(C3CCCC(C4CCCCC4)C3)CC2)CC1
C1CCC(C2CCC(C3CCCC3)CC2C2CCC3CCCC3C2)CC1
C1CCC(CC2CCCC2C2CCCC(CC3CCC(C4CCCCC4)C(C4CCCC4)C3)C2)CC1
C1CCC(CC2CCCC(C3CCCC(CC4CCCCC4C4CCCCC4)C3)C2)CC1
C1CCC(C2CC(C3CCC4CCCCC43)CC3CCC(CCC4CC4)CC32)CC1
C1CCC(C2CCC(C3CCCCC3)C(C3CCCCC3)C2)CC1
C1CCC(C2CC(C3CCCCC3)CC(C3CCCCC3)C2)CC1
C1CCC(CCC2CC3CCC(CC4CCCC4)CC3C(C3CCCCC3)C2)CC1
C1CCC(CC2CCCC(C3CCCC(CC4CCCCC4)C3)C2)CC1
C1CCC(CCC2CCC(CC3CCC(C4CCCC4)CC3)CC2CC2CCCCC2)CC1
C1CCC(CCC2CCCC(C3CCCC(C4CCCCC4)C3)C2)CC1
C1CCC(C2CCCC(CC3CC(C4CCCCC4)C4CCCCC34)C2)CC1
C1CCC(CCCC2CCC(CC3CCC(C4CCCCC4)CC3)CC2)CC1
C1CCC(CCCCC2CCCC(C3CCC(CCC4CCCCC4)CC3)C2)CC1
C1CCC(CC2CCC(C3CCCC(C4CCCCC4)C3)CC2)CC1
C1CCC(CC2CCC(C3CCC3)C(C3CCCC(C4CCCCC4)C3)C2)CC1
C1CCC(CCCC2CCC3C(C4CCCCC4)CC(C4CCCCC4)C3C2)CC1
C1CCC(CCCC2CCC(C3CCC(CCC4CC4)CC3)CC2C2CCC3CCCC3C2)CC1
C1CCC(CC2CCCC(CC3CCCCC3)C2)CC1
C1CCC(CCC2CCCC(C3CCCCC3)C2)CC1
C1CCC(C2CCCC(C(CC3CC3)C3CCC(CC4CCCC(C5CCCC5)C4)CC3)C2)CC1
C1CCC(CCC2CCC(CC3CCCCC3)C(CCC3CCCCC3)C2)CC1
C1CCC(CCC2CCC(CC3CCC(C4CCCC(C5CCCC5)C4)CC3)CC2)CC1
C1CCC(CC2CCC(C3CCCC(C4CCCCC4)C3)CC2)CC1
C1CCC(CC2CCCCC2C2CCCCC2CC2CCCCC2)CC1
C1CCC(CCCC2CCCC(C3CCCCC3)C2)CC1
C1CCC(C2CCCCC2)CC1
C1CCC(CCC2CCCC(CCC3CCCCC3)C2)CC1
C1CCC(C2CCC(C3CCCC3)C(C3CCCCC3)C2)CC1
C1CCC(C2CCCC(C3CCCCC3)C2)CC1
C1CCC(C(C2CCCCC2)C2CCCCC2)CC1
C1CCC(CC(C2CCCCC2)C2CCCCC2)CC1
C1CCC(CC2CCC(C3CCCCC3)CC2)CC1
C1CCC(C2CCCC(CCC3CCCC(C4CC5CCCCC5C(C5CCCCC5)C4)C3)C2)CC1
C1CCC(CC2CCCC(CC3CCCC(CCC4CCCC(C5CCCC5)C4)C3)C2)C1
C1CCC(C2CCC3C(CCC3C3CCCCC3)C2)CC1
C1CCC(CCC2CCCC(C3CCCCC3)C2)CC1
C1CCC(CC2CCC(C3CCCC(CC4CCCCC4)C3)CC2)CC1
C1CCC(CC2CCCC(C3CCCCC3C3CCCCC3)C2)CC1
C1CCC(C2CCC(C3CCC(CC4CCC(C5CCCC5)C4)CC3)CC2)CC1
C1CCC(CC2CCC(CC3CCC(CC4CCCCC4)CC3)CC2)CC1
C1CCC(CCCCC2CCCC(CC3CCCC3)C2)CC1
C1CCC(CCCC2CCC(C3CC(C4CCCCC4)C3)CC2)CC1
C1CCC(CC2CCCCC2)CC1
C1CCC(C2CCCC(C3CCCC(CC4CC5CCCCC5C4)C3)C2)CC1
C1CCC(CCC2CCCC(CC3CCCCC3)C2)CC1
C1CCC(CC2CCC(CC3CCCCC3)CC2)CC1
C1CCC(CCC2CCCCC2)CC1
C1CCC(CC2CCCC(CCC3CCCC(C4CCCCC4)C3)C2)CC1
C1CCC(CCCC2CCC(CC3CCC3)CC2)CC1
C1CCC(CC2CCC(CC3CCCC(C4CCCCC4)C3)CC2)CC1
C1CCC(CC2CCCCC2C2CCC3CCCCC3C2)CC1
C1CCC(CC2CCCCC2)CC1
C1CCC(CC2CCCC(C3CCCC(CC4CC5CCCCC5C4)C3)C2)CC1
C1CCC(CC2CCCC(C3CCC(C4CCC5CCCCC54)CC3)C2)CC1
C1CCC(CCC2CCCC(CC3CCCCC3)C2)CC1
C1CCC(C2CCC(CC3CCCC(C4CCC(C5CCCC5)CC4)C3)CC2)CC1
C1CCC(CC2CCC(C3CCC(C4CCCCC4)CC3)CC2)CC1
C1CCC(CCC2CCCC(CCC3CCC(CC4CCCCC4)CC3)C2)CC1
C1CCC(CCCC2CCC(C3CCCCC3)CC2)CC1
C1CCC(CC2CCCC(C3CCCC(C4CCCC4)C3)C2)CC1
C1CCC(C2CCC(C3CCCCC3)CC2)CC1
C1CCC(CC2CCC(C3CCCCC3)C2)CC1
C1CCC(CCCCC2CCCC(C3CCCCC3)C2)CC1
C1CCC(CC2CCC3CC(C4CCCCC4C4CCC(C5CCCCC5)CC4)CCC23)CC1
C1CCC(C2CCC(C3CCCCC3C3CCCC(C4CCCCC4)C3)CC2)CC1
C1CCC(CCC2CCC(C3CCCC(C4CCCC4)C3)CC2)CC1
C1CCC(C2CCCC(C3CCCCC3)C2)CC1
C1CCC(C2CCCC(CC3CCCC(C4CCCCC4)C3)C2)CC1
C1CCC(C2CCCC(C3CCCCC3)C2)CC1
C1CCC(CC2CCC(CC3CCCCC3)CC2)CC1
C1CCC(CC2CCC3CC(C4CCC(C5CCCC5)CC4)CC(C4CCCCC4)C3C2)CC1
C1CCC(CC2CCCCC2C2CCCCC2C2CCCCC2)CC1
C1CCC(CCCC2CCC(C3CCCC(C4CCCCC4)C3)CC2)CC1
C1CC(CC2CC3CCCCC32)CC(C2CCC(C3CC3)CC2)C1
C1CCC(C2CCCC(C3CCC(C4CCCC(CCC5CC5)C4)CC3)C2)CC1
C1CCC(CC2CCCC(C3CCCCC3)C2)CC1
C1CCC(CCCCCC2CCC(C3CCCCC3)C(C3CCCCC3)C2)CC1
C1CCC(C2CCC(CCC3CCC(CC4CCCC4)CC3)CC2)CC1
C1CCC(CC2CCCCC2)CC1
C1CCC(C2CCC(C3CCC(CCC(CCC4CCCC4)C4CCCC5CCCCC54)CC3)CC2)CC1
C1CCC(C2CCC(CC3CCCC(C4CCCCC4)C3)CC2)CC1
C1CCC(CC2CCC(CC3CCC(C4CCCC4)CC3)CC2)CC1
C1CCC(CCCCCC2CCC(CC3CCCCC3)CC2)CC1
C1CCC(CCCCC2CCC(CC3CCCC(CC4CCCCC4)C3)CC2)CC1
C1CCC(C2CCCCC2CC2CCCC2)CC1
C1CCC(CC2CCC(CC3CC3)CC2)C(CCC2CCCC(C3CCC4CCCCC43)C2)C1
C1CCC(C2CCC(C3CCCC(C4CCCCC4)C3)CC2)CC1
C1CCC(CCCC2CCC(C3CCC(C4CCCC(C5CCCCC5)C4)CC3)CC2)CC1
C1CCC(CCC2CCCC(C3CCCCC3)C2)CC1
C1CCC(C2CCCC(C3CCCCC3)C2)CC1
C1CCC(C2CCCCC2C2CCC3C(CCC3C3CCCC3)C2)CC1
C1CCC(C2CCC(C3CCC4CCCC4C3)C2CC2CCC(C3CCCC3)CC2)CC1
C1CCC(C2CCC(CC3CCCC(C4CCCC(C5CCCC5)C4)C3)CC2)CC1
C1CCC(CC2CCC(CCC3CCCC(C4CCCCC4)C3)CC2)CC1
C1CCC(C2CCCC(CCC3CCC(C4CCCCC4)C(C4CCCC4)C3)C2)CC1
C1CCC(CCC2CCCCC2C2CCC3CCC(CC4CCCCC4)CC3C2)CC1
C1CCC(CC2CCC(CCCC3CCC(CC4CCC(CC5CCCCC5)CC4)CC3)CC2)CC1
C1CCC(CC2CCC3CC(C4CCC5CCCCC54)CC(C4CCCC4C4CCCC4)C3C2)C1
C1CCC(C2CC(CC3CCCCC3C3CCCC3)CC3CCCCC32)CC1
C1CCC(C2CCC(C3CCCCC3)C(C3CCCC3)C2)CC1
C1CCC(CCC2CCC(CC3CCCC(CC4CCCCC4)C3)CC2)CC1
C1CCC(CC2CC(C3CCCC(C4CCCCC4)C3)C3CC(C4CCCC4)CCC23)CC1
C(CCC1CCC(CC2CCCC2)CC1)CCC1CCCC(C2CCCCC2)C1
C1CCC(CC2CCC(C3CCCCC3)CC2)CC1
C1CCC(CC2CCC(CC3CCCCC3)C(CC3CCCCC3)C2)CC1
C1CCC(CCC2CCC(CCC3CCCCC3CC3CCC(C4CCC(CC5CCCC5)CC4)CC3)CC2)CC1
C1CCC(CCCC2CCCCC2C2CCCCC2)CC1
C1CCC(C2CCC(C3CCCCC3C3CC4CCCCC4C3)C(C3CCC4CCCC4C3)C2)CC1
C1CCC(CC2CCC(CCC3CCC(C4CCCCC4)CC3)C(C3CCC4CCCCC43)C2)CC1
C1CCC(CC2CCC(CCC3CCC(CC4CCC(CC5CCCCC5)CC4)CC3)CC2)CC1
C1CCC(C2CCCCC2C2CC(C3CCCC(CC4CC4)C3)CC(C3CC4CCCCC4C3)C2)CC1
C1CCC(CC2CCCC(CC3CCC(CC4CC5CCCCC5C4)CC3)C2)CC1
C1CCC(CC2CCC(CCC3CCCC3)CC2)CC1
C1CCC(C2CCCCC2CC2CCC(C3CCCCC3C3CCCC3)CC2)CC1
C1CCC(CCC2CCCCC2C2CCCC(CC3CCCCC3)C2)CC1
C1CCC(CC2CC(C3CCCC(C4CCCCC4)C3)C3CCCC3C2C2CCCCC2)CC1
C1CCC(CC2CCC(C3CCCCC3C3CCCCC3C3CCC4CCCCC4C3)CC2)CC1
C1CCC2C(C1)CC2CC1CCCC(C2CCCCC2C2CCCC2)C1
C1CCC(CCC2CCCCC2C2CCCCC2C2CCCCC2)CC1
C1CCC(CCC2CCC(C3CCCC(C4CCCCC4)C3)CC2)CC1
C1CCC(CC2CC(C3CCCCC3)C3CC(CC4CCCC4)CCC23)CC1
C1CCC2CC(CC3CCC(CC4CCC(C5CCCCC5C5CCCC5)CC4)CC3)CC2C1
C1CCC(CC2CCC(C3CCC(CCC4CCCC(C5CCCCC5)C4)CC3)CC2)CC1
C1CCC(CC2CCC(C3CCCCC3)C(C3CCC4CCCCC4C3)C2)CC1
C1CCC(CCC2CCC(CC3CCCC(CC4CCCCC4)C3)CC2)CC1
C1CCC(C2CCC3C(CC4CCCC(C5CC5)C4)CCC3C2)CC1
C1CCC(CC2CCCC(CC3CCCC(C4CCCC(C5CCCCC5)C4)C3)C2)CC1
C1CCC(C2CCC3CCC(C4CCCCC4C4CCCCC4)CC3C2)CC1
C1CCC(CC2CCCC(CC3CC(C4CCC5CCCCC54)CC4CCCCC43)C2)CC1
C1CCC(C2CC(CCC3CC4CCCCC4C3)CC(C3CCCCC3)C2)CC1
C1CCC(CC2CCC(CC3CCC(CC4CCC(CC5CCCCC5)CC4)CC3)CC2)CC1
C1CCC(C2CCCC(CCC3CCCC(C4CCCC(C5CCCCC5)C4)C3)C2)CC1
C1CCC(CC2CCCC(C3CCC(CC4CCC(CCC5CC5)CC4)CC3)C2)CC1
C1CCC(C(CCC2CC2)CCC2CCC(C3CCCCC3)CC2)CC1
C1CCC(CCCC2CCC(C3CCCC(CC4CCCC(C5CCCC5)C4)C3)CC2)CC1
C1CCC(CC2CCC(C3CCCC3CC3CCC4CCCC4C3)CC2)CC1
C1CCC(CC2CCC(C3CCCCC3)CC2)CC1
C1CCC(C2CCCC(CC3CC(C4CCCC(CC5CCC(CC6CCCC6)CC5)C4)C4CCCCC34)C2)CC1
C1CCC(C2CCCC(C3CC(CC4CCCC(C5CCCC5)C4)C4CCCCC43)C2)CC1
C1CCC(CC2CCCCC2C2CCCCC2)CC1
C1CCC(CCCC2CCC(CC3CCC(CCC4CCCC4)CC3)CC2)CC1
C1CCC(C2CCC(C3CCCC3)CC2)CC1
C1CCC(CCC2CCCC(CC3CCCCC3)C2)CC1
C1CCC(CCC2CCC(CC3CCC(CC4CCCCC4)CC3)CC2)CC1
C1CCC(CCCCC2CCC(CC3CCC(CCC4CCCCC4)CC3)CC2)CC1
C1CCC(C2CCC(C3CCCCC3)CC2)CC1
C1CCC(CCC2CCC(CC3CCCC(C4CCCCC4CC4CCCCC4)C3)CC2)CC1
C1CCC(CCCC2CCC(CC3CCCCC3)CC2)CC1
C1CCC(CC2CCC(CCC3CCC(CC4CCC(C5CCCCC5)CC4)CC3)CC2)CC1
C1CC2CCC(C3CCC(C4CCC(CC5CC5)CC4)CC3)CC2C1
C1CCC(CC2CC(CC3CCCC(C4CCC4)C3)C3CCC(C4CCC5CCCCC54)CC23)CC1
C1CCC(CC2CCC3C(CC4CCCCC4)CC(CC4CCCCC4)C3C2)CC1
C1CCC(CCCC2CC(CCCC3CCCCC3)CC(C3CCCCC3)C2)CC1
C1CCC(C2CCC(C3CCCCC3)CC2)CC1
C1CCC(C2CCC3CCCC(C4CCCCC4)C3C2)CC1
C1CCC(CCCC2CCC(CC3CCC(CC4CCC5CCCC5C4)CC3)CC2)CC1
C1CCC(CC2CCC(CC3CCC(C4CCCC(CC5CCCCC5)C4)CC3)CC2)CC1
C1CCC(CCC2CC(C3CC3)CCC2C2CCCCC2C2CCC3CCCC3C2)CC1
C1CCC(CCC2CC(C3CCC(CCC4CC5CCCCC5C4)CC3)C3CCC(C4CCCCC4)CC23)CC1
C1CCC(CC2CCC(C3CCCCC3)CC2CCC2CCC(C3CCCC3)CC2)CC1
C1CCC(CCCC2CCC(CCC3CCCCC3)CC2)CC1
C1CCC(CC2CCC(C3CCC(C4CCC(C5CC5)CC4)CC3)CC2)CC1
C1CCC(CCC2CCC(CCC3CCCC(C4CCCCC4)C3)CC2)CC1
C1CCC(CC2CCC(CC3CCCCC3)CC2)CC1
C(CCCC1CCCC(CC2CCC3CCCCC32)C1)CCC1CCCCC1
C1CCC(CCCC2CCC(C3CCCCC3)CC2)CC1
C1CCC2CC(CC3CCC(C4CCCCC4CC4CC5CCCCC5C4)CC3)CC2C1
C1CCC(CC2CCC(C3CCCCC3)CC2)CC1
C1CCC(CC2CCC(CC3CCCC(CC4CC5CCCCC5C4)C3)C(C3CCCC3)C2)CC1
C1CCC(C2CCCC(CC3CCC4CCCC4C3)C2)CC1
C1CCC(CC2CCCC(CCC3CCC(CC4CCCC4)CC3C3CCCCC3)C2)CC1
C1CCC(CCC2CCCC(CC3CCC(CC4CCCCC4)CC3)C2)CC1
C1CCC(CC2CCC(C3CCCC(C4CCCCC4)C3)CC2)CC1
C1CCC(CCCC2CCC(C3CCCC(CC4CCCCC4)C3)CC2)CC1
C1CCC(CCC2CCC(C3CC4CCCCC4C3)CC2)CC1
C1CCC(CC2CCC(CCC3CCCC3)CC2)CC1
C1CCC(CCCCC2CCC(CC3CCCCC3)CC2)CC1
C1CCC(C2CCCC(C3CCC4CC(C5CCCC5)CCC4C3)C2)CC1
C1CCC(CCC2CCCC(C3CCCCC3)C2)CC1
C1CCC(CC2CCC(CCCC3CC(C4CCCCC4)CC(C4CCCC4)C3)CC2)CC1
C1CCC(CC2CCC3CCC(C4CCC5CCCCC5C4)C3C2)CC1
C1CCC(CCCC2CCCC(CC3CCCCC3)C2)CC1
C1CCC(CC2CCCC(CC3CC(C4CCC(C5CCCCC5)CC4)C4CCCCC34)C2)CC1
C1CCC(C2CCCC(CC3CCCC(CC4CCC5CCCCC54)C3)C2)CC1
C1CCC(CC2CCCCC2C2CCCC(CC3CCC(CC4CCCC4)CC3)C2)CC1
C1CCC(C2CCC(C3CCC(C4CCCCC4)C3)CC2)CC1
C1CCC(C2CCC(C3CCCCC3)CC2)CC1
C1CCC(CCC2CCCC(CCC3CCCCC3)C2C2CCCC2)CC1
C1CCC(C2CCCCC2)CC1
C1CCC(C2CCCCC2C2CCCC(C3CCC(CCC4CCC5CCCCC54)CC3)C2)CC1
C1CCC(CCCCCC2CCC(C3CCCCC3)C(C3CCC(CCCCC4CC4)C3)C2)CC1
C1CCC(C2CCCC(C3CCCCC3C3CCCCC3)C2)CC1
C1CCC(C2CCC(C3CCCCC3)CC2)CC1
C1CCC(CC2CCC(C3CCC4CCCC4C3)CC2)CC1
C1CCC(C2CCC3C(CCCC3C3CCC(C4CCCC5CCCCC54)CC3)C2)CC1
C1CCC(C2CCCC(C3CCC4CCCCC43)C2)CC1
C1CCC(C2CCCCC2CCCC2CCC(CC3CCCCC3C3CCCCC3)CC2)CC1
C1CCC(CCCC2CC(CC3CCCCC3)C3CCCCC23)CC1
C1CCC(C2CCCC(CC3CCC(C4CCC5CCCC5C4)CC3)C2)CC1
C1CCC(CC2CCC(CC3CCCCC3)CC2)CC1
C1CCC(CCCC2CCCCC2)CC1
C1CCC(CC2CCC(CC3CCCC(CC4CCCCC4)C3)CC2)CC1
C1CCC(CCC2CCC3C(CCC3C3CCCCC3)C2)CC1
C1CCC(CCCC2CCC(C3CCCCC3)C(C3CCCCC3)C2)CC1
C1CCC(C2CC(C3CCC4CCCCC43)CC3CCCCC32)CC1
C1CCC(C2CCCC(CC3CCCC(C4CCCCC4)C3)C2)CC1
C1CCC(CCC2CCC(C3CCC(CC4CCCC4)CC3)CC2)CC1
C1CCC(C2CCCCC2C2CCCC2)CC1
C1CCC(CCCC2CCCCC2C2CCC(C3CCCC(C4CC4)C3)CC2)C1
C1CCC(CC2CCC(C3CCCCC3)CC2)CC1
C1CCC(C2CCCC(C3CCC(CC4CC5CCCCC5C4)CC3)C2)CC1
C1CCC(C2CCCC(CCC3CCC(CC4CCCC(C5CCCC5)C4)CC3)C2)CC1
C1CCC(C2CCCC(C3CCC(CC4CCCC(C5CCC(C6CCC6)CC5)C4)CC3)C2)CC1
C1CCC(CC2CC(C3CCCCC3)CC(C3CCCC4CCCCC43)C2)CC1
C1CCC(CC2CCCCC2C2CCCC(CC3CC4CCCCC4C3)C2)CC1
C1CCC(C2CCC(C(C3CCCCC3)C3CCCC3)CC2)CC1
C1CCC(CCC2CCC(CC3CCCCC3)CC2)CC1
C1CCC(CC2CCC(C3CCCCC3CC3CCCCC3)CC2)CC1
C1CCC(C2CC(C3CCC3)CC(C3CCCCC3C3CCC(C4CCCC4)CC3)C2)CC1
C1CCC(C2CCCCC2CC2CCCC(CC3CC4CCCCC4C3)C2)CC1
C1CCC(C2CCCC(C3CC(C4CCCCC4)C4CCCCC34)C2)CC1
C1CCC(CCC2CCCC(C3CCCCC3)C2)CC1
C1CCC(CC2CCCC(CCC3CCCC(CC4CCCCC4)C3)C2)CC1
C1CCC(CC2CCCCC2C2CC3CCCCC3C(C3CCCCC3)C2)CC1
C1CCC(CCCCC2CCC(C3CCCCC3C3CCCCC3)CC2)CC1
C1CC(C2CCCC(C3CCCC(C4CCC5CCCC5C4)C3)C2)C1
C1CCC(CC2CCC(C3CCCCC3CC3CCCCC3)CC2)CC1
C1CCC(CCC2CC(C3CCCC3)CCC2C2CCC3CCCCC3C2)CC1
C1CCC(CCC2CCC(C3CCCCC3)C(CCC3CCCC(C4CCCCC4)C3)C2)CC1
C1CCC(CCC2CCC(CC3CCC(C4CCCC4)CC3)CC2)CC1
C1CCC(C2CCCC(CCC3CCC4CC(C5CCCCC5)CCC34)C2)CC1
C1CCC(CCC2CCCCC2C2CCC(C3CCCC(C4CCCC4)C3)C2)CC1
C1CCC(CCC2CCC(C3CCCCC3C3CCCCC3)CC2)CC1
C1CCC(C2CCCCC2C2CCCC(C3CCCCC3C3CC3)C2)CC1
C1CCC(CC2CCCC(CC3CCCCC3CC3CCCCC3)C2)CC1
C1CCC(CC2CCC(CC3CCCCC3)CC2)CC1
C1CCC(CCC2CCC(CCC3CCC(CC4CCCCC4)CC3)CC2)CC1
C1CCC(C2CCCC(C3CCC4CCCCC43)C2)C1
C1CCC(C2CCCC(CC3CCC(CCC4CC5CCCCC5C4)CC3)C2)C1
C1CCC(CC2CCC(C3CCCC(C4CCCCC4)C3)CC2)CC1
C1CCC(C2CCCC(C3CCCCC3C3CCC4C(CCCC4C4CCCCC4)C3)C2)CC1
C1CCC(C2CCCC(C3CCC(C4CCC(CCC5CCC6CCCCC65)CC4)CC3)C2)CC1
C1CCC(C2CCCCC2C2CCC3C(CCCC3C3CCC4CCCCC4C3)C2)CC1
C1CCC(C2CCCCC2)CC1
C1CCC(CC2CCC(C3CCCC(CCCC4CC5CCCCC5C4)C3)CC2)CC1
C1CCC(C2CCCCC2C2CCCC(CC3CC4CCCCC4C3)C2)CC1
C1CCC(C2CCC(CC3CC(C4CCCCC4)C4CCCCC34)CC2)CC1
C1CCC(CC2CCC(CC3CCC(CC4CCCCC4)C3)CC2)CC1
C1CCC(C2CCCCC2C(C2CCC(CCC3CC4CCCCC4C3)CC2)C2CC2)CC1
C1CCC(C2CCC3C(C4CCCCC4)CC(C4CCCCC4)C3C2)CC1
C1CCC(CC2CCCCC2C2CCCCC2)CC1
C1CCC(CCC2CC(CC3CCCCC3)CCC2C2CCCCC2)CC1
C1CCC(CC2CCC(CC3CCC(CC4CCCCC4)CC3)CC2)CC1
C1CCC(C2CCC(CCCC3CCC(C4CCCCC4C4CCCCC4)CC3)CC2)CC1
C1CCC(C2CCCC(C3CCCCC3)C2)CC1
C1CCC(C2CCC(CC3CCC4CCCC4C3)CC2)CC1
C1CCC(CCC2CCC(C3CCC(CCC4CCCCC4)CC3)CC2)CC1
C1CCC(CCC2CCCC3CC(C4CCCCC4CC4CCCCC4)CCC23)CC1
C1CCC(C2CCC(CCCC3CCCC(C4CCCCC4)C3)CC2)CC1
C1CCC(C2CCC(C3CCC(CC4CCCC4)CC3)CC2)CC1
C1CCC(C2CCC(CC3CCCCC3CCCC3CCCCC3CC3CCCC3)CC2)CC1
C1CCC(CC2CCC(C3CCCC(C4CCCCC4)C3)CC2)CC1
C1CCC(C2CCC(CC3CC(C4CCC5CCCCC5C4)CCC3C3CCCCC3)CC2)CC1
C1CCC(C2CCC(C3CCCC(C4CCC(C5CCC(C6CCCCC6)C5)CC4)C3)CC2)CC1
C1CCC(CC2CCCCC2C2CCC(C3CCCCC3)CC2)CC1
C1CCC(CC2CCC(C3CCCC(C4CCCCC4)C3)CC2)CC1
C1CCC(C2CC(CCCC3CCC4CCCC4C3)CC(C3CCCCC3)C2)CC1
C1CCC(CCCC2CCC(C3CCCCC3)CC2C2CCCC2)CC1
C1CCC(CC2CCC(CC3CCC(C4CCCCC4)CC3)CC2)CC1
C1CCC(C2CCCCC2)CC1
C1CCC(CCCC2CCCC(CC3CCCCC3)C2)CC1
C1CCC(CCC2CCCCC2CCC2CCCCC2)CC1
C1CCC(CCCCC2CCC(CC3CCC(C4CCCCC4)CC3)CC2)CC1
C1CCC(CC2CCCC(C3CC(CC4CCCCC4)CC(C4CCCCC4)C3)C2)CC1
C1CCC(CC2CCCC(CC3CCC(C4CCCCC4)CC3)C2)CC1
C1CCC(CC2CCCCC2CCCCCC2CCCC(C3CCC4CCCCC4C3)C2)CC1
C1CCC(C2CC(C3CCC4CCCCC43)CC3CCCCC32)CC1
C1CCC(CCC2CCC(CC3CCC(CC4CCC4)CC3)CC2)CC1
C1CCC(C2CCC(CC3CCCC(C(CC4CC5CCCCC5C4)C4CCCCC4)C3)CC2)CC1
C1CCC(CC2CCCCC2C2CC(C3CCCCC3)CC3CCCCC32)CC1
C1CCC(C2CCCC(C3CCC(CC4CCC(C5CCCC5)CC4)CC3)C2)CC1
C1CCC(CCC2CCCC(C3CCCC(C4CCCC(CC5CCCCC5)C4)C3)C2)CC1
C1CCC(CCCC2CCC(CC3CCC(CCCC4CCC5CCCCC54)CC3)CC2)CC1
C1CCC(C2CCCC(CC3CC3)C2)CC1
C1CCC(C2CCC(C3CCCCC3C3CCCC3)CC2)CC1
C1CCC(CCC2CCC(CCC3CCC(C4CCCCC4C4CCC5CCCCC5C4)CC3)CC2)C1
C1CCC(CC2CCC(C3CCC(C4CC4)CC3)CC2)CC1
C1CCC(CCC2CCC(CC3CCC(C4CCC4)CC3)CC2)CC1
C1CCC(CC2CCC(C3CCCCC3)CC2)CC1
C1CCC(C2CC(C3CCCCC3C3CCC4CCCCC4C3)CCC2CC2CCCC2)CC1
C1CCC(C2CCC(C3CCC(C4CCCCC4)CC3)CC2)CC1
C1CCC(CC2CCC(CC3CCCCC3)C(C3CCCC3)C2)CC1
C1CCC(C2CCCCC2C2CCCCC2)CC1
C1CCC(C2CCC(C3CCCC(C4CCCC4)C3)CC2)CC1
C1CCC(CC2CCCCC2CCC2CCC(C3CCC4CCCCC43)CC2)CC1
C1CCC(CC2CCC(CC3CCCCC3)CC2)CC1
C1CCC(CCCCC(C2CCCCC2)C2CCC(C3CCCCC3)CC2)CC1
C1CCC(CC2CCC(C3CCCCC3CC3CCCCC3)CC2)CC1
C1CCC(CC2CCC(CC3CCC(CCC4CCC4)CC3)CC2)CC1
C1CCC(C2CCC(C3CCCC(C4CCCCC4)C3)CC2)CC1
C1CCC(CCC2CCCC(C3CCCCC3)C2)CC1
C1CCC(CCC(C2CCCCC2)C(C2CCCCC2)C2CCCC2)CC1
C1CCC(CC2CCC(CC3CC(C4CCCCC4)C4CC(CC5CCCCC5)CCC34)CC2)CC1
C1CCC(C2CCC(CCC3CCCC(C4CCCCC4)C3)CC2)CC1
C1CCC(C2CCCCC2CC2CCC(CC3CCCC3)CC2)CC1
C1CCC(C2CCCC(C3CC4CCCCC4C3)C2)CC1
C1CCC(CC2CC(C3CCCCC3)CCC2CCCCCC2CCC(C3CCCCC3)CC2)CC1
C1CCC(CC2CCCCC2)CC1
C1CCC(CC2CCC(C3CCC(CC4CCC5C(CC6CCCCC6)CCC5C4)CC3)CC2)CC1
C1CCC(CC2CCCCC2C2CCC(C3CCCCC3)C2CC2CCCCC2)CC1
C1CCC(CCC2CCCC(CC3CCCCC3CC3CCCCC3)C2)CC1
C1CCC(CCCCC2CCC(C3CCCCC3)CC2)CC1
C1CCC(CC2CCCCC2)CC1
C1CCC(C2CCCC(C3CC(C4CCC4)CC(C4CCCC(C5CCC(C6CCCC6)CC5)C4)C3)C2)CC1
C1CCC(C2CCC(C3CCCC3)CC2)CC1
C1CCC(C2CCC(CC3CCCC4CC(C5CCCCC5)CCC34)CC2)CC1
C1CCC(CC2C(C3CCCCC3)CCCC2C2CCC2)CC1
C1CCC(C2CCCCC2C2CCC(C3CCCC3)CC2)CC1
C1CCC(C2CCCCC2C2CCCCC2C2CCC3CCCC3C2)CC1
C1CCC(CCC2CCC3C(CCCC3C3CCC(CC4CCCCC4)CC3)C2)CC1
C1CCC(CC2CCC(C3CCCC3CC3CCC(C4CCCC4)CC3)CC2)CC1
C1CCC(CC2CCC(CC3CCC(C4CCCCC4)CC3)CC2)CC1
C1CCC(CCCC2CC(CCC3CCCCC3)CC(CCC3CCCCC3)C2)CC1
C1CCC(C2CCCC(C3CCCCC3)C2)CC1
C1CCC(CCCCC2CCC(C3CCCCC3)CC2)CC1
C1CCC(CC2CCC(C3CCCCC3)CC2C2CCCCC2)CC1
C1CCC(C2CCC(CC3CCC(C4CCC5CCCCC54)CC3)CC2)CC1
C1CCC(C2CCC(CCCC3CCC4CCCCC43)CC2)CC1
C1CCC(CC2CCCC(C3CCCC(C4CCCC4)C3)C2)CC1
C1CCC(C2CCC(C3CCCCC3C3CCCC(C4CCCC4)C3)CC2)CC1
C1CCC(CC2CC(CCC3CCCC3)CC(CCC3CCCC(C4CCCCC4)C3)C2)CC1
C1CCC(CC2CCCC(C3CCC(C4CCCCC4)CC3CC3CCCCC3)C2)CC1
C1CCC(C2CC(C3CCC4CCCCC43)CC3CCCCC32)CC1
C1CCC(CCCCCC2CCCCC2C2CCC3CCCCC32)CC1
C1CCC(C2CCC(CCC3CC(C4CCCCC4)CC(C4CC4)C3)CC2)CC1
C1CCC(CC2CCC(CCCC3CCCCC3C3CCC(C4CCCCC4)CC3)CC2)CC1
C1CCC(CCCC2CCCC(C3CCCC(C4CCCCC4)C3)C2)CC1
C1CCC(CC2CCC(C3CCCCC3)CC2C2CCCC2C2CCC3CCCC3C2)CC1
C1CCC(CC2CCC(C3CCCC(CC4CCC(CCC5CCCC5)C4)C3)CC2)CC1
C1CCC(CC2CCCCC2CCC2CCC(C3CCCC3)CC2)CC1
C1CCC(CCC2CCC(CCC3CCCCC3)C(C3CCCCC3)C2)CC1
C1CCC(CCC2CCCCC2CC2CCC(C3CCCCC3)CC2)CC1
C1CCC(CC2CCC(C3CCCC(CCC4CCCC(C5CCCC5)C4)C3)CC2)CC1
C1CCC(CC2CCCC(C3CCCCC3C3CCCC(C4CCCCC4)C3)C2)CC1
C1CCC(CCCC2CCC(C3CCCC(CC4CCCCC4)C3)CC2)CC1
C1CCC(CCC2CCCCC2CCCCC2CCCCC2C2CCCCC2)CC1
C1CCC(CCCC2CCCCC2)CC1
C1CCC(CC2CCC(C3CCCCC3)CC2)CC1
C1CCC(C2CCC(C3CCCCC3C3CCC(C4CCCC4)CC3)CC2)CC1
C1CCC(CC2CCCCC2C2CCC3CCCCC3C2)CC1
C1CCC(CC2CCC(C3CCCC(CCCC4CCC5CCCCC54)C3)CC2)CC1
C1CCC(C2CCC(CCC3CCCC(C4CCCCC4)C3)CC2)CC1
C1CCC(C2CC3CCCCC3C(C3CCCCC3)C2)CC1
C1CCC(C2CCCC(C3CCCCC3)C2)CC1
C1CCC(CCCC2CCC(C3CCC(C4CCCC4)CC3)CC2)CC1
C1CCC(CC2CCCC(C3CCCCC3)C2)CC1
C1CCC(CC2CCC(CC3CCCCC3)CC2)CC1
C1CCC(C2CCCC(CC3CCCC(C4CC4)C3)C2)CC1
C1CCC(CCCCC2CCC(C3CCCCC3)CC2)CC1
C1CCC(CCC2CCCC(C3CCCC(CCC4CCCCC4)C3)C2)CC1
C1CCC(CCCCCC2CCC(CC3CCCC(C4CCC4)C3)CC2)CC1
C1CCC(CC2CCCC(C3CCCCC3)C2)CC1
C1CCC(C2CCCC(C3CCCCC3)C2)CC1
C1CCC2CC(C3CCC(CC4CCCCC4C4CCCC4)CC3)CCC2C1
C1CCC(C2CCC(CCC3CC4CCCCC4C3)CC2C2CCCCC2)CC1
C1CCC(CC2CCC(CCC(C3CCCCC3)C3CCCCC3)CC2)CC1
C1CCC(C2CCC3CC(CCC4CCCC4)CCC32)CC1
C1CCC(CC2CCCC(C3CCCCC3)C2)CC1
C1CCC(CCC2CCC(CC3CCCCC3)CC2)CC1
C1CCC(CCC2CCC(CCC3CC(C4CCCCC4)C4CCCCC34)CC2)CC1
C1CCC(CC2CCC(CC3CCCCC3C3CCCCC3)CC2)CC1
C1CCC(CCCCC2CCC(CC3CCC(CCCCC4CCCCC4)CC3)CC2)CC1
C1CCC(CCCC2CCC(C3CCCC(C4CCCCC4)C3)CC2)CC1
C1CCC(CC2CCCC(C3CC(C4CCCCC4)CC(C4CC4)C3)C2)CC1
C1CCC(CCCC2CCCC(C3CCCC(CC4CCCC4)C3)C2)C1
C1CCC(CCC2CC(C3CCCC3)C3CC(C4CCCC(C5CCCCC5)C4)CCC23)CC1
C1CCC(CCC2CC(C3CCCCC3)CC(C3CCCC3)C2)CC1
C1CCC(C2CCC(CC3CCC(C4CCCCC4)CC3)CC2)CC1
C1CCC(CC2CCC(CC3CCC(C4CCCC(C5CC6CCCCC6C5)C4)CC3)C2)CC1
C1CCC(CCC2CCC(C3CCC(C4CCCCC4)CC3)CC2)CC1
C1CCC(CC2CCC(C3CC4CCCCC4C3)C(C3CCCCC3)C2)CC1
C1CCC(C2CCC(C3CCC(CC4CCCC(C5CC5)C4)CC3)CC2)CC1
C1CCC(CCC2CCCCC2CC2CCC3CCCC(C4CCCCC4)C3C2)CC1
C1CCC(CC2CCCC(C3CC(C4CCCCC4)CC(C4CCCCC4)C3)C2)CC1
C1CCC(C2CCCC(C3CCCCC3)C2)CC1
C1CCC(CCC2CC(CC3CCCCC3)CCC2C2CCCCC2)CC1
C1CCC(CCCC2CCC(C3CCCCC3C3CCCCC3)CC2)CC1
C1CCC(C2CCCC(C(CCC3CCC(C4CCCC4)CC3)C3CCCCC3)C2)CC1
C1CCC(CC2CCCC(CCC3CCC(C4CCCCC4)CC3)C2)CC1
C1CCC(C2CCCCC2CCC2CCCCC2C2CCCCC2C2CC2)CC1
C1CCC(CC2CCCC(CCCC3CCC(C4CCCCC4)CC3)C2)CC1
C1CCC(CCCC2CC(C3CCCCC3)CCC2CC2CC3CCCCC3C2)CC1
C1CCC(CCCCC2CCCCC2CC2CCC(CC3CCCCC3)CC2)CC1
C1CCC(CCCC2CCCC(CC3CCCCC3)C2)CC1
C1CCC(CCCC2CCC(C3CCC(CCC4CCCCC4)CC3)CC2)CC1
C1CCC(CCCC2CCCC(C3CCC(CC4CCCCC4)CC3)C2)CC1
C1CCC(CCCC2CCCC(CC3CCCC(C4CCCCC4)C3)C2)CC1
C1CCC(C2CCCC(C3CCCC(CCC4CCCC5CCCCC54)C3)C2)C1
C1CCC(C2CCC(CC3CCCCC3C3CCCCC3)CC2)CC1
C1CCC(C2CCCCC2)CC1
C1CCC(C2CCCC(CCC3CCC(C4CC4)CC3CC3CC4CCCCC43)C2)CC1
C1CCC2CC(CC3CCC(CC4CCCCC4C4CCCCC4C4CCCC4)CC3)CCC2C1
C1CCC(CC2CC(C3CCCCC3)C3CC(CC4CC5CCCCC5C4)CCC23)CC1
C1CCC(C2CCCC(CCC3CC(C4CCCCC4)CC(C4CCC4)C3)C2)CC1
C1CCC(CCCC2CCC(C3CCC(CCC4CCCCC4)CC3)CC2)CC1
C1CCC(C2CCC(CC3CCCCC3C3CCCCC3)CC2)CC1
C1CCC(CCC2CCC3CC(C4CCCCC4C4CCCCC4)CCC23)CC1
C1CCC(C2CCCC(C3CCC(C4CCCCC4C4CCCC4)C(CC4CC4)C3)C2)CC1
C1CCC(C2CCC(C3CCCCC3)C(C3CCCCC3)C2)CC1
C1CCC(CC2CCC(CC3CCCC(CC4CC5CCCCC5C4)C3)CC2)CC1
C1CCC(CCC2CCC(C3CCCCC3)CC2)CC1
C1CCC(CCC2CCCC(CCC3CCCCC3)C2)CC1
C1CCC(C2CCCCC2)CC1
C1CCC(CC2CCCC(CC3CCCCC3)C2)CC1
C1CCC(C2CC(C3CCC4CCCC(C5CCCCC5)C43)CC3CCCCC32)CC1
C1CCC(CC2CCC(C3CCC3)CC2)CC1
C1CCC(C2CCC(CC3CCCC(C4CCCC4)C3)CC2)CC1
C1CCC(CC2CCC(C3CCCCC3)CC2)CC1
C1CCC(CCCC2CCCC(C3CCCC(CC4CCCCC4)C3)C2)CC1
C1CCC(CC2CCCC(C3CCCC(CC4CCC(C5CCCC5)CC4)C3)C2)CC1
C(CCCC1CCCCC1)CCCC1CCC(C2CCCCC2)CC1
C1CCC(CCCCCC2CCC(CC3CCCCC3)CC2)CC1
C1CCC(CC2CCC(CC3CCCC(C4CCCCC4)C3)CC2)CC1
C(CCCC1CCCC(CCC2CCCCC2)C1)CCC1CCCCC1
C1CCC(CC2CCCCC2C2CCC(CC3CCC3)CC2)CC1
C1CC(C2CCC(C3CCC4CCCC(C5CCC(C6CCCC6)C5)C4C3)CC2)C1
C1CCC(C2CCC(CCC3CCC4CCCCC43)CC2)CC1
C1CCC(C2CCCCC2C2CCCCC2)CC1
C1CCC(CC2CCCC(C3CCC(C4CCCCC4)CC3)C2)CC1
C1CCC(C2CCC(C3CCCCC3)CC2)CC1
C1CCC(C2CCC(CC3CCCCC3C3CCCCC3C3CCCCC3)CC2)CC1
C1CCC(CC2CCCC(C3CCCCC3CC3CCCCC3)C2)CC1
C1CCC(CC2CCC3CC(C4CCC5CCCCC54)CCC3C2)C1
C1CCC(CC2CCCCC2C2CCC(CC3CCCC3)C2)CC1
C1CCC(CCC2CCCCC2C2CCCCC2CC2CCCCC2)CC1
C1CCC(CCC2CCCCC2C2CCCCC2)CC1
C1CCC(CCC2CCCC2CC2CCCCC2CC2CCC3CCCCC3C2)CC1
C1CCC(CC2CCC(C3CCCCC3)CC2)CC1
C1CCC(CCCC2CCC(CC3CCC(CCCC4CCCCC4)CC3)CC2)CC1
C1CCC(CC2CC(C3CCCC(C4CCCCC4)C3)C3CCCCC23)CC1
C1CCC(CC2CCC(CC3CCC(CC4CCCCC4)CC3)CC2)CC1
C1CCC(C2CCC(CC3CCCC(C4CCCCC4)C3)CC2)CC1
C1CCC(CC2CCC(C3CCC(C4CCCCC4CC4CCCCC4)CC3)CC2)CC1
C1CCC(C2CCC3C(CCCC3C3CCC(CC4CC4)CC3)C2)CC1
C1CCC(CC2CCCCC2C2CCCCC2)CC1
C1CCC(CCCCCC2CCC(C3CCC(C4CCCCC4)CC3)CC2)CC1
C1CCC(CC2CCC(C3CCCC(CCC4CCCC4)C3)CC2)CC1
C1CCC(C2CCC(CC3CCC(C4CCCCC4)CC3)CC2)CC1
C1CCC(C2CCCC(C3CCCCC3)C2)CC1
C1CCC(CCC2CCCC(C3CCCCC3)C2)CC1
C1CCC(CCC2CCCCC2C2CCC3CCCCC32)CC1
C1CCC(CCC2CCC(CCC3CCCC(CC4CCCCC4)C3)CC2)CC1
C1CCC(C2CCC(C3CCCCC3)CC2)CC1
C1CCC(CC2CCCCC2CC2CCCC(C3CCCCC3)C2)CC1
C1CCC(C2CCC(C3CCC(C4CCC(CC5CCC6CCCCC65)CC4)CC3)CC2)C1
C1CCC(C2CCCC(CCC3CCCCC3C3CCCCC3)C2)CC1
C1CCC(CC2CCC(C3CCCCC3)CC2)CC1
C1CCC(C2CCCCC2C2CCCCC2)CC1
C1CCC(CCCC2CCCC(CC3CCCC(C4CC4)C3)C2)CC1
C1CCC(C2CCC3CCC(C4CCCCC4)C3C2)CC1
C1CCC(CC2CCC(CCC3CCC(C4CCCCC4)CC3)CC2)CC1
C1CCC(CCC2CCC3CCCCC3C2)CC1
C1CCC(CCC2CCC(CC3CCCCC3)CC2)CC1
C1CCC(CC2CCC(C3CCCC(CC4CCCC5CCCCC54)C3)CC2)CC1
C1CCC(CC2CCCC(C3CC4CCCCC4C(C4CCCCC4)C3)C2)CC1
C1CCC(CC2CCC(C3CC3)CC2C2CCCCC2)CC1
C1CCC(CCCCC2CCC(CCCC3CCCCC3)CC2)CC1
C1CCC(C2CCCC(C3CCC(CCC4CC4)CC3)C2)CC1
C1CCC(CCC2CCCC(CC3CCCCC3)C2)CC1
C1CCC(CCC2CCCC(C3CCCCC3)C2)CC1
C1CCC(C2CCCCC2C2CCC(C3CCC(CC4CCCC4)CC3)CC2)CC1
C1CCC(C2CCCC(CC3CCCC(CC4CC5CCCCC5C4)C3)C2)CC1
C1CCC(CCCC2CCC(CC3CCCCC3)CC2)CC1
C1CCC(CC2CCCC(C3CCC(C4CCCCC4CC4CC5CCCCC5C4)CC3)C2)CC1
C1CCC(C2CCC(C3CCCCC3)CC2)CC1
C1CCC(CCC2CC(CC3CCCCC3)C3CCCCC23)CC1
C1CCC(CCCC2CCCCC2CC2CCCCC2)CC1
C1CCC(C2CCC(C3CCCC(C4CCCCC4)C3)CC2)CC1
C1CCC(CC2CCCC(C3CCCCC3)C2)CC1
C1CCC(CCCCC2CCC(CCCC3CCCC(C4CCCCC4)C3)CC2)CC1
C1CCC(CC2CCCC(C3CCC(CC4CCCC4)CC3)C2)CC1
C1CCC(CCCC2CCCC(CCC3CCCCC3)C2)CC1
C1CCC(CC2CCCC(C3CCCCC3)C2)CC1
C1CCC(CC2CCCC(C3CCC(C4CCCCC4)CC3)C2)CC1
C1CCC(CCCC2CCCCC2CC2CCC(CC3CCCC(C4CCCCC4)C3)CC2)CC1
C1CCC(C2CCCC(C3CCCCC3)C2)CC1
C1CCC(C2CCC(CCC3CC(C4CCCCC4)CC(C4CCCC4)C3)CC2)CC1
C1CCC(CC2CCCC(C3CCC(C4CCC(C5CCCC5)CC4)CC3)C2)CC1
C1CCC(CC2CCC(C3CC(C4CCC5CCCCC54)CC4CCC(C5CCCCC5)CC43)CC2)CC1
C1CCC(CCC2CCCC(CC3CCCC(CCC4CCCCC4)C3)C2)CC1
C1CCC(CC2CCCCC2C2CCCCC2CC2CCCC(C3CCCCC3)C2)CC1
C1CCC(C2CCC(C3CCCCC3C3CCCCC3)CC2)CC1
C1CCC(CCC2CCCCC2)CC1
C1CCC(CCC2CCC(C3CCC4CCCC4C3)CC2)CC1
C1CCC(C2CC(C3CCCCC3)C3CC(CC4CCCC(CC5CC6CCCCC6C5)C4)CCC23)CC1
C1CCC(C2CCC3C(CC4CCC(CC5CC5)CC4)CCCC3C2)CC1
C1CCC(CCCC2CCCC(CCC3CCC(C4CCCCC4)CC3)C2)CC1
C1CCC(C(CCC2CCCC(C3CC4CCCCC4C3)C2)C2CCC(CCC3CC3)CC2)CC1
C1CCC(CC2CCC3C(C4CCCCC4)CC(C4CCCCC4)C3C2)CC1
C1CCC(CC2CCCCC2CC2CCC(C3CCCCC3)CC2)CC1
C1CCC(CC2CCC(CCC3CCCC(C4CCCCC4)C3)CC2)CC1
C1CCC(CC2CCCC(CCCC3CC(CC4CCCCC4)C4CCCCC34)C2)CC1
C1CCC(C2CC(C3CCC4CCCCC4C3)C3CCCCC23)CC1
C1CCC(CC2CCC(C3CCCCC3)CC2C2CCCCC2)CC1
C1CCC(CC2CC(C3CCCC(C4CCCC4)C3)C3CCCCC23)CC1
C1CCC(CC2CCC(CC3CCCC(C4CCCC(C5CCC(C6CCCC6)CC5)C4)C3)CC2)CC1
C1CCC(CC2CCC(C3CCC(C4CCCCC4CC4CCCCC4)C(C4CCCC4)C3)CC2)CC1
C1CCC(CC2CCC(C3CCC(CC4CC4)CC3)CC2)CC1
C1CCC(C2CCCCC2C2CCCCC2)CC1
C1CCC(C2CCC(CCCC3CCC4CCCCC4C3)CC2)CC1
C1CCC(CCC2CCC3CC(C4CCC5CCCCC54)CC(C4CCCCC4)C3C2)CC1
C1CCC(CCCC2CCC(C3CCCCC3)CC2)CC1
C1CCC(C2CCCCC2C2CCCCC2)CC1
C1CCC(CC2CCC(C3CCCCC3)C(CC3CCCCC3)C2)CC1
C1CCC(CCC2CCCCC2C2CCCCC2)CC1
C1CCC(CC2CCC(C3CCCCC3)CC2)CC1
C1CCC(CC2CCCCC2CC2CCCC(C3CCCCC3C3CCCC3)C2)CC1
C1CCC(CCC2CCC(C3CC4CCCCC4C3)CC2)CC1
C1CCC(CCC2CCCC(C3CCC(CC4CCCC(C5CCCCC5)C4)CC3)C2)CC1
C1CCC(CC2CC(C3CCCCC3)CCC2CC2CCC(C3CCCC(C4CCCCC4)C3)CC2)CC1
C1CCC(CC2CCC(CC3CCC(C4CCCC(CC5CC5)C4)CC3)CC2)CC1
C1CCC(CCC2CCCC2CC2CCCCC2CC2CCC3CCCCC3C2)CC1
C1CCC(CC2CC(CC3CCCC(C4CCCCC4)C3)C3CCCCC23)CC1
C1CCC(CCC2CCCCC2CC2CCCCC2)CC1
C1CCC(CCC2CCC(CC3CCCCC3)CC2)CC1
C1CCC(CCCC2CCC(C(C3CCCCC3)C3CCCCC3C3CCCC3)CC2)CC1
C1CCC(C2CCC(C3CCCCC3)C(C3CCCCC3)C2)CC1
C1CCC(CCCC2CC(CC3CCCCC3)C3CCCCC23)CC1
C1CCC(C2CCCC(CC3CCC(C4CCCCC4)C3)C2)CC1
C1CCC(C2CC(C3CCC3)CC(C3CCCCC3C3CCCCC3)C2)CC1
C1CCC(C2CCC(C3CCCC(CCC4CCC(C5CC5)CC4)C3)CC2)C1
C1CCC(C2CCC(C3CCCCC3)CC2)CC1
C1CCC(C2CCC(C3CCCCC3C3CCCCC3)CC2)CC1
C1CCC(C2CCCC(C3CCC(CCC4CC4)CC3)C2)CC1
C1CCC(CCC2CCCCC2C2CCCC3CCCCC32)CC1
C1CCC(C2CCCCC2C2CCCCC2)CC1
C1CCC(CC2CCC3CC(C4CCC5CCCCC54)CC(C4CCCCC4)C3C2)CC1
C1CCC(C2CCCC(CC3CCCC(C4CCCC(C5CCCCC5)C4)C3)C2)CC1
C(CCC1CCC(CC2CCCCC2)CC1)CCC1CCC(CC2CCC(C3CCCCC3)CC2)CC1
C1CCC(C2CCC(C3CCC4CCCCC43)CC2)CC1
C1CCC(C2CCCC(CCCC3CCC4CCCCC4C3)C2)CC1
C1CCC(C2CCCC(CCCC3CCCC(C4CCC5CCCCC54)C3)C2)CC1
C1CCC(CC2CCCC(CC3CCCC(C4CCC4)C3)C2)CC1
C1CCC(CC2CCCC(C3CC(CC4CCCCC4)C4CCCCC43)C2)CC1
C1CCC(CC2CCC(C3CCCCC3)CC2)CC1
C1CCC(CC2CCCC(C3CCCC3)C2)CC1
C1CCC(CCCC2CCC(CC3CCC(C4CCCCC4C4CCCCC4)CC3)CC2)CC1
C1CCC(C(CCCC2CCC(C3CCC3)C(C3CCCCC3)C2)C2CC2)CC1
C1CCC(C2CCC(CCCC3CCC4CCCCC4C3)CC2)CC1
C1CCC(CC2CCC(C3CCCCC3C3CCCC3)C(C3CCC4CCCC4C3)C2)CC1
C1CCC(CCC2CCCCC2)CC1
C1CCC(CCC2CCCC(C3CCCCC3)C2)CC1
C1CCC(CC2CCC(CCC3CCC(C4CCCCC4)C(C4CCCCC4)C3)CC2)CC1
C1CCC(CC2CCC(C3CCC(C4CCCC4)C3)C(C3CCCC3)C2)CC1
C1CCC(CC2CCC(C3CCCC(C4CCCC(C5CCCC5)C4)C3)CC2)CC1
C1CCC(C2CCCCC2C2CCCC(CC3CC4CCCCC4C3)C2)CC1
C1CCC(CCC2CCC(C3CCCCC3C3CCCC3)CC2)CC1
C1CCC(CCC2CCCC(C3CCCCC3C3CCCCC3)C2)CC1
C1CCC(C2CCC(C3CCCC4CC(C5CCCCC5CCC5CC6CCCCC6C5)CCC43)C(C3CC3)C2)C1
C1CCC(CC2CC(C3CCCCC3)CC(C3CCCC4CCCCC43)C2)CC1
C1CCC(CC2CC3CCCCC3C2)CC1
C1CCC(CCC2CCC(C3CCCC4CC(C5CCCCC5)CCC43)CC2)CC1
C1CCC(CCCC2CCC(CC3CCCCC3)CC2C2CCCCC2)CC1
C1CCC(C2CCCCC2C2CCCC(C3CCC4CCCCC43)C2)CC1
C1CCC(CC2CCC(CC3CCCC(C4CCCC(C5CCCC5)C4CC4CCCCC4)C3)CC2)CC1
C1CCC(C2CC(CC3CC3)CC(C3CC(C4CCCCC4)C4CCCCC34)C2)CC1
C1CCC(CC2CCCC(C3CCCCC3)C2)CC1
C1CCC(CC2CCCC(C3CCCC(C4CCCCC4)C3)C2)CC1
C1CCC(CCCC2CCC(C3CCCC(CCC4CCCCC4)C3)CC2)CC1
C1CCC(CC2CCC(CC(CC3CCC(CC4CC4)CC3)C3CCCCC3)CC2)CC1
C1CCC(CC2CCC(C3CCCCC3C3CCC4CCCC4C3)CC2)CC1
C1CCC(CC2CCCC(C3CCCCC3)C2)CC1
C1CCC(CCC2CCC3CC(C4CCCCC4)CCC3C2)CC1
C1CCC(CC2CCC(CC3CCCCC3)CC2)CC1
C1CCC(C2CCC(C3CCC4CCCCC43)CC2)C1
C1CCC(C2CCC(C3CCC(CC4CC5CCCCC5C4)CC3)CC2)C1
C1CCC(C2CCC(C3CCCC3)CC2)CC1
C1CCC(C2CCCCC2C2CCCC(CC3CCCC3)C2)CC1
C1CCC(CC2CCCCC2C2CCC3CCC(C4CCCCC4)CC3C2)CC1
C1CCC(C2CCC(CC3CCC(C4CCCC4)CC3)CC2)CC1
C1CCC(C2CCCC(CC3CC4CCC(C5CCCCC5)CC4C(C4CCCCC4)C3)C2)CC1
C1CCC(CCC2CCCCC2C2CCC3CCCCC3C2)C1
C1CCC(CCC2CCC(C3CCC(C4CCCC(C5CCCC5)C4)CC3)CC2)CC1
C1CCC(CCC2CC(CC3CC3)CC(C3CCCC(CC4CCCCC4)C3)C2)CC1
C1CCC(C2CCC3CCCCC32)CC1
C1CCC(CC2CCC(C3CCCC(CCCC4CCCC(C5CCCCC5)C4)C3)CC2)CC1
C1CCC(CC2CCC(C3CCCCC3C3CCCC3)C(C3CCCCC3)C2)CC1
C1CCC(C2CCC(CC3CCCC(CC4CCC(C5CCCCC5)CC4)C3)CC2)CC1
C1CCC(CC2CCC(C3CCCCC3)CC2)CC1
C1CCC(CCC2CCC(C3CC(C4CCCCC4)CC(C4CCC4)C3)CC2)CC1
C1CCC(CC2CCC(CC3CC4CCCCC4C3)CC2)CC1
C1CCC(CC2CC(CC3CC(C4CCCCC4)CC(C4CCCC4)C3)C3CCCCC23)CC1
C1CCC(CC2CCCC(CC3CCCCC3)C2)CC1
C1CCC(CC2CCC(CCC3CCC(C4CCCCC4)CC3)CC2)CC1
C1CCC(C2CCC(C3CCCCC3)C(C3CCCCC3)C2)CC1
C1CCC(CC2CCCCC2C2CCC(CCC3CCC3)CC2)CC1
C1CCC(CCC2CCC(C3CCCCC3)CC2)CC1
C1CCC(CCC2CCCC(C3CCCCC3)C2)CC1
C1CCC(CCCC2CCC(C3CCCC(CC4CCCCC4)C3)CC2)CC1
C1CCC(CCC2CCCCC2C2CCC3CC(C4CCCCC4)CCC32)CC1
C1CCC(CC2CCCC(C3CCCCC3)C2)CC1
C1CCC(CCC2CCC(C3CCCCC3)CC2)CC1
C1CCC(CC2CCC(C3CCC(C4CCCC4)CC3)CC2)CC1
C1CCC(CCC2CCC(C3CCC(C4CCC(CC5CCCC5)CC4)CC3)CC2)CC1
C1CCC(C2CCCC(C3CC(C4CCCCC4)CC(C4CCC4)C3)C2)CC1
C1CCC(CCC2CCC(CC3CCC(C4CCCCC4)CC3)CC2)CC1
C1CCC(CCC2CCC(C3CCCCC3)CC2)CC1
C1CCC(CCCC2CCCCC2)CC1
C1CCC(C2CCCC(C3CCCCC3C3CCCC(C4CC5CCCCC5C4)C3)C2)CC1
C1CCC(CCCCC2CCCC(C3CCC(CCC4CCC(C5CC5)CC4)CC3)C2)CC1
C1CCC(CCC2CCCCC2CC2CCCCC2)CC1
C(CCCC1CCC(CCC2CCCCC2)CC1)CCC1CCCC1
C1CCC(CCC2CC(C3CCCCC3)CCC2C2CCCCC2)CC1
C1CCC(CCC2CCC3CC(C4CCC(CC5CCC(CC6CCCCC6)CC5)CC4)CCC23)CC1
C1CCC(CC2CCCC(C3CCCCC3)C2)CC1
C1CCC(CC2CCC(C3CCC(C4CCCC(C5CCC6CCCCC65)C4)CC3)CC2)CC1
C1CCC(CCC2CC(CC3CCCCC3)CCC2C2CC3CCCCC3C2)CC1
C1CCC(CC2CCC3CCCC(C4CCCCC4)C3C2)CC1
C1CCC(C2CCCC(CCC3CCC(C4CCC5CCCC5C4)CC3)C2)CC1
C1CCC(CCCCC2CCC(CC3CCCCC3)CC2)CC1
C1CCC(C2CCCCC2)CC1
C1CCC(CC(CC2CCCCC2)C2CCCC(CC3CCC(C4CCCC4)CC3)C2)CC1
C1CCC(C2CCCC(CCCCC3CCC(C4CCCCC4)C3)C2)CC1
C1CCC(CCC2CCC(CCC3CCC(CC4CCCCC4)CC3)CC2)CC1
C1CCC(C2CCC(CC3CCC(CC4CCC(CC5CC6CCCCC6C5)CC4)CC3)CC2)C1
C1CCC(C2CCC(C3CCC(C4CCCCC4C4CCCC4)CC3)CC2)CC1
C1CCC(C2CCC(C3CC3)CC2C2CCC3CCCC3C2)CC1
C1CCC(C2CCC(CCCC3CCC4CCCCC4C3)CC2C2CCCC2)CC1
C1CCC(CCCCC2CCCC(CCC3CC3)C2)CC1
C1CCC(C2CCC(C3CCCCC3C3CCCCC3)CC2)CC1
C1CCC(CC2CCC(C3CCCCC3C3CCC4CCCC4C3)CC2)CC1
C1CCC(CC2CCC(CC3CCCCC3C3CCC4CCCC4C3)CC2)CC1
C1CCC(CC2CCC(CCC3CC(C4CCCCC4)C4CCCCC34)CC2)CC1
C1CCC(C2CCC(CC3CCCCC3CCCC3CC3)CC2)CC1
C1CCC(CCC2CCC(CC3CCC(CCC4CCCCC4)CC3)CC2)CC1
C1CCC(CC2CCC(CCC(CC3CCC(C4CCCCC4)CC3)C3CCCCC3)C(C3CCCCC3)C2)CC1
C1CCC(CC2CCC(CC3CCCCC3)C(CC3CCCCC3)C2)CC1
C1CCC(C2CCC(C3CCCCC3)CC2)CC1
C1CCC(C2CCC(C3CCCCC3CC3CCCC(C4CC4)C3)C(C3CCC4CCCC4C3)C2)CC1
C(CCCC1CCC(C2CCCCC2)CC1C1CC1)CCC1CCCCC1
C1CCC(CC2CCC(C3CCC4CCCC4C3)CC2)CC1
C1CCC(CCCC2CC(C3CCCCC3)CCC2CCC2CCC2)CC1
C1CCC(CC2CCC3CC(C4CCC5CCCCC54)CC(CC4CCCCC4)C3C2)CC1
C1CCC(C2CCC(CCC3CCC(CC4CCC(C5CCCCC5)CC4)CC3)CC2)CC1
C1CCC(CC2CCC(C3CCC(C4CCCCC4)CC3C3CCC4CCCCC4C3)CC2)CC1
C(CCCC1CCC(CC2CCC(C3CCCCC3)CC2)CC1)CCC1CCCCC1
C1CCC(C2CCC(CCC3CCCC(C4CCCCC4)C3)CC2)CC1
C1CCC(CCCC2CCC(C3CCCCC3)C2)CC1
C1CCC(CC2CCCC(C3CCCCC3)C2)CC1
C1CCC(CCCC2CCC(CCC3CCC(C4CC5CCCCC5C4)CC3)C2)CC1
C1CCC(CC2CCCC(C3CCC4CCCCC43)C2)CC1
C1CCC(C2CCCC(CC3CCCC(C4CC4)C3)C2)CC1
C1CCC(CCC2CCCC(C3CC(C4CCCCC4)C4CCCCC34)C2)CC1
C1CCC(CC2CCCCC2C2CCCCC2)CC1
C1CCC(C2CCC(CCCCC3CCC(C4CCCCC4)CC3C3CCCCC3)CC2)CC1
C1CCC(CCCC2CCCCC2)CC1
C1CCC(CCCCC2CCCC(C3CCCC(CCC4CCCCC4)C3)C2)CC1
C1CCC(CC2CC(CC3CCCCC3)C3CCCCC23)CC1
C1CCC(CC2CCC(CC3CCCCC3C3CCCCC3)CC2)CC1
C1CCC(C2CCC3CC(CCC4CC4)CC(C4CCCCC4)C3C2)CC1
C1CCC(C2CCCC(CC3CCCC(C4CC4)C3)C2)CC1
C1CCC(CC2CCC(C3CCCC(CC4CCCCC4)C3)CC2)CC1
C1CCC(CCC2CC(CCC3CCCCC3)CC(CC3CCCCC3)C2)CC1
C1CCC(CCC2CCC(C3CCC4CCCCC43)CC2)CC1
C1CCC(CCC2CCCC(C3CC(CCC4CCCCC4)CC(CC4CCCC4)C3)C2)CC1
C1CCC(CCCC2CCC(C3CCCC(CCC4CCCC4)C3)CC2)CC1
C1CCC(C2CCC(CCC3CCC4CCCC4C3)CC2)CC1
C1CCC(CC2CCC(C3CCCCC3)CC2C2CCCCC2)CC1
C1CCC(C2CCC(C3CCCCC3)CC2)CC1
C1CCC(CC2CCC(C3CC(C4CCCCC4)C4CCCCC34)CC2)CC1
C1CCC(CC2CCC(CC3CCC(C4CCCCC4)CC3)CC2)CC1
C1CCC(CCC2CCC(C3CCCCC3)CC2)CC1
C1CCC(C2CCCCC2C2CCC3C(CCCC3C3CCCCC3)C2)CC1
C1CCC(C2CCCCC2CCC2CCCC(CC3CCC(CC4CCCC4)CC3)C2)CC1
C1CC(CCC2CC(C3CC4CCCCC4C3)CC3CCCCC32)CC(CC2CCC(C3CCCC3)CC2)C1
C1CCC(CC2CCC(C3CCCCC3)CC2)CC1
C1CCC(CCCCC2CCC(CC3CCCCC3)CC2CC2CCCCC2)CC1
C1CCC(CC2CCC(CC3CCC(CC4CCCCC4)C(C4CCCCC4)C3)CC2)CC1
C1CCC(C2CCCC(CCC3CCCC(CC4CCCC4)C3)C2)CC1
C1CCC(CC2CCCC(C3CCCCC3C3CCCCC3C3CCCCC3)C2)CC1
C1CCC(C2CCC(C3CCC(C4CCCC4)CC3C3CCCC3)CC2)CC1
C1CCC(CC2CCCC(C3CC(CC4CCCCC4)CC(C4CC4)C3)C2)CC1
C1CCC(CCC2CCCC(C3CCCC(C4CCCCC4)C3)C2)CC1
C1CCC(C2CCC(C3CCCCC3)CC2)CC1
C(CCC1CCCC(C2CCC3CCCCC32)C1)CC1CCCC(C2CCC3CCCC3C2)C1
C1CCC(CCC(C2CCCCC2)C2CCCC(C3CCCCC3)C2)CC1
C1CCC(CC2CCC3CC(C4CCCCC4)CC(CCC4CCCC4)C3C2)CC1
C1CCC(CCC2CCC(CC3CCCCC3)CC2)CC1
C1CCC(CC2CCC(CCC3CCC(CCC4CCCC4)CC3)CC2)CC1
C1CCC(CCC2CCCC(CCC3CCCCC3)C2)CC1
C1CCC(CCC2CCCCC2)CC1
C1CCC(CC2CCCCC2C2CC(CCCC3CCCC3)C3CCCCC32)CC1
C1CCC(CCC2CCCC(C3CCCCC3)C2)CC1
C1CCC(C2CCC3C(CCCC3C3CCCCC3C3CCC4CCCC4C3)C2)CC1
C1CCC(CC2CCC(C3CCCCC3)CC2)CC1
C1CCC(CC2CCCC(CC3CCC(C4CCC4)C(C4CCCCC4)C3)C2)CC1
C1CCC(CC2CCC(C3CCCC(CC4CCCCC4)C3)CC2)CC1
C1CCC(CC2CCC(CC3CCC(CCC4CCCC(C5CC5)C4)CC3)CC2)CC1
C1CCC(C2CCC(CC3CCC(CC4CCCC(C5CCCCC5)C4)CC3)CC2)CC1
C1CCC(CC2CCCCC2)CC1
C1CCC(C2CCCC(CC3CC4CCCCC4C3)C2)CC1
C1CCC(C2CCCC3CCC(C4CCCCC4CCCC4CC4)CC32)CC1
C1CCC(CCCCC2CCCC(CCCC3CCCCC3)C2)CC1
C1CCC(CC2CCCC(C3CCCCC3)C2)CC1
C1CCC(C2CCC(CC3CCC(C4CCCCC4)CC3)CC2)CC1
C1CCC(CC2CCCC(C3CCCC(C4CCCCC4)C3)C2)CC1
C1CCC2CC(CC3CCC(C4CCCCC4C4CCCC4)CC3)CC2C1
C1CCC(CC2CCC(CC3CCC4CCCC(C5CCCCC5)C4C3)CC2)CC1
C1CCC(CC2CCCC(C3CCCC(C4CCCC(C5CCCC5)C4)C3)C2)CC1
C1CCC(CC2CCC(C3CCCCC3C3CCCCC3)CC2C2CCCCC2)CC1
C1CCC(CCC2CCC(CCC3CCC(C4CCCCC4)CC3)CC2)CC1
C1CCC(CC2CCCC(C3CCC3)C2)CC1
C1CCC(C2CCC3CC(C4CCC(CC5CCC(C6CCC6)CC5)CC4)CCC32)CC1
C1CCC(C2CCC3CCCCC3C2)CC1
C1CCC(CC2CC(C3CCC(C4CCCC4)CC3)C3CCCCC23)CC1
C1CCC(CC2CCC(C3CCCCC3)CC2)CC1
C1CCC(CCCC2CCC(CCC3CCCCC3)CC2)CC1
C1CCC(CC2CCC(CCC3CCCC3)C(CC3CCCCC3)C2)CC1
C1CC2CCC(C3CCCCC3C3CCCCC3C3CCCC3)CC2C1
C1CCC(CC2CC(C3CCCCC3)CC(C3CCCCC3)C2)CC1
C1CCC(C2CCC(C3CCCC(C4CCC(C5CCCCC5)CC4)C3)CC2)CC1
C1CCC(CC2CCCC3CC(CCC4CCCC(C5CCCCC5)C4)CCC23)CC1
C1CCC(C2CCCC(C3CCCC(CC4CCC(C5CCCC5)CC4)C3)C2)CC1
C1CCC(C2CCCC(CC3CCC(C4CCC4)CC3)C2)CC1
C1CCC(CC2CCC(C3CCCC(C4CCCCC4)C3)CC2)CC1
C1CCC(C2CCCCC2C2CCCC(CC3CCCC3)C2)CC1
C1CCC(C2CCC(C3CCCC(C4CCC(C5CCCCC5)CC4)C3)CC2)CC1
C1CCC(CCC2CCCCC2C2CCC3CCC(C4CCC4)CC3C2)CC1
C1CCC(CCC2CC(C3CCCCC3)C3CCCCC23)CC1
C1CCC(CCCCCC2CCC(C3CCCCC3)CC2)CC1
C1CCC(C2CCCC(C3CCCC3CC3CC4CCCCC4C3)C2)CC1
C1CCC(CC2CCCCC2CCC2CCC3C(CC4CCCCC4)CCC3C2)CC1
C1CCC(CC2CCC(C3CCC(CC4CCCCC4)CC3)CC2)CC1
C1CCC(CC2CCC(CC3CCC(CC4CCCC(C5CCCCC5)C4)CC3)CC2)CC1
C1CCC(C2CCCC(C3CCCCC3)C2)CC1
C1CCC(CCCCCC2CCC(C3CCCCC3)CC2)CC1
C1CCC(C2CCC(C3CCCCC3C3CCCCC3)C(C3CCCC3)C2)CC1
C1CCC(CCCC2CCC(CCCC3CCCCC3)CC2)CC1
C1CCC(CC2CCCCC2C2CC(C3CC3)C3CCCCC32)CC1
C1CCC(CC2CCCC(CCC3CCCC(C4CCCCC4)C3)C2)CC1
C1CCC(CCCC2CCCC(CCC3CCCCC3)C2CCC2CCCCC2)CC1
C1CCC(C2CCC(C3CCCCC3)CC2)CC1
C1CCC(CC2CCC(CC3CCCCC3)CC2)CC1
C1CCC(C2CCCCC2C2CCC(CCC3CCC4CCCCC4C3)CC2C2CCCCC2)CC1
C1CCC(C2CCCC(C3CC(C4CCCCC4)C(C4CCCCC4)C4CCCC34)C2)CC1
C1CCC(CCCC2CCCC(C3CCCC(CC4CCCC4)C3)C2)CC1
C1CCC(CC2CCCCC2CC2CCCCC2)CC1
C(CCCC1CCC(CC2CCCCC2)CC1)CCC1CCCCC1
C1CCC(CC2CCC(CC3CCCC(CC4CCCC(C5CC5)C4)C3)CC2)CC1
C1CCC(C2CCCCC2CCC2CCC3CCCCC32)CC1
C1CCC(CC2CCCCC2CCC2CCC(C3CCCC(C4CCCC(CC5CC5)C4)C3)CC2)CC1
C1CCC(CCCC2CCC(CC3CCCCC3)CC2)CC1
C1CCC(CCC2CCC(C3CCCC(C4CCC4)C3)CC2)CC1
C1CCC(CC2CCCC(C3CC(C4CCCCC4)CC(C4CCCCC4)C3)C2)CC1
C1CCC(CC2CCC(CCC3CCCC(C4CCCCC4)C3)CC2)CC1
C1CCC(CC2CCCCC2C2CCC(C3CCCCC3)CC2)CC1
C1CCC(CCC2CCC(CC3CCCCC3)CC2)CC1
C1CCC(CC2CCC(CC3CCCCC3)CC2)CC1
C1CCC(CC2CCC(C3CCCCC3CC3CCCC(CCC4CC4)C3)CC2)CC1
C1CCC(CCC2CCCC(CCCC3CCCC(C4CCCCC4)C3)C2)CC1
C1CCC(CCC2CC(CC3CCCC(C4CCCC(CC5CCCC5)C4)C3)C3CCCCC23)CC1
C1CCC(C2CCCCC2CC(C2CCCCC2)C2CCCC2)CC1
C1CCC(CC2CCCC(CCC3CCCC(CCC4CCC(CC5CC6CCCCC6C5)CC4)C3)C2)CC1
C1CCC(C2CCCC(CC3CCCC(C4CCCCC4)C3)C2)CC1
C1CCC(CCC2CCC(CC3CCCCC3)CC2)CC1
C1CCC(CC2CC(CC3CCC(C4CCCCC4)CC3)C3CCCCC23)CC1
C1CCC(CC2CC(C3CCCC3)C3CC(C4CCCCC4)CCC23)CC1
C1CCC(CCCC2CCCC(CC3CCCCC3)C2)CC1
C1CCC(CCC2CCC(C3CCCC(CC4CCCCC4)C3)CC2)CC1
C1CCC(CCC2CCCC(CC3CCCCC3)C2)CC1
C1CCC(C2CCC(C3CCCCC3)C(C3CCCC3)C2)CC1
C1CCC(C2CC3CCC(CCC4CCCCC4C4CCCCC4)CC3C(C3CCCCC3)C2)CC1
C1CCC(CC2CC(C3CCC3)CC(C3CCCC(CC4CCC(C5CCCC5)CC4)C3)C2)CC1
C1CCC(C2CCCC(CCC3CCCCC3C3CCCCC3)C2)CC1
C1CCC(CC2CCCC(C3CCC4CCCCC4C3)C2)CC1
C1CCC(C2CCC(C3CC4CCCCC4C3)CC2)CC1
C1CCC(C2CCCC(C3CCCC(C4CCCCC4)C3)C2)CC1
C1CCC(C2CCC(CC3CCC(C4CCCC(C5CCCCC5)C4)CC3)CC2)CC1
C1CCC(CC2CCC(CC3CCC(CC4CCC(CCC5CCCC5)CC4)CC3)CC2)CC1
C1CCC(CCC2CCC(C3CC3)C(C3CCCC(C4CCCCC4)C3)C2)CC1
C1CCC(C2CCCCC2C2CCCC(C3CCC4CCCC4C3)C2)CC1
C1CCC(CCCC2CC(CC3CCC4CCCC4C3)CCC2C2CCCCC2)CC1
C1CCC(C2CCCC(C3CCCCC3)C2C2CCCCC2)CC1
C1CCC(CC2CCC(CC3CCCC3CC3CCCCC3)CC2)CC1
C1CCC(CC2CCCCC2C2CCCCC2C2CCCC2)CC1
C1CCC(CC2CCC(C3CCCC(C4CCCCC4)C3)CC2)CC1
C1CCC(CCCC2CCC(CC3CCC(C4CCCC4)CC3)CC2)CC1
C1CCC(CCCCC2CCC(C3CCCC(CC4CCCCC4)C3)CC2)CC1
C1CCC(CC2CCC(C3CCC4CCCC4C3)CC2)CC1
C1CCC(C2CCCCC2C2CCC3CCCC3C2)CC1
C1CCC(CCCC2CCC(CC3CCC(C4CCCCC4)CC3)CC2)CC1
C1CCC(CCCC2CCCC(C3CCCC4CCCCC43)C2)CC1
C1CCC(CC2CCC(C3CCCC3)CC2CC2CCCCC2)CC1
C1CCC(CC2CCCC(CCC3CCC(CC4CCC(CCCC5CCCC5)CC4)CC3)C2)CC1
C1CCC(CC2CCCC(C3CCCCC3C3CCCC(C4CCCCC4)C3)C2)CC1
C1CCC(C2CCCC(C3CCCC(C4CCCCC4)C3)C2)CC1
C1CCC(C2CCC(C3CCC(CC4CCC(C5CCCC5)CC4)CC3)CC2)CC1
C1CCC(CC2CCC(CC3CCC(C4CCCCC4)CC3)CC2)CC1
C1CCC(CC2CCC(C3CCC(C4CCC(C5CCCCC5)CC4)CC3)CC2)CC1
C1CCC(C2CCCC(C3CCCCC3C3CCC(CC4CC4)CC3)C2)CC1
C1CCC(CCC2CCCCC2C2CCCCC2)CC1
C1CCC(CC2CCCC(C3CCC(C4CCC5CCCCC54)CC3)C2)C1
C(CCC1CCCC1)CCC1CCC(C2CCCCC2)CC1
C1CCC(C2CCC3CCC(C4CC(CC5CCCC(C6CC6)C5)C5CCCCC54)CC3C2)CC1
C1CCC(C2CCCC(C3CCCC(C(C4CCCCC4)C4CCC5CCCCC54)C3)C2)CC1
C1CCC(CCC2CCCCC2C2CCCCC2)CC1
C1CCC(CC2CCC(CC3CCC(CCC4CCC5C(CCCC5C5CCC5)C4)CC3)CC2)CC1
C1CCC(C2CCCC(C3CCC4CCC(C5CCCCC5)C4C3)C2)CC1
C1CCC(CCCCC2CCCC(C3CCCC(C4CCCCC4)C3)C2)CC1
C1CCC(CCC2CCCC(C3CCCC(C4CCCC4)C3)C2)CC1
C1CCC(C2CCCC(C3CCCC3)C2)CC1
C1CCC(CCCCC2CCCCC2CC2CCCCC2)CC1
C1CCC(CC2CCCCC2CCC2CCCC2)CC1
C1CCC(CCC2CCCC(C3CCCCC3)C2)CC1
C1CCC(CCCC2CCC(C3CCCC3)CC2)CC1
C1CCC(C2CCC3C(CCCC3C3CCCCC3)C2)CC1
C1CCC(CC2CCCC(CC3CCCC(C4CCCCC4)C3)C2)CC1
C1CCC(C2CCCC(C3CCC(CCC4CCC5CCCC5C4)CC3C3CCCC3)C2)CC1
C1CCC(C2CCCC(C3CCCC(C4CCCCC4)C3)C2)CC1
C1CCC(CC2CCC(CC3CCCCC3)CC2)CC1
C1CCC(CC2CCCC(C3CCCCC3)C2)CC1
C1CCC(CC2CC3CCC(CC4CCCCC4)CC3C(C3CCCCC3)C2)CC1
C1CCC(C2CCCCC2C2CCCCC2)CC1
C1CCC(CCCCCC2CCCC(CCC3CCCCC3)C2)CC1
C1CCC(C2CC(C3CCCCC3)CC(C3CCCCC3)C2)CC1
C1CCC(C2CCCC(CC3CCCCC3C3CCCC3)C2)CC1
C1CCC(C2CC(CC3CCC(C4CCC(CC5CC5)CC4)CC3)CC(C3CCCC3)C2)CC1
C1CCC(CCC2CCC(CC3CCC(CCC4CCCC4)CC3)CC2)CC1
C1CCC(CC2CCC(CCC3CCC(C4CC4)CC3)CC2)CC1
C1CCC(CC2CCC3CC(C4CCCCC4)CC3C2)CC1
C1CCC(C2CCCCC2CC2CCC(CC3CCC(CCCC4CC4)CC3)CC2)CC1
C1CCC(C2CCCC(C3CCCCC3)C2)CC1
C1CCC(C2CCCC(C3CCCCC3CCCCC3CCC3)C2)CC1
C1CCC(CCC2CCC(CCCC3CCCC(CC4CCCCC4)C3)CC2)CC1
C1CCC(CCCC2CCCCC2CC2CCCC(CC3CCCCC3)C2)CC1
C1CCC(CCC2CCCC(CC3CC(C4CCCC4)C4CCCCC34)C2)CC1
C1CCC(CCCC2CCC3CC(C4CCCCC4)CC(C4CCCCC4)C3C2)CC1
C1CCC(C2CCC3CCCCC3C2)CC1
C1CCC(CCC2CCCC(C3CCC(C4CCCC4)CC3)C2)CC1
C1CCC(C2CCC(CC3CCCC3)C(CCCC3CC4CCCCC4C3)C2)CC1
C1CCC(C2CCC(C3CCCCC3C3CCCC3)CC2)CC1
C1CCC(CC2CCCC(CC3CCCCC3)C2)CC1
C1CCC(C2CCCC(CC3CCCC(C4CCCCC4)C3)C2)CC1
C1CCC(CC2CCCC(CCC3CCC(CC4CCC(C5CCCCC5)CC4)CC3)C2)CC1
C1CCC(CCCC2CCC(C3CCC(C4CCCCC4)CC3)CC2)CC1
C1CCC(CCC2CCCC(CCC3CCCCC3)C2)CC1
C1CCC(CC2CCCC(CCCC3CCCC(CC4CC5CCCCC5C4)C3)C2)CC1
C1CCC(CCC2CCC(CC3CC(C4CCCCC4)C4CCCCC34)CC2)CC1
C1CCC(CC2CCCC(C3CCCC(C4CCCCC4)C3)C2)CC1
C1CCC(C2CCCC(CCC3CCCCC3C3CCCC(CC4CCC5CCCCC54)C3)C2)CC1
C1CCC(C2CCCCC2CCCC2CCC(CCC3CCCC3)CC2)CC1
C1CCC(CC2CCC(CCCC3CCCC(CC4CCCCC4)C3)CC2)CC1
C1CCC(CCCC2CCC(CC3CCCCC3)CC2)CC1
C1CCC(C2CCCC(CCC3CCCCC3C3CCCCC3)C2)CC1
C1CCC(CC2CCC(CC3CCC(C4CCCCC4)CC3)CC2)CC1
C1CCC(CC2CCC(C3CCCCC3)CC2)CC1
C1CCC(C2CCC(CCC3CC4CCCCC4C3)CC2)CC1
C1CCC(C2CCC(C3CCCCC3C3CCC(CC4CCC(C5CCCC5)CC4)CC3)CC2)CC1
C1CCC(CC2CCCCC2CC2CCCC(C3CCCCC3CC3CCCCC3)C2)CC1
C1CC(C2CCC(CC3CCC(C4CCCC(C5CC6CCCCC6C5)C4)CC3)CC2)C1
C1CCC(CCCC2CCCC(CC3CCCCC3)C2)CC1
C1CCC(CC2CCC(CCC3CCCC(CC4CCCCC4)C3)CC2)CC1
C1CCC(C(CCC2CCCC3CCCCC32)C2CC(C3CCC3)C3CCCCC32)CC1
C1CCC(CCC2CCCC(CCCCC3CCC(C4CCCCC4)CC3)C2)CC1
C1CCC(C2CCCCC2CCC2CCC(C3CCCC3)CC2)CC1
C1CCC(C2CCCCC2CCC2CCC(C3CCCC3)CC2)CC1
C1CCC(CCC2CC(CC3CCC(C4CCCC4)C(C4CCCCC4C4CC4)C3)C3CCCCC23)CC1
C1CCC(CC2CCCCC2)CC1
C1CCC(C2CCC(CCCC3CCCCC3C3CCCCC3)CC2)CC1
C1CCC(CC2CCCCC2C2CCCCC2)CC1
C1CCC(C2CCC(C(C3CCC(CCC4CCC5CCCCC54)CC3)C3CC3)CC2)CC1
C1CCC(CC2CCC(CC3CCCCC3)CC2)CC1
C1CCC(CCC2CCC(C3CCCCC3)CC2)CC1
C1CCC(CC2CCCCC2CC2CCC(C3CCCCC3)CC2)CC1
C1CCC(C2CCC(C3CCCCC3C3CCCCC3)C3CCCC23)CC1
C1CCC(CC2CCCC(CCC3CCC(C4CC4)CC3)C2)CC1
C1CCC(CCCCC2CCC(C3CCCC(CCCC4CCCC(C5CCCC5)C4)C3)CC2)CC1
C1CCC(C2CCCC(C3CCCC(C4CCCC4)C3)C2)CC1
C1CCC(CC2CCC(CCC3CCC4C(CCCC4C4CCC5CCCCC5C4)C3)CC2)CC1
C1CCC(C2CCCC(C3CCC(CCCC4CCCCC4C4CCCCC4)CC3)C2)CC1
C1CCC(CC2CCCCC2C2CCC3C(CC(C4CCCCC4)CC3C3CCCCC3)C2)CC1
C1CCC(C2CCC(C3CCCCC3)CC2)CC1
C1CCC(C2CCCCC2C2CCCC2)CC1
C1CCC(CC2CCC(CCC3CCCC(C4CCCCC4)C3)CC2)CC1
C1CCC(CC2CC3CCC(CC4CCCCC4)CC3C(C3CCCCC3)C2)CC1
C1CCC(CCCC2CCCCC2C2CC(C3CCC(C4CCCC4)CC3)C3CCCCC32)CC1
C1CCC(CC2CCC(CC3CCCCC3)CC2)CC1
C1CCC(C2CCC(C3CCC(C4CCCCC4)CC3C3CCCCC3)C(C3CCCCC3)C2)CC1
C1CCC(C2CCCCC2C2CCCCC2)CC1
C1CCC(CC(CC2CCCCC2)C2CCCCC2C2CCCC2C2CCCCC2)CC1
C1CCC(CC2CCC(C3CCCCC3)C(C3CCC(C4CCCCC4)CC3)C2)CC1
C1CCC(CC2CCC(CCC3CCC(C4CC(C5CCCCC5)C4)CC3)CC2)CC1
C1CCC(CCC2CCC(CC3CCCCC3)CC2CCC2CCCCC2)CC1
C1CCC(CCC2CCCC(CCC3CCCCC3)C2)CC1
C1CCC(CC2CCCCC2C2CCCC(C3CCCCC3)C2)CC1
C1CCC(CC2CC(C3CCCCC3)CCC2C2CCC2)CC1
C1CCC(CC2CCCC(C3CCC(C4CCCCC4)CC3)C2)CC1
C1CCC(CCCCC2CCCCC2)CC1
C1CCC(CCCC2CC(C3CCC3)CC(C3CC4CCCCC4C(C4CCCCC4)C3)C2)CC1
C1CCC(CC2CCC(C3CC(C4CCCCC4)C4CCCCC34)CC2)CC1
C1CCC(CCC2CCCC(C3CCCC(C4CCC(C5CCCC5)CC4)C3)C2)CC1
C1CCC(CCC2CCC(CC3CCCCC3)CC2)CC1
C1CCC(CC2CC(CC3CCCCC3)C3CCCCC23)CC1
C1CCC(CC2CCC(CCC3CCCCC3C3CCCCC3)CC2)CC1
C1CCC(CC2CCC3CC(CC4CCC(C5CCCCC5)CC4)CC3C2)CC1
C1CCC(C2CCCCC2CCCC2CCC(C3CCC4CCCC4C3)CC2)CC1
C1CCC(C2CCCCC2CC2CC(C3CCCCC3)C3CCCCC23)CC1
C1CCC(CC2CCC(CC3CCCCC3)CC2)CC1
C1CCC(CC2CCCC(C3CCC4CCCC4C3)C2)CC1
C1CCC(CCCC2CCCC(C3CCC(C4CCCCC4)CC3)C2)CC1
C1CCC(C2CCC(CC3CCC(C4CCCCC4)CC3)CC2)CC1
C1CCC(C2CCC(CCC3CCC(C4CCC(C5CCCC5)CC4)CC3)CC2)CC1
C1CCC(CCCCC2CC(C3CCC4CCCCC43)CC3CCCCC23)CC1
C1CCC(CC(C2CCCCC2)C2CC3CCCCC3C3CCCCC32)CC1
C1CCC(CCCC2CCC(CC3CCCCC3)CC2)CC1
C1CCC(CCC2CCCC(CCC3CCCC(CC4CCCCC4)C3)C2)CC1
C1CCC(C2CCC(CCC3CCCCC3C3CCC4CCCC4C3)CC2)CC1
C1CCC(CC2CCCC(C3CCCCC3)C2)CC1
C1CCC(C2CCCC(C3CCCC(C4CCCCC4)C3)C2)CC1
C1CCC(C2CCCC(C3CCCCC3C3CCC4CCCC4C3)C2)CC1
C1CCC(CCC2CCCC(C3CCCC(C4CCCC4)C3)C2)CC1
C1CCC(CCC2CCCC(CCC3CCCC(CC4CC5CCCCC5C4)C3)C2)CC1
C1CCC(CCC2CCCC(C3CCC4CCCCC43)C2)CC1
C1CCC(CC2CCC(C3CCCCC3C3CCCCC3)CC2)CC1
C1CCC(C2CCCC(C3CCC(CC4CCC(C5CCCC5)CC4)CC3)C2)CC1
C1CCC(CC2CCC(C3CCCC(C4CCCCC4)C3)CC2)CC1
C1CCC(CC2CCC(CC3CCCCC3)CC2)CC1
C1CCC(C2CC(C3CCC4CCCCC43)CC3CCCCC32)CC1
C1CCC(CC2CC(C3CCCCC3C3CCCCC3)C3CCCCC23)CC1
C1CCC(CCC2CCCC(CC3CCC(CC4CCCCC4)CC3)C2)CC1
C1CCC(C2CCCC(C3CCCCC3C3CCCC3)C2)CC1
C1CCC(CC2CCC(C3CCC(C4CCC5CCCCC54)CC3)CC2)CC1
C1CCC(C2CCC(CCCCC3CCCC(C4CCC4)C3)CC2)CC1
C1CCC(C2CCCC(C3CCC(C4CCCC4)CC3)C2)CC1
C1CCC(CC2CCC(CC3CCC(C4CC(C5CCCCC5)C4)CC3)CC2)CC1
C1CCC(CCCC2CCCC(C3CCC(CCC4CCCCC4)CC3)C2)CC1
C1CC2CCC(C3CCCCC3C3CCCC(C4CC4)C3)CC2C1
C1CCC(CCC2CCC(C3CC3)CC2)CC1
C(CCCC1CCC(CC2CCCC(CCC3CCCCC3)C2)CC1)CCC1CCCCC1
C1CCC(CC2CC(CCCC3CCC4CCCCC4C3)C3CCCCC23)CC1
C1CCC(C2CCCC(CCC3CCCC(C4CCCCC4)C3)C2)CC1
C1CCC(C2CCCCC2C2CCCCC2C2CCCC2)CC1
C1CCC(CC2CCC(CCC3CCCC(C4CC5CCCCC5C4)C3)CC2)CC1
C1CCC(C2CC(C3CCCCC3C3CCCC3)C3CCCCC23)CC1
C1CCC(CC2CCC(CC3CCCCC3)CC2)CC1
C1CCC(CCC2CCC3CC(C4CCC5CCCCC54)CC(C4CCCCC4)C3C2)CC1
C1CCC(CCCCC2CCCC(CC3CCCCC3)C2)CC1
C1CCC(CC2CCCC(C3CCCCC3)C2)CC1
C1CCC(CC2CCCCC2C2CCC3CCC(C4CCCCC4)CC3C2)CC1
C1CCC(CC2CCCCC2)CC1
C1CCC(CC2CC(C3CCC4CCCCC43)CC3CCCCC32)CC1
C1CCC(CCCC2CCCC(CC3CCCC(C4CCCCC4)C3)C2)CC1
C1CCC(C2CCCCC2CC2CCCC(C3CCC(C4CC4)CC3)C2)CC1
C(CCCC1CCCC(C2CCCCC2)C1)CCC1CCCCC1
C1CCC(C2CCC(CC3CCC(C4CCCC4)C3)CC2)CC1
C1CCC(CC2CCC(C3CCCCC3)CC2)CC1
C1CCC(C2CCCC(CC3CCCCC3C3CC4CCCCC4C3)C2)CC1
C1CCC(C2CCCC(C3CCCCC3C3CCCC3)C2)CC1
C1CCC(C2CC(C3CCCCC3)C3CCCCC23)CC1
C1CC(C2CCC(C3CCCC(CC4CCC5CCCCC54)C3)CC2)C1
C1CCC(C2CCCC(C3CCCC4CCCCC43)C2)CC1
C1CCC(CCCC2CCC(C3CCCCC3)C(C3CCCCC3)C2)CC1
C1CCC(CCCC2CC(C3CCCCC3)CC(C3CCCCC3)C2)CC1
C1CCC(C2CCC(CC3CCCCC3C3CCCCC3)CC2)CC1
C1CCC(CCCC2CCC(CC3CCC(C4CCCC(C5CCCCC5)C4)CC3)CC2)CC1
C1CCC(CC2CCC(CC3CCCCC3)CC2)CC1
C1CCC(CCCC2CCCCC2)CC1
C1CCC(CC2CCC(C3CC(C4CCC(C5CCCC(C6CCCC6)C5)CC4)C3)CC2)CC1
C1CCC(C2CCC(CCC(CC3CCC3)C3CCCCC3)CC2)CC1
C1CCC(C2CCCCC2C2CCCCC2)CC1
C1CCC(CC2CCC(CCC3CCC(C4CCCC(CC5CCCC5)C4)CC3)CC2)CC1
C1CCC(CCCCCC2CCC(C3CCCCC3C3CCCCC3)CC2)CC1
C1CCC(C2CCC(C3CCCCC3C3CCC4C(CCCC4C4CCCC4)C3)C2)CC1
C1CCC(C2CCCC(C3CCC(C4CCC(C5CCCC5)CC4)C3)C2)CC1
C1CCC(CCC2CC(C3CCCC(C4CCCCC4)C3)C3CCCCC23)CC1
C1CCC(CC2CCC(CC3CCC(C4CCCCC4)CC3)CC2)CC1
C1CCC(C2CCC(CC3CCC(C4CC5CCCCC5C4)C3)CC2)CC1
C1CCC(C2CCCCC2C2CCCCC2)CC1
C(CCCC1CCC(CC2CCCCC2)CC1)CCC1CCCCC1
C1CCC(CCCCC2CCCC(CC3CCCCC3)C2)CC1
C1CCC(CC2CC(C3CCC(CC4CCC(C5CCCCC5)CC4)CC3)C3CCCCC23)CC1
C1CCC(C2CCCC(CC3CCCCC3C3CCCCC3)C2)CC1
C1CCC(CC2CCC(C3CCCCC3C3CCCCC3)CC2)CC1
C1CCC(C2CCCC(CCC3CC4CCCCC4C3)C2)CC1
C1CCC(C2CCCC(CC3CCCC(C4CC5CCCCC5C4)C3)C2)CC1
C1CCC(CC2CCCCC2C2CCC(C3CCCCC3)CC2)CC1
C1CCC(CC2CCC(C3CCCCC3)C(C3CCCC(CC4CCC4)C3)C2)CC1
C1CCC(C2CCCCC2)CC1
C(CCCC1CCCC(C2CCCCC2)C1)CCC1CCC(C2CCCCC2)CC1
C1CCC(C2CCCC(C3CCCC(C4CCC5CCCCC54)C3)C2)CC1
C1CCC(CC2CCCC(C3CCCC(C4CCCCC4)C3)C2)CC1
C1CCC(CCC2CCCCC2C2CCC3C(CCCC3C3CCCCC3)C2)CC1
C1CCC(CCCCC2CCCC(C3CCC4CCCCC4C3)C2)CC1
C1CCC(CCC2CCCC(C3CCCC(C4CCCCC4)C3)C2)CC1
C1CCC(CCC2CCC(C3CCCCC3)CC2)CC1
C1CCC(CC2CCC(CC3CCCCC3)CC2)CC1
C1CCC(C2CCC(C3CCCCC3)CC2)CC1
C1CCC(CC2CCC(CC3CCCCC3)CC2)CC1
C1CCC(CC2CCCC(C3CCC(C4CCCCC4C4CCCC4)C(CC4CCCCC4)C3)C2)CC1
C1CCC(C2CCCC(CCC3CCC(C4CCCCC4C4CCCCC4)CC3)C2)CC1
C1CCC(CC2CCC(C3CCC4C(CCC4CC4CCC5CCCCC54)C3)CC2)CC1
C1CCC(CC2CCCC(CCCCC3CCCC(CC4CCCCC4)C3)C2)CC1
C1CCC(CCCCC2CCCC(CCC3CCC(CC4CCCCC4)CC3)C2)CC1
C1CCC(C2CCC(C3CCCCC3)CC2)CC1
C1CCC(CCC2CCC(CC3CCCCC3)C(CCC3CCCCC3)C2)CC1
C1CCC(CCCC2CCC(CC3CCCC(C4CCCCC4C4CCCCC4)C3)CC2)CC1
C1CCC(CC2CCCC(C3CCC4C(CCCC4C4CCCCC4)C3)C2)CC1
C1CCC(CCC2CCCC(CCC3CCCCC3)C2)CC1
C1CCC(CC2CCC(CC3CCC(CCCC4CCC5CCCC5C4)CC3)CC2)CC1
C1CCC(C2CCCC(C3CCCC(C4CCCCC4)C3)C2)CC1
C1CCC(CCC2CCCCC2C2CCC(CC3CCCCC3)CC2)CC1
C1CCC(CCC2CCC(CC3CCCCC3CC3CCCCC3)CC2)CC1
C1CCC(CCC2CCC3CC(C4CC(C5CCCC5)CCC4C4CCC5CCCC5C4)CCC23)CC1
C1CCC(CC2CCC(CC3CCC(C4CCCC(C5CC6CCCCC6C5)C4)CC3)CC2)C1
C1CCC(CC2CCC(CC3CCCCC3)CC2)CC1
C1CCC(CC2CCC(C3CCC4C(CCCC4C4CCC(C5CCCC5)CC4)C3)CC2)CC1
C1CCC(C2CCC(C3CCCCC3C3CCCCC3)CC2)CC1
C1CCC(CC2CCCC(C3CCCCC3)C2)CC1
C1CCC(C2CCCC3CCCCC32)CC1
C1CCC(C2CCC3CC(C4CCCCC4)CCC3C2)CC1
C1CCC(CC2CCC(CC3CCCCC3)CC2)CC1
C(CCCCC1CCCCC1)CCCC1CCCCC1
C1CCC(CC2CC3CCC(CC4CC4CC4CCCCC4)CC3C(C3CCCCC3)C2)CC1
C1CCC(CC2CC(CC3CCC(C4CCCCC4)CC3)C3CCCCC23)CC1
C1CCC(CCCC2CCCC(C3CCCC(CCCC4CCCCC4)C3)C2)CC1
C1CCC(CCC(C2CCCCC2)C2CCCC(CC3CCCCC3)C2)CC1
C1CCC(CC2CCC(CC3CCCC(C4CCCCC4)C3)CC2)CC1
C1CCC(CC2CCC(C3CCCC(C4CCCC4)C3)C(C3CCCCC3CC3CCCCC3)C2)CC1
C1CCC(C2CCCC(C3CCCCC3C3CCCCC3)C2)CC1
C1CCC(CC2CC(C3CCCCC3)C3CCCCC23)CC1
C(CCCCC1CCCCC1)CCCCC1CCCCC1
C1CCC(C2CCCCC2C2CCCCC2)CC1
C1CCC(C2CCC(CCC3CCCC(C4CCCC(CCCC5CCC5)C4)C3)CC2)CC1
C1CCC(C2CCCC(C3CCCC(C4CCCC(C5CC6CCCCC6C5)C4)C3)C2)CC1
C1CCC(CC2CCC(CCC3CCCC(CC4CCCCC4)C3)CC2)CC1
C1CCC(CCC2CCCC(C3CCC4CCCC4C3)C2)CC1
C1CCC(CC2CCCCC2C2CCCCC2)CC1
C1CCC(C2CCC(C3CC(CCC4CC4)CC(CC4CCCC4)C3)CC2)CC1
C1CCC(CC2CCCC(C3CCCC3)C2C2CCCCC2)CC1
C1CCC(CC2CCCC(CC3CCCC(C4CCCCC4)C3)C2)CC1
C1CCC(CCC2CCC(CC3CCCCC3C3CCCC(C4CC5CCCCC5C4)C3)CC2)CC1
C1CCC(CCC2CCCCC2C2CCC(C3CCCCC3)CC2)CC1
C1CCC(C2CCCC(C3CCCC(CC4CCC(C5CCC5)CC4)C3)C2)CC1
C1CCC(C2CCCCC2)CC1
C1CCC(CCC2CCC3C(CC4CCCCC4)CC(C4CCCCC4)C3C2)CC1
C1CC(CC2CC3CCCCC3C2)CC(C2CCC(C3CCCC(C4CCC5CCCCC54)C3)CC2)C1
C1CC2CCC(C3CCCCC3C3CCC(C4CCCCC4C4CCCC4)CC3)CC2C1
C1CCC(C2CCC(CCC3CCC(C4CCC5CCCCC5C4)C3)CC2)CC1
C1CCC(C2CCCC(C3CCCC(CC4CCCC4)C3)C2)CC1
C1CCC(C2CCCC(CCC(C3CCCCC3)C3CCCC(C4CCCCC4)C3)C2)CC1
C1CCC(C2CCCC(C3CCCCC3C3CCC4CCCC4C3)C2)CC1
C1CCC(C2CC(CCC3CCCC(C4CCCC4)C3)CC(C3CCCCC3)C2)CC1
C1CCC(CCCCC2CCC(CCCC3CCCCC3)CC2C2CCCCC2)CC1
C1CCC(C2CCCC(CC3CCCC3)C2)CC1
C1CCC(C2CCCCC2C2CCC3CCCCC3C2)CC1
C1CCC(CC2CCC(C3CCCC(CC4CCCC(C5CCC5)C4)C3)CC2C2CCCC2)CC1
C1CCC(CC2CCCC(C3CCCC4CC(C5CCCCC5CC5CCCCC5)CCC43)C2)CC1
C1CC(C2CCC(C3CCC(C4CC4)CC3)CC2)C1
C1CCC(CC2CCCC(C3CCCC(C4CCCCC4)C3)C2)CC1
C1CCC(C2CCC3C(CCCC3C3CCCCC3C3CCCCC3)C2)CC1
C1CCC(C2CCC(C3CCC(CC4CC4)CC3C3CCCC3)CC2)CC1
C1CCC(CCCC2CCC3CCC(C4CCCCC4)CC23)CC1
C1CCC(CCCC2CCCCC2CC2CCCCC2)CC1
C1CCC(CC2CCC(C3CCCCC3)CC2)CC1
C1CCC(CCC2CCC(CC3CCC(CCC4CC5CCCCC5C4)CC3)CC2)CC1
C1CCC(CC2CCCC(C3CCCC(C4CCCC4)C3)C2)CC1
C1CCC(CCC2CCCC(CC3CC(CC4CCCC4)C4CCCCC34)C2)CC1
C1CC(CCC2CC3CCCCC3C2)CC(C2CCCC(CC3CC3)C2)C1
C1CCC(CC2CCCCC2C2CCCCC2C2CCCCC2)CC1
C1CCC(C2CCC(CC3CC(C4CCC(C5CCCCC5)CC4)C4CCCCC34)CC2)CC1
C1CCC(C2CCC(CC3CCC(CCC4CCCC4)CC3)CC2)CC1
C1CCC(CC2CCCC(CCCCC3CC4CC(C5CCCCC5)CCC4C(C4CC4)C3)C2)CC1
C1CCC(CCCCCC2CCCCC2)CC1
C1CCC(CCCC2CCC(CC3CCCC3)C(CCC3CCCCC3)C2)CC1
C1CCC(C2CCC(CC3CCCC(C4CCC(C5CCCC5)C4)C3)CC2)CC1
C1CCC(C2CCCCC2C2CCC(C3CCC(C4CCC4)CC3)CC2)CC1
C1CCC(CC2CCCC(C3CCCCC3)C2)CC1
C1CCC(C2CCCCC2C2CCC3CCCC(C4CCCCC4)C3C2)CC1
C1CCC(CCCC2CCCC(C3CCCCC3)C2)CC1
C1CCC(CC2CCC(CC3CCCCC3C3CCCCC3)CC2)CC1
C1CCC(CC2CCC(C3CCC4CCC(CC5CCCCC5)CC4C3)CC2)CC1
C1CCC(CC2CCCCC2C2CCC(C3CCCCC3)CC2)CC1
C1CCC(CC2CCCCC2C2CCC(CC3CCC4CCCCC4C3)CC2)CC1
C1CCC(CC2CCCC(C3CCC(CC4CCCC4)CC3)C2)CC1
C1CCC(C2CCC(CCCC3CCC(C4CCCCC4)CC3)CC2)CC1
C1CCC(C2CCC(C3CC(C4CCCCC4)CC(C4CCC4)C3)CC2)CC1
C1CCC(CCCCC2CCCC(C3CCC(C4CCC(CC5CCCCC5)CC4)CC3)C2)CC1
C1CCC(CCCCC2CCC(C3CCC(C4CCCCC4)CC3)CC2)CC1
C1CCC(C2CCC(C3CCCCC3)C(C3CCCCC3)C2)CC1
C1CCC(C2CCCCC2C2CCC(C3CCCC3)CC2)CC1
C1CCC(CCCC2CCCC(C3CCCCC3)C2)CC1
C1CCC(C2CCCC(C3CCCCC3C3CCC4CCCCC4C3)C2)CC1
C1CCC(CCCC2CC(C3CCCC(C4CCCCC4)C3)C3CCCCC23)CC1
C1CCC(CC2CCC(C3CCCCC3)CC2)CC1
C1CCC(CCC2CCC(CC(CCC3CCCCC3)C3CCC4CCCC4C3)CC2)CC1
C1CCC(CCC2CCC(CCC3CCC4CCCCC43)CC2)CC1
C1CCC(C2CCCC(CCCC3CCC(C4CCC4)CC3)C2)CC1
C1CCC(CCC2CCCC(CCC3CCC(C4CCC4)CC3)C2)CC1
C1CCC(C2CCCC(C3CC(C4CCCCC4)CC(C4CC4)C3)C2)CC1
C1CCC(C2CC(C3CCC4CCCCC43)CC3CCC(CC4CCC5CCCCC54)CC32)CC1
C1CCC(CC2CC(C3CCCCC3C3CCCCC3)C3CCCCC23)CC1
C1CCC(CCC2CCC(C3CCCCC3CC3CC4CCCCC4C3)CC2)CC1
C1CCC2CC(C3CCCCC3CCCC3CC4CCCCC4C3)CCC2C1
C1CCC(CC2CCC(C3CC(C4CCCCC4)C4CCCC4C3C3CCCCC3)CC2)CC1
C1CCC(CCCC2CC(C3CCCCC3)CCC2CCCC2CCCC(C3CC3)C2)CC1
C1CCC(C2CCCC(C3CCCCC3)C2)CC1
C1CCC(CC2CCC(C3CCC4CC(CC5CCCCC5)CCC43)CC2)CC1
C1CCC(CC2CCCCC2CCC2CCC3C(CCCC3CC3CCCC(C4CCCC4)C3)C2)CC1
C(CCCCC1CCCC(C2CCC(CC3CCCCC3)CC2)C1)CCCC1CCCCC1
C1CCC(CC2CCCC(C3CCCCC3)C2)CC1
C1CCC(CC2CCC(C3CCC(CC4CCC(C5CCCC5)CC4)CC3)CC2)CC1
C1CCC(C2CCCCC2)CC1
C1CCC(CCC2CCCC(CC3CCCC(C4CC5CCCCC5C4)C3)C2)CC1
C1CCC(CCC2CCC(CC3CCCCC3)CC2)CC1
C1CCC(CC2CCC(C3CCC(C4CCCCC4)CC3)CC2)CC1
C1CCC(C2CCC3C(CCCC3C3CCC(C4CC4)CC3)C2)CC1
C1CCC(CCC2CCCC(C3CCCC(CC4CCCCC4)C3)C2)CC1
C1CCC(CCCCC2CCCC(C3CC(C4CCCCC4)CC(C4CCC4)C3)C2)CC1
C1CCC(C2CCCC(C3CCCCC3)C2)CC1
C1CCC(CCC2CCC(CCC3CCCCC3C3CCCCC3)CC2)CC1
C1CCC(CC2CCC3CCCCC3C2)CC1
C1CCC(CC2CCCC(CC3CC(C4CCCCC4)CC(C4CCCC4)C3)C2)CC1
C1CCC(C2CCCC(C3CCCCC3)C2)CC1
C1CCC(CC2CCC(C3CCCC(C4CCCCC4)C3)CC2)CC1
C1CCC(CCC2CC(C3CCCCC3)CC(C3CCCCC3)C2)CC1
C1CCC(CC2CCC(CC3CCCC3)C(CCC3CCC(C4CCCCC4)CC3)C2)CC1
C1CCC(CC2CCCC(C3CCCC(C4CCCCC4)C3)C2)CC1
C1CCC(C2CCC(C3CCC(C4CCC5CCCCC5C4)CC3)CC2)C1
C1CCC(CC2CCCC(C3CCCC(C4CCCCC4)C3)C2)CC1
C1CCC(CCCCC2CCCCC2)CC1
C1CCC(CCCCCC2CCC(CC3CCC(CC4CCCC4)CC3)CC2)CC1
C1CCC(CC2CCCC(C3CCCC(C4CCCC(C5CCCCC5)C4)C3)C2)CC1
C1CCC(CCCC2CC(C3CCCCC3)CC(C3CCCCC3)C2)CC1
C1CCC(C2CCCC(CC3CCCC(C4CCCC(CCC5CC6CCCCC6C5)C4)C3)C2)CC1
C1CCC(CC2CC(CCC3CCC(C4CCCCC4)CC3)C3CCCCC23)CC1
C1CCC(CC2CCCC(C3CCCC(CCCC4CC4)C3)C2)CC1
C1CCC(CCC2CCCC(CC3CCCCC3C3CCCCC3)C2)CC1
C1CCC(CC2CCCCC2)CC1
C1CCC(CCCC2CCCC(CC3CCC(CC4CCCCC4)CC3)C2)CC1
C1CCC(CC2CCCC(C3CCCC(C4CC4)C3)C2)CC1
C1CCC(CC2CCCCC2C(CC2CCCCC2)C2CC2)CC1
C1CCC(C2CC(C3CCCCC3)C3CCCCC23)CC1
C1CCC(CC2CCCC(C3CCC(C4CCCCC4)CC3)C2)CC1
C1CCC(CC2CCCCC2CC2CCCC(C3CCCCC3)C2)CC1
C1CCC(CC2CCCCC2)CC1
C1CCC2CC(C3CCCCC3C3CCC4CCCC4C3)CCC2C1
C1CCC(CCCCCC2CCC(CCCC3CCCCC3)CC2)CC1
C1CCC(CCC2CCCC(CCC3CC4CCCCC4C3)C2)CC1
C1CCC(C2CCC(C3CCC4CCCCC43)CC2)CC1
C1CCC(CCC2CCCCC2C2CCCC(C3CCCCC3)C2)CC1
C1CCC(CCC2CCC(C3CCCCC3)CC2C2CCC3CCCCC32)CC1
C1CCC(C2CCCC(CC3CCC(C4CCCC(CCC5CCCC5)C4)CC3)C2)CC1
C1CCC(CCC2CCCC(CCC3CCC(C4CCC5CCCC5C4)CC3)C2)C1
C1CCC(C2CCC(CC3CCC(C4CCC5CCCCC5C4)C(C4CCCC4)C3)CC2)CC1
C1CCC(CCC2CC(CC3CCCCC3)CCC2C2CCCCC2)CC1
C1CCC(C2CCCC(C3CCCC(C4CCCCC4C4CCCCC4)C3)C2)CC1
C1CCC(CCC2CCCC(C3CCCCC3)C2)CC1
C1CCC(CC2CC(C3CCCCC3)C3CCCCC23)CC1
C1CCC(CCC2CCC(C3CCCC(C4CC4)C3)CC2)CC1
C1CCC(C2CCCC(C3CCC(CCC4CCC5CCCCC54)CC3)C2)CC1
C1CCC(CC2CCC(CCCC3CCC4CCCC4C3)CC2)CC1
C1CCC(C2CCC(CCCC3CCCC(CC4CCCC4)C3)CC2)CC1
C1CCC(C2CCC(C3CCCC(C4CCC4)C3)C(C3CCCC3)C2)CC1
C1CCC(CCC2CCC(CC3CCC(CC4CCCCC4)CC3)CC2CCC2CCCCC2)CC1
C1CCC(CC2CCCCC2CC2CCC(CC3CCC(C4CCCCC4)CC3)C2)CC1
C1CCC(CCCCC2CCC(CC3CCCCC3)CC2)CC1
C1CCC(CC2CCC(CC3CCCCC3)C(CC3CCCC3)C2)CC1
C1CCC(CCCCC2CCC(CC3CCCCC3)CC2)CC1
C1CCC(CCC2CCC(CC3CCCCC3)CC2)CC1
C1CCC(C2CC(CC3CCC(C4CCCC(C5CCC5)C4)CC3)C3CCCCC32)CC1
C1CCC(CCCC2CCCCC2C2CC(CC3CCCC3)CC(C3CCCCC3)C2)CC1
C1CCC(CC2CCCCC2C2CCCCC2)CC1
C1CCC(CCCC2CCCC(C3CCC(CCC4CCCCC4)CC3)C2)CC1
C1CCC(CC2CC(C3CCCC(C4CCCCC4)C3)C3CCCCC23)CC1
C1CCC(CC2CCC(CC3CCCCC3)CC2)CC1
C1CCC(CC2CC(C3CCCC(CCC4CCC4)C3)C3CCCCC23)CC1
C1CCC(CCCC2CCC(C3CCCCC3)C(C3CCCCC3)C2)CC1
C1CCC(CCC2CCC(CC3CCCCC3)CC2)CC1
C1CCC(CC2CC3CCC(C4CCCCC4)CC3C(CC3CCCCC3)C2)CC1
C1CCC(CCC2CC(C3CCC(C4CC5CCCCC5C4)CC3)C3CCCCC23)CC1
C1CCC(C2CCC(CC3CCC(C4CCC5CCCCC5C4)CC3)CC2)CC1
C1CCC(CCCC2CCC(C3CCCCC3)CC2)CC1
C1CCC(CCC2CCCC(C3CCCCC3C3CCCCC3)C2)CC1
C1CCC(CCCCC2CC(CC3CCC(C4CCCCC4)CC3)C3CCCCC23)CC1
C1CCC(CC2CCCC(C3CCC4CCC(C5CCCCC5)CC4C3)C2)CC1
C1CCC(C2CCC(C3CCC(C4CCCCC4)CC3)CC2)CC1
C1CCC(CC2CC(CC3CCCC(C4CCCC(C5CCC5)C4)C3)C3CCCCC23)CC1
C1CCC(CCCCC2CCC(C3CCCCC3C3CCCCC3)C2)CC1
C1CCC(CCC2CCCC(C3CCCCC3)C2)CC1
C1CCC(CCC2CCCCC2)CC1
C1CCC(CC2CCCC3CCC(C4CC5CCCCC5C(C5CCCCC5)C4)C32)CC1
C1CCC(CCC2CC(CC3CCCC(C4CCCCC4)C3)C3CCCCC23)CC1
C1CCC(C2CCC(CC3CCC(C4CCCCC4)CC3)CC2)CC1
C1CCC(CC2CCCCC2C2CCCC(C3CCCC4CCCCC43)C2)CC1
C1CCC(C2CCC(C3CCC(C4CCC5CCCCC5C4)C3C3CCCCC3)CC2)CC1
C1CCC(CCCCC2CCC(CC3CCC(CCCC4CCCCC4)CC3)CC2)CC1
C1CCC(CC2CCCC(C3CCCC(C4CCCCC4)C3)C2)CC1
C1CCC(CC2CCC(CC3CCCC3)CC2)CC1
C1CCC(CCC2CCCC(C3CCCC4CC(C5CCCCC5)CCC43)C2)CC1
C1CCC(CC2CC(CC3CCCCC3)CC(C3CCCCC3)C2)CC1
C1CCC(CC2CCC(CC3CCC(CCCCC4CC(CC5CCCC5)C5CCCCC45)CC3)CC2)CC1
C1CCC(CCC2CCC(C3CCC(CC4CCCCC4)CC3)CC2)CC1
C1CCC(CC2CCC3C(CCC3C3CCCCC3)C2)CC1
C1CCC(CCCCC2CCC(C3CCCCC3)CC2CC2CCCCC2)CC1
C1CCC(C2CCCCC2C2CCC3CCC(C4CCCCC4)C3C2)CC1
C1CCC(CCCC2CCC3C(CC4CCCCC4)CCC3C2)CC1
C1CCC(CC2CCC3CC(C4CCCCC4C4CCCCC4)CCC23)CC1
C1CC2CCC(C3CCCC3C3CCC(C4CCCC4)C(C4CCC5CCCC5C4)C3)CC2C1
C1CCC(CCCC2CCC(C3CCCCC3)CC2)CC1
C1CCC(CC2CC3CCCCC3C(C3CCCCC3)C2)CC1
C1CCC(CC2CCC(CC3CC4CCCCC4C3)CC2)CC1
C1CCC(CC2CCCC(CC3CCCC(C4CCCCC4)C3)C2)CC1
C1CCC(CC2CCC(CC3CCCCC3)CC2)CC1
C1CCC(CCC2CCC(CC3CCC(CC4CCCCC4)CC3)CC2)CC1
C1CCC(C2CCC(CC3CCC3)CC2C2CCCC2)CC1
C1CCC(CC2CCC(CCC3CCC4C(CCC4C4CCCCC4)C3)CC2)CC1
C1CCC(CCCCC2CC(CCC3CCCCC3)CC(C3CCCCC3)C2)CC1
C1CCC(C2CCCC(C3CCCC(C4CCCCC4C4CCCCC4)C3)C2)CC1
C1CCC(CCCC2CCC(C3CCCCC3)CC2)CC1
C1CCC(CCC2CCC(C3CCCCC3)CC2C2CCC3CCCC3C2)CC1
C1CC(C2CCC(C3CCC(CC4CCCCC4C4CCCC4)CC3)CC2)C1
C1CCC(C2CCCC(CCCC3CCC(C4CCCCC4C4CC5CCCCC5C4)CC3)C2)CC1
C1CCC(CC2CC(C3CCCCC3)CC(C3CCCC3)C2)CC1
C1CCC(CC2CCC(CCCCC3CCCC3)CC2)CC1
C1CCC(CCCC2CCC(C3CCCCC3)CC2)CC1
C1CCC(CCCC2CCC(C3CCCCC3CC3CCC(CC4CCCCC4)CC3)CC2)CC1
C1CCC(C2CCCCC2C2CCC3C(CCCC3C3CCC4CCCCC43)C2)CC1
C1CCC(CC2CCC(C3CCCCC3C3CCCCC3)CC2)CC1
C1CCC(C2CCC(CC3CCCC(C4CCCCC4)C3)CC2)CC1
C1CCC(CCC2CC(CC3CCCCC3)CCC2CC2CCCCC2)CC1
C1CCC(CCC2CCC(C3CCCC(C4CC4)C3)CC2)CC1
C1CCC(CC2CC(CC3CC3)CC(C3CCCC(C4CCCCC4)C3)C2)CC1
C1CCC(CC2CCC(C3CCCC(C4CCC(CCC5CC5)CC4)C3)CC2)CC1
C1CCC(CC2CC(C3CCCCC3)CC(C3CCCCC3)C2)CC1
C1CCC(CC2CCC(CC3CCC(CCC4CC5CCCCC5C4)CC3)CC2)CC1
C1CCC(C2CCCC(C3CCCCC3)C2)CC1
C1CCC(C2CCCC(CCC3CCC(C4CCC(C5CCCC5)CC4)CC3)C2)CC1
C1CCC(C2CCC3C(CCC4CCC(C5CCCC5)CC4)CCCC3C2)CC1
C1CCC(C2CCC(C3CCCC3)CC2C2CCCCC2)CC1
C1CCC(CC2CCCCC2CCC2CCC(C3CCCC3)CC2C2CCC3CCCC3C2)CC1
C1CCC(CCC2CCC(C3CCCCC3)CC2)CC1
C1CCC(C2CCCC(CCC3CCCC(C4CCCCC4)C3)C2)CC1
C1CCC(CCC2CC(C3CCCCC3C3CCCCC3)C3CCCCC23)CC1
C(CCCC1CC(CC2CCC3CCCCC32)C2CCC(CC3CCCCC3)CC12)CCC1CCCCC1
C1CCC(CC2CCCC(CCCC3CCC(CC4CCCC4)CC3)C2)CC1
C1CCC(C2CCCC(CC3CC(C4CCCCC4CC4CCCC4)C4CCCCC34)C2)CC1
C1CCC(C2CCC3CCCCC3C2)CC1
C(CCC1CCCC(C2CCCC(CC3CCCC3)C2)C1)CC1CCC(C2CCCC2)CC1
C1CCC(C2CCCC(CC3CCC(CC4CC5CCCCC5C4)CC3)C2)CC1
C1CCC(CC2CC(C3CCCCC3)CC3CCCCC32)CC1
C1CCC(CC2CCC(CCCC3CCCC(C4CCCCC4)C3)CC2)CC1
C1CCC(CC2CCC(C3CC4CCC(CC5CCC6CCCC6C5)CC4C(C4CCCCC4)C3)CC2)CC1
C1CCC(C2CCC(CC3CCCC(C4CCC4)C3)CC2)C1
C1CCC(CCC2CCC(CCC3CCCCC3)CC2)CC1
C1CCC(C2CCC(C3CCC(C4CCCCC4)C(C4CCCCC4)C3)CC2)CC1
C1CCC(CC2CCCC(C3CCCCC3C3CCC(C4CCC4)CC3)C2)CC1
C1CCC(CC2CCC(C3CCCC(C4CCC(C5CCC(C6CC7CCCCC7C6)CC5)CC4)C3)CC2)CC1
C1CCC(CC2CCC(C3CCCC(C4CCCC4)C3)C(C3CCCCC3)C2)CC1
C1CCC(CC2CCCC(CCC3CCCC3)C2)CC1
C1CCC(CCCCCC2CCC(CC3CCCCC3)CC2)CC1
C1CCC(C2CCC(CCC3CCCC(C4CCCCC4C4CCCC4)C3)CC2)CC1
C1CC2CCC(C3CCCCC3CC3CC(C4CCC5CCCCC54)CC4CCCCC43)CC2C1
C1CCC(C2CCC(CCC3CCCC(C4CCCCC4)C3)CC2)CC1
C1CCC(CCC2CCCC(CC3CCCCC3)C2)CC1
C1CCC(CC2CCC3CC(C4CCCCC4)CCC23)CC1
C1CCC(CCC2CC(CC3CCCCC3)CC(C3CCCCC3)C2)CC1
C1CCC2CC(CC3CCC(C4CCC(CCC5CC5)CC4)C(C4CCC5CCCC5C4)C3)CC2C1
C1CCC(C2CCCCC2)CC1
C1CCC(CCCCCC2CC(C3CCCCC3)C3CCCCC23)CC1
C1CCC(CCCCC2CCCC(CCC3CCCC(C4CCCCC4)C3)C2)CC1
C1CCC(CCC2CCC(CC3CC4CCCCC4C3)CC2)CC1
C1CCC(CCC2CCCC(CCC3CCC(C4CCCCC4)CC3)C2)CC1
C1CCC(C2CC(C3CCCCC3)C(CC3CCCC3)C(C3CCC3)C2)CC1
C1CCC(CC2CCC(CC(C3CCCCC3)C3CCC(C4CCCCC4)CC3)CC2)CC1
C1CCC(C2CCC(C3CCCC(C4CCCC4)C3)CC2)C1
C1CCC(C2CCCC(CC3CCCC(C4CCCCC4)C3)C2)CC1
C1CCC(CC2CCC(CCCC3CCCC(CCC4CC5CCCCC5C4)C3)CC2)CC1
C1CCC(CC2CCC(C3CCC(C4CCC(C5CCCC5)CC4)C3)CC2)CC1
C1CCC(CCC2CCC(CC3CCC(CC4CCC5CCCC5C4)CC3)CC2)CC1
C1CCC(CCC2CCCC(CC3CCC(CC4CCCCC4)CC3)C2)CC1
C1CC2CCC(C3CCCC(C4CCCCC4C4CCCC4)C3)CC2C1
C1CCC(CC2CC(C3CC4CCCCC4C3)CCC2C2CCCCC2)CC1
C1CCC(CC2CCC(C3CCCCC3)CC2)CC1
C1CCC(C2CCC(C3CCC4CCCCC43)C(C3CCCCC3)C2)CC1
C1CCC(CC2CCC(C3CCCC(CCC4CCCC4)C3)CC2)CC1
C1CCC(C2CCCCC2)CC1
C1CCC(CC2CCC(C3CC(C4CCC(C5CCCC5C5CCCCC5)CC4)C3)CC2)CC1
C1CCC(CC2CCC(CCC3CCC(CC4CCCC(CC5CC5)C4)CC3)CC2)C1
C1CCC(CCCC2CCC(CC3CCCCC3C3CCC4C(CCC4C4CCCC4)C3)CC2)CC1
C1CCC(C2CC(CCC3CC4CCCCC4C3)CC(C3CCCCC3)C2)CC1
C1CCC(C2CCCC(CCCC3CCCC(C4CCC(C5CCCC5)CC4)C3)C2)CC1
C1CCC(CCCCCC2CCC(C3CCC(CCC4CCCCC4)CC3)CC2)CC1
C1CCC(CCC2CCC(C3CCCCC3)CC2)CC1
C1CCC(CC2CCC(C3CCC(CC4CCCCC4)CC3)CC2)CC1
C1CCC(C2CCC(C3CC(C4CCCC4)CCC3C3CCC4CCCC4C3)CC2)CC1
C1CCC(CC2CCC(C3CCCC(C4CCCC4)C3)CC2)CC1
C1CCC(C2CCCC(CCC3CCC4CC(C5CCCCC5)CCC4C3)C2)CC1
C1CCC(CC2CCC(C3CCCC(CC4CCC(C5CCCCC5)C4)C3)CC2)CC1
C1CCC2C(C1)CCC2C1CCCCC1CC1CC1
C1CCC(CC2CCC(C3CCCCC3C3CCC4CCCC4C3)CC2)CC1
C1CCC(C2CCC(CCC3CCCC(C4CCCC4)C3)CC2)CC1
C1CCC(CCCC2CCC(CCC3CCC(C4CCC(CCC5CCCCC5)CC4)CC3)CC2)CC1
C1CCC(C2CCCC(CC3CCCCC3C3CCCCC3)C2)CC1
C1CCC(CC2CCC(CC3CCCC(C4CCCCC4)C3)CC2C2CCCC2)CC1
C1CCC(CC2CCCC(C3CCC(CC4CCC(CCC5CC6CCCCC6C5)CC4)CC3)C2)CC1
C1CCC(CCC2CCC(CC3CCC4CCCCC43)CC2)CC1
C1CCC(CCCCC2CCCC(CCC3CCCCC3)C2)CC1
C1CCC(CCC2CCC3CCC(CCC4CCCCC4)C3C2)CC1
C1CCC(CC2CCCC(C3CCCCC3)C2)CC1
C1CCC(CCC2CCCCC2C2CCC(C3CCCC(C4CCCC4)C3)C3CCCC23)CC1
C1CCC(C2CCCC(C3CCCCC3)C2)CC1
C1CCC(CCC2CCC(CC3CCCC(C4CCC(C5CCCCC5)CC4)C3)CC2)CC1
C1CCC(CC2CCCC(CC3CCC(C4CCCCC4)CC3)C2)CC1
C1CCC(CCC2CCC(CCC3CCCC(C4CCCCC4)C3)CC2)CC1
C1CCC(C2CCCC(C3CCCC(CCCCC4CC5CCCCC5C4)C3)C2)CC1
C1CCC(C2CC(C3CCC4CCCCC43)CC3CCC(CC4CCCC4)CC32)CC1
C1CCC(CC2CCC(C3CCCC(C4CCCCC4)C3)CC2)CC1
C1CC(CCC2CCC3CC(C4CCC5CCCCC54)CC(C4CC5CCCCC5C4)C3C2)C1
C1CCC(CC2CCCC3CC(C4CCCCC4CC4CC5CCCCC5C4)CCC23)CC1
C1CCC(C2CCC(C(CC3CCCC3)(C3CCCCC3)C3CCC(C4CCCCC4)C3)CC2)CC1
C1CCC(CCCC2CC(CC3CCCCC3)CCC2CCC2CCC(C3CCC3)CC2)CC1
C1CCC(C2CCC(CC3CC3)CC2CCC2CCCC(C3CCC4CCCCC43)C2)CC1
C(CC1CC1)CC1CCC(C2CCCCC2C2CCC3CCCCC3C2)CC1
C1CCC(CCC2CCCCC2)CC1
C1CCC(C2CCC(CC3CCCC(C4CCCC4)C3)CC2C2CCCC2)CC1
C1CCC(CC2CCC(C3CCCCC3C3CCCCC3)CC2)CC1
C1CCC(CC2CCC(C3CCCCC3)CC2)CC1
C1CCC(CCCCC2CCCC(C3CC4CCCCC4C3)C2)CC1
C1CCC(CC(C2CCCCC2)C2CCCC(CC3CCC3)C2)CC1
C1CCC(C2CCCCC2)CC1
C1CCC(CC2CCC(C3CCC(CC4CC4)CC3CC3CCCC3)CC2)CC1
C1CCC(CCC2CCC(CCC3CC(C4CCCCC4)CC(C4CCC4)C3)CC2)CC1
C1CCC(CCC2CCC(CCC3CCCC(CC4CCCCC4)C3)CC2)CC1
C1CCC(CCCC2CCC(C3CCCC(C4CCCCC4)C3)CC2)CC1
C1CCC(CC2CCCC(C3CC(C4CC4)C4CCCCC34)C2)CC1
C1CCC(C2CCC(C3CCCC(C4CCCC4)C3)C(C3CCCCC3)C2)CC1
C1CCC(CCC2CCC(C3CCCCC3)CC2C2CCCCC2)CC1
C1CCC(CCC2CCC(C3CCC(CC4CCCCC4)CC3)CC2)CC1
C1CCC(CC2CCCC3CC(CC4CCCCC4C4CCCCC4)CCC23)CC1
C1CCC(C2CCCC(CCC3CCC(CC4CC5CCCCC5C4)CC3)C2)CC1
C1CCC(CC2CCCCC2C2CCCCC2)CC1
C1CCC(CCC2CCC(C3CCC(C4CCCCC4)CC3)CC2)CC1
C1CCC(CC2CCC(CC3CCC(C4CCCC4)CC3)CC2)CC1
C(CC1CCC(CC2CCCC2)CC1)CC1CCC(C2CCCC(C3CCC3)C2)CC1
C1CCC(C2CCC(C3CCC(CC4CCCC4)CC3)CC2C2CCCCC2)CC1
C1CCC(CC2CCC(C3CCCC(CC4CCCCC4)C3)CC2)CC1
C1CCC(C2CCC(CC3CCCC(CC4CC5CCCCC5C4)C3)CC2)CC1
C1CCC(C2CCC(C3CCC4CCCCC4C3)CC2)CC1
C1CCC(CC2CCC(C3CCCCC3C3CCCCC3)CC2)CC1
C1CCC(C2CCC(CCC3CCCCC3C3CCCCC3C3CC3)C(C3CCCCC3)C2)CC1
C1CCC(CC2CCC(C3CCCCC3)CC2)CC1
C1CCC(CC2CCC(CC(C3CCCCC3)C3CCCCC3CC3CCCCC3)CC2)CC1
C1CCC(C2CCC(CC3CCCC(CC4CC5CCCCC5C4)C3)CC2)CC1
C1CCC(CC2CC(C3CCCCC3)CCC2C2CCCCC2C2CCCC2)CC1
C1CCC(C2CCC(CC3CCC(C4CCCCC4C4CCC5CCCC5C4)CC3)CC2)C1
C1CCC(C2CCCCC2C2CCC3C(CCCC3C3CCCCC3)C2)CC1
C1CCC(C2CCCC(CC3CC(C4CCCCC4)CC(C4CCCC4)C3)C2)CC1
C1CCC(CCC2CCC(C3CCCCC3)CC2C2CCCC2)CC1
C1CCC(C2CCCC(C3CCCCC3C3CC4CCCCC4C3)C2)CC1
C1CCC(CC2CCCC(CC3CCCCC3C3CCCCC3)C2)CC1
C1CCC(CC2CCCC(C3CCCCC3C3CCCCC3C3CCCC3)C2)CC1
C1CCC(CCCCCC2CCC(C3CCCCC3CC3CCCCC3)CC2)CC1
C1CCC(C2CCCCC2C2CCC3CCCCC32)CC1
C1CCC(CC2CC(C3CCCCC3)CC3CCC(CC4CC5CCCCC5C4)CC32)CC1
C1CCC(CCC2CCCC(CC3CCCCC3)C2)CC1
C1CCC(C2CCCC(C3CC(CC4CCC5CCCCC54)C4CCCCC43)C2)CC1
C1CCC(CCC2CCC(CCCC3CCCC(CC4CCCC4)C3)CC2)CC1
C1CCC(CC2CCCC(C3CCCCC3)C2)CC1
C1CCC(CCC2CCC(C3CCCCC3)CC2)CC1
C1CCC(CC2CCCCC2C2CCCCC2C2CCCC2)CC1
C1CCC(CCC2CC(C3CCCCC3)CC(C3CCCCC3)C2)CC1
C1CCC(CCC2CCCC(C3CCCC(CCC4CCC5CCCCC54)C3)C2)CC1
C1CCC(CC2CCCC(CCCC3CCC(C4CCCC4)CC3)C2)CC1
C1CCC(C2CCCC3CCC(CC4CCCCC4CC4CCCC4)CC32)CC1
C1CCC(C2CCC(C(C3CCCCC3)C3CC3)CC2)CC1
C1CCC(CC2CCCC(C3CCC(CC4CC5CCCCC5C4)CC3)C2)CC1
C1CCC(CCCC2CCC(C3CCCC(CCC4CCCCC4)C3)CC2)CC1
C1CCC(CC2CCCCC2C2CCC3CCCC(C4CCCCC4)C3C2)CC1
C1CCC(CC2CCCCC2C2CCCCC2)CC1
C1CCC(CCCC2CCC(CC3CCCCC3C3CCCC3)CC2)CC1
C1CCC(CC2CCC(CC3CCCCC3)CC2)CC1
C1CCC(C2CCCC(C3CCCCC3)C2)CC1
C1CCC(CC2CCCC(C3CC(C4CCCCC4)C4CCCCC34)C2)CC1
C1CCC(C2CCC3C(CCCC3C3CC(CC4CCCC4)CCC3C3CCCC3)C2)CC1
C1CCC(CC2CCCC(CC3CC(C4CCCCC4)C4CCCCC34)C2)CC1
C1CCC(CC2CCC3CC(C4CCCCC4C4CCC5CCCCC5C4)CCC23)CC1
C1CCC(CCC2CC3CCCCC3C(C3CCCCC3)C2)CC1
C1CCC(CCCC2CCC(C3CCC(C4CCCCC4)CC3)CC2)CC1
C1CCC2CC(CCC3CCC(CC4CC4)CC3)CC2C1
C1CCC(CCCC(CCC2CCC(C3CCCCC3)CC2)C2CCCCC2)CC1
C1CCC(C2CCCC(CCC3CCC3)C2)CC1
C1CCC(C2CCC3C(CCCC3C3CCCC(C4CCCCC4C4CCCCC4C4CCCC4)C3)C2)CC1
C1CCC(CC2CCC(CC3CCC(C4CCCC(C5CCCCC5)C4)CC3)C2)CC1
C1CCC(CC2CCCCC2CCC2CCC(C3CCCC(C4CCCC4)C3)CC2)CC1
C1CCC(CCC2CCC(CC3CCCCC3)CC2)CC1
C1CCC(CCC2CCC(C3CCCC(C4CCC5CCCC5C4)C3)CC2)CC1
C1CCC(CCCC2CCC(C3CCCCC3CC3CCCCC3)CC2)CC1
C1CCC(C2CCC(C3CCCCC3)C(C3CCC4C(CCC4C4CCC(C5CC5)CC4)C3)C2)CC1
C1CCC(C2CCCC(CC3CCCC(C4CCCCC4)C3)C2)CC1
C1CCC(CCCC2CCCCC2C2CCCCC2)CC1
C1CCC(CCC2CCCC(C3CCCCC3)C2)CC1
C(CCCC1CCCC(CC2CCCCC2)C1)CCC1CCCCC1
C1CCC(C2CCCC(C3CCCCC3C3CCC(C4CCC5CCCCC54)CC3)C2)C1
C1CCC(C2CCCCC2CCC2CCC3CCCCC32)CC1
C1CCC(CCC2CCC(CCCC3CCCC(CCC4CC5CCCCC5C4)C3)CC2)CC1
C1CCC(CC2CCC(C3CCCCC3)CC2)CC1
C1CCC(C2CCC(CC3CCC(C4CCCCC4)CC3CCC3CCC3)CC2)CC1
C1CCC(CCC2CCC(CC3CCC(CCCC4CCC5CCCCC5C4)CC3)CC2)CC1
C1CCC(CC2CCC(CCCC3CCCC(CC4CCCCC4)C3)CC2)CC1
C1CCC(CC2CCCC(C3CCC(CC4CC5CCCCC5C4)CC3)C2)CC1
C1CCC(C2CCCC(C3CCC(C4CCCCC4)C4CCCC34)C2)CC1
C1CCC(C2CCCCC2C2CCC3CCCC3C2)CC1
C1CCC(CC2CCC(CCCC3CCC(C4CCC(C5CCC(C6CCCC6)CC5)CC4)CC3)CC2)CC1
C1CCC(CC2CCC(C3CCCCC3)CC2)CC1
C1CCC(CCCC2CCCC(C3CCCCC3)C2)CC1
C1CCC(C2CCCCC2CCC2CCCCC2C2CCCC2)CC1
C1CCC(CC2CCC3CC(C4CCC(C5CCCC5)CC4)CCC23)CC1
C1CCC(CC2CCC(CC3CC(CC4CCCC(C5CCCCC5)C4)C4CCCCC34)CC2)CC1
C1CCC(CCCCC2CCC(C3CCCCC3)CC2)CC1
C1CCC(CC2CCCC(CC3CC(CC4CCCCC4)C4CCC(C5CCCCC5)CC34)C2)CC1
C1CCC(C2CCCC(CC3CCC(C4CCCC4)CC3)C2)CC1
C1CCC(CC2CCCC(CC3CCCC3)C2)CC1
C1CCC(CCC2CCCC(C3CCCCC3)C2)CC1
C1CCC(CC2CCC(CC3CCCCC3)CC2)CC1
C1CCC(CC2CCCC(CCC3CC3)C2)CC1
C1CCC(CCCC2CCCC(CC3CCC(C4CCC4)CC3)C2)CC1
C1CCC(CC2CCCC(C3CCCC(C4CCCCC4)C3)C2)CC1
C1CCC(CCCC2CCC2)CC1
C1CCC(C2CCCC(CC3CCC4CCCCC4C3)C2)CC1
C1CCC(C2CCC(CC3CCC(C4CCCC(C5CCCC5)C4)CC3)CC2)C1
C1CCC(CC2CCCC(CC3CCCCC3)C2)CC1
C1CCC(CCC2CCCCC2C2CC(CC3CCCCC3)C3CCCCC32)CC1
C1CCC(CC2CCCC(CC3CC(CC4CCCCC4)C4CCCCC34)C2)CC1
C1CCC(CCCCC2CCCC(C3CCCCC3)C2)CC1
C1CCC(CCCC2CCC(C3CCCCC3)CC2)CC1
C1CCC(CC2CC(C3CCCCC3)CCC2C2CCCCC2)CC1
C1CCC(CCC2CCC(C3CCCC(C4CCC(C5CCCC5)CC4)C3)CC2)CC1
C1CCC(CC2CCCCC2)CC1
C1CCC(CC2CCCCC2CCC2CC3CCCCC3C2)CC1
C1CCC(CC2CCCC(CCC3CCCC(CC4CCCCC4C4CCCCC4)C3)C2)CC1
C1CCC(C2CCCC(CC3CCCC(C4CCC(C5CCC6CCCCC65)CC4)C3)C2)CC1
C1CCC(CCC2CCC(CC3CCCCC3)CC2)CC1
C1CCC(CCC2CCC(C3CC(C4CCCCC4)C3)CC2)CC1
C1CCC(CCC2CCCCC2)CC1
C1CCC(CC2CCC(CC3CCCC(C4CCCCC4)C3)C2)CC1
C1CCC(CC2CCC(CC3CCC(CC4CCCCC4)CC3)CC2)CC1
C1CCC(C2CCCCC2C2CCCCC2C2CCCC2)CC1
C1CCC(CCCCCC2CC(CC3CCCCC3)C3CCCCC23)CC1
C1CCC(C2CCCC2CC2CC3CCCCC3C2)CC1
C1CCC(CC2CCC(CC3CCC(CC4CC4)CC3)CC2)CC1
C1CCC(CCCC2CC(CC3CCCC(C4CCCC4)C3)C3CCCCC23)CC1
C1CCC(CC2CCC(CCCC3CCC(C4CCCCC4)CC3)CC2)CC1
C1CCC(CC2CCCC(C3CCCCC3)C2)CC1
C1CCC(C2CCCC(C3CCC(CC4CCCC5CCCCC54)CC3)C2)CC1
C1CCC(CC2CCC(C3CCC(C4CCC(CC5CCC6CCCCC65)CC4)C3)CC2)CC1
C1CCC(CCC2CCC(CCC3CCCC(C4CC4)C3)CC2)CC1
C1CCC(CCCC2CCCC(CC3CCC(C4CCCCC4C4CCCC4)CC3)C2)CC1
C1CCC(CCC2CCC(CC3CCCCC3)CC2)CC1
C1CCC(CCCC2CCC(C3CCCC(CCC4CCCCC4)C3)CC2)CC1
C1CCC(CC2CCC(CC3CCCC(C4CCCCC4)C3)CC2)CC1
C1CCC(CCC2CCCCC2CC2CCC(C3CCCCC3)CC2)CC1
C1CCC(CCCC2CCC(CC3CCCCC3)CC2C2CCCC2)CC1
C1CCC(C2CCCC(C3CCCC(CC4CCC5CCCCC54)C3)C2)CC1
C1CCC(C2CCC(CC3CCC(C4CCC5CCCCC5C4)CC3)CC2CCC2CC2)CC1
C1CCC(CCCC2CCC(CC3CCC(C4CCCCC4)CC3)CC2)CC1
C1CCC(CCCC2CCC(CC3CCC(CCC4CCCCC4)CC3)CC2)CC1
C1CCC(CCCCCC2CCCC(C3CCCCC3)C2)CC1
C1CCC(CC2CCCC3CCC(C4CC5CCCCC5C(C5CCCCC5)C4)C32)CC1
C1CCC(C2CCC(C3CC3)C(CC3CCC(C4CCCC4)CC3)C2)CC1
C1CCC(CC2CCCC(C3CC(CC4CCCCC4)CC(C4CCCCC4)C3)C2)CC1
C1CCC(CC2CCC(CC3CCCCC3C3CCCCC3)CC2)CC1
C1CCC(CCC2CCCC(C3CCCC(C4CCCC4)C3)C2)CC1
C1CCC(CC2CCC(C3CCCCC3CC3CCCC3C3CCCC(CC4CCCCC4)C3)CC2)CC1
C1CCC(CCC2CC(C3CCCC(C4CCCC4)C3)CCC2CC2CCCCC2)CC1
C1CCC(CCC2CCCC(CCC3CCCCC3)C2)CC1
C1CCC(CC2CCC(CCCC3CCC(CC4CCCCC4)CC3)CC2)CC1
C1CCC(CC2CCC(CC3CCC(CC4CCCCC4C4CCCC4)CC3)CC2)CC1
C1CCC(CC(C2CCCCC2)C2CCCC(CC3CCC4CCCC4C3)C2)CC1
C1CCC(CCCC2CCC(CC3CCCCC3CC3CC3)CC2)CC1
C1CCC(CCCC2CCC(C3CCCCC3)CC2)CC1
C(CCC1CCC(C2CCCCC2)CC1)CCC1CCCC(C2CCCCC2)C1
C1CCC(CC2CCCCC2CC2CCCCC2)CC1
C1CCC(C2CCCC(CCCC3CCC4CCCCC4C3)C2)CC1
C1CCC(C2CC3CCC(C4CCCCC4)CC3C(C3CCCCC3)C2)CC1
C1CCC(C2CCCCC2CC2CCC(CC3CCC(CC4CC5CCCCC5C4)CC3)CC2)CC1
C1CCC(C2CCCC(C3CCC(C4CCCC4)CC3)C2)CC1
C1CCC(CC2CCCC(C3CCC(C4CC(C5CCCC5)C5CCCCC45)CC3)C2)CC1
C1CCC(CC2CCC(C3CCCCC3C3CCCCC3)CC2)CC1
C1CCC(CC2CCC(C3CCC(CC4CCCCC4)CC3)CC2)CC1
C1CCC(CC2CCC(CCC3CCC(CC4CC5CCCCC5C4)CC3)CC2)CC1
C1CCC(C2CCCC(C3CCCC(C4CCCCC4C4CCCC4)C3)C2)CC1
C(CC1CCCC(CC2CCC3CCCCC32)C1)CC1CC2CCCCC2C1
C1CCC(CC2CC(C3CCC(CC4CCCC4)CC3)C3CCCCC23)CC1
C1CCC(CC2CCC(CCCCC3CCC4C(CCCC4C4CCCCC4)C3)CC2)CC1
C1CCC(CC2CC(C3CCCC3)CCC2C2CCCCC2)CC1
C1CC2CCC(C3CCCCC3C3CCCC3)CC2C1
C1CCC(C2CCC(C3CCCCC3C3CCCCC3)CC2)CC1
C1CCC(CC2CC(C3CCCCC3)C3CCCCC23)CC1
C1CCC(CC2CCC(CC3CCC(C4CCCC4)CC3)CC2)CC1
C1CCC(CCCC2CC(CCC3CCC(C4CCCCC4)CC3)C3CCCCC23)CC1
C1CCC(CC2CCC(CC3CCC(C4CCCCC4)CC3)CC2)CC1
C1CCC(C2CCC(CCC3CCC(C4CCCC4)CC3)CC2)CC1
C1CCC(C2CCCC(CC3CCCC4CC(C5CCC(C6CCC(C7CCC(C8CC8)CC7)CC6)CC5)CCC34)C2)CC1
C1CCC(CCCC2CC(C3CCC(CC4CCCCC4)CC3)C3CCCCC23)CC1
C1CCC(CC2CCCC(CC3CC(C4CCCCC4)CC(C4CCCCC4)C3)C2)CC1
C1CCC(C2CC(C3CCC3)CC(C3CCC(C4CCC(C5CC5)CC4)CC3)C2)CC1
C1CC(CCC2CC(C3CCCC3)C3CCCCC23)CC(C2CC2)C1
C1CCC(CCCCC2CCC(CC3CCC(CCCC4CCCCC4)CC3)CC2)CC1
C1CCC(CC2CCC(CC3CCCC(C4CCCCC4)C3)CC2)CC1
C1CCC(CC2CCCC(C3CCCC3)C2)CC1
C1CCC(C2CCCC(C3CCCC(C4CCCCC4)C3)C2)CC1
C1CCC(CCC2CCC(CC3CCCC(C4CCCCC4)C3)CC2)CC1
C1CCC(CCCC2CCC(CCC3CCCCC3)CC2)CC1
C1CCC(CC2CCCC(C3CCC(C4CCCC(CC5CCCCC5)C4)CC3)C2)CC1
C1CCC(CCC2CCCCC2C2CCC(CC3CC3)CC2)CC1
C1CCC(CC2CCC(C3CCC(CC4CCCCC4)CC3)CC2)CC1
C1CCC(C2CCCC(C3CCCCC3)C2)CC1
C1CCC(CC2CCC(C3CCCCC3)CC2)CC1
C1CCC(C2CCC(C3CCC(C4CCCC4)CC3)CC2)CC1
C1CCC(CCC2CCCC(C3CCCCC3)C2)CC1
C1CCC(C2CCC(C3CCCCC3C3CCCCC3C3CCCCC3)CC2)CC1
C1CCC(CCC2CCCCC2CC2CCCCC2)CC1
C1CCC(C2CCCC(C3CCCCC3C3CCCCC3C3CCCCC3)C2)CC1
C1CCC(CC2CCCCC2C2CCC(C3CCC3)CC2)CC1
C1CCC(CC2CCC(C3CCC4CC(C5CCCCC5)CCC4C3)CC2)CC1
C1CCC(CCCC2CCCC(C3CCCCC3C3CCC4CCCCC4C3)C2)CC1
C1CCC(C2CCC(CC3CCCC(C4CCCCC4)C3)CC2)CC1
C1CCC(CC2CCC(C3CCCC(CC4CCCC4)C3)CC2)CC1
C1CCC(CC2CCC(CC3CCCC(CC4CCCCC4)C3)CC2)CC1
C1CCC(CCCC2CCCC(CC3CCCCC3)C2)CC1
C1CCC(CC2CCCC(C3CCCC(C(CC4CCC4)C4CCCCC4)C3)C2)CC1
C1CCC(CCCC2CCC(CC3CC4CCCCC4C3)CC2)CC1
C1CCC(C2CCCC(C(C3CCCCC3C3CCCCC3)C3CCCC4CCCCC43)C2)CC1
C1CCC(C2CCCCC2C2CCC(CC3CCC(C4CCCC4)CC3)CC2)CC1
C1CCC(CCC2CC(CC3CCCCC3)CC(C3CCCCC3)C2)CC1
C1CCC(CCC2CCCCC2C2CCC(CC3CCCCC3)CC2)CC1
C1CCC(CCCC2CCC(CC3CCCCC3C3CCCCC3)CC2)CC1
C1CCC(CCC2CCC(CC3CCCCC3)CC2)CC1
C1CCC(C2CCCC(C3CCCCC3)C2)CC1
C1CCC(CC2CCCCC2CC2CC(C3CCCC(C4CCCC4)C3)C3CCCCC23)CC1
C1CCC(CCCC2CCCC(C3CC(CC4CCC5CCCCC54)CC4CCCCC43)C2)CC1
C1CCC(CCCC2CCCCC2)CC1
C1CCC(CCC2CCCC(C3CCCCC3)C2)CC1
C1CCC(C2CCCC(CCC3CCC(C4CCCC(C5CCCCC5)C4)CC3)C2)CC1
C1CCC(C2CCC(C3CCCCC3C3CCCC3C3CCCC3)C(C3CCCC3)C2)CC1
C1CCC(CC2CCC(CC3CCC4CCCCC4C3)CC2)CC1
C1CCC(C2CCC(CC3CCC(CC4CCCC4)CC3)CC2)CC1
C1CCC(CC2CCC(CC3CCCCC3)CC2)CC1
C1CCC(CCCC2CCCCC2)CC1
C1CCC(CCCCC2CCC(C3CCC(C4CCCCC4)CC3)CC2)CC1
C1CCC(C2CCCCC2)CC1
C1CCC(CC2CCCCC2C2CCCCC2)CC1
C1CCC(CC(CC2CCCC(C3CCCCC3)C2)C2CCCC(C3CC3)C2)CC1
C1CCC(CC2CCCCC2)CC1
C1CCC(CC2CCC(CC3CCC(C4CCCCC4C4CCCCC4)CC3)CC2)CC1
C1CCC(C2CC(C3CCCCC3C3CCCC(CCC4CC4)C3)C3CCCCC23)CC1
C1CCC(CC2CCC(CCC3CCC(C4CC(C5CCCCC5)C4)CC3)CC2)CC1
C1CCC(C2CCCCC2)CC1
C1CCC(CCCCC2CCCCC2C2CCC(CC3CCCCC3)CC2)CC1
C1CCC(CC2CCC(C3CCCCC3)CC2)CC1
C1CCC(CCC2CCCC(C3CCCCC3)C2)CC1
C1CCC(CCC2CCC(CCC3CCC(C4CCCC(C5CC5)C4)CC3)CC2)CC1
C1CCC(CC2CCC(CC3CCC(CC4CCCCC4)CC3)CC2)CC1
C1CCC(CCC2CCCC(C3CCC(CC4CCCCC4)CC3)C2)CC1
C1CCC(CCCC2CCC(C3CCCCC3)CC2)CC1
C1CCC(CCC2CCCC(C3CCCCC3)C2C2CCCC2)CC1
C1CCC(CCCC2CCC(CC3CCCCC3)CC2)CC1
C1CCC(CC2CCC(CC3CCCC(C4CCCC(C5CCCCC5)C4)C3)CC2)CC1
C1CCC(CC2CCC(C3CCCCC3)CC2)CC1
C1CCC(C2CCCCC2)CC1
C1CCC(CC2CCC(C3CCCCC3CC3CCCCC3)CC2)CC1
C1CCC(CC2CCC(C3CCCCC3)CC2)CC1
C1CCC(CC2CCCC(C3CC(CC4CCCC4)CC(C4CCCCC4)C3)C2)CC1
C1CCC(C2CCC(C3CCCCC3)C(C3CCCCC3)C2)CC1
C1CCC(CC2CCC(CCCC3CCC(C4CC(C5CC5)C5CCCCC45)CC3)CC2)CC1
C1CCC(CC2CCC(CC3CCCCC3)CC2)CC1
C1CCC(CCC2CCCCC2C2CCC(C3CCC4CCCCC43)C(C3CCCC3)C2)CC1
C1CCC(CCCCC2CCC(CC3CCC(C4CCC5CCCCC54)CC3)CC2)CC1
C1CCC(CCCC2CCCCC2C2CCC3CC(C4CCCCC4)CCC32)CC1
C1CCC(CCC2CCCC(C3CCCC(C4CCCCC4)C3)C2)CC1
C1CCC(C2CCCC(C3CCCC(C4CCCC(CCC5CC5)C4)C3)C2)CC1
C1CCC(C2CCC3C(CCCC3C3CCCCC3)C2)CC1
C1CCC(CC2CCCC(C3CCCCC3C3CCCCC3C3CCCCC3)C2)CC1
C1CCC(CCCC2CC(CC3CCCCC3)C3CCC(CC4CCCCC4)CC23)CC1
C1CCC(C(CCCC2CCCC(C3CCCC3)C2)C2CCCCC2)CC1
C1CCC(C2CCCCC2C2CCCCC2)CC1
C1CCC(CC2CCC(C3CCCCC3CC3CCCC(C4CC4)C3)CC2)CC1
C1CCC(CC2CCCC(CC3CCCCC3)C2)CC1
C1CCC(CC2CCC(CC3CC3)CC2C2CCCCC2C2CCC3CCCC3C2)CC1
C1CCC(CCCC2CCC(C3CCCCC3)CC2)CC1
C1CCC(C2CC(C3CCC4CCCCC43)CC3CCCCC32)CC1
C1CCC(C2CCCC(CCCC3CCC3)C2)CC1
C1CCC(CC2CCCC(C3CCCCC3)C2)CC1
C1CCC(C2CC(C3CCCCC3)CC(C3CCCCC3)C2)CC1
C1CCC(CCCC2CCC(C3CCCCC3)CC2CCC2CCCCC2)CC1
C1CCC(C2CCCC(CC3CC(CCC4CCC5CCCCC5C4)C4CCCCC34)C2)CC1
C1CCC(CC2CCCCC2C2CCC3C(CCCC3C3CCC(C4CCCCC4)CC3C3CCCCC3)C2)CC1
C1CCC(C2CC(CC3CCC(C4CCCC4)CC3)C3CCCCC32)CC1
C1CCC(CC2CCC(C3CCC(CC4CC5CCCCC5C4)CC3)CC2)CC1
C1CCC(CCC2CCCCC2C2CCC(C3CCCC3)CC2)CC1
C1CCC(CCCCC2CCCCC2)CC1
C1CCC(CCC2CCC(C3CCCCC3)CC2)CC1
C1CCC(CCCC2CCCC(C3CCCCC3)C2)CC1
C1CCC(C2CCCCC2C2CCCCC2C2CC(CC3CCCC3)C3CCCCC32)CC1
C1CCC(C2CCC(CC3CCC4C(CCC4C4CCCC4)C3)CC2)CC1
C1CCC(C2CCCC(CC3CCCC(CC4CCC(C5CCCC(C6CCC6)C5)CC4)C3)C2)CC1
C1CCC(CC2CCC(C3CC3)CC2)CC1
C1CCC(C2CCC3CC(C4CCC(C5CCCCC5)C4)CCC3C2)CC1
C1CCC(CC2CCCC(C3CCC4CCCC4C3)C2)CC1
C1CCC(CCCCC(CCC2CCCCC2)C2CCCCC2)CC1
C1CCC(CCC2CCC(C3CCCCC3)C(C3CCCCC3)C2)CC1
C1CCC(C2CCC(C3CC4CCCCC4C3)CC2)CC1
C1CCC(CC2CC(C3CCCCC3)C3CCCCC23)CC1
C1CCC(CC2CCC(CCCC3CCC(C4CCCCC4)CC3)CC2)CC1
C1CCC(CC2CCC(C3CCC(CC4CCCCC4C4CCCC4)CC3)CC2)CC1
C1CCC(C2CCC(CC3CCCC(C4CCCCC4)C3)CC2)CC1
C1CCC(CC2CCC(C3CCCCC3)CC2)CC1
C1CCC(CCC2CCCCC2)CC1
C1CCC(CC2CCCC(C3CCCC(CCC4CC4)C3)C2)CC1
C1CCC(C2CCCC(C3CCC(C4CCCC5CCCCC54)CC3)C2)CC1
C1CCC(C2CCC(C3CC(C4CCCC4)CCC3C3CC(CC4CC5CCCCC5C4)C4CCCCC43)CC2)CC1
C1CCC(C2CCC(C3CCCC(CC4CC5CCCCC5C4)C3)CC2)CC1
C1CCC(C2CCCCC2C2CCC(CC3CC3)CC2)CC1
C1CCC(CC2CC(C3CCCCC3)C3CCCCC23)CC1
C1CCC(C2CCC3CCC(C4CCCC5CCCCC54)CC3C2)CC1
C1CCC(CC2CCC(CC3CCCCC3)CC2)CC1
C1CCC(CCCCC2CCCCC2)CC1
C1CCC(CCC2CCCC(C3CCC(CC4CCC4)CC3)C2)CC1
C1CCC(C2CCC(CCC3CCCC(C4CCCCC4)C3)CC2)CC1
C1CCC(CCCCC2CCCCC2)CC1
C1CCC(CC2CCCCC2)CC1
C1CCC(CCC2CC(CC3CCCCC3)C3CCC(C4CCCCC4)CC23)CC1
C1CCC(CC2CCCC(C3CC(C4CC4)CC(C4CCCC(C5CCCCC5)C4)C3)C2)CC1
C1CCC(C2CCCC(C3CCCC(CC4CCCC4)C3)C2)CC1
C1CCC(CC2CC(C3CCC3)CCC2C2CCCCC2)CC1
C1CCC(CCCC2CCCC(C3CCCCC3)C2)CC1
C1CCC(CC2CCCCC2C2CCCC(C3CCCCC3)C2)CC1
C1CCC(CC2CC(C3CC(CC4CCC5CCCCC54)CC4CCCCC43)C3CCCCC23)CC1
C(CCCCC1CCCCC1)CCCCC1CCCCC1
C1CCC(C2CCCCC2)CC1
C1CCC(C2CC(C3CCCCC3)CC(C3CCCC3)C2)CC1
C1CCC(CC2CCCCC2CCC2CC(C3CCCCC3)C3CCCCC23)CC1
C1CCC(CCCC2CCC(C3CCCC(CC4CCCCC4)C3)C2)CC1
C1CCC(CCC2CC3CC(C4CCCCC4C4CCCC(C5CC5)C4)CCC3C(C3CC3)C2)CC1
C1CCC(CC2CCC(C3CCCCC3)CC2)CC1
C1CCC(CCCC2CCCC(C3CCC(CC4CCCCC4)CC3)C2)CC1
C1CCC(CC2CCCC(C3CCCC4CC(C5CCCCC5)CCC43)C2)CC1
C1CCC(C2CCCC(C3CCCCC3)C2)CC1
C(CCCC1CCCCC1)CCCC1CCC(CCC(CCC2CCCCC2)CC2CCCC2)CC1
C1CCC(CCC2CCC3C(C2)C(CC2CC4CCCCC4C2)CC3C2CCCCC2)CC1
C1CCC(CC2CCC(CCC3CCC(CC4CC4)CC3)C(C3CCCCC3)C2)CC1
C1CCC(CC2CCC(C3CCC(CC4CCCCC4)CC3)CC2)CC1
C(CCC1CCC(C2CCCC(C3CCC3)C2)CC1)CCC1CCCC(C2CCCCC2)C1
C1CCC(C2CCC(C3CCCCC3C3CCCCC3C3CCCCC3)CC2)CC1
C1CCC(CCCC2CC(CC3CCCCC3)CCC2C2CCCCC2)CC1
C(CCCC1CCC(CC2CCC(CC3CCCCC3)CC2)CC1)CCC1CCCCC1
C1CCC(CC2CC(C3CCCC3)CCC2C2CCCCC2)CC1
C1CCC(CC2CCC(C3CCCCC3C3CCCCC3)CC2)CC1
C1CCC(C2CC(CC3CC3)CC(C3CCCCC3CC3CCCC3)C2)CC1
C(CCC1CCCCC1C1CCC2CCCCC2C1)CC1CCC2CCCC2C1
C1CCC(CC2CCCC(CC3CCCC(C4CC5CCCCC5C4)C3)C2)CC1
C1CCC(CC2CCCC(C3CCC(CC4CCC(C5CCCC5)C4)CC3)C2)CC1
C1CCC(C2CCCC(CCC3CCC(C4CCCC4)CC3)C2)CC1
C1CCC(C2CCCC(C3CC(CC4CCC4)C4CCC(CCC5CC5)CC43)C2)CC1
C1CCC(C2CCC(CCC3CCC4CCCC4C3)CC2)CC1
C1CCC(CC2CCC(CC3CCCCC3)CC2)CC1
C1CCC(CC2CCCCC2CC2CCC(CCC3CCC4CCCC4C3)CC2)CC1
C1CCC(C2CCC(CC3CCC(CCC4CCCC4)CC3)CC2)CC1
C1CCC(CC2CCC(C3CCC(CC4CC5CCCCC5C4)CC3)CC2)CC1
C1CCC(CCC2CCC3CC(C4CCCCC4C4CCC5CCCCC5C4)CCC23)C1
C1CCC(CCC2CCC(CC3CCCC(C4CCCCC4)C3)CC2)CC1
C1CCC(C2CCCC(C3CCCCC3)C2)CC1
C1CCC(C2CCC(CC3CCCC(C4CCCCC4C4CCCCC4)C3)CC2)CC1
C1CCC(CCCC2CC(C3CC3)CCC2CC2CCCCC2)CC1
C1CCC(CC2CCCC(C3CCCC(C4CCCCC4)C3)C2)CC1
C1CCC(CCC2CCC(C3CCCC(C4CCCCC4)C3)CC2)CC1
C1CCC(CC2CCCCC2)CC1
C1CCC(C2CCCC(C3CCC(CCC4CCC4)CC3)C2)CC1
C1CCC(CC2CC(C3CCC(CCC4CCCCC4C4CCCCC4)CC3)C3CCCCC23)CC1
C1CCC(CCC2CCCC(C3CCCCC3C3CCC4CCCCC4C3)C2)CC1
C1CCC(C2CCCCC2C2CCCCC2C2CCCCC2)CC1
C1CCC(CCC2CCC(CC3CCC(C4CCCC(C5CCCCC5)C4)CC3)CC2)CC1
C1CCC(CCCC2CCC(CC3CCC(CC4CCCCC4)CC3)CC2)CC1
C1CCC(CCC2CCCC(CC3CCCCC3)C2)CC1
C1CCC(CCC2CC(CCCC3CCC(C4CCCC4)CC3)CCC2CC2CC2)CC1
C1CCC(C2CCC(C3CCCCC3C3CCC(C4CCCCC4CC4CC4)CC3)CC2CC2CC2)CC1
C1CCC(CCCC2CCCC(C3CCC(CC4CCCCC4)CC3)C2)CC1
C1CCC(CCCC2CCC(C(C3CCCCC3)C3CCCCC3)CC2)CC1
C1CCC(CC2CCC(C3CCCC(CC4CCCC(C5CCCCC5)C4)C3)CC2)CC1
C1CCC(C2CCCC(C3CCC(CC4CCCC4)C(C4CCCCC4)C3)C2)CC1
C1CCC(C2CCC3CCCC(C4CCCCC4)C3C2)CC1
C1CCC(CC2CCC(C3CCCCC3)CC2C2CCCCC2)CC1
C1CCC(CC2CCC(CCC3CCCC(CCC4CC5CCCCC5C4)C3)CC2)CC1
C1CCC(CC2CC(C3CCC(CC4CCC(C5CCCCC5)CC4)CC3)C3CCCCC23)CC1
C1CCC(CC2CCC(CC3CCC(C4CCCCC4C4CCCCC4)C3)CC2)CC1
C1CCC(CC2CCCC(C3CCCCC3)C2)CC1
C1CCC(CC2CCCCC2)CC1
C1CCC(CCC2CCC(CC3CCC(C4CCCCC4)CC3)C2)CC1
C1CCC(CCC2CC(C3CCCCC3)CC(CC3CCCCC3)C2CCC2CCCC2)CC1
C1CCC(C2CCCC(C3CCCC(CCC4CC5CCCCC5C4)C3)C2)CC1
C1CCC(CC2CCC(CC3CCCC(C4CCCCC4)C3)CC2)CC1
C1CCC(CC2CCC(CC3CCC4CCCC4C3)CC2)CC1
C1CCC(CCC2CCCC(CCC3CC(CC4CCCCC4)C4CCCCC34)C2)CC1
C1CCC(CCC2CCCC(C3CCCC(C4CCCCC4)C3)C2C2CCCC2)CC1
C1CCC(CC2CCCC(C3CC(C4CCCCC4)C4CCCCC34)C2)CC1
C1CCC(CC2CCC(C3CCCCC3)CC2)CC1
C1CCC(CC2CCC(CC3CC(CC4CCCCC4)C4CCCCC34)CC2)CC1
C1CCC(C2CCC(C3CCC(C4CCC(C5CCCC5)CC4)CC3)CC2)CC1
C1CCC(C2CCCCC2C2CCC(CC3CCCC3)CC2)CC1
C1CCC(CCC2CCCC(CC3CC4CCCCC4C3)C2)CC1
C(CCC1CCCC(C2CCCC(CCC3CCC3)C2)C1)CCC1CC2CCCCC2C1
C1CCC(CCCCC2CCC(CC3CCCC(C4CCCCC4)C3)CC2)CC1
C1CCC(C2CCC(C3CCCCC3)C(C3CCC4CCCCC4C3)C2)CC1
C1CCC(C2CCC(C3CCCCC3C3CCCCC3)CC2)CC1
C1CCC(C2CCCCC2C2CCC(C3CCCC3)CC2C2CCCCC2)CC1
C1CCC(CCCCCC2CCC(CCCC3CCCCC3)CC2)CC1
C1CCC(C2CCC(C3CCCC(C4CCC5CCCC5C4)C3)C2C2CCCCC2)CC1
C1CCC(CC2CCC(C3CCCCC3)CC2)CC1
C1CCC(CC2CCC(C3CCCC(C4CCCCC4)C3)CC2)CC1
C1CCC(CC2CCC(C3CCCC(CC4CCCCC4)C3)CC2)CC1
C1CCC(CCCCC2CCCCC2C2CCCCC2)CC1
C1CCC(CC2CCCC(CC3CCCCC3)C2)CC1
C1CCC(CC2CCCC(C3CCCCC3)C2)CC1
C1CCC(CCCC2C(C3CCCCC3)CCCC2C2CCCC(C3CCCCC3)C2)CC1
C1CCC(C2CCCC(CC3CC(C4CCC5CCCCC54)C4CCCCC34)C2)C1
C1CCC(CCCC2CCCC(C3CCCCC3)C2)CC1
C1CCC(CCCCC2CCC(CCC3CCC(C4CCCC4)CC3)CC2)CC1
C1CCC(C2CCC(C3CCC4CCCCC4C3)CC2)CC1
C1CCC(CC2CCC(CC3CCC(C4CCCCC4C4CCC5CCCC5C4)C3)CC2)CC1
C1CCC(CC2CCC(C3CCC(C4CCCC(C5CCCCC5CC5CCCCC5)C4)CC3)CC2)CC1
C1CCC(C2CCCC(CCC3CCCC(C4CCCCC4)C3)C2)CC1
C1CCC(C2CCCCC2CCCCCC2CCC(CC3CCC4CCCCC4C3)CC2)CC1
C1CCC(CC2CCCC(C3CCCCC3)C2)CC1
C1CCC(CCC2CCCCC2C2CCCCC2)CC1
C1CCC(C2CCCC(C3CCC(CC4CCC5CCCCC54)CC3)C2)CC1
C1CCC(C2CCCCC2C2CCCCC2)CC1
C1CCC(C2CCC(CC3CCCCC3C3CCCCC3)CC2)CC1
C1CCC(CCC2CCC(CCC3CCCCC3C3CCCCC3)CC2)CC1
C1CCC(CCCCC2CCC(C3CCCCC3)CC2)CC1
C1CCC(CCC2CCC(CC3CC(C4CCCC(CC5CCCCC5)C4)CCC3CCC3CCCC3)CC2)CC1
C1CCC(CCC2CCC(CC3CCCCC3)CC2)CC1
C1CCC(CC2CCC3CC(CCC4CCCC(C5CCCCC5)C4)CCC23)CC1
C1CCC(CC2CCC(CCC3CCCC(CC4CCCCC4)C3)CC2)CC1
C1CCC(CCC2CCC(CCCCCC3CCCC(CCC4CCCCC4)C3)CC2)CC1
C1CC(C2CCCC(CCC3CCC(C4CCCC(CC5CC6CCCCC6C5)C4)CC3)C2)C1
C1CCC(C2CCCC(CC3CCCCC3C3CCCCC3)C2)CC1
C1CCC(C2CCCC(CCC3CCCC3)C2)CC1
C1CCC(CC2CCCC(C3CCC(C4CCCCC4)CC3)C2)CC1
C1CCC(CC2CCCC(C3CCC(C4CCCC(CC5CC6CCCCC6C5)C4)CC3)C2)CC1
C1CCC(CC2CCC(C3CCCCC3)CC2)CC1
C1CCC(C2CCC(CC3CC(C4CCCC4)CCC3C3CCC4CCCC4C3)CC2)CC1
C1CCC(CCC2CCC(CC3CCCCC3C3CCCCC3)CC2)CC1
C1CCC(CCCC2CCC(CCCC3CCC(CC4CCCCC4)CC3)CC2)CC1
C1CCC(CCCC2CCCC(CC3CC(C4CCCCC4)C4CCCCC34)C2)CC1
C1CCC(CC2CCC(CCC3CCCCC3C3CCCCC3)CC2)CC1
C1CCC(C2CCC(CC3CCC(CC4CCC(C5CCC6CCCCC65)CC4)CC3)CC2)C1
C1CCC(CCCC2CCCCC2)CC1
C1CCC(CC2CC(CC3CCCCC3)C3CC(C4CCCCC4C4CCCC4)CCC23)CC1
C1CCC(CC2CCC(C3CCCC3)C(C3CCCCC3)C2)CC1
C1CCC(C2CCCC(C3CCCCC3)C2)CC1
C(CCCC1CCCCC1)CCC1CCCCC1
C1CCC(CCC2CCC(CCC3CCC(C4CCCCC4)CC3)CC2)CC1
C1CCC(CC2CCC3CCC(C4CCCCC4)CC3C2)CC1
C1CCC(C2CCCC(CC3CC(C4CCCCC4)CC(C4CCC4)C3)C2)CC1
C1CCC(CC2CCC(CCC3CCC(C4CCCCC4)CC3)CC2)CC1
C1CCC(CC2CCCC(C3CCCCC3C3CCCCC3)C2)CC1
C1CCC(CCC2CCCC(C3CC(CC4CCCCC4)C4CCCCC43)C2)CC1
C1CCC(CC2CCCC(CCCC3CCCC(C4CCCCC4)C3)C2)CC1
C1CCC(CC2CCC(C3CCCC(CC4CCCC(C5CCCCC5)C4)C3)CC2)CC1
C1CCC(CC2CCC(CC3CCC(C4CCCC4)CC3C3CCCC3)CC2)CC1
C1CCC(CC2CCC(CC3CCC(C4CCCC4)CC3)CC2)CC1
C1CCC(CC2CCCCC2C2CCCCC2)CC1
C1CCC(C2CCC(C3CCCCC3C3CCCCC3)C2)CC1
C1CCC(CC2CCC(CC3CCC(CC4CCCCC4)C3)CC2)CC1
C1CCC2CC(CC3CCC(CC4CCC(C5CC6CCCCC6C5)CC4)CC3)CC2C1
C1CCC(CC2CCCC(CC3CCCCC3)C2)CC1
C1CCC(CC2CC3CCC(CCC4CCC5CCCCC5C4)CC3C2)CC1
C1CCC(C2CCC(CCC3CCCC(C4CCCCC4)C3)CC2)CC1
C1CCC(C2CCC(CC3CC(C4CCC(CC5CC6CCCCC6C5)CC4)C4CCCCC34)CC2)CC1
C1CCC(CC2CCC(C3CCCCC3C3CCCCC3)CC2)CC1
C1CCC(CC2CCC(C3CCCC3)C(C3CCCC3C3CCCC(C4CCCCC4)C3)C2)CC1
C1CCC(C2CCCCC2)CC1
C1CCC(CC2CCCCC2C2CCCCC2)CC1
C1CCC(C2CCC(CCC3CC4CCCCC4C3)CC2)CC1
C1CCC(CCCCCC2CC(CC3CCCCC3)CCC2C2CCCCC2)CC1
C1CCC(CCC2CCCC(C3CCCCC3)C2)CC1
C1CCC(C2CCC(CC3CCCC(C4CCCCC4)C3)CC2)CC1
C1CCC(C2CCC(C3CCCCC3C3CCCC3)C(C3CCC4CCCC4C3)C2)CC1
C1CCC(CC2CCCC(C3CC(CC4CCCCC4)CC(C4CC4)C3)C2)CC1
C1CCC(C2CCC(C3CC(C4CCCCC4)C4CCCCC34)CC2)CC1
C1CCC(CCCC2CCC(CCCC3CCCC(C4CCCC4)C3)CC2C2CCC3CCCC3C2)CC1
C1CCC(CC2CCC(CC3CCCCC3)CC2)CC1
C1CCC(CC2CCC(C3CCCC(CC4CC5CCCCC54)C3)C(C3CCCC3)C2)CC1
C1CCC(C2CCCC(CC3CCCC(CC4CCCCC4C4CCCCC4)C3)C2)CC1
C1CCC(CCC2CCCC(C3CCCC(C4CCCC4)C3)C2)CC1
C1CCC(CC2CCC(CC3CCCC(C4CCCCC4)C3)C(C3CCCCC3)C2)CC1
C1CCC(CC2CCCCC2C2CCCC(C3CCCCC3C3CCCCC3)C2)CC1
C1CCC(CCCCC2CCC(CC3CCC(CC4CCCC4)CC3)CC2)CC1
C(CCCC1CC(C2CCCCC2)CCC1C1CCCCC1)CCC1CCC(C2CCCCC2)CC1
C1CCC(CC2CCC(CCC3CCC(C4CCCCC4)CC3)CC2)CC1
C1CCC(CC2CCCCC2C2CCCCC2)CC1
C1CCC(CC2CCCC(C3CCCC(C4CCCCC4)C3)C2)CC1
C1CCC(C2CCC3CCCC(C4CCCCC4)C3C2)CC1
C1CCC(C2CCCC(C3CCCC(C4CCCCC4)C3C3CCCC3)C2)CC1
C1CCC(CCCCCC2CCCC(C3CCCCC3)C2)CC1
C1CCC(C2CCCC(CCCC3CC4CCCCC4C3)C2)CC1
C1CCC(CC2CCC(C3CCCCC3)CC2)CC1
C1CCC(CC2CCC3CCC(C4CCCC(CCCC5CCC5)C4)C3C2)CC1
C1CCC(CC2CCCCC2C2CCC(C3CCCCC3)CC2)CC1
C1CCC(CCC2CCCCC2C2CCC3C(CCCC3C3CCC4CCCC4C3)C2)CC1
C1CCC(C2CCCC(C3CCCCC3)C2)CC1
C1CCC(CC2CC(CC3CCCCC3)C3CC(C4CCCCC4)CCC23)CC1
C1CCC(CC2CCC(C3CCCCC3)C(C3CCCCC3)C2)CC1
C1CCC(C2CC(CC3CCC(C4CCC5CCCCC5C4)CC3)C2)CC1
C1CCC(CC2CCCCC2C2CCCC(C3CCCCC3)C2)CC1
C1CCC(C2CCC(CCC3CCC(CC4CCC(C5CCCCC5)CC4)CC3)CC2)CC1
C1CCC(C2CCCCC2C2CCC(C3CC3)CC2C2CCCC2)CC1
C1CC(CC2CC3CCCCC3C2)CC(CC2CCC3C(CCCC3C3CCCC4CCCCC43)C2)C1
C1CCC(CC2CCC(C3CCCC(CC4CCCCC4)C3)CC2)CC1
C1CCC(CCC2CCC(CC3CCCCC3C3CCC(CCCCC4CCCC4)CC3)CC2)CC1
C1CCC(CC2CC(CCC3CCCC3)C3CC(C4CCCCC4)CCC23)CC1
C1CCC(CCCCC(CC2CCCCC2)C2CCCCC2)CC1
C1CCC(CC2CCC(C3CCCCC3)C2)CC1
C1CCC(CC2CCC(C3CCCCC3)C(C3CCCC4CC(C5CCCCC5)CCC43)C2)CC1
C1CCC(CCC2CCC(C3CCCCC3)CC2)CC1
C1CCC(C2CCCC(C3CCCCC3)C2)CC1
C1CCC(C2CCCC(CCCC3CCCCC3C3CCC4CCCC4C3)C2)CC1
C1CCC(C2CCCC(C3CCCCC3)C2)CC1
C1CCC(CCCC2CCCCC2CC2CCCC(CC3CCCCC3)C2)CC1
C1CCC(CCC2CCCC(C3CCC(CC4CCC5CCCCC5C4)CC3)C2)CC1
C1CCC(C2CC(CC3CCC(C4CCCC(C5CCCC5)C4)CC3)CCC2C2CCC2)CC1
C1CCC(CCCC2CCC(CC3CCC(C4CCCC4)CC3)CC2)CC1
C1CCC(C2CCC(C3CCCC3)CC2C2CCCCC2)CC1
C1CCC(C2CCC(CCC3CCC(CCC4CC5CCCCC5C4)CC3)CC2)CC1
C1CCC(C2CCC(C3CCCC4CCCCC43)CC2)CC1
C1CCC(CCCC2CC(CC3CCCCC3)CCC2C2CCCCC2)CC1
C1CCC(CCCC2CCC(C3CC(CC4CCCCC4)C4CCCCC43)CC2)CC1
C1CCC(CCCC2CCCC(C3CCCCC3)C2)CC1
C1CCC(C2CCC(C3CCC(C4CCCCC4)CC3)CC2)CC1
C1CCC(C2CCCC(C3CCCCC3)C2)CC1
C1CCC(C2CCCC(CC3CCCC3)C2)CC1
C1CCC(CCC2CC(CCC3CCCCC3)CC(CC3CCCC3)C2)CC1
C1CCC(CC2CCC(CCCC3CCC(CC4CCCCC4)CC3)CC2)CC1
C(CCC1CCCC1)CCC1CCC(CCC(C2CCC2)C2CCCC(CC3CCCCC3)C2)CC1
C1CCC(CCCC2CCC(CC3CCCCC3)C(C3CCCCC3)C2)CC1
C1CCC(C2CC(C3CCCCC3)C(C3CCCCC3)C3CCCC23)CC1
C1CCC(C2CCC(CCC3CC4CCCCC4C3)CC2)CC1
C1CCC(CCCC2CCCC(C3CCC(CC4CCC(C5CCCC5)C(C5CCCCC5)C4)CC3)C2)CC1
C1CCC(C2CCC(C3CCCCC3C3CCC(C4CCCC(C5CC6CCCCC6C5)C4)C3)CC2)C1
C1CCC(C2CCCCC2C2CCCCC2C2CCCC2)CC1
C1CCC(CC2CCC(CC3CCCC(C4CC(C5CCCCC5)CC(C5CC5)C4)C3)CC2)CC1
C1CCC(CC2CCC(C3CC(C4CCCCC4)C4CCCCC34)CC2)CC1
C1CCC(CCC2CCC(CC3CCCCC3)CC2)CC1
C1CCC(C2CC(CCC3CCC4CCCCC43)CC3CCCCC32)CC1
C1CCC(CC2CC(C3CCCCC3)CCC2C2CCCCC2C2CCCCC2)CC1
C1CCC(CC2CCCC(CC3CCCC(CCC4CCC(CC5CC5)CC4)C3)C2)CC1
C1CCC(CC2CCCC(C3CCCCC3)C2)CC1
C1CCC(CCC2CCCC(C3CCCCC3)C2)CC1
C1CCC(CC2CCC(CC3CCC4C(CCC4C4CCCCC4)C3)CC2)CC1
C1CCC(CC2CCC(CCC(C3CCCCC3)C3CCCCC3)CC2)CC1
C1CCC(CC(C2CCC2)C2CCCC(C3CCC4CCCCC4C3)C2)CC1
C1CCC(C2CC(C3CCCCC3)CC(C3CCC3)C2)CC1
C1CCC(CC2CCCC(C3CCCCC3)C2)CC1
C1CCC(C2CCCCC2C2CCC3CCCCC32)CC1
C1CCC(CC2CCC(CCC3CCCC(CC4CCCCC4)C3)CC2)CC1
C1CCC(CC2CCC(CC3CCCC(C4CCCCC4)C3)CC2)CC1
C1CCC(CCCC2CCC(CCCCC3CCC(CC4CCCCC4)CC3)CC2)CC1
C1CCC(CCCC2CCC(C3CCCCC3)CC2)CC1
C1CCC(C2CCCCC2C2CCCCC2C2CCC3C(CCCC3C3CCCC3)C2)CC1
C1CCC(CCCC2CC(C3CCCCC3)CC(C3CCCC3)C2)CC1
C1CCC(C2CCCCC2C2CCCCC2C2CCCCC2)CC1
C1CCC(C2CCC(C3CCCCC3C3CCCCC3)C(C3CCCC3)C2)CC1
C1CCC(C2CCC(CC3CCC4C(CCCC4C4CCC5CCCCC5C4)C3)CC2)CC1
C1CCC(CCC2CCC(CCC3CCC(C4CCCCC4)CC3)CC2)CC1
C1CCC(C2CC(CCC3CCCC(C4CCC(C5CC5)CC4C4CCCC4)C3)C3CCCCC32)CC1
C1CCC(CCC2CCC(C3CCCCC3)CC2)CC1
C1CCC(CC2CC(C3CCCCC3C3CCCCC3)CC3CCCCC32)CC1
C1CCC(C2CCCC(C3CC(C4CCCCC4)CC(C4CC4)C3)C2)CC1
C1CCC(C2CCC(C3CCCC3)CC2)CC1
C1CCC(C2CCC(C3CCC(C4CCCCC4)C(C4CCCCC4)C3)C2)CC1
C1CCC(CC(CCC2CC2)CC2CCCC(C3CCCC(CC4CCCCC4)C3)C2)CC1
C1CCC(CC2CCCC(C3CCCCC3)C2)CC1
C1CCC(C2CCC(C3CCC4CC(C5CCC6CCCCC6C5)CCC43)CC2)CC1
C1CCC(CC2CCC(CCCC3CCC(C4CCCCC4)CC3)CC2)CC1
C1CCC(CCCCC2CCCC(C3CCC(C4CCCCC4)CC3)C2)CC1
C1CCC(CCC2CCC(CC3CCC(C4CCCC(CC5CCC6CCCCC6C5)C4)CC3)CC2)CC1
C1CCC(CCCC2CCCC(CC3CCCCC3)C2)CC1
C1CCC(C2CCCC(CCCCC3CCC(C4CCCC4)CC3)C2)CC1
C1CCC(C2CC3C(CC4CCCC(C5CCC6CCCCC65)C4)CC(C4CCC5CCCCC54)C3C2)CC1
C1CCC(C2CCC(CC3CCCC(C4CCCCC4)C3)CC2)CC1
C1CCC(CCC2CCC(C3CCCC(C4CCCCC4)C3)CC2)CC1
C1CCC(CCCC2CCC3C(CCC3C3CCCCC3)C2)CC1
C1CCC(C2CCCC(CC3CCCC(C4CCCCC4)C3)C2)CC1
C1CCC(CC2CCC(CC3CCCC(C4CCCCC4)C3)CC2)CC1
C1CCC(C2CCC(C3CCCC(C4CCC(C5CCCCC5C5CCCC5)C5CCCC45)C3)CC2)CC1
C1CCC(C2CCCCC2C2CCCCC2)CC1
C1CCC(CC2CCCC(C3CC(CC4CCCCC4)CC(C4CC4)C3)C2)CC1
C1CCC(CC2CC(CCC3CCC(C4CC4)CC3C3CCCCC3)C3CCCCC23)CC1
C1CCC(C2CC(C3CCCCC3)C3CCCCC23)CC1
C1CCC(CCC2CCC(CC3CCCCC3)CC2C2CCC(C3CC4CCCCC4C3)CC2)CC1
C1CCC(CCC2CCCC(C3CCCCC3)C2)CC1
C1CCC(CCC2CCC(C3CCC(C4CCCCC4)CC3)C2)CC1
C1CCC(CC2CCC(CC3CCC(CC4CCC5CCCCC5C4)CC3)CC2)CC1
C1CCC(CC2CCCC(CC3CCC(C4CCC(C5CCCCC5)CC4)CC3)C2)CC1
C1CCC(C2CCC(CCC3CCC(C4CCCCC4C4CCCCC4)CC3)CC2)CC1
C1CCC(CC2CCC(C3CCCCC3)C(C3CCCC3)C2)CC1
C1CCC(CCC2CCC(C3CCC(C4CCCCC4)CC3)CC2)CC1
C1CCC(C2CCC(C3CCCC(C4CCCCC4)C3)CC2)CC1
C1CCC(CC2CC(CC3CCCCC3CC3CCCCC3)CC(C3CC3)C2)CC1
C1CCC(CC2CCC(C3CCCCC3)CC2)CC1
C1CCC(CCC2CC(C3CCCCC3)CCC2C2CCC(C3CCCCC3)CC2)CC1
C1CCC(CCC2CCC(C3CCC(CC4CCCCC4)CC3)CC2)CC1
C1CCC(C2CC(C3CCCCC3)C3CCCCC23)CC1
C1CCC(CC2CCC(CCC3CCCC(CC4CCC(C5CCCCC5)CC4)C3)CC2)CC1
C1CCC(CCCC2CC(C3CCCCC3)CCC2CC2CCCCC2)CC1
C1CCC(CCCC2CCCC(C3CCCCC3)C2)CC1
C1CCC(CC2CCC(CCCC3CCC(C4CCCCC4)C3)CC2)CC1
C1CCC(C2CCCC(CCCC3CCCC(C4CCCCC4)C3)C2)CC1
C1CCC(CCCC2CCC(CCCC3CCCCC3)CC2)CC1
C1CCC(CCC2CCCC(C3CCCCC3CC3CCC4CCCCC4C3)C2)CC1
C1CCC2CC(CCC3CCC(CC4CCC(CC5CC5)CC4)CC3)CCC2C1
C1CCC(CCC2CCC(C3CCCCC3C3CCC(C4CCCCC4)CC3)CC2)CC1
C1CCC(C2CCC(C3CCCCC3)CC2)CC1
C1CCC2CC(CC3CCC(C4CCCCC4C4CCCC4)CC3)CC2C1
C1CCC(CCC2CCC(CCC3CCCCC3)C(C3CCCCC3)C2)CC1
C1CCC(CC2CCC(CC3CCCC(CC4CC4)C3)CC2)CC1
C1CCC(C2CCCCC2)CC1
C1CCC(C2CC(C3CCCCC3)C3CCCCC23)CC1
C1CCC(CCCCCC2CCCCC2CC2CCCCC2)CC1
C1CCC(CC2CCCC(C3CCCCC3)C2)CC1
C1CCC(C2CCCC(CC3CCC4CCCC(C5CCCCC5)C4C3)C2)CC1
C1CCC(CC2CCCCC2CC2CCCCC2CC2CCCCC2)CC1
C1CCC(CCCC2CCC(CC3CCCCC3)CC2)CC1
C1CCC(CC2CCCC(C3CC(C4CCCCC4)CC(C4CCCC4)C3)C2)CC1
C1CCC(CC2CCC(CC3CCCCC3C3CCCCC3)CC2)CC1
C1CCC(CC2CCCC(CC3CC4CCC(CC5CCCCC5)CC4C3)C2)CC1
C1CCC(C2CCCC(C3CCCCC3C3CCCCC3)C2)CC1
C1CCC(CCC2CCCCC2CC2CCC(CC3CCC(CCC4CCCC4)CC3)CC2)CC1
C1CCC(CCC2CC(C3CCCC(C4CCCC4)C3)CCC2C2CCCCC2)CC1
C1CCC(CCCCC2CCCCC2)CC1
C1CCC(CC2CCC(CC3CCC(C4CCCC4)CC3)CC2)CC1
C1CCC(C2CCCC(C3CCC(CCCCC4CC5CCCCC5C4)CC3)C2)CC1
C1CCC(CC2CCC(C3CCCC(C4CCC(CC5CCCC5)CC4)C3)CC2)CC1
C1CCC(CCC2CCC(C3CCCCC3)CC2)CC1
C1CCC(CCC2CCC(C3CC(C4CCCCC4)CC4CC(C5CCCCC5)CCC43)CC2)CC1
C1CCC(CCC2CCCCC2C2CCC3CCC(CC4CCCCC4)CC3C2)CC1
C1CCC(C2CCC3CC(C4CCC(CCC5CCCC5)CC4)CCC32)CC1
C1CCC(C2CCC(C3CCCC3)CC2C2CCCCC2)CC1
C1CCC(CCCC2CCCCC2CC2CCCCC2)CC1
C1CCC(CC2CCCCC2)CC1
C1CCC(CC2CCC(C3CC(CC4CCCCC4)CCC3C3CCCCC3)CC2)CC1
C1CCC(CC2CCC(CC3CCC(C4CCCCC4)CC3)CC2)CC1
C1CCC(CCCCC2CC(CC3CCCCC3)CCC2C2CCCCC2)CC1
C1CCC(C2CCC(CC3CCC(C4CCCC4)CC3C3CCCCC3)CC2)CC1
C1CC(CC2CCC(C3CCCC(CC4CCC5CCCCC54)C3)CC2)C1
C1CCC(C2CCCCC2CCC2CCCCC2C2CCCCC2)CC1
C1CCC(C2CCC(CC3CCC(C4CCCC4)CC3)CC2)CC1
C1CCC(CC2CCC(CC3CCCCC3)CC2)CC1
C1CCC(CC2CCCC(CCC3CCCCC3CC3CCCCC3)C2)CC1
C1CCC(C2CCC(C3CCC(CC4CCCCC4C4CCC5CCCCC5C4)CC3)CC2)CC1
C1CCC(CC2CCC(C3CCCCC3)CC2)CC1
C1CCC(CC2CCC(CC3CCC(CC4CC5CCCCC5C4)CC3)CC2)CC1
C1CCC(C2CCC(C3CCCC(C4CCC5CCCCC54)C3)CC2)CC1
C1CCC(C2CCC(CCCC3CCCC(C4CCCCC4)C3)CC2)CC1
C1CCC(C2CCCCC2)CC1
C1CCC(CCCC2C(CCC3CCCCC3)CC(C3CCCCC3)CC2C2CCCCC2)CC1
C1CCC(C2CC(CCC3CCCC3C3CCCCC3)CC(C3CCCC3)C2)CC1
C1CCC(CC2CCC(CC3CCCC(C4CC5CCCCC5C4)C3)CC2)CC1
C1CCC(CCCC2CCC(CC3CCC(C4CCCC4)CC3)CC2)CC1
C1CCC(CCC2CC(CC3CCCCC3)CCC2C(C2CCCCC2)C2CCCCC2)CC1
C1CCC(CC2CC3CCC(CC4CCCCC4)CC3C(C3CCCCC3)C2)CC1
C1CCC(CCCC2CCCC(C3CCCCC3)C2)CC1
C1CCC(C2CCCC(C3CCCC(C4CCCC4)C3)C2C2CCCCC2)CC1
C(CCC1CCCC(CC2CC3CCCCC3C2)C1)CC1CCC(C2CCCC(C3CCC3)C2)CC1
C1CCC(C2CCCCC2)CC1
C1CCC(C2CCC(CC3CCC(C4CCCC(C5CCCCC5)C4)CC3)CC2)CC1
C1CCC(CCCC2CCC(CC3CCC(CC4CCCCC4)CC3)CC2)CC1
C1CCC(C2CCCC(C3CCCCC3)C2)CC1
C1CCC(CCCCC2CCC(C3CCCCC3)CC2)CC1
C1CCC(CCC2CCC(CC3CCCC(CC4CCCC5CCCCC54)C3)CC2)CC1
C1CCC(CCCC2CCC(CC3CCC(CCC4CCCC4)CC3)CC2)CC1
C1CCC(CCCC2CCCC(C3CCCC(C4CCCCC4)C3)C2)CC1
C1CCC(C2CCC(CC3CCC(C4CCCCC4)CC3)CC2)CC1
C1CCC2CC(C3CCCCC3CC3CCCCC3C3CCCC3)CCC2C1
C1CCC(CC2CCC3CCC(C4CCCCC4)C3C2)CC1
C1CCC(CC2CCC(C3CCCCC3C3CCC4CCCCC4C3)CC2)CC1
C1CCC(CC2CCC(CC3CCC(CC4CCC(C5CCCCC5)CC4)CC3)CC2)CC1
C1CCC(CC2CCC(CC3CCC(C4CCCCC4C4CCCCC4)CC3)CC2)CC1
C1CCC(C2CCCCC2C2CCC(C3CCCC(CCC4CCCC4)C3)CC2)CC1
C1CCC(C2CCC(CC3CCCC(C4CCCC4)C3)C(C3CCCCC3)C2)CC1
C1CCC(CC2CCC(CC3CCCCC3)CC2)CC1
C1CCC(C2CCCC(C3CCC4CCCCC4C3)C2)CC1
C1CCC(CC2CCC(C3CCCC(C4CCCCC4)C3)CC2)CC1
C1CCC(CCC2CCCC(C3CCC(CC4CCCCC4)CC3)C2)CC1
C1CCC(CC2CCC(C3CCCCC3)CC2)CC1
C1CCC(CC2CCC(CCC3CC4CCC(C5CCCC5)CC4C3)CC2)CC1
C1CCC(C2CCCC(C3CCCC(CC4CC(C5CCCCC5)C5CCCCC45)C3)C2)CC1
C1CCC(CCCC2CCCC(CC3CCCC(C4CCCCC4)C3)C2)CC1
C1CCC(C2CCCC(CCC3CCC(C4CCC5CCCCC54)CC3)C2)CC1
C1CCC(C2CCCC(C3CCCC3)C2)CC1
C1CCC(C2CC(CC3CCCCC3C3CCCCC3)CC(C3CC4CCCCC4C3)C2)CC1
C1CCC(CC2CCC(C3CCCC(CC4CCCCC4)C3)CC2)CC1
C1CCC(C2CCCC(CC3CC(C4CCCCC4)C4CCCCC34)C2)CC1
C1CCC(CCC2CCC(CCCC3CCCC(C4CCC(CC5CCCCC5)CC4)C3)CC2)CC1
C1CCC(CCC2CCCCC2C2CCCCC2C2CC(CC3CCCC3)C3CCCCC32)CC1
C1CCC(CC2CCC(C3CCC(CC4CCC(C5CCCC5)CC4)CC3)CC2)CC1
C1CCC(C2CCC(C3CCCC(CC4CCCC4)C3)CC2)CC1
C1CCC(CC2CCCCC2C2CCC(CC3CCCC(C4CCCCC4)C3)C(C3CCCCC3)C2)CC1
C1CCC(CCC2CCC(CC3CCCCC3)CC2CCC2CCCCC2)CC1
C1CCC(CCCCC2CC(C3CCCC3)CCC2C2CCC3CCCC3C2)CC1
C1CCC(CC2CCCC(C3CCC3)C2)CC1
C1CCC(CCCCC2CCC(CC3CCCCC3)CC2)CC1
C1CCC(CC2CCC(C3CCCC3)CC2)CC1
C1CCC(C2CC2)C(C2CCC(C3CCC(CC4CC4)CC3)CC2)C1
C1CCC(CC2CCC(C3CCC(CC4CCCCC4)CC3)CC2)CC1
C1CCC(C2CCC(CCC3CCCCC3C3CCCCC3)CC2)CC1
C1CCC(CC2CCC(C3CCCCC3)CC2)CC1
C1CCC(CC2CCC(C3CCCCC3CC3CCCCC3)CC2)CC1
C1CCC(CC2CCC(C3CCC(CCC4CCC5CCCCC54)CC3)CC2)CC1
C1CCC(C2CCCC(CCC3CCC(CCCC4CCC(C5CCCC5)CC4)CC3)C2)CC1
C1CCC(C2CCC(CCCC3CCC(CC4CCC(C5CCCCC5)CC4)CC3)CC2)CC1
C1CCC(CC2CCC(CCC3CCC(CC4CC5CCCCC5C4)CC3)CC2)CC1
C1CCC(CC2CCCCC2C2CCC(C3CCCC(C4CCCCC4)C3)C3CCCCC23)CC1
C1CCC(CC2CC(C3CCC(CCC4CCC5CCCC5C4)CC3)C3CCCCC23)CC1
C1CCC(C2CCCC(C(C3CCCCC3)(C3CCCCC3)C3CC3)C2)CC1
C1CCC(C2CCC(CC3CCCCC3C3CCCCC3)C2)CC1
C1CCC(CCC2CCCC(CC3CCCCC3C3CCCCC3)C2)CC1
C1CCC(CCC2CCCC3CC(C4CCCC(C5CCCCC5)C4)CCC23)CC1
C1CCC(CC2CCC(C3CCCC(C4CCC(CC5CCCC5)CC4)C3)C2)CC1
C1CCC(CC2CCCC(C3CCCC(C4CCCCC4)C3)C2)CC1
C1CCC(CCC2CCCC(CC3CCCCC3CC3CCCCC3)C2)CC1
C1CCC(CCC2CC(CC3CCCCC3)CCC2CCCC2CCC2)CC1
C1CCC(CC2CCC(CC3CCCCC3C3CCCC3)CC2)CC1
C1CCC(CC2CCC(C3CCC(CC4CCC(C5CCC6CCCCC65)CC4)CC3)CC2)CC1
C1CCC(CC2CCCC(C3CCC(C4CCCCC4CC4CCCCC4)CC3)C2)CC1
C1CCC(CC2CCCC(CC3CC4CCCCC4C3)C2)CC1
C1CCC(C2CCCC(C3CCCCC3C3CCCC3)C2)CC1
C1CCC2CC(CCC3CCC(CC4CCC5CCC(CCC6CC6)CC54)CC3)CC2C1
C1CCC(C2CCC(CC3CC(C4CCCCC4)C4CCCCC34)CC2)CC1
C1CCC(CCC2CCC(C3CC3)CC2)CC1
C1CCC(C2CCC(CC3CCC4CCC(C5CCCCC5)CC4C3)CC2)CC1
C1CCC(CCC2CCC(CC3CCCCC3CC3CCCCC3)CC2)CC1
C1CCC(CC2CCCCC2CC2CCC(CC(CC3CCCCC3)C3CCCCC3)CC2)CC1
C1CCC(CC2CCC(C3CC(CC4CCCC(C5CCCC5)C4)C4CCCCC43)CC2)CC1
C1CCC(CC2CCC(CC3CCCC(C4CCCC(C5CCCCC5)C4)C3)CC2)CC1
C1CCC(C2CCCC(C3CCCCC3)C2)CC1
C1CCC(CC2CCC(CCCC3CCC(C4CCCCC4)CC3)CC2)CC1
C1CCC(C2CCC(CC3CCC(C4CCCCC4C4CCCCC4)C3)CC2)CC1
C1CCC(CC2CCC(C3CCCCC3)CC2)CC1
C1CCC(CCCCCC2CCC(CC3CCCCC3)CC2)CC1
C1CCC(CCC2CCC(C3CCCCC3C3CCC(C4CCCCC4)CC3)CC2)CC1
C1CCC(CCC2CCCCC2CCC2CCC(CC3CCCC3)CC2)CC1
C1CCC(CC2CC(CC3CCCC(C4CCCC(C5CCCCC5)C4)C3)CCC2C2CCCCC2)CC1
C1CCC(C2CC(CCCCC3CCCCC3C3CCCC3)CC3CCCCC32)CC1
C1CCC(CCC2CCCCC2)CC1
C1CCC(CCCCC2CCCCC2C2CCCCC2C2CCC2)CC1
C1CCC(CCCC2CC3CCCCC3C2)CC1
C1CCC(C2CCCCC2C2CC(C3CCC4CCCCC4C3)C3CCCCC32)CC1
C1CCC(CCC2CCCC(CC3CCCCC3)C2)CC1
C1CCC(CC(CCCC2CCCC(CC3CC4CCCCC4C3)C2)C2CCCCC2)CC1
C1CCC(C2CCC(CC(C3CCCCC3)C3CCCCC3)CC2)CC1
C1CCC(CC2CCCC3CCC(C4CC5CCCCC5C(C5CCCCC5)C4)C32)CC1
C1CCC(CCC2CCC(C3CCC(C4CCCCC4)CC3)CC2)CC1
C1CCC(CC2CC3CCC(C4CCC(C5CCC5)CC4)CC3C(C3CCCCC3)C2)CC1
C1CCC(CCCC2CCC(C3CCC(CC4CCCCC4)CC3)CC2)CC1
C1CCC(C2CCC(CC3CC(C4CCC5CCCCC54)C4CCCCC34)CC2)C1
C1CCC(CCCC2CCC(C3CCCC(CC4CCCC(CC5CCCCC5)C4)C3)CC2)CC1
C1CCC(C2CCCC(C3CCCC(C4CCCC(CC5CCC(CC6CCCC6)CC5)C4)C3)C2)CC1
C1CCC(C2CCC(C3CCCCC3C3CCC4CCCCC4C3)CC2)CC1
C1CCC(CCC2CCCC(C3CCC4CCC(CCC5CCCC5)CC43)C2)CC1
C1CCC(CC2CCCC(C3CCC4C(CC5CCCCC5)CC(CC5CCCCC5)C4C3)C2)CC1
C1CCC(CCC2CCCC(C3CCCC(C4CCCC4)C3)C2)CC1
C1CCC(C2CCCC(C3CCCCC3)C2)CC1
C1CCC(CC2CCC(C3CCCCC3C3CCCC(C4CCC5CCCCC5C4)C3)CC2)CC1
C1CCC(CCC2CCCC(C3CCCCC3)C2)CC1
C1CCC(CC2CCC(CCC3CCCC(C4CCCC(C5CCCC5)C4)C3)CC2)CC1
C1CCC(CCC2CCCC(C3CCCC(C4CCCCC4)C3)C2)CC1
C1CCC(CC2CCC(C3CCCCC3)CC2)CC1
C1CCC(C2CCC(CC3CCCC(C4CCCC4)C3)CC2)CC1
C1CCC(CCC2CCC(C3CCCC(C4CCCCC4)C3)CC2)CC1
C1CCC(C2CCCC(C3CCC(CCC4CC5CCCCC5C4)C(C4CCCCC4)C3)C2)CC1
C1CCC(CCCCCC2CCC(CC3CCCCC3)CC2)CC1
C1CCC(C2CCC(CC3CCCC(C4CCCCC4)C3)CC2)CC1
C1CCC(C2CCCCC2CC2CCC3CCCCC32)CC1
C1CCC(CCCCC2CCCCC2CC2CCCCC2)CC1
C1CCC(C2CCC(CCC3CCCCC3C3CCCC3)CC2C2CCCCC2)CC1
C1CCC(CCC2CCCCC2)CC1
C1CCC(C2CCC(CCCC3CCC(CCCC4CCCC(C5CCCCC5)C4)CC3)CC2)CC1
C1CCC(CCC2CCCC(CC3CCC(CCC4CCC(C5CCCCC5)CC4)CC3)C2)CC1
C1CCC(C2CCC(CCC3CCCC(C4CCCCC4)C3)CC2)CC1
C1CCC(CC2CCC(CCCCC3CCC(C4CCCCC4)CC3)CC2)CC1
C1CCC(CCC2CCCCC2C2CCCCC2)CC1
C1CCC(CCCC2CCC3CCCC(C4CCCCC4)C3C2)CC1
C1CCC2CC(C3CC(C4CCC(CC5CC5)CC4)C4CCCCC34)CC2C1
C1CCC(C2CCC(CCCC3CCCC(C4CCCCC4)C3)CC2)CC1
C1CCC(CC2CCC(CC3CC4CCCCC4C3)CC2)CC1
C1CCC(CCC2CCC(C3CCCCC3)CC2)CC1
C1CCC(CCC2CCCCC2CC2CCCC3CC(C4CCCCC4)CCC23)CC1
C1CCC(CC2CC(C3CC3)CCC2CCC2CCCCC2C2CCCCC2)CC1
C1CCC(CC2CCCC(CCC3CCCC(CC4CCCCC4)C3)C2)CC1
C1CCC(C2CCC(C3CCCCC3C3CCCCC3)C(C3CCCCC3)C2)CC1
C1CCC(CC2CCCC(C3CC(C4CCCCC4)CCC3C3CCCCC3)C2)CC1
C1CCC(C2CCCC(CC3CCC(C4CCCCC4)C3)C2)CC1
C(CCC1CCC(CC2CCCCC2)CC1)CCC1CCC(CC2CCC3CCCCC32)CC1
C1CCC(CCC2CCC3C(CC4CCCCC4)CC(CC4CCCCC4C4CCCC4)C3C2)CC1
C1CCC(C2CCC(C3CCCC(C4CCCCC4)C3)CC2)CC1
C1CCC(C2CCCC(CCCC3CCC(CC4CCC5CCCCC54)CC3)C2)CC1
C1CCC(CCC2CCC(CCC3CC(C4CCCCC4)C4CCCCC34)CC2)CC1
C1CCC(C2CC(C3CCCCC3)CC(C3CCCC3)C2)CC1
C1CCC(CC2CCC(CC3CCCCC3)CC2)CC1
C1CCC(C2CCC(CCCC3CCCC(C4CCCCC4)C3)CC2)CC1
C1CCC(CCCCC2CCCCC2C2CCC(CC3CCCCC3)CC2)CC1
C1CCC(CCC2CCCC(C3CC(C4CCCCC4)CC(C4CCCCC4)C3)C2)CC1
C1CCC(CC2CCC(CC3CCC(C4CCCC(C5CCC(C6CC6)CC5)C4)CC3)CC2)CC1
C1CCC(CC2CCCC(C3CC4CCCC4CC3C3CCCCC3)C2)CC1
C1CCC(C2CCCCC2CCC2CC2)CC1
C1CCC(CCCC2CC(C3CCCCC3)CCC2C2CCCCC2)CC1
C1CCC(CC2CCCCC2CC2CCCCC2C2CCCCC2)CC1
C1CCC(CC2CC(C3CCC(CCC4CCCC4)CC3)C3CCCCC23)CC1
C1CCC(C2CCCCC2C2CCCCC2)CC1
C1CCC(CCC2CCCC(CC3CCC(C4CCCCC4)C(C4CCCC4)C3)C2)CC1
C1CCC(CCCC2CCCCC2C2CCCCC2)CC1
C1CCC(CC2CCC(C3CCCCC3CC3CCCC3)CC2)CC1
C1CCC(CCCC2CC(CCC3CCCCC3)CC(C3CCCC(C4CCCCC4)C3)C2)CC1
C1CC(C2CCCC(C3CCCC4CC(C5CCCC(CCC6CCCC(C7CC7)C6)C5)CCC43)C2)C1
C1CCC(C2CCC(CC3CCCC(CCCC4CCCC(C5CCCCC5)C4)C3)CC2)CC1
C1CCC(CCC2CCCC(CC3CCCCC3)C2)CC1
C1CCC(CCC2CCC(C3CC(C4CCCCC4)C4CCCCC34)CC2)CC1
C1CCC(CCC2CCC3CC(C4CCC5CCCCC54)CCC3C2)CC1
C1CCC(C2CCCC(CC3CCC4CCCC(C5CCCCC5)C4C3)C2)CC1
C1CCC(CC2CCCC(CCC3C(C4CCCCC4)CCCC3C3CCC3)C2)CC1
C1CCC(C2CCC3CCC(CC4CCCCC4C4CCCCC4)CC3C2)CC1
C1CCC(CCCCC2CCCC(C(C3CCCC3)C3CC3)C2)CC1
C1CCC(C2CCCC(C3CCCC(C4CCCCC4C4CCCC4)C3)C2)CC1
C1CCC(C2CCCCC2CCC2CCCCC2C2CCCC2)CC1
C1CCC(CCC2CCC(C3CCCCC3C3CCCCC3)CC2)CC1
C1CCC(CCCC2CCCC(CCC3CCCCC3)C2)CC1
C1CCC(CCC2CCCC(CC3CCC4CCCC4C3)C2)CC1
C1CCC(CC2CCCC(CC3CC(CC4CCCCC4)C4CCCCC34)C2)CC1
C1CCC(CCC2CC(CC3CCC(C4CCCCC4)CC3)C3CCCCC23)CC1
C1CCC(C2CCCC(C3CCCCC3)C2)CC1
C1CCC(C2CCCCC2C2CCC3CCCC3C2)CC1
C1CCC(C2CCCCC2C2CCCCC2C2CCC3CCCC3C2)CC1
C1CCC(CCCCCC2CCC(C3CCCCC3)CC2)CC1
C(CCC1CCCCC1C1CC1)CC1CCCC(CC2CC3CCCCC3C2)C1
C1CCC(CCC2CCC(C3CCCCC3)CC2)CC1
C1CCC(C2CCCC(C3CCCCC3)C2)CC1
C1CCC(CC2CCC(C3CCCCC3CC3CCCCC3)CC2)CC1
C1CCC(CCCCC2CC3CCCCC3C2)CC1
C1CCC(C2CCCCC2C2CCCCC2)CC1
C1CCC(CC2CCC(CCC3CCC(C4CCCCC4C4CCCCC4)CC3)CC2)CC1
C1CCC(CC2CCCC(CC3CCCCC3)C2)CC1
C1CCC(CCC2CCCCC2)CC1
C1CCC(CCCC2CCCC(C3CCCC(C4CCC(CC5CCCC5)CC4)C3)C2)C1
C1CCC(CC2CCCC(C3CCCC(C4CCCCC4)C3)C2)CC1
C1CCC(C2CCC(CC3CC3)CC2)CC1
C1CCC(C2CCCCC2C2CCCCC2)CC1
C1CCC(CC2CCCC(C3CCCC(C4CCCC(C5CCCCC5)C4)C3)C2)CC1
C1CCC(CC2CCC(CC3CC(CC4CCCCC4)C4CCCCC34)CC2)CC1
C1CCC(CCC2CCCCC2CCC2CCCCC2)CC1
C1CCC(C2CCC(C3CCC4CCCCC43)CC2)CC1
C1CCC(CCC2CCCC(CC3CCCCC3)C2)CC1
C1CCC(C2CCCC(C3CCCCC3)C2)CC1
C1CCC(CC2CCC(C3CCCCC3C3CCC(C4CCCCC4)C3)CC2)CC1
C1CCC(CCC2CCCC(C3CCCC(C4CCCCC4)C3)C2)CC1
C1CCC(CCCC2CCCC(C3CCCCC3CCC3CCCCC3)C2)CC1
C1CCC(CC2CCCC(CCCC3CCC(CC4CCCCC4)C3)C2)CC1
C1CCC(CC2CCCC(C3CCCC(C4CCCC4)C3)C2)CC1
C1CCC(CCC2CCC3C(CC4CCCCC4)CC(C4CCCCC4)C3C2)CC1
C1CCC(CC(CC2CC3CCCCC3C2)C2CCCC(CCC3CC4CCCCC4C3)C2)CC1
C1CCC(C2CCC(CCCC3CCCC(C4CCCCC4)C3)CC2)CC1
C1CCC(CC2CCCC(CC3CC4CCCCC4C3)C2)CC1
C1CCC(C2CCCC(CC3CCCCC3C3CCCCC3)C2)CC1
C1CCC(CCC2CCC(CCCC3CCC(CC4CCCCC4)CC3)CC2)CC1
C1CCC(CC2CCC(CC3CCC(C4CCCC4)CC3)CC2)CC1
C1CCC(C2CCC(CC3CC4CCCCC4C3)CC2)CC1
C1CCC(C2CCCC3CC(CCC4CCC(C5CCCC(C6CCC6)C5)CC4)CCC32)CC1
C1CCC(CCC2CC(C3CCCCC3)CC(C3CCCCC3)C2)CC1
C1CCC(C2CCC(C3CCCCC3CCC3CCC(C4CCCCC4)C(C4CCCC4)C3)CC2)CC1
C1CCC(CCC2CCC(CCCCCC3CCCC(C4CCCC(C5CCCCC5)C4)C3)CC2)CC1
C1CCC(CC2CCCCC2C2CC(C3CCCCC3)CC(C3CCCC3)C2)CC1
C1CCC(CCC2CCCC(C3CCC(C4CCC5CCCCC5C4)CC3)C2)CC1
C1CCC(C2CCCC(C3CCCCC3)C2)CC1
C1CCC(CCCC2CCCCC2C2CCC3CCCC3C2)CC1
C1CCC(CC2CCC(C3CCC(C4CCCCC4)CC3)CC2)CC1
C1CCC(CCC2CCCC3CC(C4CCCCC4C4CCCC4)CC23)CC1
C(CCC1CCC(CC2CCC(CC3CCCCC3)CC2)CC1)CCC1CCC(C2CCCC2)CC1
C1CCC(CCC2CCC(C3CCCCC3)C(C3CCCC3)C2)CC1
C1CCC(C2CCCC(C3CCCC(CCC4CCC(CCC5CC5)CC4)C3)C2)CC1
C1CCC(CC2CCC(CC3CCC(CC4CCCCC4)CC3)CC2)CC1
C1CCC(CC2CCC(CCCC3CCC(CC4CCCCC4)CC3)CC2)CC1
C1CCC(CCCC2CCC(CCC3CCC(C4CCCCC4)CC3)CC2)CC1
C1CCC(CC2CCC(CCCC3CCCC3)C(C3CCCCC3)C2)CC1
C1CCC(C2CCCC2C2CC(C3CCCC3)CCC2C2CCCCC2)CC1
C1CCC(C2CCCC(C3CCC(C4CCCCC4C4CCC5CCCCC5C4)CC3)C2)CC1
C1CCC(C2CCCC(C3CCCC(CC4CCCC4)C3)C2)CC1
C1CCC(C2CCC(CCCC3CCCC(C4CCCCC4)C3)CC2)CC1
C1CCC(CC2CCCC(CC3CCC(C4CCCCC4)CC3)C2)CC1
C1CCC(CCC2CCC(CCC3CCCCC3)CC2)CC1
C1CCC(CC2CCC(CC3CCC(C4CCC4)CC3)CC2)CC1
C1CCC(CC2CCCC(C3CCCCC3)C2)CC1
C1CCC(C2CCC(CCCC3CCCC(C4CCCCC4)C3)CC2)CC1
C1CCC(C2CCCC(C3CCC4CCCCC4C3)C2)CC1
C1CCC(CC2CCC(CC3CCCC3)C(C3CCC4CCCC4C3)C2)CC1
C1CC(CC2CC3CCCCC3C2)CC(C2CCC(CCC3CCC(CCC4CC5CCCCC5C4)CC3)CC2)C1
C1CCC(CCC2CCCC(CCC3CCCCC3)C2C2CCCCC2)CC1
C1CCC(C2CCCCC2C2CC(CCC3CCCC3)CCC2C2CCC3CCCC3C2)CC1
C1CCC(CC2CCC(C3CC(C4CCCC(C5CCCCC5)C4)C4CCCCC34)CC2)CC1
C1CCC(CCC2CC(CC3CCCCC3)CCC2C2CCCCC2C2CCCCC2)CC1
C1CCC(CCC2CCCC(C3CCCC(CC4CCCCC4)C3)C2)CC1
C1CCC(CC2CCC(CC3CCC(C4CCCCC4)CC3)C2)CC1
C1CCC(CCC2CCC(C3CCCC4CC(C5CCCCC5)CCC43)CC2)CC1
C1CCC(CCCC2CCCCC2)CC1
C1CCC(C2CCC(C3CCCC(CC4CC5CCCCC5C4)C3)CC2)CC1
C1CCC(CCC2CCCC3CC(C4CCC(CC5CCCC5)CC4)CCC23)CC1
C1CCC(CC2CCC(C3CCCCC3)CC2)CC1
C1CCC(CCC2CCCC(CC3CCCC(C4CCCCC4)C3)C2)CC1
C(CCCC1CCCCC1)CCCC1CCC(CC2CCC(CCCC3CCCCC3)CC2)CC1
C1CCC(CCCC2CCCCC2C2CCCCC2)CC1
C1CCC(CCC2CCC(C3CCC(CCC4CCC(C5CCCC5)CC4)CC3)CC2)CC1
C1CCC(CC2CCC(CC3CCC(CCC4CCC5CCCC(C6CCCCC6)C5C4)CC3)CC2)CC1
C1CCC(C2CCC(C3CCC(CC4CCC(CC5CCCC5)CC4)CC3)CC2)CC1
C1CCC(CC2CCCC(C3CCC(C4CCCCC4)CC3)C2)CC1
C1CCC(CCCCC2CCCC(C3CC4CCCCC4C3)C2)CC1
C1CCC(CC2CCC(C3CCCCC3)C(CCCCCC3CCCCC3CC3CCCCC3)C2)CC1
C1CCC(CCC2CCC(C3CCCC4CC(CC5CCCCC5)CCC43)CC2)CC1
C1CCC(CC2CC3CCC(C4CCCCC4)CC3C(C3CCCCC3)C2)CC1
C1CCC(CC2CCCC(C3CCCCC3C3CCCCC3)C2)CC1
C1CCC(CCC2CC(C3CCCCC3)CC(C3CCC3)C2)CC1
C1CCC(C2CCC3C(CCCC3CC3CC(C4CCCCC4)C4CCCCC34)C2)CC1
C1CCC(CC2CCC(CCC3CCCC(C4CCC(C5CCCC5)CC4)C3)CC2)CC1
C1CCC(CC2CCCC(C3CCCC(CC4CCCCC4)C3C3CCCCC3)C2)CC1
C1CCC(CCCC2CC(C3CCCCC3)CC(C3CCCC3)C2)CC1
C1CCC(CC2CCCCC2C2CCC3C(CC4CCCCC4)CCCC3C2)CC1
C1CCC(C2CCCCC2)CC1
C1CCC(CCCC2CCC(C3CCCCC3)CC2)CC1
C1CCC(CCC2CCC(CC3CCC(C4CCC(CC5CC5)CC4)CC3)C(C3CCC4CCCC4C3)C2)CC1
C1CCC(C2CCC(CCC(CC3CCC3)C3CCCCC3)CC2)CC1
C1CCC(C2CCCCC2C2CCC(C3CCC4C(CCC4C4CCCCC4)C3)CC2)CC1
C1CCC(CCCC2CCCC(CC3CCCC4CC(CC5CCCCC5)CCC34)C2)CC1
C1CCC(CCCC2CCC(CC3CCCCC3)CC2)CC1
C1CCC(CCCC2CCC(CC3CCC4CC(C5CCCC5)CCC4C3)CC2)CC1
C1CCC(CC2CC(CC3CCCC(C4CCCCC4)C3)C3CCCCC23)CC1
C1CCC(CC2CCC(C3CCCCC3)CC2)CC1
C1CCC(C2CCCCC2)CC1
C1CCC(C2CCC(C(CC3CCC(CC4CCCC4)CC3)C3CCCC3)CC2)CC1
C1CCC(CCCC2CCC(CC3CCCC(CC4CCCCC4)C3)C2)CC1
C1CCC(CC2CCCC(C3CCCCC3)C2)CC1
C1CCC(C2CCCC(CC3CCCC4CC(C5CCCCC5)CCC34)C2)CC1
C1CCC(C2CCCC(CCC3CC4CCCCC4C3)C2)CC1
C1CCC(CC2CCC(CCCCCC3CCCC(C4CCCCC4)C3)CC2)CC1
C1CCC(C2CCC(CC3CCC(C4CCC5CCC(C6CCCCC6)CC5C4)CC3)CC2)CC1
C1CCC(C2CCCC(C3CCC(CC4CCC5CCCC5C4)CC3)C2)CC1
C1CCC(C2CCCCC2CC2CCC(C3CCCCC3C3CCCCC3)CC2)CC1
C1CCC(CCCCCC2CCCC(CC3CCCCC3)C2)CC1
C1CCC(CCCC2CCC(CC3CCC(C4CC4)CC3)CC2)CC1
C1CCC(C2CCCCC2CCC2CCC3CCCC3C2)CC1
C1CCC(CCC2CCC(C3CCCCC3)C(C3CCCCC3)C2)CC1
C1CCC(CCC2CCC(C3CCCCC3)C(C3CCCC3)C2)CC1
C1CCC(CC2CCCC(CCC3CCCC(CC4CCCCC4)C3)C2)CC1
C1CCC(CCCC2CCCC(CC3CCCCC3)C2)CC1
C1CCC(CC2CCCCC2C2CCCCC2)CC1
C1CCC(C2CCC(C3CCC(C4CCCC5CC(C6CCC7CCCC7C6)CCC54)CC3)CC2)CC1
C1CCC(C2CCCC(CCCC3CC4CCCCC4C3)C2)CC1
C1CCC(C2CCC(C3CCCC(C4CCCC4)C3)CC2)CC1
C1CCC(CCCC2CCC(CC3CCCCC3)CC2)CC1
C1CCC(CC(C2CCCCC2)C2CCC(CCCC3CC4CCCCC4C3)CC2)CC1
C1CCC(C2CCCCC2C2CCCCC2)CC1
C1CCC(CCCCC2CCCC(CC3CCCCC3)C2)CC1
C1CCC(C2CCC(C3CCCCC3C3CCCCC3)CC2)CC1
C1CCC(C2CCCC(CCC3CCC4CCCCC4C3)C2)CC1
C1CCC(CCC2CCC(C3CCCCC3)C(C3CCCC(CC4CCCCC4)C3)C2)CC1
C1CCC(CCC2CCC(C3CCCC(CCCC4CC5CCCCC5C4)C3)CC2)CC1
C1CCC(C2CCC(C3CCC4CCCCC4C3)CC2)CC1
C1CCC(CCC(C2CCCC2)C2CCCC(CC3CCC4CCCC4C3)C2)CC1
C1CCC(CCC2CCCC(C3CCC(C4CCC5CCCCC54)CC3CC3CCCCC3)C2)CC1
C1CCC(C2CCCC(C3CCCCC3)C2)CC1
C1CCC(CCC2CCCC(CC3CCCC(C4CCC(C5CCCCC5)CC4)C3)C2)CC1
C1CCC(CC2CCCC(C3CCC(CC4CCCC4)CC3)C2)CC1
C1CCC(CC2CCCC(C3CCC(C4CCC4)CC3)C2)CC1
C1CCC(CCCC2CCC3CCC(C4CCCCC4)C3C2)CC1
C1CCC(CCC2CCCCC2CCC2CCCC(C3CCCCC3)C2)CC1
C1CC(CCC2CCC(CC3CC4CCCCC4C3)CC2)CC(C2CCC(CC3CCC(C4CC4)CC3)CC2)C1
C1CCC(C2CCCC(C3CCCC(CC4CCC(CC5CC6CCCCC6C5)CC4)C3)C2)CC1
C1CCC(CC2CCC(CC3CC(CC4CCCCC4)C4CCC(CC5CCCCC5)CC34)CC2)CC1
C1CCC(CCCC2CCC(C3CCCC(C4CCCCC4C4CCCCC4)C3)CC2)CC1
C1CCC(CC2CCC(C3CCC(C4CCC(CC5CCCCC5)CC4)CC3)CC2)CC1
C1CCC(CC2CCCCC2C2CC(C3CCCCC3)C3CCCCC32)CC1
C1CCC(CC2CCCCC2CCC2CCCC(C3CCCCC3)C2)CC1
C1CCC(CCC2CC(CC3CCCCC3)CCC2C2CCCC(CC3CCCCC3)C2)CC1
C1CCC(C2CCC(CCCC3CCC(C4CCCCC4)CC3)CC2)CC1
C1CCC(CC2CCC(CC3CCCC(C4CCC5CCCC5C4)C3)CC2)CC1
C1CCC(CC2CCCC(C3CCCC(C4CCCC(C5CCCC(C6CCCCC6)C5)C4)C3)C2)CC1
C1CCC(CC2CCC(CC3CCC(CC4CCCCC4C4CCCC(C5CCCCC5)C4)CC3)CC2)CC1
C1CCC(CCC2CCC(CC3CCCCC3)CC2C2CCCCC2)CC1
C1CCC(CC2CCCC(CC3CCCC(C4CCCCC4)C3)C2)CC1
C1CCC(CCCC2CCC(CC3CCC(C4CCCCC4)CC3)CC2)CC1
C1CCC(CC2CCCCC2C2CCCCC2C2CCC3CCCCC3C2)C1
C1CCC(C2CCC(C3CCC(C4CCC(C5CCC(C6CCCC(C7CC7)C6)CC5)CC4)CC3)CC2)CC1
C1CCC(CCCCCC2CCC(CC3CCCCC3)CC2)CC1
C1CCC(CC2CCCC(CC3CCCCC3)C2)CC1
C1CCC(CCC2CCCC(C3CCCCC3)C2)CC1
C1CCC(C2CCC3C(CCC3C3CCCC(CC4CCC(CC5CCCC(C6CCCC6)C5)CC4)C3)C2)CC1
C1CCC(C2CCCCC2)CC1
C1CCC(CC2CCC(C3CCCCC3)CC2)CC1
C1CCC(CC2CCCCC2C2CCCC(CCC3CC4CCCCC4C3)C2)CC1
C1CCC(CC2CCC(C3CCC(CC4CCC(C5CCCCC5)CC4)CC3)CC2)CC1
C1CCC(CC2CCCCC2C2CCCC(C3CCC(C4CCCCC4)CC3)C2)CC1
C1CCC(CC2CCCC(C3CCCC(C(C4CCCCC4)C4CC4)C3)C2)CC1
C1CCC(C2CC(C3CCC4CCCCC43)CC3CCCCC32)CC1
C1CCC(C2CCCC(C3CCCCC3)C2)CC1
C1CCC(C2CC(C3CCC4CCCCC43)CC3CCCCC32)CC1
C1CCC(CCC2CCCC(C3CCC(C4CCCCC4)CC3)C2)CC1
C1CCC(CCCC2CCCC(CC3CC(CC4CCCCC4)CC4CCCCC43)C2)CC1
C1CCC(CC2CCC(C3CCC(C4CCCCC4)CC3)CC2)CC1
C1CCC(CC2CCCC(CC3CCCC(C4CCC5CCCC5C4)C3)C2)CC1
C1CCC(CC2CCC(CC3CC4CCCCC4C3)CC2)CC1
C1CCC(C2CCC3CCCCC32)CC1
C1CCC(CCCC2CCCCC2C2CCCCC2)CC1
C1CCC(CC2CC(CC3CCCC(C4CCCCC4)C3)C3CCCCC23)CC1
C1CCC(CCC2CCCC(CC3CCCCC3)C2)CC1
C1CCC(CC2CCCC(C3CCCC(CC4CCCCC4)C3)C2)CC1
C1CCC(C2CCC(CC3CCC(C4CCCCC4)CC3C3CCCC3)CC2)CC1
C1CCC(CC2CCCC2C2CCCCC2C2CCC(C3CC3)CC2)CC1
C1CCC(CCC2CCCCC2C2CCC(C3CCCCC3)CC2)CC1
C1CCC(CCCC2CCCC(C3CCCC(C4CCCCC4)C3)C2)CC1
C1CCC(CC2CCC(C3CCCCC3C3CCC4CCCCC43)CC2)CC1
C1CCC(CCCC2CCCC(C3CCCCC3C3CCCCC3)C2)CC1
C1CCC(CCC2CCCC3CC(C4CCCCC4)CCC23)CC1
C1CCC(CC2CCC3C(CC4CCCCC4)CC(CC4CCCCC4)C3C2)CC1
C1CCC(C2CCCC(C3CCCCC3)C2)CC1
C1CCC(CCC2CCCCC2)CC1
C1CCC(C2CCCC(C3CCC(CC4CCC(C5CCC(C6CCCC6)CC5)CC4)CC3)C2)CC1
C1CCC(C2CCC(C3CCC(CCC4CCC5CCCCC54)CC3)CC2)CC1
C1CCC(CCCC2CCCC(CC3CCCCC3)C2)CC1
C1CCC(CC2CC(C3CCCCC3)C3CCCCC23)CC1
C1CCC(CC2CCC3CC(C4CCCC(CCCC5CCC6CCCCC6C5)C4)CC3C2)CC1
C1CCC(CC2CCC(C3CCCC(C4CCCCC4)C3)CC2)CC1
C1CCC(C2CCCCC2)CC1
C1CCC(C2CCC(CCCC3CCCC(C4CCCCC4)C3)CC2)CC1
C1CCC(CC2CCCC(C3CCCCC3)C2)CC1
C1CCC(CC2CCC(C3CCCCC3C3CCC(CC4CC5CCCCC5C4)CC3)CC2)CC1
C1CCC(CC2CCC(CC3CCCC(C4CCCCC4)C3)C(C3CCCCC3)C2)CC1
C1CCC(CC2CCC(C3CCCCC3C3CCCC3)CC2)CC1
C1CCC(CCCC2CCCC(CCC3CCC(C4CCC(C5CCCCC5)CC4)CC3)C2)CC1
C1CCC(C2CCC(CC3CCCC(C4CCCC4)C3)CC2)CC1
C1CCC(C2CCCC(C3CCC(CC4CCC4)CC3)C2)CC1
C(CCCC(CC1CCCCC1)C1CCCCC1)CCC1CCCCC1
C1CCC(CC2CCC(C3CCCCC3C3CCCCC3)CC2)CC1
C1CCC(CC2CCCC(CCC3CC(CC4CCCCC4)C4CCCCC34)C2)CC1
C1CCC(CCC2CCC(CC3CCCCC3)CC2)CC1
C1CCC(CC2CCC(C3CCCCC3)CC2C2CCC3CCCC3C2)CC1
C1CCC(CC2CCCCC2CC2CCCCC2C2CCCC2)CC1
C1CCC(C2CCCCC2C2CCCCC2C2CCCC2)CC1
C1CCC(CC2CC(CC3CCCCC3)CC(C3CCCCC3)C2)CC1
C1CCC(CCCC2CCC(C3CCCCC3C3CCCCC3)CC2)CC1
C1CCC(C2CCC(CCCC3CCC4CCCC4C3)CC2)CC1
C1CCC(CC2CCC(CCCCC3CCCCC3CC3CCCCC3)CC2)CC1
C1CCC(CC2CCCCC2)CC1
C1CCC(CC2CCC(CCC3CC(CC4CCCCC4)C4CCCCC34)CC2)CC1
C1CCC(CC2CCC(C3CCCC(C4CCC5CCCCC54)C3)CC2)CC1
C1CCC(CC2CCC3CCC(C4CCCCC4C4CCCC(C5CCC6CCCCC65)C4)CC3C2)CC1
C1CCC(CC2CCC(CC3CCC(C4CCCCC4)CC3)CC2)CC1
C1CCC(C2CCC(C3CCCC(C4CCCC4)C3)CC2CCC2CCC(C3CCC3)CC2)CC1
C1CCC(CCCCC2CCC(CC3CCCCC3C3CCCCC3)CC2)CC1
C1CCC(CC2CCC(CCC3CCCC(C4CCCCC4)C3)CC2)CC1
C1CCC(C2CCC(CC3CCCC(C4CCC(C5CCCCC5)CC4)C3)CC2)CC1
C1CCC(CC2CCCC(C3CCCCC3C3CCCC3)C2)CC1
C1CCC(C2CCC(C3CCCC(CC4CCC5CCCCC5C4)C3)CC2)CC1
C1CCC(CC2CCC(C3CCC4CCCC4C3)CC2)CC1
C1CCC(C2CCCC(CCC3CC4CCCCC4C3)C2)CC1
C1CCC(C2CCCC(C3CCCC(CC4CCCC(C5CC5)C4)C3)C2)CC1
C1CCC(CCCC2CCC(C3CCCCC3)CC2)CC1
C1CCC(CC2CC(C3CCCCC3)C3CC(CC4CCC(C5CCCCC5)CC4)CCC23)CC1
C1CCC(C2CCC(C3CCCCC3)C(CC3CCC(CC4CCCC(C5CCC6CCCCC65)C4)CC3)C2)CC1
C1CCC(C2CCC(CC3CCC(C4CCCCC4)CC3)CC2)CC1
C1CCC(CC2CCC(C3CCCCC3)CC2)CC1
C1CCC(CC2CCC(CC3CCC(CC4CCCCC4)CC3)CC2)CC1
C1CCC(CCC2CCCC(C3CCCCC3)C2)CC1
C1CCC(CCC2CCCCC2C2CCCC3CC(C4CCCC(C5CCCCC5)C4)CCC32)CC1
C1CCC(C2CCC(CCC3CCC(C4CCCCC4)CC3)CC2)CC1
C1CCC(CC2CCC(CCC3CCCCC3C3CCC4CCCC4C3)CC2)CC1
C1CCC(CC2CCC(CCCCCC3CCCC(C4CCCC4)C3)CC2)CC1
C1CCC(C2CCC(C3CCCC4CCCCC43)CC2)CC1
C1CCC(CC2CCCC(C3CCCCC3)C2)CC1
C1CCC(CC2CCC(CC3CCCC(C4CCCC4)C3)CC2)C1
C1CCC(CCC2CCC(CC3CCCCC3)CC2C2CC3CCCCC3C2)CC1
C1CCC(CCCC2CCCC(C3CCC(CC4CCCCC4)C3)C2)CC1
C1CCC(CC2CCC(CC3CCCCC3)CC2)CC1
C1CCC(CC2CCCC3CC(C4CCCCC4C4CCCC(C5CCCCC5)C4)CCC23)CC1
C1CCC(CCCCC2CCC(CC3CCCCC3CC3CCCCC3)CC2)CC1
C1CCC(CC2CCCC(C3CC(C4CCCCC4)CC(C4CC4)C3)C2)CC1
C1CCC(CC2CCCC(CCCC3CCC(C4CCCCC4)CC3)C2)CC1
C1CCC(CC2CCC(C3CC(C4CCCCC4)C4CCCCC34)CC2)CC1
C1CCC(C2CCC(CCCC3CCCC(C4CCCCC4)C3)CC2)CC1
C1CCC(CCCCC2CCC(CC3CCC(CC4CCCCC4)CC3)CC2)CC1
C1CCC(CCC2CCCC(C3CCC(CC4CCCCC4C4CCCCC4)CC3)C2)CC1
C1CCC(C2CCCC(C3CCCCC3C3CCCCC3C3CCCC3)C2)CC1
C1CCC(CC2CCCC(CC3CCCCC3)C2)CC1
C1CCC(CC2CCC(C3CCCCC3)CC2)CC1
C1CCC(CCC2CCC(CCC3CCCCC3CC3CC3)CC2)CC1
C1CCC(CC2CCC(CC3CCCC3)CC2)CC1
C1CCC(C2CCC(C3CCC(C4CCCCC4)CC3)CC2)CC1
C1CCC(CC2CC(CCCC3CCC4CCCC4C3)C3CC(C4CCCCC4)CCC23)CC1
C1CCC(C2CCCCC2CCC2CC2)CC1
C1CCC(CCCC2CCCCC2C2CCC(C3CCCC(CCC4CCCCC4)C3)CC2)CC1
C1CCC(CC2CCC(C3CCCCC3)CC2)CC1
C1CCC(CC2CCC(C(C3CCCCC3)C3CCCCC3)CC2)CC1
C1CCC(C2CCC(CCC3CCCC(C4CCCCC4)C3)CC2)CC1
C1CCC(CCCC2CCC(CC3CCCCC3)CC2)CC1
C1CCC(CC2CCC(C3CCCCC3)CC2)CC1
C1CCC(C2CCC(CCC3CCC(CC4CC5CCCCC54)CC3)CC2)CC1
C1CCC(CCC2CC(CC3CCCCC3)CCC2C2CCCCC2)CC1
C1CCC(C2CCC3CCC(C4CCCCC4)C3C2)CC1
C1CCC(C2CCC(CCCCC3CCC4CCCC4C3)CC2)CC1
C1CCC(C2CCCC(C3CCCCC3C3CCCC3)C2)CC1
C1CCC(CC2CCCC(C3CC(C4CC(C5CCCCC5)C5CCCCC54)C4CCCCC34)C2)CC1
C1CCC(C2CCCCC2)CC1
C1CCC(C2CCCC(C3CCCC(C(CC4CCCC(C5CCCC5)C4)C4CCCCC4)C3)C2)CC1
C1CCC(CCCC2CCCCC2CCC2CCCCC2)CC1
C1CCC(CCCCCC2CC(C3CCCC3)CCC2C2CCCC2)CC1
C1CCC(CCCC2CCC(C3CCCC(CC4CCCCC4)C3)CC2)CC1
C1CCC(C2CCC(CC3CCC(C4CCCCC4)CC3)CC2)CC1
C1CCC(CC2CCCCC2CC2CCC(CC3CCC3)CC2)CC1
C1CCC(CCCCC2CCC(CC3CCCCC3)CC2)CC1
C1CCC(C2CCC(CC3CCCC(C4CC5CCCCC5C4)C3)CC2)CC1
C(CCCC1CCCC(C2CCCCC2)C1)CCCC1CCC2CCCCC12
C1CCC(C2CCCCC2C2CCCCC2)CC1
C1CCC(CCC2CCC(C3CCCCC3)C2)CC1
C1CCC(CCCCCC2CCC(C3CCCCC3)CC2)CC1
C1CCC(CCC2CCCC(C3CC(CC4CCC4)CC(C4CCC5CCCCC54)C3)C2)CC1
C1CCC(C2CCC(C3C(C4CCCCC4)CC(C4CCCCC4)C4CCCC43)CC2)CC1
C1CCC(CC2CCCCC2C2CCCCC2)CC1
C1CCC(CC2CCC(C3CC3)CC2)CC1
C1CCC(CC2CCC(CC3CCCC(C4CCCC(C5CCCC5)C4)C3)CC2)CC1
C1CCC(C2CCCC(CCC3CCCC3)C2)CC1
C1CCC(CC2CCC(C3CCC(C4CCCCC4)CC3)CC2)CC1
C1CCC(CC2CCC(C3CCCC4CCCCC43)CC2)CC1
C1CCC(CC2CCC(C3CCCC(CC4CCC5CCCC5C4)C3)CC2)CC1
C1CCC(CCCCCC2CCC(C3CCC(C4CCCCC4)CC3)CC2)CC1
C1CCC(CC2CCCC(C3CCC4CCCC4C3)C2)CC1
C1CCC(CC2CCCCC2C2CCCCC2)CC1
C1CCC(CCC2CCCC(CC3CCCCC3)C2)CC1
C1CCC(C2CCCC(CC3CCCC4CCCCC43)C2)CC1
C1CCC(CC2CCC(CC3CCCCC3CC3CCCCC3)CC2)CC1
C1CCC(CC2CCCCC2C2CCC3C(CCCC3C3CCCCC3)C2)CC1
C1CCC(CCCCC2CCC(C3CCCCC3CC3CCCCC3)CC2)CC1
C1CCC(CC2CCC(C3CCCCC3)CC2)CC1
C1CCC(CCCCC2CCC(CC3CCCCC3)CC2)CC1
C1CCC(C2CCC(CC3CC4CCCCC4C3)CC2)CC1
C1CCC(C2CCC(CCC3CCCC(C4CCCCC4)C3)CC2)CC1
C1CCC(CC2CCCC(C3CCCCC3)C2)CC1
C1CCC(CC2CCC(CC3CCCCC3)CC2)CC1
C1CCC(CCC2CC(CCC3CCCCC3)CC(CC3CCCCC3)C2)CC1
C1CCC(CCC2CCCC(C(C3CCC3)C3CC3)C2)CC1
C1CCC(C2CCC(C3CC(C4CCCC4)C4CCCCC34)CC2)CC1
C1CCC(CC2CCCC(C3CCC(CC4CCC(C5CCCCC5)CC4)CC3)C2)CC1
C1CCC(C2CCCCC2C2CCC(C3CCCCC3)C(C3CCCCC3)C2)CC1
C1CCC(C2CCCCC2C2CCCCC2)CC1
C1CCC(C2CCCC(CCCCC3CC3)C2)CC1
C1CCC(C2CCCC(C3CCC(C4CCC(CC5CCCC5)CC4)CC3)C2)CC1
C1CCC(CCC2CCC(C3CCC(CC4CCCCC4)CC3)CC2)CC1
C1CCC(CCC2CCC(CC3CCC(CC4CCCCC4)CC3)CC2)CC1
C1CCC(CCC2CCCC(C3CCCC(C4CCCCC4)C3)C2)CC1
C1CCC(CCCC2CCCC(CC3CCC(C4CCCCC4)C3)C2)CC1
C1CCC(CCC2CCC(CCCC3CCC(C4CCC(C5CCCC5)CC4)CC3)CC2)CC1
C1CCC(CC2CC(C3CCC(C4CCC4)CC3)C3CCCCC23)CC1
C1CCC(C2CCCC(C3CCCCC3)C2)CC1
C1CCC(C2CCC(C3CCC(C4CCC4)CC3C3CCC4C(CCC4C4CC5CCCCC5C4)C3)CC2)CC1
C1CCC(CCC2CCC(C3CCCCC3CCC3CCCCC3)CC2)CC1
C1CCC(C2CCC(CCC3CCCC(C4CCCCC4)C3)CC2)CC1
C1CCC(CCC2CCCC(C(CCC3CCCC3)C3CCCCC3)C2)CC1
C1CCC(CCC2CC3CCC(C4CCCCC4)CC3C(C3CCCCC3)C2)CC1
C1CCC(CCC2CCC(C3CCCC(CCC4CCCCC4)C3)CC2)CC1
C1CCC(C2CCC(CCC3CC4CCCCC4C(C4CCCCC4)C3)CC2)CC1
C1CCC(C2CCC(C3CCCCC3)C(CC3CC3)C2)CC1
C1CCC(CC2CCC(CC3CCCCC3)CC2)CC1
C1CCC(C2CCC3C(CCC4CCCCC4C4CCCCC4)CC(C4CCCCC4)C3C2)CC1
C1CCC(C2CCC3CC(C4CCCC(CCCC5CCC6CCCC6C5)C4)CCC3C2)CC1
C1CCC(CCC2CCCC(CC3CCC(C4CCCCC4)CC3)C2)CC1
C1CCC(CCCC2CC(CCC3CCCCC3)CCC2CC2CCCCC2)CC1
C1CCC(CC2CCCC(C3CCC(C4CCC4)CC3)C2)C1
C1CCC(CC2CCCC(CC3CCC(CC4CCCC(C5CCCCC5)C4)CC3)C2)CC1
C1CCC(CC2CCCCC2C2CCC3C(CC4CCCCC4)CCC3C2)CC1
C1CCC(CCC2CCC(C3CCCCC3C3CCCC3)CC2C2CCCCC2)CC1
C1CCC(CCC2CCC(CC3CCCCC3)CC2)CC1
C1CCC(C2CC(CC3CCCC3)CCC2CCCC2CC3CCCCC3C2)CC1
C1CCC(CCC(C2CCCCC2)C2CCCCC2C2CCCC2)CC1
C1CCC(C2CCCCC2)CC1
C1CCC(CC2CCC(C3CCCCC3CC3CCCCC3)CC2)CC1
C1CCC(CC2CC(C3CCCCC3)CC(C3CCCC(C4CCCCC4)C3)C2)CC1
C1CCC(C2CCC(CCC3CCC4CCCCC4C3)CC2)C1
C1CCC(CCC2CCC(CC3CCCCC3)CC2)CC1
C1CCC(CC2CC(C3CCCCC3)CC(C3CCCCC3)C2)CC1
C1CCC(C2CCC(C3CCC(C4CCCCC4C4CCCCC4)CC3)C2)CC1
C1CCC(CC2CCCC(C3CCCC(C4CCCCC4)C3)C2)CC1
C1CCC(CCC2CCC(C3CCC(CC4CCCCC4)CC3)CC2)CC1
C1CCC(CC2CC(C3CCC(C4CCCCC4)CC3)C3CCCCC23)CC1
C1CCC(C2CC(C3CCC(CCC4CCC5CCCCC5C4)CC3)C3CCCCC23)CC1
C1CCC(CCC2CCCC(C3CCC(CC4CCCCC4)CC3)C2)CC1
C1CCC(C2CCC(C3CCC(C4CCCC4)CC3)CC2)CC1
C1CCC(CC2CCCCC2C2CCCC(C3CCCCC3)C2)CC1
C1CCC(CC2CCC3C(C4CCC(C5CCCCC5)CC4)CC(C4CCCCC4)C3C2)CC1
C1CCC(CCC2CCCC(CC(C3CCCCC3)C3CCCCC3)C2)CC1
C1CCC(CCC2CCC(C3CCCC4CCCCC43)CC2)CC1
C1CCC(CCCC2CCCC(CC3CCC(C4CCCCC4)CC3)C2)CC1
C1CCC(CC2CCC(CC3CCCCC3)CC2)CC1
C1CCC(CC2CCC(CC3CCCCC3)CC2)CC1
C1CCC(C2CCCC(CC3CCCC(C4CCCCC4C4CCCC4)C3)C2)CC1
C1CCC(CC2CCC(CC3CCCC(C4CCCC(C5CCCCC5)C4)C3)CC2)CC1
C1CCC(CCC2CCC(CCC3CCCC(CCC4CC5CCCCC5C4)C3)CC2)CC1
C1CCC(C2CCCC(C3CCCCC3)C2)CC1
C1CCC(CC2CCC3CC(CC4CC5CCCCC5C4)CC(C4CCCCC4)C3C2)CC1
C1CCC(C2CCCCC2C2CCCCC2)CC1
C1CCC(CCC2CCCC(C3CCCCC3)C2)CC1
C1CCC(CC2CCCC(C3CCCCC3C3CCCCC3C3CCCCC3)C2)CC1
C1CCC(CC2CCCC(CC3CCCCC3)C2)CC1
C1CCC(CC2CCC(C3CCCCC3)C(CC3CCCCC3)C2)CC1
C1CCC(CCCC2CCCCC2C2CCCCC2)CC1
C(CC1CC1)CC1CCC(CC2CCC(CC3CCC(CC4CC5CCCCC5C4)CC3)CC2)CC1
C1CCC(CCC2CCCC(C3CCCCC3)C2)CC1
C1CCC(CCC2CCCC(C3CCC4CCCCC4C3)C2)CC1
C1CCC(CC2CCC(CC3CCC(CCCC4CCCC4)CC3)CC2)CC1
C1CCC(CCC2CCCC(C3CC(CC4CCCCC4)CCC3C3CCCC3)C2)CC1
C1CCC(CC2CCCC(C3CCCCC3)C2)CC1
C1CCC(CC2CCC(C3CCCCC3)CC2)CC1
C1CCC(CCCCCC2CC(CC3CCCCC3)CCC2CC2CCCCC2)CC1
C1CCC(C2CCC(CC3CCC(C4CC4CCC4CCCC(C5CCCC5)C4)CC3)CC2)CC1
C1CCC(CC2CCCCC2C2CCCCC2)CC1
C1CCC(CC2CCCCC2C2CCC(C3CCCCC3)CC2)CC1
C1CCC2CC(CCC3CCC(CC4CC4)CC3)CC2C1
C1CCC(C2CCCC(C3CCCCC3)C2)CC1
C1CCC(CC2CCCCC2CCC2CCC(C3CCCC(C4CCC(C5CCCCC5)C4)C3)C2)CC1
C1CCC(CC2CCCC(C3CCCC(CC4CCC5CCCC5C4)C3)C2)C1
C1CCC(C2CCCC(C3CCC4C(CC5CC6CCCCC6C5)CCCC4C3)C2)CC1
C1CCC(C2CCC(C3CC3)C(C3CCCC(C4CC4)C3)C2)CC1
C1CCC(CC2CCCCC2C2CCCCC2)CC1
C1CCC(CCC2CCC(CC3CCC(C4CCCCC4)CC3)CC2)CC1
C1CCC(C2CCCC3CC(C4CCC(C5CCCC(CC6CC7CCCCC76)C5)C4)CCC32)CC1
C1CCC(C2CCCCC2C2CCCCC2C2CC(C3CCCC3)C3CCCCC32)CC1
C1CCC(C2CC(CCC3CCC(C4CCCC4)CC3)C3CCCCC32)CC1
C1CCC(CCC2CCCCC2C2CCCCC2)CC1
C1CCC(CCC2CCCC3CC(C4CCCC(C5CCCCC5)C4)CCC23)CC1
C1CCC(C2CC(C3CCC(CC4CCCC(C5CCCC5)C4)CC3)CC(C3CC3)C2)CC1
C1CCC(C2CCC3C(CCCC3C3CCCC(CC4CCC(C5CCCC5)CC4)C3)C2)CC1
C1CCC(CC2CCC(C3CCCCC3C3CCCCC3)C(C3CCCC3)C2)CC1
C1CCC(C2CCC(C3CCCCC3C3CCCCC3)C(C3CCCC3)C2)CC1
C1CCC(CCC2CCCC(C3CCC(C4CCC4)CC3)C2)CC1
C1CCC(C2CCCCC2C2CCC(C3CCC4CCCCC43)CC2)CC1
C1CCC(C2CC(CC3CCCC(C4CCCC4)C3)CC(C3CCCCC3)C2)CC1
C1CCC(C2CCC(C3CCC(C4CCCCC4)C3)CC2)CC1
C1CCC(CC2CCC(C3CCC(C4CCCC4)CC3)C(C3CCCCC3)C2)CC1
C1CCC(CCC2CCC(CCCCCC3CC4CCCCC4C3)CC2)CC1
C1CCC(CC2CCCC(C3CCC(CC4CCC(C5CCCCC5)CC4)C3)C2)CC1
C1CCC(CCCC2CCC(CCC3CCCC(C4CCCC(C5CCCCC5)C4)C3)CC2)CC1
C1CCC(CC2CCC(C3CCCCC3)C(C3CCCCC3)C2)CC1
C1CCC(CC2CCCC(CC3CCCC(C4CCCCC4)C3)C2)CC1
C1CCC(CC2CCC(CCCCC3CCC(CCC4CCCCC4C4CCCC4)CC3)CC2)CC1
C1CCC(CC2CCCCC2)CC1
C1CCC(CCC2CCC(CCC3CCCCC3)CC2)CC1
C1CCC(C2CCCC(C3CCC4CCCC4C3)C2)CC1
C1CCC(CCC2CCC(C3CCCC3)C(C3CCCC(C4CCCCC4)C3)C2)CC1
C1CCC(CC2CCC(CC3CCCC(C4CCCCC4)C3)CC2)CC1
C1CCC(CCC2CCCC(C3CCCC(CC4CCCCC4)C3)C2)CC1
C1CCC(CCC(CC2CCCC(C3CCCCC3)C2)C2CCC(C3CCCC3)CC2)CC1
C1CCC(C2CCC(C3CCC(CC4CCCC4)CC3)C(C3CCCCC3)C2)CC1
C1CCC(CC2CCC(C3CCC(CC4CCCCC4)CC3CC3CC4CCCCC4C3)CC2)CC1
C1CCC(C2CCCCC2CC2CC3CCCCC3C2)CC1
C1CCC(C2CCCCC2C2CCCCC2)CC1
C1CCC(CC2CCCCC2C2CCCCC2C2CCCCC2)CC1
C1CCC(C2CCC(C3CCC(CC4CC4)CC3)C(C3CCCC(C4CC4)C3)C2)C1
C1CCC(C2CCCC(C3CCCCC3C3CCCCC3)C2)CC1
C1CCC(CCC2CCC(CC3CCC(CC4CCCCC4)CC3)CC2)CC1
C1CCC(CC2CCCC(CC3CCC(C4CCCC(CC5CCCC5)C4)CC3)C2)CC1
C1CCC(CC2CCCC(C3CCCC3C3CCCCC3)C2)CC1
C1CCC(CCCC2CCCC(C3CC4CCCCC4C3)C2)CC1
C1CCC(C2CCC(CC3CC(C4CCC5CCCCC54)CC4CCCCC43)CC2)C1
C1CCC(CCC2CCCCC2C2CCCC(C3CCCCC3)C2)CC1
C1CCC(C2CCC(CCC3CCC(C4CCCCC4)CC3C3CCCC(CC4CC5CCCCC5C4)C3)CC2)CC1
C1CCC(CCCCC2CCC(CCCC3CCCC(CC4CCCCC4)C3)CC2)CC1
C1CCC(C2CCC(C3CCCCC3)C(C3CCCC(CC4CCC4)C3)C2)CC1
C1CCC(CCC2CCCC(CC3CCCC(CC4CCCCC4)C3)C2)CC1
C1CCC(C2CCC(CC3CCC(C4CCC(CC5CCCC5)CC4)CC3)CC2)CC1
C1CCC(CC2CCC(C3CCCC(C4CCC(CCC5CCCC5)CC4)C3)CC2)CC1
C1CCC(CC2CCC(C3CCC4CCCCC43)CC2)CC1
C1CCC(CC2CCC(CC3CCC(C4CCCCC4)CC3)CC2)CC1
C1CCC(CCC2CCC(C3CCC(CC4CCCCC4)CC3)CC2)CC1
C1CCC(C2CCC(CC3CCC(CCC4CCC5CCCCC5C4)CC3)CC2)CC1
C1CCC(CC2CCCC(CC3CCC(CCCC4CC5CCCCC5C4)CC3)C2)CC1
C1CCC(CC2CCCC(CC3CCC(C4CCCC4)CC3)C2)CC1
C1CCC(C2CCC(C3CCCC(C4CCC5CCCCC5C4)C3)CC2)CC1
C1CCC(CC2CCCC(CCC3CCC(C4CCC(CC5CC5)CC4)CC3)C2)CC1
C1CCC(CC2CCC(CC3CCC4C(CC5CCCCC5)CCC4C3)CC2)CC1
C1CCC(CCCC2CCCC(CCC3CC(C4CCC5CCCCC54)CC4CCCCC43)C2)CC1
C1CCC(C2CCCCC2C2CCCC(C3CCCC3)C2)CC1
C1CCC(CCCC2CC(CCC3CC4CCCCC4C3)C3CCC(CCC4CCCC4)CC23)CC1
C1CCC(C2CCCC(C3CCCCC3C3CCCCC3)C2)CC1
C1CCC(CC2CCC(CCCC3CCCC(CC4CCC4)C3)CC2)CC1
C1CCC(CCC2CCC(CCCC3CCCC(C4CC(CC5CCCCC5)C5CCCCC54)C3)CC2)CC1
C1CCC(C2CCCCC2C2CCC(CC3CCC3)CC2C2CCCCC2)CC1
C1CCC(C2CCC(CC3CCCCC3CC3CC4CCCCC4C3)C(CCCCC3CCC(C4CCC5CCCCC5C4)CC3)C2)CC1
C1CCC(CC2CC(C3CCCCC3C3CCCCC3)C3CCCCC23)CC1
C1CCC(CCCCCC2CCC(CC3CCCCC3)CC2)CC1
C1CCC(CCC2CC(CC3CCC4CCCCC43)C3CCC(C4CCCCC4)CC23)CC1
C1CCC(C2CCCCC2C2CCC(C3CCC4CCCCC43)CC2C2CCCC2)CC1
C(CCCC1CCCC(CC2CCCCC2CC2CCCCC2)C1)CCC1CCCCC1
C1CCC(CCC2CC(C3CCCCC3)CC(C3CCCCC3CC3CCCCC3)C2CCC2CCCCC2)CC1
C1CCC(C2CCC(C3CCC3)C(CC3CCC3)C2)CC1
C1CCC(CCCC2CCC(C3CCCC(C4CCCCC4)C3)CC2)CC1
C1CCC(CC2CCC(C3CCCCC3C3CCCC3)CC2)CC1
C1CCC(C2CCC(C3CCCC(C4CCCCC4)C3)CC2)CC1
C1CCC(CCC2CC(CCCC3CCC(C4CCCCC4)CC3)CC(CCC3CCCCC3)C2)CC1
C1CCC(CCC2CCC(CCC3CCCC3)CC2)CC1
C1CCC(CCCC2CCC(C3CCCC(CC4CCC(CCC5CCCCC5)CC4)C3)CC2)CC1
C1CCC(C2CCC(CC3CCC3)C2C2CCC3CCCCC3C2)CC1
C1CCC(CC2CCC(C3CCCCC3)CC2)CC1
C1CCC(CCCC2CCC(C3CCC(CC4CCCCC4)CC3)CC2)CC1
C1CCC(CC2CCCC(C3CCCC(C4CCCCC4C4CCCC4)C3)C2)CC1
C1CCC(CC2CCCC(C3CC(CC4CCCCC4)C4CCCCC43)C2)CC1
C1CCC(C2CC(CCCC3CCCCC3C3CCCC3)C3CC(CCC4CCCC4)CCC32)CC1
C1CCC(CC2CCC(CC3CCC4C(CC5CCCCC5)CC(CC5CCCC5)C4C3)CC2)CC1
C1CCC(CCCCC2CCCC(C3CCCC(C4CCCCC4)C3)C2)CC1
C1CCC(CC2CCCC(CCC3CCCC(CC4CCCC(CC5CCCC5)C4)C3)C2)CC1
C1CCC(CCC2CC(CC3CCCCC3)CCC2C2CCCCC2)CC1
C1CCC(CC2CCC(C3CCCC3)CC2)CC1
C1CCC(CC2CCCC(C3CCCCC3)C2)CC1
C1CCC(CC2CCC(C3CCC(CC4CCCCC4)CC3)CC2)CC1
C1CCC(C2CCC(CCCC3CCC(CC4CCC(C5CCCC5)CC4)CC3)CC2)CC1
C1CCC(CCCC2CCCCC2C2CCCCC2C2CCCC2)CC1
C1CCC(CCC2CCCC(CC3CCC(C4CCCC4)CC3)C2)CC1
C1CCC(C2CCC(CC3CCCCC3CC3CCCC3)CC2)CC1
C1CCC(CC2CCC3CC(C4CCCCC4)CCC3C2)CC1
C1CCC(CC2CCCC(CCCCC3CCC4CC(C5CCCCC5)CCC34)C2)CC1
C1CCC(C2CCCC(CC3CCCC(C4CCCCC4)C3)C2)CC1
C1CCC(CC2CCC(C3CCCCC3)CC2)CC1
C1CCC(C2CCCCC2)CC1
C1CCC(CC2CCC(CC3CCCCC3)CC2)CC1
C1CCC(CCC2CCCC(C3CCCCC3)C2)CC1
C1CCC(C2CCCC(CC3CCC(CC4CCC5CCCCC54)CC3)C2)CC1
C1CCC(CC2CCC(CC3CCC(CC4CCCCC4CC4CCCCC4)CC3)CC2)CC1
C1CCC(C2CCCC(C3CCC(C4CC5CCCCC5C4)CC3)C2)C1
C1CCC(C2CCC(CCC3CCCC(C4CCCCC4)C3)CC2)CC1
C1CCC(CC2CCC(CCC3CCC(CC4CCC5CCCCC54)CC3)CC2)CC1
C1CCC(CCC2CCC(C3CCCCC3C3CCCCC3)CC2)CC1
C(CCCC1CCCCC1C1CCCC(CC2CCCCC2)C1)CCC1CC1
C1CCC(CCC2CCC(C3CCCCC3C3CCCCC3)CC2)CC1
C1CCC(CC2CCC(C3CCCC(C4CCC(C5CCC6CCCCC65)CC4)C3)CC2)CC1
C1CCC(CC2CCC(CC3CCCCC3)CC2)CC1
C1CCC(C2CCCC(CCC3CCCC(C4CCCCC4)C3)C2)CC1
C1CCC(CC2CCC(C3CCCC(CCC4CCCCC4C4CCCCC4)C3)CC2)CC1
C1CCC(CC2CCCC(CC3CC(C4CCCCC4)C4CCCCC34)C2)CC1
C1CCC(CCC2CCC(CC3CCCCC3)CC2)CC1
C1CCC(CCC2CCC(C3CCCCC3)CC2)CC1
C1CCC(CC2CCCC(C3CC(C4CCCCC4)C4CCCCC34)C2)CC1
C1CCC(C2CCC(CC3CCCC(CC4CC4)C3)CC2)CC1
C1CCC(CCCCC2CCCC(C3CCC(CC4CCCCC4)CC3)C2)CC1
C1CCC(C2CCC(C3CCC(C4CCC4)CC3C3CCCC3)CC2)CC1
C1CCC(C2CCCCC2CC2CC3CCCCC3C2)CC1
C1CCC(CCC2CCCCC2C2CCC(CC3CCCCC3)CC2)CC1
C1CCC(CCCCC2CCCC(C3CC3)C2)CC1
C1CCC(CC2CC(CC3CCCCC3)C3CC(CC4CCC(C5CCCCC5)CC4)CCC23)CC1
C1CCC(CC2CCCCC2)CC1
C1CCC(CC2CCCCC2CC2CCCC(C3CC(C4CCCCC4)CC(C4CCCC4)C3)C2)CC1
C1CCC(C2CCCC(CCC3CC(C4CCCCC4)C4CCCCC34)C2)CC1
C1CCC(CCC2CCCCC2CC2CCCCC2)CC1
C1CCC(CC2CCCCC2)CC1
C1CCC(CC2CCCCC2)CC1
C1CCC(CCC2CCCC(C3CCCCC3C3CCCC3)C2)CC1
C1CCC(CCCCC2CCC(CCCC3CCCCC3)CC2)CC1
C1CCC(C2CCC3C(CCC3C3CCCC3)C2)CC1
C1CCC(CCC2CCC(C3CCCCC3)CC2CCC2CCCCC2)CC1
C1CCC(CCCC2CCCC(C3CCC(C4CCCCC4)CC3)C2)CC1
C1CCC(C2CCCC(C3CCCCC3)C2)CC1
C1CCC(CC2CCCCC2CC2CC(CC3CCCCC3)C3CCCCC23)CC1
C1CCC(C2CCCCC2CC2CCCCC2C2CCCC2)CC1
C1CCC(C2CCCCC2)CC1
C1CCC(C2CCC(CC3CCC(C4CCCCC4)CC3)CC2)CC1
C1CCC(CCC2CCC(CC3CCC(CCC4CCCC4)CC3)CC2)CC1
C1CCC(CC2CCC(C3CCC4CC(C5CCCCC5)CCC4C3)CC2)CC1
C1CCC(C2CCC(C3CCCC(CC4CC5CCCCC5C4)C3)CC2)CC1
C1CCC(C2CCCC(CC3CCCC3)C2)CC1
C1CCC(C2CCC(CCCC3CCCC(C4CCCC(C5CCCCC5)C4)C3)CC2)CC1
C1CCC(CCCCC2CCC(C3CCCC(CC4CCC5CCCC5C4)C3)C2)CC1
C1CCC(CC2CC(C3CCCCC3)C3CC(C4CCCCC4)CCC23)CC1
C1CCC(CCCCC2CCCC(CC3CCCCC3)C2)CC1
C1CCC(CC2CCCC(C3CCCC(C4CCCCC4)C3)C2)CC1
C1CCC(CC2CC(CC3CCC(C4CCCC4)CC3)CC(C3CCCCC3)C2)CC1
C1CCC(C2CCCC(CC3CCCC(C4CCCCC4)C3)C2)CC1
C1CCC(CCCCC2CCC(C3CCC(CCC4CCCCC4)CC3)CC2)CC1
C1CCC(CCC2CCCC(C3CCCCC3)C2)CC1
C1CCC(CCC2CCCCC2)CC1
C1CCC(CCC2CCC(CC3CCCC(C4CCCCC4)C3)CC2)CC1
C1CC(CC2CC2)CC(CC2CCCC(C3CCCCC3C3CCC4CCCCC4C3)C2)C1
C1CCC(CC2CCC(C3CCCCC3)CC2)CC1
C1CCC(C2CCC(CC3CCCC(C4CCCC4)C3)CC2)CC1
C1CCC(CCCC2CCC(C3CCCC(C4CCCCC4)C3)CC2)CC1
C1CCC(CCCC2CCCC(CCCC3CCC(C4CCCCC4)CC3)C2)CC1
C1CCC(CCCCC2CCCC(C3CCCCC3)C2)CC1
C1CCC(CC2CCCC(C3CCC(CC4CCCC4C4CCCCC4C4CCCC4)CC3)C2)CC1
C1CCC(CCCC2CCCCC2C2CCCCC2C2CCC3CCCC3C2)CC1
C1CCC(CCCC2CCCCC2CCC2CC(C3CCCCC3)C3CCCCC23)CC1
C1CCC(CCC2CCCC(CCC3CCC(CCC4CCCC4)CC3)C2)CC1
C1CCC(CCC2CCCC(CCC3CCCCC3)C2)CC1
C1CCC(CCCC2CCC(C3CCC(C4CCCC4)CC3)C(C3CCCC3)C2)CC1
C1CCC(CC2CCC(C3CCC(C4CCCCC4)CC3)CC2)CC1
C1CCC(CC2CCCC(C3CC(CC4CCCCC4)CC(C4CCCCC4)C3)C2)CC1
C1CCC(CC2CCCC(CC3CCC(C4CCCCC4C4CCCCC4)CC3)C2)CC1
C1CCC(C2CC(C3CCCCC3)CC(C3CCC3)C2)CC1
C1CCC(CC2CCC(C3CC(CC4CCCC4)C4CC(C5CCCCC5)CCC43)CC2)CC1
C1CCC(C2CCC(CC3CCC(C4CCCCC4)CC3)CC2)CC1
C1CCC(CCC2CC(CC3CCCCC3)CC3CCC(C4CCCC(CC5CCCCC5)C4)CC23)CC1
C1CCC(C2CC(C3CCCCC3)CC(C3CCCC3)C2)CC1
C1CCC(CCC2CCCC3CC(C4CCCCC4C4CCCCC4)CCC23)CC1
C1CCC(CCCCC2CCC(CCCC3CCCCC3CC3CCCCC3)CC2)CC1
C1CCC(CCCCCC2CCC(C3CCC(C4CCCCC4)CC3)CC2)CC1
C1CCC(CC2CCC(CC3CCC(CCCC4CC5CCCCC5C4)CC3)CC2)CC1
C1CCC(CCC2CC(CCCCCCC3CCCC(C4CCCCC4)C3)C3CCCCC23)CC1
C1CCC(C2CCC(C3CCCC(C4CCCC4)C3)CC2)CC1
C1CCC(CCCC2CCC(C3CCC(CC4CCC(CC5CCCC5)CC4)CC3)CC2)C1
C1CCC(CC2CCC(CC3CCCC(C4CCCC(CC5CCCCC5)C4)C3)CC2)CC1
C1CCC(C2CCCC(C3CCC(C4CCC(CCC5CC5)CC4)CC3)C2)CC1
C1CCC(C2CCCC3CCC(C4CCCC4)CC32)CC1
C1CCC(CCCCC2CCC(CC3CCCCC3)CC2)CC1
C1CCC(CCC2CCCCC2C2CCC(C3CCCCC3C3CCCC3)CC2)CC1
C1CCC(CCCC2CCC(CC3CCCCC3C3CCCCC3)CC2)CC1
C1CCC(CCCCC2CCCC(CCC3CCC(C4CCCCC4)CC3)C2)CC1
C1CCC(C2CCC(C3CCCCC3)CC2)CC1
C1CCC(CCC2CCC(CC3CCCCC3C3CCCC3)CC2)CC1
C1CCC(C2CC3CCC(C4CCCCC4)CC3C(C3CCCCC3)C2)CC1
C1CCC(CC2CCCC(C3CCCCC3C3CCCC4CCCCC43)C2)CC1
C1CCC(C2CCC(C3CCCCC3C3CCCC3)C(C3CCC4CCCC4C3)C2)CC1
C1CCC(CCCC2CCC(CC3CCC(CC4CCCCC4)CC3)CC2)CC1
C1CCC(CC2CC(C3CCCCC3)CC(C3CCCCC3)C2)CC1
C1CCC(CC2CCCC(C3CCCCC3)C2)CC1
C1CCC(CC2CCCCC2CCC2CCC3CCCCC3C2)CC1
C1CCC(CCCCCC2CCCCC2)CC1
C1CCC(CC2CCCCC2CC2CCC(C3CCCCC3)CC2)CC1
C1CCC(CCC2CCCC(C3CCCC(CC4CCCCC4)C3)C2)CC1
C1CCC(CCCC2CCC(CCC3CCCCC3)CC2)CC1
C1CCC(C2CCC3C(CCCC3C3CCCC(CC4CCCC4)C3)C2)CC1
C1CCC(CCC2CC(C3CCCC(C4CCCCC4)C3)C3CCCCC23)CC1
C(CCCC1CC(C2CCCCC2)CCC1C1CCCCC1)CCC1CCCCC1
C1CCC(CC2CCCC(CC3CCCC(C4CCCCC4)C3)C2)CC1
C1CCC(CC2CCC(C3CCCC(C4CCCCC4)C3)CC2)CC1
C1CCC(C2CCC(C3CCC(CCCC4CCCC4)CC3)CC2)CC1
C1CCC(C2CCC3CC(C4CCCC(C5CCC5)C4)CCC32)CC1
C1CCC(C2CCCCC2)CC1
C1CCC(CC2CCCC(CC3CCC4C(CCC4C4CCCCC4)C3)C2)CC1
C1CCC(C2CCC(C3CCCC(C4CCCC4)C3)CC2)CC1
C1CCC(CCCC2CCC(C3CCCCC3)CC2)CC1
C1CCC(CCCC2CCCC(C3CCC(CC4CCC(CCC5CCCCC5)CC4)CC3)C2)CC1
C1CCC(CCC2CCCC(CCCC3CCCC(CCCC4CCC(C5CCCCC5)CC4)C3)C2)CC1
C1CCC(C2CCC(CCCCC3CCC(C4CCCCC4)CC3)CC2)CC1
C1CCC(C2CCCCC2)CC1
C1CCC(CCC2CC(C3CCCCC3)C(C3CCCCC3)C(C3CCCCC3)C2)CC1
C1CCC(CC2CCC(CC(CC3CCCCC3)C3CCCCC3)CC2)CC1
C1CCC(CCC2CCC(CCC3CCCCC3)CC2)CC1
C1CCC(CC2CCC(CCC3CCCC(C4CCCCC4)C3)CC2)CC1
C1CCC(CCCCCC2CCCC(C3CCC(CC4CC5CCCCC5C4)CC3)C2)CC1
C1CCC(C2CCC(C3CCC(C4CCCCC4)C(C4CCCCC4)C3)C2)CC1
C1CCC(C2CCCC(C3CCCC(C4CCCC(C5CCC6CCCC6C5)C4)C3)C2)CC1
C1CCC(CC2CC(C3CCCCC3)C3CCCCC23)CC1
C1CCC(C2CCC(C3CCCCC3C3CCCCC3)CC2)CC1
C1CCC(CC2CCC(CC3CCC(CCCCC4CCC(C5CCCC5)CC4)CC3)CC2)CC1
C1CCC(CCCCC2CCC(CC3CCCCC3CC3CCCCC3)CC2)CC1
C1CCC(C2CCCCC2C2CCC(C3CCC(CCCC4CCCCC4C4CCCC4)CC3)CC2)CC1
C1CCC(C2CCC(C3CCC4CCCC4C3)C(CC3CC4CCCCC4C3)C2)CC1
C1CCC(CC2CCCCC2)CC1
C1CCC(C2CCC(CC3CCCC(C4CCCCC4)C3)CC2)CC1
C1CCC(CC2CCC(C3CCC(CC4CCCCC4)CC3)CC2)CC1
C1CCC(CCCC2CCCC(CC3CCC(CCC4CCCCC4)CC3)C2)CC1
C1CCC(C2CCCC3CC(C4CCCCC4C4CCCCC4C4CCC5CCCCC54)CCC32)C1
C1CCC(C2CCC(C3CCCCC3)C(C3CCCCC3)C2)CC1
C1CCC(CCCC2CCC(CCC3CCCC(CC4CC4)C3)CC2)CC1
C1CCC(C2CCC(C3CCC(C4CCCCC4)C4CCCC34)CC2)CC1
C1CCC(CC2CCCCC2C2CCC(C3CCC(C4CCCC4)CC3)C2)CC1
C(CCCC1CCC(CC2CCCCC2C2CCCCC2)CC1)CCC1CCCCC1
C1CCC(C2CCC3C(CCC3C3CCCCC3)C2)CC1
C1CCC(C2CCCC(CC3CCCCC3C3CC3)C2)CC1
C1CCC(CCC2CCC(C(CC3CCCCC3)C3CCCCC3)CC2)CC1
C1CCC(CC2CCC(CC3CC(C4CCCC(C5CCCCC5)C4)C4CCCCC34)CC2)CC1
C1CCC(CCCC2CCC(C3CCCCC3)CC2)CC1
C1CCC(CC2CCC(CCCCC3CCCC(C4CCCCC4)C3)C2)CC1
C1CCC(C2CCC(C3CCCCC3)CC2)CC1
C1CCC(CCCCCC2CCC(CC3CCC(C4CCCCC4)CC3C3CC3)CC2)CC1
C1CCC(C2CCCCC2)CC1
C1CCC(C2CCCC(CCCC3CCCCC3C3CCC4CCCC4C3)C2)CC1
C1CCC(C2CCCCC2C2CCCCC2)CC1
C1CC(CC2CC3CCCCC3C2)CC(C2CCC(CCC3CC3)CC2)C1
C1CCC(CC2CCC(CC3CCC(CC4CCCCC4)C3)CC2)CC1
C1CCC(CC2CCC(C3CCCC(C4CCCC(CC5CCCCC5)C4)C3)CC2)CC1
C1CCC(CCC2CCCCC2C2CCC(CC3CCC(C4CCCCC4)CC3)C2)CC1
C1CCC(C2CCC3CCC(C4CCC5CCCCC54)CC3C2)CC1
C1CCC(C2CCC3CCCCC32)CC1
C1CCC(C2CCCCC2C2CCCCC2)CC1
C1CCC(C2CCCC(CC3CCCCC3CC3CC4CCCCC4C3)C2)CC1
C1CCC(CC2CCC(C3CCC(CC4CCCCC4)CC3)CC2)CC1
C1CCC(CCCC2CCC(CC3CCCCC3)CC2)CC1
C1CCC(C2CCCC(C3CCCC3)C2)CC1
C1CCC(CC2CCCC(C3CCC4CCCC4C3)C2)CC1
C1CCC(CC2CCCC(C3CCCC(C4CCC(CCC5CCCC(C6CCCCC6)C5)CC4)C3)C2)CC1
C1CCC(C2CCC3CC(CCC4CCCCC4C4CCCCC4)CC3C2)CC1
C1CCC(CC2CCCC(C3CCC(C4CC4C4CCC(C5CCCCC5)CC4)CC3)C2)CC1
C1CCC(CC2CCC(CCC3CCCC(C4CCCC(C5CCCCC5)C4)C3)CC2)CC1
C1CCC(C2CCC(C3CCCC3C3CCCCC3)CC2)CC1
C1CCC(C2CCCCC2C2CCC3C(CCCC3C3CCC3)C2)CC1
C1CCC(C2CCCC(CC3CCC4CCCCC43)C2)CC1
C1CCC(CC2CCCCC2C2CCC3CCCC3C2)CC1
C1CCC(CC2CCCC(C3CCCCC3CC3CCC(C4CCCCC4)CC3)C2)CC1
C1CCC(CCC2CCCC(C3CCCCC3C3CCC(C4CCCCC4)CC3)C2)CC1
C1CCC(CC2CC(C3CC(CC4CCCCC4)C4CCCCC43)CCC2C2CCC2)CC1
C1CCC(CCC2CCC(C3CCC(CC4CCCCC4)CC3)CC2)CC1
C1CCC(CC2CCCCC2C2CCC3C(CCCC3C3CCCCC3)C2)CC1
C1CCC(CC2CCC(C3CCCCC3)CC2)CC1
C1CCC(CC2CCC(CC3CCCC(C4CCCCC4)C3)CC2)CC1
C1CCC(CCCC2CCC(CC3CCCC(C4CCCCC4)C3)CC2)CC1
C1CCC(CC2CCC(CC3CCC(C4CCCCC4)CC3)CC2)CC1
C1CCC(CCC2CCC(C3CCCCC3)C(C3CCCC3)C2)CC1
C1CCC(CC2CC(C3CCC(C4CCC4)CC3)C3CCCCC23)CC1
C1CCC(CC2CC(C3CCCC(C4CCCCC4)C3)C3CCCCC23)CC1
C1CCC(CCCC2C(CCC3CCCCC3)CCC2C2CCCCC2)CC1
C1CCC(CCC2CCC(C3CCCC(C4CCCCC4)C3)CC2)CC1
C1CCC(CCC2CC(C3CCCCC3)CCC2CC2CCCCC2)CC1
C1CCC(CCC2CCCC(C3CCCCC3)C2)CC1
C1CCC(CCCC2CCC3C(CCC3C3CCCC3)C2)CC1
C1CCC(CC2CCC(CC3CCCC(CC4CCC(C5CCCCC5)CC4)C3)CC2)CC1
C1CCC(C2CCCC(CC3CCC4CCCCC43)C2)CC1
C1CCC(C2CCC(CC3CCC(CC4CCC(C5CCCCC5)CC4)CC3)CC2)CC1
C1CCC(CCC2CCC(C3CCCC(C4CCCCC4)C3)CC2)CC1
C(CCCC1CCCC(C2CCCCC2)C1)CCCC1CC2CCCCC2C1
C1CCC(CCCCC2CCCCC2)CC1
C1CCC(C2CCC(C3CCCCC3)CC2)CC1
C1CCC(CC2CCCC(CCC3CCC4CCCCC4C3)C2)C1
C1CCC(CCC2CC(CC3CCCCC3)CCC2C2CCCC(C3CCCCC3)C2)CC1
C1CCC(C2CCC(CC3CC(C4CCCCC4)C4CCCCC34)C2)CC1
C1CCC(CC2CCC(C3CCCCC3)CC2)CC1
C1CCC(CC2CCC3CC(C4CCCCC4)CCC3C2)CC1
C1CCC(CC2CCCC3CC(C4CCCCC4)CCC23)CC1
C1CCC(CC2CCCC(C3CCCCC3)C2)CC1
C1CCC(CC2CCCC(C3CCCCC3)C2)CC1
C1CCC(C2CC(C3CCCCC3)C(CC3CC3)C(C3CCCC3)C2)CC1
C1CCC(C2CCC(CC3CC3)CC2C2CCCCC2)CC1
C1CCC(CC2CCC(C3CCCC(C4CCC(C5CCCC5)CC4)C3)CC2)CC1
C1CCC(CCC2CCC(CCCC3CCC(CCC4CC5CCCCC5C4)CC3)CC2)CC1
C1CCC(C2CCCC(C3CCC(CC4CCC5CCCCC54)CC3C3CCCC3)C2)CC1
C1CCC(CC2CCCC(C3CCCCC3)C2)CC1
C1CCC(CC2CCC(CCCC3CCC(CC4CCCCC4)CC3)CC2)CC1
C1CCC(CCC2CCC(CC3CCC(C4CCCC4)CC3)CC2)CC1
C1CCC(C2CCCCC2C2CCCC(C3CCCC3)C2)CC1
C1CCC(CCC2CCC(C3CCCCC3)CC2C2CCCCC2)CC1
C1CCC(CC2CCCCC2CC2CCC(CCC3CCC(C4CCCCC4)CC3)CC2)CC1
C1CCC(C2CCC(C3CCCCC3CC3CCC(CCC4CC5CCCCC5C4)CC3)CC2)C1
C1CCC(CCC2CCCC(C3CCCCC3)C2)CC1
C1CCC(CCC2CCC(C3CCCCC3C3CCC(C4CCCCC4)C3)CC2)CC1
C1CCC(CCCC2CC(CC3CCCCC3)CCC2C2CCCCC2)CC1
C1CCC(CCC2CCC3CC(CC4CCCCC4)CC(CC4CCCCC4)C3C2)CC1
C1CC2CCC(C3CCCCC3CCCC3CCCCC3C3CCC4CCCC4C3)CC2C1
C1CCC(CCCCC2CCCC(CC3CC(C4CCC5CCCC5C4)CCC3C3CCCC3)C2)CC1
C1CCC(CCCC2CCCCC2C2CCCCC2)CC1
C1CCC(CCCC2CCCC(C3CCC(C4CCCCC4)CC3)C2)CC1
C1CCC(CCCC2CCCC(C3CCC(CC4CCCCC4)CC3)C2)CC1
C(CCCC1CCCCC1)CCCC1CCCCC1
C1CCC(CCCC2CCC(CC3CCCCC3)CC2CCC2CCCCC2)CC1
C1CCC(CC(CC2CC3CCCCC3C2)C2CCCC(C3CCC3)C2)CC1
C1CCC(C2CC(C3CCC3)CC(C3CCCC(CCCC4CC4)C3)C2)CC1
C(CCCC1CCCC1C1CCCC(CCC2CCCCC2)C1)CCC1CCCC1
C1CCC(C2CCC(C3CCCC(CC4CCC4)C3)CC2C2CCC3CCCC3C2)CC1
C1CCC(CC2CCC(C3CCC(C4CCCCC4)CC3)C(C3CCC4CCCC4C3)C2)CC1
C1CCC(C2CCC(C3CCCC3)C(C3CCCCC3C3CCCCC3)C2)CC1
C1CCC(C2CCCCC2C2CCC(C3CCC(CCC4CCCC4)CC3)CC2)CC1
C1CCC(C2CCC(CC3CCC4CCCCC43)C(C3CCCC3)C2)C1
C1CCC(CCC2CC(CC3CCCC(CC4CCCCC4)C3)C3CCCCC23)CC1
C1CCC(CC2CCC(CC3CCCCC3)CC2)CC1
C1CCC(CC2CCC(C3CCCCC3)CC2)CC1
C1CCC(CC2CCC(C3CCC(C4CCCC4)CC3)CC2)CC1
C1CCC(CC2CCCCC2C2CCCCC2)CC1
C1CCC(C2CCC(C3CC4CCCCC4C3)CC2)CC1
C1CCC(CC2CCC(C3CCCCC3)CC2C2CCCCC2)CC1
C1CCC(CCCC2CCCCC2C2CCCCC2)CC1
C1CCC(C2CCC(CC3CCC(CC4CCCC(CC5CCCC5)C4)CC3)C2)CC1
C1CCC(CCCC2CCCC3CC(C4CCCCC4C4CCCCC4)CCC23)CC1
C1CCC(C2CC(C3CCC(C4CC(C5CCC5)CCC4CC4CC5CCCCC5C4)CC3)C2)CC1
C1CCC(CC2CCCC(C3CC(CC4CCCCC4)C4CCCCC43)C2)CC1
C1CCC(CCC2CCCC(CCC3CCCCC3)C2C2CCCC2)CC1
C1CCC(CC2CCCCC2C2CCCCC2)CC1
C1CCC(C2CCCC(C3CCC(CCCC4CC(CC5CCCC5)C5CCCCC45)CC3)C2)CC1
C1CCC(CCCC2CCCC(CC3CCCC3)C2)CC1
C1CCC(C2CCC(CC3CC(C4CCCC4)C4CCCCC34)C(C3CCC4CCCC4C3)C2)C1
C1CCC(CCC2CCCC(C3CCCC(C4CCCC(C5CCCCC5)C4)C3)C2)CC1
C1CCC(C2CCCCC2CCC2CCCCC2C2CCCC2)CC1
C1CCC(C2CCC(C3CCCCC3)C(C3CCCCC3)C2)CC1
C1CCC(CCC2CCC(C3CCCC(C4CCCCC4C4CC4)C3)CC2)C1
C1CCC(CC2CCC(C3CCCCC3)C(CC3CCCCC3)C2)CC1
C1CCC(C2CCC(CCC3CCC(C4CCC(CC5CC5)CC4)CC3)CC2)CC1
C1CCC(CC2CCCC(C3CCCC3CC3CCCCC3)C2)CC1
C1CCC(CC2CCC(C3CCCCC3)CC2)CC1
C1CCC(C2CCCC(C3CCCC(CC4CC5CCCCC5C4)C3)C2)CC1
C1CCC(CC2CCC(CCCC3CCCC(C4CCC(C5CC5)CC4)C3)CC2)CC1
C1CCC(CC2CCCC(C3CCCCC3C3CCC(C4CCCC4)C(C4CCC5CCCC5C4)C3)C2)CC1
C1CCC(CCC2CCC(CC3CCCCC3)CC2)CC1
C1CCC(CCC2CCCCC2C2CCCC(CC3CCC3)C2)CC1
C1CCC(C2CC(C3CCCCC3)C3CCCCC23)CC1
C1CCC(C2CCC(C3CCC3)CC2)CC1
C1CCC(CCCCCC2CCCCC2C2CCC3CC(C4CCCCC4)CCC32)CC1
C1CCC(C2CCC(CCC3CCC(C4CCCC4)CC3)CC2)CC1
C1CCC(C2CCCC(CCCC3CCCC(C4CC4)C3)C2)CC1
C1CCC(C2CCC(C3CCCCC3)CC2)CC1
C1CCC(C2CCC(C3CCC(C4CCC(CC5CCC(CC6CCCC6)CC5)CC4)CC3)CC2)CC1
C1CCC(C2CCCC(C3CCCC(CC(C4CCCCC4)C4CC4)C3)C2)CC1
C1CCC(CC2CCC(CC3CCCC3)CC2)CC1
C1CCC(C2CCCC(C3CCCCC3C3CCC4CCCC4C3)C2)CC1
C1CCC(C2CCCC(C3CCCCC3)C2)CC1
C1CCC(CC2CCC(C3CCCCC3)C(C(C3CC3)C3CCCCC3C3CCCCC3)C2)CC1
C1CCC(C2CCC(C3CCCC(C4CC5CCCCC5C4)C3)CC2)CC1
C1CCC(CCC2CCC(C3CCCC3)CC2)CC1
C1CCC(C2CC(CCCC3CCCC4CCCCC43)C3CCCCC32)CC1
C1CCC(CC2CCCC(C3CCCCC3)C2)CC1
C1CCC(CCCC2CCC(CC3CCCCC3)CC2C2CCCCC2)CC1
C1CCC(C2CCC(C3CCCCC3)CC2)CC1
C1CCC(C2CCCC(C3CCCCC3C3CCCCC3)C2)CC1
C1CCC(CC2CCCCC2)CC1
C1CCC2CC(C3CCC(CC4CCC5CC(C6CCC7CCCCC76)CCC45)CC3)CCC2C1
C1CCC(C2CCC(C3CC3)CC2)CC1
C1CCC(C2CCC(C3CCCCC3)C(C3CCCCC3)C2)CC1
C1CCC(CC2CCC3CC(C4CCCCC4)CCC3C2)CC1
C1CCC(C2CC(C3CCCCC3)C3CCCCC23)CC1
C1CCC(CCC2CC(CC3CCCCC3)CC(C3CCCCC3)C2)CC1
C1CCC(CC2CCC3C(C4CCCC(C5CCCC5)C4)CC(C4CCCCC4)C3C2)CC1
C1CCC(CCC2CCC(CCCC3CC4CCCCC4C3)CC2)CC1
C1CCC(C2CCCC(C3CCC(CC4CCCC(C5CC6CCCCC6C5)C4)CC3)C2)CC1
C1CCC(C2CCCC(C3CCCCC3)C2)CC1
C1CCC(C2CCC(C3CCC(C4CCCC(C5CCCCC5)C4)CC3)CC2)CC1
C1CCC(CC2CCC(CC3CCC(C4CC4)CC3)CC2)C1
C1CCC(CCCC2CCC(CCCC3CCC(C4CCCCC4)CC3)CC2)CC1
C1CCC(C2CCC3CCCC(C4CCCCC4)C3C2)CC1
C1CCC(C2CCC(C3CCCCC3C3CCCC3)CC2)CC1
C1CCC(CCCC2CCC(C3CCCCC3)CC2)CC1
C1CCC(CCC2CCC(C3CCCCC3)CC2)CC1
C1CCC(CCC2CCC3C(CCC3CC3CCCC(CC4CCCCC4)C3)C2)CC1
C1CCC(CCCCC2CCCC(C3CCCCC3)C2)CC1
C1CCC(CC2CCC(CCC3CCC(C4CCCC(CC5CCCCC5)C4)CC3)CC2)CC1
C1CCC(CC2CCC(CC3CCC(C4CCC5CCCCC5C4)C3)CC2)CC1
C1CCC(CCC2CCCC(CCC3CCC(C4CCCCC4)C3)C2)CC1
C1CCC(C2CCC(C3CCCCC3)CC2)CC1
C1CCC(CC2CCCCC2C2CCC(CC3CC(C4CCC5CCCCC54)C4CCCCC34)CC2)CC1
C1CCC(CCC2CCC(C3CCCCC3)CC2)CC1
C1CCC(CC2CCCC(C3CCC(C4CCCC(C5CCCCC5)C4)CC3)C2)CC1
C1CCC(CCC2CCC(CC3CCCCC3)C(C3CCC4CCCC4C3)C2)CC1
C1CCC(C2CCC(C3CCCC3)C(C3CCCC(CC4CC5CCCCC5C4)C3)C2)CC1
C1CCC(CCC2CCCCC2C2CCC(C3CCCCC3)CC2C2CCCCC2)CC1
C1CCC(CC2CCCC(C3CCCC(C4CCCCC4)C3)C2)CC1
C1CCC(CC2CCC(CC3CCCCC3)CC2)CC1
C1CCC(C2CC3CCCCC3C(C3CCCCC3)C2)CC1
C1CCC(CC2CC(C3CCCCC3)C3CCCC3C2C2CCCCC2)CC1
C1CCC(CCC2CCCC(CC3CCCC(C4CCC5CCCCC5C4)C3)C2)CC1
C1CCC(C2CCCCC2C2CCCCC2C2CCCCC2)CC1
C1CCC(CC2CCC(CC3CCCC(CC4CCCCC4C4CCCCC4)C3)CC2)CC1
C1CCC(C2CCC(C3CCCCC3)C(C3CCCC3)C2)CC1
C1CCC(CC2CCC(CC3CCCC(CC4CCCCC4)C3)CC2)CC1
C1CCC(CC2CCCC(CC3CCCCC3)C2)CC1
C1CC(C2CCC(CC3CCCC(C4CC(C5CCCC5)C5CCCCC45)C3)CC2)C1
C1CCC(CC2CCC(C3CCCCC3C3CCC4CCCCC4C3)CC2)CC1
C1CCC(C2CCCCC2C2CCC3C(CC4CCC4)CCCC3C2)CC1
C1CCC(C2CCCC(C3CCCCC3)C2)CC1
C1CCC(CCC2CC(C3CCC(C4CCCCC4)CC3)C3CCCCC23)CC1
C1CCC(C2CCC(C3CCCC(C4CCCC4)C3)CC2)CC1
C1CCC(C2CCC(C3CCCCC3)CC2)CC1
C1CCC(CC2CCCCC2C2CCCCC2)CC1
C1CCC(CCCC2CCC(CCC3CC4CCCCC4C3)CC2)CC1
C1CCC(CC2CCC(CC3CCC(C4CCCCC4)CC3)CC2)CC1
C1CCC(CC2CCC(C3CCCCC3)CC2)CC1
C1CCC(CC2CCCCC2CC2CCCC(CC3CCC(C4CC4)CC3)C2)CC1
C1CCC(CC2CCC(CC3CCCCC3C3CCC4CCCCC4C3)CC2)CC1
C1CCC(CCC2CCCC(CCC3CCCCC3)C2)CC1
C1CCC(CCC2CCCC(C3CCC(C4CCCCC4)CC3)C2)CC1
C1CCC(CC2CC(C3CCC(CC4CCC5CCCCC54)CC3)C3CCCCC23)CC1
C1CCC(CC2CCC(CC(CCC3CC3)C3CCCCC3)C(CC3CCCCC3)C2)CC1
C1CCC(CCC2CCC(CC3CCCC(CC4CC5CCCCC5C4)C3)CC2)CC1
C1CCC(CC2CCC(CCC3CCCC(C4CCCCC4)C3)CC2)CC1
C1CCC(CCCC2CCC(C3CCC(C4CCCCC4)CC3)CC2)CC1
C1CCC(CC2CC3CCCCC3C(CC3CCC(CCCC4CCC5CCCCC54)CC3)C2)CC1
C1CCC(CC2CCCC(C3CCCCC3C3CCCCC3)C2)CC1
C1CCC(CCCC2CCC(CC3CCCCC3)CC2)CC1
C1CCC(C2CCCC(C3CCCC(CC4CCC5CCCCC54)C3)C2)CC1
C(CCC1CCC(C2CC3CCCCC3C2)CC1)CCC1CCCC(CCC2CCCC2)C1
C1CCC(CC2CCC(C3CCCC(C4CCCCC4)C3)C(C3CCCCC3)C2)CC1
C1CCC(CC2CC(C3CCCCC3)CC(C3CCCCC3)C2)CC1
C1CCC(CCCC2CCC(CCCC3CCCCC3)C(CCC3CCCCC3)C2)CC1
C1CCC(CC2CCC(C3CCCCC3)CC2C2CCCCC2)CC1
C1CCC(C2CCC(C3CCCC(CCC4CCCC4)C3)CC2)CC1
C1CCC(CC2CCCCC2CC2CCCCC2)CC1
C1CCC(CC2CCC(CC3CC4CCCCC4C3)CC2)CC1
C1CCC(C2CCCCC2)CC1
C1CCC(C2CCCC(CC3CCCC(C4CCCC(C5CCCC5)C4)C3)C2)CC1
C1CCC(C2CCCC(C3CCC4C(CCC4C4CCCCC4)C3)C2)CC1
C1CCC(CC2CCC3CC(CC4CCCC(C5CCC(C6CCCCC6)CC5)C4)CCC23)CC1
C1CCC(CCCC2CCC(CCC3CCCCC3)CC2)CC1
C1CCC(C2CCC(C3CCCC(C4CCCCC4)C3)CC2)CC1
C1CCC(CCC2CCCC(CC3CCCCC3)C2)CC1
C1CCC(CCCC2CCCC(C3CC(CC4CCCCC4)C4CCCCC43)C2)CC1
C1CCC(CCCCCC2CCCCC2)CC1
C1CCC(CC2CCCCC2)CC1
C1CCC(CC2CCC(C3CCC(C4CCCCC4)CC3)C(C3CCCCC3)C2)CC1
C1CCC(CC2CCC(CC3CCCCC3)CC2)CC1
C1CCC(CCC2CCCC(CC3CCC(C4CCCCC4)CC3)C2)CC1
C1CCC(CC2CCCC3CC(C4CCCCC4CC4CCC5CCCC5C4)CCC23)CC1
C1CCC(CC2CCC(CC3CCC(C4CCCCC4)C(C4CCCC(C5CCCCC5)C4)C3)CC2)CC1
C1CCC(C2CCCC(C3CCCCC3C3CCC(CC4CCCC4)CC3)C2)CC1
C1CCC(C2CCC(C3CCC(CC4CCCC(C5CCC6CCCC6C5)C4)CC3)CC2)CC1
C1CCC(C2CCCC(C3CCC4CC(C5CCC6CCCCC65)CC(C5CCCC5)C4C3)C2)CC1
C1CCC(CC2CCCC(CC3CCC4CCCCC43)C2)CC1
C1CCC(C2CCC3CCC(C4CCC(C5CCCCC5C5CCCCC5)C(C5CCCC5)C4)CC32)CC1
C(CCCC1CCCC(CCC2CCCCC2)C1)CCC1CCCCC1
C1CC(CC2CC3CCCCC3C2)CC(CC2CC3CCC(C4CCCCC4C4CCCC4)CC3C2)C1
C1CCC(CC2CCCCC2C2CCCCC2C2CC3CCCCC3C2)CC1
C1CCC(CC2CCC(C3CCCC(C4CCCC4)C3)CC2)CC1
C1CCC(CC2CCC(C3CCC(C4CC4)CC3)CC2)CC1
C1CCC(CC2CCC(CCCC3CCC(CC4CC4)CC3)CC2)CC1
C1CCC(CC2CCC(CCCC3CCCC(C4CCCC4)C3)CC2)CC1
C1CCC(CC2CCC(C3CCCCC3)CC2)CC1
C1CCC(CCC2CCC(C3CC(C4CCCCC4)CCC3CCC3CCCCC3)CC2)CC1
C1CCC(C2CC(C3CCC(C4CCCC(CC5CC6CCCCC6C5)C4)CC3)C2)CC1
C1CCC(CC2CCCC(C3CC(C4CC4)CCC3CC3CCCCC3)C2)CC1
C1CCC(CC2CCC(CC3CCCCC3C3CCCCC3)CC2)CC1
C1CCC(C2CCCCC2C2CCCCC2C2CCCCC2)CC1
C1CCC(C2CCC(CC3CCCC4CC(C5CCCCC5)CCC34)C2)CC1
C1CCC(C2CCCCC2CCCC2CC3CCCCC3C2)CC1
C1CCC(CCCC2CCC(CC3CCCCC3)CC2)CC1
C1CCC(CC2CCC(CC3CC3)CC2CCC2CCC(C3CCCCC3)CC2)CC1
C1CCC(C2CCCC(C3CCCCC3C3CCCCC3)C2)CC1
C1CCC(CCC2CCCCC2C2CCC3C(CCCC3C3CCCCC3)C2)CC1
C1CCC(C2CCC(CC3CCC(C4CCCCC4)CC3)CC2)CC1
C1CCC(C2CCCCC2CC2CC3CCCCC3C2)CC1
C1CCC(CCC2CCCC(CCC3CC4CCCCC4C3)C2)CC1
C1CCC(C2CCCC(CC3CCCC(C4CCCC(C5CCC(C6CCC7CCCCC76)CC5)C4)C3)C2)C1
C1CCC(CC2CCCCC2C2CCC3CCCCC3C2)CC1
C1CCC(CC2CCCCC2C2CCCCC2)CC1
C1CCC(C2CCC(CCC3CCC(CC4CCCCC4C4CCCC4)CC3)CC2)CC1
C1CCC(CCCC2CC(C3CCC4CCCC4C3)CCC2CC2CCCCC2)CC1
C1CCC(CCC2CCC(C3CCCC(C4CCCCC4)C3)CC2)CC1
C1CCC(CCC2CCCC(C3CCCCC3)C2)CC1
C1CCC(CC2CC(C3CCCCC3)CCC2C2CCCCC2)CC1
C1CCC(C2CCC(CC3CCCC(CCC4CCCC5CCCCC54)C3)CC2)CC1
C1CCC(C2CCC(C3CCC(C4CCC(C5CCCCC5)CC4)CC3)CC2)CC1
C1CCC(CCC2CCC(C3CCCCC3C3CCCCC3)CC2)CC1
C1CCC(C2CCC(CC3CCC(C4CCCC4)CC3)CC2)CC1
C1CCC(C2CCCCC2C2CCCCC2)CC1
C1CCC(CC2CCCC(CCC3CCCC(CCC4CCC5CCCCC54)C3)C2)CC1
C1CCC(CCC2CCCCC2CC2CCCCC2)CC1
C1CCC(C2CCCCC2C2CCCCC2)CC1
C1CCC(C2CC(C3CCCCC3)C3CCCCC23)CC1
C1CCC(C2CCC(C3CCC4CCCCC43)CC2)CC1
C1CCC2CC(C3CCC(CC4CCCCC4C4CCCC4)CC3)CC2C1
C1CCC(C2CCCC(C3CCCCC3CC3CCC(CC4CC4)CC3)C2)CC1
C1CCC(CC2CCCCC2)CC1
C1CCC(C2CCCC(C3CC(C4CCC5CCCCC54)CC4CCCCC43)C2)CC1
C1CCC(CC2CCCC(C(C3CCCCC3)C3CCCCC3)C2)CC1
C1CCC(CC2CCC(CC3CCC4CCCCC4C3)CC2)CC1
C1CCC(CC2CCCCC2CC2CCCCC2)CC1
C1CCC(C2CCC(C3CCCC(C4CCCC4)C3)CC2)C1
C1CCC(C2CCC(CCC3CCCC(C4CCCC4)C3)CC2)CC1
C1CCC(CCCCC2CCCC(CC3CCCCC3)C2)CC1
C1CCC(CC2CCC(CC3CCC(C4CCCC(C5CCCCC5)C4)CC3)CC2)CC1
C1CCC(C2CCC(CCC3CCCC3)CC2)CC1
C1CCC(CC2CC(C3CCCCC3)C(C3CCCCC3C3CCCCC3)C2)CC1
C1CCC(CC2CCCC(CC3CC(C4CCCCC4)CC(C4CCCCC4)C3)C2)CC1
C1CCC(C2CCC(C(CC3CCCC3)C3CCCCC3)CC2)CC1
C1CCC(CCC2CCC3C(CCCC3C3CCC(CC4CC5CCCCC5C4)CC3)C2)C1
C1CCC(CC2CCCC(C3CCCCC3)C2)CC1
C1CCC(C2CCCC(CC3CCC(CCC4CCCC(CC5CCC6CCCCC65)C4)CC3)C2)CC1
C1CCC(CCC2CCCC(C3CCC(C4CCC(CC5CCCCC5)CC4)CC3)C2)CC1
C1CCC(C2CCCC(C3CCC(C4CCCCC4C4CCCCC4C4CCCC4)CC3)C2)CC1
C1CCC(C2CC(C3CCCCC3)C3CCCCC23)CC1
C1CCC(CCC2CCCC(CCC3CC3)C2)CC1
C1CCC(CCCCCC2CCC(C3CCC(CC4CCCC4)CC3)CC2)CC1
C1CCC(CCC2CCCCC2C2CCCCC2)CC1
C1CCC(CC2CCCCC2C2CCCCC2)CC1
C1CCC(C2CCC(C3CCCC(C4CCC5CCCC5C4)C3)CC2)CC1
C1CCC(CCCCCC2CCCC(CC3CCCCC3)C2)CC1
C1CCC(CCC2CCC(C3CCCCC3C3CCCC3)CC2)CC1
C1CCC(C2CCCC2C2CCCCC2CCC2CCC(C3CC3)CC2)CC1
C1CCC(C2CC(C3CCCC3)CC(C3CCCC(C4CCCC4)C3)C2)CC1
C1CCC(CCC2CC(CCCC3CC4CCCCC4C3)CC(C3CCCCC3)C2)CC1
C1CCC(CC2CCC(CC3CCC(C4CCCCC4)CC3)CC2)CC1
C1CCC(C2CCCC(CCC3CCC4CC(C5CC6CCCCC6C5)CCC34)C2)CC1
C1CCC(CC2CCC(CC3CCCC(C4CCCC(C5CCCCC5)C4)C3)CC2)CC1
C1CCC(C2CCCC3CC(CC4CC5CCCCC5C4)CCC32)CC1
C1CCC(CCC2CC(C3CCCCC3)CC(C3CCCCC3)C2)CC1
C1CCC(CC2CCC(CC3CCCCC3)CC2)CC1
C1CCC(CC2CCCCC2)CC1
C1CCC(CCC2CCC(C3CCCC4CC(C5CCCCC5)CCC43)CC2)CC1
C1CCC(CC2CCC(C3CCC(C4CC4)CC3CC3CCCC3)CC2)CC1
C1CCC(CC2CCC(CCC3CCC(C4CCC(C5CCCCC5)CC4)CC3)CC2)CC1
C1CCC(CCC2CC(C3CCCCC3)C3CC(CC4CCCCC4)CCC23)CC1
C1CCC(CCC2CCCC3CC(C4CCCCC4CC4CCCCC4)CCC23)CC1
C1CCC(CC2CCCCC2CC2CCCCC2)CC1
C1CCC(CCC2CC(CC3CCCCC3)CC(C3CCCC3)C2)CC1
C1CCC(CCC2CCC(CC3CCCCC3)CC2)CC1
C1CCC(C2CCC(C3CCC(CCCC4CCCC(C5CCCCC5)C4)CC3)CC2)CC1
C1CCC(CC2CCC(CC3CC(C4CC4)CCC3CC3CCC(CC4CC4)CC3)CC2)CC1
C1CCC(C2CCCC(CCCC3CCC(C4CCCC(C5CCCCC5)C4)CC3)C2)CC1
C1CCC(C2CCC(C3CCCCC3)CC2)CC1
C1CCC(C2CCCC(C3CCC(C4CCCCC4C4CCCC4)CC3)C2)CC1
C1CCC(CCCC2CCC(C3CCCC(CC4CC5CCCCC5C4)C3)CC2)CC1
C1CCC(CCCC2CCCCC2C2CCC3CCCC3C2)CC1
C1CCC(C2CC(C3CCCCC3)CC(C3CCCCC3)C2)CC1
C1CCC(CCC2CCC(CC3CCC(CC4CCC(C5CCCCC5)CC4)CC3)CC2)CC1
C1CCC(C2CCCC(CCC3CC4CCCCC4C3)C2)CC1
C1CCC(CCCC2CC(CCC3CCCCC3)CCC2C2CCCCC2)CC1
C1CCC(C2CCCC(CCCC3CCCC(C4CC4)C3)C2)CC1
C1CCC(CC2CCC(C3CCCC(CC4CC5CCCCC5C4)C3)CC2)CC1
C1CCC(CC2CCC(CC3CCCC(C4CCCCC4)C3)CC2)CC1
C1CCC(CC2CCC(C3CCCCC3)CC2)CC1
C1CCC(C2CCC(CCC3CCC(C4CCC(CC5CCC(CCC6CCCC6)CC5)CC4)CC3)CC2)CC1
C1CCC(CCC2CCC(C3CCC(CCC4CCCCC4C4CCCCC4)CC3)CC2)CC1
C1CCC(C2CCC3CCCC(C4CCC(C5CCCCC5C5CCCCC5)C4)C3C2)CC1
C1CCC(CC2CCC(CC3CCCC(C4CCCC(C5CC5)C4)C3)CC2)CC1
C1CCC(C2CCC(CC3CCC(C4CCC(C5CCCC(C6CCCCC6)C5)CC4)CC3)CC2)CC1
C1CCC(CCCC2CCCC(CC3CCCC3)C2)CC1
C1CCC(CC2CCC(C3CCC(C4CCCCC4)CC3C3CCCCC3)C2)CC1
C1CCC(CC2CCC(C3CC(CC4CCCCC4)C4CCCCC43)CC2)CC1
C1CCC(C2CCC(CCCC3CCC3)C(C3CCCC3)C2)CC1
C1CCC(CC2CCCC(CC3CCCCC3)C2)CC1
C1CCC(CC2CCCC(C3CC4CCCC4CC3CC3CC3)C2)CC1
C1CCC(CC2CC(C3CCCCC3)C3CCC(C4CCCCC4)CC23)CC1
C1CCC(C2CCCC(C3CCC(CC4CCC(C5CCC6CCCCC65)CC4)C3)C2)C1
C1CCC(CCCC2CCC(C3CCCCC3C3CCCCC3)CC2)CC1
C1CCC(CC2CCCC(C3CCCCC3)C2)CC1
C1CCC(CC2CCCC(C3CCCC(C4CCCCC4)C3)C2)CC1
C1CCC(CC2CCC(CC3CCCCC3)CC2)CC1
C1CCC(CCC2CCCC(CC3CCCCC3)C2)CC1
C1CCC(C2CCCCC2CCCCC2CCCC(C3CCC(CC4CCC(C5CC5)CC4)CC3)C2)CC1
C1CCC(C2CCCC(C3CCCCC3)C2)CC1
C1CCC(CCCC2CCC(CC3CCCCC3)CC2)CC1
C1CCC(CCC2CCC(C3CCCCC3CC3CCCCC3)CC2)CC1
C1CCC(CCCCC2CC3CCCCC3C(C3CCCCC3)C2)CC1
C1CCC(CC2CCCCC2C2CCCCC2)CC1
C1CCC(CC2CCCC(CCCCC3CCCCC3C3CCCC3)C2)CC1
C1CCC(C2CCC(C3CC(C4CCC5CCCCC54)CC4CCCCC43)CC2)C1
C1CCC(CCC2CCCCC2C2CCC3CCCCC32)CC1
C1CCC(C2CCCC(CC3CCCCC3C3CCCCC3)C2)CC1
C(CCCC1CCC(CCC2CCCCC2)CC1)CCCC1CCCC(C2CCCCC2)C1
C1CCC(C2CCCC(C3CCCCC3)C2)CC1
C1CCC(CCCCC2CC(C3CCC(CCC4CCCCC4)CC3)C3CCCCC23)CC1
C1CCC(C2CC(CC3CCCC(C4CCCC(CCC5CC5)C4)C3)C3CCCCC32)CC1
C1CCC(C2CCC(C3CCCCC3)C(C3CCCCC3)C2)CC1
C1CCC(CC2CC(CC3CCCC(C4CCCCC4)C3)C3CCCCC23)CC1
C1CCC(CCC2CCCC2C2CCCC(CC3CCCCC3)C2)CC1
C1CCC(C2CCC(C3CCC(C4CCC5CCCCC54)CC3)CC2)CC1
C1CCC(CC2CCC(CC3CCC(C4CCCCC4)CC3)CC2)CC1
C1CCC(CCCC2CCC(CCC3CCC(CC4CCCCC4)CC3)CC2)CC1
C1CCC(CCC2CCC(CC3CCCCC3)CC2)CC1
C1CCC(CCC2CCC(CCCC3CCC(C4CCCC(C5CC5)C4)CC3)CC2)CC1
C1CCC(C2CCCC(C3CCCCC3C3CCCC3)C2)CC1
C1CCC(CC2CCC(C3CCCCC3)CC2C2CCCC2)CC1
C1CCC(CC2CCC(CC3CCCCC3)CC2)CC1
C1CCC(C2CCCC(C3CCC(C4CCCCC4C4CCC5CCCC5C4)C4CCCC34)C2)CC1
C1CCC(C2CCC(C3CCCC(C4CCCCC4)C3)CC2)CC1
C1CCC(CC2CCC(C3CCC(C4CCCCC4)CC3)CC2)CC1
C1CCC(CC2CCC(C3CCCCC3)C(C3CCCCC3CC3CCCCC3)C2)CC1
C1CCC(CCCC2CCC(CCCC3CCC(CC4CCCCC4)CC3)CC2)CC1
C1CCC(CCC2CCC(C3CCCCC3)CC2)CC1
C1CCC(CCC2CCC(CC3CCCC(CC4CC4)C3)CC2)CC1
C1CCC(C2CCC(C(C3CCCCC3)C3CC3)CC2)CC1
C1CCC(CCC2CCCC(C3CCCCC3)C2)CC1
C1CCC(C2CCC(C3CCC4CCCCC43)CC2)CC1
C1CCC(CC2CCC(C3CCCCC3)CC2)CC1
C1CCC(C2CCCCC2)CC1
C1CCC(CC2CCCC(C3CCCC(C4CCCCC4)C3)C2)CC1
C1CCC(C2CCCCC2)CC1
C1CCC(CC2CCC(C3CCC(C4CCCCC4CCC4CCC5CCCC5C4)CC3)CC2)CC1
C1CCC(CCC2CCCC(C3CCCCC3)C2)CC1
C1CCC(CC2CCCCC2C2CCCC(C3CCCC(CC4CCCC4)C3)C2)CC1
C1CCC(CCC2CCCC(C3CC4CCCCC4C3)C2)CC1
C1CCC(CC2CCC(CCC3CCC(C4CCCCC4)CC3)CC2)CC1
C1CCC(CC2CCCC(C3CCC(C4CCCCC4)CC3)C2)CC1
C(CCC1CCCC(C2CCCCC2)C1)CCC1CC2CCCCC2C1
C1CCC(C2CCCC(C3CCCCC3C3CCCC3)C2)CC1
C1CCC(CC2CCC(C3CCCCC3C3CCCCC3CC3CCCCC3)CC2)CC1
C1CCC(CC2CCC3CCC(C4CCCCC4C4CCC(C5CCCC5)CC4)CC3C2)CC1
C1CCC(CCC2CCCC(CC3CCCCC3)C2)CC1
C1CCC(CCC2CCCCC2C2CCCC(C3CCCCC3)C2)CC1
C1CCC(C2CCC(C3CCCCC3C3CCCCC3)C(C3CCCC3)C2)CC1
C1CCC(C2CCC(C3CCCC(C4CCCCC4)C3)CC2)CC1
C(CCCC1CCCC(CCC2CCC3CCCC3C2)C1)CCC1CCCCC1
C1CCC(CC2CCCC(C3CCCCC3)C2)CC1
C1CCC(CCC2CCCC(CC3CCCCC3)C2)CC1
C1CCC(CC2CCC(C3CCC(C4CCCCC4)CC3)CC2)CC1
C1CCC(CC2CCCCC2CC2CCC(CC3CCCC3)CC2)CC1
C1CCC(CC2CCC(C3CC(C4CCCCC4)C4CCCCC34)CC2C2CCCC2)CC1
C1CCC(CCCC(CC2CCCCC2)C2CCCCC2)CC1
C1CCC(CCCC2C(CCC3CCCCC3)CCC2C2CCCCC2)CC1
C1CCC(C2CCCC(C3CCC(C4CCCCC4CC4CCC5CCCC5C4)CC3)C2)C1
C1CCC(C2CCC(C3CCCC3)CC2C2CCCCC2)CC1
C1CCC(CCC2CC(CC3CCC(C4CCC5CCCCC54)CC3)C3CCCCC23)CC1
C1CCC(C2CCCC(C3CCCC(C4CCC4)C3)C2)CC1
C1CCC(CC2CCCC(C3CCCCC3)C2)CC1
C1CCC(CCC2CCC(CCC3CCCCC3)CC2)CC1
C1CCC(C2CCCCC2)CC1
C1CCC(CC2CCC(CCC3CCCC(C4CCCCC4)C3)CC2)CC1
C1CCC(CC2CC(CCC3CCCC(C4CCC5CCCCC54)C3)C3CCCCC23)CC1
C1CCC(CCCCC2CCCCC2CC2CCCCC2CC2CCCCC2)CC1
C1CCC(C2CCCC(C3CCCCC3)C2)CC1
C1CCC(C2CCC(CC3CCC(C4CCC4)CC3)CC2)CC1
C1CCC(C2CCCCC2)CC1
C1CCC(C2CCCC(C3CCC(CC4CCC5CCCCC5C4)CC3)C2)CC1
C1CCCCC1
C1CCC(C2CCCCC2C2CCCC(C3CCCC3)C2)CC1
C1CCC(CCC2CCC(CC3CCC(C4CC5CCCCC5C4)CC3)CC2)CC1
C1CCC(C2CCCC(CC3CC4CCCCC4C(C4CCCCC4)C3)C2)CC1
C1CCC(CC2CC(CCC3CCC(C4CCC5CCCCC5C4)CC3)C3CCCCC23)CC1
C1CCC(C2CCCCC2C2CCC3CCCCC32)CC1
C1CCC(C2CCC3CC(C4CC(C5CCCCC5)C5CCCCC45)CCC32)CC1
C1CCC(CCC2CC(C3CCCCC3C3CCC4CCCC4C3)C3CCCCC23)CC1
C1CCC(C2CCC(C3CCCC(CC4CC5CCCCC5C4)C3)C2)CC1
C1CCC(CC2CCC(CCC3CCCC(C4CCCC4)C3)CC2)CC1
C1CCC(C2CCC(C3CCCCC3CCC3CCC(CC4CCCC4)CC3)C2)CC1
C1CCC(C2CCCC(C3CCCC(C4CCCC(CCC5CC5)C4)C3)C2)CC1
C1CCC(CC2CCCCC2CCC2CCCCC2C2CCCCC2C2CCCC2)CC1
C1CCC(CC2CCCC(C3CCC(C4CCCC4)CC3)C2)CC1
C1CCC(C2CCC(C3CCCC(C4CC4)C3)C(C3CCCCC3)C2)CC1
C1CCC(CC2CCCC(CCC3CCCC(C4CC4)C3)C2)CC1
C1CCC(CC2CCC(C3CCC(C4CCCCC4C4CCCCC4)CC3)CC2)CC1
C1CCC(CCC2CCCC(C3CCCCC3)C2)CC1
C1CCC(CC2CCCC3CC(C4CCCCC4C4CCCCC4)CCC23)CC1
C1CCC(C2CCC(CC3CCCC(C4CCCC4)C3)CC2)CC1
C1CCC(CC2CCCC(CC3CCCCC3)C2)CC1
C1CCC(C2CCC(C3CCCCC3C3CCCC3)CC2)CC1
C1CCC(C2CCC(C3CCC(CC4CCCC(CCC5CCCC5)C4)CC3)CC2)CC1
C1CC(CC2CCC(C3CCCC(C4CC5CCCCC5C4)C3)CC2)C1
C1CCC(CCCC2CCCC(C3CCC4CCCCC43)C2)CC1
C1CCC(CCC2CCCC(CC3CCCCC3)C2)CC1
C1CCC(C2CCCCC2C2CCCCC2)CC1
C1CCC(CC2CC(C3CCCCC3)C3CCCCC23)CC1
C1CCC(CC2CCCC(C3CCCC(C4CCCCC4)C3)C2)CC1
C1CCC(C2CCCC(C3CC(C4CCCCC4)CC(C4CCCC4)C3)C2)CC1
C1CCC(CC2CCC(C3CC(C4CCCCC4)CCC3C3CCCC4CCCCC43)CC2)CC1
C1CCC(C2CCC(C3CCC(C4CCC4)CC3C3CC4CCCCC4C3)CC2)CC1
C1CCC(C2CCC(CCCC3CC4CCC(C5CCCCC5)CC4C(C4CCCCC4)C3)C2)CC1
C1CCC(C2CCCC(C3CCCC3)C2C2CCCCC2)CC1
C1CCC(CC2CCCCC2C2CC3CCCCC3C2)CC1
C1CCC(CC2CCCC(C3CCCC(C4CCC5CCCCC5C4)C3)C2)CC1
C1CCC(CCC2CCCC(CC3CC(C4CCCCC4)CC(C4CCCC4)C3)C2)CC1
C1CCC(CC2CCCC(C3CCCC(C4CCCC(C5CCC(C6CCCC6)CC5)C4)C3)C2)CC1
C1CCC(CC2CCC(CCCCC3CCC(C4CCCCC4)CC3)CC2)CC1
C1CCC(CC2CCC(C3CCC(CC4CCCCC4)CC3)CC2)CC1
C1CCC(C2CCC(CC3CCC(CCCCC4CCC4)CC3)CC2)CC1
C1CCC(C2CCCC(CC3CCCC(C4CCC5CCCCC5C4)C3)C2)CC1
C1CCC(CC2CCCC(C3CC4CCCCC4C3)C2)CC1
C1CCC(CCC2CCC(C3CCCCC3)CC2)CC1
C(CCC1CCCCC1CC1CCC2CCCCC2C1)CC1CC2CCCCC2C1
C1CCC(CC2CCC(CC3CCC4CCCCC43)CC2)CC1
C1CCC(C2CCCC(CC3CC(CC4CCCC4)C4CCC(C5CCCC5)CC34)C2)CC1
C1CCC(CC2CCC(C3CCCCC3)CC2)CC1
C1CCC(C2CC3CC(C4CCCCC4C4CCCCC4)CCC3C(C3CC3)C2)CC1
C1CCC(CC2CCCC(C3CCCCC3)C2)CC1
C1CCC(CCCCC2CCCCC2)CC1
C1CCC(CC2CCC(CC3CCCC(C4CCCCC4)C3)CC2)CC1
C1CCC(CCC2CC(C3CCCC3)CC(C3CCCC(C4CCCCC4)C3)C2)CC1
C1CCC(CC2CCC(CCC3CCCCC3C3CCC4CCCCC4C3)CC2)CC1
C1CCC(CCC2CCCC(CC3CCCCC3)C2)CC1
C1CCC(CCCCC2CCC(C3CCC4CCCCC4C3)CC2)CC1
C1CCC(CC2CCC(C3CCCCC3)CC2)CC1
C1CCC(C2CCCC(C3CCCCC3)C2)CC1
C1CCC(CCC2CCCC(C3CCC(CCC4CCCC4)CC3)C2)CC1
C1CCC(CC2CC(C3CCC(C4CCCC(CCC5CCC6CCCC6C5)C4)CC3)C3CCCCC23)CC1
C1CCC(CCCC2CC(CC3CCCCC3)CCC2CC2CC3CCCCC3C2)CC1
C1CCC(C2CCC(CC3CCCCC3C3CCC4CCCCC4C3)CC2)CC1
C1CCC(CCC2CCC(CC3CCCCC3)C(C3CCCCC3)C2)CC1
C1CCC(CCCC2CCCC(C3CCCCC3C3CCCCC3)C2)CC1
C1CCC(CC2CCC(CCC3CCCC(C4CCCCC4)C3)CC2)CC1
C1CCC(CCC2CCCCC2C2CCCC(C3CCCCC3)C2)CC1
C1CCC(C2CCCC(CCC3CC4CCCCC4C3)C2)CC1
C1CCC(CC2CCCC(CC3CCCC(C4CC5CCCCC5C4)C3)C2)CC1
C1CCC(CCC2CCCC(C3CCCC(CC4CCCC(C5CC5)C4)C3)C2)CC1
C1CCC(C2CCCC(C3CCCC(C4CCCCC4)C3)C2)CC1
C1CCC(C2CCCC(C3CCCCC3C3CCCCC3)C2)CC1
C1CCC(CCC2CCCCC2CC2CCCCC2)CC1
C1CCC(C2CCCC(C3CC(C4CCCCC4)CC(C4CC4)C3)C2)CC1
C1CCC(C2CCCC(C3CCCC(C4CC4)C3)C2)CC1
C1CCC(CC2CCCC(CCC3CCCCC3C3CCCCC3)C2)CC1
C1CCC(CCC2CCCC(C3CCCCC3)C2)CC1
C1CC2CCC(C3CCC(CCCC4CCCCC4C4CCC(C5CC5)CC4)CC3)CC2C1
C1CCC(CC2CCC(CCCC3CCCC(C4CCCCC4)C3)CC2)CC1
C1CCC(C2CCC(CCC3CCCC(CC4CC5CCCC(C6CCCC6)C5C4)C3)CC2)CC1
C1CCC(CC2CCCCC2)CC1
C1CCC(CC2CCCCC2C2CCCCC2C2CCC3CCCC3C2)CC1
C1CCC(C2CCCC(CCCC3CCC(CC4CCC5CCCC5C4)CC3)C2)CC1
C1CCC(C2CCC(C3CCCCC3CC3CC3)CC2)CC1
C1CCC(CC2CCC(C3CCCCC3)CC2)CC1
C1CCC(CCCCC2CCC(C3CCCCC3)CC2)CC1
C1CCC(C2CCCC3CC(C4CCCCC4CCC4CCCC4)CCC32)CC1
C1CCC(CCC2CC(C3CCC4CCCCC43)CC3CCC(C4CCCCC4)CC23)CC1
C1CCC(CCC2CCC(C3CCCCC3CCC3CCCCC3)C2)CC1
C1CCC(C2CCC(C3CCC4CCCCC4C3)CC2)CC1
C1CCC(CC2CCCC(C3CCCCC3)C2)CC1
C1CCC(C2CC(C3CCCCC3)C3CCCCC23)CC1
C1CCC(CC2CC(C3CC3)CCC2CC2CCC(CCC3CCCC(C4CC4)C3)CC2)CC1
C1CCC(C2CCCC(C3CCCCC3C3CCCCC3)C2)CC1
C1CCC(CCCC2CCC(CC3CCC(CCC4CCC(C5CCCC5)CC4)CC3)CC2)CC1
C1CCC(C2CCCC(C3CCC(CCC4CC5CCCCC5C4)CC3)C2)C1
C1CCC(CC2CCC(CC3CCCCC3)CC2)CC1
C1CCC(CC2CCCCC2C2CCCC(CC3CC4CCCCC4C3)C2)CC1
C1CCC(C2CCC(CC3CCC(C4CC4)CC3)C(C3CCC4CCCC4C3)C2)CC1
C1CCC(CC(C2CCCCC2)C2CCC(C3CCCCC3)CC2)CC1
C1CCC(C2CCCC(C3CCCC(C4CCCC(CC5CCC6CCCC6C5)C4)C3)C2)CC1
C1CCC(CCC2CCC(CC3CCCC(CC4CCCCC4)C3)CC2)CC1
C1CCC(C2CCCC(C3CCCC(C4CCCCC4)C3)C2)CC1
C1CCC(CC2CCCC(C3CCCC(C4CCCCC4)C3)C2)CC1
C1CCC(CC2CCCCC2C2CCC(C3CC(C4CCCCC4)C4CCCCC34)CC2)CC1
C1CCC(C2CCCC(CC3CCCC(C4CCCCC4)C3)C2)CC1
C1CCC(CC2CCCCC2C2CCCCC2)CC1
C1CCC(C2CCC(C3CCCCC3C3CCCCC3)CC2)CC1
C1CCC(CC2CCCC(CC3CCC4CCCC4C3)C2)CC1
C1CCC(CC2CCCCC2C2CCCCC2)CC1
C1CCC(CCCC2CCCC(C3CCCC(C4CCCCC4)C3)C2)CC1
C1CCC(C2CCCC(CC3CC(C4CCCCC4)C4CCCCC34)C2)CC1
C1CCC(CC2CCCC(C3CCCCC3CC3CCCCC3)C2)CC1
C1CCC(C2CCCC(C3CCCC(C4CCCCC4)C3)C2)CC1
C1CCC(CC2CCC(C3CCCCC3)CC2)CC1
C1CCC(C(C2CCCCC2)C2CCCC(C3CC(C4CCC4)CC(C4CC4)C3)C2)CC1
C1CCC(CC2CCCC(CC3CCCC(CC4CCCCC4)C3)C2)CC1
C1CCC(C2CCC(CC3CCC(CCC4CC4)CC3)CC2)CC1
C1CCC(CC2CCCC(C3CCCCC3)C2)CC1
C1CCC(C2CCC(C3CCCCC3)CC2)CC1
C1CCC(CC2CCC(CC3CCCCC3)CC2)CC1
C1CCC(C2CCC(CC3CCC4CCCCC43)CC2)CC1
C1CCC(C2CCC(C3CCCCC3)C(C3CCCC3)C2)CC1
C1CCC(CCC2CC(C3CCCCC3)C(CC3CCCCC3)C(C3CCCC3)C2)CC1
C1CCC(C2CCC(CCCCC3CCC(CC4CCC(C5CCCCC5)CC4)CC3)CC2)CC1
C1CCC(CC2CC(C3CCCC(CC4CC5CCCCC5C4)C3)C3CCCCC23)CC1
C1CCC2CC(CC3CCC(C4CCC5CCCC5C4)CC3)CC2C1
C1CCC(C2CCC(C3CCCCC3C3CCCCC3)C3CCCC23)CC1
C1CCC(CCCC2CCC(CC3CCC(CC4CCCCC4)CC3)CC2)CC1
C1CCC(C2CCCCC2C2CCC(CCCC3CCCC(C4CCC4)C3)CC2)CC1
C1CCC(C2CCCCC2C2CCC(C3CCCCC3)C(C3CCCCC3)C2)CC1
C1CCC(CCC2CCCC(CC3CCCCC3)C2)CC1
C1CCC(C2CCCC(CCC3CCC(CCCC4CC5CCCCC5C4)CC3)C2)CC1
C1CCC(CCC2CCCC(CC3CCCC(C4CCCCC4)C3)C2)CC1
C1CCC(CCC2CCCC(C3CCCC(CC4CCCCC4)C3)C2)CC1
C1CCC(CC2CCC(C3CCCCC3)CC2)CC1
C1CCC(C2CCCCC2CCC2CCC(C3CCCCC3C3CCCC(C4CCCC4)C3)CC2)CC1
C1CCC(CC2CCCCC2C2CCC3CCCC3C2)CC1
C1CCC(C2CCCC(C3CCCCC3)C2)CC1
C1CCC(C2CCCC(CCC3CCC(C4CCC5CCCCC54)CC3)C2)CC1
C1CCC(CC2CC(C3CCC4CCCC4C3)CCC2C2CCCCC2)CC1
C1CCC(CC2CCC(C3CCC(C4CCC(C5CCCC(CC6CCCCC6)C5)CC4)CC3)CC2)CC1
C(CC1CC1)CC1CCC(CC2CCC(C3CCCC4CCCCC43)CC2)CC1
C1CCC(C2CCCC(C3CCCC3)C2)CC1
C1CCC(CC2CCC(C3CCCC(CC4CCCC(CC5CCC6CCCCC6C5)C4)C3)CC2)CC1
C1CCC(CC2CCCCC2C2CCC(C3CCCCC3)CC2)CC1
C1CCC(CC2CCCC(C3CCCCC3)C2)CC1
C1CCC(C2CCCC(CC3CCCC(C4CCCCC4)C3)C2)CC1
C1CCC(CCCC2CCC(CCCC3CCC4CCCC(C5CCCCC5)C4C3)CC2)CC1
C1CCC(CCC2CCC(C3CCCC(CC4CC5CC6CCCCC6C5C4)C3)CC2)CC1
C1CCC(C2CCC(CC3CCC(CC4CCCC4)CC3)CC2)CC1
C1CCC(C2CCCC2C2CCC(C3CCCC(C4CCC(C5CCC6CCCCC65)CC4)C3)CC2)CC1
C1CCC(CCC2CCCC(C3CCCCC3)C2)CC1
C1CCC(CCC2CCC3C(CCC3C3CCCCC3)C2)CC1
C1CCC(CCCCCC2CCCC(CC3CCCCC3)C2)CC1
C1CCC(C2CCCCC2C2CCC(CCCC3CCCCC3C3CCCC3)C2)CC1
C1CCC(C2CCCCC2C2CC(C3CCCC3)CCC2C2CCC3CCCC3C2)CC1
C1CCC(C2CCCC(C3CC4CCCCC4C(C4CCCCC4)C3)C2)CC1
C1CCC(CC2CCC(C3CCCCC3C3CCCCC3)C(C3CCCC3)C2)CC1
C1CCC2CC(C3CCC4CCCCC43)CCC2C1
C1CCC(CCC2CCCC(C3CCC(C4CCC4)CC3)C2)C1
C1CCC(CC2CCC(CC3CC(CC4CCCCC4)C4CCCCC34)CC2)CC1
C1CCC(CC2CCC(CC3CCC(C4CCCCC4)CC3)CC2)CC1
C1CCC(CC2CCC(CCC3CCCC(C4CCCCC4)C3)CC2)CC1
C1CCC2CC(C3CCCCC3C3CCC4CCCC4C3)CCC2C1
C1CCC(CC2CCC(CC3CCC(CC4CC4)CC3)CC2)CC1
C1CCC(CCC2CCC(CC3CCCCC3)CC2)CC1
C1CCC(CC2CCC(C3CCC(C4CCCC(C5CCCCC5)C4)CC3)CC2)CC1
C1CCC(CC2CCC(C3CCCCC3)C(C3CCCCC3)C2)CC1
C1CCC(CCC2CCCCC2C2CCC(CC3CCCCC3)C2)CC1
C1CCC(CCCC2CCCCC2)CC1
C(CCC1CC2CCCCC2C1)CC1CCC(CCC2CCC3CCCC3C2)CC1
C1CCC(CC2CCC(CCCC3CCC(C4CCC(C5CCCC5)CC4)CC3)CC2)CC1
C1CCC(C2CCCC(C3CCCCC3)C2)CC1
C1CCC(CCCCC2CCCC(C3CCCCC3)C2)CC1
C1CCC(CC2CCCCC2CC2CCCCC2)CC1
C1CCC(CC2CCC(CCC3CC(CC4CCCCC4)C4CCC(C5CCCCC5)CC34)CC2)CC1
C1CCC(C2CCC(C3CCCC(CCC4CCCC4)C3)CC2)CC1
C1CCC(CC2CCC(CC3CC(C4CCCC4)CCC3C3CCCCC3)CC2)CC1
C1CCC(CCC2CCCC(C3CCCCC3)C2)CC1
C1CCC(CCCCC2CCCC(C3CCCCC3)C2)CC1
C1CCC(CC2CCCC(C3CCCCC3)C2)CC1
C1CCC(CC2CCCC(C3CCCCC3)C2)CC1
C1CCC(CCC2CC(CCCC3CCCC(CC4CCCCC4)C3)C3CCCCC23)CC1
C1CCC(CCCC2CC(CC3CCCCC3)C3CCC(C4CCCCC4)CC23)CC1
C1CCC(CC2CCC(CCC3CCC(CC4CCCCC4)CC3)CC2)CC1
C1CCC(C2CCCC(C3CCCCC3)C2)CC1
C1CCC(CC2CCCC(CC3CCC4CC(CC5CCCCC5)CCC43)C2)CC1
C1CCC(C2CC(C3CC4CCCCC4C3)C3CCCCC23)CC1
C1CCC(CC2CCC(CC3CCC(CCCC4CCCC4)CC3)CC2)CC1
C1CCC(C2CCCC(CC3CCCCC3C3CCC4CCCCC4C3)C2)C1
C1CCC(CC2CCC(CC3CCCCC3)CC2)CC1
C1CCC(CCC2CCC(C3CCCC(C4CCCCC4)C3)C(C3CCCC3)C2)CC1
C1CCC(CC2CCC(C3CCCC(CC4CCCCC4)C3)CC2)CC1
C1CCC(C2CC(C3CCC(C4CCCC4)CC3)CC(C3CCC(C4CCCC4)CC3)C2)CC1
C1CCC(CCC2CCCC(C3CCCCC3C3CCCCC3C3CCCC3)C2)CC1
C1CCC(CCCCC2CC(C3CCCCC3)C3CCCCC23)CC1
C1CCC(CCC2CCCC(CC3CCC(C4CCCCC4)CC3)C2)CC1
C1CCC(CC2CCCC(C3CCCC(C4CCCCC4)C3)C2)CC1
C1CCC(C2CCCC(C3CCCC(C4CCC(C5CCCCC5)C4)C3)C2)CC1
C1CCC(C2CCCC(C3CCCCC3CCC3CCCCC3CCC3CCCC3)C2)CC1
C1CCC(C2CCC(C3CCCCC3C3CCCCC3)C(C3CCC4CCCC4C3)C2)CC1
C1CCC(CCC2CCCC(C3CCC(C4CCCC4)CC3)C2)CC1
C1CCC(CCC2CCC(C3CCC(CC4CCC5CCCC5C4)CC3)CC2)C1
C1CCC(CCC2CCC(C3CCCCC3)CC2CCC2CCCCC2)CC1
C1CCC(CCCC2CCC(CC3CCC(CC4CCCCC4)CC3)CC2)CC1
C1CCC(C2CCC(C3CCCCC3)C(CC3CCC(CC4CCCC4)CC3)C2)CC1
C1CCC(CC2CCCC2C2CCCCC2C2CCC3C(CCCC3C3CCCCC3)C2)CC1
C1CCC(CC2CCCC(C3CCCCC3)C2)CC1
C1CCC(CC2CCCCC2C2CCCC2CC2CCCCC2)CC1
C1CCC(CCC2CCCC(C3CCCCC3)C2)CC1
C1CCC(CC2CCC(CC3CC4CCCCC4C3)CC2)CC1
C1CCC(C2CCC(CCCC3CCCC(C4CCCCC4)C3)CC2)CC1
C1CCC(CCCCC2CCCC(CC3CCCCC3)C2)CC1
C1CCC(CCC2CCC(C3CCCCC3CC3CCC(CC4CCCC4)CC3)CC2)CC1
C1CCC(C2CCC3C(CCC4CCC5CCCCC54)CC(C4CCCC4)C3C2)CC1
C1CCC(CC2CC(C3CCCCC3)CC(C3CCCCC3)C2)CC1
C1CCC(CC2CCC(CC3CCC(CCCC4CCC4)CC3)CC2)CC1
C1CCC(C2CCCC(C3CCCC(CC4CC4)C3)C2)CC1
C1CCC(C2CCCC(C3CCCCC3C3CCCC3)C2)CC1
C1CCC(C2CCC(CC3CCC(C4CCCC4)CC3)CC2)CC1
C1CCC(CCCC2CCCC(C3CCCCC3)C2)CC1
C1CCC(C2CCC(C3CCCC(C4CCCCC4)C3)CC2)CC1
C1CCC(CC2CCC(C3CCCCC3)CC2C2CCCCC2)CC1
C1CCC(C2CCCC(C3CCCC4CC(C5CCCCC5)CCC43)C2)CC1
C1CCC(C2CCC(CC3CCC(C4CCCCC4CCC4CCC5CCCC5C4)CC3)CC2)C1
C1CCC(CC2CCCC(CCC3CCCC4CC(C5CCCCC5)CCC34)C2)CC1
C1CCC(C2CCCC(CC3CCCCC3C3CCC4CCCC4C3)C2)CC1
C1CC(CC2CCC(CC3CCC(C4CCCC4)CC3)CC2)C1
C1CCC(C2CCCC(C3CCCCC3)C2C2CC2)CC1
C1CCC(C2CCCC3CC(C4CCC5CCCCC5C4)CCC32)CC1
C1CCC(C2CCCC(C3CCCCC3)C2)CC1
C1CCC(C2CC(C3CCCCC3)C3CC(CCC4CCCC4)CCC23)CC1
C1CCC(CC2CCC(CC3CCC(C4CCCCC4)CC3)CC2)CC1
C1CCC(C2CCCC(C3CC(C4CCCCC4)CCC3C3CCCCC3)C2)CC1
C1CCC(CCCCCC2CCCCC2C2CCC3CCCC3C2)CC1
C1CCC(CC2CC(C3CCC(C4CCCCC4)CC3)C3CCCCC23)CC1
C1CCC(C2CCC(C3CCC(C4CCC(C5CCCCC5)CC4)CC3)CC2)CC1
C1CCC(C2CC(C3CCCCC3)CC(C3CCCCC3)C2)CC1
C1CCC(CCC2CCC(C3CCCC(C4CCCCC4)C3)CC2)CC1
C1CCC(CCC2CCCC(CCC3CCCCC3)C2)CC1
C1CCC(CCC2CCCC(C3CC(C4CCCCC4)CC(C4CCCCC4)C3)C2)CC1
C1CCC(CCCC2CC(CC3CCCCC3)CCC2CC2CCCCC2)CC1
C1CCC(C2CCC(C3CCC4CCCC4C3)C(C3CCCC3)C2)CC1
C1CCC(CC2CCCC(C3CCCC(C4CCCCC4)C3)C2)CC1
C1CCC(CCCCC2CCCCC2)CC1
C1CCC(CC2CCC(CC3CCC(CCCC4CCC(C5CCCCC5)CC4)CC3)CC2)CC1
C1CCC(CC2CCCC(CC3CCCC(C4CCCCC4)C3)C2)CC1
C1CCC(C2CCC(C3CCC(C4CCCC4)CC3)CC2)CC1
C1CCC(CCCCC2CCCCC2C2CCCC(C3CCCCC3)C2)CC1
C1CCC(CC2CCC(C3CCCCC3CC3CCCCC3)CC2)CC1
C1CCC(C2CCCC(C3CCCCC3C3CCCCC3)C2)CC1
C1CCC(CC2CCCC(C3CC3)C2)CC1
C1CCC(C2CCC(CCCC3CCCCC3CC3CCC(C4CCCC4)CC3)CC2)CC1
C1CCC(CCC2CCC(C3CCCCC3CCC3CCCCC3)CC2)CC1
C1CCC(C2CCC(C3CC4CCCCC4C3)CC2)CC1
C1CCC(CC2CCC(CC3CCC(C4CCC4)CC3)CC2)CC1
C1CCC(CC2CCCC(CC3CCC(CC4CCCC4)CC3)C2)CC1
C1CCC(C2CCC(CCC3CCCC(CCC4CCC5CCCCC54)C3)CC2)CC1
C1CCC(CCC2CCC(C3CCC(CC4CCCCC4)CC3)CC2C2CCCCC2)CC1
C1CCC(C2CCCCC2C2CCCCC2)CC1
C1CCC(CCC2CC(C3CCCCC3)CCC2CC2CCC(C3CCCCC3)CC2)CC1
C1CCC(CC2CCCC(C3CC(CC4CCCC4)C4CCCCC43)C2)CC1
C1CCC(CC2CCCCC2C2CCCC(CCC3CC4CCCCC4C3)C2)CC1
C1CCC(C2CCC(CC3CCC(C4CCCC(CC5CC5)C4)CC3)CC2)CC1
C1CCC(CC2CCC(CCC3CCC(C4CCC(C5CCCCC5)C4)CC3)CC2)CC1
C1CCC(CCC2CC(CC3CCCC(C4CCC(C5CCCCC5)CC4)C3)C3CCCCC23)CC1
C1CCC(C2CCC(C3CCCC(C4CCCCC4)C3)CC2)CC1
C1CCC(C2CCCC(C3CC(C4CCCCC4C4CC4)C(C4CCCCC4)C4CCCC34)C2)CC1
C1CCC(C2CCC(C3CCC(C4CCCCC4)CC3)CC2)CC1
C1CCC(CCC2CCC(C3CCCCC3)CC2)CC1
C1CCC(CCC2CC(CCC3CCCCC3C3CCCC3)CC3CCCCC32)CC1
C1CCC(CC2CCCCC2C2CCC3C(CCCC3C3CCCCC3)C2)CC1
C1CCC(CC2CCC(CC3CCC(C4CC(C5CCCCC5)C4)CC3)CC2)CC1
C1CCC(CC2CCC(C3CCCCC3)C(C3CCCC3)C2)CC1
C1CCC(CC2CCC(C3CCCCC3)CC2)CC1
C1CCC(CC2CCCC(CC3CCCCC3)C2)CC1
C1CCC(CCCCC2CCC(C3CCCCC3)CC2)CC1
C1CCC(CC2CCC(CC3CCC(C4CCCCC4)CC3)CC2)CC1
C1CCC(CC2CCC(CC3CCC(CC4CCCC(C5CCCCC5)C4)CC3)CC2)CC1
C1CCC(C2CCCC(C3CC3)C2)CC1
C1CCC(CC2CCC(CC3CCC(C4CC4)CC3)CC2)CC1
C1CCC(CCC2CCCC(C3CCC4CCCCC4C3)C2)CC1
C1CCC(CC2CCCC(CC3CCC(CC4CCC(CC5CC6CCCCC6C5)CC4)CC3)C2)CC1
C1CCC(CC2CCCC(CC3CC(C4CCCCC4)C4CCCCC34)C2)CC1
C1CCC(CCC2CCCCC2C2CCCCC2)CC1
C1CCC(C2CCCC(C3CCCC(CC4CCC5CCCC5C4)C3)C2)CC1
C1CCC(C2CCC(CC3CCC(C4CCCCC4C4CCC(CC5CC5)C4)CC3)CC2)CC1
C1CCC(CC2CCC3CCC(C4CCCC(C5CCCC(C6CCCCC6)C5)C4)C3C2)CC1
C1CCC(C2CCC(CCCC3CCCCC3C3CCCCC3)CC2)CC1
C1CCC(CC2CCCCC2C2CCCCC2C2CCCCC2)CC1
C1CCC(CCC2CCC(CCC3CCCC(C4CCCCC4)C3)CC2)CC1
C1CCC(CC2CCCC(C3CCCCC3C3CCCC(C4CCC(CCC5CC5)CC4)C3)C2)CC1
C1CCC(CC2CCC3C(CC4CCCCC4)CCC3C2)CC1
C1CCC(CC2CCCC(C3CCCC(C4CCCCC4)C3)C2)CC1
C1CCC(CCCC2CCC(C3CCCCC3)CC2C2CCCCC2)CC1
C1CCC(C2CCCC(CCCCC3CC(C4CCCCC4)CC(C4CCCC4)C3)C2)CC1
C1CCC(C2CCCC(C3CC(C4CCCCC4)CC(C4CCCCC4)C3)C2)CC1
C1CCC(CC2CCCCC2C2CCCCC2)CC1
C1CCC(C2CCC(CCC3CCCC3)CC2)CC1
C1CCC(CCC2CCCCC2CC2CCCCC2)CC1
C1CCC(CCCC2CCCC(C3CCCC4CC(C5CCCCC5)CCC43)C2)CC1
C1CCC(C2CCCC(CC3CC(CC4CCCC4)C4CCCCC34)C2)CC1
C1CCC(C2CCCC(C3CCCC4CCCCC43)C2)CC1
C1CCC(C(CCC2CCCC(CC3CCC(CC4CCCC4)CC3)C2)C2CCCC3CCCCC32)CC1
C1CCC(C2CCCCC2C2CCCCC2C2CCCC2)CC1
C1CCC(CCC2CCC(CC3CCCCC3)CC2)CC1
C1CCC(C2CCCC(CCCC3CC(C4CCCCC4)C4CCCCC34)C2)CC1
C1CCC(CC2CCC(CC3CCC(CC4CCCCC4)CC3)CC2)CC1
C1CCC(CC2CCC(CCCC3CCCC(CC4CCC5CCCCC54)C3)CC2)CC1
C1CCC(C2CCCC(CC3CCC(CC4CCCC4)CC3)C2)CC1
C1CCC(C2CCC(CCC3CCCCC3C3CCC(C4CCCCC4)CC3C3CC4CCCCC4C3)CC2)CC1
C1CCC(CC2CCCCC2C2CCCC2CC2CCCC(C3CCCC3)C2)CC1
C1CCC(C2CCC(C3CCC(C4CCCC(C5CCCCC5)C4)C3)CC2)CC1
C1CCC(CCCC2CCC(C3CCCCC3)CC2)CC1
C1CCC(C2CCCC(CCCCC3CCC4CCCCC4C3)C2)CC1
C1CCC(C2CCCCC2C2CCC(C3CCCC(C4CCCC4)C3)CC2)CC1
C1CCC(C2CCC(C3CCCCC3)CC2)CC1
C1CCC(CCC2CCCCC2)CC1
C1CCC(C2CC(CC3CCCC(C4CCCC4)C3)CCC2C2CCC3CCCC3C2)CC1
C1CCC(CC2CCCCC2C2CCCCC2)CC1
C1CCC(C2CCC(CCC3CCC4CCCC4C3)CC2)C1
C1CCC(C2CCC(C3CCCCC3)CC2)CC1
C1CCC(CC2CCCCC2CCCC2CCC(C3CC4CCCCC4C3)CC2)CC1
C1CCC(CC2CCC(C3CCCC(C4CCCCC4)C3)CC2)CC1
C1CCC(C2CCCC(CCC3CCCC(C4CCCCC4)C3)C2)CC1
C1CCC(CCC(CCC2CCC(C3CCCCC3)CC2)C2CCCCC2)CC1
C1CCC(C2CCC(CC3CC4CCCCC4C3)CC2)CC1
C1CC(CC2CCCC(CC3CCC(CC4CC5CCCCC5C4)CC3)C2)C1
C1CCC(CCC2CCCCC2)CC1
C1CCC(CCCC2CCCC(C3CCCC(C4CCCCC4)C3)C2)CC1
C1CCC(CCC2CCCC(CC3CCC(CCC4CCCC4)CC3)C2)CC1
C1CCC(CCC2CCCC(C3CCCC(C4CC4)C3)C2)CC1
C1CCC(C2CCCC(CC3CCCCC3C3CCC4CCCC4C3)C2)CC1
C1CCC(CC2CCCC(C(C3CCCCC3)C3CCCCC3)C2)CC1
C1CCC(C2CCC(C3CC4CCCCC4C3)CC2)CC1
C1CCC(CCCC2CCC3CC(C4CCCC(C5CCCC5)C4)CCC23)CC1
C1CCC(C2CCC(CC3CCCCC3C3CCCCC3CC3CC4CCCCC4C3)CC2)CC1
C1CCC(CC2CCC(C3CCCCC3C3CCCCC3C3CCCC3)CC2)CC1
C1CCC(CCCC2CCCCC2C2CCC(C3CCCCC3)CC2)CC1
C(CC1CC1)CC1CCC(CC2CC(CC3CCCC(C4CCCC(C5CCCC5)C4)C3)C3CCCCC23)CC1
C1CCC(CC(C2CCCCC2)C2CCCC(C3CCCCC3)C2)CC1
C1CCC(C2CCCC(CC(CC3CCCC(C4CCCCC4)C3)C3CCCCC3)C2)CC1
C1CCC(C2CCCCC2C2CCCCC2C2CCCCC2)CC1
C1CCC(C2CCCCC2CC2CCCC(C3CCC4CCCC4C3)C2)CC1
C1CCC(CC2CCCC(CC3CCCC(CC4CCCCC4)C3)C2)CC1
C1CCC(CC2CC3CCCCC3C(C3CCCCC3)C2)CC1
C1CCC(C2CCCCC2CCCCC2CCCC2)CC1
C1CCC(C2CCC(C3CCC(C4CCC4)CC3)CC2)CC1
C1CCC(CC2CCCCC2C2CCC(CC3CC4CCCCC4C3)CC2)CC1
C1CCC(CC2CCC(C3CCCCC3)CC2)CC1
C1CCC(C2CCC(C3CCCCC3C3CCCCC3)CC2)CC1
C1CCC(CCCCCC2CCCC(C3CCCCC3)C2)CC1
C1CCC(C2CCC(CCC3CCCC(C4CCCCC4)C3)CC2)CC1
C1CCC(CCCC2CCCCC2CC2CCC(C3CCCC3)CC2)CC1
C1CCC(CCC2CCCC(C3CCCCC3C3CCCC(CC4CC5CCCCC5C4)C3)C2)CC1
C1CCC(CC2CCC(CC3CC(C4CCCCC4)CCC3C3CCCCC3)CC2)CC1
C1CCC(CCC2CCC(CC3CCC(C4CCCCC4)CC3)CC2)CC1
C1CCC(CCCC2CCC(CC3CCCCC3)CC2)CC1
C1CCC(CCCC2CCC(CCC3CC4CCCCC4C3)CC2)CC1
C1CCC(C2CCC(C3CCCC(C4CCCCC4)C3)CC2)CC1
C1CCC(CC2CCCCC2C2CCC(CC3CCCC(C4CCCCC4)C3)CC2)CC1
C1CCC(CC2CCC(C3CCCC(C4CCCCC4)C3)CC2)CC1
C1CCC(CC2CCC(C3CCCCC3)CC2)CC1
C1CCC(CCCC2CC(C3CCCCC3)CCC2C2CCCCC2)CC1
C1CCC(CC2CCC(CC3CCCC(CC4CCCCC4)C3)CC2)CC1
C1CCC(CCCC2CCC(CC3CCCCC3)CC2)CC1
C1CCC(C2CCC(C3CCC(C4CCCCC4)CC3)CC2)CC1
C1CCC(CCCC2CCC(CC3CCC(C4CCCCC4)CC3)CC2)CC1
C1CCC(CC2CCCC(C3CCCC(CC4CCCC(C5CCC6CCCC6C5)C4)C3)C2)CC1
C1CCC(C2CCC3CCCC(C4CCCCC4)C3C2)CC1
C1CCC(CC2CCCCC2C2CCCC2C2CCCCC2)CC1
C1CCC(CCC2CCCC(CC3CCC(C4CCCCC4)CC3)C2)CC1
C1CCC(CCC2CC(C3CCCC3)CC(C3CCCC(C4CCCCC4)C3)C2)CC1
C1CCC(C2CCC(CCCC3CCCC(C4CCCCC4)C3)CC2)CC1
C1CCC(CC2CCCCC2C2CCCCC2)CC1
C1CCC(C2CCC(CC3CCC(C4CCCCC4C4CCC5CCCCC54)CC3)CC2)CC1
C1CCC(CC2CCC(CCCC3CCCC(CC4CCC4)C3)CC2)CC1
C1CCC(C2CCCC(C3CCC4CCCCC43)C2)CC1
C1CCC(CCCCC(CC2CCCCC2)C2CCCCC2)CC1
C1CCC(CC(C2CCCC(C3CCCCC3)C2)C2CCCC(C3CC3)C2)CC1
C1CCC(CCCC2CCCC(CC3CCCC(C4CCCCC4)C3)C2)CC1
C1CCC(C2CCC(C3CCC(C4CCCCC4)CC3)CC2)CC1
C1CCC(CC2CCCCC2C2CCC3CCCCC3C2)CC1
C1CCC(CCC2CCC(C3CCCCC3C3CCCCC3)C(C3CCCCC3)C2)CC1
C1CCC(C2CC(C3CCCCC3C3CC3)CC(C3CCCCC3)C2C2CCC3CCCCC32)CC1
C1CCC(CC2CCC(CC3CC3)CC2C2CCCC(C3CCCCC3)C2)CC1
C1CCC(C2CCC(C(C3CCCCC3)C3CCCCC3)CC2)CC1
C1CCC(CCC2CCC(CCC3CCC(CCC4CCCCC4)CC3)CC2)CC1
C1CCC(CCC2CCCC(C3CC4CCCCC4C3)C2)CC1
C1CCC(CC2CCC(C3CCC(CC4CCCCC4)CC3)CC2)CC1
C1CCC(CCC2CCC(CC3CCC(C4CCCCC4)CC3)CC2)CC1
C1CCC(CC2CC(C3CCC(C4CCCCC4)CC3)C3CCCCC23)CC1
C1CCC(CCC2CCCC(CC3CCCC(C4CC(CC5CCCCC5)C5CCCCC54)C3)C2)CC1
C1CCC(CC2CCCC(CC3CCCC4CCCCC43)C2)CC1
C1CCC(CC2CCC3CC(CCCC4CC5CCCCC5C4)CCC23)CC1
C1CCC(CCCC2CCCC(CC3CC3)C2)CC1
C1CCC(CCCCC2CCC(CC3CCC(C4CCCC4)CC3)CC2)CC1
C1CCC(CC2CCC(CC3CCC(CC4CCC(C5CCCCC5)CC4)C3)CC2)CC1
C1CCC(C2CCCC(CC3CCCC(C4CCCCC4)C3)C2)CC1
C1CCC(CC2CCC(C3CC3)CC2C2CCCCC2C2CCCCC2)CC1
C1CCC(CCC2CCC(C3CCCCC3)CC2)CC1
C1CCC(CC2CCCC(CC3CCCC(CC4CCCCC4)C3)C2)CC1
C1CCC(CC2CCCC2C2CC(C3CCCCC3)CC(C3CCCCC3)C2)CC1
C1CCC(CC2CCCC(C3CCCCC3C3CCC3)C2)CC1
C1CCC(CCC2CCCCC2C2CCC(CC3CCCCC3)CC2)CC1
C1CCC(CC2CCC(CC3CCCC4CC(C5CCCCC5)CCC34)CC2)CC1
C1CCC(CC2CC3CCC(C4CCCC4)CC3C(C3CCCCC3)C2)CC1
C1CCC(CC2CCC(C3CCC4CCCCC4C3)CC2)CC1
C1CCC(CCCC2CCCC(CC3CCC(C4CCCCC4)CC3)C2)CC1
C1CCC(C2CCCC(C3CCCCC3C3CCCCC3)C2)CC1
C1CCC(CC2CCC(C3CCC(C4CCC(C5CCCCC5C5CCCC5)CC4)CC3)CC2)CC1
C1CCC(CC2CCC(C3CCC4CCCCC43)CC2)CC1
C1CCC(CCC2CCCC(CCC3CCC(C4CCCCC4)CC3)C2)CC1
C1CCC(CCCCC2CCCC(CC3CCCC3)C2)CC1
C1CCC(C2CCC(CCC3CCC(C4CCCC4)CC3C3CCCCC3)CC2)CC1
C1CCC(CC2CCCC(C3CC(CC4CCCCC4)CC(C4CCC4)C3)C2)CC1
C1CCC(CCCCC2CCCCC2)CC1
C1CCC(C2CCC(C3CCCC(CC4CC5CCCCC5C4)C3)CC2)CC1
C1CCC(C2CCCC(C3CCCCC3)C2)CC1
C1CCC(CC2CCC(CCCC(CC3CCCCC3)C3CCC3)CC2)CC1
C1CCC(CC2CCCC(CC3CCCCC3C3CCCCC3)C2)CC1
C1CCC(CCC2CCC3CC(C4CCC5CCCCC54)CC(C4CCCC4)C3C2)CC1
C1CCC(CC2CCC(CC3CCCCC3)CC2)CC1
C1CCC(C2CCCCC2C2CCCCC2)CC1
C1CCC(CC2CCCCC2C2CCCCC2)CC1
C1CCC(CCC2CCCC(C3CCC(C4CCCC4)C(C4CCC(CC5CCCC5)CC4)C3)C2)C1
C1CCC(C2CCCC(C3CCCC(CCC4CCC5CCCC5C4)C3)C2)CC1
C1CCC(C2CCC(CCCC3CCCC(C4CCCCC4)C3)CC2)CC1
C1CCC(C2CCCC(C3CCCC(C4CCCCC4)C3)C2)CC1
C1CCC(C2CCC(C3CCCC(C4CCCC4)C3)CC2)CC1
C1CCC(CC2CCC(C3CCCCC3)CC2)CC1
C1CCC(CC2CCC(C3CCCCC3)CC2)CC1
C1CCC(CCCCC2CCC(C3CCCCC3)CC2)CC1
C1CCC(C2CCCCC2CCCCC2CCCC(CC3CC3)C2)CC1
C1CCC(CC2CCCC(C3CCCC(C4CCCCC4)C3)C2)CC1
C1CCC(CC2CCC(C3CCCCC3)CC2)CC1
C1CCC(CCC2CCC(CC3CCCCC3)CC2)CC1
C1CCC(C2CCC(CCC3CCC4CCCCC43)CC2)CC1
C1CCC(C2CCCCC2CCCCC2CCCC2)CC1
C1CCC(CCC(C2CCCCC2)C2CCCC(C3CCCCC3)C2)CC1
C1CCC(CCC2CCC(CCC3CCCCC3CC3CCCCC3)CC2)CC1
C1CCC(C2CCCC(C3CCCCC3)C2)CC1
C1CCC(CC2CCC(C3CCCCC3)C(CC3CCCCC3)C2)CC1
C1CCC(C2CCCC(C3CCCC(CCC4CCC5CCCC5C4)C3)C2)CC1
C1CCC(CC2CC(C3CCC3)CCC2C2CCCCC2)CC1
C1CCC(C2CCC(C3CCCC3)CC2C2CCC3CCCC3C2)CC1
C1CCC(C2CCCC(CC3CC(CC4CCCC(CCC5CCCC5)C4)C4CCCCC34)C2)CC1
C1CCC(C2CCC(C3CCCC(CCC4CCCC(C5CCCC5)C4)C3)CC2)C1
C1CCC(CC2CCCC(C(C3CCCCC3)C3CCCCC3)C2)CC1
C1CCC(C2CCC(CC3CCC(CC4CCC5CCCCC54)CC3)CC2)C1
C1CCC(CCC2CCC(CC3CCC(CC4CCCCC4)CC3)CC2)CC1
C1CCC(CCC2CCC(CC3CCCCC3)CC2)CC1
C1CCC(CCCCC2CCC(CCC3CCC(C4CCC4)CC3)CC2)CC1
C1CCC(CC2CCCCC2C2CCC(C3CCCC(C4CCCCC4)C3)CC2)CC1
C1CCC(C2CCCC(C3CCCCC3C3CCCCC3)C2)CC1
C1CCC(CC2CC(C3CCCCC3)CC(C3CCCC(C4CCCC4)C3)C2)CC1
C1CCC(CCCCCC2CCC(CCC3CCCC(C4CCCC4)C3)CC2)CC1
C1CCC(C2CCCCC2C2CCCCC2C2CCC3CCCC3C2)CC1
C1CCC(CC2CCC(CC3CCCCC3C3CCC4CCCCC43)CC2)CC1
C1CCC(CCCCC2CC(C3CCCCC3)CC(C3CCCC3)C2)CC1
C1CCC(CC2CCC(C3CCC4CCCC4C3)C(C3CCC4C(CC5CCCCC5)CCC4C3)C2)CC1
C1CCC(C2CCCCC2CCC2CCC(CCCC3CCCC3)CC2)CC1
C1CCC(C2CCCC(C3CCCC(CCC4CC(C5CCCC5)C5CCCCC45)C3)C2)CC1
C1CCC(C2CCCCC2)CC1
C1CCC(C2CCCC(C3CCC(C4CCCC4)CC3CCC3CCCC(C4CCC5CCCCC54)C3)C2)CC1
C1CCC(CC2CCC(CC3CCCCC3C3CCCC3)CC2)CC1
C1CCC(CC2CCC(CC3CCC(C4CCCCC4)C3)CC2)CC1
C1CCC(C2CCC(C3CCCC(C4CCCC(C5CCCCC5)C4)C3)CC2)CC1
C1CCC(CC2CCCCC2CC2CCCCC2)CC1
C1CCC(CC2CCCCC2C2CCC3C(CCCC3C3CCCCC3)C2)CC1
C1CCC(C2CCC(C3CCCC3)CC2)CC1
C(CCCC1CCCCC1)CCCC1CCCCC1
C1CCC(CC2CCC(C(C3CCCCC3)C3CCCCC3)CC2)CC1
C1CCC(CCCCC2CCCC(C3CCC(C4CCC4)CC3)C2)CC1
C1CCC(C2CCC(CCC3CCCC(C4CCCCC4)C3)CC2)CC1
C1CCC(CC2CCC(CCC3CCCC(CC4CCCCC4)C3)CC2)CC1
C1CCC(CC2CCCCC2C2CCC(C3CCCC3)CC2)CC1
C1CCC(CCC2CCC(C3CCC4CCCC4C3)CC2)CC1
C1CCC(C2CCCC(CCC3CCCC(C4CCCCC4)C3)C2)CC1
C1CCC(CCC2CCCCC2C2CCCCC2)CC1
C1CCC(C2CCCC(C3CCCCC3)C2)CC1
C1CCC(CCC2CCC(C3CC(CC4CCCCC4)C4CCCCC43)CC2)CC1
C1CCC(C2CCC(CC3CCCC(C4CCCCC4)C3)CC2)CC1
C1CCC(CCCC2CCCC(C3CC3)C2)CC1
C1CCC(CCC2CCC(CC3CCC(C4CCCC4)CC3)CC2)CC1
C1CCC(C2CCCC(CC3CCCCC3C3CCCCC3)C2)CC1
C1CCC(CC2CCC(CCC3CCCC3)CC2)CC1
C1CCC(CCC2CCCC(C3CCCCC3)C2)CC1
C1CCC(CCC2CCC(C3CCCC(C4CCCCC4)C3)CC2)CC1
C1CCC(C2CCCC(C3CCCC(C4CCCCC4)C3)C2)CC1
C1CCC(CC2CCC(CC3CCCCC3CCC3CC4CCCCC4C3)CC2)CC1
C1CCC(CCCCC2CCCCC2CC2CCCCC2)CC1
C1CCC(C2CCCC(C3CCCC(CCC4CCCC(C5CCCC5)C4)C3)C2)CC1
C1CCC(C2CCC(CCC3CCC4CCCCC43)CC2)CC1
C1CCC(C2CCCC(C3CCC(C4CCC(CC5CCC(C6CCCC6)CC5)CC4)CC3)C2)CC1
C1CCC(C2CCCC(C3CC(C4CCCCC4)CC(C4CCCCC4)C3)C2)CC1
C1CCC(CCCC2CCC(C3CCCC(C4CCCCC4)C3)CC2)CC1
C1CCC(CC2CCC(CC3CC(CC4CCCC(C5CCCCC5)C4)C4CCCCC34)CC2)CC1
C1CCC(C2CCCCC2CCC2CCC3CCCC3C2)CC1
C1CCC(C2CCCCC2CC2CCCCC2C2CCCCC2C2CCCC2)CC1
C1CCC(CCC2CCCC(C3CCCCC3)C2)CC1
C1CCC(CC2CCC(C3CCCCC3)CC2)CC1
C1CCC(CCCC2CCC(C3CCCCC3)CC2)CC1
C1CCC(C2CCCC(C3CCC4CCC(C5CCCC5)CC4C3)C2)CC1
C1CCC(C2CCCC(CCC3CC4CCCCC4C3)C2)CC1
C1CCC(C2CCC(C3CCCCC3C3CCCC3)C(C3CCCCC3)C2)CC1
C1CCC(CCC2CCCC(CC3CCCCC3)C2)CC1
C1CCC(C2CCCC(CC3CCCC(C4CCCCC4)C3)C2)CC1
C1CCC(C2CCC(CC3CCCC3)CC2C2CCCCC2)CC1
C1CCC(C2CCCCC2CC2CCC3CCCCC32)CC1
C1CCC(CCC2CCC(CC3CCCCC3)CC2)CC1
C1CCC(C2CCCC(C3CCC(C4CCCC(CC5CCC6CCCCC65)C4)C3)C2)CC1
C1CCC(C2CCC(C3CCCCC3)CC2)CC1
C1CCC(CCCC2CCCC(CC3CCC(CC4CCCCC4)CC3)C2)CC1
C1CCC(CCC2CC(C3CCCCC3)CC(C3CCCCC3)C2)CC1
C1CCC(CC2CCC(C3CCC4CCCCC4C3)CC2)CC1
C1CCC(CC2CCC(C3CC(C4CCCCC4)C4CCCCC34)CC2)CC1
C1CCC(C2CCCCC2C2CCCCC2C2CCCC2)CC1
C1CCC(CC2CCC(C3CCCC3)CC2CC2CCCC(C3CCCCC3)C2)CC1
C1CCC(CCC2CCC(CC3CCCCC3)CC2)CC1
C1CCC(CC2CCCC(CC3CCCCC3)C2)CC1
C1CCC(CCC(C2CCCCC2)C2CCCCC2C2CCCC(CC3CCCCC3)C2)CC1
C1CCC(CC2CC(C3CCCCC3)C3CC(C4CCC5CCCCC54)CCC23)CC1
C1CCC(CC2CCC(C3CC4CCCCC4C3)CC2)CC1
C1CCC(CCC2CCC(CC3CCC4C(CC5CCCCC5)CCC4C3)CC2)CC1
C1CCC(CC2CCCC(CC3CCCCC3)C2)CC1
C1CCC(CCC2CCCC(C3CC(CCC4CCCCC4)CC(C4CCCC4)C3)C2)CC1
C1CCC(CC2CCCC(CC3CCCCC3)C2)CC1
C1CCC(CC2CCC(CC3CCC(C4CCC(CC5CCCCC5)CC4)CC3)CC2)CC1
C1CCC(CCCCC2CCCCC2C2CC(CC3CCCCC3)C3CCCCC32)CC1
C1CCC(CC2CCCCC2C2CCC(CC3CC4CCCCC4C3)CC2)CC1
C1CCC(CCC2CCCC(C3CCCC(CC4CCCC(C5CCCCC5)C4)C3)C2)CC1
C1CCC(C2CCCCC2)CC1
C1CCC(CCC2CCC(C3CCC4CCCCC43)CC2C2CCCCC2)CC1
C1CCC(CC2CCCC(C3CCCC(CC4CCCCC4)C3)C2)CC1
C1CCC(CC2CCC(C3CCCC(CCC4CCC(C5CCCCC5)CC4)C3)CC2)CC1
C1CCC(CC2CCC(CCCCC3CCCC(CC4CC5CCCCC5C4)C3)CC2)CC1
C1CCC(CCC2CCC(CCC3CC4CCCCC4C3)CC2)CC1
C1CCC(CC2CCCC(CC3CCCCC3C3CCCCC3)C2)CC1
C1CCC(C2CCCC(C3CCCCC3)C2)CC1
C1CCC(CCCC2CCCC(C3CCCC(CC4CCCCC4)C3)C2)CC1
C1CCC(C2CCC(CCC3CCCC(C4CCCCC4)C3)CC2)CC1
C1CCC(CCC2CCCC(C3CCC(C4CCCCC4)CC3)C2)CC1
C1CCC(C2CCCC(C3CCCC4CCCCC43)C2)CC1
C1CCC(C2CCC(C3CCCCC3)CC2)CC1
C(CCCC1CCCCC1C1CCCC(CC2CC2)C1)CCC1CCCCC1
C1CCC(C2CCC(CCC3CCCC(CC4CCC5CCCCC54)C3)C(C3CCCC3)C2)CC1
C1CCC(C2CCCC(C3CCCCC3C3CCCCC3)C2)CC1
C1CCC(CCCCCC2CCC(CC3CCC(C4CCCC4)C3)CC2)CC1
C1CCC(CC2CCC(C3CC4CCCCC4C(C4CCCCC4)C3)CC2)CC1
C1CCC(CCCC2CCC(CCCC3CCCCC3)CC2)CC1
C1CCC(CC2CCC(CCCC3CCCC(C4CCCCC4)C3)CC2)CC1
C1CCC(C2CCC(CC3CC(CCCC4CC4)CCC3C3CCCC3)CC2)CC1
C1CCC(CC2CC(CC3CCC(C4CCCCC4)CC3)CCC2C2CCCCC2)CC1
C1CCC(C2CCCC(C3CCCCC3C3CCC4CCCC4C3)C2)CC1
C1CCC(CC2CCCC(C3CCC(CC4CCC(CC5CCCC5)CC4)CC3)C2)CC1
C1CCC(C2CCCCC2C2CCC3CCCC3C2)CC1
C1CCC(CCCC2CCCC3CC(C4CCCCC4CC4CCCCC4)CCC23)CC1
C1CCC(C2CCC3CC(CC4CC5CCCCC5C4)CCC32)CC1
C1CCC(CC2CCC(C3CCCC(CC4CC5CCCCC5C4)C3)CC2)CC1
C1CCC(CC2CCCCC2C2CCC3CCCCC3C2)CC1
C1CCC(C2CCCC(CCC3CCC(CCCC4CCCC(CC5CC6CCCCC6C5)C4)CC3)C2)CC1
C1CCC(CC2CCC(C3CCC(C4CC5CCCCC5C4)CC3)CC2)CC1
C1CCC(CC2CCCC2C2CCC3C(CCCC3C3CCCC(C4CCCCC4)C3)C2)CC1
C1CCC(CC2CC(C3CCC(C4CCCCC4)CC3)C3CCCCC23)CC1
C1CCC(CC2CCC(C3CCC(C4CCCC(C5CCCCC5)C4)CC3)CC2)CC1
C1CCC(CC2CCC(CC3CCCCC3)CC2)CC1
C1CCC(CCC2CCCC(CCC3CCCCC3)C2CCC2CCCCC2)CC1
C1CCC(CC2CCC(CC3CCCCC3)C(C3CCCC(C4CCCCC4)C3)C2)CC1
C1CCC(C2CCC3C(CCC3C3CCCCC3C3CCCCC3)C2)CC1
C1CCC(CCC2CCCC(CC3CCCC3C3CCCC(C4CCC5CCCC5C4)C3)C2)CC1
C1CCC(CC2CCC(C3CCCCC3)CC2)CC1
C1CCC(CCC2CC(C3CCCC(C4CCCCC4)C3)CC3CCCCC32)CC1
C1CCC(CC2CCC(CC3CCCC(CC4CC4)C3)CC2)CC1
C1CCC(CC2CCCC(C3CCCCC3)C2)CC1
C1CCC(CC2CCCC(C3CCCCC3CC3CCCCC3)C2)CC1
C1CCC(CCC2CCCCC2CC2CC3CCCCC3C2)CC1
C1CCC(CC2CCC(C3CCC(C4CCCCC4)CC3C3CCCCC3)CC2)CC1
C1CCC(CC2CCC(CC3CCCCC3)CC2)CC1
C1CCC(C2CCCCC2C2CCCCC2)CC1
C1CCC(C2CCC(CC3CC3)CC2CCC2CCCC(C3CC(C4CCCCC4)C4CCCCC34)C2)CC1
C1CCC(CCC2CCC3C(CC4CCCCC4)CC(CCC4CCCCC4)C3C2)CC1
C1CCC(CC2CCC(C3CCCC3)C(CCCC3CCC(CCCC4CCCCC4C4CCCCC4)CC3)C2)CC1
C1CCC(CC2CCCC(C3CCCCC3C3CCCCC3)C2)CC1
C1CCC(CC2CCCC(C3CCCC(CC4CCCCC4)C3)C2)CC1
C1CCC(CC2CCCCC2CCC2CCCC(C3CCCCC3)C2)CC1
C1CCC(CCC2CCC(C3CCCC(CC4CCCCC4)C3)CC2)CC1
C1CCC(CC2CCCC(CCC3CCC(C4CCCCC4)CC3)C2)CC1
C1CCC(CC2CC(CCC3CCC(C4CCCC4)CC3)C3CCCCC23)CC1
C1CCC(C2CCC(C3CCC4CCCC4C3)CC2)CC1
C(CCCC1CCCC(CCC2CCCCC2)C1CCC1CCCCC1)CCC1CCCCC1
C1CCC(CCC2CCCC(CC3CCCCC3)C2)CC1
C1CCC(C2CCCC(C3CCCCC3C3CCCCC3)C2)CC1
C1CC(CC2CCC(CCC3CCCC(C4CCC5CCCCC54)C3)CC2)C2CCC(C3CC3)CC2C1
C1CCC(CCCC2CCC(CC3CC3)C(C3CCCCC3)C2)CC1
C1CCC(C2CCCC(CCC3CCC(CCC4CCCC4)CC3)C2)CC1
C1CCC(C2CCCC3CCC(CC4CC5CCCCC5C4)CC32)CC1
C1CCC(C2CCC(C3CC3)CC2CCC2CC3CCCCC3C2)CC1
C1CCC(CC2CCC(CC3CCCC(C4CCCC4)C3)CC2CC2CC2)CC1
C1CCC(CCCC2CCCC(C3CCC(C4CCCC4)CC3)C2)CC1
C1CCC(CCC2CCC3CC(C4CCCCC4)CC(C4CCCCC4)C3C2)CC1
C1CCC(CC(CCCC2CCCC(C3CCCCC3)C2)C2CCCCC2)CC1
C1CCC(C2CCCC(CC3CCC(CCC4CC5CCCCC5C4)CC3)C2)C1
C1CCC(CCC2CCC(CC3CCCCC3)CC2C2CCCCC2)CC1
C1CCC(CC2CCCC(C3CCCC(C4CCCCC4)C3)C2)CC1
C1CCC(CCCC2CC(C3CCCC3)C(C3CCCCC3)CC2C2CCCC2)CC1
C1CCC(C2CCCC(C3CCCCC3)C2)CC1
C1CCC(CC2CCC3CC(C4CCC(C5CCCCC5)CC4)CCC23)CC1
C1CCC(C2CCCC(C3CCCCC3)C2)CC1
C1CCC(C2CCC(C3CCC(CC4CCCC4)CC3)CC2)CC1
C1CCC(C2CCCC(C3CCCCC3)C2)CC1
C(CCCC1CCC(CC2CC(C3CCCCC3)C3CCCCC23)CC1)CCC1CC1
C1CCC(C2CCCC(C3CCCCC3)C2)CC1
C1CCC(C2CC(C3CCC4CCCCC43)CC3CCCCC32)CC1
C1CCC(C2CCC(CC3CC(C4CCCCC4)C4CCCCC34)CC2)CC1
C1CCC(C2CCCC(CC3CC(C4CCCCC4)C4CCCCC34)C2)CC1
C1CCC(CC2CCC(CC3CCCCC3)CC2)CC1
C1CCC(CC2CCCC(CC3CCCCC3)C2)CC1
C1CCC(CC2CCCCC2)CC1
C1CCC(C2CCCC(CCC3CCC4CC(C5CCCCC5)CCC34)C2)CC1
C1CCC(CCCC2CCC(CCCCC3CCC(CC4CC5CCCCC5C4)CC3)CC2)CC1
C1CCC(CC2CCC(C3CCC(C4CCCCC4)CC3)C(C3CCC4CCCC4C3)C2)CC1
C1CCC(CC2CCC(C3CCCCC3)CC2)CC1
C1CCC(C2CCCC(CC3CCC(C4CCC(CC5CCCC5)CC4)CC3)C2)CC1
C1CCC(CC2CCC3C(CC4CCCCC4)CC(C4CCCCC4)C3C2)CC1
C1CCC(C2CCC(CCC3CCC(C4CCC4)CC3)CC2)C1
C1CCC(C2CCCC(CC3CCCC(C4CCCCC4)C3)C2)CC1
C1CCC(CC2CCCC(C3CCC(C4CCCCC4)CC3)C2)CC1
C1CCC(CC2CCCC(C3CC(C4CCC(CC5CCCC5)CC4)C3)C2)CC1
C1CCC(CCCC2CCC(CCCCC3CCC4C(CCC4C4CCCC4)C3)CC2)CC1
C1CCC(CC2CCC(CCC3CCC(C4CCC(CC5CCCCC5)CC4)CC3)CC2)CC1
C1CCC(CC2CCC(C3CCCCC3)CC2)CC1
C1CCC(CCCC2CCCC(C3CCCCC3)C2)CC1
C1CCC(CCC2CCCC(C3CC(C4CCCCC4)C4CCCCC34)C2)CC1
C1CCC(CC2CCC(CC3CCC(CC4CCC5CCCCC54)CC3)CC2)CC1
C1CCC(CC2CCCC(CC3CCCC(C4CCCCC4)C3)C2)CC1
C1CCC(CCC2CCCC(C3CCCCC3)C2)CC1
C1CCC(CCC2CCC(CC3CCCCC3)CC2)CC1
C1CCC(CCCC2CCC(CC3CCCCC3)CC2CCC2CCCCC2)CC1
C1CCC(CC2CCC(CC3CCCCC3CC3CCCCC3)CC2)CC1
C1CCC(CC2CCCCC2CCCC2CCCCC2C2CCC3CCCC3C2)CC1
C1CCC(CC2CCCC(C3CCCC(C4CCCCC4)C3)C2)CC1
C1CCC(C2CCC(C3CCCCC3)CC2)CC1
C1CCC(C2CCC(C3CCCC(CCCC4CC5CCCCC5C4)C3)CC2)CC1
C1CCC(C2CCCC(CC3CCC(CCC4CC4)CC3)C2)CC1
C1CCC(CCCCC2CC(CC3CCCC3)CC(C3CCCCC3)C2)CC1
C1CCC(CCCC2CCCCC2C2CCCCC2)CC1
C1CCC(CC2CCC3C(C2)C(CC2CCCCC2)CC3C2CCCCC2)CC1
C1CCC(C2CCCC(C3CCCC(C4CCCCC4)C3)C2)CC1
C1CCC(C2CCCCC2CC2CC(C3CCC4CCCCC4C3)C3CCCCC23)CC1
C1CCC(CCC(CC2CCCC(C3CCCC(C4CCC4)C3)C2)C2CCC(C3CC3)CC2)C1
C1CCC(CCCC2CCCC(CCC3CCCC(C4CCCCC4)C3)C2)CC1
C1CCC(CCC2CCCCC2C2CCC(C3CCC4CCCC4C3)CC2CC2CCC3CCCCC32)C1
C1CCC(C2CCCCC2CCC2CCC(C3CCC3)CC2)CC1
C1CCC(CC2CCC(C3CCC(C4CCCCC4)CC3)CC2)CC1
C1CCC(C2CCCC(C3CCCC(C4CCCCC4)C3)C2)CC1
C1CCC(C2CCCC(C3CCCC3)C2C2CCCC(C3CCCC(C4CC4)C3)C2)CC1
C1CC(CCC2CCC(C3CCC(C4CC5CCCCC5C4)CC3)CC2)C1
C1CCC(C2CCC(C3CCC(C4CCCC(C5CC5)C4)CC3)CC2)CC1
C1CCC(CCCC2CCCCC2C2CCCC2)CC1
C1CCC(CC2CCC(CC3CC4CCC(C5CC5)CC4C(C4CCCCC4)C3)CC2)CC1
C1CCC(CCC2CCC(C3CCCCC3)C2)CC1
C1CCC(CCC2CCCCC2)CC1
C1CCC(C2CCCC(C3CC(CC4CCCC4)C4CCCCC43)C2)CC1
C1CCC(CCC2CCCC(C3CCCCC3)C2)CC1
C1CCC(CC2CCCCC2C2CCC3C(CCC3C3CCCCC3)C2)CC1
C1CCC(C2CCC(CCCC3CC(C4CCCCC4)CC(C4CCCC4)C3)CC2)CC1
C1CCC(C2CCCC(C3CCC(CC4CCC(C5CCC5)CC4)CC3)C2)CC1
C1CCC(C2CCCCC2CCCC2CCCC(C3CC4CCCCC4C3)C2)CC1
C1CCC(CC2CCC(CC3CCCCC3)C(CC3CCCCC3)C2)CC1
C1CCC(CC2CCC(CC3CC(C4CCCCC4)C4CCCCC34)CC2)CC1
C1CCC(CC2CCCCC2C2CCCC(C3CCCC3)C2)CC1
C1CCC(CC2CCCC(C3CCC4CCCCC43)C2)CC1
C1CCC(CC2CCC(CC3CCCC(C4CCCCC4)C3)CC2)CC1
C1CCC(CC2CCC(CC3CCCC3)CC2)CC1
C1CCC(C2CCC(CCC3CC4CCCCC4C(C4CCCCC4)C3)CC2C2CC3CCCCC3C2)CC1
C1CCC(C2CCC(CC3CCC(CCC4CC5CCCCC5C4)CC3)CC2)C1
C1CCC(CC2CCC(CC3CCCCC3)CC2)CC1
C1CCC(CCCC2CCCC(C3CCC(CCC4CCCCC4)CC3)C2)CC1
C1CCC(C2CCC(C3CCCC3)CC2)CC1
C1CCC(C2CCC(CCC3CCC(C4CCCC4)CC3)CC2)CC1
C1CCC(C2CCC(CC3CC4CCCCC4C3)C(C3CCCCC3)C2)CC1
C1CCC(C2CCC(C3CCCC(C4CCCCC4)C3)CC2)CC1
C1CCC(CC2CCCCC2CC2CCCCC2)CC1
C1CCC(CC2CCC3CC(C4CCCC(C5CCC6CCCC6C5)C4)CCC23)C1
C1CCC(CC2CCC(CCCC3CCC(C4CCCC(CC5CC6CCCCC6C5)C4)CC3)CC2)CC1
C1CCC(CCCCC2CC(CC3CCCCC3)CC(C3CCCCC3)C2)CC1
C1CCC(CC2CCC(CC3CCCCC3)CC2)CC1
C1CCC(CCCCCC2CCCC(C3CCC(CC4CCCCC4)CC3)C2)CC1
C1CCC(C2CCCCC2C2CCC(CCC3CC4CCCCC4C3)CC2)CC1
C1CCC(C(C2CCCCC2)C2CCCCC2C2CCCC2)CC1
C1CCC(CC2CCC(C3CCCCC3)CC2)CC1
C1CCC(CCCC2CCC(C3CCCC4CCCCC43)CC2)C1
C1CCC(C2CCCC(C3CCC(C4CCC(C5CCCC5)CC4)CC3)C2)CC1
C1CCC(CC2CCCC(C3CCCC(C4CCC(C5CCC6CCCCC6C5)CC4)C3)C2)C1
C1CCC(C2CCC(C3CCCCC3)C(C3CCCCC3)C2)CC1
C1CCC(CC2CCC(CC3CCCCC3)CC2)CC1
C1CCC(CCCC2CCCC(CC3CCC3)C2)CC1
C1CCC(CCC2CCCC(CC3CCCCC3)C2)CC1
C1CCC(CCCC2CCCC(C3CCCCC3)C2)CC1
C1CCC(CC2CC(C3CCC(CC4CCC(CC5CC5)CC4)CC3)C3CCCCC23)CC1
C1CCC(CC2CCC(C3CCCC(C4CC(C5CCCCC5)C5CCCCC45)C3)CC2)CC1
C1CCC(C2CCCC(C3CCCCC3)C2)CC1
C1CCC(CC2CCC(C3CCCC(CC4CCCCC4)C3)CC2)CC1
C1CCC(C2CCC(C3CCCC(C4CCC(C5CCCC5)CC4)C3)CC2)CC1
C1CCC(CCCC2CCC(CCC3CCCCC3)CC2)CC1
C1CCC(CCCC2CCCCC2CC2CCCCC2)CC1
C1CCC(CC2CCC(C3CCC(CC4CCCC(C5CCCC5)C4)CC3)CC2)C1
C1CCC(CCC2CCCCC2C2CCCCC2C2CCC3CCCC3C2)CC1
C1CCC(C2CCCC(C3CCC4CCCCC43)C2)CC1
C1CCC(CCCC2CCCC(CC3CCCC(CC4CCCCC4)C3)C2)CC1
C1CCC(CCCCC2CCC(C3CCC(C4CCC(C5CCCC5)CC4)CC3)CC2)CC1
C1CCC(C2CCC(CCC3CCC(C4CCCCC4)CC3)CC2)CC1
C1CCC(CC2CCCC(C3CCC(CC4CC(C5CCCCC5)C5CCCCC45)CC3)C2)CC1
C1CCC(CC2CCC(C3CCCCC3CCC3CCC4CCCCC43)CC2)CC1
C1CCC(CCC2CCC(C3CCCC(C4CCC(C5CCCCC5)C4)C3)CC2)CC1
C1CCC(CC2CCC(CCCC3CCC(C4CCCCC4)CC3)CC2)CC1
C1CCC(CCCC2CCC(CC3CCC(CC4CCCCC4)CC3)CC2)CC1
C1CCC(C2CCCCC2)CC1
C1CCC(C2CCCC(C3CC(CCCC4CCC4)CC(C4CCCCC4)C3)C2)CC1
C1CCC(CCC2CCC(C3CCCCC3CC3CCCCC3)C2)CC1
C1CCC(C2CCC(C3CCCCC3C3CCCCC3)CC2)CC1
C1CCC(CC2CCC3CC(C4CCC5CCCCC54)CC(C4CCCCC4)C3C2)CC1
C1CCC(C2CCCCC2C2CCC2)CC1
C1CCC(CCCC2CCCC(C3CCC(C4CCCCC4C4CCCCC4)CC3)C2)CC1
C1CCC(CCC2CCC(C3CCC4CCCCC4C3)CC2)CC1
C1CCC(C2CCC(CCCCC3CCCCC3C3CCCCC3)CC2)CC1
C1CCC(C2CCC(CC3CCCC(C4CCC(C5CC5)CC4)C3)CC2)CC1
C1CCC(CCC2CCCC(CC3CCC(C4CCCCC4)CC3)C2)CC1
C1CCC(CCCCC2CCCC(C3CCCCC3)C2)CC1
C1CCC(CCC2CC(C3CCCCC3)CC(C3CCCC(C4CCCC4)C3)C2)CC1
C1CCC(CC2CC(C3CCCCC3)C3CC(C4CCCCC4)CCC23)CC1
C1CCC(CC2CCC(C3CCC4CCCC(C5CCCCC5)C4C3)CC2)CC1
C1CCC(CCC2CCCC(CC3CCC(C4CC4)CC3C3CCCCC3)C2)CC1
C1CCC(CCCCC2CC(C3CCCCC3)CCC2C2CCCCC2)CC1
C1CCC(C2CCC(C3CCC(C4CCCCC4)CC3C3CCCC(C4CCCCC4)C3)CC2)CC1
C1CCC(CCCC2CCCCC2)CC1
C1CCC(CCCC2CCCCC2C2CCCC(CC3CCCCC3)C2)CC1
C1CCC(C2CCCC(C3CC(CC4CCCC4)C4CCCCC43)C2)CC1
C1CCC(C2CCC(C3CCCCC3)CC2)CC1
C1CCC(CCCC(CC2CCC(CC3CCCCC3)CC2)C2CCCCC2)CC1
C1CCC(C2CCCCC2CC2CCC3CCCCC32)CC1
C1CCC(C2CCC(C3CCC4CCCCC4C3)CC2)CC1
C1CCC(CC2CCCCC2C2CCC2)CC1
C1CCC(CCC2CCCC(CCC3CCCC(C4CCCCC4)C3)C2)CC1
C1CCC(CCC2CCCCC2C2CCCCC2)CC1
C1CCC(C2CCC(CCCC3CCC(C4CC4)CC3C3CCC4CCCC4C3)CC2)CC1
C1CCC(CCC2CCC(C3CCC(CC4CCCCC4)CC3)CC2)CC1
C1CCC(C2CCC(C3CCCC(CC4CC5CCCCC5C4)C3)CC2)CC1
C1CCC(CC2CCC(C3CCC(C4CCC(CC5CCC(C6CCCCC6)CC5)CC4)CC3)C2)CC1
C1CCC(CC2CCC(C3CC(C4CCCCC4)CC(C4CCCCC4)C3)CC2)CC1
C1CCC(CCCCC2CCC(C3CCCCC3)CC2)CC1
C1CCC(CC2CCCC(C3CCC4CCCCC4C3)C2)CC1
C1CCC(CC2CCC3C(CCC3C3CCCCC3)C2)CC1
C1CCC(C2CCCCC2C2CCCCC2C2CCCC2)CC1
C1CCC(CC2CCCC(CC3CCC(C4CCCC4)CC3)C2)CC1
C1CCC(CCC2CCCC(C3CCCCC3)C2)CC1
C1CCC(CCC2CC(C3CCCCC3)CC(C3CC3)C2)CC1
C1CCC(C2CCC(CCC3CC(C4CCCCC4)CC(C4CCC4)C3)CC2)CC1
C1CCC(CC2CCCCC2C2CC(C3CCCCC3)CC(C3CCC3)C2)CC1
C1CCC(C2CCCCC2C2CCCCC2C2CCC3CCCC3C2)CC1
C1CCC(CC2CCC(C3CC(C4CCCCC4)C3)CC2)CC1
C1CCC(CCCC2CCCC(C(CC3CCCCC3)C3CCCC3)C2)CC1
C1CCC(CCC2CC(CC3CCCCC3)CC(C3CCCCC3)C2)CC1
C1CCC(C2CCC(CC3CCCC(C4CCCCC4)C3)CC2)CC1
C1CCC(C2CCCC(C3CCCC(C4CCCCC4)C3)C2)CC1
C1CCC(CC2CCC(C3CCCCC3)CC2)CC1
C1CCC(CCC2CCC(CC3CCCC(C4CCCCC4)C3)CC2)CC1
C1CCC(C2CCC(C3CCCC(C4CCCC(C5CCCC5)C4)C3)CC2)CC1
C1CCC(CC2CCC(CC3CCCCC3)CC2)CC1
C1CCC(CCC2CCCCC2CC2CCCCC2)CC1
C1CCC(C2CCCCC2CCCC2CCCCC2C2CCCCC2C2CCCC2)CC1
C1CCC(CCC2CCC(CCCC3CCCC(CC4CC4)C3)CC2)CC1
C1CCC(C2CCCCC2C2CCCCC2C2CCCC2)CC1
C1CCC(CC2CCC(C3CCC(CCC(C4CCCCC4)C4CCC4)C3)CC2)CC1
C1CCC(CC2CCCCC2C2CCC(C3CCCCC3)CC2)CC1
C1CCC(CC2CCCCC2CC2CCCCC2C2CCCCC2)CC1
C1CCC2C(C1)CCC2C1CCCC(CC2CC3CCCCC3C(C3CCCC3C3CCCC3)C2)C1
C1CCC(CC2CCC(C3CCC(CC4CCCCC4)CC3)CC2)CC1
C1CCC(CCCC2CCCC(CC3CCCCC3)C2)CC1
C1CCC(CCC(CC2CCCCC2C2CCCC2)CC2CCCC3CCCCC32)CC1
C1CCC(CC2CCC(CC3CCC(C4CC4)CC3CCC3CC4CCCCC4C3)CC2)CC1
C1CCC(CC2CC(CCC3CCC(C4CCCCC4)CC3)C3CCCCC23)CC1
C1CCC(CCC2CCCC(C3CCC(C4CCC5CCCCC54)CC3)C2)CC1
C1CCC(CCCCC2CC(CC3CCCCC3)CCC2C2CCCC(CC3CC3)C2)CC1
C1CCC(C2CCCCC2C2CCCCC2)CC1
C1CCC(CC2CCC(CCC3CCC(CCC4CCCC4)CC3)CC2)CC1
C1CCC(CC2CCC(C3CCCCC3)CC2)CC1
C1CCC(CCCC2CCCC(C3CCCCC3)C2)CC1
C1CCC(CC2CC(C3CCCCC3)CCC2C2CCCCC2)CC1
C(CCC1CCCCC1C1CCC2CCCC2C1)CC1CCCC(C2CCC(C3CCCC3)CC2)C1
C1CCC(CCC2CCC(CC3CCCCC3)CC2)CC1
C1CCC(CCCC2CCC(CC3CCC(CCC4CCCCC4)CC3)CC2)CC1
C1CCC(CC2CCCC(C3CCCC(CCC4CCCC5CCCCC54)C3)C2)C1
C1CCC(CC2CCCC(C3CCC(CCCC4CC4)CC3)C2)CC1
C1CCC(C2CCC(C3CCCCC3C3CCC4CCCCC4C3)CC2)CC1
C1CCC(CCC2CCCC(C3CCCCC3)C2)CC1
C1CCC(CC2CCC(C3CCC(C4CCCC(CC5CC5)C4)CC3)CC2)CC1
C1CCC(CC2CCC(C3CCCCC3)CC2)CC1
C1CCC(CCC2CC3CCC(C4CCCCC4)CC3C(C3CCCCC3)C2)CC1
C1CCC(C2CCCC(C3CCCCC3C3CCCC3)C2)CC1
C1CCC(CC2CC(C3CCCCC3)CC(C3CCCCC3)C2)CC1
C1CCC(CC2CCCC(C3CCC(C4CCCCC4C4CCCC4)CC3)C2)CC1
C1CCC(CC2CCCC3CC(C4CCCCC4C4CCC5CCCC5C4)CCC23)C1
C1CCC(CC2CCC(C3CCCC(C4CCCC(CC5CC5)C4)C3)CC2)CC1
C1CCC(CCCC2CC(C3CCC(C4CCCCC4)CC3)C3CCCCC23)CC1
C1CCC(C2CCCC(C3CCCCC3C3CCCC3)C2)C(CC2CC2)C1
C1CCC(CC2CCC(C3CCCC(CC4CC5CCCCC5C4)C3)CC2)CC1
C1CCC(CC2CCC(CC3CCCCC3)CC2)CC1
C1CCC(CCC2CCCC(CCC3CCCCC3)C2)CC1
C1CCC(CCCC2CCC(C3CCCCC3)CC2)CC1
C1CCC(CC2CCC(CC3CCCC(CC4CCCCC4)C3)CC2)CC1
C1CCC(CC2CCCC(C3CCC(C4CCC5CCCC5C4)CC3)C2)CC1
C1CCC(CC2CCC3CCC(C4CCC(C5CCCCC5)CC4)CC32)CC1
C1CCC(CCC2CCC(CC3CCC(CC4CCCCC4)CC3)CC2)CC1
C1CCC(CC2CCCC(CCCC3CCCC(CC4CCCCC4)C3)C2)CC1
C1CCC(CCC2CCCC(CCC3CCCCC3)C2)CC1
C1CCC(CCC2CCC(CCCC3CCCC(C4CCCC(C5CCCCC5)C4)C3)CC2)CC1
C1CCC(CC2CCCC(CC3CCCC(C4CCCC(C5CCCC5)C4)C3)C2)CC1
C1CCC(CCC2CCC(CC3CCCCC3)CC2)CC1
C1CCC(CCC2CCCC(C3CCCC(C4CCCCC4)C3)C2)CC1
C1CCC(CC2CCC(CC3CCC(C4CCC(CC5CC6CCCCC6C5)CC4)CC3)CC2)CC1
C1CCC(C2CCCCC2C2CCCCC2)CC1
C1CCC(C2CCCCC2CCCCC2CCC(C3CC3)CC2)CC1
C1CCC(CC2CCC(CC3CCCC(CC4CCCCC4)C3)CC2)CC1
C1CCC(C2CCC(C3CCC(C4CCCC4)C3C3CCCC(C4CCCCC4)C3)CC2)CC1
C1CCC(CCCC2CCCC(C3CCCC(C4CCCCC4)C3)C2)CC1
C1CCC(CC2CCCC(C3CCCCC3CC3CCCC3)C2)CC1
C1CCC(C2CCCC(C3CCC4C(CCCC4C4CCCC(C5CC5)C4)C3)C2)CC1
C(CCC1CCC(CCCCC2CC3CCCCC3C2)CC1)CCC1CCC(CC2CCCCC2)CC1
C1CCC(CC2CCC(C3CCCC(C4CCCCC4)C3)CC2)CC1
C1CCC(C2CCC(CCCC3CCC(C4CCCC4)CC3)CC2)CC1
C1CCC(CCC2CCCCC2C2CCCCC2)CC1
C1CCC(CCC2CCC(C3CCCC(CCCC4CCC(CC5CCCCC5)CC4)C3)CC2)CC1
C1CCC(C2CCC(CCCC3CCCCC3C3CCCCC3)CC2)CC1
C1CCC(C2CCCCC2)CC1
C1CCC(CC2CCC(C3CCCC(CC4CCCCC4)C3)CC2)CC1
C1CCC(CCC2CCC(CC3CCCC(C4CCC(C5CCCCC5)CC4C4CCCC4)C3)CC2)CC1
C1CCC(C2CCC3CC(C4CCC(CC5CCCC5)CC4)CCC3C2)CC1
C(CC1CCCC(CC2CCC3CCCCC32)C1)CC1CC2CCCCC2C1
C1CCC(CC2CCC(C3CCCCC3)C2)CC1
C1CCC(CCC2CCCCC2CC2CCCC(C3CCCCC3)C2)CC1
C1CCC(CCC2CCCCC2C2CCC(C3CCCCC3CC3CCCCC3)CC2)CC1
C1CCC(C2CCCC(C(C3CCCC3)C3CCCC3)C2)CC1
C1CCC(CCCC2CCC(CC3CCCCC3)CC2)CC1
C1CCC(C2CCC(CC3CCC(CCC4CCCCC4C4CCCCC4)CC3)CC2)CC1
C1CCC(CCC2CCCC2C2CCCC(C3CCCCC3)C2)CC1
C1CCC(CC2CCC(CC3CCCC4CC(C5CCCCC5)CCC34)CC2)CC1
C1CCC(CC2CCCC(CC3CCC(C4CC4)CC3)C2)CC1
C1CCC(CC2CCC(C3CCCC(C4CCCCC4)C3)CC2)CC1
C1CCC(C2CCCC(CCC3CCCC(CCC4CC5CCCCC5C4)C3)C2)CC1
C1CCC(CC2CC(C3CCCCC3)CCC2C2CCCC(C3CCCC(C4CCCCC4)C3)C2)CC1
C1CCC(CCC2CCCC(C3CCCCC3)C2)CC1
C1CCC(CCC2CCC(CC3CCCCC3)CC2)CC1
C1CCC(C2CCC(C3CCCCC3CC3CCC4CCCCC4C3)CC2)CC1
C1CCC(CCC2CCC(CC3CCCCC3)CC2)CC1
C1CCC(CCCCCC2CCC(C3CCCC(C4CCCCC4C4CCCCC4)C3)CC2)CC1
C1CCC(CC2CCC(C3CCCCC3)CC2)CC1
C(CCCC1CCC(CCC2CCCCC2)CC1)CCC1CCCCC1
C1CCC(C2CCC(CC3CCCC(C4CCCCC4)C3)CC2)CC1
C1CCC(CC2CC(CC3CCC(C4CCCCC4)CC3)C3CCCCC23)CC1
C1CCC(CCC2CCC(CCC3CCCCC3)CC2)CC1
C1CCC(CC2CCCC(CCC3CC4CCCCC4C3)C2)CC1
C1CCC(CC2CCC(CCC3CCC(CC4CCCCC4)CC3)CC2)CC1
C1CCC(CC2CC(C3CCCCC3)CC(C3CCCCC3)C2)CC1
C1CCC(CCCC2CCCC(C3CCCCC3)C2)CC1
C1CCC(C2CCCC(CC3CCC(C4CCCC(C5CCCCC5)C4)CC3)C2)CC1
C1CCC(CC2CCCCC2C2CCCCC2)CC1
C1CCC(CCC2CCCC3CC(C4CCCCC4CC4CCCCC4)CCC23)CC1
C1CCC(CC2CCC(CCC3CCC(C4CCCC4)CC3)CC2)CC1
C1CCC(C2CCCC(CC3CCC(CC4CCC4)CC3)C2)CC1
C1CCC(CC2CC(C3CCC(C4CCCCC4)CC3)C3CCCCC23)CC1
C1CCC(C2CCCC(C3CCCC3C3CCCCC3)C2)CC1
C1CCC(CCC2CCC(C3CCCCC3)CC2)CC1
C1CCC(CC2CCCCC2CC2CCC3CC(C4CCCCC4)CCC3C2)CC1
C1CCC(CC2CCC(C3CCC4CCCCC4C3)CC2)CC1
C1CCC(C2CCCCC2C2CCC2)CC1
C1CCC(CC2CCC(CCC3CCCC(C4CCCCC4)C3)CC2)CC1
C1CCC(CC2CCC(CCC3CCCC(C4CCCCC4)C3)CC2)CC1
C1CCC(CC2CCC(C3CCC(C4CCCCC4)CC3)CC2)CC1
C1CCC(CC2CCCC(C3CCCC(C4CCCCC4C4CCCC4)C3)C2)CC1
C1CCC(CCCC2CCC(CCC3CCC(CC4CCCCC4)CC3)CC2)CC1
C1CCC(CCC2CC(C3CCCCC3)CC(C3CCCCC3)C2)CC1
C1CCC(CC2CCCCC2C(CC2CCC(C3CCCC3)CC2)C2CCCCC2)CC1
C1CCC(CC2CCCC(C3CCCC(C4CCCCC4)C3)C2)CC1
C1CCC(CCC2CCC(CC3CCC(C4CCC5CC(C6CCCC6)CCC5C4)CC3)CC2)CC1
C1CCC(CC2CCC(C3CCCCC3)CC2)CC1
C1CCC(CC2CCC(CCCC3CCC(C4CCCC(C5CCCCC5)C4)CC3)CC2)CC1
C1CCC(CCC2CCC(CCC3CCC(C4CCCCC4)CC3)CC2)CC1
C1CCC(C2CCCC(C3CCCCC3C3CCCCC3)C2)CC1
C1CCC(CCC2CCC(C3CCCC(C4CCCCC4C4CCCCC4)C3)CC2)CC1
C1CCC(CCCC2CCCCC2C2CCCCC2)CC1
C1CCC(CC2CCCC(C3CCCCC3)C2)CC1
C1CCC(C2CCCC(C3CCCC(C4CCCCC4)C3)C2)CC1
C1CCC(C2CCC(CCC3CCCC(C4CCCCC4)C3)CC2)CC1
C1CCC(CC2CCCC(C3CCCCC3)C2)CC1
C1CCC(CCC2CCC(C3CCCC(C4CCCCC4)C3)CC2CC2CCC2)CC1
C1CCC(CCC2CCC(CC3CCCCC3)CC2)CC1
C1CCC(CC2CCC(CC3CCC(CCC4CCCCC4C4CCCC4)CC3)CC2)CC1
C1CCC(CCC2CCC(CC3CCC(CC4CCC(CCC5CCC6CCCC6C5)CC4)CC3)CC2)CC1
C1CCC(C2CCCC(CC3CCC(C4CCCCC4C4CCCCC4)C3)C2)CC1
C1CCC(CCC2CCCC(CCCCC3CCCC4CCCCC34)C2)CC1
C1CCC(CCCC2CC(CC3CCCCC3)CC(CC3CCCC3)C2)CC1
C1CCC(C2CCCCC2C2CCC3CCCCC3C2)CC1
C1CCC(CCCC2CCC(C3CCCC3)CC2)CC1
C1CCC(CC2CCCCC2)CC1
C1CCC(C2CCCCC2CC2CCC(C3CCCC3)CC2)CC1
C1CCC(CCC2CCC(C3CCC4CCCC4C3)CC2)CC1
C1CCC(CCC2CCCCC2C2CCCC(C3CCC(C4CCCCC4)CC3)C2)CC1
C1CCC(CCC2CCCCC2)CC1
C1CCC(CC2CCCC(CCCC3CCC(C4CCCCC4)CC3)C2)CC1
C1CCC(CCC2CCC(C3CCCCC3)CC2CC2CCCCC2)CC1
C1CC(CCC2CCCCC2C2CCC3CCCC3C2)CC(CC2CC3CCCCC3C2)C1
C1CCC(CC2CCCC(C3CCC(CC4CCCC4)CC3)C2)CC1
C1CCC(CCCC2CCC(CCC3CCCCC3)CC2)CC1
C1CCC(CC2CCC(CC3CCCC3C3CCCCC3C3CCCCC3)CC2)CC1
C1CCC(CC2CCC(CC3CCCCC3CC3CCCCC3)CC2)CC1
C1CCC(CC2CCCC(C3CCCCC3CC3CC4CCCCC4C3)C2)CC1
C1CCC(C2CCCC(CC3CCCCC3CC3CCCC(C4CCCC(C5CCCC5)C4)C3)C2)CC1
C1CCC(CC2CCCCC2C2CCCC2)CC1
C1CCC(CC2CCCC(CC3CC(C4CCCCC4)C4CCCCC34)C2)CC1
C1CCC(CCC2CCCCC2CC2CCC(C3CCCCC3)CC2C2CCCC2)CC1
C1CCC(C2CCC(CC3CCCC(C4CCCCC4)C3)CC2)CC1
C1CCC(CCC(C2CC2)C2CCCC(CC3CCCCC3)C2)CC1
C1CCC(CC2CCC(C3CCCCC3)CC2)CC1
C1CCC(CC2CCC(C3CCCC(CC4CCC(CC5CC6CCCCC6C5)CC4)C3)CC2)CC1
C1CCC(C2CCCC(C3CCC(CCC4CC4)CC3)C2)CC1
C1CCC(CC2CCC(C3CCC(C4CC5CCCCC5C4)CC3)CC2C2CCCC(C3CCCCC3)C2)CC1
C1CCC(CC2CCC(C3CCCC(CC4CC4)C3)CC2)CC1
C1CCC(C2CC(C3CCCC(C4CCC4)C3)CC(C3CCC3)C2C2CCCCC2)CC1
C1CCC(CC2CCCCC2C2CCC3C(CCCC3C3CCCCC3CC3CCCCC3)C2)CC1
C1CCC(CC2CCCC(CCCCCC3CCC(CC4CCCCC4C4CCC4)CC3)C2)CC1
C1CCC(CCC2CCCC(C3CC(C4CCCCC4)CC(C4CCC4)C3)C2)CC1
C1CC2CCC(C3CCCC(C4CC(C5CC5)CC(C5CCC6CCCCC65)C4)C3)CC2C1
C1CCC(CC2CCC(C3CCCC3)C(CC3CCCCC3)C2)CC1
C1CCC(CC2CCC(C3CCCCC3CC3CCCC(C4CCC5CCCCC5C4)C3)CC2)CC1
C1CCC(CCCC2CCCCC2)CC1
C1CCC(C2CCC(C3CCCC(C4CCCCC4)C3)CC2)CC1
C1CCC(CCCC2CCC(C3CCCC(CC4CCCC4)C3)CC2)CC1
C1CCC(C2CCC(CC3CCC(CCC4CCCC4)CC3)CC2)CC1
C1CCC(CC2CCCC(C3CCCC(C4CCCCC4)C3)C2)CC1
C1CCC(C2CCCC(C3CCC(CC4CCC(C5CCC6CCCC6C5)CC4)CC3)C2)CC1
C1CCC(C2CC(C3CCC3)CC(C3CCCC3C3CCCCC3)C2)CC1
C1CCC(C2CCC(C3CCCCC3)CC2)CC1
C1CCC(CC2CCC(C3CCCCC3)CC2)CC1
C1CCC(CC2CCC(CCC3CCCC(C4CCCCC4)C3)CC2)CC1
C1CCC(C2CCC(C3CCCC(CC4CC5CC6CCCCC6C5C4)C3)CC2)CC1
C1CCC(CCC2CCCC(CC3CCC4CCCCC4C3)C2)CC1
C1CCC(C2CCCC(C3CCCC4CC(C5CCCCC5)CCC43)C2)CC1
C1CCC(CC2CCC(CC3CCC(C4CCC5CCCCC54)CC3)CC2)CC1
C1CCC(C2CCC(C3CCCC(C4CCCCC4)C3)CC2)CC1
C1CCC(CC2CCC(C3CC4CCCCC4C3)CC2)CC1
C1CCC(CC2CCCCC2C2CCCC(C3CCCCC3)C2)CC1
C1CCC(CCC2CCC(CC3CCCCC3)CC2)CC1
C1CCC(C2CC(CCC3CCCC4CCCCC43)CC(C3CCCC3)C2)CC1
C1CCC(CCC2CCCC(C3CCCC(C4CCCCC4)C3)C2)CC1
C1CCC(CC2CCC(CC3CCC(C4CCC(C5CCCCC5)CC4)CC3)CC2)CC1
C1CCC(CCC2CCC(CC3CCCCC3)CC2)CC1
C1CCC(C2CCCCC2C2CCC(C3CC3)CC2C2CCCCC2)CC1
C1CCC(CC2CC(C3CCC(C4CCCCC4)CC3)C3CCCCC23)CC1
C1CCC(CC2CCC(C3CCC(CC4CCCC(C5CCCCC5)C4)CC3)CC2)CC1
C1CCC(CC2CCC(CC3CCCC(C4CCCCC4)C3)CC2)CC1
C1CCC(CC2CCCC(C3CC(C4CCCCC4)C4CC(CC5CCCCC5)CCC34)C2)CC1
C1CCC(C2CC(CC3CCCC(CC4CC4)C3)CCC2C2CCCC2)CC1
C1CCC(CC2CCCC(C3CCCCC3CC3CCCCC3)C2)CC1
C1CCC(C2CCC(C3CCCC(C4CCCCC4)C3)CC2)CC1
C1CCC(C2CCC3C(CCCC3C3CCC4C(CCC4C4CCCC4)C3)C2)CC1
C1CCC(CCCC2CCC(CC3CCCCC3)CC2)CC1
C1CCC(C2CCCC(CC3CCCC(C4CCCCC4)C3)C2)CC1
C1CCC(CCCCC(CCCC2CCCC(CC3CC4CCCCC4C3)C2)CC2CCCCC2)CC1
C1CCC(C2CC(C3CCCCC3)CC(C3CCC(CC4CC5CCCCC5C4)CC3)C2)CC1
C1CCC(C2CCCC(CC3CCC4CCCC(C5CCCCC5)C4C3)C2)CC1
C1CCC(CC2CCC(C3CCC(C4CCC5C(CCCC5C5CCC6CCCC6C5)C4)CC3)CC2)CC1
C1CCC(C2CCCC(C3CCCCC3)C2)CC1
C1CCC(CC2CCCC(C3CCCC(C4CCC5CCCC5C4)C3)C2)CC1
C1CCC(CCC2CCCC(C3CCC(CC4CC5CCCCC5C4)CC3)C2)CC1
C1CCC(CC2CCC(CCC3CC4CCCCC4C3)CC2)CC1
C1CCC(CC2CCC(C3CCCCC3)CC2)CC1
C1CCC(CC2CCCCC2C2CCCC(C3CCCCC3C3CCCCC3)C2)CC1
C1CCC(CC2CCC(CC3CCCCC3C3CCCCC3)CC2)CC1
C1CCC(CCCC2CC3CCC(C4CCCC4)CC3C(C3CCCCC3)C2)CC1
C1CCC(CCC2CCCC(C3CCCC(C4CCCC4)C3)C2)CC1
C1CCC(C2CCCCC2C2CCC3C(CCC3C3CCCC3)C2)CC1
C1CCC(CCC2CC(CC3CCCCC3C3CCC(C4CCCCC4)CC3)C3CCCCC23)CC1
C1CCC(CC2CC3CC(C4CCCCC4)CCC3C(C3CC3)C2)CC1
C1CCC(C2CCCC(CCC3CCC(CC4CCCC(C5CCCCC5)C4)CC3)C2)CC1
C1CCC(CC2CCC(C3CCC(C4CCCCC4)CC3)C(C3CCCCC3)C2)CC1
C1CCC(CCCC2CCC(CC3CC3)CC2CCC2CCCCC2)CC1
C1CCC(CC2CCC(CCCC3CCC(CC4CCC(CC5CCCCC5)CC4)CC3)CC2)CC1
C1CCC(C2CCC(C3CCCCC3)CC2)CC1
C1CCC(CC2CCCCC2)CC1
C1CCC(C2CCCC(C3CCCCC3)C2)CC1
C1CCC2CC(C3CCC(CCC4CC5CCCCC5C4)CC3)CCC2C1
C1CCC(CC2CCCC(CC3CCCC(C4CCCC(CC5CCCCC5)C4)C3)C2)CC1
C1CCC(C2CCCCC2)CC1
C1CCC(C2CCC(C3CCC(CC4CC5CCCCC5C4)CC3)C(C3CCC4CCCC4C3)C2)CC1
C1CCC(C2CCC(CC3CC(C4CCCCC4)C4CCCCC34)C2)CC1
C1CCC(CC2CCC3CC(C4CCC(C5CC5)CC4)CCC3C2)CC1
C1CCC(CCC2CCC(CC3CCC(CCC4CCC(CCC5CCCC5)CC4)CC3)CC2)CC1
C1CCC(C2CCC(C3CCCCC3C3CCCCC3C3CCCCC3)CC2)CC1
C1CCC(CC2CCC(C3CC(C4CCCCC4)C4CCCCC34)CC2)CC1
C1CCC(C2CCCCC2CC2CCC3CCCC(C4CCCCC4)C3C2)CC1
C1CCC(C2CCC(CC3CCCC3)CC2)CC1
C1CCC(CCC2CCCCC2)CC1
C1CCC(CC(CCC2CCCCC2C2CCCCC2)C2CCCCC2)CC1
C1CCC(C2CCCCC2CCC2CCC(C3CCC3)CC2)CC1
C1CCC(C2CCCCC2C2CCC(CC3CCC4CCCC4C3)CC2)CC1
C1CCC(CC2CCC(C3CCCCC3C3CCCCC3)CC2)CC1
C1CCC(CC2CCC3C(C4CCCCC4)CC(C4CCCC4)C3C2)CC1
C1CCC(CC2CCC(C3CCC(CC4CCCC4)CC3)CC2)CC1
C1CCC(CC2CCCCC2CCCC2CCC(C3CCCCC3)C(C3CCCCC3)C2)CC1
C1CCC(CC2CCC(CC3CCCCC3)CC2)CC1
C1CCC(CCCCCC2CCC(C3CCCC(C4CCCCC4)C3)CC2)CC1
C1CCC(CC2CCCC(C3CCCCC3)C2)CC1
C1CCC(CC2CCC(C3CCCC3C3CCCC(C4CCCCC4)C3)CC2)CC1
C1CCC(CC2CCCC(CCCC3CCCC(CC4CCCC4)C3)C2)CC1
C1CCC(CCC2CCCCC2CCC2CCCCC2)CC1
C1CCC(CC2CCC(CC3CCCCC3CC3CC4CCCCC4C3)CC2)CC1
C1CCC(CCC2CCCC(CC3CCC(CC4CC4)CC3)C2)CC1
C1CCC(CC2CC(C3CCCC(CC4CCCC(C5CCCCC5)C4)C3)C3CCCCC23)CC1
C1CCC(C2CC(C3CCC(C4CCCC4)CC3)CC3CCCCC32)CC1
C1CCC(CCC2CCC(C3CCCCC3)CC2)CC1
C1CCC(CC2CCC(C3CC(CC4CCCCC4)C4CCCCC43)CC2)CC1
C1CCC(CC2CCCCC2C2CCCCC2CC2CCCC2)CC1
C1CCC(C2CCCCC2)CC1
C1CCC(CCC2CC(C3CCCC(C4CCCCC4)C3)C3CCCCC23)CC1
C1CCC(CC2CCCC(CC3CCCCC3)C2)CC1
C1CCC(CC2CCC(CC3CCC(C4CCCCC4)CC3)C(C3CCC4CCCC4C3)C2)CC1
C1CCC(C2CCC(C3CCC(CCC4CC4)CC3)CC2C2CCCCC2)CC1
C1CCC(C2CCCCC2C2CCC3C(CCC3C3CCCC3)C2)CC1
C1CCC(CCCC2CCC(C3CCCCC3)C(CC3CCCC3)C2)CC1
C1CCC(C2CCCCC2C2CCCCC2)CC1
C1CCC(C2CCCCC2C2CCCC(C3CCCCC3C3CCCC3)C2)CC1
C1CCC(CC2CC(CC3CCCCC3)C3CCCCC23)CC1
C1CCC(C2CCC(CC3CC(CC4CCCC(C5CCCCC5)C4)C4CCCCC34)CC2)CC1
C1CCC(CC2CCCC(C3CCCC(C4CCCCC4)C3)C2)CC1
C1CCC(C2CCC(CC3CC4CCC(C5CCCCC5)CC4C(C4CCCCC4)C3)CC2)CC1
C1CCC(C2CCC3CCCCC3C2)CC1
C1CCC(CCCC2CCC(C3CCCCC3)C2C2CCCCC2)CC1
C1CCC(C2CCCC(C3CCC(C4CC(C5CCCCC5)C4)CC3)C2)CC1
C1CCC(CCCCCC2CCC(CC3CCCCC3)CC2)CC1
C1CCC(CCCC2CCCC(C3CCCCC3)C2)CC1
C1CCC(CC2CCC3C(CC4CCCCC4)CC(CC4CCC(C5CCCCC5)CC4)C3C2)CC1
C1CCC(CC2CCC(CC3CCC(C4CCCCC4)CC3)CC2)CC1
C1CCC(CC2CC(C3CCC(C4CCCC(C5CCCCC5)C4)CC3)C3CCCCC23)CC1
C1CCC(CCCC2CCC3CC(C4CCC5CCCCC54)CC(C4CCCCC4)C3C2)CC1
C1CCC(CCC2CCCC(C3CCCCC3)C2)CC1
C1CCC(CCCCCC2CCC(C3CCCCC3C3CCCCC3)CC2)CC1
C1CCC(CC2CCCCC2C2CCCCC2)CC1
C1CCC(CCC2CCCC(C3CCCC(C4CCCCC4)C3)C2)CC1
C1CCC(CC2CCC3C(CCC3C3CCCCC3)C2)CC1
C1CCC(CCC2CCCC(C3CCC(CCCCC4CCCC4)CC3)C2)CC1
C1CCC(C2CCC(C3CCCC(C4CCCC4)C3)CC2CCC2CCCC2)CC1
C1CCC(C2CCC(C3CCCC4CC(C5CCCCC5)CC43)CC2)CC1
C1CCC(CC2CCCC(C3CCCCC3CC3CCCCC3)C2)CC1
C1CCC(CC2CC(CC3CCCCC3C3CCCCC3)CC3CCC(C4CCCCC4)CC32)CC1
C1CCC(CCC2CCCC(C3CCCCC3)C2)CC1
C1CCC(CC2CCCC(C3CCCCC3)C2)CC1
C1CCC(C2CCC(CC3CCC(CC4CCCC4)CC3)CC2)CC1
C1CCC(CC2CCC(CC3CCC(CC4CCCCC4)CC3)CC2)CC1
C1CCC2CC(CC3CCC(C4CCCC(CC5CC6CCCCC6C5)C4)CC3)CCC2C1
C1CCC(CC2CCC(C3CCC(C4CCC(C5CCCCC5)CC4)CC3)CC2)CC1
C1CCC(C2CCCC(CC3CCCC(C4CCCCC4)C3)C2)CC1
C1CCC(CCC2CC(C3CCCCC3)C3CCCCC23)CC1
C1CCC(C2CCCC(C3CCCCC3)C2)CC1
C1CCC(CCC2CCC(CC3CCC(CC4CCC(C5CCCCC5)CC4)CC3)CC2)CC1
C1CCC(C2CCC(C3CCCC(CCC4CCCC(C5CCCCC5)C4)C3)CC2)CC1
C1CCC(CC2CCCC(CC3CCCC(CC4CCC(CC5CC6CCCCC6C5)CC4)C3)C2)C1
C1CCC(CC2CCC(CC3CCC(C4CCCC4)CC3)CC2)CC1
C1CCC(CCC2CCC(CC3CCCCC3)CC2)CC1
C1CCC(CC2CCC(C3CCCC(C4CCCCC4)C3)CC2)CC1
C1CCC(CC2CCCC(C3CCCC(CC4CCCCC4)C3)C2)CC1
C1CCC(CC2CCC(C3CCCC(CC4CCCCC4)C3)CC2)CC1
C1CCC(CC2CCCC(C3CCCCC3)C2)CC1
C1CCC(CC2CCCC(CC3CCCCC3)C2)CC1
C1CCC(CC2CCCCC2C2CCCC(C3CCCCC3)C2)CC1
C1CCC(CCC2CCC(C3CCCCC3)CC2)CC1
C1CCC(CCC2CCCCC2C2CCC3C(CCCC3C3CCCCC3)C2)CC1
C1CCC(C2CCCCC2C2CCC(C3CCC(CC4CC4)CC3C3CCCCC3)C2)CC1
C1CCC(C2CCC(C3CCCC4CCCCC43)CC2)CC1
C1CCC(C2CCC(C3CCCC3)CC2C2CCCCC2)CC1
C1CCC(CC2CCC(CCC3CCCC(C4CCCCC4)C3)CC2)CC1
C1CCC(CCC2CCCCC2C2CCCCC2)CC1
C1CCC(CCC2CCC(C3CCC3)CC2)CC1
C1CCC(CCCC2CCCC(C3CCCCC3)C2)CC1
C1CCC(CCC2CCCC2)CC1
C1CCC(CC2CCC(C3CCC4CCCCC43)CC2)CC1
C1CCC(CC2CCC(C3CCCC(C4CCCC(CCC5CCCC5)C4)C3)CC2)CC1
C1CCC(CC2CC(CCC3CCCC3)CC(C(C3CCCCC3)C3CCCC3)C2)CC1
C1CCC(C2CCCC(C3CCCC(C4CCC5CC(C6CC6)CCC5C4)C3)C2)CC1
C1CCC(CC2CCCCC2C2CCC3CCCCC3C2)C(CCC2CCCCC2C2CCC2)C1
C1CCC(CC2CCC(CC3CC(CC4CCCCC4)C4CCCCC34)CC2)CC1
C1CCC(CCC2CC(CC3CCCCC3)CCC2C2CCCCC2)CC1
C1CCC(CC2CCC(C3CCCC(C4CCC(C5CCC(C6CCCCC6)CC5C5CCCC5)CC4)C3)CC2)CC1
C1CCC(CC2CCCC(CCC3CCCCC3CC3CCCCC3)C2)CC1
C1CCC(C2CCC(CCC3CCC(C4CCC(C5CCCC5)CC4)CC3)CC2)CC1
C1CCC(CCCCC2CCCC(CCC3CC4CCCCC4C3)C2)CC1
C1CCC(CCCCC2CCC(C3CCCCC3)C(C3CCC(C4CCCC4)CC3)C2)CC1
C1CCC(C2CCCC(C3CCCCC3)C2)CC1
C1CCC(CC2CCCCC2CC2CC3CCCCC3C2)CC1
C1CCC(CC2CCCC(C3CCCCC3)C2)CC1
C1CCC(CC2CCC(C3CCCCC3C3CC(CC4CCCC4)C4CCCCC43)CC2)CC1
C1CCC(CC2CCCCC2C2CCC3CCCCC3C2)CC1
C1CCC(CCCCCC2CCC(CC3CCCCC3)CC2)CC1
C1CCC(C2CCC3C(CCC3C3CCCCC3)C2)CC1
C1CCC(CCC2CCCC(CCC3CCCCC3)C2)CC1
C1CCC(CCC2CCC(CC3CCCCC3C3CCCCC3)CC2)CC1
C1CC(CC2CCC(C3CCC3)CC2)CC(CC2CCCCC2C2CCCC2)C1
C1CCC(C2CCCCC2C2CCCC2)CC1
C1CCC(CC2CCC(C3CCCC(C4CCCCC4)C3)CC2)CC1
C1CCC(CC2CCC(CC3CCCCC3CC3CCCC3)CC2CC2CCCCC2)CC1
C1CCC(CCC2CCCC(CC3CCCCC3)C2)CC1
C1CCC(C2CCC(C3CCCC(C4CC5CCCCC5C4)C3)CC2)CC1
C1CCC(CC2CCC3CC(C4CCCCC4)CCC23)CC1
C1CCC(C2CCC(C3CCCC3)CC2)CC1
C1CCC(C2CCCCC2)CC1
C1CCC(CCC2CCC(C3CC4CCCCC4C3)CC2)CC1
C1CCC(C2CCC3CC(CCC4CCCC4)CC3C2)CC1
C1CCC(C2CCC(CC3CCC(CC4CCCC4)CC3)CC2)CC1
C1CCC(CC2CCC3CC(C4CCCCC4)CCC3C2)CC1
C1CCC(C2CCC3C(CC4CCCC(CCCC5CCCC5)C4)CCCC3C2)CC1
C1CCC(CC2CCC(CC3CCCC(CC4CCCCC4)C3)CC2)CC1
C1CCC(C2CCCC(CC3CCC4CCCC4C3)C2)CC1
C1CCC(CC2CCC(C3CCC4CCCCC4C3)CC2)CC1
C1CCC(CC2CC(C3CCCCC3)CC(C3CCCCC3)C2)CC1
C1CCC(CCCCC2CCCC(C3CCCC(CC4CCCCC4)C3)C2)CC1
C1CCC(CC2CCCC(C3CCCC3)C2)CC1
C1CCC(C2CCC(C3CCC(C4CCCC4)C(CC4CCCC4)C3)CC2)CC1
C1CCC(CCC2CCC(CC3CCC(CC4CCCCC4)CC3)CC2)CC1
C1CCC(CCCC2CCC(C3CCCCC3)CC2)CC1
C1CCC(CC2CCCC(CC3CCCC(C4CCCC(C5CCCCC5)C4)C3)C2)CC1
C1CCC(C2CCCC(C3CC3)C2)CC1
C1CCC(CC2CCCCC2C2CCCCC2)CC1
C1CCC(CC2CCCC(C3CCCC(C4CCCCC4)C3)C2)CC1
C1CCC(CCC2CC(CC3CCCCC3)CCC2CC2CCCCC2)CC1
C1CCC(C2CCCC(C3CC(CCC4CCCC4)CC(C4CCCC4)C3)C2)CC1
C1CCC(CC2CCCC(C3CCCCC3)C2)CC1
C1CCC(C2CCCC(CCC3CC4CCCCC4C3)C2)CC1
C1CCC(CCCC2CCCC(C3CCCC(C4CCCCC4)C3)C2)CC1
C1CCC(CCCC2CCC(CC3CCC(CCC4CCCCC4)CC3)CC2)CC1
C1CCC(CCCCC2CCCC(CC3CCC(CCC4CCCCC4)CC3)C2)CC1
C1CCC(CC2CCCC(CC3CCCCC3)C2)CC1
C1CCC(C2CCCC(CC3CC(C4CCCCC4)C4CCCCC34)C2)CC1
C1CCC(CC2CCCC(CC3CCCC(C4CCCCC4)C3)C2)CC1
C1CCC(CCC2CCC(CC3CCC(C4CCCCC4C4CCCC4)CC3)CC2)CC1
C1CCC(CCC2CCC(C3CCCCC3C3CCCC3)CC2)CC1
C1CCC(CCC(CC2CCCCC2)CC2CCCCC2)CC1
C1CCC(CCC2CCC(C3CCCCC3)CC2)CC1
C1CCC(C2CCCCC2C2CCC(C3CCCCC3C3CCCC3)C2)CC1
C1CCC(CCC2CCC3C(CC4CCCC(CC5CCCCC5)C4)CC(CC4CC4)C3C2)CC1
C1CCC(CC2CCC3CCC(C4CCC(C5CCC6CCCCC65)C(C5CCCCC5)C4)CC3C2)CC1
C1CCC(C2CCCC(C3CCCCC3C3CCCC3)C2)CC1
C1CCC(CC2CC(C3CC(C4CCCCC4)CC(C4CCC4)C3)C3CCCCC23)CC1
C1CCC(C2CCC(C3CCCCC3C3CCC4CCCC4C3)C(C3CCCC3)C2)C1
C1CCC(CC2CCC(CC3CCCCC3)CC2)CC1
C1CCC(CCCC2CCC(C3CCCCC3)CC2)CC1
C1CCC(CC2CCC(CC3CCCCC3)CC2)CC1
C1CCC(CC2CCC(C3CCCCC3C3CCCCC3)C(C3CCCC3)C2)CC1
C1CCC(CC2CCC(CCC3CCCC(C4CCCCC4)C3)CC2)CC1
C1CCC(CCCC2CCCC(CCC3CCC(CC4CCCCC4)CC3)C2)CC1
C1CCC(C2CCCC(C3CCCCC3)C2)CC1
C1CCC(CCCCCC2CCC3CCCC(C4CCCCC4)C3C2)CC1
C1CCC(CC2CCC(C3CCCC(C4CCCCC4)C3)C(C3CCCCC3)C2)CC1
C1CCC(CC2CCCC(CCC3CCC(CC4CC5CCCCC5C4)CC3)C2)CC1
C1CCC(CCCC2CCC(C3CCCC(C4CCC5CCCC5C4)C3)C2)CC1
C1CCC(CC2CCC(C3CCCCC3)CC2)CC1
C1CCC(CCC2CCC(CC3CCC(CC4CCC(C5CCCC(C6CCCCC6)C5)CC4)CC3)CC2)CC1
C1CCC(CC2CCCCC2CC2CCC3CCCCC3C2)CC1
C1CCC(CC2CCCC3CCCCC32)CC1
C1CCC(CCC2CCCCC2C2CCC(C3CCCCC3)CC2)CC1
C1CCC(CCC2CCC(CC3CC4CCCCC4C(C4CCCCC4)C3)CC2)CC1
C1CCC(CC2CCCC3CC(C4CCCCC4C4CCC5CCCC5C4)CCC23)CC1
C1CCC(C2CCCC(CCCCC3CCC(C4CCCC4)CC3)C2)CC1
C1CCC2CC(CC3CCCC(C4CCC5CCCC5C4)C3)CCC2C1
C1CCC(CC2CCC(CCCCC3CCCC(C4CCCCC4)C3)CC2)CC1
C1CCC(CC2CCCC(C3CCCCC3)C2)CC1
C1CCC(C2CCC(CC3CCC(CCCC4CCCCC4C4CCC5CCCCC54)CC3)CC2)CC1
C1CCC(CCCCC2CCC(C3CCCCC3)CC2)CC1
C1CCC(CCC2CCC(C3CCCCC3)CC2)CC1
C1CCC(CCC2CCC(C3CCCCC3CCC3CCCCC3)CC2)CC1
C1CCC(CC2CCCCC2C2CCC3CCCCC3C2)CC1
C1CCC(CCC2CCC(C3CCCC(C4CCCCC4C4CCCCC4)C3)CC2)CC1
C1CCC(CCCC2CCCC(C3CC(CCCC4CCCCC4)C4CCCCC43)C2)CC1
C1CCC(CC2CC(C3CCCCC3)CCC2C2CCCCC2)CC1
C1CCC(C2CCCC(CC3CCCCC3CC3CCCC3)C2)CC1
C1CCC(C2CCC(CCCC3CCC(CC4CCCCC4C4CCCCC4)CC3)CC2)CC1
C1CCC(CC2CC(C3CCCCC3)CC(C3CCCCC3)C2)CC1
C1CCC(CCC2CCC(C3CCCCC3)CC2)CC1
C1CCC(CC2CCC(CC3CCC(CC4CCCC5CCCCC54)CC3)CC2)CC1
C1CCC(CC2CCC(C3CCCCC3)CC2)CC1
C1CCC(CCC2CCCCC2)CC1
C1CCC(CCC2CCC(CCC3CCC(C4CCCCC4)CC3)CC2)CC1
C1CCC(CC2CCC(CC3CC(C4CC4)CCC3CC3CCCCC3)CC2)CC1
C1CCC(C2CCC(C3CCCCC3C3CCCC(C4CCCC4)C3)CC2)CC1
C1CCC(CCC2CCC(CC3CCC(C4CCCCC4)CC3)CC2)CC1
C1CCC(C2CCCC(CC3CCCCC3C3CCC(C4CCCC4)CC3)C2)CC1
C1CCC(C2CCCC(C3CC(CC4CCCC4)C4CCCCC43)C2)CC1
C1CCC(C2CCC(C3CCCC(C4CCCCC4)C3)CC2)CC1
C1CCC(CCC(CC2CCCCC2)CC2CCCCC2CC2CCCCC2)CC1
C1CCC(CCCC2CC3CCC(C4CCCCC4)CC3C(C3CCCCC3)C2)CC1
C1CCC(CCC2CCCC(CCC3CCCCC3)C2CC2CCCCC2)CC1
C1CCC(CCC2CCC(CC3CCCC(C4CCCCC4)C3)CC2)CC1
C1CCC(CCC2CCC(C3CCCCC3)CC2)CC1
C1CCC(C2CCCC3CCCCC32)CC1
C1CCC(CCC2CCCC(C3CCCC(C4CCCCC4)C3)C2)CC1
C(CCCC1CCCC(CC2CCC(CC3CCCCC3C3CCCC3)CC2)C1)CCC1CCCCC1
C1CCC(CC2CCC(C3CCCC(CC4CCC5CCCCC54)C3)CC2)CC1
C1CCC(CCCC2CCCC(C3CCCCC3)C2)CC1
C1CCC2CC(C3CCC(C4CCCC(C5CCC6CCCC6C5)C4)CC3)CCC2C1
C1CCC(C2CCC(CCCC3CCCC(C4CCCCC4)C3)CC2)CC1
C1CCC(CCC2CCC(C3CCC(C4CCCC(C5CCCC5)C4)CC3)CC2)CC1
C1CCC(C2CCCC(CCCC3CC4CCCCC4C3)C2)CC1
C1CCC(CC2CCC(C3CCCCC3)CC2CC2CCCCC2)CC1
C1CCC(CC2CCCC(C3CCC(CCCC4CCCCC4CC4CCCC4)CC3)C2)CC1
C1CCC(CC2CCCC(C(C3CCCC3)C3CCCCC3C3CCC(C4CCCC4)CC3)C2)CC1
C1CCC(CC2CCCC(C3CCC(C4CCC(C5CCCCC5)CC4)CC3)C2)CC1
C1CCC(C2CCCCC2)CC1
C1CCC(CC2CCCCC2CCC2CCCCC2C2CCC3CCCCC32)CC1
C1CCC(C2CCC(CC3CC4CCCCC4C3)CC2)CC1
C1CCC(CCCCCC2CCC(CCC3CCCCC3)CC2)CC1
C1CCC(CC2CCC(C3CCCC(CC4CCCCC4C4CCCC4)C3)CC2C2CCCC2)CC1
C1CCC(CCC2CCCCC2CCCC2CCCCC2C2CCCC2)CC1
C1CCC(C2CCC(C3CCC(C4CC(CC5CC5)C5CCCCC54)CC3)C(C3CCCCC3)C2)CC1
C1CCC(CCCC2CCCCC2C2CCC(CC3CCC(CC4CCCCC4)CC3)CC2)CC1
C1CCC(CCC2CCCCC2C2CCC(C3CCCCC3C3CCCCC3)C2C2CCCC2)CC1
C1CCC(C2CCCC(CC3CCC(CCCC4CCCC(CC5CCC5)C4)CC3)C2)CC1
C1CCC(CC2CCCCC2C2CCCCC2)CC1
C1CCC(CC2CCC(C3CC4CCCCC4C3)CC2)CC1
C1CCC(C2CCC(CC3CCC(CCCC4CCCC4)CC3)CC2)CC1
C1CCC(CC2CC(C3CCCCC3)C3CCCCC23)CC1
C1CCC(CC2CCCCC2)CC1
C1CCC(C2CCC(C3CCCCC3C3CCCCC3)CC2)CC1
C1CCC(C2CCCC(CC3CCC(C4CCC(C5CCCC5)CC4)CC3)C2)CC1
C(CCC1CC2CCCCC2C1)CC1CCC(C2CCCC(CC3CC4CCCCC4C3)C2)CC1
C1CCC(CC2CCC3CC(C4CCC5CCCCC54)CC(C4CCCCC4)C3C2)CC1
C1CCC(CCCCC2CCCC(C3CCC(C4CCCCC4C4CCCCC4)CC3)C2)CC1
C1CCC(CCC2CCCC(C3CCCCC3)C2)CC1
C1CCC(CCC2CCCCC2CC2CCC(CC3CCCCC3)CC2)CC1
C1CCC(CC2CCC(CC3CCCC(C4CCCCC4)C3)CC2)CC1
C1CCC(CCC2CCCC(C3CCCC(C4CCCCC4)C3)C2)CC1
C1CCC(C2CCCC(CC3CCCCC3C3CCC(C4CCCCC4)C3)C2)CC1
C1CCC(C2CCCC(C3CCC4CCCC4C3)C2)CC1
C1CCC(CC2CCC(C3CCC(CC4CCCCC4)CC3)CC2)CC1
C1CCC(CC2CCC3CCCCC32)C1
C1CCC(C2CCCCC2C2CCCCC2CC2CC3CCCCC3C2)CC1
C1CCC(CCC2CCC(CC3CCCCC3)CC2)CC1
C1CCC(CCC2CC3CCCCC3C2)CC1
C1CCC(CCC2CCC(CCC3CCCCC3CC3CCCCC3)CC2)CC1
C1CCC(CC2CCCCC2C2CCC(C3CCC(C4CCC(C5CC5)CC4)CC3)CC2)CC1
C1CCC(C2CCC(C3CCC(C4CCCCC4C4CCCCC4)CC3)CC2)CC1
C(CCC1CCCC(C2CCCCC2)C1)CCC1CC2CCCCC2C1
C1CCC(C2CCCC(C3CCCCC3C3CCCC3)C2)CC1
C1CCC(C2CC(CCCC3CCCC(C4CC4)C3)CC(C3CCCCC3)C2)CC1
C1CCC(C2CCCC(CCC3CCCCC3C3CCCC3)C2)CC1
C1CCC(CC2CCC(CC3CCCCC3)CC2)CC1
C1CCC(CC2CCC(C3CCC4CC(C5CCCCC5)CCC43)CC2)CC1
C1CCC(CC2CCC(C3CCCC(CC4CCCCC4)C3)CC2)CC1
C1CCC(CCC(C2CCCCC2)C2CCC(C3CCCC3)CC2)CC1
C1CCC(CC2CCC(C3CCCCC3)CC2)CC1
C1CCC(CCCC2CCCC(C3CCCCC3)C2)CC1
C1CCC(CC2CCC(C3CCCC(CC4CCCC(C5CCCCC5)C4)C3)CC2)CC1
C1CCC(CCC2CCC(CC3CCCCC3)CC2)CC1
C1CCC(C2CCCC(CCCCC3CCCC3)C2)CC1
C1CCC(C2CCCC(C3CCCC(C4CCCCC4)C3)C2)CC1
C1CCC(C2CCCCC2)CC1
C1CCC(CC2CCC(C3CCCCC3C3CCC(CC4CCCCC4)CC3)CC2)CC1
C1CCC(CCCC2CCCCC2C2CCCCC2C2CCCCC2)CC1
C1CCC(C2CC3CCCCC3C(C3CCCCC3)C2)CC1
C1CCC(C2CCCC(CCC3CC(C4CCCCC4)CC(C4CCCCC4)C3)C2)CC1
C1CCC(C2CCC(C3CC4CCCCC4C(C4CCCCC4)C3)CC2)CC1
C1CCC(CC2CCCCC2)CC1
C1CCC(CCC2CCC(C3CCCCC3)C(C3CCCC3)C2)CC1
C1CCC(CC2CCC(CC3CCC4CCCCC4C3)CC2)CC1
C1CCC(CCC2CCC3C(CCC4CC5CCCCC5C4)CC(CCC4CCCCC4)C3C2)CC1
C1CCC(C2CCC(C3CC(C4CCC(C5CCCC5)CC4)C3)CC2)CC1
C1CCC(C2CC(CC3CCCC(C4CCCCC4C4CCC4)C3)C3CCCCC32)CC1
C1CCC(C2CCC3C(CCC3C3CCC(CC4CCCC4)CC3)C2)CC1
C1CCC(C2CCC(C3CCC4CCCCC4C3)C(C3CCC4CCCC4C3)C2)CC1
C1CCC(C2CCCC(CCC3CCC(CC4CCCC(CC5CC6CCCCC6C5)C4)CC3)C2)CC1
C1CCC(CC2CCCC(C3CC(CC4CCCCC4)C4CCCCC43)C2)CC1
C1CCC(CCC2CCC(CC3CCC(CC4CC5CCCCC5C4)CC3)CC2)CC1
C1CCC(CCC2CC(C3CCCC(C4CCCCC4)C3)C3CCCCC23)CC1
C1CCC(CC2CCCC(C3CCC(C4CCC5CCCCC54)CC3)C2)CC1
C1CCC(CC2CCCC(CC3CCCCC3)C2)CC1
C1CCC(CC2CCCC(CCC3CCCC3C3CCCC4CCCCC43)C2)CC1
C(CCC1CCCC(C2CCCC2)C1)CC1CCC(CC2CCC3CCCCC3C2)CC1
C1CCC(CC2CCC(CC3CCC(C4CCCCC4)CC3C3CCCCC3)CC2)CC1
C1CCC(CC2CCC(C3CCC(CC4CCCCC4)CC3)CC2)CC1
C1CCC(CC2CCC(C3CCC(C4CCCCC4)CC3C3CC3)CC2)CC1
C1CCC(CCCC2CCC(CC3CCCC(CC4CCCC5CCCCC54)C3)CC2)C1
C1CCC(CCCC2CCC(CCC(C3CCCCC3)C3CCC(C4CCCC4)CC3)CC2)CC1
C1CCC(CCCCCC2CC(CC3CCCCC3)CC(C3CCCCC3)C2)CC1
C1CCC(CCC2CC(C3CCC4CCCCC43)CC3CCCCC32)CC1
C1CCC(C2CCC(CC3CCCCC3C3CCCCC3)CC2)CC1
C1CCC(CC2CC(CC3CCCC(C4CCCCC4)C3)CC3CCCCC32)CC1
C1CCC(CCCC2CCC3CC(C4CCCCC4)CC(C4CCCCC4)C3C2)CC1
C1CCC(C2CCC(C3CCCC(C4CCC(C5CCC5)CC4)C3)CC2)CC1
C1CCC(CCC2CCCC(C3CCCC(CCC4CC4)C3)C2)CC1
C1CCC(C2CCC(CCC3CCC(C4CCCC4)CC3)CC2)C1
C(CC1CC1)CC1CCCC(C2CCCCC2C2CCC3CCCC3C2)C1
C1CCC(CCC2CCCCC2C2CCCC(C3CCCCC3)C2)CC1
C1CCC(CC2CC(C3CCC(C4CCCCC4)CC3)C3CCCCC23)CC1
C1CCC(CC2CCC(C3CCCCC3)CC2)CC1
C1CCC(CC2CCC(CC3CC(C4CCCCC4)C4CCCCC34)CC2)CC1
C1CCC(CC2CCC3CC(CC4CCCC(CC5CCCC5)C4)CCC23)CC1
C1CCC(C2CCCC(C3CCCC(C4CCCCC4)C3)C2)CC1
C1CCC(CC2CCC(C3CCCC(C4CCCCC4)C3)CC2)CC1
C1CCC(CC2CCC(C3CCCCC3)CC2)CC1
C1CCC(C2CCC(CCCC3CCCC3)CC2C2CCC3C(CCC3C3CCCC3)C2)CC1
C1CCC(CCC2CCCCC2C2CCCCC2C2CCC3CCCC3C2)CC1
C1CCC(C2CCC(C3CCC(C4CCC(C5CCC5)CC4)CC3)C(C3CCC4CCCC4C3)C2)CC1
C1CCC(CC2CC(C3CCCCC3)C3CCCCC23)CC1
C1CCC(CCC2CCCC(CCC3CCC(CC4CCCCC4)CC3)C2)CC1
C1CCC(CC2CCCCC2CCCCC2CCC(C3CCCC3)CC2)CC1
C1CCC(C2CCC(CC3CCC(CCCC4CCCC(C5CCCCC5)C4)C3)CC2)CC1
C1CCC(CCCCC2CCCCC2C2CCC(CCCCC3CCCCC3CC3CC4CCCCC4C3)CC2)CC1
C1CCC(C2CCC(C3CCCC(C4CCCCC4)C3)CC2)CC1
C1CCC(CCC2CCCC(C3CCCCC3)C2)CC1
C1CCC(C2CCCC(CCCCC3CCC4CCCC4C3)C2)CC1
C1CCC(CCCC2CC(CCC3CCCCC3)C3CCC(C4CCCCC4C4CC4)CC3C2)CC1
C1CCC(CC2CC3CCC(C4CCC5CCCCC54)CC3C(C3CCCCC3)C2)CC1
C1CCC(CC2CCC(C3CCC(C4CCCCC4)CC3)CC2)CC1
C1CCC(CCC2CCC(C3CCC4CCCCC4C3)CC2)CC1
C1CCC(C2CCC(C3CCCC3)CC2)CC1
C1CCC(CCCCC2CCC(C3CCCC3)CC2)CC1
C1CCC(CCC2CCCC(C3CCCCC3)C2)CC1
C1CCC(C2CCCC(C3CCCCC3C3CCCCC3)C2)CC1
C1CCC(CCCC2CCCCC2CCC2CCCCC2)CC1
C1CCC(CC2CCCC(CCC3CCC3)C2)CC1
C1CCC(CC2CCCC(C3CCCCC3)C2)CC1
C1CCC(CC2CCC(C3CCCC(C4CCCCC4)C3)CC2)CC1
C1CCC(CCC2CCCC(C3CCCCC3)C2)CC1
C1CCC(CCC2CCC(C3CCCCC3CCC3CCCCC3)CC2)CC1
C1CCC(CC2CCCCC2C2CCC3CCCC3C2)CC1
C1CCC(C2CCC(C3CCCCC3C3CCC4CCCC4C3)CC2)CC1
C1CCC(CC2CCCC(C3CCCCC3)C2)CC1
C1CCC(C2CC(CCC3CCCC(CC4CCC4)C3)CC(C3CCCC(C4CCCC4)C3)C2)CC1
C1CCC(C2CCCC(C3CCCC(C4CCCC4)C3)C2)CC1
C1CCC(CC2CCC(C3CCCCC3C3CCCC3)CC2)CC1
C1CCC(CC2CCCC(C3CCCC(CC4CCC5CCCC5C4)C3)C2)CC1
C1CCC(C2CCC3CCC(C4CCCCC4)C3C2)CC1
C1CCC(CCCC2CCC(CC3CCCCC3)C(CC3CCCCC3)C2)CC1
C1CCC(C2CCC(C3CCCCC3)CC2)CC1
C1CCC(CC2CC(CCC3CCCCC3C3CCC4CCCC4C3)CC(C3CCCCC3)C2)CC1
C1CCC(CCC2CC(C3CCCCC3)CC(C3CCCC3)C2)CC1
C1CCC(C2CCCCC2CCCCC2CC2)CC1
C1CCC(CCC2CCCC(C3CCC(CC4CCCC(C5CCC(C6CC6)CC5)C4)CC3)C2)CC1
C1CCC(CCC2CCCCC2C2CCC(C3CC3)CC2)CC1
C1CCC(CC2CCC(C3CCC(C4CCCCC4)CC3)CC2)CC1
C1CCC(CC2CCCC(CC(CC3CCCCC3)C3CCC4CCCCC4C3)C2)CC1
C1CCC(CCC2CCC(CC3CCCC(C4CCC(CCC5CCCC5CC5CCCCC5)CC4)C3)CC2)CC1
C1CCC(CCC2CCCC(C3CCCCC3)C2)CC1
C1CCC(C2CCCCC2)CC1
C1CCC(C2CCCCC2C2CCCCC2)CC1
C1CCC(C2CCCCC2CC2CCCCC2C2CCCCC2)CC1
C1CCC(CCC(CC2CCCCC2CC2CCCC2)C2CCC3CCCC3C2)CC1
C1CCC(CC(C2CCCCC2)C2CCCCC2CC2CC3CCCCC3C2)CC1
C1CCC(CCCCC2CCC(CC3CCC(C4CCCCC4)CC3)CC2)CC1
C1CCC(CC2CC3CCC(C4CCCCC4)CC3C(CC3CCCCC3)C2)CC1
C1CCC(CC2CCC(C3CCCCC3)CC2)CC1
C1CCC(C2CCC(CCCCC(CCC3CCCC(CC4CCCC4)C3)C3CCCC3)CC2)CC1
C1CCC(CC2CCC(CC3CCCC(C4CCCC(C5CC5)C4)C3)CC2)CC1
C1CCC(CC2CCCC(C3CCC(C4CCCCC4)CC3)C2)CC1
C1CCC(C2CCCCC2C2CCCCC2)CC1
C1CCC(CCC2CCCC(CCCCCC3CCC4CCCCC4C3)C2)CC1
C1CCC(CC2CCCC(C3CCCC(C4CC4)C3C3CCCCC3)C2)CC1
C1CCC(CC2CCCC(C3CCCC(C4CCCCC4)C3)C2)CC1
C1CCC(C2CCCC(C3CCCC(C4CCCCC4)C3)C2)CC1
C1CCC(CC2CCC(CC3CCC(C4CCCC(C5CCC(CC6CCCCC6)CC5)C4)CC3)CC2)CC1
C1CCC(C2CCCC(CCCCC3CCCC(C4CC4)C3)C2)CC1
C1CCC(CCCCCC2CCCCC2C2CC(CC3CCCC3)C3CCCCC32)CC1
C1CCC(CCCCCC2CCCC(C3CCCC(C4CCCCC4)C3)C2)CC1
C1CCC(C2CCC3C(CCCC3C3CCCCC3)C2)CC1
C1CCC(CC2CCC(CC3CCC(CC4CCC5CCCCC5C4)CC3)CC2)CC1
C1CCC(CC2CCC(C3CCCCC3)CC2)CC1
C1CCC(CC2CCC(CC3CCCC(C4CCCCC4)C3)CC2)CC1
C1CCC(CC2CCCC(C3CCC(C4CCCCC4)CC3)C2)CC1
C1CCC(CC2CCC(CC3CCCCC3)CC2)CC1
C1CCC(CC2CCCC(C3CCCCC3C3CCCC3)C2)CC1
C1CCC(C2CCCC(C3CCC4CCCCC43)C2)CC1
C1CCC(CCCCCC2CCC(CC3CCC(C4CC4)CC3)CC2)CC1
C1CCC(CC2CCCC(C3CCCCC3)C2)CC1
C1CCC(CC2CCC(C3CCCCC3C3CCCC3)CC2C2CCCC2)CC1
C1CCC(CCC2CCCC(CC3CCC4CC(CC5CCCC5)CCC34)C2)CC1
C1CCC(CC2CCC(C3CCCCC3)CC2)CC1
C1CCC(C2CCC3CCCC3C2)CC1
C1CCC(CC2CCC(CC3CCCC(C4CCCCC4)C3)CC2C2CCCC(C3CCCCC3)C2)CC1
C1CCC(C2CCCC(CCC3CCCCC3C3CCC4CCCC4C3)C2)CC1
C1CCC(C2CCCCC2C2CCCC2)CC1
C1CCC(CC2CC(C3CCC4CCCCC43)C3CCCCC23)CC1
C1CCC(CC2CCC3C(CCC4CCCC(C5CCC6CCCC6C5)C4)CCC3C2)CC1
C1CCC(C2CCC(CCC3CCCCC3C3CCC4CCCCC4C3)CC2C2CCCCC2)CC1
C1CCC(CCC2CC(CCC3CCCCC3)C3CCCCC23)CC1
C1CCC(CC2CCC(C3CCCCC3CC3CCCCC3)CC2)CC1
C1CCC(CCCC2CCCCC2)CC1
C1CCC(C2CCCC(C3CCCCC3)C2)CC1
C1CCC(CC2CCC(C3CCCC(C4CCCCC4)C3)CC2)CC1
C1CCC(CCC2CCCCC2C2CCCCC2)CC1
C1CCC(CC2CCC(C3CCCCC3C3CCCCC3CC3CCCCC3)C2)CC1
C1CCC(C2CCCC(C3CCC(C4CCC(C5CC5)CC4)C3)C2)CC1
C1CCC(C2CCCC(C3CCCCC3)C2)CC1
C1CCC(C2CCCC(C3CCCC3)C2)CC1
C1CCC(C2CCCC(C3CCCC(C4CCC4)C3)C2)CC1
C1CCC(CCCC2CCC(CC3CCCC(C4CCCCC4)C3)CC2)CC1
C1CCC(CC2CCCC(C3CCCCC3)C2)CC1
C1CCC(CC2CCCCC2)CC1
C1CCC(C2CCC3CCCCC3C2)CC1
C1CCC(CC2CCCCC2C2CCC(C3CCCCC3)CC2C2CCC3CCCC3C2)CC1
C1CCC(CCC2CCC(CC3CCC(CC4CC5CCCCC5C4)CC3)CC2)C1
C1CCC(C2CCCCC2C2CCC(CC3CCC(CCC4CCCC4)CC3)CC2)CC1
C1CCC(CCC2CCCCC2CCC2CCCCC2)CC1
C1CCC(CC2CCC(C3CCC(C4CCCCC4)C3)CC2)CC1
C1CCC(C2CCC(C3CCCCC3)C(C3CCCCC3)C2)CC1
C1CCC(CCC2CCC(CC3CCC(C4CCCCC4)C(CC4CCC4)C3)CC2)CC1
C1CCC(CC2CCCC(C3CCCCC3)C2)CC1
C1CCC(CC2CCC(CCC3CC4CCCCC4C3)C(C3CCCCC3)C2)CC1
C1CCC(CC2CCCCC2C2CCC(C3CCCCC3)CC2)CC1
C1CCC(C2CCCC3CCC(C4CCC(CC5CC5)CC4)CC32)CC1
C1CCC(CC2CCC(C3CCC4C(CCC4C4CCCCC4)C3)CC2)CC1
C1CCC(CCCCC2CC(C3CCCCC3)C3CC(C4CCCCC4C4CCCC4)CCC23)CC1
C1CCC(CC2CCC(CC3CCCCC3)CC2)CC1
C1CCC(CCC2CCCC(CCC3CC(C4CCCCC4)CC(C4CCC4)C3)C2)CC1
C1CCC(CC2CCC(C3CCCC(CC4CCCCC4)C3)CC2)CC1
C1CCC(C2CCC(CC3CCC4CC(C5CC6CCCCC6C5)CCC34)CC2)C1
C1CC(CCC2CC3CCCCC3C2)CC(C2CCCC(CCC3CC4CCCCC4C3)C2)C1
C1CCC(CC2CCCC(C3CCC(C4CCC(C5CCC5)CC4)CC3)C2)CC1
C1CCC(C2CCC(C3CCCCC3)CC2)CC1
C1CCC(C2CCCC(C3CC(C4CCCCC4)CC(C4CCCC4)C3)C2)CC1
C1CCC(CC2CCC(CCC3CCCCC3CC3CCC4CCCCC4C3)CC2)CC1
C1CCC(C2CCC(C3CC(C4CCCCC4)CC(C4CCC4)C3C3CCCCC3)CC2)CC1
C1CCC(CC2CCCCC2C2CCCCC2C2CCCCC2)CC1
C1CCC(C2CC(C3CCCC3)CC(C3CCCCC3C3CCCCC3)C2)CC1
C1CCC(C2CCC(C3CCCC(C4CCC(C5CCCCC5)C4)C3)CC2)CC1
C1CCC(CC2CCC(C3CCCCC3C3CCC(CC4CCCC4)CC3)C2)CC1
C1CCC(CC2CC(C3CCCCC3)CCC2C2CC(C3CCCCC3)C3CCCCC32)CC1
C1CCC(C2CCCC(CC3CCCC3)C2)CC1
C1CCC(CC2CCC(C3CCCCC3C3CCCC3)CC2)CC1
C1CCC(CC2CC(C3CCCCC3)C3CC(CC4CCC5CCCC5C4)CCC23)CC1
C1CCC(C2CCCC(C3CCC4CCCCC4C3)C2)CC1
C1CCC(CCCC2CCC(CC3CCCCC3)CC2)CC1
C1CCC(C2CC(C3CCCCC3)CC(C3CCCCC3)C2)CC1
C1CCC(CC2CCCCC2CC2CCCCC2)CC1
C1CCC(CC2CCC(C3CCCCC3)CC2)CC1
C1CCC(CC2CCC(C3CCCCC3)CC2)CC1
C1CCC(CC2CCC(C3CCCC(C4CCC(CC5CCCCC5)CC4)C3)CC2)CC1
C1CCC(CC2CCCCC2C2CCCCC2)CC1
C1CCC(CC2CCCCC2CCC2CCCC(C3CCCCC3)C2)CC1
C1CCC(CCC2CC3CCC(C4CCCCC4)CC3C(C3CCCC3C3CCCCC3)C2)CC1
C1CCC(CC2CCC(CC3CC(CC4CC(CC5CCCCC5)C4)C4CCC(CC5CCCCC5)CC34)CC2)CC1
C1CCC(C2CCCC(C3CCCC(CC4CC5CCCCC5C4)C3)C2)CC1
C1CCC(CCC2CCC(CCC3CCC(C4CCC4)C(CCC4CCCC4)C3)CC2)CC1
C1CCC(CC2CCC3CCC(C4CCCCC4)CC3C2)CC1
C1CCC(C2CCCC(C3CCCCC3)C2)CC1
C1CCC(CCC2CCC(C3CCCCC3)CC2)CC1
C1CCC(C2CCC(CC3CCC(CC4CCCC(CC5CC5)C4)CC3)CC2)CC1
C1CCC(CCC2CCCC(CCC3CCC(C4CCCCC4)CC3)C2)CC1
C1CCC(C2CCCCC2C2CCCCC2)CC1
C1CCC(CC2CC(C3CCCCC3)CC(C3CC3)C2)CC1
C1CCC(CCC2CCC(CCCCC3CCC(C4CCCC(C5CCCCC5)C4)CC3)CC2)CC1
C1CCC(CCC2CCCC(CCCCC3CCCCC3C3CC3)C2)CC1
C1CCC(CC2CCC(CC3CCC(C4CCCCC4)CC3C3CCCC3)CC2)CC1
C1CCC(CCC2CCCCC2C2CCCCC2C2CCC(C3CCCCC3)CC2)CC1
C1CCC(C2CCCC(C3CCC(C4CCCCC4)C(C4CCCCC4)C3C3CCCC3)C2)CC1
C1CCC(CC2CCC(CC3CCC(C4CCC(CCC5CC5)CC4)CC3)CC2)CC1
C1CCC(C2CCCCC2)CC1
C1CCC(CC2CCC(C3CCCC(C4CCCCC4)C3)CC2)CC1
C1CCC(CC2CCCC(CC3CCC4CCCCC43)C2)CC1
C1CCC(CC2CCC(C3CCCCC3)CC2)CC1
C1CCC(C2CCC(CC3CCCC(CC4CCCC4)C3)CC2)CC1
C1CCC(CC2CCC(C3CCCCC3)C(C3CCCCC3)C2)CC1
C1CCC(CC2CCC3CC(C4CCCCC4)CCC3C2)CC1
C1CCC(C2CCC(C3CCCCC3)CC2)CC1
C1CCC(CCC2CCCC(C3CCC(C4CCC(CC5CC5)CC4)CC3)C2)CC1
C1CCC(C2CCC(C3CC(C4CCCCC4)C4CCCCC34)CC2)CC1
C1CCC(CCCCCC2CCC(CC3CCCCC3)CC2)CC1
C1CCC(C2CCCC(C3CCC4CCCCC43)C2)CC1
C1CCC(CC2CCC(C3CCC(CCC4CCCC(C5CCCCC5)C4)CC3)CC2)CC1
C1CCC(CC2CC(CC3CCCC(C4CCC(C5CCCC5)CC4)C3)C3CCCCC23)CC1
C1CCC(CCC2CCC(CC3CCCC(CC4CCCCC4)C3)CC2)CC1
C1CCC(CC2CCC(C3CCCC(C4CCC(C5CCCCC5)CC4)C3)CC2)CC1
C1CCC(CC2CCCC(C3CCCCC3)C2)CC1
C1CCC(C2CCC(C3CCC4CCCC(C5CCCCC5)C4C3)CC2)CC1
C1CCC(CC2CC(C3CC(C4CCCCC4)C4CCCCC43)C3CCCCC23)CC1
C1CCC(C2CCCCC2C2CCCCC2)CC1
C1CCC(C2CCCC(C3CCCC(CC4CCC5CCCCC54)C3)C2)CC1
C1CCC(CCC2CCCC(C3CCCCC3)C2)CC1
C1CCC(C2CCCC(C3CCCC(CCCC4CCC(C5CCCC5)CC4)C3)C2)CC1
C1CCC(CCC2CCCC(C3CCC(CC4CCCCC4C4CCCCC4)CC3)C2)CC1
C1CCC(CC2CC(C3CCCCC3)CC(C3CCC3)C2)CC1
C1CCC(C2CCCCC2CC2CCC(C3CCCCC3C3CCCCC3)CC2)CC1
C1CCC(CC2CCCCC2C2CCCC2)CC1
C1CCC(C2CCC3CCCCC3C2)CC1
C1CCC(C2CC(C3CCC(C4CC4)CC3)CCC2CCC2CCCCC2C2CCCC2)CC1
C1CCC(C2CCC(CCC3CCC(C4CCCCC4)CC3)CC2)CC1
C1CCC(CC2CCC(C3CC4CCCCC4C3C3CCC(CC4CC5CCCCC5C4)CC3)C2)CC1
C1CCC(CC2CCC(C3CCC4CCCC4C3)CC2CC2CCCCC2)CC1
C1CCC(C2CCCCC2C2CCC(CC3CCCC3)CC2C2CCCC2)CC1
C1CCC(CC2CCC(C3CC(C4CCCCC4)CCC3C3CCCC3)C2)CC1
C1CCC(CCCCC2CCC(C3CCCC(C4CCCCC4)C3)CC2)CC1
C1CCC(CCC2CCC(CCCCC3CCCC(C4CCCCC4)C3)CC2)CC1
C1CCC(CC2CCCC(CC3CCCC(C4CC4)C3)C2)CC1
C1CCC(CC2CCC(CC3CCC(C4CCC5C(CCC5C5CCCC5)C4)CC3)CC2)CC1
C1CCC(C2CCCC(CC3CCCC(C4CCCCC4)C3)C2)CC1
C1CCC(CC2CCCCC2C2CCC(CC3CCC(C4CCC4)CC3)CC2)CC1
C1CCC(CCC2CCC(C3CCCC3)CC2C2CCCCC2)CC1
C1CCC(CCCC2CCCC(C3CCCCC3)C2)CC1
C1CCC(C2CCC3CCC(C4CC5CCCCC5C(C5CCCCC5)C4)C3C2)CC1
C1CCC(CCC2CCCC(C3CCCC(CCC4CCCCC4)C3)C2)CC1
C1CCC(C2CCCCC2)CC1
C1CCC(CCC2CCC(C3CCCCC3C3CCC4CCCC4C3)CC2)CC1
C1CCC(CC2CCCC(C3CCCCC3C3CCCCC3C3CCCC3)C2)CC1
C1CCC(CC2CCCC(C3CCC(C4CCC5CC(CC6CCCCC6)CCC54)CC3)C2)CC1
C1CCC(CCC2CC(C3CCCCC3)CCC2C2CCC(C3CCCC3)C2)CC1
C1CCC(CC2CCCC(C3CCCC4CC(C5CCCCC5)CCC43)C2)CC1
C1CCC(CCCC2CCCC(C3CCCCC3)C2)CC1
C1CCC(C2CCC(CCCC3CCCC(CCC4CCCC(C5CC6CCCCC6C5)C4)C3)CC2)CC1
C1CCC(CCC2CCCC(C3CCC4CCCCC4C3)C2)CC1
C1CCC(CC2CCC(CCC3CCC(CC4CCCCC4)CC3)CC2)CC1
C1CCC(CC2CCCCC2C2CCC3C(CC4CCC5CCCCC5C4)CCCC3C2)CC1
C1CCC(CC2CCC(C3CCCCC3)CC2C2CCCC2)CC1
C1CCC(CC2CC(CC3CCCCC3)C3CCCCC23)CC1
C1CCC(CC2CCCC(C3CCCC(C4CCCC(C5CCCCC5)C4)C3)C2)CC1
C(CCC1CCCC(C2CCCCC2)C1)CCC1CC2CCCCC2C1
C1CCC(CC2CCCC(CCCC3CCC(C4CCCC(C5CCCCC5)C4)CC3)C2)CC1
C1CCC(CC2CCC(CC3CCCC(C4CCCC4)C3)CC2)CC1
C1CCC(CCCC2CCCC(C3CCCCC3)C2)CC1
C1CCC(CCC2CCC3C(CCC3C3CCCCC3)C2)CC1
C1CCC(CC2CCC(C3CCCCC3)CC2)CC1
C1CCC(CCCC2CCCC(C3CCCC(C4CCCC(C5CCCC5)C4)C3)C2)CC1
C1CCC(C2CCC(C3CCC4CCCC4C3)CC2)CC1
C1CCC(CCC2CCC(C3CCC4CCCCC4C3)CC2)CC1
C1CCC(C2CCC(C3CCCC(C4CCCCC4)C3)CC2)CC1
C1CCC(C2CCC(C3CC(C4CCCCC4)C4CCCCC34)CC2)CC1
C1CCC(CCC2CCC3C(CC4CCCCC4)CCCC3C2)CC1
C1CCC(CC2CCC(C3CCCC(C4CCCCC4)C3)CC2)CC1
C1CCC(CCC2CCCCC2C2CCCC(C3CCCCC3)C2)CC1
C1CCC(C2CCCCC2CC2CC(C3CCC4CCCCC43)CC3CCCCC32)C1
C1CCC(CC2CCC3CC(C4CCC5CCCCC54)CC(C4CCCC4)C3C2)CC1
C1CCC(CCC2CCCCC2C2CCCCC2C2CCCC(CC3CC3)C2)CC1
C1CCC(CC2CCCC3CC(C4CCCCC4)CCC23)CC1
C1CCC(CC2CCCC(C3CCCCC3)C2)CC1
C1CCC(CCC2CCC3CCC(CCC4CCC5CCCCC5C4)CC23)C1
C1CCC(CC2CCCCC2)CC1
C1CC(CC2CC2)CC(CC2CCCC(CC3CCC(C4CC4)CC3)C2)C1
C1CCC(CC2CC(CCC3CC3)CC(C3CCC(C4CCCC(C5CCCCC5)C4)CC3)C2)CC1
C1CCC(CC2CCC(C3CCCCC3)CC2CC2CCC2)CC1
C1CCC(CCC2CCCC(CC3CCCC(C4CCCCC4)C3)C2)CC1
C1CCC(C2CCCC(C3CCCCC3)C2)CC1
C1CCC(CCCC2CCCC(CCC3CCCCC3)C2)CC1
C1CCC(CC2CCC(C3CC(C4CCC5CCCCC54)C4CCCCC34)CC2)CC1
C1CCC(C2CC(CC3CCCC(CCC4CCC(C5CC5)CC4)C3)C3CCCCC32)CC1
C1CCC(C2CC(CCC3CCC(CCC4CC4)CC3)CCC2C2CCCC2)CC1
C1CCC(CCCCC2CCCC(CC3CCCCC3)C2)CC1
C(CC1CCC(CC2CCC(C3CCCC3)CC2)CC1)CC1CCC2CCCCC2C1
C1CCC(C2CCCC(CC3CCCCC3CC3CCC4CCCCC43)C2)CC1
C1CCC(C2CCCCC2CC2CCCCC2C2CCCCC2)CC1
C1CCC(CCCCC2CCC(C3CC(C4CC4)CCC3C3CCCCC3)CC2)CC1
C1CCC(CC2CCCC(C3CCCC(C4CCCCC4)C3)C2)CC1
C1CCC(CC2CCC(CC3CCC(CC4CC4)CC3)C(C3CCC4CCCCC43)C2)CC1
C1CCC(CC2CCC(C3CCC(C4CCCCC4)CC3)CC2)CC1
C1CCC(CCC2CCCCC2C2CCCCC2)CC1
C1CCC(C(C2CCCCC2)C2CCCCC2)CC1
C1CCC(CC2CCC(C3CCCC(C4CCC(C5CCCCC5)CC4)C3)C2)CC1
C1CCC(CC2CCCCC2CC2CCCCC2)CC1
C1CCC(CCCCC2CCC(CC3CCCCC3)C(CC3CCCCC3)C2)CC1
C1CCC(C2CCCC2CC2CCCC3CC(C4CCCC4C4CCCCC4)CCC23)CC1
C1CCC(CCC2CCC(C3CCCCC3C3CCCCC3)CC2)CC1
C1CCC(CC2CCCCC2C2CCCCC2)CC1
C1CCC(CC2CCC(CCC3CCCC(CC4CCCCC4)C3)CC2)CC1
C1CCC(CC2CCC(CC3CCCC(C4CCCCC4)C3)CC2)CC1
C1CCC(C2CCCC(C3CCCCC3)C2)CC1
C1CCC(C2CC(C3CCCCC3)CC(C3CCCC(C4CCCC4)C3)C2)CC1
C1CCC(CC2CCC(CCC3CCC(C4CCCC(C5CCCCC5)C4)CC3)CC2)CC1
C1CCC(CC2CCC(CC3CCC(C4CCCCC4CC4CCCCC4)CC3)CC2)CC1
C1CCC(CCC2CCCC(C3CCC3)C2)CC1
C1CCC(CCCCC2CC(C3CCCCC3)C3CCC(CCC4CCCC4)CC23)CC1
C1CCC(C2CCC(CC3CC(C4CCCCC4)CCC3C3CCCCC3)C2)CC1
C1CCC(CC2CCC(C3CCCCC3)C(C3CC(CC4CCCCC4)C4CCCCC43)C2)CC1
C1CCC(CC(C2CCCCC2)C2CCC(C3CCCCC3)CC2)CC1
C1CCC(CCCCCC2CCCC(C3CCCCC3)C2)CC1
C1CCC2CC(C3CCC(C4CCCCC4C4CCC5CCCCC5C4)CC3)CCC2C1
C1CCC(C2CCCCC2)CC1
C1CCC(CC2CCC3CCCCC32)CC1
C1CCC(CC2CCC3CC(CCC4CCCC(C5CCCCC5C5CCCCC5)C4)CCC23)CC1
C1CCC(CCC2CCCCC2C2CCCC(C3CCCCC3)C2)CC1
C1CCC(CCC2CCCC(CC3CCCCC3)C2)CC1
C1CCC(CC2CCCCC2CC2CC(CC3CCCCC3)C3CCCCC23)CC1
C1CCC(C2CCC(C3CCCCC3C3CCCCC3)CC2)CC1
C1CCC(C2CCC(CCC3CCC(C4CCCCC4)C(C4CCCC4)C3)CC2)CC1
C1CCC(CCCC2CCC(C3CCCCC3)CC2)CC1
C1CCC(CC2CCC(CC3CCCCC3C3CCC4CCCC4C3)C(C3CCCCC3)C2)CC1
C1CCC(CC2CC(CCC3CCCC3)C3CC(C4CCCCC4)CCC23)CC1
C1CCC(CCC2CCCC(C3CCC(C4CCC5CCCCC5C4)CC3)C2)CC1
C1CCC(CC2CCC(C3CCCCC3)CC2)CC1
C1CCC(C2CCCCC2C2CCC3CCCC3C2)CC1
C1CCC(C2CCCC(CCC3CCCC3)C2)CC1
C1CCC(CC2CCCC(CC3CCCC(C4CC4)C3)C2)CC1
C(CC1CCC(CC2CCC(C3CCCC(CC4CC4)C3)CC2)CC1)CC1CCC(CC2CC3CCCCC3C2)CC1
C1CCC(CC2CCCC(CC3CCCCC3)C2)CC1
C1CCC(CC2CCCC(CC3CCC(C4CCCCC4)CC3)C2)CC1
C1CCC(CC2CCC(C3CCCCC3)C(C3CCC4CCCC4C3)C2)CC1
C1CCC(C2CCCC(CCC3CCC(C4CCC5CCCC5C4)CC3)C2)CC1
C1CCC(CCCC2CCCC(C3CCCC(C4CCCCC4)C3)C2)CC1
C1CCC(CCC2CCCCC2C2CCC(C3CCC4CCCCC4C3)CC2)CC1
C1CCC(CCC2CCC(C3CC4CCCCC4C3)CC2)C1
C1CCC(CC2CC(C3CCCCC3)CC(C3CCCCC3)C2)CC1
C1CCC(CCC2CC(C3CCCCC3)C3CCC(CCC4CCCC4)CC23)CC1
C1CCC(C2CC(C3CCCCC3)C3CCCCC23)CC1
C1CCC(C2CCCC(CC3CCC(C4CCCC4)CC3)C2)CC1
C1CCC(CCC2CCC(C3CCCCC3)CC2)CC1
C1CCC(CCCC2CC(C3CCCC4CC(C5CCCCC5)CCC43)C3CCCCC23)CC1
C1CCC(CC2CCCCC2C2CCC3C(CCC4CCC5CCCC5C4)CCCC3C2)CC1
C1CCC(C2CCCC(CC3CC(C4CCCCC4)CC(C4CC4)C3)C2)CC1
C1CCC(CC2CCC(C3CCCCC3)CC2)CC1
C1CCC(CC2CCC(C3CCCCC3C3CCCC3)CC2)CC1
C1CCC(CC2CCCC(CCC3CCCCC3C3CCC4CCCCC4C3)C2)CC1
C1CCC(C2CCC(CCC3CCCC(C4CC4)C3)CC2)CC1
C1CCC(CCCC2CCC(C3CCCCC3C3CCCCC3)CC2)CC1
C1CCC(CCC2CCC3C(CC4CCCC(CC5CCC6CCCCC6C5)C4)CC(CC4CC4)C3C2)CC1
C1CCC(C2CCC(C3CCCC(CC4CCC5CCCCC54)C3)CC2)CC1
C1CCC(CCC2CCC(CCC3CC(CC4CCCCC4)C4CCCCC34)CC2)CC1
C1CCC(CCC2CCCC(C3CCC(C4CCCC4)CC3)C2)CC1
C1CCC(CCC2CCC3C(CCC4CCCCC4)CC(C4CCC5CCCCC54)C3C2)CC1
C1CCC(C2C(C3CCC(CC4CCCC4)CC3)CCC2C2CCC3CCCCC3C2)CC1
C1CCC(CC2CCC(C3CCCCC3)CC2)CC1
C1CCC(CC2CCC(C3CCCC(CCC4CCC(CC5CC5)CC4)C3)CC2C2CC2)CC1
C1CCC(CCC2CC(CCC3CCCCC3)CC(C3CCCCC3)C2)CC1
C1CCC(C2CCCC(C3CCCC(C4CCCCC4C4CCCC4)C3)C2)C1
C1CCC(CC2CCC(C3CCCCC3CC3CCCCC3)CC2)CC1
C1CCC(C2CCCC(C3CCCCC3C3CCCCC3)C2)CC1
C1CCC(C2CCCCC2CC2CCC(CCC3CCCC3)CC2)CC1
C1CCC(CCC2CCCCC2)CC1
C1CCC(CC2CCC(CC3CCCCC3)CC2)CC1
C1CCC(CCCCCC2CCC(CC3CCC(CCC4CCCCC4)CC3)CC2)CC1
C1CCC(C2CCCCC2C2CCCCC2)CC1
C1CCC(CCCC2CCCCC2C2CCCCC2)CC1
C1CCC(CC2CCCCC2C2CCCCC2)CC1
C1CCC(CC2CCC(C3CC(CC4CCCCC4)C4CCCCC43)CC2)CC1
C1CCC(CCC(C2CCC2)C2CCCC(CC3CCCCC3)C2)CC1
C1CCC(CC2CCCCC2C2CCCCC2)CC1
C1CCC(CC2CCC(CC3CCCCC3)C(C3CCCCC3)C2)CC1
C1CCC(CCC2CCC(CC3CCCCC3)CC2)CC1
C1CCC(CC2CCCC(C3CCCC(C4CCCCC4)C3)C2)CC1
C1CCC(C2CCCCC2C2CC3CCCCC3C(C3CCCCC3)C2)CC1
C1CCC(C2CCC(C3CCCC(C4CCCCC4)C3)CC2)CC1
C1CCC(C2CCC(C3CCCC4CC(C5CCCC(C6CCCCC6)C5)CCC43)CC2)CC1
C1CCC(CC2CCCCC2C2CCC(C3CCCCC3)CC2)CC1
C1CCC(C2CCCC(C3CCCCC3)C2)CC1
C1CCC(CCCC2CCC(C3CCC(C4CCCC4)CC3)CC2)CC1
C1CCC(CC2CCC(CCC3CCC(C4CCCCC4)CC3)CC2)CC1
C1CCC(CCCC2CCCC(C3CCCCC3)C2)CC1
C1CCC(CCC2CCCC(CCCCC3CCCCC3CC3CCCCC3)C2)CC1
C1CCC(CCCC2CC(CC3CCCCC3)C3CCC(CC4CCCCC4)CC23)CC1
C1CCC(CC2CCCCC2)CC1
C1CCC(C2CCCC(CCCCC3CCCC4CC(C5CCCC(C6CCCCC6)C5)CCC34)C2)CC1
C1CCC(CC2CCCC(C3CCC(C4CCCCC4)CC3C3CCCCC3)C2)CC1
C1CCC(C2CCC(C3CCCC3C3CCCCC3)CC2)CC1
C1CCC(CC2CCC(CC3CCC(C4CCCCC4)CC3)CC2)CC1
C1CCC(CCCCCC2CCCC(CC3CCCCC3)C2)CC1
C1CCC(CC2CCC(CCC3CCCC(C4CCCC4)C3)CC2)CC1
C1CCC(CC2CCCC(C3CCCC(C4CCC5CCCCC5C4)C3)C2)CC1
C1CCC(CC2CCC(C3CC3)CC2C2CCC3CCCC3C2)CC1
C1CCC(C2CCCC(C3CCC(CC4CCC(CCC5CCCCC5C5CCCCC5)CC4)CC3)C2)CC1
C1CCC(C2CCC(CCCC3CCC4CCCCC4C3)CC2)CC1
C1CCC(C2CCCC(C3CCCC(C4CCCC(C5CCCCC5C5CCCCC5)C4)C3)C2)CC1
C1CCC(CC2CCCC(C3CCCC(C4CCCCC4)C3)C2)CC1
C1CCC(CCC2CCC(C3CCCCC3)CC2)CC1
C1CCC(CC2CCC(C3CCCC(C4CCCCC4)C3)C(C3CCCCC3)C2)CC1
C1CCC(CC2CCC3CC(CC4CC(C5CCCCC5)C5CCCCC45)CC3C2)CC1
C1CCC(C2CCCC(C3CCC(CC4CCC(CCCCC5CCC6CCCCC56)CC4)CC3)C2)CC1
C1CCC(CC2CCCC(C3CCC(C4CCCCC4)CC3)C2)CC1
C1CCC(C2CCC(C3CCC(CCC4CC5CCCCC5C4)CC3C3CCCC3)CC2)CC1
C1CCC(CC2CC(C3CCCCC3)CC(C3CCCCC3)C2)CC1
C1CCC(CCC2CCCCC2C2CCCCC2)CC1
C1CCC(C2CCC(C3CCCC(C4CCCCC4)C3)CC2)CC1
C1CCC(CC2CCCCC2C2CCCCC2CCC2CCC3CCCCC32)CC1
C1CCC(CC2CCC(CCCCC3CCC(C4CCC4)C(C4CCCCC4)C3)CC2)CC1
C1CCC(C2CCCCC2CCC2CCC(C3CCCC3)CC2)CC1
C1CCC(CCC2CCCC(CC3CCCC3)C2)CC1
C1CCC(C2CCCCC2C2CCCCC2)CC1
C1CCC(CCC2CCC(CCC3CCCC(C4CCCCC4)C3)CC2)CC1
C1CCC(CC2CCC(C3CCCCC3)CC2)CC1
C1CCC(CC2CC(C3CCC(C4CCCCC4)CC3)C3CCCCC23)CC1
C1CCC(CC2CCC(C3CCCC3C3CCC(C4CCCCC4)CC3)CC2)CC1
C1CCC2CC(C3CCCCC3C3CCC(CC4CC4)CC3)CCC2C1
C1CCC(CCCCC2CCC(CC3CCCCC3)CC2)CC1
C1CCC(CCC2CCCCC2CC2CCCCC2)CC1
C1CCC(CCC2CCC(CCC3CC4CCCCC4C3)CC2)CC1
C1CCC(CC2CCCCC2C2CCCC(C3CCCCC3)C2)CC1
C1CCC(CCC2CCC(C3CCC(CC4CCCC4)CC3)CC2)CC1
C1CCC(CC2CCCC(C3CCCC(C4CCCCC4)C3)C2)CC1
C1CCC(CCC2CCC3CCC(CC4CCC(CC5CCCCC5)CC4)C3C2)CC1
C1CCC(CC2CC(C3CCCCC3)CC(C3CCCC3)C2)CC1
C1CCC(CCCC2CCCCC2C2CCCCC2)CC1
C1CCC(C2CCCC(C3CCCCC3C3CCCCC3C3CCCC(C4CC5CCCCC5C4)C3)C2)C1
C1CCC(CC2CCCC(CC3CCC(CCC4CC4)CC3)C2)CC1
C1CCC(CCCC2CCC(CC3CCCCC3)CC2)CC1
C1CC(CCC2CCC(CCC3CCC(C4CCC4)CC3)CC2)C1
C1CCC(CC2CCC(CC3CCCC(C4CCCC4)C3)CC2)CC1
C1CCC(CC2CCCC(C3CCCCC3C3CCCC(C4CCCCC4)C3)C2)CC1
C1CCC(C2CC(C3CCCCC3)CC(C3CC4CCCCC4C3)C2)CC1
C1CCC(C2CCC(C3CCCC(CC4CC5CCCCC5C4)C3)CC2)CC1
C1CCC(C2CCC3CC(C4CCC5CCCCC54)CC(C4CCCCC4)C3C2)CC1
C1CCC(CC2CCCC(C3CCCCC3)C2)CC1
C1CCC(CCC2CCC3C(CC4CCCCC4)CC(CCC4CCCCC4)C3C2)CC1
C1CCC(CCC2CCC(CCC3CCC(C4CCCCC4)CC3)CC2)CC1
C1CCC(CC2CCC(C3CCCCC3CC3CCC(CC4CCCCC4C4CCCCC4)C3)CC2)CC1
C1CCC(C2CCC(CC3CCC(C4CCCCC4C4CCCCC4)CC3)CC2)CC1
C1CCC(C2CCC(CC3CCCC(C4CCCC(C5CCCC5)C4)C3)CC2)CC1
C(CCCC1CCC2CCCC(C3CCCCC3)C2C1)CCC1CCCC(C2CCCCC2)C1
C1CCC(CC2CCC(CCCC3CCC3)CC2)CC1
C1CCC(C2CCCC(C3CCC(CC4CCC(CC5CC6CCCCC6C5)CC4)C3)C2)CC1
C1CCC(CCC2CCC(C3CCCC(C4CCCCC4)C3)C2)CC1
C1CCC(CC2CCC(CCC3CCCCC3C3CCCCC3)CC2)CC1
C1CCC(CCC2CCC(CCC3CCCC(CC4CCCCC4)C3)C(C3CCCCC3)C2)CC1
C1CCC(CC2CCCC(C3CCC4CCCC4C3)C2)C1
C1CCC(CCCCC2CCCCC2CC2CCC(C3CCCCC3)CC2)CC1
C1CCC(CC2CCCC(CC3CCCC(C4CCCCC4)C3)C2)CC1
C1CCC(CCCC2CCC(CC3CCC(C4CCCCC4)CC3)CC2)CC1
C1CC(CC2CCC(CC3CCCC(C4CCC5CCCCC54)C3)CC2)CC(C2CC2)C1
C1CCC(CCCC2CCCC(C3CCCC(CCCC4CCCC(C5CCCCC5)C4)C3)C2)CC1
C1CCC(C2CCCC(C3CCCC(C4CCCCC4)C3)C2)CC1
C1CCC(C2CC(C3CCC(CCC4CCCC5CCCCC54)CC3)C2)CC1
C1CCC(C2CCC(C3CCCCC3C3CCCCC3)CC2)CC1
C1CCC(CCC2CCC(CC3CCC(CC4CCCCC4)CC3)CC2)CC1
C1CCC(C2CCCC(CC3CCCC(C4CCC(CC5CC6CCCCC6C5)CC4)C3)C2)C1
C1CCC(CC2CCC(CC3CCCC(CCC4CCCC(C5CC5)C4)C3)CC2)CC1
C1CCC(CC2CCC(CC3CCCC(C4CCCCC4)C3)CC2)CC1
C1CCC(CC2CCC(C3CCC(C4CCCCC4CC4CCCCC4)CC3)CC2)CC1
C1CCC(CCC2CCCC(C3CCCCC3)C2)CC1
C1CCC(CC2CCCCC2)CC1
C1CCC(CC2CCC(C3CCC(CC4CCC(C5CCCC5)CC4)CC3)CC2)CC1
C1CCC(C2CCC(CCCCC3CCCC(C4CCCCC4)C3)CC2)CC1
C1CCC(C2CCCC(CC3CCC(C4CCCC(C5CCCC5)C4)CC3)C2)CC1
C1CCC(CCCC(CCC2CCCC(CC3CC3)C2)C2CCCCC2)CC1
C1CCC(C2CCC(CCCC3CCCC(C4CCCCC4)C3)CC2)CC1
C1CCC(CC2CCC3C(C2)C(CC2CCCC(CC4CC4)C2)CC3C2CCCCC2)CC1
C1CCC(CC2CCC(C3CCCCC3)CC2C2CCCCC2)CC1
C1CCC(CCC2CCC(CC3CCCCC3)CC2)CC1
C1CCC(CCC2CCC(CCC3CCC(CC4CCCCC4)CC3)CC2)CC1
C1CCC(C2CCC3C(CCCC3C3CCC(CCC4CCC(CCC5CC5)CC4)CC3)C2)CC1
C1CCC(C2CCC(C3CCCCC3)CC2)CC1
C1CCC(CCC2CCCC(CC3CCC(CC4CCCC4)CC3)C2)CC1
C1CCC(CCC2CCCC(CC3CCCC(CC4CCCCC4)C3)C2)CC1
C1CCC(CC2CCCC(CCC3CCCC(CCC4CCCC4)C3)C2)CC1
C1CCC(CCC2CC(CC3CCCC(CC4CC4)C3)C3CCC(C4CCCCC4)CC23)CC1
C1CCC(CC2CCC(C3CCCC3)C(CC3CCC3)C2)CC1
C1CCC(C2CCC3CC(C4CCC5CCCCC54)CC(C4CCCCC4)C3C2)CC1
C1CCC(CCC2CC(C3CCCCC3)C3CC(CC4CCCCC4)CCC23)CC1
C1CCC(CCC2CCCC(CCC3CCC4CCC(C5CCCCC5)C4C3)C2)CC1
C1CCC(CCC2CCCCC2)CC1
C1CCC(CC2CCCC(C3CC(C4CCCCC4)CC(C4CC4)C3)C2)CC1
C1CCC(C2CCCC(C3CCC(C4CCCC(CC5CCCC(C6CC6)C5)C4)CC3)C2)CC1
C1CCC(CCCCC2CCC(C3CCCC(CC4CC5CCCCC5C4)C3)CC2)CC1
C1CCC2CC(C3CCCCC3CCCC3CCC(CC4CCC(CC5CCCCC5C5CCCC5)CC4)CC3)CCC2C1
C1CCC(C2CCCC(C3CCCCC3)C2)CC1
C1CCC(C2CCC(C3CCCCC3C3CCCCC3)CC2)CC1
C1CCC(CCC2CCC3CC(C4CCC5CCCCC54)CC(CCC4CCCC4)C3C2)CC1
C1CCC(C2CCCCC2C2CCCCC2)CC1
C1CCC(CC2CC(CC3CC3)CC(C3CCCCC3)C2)CC1
C1CCC(CCC2CCC(CCCCC3CCCC(CC4CCCC4)C3)CC2)CC1
C1CCC(C2CCC(C3CCCC(C4CCCCC4)C3)CC2)CC1
C1CCC(CC2CCC(CCCC3CC4CCCCC4C3)CC2)CC1
C1CCC(CC2CC(C3CCCCC3)C3CCCCC23)CC1
C1CCC(C2CCC(C3CCC(C4CCC4)CC3)CC2)CC1
C1CCC(CC2CCC(C3CCC(C4CC4)C(CC4CCC(C5CCCC5)CC4)C3)CC2)CC1
C1CCC(CC2CCC(CC3CCC(CC4CCCCC4)CC3)CC2)CC1
C1CCC(C2CCCCC2CC2CC(C3CCCCC3C3CCCC3)C3CCCCC23)CC1
C1CCC(CC2CCC(CC3CC(CC4CCC(C5CCCC5)CC4)C4CCCCC34)CC2)CC1
C1CCC(CCC2CCC(CCC3CCCCC3C3CCCCC3)C(C3CCCCC3)C2)CC1
C1CCC(CC2CC(C(C3CCCCC3)C3CCCCC3)C3CCCCC23)CC1
C1CCC(C2CCC(C3CCC(C4CCC(C5CC5)CC4)CC3)CC2)CC1
C1CCC(CC2CCC(C3CCC(CC4CCCC4)CC3)CC2)CC1
C1CCC(C2CCC(CC3CCC(CC4CCC5CCCCC54)CC3)CC2)CC1
C1CCC(CCCCCC2CCCC(C3CC4CCCCC4C3)C2)CC1
C1CCC(CC2CCCC(CC3CCC4CCCCC4C3)C2)CC1
C1CCC(CCCCC2CC(C3CCCC3)CCC2C2CCCCC2)CC1
C1CCC(C2CCC(CCC3CCC(C4CCCC(C5CCCC5)C4)C(C4CCCCC4)C3)CC2)CC1
C1CCC(CCC2CCC(C3CCC(C4CCC(CC5CC5)CC4)CC3)CC2)CC1
C1CCC(CC2CCC(C3CCCCC3)CC2)CC1
C1CCC(C2CCCC(C3CCCCC3)C2)CC1
C1CCC(CCCCCC2CCC(C3CCC4CCCCC4C3)C(C3CCC4CCCC4C3)C2)CC1
C1CCC(CCC2CCCC(CC3CCC(CC4CCCCC4)CC3)C2)CC1
C1CCC(CCC2CCC(C3CC(CC4CCCCC4)C4CCCCC43)CC2)CC1
C1CCC(CC2CC(C3CCCCC3)C3CC(C4CC5CCCCC5C4)CCC23)CC1
C1CCC(C2CCC(C3CCCCC3)CC2)CC1
C1CCC(CC2CCC(CC3CCCCC3)CC2)CC1
C1CCC(C2CCC(C3CCCC(C4CCC(CC5CCC(C6CCCC6)C5)CC4)C3)CC2)C1
C1CCC(C2CCC(C3CC3)CC2)CC1
C1CCC(C2CCCC(CCC3CCC(C4CCCCC4)C(C4CCCC4)C3)C2)CC1
C1CCC(CC2CCC(C3CCCC(C4CCCC4)C3)CC2C2CCCCC2)CC1
C1CCC(CC2CCC(C3CCCCC3C3CCCCC3)CC2)CC1
C1CCC(C2CCC3C(CCCC3C3CCCC(C4CCCCC4C4CC4)C3)C2)CC1
C1CCC(CC2CCC(C3CCCC(C4CCCC4)C3)CC2)CC1
C1CCC(CCCC2CCC(C3CCCCC3)CC2)CC1
C1CCC(CC2CCCCC2C2CCCC(CC3CCC(C4CCCCC4)CC3)C2)CC1
C1CCC(CC2CCCC(CCC(C3CCCCC3)C3CCCCC3)C2)CC1
C1CCC(C2CCC(CCC3CC4CCCCC4C3)C(C3CCCC3)C2)CC1
C1CCC(CC2CC(C3CCCC3)CC(C3CCCC(C4CCCC4)C3)C2)CC1
C1CCC(C2CCCC(C(C3CCCCC3)C3CCCCC3C3CCCC3)C2)CC1
C1CCC(C2CCC(C3CCCC4CC(C5CCCCC5)CCC43)C2)CC1
C1CCC(CCC2CCC(CCC3CCC4CCCCC4C3)CC2)CC1
C1CCC(C2CCCC(C3CCCC(C4CC4)C3)C2)CC1
C1CCC(CCC2CCC(CC3CCC(CC4CCCCC4)CC3)CC2)CC1
C1CCC(C2CCCC(C3CCCCC3C3CCC4CCCC4C3)C2)CC1
C1CCC(C2CCCC(C3CCCC(C4CCCCC4)C3)C2)CC1
C1CCC(CCCC2CCC(CCCC3CCC(CC4CCC5CCCCC54)CC3)CC2)CC1
C1CC(CC2CC3CCCCC3C2)CC(C2CCC(CC3CCC4CCCCC43)CC2)C1
C1CCC(C2CCC(C3CCC(C4CCCCC4)CC3)CC2)CC1
C1CCC(C2CCC(C3CCCC(C4CCCCC4)C3)CC2)CC1
C1CCC(C2CCC(CC3CCCCC3C3CCCCC3)CC2)CC1
C1CCC(C2CCCC(CC3CCC(C4CCCCC4C4CCCC4)CC3)C2)CC1
C1CCC(CCC2CCCC(C3CCCC(CC4CCCCC4)C3)C2)CC1
C1CCC(CCCCC2CCCC(CC3CC(C4CCCCC4)C4CCCCC34)C2)CC1
C1CCC(CC2CCC(C3CCCCC3)CC2)CC1
C1CCC(CC2CCC(C3CCCCC3)CC2)CC1
C1CC(CCC2CC2)CC(C2CCC(C3CCC(C4CCC5CCCC5C4)CC3)CC2)C1
C1CCC(C2CCC(CC3CCC(C4CCCCC4)CC3)CC2)CC1
C1CCC(CCC2CCCC(C3CCC(C4CCCCC4C4CCCC4)CC3)C2)CC1
C1CCC(CC2CCCC(CC3CCC4CCCC4C3)C2)CC1
C1CCC(CCC2CCCC(CCC3CCC(C4CCCC4)CC3)C2)C1
C1CCC(CC2CCCCC2C2CCCCC2C2CC3CCCCC3C2)C1
C1CCC(C2CCCC(C3CCC4CCCC4C3)C2)CC1
C1CCC(CC2CCC(C3CCC(CC4CCCCC4)CC3)CC2)CC1
C1CCC(CC2CCC(CC3CCC(C4CCCCC4)CC3)CC2)CC1
C1CCC(C2CCC(CC3CCCC3)CC2C2CCCC(CC3CCC3)C2)CC1
C1CCC(CC2CCC(C3CC(CC4CCCCC4)CC(CC4CCCCC4)C3)CC2)CC1
C1CCC(C2CCC(C3CCC(C4CCCCC4CC4CC4)CC3)CC2)CC1
C1CCC(C2CC(C3CCC4CCCCC43)CC3CCCCC32)CC1
C1CCC(C2CCC(C3CCC4CCCC4C3)C2)CC1
C1CCC(CC2CCC(CC3CCC(CC4CCC(C5CCCC5)CC4)CC3)CC2)CC1
C1CCC2C(C1)CCCC2CCCC1CCC2C(CCC2C2CCCC2)C1
C1CCC(CC2CCC(CC3CCC(C4CCC(C5CCCCC5)CC4)CC3)CC2)CC1
C1CCC(CC2CCCC(C3CCCC(C4CCCC(C5CCCCC5)C4)C3)C2)CC1
C1CCC(CC2CC(C3CCCCC3)C3CC(C4CCCCC4)CCC23)CC1
C1CCC(CC2CCCCC2C2CCCC(C3CCCCC3)C2)CC1
C1CCC(C2CCC(CC3CCC4CCCCC43)CC2)CC1
C1CCC(CC2CCC(CC3CCC(C4CCCCC4)C3)CC2C2CCCCC2)CC1
C1CCC(C2CCCCC2CCCC2CCC(C3CCC(C4CCC5CCCCC54)CC3)CC2)C1
C1CCC2CC(CCC3CCC(CC4CCC(CC5CCC(C6CC6)CC5)CC4)CC3)CC2C1
C1CCC(CCCC2CCCC(CC3CCC4CCCC4C3)C2)CC1
C1CCC(CC2CCC(C3CCCCC3C3CCC(C4CC(C5CCCCC5)C4)CC3)CC2)CC1
C1CCC(C2CCC(C3CCCCC3)CC2)CC1
C1CCC(C2CCC(C3CCCC(CC4CC5CCCCC5C4)C3)C(C3CCCC3)C2)C1
C1CCC(CC2CCCC(C3CCCC(C4CCC(C5CCCCC5)CC4)C3)C2)CC1
C1CCC(C2CCCCC2C2CCCC(C3CCC4CCCC4C3)C2)CC1
C1CCC(C2CCC(C3CCC4CCCCC4C3)CC2)CC1
C1CCC(CC2CCC(C3CCC3)C(C3CCC3)C2)CC1
C1CCC(CCCC2CCC(CC3CCC(C4CCCCC4C4CCCCC4)CC3)CC2)CC1
C1CCC(C2CCC(CCC3CCC4CCCC4C3)CC2)CC1
C1CCC(CCC2CCCC(C3CC(C4CCCCC4)C4CCCCC34)C2)CC1
C1CCC(CC2CCC(C3CCC(C4CCCCC4)CC3)CC2)CC1
C1CCC(C2CCCCC2CC(C2CCCCC2)C2CCCCC2)CC1
C1CCC(CCCC2CCC(C3CCC4C(CCC4C4CCCCC4)C3)CC2)CC1
C1CCC(CCCCC2CC(CC3CC3)CCC2C2CCCCC2)CC1
C1CCC(CC2CCC(CC3CCCCC3)CC2)CC1
C1CCC(C2CCCCC2)CC1
C1CCC(C2CCCCC2)CC1
C1CCC(CCC2CCCC(C3CCCC(C4CCCC4)C3)C2)CC1
C1CCC(C2CC(C3CCC(C4CCC5CCCC5C4)C3)C3CCCCC23)CC1
C1CCC(CC2CCCC(C3CCCCC3)C2)CC1
C(CCCC1CCC(CC2CCCCC2C2CCCCC2)CC1)CCC1CCCCC1
C1CCC(CCC2CCC(CC3CCC4CC(C5CCC6CCCCC65)CC(C5CCCCC5)C4C3)CC2)CC1
C1CCC(CCCCC2CCC(C3CCCCC3)CC2)CC1
C1CCC(CC2CCCC(CC3CC(C4CCCC(CC5CCCCC5)C4)C4CCCCC34)C2)CC1
C1CCC(CC2CCCC(CCC3CCCCC3C3CCCCC3)C2)CC1
C1CCC(CC2CCCCC2CCC2CCC(C3CCCC3)CC2)CC1
C1CCC(CCC2CCCC(C3CCCCC3)C2)CC1
C1CCC(C2CCCC(CC3CCCCC3C3CCCCC3)C2)CC1
C1CCC(CCCC2CCCC(C3CC(C4CCCCC4)C(C4CCCCC4)C4CCCC34)C2)CC1
C1CCC(C2CCC(C3CCCC4CCCCC43)CC2)CC1
C1CCC(CC2CCCCC2C2CCCCC2)CC1
C1CCC(CC2CC(C3CCCCC3C3CCCCC3)C3CCCCC23)CC1
C1CCC(CC2CC(CCC3CCCC3)C3CC(C4CCCCC4)CCC23)CC1
C1CCC(CCC2CCC(C3CCCCC3C3CCC(CCC4CCCC4)CC3)CC2)CC1
C1CCC(CC2CCC(CC3CCCCC3)CC2)CC1
C1CCC(C2CCCC(C3CCC(C4CCCC4)CC3)C2)CC1
C1CCC(C2CCC(C3CCCC(C4CCCCC4)C3)CC2)CC1
C1CCC(CC2CCCC(C3CCCC(CC4CCCCC4)C3)C2)CC1
C1CCC(C2CCCC(C3CCCC(C4CCCCC4)C3)C2)CC1
C1CCC(CC2CCC(C3CCCC(CC4CCCCC4)C3)CC2)CC1
C1CCC(CCC2CCC(CC3CCCCC3)CC2)CC1
C1CCC(C2CCCC(C3CCCCC3)C2)CC1
C1CCC(CCC2CCCCC2C2CC(C3CCC(C4CCCC4)CC3)C3CCCCC32)CC1
C1CCC(CCC2CC(CC3CCCCC3)CCC2C2CCCCC2)CC1
C1CCC(CCC2CCC(CC3CCCCC3CCC3CCCCC3)CC2)CC1
C1CCC(CCC2CCC(C3CCCCC3)C(CCC3CCCCC3CC3CCCCC3)C2)CC1
C1CCC(CC2CCCCC2)CC1
C1CCC(C2CCCC3CCC(C4CCC5CCCCC5C4)C32)CC1
C1CCC(C2CCCC(C3CCC(C4CCCCC4C4CCCCC4)C4CCCC34)C2)CC1
C1CCC(CC(C2CCCCC2)C2CCCC(C3CCCCC3)C2)CC1
C1CCC(C2CCC(C3CCC(CC4CCCC(C5CCC6CCCCC6C5)C4)CC3)C2)C1
C1CCC(C2CCC(CC3CCC(C4CCCC(C5CCC(C6CCC6)CC5)C4)CC3)CC2)CC1
C1CCC(C2CCCC(C3CCCCC3)C2)CC1
C1CCC(CC2CCC(C3CCCCC3)CC2)CC1
C1CCC(C2CCCC(CC3CCC(CC4CCCCC4C4CCCCC4)CC3)C2)CC1
C1CCC(CC2CCC(C3CCC3)C(CCCCC3CCC(C4CCCCC4)CC3)C2)CC1
C1CCC(CC2CCC(CC3CCC(CC4CCCCC4)CC3)CC2)CC1
C1CCC(CCCC2CCC(CC3CCCCC3)CC2)CC1
C1CCC(CCCC2CC(C3CCCCC3)CC(C3CCCC3)C2)CC1
C1CCC(CC2CCC3CC(CC4CCCC4)CC(C4CCCCC4)C3C2)CC1
C1CCC(CCC2CC3CCCC3CC2C2CCCC(C3CCCCC3)C2)CC1
C1CCC(C2CCCCC2C2CCCC(CC3CCCC3)C2)CC1
C1CCC(C2CCCCC2C2CCCCC2CCC2CCCCC2C2CCCC3CCCCC32)C1
C1CCC(CCC2CCC(C3CCCCC3)CC2)CC1
C1CCC(CC2CC(C3CCCCC3)CC3CCC(CC4CCC4)CC32)CC1
C1CCC(CC2CCC(CC3CCC(C4CCCCC4)CC3)CC2)CC1
C1CCC(C2CCCC(C3CCCCC3)C2)CC1
C1CCC(C2CCC(C3CCCC(C4CCCCC4)C3)CC2)CC1
C1CCC(CC2CCCCC2)CC1
C1CCC(C2CCC(C3CCCCC3C3CCCCC3)CC2)CC1
C1CCC(C2CCCC(C3CCC(C4CCC4)CC3)C2)CC1
C1CCC(CCC2CCC(CCCCC3CCC(CC4CCCCC4)CC3)CC2)CC1
C1CCC(CC2CCC(C3CCCCC3)C2)CC1
C1CCC(C2CCCC(CC3CCC(C4CCCCC4)C3)C2)CC1
C1CCC(C2CCC(CC3CCCC(C4CCCCC4)C3)CC2)CC1
C1CCC(CC2CCCCC2C2CCC(C3CC(CC4CCCCC4)C4CCCCC43)CC2)CC1
C1CCC(C2CCCC(C3CCCCC3C3CCCC3)C2)CC1
C1CCC(C2CCCC(C3CCC(C4CCCC(C5CCCC5)C4)CC3)C2)CC1
C1CCC(C(C2CCCCC2)C2CCCCC2)CC1
C1CCC(C2CCC(C3CCCCC3)C(C3CCCC3)C2)CC1
C1CCC(C2CCC(CCC3CCCC(C4CCCC4)C3)CC2)CC1
C1CCC(CC2CCC(C3CCC(C4CCCCC4)CC3)CC2)CC1
C1CCC(CC2CCCCC2C2CCC(C3CCCCC3C3CCCCC3)CC2)CC1
C1CCC(C2CCCCC2C2CCC(CC3CCCC3)CC2)CC1
C1CCC(C2CCC(CCC3CCC3)CC2C2CCC3CCCC3C2)CC1
C1CCC(CC2CCCCC2C2CCC3C(CCCC3C3CCCCC3)C2)CC1
C1CCC(CC2CCC(C3CCCCC3)CC2C2CCCCC2)CC1
C1CCC(CC2CCCC(C3CCCCC3)C2)CC1
C1CCC(CC2CCCC(CC3CCC(CC4CCCCC4)CC3C3CCCCC3)C2)CC1
C1CCC(CCC2CCCC(C3CCCC(C4CCC5CCCC5C4)C3)C2)CC1
C(CCCC1CCC(C2CCCC(C3CCCCC3)C2)CC1)CCC1CCCCC1
C1CCC(CCCC2CCCC(C3CCCC(C4CCCCC4)C3)C2)CC1
C1CCC(CC2CCCC(C3CCCC(C4CCCC4)C3)C2)CC1
C1CCC(CCC2CCCC(CC3CCC(C4CC(CC5CCCCC5)C5CCCCC54)CC3)C2)CC1
C1CCC(CC2CCCC(C3CCCCC3CC3CCCCC3)C2)CC1
C1CCC(CCCC2CCC(CCC3CCCC(C4CCCCC4)C3)CC2)CC1
C1CCC(C2CCC(C3CCCCC3)CC2)CC1
C1CCC(CCC2CCCCC2CC2CCCC(C3CCC3)C2)CC1
C1CCC(C2CCCCC2CC2CC3CCCCC3C2)CC1
C1CCC(CCCCC2CCCCC2CCC2CCCCC2)CC1
C1CCC(CCC2CCCC(C3CC4CCCCC4C(CC4CCCCC4)C3)C2)CC1
C1CCC(CCCC2CCCC(C3CCCC(C4CCCCC4C4CCCCC4)C3)C2)CC1
C1CCC(CCC2CCC(C3CCCC(CC4CCCCC4)C3)CC2)CC1
C1CCC(CC2CCC(CC3CCCCC3C3CCC4CCCCC4C3)CC2)CC1
C1CCC(CCC2CCC(CCC3CCC(C4CCC(C5CC5)CC4)CC3)CC2)CC1
C1CCC(CCC2CCCC(C3CCCCC3)C2)CC1
C1CCC(CCCC2CCCC(C3CCCC(CC4CCCCC4)C3)C2)CC1
C1CCC(CCC2CC3CCCCC3C2)CC1
C1CCC(CCCCC2CC(C3CC3)CC(C3CCCC(CC4CCCCC4)C3)C2)CC1
C1CCC(CCC2CCC(C3CCCCC3)CC2)CC1
C1CCC(C2CCC(C3CCCCC3C3CCC(C4CCCC(C5CCCC5)C4)C3)CC2)CC1
C1CCC(CCC2CCCCC2CC2CCCCC2)CC1
C1CCC(C2CCCCC2C2CCC(C3CCCCC3CCC3CC3)CC2)CC1
C1CCC(CCC2CCCC(C3CCCCC3)C2)CC1
C1CCC(CCC2CC3CCCCC3C2)CC1
C1CCC(CC2CCC(C3CCCCC3)CC2)CC1
C1CCC(C2CCCC(C3CCCCC3C3CCC(C4CC5CCCCC5C4)CC3)C2)CC1
C1CCC(C2CCCC(C3CCC(CC4CCCCC4C4CCCC4)CC3)C2)CC1
C1CCC(C2CCCC(C3CCCCC3)C2)CC1
C1CCC(CC2CCCC(C3CC(CC4CCCCC4)CC(C4CCCCC4)C3)C2)CC1
C1CCC(C2CCC(C3CCCCC3)CC2)CC1
C1CCC(CC2CCC(C3CCCC(C4CCCCC4)C3)CC2)CC1
C1CCC(C2CCCC(CC3CCCC(CC4CCCC4)C3)C2)CC1
C1CCC(C2CC(CCCC3CCC(C4CC4)CC3)CC(C3CCCCC3)C2)CC1
C1CCC(C2CCC(C3CC3)CC2C2CCCCC2)CC1
C1CCC(CC2CCCCC2CC2CCC(C3CCCCC3)CC2)CC1
C1CCC(C2CC(C3CCCCC3)C3CCCCC23)CC1
C1CCC(CCC2CC(CC3CCCCC3)CCC2C2CCC2)CC1
C1CCC(C2CCC(CC3CCC4CCCCC43)CC2)CC1
C1CCC(C2CCC(C3CCC(CC4CCCCC4C4CCCC4)CC3)CC2)CC1
C1CCC(CCC2CCC(C3CCCC(C4CCCC4)C3)CC2)CC1
C1CCC(CCC2CCC(C3CCCC(CC4CC5CCCCC5C4)C3)CC2)CC1
C1CCC(CC2CCCC(C3CCCCC3)C2)CC1
C1CCC(CCCCC2CCC(CCC3CCCCC3)CC2)CC1
C1CCC(CCC2CCCC(CCC3CC3)C2CCC2CCCCC2)CC1
C1CCC(CCC2CCCC(CC3CCCC(C4CCCCC4)C3)C2)CC1
C1CCC(C2CCCC(CC3CCCC(C4CCCCC4)C3)C2)CC1
C1CCC(C2CCC(C3CCCCC3)CC2)CC1
C1CCC(CC2CC(C3CCCCC3)C3CCCCC23)CC1
C1CCC(C2CCCCC2C2CCCCC2)CC1
C1CCC(CCC2CCC(C3CCCC(C4CCCCC4)C3)C(C3CCCC3)C2)CC1
C1CCC(CC2CCC(CC3CCCCC3)CC2)CC1
C1CCC(C2CCCC(CCC3CCC(C4CCC5CCCC5C4)CC3)C2)CC1
C1CCC(CC2CCC(C3CCC(CC4CCC(C5CCCCC5)CC4)CC3)CC2)CC1
C1CCC(CC2CCC(C3CCCCC3)CC2)CC1
C1CCC(CCC2CCC(C3CCCCC3)CC2)CC1
C1CCC(CCCC2CCC(CC3CCCCC3)CC2C2CCCCC2)CC1
C1CCC(CCC(CCC2CCCCC2)C2CCCCC2)CC1
C1CCC(CCC2CCCC(C3CCCCC3)C2)CC1
C1CCC(CCCC2CCC(CCC3CCCCC3)CC2C2CCCCC2)CC1
C1CCC(CC2CCC(C3CCCCC3)CC2)CC1
C1CCC(CC2CCCCC2CC2CCCCC2)CC1
C1CCC(CC2CCCC(C3CCCCC3CC3CCCCC3)C2)CC1
C1CCC(C(C2CCCCC2)C2CCC(C3CCCC(C4CCCC4)C3)CC2)CC1
C1CCC(CC2CCCC(C3CCCC(CC4CCCCC4)C3)C2)CC1
C1CCC(CC2CCC(C3CCCCC3C3CCCCC3)CC2)CC1
C1CCC(CCCC2CCC(C3CCCCC3C3CCC(C4CCC4)CC3)CC2)CC1
C1CCC(CCCCC2CCCC(C3CCCC(C4CCCC4)C3)C2)CC1
C1CCC(CC2CCC(CC3CCCCC3)CC2)CC1
C1CCC(CC2CCC(C3CCCCC3)CC2)CC1
C1CCC(CC2CCCC(CCC3CCCC(C4CCCCC4)C3)C2)CC1
C1CCC(C2CCCC(C3CCC(CC4CCC(CCCC5CC5)CC4)CC3)C2)CC1
C1CCC(C2CCC(C3CCCCC3C3CCCCC3CCC3CC4CCCCC4C3)CC2)CC1
C1CCC(CC2CCC(CC3CCC(C4CCCCC4)CC3)CC2)CC1
C1CCC(CCC2CCCCC2CCC2CCCCC2C2CCC3CCCCC3C2)CC1
C1CCC(CC2CCC(C3CCCCC3C3CCCCC3C3CCCCC3)CC2)CC1
C1CCC(C2CCC(C3CCCC(C4CCC(C5CCC6CCCCC65)CC4)C3)CC2)CC1
C1CCC(C2CCC(C3CCC(C4CCCCC4C4CCCC4)CC3C3CCCC3)CC2)C1
C1CCC(CCC2CCC(C3CCCCC3)CC2)CC1
C1CCC(CC2CCC(C3CC(CC4CCCCC4)C4CCCCC43)CC2)CC1
C1CCC(CC2CCC(C3CCCCC3)CC2)CC1
C1CCC(C2CCC(CC3CCCC3)CC2C2CC2)CC1
C1CCC(C2CCCC(CCC3CCCC(CCC4CC(C5CCCCC5)C5CCCCC45)C3)C2)CC1
C1CCC(CC2CCC(C3CCCCC3)CC2)CC1
C1CCC(CCC2CCCCC2CC2CCC(CC3CCCCC3)CC2)CC1
C1CCC(CCC2CCCC(CCC3CCC(CC4CCCCC4)CC3)C2)CC1
C1CCC(C2CCCCC2C2CCC(CC3CCCC3)C(C3CCCC3)C2)CC1
C1CCC(CCC2CCC(C3CCC(CC4CCCC(C5CCC6CCCC6C5)C4)CC3)CC2)C1
C1CCC(CC2CCC(CCCC3CCCC(C4CCCCC4)C3)CC2)CC1
C1CCC(C2CCC(C3CC(C4CCC(C5CCC6CCCC6C5)CC4)C3)CC2)CC1
C1CCC(CCCC2CCC(CC3CCC(C4CCCCC4)CC3)CC2)CC1
C1CCC(CC2CCC(C3CCCC(C4CCCCC4)C3)CC2)CC1
C1CCC(CCC2CCC(CC3CCC(C4CCCCC4)CC3)CC2)CC1
C1CCC(C2CCCC(C3CCCC(CCC4CCC5CCCC5C4)C3)C2)CC1
C1CCC(CC2CCC(CCC3CCCCC3CC3CCC(CC4CC4)CC3)CC2)CC1
C1CCC(C2CCC(C3CCCC(C4CCCC(C5CCCCC5)C4)C3)CC2)CC1
C1CCC(CC2CCCCC2C2CCCC(CCCC3CCCC(C4CCCCC4)C3)C2)CC1
C1CCC(CC2CC(CC3CCC(CC4CCC(C5CCCCC5)CC4)CC3)CC(C3CCCCC3)C2)CC1
C1CCC(CCC2CCC(CC3CCCC(C4CCCCC4)C3)CC2)CC1
C1CCC(C2CCC(C(CCCC3CC4CCCCC4C3)CC3CCCC4CCCCC43)C2)CC1
C1CCC(CCC2CCCC(C3CCC4C(CC5CCCC(CC6CC6)C5)CCC4C3)C2)CC1
C1CCC(CCC2CCC(C3CCC(CC4CC5CCCCC5C4)CC3)CC2)CC1
C1CCC(CCCCC2CCC(CCC3CCCCC3C3CCCC3)CC2)CC1
C1CCC(CCCC2CCC(C3CCCCC3)CC2)CC1
C1CCC(CC2CCC(CC3CCC4CC(C5CCC(C6CCCC6)CC5)CCC34)CC2)CC1
C1CCC(C2CCC(C3CCCC3)C(C3CCC4CCCC4C3)C2)CC1
C1CCC(C2CC(C3CCCCC3)CC(C3CCCCC3)C2)CC1
C1CCC(CC2CCCC(C3CCCCC3)C2)CC1
C1CCC(CC2CCC(CC3CCCC(C4CCCC(C5CCCCC5)C4)C3)CC2)CC1
C1CCC(CCCC2CCC(CC3CCC(CCC4CCC5CCCCC54)CC3)CC2)CC1
C1CCC(CC2CCCC(C3CCCCC3)C2)CC1
C1CCC(CC2CCCCC2CC2CCCCC2)CC1
C1CCC(CC2CCCC(C3CCCCC3CC3CCCCC3)C2)CC1
C1CCC(CCC2CCCC(CC3CCCCC3)C2)CC1
C1CCC(CCC2CCCCC2C2CCCCC2)CC1
C1CCC(C2CCCC(CC3CCC(C4CCCC(C5CCCCC5)C4)C3)C2)CC1
C1CCC(C2CC(CCCC3CCC(C4CCCC4)CC3)CCC2CC2CC3CCCCC3C2)CC1
C1CCC(CCCC2CCCCC2)CC1
C1CCC(CCCC2CCC(CCC3CCC(C4CCCC(C5CC5)C4)CC3)CC2)CC1
C1CCC(CCC2CCCC(CC3CCCCC3)C2)CC1
C1CCC(CCCCC2CCC3CC(C4CCC5CCCCC54)CCC3C2)CC1
C1CCC(C2CCC(C3CCC4CCCC4C3)CC2CC2CCCC2)CC1
C1CCC(CC2CCC(CC3CCC(C4CCCCC4)CC3)CC2)CC1
C1CCC(C2CCC3CCCC(C4CCCCC4)C3C2)CC1
C1CCC(C2CCCCC2C2CCCCC2C2CCCCC2)CC1
C1CCC(CCC2CCC(C3CCCCC3CC3CCCCC3)CC2)CC1
C1CCC(CCC2CC(C3CCCCC3)CC(C3CCCCC3)C2)CC1
C1CCC(CC2CCCC(CC3CC(CC4CC5CCCCC5C4)C4CCCCC34)C2)CC1
C1CCC(CCCC2CCCC(CC3CCC4CCCC4C3)C2)CC1
C1CCC(CC2CCCC(CC3CCC(C4CCCCC4)CC3)C2)CC1
C1CCC(C2CC(C3CCCCC3)CC(C3CCCC3)C2)CC1
C1CCC(CCC2CCC(C3CCCCC3)CC2)CC1
C1CCC(C2CCC(CC3CCC(CC4CCCC4)CC3)CC2)CC1
C1CCC(CC2CCC(C3CCC4C(CCC4C4CCCCC4)C3)CC2)CC1
C1CCC(CC2CCC(C3CCCC(CC4CCCCC4C4CCCCC4)C3)CC2)CC1
C1CCC(CC2CCCC(C3CCCCC3C3CCCCC3)C2)CC1
C1CCC(CC2CCCC(C3CCCCC3)C2)CC1
C1CCC(CC2CCCCC2CC2CCCCC2)CC1
C1CCC(CC2CCC(CC3CCCCC3)CC2)CC1
C1CCC(C2CCC(C3CCC(CC4CCC(C5CCCCC5C5CCCCC5)CC4)CC3)CC2)CC1
C1CCC(CC2CC(C3CCC4CCCCC43)CC3CCCCC32)CC1
C1CCC(C2CCCC(C3CCCC(C4CCCCC4)C3)C2)CC1
C1CCC(C2CCC(C3CCC(C4CCC(C5CCCCC5)CC4)CC3)CC2)CC1
C1CCC(CC2CCC(C3CCC(C4CCCCC4)CC3C3CCCCC3)CC2)CC1
C1CCC(C2CCCC(C3CCC(C4CCCC4)C3)C2)CC1
C1CCC(C2CCC(C3CCCC4CCC(C5CCCCC5)CC43)C2)CC1
C1CCC(CC2CC(CC3CCC(C4CCCC4)CC3)CCC2CC2CCC(C3CCCC3)CC2)CC1
C1CCC(CCCCCC2CCC(CC3CCCCC3)CC2)CC1
C1CCC(C2CCC(CCC3CCC(C4CCCC5CCCCC54)C(C4CCCC4)C3)CC2)C1
C1CCC(C2CCC(C3CCCCC3)C(C3CCC4CCCC4C3)C2)CC1
C1CCC(CC2CCCCC2CC2CCCC(C3CCCC3)C2)CC1
C1CCC(CC2CCCC(C3CCC(C4CCCC(C5CCCC5)C4)CC3)C2)CC1
C1CCC(CC2CCC(C3CCCC(C4CCCCC4)C3)CC2)CC1
C1CCC(CC2CC(CC3CCCCC3)CC(C3CCCCC3C3CCCCC3)C2)CC1
C1CCC(C2CCC(C3CCC(C4CCCC4)CC3C3CCC4CCCC4C3)CC2)CC1
C1CCC(CCCC2CCC(CC3CCCCC3)CC2)CC1
C1CCC(C2CCCCC2C2CCCCC2C2CCC3CCCC3C2)CC1
C1CCC(C2CCCCC2)CC1
C1CCC(CC2CCC(CC3CC3)C(CC3CCCC4CCCCC43)C2)CC1
C1CCC(CCCC2CCCCC2C2CCC3C(CCCC3C3CCC4CCCC4C3)C2)CC1
C1CCC(CC2CCC3CC(CC4CC(C5CCCCC5)C5CCCCC45)CC3C2)CC1
C1CCC(CCCCC2CCC(C3CCCCC3CC3CCCCC3)CC2)CC1
C1CCC2C(C1)CCC2C1CC2CCCCC2C(C2CCCC(C3CC3)C2)C1
C1CCC(CCCCC2CC(CC3CCCCC3)CCC2CCCC2CCCCC2)CC1
C1CCC(C2CCC(CC3CCCCC3C3CCCCC3)CC2)CC1
C1CCC(C2CCC(C3CCC(C4CCCCC4)CC3)CC2)CC1
C1CC(CCC2CCC(C3CCCC(C4CC(C5CCCC5)C5CCCCC45)C3)CC2)C1
C1CCC(CCC2CCCC(CC3CCCCC3)C2)CC1
C1CCC(C2CCC(C3CCC(C4CCCC(C5CCCC5)C4)CC3)C2)CC1
C1CCC(C2CCCCC2)CC1
C1CCC(C2CCCCC2)CC1
C1CCC(C2CCCCC2C2CCCCC2)CC1
C1CCC(C2CCCC(C3CCCC(C4CCCCC4)C3)C2)CC1
C1CCC(CC2CCC(C3CCC(C4CCCCC4)C3)CC2)CC1
C1CCC(C2CCC(C3CCCCC3C3CCCCC3)C(CCC3CCCC3)C2)CC1
C1CCC(C2CCCCC2CCC2CCCC(CCC3CCC4CCCCC43)C2)CC1
C1CCC(C2CCC(C3CCCCC3C3CCCC3)CC2)CC1
C1CCC(CCCC2CCCCC2C2CCC(CC3CCC3)CC2)CC1
C1CCC(C2CCC(C3CCCCC3C3CCC4CCCCC4C3)CC2)CC1
C1CCC(C2CC(CCC3CCC(CC4CCCC4)CC3)CCC2C2CCCC2)CC1
C1CCC(CCCCCC2CCC3CC(C4CCC5CCCCC54)CC(C4CCCCC4)C3C2)CC1
C1CCC(CC2CCC(CCC3CCC(CC4CCC(CC5CCCCC5)CC4)C3)CC2)CC1
C1CCC(CC2CCCCC2C2CCCCC2)CC1
C1CCC(CC2CCC(C3CCCC(C4CC5CCCCC5C4)C3)CC2)CC1
C1CCC(CC2CCC(C3CCCCC3)CC2)CC1
C1CCC(CC2CCCC(C3CCCCC3)C2)CC1
C1CCC(CC2CC(CCC3CCCC(C4CCCCC4)C3)C3CCCCC23)CC1
C1CCC(CCC2CCC(C3CCCCC3)CC2)CC1
C1CCC(CCC2CCC(C3CCCCC3)C(C3CCC4CCCC4C3)C2)CC1
C1CCC(CCC2CC(C3CCCC(CC4CCCCC4)C3)C3CCCCC23)CC1
C1CCC(C2CCCC(C3CCCCC3)C2)CC1
C1CCC(CC2CCC(C3CCCCC3)CC2)CC1
C1CCC(CC2CCCC(CC3CCCCC3)C2)CC1
C1CCC(CCCCC2CCC(C3CCC(CC4CCC(C5CCCCC5)C4)CC3)CC2)CC1
C1CCC(C2CCCC(C3CCCC(C4CCCCC4C4CCCC4)C3)C2)CC1
C1CCC(CC2CCC(CC3CCC(C4CCCCC4)CC3)CC2)CC1
C1CCC(C2CCCCC2C2CCCC2)CC1
C1CCC(CC2CCCCC2C2CCCCC2)CC1
C1CCC(CC2CCC(C3CCCCC3)CC2)CC1
C1CCC(CCCCC2CC(C3CCCCC3)CCC2C2CCCCC2)CC1
C1CCC(CCC2CCC(C3CCCCC3)CC2C2CCCC(C3CCCCC3)C2)CC1
C1CCC(C2CCC(CCC3CC(C4CCCCC4)CC(C4CC4)C3)CC2)CC1
C1CCC(C2CCC(C3CCCCC3C3CCCC3)CC2)CC1
C1CCC(CCCC2CCCC(C3CCCCC3)C2)CC1
C1CCC(C2CCCC(C3CCC(CC4CCCC(C5CCCC(C6CCCCC6)C5)C4)CC3)C2)CC1
C1CCC(C2CC3CCCCC3C2)CC1
C1CCC(CCCC2CCCC(CC3CCC(C4CCCC4)CC3)C2)CC1
C1CCC(CC2CCCC(CC3CCCCC3C3CCCCC3)C2)CC1
C1CCC(C2CC(C3CCCCC3)C(C3CCCCC3)C(C3CCC3)C2)CC1
C1CCC(CCCC2CCC(CCC3CCCCC3)CC2)CC1
C1CCC(CC2CCCCC2C2CCCCC2C2CCCCC2)CC1
C1CCC(CC2CC(C3CCC3)CC(C3CCCC(CC4CCCC4)C3)C2)CC1
C1CCC(CCCC2CCC(CC3CCC(C4CCCCC4)CC3)CC2)CC1
C1CCC(C2CCCC(C3CCCCC3)C2)CC1
C1CCC(CC2CCCC(C3CCCCC3CCC3CCCC(CC4CC5CCCCC5C4)C3)C2)C1
C1CCC(C2CCC(CC3CCCC(CCC4CCCC4)C3)CC2)CC1
C1CCC(CC2CCCC(C3CCC(CC4CC5CCCCC5C4)CC3)C2)C1
C1CCC(CCC2CCCCC2)CC1
C1CCC(CCC2CCCCC2C2CCCC(C3CCCC(C4CCCCC4)C3)C2)CC1
C1CCC(CCCC2CCC(CCC3CCCCC3)CC2)CC1
C1CCC(CCC2CCC(CCC3CCCC(CC4CCCCC4)C3)CC2)CC1
C1CCC(CCC2CCCC(C3CCCC(C4CCC5CCCCC54)C3)C2)CC1
C1CCC(CC2CCC(C3CCCCC3)CC2)CC1
C1CCC(C2CC(C3CCCC3)C(C3CCCCC3)C3CCCC23)CC1
C1CCC(CCCCC2CCCC(C3CCC(C4CCC(C5CCCCC5)CC4)CC3)C2)CC1
C1CCC(CCC2CCCC(C3CCC4C(CCC4C4CCCC4)C3)C2)CC1
C1CCC(CCC2CCC(C3CCCCC3)CC2)CC1
C1CCC(CC2CC3CCC(CC4CCCCC4)CC3C(C3CCCCC3)C2)CC1
C1CCC(C2CCC(CCC3CCC(C4CC4)CC3)CC2)CC1
C1CCC(CCC2CCC(C3CCCCC3)CC2)CC1
C1CCC(C2CCC(C3CCCC(C4CCCCC4)C3)CC2)CC1
C1CCC(CC2CCCC(CCCC3CCC4CCCCC4C3)C2)CC1
C1CCC(C2CCC(C3CCCC3)CC2)CC1
C1CCC(C2CC(C3CCCCC3)CC(C3CCCC(C4CCCC4)C3)C2)CC1
C1CCC(C2CCCC(C3CCCC(CC4CCC5CCCCC54)C3)C2)CC1
C1CCC(C2CCC(C3CCCCC3)C(C3CCCCC3)C2)CC1
C1CCC(C2CCCC(CC3CCC4CCCC(C5CCCCC5)C4C3)C2)CC1
C1CCC(CC2CCC(C3CCCC(CC4CCCCC4)C3)CC2)CC1
C1CCC(C2CCCC(C3CCCCC3)C2)CC1
C1CCC(CCC2CCC(CC3CCCCC3)CC2CCC2CCCCC2)CC1
C1CCC(CC2CCC(C3CCCCC3)CC2)CC1
C1CCC(C2CCCCC2C2CCC(C3CCC4CCCCC4C3)CC2)CC1
C1CCC(C2CCC(C3CCCCC3CC3CCC4CCCCC4C3)CC2)CC1
C1CCC(CC2CCC3CCCC3C2)CC1
C1CCC(C2CCCCC2CC2CCCC2)CC1
C1CCC(CC2CCC(CCCC3CCCC(CCC4CC5CCCCC5C4)C3)CC2)CC1
C1CCC(CC2CCC(C3CCCC3)CC2C2CCCCC2)CC1
C1CCC(CC2CC(C3CCCCC3)C3CCCCC23)CC1
C1CCC(CC2CC(C3CCCCC3)C3CCCCC23)CC1
C1CCC(C2CCC(C3CCC(C4CCCCC4)CC3)CC2)CC1
C1CCC(CC2CC(C3CCCCC3)CC(C3CCCC(CC4CC4)C3)C2)CC1
C1CCC(CCC2CCC(CC3CCCCC3)CC2C2CCCCC2)CC1
C1CCC(CC2CCC(C3CCCCC3)CC2)CC1
C1CCC(CC2CCCC(CC3CCCCC3)C2)CC1
C1CCC(CCC2CCC(C3CCCCC3)CC2)CC1
C1CCC(CC2CCC(C3CCC(C4CCCCC4)CC3)CC2)CC1
C1CCC(CC2CCC(C3CCC(C4CCC(CC5CC6CCCCC6C5)CC4)C3)CC2)CC1
C1CCC(C2CCCC(CC3CCC(C4CCCC4)CC3)C2)CC1
C1CCC(CC2CCC(C3CCC(C4CCC(CC5CC5)CC4)CC3)CC2)CC1
C1CCC(C2CCC(C3CC(C4CCCCC4)C4CCCCC43)C(C3CCCC3)C2)CC1
C1CCC(CCCCC2CCC(C3CCCCC3C3CCCCC3)C2)CC1
C1CCC(CC2CCCC(C3CCCCC3CC3CCCCC3)C2)CC1
C1CCC(CCC2CCCCC2)CC1
C1CCC(CC2CC(C3CCC(CC4CCC(C5CCCCC5CCC5CC5)CC4)CC3)C3CCCCC23)CC1
C1CCC(C2CCC(CC3CCC(C4CCC(C5CCCCC5)CC4)CC3)CC2)CC1
C1CCC(CCC2CCCC(CC3CCCC(C4CCCCC4)C3)C2)CC1
C1CCC(CCC2CCCC(CC3CC(C4CCCCC4)CC(C4CCCC4)C3)C2)CC1
C1CCC(CC2CCC(C3CCC(C4CCCCC4)CC3)CC2)CC1
C1CCC(CCC2CCC(CCCC3CCCC(C4CCCCC4)C3)CC2)CC1
C1CCC(C2CCC(CCC3CCCC4CC(C5CCCCC5)CCC34)CC2)CC1
C(CCCC1CCCC(CC2CC3CCCCC3C2)C1)CCC1CCC(CC2CCCCC2)CC1
C1CCC(CCCC2CCC(C3CCCCC3)CC2)CC1
C1CCC(CCCC2CC3CCC(CC4CCCCC4)CC3C(C3CCCCC3)C2)CC1
C1CCC(C2CC(C3CCCC3)CC(C3CCCCC3C3CCCCC3)C2)CC1
C1CCC(CC2CCCC(CC3CC(CC4CCCCC4)C4CCCCC34)C2)CC1
C1CCC(CCC2CCC3C(C4CCCCC4)CC(C4CCCC(C5CCCCC5)C4)C3C2)CC1
C1CCC(C2CCC(C3CCCC(C4CCCCC4)C3)CC2)CC1
C1CCC(CCCCC2CC(C3CCCCC3)C3CCCCC23)CC1
C1CCC(C2CCCC(C3CCCCC3C3CCCCC3)C2)CC1
C1CCC(CC2CC(C3CC3)CC(C3CCCC(C4CCCCC4)C3)C2)CC1
C1CCC(CC2CCC(CC3CCCCC3C3CCCCC3)CC2C2CCCCC2)CC1
C1CCC(CC2CCCCC2C2CCCC(CC3CCC4CCCCC43)C2)CC1
C(CCCC1CCC(CC2CCCCC2)CC1)CCC1CCCCC1
C1CCC(C2CCC(CCC3CCCCC3C3CCCCC3)CC2)CC1
C1CCC(CCCC2CCCC(C3CCC(C4CCCCC4)CC3)C2)CC1
C1CCC(CC2CCC(C3CCC(C4CCCCC4)CC3)CC2)CC1
C1CCC(CCCCC2CCCC(CC3CCCCC3)C2)CC1
C1CCC(CCC2CC(CC3CCC(C4CCC(C5CCCC(C6CC6)C5)CC4)CC3)C3CCCCC23)CC1
C1CCC(C2CCC(CC3CCC(CCC4CC5CCCCC5C4)CC3)CC2)CC1
C1CCC(CC2CC(C3CC3)CC(C3CCCC(CC4CC4)C3)C2)CC1
C1CCC(CCC2CCC(CC3CCCC(CC4CC4)C3)CC2)CC1
C1CCC(C2CCC(C3CCCCC3)CC2)CC1
C1CCC(CCCC2CCC(CC3CCCCC3)CC2)CC1
C1CCC(CCCCC2C(C3CCCCC3)CCCC2C2CCCC2)CC1
C1CCC(CCC2CCCC(C3CCC(C4CCCCC4)CC3)C2)CC1
C1CCC(CC2CCCC(C3CCCCC3)C2)CC1
C1CCC(C2CCCC(C3CCCC(C4CCCCC4)C3)C2)CC1
C1CCC(CC2CCC(C3CCCCC3)CC2)CC1
C1CCC(C2CCCCC2C2CCCC(C3CCC(CCC4CC4)CC3)C2)CC1
C1CCC(CC2CC(C3CCC4CCCCC43)CC3CCCCC32)CC1
C1CCC(CC2CCCC(C3CCC(CCC4CCC(C5CCCC5)CC4)CC3)C2)CC1
C1CCC(CC2CCCCC2C2CCCCC2C2CCCCC2)CC1
C1CCC(CC2CCC(C3CCCC(C4CCCCC4)C3)CC2)CC1
C1CCC(CC2CCC(CC3CC(C4CCCCC4)C4CCCCC34)CC2)CC1
C1CCC(CC2CCC(CC3CCCCC3C3CCCCC3)CC2)CC1
C1CCC(CC2CCCCC2C2CCCCC2)CC1
C1CCC(C2CCC(CCCC3CC4CCCCC4C3)CC2)CC1
C1CCC(C2CCCCC2C2CCCCC2C2CCC(C3CCCC3)CC2)CC1
C(CC1CCCC(C2CCCC(CC3CCC4CCCCC43)C2)C1)CC1CC2CCCCC2C1
C1CCC(CC2CCCC(C3CCC(C4CCC5CCCC5C4)CC3)C2)CC1
C1CCC(CC2CCC(CCCC3CC(C4CCCCC4)C4CCCCC34)CC2)CC1
C1CCC(C2CCC(CCCC3CCCC(C4CCCCC4)C3)CC2)CC1
C1CCC(C2CCCCC2CC2CC3CCCCC3C2)CC1
C1CCC(CCCCC2CCC(C3CCCC(CC4CCCCC4)C3)CC2)CC1
C1CCC(CC2CCC(C3CCCCC3)CC2)CC1
C1CCC(CC2CCC(CC3CCC(C4CCCC4)CC3)CC2)CC1
C1CCC(CC2CCCC(C3CCC(CC4CCCCC4C4CCCC4)CC3)C2)C1
C1CCC(C2CCCCC2CC2CC3CCCCC3C2)CC1
C1CCC(CCC2CCC(CC3CCCCC3)C(CCC3CCCCC3)C2)CC1
C1CCC(CCCC2CCC(CC3CCC(CC4CCCCC4)CC3)CC2)CC1
C1CCC(CCC2CCCC(CCCC3CCC(C4CCCCC4)CC3)C2)CC1
C1CCC(CC2CCC(CCC3CC4CCCCC4C3)CC2)CC1
C1CCC(CCCC2CCCC(CC3CCCCC3)C2)CC1
C1CCC(CC2CC3CCC(C4CCCCC4CC4CCCCC4)CC3C(C3CCCCC3)C2)CC1
C1CCC(CCCC2CCC(CC3CCC(C4CCC(CC5CCCC5)CC4)CC3)CC2)CC1
C1CCC(CC2CCCC(C3CCCCC3)C2)CC1
C1CCC(CCC2CC(CC3CCCCC3)CCC2CC2CCCCC2)CC1
C1CCC(C2CCCC(CCC3CCC(CC4CC5CCCCC5C4)CC3)C2)CC1
C1CCC(CC2CCC(CC3CC(C4CCCCC4)CCC3CC3CC3)CC2)CC1
C1CCC(CC2CCCC(CC3CCCCC3CCC3CCC4CCCCC4C3)C2)CC1
C1CCC(C2CCCC(CCC3CCCCC3C3CCCCC3)C2)CC1
C1CCC(CCCC2CCC(CC3CCCCC3)CC2)CC1
C1CCC(CC2CCC(CC3CCCCC3)CC2)CC1
C1CCC2CC(CCC3CCCCC3C3CCCCC3CC3CCC4CCCCC43)CC2C1
C1CCC(CCCC2CCCCC2C2CCCCC2)CC1
C1CCC(C2CCCC(C3CCCC(CC4CCC5CCC(C6CCCC6)C5C4)C3)C2)CC1
C1CCC(CC2CCC(CC3CCC(CCC(CC4CCCCC4)CC4CC4)CC3)CC2)CC1
C1CCC(CC2CCC(CC3CCCCC3)CC2)CC1
C1CCC(C2CC(C3CCCCC3)C(C3CCCCC3)C3CCCC23)CC1
C1CCC(CC2CCCC(CC3CCC(CCC4CCCC4)CC3)C2)CC1
C1CCC(C2CCCC(C3CCCC(C4CCCCC4)C3)C2)CC1
C1CCC(CC2CCCCC2CC2CCCC(CC3CCC(CC4CCC4)CC3)C2)CC1
C1CCC(C2CCC(CCC3CCCCC3C3CCC4CCCC4C3)CC2)CC1
C1CCC(CC2CCC3C(CC4CCC5CCCCC5C4)CC(C4CCCCC4)C3C2)CC1
C1CCC(CC2CCC(C3CCCC(C(C4CCCCC4)C4CCC4)C3)CC2)CC1
C1CCC(CCCCC2CCC(CCCC3CCCCC3)CC2)CC1
C1CCC(C2CCCC(C3CC(C4CCCCC4)CC(C4CCCCC4)C3)C2)CC1
C1CCC(C2CCC(CCC3CCCC(C4CCCC(C5CCCC5)C4)C3)CC2)CC1
C1CCC(CC2CCC(C3CCCC(CC4CC5CCCCC5C4)C3)CC2)CC1
C1CCC(CCC2CCC(C3CCCCC3)CC2)CC1
C1CCC(C2CC(C3CCCCC3)C3CC(CCC4CCC(C5CCCC5)CC4)CCC23)CC1
C1CCC(CC2CCC(C(CC3CCCCC3)C3CCCCC3)CC2)CC1
C1CCC(C2CCCC(C3CCCCC3)C2)CC1
C1CCC(CCCCCC2CCCC(C3CCCC(C4CCCCC4)C3)C2)CC1
C1CCC(CCCCC2CCC(C3CCCC(C4CCCCC4)C3)CC2)CC1
C1CCC(C2CC3CCC(C4CCC(CC5CC5)CC4CC4CCCC4)CC3C(C3CCCCC3)C2)CC1
C1CCC(CC2CCC(C3CCCCC3)CC2)CC1
C1CCC(CCC2CCCC(C3CCCCC3C3CCCC3)C2)CC1
C1CCC(CC2CCC(C3CCC4C(CC5CCCCC5)CCC4C3)CC2)CC1
C1CCC(C2CCC(CCC3CCCCC3C3CCC3)CC2)CC1
C1CCC(C2CCCC(C3CCCCC3)C2)CC1
C1CCC(CC2CC(C3CC(C4CCCCC4)CC(C4CCCCC4)C3)C3CCCCC23)CC1
C1CCC(C2CCC(CC3CCCCC3C3CC(C4CCCCC4)CCC3C3CCCCC3)CC2)CC1
C1CCC(CCC2CCC(CC3CCCC(C4CCCCC4)C3)CC2)CC1
C1CCC(C2CC(C(C3CCCCC3)C3CC3)CCC2CCC2CCCC2)CC1
C1CCC(CCCCCC2CCC(CC3CCCCC3)CC2)CC1
C1CCC(CCC2CCC(CC3CCCC3)CC2C2CCC3CCCC3C2)CC1
C1CCC2CC(CC3CCC(C4CCCC(C5CC5)C4)CC3)CC2C1
C1CCC(CC2CCC(C3CCC(CCC4CCCCC4C4CCCCC4)CC3)CC2)CC1
C1CCC(CCCC2CCCC(C3CCCC(C4CCCCC4C4CCCC4)C3)C2)CC1
C1CCC(CCCC2CCCCC2C2CCCCC2CC2CC3CCCCC3C2)CC1
C1CCC(CCC2CCCC(C3CCC(CC4CCC5CCCCC54)CC3)C2)CC1
C1CCC(C2CCCC(C3CCCC3)C2)CC1
C1CCC(C2CCC(C3CCCC4CCCCC43)CC2)CC1
C1CCC(C2CCCCC2CCC2CCCC(C3CCC(C4CCCC4)CC3)C2)CC1
C1CCC2CC(C3CCC4CCCCC43)CCC2C1
C1CCC(CC2CCCC(CC3CCCCC3)C2)CC1
C1CCC(CCC2CCC(C3CCCCC3)C(C3CCCCC3)C2)CC1
C1CCC(CCCC2CCCC(CC3CCCC(CC4CCC(C5CCC5)CC4)C3)C2)CC1
C1CCC(CC2CCC3CC(CC4CCC(C5CCCC5)CC4)CCC23)CC1
C1CCC(C2CCCC(C3CCCCC3)C2)CC1
C1CCC(C2CCCC(CCC3CCCC(CC4CCCC4)C3)C2)CC1
C1CCC(C2CCCC(C3CCCC(C4CCCCC4)C3)C2)CC1
C1CCC(C2CCCC(C3CCCCC3)C2)CC1
C1CCC(CC2CCC(C3CCCC(CC4CCCCC4)C3)CC2)CC1
C1CCC(CC2CCCC(C3CC(C4CCCCC4)CC(C4CCC4)C3)C2)CC1
C1CCC(CC2CCCC(CC3CCCCC3)C2)CC1
C1CCC(CCC2CCCCC2CC2CCCCC2)CC1
C1CCC(C2CCCCC2C2CCC(CCC3CCCC3)CC2)CC1
C1CCC(C2CCCCC2)CC1
C1CCC(CCC2CCCCC2C2CCCCC2)CC1
C1CCC(CC2CC(C3CCCCC3)CC(C3CCCCC3)C2)CC1
C1CCC(CC2CCCCC2C2CCC3C(CCCC3C3CCCCC3)C2)CC1
C1CCC(CC2CCC(CCC3CCCCC3C3CCCC(CC4CCC5CCCC5C4)C3)CC2)CC1
C1CCC(CC2CCC(C3CCC(C4CCCCC4)CC3)CC2C2CC2)CC1
C1CCC(CC2CCCCC2C2CCC(CCC3CC3)CC2C2CCCC2)CC1
C1CCC(C2CCCC(CCC3CCCC(C4CCCCC4)C3)C2)CC1
C1CCC(CC2CCCC(C3CC(C4CCCCC4)CC(C4CCC4)C3C3CCCCC3)C2)CC1
C1CCC(CCCCCC2CCCCC2CCC2CCCC(CC3CCCCC3)C2)CC1
C1CCC(CC2CCC(C3CCCCC3)CC2)CC1
C1CCC(C2CCC(C3CCCC(C4CCCCC4C4CCCC4)C3)CC2)CC1
C1CCC(CC2CCC(C3CCCC(C4CCCCC4)C3)CC2)CC1
C1CCC(CC2CCC(C3CCC(C4CCCCC4)CC3)CC2)CC1
C1CCC(C2CCC(C3CCCCC3C3CCCCC3)C(C3CCCCC3)C2)CC1
C1CCC(CC2CCC(CCCC3CCC(C4CCCCC4)CC3)CC2)CC1
C1CCC(CCCC2CCCC(C3CCC(C4CCC4)CC3)C2)CC1
C1CCC(C2CCC(C3CCCCC3)CC2)CC1
C1CCC(CCCC2CCC3CCC(CC4CCC(C5CC5)CC4)CC23)CC1
C1CCC(C2CC(C3CCCCC3)C(C3CCCCC3)C(C3CCCCC3)C2)CC1
C1CCC(CC2CCC(CC3CCC(CCC4CC4)CC3)CC2)CC1
C1CCC(CCC2CCCCC2C2CCCCC2)CC1
C1CCC(CC2CCC(C3CCCCC3)C(C3CCCCC3)C2)CC1
C1CCC(CCCCC2CCC(C3CCCC(C4CCCCC4)C3)CC2)CC1
C1CCC(C2CCC(C3CCCCC3C3CCCCC3)C2)CC1
C1CCC(CCCC2CCC(CC3CCCCC3)CC2CCCC2CCCCC2)CC1
C1CCC(C2CC(C3CCCCC3)CC(C3CCCCC3)C2)CC1
C1CCC(CC2CCC(CC3CC4CCC(C5CCCC5)CC4C(C4CCCCC4)C3)CC2)CC1
C1CCC(CC2CCCC(CC3CCC(C4CCCCC4)CC3)C2)CC1
C1CCC(C2CCC(CCC(CC3CC4CCCCC4C3)C3CC3)CC2)CC1
C1CCC(C2CCCC(C3CCCCC3)C2)CC1
C1CC(CC2CCC(CCC3CCC4CCCCC4C3)CC2)CC(CC2CCC3CCCCC32)C1
C1CCC(CC2CCC(C3CCCCC3)C2)CC1
C1CCC(C2CCCC(CC3CCCC(CC4CCCC4)C3)C2)CC1
C1CCC(CCCC2CC(C3CCCCC3)C3CCC(C4CCCC4)CC23)CC1
C1CCC(CC2CCC(C3CCC(C4CCCCC4)CC3)CC2)CC1
C1CCC(C2CCC(CCCC3CC(C4CCCCC4)CC(C4CCC4)C3)CC2)CC1
C1CCC(C(CC2CC3CCCCC3C2)C2CCCCC2)CC1
C1CCC(CC2CCCC(CC3CCC(C4CCCC4)CC3)C2)C1
C1CCC(CCC2CCCC(C3CCC4CC(CCC5CCCCC5)CC(C5CCCCC5)C4C3)C2)CC1
C1CCC(CC2CCCCC2C2CCCCC2)CC1
C1CCC(CC2CCCCC2C2CC(C3CCCCC3)C3CCCCC32)CC1
C1CCC(CC2CC(C3CCCC(C4CCCCC4)C3)C3CCCCC23)CC1
C1CCC(CCC2CCC(CC3CC(C4CCCC4)C4CCCCC34)CC2)CC1
C1CCC(CC2CCCC(C3CCCCC3CC3CCCC3)C2)CC1
C1CCC(CC2CCCCC2CCCCCCC2CCCCC2CC2CCCCC2)CC1
C1CCC(CCC2CCCC(CCC3CCCC(C4CCCCC4)C3)C2)CC1
C1CCC(CC2CCC(CC3CCC(C4CCCCC4)CC3)CC2)CC1
C1CCC(CC2CCCCC2C2CCCCC2C2CCCCC2)CC1
C(CCCC1CCCCC1C1CCCCC1)CCC1CC2CCCCC2C1
C1CCC(C2CCC(C3CCCCC3)C(C3CCCCC3)C2)CC1
C1CCC(C2CCCCC2CC2CCCCC2C2CCCCC2)CC1
C1CCC(CC2CCC(CC3CCCCC3C3CCCC3)CC2)CC1
C(CC1CCC(CC2CC2)CC1)CC1CCC(C2CCCC(CC3CC4CCCCC4C3)C2)CC1
C1CCC2C(C1)CCC2CCC1CCCC(C2CC(CC3CCC4CCCCC43)CC3CCCCC32)C1
C1CCC(C2CC(CC3CCC(CC4CCCC4)CC3)CC(C3CCCCC3)C2)CC1
C1CCC(CC2CCC(CCC3CCC(C4CC5CCCCC5C4)CC3)CC2)CC1
C1CCC(C2CCCCC2C2CCCCC2)CC1
C1CCC(C2CCC(C3CCCCC3C3CC(C4CCCCC4)C3)CC2)CC1
C1CCC(C2CCCCC2C2CC(C3CC4CCCCC4C3)C3CCCCC32)CC1
C1CCC(CCCCC2CCC(CC3CCCCC3)CC2)CC1
C1CCC(CC2CCC(CC3CCCCC3)CC2)CC1
C1CCC(CCC2CCC3C(CC4CCCCC4)CC(C4CCCCC4)C3C2)CC1
C1CCC(CCC2CCCC(CCCCC3CCCC(CC4CCCCC4)C3)C2)CC1
C1CCC(C2CCCC(C3CCCCC3)C2)CC1
C1CCC(CC2CCCCC2)CC1
C1CCC(CC2CCCC(CC3CCCCC3)C2)CC1
C1CCC(CCCC2CCCC(C3CCC(CC4CCCCC4)CC3)C2)CC1
C1CCC(CC2CC(C3CCCCC3)C3CCCCC23)CC1
C1CCC(CC2CCC(CC3CCCC3CC3CCC(CC4CCCCC4)C3)CC2)CC1
C1CCC(CCC2CCCC(C3CCC4CCCCC4C3)C2)CC1
C1CCC(C2CC(C3CCC4CCCC4C3)C3CCCCC23)CC1
C1CCC(CCC2CCCC(C3CCCCC3)C2)CC1
C1CCC(C2CCC(CCC3CCC4C(C5CCCCC5)CC(C5CCCC5)C4C3)CC2)CC1
C1CCC(CCCC2CCC(CCC3CCCC(CCC4CCCCC4)C3)CC2)CC1
C1CCC(CC2CCC(CC3CCCC(C4CCCC4)C3)CC2)CC1
C1CCC(CCCC2CCC(CCC3CCCCC3)CC2)CC1
C1CCC(CC2CCCC(CC3CCCC(C4CCCCC4)C3)C2)CC1
C(CCCC1CCCCC1)CCCC1CCC(C2CCCCC2)CC1
C1CCC(CCC2CCC(C3CCCC3CCC3CC4CCCCC4C3)CC2)CC1
C1CCC(CCCCCC2CCCC(C3CCC(CC4CC5CCCCC5C4)CC3)C2)CC1
C1CCC(CCCCCC2CCC(CC3CCC(C4CC4)CC3)CC2)CC1
C1CCC(CCC2CCCC(CC3CCCCC3)C2)CC1
C1CCC(C2CC(C3CCC4CCCCC43)CC3CCCCC32)CC1
C1CCC(C2CCCCC2C2CCC(CC3CCC(C4CCC(C5CCC5)CC4)CC3)CC2)CC1
C1CCC(CC2CCC(CCC3CCCC(C4CCCCC4)C3)CC2)CC1
C1CCC(CC2CCCC(C3CCC(C4CCC5CCCCC54)CC3)C2)CC1
C1CCC(CCCC2CCC(C3CCCCC3)CC2)CC1
C1CCC(C2CCC(CC3CCCC(CCC4CCC(CCC5CC5)CC4)C3)CC2)CC1
C1CCC(CC2CCC(CC3CCC(C4CCCC4)CC3)CC2)CC1
C1CCC(CC2CCC(CC3CCCCC3)CC2)CC1
C1CCC(CC2CCC(CC3CCCC(CCC4CCC(C5CCCCC5)C4)C3)CC2)CC1
C1CCC(CCCC2CCC(C3CCCC(CC4CC5CCCCC5C4)C3)CC2)C1
C1CCC(CCCC2CCCC(C3CCCCC3)C2)CC1
C1CCC(C2CCC(C3CCCC3)CC2)CC1
C1CCC(C2CCC(C3CCC(C4CCC5CCCC5C4)CC3)C(C3CCCC3)C2)CC1
C1CCC(C2CCCCC2C2CC(C3CCCC3)CCC2C2CCCCC2)CC1
C1CCC(CC2CCC(C3CCC(CCC4CC5CCCCC5C4)CC3)CC2)CC1
C1CCC(CCC2CCC(CC3CCCCC3)CC2)CC1
C1CCC(CCCC2CCC(CC3CCCCC3)CC2)CC1
C1CCC(C2CCC3CCC(C4CCC(C5CCC6CCCCC6C5)CC4)CC32)CC1
C1CCC(CC2CCC(C3CCC3)C(CCC3CC(C4CCCCC4)C4CCCCC34)C2)CC1
C1CCC(C2CCC(C3CCCCC3C3CCCCC3C3CCCCC3)CC2)CC1
C1CCC(C2CCC3C(CCCC3C3CCCCC3)C2)CC1
C1CCC(CC2CCCC(C3CCCCC3)C2)CC1
C1CCC(CC2CCC(C3CCCCC3C3CCC4CCCCC4C3)CC2)CC1
C1CCC(C2CCCC(C3CCCC(C4CCCCC4)C3)C2)CC1
C1CCC(CC2CCC(C3CCCC(CC4CCCCC4)C3)CC2)CC1
C1CCC(CCC2CCCC(C3CC(C4CCCCC4)C4CCCCC34)C2)CC1
C1CCC(CC2CCC(C3CCCCC3)CC2)CC1
C1CC2CCC(C3CCCCC3C3CCC(C4CCCCC4C4CCCC4)CC3)CC2C1
C1CCC(CCCCC2CCC(C3CCCCC3)CC2)CC1
C1CCC(CC2CCCC(C3CCCCC3)C2)CC1
C1CCC(CCC2CCCC(C3CCCCC3)C2)CC1
C1CCC(C2CCC3CC(C4CCCCC4)CCC3C2)CC1
C1CCC(CCC2CCCCC2C2CCCCC2)CC1
C1CCC(C2CCC(C3CCC(C4CCCCC4)CC3C3CCCCC3)CC2)CC1
C1CCC(CC2CCCC(CCCC3CCC(C4CCCC4)CC3)C2)CC1
C1CCC(CC2CCC(C3CC(C4CCCCC4)C4CCCCC34)CC2)CC1
C1CCC(C2CCC(C3CCCC(C4CC5CCCCC5C4)C3)CC2)CC1
C1CCC(CCCCC2CCCCC2)CC1
C1CCC(CC2CC(CC3CCCCC3C3CCCC(CC4CC5CCCCC5C4)C3)C3CCCCC23)C1
C1CCC(CC2CCCC(C3CCCCC3)C2)CC1
C1CCC(C2CCCC(C3CCCCC3C3CCCCC3)C2)CC1
C1CCC(C2CCCC(C3CCCC(C4CCCCC4)C3C3CCCCC3)C2)CC1
C1CCC(CC2CCCCC2C2CCC3C(CC4CCC(CC5CCC5)CC4)CCCC3C2)CC1
C1CCC(CC2CCCCC2CCC2CCC(C3CC(C4CCCCC4)CC(C4CCC4)C3)CC2)CC1
C1CCC(C2CCC(CCCC3CCC(CCC4CCC(C5CCCCC5)CC4)CC3)CC2)CC1
C1CCC(CC2CCCC(C3CCCC(C4CCCCC4)C3)C2)CC1
C1CCC(CCC2CCCC(C3CC(C4CCCCC4)C4CCCCC34)C2)CC1
C1CCC(CC2CCCCC2CCC2CCC(C3CCCC(CC4CC5CCCCC5C4)C3)CC2)CC1
C1CCC(CCC2CC(C3CCCCC3)C3CC(CC4CCCCC4)CCC23)CC1
C1CCC(CC2CCC(CC3CCCCC3)CC2)CC1
C1CCC(CC2CCC(CC3CCC(C4CC5CCCCC5C4)CC3)CC2)C1
C1CCC(CC2CCCCC2C2CCC3CCC(C4CCCCC4)CC3C2)CC1
C1CCC2CC(CCC3CCC(C4CCCCC4C4CCCC4)CC3)CCC2C1
C1CCC(C2CCC(C3CCCC(CCCC4CC5CCCCC5C4)C3)CC2)CC1
C1CCC(C2CCCC(CC3CCCCC3C3CCCCC3)C2)CC1
C1CCC(CC2CCC(CC3CCC(C4CCCC5CC(C6CCCCC6)CCC54)CC3)CC2)CC1
C1CCC(CC2CCC(CCC3CC3)CC2C2CCCCC2)CC1
C1CCC(C2CCC(CCC3CCCCC3C3CCCCC3)CC2)CC1
C1CCC(CCC2CCC(C3CCC(C4CCCCC4)CC3)CC2)CC1
C1CCC(C2CCCCC2)CC1
C1CCC(CCCC2CCCC(C3CCCCC3)C2)CC1
C1CCC(CCCC2CCC(CC3CCCCC3)CC2)CC1
C1CCC(CC2CCC(CCC3CCC4C(CCC4C4CCCC4)C3)CC2)CC1
C1CCC(C2CC(C3CCC(C4CCC(CC5CC5)CC4)CC3)CC3CCCCC32)CC1
C1CCC(CC2CCCCC2CC2CC(CC3CCCCC3)C3CCCCC23)CC1
C1CCC(C2CCC3C(CC4CCCC4)CC(C4CCCCC4)C3C2)CC1
C1CCC(C2CCCCC2CC2CC3CCCCC3C2)CC1
C1CCC(CC2CCC3CCCCC3C2)CC1
C1CCC(CCC2CC(CC3CCCCC3)CCC2C2CCCCC2)CC1
C1CCC(CCCC2CCC(C3CCCC(C4CCCC4)C3)C2)CC1
C1CCC2CC(CCC3CCC(C4CCCCC4CC4CC5CCCCC5C4)CC3)CC2C1
C1CCC(CC2CCC(C3CCCC(CCC4CCC5CCCC5C4)C3)CC2)CC1
C1CCC(C2CCC(C3CCCCC3)C(CCC3CCCC3)C2)CC1
C1CCC(C2CCCC(C3CCCCC3)C2)CC1
C1CCC(CC2CCCC(CC3CCCCC3)C2)CC1
C(CCCCCC1CC2CCCCC2C1)CCCCC1CCCCC1
C1CC(CC2CCC(CC3CCC(CC4CCC5CCCCC54)CC3)CC2)CC(C2CC2)C1
C1CCC(CC2CCC(C3CCCC(CCC4CCC5CCCCC54)C3)CC2)CC1
C1CCC(CCC2CCCC(CCCCC3CCC(C4CCCCC4)CC3)C2)CC1
C1CCC(CC2CCCCC2C2CCCCC2)CC1
C1CCC(CCCC2CCCCC2C2CCCC(CC3CCCC3)C2)CC1
C1CCC(C2CCCCC2C2CCCC2)CC1
C1CCC(CC2CCCCC2C2CCCCC2)CC1
C1CCC(CC2CCCCC2CC2CCCCC2C2CCCCC2)CC1
C1CCC(C2CCCC(C3CC4CCCCC4C3)C2)CC1
C1CCC(CC2CCC(CC3CCCCC3C3CCCCC3)CC2)CC1
C1CCC(CCCCC2CCC(C3CCC(CCC4CCC5CCCCC5C4)CC3)CC2)CC1
C1CCC(CCC2CCCC(C3CCCCC3C3CCCCC3)C2)CC1
C1CCC(C2CCC(CCC3CCC(C4CCCC4)CC3)C(C3CCCC3)C2)CC1
C1CCC(C2CCC3CC(C4CCC5CCCCC54)CC(C4CCCCC4)C3C2)CC1
C1CCC(CC2CCC(CC3CCCCC3)CC2)CC1
C1CCC(CC2CCCC3CCC(C4CCCCC4)CC32)CC1
C1CCC(CC2CCC(CC3CCCC3)C(CCCCC3CCCC3)C2)CC1
C1CCC(CC2CCC(C3CCCCC3C3CCC4CCCCC4C3)CC2)CC1
C1CCC(CCC2CCCC(CC3CCC4CCC(C5CCCCC5)CC4C3)C2)CC1
C1CCC(CC2CCCC(CCC3CCCC4CCCCC43)C2)CC1
C1CCC(CC2CCC3CC(C4CCC5CCCCC54)CC(C4CCCCC4)C3C2)CC1
C1CCC(C2CCCCC2C2CCCC(C3CCC4CCCCC4C3)C2)CC1
C1CCC(CCC2CCC(CCC3CCCCC3)CC2)CC1
C1CCC(C2CCC(CCC3CC(C4CCCCC4)C4CC(C5CCCCC5)CCC34)CC2)CC1
C1CCC(C2CCC(C3CCC(C4CCCCC4)CC3C3CCCC3)CC2)CC1
C1CCC(CC2CCC(CC3CCC4CCCCC43)C(C3CCCC3)C2)CC1
C1CCC(CC2CCCC(C3CCCC(CCC4CC5CCCCC5C4)C3)C2)CC1
C1CCC(CC2CCC(C3CCCCC3CC3CCCC(CC4CCCCC4)C3)CC2)CC1
C1CCC(CC2CCC(CCC3CCCC(C4CCCCC4)C3)C(C3CCCCC3)C2)CC1
C1CCC(C2CCCC(C(CC3CCCCC3CC3CCCC3)C3CCCC3)C2)CC1
C1CCC(CC2CCC(CC3CCCCC3)CC2)CC1
C1CCC(CC2CCCC(C3CCC(CC4CCCC4CC4CCCCC4)CC3)C2)CC1
C1CCC(CCC2CCCC(CCC3CCCCC3)C2)CC1
C1CCC(C2CCCC(C3CCCC(CC4CCC5CCCC5C4)C3)C2)CC1
C1CCC(CC(C2CCCCC2)C2CCCC(CC3CCC(C4CCCCC4)CC3)C2)CC1
C1CCC(CC2CCCCC2C2CCCCC2)CC1
C1CCC(CC2CCCC(C3CCCCC3)C2)CC1
C1CCC(CCC2CCCC(C3CCCC(CC4CCCCC4)C3)C2)CC1
C1CCC(C2CCCC(C3CCCC(C4CCCCC4)C3)C2)CC1
C1CCC(CC2CCCCC2C2CCCCC2CC2CC2)CC1
C1CCC(CCCC2CCC(CC3CCCC(CC4CCCCC4)C3)CC2)CC1
C1CCC(CCC2CCC(CC3CCCCC3)CC2)CC1
C1CCC(CC2CCC(CC3CCCCC3CC3CCCCC3)CC2)CC1
C1CCC(CC2CCCC(C3CCC(CC4CCCCC4C4CCCCC4)CC3C3CCCCC3)C2)CC1
C1CCC(CCCCC2CCC(C3CCC(C4CCCCC4)CC3)CC2)CC1
C1CCC(C2CCCC(C3CCCCC3C3CCC3)C2)C1
C1CCC(C2CCC(C3CCCCC3)C(C3CCCCC3)C2)CC1
C1CCC(C2CCCC(C3CCCCC3C3CCCC3)C2)CC1
C1CCC(C2CCCCC2C2CCCC(C3CCCC3C3CCCCC3C3CCCC3)C2)C1
C1CCC(CC2CCCC(CCCC3CCC(C4CCCCC4)CC3)C2)CC1
C1CCC(CC2CCC(CCC3CCC(CC4CCCCC4)CC3)CC2)CC1
C1CCC(CCC2CCCCC2C2CCCCC2)CC1
C1CCC(C2CCC3CC(C4CCC(C5CCCC5)CC4)CCC32)CC1
C1CCC(C2CCCCC2CCC2CCCC(C3CCCC3)C2)CC1
C1CCC(C2CCCC(C3CCCCC3CC3CCC4CCCCC4C3)C2)CC1
C1CCC(C2CCC(CC3CCC(C4CCCCC4)CC3)CC2)CC1
C1CCC(CC2CCC(CC3CCCCC3)CC2)CC1
C1CCC(C2CCC(C3CCC(C4CCC(C5CCCCC5)C4)CC3)CC2)CC1
C1CCC(C2CCCC3CCC(C4CCC(CC5CC6CCCCC6C5)CC4)CC32)CC1
C1CCC(CCC2CCC(C3CCC(C4CCCCC4)CC3C3CCCC3)CC2)CC1
C1CCC(C2CCCC(CCC3CCC(C4CCCC4)CC3)C2)CC1
C1CCC(CC2CCCCC2CCC2CCCCC2CC2CCCCC2)CC1
C1CCC(CCC2CCC(C3CCCC(C4CCCCC4)C3)CC2)CC1
C1CCC(CC2CCCC(CCC3CC(C4CCCCC4)C4CCCCC34)C2)CC1
C1CCC(CCCCC2CCC(C3CCC3)C(C3CCCCC3)C2)CC1
C1CCC(C2CCCC(C3CCCCC3C3CCCC3)C2)CC1
C1CCC(CCC2CCC(CCCC3CCCCC3C3CCCCC3)CC2)CC1
C1CCC(CCCC2CCCC(C3CCCCC3)C2)CC1
C1CCC(CC2CCCCC2C2CCCC(C3CCCC(C4CCCCC4)C3)C2)CC1
C1CCC(CCC2CCCC(C3CCCC3)C2)CC1
C1CCC(CC2CCCCC2CCCCC2CCC(C3CC(C4CCCCC4)C3)CC2)CC1
C1CCC(CCC2CC3CCCCC3C(C3CCCCC3)C2)CC1
C1CC2CCC(CC3CCCCC3C3CCC4C(CCC4C4CCCC4)C3)CC2C1
C1CCC(CC2CCCC(C3CCCC(CC4CCCC(C5CCCCC5)C4)C3)C2)CC1
C1CCC(CC2CCC(CCCC3CCC(CC4CC4)CC3)CC2)CC1
C1CCC(CCCCC2CCCC(C3CCCCC3)C2)CC1
C1CCC(CC2CC(CC3CCC(C4CCCCC4)CC3)C3CCCCC23)CC1
C1CCC(CC2CCCC(C3CC4CCC(C5CCCCC5)CC4C(C4CCCCC4)C3)C2)CC1
C1CCC(CCC2CCCC(C3CCCCC3)C2)CC1
C1CCC(C2CCCC(CC3CCC4CC(CC5CC6CCCCC6C5)CCC43)C2)CC1
C1CCC(C2CCC(C3CCCC(C4CCCCC4)C3)CC2)CC1
C1CCC(CC2CC(CCC3CCC(C4CCCCC4)CC3)C3CCCCC23)CC1
C1CCC(C2CCCC(CCCC3CCCCC3C3CCCCC3)C2)CC1
C1CCC(C2CCC(C3CCCC(C4CCCCC4)C3)CC2)CC1
C1CCC(CC2CCC(CCC3CCCC(C4CCCCC4)C3)CC2)CC1
C1CCC(C2CC(C3CCCC4CCCCC43)C3CCCCC23)CC1
C1CCC(CCC2CCCC(C3CCCC(CC4CCCCC4)C3)C2)CC1
C1CCC(CCC2CCC(CC3CCCCC3)CC2)CC1
C1CCC(CC2CCC(C3CCCCC3)CC2C2CCC3C(CCC3C3CCCCC3)C2)CC1
C1CCC(C2CCC(C3C(CC4CC4)CC(C4CCCCC4)CC3C3CCCCC3)CC2)CC1
C1CCC(CC2CCC(CCCC3CCCCC3C3CCCCC3)CC2)CC1
C1CCC(CC2CCCCC2C2CCCCC2C2CCC3CCCC3C2)CC1
C1CCC(C2CCCCC2)CC1
C1CCC(CCCCCC2CCC(CC3CCCCC3)CC2)CC1
C1CCC(C2CCC(C3CCCCC3)CC2)CC1
C1CCC(C2CCC(CC3CCCC(CC4CCCCC4C4CCC5CCCCC5C4)C3)CC2)CC1
C1CCC(C2CCC(C3CC(CC4CC4)CCC3C3CCCCC3)CC2)CC1
C1CCC(C2CCC3C(CCCC3CC3CCCCC3CC3CC4CCCCC4C3)C2)CC1
C1CCC(CCC2CC(CC3CCCCC3)CCC2C2CCCCC2)CC1
C1CCC(CC2CCC(C3CCCCC3C3CCCCC3)CC2)CC1
C1CCC(CC2CCC(CCC3CCC(CC4CCCCC4CC4CCCCC4)CC3)CC2)CC1
C1CCC(CCC2CCCC(CCC3CCCCC3C3CCCCC3)C2)CC1
C1CCC(CC2CCC(C3CCC(CC4CCCC4)CC3)CC2)CC1
C1CCC(C2CCCC(CC3CC(C4CCCCC4C4CCCC4)C4CCCCC34)C2)C1
C1CCC(CCCCCC2CCC(CC3CCCCC3)CC2)CC1
C1CCC(CC2CCC(CC3CCCCC3C3CCCCC3)CC2)CC1
C1CCC(CCC2CCCC(C3CCCCC3)C2)CC1
C1CCC(CC2CCC(CCCC3CC(C4CCCCC4)CC(C4CCC4)C3)CC2)CC1
C1CCC(CC2CCCC(CCC3CCCC(C4CCCCC4C4CCC(C5CCCCC5)CC4)C3)C2)CC1
C1CCC(CC2CCC(C3CCCCC3)CC2)CC1
C1CCC(CC2CCCC(C3CCC(C4CC(C5CCC6CCCCC65)CC5CCCCC54)C3)C2)CC1
C1CCC(CC2CCC(CC3CCC4CCCC(C5CCCCC5)C4C3)CC2)CC1
C1CCC(CC2CCCCC2C2CCC(C3CCCC(C4CCCCC4)C3)CC2)CC1
C1CCC(C2CCCC3CCCCC32)CC1
C1CCC(C2CCC(C3CCCC(CC4CCC5CCCCC54)C3)CC2)CC1
C1CCC(CCCCC2CCC(CC3CCC(C4CCCCC4)CC3)CC2)CC1
C1CCC(CC2CCC(C3CCC(C4CCCCC4)CC3)CC2)CC1
C1CCC(CC2CC(CCC3CCCC(CC4CC5CCCCC5C4)C3)C3CCCCC23)CC1
C1CCC(CC2CCCC(C3CCC(CC4CCCCC4)CC3C3CCCC3)C2)CC1
C1CCC(CC2CCC(C3CCC(C4CCC(CC5CC6CCCCC6C5)CC4)C3)CC2)C1
C1CCC(CC2CCCC(CC3CCC(C4CCCCC4)CC3)C2)CC1
C1CCC(CC2CCCC(C3CCC(C4CCC(CCCC5CCCC5)CC4)CC3)C2)CC1
C1CCC(CCCCCC2CCC(CC3CCCCC3)CC2)CC1
C1CCC(CC2CCCC(C3CCCC(CC4CCCC4)C3)C2)CC1
C1CCC(CCCC2CCC(CC3CCCCC3)CC2)CC1
C(CCC1CCCC1)CCC1CCC(CC2CCCC(C3CCCCC3)C2)CC1
C1CCC(CC2CCC(CCCCC3CCC4CCCC4C3)CC2)CC1
C1CCC(CC2CC(C3CCC4CCCCC4C3)C3CCCCC23)CC1
C1CCC(C2CCC(CCC3CCC(CCCC4CCCC4)CC3)CC2)CC1
C1CCC(CC2CCC(C3CCC(CC4CCC(C5CCCCC5)CC4)CC3)CC2)CC1
C1CCC(C2CCC(C3CCC(C4CCCCC4)CC3C3CCC4CCCC4C3)CC2)CC1
C1CCC(CC2CCC3CC(CC4CCCCC4)CCC3C2)CC1
C1CCC(CCCC(CCC2CCCC(CC3CC3)C2)C2CCCCC2)CC1
C1CCC(CC2CCC(CCC3CCC(CC4CCCCC4)CC3)CC2)CC1
C1CCC(CCCCCC2CCC(CCCCC3CC(CC4CCCCC4)C4CCCCC34)CC2)CC1
C1CCC(CCC2CCCCC2C2CCC(CC3CCCCC3)CC2)CC1
C1CCC(C2CCC(CC3CC4CCCCC4C3)CC2)CC1
C1CCC(CCCCC2CCCC(C3CCCC(C4CCCCC4)C3)C2)CC1
C1CCC(C2CCCC(C3CCCC(CC(C4CCCCC4)C4CCCCC4)C3)C2)CC1
C1CCC(C2CCCCC2)CC1
C1CCC(C2CCC(CCC3CCC(CCC4CCCC4)CC3)CC2)CC1
C1CCC(C2CCCC(C3CCCCC3C3CCCC(C4CCCCC4)C3)C2)CC1
C1CCC(CC2CCC(CC3CCCCC3)CC2)CC1
C1CCC(CC2CCC(C3CCCC3)CC2C2CC3CCCCC3C2)CC1
C1CCC(CC2CCCC(CC3CCCCC3CCC3CCC(CCC4CCCC4)CC3)C2)CC1
C1CCC(CC2CC(C3CCCC(CC4CCC5CCCCC54)C3)C3CCCCC23)CC1
C1CCC(CCC2CCC(C3CCCCC3)CC2)CC1
C1CCC(CC2CC(C3CCCCC3)CC(C3CCC(C4CCC5CCCCC5C4)CC3)C2)CC1
C1CCC(C2CCCCC2C2CCC3CCCCC3C2)CC1
C1CCC(CCC2CCCC(C3CCCC(C4CCCCC4)C3)C2)CC1
C1CCC(CCC2CCC(CC3CCC(CCCCC4CCC5CCCCC5C4)CC3)CC2)C1
C1CCC(CCC2CCC(C3CCC(CC4CCCCC4)CC3)CC2)CC1
C1CCC(C2CCC(CC3CCC(C4CCC5CCCCC5C4)CC3)CC2)CC1
C1CCC(C2CCCCC2C2CCC(C3CCCC3)CC2)CC1
C1CCC(CCCCC2CCC(CC3CCC(C4CCCC4)CC3)CC2)CC1
C1CCC(CC2CC(CC3CCC4CCCC4C3)C3CC(CC4CCC(C5CC5)CC4)CCC23)CC1
C1CCC(CC2CCCC(C3CCCC(CCC4CCCCC4C4CCCCC4)C3)C2)CC1
C1CC(C2CCC(CC3CCC(C4CCC5CCCCC54)CC3)CC2)C1
C1CCC(C2CCCC(C3CCCC3C3CCCCC3C3CCCCC3)C2)CC1
C1CCC(CC2CC(C3CCCCC3C3CCCCC3)C3CCCCC23)CC1
C1CCC(CCCC2CCC(C3CCC(CCC4CCCC4)CC3)CC2)CC1
C1CCC(C2CCC(CCC3CCC(CC4CC5CCCCC5C4)CC3)CC2)CC1
C1CCC(CC2CCCC(CCCC3CCC4CCCCC4C3)C2)CC1
C1CC(CC2CC3CCCCC3C2)CC(C2CCC(C3CCCC(CC4CCC5CCCCC54)C3)CC2)C1
C1CCC(CCCCC2CCC(CC3CCCCC3)C(CC3CCCC3)C2)CC1
C1CCC(C2CCCC(C3CC(C4CCCCC4)CC(C4CC4)C3)C2)CC1
C1CCC(CC2CCC(C3CC3)CC2)CC1
C1CCC(CCC2CCC(CCCCC3CCCC(C4CCCCC4)C3)CC2)CC1
C1CCC(C(C2CCCCC2)C2CCCCC2)CC1
C1CCC(C2CCCC(C3CCCCC3C3CCCCC3)C2)CC1
C1CCC(CC2CCC(CC3CCC(CC4CCCC(C5CCCCC5)C4)CC3)CC2)CC1
C1CCC(CCCCCC2CCC(C3CCCCC3)CC2)CC1
C1CCC(C2CCCC(C3CCCCC3)C2C2CCCCC2)CC1
C1CCC(CC2CC(C3CCCCC3)CC(C3CCCCC3)C2)CC1
C1CCC(C2CCCC(C3CCC(C4CCCC(CCC5CC5)C4)CC3)C2)CC1
C1CCC(CCC2CCCCC2C2CCC(C3CCCCC3)CC2)CC1
C1CCC(C2CCC(C3CCCCC3)CC2)CC1
C1CCC(CC2CC(C3CCCCC3)CC(C3CCCC(C4CC4)C3)C2)CC1
C1CCC(C2CCC(C3CCCCC3C3CCCCC3)CC2CC2CC2)CC1
C1CCC(C2CCCCC2CCC2CCC(C3CC3)CC2)CC1
C1CCC(C2CCC(C3CCCCC3)CC2)CC1
C1CCC(CC2CCCC(C3CCCC4CC(C5CCCCC5)CCC43)C2)CC1
C1CCC(CCCC2CCCC(CCC3CCCCC3)C2)CC1
C1CCC(CCC2CCCCC2)CC1
C1CCC(CCC2CCCCC2CC2CCCCC2)CC1
C1CCC(CC2CCC(C3CCCC4CCCCC43)CC2)CC1
C1CCC(CCCC2CCCC(C3CC(CC4CCCCC4)C4CCCCC43)C2)CC1
C1CCC(CCC(CC2CCC(C3CCCC3)CC2)C2CCCCC2)CC1
C1CCC(CC2CCC(C3CCCCC3C3CCC4CCCCC4C3)CC2)CC1
C1CCC(C2CC3CCC(CC4CCC(CC5CC5)CC4)CC3C(C3CCCCC3)C2)CC1
C1CCC(CCC2CCCC(CC3CC(CCC4CCCCC4)C4CCCCC34)C2)CC1
C1CCC(CC2CCCCC2)CC1
C1CCC(C2CCC(CC3CCC(C(C4CCCCC4)C4CCCCC4)CC3)CC2)CC1
C1CCC(CC2CCC(CC(CC3CCCCC3)C3CCCC3)CC2)CC1
C1CCC(CC2CCC(C3CCC(C4CCCCC4C4CCCC4)CC3)CC2)CC1
C1CCC(CC2CCCC(CCC3CC4CCCCC4C(C4CCCCC4)C3)C2)CC1
C1CCC(C2CCCC(C3CCCCC3)C2)CC1
C1CCC(C2CCCC(C3CC(C4CCCCC4)CC(C4CCC4)C3)C2)CC1
C1CCC(CCC2CCCC(C3CCC4C(CC5CCCCC5)CCCC4C3)C2)CC1
C1CCC(CC2CCC(C3CCCCC3)CC2)CC1
C1CCC(CCCCC2CCC(CCCCC3CCCCC3)CC2)CC1
C1CCC(CCC2CCCCC2C2CCCCC2)CC1
C1CCC(CCC2CC(C3CCCC3)CCC2CC2CCCCC2)CC1
C1CCC(CCCC2CCC(CCC3CCCCC3)CC2)CC1
C1CCC(CCCCCC2CCCC(CCC3CC4CCCCC4C3)C2)CC1
C1CCC(CC2CCCCC2C2CCC(CC3CCC(C4CCCCC4)CC3)CC2)CC1
C1CCC(CCC2CCCCC2C2CCC(C3CCCCC3)CC2)CC1
C1CCC(CC2CCC(C3CCC(C4CCCCC4)CC3)CC2)CC1
C1CCC(CC2CC(C3CCCCC3)C3CCCCC23)CC1
C1CCC(CC2CC(C3CCCC3)C3CC(CC4CCC(C5CCCCC5)CC4)CCC23)CC1
C1CCC(CC2CCCCC2C2CCCCC2C2CCC3CCCC3C2)CC1
C1CCC(CCC2CCCCC2C2CCCC(C3CCCCC3)C2)CC1
C1CCC(CCC2CCCCC2C2CC(C3CCCCC3)CC2CC2CC3CCCCC3C2)CC1
C1CCC(CC2CCCC(CC3CCCC(CC4CC5CCCCC5C4)C3)C2)CC1
C1CCC(CCC2CC(CCCC3CCCCC3CC3CCCCC3)CC(C3CCCCC3)C2)CC1
C1CCC(CCCC2CCCC(C3CCC4CC(CCC5CCCCC5)CCC43)C2)CC1
C1CCC(CCC2CCCCC2C2CCCCC2)CC1
C1CCC(C2CCC(C3CCC4CCCCC43)CC2)CC1
C1CCC(C2CCC(CCC3CCCC(CC4CCC5C(CCCC5C5CCCCC5)C4)C3)C2)CC1
C1CCC(CC2CC(C3CCCCC3CCCC3CC4CCCCC4C3)C3CCCCC23)CC1
C1CCC(C2CCC(C3CCCCC3C3CCCCC3C3CCCC3)CC2)CC1
C1CCC(CC2CCCCC2C2CCCCC2)CC1
C1CCC(CCCCC2CCC(CC3CCCCC3C(C3CCCCC3)C3CCCCC3)CC2)CC1
C1CCC(CCC2CCC(CC3CCC(C4CCCCC4)C(C4CCCCC4)C3)CC2)CC1
C1CCC(CC2CCCC(C3CCCC(CCC4CCC(C5CCCCC5)CC4)C3)C2)CC1
C1CCC(CCC2CCCC(C3CCCCC3)C2)CC1
C1CCC(CCC2CCC(C3CCC4CC(C5CCCCC5)CCC43)CC2)CC1
C1CCC(C2CCCC(CCC3CCC(C4CCCCC4C4CCCCC4)CC3)C2)CC1
C1CCC(CCC2CCCCC2C2CCCC2)CC1
C1CCC(CC2CCC(C3CC3)CC2C2CCCC(C3CCCCC3)C2)CC1
C1CCC(CCC2CCCC(C3CCCCC3)C2)CC1
C1CCC(C2CCC(CC3CC3)CC2CCCC2CC3CCCCC3C2)CC1
C1CCC2CC(CCC3CCCCC3C3CCCCC3C3CCCC3)CC2C1
C1CCC(CCC2CCCC(CC3CCCCC3)C2)CC1
C1CCC(CCCC2CCCC(CC3CCC(CC4CCCC4)CC3)C2)CC1
C1CCC(CCC2CC(C3CCCCC3CCCC3CC4CCCCC4C3)C3CCCCC23)CC1
C1CCC(C2CCC(CCCCC3CCCC(C4CCCCC4)C3)CC2)CC1
C1CCC(CCCCC2CCC(C3CCC(CC4CCCCC4)CC3)CC2)CC1
C1CCC(CC2CCCC(CCC3CC4CCCCC4C3)C2)CC1
C1CCC(CC2CC(C3CCCCC3)C3CCCCC23)CC1
C1CCC(C2CCCC(C3CC(C4CCCCC4)C4CCCCC34)C2)CC1
C1CCC(CC2CCCC(C3CCCCC3)C2)CC1
C1CCC(CC2CCC(CC3CCC(CCC4CCC(C5CCCCC5)CC4)CC3)CC2)CC1
C1CCC(C2CCC(C3CCCCC3C3CCCCC3)CC2)CC1
C1CCC(CC2CCC(CC3CCC(C4CCCCC4)C3)CC2C2CCCCC2)CC1
C1CCC(CCC2CC(C3CCCC3)CC(C3CCCC(CC4CCCCC4)C3)C2)CC1
C1CCC(CC2CCCC(C3CCCC(CC4CC4)C3)C2)CC1
C1CCC(C2CCCC(C3CCCCC3)C2)CC1
C1CCC(C2CC3CCCCC3C(C3CCCCC3)C2)CC1
C1CCC(C2CCCC2C2CCCC(CC3CCC(C4CCCC4)C(C4CCCC4)C3)C2)CC1
C1CCC(C2CCC(CC3CCC(C4CCCC4)CC3)CC2)CC1
C1CCC(CC2CCC(CC3CCCCC3)CC2)CC1
C1CCC(CC2CCC(C3CCCCC3)CC2)CC1
C1CCC(CC2CCC(CCCC3CC3)C(CC3CCCC(C4CCCC(C5CCCCC5)C4)C3)C2)CC1
C1CCC(C2CCC(CC3CCCC(C4CCC(CC5CCC5)CC4)C3)CC2)CC1
C1CCC(CC2CCC(CCC3(CCC4CCCC(C5CCC6CCCCC65)C4)CC3)CC2)CC1
C1CCC(C2CCC(C3CCCC(C4CCCCC4)C3)CC2)CC1
C1CCC(C2CCCC(C3CCCCC3)C2)CC1
C1CCC(CCC2CCC(CCC3CCCCC3)CC2)CC1
C1CCC(C2CCCC(CCC3CCCCC3C3CCCCC3)C2)CC1
C1CCC(CC2CCCCC2C2CCCCC2C2CCCC(C3CCCCC3)C2)CC1
C1CCC(CC2CCCC(C3CCC(CC4CC5CCCCC5C4)CC3)C2)C1
C1CCC(C2CCCC(C3CCCCC3C3CCCCC3)C2)CC1
C1CCC(CC2CCCCC2C2CCC3C(CCC4CCC(C5CCCCC5)CC4)CCCC3C2)CC1
C1CCC(CC2CC(CC3CCC(C4CCCCC4)CC3)C3CCCCC23)CC1
C1CCC(CC2CCC(CC3CCCCC3C(C3CCCCC3)C3CCCCC3)CC2)CC1
C1CCC(CCCCC2CCC(CC3CCCCC3)CC2)CC1
C1CCC(CC2CCC(C3CCC(CC4CCCCC4)CC3C3CCC4CCCCC4C3)CC2)CC1
C1CCC(C2CCCCC2C2CCCCC2)CC1
C1CCC(C2CC(CC3CCCC(C4CC4)C3)CC(C3CCC3)C2)CC1
C1CCC(C2CCC(CC3CCC(C4CCCCC4)CC3)CC2)CC1
C1CCC(CCC2CCC(CC3CCCC(CC4CCCCC4)C3)CC2)CC1
C1CCC(CC2CCCCC2C2CCC(C3CCCC(C4CCCCC4)C3)CC2)CC1
C1CCC(CCCC2CCC(CC3CCCCC3)CC2)CC1
C1CCC(CC2CCCCC2C2CCC(C3CCCCC3)CC2C(C2CCCC2)C2CC2)CC1
C1CCC(CCC2CCC(C3CCCCC3CC3CCCCC3)CC2)CC1
C1CCC(CCCC2CCCC(C3CCCCC3C3CCCCC3)C2)CC1
C1CCC(CCC2CCCCC2C2CCC(CC3CCCCC3)CC2)CC1
C1CCC(CCC2CC(C3CCCC(C4CCCCC4)C3)C3CCCCC23)CC1
C(CCCCC1CCCC(C2CCCC3CC(C4CCCCC4)CCC32)C1)CCCC1CCCCC1
C1CCC(CC2CCC(CC3CCCC(C4CCCCC4)C3)CC2)CC1
C1CCC(CCC2CCCCC2CCC2CCCC(CC3CCCCC3)C2)CC1
C1CCC(CCC2CCC(C3CCCCC3)CC2)CC1
C1CCC(CC2CCC(C3CCCCC3C3CCCC(CC4CCC(C5CCCCC5)CC4)C3)CC2)CC1
C1CCC(C2CC(C3CC(C4CCCCC4)C4CCCCC43)C3CCCCC23)CC1
C1CCC(CC2CCCC(C3CCC(C4CC(C5CCCCC5)C4)CC3)C2)CC1
C1CCC(CC2CCC(C3CCCCC3)C(C3CCCCC3)C2)CC1
C1CCC(CC2CCC(CC3CCC(CC4CCC(C5CCCC5)CC4)CC3)CC2)CC1
C1CCC(C2CC(CCC3CCC(CC4CC4)CC3)CCC2C2CCC2)CC1
C1CCC(CC2CCC(C3CC(CCC4CCC5CCCC5C4)C4CCCCC43)CC2)C1
C1CCC(CCC2CCCC(C3CCC4CCC(C5CCCCC5)CC4C3)C2)CC1
C1CCC(CCC2CCC(C3CCC4CCCCC43)CC2)CC1
C1CCC(C2CCC(C(C3CC3)C3CCCC(C4CCCCC4)C3)CC2)CC1
C1CCC(CCC2CCCC(C3CCCC(CC4CCCCC4)C3)C2)CC1
C1CCC2C(C1)CCCC2C1CCC(C2CCC3CCCCC32)CC1
C1CCC(CC2CCC(C3CCCCC3)CC2)CC1
C1CCC(CC2CCC(CCCCC3CC4CCCCC4C3)CC2)CC1
C1CCC(C2CCC(C3CCCC(C4CCCC(C5CCCCC5)C4)C3)CC2)CC1
C1CCC(C2CC(CC3CCCC4CCCCC43)CC(C3CC3)C2)CC1
C1CCC(C2CCCC(C3CCCCC3C3CCC4CCCC4C3)C2)CC1
C1CCC(CCCCC2CCC(CC3CCC(C4CCC(CCC5CCCCC5)CC4)CC3)CC2)CC1
C1CCC(CC2CCC(CC3CCCC(CC4CCC(CCC5CCCC6CCCCC65)CC4)C3)C2)CC1
C1CCC(CC2CCC(C3CCC(C4CCC4)CC3)CC2)CC1
C1CCC(C2CCC(C3CCCCC3)CC2)CC1
C1CCC(C2CCCCC2C2CCCCC2)CC1
C1CCC(C2CCC(CCC3CCCC(CC4CCC(C5CCCCC5)CC4)C3)CC2)CC1
C1CCC(CCCCC2CCCCC2)CC1
C1CCC(CC2CCCC(C3CCCCC3C3CCCC3)C2)CC1
C1CCC(CCC2CCC(CC3CC4CCCCC4C3)CC2)CC1
C1CCC(CC2CCC(C3CCCC3)CC2)CC1
C1CCC(C2CCC(C3CCC(CCC4CCC5CCC(C6CCCCC6)CC45)C3)CC2)CC1
C1CCC(C2CCCCC2C2CCCCC2C2CCCCC2)CC1
C1CCC(CC2CCC(C3CCCCC3)CC2)CC1
C1CCC(CCCC2CCC(CC3CCC(C4CCCCC4)CC3)CC2)CC1
C1CCC(CCCC2CC(CCC3CCCC(CC4CCCCC4)C3)C3CCCCC23)CC1
C1CCC(C2CC(C3CCCCC3)CC(C3CCCCC3)C2)CC1
C1CCC(C2CCC(CC3CCCC4CC(C5CCCCC5)CCC34)CC2)CC1
C1CCC(CCCC(CC2CC3CCCCC3C2)C2CCCC(C3CCCCC3)C2)CC1
C1CCC(CCC2CCC(CC3CCC(CCCC4CCCC(C5CCCCC5)C4)CC3)CC2)CC1
C1CCC(CCCC2CCCC(CC3CCCC(C4CCCCC4)C3)C2)CC1
C1CCC(CC2CCCC(CC3CCCC4CCCCC43)C2)CC1
C1CCC(CCCC2CCC(CC3CCCCC3)CC2)CC1
C1CCC(CC2CCCCC2C2CCCCC2C2CCCCC2)CC1
C1CCC(C2CCCC(CC3CCCC(CC4CCCC4)C3)C2)CC1
C1CCC(CC2CCC(C3CC4CCCCC4C3)CC2)CC1
C1CCC(C2CCCCC2C2CCCCC2C2CCCCC2)CC1
C1CCC(C2CCC(CC3CCCC(C4CCCCC4)C3)CC2)CC1
C1CCC(CCC2CCC3CCC(C4CCCCC4)CC3C2)CC1
C1CCC(CC2CCCC(C3CCCCC3C3CCCCC3C3CCCC3)C2)CC1
C1CCC(CCCCC2CCC(CC3CCCCC3)CC2)CC1
C1CCC(C2CCCC(C3CCCC(C4CCC5CCCCC54)C3)C2)CC1
C1CCC(C2CCC3CCCC(C4CCCCC4)C3C2)CC1
C1CCC(C2CCC(CC3CCC4CCCC4C3)C(C3CCCCC3)C2)CC1
C1CCC(C2CCC(C3CCCC(C4CCCCC4)C3)CC2)CC1
C1CCC(C2CCCC(CCC3CCC(CC4CCC(C5CC5)CC4)CC3)C2)CC1
C1CCC(CC2CCCCC2C2CCC(C3CCCCC3)CC2)CC1
C1CCC(CC2CCC3CC(C4CCC(C5CC(C6CCCCC6)C5)CC4)CCC23)CC1
C1CCC(CCC2CCCC(C3CCCCC3)C2)CC1
C1CCC(CC2CCC(CCC3CCC(C4CCC(C5CCCCC5)CC4)CC3)CC2)CC1
C1CCC(CC2CCCCC2)CC1
C1CCC(C2CCCC(CCC3CCCC(CC4CCC5CCCCC54)C3)C2)CC1
C1CCC(CCC2CCCCC2CC2CCCCC2)CC1
C1CCC(CC2CCC(C3CCCC(C4CCCCC4)C3)CC2)CC1
C1CCC(CC2CCC(CC3CCCCC3C3CCCCC3)CC2C2CCCCC2)CC1
C1CCC(C2CCC3CCCCC3C2)CC1
C1CCC(CC2CCC(CC3CCCCC3CC3CCCCC3)CC2)CC1
C1CCC(CC2CCCCC2C2CCCCC2)CC1
C1CCC(C2CCCC(CC3CCCC(C4CCCCC4)C3)C2)CC1
C1CCC(CC2CCCC(C3CCCCC3C3CCCC(C4CCCCC4)C3)C2)CC1
C1CCC(CCCCC2CCCC(C3CCCCC3)C2)CC1
C1CCC(C2CCCC(C3CCCCC3C3CCC(C4CCCCC4)C3)C2)CC1
C1CCC(CC2CCCCC2C2CCCCC2)CC1
C1CCC(C2CCCC(C3CCC(C4CCCCC4)C(C4CCCCC4)C3)C2)CC1
C1CCC(CC2CCC3CC(C4CCC5CCCCC54)CC(C4CCCCC4)C3C2)CC1
C1CCC(CCC2CCC(CC3CCC(C4CCCCC4C4CCCC4)CC3)CC2)C1
C1CCC(C2CCC(C3CCCC4CCCC43)CC2)CC1
C1CCC(C2CCCC(C3CCCCC3)C2)CC1
C1CCC(CC2CCCCC2C2CCC(C3CCC(C4CC5CCCCC5C4)CC3)CC2)CC1
C1CCC(CC(CC2CCCCC2)C2CCCC(C3CCCC(C4CCCCC4)C3)C2)CC1
C1CCC(CC2CCC(C3CCCCC3)C(CCC3CC3)C2)CC1
C1CCC(C2CCC(CC3CCC(CC4CCC(CCC5CC5)CC4)CC3)CC2)CC1
C1CCC(C2CCCCC2)CC1
C1CCC(CC2CCC(CCC3CC(CC4CCCCC4)C4CCCCC34)CC2)CC1
C1CCC(CCCCC2CCCC(C3CCCCC3)C2)CC1
C1CCC(CC2CCCC(C(C3CCCCC3)C3CCCCC3C3CCC4CCCC4C3)C2)CC1
C1CCC(C2CCC(C3CCC(C4CCCCC4C4CCCCC4)CC3)CC2)CC1
C1CCC(CC2CCC(CCCCC3CCC4CCCCC4C3)CC2CC2CCCC2)CC1
C1CCC(C2CCC(C3CCCC(C4CCCC4)C3)CC2)CC1
C1CCC(C2CCC(CC3CCC(C4CCCC4)CC3)CC2)CC1
C1CCC(C2CCC(C3CCCCC3C3CC4CCCCC4C3)CC2)CC1
C1CCC(C2CCC(CCC3CCC(C4CCC(C5CCCCC5)CC4)CC3)CC2)CC1
C1CCC(CCC2CCC(CCC3CCCCC3)CC2)CC1
C1CCC(CC2CCCCC2C2CCCCC2C2CCC3CCCC3C2)CC1
C1CCC(CCCC2CCC(C3CCCCC3CCC3CCC4CCCC4C3)CC2)CC1
C1CCC(CC2CCCC(CC3CCC(C4CCC4)C(CC4CCCCC4)C3)C2)CC1
C1CCC(CCC2CCCC(CCCC3CCC3)C2)CC1
C1CCC2CC(C3CCC(CC4CCC5CCCCC54)CC3)CC2C1
C1CCC(CC2CC(C3CCCCC3)C3CCCCC23)CC1
C1CCC(C2CCC(CC3CCCCC3C3CCCCC3)CC2)CC1
C1CCC(C2CCC(C3CCCC(C4CCCC4)C3)CC2)C1
C1CCC(C2CCCC(CC3CCCC(C4CCCCC4C4CCCC4)C3)C2)CC1
C1CCC(CCC2CCCC(CC3CCCCC3)C2)CC1
C1CCC(C2CCCC(C(CCC3CC4CCCCC4C3)C3CCCC3)C2)CC1
C1CCC(C2CCC(C3CCCC(CCC4CCCC4)C3)CC2)CC1
C1CCC(CC2CCC(CC3CCCCC3)CC2)CC1
C1CCC(CCCC(C2CCCC2)C(C2CCCCC2)C2CCCCC2)CC1
C1CCC(CCCCC2CCC(C3CCCCC3)C2)CC1
C1CCC(C2CCC(C3CCC4CCCCC43)CC2)CC1
C1CCC(CC2CCC(CC3CCCCC3C3CCCCC3C3CCCC3)CC2)CC1
C1CCC(C2CCC3C(CCCC3C3CCCCC3CCC3CCC(CCC4CCC4)CC3)C2)CC1
C1CC2CCC(CCC3CCC(CC4CCC(CC5CC6CCCCC6C5)CC4)CC3)CC2C1
C1CCC(CCC2CCCC(CCC3CCCC(C4CCCCC4)C3)C2)CC1
C1CCC(CCC2CCC(C3CCCC(C4CCCCC4)C3)CC2)CC1
C1CCC(C2CCCC(CC3CCCC(C4CCCCC4)C3)C2)CC1
C1CCC(CC2CCC(CC3CCC(C4CCC5CCCCC5C4)CC3)CC2)CC1
C1CCC(CCC2CCC(C3CC(CC4CCCCC4)C4CCCCC43)CC2)CC1
C1CCC(CC2CCC(CC3CCC(C4CCCCC4C4CCCCC4)CC3)CC2)CC1
C1CCC(CCCC2CCCC(CCC3CCCCC3)C2)CC1
C1CCC(CCC2CCC(C3CCCC(CC4CC4)C3)CC2)CC1
C1CCC(CCC2CCCC3CC(C4CC(C5CCC6CCCCC65)CC5CCCCC54)CCC23)CC1
C1CCC(CCCC2CCCCC2CC2CCC3CCCCC3C2)CC1
C1CCC(CC2CCC(C(C3CCCCC3)C3CCCCC3)C(C3CCC4CCCC4C3)C2)CC1
C1CCC(C2CCC(C3CCCCC3)CC2)CC1
C1CCC(CC2CCCC(CC3CCC(CCC4CC5CCCCC5C4)CC3)C2)CC1
C1CCC(C2CCCC(C3CCCC(CCC4CCC5CCCCC54)C3)C2)CC1
C1CCC(CC2CCC(C3CCCCC3)CC2)CC1
C1CCC(CCC2CCC(CC3CCC(C4CCCCC4C4CCCC4)CC3)CC2)CC1
C1CCC(C2CCCC(C3CCCCC3)C2)CC1
C1CCC(CC2CC(C3CCCC(C4CC4)C3)CCC2C2CCC3CCCC3C2)CC1
C1CCC(C2CCC(C3CCCC(CC4CC(C5CCCC5)C5CCCCC45)C3)CC2)CC1
C1CCC(C2CCCCC2C2CCC(C3CC(C4CCC4)C4CCCCC34)C2)CC1
C1CCC(CC2CCC(CC3CCCC(C4CCCCC4)C3)CC2)CC1
C1CCC(CC2CCCC(C3CCCCC3)C2)CC1
C(CCCC1CCCCC1)CCCC1CCCC(C2CCCC(C3CCCCC3)C2)C1
C1CCC(CCC2CCC(CC3CCC(C4CCCCC4)CC3)CC2)CC1
C1CCC(CC2CCC(CCCCC3CCCCC3C3CCCCC3)CC2)CC1
C1CCC(C2CCCC(CC3CCC(C4CCC(C5CCCCC5)C5CCCC45)CC3)C2)CC1
C1CCC(CC2CCC(C3CCC(C4CC4)CC3)CC2C2CCCC2)CC1
C1CCC(C2CCC(CC3CCC(CC4CC5CCCCC5C4)CC3)CC2)CC1
C1CCC(CC2CCCCC2C2CCCC(C3CCCCC3)C2)CC1
C1CCC(CC2CCC(CCC(CC3CCCCC3)C3CCCCC3)CC2)CC1
C1CCC(C2CCC(C3CC(C4CCCCC4)CC(C4CCCC4)C3)CC2)CC1
C1CCC(CCCC2CCCCC2)CC1
C1CCC(C2CCCC(CC3CCC(CCC4CCC(C5CCCC5)CC4)CC3)C2)CC1
C1CCC(CCCC2CCCC(C3CCCCC3)C2)CC1
C1CCC(CCCC2CC(C3CCCCC3)CC(C3CCCCC3)C2)CC1
C1CCC(CC2CC3CCCCC3C(C3CCCCC3C3CCCC(C4CCCC4)C3)C2)CC1
C1CCC(C2CCC(CC3CCC(C4CCCC(C5CCCCC5)C4)CC3)CC2)CC1
C1CCC(CCC2CCC(C3CCCCC3)CC2)CC1
C1CCC(CC2CCC(CC3CCCCC3)C(C3CCCCC3C3CCC4CCCC4C3)C2)CC1
C1CCC(CC2CCC(C3CCCC(CC4CC4)C3)CC2)CC1
C1CCC(CC2CCCC(C3CCC(CCC4CCCCC4C4CCC4)CC3)C2)CC1
C1CCC(CCCC2CCC3C(CCC3C3CCC(CCC4CCCCC4)CC3)C2)CC1
C1CCC(C2CCCC(C3CCCC(CC4CCCC4)C3)C2)CC1
C1CCC(CC2CCC(CC3CCCCC3)CC2)CC1
C1CCC(CCCC2CCC(C3CCCCC3C3CCCCC3)CC2)CC1
C1CCC(CC2CCCC(C3CCC4CCC(C5CCCC5)CC4C3)C2)CC1
C1CCC(CCC2CCCC(C3CCCC(C4CCCCC4C4CCCCC4)C3)C2)CC1
C1CCC2CC(C3CCCCC3C3CCC(CC4CC5CCCCC5C4)C3)CCC2C1
C1CCC(C2CCCC(CCC3CCCCC3C3CCC4CCCCC4C3)C2)CC1
C1CCC(CC2CCCC(C3CCCCC3)C2)CC1
C1CCC(CC2CCC(C3CCCCC3)CC2)CC1
C1CCC(CCC2CC(CCCC3CCCC(CC4CCCCC4)C3)C3CCCCC23)CC1
C1CCC(CC2CCC(CCC3CCC(C4CC4C4CCCCC4)CC3)CC2)CC1
C1CCC(C2CCC3C(CCCC3C3CCCCC3C3CCCCC3)C2)CC1
C1CCC(CC2CCC(C3CCCCC3)CC2)CC1
C1CC2CCC(C3CCCCC3C3CCCC3)CC2C1
C1CCC(CC2CCC(C3CCC(C4CCC(C5CCCCC5)CC4)CC3)CC2)CC1
C1CCC(CC2CCC(C3CCCC(C4CCCC(C5CCCCC5)C4)C3)CC2)CC1
C1CC(C2CCC(C3CCC(C4CCCCC4C4CCCC4)CC3)CC2)C1
C1CCC(C2CCCC(CCC3CCCC(C4CCC4)C3)C2)CC1
C1CCC(CC2CCCC(C3CCC(C4CCCCC4)C3)C2)CC1
C1CCC(CCCC2CCC(CC3CCC(C4CCCCC4)CC3)CC2)CC1
C1CCC(C2CCCC(CC3CCCCC3C3CCCC(CCC4CC4)C3)C2)CC1
C1CCC(CCCCC2CCCC(C3CCCCC3)C2)CC1
C1CCC(CC2CCCC(CC3CCC4CCCCC43)C2)CC1
C1CCC(CCC2CCC(C3CCCCC3CC3CCCCC3)CC2)CC1
C1CCC(CC(CCC2CCC(CC3CCC(CCC4CC4)CC3)CC2)C2CCCCC2)CC1
C1CCC(C2CCCCC2CCCC2CCC3CCCCC3C2)CC1
C1CCC(CCCCCC2CCC(C3CCC3)C(CC3CCCCC3)C2)CC1
C1CCC(CCCCC2CCC(CCCC3CCCCC3)CC2)CC1
C1CCC(C2CCC(C3CCCCC3C3CCCC3)CC2)CC1
C1CCC(CC2CCCC(C3CCC(C4CCC(C5CCCCC5)CC4)C4CCCC34)C2)CC1
C1CCC(CC2CCC(C3CCC(CC4CC5CCCCC5C4)CC3)CC2)CC1
C1CCC(CCCCCC2CCCCC2C2CCCCC2)CC1
C1CCC(CC2CCC(CC3CCCCC3)CC2)CC1
C1CCC(CC2CCC(CCCC3CCC(C4CCCCC4)CC3)CC2)CC1
C1CCC(CCCC2CCC(C3CCC(CC4CCCCC4)CC3)CC2)CC1
C1CCC(C2CCC(C3CCC(C4CCCC4)CC3)CC2C2CCCC2)CC1
C1CCC(C2CCCC(CC3CCCC3)C2)CC1
C1CCC(C2CCCCC2C2CCCCC2)CC1
C1CCC(CCC2CCCCC2C2CCC(C3CCCCC3)CC2)CC1
C1CCC(C2CCC(C3CCCCC3)CC2)CC1
C1CCC(C2CCC(CCC3CCCCC3C3CCCCC3)C2)CC1
C1CCC(CCCCCC2CCCC(C3CCCC(CC4CCCC4)C3)C2)CC1
C1CCC(CCC2CCC(C3CCCCC3)CC2)CC1
C1CCC(CCCC2CCCC(C3CCCCC3)C2)CC1
C1CCC(CCC2CCCC(CC3CCCCC3)C2)CC1
C1CCC(CCC2CCCC(CCCC3CCCCC3C3CCC4CCCC4C3)C2)CC1
C1CCC(C2CCCCC2C2CCC(CC3CCC(C4CCCCC4C4CCCC4)CC3)C2)CC1
C1CCC(CC2CCC(C3CCCCC3)CC2)CC1
C1CCC(CC2CCCC(CCC3CCC4CCCCC43)C2)CC1
C1CCC(C2CCCCC2C2CCCCC2)CC1
C1CCC(CC2CCC(CC3CCCCC3)CC2)CC1
C1CCC(C2CCCCC2)CC1
C1CCC(C2CCC(C3CCCC(C4CCC(C5CCC5)CC4)C3)CC2)CC1
C1CCC(C2CCCCC2)CC1
C1CCC(CCC2CCCC(CCC3CC4CCCCC4C3)C2)CC1
C1CCC(CC2CCCCC2C2CCCCC2)CC1
C1CCC(CCCC2CCC(CCC3CCCC(C4CCCCC4)C3)CC2)CC1
C1CCC(CCC2CCC(CC3CCCCC3)CC2)CC1
C1CCC(CC2CCCC(C3CCC(C4CCC(C5CCCC5)CC4)CC3)C2)CC1
C1CCC(C2CCCCC2C(C2CCCCC2)C2CCCCC2)CC1
C1CCC(CCC2CCC(CC3CCCCC3)CC2C2CCCCC2)CC1
C1CCC(CC2CC(C3CCCCC3)C3CC(C4CCC5CCCC5C4)CCC23)CC1
C1CCC(CC2CCC(CCCC3CCCC(C4CCCCC4)C3)CC2)CC1
C1CC(CC2CCC(C3CCCCC3CCC3CCC(C4CCCC4)CC3)CC2)C1
C1CCC(CC2CCCCC2C2CCCCC2C2CCCC(CC3CC3)C2)CC1
C1CCC(CCCC2CCC(C3CCCCC3)CC2)CC1
C1CCC(C2CCC(C3CCCCC3C3CC4CCCCC4C3)CC2)C1
C1CCC(CC2CCC(CC3CCC(CC4CCC5CCCCC54)CC3)CC2)CC1
C1CCC(CC2CCCC(C3CC(CC4CCC(C5CCCC5)CC4)C4CCCCC43)C2)CC1
C1CCC(CC2CCC(C3CCC(C4CCCCC4)CC3)CC2)CC1
C1CCC(C2CCC(CC3CCCC3)CC2C2CCC(CCC3CCCC3)CC2)CC1
C1CCC(CCCC2CCC(C3CCCC(CCCC4CCCCC4)C3)CC2)CC1
C1CCC(CCCC2CCC(CC3CC4CCCCC4C3)CC2)CC1
C1CCC(CC2CCC(C3CCCCC3C3CCCCC3)CC2)CC1
C1CCC(CC2CCC(C3CCC(CC4CC5CCCCC5C4)CC3)CC2)CC1
C1CCC(C2CCC(C3CCCCC3)CC2)CC1
C1CCC(CC2CCCC(C3CCC(C4CCCC4)C(C4CCC5CCCC5C4)C3)C2)CC1
C1CCC(CCCC2CC(C3CCCCC3)CCC2CC2CCCCC2)CC1
C1CCC(CC2CCC(CC3CCCC(C4CCCCC4)C3)CC2)CC1
C1CCC(CCC2CCC(C3CCCC(CC4CCCCC4)C3)CC2)CC1
C1CCC(CCCC2CCC(CC3CCCCC3)CC2)CC1
C1CCC(C2CCCC(C3CCCCC3)C2)CC1
C1CCC(CCCC2CCC(CC3CCCCC3)CC2CC2CCCCC2)CC1
C1CCC(CC2CCCC(C3CCCC(CC4CC5CCCCC5C4)C3)C2)CC1
C1CCC(C2CC(C3CCC(CC4CC4)CC3)C3CCCCC23)CC1
C1CCC(C2CCC(CCC3CCC(C4CCCCC4)CC3C3CCCCC3)CC2)CC1
C1CCC(CC2CCCC(C3CCC4C(CCC5CC6CCCCC6C5)CCCC4C3)C2)CC1
C1CCC(CC2CCCC(C3CCC(C4CCC(C5CCCCC5)CC4)CC3)C2)CC1
C1CCC(C2CCC(CC3CCCC(C4CCCCC4)C3)CC2)CC1
C1CCC(C2CCCC(CC3CC(C4CCC5C(CCCC5C5CC5)C4)C4CCCCC34)C2)CC1
C1CCC(CC2CCC(C3CC(C4CCC(C5CCCCC5)CC4)C3)CC2)CC1
C1CCC(C2CCC3CCC(CCC4CCCC4)CC32)CC1
C1CCC(CCC2CCCCC2C2CCCCC2C2CCCCC2)CC1
C1CCC(CC2CCC(CCC3CCCCC3C3CCCCC3)CC2)CC1
C1CCC(C2CCCCC2CCCC2CC3CCCCC3C2)CC1
C1CCC(CC2CCC(CC3CCCCC3)CC2)CC1
C1CCC(CCC2CCC(CC3CCCCC3)CC2)CC1
C1CCC(C2CCCC(C3CCCCC3)C2)CC1
C1CCC(C2CCCC(CC3CC(C4CCCCC4)CC(C4CCCCC4)C3)C2)CC1
C1CCC(C2CCC(C3CCCCC3C3CC4CCCCC4C3)CC2)CC1
C1CCC(CC2CCC(C3CC4CCCCC4C3)CC2)CC1
C1CCC(C2CCC(CC3CCC(C4CCCC(CC5CCC6CCCC6C5)C4)CC3)CC2)C1
C1CCC(CC2CCC(CC3CCC(C4CCCC(C5CCCCC5)C4)CC3)CC2)CC1
C1CCC(CC2CCC(CC3CCC(CCC4CCC(C5CCCCC5)CC4)CC3)CC2)CC1
C1CCC(CCCCC2CCC(C3CCC(C4CCC(C5CCCC5)CC4)CC3)CC2)CC1
C1CCC(C(CCCCC2CCC(CC3CCCCC3C3CCC4CCCCC4C3)CC2)C2CCCCC2)CC1
C1CCC(CCCC2CCC(C3CCCCC3)CC2)CC1
C1CCC(CCCCCC2CCCC(C3CCCC(C4CC5CCCCC5C4)C3)C2)CC1
C1CCC(C2CCCC(CC3CCCC(C4CCCC(C5CCC5)C4)C3)C2)CC1
C1CCC(CCCC2CCCC(CC3CCCCC3)C2)CC1
C1CCC(CC2CC(C3CCCCC3)CCC2C2CCCCC2)CC1
C1CCC(CCC2CCC(CC3CCC4CCCC4C3)CC2)CC1
C1CCC(CCCCCC2CCC(CC3CCCC(CC4CC4)C3)CC2)CC1
C1CCC(CCC2CCCC(C3CCC(C4CCC(C5CCCCC5)CC4)CC3)C2)CC1
C1CCC(CC2CCC(C3CCCCC3C3CCCC(C4CCCC4)C3)CC2)CC1
C1CCC(CCCC2CCCC(C3CCCC(CC4CCCCC4)C3)C2)CC1
C1CCC(CCC2CCC(CCC3CCCC(C4CCCCC4)C3)CC2)CC1
C1CCC(C2CCCCC2C2CCCCC2)CC1
C1CCC(CC2CCC(C3CCC(CCCCC4CCC(C5CCCC5)CC4)CC3)CC2)CC1
C1CCC(C2CCC(CC3CCC4CC(C5CCC6CCCCC65)CC(C5CCCCC5)C4C3)CC2)CC1
C1CCC(C2CCCCC2CCC2CCC(C3CCCCC3C3CCCC3)CC2)C1
C1CCC(CC2CCC(C3CCCC3)CC2C2CCC3CCCC3C2)CC1
C1CCC(C(C2CCCCC2)C2CC2)CC1
C1CCC(CCC2CC(CCC3CCCCC3)CC(CC3CCC3)C2)CC1
C1CCC(C2CCC(C3CCCCC3CC3CC4CCCCC4C3)C2)CC1
C1CCC(C2CCCC(CC3CCC4CCCC4C3)C2)CC1
C1CCC(C2CCCC(C3CCCC(C4CCCCC4)C3)C2)CC1
C1CCC(CC2CCCC(CC3CCCCC3C3CCCC(C4CCCCC4)C3)C2)CC1
C1CCC(C2CCC(CCCC3CCCC(C4CCCCC4)C3)CC2)CC1
C1CCC(CC2CCCC(C3CCCC3)C2)CC1
C1CCC(CC2CC(C3CCCCC3)C3CCCCC23)CC1
C1CCC(CCC2CCC(CC3CCCCC3)CC2)CC1
C1CCC(CC2CC(C3CCCC3)CC3CCC(C4CCCCC4CC4CCCC4)CC32)CC1
C1CCC(CC2CCC(C3CCCC3)CC2CC2CCCCC2)CC1
C1CCC(CCC2CC(C3CCCCC3)CCC2C2CCCCC2CC2CCCCC2)CC1
C1CCC(CCCC2CCCCC2)CC1
C1CCC(CC2CCC(CCC3CC4CCCCC4C3)CC2)CC1
C1CCC(CC2CC(C3CCCCC3C3CCC4CCCC4C3)C3CCCCC23)C1
C1CCC(CCC2CCCCC2C2CCC(C3CCCCC3)CC2)CC1
C1CCC(CC2CCCCC2CCCCC2CCCC(CCCC3CCCC3)C2)CC1
C1CCC(CCC2CCCC(CC3CCC(C4CCCCC4)CC3)C2)CC1
C1CCC(C2CCCCC2C2CCCCC2)CC1
C1CCC(CC2CCC(CCC3CCC4CCCCC4C3)CC2)CC1
C1CCC(CCCC2CCCC(C3CCCCC3)C2)CC1
C1CCC(CC2CCC3CCCCC32)CC1
C1CCC(CC2CC(C3CCCCC3)C3CCCCC23)CC1
C1CCC(CC2CCCCC2C2CCCCC2C2CCC3CCCC3C2)CC1
C1CCC(CCC2CCC(CCC3CCC(C4CCCC(CC5CC6CCCCC6C5)C4)CC3)C2)CC1
C1CCC(CC2CCCC(C3CCC(CCCC4CCCCC4CC4CCCC4)CC3)C2)CC1
C1CCC(C2CCC(CC3CCCCC3C3CCCC(C4CC4)C3)CC2)CC1
C1CCC(CC2CCC(C3CCCC(CCCCC4CCCC4)C3)CC2)CC1
C1CCC(CC2CCC(C3CC(CC4CCCCC4)C4CCCCC43)CC2)CC1
C1CCC(CCCCC2CCCCC2C2CCC3CCCC3C2)CC1
C1CCC(CCCCC2CCCCC2)CC1
C1CCC(C2CCCC(CC3CC3)C2)CC1
C1CCC(CCCCCC2CCC(C3CCCC3)CC2)CC1
C1CCC(C2CCC3CC(CC4CC5CCCCC5C4)CC(C4CCCCC4)C3C2)CC1
C1CCC(C2CCCC(CCCC3CCC(CC4CCC4)CC3)C2)CC1
C1CCC(C2CCC(CCC3CCCCC3C3CCCC3)CC2)CC1
C1CCC(CC2CCC(C3CCC(C4CC4)CC3)CC2)CC1
C1CCC(CCC2CCC(C3CCCCC3)CC2CCC2CCCCC2)CC1
C1CCC(CCC2CCCC(CCCC3CCC(C4CCC5CCCC5C4)CC3)C2)CC1
C1CCC(CCCC2CCCC(CC3CCCCC3)C2)CC1
C1CCC(C2CCCC(C3CCC4CCCCC43)C2)CC1
C1CCC(C2CCC(C3CCCCC3CC3CCCC3)CC2C2CCCCC2)CC1
C1CCC(CCCC2CCCC(C3CCCCC3)C2)CC1
C1CCC(C2CCCC(CC3CCC(CC4CCCCC4C4CCCCC4)CC3)C2)CC1
C1CCC(CC2CCC(CC3CCC4CCCCC43)CC2)CC1
C1CCC(C2CCC3C(CCCC3C3CCCCC3)C2)CC1
C1CCC(CC2CCC(CC3CCC(CC4CC(C5CCCC(C6CCCC6)C5)C4)CC3)CC2)CC1
C1CCC(C2CCC3C(CCC3C3CCCCC3)C2)CC1
C1CCC(CCC2CC(CCC3CCCC(C4CCC4)C3)CCC2C2CCCCC2)CC1
C1CCC(CC2CC(C3CCCCC3)CCC2C2CCCCC2)CC1
C1CCC(CC2CCC(CC3CCCCC3C3CCCCC3CC3CCCCC3)CC2)CC1
C1CCC(CCC2CCC(CC3CCCCC3)CC2)CC1
C1CCC(CC2CCC(C3CCCC(CC4CCCCC4)C3)CC2)CC1
C1CCC(C2CCCC(C3CCCCC3)C2)CC1
C1CCC(C2CCCC(C3CCCC(C4CCCCC4)C3)C2)CC1
C1CCC(CC2CCC(C3CC3)CC2C2CCCC(C3CCCCC3)C2)CC1
C1CCC(CCC2CCC(C3CCCCC3)CC2C2CCCCC2)CC1
C1CCC(CC2CCC3C(CCC3C3CCCCC3)C2)CC1
C1CCC(C2CCC(C3CC4CCCCC4C3)C(C3CCCCC3)C2)CC1
C1CCC(CC2CCC(C3CCCCC3)CC2)CC1
C1CCC(C2CCCCC2CCC2CCCCC2C2CCCC2)CC1
C1CCC(CC2CC(C3CCC3)CCC2C2CCCCC2)CC1
C1CCC(C2CCC(CC3CCC4CC(C5CCC6CCCCC65)CC(C5CCCCC5)C4C3)C2)CC1
C1CCC(CC2CCCC(C3CCC4CCC(C5CCCCC5)CC43)C2)CC1
C1CCC(C2CCCC(C3CCCCC3)C2)CC1
C1CCC(CCC2CC(CC3CCCC(CC4CCCCC4)C3)C3CCCCC23)CC1
C1CCC(CCCCC2CCC(CCCC3CCCCC3)CC2)CC1
C1CCC(C2CCC(C3CCC(C4CCCCC4)CC3)CC2)CC1
C1CCC(CCC2CCCCC2C2CCCC(C3CCCCC3)C2)CC1
C1CCC(CC2CCC(C3CCCCC3C3CCC4CCC(C5CC5)CC4C3)CC2)CC1
C1CCC(CCCCCC2CCCC(C3CCCC4CC(C5CCCCC5)CCC43)C2)CC1
C1CCC(CC2CCC(C3CCCC(CC4CC5CCCCC5C4)C3)CC2)CC1
C1CCC(CCCC2CCC(C3CCCCC3)CC2CCC2CCCCC2)CC1
C1CCC(CC2CC(C3CCC(C4CC5CCCCC5C4)CC3)C3CCCCC23)CC1
C1CCC(C2CCC(C3CCCCC3C3CCCCC3)CC2)CC1
C1CCC(CC2CCCC(CC3CCCCC3C3CCC4CCCC4C3)C2)CC1
C1CCC(C2CCCCC2)CC1
C1CCC(CC2CC(C3CCC3)CC(C3CCCC(C4CCCCC4)C3)C2)CC1
C1CCC(C2CCCC(CCCC3CCCC(C4CCCC4)C3)C2)CC1
C1CCC(CCC2CCCC(CCC3CCC4CCC(C5CCC6CCCC6C5)CC4C3)C2)CC1
C1CCC(C2CCCC(CC3CCCCC3C3CCC4CCCC4C3)C2)CC1
C1CCC(C2CCCC(C3CC(C4CCC4)CC(C4CC5CCCCC5C4)C3)C2)CC1
C1CCC(C2CCC(C3CCCC(C4CCCCC4)C3)CC2)CC1
C1CCC(CC2CCCCC2CC2CCCCC2)CC1
C1CCC(C2CC(C3CCC4CCCCC43)CC3CCC(CC4CCC(C5CCCC5)CC4)CC32)CC1
C1CCC(CC2CCCC(CC3CCC4CCCC4C3)C2)CC1
C1CCC(CC2CCC(C3CCC(C4CCCC(CC5CCCCC5)C4)CC3)CC2)CC1
C1CCC(C2CCC(C3CCCC(C4CCCC4)C3)CC2)CC1
C1CCC(CCCC2CC(C3CCCCC3)C3CC(CC4CCCCC4)CCC23)CC1
C1CCC(CC2CCC(CCC3CCCC(C4CCCC(C5CCC5)C4)C3)C(C3CCCC3)C2)CC1
C1CCC(CCCC2CCCC(CC3CCCC(C4CCCCC4)C3)C2)CC1
C1CCC(CC2CCCC(CCC3CCCC(CC4CCCCC4)C3)C2)CC1
C1CC(C2CCC(CC3CCC(C4CCCC(CC5CC5)C4)CC3)CC2)C1
C1CCC(C2CCCC(CCCC3CC(CC4CCCC4)CCC3C3CCCCC3)C2)CC1
C1CCC(CCC2CC(CC3CCCCC3)CCC2CC2CC3CCCCC3C2)CC1
C1CCC(CC2CCCC(C3CCC(C4CC4)CC3)C2)CC1
C1CCC(CC2CCC(C3CCC(CC4CCCC(C5CCCCC5)C4)CC3)CC2)CC1
C1CCC(CCC2CCC3CCC(C4CCCCC4)CC3C2)CC1
C1CCC(C2CCCC(C3CCCC3)C2)CC1
C1CCC(C2CCC(CC3CCC(C4CCCCC4)CC3)CC2)CC1
C1CCC(CCC2CCCC(C3CCC(CC4CCC(C5CCC6CCCCC65)CC4)CC3)C2)CC1
C1CCC(C2CCCCC2CCC2CCC(CC3CC4CCCCC4C3)CC2)CC1
C1CCC(CC2CC(C3CCCCC3)CC(C3CCCCC3)C2)CC1
C1CCC(C2CCC(C3CCC(C4CCC(C5CCCCC5)CC4)CC3)CC2)CC1
C1CCC(CC2CCC(CC3CCCCC3)C(C3CCCCC3)C2)CC1
C1CCC(CCC2CCC(C3CCC(CCC4CCCCC4)CC3)CC2)CC1
C1CCC(CC2CCC(CC3CC(C4CCCCC4)C4CCCCC34)CC2)CC1
C1CCC(C2CCCC(C3CCCCC3)C2)CC1
C1CCC(CC2CCCC(CC3CC4CCCCC4C3)C2)CC1
C1CCC(CC2CCC(CC3CCCC(C4CCC5CCCC5C4)C3)CC2)CC1
C1CCC(C2CCCC(C3CCCCC3)C2)CC1
C1CCC(CC2CCC(CC3CCCCC3)CC2)CC1
C1CCC(CC2CCC(CCC3CCC(CC4CCCCC4)CC3)CC2)CC1
C1CCC(CC2CCC(CC3CC(CC4CCCCC4)C4CCCCC34)CC2)CC1
C1CCC(C2CCC(C3CC(C4CCCC4)C4CCCCC43)C2C2CCCCC2)CC1
C1CCC(C2CCC(CC3CCC(C4CCCCC4)CC3C3CCCCC3)CC2)CC1
C1CCC(C2CCC(C(C3CCCCC3)C3CCCC(C4CCCCC4)C3)CC2)CC1
C1CCC(C2CCC(CCC(C3CCC3)C3CCCC(C4CCCCC4)C3)CC2)CC1
C1CCC(CC2CCC(C3CCC(CCC4CCCC5CCCCC54)CC3)CC2)CC1
C1CCC(C2CCC(CCC3CCC(C4CCCC4)CC3)C(C3CCCCC3C3CCCC3)C2)CC1
C1CCC(C2CCCC(CCC3CCCCC3C3CCCCC3)C2)CC1
C1CCC(CCC2CCC3C(CCCC3C3CCC(C4CCCCC4)CC3)C2)CC1
C1CCC(C2CCC3CCC(C4CCC5CCCC5C4)C3C2)CC1
C1CCC(CCCC2CCC(CC3CCC(C4CCCC(C5CC5)C4)CC3)CC2)CC1
C1CCC(CC2CCC(C3CC(C4CCCC(CC5CCCCC5)C4)C4CCCCC34)CC2)CC1
C1CCC(C2CCC(C3CCCC4CC(C5CCCCC5)CCC43)CC2)CC1
C1CCC(CC2CCCCC2CCC2CCCC(C3CCCCC3)C2)CC1
C1CCC(CCC2CCC(CC3CCCCC3)CC2)CC1
C1CCC(CC2CCC(C3CC3CCC3CCCC(CC4CC5CCCCC5C4)C3)CC2)CC1
C1CCC(CC2CCC(CC3CCCC(C4CC(C5CCCCC5)C5CCCCC45)C3)CC2)CC1
C1CCC(C2CCCCC2C2CCC(CCC3CCCC3)CC2)CC1
C1CCC(CC2CCC(C3CCCC(C4CCCC(CC5CCCCC5)C4)C3)CC2)CC1
C1CCC(CCC(CC2CCCCC2C2CCCC2)C2CCCCC2)CC1
C1CCC(CC2CCC(CCC3CC3)CC2)CC1
C1CCC(C2CCCC(C3CCCC(C4CCCCC4)C3)C2)CC1
C1CCC(C(CC2CC3CCCCC3C(CC3CCCC4CCCCC43)C2)C2CC2)CC1
C1CCC(CC2CC(C3CCC(C4CCCCC4)CC3)CCC2C2CCC3CCCCC3C2)CC1
C(CCC1CCC(C2CCCCC2)CC1)CCC1CCC(C2CCCCC2)CC1
C1CCC(CC2CCC(CCCC3CCCC4CCCCC43)C(CC3CCCCC3)C2)CC1
C1CCC(C2CCC(C3CCC(CC4CC4)CC3)CC2)CC1
C1CCC(C2CCCCC2)CC1
C1CCC(CC2CCC(CC3CCC(CC4CCCCC4)CC3)CC2)CC1
C1CCC(CCC2CCC(C3CCCCC3)CC2)CC1
C1CCC(CCC2CCCC(CC3CCCCC3)C2)CC1
C1CCC(CCC2CCC(C3CCCCC3)C(C3CCCCC3)C2)CC1
C1CCC(CCCC2CCC(C3CCCCC3)CC2C2CCCCC2)CC1
C1CCC(CCCC2CC3CCCCC3C(C3CCCC3C3CCCC3)C2)CC1
C1CCC(CC2CCCC(C3CCC(CC4CCCC4)CC3)C2)CC1
C1CCC(C2CCC(CCC3CCCCC3C3CCCCC3)CC2)CC1
C1CCC(CC2CCCC(C3CCCC(C4CCCCC4)C3)C2)CC1
C1CCC(CC2CCC(C3CCCC(C4CCCCC4)C3)CC2)CC1
C1CCC(CC2CCC(C3CCCCC3CC3CCCCC3)CC2)CC1
C1CCC(C2CC(C3CCCC(CC4CC5CCCCC5C4)C3)C3CCCCC23)CC1
C1CCC(C2CCC(CC3CCCCC3C3CCCCC3)CC2)CC1
C1CCC(C2CCCCC2CCCC2CCC(C3CC4CCCCC4C3)CC2)CC1
C1CCC(CCCC2CC(CC3CCCCC3)CCC2C2CCCCC2)CC1
C1CCC(C2CCCC(C3CCCCC3C3CCCCC3)C2)CC1
C1CCC(CC2CCC(C3CCCCC3)CC2)CC1
C1CCC(CC2CCC(CC3CCC(CCC4CC5CCCCC5C4)CC3)CC2)CC1
C1CCC(CC2CCC(C3CCC(C4CCCCC4)CC3)CC2)CC1
C1CCC(C2CCC3CC(C4CCC5CCCCC54)CC(C4CCCCC4)C3C2)CC1
C1CCC(C2CCCC(C3CCCCC3C3CCC4CCCCC4C3)C2C2CCCCC2)CC1
C1CCC(CC2CCCC(C3CCC(C4CC5CCCCC5C4)C3)C2)CC1
C1CCC(C2CCC(C3CCC(C4CCCCC4)C4CCCC34)CC2)CC1
C1CCC(C2CCCC(C3CC(C4CC4)CC(C4CCCC(C5CCCCC5)C4)C3)C2)CC1
C1CCC(C2CCCC(C3CC(C4CCCCC4)CCC3C3CCCC4CCCCC43)C2)CC1
C1CCC2CC(CC3CCC(CC4CCCCC4C4CCC5CCCC5C4)CC3)CCC2C1
C1CCC(C2CCCC(C3CCCC(CC4CC(C5CCCCC5)C5CCCCC45)C3)C2)CC1
C1CCC(CCC2CCC(C3CCCCC3)CC2)CC1
C1CCC(CC2CCC(C3CCCCC3)CC2)CC1
C1CCC(CC2CCCCC2C2CCCCC2CC2CCCCC2)CC1
C1CCC(CCC(C2CCCCC2)C2CCC(C3CCCC3)CC2)CC1
C1CCC(C2CCC(C3CCCC3)CC2)CC1
C1CCC(C2CCCC(C3CC(CC4CCCC4)CC(C4CCCCC4)C3)C2)CC1
C1CCC(C2CCCC(C3CC4CCCCC4C(C4CCCCC4)C3)C2)CC1
C1CCC(CC2CC(CCCCC3CCCCC3CC3CC4CCCCC4C3)C3CCCCC23)C1
C1CC2CCC(CC3CCCCC3C3CCC4CCCC4C3)CC2C1
C1CCC(CCCC2CCC(CCCCCC3CCC(C4CCCCC4)C3)CC2)CC1
C1CCC(C2CCCC(C3CCCCC3)C2)CC1
C1CCC(C2CCCC(CCCC3CCC(C4CCC4)C(C4CCCCC4)C3)C2)CC1
C1CCC(C2CCC(C3CCCC(CC4CCC5CCCCC54)C3)CC2)CC1
C1CCC(C2CCCCC2CC2CCCC(CC3CC4CCCCC4C3)C2)CC1
C1CCC(CCC2CCC(CC3CCCCC3)CC2)CC1
C1CCC(CCCC2CCC(CC3CCC(CC4CCCC4)CC3)CC2)CC1
C1CCC(CC2CCC3CCC(C4CCCCC4C4CCC(C5CCC6CCCCC65)CC4)CC3C2)CC1
C1CCC(CCCCC2CCC(C3CCC(CCC4CCCC(C5CCCCC5)C4)CC3)CC2)CC1
C1CCC(C2CCC(C3CCC(C4CC5CCCCC5C4)CC3)CC2)CC1
C1CCC(CC2CCC3CCC(C4CCCCC4)CC3C2)CC1
C1CCC(CC2CCCC(CC3CCCCC3)C2)CC1
C1CCC(C2CCC(C3CCCCC3)CC2)CC1
C1CCC(CCCCC2CCC(CC3CCC(CCCC4CCCCC4)CC3)CC2)CC1
C1CC(CC2CCC3CCCCC3C2)CC(CC2CCCC3CCCCC32)C1
C1CCC(CCCC2CCC(C3CCCCC3)CC2C2CCCC2)CC1
C1CCC(C2CCCC(CCCCC3CCCC(C4CCCCC4)C3)C2)CC1
C1CCC(CC2CC(CC3CCCCC3)C3CCCCC23)CC1
C1CCC(CC2CCCCC2C2CCCC(C3CCCCC3C3CCCC3)C2)CC1
C1CCC(CCC2CCC(C3CCCCC3CC3CCCC(CC4CCCCC4)C3)CC2)CC1
C1CCC(CC2CCCC(C3CCCC(C4CCCCC4)C3)C2)CC1
C1CCC(CC2CCCCC2)CC1
C1CCC(CCCCC2CCCC(CC3CCCCC3)C2)CC1
C1CCC(CCC2CCCC(C3CCCCC3C3CCCC3)C2C2CCCC(C3CCC4CCCC4C3)C2)CC1
C1CCC(CC2CCCC(C3CCCCC3)C2)CC1
C1CCC(CCC2CCCCC2C2CCCCC2)CC1
C1CCC2CC(C3CCC(C4CCCC(C5CCC6CCCCC6C5)C4)CC3)CCC2C1
C1CCC(CC2CCC(CC3CCCCC3)CC2)CC1
C1CCC(CC2CC(C3CCCCC3)C(CC3CCCCC3)C(C3CCC3)C2)CC1
C1CCC(CC2CCCCC2C2CCC(C3CCC4CCCCC43)CC2)CC1
C1CCC(C2CC(CC3CCC(C4CCC(C5CCC6CCCCC6C5)CC4)C3)CCC2C2CCCC2)CC1
C1CCC(CC2CCC(C3CCCCC3C3CCC4CCCCC4C3)CC2)CC1
C1CCC(C2CCC(CCC3CCCC(CC4CC5CCCCC5C4)C3)CC2C2CCCC2)CC1
C1CCC(CC2CCC(C3CCCCC3C3CCC4CCCC4C3)CC2)CC1
C1CCC(CC2CC(C3CCC(CC4CCC(C5CCCC5)CC4)CC3)C3CCCCC23)CC1
C1CCC(CC2CCC(CC3CC4CCCCC4C3)CC2)CC1
C1CCC(CCC2CCC(C3CCC(CC4CCCCC4)CC3)CC2)CC1
C1CCC(C2CCCC(C3CCCC(C4CCCCC4)C3)C2)CC1
C1CCC(CCCCC2CCCCC2CC2CCCCC2)CC1
C1CCC(C2CCC(CCC3CCCC3)CC2)CC1
C1CCC(C2CCCCC2)CC1
C1CCC(CC2CCC(CC3CCCCC3)C(CC3CCCCC3)C2)CC1
C1CCC(CC2CCC(CC3CCC(CCC(CC4CCCCC4)C4CC4)CC3)CC2)CC1
C1CCC(C2CCCC(C3CCCC4CC(C5CCCCC5)CCC43)C2)CC1
C1CCC(CC2CCC(C3CCC(C4CCCC(C5CCCCC5)C4)CC3)CC2)CC1
C1CCC(C2CCC3C(CC4CCCC4)CC(CC4CC5CCCCC5C4)C3C2)CC1
C1CCC(C2CCCCC2)CC1
C1CCC(CC2CCC(C3CCC(CC4CCCC(C5CCCCC5)C4)C3)CC2)CC1
C1CCC(C2CCCC(C3CCCCC3)C2)CC1
C1CCC(CC2CCCCC2C2CCCC(CCC3CCC4CCCC4C3)C2)CC1
C1CCC(CC2CCC(C3CCCCC3)CC2)CC1
C1CCC(CC2CCCC(CCC3CC4CCCCC4C3)C2)CC1
C1CCC(C2CCCC(C3CCC4CCC(C5CCCCC5)CC4C3)C2)CC1
C1CCC(CCC2CCCC(C3CCCCC3)C2)CC1
C1CCC(CCC2CCC(CC3CCCCC3)CC2)CC1
C1CCC(CC2CCC(CC3CCCCC3C3CCCC3)CC2)CC1
C1CCC(CC2CCCC(C3CC4CCCCC4C(C4CCCC4)C3)C2)CC1
C1CCC(CC2CCC(C3CCCC(CC4CCCCC4C4CCCCC4)C3)CC2)CC1
C1CCC(C2CCC(C3CC(C4CCC5CCCCC54)CC4CCCCC43)C(C3CCC4CCCC4C3)C2)CC1
C1CCC(CCC2CC(C3CCCCC3CC3CCCCC3C3CCC3)C3CCCCC23)CC1
C1CCC(C2CCCC(CC3CCCC(CCCC4CC5CCCCC5C4)C3)C2)CC1
C1CCC(CC2CCC(CC3CCCCC3)C(CC3CC3)C2)CC1
C1CCC(CCC2CCC(CC3CCCCC3)CC2)CC1
C1CCC(C2CCC(C3CCCCC3C3CCCCC3)CC2)CC1
C1CCC(CCCC2CCCC(C3CCCCC3)C2)CC1
C1CCC(CCCC2CCC(C3CCC4CCCC4C3)CC2)CC1
C1CCC(CC2CCCCC2C2CCC3CCCCC3C2)CC1
C1CC(CC2CC(CCC3CCC(C4CCC(C5CC5)CC4)CC3)C3CCCCC23)CC(C2CC2)C1
C1CCC(C2CCCC(C3CCC(C4CCCC(CC5CCC6CCCCC6C5)C4)CC3)C2)CC1
C1CCC(CCC2CCC(CC3CCCCC3)CC2)CC1
C1CCC(CC2CCC(CC3CCCC(C4CCCC(CC5CCC6CCCCC65)C4)C3)CC2)CC1
C1CCC(CCC2CCC(CC3CCC(CC4CCCCC4)CC3)CC2)CC1
C1CCC(CCCC2CCCC(C3CCCCC3)C2)CC1
C1CCC(C2CCC(C3CC4CCCCC4C3)CC2)CC1
C1CCC(CCC2CCCC(C3CCCCC3CC3CCCCC3)C2)CC1
C1CCC(C2CCCCC2C2CCC3CCCC3C2)CC1
C1CCC(C2CCC(CC(C3CCCCC3)C3CCCCC3)CC2)CC1
C1CCC(CCC2CCC(CC3CCC(C4CCCC(C5CCCC5)C4)CC3)CC2)CC1
C1CCC(CCC2CCCC(C3CCC(C4CCC5CCCCC54)CC3)C2)CC1
C1CCC(C2CCCC(CC3CCC4CC(C5CCCCC5)CCC34)C2)CC1
C1CCC(CC2CCC(C3CCC4CCCCC43)C(C3CCCCC3)C2)CC1
C1CCC(C2CCCCC2)CC1
C1CCC(CC2CCC(C3CCCCC3C3CCCCC3)CC2)CC1
C1CCC(CCCCCC2CCC(CCC3CCCC(CCCCCC4CCCCC4)C3)CC2)CC1
C1CCC(CCCC2CCCC(CC3CCC(CC4CCCCC4)CC3)C2)CC1
C1CCCCC1
C1CCC(C2CCC(CC3CCCC(C4CC5CCCCC5C4)C3)CC2)CC1
C1CCC(CC2CCCC(CC3CC3)C2)CC1
C1CCC(CC2CCCCC2C2CCC(C3CCCCC3)CC2)CC1
C1CCC(CCC2CCCC(CC3CCC(CC4CCC5CCCCC5C4)CC3)C2)CC1
C1CCC(CCCC2CCC(C3CCC(CCC4CCCCC4)CC3)CC2)CC1
C1CCC(C2CC(CC3CCC4CCCCC4C3)C3CCCCC32)CC1
C1CCC(CCCC2CCC(CC3CCCCC3)CC2C2CCCCC2)CC1
C1CCC(CC2CC(C3CCCC(CCC4CCCC(C5CCCC5)C4)C3)C3CCCCC23)C1
C1CCC(CCC2CC(CC3CCCCC3)CC(CC3CCCCC3)C2)CC1
C1CCC(CCC2CCCC(C3CCCC(CC4CCCCC4)C3)C2)CC1
C(CCC1CC2CCCCC2C1)CCC1CC(C2CC2)CCC1CC1CCC(CC2CC2)CC1
C1CCC(C2CCC(C3CCC(CC4CCC(CC5CCCC5)CC4)CC3)CC2)CC1
C1CCC(CC2CCCC(C3CCCCC3)C2)CC1
C1CCC(CC2CCCC(C3CCCCC3CC3CCCCC3)C2)CC1
C1CCC2CC(C3CCCCC3C3CCC(C4CCCC4)C3)CCC2C1
C1CCC(CC2CCCC(C3CCCCC3)C2)CC1
C1CCC(CCCCCC2CCC(CC3CCC4CCCCC4C3)CC2CC2CCC2)CC1
C1CCC(CC2CCC(CCCC3CCC(CC4CCCC4)CC3)CC2)CC1
C1CCC(CC2CCC(C3CCCCC3)CC2)CC1
C1CCC(CC2CC(C3CCCCC3)CC(C3CCC3)C2)CC1
C1CCC(CC2CCCC(C3CCC4CCCCC4C3)C2)CC1
C1CCC(CC2CC(CC3CCC4CC(C5CCC(C6CCCC6)CC5)CCC43)C3CCCCC23)CC1
C1CCC(CC2CCC3CC(C4CCCCC4)CC(C4CCCCC4)C3C2)CC1
C1CCC(C2CCC(CC3CCC(C4CCCCC4)CC3)CC2)CC1
C1CCC(CC2CCC(C3CCCCC3)CC2)CC1
C1CCC(C2CCC(C3CCCC(CC4CCCC4)C3)CC2C2CCCCC2)CC1
C1CCC(CC2CC(C3CCCCC3C3CCC4C(CCC4C4CCCC4)C3)C3CCCCC23)C1
C1CCC(C2CC(C3CCC3)CC(C3CCC4C(CCC5CCCC5)CCC4C3)C2)CC1
C1CCC(CCC2CCC(C3CCCCC3)CC2)CC1
C1CCC(CC2CCCCC2)CC1
C1CCC(C2CCCCC2CCC2CC(C3CCCC3)C3CCC(C4CCC4)CC23)CC1
C1CCC(CC2CCC3C(C2)C(CC2CCCCC2)CC3C2CCCCC2)CC1
C1CCC(CCCCCC2CC(CC3CCCCC3)CCC2CCC2CCCC2)CC1
C1CCC(C2CCCC(CCCC3CCC(C4CCCCC4)CC3C3CCCCC3)C2)CC1
C1CCC(CCC2CCC(C3CCC4C(CCC4C4CCCCC4)C3)CC2)CC1
C1CCC(CC2CCCCC2C2CCC(C3CCCC3)CC2C2CCCC2)CC1
C1CCC(CCCC2CCCC3CC(C4CCCCC4)CCC23)CC1
C1CCC(CC2CCCCC2)CC1
C1CCC(C2CCC(CCC3CCCC(C4CCCCC4)C3)CC2)CC1
C1CCC(CCC2CCC(C3CCCCC3)CC2)CC1
C1CCC(CC2CCCC(C3CCC(C4CCCCC4)C3)C2)CC1
C1CCC(CC2CC(CC3CCCCC3)C3CC(C4CCCCC4)CCC23)CC1
C1CCC(CCCCC2CC3CCCCC3C2)CC1
C1CCC(CCC2CCC3CC(C4CCC(CC5CCCCC5)CC4)CCC23)CC1
C1CCC(CC(C2CCCCC2)C2CCCC(C3CCCC(C4CCCCC4)C3)C2)CC1
C1CCC(CCC2CCCCC2C2CCC3CCC(CC4CCCCC4)CC3C2)CC1
C1CCC(CC2CCCC(C3CCCCC3)C2)CC1
C1CCC(CC2CCCCC2C2CCCCC2CC2CCC(C3CCCC(C4CCCC4)C3)CC2)CC1
C1CCC(CCC2CCCC(CC3CCCC3)C2)CC1
C1CCC(C2CCC(C3CCC4CCCCC43)CC2)CC1
C1CCC(CCC2CCC(C3CCCC4CCCCC43)CC2)CC1
C1CCC2C(C1)CCCC2C1CCC(C2CCC3CCCCC32)CC1
C1CCC(C2CCC(C3CC4CCCCC4C3)C(C3CCCCC3)C2)CC1
C1CCC(C2CCC(C3CCCCC3C3CCCCC3)C2)CC1
C1CCC(CC2CCC(C3CCC(C4CCC(C5CCCCC5C5CCCC5)CC4)CC3)CC2)C1
C1CCC(C2CCCCC2)CC1
C1CCC(CC2CCC3CC(C4CCCCC4CC4CC4)CCC23)CC1
C1CCC(C2CCCCC2CC2CC(C3CCCCC3)C3CCCCC23)CC1
C1CCC(CC2CCC(C3CCCC3)C(C3CCC(C4CCCCC4)CC3)C2)CC1
C1CCC(C2CCCCC2)CC1
C1CCC(CC2CCC(C3CCCC(C4CCCC(CC5CCCCC5)C4)C3)CC2)CC1
C1CCC(C2CCC(C3CCCC(CCCC4CC(CC5CCCC5)C5CCCCC45)C3)CC2)CC1
C1CCC(CC2CCC(C3CCCC(CC4CCCCC4C4CCC(C5CCCCC5)CC4)C3)CC2)CC1
C1CCC(CC2CCCC(C3CCCCC3)C2)CC1
C1CCC(CC2CCCC(C3CCCC(C4CCC(C5CCCCC5)CC4)C3)C2)CC1
C1CCC(CCC2CCCC(CC3CCCCC3)C2)CC1
C1CCC(CCCCC2CCC(CC3CCC(C4CCCCC4)CC3)CC2)CC1
C1CCC(C2CCC(CCCC3CCC(C4CCCCC4)C3)CC2)CC1
C1CCC(C2CCCC(C3CCCC(C4CCCCC4)C3)C2)CC1
C1CCC(C2CCCC(CC3CCCCC3CCC3CC3)C2)CC1
C1CCC(CCC2CCCCC2C2CCC(C3CCCCC3)CC2)CC1
C1CCC(C2CCCC(CCCC3CCC(C4CCCCC4)C(C4CCCCC4)C3)C2)CC1
C1CCC(C2CCCC(C3CCCCC3C3CCCCC3)C2)CC1
C1CCC(CC2CCC(CC3CCC(C4CCCC4)CC3)CC2)CC1
C1CCC(CCCC2CCC(C3CCCC(C4CCCCC4)C3)CC2)CC1
C1CCC(C2CC(C3CCCC(CC4CCC4)C3)C(C3CCCCC3)C3CCCC23)CC1
C1CCC(CC2CCCC(C3CCC(CC4CCC5CCCCC54)CC3)C2)CC1
C1CCC(C2CCCC(C3CCCCC3)C2)CC1
C1CCC(C2CCC(C3CCCCC3CCC3CCC3)CC2)CC1
C1CCC(C2CCCC(CCC3CC4CCCCC4C3)C2)CC1
C1CCC(CC2CCC(C3CCCCC3)CC2)CC1
C1CCC(CC2CCCCC2C2CCC(C3CCCCC3)CC2C2CCC3CCCC3C2)CC1
C1CCC(CC2CCC(CC3CCC(C4CCCCC4)CC3)CC2)CC1
C1CCC(CCCCCC2CCC(CC3CCC(CC4CCCCC4)CC3)CC2)CC1
C1CCC(CCCC2CCCC(CC3CCCCC3)C2)CC1
C1CCC(C2CCCCC2)CC1
C1CCC(CCC2CCC(CCC3CCC4C(CCCC4C4CCCCC4CC4CCCCC4)C3)CC2)CC1
C1CCC(CC2CCC(C3CCCCC3CC3CC4CCCCC4C3)C(C3CCCCC3)C2)CC1
C1CCC(CCC2CCC(C3CCCC(CC4CC4)C3)CC2)CC1
C1CCC(CCC2CCCC(C3CCCCC3)C2)CC1
C1CCC(CC2CCC3CC(CC4CCC(C5CCCCC5)CC4)CCC23)CC1
C1CCC(C2CCC(CCC3CCC(C4CCCCC4)C3)CC2)CC1
C1CCC(C2CCCC(CC3CCC3)C2)CC1
C1CCC(CC2CCCCC2CC2CCC(CC3CCC(C4CCCC4)CC3)CC2)CC1
C1CCC(CCC2CC(C3CCCC(C4CCCCC4)C3)C3CCCCC23)CC1
C1CCC(CCCC2CCCC(C3CCC(C4CCC4)CC3)C2)CC1
C1CCC(C2CCC(CC(C3CCCCC3)C3CCCCC3)CC2)CC1
C1CCC(CC2CC(C3CCC(C4CC(C5CCCCC5)C4)CC3)C3CCCCC23)CC1
C1CCC(CC2CCC(CC3CCC3)CC2)CC1
C1CCC(C2CCCC3CC(C4CCCCC4C4CCCC(C5CCCC5)C4)CCC32)CC1
C1CCC(C2CCC(CC3CCC(C4CCC5CCCCC54)CC3)CC2)CC1
C1CCC(C2CCC(C3CCCC(C4CCCCC4C4CCCCC4)C3)CC2)CC1
C1CCC(C2CCCC(CCC3CCCC(C4CCCCC4)C3)C2)CC1
C1CCC(CCCC2CCC(C3CCC(C4CC4)CC3)CC2)CC1
C1CCC(CCCCC2CCC(CC3CCC(CCCC4CCCCC4)CC3)CC2)CC1
C1CCC(C2CCCC3CC(C4CCCC5CCCCC54)CCC32)CC1
C1CCC(C2CCCC(C3CCCCC3)C2)CC1
C1CCC(C2CCC(CCC3CCC(C4CCC5CCC(C6CCCCC6)CC54)CC3)CC2)CC1
C1CCC(CCCC2CCC(C3CCCCC3CC3CCCCC3)CC2)CC1
C1CCC(C2CCC(CC3CCC(C4CCCCC4)CC3)CC2)CC1
C1CCC(CCC2CCCC(C3CCCC(C4CCCCC4)C3)C2)CC1
C1CCC(CC2CCC(C3CCCC(C4CCC4)C3)CC2)CC1
C1CCC(CC2CC(CC3CCC(C4CCCCC4)CC3)C3CC(C4CCCCC4)CCC23)CC1
C1CCC(C2CCC3C(CCCC3C3CCCCC3C3CCCC3)C2)CC1
C1CCC(CCC2CCC(CC3CCCCC3)C(CCC3CCCCC3)C2)CC1
C1CCC(CC2CCCCC2C2CCCCC2)CC1
C1CCC(C2CCCC(C3CCCC(C4CC4)C3)C2)CC1
C1CCC(CC2CCC(CC3CCCC(CC4CCCCC4)C3)CC2)CC1
C1CCC(CC2CCC(CCC3CCC4C(CCC4C4CCC(C5CCCC5)CC4)C3)CC2)CC1
C1CCC(CC2CCCC(C3CCCC(C4CCCCC4)C3)C2)CC1
C1CCC(CCC2CCCC(C3CCCCC3)C2)CC1
C1CCC(C2CCC(C3CCCCC3)C(C3CCC4CCCC4C3)C2)CC1
C1CCC(CC2CCC(C3CCCC(CC4CCCCC4)C3)CC2)CC1
C1CCC(CCCCCC2CCC(CCC3CCCCC3)CC2C2CCC3CCCCC32)CC1
C1CCC(CC2CCCCC2C2CCC(CC3CCCC3)CC2)CC1
C1CCC(CC(CC2CCCCC2)C2CCCC(C3CCCCC3)C2)CC1
C1CCC(CCC2CCC(CC3CCCCC3)CC2)CC1
C1CCC(CC2CCCC(C3CCCC(C4CCCCC4)C3)C2)CC1
C1CCC(CC2CCC(CC3CCCCC3)CC2)CC1
C1CCC(CC2CCC3CCC(C4CCCCC4)C3C2)CC1
C1CCC(C2CCCCC2CC2CCCC(C3CC4CCCCC4C(C4CCCCC4)C3)C2)CC1
C1CCC(CC2CCC(CCCCCC3CCCCC3C3CCCCC3)CC2)CC1
C1CCC(C2CCC3CCC(C4CC5CCCCC5C(C5CCCCC5)C4)C3C2)CC1
C1CCC(CC2CCCC(CC3CCCC(C4CCCCC4)C3)C2)CC1
C1CCC(C2CCCC(CC3CCCC(C4CCC4)C3)C2)CC1
C1CCC(CCCC2CCCC(CC3CCCC(C4CCCCC4)C3)C2)CC1
C1CCC(CCCCC2CCC(C3CCCCC3)CC2C2CCCCC2)CC1
C1CCC(CC2CCC(CC3CCCC(C4CCCCC4C4CCCCC4)C3)CC2)CC1
C1CCC(CC2CC(C3CCCC(C4CCCCC4)C3)CC3CCCCC32)CC1
C1CCC(CC2CCC(CC3CCCCC3C3CCCCC3)CC2)CC1
C1CCC(CCC2CCC(C3CCC(C4CCCCC4)CC3)CC2)CC1
C1CCC(C2CCC(CC3CCC(CCCCC4CCCC4)CC3)CC2)CC1
C1CCC(C2CCCC(C3CCC4CCC(C5CCCCC5)CC4C3)C2)CC1
C1CCC(C2CCCC(CC3CCCC(C4CCCCC4)C3)C2)CC1
C1CCC(CC2CCCC(C3CCCC(C4CCCCC4CC4CCCCC4)C3)C2)CC1
C1CCC(CCC2CCCC(C3CCCCC3)C2)CC1
C1CCC(C2CCCC(CC3CCC(C4CCCCC4)CC3C3CCCCC3)C2)CC1
C1CCC(C2CCCCC2C2CCCCC2)CC1
C1CCC(CCCCC2CCCC(C3CCCC(C4CCCCC4)C3)C2)CC1
C1CCC(C2CCCC(C3CCCCC3C3CCCC3)C2)CC1
C1CCC(CCCCCC2CCC(C3CCC3)C(CC3CCCCC3)C2)CC1
C1CCC(CC2CCC(CC3CCCC3)CC2)CC1
C1CCC(CC2CCCC(C3CCC(C4CCC5CCCCC54)CC3)C2)CC1
C1CCC(CC2CCC(CCC3CCC(C4CCCCC4)CC3)CC2)CC1
C1CCC(CC2CCC(C3CCC(CC4CCCCC4C4CCCCC4)CC3)CC2)CC1
C1CCC(CC2CCC(CC3CCCC(C4CCCCC4)C3)CC2)CC1
C1CCC(CCCC2CCCC(C3CCCCC3)C2)CC1
C1CCC(CC2CCCC(CCC3CC4CCCCC4C3)C2)CC1
C1CCC(C2CCC3CC(C4CCC5CCCCC54)CCC3C2)CC1
C1CCC(CC2CC(C3CCCCC3)C3CCCCC23)CC1
C1CCC(CC2CC(C3CCCCC3)CC(C3CCCCC3)C2C2CCCCC2)CC1
C(CC1CCC(CCC2CCC(CC3CC4CCCCC4C3)CC2)CC1)CC1CC2CCCCC2C1
C1CCC(C2CCC(CC3CCCC3)CC2)CC1
C1CCC(CCCC2CCC(C3CCCC(CCCC4CC4)C3)C(C3CCCCC3)C2)CC1
C1CC(C2CCCC(C3CCC(CC4CCC(C5CCC6CCCCC65)CC4)CC3)C2)C1
C1CCC(C2CCC(C3CCC(C4CCC5CCCCC54)CC3)CC2)CC1
C1CCC(CC2CCC(C3CCCC(C4CCCCC4)C3)CC2)CC1
C1CCC(CC2CCCCC2C2CCC3C(CC4CCCCC4)CCC3C2)CC1
C1CCC(CC2CCC(C3CCCC4CCC(C5CCCCC5C5CC5)CC43)CC2)CC1
C1CCC(CC2CCC(CCCC3CCCC(CCC4CCCC(C5CCCCC5)C4)C3)CC2)CC1
C1CCC(CC2CCC(CC3CCC(C4CCCCC4)CC3)CC2)CC1
C1CCC(CCC2CCCC(CCC3CCCCC3)C2CC2CC3CCCCC3C2)CC1
C1CCC(CCC2CCCC(C3CCCCC3C3CCCCC3CC3CCCCC3)C2)CC1
C1CCC(CCC2CCC3CC(C4CCCCC4CC4CCCCC4)CCC23)CC1
C1CCC(CC2CCC3C(CCC3C3CCCCC3)C2)CC1
C1CCC(C2CCCC(CCC(C3CCCCC3)C3CCC3)C2)CC1
C1CCC(CCC2CCCC(C3CCCCC3)C2)CC1
C1CC2CCC(C3CCCCC3C3CCC(C4CC4)CC3)CC2C1
C1CCC(CC2CCC(C3CCC(CC4CCCCC4)CC3)CC2)CC1
C1CCC(CC2CCCCC2C2CCCCC2C2CCCCC2)CC1
C1CCC(CCC2CCCC(C3CCCCC3)C2)CC1
C1CCC(CCC2CCC3CC(C4CCCCC4)CC(C4CCCCC4)C3C2)CC1
C1CCC(CCCC2CCC(CC3CCC(CCC4CCCCC4)CC3)CC2)CC1
C1CCC(CCCC2CCC(CC3CCCCC3)CC2)CC1
C1CCC(CC2CC(CC3CCCCC3)C3CCCCC23)CC1
C1CCC(CC2CCCC(CC3CCCCC3)C2)CC1
C1CCC(CCCCC2CCC(C3CCCC(C4CC5CCCCC5C4)C3)CC2)CC1
C1CCC(C2CCCC(C3CCC(C4CCCCC4)C(C4CCCCC4)C3)C2)CC1
C1CCC(CC2CCC(C3CCCC(CC4CCCCC4)C3)CC2)CC1
C1CCC(CCC2CCCC(C3CCCCC3)C2)CC1
C1CCC(CC2CCC3CCC(C4CCC5CCCCC5C4)C3C2)CC1
C1CCC(CC2CCCCC2C2CCCCC2)CC1
C1CCC(C(CC2CCCCC2C2CCCC2)C2CCCCC2)CC1
C1CCC(CC2CCC3CC(C4CCC(C5CCCCC5)CC4)CC3C2)CC1
C1CCC(CCC2CC(C3CCCCC3)CC(C3CCCC(C4CCCCC4)C3)C2)CC1
C1CCC(CCC2CCCC(C3CCCCC3CC3CCCCC3)C2)CC1
C1CCC(CCC2CCCC(CC3CCC(CC4CCCCC4)CC3)C2)CC1
C1CCC(CCC2CCCCC2)CC1
C1CCC(CCC2CC(CC3CCCCC3)CC(C3CCCC3)C2)CC1
C1CCC(CC2CCCC(C3CCCCC3)C2)CC1
C1CCC(CC2CCCCC2C2CCCC(C3CCCCC3)C2)CC1
C1CCC(C2CCC(CCC3CCC4CCC(C5CCCCC5)CC34)CC2)CC1
C1CCC(CC2CCCC(C3CC(CC4CCCCC4)C4CCCCC43)C2)CC1
C(CC1CCCC(C2CCCC2)C1)CC1CCC2CCCCC2C1
C1CCC(C2CCCCC2C2CCCC(C3CCCCC3C3CCCC3)C2)CC1
C1CCC(C2CCCC(C3CC(C4CCCCC4)C4CCCCC34)C2)CC1
C1CCC(CCC2CC(C3CCCCC3)CC(C3CCCC3)C2)CC1
C1CCC(CC2CCC(CC3CCCCC3)C(CC3CCCCC3)C2)CC1
C1CCC(CCCC2CCCC(CC3CCCC(C4CCCCC4)C3)C2)CC1
C1CC(C2CCCC(C3CCC(C4CC(C5CCC6CCCCC6C5)C5CCCCC45)CC3)C2)C1
C1CCC(CC2CCCCC2C2CCC(CCC3CCCC(C4CCCCC4)C3)CC2)CC1
C1CCC(CC2CC(CC3CCCCC3)CC(C3CCCCC3)C2)CC1
C1CCC(CCCC2CCC(CC3CCCCC3)CC2)CC1
C1CCC(CCC2CCC(CC3CCC4CCCCC4C3)CC2)CC1
C1CCC(CC2CCC(C3CCCCC3)CC2)CC1
C1CCC(CC2CCC(CCC3CCC(CC4CCC(C5CCCCC5)CC4)CC3)CC2)CC1
C1CCC(CC2CCC(C3CCC(C4CCCCC4)CC3)CC2)CC1
C1CCC(CC2CCC(CC3CCCC(C4CCCC(C5CCC5)C4)C3)CC2)CC1
C1CCC(CC2CCC(CCC3CCC4CCCCC43)CC2)CC1
C1CCC(CCCCC2CCC(CC3CCC(CC4CCCCC4)CC3)CC2)CC1
C1CCC(CC2CCC3C(CC4CCCCC4)CCC3C2)CC1
C1CCC(CCCCC2CCCC(C3CCCC(CC4CCCCC4)C3)C2)CC1
C1CCC(C2CCCCC2C(C2CCCCC2)C2CCCCC2)CC1
C1CCC(CCC2CCC(C3CCC(C4CCCC4)CC3)CC2)CC1
C1CCC(C2CCCC(CCCC3CCCC3)C2)CC1
C1CCC(CCC2CCC(CC3CCC(CC4CCCCC4C4CCCC4CC4CCCCC4)CC3)CC2)CC1
C1CCC(CCC2CC(C3CCCCC3)CC(C3CCCC(C4CCCC4)C3)C2)CC1
C1CCC(C2CCC(CC3CCC4CCCCC43)CC2)CC1
C1CCC(CCC2CCC(C3CCCCC3)CC2)CC1
C1CCC(CC2CCCC(C3CCC(CC4CCCCC4CC4CCCCC4)CC3)C2)CC1
C1CCC(C2CCCC(C3CCC(C4CCCCC4)C(C4CCCCC4)C3)C2)CC1
C1CCC(CC2CCCCC2)CC1
C1CCC(C2CCC(CC3CCC3)CC2C2CCC3CCCC3C2)CC1
C1CCC(C2CC(C3CCCCC3)CC(C3CCC4CCCC4C3)C2)CC1
C1CCC(CC2CCC(C3CCCCC3)CC2)CC1
C1CCC(CC2CCCC(CC3CCCCC3C3CCCCC3)C2)CC1
C1CCC(C2CCC3C(CC4CCCC4)CC(C4CCCCC4)C3C2)CC1
C1CC(CC2CC2)CC(C2CCC(C3CCC4CCCC4C3)CC2)C1
C1CCC(CC2CCC(CC3CCCCC3)CC2)CC1
C1CCC(CC2CCCC(CCC3CCC4C(CCC4C4CCCCC4)C3)C2)CC1
C1CCC(CC2CCCC(C3CCCC(C4CCCCC4)C3)C2)CC1
C1CCC(C2CCC3C(CC4CCCC4)CC(C4CCCCC4)C3C2)CC1
C1CCC(CCCC2CCCC(C3CCCCC3)C2)CC1
C1CCC(CC2CCC(C3CCC(C4CCC(CCC5CCCC5)CC4)CC3)CC2)CC1
C1CCC(CCC2CCCC(C3CCCCC3)C2)CC1
C1CCC(CC2CCC(C3CCC(C4CCC4)CC3)CC2)CC1
C1CCC(CCCC2CCCC(CCC3CCCCC3)C2)CC1
C1CCC(CCC2CCC(CC3CCCCC3)CC2)CC1
C1CCC(CC2CCC(CCC3CCC(C4CCC(C5CCCCC5)CC4)C(C4CCCC4)C3)C2)CC1
C1CCC(C2CCC(C3CCCCC3)CC2)CC1
C1CCC(CC2CCCCC2CCCCC2CCC(C3CCCCC3)CC2)CC1
C1CCC(CC2CCCC(C3CCCC(C4CCCCC4)C3)C2)CC1
C1CCC(CC2CCC(CCC3CCC(C4CCCCC4C4CCCCC4)CC3)CC2)CC1
C1CCC2CC(CC3CCC(C4CCCC(C5CCC(C6CCC7CCCCC76)CC5)C4)CC3)CC2C1
C1CCC(C2CCC(CCC3CCCC(C4CCCCC4)C3)CC2)CC1
C1CCC(CCC2CCC(CC3CCCCC3)C(C3CCCCC3)C2)CC1
C1CCC(C2CCCC(C3CCCCC3C3CCCC3)C2)CC1
C1CCC(C2CCC(C3CCC(CC4CCC5C(CCC5C5CCCCC5)C4)C3)CC2)CC1
C1CCC(CCC2CCC(C3CCCCC3C3CCCCC3)CC2)CC1
C1CCC(C2CCC(C3CCC3)CC2)CC1
C1CCC(CC2CCC(C3CCCC(CC4CCCCC4)C3)CC2)CC1
C1CCC(CC2CCCCC2CC2CCCCC2)CC1
C1CCC(CCC2CCC3CCCC(C4CCCCC4)C3C2)CC1
C1CCC(C2CCCCC2C2CCC(CC3CC4CCCCC4C3)CC2)CC1
C1CCC(CCCC2CCC(C3CCCCC3)CC2)CC1
C1CCC(CCC2CCCC(C3CCC4CC(CC5CCCCC5)CCC43)C2)CC1
C1CCC(CCC2CCC3CC(CC4CCC(CC5CCCCC5)CC4)CCC23)CC1
C1CCC(CC2CCCCC2C2CCCCC2)CC1
C1CCC(C2CCCC(C3CCCCC3C3CCCCC3)C2)CC1
C1CCC(CC2CCCC(CC3CCC(C4CCC(CC5CCC(C6CC6)CC5)CC4)CC3)C2)CC1
C1CCC(CC2CCC(CCC3CCC(CC4CCCCC4)CC3)CC2)CC1
C1CCC(CCC2CCCC2)CC1
C1CCC(C2CCC(C3CCC4CCCCC4C3)CC2)CC1
C1CCC(CC2CCC3C(CCC3CC3CCCC(C4CCCCC4)C3)C2)CC1
C(CCC1CCC(C2CCCCC2)CC1)CCC1CC2CCCCC2C1
C1CCC(CCCC2CCC(CC3CCC(C4CCCCC4)CC3)CC2)CC1
C1CCC(CC2CCC(C3CCCC(C4CCCC(C5CCCCC5)C4)C3)CC2)CC1
C1CCC(C2CCC(C3CCCCC3)CC2)CC1
C1CCC(CC2CCC(C3CCCC(CCC4CCCC(CC5CC5)C4)C3)CC2)CC1
C1CCC(C2CCC(C3CC(C4CCCC4)C4CCCCC34)CC2)CC1
C1CCC(CC2CCC(C3CCCCC3)CC2)CC1
C1CCC(C2CCC(C3CCCCC3)CC2)CC1
C1CCC(C2CCCC(C3CCCC4CC(C5CCCCC5C5CCCCC5)CCC43)C2)CC1
C1CCC(CCC2CCC(C3CCCCC3C3CCCCC3C3CCCCC3)CC2)CC1
C1CCC(CCCC2CCCCC2C2CCCCC2)CC1
C1CC2CCC(C3CCC(C4CCCC5CCCCC54)CC3)CC2C1
C1CCC(C2CCC(CC3CCC(CCC4CCC(C5CCC5)CC4)CC3)CC2)CC1
C1CCC(CC2CCCC(CC3CCCC(C4CCC(CC5CC6CCCCC6C5)CC4)C3)C2)CC1
C1CCC(C2CC(C3CCC4CCCCC43)CC3CCCCC32)CC1
C1CCC(CCC2CCCC(C3CCCCC3)C2)CC1
C1CCC(CC(CCCC2CCC(C3CCCCC3)CC2)C2CCC2)CC1
C1CCC(CCC2CC(C3CCCCC3)CCC2C2CCC(C3CCCCC3)CC2)CC1
C1CCC(CC2CCCC(C3CCCC(C4CCCCC4)C3)C2)CC1
C1CCC(CCC2CCC(C3CCC(CCC4CCCCC4)CC3)CC2)CC1
C1CCC(C2CCCC(C3CC(CCC4CC5CCCCC5C4)C4CCCCC43)C2)CC1
C1CCC(CC2CCC(CC3CCC(CCC4CCCC(CC5CCCCC5)C4)CC3)CC2)CC1
C1CCC(CCCCC2CCC(CC3CCCCC3)CC2)CC1
C1CCC(CC2CCC(CCCC3CCCC(C4CCC5CCCC5C4)C3)CC2)CC1
C1CCC(CC2CCC(C3CC3)CC2C2CCC3CCCCC3C2)CC1
C1CCC(CC2CCC(C3CCCCC3)CC2)CC1
C1CCC(C2CC(CC3CCCC3)C3CCCCC32)CC1
C1CCC(C2CCC(C3CCCCC3)CC2)CC1
C1CCC(CC2CC3CCC(C4CCCCC4)CC3C(C3CCCCC3)C2)CC1
C1CCC(CC2CCC(C3CCCCC3C3CCCCC3)CC2)CC1
C1CCC(CCC2CCCCC2CCC2CCCC(C3CCCCC3)C2)CC1
C1CCC(CC2CC(C3CCCC(C4CCCCC4C4CCCCC4)C3)C3CCCCC23)CC1
C1CCC(CCC2CCCC(C3CCCCC3)C2)CC1
C1CCC(CC2CCCCC2C2CCC(C3CCCCC3)CC2C2CC3CCCCC3C2)CC1
C1CCC(CC2CCC(C3CCCCC3)CC2)CC1
C1CCC(CCC(CCC2CCC3C(CCC3C3CCCC3)C2)CC2CCCCC2)CC1
C1CCC(CC2CCC(C3CCCC(C4CCCCC4C4CCCCC4)C3)CC2)CC1
C1CCC2CC(C3CCC(CCC4CCC(CC5CC6CCCCC6C5)CC4)CC3)CCC2C1
C1CCC(CC2CCC(C3CC4CCC(C5CCCCC5)CC4C3)C(C3CCCC3)C2)CC1
C1CCC(CCC2CCC(CC3CCCC(C4CCCCC4)C3)CC2)CC1
C1CCC(CC2CCC(CC3CCCCC3)CC2)CC1
C1CCC(C2CCC(C3CCC4CCCC4C3)C(C3CCCCC3)C2)CC1
C1CCC(CC2CCCC(CC3CCC4CCCCC43)C2)CC1
C1CCC(CC2CCC(CCC3CC4CCCCC4C3)C(C3CCCCC3)C2)CC1
C1CCC(CCC(C2CCCCC2)C2CCC(C3CCCC(C4CCCCC4)C3)CC2)CC1
C1CCC(CC2CCCC(C3CCCC(CC4CCC4)C3)C2)CC1
C1CCC(C2CCCC(C3CCCC(CC4CCC(CC5CC6CCCCC6C5)CC4)C3)C2)CC1
C1CCC(CC2CCCCC2C2CCC(C3CCCC3)CC2C2CCCCC2)CC1
C1CCC(C2CCCC(C3CCCC(C4CCCCC4)C3)C2)CC1
C1CCC(CC2CCCC(C3CCCCC3)C2)CC1
C1CCC(C2CCCCC2C2CCC3C(CC4CCCCC4CC4CC5CCCCC5C4)CCCC3C2)CC1
C1CCC(CC2CCC(CC3CCCC(CCC4CCCC(C5CCCC5)C4)C3)CC2)CC1
C1CCC(CC2CCC(C3CCC(C4CCCCC4)CC3)CC2)CC1
C1CCC(C2CCCCC2C2CCCC(C3CCC(CC4CCC(C5CC5)CC4)CC3)C2)C1
C1CCC(CCCCCC2CCCC(CC3CCC(C4CCCCC4)CC3)C2)CC1
C1CCC(CC2CCC(CCC3CCCC(CC4CCCCC4)C3)CC2)CC1
C1CCC(CC2CCCC(C3CCCC(CC4CC4)C3)C2)CC1
C1CCC(C2CCC(C3CCCCC3C3CCCCC3)CC2)CC1
C1CCC(CCC2CCC(CC3CCCCC3)CC2)CC1
C1CCC(CCC2CC(CC3CCCCC3)CC(C3CCCCC3)C2)CC1
C1CCC(C2CCC(CC3CCC(C4CCCCC4)CC3)CC2)CC1
C1CCC(CC2CCC(C(C3CCCCC3)C3CCCC(C4CCC4)C3)CC2)CC1
C1CCC(CC2CC(CC3CCCC(C4CCCCC4)C3)CC(C3CC3)C2)CC1
C1CCC(C2CCC(CC3CCCCC3C3CCC4CCCCC4C3)CC2)CC1
C1CCC(CCCC2CCC(C3CCCC(CC4CC5CCCCC5C4)C3)CC2)CC1
C1CCC(CC2CCC(C3CCCCC3C3CCCC(C4CCCC4)C3)CC2)CC1
C1CCC(CC2CC3CCC(C4CCCCC4)CC3C(C3CCCCC3)C2)CC1
C1CCC(C2CCCCC2CC2CCC(CC3CCCC3)CC2)CC1
C1CCC(CC2CCC(CCC3CC4CCCCC4C3)CC2)CC1
C1CCC(C2CCC3C(C4CC5CCCCC5C4)CC(C4CCCCC4C4CCCC4)C3C2)CC1
C1CCC(CC2CCCC(C3CCC(C4CCCCC4C4CCCC4)CC3)C2)C1
C1CCC(C2CCCC(C3CCCC(C4CCC5CCCC5C4)C3)C2)C1
C1CCC(CC2CCC(CC3CCCCC3CC3CCC(C4CCCC4)CC3)CC2)CC1
C1CCC(C2CCC(CCC3CCCC(C4CCCCC4)C3)CC2)CC1
C1CCC(CCC2CCCCC2)CC1
C1CCC(CC2CC(C3CCCCC3)C3CCCCC23)CC1
C1CCC(CCC2CCC3C(CC4CCCCC4)CCC3C2)CC1
C1CCC(C2CCCCC2C2CCCC2)CC1
C1CCC(CC2CCC(C3CCCCC3C3CCCC3)CC2C2CCCCC2)CC1
C1CCC(C2CCC(CC3CCC(C4CC5CCCCC5C4)CC3)CC2)CC1
C1CCC2CC(C3CCCCC3CC3CCC(C4CC4)CC3)CCC2C1
C1CCC(CCCC2CCC(CCCC3CCCC3)CC2)CC1
C1CCC(CC2CCCCC2)CC1
C1CCC(CCC2CC(C3CCCCC3)C3CCCCC23)CC1
C1CCC(C2CCCCC2)CC1
C1CCC(C2CCCCC2)CC1
C1CCC(CC2CC(CCCC3CCC(C4CCCCC4)CC3)C3CCCCC23)CC1
C1CCC(CCC2CCCC(CC3CCC(CC4CCCCC4)CC3)C2)CC1
C1CCC(CC2CCC(CC3CCC4CCCC4C3)C(CCC3CCC3)C2)CC1
C1CCC(CCC2CCC3CC(C4CCC5CCCCC54)CC(C4CCC5CCCCC54)C3C2)CC1
C1CCC(CCC2CCC(CC3CCC(C4CCC5CCCCC5C4)CC3)CC2)CC1
C1CCC(C2CCCC(C3CCCC(C4CCCC4)C3)C2)CC1
C1CCC(CC2CCC(CC3CCC(CC4CCCCC4)CC3)CC2)CC1
C1CCC(C2CC(CCCC3CCCC4CCCCC43)CC(C3CCCC3)C2)CC1
C1CCC(CCCC2CCCC(CC3CC(C4CCCCC4C4CC4)C4CCCCC34)C2)CC1
C1CCC(CC2CC3CCC(C4CCCCC4C4CCCCC4)CC3C(C3CCCCC3)C2)CC1
C1CCC(C2CCC(CC3CCC4CCCC4C3)CC2)CC1
C1CCC(CC2CCC3CC(CC4CCC(CC5CCCC5)CC4)CCC23)CC1
C1CCC(C2CCCC(CCC3CCCC(C4CC4)C3)C2)CC1
C1CCC(CC2CCC(C3CC(C4CCCCC4)C4CCCCC34)CC2)CC1
C1CCC(CCC2CCC(C3CCCC(CCC4CCCCC4)C3)CC2)CC1
C1CCC(CC2CCCCC2CC2CCC(CCCCC3CCCC(CC4CCC4)C3)CC2)CC1
C1CCC(CC2CCC(CCC3CCCC(C4CCCCC4)C3)CC2)CC1
C1CCC(CC2CCC(C3CCCCC3C3CCCCC3)CC2)CC1
C1CCC(CC2CC(C3CCC4CCCCC43)CC3CCCCC32)CC1
C1CCC(CC2CCC(C(CCC3CCCC(C(C4CCCCC4)C4CC4)C3)C3CCCCC3)CC2)CC1
C1CCC(CCC2CCC(C3CCCCC3C3CCC4C(CCCC4C4CC4)C3)CC2)CC1
C1CCC(C2CCCCC2C2CCC(CC3CCC(CC4CCCC4)CC3)CC2C2CCCCC2)CC1
C1CCC(CC(C2CCCCC2)C2CC(C3CCCCC3)CC(C3CCCC3)C2)CC1
C1CCC(C2CCC(C3CCCCC3C3CCCCC3C3CCCCC3)CC2)CC1
C1CCC(CC2CCC3CCC(CC4CCCCC4)C3C2)CC1
C1CCC(C2CCCC(C3CCC(C4CCCC4)CC3)C2)CC1
C1CCC(CCCC2CCC(C3CCCCC3)CC2C2CCCCC2)CC1
C1CCC(CCC2CCCC(C3CCC(C4CC5CCCCC5C4)CC3)C2)CC1
C1CCC(CC2CCCC(C3CCCCC3)C2)CC1
C1CCC(CCC2CCCC(C3CCCCC3)C2)CC1
C1CCC(CC2CCC(C3CCCCC3C3CCCCC3C3CCCC3)CC2)CC1
C1CCC(CCCC2CCCC(CC3CCCC3)C2)CC1
C1CCC(CCCC2CCC(C3CCCCC3C3CCCCC3)CC2)CC1
C1CCC(C2CCCC(C3CCCCC3)C2)CC1
C1CCC(C2CCCC(CC3CCC4CCCCC4C3)C2)CC1
C1CCC(CCC2CCCCC2CCCC2CCCC(CC3CCCCC3)C2)CC1
C1CCC(CC2CCCCC2)CC1
C1CCC(CCC2CC(CC3CCCCC3)CCC2CC2CCCCC2)CC1
C1CCC(CC2CCCC(CC3CCCC(CC4CCC5CCCCC54)C3)C2)CC1
C1CCC(CC2CCC(CCCC3CC4CCCCC4C3)CC2)CC1
C1CCC(CC2CCCC(C3CCCCC3)C2)CC1
C1CCC(CC2CC(C3CCCC(C4CCCCC4)C3)C3CCCCC23)CC1
C1CCC(C2CCC(C3CCCC3)CC2CC2CCCC2)CC1
C1CCC(C2CCCC(CC3CCC4C(CCCC4C4CCCCC4)C3)C2)CC1
C1CCC(C2CCCCC2C2CCCCC2C2CCCCC2C2CCC3CCCC3C2)CC1
C1CCC(CC2CCC3CCCC(C4CCC5CCCCC5C4)C3C2)CC1
C1CCC(CC2CCCC(C3CCCCC3CC3CCCCC3)C2)CC1
C1CCC(CCC(CCC2CCCCC2)C2CCC(CC3CCCCC3)CC2)CC1
C1CCC(CC2CC(C3CCCC(C4CCCCC4)C3)C3CCCCC23)CC1
C1CCC(CCC2CC(CC3CCC(C4CCC(C5CCCC5)CC4)CC3)C3CCCCC23)CC1
C1CCC(C2CCCC(CC3CC(C4CCCCC4)CC(C4CCCC4)C3)C2)CC1
C1CCC(CC2CCC3C(C2)C(CCCCC2CCCC2)CC3C2CCC(C3CC3)CC2)CC1
C1CCC(C2CCCC(CC3CCCC(C4CCCC(C5CCCCC5)C4)C3)C2)CC1
C1CCC(CC2CCCC(C3CCCC(CCCC4CCCC4)C3)C2)CC1
C1CCC(C2CCCCC2C2CCC3CCCC3C2)CC1
C1CCC(CC2CCC(C3CCCCC3)CC2)CC1
C1CCC(C2CCCC3CC(C4CCCCC4C4CCCC(C5CCCC5)C4)CCC32)CC1
C1CCC(C2CCC(C3CCC(C4CCCC(C5CCCCC5)C4)CC3)CC2)CC1
C1CCC(C2CCC(CC3CCC(C4CCC4)CC3)CC2C2CCC3CCCC3C2)CC1
C1CCC(CC2CCCCC2CC2CC(C3CCCCC3)C3CCCCC23)CC1
C1CCC(CCCCCC2CCC(C3CCCCC3)CC2)CC1
C1CCC(CC2CCCC(CCCCC3CCC(C4CCCC4)CC3)C2)CC1
C1CCC(CCCCCC2CCC(CC3CCCCC3)CC2)CC1
C1CCC(CCCC(CCC2CCCCC2)C2CCCCC2)CC1
C1CCC(C2CCCC(C3CCCCC3)C2)CC1
C1CCC(C2CCC3C(C4CCCCC4)CC(C4CCCCC4)C3C2)CC1
C1CCC(C2CCCC(CC3CCC4CC(C5CCCC5)CCC4C3)C2)C1
C1CCC(CCCC2CCCC(C3CCCCC3)C2)CC1
C1CCC(CC2CC(C3CCCCC3)C3CCCCC23)CC1
C1CCC(CCCCC2CC(CCC3CCCCC3)CC(C3CCCCC3)C2)CC1
C1CCC(CC2CCCC(CCC3CCC(C4CCCCC4)CC3)C2)CC1
C1CCC(C2CCCC(CCC3CCCCC3C3CCCCC3)C2)CC1
C1CCC(CCC2CCC(CCC3CCCCC3C3CCC(CC4CCCCC4)CC3)C2)CC1
C1CCC(CC2CCCC(C3CCCCC3CC3CCCCC3)C2)CC1
C1CCC(C2CCCC(C3CCCCC3)C2)CC1
C1CCC(C2CCCCC2C2CCC3C(CCC3C3CCCCC3)C2)CC1
C1CCC(C2CC(C3CCCCC3)C(C3CCC(CCC4CCCC4)CC3)C(C3CCCCC3)C2)CC1
C1CCC(CC2CCC(CC3CCC(C4CCCC(C5CCCCC5)C4)CC3)CC2)CC1
C1CCC(CC2CCCC(C3CCCCC3)C2)CC1
C1CCC(CC2CCCC(C3CCC(CC4CCCC4)CC3)C2)CC1
C1CCC(C2CCC(C3CCCCC3C3CCC4C(CCC4C4CCCCC4)C3)C2)CC1
C1CCC(CCC2CCCCC2CC2CCCCC2)CC1
C1CCC(CC2CC(C3CCCC(C4CCCCC4)C3)CCC2C2CCCCC2)CC1
C1CCC(C2CC(C3CCC4CCCCC43)CC3CCCCC32)CC1
C1CCC(C2CCCC(C3CCCCC3)C2)CC1
C1CCC(CC2CCCC(CC3CCCCC3C3CCCCC3)C2)CC1
C1CCC(CC2CCC(CC3CCCCC3)CC2)CC1
C1CCC(CC2CCCC(C3CCCC(C4CCCCC4C4CCC5CCCCC5C4)C3)C2)CC1
C1CCC(CCC2CCCCC2CCC2CCCC(C3CCCCC3)C2)CC1
C1CCC(CC2CCC(CCC3CCC(CCC4CCC(CC5CCCCC5)CC4)CC3)CC2)CC1
C1CCC(C2CC(C3CCCC(C4CCCC4)C3)CC(C3CCCC3)C2C2CCCCC2)CC1
C1CCC(C2CCCC(CC3CCC4CCCCC43)C2)CC1
C1CCC(C2CCC(C3CCC(CCC4CCCC(C5CCCCC5)C4)CC3)CC2)CC1
C1CCC(CCC2CCC(CC3CCC(C4CCCC(C5CC5)C4)CC3C3CCCCC3)CC2)CC1
C1CCC(CC2CCC(C3CC3C3CCCCC3C3CCCCC3)CC2)CC1
C1CCC(CC2CCCCC2)CC1
C1CCC(CCC2CCC(CC3CCCCC3)CC2)CC1
C1CCC(CC2CCC(C3CCCCC3)CC2)CC1
C1CCC(C2CCC(CCC3CCC4CCCCC43)CC2)CC1
C1CCC(CCCCC2CCC3C(CC4CCCCC4)CCCC3C2)CC1
C1CCC(CCCC2CCC(CC3CCCCC3)CC2)CC1
C1CCC(CC2CCC(C3CCCCC3)CC2)CC1
C1CCC(C2CCC(C3CCC(CCCCC4CCCC(C5CCCCC5)C4)CC3)CC2)CC1
C1CCC(CCC2CCCC(CCC3CCCC(CC4CCCCC4)C3)C2)CC1
C1CCC(CCC2CCCC(C3CCCC(C4CCCCC4)C3)C2)CC1
C1CCC(CCC2CCCC(C3CCCCC3)C2)CC1
C1CCC(CCCCCC2CCC(CC3CCC(C4CCCCC4)CC3)CC2)CC1
C1CCC(C2CCCC(C3CCCC4CC(C5CCCCC5C5CCCC5)CCC43)C2)CC1
C1CCC(C2CCC(C3CCC(CC4CCC(CC5CC5)CC4)CC3)CC2)CC1
C1CCC(CC2CC(CCC3CCC(C4CCCCC4)CC3)C3CCCCC23)CC1
C1CCC(CC2CCC3CC(C4CCC5CCCCC54)CCC3C2)CC1
C1CCC(CC2CCCC(C3CCCCC3)C2)CC1
C1CCC(CC2CCCCC2C2CC(CCC3CC4CCCCC4C3)C3CCCCC32)CC1
C1CCC(CC2CCC(CCC3CCC(CCCCCC4CCC5CCCCC5C4)CC3)CC2)CC1
C1CCC(C2CCCCC2C2CCC(CC3CCCCC3C3CCCC3)CC2)CC1
C1CCC(CC2CCC(CC3CCC4C(CCC4C4CCCCC4)C3)CC2)CC1
C1CCC(CC2CCCC(C3CCCCC3C3CCCCC3)C2)CC1
C1CCC(C2CCC(C3CCC(C4CCCC(C5CCCC5)C4)CC3)CC2C2CCC(CC3CCCC3)CC2)CC1
C1CCC(CCCCC2CCCCC2)CC1
C1CCC(CCC2CCCCC2)CC1
C1CCC(CCCCC2CCCC3CC(C4CCCCC4)CCC23)CC1
C1CCC(CCCC2CCCC(C3CCCC(C4CCCCC4)C3)C2)CC1
C1CCC(CCCC2CCCCC2)CC1
C1CCC(CC2CCCC(C3CCCCC3CC3CCCCC3)C2)CC1
C1CCC(C2CCCC(CC3CC3)C2)CC1
C1CCC(CC2CCCC(C3CCCCC3)C2)CC1
C1CCC(CC2CCCC(CCC3CCC(CC4CCCC5CCCCC54)CC3)C2)CC1
C1CCC(C2CC(C3CCC(C4CC(C5CCCCC5)C5CCCCC45)CC3)C2)CC1
C1CCC(CCC2CCC(CCC3CCCCC3)C(C3CCCCC3)C2)CC1
C1CCC(CCCC2CCC(C3CCCCC3CC3CCC4CCCC4C3)CC2)CC1
C1CCC(CC2CCC(C3CCCCC3CC3CCCCC3)C2)CC1
C1CCC(CCC2CCC(CCCC3CCCCC3C3CCCCC3CC3CCCCC3)CC2)CC1
C1CCC(CC2CC(C3CCCCC3)CC(C3CCCC3)C2)CC1
C1CCC(CC2CCC(CCC3CCC(C4CCCC(CC5CCCCC5)C4)C3)CC2)CC1
C1CCC(C2CCC(CCC3CCCC(C4CCCCC4)C3)CC2)CC1
C1CCC(CCCC2CC(CC3CCCCC3)CCC2CC2CCCC(CC3CCCCC3)C2)CC1
C1CCC(C2CCC(CC3CCC(CC4CCCC(C5CCCCC5)C4)CC3)CC2)CC1
C1CCC(CC2CC(CCC3CCC(C4CCC5CCCC5C4)CC3)C3CCCCC23)CC1
C1CCC(C2CCC(C3CCCCC3)C(C3CCCCC3)C2)CC1
C1CCC(C2CCCCC2)CC1
C1CCC(C2CCC(C3CCCCC3)CC2)CC1
C1CCC(C2CCC(CC3CCC(C4CCCC(C5CCC(CC6CCCC6)CC5)C4)CC3)CC2)CC1
C1CCC(CC2CCC(C3CCCC(CC4CCC(C5CC(C6CCCCC6)C5)CC4)C3)CC2)CC1
C1CCC(CC2CCC(C3CCCCC3)CC2C2CCCC2)CC1
C1CCC(C2CCCC(CC3CCCC(C4CCCCC4)C3)C2)CC1
C1CCC(CC2CCCC(C3CCCCC3)C2)CC1
C1CCC(CC2CCC(C3CC(C4CCCCC4)C4CCC(C5CCCCC5)CC34)C2)CC1
C1CCC(CC2CCCC(C3CC4CCCCC4C3)C2)CC1
C1CCC(CC2CCC(C3CCCC(CCC4CCCC(C5CC5)C4)C3)CC2)CC1
C1CCC(CC2CCCCC2)CC1
C1CCC(CC2CCCCC2)CC1
C1CCC(CC2CCC(CCC3CCCCC3C3CCC4CCCCC4C3)CC2)CC1
C1CCC(CCCC2CC(C3CCCCC3)C3CCC(C4CCCCC4)CC23)CC1
C1CCC(CCC(CC2CCCC2)C2CCC(CC3CCCCC3)CC2)CC1
C1CCC(CCCCCC2CCC(CC3CCC(C4CCCCC4)CC3)CC2)CC1
C1CCC(CCC2CCC(CC3CCCCC3)CC2)CC1
C1CCC(CCC2CCCC(CC3CCCCC3)C2)CC1
C1CCC(CC2CCCC(C3CCCCC3)C2)CC1
C1CCC(CCCCC2CCCC(CC3CCCCC3)C2)CC1
C1CCC(C2CCC(C3CCCCC3)CC2)CC1
C1CCC(CC2CCC(CC3CCC(C4CCCCC4)CC3)CC2)CC1
C1CCC(CC2CCC3CCCC3C2)CC1
C1CCC(CC2CCCC(C3CCCC(C4CCCCC4)C3)C2)CC1
C1CCC(C2CCCC(CC3CCCC(CCCC4CCCCC4C4CCCC4)C3)C2)CC1
C1CCC(CCCCC2CCC(CCC3CCCCC3)C(CC3CCCCC3)C2)CC1
C1CCC(CC2CCC(C3CCC(C4CCCCC4)CC3)CC2)CC1
C1CCC(CCC2CCCC(C3CCCCC3)C2)CC1
C1CCC(CCC2CCC(CC3CCC(CC4CC5CCCCC5C4)CC3)CC2)CC1
C1CCC(C2CCCCC2C2CCCC(CC3CC4CCCCC43)C2)CC1
C1CCC(CC2CCCC(CC3CCCCC3C3CCCCC3)C2)CC1
C1CCC(CCCC2CCC(CC3CCC(CC4CCCC4)CC3)CC2)CC1
C1CCC(CC(C2CCCCC2)C2CCCC(C3CCCCC3)C2)CC1
C1CCC(C2CCCC(C3CCCC(C4CCCCC4)C3)C2)CC1
C1CCC(CC2CCCC(C3CCC(C4CCC4)CC3)C2)CC1
C1CCC(CCCCCC2CCC(C3CCCCC3)CC2)CC1
C1CCC(CC2CCC(CC3CCC(C4CCCCC4)CC3)CC2)CC1
C1CCC(CC2CCC(CC3CCCC(C4CCCCC4)C3)CC2)CC1
C1CCC(C2CC3CCCCC3C(C3CCCCC3)C2)CC1
C1CCC(CCC2CC(C3CCCC3)CC(C3CCCC(CC4CCCCC4)C3)C2)CC1
C1CCC(CCCC2CCC3CCCCC3C2)CC1
C1CCC(CCC2CC(C3CCCCC3)C3CCCCC23)CC1
C1CCC(C2CCC(CC3CCCCC3C3CCCCC3)C2)CC1
C1CCC(CC2CCC(CC3CCCC(C4CCCC(C5CCCCC5)C4)C3)CC2)CC1
C1CCC(CC2CCCC(C3CCCCC3)C2)CC1
C1CCC(CCCC2CCCC(C(CC3CCCCC3)CC3CCC3)C2)CC1
C1CCC(CCCC2CCCC(C3CCCC(CC4CCCCC4)C3)C2)CC1
C1CCC(CC2CCC(CC3CCCCC3)CC2)CC1
C1CCC(CC2CCCC(C3CCCCC3)C2)CC1
C1CCC(CC2CCCC(C3CCCCC3C3CCCCC3)C2)CC1
C1CCC(CCC2CCC(C3CCC3)C(CC3CCCCC3)C2)CC1
C1CCC(CC2CCCC(C3CCCCC3)C2)CC1
C1CCC(CCC2CCCCC2CC2CCCCC2)CC1
C1CCC(CCCCC2CCC(CC3CCC(CCCCC4CCCCC4)CC3)CC2)CC1
C1CCC(C2CCCC(C3CC(CC4CC5CCCCC5C4)CCC3C3CCCC3)C2)CC1
C1CCC(CC2CCC(C3CC4CCCCC4C(C4CCCCC4)C3)CC2)CC1
C1CCC(CC2CCCC(CC3CCCCC3)C2)CC1
C1CCC(C2CC(C3CCCCC3)C3CCCCC23)CC1
C1CCC(C2CCCCC2C2CCCCC2C2CCC3CCCC3C2)CC1
C1CCC(CCCCC2CCC(CC3CCC(CC4CCCCC4)CC3)CC2)CC1
C1CCC(CCC2CCC(C3CCC4CCCCC4C3)CC2)C1
C1CCC(CC2CCC(C3CCC(CC4CCCCC4)C3)CC2)CC1
C1CCC(C2CCCC(C3CCCC(CCC4CCC(CC5CCCC5)CC4)C3)C2)CC1
C1CCC(C2CCCC(CC3CCCCC3C3CCCCC3)C2)CC1
C1CCC(CCC2CCCC(C3CCCC(C4CCC(C5CCCCC5)CC4)C3)C2)CC1
C1CCC(CCC2CC(C3CCCC(C4CCCCC4)C3)CC(C3CCCC3)C2C2CCCCC2)CC1
C1CCC(C2CCCC(CC3CCCC(C4CCCC4CC4CC4)C3)C2)CC1
C(CCCC1CCCC1C1CCCC(CCC2CCC(CC3CCCCC3)CC2)C1)CCC1CCCC1
C1CCC(CC2CCC(C3CCCCC3)C2)CC1
C1CCC(CCC2CCC(CC3CCCCC3)CC2)CC1
C1CCC(CCC2CCCC2C2CCCC(CC3CCCCC3)C2)CC1
C1CCC(CC2CCCCC2C2CCC3CCCCC3C2)CC1
C1CCC(CCC2CC(C3CCCC(C4CCCC4)C3)CCC2C2CCCCC2)CC1
C1CCC(CC2CCC(C3CCCC(CCC4CCC5CCCCC54)C3)CC2)CC1
C1CCC(C2CCC(CCCCC3CC4CCCCC4C3)CC2)CC1
C1CCC(C2CCCC3CCC(C4CCCCC4C4CCCC4)CC32)CC1
C1CCC(CCCC2CCC(CC3CCCCC3C3CCCCC3)CC2)CC1
C1CCC(C2CCC3C(CCCC3C3CCCCC3)C2)CC1
C1CCC(CC2CCC(C3CCCCC3C3CCCCC3)CC2)CC1
C1CCC(CCCCC2CCCC(C3CCCC(C4CCCCC4)C3)C2)CC1
C1CCC2CC(C3CCCC(CCC4CCC5CCCCC54)C3)CCC2C1
C1CCC(CCCCC2CCCCC2C2CCCCC2C2CCCCC2)CC1
C1CCC(CC2CCC(CCCC3CCCC3C3CCC(C4CCC(C5CCCCC5)CC4)CC3)CC2)CC1
C1CCC(CC2CCCCC2C2CCC(C3CC(CC4CCCCC4)C4CCCCC43)CC2)CC1
C1CCC(CCC2CCCC(C3CCCCC3)C2)CC1
C1CC(C2CCCC(CCC3CCC(CC4CCC(C5CCC6CCCCC65)CC4)CC3)C2)C1
C1CCC(C2CCCC(C3CCCCC3)C2)CC1
C1CCC(CC2CC(CC3CCCCC3)C3CCCCC23)CC1
C1CCC(C2CCC(CC3CC4CCCCC4C3)C(C3CCCCC3)C2)CC1
C1CCC(CCCCC2CCC(C3CCCCC3)C(CC3CCC3)C2)CC1
C1CCC(C2CCCC(C3CCCCC3)C2)CC1
C1CCC(CCC2CCCC(C3CCCCC3)C2)CC1
C1CCC(CC2CCCC(C3CCCC(CC4CCC5CCCCC54)C3)C2)CC1
C1CCC(C2CCCC(C3CCCC(C4CCCCC4)C3)C2)CC1
C1CCC(C2CCC(CC3CCCC(C4CCCCC4)C3)CC2)CC1
C1CCC(CC2CCCCC2C2CCCCC2C2CCCCC2C2CCCCC2)CC1
C(CCC1CCC(C2CCCCC2)CC1)CCC1CC2CCCCC2C1
C1CCC(CCC2CC(CC3CCCCC3)CC(C3CCCCC3)C2)CC1
C1CCC(CCCC2CCCCC2C2CCC(C3CCCCC3)CC2)CC1
C1CCC(CC2CCC(C3CCCC(C4CCCCC4)C3)CC2)CC1
C1CCC(C2CCC(CCCC3CCC(C4CCCCC4)CC3)CC2)CC1
C1CCC(CC2CCCCC2C2CCC(CC3CCCC(C4CCCCC4)C3)CC2)CC1
C1CCC(CC2CCC(CCCC3CCCC(CC4CCCCC4)C3)CC2)CC1
C1CCC(CCC2CC(C3CCCCC3)CC(C3CCCCC3)C2)CC1
C1CCC(C2CCC(C3CCCCC3)CC2)CC1
C1CCC(C2CCC(CCCCC3CCC(C4CCCCC4)CC3)CC2)CC1
C1CCC(CCC2CCCC3CC(C4CCCCC4CC4CCCCC4)CCC23)CC1
C1CCC(C2CCCC(C3CCCCC3C3CCC3)C2)CC1
C1CCC(CC2CCC(C3CCCCC3)C(C3CCCC3)C2)CC1
C1CCC(CC2CCC(CCC3CCCC(C4CCCCC4)C3)CC2)CC1
C1CCC(CC2CCCC(CCCCCC3CCCCC3CC3CCCCC3)C2)CC1
C1CCC(CC2CCC(C3CC(CC4CCCC(C5CCC5)C4)C4CCCCC43)CC2)CC1
C1CCC(CC2CC(C3CCCCC3)C3CC(CC4CCCC(CCCC5CC5)C4)CCC23)CC1
C1CCC(CC2CC(C3CCCCC3)CC(C3CCCC3)C2)CC1
C1CCC(CCCCC2CCC(C3CCCCC3)CC2)CC1
C1CCC(CC2CCCCC2C2CCC(C3CCCC3)CC2)C1
C1CCC(CC2CCCCC2C2CCC(C3CCCCC3)CC2)CC1
C1CCC(CC2CCCC(C3CCCC(C4CCCC4)C3)C2)CC1
C1CCC(CC2CCCC(CC3CC(C4CCC5CCCCC54)CC4CCCCC43)C2)CC1
C1CCC(CC2CCC(CC3CCCCC3)CC2)CC1
C1CCC(C2CCC(C3CCCC(C4CCCCC4)C3)CC2)CC1
C1CCC(CCCC2CCCC(CC3CCCCC3)C2)CC1
C1CCC(CC2CC(C3CCCCC3)C3CCCCC23)CC1
C1CCC(C2CCC(CC3CCC(C4CCCCC4C4CCCC4)CC3)CC2)C1
C1CCC(CCC2CCCCC2C2CCCCC2)CC1
C1CCC(CCCC2CCCC(CC3CC4CCCCC4C3)C2)CC1
C1CCC(CC2CCCC(C3CCCCC3)C2)CC1
C1CCC(C2CCC3CC(C4CCC5CCCCC54)CC(C4CCCC4C4CCCCC4)C3C2)CC1
C1CCC(CC2CCC(C3CCCC(C4CCCC4)C3)CC2)CC1
C1CCC(C2CCC(C3CCCC(CC4CCCCC4C4CCCCC4)C3)CC2)CC1
C1CCC(CC2CCCC(CC3CCCC(C4CCCC4)C3)C2)CC1
C1CCC(C2CC(CCC3CCCC(C4CCCCC4CC4CC4)C3)C3CCCCC32)CC1
C1CCC(C2CCC(C3CCCCC3)CC2)CC1
C1CCC(CCCC2CC(CC3CC3)CCC2C2CCCCC2)CC1
C1CCC(CCCC2CCC(C3CCCCC3)CC2)CC1
C1CCC(C2CCC(C3CCC4CCCCC43)CC2)CC1
C1CCC(CC2CC3CCC(C4CCC(C5CC5)CC4)CC3C(C3CCCCC3)C2)CC1
C1CCC(CC2CCC(CC3CCCCC3CC3CCCCC3)CC2)CC1
C1CCC(CC2CCC(C3CCCCC3)CC2)CC1
C1CCC(CCC2CCC(CC3CCC(C4CCC(CC5CCCCC5)CC4)CC3)CC2)CC1
C1CCC(C2CCCC(C3CCCC(CC4CCCC(C5CCC(C6CCCCC6)C5)C4)C3)C2)CC1
C1CCC(C2CCCCC2C2CCCC(CC3CCCCC3C3CCC4CCCCC4C3)C2)CC1
C1CCC(CC2CCC(CCCC3CC(C4CCCCC4)CC(C4CCCCC4)C3)CC2)CC1
C1CCC(CCC2CC(CCC3CCCCC3C3CCCC3)CC(CC3CC3)C2)CC1
C1CCC2CC(CCC3CCCCC3C3CCCCC3C3CCCC3)CC2C1
C1CCC(CC2CCCCC2CCC2CCC3CCCCC32)CC1
C1CCC(C2CCCC(CCCC3CC4CCCCC4C3)C2)CC1
C1CCC(C2CCCCC2C2CCCCC2)CC1
C1CCC(CC2CC3CCCCC3C(C3CCCCC3)C2)CC1
C1CCC(C(C2CCCC2)C2CCCC(C3CCC(CC4CC5CCCCC5C4)CC3)C2)CC1
C1CCC(CCCC2CCCC(C3CCCCC3)C2)CC1
C1CCC(CC2CCCCC2CC2CCCCC2)CC1
C1CCC(CC2CCC(C3CCCC(CC4CCCC(C5CCCC5)C4)C3)CC2)C1
C1CCC(CC2CCCCC2C2CCC3C(CCCC3C3CCC(C4CCCCC4)CC3)C2)CC1
C1CCC(CC2CCC(C3CCCCC3)CC2)CC1
C1CCC(CCCCCC2CCC(C3CCCCC3)CC2)CC1
C1CCC(CC2CCC(C3CCCC(CC4CCCC4)C3)CC2)CC1
C1CCC(C2CCCCC2CC2CC(C3CCC4CCCCC4C3)C3CCCCC23)CC1
C1CCC(CCC2CCC(CC3CCC(CC4CCCCC4)CC3)CC2)CC1
C1CCC(C2CCCC(C3CCCC(C4CCCCC4)C3)C2)CC1
C1CCC(CC2CCC3C(CCCC3C3CCCCC3CC3CCCCC3)C2)CC1
C1CCC(CC2CCC(CC3CCC(CCC4CCC(CC5CCCC5)CC4)CC3)CC2)CC1
C1CCC(CC2CCC(CC3CCCCC3C3CCC(CCCC4CC5CCCCC5C4)CC3)CC2)CC1
C1CCC(CCC2CCCC(C3CCCCC3)C2)CC1
C1CCC(CCC2CCC(C3CCCC(CC4CCCCC4)C3)CC2)CC1
C1CCC(CC2CCCCC2C2CCCC(C3CCCCC3)C2)CC1
C1CCC(CCC2CCC(C3CCCCC3)CC2CC2CCCC2)CC1
C1CCC(CC2CCC3CC(C4CCCCC4)CC(C4CCCCC4)C3C2)CC1
C1CCC(CCC2CCC(C3CCCCC3)CC2)CC1
C1CCC(CC2CCC(C3CCCCC3)CC2C2CCCCC2)CC1
C1CCC(CC2CCC(CCCCC3CCC(CC4CCC4)CC3)CC2)CC1
C(CCCC1CCCCC1)CCCC1CCC(C2CCCCC2)CC1
C1CCC(CC2CCCC(CC3CCCCC3)C2)CC1
C1CCC(C2CCC(CCC3CCCC(C4CCCCC4)C3)CC2)CC1
C1CCC(CC2CCC(C3CCCC(CCC4CCC5CCCCC5C4)C3)CC2)CC1
C1CCC(CCCCC2CCC(C3CCCCC3)CC2)CC1
C1CCC2CC(C3CCCC(C4CCCCC4C4CCC5CCCC5C4)C3C3CCC4CCCCC4C3)CCC2C1
C1CCC(CCC2CCC(CCC3CCC(CC4CCCCC4)CC3C3CCCCC3)CC2)CC1
C1CCC(C2CCC(C3CCCCC3)CC2)CC1
C1CCC(C2CCC(C3CCCC(CC4CC5CCCCC5C4)C3)CC2)CC1
C1CCC(C2CCC3CC(CC4CCCC5CCCCC54)CCC3C2)CC1
C1CCC(CCCCC2CC(C3CCCCC3)C3CCCCC23)CC1
C1CCC(CC2CCC(C3CCCCC3)CC2)CC1
C1CCC(C2CCC3CC(C4CCC5CCCCC54)CC(C4CCCCC4)C3C2)CC1
C1CC2CCC(C3CCCC3C3CCC(C4CCCC4)C(C4CCC5CCCC5C4)C3)CC2C1
C1CCC(CC2CC(C3CCC4CCCC(C5CCCCC5)C4C3)C3CCCCC23)CC1
C1CCC(CCCC2CCC(C3CCCCC3)CC2)CC1
C1CCC(CCCC2CC(CC3CCCCC3)CCC2C2CCCCC2)CC1
C1CCC(C2CCCCC2CC2CCCCC2C2CCC(C3CCCC3)CC2)CC1
C1CCC(C2CCC(CCCC3CC(CC4CCCC(C5CC5)C4)C4CCCCC34)CC2)CC1
C1CCC(CC2CCC(CC3CCC4CCCCC43)CC2)CC1
C1CCC(C2CCCC(C3CCC(CC4CCC5CCCC5C4)CC3)C2)CC1
C1CCC(CCC2CC(CC3CCCCC3)CCC2CC2CCCCC2)CC1
C1CCC(C2CCCC(C3CCC4CCCCC4C3)C2)CC1
C1CCC(C2CCCC(C3CCC4C(CCCC4C4CCCC4)C3)C2)CC1
C1CCC(CC2CCC(CCC3CCCC4CCCCC43)CC2)CC1
C1CCC(CC2CC(C3CCCCC3)CC(C3CCCCC3)C2)CC1
C(CC1CC2CCCCC2C1)CC1CCC2C(CCC2C2CCCC2)C1
C1CCC(CC2CCC(CC3CCCC(C4CCCC4)C3)CC2)CC1
C1CCC(C2CCCC(C3CCC4C(CCC4C4CCCC4)C3)C2)CC1
C1CCC(CCC2CCC(CCC3CCCCC3C3CCCCC3)CC2)CC1
C1CCC(C2CCC(C3CCCCC3)CC2)CC1
C1CCC(CCCC2CC(C3CCCCC3)CCC2CCC2CCCCC2)CC1
C1CCC(C2CCC3CC(C4CCC5CCCCC54)CCC3C2)CC1
C(CC1CCC(C2CCC2)CC1)CC1CCCC(CC2CCC(C3CCCC3)CC2)C1
C1CCC(C2CCCC(CC3CCCC(CC4CC5CCCCC5C4)C3)C2)CC1
C1CCC(CC2CCC(CC3CCCC(C4CCCCC4)C3)CC2)CC1
C1CCC(CC2CCC(CCC3CCCC(C(CC4CCCCC4)CC4CCCCC4)C3)CC2)CC1
C1CCC(CC2CCC(CC3CCC(C4CCC(C5CCCCC5)CC4)CC3)CC2)CC1
C1CCC(CCC2CCCC(C3CCC(CC4CCC(C5CCCCC5)CC4)CC3)C2)CC1
C1CCC(CCC2CC(CC3CCCCC3)CC(C3CCC4CCCCC43)C2CCC2CC2)CC1
C1CCC(C2CCCCC2CCCC2CC3CCCCC3C2)CC1
C1CCC(C2CCCC(C3CCC(C4CC4)CC3C3CCCCC3)C2)CC1
C1CCC(CC2CCC(C3CCCCC3C3CCCC3)C(C3CCCC3)C2)C1
C1CCC(C2CCC(CCCC3CCCCC3C3CCC4CCCC4C3)CC2)CC1
C1CCC(CC2CCCC3CC(C4CCCCC4C4CCCCC4)CCC23)CC1
C1CCC(CC2CCCCC2CC2CC3CCCCC3C2)CC1
C1CCC(C2CCCC(C3CCCCC3)C2)CC1
C1CCC(CC2CCC(CC3CCCCC3)CC2)CC1
C1CCC(CC2CC(C3CCCCC3)C3CC(C4CCCCC4)CCC23)CC1
C1CCC(CCCC2CCCC(C3CCCCC3)C2)CC1
C1CCC(CCCC2CCC(CC3CCCCC3)CC2)CC1
C1CCC(CC2CCC(CC3CCC(C4CCC5CCCCC5C4)CC3)CC2)CC1
C1CCC(CC2CCCCC2)CC1
C1CCC(CCC2CCC(C3CCCCC3)CC2)CC1
C1CCC(CC2CCC(CC3CCC(CC4CCCCC4)C3)CC2)CC1
C1CCC(C2CCCC(CC3CCC4CCCCC43)C2)CC1
C1CCC(CCC2CC(CC3CCCCC3)CC(C3CCCCC3)C2)CC1
C1CCC(CCC2CCCCC2C2CCCC(CC3CCCCC3)C2)CC1
C1CCC(CCCCC2CCC(C3CCCC(CCCCC4CCCCC4)C3)CC2)CC1
C1CCC(C2CCC(CC3CCC(C4CCCC(C5CCCCC5)C4)CC3)CC2)CC1
C1CCC(CC2CCCC(CC3CCC(CC4CCCCC4CC4CCCCC4)CC3)C2)CC1
C1CCC(CC2CCCCC2C2CCC(C3CCCC(C4CCCC4)C3)C2)CC1
C1CCC(C2CCC(CC3CCCCC3C3CCCCC3)CC2)CC1
C1CCC(C2CCC(C3CCC(C4CCCC(C5CCCCC5)C4)CC3)CC2)CC1
C1CCC(C2CCCC(C3CCC(C4CCCC5CCCCC54)CC3)C2)CC1
C1CCC(CCCCC2CCC(CCC3CCC(CC4CCCCC4)CC3)CC2)CC1
C1CCC(CCCC2CCCC(CC3CCCCC3)C2)CC1
C1CCC(C2CCCC(C3CCCC(CC4CCC5CCCCC54)C3)C2)CC1
C1CCC(CC2CC(CC3CCCCC3)CC(C3CCCC(C4CCCCC4)C3)C2)CC1
C1CCC(CCCC2CCC(CCC3CCCCC3)CC2)CC1
C1CCC(CC2CCCCC2C2CCC3CCC(C4CCC(C5CCC5)CC4)CC32)CC1
C1CCC(CCC2CCCC(C3CCCCC3)C2)CC1
C1CCC(CC2CCC(C3CCCCC3CC3CCCCC3)CC2)CC1
C1CCC(CC2CCCCC2C2CCCCC2CC2CCCC(C3CCCC3)C2)CC1
C1CCC(CCCC2CCCC(C3CCCCC3)C2)CC1
C1CCC(C2CCCCC2CCCC2CCCC2)CC1
C(CC1CC1)CC1CCC(C2CCCC(C3CCCC3)C2)CC1
C1CCC(C2CCCCC2C2CCCCC2C2CCCC2)CC1
C1CCC(CC2CCC(C3CCCC(C(CC4CCCCC4)CC4CCCCC4)C3)CC2)CC1
C1CCC(CC2CCC(C3CCCCC3)C(C3CCC4CCCC4C3)C2)CC1
C1CCC(CCC2CCCC(C3CCC(C4CCCCC4)CC3)C2)CC1
C1CCC(C2CCCC(C3CCCCC3)C2)CC1
C1CCC(C2CCCCC2CCC2CCC(C3CCC3)CC2)CC1
C1CCC(CCC2CCC(C3CCCC(C4CCCCC4)C3)CC2)CC1
C1CCC(CC2CCC(C3CCCCC3)CC2C2CCCCC2)CC1
C1CCC(C2CCCC3CCC(CC4CCCCC4C4CCCC4)CC32)CC1
C1CCC(CCCCC2CCCC(C3CCC4CCCC4C3)C2)CC1
C1CCC(CC2CCCC(CC3CCCCC3)C2)CC1
C1CCC(CC2CCC(C3CCC(C4CCCCC4C4CCCC4)CC3)CC2)CC1
C1CCC(CC2CCC(CCC3CCCC(CC4CCCCC4)C3)CC2)CC1
C1CCC(C2CC(C3CCC(CC4CCCCC4C4CCCC(C5CC5)C4)CC3)C2)CC1
C1CCC(CCCC2CCCCC2C2CCC(CC3CCC(CC4CCCCC4)CC3)CC2)CC1
C1CCC(CCCC2CCCC(C3CCCCC3)C2)CC1
C1CCC(CCC2CCC(CC3CCCCC3)CC2C2CCCCC2)CC1
C1CCC(CC2CCCCC2)CC1
C1CCC(CC2CCCC(C3CCCCC3C3CCCCC3)C2)CC1
C1CCC(C2CCC(C3CCCC(CC4CC5CCCCC5C4)C3)CC2)CC1
C1CCC(CCC2CCC3CCC(C4CCCCC4)CC3C2)CC1
C1CCC(CC2CCC(CC3CCCCC3)CC2)CC1
C1CCC(C2CCC(C3CCCC(CC4CCC5CCCC5C4)C3)CC2)C1
C1CCC(CCC2CCC(CC3CCCCC3)CC2)CC1
C1CCC(CC2CCCCC2C2CCCC(C3CCC(C4CC4)CC3)C2)CC1
C1CCC(CCC2CC(C3CCC4CCCCC43)CC3CCC(C4CCCCC4)CC23)CC1
C1CCC(CC2CCCC(CC3CCC(C4CCCCC4)CC3)C2)CC1
C(CCC1CCC2CCCCC12)CC1CCCC(C2CCCC(C3CCCC3)C2)C1
C1CCC(C2CCC(C3CCC(C4CCC(C5CCC(CC6CCCC6)CC5)CC4)CC3)CC2)CC1
C1CCC(C2CCCCC2CCC2CCC(C3CCCC(CC4CC5CCCCC54)C3)CC2)CC1
C1CCC(CCCCC2CCC(CC3CCCCC3)CC2)CC1
C1CCC(CC2CC(CC3CCCC(C(C4CCCCC4)C4CCCCC4)C3)C3CCCCC23)CC1
C1CCC(CC2CCCC(C3CCCC(C4CCCCC4)C3)C2)CC1
C(CCCC1CCC(C2CCCCC2)CC1)CCC1CCCCC1
C1CCC(C2CCC3C(C4CCCC(C5CCCC5)C4)CC(C4CCCCC4)C3C2)CC1
C1CCC(C2CCC(CC3CCC(C4CCC5CCCCC5C4)CC3)CC2)C1
C1CCC(CC2CCC(CC3CCCC(C4CCCC4)C3)CC2)CC1
C1CCC(CC(C2CCCCC2)C2CCCC(CC3CCCC3)C2)CC1
C1CCC(C2CCCC(CC3CCCC(C4CCCCC4)C3)C2)CC1
C1CCC(CCC2CCCC(CCC3CCCCC3)C2)CC1
C1CCC(CC2CCC(CCC3CCCC(CCC4CC5CCCCC5C4)C3)CC2)CC1
C1CCC(CCCC2CCCC(CC3CC3)C2)CC1
C1CCC(C2CCCC(C3CCC4C(CCC4C4CCCCC4)C3)C2)CC1
C1CCC(C2CCCCC2)CC1
C1CCC(CC2CCC(C3CCCC(C4CCC(C5CCCCC5)CC4)C3)CC2)CC1
C(CCC1CC2CCCCC2C1)CC1CCCC(CC2CCC(CCC3CC4CCCCC4C3)CC2)C1
C1CCC(CCCC2CCCCC2)CC1
C1CCC(CC2CCC(C3CCCC(C4CCCCC4C4CCC4)C3)CC2)C1
C1CCC(CCC2CCC(CCC3CCC(CC4CCCCC4)CC3)CC2)CC1
C1CCC(C2CCCC(CC3CCCC(C4CCCCC4)C3)C2)CC1
C1CCC(CC2CCCC(C3CCCCC3)C2)CC1
C1CCC(CCC2CCCCC2C2CCCC(CC3CCCCC3)C2)CC1
C1CCC(CCCC2CCCCC2)CC1
C1CCC(C2CCCC(CC3CCCC(C4CCCC4)C3)C2)CC1
C1CCC(CC2CCC(C3CCCCC3)CC2)CC1
C1CCC(C2CCCCC2C2CCC3CCCC3C2)CC1
C1CCC(CC2CC3CCC(C4CCC(C5CCCCC5)CC4)CC3C(C3CCCCC3)C2)CC1
C1CCC(CC2CCC(CC3CCCCC3)C(C3CCCC3)C2)CC1
C1CCC(CCC2CCCCC2C2CC(C3CCCC3)C3CCCCC32)CC1
C1CCC(CC2CCCC(C3CCCC(CC4CCCCC4)C3)C2)CC1
C1CCC(CC2CCC(C3CCCCC3)C(C3CCC(C4CCCCC4)CC3)C2)CC1
C1CCC(CCC2CCC(CC3CCCCC3)C(C3CCCC3)C2)CC1
C1CCC(C2CCCCC2C2CCCCC2)CC1
C1CCC(C2CCCC(C3CCC(C4CCCCC4C4CCC5CCCCC5C4)CC3)C2)C1
C1CCC(C2CCC(C3CC4CCCCC4C(C4CCCCC4)C3)CC2)CC1
C1CCC(C2CCC(C3CC3)CC2C2CCCCC2)CC1
C1CCC(CCCC2CCC(C3CCCCC3)CC2)CC1
C1CCC(C2CCCC(CCC3CCC(C4CCCC(C5CCCCC5)C4)CC3)C2)CC1
C1CCC(C2CCCCC2C2CCCC(CC3CC4CCCCC4C3)C2)CC1
C1CCC(CCC2CCCC(C3CCC(C4CCC4)CC3)C2)CC1
C1CCC(C2CCCC(C3CCCC(C4CCCCC4)C3)C2)CC1
C1CCC(CCCC2CCCC(C3CCC(C4CCCC4)CC3)C2)CC1
C1CCC(CC2CCC(C3CCCCC3)CC2)CC1
C1CCC(CCCCC2CCCC(C3CCC(CC4CCCCC4)CC3)C2)CC1
C1CCC(CCCCC2CCCC(C3CCC(C4CCC(CC5CC6CCCCC65)CC4)CC3)C2)CC1
C1CCC(CC2CCCC(C3CCCCC3CC3CCCCC3)C2)CC1
C1CCC(C2CCC(C3CCC(C4CCC(C5CCCCC5)CC4)CC3)CC2)CC1
C1CCC(CC2CCCC(CCCCCC3CCC(CC4CCC(C5CC5)CC4)CC3)C2)CC1
C1CCC(C2CCCCC2CC2CCC3CCCCC3C2)CC1
C1CCC(CC2CC(C3CCCCC3)CCC2C2CCCCC2)CC1
C1CCC(CC2CCC(CC3CCC4CCCCC4C3)CC2)CC1
C1CCC(CCCC2CCC(CC3CCC(CCC4CCCCC4)CC3)CC2)CC1
C1CCC(CCCCC2CCCC(C3CCCCC3)C2)CC1
C1CCC(CCC2CCC(CC3CCCCC3)CC2)CC1
C1CCC(C2CCCC(C3CCCCC3)C2)CC1
C1CCC(C2CCCCC2C2CCCCC2C2CCC3CCCCC3C2)CC1
C1CCC(C2CCC(CCCC3CCCCC3C3CCC(C4CCCC4)CC3)CC2)CC1
C1CCC(CC2CC(C3CCCCC3)CC(C3CCC(C4CCC5CCCCC54)CC3)C2)CC1
C1CCC(C2CCC(CCC3CCC(CCCC4CCC(CC5CCC(C6CCCC6)CC5)CC4)CC3)CC2)CC1
C1CCC(CC2CCC(C3CCCCC3)C(CC3CCCC(C4CCCC4)C3)C2)CC1
C1CCC(C2CCCCC2CC2CCC3CCCCC3C2)CC1
C1CCC(CCC2CCCC(C3CCCCC3)C2)CC1
C1CCC(CCC2CC(CC3CC3)CC(C3CC4CCCCC4C3)C2)CC1
C1CCC(CCC2CC(C3CCCCC3)CC(CC3CCC(C4CCCCC4)CC3)C2C2CCCC2)CC1
C1CCC(CCCC2CCC(CC3CCC(C4CCCC4)CC3)CC2)CC1
C1CCC(CC2CCC(CC3CC(C4CCCCC4)C4CCC(CC5CCCCC5)CC34)CC2)CC1
C1CCC(C2CCCC(CC3CCC(C4CCC5CCCCC5C4)CC3)C2)CC1
C1CCC(CCCCC2CCCC(CCC3CCC(C4CCCCC4)CC3)C2)CC1
C1CCC(C2CCCCC2C2CCC(C3CCCC(CCC4CC5CCCCC5C4)C3)CC2C2CCCCC2)CC1
C1CCC2CC(CC3CCCC(C4CCC(C5CCC(CC6CC6)CC5)CC4)C3)CCC2C1
C1CCC(CC2CCC(C3CCCCC3)CC2)CC1
C1CCC(CC2CCC(CC3CCCC(C4CCCCC4)C3)CC2)CC1
C1CCC(C2CCC(CC3CCC(C4CCCCC4)CC3)CC2)CC1
C1CCC(CC2CCCC(C3CCCCC3)C2)CC1
C1CCC(CCC2CCCC(C3CCCC(C4CC4)C3)C2)CC1
C1CCC(CCC2CCCC(C3CCCCC3)C2)CC1
C1CCC(CC2CCCC(C3CCCCC3CC3CCCCC3)C2)CC1
C1CCC(CC2CC(C3CCCCC3)CC(C3CC3)C2)CC1
C1CCC(C2CCC(C3CCCCC3)CC2)CC1
C1CCC(CCC2CCCCC2)CC1
C1CCC(CCC2CCC(C3CCCC(CC4CCCC4)C3)CC2)CC1
C1CCC(CCC2CC(CC3CCCCC3)CCC2CC2CCCCC2C2CCCC2)CC1
C1CCC(CC2CCC(C3CCCCC3)CC2)CC1
C1CCC(CC2CCCCC2CCC2CCCCC2C2CCC3CCCCC3C2)CC1
C1CCC(CC2CC(C3CCCCC3)CC(C3CCCCC3)C2)CC1
C1CCC(CCC2CCCC(C3CCCCC3)C2)CC1
C1CCC(CC2CCC(CCCC3CCCC(C4CC4)C3)CC2)CC1
C1CCC(CC2CCCCC2C2CCC(C3CCCC3)CC2)CC1
C1CCC(CC2CCC(C3CCCCC3)CC2)CC1
C1CCC(C2CCC(C3CCC(CC4CCC(CCC5CCCC(C6CCCC6)C5)CC4)C3)CC2)C1
C1CCC(CC2CC(C3CCCCC3)CCC2C2CCCCC2)CC1
C1CCC(C2CCC(C3CCC(C4CCC5CCCC5C4)CC3)CC2)C1
C1CCC(C2CCC(C3CCC(C4CC4)C(C4CCCCC4)C3)CC2)CC1
C1CCC(CC2CCCC(C3CCCCC3)C2)CC1
C1CCC(CCC2CCCC(C3CCCCC3)C2)CC1
C1CCC(C2CCC(C3CC3)C(CC3CCC(C4CCCC4)CC3)C2)CC1
C(CCCC1CCC(CC2CCCCC2)CC1)CCC1CCCCC1
C1CCC(C2CCCC(C3CCC(C4CCC5CCCCC54)CC3)C2)CC1
C1CCC(CCC2CC(CC3CC3)CCC2C2CCCCC2)CC1
C1CCC(C2CCCC(C3CCCCC3)C2)CC1
C1CCC(C2CCCC(CCC3CCC(C4CCCCC4C4CCCC4)CC3)C2)CC1
C1CCC(C2CCC3CCCCC3C2)CC1
C1CCC(CC2CCC(CC3CCCC(CC4CCC(C5CCCC5)C4)C3)CC2)CC1
C1CCC(CC2CCCCC2C2CCCCC2)CC1
C1CCC(C2CCCC(C3CCC(CCC4CCCC(C5CCC(C6CCCC6)CC5)C4)CC3)C2)CC1
C1CCC(CC2CCCC(C3CCCCC3)C2)CC1
C1CCC(CCC2CCC(C3CC3)CC2C2CCCCC2)CC1
C1CCC(CC2CC(CC3CCCCC3C3CCCCC3)C3CCCCC23)CC1
C1CCC(CC2CCC(C3CCC(CC4CCCC(C5CCCCC5)C4)CC3)CC2)CC1
C1CCC(CC2CCC(C3CCCCC3)CC2)CC1
C1CCC(CCCC2CCC(CCC3CCCCC3)CC2)CC1
C1CCC(CC2CCC(CC3CC4CCCCC4C3)CC2)CC1
C1CCC(CCC2CCCCC2CC2CCC(CC3CCCCC3)CC2CC2CCCCC2)CC1
C1CCC(CC2CC(C3CCCC(CC4CCC5C(CCC5C5CCCCC5)C4)C3)C3CCCCC23)CC1
C1CCC(CCC2CCC3C(CC4CCCCC4)CC(CCC4CCCCC4)C3C2)CC1
C1CCC(CCCCC2CCC(C3CCCCC3)CC2)CC1
C1CCC(CC2CCCC(C3CCCC(C4CCC(C5CCCCC5)CC4)C3)C2)CC1
C1CCC(C2CCCCC2CC2CCC(C3CCCC(CC4CCCC4)C3)CC2)CC1
C1CCC(C2CCC(C3CCC(CC4CC5CCCCC5C4)CC3)CC2)CC1
C1CCC(CC2CCCCC2)CC1
C1CCC(C2CCC3C(C4CCC(CC5CCCC5)CC4)CC(C4CCCCC4)C3C2)CC1
C1CCC(CC2CCCC(C3CCCC(C4CCCCC4)C3)C2)CC1
C1CCC(CC2CCCC2C2CCCCC2CCC2CCCCC2C2CCCC2)CC1
C1CCC(C2CCCC(C3CCC4C(CCC4C4CCCC4)C3)C2)C1
C1CCC(CC2CCC(CC3CCC(CCCCC4CCC(C5CCCC5)CC4)CC3)CC2)CC1
C1CCC(CCC2CCCCC2CC2CCC(C3CCC(CC4CCCCC4)C3)CC2)CC1
C1CCC(CC2CC(CC3CCCCC3)C3CC(C4CCCCC4)CCC23)CC1
C1CCC(CC2CCC(C3CC(C4CCC(C5CCC(CCC6CCCC6)CC5)CC4)C3)CC2)CC1
C1CCC(CCC2CCCCC2CC2CCC(CC3CCCCC3)C(C3CC3)C2)CC1
C1CCC(CC2CCCC(C3CCCC(C4CCCC(C5CCCC6CCCCC65)C4)C3)C2)CC1
C1CCC(C2CCC(CC3CCC(C4CCC5C(CCCC5C5CCCCC5)C4)CC3)CC2)CC1
C1CCC(C2CCCC(C3CCCCC3)C2)CC1
C1CCC(CCCC2CCC(C3CCCC(C4CC4)C3)CC2)CC1
C1CCC(CCC2CCC(CC3CCC(CC4CCCCC4)CC3)C(C3CCCC3)C2)CC1
C1CCC(CCC2CCC(CC3CCCCC3)CC2)CC1
C1CCC(CC2C(C3CCCCC3)CC(CC3CCC3)CC2C2CCC2)CC1
C1CCC(C2C3CCCCC3CC2C2CCCCC2C2CCC3CCCC3C2)CC1
C1CCC(CCC2CCCCC2)CC1
C1CCC(CC2CC(C3CCC(C4CCCCC4)CC3)C3CC(C4CC4)CCC23)CC1
C1CCC(CC2CC(C3CCCCC3)CCC2C2CCC(C3CCCC3)CC2)CC1
C1CCC(CCCC2CCC(CCC3CCCCC3)CC2)CC1
C1CCC2CC(CC3CCC(C4CCCCC4C4CCCCC4C4CCCC4)CC3)CC2C1
C1CCC(CC2CCC(CC3CCC(CC4CCCCC4)CC3)CC2)CC1
C1CCC(CCC2CCC(C3CCCCC3CC3CCCCC3C3CCCCC3)CC2)CC1
C1CCC(C2CCCC(C3CCC(C4CCC(C5CCCC5)CC4)CC3)C2)CC1
C1CCC(C2CCCCC2CC2CCC(CC3CCCC3)CC2)CC1
C1CCC(CCCC2CCCCC2)CC1
C1CCC(CC2CCC(C3CCCCC3)CC2C2CCCCC2)CC1
C1CCC(C2CCC(CCC3CCCCC3C3CCCCC3C3CCC4CCCCC4C3)CC2)C1
C1CCC(C2CC(CCCC3CCC4CCCCC4C3)CCC2C2CCCC2)CC1
C1CCC(CCCCC2CCC(CC3CCC(C4CCCC4)CC3)CC2)CC1
C1CCC(CC2CC(C3CCCC(C4CCCC4)C3)C3CCCCC23)CC1
C1CCC(CCC2CCCC(C3CCCC(C4CCCCC4)C3)C2)CC1
C1CCC(CC2CCC(CCC3CCC4CCCC4C3)CC2)CC1
C1CCC(C2CCC(CCC3CCCC(CCC4CC5CCCCC5C4)C3)CC2)CC1
C1CCC(CC2CCC(CCCCC3CCCCC3C3CCCCC3)CC2)CC1
C1CCC(CC2CCC(C3CCCC(CC4CCCCC4)C3)CC2)CC1
C1CCC(CCC2CCCCC2C2CCCCC2)CC1
C1CCC(C2CCCC(C3CC(C4CCCCC4)CC(C4CC4)C3)C2)CC1
C1CCC(C2CCC(CCCC3CCCC(C4CCCCC4)C3)CC2)CC1
C1CCC(C2CCC(CC3CCC(C4CCC4)CC3)CC2)CC1
C1CCC(CCC2CCC(C3CCC3)CC2)CC1
C1CCC(CC2CCCC(CC3CCC4CCCCC43)C2)CC1
C1CCC(CC2CCCC(C3CCC(C4CCCCC4)CC3)C2)CC1
C1CCC(C2CCC(C3CCCCC3)C(C3CCC4CCCC4C3)C2)CC1
C1CCC(CC2CC(C(C3CCCCC3)C3CCC(C4CCCC(C5CCCCC5)C4)C3)C3CCCCC23)CC1
C1CCC(CC2CCC(C3CCC(C4CCCCC4)CC3)C(C3CCCC3)C2)CC1
C1CCC(C2CC(CCC3CCC4CCCCC4C3)CC(C3CCCC3)C2)CC1
C1CCC(CC2CCC(C3CCCCC3)C(C3CCCCC3)C2)CC1
C1CCC(C2CCCCC2)CC1
C1CCC(C2CCCCC2)CC1
C1CCC(CC2CCC(C3CCCCC3)CC2)CC1
C1CCC(CC2CCCCC2)CC1
C1CCC(CC2CCC(CCCC3CCCC(C4CCCCC4)C3)CC2)CC1
C1CCC(CC2CCC(C3CCCCC3)C(CCC3CCC3)C2)CC1
C1CCC(CCC2CCCC(CCCC3CCC(C4CCCCC4)CC3)C2C2CCCCC2)CC1
C1CCC(CCCCCC2CCC(CC3CCCCC3)CC2)CC1
C1CCC(CC2CCCC(CC3CC(C4CCCC4)CCC3C3CCCCC3)C2)CC1
C1CCC(CCC2CCC(CC3CCCCC3)CC2)CC1
C1CCC(C2CCCC(C3CCCC(C4CCC(CC5CCC(C6CCCC6)CC5)CC4)C3)C2)CC1
C1CCC(CCC2CCC3CC(CC4CCCCC4)CCC23)CC1
C1CCC(C2CCC(C3CCCCC3C3CCC4CCCC4C3)CC2)CC1
C1CCC(C2CCCC(CCC3CCC(C4CCCCC4C4CCCCC4)CC3)C2)CC1
C1CCC(C2CCC(CC3CCC(CC4CCC5CCCCC54)CC3)CC2)CC1
C1CCC(C2CCC(CCCCC3CCC(C4CCCCC4)CC3)CC2)CC1
C1CCC(CC2CCCC(C3CCCCC3)C2)CC1
C1CCC(C2CCCC(C3CCCC(CCC4CCCC4)C3)C2)CC1
C1CCC(CC2CCC(CC3CCCCC3)CC2)CC1
C1CCC(CC2CCCC(C3CCCC(CCCC4CCCC(C5CCCCC5)C4)C3)C2)CC1
C1CCC(C2CCC(C3CCCCC3)CC2)CC1
C1CCC(CCCCC2CCC(C3CCCC(C4CCCCC4)C3)CC2)CC1
C1CCC(CC2CCCCC2CC2CCC(CC3CCC(C4CCCCC4)CC3)CC2)CC1
C1CCC(CCCC2CCC(CC3CCCCC3)CC2)CC1
C1CCC(CC2CCC(C3CCCCC3)CC2)CC1
C1CCC(C2CCCC(C3CCC(CCCC4CCC4)CC3)C2)CC1
C1CCC(CCC2CCCC(CC3CC3)C2)CC1
C1CCC(CCC2CCC(CC3CCCC(C4CCCCC4)C3)CC2)CC1
C1CCC(C2CCCC(C3CCCC4CCCCC43)C2)CC1
C1CCC(CC2CCC(CCCC3CC(CC4CCCC4)CC(CC4CCCC4)C3)CC2)CC1
C1CCC(CCCCCC2CCC(C3CCCCC3)CC2)CC1
C1CCC(C2CCCC(CCC3CCC(C4CCC4)CC3)C2)CC1
C1CCC(CC2CCCCC2CCCC2CCC3CCCCC3C2)C1
C1CCC(CCCC2CC(C3CCCCC3)CC(C3CCCCC3)C2)CC1
C1CCC(C2CCCCC2C2CCCCC2)CC1
C1CCC(C2CCC(CCC3CCCC(C4CCCCC4)C3)CC2)CC1
C1CCC(CCC2CC(CC3CCCCC3)C3CCC(C4CCCCC4)CC23)CC1
C1CCC(CCCC2CCC(CC3CCCCC3C3CCCCC3)CC2)CC1
C1CCC2CC(CCC3CCC(CCC4CCCCC4C4CCCC4)CC3)CC2C1
C1CCC(CCC(CC2CCCCC2)CC2CCCC(C3CCC4CCCC4C3)C2)CC1
C1CCC2CC(CCC3CC(C4CC4)CCC3C3CCC(C4CCCC(C5CCC6CCCCC65)C4)CC3)CC2C1
C1CCC(CC2CCC(C3CCCC(C4CCCCC4)C3)CC2)CC1
C1CCC(CC2CCC(CC3CCCCC3)CC2)CC1
C1CCC(CCCCCC2CCC(CC3CCCCC3)CC2C2CCC(C3CCCC3)CC2)CC1
C1CCC(CCC2CCCC(CC3CCC(CC4CCCCC4)CC3)C2)CC1
C1CCC(C2CC(C3CCCC3)CCC2C2CCCCC2C2CCC3CCCCC3C2)CC1
C1CCC(C2CCCC3CC(C4CCCC(CC5CC6CCCCC6C5)C4)CCC32)CC1
C1CCC(CC2CCC(C3CCCCC3)CC2)CC1
C1CCC(CCC2CCCC(CC3CCCCC3)C2)CC1
C1CC(CC2CCC(C3CCCC(C4CCCC4)C3)CC2)CC(CC2CC3CCCCC32)C1
C1CCC(C2CCCCC2C2CCCC(CC3CCCC3)C2)CC1
C1CCC(CCCC2CCC(CC3CCCCC3)CC2)CC1
C1CCC(CC2CC(C3CCCC(C4CCCCC4)C3)C3CCCCC23)CC1
C1CCC(C2CCC(C3CCC(C4CCCCC4)CC3C3CCCCC3)CC2)CC1
C1CCC(C2CCCC(CCC3CCCCC3C3CCCCC3)C2)CC1
C1CCC(CC2CCCC(CC3CCC(C4CCC(C5CC(C6CCCCC6)C5)CC4)CC3)C2)CC1
C1CCC(CCC2CCCCC2C2CCCCC2)CC1
C1CCC(CC2CC(CCCC3CC4CCCCC4C3)CCC2C2CCCCC2)CC1
C1CCC(CC2CCCC(C3CC4CCCCC4C3)C2)CC1
C1CCC(CCC2CCCC(C3CCCCC3)C2)CC1
C1CCC(C2CCCC(C3CCCC(CCCCC4CCC(CC5CCCC5)CC4)C3)C2)CC1
C1CCC(CC2CCC(CC3CCCCC3C3CCCC3)CC2)CC1
C1CCC(CC2CCC3CCC(CCC4CCCC(C5CC5)C4)CC32)CC1
C1CCC(CC2CCC(CC3CCC(C4CCCC4)CC3)CC2)CC1
C1CCC(CC2CC(C3CCC4CCCCC43)CC3CCCCC32)CC1
C1CCC(C2CCC(CC3CCC(C4CCCCC4C4CCCC4)CC3)CC2)CC1
C1CCC(CCCC2CCCC(C3CCCCC3)C2)CC1
C1CCC(C2CC(CC3CCCC4CCCCC43)CC(C3CCCCC3)C2)CC1
C1CCC(C2CCC3CC(C4CCCC4)CC(C4CCCCC4)C3C2)CC1
C1CCC(C2CCCCC2C2CCC(C3CCCC3)CC2)CC1
C1CCC(CC2CC(C3CCCCC3)C3CC(C4CCC5CCCCC54)CCC23)CC1
C1CCC(CCC2CCC(CC3CCCCC3C3CCCCC3)CC2)CC1
C1CCC(C2CCCC(C3CCCC3)C2)CC1
C1CCC(C2CCCC(C3CCC(CCC4CCCC4)CC3)C2)CC1
C1CCC(C2CCC(CCC3CCC3)C(C3CCCCC3)C2)CC1
C(CCC1CCC(CC2CCCCC2)CC1)CCC1CCC(CC2CCCCC2)CC1
C1CCC(CC2CC(C3CCCCC3)C3CCCCC23)CC1
C1CCC(CC2CCCCC2C2CC(C3CCC(C4CCCC4)CC3)C3CCCCC32)CC1
C1CCC(C2CCC3C(CCCC3C3CCC(C4CCCC5CCCCC54)CC3)C2)CC1
C1CCC(CCCC2CCC(C3CCCCC3)CC2)CC1
C1CCC(C2CCCC(C3CCC(CCC4CCCC(CCC5CCC6CCCCC65)C4)CC3)C2)CC1
C1CCC(CC2CCC(CCC3CCCC3)C(C3CCCCC3)C2)CC1
C1CCC(CCC2CCC(CC3CCC(CC4CC5CCCCC5C4)CC3)CC2)CC1
C1CCC(CC2CCC(CC3CCCCC3)CC2)CC1
C1CCC(CC2CCC(C3CCC(C4CCCCC4)CC3)CC2)CC1
C1CCC(C2CCC(CCC3CCC(C4CCCCC4)CC3C3CCCCC3)CC2)CC1
C1CCC(C2CCCC(CC3CC3)C2)CC1
C1CCC(C2CCC(C3CC(C4CCCCC4)C4CCCCC34)CC2)CC1
C1CCC(CCCC2CCC(CC3CCCCC3)CC2)CC1
C1CCC(C2CC(C3CCC(C4CCCCC4C4CCCC4)CC3)C2)CC1
C1CCC(CC2CCC(CC3CCCCC3)CC2)CC1
C1CCC(CC2CCCCC2C2CCC(C3CCCC3)CC2)CC1
C1CCC(C2CCC(C3CCCC(C4CCCC4)C3)CC2)CC1
C1CCC(CCC2CCCC(CC3CCCCC3)C2)CC1
C1CCC(CCCCC2CC(CC3CCCCC3)C3CCC(CCCC4CCCCC4)CC23)CC1
C1CCC(CC2CCCCC2C2CCC3C(CCCC3C3CCCCC3)C2)CC1
C1CCC(CCC2CCCC(C3CCCCC3)C2)CC1
C1CCC(CCC2CCC(CC3CCC(CC4CCC(CC5CCCCC5)CC4)CC3)CC2)CC1
C1CCC(CC2CCC(CC3CCCCC3)CC2)CC1
C1CCC(C2CCC(C3CCCCC3)C2CC2CCCCC2C2CCCC2)CC1
C1CCC(CC2CCC(C3CCCCC3)CC2)CC1
C1CCC(C2CCC(C3CC(CC4CCC5CCCCC5C4)C4CCCCC43)CC2)C1
C1CCC(CCCCCC2CCC(CC3CCCCC3)CC2)CC1
C1CCC(C2CCCC(C3CCC(CC4CCC(C5CCC6CCCCC6C5)C4)CC3)C2)CC1
C1CCC(CC2CCCC(C3CCC(C4CCCCC4)CC3)C2)CC1
C1CCC(CCC2CCC(C3CCCC(CC4CCC5CC(CCC6CC7CCCCC7C6)CCC54)C3)CC2)CC1
C1CCC(CCCC2CCC(C3CCCCC3)CC2)CC1
C1CCC(CC2CCCCC2CC2CCC3CCCCC3C2)CC1
C1CCC(CC2CCCC(C3CCCC(C(C4CCCCC4)C4CC4)C3)C2)CC1
C1CCC(CC2CCC(C3CC(C4CCCC(C5CCCC5)C4)C4CCCCC34)CC2)CC1
C1CCC(C2CC(C3CC3)CCC2CCCC2CC3CCCCC3C2)CC1
C1CCC(CCC2CCCCC2C2CCCC(C3CCCCC3)C2)CC1
C1CCC(C2CCC(CCC3CCCCC3C3CCCCC3)CC2)CC1
C1CCC(CC2CCCC(CCC3CCCC(C4CCCCC4)C3)C2)CC1
C1CCC(CC2CCC(CCC3CCCCC3C3CCCCC3)CC2)CC1
C1CCC(CC2CCCC(C3CC(CC4CCCCC4)CC(C4CCC4)C3)C2)CC1
C1CCC(CCC2CCCCC2C2CCCC(C3CCCCC3)C2)CC1
C1CCC(C2CCCC(CCC3CCC4CCCCC4C3)C2)CC1
C1CCC(CCC2CCCC(C3CCCCC3)C2)CC1
C1CCC(CCC2CCC(CC3CCCC(C4CCCC(C5CCCCC5)C4)C3)CC2)CC1
C1CCC(C2CCC(CC3CCC(C4CCCCC4)CC3)CC2)CC1
C1CCC(CC2CCCC(C3CCC(C4CCCCC4)CC3)C2)CC1
C1CCC(CCC2CCCC(C3CCCC(C4CCCCC4)C3)C2)CC1
C1CCC(CC2CCC(C3CCCC(C4CCCCC4C4CCCCC4)C3)CC2)CC1
C1CCC(C2CCCCC2C2CCCC(C3CCCC(CC4CC4)C3)C2)CC1
C1CCC(C2CCCC(C3CCCCC3)C2)CC1
C1CCC(C2CCCCC2C2CCCCC2CC2CC3CCCCC3C2)CC1
C1CCC(CC2CCC(CCCC3CCCC(C4CCCCC4)C3)CC2)CC1
C1CCC(CC2CCC(CC3CCCCC3)CC2)CC1
C1CCC(CCC2CCC(C3CCCCC3)CC2CCC2CCCCC2)CC1
C1CCC(CCC2CCC(CC3CCCC4CCCCC43)CC2)CC1
C1CCC(CC2CCC(CC3CCC(C4CCCC(CC5CCCCC5)C4)CC3)CC2)CC1
C1CCC(C2CCC(CC3CCC4CC(CC5CCCC5)CCC34)CC2)CC1
C1CCC(CCC2CCCC(CC3CC(C4CCCCC4)C4CCCCC34)C2)CC1
C1CCC(CCC2CCCCC2C2CCCC(C3CCCCC3C3CCCCC3)C2)CC1
C1CCC(C2CCCC3CC(C4CCCC(CC5CC6CCCCC65)C4)CC32)CC1
C1CCC(C2CCC(C3CCCCC3)CC2)CC1
C1CCC(CC2CCC(CC3CC4CCCCC4C3)CC2)CC1
C1CCC(CC2CC(C3CCCCC3)CC(C3CCCCC3)C2)CC1
C1CCC(CC2CCCCC2C2CCCCC2)CC1
C1CCC(C2CCCCC2C2CCCC(C3CCCC(C4CC4)C3)C2)CC1
C1CCC(CC2CCC(C3CCCC(C4CCCCC4)C3)CC2)CC1
C1CCC(CC2CCCCC2C2CCC(C3CCC4CCCCC43)CC2C2CCCC2)C1
C1CCC(CC2CCCC(C3CCCC(C4CCCC(C5CCCCC5)C4)C3)C2)CC1
C1CCC(C2CCCC(CCC3CCCC3)C2)CC1
C1CCC(CCC2CCC(C3CCC(C4CCCCC4)CC3CC3CCCCC3)CC2)CC1
C1CCC(CC2CCC(CC3CCCC(C4CCCCC4)C3)CC2)CC1
C1CCC(CC2CCCC(C3CCCC(CC4CCCCC4)C3)C2)CC1
C1CCC(C2CCC(CC3CCCC(C4CCCC4)C3)C2)CC1
C1CCC(CC2CCCC(CC3CCCC(C4CCCC4)C3)C2)CC1
C1CCC(CC2CCCC(C3CCCCC3)C2)CC1
C1CCC(C2CCC(C3CCC(C4CCCCC4C4CCCCC4)CC3)CC2)CC1
C1CCC(C2CCCC(C3CCC(C4CCCCC4)C(C4CCCCC4)C3)C2)CC1
C1CCC(CCC2CC(CC3CCCCC3)CCC2C2CCCCC2C2CCCCC2)CC1
C1CCC(C2CCC(C3CCCCC3)C(C3CCCC3)C2)CC1
C1CCC(C2CCC3CCC(C4CCCCC4)C3C2)CC1
C1CCC(CCCC2CCC(C3CCCC(CC4CCCCC4)C3)CC2)CC1
C1CCC(CC2CCC(CC3CCCCC3)C(CC3CCCCC3)C2)CC1
C1CCC(C2CCCC(C3CCCCC3)C2)CC1
C1CCC(CCC2CCC(C3CCCCC3)CC2)CC1
C1CCC(CC2CCC(CC3CCC(C4CCC5CCCCC5C4)CC3)CC2)CC1
C1CCC(CCC2CCCCC2C2CCC(C3CCCCC3)CC2C2CCC3CCCC3C2)CC1
C1CCC(CCC2CCCCC2)CC1
C1CCC(C2CCC(C3CCCCC3)CC2)CC1
C1CCC(CC2CCC(CC3CCCCC3CC3CCCCC3)CC2)CC1
C1CCC(CC2CCC(CC3CCCC(C4CCCC(C5CCCCC5)C4)C3)CC2)CC1
C1CCC(CC2CC(C3CCCCC3)CCC2C2CCC(C3CCCC3)CC2)CC1
C1CCC(CCC2CCC(CC3CCCCC3)CC2)CC1
C1CCC(C2CCC(C3CCCCC3)C(C3CCCCC3)C2)CC1
C1CCC(CCCC2CCC(C3CC3C3CCCCC3)CC2)CC1
C1CCC(CCC2CCCC(C3CCCCC3)C2)CC1
C1CCC(CC2CCCCC2C2CCC3C(CC4CCCCC4)CCCC3C2)CC1
C1CCC(CCC2CCCC(CC3CCC(CC4CCCCC4)CC3)C2)CC1
C1CCC(CCC2CCC(C3CCC(CCC4CCC(C5CCC6CCCC6C5)CC4)CC3)CC2)CC1
C1CCC(C2CCCCC2C2CCCC(CC3CC4CCCCC4C3)C2)CC1
C1CCC(CCCCC2CCC(C3CCC(CCC4CCC(C5CCCCC5)CC4)CC3)CC2)CC1
C1CCC(CC2CCCCC2C2CCC(C3CCCC3)CC2)CC1
C1CCC(C2CCC3CCCCC3C2)CC1
C1CCC(CC2CC(C3CCC4CCCCC43)CC3CCCCC32)CC1
C1CCC(CCC2CCC(CCC3CCCCC3)C(C3CC4CCCCC4C3)C2)CC1
C1CCC(CCC2CCC(C3CCCC(CC4CC5CCCCC54)C3)CC2)CC1
C1CCC(CC2CCC(CC3CCCCC3)CC2)CC1
C1CCC(CCCC2CCC(CC3CCC(CC4CCCCC4)CC3)CC2)CC1
C1CCC(CC2CCCC(C3CCC4CCCCC43)C2)CC1
C1CCC(C2CCCC(C3CCCCC3)C2C2CCCCC2)CC1
C1CCC(CCCC2CCCCC2C2CCCC(CC3CCCC3)C2)CC1
C1CCC(CCCCCC2CCC(C3CCCC(C4CCCCC4)C3)CC2)CC1
C1CCC(CC2CCCC(C3CCCCC3)C2)CC1
C1CCC(CC2CCCCC2CC2CCCC(C3CCCCC3)C2)CC1
C1CCC(C2CCC(CCCC3CCCCC3C3CCCCC3)CC2)CC1
C1CCC(C2CCCC(C3CCCCC3)C2)CC1
C1CCC(C2CCC(C(C3CCCCC3)C3CC3)CC2)CC1
C1CCC(CCC2CC(C3CCCCC3)C3CCCCC23)CC1
C1CCC(CC2CCCC(CCC3CCCC(C4CCCCC4)C3)C2)CC1
C1CCC(CCC2CCCC(C3CCCCC3)C2)CC1
C1CCC(CCCC2CCCC(CC3CCCCC3)C2)CC1
C1CCC(C2CCC3CCCCC3C2)CC1
C1CCC(C2CC(C3CCCC3)CC(C3CCCCC3C3CC3)C2C2CCCCC2)CC1
C1CCC(C2CCCC(CC3CCCCC3C3CCCCC3)C2)CC1
C1CCC(CCCC2CC3CC(C4CCCCC4C4CCCCC4)CCC3C(C3CCC3)C2)CC1
C1CCC(CC2CCCC(C3CC4CCCCC4C3)C2)CC1
C1CCC(CC2CCC3C(CC4CCCCC4)CC(C4CC5CCCCC5C4)C3C2)CC1
C1CCC(C2CCC3CCC(C4CCCCC4C4CCC5CCCC5C4)CC3C2)CC1
C1CCC(CCC2CCCC(CC3CCCCC3)C2)CC1
C1CCC(CCCC2CC(C3CCCCC3)CC(C3CCCC3)C2)CC1
C1CCC(C2CCCC(CCC3CCCC4CC(C5CCCCC5)CCC34)C2)CC1
C1CCC2C(C1)CCC2CC1CCC(CC2CC2)CC1C1CCCC1
C1CCC(C2CCCC(CCCC3CCC(C4CCCC(C5CCCCC5)C4)CC3)C2)CC1
C1CCC(C2CCC(CC3CCCCC3C3CCCCC3)CC2)CC1
C1CCC(CC2CCC(C3CCCCC3)CC2)CC1
C1CCC(C2CC(CCC3CCC(C4CCC4)CC3)CC(C3CCC3)C2)CC1
C1CCC(CCCC2CCCCC2)CC1
C1CCC(CC2CC(C3CCCCC3)CC(C3CCCC(CC4CCCC5CCCCC54)C3)C2)CC1
C1CCC(C2CCCC(C3CCC4CCCC4C3)C2)C1
C1CCC(CC2CCC(CC3CCCC(CC4CCCC4)C3)CC2)CC1
C1CCC(C2CCC(CC3CCCCC3C3CCCCC3)CC2)CC1
C1CCC(C2CCC(C3CCCCC3)C(C3CCCCC3)C2)CC1
C1CCC(C2CCC(CC3CCC(C4CCCC4)CC3)C(C3CCCCC3)C2)CC1
C1CCC(C2CCCC(C3CC4CCCCC4C3)C2)CC1
C1CCC(CC2CCC3C(CC4CCCCC4)CCC3C2)CC1
C1CCC(CC2CCCCC2)CC1
C1CCC(C2CCCCC2C2CCCCC2)CC1
C1CCC(CC2CCC(C3CCCC(C4CCC(CC5CCCCC5)CC4)C3)CC2)CC1
C1CCC(CC2CCCCC2C2CCC3C(CCCC3C3CCCC3)C2)CC1
C1CCC(CCC2CCC(C3CCCC(C4CCC(C5CCCCC5)CC4)C3)CC2)CC1
C1CCC(CCC2CCCCC2)CC1
C1CCC(C2CCC(C3CCCC(C4CCCCC4)C3)CC2)CC1
C1CCC(C2CCC(CCCC3CCCC(C4CCCCC4)C3)CC2)CC1
C1CCC(CC2CCC(C3CCCCC3)C(C3CCCCC3)C2)CC1
C1CCC(CC2CCC(C3CCCCC3CCCC3CCCC3)CC2)CC1
C1CCC(CC2CCC(C3CCCC(C4CCCC4)C3)CC2)CC1
C1CCC(CC2CC(C3CCCCC3)C3CCCCC23)CC1
C1CCC(CCC2CCCC(C3CCCCC3)C2)CC1
C1CCC(C2CCCC(C3CCCCC3)C2)CC1
C1CCC(CCC2CCCCC2C2CCC(C3CCCCC3)C(C3CCC4CCCC4C3)C2)CC1
C1CCC(C2CCCCC2C2CCC(C3CCCCC3C3CCCCC3)C2)CC1
C1CCC2CC(CC3CCC(CC4CCC(C5CCCCC5C5CCCC5)CC4)CC3)CC2C1
C1CCC(CC2CCCCC2C2CCCCC2)CC1
C1CCC(C2CCC(CC3CCCCC3C3CCCCC3)CC2)CC1
C1CCC(C2CCC3C(CCCC3C3CCCCC3)C2)CC1
C1CCC(CCCC2CCC(CCC3CCC(C4CCCC(C5CCC5)C4)CC3)CC2)CC1
C1CCC(CC2CCC(C3CCCC(C4CCCC4)C3)C(C3CCCC3)C2)CC1
C1CCC(CC2CCC(CCCCC3CCC(C4CCCC4)CC3)CC2)CC1
C1CCC(C2CCCCC2C2CCCC2C2CCC3CCCCC32)CC1
C1CCC(CCCC2CCCC(CCC3CCCCC3)C2)CC1
C1CCC(CCCCC2CCC(C3CCCC(C4CCCCC4)C3)CC2)CC1
C1CCC(CCC2CCC(C(C3CCCCC3)C3CCCCC3C3CCCC3)CC2)CC1
C1CCC(C2CCCCC2)CC1
C1CCC(C2CCCCC2C(C2CCCC2)C2CCCC(C3CC3)C2)C1
C1CCC(CC2CCCC2CCCC2CCC(C3CCCC(C4CCC4)C3)CC2)CC1
C1CCC(CCC2CCCCC2C2CCC(CC3CCCCC3)CC2)CC1
C1CCC(CCCC2CCC(C3CCCC(CC4CC5CCCCC5C4)C3)CC2)CC1
C1CCC(CCC2CCCC(CCC3CC4CCCCC4C3)C2)CC1
C1CCC(CCC2CCC(C3CCCCC3C3CCC4CCCCC43)CC2)CC1
C1CCC(CCCCC2CCC3C(CCCC3C3CCCCC3)C2)CC1
C1CCC(CC2CCC(CC3CCC4CCCC4C3)CC2)CC1
C1CCC(CC2CCCC(CCCC3CCC(C4CCCCC4)CC3)C2)CC1
C1CCC(C2CCC(CC3CCC(C4CCC(C5CCCC5)CC4)CC3)C2)CC1
C1CCC(C2CCC(C3CCCCC3)CC2)CC1
C1CCC(CCCCC2CC(C3CCCCC3)CCC2C2CCCCC2)CC1
C1CCC(C2CCC(C3CCC(CC4CCC(CC5CC6CCCCC6C5)CC4)CC3)CC2)CC1
C1CCC(CC2CCCC(C3CCCCC3)C2)CC1
C1CCC(CC2CCC(C3CCCCC3C3CCCCC3)CC2)CC1
C1CCC(CCCC2CCC(C3CCCCC3)CC2)CC1
C1CCC(C2CCC3CCCCC3C2)CC1
C1CCC(CCC2CCC(C3CCCCC3)CC2)CC1
C1CCC(C2CCC(C3CCC(C4CCCCC4)CC3)CC2)CC1
C1CCC(CC2CCCC(C3CCC(C4CCCCC4)CC3)C2)CC1
C1CCC(C2CCCC(CCC3CCCC3)C2)CC1
C1CCC(CC2CCCCC2C2CCCC(CC3CCCCC3C3CCCCC3)C2)CC1
C1CCC(C2CCC(C3CCCCC3C3CCCCC3)CC2)CC1
C1CCC(CC2CC(C3CCC(C4CCCCC4)CC3)C3CCCCC23)CC1
C1CCC(CC2CCCCC2C2CCCC(CCC3CCC(C4CCCCC4)CC3)C2)CC1
C1CCC(C2CCC(CCC3CCCC(C4CC4)C3)CC2)CC1
C1CCC(CCC2CCC(C3CCCCC3)CC2)CC1
C1CCC(C2CCC(C3CCCC(C4CC5CCCCC5C4)C3)CC2)CC1
C1CCC(CC2CCCC(C3CCCCC3)C2)CC1
C1CCC(C2CCCCC2C2CCCCC2C2CCCCC2CCCC2CCCC2)CC1
C1CCC(C2CCCCC2CCC2CCCC2C2CCCCC2)CC1
C1CCC(C2CCCCC2)CC1
C1CCC(CC2CCC(CC3CCC(C4CC(C5CCCCC5)C4)CC3)CC2)CC1
C1CCC(CCC2C(C3CCCCC3)CCC2C2CCC3CCCC3C2)CC1
C1CCC(CC2CC3CCCCC3C2)CC1
C1CCC(CC2CCCC(C3CCCCC3)C2)CC1
C1CCC(C2CCCC(C3CCCCC3)C2)CC1
C1CCC(CC(CCC2CCC(C3CCCCC3)CC2)(C2CCC2)C2CC2)CC1
C1CCC(CCC2CCC(C3CCCC3)CC2C2CCCCC2)CC1
C1CCC(C2CCCCC2CC2CCCCC2C2CCCCC2)CC1
C1CCC(C2CCCCC2C2CCC(CC3CCCC3)CC2)CC1
C1CCC2CC(C3CCC(CC4CCCCC4C4CCCC4)CC3)CC2C1
C1CCC(C2CCCCC2C2CCCCC2)CC1
C1CCC(CCCCCC2CCCC(CC3CCC4CCCC4C3)C2)CC1
C1CCC(CC(C2CCCCC2)C2CCCCC2)CC1
C1CCC(CC2CCCC(CCCC3CCC(C4CCCC4)CC3)C2)CC1
C1CCC(CC2CCCC(C3CCCCC3)C2)CC1
C1CCC(C2CCCC(CC3CC4CCCCC4C3)C2)CC1
C1CCC(CC2CC(C3CCC4CCCCC43)CC3CCCCC32)CC1
C1CCC(C2CCCC(C3CC(CC4CCC5CCCCC54)CC4CCCCC43)C2)CC1
C1CCC(CCCC2CCC(C3CCCCC3)CC2)CC1
C1CCC(CC2CCCC(CCCC3CCC(CCC4CCCC4)CC3)C2)CC1
C1CCC(CCC2CCC(CC3CCC(C4CCCCC4C4CCCC4)CC3)CC2)CC1
C1CCC(C2CCCC(CCC3CC4CCCCC4C3)C2)C1
C1CCC(CC2CC(C3CCCC(CC4CCCC(C5CCCC5)C4)C3)C3CCCCC23)C1
C1CCC(C2CCCC(C3CCCCC3C3CCCC3)C2)CC1
C1CCC(CCC2CCC(CC3CCCCC3)CC2)CC1
C1CCC(C2CCC(C3CCCCC3)C(C3CCCCC3)C2)CC1
C1CCC(C2CCC(C3CCCCC3C3CCCCC3)CC2)CC1
C1CCC(CC2CCCCC2CC2CCCC(C3CCCCC3)C2)CC1
C1CCC(C2CCCCC2C2CCC(C3CCCCC3C3CCCCC3)C2)CC1
C1CCC(CCCC2CCC(C3CCCCC3)CC2)CC1
C1CCC(CC2CCCC(C3CCCC(C4CCCCC4)C3)C2)CC1
C1CCC(CC2CCC(C3CCCC(CC4CCCC(C5CCCCC5)C4)C3)CC2)CC1
C1CCC(C2CCCCC2C2CCC3CCCCC3C2)CC1
C1CCC(C2CCC(C3CCCC(C4CCCC(CC5CC5)C4)C3)CC2)C1
C1CCC(CCCC2CCC3CC(C4CCC5CCCCC54)CC(C4CCCC4)C3C2)C1
C1CCC(CC2CCC(CCCC3CCCCC3CC3CC4CCCCC4C3)CC2)CC1
C1CCC(CC2CCCC(C3CCCCC3)C2)CC1
C1CCC(CCC2CCC(CC3CC(CC4CCCCC4)C4CCCCC34)CC2)CC1
C1CCC(CCCC2CCCCC2C2CCCC2)CC1
C1CCC(CCC2CCCC(C3CCCCC3)C2)CC1
C1CCC(CC2CCC(CC3CCCCC3)CC2)CC1
C1CCC(C2CCC(CCC3CCC4CCCC4C3)CC2)CC1
C1CCC(CC2CCC(C3CCCCC3)CC2)CC1
C1CCC(CCCC(C2CCCCC2)C2CCCC(C3CCCCC3)C2)CC1
C1CCC(C2CCC(C3CCCCC3)CC2)CC1
C1CCC(CCC2CC(CC3CCCCC3)CCC2C2CCC2)CC1
C1CCC(CCCC2CCCC(CC3CCCCC3)C2)CC1
C1CCC(CC2CCCCC2C2CCCC(CCC3CCC4CCCC4C3)C2)CC1
C1CCC(C2CCC(CC3CCC(CC4CCCC5CCCCC54)CC3)CC2)CC1
C1CCC(CC2CCC(C3CCCC(CC4CCCC(C5CCCCC5)C4)C3)CC2)CC1
C1CCC(C2CCCCC2)CC1
C1CCC(CC2CCC(C3CC(C4CCCC4)CCC3CC3CCC4CCCCC4C3)CC2)C1
C1CCC(CCC2CCC(C3CCCCC3)CC2)CC1
C1CCC(C2CCCC(CCC3CCC(C4CCCCC4)CC3C3CCCCC3)C2)CC1
C1CCC(CCC2CCC(C3CCCCC3)C(CC3CC4CCCCC4C3)C2)CC1
C1CCC(CCCC2CC(C3CCCCC3)CC(C3CCC3)C2)CC1
C1CCC(CC2CCC(CCC3CCCC(C4CCCCC4)C3)CC2)CC1
C1CCC(CCCC2CCC(CC3CCC(CC4CCCCC4)CC3)CC2)CC1
C1CCC(C2CCC(C3CCCC(C4CCC(C5CCCCC5)C5CCCC45)C3)C(C3CCCC3)C2)CC1
C1CCC(CC2CCCC(CC3CCCCC3)C2)CC1
C1CCC(C2CC3CCCCC3C(C3CCCCC3)C2)CC1
C1CCC(CCCC2CCC(CCCC3CCCC(C4CCCCC4)C3)CC2)CC1
C1CCC(CCC2CCC(C3CCCCC3C3CCC4C(CC5CC6CCCCC6C5)CCCC4C3)CC2)CC1
C1CCC(CCCCC2CCCC(CC3CCCCC3)C2)CC1
C1CCC(CC2CCCC(C3CCCCC3)C2)CC1
C1CCC(CC2CCCC2CC2CC(C3CC3)CCC2C2CCCC(C3CCCCC3)C2)CC1
C1CCC(CCC2CCCCC2C2CCC(C3CCCCC3)CC2C2CCCC2)CC1
C1CCC(CC2CC(C3CCCC(C4CCCC(C5CCCCC5)C4)C3)C3CCCCC23)CC1
C1CCC(CC2CCCCC2C2CCCCC2C2CCCCC2)CC1
C1CCC(C2CCC3CC(C4CCC5CCCCC54)CCC3C2)CC1
C1CCC(CCC2CCCC(C3CCCCC3C3CCCC3)C2)CC1
C1CCC(CC2CCCCC2C2CCC(CC3CCC(CC4CC4)CC3)CC2)CC1
C1CCC(CC2CCC(CCCCC3CCC(C4CCCC4)CC3)CC2)CC1
C1CCC(C2CCCC(CCCC3CCC4CCCC4C3)C2)CC1
C1CCC(CC2CCCC(CC3CCC(CC4CCC(C5CCCC5)CC4)CC3)C2)CC1
C1CCC(CCCC2CCC(C3CCCCC3C3CCCCC3)CC2)CC1
C1CCC(C2CCCC(C3CCCCC3C3CCC(C4CCC(CC5CCCC5)CC4)CC3)C2)CC1
C1CCC(CCC2CCC(C3CCCCC3CC3CCCCC3)CC2)CC1
C1CCC(C2CCCCC2C2CCCCC2)CC1
C1CCC(C2CCCC(CC3CCCCC3C3CCC4CCCC4C3)C2)CC1
C1CCC(C2CCC(C3CCCC3)CC2)CC1
C1CCC(CC2CCCC(CC3CCCC(CCCC4CCC(CC5CCCC5)CC4)C3)C2)CC1
C1CCC(C2CCCC(C3CCCCC3)C2)CC1
C1CCC(C2CCC(CC3CCCCC3C3CCCCC3C3CCCC3)CC2)CC1
C1CCC(CC2CC(C3CCCCC3)CC(C3CCCC(C4CCCCC4)C3)C2)CC1
C1CCC(CCC2CCC(C(CC3CCCCC3)C3CCCCC3)CC2)CC1
C1CCC(CC2CCC(CCC3CCCC(C4CCCCC4)C3)CC2)CC1
C1CCC(C2CCC(CC3CCCC(C4CCCCC4)C3)CC2)CC1
C1CCC(CC2CCCCC2C2CCCCC2C2CCC3CCCCC3C2)CC1
C1CCC(CC2CCCC(CCC3CCC(C4CCCCC4)CC3)C2)CC1
C1CCC(CC2CC(C3CCC(CC4CCCCC4C4CCCCC4)CC3)C3CCCCC23)CC1
C1CCC(CC2CCCC(C3CCCC3)C2)CC1
C1CCC(CC2CCC(CCC3CCC(CC4CCCCC4)CC3)CC2)CC1
C1CCC(CC2CCC(CCC3CCCC(C4CCCCC4)C3)CC2)CC1
C1CCC(CCC2CCCCC2C2CCC(CC3CCCCC3)CC2)CC1
C1CCC(C2CCCC(C3CCC(C4CCCC4)CC3)C2)CC1
C1CCC(C2CCCC(C(CCC3CCC3)C3CCCCC3)C2)CC1
C1CCC(C2CCC(C3CCC(C4CCCC(C5CCCCC5)C4)CC3)CC2)CC1
C1CCC(CC2CCCC(C3CCCC(C4CCCCC4)C3)C2)CC1
C1CCC(CC2CCCC(C3CCCC4CC(C5CCCCC5)CCC43)C2)CC1
C(CCCC1CCC(CC2CCCCC2)CC1CCC1CCCC1)CCC1CCCCC1
C1CCC(CC2CCCCC2C2CCC2)CC1
C1CCC(CC2CCC(CC3CCC(C4CCCCC4)CC3)CC2)CC1
C1CCC(C2CCCC(C3CCC(CC4CCCCC4C4CCC5CCCC5C4)CC3)C2)C1
C1CCC(CC2CCCC(CC3CCC(CC4CC4)CC3)C2)CC1
C1CCC(CC2CC(C3CCC(C4CCCCC4)CC3)C3CCCCC23)CC1
C1CCC(CC2CCC(CC3CCCCC3)CC2)CC1
C1CCC(C2CCC(C3CCCC3)CC2C2CCC3CCCC3C2)CC1
C1CCC(C2CCCCC2C2CCCCC2C2CCCC2)CC1
C1CCC(CCCCC2CCC(C3CCCCC3)C(C3CCC4CCCC4C3)C2)CC1
C1CCC(CC2CCC(C3CCCCC3)CC2)CC1
C1CCC(CC2CCCCC2C2CCC3CCC(C4CCCC(C5CCCC5)C4)CC3C2)CC1
C1CCC(C2CCCC(C3CCCC(C4CCCCC4)C3)C2)CC1
C1CCC(CCC2CCCC(CC3CCCC(C4CCCC4)C3)C2)CC1
C1CCC(C2CCC(CCC3CCCC(C4CCCCC4)C3)CC2)CC1
C1CCC2CC(C3CC(C4CCC5CCCCC54)CC4CCCCC43)CCC2C1
C1CCC(C2CCCC(CC3CCCC(C4CCCC4)C3)C2)CC1
C1CCC(CCCCC2CCCCC2)CC1
C1CCC(C2CCC(CC3CCC(C4CCCCC4)CC3C3CCCCC3)CC2)CC1
C1CCC(CCCC2CC(CCC3CCCCC3)CC(CCC3CCCC3)C2)CC1
C1CCC(CCC2CCCC(C3CCCCC3)C2)CC1
C1CCC(C2CC(CCC3CCC4CCCCC4C3)CCC2CCC2CC3CCCCC3C2)CC1
C1CCC(CCC2CCC(CCC3CCC(C4CCCCC4)CC3)CC2)CC1
C1CCC(C2CCCC(C3CC(C4CCCCC4)CC(C4CCCC4)C3)C2)CC1
C1CCC(C(C2CCCC(C3CCCC3)C2)C2CCCCC2C2CCCC2)CC1
C1CCC(C2CCCC(C3CCCC(C4CCCC4)C3)C2)CC1
C1CCC(CCC2CCC(C3CCCCC3)CC2)CC1
C1CCC(CC2CCC(C3CCCCC3C3CCC4CCCCC43)CC2)CC1
C1CCC(CCCCC2CCCC(CCC3CCCCC3)C2)CC1
C1CCC(C2CCC(CC3CCC(C4CCCC4)CC3)CC2C2CCCC2)CC1
C1CCC(CC2CCCC(C3CCCCC3C3CCCCC3)C2)CC1
C1CCC(CC2CCCCC2CC2CCC(C3CCCC(C4CCCCC4)C3)CC2)CC1
C1CCC(CC2CCCC(CC3CCC(CC4CCCC(C5CCCCC5)C4)CC3)C2)CC1
C1CCC(C2CC(CC3CCCC(CCCC4CCCC4)C3)C3CCCCC32)CC1
C1CCC(CC2CCC(CC3CCCCC3)CC2)CC1
C1CCC(CC2CCC(C3CCCCC3C3CCCCC3)C(C3CCCC3)C2)CC1
C1CCC(C2CCC(CC3CCC(C4CCCC(CC5CCCC5)C4)CC3)CC2)CC1
C1CCC(CCC2CC(CC3CCCCC3)CCC2C2CCCCC2)CC1
C1CCC(CC2CCCC(C3CCCC4CC(C5CCCCC5)CCC43)C2)CC1
C1CCC(CCCCC2CCC(CCC3CCC(CC4CCCC(CC5CCCCC5)C4)CC3)CC2)CC1
C1CCC(C2CCCCC2CCCC2CC3CCCCC3C2)CC1
C1CCC(C2CCC(C3CCCCC3)CC2)CC1
C1CCC(C2CC(C3CCCC(C4CC5CCCCC5C4)C3)CC(C3CC4CCCCC4C3)C2)CC1
C(CC1CC2CCCCC2C1)CC1CCC(C2CCC3CCCC3C2)C(C2CCC3CCCC3C2)C1
C1CCC(CC2CC(CC3CCC(CC4CC5CCCCC5C4)CC3)C3CCCCC23)CC1
C1CCC(CC2CCC3CCCC(C4CCCCC4)C3C2)CC1
C1CCC(CCC2CCC(CC3CCCCC3)CC2)CC1
C1CCC(C2CCC(C3CCCCC3C3CCCCC3)CC2)CC1
C1CCC(CCC2CCC(C3CCCCC3)CC2)CC1
C1CCC(CCCCC2CCC(CC3CCC(CC4CCCC4)CC3)CC2)CC1
C1CCC2CC(C3CCC(C4CCC(C5CCC6CCCCC65)C4)CC3)CC2C1
C1CCC(C2CCCC(C3CCC(C4CCCCC4)CC3C3CCCCC3)C2)CC1
C1CCC(CC2CCC(CCC3CC(C4CCC4)CCC3C3CCCCC3)CC2)CC1
C1CCC(CC2CCCCC2CCC2CCC(C3CCC4CCCCC43)CC2)CC1
C1CCC(CC2CCCC(C3CCCCC3C3CCCC3)C2)CC1
C1CCC(CC2CCCCC2C2CCCC(CC3CCCC(C4CCC5CCCC5C4)C3)C2)CC1
C1CCC(CCC2CC(CC3CCCC(C4CCCCC4)C3)C3CCCCC23)CC1
C1CCC(CCCC2CCC(C3CCCCC3)CC2)CC1
C1CCC(C2CCCCC2C2CCCC(CC3CCC(C4CCCC4)CC3)C2)CC1
C1CCC(CC2CCCCC2CCC2CCCC(C3CCC(C4CCCCC4)CC3)C2)CC1
C1CCC(C2CCCC(C3CCCCC3)C2)CC1
C1CCC(CC2CCC(CC3CCC(CC4CCCCC4)CC3)CC2)CC1
C1CCC(CC2CCC(C3CCCCC3)C(C3CCCCC3)C2)CC1
C1CCC(CCC2CCC(CCCC3CCCC(C4CCCC4)C3)CC2)CC1
C1CCC(CCC2CCCCC2C2CCC(C3CCCCC3C3CCCC3)CC2)CC1
C1CCC(C2CCCC(CCCCC3CCC(C4CCCC(C5CCCCC5)C4)CC3)C2)CC1
C1CCC(CCCC2CCCCC2C2CCC(CC3CCCCC3)CC2)CC1
C1CCC(C2CCC(C3CCC(C4CCCCC4)CC3)CC2)CC1
C(CCC1CCC(CC2CCCCC2CC2CCCCC2)C1)CCC1CCCC(C2CCCCC2)C1
C1CCC(CCC2CCC(C3CCC(CC4CCCCC4)CC3)CC2)CC1
C1CCC2CC(C3CCC4CC(C5CCC6CCCCC65)CCC4C3)CC2C1
C1CCC(C2CCC(C3CCCCC3)CC2)CC1
C1CCC(CC2CC(CC3CCCC(C4CCCCC4)C3)CC(C3CCCCC3)C2)CC1
C1CCC(CCCC2CCCC(CCC3CCCCC3)C2)CC1
C1CCC(C2CCC(CC3CCC(C4CCC5CCCCC5C4)CC3)C2)CC1
C1CCC(C2CCCC(C3CCC(CC4CC(C5CC5)CCC4C4CCCCC4)CC3)C2)CC1
C1CCC(C2CC3CCCCC3C(C3CCCCC3)C2)CC1
C1CCC(CCC2CCC(C3CCCCC3)CC2)CC1
C1CCC(CCC2CCC3CCCC(CC4CCC5CCCC5C4)C3C2)CC1
C1CCC(C2CCCC(CC3CCCC(C4CCCCC4)C3)C2)CC1
C1CCC(CCC2CCC(CCCCC3CCC(CC4CCCCC4)CC3)CC2)CC1
C1CCC(C2CCCC(C3CCC(C4CCCCC4)C(C4CCCCC4)C3)C2)CC1
C1CCC(CC2CCCC(C3CCCC4CC(C5CCCCC5)CCC43)C2)CC1
C1CCC(CCCCC2CCCCC2CC2CCCCC2)CC1
C1CC(CCC2CCC(C3CCCC3)CC2)CC(CC2CCC(CC3CC3)CC2)C1
C1CCC(CCC2CC(CC3CCCCC3)C3CCCCC23)CC1
C1CCC(C2CC(C3CC(C4CCC5CCCCC54)CC4CCC(C5CC5)CC43)CCC2C2CC2)CC1
C1CCC(CCC2CC(C3CCC(CC4CCCCC4)CC3)C3CCCCC23)CC1
C1CCC(CC2CCC(C3CCCC(C4CCCCC4)C3)CC2)CC1
C1CCC(CC2CCC(C3CCC(C4CCCCC4)CC3)CC2)CC1
C1CCC(CC2CCC(C3CCC(CC4CC5CCCCC5C4)CC3)CC2)CC1
C1CCC(C2CC(CC3CC3)CC(C3CCCCC3C3CCCC3)C2)CC1
C1CCC(CC2CC(C3CCC(C4CCCCC4)CC3)C3CC(C4CC4)CCC23)CC1
C1CCC(CCC2CCCC(CCC3CCC(CC4CCCCC4)CC3)C2)CC1
C1CCC(CC2CCC(CCC3CCC4CCCCC43)CC2)CC1
C1CCC(CCC2CCC(C3CC(C4CCC(C5CCCCC5)CC4)C4CCCCC34)CC2)CC1
C1CCC(CC2CCCC(CCC3CCCC(C4CCC5CCCC5C4)C3)C2)CC1
C1CCC(C2CCC(CC3CCCC(C4CCCC(CC5CCCCC5C5CCCC5)C4)C3)CC2)C1
C1CCC(CCCC2CCC(CC3CCC(C4CCCCC4)CC3)CC2)CC1
C1CCC2CC(C3CCC(C4CCCC5CCCCC54)C(C4CCCC4)C3)CC2C1
C1CCC(C2CCCC(C3CCCCC3)C2)CC1
C1CCC(CC2CCC(C3CCCC(C4CCCCC4)C3)CC2)CC1
C1CCC(CCC2CCCC(C3CCCCC3C3CCCCC3)C2)CC1
C1CCC(CC2CCCC(C3CCCCC3C3CCC(C4CCC(C5CCCC5)CC4)CC3)C2)CC1
C1CCC(CCCC2CCC(CCCC3CC4CCCCC4C3)CC2)CC1
C1CCC(C2CCCC(C3CCCC(C(C4CCCCC4)C4CCCCC4)C3)C2)CC1
C1CCC(C2CC3CCC(C4CCCC4)CC3C(C3CCC4CCCCC43)C2)CC1
C1CCC(CCC2CCC(C3CC(C4CCCCC4)C3)CC2)CC1
C1CCC(C2CCC(CC3CCC(C4CCCC4)CC3)C(C3CCCCC3)C2)CC1
C1CCC(CC2CCC(C(C3CCCC(C4CCCCC4)C3)C3CCCCC3C3CCCCC3)CC2)CC1
C1CCC(CC2CCC3CCCC(C4CCCCC4)C3C2)CC1
C1CCC(CC2CCCCC2C2CCCC(C3CCCCC3)C2)CC1
C1CCC(C2CC(CC3CCCC3)C3CCC(CC4CCC(C5CC5)CC4)CC32)CC1
C1CCC(C2CCC(CCCC3CCCC(C4CCCCC4)C3)CC2)CC1
C1CCC(C2CCCC(CC3CCC(CC4CCCCC4C4CCCC4)C3)C2)CC1
C1CCC(CCC2CCCC(C3CCCCC3)C2)CC1
C1CCC(C2CCC(C3CCCCC3C3CCCCC3)C(C3CCCCC3)C2)CC1
C1CCC(C2CCC(C3CCCCC3C3CCCCC3)CC2)CC1
C1CCC(CCC2CCC(CC3CCCC(C4CCCCC4)C3)CC2)CC1
C1CCC(CC2CCC(C3CCCCC3C3CCCCC3)CC2)CC1
C1CCC(CCCCC2CCC(CC3CCC(CC4CCCCC4)CC3)CC2)CC1
C1CCC(C2CCCC(C3CCC4CCCCC43)C2)CC1
C1CCC(C2CCC(C3CCCCC3C3CCCCC3)C(C3CCCC3)C2)CC1
C1CCC(CCC2CCC(CCC3CCCC(CC4CCCCC4)C3)CC2)CC1
C1CCC(C2CCCC(C3CCC4CCC(C5CCC6CCCCC6C5)CC4C3)C2)CC1
C1CCC(CC2CCC(CC3CCCC(C4CCCCC4)C3)CC2)CC1
C1CCC(CC2CCCC(C3CCCCC3)C2)CC1
C1CCC(CCC2CCC(CC3CCCC(CC4CCCCC4)C3)CC2)CC1
C1CCC(CC2CCC(C3CCCCC3)C(CC3CCCCC3)C2)CC1
C1CCC(C2CCC(C3CC4CCCCC4C3)C(C3CCC4CCCC4C3)C2)CC1
C1CCC(C2CCCCC2C2CCCC(C3CCC(CC4CC4)CC3)C2)CC1
C1CCC(CC2CCC(CC3CCC(C4CC(C5CCCCC5)C4)CC3)CC2)CC1
C1CCC(CCC2CCC(C3CCCCC3)CC2CCC2CCCCC2)CC1
C1CCC(C2CCCC(CCC3CCC(C4CCCC4)CC3)C2)CC1
C1CCC(CC2CCC3C(C2)C(CCCCC2CC4CCCCC4C2)CC3C2CCCCC2)CC1
C1CCC(C2CCC(C3CCCCC3)C(C3CCCCC3)C2)CC1
C1CCC(CCCC2CCCC(CCCC3CCCCC3)C2)CC1
C1CCC(CCCC2CCC(C3CCCCC3)CC2)CC1
C1CCC(C2CCC3CCCC3C2)CC1
C1CCC(C2CCCC(CC3CCCC(C4CCC(CC5CC5)CC4)C3)C2)CC1
C1CCC(CCC2CCC(CC3CCCCC3)CC2)CC1
C1CCC(CCCCC2CCCC(C3CCCCC3)C2)CC1
C1CCC(C2CCCC(C3CCCC4CC(C5CCCCC5)CCC43)C2)CC1
C1CCC(CCC2CCC(CCCC3CCCCC3CCC3CCCCC3)CC2)CC1
C1CCC(C2CCC(CC3CCCC(C4CCC(C5CCCC5)CC4)C3)CC2)C1
C1CCC(CCC2CCCCC2CC2CCCCC2)CC1
C1CCC(C2CCC(C3CCCC(C4CCCCC4)C3)CC2)CC1
C1CCC(CCC2CCC(C3CCCCC3C3CCC4CCCCC4C3)CC2)CC1
C1CCC(C2CCCCC2)CC1
C1CCC(CC2CCC3CC(CCCCCC4CCCCC4C4CCCC4)CCC23)CC1
C1CCC(CCCC2CCC(CC3CCCC(C4CCC(CC5CCCCC5)CC4)C3)CC2)CC1
C1CCC(CCC2CCC(CC3CC4CCCCC4C3)CC2)CC1
C1CCC(C2CCC(C3CCCCC3C3CCC4CCCCC4C3)C2)CC1
C1CCC(CC2CCCC(C3CCCC3)C2)CC1
C1CCC(CCCC2CC(CC3CCCCC3)CCC2C2CCCCC2)CC1
C1CCC(CC2CCC(C3CCCCC3)CC2)CC1
C1CCC(C2CCCC(CC3CCC(C4CCC(CC5CC5)CC4)CC3)C2)CC1
C1CCC(C2CCCCC2C2CCCCC2)CC1
C1CCC(CC2CCC(CCC3CC4CCCCC4C3)CC2)CC1
C1CCC(CCC(CC2CCCCC2)C2CCCC(C3CCCCC3)C2)CC1
C1CCC(CCC2CCC(C3CCC4CCCCC4C3)CC2)CC1
C1CCC(C2CCC(CC3CC(C4CCCCC4)C4CCCCC34)CC2)CC1
C1CCC(CCC2CCCCC2C2CCCCC2)CC1
C1CCC(CC2CCCC(CCC3CCC4CCCC4C3)C2)CC1
C1CCC(CCC2CCCCC2C2CCCCC2)CC1
C1CCC(CC2CCCC(C3CCCCC3)C2)CC1
C1CCC(CC2CCC(C3CCC(C4CCCC(CC5CCCCC5)C4)CC3)CC2)CC1
C1CCC(CC2CCC(CCC3CCCC(C4CCCCC4)C3)CC2)CC1
C1CCC(CCCC2CCC(C3CCC(C4CCCC4)CC3)CC2)CC1
C1CCC(CC2CCC(CC3CC(C4CCCCC4)C4CCCCC34)CC2)CC1
C1CCC(CC2CCC(C3CCCCC3)CC2)CC1
C1CCC(CC2CCCCC2C2CCC(C3CCCCC3)C2)CC1
C1CCC(CC2CCC(CC3CCC(C4CCCCC4C4CCC5CCCCC5C4)CC3)CC2)CC1
C1CCC(CC2CCC(C3CC3)C(C3CCCCC3)C2)CC1
C1CCC(CCC2CCCC(CCC3CCC(CC4CCCCC4)CC3)C2)CC1
