c1ccc(Oc2cccc(Oc3cccc(-c4ccccc4)c3)c2)cc1
C(=C1Oc2ccccc2-c2ccc3[nH]c(Oc4ccccc4)cc3c21)c1ccccc1-c1ccccc1
c1ccc(Oc2ccc(CNCc3cccc(CCCCc4cccc(-c5ccsc5)c4)c3)cc2)cc1
C1=C(CSCCc2ccccc2)c2cc(-c3ccccc3-c3ccccc3)ccc2NC1
c1ccc(-c2ccc(-c3ccc(-c4ccc(-c5ccc6[nH]ncc6c5)cc4)cc3)cc2)cc1
C1=Cc2c(ccc3c2C(=Cc2ccccc2)Oc2ccc(-c4ccc5ccccc5c4)cc2-3)NC1
C1=C(Nc2ccccc2CCCc2ccccc2)C=C(c2ccccc2)C1
c1ccc(-c2ccccc2-c2cccc(Cc3ccccc3C3=Nc4ccccc4C3)c2)cc1
c1ccc(Cc2ccccc2CN(Cc2ccccc2)c2ccccc2)cc1
C1=Cc2c(ccc3c2C(=Cc2ccccc2)Oc2ccc(-c4ccc5ccccc5c4)cc2-3)NC1
C1=Cc2c(ccc3c2C(=Cc2ccccc2)Oc2ccc(-c4cccc(-c5ccsc5)c4)cc2-3)NC1
c1ccc(Cc2cccc(-c3ccccc3)c2)cc1
c1ccc2[nH]c(-c3ccc4nccc(-c5ccc(CSc6nc7ccccc7o6)cc5)c4c3)cc2c1
c1ccc(Oc2cccc(-c3ccc(-c4ccc5c(cnn5-c5ccccc5)c4)cc3)c2)cc1
c1cc(-c2ccc(-c3cc4ccccc4s3)cc2)cc(-c2ccnc(N3CCCCC3)c2)c1
C1=Cc2c(ccc3c2C(=Cc2cccc(-c4cccs4)c2)Oc2ccccc2-3)NC1
c1ccc(CNCOCc2cccc(-c3ccc(-c4cc5ccccc5s4)cc3)c2)cc1
c1ccc(CCc2ccc(Oc3ccccc3)cc2)cc1
O=C1Cc2cccc(-c3ccccc3)c2NC1c1ccccc1CCc1ccccc1
c1ccc(Cc2cccc(-c3ccccc3)c2)cc1
c1ccc(Oc2ccc3c(cnn3-c3cccc(-c4ccccc4)c3)c2)cc1
C(=C1Oc2ccc(-c3ccc4ccccc4c3)cc2-c2ccc3[nH]ccc3c21)c1ccccc1
O=C(Nc1ccccc1)c1ccccc1-c1cccc(-c2ccccc2-c2ccccc2)c1
c1ccc(-c2cc(Oc3ccccc3-c3c[nH]c4ccccc34)cc3c2cnn3-c2ccccc2)cc1
C1=Cc2c(ccc3c2C(=Cc2ccccc2)Oc2ccc(Cc4ccccc4)cc2-3)NC1
C(=C1Oc2cccc(CCc3ccccc3)c2-c2nc3ccccc3cc21)c1cccc(-c2ccsc2)c1
c1ccc(Cc2ccccc2CN(Cc2ccccc2)c2ccccc2)cc1
C1=C(CN(Cc2ccccc2)c2cccc(Nc3ccccc3)c2)CC(c2ccccc2)=C1
c1ccc(CN(Cc2ccccc2)c2cccc(Nc3ccccc3)c2-c2ccccc2)cc1
c1ccc(-c2cc3ccccc3s2)c(-c2ccc(CSc3nc4ccccc4o3)cc2)c1
c1ccc(CCCc2ccc(-c3ccccc3Cc3ccccc3)cc2)cc1
c1ccc(-c2ccc(-c3ccccc3-c3ccccc3)cc2)cc1
C1=Cc2c(ccc3c2C(=Cc2ccccc2)Oc2ccc(-c4ccccc4)cc2-3)NC1
C1=Cc2c(ccc3c2C(=Cc2ccccc2)Oc2cccc(-c4c[nH]c5ccccc45)c2-3)NC1
c1ccc(Oc2ccc(Oc3cccc(Oc4ccccc4)c3)cc2)cc1
O=C(CCCc1ccccc1)CCCc1ccc(Oc2ccccc2)cc1
c1ccc(Oc2ccc(Oc3ccc4c(cnn4-c4ccccc4-c4ccccc4)c3)cc2)cc1
C1=CC(c2ccc(CCOc3cccc(-c4cccc(-c5ccccc5)c4)c3)cc2)=CC1
C(=C1Oc2cccc(CSc3ccccc3)c2-c2ccccc21)c1cccc(-c2ccsc2)c1
O=S(=O)(Cc1ccccc1)Nc1ccc(-c2ccccc2)c(Oc2cccc(-c3ccccc3)c2)c1
c1ccc(CN(Cc2ccccc2)c2cccc(-c3ccccc3)c2)cc1
C1=Cc2c(ccc3c2C(=Cc2ccccc2)Oc2cccc(Oc4ccccc4)c2-3)NC1
c1ccc(CCSCCCc2ccc(Oc3ccccc3)cc2)cc1
c1ccc(CCc2ccc(-n3ncc4cc(-c5cccc(-c6ccsc6)c5)ccc43)cc2)cc1
C(=C1Oc2cccc(CSc3ccccc3)c2-c2ccccc21)c1cccc(-c2ccsc2)c1
c1ccc(CN(Cc2ccc(-c3ccccc3)cc2)c2ccccc2-c2c[nH]c3ccccc23)cc1
C1=Cc2c(ccc3c2C(=Cc2ccccc2)Oc2ccc(-c4ccccc4)cc2-3)NC1
c1ccc(-c2ccccc2-c2ccccc2-c2ccccc2)cc1
C1=Cc2c(ccc3c2COc2cccc(Oc4ccccc4-c4ccccc4)c2-3)NC1
O=C(CCCc1ccc(Oc2ccccc2)cc1)Cc1ccccc1
c1ccc(C2=Nc3c(cc(-c4cccc5cc[nH]c45)cc3-c3ccccc3)CC2)cc1
C(=C1Oc2cccc(-c3ccccc3Oc3ccccc3)c2-c2cccnc21)c1cccc(-c2ccsc2)c1
c1cc(Cc2ccnc3ccccc23)cc(NCc2cccc(-c3cccc4cc[nH]c34)c2)c1
C1=Cc2c(ccc3c2C(=Cc2sccc2-c2cccc4cc[nH]c24)Oc2ccccc2-3)NC1
C1=C(CN(c2ccccc2)c2cccc(Nc3ccccc3)c2)CC(c2ccccc2)=C1
c1ccc(-c2cc(-c3c[nH]c4ccccc34)cc3cc4ccccc4nc23)cc1
c1ccc(-c2cc(-c3cccc4cc[nH]c34)c(-c3ccccc3)c3c2NCCC3)cc1
c1ccc(Cc2cccc(-c3ccccc3)c2)cc1
c1ccc(-c2ccc3c(cnn3-c3ccc(Cc4ccc(-c5ccccc5)c5cc[nH]c45)cc3)c2)cc1
c1ccc(CN(Cc2ccccc2)c2cccc(-c3ccc(-n4ncc5ccccc54)cc3)c2)cc1
c1ccc(Cc2cccc(-c3ccccc3-c3ccccc3)c2)cc1
c1ccc(-c2ccc3ncccc3c2-c2ccc3nc4c(cc3c2)CCCC4)cc1
c1ccc(Oc2ccc(CCCc3cccc4c3OCC4)cc2)cc1
C1=C(CN(Cc2ccccc2)c2cccc(Nc3ccccc3)c2)CC(c2ccccc2)=C1
c1ccc(-c2ccc(NCc3[nH]c4ccccc4c3-c3ccccc3)cc2)cc1
C(=C1Oc2ccccc2C2=CCC=C12)c1ccccc1CCCCCNc1ccccc1
C1=Cc2c(ccc3c2C(=Cc2ccccc2)Oc2ccc(-c4ccccc4)cc2-3)NC1
c1ccc(-n2ncc3cc(-c4cccc(-c5ccc6c(cnn6-c6ccccc6)c5)c4)ccc32)cc1
C(=CCc1ccccc1-c1ccc2c(cnn2-c2ccccc2)c1)CCCc1ccccc1
C1=C(CN(c2ccccc2)c2cccc(Nc3ccccc3)c2)CC(c2ccccc2)=C1
C1=Cc2cc(-c3ccccc3-c3ccccc3)ccc2NC1
c1ccc(Cc2cc(-c3ccccc3)ccc2-c2ccc3c(cnn3-c3ccccc3)c2)cc1
c1ccc(Oc2ccc(Oc3ccc4c(cnn4-c4ccccc4)c3)cc2)cc1
c1ccc(-c2ccc(-c3ccc(-c4ccc5[nH]ncc5c4)cc3)cc2)cc1
c1ccc(CN(c2ccccc2)c2ccc(-c3ccccc3)cc2)cc1
c1ccc(CN(Cc2ccc(Oc3cccc(Nc4ccccc4)c3)cc2)c2ccccc2)cc1
C(=Cn1ncc2cc(-c3ccc(Nc4ccccc4)cc3)ccc21)c1ccccc1
c1ccc(-n2ncc3c(Nc4ccc(-c5ccc6ccccc6c5)cc4)cccc32)cc1
C1=CCC(c2ccccc2-c2ccccc2Oc2ccccc2)=C1
c1ccc(-n2ncc3cc(-c4ccc(-c5cccc6c5cnn6-c5ccccc5)cc4)ccc32)cc1
c1ccc(CN(Cc2ccc(-c3ccccc3)cc2)c2ccccc2)cc1
O=S(=O)(c1ccccc1)c1ccccc1Cc1ccsc1-c1ccc(-c2cc3ccccc3s2)cc1
c1ccc(Nc2ccc(-c3ccc4c(cnn4-c4ccccc4)c3)cc2)cc1
c1ccc(C2=Nc3c(cc(-c4cccc5cc[nH]c45)cc3-c3ccccc3)CC2)cc1
C1=Cc2c(ccc3c2C(=Cc2ccccc2)Oc2cccc(Oc4ccccc4)c2-3)NC1
O=C(CSc1nc2ccccc2s1)c1ccc(-c2ccccc2-c2cc3ccccc3s2)cc1
c1ccc(Nc2ccc(ONc3cccc(-c4ccc5c(cnn5-c5ccccc5)c4)c3)cc2)cc1
c1ccc(CNCc2ccc(Oc3ccccc3)cc2)cc1
c1ccc(CCc2cccc(-c3ccccc3-c3ccc(Cc4ccccc4)cc3)c2)cc1
c1ccc(Cc2cccc(-c3ccccc3-c3ccccc3)c2)cc1
C1=Cc2c(ccc3c2C(=Cc2ccccc2)Oc2ccc(-c4ccccc4)cc2-3)NC1
C1=Cc2c(ccc3c2C(=Cc2ccccc2-c2ccccc2)Oc2ccccc2-3)NC1
c1ccc(-c2ccc(Nc3csc4ccccc34)cc2)cc1
O=C(CCCC1=Nc2ccccc2C1)CCCc1ccc(Oc2ccccc2)cc1
c1ccc(-c2ccc(-c3ccc(-c4cc5ccncc5s4)cc3)cc2)cc1
O=C(CCCc1ccccc1)CCCc1ccc(Oc2ccccc2)cc1
C1=Cc2c(ccc3c2C(=Cc2ccc(-c4ccccc4)cc2)Oc2ccccc2-3)NC1
c1ccc(Cc2cccc(-c3ccccc3-c3ccccc3)c2)cc1
O=C(Nc1ccccc1)n1ncc2c(-c3ccc(-c4ccccc4-c4ccccc4)cc3)cccc21
C1=Cc2c(ccc3c2C(=Cc2ccccc2)Oc2ccc(-c4cccc5cc[nH]c45)cc2-3)NC1
C1=CC(c2ccc(Sc3ccccc3)cc2)c2cc(-c3cccc4cc[nH]c34)ccc2C1
c1ccc(-c2ccc(-n3ncc4cc(-c5cccc(-c6cccc7cc[nH]c67)c5)ccc43)cc2)cc1
c1ccc(-c2cccc(Oc3c[nH]c4c(-c5ccccc5)cccc34)c2)cc1
C1=Cc2c(ccc3c2C(=Cc2ccccc2)Oc2cccc(Oc4ccccc4)c2-3)NC1
c1ccc(-c2ccc(-c3ccc4c(cnn4-c4ccccc4)c3)cc2)cc1
C1=CC2C(=Cc3ccccc3)Oc3ccc(-c4ccccc4)c(-c4ccccc4)c3C2=C1
c1ccc2sc(-c3ccc(-c4cc(-c5cccc6cc[nH]c56)cc5c4NCCC5)cc3)cc2c1
c1ccc(CN(c2ccccc2)c2ccc(-c3ccccc3)cc2)cc1
c1ccc(-c2c(-c3cccc4cc[nH]c34)cc(-c3ccccc3)c3ncccc23)cc1
C1=Cc2c(ccc3c2C(=Cc2ccccc2)Oc2ccc(C4CCCCC4)cc2-3)NC1
c1ccc(-c2cc3ccccc3s2)c(-c2ccc(CSc3nc4ccccc4o3)cc2)c1
c1ccc(Nc2ccc(-c3ccc4c(cnn4-c4ccccc4)c3)cc2)cc1
c1ccc(CCCCC(Cc2ccccc2)c2ccccc2)cc1
C1=CC(CCN(Cc2ccccc2)c2cccc(-c3ccsc3)c2)=CCC1
C1=Nc2c(cc(-c3cccc4cc[nH]c34)cc2N(Cc2ccccc2)c2ccccc2)C1
C(=Cc1cccc(-c2ccccc2)c1)CN(Cc1ccccc1)c1ccccc1
c1ccc(Cc2[nH]c3ccccc3c2-c2ccncc2-c2ccsc2-c2ccccc2)cc1
C1=CC2=C(C1)OC(=Cc1ccc(-c3ccccc3)cc1)c1c2ccc2ncc(-c3ccccc3)cc12
O=S(=O)(Cc1ccccc1)Nc1ccc(-c2ccccc2)c(Oc2cccc(-c3ccccc3)c2)c1
c1ccc(-c2cccnc2-c2ccc3c(c2)C(c2ccccc2)Oc2ccccc2-3)cc1
c1ccc(-c2ccc3c(cnn3-c3ccc(-c4cc5ccccc5s4)cc3)c2)cc1
c1ccc(-n2ncc3cc(-c4cccc(-c5ccc6ccccc6n5)c4)ccc32)cc1
c1ccc(N(Oc2cccc3cc[nH]c23)c2ccc(-c3ccc4c(cnn4-c4ccccc4)c3)cc2)cc1
C1=Cc2c(ccc3c2C(=Cc2ccccc2Oc2cccc4cc[nH]c24)Oc2ccccc2-3)NC1
c1ccc(CCc2cccc(-c3ccccc3-c3ccccc3)c2)cc1
C1=C(CN(Cc2ccccc2)c2cccc(Nc3ccccc3)c2)CC(c2ccccc2)=C1
C1=Cc2c(ccc3c2C(=Cc2ccccc2-c2ccccc2)Oc2ccccc2-3)NC1
c1ccc(-c2cc(-c3cccc4cc[nH]c34)cc3c2NCCC3c2ccccc2)cc1
C1=Cc2c(ccc3c2C(=Cc2ccccc2CCc2ccccc2)Oc2ccccc2-3)NC1
c1ccc(CN(Cc2ccc(-c3ccccc3)cc2)c2ccccc2)cc1
O=C(Nc1ccccc1)Oc1ccc(CN(Cc2ccccc2)c2ccccc2)cc1
C1=C(CN(c2ccccc2)c2cccc(Nc3ccccc3)c2)CC(c2ccccc2)=C1
c1ccc(NCc2ccc(Oc3cccc(-c4ccccc4)c3)cc2)cc1
c1ccc2sc(-c3ccc(-n4ncc5cc(CCc6c[nH]c7ccccc67)ccc54)cc3)cc2c1
C1=Cc2c(ccc3c2C(=Cc2ccccc2)Oc2ccc(-c4ccccc4)cc2-3)NC1
c1ccc(CN(Cc2ccccc2)c2cccc(-c3ccccc3)c2)cc1
c1ccc(CNc2ccc3c(c2)C(c2ccccc2)Oc2cccc(-c4ccccc4)c2-3)cc1
C1=Nc2c(cc(-c3cccc4[nH]ccc34)cc2-c2cc(-c3ccccc3)c3ccccc3n2)CC1
c1ccc(CN(Cc2ccccc2)c2cccc(-c3ccccc3)c2)cc1
C1=CC2CC(c3ccc(Nc4cccc(N(Cc5ccccc5)Cc5ccccc5)c4)cc3)CCC2=C1
c1ccc(Oc2ccc(CNCc3cccc4cc[nH]c34)cc2)cc1
c1ccc(-n2ncc3c(Nc4ccc(-n5ncc6cc(CCc7ccnc8ccccc78)ccc65)cc4)cccc32)cc1
C1=Cc2c(ccc3c2C(=Cc2sccc2Nc2cccc4ncccc24)Oc2ccccc2-3)NC1
c1ccc(CNc2cccc(Nc3ccccc3)c2)cc1
C1=Cc2c(ccc3c2C(=Cc2ccccc2)Oc2cccc(-c4ccccc4)c2-3)NC1
C1=Cc2c(ccc3c2C(=Cc2ccccc2)Oc2cccc(OCc4ccccc4)c2-3)NC1
O=C(CCOC(=O)Nc1ccccc1)Nc1ccc(-c2ccc(-c3cc4ccccc4s3)cc2)cc1
c1ccc(-c2ccccc2-c2ccccc2-c2ccccc2)cc1
c1ccc(CCc2ccc(-c3cccc(-c4ccsc4)c3)cc2)cc1
C1=Cc2c(ccc3c2C(=Cc2ccc(-c4ccccc4)cc2)Oc2ccccc2-3)NC1
c1ccc(NCCCCCc2ccccc2-c2ccccc2)cc1
c1ccc(CN(Cc2ccc(-c3ccccc3)cc2)c2ccccc2)cc1
C1=C(CN(c2ccccc2)c2cccc(Nc3ccccc3)c2)CC(c2ccccc2)=C1
C1=CCC(c2ccc(N(CC=Cc3ccccc3)Cc3ccccc3)cc2)=C1
c1ccc(CCN(Cc2ccccc2)c2cccc(-c3ccsc3)c2)cc1
c1ccc(CNc2ccccc2Cc2ccccc2)cc1
c1ccc(-c2ccc(-c3ccc(-c4ccccc4)cc3)cc2)cc1
c1ccc(CN(Cc2ccccc2)c2ccccc2-c2cc3ccccc3[nH]2)cc1
c1ccc(CN(Cc2ccccc2)c2ccccc2-c2ccccc2)cc1
c1ccc(-n2ncc3cc(-c4cccc(-c5ccc6c(cnn6-c6ccccc6)c5)c4)ccc32)cc1
c1ccc2cc(-c3ccc(-c4ccc5c(c4)CCC(c4cccc6cc[nH]c46)N5)cc3)ccc2c1
C1=Cc2c(ccc3c2C(=Cc2ccc(-c4ccccc4)cc2)Oc2ccccc2-3)NC1
c1ccc(CN(Cc2ccc(Oc3ccccc3)cc2)c2ccccc2)cc1
c1ccc(-c2ccc(-c3ccc4ccccc4c3)cc2)cc1
c1ccc(C2=Nc3c(cc(-c4cccc5cc[nH]c45)cc3-c3ccccc3)CC2)cc1
C1=Cc2cc(N(Cc3ccccc3)Cc3ccc(Oc4ccccc4)cc3)ccc2NC1
c1ccc(CN(Cc2cc(-c3cccc4cc[nH]c34)ccc2-c2ccsc2)c2ccccc2)cc1
c1ccc2sc(-c3ccc(-n4ncc5cc(CCc6ccnc7ccccc67)ccc54)cc3)cc2c1
c1ccc(-c2ccc(-c3cccc4cc[nH]c34)cc2)cc1
C(=C1Oc2ccccc2-c2ccc3ncccc3c21)c1ccc(-c2ccccc2)cc1
c1cc(-c2ccsc2)cc(-c2c[nH]c3c(-c4ccc5c(c4)CCCN5)cccc23)c1
C1=C(c2cccc3cc[nH]c23)CC=C1N(Cc1ccccc1)Cc1ccc(-c2ccccc2)cc1
C1=Cc2c(ccc3c2C(=Cc2cccc(Oc4ccccc4)c2)Oc2ccccc2-3)NC1
C1=Cc2c(ccc3c2C(=Cc2ccccc2)Oc2cccc(OCc4ccccc4)c2-3)NC1
C1=NCNc2ccc3c(c21)C(=Cc1ccc(-c2ccccc2)cc1)Oc1ccccc1-3
C1=Cc2c(ccc3c2C(=Cc2ccc(-c4ccccc4)cc2)Oc2ccccc2-3)NC1
c1ccc(C2=Nc3ccc(-c4ccc(-c5ccccc5)c5cc[nH]c45)cc3CC2)cc1
c1ccc(-c2ccc(-n3ncc4cc(-c5cccc6cc[nH]c56)ccc43)cc2)cc1
C1=C(CN(Cc2ccccc2)c2ccccc2)CCC(c2ccc(-c3cc4ccncc4s3)cc2)=C1
C1=C(CN(Cc2ccccc2)c2ccc(-c3ccnc4ccccc34)cc2)CC(c2ccccc2)=C1
C1=C(SCc2ccc3c(cnn3-c3ccccc3)c2)CC=C1c1ccccc1
c1ccc(N(c2ccccc2)c2cccc(-c3cccc4c3-c3ccc5ncccc5c3CO4)c2)cc1
C1=C(CN(c2ccccc2)c2cccc(Nc3ccccc3)c2)CC(c2ccccc2)=C1
c1ccc(-c2ccc(-c3ccccc3)cc2)cc1
c1ccc(Oc2ccc(-c3ccc4ncccc4c3-c3cnc4ccccc4n3)c3[nH]ccc23)cc1
c1ccc(C(c2ccccc2)c2csc(SCc3cccc(-c4cccc5cc[nH]c45)c3)n2)cc1
C1=CCC(CN(Cc2ccccc2)c2cccc(Nc3ccccc3-c3ccccc3)c2)=C1
C1=Cc2c(ccc3c2C(=Cc2cccc(-c4ccsc4)c2)Oc2ccccc2-3)NC1
C1=Cc2c(ccc3c2C(=Cc2ccccc2)Oc2cccc(-c4c[nH]c5ccccc45)c2-3)NC1
C1=Cc2c(ccc3c2C(=Cc2ccccc2-c2ccccc2)Oc2ccccc2-3)NC1
C1=Cc2c(ccc3c2C(=Cc2ccccc2)Oc2cccc(-c4c[nH]c5ccccc45)c2-3)NC1
c1ccc(-c2cccc(-n3ncc4cc(Oc5cccc(-n6cccc6)c5)ccc43)c2)cc1
c1ccc(CNCc2[nH]c3c(NCc4ccccc4)cccc3c2-c2ccccc2)cc1
c1ccc(CN(Cc2ccc(-c3ccccc3)cc2)c2ccccc2)cc1
c1ccc(CNc2c(-c3cccc4cc[nH]c34)cc(-c3ccccc3)c3c2CCCN3)cc1
c1ccc(-c2c[nH]c3cccc(-c4cccc(OC5CCCCC5)c4)c23)cc1
c1ccc(-c2ccc(-c3ccc4c(cnn4-c4ccccc4)c3)cc2)cc1
C1=CC(Nc2ccccc2)Nc2ccc3c(c21)C(=Cc1ccccc1-c1ccccc1)Oc1ccccc1-3
c1cc(-c2ccsc2)cc(C2CCCc3cc(-c4ccc5c(c4)CCCC5)ccc32)c1
c1cc(-c2cc3c(c(-c4ccc(-c5cnoc5)cc4)c2)NCCC3)c2cc[nH]c2c1
C1=C(CN(c2ccccc2)c2cccc(Nc3ccccc3)c2)CC(c2ccccc2)=C1
c1cc(-c2ccc(-c3ccsc3)cc2Nc2cccc3ncccc23)c2[nH]ccc2c1
c1ccc(-n2ncc3cc(-c4cccc(-c5ccsc5)c4)ccc32)cc1
C1=Cc2c(ccc3c2C(=Cc2ccc(-c4ccccc4)cc2)Oc2ccccc2-3)NC1
c1ccc(-c2cccc(-c3cccc4cc[nH]c34)c2)cc1
c1ccc(-c2cccc3c2-c2ccc(-c4cccc5ncccc45)cc2C(c2ccccc2)O3)cc1
c1cc(-c2ccc3nccc(-c4ccc(Cc5c[nH]c6ccccc56)cc4)c3c2)c2[nH]ccc2c1
c1ccc(-c2ccccc2-c2ccc3ccccc3c2)cc1
c1ccc(-c2ccc3c(cnn3-c3cc4ccccc4c4ccccc34)c2)cc1
c1ccc2c(c1)NCCC2CCc1cc(-c2cccc3cc[nH]c23)cc2c1NCCC2
c1ccc(-c2ccc(-c3ccc4c(cnn4-c4ccccc4)c3)cc2)cc1
C1=Cc2c(ccc3c2C(=Cc2ccc4c(c2)CCCC4)Oc2cccc(-c4ccccc4)c2-3)NC1
c1ccc(CN(Cc2ccccc2-c2ccccc2)c2cccc(-c3ccsc3)c2)cc1
C(=C1Oc2ccccc2C2=CCC=C12)c1ccccc1Cc1ccc(-n2ncc3cc4c(cc32)CCCC4)cc1
c1ccc(CCc2ccccc2N(Cc2ccccc2)Cc2c[nH]c3ccccc23)cc1
C1=Cc2c(ccc3c2C(=Cc2ccccc2)Oc2ccccc2-3)NC1
O=S(=O)(Nc1ccccc1)c1ccc(-c2ccccc2)c(Cc2ccccc2)c1
c1ccc(COc2cccc(-c3ccccc3)c2)cc1
c1ccc(CNc2ccc3c(c2)COc2cccc(Oc4cccc5cc[nH]c45)c2-3)cc1
C1=Cc2c(ccc3c2C(=Cc2ccccc2-c2ccccc2)Oc2ccccc2-3)NC1
C1=CC(CN(Cc2ccccc2)c2ccccc2-c2ccccc2)=C(c2ccccc2)C1
c1ccc(CN(Cc2ccc(-c3ccccc3)cc2)c2ccccc2)cc1
C(=C1Oc2c(cccc2-c2csc3ccccc23)-c2ccc3ncccc3c21)c1ccsc1
C1=Cc2c(ccc3c2C(=Cc2ccccc2)Oc2cccc(Oc4cccs4)c2-3)NC1
c1ccc(CCCc2cccc3c2CC(c2cccc(-c4ccsc4)c2)CC3)cc1
c1ccc(-n2ncc3cc(-c4cc(-c5ccc6ccccc6n5)cc5c4NCCC5)ccc32)cc1
C(=C1Oc2ccccc2-c2ccc3nc(-c4cccs4)ccc3c21)c1ccccc1
C1=Cc2c(ccc3c2C(=Cc2cccc(Oc4ccccc4)c2)Oc2ccccc2-3)NC1
c1ccc(CNCc2ccc(Oc3cccc(OCCOc4ccccc4)c3)cc2)cc1
C1=Cc2c(ccc3c2C(=Cc2ccc(-c4ccccc4)cc2)Oc2ccccc2-3)NC1
C1=Cc2c(ccc3c2C(=Cc2ccccc2)Oc2ccc(-c4ccccc4)cc2-3)NC1
c1ccc(CN(Cc2ccc(Oc3ccccc3)cc2)c2ccccc2)cc1
c1ccc(Nc2cccc(Nc3cccc4ncccc34)c2)cc1
C1=CCC(CCc2ccccc2C=C2Oc3ccccc3-c3ccc4c(c32)C=CCN4)=C1
C1=Cc2c(ccc3c2C(=Cc2ccccc2)Oc2ccc(-c4ccccc4)cc2-3)NC1
C1=C2CCCC(Cc3csc4ccccc34)C2Cc2cnn(-c3ccc(-c4ccccc4)cc3)c21
c1ccc(CNc2cccc3c(-c4ccccc4)c[nH]c23)cc1
C1=Cc2c(ccc3c2C(=CCc2ccccc2)Oc2ccc(-c4ccccc4)cc2-3)NC1
c1ccc(CNc2c(-c3cccc4cc[nH]c34)cc(-c3ccccc3)c3c2CCCN3)cc1
C1=Cc2c(ccc3c2C(=CSc2nccs2)Oc2ccc(C4CCCCC4)cc2-3)NC1
C1=CCC(c2ccc(Nc3cccc4cc(CNCc5ccccc5)[nH]c34)cc2)=C1
c1ccc(CN(Cc2ccc(Oc3ccccc3)cc2)c2ccccc2)cc1
c1ccc(-c2ccc(-n3ncc4cc(-c5cccc6c5cnn6-c5ccccc5)ccc43)cc2)cc1
C1=Cc2c(ccc3c2COc2cccc(Oc4ccccc4)c2-3)NC1
C(=C1Oc2ccccc2-c2ccccc21)c1ccc(-c2cccc3cc[nH]c23)cc1
C(=C1Oc2ccccc2-c2ccc3c(c21)C(c1cccc2cc[nH]c12)=CCN3)c1ccccc1
c1ccc(-c2c[nH]c3c(-c4ccc5c(c4)C(=Nc4cccc6cc[nH]c46)CCN5)cccc23)cc1
c1ccc(CN(Cc2ccccc2-c2ccccc2)c2ccccc2)cc1
c1ccc2sc(-c3ccc(Nc4ccc(-c5ccc6[nH]ncc6c5)cc4)cc3)nc2c1
C1=Cc2c(ccc3c2C(=Cc2ccc(CCc4ccccc4)cc2)Oc2ccccc2-3)NC1
c1cc(-c2cc3c(c(-c4ccc(-c5cnoc5)cc4)c2)NCCC3)c2cc[nH]c2c1
c1ccc(Oc2cc(-c3ccccc3)c3cnn(-c4ccccc4)c3c2)cc1
C1=C(CNc2ccc(CCc3ccccc3)cc2)CC=C1c1ccccc1
c1ccc(Cc2ccc(-c3ccc4c(cnn4-c4ccccc4)c3)c(Cc3ccccc3)c2)cc1
C1=C(SCc2ccc3c(cnn3-c3ccccc3)c2)CC=C1c1ccccc1
C1=Cc2c(ccc3c2C(=Cc2ccccc2-c2ccccc2)Oc2ccccc2-3)NC1
C1=CCC(c2ccc(-c3ccc4c(cnn4-c4ccccc4)c3)cc2Cc2ccccc2)=C1
C1=Cc2c(ccc3c2C(=Cc2ccsc2)Oc2c(-c4nc5ccccc5s4)cccc2-3)NC1
c1ccc(CN(Cc2ccccc2)c2cccc(-c3cccc4cc[nH]c34)c2)cc1
c1ccc(CC(c2ccccc2)c2ccc3c(cnn3-c3ccccc3)c2)cc1
c1ccc(Oc2[nH]c3ccccc3c2-c2ccccc2)cc1
c1ccc(Cc2ccc(-c3cccc4cc[nH]c34)c(-c3ccccc3)c2)cc1
c1ccc(CNCc2[nH]c3c(NCc4ccccc4)cccc3c2-c2ccccc2)cc1
O=C(Cc1cc2ccccc2[nH]1)c1ccc(-c2ccc(-c3ccc4ccccc4n3)cc2)cc1
O=C(c1cccc(Cc2ccc(Oc3ccccc3)cc2)c1)N1CCCCC1
c1ccc(CC(Oc2ccc3c(cnn3-c3ccccc3)c2)c2cccc(-c3ccccc3)c2)cc1
c1ccc(-c2oc3ccccc3c2-c2cccc3c2cnn3-c2ccccc2)cc1
c1ccc(Cc2ccc(-c3[nH]c4ccccc4c3-c3ccccc3)cc2)cc1
O=C(OCc1cccc(C=C2Oc3ccccc3-c3ccc4c(c32)C=CCN4)c1)c1ccccc1
c1ccc(-c2cc3c(c(CC4(C5CCCC5)CCCc5ccccc54)c2)NCCC3)cc1
C1=Cc2c(ccc3c2C(=Cc2ccccc2CCc2ccccc2)Oc2ccccc2-3)NC1
C(=C1Oc2cccc(Oc3ccccc3)c2-c2ccc3[nH]ccc3c21)c1cccs1
c1ccc(-c2ccc(-c3ccc4c(cnn4-c4ccccc4)c3)cc2)cc1
c1ccc(CNCc2[nH]c3c(NCc4ccccc4)cccc3c2-c2ccccc2)cc1
C1=Cc2c(ccc3c2C(=Cc2ccc(CCc4ccccc4)cc2)Oc2ccccc2-3)NC1
C1=CCC(c2cccc(N(Cc3ccccc3)Cc3ccccc3)c2)=C1
c1ccc(-c2cc(-c3cccc4cc[nH]c34)c(-c3ccccc3)c3c2NCCC3)cc1
c1ccc(Nc2cccc(-c3ccccc3)c2)cc1
c1ccc(-c2ccc(-c3ccccc3)cc2)cc1
c1ccc(CN(Cc2ccccc2)c2ccc3cc[nH]c3c2-c2ccccc2)cc1
C1=Cc2c(ccc3c2C(=Cc2ccc(-c4ccccc4)cc2)Oc2ccccc2-3)NC1
C1=Cc2c(ccc3c2C(=Cc2ccc(-c4ccccc4)cc2)Oc2ccccc2-3)NC1
c1ccc(Nc2ccc(-n3ncc4c(NCC5CCCCC5)cccc43)cc2)cc1
c1ccc(-c2cccc(-n3ncc4c(-c5ccc6c(c5)CCCN6)cccc43)c2)cc1
c1csc(C(c2csc3ccccc23)C2(CCSc3nc4ccccc4s3)CCCc3ccccc32)c1
C=C1Oc2cccc(-c3cccc4c3cnn4CCc3ccccc3)c2-c2ccc3c(c21)C=CCN3
C1=Cc2c(ccc3c2C(=Cc2ccccc2)Oc2cccc(-c4ccccc4)c2-3)NC1
c1ccc(-c2ccc(-c3cc4ccccc4s3)cc2)cc1
C1=Cc2c(ccc3c2C(=Cc2ccccc2)Oc2ccc(-c4ccccc4)cc2-3)NC1
c1ccc(Oc2ccc(Oc3ccc4c(cnn4-c4ccccc4)c3)cc2)cc1
c1ccc(CCCN(Cc2cccc(Oc3ccccc3)c2)c2ccccc2)cc1
c1ccc(Oc2cccc(OCc3c(-c4ccccc4)ccc4c3CCCN4)c2)cc1
c1ccc(CNc2ccccc2Oc2ccccc2)cc1
c1ccc(Cc2[nH]c3c(-c4ccccc4)cccc3c2Oc2cnc3ccccc3n2)cc1
C1=CCCC(CN(Cc2c[nH]c3ccccc23)c2cccc(-c3ccccc3)c2)=C1
c1csc(C(c2csc3ccccc23)C2(CCSc3nc4ccccc4s3)CCCc3ccccc32)c1
c1ccc(CN(Cc2ccccc2)c2cccc(-c3ccccc3)c2)cc1
c1ccc(CCSCc2ccnc3ccc(-c4ccccc4)cc23)cc1
c1ccc(Cc2cccc(-c3ccccc3)c2)cc1
C1=C(c2ccc(CN(Cc3ccccc3)Cc3ccccc3)cc2)c2ccccc2CC1
c1ccc(-c2c(-c3cccc4cc[nH]c34)ccc3c2C(c2ccccc2)CCN3)cc1
C1=Cc2c(ccc3c2C(=Cc2cccc(-c4ccsc4)c2)Oc2ccccc2-3)NC1
C(=C1Oc2ccccc2-c2ccc3[nH]c(-c4ccccc4)cc3c21)c1ccccc1
c1ccc(-c2cccc(-n3ncc4cc(Oc5cc6ccccc6[nH]5)ccc43)c2)cc1
C1=Cc2c(ccc3c2C(=Cc2ccc(-c4ccccc4)cc2)Oc2ccccc2-3)NC1
C1=C(SCc2ccc3c(cnn3-c3ccccc3)c2)CC=C1c1ccccc1
c1ccc(Cc2ccc(CCCCc3cc4ccccc4[nH]3)cc2)cc1
c1ccc(Oc2ccc(Cc3ccc4[nH]ccc4c3)cc2)cc1
c1ccc(CCC(CCc2cccc(-c3ccccc3)c2)CC2CCCCC2)cc1
c1ccc(CN(Cc2ccccc2)c2cccc(-c3ccsc3)c2)cc1
c1ccc(-c2ccccc2CC2CCNc3ccc(-c4cccc5cc[nH]c45)cc32)cc1
C1=Cc2c(ccc3c2C(=Cc2cccc4cc[nH]c24)Oc2ccc(-c4ccccc4)cc2-3)NC1
O=C(NCc1cccc(-c2cccc3cc[nH]c23)c1)c1c(Cc2ccccc2)ccc2c1CCCN2
C1=Cc2c(ccc3c2C(=Cc2ccccc2)Oc2ccccc2-3)NC1
c1ccc(Oc2cccc(-c3ccccc3)c2)cc1
c1ccc(CCCCCCOc2ccc(Oc3ccccc3)cc2)cc1
c1ccc(Nc2ccc(-c3ccc4c(cnn4-c4ccccc4)c3)cc2)cc1
C1=C(CN(Cc2ccccc2)c2ccc(CSc3ccccc3)cc2)CCC1
c1ccc(-c2ccc(-c3ccccc3)cc2)cc1
C=C1Oc2ccc(OCc3ccccc3)cc2-c2ccc3c(c21)C=CCN3
c1ccc(Oc2ccc(-c3ccc4c(cnn4-c4ccccc4)c3)cc2)cc1
c1ccc(CNc2cccc3c2cnn3-c2ccc(OCc3ccccc3)cc2)cc1
c1ccc(C(Cc2ccc3ccccc3c2)NOc2ccccc2-c2ccc3[nH]ccc3c2)cc1
C1=CC(Cc2ccccc2)Nc2ccc3c(c21)C(=Cc1ccccc1)Oc1ccccc1-3
c1ccc(-c2ccc(Nc3cccc4cnccc34)cc2)cc1
C1=Cc2c(ccc3c2C(=Cc2cccc(-c4ccsc4)c2)Oc2ccccc2-3)NC1
c1ccc(-c2cc(-c3cccc4cc[nH]c34)cc3c2NCCC3c2ccccc2)cc1
c1ccc(CNc2c(-c3cccc4cc[nH]c34)cc(-c3ccccc3)c3c2CCCN3)cc1
C1=Cc2c(ccc3c2C(=Cc2ccccc2)Oc2ccc(-c4ccccc4)cc2-3)NC1
c1ccc(CN(Cc2ccccc2)c2ccccc2)cc1
C1=Cc2c(ccc3c2C(=Cc2cccc(-c4ccsc4)c2)Oc2ccccc2-3)NC1
C1=C(CN(Cc2ccccc2)c2ccccc2)CC(c2ccccc2)=C1
O=S(=O)(c1ccc(C2=CCCc3ccccc32)cc1)N(CCCc1ccccc1)c1ccccc1
C1=Cc2c(ccc3c2C(=Cc2cccc(OCCc4ccccc4)c2)Oc2ccccc2-3)NC1
C1=Cc2c(ccc3c2C(=Cc2cccc(Cc4ccccc4)c2)Oc2ccccc2-3)NC1
C1=CC(c2ccccc2Oc2ccc(CNc3ccccc3)cc2)=CCC1
c1ccc(CCC(Cc2ccccc2)Cc2cc3ccccc3[nH]2)cc1
C1=Cc2c(ccc3c2C(=Cc2cccc(Oc4ccccc4)c2)Oc2ccccc2-3)NC1
c1ccc(CN(Cc2ccc(Oc3ccccc3)cc2)c2ccccc2)cc1
C1=Cc2c(ccc3c2C(=Cc2ccc(-n4ncc5ccccc54)cc2)Oc2ccccc2-3)NC1
c1ccc(Oc2ccc(Oc3ccc4c(cnn4-c4ccccc4)c3)cc2)cc1
c1ccc(-c2ccc(CN(c3ccccc3)c3ccccc3)cc2)cc1
c1ccc(CNCc2[nH]c3c(NCc4ccccc4)cccc3c2-c2ccccc2)cc1
c1ccc(-c2cccc(-n3ncc4cc(Oc5cccc(-n6cccc6)c5)ccc43)c2)cc1
C1=Cc2c(ccc3c2C(=Cc2cccc(-c4ccsc4)c2)Oc2ccccc2-3)NC1
C1=Cc2c(ccc3c2C(=Cc2ccc(-c4ccccc4)cc2)Oc2ccccc2-3)NC1
c1ccc(-c2ccccc2-c2ccc3ccccc3c2)cc1
C1=Cc2c(ccc3c2C(=Cc2ccc(-c4ccccc4)cc2)Oc2ccccc2-3)NC1
C1=Cc2c(ccc3c2C(=Cc2ccccc2)Oc2ccccc2-3)NC1
c1ccc(CNCc2[nH]c3c(-c4ccco4)cccc3c2-c2ccccc2)cc1
C(=C1Oc2ccc(Sc3nc4ccccc4o3)cc2-c2ccc3[nH]ccc3c21)c1ccccc1
C1=Cc2c(ccc3c2C(=Cc2ccccc2)Oc2ccc(-c4ccccc4)cc2-3)NC1
c1ccc(CN(Cc2ccc(Oc3cccc4c3NCC4)cc2)c2ccccc2)cc1
C(=C1Oc2ccccc2-c2ccc3ncccc3c21)c1cccc(-c2ccsc2)c1
c1ccc(CN(c2ccccc2)c2ccccc2-c2cc3ccccc3[nH]2)cc1
C1=Cc2c(ccc3c2C(=Cc2ccc(-c4ccccc4)cc2)Oc2ccccc2-3)NC1
c1ccc(-n2ncc3cc(-c4ccc(OCc5cccc6cc[nH]c56)cc4)ccc32)cc1
c1ccc(CNCc2[nH]c3ccccc3c2-c2ccccc2)cc1
c1ccc(-c2c(-c3cccc4cc[nH]c34)ccc3c2C(=NOc2ccc4c(c2)CCCN4)CCN3)cc1
c1ccc(CNCc2ccc(Oc3ccccc3)cc2)cc1
C1=Cc2c(ccc3c2C(=Cc2ccc(-c4ccccc4)cc2)Oc2ccccc2-3)NC1
c1ccc(CNc2c(-c3cccc4cc[nH]c34)cc(-c3ccccc3)c3c2CCCN3)cc1
c1ccc(-c2ccccc2-c2cccc3ccccc23)cc1
C1=CC(c2ccc(CCc3ccccc3)cc2)=C(OCc2cccs2)C1
c1ccc(CN(Cc2cccc3ncccc23)c2ccccc2)cc1
c1ccc(CN(Cc2ccccc2)c2cccc(-c3ccsc3)c2)cc1
C1=Cc2c(ccc3c2C(=Cc2ccccc2)Oc2ccc(C4=CCc5ccccc54)cc2-3)NC1
C1=Cc2c(ccc3c2C(=Cc2ccc4ccccc4c2)Oc2ccccc2-3)NC1
c1ccc(Cc2[nH]c3ccccc3c2-c2ccccc2)cc1
c1ccc(COc2ccc3c(cnn3-c3ccc(Cc4ccccc4)cc3)c2)cc1
C1=CC(C2C=Cc3c(ccc4c3C(=Cc3ccsc3)Oc3ccc(-c5ccccc5)cc3-4)N2)=CC1
C(=C1Oc2ccccc2-c2ccc3nc(-c4ccccc4)ccc3c21)c1ccccc1
C1=Cc2c(ccc3c2C(=Cc2ccccc2)Oc2cccc(Nc4ccccc4)c2-3)NC1
c1ccc(-n2ncc3cc(-c4cccc(-c5cccc6cc[nH]c56)c4)ccc32)cc1
c1ccc(CN(Cc2ccccc2)Cc2ccc(-c3cccc4cc[nH]c34)cc2)cc1
C1=Cc2c(ccc3c2C(=Cc2ccc(-c4ccccc4)cc2)OC2=C3C=CC2)NC1
C1=Cc2c(ccc3c2C(=CSc2nccs2)Oc2ccc(C4CCCCC4)cc2-3)NC1
c1ccc(Oc2cccc(Oc3ccccc3)c2)cc1
c1ccc(SCc2cccc(Nc3cc4ccccc4s3)c2)cc1
C1=C(CSCCc2ccccc2)c2cc(-c3ccccc3)ccc2NC1
c1ccc(CCCCCc2cccc(-c3c[nH]c4c(-c5ccccc5)cccc34)c2)cc1
c1ccc(CN(Cc2cc3ccccc3[nH]2)c2ccc(-c3ccnc4ccccc34)cc2)cc1
C1=CC(C2Oc3ccccc3-c3ccc(NCc4ccccc4)cc32)=CC1
O=C(NC1=CCC(c2ccccc2)=C1c1ccccc1)c1ccccc1
C1=Cc2c(ccc3c2C(=Cc2cccc(-c4ccccc4)c2)Oc2ccccc2-3)NC1
c1ccc(-c2ccccc2Cc2ccccc2-c2cccc3cc[nH]c23)cc1
c1ccc(CCCc2ccccc2)cc1
C(=C1Oc2ccccc2-c2ccc3ncccc3c21)c1cccc(-c2ccsc2)c1
C1=Cc2c(ccc3c2C(=Cc2cccc(-c4ccsc4)c2)Oc2ccccc2-3)NC1
c1ccc(CN(Cc2ccccc2)c2ccc(-c3ccccc3)cc2)cc1
c1ccc(CCCCc2ccc(Oc3ccccc3)cc2)cc1
c1ccc(CN(Cc2ccccc2)c2ccccc2)cc1
c1ccc(CNCc2ccc(Oc3ccccc3)cc2)cc1
c1ccc(CNCc2ccc(Sc3cccc4cc[nH]c34)cc2)cc1
C1=Cc2c(ccc3c2C(=Cc2ccccc2)Oc2cccc(Oc4ccccc4)c2-3)NC1
C1=C(Cc2ccccc2)c2c(ccc3c2C(=Cc2ccsc2)Oc2ccccc2-3)NC1c1ccccc1
c1ccc(CNc2ccc(-c3ccc4c(cnn4-c4ccccc4)c3)cc2)cc1
O=S(=O)(Nc1ccc(-c2ccc3c(cnn3-c3ccccc3)c2)cc1)c1ccccc1
C1=Cc2c(ccc3c2C(=Cc2cccc(Oc4ccccc4)c2)OC2=CCC=C23)NC1
C(=C1Oc2ccccc2-c2ccc3nc(-c4cccs4)ccc3c21)c1ccccc1
C(=C1Oc2ccccc2-c2ccc3[nH]c(Oc4ccccc4)cc3c21)c1ccccc1
c1ccc(-c2ccnc3ccc(-c4cc5ccccc5[nH]4)cc23)cc1
c1ccc(CNc2cccc(-c3ccccc3)c2-c2cc3ccccc3[nH]2)cc1
C1=CC(N(CCCc2ccccc2)Cc2ccc(-c3ccccc3)cc2)=CC1
O=C(c1ccccc1)c1cc(-c2c[nH]c3ccccc23)c(-c2ccccc2)c2c1NCCC2
C1=Cc2c(ccc3c2C(=Cc2cccs2)Oc2cccc(-c4ccccc4)c2-3)NC1
C(=C1Oc2ccccc2-c2ccc3c(c21)C(C1CC1)=CCN3)c1cccc(-c2ccccc2)c1
c1ccc(CCc2ccc(N3Cc4cc(-c5ccccc5)c5c(c4N=N3)CCC5)cc2)cc1
c1ccc(Oc2cccc(OCc3c(-c4ccccc4)ccc4c3CCCN4)c2)cc1
c1ccc(-c2cccc(-c3ccc4c(cnn4-c4ccccc4)c3)c2)cc1
O=S(=O)(Nc1ccc(-c2ccccc2)cc1)c1ccccc1Cc1ccccc1
c1cc(-c2cc3c(c(-c4ccc(-c5cnoc5)cc4)c2)NCCC3)c2cc[nH]c2c1
C1=Cc2c(ccc3c2C(=Cc2ccccc2-c2ccccc2)Oc2ccccc2-3)NC1
c1ccc(C(c2ccccc2)c2ccccc2)cc1
c1ccc(Cc2ccccc2Oc2ccccc2)cc1
c1cc(-c2ccsc2)cc(-c2c[nH]c3c(-c4ccc5c(c4)CCCN5)cccc23)c1
O=S(=O)(Nc1ccc(-c2ccccc2)cc1)c1ccc(Oc2ccccc2)cc1
O=C(Nc1cccnc1)c1ccc(-c2ccc(-c3ccccc3)cc2-c2ccccc2)cc1
C=C1Oc2ccc(-c3ccsc3)cc2-c2ccc3c(c21)C=CCN3
C(=Cc1cccc2cc[nH]c12)c1cc(C2CCCC2)c2cnn(-c3ccccc3)c2c1
C1=Cc2c(ccc3c2C(=CCC2=CCC(c4ccccc4)=C2)Oc2ccccc2-3)NC1
C1=CC(c2ccccc2Oc2ccccc2)c2cc(-c3c[nH]c4ccccc34)ccc2C1
c1ccc(CN(Cc2ccccc2)c2cccc(-c3ccccc3)c2)cc1
c1ccc(CN(Cc2ccccc2)c2ccccc2-c2ccccc2)cc1
C1=Cc2c(ccc3c2C(=Cc2cccc(-c4ccsc4)c2)Oc2ccccc2-3)NC1
c1ccc(CON=C2CCNc3ccc(-c4cccc5cc[nH]c45)c(-c4ccccc4)c32)cc1
C1=C(c2cccc3cnccc23)C(N(Cc2ccccc2)Cc2ccccc2)=CCC1
c1ccc(Oc2ccc(-c3ccccc3)cc2)cc1
c1cc(-c2cc(-c3cccc4cc[nH]c34)cc3c2NCCC3)c2ccncc2c1
C1=CCC2C(=C1)OC(=Cc1sccc1C=Nc1ccccc1)c1c2ccc2c1C=CCN2
C1=Cc2nccc(-c3ccc(Cc4ccccc4)cc3)c2C1
C1=Cc2c(ccc3c2C(=Cc2cccs2)Oc2ccc(-c4ccccc4)cc2-3)NC1
C(=C1Oc2cccc(-c3ccsc3)c2-c2ccccc21)c1ccccc1
O=C(CSc1nc2ccccc2s1)C1=CCC(c2cccc3c(-c4ccc5ccccc5c4)c[nH]c23)=C1
C1=Cc2c(ccc3c2C(=Cc2ccccc2)Oc2ccccc2-3)NC1
c1ccc(Oc2ccccc2-c2c(-c3ccccc3)[nH]c3ccccc23)cc1
c1ccc(Cc2ccccc2-c2ccc3c(cnn3-c3ccccc3)c2)cc1
O=S(=O)(c1ccccc1)c1ccccc1-c1cccc(-c2ccccc2)c1
C(=Cc1ccccc1Nc1cccc2c1cnn2-c1ccccc1)c1ccccc1
C1=CC(c2ccc(-c3cc4c(c(-c5ccc6ccccc6n5)c3)NCCC4)c3[nH]ccc23)=CCC1
c1ccc(-n2ncc3c(Nc4ccc(-n5ncc6c(CCC7CCCC7)cccc65)cc4)cccc32)cc1
c1ccc(-c2cc(-c3cccc4cc[nH]c34)cc3cccnc23)cc1
c1ccc2[nH]c(-c3ccc4c(c3)CCC(c3ccc(-c5cccc6cc[nH]c56)cc3)N4)cc2c1
O=S(=O)(Nc1ccccc1)c1ccc(-c2cc3ccccc3[nH]2)cc1
c1ccc(-c2ccc(-c3ccccc3)cc2)cc1
C(=Cc1sccc1-c1csc2ccccc12)CC1Oc2ccccc2-c2ccc3[nH]ccc3c21
C(=C1Oc2ccccc2-c2ccc3ncccc3c21)c1ccccc1-c1ccccc1
c1ccc(CCCCCC2Oc3ccccc3-c3ccc(NCc4ccccc4)cc32)cc1
c1ccc(CN(Cc2ccccc2)c2ccc(-c3ccccc3)cc2)cc1
c1ccc(CCc2ccc(-n3ncc4ccc(-c5ccsc5)cc43)cc2)cc1
c1ccc(CN(Cc2ccc(-c3ccccc3)cc2)c2ccccc2)cc1
c1ccc(CNc2cccc3c2cnn3-c2ccc(OCc3ccccc3)cc2)cc1
C1=C(Cc2ccccc2)c2c(ccc3c2C(=Cc2ccccc2)Oc2ccccc2-3)NC1
C1=C(c2ccccc2)CC=C1N(Cc1ccccc1)Cc1ccccc1
C(=Cc1ccccc1)Oc1cccc(Cc2cc3c(c(-c4ccccc4)c2)NCCC3)c1
c1ccc(Oc2ccc(Oc3ccccc3)cc2)cc1
C1=Cc2c(ccc3c2C(CCc2ccc(Oc4c[nH]c5ccccc45)cc2)Oc2ccccc2-3)NC1
c1ccc(-c2ccccc2-c2ccccc2)cc1
c1ccc(CCCCc2cc3ccc(-c4ccccc4)cc3[nH]2)cc1
C1=Cc2c(ccc3c2C(=Cc2cccs2)Oc2ccccc2-3)NC1
c1cc(CC2CCCc3cc(C4CNc5ccc(-c6cccc7cc[nH]c67)cc5C4)ccc32)c2[nH]ccc2c1
C(=C1Oc2ccccc2-c2ccccc21)c1cccc(-c2ccsc2)c1
C1=Cc2c(ccc3c2C(=Cc2ccccc2CCCc2c[nH]c4ccccc24)Oc2ccccc2-3)NC1
c1ccc(Cc2cccc(-c3ccccc3-c3cccs3)c2)cc1
c1ccc(-c2c[nH]c3ccc(-c4cccc5cc[nH]c45)cc23)cc1
c1ccc(Cc2ccccc2-c2c[nH]c3c(-c4ccccc4)cccc23)cc1
c1ccc(NCc2cccc(-c3cccc4cc[nH]c34)c2)cc1
c1ccc(CCCOc2ccc(Cc3ccccc3)cc2)cc1
C1=Cc2c(ccc3c2C(=Cc2cccc(-c4ccsc4)c2)Oc2ccccc2-3)NC1
C1=Cc2c(ccc3c2C(=Cc2ccc(-c4ccccc4)cc2)Oc2ccccc2-3)NC1
c1cc2c(c(-c3c(-c4cccc5cc[nH]c45)ccc4c3CC(Sc3ccc5ccccc5c3)CN4)c1)OCC2
c1ccc(-c2cccc3c2ncc2c(CN(c4ccccc4)c4cccc5cc[nH]c45)c[nH]c23)cc1
c1ccc(-n2ncc3cc(Oc4ccc5c(CCCc6csc7ccccc67)c[nH]c5c4)ccc32)cc1
c1ccc(Oc2cccc3c2NCCC3CSc2ccc3ccccc3c2)cc1
O=S(=O)(Nc1ccc(-c2ccc3c(cnn3-c3ccccc3)c2)cc1)c1ccccc1
C(=C1Oc2ccccc2-c2ccc3[nH]ccc3c21)c1ccc(Cc2ccccc2)cc1
C(=C1Oc2ccccc2-c2cccnc21)c1cccc(-c2ccccc2-c2ccsc2)c1
O=C1CNc2ccc(C=Cc3cccc4cc[nH]c34)cc2C1(Cc1cccs1)c1ccc2ccccc2c1
c1ccc(-c2cccc(OCCSc3nc4ccccc4s3)c2)cc1
C(=C1Oc2ccccc2-c2ccc3[nH]ccc3c21)c1ccccc1-c1ccccc1
c1ccc(CN(Cc2ccccc2)c2cccc(-c3ccsc3)c2)cc1
O=C(Nc1cccc(-c2ccccc2)c1)c1ccc(-c2ccccc2)c2c1CCCN2
c1ccc(CCCc2ccc(CSCCc3ccccc3)cc2)cc1
N=C1CCNc2cc(-c3ccccc3)c(C3=CC=CC3)c(Nc3cccc4ncccc34)c21
C1=Cc2c(ccc3c2C(=Cc2cccc(Oc4ccccc4)c2)Oc2ccccc2-3)NC1
C1=Cc2c(ccc3c2C(=Cc2cccc(-c4ccsc4)c2)Oc2ccccc2-3)NC1
c1ccc(Nc2cccc3c2cnn3-c2ccc(-c3ccccc3)cc2)cc1
C1=Cc2c(ccc3c2C(=Cc2ccc(Oc4ccccc4)cc2)Oc2ccccc2-3)NC1
c1ccc(CN(Cc2ccc(Oc3cccc(OCCONc4cccnc4)c3)cc2)c2ccccc2)cc1
c1ccc(-n2ncc3cc(Oc4cccc(-c5cc6ccccc6[nH]5)c4)ccc32)cc1
C1=Cc2c(ccc3c2C(=Cc2ccc(-c4ccccc4)cc2)Oc2ccccc2-3)NC1
C1=Cc2c(ccc3c2C(=CSc2nccs2)Oc2ccc(C4CCCCC4)cc2-3)NC1
O=S(=O)(Nc1ccccc1)c1ccc(-c2ccc3c(cnn3-c3ccccc3)c2)cc1
O=C(Nc1ccccc1)OOc1ccc2c(c1)C(=Cc1cccc(-c3ccsc3)c1)Oc1ccccc1-2
C(=C1Oc2cccc(-c3ccccc3)c2C2=CCCC=C12)c1ccccc1
c1ccc(Oc2ccc3cc[nH]c3c2-c2ccc3c(c2)CCCN3)cc1
C1=CC(c2cc3ccccc3s2)Nc2ccc(CCCSc3ccc4ccccc4c3)cc21
C1=Cc2c(ccc3c2C(=Cc2ccccc2)Oc2ccccc2-3)NC1
c1ccc(CNCc2[nH]c3c(-c4ccco4)cccc3c2-c2ccccc2)cc1
C1=CCCC(c2ccccc2Oc2ccc(CSc3nc4ccccc4o3)cc2)=C1
c1ccc(CCC(Cc2ccccc2)Cc2cc3cnccc3[nH]2)cc1
c1cc(-c2ccc(-c3ccsc3)cc2C2CCCCC2)c2[nH]ccc2c1
C(=C1Oc2ccccc2-c2cccc(-c3cccc4cc[nH]c34)c21)c1ccccc1
C1=Cc2c(ccc3c2C(=Cc2ccc(-c4ccccc4)cc2)Oc2ccccc2-3)NC1
c1cc(-c2ccc3c(cnn3-c3sccc3Nc3cccc4ncccc34)c2)c2[nH]ccc2c1
C1=Cc2c(ccc3c2C(=Cc2ccccc2)Oc2cccc(C4CC4)c2-3)NC1
C1=C(N(Cc2ccccc2)Cc2ccc(-c3ccccc3)cc2)c2ccccc2CC1
O=S(=O)(Cc1ccccc1)c1ccc(Cc2ccccc2)cc1
c1ccc(CNc2ccc(-c3cccc(-c4ccsc4)c3)cc2)cc1
c1ccc(-c2ccc(-c3ccc4c(cnn4-c4ccccc4)c3)cc2)cc1
c1ccc(CN(Cc2ccccc2)c2ccccc2-c2ccccc2)cc1
c1ccc(C2=Nc3c(cc(-c4cccc5cc[nH]c45)cc3-c3ccccn3)CC2)cc1
C1=CCC(CN(c2ccccc2)c2cccc(Nc3ccccc3)c2)=C1
c1ccc(CN(CC2CCCC2)c2cccc(-c3ccccc3)c2)cc1
c1ccc(-c2cccc3c2cnn3-c2ccc(Nc3cccc4c3cnn4-c3ccccc3)cc2)cc1
c1ccc(C2Oc3ccccc3-c3ccc(-c4cccc(-c5ccsc5)c4)cc32)cc1
c1ccc(Cc2cccc(CNc3ccccc3)c2)cc1
C1=Cc2c(ccc3c2C(=Cc2cccc(-c4ccccc4)c2)Oc2ccccc2-3)NC1
c1ccc(-c2cccc(CSc3ccc4ccccc4n3)c2)cc1
c1ccc(-c2ccc(-c3c(-c4cccc5cc[nH]c45)ccc4c3CCCN4)cc2)cc1
C=C1Oc2cccc(-c3ccccc3)c2-c2ccc3c(c21)C=CCN3
c1ccc(CCC(CCc2ccccc2)Cc2ccccc2)cc1
C(=CNc1ccccc1)Cc1cccc(N(Cc2ccccc2)Cc2ccccc2)c1
C1=Cc2c(ccc3c2C(=Cc2ccccc2)Oc2ccccc2-3)NC1
c1ccc(Oc2ccc(-n3ncc4ccccc43)cc2)cc1
c1ccc(-n2ncc3c(-c4cccc(Cc5cccc6cc[nH]c56)c4)cccc32)cc1
C1=CC(c2ccc(N(Cc3ccccc3)c3ccccc3)cc2)=CC1
c1ccc(CN(CCc2cccc(Oc3ccccc3)c2)Cc2ccccc2)cc1
c1ccc(-c2cc(-c3cccc4cc[nH]c34)cc3c2cnn3-c2ccccc2)cc1
c1ccc(CCc2cc(-c3cccc4cc[nH]c34)ccc2-c2ccsc2)cc1
c1ccc(C(Cc2c[nH]c3ccccc23)c2ccc3c(cnn3-c3ccccc3)c2)cc1
c1ccc2nc(-c3ccc(-c4cccc5ncccc45)cc3)ccc2c1
C(=C1Oc2ccccc2-c2ccccc21)c1cccc(Cc2cnn(-c3ccccc3)c2)c1
C1=CC(C=C2Oc3cccc(Cc4ccccc4)c3-c3ccc4c(c32)C=CCN4)=CC1
c1ccc(Oc2ccccc2)cc1
C1=Cc2c(ccc3c2C(=Cc2ccccn2)Oc2ccc(-c4ccccc4)cc2-3)NC1
C=C1Oc2ccc(Oc3cccc(Oc4ccccc4)c3)cc2-c2ccc3c(c21)C=CCN3
c1ccc(CCC(Cc2ccccc2Oc2ccccc2)Cn2ccc3ncccc32)cc1
c1ccc2c(c1)CCCC2(Cc1cc(-c2c[nH]c3ccccc23)cc2c1NCCC2)C1CCCC1
c1ccc(-c2ccccc2)cc1
O=S(=O)(Nc1ccc(-c2ccccc2)c(Cc2ccccc2)c1)c1ccc2c(cnn2-c2ccccc2)c1
c1ccc(CN(Cc2ccccc2)c2ccccc2)cc1
C1=Cc2c(ccc3c2C(=Cc2ccccc2)Oc2ccccc2-3)NC1
C1=CCCC(Nc2cccc3c2cnn3-c2ccc(-c3ccccc3)cc2)=C1
c1ccc(-c2ccc(CN(c3ccccc3)c3ccccc3)cc2)cc1
C1=C(Oc2ccccc2)c2c(ccc3c2C(=Cc2ccccc2)Oc2ccccc2-3)NC1
c1cc(-c2cc3c(c(-c4cccc5cc[nH]c45)c2)NCCC3)c2[nH]ccc2c1
c1ccc(-c2ccc3cc(-c4cccc5cc[nH]c45)ccc3n2)cc1
c1ccc(-c2c[nH]c3c(-c4ccc5c(c4)C(=Nc4cccc6cc[nH]c46)CCN5)cccc23)cc1
c1ccc(Oc2ccc(Oc3ccc4c(cnn4-c4ccccc4)c3)cc2)cc1
C1=C(CSc2ccccc2)c2cc(-c3ccccc3)ccc2NC1
C1=Cc2c(ccc3c2C(=Cc2ccccc2)Oc2ccccc2-3)NC1
C(=C1Oc2ccccc2-c2ccccc21)c1ccc(-c2ccccc2)cc1
c1ccc(CN(Cc2ccc(Oc3cccnc3)cc2)c2ccccc2)cc1
C1=Cc2c(ccc3c2C(=Cc2cccc(Oc4ccccc4)c2)Oc2ccccc2-3)NC1
C1=Cc2c(ccc3c2C(=Cc2ccccc2)Oc2ccccc2-3)NC1
c1ccc(CNc2cccc3c(-c4ccccc4)ccnc23)cc1
c1ccc(Sc2cc(-c3ccc(-c4ccccc4)c4cc[nH]c34)cc3c2NCCC3)cc1
c1cc(-c2cc3c(c(-c4ccc(-c5cnoc5)cc4)c2)NCCC3)c2cc[nH]c2c1
c1ccc(-c2ccc(-c3ccccc3)cc2)cc1
c1ccc(Oc2ccc(-c3ccc4ncccc4c3)c3[nH]ccc23)cc1
c1ccc(CN(Cc2ccccc2)c2ccccc2)cc1
c1ccc(Cc2cc(-c3ccc4c(cnn4-c4ccsc4)c3)ccc2-c2cccc3cc[nH]c23)cc1
C1=Cc2c(ccc3c2C(=Cc2ccc(-c4ccccc4)cc2)Oc2ccccc2-3)NC1
C1=CC(Cc2cccc(-c3ccc4c(c3)C(c3ccccc3)=CCN4)c2)=CC1
c1ccc2cc(COc3ccc4c(CCCc5csc6ccccc56)c[nH]c4c3)ccc2c1
C1=Cc2c(ccc3c2C(=Cc2ccc(-c4ccccc4)cc2)Oc2ccccc2-3)NC1
O=C(c1ccccc1)c1cc(-c2c[nH]c3ccccc23)cc2c1NCCC2
C1=Cc2c(ccc3c2C(=Cc2ccccc2)Oc2ccccc2-3)NC1
N=C1CCNc2ccc(-c3ccccc3)c(-c3ccccc3)c21
C=C1Oc2ccccc2-c2ccc3c(c21)C=CCN3
C1=CNc2c(cc(-c3cccc4[nH]ccc34)cc2-c2ccc(-c3cnoc3)cc2)C1
C1=Cc2c(ccc3c2C(=Cc2ccccc2)Oc2ccccc2-3)NC1
C(=C1Oc2ccc(C3CC3)cc2-c2ccc3ncccc3c21)c1ccccc1
C=C(Nc1cccc2ncccc12)c1cc(-c2cccc3cc[nH]c23)cc2c1NCCC2
c1ccc(-c2ccc(-c3cc4ccccc4s3)cc2)cc1
C(=C1Oc2ccccc2-c2ccccc21)c1ccccc1-c1ccccc1
C1=Cc2c(ccc3c2C(=Cc2ccccc2)Oc2cccc(Oc4ccccc4)c2-3)NC1
O=C(NCc1ccc(-c2ccccc2)cc1)c1ccccc1
c1ccc(-c2ccc(-c3cc4ccccc4s3)cc2)cc1
C1=Cc2c(ccc3c2C(=Cc2ccc(-c4ccccc4)cc2)Oc2ccccc2-3)NC1
c1ccc(CN(Cc2ccc(Oc3ccccc3)cc2)c2ccccc2)cc1
N=C1CCNc2ccc(-c3cccc4cc[nH]c34)c(-c3ccccc3)c21
c1ccc(Nc2cccc3c2cnn3-c2cccc(-c3ccccc3)c2)cc1
O=C(c1ccccc1)N(CC(CCc1c[nH]c2ccccc12)c1ccccc1)c1ccccc1
C1=Cc2c(ccc3c2C(=Cc2ccccc2)Oc2ccccc2-3)NC1
O=S(=O)(c1ccccc1)c1ccc(-c2ccc3c(cnn3-c3ccccc3)c2)c(-c2ccccc2)c1
C1=CCCC(CCc2cccc(Cc3ccc4c(cnn4-c4ccccc4)c3)c2)=C1
c1ccc(CCSCc2ccnc3ccc(-c4ccccc4)cc23)cc1
c1ccc(-c2cc(-c3cccc4cc[nH]c34)cc3c2NC(c2cccc4cc[nH]c24)CC3)cc1
C1=Cc2c(ccc3c2C(=Cc2ccc4c(cnn4-c4ccccc4)c2)Oc2ccccc2-3)NC1
c1ccc(NCCc2ccccc2Nc2ccccc2)cc1
c1ccc(CCCNc2cccc3c2cnn3-c2ccccc2)cc1
c1ccc(CN(Cc2ccccc2)c2cccc(-c3ccsc3)c2)cc1
c1ccc(CN(Cc2ccccc2)c2ccccc2)cc1
C(=C1Oc2ccccc2-c2ccc3[nH]ccc3c21)c1ccccc1-c1ccccc1
C1=C(CNc2cccc(Nc3ccccc3)c2)CC(c2ccccc2)=C1
C(=C1Oc2ccccc2-c2ccc3c(c21)C(Oc1ccccc1)CCC3)c1ccccc1
C1=C(c2cc3c(c4c2CCC4)N=NN(c2ccc(CCc4ccccc4)cc2)C3)CCCC1
C(=C1Oc2ccccc2-c2ccc3ncccc3c21)c1cccc(-c2ccsc2)c1
O=C(c1ccccc1)c1ccsc1C=C1Oc2cccc(OC3=CCCC3)c2-c2ccc3c(c21)C=CCN3
c1ccc(-c2ccc3c(cnn3-c3ccccc3)c2)cc1
O=C(c1ccccc1)c1cc(-c2c[nH]c3ccccc23)cc2c1C(c1ccccc1)=CC2
O=S(=O)(Nc1ccc(-c2ccccc2)c(Cc2ccccc2)c1)c1ccccc1
C(=C1Oc2ccccc2-c2ccccc21)c1ccc2c(c1)CCC(c1cccc3cc[nH]c13)N2
c1ccc(CNc2ccc3c(c2)COc2ccccc2-3)cc1
c1ccc(-c2ccc3c(cnn3-c3ccccc3)c2)cc1
C1=Cc2c(ccc3c2C(=Cc2ccc(-c4ccccc4)cc2)OC2=C3C=CC2)NC1
C(=C1Oc2ccccc2-c2ccccc21)c1cccc(-c2ccsc2)c1
O=C(c1cccc(Cc2ccc(Oc3ccccc3)cc2)c1)N1CCCCC1
c1ccc(-c2cccc(-c3ccccc3)c2)cc1
O=S(=O)(Nc1ccc(-c2ccc3c(cnn3-c3ccccc3)c2)cc1)c1ccccc1
C1=Cc2c(ccc3c2C(=Cc2cccc(-c4ccsc4)c2)Oc2ccccc2-3)NC1
C(=C1Oc2ccccc2-c2ccccc21)c1cccc(CCCCc2ccccc2)c1
C1=Cc2c(ccc3c2C(=CC2=CCC(Cc4ccccc4)=C2)Oc2ccccc2-3)NC1
C1=C(OOc2ccccc2)CC=C1N(Cc1ccccc1)Cc1ccc(-c2ccccc2)cc1
C1=Cc2c(ccc3c2C(=Cc2ccccc2)Oc2ccccc2-3)NC1
c1ccc(CN(Cc2ccccc2)c2ccccc2-c2ccc3[nH]ncc3c2)cc1
C1=C(c2cccc(-c3ccc(-c4ccsc4)cc3)c2)c2ccccc2C1
c1ccc2cc(SCC3CCNc4ccc(-c5cccc6cc[nH]c56)cc43)ccc2c1
c1ccc(C(Oc2ccc3c(cnn3-c3ccccc3)c2)c2ccc3ccccc3c2)cc1
O=S(=O)(Nc1ccccc1)c1ccc(-c2ccccc2)cc1
c1ccc(CN(CCc2ccc3c(cnn3-c3ccccc3)c2)Cc2ccccc2)cc1
c1ccc(CN(Cc2ccccc2)c2cccc(-c3ccsc3)c2)cc1
C1=CC(N(Cc2ccccc2)Cc2ccccc2-c2ccccc2)=CCC1
C1=Cc2c(ccc3c2C(=Cc2cccc(-c4ccsc4)c2)Oc2ccccc2-3)NC1
c1ccc(-n2ncc3c(-c4ccc(OSc5nc6ccccc6o5)cc4)cccc32)cc1
c1ccc(CCc2ccc(N3Cc4cc(-c5cccc6nccn56)c5c(c4N=N3)CCC5)cc2)cc1
c1ccc(CN(Cc2ccccc2)c2cccc(-c3ccsc3)c2)cc1
C1=CCCC(Oc2cc3c4c(ccc3[nH]2)-c2ccccc2OC4=Cc2ccccc2)=C1
c1ccc(CCCCc2ccccc2)cc1
C1=Cc2c(ccc3c2C(=Cc2cccc(-c4ccsc4)c2)Oc2ccccc2-3)NC1
C1=Cc2c(ccc3c2C(=Cc2cccc(-c4ccsc4)c2)Oc2ccccc2-3)NC1
C1=Cc2c(ccc3c2C(=Cc2cccc(Oc4ccccc4)c2)Oc2ccccc2-3)NC1
C1=CC(N(Cc2ccccc2)Cc2ccc(Oc3ccccc3)cc2)=CC1
c1ccc(CNCc2cccc(C3CCNc4ccc(-c5cccc6cc[nH]c56)cc43)c2)cc1
c1ccc(-c2ccc(-c3ccccc3)cc2)cc1
c1ccc2c(c1)cnn2-c1ccc(-c2cc3ccncc3s2)cc1
c1ccc(Cc2ccc(-c3ccccc3)cc2)cc1
O=S(=O)(c1ccccc1)C(CCc1ccccc1-c1ccsc1)(Cc1cc2cnccc2[nH]1)C1CC1
C1=Cc2c(ccc3c2C(=Cc2cccc(-c4ccsc4)c2)Oc2ccccc2-3)NC1
c1ccc(-c2ccc(-c3ccccc3)cc2)cc1
c1ccc(CNc2cccc(Cc3ccnc4ccccc34)c2)cc1
c1ccc(CCCCc2ccc(-c3ccccc3)cc2)cc1
C1=Cc2c(ccc3c2C(=Cc2ccccc2)Oc2ccccc2-3)NC1
c1ccc(Nc2cccc(-c3ccccc3)c2)cc1
C1=Cc2c(ccc3c2C(=Cc2ccccc2)Oc2cccc(Oc4cccs4)c2-3)NC1
C1=Cc2c(ccc3c2C(=CC2=CCC(c4ccsc4)=C2)Oc2ccccc2-3)NC1
C(=C1Oc2ccccc2-c2ccc3ncccc3c21)c1cccc(-c2ccsc2)c1
c1ccc2c(-c3cc4c(c(-c5ccc6c(c5)CCCN6)c3)NCCC4)c[nH]c2c1
C1=CC(C=C2Oc3ccccc3-c3ccc4c(c32)C=CC(c2ccccc2)N4)=CCC1
c1ccc(Oc2ccccc2Nc2cccc3c2cnn3-c2ccccc2)cc1
c1ccc(CN(Cc2ccccc2)c2ccccc2)cc1
c1ccc(-c2c(-c3cccc4cc[nH]c34)ccc3c2CC(c2ccccc2)CN3)cc1
c1ccc(-c2ccc(-c3ccccc3)cc2)cc1
C(=C1Oc2ccccc2-c2ccccc21)c1cccc(-c2ccsc2)c1
c1ccc(CN(c2ccccc2)c2ccccc2)cc1
C1=Nc2c(cccc2-c2ccc3c(c2-c2ccccc2)C(=NOCc2ccccc2)CCN3)C1
c1ccc(-n2ncc3cc(-c4cccc(-c5cccc6cc[nH]c56)c4)ccc32)cc1
c1ccc(-c2ccc(-c3ccc4c(cnn4-c4ccccc4)c3)cc2)cc1
c1ccc(CCCCCCc2ccccc2)cc1
C1=CC(Oc2cccc3c2-c2ccc4c(c2C(=Cc2ccccc2)O3)C=CCN4)=CCC1
c1ccc(Cc2ccc(Oc3ccccc3)cc2)cc1
C(=C1Oc2ccccc2-c2ccc3ncccc3c21)c1ccc(-c2ccccc2)cc1
c1ccc(-c2cc(-c3cccc4[nH]ccc34)cc3c2NCCC3)cc1
c1ccc(CN(Cc2ccc(-c3ccccc3)cc2)c2ccncc2)cc1
c1ccc(-c2c(-c3cccc4cc[nH]c34)ccc3c2CCCN3)cc1
O=S(=O)(c1ccc(-c2ccccc2)cc1)c1ccc(-c2cccs2)cc1
c1ccc(-c2c(-c3cccc4cc[nH]c34)ccc3c2CCCN3)cc1
N=C1CCNc2ccc(-c3cccc4cc[nH]c34)c(-c3ccc4ccccc4c3)c21
c1ccc(-c2ccc3c(cnn3-c3ccccc3)c2)cc1
O=C(c1ccccc1)c1ccccc1C=C1Oc2ccccc2-c2ccc3c(c21)C=CCN3
c1ccc(-c2c(-c3cccc4cc[nH]c34)ccc3c2CC(c2ccccc2)CN3)cc1
O=S(=O)(Nc1ccc(-c2ccc3c(cnn3-c3ccccc3)c2)cc1)c1ccccc1
C1=C(CSCCc2ccccc2)c2cc(-c3ccccc3)ccc2NC1
c1ccc(C(CCCc2ccc3ccccc3n2)c2ccccc2)cc1
C1=Cc2c(ccc3c2C(=Cc2ccccc2-c2ccccc2)Oc2ccccc2-3)NC1
C1=C(CCCCCc2ccc(-c3cccc4cc[nH]c34)cc2)c2ccccc2C1
c1ccc(-c2cc(-c3cccc4[nH]ccc34)cc3c2NCCC3)cc1
c1ccc(NCCc2ccccc2Nc2ccccc2)cc1
C1=Cc2c(ccc3c2C(=Cc2ccccc2)Oc2ccccc2-3)NC1
C1=Cc2c(ccc3c2C(=Cc2ccccc2)Oc2ccccc2-3)NC1
c1ccc(CNCc2[nH]c3c(-c4ccco4)cccc3c2-c2ccccc2)cc1
C1=Cc2c(ccc3c2C(=Cc2ccc4ccccc4c2)Oc2ccccc2-3)NC1
c1ccc(-c2ccc(-c3ccccc3)cc2)cc1
C1=CC(c2ccccc2)Nc2ccc3c(c21)C(=Cc1ccccc1)Oc1ccccc1-3
C(=C1Oc2ccccc2-c2ccc3ncccc3c21)c1sccc1-c1ccccc1
C1=Cc2c(ccc3c2C(=Cc2ccccc2)Oc2ccccc2-3)NC1
c1ccc(-n2ncc3cc(Cc4ccccc4-c4cccc5cc[nH]c45)ccc32)cc1
c1ccc(-n2ncc3cc(-c4cccc(-c5ccsc5)c4)ccc32)cc1
c1ccc(CN(Cc2ccccc2)c2cccc(-c3ccsc3)c2)cc1
O=S(=O)(Nc1ccccc1)c1ccc(-c2ccc3c(cnn3-c3ccccc3)c2)cc1
c1ccc(CCCCc2ccccc2)cc1
c1ccc(-c2ccc3c(c2)C(c2ccccc2)Oc2ccccc2-3)cc1
C1=Cc2c(ccc3c2C(=Cc2ccccc2-c2ccccc2)Oc2ccccc2-3)NC1
c1cc(-c2cc3c(c(-c4ccc(-c5cnoc5)cc4)c2)NCCC3)c2cc[nH]c2c1
c1ccc(CC(c2ccccc2)c2ccc3c(cnn3-c3ccccc3)c2)cc1
c1ccc(-n2ncc3ccc(Oc4ccccc4-c4c[nH]c5ccccc45)cc32)cc1
c1ccc(-n2ncc3c(-c4ccc5c(c4)-c4ccccc4CC5)cccc32)cc1
c1ccc(-c2ccccc2CCCCn2ccc3ncccc32)cc1
c1ccc(-c2ccc(-c3ccc4c(c3)C(c3ccsc3)CCN4)c3[nH]ccc23)cc1
c1ccc(-c2ccc(C3CCc4cc(-c5c[nH]c6ccccc56)ccc4N3)c3[nH]ccc23)cc1
c1ccc(-n2ncc3cc(-c4cccc(-c5ccsc5)c4)ccc32)cc1
c1ccc(-c2cccc(-c3ccc4c(cnn4-c4ccccc4)c3)c2)cc1
c1ccc(NCc2ccc(Oc3ccccc3)cc2)cc1
C(=C1Oc2ccccc2-c2ccc3ncccc3c21)c1ccc(-c2ccccc2)cc1
C1=CC(n2ncc3c(-c4cc(-c5cccc6cc[nH]c56)cc5cccnc45)cccc32)=CCC1
c1ccc(-c2ccc(-c3cc4ccccc4s3)cc2)cc1
c1ccc(-c2cccc(Cc3ccc4c(cnn4-c4ccccc4)c3)c2)cc1
c1ccc2c(c1)CCCC2Cc1c(-c2cccc3cc[nH]c23)ccc2c1C(c1cccc3cc[nH]c13)CCN2
C1=Cc2c(ccc3c2C(=Cc2ccccc2)Oc2cccc(Oc4ccccc4)c2-3)NC1
C1=CC(c2c(-c3cccc4cc[nH]c34)ccc3c2CC(CCc2ccccc2)CN3)=CCC1
C(=Cc1ccccc1)CCCN(Cc1ccccc1)Cc1ccc(CCc2ccccc2)cc1
C1=CCC(C=C2Oc3cccc(-c4cccc5c4NC=CC5)c3-c3ccc4c(c32)C=CCN4)=C1
c1ccc(-c2ccc(-c3cccc4ncccc34)cc2)cc1
C1=Cc2c(ccc3c2C(=Cc2ccc4c(c2)CCCC4)Oc2ccccc2-3)NC1
C1=C2OC(=Cc3ccccc3)c3c(ccc4c3C(c3cccc5cc[nH]c35)=CCN4)C2=CC1
C1=Cc2c(ccc3c2C(=Cc2ccccc2)Oc2ccc(-c4cccc5cc[nH]c45)cc2-3)NC1
c1ccc(CN(c2ccccc2)c2ccccc2)cc1
O=S(=O)(Nc1ccc(-c2ccccc2)c(Cc2ccccc2)c1)c1ccccc1
O=C(Nc1ccccc1)n1ncc2c(Nc3ccccc3Cc3ccnc4ccccc34)cccc21
O=S(=O)(Nc1ccc(-c2ccc3c(cnn3-c3ccccc3)c2)cc1)c1ccccc1
c1ccc(OCOCc2ccccc2Cc2cc3ccccc3[nH]2)cc1
c1ccc(Cc2c(-c3ccccc3)ccc3c2C(=Nc2ccccc2)CCN3)cc1
c1ccc(-c2ccc(-c3ccc4c(cnn4-c4ccccc4)c3)cc2)cc1
C1=CC(N(Cc2ccccc2)Cc2ccc(Oc3ccccc3)cc2)=CC1
c1ccc(CNCc2ccc(Oc3ccccc3)cc2)cc1
c1ccc(-c2cccc3cc4ccccc4nc23)cc1
c1ccc(CCC(CCc2ccccc2)Cc2ccccc2)cc1
c1ccc(NCCc2ccccc2Nc2ccccc2)cc1
C1=C(Cc2ccccc2)CC=C1c1cccc2c1-c1ccc3ncccc3c1CO2
c1ccc(Nc2ccc3c(c2)COc2ccccc2-3)cc1
c1ccc(-n2ncc3cc(-c4cccc5c4cnn5-c4ccccc4)ccc32)cc1
C1=Cc2c(ccc3c2C(=Cc2sccc2CNc2ccccc2)Oc2ccccc2-3)NC1
c1ccc(-c2c(-c3cccc4cc[nH]c34)ccc3c2CC(c2ccccc2)CN3)cc1
C1=Cc2c(ccc3c2C(=Cc2cccs2)Oc2cccc(Cc4ccccc4)c2-3)NC1
C1=Cc2c(ccc3c2C(=Cc2ccccc2)Oc2cccc(Oc4cccs4)c2-3)NC1
c1ccc(C(c2ccccc2)c2csc(SCc3cccc(-c4cccc5cc[nH]c45)c3)n2)cc1
c1ccc(CNc2cccc(-c3ccccc3)c2)cc1
C=C1Oc2ccc(-c3ccccc3)cc2-c2ccc3c(c21)C=CCN3
c1ccc(CN(Cc2ccc(-c3ccccc3)cc2)c2ccccc2)cc1
C1=Cc2c(ccc3c2C(=Cc2cccc(Oc4ccccc4)c2)OC2=C3C=CC2)NC1
C1=Cc2c(ccc3c2C(=Cc2ccccc2)Oc2cccc(-c4ccccc4)c2-3)NC1
C1=Cc2c(ccc3c2C(=Cc2ccccn2)Oc2ccc(-c4ccccc4)cc2-3)NC1
C1=C(C2=CC=C(c3cccc4cc[nH]c34)C2)C=C(n2ncc3cc(-c4ccccc4)ccc32)C1
O=S(=O)(Nc1ccccc1)c1ccc(-c2ccccc2-c2cc3ccccc3[nH]2)cc1
C1=Cc2c(ccc3c2C(=Cc2cccc(-c4ccsc4)c2)Oc2ccccc2-3)NC1
C(=C1Oc2ccccc2-c2ccc3[nH]ccc3c21)c1ccc(Cc2ccccc2)cc1
C(=Cc1ccccc1Nc1cccc2c1cnn2-c1ccccc1)c1ccccc1
c1ccc(-c2ccc3c(cnn3-c3ccccc3)c2)cc1
O=S(=O)(c1ccccc1)c1ccccc1CN(Cc1ccccc1)c1ccccc1
c1ccc(CNCc2ccc(Oc3ccccc3)cc2)cc1
C1=CC(c2ccc(C=C3Oc4ccccc4-c4ccc5c(c43)C=CCN5)cc2)=CC1
C1=Cc2c(ccc3c2C(=Cc2ccccc2)Oc2ccc(C4CCCCC4)cc2-3)NC1
c1ccc(-c2ccc3c(cnn3-c3ccccc3)c2)cc1
O=S(=O)(Nc1ccccc1)c1ccc(-c2ccccc2)c(Cc2ccccc2)c1
C1=Cc2c(ccc3c2C(CC=CCc2ccc4ccccc4c2)Oc2ccccc2-3)NC1
C1=C(CN(Cc2ccccc2)c2ccccc2)CC(c2ccccc2)=C1
c1ccc(-c2cc(-c3cccc4[nH]ccc34)cc3c2NCCC3)cc1
C1=CC(N(Cc2ccccc2)Cc2ccc(-c3ccccc3)cc2)=CC1
c1ccc(CCc2cccc(Oc3ccccc3)c2)cc1
O=S(=O)(Nc1ccc(-c2ccccc2)cc1)c1ccccc1
C1=Cc2c(ccc3c2C(=Cc2ccccc2)Oc2ccccc2-3)NC1
C(=C1Oc2ccccc2-c2ccc3nc(-c4ccsc4)ccc3c21)c1ccccc1
c1ccc2c(CCc3ccc4c(cnn4-c4ccc(-c5cc6ccncc6s5)cc4)c3)ccnc2c1
C1=C(CSCCCCc2ccccc2)c2cc(-c3ccccc3)ccc2NC1
c1ccc(-c2cc3c(c(CC4(C5CCCC5)CCCc5ccccc54)c2)NCCC3)cc1
c1ccc(Cc2ccccc2-c2ccc3c(cnn3-c3ccccc3)c2)cc1
c1ccc(NCc2ccc(-c3cccc4cc[nH]c34)cc2)cc1
O=S(=O)(Nc1ccc(-c2ccc3c(cnn3-c3ccccc3)c2)cc1)c1ccccc1
c1ccc(CNCc2[nH]c3ccccc3c2-c2ccc(-c3ccccc3)cc2)cc1
C(=C1Oc2ccccc2-c2ccc3c(c21)C(Oc1ccccc1)CCC3)c1ccccc1
c1ccc(CNc2ccccc2-c2ccc(Cc3ccccc3)cc2)cc1
c1ccc(CC(Oc2ccc3c(cnn3-c3ccccc3)c2)c2ccccc2)cc1
c1ccc(C(c2ccccc2)c2ccccc2Cc2ccnc3ccccc23)cc1
C1=Cc2c(ccc3c2C(=Cc2ccccc2)Oc2ccccc2-3)NC1
c1ccc(Nc2ccc3c(c2)C(c2ccccc2)Oc2ccccc2-3)cc1
O=S(=O)(Nc1ccccc1)c1ccc(-c2ccc3c(cnn3-c3ccccc3)c2)cc1
c1ccc(Oc2cccc(OCc3c(-c4ccccc4)ccc4c3CCCN4)c2)cc1
O=S(=O)(Nc1ccccc1)c1ccc(C2=CC=CC2)c(Cc2ccc3c(c2)CCCN3)c1
C(=C1Oc2ccccc2-c2ccc3ncccc3c21)c1ccccc1
c1ccc2cc(SCC3CCNc4ccc(-c5cccc6cc[nH]c56)cc43)ccc2c1
c1ccc(CCc2cccc(-c3ccccc3)c2)cc1
c1ccc(-c2ccc3[nH]c(-c4cccc5ncccc45)cc3c2)cc1
C1=Cc2c(ccc3c2C(=Cc2ccc(-c4ccccc4)cc2)Oc2ccccc2-3)NC1
C1=Nc2ccc(-c3cccc(CSOc4ccc5ccccc5c4)c3)cc2C12CCCCC2
C1=Cc2c(ccc3c2C(=Cc2cccc(-c4ccsc4)c2)Oc2ccccc2-3)NC1
C(=C1Oc2ccccc2-c2ccc3[nH]c4cccc-4cc3c21)c1cccs1
c1ccc(Oc2cccc(OCc3c(-c4ccccc4)ccc4c3CCCN4)c2)cc1
C1=CC(N(Cc2ccccc2)Cc2ccc(CCc3cc4ccccc4[nH]3)cc2)=CC1
C1=Cc2ccc(-c3cccc4cc[nH]c34)c(-c3ccccc3)c2C1
C1=Cc2c(ccc3c2C(Cc2ccc(-c4ccccc4)cc2)Oc2ccccc2-3)NC1
C1=Cc2c(ccc3c2C(=Cc2ccccc2-c2ccccc2)Oc2ccccc2-3)NC1
C1=C(CCCCc2cc3ccccc3[nH]2)C=C(c2ccccc2)C1c1cccc2cc[nH]c12
c1cc(-c2cc3c(c(-c4ccc(-c5cnoc5)cc4)c2)NCCC3)c2cc[nH]c2c1
c1ccc(-c2ccc3c(c2)C(=Nc2ccc(C4CCCC4)cc2)CCN3)cc1
C1=Cc2c(ccc3c2C(=Cc2ccccc2)OC2=C3C=C(c3ccccc3)C2)NC1
c1ccc(CN(Cc2ccccc2)c2ccccc2)cc1
C1=CCC(c2ccc(N=C3CCNc4ccc(-c5cccc6cc[nH]c56)cc43)cc2)=C1
C1=Nc2c(cc(Cc3ccccc3)cc2-c2ccc3ccccc3n2)CC1
c1ccc(C2=Nc3cc(-c4ccc(-n5ncc6cc7c(cc65)CCCC7)cc4)ccc3C2)cc1
C(Sc1nccs1)=C1Oc2ccc(C3CCCCC3)cc2-c2ccc3ncccc3c21
C(=CCc1ccc2c(c1)C(=NOCc1ccccc1)CCN2)CCCc1ccccc1
C=C(c1ccccc1)c1ccsc1-c1ccccc1
C1=Cc2c(ccc3c2C(=Cc2cccc(OCc4ccccc4)c2)OC2=C3CC=CC2)NC1
O=S(=O)(NCCSCCCc1ccc(Oc2ccccc2)cc1)c1ccccc1
C1=Cc2c(ccc3c2C(=Cc2ccc(CNCc4ccccc4)cc2)Oc2ccccc2-3)NC1
c1ccc(CN(Cc2ccccc2)c2ccccc2)cc1
O=S(=O)(NC(Cc1ccc2ccccc2c1)c1ccccc1)c1ccccc1-c1ccccc1
C1=C(CSCCc2ccccc2)c2cc(-c3ccccc3)ccc2NC1c1cccc2cc[nH]c12
c1ccc(Cc2c(-c3cccc4cc[nH]c34)ccc3c2CCCN3)cc1
c1ccc(CCc2cccc(-c3ccccc3)c2)cc1
c1ccc(Nc2cccc(-c3ccccc3)c2)cc1
c1ccc(Oc2ccccc2Nc2cccc3c2cnn3-c2ccccc2)cc1
C1=Cc2c(ccc3c2C(=Cc2cccc(-c4ccsc4)c2)Oc2ccccc2-3)NC1
c1ccc(C2=Nc3cc(-c4ccc(-c5cccc6c5NCCC6)cc4)ccc3C2)cc1
c1ccc(Cc2cc(-c3ccc4c(cnn4-c4ccsc4)c3)ccc2-c2cccc3cc[nH]c23)cc1
C1=Cc2c(ccc3c2C(=Cc2ccccc2)Oc2ccccc2-3)NC1
c1ccc(CC(Oc2ccc3c(cnn3-c3ccccc3)c2)c2ccccc2)cc1
C1=C(CNc2cccc(Nc3ccccc3)c2)CC(c2ccccc2)=C1
c1ccc(-c2ccc(-c3c(-c4cccc5cc[nH]c45)ccc4c3CCCN4)cc2)cc1
C1=Cc2c(ccc3c2C(=Cc2ccc(-c4ccccc4)cc2)OC2=C3C=CC2)NC1
C1=CC(c2ccc(-n3ncc4cc(-c5cccc6c5cnn6-c5ccccc5)ccc43)cc2)=CC1
c1ccc(Oc2ccc(-c3ccc4ncccc4c3)c3[nH]ccc23)cc1
c1ccc(Cc2cccc(Nc3cccc4ncccc34)c2)cc1
c1ccc(CCc2ccc(-c3ccccc3)cc2)cc1
c1ccc(-n2ncc3cc(-c4ccc(Cc5cccc6cc[nH]c56)cc4)ccc32)cc1
c1ccc(-n2ncc3cc(-c4cccc(-c5ccc6c(cnn6-c6ccccn6)c5)c4)ccc32)cc1
O=C(c1cccnc1)N(Cc1ccc(-c2cccc3cc[nH]c23)cc1)c1ccccc1
c1ccc2c(c1)CCCC2(CCSc1nc2ccccc2s1)Cc1csc2ccccc12
c1ccc(CN(Cc2ccccc2)c2ccccc2)cc1
C(=C1Oc2ccccc2-c2ccc3[nH]ccc3c21)c1ccccc1
O=S(=O)(c1ccc(-c2c[nH]c3ccccc23)cc1)c1ccccc1-c1ccccn1
C(=Cc1ccc(Cc2ccc(-c3cccc4cc[nH]c34)cc2)cc1)CNCc1ccccc1
c1ccc(CN(Cc2ccc(Oc3ccccc3)cc2)c2ccccc2)cc1
O=S(=O)(Nc1ccc(-c2ccc3c(cnn3-c3ccccc3)c2)cc1)c1ccccc1
C1=CC(CC2CCCc3ccccc32)Nc2ccc3c(c21)C(=CC1=CCCCC1)Oc1ccccc1-3
C1=C(CCCCc2cc3ccccc3[nH]2)C=C(c2ccccc2)C1c1ccccc1
c1ccc(CN(Cc2ccc(Cc3c[nH]c4ccccc34)cc2)c2ccccc2)cc1
c1ccc(Cc2ccc3c(cnn3-c3ccc(-c4ccccc4)cc3)c2)cc1
O=S(=O)(Nc1ccc(-c2ccc3c(cnn3-c3ccccc3)c2)cc1)c1ccccc1
c1ccc(Oc2ccc3c(cnn3-c3ccc(-c4ccccc4)cc3)c2)cc1
C1=Cc2c(ccc3c2C(=Cc2ccccc2)Oc2ccccc2-3)NC1
C1=CC(N(Cc2ccccc2)Cc2ccc(-c3ccccc3)cc2)=CC1
C1=NCNc2ccc3c(c21)C(=Cc1ccc(-c2ccccc2)cc1)Oc1ccccc1-3
C1=Cc2c(ccc3c2C(=Cc2csc4ccccc24)Oc2ccccc2-3)NC1
c1ccc(CN(Cc2ccccc2)c2ccccc2-c2ccc3[nH]ncc3c2)cc1
c1ccc(-c2ccc(-c3ccc4ncccc4c3)c3[nH]ccc23)cc1
c1ccc(CNc2cccc3c(-c4ccccc4)ccnc23)cc1
c1ccc(-n2ncc3cc(-c4cc(-c5cccc6cc[nH]c56)cc5c4NCCC5)ccc32)cc1
c1ccc(Cn2ncc3cc(OC(c4ccccc4)c4ccccc4)ccc32)cc1
C(=C1Oc2ccccc2-c2nc3ccccc3cc21)c1cccc(-c2ccsc2)c1
C1=CC(N(Cc2ccccc2)Cc2ccccc2-c2ccccc2)=CCC1
c1ccc(C(OCc2c[nH]c3ccccc23)c2ccc3c(cnn3-c3ccccc3)c2)cc1
C1=Cc2c(ccc3c2C(=Cc2ccc(-c4ccccc4)cc2)Oc2ccccc2-3)NC1
c1ccc(CNCc2[nH]c3ccccc3c2-c2ccccc2)cc1
C1=Cc2c(ccc3c2C(=CC2=CCCC=C2c2ccccc2)Oc2ccccc2-3)NC1
c1ccc(Oc2cccc(-c3ccccc3)c2)cc1
c1ccc(CN(Cc2ccc(Oc3ccccc3)cc2)c2ccccc2)cc1
c1ccc(Cc2[nH]c3ccccc3c2-c2ccccc2)cc1
C1=Cc2c(ccc3c2C(=Cc2ccccc2)Oc2ccccc2-3)NC1
O=S(=O)(CC=Cc1ccccc1)c1ccc(Cc2ccccc2)cc1
c1ccc(-c2cccc(-c3ccccc3)c2)cc1
c1ccc(C(c2ccc3[nH]ncc3c2)c2ccc3c(cnn3-c3ccccc3)c2)cc1
C1=Cc2c(ccc3c2C(=Cc2ccccc2)Oc2ccccc2-3)NC1
c1ccc(Cc2cc3cc(-c4ccc5c(c4)CCCC5)ccc3[nH]2)cc1
C1=CC(N(Cc2ccccc2)Cc2ccccc2)C(Oc2ccccc2)=C1
c1ccc(NCc2ccc(Oc3ccccc3)cc2)cc1
c1ccc(CN(Cc2ccc(Oc3ccccc3)cc2)c2ccccc2)cc1
C(=C1Oc2ccccc2-c2ccc3[nH]cc(Cc4ccncc4)c3c21)c1ccccc1
C1=CC(N(Cc2ccccc2)Cc2ccc(-c3ccccc3)cc2)=CC1
O=C(Nc1ccccc1)c1ccccc1C=C1Oc2ccccc2-c2ccc3c(c21)C=CCN3
c1ccc(CN(Cc2ccccc2)c2ccccc2)cc1
c1cc(-c2cc3c(c(-c4ccc(-c5cnoc5)cc4)c2)NCCC3)c2cc[nH]c2c1
c1ccc(Cc2cccc(-c3ccccc3)c2)cc1
c1ccc(-c2ccc3c(cnn3-c3ccccc3)c2)cc1
c1ccc(Oc2ccc(OOc3ccccc3-c3c[nH]c4ccccc34)cc2)cc1
c1ccc(NC(Cc2ccc3ccccc3c2)c2ccccc2)cc1
C1=CC(N(Cc2ccccc2)Cc2ccccc2-c2ccccc2)=CCC1
c1cc(-c2ccsc2)cc(-c2ccc3c(cnn3CCc3cc4ccccc4[nH]3)c2)c1
C1=Cc2c(ccc3c2C(=Cc2ccccc2)Oc2ccccc2-3)NC1
C=C(Cc1ccccc1)c1ccc(-n2ncc3cc(C4=CC=CC4)ccc32)cc1
c1ccc(-c2cccc(CNCc3cccc4cc[nH]c34)c2)cc1
c1ccc(-c2ccc(-c3ccccc3)cc2)cc1
c1ccc(Cc2ccc(-c3ccccc3)cc2)cc1
c1ccc(Oc2cccc(OCCCCc3cc4ccccc4[nH]3)c2)cc1
C1=Cc2c(ccc3c2C(=Cc2ccccc2)Oc2ccccc2-3)NC1
c1ccc(Oc2ccc(CN(Cc3cccnc3)c3ccccc3)cc2)cc1
C1=CCCC(CN(Cc2cccc(CC3CCCc4ccccc43)c2)C2=CCCc3ccccc32)=C1
C1=Cc2c(ccc3c2C(=Cc2ccc(-c4ccccc4)cc2)Oc2ccccc2-3)NC1
c1ccc(-c2ccc(-c3cccc4cc[nH]c34)cc2)cc1
c1ccc(CN(c2ccccc2)c2ccccc2)cc1
C(=C1Oc2ccccc2-c2ccccc21)c1ccccc1
O=S(=O)(Nc1ccccc1)c1ccc(-c2ccccc2)cc1
c1ccc(CC(NCCc2cc3ccccc3[nH]2)c2ccccc2)cc1
C1=CC(N(Cc2ccccc2)Cc2ccc(-c3ccccc3)cc2)=CC1
c1ccc(-n2ncc3cc(-c4cccc(-c5ccsc5)c4)ccc32)cc1
O=C(Nc1ccc(-n2ncc3c(-c4ccccc4)cccc32)cc1)c1cccc(-n2ncc3ccccc32)c1
c1cc(-c2cc(C3CCCc4ccc5c(c43)CCCC5)cc3c2NCCC3)c2[nH]ccc2c1
O=C(Nc1ccccc1)C(CCC1=CCCC1)(CC1CCCCC1)c1ccccc1
C1=C(Oc2ccccc2)c2cccc(-c3cc(-n4ncc5c(NC6CCCCC6)cccc54)c[nH]3)c2C1
c1ccc(CN(Cc2ccccc2)c2ccccc2)cc1
c1ccc(-c2ccccc2-c2ccccc2)cc1
C=C(c1ccccc1)c1ccsc1-c1ccccc1
c1ccc2cc(SCc3c(Cc4cc5ccncc5[nH]4)[nH]c4ccccc34)ccc2c1
C1=C(CN(Cc2cccc3ncccc23)c2ccccc2)C=C(c2ccccc2)C1
C1=Cc2c(ccc3c2C(=Cc2ccccc2)OC2=C3C=C(c3ccccc3)C2)NC1
C1=CC(N(CCCc2ccccc2)Cc2ccc(-c3ccccc3)cc2)=CC1
c1ccc(CCCON=C2CCNc3ccc(-c4cccc5cc[nH]c45)cc32)cc1
C1=CCC(C2=CC(n3ncc4cc(-c5ccccc5CNc5ccccc5)ccc43)=CC2)=C1
c1ccc(NCc2ccc(Oc3ccccc3)cc2)cc1
c1ccc(CN(Cc2ccc(Oc3cccnc3)cc2)c2ccccc2)cc1
C1=Cc2c(ccc3c2C(=Cc2cccs2)OC2=C3C(ONCc3ccccc3)=CC2)NC1
c1ccc(Cc2ccc(-c3ccccc3)cc2)cc1
c1ccc(CN(Cc2ccccc2)c2ccccc2-c2ccccc2)cc1
O=S(=O)(Nc1ccc(-c2ccc3c(cnn3-c3ccccc3)c2)cc1)c1ccccc1
c1ccc(CN(Cc2ccccc2)c2ccccc2)cc1
C1=C(OC(Cc2ccccc2)c2ccccc2)CCC=C1c1ccccc1
N=C1CCNc2ccc(-c3ccccc3)c(-c3ccccc3)c21
C(=C1Oc2ccccc2-c2ccc3c(c21)CCCN3)c1ccc(-c2ccccc2)cc1
C1=C(c2ccccc2)c2c(ccc3c2C(=Cc2cccs2)Oc2ccccc2-3)NC1
C1=Cc2c(ccc3c2C(=Cc2cccc(Cc4ccccc4)c2)Oc2ccccc2-3)NC1
C1=Cc2c(ccc3c2C(=CC2=CC=C(c4ccccc4)CC2)Oc2ccccc2-3)NC1
c1ccc(CNCc2[nH]c3ccccc3c2-c2ccccc2)cc1
C(=C1Oc2ccc(C3CCCc4cnccc43)cc2-c2ccccc21)c1ccccc1-c1ccccc1
c1ccc(C(c2ccc3[nH]ncc3c2)c2ccc3c(cnn3-c3ccccc3)c2)cc1
c1ccc(CN(Nc2ccc3c(c2)C(c2ccccc2)Oc2ccccc2-3)c2ccccc2)cc1
O=C(NCc1cccc(-c2cccc3cc[nH]c23)c1)c1cnc2ccccc2c1
C1=C(CSCCc2ccc3ccncc3c2)c2cc(-c3ccccc3)ccc2NC1
c1ccc(-n2ncc3cc(-c4ccccc4Cc4c[nH]c5ccccc45)ccc32)cc1
C1=C(CN(Cc2ccccc2)c2ccc(CSc3nc4ccccc4o3)cc2)CCC1
c1ccc(CCc2ccc(-c3ccccc3)cc2)cc1
C=C1Oc2ccccc2-c2ccc3c(c21)C=CCN3
C1=Cc2cc(-c3ccccc3)cc(C3=CC(CCc4ccnc5ccccc45)=CC3)c2NC1
C(=C1Oc2ccccc2-c2ccccc21)c1ccccc1
C(=COc1ccccc1)C=C1Oc2ccccc2-c2ccc3c(c21)C=CCN3
C1=C(CSCCc2ccccc2)c2cc(-c3ccccc3)ccc2NC1
C1=Cc2c(ccc3c2C(=Cc2cccs2)Oc2ccccc2-3)NC1
c1ccc(-n2ncc3cc(C(CC4CC4)(c4ccccc4)c4ccccc4)ccc32)cc1
c1ccc(CC(Oc2ccc3c(cnn3-c3ccccc3)c2)c2ccc(SOC3CCCC3)cc2)cc1
c1ccc(CN(Cc2ccc(Oc3ccccc3)cc2)c2ccccc2)cc1
C1=CC(CCc2cccc3cc[nH]c23)Nc2ccc3c(c21)C(=Cc1ccsc1)Oc1ccccc1-3
c1ccc(CCc2ccc(Nc3cccc4cnccc34)cc2)cc1
C1=Cc2c(ccc3c2C(=Cc2ccccc2)Oc2ccccc2-3)NC1
C1=C(c2ccccc2)C(N(Cc2ccccc2)Cc2ccccc2)=CC1
c1ccc(-c2ccc(-c3cc4ccccc4s3)cc2)cc1
C1=Cc2c(ccc3c2C(=Cc2ccccc2)Oc2cccc(Oc4cc5ccncc5[nH]4)c2-3)NC1
O=S(=O)(Nc1ccccc1)c1ccc(-c2ccccc2)cc1
C1=C(CSCCc2ccccc2)c2cc(-c3ccccc3)ccc2NC1
c1ccc(C2CCCC2)c(-c2c(Cc3c[nH]c4ccccc34)ccc3c2CCCN3)c1
c1ccc(CN(Cc2ccccc2)c2ccccc2)cc1
C1=Nc2c(cc(-c3cccc4cc[nH]c34)cc2COc2cccc3[nH]ccc23)C1
c1ccc(Oc2cccc(Cc3ccc4c(cnn4-c4ccccc4)c3)c2)cc1
c1ccc(-c2ccc3c(cnn3-c3cc4ccncc4c4ccccc34)c2)cc1
c1ccc(NCCc2ccccc2Nc2ccccc2)cc1
C1=Cc2cc(-c3cccc4cc[nH]c34)cc(C3=CC(CCc4ccnc5ccccc45)=CC3)c2NC1
c1ccc(-c2cccc3c2cnn3-c2cccc(Oc3cc4ccccc4[nH]3)c2)cc1
C1=C(Cc2cccc3c2cnn3-c2ccccc2)c2cc(-c3ccccc3)ccc2NC1
C1=Cc2c(ccc3c2C(=Cc2ccc4c(c2)CCCC4)Oc2ccccc2-3)NC1
C1=C(c2ccccc2)C=C(c2ccccc2)C1
c1ccc2cc(SCC3CCNc4ccc(-c5cccc6cc[nH]c56)cc43)ccc2c1
C1=Cc2c(ccc3c2C(=Cc2ccccn2)Oc2ccc(-c4ccccc4)cc2-3)NC1
c1ccc(-n2ncc3c(NC4CCNc5ccc(-c6cccc7cc[nH]c67)cc54)cccc32)cc1
C(=Cc1ccccc1)CN(Cc1ccccc1)c1ccccc1
c1ccc(CNCc2ccc(Oc3ccccc3)cc2)cc1
C1=CCC(c2ccc3c(cnn3-c3ccc(-c4ccccc4)cc3)c2)=C1
O=S(=O)(Nc1ccccc1)c1ccc(-c2ccc3c(cnn3-c3ccccc3)c2)cc1
c1ccc(-c2ccc3c(cnn3-c3ccccc3)c2)cc1
C1=CCC(c2ccccc2N(Cc2ccccc2)Cc2ccccc2)=C1
C1=Cc2c(ccc3c2C(=Cc2cccc(-c4ccsc4)c2)Oc2ccccc2-3)NC1
C1=Cc2c(ccc3c2C(=Cc2cccc(OCCc4ccccc4)c2)Oc2ccccc2-3)NC1
C1=CC(C2=CC(C(Cc3ccccc3)c3ccccc3)=CC2)=CC1
O=S(=O)(Nc1ccc(-c2ccc3c(cnn3-c3ccccc3)c2)cc1)c1ccccc1
c1ccc(CN(Cc2ccc(-c3cccc4cc[nH]c34)cc2)c2ccccc2)cc1
c1ccc(-n2ncc3cc(-c4cccc(-c5cccc6cc[nH]c56)c4)ccc32)cc1
C1=Nc2ccc(-c3cccc4cc[nH]c34)c(-c3ccc4ccccc4c3)c2C1
c1ccc(CNCc2cccc(-c3ccccc3)c2)cc1
C(=C1Oc2ccccc2-c2ccccc21)c1cccc(-c2ccsc2)c1
c1ccc(CCC(Oc2ccc3c(cnn3-c3ccccc3)c2)c2ccccc2)cc1
C1=Cc2c(ccc3c2C(=Cc2ccc(-c4cccs4)cc2)Oc2ccccc2-3)NC1
C1=Cc2c(ccc3c2C(=Cc2cccc(-c4ccsc4)c2)Oc2ccccc2-3)NC1
C1=Cc2c(ccc3c2C(=Cc2ccccc2)Oc2cccc(Oc4ccccc4)c2-3)NC1
c1ccc(Nc2cccc(-c3ccccc3)c2)cc1
C1=Cc2c(ccc3c2C(=Cc2ccccc2)Oc2ccccc2-3)NC1
C=C1Oc2ccc(Cc3ccccc3)cc2-c2ccc3c(c21)C=CCN3
O=S(=O)(Nc1ccccc1)c1ccc(-c2ccc3cccnc3c2)cc1
c1ccc(-c2ccc(-n3ncc4c(C5CCCC5)cccc43)cc2)cc1
c1ccc(-c2c(-c3cccc4cc[nH]c34)ccc3c2CCCN3)cc1
c1ccc(CN(Cc2ccc(Oc3ccccc3)cc2)c2ccccc2)cc1
O=C1OCc2cc(-c3cccc4c3-c3ccc(NCc5ccccc5)cc3CO4)ccc21
c1ccc(-c2cc(-c3ccccc3)c3[nH]ccc3c2)cc1
C1=Cc2c(ccc3c2C(=Cc2ccccc2)Oc2ccccc2-3)NC1
c1ccc(-c2cc(-c3cccc4[nH]ccc34)cc3c2NCCC3)cc1
C1=Cc2ccc(-c3cccc4cc[nH]c34)c(-c3ccccc3)c2C1
C(=C1Oc2ccccc2-c2ccc3nccc(-c4ccccc4)c3c21)c1ccccc1
c1ccc(CNc2cccnc2Cc2c[nH]c3c(-c4cccc5cc[nH]c45)cccc23)cc1
c1ccc(Oc2cccc3c2-c2ccccc2C(c2ccccc2)O3)cc1
c1csc(C(c2csc3ncccc23)C2(CCSc3nc4ccccc4s3)CCCc3ccccc32)c1
C1=Cc2c(ccc3c2C(=CSc2nccs2)Oc2ccc(C4CCCCC4)cc2-3)NC1
C1=Cc2c(ccc3c2C(=Cc2ccccc2)Oc2ccccc2-3)NC1
C1=CC(CCC2=CCCc3ccccc32)=C(c2ccc(C3=CCCC3)cc2)CC1
O=S(=O)(Nc1ccc2c(c1)-c1ccc3c(c1C(=CC1=CCCC=C1)O2)C=CCN3)c1cccs1
C1=Cc2c(ccc3c2C(=Cc2cccc(-c4ccsc4)c2)Oc2ccccc2-3)NC1
N=C1CCNc2ccc(C=Cc3ccc(-c4cccc5cc[nH]c45)cc3)cc21
C1=Nc2c(NCc3ccccc3)cccc2C1c1ccc(-c2cc3ccccc3[nH]2)cc1
c1ccc(-n2ncc3cc(-c4cccc(-c5ccsc5)c4)ccc32)cc1
c1ccc(CCc2ccccc2Cc2ccccc2)cc1
c1ccc(CC(Oc2ccc3c(cnn3-c3ccccc3)c2)c2ccccc2)cc1
c1ccc(Sc2ccc(-c3cccc4ncccc34)cc2)cc1
c1ccc(Oc2cccc3c2-c2ccccc2C(c2ccsc2)O3)cc1
c1ccc(CN(Cc2ccccc2)c2ccccc2)cc1
C1=C(c2ccc3[nH]c(-c4cccc5ncccc45)cc3c2)CCCC1
C1=CC(c2ccc(C=C3Oc4ccccc4-c4ccc5c(c43)C=CCN5)cc2)=CC1
c1ccc(-c2cccc(CCCCC3CCCCC3)c2)cc1
c1ccc(Oc2ccccc2-c2cccnc2)cc1
c1ccc(CN(Cc2cccc3ncccc23)c2ccccc2)cc1
c1ccc(-n2ncc3cc(-c4cccc(-c5cccc6cc[nH]c56)c4)ccc32)cc1
O=C(Nc1ccc(Cc2ccccc2)cc1)Oc1ccccc1
c1ccc(CCc2ccc3c(c2)C(c2ccccc2)Oc2ccccc2-3)cc1
C1=CC(CC(CCc2ccccc2)(Cc2ccccc2)c2ccccc2)=CC1
C1=Cc2c(ccc3c2C(=Cc2cccc(CCc4ccccc4)c2)Oc2ccccc2-3)NC1
O=S(=O)(Nc1ccccc1)c1ccc(-c2ccccc2)cc1
C1=Cc2c(ccc3c2C(=Cc2cccc4c2NCC4)Oc2ccc(-c4ccccc4)cc2-3)NC1
c1ccc(Oc2ccc(CN(Cc3cccnc3)c3ccccc3)cc2)cc1
c1ccc(-c2ccccc2-c2ccccc2)cc1
c1ccc(CNc2cccc(-c3ccccc3)c2)cc1
C1=Cc2c(ccc3c2C(=Cc2ccccc2)Oc2ccccc2-3)NC1
c1ccc(C(CCCc2ccc3ccccc3n2)c2ccccc2)cc1
C1=Cc2c(ccc3c2C(=Cc2ccc4c(c2)CCCC4)Oc2ccccc2-3)NC1
c1ccc(C(c2ccc3c(cnn3-c3ccccc3)c2)c2cccc3cc[nH]c23)cc1
C1=CCC(n2ncc3cc(-c4ccccc4-c4ccccc4)ccc32)=C1
C=C1Oc2ccc(-c3cccs3)cc2-c2ccc3c(c21)C=CCN3
C1=C(CCCCc2ccccc2)C=C(c2ccccc2)C1
C(=Cc1ccccc1)CCCN(Cc1ccccc1)Cc1ccccc1
C(=C1Oc2ccccc2C2=CCC=C12)c1ccc(-c2ccccc2)cc1
c1ccc(CN(Cc2ccccc2)c2ccccc2)cc1
C(=C1Oc2ccccc2-c2ccc3ncccc3c21)c1ccc(-c2ccccc2)cc1
c1ccc(-c2ccccc2-c2ccccc2)cc1
C1=C(CSCCc2ccccc2)c2cc(-c3ccccc3)ccc2NC1
c1ccc(CN(c2ccccc2)c2ccccc2)cc1
C1=Cc2c(ccc3c2C(=Cc2ccsc2)Oc2ccc4c(cnn4-c4ccccc4)c2-3)NC1
c1ccc(-c2ccc(-c3nc4ccccc4s3)cc2)cc1
c1ccc(CCc2ccnc3ccc(-c4cccc5cc[nH]c45)cc23)cc1
C1=Cc2c(ccc3c2C(=Cc2ccccc2)Oc2ccccc2-3)NC1
c1ccc(-c2ccc3c(c2)C(c2ccccc2)CCN3)cc1
C1=Cc2c(ccc3c2C(=CC2=CCCS2)Oc2cccc(-c4c[nH]c5ccccc45)c2-3)NC1
C1=CCC(c2cccc(N(Cc3ccccc3)Cc3ccccc3)c2)=C1
C1=C(Oc2ccccc2)c2c(ccc3c2C(=Cc2ccccc2)Oc2ccccc2-3)NC1
c1ccc(-n2ncc3c(C4CCNc5ccc(-c6cc7ccccc7[nH]6)cc54)cccc32)cc1
c1ccc(CNCc2cccc(C3CCNc4ccc(-c5cccc6cc[nH]c56)cc43)c2)cc1
O=S(=O)(Nc1ccccc1)c1ccc(-c2ccccc2)cc1
O=C(Nc1ccccc1)c1cccc2c1-c1ccc3c(c1C(=Cc1ccccc1)O2)C=CCN3
O=S(=O)(Nc1ccccc1)c1ccc(-c2ccc3c(cnn3-c3ccccc3)c2)cc1
C1=C(c2ccc(-c3ccccc3)cc2)c2ccccc2CC1
c1ccc(-n2ncc3c(CSc4ccc5ccccc5c4)cccc32)cc1
C1=Cc2c(ccc3c2C(=Cc2ccccc2-c2ccccc2)Oc2ccccc2-3)NC1
C1=Nc2ccc(-c3cccc4c(-c5ccccc5)c[nH]c34)cc2C1=NOCc1ccccc1
c1ccc(-c2ccc(-c3ccc4ccccc4n3)cc2)cc1
C1=Cc2c(ccc3c2C(=Cc2ccccc2)Oc2ccccc2-3)NC1
C1=Cc2c(ccc3c2C(=Cc2ccccc2)Oc2ccccc2-3)NC1
c1ccc(-c2ccc(-c3ccccc3)cc2)cc1
C1=Cc2ccc(-c3cccc4cc[nH]c34)c(-c3ccc(-c4ccccc4)cc3)c2C1
c1cc(-c2ccsc2)cc(-c2cccc3c2-c2ccc4ncccc4c2CO3)c1
c1ccc(CSc2nc3cccc(CCCOc4ccccc4)c3s2)cc1
c1ccc(Cc2[nH]c3ccccc3c2-c2ccccc2)cc1
c1ccc2c(c1)CCCC2(CCSc1nc2ccccc2s1)Cc1csc2ccccc12
C1=Cc2c(ccc3c2C(=Cc2ccccc2)Oc2cccc(C4CC4)c2-3)NC1
O=C(Nc1ccccc1)C1=CC(CN(Cc2ccccc2)c2ccccc2)=CC1
c1ccc(Nc2ccc(-c3ccccc3)cc2)cc1
O=S(=O)(Nc1ccc(-c2ccc3c(cnn3-c3ccccc3)c2)cc1)c1ccccc1
O=S(=O)(c1cccc(-c2ccc3ccccc3n2)c1)c1ccccc1-c1cccc2cc[nH]c12
c1ccc(-c2ccc(-c3cccc4ncccc34)cc2)cc1
O=S(=O)(Nc1ccccc1)c1ccc(-c2ccccc2)cc1
C1=Cc2c(ccc3c2C(=Cc2cccs2)Oc2ccccc2-3)NC1
c1ccc(CN(Cc2ccc(Oc3cccnc3)cc2)c2ccccc2)cc1
O=S(=O)(Nc1ccc(-c2ccc3c(cnn3-c3ccccc3)c2)cc1)c1ccccc1
c1ccc(CN(c2ccccc2)c2ccccc2)cc1
C1=Cc2c(ccc3c2C(=Cc2ccccc2)Oc2ccccc2-3)NC1
C1=Cc2c(ccc3c2C(=Cc2ccccc2)Oc2ccccc2-3)NC1
C1=Cc2c(ccc3c2C(=COc2ccccc2)OC2=C3C=C(c3ccccc3)C2)NC1
c1ccc(OCc2c(-c3ccccc3)ccc3c2CCCN3)cc1
c1ccc(C(c2ccc3c(cnn3-c3ccccc3)c2)c2cccc3cc[nH]c23)cc1
C1=Cc2c(ccc3c2C(=Cc2ccccc2)Oc2cccc(-c4ccccc4)c2-3)NC1
C1=C(CCCc2ccc(CSCCc3ccccc3)cc2)CCC1
C(=C1Oc2cc3c(cc2-c2ccc4c(c21)CCCC4)CCCC3)c1ccccc1
c1ccc(CN(Cc2ccccc2)c2ccccc2)cc1
c1ccc(Oc2ccccc2-c2ccccc2)cc1
c1ccc(NCC(c2ccccc2)C2CC(c3ccccc3)c3cc(CCC4CC4)ccc3N2)cc1
C1=Cc2c(ccc3c2C(=Cc2ccccc2)Oc2ccccc2-3)NC1
c1ccc(CCCNc2ccc(Nc3cccc4c3cnn4-c3ccccc3)cc2)cc1
c1ccc(-c2ccccc2Cn2ncc3c4ccccc4ccc32)cc1
C1=C(CSCCc2ccccc2)c2cc(-c3ccccc3)ccc2NC1
c1ccc(CCCCOC(c2ccccc2)c2ccccc2)cc1
C1=Nc2c(cccc2-c2ccc3c(c2-c2ccccc2)C(c2ccccc2)CCN3)C1
C1=C(CCCCCCc2ccccc2)C=C(c2ccsc2)C1
C1=Cc2c(ccc3c2C(=Cc2ccc(-c4ccccc4)cc2)OC2=C3C=CC2)NC1
c1ccc(CCc2cccc(Sc3nc4ccccc4s3)c2)cc1
c1ccc(-c2ccc(-n3ncc4c(-c5cnn(-c6ccccc6)c5)cccc43)cc2)cc1
c1ccc(CN(Cc2ccccc2)c2ccccc2)cc1
c1ccc(-c2ccc3c(cnn3-c3ccccc3)c2)cc1
C1=Cc2c(ccc3c2C(=Cc2ccccc2)Oc2ccccc2-3)NC1
C1=Cc2c(ccc3c2C(=Cc2ccc(Cc4ccsc4)cc2)Oc2ccccc2-3)NC1
C1=C(c2ccc(C=C3Oc4ccccc4-c4ccc5ncccc5c43)cc2)CCC1
C1=Cc2c(ccc3c2C(=Cc2ccccc2)Oc2ccccc2-3)NC1
c1ccc(-c2ccc(-n3ncc4cc(-c5nc6ccccc6o5)ccc43)cc2)cc1
C1=CC(c2ccccc2)(c2cc3ccccc3s2)Nc2ccc(-c3ccccc3)cc21
c1ccc2c(c1)cnn2-c1ccc(-c2cc3ccncc3s2)cc1
c1ccc(-c2ccc(Sc3nc4ccccc4o3)cc2)cc1
C1=CSC(C=C2Oc3cccc(Oc4ccccc4)c3-c3ccc4c(c32)C=CCN4)=CC1
c1ccc(-n2ncc3c(-c4cccc5cnccc45)cc(OCc4cccc5c4CCCC5)cc32)cc1
C1=Cc2c(ccc3c2C(=Cc2ccccc2)Oc2cccc(OSC4CCCC4)c2-3)NC1
c1ccc(CNCc2[nH]c3ccccc3c2-c2ccccc2)cc1
c1ccc(-c2cc(-c3c[nH]c4ccccc34)cc3c2NCCC3)cc1
C1=CCC(c2ccc3c(cnn3-c3ccc(-c4csc5ccccc45)cc3)c2)=C1
C1=CC(N(Cc2ccccc2)Cc2ccc(-c3ccccc3)cc2)=CC1
C1=C(c2ccccc2)c2c(ccc3c2C(=CCC2CCCCC2)Oc2ccccc2-3)NC1
C(=CCC1Oc2ccccc2-c2ccc3c(c21)C=CCN3)CCCc1ccccc1
C(=C1Oc2ccccc2-c2cccc(-c3cccc4cc[nH]c34)c21)c1ccccc1
c1ccc(Oc2ccc(CCc3ccc4c(c3)CCCC4)cc2)cc1
O=C(c1ccccc1)c1cc(-c2c[nH]c3ccccc23)cc2c1NCCC2
C1=CC(c2cccc(C=C3Oc4ccccc4-c4cccnc43)c2)=C(Cc2ccccc2)C1
C1=Cc2c(ccc3c2C(=Cc2ccccc2)Oc2ccc(-c4ccccc4)cc2-3)NC1
c1ccc(CN(Cc2ccccc2)c2ccccc2)cc1
C1=CC(c2ccc(-n3ncc4cc(-c5cccc6c5cnn6-c5ccccc5)ccc43)cc2)=CC1
C1=Nc2c(cc(Cc3ccccc3)cc2-c2ccc3ccccc3n2)CC1
c1ccc(CN(CCc2ccc3c(c2)CCCN3)Cc2ccccc2)cc1
c1ccc(-c2cccc(-c3cc(-c4cccc5cc[nH]c45)cc4c3NCCC4)c2)cc1
C(=Cc1ccccc1)CN(Cc1ccccc1)c1ccccc1
c1ccc(CC(CCc2cccc3cc[nH]c23)Cc2cc3ccccc3[nH]2)nc1
c1ccc(CN(c2ccccc2)c2ccc(-c3ccccc3)cc2)cc1
O=S(=O)(Nc1ccccc1)c1cccc(C2=CC(C=C3OC4=CCC=C4c4ccccc43)=CC2)c1
C=C1Oc2cccc(-c3ccccc3)c2-c2ccc3c(c21)C=CCN3
C(=Cc1ccc2c(c1)CCC(CC1CCCc3ccccc31)N2)Cc1ccccc1
C(=Cc1cccc2c1cnn2-c1ccccc1)C1=CC(c2ccccc2)=CC1
O=C(NCCCCc1ccccc1-c1ccccc1)c1ccccc1
C1=Cc2c(ccc3c2C(=Cc2ccccc2)Oc2ccccc2-3)NC1
C1=C2OC(=Cc3ccccc3)c3c(ccc4nc(-c5ccccc5)ccc34)C2=CC1
c1ccc(CNCc2cccc(-c3ccccc3)c2)cc1
C1=Nc2c(cccc2-c2cccc(COc3ccc(-c4ccccc4)c4cc[nH]c34)c2)C1
C1=Cc2c(ccc3c2C(=Cc2ccccc2)Oc2ccccc2-3)NC1
C(=C1Oc2ccccc2-c2ccccc21)c1cccc(Oc2ccccc2)c1
c1ccc(CCc2ccc(-c3cccc4cc[nH]c34)cc2)cc1
C1=CCC(Oc2c(Cc3ccccc3)[nH]c3c(-c4ccccc4)cccc23)=C1
O=S(=O)(Nc1cccc(N(Cc2ccccc2)Cc2ccccc2)c1)c1ccccc1
c1ccc(-c2c(-c3cccc4cc[nH]c34)ccc3c2CCCN3)cc1
O=S(=O)(c1ccc(-c2ccccc2)cc1)c1ccccc1-c1ccccc1
O=S(=O)(c1ccc(-c2cccnc2)cc1)c1ccc(-c2cccc3cc[nH]c23)cc1
C1=CC(c2ccccc2)Nc2ccc3c(c21)C(=Cc1ccccc1)Oc1ccccc1-3
O=S(=O)(c1ccc(-c2ccccc2)cc1)c1ccc(-c2cccs2)cc1
O=C(NCc1cccc(CCCCc2ccccc2)c1)c1cnc2[nH]ncc2c1
c1cc(CCCCc2ccc(-n3ncc4cc(-c5cc6cnccc6[nH]5)ccc43)cc2)c2[nH]ccc2c1
C1=Cc2c(ccc3c2C(=Cc2cccc(-c4ccsc4)c2)Oc2ccccc2-3)NC1
c1ccc(Oc2cccc(-c3ccccc3)c2)cc1
c1ccc(Oc2ccc(-c3ccc4c(c3)CCCN4)c3[nH]ccc23)cc1
C(=C1Oc2ccccc2-c2ccc3[nH]c(-c4cccc5cc[nH]c45)cc3c21)c1cccs1
c1ccc(Cc2[nH]c3ccccc3c2-c2ccccc2)cc1
C1=C(c2ccccc2)c2c(ccc3c2C(=Cc2cccs2)Oc2ccccc2-3)NC1
C1=Cc2c(ccc3c2C(=Cc2ccccc2)Oc2ccccc2-3)NC1
c1ccc(CCC2=Nc3ccc(-c4cccc5cc[nH]c45)cc3CC2)cc1
C1=CC(=NOc2ccccc2)c2cc(-c3cccc4cc[nH]c34)ccc2C1
c1ccc(CNc2ccccc2-c2cc3ccccc3[nH]2)cc1
c1ccc(Oc2ccccc2)cc1
c1ccc(Oc2ccc(COc3ccc4c(cnn4-c4ccccc4)c3)cc2)cc1
O=C(Nc1cccc(-c2ccccc2)c1)C1=CC(=O)c2ccc(-c3cccc4cc[nH]c34)cc21
c1ccc(CNc2cccc3c(-c4ccccc4)ccnc23)cc1
C1=Cc2c(ccc3c2C(=Cc2ccccc2)Oc2cccc(Oc4cccs4)c2-3)NC1
C1=CC2=C3C(=Cc4ccccc4)Oc4ccc(-c5ccc6ccccc6c5)cc4C3=CC2NC1
C(=C1Oc2cc3cc4c(cc3cc2-c2ccc3c(c21)CCCC3)NCC4)c1ccccc1
C1=Cc2c(ccc3c2C(=Cc2ccc(-c4ccccc4)cc2)Oc2ccccc2-3)NC1
C(=C1Oc2ccccc2-c2ccc3ncccc3c21)c1ccccc1
C1=Cc2cc(-c3cccc4cc[nH]c34)cc(Sc3nc4ccccc4o3)c2NC1
c1ccc(Oc2ccc(-c3ccc4c(c3)CCCN4)cc2)cc1
c1cc(-c2cc3c(c(-c4cccc5cc[nH]c45)c2)NCCC3)c2[nH]ccc2c1
c1ccc(Cc2c(-c3cccc4cc[nH]c34)ccc3c2CCCN3)cc1
c1ccc(-c2cc(-c3cccc4cc[nH]c34)cc3c2NCCC3)cc1
c1ccc(CNc2ccccc2-c2cccc3cc[nH]c23)cc1
c1ccc(Cc2[nH]c3ccccc3c2-c2ccccc2)cc1
C1=Cc2c(ccc3c2C(=CC2=CCC(c4ccsc4)=C2)Oc2ccccc2-3)NC1
C1=Cc2c(ccc3c2C(=Cc2cccs2)Oc2ccc(Cc4ccccc4)cc2-3)NC1
C1=Cc2c(ccc3c2C(=Cc2ccccc2)Oc2ccccc2-3)NC1
O=S(=O)(Nc1ccccc1)c1ccc(-c2ccc3c(cnn3-c3ccccc3)c2)cc1
c1ccc(Cc2ccc3c(cnn3-c3ccc(CSc4nc5ccccc5o4)cc3)c2)cc1
c1ccc(CN(c2ccccc2)c2ccc3cnn(-c4ccccc4)c3c2)cc1
C1=CC(n2ncc3c4c(ccc32)-c2ccccc2OC4=Cc2cccc(Oc3ccccc3)c2)=CCC1
C1=CC(CCC(Cc2cc3ccccc3[nH]2)c2cccc3c2cnn3-c2ccccc2)=CCC1
C1=Cc2c(nc3ccc(-c4ccccc4)cc3c2-c2ccccc2)NC1
C(=Cc1ccccc1)Oc1cccc2c1-c1ccccc1C(=Cc1cccs1)O2
c1ccc(CCN(Cc2ccccc2)Cc2ccccc2)cc1
C(=C1Oc2ccccc2-c2nc3ccccc3cc21)c1cccc(-c2ccsc2)c1
c1ccc(-c2ccccc2)cc1
c1ccc(Cc2cccc(Cc3ccccc3)c2)cc1
c1ccc(C2Oc3cccc(Oc4cccc5cc[nH]c45)c3-c3c(-c4cccc5cc[nH]c45)cc4c(c32)CCN4)cc1
C(=C1Oc2ccccc2-c2ccc3ncccc3c21)c1cccc(-c2ccsc2)c1
C1=CC(c2ccc(C=C3Oc4ccccc4-c4ccc5c(c43)C=CCN5)cc2)=CC1
C1=CC(C2=Nc3c(cc(-c4cccc5cc[nH]c45)cc3-c3ccccn3)CC2)=CC1
C1=Cc2c(ccc3c2C(=Cc2sccc2-c2ccccc2)Oc2ccccc2-3)NC1
C1=Cc2c(ccc3c2C(=Cc2ccccc2)Oc2ccccc2-3)NC1
C1=Cc2c(ccc3c2C(=Cc2ccccc2)Oc2ccccc2-3)NC1
c1ccc(-c2cc(-c3c[nH]c4ccccc34)cc3c2NC(c2ccccc2)CC3)cc1
O=C(Nc1cccnc1)c1ccc(-c2ccccc2-c2ccccc2)cc1
C1=Cc2c(ccc3c2C(=Cc2cc4ccccc4s2)Oc2ccccc2-3)NC1
C1=Cc2c(ccc3c2C(=Cc2ccccc2)Oc2ccccc2-3)NC1
c1ccc(CN(Cc2ccc(Cc3c[nH]c4ccccc34)cc2)c2ccccc2)cc1
C(=Cc1ccccc1)C=C1Oc2ccccc2-c2ccc3c(c21)C=CCN3
c1ccc(NCc2ccc(Oc3ccccc3)cc2)cc1
C=C1Oc2cccc(Oc3c[nH]c4ccccc34)c2-c2ccc3ncccc3c21
C1=CC(N(Cc2ccccc2)Cc2ccc(-c3ccccc3)cc2)=CC1
C1=Cc2c(ccc3c2COc2cccc(-c4cccc5cc[nH]c45)c2-3)NC1
c1ccc(CNCOCc2cccc(-c3ccccc3)c2)cc1
c1ccc(-c2cccc3c2cnn3-c2ccccc2)cc1
O=S(=O)(c1ccccc1)c1ccc(NCc2ccccc2)cc1
c1ccc(-n2ncc3cc(-c4cccc(-c5ccsc5)c4)ccc32)cc1
C1=C(SCc2ccc3[nH]ncc3c2)CC=C1c1ccccc1
c1cc(-c2ccc3c(c2-c2cccc4cc[nH]c24)CCCN3)c2[nH]ccc2c1
c1ccc(CNCc2[nH]c3ccccc3c2OCCc2c[nH]c3ccccc23)cc1
O=S(=O)(Nc1ccccc1)c1ccc(C2=CC=CC2)c(-c2csc3ccccc23)c1
c1ccc(OCOCc2ccccc2Cc2cc3ccccc3[nH]2)cc1
c1ccc(Cc2ccccc2-c2ccccc2)cc1
c1cc(-c2cc(-c3c[nH]c4ccccc34)cc3c2NCCC3)c2[nH]ccc2c1
C(=CC1=C(n2ncc3ccccc32)CC=C1)CCCc1ccccc1
O=C(Nc1ccccc1)c1ccccc1-c1ccc2c(c1)C=CCN2
c1ccc(-c2ccc(-c3ccc4ccccc4n3)cc2)cc1
C(=C1Oc2ccccc2-c2ccc3ncccc3c21)c1ccc(-c2ccccc2)cc1
c1ccc(C2CCNc3ccc(-c4cccc5cc[nH]c45)cc32)cc1
c1ccc(CN(Cc2ccc(Oc3ccccc3)cc2)c2ccccc2)cc1
C1=C(CNc2cccc(Nc3ccccc3)c2)CC(c2ccccc2)=C1
C1=Cc2c(ccc3c2C(=Cc2ccccc2)Oc2ccccc2-3)NC1
c1ccc(CCc2cccc(-c3ccsc3)c2)cc1
c1cc(-c2cc(-c3cccc4cc[nH]c34)cc3c2NCCC3)c2ccncc2c1
C1=Cc2c(ccc3c2C(=Cc2ccccc2)Oc2ccccc2-3)NC1
c1ccc(-c2cc(-c3ccccc3)c3[nH]ccc3c2)cc1
c1ccc(CN(Cc2ccccc2)c2ccccc2)cc1
C(=C1Oc2ccccc2C2=CCC=C12)c1ccccc1Nc1ccccc1
C1=CC(c2ccncc2)Nc2ccc3c(c21)C(=Cc1ccc(OCc2ccccc2)cc1)Oc1ccccc1-3
c1cc(CCCc2cc3ccccc3[nH]2)cc(-c2cccc3cc[nH]c23)c1
C1=Cc2c(ccc3c2C(=Cc2ccccc2)Oc2ccccc2-3)NC1
c1ccc(-c2cccc3c2cnn3-c2ccccc2)cc1
c1ccc(-n2ncc3cc(-c4cccc(-c5ccsc5)c4)ccc32)cc1
c1ccc(-n2ncc3cc(-c4cccc(-c5ccsc5)c4)ccc32)cc1
c1ccc(CNCc2ccc(Oc3ccccc3)cc2)cc1
c1ccc(CN(Cc2ccccc2)c2ccccc2)cc1
O=C(c1ccccc1C=C1Oc2ccccc2-c2ccc3c(c21)C=CCN3)N1CCCCC1
O=S(=O)(c1ccccc1)c1c2c(nc3ccc4c(c13)C(=Cc1ccccc1)Oc1ccccc1-4)CCCC2
C1=C(CSCCc2ccccc2)c2cc(-c3ccccc3)ccc2NC1
O=S(=O)(Cc1ccccc1)Nc1ccc(-c2ccc3c(cnn3-c3ccccc3)c2)cc1
C(=Cc1cc(-c2ccccc2)cc2cc[nH]c12)Nc1ccccc1
c1ccc(-n2ncc3cc(-c4ccccc4CCCNc4ccsc4)ccc32)cc1
O=C(CCc1ccccc1)Nc1ccc2c(c1)-c1ccccc1C(=Cc1ccccc1)O2
c1ccc(Cc2cccc(-c3cccc4cc[nH]c34)c2)cc1
c1ccc(CNc2cccc3c(-c4ccccc4)ccnc23)cc1
C(=C1Oc2ccccc2-c2ccc3[nH]ccc3c21)c1ccccc1
C(=C1Oc2ccccc2-c2ccccc21)c1ccccc1-c1cccc2ncccc12
O=S(=O)(c1ccccc1)c1cc(-c2cccc3c2CC=C3)cc2c1NCCC2
O=S(=O)(Nc1ccc(-c2ccc3c(cnn3-c3ccccc3)c2)cc1)c1ccccc1
C1=Cc2c(ccc3c2C(=Cc2ccc(-c4ccccc4)cc2)OC2=C3C=CC2)NC1
C1=C(c2ccccc2)Nc2ccc(-c3cccc4cc[nH]c34)cc2C1
c1ccc(Oc2ccc(COc3ccc4c(cnn4-c4ccccc4)c3)cc2)cc1
C1=CCC(C=C2Oc3cccc(Oc4ccccc4)c3-c3ccc4c(c32)C=CCN4)=CC1
c1cc(-c2cc(-c3cccc4cc[nH]c34)cc3c2NCCC3)c2ccncc2c1
O=C(CSc1nc2ccccc2s1)C1=CCC(c2cccc3c4c(-c5ccccc5)c-4nc23)=C1
C1=Cc2c(ccc3c2C(=Cc2ccccc2)Oc2ccccc2-3)NC1
C1=Cc2c(ccc3c2C(=Cc2ccccc2)Oc2ccccc2-3)NC1
C1=CC(c2ccccc2)C(c2ccc3c(cnn3-c3ccc(-c4ccccc4)cc3)c2)=C1
C1=Cc2c(ccc3c2C(=Cc2ccccc2)Oc2ccccc2-3)NC1
c1ccc(-c2c(-c3cccc4cc[nH]c34)ccc3c2CC(c2ccccc2)CN3)cc1
C1=Cc2c(ccc3c2C(=Cc2cccc(-c4ccsc4)c2)Oc2ccccc2-3)NC1
c1ccc(NCc2ccc(Oc3ccccc3)cc2)cc1
C1=Cc2c(cnn2-c2ccc(-c3ccc(Oc4ccccc4)cc3)cc2)C1
c1cc(-c2ccc3c(c2Nc2cccc4ncccc24)C(=Nc2cnoc2)CCN3)c2[nH]ccc2c1
C1=C(CSCCc2ccccc2)c2cc(-c3ccccc3)ccc2NC1
c1ccc(COc2ccc3c(cnn3-c3ccccc3Oc3ccccc3)c2)cc1
O=S(=O)(Nc1ccccc1)c1ccc(-c2ccccc2)cc1
C1=C(Oc2ccccc2)c2ccc(-c3cccc4cc[nH]c34)cc2C1
C1=Cc2c(ccc3c2C(=Cc2ccsc2)Oc2ccc(-c4ccccc4)cc2-3)NC1
O=S(=O)(c1cccc(-c2ccccc2)c1)N(c1ccccc1)c1ccccc1
c1cc(Cc2cccc3cc[nH]c23)cc(-c2cccc3cc[nH]c23)c1
C1=Cc2cc(-c3cccc(-c4cccc(C5CC5)c4)c3)ccc2NN1
C1=Nc2ccc(-c3cccc4cc[nH]c34)c(-c3ccccc3)c2CC1
c1ccc(CC(NCCc2cc3c(-c4ccccc4)cccc3[nH]2)c2ccccc2)cc1
C1=Cc2c(ccc3c2C(=Cc2ccccc2)Oc2ccccc2-3)NC1
C(=C1Oc2ccccc2-c2ccc3c(c21)CCCN3)c1ccc(-c2ccccc2)cc1
C1=Cc2c(ccc3c2C(=Cc2ccccc2CSc2ccccn2)Oc2ccccc2-3)NC1
O=C(NCc1cccc(-c2cccc3cc[nH]c23)c1)c1cccc2c1CCCN2
c1ccc(Cc2ccc(-c3cccc4cc[nH]c34)cc2)cc1
O=S(=O)(Nc1ccccc1)c1cccc(-c2ccccc2)c1
c1ccc(-n2ncc3cc(-c4cccc5c4cnn5-c4ccccc4)ccc32)cc1
c1ccc(Oc2ccccc2CCC(Cc2cc3ccccc3[nH]2)C2CCCC2)cc1
O=S(=O)(Nc1ccccc1)c1ccc(C2=CCCc3ccccc32)cc1
C1=Cc2c(ccc3c2C(=Cc2sccc2C=NOc2cccc4cnccc24)Oc2ccccc2-3)NC1
C1=C(CSCCc2ccc3c(c2)CCCC3)c2cc(-c3ccccc3)ccc2NC1
c1ccc(CN(Cc2ccc(Oc3ccccc3)cc2)c2ccccc2)cc1
c1ccc(-c2c3cc(-c4cccc5cc[nH]c45)ccc3nc3cn[nH]c23)cc1
c1ccc(C(c2ccccc2)c2cccc(-c3ccncc3)c2)cc1
c1ccc(-n2ncc3cc(Oc4ccc(-n5ncc6ccccc65)cc4)ccc32)cc1
C(=C1Oc2ccccc2-c2ccccc21)c1cccc(-c2ccsc2)c1
C1=C(c2ccc3[nH]c(-c4cccc5ncccc45)cc3c2)CCCC1
C1=Cc2c(ccc3c2C(=Cc2ccccc2)Oc2ccccc2-3)NC1
c1ccc(CNCc2[nH]c3ccccc3c2-c2ccccc2)cc1
c1ccc(-c2ccc3c(cnn3-c3ccccc3)c2)cc1
c1csc(C2Oc3ccccc3-c3ccc(-c4ccc(-c5ccc6c(c5)OCOC6)cc4)cc32)c1
C1=C(CSCCc2ccccc2)c2cc(-c3ccccc3)ccc2NC1
C(=Cc1cccs1)CC1Oc2ccccc2-c2ccc3[nH]ccc3c21
c1ccc(C(c2ccccc2)c2ccc3c(cnn3-c3ccccc3)c2)cc1
c1ccc(-n2ncc3cc(C(CC4CC4)(c4ccccc4)c4ccccc4)ccc32)cc1
C1=CCC(C=C2Oc3ccccc3-c3ccc4c(c32)C(c2ccccc2)=CCN4)=C1
c1ccc(-c2ccc(Sc3nc4ccccc4o3)cc2)cc1
C1=C(C=C2Oc3cccc(-c4c[nH]c5ccccc45)c3-c3ccc4ncccc4c32)SCC1
O=C(Nc1ccccc1)Oc1cccc2c1cnn2-c1cccc(Oc2ccccc2)c1
c1ccc2[nH]c(CCCCc3cccc4cc[nH]c34)cc2c1
c1ccc(-c2ccc(-c3c[nH]c4ccccc34)cc2)cc1
C1=CC(n2ncc3cc(-c4ccc(Cc5cccc6cc[nH]c56)cc4)ccc32)=CC1
O=S(=O)(Nc1ccccc1)c1ccc(-c2ccccc2)cc1
C1=C(Oc2ccccc2NCc2ccccc2)C=C(C2=CCCCC2)C1
C1=Cc2c(ccc3c2C(=Cc2cccc(-c4ccsc4)c2)Oc2ccccc2-3)NC1
C1=CCC(C=C2Oc3ccccc3-c3ccc4c(c32)C(n2ncc3c5ccccc5ccc32)=CCN4)=C1
O=C(Nc1ccccc1)OC1CNc2ccc(-c3cccc4cc[nH]c34)cc2C1
C1=Cc2c(ccc3c2C(=Cc2cccs2)Oc2cccc(-c4ccsc4)c2-3)NC1
O=S(=O)(c1ccccc1)c1cccc(C=C2Oc3ccccc3-c3ccc4c(c32)C=CCN4)c1
c1ccc(C2Oc3ccccc3-c3ccc(Nc4cnc5ccccc5c4)cc32)cc1
C1=CC(c2c(-c3cccc4cc[nH]c34)ccc3c2CC(CCc2ccccc2)CN3)=CCC1
c1cc(-c2ccsc2)cc(-c2ccc3[nH]ccc3c2)c1
C1=Cc2c(ccc3c2C(=Cc2ccccc2)Oc2ccccc2-3)NC1
O=S(=O)(NCCc1ccccc1)c1ccc(-c2ccc3c(cnn3-c3ccccc3)c2)cc1
c1ccc(CCCCCCCc2ccccc2-c2ccccc2)cc1
C(=C1Oc2cc3cc4c(cc3cc2-c2ccc3c(c21)CCCC3)NCC4)c1ccccc1
c1ccc(CNc2ccccc2Oc2ccc3c(cnn3-c3ccccc3)c2)cc1
O=C(NC1=CCc2ccccc21)c1ccc(-c2ccccc2-c2ccccc2)cc1
C(=C1Oc2ccccc2-c2ccccc21)c1sccc1-c1ccccc1
c1ccc(Oc2ccc(-n3ncc4c5ccccc5ccc43)cc2)cc1
N=C1CCNc2ccc(-c3cccc4cc[nH]c34)c(Cc3ccccc3)c21
C1=Cc2c(ccc3c2C(=Cc2ccccc2)Oc2ccccc2-3)NC1
c1ccc(Cc2[nH]c3ccccc3c2-c2ccccc2)cc1
C1=CC(c2ccccc2)Nc2ccc3c(c21)C(=Cc1ccsc1)Oc1ccccc1-3
c1ccc(-c2ccc(C3CCc4ccccc4C3)cc2)cc1
c1ccc(Oc2ccc(CNCc3ccc4c(c3)CCCC4)cc2)cc1
C1=Cc2c(ccc3c2C(=Cc2ccc(-n4cccc4)cc2)Oc2ccccc2-3)NC1
c1ccc(-c2ccc3c(cnn3-c3ccc(C4CCCCC4)cc3)c2)cc1
c1ccc(-c2cc(-c3ccccc3)c3[nH]ccc3c2)cc1
C1=Cc2c(ccc3c2C(=Cc2ccccc2)Oc2ccccc2-3)NC1
C1=Cc2c(ccc3c2C(=Cc2ccccc2)Oc2ccccc2-3)NC1
c1cc(-c2ccc3c(c2)CC(c2ccc4c(c2)CCCN4)=N3)c2[nH]ccc2c1
c1ccc2[nH]c(Cc3ccc(CCNc4cccc5ncccc45)cc3)cc2c1
C1=CC(c2ccc(Cc3c[nH]c4c(Sc5nc6ccccc6o5)cccc34)cc2)=CC1
C1=CC(C=C2Oc3ccccc3-c3ccc4ncccc4c32)=CCC1
C1=Cc2c(ccc3c2C(=CCCc2cccc4cc[nH]c24)Oc2ccccc2-3)NC1
C1=Cc2c(ccc3c2C(=Cc2ccc(-c4ccccc4)cc2)Oc2ccccc2-3)NC1
c1ccc(-c2ccc(-c3ccccc3)cc2)cc1
c1ccc(Oc2ccc(-c3cccc4cc[nH]c34)cc2)cc1
C1=Cc2c(ccc3c2C(=Cc2ccccc2)Oc2ccccc2-3)NC1
C1=Cc2c(ccc3c2C(=Cc2ccc(N4CCCC4)cc2)Oc2ccccc2-3)NC1
c1ccc(CN(Cc2cccc3ncccc23)c2ccccc2)cc1
O=S(=O)(Nc1ccc(-c2ccc3c(cnn3-c3ccccc3)c2)cc1)c1ccccc1
c1ccc(-n2ncc3cc(-c4ccc5c(cnn5-c5ccccc5)c4)ccc32)cc1
C1=Cc2c(ccc3c2C(=Cc2ccc(-c4ccccc4)cc2)Oc2ccccc2-3)NC1
O=C(Nc1ccccc1)c1ccccc1-c1ccccc1
c1ccc(CCCCCNc2ccccc2)cc1
O=S(=O)(Nc1ccccc1)c1ccc(-c2ccccc2)cc1
O=C(CSc1nc2ccccc2o1)C1CCc2cc(-c3ccc(-c4cccc5cc[nH]c45)cc3)ccc2N1
c1ccc(-n2ncc3cc(-c4cccc5c4CCCC5)ccc32)cc1
c1ccc(-c2c(-c3cccc4cc[nH]c34)ccc3c2CC(c2ccccc2)CN3)cc1
c1ccc(C(c2ccccc2)c2ccc3c(cnn3-c3ccccc3)c2)cc1
O=C1CNc2c(cc(-c3cccc4cc[nH]c34)cc2-c2ccccc2)C1
c1ccc(CNCc2[nH]c3ccccc3c2-c2ccccc2)cc1
c1ccc(-c2c[nH]c3c(-c4ccccc4)cccc23)cc1
C1=Cc2c(ccc3c2C(=Cc2ccccc2)Oc2ccccc2-3)NC1
c1ccc(-n2ncc3cc(-c4cccc(-c5ccsc5)c4)ccc32)cc1
C1=Cc2c(ccc3c2C(=CC2=CC(Cc4c[nH]c5ccccc45)=CCC2)Oc2ccccc2-3)NC1
C1=Cc2c(ccc3c2C(=Cc2cccs2)Oc2cccc(-c4ccccc4)c2-3)NC1
C1=Cc2c(ccc3c2C(=Cc2ccccc2)Oc2ccccc2-3)NC1
C1=Cc2c(ccc3c2C(=Cc2ccc4ccccc4c2)Oc2ccccc2-3)NC1
C1=Cc2c(ccc3c2C(=Cc2ccccc2)Oc2ccccc2-3)NC1
C1=Cc2c(ccc3c2C(=Cc2ccccc2)Oc2ccc4c(c2-3)CCCC4)NC1
C1=Cc2c(ccc3c2C(=Cc2ccccc2)Oc2ccccc2-3)NO1
c1cc2c(-c3ccc4c(c3)CCCN4)ccc(-c3ccc4c(c3)CCCN4)c2[nH]1
c1ccc(CC(Oc2ccc3c(cnn3-c3ccccc3)c2)c2ccccc2)cc1
C1=Cc2c(ccc3c2C(=Cc2ccccc2)Oc2ccccc2-3)NC1
c1ccc(-c2ccc(-c3ccc4c(cnn4CCC4CC4)c3)cc2)cc1
C(=C1Oc2ccccc2-c2ccccc21)c1cccc(-c2ccsc2)c1
C1=Cc2c(ccc3c2C(=Cc2ccccc2)Oc2ccccc2-3)NC1
c1ccc(C2CCNc3ccc(-c4cccc5cc[nH]c45)cc32)cc1
c1ccc(CN(Cc2ccccc2)c2ccccc2)cc1
c1cc(-c2ccsc2)cc(-c2ccc3[nH]ccc3c2)c1
C1=Cc2c(ccc3c2C(=Cc2ccccc2)Oc2ccccc2-3)NC1
c1ccc(CN(Cc2ccccc2)c2ccccc2)cc1
C1=CC(NCc2nc3ccccc3o2)c2cc(-c3ccccc3)ccc2N1
C=C1Oc2ccccc2-c2ccc3[nH]c(Oc4ccccc4)cc3c21
c1ccc(-c2ccc3c(cnn3-c3ccccc3)c2)cc1
C(=C1Oc2ccccc2-c2ccccc21)c1cccc(Oc2ccccc2)c1
c1ccc(-c2c(-c3cccc4cc[nH]c34)cc(-c3cccs3)c3[nH]ccc23)cc1
C1=CCC(c2cccc(N(Cc3ccccc3)Cc3ccccc3)c2)=C1
C1=Cc2c(ccc3c2C(=Cc2cccc(CCc4cc5cccnc5[nH]4)c2)Oc2ccccc2-3)NC1
c1ccc2cc(SCc3c(Cc4cc5ccncc5[nH]4)[nH]c4ccccc34)ccc2c1
O=S(=O)(Nc1cccc(N(c2ccccc2)c2cccc3c2OCOC3)c1)c1ccccc1
O=C(Nc1ccccc1)n1ncc2c(NCc3ccc(-c4ccccc4)cc3)cccc21
c1ccc(CN(Cc2ccc(Oc3ccccc3)cc2)c2ccccc2)cc1
c1ccc(CCC(CC2CCCCC2)Oc2ccc3c(cnn3-c3ccccc3)c2)cc1
C1=CC(CCc2ccccc2)Nc2ccc3c(c21)C(=Cc1ccsc1)Oc1ccccc1-3
C1=CCC(CC2=CCC=C2)C(c2ccc3c(cnn3-c3ccc(-c4ccccc4)cc3)c2)=C1
c1ccc(COc2cccc(N(Cc3ccccc3)Cc3ccccc3)c2)cc1
c1ccc(-c2ccc(-n3ncc4ccccc43)cc2)cc1
N=C1CCNc2ccc(-c3cccc4cc[nH]c34)c(Nc3cccc4ccccc34)c21
C(=CCC1Oc2ccccc2-c2cccc(Oc3ccccc3)c21)Cc1ccccc1
C1=C(CSCCc2ccccc2)c2cc(-c3ccccc3)ccc2NC1
C1=Cc2c(ccc3c2C(=Cc2cccs2)Oc2c-3ccc3c2CCCC3)NC1
c1ccc(-c2cccc3c2cnn3-c2ccc3c(c2)CCCC3)cc1
c1ccc(Oc2ccc(-c3ccc4c(c3)CCCN4)cc2)cc1
C1=C(CN(Cc2ccccc2)c2ccccc2)CC(c2ccccc2)=C1
O=S(=O)(Nc1ccccc1)c1ccc(-c2ccccc2)cc1
N=C(c1ccccc1)c1ccsc1C=C1Oc2ccccc2-c2ccc3c(c21)C=CCN3
c1ccc2c(c1)CCCC2(Cc1cc(-c2c[nH]c3ccccc23)cc2c1NCCC2)C1CCCC1
C1=Cc2c(ccc3c2C(=Cc2ccccc2)Oc2ccccc2-3)NC1
C1=CC(CN(Cc2ccccc2)c2ccccc2)=CC1
c1ccc(-c2ccccc2)cc1
C=C1Oc2ccccc2-c2ccc3c(c21)C=CCN3
O=S(=O)(Nc1ccc(-c2ccc3c(cnn3-c3ccccc3)c2)cc1)c1ccccc1
c1ccc(-c2ccccc2)cc1
C1=CC(c2ccccc2)Nc2ccc3c(c21)C(=Cc1ccccc1)Oc1ccccc1-3
C1=Cc2c(ccc3c2C(=Cc2cccc(-c4ccsc4)c2)Oc2ccccc2-3)NC1
O=C(C1=CCNc2ccc3c(c21)C(=Cc1ccccc1)Oc1ccccc1-3)c1cnc2c(c1)C=CC2
c1ccc(Oc2cc(C3CCCC3)c3cnn(-c4ccccc4)c3c2)cc1
c1ccc(CC(c2ccccc2)c2ccc3c(cnn3-c3ccccc3)c2)cc1
C1=CCC(c2cccc3c2cnn3-c2cccc(-c3ccccc3)c2)=C1
C1=Cc2c(ccc3c2C(=Cc2ccccc2)Oc2ccccc2-3)NC1
C1=Cc2c(ccc3c2C(=Cc2cccs2)Oc2ccccc2-3)NC1
c1ccc(Cc2ccc3c(cnn3-c3ccc(-c4ccccc4)cc3)c2)cc1
c1ccc(-c2ccnc3ccc(-c4cccc5cc[nH]c45)cc23)cc1
C1=CCC(C=C2Oc3cccc(-c4ccccc4)c3-c3ccc4c(c32)C=CCN4)=C1
c1ccc(-c2ccc3[nH]cc(Cn4ncc5c6ccccc6ccc54)c3c2)cc1
c1ccc(-c2ccccc2CCCc2cc3cccc(-c4ccccc4)c3[nH]2)cc1
O=C(CCc1cccc2c1OCC2)c1ccccc1
O=S(=O)(Nc1ccccc1)c1ccc(Cc2cc3cccc(-c4ccccc4)c3[nH]2)cc1
c1ccc(-c2ccc(-c3cc4ccccc4[nH]3)cc2)cc1
c1ccc(-c2ccc(-c3cccc4cc[nH]c34)cc2)cc1
c1ccc(N(CCc2cccc3c2OCC3)Cc2ccc3c(cnn3-c3ccccc3)c2)cc1
C=C1Oc2ccc(-c3ccccc3)cc2-c2ccc3c(c21)C=CCN3
c1ccc(-c2cc(-c3ccccc3)c3[nH]ccc3c2)cc1
C1=C(CSCCc2ccccc2)c2cc(-c3ccccc3)ccc2NC1
c1ccc(-c2ccc3ccccc3c2)cc1
C1=CC(c2cccc(CC(CNc3ccccc3)c3ccccc3)c2)=CC1
c1ccc(CCc2cc(-c3cccc4cc[nH]c34)cc3c2NCCC3)cc1
C1=Cc2c(ccc3c2C(=Cc2ccccc2)Oc2ccccc2-3)NC1
C1=Nc2c(cc(-c3cccc4[nH]ccc34)cc2-c2ccc3ccccc3n2)CC1
c1ccc(-c2nc3ccccc3cc2-c2cccc3cc[nH]c23)cc1
O=S(=O)(Nc1ccc2c(c1)C(c1ccccc1)Oc1cccc(Oc3ccccc3)c1-2)c1cccs1
C1=C(CSCCc2ccc3c(c2)CCCC3)c2cc(-c3ccccc3)ccc2NC1
C1=Nc2c(cccc2-c2cc(-c3cccc4cc[nH]c34)cc3c2NCCC3)C1
C1=Cc2c(ccc3c2C(=Cc2ccc(-c4ccc5c(c4)CCCC5)cc2)Oc2ccccc2-3)NC1
c1ccc(CNCc2[nH]c3ccccc3c2-c2ccccc2)cc1
C1=C(Cc2cc3ccccc3[nH]2)c2cc(-c3c[nH]c4ccccc34)ccc2NC1
c1ccc(CN(Cc2ccc(Oc3ccccc3)cc2)c2ccccc2)cc1
O=S(=O)(NC1=CCC=C1)c1ccc(-c2ccc(-c3ccccc3)cc2)cc1
c1ccc(CNCc2cccc(-c3ccccc3)c2)cc1
C(=C1Oc2ccccc2-c2ccc3[nH]c4cccc-4cc3c21)c1cccs1
C(=C1Oc2ccccc2-c2ccc3ncccc3c21)c1ccccc1
C(Cc1ccccc1)=C(Nc1cccc2c1cnn2-c1ccccc1)c1cccc2cc[nH]c12
C1=Cc2c(ccc3c2C(=Cc2cccs2)Oc2ccccc2-3)NC1
C(=C1Oc2ccccc2-c2ccccc21)c1ccccc1-c1c[nH]c2ccccc12
O=S(=O)(Nc1ccc(-c2ccccc2)cc1)c1ccsc1
C(=Cc1ccccc1)CN(Cc1ccccc1)Cc1ccccc1
O=S(=O)(Nc1ccccc1)c1ccc(C2=CC=CC2)c(Cc2ccccc2)c1
C1=Cc2c(ccc3c2C(=Cc2ccccc2)Oc2ccccc2-3)NC1
C(=C1Oc2ccccc2-c2ccc3c(c21)CCCN3)c1ccc(-c2ccccc2)cc1
c1ccc(CN(Cc2ccccc2OCc2cccnc2)c2ccccc2)cc1
C1=CCC2C(=C1)OC(=Cc1sccc1Oc1ccccc1)c1c2ccc2c1C=CCN2
c1ccc(-n2ncc3cc(OCc4ccc(Nc5cccs5)cc4)ccc32)cc1
c1ccc(CCc2ccc(Oc3ccccc3)cc2)cc1
N=C1CCNc2ccc(-c3cccc4cc[nH]c34)c(-c3ccccc3)c21
c1ccc(Nc2ccccc2)cc1
O=S(=O)(Nc1ccc(C2=NC=CC2)cc1)c1cccc(-c2ccccc2)c1
C1=Cc2c(ccc3c2C(=Cc2ccccc2)Oc2ccccc2-3)NC1
c1ccc(-c2ccc3c(cnn3-c3ccccc3)c2)cc1
c1ccc(-c2ccc(-c3ccnc4ccccc34)cc2)cc1
c1ccc(CNCc2ccc(Oc3ccccc3)cc2)cc1
C1=CC(C=C2Oc3cccc(Oc4ccccc4)c3-c3ccc4c(c32)C=CCN4)=CC1
O=S(=O)(Nc1ccc(-c2ccc3c(cnn3-c3ccccc3)c2)cc1)c1ccccc1
C1=Cc2c(ccc3c2C(=Cc2ccccc2)Oc2ccccc2-3)NC1
C1=Cc2c(ccc3c2C(=Cc2ccccc2)Oc2ccccc2-3)NC1
C(=C1Oc2ccccc2-c2ccc3[nH]ccc3c21)c1ccccc1
C1=Cc2c(ccc3c2C(=Cc2ccc(-c4ccccc4)cc2)Oc2ccccc2-3)NC1
C1=Cc2c(ccc3c2C(=Cc2ccccc2)Oc2ccccc2-3)NC1
C1=Cc2c(ccc3c2C(=Cc2cccc(Oc4ccccc4)c2)OC2=C3C=NCC2)NC1
O=S(=O)(Nc1ccc(-c2ccc3c(cnn3-c3ccccc3)c2)cc1)c1ccccc1
C1=Cc2c(ccc3c2C(=Cc2ccccc2)Oc2ccccc2-3)NC1
c1ccc(CN(Cc2ccc(Oc3ccccc3)cc2)c2ccccc2)cc1
c1ccc(N(c2ccccc2)c2cccc(-c3ccsc3)c2)cc1
C1=CC(c2cccc(C=C3Oc4ccccc4-c4ccc5c(c43)C=CCN5)c2)=CC1
C(=CN(Cc1ccccc1)Cc1ccccc1)Nc1ccccc1
O=C(c1ccccc1C=C1Oc2ccccc2-c2ccc3c(c21)C=CCN3)N1CCCCC1
C1=CC(c2ccc(C=C3Oc4ccccc4-c4ccc5ncccc5c43)cc2)=CC1
c1ccc(-c2ccccc2-c2ccccc2)cc1
C1=Cc2c(ccc3c2C(=Cc2csc4ccccc24)Oc2ccccc2-3)NC1
C(=Cc1ccc2c(c1)CCC(CC1CCCc3cc4c(cc31)CCCC4)N2)Cc1ccccc1
C1=C(c2ccccc2)c2c(ccc3c2COc2ccccc2-3)NC1
C1=C(CN(Cc2ccccc2)c2ccccc2)CC(c2ccccc2)=C1
O=S(=O)(Nc1ccc(OCc2ccccc2)cc1)c1csc2ccccc12
c1ccc(CCC(Cc2ccsc2)(Cc2cc3cnccc3[nH]2)c2ccccc2)cc1
C1=Cc2c(ccc3c2C(=Cc2ccc(-c4ccccc4)cc2)OC2=CCC=C23)NC1
C=C(c1ccccc1)c1ccsc1-c1ccccc1
c1ccc(COc2c[nH]c3c(-c4ccc5c(c4)C(=NOc4ccccc4)CCN5)cccc23)cc1
c1ccc(Cc2ccc3cc[nH]c3c2-c2ccc3[nH]ncc3c2)cc1
c1ccc(-c2cccc(CCCCc3cc4ccccc4[nH]3)c2)cc1
c1ccc(OCOCc2ccccc2Cc2cc3ccccc3[nH]2)cc1
O=S(=O)(Cc1ccccc1)Nc1ccc(-c2ccc(-c3ccc4c(c3)CCC=N4)c3[nH]ccc23)cc1
c1ccc(-c2cc(-c3cccc4cc[nH]c34)cc3c2NCCC3)cc1
C1=Cc2c(ccc3c2C(=Cc2ccncc2)Oc2ccccc2-3)NC1
c1ccc(CCc2ccc3c(c2)C(c2ccccc2)Oc2ccccc2-3)cc1
c1ccc(-c2cc(-c3ccccc3)c3[nH]ccc3c2)cc1
O=C1CNc2c(cc(-c3cccc4cc[nH]c34)cc2-c2ccccc2)C1
C1=Cc2c(ccc3c2C(=Cc2ccccc2)Oc2ccccc2-3)NC1
c1ccc(Oc2cccc(-c3cccc4cnccc34)c2)cc1
O=S(=O)(Nc1cc(-c2cccc3cc[nH]c23)ccc1-c1ccsc1)c1ccccc1
c1ccc(Cc2cccc(Cc3ccccc3)c2)cc1
C1=Cc2c(ccc3c2C(=Cc2cc4ccccc4s2)Oc2ccccc2-3)NC1
C1=Cc2c(ccc3c2C(=Cc2ccccc2)Oc2ccccc2-3)NC1
c1ccc(CCCCc2cc3ccccc3[nH]2)cc1
c1ccc(C2CCNc3ccc(-c4cccc5cc[nH]c45)cc32)cc1
C1=CC(CN(Cc2ccccc2)c2ccccc2-c2ccccc2)=C(c2ccccc2)C1
C1=COC(C=C2Oc3ccc(Cc4c[nH]c5ccccc45)cc3-c3ccc4ncccc4c32)=CC1
O=C(Nc1ccccc1)Oc1ccc(-c2ccccc2)cc1
c1ccc(OCCCC(CC2CCCc3ccccc32)c2ccccc2)cc1
O=C(c1ccsc1C=C1Oc2ccccc2-c2ccc3c(c21)C=CCN3)N1CCCCC1
c1cc(-n2ccc3cccc(-c4ccc5c(c4)CCCN5)c32)c2[nH]ccc2c1
C1=CC(c2cccc3c2cnn3-c2cccc(-c3ccccc3)c2)=CCC1
c1ccc(CNCc2[nH]c3ccccc3c2-c2ccccc2)cc1
C(=C1Oc2ccccc2C2=CCC(Cc3ccccc3)=C12)c1cccc(-c2ccsc2)c1
c1ccc(N2NCc3cc(Oc4cccc(-c5cccc6cnccc56)c4)ccc32)cc1
C(=C1Oc2ccccc2-c2ccccc21)c1ccc(-c2ccccc2)cc1
O=C(c1ccsc1C=C1Oc2ccccc2-c2ccc3c(c21)C=CCN3)N1CCCCC1
c1ccc(CNc2cccc3c(-c4ccccc4)ccnc23)cc1
c1ccc(-c2ccc3[nH]cc(Oc4ccnc5ccccc45)c3c2)cc1
c1ccc2c(c1)cnn2-c1ccc(-c2cc3ccncc3s2)cc1
c1ccc(Oc2ccc(C3=Nc4ccc(-c5cccc6[nH]ccc56)cc4C3)cc2)cc1
C1=CC(c2cccc3cc(CCCCc4ccccc4-c4ccccc4)[nH]c23)=CC1
c1ccc(CCC2CCc3cc(-c4cccc5cc[nH]c45)ccc3N2)cc1
C1=Cc2c(ccc3c2C(=CC2=[SH]c4ccccc4CS2)Oc2ccccc2-3)NC1
C1=Cc2c(ccc3c2C(=Cc2ccccc2)Oc2ccccc2-3)NC1
N=C1CCNc2ccc(-c3ccccc3Nc3ccccc3)cc21
C1=Cc2c(ccc3c2COc2cccc(Cc4ccccc4)c2-3)NC1
C1=Cc2cc3c(cc2NC1)OC(=Cc1ccccc1)c1c-3ccc2c1C=CCN2
C1=Cc2c(ccc3c2C(=Cc2ccccc2)Oc2ccccc2-3)NC1
O=S(=O)(Nc1ccccc1)c1ccc(C2=CCCc3ccccc32)cc1
O=S(=O)(c1ccccc1)c1ccccc1CN(COc1ccccc1)c1ccccc1
C1=Cc2c(ccc3c2C(=Cc2ccccc2)Oc2ccccc2-3)NC1
C1=Cc2c(ccc3c2C(=Cc2ccccc2)Oc2ccccc2-3)NC1
c1ccc(-c2ccc(-c3ccccc3)cc2)cc1
c1ccc(CCNc2cccc(-c3ccsc3)c2)cc1
C1=Cc2c(ccc3c2C(=Cc2ccccc2)Oc2ccccc2-3)NC1
O=C(Nc1ccccc1)c1ccc(COc2ccc(CNc3ccccc3)cc2)cn1
c1ccc(NCCCCc2ccccc2Oc2ccccc2)cc1
c1ccc(C(Oc2ccc3c(cnn3-c3ccccc3)c2)c2ccccc2)cc1
C1=CC(c2ccccc2)Nc2ccc3c(c21)C(=Cc1ccccc1)Oc1ccccc1-3
C1=C(C(Cc2ccccc2)c2ccccc2)CCCC1
N=C1CCNc2ccc(-c3cccc4cc[nH]c34)c(-c3ccccc3)c21
O=S(=O)(Cc1ccccc1)Nc1ccc(-c2ccccc2)c(OCc2ccccc2)c1
C1=Cc2c(ccc3c2C(=Cc2cccs2)Oc2cccc(OC4CCCC4)c2-3)NC1
C1=C(CC2=CCCc3ccccc32)C=C(CNCc2cc3ccccc3[nH]2)C1
c1ccc(CN(Cc2ccc(-c3ccccc3)cc2)c2ccccc2)cc1
c1ccc(CCc2cccc(-c3ccccc3)c2)cc1
c1ccc(Cc2cccc(N(Cc3ccccc3)Cc3cccnc3)c2)cc1
C(=C1Oc2ccccc2-c2ccc3ncccc3c21)c1cccc(-c2ccsc2)c1
C1=C(CCCCn2ccc3ncccc32)C(c2ccccc2)=CC1
c1ccc(Cc2ccc(-c3ccccc3)cc2)cc1
O=S(=O)(Nc1ccccc1)c1ccc(-c2ccc3c(c2)CCCC3)cc1
C1=CC(c2ccccc2)Nc2ccc3c(c21)C(=Cc1ccsc1)Oc1ccccc1-3
C1=Cc2c(ccc3c2C(=Cc2ccc(-c4ccccc4)cc2)Oc2ccccc2-3)NC1
c1ccc(COc2ccc3c(cnn3-c3ccccc3OCc3ccccc3)c2)cc1
C1=CC(C=C2Oc3ccccc3-c3ccc4c(c32)C(c2ccccc2)=CCN4)=CC1
c1ccc(CN(Cc2ccccc2)c2ccccc2)cc1
c1ccc(CN(Cc2c[nH]c3ccccc23)c2ccccc2)cc1
O=S(=O)(Nc1ccc(-c2ccc3c(cnn3-c3ccccc3)c2)cc1)c1ccccc1
C1=Cc2c(ccc3c2C(=Cc2ccc4c(cnn4-c4ccccc4)c2)Oc2ccccc2-3)NC1
C1=Cc2c(ccc3c2C(=Cc2ccc4c(cnn4-c4ccccc4)c2)Oc2ccccc2-3)NC1
c1ccc(CCCc2ccccc2Oc2ccccc2)cc1
C1=CSC(C=C2Oc3ccccc3-c3ccc4nc(-c5cccc6cnccc56)ccc4c32)=CC1
c1ccc(CCNc2cccc3c(-c4ccccc4)ccnc23)cc1
C(=C1Oc2ccccc2-c2ccccc21)c1ccccc1
C(=CN(Cc1ccccc1)Cc1ccccc1)Nc1ccccc1
c1ccc(-c2ccc3c(cnn3-c3ccccc3)c2)cc1
C1=Cc2c(ccc3c2C(=Cc2ccc(-c4ccccc4)cc2)Oc2ccccc2-3)NC1
C(=C1Oc2ccccc2-c2ccccc21)c1ccccc1-c1ccccc1
C1=Cc2cc(-c3cccc4cc[nH]c34)cc(CON=C3C=Cc4ccc(-c5cccc6cc[nH]c56)cc43)c2NC1
C(=C1Oc2ccccc2-c2ccc3[nH]c4cccc-4cc3c21)c1cccs1
c1ccc(CN(c2ccccc2)c2ccccc2)cc1
c1ccc(NCC(c2ccccc2)c2ccccc2Oc2ccccc2)cc1
C1=CC(c2cccc3cc[nH]c23)Nc2ccc3c(c21)C(=Cc1ccccc1)Oc1ccccc1-3
c1ccc(CNCc2[nH]c3ccccc3c2-c2ccccc2)cc1
C1=Cc2c(ccc3c2C(=CC2=CCCS2)Oc2cccc(-c4c[nH]c5ccccc45)c2-3)NC1
c1ccc(-c2cccc(CCCCc3cc4cccnc4[nH]3)c2)cc1
c1ccc(Cc2cccc(-c3ccc4[nH]ccc4c3)c2)cc1
O=C1CNc2c(cc(-c3cccc4cc[nH]c34)cc2-c2ccccc2)C1
c1ccc(-c2ccc3c(cnn3-c3ccccc3)c2)cc1
c1ccc(-c2ccc(Sc3nc4ccccc4o3)cc2)cc1
C1=Cc2c(ccc3c2C(=Cc2ccccc2)Oc2ccccc2-3)NC1
O=C(c1ccccc1C=C1Oc2ccccc2-c2ccc3c(c21)C=CCN3)N1CCCCC1
c1ccc(CNc2cccc3c(-c4ccccc4)c[nH]c23)cc1
C1=CC(c2cccc(C=C3Oc4cccc(On5ncc6c(C7CCCC7)cccc65)c4-c4cccnc43)c2)=CC1
C1=Cc2c(ccc3c2C(=Cc2ccccc2)Oc2ccc(-c4ccccc4)cc2-3)NC1
c1ccc(CCCCc2cccc3c2cnn3-c2ccccc2)cc1
O=C(Nc1ccc(OCc2ccccc2)cc1)c1ccccc1
C1=Cc2c(ccc3c2C(=Cc2ccccc2)Oc2ccccc2-3)NC1
c1ccc(-c2cc(C3CCCC3)c3cnn(-c4ccccc4)c3c2)cc1
O=S(=O)(Nc1ccc(-c2ccccc2)cc1)c1ccccc1
c1ccc(C(c2ccccc2)c2ccccc2)cc1
c1ccc(CNCc2ccc(Oc3ccccc3)cc2)cc1
O=C(Nc1ccccc1)C(CCC1=CCC=C1)CCc1ccccc1
C1=Cc2c(ccc3c2C(=Cc2ccccc2)Oc2ccccc2-3)NC1
c1ccc(-c2ccc3c(cnn3-c3ccccc3)c2)cc1
C1=CC(Oc2ccccc2)=C(C=C2Oc3ccccc3-c3ccc4ncccc4c32)C1
C1=C(CSCCc2ccccc2)c2cc(-c3ccccc3)ccc2NC1
c1ccc2cc(C3=Nc4ccc(-c5cccc6ncccc56)cc4CC3)ccc2c1
C(=C1Oc2ccccc2-c2ccccc21)c1ccc(Cc2ccccc2)cc1
C1=Cc2c(ccc3c2C(=Cc2ccccc2)Oc2ccccc2-3)NC1
O=S(=O)(Nc1ccccc1)c1ccc(-c2ccc3c(cnn3-c3ccccc3)c2)cc1
c1ccc(-n2ncc3cc(-c4cccc(-c5ccsc5)c4)ccc32)cc1
C1=Cc2c(ccc3c2C(CC=CNc2ccccc2)Oc2ccccc2-3)NC1
c1ccc(-c2ccc(-n3ncc4cc(-c5ccccc5)ccc43)cc2)cc1
C(=Cc1ccccc1)CN(Cc1ccccc1)c1ccccc1
c1ccc(Nc2ccc3c(c2)C(c2ccccc2)Oc2ccccc2-3)cc1
C(=C1Oc2ccccc2-c2ccc3[nH]c4cccc-4cc3c21)c1cccs1
c1ccc(CNc2cccc(-c3ccccc3)c2)cc1
c1ccc(CNCc2[nH]c3ccccc3c2-c2ccccc2)cc1
C1=CCC(c2ccc3c(c2)C(CSCc2ccccc2)=CCN3)=C1
c1ccc(-c2cc(-c3cccc4cc[nH]c34)cc3c2NCCC3)cc1
c1ccc(CCc2c[nH]c3ccc(-c4cccc5cc[nH]c45)cc23)cc1
C1=Cc2c(ccc3c2C(=Cc2ccccc2)Oc2ccccc2-3)NC1
C1=Cc2c(ccc3c2C(=Cc2ccccc2)Oc2ccccc2-3)NC1
c1ccc(-c2sccc2-c2ccc(-c3cnoc3)cc2)cc1
c1ccc(CN(Cc2ccccc2)c2ccccc2)cc1
c1ccc(Nc2cccc(-c3ccccc3)c2)cc1
c1ccc(CNCc2ccc(Oc3ccccc3)cc2)cc1
c1ccc(-c2ccc(On3ncc4cc(-c5cccc6cc[nH]c56)ccc43)c3cc[nH]c23)cc1
c1ccc(CCCCc2ccccc2)cc1
C=C1Oc2ccc(Oc3ccccc3)cc2-c2ccc3c(c21)C=CCN3
C1=C2CCCC(CCc3ccccc3)C2Cc2cnn(-c3ccccc3)c21
c1ccc(CN(Cc2ccc(Oc3ccccc3)cc2)c2ccccc2)cc1
c1ccc(Cc2ccccc2-c2ccccc2)cc1
C1=CCC(c2ccc(C(Cc3ccccc3)c3ccccc3)cc2)=C1
c1cc(-c2cc3c(c(-c4cccc5cc[nH]c45)c2)NCCC3)c2[nH]ccc2c1
C1=CC(CCc2csc3ccccc23)=C(n2ncc3cc(Cc4ccccc4)ccc32)C1
C1=Cc2c(ccc3c2C(=Cc2cccc(Oc4ccccc4)c2)Oc2ccccc2-3)NC1
C1=Cc2c(ccc3c2C(=Cc2cccs2)Oc2cc(Oc4ccccc4)ccc2-3)NC1
c1cc(-c2ccc(-c3c[nH]c4ccccc34)cc2)c2[nH]ccc2c1
c1ccc(-c2c(CNCNC3CCCCC3)[nH]c3ccccc23)cc1
c1ccc(Cc2cccc(Oc3ccccc3)c2)cc1
c1ccc(COc2ccc(-c3ccc4ncccc4c3)c3[nH]ccc23)cc1
C1=CCC(c2cccc(N(Cc3ccccc3)Cc3ccccc3)c2)=C1
C1=Cc2c(ccc3c2C(=CCc2ccccc2)Oc2ccccc2-3)NC1
C1=NCCC=C1Oc1ccc(CN(Cc2ccccc2)c2ccccc2)cc1
C1=C(c2ccccc2)c2c(ccc3c2C(=Cc2cccs2)Oc2ccccc2-3)NC1
c1ccc(CCC2=Nc3cc4c(cc3C(c3ccccc3)C2)CCCC4)cc1
O=S(=O)(Nc1ccc(-c2ccc3c(cnn3-c3ccccc3)c2)cc1)c1ccccc1
C1=Cc2c(ccc3c2C(=Cc2ccccc2)Oc2ccccc2-3)NC1
c1ccc(N=C2CCNc3ccc(-c4cccc5cc[nH]c45)cc32)cc1
C1=Cc2c(ccc3c2C(=Cc2ccccc2)Oc2ccccc2-3)NC1
C1=C2CCCC(Cc3ccc(-c4cccc5cc[nH]c45)cn3)C2(c2cccs2)Cc2cnn(-c3ccccc3)c21
C1=Cc2c(ccc3c2C(=Cc2cnc4ccccc4c2)Oc2ccccc2-3)NC1
c1ccc2c(c1)CCCC2c1cc2c(c(-c3cccc4cc[nH]c34)c1)NCCC2
C1=Cc2c(ccc3c2C(=Cc2cccs2)Oc2cccc(Cc4ccccc4)c2-3)NC1
C1=Nc2ccc(-c3c(Oc4ccccc4)ccc4cc[nH]c34)cc2C1
C1=Cc2c(ccc3c2C(=Cc2ccccc2)Oc2ccccc2-3)NC1
c1ccc(Oc2ccccc2-n2ncc3cc(Oc4ccsc4)ccc32)cc1
C(=C1Oc2ccccc2C2=CCCC=C12)c1ccc(-c2ccccc2)cc1
c1cc(-c2ccc3c(c2)C(=NOCCc2c[nH]c4ccccc24)CCN3)c2[nH]ccc2c1
c1ccc(-n2ncc3ccccc32)cc1
C1=Cc2c(ccc3c2C(=Cc2cccs2)Oc2ccccc2-3)NC1
C1=C(Cc2ccccc2)C(c2ccccc2)=CCC1
c1ccc(Cc2ccc3c(cnn3-c3ccc(-c4ccccc4)cc3)c2)cc1
O=S(=O)(Nc1ccccc1)c1ccc(-c2ccc3c(cnn3-c3ccccc3)c2)cc1
c1ccc(-c2ccc(-c3ccccc3)c3[nH]ccc23)cc1
c1ccc(CNc2ccc(Cc3cccc(-c4ccsc4)c3)cc2)cc1
c1ccc(C(c2ccccc2)c2ccc3c(cnn3-c3ccccc3)c2)cc1
c1ccc(CNCc2[nH]c3c(-c4ccco4)cccc3c2-c2ccccc2)cc1
c1cc2c(cc1-c1cc(-c3c[nH]c4ccc5c(c34)NCC5)cc3c1NCCC3)CCCN2
c1ccc(Cc2[nH]c3ccccc3c2-c2ccccc2)cc1
C1=Cc2c(ccc3c2C(=Cc2ccccc2)Oc2ccccc2-3)NC1
C1=Cc2c(ccc3c2C(=Cc2cccc4ncccc24)Oc2ccccc2-3)NC1
c1ccc(COc2ccccc2CCC(Cc2cc3ccccc3[nH]2)C2CCCC2)cc1
C=C1Oc2ccccc2-c2ccc3c(c21)C=CCN3
c1ccc2sc(-c3ccc(-n4ncc5ccccc54)cc3)cc2c1
C1=C(CSCCc2ccccc2)c2cc(-c3ccccc3)ccc2NC1
O=S(=O)(Nc1ccc(-c2ccccc2)cc1)c1ccccc1
c1ccc(CNCc2ccc(Oc3ccccc3)cc2)cc1
O=S(=O)(c1ccccc1)c1ccc(-c2ccc3c(cnn3-c3ccccc3)c2)cc1
C1=C(c2ccc3[nH]c(Cc4ccccc4)cc3c2)CCCC1
c1ccc(-c2cc(-c3cccc4cc[nH]c34)cc3c2NCCC3)cc1
O=C(Nc1ccccc1)c1ccc(C=Cc2ccccc2)cc1
C(=C1Oc2ccccc2-c2ccccc21)c1ccccc1
O=S(=O)(Cc1ccccc1)NC1=CCNc2ccc(-c3cccc4c(-c5ccccc5)c[nH]c34)cc21
c1ccc(-c2ccc3c(cnn3-c3ccccc3)c2)cc1
O=C(Cn1cnc2ccccc21)c1ccccc1C=C1Oc2ccccc2-c2ccc3c(c21)C=CCN3
c1ccc(-c2ccccc2-c2c[nH]c3ccccc23)cc1
C1=Cc2c(ccc3c2C(=Cc2ccccc2)Oc2ccccc2-3)NC1
c1ccc(ON=C2CCNc3cc(-c4ccccc4)c(-c4cccc5cc[nH]c45)cc32)cc1
C1=Cc2c(ccc3c2C(=Cc2ccccc2)Oc2ccccc2-3)NC1
O=S(=O)(Nc1ccc(-c2ccccc2)cc1)c1ccsc1
C(=C1Oc2ccccc2-c2ccc3ncccc3c21)c1ccccc1
c1ccc(-n2ncc3cc(-c4ccc5c(cnn5-c5ccccc5)c4)ccc32)cc1
C1=Nc2ccccc2SC1CCc1cc2c(cc1-c1ccccc1)C(=NOCc1ccccc1)CCN2
c1ccc(-c2cc(-c3cccc4cc[nH]c34)cc3c2NCCC3)cc1
C=C(CCNS(=O)(=O)c1ccccc1)c1ccsc1-c1ccccc1
C1=Cc2c(ccc3c2C(=CCSc2ccc4ccccc4n2)Oc2ccccc2-3)NC1
c1ccc(-c2ccc(C3CCc4cccc(-c5ccsc5)c4C3)c3[nH]ccc23)cc1
c1ccc(-c2cc(-c3ccc4c(c3)CCCN4)c3[nH]ccc3c2)cc1
c1ccc(CN(Cc2cccc3cc[nH]c23)c2ccccc2)cc1
c1ccc(Cc2ccc3c(c2)CC(Nc2ccccc2)CC3)cc1
C1=Cc2c(ccc3c2C(=CCCc2ccccc2)Oc2ccccc2-3)NC1
c1ccc(CCN(Cc2ccccc2)c2c[nH]c3ccccc23)cc1
C(=Cc1ccc2ccccc2c1)OC(CCc1cccc2cc[nH]c12)c1ccccc1
c1ccc(-c2c(Cc3cccc4cc[nH]c34)[nH]c3ccccc23)cc1
c1ccc(CN(Cc2cccc3cnccc23)c2ccccc2)cc1
c1ccc(-c2cccc3c2cnn3CCc2cccc(-c3ccsc3)c2)cc1
C1=CC2(CCCC=C2c2ccccc2)Cc2cnn(-c3ccc(-c4csc5ccccc45)cc3)c21
O=S(=O)(Nc1ccc(-c2ccc3c(cnn3-c3ccccc3)c2)cc1)c1ccccc1
O=S(=O)(Nc1ccc(-c2ccc3c(cnn3-c3ccccc3)c2)cc1)c1ccccc1
c1ccc(CN(Cc2ccccc2)c2ccccc2-c2ccccc2)cc1
C(=C1Oc2ccccc2-c2ccc3[nH]ccc3c21)c1ccccc1
C1=Cc2c(ccc3c2C(=Cc2ccccc2)Oc2ccccc2-3)NC1
c1ccc(-c2ccccc2-c2csc3ccccc23)cc1
C1=Cc2c(ccc3c2C(=Cc2ccc(NC4CC4)cc2)Oc2ccccc2-3)NC1
O=S(=O)(Cc1ccccc1)Nc1ccc(-c2ccc3c(cnn3-c3ccccc3)c2)cc1
c1ccc(-c2c(-c3cccc4cc[nH]c34)ccc3c2CCC(c2ccsc2)=N3)cc1
c1ccc(CN(Cc2ccccc2)c2ccccc2)cc1
C1=Cc2c(ccc3c2C(=Cc2ccccc2)Oc2ccccc2-3)NC1
C1=CC(C=C2Oc3ccccc3-c3ccc4ncccc4c32)=CCC1
O=S(=O)(Nc1ccccc1)c1ccc2cc(CNCc3ccccc3)[nH]c2c1
C1=Cc2c(ccc3c2C(=Cc2ccccc2)Oc2ccccc2-3)NC1
C1=Cc2c(ccc3c2C(=Cc2ccccc2)Oc2ccccc2-3)NC1
c1ccc(CNc2ccc3c(c2)C(c2ccccc2)Oc2ccccc2-3)cc1
C1=Cc2c(ccc3c2C(=Cc2ccccc2)Oc2ccccc2-3)NC1
C1=CC(c2ccccc2C=C2Oc3ccccc3-c3ccc4c(c32)C=CCN4)=CCC1
c1cc(-c2ccc3c(c2)C(=Nc2ccc4c(c2)CCCC4)CCN3)c2[nH]ccc2c1
c1ccc(CCN(Cc2ccccc2)c2ccccc2)cc1
C1=Cc2c(ccc3c2C(=Cc2ccccc2)Oc2ccccc2-3)NC1
c1ccc(CC(Oc2ccc3c(cnn3-c3ccccc3)c2)c2ccccc2)cc1
C1=CCC2C(=C1)OC(=Cc1cccc(Cc3ccccc3)c1)c1c2ccc2c1C=CCN2
c1ccc(-c2ccccc2Oc2cccc3cc[nH]c23)cc1
O=S(=O)(Nc1ccc(-c2ccc3c(cnn3-c3ccccc3)c2)cc1)c1ccccc1
c1ccc(CCCCc2ccccc2)cc1
c1ccc(Oc2ccc3c(CCCc4csc5ccccc45)c[nH]c3c2)cc1
C1=Cc2c(ccc3c2C(=CC2=CCCC(COc4ccccc4)=C2)Oc2ccccc2-3)NC1
C1=CC(c2cccs2)Nc2ccc3c(c21)C(=CCc1ccccc1)Oc1ccccc1-3
c1ccc(Cc2cccc(CCC(Cc3cc4cnccc4[nH]3)c3cccc4cc[nH]c34)c2)cc1
O=S(=O)(Nc1ccc(-c2ccc3c(cnn3-c3ccccc3)c2)cc1)c1ccccc1
C=C(Nc1cccc2ncccc12)c1cc(-c2cccc3cc[nH]c23)cc2c1NCCC2
c1ccc(CNCc2c(-c3cccc4cc[nH]c34)ccc3c2CCCN3)cc1
C1=Cc2c(ccc3c2C(=Cc2ccccc2)Oc2ccccc2-3)NC1
C(=Cc1ccccc1)Cc1[nH]c2ccccc2c1-c1ccccc1
C1=C(C=C2Oc3cccc(-c4cccc5cc[nH]c45)c3-c3ccccc32)CCC1
C1=Cc2c(ccc3c2C(=Cc2ccccc2)Oc2ccccc2-3)NC1
C1=Cc2c(ccc3c2C(=Cc2ccccc2)OC2=C3C=C(c3ccccc3)C2)NC1
c1ccc(CNCc2ccc(Oc3ccccc3)cc2)cc1
C(=C1Oc2ccccc2-c2ccc3ccccc3c21)c1ccccc1
c1ccc(Cc2cccc(Nc3ccccc3)c2)cc1
C1=C(C(c2ccccc2)C(Cc2ccc3c(c2)CCCC3)c2ccccc2)CCCC1
c1ccc(CNCc2[nH]c3c(-c4ccco4)cccc3c2-c2ccccc2)cc1
C1=CC2=C(C1)OC(=Cc1ccccc1)c1c2ccc2nccc(-c3cccs3)c12
c1ccc(COc2ccccc2)cc1
C1=Cc2c(ccc3c2C(=Cc2ccccc2)Oc2ccccc2-3)NC1
C1=C(c2ccc3[nH]c(-c4cccc5ncccc45)cc3c2)CCCC1
c1ccc(CN(c2ccccc2)c2ccccc2)cc1
O=S(=O)(Nc1ccccc1)c1ccc(C2=CC=C(c3ccccc3)C2)cc1
c1ccc(NC2=Nc3ccc(-c4cccc5[nH]ccc45)cc3C2)cc1
C(=C1Oc2ccccc2C2=Cc3ccccc3C12)c1ccc(Oc2ccccc2)cc1
c1ccc(-c2ccc(C3CNc4ccc(-c5cccc6cc[nH]c56)cc4C3)cc2)cc1
O=C(Nc1ccc2c(cnn2-c2ccccc2)c1)c1ccc(C2=CC=CC2)cc1
C1=Cc2c(ccc3c2C(=Cc2ccccc2)Oc2ccccc2-3)NC1
c1ccc(CNc2ccccc2-c2cc3ccccc3[nH]2)cc1
C1=C(CSCCc2ccccc2)c2cc(-c3ccccc3)ccc2NC1
O=S(=O)(Nc1ccccc1)c1ccc(-c2ccccc2)cc1
C1=CCC(c2ccccc2C=C2Oc3ccccc3-c3ccc4c(c32)C=CCN4)=C1
C1=C(c2ccc3[nH]c(-c4cccc5ncccc45)cc3c2)CCCC1
C(=C1Oc2ccccc2-c2ccc3[nH]c(Cc4ccccc4)cc3c21)c1cccc2cc[nH]c12
C1=Cc2c(ccc3c2C(=Cc2cccc(-c4ccsc4)c2)Oc2ccccc2-3)NC1
C1=CCC(N(Cc2ccccc2)Cc2ccc(-c3ccccc3)cc2)=C1
C1=Cc2c(ccc3c2C(=Cc2ccccc2)Oc2ccccc2-3)NC1
c1ccc(CN(Cc2ccccc2)c2c[nH]c3ccccc23)cc1
C1=C(CSCCc2ccc3c(c2)CCCC3)c2cc(-c3ccccc3)ccc2NC1
C1=CC(c2cccc3c2cnn3-c2cccc(-c3ccccc3)c2)=CCC1
C1=CC2=C(CC1)OC(=Cc1cccc(OCc3ccccc3)c1)c1ccccc12
O=S(=O)(NC1=CCCC=C1)c1ccc(-c2ccc3c(cnn3-c3ccccc3)c2)cc1
c1ccc(-c2ccc3c(cnn3-c3ccccc3)c2)cc1
c1ccc(CNCc2[nH]c3ccccc3c2-c2ccccc2)cc1
c1ccc(OCOCc2ccccc2Cc2cc3ccccc3[nH]2)cc1
O=C1CNc2c(cc(-c3cccc4cc[nH]c34)cc2-c2ccccc2)C1
c1ccc(C2CCNc3ccc(-c4cccc5cc[nH]c45)cc32)cc1
C=C(c1ccccc1)c1ccsc1-c1ccccc1
c1ccc(CCCc2ccccc2)cc1
O=S(=O)(Nc1ccccc1)c1ccc(-c2ccc3c(c2)CCCC3)cc1
C1=C(CN(Cc2ccccc2)c2ccccc2)C(c2ccccc2)=CC1
O=S(=O)(Nc1ccc(-c2ccc3c(cnn3-c3ccccc3)c2)cc1)c1ccccc1
c1ccc(-c2cc(-c3ccc4c(c3)OCCO4)c3cnn(-c4ccccc4)c3c2)cc1
O=S(=O)(Nc1ccc(-c2ccc3c(cnn3-c3ccccc3)c2)cc1)c1ccccc1
C(=C1Oc2ccccc2-c2ccc3ncccc3c21)c1ccccc1
C1=C(CSc2ccccc2)c2cc(-c3ccccc3)ccc2NC1
c1cc(CCCc2cc3ccccc3[nH]2)cc(-c2ccsc2)c1
C1=Nc2ccc(-c3cccc(CSOc4ccc5ccccc5c4)c3)cc2C12CCCCC2
O=C(NC1CCCCC1)c1ccc(OC(c2ccccc2)c2ccccc2Oc2ccccc2)cn1
C1=Cc2c(ccc3c2C(=Cc2ccccc2)Oc2ccccc2-3)NC1
C1=Cc2c(ccc3c2C(=Cc2ccsc2)Oc2ccccc2-3)NC1
c1ccc(CCc2ccc(N3Cc4cc(-c5cccc6nccn56)c5c(c4N=N3)CCC5)cc2)cc1
C1=Cc2c(ccc3c2C(=Cc2cccc(Oc4ccccc4)c2)Oc2ccccc2-3)NC1
c1ccc(NCc2ccc(Oc3ccccc3)cc2)cc1
c1ccc(-c2cccc(-c3c[nH]c4ccccc34)c2)cc1
C1=Cc2c(ccc3c2C(=Cc2cccc4cc[nH]c24)Oc2ccccc2-3)NC1
C1=Cc2c(ccc3c2C(=Cc2ccccc2)Oc2ccccc2-3)NC1
O=C(CCOC(=O)Nc1ccccc1)Nc1ccc(-n2ncc3c(-c4ccccc4)cccc32)cc1
c1ccc(CN(Cc2ccccc2)c2ccccc2)cc1
C(=C1Oc2ccccc2-c2ccc3ncccc3c21)c1ccccc1
C1=Cc2c(ccc3c2C(=Cc2ccccc2)Oc2ccccc2-3)NC1
C1=Cc2c(ccc3c2C(=Cc2ccccc2)Oc2ccccc2-3)NC1
C1=Cc2c(ccc3c2C(=Cc2ccccc2)Oc2ccccc2-3)NC1
O=C(Nc1ccccc1)N(Cc1ccccc1)Cc1ccccc1
O=S(=O)(NC1=CC=CC1)c1ccc(-c2ccc3c(cnn3-c3ccccc3)c2)cc1
c1cc(-c2cc(-c3cccc4cc[nH]c34)cc3c2NCCC3)c2ccncc2c1
C1=CC(c2cc3ccccc3s2)Nc2ccc(-c3ccccc3)cc21
c1cc(-c2ccc3c(c2)CC(c2ccc4c(c2)CCCC4)CN3)c2[nH]ccc2c1
C1=Cc2c(ccc3c2C(=Cc2ccccc2)Oc2ccccc2-3)NC1
C1=Cc2c(ccc3c2C(=Cc2ccccc2)Oc2ccccc2-3)NC1
c1ccc(Oc2ccccc2)cc1
C1=Cc2ccc(-c3cccc4cc[nH]c34)c(-c3cccs3)c2C1=NOCc1cccc2cc[nH]c12
c1ccc(C(Oc2ccnc3ccccc23)OC(c2ccccc2)c2ccccc2)cc1
C1=CC(c2ccccc2)Nc2ccc(-c3cccc4cc[nH]c34)cc21
C1=Cc2c(ccc3c2C(=Cc2ccccc2)Oc2ccccc2-3)CC1
c1ccc(C(CCc2cccc3c2cnn3-c2ccccc2)c2cccc3cc[nH]c23)cc1
C=C1Oc2ccccc2-c2ccc3c(c21)C=CC(c1cccc2cc[nH]c12)N3
O=S(=O)(Nc1ccccc1)c1ccc(-c2ccccc2)cc1
c1cc(-c2ccc(-c3ccc4c(c3)C(c3ccns3)CCN4)cc2)c2[nH]ccc2c1
C1=Cc2c(ccc3c2C(=CCCc2cccc4cc[nH]c24)Oc2ccccc2-3)NC1
O=C(NCc1cccc(-c2cccc3cc[nH]c23)c1)c1cccc2c1CCCN2
C(=C1Oc2ccccc2-c2ccc3ncccc3c21)c1ccccc1
c1ccc2sc(-c3ccnc4ccc(-c5cccc6[nH]ncc56)cc34)cc2c1
c1ccc(-c2ccc3c(cnn3-c3ccccc3)c2)cc1
O=S(=O)(Nc1ccccc1)c1ccc(-c2ccc3c(cnn3-c3ccccc3)c2)cc1
c1ccc(-c2cc(-c3cccc4cc[nH]c34)cc3c2NCCC3)cc1
C1=Cc2c(ccc3c2C(=Cc2ccccc2)Oc2ccccc2-3)NC1
c1ccc(N(CCC2CCCc3ccccc32)Cc2c[nH]c3ccccc23)cc1
C=C1Oc2ccc(Oc3ccccc3)cc2-c2ccc3c(c21)C=CCN3
C1=Cc2c(ccc3c2C(=Cc2ccccc2)Oc2ccccc2-3)NC1
c1ccc(CNc2ccccc2Oc2ccccc2)cc1
c1ccc(-c2ccc3ccccc3c2)cc1
c1ccc(COc2ccccc2-c2c[nH]c3ccccc23)cc1
c1ccc(Oc2ccc3c(c2)CCC(CC2CCCc4ccccc42)N3)cc1
c1ccc(CCC(Cc2ccccc2)Cc2cc3ccccc3[nH]2)cc1
c1ccc(C2Oc3ccccc3-c3ccc(Nc4cnc5ccccc5c4)cc32)cc1
c1ccc(-c2cc3c4c(ccc3[nH]2)-c2ccccc2OC4)cc1
C1=CSC(c2ccc(-c3cc(-c4ccccc4)c4[nH]ccc4c3)cc2)=NC1
C1=Cc2c(ccc3c2C(=Cc2ccccc2)Oc2ccccc2-3)NC1
c1ccc(Oc2ccccc2)cc1
c1ccc(CCCCCNc2cccc3c2cnn3-c2ccccc2)cc1
C1=Cc2c(ccc3c2C(=Cc2ccccc2)Oc2ccccc2-3)NC1
c1ccc(NCCc2cccc(Cc3ccc4c(cnn4-c4ccccc4)c3)c2)cc1
c1ccc(C(Oc2ccc3c(cnn3-c3ccccc3)c2)c2ccccc2)cc1
C1=C(c2ccc(-c3ccccc3)cc2)CCC1
C=C1Oc2ccccc2-c2ccc3[nH]cc(-c4ccccc4)c3c21
C1=Cc2c(ccc3c2C(=Cc2cccc4cc[nH]c24)Oc2ccccc2-3)NC1
C1=C(CCCCc2ccccc2)c2ccccc2CC1
c1cc(-c2ccc3c(c2)CC(c2ccc4c(c2)CCCN4)=N3)c2[nH]ccc2c1
C1=Cc2c(ccc3c2C(=Cc2ccccc2)Oc2ccccc2-3)NC1
C1=Cc2c(ccc3c2C(=Cc2ccccc2)Oc2ccccc2-3)NC1
C1=Cc2c(ccc3c2C(=Cc2ccccc2)Oc2ccccc2-3)NC1
c1ccc(Oc2ccccc2-c2ccnc3ccccc23)cc1
C1=CC(N(Cc2cccc(-c3cccc4cc[nH]c34)c2)Cc2cccs2)=CC1
c1ccc(-c2ccc3c(c2)CCC(c2ccccc2)N3)cc1
c1ccc(CN(c2ccccc2)c2ccccc2-c2ccccc2)cc1
C1=Cc2c(ccc3c2C(=Cc2cccs2)Oc2ccccc2-3)NC1
C1=CCC(CN(Cc2ccccc2)c2ccccc2)=C1
c1ccc(ON=C2CCNc3ccc(-c4cccc5cc[nH]c45)cc32)cc1
c1ccc(-c2ccc(-n3ncc4ccccc43)cc2)cc1
c1cc(-c2ccc(Nc3cccc4ncccc34)cc2)c2[nH]ccc2c1
c1ccc(-c2c(-c3cccc4cc[nH]c34)ccc3c2CCC(c2ccccc2)N3)cc1
c1ccc(Oc2ccc(Cc3cccc4cc[nH]c34)cc2)cc1
C1=Cc2c(ccc3c2C(=Cc2ccccc2)Oc2ccccc2-3)NC1
c1ccc(-c2ccccc2)cc1
c1ccc(-n2ncc3cc(-c4ccc5c(cnn5-c5ccccc5)c4)ccc32)cc1
C1=Cc2c(ccc3c2C(=CC2=NC=CC2)Oc2cccc(-c4ccccc4)c2-3)NC1
c1ccc(NCc2ccc(Oc3ccccc3)cc2)cc1
c1ccc(-n2ncc3cc(-c4cccc(-c5ccc6[nH]ncc6c5)c4)ccc32)cc1
C1=Cc2c(ccc3c2C(=Cc2sccc2COCc2ccccc2)OC2=C3C=CC2)NC1
C1=C2CCCC(C(c3cc4ccccc4s3)c3cccc4cc[nH]c34)C2Cc2cnn(-c3ccccc3)c21
c1ccc(NCc2ccc(Oc3ccccc3)cc2)cc1
O=S(=O)(c1ccccc1)c1ccc(-c2ccc3c(cnn3-c3ccccc3)c2)cc1
c1ccc(CNCc2ccc(Oc3ccccc3)cc2)cc1
c1ccc(Oc2cccc(OCc3cccc4c3CCCN4)c2)cc1
C1=CC(N(Cc2ccccc2)Cc2ccc(-c3ccccc3)cc2)=CC1
c1ccc(Oc2ccccc2)cc1
C1=C(C=C2Oc3ccccc3-c3ccc4ncccc4c32)CCC1
C1=CCC(c2ccc3c(c2)C(CSCCC2=CCC=C2)=CC(c2ccc4ccccc4c2)N3)=C1
c1ccc(CN(Cc2c[nH]c3ccccc23)c2ccccc2)cc1
C1=Cc2c(ccc3c2C(=Cc2ccccc2)Oc2ccccc2-3)NC1
c1ccc(-c2cccc(-c3ccsc3)c2)cc1
c1ccc(CC(CCc2ccccc2OCOc2ccccc2)Cc2cc3ccccc3[nH]2)cc1
C1=Cc2c(ccc3c2C(=Cc2ccc4c(c2)CCCC4)Oc2ccccc2-3)NC1
c1ccc(-c2ccccc2Cc2ccc3ccccc3n2)cc1
C1=Cc2c(ccc3c2C(=Cc2cccs2)Oc2ccccc2-3)NC1
C1=Cc2c(ccc3c2COc2cccc(Cc4ccccc4)c2-3)NC1
C1=Cc2c(ccc3c2C(CC=CCc2ccc4ccccc4c2)OC2=CCC=C23)NC1
C=C1Oc2ccccc2-c2ccc3ncccc3c21
c1ccc(-c2cccc(-n3ncc4c(-c5cccs5)cccc43)c2)cc1
O=S(=O)(Cc1ccccc1)Nc1ccc(-c2ccc3c(cnn3-c3ccccc3)c2)cc1
C1=C(c2ccccc2)C2C(=C1)c1c(Cc3ccccc3)cccc1OC2c1ccccc1
c1ccc(C(Nc2cccc3ncccc23)Oc2ccc3c(cnn3-c3ccccc3)c2)cc1
c1ccc(-c2cc(C3CCCCC3)cc3cc[nH]c23)cc1
c1ccc(CON=C2CCNc3ccc(-c4cccc5cc[nH]c45)cc32)cc1
C1=Cc2c(ccc3c2C(=Cc2ccccc2)Oc2ccccc2-3)NC1
C1=NCCC=C1c1ccc(Nc2ccccc2)cc1
C1=CCCC(c2cccc(-c3ccc4c(cnn4-c4ccccc4)c3)c2)=C1
c1cc(-c2cc3c(c(-c4cccc5cc[nH]c45)c2)NCCC3)c2[nH]ccc2c1
C(=C1Oc2ccccc2-c2ccc3[nH]ccc3c21)c1ccccc1
C1=CC2=C(CC1)OC(=Cc1cccc(OC=Cc3ccccc3)c1)c1ccccc12
O=S(=O)(Cc1ccccc1)Nc1ccc(-c2ccc3c(cnn3-c3ccccc3)c2)cc1
c1ccc2cc(Cc3csc4ccccc34)ccc2c1
C1=C(C=C2Oc3ccccc3-c3ccc4c(c32)C(c2cc3ccccc3[nH]2)=CCN4)CCCC1
c1ccc(Cc2ccc3c(cnn3-c3ccc(CCOc4ccccc4)cc3)c2)cc1
C(=C1Oc2ccccc2-c2ccc3[nH]ccc3c21)c1ccccc1
c1ccc(-c2cccc3cc[nH]c23)c(OCCCCc2cc3ccccc3[nH]2)c1
c1ccc(CN(Cc2ccc(Oc3ccccc3)cc2)c2ccccc2)cc1
c1ccc(-n2ncc3c(Oc4c[nH]c5ccccc45)cccc32)cc1
C(=C1Oc2ccccc2C2=CCC=C12)c1ccc(-c2ccccc2)cc1
C1=C(Cc2cccc(-c3cccc4cc[nH]c34)c2)c2c(ccc3c2COc2ccccc2-3)NC1
c1ccc(Cc2ccc(-c3ccc4ccccc4n3)cc2)cc1
c1ccc(-c2ccc3c(c2)COc2ccccc2-3)cc1
c1ccc(-c2ccnc3ccc(-c4cccc5cc[nH]c45)cc23)cc1
O=C(Nc1ccccc1)c1ccc(OC(Cc2ccccc2)c2ccccc2)cn1
c1ccc(-n2ncc3cc(-c4ccc(CCCC5CC5)cc4)ccc32)cc1
c1ccc(C2=Nc3ccc(-c4cccc5cc[nH]c45)cc3CC2)cc1
c1ccc(CN(Cc2ccccc2)c2ccccc2)cc1
c1ccc(-c2ccccc2Cc2c[nH]c3ccccc23)cc1
c1ccc(Cc2ccc3scc(-c4cccc5cc[nH]c45)c3c2)cc1
C1=CCC(C=C2Oc3ccccc3-c3ccc4c(c32)C=CCN4)=C1
c1ccc(CCC(Oc2ccc3c(cnn3-c3ccccc3)c2)c2ccccc2)cc1
C1=Cc2c(ccc3c2C(=Cc2ccccc2)Oc2ccccc2-3)NC1
c1ccc(CNc2cccc(Nc3ccccc3)c2)cc1
C1=Cc2c(ccc3c2C(=Cc2ccccc2)Oc2ccccc2-3)NC1
c1cc(-c2ccsc2)cc(-c2ccc3ncccc3c2)c1
C1=Cc2c(ccc3c2C(=Cc2csc4ccccc24)Oc2ccccc2-3)NC1
c1ccc(C2CCc3cc(-c4cccc5cc[nH]c45)ccc3N2)cc1
C=C1Oc2ccccc2-c2ccc3ncccc3c21
C(=Cc1ccccc1)C=C1Oc2ccccc2-c2ccc3c(c21)C=CCN3
O=C(OC1=CCCC1)N(Cc1ccccc1)c1ccccc1
C1=C(c2ccc3c(c2)C(CSCCc2ccccc2)=CCN3)Cc2ccccc21
c1cc(-c2ccc3c(c2)CC(c2ccc4c(c2)CCCN4)=N3)c2[nH]ccc2c1
c1ccc(C2CCc3cc(-c4cccc5[nH]ccc45)ccc3N2)cc1
c1ccc(CC(Oc2coc3ccccc23)c2ccccc2)cc1
c1ccc(-c2cccc3c2-c2ccc4ncccc4c2CO3)cc1
c1ccc(C2CC(c3cccc4cc[nH]c34)c3cc(-c4cccc5cc[nH]c45)ccc3N2)cc1
C=C1Oc2ccc(-c3ccccc3)c(-c3ccccc3)c2C2=CC=CC12
c1ccc(NCc2ccc(Oc3ccccc3)cc2)cc1
C1=C(c2ccccc2)c2c(ccc3c2C(=Cc2ccccc2)Oc2ccccc2-3)NC1
C1=CC(c2ccc(-c3ccnc4ccccc34)cc2)=CC1
C(=C1Oc2ccccc2-c2ccccc21)c1ccccc1
C1=Cc2c(ccc3c2C(=Cc2ccccc2)Oc2cccc(Oc4cccs4)c2-3)NC1
c1ccc(-n2ncc3cc(OCCc4ccc5cnn(-c6ccccc6)c5c4)ccc32)cc1
c1ccc(CNc2ccccc2-c2ccc(N3CCCC3)cc2)cc1
C1=Cc2c(ccc3c2COc2cccc(Oc4ccccc4)c2-3)NC1
c1ccc(COc2ccccc2CCC(Cc2cc3ccccc3[nH]2)C2CCCC2)cc1
C1=Cc2c(ccc3c2C(=Cc2ccccc2)Oc2ccccc2-3)NC1
C=C1Oc2ccccc2-c2ccc3c(c21)C(c1cc2ccccc2s1)=CCN3
c1ccc(CN(Cc2cccc(-n3ncc4ccccc43)c2)c2ccccc2)cc1
c1ccc(CON=C2CC(c3ccccc3)Nc3ccc(-c4cccc5cc[nH]c45)cc32)cc1
C1=Cc2c(ccc3c2C(=Cc2ccc(-c4ccccc4)cc2)Oc2ccccc2-3)NC1
C1=Cc2c(ccc3c2C(=Cc2ccccc2)Oc2ccccc2-3)NC1
c1ccc(CN(Cc2ccc(Oc3ccccc3)cc2)c2ccccc2)cc1
c1ccc(-c2ccccc2)cc1
O=S(=O)(c1ccccc1)c1ccccc1CNOc1cccc(-n2ncc3c(-c4ccccc4)cccc32)c1
C1=Cc2cc(C(C=Cc3ccccc3)CCc3ccccc3)ccc2NC1
C(=C1Oc2ccccc2-c2ccccc21)c1ccccc1-c1ccccc1
c1ccc(CCNc2ccccc2)cc1
O=S(=O)(Nc1ccccc1)c1ccc(C2CC=C(c3ccccc3)C2)cc1
c1ccc(-c2ccc3c(c2)C(c2cccs2)Oc2ccccc2-3)cc1
C1=CC(c2cccc3c2cnn3-c2cccc(-c3ccccc3)c2)=CCC1
C1=CC(C=C2Oc3ccccc3-c3ccc4c(c32)C=CCN4)=CCC1
c1ccc(-c2c[nH]c3c(-c4ccccc4)cccc23)cc1
C(=C1Oc2ccccc2-c2ccc3ncccc3c21)c1ccccc1
c1ccc(-n2ncc3c(NC4CCNc5ccc(-c6cccc7cc[nH]c67)cc54)cccc32)cc1
O=S(=O)(Nc1ccc(N2CCCC2)cc1)c1ccccc1
O=C(Nc1ccc2c(cnn2-c2ccccc2)c1)c1ccc(C2=CC=CC2)cc1
C1=Cc2c(ccc3c2C(=Cc2ccccc2)Oc2ccccc2-3)NC1
C1=CC(CN(Cc2ccccc2)c2ccccc2-c2ccc3[nH]ncc3c2)=CCC1
C1=Cc2c(ccc3c2C(=Cc2ccc(-c4ccccc4)cc2)OC2=C3C=CC2)NC1
O=S(=O)(Nc1ccccc1)c1ccc(C2=CC=CC2)c(-c2cccc3cc[nH]c23)c1
C1=CC(Cc2ccccc2)Nc2ccc3c(c21)C(=Cc1ccsc1)Oc1ccccc1-3
c1ccc(CN(Cc2ccccc2)c2ccccc2-c2ccccc2)cc1
c1ccc(CCCSc2ccnc3ccccc23)cc1
C(=C1Oc2cccc(-c3cccc4cc[nH]c34)c2-c2ccccc21)c1cccs1
C1=Cc2c(ccc3c2C(=Cc2ccccc2)Oc2ccccc2-3)NC1
O=S(=O)(Nc1ccc(-c2ccccc2)cc1)c1ccccc1
O=C(Nc1cccc2cc[nH]c12)c1ccc(-c2ccccc2)cc1
O=C(Nc1ccccc1)OC1Cc2cc(-c3ccccc3)ccc2NC1c1ccsc1
C(=CN(Cc1ccccc1)c1ccccc1)CCCc1ccnc2ccccc12
c1ccc(-c2ccccc2)cc1
c1ccc(-c2ccc(-c3ccc4c(c3)CCCN4)c3[nH]ccc23)cc1
c1ccc(CN(Cc2ccccc2)c2cccc(-c3ccsc3)c2)cc1
C1=Nc2c(cc(-c3cccc4cc[nH]c34)cc2-c2ccccc2)CC1
C(=C1Oc2ccccc2-c2ccc3ncccc3c21)c1ccccc1
C1=CC(CCC(Cc2ccccc2)Cc2cc3ccccc3[nH]2)=CC1
O=S(=O)(Nc1ccccc1)c1ccc(-c2ccccc2)cc1
c1ccc(-c2ccccc2)cc1
c1ccc(-c2ccc3c(cnn3-c3ccccc3)c2)cc1
c1ccc(CNc2cccc3c(-c4ccccc4)ccnc23)cc1
c1ccc(Oc2ccccc2-c2ccccc2)cc1
c1ccc(CC2Nc3ccc(Nc4ccccc4)cc3CC2c2ccccc2)cc1
c1ccc(-c2ccnc3ccc(-c4cccc5cc[nH]c45)cc23)cc1
O=S(=O)(Cc1ccccc1)Nc1ccc(-c2ccc3c(cnn3-c3ccccc3)c2)cc1
c1ccc(Oc2ccccc2)cc1
C1=CCC(C=C2Oc3ccccc3-c3ccccc32)=C1
c1cc(-c2ccc(-c3ccsc3)cc2)c2[nH]ccc2c1
O=S(=O)(c1ccccc1-c1ccccc1)c1cccc2c1cnn2-c1ccccc1
c1ccc(CCCCCc2ccccc2)cc1
c1ccc(-c2ccc(-c3ccc4ncccc4c3)c3[nH]ccc23)cc1
C(=C1Oc2ccccc2-c2cccc(-c3cccc4cc[nH]c34)c21)c1ccccc1
c1ccc(NCCCCc2ccccc2Oc2ccccc2)cc1
C1=Cc2c(ccc3c2C(=CCCCCc2ccccc2)Oc2ccccc2-3)NC1
c1ccc(-c2ccc3c(cnn3-c3ccccc3)c2)cc1
C1=Cc2c(ccc3c2C(=Cc2ccccc2)Oc2ccccc2-3)NC1
C1=Cc2c(ccc3c2C(=Cc2ccccc2)Oc2ccccc2-3)NC1
c1ccc(-c2ccccc2)cc1
C1=Cc2c(ccc3c2C(=Cc2cccc(Oc4ccccc4)c2)Oc2ccccc2-3)NC1
c1ccc(C2CCc3cc(-c4cccc5cc[nH]c45)ccc3N2)cc1
C1=Cc2c(ccc3c2C(=Cc2ccccc2)Oc2ccccc2-3)NC1
C1=C(N(Cc2ccccc2)c2ccccc2)c2ccccc2C1
C1=Cc2c(ccc3c2C(=Cc2ccccc2)Oc2ccccc2-3)NC1
C(=C1Oc2ccccc2-c2ccccc21)c1ccc2c(c1)CCC(c1ccccc1)N2
C1=CC(c2ccccc2)Nc2ccc3c(c21)C(=Cc1ccsc1)Oc1ccccc1-3
O=S(=O)(NC1=CC=CCC1)c1ccc(-c2ccccc2)cc1
c1ccc(C(c2ccccc2)c2ccc3c(cnn3-c3ccccc3)c2)cc1
c1ccc(-c2ccc3c(cnn3-c3ccc4ccccc4n3)c2)cc1
c1ccc(Cc2ccc(-c3cccnc3)cc2)cc1
O=S(=O)(Nc1ccc(-c2ccccc2)c(CC2=CC=CC2)c1)c1ccccc1
c1ccc(CN(Cc2ccccc2Nc2ccccc2)c2ccccc2)cc1
C1=Cc2c(ccc3c2C(=Cc2ccccc2)Oc2ccccc2-3)NC1
c1ccc(CCCCc2ccc(-c3cccc4cc[nH]c34)cc2)cc1
C1=CCC(N(Cc2ccccc2)Cc2ccc(-c3ccccc3)cc2)=C1
C1=CCC(n2ncc3cc(-c4cccc(-c5cccc6cc[nH]c56)c4)ccc32)=C1
C1=CC(c2ccccc2)Nc2ccc3c(c21)C(=Cc1ccsc1)Oc1ccccc1-3
c1ccc(Cc2c[nH]c3c(-c4ccc5c(c4)CCCN5)cccc23)cc1
c1ccc(COc2ccc(CN(Cc3ccccc3)c3ccccc3)cc2)cc1
c1ccc(CNCc2ccccc2Nc2ccccc2)cc1
C1=Cc2c(ccc3c2C(=Cc2ccccc2)Oc2ccccc2-3)NC1
C(=C1Oc2ccccc2-c2ccccc21)c1ccccc1
C1=Cc2c(ccc3c2C(=CCCc2ccccc2)Oc2ccccc2-3)NC1
C(=CN(Cc1ccccc1)Cc1cccc2cnccc12)c1ccccc1
O=C(CSc1nc2ccccc2s1)C1=CCC(c2cccc3c(-c4cccc5cc[nH]c45)c[nH]c23)=C1
C(=C1Oc2ccccc2-c2cccc(-c3cccc4cc[nH]c34)c21)c1ccccc1
C1=Cc2c(ccc3c2C(=Cc2ccccc2)Oc2ccccc2-3)NC1
C1=Cc2c(ccc3c2C(=Cc2ccccc2)Oc2ccccc2-3)NC1
N=C1CCNc2cc(-c3cccc4cc[nH]c34)c(C3=CCc4cc[nH]c43)cc21
C1=Cc2c(ccc3c2C(=Cc2ccccc2)Oc2ccccc2-3)NC1
c1ccc(Cc2ccc(-c3ccccc3)cc2)cc1
c1ccc2c(-c3ccc(CCCc4ccc5c(c4)CCCN5)cc3)c[nH]c2c1
C=C1Oc2ccccc2-c2ccc3c(c21)C=CCN3
c1ccc(CCCCc2cc3cccc(-c4ccccc4)c3[nH]2)cc1
O=S(=O)(Nc1ccc(C2CCc3ccccc3C2)cc1)c1cccc(Cc2ccccc2)c1
c1ccc(Oc2ccccc2-c2cccnc2)cc1
c1ccc(-c2cc3cccc(-c4ccccc4)c3[nH]2)cc1
O=S(=O)(Nc1c(-c2cccc3c2N=CC3)ccc2c1C(c1ccccc1)CCN2)c1ccccc1
c1ccc(Oc2ccccc2)cc1
c1ccc(C(c2cnc3[nH]ncc3c2)c2ccc3c(cnn3-c3ccccc3)c2)cc1
C1=CC(CC2CCCc3ccccc32)Nc2ccc3c(c21)C(=CC1=CCCCC1)Oc1ccccc1-3
C1=CCC(c2ccc(C=C3OC4=C(C=CC4)c4ccc5c(c43)C=CCN5)cc2)=C1
C1=Cc2c(ccc3c2C(=Cc2ccccc2)Oc2ccccc2-3)NC1
c1ccc(-c2cccc3cc[nH]c23)c(-c2cccc3[nH]ccc23)c1
C1=Cc2c(ccc3c2C(=Cc2ccccc2)Oc2ccccc2-3)NC1
C1=Cc2c(ccc3c2C(=Cc2ccccc2)Oc2ccccc2-3)NC1
c1ccc(Nc2cccc(-c3cccc4cc[nH]c34)c2)cc1
O=S(=O)(Nc1ccc(-c2ccc3c(cnn3-c3ccccc3)c2)cc1)c1ccccc1
C(=C1Oc2ccccc2-c2ccc3ncccc3c21)c1ccccc1
O=S(=O)(c1ccc(-c2cccnc2)cc1)c1cccc(Oc2ccccc2)c1
C1=CC(c2cccc3ccn(-c4ccc(C5CCc6c(cccc6C6CC6)C5)c5[nH]ccc45)c23)=CC1
C1=Cc2c(ccc3c2C(=Cc2ccccc2)Oc2ccccc2-3)NC1
C1=C(c2cccc3cc[nH]c23)C(CC2CCCc3ccccc32)=C(c2ccccc2)C1
c1ccc(-c2ccc3c(c2)CCCC3)cc1
C=C1Oc2cccc(CSc3ccccc3)c2-c2ccccc21
C1=Cc2c(ccc3c2C(=Cc2ccccc2)Oc2ccccc2-3)NC1
C(=Cc1cccc2c1cnn2-c1ccccc1)Cc1ccccc1
c1ccc(Oc2ccccc2)cc1
C1=CCC(c2cccc3c2cnn3-c2cccc(-c3ccccc3)c2)=C1
O=C(C1=CCNc2ccc3c(c21)C(=CCc1ccccc1)Oc1ccccc1-3)c1ccccc1
c1ccc(C2CCNc3ccc(-c4cccc5cc[nH]c45)cc32)cc1
C=C1Oc2ccccc2-c2ccc3[nH]ccc3c21
c1ccc(-c2ccc3[nH]ncc3c2)c(Oc2cccc3c2CCCC3)c1
c1ccc(-c2cccc3cc[nH]c23)cc1
C1=Cc2c(ccc3c2C(=Cc2ccc(-c4ccccc4)cc2)Oc2ccccc2-3)NC1
c1ccc(CCc2cc3cccc(-c4ccccc4)c3[nH]2)cc1
C1=Cc2c(ccc3c2COc2cccc(Oc4ccccc4)c2-3)NC1
O=C(Nc1cccc(-c2ccccc2)c1)OC1CNc2ccc(-c3cccc4cc[nH]c34)cc2C1
C1=CC(CCC2=Nc3ccc(-c4cccc5cc[nH]c45)cc3CC2)=CCC1
C(=CN(Cc1ccccc1)Cc1ccccc1)Nc1ccccc1
O=S(=O)(Cc1cccc(-c2ccccc2)c1)Nc1ccc(C2CCCC2)cc1
c1ccc(Oc2ccccc2)cc1
O=C(NCC(CCc1c[nH]c2ccccc12)c1ccccc1)c1ccccc1
C1=Cc2c(ccc3c2C(=Cc2ccc(-c4ccccc4)cc2)OC2=C3C=CC2)NC1
c1ccc(CC(Oc2ccc3c(cnn3-c3ccccc3)c2)c2ccccc2)cc1
c1ccc(C(Oc2ccc3c(cnn3-c3ccccc3)c2)c2ccccc2)cc1
O=S(=O)(Nc1ccccc1)c1ccc(-c2ccc3c(cnn3-c3ccccc3)c2)cc1
c1ccc(C2CCc3c(c(-c4ccc5ccccc5n4)cc4cnn(-c5ccccc5)c34)C2)cc1
C1=CC2=C(CC1)c1ccccc1OC2=Cc1ccc(-c2ccccc2)cc1
c1ccc2nc(ON=C3CCNc4ccc(-c5cccc6cc[nH]c56)cc43)ccc2c1
C1=Cc2c(ccc3c2C(=Cc2ccccc2)Oc2ccccc2-3)NC1
c1ccc(-n2ncc3cc(OC(CCCCc4cccs4)c4cccnc4)ccc32)cc1
O=S(=O)(Nc1ccc(-c2ccc3c(cnn3-c3ccccc3)c2)cc1)c1ccsc1
C1=C2CCCC(CCc3ccccc3)C2Cc2cnn(-c3ccccc3)c21
c1ccc(CCc2cc3cccc(-c4ccccc4)c3[nH]2)cc1
O=S(=O)(Cc1ccccc1)Nc1ccc(-c2ccc3c(cnn3-c3ccccc3)c2)cc1
C1=C(CN(Cc2ccccc2)c2ccccc2)C(c2ccccc2)=CC1
C1=Cc2c(ccc3c2C(=Cc2ccccc2)Oc2ccccc2-3)NC1
c1ccc(-c2ccc(-c3cccc4cc[nH]c34)cc2)cc1
C(=C1Oc2ccccc2-c2ccc3[nH]ccc3c21)c1ccccc1
c1ccc(Nc2ccc3c(c2)C(c2ccccc2)Oc2ccccc2-3)cc1
c1ccc(CCNCCc2c[nH]c3cccc(Cc4ccccc4)c23)cc1
C1=C(C2=CCCCC2)CC=C(C(Cc2ccccc2)c2ccccc2)C1
c1ccc(CNCc2[nH]c3ccccc3c2OCCc2c[nH]c3ccccc23)cc1
C1=Cc2c(ccc3c2C(=Cc2ccccc2)Oc2ccccc2-3)NC1
c1ccc(Cc2ccc3c(cnn3-c3ccc(CCc4nc5ccccc5s4)cc3)c2)cc1
C(=C1Oc2ccccc2-c2ccc3ncccc3c21)c1cccs1
C1=Cc2c(ccc3c2C(=Cc2ccccc2)Oc2ccccc2-3)NC1
C1=Cc2c(ccc3c2C(=Cc2ccccc2)Oc2ccccc2-3)NC1
c1ccc(-c2ccccc2)cc1
c1ccc(Cc2ccccc2)cc1
c1ccc(CON=C2CC(c3ccc(N4CCCC4)cc3)Nc3ccc(-c4cccc5cc[nH]c45)cc32)cc1
c1ccc(-c2ccc(-n3ncc4cc5c(cc43)CCCC5)cc2)cc1
O=C(NCc1cccc(-c2cccc3cc[nH]c23)c1)c1cccc2c1CCCN2
c1ccc(-c2ccc3c(cnn3-c3ccccc3)c2)cc1
c1ccc(Oc2ccccc2)cc1
C1=Cc2c(ccc3c2C(=Cc2ccccc2)Oc2ccccc2-3)NC1
C1=Cc2c(ccc3c2C(=Cc2ccccc2)Oc2ccccc2-3)NC1
C1=Cc2c(ccc3c2C(=Cc2csc4ccccc24)Oc2ccccc2-3)NC1
c1ccc(Cc2[nH]c3ccccc3c2Oc2ccccc2)cc1
C1=Cc2c(ccc3c2C(=Cc2ccccc2)Oc2ccccc2-3)NC1
C1=Cc2c(ccc3c2C(=CCCCc2ccccc2)Oc2ccccc2-3)NC1
c1ccc(Cc2ccccc2Cc2ccc3c(cnn3-c3ccccc3)c2)cc1
C1=C(c2cc3cnccc3[nH]2)c2c(ccc3c2C(=Cc2ccccc2)Oc2ccccc2-3)NC1
C1=Cc2c(ccc3c2C(=CC2=Nc4ccccc4C2)Oc2ccccc2-3)NC1
c1ccc(CCCNc2cccc3c2cnn3-c2ccccc2)cc1
c1ccc(Oc2ccc(CN(Cc3cccnc3)c3ccccc3)cc2)cc1
C1=CC(Oc2ccc(CNCc3ccccc3)cc2)=CC1
O=S(=O)(c1ccc(-c2ccc3[nH]ncc3c2)cc1)N(Cc1ccccc1)c1ccccc1
C1=Cc2c(ccc3c2COc2cccc(Oc4ccccc4)c2-3)NC1
O=S(=O)(Nc1cccc(Nc2ccccc2)c1)c1ccccc1
C(=C1Oc2ccccc2-c2nc3ccccc3cc21)c1cccc(-c2ccsc2)c1
C1=Cc2c(ccc3c2C(=Cc2ccccc2)Oc2ccccc2-3)NC1
C1=Cc2c(ccc3c2C(=Cc2ccccc2)Oc2ccccc2-3)NC1
C1=Cc2c(ccc3c2COc2cccc(-c4cccc(-c5ccsc5)c4)c2-3)NC1
C1=CCC(c2cc(-c3cc4ccccc4[nH]3)cc3cccnc23)=C1
C1=Cc2c(ccc3c2C(=Cc2ccccc2)Oc2ccccc2-3)NC1
C1=Cc2c(ccc3c2C(=Cc2ccccc2)Oc2ccccc2-3)NC1
O=C(c1ccsc1C=C1Oc2ccccc2-c2ccc3c(c21)C=CCN3)N1CCCCC1
c1ccc(C2CCNc3ccc(-c4cccc5cc[nH]c45)cc32)cc1
c1ccc(-c2ccc3c(c2)C(c2cccs2)Oc2ccccc2-3)cc1
O=S(=O)(Nc1ccccc1)c1ccc(-c2ccc3c(cnn3-c3ccccc3)c2)cc1
c1ccc(-n2ncc3c(-c4ccc5c(c4)CCCN5)cccc32)cc1
c1ccc(N(Cc2cccs2)Cc2c[nH]c3ccccc23)cc1
c1ccc(CCC(CCc2c[nH]c3ccccc23)c2ccccc2)cc1
c1ccc(-n2ncc3cc(-c4cccc(-c5cccc6cc[nH]c56)c4)ccc32)cc1
C1=CC(C2=CCNc3ccc4c(c32)C(=Cc2ccccc2)Oc2ccccc2-4)=CC1
O=C(c1ccc(-c2ccc(-c3cnoc3Cc3ccccc3)cc2)nc1)c1ccco1
C1=Cc2c(ccc3c2C(=Cc2ccccc2)Oc2ccccc2-3)NC1
C1=C(c2ccccc2)c2c(ccc3c2COc2ccccc2-3)NC1
c1ccc(CN(Cc2ccccc2)c2ccccc2)cc1
C(=C1Oc2ccccc2-c2ccc3nc4c(cc3c21)CCCC4)c1ccccc1
c1ccc(-c2ccc3c(c2)C(c2ccccc2)Oc2ccccc2-3)cc1
C1=Cc2c(ccc3c2C(=Cc2ccccc2)Oc2ccccc2-3)NC1
C1=C(n2ncc3cc(-c4ccc5c(cnn5-c5ccccc5)c4)ccc32)c2ccccc2CC1
O=S(=O)(Nc1ccccc1)c1ccc(-c2ccc3c(cnn3-c3ccccc3)c2)cc1
C1=Cc2c(ccc3c2C(=Cc2cc4ccccc4s2)Oc2ccccc2-3)NC1
c1ccc(CCSCc2ccnc3ccc(-c4ccsc4)cc23)cc1
C1=Cc2c(ccc3c2C(=Cc2ccccc2)Oc2ccccc2-3)NC1
c1ccc(Cc2cc3cc(OCc4cccc(Oc5ccccc5)c4)ncc3[nH]2)cc1
C1=CC(c2ccc3c(cnn3-c3ccccc3)c2)C(COc2ccccc2)=C1
O=S(=O)(Nc1ccccc1)c1cccc(-c2ccccc2)c1
N=C1CCNc2ccc(-c3cccc4cc[nH]c34)c(-c3ccccc3)c21
C(=C1Oc2ccccc2-c2ccc3ncccc3c21)c1ccccc1
O=S(=O)(Nc1ccccc1)c1ccccc1
c1ccc(CN(Cc2ccccc2)c2ccccc2-c2ccccc2)cc1
c1ccc2cc(SCc3c(Cc4cc5ccncc5[nH]4)[nH]c4ccccc34)ccc2c1
c1ccc(-c2ccc(-c3ccc4c(c3)CCCN4)cc2)cc1
c1ccc(CCC(CCc2ccccc2)c2ccccc2)cc1
C1=Cc2c(ccc3c2C(=Cc2cccc4ncccc24)Oc2ccccc2-3)NC1
C1=Cc2c(ccc3c2C(=Cc2cccs2)Oc2ccccc2-3)NC1
C(=C1Oc2ccccc2-c2ccc3nc(-c4ccccc4)ccc3c21)c1ccccc1
c1ccc(-n2ncc3cc(-c4cccc(-c5ccc6c(c5)CCCC6)c4)ccc32)cc1
c1ccc(-c2ccc3c(cnn3-c3ccccc3)c2)cc1
C1=Nc2c(cc(-c3cccc4[nH]ccc34)cc2-c2ccc3ccccc3n2)CC1
c1ccc(-n2ncc3cc(-c4ccc5ccccc5n4)ccc32)cc1
c1ccc(-c2ccc3c(cnn3-c3ccccc3)c2)cc1
C1=C2CCCC(Cc3csc4ccccc34)C2Cc2cnn(-c3ccc(-n4ncc5ccccc54)cc3)c21
C(=C1Oc2ccccc2-c2ccc3ncccc3c21)c1sccc1-c1ccccc1
c1ccc(CCc2ccc3c(cnn3-c3ccccc3)c2)cc1
C1=Cc2c(ccc3c2C(c2ccccc2)OC2=C3C(c3cccc4cc[nH]c34)=CC2)NC1
c1ccc(-c2ccc3c(cnn3-c3cccc4c3CCCC4)c2)cc1
C1=C(CCCCc2ccccc2)C=C(c2cccc3cc[nH]c23)C1
C1=CC(c2ccc3c(cnn3-c3ccccc3)c2)=C(Cc2cc3ccccc3[nH]2)C1
c1ccc(CNC2=C(c3cccc4cc[nH]c34)c3ccccc3C2)cc1
C1=Cc2c(ccc3c2C(=Cc2ccccc2)Oc2ccccc2-3)NC1
C1=Cc2c(ccc3c2C(=Cc2cccs2)Oc2ccccc2-3)NC1
C1=Cc2c(ccc3c2C(=Cc2cccs2)OC2=C3C(Oc3ccccc3)=CC2)NC1
C1=Cc2c(ccc3c2C(=Cc2cccc4cc[nH]c24)Oc2ccccc2-3)NC1
C1=Cc2c(ccc3c2C(=Cc2ccccc2)Oc2ccccc2-3)NC1
c1ccc(CNCc2ccc(Oc3ccccc3)cc2)cc1
c1ccc(-c2ccccc2-c2cccc3cc[nH]c23)cc1
C1=CC(c2ccc3c(cnn3-c3ccccc3)c2)=C(Cc2cc3ccccc3[nH]2)C1
c1csc(-c2ccc(-c3cc4ccccc4s3)cc2)c1
C1=Cc2c(ccc3c2C(=Cc2cccc4cc[nH]c24)Oc2ccccc2-3)NC1
c1ccc(CCSCc2c[nH]c3ccc(-c4ccccc4)cc23)cc1
C1=C(CN(Cc2ccccc2)c2ccccc2)C=C(C2CCCC2)C1
C1=Cc2cc(-c3cccc(Nc4ccccc4)c3)ccc2NC1
C1=CCCC(C=C2Oc3ccccc3-c3ccc4[nH]c(CNCc5ccccc5)cc4c32)=C1
c1ccc(CN(Cc2ccc(Oc3ccccc3)cc2)c2ccccc2)cc1
c1ccc(-c2ccccc2Cc2ccc3c(cnn3-c3ccccc3)c2)cc1
c1ccc(CCCCc2ccc3c(cnn3-c3ccccc3)c2)cc1
c1ccc(CN(Cc2ccccc2)c2ccccc2)cc1
c1ccc(CON=c2cc[nH]c3ccc(-c4cccc5cc[nH]c45)cc23)cc1
C1=Cc2c(ccc3c2C(=CNc2cccc4ncccc24)Oc2ccccc2-3)NC1
c1ccc(Cc2ccc3c(c2)C(c2ccccc2)Oc2ccccc2-3)cc1
C1=C(CN(Cc2ccccc2)c2ccccc2)c2cccnc2CC1
c1ccc(-c2ccc3c(cnn3-c3ccccc3)c2)cc1
C1=Cc2c(ccc3c2C(=CCCc2c[nH]c4ccccc24)Oc2ccccc2-3)NC1
c1ccc(CNCc2ccc(Oc3ccccc3)cc2)cc1
C1=CCC(c2ccccc2C=C2Oc3ccccc3-c3ccc4c(c32)C=CCN4)=C1
c1ccc(CN(Cc2ccccc2)c2ccccc2)cc1
c1ccc(-c2ccc3cc[nH]c3c2-c2ccc3c(c2)CCCN3)cc1
C1=CCC(CN(Cc2ccc(-c3ccccc3)cc2)c2ccccc2)=C1
O=C(c1ccccc1)c1cc(-c2c[nH]c3ccccc23)cc2c1NCCC2
c1ccc(-c2ccccc2)cc1
C1=Cc2c(ccc3c2C(=Cc2ccccc2)Oc2ccccc2-3)NC1
C(=C1Oc2ccccc2-c2ccc3ncccc3c21)c1ccccc1
c1ccc(-n2ncc3cc(-c4cccc5c4cnn5-c4ccccc4)ccc32)cc1
c1ccc(CN(CCc2cccc3c2OCC3)c2ccccc2)cc1
c1ccc(-c2ccc(-c3cc4ccncc4s3)cc2)cc1
C1=Cc2c(ccc3c2C(=Cc2ccccc2)Oc2ccccc2-3)NC1
c1ccc(NCCCCc2ccccc2Oc2ccccc2)cc1
C=C1Oc2cccc(Oc3ccccc3)c2-c2ccc3c(c21)C=CCN3
c1ccc(COC2=C(CCNc3cccc4cnccc34)c3[nH]ccc3C2)cc1
C1=C(c2cc3c(cc2-c2cccc4cc[nH]c24)C(=NOc2ccccc2)CCN3)c2[nH]ccc2CC1
c1ccc(CNc2ccccc2-c2ccccc2)cc1
C1=C(CN(Cc2ccccc2)c2ccccc2)CCCC1
C1=C(c2ccccc2)C(c2ccc3ccccc3c2)=CC1
c1ccc(Cc2ccc3c(cnn3-c3ccccc3)c2)cc1
c1ccc(CCc2ccc3c(c2)CCCN3)cc1
O=C(N1CCCCC1)N(Cc1ccccc1)Cc1ccc(Oc2ccccc2)cc1
C(=C1Oc2ccccc2-c2ccccc21)c1cccc(-c2ccsc2)c1
C1=Cc2c(ccc3c2C(=Cc2ccccc2)Oc2ccccc2-3)NC1
C1=Cc2c(ccc3c2C(=Cc2ccccc2)Oc2ccccc2-3)NC1
C1=Cc2c(ccc3c2C(=CCc2ccccc2)Oc2ccccc2-3)NC1
O=C(CSc1nc2ccccc2s1)C1=CCC(c2cccc3c(-c4ccccc4)c[nH]c23)=C1
O=S(=O)(Nc1ccc(C2=CC=C(c3cccc4cc[nH]c34)C2)cc1)c1ccccc1
C(=C1Oc2ccccc2C2=CCC=C12)c1ccc(-c2ccccc2)cc1
C=C1Oc2ccccc2-c2ccc3c(c21)C=CCN3
c1ccc(Cc2ccc3c(cnn3-c3ccccc3)c2)cc1
C1=Cc2c(ccc3c2C(=Cc2ccccc2)Oc2ccccc2-3)NC1
C1=Cc2c(ccc3c2C(=Cc2ccccc2)Oc2ccccc2-3)NC1
C1=C(c2ccc3c(c2)-c2ccccc2C(=Cc2ccccc2)O3)SCC1
c1ccc2cc(SCC3CCNc4ccc(-c5c6c(cc7cc[nH]c57)NCC6)cc43)ccc2c1
c1ccc(NC2=Nc3ccc(-c4cccc5[nH]ccc45)cc3C2)cc1
c1ccc(CN(Cc2ccccc2)c2ccccc2)cc1
C1=Cc2cc3c(cc2NC1)-c1ccc2c(c1C(=Cc1cccs1)O3)C=CCN2
C1=Cc2c(ccc3c2C(=Cc2ccccc2)Oc2ccccc2-3)NC1
O=C(Nc1ccc2ccccc2c1)OC1CNc2ccc(-c3cccc4cc[nH]c34)cc2C1
c1cc(-n2ccc3cccc(-c4ccc5c(c4)CCCN5)c32)c2[nH]ccc2c1
C(=C1Oc2ccccc2-c2ccc3nc4c(cc3c21)CCCC4)c1cccs1
C1=C(CSCCc2ccccc2)c2cc(-c3ccsc3)ccc2NC1
C1=Cc2c(ccc3c2C(=Cc2ccccc2)Oc2ccccc2-3)NC1
C(C=Cc1cccc2cc[nH]c12)=Cc1ccc2c(cnn2-c2ccccc2)c1
c1ccc(-c2ccccc2)cc1
C1=Cc2c(ccc3c2C(=CC2=CCCCC2)Oc2ccccc2-3)NC1
C(=Cc1csc2ccccc12)CSc1ccc2ccccc2c1
c1ccc(CNc2ccccc2)cc1
c1ccc(Oc2ccccc2)cc1
c1ccc(CNc2ccc3c(c2)COc2ccccc2-3)cc1
c1ccc(CC(Oc2ccc3c(cnn3-c3ccccc3)c2)c2ccccc2)cc1
C(=C1Oc2ccccc2-c2ccc3[nH]ccc3c21)c1ccccc1
C1=Cc2c(ccc3c2C(=Cc2ccccc2)Oc2ccccc2-3)NC1
c1ccc(-c2cccc(CCCCc3cc4cccnc4[nH]3)c2)cc1
C1=Cc2c(ccc3c2C(=Cc2ccccc2)Oc2ccccc2-3)NC1
c1ccc(CN(Cc2c[nH]c3ccccc23)c2ccccc2)cc1
C1=Cc2c(ccc3c2C(=Cc2ccccc2)Oc2ccccc2-3)NC1
C1=Cc2c(ccc3c2C(=Cc2ccccc2)Oc2ccccc2-3)NC1
O=S(=O)(Nc1ccc(-c2ccc3c(cnn3-c3ccccc3)c2)cc1)c1ccccc1
c1ccc(CCCc2ccnc3ccccc23)cc1
C1=Cc2c(ccc3c2C(=Cc2ccccc2)Oc2ccccc2-3)NC1
O=S(=O)(c1ccccc1)C(CCc1ccccc1)C1CC1
C(=Cc1ccnc2ncccc12)c1cc2c(c(-c3cccc4cc[nH]c34)c1)NCCC2
C1=Cc2c(ccc3c2C(=Cc2ccc4c(c2)CCCC4)Oc2ccccc2-3)NC1
c1ccc(-c2cc(-c3ccccc3)c3[nH]ccc3c2)cc1
C1=C(c2ccccc2)CC(c2cccc(-c3cccc4cc[nH]c34)c2)=C1
c1ccc(CC(c2cccc(-c3ccsc3)c2)c2cccc3cc[nH]c23)cc1
c1ccc(CNc2cccc(NC(=Nc3ccccc3)c3ccsc3)c2)cc1
c1ccc(Cc2ccccc2)cc1
C1=C(c2cccc(-c3ccsc3)c2)CC=C1c1nc2ccccc2s1
C(=C1Oc2ccccc2-c2ccc3[nH]ccc3c21)c1ccccc1
c1cc(-c2ccc3nc4c(cc3c2)CCCC4)c2cc[nH]c2c1
C1=Cc2c(ccc3c2C(=Cc2ccccc2)Oc2ccccc2-3)NC1
C1=C2CCCC(C(c3ccccc3)c3cc4ccccc4s3)C2Cc2cnn(-c3ccccc3)c21
O=S(=O)(Nc1ccc(-c2ccc3c(cnn3-c3ccccc3)c2)cc1)c1ccccc1
C1=CC(c2ccccc2)Nc2ccc3c(c21)C(=CCc1ccccc1)Oc1ccccc1-3
C1=C(c2ccccc2)c2c(ccc3c2C(=Cc2cccs2)Oc2ccccc2-3)NC1
c1ccc(-c2ccc(-c3ccnc4ccc5c(c34)CCN5)cc2)cc1
C1=Cc2c(ccc3c2C(=Cc2ccccc2)Oc2ccccc2-3)NC1
C1=Cc2c(ccc3c2C(=Cc2ccccc2)Oc2ccccc2-3)NC1
c1ccc(CN(c2ccccc2)c2ccccc2)cc1
C(=C1Oc2ccccc2-c2ccc3nc(Oc4ccccc4)ccc3c21)c1ccccc1
c1ccc(-c2ccccc2)cc1
C1=Cc2c(ccc3c2C(=CC2=CCCC2)Oc2ccccc2-3)NC1
c1ccc(CCn2ccc3c4c(ccc32)CCCC4Cc2ccccc2)cc1
O=C(c1ccsc1C=C1Oc2ccccc2-c2ccc3c(c21)C=CCN3)N1CCCCC1
C1=Cc2c(ccc3c2C(=Cc2cccc4c2cnn4-c2ccccc2)Oc2ccccc2-3)NC1
c1ccc(CCCc2ccc(-c3ccccc3)cc2)cc1
c1ccc(CNc2ccc(COc3cccc4c3OCC4)cc2)cc1
C(=C1Oc2ccccc2-c2ccccc21)c1ccccc1
C1=CCC(c2ccccc2C=C2Oc3ccccc3-c3ccc4c(c32)C=CCN4)=C1
c1ccc(Cc2cccc(Oc3ccccc3)c2)cc1
c1ccc(Cc2ccc(-c3cccnc3)cc2)cc1
O=S(=O)(Nc1ccc(C2=CC=CC2)c(Cc2ccccc2)c1)c1ccccc1
C(=Cc1ccccc1)CN(Cc1ccccc1)c1ccccc1
c1ccc(CCc2ccc(N3Cc4cc(-c5cccc6nccn56)c5c(c4N=N3)CCC5)cc2)cc1
C1=Cc2c(ccc3c2C(=Cc2cccs2)Oc2ccccc2-3)NC1
C1=Cc2c(ccc3c2C(=Cc2ccccc2)Oc2ccccc2-3)NC1
O=S(=O)(NCCc1c[nH]c2ccccc12)c1ccc(Cc2ccccc2)cc1
c1ccc(-c2ccc3c(cnn3-c3ccccc3)c2)cc1
C1=Cc2c(ccc3c2C(=Cc2ccccc2)Oc2ccccc2-3)NC1
C1=Cc2c(ccc3c2C(=Cc2ccccc2)Oc2ccccc2-3)NC1
O=S(=O)(c1ccccc1)c1ccccc1CN(Cc1ccccc1)c1ccccc1
O=S(=O)(Nc1ccccc1)c1ccc(-c2ccc3c(cnn3-c3ccccc3)c2)cc1
O=S(=O)(Cc1ccccc1)Nc1ccc(-c2ccc3c(cnn3-c3ccccc3)c2)cc1
C1=Cc2c(ccc3c2C(=Cc2ccccc2)Oc2ccccc2-3)NC1
C1=CC(C=C2Oc3ccccc3-c3ccc4c(c32)C=CCN4)=CCC1
c1ccc(-c2ccc(CN(c3ccccc3)c3ccccc3)cc2)cc1
c1ccc(CN(c2ccccc2)c2ccccc2)cc1
c1ccc(CN(Cc2ccc(Oc3cccc4c3NCC4)cc2)c2ccccc2)cc1
C(=C1Oc2ccccc2-c2ccc3c(c21)CCCN3)c1ccc(-c2ccccc2)cc1
c1ccc(-c2ccccc2-c2cccc3cc[nH]c23)cc1
c1ccc(-c2cc(-c3cccc4cc[nH]c34)cc3c2NCCC3)cc1
c1ccc2nc(ON=C3CCNc4ccc(-c5cccc6cc[nH]c56)cc43)ccc2c1
c1ccc(CN(Cc2ccccc2)c2ccccc2)cc1
c1ccc(-c2ccc3ccccc3c2)cc1
C1=Cc2c(ccc3c2C(=Cc2ccc4ccccc4n2)Oc2ccccc2-3)NC1
C1=Nc2ccc(C(c3ccccc3)c3ccc4c(cnn4-c4ccccc4)c3)cc2C12CCCCC2
c1csc(-c2ccccc2-c2cccc3cc[nH]c23)c1
O=S(=O)(NC1=CC=CC1)c1ccc(-c2ccc3c(cnn3-c3ccccc3)c2)cc1
C1=Cc2c(ccc3c2C(=Cc2cccs2)Oc2cccc(OC4CCCC4)c2-3)NC1
C(=CCC1Oc2ccccc2-c2cccc(Oc3ccccc3)c21)Cc1ccccc1
c1ccc(CCc2ccc3c(c2-c2ccccc2)CCCN3)cc1
c1ccc(C2CCNc3ccc(CCC4CC4)cc32)cc1
O=S(=O)(NCCCc1c[nH]c2ccccc12)c1ccccc1Sc1ccc2ccccc2n1
C1=Cc2cc3c(cc2C1)-c1ccc2c(c1C(=Cc1ccccc1)O3)CCCC2
c1ccc(CCC2CCc3cc(-c4cccc5cc[nH]c45)ccc3N2)cc1
O=C(CCC=C1Oc2ccccc2-c2ccc3c(c21)C=CCN3)Nc1ccccc1
C1=C(CCCCc2ccccc2)CC(c2cnoc2)=C1
c1ccc(-c2ccc3c(cnn3-c3ccc(C4CCCCC4)cc3)c2)cc1
c1ccc(CNCc2ccc(Oc3ccccc3)cc2)cc1
C(=C1Oc2ccccc2-c2ccccc21)c1ccccc1
O=C(C=C1Oc2ccccc2-c2ccc3c(c21)C=CCN3)c1cnn(-c2ccccc2)c1-c1ccsc1
C1=Cc2c(ccc3c2C(=Cc2cccs2)Oc2ccccc2-3)NC1
C1=C(c2cccc3c(-c4ccc5c(cnn5-c5ccccc5)c4)c[nH]c23)CCC1
O=S(=O)(c1ccsc1)c1ccccc1C=C1Oc2ccccc2-c2ccc3c(c21)C=CCN3
c1ccc(CNc2cccc(-c3ccccc3)c2)cc1
c1ccc(CONc2ccc3c(c2)C(c2ccccc2)Oc2ccccc2-3)cc1
c1ccc(Oc2cccc(-c3cccc4cc[nH]c34)c2)cc1
c1ccc(-c2cc(-c3ccc4c(c3)CCCN4)c3[nH]ccc3c2)cc1
O=S(=O)(Nc1ccc(-c2ccc3c(cnn3-c3ccccc3)c2)cc1)c1ccsc1
c1ccc(CNCc2[nH]c3ccccc3c2-c2ccccc2)cc1
O=C1Cc2cc(-c3cccc4cc[nH]c34)ccc2NC1Nc1ccccc1
C1=C(c2ccccc2)c2cc(-c3cccc4cc[nH]c34)ccc2NC1
C1=CC(C2=CCNc3ccc4c(c32)C(=Cc2cccs2)Oc2ccccc2-4)=CC1
c1ccc2c(c1)CCCC2Cc1cc(-c2c[nH]c3ccccc23)cc2c1NCCC2
c1ccc(CCCCc2ccc3ccccc3c2)cc1
c1ccc(Oc2cccc3c2-c2ccccc2C(c2ccccc2)O3)cc1
c1ccc(NCc2ccc(Oc3ccccc3)cc2)cc1
C1=Cc2c(ccc3c2C(=Cc2ccccc2)Oc2ccccc2-3)NC1
C1=Cc2c(ccc3c2C(=Cc2ccccc2)Oc2ccccc2-3)NC1
c1ccc(Cc2ccc3cnn(-c4ccccc4)c3c2)cc1
c1ccc(-c2ccc3c(cnn3-c3ccccc3)c2)cc1
c1ccc(CN(Cc2cccc3c2CCCC3)c2ccccc2)cc1
c1ccc(-c2ccc(-c3cccc4cc[nH]c34)cc2)cc1
C1=Cc2c(ccc3c2C(=Cc2ccccc2)Oc2ccccc2-3)NC1
C(=C1Oc2ccccc2-c2ccc3ncccc3c21)c1ccccc1
c1ccc(CN(Cc2ccc(Oc3ccccc3)cc2)c2ccccc2)cc1
c1ccc(-c2cccc(Cc3ccc4c(cnn4-c4ccccc4)c3)c2)cc1
c1ccc(NCc2ccccc2CCCCc2cc3ccccc3[nH]2)cc1
c1ccc(Oc2ccc(-c3ccnc4ncccc34)cc2)cc1
C1=CCC(C2=Nc3ccc4c(c3C2)C(=Cc2ccccc2)Oc2ccccc2-4)=CC1
c1ccc(-c2ccc3c(cnn3-c3ccccc3)c2)cc1
C1=Cc2c(ccc3c2C(=Cc2ccccc2)Oc2ccccc2-3)NC1
c1ccc(-c2ccc3c(cnn3-c3ccccc3)c2)cc1
O=S(=O)(Cc1ccccc1)Nc1ccc(-c2ccc3c(cnn3Cc3ccsc3)c2)cc1
O=S(=O)(Nc1ccc(-c2ccc3c(cnn3-c3ccccc3)c2)cc1)c1ccccc1
C(=C1Oc2c(ccc3c2cnn3-c2ccccc2)-c2ccccc21)c1ccccc1
c1ccc(-c2ccccc2)cc1
c1ccc(CCSc2nc3ccccc3s2)cc1
c1ccc(-c2cccc(CCCCc3cc4cnccc4[nH]3)c2)cc1
c1ccc(-c2cccc(-n3ncc4ccccc43)c2)cc1
c1ccc2oc(Sc3ccc(-c4c[nH]c5ccccc45)cc3)nc2c1
c1ccc2[nH]c(-n3ncc4cc(Nc5cccc6ccccc56)ccc43)cc2c1
c1ccc(-c2cccc3c2cnn3-c2ccccc2)cc1
O=C(Nc1ccccc1)c1ccc(-n2ncc3c2C=C2CCC=C(CCc4ccccc4)C2C3)cc1
c1ccc(Oc2ccc(-c3cccc4cc[nH]c34)cc2)cc1
c1ccc(-n2ncc3cc(-c4cccc(-c5ccsc5)c4)ccc32)cc1
C1=C(OC(CCc2ccccc2)c2ccccc2)c2ccccc2CC1
c1ccc(-c2ccc3ccccc3c2)cc1
O=C(OCOc1ccc(N(Cc2ccccc2)C2=CCC=C2)cc1)c1ccccc1
c1ccc(-c2cc(-c3c[nH]c4ccccc34)cc3c2NCCC3)cc1
C1=Cc2c(ccc3c2C(=Cc2ccccc2)Oc2ccccc2-3)NC1
C1=Cc2c(ccc3c2COc2cccc(-c4cccc5cc[nH]c45)c2-3)NC1
c1ccc2c(CSc3ccc(Cc4cc5ccncc5[nH]4)cc3)c[nH]c2c1
C1=Cc2c(ccc3c2C(=CC2=Nc4ccccc4C2)Oc2ccccc2-3)NC1
c1ccc(COc2ccc3ccccc3c2)cc1
c1ccc(CC2=Nc3cccc(-c4ccccc4)c3CC2)cc1
C1=Cc2c(ccc3c2C(=Cc2ccccc2)Oc2ccccc2-3)NC1
O=C1C=C2CCC3C(=C2CC1)C(c1ccccc1)CC1C(c2ccccc2)CCC31
O=S(=O)(c1ccccc1)c1ccccc1CCN(Cc1ccccc1)c1ccccc1
C1=Cc2c(ccc3c2C(=Cc2cccs2)Oc2ccccc2-3)NC1
C1=Cc2c(C=C3Oc4ccccc4-c4ccc5c(c43)C=CCN5)cccc2NC1
C(=C1Oc2ccccc2C2=CCC=C12)c1ccc(-c2ccccc2)cc1
C1=C(C=C2Oc3ccccc3-c3ccc4ncccc4c32)C=C(c2ccsc2)C1
c1ccc(NCCCCCNc2ccccc2)cc1
C1=CC(Cc2cnn(-c3ccccc3)c2)Nc2ccc3c(c21)C(=Cc1ccccc1)Oc1ccccc1-3
c1ccc(-c2cccc(-c3ccccc3)c2)cc1
C=C(Nc1cccc2c1cnn2C1=CC=C(c2ccccc2)C1)c1cccc2cc[nH]c12
C(=C1Oc2ccccc2-c2ccc3ncccc3c21)c1ccccc1
c1ccc(CN(Cc2ccccc2)c2ccccc2-c2ccc3[nH]ncc3c2)cc1
C1=CC(C=C2Oc3ccccc3-c3ccc4c(c32)C=CCN4)=CCC1
c1ccc2c(c1)OC(c1c(-c3cc4ccccc4[nH]3)ccc3c1CCCN3)c1ccccc1-2
C1=Cc2c(ccc3c2C(=Cc2ccccc2)Oc2ccccc2-3)NC1
C(=C1Oc2ccccc2C2=CCC(Cc3ccccc3)=C12)c1ccccc1
c1ccc(-c2cccc3cc[nH]c23)c(-c2cccc3cc[nH]c23)c1
c1ccc(Cc2[nH]c3ccccc3c2-c2ccccc2)cc1
C1=Cc2c(ccc3c2C(=Cc2cccc(Oc4ccccc4)c2)Oc2ccccc2-3)NC1
c1ccc(-c2ccc3c(cnn3-c3ccccc3)c2)cc1
c1ccc(Oc2cccc(-c3ccsc3)c2)cc1
C1=C(CSCc2ccc3c(n2)CCCC3)c2cc(-c3ccccc3)ccc2NC1
C1=C(COc2cccc(NCc3ccccc3)c2)C=C(Cc2ccccc2)C1
c1ccc(-c2cccc(-c3ccsc3)c2)cc1
O=C(Nc1ccccc1)C1=Nc2ccc(-c3ccccc3)cc2C1
C1=C(c2ccc3[nH]c(-c4cccc5ncccc45)cc3c2)CCCC1
C1=Cc2cc(-c3cccc4cc[nH]c34)ccc2NC1
C1=Cc2c(ccc3c2COc2cccc(OC=Cc4ccccc4)c2-3)NC1
c1ccc(-c2ccccc2CCc2cc3ccccc3[nH]2)cc1
C(=CC1Oc2ccccc2-c2ccc(NC3=CCCc4ccccc43)cc21)c1ccccc1
C1=CC(c2ccccc2)C=C1C=C1Oc2ccccc2-c2ccc3c(c21)C=NCN3
C1=CCCC(OC(N=C2CCNc3ccc(-c4cccc5cc[nH]c45)cc32)c2ccccc2)=C1
C1=CC(C=C2Oc3ccccc3-c3ccc4c(c32)C=CCN4)=CC1
C1=C(NCC(CCc2ccccc2-c2cc3ccccc3s2)Cc2ccccc2)c2ccccc2C1
C1=CCCC(C=C2Oc3ccccc3-c3ccc4c(c32)C=CCN4)=C1
c1ccc(CN(CC2=C(c3cccnc3)c3[nH]ccc3C2)c2ccccc2)cc1
c1ccc(C(Nc2cccc3ncccc23)Oc2ccc3c(cnn3-c3ccccc3)c2)cc1
c1ccc(Cc2ccccc2-c2ccccc2)cc1
c1ccc(CN(Cc2ccc3c(cnn3-c3ccccc3)c2)c2c[nH]c3ccccc23)cc1
O=S(=O)(Nc1ccc(-c2ccccc2)cc1)c1ccccc1
C1=Cc2c(ccc3c2C(=Cc2cccs2)Oc2ccc(OCc4cccnc4)cc2-3)NC1
O=S(=O)(Nc1ccccc1)c1ccc(C2=CCCc3ccccc32)cc1
c1ccc(-c2ccc(OC3CNc4ccc(-c5cccc6cc[nH]c56)cc4C3)cc2)cc1
O=C(Oc1cccc(-c2ccccc2)c1)c1cccs1
O=C(Nc1cccnc1)c1ccc2c(c1)CC=C2c1ccc2c(c1-c1ccsc1)CCCC2
c1ccc(Oc2cccc(OCCc3cccc4cc[nH]c34)c2)cc1
C1=Cc2c(ccc3c2C(=Cc2ccccc2)Oc2ccc(CNc4cccc5ncccc45)cc2-3)NC1
N=C1CCNc2ccc(CCc3ccccc3)c(Nc3cccc4ncccc34)c21
C1=Cc2c(ccc3c2C(=Cc2ccccc2)Oc2ccccc2-3)NC1
c1ccc(Oc2ccccc2-c2ccnc3ccccc23)cc1
C1=Cc2c(cc(-c3c[nH]c4ccccc34)cc2-c2ccccc2)C1
c1ccc(-c2cccc3c2cnn3-c2ccccc2)cc1
C1=CC(Cc2ccc(-c3ccccc3)cc2)=C(CSCCc2ccccc2)C1
O=S(=O)(Nc1ccc2c(cnn2-c2ccccc2)c1)c1ccccc1
O=S(=O)(CCCc1ccccc1OCCCc1ccccc1)c1ccsc1
C1=CCC(c2ccc3c(c2)C(CSCCc2ccccc2)=CCN3)=C1
O=C1CNc2ccc(-c3cccc4c3N=CC4)cc2C1(Cc1ccccc1)c1ccccc1
C1=C(CCCCC2=C(c3ccccc3)CC3=C2OCC3)c2ccccc2CC1
C1=Cc2c(ccc3c2C(=Cc2ccccc2)Oc2ccccc2-3)NC1
C1=Cc2c(ccc3c2C(=CC2=CCCCC2)Oc2ccccc2-3)NC1
N=C1CC(Cc2ccccc2)Nc2ccc(-c3cccc4cc[nH]c34)cc21
C1=Cc2c(ccc3c2C(=Cc2ccccc2)Oc2ccccc2-3)NC1
O=S(=O)(Nc1ccc(-c2ccc3c(cnn3-c3ccccc3)c2)cc1)c1ccccc1
C1=C(c2ccccc2)c2c(ccc3c2COc2ccccc2-3)NC1
C1=Cc2c(ccc3c2C(=Cc2ccccc2)Oc2ccccc2-3)NC1
C1=Cc2c(ccc3c2C(=Cc2ccccc2)Oc2ccccc2-3)NC1
c1ccc(CCC(Oc2ccc3c(cnn3-c3ccccc3)c2)c2ccccc2)cc1
C1=CCC(c2cccc(N(CC3=CCC=C3)CC3=C(c4ccccc4)CC=C3)c2)=C1
c1ccc(Oc2cccc3cc[nH]c23)c(CCCCn2ccc3ncccc32)c1
c1ccc(-c2cccc3c2cnn3-c2ccccc2)cc1
C(=C1Oc2ccccc2-c2ccc3ncccc3c21)c1ccccc1
c1ccc(CC(Oc2ccc3c(cnn3-c3ccccc3)c2)c2ccccc2)cc1
O=C(C=Cc1ccccc1-c1ccccc1)Nc1ccccc1
C1=C(c2ccccc2)C=C(c2ccc3c(cnn3-c3ccccc3)c2)C1
O=C1C=C2CCC3C(=C2CC1)C(c1ccccc1)CC1C(c2ccc(-c4ccsc4)cc2)CCC31
c1ccc(C2CCNc3ccc(-c4cccc5cc[nH]c45)cc32)cc1
c1cc(-c2ccc3ncc(-c4cccc5cc[nH]c45)cc3c2)c2[nH]ccc2c1
c1ccccc1
c1cc(N=C2CCNc3ccc(-c4cccc5cc[nH]c45)cc32)c2[nH]ccc2c1
O=C(Nc1ccccc1)OC1CNc2ccc(-c3cccc4cc[nH]c34)cc2C1
C1=Cc2c(ccc3c2C(=Cc2ccccc2)Oc2ccccc2-3)NC1
c1ccc(-c2ccc(-n3ncc4c(-c5cnn(-c6ccccc6)c5)cccc43)cc2)cc1
C(=C1Oc2ccccc2-c2ccc3ncccc3c21)c1ccccc1
C1=C(CN(Cc2ccccc2)c2ccccc2)CC(c2ccccc2)=C1
c1ccc(-c2cccc(-c3ccsc3)c2)cc1
C1=CC2=C(CC1)OC(=Cc1ccccc1)c1c2ccc2c1C=CCN2
C1=C(CCCCc2ccccc2)CCC(Cc2ccccc2)=C1
C1=Cc2c(ccc3c2C(=Cc2ccccc2)Oc2ccccc2-3)NC1
C1=Cc2c(ccc3c2C(=Cc2ccccc2)Oc2ccccc2-3)NC1
C1=CC(C=C2Oc3ccccc3-c3ccc4nc(-c5ccsc5)ccc4c32)=CCC1
O=C(CSc1nc2ccccc2s1)C1=CC(c2ccccc2)C(c2cccc3cc[nH]c23)=C1
O=S(=O)(C1=CC=C(c2ccc(-c3ccccc3)cc2)C1)c1ccccc1
C1=CC(Cc2ccccc2)Nc2ccc3c(c21)C(Cc1ccccc1)Oc1ccccc1-3
C1=C(c2cccc(-c3ccc(-c4ccccc4)cc3)c2)c2[nH]ccc2C1
c1ccc(Nc2ccc(-c3cccc4cc[nH]c34)cc2)cc1
C(CCc1ccccc1)=C1Oc2ccccc2-c2ccc3ncccc3c21
C1=Cc2c(ccc3c2C(=Cc2ccccc2)Oc2cccc(-c4ccccc4)c2-3)NC1
C1=Cc2c(ccc3c2C(=Cc2ccccc2)OC2=CCC=C23)NC1
C(=NOCc1ccccc1)c1c(-c2ccccc2)ccc2c1CC(c1ccccc1)CN2
c1ccc(-c2cccc3c2cnn3-c2ccccc2)cc1
O=C(Oc1ccccc1)c1ccc(-n2ncc3cc(Cc4ccccc4)ccc32)cc1
C1=Cc2c(ccc3c2C(=Cc2ccccc2)Oc2ccccc2-3)NC1
C1=CC(c2ccccc2)Nc2ccc3c(c21)C(=Cc1ccccc1)Oc1ccccc1-3
C1=CCC2C(=C1)OC(=Cc1sccc1Oc1ccccc1)c1c2ccc2ncccc12
c1ccc(-c2cc(-c3ccccc3)c3[nH]ccc3c2)cc1
O=C1CNc2c(cc(-c3cccc4cc[nH]c34)cc2-c2ccccc2)C1
c1ccc(-c2coc3ccccc23)cc1
c1ccc(CNCc2ccc(-c3ccccc3)cc2)cc1
c1ccc2c(-c3ccc4c(c3)CCCN4)c[nH]c2c1
C1=Cc2c(ccc3c2C(=Cc2ccccc2)Oc2ccccc2-3)NC1
C1=CC2C(=CCc3ccccc3)Oc3cccc(-c4ccccc4)c3C2=C1
C1=C(OC(Cc2ccccc2)c2ccccc2)CCC=C1c1ccccc1
C1=Cc2c(ccc3c2C(=Cc2ccccc2)Oc2ccccc2-3)NC1
O=C(c1cccnc1)N(Cc1ccccc1)c1ccccc1
C1=Cc2c(ccc3c2C(=Cc2cccc(-c4ccsc4)c2)Oc2ccccc2-3)NC1
c1ccc(CN(Cc2cccc3cnccc23)Sc2ccc3ccccc3n2)cc1
c1ccc2c(c1)CCCC2CC(CNc1cccc2cnccc12)c1cccc2cc[nH]c12
c1ccc(-c2ccc3c(cnn3-c3ccccc3)c2)cc1
O=S(=O)(c1ccccc1)c1ccccc1CN(C=CCCc1cccs1)Cc1ccccc1
c1ccc(Oc2ccc(CCn3ncc4ccccc43)cc2)cc1
C1=Cc2c(ccc3c2C(=Cc2ccccc2)Oc2ccccc2-3)NC1
C1=CC(C=C2Oc3ccccc3-c3ccc4c(c32)C=CCN4)=CC1
C1=C(N(Cc2ccccc2)CC(CCc2cccc3c2OCC3)Cc2ccccc2)c2ccccc2CC1
C1=Cc2c(ccc3c2C(=Cc2ccccc2)Oc2ccccc2-3)NC1
C1=Cc2c(ccc3c2C(=Cc2ccccc2)Oc2ccccc2-3)NC1
c1ccc(C2=Nc3ccc(-c4cccc5cc[nH]c45)cc3CC2)cc1
C1=CC(OCc2c(-c3ccccc3)ccc3c2CCCN3)=CCC1
C1=Cc2c(ccc3c2C(=Cc2cccc(-c4ccccc4)c2)Oc2ccccc2-3)NC1
c1ccc(Oc2cccc3c2-c2ccccc2C(c2ccccc2)O3)cc1
c1ccc(CCCCCc2ccccc2)cc1
C1=Cc2cccc(Sc3nc4ccccc4o3)c2NC1
C1=Cc2c(ccc3c2C(=CCSc2ccccc2)Oc2ccccc2-3)NC1
C1=Cc2c(ccc3c2C(=Cc2cccs2)Oc2ccccc2-3)NC1
C1=Cc2c(ccc3c2C(=Cc2ccccc2)Oc2ccccc2-3)NC1
c1ccc(Cc2[nH]c3ccccc3c2-c2ccccc2)cc1
c1ccc(-c2ccc3c(cnn3-c3ccccc3)c2)cc1
C1=Cc2c(ccc3c2C(=Cc2ccccc2)Oc2ccccc2-3)NC1
C1=CC2CC(c3ccc(Nc4cc(-c5ccccc5)cc5cc[nH]c45)cc3)CCC2=C1
c1ccc(-c2cccc3c2cnn3-c2ccccc2)cc1
O=S(=O)(NC1=CCC=C1)c1ccc(-c2ccccc2)cc1
c1ccc(-c2ccc(-c3ccc4[nH]ncc4c3)cc2)cc1
c1ccc(-c2ccccc2)cc1
C1=Cc2cc3c(cc2NC1)-c1ccc2c(c1C(=Cc1cccs1)O3)C=CCN2
C(=C1Oc2ccccc2-c2ccc3[nH]ccc3c21)c1ccccc1
c1ccc(-c2ccc3cnn(-c4ccccc4)c3c2-c2cccc3cc[nH]c23)cc1
c1ccc(CC(Nc2ccccc2)c2ccccc2)cc1
O=C(Nc1cccc(-c2ccccc2)c1)c1noc(=O)c2ccc(-c3cccc4cc[nH]c34)cc12
C(=C1Oc2ccccc2-c2ccccc21)c1ccccc1
C1=Cc2c(ccc3c2C(=Cc2ccccc2)Oc2ccccc2-3)NC1
C1=Cc2c(ccc3c2C(=Cc2ccccc2)Oc2ccccc2-3)NC1
O=c1oncc2cc(C3CNc4c(cc(-c5cccc6cc[nH]c56)cc4Sc4nc5ccccc5o4)C3)ccc12
C1=Cc2c(ccc3c2C(=Cc2ccccc2)Oc2ccccc2-3)NC1
c1ccc(CC2CCc3cc(-c4cccc5cc[nH]c45)ccc3N2)cc1
c1ccc(CNCc2ccc(Oc3ccccc3)cc2)cc1
c1cc(-c2cc3c(c(-c4cccc5cc[nH]c45)c2)NCCC3)c2[nH]ccc2c1
C1=CC2=C(C1)OC(=Cc1ccc(-c3ccccc3)cc1)c1c2ccc2c1CCCN2
c1cc(-c2ccc3cc[nH]c3c2-c2ccc3c(c2)CCCN3)c2[nH]ccc2c1
C1=C2CCCC(C(c3cc4ccccc4s3)c3cccc4cc[nH]c34)C2Cc2cnn(-c3ccccc3)c21
c1ccc(CN(Cc2ccccc2)c2ccccc2)cc1
C1=Cc2c(ccc3c2C(=Cc2ccccc2)Oc2ccccc2-3)NC1
C1=Cc2c(ccc3c2C(=Cc2ccccc2)Oc2ccccc2-3)NC1
C1=Cc2c(ccc3c2C(=Cc2ccc(-c4cnoc4)cc2)Oc2ccccc2-3)NC1
C1=Cc2c(ccc3c2C(=Cc2ccccc2)Oc2ccccc2-3)NC1
C1=C(CN(Cc2ccccc2)c2ccccc2)CC(c2ccccc2)=C1
C1=Cc2c(ccc3c2C(=Cc2ccccc2)Oc2ccccc2-3)NC1
c1ccc(CCCCc2cc3ccccc3[nH]2)cc1
C1=Cc2c(ccc3c2C(=Cc2ccccc2)Oc2ccccc2-3)NC1
O=S(=O)(Cc1cnc2ccccc2c1-c1ccncc1)Nc1ccc(-c2ccccc2)cc1
c1ccc(Cc2ccc3c(c2)C(c2ccccc2)Oc2ccccc2-3)cc1
C1=Cc2c(ccc3c2C(=Cc2ccccc2)Oc2ccccc2-3)NC1
C1=NCCC=C1CN(Cc1c[nH]c2ccccc12)c1cccc(-c2ccccc2)c1
c1ccc(-c2ccc(-c3cccc4cc[nH]c34)cc2)cc1
c1ccc(CCC2CNc3ccc(-c4cccc5cc[nH]c45)cc3C2)cc1
C1=Cc2c(ccc3c2C(=CC2=CCCC2)Oc2ccccc2-3)NC1
c1ccc(NCc2ccc(Oc3ccc4[nH]ccc4c3)cc2)cc1
C1=Cc2c(ccc3c2C(=Cc2ccccc2)Oc2ccccc2-3)NC1
C1=Cc2c(ccc3c2C(=Cc2ccc4c(c2)CCCC4)Oc2ccccc2-3)NC1
C1=CCC(C2=C(n3ncc4cc(Cc5ccccc5)ccc43)CC=C2)=C1
c1ccc(-c2ccccc2)cc1
C1=CCC(CCCCc2cccc(-n3ncc4ccccc43)c2)=C1
c1ccc(-c2cccc(-c3ccsc3)c2)cc1
C(=Cc1ccccc1)Oc1ccccc1
O=S(=O)(NC1=CCC=C1)c1ccc(-c2ccc(-c3ccccc3)cc2)cc1
O=C(c1ccccc1C=C1Oc2ccccc2-c2ccc3c(c21)C=CCN3)N1CCCCC1
c1ccc(CN(Cc2ccc(Oc3ccccc3)cc2)c2ccccc2)cc1
c1ccc(Cc2ccc3ccccc3c2)cc1
c1ccc(-c2ccccc2)cc1
c1ccc(CCc2ccc(NCc3ccccc3)cc2)cc1
C1=Cc2c(ccc3c2C(=Cc2ccccc2)Oc2ccccc2-3)NC1
C1=CC(c2ccccc2)Nc2ccc3c(c21)C(=Cc1ccsc1)Oc1ccccc1-3
c1ccc(-c2c[nH]c3ccccc23)c(Oc2c[nH]c3ccccc23)c1
c1ccc(CC(c2ccccc2)c2ccc3c(cnn3-c3ccccc3)c2)cc1
O=S(=O)(Nc1ccc(-c2ccc3c(cnn3-c3ccccc3)c2)cc1)c1ccccc1
C1=Cc2c(ccc3c2C(=Cc2ccccc2)Oc2ccccc2-3)NC1
c1ccc(ON=C2CCNc3ccc(-c4cccc5cc[nH]c45)cc32)cc1
C1=Cc2c(ccc3c2C(=Cc2cccc4cc[nH]c24)Oc2ccccc2-3)NC1
c1ccc(CN(Cc2ccccc2)c2ccccc2)cc1
c1ccc(Cc2cccc3c(-c4ccccc4)c[nH]c23)cc1
C1=Cc2c(ccc3c2C(=Cc2ccccc2)Oc2ccccc2-3)NC1
c1ccc(-n2ncc3cc(Nc4cccc5ncccc45)ccc32)cc1
O=C(c1ccccc1)c1cc(-c2c[nH]c3ccccc23)cc2c1NCCC2
c1cc(-c2ccc(-c3ccc4c(cnn4-c4ccsc4)c3)cc2)c2[nH]ccc2c1
c1ccc(-c2ccccc2CCCCn2ccc3ncccc32)cc1
C1=Cc2c(ccc3c2C(=Cc2ccccc2)Oc2cccc(-c4cc5ccncc5[nH]4)c2-3)NC1
C1=CC2(CCCC=C2c2ccccc2)Cc2cnn(-c3ccc(-c4csc5ccccc45)cc3)c21
C1=Cc2c(ccc3c2C(=Cc2ccccc2)Oc2ccccc2-3)NC1
C1=CC(c2ccc(Nc3ccccc3)cc2)=CC1
c1ccc(COc2ccc3c(cnn3-c3ccc(Cc4cccc5cc[nH]c45)cc3)c2)cc1
C1=CC(c2ccccc2C=C2Oc3ccccc3-c3ccc4c(c32)C=CCN4)=CCC1
c1ccc(-c2ccc(-c3ccc4c(cnn4-c4ccccc4)c3)cc2)cc1
C1=CC(c2ccccc2)c2cc(-c3cccc4cc[nH]c34)ccc2C1
C1=Nc2c(cc(-c3cccc4cc[nH]c34)cc2-c2cccc3cc[nH]c23)CC1
c1ccc(Cc2ccc3c(c2)C(c2ccccc2)CCN3)cc1
c1ccc(-c2ccccc2)cc1
c1ccc(CNCc2ccc(Oc3ccccc3)cc2)cc1
c1ccc(Oc2ccccc2)cc1
c1ccc(CCc2cccc(-c3ccccc3)c2)cc1
C1=C(c2ccccc2)c2cc(-c3ccccc3)ccc2NC1
C1=CCCC(c2ccc3c(c2)C(CSCCc2ccccc2)=CCN3)=C1
O=C(NCc1ccccc1)c1ccc(Cc2cc3ccccc3[nH]2)cc1
c1ccc(Cc2ccc3c(cnn3-c3ccccc3)c2)cc1
c1ccc(CC(Oc2ccc3c(cnn3-c3ccccc3)c2)c2ccccc2)cc1
c1ccc(-c2ccc3c(c2)CCC(c2ccccc2)N3)cc1
O=C(NCc1cccc(-c2cccc3cc[nH]c23)c1)c1ccccc1
C1=Cc2c(ccc3c2C(=Cc2cccs2)Oc2ccccc2-3)NC1
c1ccc(COc2ccccc2C(CCCc2cc3ccncc3[nH]2)c2ccccc2)cc1
O=C1Cc2cc(-c3cccc4c(-c5cc6ccccc6[nH]5)c[nH]c34)c3c(c2NC1c1cccs1)CCC3
c1ccc(Oc2ccccc2)cc1
c1ccc(Nc2cc3ccccc3s2)cc1
C1=CC(COc2ccccc2)=C(c2ccc3cnn(-c4ccc(-c5ccccc5)cc4)c3c2)C1
c1cc(-c2ccsc2)cc(-n2ncc3ccccc32)c1
C1=Cc2c(ccc3c2C(=Cc2ccccc2)Oc2ccccc2-3)NC1
C1=Cc2c(ccc3c2C(=Cc2ccccc2)Oc2ccccc2-3)NC1
c1ccc(-c2c(-c3c[nH]c4ccccc34)ccc3c2CCCN3)cc1
c1ccc(-c2cc(-c3ccccc3)c3[nH]ccc3c2)cc1
c1ccc(-c2cccc3c2cnn3-c2ccccc2)cc1
c1ccc(Oc2ccccc2)cc1
C1=CC(C2C=Nc3ccc(-c4cccc5cc[nH]c45)c(-c4ccccc4)c3C2)=CCC1
O=S(=O)(Nc1ccccc1)c1ccc(-c2ccccc2)cc1
C1=CC(C=Cc2cccc3[nH]ccc23)c2cc(-c3cccc4cc[nH]c34)ccc2C1
C1=Cc2c(ccc3c2C(=Cc2ccccc2)Oc2ccccc2-3)NC1
C1=Cc2c(ccc3c2C(=Cc2ccccc2)Oc2ccccc2-3)NC1
O=S(=O)(c1ccccc1)c1cccc(OCc2cccc3c2CC=C3C2=CCC=C2)c1
O=S(=O)(Nc1ccccc1)c1ccc(-c2ccc3[nH]ncc3c2)cc1
O=S(=O)(CCCc1ccccc1)Nc1ccc(-c2ccccc2)cc1
c1ccc(-c2cccc(-n3ncc4cc(-c5cc6cnccc6[nH]5)ccc43)c2)cc1
C1=C(CCCCC2=C(c3ccccc3)CC3=C2OCC3)c2ccccc2CC1
c1ccc(Oc2ccccc2)cc1
O=C(CCC=C1Oc2ccccc2-c2ccc3c(c21)C=CCN3)Nc1ccccc1
O=C(c1ccccc1)c1cc(-c2c[nH]c3ccccc23)cc2c1N=CCC2
C1=Cc2c(ccc3c2C(=Cc2ccccc2)Oc2ccccc2-3)NC1
C(=C1Oc2ccccc2-c2ccc3c(c21)C(c1cccc2cc[nH]c12)=CCN3)c1ccccn1
N=C1CCNc2ccc(-c3cccc4cc[nH]c34)c(Nc3cccc4ncccc34)c21
c1cnc2c(-c3ccc4c(c3)CCC(c3cccc5cc[nH]c35)N4)cccc2c1
C1=C(CCCCc2ccccc2)c2ccccc2CC1
O=C(Nc1ccc(-c2cccs2)cc1)OC1CNc2ccc(-c3cccc4cc[nH]c34)cc2C1
c1ccc(-c2cc(Cc3c[nH]c4ccccc34)cc3c2NCCC3)cc1
C1=Cc2cc(-c3cccc4cc[nH]c34)cc(-c3cccc4cc[nH]c34)c2NC1
O=S(=O)(Nc1ccc(-c2ccc3c(cnn3-c3ccccc3)c2)cc1)c1ccccc1
c1ccc(Cc2ccc(-c3cccc4cc[nH]c34)cc2)cc1
c1ccc(CCCc2ccccc2)cc1
c1ccc(-c2cccc3c2cnn3-c2ccccc2)cc1
c1ccc(-n2ncc3cc(Oc4cccc(-n5cccc5)c4)ccc32)cc1
C1=CC(c2cccc(C=C3Oc4ccccc4-c4ccc5c(c43)C=CCN5)c2)=CC1
C1=C(c2ccccc2)C(c2ccc3c(cnn3-c3ccccc3)c2)=CCC1
C1=Cc2c(ccc3c2C(=Cc2ccccc2)Oc2ccccc2-3)NC1
C1=CC(c2ccc(C=C3Oc4ccccc4C4=C3C=CCC4)cc2)=CC1
C1=Cc2c(ccc3c2C(=Cc2ccccc2)Oc2ccccc2-3)NC1
c1ccc(NCc2cccc3[nH]c(Cc4cc5ccccc5[nH]4)cc23)cc1
c1ccc(-c2cccc(-c3cccc4cc[nH]c34)c2)cc1
C1=C(Cc2ccccc2)c2cc(-c3ccccc3)ccc2NC1
C1=Cc2c(ccc3c2C(=Cc2cccc4cc[nH]c24)Oc2ccccc2-3)NC1
C1=Cc2c(ccc3c2C(=CC2=Cc4ccccc4NS2)Oc2ccccc2-3)NC1
c1ccc(C(Oc2ccc3c(cnn3-c3ccccc3)c2)c2ccccc2)cc1
O=S(=O)(Nc1ccc(-c2ccc3c(cnn3-c3ccccc3)c2)cc1)c1ccsc1
c1ccc(CCCCc2cc3ccccc3[nH]2)cc1
C(=Cc1ccc(N2CCCCC2)cc1)CCCCc1ccccc1
C1=Cc2c(ccc3c2C(=Cc2cccs2)Oc2ccccc2-3)NC1
C1=Cc2c(ccc3c2C(=Cc2cccc4cc[nH]c24)Oc2ccccc2-3)NC1
c1ccc(CN(Cc2ccccc2)c2ccccc2)cc1
O=C1CN=C(Oc2ccc(CN(Cc3ccccc3)c3ccccc3)cc2)C1
c1ccc(NCc2ccc(Oc3ccccc3)cc2)cc1
c1ccc(-c2cccc3cc[nH]c23)cc1
c1ccc(CCCCCOc2ccccc2)cc1
C1=Cc2c(ccc3c2C(=Cc2cccs2)Oc2ccccc2-3)NC1
c1ccc(CNc2cccc3c2cnn3-c2ccccc2)cc1
c1ccc(-c2ccc3c(c2)CCC(c2cccc(-c4ccsc4)c2)N3)cc1
C1=CC(c2ccsc2)C=C1C1C=Cc2c(ccc3c2C(c2ccccc2)Oc2ccccc2-3)N1
c1ccc2c(c1)CCCC2CC(CNc1cccc2cnccc12)c1cccc2cc[nH]c12
c1ccc(CCCc2ccc3c(cnn3-c3ccccc3)c2)cc1
C1=Cc2c(ccc3c2C(=CCCc2ccccc2)Oc2ccccc2-3)NC1
O=S(=O)(c1ccccc1)c1ccccc1CNc1cccc2c1cnn2-c1ccccc1
O=C(Nc1cccnc1)N(Cc1ccccc1)c1ccccc1
O=C1CNc2c(cc(-c3cccc4cc[nH]c34)cc2-c2ccccc2)C1
C1=Cc2c(ccc3c2C(=Cc2ccccc2)Oc2ccccc2-3)NC1
C1=C(CC(Cc2cc3ccccc3[nH]2)c2ccccc2)C=C(c2ccccc2)C1
O=S(=O)(Nc1ccccc1)c1ccc(C=Cc2conc2Cc2cccc3c2CCC=N3)cc1
C1=CCC(CN(Cc2ccccc2)c2ccc(Cc3ccccc3)cc2)=C1
C1=Cc2c(ccc3c2C(=Cc2ccc4c(c2)CCCC4)Oc2ccccc2-3)NC1
C1=CC(=NOCc2ccccc2)c2cc(-c3cccc4cc[nH]c34)ccc2C1
c1ccc(Cc2ccc3c(cnn3-c3ccccc3)c2)cc1
C(=C1Oc2ccccc2-c2cc3ccccc3nc21)c1ccccc1
C1=CC(=NCCCSc2ccc3ccccc3n2)c2cc(-c3cccc4cc[nH]c34)ccc2C1
O=S(=O)(Nc1ccccc1)c1ccccc1Cc1ccccc1
O=S(=O)(Nc1ccc(-c2ccc3c(cnn3-c3ccccc3)c2)cc1)c1ccccc1
C1=C(CCCCc2cc3ccccc3nc2-c2cccc3cc[nH]c23)CCC1
c1ccc(Cc2[nH]c3ccccc3c2-c2ccccc2)cc1
c1ccc(Cc2[nH]c3ccccc3c2-c2ccccc2)cc1
c1ccc(Cc2ccc3c(cnn3-c3ccc(-c4ccccc4)cc3)c2)cc1
C1=Cc2c(ccc3c2C(=Cc2ccccc2)Oc2ccccc2-3)NC1
C(=C1Oc2ccccc2-c2ccc3ncccc3c21)c1ccccc1
C1=C(c2ccc3c(c2)CCC(c2cccc4cc[nH]c24)=N3)CC(c2cccc3cc[nH]c23)=C1
c1ccc(COc2ccccc2CCCCc2cc3ccncc3[nH]2)cc1
C=C1Oc2ccccc2-c2ccc3c(c21)C=CCN3
c1ccc(Cc2ccc(-n3ncc4ccccc43)cc2)cc1
c1ccc(-c2cccc3c2cnn3-c2ccccc2)cc1
c1ccc(OCCc2ccccc2CC2CCCc3ccccc32)cc1
O=S(=O)(Nc1ccccc1)c1ccc(C2=CC=CC2)c(-c2cccc3cc[nH]c23)c1
c1ccc(CNCc2[nH]c3ccccc3c2-c2ccccc2)cc1
c1ccc(C2CCNc3ccc(-c4cccc5cc[nH]c45)cc32)cc1
C1=Cc2c(ccc3c2C(=Cc2ccccc2)Oc2ccccc2-3)NC1
C1=CCC(c2ccc(Oc3ccc4c(cnn4-c4ccccc4)c3)cc2)=C1
c1ccc(-c2ccc(Cc3ccc(-c4cccc5cc[nH]c45)cc3)cc2)cc1
C1=Cc2c(ccc3c2C(=Cc2ccccc2)Oc2ccccc2-3)NC1
c1ccc(-c2ccc(-n3ncc4ccccc43)cc2)cc1
c1ccc(CCCCc2cc3ccccc3[nH]2)cc1
O=S(=O)(NC(Cc1ccc2ccccc2c1)c1ccccc1)c1ccccc1
c1ccc(CNc2ccccc2)cc1
c1ccc(-c2ccccc2)cc1
c1cc2cc(CCCCCCc3ccc4c(c3)CCCC4)sc2cn1
C1=Cc2c(ccc3c2C(=Cc2ccccc2)Oc2ccccc2-3)NC1
C1=Cc2c(ccc3c2C(=Cc2cccc4cc[nH]c24)Oc2ccccc2-3)NC1
c1ccc(-c2cc3ccccc3s2)cc1
c1ccc(C(OCc2nc3ccccc3s2)c2ccccc2)cc1
c1ccc(COCc2ccccc2)cc1
O=S(=O)(Nc1ccc(C2=CCC=C2)c(Cc2ccccc2)c1)c1ccccc1
C(=NOCc1ccccc1)c1c(-c2cccc3cc[nH]c23)ccc2c1CC(c1ccccc1)CN2
c1ccc(-c2ccc3[nH]cc(-c4cccc5cc[nH]c45)c3c2)cc1
c1ccc(Cc2ccccc2)cc1
O=S(=O)(Nc1cccc2c(-c3ccccc3)c(CNCc3ccccc3)[nH]c12)c1ccccc1
c1ccc(-c2ccc(Cc3ccc4c(c3)CCC(Cc3cc5ccncc5[nH]3)N4)cc2)cc1
c1ccc(-c2ccc3c(cnn3-c3ccccc3)c2)cc1
C1=Cc2c(ccc3c2C(=CCCc2ccccc2)Oc2ccccc2-3)NC1
c1ccc(CCCSCc2c[nH]c3ccccc23)cc1
c1ccc(-c2ccccc2)cc1
c1ccc(CN(CSc2ccccc2)c2ccccc2)cc1
C(=C1Oc2ccccc2-c2cccnc21)c1cccc(-c2ccsc2)c1
C1=C(c2ccccc2)CC2C(=Cc3ccccc3)Oc3ccccc3C2=C1
c1ccc(CCCNc2cccc3c2cnn3-c2cccc(NC3CC3)c2)cc1
C1=Cc2c(ccc3c2C(=Cc2ccccc2)Oc2ccccc2-3)NC1
C(=C1Oc2ccccc2-c2ccc3[nH]ccc3c21)c1ccccc1
C(=C1Oc2ccccc2-c2ccc3ncccc3c21)c1ccccc1
c1ccc(Cc2ccccc2)cc1
O=C(NC1=CC(CCSCC2=CCNc3ccc(-c4ccccc4)cc32)=CC1)c1ccsc1
C=C1Oc2ccccc2-c2ccc3c(c21)C=CCN3
C(=NOCc1ccccc1)c1c(-c2cccc3cc[nH]c23)ccc2c1CC(Cc1ccccc1)CN2
C1=C(c2ccccc2)CC2C(=Cc3ccccc3)Oc3ccccc3C2=C1
c1ccc(CCC(c2ccccc2)c2ccc3c(cnn3-c3ccccc3)c2)cc1
C1=CC(c2ccccc2)Nc2ccc3c(c21)C(=Cc1ccsc1)Oc1ccccc1-3
C(=C1Oc2ccccc2-c2ccc3ncccc3c21)c1cccs1
O=S(=O)(C=CCC1Oc2ccccc2-c2ccc3c(c21)C=CCN3)c1ccccc1
C(=C1Oc2cccc(OCc3ccccc3)c2-c2ccc3ncccc3c21)c1ccccn1
C(=Cn1ncc2cc(-c3cccc(-c4ccsc4)c3)ccc21)Oc1ccccc1
c1ccc(Oc2ccccc2)cc1
c1ccc(CCCc2ccccc2)cc1
C1=Cc2c(ccc3c2C(=Cc2ccccc2)OC2=C3SC=CC2)NC1
C1=Cc2cc(-c3c(Oc4ccccc4)ccc4cc[nH]c34)ccc2NC1
c1ccc(CNCc2[nH]c3c(Cc4cc5nccnc5[nH]4)cccc3c2-c2ccccc2)cc1
c1ccc(Oc2ccc(Oc3ccc4[nH]ncc4c3)cc2)cc1
O=S(=O)(Cc1ccccc1)Nc1ccc(C=Cc2ccccc2)cc1
N=C1CCNc2ccc(-c3cccc4cc[nH]c34)c(-c3ccc4ccccc4c3)c21
O=C(Nc1ccccc1)c1cccc(-c2c[nH]c3ccccc23)c1
C1=CC(c2ccccc2)Nc2ccc3c(c21)C(=Cc1ccsc1)Oc1ccccc1-3
C1=C(c2ccccc2)C(c2ccc(-c3cccnc3)cc2)=CC1
c1ccc(Oc2ccccc2)cc1
C1=Cc2c(ccc3c2C(=Cc2cccs2)Oc2ccccc2-3)NC1
O=C(Nc1ccc(-c2c[nH]c3ccccc23)cc1)C(CCc1ccccc1)Cc1ccccc1
C1=Cc2c(ccc3c2C(=Cc2ccccc2)Oc2ccccc2-3)NC1
O=S(=O)(Nc1ccc(C2=CC=C(c3cccc4cc[nH]c34)C2)cc1)c1ccccc1
O=S(=O)(Nc1ccc(-c2ccccc2)cc1)c1ccsc1
c1ccc(Nc2cccc3c2cnn3-c2ccccc2)cc1
C1=CC(c2ccccc2)c2cc(-c3cccc4cc[nH]c34)ccc2N1
C1=C(C=C2Oc3ccccc3-c3ccc4ncccc4c32)C=C(c2ccsc2)C1
c1ccc(-c2ccc(OC3CNc4ccc(-c5cccc6cc[nH]c56)cc4C3)cc2)cc1
C1=CCC(C=C2Oc3ccccc3-c3ccc4c(c32)C=CCN4)=C1
c1ccc(-c2cccc3c2cnn3-c2ccccc2)cc1
C1=Cc2c(ccc3c2C(=Cc2ccccc2)OC2=CCC=C23)NC1
O=S(=O)(c1ccccc1)c1ccc(C2=CC=CC2)cc1-c1cccc2cc[nH]c12
C1=Cc2c(ccc3c2C(=Cc2cccc(-c4ccsc4)c2)Oc2ccccc2-3)NC1
C(=Cc1ccccc1)CN(Cc1ccccc1)Cc1ccccc1
c1ccc(C(Oc2cc3cnn(-c4ccccc4)c3c3c2CCCC3)c2ccccc2)cc1
c1ccc(-c2ccc3c(c2)C(c2cccs2)Oc2ccccc2-3)cc1
O=S(=O)(Nc1ccccc1)c1ccc(-c2ccc3c(cnn3-c3ccccc3)c2)cc1
C1=CC(c2ccccc2)Nc2ccc3c(c21)C(=Cc1ccsc1)Oc1ccccc1-3
O=C(Cc1cccc(-c2ccccc2)c1)c1ccccc1
O=S(=O)(Nc1ccccc1)c1ccccc1-c1ccccc1
c1ccc(CN(Cc2ccccc2)c2ccccc2)cc1
c1ccc(NCc2ccc(Oc3ccccc3)cc2)cc1
C1=Cc2c(ccc3c2C(=Cc2cccc4cc[nH]c24)Oc2ccccc2-3)NC1
c1ccc(C(CCCc2ccc3ccccc3n2)c2ccccc2)cc1
C1=Cc2c(ccc3c2C(=Cc2ccccc2)Oc2ccccc2-3)NC1
C1=Cc2c(ccc3c2C(=Cc2ccccc2)Oc2ccccc2-3)NC1
C1=C(C=C2Oc3ccccc3-c3ccc4nc(-c5ccccc5)ccc4c32)Cc2ccccc2N1
C1=Cc2c(ccc3c2C(=CCCc2ccccc2)Oc2ccccc2-3)NC1
c1ccc(-c2ccccc2)cc1
c1ccc(Cn2ncc3cc(OC(CNc4ccccc4)c4ccccc4)ccc32)cc1
C1=Nc2ccc(C(c3ccccc3)c3cccc4cc[nH]c34)cc2CC1
C1=Cc2c(ccc3c2C(=Cc2ccccc2)Oc2ccccc2-3)NC1
c1ccc(Cc2ccc3c(cnn3-c3ccc(-c4ccccc4)cc3)c2)cc1
C1=Cc2c(ccc3c2C(=Cc2ccccc2)Oc2ccccc2-3)NC1
c1ccc(CNc2cccc3c(-c4ccccc4)ccnc23)cc1
C1=C(c2ccccc2)C=C(c2ccc(-n3ncc4ccccc43)cc2)C1
c1ccc(CN(Cc2ccccc2)c2ccccc2)cc1
c1ccc(NCc2ccc(Oc3ccccc3)cc2)cc1
c1ccc(Oc2cccc(OCc3cccc4c3CCCN4)c2)cc1
C1=CCC(C2Oc3ccccc3-c3ccc(Nc4ccccc4)cc32)=C1
C1=Cc2c(ccc3c2C(=Cc2ccccc2)Oc2ccc(-c4ccccc4)cc2-3)NC1
C1=CC(c2ccc3c(c2COc2cccc(Oc4ccccc4)c2)CCCN3)=CC1
c1ccc(CN(Cc2ccc(Oc3ccccc3)cc2)c2ccccc2)cc1
c1ccc(-c2cccc3ccccc23)cc1
c1ccc(-c2ccc(-c3ccc4c(c3)CCCN4)c3[nH]ccc23)cc1
C1=Cc2c(ccc3c2C(=Cc2ccccc2)Oc2ccccc2-3)NC1
c1ccc(-c2ccccc2)cc1
c1ccc(-n2ncc3cc(-c4cccc5c4cnn5-c4ccccc4)ccc32)cc1
c1ccc(Oc2ccc(CCNc3cccc4c3cnn4-c3ccccc3)cc2)cc1
c1ccc2c(-c3ccc(CCCc4ccc5c(c4)CCCN5)cc3)c[nH]c2c1
C1=Cc2c(ccc3c2C(=Cc2ccccc2)Oc2ccccc2-3)NC1
c1ccc(CON=C2CCNc3ccc(-c4cccc5cc[nH]c45)cc32)cc1
c1ccc(CCCCc2ccccc2)cc1
O=S(=O)(Nc1ccccc1)c1cccc(Cc2ccccc2)c1
c1ccc2c(c1)CCCC2CCCNc1cccc2ncccc12
c1ccc2nc(SCCCCCc3cccc4cc[nH]c34)ccc2c1
c1ccc(-c2ccc3c(cnn3-c3ccccc3)c2)cc1
C1=C(c2cccc3cc[nH]c23)Cc2cc(-c3cccc4cc[nH]c34)ccc2N1
O=S(=O)(Nc1cccc(N(Cc2ccccc2)Cc2c[nH]c3ccccc23)c1)c1ccccc1
c1ccc(-n2ncc3c(OCCNc4cccc(C5Oc6ccccc6-c6ccccc65)c4)cccc32)cc1
C1=Cc2c(ccc3c2C(=Cc2ccccc2)Oc2ccccc2-3)NC1
c1ccc(Oc2ccc(Cc3cccc4cc[nH]c34)cc2)cc1
O=C(CCOc1cccc(Oc2ccccc2)c1)NCC(c1ccccc1)c1ccccc1
O=S(=O)(Nc1cccc(N(Cc2ccccc2)Cc2ccccc2)c1)c1ccc2c(c1)OCO2
O=S(=O)(c1ccc(-c2ccc3[nH]ncc3c2)cc1)N(Cc1ccccc1)c1ccccc1
c1ccc(Nc2cccc3c2cnn3-c2ccccc2)cc1
C1=CC(C=C2Oc3ccccc3-c3ccc4nc(-c5ccsc5)ccc4c32)=CCC1
c1ccc(CNc2c(Cc3ccccc3)[nH]c3ccccc23)cc1
c1ccc(CNc2cccc(-c3ccccc3)c2)cc1
c1ccc(-c2cccc3c2NCCC3c2ccccc2)cc1
c1ccc(-c2ccc3c(c2)C(c2cccs2)Oc2ccccc2-3)cc1
c1ccc(CCCCCC(Cc2ccccc2)Cc2ccccc2)cc1
C1=C(c2ccccc2)CC=C1n1ncc2c(Nc3ccccc3)cccc21
c1ccc(CNc2cccc(-c3ccccc3)c2)cc1
C1=Cc2c(ccc3c2COc2cccc(-c4ccco4)c2-3)NC1
C1=Cc2c(ccc3c2C(=Cc2ccccc2)Oc2ccccc2-3)NC1
C1=Cc2c(ccc3c2C(=Cc2ccccc2)Oc2ccccc2-3)NC1
c1ccc(-c2ccc3c(cnn3Cc3cccs3)c2)cc1
C1=C(c2ccccc2)CC(c2ccccc2)=C1
c1ccc(CNCc2[nH]c3ccccc3c2-c2ccccc2)cc1
C1=Cc2c(ccc3c2C(=Cc2ccccc2)Oc2ccccc2-3)NC1
c1ccc(Oc2cccc3c2-c2ccccc2C(c2ccccc2)O3)cc1
c1ccc2oc(Sc3cccc4c(Cc5c[nH]c6ccccc56)c[nH]c34)nc2c1
c1ccc(-c2ccccc2)cc1
c1cc(-c2ccsc2)cc(C2CCc3cc(-c4cccc5cc[nH]c45)ccc3N2)c1
c1ccc(CC(Oc2ccc3c(cnn3-c3ccccc3)c2)c2ccccc2)cc1
c1ccc(-c2ccccc2)cc1
C1=Nc2ccc(-c3cccc4cc[nH]c34)cc2C1CCc1ccccc1
C1=Cc2c(ccc3c2C(=Cc2ccccc2)Oc2ccccc2-3)NC1
C1=Cc2c(ccc3c2C(=Cc2ccccc2)Oc2cc4c(cc2-3)CCCC4)NC1
C(=C1Oc2ccccc2-c2ccc3[nH]ccc3c21)c1ccccc1
C1=Cc2c(ccc3c2C(=Cc2cccc(Oc4ccccc4)c2)Oc2ccccc2-3)NC1
C1=CCC(c2cc(-c3cccc4cc[nH]c34)cc3c2NCCC3c2ccccc2)=C1
C1=Cc2c(ccc3c2C(=Cc2ccccc2)Oc2ccccc2-3)NC1
O=S(=O)(c1ccccc1)C(CCc1ccccc1)C1CC1
c1ccc(CNCc2ccc(Oc3ccccc3)cc2)cc1
c1ccc(-c2ccc3c(cnn3-c3ccccc3)c2)cc1
C1=Cc2c(ccc3c2C(=Cc2ccccc2)Oc2ccccc2-3)NC1
C1=Cc2c(ccc3c2C(=Cc2ccccc2)Oc2ccccc2-3)NC1
O=C1OCc2cc(Nc3ccccc3C=C3Oc4ccccc4-c4ccccc43)ccc21
c1ccc(-c2ccc3c(cnn3-c3ccccc3)c2)cc1
C1=Cc2c(ccc3c2C(=Cc2ccccc2)Oc2ccccc2-3)NC1
O=S(=O)(Nc1ccc(-c2ccccc2)c(CNc2ccccc2)c1)c1ccsc1
c1ccc(Cc2ccc3c(cnn3-c3ccccc3)c2)cc1
C1=C(NCc2ccccc2)C(c2ccc3[nH]ncc3c2)=C(c2cccc3cc[nH]c23)C1
c1ccc(-c2cc(-c3ccc4c(c3)CCCN4)c3[nH]ccc3c2)cc1
c1ccc(CCCCc2cc3ccccc3[nH]2)cc1
c1ccc(CNCc2[nH]c3c(-c4ccsc4)cccc3c2-c2ccccc2)cc1
c1ccc(-c2nocc2-c2ccc3c(cnn3-c3ccccc3)c2)cc1
C1=Cc2c(ccc3c2C(=Cc2cccs2)Oc2cccc(Oc4ccccc4)c2-3)NC1
c1ccc(Oc2ccccc2-c2cccc3c2OCC3)cc1
C1=CC2=C(CC1)OC(=Cc1ccccc1)c1c2ccc2c1C=CCN2
C1=Cc2c(ccc3c2C(=Cc2ccccc2)Oc2ccccc2-3)NC1
C(=Cc1ccc2c(c1)C(c1ccccc1)CCN2)c1ccccc1
C1=C(c2ccc3[nH]c(Cc4ccccc4)cc3c2)CCC1
C1=CC(c2cnc3ccccc3n2)Nc2ccc3c(c21)C(=Cc1ccccc1)Oc1ccccc1-3
c1ccc(C2CCc3cc(-c4cccc5cc[nH]c45)ccc3N2)cc1
c1ccc(CCCc2ccccc2)cc1
c1ccc(-c2ccccc2)cc1
c1ccc(Cc2ccccc2)cc1
C1=C(c2cc(-c3cccc4cc[nH]c34)cc3c2NCCC3)c2[nH]ccc2C1
c1ccc(-c2c[nH]c3ccccc23)c(CCCCc2cc3ccccc3[nH]2)c1
c1ccc(-c2ccc(-n3ncc4cc(-c5cc6cnccc6[nH]5)ccc43)cc2)cc1
O=S(=O)(Nc1cccc(N(Cc2ccccc2)c2ccccc2)c1)c1ccsc1
c1ccc(C2Oc3ccccc3-c3ccc(NOc4ccc5c(cnn5-c5ccccc5)c4)cc32)cc1
O=S(=O)(Nc1ccc(-c2ccccc2)cc1)c1ccccc1
C1=Cc2c(ccc3c2C(=Cc2ccccc2)Oc2ccccc2-3)NC1
C1=Cc2c(ccc3c2C(=Cc2ccccc2)Oc2ccccc2-3)NC1
c1ccc2c(c1)CCCC2CCCNc1cccc2ncccc12
c1ccc(-c2ccc3c(cnn3-c3ccccc3)c2)cc1
c1ccc(Oc2ccccc2)cc1
C1=Cc2c(ccc3c2COc2cc4cnn(-c5ccccc5)c4cc2-3)NC1
C1=CC(C2=C3C(=CC2)OC(=Cc2cccs2)c2c3ccc3c2C=CCN3)=CCC1
c1ccc(-c2ccnc3ccccc23)cc1
c1ccc(-c2ccc(-c3ccccc3)c3[nH]ccc23)cc1
C(=C1Oc2ccccc2-c2ccc3nnccc3c21)c1c[nH]c2ccccc12
C1=Cc2c(ccc3c2COc2cccc(ONc4cccc5c4cnn5-c4ccccc4)c2-3)NC1
O=S(=O)(Cc1cccc(-c2ccsc2)c1)Nc1ccc(C2=CCC=C2)cc1
c1ccc(NCc2ccc(Oc3ccccc3)cc2)cc1
C1=C(Nc2ccccc2)CC=C1n1ncc2c(-c3ccccc3)cccc21
c1ccc(-n2ncc3c(Nc4ccccc4CCc4cc5ccncc5[nH]4)cccc32)cc1
C1=Cc2c(ccc3c2C(=Cc2ccncc2)Oc2ccccc2-3)NC1
c1ccc(-c2[nH]c3ccccc3c2-c2ccccc2)cc1
C1=Cc2c(ccc3c2C(=Cc2ccccc2)Oc2ccccc2-3)NC1
c1ccc(Oc2ccccc2)cc1
C1=Cc2c(ccc3c2C(=Cc2ccccc2)OC2=CCC=C23)NC1
c1ccc(CCC(Cc2[nH]c3cnccc3c2-c2ccccc2)c2ccccc2)cc1
O=S(=O)(Cc1ccccc1)C1C=Cc2c(ccc3c2C(=Cc2ccccc2)Oc2ccccc2-3)N1
O=S(=O)(Nc1ccccc1)c1ccc(-c2ccc3c(c2)CCCC3)cc1
C1=CCC(c2cccc3c2cnn3-c2ccc3c(c2)C(Nc2ccccc2)CCC3)=C1
c1ccc(C(c2ccccc2)c2ccc3c(cnn3-c3ccccc3)c2)cc1
C1=Cc2c(ccc3c2C(=Cc2ccc(-c4ccccc4)cc2)Oc2ccccc2-3)NC1
c1ccc(Nc2cccc3c2cnn3-c2ccccc2)cc1
c1ccc(CNCc2ccc(Oc3cccc(OCCONc4cccnc4)c3)cc2)cc1
c1ccc(-c2cccc3c2cnn3-c2ccccc2)cc1
C1=Cc2c(ccc3c2C(=Cc2cccs2)Oc2ccccc2-3)NC1
C1=Cc2c(ccc3c2C(CC=Cc2ccccc2)Oc2ccccc2-3)NC1
O=S(=O)(Nc1ccc(-c2ccccc2)cc1)c1ccccc1
O=S(=O)(NC1=CCC=C1)c1ccc(-c2ccccc2)cc1
c1ccc(CCc2ccccc2)cc1
c1ccc(-c2cc(-c3cccc4cc[nH]c34)cc3c2NCCC3)cc1
O=S(=O)(Nc1ccccc1)c1ccc(C2=CCCc3ccccc32)cc1
c1ccc(-c2cccc3cc[nH]c23)cc1
c1ccc(Oc2cccc(OCc3cccc4c3CCCN4)c2)cc1
C1=NCNc2ccc3c(c21)C(=Cc1ccccc1)Oc1ccc(OCc2ccccc2)cc1-3
C1=CC(Cc2cccc3cc[nH]c23)C(c2ccc3c(cnn3-c3ccccc3)c2)=C1
O=C1CNc2ccc(-c3cccc4cc[nH]c34)cc2C1c1ccc(Oc2ccccc2)cc1
C1=Cc2c(ccc3c2C(=Cc2ccccc2)Oc2ccccc2-3)NC1
c1ccc(-c2c(-c3cccc4cc[nH]c34)ccc3c2CCCN3)cc1
c1ccc(-n2ncc3cc(-c4ccc5c(cnn5-c5cc6ccccc6[nH]5)c4)ccc32)cc1
C1=Cc2c(ccc3c2C(=Cc2ccccc2)OC2=CCC=C23)NC1
c1ccc(-c2ccccc2)cc1
c1ccc2c(c1)CCCC2Cc1c(-c2cccc3cc[nH]c23)ccc2c1CCCN2
c1ccc(CCC(Cc2cc3cnccc3[nH]2)c2ccccc2)cc1
c1ccc(C(Oc2ccc3c(cnn3-c3ccccc3)c2)c2ccccc2)cc1
c1ccc2c(c1)OC(c1ccsc1)c1cc(CCc3c[nH]c4ccccc34)ccc1-2
c1ccc(CCc2ccccc2)cc1
C(=C1Oc2ccccc2-c2ccc3[nH]ccc3c21)c1ccccc1
c1ccc(NCc2ccccc2CCCCc2cc3ccccc3[nH]2)cc1
C1=Cc2c(ccc3c2C(=Cc2ccccc2)Oc2ccccc2-3)NC1
c1ccc(CNc2ccc(NCCSc3cccc4c3cnn4-c3cc4ccccc4[nH]3)cc2)cc1
c1ccc(SCc2cccc3c2cnn3-c2ccccc2)cc1
C(=C1Oc2ccccc2-c2ccc3c(c21)CCCC3)c1ccccc1
C1=CC2=C(C1)OC(=Cc1ccccc1)c1c2ccc2nc(-c3ccccc3)ccc12
c1ccc(CCCc2ccccc2)cc1
C1=C(c2cccc(-c3ccccc3)c2)c2ccccc2C1
c1ccccc1
C1=Cc2c(ccc3c2C(=CCc2ccccc2)Oc2ccccc2-3)NC1
C(=C1Oc2ccccc2-c2ccccc21)c1ccccc1-c1ccccc1
c1ccc(Cc2cc3ccccc3s2)cc1
c1ccc(NCCCc2cccc3cc[nH]c23)cc1
c1ccc(Cc2ccc3c(cnn3-c3ccccc3)c2)cc1
O=S(=O)(Nc1ccc(-c2ccc3c(cnn3-c3ccccc3)c2)cc1)c1ccsc1
C1=Cc2c(ccc3c2C(=Cc2cccs2)Oc2ccccc2-3)NC1
C1=C(C=C2Oc3ccccc3-c3ccc4ncccc4c32)C=C(c2ccccc2)C1
C1=Cc2c(ccc3c2C(CC=Cc2ccccc2)Oc2ccccc2-3)NC1
C1=CC(NCCc2ccccc2Nc2ccccc2)=CC1
C1=Cc2c(ccc3c2C(=Cc2cccs2)Oc2ccccc2-3)NS1
c1ccc(-n2ncc3cc(-c4cccc5cc[nH]c45)ccc32)cc1
c1ccc(CNc2ccc3c(c2)COc2ccccc2-3)cc1
c1ccc(CN(Cc2ccccc2)c2ccccc2)cc1
C1=Cc2c(ccc3c2C(=Cc2ccccc2)Oc2ccccc2-3)NC1
C1=Cc2c(ccc3c2C(=Cc2ccccc2)Oc2ccccc2-3)NC1
c1ccc(Oc2ccccc2)cc1
O=S(=O)(Nc1ccccc1)c1ccc(C2=CC=CC2)c(Cc2ccccc2)c1
C(=C1Oc2ccc(-c3ccccc3)cc2-c2ccc3[nH]ccc3c21)c1cccs1
C1=CCC2CC(CCSCC3=CCNc4ccc(-c5ccccc5)cc43)CCC2=C1
C=C1Oc2cccc(Oc3ccccc3)c2-c2ccc3c(c21)C=CCN3
O=S(=O)(Nc1cccc(Cc2ccccc2)c1)c1ccccc1
C1=C(C=C2Oc3ccccc3-c3ccccc32)C=C(c2ccnc3ccccc23)C1
c1ccc(CN(Cc2ccccc2)c2ccccc2)cc1
c1ccc(-c2ccccc2)cc1
C1=Cc2c(ccc3c2C(=Cc2ccccc2)Oc2ccccc2-3)NC1
C1=Cc2c(ccc3c2C(=Cc2cccs2)Oc2ccccc2-3)NC1
c1ccc(Oc2ccccc2)cc1
O=C1CN=C(Oc2ccc(CN(Cc3ccccc3)c3ccccc3)cc2)C1
C1=CCC(c2ccccc2C=C2OC3=CCC=C3c3ccc4c(c32)C=CCN4)=C1
C1=Cc2c(ccc3c2C(=Cc2ccsc2)Oc2ccccc2-3)NC1
c1ccc(-c2ccccc2-c2cccc3cc[nH]c23)cc1
O=S(=O)(Nc1cc(Cc2ccccc2)cc2c1cnn2-c1ccccc1)c1ccccc1
c1ccc(-c2ccccc2)cc1
N=c1cc(-c2cccc3cc[nH]c23)[nH]c2ccc(-c3cccc4cc[nH]c34)cc12
C1=Cc2c(ccc3c2C(=CC2=Nc4ccccc4C2)Oc2ccccc2-3)NC1
c1ccc(CNCc2[nH]c3ccccc3c2-c2ccccc2)cc1
c1ccc(CN(Cc2ccc(-c3ccccc3)cc2)c2ccccc2)cc1
c1ccc(CCCCCC(Cc2ccccc2)Cc2ccccc2)cc1
c1ccc(Nc2ccccc2)cc1
c1ccc(Oc2ccccc2)cc1
C1=Cc2c(ccc3c2C(=Cc2ccccc2)Oc2ccccc2-3)NC1
c1ccc(COc2cccc3c2cnn3-c2ccccc2)cc1
O=S(=O)(Nc1cccc(N(Cc2ccccc2)Cc2ccccc2)c1)c1ccsc1
c1ccc(-c2ccc3c(cnn3-c3ccccc3)c2)cc1
c1ccc(CCC(OOC(c2ccccc2)c2ccccc2)c2ccccc2)cc1
c1ccc(CNc2ccc(COc3cccc4c3OCC4)cc2)cc1
c1cc(-c2ccc3c(c2)C(=NOCn2ccc4ccccc42)CCN3)c2[nH]ccc2c1
C1=Nc2ccc3c(c2CC1)C(=CCc1ccccc1)Oc1ccc(Nc2ccccc2)cc1-3
c1ccc(-c2cccc3c2cnn3-c2ccccc2)cc1
C1=CC(CCNc2ccc(-c3cccc4cc[nH]c34)cc2)=CC1
O=S(=O)(c1ccccc1-c1ccccc1)c1cccc2c1cnn2-c1ccccc1
c1ccc(CCOc2ccc3c(cnn3-c3ccccc3)c2)cc1
C1=Cc2c(ccc3c2C(=Cc2cccs2)Oc2ccccc2-3)NC1
O=C1C(CC2=CCc3ccccc32)Nc2c(cc(-c3ccnc4ccccc34)c3c2CCC3)C1c1ccccc1
c1ccc(-c2ccccc2)cc1
c1ccc2c(-c3ccc4c(c3)CCCN4)c[nH]c2c1
c1ccc(Cc2ccc(-c3ccccc3)cc2)cc1
C1=Cc2c(ccc3c2C(=Cc2ccccc2)Oc2ccccc2-3)NC1
C1=Cc2c(ccc3c2C(=Cc2ccccc2)Oc2ccccc2-3)NC1
C1=CC(C(c2ccccc2)c2ccc3c(cnn3-c3ccccc3)c2)=CC1
C1=CC(c2cccc(C=C3Oc4ccccc4-c4ccc5c(c43)C=CCN5)c2)=CC1
C1=Nc2c(cccc2CCCCSCC2=CCNc3ccc(-c4ccccc4)cc32)C1
c1ccc(-c2ccc3c(cnn3-c3ccccc3)c2)cc1
c1ccc(-c2ccc3c(c2)CCCN3)cc1
C=C(Nc1cccc(-c2ccccc2)c1)c1cccc2cc[nH]c12
C1=CC(Cc2cccc(CCOCCOc3ccccc3)c2)=CCC1
C1=CC(c2ccccc2)CC(C=C2Oc3ccccc3-c3ccc4c(c32)C=CCN4)=C1
c1ccc(CON=C2CCNc3ccccc32)cc1
c1ccc(CCC2CCc3cc(-c4ccccc4)ccc3N2)cc1
c1ccc(Cc2ccc3c(c2)C(c2ccccc2)Oc2ccccc2-3)cc1
c1ccc(Nc2ccc3c(c2)CC(c2ccccc2)CN3)cc1
c1ccc(CCc2ccccc2)cc1
C1=Cc2c(ccc3c2C(=Cc2cccs2)Oc2cccc(OC4=CCCC4)c2-3)NC1
C1=Nc2c(cccc2C2CCc3cc(-c4cccc5cccnc45)ccc3N2)C1
c1ccc(-c2ccc3c(cnn3-c3ccccc3)c2)cc1
c1ccc(Oc2ccccc2)cc1
C1=Cc2c(ccc3c2C(=Cc2ccccc2-c2ccccc2)Oc2ccccc2-3)NC1
O=S(=O)(c1cccc(-c2ccccc2)c1)c1ccccc1-c1cccc2cc[nH]c12
c1ccc(Oc2ccccc2)cc1
c1ccc(CNc2ccccc2-c2cc3ccccc3[nH]2)cc1
C1=Cc2c(ccc3c2C(=Cc2ccc4c(c2)CC=C4)Oc2ccccc2-3)NC1
c1ccc(-c2cccc3c2cnn3-c2ccc3c(c2)CCC(c2cccc4cc[nH]c24)C3)cc1
C1=NCNc2ccc(-c3cccc4ccn(-c5cccc6cc[nH]c56)c34)cc21
C(=C1Oc2ccccc2-c2cc3ccccc3nc21)c1ccccc1
C1=C[SH]=C(CN(c2ccccc2)c2cccc(Nc3ccccc3)c2)C=C1
O=S(=O)(c1ccccc1)c1ccccc1C=C1Oc2ccccc2-c2ccccc21
C=C1Oc2cccc(Oc3cccs3)c2-c2ccc3c(c21)C=CCN3
O=C(NCc1cccc(-c2cccc3cc[nH]c23)c1)c1ccccc1
C1=CC(c2ccc(CCc3ccc4ccccc4c3)cc2)C2=C3CC=C(n4cccc4)C=C3CCC12
C1=Cc2c(ccc3c2C(=Cc2ccccc2)Oc2ccccc2-3)NC1
C(=Cc1ccc2c(c1)CCC(CC1CCCc3ccccc31)N2)Cc1ccccc1
O=S(=O)(Nc1ccc(C2=CC=C(c3cccc4cc[nH]c34)C2)cc1)c1ccccc1
c1cc(CCNc2cccc3ncccc23)cc(-c2ccsc2)c1
C1=C(c2ccccc2)c2c(ccc3c2C(=Cc2cccs2)Oc2ccccc2-3)NC1
C1=C(CN(Cc2ccccc2)C2=CCCC3=Cc4c(cnn4-c4ccccc4)CC32)CC(c2ccccc2)=C1
c1ccc(-n2ncc3cc(OON=C4CCNc5ccc(-c6cccc7cc[nH]c67)cc54)ccc32)cc1
C1=Cc2c(ccc3c2C(=Cc2ccccc2)Oc2ccccc2-3)NC1
c1ccc(CCCCc2ccccc2)cc1
C1=C(c2ccccc2)CC(c2cc3ccccc3s2)=C1
C1=Cc2c(ccc3c2C(CC=CNc2ccccc2)Oc2ccccc2-3)NC1
O=S(=O)(Nc1ccccc1)c1ccc(-c2ccc3c(cnn3-c3ccccc3)c2)cc1
c1ccc(Cc2ccc3c(cnn3-c3ccccc3)c2)cc1
c1ccc(C(CC2CCCc3ccccc32)c2cccc(-c3cccc4cc[nH]c34)c2)cc1
C(=C1Oc2ccccc2-c2ccc3[nH]ccc3c21)c1ccccc1
c1ccc(-c2ccc(CC3CCCc4ccccc43)cc2)cc1
C1=CC(Cc2ccccc2)Nc2ccc3c(c21)C(=Cc1ccsc1)OC1=CCC=C13
c1ccc(-c2ccccc2)cc1
C1=CCCC(CC(Oc2ccc3c(cnn3-c3ccccc3)c2)c2ccccc2)=C1
O=S(=O)(c1ccc(-c2ccc3[nH]ncc3c2)cc1)N(Cc1ccccc1)c1ccccc1
c1ccc(Cc2ccc(-c3cccnc3)cc2)cc1
C1=CC(C=C2Oc3ccccc3-c3ccc4c(c32)C=CCN4)=CC1
C1=Cc2c(ccc3c2C(=Cc2ccccc2)Oc2ccccc2-3)NC1
C1=Cc2c(ccc3c2C(=Cc2ccccc2)Oc2ccccc2-3)NC1
c1ccc(-c2ccccc2)cc1
O=C1CNc2ccc(C3CCCc4ccccc43)cc2C1Cc1ccc2ccccc2c1
C1=CCC(c2ccccc2C=C2Oc3ccccc3-c3ccc4c(c32)C=CCN4)=C1
c1ccc(CN(CCc2cccc3c2OCC3)c2ccccc2)cc1
c1ccc(-c2ccc(-n3ncc4ccccc43)cc2)cc1
C1=CC(C(Cc2c[nH]c3ccccc23)c2ccccc2)=CC1
c1cc(-c2ccc3c(c2)C(c2cccc4cc[nH]c24)CCN3)c2[nH]ccc2c1
C1=Cc2c(ccc3c2C(=Cc2c[nH]c4ccccc24)Oc2ccccc2-3)NC1
c1ccc(Cc2ccc3c(cnn3-c3ccccc3)c2)cc1
C1=Cc2c(ccc3c2C(=Cc2ccccc2)Oc2ccccc2-3)NC1
C1=C(Cc2ccccc2)CC(c2ccccc2)=C1
C1=C2CCCC(CCc3ccccc3)C2Cc2cnn(-c3ccccc3)c21
C(=C1Oc2ccccc2-c2ccc3[nH]ccc3c21)c1ccccc1
c1ccc(-n2ncc3cc(Cc4ccccc4CCc4cccc5c4OCC5)ccc32)cc1
C(=Cc1ccccc1)CC1CCNc2ccc(C3=NN(c4ccccc4)Cc4cc[nH]c43)cc21
O=S(=O)(CC=CCCCCc1ccccc1)Nc1ccccc1
C1=Cc2c(ccc3c2C(=Cc2cccc(Oc4ccccc4)c2)Oc2ccccc2-3)NC1
C1=Nc2ccc(-c3cc(-c4ccccc4)cc4cc[nH]c34)cc2CC1
C1=Cc2c(ccc3c2C(=Cc2ccccc2)Oc2ccccc2-3)NC1
C1=Cc2c(ccc3c2C(=Cc2ccccc2)Oc2ccccc2-3)NC1
C1=Cc2c(ccc3c2C(=Cc2ccccc2)Oc2cncc(Oc4cnc5ccccc5n4)c2-3)NC1
c1ccc(-n2ncc3cc(-c4cccc5cc[nH]c45)ccc32)cc1
c1cc(CSc2nccs2)cc(-c2ccc3c(c2)COc2ccccc2-3)c1
c1ccc(-c2ccc(N3CCCC3)cc2)cc1
c1cc(-c2ccsc2)cc(-c2ccc3c(c2)CCCN3)c1
c1ccc(C2CCc3ccc(-n4ncc5ccccc54)cc3C2c2ccccc2)cc1
c1cnc2ccc(-c3cccc4cc[nH]c34)cc2c1
O=S(=O)(Nc1ccc(-c2ccc3c(cnn3-c3ccccc3)c2)cc1)c1ccccc1
c1ccc2oc(Sc3cccc4c(Cc5c[nH]c6ccccc56)c[nH]c34)nc2c1
c1ccc(OC(CCc2cccc3cc[nH]c23)c2ccccc2)cc1
c1ccc(ON=C2CCNc3ccc(-c4cccc5cc[nH]c45)cc32)cc1
c1ccc(Cc2[nH]c3ccccc3c2-c2ccccc2)cc1
C1=CC2=C(CC1)C1=C(CC=C1)OC2=Cc1ccc(-c2ccccc2)cc1
c1ccc(CNc2cccc3c2cnn3-c2ccccc2)cc1
C1=C(c2ccccc2)C=C2CCCC(CCCCc3ccccc3)C12
c1ccc(Oc2ccc3c(cnn3-c3ccccc3)c2)cc1
c1ccc(Cc2ccc3ccccc3c2)cc1
C1=Cc2c(ccc3c2C(=Cc2ccccc2)Oc2ccccc2-3)NC1
c1ccc(CNc2cccc3c2cnn3-c2ccccc2)cc1
C1=C(CNc2ccc(-c3ccnc4ccccc34)cc2)CC(c2ccccc2)=C1
c1ccc(-c2cccc3c2cnn3-c2ccccc2)cc1
c1ccc(-c2ccc3c(cnn3-c3ccccc3)c2)cc1
c1ccc(CCC(Cc2ccccc2)Cc2ccccc2)cc1
C1=CCCC(C=C2Oc3ccccc3-c3ccc4c(c32)C=CCN4)=C1
c1ccc(-c2ccccc2)cc1
C(=C1Oc2ccccc2-c2ccc3[nH]ccc3c21)c1ccccc1
c1ccc(-c2ccc3c(c2)C(=Nc2ccc(C4CCCC4)cc2)CCN3)cc1
c1ccc(Oc2ccccc2)cc1
c1ccc(CN(Cc2ccc(Oc3ccccc3)cc2)c2ccccc2)cc1
c1ccc(C2Oc3ccccc3-c3ccc4c(c32)COc2ccccc2-4)cc1
C1=C(CSCCc2ccccc2)c2cc(-c3ccccc3)ccc2NC1
c1ccc(CCSCc2ccccc2)cc1
C1=Cc2c(ccc3c2C(=CCSc2ccccc2)Oc2ccccc2-3)NC1
c1ccc(Oc2ccccc2)cc1
c1ccc(Nc2ccccc2)cc1
c1ccc(CC(Oc2ccc3c(cnn3-c3ccccc3)c2)c2ccccc2)cc1
c1ccc2c(c1)cnn2-c1ccc(-c2cccc3[nH]ccc23)cc1
c1ccc(Oc2ccccc2)cc1
c1ccc(CNc2ccc(CSc3nc4ccccc4o3)cc2)cc1
c1ccc(Cc2cccc(-c3ccsc3)c2)cc1
C1=Cc2c(ccc3c2C(=Cc2ccccc2)OC2=CCC=C23)NC1
O=C1CNc2c(cc(Cc3ccccc3-c3cccc4cc[nH]c34)c3c2CCC3)C1
c1ccc(C2CCNc3ccc(-c4cccc5cc[nH]c45)cc32)cc1
C(=CCc1ccnc2ccccc12)C=C1Oc2ccccc2-c2ccc3c(c21)C=CCN3
C1=Cc2c(ccc3c2C(=Cc2ccccc2)Oc2ccccc2-3)NC1
c1ccc(CN(c2ccccc2)c2c[nH]c3ccccc23)cc1
C1=C(c2ccccc2)c2c(ccc3c2COc2ccccc2-3)NC1
c1ccc(CCCc2ccccc2)cc1
c1ccc(Oc2cccc3c2COc2ccccc2-3)cc1
C1=Cc2c(ccc3c2C(=Cc2ccccc2)Oc2ccccc2-3)NC1
C1=Cc2c(ccc3c2C(=Cc2ccccc2)Oc2ccccc2-3)NC1
N=C1CCNc2ccc(-c3cccc4cc[nH]c34)cc21
C1=C(c2ccc3c(cnn3-c3ccccc3)c2)C=C(c2cccc3cc[nH]c23)CC1
C1=C(c2ccccc2)c2cc(-c3ccccc3)ccc2NC1
c1cnc2ccc(-c3cccc4ncccc34)cc2c1
c1ccc(-c2ccc3c(cnn3-c3ccccc3)c2)cc1
C1=Cc2c(ccc3c2C(=Cc2ccccc2)Oc2ccccc2-3)NC1
C1=Cc2c(ccc3c2C(=Cc2cccc4cc[nH]c24)Oc2ccccc2-3)NC1
c1ccc(-c2ccc3ncc(-c4cccc5cc[nH]c45)cc3c2)cc1
C=C1Oc2ccccc2-c2ccc3c(c21)C(c1ccccc1)=CCN3
C1=Cc2c(ccc3c2C(=Cc2ccccc2)Oc2ccccc2-3)NC1
c1ccc(-c2c(-c3cccc4cc[nH]c34)ccc3c2CCCN3)cc1
C1=Cc2c(ccc3c2C(=Cc2ccccc2)Oc2ccccc2-3)NC1
c1ccc(C(CCCc2cc3ccccc3[nH]2)c2cccc(-c3cccc4cc[nH]c34)c2)cc1
C1=CC2C(=Cc3ccccc3)Oc3cccc(-c4ccccc4)c3C2=C1
C1=CC(NCc2ccc(-c3ccccc3)cc2)=CC1
C1=Nc2c(cc(-c3c[nH]c4ccccc34)cc2-c2ccccc2)CC1
c1ccc(-c2ccc3c(c2)C(c2cccs2)Oc2ccccc2-3)cc1
C(=Cc1cccc2cc[nH]c12)c1cccc2c1cnn2-c1ccccc1
C1=Cc2c(ccc3c2C(=CCCc2cccc4cc[nH]c24)Oc2ccccc2-3)NC1
c1ccc(NC2=Nc3ccc(-c4cccc5[nH]ccc45)cc3C2)cc1
C(=C1Oc2ccccc2-c2ccc3ncccc3c21)c1ccccc1
c1ccc2cc(-c3cccc4cc[nH]c34)ccc2c1
O=C(NCC(CCc1c[nH]c2ccccc12)c1ccccc1)c1ccccc1
c1cc(-c2ccc3[nH]c(-c4cnoc4)cc3c2)c2cccnc2c1
c1ccc(Cc2[nH]c3ccccc3c2-c2ccccc2)cc1
C(=C1Oc2ccccc2-c2ccccc21)c1ccccc1
C1=C2C(=C(c3ccccc3)C1)COc1cccc(Oc3cccc4cc[nH]c34)c12
C1=Cc2c(ccc3c2C(=Cc2cccc4cc[nH]c24)Oc2ccccc2-3)NC1
c1ccc(-c2ccccc2)cc1
c1ccc(CCC(Cc2cc3ccccc3[nH]2)Sc2ccccc2)cc1
c1ccc(CNCc2cc3ccccc3[nH]2)cc1
C1=Cc2c(ccc3c2C(=Cc2ccsc2)Oc2ccc4c(cnn4-c4cccs4)c2-3)NC1
C1=Cc2c(ccc3c2C(=Cc2ccsc2)Oc2ccccc2-3)NC1
c1ccc(Oc2cccc(C(CCc3cccc4c3OCC4)Cc3cc4ccccc4[nH]3)c2)cc1
C1=Cc2c(ccc3c2C(=Cc2ccccc2)Oc2ccccc2-3)NC1
C(=Cc1cccc2cc[nH]c12)C=C1Oc2ccccc2-c2ccc3c(c21)C=CCN3
C1=Cc2c(ccc3c2C(=Cc2ccccc2)Oc2ccccc2-3)NC1
O=C(Nc1ccc(OCc2ccccc2)cc1)c1ccccc1
c1ccc(Oc2ccccc2)cc1
C1=Cc2c(ccc3c2C(CC=Cc2ccccc2)Oc2ccccc2-3)NC1
c1ccc(OCc2c(-c3cccc4ncccc34)ccc3c2CCCN3)cc1
c1ccc(-c2ccsc2-c2ccccc2)cc1
c1ccc(-c2cc(-c3ccc4c(c3)CCCN4)c3[nH]ccc3c2)cc1
c1cc(-c2ccc3c(c2-c2cccc4cc[nH]c24)CCCN3)c2[nH]ccc2c1
c1ccc(-c2ccc3c(cnn3-c3ccccc3)c2)cc1
c1ccc(-c2ccccc2)cc1
C1=C(c2ccccc2)C=C(c2ccc(CCNc3ccccc3)cc2)C1
c1ccc(C2CCNc3ccc(Cc4cc5ccccc5[nH]4)cc32)cc1
O=S(=O)(NCCc1c[nH]c2ccccc12)c1ccc(-c2ccccc2)cc1
C1=Cc2c(ccc3c2C(=Cc2ccccc2)Oc2ccccc2-3)NC1
c1ccc(C(c2ccccc2)c2ccc3c(cnn3-c3ccccc3)c2)cc1
N=C1CCNc2ccc(-c3ccc(-c4ccccc4)cc3)cc21
O=S(=O)(Nc1ccc(-c2cc3ccncc3s2)cc1)c1ccccc1
C1=C(Cc2ccccc2)C(c2c[nH]c3c(-c4ccccc4)cccc23)=CC1
C(=Cc1ccccc1)Cc1ccc2c(cnn2-c2ccccc2)c1
C1=Cc2c(ccc3c2C(=Cc2cccc(-c4ccccc4)c2)Oc2ccccc2-3)NC1
C1=Cc2c(cccc2Oc2cccc(-c3ccccc3)c2)NC1
O=C(NC1CCCCC1)OC1CNc2ccc(-c3ccccc3)c(-c3cc4ccccc4[nH]3)c2C1
c1ccc(-c2c[nH]c3ccc(CCC4CC4)cc23)cc1
C1=C(CCCCCc2ccccc2)C=C(CCc2cccc(-c3ccsc3)c2)C1
c1ccc(-c2cccc(-n3ncc4ccccc43)c2)cc1
c1ccc(Cc2ccc3c(cnn3-c3ccccc3)c2)cc1
c1ccc(Cn2ncc3cc(-c4cccc5cc[nH]c45)ccc32)cc1
c1ccc(CN(Cc2ccccc2)c2ccccc2-c2ccccc2)cc1
c1ccc(CNc2ccccc2-c2ccc3[nH]ncc3c2)cc1
c1ccc(-c2cc(-c3cccc4cc[nH]c34)cc3c2NCCC3)cc1
C1=CC(c2ccccc2)Nc2ccc3c(c21)C(=Cc1cccc2cc[nH]c12)Oc1ccccc1-3
C1=Cc2c(ccc3c2C(=Cc2ccccc2)Oc2ccccc2-3)NC1
c1ccc(CNCc2[nH]c3ccccc3c2-c2ccccc2)cc1
C1=CCC(Oc2cccc3c2-c2ccc4c(c2CO3)C=CCN4)=C1
c1ccc(-c2ccc(-c3cccc4cc[nH]c34)cc2)cc1
C1=Cc2c(ccc3c2C(=Cc2ccccc2)Oc2ccccc2-3)NC1
c1ccc(-c2cccc3cc[nH]c23)c(Cc2cccc3cc[nH]c23)c1
C1=CC2=C(CC1)OC(=Cc1ccccc1)c1c2ccc2c1C=CC(c1ccccc1)N2
C1=Cc2c(ccc3c2C(=Cc2ccccc2)Oc2ccccc2-3)NC1
c1ccc(-c2ccccc2)cc1
c1ccc(-c2cc3ccccc3nc2-c2cccnc2)cc1
c1ccc(CN(Cc2ccccc2)c2cccc(OCc3ccncc3)c2)cc1
C1=CC(CCCCCCCc2ccccc2-c2ccccc2)=CCC1
O=S(=O)(Nc1ccccc1)c1ccc(C2=CCC(c3cccc4ncccc34)=C2)cc1
C1=Cc2c(ccc3c2C(=CNc2ccccc2)Oc2ccccc2-3)NC1
c1ccc(COc2ccccc2)cc1
c1ccc(NCc2ccc(Oc3ccccc3)cc2)cc1
C1=CC(c2ccccc2CCCCc2ccccc2)=CC1
C1=Cc2c(ccc3c2C(=Cc2cccs2)Oc2ccccc2-3)NC1
C(=Cc1ccccc1)OC(Cc1ccccc1)c1ccccc1
C=C1Oc2ccccc2-c2ccc3[nH]c(Oc4ccccc4)cc3c21
C1=Cc2c(ccc3c2C(=Cc2ccccc2)Oc2ccccc2-3)NC1
C1=C(c2ccc3c(c2)CCCC3)c2c(ccc3c2COc2ccccc2-3)NC1
c1cnc2ccc(-c3cc4ccccc4[nH]3)cc2c1
c1ccc(-c2ccc3c(cnn3-c3ccccc3)c2)cc1
c1ccc(COc2ccc3c(cnn3-c3ccccc3)c2)cc1
c1ccc(-c2cccc3c2cnn3-c2ccc(On3ncc4ccccc43)cc2)cc1
c1ccc(Cc2cccc3[nH]c(Cc4cc5ccccc5[nH]4)cc23)cc1
c1ccc(CN(Cc2ccccc2)c2ccccc2)cc1
C(=C1Oc2ccccc2-c2ccc3ncccc3c21)c1ccccc1
C1=CC(N(Cc2ccccc2)Cc2ccccc2)=CCC1
C1=C(Cc2ccccc2)c2c(ccc3c2C(=Cc2ccccn2)Oc2ccccc2-3)NC1
C(=C1Oc2ccccc2-c2ccc3ncccc3c21)c1ccccc1
c1ccc(CCc2ccccc2)cc1
c1ccc(CNCc2[nH]c3ccccc3c2-c2ccccc2)cc1
C(=C1Oc2cccc(Oc3cncc4nccn34)c2-c2ccc3c(c21)CCCC3)c1ccccc1
C1=CC2C(=Cc3ccccc3)Oc3ccc(Cc4ccc5cnn(-c6ccccc6)c5c4)cc3C2=C1
C(=C1Oc2ccccc2-c2ccc3ncccc3c21)c1cccs1
c1ccc(-c2cccc3cc[nH]c23)c(-c2cccc3cc[nH]c23)c1
C1=C2CCCC(CCc3ccccc3)C2Cc2cnn(-c3ccccc3)c21
C1=C(c2ccccc2)CC=C1c1ccccc1-c1cccc2cc[nH]c12
O=C(Nc1ccccc1)OC1CNc2ccc(-c3ccccc3)cc2C1
C1=Cc2c(ccc3c2C(=CC2=CC=NN(c4ccccc4)C2)Oc2ccccc2-3)NC1
c1ccc(-c2csc3ccccc23)cc1
c1ccc(N2NCc3cc4c(cnn4-c4ccc(-c5cccc6cc[nH]c56)cc4)cc32)cc1
C1=Cc2c(C=C3Oc4cccc(-c5ccccc5)c4-c4ccc5c(c43)C=CCN5)cccc2NC1
C(=C1Oc2ccccc2-c2ccc3ncccc3c21)c1ccccc1
c1ccc(-n2ncc3cc(-c4ccccc4CC4CC4)ccc32)cc1
O=S(=O)(NC(Cc1ccc2ccccc2c1)c1ccccc1)c1ccccc1
c1ccc(C2Oc3ccccc3-c3ccc(Sc4nc5ccccc5o4)cc32)cc1
C1=CCC(c2ccc(C=C3OC4=C(C=CC4)c4ccc5c(c43)C=CCN5)cc2)=C1
C(=Cc1ccccc1)CCOc1c(-c2cccc3cc[nH]c23)ccc2c1CCCN2
O=S(=O)(Nc1ccccc1)c1ccc(-c2ccc3[nH]ncc3c2)cc1
C1=CCC(CCCCc2ccccc2)=C1
C1=CCC(CN(Cc2ccccc2)c2cccc(-c3ccsc3)c2)=C1
c1ccc(-c2ccccc2)cc1
c1ccc(CNCc2cccc(-c3ccccc3)c2)cc1
C(=Cc1ccccc1)C=C1Oc2ccccc2-c2ccc3c(c21)C=CCN3
O=C(Nc1ccccc1)OC1CNc2ccc(-c3cccc4ccsc34)cc2C1
c1ccc(-c2ccc3c(cnn3-c3ccccc3)c2)cc1
C1=Cc2c(ccc3c2C(=Cc2ccccc2)Oc2ccccc2-3)NC1
c1ccc(CCC(Cc2ccccc2)Cc2cc3ccccc3[nH]2)cc1
c1ccc(-c2cc3ccccc3s2)cc1
C(=C1Oc2ccccc2-c2ccccc21)c1ccccc1
O=S(=O)(NC1=CCC=C1)c1ccc(-c2ccc3c(cnn3-c3ccccc3)c2)cc1
C1=C(c2ccc3c(cnn3-c3ccccc3)c2)C=C(n2ncc3ccccc32)C1
C1=CCCC(CN(Cc2ccccc2)c2ccccc2)=C1
C1=Cc2c(ccc3c2C(=Cc2ccccc2)Oc2ccccc2-3)NC1
C1=Cc2c(ccc3c2C(=Cc2ccccc2)Oc2ccccc2-3)NC1
C1=Cc2c(ccc3c2C(=Cc2ccccc2)Oc2ccccc2-3)NC1
c1ccc(Oc2cccc(OCCCn3ncc4ccccc43)c2)cc1
O=S(=O)(NCCc1ccccc1-c1ccccc1)c1ccccc1
c1ccc(-c2ccccc2)cc1
O=S(=O)(NCCc1cccc2ccccc12)c1ccccc1
C1=Cc2c(ccc3c2C(=Cc2ccc(-c4ccccc4)cc2)Oc2ccccc2-3)NC1
C(=C1Oc2cc3c(cc2-c2ccc4c(c21)CCCC4)CCCC3)c1ccccc1
O=S(=O)(Nc1ccccc1)c1ccc(-c2ccccc2)cc1
c1ccc(Cc2ccccc2)cc1
C1=Cc2c(ccc3c2C(=Cc2ccccc2)Oc2ccccc2-3)NC1
C1=C(c2cccc3cc[nH]c23)c2c(ccc3c2COc2ccccc2-3)NC1
c1ccc(Cn2ncc3cc(-c4ccccc4)ccc32)cc1
C1=Cc2c(ccc3c2C(=Cc2cccs2)Oc2ccccc2-3)NC1
C1=Cc2c(ccc3c2C(=Cc2ccccc2)Oc2ccccc2-3)NC1
O=C(c1ccccc1)c1ccccc1
c1ccc(NCC(Oc2ccc3c(cnn3-c3ccccc3)c2)c2ccccc2)cc1
c1ccc(Nc2ccccc2)cc1
c1ccc(C(Oc2c[nH]c3ccccc23)c2ccccc2)cc1
c1ccc(-c2ccccc2-c2cccc3cc[nH]c23)cc1
c1ccc(CN(Cc2ccccc2)c2ccccc2)cc1
C1=Cc2c(ccc3c2C(=Cc2cccs2)Oc2ccccc2-3)NC1
c1ccc(CCc2ccnc3ccccc23)cc1
c1ccc(Oc2ccc3c(cnn3-c3ccccc3)c2)cc1
c1ccc(Oc2ccc3c(cnn3-c3ccccc3)c2)cc1
C1=Cc2c(ccc3c2C(=Cc2cccs2)Oc2ccccc2-3)NC1
C(CCc1ccccc1)=C1Oc2ccccc2-c2ccc3ncccc3c21
c1ccc(CCCCc2ccccc2)cc1
C=C1Oc2ccccc2-c2ccc3[nH]c(C4=CCc5ccccc54)cc3c21
c1ccc(CCC2=Nc3cc4c(cc3C(c3ccccc3)C2)CCCC4)cc1
C(=C1Oc2ccccc2-c2ccccc21)c1ccccc1
C1=C(CNCc2ccccc2)c2ccc(-c3ccccc3)cc2C1
c1ccc(CCc2ccccc2)cc1
c1ccc(-c2cc(-c3cccc4cc[nH]c34)cc3c2NCCC3)cc1
c1ccc(C(c2cnc3[nH]ncc3c2)c2ccc3c(cnn3-c3ccccc3)c2)cc1
O=C(NCc1cccc(-c2cccc3cc[nH]c23)c1)C1CCC(CCCc2ccccc2)C2=CC=CCC21
C1=Cc2c(ccc3c2C(=Cc2ccccc2)Oc2ccccc2-3)NC1
O=S(=O)(Nc1ccccc1)c1ccc(-c2ccc3c(cnn3-c3ccccc3)c2)cc1
c1ccc(-n2ncc3cc(-c4cccc5cc[nH]c45)ccc32)cc1
C1=CC(CCSCC2=CCNc3ccc(-c4ccccc4)cc32)=CC1
C1=Cc2c(ccc3c2C(=Cc2cccs2)Oc2ccccc2-3)NC1
O=C(OC1=CCCC1)N(Cc1ccccc1)c1ccccc1
O=C(c1ccccc1C=C1Oc2ccccc2-c2ccc3[nH]ccc3c21)N1CCCCC1
C(=C1Oc2ccccc2-c2ccc3ncccc3c21)c1ccsc1
C1=C(c2ccccc2)c2c(ccc3c2COc2ccccc2-3)NC1
O=S(=O)(Nc1ccccc1)c1ccc(C2CCc3ccccc3C2)cc1
c1ccc(-c2ccccc2)cc1
C1=Cc2c(ccc3c2C(=Cc2ccccc2)Oc2ccccc2-3)NC1
c1csc(NCCCc2ccc(-c3c[nH]c4ccccc34)cc2)c1
O=S(=O)(c1ccccc1)c1ccc(-c2ccccc2)cc1
c1ccc(-c2ccc3c(cnn3-c3ccccc3)c2)cc1
C1=C(CCCCc2cc3ccccc3[nH]2)C=C(c2ccccc2)C1c1cccc2cc[nH]c12
c1ccc(CCNc2ccccc2)cc1
c1ccc2sc(OCc3c(-c4cccc5[nH]ccc45)ccc4c3CCCN4)nc2c1
C1=CC(C2=CC(c3ccc(-n4ncc5ccccc54)cc3)=CC2)C=C1
C1=Cc2c(ccc3c2C(=Cc2ccccc2)Oc2ccccc2-3)NC1
C1=Cc2c(ccc3c2C(=CC2=CCC(Oc4ccccc4)=C2)Oc2ccccc2-3)NC1
C(=C1Oc2ccccc2-c2ccccc21)c1sccc1-c1ccccc1
c1ccc2nc(-c3ccc4ccccc4n3)ccc2c1
c1ccc(-c2ccc(-n3ncc4ccccc43)cc2)cc1
c1ccc(-c2cccc3c2cnn3-c2ccccc2)cc1
c1ccc(CCCCn2ccc3ncccc32)cc1
C1=Cc2c(ccc3c2C(=Cc2cccs2)Oc2c-3ccc3c2CCCC3)NC1
c1ccc(-c2ccsc2-c2ccccc2)cc1
c1ccc(Cc2ccccc2-c2ccccc2)cc1
c1ccc(C(Oc2ccc3c(cnn3-c3ccccc3)c2)c2ccccc2)cc1
c1ccc2oc(CNC3CCNc4ccc(-c5cccc6[nH]ccc56)cc43)nc2c1
c1ccc(ON=C2CCNc3ccc(-c4cccc5cc[nH]c45)cc32)cc1
c1ccc(-c2cccs2)cc1
C=C1Oc2ccccc2-c2ccc3c(c21)C=CC(c1ccccc1)N3
C1=CCC(c2ccccc2)C(C=C2Oc3ccccc3-c3ccc4c(c32)C=CCN4)=C1
c1ccc(CN(Cc2c[nH]c3c(-c4cccs4)cccc23)c2ccccc2)cc1
c1ccc(-c2cccc3c2-c2ccccc2C(c2ccccc2)O3)cc1
O=S(=O)(Nc1ccc(-c2ccc3c(cnn3-c3ccccc3)c2)cc1)c1ccccc1
C(=C1Oc2ccccc2-c2ccc3ncccc3c21)c1ccccc1
C1=C(Nc2ccc3c(c2)C(c2ccccc2)Oc2ccccc2-3)c2ccccc2CC1
C1=Cc2c(ccc3c2C(=Cc2ccccc2)Oc2ccccc2-3)NC1
C(=C1Oc2ccccc2-c2ccc3c(c21)CC(c1ccccc1)=N3)c1ccccc1
c1ccc(Oc2ccc3c(cnn3-c3ccccc3)c2)cc1
c1cc(C2CCc3cc(-c4c[nH]c5ccccc45)ccc3N2)c2[nH]ccc2c1
c1ccc(CCSCc2ccnc3ccc(-c4ccccc4)cc23)cc1
O=S(=O)(Nc1ccccc1)c1cccc(-c2ccccc2)c1
c1ccc2[nH]c(C3=C(c4ccc(-c5ccsc5)cc4)c4[nH]ccc4C3)cc2c1
C1=Cc2c(ccc3c2C(=Cc2ccccc2)Oc2ccccc2-3)NC1
c1ccc(-c2ccccc2)cc1
C1=Cc2c(ccc3c2C(=Cc2ccccc2)Oc2ccccc2-3)NC1
c1ccc(-c2ccc3c(cnn3-c3c[nH]c4ccccc34)c2)cc1
C(=C1Oc2ccccc2-c2ccc3[nH]ccc3c21)c1cccc2cc[nH]c12
O=S(=O)(Nc1ccc(-c2ccc3c(cnn3-c3ccccc3)c2)cc1)c1ccccc1
c1ccc(Cc2[nH]c3ccccc3c2-c2ccccc2)cc1
C1=Cc2c(ccc3c2C(=Cc2ccccc2)Oc2ccccc2-3)NC1
C1=C(CCCCc2ccccc2)c2ccccc2CC1
C1=CCC(c2ccccc2-c2cc3ccccc3s2)=C1
C1=Cc2c(ccc3c2C(=Cc2ccccc2)Oc2ccccc2-3)NC1
c1ccc(CCCCCCc2cc3ccccc3[nH]2)cc1
O=S(=O)(Nc1ccc(-c2ccc3c(cnn3C3=CC=CC3)c2)cc1)c1ccccc1
c1ccc(-c2ccc3c(cnn3-c3ccccc3)c2)cc1
C(=C1Oc2ccccc2-c2ccc3ncccc3c21)c1ccccc1
C(=C1Oc2ccccc2-c2ccc3ncccc3c21)c1ccccc1
c1ccc(-c2ccccc2)cc1
c1ccc(Cc2ccccc2)cc1
c1cc2cc(CC3CCc4cc(-c5ccc(-c6ccsc6)c6cc[nH]c56)ccc4N3)[nH]c2cn1
c1ccc(Nc2cccc3c2cnn3-c2ccccc2)cc1
C(=Cc1ccc2c(c1)CCC(c1ccc3ccccc3n1)N2)Cc1ccccc1
O=S(=O)(NCCc1cccc2ccccc12)c1ccccc1
C1=CCC(c2ccc(CNCCSc3cccc4c3cnn4-c3ccccc3)cc2)=C1
O=C(c1ccsc1C=C1Oc2ccccc2-c2ccc3c(c21)C=CCN3)N1CCCCC1
C1=CC2C(=Cc3ccccc3)Oc3ccc(-c4ccccc4)cc3C2=C1
c1ccc(Oc2ccc3c(cnn3-c3ccccc3)c2)cc1
O=C(CSc1ccc2ccccc2c1)c1ccccc1
C1=Cc2c(ccc3c2C(=Cc2cccc4cc[nH]c24)Oc2ccccc2-3)NC1
c1ccc(C(c2ccccc2)c2ccc3c(cnn3-c3ccccc3)c2)cc1
N=C1CCNc2ccc(-c3cccc4cc[nH]c34)c(Nc3cccc4ncccc34)c21
O=C(CCCc1cc2cccc(-c3ccccc3)c2[nH]1)Nc1ccccc1
C1=Cc2c(ccc3c2C(=Cc2ccccc2)Oc2ccccc2-3)NC1
c1ccc(CCCCCCc2cc3ccncc3s2)cc1
c1ccc(C(Oc2ccc3c(cnn3-c3ccccc3)c2)c2ccccc2)cc1
c1ccc(-n2ncc3cc(-c4ccc(CCCC5CC5)cc4)ccc32)cc1
c1ccc(-c2ccccc2)cc1
C1=Cc2c(ccc3c2C(=Cc2ccccc2)Oc2ccccc2-3)NC1
C1=NCNc2ccc3c(c21)C(=Cc1ccccc1)Oc1ccc(Oc2ccccc2)cc1-3
C(=C1Oc2ccccc2-c2ccc3[nH]ccc3c21)c1ccccc1
c1ccc(CNc2ccccc2)cc1
c1ccc(-c2ccc3c(cnn3-c3ccccc3)c2)cc1
C=C(Nc1cccc2c1cnn2-c1ccccc1)c1cccc2cc[nH]c12
c1ccc(CCNc2cccc3c2cnn3-c2ccccc2)cc1
O=S(=O)(Nc1ccccc1)c1ccc(-c2ccccc2)cc1
C=C1Oc2ccc(-c3ccsc3)cc2-c2ccc3c(c21)C=CCN3
C1=C(c2ccc3c(cnn3CCc3cccc4cc[nH]c34)c2)C=C(c2ccsc2)C1
O=S(=O)(Cc1ccccc1)Nc1ccc(-c2cccc3ncccc23)cc1
c1cc2[nH]c(-c3ccc4c(cnn4-c4ccc(C5CCCC5)cc4)c3)cc2cn1
c1ccc(-c2ccc(-n3ncc4ccccc43)cc2)cc1
O=S(=O)(Nc1ccccc1)c1ccc(-c2ccc3c(cnn3-c3ccccc3)c2)cc1
C1=CCC(CCn2ncc3cc(-c4ccc(-c5ccccc5)cc4)ccc32)=C1
C1=C(CCCCc2ccccc2)c2ccccc2CC1
c1ccc(-c2ccc(-c3cccnc3)cc2)cc1
C(=C1Oc2ccccc2-c2ccc3ncccc3c21)c1ccccc1
c1cnc2ccc(-c3cc4ccccc4[nH]3)cc2c1
c1ccc(-c2ccccc2)cc1
c1ccc(COc2ccc3c(cnn3-c3ccccc3)c2)cc1
c1cc(-c2ccc3c(c2)CCCN3)c2cc[nH]c2c1
O=C(Oc1ccccc1)c1ccccc1-c1ccccc1
c1ccc(CSc2cccc3c2cnn3-c2ccccc2)cc1
C(=CC1=Cc2cnn(C3CCCCC3)c2C1)Oc1cccc(-c2ccccc2)c1
N=C1CCNc2ccc(C3=C(c4ccccc4)CC4=C3CC=C4)cc21
C1=Cc2c(ccc3c2C(=Cc2cccc4cc[nH]c24)Oc2ccccc2-3)NC1
C(=C1Oc2ccccc2-c2ccc3ncccc3c21)c1ccccc1
c1ccc(CCc2ccccc2)cc1
C1=Cc2c(ccc3c2C(=Cc2ccccc2)Oc2ccccc2-3)NC1
C(=C1Oc2ccccc2-c2ccc3ncccc3c21)c1ccccc1
c1ccc(Oc2ccccc2)cc1
C1=Cc2c(ccc3c2C(=Cc2ccc4c(c2)CCCC4)Oc2ccccc2-3)NC1
N=C1CCNc2ccc(-c3csc4ccccc34)c(CCc3ccccc3)c21
O=C(NCc1ccccc1)c1cccc(-n2ncc3ccccc32)c1
c1ccc2cc(Cc3ccnc4ccccc34)ccc2c1
O=S(=O)(Nc1ccc(-c2ccc3[nH]ncc3c2)cc1)c1ccccc1
c1ccc(CN(Cc2ccccc2)c2ccc3c(c2)NCCC3)cc1
O=S(=O)(Nc1ccc(-c2cccs2)cc1)c1ccccc1
O=S(=O)(Nc1ccccc1)c1ccc(C2=CCCC3=C2C=CC3)cc1
C(=C1Oc2ccccc2-c2ccccc21)c1ccccc1
O=c1ccn(CCCCc2c(-c3ccccc3)oc3ccccc23)c2ccccc12
c1ccc(CNCc2cc3ccccc3[nH]2)cc1
c1ccc(C2CCc3cc(-c4cccc5[nH]ccc45)ccc3N2)cc1
C(=C1Oc2ccccc2-c2ccc3ncccc3c21)c1ccccc1
c1ccc(CN(Cc2ccc(Oc3ccccc3)cc2)c2ccccc2)cc1
O=S(=O)(Nc1ccccc1)c1ccc(-c2ccccc2)cc1
c1ccc(Cc2ccc3c(c2)C(c2ccccc2)Oc2ccccc2-3)cc1
c1ccc(-c2ccc3c(cnn3-c3ccccc3)c2)cc1
c1ccc(-c2ccc3c(cnn3-c3ccccc3)c2)cc1
c1ccc(-c2ccccc2Cc2ccc3c(cnn3-c3ccccc3)c2)cc1
C1=Nc2ccc(-c3ccc(-c4ccccc4)c4cc[nH]c34)cc2CC1
c1ccc(-c2ccccc2CC2CCc3ccccc3C2)cc1
C1=CCCC(CN(Cc2ccccc2)C2=CCCc3ccccc32)=C1
c1ccc(C2CCNc3ccc(-c4cccc5cc[nH]c45)cc32)cc1
O=S(=O)(Cc1ccccc1)Nc1ccc(-c2ccccc2)cc1
c1ccc(-c2ccc3[nH]ccc3c2)cc1
c1csc(-c2ccc(-n3ncc4c5c(ccc43)-c3ccccc3OC5)cc2)c1
c1ccc(-c2ccc(-n3ncc4ccccc43)cc2)cc1
C(=C1Oc2ccccc2-c2ccccc21)c1ccccc1
C1=Cc2c(ccc3c2C(=Cc2cccs2)Oc2ccccc2-3)NC1
C1=CC(c2cccc3cc[nH]c23)Nc2ccc3c(c21)C(=Cc1ccccc1)Oc1ccccc1-3
c1ccc(-c2cccc3c2cnn3-c2ccccc2)cc1
c1ccc(-c2cccc3c2cnn3-c2ccccc2)cc1
c1ccc(-c2cccc3c2cnn3-c2ccccc2)cc1
C1=C(Oc2cccc(-c3ccccc3)c2)CCCC1
O=C(Nc1ccccc1)C(CCc1ccccc1)CC1CCCCC1
C(=C1Oc2ccccc2-c2ccc3c(c21)CN=N3)c1ccccc1
c1ccc(Oc2ccccc2)cc1
c1ccc(C(Oc2ccc3c(cnn3-c3ccccc3)c2)c2ccccc2)cc1
C(=C1Oc2ccccc2-c2ccc3[nH]ccc3c21)c1ccc2ccccc2c1
C1=C(c2ccc3nc4c(cc3c2)CCCC4)CC(c2cccc3cc[nH]c23)=C1
c1ccc(C2=Nc3ccc(-c4cc5ccccc5[nH]4)cc3CC2)cc1
O=C(NCc1cccc(CCc2cc3ccccc3[nH]2)c1)c1ccccc1
c1ccc(OOc2ccc(-c3ccccc3)cc2)cc1
C1=Cc2c(ccc3c2C(=Cc2ccccc2)Oc2cc4c(cc2-3)CCCN4)NC1
O=S(=O)(COc1ccccc1)Nc1ccc(-c2ccc3c(cnn3-c3ccccc3)c2)cc1
C(=C1Oc2ccccc2-c2ccccc21)c1ccccc1
C1=Cc2c(ccc3c2C(=Cc2ccccc2)OC2=C3C=CC2)NC1
O=S(=O)(Nc1cccc(Cc2ccccc2)c1)c1ccccc1
C(=C1Oc2ccccc2-c2ccc3ncccc3c21)c1cc2ccccc2s1
c1ccc(CN(Cc2ccccc2)c2ccccc2)cc1
c1ccc(CCCCc2cc3cnccc3[nH]2)cc1
c1ccc(-c2c[nH]c3ccc(-c4cccc5cc[nH]c45)cc23)cc1
c1ccc(Oc2ccc(CN(Cc3cccnc3)c3ccccc3)cc2)cc1
O=C(NCc1ccc(Oc2ccccc2)cc1)c1cc2ccncc2s1
C1=C(CC2(CCSc3nc4ccccc4s3)CCCc3ccccc32)c2ccccc2C1
C1=C(c2ccc(-c3ccccc3)cc2)CCC1
c1ccc(Oc2cccc3c2cnn3-c2ccccc2)cc1
C(=C1Oc2ccccc2-c2ccc3nc4c(cc3c21)CCCC4)c1ccccc1
C=C1Oc2ccc(-c3ccccc3)cc2-c2ccc3c(c21)C=CCN3
C1=Cc2c(ccc3c2C(=Cc2ccccc2)Oc2ccccc2-3)NC1
C1=CC(CCc2ccc(-c3ccccc3)cc2)=CC1
c1ccc(CN(Cc2ccccc2)c2ccccc2)cc1
C1=Cc2c(ccc3c2C(=Cc2ccccc2)Oc2ccccc2-3)NC1
C1=Cc2c(ccc3c2C(=Cc2ccccc2)Oc2ccccc2-3)NC1
C1=Cc2c(ccc3c2C(=Cc2ccccc2)Oc2ccccc2-3)NC1
c1ccc(-c2ccc3c(c2)C2(CCCCC2)C(c2ccc4[nH]ncc4c2)=N3)cc1
c1ccc(Oc2ccccc2)cc1
c1ccc(CCC(Cc2ccccc2)Cc2ccnc3ccccc23)cc1
C1=CCC(c2cccc(C=C3Oc4ccccc4-c4ccc5c(c43)C=CCN5)c2)C=C1
c1ccc(OCCc2cc3ccccc3[nH]2)cc1
c1ccc(Cc2[nH]c3ccccc3c2-c2ccccc2)cc1
C1=C(C(c2ccccc2)c2ccccc2)Cc2ccccc21
C(=Cc1ccsc1)C=C1Oc2ccccc2-c2ccc3c(c21)C=CCN3
O=S(=O)(Cc1ccccc1)Nc1ccc(-c2ccc3c(cnn3CCC3CC3)c2)cc1
c1ccc(Oc2cccc(COc3cc4ccccc4[nH]3)c2)cc1
O=S(=O)(Cc1ccccc1)Nc1ccc(-c2ccc3c(cnn3-c3ccccc3)c2)cc1
C1=Cc2c(ccc3c2C(=Cc2cccs2)Oc2ccccc2-3)NC1
c1ccc(OCc2c(-c3ccccc3)ccc3c2CCCN3)cc1
c1ccc(NCc2ccc(Oc3ccccc3)cc2)cc1
C1=CC2=C(C1)OC(=Cc1ccc(-c3ccccc3)cc1)c1c2ccc2c1CCCN2
C1=CCC(Cc2ccc(-c3ccccc3)cc2)=C1
c1ccc(CCOc2cccc(OCCCCCc3cc4ccccc4[nH]3)c2)cc1
c1ccc(CN(c2ccccc2)c2ccccc2)cc1
O=S(=O)(c1ccc(C2=CC=CC2)cc1)N(CCCCNc1ccccc1)c1ccccc1
C1=Cc2c(ccc3c2C(=Cc2ccccc2)Oc2ccccc2-3)NC1
c1ccc(C2=Nc3ccc(-c4cccc5cc[nH]c45)cc3CC2)cc1
C1=CC(c2cc3ccccc3s2)Nc2ccc(-c3ccccc3)cc21
C1=Cc2c(ccc3c2C(=Cc2ccccc2)Oc2ccccc2-3)NC1
c1ccc(-c2cccc3c2cnn3-c2ccccc2)cc1
C1=CC(C=C2Oc3ccccc3-c3ccc4c(c32)C=CCN4)=CC1
C1=CCC(c2ccc(-c3cc4ccccc4s3)cc2)=C1
C1=Cc2c(ccc3c2C(=Cc2ccccc2)Oc2ccccc2-3)NC1
c1ccc(CCCCOc2ccc(-c3ccccc3)cc2)cc1
C1=CC(c2ccc(C3CNc4ccc(-c5cccc6cc[nH]c56)cc4C3)cc2)=CCC1
c1ccc(NCc2ccc(Oc3ccccc3)cc2)cc1
C1=CCc2cc(-c3ccc(-c4ccccc4)c4cc[nH]c34)ccc2C1
c1ccc(OCCc2ccccc2CC2CCCc3ccccc32)cc1
C=C1Oc2ccccc2-c2ccc3nc(CCCCCc4ccccc4)ccc3c21
c1ccc(Nc2cc3ccccc3s2)cc1
C1=Cc2c(ccc3c2C(=Cc2ccccc2)Oc2ccccc2-3)NC1
c1ccc(-c2ccccc2)cc1
c1ccc(CCN=C2CCNc3ccc(-c4cccc5cc[nH]c45)cc32)cc1
C1=Cc2c(ccc3c2C(=Cc2ccccc2)Oc2ccccc2-3)NC1
C=C1Oc2ccccc2-c2ccc3c(c21)C=CC(c1ccnn1-c1ccccc1)N3
c1ccc(Cc2ccccc2)cc1
c1ccc(-c2ccc(Oc3cccc4c3OCC4)cc2)cc1
c1ccc(CCCc2cnc3ccccc3c2)cc1
O=S(=O)(c1ccccc1)c1ccc(-c2ccccc2)cc1
c1ccc(Oc2ccc(CN(Cc3cccnc3)c3ccccc3)cc2)cc1
c1ccc(CN(Cc2cccnc2)c2ccccc2)cc1
C(=C1Oc2ccccc2-c2ccc3nnccc3c21)c1cccc(-c2ccsc2)c1
C1=C(CCCCc2ccccc2)c2ccccc2CC1
c1ccc(-c2ccccc2)cc1
O=S(=O)(NCCC=Cc1cccc2cc[nH]c12)c1ccccc1
O=S(=O)(Nc1ccc(-c2cc3ccncc3s2)cc1)c1ccccc1
c1ccc(C(c2ccccc2)c2ccc3c(cnn3-c3ccccc3)c2)cc1
c1cnc2ccc(-c3cccc4cc[nH]c34)cc2c1
O=S(=O)(Cc1ccccc1)Nc1ccc(-c2ccc3c(cnn3-c3ccccc3)c2)cc1
C(=C1Oc2ccccc2-c2ccc3c(c21)CCCC3)c1ccccc1
O=S(=O)(NCCC1=CCc2ccccc21)c1ccc(-c2ccccc2)cc1
C1=C2OC(=Cc3ccccc3)c3c(ccc4[nH]ccc34)C2=CC1
C(=C1Oc2ccccc2-c2ccccc21)c1ccccc1
C1=CCC(CN(Cc2ccccc2)c2ccccc2)=C1
c1ccc(OC2CNc3ccc(-c4cccc5cc[nH]c45)cc3C2)cc1
C(=CCc1ccccc1)CC1=CC=C2c3ccccc3OC(=Cc3cccc(-c4cccnc4)c3)C12
c1ccc(CNCc2ccc(Oc3ccccc3)cc2)cc1
c1ccc(-c2ccc(-n3ncc4ccccc43)cc2)cc1
c1ccc(Cc2ccccc2)cc1
c1ccc(-n2ncc3c4c(ccc32)-c2c(Cc3ccncc3)cccc2OC4)cc1
C(=C1Oc2ccccc2-c2ccc3[nH]ccc3c21)c1ccccc1
c1cc(-c2ccsc2)cc(C2CCc3cc(-c4cccc5cc[nH]c45)ccc3N2)c1
c1ccc(-c2ccc(-c3cc4c[nH]cc4s3)cc2)cc1
c1ccc(-c2ccc(-n3ncc4ccccc43)cc2)cc1
c1ccc(C(c2ccc3[nH]ncc3c2)c2cccc3c2cnn3-c2ccccc2)cc1
c1ccc(CCCc2ccccc2)cc1
c1ccc(C2=Nc3ccc(-c4cccc5cc[nH]c45)cc3C2)cc1
C1=Nc2ccc(-c3cccc4ncccc34)cc2C(c2ccccc2)C1
c1ccc(CN(c2ccccc2)c2ccccc2)cc1
c1ccc(-c2cccc3cc[nH]c23)cc1
c1ccc(CON=C2CCNc3ccc(-c4cccc5cc[nH]c45)cc32)cc1
C1=Cc2c(ccc3c2C(=Cc2ccccc2)Oc2ccccc2-3)NC1
C1=C(Nc2ccccc2)c2c(ccc3c2COc2ccccc2-3)NC1
O=C(N1CCCCC1)N(Cc1ccccc1)Cc1ccc(OC2=CCCC=C2)cc1
c1ccc(-c2cccc3c2cnn3-c2ccccc2)cc1
c1ccc(-c2ccc3c(cnn3-c3ccccc3)c2)cc1
O=C(Nc1ccccc1)OCc1ccccc1
O=S(=O)(Nc1ccccc1)c1ccc(C2=CC=CC2)c(-c2cccc3c2N=CC3)c1
c1ccc(CCCCc2cc3cccc(-c4ccccc4)c3[nH]2)cc1
C1=Cc2c(ccc3c2C(=Cc2ccccc2)Oc2ccccc2-3)NC1
c1ccc(Oc2ccc3c(c2)CCCC3)cc1
c1ccc(-c2ccc3c(cnn3-c3ccccc3)c2)cc1
O=C1CNc2ccc(-c3sccc3CNc3cccc4c3cnn4-c3ccccc3)cc2C1
N=C1CCNc2ccc(-n3ncc4c(Cc5ccccc5)cccc43)cc21
O=S(=O)(c1ccccc1)c1ccc(-c2cccc3cc[nH]c23)cc1
C1=CC(c2cnc3ccccc3n2)Nc2ccc3c(c21)C(=Cc1ccccc1)Oc1ccccc1-3
C1=Cc2c(ccc3c2C(=Cc2ccccc2)Oc2ccccc2-3)NC1
c1ccc(NCc2ccc(Oc3ccccc3)cc2)cc1
C1=C(c2ccc3[nH]c(-c4c5c(cc6ncccc46)CCN5)cc3c2)CCCC1
c1ccc(CN(c2ccccc2)c2ccccc2)cc1
c1ccc(-c2ccc3cnn(-c4ccccc4)c3c2)cc1
c1ccc(CCCCNCc2ccccc2)cc1
C1=Nc2c(cc(-c3cccc4[nH]ccc34)cc2-c2cccc3cc[nH]c23)CC1
C1=CC(c2cccc3c2cnn3-c2ccccc2)Nc2ccc3c(c21)COc1ccccc1-3
O=C1CNc2ccccc2C1(Cc1cccs1)c1ccc2ccccc2c1
C1=Cc2c(ccc3c2C(=Cc2ccccc2)Oc2ccccc2-3)NC1
c1ccc(CCCCc2cc3ccccc3[nH]2)cc1
C1=Cc2c(ccc3c2C(=Cc2ccccc2)Oc2ccccc2-3)NC1
C1=CC(C=C2Oc3ccccc3-c3ccc4nc5c(cc4c32)NCC5)=CCC1
c1ccc(Cc2cccc3c2cnn3-c2ccc3c(c2)CCCC3)cc1
c1ccc(CN(Cc2ccccc2)c2ccccc2)cc1
C1=Cc2c(ccc3c2C(=Cc2ccccc2)Oc2ccccc2-3)NC1
c1ccc(CN(Cc2ccccc2)c2ccccc2)cc1
C1=C(c2ccc3c(c2)CCC(c2cccc4cc[nH]c24)=N3)CC(c2cccc3cc[nH]c23)=C1
C1=CC(c2cc3ccccc3s2)Nc2ccc(-c3ccccc3)cc21
O=S(=O)(NCCc1c[nH]c2ccccc12)c1ccc(Oc2ccccc2)cc1
C1=Nc2c(cccc2-c2ccc3c(c2)CCC(CCc2ccccc2)=N3)C1
c1cc(-c2ccc3c(c2)CCC(c2cccc4cc[nH]c24)C3)c2[nH]ccc2c1
C=C(c1cccc2cc[nH]c12)C(c1ccccc1)c1ccccc1
O=S(=O)(Nc1ccc(-c2ccc3c(cnn3-c3ccccc3)c2)cc1)c1ccccc1
C1=CC(C=C2Oc3ccccc3-c3ccc4c(c32)C=CCN4)=CCC1
O=C(c1ccccc1C=C1Oc2ccccc2-c2ccc3c(c21)C=CCN3)N1CCCCC1
c1ccc(C2CCc3cc(-c4cccc5cc[nH]c45)ccc3N2)cc1
C1=Cc2c(ccc3c2COc2ccccc2-3)NC1
C1=C(c2ccccc2)C=C(c2ccnc3ccccc23)C1
O=S(=O)(c1ccc2c(c1)-c1ccc3c(c1C(=Cc1cccs1)O2)C=CCN3)c1cccs1
O=S(=O)(NC1=CCCC=C1)c1ccc(-c2ccc3[nH]ncc3c2)c(Cc2ccccc2)c1
c1ccc(-c2ccc3c(cnn3-c3cc4ccccc4[nH]3)c2)cc1
c1ccc2c(c1)NCCC2CSc1ccc2ccccc2c1
c1ccc(CN(CCN(c2ccccc2)c2ccccc2)c2ccccc2)cc1
c1ccc(Cc2ccc3c(cnn3-c3ccccc3)c2)cc1
O=S(=O)(c1ccccc1)c1c(-c2cccc3cc[nH]c23)cc(-c2ccccc2)c2c1CCNC2
c1ccc(-c2ccccc2)cc1
O=S(=O)(Nc1ccc(C2=CC=CC2)cc1)c1cccc(Nc2ccccc2)c1
c1ccc(Oc2c[nH]c3ccccc23)cc1
C1=CC(Cc2cccc3cc[nH]c23)C(c2ccc3c(cnn3-c3ccccc3)c2)=C1
c1ccc(CON=C2CCNc3ccc(-c4cccc5cc[nH]c45)cc32)cc1
C1=Cc2c(ccc3c2C(=CCOc2cccc4cnccc24)Oc2ccccc2-3)NC1
c1ccc(C(c2ccccc2)c2ccc3c(c2)CCC(Oc2cccc4cc[nH]c24)N3)cc1
c1ccc2c(c1)cnn2CCc1ccc(-c2ccc3c(cnn3-c3ccsc3)c2)cc1
c1ccc(-c2ccccc2)cc1
c1ccc(CC(CCc2cccc3c2OCC3)Cc2cc3ccccc3[nH]2)cc1
C1=CCC(c2ccc(C=C3Oc4ccccc4-c4ccc5c(c43)C=CCN5)cc2)=C1
C1=Cc2c(ccc3c2C(=Cc2ccccc2)Oc2ccccc2-3)NC1
c1ccc(CC(Cc2cc3ccccc3[nH]2)c2ccccc2)cc1
C1=C2CCCC(Cc3csc4ccccc34)C2(Oc2ccccc2)Cc2cnn(-c3ccccc3)c21
c1ccc(NCCNc2cccc3c2cnn3-c2cccc(Oc3ccccc3)c2)cc1
c1ccc(-c2ccccc2)cc1
C1=Cc2cc(-c3cccc(Nc4ccccc4)c3)ccc2NC1
O=S(=O)(Nc1ccc(C=Cc2ccc3[nH]ncc3c2)cc1)c1ccccc1
c1ccc(CCC(Cc2ccccc2)c2ccccc2)cc1
C=C1Oc2ccccc2-c2ccc3[nH]c(C4=CCc5ccccc54)cc3c21
c1ccc(-n2ncc3cc(Cc4cc5ccccc5[nH]4)c4c(c32)CCCC4)cc1
O=S(=O)(Nc1ccccc1)c1ccc(C2=CC=CCC2)cc1
C1=Cc2c(ccc3c2C(=Cc2ccccc2)Oc2ccccc2-3)NC1
c1ccc(-c2ccnc3ccccc23)cc1
N=C1CC=Nc2ccc(C3=CCc4cc(C(=O)Nc5cccnc5)ccc43)cc21
c1ccc(-c2ccc3c(cnn3-c3ccccc3)c2)cc1
c1ccc(-c2ccccc2)cc1
C=C1Oc2ccc(CC3=CC=CCC3)cc2-c2ccc3c(c21)C=CCN3
C1=C(C2=CC=C(c3ccc4c(c3)CCC(c3ccccc3)N4)C2)CCC1
C1=Cc2c(ccc3c2C(=Cc2ccccc2)Oc2ccccc2-3)NC1
C1=CC2C(=Cc3sccc3C=CCCc3ccccc3)Oc3ccccc3C2=C1
C(=C1Oc2ccccc2-c2ccc3[nH]ccc3c21)c1nc2ccccc2s1
c1ccc(-n2ncc3cc(-c4cccc5cc[nH]c45)ccc32)cc1
c1ccc(-c2cccc3cc[nH]c23)cc1
C1=Cc2c(ccc3c2C(=Cc2ccccc2)Oc2ccccc2-3)NC1
O=S(=O)(NC(Cc1ccc2c(c1)C(c1ccccc1)CCN2)Cc1c[nH]c2ccccc12)c1ccccc1
c1ccc(CCCNCc2[nH]c3ccccc3c2-c2ccccc2)cc1
C1=Cc2c(ccc3c2C(CC=CNc2ccccc2)Oc2ccccc2-3)NC1
C1=C2CCCC(CCc3ccccc3)C2Cc2cnn(-c3ccccc3)c21
O=S(=O)(CC1=CCC=CC1)Nc1ccc(-c2ccc3c(cnn3-c3ccccc3)c2)cc1
C1=CNc2ccc(-c3cc(-c4ccccc4)cc4cc[nH]c34)cc2C1
O=S(=O)(Cc1ccccc1)Nc1ccc(-c2ccccc2)cc1
C1=CCCC(n2ncc3ccc(-n4ncc5cc(-c6ccc7c(cnn7CCC7CC7)c6)ccc54)cc32)=C1
C=C1Oc2cccc(OC3CCCC3)c2-c2ccc3c(c21)C=CCN3
c1ccc(-c2ccccc2)cc1
C1=CC(c2ccccc2)Nc2ccc3c(c21)C(=Cc1ccccc1)Oc1ccccc1-3
O=C(Nc1ccccc1)OC1CNc2ccc(-c3cccc4cc[nH]c34)cc2C1
O=S(=O)(Nc1cccc(Nc2ccccc2)c1)c1ccccc1
C1=CC(c2cccc(C=C3Oc4ccccc4-c4ccc5[nH]ccc5c43)c2)=CC1
C1=C(CSCCc2ccccc2)c2cc(-c3ccccc3)ccc2NC1
C(=C1Oc2ccccc2-c2ccc3ncccc3c21)c1ccccc1
c1ccc(-c2ccccc2)cc1
O=S(=O)(Nc1ccc(-c2ccc3[nH]ncc3c2)cc1)c1ccccc1
C(=NOCc1ccc2c(cnn2Cc2ccccc2)c1)c1c(-c2cccc3cc[nH]c23)ccc2c1CCC=N2
c1ccc(CNCc2[nH]c3ccccc3c2-c2ccccc2)cc1
c1cc(-c2ccc(Nc3cccc4ncccc34)cc2)c2[nH]ccc2c1
O=S(=O)(Nc1ccc(-c2ccc3c(cnn3-c3ccccc3)c2)cc1)C1=CC=CCC1
c1ccc(-c2ccccc2)cc1
C1=CC(c2ccccc2)Nc2ccc3c(c21)C(=Cc1ccsc1)Oc1ccccc1-3
O=C(Nc1cccc2cc[nH]c12)c1cccc(-c2ccsc2)c1
C(=Cc1ccccc1Nc1cc2ccccc2[nH]1)c1ccccc1
C1=CC(C=C2Oc3ccccc3-c3ccc4ncccc4c32)=CCC1
C1=C(c2cccc(-c3ccccc3)c2)c2ccccc2C1
c1ccc(-n2ncc3cc(-c4cnc5ccccc5c4)ccc32)cc1
c1ccc(CCCc2cc3ccccc3[nH]2)cc1
c1ccc(-c2ccccc2)cc1
C1=CC(C=C2Oc3cccc(Cc4ccccc4)c3-c3ccc4[nH]ccc4c32)=CC1
c1cc(-c2ccc3[nH]ncc3c2)cc(-c2cccc3cc[nH]c23)c1
C1=CC(c2ccccc2)Nc2ccc3c(c21)C(=Cc1ccsc1)Oc1ccccc1-3
c1ccc(C(c2ccc3[nH]ncc3c2)c2cccc3c2cnn3-c2ccccc2)cc1
c1cc(-c2ccc(-c3ccsc3)cc2)c2[nH]ccc2c1
c1ccc(C2CCc3cc(-c4cccc5[nH]ccc45)ccc3N2)cc1
O=S(=O)(CCc1ccccc1)Nc1ccc(-c2ccc3c(cnn3-c3ccccc3)c2)cc1
c1ccc(-c2ccccc2)cc1
O=C1OCc2cc(Nc3ccccc3C=C3Oc4ccccc4-c4ccccc43)ccc21
C(=C1Oc2ccccc2C2=CCCC=C12)c1ccc(-c2ccccc2)cc1
c1ccc(CCCNc2cccc3c2cnn3-c2ccccc2)cc1
c1ccc(Cc2ccc3c(cnn3-c3ccccc3)c2)cc1
C1=CCCC(C=C2Oc3ccccc3-c3ccc4c(c32)C=CCN4)=C1
O=C(c1cc2cc(-c3ccccc3)ccc2[nH]1)N1CCCCC1
C1=C(c2ccc(-c3cccs3)cc2)c2ccccc2C1
c1ccc(CCNc2cccc3c2cnn3-c2ccccc2)cc1
c1ccc(-c2ccc3c(cnn3-c3ccccc3)c2)cc1
C1=CC(c2ccccc2)Nc2ccc3c(c21)C(=Cc1ccsc1)Oc1ccccc1-3
c1ccc(CNc2ccccc2-c2cc3ccccc3[nH]2)cc1
c1ccc(-c2cccc3c2NCCC3c2ccccc2)cc1
c1ccc(Oc2ccccc2)cc1
C1=Cc2c(ccc3c2C(=Cc2cccs2)Oc2ccccc2-3)NC1
C1=C(CNc2cccc3ncccc23)CCC=C1c1ccccc1
C1=Cc2c(ccc3c2C(=Cc2ccccc2)Oc2ccccc2-3)NC1
c1ccc(-c2ccc(-c3ccc4c(c3)CCCN4)c3[nH]ccc23)cc1
C1=Cc2c(ccc3c2C(=Cc2ccc(-c4ccccc4)cc2)OC2=C3CC=C2)NC1
C1=CC(CC(CC2=CC=C(c3ccccc3)C2)Cc2ccnc3ccccc23)c2ccccc21
C1=Cc2c(ccc3c2C(=Cc2ccccc2)Oc2ccccc2-3)NC1
C1=Cc2c(ccc3c2C(=Cc2ccccc2)OC2=C3C=NCC2)NC1
C1=Cc2c(ccc3c2C(=Cc2ccc(N4CCCC4)cc2)Oc2ccccc2-3)NC1
C1=CCCC(CN(Cc2cccs2)c2cccc(NOc3ccccc3)c2)=C1
C1=CC(c2ccccc2)Nc2ccc3c(c21)C(=Cc1ccccc1)Oc1ccccc1-3
c1ccc(COc2ccccc2)cc1
C1=Cc2c(ccc3c2C(=Cc2ccccc2CSc2ccccn2)Oc2ccccc2-3)NC1
c1ccc(Oc2ccccc2)cc1
C1=CCC(CCCC(CNc2ccccc2)c2ccccc2)=CC1
C1=Cc2c(ccc3c2C(=Cc2ccsc2)Oc2ccccc2-3)NC1
c1ccc(-c2ccccc2)cc1
c1ccc(CC(OC2CCc3ccccc3C2)c2ccccc2)cc1
C1=Cc2c(ccc3c2C(=Cc2cccs2)Oc2cccc(OCCSCc4ccccn4)c2-3)NC1
O=C(NCc1ccc(-c2conc2-c2ccccc2)cc1)c1cnc2c(c1)C=CC2
c1ccc(C2CCNc3ccc(-c4cccc5cc[nH]c45)cc32)cc1
O=C(Oc1cccc(-c2ccccc2)c1)c1cccs1
c1ccc(-n2ncc3cc(-c4c[nH]c5ccccc45)ccc32)cc1
c1ccc(CNCc2[nH]c3ccccc3c2-c2ccccc2)cc1
C(=C1Oc2ccccc2-c2ccc3ncccc3c21)c1ccccc1
C1=CC(c2cccc(C=C3Oc4ccccc4-c4ccc5c(c43)C=CCN5)c2)=CC1
C1=Cc2c(ccc3c2C(=Cc2ccccc2)Oc2ccccc2-3)NC1
c1ccc(Oc2ccccc2-c2ccnc3ccccc23)cc1
C1=Cc2c(ccc3c2C(=Cc2ccccc2)Oc2ccccc2-3)NC1
O=S(=O)(Nc1ccccc1)c1ccc(-c2ccccc2)cc1
c1ccc(-c2ccccc2)cc1
C1=Cc2cc(-c3ccccc3)ccc2NC1
C1=C(c2ccccc2)c2cc(-c3ccccc3)ccc2NC1
c1ccc(-c2cccc3c2cnn3-c2ccc3c(c2)CCCC3)cc1
c1ccc(Oc2ccccc2)cc1
C1=Nc2ccc(-c3ccc(Cc4c[nH]c5ccccc45)c4cc[nH]c34)cc2CC1
c1ccc(CCc2ccccc2)cc1
c1ccc(CCCCc2ccc(-c3cccc4cc[nH]c34)cc2)cc1
O=S(=O)(c1ccccc1)c1ccc(-c2cccc3cc[nH]c23)cc1
c1ccc(Cc2cccc(Oc3ccccc3)c2)cc1
c1cc(CCCc2cc3ccccc3[nH]2)cc(-c2ccsc2)c1
O=C1OCc2cc(NC(=O)C(CCc3ccccc3)Cc3ccc(Cc4ccccc4)cc3)ccc21
c1cc(-c2ccc3c(c2)CCCN3)c2[nH]ccc2c1
C1=CC2=C(CC1)OC(=Cc1ccccc1)c1c2ccc2c1C=CCN2
C1=Cc2c(ccc3c2C(=Cc2ccccc2)Oc2ccccc2-3)NC1
C1=Cc2c(ccc3c2C(=Cc2ccccc2)Oc2ccccc2-3)NC1
c1ccc(-c2ccc3[nH]ccc3c2)cc1
c1ccc(CCc2ccc(NCc3ccccc3)cc2)cc1
c1ccc(-c2ccccc2)cc1
C1=Cc2c(ccc3c2C(=Cc2ccccc2)OC2=CCC=C23)NC1
C1=CC2=C(C1)OC(=Cc1ccc(-c3ccccc3)cc1)c1c2ccc2c1CCCN2
c1ccc(-c2ccccc2)cc1
C1=CC(Cc2ccccc2)=CC(c2ccc3ccccc3n2)C1
c1ccc2sc(-c3ccnc4ccccc34)cc2c1
c1ccc(-c2ccccc2)cc1
C=C1Oc2ccccc2-c2ccc3c(c21)C=CCN3
c1ccc(ON=C2CCNc3ccc(-c4cccc5cc[nH]c45)cc32)cc1
C1=CCC(n2ncc3cc(-c4ccc(-c5cccc6cc[nH]c56)cc4)ccc32)=C1
c1ccc(CCCc2ccccc2)cc1
c1cncc(-c2nc3ccccc3cc2-c2cccc3cc[nH]c23)c1
N=C1CCNc2ccc(-c3ccccc3Nc3ccccc3)cc21
C1=C(Cc2cc3ccncc3[nH]2)c2cc(-c3c[nH]c4ccccc34)ccc2NC1
C(=C1Oc2ccccc2-c2ccc3nc4c(cc3c21)CCCC4)c1ccccc1
c1ccc(CN(Cc2cccc3cnccc23)c2ccccc2)cc1
O=S(=O)(Cc1ccccc1)NC1=CC(c2ccccc2)Nc2ccc(-c3cccc4cc[nH]c34)cc21
C1=Cc2c(ccc3c2C(=Cc2ccccc2)Oc2ccccc2-3)NC1
C1=CC(c2ccsc2)C(c2cc(-c3cccc4cc[nH]c34)cc3c2NCCC3)=C1
c1ccc(ON=C2CCNc3ccc(-c4cccc5cc[nH]c45)cc32)cc1
C1=C(c2ccc(-c3ccccc3)cc2)C(c2cccc3cc[nH]c23)=CC1
C1=Cc2c(ccc3c2C(=Cc2ccccc2)Oc2ccccc2-3)NC1
C1=Cc2c(ccc3c2C(=Cc2cccs2)Oc2ccccc2-3)NC1
C1=Cc2c(ccc3c2COc2ccccc2-3)NC1
c1cnc2ccc(-c3cccc4cc[nH]c34)cc2c1
C(=C1Oc2ccccc2-c2ccccc21)c1cccs1
c1ccc(-c2ccc3c(cnn3-c3ccccc3)c2)cc1
O=S(=O)(Cc1ccccc1)Nc1ccc(-c2ccc3[nH]ncc3c2)cc1
c1ccc(-c2ccccc2)cc1
c1ccc(-n2ncc3cc(-c4cccc5cc[nH]c45)ccc32)cc1
c1ccc(CNCc2c[nH]c3c(-c4cccc5cc[nH]c45)cccc23)cc1
c1ccc(C2CCc3cc(-c4cccc5[nH]ccc45)ccc3N2)cc1
O=S(=O)(Nc1ccccc1)c1c[nH]c2ccc3c(c12)COc1ccccc1-3
c1ccc(-c2ccccc2)cc1
C1=Cc2c(ccc3c2C(=Cc2ccccc2)Oc2ccccc2-3)NC1
c1ccc(-c2cccc(NCC3CCCC3)c2)cc1
C1=C(c2ccc(-c3ccccc3)cc2)C(c2cccc3cc[nH]c23)=CC1
C1=Cc2c(ccc3c2C(=CCCCc2csc4ccccc24)Oc2ccccc2-3)NC1
c1ccc(CC(Cc2cc3ccccc3[nH]2)c2ccccc2)cc1
O=S(=O)(Nc1ccc(-c2ccc3c(cnn3C3=CCC=C3)c2)cc1)c1ccccc1
C1=Cc2c(ccc3c2C(=Cc2ccccc2)Oc2ccccc2-3)NC1
C(c1cccc(-c2ccsc2)c1)=c1oc2ccccc2c2cc3cc4cnccc4[nH]c3c12
C1=Cc2c(ccc3c2C(=Cc2ccccc2)Oc2ccccc2-3)NC1
C1=C(CSCCC2CCC3CCCC=C3C2)c2cc(-c3ccccc3)ccc2NC1
c1ccc(-c2cccc(COc3cc4ccccc4s3)c2)cc1
c1ccc(CCCCc2cc3ccccc3[nH]2)cc1
c1ccc(-c2sccc2-c2cccc3cc[nH]c23)cc1
c1ccc2c(-c3ccc4c(c3)CCCN4)c[nH]c2c1
O=C(Nc1ccccc1)Oc1ccc(-c2ccccc2)cc1
C=C1Oc2cccc(CSc3ccccc3)c2-c2ccccc21
c1ccc(Cc2cccc3c2cnn3-c2ccccc2)cc1
c1ccc(-c2ccc3ccccc3c2)cc1
C1=CCC(CNc2cccc3c(-c4ccccc4)ccnc23)=C1
C1=Cc2c(ccc3c2C(=Cc2ccccc2)Oc2ccccc2-3)NC1
c1ccc(-n2ncc3cc(ONc4ccc5c(c4)C(c4ccsc4)Oc4ccccc4-5)ccc32)cc1
c1ccccc1
C1=Cc2c(ccc3c2C(=Cc2cccc4cc[nH]c24)Oc2ccccc2-3)NC1
c1ccc(Cc2ccccc2-c2ccccc2)cc1
C1=Cc2c(ccc3c2C(=Cc2ccccc2)OC2=CCC=C23)NC1
C1=Cc2c(ccc3c2C(=Cc2ccccc2)Oc2ccccc2-3)NC1
C1=Cc2c(ccc3c2C(=Cc2ccccc2)Oc2ccccc2-3)NC1
C1=CC2=C(C1)c1ccc3[nH]ccc3c1C(=Cc1ccccc1-c1ccccc1)O2
O=S(=O)(Cc1ccccc1)Nc1ccc(S(=O)(=O)c2ccccc2CNc2ccccc2)cc1
c1ccc(Oc2cccc3c2-c2ccccc2C(c2ccccc2)O3)cc1
C(=C1Oc2ccccc2-c2ccc3[nH]ccc3c21)c1ccccc1
C1=CCC(CN(Cc2cccc3ncccc23)c2ccccc2)=C1
c1ccc(Nc2cccc3c2cnn3-c2ccccc2)cc1
C1=C(c2ccccc2)c2ccccc2CC1
C1=Cc2c(ccc3c2C(=Cc2ccccc2)Oc2ccccc2-3)NC1
C1=CC(C=C2Oc3ccccc3-c3ccc4c(c32)C=CCN4)=CCC1
c1cnc2ccc(-c3cccc4cc[nH]c34)cc2c1
C1=Cc2c(ccc3c2C(=CCc2ccccc2)Oc2ccccc2-3)NC1
c1ccc(CNCc2coc3ccccc23)cc1
C1=Cc2c(ccc3c2C(=Cc2ccccc2)Oc2ccccc2-3)NC1
c1ccc(-c2ccc3c(cnn3-c3ccccc3)c2)cc1
O=S(=O)(NC(CCC1=CCC=C1)c1ccc(-c2cc3ccccc3[nH]2)cc1)c1ccccc1
c1ccc(-c2cccc3c2cnn3-c2ccccc2)cc1
c1ccc(CN(Cc2ccc(Oc3ccccc3)cc2)c2ccccc2)cc1
c1ccc(CN(Cc2cccc3cc[nH]c23)c2ccccc2)cc1
C1=CC(c2ccccc2)Nc2ccc3c(c21)C(=Cc1ccsc1)Oc1ccccc1-3
c1ccc(-c2ccc(-n3ncc4ccccc43)cc2)cc1
c1ccc(-c2ccccc2)cc1
O=C(Nc1ccccc1)OC1Cc2cc(-c3cccc4cc[nH]c34)ccc2NC1c1ccsc1
c1ccc(-c2ccc3c(cnn3-c3ccccc3)c2)cc1
c1ccc(C(c2cnc3[nH]ncc3c2)c2ccc3c(cnn3-c3ccccc3)c2)cc1
C1=Cc2c(ccc3c2C(=Cc2ccccc2)Oc2ccccc2-3)NC1
c1ccc(-c2cccc(C3Oc4ccccc4-c4ccccc43)c2)cc1
c1cnc2ccc(-c3cccc4cc[nH]c34)cc2c1
C1=Cc2c(ccc3c2C(=Cc2ccccc2)Oc2ccccc2-3)NC1
C(=C1Oc2ccccc2-c2ccc3c(c21)C(C1CC1)=CCN3)c1ccccc1
c1ccc(-c2cccc3c2cnn3-c2ccccc2)cc1
O=S(=O)(Nc1ccccc1)c1ccc(-c2ccccc2)cc1
C1=Cc2c(ccc3c2C(=Cc2ccccc2)OC2=C3SC=CC2)NC1
c1ccc(Nc2ccc(-c3cccnc3)cc2)cc1
O=S(=O)(Oc1ccc(Nc2ccccc2)cc1)C1=CC=CCC1c1ccc2c(cnn2-c2ccccc2)c1
C(=C1Oc2ccccc2-c2ccccc21)c1ccccc1
O=S(=O)(c1ccccc1)c1ccccc1CCc1ccccc1
c1ccc(-c2ccccc2)cc1
c1ccc(CCCNc2ccc3c(c2)C(c2ccccc2)Oc2ccccc2-3)cc1
C1=Cc2c(ccc3c2C(=Cc2ccccc2)Oc2ccccc2-3)NC1
O=S(=O)(Nc1ccc(-c2ccc3c(cnn3-c3ccccc3)c2)cc1)c1ccccc1
c1ccc(Cc2ccnc3ccccc23)cc1
O=C(Nc1ccccc1)C(CCc1ccccc1)Cc1ccccc1
O=C(c1ccccc1)C1C=Cc2c(ccc3c2C(=Cc2ccccc2)Oc2ccccc2-3)N1
C1=Cc2c(ccc3c2C(=Cc2ccccc2)Oc2ccccc2-3)NC1
c1ccc2c(c1)OCc1c-2ccc2[nH]cc(-c3ccsc3)c12
C(=C1Oc2ccccc2-c2ccccc21)c1ccccc1
c1cnc2ccc(-c3cc4ccccc4[nH]3)cc2c1
C1=CC(C2=CC(C(Cc3ccccc3)c3ccccc3)=CC2)=CC1
C(=C1Oc2ccccc2-c2ccc3ncccc3c21)c1cccs1
c1ccc(NCc2[nH]c3ccccc3c2-c2ccccc2)cc1
c1ccc(-c2ccccc2)cc1
c1ccc(NCCNc2cccc3c2cnn3-c2cccc(-c3cccc4cc[nH]c34)c2)cc1
O=S(=O)(NCCCc1cccc2c1cnn2-c1ccccc1)c1ccc(-c2ccccc2)cc1
C1=Cc2c(ccc3c2C(=CCC2CCCCC2)Oc2ccccc2-3)NC1
C=C1Oc2ccccc2-c2ccc3c(c21)C(Cc1cc2ccccc2[nH]1)=CCN3
C(=C1Oc2ccccc2-c2ccc3ncccc3c21)c1ccccc1
O=S(=O)(Nc1ccc(-c2ccc3c(cnn3-c3ccccc3)c2)cc1)c1ccccc1
C1=CC(Cc2cc3cc(C4=CCCCC4)ccc3[nH]2)=CC1
C1=CCC(N(C=CNc2ccccc2)Cc2ccccc2)=C1
c1ccc(CCC(Cc2ccccc2)Cc2cc3ccccc3[nH]2)cc1
c1ccc(-c2c(-c3cccc4cc[nH]c34)ccc3c2CCCN3)cc1
C1=CC(C=C2Oc3ccccc3-c3ccc4c(c32)C=CCN4)=CCC1
C1=Nc2ccc(-c3cccc4cc[nH]c34)c(Cc3csc4ccccc34)c2CC1
C1=CC(c2ccc(-c3ccccc3)cc2Cc2ccccc2)=CC1
O=S(=O)(Nc1ccc(-c2cc3ccncc3s2)cc1)c1ccccc1
C=C1Oc2cccc(OC=Cc3ccsc3)c2-c2ccc3c(c21)C=CCN3
c1ccc(-c2ccccc2)cc1
C1=C2OC(=Cc3ccccc3)c3c(ccc4[nH]ccc34)C2=CC1
c1ccc(-c2ccc3c(cnn3-c3ccccc3)c2)cc1
C1=Cc2c(ccc3c2C(=CCCc2ccccc2)Oc2ccccc2-3)NC1
C(=Cc1ccccc1)CN(Cc1ccccc1)c1ccccc1
C(=C1Oc2ccccc2-c2ccc3ncccc3c21)c1cccs1
C=C1Oc2ccccc2-c2ccc3[nH]c(ONCc4ccccc4)cc3c21
c1ccc(C(c2cc3ccccc3s2)c2cccc3cc[nH]c23)cc1
c1ccc(-c2cccc(-n3ncc4cc5c(cc43)CCCC5)c2)cc1
C1=CC2C(=C1)OC(=Cc1cccs1)c1c2ccc2c1C=CC(c1ccccc1)N2
c1ccc(-c2ccc3c(cnn3-c3ccccc3)c2)cc1
c1ccc(C(Oc2ccc3c(cnn3-c3ccccc3)c2)c2cccc3cc[nH]c23)cc1
c1ccc(Cc2ccc3c(cnn3-c3ccccc3)c2)cc1
c1ccc(-c2ccc3c(cnn3-c3ccccc3)c2)cc1
C1=Cc2c(ccc3c2C(=Cc2ccccc2)Oc2ccccc2-3)NC1
c1ccc(NC2=Nc3ccc(-c4cccc5[nH]ccc45)cc3C2)cc1
C1=Cc2c(ccc3c2C(=Cc2ccccc2)Oc2ccccc2-3)NC1
O=C(Nc1ccccc1)c1ccc(OC2=CCNc3ccc4c(c32)COc2ccccc2-4)cn1
C1=CC(c2c(Cc3ccccc3)[nH]c3ccccc23)=CC1
c1ccc2nc(-c3ccc4ccccc4n3)ccc2c1
O=C(CSc1ccccc1)NCC(Oc1ccc2c(cnn2-c2ccccc2)c1)c1ccccc1
C=C(Nc1cccc2c1cnn2-c1ccccc1)c1cccc2cc[nH]c12
c1ccc(Cc2ccccc2)cc1
c1ccc(Nc2ccc3c(c2)CC(c2ccccc2)CN3)cc1
C1=Cc2c(ccc3c2C(CC=CNc2ccccc2)Oc2ccccc2-3)NC1
O=S(=O)(c1ccccc1C=C1Oc2ccccc2-c2ccc3c(c21)C=CCN3)N1CCCCC1
C1=Cc2c(ccc3c2C(=Cc2ccccc2)Oc2ccccc2-3)NC1
C1=Cc2c(ccc3c2C(=Cc2ccccc2)Oc2ccccc2-3)NC1
c1ccc(-c2ccc3ccccc3n2)cc1
c1ccc(Cc2ccc3c(cnn3-c3ccccc3)c2)cc1
c1ccc(COc2ccccc2CCCCc2cc3ccncc3[nH]2)cc1
O=C(Nc1ccccc1)OC1CNc2ccc(-c3cc4ccccc4[nH]3)cc2C1Cc1ccccc1
C1=Cc2c(ccc3c2C(=Cc2ccccc2)Oc2ccccc2-3)NC1
O=S(=O)(c1ccccc1)c1ccc(-c2ccc3[nH]ncc3c2)cc1
c1ccc(-n2ncc3cc(-c4nc5ccccc5s4)ccc32)cc1
c1ccc(CC2CCNc3ccc(-c4cccc5cc[nH]c45)cc32)cc1
O=S(=O)(C=C1Oc2ccccc2C2C1=CC=C1CCCCC12)c1ccc(-c2ccccc2)cc1
O=C(Nc1ccccc1)OC1CNc2ccc(-c3cccc4cc[nH]c34)cc2C1
C1=CC2=C(CC1)c1ccc3c(c1C(=Cc1ccc(-c4ccccc4)cc1)O2)C=CCN3
c1ccc(ONCc2cccc(-c3cccc4cc[nH]c34)c2)cc1
c1ccc(-n2ncc3cc(CCCc4cc5ccccc5[nH]4)ccc32)cc1
c1ccc(-c2ccccc2COc2cccc3c2OCC3)cc1
c1ccc(Oc2ccccc2)cc1
c1ccc(Cc2ccc(-c3cnoc3Cc3ccccc3)cc2)cc1
C1=Cc2c(ccc3c2C(=Cc2ccccc2)OC2=C3CC=CC2)NC1
c1ccc(CCc2ccc(-c3ccccc3)cc2)cc1
c1ccc(-c2cccc3cc[nH]c23)cc1
C1=Cc2c(ccc3c2C(=CC2=Cc4ccccc4C2)Oc2ccccc2-3)NC1
c1ccc(CCc2ccccc2)cc1
c1ccc(-n2ncc3c(Nc4nc5ccccc5o4)cccc32)cc1
O=C(c1ccccc1)c1cc(-c2c[nH]c3ccccc23)cc2c1NCCC2
c1ccc2[nH]c(-c3ccc4c(c3)CCC(c3cccc5cc[nH]c35)C4)cc2c1
C(=C1Oc2ccccc2-c2ccc3[nH]ccc3c21)c1cccs1
c1ccc(-c2cccc(CCCCc3cc4ccccc4[nH]3)c2)cc1
c1ccc(NCc2ccc(Oc3ccccc3)cc2)cc1
c1ccc(Cc2cccc(CCC(Cc3cc4cnccc4[nH]3)C3CC3)c2)cc1
c1ccc(-c2ccccc2)cc1
C1=C2CCCC(Cc3ccccc3)C2(Sc2ccccc2)Cc2cnn(-c3ccccc3)c21
c1ccc(NCC(Oc2ccc3c(cnn3-c3ccccc3)c2)c2ccccc2)cc1
C1=C2CCCCC2Cc2cnn(-c3ccc(-c4ccccc4)cc3)c21
C(=C1Oc2ccccc2-c2ccc3[nH]ccc3c21)c1ccccc1
C1=C(NCCCc2ccccc2)Cc2cccnc21
c1ccc2c(c1)CCCC2c1ccc2c(c1)CCCN2
C1=Cc2c(ccc3c2C(=Cc2cccs2)Oc2ccccc2-3)NC1
C1=Cc2c(ccc3c2C(=Cc2ccccc2)Oc2ccccc2-3)NC1
c1ccc(Cc2ccccc2-c2ccccc2)cc1
C1=Cc2c(ccc3c2C(=Cc2cccc4c2N=CC4)Oc2ccccc2-3)NC1
c1ccc(-c2ccccc2)cc1
C1=CC(c2ccc(-c3ccccc3)cc2)=CC1
C1=CCC(CCCCc2ccccc2)=C1
c1ccc(CCCCc2cc3ccccc3s2)cc1
C1=CC(c2ccc3c(c2)-c2ccc4c(c2C(=CSc2nccs2)O3)C=CCN4)CC1
C(=Cc1sccc1Cc1ccccc1)c1ccccc1
c1ccc(-c2csc3ccccc23)cc1
C1=C(CSCCc2ccccc2)c2cc(-c3ccccc3)ccc2NC1
c1ccc(Oc2cccc3c2COc2ccccc2-3)cc1
C1=CC(c2ccccc2)c2cc(-c3cccc4cc[nH]c34)ccc21
N=C1CCNc2ccc(-c3cccc4c3N=CC4)c(-c3ccc4ccccc4c3)c21
c1ccc(CCCc2ccccc2)cc1
C1=Cc2c(ccc3c2C(=Cc2ccccc2)OC2=C3C=CC2)NC1
c1ccc(ON=C2CCNc3ccc(-c4cccc5cc[nH]c45)cc32)cc1
c1ccc(-n2ncc3cc(Nc4cccc5ncccc45)ccc32)cc1
O=C1C=C2CCC3C(=C2CC1)C(c1ccccc1)CC1C(c2ccccc2)CCC31
c1ccc(-c2cc(-c3ccccc3)c3[nH]ccc3c2)cc1
c1ccc(CCCSc2ccc3ccccc3n2)cc1
c1ccc(-c2ccnc3ccccc23)cc1
c1ccc(CCCCc2cc3ccccc3[nH]2)cc1
c1ccc(-c2ccc3c(cnn3-c3ccccc3)c2)cc1
O=C(Nc1ccccc1)c1cccc(-c2ccsc2)c1
c1cc(-c2ccsc2)cc(C2CCc3cc(-c4cccc5cc[nH]c45)ccc3N2)c1
C1=C2CCCC(CCc3ccccc3)C2Cc2cnn(-c3ccccc3)c21
c1ccc(-c2ccccc2)cc1
C1=Cc2c(ccc3c2C(=Cc2ccccc2)Oc2cccc(COc4ccccc4)c2-3)SC1
O=S(=O)(Nc1cccc(N(Cc2ccccc2)Cc2ccccc2)c1Cc1ccncc1)c1ccsc1
C1=Cc2c(ccc3c2C(=Cc2cccc(-c4ccsc4)c2)Oc2ccccc2-3)NC1
C1=Cc2c(ccc3c2C(=Cc2ccccc2)Oc2ccccc2-3)NC1
O=S(=O)(Nc1ccccc1)c1ccc(-c2ccccc2)cc1
O=S(=O)(Nc1ccccc1)c1ccc(-c2cc3cccnc3[nH]2)cc1
C1=CC(c2cccc3c2cnn3-c2ccccc2)=C(c2cc3ccncc3s2)C1
c1ccc(CCc2ccccc2)cc1
c1ccc(-n2ncc3cc(-c4cccc5cc[nH]c45)ccc32)cc1
C1=CC(Oc2ccccc2-c2c[nH]c3ccccc23)Nc2ccccc21
C1=CC(CNCOc2cccc(-c3ccccc3)c2)=C(c2ccccc2)C1
c1ccc2oc(CNC3CCNc4ccc(-c5cccc6ncccc56)cc43)nc2c1
C(Cc1ccccc1)=C1Oc2ccccc2-c2ccc3[nH]ccc3c21
O=S(=O)(NC1=CCC=C1)c1ccc(-c2ccccc2)cc1
c1ccc(-c2ccccc2)cc1
O=S(=O)(Nc1ccccc1)c1ccc(-c2ccccc2)cc1
O=S(=O)(Nc1ccccc1)c1ccc(C2=CC=CC2)cc1
c1ccc(CNc2ccccc2)cc1
c1ccc(Cc2ccc(-n3ncc4cc(Cc5ccccc5)ccc43)cc2)cc1
C1=Cc2c(ccc3c2C(=Cc2ccc(-c4ccccc4)cc2)OC2=C3CC=C2)NC1
c1ccc(-c2ccc(Cc3ccsc3)cc2)cc1
C1=Cc2c(ccc3c2C(=Cc2ccccc2)Oc2cccc(-n4cccc4)c2-3)NC1
C=C1Oc2ccccc2-c2ccc3c(c21)C=CCN3
c1ccc(-c2ccc(-n3ncc4ccccc43)cc2)cc1
c1cc(-c2ccc3ncc(-c4cccc5cc[nH]c45)cc3c2)c2[nH]ccc2c1
C1=Cc2c(ccc3c2C(=Cc2cccs2)Oc2ccccc2-3)NC1
c1ccc2[nH]c(-c3cccc4ncccc34)cc2c1
c1ccc(-c2c[nH]c3c(-c4ccccc4)cccc23)cc1
c1ccc(CCCNc2cccc3c2cnn3-c2ccccc2)cc1
C1=CC2=C(C1)OC(=Cc1ccc(-c3ccccc3)cc1)c1c2ccc2c1CCCN2
O=C(c1cccc(Cc2ccccc2)c1)N1CCCCC1
O=S(=O)(c1ccccc1)c1ccc(-c2ccc3[nH]ncc3c2)cc1
c1ccc(Oc2ccccc2)cc1
C1=CCC(c2ccc3c(cnn3-c3ccc(-c4ccccc4)cc3)c2)=C1
C=C1Oc2ccccc2-c2ccc3[nH]ccc3c21
C(=C1Oc2ccccc2-c2ccccc21)c1ccccc1
C1=Cc2c(ccc3c2C(=Cc2ccccc2)Oc2ccccc2-3)NC1
c1ccc(Cc2[nH]c3ccccc3c2-c2ccccc2)cc1
C1=CC(c2ccc(-c3ccc4c(c3)CCCN4)c3[nH]ccc23)=CCC1
c1ccc(CN(c2ccccc2)c2ccccc2)cc1
c1ccc(CNCc2[nH]c3ccccc3c2-c2ccccc2)cc1
c1ccc(-c2cc(-c3cccc4cc[nH]c34)cc3c2NCCC3)cc1
C1=CCC(CNCc2ccc(Oc3ccccc3)cc2)=C1
c1ccc(NC2=C(c3cccc4cc[nH]c34)c3ccccc3C2)cc1
c1ccc(-c2ccccc2)cc1
c1cc(COc2ccncc2)cc(-c2cccc3cc[nH]c23)c1
O=S(=O)(Nc1ccccc1-c1ccccc1)c1ccccc1
c1ccc(CCCCc2ccc3c(c2)CCCC3)cc1
c1ccc(-c2ccc3c(cnn3-c3ccccc3)c2)cc1
c1cc2c(c(-c3ccc(-c4c[nH]c5ccccc45)cc3)c1)OCC2
C1=Nc2ccccc2C1c1ccccc1Oc1cccs1
c1ccc(-c2ccccc2)cc1
c1ccc(-c2cccc3cc[nH]c23)c(-c2cccc3cc[nH]c23)c1
c1ccc(-c2ccccc2)cc1
O=S(=O)(Nc1ccc(-n2ncc3ccccc32)cc1)c1ccccc1
c1cc(NCC2CCCCC2)c2cnn(-c3ccc(NC4CC4)cc3)c2c1
C1=CC(OC(Cc2ccc3c(cnn3-c3ccccc3)c2)c2ccccc2)=CC1
C1=C2OC(=Cc3ccccc3)c3c(ccc4ncccc34)C2=CC1
C1=Cc2cc(-c3ccccc3-c3ccccc3)ccc2NC1
C1=C(CCNc2ccccc2)C(Nc2ccccc2)=CC1
c1ccc(C(c2cccc3cc[nH]c23)C2CCc3ccccc3C2)cc1
C1=C(CSCc2cccnc2)c2cc(-c3ccccc3)ccc2NC1
c1ccc(Cc2ccc3c(c2)C(c2cccs2)Oc2ccccc2-3)cc1
C1=Cc2c(ccc3c2C(=Cc2ccccc2)Oc2ccccc2-3)NC1
O=S(=O)(Nc1ccc(NC2CC2)c(CCCc2ccccc2)c1)c1ccccc1
c1ccc(Oc2ccccc2)cc1
C1=Cc2c(ccc3c2C(=Cc2cccc4ncccc24)Oc2ccccc2-3)NC1
c1ccc(C(CCc2c[nH]c3ccccc23)c2ccccc2)cc1
c1ccc(Oc2cccc3c2-c2ccccc2C(c2ccccc2)O3)cc1
O=S(=O)(Nc1ccc(C2CCc3ccccc3C2)cc1)c1ccccc1
c1ccc(CNCc2[nH]c3ccccc3c2-c2ccccc2)cc1
O=S(=O)(Nc1ccc(-c2ccc3[nH]ncc3c2)cc1)c1ccccc1
c1ccc(NCCCCc2ccccc2Oc2ccccc2)cc1
C1=Cc2c(ccc3c2C(=Cc2cccs2)Oc2ccccc2-3)NC1
c1ccc(Nc2cccc3c2cnn3-c2ccccc2)cc1
c1ccc(CN(Cc2ccccc2)c2ccccc2)cc1
C1=Cc2c(ccc3c2C(=Cc2ccccc2)Oc2ccccc2-3)NC1
C1=CC(c2ccccc2)CC(C=C2Oc3ccccc3-c3ccc4c(c32)C=CCN4)=C1
C1=CC(C=C2Oc3cccc(-c4cccs4)c3-c3ccc4c(c32)C=CCN4)=CC1
O=C(c1ccsc1C=C1OC2=C(CC=CC2)c2ccc3c(c21)C=CCN3)N1CCCCC1
c1ccc(-c2ccccc2-c2cccc3cc[nH]c23)cc1
C1=CCC(c2ccccc2CN(Cc2ccccc2)C2=CCCC=C2)=C1
O=S(=O)(Nc1ccccc1)c1ccc(-c2ccc3c(cnn3-c3ccccc3)c2)cc1
C1=Cc2c(ccc3c2C(=Cc2ccccc2)Oc2ccccc2-3)NC1
c1ccc(CN(c2ccccc2)c2cccc3cc[nH]c23)cc1
C1=CCC(CN(Cc2ccccc2)c2cccc(Nc3ccccc3)c2)=C1
c1ccc(CC2=Nc3ccc(-c4ccccc4)cc3CC2)cc1
C1=C(c2cccc(-c3ccccc3)c2)CCC1
C1=C(CC(CCc2ccccc2)Cc2ccccc2)c2ccccc2C1
c1ccc(CON=c2cc[nH]c3ccc(-c4cccc5cc[nH]c45)cc23)cc1
C1=C2CCCC(CCCCc3ccccc3)C2Cc2cnn(-c3ccccc3)c21
O=S(=O)(c1ccccc1)C(CCc1ccccc1)(Cc1cc2cnccc2[nH]1)C1CC1
c1ccc(-n2ncc3c(-c4ccc5c(c4)CCCN5)cccc32)cc1
C1=Cc2c(ccc3c2C(=Cc2ccccc2)Oc2cc4c(cc2-3)CC=N4)NC1
c1ccc(Cc2cccc(Oc3ccccc3)c2)cc1
c1ccc(-c2cc(-c3cccc4cc[nH]c34)cc3c2NCCC3)cc1
c1ccc(Oc2ccccc2)cc1
c1ccc(C2CCc3cc(-c4cccc5cc[nH]c45)ccc3N2)cc1
c1cc(C2=Nc3ccc(-c4cccc5cc[nH]c45)cc3CC2)c2[nH]ccc2c1
c1ccc(-c2ccc3c(cnn3-c3ccccc3)c2)cc1
C(=C1Oc2ccccc2-c2ccc3nc(-n4ncc5ccccc54)ncc3c21)c1ccccc1
c1ccc(-n2ncc3c(OC4CCNc5ccccc54)cccc32)cc1
c1ccc(-c2c(-c3cccc4cc[nH]c34)ccc3c2CCCN3)cc1
c1ccc(CNCc2[nH]c3ccccc3c2-c2ccccc2)cc1
c1ccc(NC2=Nc3ccc(-c4cccc5[nH]ccc45)cc3C2)cc1
N=C1CCNc2ccc(-c3cccc4cc[nH]c34)c(S(=O)(=O)c3ccccc3)c21
c1ccc(CNc2cccc(-c3ccccc3)c2)cc1
O=S(=O)(Nc1ccc(-c2ccc3c(cnn3-c3ccccc3)c2)cc1)c1ccccc1
c1ccc(CN(Cc2ccc(Oc3ccccc3)cc2)c2ccccc2)cc1
C=C(Nc1cccc2c1cnn2-c1ccccc1)c1cccc2cc[nH]c12
c1ccc(-c2cccc(CCCCc3cc4cccnc4[nH]3)c2)cc1
c1ccc(CCCCc2cc3ccc4c(c3[nH]2)CCCC4)cc1
C(=Cc1ccccc1)CN(Cc1ccccc1)c1ccccc1
C1=C(c2ccc3c(c2)CCC(CCc2ccccc2)N3)CCCC1
c1ccc(Oc2ccc3c(c2)CCCN3)cc1
C=C1Oc2ccccc2-c2ccc3c(c21)C=CCN3
C(=C1Oc2ccccc2-c2ccc3[nH]ccc3c21)c1ccccc1
c1ccc(Oc2ccc3c(cnn3-c3ccccc3)c2)cc1
O=C1Cc2cc(-c3cccc4cc[nH]c34)ccc2NC1c1ccccc1
C1=Cc2c(ccc3c2C(=Cc2ccccc2)Oc2ccccc2-3)NC1
C1=CC(CN(Cc2ccccc2)c2cccc(-c3ccsc3)c2)=CC1
c1ccc(-c2ccc(-c3ccccc3)c3c2CCCN3)cc1
c1ccc(Oc2ccccc2)cc1
C1=C(CSCc2ccccn2)c2cc(-c3ccccc3)ccc2NC1
C1=Nc2c(NCc3ccccc3)cccc2C1CCc1ccccc1
C1=Nc2ccc(-c3cccc4[nH]ccc34)cc2C(c2ccccc2)C1
C1=C(c2cccc(-c3ccccc3)c2)c2ccccc2C1
C1=C(CNc2cccc3ncccc23)CCC=C1c1ccccc1
C1=CCC(c2ccc(-n3ncc4c3C=C3CCCC(Cc5csc6ccccc56)C3C4)cc2)=C1
C1=C[SH]=C(CN(Cc2ccc(Oc3ccccc3)cc2)c2ccccc2)C=C1
O=C(NCc1ccccc1)c1ccc(Cc2ccccc2)cc1
c1ccc(-c2ccccc2)cc1
c1ccc(C(CCc2cccc3cc[nH]c23)c2cccc3cc[nH]c23)cc1
c1ccc(Cc2ccc3c(cnn3-c3ccccc3)c2)cc1
c1ccc(Nc2ccc3c(c2)C(c2ccccc2)Oc2ccccc2-3)cc1
c1ccc(NCCC(c2ccccc2)c2ccc3c(cnn3-c3ccccc3)c2)cc1
C1=Cc2c(ccc3c2C(=Cc2ccccc2)Oc2ccccc2-3)NC1
C1=Cc2c(ccc3c2C(=Cc2cccs2)Oc2ccccc2-3)NC1
c1ccc(-c2ccc3c(cnn3-c3ccccc3)c2)cc1
C1=C(c2ccccc2)CC(c2ccccc2)=C1
c1ccc(CC2CCNc3c(Sc4nc5ccccc5o4)cc(-c4cccc5cc[nH]c45)cc32)cc1
C1=C(Cc2ccccc2)CC=C1c1csc2ccccc12
C1=Cc2c(ccc3c2C(=Cc2ccccc2)Oc2ccccc2-3)NC1
C1=Cc2c(ccc3c2C(=Cc2ccccc2)Oc2ccccc2-3)NC1
c1ccc(CN(Cc2cccc3cc[nH]c23)c2ccccc2)cc1
c1cc(-c2ccc3c(c2)C(=NOc2ccc4c(c2)CCCN4)CCN3)c2[nH]ccc2c1
c1ccc(CC(Oc2ccc3[nH]ncc3c2)c2ccccc2)cc1
c1ccc(-n2ncc3c(CSc4nc5ccccc5o4)cccc32)cc1
c1ccc(-c2cc3ccccc3s2)cc1
O=S(=O)(Nc1ccc(-c2ccccc2)cc1)c1ccsc1
c1ccc(CCC(COc2ccccc2)Cc2cc3ccccc3[nH]2)cc1
C1=Cc2c(ccc3c2C(=Cc2c[nH]c4ccccc24)Oc2ccccc2-3)NC1
c1ccc2oc(-c3ccc(-c4ccc5c(c4)OCOC5)cc3)cc2c1
c1ccc(Nc2ccccc2)cc1
c1ccc(COc2ccc3c(cnn3-c3ccccc3)c2)cc1
C1=C(c2ccc3c(cnn3-c3ccccc3)c2)C=C(n2ncc3ccccc32)C1
C1=CC(c2c(CNCc3ccccc3)[nH]c3ccccc23)=CC1
C1=C(c2ccccc2)c2c(ccc3c2COc2ccccc2-3)NC1
C1=Cc2c(ccc3c2C(=Cc2ccccc2)Oc2ccccc2-3)NC1
C1=Cc2c(ccc3c2C(=Cc2ccccc2)Oc2ccccc2-3)NC1
C1=CC(CC2Oc3ccccc3-c3ccc4c(c32)C=CC(Cc2ccccc2)N4)=CC1
c1ccc(CCCN(c2ccccc2)c2ccc3c(c2)OCO3)cc1
C1=Cc2c(ccc3c2C(=Cc2ccccc2)Oc2ccccc2-3)NC1
C1=Cc2c(ccc3c2C(=Cc2ccccc2)Oc2ccccc2-3)NC1
c1ccc(-c2[nH]c3ccccc3c2-c2ccccc2)cc1
C(=C1Oc2ccccc2-c2ccccc21)c1ccsc1
c1ccc2c(C3CCCc4c3ccc3c4CCCC3)ccc(-c3ccsc3)c2c1
C1=Cc2c(ccc3c2C(=Cc2ccccc2)Oc2ccccc2-3)NC1
C1=Cc2c(ccc3c2C(=Cc2ccccc2)Oc2ccccc2-3)NC1
c1ccc(CCC(Cc2ccccc2)Cc2ccccc2)cc1
C(=C1Oc2ccccc2-c2ccccc21)c1sccc1-c1ccccc1
C1=Cc2c(ccc3c2C(=Cc2ccccc2)OC2=CCC=C23)NC1
O=S(=O)(Nc1ccc(-c2ccccc2)cc1)c1ccccc1
C(#CC1CCC2C3CCC4=CCC=CC4=C3C(c3ccccc3)CC12)Cc1ccccc1
C1=Cc2c(ccc3c2C(=Cc2cccs2)Oc2ccccc2-3)NC1
C1=Cc2c(ccc3c2C(=Cc2ccccc2)Oc2ccccc2-3)NC1
C1=Cc2c(ccc3c2C(=Cc2ccccc2)OC2=CCC=C23)NC1
C1=Cc2c(ccc3c2C(=Cc2ccccc2)Oc2ccccc2-3)NC1
c1ccc(CN(Cc2cccc3cnccc23)c2ccccc2)cc1
C1=Cc2c(ccc3c2C(=Cc2ccccc2)Oc2ccccc2-3)NC1
c1ccc(-n2ncc3c(-c4ccc5c(c4)CCCC5)cccc32)cc1
O=C1OCc2cc(NS(=O)(=O)c3ccc(-c4ccccc4)cc3)ccc21
C1=Cc2c(ccc3c2C(=Cc2ccc4c(c2)CCCC4)Oc2ccccc2-3)NC1
O=S(=O)(NCCc1c[nH]c2cc(Oc3ccc4c(cnn4-c4ccccc4)c3)ccc12)c1ccccc1
C1=Cc2c(ccc3c2C(=Cc2cccs2)Oc2ccccc2-3)NC1
c1ccc(-c2ccc3cnn(-c4ccccc4)c3c2)cc1
O=S(=O)(Nc1ccc(-c2ccc3c(cnn3-c3ccccc3)c2)cc1)c1ccccc1
C(Cc1ccccc1)=C1Oc2ccccc2-c2ccc3[nH]ccc3c21
C1=C(CNc2ccccc2)C(c2ccc3c(cnn3-c3ccccc3)c2)=CCC1
C1=CCC(c2cccc3c2cnn3-c2ccc(-c3ccccc3)cc2)=C1
c1ccc(C2CNc3ccc(-c4cccc5cc[nH]c45)cc3C2)cc1
C1=Cc2c(ccc3c2C(=Cc2ccccc2)Oc2ccccc2-3)NC1
C1=Cc2c(ccc3c2C(=Cc2ccccc2)Oc2ccccc2-3)NC1
c1ccc(C2CCNc3ccc(-c4cccc5cc[nH]c45)cc32)cc1
C1=C(c2ccc3c(cnn3-c3ccccc3)c2)C=C(n2ncc3ccccc32)C1
c1ccc(-n2ncc3c(-c4cccc5cnccc45)cccc32)cc1
c1ccc(CCCc2ccccc2)cc1
c1ccc(CCNCc2ccccc2)cc1
O=S(=O)(c1ccccc1)C(c1ccccc1)c1ccc2c(cnn2-c2ccccc2)c1
c1ccc(CC(c2ccccc2)c2cccc3cc[nH]c23)cc1
C(=C1Oc2ccccc2-c2cccnc21)c1cccc(-c2ccsc2)c1
C1=CC(C=C2Oc3ccccc3-c3ccc4c(c32)C=CC(c2cccs2)N4)=CCC1
C(=C1Oc2ccccc2-c2cccnc21)c1cccc(-c2ccsc2)c1
O=C(Nc1ccc2c(cnn2-c2ccccc2)c1)c1ccccc1
O=C(NCc1ccccc1)c1cnc2ccccc2c1
c1ccc(C(c2ccccc2)c2ccc3c(cnn3-c3ccccc3)c2)cc1
C1=C(c2ccccc2)c2c(ccc3c2COc2ccccc2-3)NC1
c1ccc(Nc2ccccc2)cc1
C1=Cc2c(ccc3c2C(=Cc2ccccc2)Oc2ccccc2-3)NC1
c1ccc(Nc2cccc3c2cnn3-c2ccccc2)cc1
C1=Cc2c(ccc3c2C(=Cc2cccc4cc[nH]c24)Oc2ccccc2-3)NC1
c1ccc(CCCCCCc2cccc3cc[nH]c23)cc1
C1=Cc2c(ccc3c2C(=Cc2ccccc2)Oc2ccccc2-3)NC1
C1=Cc2c(ccc3c2C(=Cc2ccncc2)Oc2ccccc2-3)NC1
C1=Cc2c(ccc3c2C(=Cc2ccccc2)Oc2ccccc2-3)NC1
C(=C1Oc2ccccc2C2=CCC=C12)c1ccc(-c2ccccc2)cc1
C1=CC(COc2ccc3c(cnn3-c3ccccc3)c2)=CCC1
c1ccc(-c2cccc(-c3ccc4[nH]ncc4c3)c2)cc1
c1ccc(NC2=Nc3ccc(-c4cccc5[nH]ccc45)cc3C2)cc1
C1=CC2C(=C1)OC(=Cc1sccc1-c1cccc3cc[nH]c13)c1c2ccc2c1C=CCN2
C1=CC(c2ccccc2)Nc2ccc3c(c21)COc1ccccc1-3
C1=Cc2c(ccc3c2C(=Cc2cccs2)Oc2ccccc2-3)NC1
C1=CC2=C(CC1)OC(=Cc1ccccc1)c1c2ccc2c1C=CCN2
c1ccc(CCc2ccc(-c3ccccc3)cc2)cc1
c1ccc(Oc2ccc3c(cnn3-c3ccccc3)c2)cc1
c1ccc(CCCc2cc3ccccc3[nH]2)cc1
c1ccc(CN(Cc2ccccc2)c2ccccc2)cc1
c1ccc(Oc2ccc3c(cnn3-c3ccccc3)c2)cc1
O=S(=O)(NC1=CCC=C1)c1ccc(-c2ccccc2)cc1
C(=C1Oc2ccccc2-c2ccccc21)c1ccccc1
c1ccc(CON=C2CCNc3ccc(-c4cccc5cc[nH]c45)cc32)cc1
O=C(NC1=CCC(c2ccccc2)=C1)c1ccccc1
c1ccc(-n2ncc3cc(CCc4ccnc5ccccc45)ccc32)cc1
C1=Cc2c(ccc3c2C(=Cc2ccccc2)Oc2ccccc2-3)CC1
O=C(CCc1cccc2c1OCC2)NCC(Oc1ccc2c(cnn2-c2ccccc2)c1)c1ccccc1
c1ccc(-c2ccc3c(c2)CCCC3)cc1
c1ccc(Nc2ccccc2)cc1
C1=C(c2ccc(Cc3ccc4[nH]ncc4c3)cc2)CC=C1c1c[nH]c2ccccc12
O=C(Nc1ccccc1)c1cccc(CC2CCNc3ccccc32)c1
C1=C(c2ccccc2)c2c(ccc3c2COc2ccccc2-3)NC1
c1ccc(-c2ccnc3ccccc23)cc1
C1=Cc2c(ccc3c2COc2cccc(Cc4ccccc4)c2-3)NC1
O=S(=O)(c1ccc(C2=CC=CC2)cc1)N(Cc1ccccc1)c1ccccc1
C1=CC2=C(C1)OC(=Cc1ccc(-c3ccccc3)cc1)c1c2ccc2[nH]ccc12
C(=C1Oc2ccccc2-c2cccnc21)c1cccc(-c2ccsc2)c1
C(=C1Oc2ccccc2-c2ccc3[nH]ccc3c21)c1cccs1
c1ccc(Nc2cccc3c2cnn3-c2ccccc2)cc1
c1ccc(CCCc2ccccc2)cc1
c1ccc(-n2ncc3cc(C4(C5CCCC5)CCCc5ccccc54)ccc32)cc1
c1ccc(-c2ccccc2)cc1
O=C(Nc1ccc2ccccc2c1)OC1CNc2ccc(-c3cccc4cc[nH]c34)cc2C1
C1=C(CSCCc2ccccc2)c2cc(-c3ccccc3)ccc2NN1
O=S(=O)(c1ccccc1-c1ccccc1)c1cccc2c1cnn2-c1ccccc1
O=S(=O)(Nc1ccccc1)c1cccc(Cc2ccccc2)c1
c1ccc(N=C2CCNc3ccc(-c4cccc5cc[nH]c45)cc32)cc1
c1ccc(CNc2cccc(-c3ccccc3)c2)cc1
O=S(=O)(Nc1ccccc1)c1ccc(C2=CC=CC2)c(C2=CCC=C2)c1
C1=CCCC(CN(c2ccccc2)c2ccccc2)=C1
c1ccc(CNCc2ccccc2)cc1
c1ccc(-n2ncc3c(NCCc4ccc5ccccc5n4)cccc32)cc1
c1ccc(CN(Cc2ccc(Oc3ccccc3)cc2)c2ccccc2)cc1
C(=C1Oc2ccccc2-c2ccc3[nH]ccc3c21)c1cccc2c1CCCC2
O=S(=O)(c1ccc(-c2cc3cccnc3[nH]2)cc1)N(c1ccccc1)c1ccccn1
O=S(=O)(Nc1ccc(-c2ccc3c(cnn3-c3ccccc3)c2)cc1)c1ccsc1
O=C1OCc2cc(CN(Cc3ccccc3)c3ccccc3)ccc21
c1ccc(-c2ccc3c(cnn3-c3ccccc3)c2)cc1
c1ccc2sc(-c3ccnc4ccccc34)cc2c1
c1ccc2c(c1)CCCC2CC(CNc1cccc2ncccc12)c1ccc(-c2ccsc2)cc1
O=S(=O)(NNCc1ccccc1)Oc1ccc(-c2ccc3c(c2)C=CCN3)c2[nH]ccc12
c1ccc(Oc2ccccc2)cc1
c1ccc(-c2ccccc2)cc1
c1ccc(-c2ccc3c(cnn3-c3ccccc3)c2)cc1
c1ccc(Oc2ccccc2)cc1
C1=CCC(C=C2Oc3ccccc3-c3ccc4c(c32)C=CCN4)=CC1
c1ccc(-c2cc(-c3ccc4c(c3)CCCN4)c3[nH]ccc3c2)cc1
c1ccc(-n2ncc3cc(Oc4cccc(-n5cccc5)c4)ccc32)cc1
C1=CC(c2ccc(CCc3ccccc3)cc2)=CC1
C1=C(c2ccc3c(c2)CCC(CCc2c[nH]c4ccccc24)N3)CCCC1
c1ccc(-c2ccccc2)cc1
O=C(Nc1ccccc1)c1ccc(OC2=CCNc3ccc4c(c32)COc2ccccc2-4)cn1
C1=CC2=C(CC1)OC(=Cc1ccccc1)c1c2ccc2c1C=CCN2
c1ccc(-c2ccc3c(cnn3-c3ccccc3)c2)cc1
C1=CCC(C2=CCC(C(c3ccccc3)c3ccc4[nH]ncc4c3)=C2)=C1
c1ccc(Nc2cccc3c2cnn3-c2ccccc2)cc1
C=C1Oc2ccccc2-c2ccc3[nH]c(C4=CCc5ccccc54)cc3c21
C(=Cc1ccc2c(c1)CCC(CC1CCCc3ccccc31)N2)Cc1ccccc1
C(=Cc1cccc2cc[nH]c12)c1ccc2c(cnn2-c2ccccc2)c1
c1ccc(-c2ccc3c(cnn3-c3ccccc3)c2)cc1
O=S(=O)(Nc1ccc(C2=CCCc3ccccc32)cc1)c1ccccc1
c1cc(-c2ccc3c(c2)CCCN3)c2[nH]ccc2c1
C1=CCC(C=C2Oc3ccccc3-c3ccc4c(c32)C=CCN4)=C1
C1=Cc2c(ccc3c2C(=Cc2ccccc2)Oc2ccccc2-3)NC1
O=C(Nc1ccccc1)OC1CNc2ccc(-c3cccc4cc[nH]c34)cc2C1
C(=C1Oc2ccccc2-c2ccccc21)c1ccccc1
c1cc(-c2ccc(-n3ncc4cc5c(cc43)CCCC5)cc2)c2[nH]ccc2c1
c1ccc(OCc2ccccc2-c2ccc3c(cnn3-c3ccccc3)c2)cc1
C(=C1Oc2ccccc2-c2ccc3ncccc3c21)c1ccccc1
C1=CC(C=C2Oc3ccccc3-c3ccc4c(c32)C=CCN4)=CCC1
O=S(=O)(Nc1ccc(-c2ccc3c(cnn3-c3ccccc3)c2)cc1)c1ccsc1
c1ccc(-c2cccc3c2cnn3-c2ccccc2)cc1
O=S(=O)(Nc1ccc(C2C=Cc3ccccc32)cc1)c1ccsc1
O=S(=O)(Cc1ccccc1)Nc1ccc(-c2ccc3c(cnn3C3=CCCC=C3)c2)cc1
O=C1CNc2ccc(-c3ccccc3)cc2C1
c1ccccc1
c1ccc2c(c1)CCCC2CCCc1ccnc2ccccc12
c1ccc(Cc2ccc3c(cnn3-c3ccccc3)c2)cc1
c1ccc(Oc2ccccc2)cc1
C1=Cc2c(ccc3c2C(=Cc2ccccc2)Oc2ccccc2-3)NC1
c1ccc(CCCCc2cc3cccc(-c4ccccc4)c3[nH]2)cc1
C(=Cc1ccccc1)C=C1Oc2ccccc2-c2ccc3c(c21)CCCN3
c1ccc(-c2cccc3c2cnn3-c2ccccc2)cc1
N=C1CCNc2ccc(C3=CC=CC3)c(Sc3ccccc3)c21
O=S(=O)(c1ccccc1)c1ccccc1-c1cccc2cc[nH]c12
C1=CCC(N(Cc2ccccc2)C2CCc3cc(-c4ccccc4)ccc3N2)=C1
C1=CC(CN(Cc2ccccc2)c2ccccc2)=CCC1
c1ccc(-c2ccc(-c3ccnc4ccc5c(c34)CCN5)cc2)cc1
c1ccc(CCCc2ccccc2)cc1
c1ccc(CC(c2ccccc2)c2csc3ccccc23)cc1
C1=CCC(C=C2Oc3ccccc3-c3ccc4c(c32)C=CCN4)=C1
O=S(=O)(Nc1ccccc1)c1cccc(Cc2ccc3ccccc3n2)c1
C1=CCCC(CN(c2ccccc2)N(Cc2ccccc2)Cc2ccccc2)=C1
C1=CCC(C=C2Oc3ccccc3-c3ccc4c(c32)C=CCN4)=C1
c1ccc(CC(CNc2cccc3ncccc23)CC2CCCc3ccccc32)cc1
O=C(Nc1ccccc1)c1ccccc1
c1ccc(-c2ccccc2)cc1
C1=Cc2c(ccc3c2C(=Cc2cccc4cc[nH]c24)Oc2ccccc2-3)NC1
C1=Cc2c(ccc3c2C(=Cc2ccccc2)Oc2ccccc2-3)NC1
C=C1Oc2ccccc2-c2ccc3c(c21)C=CCN3
C1=Cc2c(ccc3c2C(=Cc2ccccc2)Oc2ccccc2-3)NC1
C1=CC2CCCC(n3ccc4cccc(-c5ccc6[nH]ccc6c5)c43)C2=C1
c1ccc(CCc2ccccc2)cc1
c1ccc2c(c1)CCCC2C1CCc2cc(-c3cccc4cc[nH]c34)ccc2N1
C1=Nc2ccccc2C1c1ccccc1OCc1cc2ccccc2[nH]1
C1=CSC2C(=C1)OC(=Cc1cccc(-c3ccsc3)c1)c1c2ccc2c1C=CCN2
c1ccc(-n2ncc3c(-c4cc(-c5cccc6cc[nH]c56)cc5c4NCCC5)cccc32)cc1
C1=Cc2cc(C(C=Cc3ccccc3)Cc3ccccc3)ccc2NC1
C1=C2CCCC(c3ccccc3)C2Cc2cnn(-c3ccc(Cc4cc5ccncc5[nH]4)cc3)c21
O=C(NCCCCc1ccccc1)c1ccccc1
C1=Cc2c(ccc3c2C(=Cc2cccs2)Oc2ccccc2-3)NC1
c1ccc(-c2cccc3c2cnn3-c2ccccc2)cc1
C1=Cc2c(ccc3c2C(=Cc2ccccc2)Oc2ccccc2-3)NC1
C1=Cc2c(cnn2-c2ccc(-c3ccc(Oc4ccccc4)cc3)cc2)C1
c1ccc(-c2ccccc2Cc2ccc3c(cnn3-c3ccccc3)c2)cc1
c1ccc(-c2ccc3c(cnn3-c3ccccc3)c2)cc1
C1=Cc2c(ccc3c2C(=Cc2cccs2)Oc2ccccc2-3)NC1
c1ccc(-c2ccccc2)cc1
c1ccc(-c2c(CNCOc3cc4ccccc4[nH]3)[nH]c3ccccc23)cc1
C1=Cc2c(ccc3c2C(=Cc2cc4ccccc4[nH]2)Oc2ccccc2-3)NC1
C1=CCC(n2ncc3c(NCc4cccc5cc[nH]c45)cccc32)C(c2cccc3cc[nH]c23)=C1
c1ccc(CCCc2ccccc2)cc1
C1=Cc2c(ccc3c2C(=Cc2ccccc2)Oc2ccccc2-3)NC1
c1ccc(NC(Sc2nc3ccccc3o2)c2ccccc2)cc1
C1=CCC(N(Cc2ccccc2)Cc2ccccc2)=C1
C1=CCC(CN(Cc2ccc(-c3ccccc3)cc2)C2=CCC=C2)=C1
C1=Cc2c(ccc3c2C(=Cc2cccc4cc[nH]c24)Oc2ccccc2-3)NC1
C1=CC(CNCc2[nH]c3ccccc3c2-c2ccccc2)=CC1
O=C(Nc1ccccc1)c1ccccc1
c1cc(-c2ccc(CCCn3cnc4ccccc43)cc2)c2[nH]ccc2c1
c1ccc(COc2ccc3c(cnn3-c3ccccc3Oc3ccccc3)c2)cc1
C1=Cc2c(ccc3c2C(=Cc2ccccc2)Oc2ccccc2-3)NC1
c1ccc(-c2ccc(-c3ccc4c(c3)CCCN4)c3[nH]ccc23)cc1
O=C(Nc1cc(-c2ccccc2)c2[nH]ccc2c1)c1cccc2cc[nH]c12
c1ccc(Oc2ccc3c(cnn3-c3ccccc3)c2)cc1
O=S(=O)(c1ccccc1)c1ccc(-c2ccccc2)cc1
C1=CC(c2ccc(OCc3ccccc3)cc2)=CC1
C1=Cc2c(ccc3c2C(=Cc2cccs2)Oc2ccccc2-3)NC1
c1ccc(-c2ccccc2)cc1
c1ccc(-c2cccc3cc[nH]c23)c(-c2ccsc2)c1
c1ccc(CCc2cccc(-c3ccsc3)c2)cc1
c1ccc(NCCC(c2ccccc2)c2ccc3c(cnn3-c3ccccc3)c2)cc1
C1=Cc2c(ccc3c2C(=CC2=CCCc4ccccc42)Oc2ccccc2-3)NC1
c1ccc(CN(Cc2ccccc2)c2ccccc2)cc1
O=S(=O)(Nc1ccccc1)c1ccc(-c2cccnc2)cc1
C1=Cc2c(ccc3c2C(=Cc2ccccc2)Oc2ccccc2-3)NC1
C=C1Oc2ccccc2-c2ccc3[nH]c(C4=CCc5ccccc54)cc3c21
C(=C1Oc2ccccc2-c2ccc3ncccc3c21)c1ccccc1
O=S(=O)(Nc1ccc(C2=CC=CCC2)cc1)c1ccccc1
C=C1Oc2ccccc2-c2ccc3c(c21)C=CCN3
c1ccc(N=C2CCNc3ccc(-c4cccc5cc[nH]c45)cc32)cc1
O=S(=O)(CC(c1ccccc1)c1ccc2c(cnn2-c2ccccc2)c1)c1ccccc1
c1ccc(Cc2ccccc2)cc1
C1=Cc2c(ccc3c2C(=Cc2cccs2)Oc2ccccc2-3)NC1
c1ccc(-c2ccccc2)cc1
c1ccc2oc(-c3ccc(-c4ccc5c(c4)OCOC5)cc3)cc2c1
c1ccc(-c2c[nH]c3ccccc23)cc1
c1ccccc1
O=C(Nc1ccccc1)OCc1ccccc1-c1ccc2[nH]ncc2c1
c1ccc(CCCc2c[nH]c3ccccc23)cc1
C1=Cc2c(ccc3c2COc2cccc(Oc4cccc5cc[nH]c45)c2-3)NC1
c1ccc(CCc2ccccc2)cc1
O=S(=O)(Nc1ccc(N2CCCC2)cc1)c1ccccc1
C1=Cc2c(ccc3c2C(=Cc2ccccc2)Oc2cnccc2-3)NC1
O=S(=O)(Nc1ccc(-c2cccc3c2cnn3-c2ccccc2)cc1)c1ccsc1
C(=C1Oc2ccccc2-c2ccc3[nH]ccc3c21)c1ccccc1
c1ccc(CCC2CNc3ccc(-c4cccc5cc[nH]c45)cc3C2)cc1
C1=Cc2c(ccc3c2C(=Cc2ccccc2)Oc2ccccc2-3)NC1
C1=CC(n2ncc3c(-c4ccccc4)cccc32)=C(c2ccsc2)C1
C1=Cc2c(ccc3c2C(=CC2=Cc4ccccc4NS2)Oc2ccccc2-3)NC1
c1ccc(CN(Nc2ccccc2)c2ccccc2)cc1
C1=C(Oc2ccc3ccccc3c2)C=C(c2cccc3cc[nH]c23)C1
O=S(=O)(Nc1ccccc1)c1ccc(C2=CCC=C2)cc1
C1=CC(N(Cc2ccccc2)Cc2ccccc2)=C(OCc2ccccc2)C1
O=S(=O)(Nc1ccc(-c2ccc3c(cnn3-c3ccccc3)c2)cc1)c1ccccc1
O=C(c1ccc(-c2ccc(C3=C(CCCNc4ccsc4)CN=C3)cc2)nc1)c1ccco1
c1ccc(CCc2ccccc2)cc1
c1ccc(-c2ccc3c(cnn3-c3ccccc3)c2)cc1
c1ccc(CC2=C(c3ccc4c(c3)CC(Nc3ccccc3)=N4)c3cc[nH]c3CN2)cc1
C1=CC(c2cccc3c2cnn3-c2ccccc2)Nc2ccc3c(c21)COc1ccccc1-3
C1=Cc2c(ccc3c2COc2cccc(-c4cccc5c4CC=CC5)c2-3)NC1
C1=Cc2c(ccc3c2C(=Cc2ccccc2)OC2=CCC=C23)NC1
c1ccc(Cc2ccc(-c3ccc4ccccc4n3)cc2)cc1
C(=C1Oc2ccccc2-c2cccnc21)c1cccc(-c2ccccc2)c1
C1=Nc2ccc(-c3cccc4cc[nH]c34)cc2CC1
c1ccc(-c2cccc3c2cnn3-c2ccccc2)cc1
C(=C1Oc2ccccc2-c2ccccc21)c1ccccc1
O=S(=O)(Nc1ccc(C2CCC3=CCCC=C3C2)cc1)c1ccccc1
C1=C(NCc2ccccc2)C(c2cccc3cnccc23)=CCC1
c1ccc(CCC(Cc2cc3cnccc3[nH]2)c2ccccc2)cc1
C1=Cc2c(ccc3c2C(=Cc2ccccc2)Oc2ccccc2-3)NC1
O=C(Nc1ccccc1)C1=Nc2ccc(C3=CCc4cc[nH]c43)cc2C1
c1ccc(Oc2ccccc2CCc2cccc3ncccc23)cc1
c1ccc(-c2ccccc2)cc1
c1ccc(-n2ncc3c(C4CCCC4)cccc32)cc1
C1=CC(C=C2Oc3ccccc3-c3ccc4c(c32)C=CC(c2ccccc2)N4)=CC1
C1=Cc2c(ccc3c2C(=CC2=C(c4ccccc4)CC=C2)Oc2ccccc2-3)NC1
c1ccc(-c2ccc3c(cnn3-c3ccc4c(c3)CCCN4)c2)cc1
C1=Cc2c(ccc3c2C(=Cc2ccccc2)OC2=C3C=CC2)NC1
C1=CCC(C(C2=CCC=C2)c2ccccc2)C(c2ccc3c(cnn3-c3ccccc3)c2)=C1
C1=Cc2c(ccc3c2C(=CC2=NCCC=C2c2ccccc2)Oc2ccccc2-3)NC1
c1cc(-c2ccc(-c3ccsc3)cc2)c2[nH]ccc2c1
c1ccc(CCCCc2cc3ccccc3[nH]2)cc1
c1ccc(Cc2ccccc2-c2ccccc2)cc1
C1=CC(CCC(CC2=CCc3ccccc32)Cc2ccccc2)=CC1
c1ccc(-c2ccc3c(c2)CCCN3)cc1
c1ccc(-c2ccccc2)cc1
c1ccc(-c2ccc3c(c2)CCCC3)cc1
C1=Cc2c(ccc3c2C(=Cc2ccccc2)Oc2ccccc2-3)NC1
C1=Cc2c(ccc3c2C(=Cc2ccccc2)Oc2ccccc2-3)NC1
C=C1Oc2ccccc2-c2ccc3c(c21)C=CCN3
O=S(=O)(Nc1ccc(-c2ccc3[nH]ncc3c2)cc1)c1ccccc1
O=C(Nc1ccccc1)C1=Nc2ccc(C3=CC=CC3)c(-c3cccc4cc[nH]c34)c2C1
O=C(CSc1nc2ccccc2o1)C1CCc2cc(-c3ccccc3)ccc2N1
C(=C1Oc2ccccc2-c2ccc3[nH]ccc3c21)c1ccccc1
c1ccc(CC(c2ccccc2)c2ccc3c(cnn3-c3ccccc3)c2)cc1
c1ccc(CN(CCCc2ccc3[nH]ccc3c2)c2ccccc2)cc1
C1=Cc2c(ccc3c2C(=Cc2ccccc2)Oc2ccccc2-3)NC1
C1=CC(C2C=Cc3c(ccc4c3C(=Cc3ccsc3)Oc3ccccc3-4)N2)=CC1
O=S(=O)(Nc1ccc(C2CC=C(CCc3ccccc3)C2)cc1)c1ccsc1
C(=C1Oc2ccccc2-c2ccccc21)c1ccccc1
O=C(Nc1ccccc1)OCc1ccccc1
c1ccc(Oc2ccccc2-c2cccnc2)cc1
C1=CC(C=C2Oc3ccccc3-c3ccc4c(c32)C=CCN4)=CC1
c1ccc(C2CCNc3ccc(-c4cccc5cc[nH]c45)cc32)cc1
C1=Nc2ccc(-c3cccc4cc[nH]c34)cc2CC1
C1=CCC(C=C2Oc3ccccc3-c3ccc4c(c32)C=CCN4)=C1
C1=Nc2ccc(-c3cccc(C4CCCc5ccccc54)c3)cc2C12CCCCC2
C1=C(c2ccc3c(cnn3-c3ccccc3)c2)C=C(n2ncc3ccccc32)C1
C1=CC(c2ccccc2)=CC1
c1ccc(CCC(Cc2ccccc2)Cc2ccccc2)cc1
c1ccc(Cc2ccc(COc3ccc4c(cnn4-c4ccc(C5CC5)cc4)c3)cc2)cc1
c1ccc(CNc2ccccc2)cc1
O=C(c1ccccc1C=C1Oc2ccccc2-c2ccc3[nH]ccc3c21)N1CCCCC1
C1=C(c2cc3c(c(-c4cccc5cc[nH]c45)c2)NCCC3)c2[nH]ccc2CC1
O=S(=O)(NCc1ccccc1)c1ccc(-c2ccccc2)cc1
C(=CCN(c1ccccc1)c1ccccc1)Cc1ccccc1
c1ccc(C2Oc3ccccc3-c3ccccc32)cc1
O=C1CNc2c(cccc2-c2ccccc2)C1
O=S(=O)(C=CCN(Cc1ccccc1)c1ccccc1)Nc1ccccc1
c1ccc(CN(Cc2ccccc2)Cc2ccccc2)cc1
C1=CCC(CC(Oc2ccc3c(cnn3-c3ccccc3)c2)c2ccccc2)=C1
c1ccc2cc(Sc3cc4ccccc4[nH]3)ccc2c1
C=C1Oc2ccccc2-c2ccc3[nH]ccc3c21
C1=Cc2c(ccc3c2C(=Cc2ccccc2)Oc2ccccc2-3)NC1
C1=Cc2c(ccc3c2C(=CC2=CCCC2)Oc2ccc(-c4cccc5cc[nH]c45)cc2-3)NC1
c1ccc(-c2ccccc2-c2cccc3cc[nH]c23)cc1
c1ccc(-c2c(-c3cccc4cc[nH]c34)ccc3[nH]ccc23)cc1
c1ccc(-c2cc3c(c(-c4ccccc4)c2)NCCC3)cc1
C1=CCC(Cc2[nH]c3ccccc3c2-c2ccccc2)=C1
C1=Cc2c(ccc3c2C(=Cc2ccccc2)Oc2ccccc2-3)NC1
C1=Cc2c(ccc3c2C(=Cc2cccs2)Oc2ccccc2-3)NC1
C1=CC2=C3C(=Cc4cccc(-c5ccsc5)c4)Oc4ccccc4C3=CC2NC1
C(=C1Oc2ccccc2-c2ccc3[nH]ccc3c21)c1cccc2cc[nH]c12
c1ccc(Cc2ccccc2-c2ccccc2)cc1
c1cc(-c2ccc3c(c2)CCC(c2cccc4cc[nH]c24)N3)c2[nH]ccc2c1
c1ccc(-c2ccc3c(cnn3-n3ncc4ccccc43)c2)cc1
c1ccc(CCc2ccc3cnn(-c4ccccc4)c3c2)cc1
C1=C(CCc2ccccc2OCc2ccccc2)NCC1
C1=CCC(c2ccc(C=C3Oc4ccccc4-c4ccc5c(c43)C=CCN5)cc2)=C1
C1=Cc2c(ccc3c2C(=CCCc2ccccc2)Oc2ccccc2-3)NC1
c1ccc(-c2ccccc2)cc1
C1=Cc2ccc(-c3ccc(-c4ccccc4)c4cc[nH]c34)cc2C1
C(=Cc1ccccc1)CN(Cc1ccccc1)c1ccsc1
C1=Cc2c(ccc3c2C(=Cc2ccccc2)Oc2ccccc2-3)NC1
C1=Cc2c(ccc3c2C(=Cc2ccccc2)Oc2ccccc2-3)NC1
C1=Cc2c(ccc3c2C(=Cc2ccccc2)Oc2ccccc2-3)NC1
O=S(=O)(NCCc1c[nH]c2ccccc12)c1ccccc1-c1ccccc1
C(=C1Oc2ccccc2-c2ccccc21)c1ccccc1
C1=C(N(Cc2ccccc2)Cc2cccc3cnccc23)CCCC1
C1=Cc2c(ccc3c2C(=Cc2ccccc2)Oc2ccc4c(c2-3)NCC4)NC1
C1=Cc2c(ccc3c2C(=Cc2ccccc2CCc2ccccc2)OC2=CCC=C23)NC1
O=S(=O)(Nc1ccc(-c2ccccc2)cc1)c1ccccc1
O=C(Nc1ccccc1)c1ccc(S(=O)(=O)Nc2ccccc2)cc1
c1ccc(CN(Cc2ccccc2)c2ccccc2)cc1
C1=C(CCNc2ccccc2)CC(Cc2ccccc2)=C1
O=S(=O)(Nc1ccccc1)c1cccc(C(c2ccccc2)c2ccccc2)c1
c1ccc(-n2ncc3c(C4CCCC4)cccc32)cc1
C1=Cc2c(ccc3c2C(Cc2ccccc2)Oc2ccccc2-3)NC1
C1=C2OC(=Cc3cccs3)c3c(ccc4[nH]c(-c5ccccc5)cc34)C2=CC1
C1=Cc2c(ccc3c2C(=Cc2cccs2)Oc2ccccc2-3)NC1
C1=Nc2ccc3c(c2CC1)C(=Cc1ccccc1)Oc1ccccc1-3
c1ccc(Oc2ccccc2)cc1
c1ccc(C2CCNc3ccc(C4CCCc5ccccc54)cc32)cc1
C(=C1Oc2ccccc2-c2ccc3c(c21)CC(c1ccccc1)=N3)c1ccsc1
C1=Cc2c(ccc3c2C(=Cc2ccccc2)Oc2ccccc2-3)NC1
C(=Cc1ccc2c(c1)CCC(c1ccc3ccccc3n1)N2)Cc1ccccc1
C1=C(c2ccccc2)c2ccccc2CC1
O=S(=O)(c1ccccc1)c1ccc2c(c1)C(c1ccccc1)Oc1ccccc1-2
c1ccc(-c2ccccc2)cc1
c1ccc(NCCNc2cccc3c2cnn3-c2cccc(-c3ccsc3)c2)cc1
C(=C1Oc2ccccc2C2=CCC=C12)c1ccc(-c2ccccc2)cc1
c1ccc(-c2ccc3c(cnn3-c3ccccc3)c2)cc1
O=S(=O)(NCc1cccc2c1cnn2-c1cccc(-c2ccsc2)c1)c1ccccc1
c1ccc(-n2ncc3cc(CSc4nc5ccccc5o4)ccc32)cc1
C1=CC(N(Cc2ccccc2)c2ccccc2)=NC1
c1ccc(C2Oc3ccccc3-c3ccc4[nH]ccc4c32)cc1
C1=CC(c2cccc(CSc3nccs3)c2)=CC1
c1ccc2c(-c3ccc4c(c3)CCCN4)c[nH]c2c1
C1=Cc2c(ccc3c2C(=Cc2cccs2)Oc2ccccc2-3)NC1
c1ccc(CCCCc2cc3ccccc3[nH]2)cc1
C(=C1Oc2ccccc2-c2ccccc21)c1ccccc1
C(=C1Oc2ccccc2-c2ccc3ncccc3c21)c1ccccc1
C1=C(c2ccccc2)c2c(ccc3c2COc2ccccc2-3)NC1
C1=Cc2c(ccc3c2C(=Cc2ccccc2)Oc2ccccc2-3)NC1
c1ccc(-c2ccc3c(cnn3-c3ccccc3)c2)cc1
C(=C1Oc2ccccc2-c2ccc3ncccc3c21)c1ccccc1
C1=CC(N(Cc2ccccc2)c2ccccc2)=CC1
C1=CC(N(Cc2ccccc2)Cc2ccccc2)=CCC1
c1ccc(CN(Cc2ccccc2)c2ccccc2)cc1
C=C1Oc2cccc(CSc3ccccc3)c2-c2ccccc21
c1ccc(CCC(Cc2ccc3c(c2)OCO3)Cc2[nH]c3cnccc3c2-c2ccccc2)cc1
C1=CC(C=C2Oc3ccccc3-c3ccc4ncccc4c32)=CCC1
C1=Cc2c(ccc3c2C(=Cc2ccsc2)Oc2ccccc2-3)NC1
c1ccc(Nc2cccc3c2cnn3-c2ccccc2)cc1
c1ccc(-c2ccccc2)cc1
c1ccc(C2CCc3cc(-c4cccc5cc[nH]c45)ccc3N2)cc1
C1=CCSC(C=C2Oc3ccccc3-c3ccc4nc(-c5ccsc5)ccc4c32)=C1
C1=Cc2c(ccc3c2C(=Cc2ccccc2)Oc2ccccc2-3)NC1
c1ccc(-c2ccccc2)cc1
C1=Cc2cccc(-c3ccc4c(c3)C(=NOCc3ccccc3)CCN4)c2C1
C1=C(c2ccccc2)C=C(C(Oc2ccc3[nH]ncc3c2)c2ccccc2)C1
C1=Cc2c(ccc3c2C(=Cc2ccccc2)Oc2ccccc2-3)NC1
C(=Cc1cccs1)CC1Oc2ccccc2-c2ccc3[nH]ccc3c21
C1=Cc2c(ccc3c2C(=Cc2ccccc2)Oc2ccccc2-3)NC1
c1ccc(CCCCc2cc3ccccc3[nH]2)cc1
C1=Cc2c(ccc3c2C(=Cc2ccccc2)Oc2ccccc2-3)NC1
c1ccc(CN(Cc2cccc3ncccc23)c2ccccc2)cc1
c1ccc(-c2ccc(-c3ccc4c(c3)CCCN4)c3[nH]ccc23)cc1
O=S(=O)(NCCc1ccccc1)c1ccc(-c2cccc3cc[nH]c23)cc1
c1ccc(-c2ccc3cnn(-c4ccccc4)c3c2)cc1
C1=CSC(C=C2Oc3ccccc3-c3ccc4c(c32)C=CCN4)=CC1
C1=CC(n2ncc3cc(C=C4Oc5ccccc5-c5ccc6c(c54)C=CCN6)ccc32)=CC1
C1=Cc2c(ccc3c2C(=Cc2ccccc2)Oc2ccccc2-3)NC1
O=S(=O)(Nc1ccccc1)c1cccc(-c2ccc3cnn(-c4ccccc4)c3c2)c1
C1=CC(c2ccc(-c3ccc4c(cnn4-c4ccccc4)c3)cc2)=CC1
O=S(=O)(Nc1ccc(-c2ccc3c(cnn3-c3ccccc3)c2)cc1)c1ccccc1
c1csc(CCc2ccc3ccccc3c2)c1
C(#COc1ccc2c(c1)C(CSCCc1ccccc1)=CCN2)Cc1ccccc1
c1ccc(Oc2ccc3cc[nH]c3c2)cc1
c1ccc(CCc2cc3c(c(-c4ccccc4)c2)NCCC3)cc1
O=S(=O)(Nc1ccccc1)c1ccc(-c2ccc3[nH]ncc3c2)cc1
c1ccc(C(Cc2cccc3cc[nH]c23)c2ccc3c(cnn3-c3ccccc3)c2)cc1
O=C1CNc2ccc(-c3cccc4cc[nH]c34)c(-c3ccccc3)c2C1
C1=CCC(C2=CC(n3ncc4cc(-c5ccccc5)ccc43)=CC2)=C1
C1=C(c2ccccc2)c2cc(CCC3CC3)ccc2NC1
c1ccc(CNCc2[nH]c3ccccc3c2-c2ccccc2)cc1
C1=CC(c2cccc3cc[nH]c23)=C(CNCCCc2ccccc2)C1
c1ccc(CCc2cc3cccc(-c4ccccc4)c3[nH]2)cc1
C1=Cc2c(ccc3c2C(=Cc2cccc4cc[nH]c24)Oc2ccccc2-3)NC1
O=S(=O)(Nc1ccccc1)c1ccc(-c2ccccc2)cc1
c1ccc(CCCOc2ccccc2)cc1
c1ccc(CCCc2c[nH]c3ccccc23)cc1
O=S(=O)(Nc1ccccc1)c1ccc(C2=CC=CCC2)cc1
O=S(=O)(NC1=CCC=C1)c1ccc(-c2ccccc2)cc1
c1ccc(-c2ccccc2)cc1
C1=Cc2c(ccc3c2C(=Cc2cccs2)Oc2ccccc2-3)NC1
C1=C(c2ccccc2)c2c(ccc3c2COc2ccccc2-3)NC1c1ccccc1
C1=Cc2c(ccc3c2C(=CCCCc2ccccc2)Oc2ccccc2-3)NC1
C(=Cc1ccccc1)CN(Cc1ccccc1)c1ccccc1
O=C1CNc2c(cc(-c3cccc4c3N=CC4)cc2-c2ccccc2)C1
C1=Cc2c(ccc3c2C(=Cc2ccccc2)Oc2ccccc2-3)NC1
C(=C1Oc2ccccc2-c2ccc3ncccc3c21)c1cccs1
C1=Cc2c(ccc3c2C(=Cc2cccs2)Oc2ccccc2-3)NC1
O=C(Nc1ccccc1)c1ccc(OC(CCCc2cc3ccccc3[nH]2)c2ccccc2)cn1
C(=Cc1ccccc1)CNCc1ccccc1
c1ccc(-c2ccccc2)cc1
c1ccc(-n2ncc3cc(CON=C4CCNc5ccccc54)ccc32)cc1
c1ccc(-c2ccccc2)cc1
O=S(=O)(Nc1ccccc1)c1ccc(-c2ccc3[nH]ncc3c2)cc1
O=C(Nc1ccccc1)OC1CNc2ccc(-c3cccc4ccsc34)cc2C1
C1=CCCC(n2ncc3cc(-c4cccc5c4cnn5-c4ccccc4)ccc32)=C1
c1ccc(-c2ccccc2)cc1
c1ccc(-c2ccc(-n3ncc4ccccc43)cc2)cc1
C(=Cc1ccccc1)c1ccccc1
c1ccc(Cc2[nH]c3ccccc3c2-c2ccccc2)cc1
c1ccc(-c2cccc3cc[nH]c23)cc1
c1ccc(CSc2ccc3ccccc3c2)cc1
c1ccc(Cc2ccc3c(cnn3-c3ccccc3)c2)cc1
c1ccc(CN(Cc2ccccc2)c2ccc3c(c2)CCCN3)cc1
c1ccc(Oc2ccccc2)cc1
c1ccc(OC(CCc2cccc3cc[nH]c23)c2ccccc2)cc1
c1ccc(-c2ccsc2)c(CCCCc2cc3ccccc3[nH]2)c1
C1=C(C2=CC=C(c3ccccc3)C2)CC(c2ccccc2)=C1
c1ccc(-c2ccccc2)cc1
c1ccc(CCc2ccccc2)cc1
C1=Nc2ccc(C=C3Oc4ccccc4-c4ccc5ncccc5c43)cc2C1c1ccccc1
c1ccc(CNCc2ccc3c(c2)C(c2ccccc2)CCN3)cc1
c1ccc(CN(Cc2ccc3c(c2)CCCN3)c2ccccc2)cc1
C(=Cc1cccc2c1cnn2-c1ccccc1)COc1ccc2c(cnn2-c2ccccc2)c1
C(=C1Oc2ccccc2-c2ccc3nc4c(cc3c21)CCCC4)c1ccccc1
O=S(=O)(CC1=CCNc2ccc(-c3ccccc3)cc21)c1ccccc1
c1ccc(Cc2cc3ccccc3[nH]2)c(COCOCCc2cccc3cc[nH]c23)c1
c1ccc(C2CCNc3ccc(-c4cccc5cc[nH]c45)cc32)cc1
O=C(c1ccsc1C=C1Oc2ccccc2-c2ccc3c(c21)C=CCN3)N1CCCCC1
C1=CCC2CC(CCSCC3=CCNc4ccc(-c5ccccc5)cc43)CCC2=C1
c1ccc(CCCCc2cc3cnccc3[nH]2)cc1
c1ccc(NCc2[nH]c3ccccc3c2-c2ccccc2)cc1
c1ccc(N=C2CCNc3ccc(-c4ccccc4)cc32)cc1
c1ccc(CSc2nc3ccccc3s2)cc1
O=C1CNc2ccc(-c3cccc4cc[nH]c34)cc2C1Cc1cc2ccccc2s1
C1=C(CCC(CCc2ccccc2)Cc2cc3ccccc3[nH]2)CCCC1
C=C(c1ccccc1)c1ccsc1CNC(=O)c1cnn(-c2ccccc2)c1
c1ccc(-c2cccc3cc[nH]c23)cc1
C(=CCc1ccccc1)CCCCc1ccccc1
O=S(=O)(Nc1ccc(-c2ccc3[nH]ncc3c2)cc1)c1ccccc1
c1ccc(-c2ccc3c4c(ccc3n2)-c2ccccc2OC4)cc1
c1ccc(Oc2ccc3c(cnn3-c3ccccc3)c2)cc1
C(=C1Oc2ccc(Oc3ccccc3)cc2C2=Cc3cncnc3C12)c1ccccc1
O=S(=O)(NCCn1ccc2ccccc21)c1ccccc1-c1ccccc1
c1ccc(C2CCc3cc(-c4cccc5[nH]ccc45)ccc3N2)cc1
N=C1CC(c2cccc3cc[nH]c23)Nc2ccc(-c3csc4ccccc34)cc21
c1cnc2ccc(-c3cccc4cc[nH]c34)cc2c1
C1=C(CSCCc2ccccc2)c2cc(-c3ccccc3)ncc2NC1
c1ccc(-c2ccccc2)cc1
O=C(Nc1ccccc1)OCc1ccccc1
C1=Cc2c(ccc3c2C(=Cc2ccccc2)Oc2ccccc2-3)NC1
C1=Cc2c(ccc3c2C(Cc2ccccc2)Oc2ccccc2-3)NC1
C1=C2OC(=Cc3ccccc3)c3c(ccc4[nH]ccc34)C2=CC1
C1=CCC(C2=C3C(=CC2)OC(=Cc2cccs2)c2c3ccc3c2C=CCN3)=C1
c1ccc(CNc2ccccc2)cc1
C1=CC(C=C2Oc3ccccc3-c3ccc4ncccc4c32)=CCC1
O=S(=O)(Nc1ccccc1)c1cccc(Oc2ccccc2)c1
C1=CC2=C(C1)OC(=Cc1ccccc1)c1c2ccc2ncccc12
c1ccc(C2CCNc3ccc(-c4cccc5cc[nH]c45)cc32)cc1
C1=Cc2c(ccc3c2C(=Cc2ccccc2)Oc2ccccc2-3)NC1
c1ccc(-c2ccc3[nH]ccc3c2)cc1
C1=C(Oc2ccc3ccccc3c2)C=C(c2ccccc2)C1
C1=Cc2c(ccc3c2C(=Cc2ccccc2)Oc2ccccc2-3)NC1
C1=Cc2c(ccc3c2C(=Cc2ccccc2)Oc2ccccc2-3)NC1
C1=CC(n2ncc3cc(OCc4ccccc4)ccc32)=C(c2ccccc2)C1
c1ccc(-c2ccccc2)cc1
C1=C(c2ccc(-c3ccsc3)cc2)CCCC1
c1ccc(CN(Cc2ccc(N3CCCCC3)cc2)c2ccccc2)cc1
C1=Cc2c(ccc3c2C(=Cc2ccccc2)Oc2ccc4c(c2-3)CNCC4)NC1
C(=C1Oc2ccccc2-c2cc(-n3ncc4ccccc43)[nH]c21)c1cccc(-c2ccsc2)c1
O=C(CSc1ccc2ccccc2n1)Nc1cccc2c1cnn2-c1ccccc1
C(=C1Oc2ccccc2-c2ccccc21)c1cccs1
c1ccc(Cc2csc3ccccc23)cc1
C=C1Oc2ccccc2-c2ccc3[nH]c(OC4=CCC=C4)cc3c21
c1ccc(-c2cccs2)cc1
C1=Cc2c(ccc3c2C(=Cc2ccccc2)Oc2ccccc2-3)NC1
C1=C2C(c3ccccc3)CC3C(c4ccccc4)CCC3C2CC1
c1ccc(Cc2ccc3c(cnn3-c3ccc(CCOc4ccccc4)cc3)c2)cc1
C1=C2CCC=C(Nc3ccc4c(c3)C(c3ccccc3)Oc3ccccc3-4)C2=CCC1
c1ccc(-c2ccc(-c3cccs3)cc2)cc1
C(=C1Oc2ccccc2C2=CCC=C12)c1ccc(-c2ccccc2)cc1
C1=Cc2c(ccc3c2C(=Cc2ccccc2)Oc2cc4c(cc2-3)CCN4)NC1
c1ccc(Oc2ccccc2)cc1
C1=CCC(c2cccc(N(CC3=CCCC=C3)Cc3ccccc3)c2)=C1
C1=Cc2c(ccc3c2C(=Cc2ccccc2)Oc2ccccc2-3)NC1
c1ccc(CCc2ccccc2)cc1
O=S(=O)(NCCc1c[nH]c2ccccc12)c1ccc(Cc2ccccc2)cc1
C1=Cc2c(ccc3c2C(=Cc2cccs2)Oc2ccccc2-3)NC1
C1=C(c2ccc3c(cnn3CCc3ccsc3)c2)C=C(c2ccsc2)C1
C1=CC(CNc2ccccc2Oc2ccccc2)=CCC1
C1=Cc2c(ccc3c2C(=Cc2cccs2)Oc2ccccc2-3)NC1
c1ccc(-c2cccc3cc[nH]c23)cc1
C1=Cc2c(ccc3c2C(=Cc2cccs2)Oc2ccccc2-3)NC1
O=C1Cc2cc(-c3cccc4cc[nH]c34)ccc2NC1c1ccccc1
c1ccc(COc2ccc3c(cnn3-c3ccccc3)c2)cc1
C1=CCCC(n2ncc3c(-c4ccccc4)cccc32)=C1
C1=Cc2c(ccc3c2C(=Cc2ccccc2)Oc2ccccc2-3)NC1
C1=CC2=C(CC1)OC(=Cc1ccccc1)c1c2ccc2c1C=CCN2
C1=CC2C(=Cc3cccc(Oc4ccccc4)c3)Oc3ccccc3C2=C1
C1=Cc2c(ccc3c2C(=Cc2ccccc2)Oc2cc4c(cc2-3)CCN4)NC1
C1=Nc2c(cc(-c3ccccc3)cc2-c2ccccc2)C1
C1=C2CCCC(C(Cc3ccccc3)c3ccccc3)C2Cc2cnn(-c3ccccc3)c21
C(=C1Oc2ccccc2-c2ccc3c(c21)C(C1CC1)=CCN3)c1ccccc1
C(=C1Oc2ccccc2-c2ccc3ncccc3c21)c1ccccc1
C1=NC(CCc2ccccc2OCc2ccccc2)=C2CCCCC2C1
O=C(c1ccccc1)c1ccc2c3c(ccc2n1)-c1ccccc1OC3
c1ccc(Cc2ccccc2)cc1
O=C1OCc2cc(NC(=O)C(CCc3ccccc3)CCc3ccccc3)ccc21
C1=Cc2c(ccc3c2C(=Cc2cccs2)Oc2ccccc2-3)NC1
c1ccc(C(CC2CC2)c2ccc3c(c2)C(c2ccccc2)Oc2ccccc2-3)cc1
C1=CC(CC(CC2=CC=C(c3ccccc3)C2)Cc2ccnc3ccccc23)c2ccccc21
C1=CC(c2ccccc2)C(C=C2Oc3ccccc3-c3ccc4c(c32)C=CCN4)=C1
c1ccc(CNc2ccccc2)cc1
c1ccc(-c2ccc(-c3cccc4cc[nH]c34)cc2)cc1
c1ccc(-c2ccc3c(c2)CCC(c2cccc4cc[nH]c24)=N3)cc1
C1=C(c2ccc3c(cnn3-c3ccccc3)c2)CC(c2cccc3ncccc23)=C1
c1ccc(CNCc2cc3ccccc3[nH]2)cc1
c1ccc(-c2cccc(-c3ccsc3)c2)cc1
C1=C(Oc2ccccc2)c2ccc(C3=CCCc4cc[nH]c43)cc2C1
C1=C(CSCCc2ccc3c(c2)CCCC3)c2ccccc2NC1
C1=Cc2c(ccc3c2C(=CNc2cccc4ncccc24)Oc2ccccc2-3)NC1
C1=Cc2cc(Cn3ncc4cc(Oc5ccccc5)ccc43)ccc2NC1
C=C1Oc2cccc(Oc3ccccc3)c2-c2ccc3c(c21)C=CCN3
O=S(=O)(Nc1cccc2cc[nH]c12)c1ccc(-c2ccccc2)cc1
C1=Cc2c(ccc3c2C(=Cc2ccccc2)Oc2ccccc2-3)NC1
O=S(=O)(Nc1ccc(C2=CCC(c3cccc4cc[nH]c34)=C2)cc1)c1ccccc1
C1=Cc2c(ccc3c2C(=Cc2ccccc2)Oc2ccccc2-3)NC1
c1ccc(Oc2c(-c3cccc4cc[nH]c34)ccc3c2CCCN3)cc1
C1=CCC(C=C2Oc3ccccc3-c3ccc4c(c32)C=CCN4)=C1
c1ccc(Cc2ccc(COc3ccc4c(cnn4-c4ccccc4)c3)cc2)cc1
c1ccc(-c2ccc3c(cnn3-c3ccccc3)c2)cc1
O=S(=O)(Nc1ccc(-c2ccc3c(cnn3-c3ccccc3)c2)cc1)c1ccsc1
O=S(=O)(Nc1cccc(CC(CNc2ccccc2)c2ccccc2)c1)c1ccsc1
C1=Cc2c(ccc3c2C(=CCC2CCCCC2)Oc2ccccc2-3)NC1
c1ccc(-c2ccc3c(cnn3-c3ccccc3)c2)cc1
c1ccc(-c2c(-c3cccc4cc[nH]c34)ccc3c2CCCN3)cc1
c1ccc(C(c2ccccc2)c2ccccc2)cc1
c1ccc(Cc2ccccc2)cc1
C1=C(c2ccccc2)c2c(ccc3c2COc2ccccc2-3)NC1
C1=Cc2c(ccc3c2C(=Cc2ccccc2)Oc2ccccc2-3)NC1
C1=Cc2c(ccc3c2C(=Cc2ccc(-c4ccccc4)cc2)Oc2ccccc2-3)NC1
O=C(NCc1ccc(C2=CC=CC2)cc1)c1cnc2c(c1)C=CC2
C1=Cc2c(ccc3c2C(=Cc2ccccc2)Oc2ccccc2-3)NC1
C1=Cc2c(ccc3c2C(=Cc2ccccc2)OC2=C3CC=CC2)NC1
C(=Cc1ccccc1)CCc1ccccc1
C1=C(C2=CCCc3cc[nH]c32)C=C(N(Cc2ccccc2)Cc2ccccc2)C1
C1=CCCC(Oc2cccc3c2-c2ccc4c(c2C(=CC2=CCC=CS2)O3)C=CCN4)=C1
O=C(c1cnc2[nH]ncc2c1)c1cc(-c2ccc(-c3ccccc3)cc2)c2c3c(ccc2n1)NCC3
C1=CCC(C=C2Oc3ccccc3-c3ccc4c(c32)C=CCN4)=C1
O=S(=O)(NCCc1c[nH]c2ccccc12)c1ccccc1
c1ccc(-c2ccsc2Cn2ccc3ccccc32)cc1
C(=Cc1cccs1)CC1Oc2ccccc2-c2ccc3[nH]ccc3c21
C(=C1Oc2ccccc2-c2ccc3[nH]ccc3c21)c1ccccc1
C(=C1Oc2ccccc2-c2ccccc21)c1ccccc1
c1ccc(CNCc2[nH]c3ccccc3c2-c2ccccc2)cc1
O=C1C=CC=C(c2ccccc2C=C2Oc3ccccc3-c3ccc4c(c32)C=CCN4)C1
c1ccc(-c2cc(-c3ccccc3)c3[nH]ccc3c2)cc1
C(=C1Oc2ccccc2-c2ccc3[nH]ccc3c21)c1ccccc1
C1=Cc2c(ccc3c2C(=Cc2cccc4cc[nH]c24)Oc2ccccc2-3)NC1
c1ccc(Cc2cc(Nc3ccccc3)ccn2)cc1
C1=Cc2c(ccc3c2C(=Cc2cccs2)Oc2ccccc2-3)NC1
c1ccc(CN(Cc2ccc(-c3ccc4[nH]ncc4c3)cc2)c2ccccc2)cc1
C1=CCC(CN(Cc2ccc(Cc3c[nH]c4ccccc34)cc2)c2ccccc2)=C1
O=S(=O)(Nc1ccc(C2=CC=CC2)cc1)c1ccccc1
c1ccc(Oc2ccccc2-c2ccnc3ccccc23)cc1
C1=Cc2c(ccc3c2C(=Cc2ccccn2)Oc2ccccc2-3)NC1
O=S(=O)(C=C1Oc2ccccc2C2C1=CC=C1CCCCC12)c1ccc(-c2ccccc2)cc1
c1ccc(COCc2ccccc2)cc1
C1=Cc2c(ccc3c2C(=Cc2cccs2)Oc2ccccc2-3)NC1
c1ccc(CCC(CNc2ccccc2)Cc2ccccc2)cc1
c1ccc(-c2ccccc2)cc1
c1ccc(NCc2ccc(Oc3ccccc3)cc2)cc1
C1=Nc2ccc(-c3cccc4ncccc34)cc2C(c2ccccc2)C1
C1=CC(c2ccc3c(cnn3-c3ccccc3)c2)=C(c2cccc3cc[nH]c23)C1
c1ccc(-c2ccc3c(cnn3-c3ccccc3)c2)cc1
C1=CC(CCSCC2=CCNc3ccc(-c4ccccc4)cc32)=CC1
C1=CC(C=C2Oc3ccccc3-c3ccc4c(c32)C=CCN4)=CCC1
C1=CC(C=C2Oc3ccccc3-c3ccc4ncccc4c32)=CCC1
C1=Cc2c(ccc3c2C(=Cc2cccs2)Oc2ccccc2-3)NC1
c1ccc(CCSc2cccc3c2cnn3-c2ccccc2)cc1
C1=CC(c2ccc(CCOc3ccccc3)cc2)=CC1
C1=Cc2c(ccc3c2C(=Cc2ccccc2)OC2=C3C(Oc3cccs3)=CC2)NC1
c1ccc(ON=C2CCNc3ccc(-c4cccc5cc[nH]c45)cc32)cc1
O=C(Nc1ccccc1)Oc1cccc2c1-c1ccc3c(c1CO2)C=CCN3
c1ccc(C2CCNc3ccc(-c4cccc5cc[nH]c45)cc32)cc1
c1ccc(OCc2ccnc3ccccc23)cc1
C1=CC(C=C2Oc3ccccc3-c3ccc4c(c32)C=CCN4)=CC1
c1ccc(CC2CC2)cc1
C1=CC(c2cc3ccccc3s2)Nc2ccc(-c3ccccc3)cc21
c1ccc2cc(-c3cccc4cc[nH]c34)ccc2c1
C(=C1Oc2ccccc2-c2ccccc21)c1ccccc1
O=S(=O)(Cc1ccccc1)Nc1ccc(-c2cccc3ncccc23)cc1
C1=Cc2c(ccc3c2C(=Cc2ccccc2)OC2=CCC=C23)NC1
c1ccc(CCc2ccccc2)cc1
c1ccc(Oc2ccccc2)cc1
O=C(Nc1cccc(Oc2ccccc2)c1)C(c1ccccc1)c1c[nH]c2ccccc12
c1ccc(Cc2cc3cc(OCc4cccc(Oc5ccccc5)c4)ncc3[nH]2)cc1
C1=Cc2c(ccc3c2C(=Cc2ccccc2)Oc2ccccc2-3)NC1
O=S(=O)(CCCc1ccccc1OCCCC1=CCC=C1)c1ccsc1
C1=Cc2c(ccc3c2COc2ccccc2-3)NC1
C1=Cc2c(ccc3c2C(=Cc2ccccc2)Oc2ccccc2-3)NC1
C1=Cc2c(ccc3c2C(=Cc2cccs2)Oc2ccccc2-3)NC1
c1ccc(CC(NCCc2cc3ccccc3[nH]2)c2ccccc2)cc1
C1=CC(n2ncc3ccccc32)=C(c2cccc3c2cnn3-c2ccccc2)C1
C1=Cc2c(ccc3c2C(=Cc2ccccc2)Oc2ccccc2-3)NC1
c1ccc(C2CCNc3ccc(-c4cccc5cc[nH]c45)cc32)cc1
O=C(CC(c1ccccc1)C(c1ccccc1)c1ccsc1)Nc1ccccc1
c1ccc(-c2ccccc2)cc1
O=S(=O)(Nc1ccc(Oc2ccccc2)cc1)c1ccsc1
c1ccc(Cc2ccccc2)cc1
c1ccc(-c2ccccc2)cc1
O=S(=O)(Nc1c(-c2cccc3cc[nH]c23)ccc2c1CCCN2)c1ccccc1
c1ccc(-c2ccccc2)cc1
C(=C1Oc2ccccc2-c2ccc3[nH]ccc3c21)c1ccsc1
C1=CC(c2ccccc2)Nc2ccc3c(c21)C(=CCc1ccccc1)Oc1ccccc1-3
c1ccc(-c2ccccc2)cc1
C1=Cc2c(ccc3c2C(=Cc2ccccc2)Oc2ccccc2-3)NC1
C1=Cc2c(ccc3c2C(=Cc2ccccc2)Oc2ccccc2-3)NC1
O=C(CSc1nc2ccccc2o1)C1CCc2cc(-c3cccc4cc[nH]c34)ccc2N1
C1=CC2=C(CC1)OC(=Cc1cccc(OCc3ccccc3)c1)c1ccccc12
C1=CNc2ccc(-c3ccccc3)cc2C1
c1ccc(NC2=Nc3ccc(-c4cccc5[nH]ccc45)cc3C2)cc1
O=S(=O)(Nc1ccc2c(c1)C(c1ccccc1)Oc1ccccc1-2)c1ccccc1
c1ccc(Cc2ccccc2-c2ccc3c(cnn3-c3ccccc3)c2)cc1
C(=C1Oc2ccccc2-c2cnc3[nH]ccc3c21)c1ccccc1
C1=Cc2c(ccc3c2C(=CCCCc2csc4ccccc24)Oc2ccccc2-3)NC1
c1cc(-c2ccc3c(c2-c2cc4cnccc4[nH]2)CCCN3)c2[nH]ccc2c1
c1ccc(-c2cccc3cc[nH]c23)cc1
C1=Cc2c(ccc3c2C(=Cc2ccccc2)Oc2ccccc2-3)NC1
c1ccc(-c2ccccc2)cc1
C1=Cc2c(ccc3c2C(=Cc2cccs2)Oc2ccccc2-3)NC1
C(=C1Oc2ccccc2-c2ccc3ncccc3c21)c1ccsc1
O=C(c1ccsc1C=C1Oc2ccccc2-c2ccc3c(c21)C=CCN3)N1CCCCC1
C1=Cc2c(ccc3c2C(=Cc2ccccc2)Oc2ccccc2-3)NC1
C(=C1Oc2ccccc2-c2ccc3ncccc3c21)c1ccccc1
c1ccc2[nH]c(-c3cccc4ncccc34)cc2c1
c1ccc(CNCc2[nH]c3ccccc3c2-c2ccccc2)cc1
c1ccc(OCCc2cc3ccccc3[nH]2)cc1
c1cc(-c2ccsc2)cc(-c2ccc3ncccc3c2)c1
c1ccc(-c2ccccc2)cc1
c1ccc(-n2ncc3c(Nc4ccsc4)cccc32)cc1
c1ccc(Oc2ccccc2)cc1
C(=C1Oc2ccccc2-c2ccc3nc4c(cc3c21)CCCC4)c1ccccc1
c1ccc(-c2ccc3c(cnn3-c3ccccc3)c2)cc1
C=C1Oc2ccccc2-c2ccc3c(c21)C=CCN3
c1ccc(Cc2ccc3c(cnn3-c3ccccc3)c2)cc1
c1ccc(-c2ccccc2)cc1
C1=Cc2c(ccc3c2C(=Cc2ccccc2)Oc2ccccc2-3)NC1
C1=CCCC(C=C2Oc3ccccc3-c3ccc4c(c32)C=CCN4)=C1
C1=Cc2c(ccc3c2C(=Cc2ccccc2)Oc2ccccc2-3)NC1
c1ccc(-c2c[nH]c3c4c(ccc23)CCCC4)cc1
c1ccc(CNCc2ccc(-c3cccc4cc[nH]c34)cc2)cc1
O=S(=O)(NC1C=CN(Cc2cccs2)c2ccccc21)c1ccc(-c2ccccc2)cc1
C1=CC(c2ccc(C=C3Oc4ccccc4C4=CCC=C34)cc2)=CC1
O=C(Nc1ccccc1)OC1CNc2ccc(-c3ccccc3)cc2C1
O=S(=O)(Nc1ccccc1)c1ccc(-c2ccccc2)cc1
c1ccc(-c2ccccc2)cc1
C1=Cc2c(ccc3c2C(=Cc2ccccc2)Oc2ccccc2-3)NC1
O=c1oncc2cc(-c3ccccc3-c3ccccc3)ccc12
O=S(=O)(NC(Cc1ccc2ccccc2c1)c1ccccc1)C1=CCCC=C1
C1=Cc2c(ccc3c2C(=Cc2cccs2)Oc2ccccc2-3)NC1
C(=C1Oc2ccccc2-c2ccc3ncccc3c21)c1ccccc1
c1ccc(Oc2ccccc2)cc1
C1=Cc2c(ccc3c2COc2ccccc2-3)NC1
C=C1Oc2ccc(-c3ccsc3)cc2-c2ccc3c(c21)C=CCN3
c1cc(-c2ccc3c(c2)CCC(c2cccc4cc[nH]c24)C3)c2[nH]ccc2c1
c1ccc(-c2ccccc2)cc1
O=C(C=CC1=CC=C(c2cccc(-c3cccc4cc[nH]c34)c2)C1)NCc1ccccc1
c1ccc(CCC(Cc2ccccc2)Cc2ccccc2)cc1
C1=Cc2c(ccc3c2C(=Cc2ccccc2)Oc2ccccc2-3)NC1
C1=Cc2c(ccc3c2C(=Cc2cccs2)Oc2ccccc2-3)NC1
C1=Cc2c(ccc3c2C(=Cc2ccccc2)OC2=CC=C(c4ccccc4)C23)NC1
O=S(=O)(NNCc1ccccc1)c1ccc(-c2ccccc2)cc1
c1ccc(C(Cc2ccsc2)Oc2ccc3c(cnn3-c3ccccc3)c2)cc1
C(=C1Oc2ccccc2-c2ccc3[nH]ccc3c21)c1ccccc1
c1ccc(-n2ncc3cc(-c4cccc5cc[nH]c45)ccc32)cc1
c1ccc(CN(Cc2ccccc2)c2ccccc2)cc1
C1=Cc2c(ccc3c2C(=Cc2cccnc2)Oc2ccccc2-3)NC1
c1ccc(C2CCCCC2)cc1
c1ccc(-c2cccc3cc[nH]c23)c(-c2cccc3cc[nH]c23)c1
C1=Cc2c(ccc3c2C(=Cc2cccs2)Oc2c-3ccc3c2CCCC3)NC1
O=S(=O)(NCCc1cccc2ccccc12)c1ccccc1
c1ccc(-c2cccc3c2cnn3-c2ccccc2)cc1
N=C1CC(C=Cc2ccsc2)Nc2ccc(C=CCC3CCCCC3)cc21
c1ccc(C2=Nc3ccc(-c4cccc5cc[nH]c45)cc3C2)cc1
C1=CC2=C(CC1)OC(=Cc1ccccc1)c1c2ccc2c1C=CCN2
c1ccc(CNCc2ccc(Oc3ccccc3)cc2)cc1
c1ccc(CN(Cc2ccccc2)c2ccccc2)cc1
c1ccc(CCc2ccccc2)cc1
O=C(Cn1cnc2c3c(ccc21)CCCC3)c1ccccc1-c1ccccc1
c1ccc(-c2cccc3c2cnn3-c2ccccc2)cc1
O=C1C=C2CCC3C(=C2CC1)C(c1ccccc1)CC1C(c2ccccc2)CCC31
c1ccc(-c2ccc3c(cnn3-c3ccccc3)c2)cc1
c1ccc(CN(Cc2cccc(-n3ncc4ccccc43)c2)c2ccccc2)cc1
C1=Cc2c(ccc3c2C(=Cc2ccccc2)Oc2ccccc2-3)NC1
C1=CCCC(C=C2Oc3ccccc3-c3ccc4c(c32)C=CCN4)=C1
c1ccc(Oc2ccc3cc[nH]c3c2-c2ccc3c(c2)CCCN3)cc1
C1=Cc2c(ccc3c2C(=Cc2cccs2)Oc2ccccc2-3)NC1
C1=CC(C=C2Oc3ccccc3-c3ccc4c(c32)C=CCN4)=CCC1
O=C(Nc1ccccc1)OC1CNc2ccc(-c3cccc4cc[nH]c34)cc2C1
C1=CC(CN(Cc2cccc3ncccc23)c2ccccc2)=CCS1
c1ccc(CC(CCc2cccc3c2OCC3)Cc2cc3ccccc3[nH]2)cc1
c1ccc(-c2ccccc2)cc1
O=C(NCc1cccc(CCCc2c3c(cc4ccccc24)CCN3)c1)c1ccccc1
c1ccc(CCCNc2ccccc2)cc1
c1ccc(CNCc2ccccc2)cc1
c1cc(-c2ccc3c(c2)CCCN3)c2[nH]ccc2c1
C1=Cc2c(ccc3c2C(=Cc2ccc4c(c2)CCCC4)Oc2ccccc2-3)NC1
O=C(Nc1ccccc1)C(CCC1=CCC=C1)CCc1ccccc1
c1ccc(-c2ccccc2)cc1
O=S(=O)(c1ccccc1)c1ccccc1-c1cccc2cc[nH]c12
C1=CCC(c2cccc(N(CC3=CCC=C3)Cc3ccccc3)c2)=C1
C1=Cc2c(ccc3c2CCCC3c2ccc3c(c2)CC(Nc2ccccc2)=N3)NC1
C1=C(c2ccccc2)CC(c2ccc3c(cnn3-c3ccccc3)c2)=C1
c1ccc(CNCc2[nH]c3ccccc3c2-c2ccccc2)cc1
c1cc(-c2ccc3c(c2)CC(c2ccc4c(c2)CCCN4)=N3)c2[nH]ccc2c1
c1ccc(-c2ccccc2)cc1
O=S(=O)(Nc1ccc(C2=CC=C(c3cccc4cc[nH]c34)C2)cc1)c1ccnc2ncccc12
c1ccc(NCc2ccc(Oc3ccccc3)cc2)cc1
c1ccc(-c2cccc3cc[nH]c23)cc1
C1=Nc2ccc(-c3cccc4cc[nH]c34)cc2C1
C1=CCCC(N(Cc2ccc(Oc3ccccc3)cc2)Cc2cccnc2)=C1
c1ccc(Cc2ccc(-c3cccc4cc[nH]c34)cc2)cc1
c1ccc(-c2ccccc2)cc1
c1ccc(Oc2ccccc2)cc1
c1ccc(Cc2ccccc2)cc1
C1=CCC(CN(Cc2ccccc2)c2ccccc2-c2ccccc2)=C1
C1=CC(C(c2ccccc2)c2ccc3c(cnn3-c3ccccc3)c2)=CCC1
C(=Cc1ccccc1)Cc1ccccc1
C1=Nc2c(cccc2-c2ccc3c(c2)C(c2ccccc2)CCN3)C1
c1cc(-c2ccc3c(c2)CCCN3)c2[nH]ccc2c1
O=C1C=C2CCC3C=CC(C4=C5CCC(c6ccccc6Cc6ccccc6)CC5C=C4)C3=C2CC1
C1=CCC(n2ncc3c(-c4ccccc4)cccc32)=CC1
C1=Nc2ccc(-c3ccc(-c4ccccc4)c4cc[nH]c34)cc2CC1
c1ccc(Oc2ccccc2)cc1
C=C1Oc2ccccc2-c2ccc3c(c21)C(c1cc2ccccc2[nH]1)=CCN3
c1ccc(CCCCc2ccccc2)cc1
O=S(=O)(NCCc1ccc(Oc2ccccc2)cc1)c1ccccc1
C(=C1Oc2ccccc2-c2ccc3ncccc3c21)c1ccccc1
C1=CC(Cc2ccc(-c3ccccc3)cc2)=CC1
c1ccc(CCCCc2ccccc2)cc1
c1ccc(-c2cccc3cc[nH]c23)cc1
c1ccc(-c2ccc3c(cnn3-c3ccccc3)c2)cc1
c1ccc(CCC(Cc2ccccc2)Cc2cc3ccncc3[nH]2)cc1
C1=CC(C=C2Oc3ccccc3-c3ccc4c(c32)C=CCN4)=CC1
C1=CC(N(Cc2ccccc2)Cc2ccccc2)=CC1
c1ccc(-c2cc3ccccc3s2)cc1
C1=CCC(N(Cc2ccccc2)C2CCc3cc(-c4ccccc4)ccc3N2)=C1
C1=CCCC(C=C2Oc3ccccc3-c3ccc4c(c32)C=CCN4)=C1
C1=Cc2c(ccc3c2C(=Cc2ccncc2)Oc2ccccc2-3)NC1
c1ccc(CCCCc2nc3ccccc3o2)cc1
C(=C1Oc2ccccc2C2=CCC=C12)c1ccccc1
c1ccc(CCc2cccs2)cc1
c1ccc2c(c1)CCCC2C1CCc2cc(-c3cccc4cc[nH]c34)ccc2N1
c1ccc2[nH]c(-c3cccc4ncccc34)cc2c1
O=S(=O)(Nc1ccccc1)c1ccc(-c2cccnc2)cc1
c1ccc(-c2ccc3ncccc3c2)cc1
O=S(=O)(c1ccccc1)c1ccc(C2CCC3=CCCC=C3C2)c(CNCc2ccccc2)c1
c1ccc(CCCCC2CCCCC2)cc1
O=S(=O)(c1ccccc1C=C1Oc2ccccc2-c2ccc3c(c21)C=CCN3)N1CCCCC1
C1=Cc2c(ccc3c2C(=Cc2ccccc2)Oc2ccccc2-3)NC1
O=C(Nc1ccccc1)c1cc(-c2cccc3cc[nH]c23)cc2c1NCCC2
C1=Cc2c(ccc3c2C(=Cc2ccccc2)OC2=C3C=CSC2)NC1
c1cc(-c2ccc(-c3ccsc3)cc2)c2[nH]ccc2c1
C1=Cc2c(ccc3c2C(=Cc2ccc(-c4ccccc4)cc2)Oc2ccccc2-3)NC1
C1=Cc2c(ccc3c2C(=Cc2ccccc2)Oc2ccccc2-3)NC1
C1=Cc2c(ccc3c2C(=Cc2ccccc2)Oc2ccccc2-3)NC1
C1=Nc2ccc(-c3ccc(-c4ccccc4)cc3)cc2C12CCCCC2
C1=Cc2cccc(Sc3nc4ccccc4o3)c2NC1
c1ccc2c(c1)OC(c1ccsc1)c1cc(CCc3c[nH]c4ccccc34)ccc1-2
N=C1CC(CCc2c[nH]c3ccccc23)Nc2ccc(-c3cccc4cc[nH]c34)cc21
c1ccc(-c2ccccc2)cc1
C(=Cc1ccccc1)c1ccccc1
c1ccc(CON=C2CCNc3ccc(-c4cccc5cc[nH]c45)cc32)cc1
O=S(=O)(c1ccccc1)c1ccc(-c2ccccc2)cc1
C1=Cc2c(ccc3c2C(=Cc2ccccc2)Oc2ccccc2-3)NC1
C1=C(c2ccsc2)CCc2cc(Oc3ccccc3)ccc21
c1ccc(CCCCc2cccc3cc[nH]c23)cc1
c1ccc(NC2=Nc3ccc(-c4cccc5[nH]ccc45)cc3C2)cc1
N=C1CCNc2ccc(-c3ccccc3Nc3ccccc3)cc21
O=S(=O)(Nc1ccc(C2=CC=CCC2)cc1)c1ccccc1
c1ccc(Nc2cccc3ncccc23)cc1
c1ccc(CN(Cc2ccccc2)c2ccccc2)cc1
C1=C(c2ccc3c(c2Oc2ccccc2)CCCN3)c2ccccc2C1
C1=Cc2c(ccc3c2C(=Cc2cccs2)Oc2ccccc2-3)NC1
c1ccc(COc2ccc3c(cnn3-c3ccccc3)c2)cc1
C1=Cc2c(ccc3c2C(=Cc2ccccc2)Oc2ccccc2-3)NC1
C(=Cc1cccc2cc[nH]c12)C=C1Oc2ccccc2-c2ccc3ncccc3c21
O=C1OCc2cc(NC(=O)C(CCc3ccccc3)CC3CCCCC3)ccc21
c1ccc(-c2ccccc2CSc2nc3ccccc3o2)cc1
c1ccc(C2CCNc3ccc(-c4cccc5cc[nH]c45)cc32)cc1
O=S(=O)(Nc1ccccc1)c1ccccc1
c1ccc(-c2cc(-c3ccccc3)c3[nH]ccc3c2)cc1
c1cc(-c2ccc(-c3ccc4c(c3)CCCC4)cc2)c2c3c(ccc2n1)NCC3
O=C1C=C2CCC3C(=C2CC1)C(c1ccccc1)CC1C(c2ccccc2)CCC31
C1=C(c2ccccc2)c2c(ccc3c2C(=Cc2cccs2)Oc2ccccc2-3)NC1
c1ccc(CN(Cc2ccccc2)c2ccccc2)cc1
C1=C(c2ccccc2)c2ccccc2C1
C1=Cc2c(ccc3c2C(=Cc2ccccc2)Oc2ccccc2-3)NC1
O=S(=O)(NC(Cc1ccccc1)Cn1ccc2ccccc21)c1ccc(Cc2ccccc2)cc1
C=C1Oc2ccc3c(cnn3-c3ccccc3)c2-c2ccc3c(c21)C=CCN3
c1ccc(-n2ncc3cc(C4=Nc5ccc(-c6cccc7cc[nH]c67)cc5CC4)ccc32)cc1
c1ccc(-n2ncc3cc(Oc4ccc5cc[nH]c5c4)ccc32)cc1
c1ccc(-c2ccccc2)cc1
c1ccc(-c2ccc3c(cnn3-c3ccccc3)c2)cc1
c1ccc(-c2ccccc2)cc1
C1=C(c2ccccc2)CC(c2cccc3cc[nH]c23)=C1
C(=C1Oc2ccccc2-c2ccc3[nH]ccc3c21)c1ccccc1
c1ccc(-c2ccc3c(cnn3-c3cccc4c3CCCC4)c2)cc1
N=C1CCNc2ccc(-c3cccc4c(-c5cc6ccccc6[nH]5)c[nH]c34)cc21
c1ccc(C(c2ccc3[nH]ncc3c2)c2cnc3[nH]ncc3c2)cc1
C1=CC2=C(C1)OC(=Cc1ccccc1)c1c2ccc2ncccc12
c1ccc(CCCCc2ccc3ccccc3n2)cc1
c1ccc(Oc2ccccc2)cc1
C1=CCC(Oc2ccc(CN(Cc3ccccc3)C3=CCC=C3)cc2)=C1
O=S(=O)(Cc1ccccc1)c1ccccc1Cc1ccccc1
c1ccc(COc2ccccc2)cc1
C(Cc1ccccc1)=C1Oc2ccccc2-c2ccc3[nH]ccc3c21
C1=CCC(c2ccccc2)C(c2cccc3cc[nH]c23)=C1
c1ccc(-c2ccccc2)cc1
c1ccc(Cc2ccc3c(cnn3-c3ccccc3)c2)cc1
c1ccc(C(CCCC2=C3CCCCC3N=N2)c2ccccc2)cc1
O=S(=O)(Nc1ccc2c3c(ccc2n1)-c1ccccc1OC3=Cc1ccncc1)c1ccsc1
O=C(NCc1ccccc1)c1cnc2c(cnn2Cc2ccccc2)c1
C1=Cc2cc(-c3ccc4c(cnn4-c4ccccc4)c3)ccc2NC1
O=S(=O)(C1=CCNc2ccc3c(c21)C(=Cc1cccs1)Oc1ccccc1-3)c1ccccc1
c1ccc(-c2ccccc2)cc1
O=S(=O)(Nc1ccc(-c2ccc3[nH]ncc3c2)cc1)c1ccccc1
O=S(=O)(c1ccccc1)c1ccccc1-c1cccc2cc[nH]c12
C1=C2CCCCC2Cc2cnn(-c3ccc(-c4ccccc4)cc3)c21
O=S(=O)(Nc1ccccc1)c1ccc(C2=CC=CC2)cc1
c1ccc(-c2ccc3c(c2)CCCC3)cc1
c1ccc(Nc2ccccc2)cc1
C1=Cc2c(ccc3c2C(=Cc2ccccc2)Oc2ccccc2-3)NC1
C1=Cc2c(ccc3c2C(=Cc2ccccc2)Oc2ccccc2-3)NC1
C1=Cc2c(ccc3c2C(=Cc2ccccc2)Oc2ccccc2-3)NC1
C1=CCCC(Nc2cccc3c2cnn3-c2ccccc2)=C1
C1=C2CCCC(c3ccc4c(cnn4-c4ccccc4)c3)C2Cc2cnn(-c3ccccc3)c21
c1ccc(C2CCNc3ccc(-c4cccc5cc[nH]c45)cc32)cc1
c1ccc(CN(Cc2ccccc2)c2ccccc2)cc1
c1ccc(Oc2ccc3ccccc3n2)cc1
c1ccc(Oc2ccc(COc3ccc4c(cnn4-c4ccccc4)c3)cc2)cc1
c1ccc(-c2ccccc2)cc1
C1=Cc2c(ccc3c2C(=Cc2ccccc2)OC2=CCC=C23)NC1
c1ccc(-n2ncc3c(NCCc4c[nH]c5ccccc45)cccc32)cc1
C1=Cc2cc(-c3ccccc3)ccc2NC1
C1=CC(C=C2Oc3ccccc3-c3ccc4ncccc4c32)=CC1
C1=[SH]CC(N(Cc2ccccc2)Cc2ccc(-c3ccccc3)cc2)=CC1
O=S(=O)(Nc1ccc(-c2ccc3c(cnn3-c3ccccc3)c2)cc1)C1=CC=CC1
C1=Cc2c(ccc3c2C(=Cc2ccccc2)OC2=CCC=C23)NC1
C1=Cc2c(ccc3c2C(=Cc2cccs2)Oc2ccccc2-3)NC1
O=S(=O)(c1ccc(-c2cc3cccnc3[nH]2)cc1)N(c1ccccc1)c1ccccn1
c1ccc(-c2ccnc3ccccc23)cc1
c1ccc(-c2ccccc2)cc1
c1ccc(-c2c(-c3cccc4cc[nH]c34)ccc3c2CCCN3)cc1
c1ccc2cc(Sc3cccc4cc[nH]c34)ccc2c1
c1ccc(-c2ccc3c(cnn3-c3ccccc3)c2)cc1
c1ccc(CNc2ccccc2)cc1
O=C1C=C2C(=Cc3ccc(Oc4cccc5c4CCCC5)cc3)Oc3ccccc3C2=CC1
c1cc(CNCc2cccs2)cc(-c2cccc3cc[nH]c23)c1
c1ccc(Cc2ccnc3ccccc23)c(Cc2cc3cnccc3[nH]2)c1
C1=C(c2ccccc2)c2c(ccc3c2COc2ccccc2-3)NC1c1ccccc1
c1ccc(-n2ncc3cc(Cc4ccccc4CCc4cccc5c4OCC5)ccc32)cc1
C1=Cc2c(ccc3c2C(=Cc2ccccc2)Oc2ccccc2-3)NC1
c1ccc(CCn2ncc3cc(-c4ccc5c(c4)OCO5)ccc32)cc1
c1ccc(COc2ccc3c(cnn3-c3ccccc3)c2)cc1
C1=Cc2c(ccc3c2C(=Cc2ccccc2)Oc2ccccc2-3)NC1
O=C(c1ccccc1C=C1Oc2ccccc2-c2ccc3[nH]ccc3c21)N1CCCCC1
C(=C1Oc2ccccc2C2=CCC=C12)c1ccc(-c2ccccc2)cc1
C(=CNc1ccccc1)CC1Oc2ccccc2-c2ccc3[nH]ccc3c21
C1=CCC2=C(CSc3ccc4ccccc4c3)c3ccccc3C2=C1
c1ccc(-c2cccc3c2cnn3-c2cccnc2)cc1
O=C(Nc1ccccc1)C1=Nc2ccc(-c3cccc4cc[nH]c34)cc2C1
C(CCc1ccccc1)=C1Oc2ccccc2-c2ccc3ncccc3c21
C1=CCC2CCCC(n3ccc4cccc(-c5ccc6c(c5)CCCN6)c43)C2=C1
C1=Nc2c(cc(-c3cccc4cc[nH]c34)cc2COc2cccc3[nH]ccc23)C1
c1ccc(-c2ccccc2)cc1
C(=C1Oc2ccccc2-c2ccc3[nH]ccc3c21)c1cccs1
C1=CCCC(CN(Cc2ccccc2)c2ccccc2CCOc2ccccc2)=C1
C1=C(Oc2ccccc2)C2=C(C1)OC(=Cc1cccs1)c1c2ccc2[nH]ccc12
c1ccc(Cc2ccc3c(cnn3-c3ccccc3)c2)cc1
C1=CC2=C(CC1)OC(=CC1=CCCC1)c1c2ccc2c1C=CC(c1ccccc1)N2
c1ccc(Oc2cccc3c2COc2ccccc2-3)cc1
C1=CC2C(=Cc3ccccc3)Oc3ccc(-n4ncc5ccccc54)cc3C2=C1
O=c1onc(-c2ccccc2)c2cc(-c3ccc(S(=O)(=O)c4ccccc4)cc3)ccc12
O=S(=O)(c1ccccc1)c1ccc2c(c1)C(c1ccccc1)Oc1ccccc1-2
c1ccc(C2Cc3cc4ccccc4nc3CC2c2ccccc2)cc1
C1=C(c2ccc(CCc3ccc4c(c3)CCCC4)cc2)c2ccccc2C1
c1ccc(Cc2cc(-c3ccc4c(c3)CCCN4)c3[nH]ccc3c2)cc1
c1ccc(-c2ccccc2)cc1
C1=Cc2c(ccc3c2C(CCc2ccccc2)Oc2ccccc2-3)NC1
C1=CC(C=C2Oc3ccccc3-c3ccc4nc(-c5ccsc5)ccc4c32)=CCC1
C1=Cc2c(ccc3c2C(=Cc2ccccc2)Oc2ccccc2-3)NC1
C1=Cc2c(ccc3c2C(=Cc2cc4ccccc4[nH]2)Oc2ccccc2-3)NC1
c1ccc(-n2ncc3c(-c4ccc5c(c4)CCCC5)cccc32)cc1
c1ccc(C2CNc3ccc(-c4cccc5cc[nH]c45)cc3C2)cc1
c1ccc(COc2ccccc2)cc1
C1=Cc2c(ccc3c2C(=Cc2cccs2)Oc2ccccc2-3)NC1
c1ccc(CCC2CNc3ccc(-c4cccc5cc[nH]c45)cc3C2)cc1
c1ccc(CCCc2ccccc2)cc1
c1ccc(CNCc2[nH]c3ccccc3c2-c2cccc3[nH]ccc23)cc1
c1ccc(-c2ccccc2)cc1
c1ccc(C(CCCc2cc3ccccc3[nH]2)C2=Nc3ccccc3C2)cc1
C1=CC(n2ncc3cc(Cc4ccccc4CCc4cccc5c4OCC5)ccc32)=CCC1
c1ccc(-c2ccc(CNCSc3nc4ccccc4o3)cc2)cc1
C1=Cc2c(ccc3c2C(=Cc2ccccc2)Oc2ccccc2-3)NC1
c1ccc(-c2ccccc2)cc1
O=C(NCc1ccccc1)c1cnc2c(cnn2Cc2ccccc2)c1
C1=Cc2c(ccc3c2C(=Cc2ccccn2)Oc2ccccc2-3)NC1
c1ccc(-c2ccnc3ccccc23)cc1
c1ccc(CNc2ccccc2-c2ccc3[nH]ncc3c2)cc1
c1ccc(-n2ncc3cc(-c4ccc5c(cnn5-c5ccccc5)c4)ccc32)cc1
C1=CC(CNCc2[nH]c3ccccc3c2-c2ccccc2)=CC1
c1ccc(Cc2ccc3c(cnn3-c3ccccc3)c2)cc1
c1ccc(-c2ccc(-c3ccc4c(c3)CCCN4)c3[nH]ccc23)cc1
c1ccc(-c2c[nH]c3ccccc23)cc1
c1ccc(CC2CCc3cc(-c4cccc5cc[nH]c45)ccc3N2)cc1
C1=Cc2c(ccc3c2C(=Cc2ccccc2)Oc2ccccc2-3)NC1
C1=Cc2cc(CC(CCc3ccccc3)CC3=CCC(NC4CC4)=CC3)ccc2NC1
c1ccc(COc2ccccc2)cc1
c1ccc(Oc2ccccc2)cc1
C1=C(CCCc2cccc3c2N=NC3)CC=C1Oc1ccccc1
C1=CCCC(CCC=C2Oc3ccccc3-c3ccc4c(c32)C=CCN4)=C1
C1=Cc2c(ccc3c2C(=Cc2cccs2)Oc2ccccc2-3)NC1
C1=Cc2c(ccc3c2C(=Cc2ccccc2)Oc2ccccc2-3)NC1
N=C1CCNc2ccc(-c3cccc4cc[nH]c34)cc21
c1ccc(Oc2cc(-c3cccc4cc[nH]c34)cc3c2NCCC3)cc1
C(=C1Oc2ccccc2-c2ccccc21)c1cccs1
c1ccc(CCCCSc2nc3ccccc3s2)cc1
c1ccc(CCCCc2cccc3c2OCC3)cc1
C1=Cc2c(ccc3c2C(=Cc2ccccc2)Oc2ccccc2-3)NC1
c1ccc(CSc2ccc3ccccc3n2)cc1
c1ccc(Cc2ccc(-c3ccccc3)cc2)cc1
c1ccc(Cc2ccc3c(cnn3-c3ccccc3)c2)cc1
c1ccc(-c2ccnc3ccccc23)cc1
O=C1OCc2cc(C=CCNCc3ccc(Oc4ccccc4)cc3)ccc21
c1ccc(-c2cccc3cc[nH]c23)cc1
c1ccc(-c2cccc(-n3ncc4ccccc43)c2)cc1
O=S(=O)(Nc1ccccc1)c1ccc(C2=CCCc3ccccc32)cc1
C1=CC2=C(C1)c1ccccc1C(=Cc1cccc(OCc3ccccc3)c1)O2
c1ccc(NCc2cc3c(c(-c4ccccc4)c2)NCCC3)cc1
O=S(=O)(Nc1ccccc1)c1ccc(-c2ccc3[nH]ncc3c2)cc1
c1csc(C2Oc3ccccc3-c3ccc(-n4ncc5cc6c(cc54)CCCC6)cc32)c1
c1ccc(CN(Cc2cccnc2)c2ccccc2)cc1
C1=CC(N(Cc2ccccc2)Cc2ccccc2)=CCC1
O=S(=O)(NCCc1c[nH]c2cc(-c3ccccc3)ccc12)c1ccccc1
c1ccc(-c2ccccc2)cc1
C1=NC(Cc2ccccc2COCOc2ccccc2)=CC1c1cccc2cc[nH]c12
c1cc(-c2ccsc2)cc(-c2ccc3[nH]ncc3c2)c1
O=C(Nc1ccccc1)OC1CNc2ccc(-c3cccc4cc[nH]c34)cc2C1
c1ccc(CCSCc2ccccc2)cc1
C1=CCCC(CN(Cc2ccccc2)c2ccccc2)=C1
C1=Nc2ccc3c(c2C1)C(=Cc1ccccc1)Oc1ccccc1-3
c1ccc(Oc2ccccc2)cc1
C(=C1Oc2ccccc2-c2ccc3ncccc3c21)c1cccc(Cc2ccccc2)n1
O=S(=O)(Cc1ccccc1)Nc1ccc(-c2ccccc2)cc1
c1ccc(Oc2ccc3c(cnn3-c3ccccc3)c2)cc1
c1ccc(-c2ccccc2)cc1
C(=Cc1cccc2cc[nH]c12)c1cccc2c1cnn2-c1ccccc1
C1=Cc2cc(-c3ccccc3)ccc2NC1
C1=CCCC(CCCN(Cc2ccc(-c3ccccc3)cc2)C2=CCC=C2)=C1
c1ccc2c(c1)OCc1c-2ccc2ncccc12
C1=CCCC(c2ccccc2Oc2ccccc2)=C1
O=S(=O)(NC1=CCC=C1)c1ccc(-c2cccc3c2CCCC3)cc1
C(=C1Oc2ccccc2-c2ccc3ncccc3c21)c1ccccc1
C1=Cc2c(ccc3c2C(=Cc2ccccc2)Oc2ccccc2-3)NC1
C1=C(c2ccccc2)C=C2CCCC(c3ccccc3)C12
c1ccc(-c2cccc(-n3ncc4ccccc43)c2)cc1
c1ccc(Nc2ccccc2)cc1
c1cc(CC2CCc3cc(-c4cccc5cc[nH]c45)ccc3N2)c2[nH]ccc2c1
c1cncc(-c2nc3ccccc3cc2-c2cccc3cc[nH]c23)c1
c1ccc(-n2ncc3cc(-c4cc5ccccc5[nH]4)ccc32)cc1
c1ccc2c(-c3ccc4c(c3)CCCN4)c[nH]c2c1
O=S(=O)(Nc1ccccc1)c1ccc(S(=O)(=O)c2cnn(C3CCCC3)c2)cc1
c1cc(-c2ccsc2)cc(-c2ccc3[nH]ncc3c2)c1
C(=Cc1ccccc1)CCNc1cccc2c1cnn2-c1ccccc1
c1ccc(-n2ncc3cc(Cc4ccc5c(cnn5-c5ccccc5)c4)ccc32)cc1
C1=Cc2c(ccc3c2C(=Cc2cccs2)OC2=CCC=C23)NC1
C1=Cc2c(ccc3c2C(=Cc2ccccc2)Oc2ccccc2-3)NC1
c1ccc(CCCCc2ccc3c(cnn3-c3ccccc3)c2)cc1
C1=Cc2c(ccc3c2C(=Cc2ccccc2)Oc2ccccc2-3)NC1
C(=C1Oc2ccccc2-c2ccc3ncccc3c21)c1cccs1
c1ccc(CC(CNc2ccccc2)c2ccccc2)cc1
C1=CC(c2ccc(-c3ccc4c(c3)CCCN4)c3[nH]ccc23)=CCC1
O=S(=O)(Nc1ccccc1)c1ccc(-c2cccc3cc[nH]c23)cc1
C(Cc1ccccc1)=C1Oc2ccccc2-c2ccc3ncccc3c21
C1=Cc2c(ccc3c2C(=Cc2ccccc2)Oc2cnccc2-3)NC1
C1=CC(Cc2cccc3cc[nH]c23)C(c2ccc3c(cnn3-c3ccccc3)c2)=C1
C1=C(c2ccc3c(c2)CCC(NCc2ccccc2)=N3)c2ccccc2C1
C1=CC2=C(C=C3CCCC(Cc4csc5ccccc45)C3(Oc3ccccc3)C2)C1
O=S(=O)(c1ccccc1CCCc1ccccc1)N1CCCCC1
c1ccc(CCCCc2ccccc2)cc1
C1=CC2CC(c3ccc(-c4ccccc4)cc3)CCC2=C1
C1=CC(C=C2Oc3ccccc3-c3ccc4c(c32)C=CCN4)C=C1
c1ccc(Cc2ccccc2)cc1
C1=Cc2c(ccc3c2C(=CNCc2ccccc2)Oc2ccccc2-3)NC1
c1ccc(-c2ccc(-c3cnoc3)cc2)cc1
C1=Cc2c(ccc3c2C(=CCSCCc2ccccc2)OC2=C3CC=CC2)NC1
C1=Cc2c(ccc3c2C(=Cc2ccccc2)Oc2ccccc2-3)NC1
c1ccc(-c2ccccc2)cc1
C1=Cc2c(ccc3c2COc2cc4cnn(-c5ccccc5)c4cc2-3)NC1
c1ccc(-n2ncc3c(NCc4cccc5cc[nH]c45)cccc32)cc1
O=S(=O)(Nc1ccc(C2=CC=CCC2)cc1)c1ccccc1
c1ccc(CCc2cc3ccccc3s2)cc1
c1ccc(ON=C2CCNc3ccc(-c4cccc5cc[nH]c45)cc32)cc1
C(=C1Oc2ccccc2-c2ccccc21)c1ccccc1
O=S(=O)(c1ccc(C2=CC=CC2)cc1)N(CCc1ccccc1)c1ccccc1
C1=Cc2c(ccc3c2C(=Cc2ccccc2)Oc2ccccc2-3)NC1
C1=CC(Oc2ccc(CN(Cc3ccccc3)c3ccccc3)cc2)=CCC1
C1=C(c2ccccc2)c2c(ccc3c2COc2ccccc2-3)NC1
C1=CC2CCCC(n3ccc4cccc(-c5ccc6c(c5)CCCN6)c43)C2=C1
C1=Cc2c(ccc3c2C(=CC2=Nc4ccccc4C2)Oc2ccccc2-3)NC1
c1ccc(Cc2cccc3c2cnn3-c2ccccc2)cc1
O=S(=O)(Nc1ccccc1)c1cccc(Cc2ccccc2)c1
c1ccc(CCCOc2ccccc2)cc1
c1ccc(Oc2ccc3c(cnn3-c3ccccc3)c2)cc1
C1=Cc2c(ccc3c2C(CC2=CCC(c4ccsc4)=C2)Oc2ccccc2-3)NC1
c1ccc(CN(Cc2ccc(Oc3ccccc3)cc2)c2ccccc2)cc1
c1ccc(C2Oc3ccccc3-c3ccccc32)cc1
c1ccc(CNc2ccccc2)cc1
C1=Cc2c(ccc3c2C(=Cc2cccs2)Oc2ccccc2-3)NC1
C(=Cc1cccc2cc[nH]c12)c1ccc2c(cnn2-c2ccccc2)c1
c1ccc(Sc2ccnc3ccccc23)cc1
C1=CCC(N(Cc2ccccc2)C2CCc3cc(-c4ccccc4)ccc3N2)=C1
C(=Cc1ccccc1)CCC(Oc1ccc2c(cnn2-c2ccns2)c1)c1ccccc1
c1ccc(CCCCc2ccccc2-c2ccccc2)cc1
C=C1Oc2ccccc2-c2ccc3c(c21)C=CCN3
c1ccc(CCC(CCc2ccccc2)c2ccccc2)cc1
c1ccc(CCCc2ccc3c(c2)C(c2ccccc2)Oc2ccccc2-3)cc1
C1=CCCC(C=C2Oc3ccccc3-c3ccc4c(c32)C=CCN4)=C1
C1=C(Oc2cccc(-c3ccsc3)c2)C=C(C2CCCc3ccccc32)C1
c1ccc(Cc2ccc3c(cnn3-c3ccccc3)c2)cc1
c1ccc(-c2ccc3c(c2)CNN3c2ccccc2)cc1
c1ccc(-c2ccc3c(cnn3-c3ccccc3)c2)cc1
C1=CC(C=CCC2Oc3ccccc3-c3ccc4nc5c(cc4c32)CCCC5)=CCC1
C1=CC(N(Cc2ccc(Oc3ccccc3)cc2)Cc2cccnc2)=CC1
c1ccc(CCOc2cccc(OCCCCCc3cc4ccccc4[nH]3)c2)cc1
C1=CC(c2ccc(-c3ccccc3)cc2)=CC1
c1ccc(-c2ccccc2)cc1
C1=C(CSCCc2ccccc2)c2ccccc2NC1
c1ccc(-c2ccccc2CCCCc2cc3ccncc3[nH]2)cc1
C1=CC(C=C2Oc3ccccc3-c3ccc4c(c32)C=CCN4)=CCC1
O=C1CNc2ccc(-c3c4c(cc5cc[nH]c35)CCCC4)cc2C1Cc1ccccc1
c1ccc(-c2cccc3cc[nH]c23)cc1
C1=CC(N(CC=Cc2ccccc2)Cc2ccccc2)=CCC1
c1ccc(Nc2cccc3c2cnn3-c2ccccc2)cc1
c1cnc2c(-c3ccc4c(c3)CCC(c3cccc5cc[nH]c35)N4)cccc2c1
C1=CC(c2ccc(-c3cccc4cc[nH]c34)c(Cc3ccccc3)c2)=CC1
c1ccc(Cc2ccc3c(cnn3-c3ccccc3)c2)cc1
O=C1CNc2c(cc(-c3cccc4cc[nH]c34)cc2-c2ccccc2)C1
O=C(NCc1cccc(-c2cccc3cc[nH]c23)c1)c1ccccc1
O=S(=O)(c1ccccc1)c1cc(-c2cccc3cc[nH]c23)cc2c1NCCC2
c1ccc2c(c1)NCCC2CSc1ccc2ccccc2c1
C(=CCc1cc2ccccc2o1)CNCC1=CCC(c2cccc3cc[nH]c23)=C1
C1=Cc2c(ccc3c2C(=Cc2ccccc2)Oc2ccccc2-3)NC1
c1ccc(Cc2ccc3c(cnn3-c3ccccc3)c2)cc1
C1=CC(C=C2Oc3ccccc3-c3ccc4c(c32)C=CCN4)=CC1
c1ccc(Cc2ccc3c(cnn3-c3ccccc3)c2)cc1
C1=Cc2c(ccc3c2C(=Cc2ccccc2)Oc2ccccc2-3)NC1
C1=CCC2C(=C1)C(c1cccc3nccn13)CC(c1cccc3cc[nH]c13)C2c1ccccc1
O=C1CNc2c(cc(-c3cccc4c3NC=CC4)cc2-c2ccccc2)C1
C1=C(Cc2ccc(-c3cccnc3)cc2)C=C(CNCC2=CCCC2)C1
c1ccc(C2=Nc3ccc(-c4cccc5cc[nH]c45)cc3CC2)cc1
N=C1CCNc2ccc(-c3cccc4c(-c5cc6ccccc6[nH]5)c[nH]c34)cc21
C1=CC(CCCCc2ccccc2)=CC1
O=S(=O)(Nc1ccccc1)c1ccc(Cc2cc3ccncc3[nH]2)cc1
c1ccc(CCc2ccccc2)cc1
O=S(=O)(NC(Cc1ccc2ccccc2c1)c1ccccc1)c1ccccc1
C1=C(NCNCc2[nH]c3ccccc3c2-c2ccccc2)c2ccccc2CC1
c1ccc(C2CCc3cc(-c4cccc5cc[nH]c45)ccc3N2)cc1
C1=C(Cc2ccccc2)C=C(c2ccccc2)C1
O=S(=O)(Nc1cccc(N(Cc2ccccc2)Cc2ccccc2)c1)c1ccsc1
C1=C(Cc2ccccc2)CNc2cc(CCc3ccccc3)ccc21
c1ccc(ON=C2CCNc3ccc(-c4cccc5cc[nH]c45)cc32)cc1
O=S(=O)(C=CCC1Oc2ccccc2-c2ccc3c(c21)C=CCN3)c1ccccc1
C1=Cc2c(ccc3c2C(=Cc2ccccc2)Oc2ccccc2-3)NC1
C1=CC(CC2CCc3cc(-c4cccc5cc[nH]c45)ccc3N2)=CCC1
O=S(=O)(Nc1ccccc1)c1ccccc1
c1ccc(-c2ccccc2)cc1
C1=Cc2ccc(-c3cccc4cc[nH]c34)cc2C1
C(=Cc1ccccc1)CN(Cc1ccccc1)c1ccccc1
C(=C1Oc2ccccc2-c2ccccc21)c1cccs1
c1ccc(-c2ccccc2)cc1
c1ccc(CC2CCNc3ccc(-c4cccc5cc[nH]c45)cc32)cc1
C1=Cc2c(ccc3c2C(=Cc2ccccc2)Oc2ccccc2-3)NC1
c1ccc(Oc2ccccc2-n2ncc3ccccc32)cc1
C1=C(N(Cc2ccccc2)Cc2ccccc2)c2ccccc2CC1
C1=Cc2c(ccc3c2COc2cccc(Oc4ccccc4)c2-3)NC1
O=C1CNc2ccc(-c3cccc4cc[nH]c34)cc2C1CC1=CCCc2ccccc21
O=S(=O)(Cc1ccccc1)Nc1ccc(-c2ccc3c(cnn3-c3ccco3)c2)cc1
c1ccc(COc2ccc3c(cnn3-c3ccccc3)c2)cc1
O=S(=O)(CC1CCCc2ccccc21)Nc1cccc(N(CC2=CC=CCC2)Cc2ccccc2)c1
c1ccc(C(CCc2cccc3c2OCC3)Cc2cc3ccccc3[nH]2)cc1
C(=Cc1ccc2c(c1)CCC(CC1CCCc3ccccc31)N2)Cc1ccccc1
c1ccc(-c2cccc3c2cnn3-c2ccccc2)cc1
c1ccc(-c2cccc(-c3cccc4cc[nH]c34)c2)cc1
c1ccc(Cc2ccccc2)cc1
C1=C(c2ccc(NSc3nc4ccccc4o3)cc2)CCC1
c1ccc(CCCCc2ccccc2)cc1
C1=C(CC(CCc2ccccc2)Cc2ccccc2)c2ccccc2C1
c1ccc2c(c1)cnn2-c1ccc(-c2cc3ccncc3s2)cc1
C(=Cc1ccccc1)CCC(Oc1ccc2c(cnn2-c2ccns2)c1)c1ccccc1
O=S(=O)(Nc1ccccc1)c1ccc(-c2ccc3c(cnn3C3=CCC=C3)c2)cc1
O=C(OC1=CCCC1)N(Cc1ccccc1)c1ccccc1
c1ccc(CCCc2cc3ccccc3[nH]2)cc1
c1ccc(Cc2ccccc2)cc1
C1=C(OC(CCc2cccc3cc[nH]c23)c2ccccc2)c2ccccc2CC1
c1ccc(Cc2cccc3c2cnn3-c2ccccc2)cc1
O=S(=O)(Nc1ccc(-c2ccc3[nH]ncc3c2)cc1)c1cccc(Cc2ccsc2)c1
c1ccc(COc2ccc3c(cnn3-c3ccccc3)c2)cc1
c1cc(-c2ccc(-c3ccsc3)cc2)c2[nH]ccc2c1
c1ccc(NCCCCc2ccccc2Oc2ccccc2)cc1
c1ccc(-c2ccccc2)cc1
c1ccc(-c2cccc3ncccc23)cc1
c1ccc(CCc2cccc(-c3ccccc3)c2)cc1
C1=CC(Nc2ccc3c(c2)CC(c2ccccc2)C(Cc2ccccc2)N3)=CCC1
c1ccc(Cc2ccccc2)cc1
c1ccc(Cc2[nH]c3ccccc3c2-c2ccccc2)cc1
O=S(=O)(Nc1ccccc1)c1ccccc1
O=S(=O)(Cc1ccccc1)NC1=CC=C(n2ncc3cc(-c4cccc(-c5ccsc5)c4)ccc32)C1
c1ccc(-c2ccc3c(c2)CCC(c2cccc4cc[nH]c24)C3)cc1
c1ccc(CNc2cccc3c2cnn3-c2ccccc2)cc1
C1=Cc2c(ccc3c2C(=Cc2ccccc2)Oc2ccccc2-3)NC1
C1=[SH]C(c2ccc(-n3ncc4cc(CCc5ccnc6ccccc56)ccc43)cc2)=CC1
c1ccc(-c2cc(-c3ccccc3)c3[nH]ccc3c2)cc1
C1=CC(COc2ccc(-c3ccccc3)cc2)=CC1
c1ccc(Cc2ccc3c(c2)CCCC3)cc1
C1=Cc2c(ccc3c2C(=Cc2cccs2)Oc2ccccc2-3)NC1
c1ccc(CNc2cccc3c2cnn3-c2ccccc2)cc1
c1ccc(CCc2ccccc2)cc1
c1ccc(-c2ccccc2)cc1
c1ccc(Cc2[nH]c3ccccc3c2-c2cccc3cc[nH]c23)cc1
C1=C(c2csc3ccccc23)CC=C1c1cccc2cc[nH]c12
c1ccc2c(c1)CCCC2CC(CNc1cccc2ncccc12)Cc1csc2ccccc12
C1=Cc2c(ccc3c2C(=Cc2cccs2)Oc2ccccc2-3)NC1
C1=Cc2c(ccc3c2C(=Cc2cccs2)Oc2ccccc2-3)NC1
C(=C1Oc2ccccc2-c2ccc3c(c21)CCCC3)c1ccccc1
O=S(=O)(NCCOc1ccc2c(cnn2-c2ccccc2)c1)c1cccc(-c2ccccc2)c1
c1ccc(CN(Cc2ccccc2)c2ccccc2-c2ccccc2)cc1
C1=CCC(CNCc2ccc(Oc3ccccc3)cc2)=C1
c1ccc(-n2ncc3cc(Oc4cc5ccccc5[nH]4)ccc32)cc1
c1ccc(CON=C2CCNc3ccc(-c4cccc5cc[nH]c45)cc32)cc1
C1=Cc2c(ccc3c2C(=Cc2ccccc2)Oc2ccccc2-3)NC1
C1=C(c2ccc3c(cnn3-c3ccccc3)c2)C=C(n2ncc3ccccc32)C1
c1ccc(C2=Nc3ccc(-c4cccc5cc[nH]c45)cc3C2)cc1
O=C(CSc1ccccc1)Nc1cccc2c1cnn2-c1ccccc1
C1=CCC(c2cccc(N(CC3=CCC=C3)Cc3ccccc3)c2)=C1
c1ccc(COc2cccc3c2OCC3)cc1
C=C1Oc2ccccc2-c2ccc3c(c21)C=CCN3
O=C(NCc1ccc(-c2cnoc2)cc1)c1ccccc1
O=C1CNc2ccc(SC=Cc3cccs3)cc2C1
C1=Cc2c(ccc3c2C(=Cc2ccccc2)OC2=CCC=C23)NC1
c1ccc(CCC(Cc2ccc3c(c2)CCCN3)Cn2cnc3ccccc32)cc1
C1=Cc2c(ccc3c2C(=Cc2ccccc2)Oc2ccccc2-3)NC1
c1ccc(-c2ccccc2)cc1
c1ccc(CN(Cc2ccccc2)c2ccccc2)cc1
O=S(=O)(NCCc1ccc2ccccc2c1)c1ccc(-c2cccc3cc[nH]c23)cc1
c1ccc(CCSCc2ccccc2)cc1
C(=C1Oc2ccccc2-c2ccc3[nH]ccc3c21)c1ccccc1
O=C(Nc1ccccc1)OC1CNc2ccc(-c3cccc4cc[nH]c34)cc2C1
C1=Cc2c(ccc3c2C(=Cc2ccccc2)Oc2ccccc2-3)NC1
c1ccc(CN(c2ccccc2)c2ccccc2)cc1
C(=C1Oc2ccccc2-c2ccccc21)c1ccccc1
O=S(=O)(Nc1ccccc1)c1ccc(-c2ccc3[nH]ncc3c2)cc1
C1=Cc2c(ccc3c2C(=Cc2ccccc2)Oc2ccccc2-3)NC1
c1ccc(CN(Cc2c[nH]c3ccccc23)c2ccccc2)cc1
C1=C(c2ccc3nc4c(cc3c2)CCCC4)CC(c2cccc3cc[nH]c23)=C1
c1ccc(-c2c[nH]c3ccccc23)cc1
c1ccc(CCc2ccc3c(c2)CCCC3)cc1
c1ccc(Oc2ccccc2)cc1
c1ccc(CNc2ccccc2)cc1
C(=C1Oc2ccccc2-c2ccc3ncccc3c21)c1ccccc1
c1ccc2c(c1)CCCC2CCCNc1cccc2ncccc12
c1ccc(CNCc2ccc(Oc3cccc4c3NCC4)cc2)cc1
C(=C1Oc2ccccc2-c2ccc3[nH]ccc3c21)c1ccccc1
C1=Cc2c(ccc3c2C(=Cc2ccccc2)Oc2ccccc2-3)NC1
c1ccc(-c2cccc3c2-c2ccccc2C(c2ccccc2)O3)cc1
C1=Cc2c(ccc3c2C(=CC2=CCCC2)Oc2ccccc2-3)NC1
C1=Cc2c(ccc3c2C(=Cc2ccccc2)Oc2ccccc2-3)NC1
c1ccc(CNc2ccccc2)cc1
c1ccc(Cc2ccc(-c3cccc4cc[nH]c34)cc2)cc1
c1ccc(Oc2cc3ccncc3[nH]2)c(CCCCc2cc3ccccc3[nH]2)c1
C1=Cc2cc(-c3c(Oc4ccccc4)ccc4cc[nH]c34)ccc2NC1
C1=Cc2c(ccc3c2C(=Cc2cccs2)Oc2ccccc2-3)NC1
C(=Cc1ccccc1)CN(Cc1ccccc1)c1ccccc1
O=C(Cn1cnc2ccccc21)c1ccccc1-c1ccccc1
C1=Cc2c(ccc3c2C(=Cc2ccccc2)Oc2ccccc2-3)NC1
C1=CC(CCCCC2CCCC3=Cc4c(cnn4-c4ccccc4)CC32)=CC1
C1=CC(n2ncc3cc(OCc4ccc5c(cnn5-c5ccccc5)c4)ccc32)=C(c2ccccc2)C1
c1cc(OC2=C(c3ccc(-c4ccsc4)cc3)c3[nH]ccc3C2)c2[nH]ccc2c1
c1ccc(OC2CNc3ccc(-c4cccc5cc[nH]c45)cc3C2)cc1
c1ccc(CNc2cccc3c2cnn3-c2ccccc2)cc1
O=C(Nc1ccccc1)OC1CNc2ccc(-c3cccc4cc[nH]c34)cc2C1
c1ccc(-c2cccc3cc[nH]c23)cc1
C1=C2OC(=Cc3ccccc3)c3c(ccc4ncccc34)C2=CC1
O=S(=O)(NC(Cc1ccc(N2CCCC2)cc1)c1ccccc1)c1ccccc1
O=S(=O)(NCCc1c[nH]c2ccccc12)c1ccc(-c2ccccc2)cc1
C1=CC(C2=CCNc3ccc4c(c32)COc2ccccc2-4)=CC1
C(=COc1ccccc1)CC1Oc2ccccc2-c2ccc3[nH]ccc3c21
c1ccc(ON=C2CCNc3ccc(-c4cccc5cc[nH]c45)cc32)cc1
c1ccc(CCCCc2ccccc2)cc1
O=C(NCC(CCc1c[nH]c2ccccc12)c1ccccc1)c1ccccc1
C(#COC(Oc1cccc2c1cnn2-c1ccccc1)c1ccccc1)Cc1ccccc1
c1ccc(NC2=Nc3ccc(-c4cccc5cc[nH]c45)cc3C2)cc1
O=S(=O)(Nc1ccc(-c2ccc3[nH]ncc3c2)cc1)c1ccccc1
c1ccc2[nH]c(CCCC3CCc4cc(-c5cccc6cc[nH]c56)ccc4N3)cc2c1
C1=CCC(C=C2Oc3ccccc3-c3ccc4c(c32)C=CCN4)=C1
C1=Cc2c(ccc3c2C(Cc2ccccc2)=CC3)NC1
c1ccc(-c2cccc3c2cnn3-c2ccccc2)cc1
c1ccc(-c2ccc3c(c2)N(c2ccc(-c4ccccc4)nc2)NC3)cc1
O=S(=O)(Nc1cccc2c1-c1ccc3c(c1C(=Cc1ccccc1)O2)C=CCN3)c1cccs1
c1ccc(C2CCc3cc(-c4cccc5cc[nH]c45)ccc3N2)cc1
c1ccc(C(Oc2ccc3[nH]ncc3c2)c2ccc3cnn(-c4ccccc4)c3c2)cc1
O=C1CNc2c(cc(-c3cccc4cc[nH]c34)cc2-c2ccccc2)C1
O=C(Nc1ccc2c(c1)C=CCN2)OC1CNc2ccc(-c3cccc4cc[nH]c34)cc2C1
c1ccc(CN(Cc2cc3ccncc3s2)c2ccccc2)cc1
C=C1Oc2ccccc2-c2ccc3nc(-c4ccsc4)ccc3c21
c1cc(-c2ccsc2)cc(C2CCc3cc(-c4cccc5cc[nH]c45)ccc3N2)c1
C1=CC2c3ccccc3CCC2NC1
c1ccc(CNCc2ccc(Oc3ccccc3)cc2)cc1
O=C(Nc1ccccc1)OC1C=Nc2ccc(-c3cccc4cc[nH]c34)cc2C1
c1ccc(-c2cccc(-n3ncc4ccccc43)c2)cc1
c1ccc2c(c1)CCCC2CCNc1cccc2cnccc12
C1=C(c2cccc3cc[nH]c23)C(C2CCCCC2)=CC1c1ccsc1
c1ccc(CCSCc2ccccc2)cc1
c1ccc(C(Cc2cccc3cc[nH]c23)c2ccc3c(cnn3-c3ccccc3)c2)cc1
c1ccc(-c2ccc3c(cnn3-c3ccccc3)c2)cc1
C1=Cc2c(ccc3c2C(=Cc2ccccc2)Oc2ccccc2-3)NC1
c1ccc2nc(SCc3c[nH]c4ccccc34)ccc2c1
C1=Cc2c(ccc3c2C(=CCCc2ccccc2)Oc2ccccc2-3)NC1
c1cc(-c2ccc3c(c2-c2cccc4cc[nH]c24)CCCN3)c2[nH]ccc2c1
c1ccc(C(Oc2ccc3c(cnn3-c3ccccc3)c2)c2ccccc2)cc1
C(=C1Oc2ccccc2-c2ccc3ncccc3c21)c1cccs1
c1ccc(CCSC(CC(Cc2cc3cnccc3[nH]2)C2CC2)c2ccccc2)cc1
c1ccccc1
C1=C(c2ccc3c(c2)CCCN3)C2C(=C1)c1ccccc1OC2c1ccccc1
c1ccc(-c2cccc3cc[nH]c23)cc1
C1=CC(c2ccc3c(cnn3Cc3cccs3)c2)=CC1
C1=CCCC(C=C2Oc3ccccc3-c3ccc4c(c32)C=CC(c2ccnc3ccccc23)N4)=C1
c1ccc(-n2ncc3cc(-c4cccc5cc[nH]c45)ccc32)cc1
C1=CC2=C(C1)OC(=Cc1ccccc1)c1c2ccc2ncccc12
c1ccc(Oc2ccccc2)cc1
O=C(c1ccc(CCCCc2cccc3cc[nH]c23)cc1)C1CCCCC1
c1ccc(Cc2[nH]c3ccccc3c2-c2ccccc2)cc1
c1ccc(Cc2ccccc2)cc1
c1cc(-c2ccc3c(c2)C(=NOCCc2c[nH]c4ccccc24)CCN3)c2[nH]ccc2c1
C1=Cc2c(ccc3c2C(=Cc2ccccc2)OC2=C3C=CC2)NC1
C1=Cc2c(ccc3c2C(=Cc2ccccc2)Oc2ccccc2-3)NC1
C1=C(C(Cc2ccccc2)c2ccccc2)CCCC1
C1=Nc2ccc(-c3cccc4[nH]ccc34)cc2C1c1ccccc1
C1=Cc2c(ccc3c2C(=Cc2ccccc2)Oc2ccccc2-3)NC1
C1=Cc2c(ccc3c2C(=Cc2cccs2)Oc2ccccc2-3)NC1
c1ccc(CN(Cc2ccccc2)c2ccccc2)cc1
C1=CC(Cc2csc3ccccc23)Nc2ccc3c(c21)C(=CC1=CCCS1)Oc1ccccc1-3
O=S(=O)(Nc1cccc(N(Cc2ccccc2)Cc2ccccc2)c1)c1ccsc1
C1=Cc2c(ccc3c2C(=Cc2cccs2)Oc2ccccc2-3)NC1
c1cc(-c2ccsc2)cc(-c2cccc3cc[nH]c23)c1
C1=Cc2c(ccc3c2C(=CCC2CCCCC2)Oc2ccccc2-3)NC1
C1=Cc2c(ccc3c2C(=Cc2ccccc2)Oc2cccnc2-3)NC1
c1cc(CCCCc2ccc3c(c2)CCCC3)c2c(c1)CCO2
C1=Cc2c(ccc3c2C(=Cc2ccsc2)Oc2ccccc2-3)NC1
O=S(=O)(c1ccccc1CCCc1ccccc1)N1CCCCC1
c1ccc(CNc2ccc(-n3ncc4ccccc43)cc2)cc1
c1ccc(Oc2ccccc2)cc1
c1ccc(CCCCCCCc2cccc3cc[nH]c23)cc1
c1ccc(-n2ncc3c(C4CCCC4)cccc32)cc1
c1ccc(-c2cccc3ncccc23)cc1
c1ccccc1
C1=C(CC(CCc2ccccc2)C(c2ccccc2)c2ccccn2)c2ccccc2C1
c1ccc(C(Oc2ccc3[nH]ncc3c2)c2ccccc2)cc1
C1=Cc2c(ccc3c2C(=Cc2ccccc2)Oc2ccccc2-3)NC1
C1=Cc2c(ccc3c2C(=CCCc2ccccc2)Oc2ccccc2-3)NC1
c1ccc(-c2ccccc2)cc1
c1cc(CCc2cc3ccccc3[nH]2)cc(CNc2cnoc2)c1
c1ccc(-c2c(-c3cccc4cc[nH]c34)ccc3c2CCCN3)cc1
c1ccc(CCCc2cc3ccccc3[nH]2)cc1
c1ccc(-c2ccc(C(c3ccccc3)c3cccs3)cc2)cc1
C1=Cc2c(ccc3c2C(=Cc2ccccc2)Oc2ccccc2-3)NC1
C1=Cc2c(ccc3c2COc2cccc(Oc4cccc5cc[nH]c45)c2-3)NC1
O=S(=O)(NC1=CCC=C1)c1ccc(Nc2cccc3ncccc23)cc1
O=C(Nc1ccccc1)OCC(Oc1ccc2c(cnn2-c2ccccc2)c1)c1ccccc1
c1ccc(CCCCCCCCc2ccccc2)cc1
O=C(c1ccsc1C=C1Oc2ccccc2-c2ccc3c(c21)C=CCN3)N1CCCCC1
c1ccc2[nH]c(-n3ncc4cc(Nc5cccc6ncccc56)ccc43)cc2c1
O=S(=O)(Nc1ccccc1)c1ccccc1
C1=Cc2c(ccc3c2C(=Cc2ccccc2)Oc2ccccc2-3)NC1
C1=Cc2c(ccc3c2C(=Cc2cccc4c2CC=N4)Oc2ccccc2-3)NC1
c1ccc(Cc2ccc3c(cnn3-c3ccccc3)c2)cc1
C1=Cc2c(ccc3c2COc2ccccc2-3)NC1
c1cc(C2CCc3cc(-c4cccc5cc[nH]c45)ccc3N2)c2ccncc2c1
C1=Cc2c(ccc3c2C(=Cc2ccccc2)OC2=C3C=CC2)NC1
c1ccc2c(c1)CCCC2CCCc1cc2ccccc2[nH]1
C1=CC(NCc2nc3ccccc3o2)c2cc(-c3cccc4ncccc34)ccc2N1
O=S(=O)(Nc1ccc(-c2ccc3c(cnn3C3=CC=CC3)c2)cc1)c1ccsc1
C1=Cc2c(ccc3c2C(=Cc2ccccc2)Oc2ccccc2-3)NC1
C1=Nc2ccccc2C1c1cccc(-c2cccc3cc[nH]c23)c1
c1ccc(-c2csc3ccccc23)cc1
C(=C1Oc2ccccc2-c2ccc3ncccc3c21)c1ccsc1
c1ccc(-c2ccnc3ccccc23)cc1
O=C(Nc1ccccc1)OCCc1ccccc1
O=S(=O)(Nc1ccccc1)c1ccccc1CNCc1ccccc1
c1ccc(CN(c2ccccc2)c2ccccc2)cc1
O=C(NC=CCCCCc1ccccc1)C(CCc1ccccc1)Cc1ccccc1
O=C(Nc1ccccc1)OC1CNc2ccc(-c3cccc4cc[nH]c34)cc2C1
C1=Cc2c(ccc3c2C(=Cc2ccccc2)Oc2ccccc2-3)NC1
c1ccc(-c2ccccc2-c2cccc3cc[nH]c23)cc1
C1=CCC(c2ccccc2)C(c2ccc3c(cnn3-c3ccccc3)c2)=C1
C1=Cc2c(ccc3c2C(=Cc2ccccc2)Oc2ccccc2-3)NC1
O=S(=O)(c1ccccc1)c1ccccc1
c1ccc(-c2ccc3c(cnn3-c3ccccc3)c2)cc1
c1ccc(Cc2ccc(-c3ccccc3)cc2)cc1
O=c1onc(Cc2ccccc2)c2c(-c3ccccc3)cccc12
C(=C1Oc2ccccc2-c2ccc3nc(-n4ncc5ccccc54)ncc3c21)c1ccccc1
c1ccc(-c2ccccc2)cc1
O=C(Nc1ccccc1)OC1CNc2ccc(-c3cccc4cc[nH]c34)cc2C1
C1=CC(c2ccc(CCOc3ccccc3)cc2)=CC1
C=C1Oc2ccccc2-c2ccc3c(c21)C=CCN3
C1=Cc2c(ccc3c2C(=Cc2cccc4cc[nH]c24)Oc2ccccc2-3)NC1
O=C(Nc1ccccc1)c1ccccc1
C1=Cc2c(ccc3c2C(=Cc2ccsc2)Oc2ccccc2-3)NC1
c1ccc(-c2ccccc2)cc1
c1ccc(-c2cc3ccccc3s2)cc1
c1ccc(NCNc2cccc3c2cnn3-c2ccccc2)cc1
C1=C(c2ccc3c(cnn3-c3ccccc3)c2)C=C(n2ncc3ccccc32)C1
O=C(c1ccccc1)c1cccc2c1C(c1ccccc1)=CC2
C1=Cc2c(ccc3c2C(=Cc2ccccc2)Oc2ccccc2-3)NC1
C1=CC(N(Cc2ccccc2)Cc2ccccc2)=CCC1
C1=Cc2c(ccc3c2C(=CC2=CCCCC2)Oc2ccccc2-3)NC1
O=S(=O)(NC(CCCc1ccccc1)c1ccccc1)c1ccccc1
c1ccc2cc(-c3cccc4cc[nH]c34)ccc2c1
c1ccc(-n2ncc3cc(CCc4csc5ccccc45)ccc32)cc1
C1=CCC(CN(Cc2ccccc2)c2ccccc2)=C1
c1ccc(C2CCNc3ccc(-c4cccc5cc[nH]c45)cc32)cc1
C1=CC(c2ccc(Sc3nc4ccccc4o3)cc2)=C(c2ccccc2)C1
C1=CC2C(=C1)c1c(OCNc3ccc(-c4ccccc4)cc3)cccc1OC2c1ccccc1
C(=C1Oc2ccccc2-c2cccnc21)c1cccc(-c2ccsc2)c1
c1ccc(-c2ccccc2CC2CCc3ccccc3C2)cc1
c1ccc(CNCc2ccc(Oc3ccccc3)cc2)cc1
C1=Cc2c(ccc3c2C(=Cc2ccccc2)Oc2ccccc2-3)NC1
C1=Cc2ccc(-c3cccc4cc[nH]c34)cc2C1
C1=Cc2c(ccc3c2C(=Cc2ccccc2)OC2=CCC=C23)NC1
C(=C1Oc2ccccc2-c2ccc3ncccc3c21)c1cccs1
c1ccc2c(c1)cnn2-c1ccc(-c2cc3ccncc3s2)cc1
c1ccc(Cc2ccc(-c3cccc4cc[nH]c34)cc2)cc1
C(=C1Oc2ccccc2-c2ccccc21)c1ccccc1-c1cccc2c1CCNC2
c1ccc(-c2cccc3cc[nH]c23)cc1
O=S(=O)(Nc1ccccc1)c1ccc(-c2cc3c([nH]2)N=CCC3)cc1
C1=Cc2c(ccc3c2C(=Cc2ccccc2)Oc2ccccc2-3)NC1
C1=CC(c2ccccc2)=C(c2cccc3cc[nH]c23)C1
c1ccc(-c2ccc3c(cnn3-c3ccccc3)c2)cc1
C1=CC2=C(C1)OC(=Cc1ccccc1)c1c2ccc2ncccc12
c1cnc2c(c1)C(c1ccc3c(c1)CCCN3)=C(c1cccc3cc[nH]c13)C2
C(=CCc1nc2ccccc2o1)Cc1ccc2ccccc2c1
C1=CC(N(Cc2ccccc2)Cc2ccccc2)=CCC1
C(=C1Oc2ccccc2-c2ccc3[nH]ccc3c21)c1ccccc1
c1ccc(-n2ncc3c4c(ccc32)-c2ccccc2OC4)cc1
c1ccc(CCCc2ccccc2)cc1
c1ccc(NC2=Nc3ccc(-c4cccc5[nH]ccc45)cc3C2)cc1
C1=CC(c2ccc3c(cnn3-c3ccccc3)c2)=CC1
c1ccc(-n2ncc3cc(OCc4cc5ccccc5[nH]4)ccc32)cc1
c1ccc(-c2c[nH]c3ccc4c(c23)COc2ccccc2-4)cc1
O=C(Nc1ccccc1)OC1Cc2cc(-c3cccc4cc[nH]c34)ccc2NC1c1cc2cc[nH]c2cn1
O=S(=O)(NC1=CCC=C1)c1ccc(C2=C(Cc3ccccc3)C=CC2)cc1
C(=C1Oc2ccccc2-c2ccccc21)c1ccccc1
C1=CCC(c2ccc(NNc3ccccc3)cc2)=C1
c1ccc(CCCCc2ccccc2)cc1
c1ccc(C2Oc3ccccc3-c3ccccc32)cc1
C(=C1Oc2ccccc2-c2ccc3ncccc3c21)c1ccccc1
C1=Cc2c(ccc3c2C(=Cc2ccccc2)OC2=C3C=CC2)NC1
O=S(=O)(Cc1ccccc1)C1C=Cc2c(ccc3c2C(=Cc2ccccc2)Oc2ccccc2-3)N1
c1cc(CCCc2cc3ccccc3[nH]2)cc(-c2ccsc2)c1
C1=CCCC(C=C2Oc3ccccc3-c3ccc4c(c32)C=CCN4)=C1
C1=CCC(C2=CCNc3ccc4c(c32)COc2ccccc2-4)=CC1
C1=CC(Cc2ccccc2)C(c2ccc3c(cnn3-c3ccccc3)c2)=C1
c1ccc(-n2ncc3cc(Cc4cc5ccccc5[nH]4)ccc32)cc1
C1=Nc2ccc(-c3cccc4cc[nH]c34)cc2CC1
c1ccc(CC(Oc2ccc3[nH]ncc3c2)c2ccccc2)cc1
C1=Cc2cccc(-c3cc(-n4ncc5c(NC6CCCCC6)cccc54)c[nH]3)c2C1
O=C(c1ccccc1C=C1Oc2ccccc2-c2ccc3ncccc3c21)N1CCCCC1
c1ccc(CCC(Cc2ccccc2)Cc2cc3ccccc3[nH]2)cc1
C1=Cc2c(ccc3c2C(=Cc2ccccc2)Oc2ccccc2-3)NC1
C1=Cc2c(ccc3c2C(=Cc2ccccc2)Oc2ccccc2-3)NC1
C1=CC(Oc2cccc(-c3ccccc3)c2)=CCC1
c1ccc(OCCCCCc2ccsc2)cc1
C1=C(CNc2ccccc2)CC(c2ccccc2)=C1
c1ccc(-n2ncc3c(CCCc4cccc5cc[nH]c45)cccc32)cc1
N=C1CCNc2ccc(-c3ccc(C4=CCC=C4)cc3)cc21
C1=Cc2c(ccc3c2C(=Cc2ccccc2)Oc2ccccc2-3)NC1
C1=CC(c2cccc3c2cnn3-c2ccccc2)=CCC1
c1ccc(OCCCNc2cccc3ncccc23)cc1
c1ccc(CCC(CCc2ccccc2)Cc2cc3ccccc3[nH]2)cc1
C1=Cc2c(ccc3c2C(=Cc2ccccc2)OC2=C3C=NCC2)NC1
C1=Nc2ccc(-c3cccc4c3N=CC4)c(-c3ccccc3)c2C1
C1=CCC(C2=CCNc3ccc4c(c32)C(c2ccccc2)Oc2ccccc2-4)=C1
c1ccc(-c2c[nH]c3ccccc23)cc1
c1ccc2c(c1)OCc1c-2ccc2ncccc12
C1=Cc2c(ccc3c2C(=Cc2ccccc2)Oc2ccccc2-3)NC1
C1=Cc2c(ccc3c2C(=Cc2ccccc2)Oc2ccccc2-3)NC1
C(=C1Oc2ccccc2-c2ccc3ncccc3c21)c1ccccc1
O=S(=O)(c1ccccc1)c1ccccc1-c1cccc2cc[nH]c12
O=C(NC=C1Oc2ccccc2-c2ccc3c(c21)C=NCN3)Oc1ccc(-c2ccccc2)cc1
c1ccc(-c2ccc3c(cnn3-c3ccccc3)c2)cc1
C1=C(C=C2Oc3ccccc3-c3ccccc32)CC=C1Cc1ccccc1
C1=Cc2c(ccc3c2C(=Cc2cccs2)Oc2ccccc2-3)NC1
c1ccc(Cc2ccccc2)cc1
C1=Cc2c(ccc3c2C(=Cc2cccs2)Oc2ccccc2-3)NC1
c1ccc(-n2ncc3cc(C4=Nc5ccccc5C4)ccc32)cc1
C1=Cc2c(ccc3c2C(=Cc2cccs2)Oc2ccccc2-3)NC1
c1ccc(-c2ccccc2)cc1
c1ccc(Oc2ccccc2)cc1
C1=CC(Nc2ccc3c(c2)C(c2ccccc2)Oc2ccccc2-3)=CC1
c1ccc(-c2ccccc2)cc1
O=c1oncc2c3c(ccc12)-c1ccccc1OC3=Cc1ccccc1
c1ccc(CNCc2[nH]c3ccccc3c2-c2ccccc2)cc1
C1=CCC2CC(CCSCC3=CCNc4ccc(-c5ccccc5)cc43)CCC2=C1
c1ccc(CCC(Cc2cc3cnccc3[nH]2)c2ccccc2)cc1
C1=Cc2c(ccc3c2C(=Cc2ccc4c(c2)CCCC4)Oc2ccccc2-3)NC1
O=S(=O)(Nc1ccccc1)c1ccc(-c2ccc3[nH]ncc3c2)cc1
C1=C(NCc2ccccc2)CCC=C1c1ccccc1
C1=Cc2c(ccc3c2C(=Cc2cccc4cc[nH]c24)Oc2ccccc2-3)NC1
C1=Cc2c(ccc3c2C(=Cc2cccc4cc[nH]c24)Oc2ccccc2-3)NC1
c1cc(-c2ccc3c(c2)CCCN3)c2[nH]ccc2c1
c1ccc2c(c1)CCCC2CCCc1cc2ccccc2[nH]1
C(=C1Oc2ccccc2-c2ccc3[nH]ccc3c21)c1ccccc1
c1ccc(-c2ccccc2)cc1
c1ccc(Cc2ccc3c(cnn3-c3ccccc3)c2)cc1
c1ccc2c(Cc3ccsc3)coc2c1
C(=C1Oc2ccccc2-c2ccc3c(c21)CC(c1ccccc1)=N3)c1ccsc1
C1=CC(C=C2Oc3ccccc3-c3ccc4c(c32)C=CCN4)=CCC1
O=S(=O)(NCCCCc1ccccc1)c1ccc(-c2ccccc2)cc1
O=S(=O)(Nc1ccccc1)c1ccc(C2=C(c3ccsc3)C=CC2)cc1
C1=CCC2CC(c3c[nH]c4ccccc34)CC(CC3(C4CCCC4)CCCc4ccccc43)C2=C1
c1ccc(Nc2ccccc2)cc1
O=S(=O)(c1ccccc1)C12Cc3cnn(-c4ccccc4)c3C=C1CCCC2Cc1csc2ccccc12
c1ccc2[nH]c(CCCCc3ccc(-c4cccc5cc[nH]c45)cc3)cc2c1
c1ccc(Cc2ccnc3ccccc23)cc1
c1ccc(-c2cccnc2)cc1
c1ccc(CCCn2ccc3ccccc32)cc1
c1ccc(CCCCNCc2ccccc2)cc1
c1ccc(Cc2ccc(CCCC3CC3)cc2)cc1
C1=Cc2c(ccc3c2C(=Cc2cccc4cc[nH]c24)Oc2ccccc2-3)NC1
O=C(Nc1ccccc1)OC1CNc2ccc(-c3ccccc3)cc2C1
C(=Cc1cccc2cc[nH]c12)c1ccnc2c3c(ccc12)CCC(c1cccc2cc[nH]c12)C3
C1=Cc2c(ccc3c2C(=Cc2ccccc2)OC2=CCCC=C23)NC1
C(Cc1ccccc1)=C1Oc2ccccc2-c2ccc3ncccc3c21
C1=Cc2c(ccc3c2COc2cc4cnn(-c5ccccc5)c4cc2-3)NC1
C1=CC(C=C2Oc3ccccc3-c3ccc4c(c32)C(c2ccccc2)=CCN4)=CC1
O=S(=O)(NCCSc1ccccc1)c1ccccc1Cc1ccccc1
c1ccc(CN(Cc2ccccc2)c2cccc3c2N(c2ccccc2)NC3)cc1
N=C1CCNc2ccc(C3=CC=CC3)c(Nc3cccc4ncccc34)c21
c1ccc(-n2ncc3ccccc32)cc1
C(=C1Oc2ccccc2-c2ccc3ncccc3c21)c1ccccc1
C1=CNc2c(cccc2-c2ccc3c(c2)C(=Nc2ccccc2)CCN3)C1
c1ccc(COc2ccc3c(cnn3-c3ccccc3)c2)cc1
c1ccc(CNCc2ccccc2-c2ccccc2)cc1
O=C(NCc1ccccc1)c1cccc(-n2ncc3ccccc32)c1
C(=C1Oc2ccccc2-c2ccc3c(c21)CCCC3)c1ccccc1
O=C(NCCCCc1ccccc1)c1ccccc1
C1=C(OCc2ccc3ccccc3c2)C2C(=Cc3ccccc3)Oc3ccccc3C2=C1
c1ccc(-c2cc(-c3cccc4cc[nH]c34)cc3c2NCCC3)cc1
C1=Cc2c(ccc3c2C(=CC2C=CC(c4ccccc4)=C2)Oc2ccccc2-3)NC1
N=C1CC(c2cccc(-c3ccsc3)c2)Nc2ccc(C3=CCc4cc[nH]c43)cc21
C(=Cc1ccccc1)CNCc1ccccc1
C(=C1Oc2ccccc2-c2ccc3[nH]ccc3c21)c1ccccc1
N=C1CCNc2ccc(-c3cccc4cc[nH]c34)cc21
c1ccc(Cc2ccc(-c3cnoc3)cc2)cc1
c1ccc(CON=C2CCNc3ccc(-c4cccc5cc[nH]c45)cc32)cc1
c1ccc(-c2cccc3cc[nH]c23)cc1
C1=Nc2ccc(-c3cccc(CSc4nccs4)c3)cc2C12CCCCC2
C(=C1Oc2ccccc2-c2ccc3ncccc3c21)c1cc2ccccc2s1
c1ccc(-c2cccc3ccn(-c4cccc5cc[nH]c45)c23)cc1
O=C(Nc1ccccc1)c1ccc(OC(CNc2ccccc2)c2ccccc2)cn1
c1ccc(CCc2ccccc2)cc1
C1=Cc2c(ccc3c2C(=Cc2cccs2)Oc2ccccc2-3)NC1
C1=C(c2ccc3c(c2)C(c2cccc4cc[nH]c24)CCN3)c2ccccc2C1
c1ccc(OCCc2ccc3c(cnn3-c3ccccc3)c2)cc1
C1=CCC(c2cc(-c3ccccc3)cc3c2N=CC3)=C1
C(=C1Oc2ccccc2-c2ccc3[nH]ccc3c21)c1ccccc1
c1ccc(C2CCCc3ccccc32)cc1
c1ccc(-c2cc(-c3ccc4c(c3)CCCN4)c3[nH]ccc3c2)cc1
O=S(=O)(Nc1ccccc1)c1ccc(-c2ccc3[nH]ncc3c2)cc1
c1cnc2ccc(-c3cccc4cc[nH]c34)cc2c1
C1=Cc2c(ccc3c2C(=Cc2cccs2)Oc2ccccc2-3)NC1
O=S(=O)(c1ccc(C2=CC=CC2)cc1)N(Cc1cccc2cc[nH]c12)c1ccccc1
C1=Cc2c(ccc3c2COc2cccc(Oc4ccccc4)c2-3)NC1
O=S(=O)(CC1=CCNc2ccc(-c3ccccc3)cc21)c1ccccc1
c1cc(-c2ccc3c(c2)CCC(c2cccc4cc[nH]c24)N3)c2[nH]ccc2c1
c1ccc(-c2cccc3cc[nH]c23)cc1
O=C(Nc1ccccc1)Oc1ccccc1
O=S(=O)(Nc1ccccc1)c1ccc(C2=CCC=C2)cc1
C1=Cc2c(ccc3c2C(=Cc2ccccc2)Oc2ccccc2-3)NC1
C1=CC(C=C2Oc3ccccc3-c3ccc4c(c32)C=CCN4)=CC1
C1=Cc2c(ccc3c2C(=Cc2ccccc2)Oc2ccccc2-3)NC1
C1=CCCC(OC(Cc2cccc3ncccc23)c2ccccc2)=C1
C1=Cc2c(ccc3c2C(=Cc2cccs2)Oc2ccccc2-3)NC1
C1=C(N=C2CCNc3ccc(-c4cccc5cc[nH]c45)cc32)CNc2ccccc21
C1=Cc2c(ccc3c2C(=Cc2cccs2)Oc2ccccc2-3)NC1
c1ccc(COc2ccc3c(cnn3-c3ccccc3)c2)cc1
c1ccc(-n2ncc3c(NCc4cc5ccncc5s4)c4c(cc32)CCCC4)cc1
O=S(=O)(NCCCCC1C=C(c2ccccc2)C=CC1c1cc2ccncc2s1)c1ccccc1
c1ccc(NCCOc2cccc3c2cnn3-c2ccccc2)cc1
c1ccccc1
c1ccc(-c2cccc3cc[nH]c23)cc1
c1ccc(-c2ccccc2)cc1
C1=Cc2c(ccc3c2C(=Cc2ccccc2)Oc2ccccc2-3)NC1
C1=Cc2c(ccc3c2C(=Cc2cccs2)Oc2ccccc2-3)NC1
C1=C(c2ccccc2)Cc2[nH]c(CC(CCc3ccccc3)c3ccccc3)cc21
c1ccc(-c2cccc3cc[nH]c23)cc1
c1cc(-c2cc3ccccc3[nH]2)cc(-n2ncc3ccccc32)c1
C1=Cc2c(ccc3c2C(=Cc2ccccc2)Oc2ccccc2-3)NC1
c1ccc(-c2ccccc2)cc1
C1=Cc2c(ccc3c2C(=Cc2ccccc2)Oc2ccccc2-3)NC1
C=C1Oc2ccccc2-c2ccc3c(c21)C=CCN3
c1ccc(-c2ccc(C3CNc4ccc(-c5cccc6cc[nH]c56)cc4C3)cc2)cc1
c1ccc(CCCCc2ccccc2)cc1
C1=CC(n2ncc3cc(C(Cc4ccccc4)c4ccccc4)ccc32)=CC1
C1=Nc2c(cccc2-c2ccc3c(c2)C(c2ccccc2)CCN3)C1
C1=Cc2c(ccc3c2C(=Cc2cccs2)Oc2ccccc2-3)NC1
c1ccc2c(-c3ccc4c(c3)CCCN4)c[nH]c2c1
c1ccc2cc(SCC3CCNc4cc5c(cc43)CCCC5)ccc2c1
C(=C1Oc2ccccc2-c2ccc3ncccc3c21)c1ccccc1
C(=C1Oc2ccccc2-c2ccc3[nH]ccc3c21)c1ccncc1
c1ccc(CN(Cc2ccccc2)c2ccccc2)cc1
C1=Cc2c(ccc3c2C(=CCCc2ccccc2)Oc2ccccc2-3)NC1
C(=C1Oc2ccccc2-c2ccc3ncccc3c21)c1ccccc1
c1ccc(-c2cccc3cc[nH]c23)cc1
C1=Cc2c(ccc3c2C(=Cc2ccccc2)Oc2ccccc2-3)NC1
C1=Cc2c(ccc3c2C(CC=CNc2ccccc2)OC2C(Oc4ccccc4)=CC=C32)NC1
C1=Cc2c(ccc3c2C(=CC2C=CC(c4ccccc4)=C2)Oc2ccccc2-3)NC1
c1ccc(CON=C2CCNc3ccc(-c4ccccc4)cc32)cc1
C1=CCC2C(=C1)CCC(c1ccccc1)C2COc1cccc(Oc2ccccc2)c1
C1=Cc2c(ccc3c2C(=Cc2ccccc2)Oc2ccccc2-3)NC1
O=C1OCc2cc(C=C3Oc4ccccc4-c4ccc5c(c43)C=CCN5)ccc21
c1ccc(CCc2ccccc2)cc1
c1ccc(-c2ccccc2)cc1
c1ccc2c(Cc3ccc4cc[nH]c4c3)csc2c1
c1ccc(CCNc2ccccc2)cc1
O=S(=O)(NCCc1c[nH]c2ccccc12)c1ccc(-c2ccccc2)cc1
O=C(c1cnc2[nH]ncc2c1)c1cc(-c2ccc(-c3cccs3)cc2)c2c3c(ccc2n1)NCC3
C1=CCC(c2ccccc2)C(C=C2Oc3ccccc3-c3ccc4c(c32)C=CCN4)=C1
c1ccc(CCCCn2ccc3ncccc32)cc1
c1ccc(Oc2ccccc2)cc1
c1ccc(-c2ccc3ccccc3n2)cc1
C(=Cc1ccc2c(c1)CC(c1ccccc1)CN2)c1ccccc1
C1=Cc2c(ccc3c2C(=Cc2ccccc2)Oc2ccccc2-3)NC1
c1ccc(CN(Cc2ccccc2)c2ccccc2)cc1
C1=CCC(C2CCNc3ccc(-c4ccccc4)cc32)=C1
c1ccc(COc2ccc3c(cnn3Cc3ccccc3)c2)cc1
c1ccc(Cc2ccc(-c3ccccc3)cc2)cc1
O=S(=O)(Nc1ccccc1)c1ccc(C2CCC3=CCCC=C3C2)cc1
c1ccc2c(c1)CCCC2C1CCc2cc(-c3cccc4cc[nH]c34)ccc2N1
C1=CC(c2ccccc2)=CC1
c1ccc(-c2ccccc2)cc1
C1=CC(N(Cc2ccccc2)Cc2ccccc2)=CC1
C1=CCC(c2ccc(-c3ccsc3)cc2)=C1
C1=CCCC(CCC(CCc2ccccc2)Cc2cc3ccccc3[nH]2)=C1
C=C1Oc2ccc(CC3=CC=CCC3)cc2-c2ccc3c(c21)C=CCN3
C(=Cc1ccccc1)c1ccccc1
c1ccc(CN(Cc2ccc3c(c2)CCCC3)c2ccccc2)cc1
O=C(Nc1ccccc1)c1ccc(OC2=CCNc3ccc4c(c32)COc2ccccc2-4)cn1
c1ccc(CN(Cc2ccccc2)c2ccccc2)cc1
C1=C(CSc2ccc3ccccc3c2)c2ccccc2C1
O=C(Nc1ccccc1)OC1CNc2ccc(-c3cccc4cc[nH]c34)cc2C1
c1ccc(CNc2cccc(-c3ccsc3)c2)cc1
c1ccc(C2=Nc3cc4c(cc3C2c2ccccc2)CCCC4)cc1
C(=C1Oc2ccccc2C2=Cc3ccccc3C12)c1ccccc1
C1=Cc2c(ccc3c2C(=Cc2ccccc2)Oc2ccccc2-3)NC1
c1ccc2c(c1)OCc1c-2ccc2nc(Cc3cc4cnccc4[nH]3)ccc12
c1ccc(CCCCc2cc3ccccc3[nH]2)cc1
C1=Cc2c(ccc3c2C(=Cc2cccc4c2OCC4)Oc2ccccc2-3)NC1
O=C(c1ccccc1C=C1Oc2ccccc2-c2ccc3[nH]ccc3c21)N1CCCCC1
O=C1CNc2c(cc(Cc3ccccc3)c3c2CCC3)C1
c1cnc2c(-c3ccc4c(c3)CCC(c3cccc5cc[nH]c35)N4)cccc2c1
C1=Cc2c(ccc3c2C(=Cc2ccc4c(c2)CCCC4)Oc2ccccc2-3)NC1
C1=CCC(C(c2ccccc2)c2ccc3c(cnn3-c3ccccc3)c2)=C1
c1ccc(C2CCc3cc(-c4cccc5cc[nH]c45)ccc3N2)cc1
c1ccc(-c2c[nH]c3c(-c4ccco4)cccc23)cc1
c1ccc(NCCCC2CCCc3ccccc32)cc1
c1ccc(Oc2cc3c4c(ccc3[nH]2)-c2ccccc2OC4)cc1
c1ccc(Cc2ccc3c(cnn3-c3ccccc3)c2)cc1
c1ccc(-n2ncc3c(CCCc4cccc5cc[nH]c45)cccc32)cc1
c1ccc(Cc2ccc(CC3CCCc4ccccc43)cc2)cc1
C1=Cc2c(ccc3c2C(=Cc2cccs2)Oc2ccccc2-3)NC1
c1ccc(-c2ccccc2)cc1
c1ccc(COc2ccc3c(cnn3-c3ccccc3)c2)cc1
C1=C(CCCNCc2ccccc2)C=C(Cc2nccs2)C1
c1ccc(Oc2ccccc2)cc1
C1=CC(CCCCc2cc3ccccc3[nH]2)=C(c2ccsc2)C1
c1ccc(Cc2cc3ccccc3[nH]2)cc1
C(=Cc1cccs1)CC1Oc2ccccc2-c2ccc3[nH]ccc3c21
c1ccc(CC(c2ccccc2)c2ccc3c(cnn3-c3ccccc3)c2)cc1
c1ccc(CN(Cc2ccccc2)c2ccccc2)cc1
O=S(=O)(NCCC=CC1CCCc2ccccc21)c1ccccc1
C1=Nc2ccc(-c3cccc4cc[nH]c34)cc2CC1c1ccccc1
C(=C1Oc2ccccc2-c2ccc3[nH]ccc3c21)c1cccs1
C1=Cc2c(ccc3c2C(=Cc2cccs2)Oc2ccccc2-3)NC1
c1cc(SCN=C2CCNc3ccc(-c4cccc5cc[nH]c45)cc32)c2[nH]ccc2c1
C1=C(c2ccc3[nH]ccc3c2)CCCC1
O=S(=O)(Cc1ccccc1)Nc1ccc(-c2ccc3[nH]ncc3c2)cc1
C1=CCC(Cc2ccccc2)C(c2ccc3c(cnn3-c3ccccc3)c2)=C1
C1=CC2C(=Cc3ccccc3)Oc3cccc(-c4ccccc4)c3C2=C1
C=C1Oc2ccccc2-c2ccc3c(c21)C=CCN3
O=S(=O)(Nc1ccc(C2=CC=CC2)cc1)c1ccccc1
c1cnc2ccc(-c3cccc4cc[nH]c34)cc2c1
C1=Cc2c(ccc3c2C(=Cc2ccccc2)Oc2ccccc2-3)NC1
C1=CC2C(=C1)c1c(OCNc3ccc(-c4ccccc4)cc3)cccc1OC2c1ccccc1
c1ccc(CC2CCCCC2)cc1
C1=Nc2ccccc2C1c1ccc(Oc2ccccc2)cc1
c1ccc(Cc2ccccc2)cc1
C=C1Oc2ccccc2-c2ccc3[nH]ccc3c21
c1ccc(-c2cccc3cc[nH]c23)c(CCn2ccc3ncccc32)c1
C1=C(CN(Cc2ccccc2)c2ccccc2)CCC1
c1ccc(-c2ccnc3ccccc23)cc1
c1ccc(-c2ccc(-n3ncc4ccccc43)cc2)cc1
C1=C(c2ccc(CCc3ccccc3)cc2)c2ccccc2C1
O=S(=O)(NCCc1c[nH]c2ccccc12)c1ccccc1-c1cc2ccccc2[nH]1
C1=Cc2c(ccc3c2C(=Cc2ccccc2)Oc2ccccc2-3)NC1
c1ccc2c(c1)CCCC2Cc1c(-c2cccc3cc[nH]c23)ccc2c1CCCN2
O=S(=O)(Nc1ccccc1)c1ccc(-c2cccnc2)cc1
O=S(=O)(Nc1ccccc1)c1ccc(C2=CCC=CC2)cc1
c1ccc(-c2ccccc2)cc1
c1ccc(-c2ccc3c(cnn3-c3ccccc3)c2)cc1
C1=CC(C=C2Oc3ccccc3-c3ccc4[nH]ccc4c32)=CCC1
c1ccc(-c2cccc3cc[nH]c23)cc1
c1ccc(CCc2ccccc2)cc1
C1=Cc2c(ccc3c2C(=Cc2ccccc2)Oc2ccccc2-3)NC1
C1=CC(OC(Cc2ccccc2)c2ccccc2)=CCC1
O=C(Nc1ccccc1)OC1CNc2ccc(Cc3cc4ccccc4[nH]3)cc2C1c1cccs1
c1ccc(Cc2c[nH]c3ccccc23)cc1
c1ccc(Oc2ccccc2)cc1
C1=Cc2c(ccc3c2C(=Cc2ccccc2)Oc2ccccc2-3)NC1
C1=CCC(CCCc2ccc(CSCCc3ccccc3)cc2)=C1
C(=C1Oc2ccccc2-c2ccc3[nH]cc(-c4ccccc4)c3c21)c1cccs1
N=C1CCNc2ccc(-c3cccc4cc[nH]c34)cc21
c1ccc(-c2ccc3[nH]ccc3c2)cc1
c1ccc(CCCOc2ccccc2)cc1
c1ccc(Cc2ccccc2)cc1
c1ccc2c(-c3ccc4c(c3)CCCN4)c[nH]c2c1
c1cc(-c2ccc3[nH]ccc3c2)c2[nH]ccc2c1
O=S(=O)(Nc1ccccc1)c1cccc(Cc2ccc3ccccc3n2)c1
C1=C(c2ccccc2)CC(c2ccccc2)=C1
C1=Cc2c(ccc3c2C(=Cc2ccccc2)Oc2ccccc2-3)NC1
C1=Cc2c(ccc3c2C(=Cc2ccccc2)Oc2ccccc2-3)NC1
C1=Cc2c(ccc3c2C(=Cc2ccccc2)Oc2ccccc2-3)NC1
C1=CCCC(C=C2Oc3ccccc3-c3ccc4c(c32)C=CCN4)=C1
c1ccc(-c2cc(-c3c[nH]c4ccccc34)cc3c2NCCC3)cc1
c1ccccc1
c1ccc(CCC(Cc2cccc(-n3ncc4ccccc43)c2)Cc2cc3ccncc3[nH]2)cc1
c1ccc2c(CCc3ccc4[nH]ccc4c3)c[nH]c2c1
O=C(Nc1ccccc1)c1ccc(OCc2ccccc2)cn1
c1ccc(Cc2ccccc2)cc1
c1ccc(NCc2[nH]c3ccccc3c2-c2ccccc2)cc1
c1ccc(-c2ccc3c(cnn3-c3ccccc3)c2)cc1
C1=CC2=C(C1)OC(=Cc1cccs1)c1c2ccc2ncccc12
C1=Cc2c(ccc3c2C(=Cc2ccccc2)Oc2ccccc2-3)NC1
C1=CCC(N(CC=Cc2ccccc2)CC2=C(c3ccccc3)CC=C2)=C1
O=S(=O)(Cc1ccccc1)Nc1ccc(-c2cccc3ncccc23)cc1
C1=NCNc2ccc3c(c21)C(=Cc1ccccc1)Oc1ccccc1-3
c1ccc(Cc2ccccc2)cc1
c1ccc(C2CCc3cc(-c4cccc5[nH]ccc45)ccc3N2)cc1
C1=Cc2c(ccc3c2C(=Cc2ccccc2)OC2=C3C=CSC2)NC1
O=c1oncc2cc(-c3ccc(Cc4ccccc4)c4cc[nH]c34)ccc12
C1=Cc2c(ccc3c2COc2ccccc2-3)NC1
c1ccc(CCOc2ccc3c(cnn3-c3ccccc3)c2)cc1
c1ccc(-c2ccccc2)cc1
c1ccccc1
c1ccc(-c2cccc3c2CCCC3)cc1
c1ccc(CCCCc2cc3ccccc3[nH]2)cc1
C1=Cc2c(ccc3c2C(=Cc2ccccc2)Oc2ccccc2-3)NC1
c1ccc(CCc2ccccc2)cc1
c1ccc(-n2ncc3c(-c4nc5ccccc5o4)cccc32)cc1
C1=C2OC(=Cc3ccccc3)c3ccccc3C2=CC1
C1=Cc2c(ccc3c2C(=Cc2ccccc2)Oc2ccccc2-3)NC1
c1ccc(OCC(Cc2ccnc3ccccc23)CC2CCCc3ccccc32)cc1
C1=Cc2c(ccc3c2C(=Cc2ccccn2)Oc2ccccc2-3)NC1
c1ccc(CCc2ccccc2)cc1
c1ccc(Oc2ccccc2)cc1
O=S(=O)(Nc1ccc(-c2ccc3c(cnn3-c3ccccc3)c2)cc1)c1ccccc1
O=S(=O)(Nc1ccc2c(c1)C(c1ccccc1)Oc1ccccc1-2)c1ccnc2ccccc12
c1ccc(-c2cccc3cc[nH]c23)cc1
C1=CC(c2ccc3c(cnn3-c3ccccc3)c2)=CCC1
c1ccc(CCC(Cc2ccccc2)Cc2cc3ccncc3o2)cc1
C(=C1Oc2ccccc2-c2ccc3ncccc3c21)c1ccsc1
C(=C1Oc2ccccc2-c2ccccc21)c1ccccc1
C1=Cc2c(ccc3c2C(=Cc2ccccc2)Oc2ccccc2-3)NC1
C1=CC(C=CCC2Oc3ccccc3-c3ccc4c(c32)C=CCN4)=CC1
C1=Cc2c(ccc3c2C(=Cc2cccs2)Oc2ccccc2-3)NC1
O=C(Nc1ccccc1)OC1CNc2ccc(-c3cccc4cc[nH]c34)cc2C1
C1=Cc2c(ccc3c2C(=Cc2cccs2)Oc2ccccc2-3)NC1
c1ccc(CCc2cccc(-c3ccsc3)c2)cc1
C=C1Oc2ccc(-c3ccccc3)cc2-c2ccc3ncccc3c21
C1=Cc2c(ccc3c2C(=CC2=CC=C(C4CCCC4)C2)Oc2ccccc2-3)NC1
O=S(=O)(NCCC1C=Nc2ccc(-c3cccc4cc[nH]c34)cc21)c1ccccc1
O=C(Nc1cccnc1)c1ccc2c(c1)CC=C2c1ccc2c(c1)CCCC2
C1=C(Cc2ccccc2)C=C(CCCOc2ccccc2)C1
C=C(OC(=O)NC1=CCCCC1)c1cc2c3c(ccc2[nH]1)-c1ccccc1OC3c1ccc2c(c1)OCO2
O=c1cc(C=C2Oc3ccccc3-c3ccc4c(c32)C=CC(c2ccccc2)N4)cco1
c1ccc2oc(-c3ccc(-c4ccc5c(c4)OCOC5)cc3)cc2c1
c1ccc(CN(Cc2ccccc2)c2ccccc2)cc1
c1ccc(CCOc2ccc3c(cnn3-c3ccccc3)c2)cc1
C1=Cc2c(ccc3c2C(=CSc2nccs2)OC2=CCC=C23)NC1
c1ccc(CCc2ccccc2CC(c2ccccc2)c2ccccc2)cc1
C1=Cc2c(ccc3c2C(=Cc2ccccc2)Oc2ccccc2-3)NC1
c1ccc(CN(Cc2ccccc2)c2ccccc2)cc1
C1=Cc2c(ccc3c2C(=Cc2ccccc2)Oc2ccccc2-3)NC1
c1ccc(-c2ccccc2)cc1
c1ccc(CN(Cc2cccnc2)c2ccccc2)cc1
c1ccc(-c2ccccc2)cc1
c1ccc(-c2c[nH]c3ccccc23)cc1
c1ccc(CN(Cc2ccccc2)c2ccc3[nH]ccc3c2)cc1
C1=CCC(C2CCc3cc(-c4ccc(-c5ccccc5)c5cc[nH]c45)ccc3N2)=C1
C1=Cc2c(ccc3c2C(=Cc2cccs2)Oc2ccccc2-3)NC1
c1ccc(CCc2cc3cccc(-c4ccccc4)c3[nH]2)cc1
c1ccc(Nc2ccc3c(c2)COc2ccccc2-3)cc1
C=C1Oc2ccccc2-c2ccc3[nH]ccc3c21
c1ccc(CN(Cc2ccccc2)c2ccccc2)cc1
C1=CCC(CON=C2CCNc3ccc(-c4cccc5cc[nH]c45)cc32)=C1
c1ccc(-c2cccc3c2cnn3-c2ccccc2)cc1
c1ccc(CCCc2ccccc2)cc1
C1=CC(c2cc3ccccc3s2)Nc2ccc(-c3ccccc3)cc21
c1ccc(COc2ccc3c(cnn3-c3ccccc3)c2)cc1
O=C(NCc1ccc(C2=CC=CC2)cc1)c1cnc2c(c1)C=CC2
C(=C1Oc2ccccc2-c2ccc3ncccc3c21)c1cccs1
C1=Cc2c(ccc3c2C(=Cc2cccs2)Oc2ccccc2-3)NC1
c1ccc(CNCc2ccc(-c3ccccc3)cn2)cc1
O=S(=O)(Nc1ccc(-c2ccccc2)cc1)c1ccsc1
C1=Cc2c(ccc3c2C(=Cc2cccnc2)Oc2ccccc2-3)NC1
c1ccc(-c2ccc3c(cnn3-c3cc4ccccc4[nH]3)c2)cc1
C1=C(c2ccccc2)c2c(ccc3c2COc2ccccc2-3)NC1
C1=CCC(C=C2Oc3ccccc3-c3ccc4c(c32)C=CC(c2ccccc2)N4)=CC1
c1ccc(-c2cccc3ncccc23)cc1
C1=Cc2c(ccc3c2C(=Cc2ccccc2)Oc2ccccc2-3)NC1
c1ccc(Oc2ccccc2)cc1
C1=CCC(c2cc(-c3cccc4cc[nH]c34)cc3c2NCC=C3)=C1
C1=C(CCCCc2cccc3c2OCC3)c2ccccc2CC1
C1=CC(c2ccccc2)Nc2ccc3c(c21)C(=CC1=CCCC1)Oc1ccccc1-3
O=S(=O)(Nc1ccccc1)c1cccc(Cc2ccccc2)c1
C1=Cc2c(ccc3c2C(=Cc2c[nH]c4ccccc24)Oc2ccccc2-3)NC1
c1ccc2oc(CNC3CCNc4ccc(-c5cccc6ncccc56)cc43)nc2c1
c1ccc(CCC(Cc2ccccc2)C2CCCC2)cc1
c1ccc(-c2ccccc2)cc1
C(CC1CCCCC1)=C1Oc2ccccc2-c2ccc3[nH]ccc3c21
c1ccc(CC(Cc2cc3ccccc3[nH]2)CC2(Oc3ccccc3)CCCc3ccccc32)cc1
C1=C(c2ccc3c(c2)CCCC3)c2c(ccc3c2COc2ccccc2-3)NC1
C1=Cc2c(ccc3c2C(=Cc2ccncc2)Oc2ccccc2-3)NC1
C1=CCC(C(CCCc2cc3ccccc3[nH]2)c2cccc(-c3cccc4cc[nH]c34)c2)=C1
C1=CC(C2=CC(c3ccccc3)=CC2)C(c2ccc3c(cnn3-c3ccccc3)c2)=C1
C1=C(CCCCc2cc3ccccc3[nH]2)CC=C(c2ccccc2)C1c1cccc2cc[nH]c12
O=S(=O)(Nc1ccc(-c2ccc3[nH]ncc3c2)cc1)c1ccccc1
C1=CC(c2ccc(-c3ccccc3)c3[nH]ccc23)=CC1
O=S(=O)(Nc1ccc(C2=CC=CC2)cc1)c1ccccc1
O=S(=O)(c1ccccc1)c1ccccc1
C1=Cc2c(ccc3c2C(=CC2=Cc4ccccc4C2)Oc2ccccc2-3)NC1
C1=CCC(C=C2Oc3ccccc3-c3ccc4c(c32)C=CCN4)=C1
C1=CC(C=C2Oc3ccccc3-c3ccc4c(c32)C=CCN4)=CCC1
c1ccc(CNCc2ccccc2)cc1
C1=Cc2cc(-c3ccccc3)ccc2NC1
c1ccc(C2CCNc3ccc(-c4cccc5cc[nH]c45)cc32)cc1
c1ccc(Cc2ccccc2)cc1
C1=CCC(c2cc3c(c(-c4cccc5cc[nH]c45)c2)NCCC3)=C1
c1ccc(Oc2ccc(CN(Cc3ccc4c(c3)CCN4)c3ccccc3)cc2)cc1
c1ccc(-c2ccsc2)cc1
c1ccc(CCCNCc2cc3ccccc3[nH]2)cc1
c1ccc(Oc2ccccc2)cc1
O=S(=O)(Nc1ccccc1)c1ccc(C2=CC=CC2)cc1
O=C1OCc2cc(C=C3Oc4ccccc4-c4ccc5c(c43)C=CCN5)ccc21
O=C(Cc1ccccc1)Nc1ccc(C(=O)c2ccccc2)cc1
c1ccc(-c2ccccc2)cc1
C1=Cc2c(ccc3c2C(=Cc2ccccc2)Oc2ccccc2-3)NC1
O=S(=O)(Nc1ccc2c(c1)C(c1ccccc1)Oc1ccccc1-2)c1ccccc1
C1=Cc2c(ccc3c2C(=Cc2ccccc2)Oc2ccccc2-3)NC1
c1ccccc1
C1=Cc2c(ccc3c2C(=Cc2ccccc2)Oc2ccccc2-3)NC1
c1ccc(Cc2ccc(-c3ccccc3)cc2)cc1
c1cc(-c2ccc3[nH]ccc3c2)c2[nH]ccc2c1
C1=CNc2c(cccc2-c2ccc(-c3cnoc3)cc2)C1
c1cc(NCCc2cccc3cc[nH]c23)c2ccncc2c1
C1=Cc2c(ccc3c2C(=Cc2ccccc2)Oc2ccccc2-3)NC1
c1ccc(CCOCCOc2ccccc2)cc1
c1ccc(CN(Cc2ccccc2)c2ccccc2)cc1
c1ccc(CNc2ccccc2)cc1
C1=CC(c2ccnc3ccc(-c4cccc5cc[nH]c45)cc23)=CC1
c1ccc(-n2ncc3c(C4CCc5ccc6c(c5C4)CCCN6)cccc32)cc1
C1=CCC(c2ccc(-c3ccccc3)cc2)=C1
C1=Cc2c(ccc3c2C(=Cc2ccncc2)Oc2ccccc2-3)NC1
C1=C2CCCC(C(c3cccnc3)c3cc4ccccc4s3)C2Cc2cnn(-c3ccccc3)c21
c1ccc(Nc2ccc(-c3ccc4[nH]ncc4c3)cc2)cc1
C1=C(c2ccccc2)c2cc(-c3ccccc3)ccc2NC1
c1ccc(-c2ccccc2)cc1
C1=Cc2ccc(C3=Nc4ccc(-c5cccc6cc[nH]c56)cc4C3)cc2C1
c1ccc(CCCCc2cc3ccccc3[nH]2)cc1
c1ccc(-c2cccc3cc[nH]c23)cc1
C1=CC(COc2ccc3c(cnn3-c3cccc4ccccc34)c2)=CC1
O=S(=O)(Nc1ccc(C2=CCC=CS2)cc1)c1ccccc1
C1=CC2c3cccc(CN(Cc4ccccc4)c4ccccc4)c3CCC2NC1
O=S(=O)(Nc1cccc(-c2ccccc2)c1)c1ccsc1
C1=CC2=C(CC1)OC(=Cc1c[nH]c3ccccc13)c1c2ccc2c1C=CCN2
c1ccc(-c2cccc3c2cnn3-c2ccccc2)cc1
O=S(=O)(Nc1ccccc1)c1ccc(-c2ccc3c(cnn3-c3ccccc3)c2)cc1
C1=Cc2c(ccc3c2C(=Cc2cccs2)Oc2ccccc2-3)NC1
c1cc(-c2ccc3c(c2)CCCN3)c2cccnc2c1
O=S(=O)(CCCCc1ccccc1)Nc1ccc(C2=CC=NC2)c(Cc2ccc3ccccc3n2)c1
C1=Cc2c(ccc3c2C(=CCc2ccccc2)Oc2ccccc2-3)NC1
c1ccc2c(c1)CCCC2(Cc1cccc2c1NCCC2)C1CCCC1
O=C1OCc2cc(NCC(CCc3ccccc3Oc3cc4ccccc4[nH]3)Cc3ccccc3)ccc21
C1=CCCC(C=C2Oc3ccccc3-c3ccc4c(c32)C=CCN4)=C1
O=S(=O)(Nc1ccccc1)c1ccc(-c2ccco2)cc1
O=C(c1ccsc1C=C1OC2=C(C=CC2)c2ccc3c(c21)C=CCN3)N1CCCCC1
C1=Cc2c(ccc3c2C(=Cc2ccccc2)Oc2ccccc2-3)NC1
C1=C(C=C2Oc3ccccc3-c3ccc4ncccc4c32)CCCC1
c1ccc(-c2ccccc2)cc1
O=C1CNc2ccc(-c3cccc4cc[nH]c34)cc2C1c1ccc(Oc2ccccc2)cc1
C1=CC2C(=Cc3cccc(-c4ccsc4)c3)Oc3ccccc3C2=C1
C1=CC(c2cccc3c(-c4ccccc4)c[nH]c23)=CC1
C1=CCSC(C=C2Oc3ccccc3-c3ccc4c(c32)C=CCN4)=C1
c1ccc(-c2ccccc2)cc1
C(=C1Oc2ccccc2-c2ccc3[nH]ccc3c21)c1cccs1
c1ccc(-c2ccccc2)cc1
c1ccc(-c2cccc3cnccc23)cc1
c1ccc(-c2cccc3[nH]ccc23)cc1
O=S(=O)(Nc1cc(-c2cccc3cc[nH]c23)ccc1-c1ccsc1)c1ccccc1
c1ccc(CNc2ccccc2)cc1
C1=NCNc2ccc3c(c21)C(=Cc1ccccc1)Oc1ccccc1-3
O=S(=O)(CCCc1ccccc1Cc1ccccc1)c1ccsc1
C1=Cc2c(ccc3c2C(=Cc2cccc4cc[nH]c24)Oc2ccccc2-3)NC1
O=C(Nc1ccccc1)Oc1c(-c2cccc3cc[nH]c23)ccc2c1CCCN2
C1=CC2C(=C1)OC(=Cc1cccs1)c1c2ccc2c1C=CC(c1ccccc1)N2
C(=C1Oc2ccccc2-c2ccc3[nH]ccc3c21)c1ccccc1
c1ccc(-c2ccc3c(c2)N(c2ccccc2)NC3)cc1
c1ccc(-c2cccc3c2cnn3-c2ccccc2)cc1
C(=C1Oc2ccccc2-c2ccc3ncccc3c21)c1cccs1
c1ccc(CCCCc2cc3cnccc3[nH]2)cc1
c1ccc(CN(Cc2c[nH]c3ccccc23)c2ccc3c(c2)NCC3)cc1
C(=C1Oc2ccccc2-c2ccc3ncccc3c21)c1cccs1
c1ccc(COc2ccc3c(cnn3-c3ccccc3)c2)cc1
c1ccc(-c2cc3ccccc3[nH]2)cc1
c1ccc(COc2ccccc2)cc1
c1ccc(Cc2[nH]c3ccccc3c2-c2ccccc2)cc1
c1ccc(-c2ccccc2)cc1
O=S(=O)(c1ccccc1)c1ccc(Cc2cc3ccncc3[nH]2)cc1
C1=CC(c2ccccc2)=C(c2ccc3c(cnn3-c3ccccc3)c2)CC1
C(=C1Oc2ccccc2-c2ccc3ncccc3c21)c1ccccc1
C1=C(C=C2Oc3ccccc3-c3ccccc32)C(c2ccccc2)=CC1
c1ccc(-c2ccccc2)cc1
c1ccc(CCCCc2cccc3cc[nH]c23)cc1
C1=Cc2c(ccc3c2C(=CCCCc2ccccc2)OC2=CCCC=C23)NC1
c1ccc(-c2c[nH]c3ccccc23)cc1
c1ccc(-c2ccccc2)cc1
c1ccc(-c2cccc3cc[nH]c23)cc1
O=S(=O)(CC1CCCCC1)Nc1cccc(Oc2ccccc2)c1
c1ccc(-c2ccnc3ccccc23)cc1
c1ccc(-c2ccc3c(cnn3-c3ccccc3)c2)cc1
c1ccc(-c2ccsc2Cn2ccc3ccccc32)cc1
C1=C2C(=CC(c3ccccc3)C1)C(c1ccccc1)Oc1ccccc12
C(c1cccs1)=c1oc2ccccc2c2cc3cc3c12
c1ccc(Cc2ccnc3ccccc23)cc1
c1ccc(-n2ncc3c(Nc4nc5ccccc5o4)cccc32)cc1
c1ccc(CN(Cc2cccnc2)c2cccc3cc[nH]c23)cc1
c1ccc(CN(c2ccccc2)c2ccccc2)cc1
O=C1C=C2CCC3C(=C2CC1)C(c1ccccc1)CC1C(Cc2ccccc2)CCC31
C1=CCC(c2cccc(NCc3ccccc3)c2)=C1
c1ccc(-c2ccc(-n3ncc4ccccc43)cc2)cc1
C1=Cc2c(ccc3c2C(=Cc2cccs2)Oc2ccccc2-3)NC1
C1=C(c2ccccc2)CC(C(OOCc2ccccc2)c2ccccc2)=C1
c1ccc(Cc2ccc3c(cnn3-c3ccccc3)c2)cc1
C(=CNc1ccccc1)C=C1Oc2ccccc2-c2ccc3c(c21)C=CCN3
c1ccc(CNCc2ccccc2)cc1
c1ccc(-n2ncc3ccc(-c4ccsc4)cc32)cc1
C(=C1Oc2ccccc2-c2ccc3ncccc3c21)c1ccccc1
c1ccc(Cc2ccccc2)cc1
C(=Cc1ccccc1)CNCc1ccccc1
c1ccc(Cc2c[nH]c3ccccc23)cc1
C1=Cc2c(ccc3c2C(=Cc2ccccc2)Oc2ccccc2-3)NC1
C(=C1Oc2ccccc2-c2ccc3ncccc3c21)c1ccccc1
C1=CC(C=C2Oc3ccccc3-c3ccc4c(c32)C=CCN4)=CC1
C=C1Oc2ccccc2-c2ccc3c(c21)C=CCN3
c1ccc(CNCc2cc3ccccc3[nH]2)cc1
c1ccc(CCc2ccccc2)cc1
C1=CC2C(=Cc3ccccc3-c3cc4ccccc4[nH]3)Oc3ccccc3C2=C1
C(=Cc1cccc2cc[nH]c12)Cc1ccc2c(cnn2-c2ccccc2)c1
c1ccc(C(c2ccc3[nH]ncc3c2)c2cccc3c2cnn3-c2ccccc2)cc1
C(=C1Oc2ccccc2-c2ccc3[nH]ccc3c21)c1cccs1
C1=CC(C=C2Oc3ccccc3-c3ccc4nc5c(cc4c32)NCC5)=CCC1
C1=CC(Cc2ccc(Oc3ccc4ccccc4n3)cc2)=CC1
c1ccc(CCc2ccccc2)cc1
c1ccc(-c2ccccc2)cc1
C1=CC(c2ccccc2)C(C=C2Oc3ccccc3-c3ccc4c(c32)C=CCN4)=C1
c1ccc(CNCc2cc3ccccc3[nH]2)cc1
C(=C1Oc2ccccc2-c2ccc3ncccc3c21)c1cccs1
C1=CC(c2cccc(C3C=Cc4c(ccc5c4COC4=C5C=CCC4)N3)c2)=CC1
C1=Cc2c(ccc3c2C(=Cc2ccccc2)Oc2ccccc2-3)NC1
C1=CC(C=C2Oc3ccccc3-c3ccc4c(c32)C=CCN4)=CC1
c1ccc(Cc2ccc3c(cnn3-c3ccccc3)c2)cc1
C1=Cc2c(ccc3c2C(=CCc2ccccc2)Oc2ccccc2-3)NC1
c1ccc(CN(Cc2cccc3cnccc23)c2ccccc2)cc1
C(=C1Oc2ccccc2-c2ccc3ncccc3c21)c1ccccc1
c1ccc(-c2ccccc2)cc1
C1=Cc2c(ccc3c2C(=Cc2ccccc2)Oc2ccccc2-3)NC1
C1=CC(Oc2ccccc2)Nc2ccc3c(c21)COc1ccccc1-3
c1ccc(Cc2ccccc2)cc1
c1ccc(C2Oc3ccccc3-c3ccc4[nH]c(-c5cccs5)cc4c32)cc1
c1ccc(C2=Nc3ccccc3C2c2ccccc2)cc1
c1ccc(CNCc2[nH]c3ccccc3c2-c2ccccc2)cc1
c1ccc(CCCCc2ccccc2)cc1
C(=C1Oc2ccccc2C2=CCC=C12)c1cccc(-c2ccsc2)c1
O=C1C=C2CCC3C(=C2CC1)C(c1ccccc1)CC1C(c2ccc(-c4ccsc4)cc2)CCC31
c1ccc(-c2nc3ccccc3s2)cc1
C1=C2CCCC(Cc3cc4ccccc4s3)C2Cc2cnn(-c3ccccc3)c21
c1ccc(CCC(CC2=Nc3ccccc3C2)Cc2ccccc2)cc1
C1=C(c2ccsc2)CC=C1N(Cc1ccccc1)Cc1ccccc1
c1ccc(CCCCc2ccccc2)cc1
c1ccc(CCc2ccc3ccccc3c2)cc1
O=C(NCC(Oc1ccc2c(cnn2-c2ccccc2)c1)c1ccccc1)c1ccccc1
C1=Cc2c(ccc3c2C(=Cc2ccccc2)Oc2ccccc2-3)NC1
O=S(=O)(Nc1ccccc1)c1ccccc1
c1ccc(Oc2cccc3c2-c2ccccc2CO3)cc1
C1=CC(C(CC2CCCc3ccccc32)c2cccc(-c3cccc4cc[nH]c34)c2)=CCC1
c1ccc(Nc2ccc3c(c2)C(c2ccccc2)Oc2ccccc2-3)cc1
C=C1Oc2ccccc2-c2ccc3c(c21)C=CCN3
c1ccc(Oc2ccccc2)cc1
c1ccc(CNc2ccccc2)cc1
c1cnc2ccc(-c3cccc4cc[nH]c34)cc2c1
O=S(=O)(Nc1ccc(-c2ccc3c(cnn3C3=CC=CC3)c2)cc1)c1ccccc1
C1=CC2=C3C(=Cc4ccccc4)Oc4ccccc4C3=CCC2NC1
C1=CCCC(C=C2Oc3ccccc3-c3ccc4c(c32)C=CCN4)=C1
c1ccc(CNCC2CCCCC2)cc1
c1ccc(-c2ccccc2)cc1
c1ccc(-c2cc3ccccc3s2)cc1
O=C(Nc1ccccc1)Oc1ccccc1
C1=CCC(n2ncc3ccccc32)=C1
C1=C2OCc3c(ccc4[nH]c(Oc5ccccc5)cc34)C2=CC1
C1=CC(C=C2Oc3ccccc3-c3ccc4c(c32)C=CCN4)=CCC1
c1cc(-c2ccc3c(c2)CCCN3)c2[nH]ccc2c1
c1ccc(CCCCc2cc3ccccc3[nH]2)cc1
C(=C1Oc2ccccc2-c2ccc3ncccc3c21)c1cccs1
c1ccc(-n2ncc3ccccc32)cc1
c1ccc(CON=C2CCNc3ccc(-c4cccc5cc[nH]c45)cc32)cc1
c1ccc(-c2ccc(-n3ncc4ccccc43)cc2)cc1
c1ccc(Cc2ccc3c(cnn3-c3ccc(CCN4CCCCC4)cc3)c2)cc1
c1ccc(Oc2ccccc2)cc1
C1=Cc2c(ccc3c2C(=CC2=CCC(Oc4cccnc4)=C2)Oc2ccccc2-3)NC1
C1=Cc2c(ccc3c2C(=Cc2ccccc2)Oc2ccccc2-3)NC1
O=S(=O)(CC1=CCNc2ccc(-c3ccccc3)cc21)c1ccccc1
C=C1Oc2ccccc2-c2ccc3ncccc3c21
c1ccc(-n2ncc3cc4c(cc32)CCC(c2cccc3cc[nH]c23)C4)cc1
c1ccc(Oc2ccccc2)cc1
C1=CC2CCCC(n3ccc4cccc(-c5ccc6c(c5)CCCN6)c43)C2=C1
C1=CCC(c2ccc(C=C3Oc4ccccc4-c4ccc5c(c43)C=CCN5)cc2)=C1
O=C(c1cccnc1)N(Cc1ccccc1)c1ccccc1
c1cc(C2CCc3cc(-c4c[nH]c5ccccc45)ccc3N2)c2[nH]ccc2c1
O=S(=O)(Cc1ccccc1)Nc1ccc(-c2ccccc2)cc1
C1=Cc2c(ccc3c2C(=Cc2cccs2)Oc2ccccc2-3)NC1
O=C(Nc1cccc2c1CCCC2)c1ccccc1
c1ccc(Cc2ccccc2)cc1
C1=C2CCCCC2Cc2cnn(-c3ccc(-c4ccccc4)cc3)c21
c1cnc2ccc(-c3cccc4cc[nH]c34)cc2c1
C1=CC(c2cccc3cc[nH]c23)Nc2ccc3c(c21)C(CNc1ccccc1)Oc1ccccc1-3
c1ccc(C(Oc2ccc3[nH]ncc3c2)c2ccccc2)cc1
c1ccc(CC2CCCc3ccccc32)cc1
C1=CCC(CCCCC2=CCC(c3cccc4cc[nH]c34)=C2)=C1
c1ccc(Cc2ccccc2)cc1
O=C(Nn1ncc2cc(OC(c3ccccc3)c3ccccc3)ccc21)c1ccccc1
C=C1Oc2ccccc2-c2ccc3c(c21)C=CCN3
O=S(=O)(Nc1ccccc1)c1ccc(C2=CC=CC2)cc1
c1ccc(-n2ncc3c(NCCCc4c[nH]c5ccccc45)cccc32)cc1
c1ccc(CCCCCCCc2ccccc2)cc1
c1ccc(-c2ccccc2)cc1
c1ccc(CN(Cc2ccccc2)c2ccccc2)cc1
c1ccc(C2CCNc3ccc(-c4cccc5cc[nH]c45)cc32)cc1
c1ccc(CNc2ccccc2)cc1
c1ccc(Oc2ccccc2)cc1
C1=CC(CNCc2ccc(Oc3ccccc3)cc2)=CC1
c1ccc(Oc2ccccc2)cc1
C1=C(CCc2ccccc2)CC=C1c1ccc(-n2ncc3c2C=C2CCCCC2C3)cc1
c1ccc(CCc2cc3ccccc3[nH]2)cc1
c1cc(-c2ccc3c(c2)CCCN3)c2[nH]ccc2c1
C1=CCCC(C=C2Oc3ccccc3-c3ccc4c(c32)C=CCN4)=C1
C1=CCC(c2cccc(C=C3Oc4ccccc4-c4cccnc43)c2)=CC1
C1=Nc2c(cccc2-c2ccc3c(c2)C(c2ccccc2)CCN3)CC1
O=C(Nc1ccccc1)OC1Cc2cc(C3=CCCc4cc[nH]c43)ccc2NC1c1ccccc1
C1=Cc2c(ccc3c2C(=Cc2ccccc2)Oc2ccccc2-3)NC1
c1ccc(-c2cccc3[nH]ccc23)cc1
O=C(c1ccsc1C=C1Oc2ccccc2-c2ccc3ncccc3c21)N1CCCCC1
O=C(CCC=CCC1OC2=CCCC=C2c2ccc3c(c21)C=CCN3)Nc1ccccc1
C1=Cc2c(ccc3c2C(=Cc2cccs2)Oc2ccccc2-3)NC1
c1ccc(-n2ncc3cc(-c4cccc5cccnc45)ccc32)cc1
c1ccc(-c2c[nH]c3c(-c4ccc5c(c4)CCCN5)cccc23)cc1
C(=C1Oc2ccc(Oc3ccccc3)cc2C2=Cc3cncnc3C12)c1ccccc1
O=S(=O)(Nc1ccc(C2=CCC=C2)cc1)c1ccccc1
O=C(c1ccc2ccc(-c3cccc4c3CC=C4)nc2c1)c1cccs1
C1=C(CNCc2ccccc2)C=C(OC(CCc2ccccc2)c2ccccc2)C1
C1=C(c2ccccc2)CC(c2ccccc2)=C1
c1ccc(-c2ccccc2)cc1
c1ccc(-n2ncc3cc(Oc4cccs4)ccc32)cc1
c1ccc(-c2ccc3c(cnn3-c3ccccc3)c2)cc1
c1ccc(-n2ncc3cc(-c4cccc5cc[nH]c45)ccc32)cc1
c1ccc2c(c1)cnn2-c1ccc(-c2cc3ccncc3s2)cc1
c1ccc(CCCc2ccccc2)cc1
O=S(=O)(Cc1ccccc1)c1c(-c2ccc(-c3ccccc3)c3cc[nH]c23)ccc2c1CCC(C1=CC=CC1)N2
O=C(Nc1ccccc1)OC1CNc2ccc(-c3ccccc3)cc2C1
C1=CC(c2cc3ccncc3[nH]2)Nc2ccc3c(c21)C(=Cc1ccsc1)Oc1ccccc1-3
O=C(Nc1ccccc1)c1ccc(-c2ccccc2)cn1
C1=CC(C(c2ccccc2)c2ccc3c(cnn3-c3ccccc3)c2)=CNC1
c1ccc(CN(CCCn2ccc3ncccc32)c2ccccc2)cc1
O=C(Nc1ccccc1)OC1CNc2ccc(-c3ccccc3)cc2C1
C1=Nc2ccc3c(c2CC1)C(=Cc1ccccc1)Oc1ccccc1-3
C(=C1Oc2ccccc2-c2ccccc21)c1ccccc1
c1ccc(CCc2ccccc2)cc1
C1=C2CCCC(Cc3csc4ccccc34)C2Cc2cnn(-c3ccccc3)c21
c1ccc(Cc2ccccc2-c2ccccc2)cc1
c1ccc(C2Oc3ccccc3-c3ccccc32)cc1
C1=CCC(c2cccc(Oc3ccccc3)c2)=C1
C1=C(Cc2[nH]c3ccccc3c2-c2ccccc2)c2ccccc2C1
C1=Nc2cc(-c3ccc(-n4ncc5cc6c(cc54)CCCC6)cc3)ccc2C1
c1ccc(-n2ncc3c(NCCc4c5c(cc6ccccc46)CCN5)cccc32)cc1
c1ccc(CNc2ccccc2)cc1
C1=Cc2ccc(-c3cccc4cc[nH]c34)cc2C1=NOCc1cccc2cc[nH]c12
c1cc(CC2CCc3cc(-c4cccc5cc[nH]c45)ccc3N2)c2[nH]ccc2c1
C1=Cc2c(ccc3c2C(=Cc2cccs2)OC2=C3C=CC2)NC1
c1ccc(-c2ccccc2)cc1
C1=NCNc2ccc3c(c21)C(=CCc1ccccc1)Oc1ccccc1-3
O=C1Cc2cc(-c3cccc4cc[nH]c34)ccc2NC1c1ccccc1
C1=C(CCCCc2cccc3c2OCC3)c2ccccc2CC1
c1ccc(COc2ccccc2)cc1
C(=CNc1ccccc1)CC1Oc2ccccc2-c2ccc3ncccc3c21
c1ccc(CCC(CNc2ccccc2)Cc2ccccc2)cc1
C(=C1Oc2ccccc2-c2ccc3ncccc3c21)c1ccccc1
C1=CC(C=C2Oc3ccccc3-c3ccc4c(c32)C=CCN4)=CCC1
C1=CCC2C(=Cc3ccsc3)Oc3ccc(-c4ccccc4)cc3C2=C1
C1=Cc2c(ccc3c2C(=Cc2cccs2)Oc2ccccc2-3)NC1
C(=C1Oc2ccccc2-c2ccc3[nH]ccc3c21)c1ccccc1
c1ccc(-c2ccc3c(cnn3-c3ccccc3)c2)cc1
C1=CCCC(NCCc2ccc(Oc3ccccc3)cc2)=C1
c1cc(-c2ccc3c(c2)C(=NOCc2ccsc2)CCN3)c2[nH]ccc2c1
C1=CC(C2C=Cc3c(ccc4c3C(=Cc3ccsc3)Oc3ccccc3-4)N2)=CC1
O=C1C=C(n2ncc3cc(-c4ccc(S(=O)(=O)Nc5ccccc5)cc4)ccc32)CC1
O=S(=O)(c1ccccc1)c1ccccc1CNc1ccccc1
O=S(=O)(Nc1ccccc1)c1ccc(C2=CC=CC2)c(-c2cccc3cc[nH]c23)c1
O=C1CC(c2cc(-n3ncc4ccccc43)ccc2-c2ccccc2)=CO1
O=S(=O)(Nc1cccc2c1cnn2-c1ccccc1)c1ccccc1
C1=Cc2c(ccc3c2C(=Cc2ccccc2)Oc2ccccc2-3)NC1
C1=CC(C=C2Oc3ccccc3-c3ccc4c(c32)C=CCN4)=CC1
O=S(=O)(Nc1ccccc1)c1ccccc1
O=S(=O)(Nc1ccc(-c2ccc3[nH]ncc3c2)cc1)c1ccccc1
c1ccc2c(-c3ccc4c(c3)CCCN4)c[nH]c2c1
C=C1Oc2ccccc2-c2ccc3c(c21)C=CC(CCc1ccccc1)N3
c1cc(CCCc2cccc3cc[nH]c23)c2c(c1)CCO2
C1=CC(c2ccc(CCCC3=CCC(c4ccccc4)=C3)c3[nH]ccc23)=CCC1
c1ccc(CNc2ccc(COc3cccc4c3OCC4)cc2)cc1
c1ccc(CN(Cc2ccccc2)c2ccccc2)cc1
c1ccc2c(c1)NCCC2=NOCc1ccc(-n2ncc3ccccc32)cc1
C(=C1Oc2ccccc2-c2ccc3ncccc3c21)c1ccccc1
c1ccc(-n2ncc3cc(Cc4cccc(-c5ccsc5)c4)ccc32)cc1
c1ccc(CNCc2ccccc2)cc1
c1ccc2c(-c3ccc4c(c3)CCCN4)c[nH]c2c1
c1ccc(CC2Cc3cc4ccccc4nc3CC2c2ccccc2)cc1
C1=Cc2c(ccc3c2C(=Cc2ccccc2)Oc2ccccc2-3)NC1
c1cc(CSc2nccs2)cc(-c2cccc3cc[nH]c23)c1
C1=CCC(c2cccc3cc[nH]c23)C(c2ccc3c(cnn3-c3ccccc3)c2)=C1
c1ccc2[nH]c(-c3cccc4ncccc34)cc2c1
C1=CC(CNc2cccc3c(-c4ccccc4)c[nH]c23)=CC1
C1=Cc2c(ccc3c2C(=Cc2ccccc2)Oc2ccccc2-3)NC1
c1ccc(COc2ccccc2)cc1
C(=C1Oc2ccccc2-c2ccc3ncccc3c21)c1cccc2cc[nH]c12
O=C(Nc1ccccc1)c1ccc(-c2ccccc2)cn1
c1ccc(-c2ccccc2)cc1
C1=CC(C(CCc2ccccc2)Cc2cc3cnccc3[nH]2)=CC1
O=S(=O)(NCc1ccccc1-c1ccccc1)c1ccccc1
c1ccc2c(Cc3ccc4c(c3)CCCN4)c[nH]c2c1
C1=CC2=C(CC1)OC(=CC1=CC(CNc3ccc4c(c3)OCO4)=CC1)c1c2ccc2c1C=CCN2
c1ccc(Oc2ccc3cc[nH]c3c2-c2ccc3c(c2)CCCN3)cc1
c1ccc(NCc2cccc(Oc3ccccc3)c2)cc1
C1=C(CCCCc2ccccc2)c2ccccc2C1
C(=C1Oc2ccccc2C2=Cc3ccccc3C12)c1ccccc1
C1=Cc2c(ccc3c2C(=Cc2ccccc2)Oc2ccccc2-3)NC1
c1ccc(CCc2ccc3c(c2)CC(c2cccc4[nH]ccc24)CN3)cc1
C(=C1Oc2ccccc2-c2ccc3ncccc3c21)c1ccc2[nH]ncc2c1
c1ccc(COc2ccccc2)cc1
c1cnc2ccc(-c3cccc4cc[nH]c34)cc2c1
c1ccc(CN(Cc2cccnc2)c2ccccc2)cc1
c1ccc(CN(Cc2ccccc2)c2ccccc2)cc1
O=S(=O)(Nc1ccc(-c2ccc3c(cnn3C3=CCCCC3)c2)cc1)c1ccsc1
c1ccc(-c2ccccc2)cc1
C1=Cc2c(ccc3c2C(=Cc2ccccc2)Oc2ccccc2-3)NC1
c1ccc(Oc2ccc3[nH]ccc3c2)cc1
c1cc(-c2ccsc2)cc(-c2ccc3ncccc3c2)c1
c1ccc(-n2ncc3ccccc32)cc1
c1ccc(Oc2ccccc2)cc1
c1ccc(-c2ccc3c(cnn3-c3ccc4c(c3)CCCN4)c2)cc1
C1=Cc2c(ccc(-c3cccc4cc[nH]c34)c2OCc2ccccc2)NC1
c1ccc(NCc2ccc(Oc3ccccc3)cc2)cc1
O=S(=O)(NCCSc1cccc2c1cnn2-c1cc2ccccc2[nH]1)c1ccccc1Cc1c[nH]c2ccccc12
C1=CCC(c2cccc(-c3ccsc3)c2)=C1
c1ccc(NOc2cccc(-c3ccccc3)c2)cc1
c1ccc(CCc2c[nH]c3ccccc23)cc1
c1ccc(-c2ccc3c(cnn3-c3ccccc3)c2)cc1
c1ccc(CCc2c[nH]c3ccccc23)cc1
C1=Cc2c(ccc3c2C(=Cc2ccccc2)Oc2ccccc2-3)NC1
C1=Cc2c(ccc3c2C(=Cc2ccccc2)Oc2ccccc2-3)NC1
O=C(Nc1ccccc1)c1ccccc1
c1ccc2c(c1)NCCC2=Nc1ccc2c(c1)CCCN2
C1=Cc2c(ccc3c2C(=Cc2ccsc2)Oc2ccccc2-3)NC1
C1=CCCC(C=C2Oc3ccccc3-c3ccc4c(c32)C=CCN4)=C1
c1ccc(CNCc2[nH]c3ccccc3c2-c2ccccc2)cc1
c1ccccc1
C(Cc1ccccc1)=C1Oc2ccccc2-c2ccc3[nH]ccc3c21
O=S(=O)(Cc1ccccc1)Nc1ccc(-c2cc3ccccc3[nH]2)cc1
C(=C1Oc2ccccc2-c2ccccc21)c1ccsc1
c1cc2c(-c3ccsc3)oc3ccccc3c-2c1
O=C(Nc1ccccc1)OC1CNc2ccc(-c3cccc4cc[nH]c34)cc2C1
c1ccc(-c2ccccc2)cc1
c1ccc(-c2ccccc2CCCCc2cc3ccncc3[nH]2)cc1
c1ccc(CNCc2ccccc2)cc1
C(#COc1cccc2c1-c1ccc3c(c1CO2)C=CCN3)Cc1ccccc1
C1=CCC(C(CCc2ccccc2-c2ccccc2)Cc2cc3cnccc3[nH]2)=C1
C1=Cc2c(ccc3c2C(=Cc2ccccc2)Oc2ccccc2-3)NC1
C1=Nc2ccc(-c3cccc4cc[nH]c34)c(CCC3CCCc4ccccc43)c2CC1
O=S(=O)(Nc1ccc(-c2ccccc2)c(CC2=[SH]C=CC2)c1)c1ccccc1
c1ccc(-c2nc3ccccc3s2)cc1
c1ccc(-c2ccccc2Cc2ccccn2)cc1
C1=Cc2c(ccc3c2C(=Cc2ccccc2)Oc2ccccc2-3)NC1
C1=CC(CN(Cc2ccccc2)c2ccccc2-c2ccc3c(c2)CCN3)=CC1
c1ccc(Oc2ccccc2)cc1
c1ccc(CC(NCC2CCCCC2)c2ccccc2)cc1
c1ccc(-c2ccccc2)cc1
C1=CC2=C(C=C3CCCC(C(Cc4ccccc4)c4ccccc4)C3C2)C1
C1=Cc2c(ccc3c2C(=Cc2ccc4c(c2)CCCC4)Oc2ccccc2-3)NC1
C1=Cc2c(ccc3c2C(=Cc2ccccc2)Oc2ccccc2-3)NC1
c1ccc(-c2cccc3cc[nH]c23)cc1
C1=C(Cc2ccccc2)CC(c2ccccc2)=C1
c1ccc(-c2ccccc2CCCc2cc3ccccc3[nH]2)cc1
C1=Cc2c(ccc3c2C(=CC2C=CC(c4ccccc4)=C2)Oc2ccccc2-3)NC1
O=S(=O)(Nc1ccc(C2C=Nc3ccccc3S2)cc1)c1ccccc1
c1ccc(Cc2ccc3c(cnn3-c3ccccc3)c2)cc1
O=C(Nc1ccccc1)Oc1ccc2c(cnn2-c2ccccc2)c1
O=C(OCC1CCCc2ccccc21)c1ccccc1-c1ccccc1
c1ccc2[nH]c(CCCCCc3cccc4cc[nH]c34)cc2c1
c1ccc(-n2ncc3c(-c4ccc5c(c4)OCCO5)cccc32)cc1
c1ccc(Cc2ccccc2)cc1
C1=CC(c2ccccc2)=C(n2ncc3cc(Oc4cccc(-n5cccc5)c4)ccc32)CC1
c1cc(CCCc2cc3ccccc3[nH]2)cc(-c2ccsc2)c1
O=S(=O)(Nc1ccc(-c2ccc3c(cnn3-c3ccc4c(c3)CNCC4)c2)cc1)c1ccccc1
C1=CC(n2ncc3cc(Cc4ccccc4)ccc32)=CCC1
c1ccc(CCCc2cc3ccccc3[nH]2)cc1
C1=CC(CCCc2ccccc2)=CC1
c1ccc(-c2ccccc2)cc1
c1ccc(-c2cccc3cnccc23)cc1
c1ccc(CCCCc2cc3ccccc3[nH]2)cc1
c1ccc(-n2ncc3c(C4CCCC4)cccc32)cc1
C1=Cc2c(ccc3c2C(=Cc2ccccc2)Oc2ccccc2-3)NC1
O=C(CSc1nc2ccccc2o1)C1CCc2cc(-c3cccc4cc[nH]c34)ccc2N1
c1ccc(COc2ccc3c(cnn3-c3ccccc3)c2)cc1
O=C(NCC(Oc1ccc2c(cnn2-c2ccccc2)c1)c1ccccc1)c1ccccc1
C1=CC2C(=Cc3ccccc3)Oc3cccc(-c4ccccc4)c3C2=C1
C1=CC(CNCc2[nH]c3ccccc3c2OCCc2c[nH]c3ccccc23)=CC1
C1=Cc2c(ccc3c2C(=Cc2cccs2)Oc2ccccc2-3)NC1
c1ccc(-n2ncc3ccccc32)cc1
C1=C(c2ccc3[nH]ccc3c2)CC(c2cccc3cc[nH]c23)=C1
C1=CCC(CN(Cc2ccccc2)C2=CCCC=C2)=C1
C(=C1Oc2ccccc2-c2ccccc21)c1ccccc1
c1ccc(-c2ccsc2)cc1
C1=CC2C(=Cc3cccc(Oc4ccccc4)c3)Oc3ccccc3C2=C1
c1ccc(CCCCc2cc3ccccc3[nH]2)cc1
C1=Cc2c(ccc3c2C(=Cc2ccccc2)OC2=CCC=C23)NC1
c1ccc(CCNc2ccccc2)cc1
c1ccc(-c2ccccc2)cc1
O=C(Nc1ccccc1)OC1Cc2cc(-c3cccc4c3CC=C4)ccc2NC1c1ccccc1
C1=C(CCCC2=C3C(=CC2)NCCC3c2ccccc2)Cc2sccc21
c1ccc(-c2ccccc2)cc1
c1ccc(-c2c[nH]c3ccccc23)cc1
c1ccc(-c2ccc(C3CCc4ccccc4N3)c3[nH]ccc23)cc1
C1=C(CCc2ccccc2)CC(c2ccccc2)C1
O=S(=O)(Nc1ccccc1)c1ccccc1
C1=Cc2c(ccc3c2C(=CC2=CCc4ccccc4C2)Oc2ccccc2-3)NC1
c1ccc(Nc2ccccc2)cc1
O=S(=O)(Nc1ccccc1)c1cccc(OS(=O)(=O)c2ccccc2)c1
C1=CCC(C2=CCC(C=C3Oc4ccccc4-c4ccc5c(c43)C=CCN5)=C2)=C1
C1=Cc2c(ccc3c2C(=Cc2ccccc2)Oc2ccncc2-3)NC1
c1ccc(CCC(Cc2ccccc2)Cc2cc3ccccc3[nH]2)cc1
O=S(=O)(C1=CCNc2ccc3c(c21)C(=Cc1cccs1)Oc1ccccc1-3)c1ccccc1
C(=C1Oc2ccccc2C2=CCC=C12)c1ccccc1
O=C(Nc1ccccc1)OC1CNc2ccc(-c3cccc4cc[nH]c34)cc2C1
C1=C(CCCCNc2ccccc2)C(Oc2ccccc2)=CCC1
c1ccccc1
C1=CC(C2CCc3cc(-c4cccc5[nH]ccc45)ccc3N2)=CC1
O=C(Nc1cccc2cc[nH]c12)c1ccccc1
O=S(=O)(Nc1cccc(C2=CC=CC2)c1)c1ccccc1
C1=CC(CC(Cc2cc3ccccc3[nH]2)c2ccccc2)=CC1
c1ccc(Nc2cccc3c2cnn3-c2ccccc2)cc1
O=C(Nc1ccccc1)OC1CNc2ccc(-c3cccc4cc[nH]c34)cc2C1
O=C(Nc1ccccc1)Oc1ccccc1
O=C1OCc2cc(-c3cccc(CNCc4ccccc4)c3)ccc21
c1ccc(CCC(OCc2ccccc2)C2CCCC2)cc1
C1=Cc2c(ccc3c2C(=Cc2ccccc2)Oc2cccc(COc4ccccc4)c2-3)SC1
C1=CSC(C=C2Oc3ccccc3-c3ccc4c(c32)C=CCN4)=NC1
c1ccc(-c2ccc3c(c2)CCCN3)cc1
C1=Cc2c(ccc3c2C(=Cc2ccccc2)Oc2ccccc2-3)NC1
C1=Cc2c(ccc3c2C(=CNc2ccccc2)Oc2ccccc2-3)NC1
c1ccc(-c2ccccc2)cc1
O=S(=O)(Nc1ccccc1)c1ccc(-c2ccccc2)cc1
O=S(=O)(NC1=CCC=C1)c1ccc(-c2ccc3[nH]ncc3c2)cc1
C(=C1Oc2ccccc2-c2cccnc21)c1ccccc1
c1ccc2nc(-c3ccc4c(c3)CCCN4)ccc2c1
c1ccc(CCc2ccccc2)cc1
C1=CCC(C=CCC2Oc3ccccc3-c3ccc4c(c32)C=CCN4)=C1
c1ccc(-c2ccc3c(cnn3-c3cc4ccccc4[nH]3)c2)cc1
c1cc(CCCc2cc3ccccc3[nH]2)cc(-c2ccsc2)c1
C(=Cc1ccc2c(c1)CCC=N2)CNCc1ccccc1
C1=Cc2c(ccc3c2C(=CSc2ccccc2)OC2=C3C=CC2)NC1
C1=CC(C2=CCC(n3ncc4cc(Cc5ccccc5)ccc43)=C2)=CC1
c1ccc(Nc2cccc3ncccc23)cc1
c1ccc(C2=C(c3c[nH]c4ccccc34)CCc3c2cnn3-c2ccccc2)cc1
c1ccc(C2CC(=NOc3cc4ccncc4s3)c3cc(-c4cccc5cc[nH]c45)ccc3N2)cc1
O=C(Nc1ccccc1)OC1Cc2cc(Cc3cc4ccccc4[nH]3)ccc2NC1c1ccccc1
C(=C1Oc2ccccc2-c2cccnc21)c1cccc(-c2ccsc2)c1
c1ccc(CC(c2ccccc2)c2ccc3[nH]ncc3c2)cc1
C1=Cc2c(ccc3c2C(=Cc2cccs2)Oc2ccccc2-3)NC1
C1=CC2=C(C1)OC(=Cc1ccc(-c3ccccc3)cc1)c1c2ccc2c1CCCN2
O=S(=O)(Nc1ccc(C2=CCCC=C2)cc1)c1ccccc1
C1=C(Oc2ccccc2)c2cccc(-c3cc(-n4ncc5ccccc54)c[nH]3)c2C1
O=S(=O)(NCCc1c[nH]c2ccccc12)c1ccccc1
C(=Cc1ccccc1)CN(Cc1ccccc1)c1ccccc1
C(=C1Oc2ccccc2-c2ccc3ncccc3c21)c1cccs1
c1ccc(Cc2c(-c3cccc4cc[nH]c34)ccc3c2CCCN3)cc1
C(=C1Oc2ccccc2-c2ccc3ncccc3c21)c1ccccc1
O=S(=O)(c1ccccc1)c1ccccc1CN(Cc1ccccc1)C1=CCC=C1
C1=CC(N(Cc2ccccc2)Cc2ccccc2)=CC1
C1=Cc2c(ccc3c2C(=Cc2ccccc2)Oc2ccccc2-3)NC1
c1cc(CCCc2cccc3cc[nH]c23)c2c(c1)CCO2
C1=CCCC(C=C2Oc3ccccc3-c3ccc4[nH]ccc4c32)=C1
C1=CC2=C(CC1)OC(=CC1=CCCC1)c1c2ccc2c1C=CC(c1ccccc1)N2
c1ccc(CCC(Cc2ccccc2)Cn2cnc3ccccc32)cc1
c1ccc(CCCNCCc2ccccc2)cc1
c1cc(N=C2CCNc3ccc(-c4cccc5cc[nH]c45)cc32)c2[nH]ccc2c1
C(=Cc1ccc2c(c1)CCCN2)C1=CC=C2c3ccccc3OC(c3ccccc3)C12
C1=Cc2c(ccc3c2C(=Cc2ccccc2)Oc2ccccc2-3)NC1
c1ccc(Nc2cccc3c2cnn3-c2ccccc2)cc1
C1=CC(C(Oc2ccc3c(cnn3-c3ccccc3)c2)c2ccccc2)=CC1
C1=CC(n2ncc3cc(OCc4ccccc4)ccc32)=C(c2ccccc2)C1
C1=Cc2c(ccc3c2C(=CC2=C(c4ccccc4)CC=C2)Oc2ccccc2-3)NC1
c1ccc(CNCc2[nH]c3ccccc3c2-c2ccccc2)cc1
C1=CC(CN(Cc2ccccc2)c2ccccc2)=CC1
C(Nc1ccccc1)=C1Oc2ccccc2-c2ccc3ncccc3c21
O=C1CNc2ccc(-c3cccc4cc[nH]c34)cc2C1CC1=CCCc2ccccc21
C1=Cc2cc(-c3ccccc3)ccc2NC1
C1=C(CNc2ccc(CSc3nc4ccccc4o3)cc2)CCC1
C1=CCCC(C2=CCC(c3ccc4c(cnn4-c4ccccc4)c3)=C2)=C1
O=S(=O)(CC1CCCc2ccccc21)Nc1cccc(N(CC2=CC=CCC2)Cc2cccs2)c1
c1ccc(ONc2cccc3c2cnn3-c2ccccc2)cc1
c1ccc(CCCCc2ccccc2)cc1
c1ccc2[nH]c(-c3cccc4ncccc34)cc2c1
C(=C1Oc2ccccc2-c2ccc3[nH]ccc3c21)c1cccs1
C1=CC(c2ccc(-c3ccccc3)c3[nH]ccc23)=CCC1
O=C1CNc2c(cc(Oc3ccc4c(cnn4-c4ccccc4)c3)c3c2CCC3)C1
c1cc(-c2ccc3c(c2)CC(c2cccc4cc[nH]c24)CN3)c2[nH]ccc2c1
c1ccc(CN(Cc2ccccc2)c2ccccc2)cc1
C1=Cc2c(ccc3c2C(=Cc2ccccc2)Oc2ccccc2-3)NC1
c1cc(-c2cc3c(c(Sc4nc5ccccc5o4)c2)NCCC3)c2[nH]ccc2c1
c1ccc(CCNCCc2ccccc2)cc1
c1ccc(-n2ncc3cc(OCCCc4cccc5ncccc45)ccc32)cc1
C1=Cc2c(ccc3c2C(=Cc2cccs2)Oc2ccccc2-3)NC1
C(=Cc1ccccc1)CN(Cc1ccccc1)c1ccccc1
c1ccc(-c2ccccc2)cc1
C1=CC(C=C2Oc3ccccc3-c3ccc4c(c32)C=CCN4)=CC1
c1ccc(CN(Cc2ccccc2)c2ccc3c(c2)CCCN3)cc1
C1=Cc2cc(-c3ccccc3)ccc2NC1
C(=C1Oc2ccccc2-c2ccc3[nH]ccc3c21)c1ccccc1
c1ccc(-c2cccc3c2cnn3-c2ccccc2)cc1
c1ccc(-n2ncc3cc(-c4ccccc4Cc4cccc5cc[nH]c45)ccc32)cc1
C1=CC(CCCc2ccccc2)=C(CCCCc2ccccc2)C1
c1ccc(C(Cc2ccc3ccccc3n2)Cc2cc3cnccc3[nH]2)cc1
O=C(NCc1ccccc1)c1cccc(-n2ncc3ccccc32)c1
c1ccc(-c2ccccc2)cc1
c1ccc(-c2c(CNCNC3CCCCC3)[nH]c3ccccc23)cc1
C1=CC(CCSCC2=CCNc3ccc(-c4ccccc4)cc32)=CC1
C1=Cc2nc(C3C=Cc4c(ccc5c4C(=Cc4ccccc4)Oc4ccccc4-5)N3)cnc2CC1
c1ccc(Oc2ccc3ccccc3c2)cc1
c1ccc(-c2ccsc2)cc1
C1=Cc2c(ccc3c2C(Cc2ccccc2)Oc2ccccc2-3)NC1
c1ccc(CNCc2ccccc2)cc1
c1ccc2c(c1)ccn2Cc1sccc1-c1ccc2c(c1)CCC(c1ccsc1)N2
c1ccc(-c2c[nH]c3ccccc23)cc1
c1ccc(Cc2cccc(-c3cccc4cc[nH]c34)c2)cc1
C1=CC(CC(Oc2ccc3c(cnn3-c3ccccc3)c2)c2ccccc2)=CCC1
C1=Cc2c(ccc3c2C(=Cc2ccccc2)Oc2ccccc2-3)NC1
O=S(=O)(c1ccccc1C=C1Oc2ccccc2-c2ccc3c(c21)C=CCN3)N1CCCCC1
O=S(=O)(c1ccccc1C=C1Oc2ccccc2-c2ccc3c(c21)C=CCN3)N1CCCCC1
O=S(=O)(Nc1ccccc1)c1cccc(C2=CCC=C2)c1
C1=Cc2c(ccc3c2C(=Cc2cccs2)Oc2ccccc2-3)NC1
C(=C1Oc2ccccc2-c2cccnc21)c1cccc(-c2ccsc2)c1
C1=Cc2c(ccc3c2C(=Cc2ccccc2)Oc2ccccc2-3)NC1
C1=CCC(OCc2ccc3[nH]c(Cc4ccccc4)c(-c4ccccc4)c3c2)=C1
c1ccc(CCCCc2ccccc2)cc1
c1ccc(-c2cc3ccccc3o2)cc1
C(=C1Oc2ccccc2-c2ccccc21)c1ccccc1
C1=C2CCC=C(CCNc3ccccc3)C2Cc2cnn(-c3ccccc3)c21
C1=CC(Oc2ccccc2)=C(c2ccccc2)C1
C1=Nc2ccc(-c3cccc4cc[nH]c34)cc2C1
c1ccc(Oc2ccc3ccccc3n2)cc1
c1ccc(Oc2ccccc2)cc1
c1ccc(Cc2ccccc2)cc1
C1=Cc2c(ccc3c2C(=Cc2ccccc2)Oc2ccccc2-3)NC1
C1=Cc2c(ccc3c2COc2ccccc2-3)NC1
C1=CC(Cc2ccccc2)C(c2ccsc2)=C1c1cccnc1
C1=CC(CNCc2[nH]c3ccccc3c2-c2ccccc2)=CC1
O=C(Nc1ccccc1)OC1CNc2ccc(-c3ccccc3)cc2C1
c1ccc(-c2cccc(-c3ccc4nc5c(cc4c3)NCCC5)c2)cc1
c1ccc2ccccc2c1
c1ccc(Cc2ccccc2)cc1
c1cnc2c(-c3ccc4c(c3)CCC(c3cccc5cc[nH]c35)N4)cccc2c1
C1=Nc2ccc(-c3c[nH]c4ccccc34)c(-c3ccccc3)c2CC1
c1ccc(Nc2cccc3ncccc23)cc1
C1=Cc2c(ccc3c2C(=Cc2cccs2)Oc2ccccc2-3)NC1
c1cc(-c2ccc3c(c2)CCCN3)c2[nH]ccc2c1
c1ccc(CCc2ccccc2)cc1
C1=CCCC(C2CCNc3ccc(-c4cccc5cc[nH]c45)cc32)=C1
O=S(=O)(NCCc1cccc2ccccc12)c1ccccc1
c1ccc(COOC(c2ccccc2)c2ccccc2)cc1
C1=CCC(C=C2Oc3ccccc3-c3ccc4c(c32)C=CCN4)=C1
c1ccc(OC2CNc3ccc(-c4cccc5cc[nH]c45)cc3C2)cc1
c1ccc(-n2ncc3c(Nc4nc5ccccc5o4)cccc32)cc1
O=C(c1ccsc1C=C1Oc2ccccc2-c2ccc3c(c21)C=CCN3)c1cccc2cc[nH]c12
C1=CC(C=C2Oc3ccccc3-c3ccc4c(c32)C=CCN4)=CC1
C1=CCC(CCCCC2=CCC(c3cccc4cc[nH]c34)=C2)=C1
O=S(=O)(Nc1ccc(-c2ccc3c(cnn3-c3ccccc3)c2)cc1)c1ccccc1
O=S(=O)(Nc1cccc(NCc2ccccc2)c1)c1ccccc1
C1=CC2=C3COc4ccccc4C3=C(c3cccc4cc[nH]c34)C2=CC1
C(=C1Oc2ccccc2-c2ccc3[nH]ccc3c21)c1cccs1
C1=Cc2c(ccc3c2C(=Cc2ccccc2)Oc2ccccc2-3)NC1
c1ccc(Oc2c[nH]c3ccccc23)cc1
c1cc(-c2ccc(NC3CC3)cc2)c2[nH]ccc2c1
C1=Cc2c(ccc3c2C(=Cc2ccccc2)Oc2ccccc2-3)NC1
c1ccc2c(c1)CCCC2CCSc1nc2ccccc2s1
c1ccc(OCC(Cc2ccnc3ccccc23)CC2CCCc3ccccc32)cc1
C(=C1Oc2ccccc2-c2ccc3c(c21)CCCC3)c1ccccc1
c1cc(-c2ccc3c(c2)C(CSc2nc4ccccc4o2)CCN3)c2[nH]ccc2c1
c1ccc(Cc2ccccc2)cc1
C1=C(c2ccc3c(cnn3-c3ccccc3)c2)C=C(n2ncc3ccccc32)C1
C1=CC(CC(Oc2ccc3c(cnn3-c3ccccc3)c2)c2ccccc2)=CC1
C1=C(NC2=C(Cc3ccccc3)C(c3cccc4cc[nH]c34)=CC2)c2ccccc2CC1
C1=Cc2c(ccc3c2C(=Cc2ccccc2)OC2=CCC=C23)NC1
c1ccc(CN(c2ccccc2)c2ccccc2)cc1
c1ccc(-c2cc3ccccc3[nH]2)cc1
c1ccc(-c2c[nH]c3ccccc23)cc1
C1=CC(C=C2Oc3ccccc3-c3ccc4c(c32)C=CC(c2ccccc2)N4)=CC1
C(#Cc1ccc2[nH]c(Cc3ccccc3)cc2c1)c1ccccc1
c1ccc(-c2cccc3cc[nH]c23)cc1
c1ccc(C2CCCCC2)cc1
C1=Cc2c(ccc3c2C(=Cc2cccs2)Oc2ccccc2-3)NC1
C1=Cc2c(ccc3c2C(=Cc2cccs2)Oc2ccccc2-3)NC1
c1ccc2[nH]c(CCCC3CCc4cc(-c5cccc6cc[nH]c56)ccc4N3)cc2c1
c1ccc(-c2ccc(-c3ccc4c(c3)CCCN4)c3[nH]ccc23)cc1
c1cc(-c2cccc3cc[nH]c23)cc(-n2ncc3ccccc32)c1
c1ccc(C2=C(c3ccc4c(cnn4-c4ccccc4)c3)Cc3cc[nH]c32)cc1
C=C1Oc2ccccc2-c2ccc3c(c21)C=CCN3
O=C(Nc1ccccc1)C1=Nc2ccc(-c3cccc4cc[nH]c34)cc2C1
c1ccc(-c2ccc3c(cnn3-c3ccccc3)c2)cc1
C1=Cc2c(ccc3c2C(=Cc2ccccc2)Oc2ccccc2-3)NC1
c1ccc2[nH]c(CCCC3CCc4cc(-c5cccc6cc[nH]c56)ccc4N3)cc2c1
C1=Nc2ccc3c(c2CC1)C(=Cc1ccccc1)Oc1ccccc1-3
c1ccc(-c2ccccc2)cc1
c1ccc(-n2ncc3cc(NCc4cccc5cc[nH]c45)ccc32)cc1
C=C1Oc2ccccc2-c2ccc3c(c21)C=CC(c1ccccc1)N3
c1ccc(CNCc2ccc(Oc3ccccc3)cc2)cc1
C1=C(n2ncc3cc(C(c4ccccc4)c4ccccc4)ccc32)CCC1
O=C(NCc1ccccc1)c1ccc(C2=CC=CC2)cc1
c1ccc(Cc2cc3ccccc3[nH]2)cc1
C(=Cc1ccccc1)CCCCc1cc2ccccc2[nH]1
C1=CC(Cc2ccccc2)Nc2ccc3c(c21)COc1ccccc1-3
c1ccc(CN(Cc2ccccc2)c2ccccc2)cc1
C(=C1Oc2ccccc2-c2ccccc21)c1ccccc1
O=S(=O)(Nc1ccc(-c2ccc3c(cnn3C=CC3=CC=CC3)c2)cc1)c1ccsc1
C(=C1Oc2ccccc2-c2ccc3ncccc3c21)c1ccsc1
c1ccc(C2CNc3ccc(-c4cccc5cc[nH]c45)cc3C2)cc1
C1=CC(CCSCC2=CCNc3ccc(-c4ccccc4)cc32)=CC1
O=S(=O)(Nc1ccccc1)c1ccc(C2=CC=CC2)cc1
c1ccc(CC(Oc2ccc3[nH]ncc3c2)c2ccccc2)cc1
C1=Cc2c(ccc3c2C(=CC2=Nc4ccccc4C2)Oc2ccccc2-3)NC1
c1ccc(Cc2ccccc2-c2ccccc2)cc1
c1ccc(CCCCc2cc3ccccc3[nH]2)cc1
c1ccc(C2Oc3ccccc3-c3ccccc32)cc1
C1=CCC(C2=CCC(c3ccccc3)=C2CC2CCCc3ccccc32)=C1
c1ccc(-n2ncc3c4c(ccc32)-c2ccccc2OC4)cc1
C1=Cc2c(ccc3c2C(=Cc2cccs2)Oc2ccccc2-3)NC1
O=S(=O)(NOc1cccc2c1-c1ccc3c(c1CO2)C=CC(c1ccccc1)N3)c1ccccc1
C1=Cc2c(ccc3c2C(=Cc2ccccc2)Oc2ccccc2-3)NC1
c1ccc(ON=C2CCNc3ccc(-c4cccc5cc[nH]c45)cc32)cc1
C1=CNc2ccc(-c3cccc4cc[nH]c34)cc2C1
C1=CC2OC(=Cc3ccccc3)c3c(ccc4c3C=CCN4)C2=C1
c1ccc(-n2ncc3c4c(ccc32)-c2ccccc2OC4)cc1
C1=CC2CC(CC(Cc3cc4ccccc4[nH]3)CC3CCCc4ccccc43)CCC2=C1
N=C1CC(Cc2ccccc2)Nc2ccc(-c3cccc4cc[nH]c34)cc21
C1=CCC(Cc2ccccc2)C(c2ccc3c(cnn3-c3ccccc3)c2)=C1
O=S(=O)(Nc1ccc(C2=CCC=C2)cc1)c1ccccc1
C1=CC(c2ccccc2)C(c2ccc3c(cnn3-c3ccccc3)c2)=C1
C(#Cc1ccccc1)COCc1ccccc1
O=C(OC1CNc2ccc(-c3ccccc3)cc2C1)c1csc2ccccc12
c1ccc(C2CCCCC2)cc1
O=C(c1ccccc1-c1cccc2cc[nH]c12)N1CCCCC1
C1=Cc2c(ccc3c2C(=Cc2ccccc2)Oc2ccccc2-3)NC1
c1ccc(CC(Oc2ccc3[nH]ncc3c2)c2ccccc2)cc1
C1=CSC(C=C2Oc3ccccc3-c3ccc4c(c32)C=CCN4)=CC1
C(=C1Oc2ccccc2C2=CCCC=C12)c1ccccc1
C1=Cc2c(ccc3c2C(=Cc2ccccc2)OC2=CCC=C23)NC1
C1=Cc2c(ccc3c2C(=Cc2ccccc2)Oc2ccccc2-3)NC1
C1=Cc2c(ccc3c2C(=Cc2ccccc2)Oc2ccccc2-3)NC1
C1=CCCC(C(Oc2ccc3c(cnn3-c3ccccc3)c2)c2ccccc2)=C1
c1ccc(Cc2cc3ccccc3[nH]2)cc1
O=S(=O)(Nc1ccc(C2=CCC=C2)cc1)c1ccccc1
O=C(Nc1ccccc1)OC1CNc2ccc(-c3cccc4cc[nH]c34)cc2C1
O=S(=O)(Nc1ccccc1)c1ccccc1
O=C(NC1CCCCC1)C(CCc1ccccc1)Cc1ccccc1
C1=Cc2c(ccc3c2C(=Cc2ccccc2)Oc2ccccc2-3)NC1
C1=CC(C=C2Oc3ccccc3-c3ccc4c(c32)C=CCN4)=CC1
C1=CC(c2ccc3c(cnn3-c3ccccc3)c2)C=C1
C(=C1Oc2ccccc2C2=CCC=C12)c1ccccc1
C(=C1Oc2ccccc2C2=CCC=C12)c1ccccc1
C1=CC(c2ccccc2)C(C=C2Oc3ccccc3-c3ccc4c(c32)C=CCN4)=C1
C1=CC(C=C2Oc3ccccc3-c3ccc4ncccc4c32)=CCC1
O=C(Nc1ccccc1)OC1CNc2ccc(-c3cccc4cc[nH]c34)cc2C1
C1=Cc2c(ccc3c2C(=Cc2cccs2)Oc2c-3ccc3c2CCCC3)NC1
c1ccc(Nc2ccccc2)cc1
c1ccc2[nH]c(CCCCc3cccc4cc[nH]c34)cc2c1
C1=CC(C=C2Oc3ccccc3-c3ccc4c(c32)C=CCN4)=CC1
O=C(CCc1ccccc1)NCC(Oc1ccnc2ccccc12)c1ccccc1
c1ccc(C2CCNc3ccccc32)cc1
C1=Cc2c(ccc3c2C(=Cc2cccs2)Oc2ccccc2-3)NC1
c1ccc(CNCc2[nH]c3c(-c4ccco4)cccc3c2-c2ccccc2)cc1
c1ccc(ON=C2CCNc3ccc(-c4cccc5cc[nH]c45)cc32)cc1
O=C1C=C(n2ncc3cc(-c4ccc(S(=O)(=O)Nc5ccccc5)cc4)ccc32)CC1
O=S(=O)(NNCc1ccccc1)c1ccccc1-c1cc2ccccc2[nH]1
c1ccc(-c2ccc3c(cnn3-c3ccccc3)c2)cc1
O=C1OCc2cc(-c3ccccc3-c3cccc4cc[nH]c34)ccc21
C1=CCC(C2=C3C(=Cc4ccccc4)Oc4ccccc4C3=CC2)=C1
C1=CC(c2ccc(-c3ccc4c(c3)CCCN4)c3[nH]ccc23)=CCC1
O=C(NCC(Oc1ccc2c(cnn2-c2ccccc2)c1)c1ccccc1)c1cccc2cc[nH]c12
c1cc(N=C2CCNc3ccc(-c4cccc5cc[nH]c45)cc32)c2[nH]ccc2c1
C1=Cc2c(ccc3c2C(=Cc2ccccn2)Oc2ccccc2-3)NC1
c1ccc(COc2cccc3c2-c2ccccc2C(c2ccccc2)O3)cc1
O=S(=O)(Nc1cccc(N(Cc2ccccc2)Cc2ccccc2)c1)c1ccsc1
C1=Cc2c(ccc3c2C(=Cc2ccccc2)Oc2ccccc2-3)NC1
C1=CC(C=C2Oc3ccccc3-c3ccc4c(c32)C(c2cc3ccccc3[nH]2)=CCN4)=CC1
c1ccc(COc2ccc3c(cnn3-c3ccccc3)c2)cc1
C1=CC(N(Cc2ccccc2)c2ccccc2)=CCC1
C1=C(C2CCNc3ccc(-c4cccc5cc[nH]c45)cc32)CCC1
c1ccc(-c2ccc3c(cnn3-c3ccccc3)c2)cc1
C1=Cc2c(ccc3c2C(=CC2=CCCC2)Oc2ccccc2-3)NC1
C1=Nc2ccccc2C1c1ccccc1Oc1cccs1
c1ccc(Cc2ccc3c(cnn3-c3ccccc3)c2)cc1
O=S(=O)(Nc1ccccc1)c1ccc(C2=CC=CC2)cc1
C1=CCCC(C=C2OC3=CCC=C3c3ccc4c(c32)C=CCN4)=C1
C1=Cc2c(ccc3c2C(=Cc2cccs2)Oc2ccccc2-3)NC1
c1ccc(CCCc2cnc3[nH]ncc3c2)cc1
c1cc(ON=C2CCNc3ccc(-c4cccc5cc[nH]c45)cc32)c2[nH]ccc2c1
O=C(Nc1cccc2[nH]ccc12)OC1CNc2ccc(-c3cccc4cc[nH]c34)cc2C1
c1ccc(-n2ncc3cc(OCc4cccc5c4CCCC5)ccc32)cc1
O=S(=O)(Nc1ccccc1)c1ccc(C2CCC3=CC=CCC3C2)cc1
C1=CC(=NOCc2ccccc2)c2cc(-c3cccc4cc[nH]c34)ccc2C1
C1=Cc2c(ccc3c2COc2ccccc2-3)NC1
C(=Cc1ccccc1)CNCc1ccccc1
O=S(=O)(Nc1ccccc1)c1ccccc1Cc1ccccc1
c1ccc(CCCNCc2ccccc2)cc1
c1ccc(C(Nc2cccc3ncccc23)Oc2ccc3[nH]ncc3c2)cc1
C1=Cc2c(ccc3c2C(=Cc2ccccc2)Oc2ccccc2-3)NC1
C1=CCCC(C=C2Oc3ccccc3-c3ccc4c(c32)C=CCN4)=C1
c1ccc(-c2cc3c(cc2-c2cccc4cc[nH]c24)CCC(C2CC2)N3)cc1
c1ccc(C(CNc2cccnc2)Oc2ccc3c(cnn3-c3ccccc3)c2)cc1
O=C(NCc1ccc(-c2cnoc2)cc1)c1ccccc1
c1ccc(CC(c2ccccc2)c2ccc3c(cnn3-c3ccccc3)c2)cc1
C1=CCC(Cc2ccccc2)C(c2ccc3c(cnn3-c3ccccc3)c2)=C1
C1=CC(CN(Cc2ccccc2)c2ccccc2)=CC1
c1ccc(-c2ccc3c(cnn3-c3ccccc3)c2)cc1
c1ccc2c(c1)OCc1c-2ccc2[nH]ccc12
c1ccc(Cc2ccccc2)cc1
O=S(=O)(CCCCc1ccccc1)Nc1ccc(C2=CC=NC2)c(C2CCCCC2)c1
c1ccc(-c2c[nH]c3ccccc23)cc1
c1ccc(CN(Cc2ccccc2)c2ccccc2)cc1
C1=Cc2c(ccc3c2C(=Cc2cccs2)Oc2ccccc2-3)NC1
C1=CC(C=CCC2Oc3ccccc3-c3ccc4c(c32)C=CCN4)=CCC1
N=C1CCNc2ccc(-c3cccc(-c4ccc5c(c4)CCCN5)c3)cc21
c1ccc(-c2c(CNCNC3CCCCC3)[nH]c3ccccc23)cc1
C(=Cc1ccccc1)CCCCc1ccccc1
C(=C1Oc2ccccc2-c2ccc3[nH]c(-c4cnoc4)cc3c21)c1cccs1
C1=C(CNCC2=CC=C(c3ccccc3)C2)C=C(CCC(Cc2cc3cnccc3[nH]2)C2CC2)C1
c1ccc(CNc2ccccc2-c2ccccc2)cc1
C1=CCC(c2ccccc2-c2cccc3cc[nH]c23)=C1
C1=CC(c2ccccc2)Nc2ccc3c(c21)C(=Cc1ccsc1)OC1=CCCC=C13
O=S(=O)(Nc1ccccc1)c1ccc(C2=C3C(C=C2)CCCC3c2ccccc2)cc1
c1ccc(CCc2ccnc3ccccc23)cc1
C(=C1Oc2ccccc2-c2ccc3[nH]ccc3c21)c1ccccc1
C(=Cc1c[nH]c2ccccc12)CC1Oc2ccccc2C2CC=C3CCCCC3=C12
c1ccc(-c2cc(-c3cccc4cc[nH]c34)cc3c2NCCC3)cc1
C(=C1Oc2cc3cc4c(cc3cc2C2=CCC=C12)NCC4)c1ccccc1
c1ccc(-c2cc3ccccc3o2)cc1
C1=Cc2c(ccc3c2C(=Cc2ccccc2)Oc2ccccc2-3)NC1
O=C(NCc1ccccc1)OC1CNc2ccc(-c3cccc4cc[nH]c34)cc2C1
c1ccc(COc2ccc3c(cnn3-c3ccc(Nc4ccccc4)cc3)c2)cc1
c1ccc(-n2ncc3c(NC4=C(Nc5cccc6[nH]ncc56)CCC4)cccc32)cc1
c1ccc(-c2c[nH]c3ccccc23)cc1
C1=CCC(n2ncc3cc(-c4ccccc4)ccc32)=CC1
O=C1OCc2c1ccc1c2C(C2CCc3ccccc3C2c2cccc3cc[nH]c23)CCC1
c1ccc(Nc2cccc3cc[nH]c23)cc1
c1ccc(OC(Oc2ccc3c(cnn3-c3cccs3)c2)c2ccccc2)cc1
C1=CCC(CCCCc2ccccc2)=C1
C1=Cc2c(ccc3c2C(=Cc2ccccc2)Oc2ccccc2-3)NC1
c1ccc(CC2CCc3cc(-c4cccc5cc[nH]c45)ccc3N2)cc1
c1ccc(CNC2CCc3cc(-c4ccccc4)ccc3N2)cc1
C1=CC2(CCCC=C2c2ccccc2)Cc2cnn(-c3ccc(-c4c[nH]c5ccccc45)cc3)c21
c1ccc(OCc2cc3ccccc3[nH]2)cc1
c1ccc(-c2c[nH]c3ccc(-c4c[nH]c5ccccc45)cc23)cc1
O=S(=O)(Nc1ccc(C2C=CC=C2)c(Cc2ccsc2)c1)c1ccccc1
O=S(=O)(Nc1ccc(C2=CC=C(c3cccc4cc[nH]c34)C2)nc1)c1ccccc1
N=C1CCNc2ccc(-c3cccc4c(-c5cc6ccccc6[nH]5)c[nH]c34)cc21
C1=CCCC(n2ncc3cc(-c4ccccc4)ccc32)=C1
C1=Cc2c(ccc3c2C(=CC2=Nc4ccccc4C2)Oc2ccccc2-3)NC1
C1=CCC(c2ccc(CNCCSC3CCCc4ccccc43)cc2)=C1
c1ccc(CNc2ccccc2-c2ccccc2)cc1
c1ccc(-c2ccccc2)cc1
C(=Cc1ccccc1)CNCc1ccccc1
C1=CCC2C=CC(C3=C4CCC(c5ccccc5Cc5ccccc5)CC4C=C3)C2=C1
C1=C(c2ccc3[nH]ccc3c2)C=C(c2cccc3cc[nH]c23)C1
C1=CCC(c2ccc3c(cnn3-c3ccc(-c4ccccc4)cc3)c2)=C1
c1ccc(CC(c2ccccc2)c2ccccc2)cc1
c1ccc(-c2ccc3c(cnn3-c3ccccc3)c2)cc1
C1=Cc2c(ccc3c2C(=Cc2ccccc2)OC2=C3CC(c3ccccc3)=C2)NC1
c1ccc(NCc2ccc(Oc3ccccc3)cc2)cc1
c1ccc(CCCCCCc2ccccc2)cc1
O=C(Cc1ccccc1)Nc1c(-c2cccc3cc[nH]c23)ccc2c1CCCN2
C1=Cc2c(ccc3c2C(=CC2=CC=NN(c4ccccc4)C2)Oc2ccccc2-3)NC1
C1=Cc2c(ccc3c2C(=CCCC2CCc4ccccc4C2)Oc2ccccc2-3)NC1
c1ccc(COc2ccccc2)cc1
c1ccc(Nc2ccccc2)cc1
c1ccc(-c2cccc3cc[nH]c23)cc1
c1ccc(-n2ncc3ccccc32)cc1
c1ccc(C2Oc3ccccc3-c3ccccc32)cc1
C1=CC(C(c2ccc3[nH]ncc3c2)c2cnc3[nH]ncc3c2)=CC1
c1ccc2c(c1)OCc1c-2ccc2c1CC(c1cccc3cc[nH]c13)=N2
O=C(Nc1ccccc1)OC1CNc2ccc(-c3cccc4cc[nH]c34)cc2C1
O=S(=O)(NCCCCc1ccc2[nH]c(C3=CC=CC3)cc2c1)c1ccccc1
c1ccc(COc2ccc3c(cnn3-c3ccccc3)c2)cc1
c1ccc(CCCCc2cc3cnccc3[nH]2)cc1
C(=Cn1ncc2ccccc21)CSc1ccc2ccccc2c1
C1=Cc2c(ccc3c2C(=Cc2ccccc2)Oc2ccccc2-3)NC1
c1ccc(Oc2cccc3cc[nH]c23)cc1
O=C(NCC(CCc1c[nH]c2ccccc12)C1=CC=CCC1)c1ccccc1
c1ccc(-n2ncc3c4c(ccc32)-c2ccccc2OC4)cc1
O=C(Nc1ccccc1)c1cccc2cc[nH]c12
O=S(=O)(Nc1cccc2c1cnn2-c1ccccc1)c1ccccc1
C1=Cc2c(ccc3c2C(=Cc2ccccc2)Oc2ccccc2-3)NC1
c1ccc(COc2ccc3c(cnn3-c3ccccc3)c2)cc1
C1=Cc2c(ccc3c2C(=CC2=C(c4ccccc4)C=NC2)Oc2ccccc2-3)NC1
c1ccc(COc2ccc3c(cnn3-c3ccccc3)c2)cc1
c1ccc(-c2cccc3cc[nH]c23)cc1
C1=Cc2c(ccc3c2C(=Cc2ccccc2)OC2=C3C=CC2)NC1
O=S(=O)(Nc1ccccc1)c1ccc(C=Cc2cnoc2)cc1
O=C(c1ccsc1C=C1Oc2ccccc2-c2ccc3c(c21)C=CCN3)c1cccc2cc[nH]c12
c1ccc(CCc2ccc3cnn(-c4ccccc4)c3c2)cc1
c1csc(Cc2ccc(-n3ncc4ccccc43)cc2)c1
C1=C(n2ncc3cc(Cc4ccccc4)ccc32)c2ccccc2CC1
O=C(CCc1cccc2cc[nH]c12)NCc1ccccc1
c1ccc(Cc2ccccc2)cc1
C1=Cc2c(ccc3c2C(=Cc2ccccc2)Oc2ccccc2-3)NC1
c1ccc(COc2cc(-c3ccc4c(c3)CCCN4)c3[nH]ccc3c2)cc1
C1=C(c2ccnc3ncccc23)Cc2ccccc2O1
O=C1CNc2ccc(-c3nc4ccccc4s3)cc2C1
c1ccc(NCc2ccc(Oc3ccccc3)cc2)cc1
c1cc(CCCCc2cc3ccccc3[nH]2)c2c(c1)CCO2
c1ccc(CCc2ccccc2)cc1
C1=Cc2c(ccc3c2C(=Cc2ccccc2)Oc2ccccc2-3)NC1
c1ccc(CCCCc2cc3ccccc3[nH]2)cc1
O=C(CSc1ccc2ccccc2n1)Nc1ccccc1
c1ccc(CNc2ccc3c(c2)C(c2ccccc2)Oc2ccccc2-3)cc1
C1=Cc2c(ccc3c2C(=Cc2ccco2)Oc2ccccc2-3)NC1
c1ccc(CCCON=C2CCNc3ccccc32)cc1
C1=Cc2c(ccc3c2C(=Cc2cccc4c2OCOC4)Oc2ccccc2-3)NC1
C1=Cc2c(ccc3c2C(=Cc2cccs2)Oc2ccccc2-3)NC1
O=C(NC1CCCCC1)c1ccc(OC(Cc2c[nH]c3ccccc23)c2ccccc2)cn1
O=S(=O)(Nc1ccc(-c2ccccc2)cc1)c1ccccc1
C1=CC(CCc2ccccc2)=CC1
C1=Cc2c(ccc3c2C(=Cc2ccccc2)Oc2ccccc2-3)NC1
C1=CCC(CN(Cc2ccccc2)c2ccccc2-c2ccccc2)=C1
c1ccc(-c2c[nH]c3ccccc23)cc1
C1=CCC(C=C2Oc3ccccc3-c3ccc4ncccc4c32)=C1
c1ccc(Cn2ncc3cc(OC(CNc4ccccc4)c4ccccc4)ccc32)cc1
C1=C(c2ccc3c(c2)CCCN3)CC=C1c1cccc2cc[nH]c12
c1ccc(-c2cccc3cc[nH]c23)cc1
O=S(=O)(NCCc1ccccc1)c1ccccc1-c1cc2ccccc2[nH]1
C1=CCC(Cc2ccc(Oc3ccccc3)cc2)=C1
c1ccc(-c2ccccc2)cc1
C=C1Oc2ccccc2-c2ccc3c(c21)C=CCN3
C1=Cc2c(ccc3c2C(=Cc2cccs2)Oc2ccccc2-3)NC1
O=S(=O)(Nc1ccc2c(c1)C(c1ccc3c(c1)CCCC3)Oc1ccccc1-2)c1cccs1
C1=CC(Cc2ccccc2)=C(C(c2ccccc2)c2ccccc2)C1
c1ccc(Oc2cccc3c2-c2ccccc2C(c2cccs2)O3)cc1
C(=C1Oc2ccccc2-c2ccc3ncccc3c21)c1ccsc1
c1ccc(Cc2[nH]c3ccccc3c2-c2ccncc2)cc1
c1ccc(Cc2cccc(-c3ccccc3)c2)cc1
C(=C1Oc2ccccc2-c2ccc3c(c21)CCCC3)c1ccccc1
c1ccc2c(Nc3coc4ccccc34)ccnc2c1
C1=Cc2c(ccc3c2C(=Cc2cccs2)Oc2ccccc2-3)NC1
c1ccc(Oc2ccccc2)cc1
C1=C(CCCc2cc3ccccc3[nH]2)C=C(c2ccccc2)C1
c1cnc2c(-c3ccc4c(c3)CCC(c3cccc5cc[nH]c35)N4)cccc2c1
O=S(=O)(Cc1ccccc1)Nc1ccc(-c2ccc3[nH]ncc3c2)cc1
O=S(=O)(Nc1ccc(C2=CCC=C2)c(Cc2ccccc2)c1)C1=CCCC=C1
c1ccc(Oc2ccccc2)cc1
C1=Cc2c(ccc3c2C(=Cc2ccccc2)Oc2ccccc2-3)NC1
c1ccc(CNCc2ccccc2)cc1
C1=Cc2c(ccc3c2C(=Cc2ccccc2)OC2=CCC=C23)NC1
c1ccc(CC2CCCCC2)cc1
O=S(=O)(Nc1ccccc1)c1ccc(CCCCc2ccccc2)cc1
O=C(OCC1CCCc2ccccc21)c1ccccc1-c1ccccc1
c1ccc(CC2CCNc3ccc(-c4cccc5cc[nH]c45)cc32)cc1
O=S(=O)(Nc1ccc2c(c1)COc1cccc(-c3ccccc3)c1-2)c1cccs1
c1ccc(-c2cccs2)cc1
O=C1Cc2cc(-c3ccccc3)ccc2NC1c1ccccc1
O=C(NC1CCCCC1)C(CCC1=C(Oc2ccccc2)CC=C1)Cc1ccccc1
c1ccc(Oc2ccccc2)cc1
C(=C1Oc2ccccc2-c2ccc3ncccc3c21)c1ccsc1
N=C1CCNc2ccc(-c3cccc4cc[nH]c34)cc21
C1=C(c2ccccc2)C(c2ccc3c(cnn3-c3cccs3)c2)=CCC1
C1=CC(c2ccccc2)=CCC1
C1=CC(C2=CCc3cc(C4=C(c5ccccc5)CCc5cc[nH]c54)ccc3N2)=CC1
c1ccc(CNc2ccccc2)cc1
O=S(=O)(c1ccccc1)c1ccccc1-c1cccc2cc[nH]c12
c1ccc2ncc(-c3cccc4cc[nH]c34)cc2c1
O=C(NC1=CC=C(c2ccccc2)C1)C(CCc1ccccc1)Cc1ccccc1
c1ccc2c(c1)cnn2-c1ccc(-c2c[nH]c3ccccc23)cc1
c1cc(-c2ccc3c(c2)CCCN3)c2[nH]ccc2c1
C1=Cc2c(ccc3c2C(=CC2=CCCCC2)Oc2ccccc2-3)NC1
C(=C1Oc2ccccc2-c2ccc3ncccc3c21)c1ccccc1
C1=CC(C=C2Oc3ccccc3-c3ccc4c(c32)C=CCN4)=CC1
C1=Cc2c(ccc3c2C(=Cc2ccccc2)OC2=C3C=CC2)NC1
C1=Cc2c(ccc3c2C(=Cc2cccs2)Oc2ccccc2-3)NC1
c1ccc(C(CCCc2cc3ccccc3[nH]2)C2=Nc3ccccc3C2)cc1
C1=Cc2c(ccc3c2C(=Cc2ccccc2)Oc2ccccc2-3)NC1
c1ccc(-c2cccc3cnccc23)cc1
c1ccccc1
c1ccc(-n2ncc3cc(-n4ncc5ccccc54)ccc32)cc1
c1ccc(CN(Oc2ccccc2)c2ccccc2)cc1
O=S(=O)(Nc1ccc(-c2ccc3c(cnn3-c3ccccc3)c2)cc1)C1=CC=CC1
C1=Cc2c(ccc3c2C(=Cc2ccccc2)Oc2ccccc2-3)NC1
O=c1cc1-n1ncc2cc(-c3ccc(S(=O)(=O)Nc4ccccc4)cc3)ccc21
c1ccc(CN(Cc2ccccc2)c2ccccc2)cc1
C1=C(CCCc2ccc3c(c2)CCCN3)CC(c2ccccc2)=C1
c1ccc(-c2ccc3[nH]ccc3c2)cc1
C1=C(c2ccccc2)c2ccccc2CC1
C1=CC(c2ccc(-c3ccc4c(c3)CCC=N4)c3[nH]ccc23)=CC1
c1ccc(-c2ccccc2)cc1
c1ccc(C2Oc3ccccc3-c3ccccc32)cc1
c1ccc(-c2c3c(cc4cc[nH]c24)CCCC3)cc1
c1cc(NCCc2cccc3cc[nH]c23)c2ccncc2c1
C1=Cc2c(ccc3c2COc2ccc(C4=CCCc5cc[nH]c54)cc2-3)NC1
O=S(=O)(CC=CN(Cc1ccccc1)Cc1ccccc1)Nc1ccccc1
O=S(=O)(COc1ccc2c(cnn2-c2ccccc2)c1)c1ccccc1
C1=COC(C=C2Oc3ccccc3-c3ccc4ncccc4c32)=CC1
O=S(=O)(Nc1ccccc1)c1ccc(C2CC=CC2)cc1
C=C1Oc2ccccc2-c2ccc3c(c21)C=CCN3
C1=CCC(Nc2cccc3c2cnn3-c2ccccc2)=C1
C1=Nc2c(cccc2-c2cc3c(c(-c4cccc5cc[nH]c45)c2)N=CCC3)C1
c1cc(N=C2CCNc3ccc(-c4cccc5cc[nH]c45)cc32)c2[nH]ccc2c1
c1ccc(CN(Cc2cccnc2)c2ccccc2)cc1
C1=CC(Cc2csc3ccccc23)=C(c2cccc3cc[nH]c23)C(c2ccccc2)C1
C1=CC(OC(Cc2ccccc2)c2ccccc2)=CCC1
c1ccc(-n2ncc3cc(-c4ccc5[nH]ncc5c4)ccc32)cc1
C1=Cc2cc(-c3c(Oc4ccccc4)ccc4cc[nH]c34)ccc2NC1
C1=CCCC(c2c(CNCc3ccccc3)[nH]c3ccccc23)=C1
C(=C1Oc2ccccc2-c2ccccc21)c1ccccc1
C1=CCCC(CCC=C2OC3=CCC=C3c3ccc4c(c32)C=CCN4)=C1
C1=CCC(C=C2Oc3cc4cc5c(cc4cc3-c3ccc4c(c32)CCCC4)NCC5)=C1
C1=Cc2c(ccc3c2C(=Cc2ccccc2)Oc2ccccc2-3)NC1
c1ccc(CCCc2ccccc2)cc1
c1ccc(-n2ncc3c(-c4ccc5c(c4)OCCO5)cccc32)cc1
c1ccc(-c2cccc3cc[nH]c23)cc1
C1=Cc2cc(-c3ccccc3)ccc2NC1
C1=CC(C=C2Oc3ccccc3-c3ccc4c(c32)C=CCN4)=CCC1
c1ccccc1
C1=C(c2ccc3c(cnn3-c3ccccc3)c2)C=C2CCCCC2C1
c1ccc(C(c2ccsc2)c2ccccc2-c2ccsc2)cc1
C1=Cc2c(ccc3c2C(=Cc2ccccc2)Oc2ccccc2-3)NC1
c1ccc(-c2cccc3cc[nH]c23)cc1
C1=Cc2c(ccc3c2C(=Cc2c[nH]c4ccccc24)OC2=C3C=CC2)NC1
c1ccc(CNc2ccccc2)cc1
C1=Cc2c(ccc3c2C(c2ccccc2)Oc2ccccc2-3)NC1
c1ccc(-c2ccccc2)cc1
C1=Cc2c(ccc3c2C(=Cc2ccccc2)Oc2ccccc2-3)NC1
C1=CC(c2cccc(-c3cccc4cc[nH]c34)c2)=CC1
c1ccc(CCCCc2cc3ccccc3[nH]2)cc1
c1ccc(CN(c2ccccc2)c2ccccc2)cc1
C1=CC(CC2=CSCC=C2c2ccc3c(cnn3-c3ccccc3)c2)=CC1
C1=CCCC(CN(Cc2ccccc2)c2ccccc2)=C1
C(=Cc1ccccc1)CCCCc1cc2cnccc2[nH]1
C1=CC2(Cc3ccccc3)c3ccc(OCc4ccncc4)cc3CCC2CC1
C1=Cc2cc3cc(-c4ccccc4)ccc3nc2NC1
O=C(OC1=CCCC1)N(Cc1ccccc1)c1ccccc1
c1ccc(-c2ccsc2)cc1
c1ccc2sc(-c3coc4ccccc34)nc2c1
c1ccc(COCCCCC2CC2)cc1
C1=Cc2c(ccc3c2C(=Cc2ccccc2)Oc2ccccc2-3)NC1
c1ccc(CCCCc2cc3ccccc3[nH]2)cc1
c1ccccc1
C=C1Oc2ccccc2-c2ccc3nc(C4=CCCCC4)ccc3c21
C1=Cc2c(ccc3c2C(=Cc2ccccc2)Oc2ccccc2-3)NC1
C(=C1Oc2ccccc2-c2ccc3ncccc3c21)c1cccs1
C1=CCC(c2ccccc2N(Cc2ccccc2)Cc2ccccc2)=C1
C1=CC(C=C2Oc3ccccc3-c3ccc4c(c32)C=CCN4)=CC1
c1ccc(Cc2c[nH]c3ccccc23)cc1
C1=C2CCC(C(c3ccccc3)c3cnc4[nH]ncc4c3)CC2=CCC1
c1ccc(C2CNc3ccc(-c4cccc5cc[nH]c45)cc3C2)cc1
c1ccc(-c2cccc(CCCCc3cc4cccnc4[nH]3)c2)cc1
C1=CC(N(Cc2ccccc2)Cc2ccccc2)=CC1
C(=C1Oc2ccccc2-c2ccc3ncccc3c21)c1ccccc1
c1ccc(-c2ccc3c(cnn3-c3ccccc3)c2)cc1
C1=CC(c2ccccc2)Nc2ccc3c(c21)C(=Cc1ccccn1)Oc1ccccc1-3
C1=Cc2c(ccc3c2C(=Cc2cccs2)Oc2ccccc2-3)NC1
c1ccccc1
c1ccc(-n2ncc3c(NCCCc4c[nH]c5ccccc45)cccc32)cc1
C1=Cc2cccc(N=C3CCNc4ccc(-c5cccc6cc[nH]c56)cc43)c2C1
c1ccccc1
c1cc(Sc2nc3ccccc3s2)c2ccncc2c1
c1ccc(CN(Cc2ccccc2)c2ccccc2)cc1
C1=CC(c2c(-c3cccc4cc[nH]c34)ccc3c2CCC(c2ccccc2)N3)=CC1
C1=CC(C=C2Oc3ccccc3-c3ccc4c(c32)C=CCN4)=CCC1
c1ccc(Cc2ccc3c(cnn3-c3ccccc3)c2)cc1
C1=CCCC(NCNCc2[nH]c3ccccc3c2-c2ccccc2)=C1
C1=CC(Cc2csc3ccccc23)=C(c2cccs2)C(c2ccccc2)C1
c1csc(-c2ccc3c(c2)CCCN3)c1
C1=Cc2c(ccc3c2C(Cc2ccccc2)Oc2ccccc2-3)NC1
C1=CC(CN(Cc2ccccc2)c2ccccc2)=CC1
c1cnc2c(c1)C(c1ccc3nc4c(cc3c1)NCC4)=C(c1cccc3cc[nH]c13)C2
C1=CCC(c2ccccc2)C(c2cccc3cc[nH]c23)=C1
C1=CCCC(n2ncc3cc(OC(c4ccccc4)c4ccccc4)ccc32)=C1
c1ccc(CNc2cccnc2Cc2ccc3ccccc3n2)cc1
C1=CC(CCC(Cc2ccccc2)Cc2cc3ccccc3[nH]2)=CC1
c1cc(CON=C2CCNc3ccc(-c4cccc5cc[nH]c45)cc32)c2[nH]ccc2c1
C1=Cc2c(ccc3c2C(=Cc2ccc(-c4ccccc4)cc2)Oc2ccccc2-3)NC1
c1ccc(-c2cccc3cc[nH]c23)cc1
c1ccc(C2=Nc3ccccc3C2c2ccccc2)cc1
C1=Cc2c(ccc3c2C(=Cc2ccccc2)Oc2ccccc2-3)NC1
C(=C1Oc2ccccc2-c2ccccc21)c1ccccc1
c1ccc(CCC(Cc2ccccc2)Cc2cc3ccccc3[nH]2)cc1
C1=Cc2c(ccc3c2C(=Cc2ccccc2)Oc2ccccc2-3)NC1
C(Oc1ccnc2ccccc12)=C1Oc2ccccc2-c2ccccc21
c1cc(-c2cccc3cc[nH]c23)c2[nH]ccc2c1
c1ccc(-c2cccc3cc[nH]c23)cc1
C1=CC(c2ccccc2)C(c2ccc3c(cnn3-c3ccccc3)c2)=C1
c1ccc(-c2ccccc2)cc1
c1ccc(Cc2ccccc2)cc1
c1cc(CCCc2cc3ccccc3[nH]2)cc(-c2ccsc2)c1
c1ccc(Nc2ccccc2)cc1
C1=Cc2c(ccc3c2C(=Cc2ccccc2)Oc2ccccc2-3)NC1
c1ccc(Oc2ccccc2)cc1
c1cc(-c2ccc3nc4cn[nH]c4cc3c2)c2[nH]ccc2c1
c1ccc(NCc2ccc(Oc3ccc4[nH]ccc4c3)cc2)cc1
O=S(=O)(Nc1ccc(-c2ccc3c(cnn3-c3ccccc3)c2)cc1)c1ccsc1
c1ccc2c(c1)CC(CCCCc1cc3ccccc3[nH]1)=N2
C1=CCC(CNc2cccc(Cc3ccnc4ccccc34)c2)=C1
C1=Cc2c(ccc3c2C(=Cc2ccccc2)Oc2ccccc2-3)NC1
C1=C(CN(Cc2ccccc2)c2ccccc2)CC(c2ccccc2)=C1
c1ccc(-c2ccccc2)cc1
C1=Cc2c(ccc3c2C(=Cc2cccs2)Oc2c-3ccc3c2CCCC3)NC1
C1=Cc2c(ccc3c2C(=Cc2cccs2)Oc2ccccc2-3)NC1
c1ccc(CN(Cc2ccc3c(cnn3-c3ccccc3)c2)c2ccccc2)cc1
C1=CC2=C(C1)OC(=Cc1cccs1)c1c2ccc2ncccc12
c1ccc(CCC(Cc2cc3ccccc3[nH]2)Nc2cccc3cnccc23)cc1
C1=Cc2c(ccc3c2C(=CSc2nccs2)Oc2ccccc2-3)NC1
c1ccc(OCCSc2ccnc3ccccc23)cc1
C(=C1Oc2ccccc2-c2ccc3ncccc3c21)c1cccs1
C1=CC(c2ccccc2)C(c2ccc3c(cnn3-c3ccccc3)c2)=C1
c1ccc(Cc2cc3ccccc3s2)cc1
c1ccc(CN(Cc2ccccc2)c2ccccc2)cc1
O=C1CNc2c(cc(-c3cccc4cc[nH]c34)cc2N2CCCCC2)C1
c1ccc(-c2ccccc2)cc1
c1ccc(-n2ncc3cc(Cc4ccc5c(c4)CCCN5)ccc32)cc1
O=C(CCOC(=O)Nc1ccccc1)Nc1ccc(-n2ncc3ccccc32)cc1
c1ccc(CCc2nc3ccccc3o2)cc1
c1ccc2c(c1)OCc1c-2ccc2[nH]ccc12
c1ccc(CCc2ccccc2)cc1
c1ccc(CCc2c(-c3cc4ccccc4[nH]3)ccc3c2CCCN3)cc1
O=C1CNc2ccc(C=Cc3cccc4cc[nH]c34)cc2C1Cc1cccs1
C1=CC(CCc2ccccc2)=C(c2ccccc2)C1
c1ccc(NC2CCCCC2)cc1
O=C(Nc1ccccc1)OC1CNc2ccc(-c3cccc4cc[nH]c34)cc2C1
N=C1CCNc2ccc(C3=CC=CC3)c(Sc3ccccc3)c21
C1=CNc2c(cccc2-c2ccc3c(c2)C(=Nc2ccccc2)CCN3)C1
C1=CC(c2ccccc2)Nc2ccc3c(c21)C(=Cc1cccs1)Oc1ccccc1-3
c1ccc(-c2ccc3c(c2-c2ccccc2)CCCN3)cc1
C1=CC(C(Nc2cccc3ncccc23)Oc2ccc3c(cnn3-c3ccccc3)c2)=CCC1
c1ccc(-c2ccc3c(c2)CCCN3)cc1
C1=CC(CN(c2ccsc2)c2cccc(-c3ccsc3)c2)=CC1
c1ccc(-c2ccc3c(cnn3-c3ccccc3)c2)cc1
c1ccc(OCCCCCc2cc3ccccc3[nH]2)cc1
c1ccc(Oc2ccccc2)cc1
c1ccc(Oc2ccc3[nH]ccc3c2)cc1
c1ccc(COc2ccc3c(cnn3-c3ccccc3)c2)cc1
c1ccc(CCOc2ccccc2)cc1
C(=C1Oc2ccccc2-c2ccc3ncccc3c21)c1ccccc1
C1=Cc2c(ccc3c2C(=Cc2ccccc2)Oc2ccccc2-3)NC1
C1=CC(CON=C2CCNc3ccc(-c4cccc5cc[nH]c45)cc32)=CC1
C1=CCC(C(Oc2c[nH]c3ccccc23)c2ccccc2)=C1
c1ccc2c(-c3ccc4c(c3)CCCN4)c[nH]c2c1
c1ccc(C2CCc3cc(-c4cccc5cc[nH]c45)ccc3N2)cc1
C1=NCCC=C1Oc1ccc(CNc2ccccc2)cc1
c1cc(CCc2ccc(-c3cccc4cc[nH]c34)cc2)c2[nH]ccc2c1
C1=Cc2c(ccc3c2C(=Cc2ccccn2)OC2=C3C=C(Cc3ccccc3)C2)NC1
C1=Cc2c(ccc3c2C(=Cc2ccccc2)Oc2ccccc2-3)NC1
c1ccc(Cc2ccccc2)cc1
N=C1C=CCc2ccc(-c3cccc4cc[nH]c34)cc21
C(=C1Oc2ccccc2-c2ccc3ncccc3c21)c1ccccc1
c1ccc(Cc2ccc3c(cnn3Oc3ccccc3)c2)cc1
c1ccc(Cn2ncc3cc(Oc4ccccc4)ccc32)cc1
C1=Cc2cccc(-c3ccc4ccccc4n3)c2C1
C=C1Oc2ccc(-c3cccc4cc[nH]c34)cc2-c2ccc3c(c21)C=CCN3
C(=Cc1ccccc1)CN(Cc1ccccc1)c1ccccc1
C1=Cc2cc(-c3cccc4cc[nH]c34)cc(Sc3nc4ccccc4o3)c2NC1
C(=C1Oc2ccccc2-c2ccc3ncccc3c21)c1ccccc1
C(=Cn1ncc2cc(-c3ccccc3)ccc21)C=C1Oc2ccccc2C2=CCC=C12
C1=Cc2c(ccc3c2C(=Cc2ccsc2)Oc2ccccc2-3)NC1
c1ccc(C2Oc3ccccc3-c3ccccc32)cc1
C1=CC(C=C2Oc3ccccc3-c3ccc4c(c32)C=CCN4)=CC1
C1=CC(CC(CCc2ccccc2)CC2=C(C3=Cc4ccccc4C3)CC=C2)=CC1
c1ccc(C2=Nc3ccc(-c4cccc5cc[nH]c45)cc3CC2)cc1
c1ccccc1
O=C(NCc1ccccc1)c1ccccc1
O=S(=O)(NCCc1ccccc1)c1ccccc1
c1ccc(-c2ccc3c(cnn3-c3ccccc3)c2)cc1
C(=C1Oc2ccccc2-c2ccc3ncccc3c21)c1ccccc1
c1ccc(CCCCc2ccc3ccccc3n2)cc1
C1=C2CCCC(Cc3csc4ccccc34)C2Cc2cnn(-c3ccccc3)c21
O=S(=O)(NCCCCc1ccc2[nH]c(C3=CC=CC3)cc2c1)c1ccccc1
O=C(Nc1ccccc1)c1cccc2c1cnn2-c1ccccc1
c1ccc(CCSc2nc3ccccc3s2)cc1
c1cc(-c2ccc3c(c2)C(=NOCc2ccc4c(c2)CCN4)CCN3)c2[nH]ccc2c1
O=C(Nc1ccc(-c2ccccc2)cc1)OC1CNc2ccccc2C1
O=C(CNc1c(Cc2ccccc2)[nH]c2ccccc12)Nc1ccccc1
C1=CCC(C2CCNc3ccc(-c4ccccc4)cc32)=C1
c1ccccc1
c1ccc(Cc2cccc(Oc3ccccc3)c2)cc1
O=S(=O)(Nc1cccc(C2=CC=CC2)c1)c1ccccc1
O=S(=O)(Nc1ccc2c(c1)C(c1ccccc1)Oc1ccccc1-2)c1cccs1
c1ccc(C2CCNc3ccc(-c4cccc5cc[nH]c45)cc32)cc1
C1=C(CSCCc2ccccc2)c2cc(-c3ccccc3)ccc2NN1
O=C(Nc1ccccc1)Oc1ccccc1
C1=Nc2ccc(-c3cccc4cc[nH]c34)cc2CC1
c1ccc(-n2ncc3ccccc32)cc1
c1ccc(Cc2ccccc2)cc1
C1=Cc2c(ccc3c2C(=Cc2cc4ccccc4s2)Oc2ccccc2-3)NC1
C(=C1Oc2ccccc2-c2ccc3ncccc3c21)c1cccs1
O=S(=O)(Nc1ccc(-n2ncc3ccccc32)cc1)c1ccccc1
c1ccc(C2CCNc3ccc(-c4cccc5cc[nH]c45)cc32)cc1
C1=CSC(C=C2Oc3ccccc3-c3ccc4ccccc4c32)=CC1
c1ccc(C2CCc3cc(-c4cccc5cc[nH]c45)ccc3N2)cc1
c1ccc(Cc2ccc3c(cnn3-c3ccccc3)c2)cc1
c1ccc(-c2c[nH]c3ccccc23)cc1
C(=C1Oc2ccccc2-c2ccc3[nH]ccc3c21)c1cccc2cc[nH]c12
c1ccc(-n2ncc3ccccc32)cc1
c1ccc(-c2ccc3[nH]ccc3c2)cc1
C1=CC(C=C2Oc3ccccc3-c3ccc4c(c32)C=CCN4)=CC1
c1ccc(-c2ccc3c(c2)CCCN3)cc1
C(=C1Oc2ccccc2-c2cc[nH]c21)c1cccc(-c2ccsc2)c1
c1ccc(-c2cccc3cc[nH]c23)cc1
C1=CCC(CN(CCCCc2cccc3c2OCC3)c2ccccc2)=C1
C1=C(C2CCCc3ccccc32)Cc2cc(-c3cc4ccccc4[nH]3)ccc2N1
c1ccc(-n2ncc3ccccc32)cc1
c1ccccc1
c1ccc(Cc2c(-c3ccccc3)ccc3c2CCCC3)cc1
c1ccc(CC(NCCc2c[nH]c3ccccc23)c2ccccc2)cc1
c1ccc(CCCCc2[nH]c3cnccc3c2-c2ccccc2)cc1
C1=CC(N(CCCc2cccc3cc[nH]c23)Cc2ccccc2)=CC1
c1ccc(COc2ccccc2)cc1
C1=C(c2ccccc2)C=C(c2cccc3cc[nH]c23)C1
O=C(NCc1ccccc1)OC1CNc2ccc(-c3cccc4cc[nH]c34)cc2C1
O=C(Cc1ccccc1)Nc1ccc(C(=O)c2ccccc2)cc1
c1cc(NCc2csc3ccccc23)c2cccnc2c1
C1=C(c2ccccc2)c2cc(-c3cccc4cc[nH]c34)ccc2NC1
c1ccc(CCOc2c(-c3cccc4cc[nH]c34)ccc3c2CCCN3)cc1
O=S(=O)(Nc1ccc(-c2ccc3c(cnn3-c3ccccc3)c2)cc1)C1=CC=CC1
C1=Cc2c(ccc3c2C(=Cc2cccs2)Oc2ccccc2-3)NC1
C1=CCC(C=C2Oc3ccccc3-c3ccc4c(c32)C=CCN4)=C1
C1=CC(C2CCC(c3ccc4c(c3)CCCN4)c3ccccc32)=CCC1
C1=CC(N(CC2=CC(c3ccccc3)=CC2)Cc2ccccc2)=CC1
c1ccc(-n2ncc3ccccc32)cc1
C1=Cc2c(ccc3c2C(=Cc2cccs2)Oc2ccccc2-3)NC1
c1ccc(-c2c[nH]c3ccccc23)cc1
C1=CCCC(C=C2Oc3ccccc3-c3ccc4c(c32)C=CCN4)=C1
O=C(Oc1ccccc1)c1ccccc1
c1cc(-c2ccc3c(c2)CCCN3)c2[nH]ccc2c1
c1ccc(Nc2cccc3c2cnn3-c2ccccc2)cc1
C1=CC2CC(c3ccc(CCc4ccccc4)cc3)CCC2=C1
c1ccc(Oc2c[nH]c3ccccc23)cc1
O=S(=O)(Nc1ccccc1)c1ccccc1
C1=Cc2c(ccc3c2C(=Cc2ccsc2)Oc2ccccc2-3)NC1
C(=Cc1cccs1)CC1Oc2ccccc2-c2ccc3ncccc3c21
c1ccc(CCCCc2cc3ccccc3[nH]2)cc1
O=S(=O)(NC(Cc1ccccc1)c1ccccc1)C1=CCCC=C1
c1ccc(CCCCc2ccc3ccccc3c2)cc1
C1=CC(c2ccc3c(cnn3-c3ccccc3)c2)=CC1
c1ccc(-c2ccccc2)cc1
c1ccc(-c2cccc3cc[nH]c23)cc1
c1ccc(Oc2ccccc2)cc1
c1ccc(-c2ccc3c(cnn3-c3ccccc3)c2)cc1
c1ccc(Oc2ccc3c(cnn3-c3ccccc3)c2)cc1
C1=Cc2c(ccc3c2C(=CC2=CCC(c4ccc5c(c4)OCO5)=C2)Oc2ccccc2-3)NC1
c1ccccc1
c1ccc(-c2ccccc2)cc1
C(=C1Oc2ccccc2-c2ccc3ncccc3c21)c1cccs1
O=S(=O)(Nc1ccc(-c2ccc3c(cnn3C3=CC=CC3)c2)cc1)c1ccsc1
C(=Cc1cccc2cc[nH]c12)CCCCCCc1cccc2c1OCC2
C1=Cc2c(ccc3c2C(=Cc2ccccc2)Oc2ccccc2-3)NC1
C1=Cc2c(ccc3c2C(=Cc2ccccc2)Oc2ccccc2-3)NC1
C1=C(CCc2ccccc2)c2ccccc2CC1
C1=C(CSCCc2ccccc2)c2cc(-c3ccccc3)ccc2NN1
C1=CC(OCc2ccsc2C=C2Oc3ccccc3-c3ccc4c(c32)C=CCN4)=CC1
C1=CC(Oc2cccc3c2-c2ccc4c(c2C(=Cc2cccs2)O3)C=CCN4)C=C1
c1ccc(CC2CCCCC2)cc1
O=S(=O)(Cc1ccccc1)NC1=CC(c2ccccc2)Nc2ccc(-c3cccc4cc[nH]c34)cc21
c1ccc(CCC(Cc2cc3cnccc3[nH]2)c2ccccc2)cc1
c1ccc(Cc2ccc3c(cnn3-c3ccccc3)c2)cc1
c1ccc(CCC(CCc2ccccc2)Cc2cc3ccccc3[nH]2)cc1
C1=CC(c2ccc3c(c2)C(CSCCc2ccccc2)=CC(c2cccc4cc[nH]c24)N3)=CCC1
c1ccc(-c2ccccc2)cc1
O=S(=O)(Nc1ccccc1)c1ccc(-c2cccnc2)cc1
C1=Cc2c(ccc3c2C(=Cc2ccccc2)Oc2ccccc2-3)NC1
C1=CC(COc2ccc3c(cnn3-c3ccc(-c4ccccc4)cc3)c2)=CCC1
c1ccc(-c2cccc3cc[nH]c23)cc1
C1=CC(N(Cc2ccccc2)c2ccccc2)=CC1
C1=C(c2ccc3[nH]ccc3c2)C=C(c2cccc3cc[nH]c23)C1
O=S(=O)(Nc1ccccc1)c1ccc(C2CCC3=CC=CCC3C2)cc1
c1ccc(Oc2ccc(OCc3cnc(C4CC4)nc3)cc2)cc1
O=S(=O)(NCCNc1cccc2c1cnn2-c1ccc(-c2ccsc2)cc1)c1ccccc1
c1ccc(-c2cccc3cc[nH]c23)cc1
C1=C(c2ccc3[nH]c(Cc4ccccc4)cc3c2)CCCC1
c1ccc(-c2ccc3c(c2)CCCN3)cc1
c1ccc2ccccc2c1
C1=Cc2c(ccc3c2C(=Cc2ccccc2)Oc2ccccc2-3)NC1
c1ccc(-c2ccc3c(cnn3-c3ccccc3)c2)cc1
c1ccc(CCC(Cc2ccccc2)C2CC2)cc1
O=C(Nc1ccccc1)c1ccccc1
C1=Nc2ccc(-c3cccc4cc[nH]c34)cc2CC1c1ccccc1
C(=C1Oc2ccccc2-c2ccc3ncccc3c21)c1ccccc1
C(=Nc1c[nH]c2ccccc12)c1ccsc1-c1nc2ccccc2[nH]1
N=C1CCNc2ccc(-c3ccccc3)cc21
C(=Cc1cccc2cc[nH]c12)c1csc2ccccc12
O=S(=O)(Nc1ccc(C2=CSc3ccccc3C2)cc1)c1ccsc1
O=C(Nc1ccccc1)n1ncc2c(NCc3cccc4cc[nH]c34)cccc21
O=C(Nc1ccccc1)c1cccc2cc[nH]c12
O=S(=O)(Cc1cccc(-c2ccccc2)c1)c1c[nH]c2ccccc12
c1ccc(Nn2ncc3cc(-c4ccccc4)ccc32)cc1
c1cc(-c2ccc3c(c2)CC(Oc2c[nH]c4ccccc24)CN3)c2[nH]ccc2c1
c1ccc(-c2ccc3c(cnn3-c3ccccc3)c2)cc1
O=S(=O)(c1ccc(-c2cccnc2)cc1)c1cccc(ONCc2ccccc2)c1
C1=CC2C(=Cc3ccccc3)Oc3ccc(-n4ncc5ccccc54)cc3C2=C1
c1ccc(C2CNc3ccc(-c4cccc5cc[nH]c45)cc3C2)cc1
O=S(=O)(Cc1cccc(-c2ccccc2)c1)Nc1ccccc1
C(=C1Oc2ccccc2-c2ccc3[nH]ccc3c21)c1ccccc1
C1=Cc2c(ccc3c2C(=Cc2ccccc2)Oc2ccccc2-3)NC1
c1ccc(COc2ccccc2)cc1
O=C(NCc1ccc(-c2cnoc2)cc1)c1ccccc1
C1=CCC(CCC(CNC2=CCc3ccccc32)Cc2ccccc2)=C1
c1ccc(-c2ccc3c(cnn3-c3ccccc3)c2)cc1
C1=Cc2c(ccc3c2C(=Cc2ccccc2)Oc2ccccc2-3)NC1
O=C(Nc1ccccc1)n1ncc2c(NCc3cccc4cc[nH]c34)cccc21
c1ccc(CCC(Cc2ccccc2)Cc2cc3ccccc3[nH]2)cc1
C1=Nc2c(NCc3ccccc3)cccc2C1c1ccccc1
O=C(CCOC(=O)Nc1ccccc1)Nc1ccc(-n2ncc3c(C4=CCC=C4)cccc32)cc1
C1=CC(C=C2Oc3ccccc3-c3ccc4c(c32)C=CCN4)=CCC1
c1ccc(CNCCSc2cccc3c2cnn3-c2ccccc2)cc1
N=C1CCNc2cc(C3=CC=CCC3)c(-c3ccccc3)cc21
C=C1Oc2ccccc2-c2ccc3c(c21)C=CCN3
c1ccc(-c2cccc3c2-c2ccccc2C(c2ccccc2)O3)cc1
C=C1Oc2cccc(OC3CCCC3)c2-c2ccc3c(c21)C=CCN3
C1=C(c2ccccc2)c2ccccc2C1
c1ccc(CCc2ccc3c(c2)CCCN3)cc1
O=S(=O)(Nc1cccc(Sc2cnc3ccccc3n2)c1)c1ccccc1
O=C(NCc1ccccc1)c1ccc(C2=CCC=C2)cc1
O=S(=O)(CC1=CC=CC1)Nc1ccc(-c2ccc3c(cnn3-c3ccccc3)c2)cc1
C(=C1Oc2ccccc2-c2ccc3[nH]ccc3c21)c1cccs1
C1=CC(c2ccncc2)Nc2ccc3c(c21)C(=Cc1ccccc1)Oc1ccccc1-3
c1ccc(-c2c[nH]c3ccccc23)cc1
O=S(=O)(c1ccccc1)c1ccccc1-c1cc2ccccc2[nH]1
c1ccc(Cc2cc3ccccc3[nH]2)cc1
O=S(=O)(NCCCc1c[nH]c2ccccc12)c1ccccc1-c1ccccn1
c1ccc(C(Oc2ccc3[nH]ncc3c2)c2ccccc2)cc1
C1=CC2=C(C1)OC(=Cc1ccccc1)c1c2ccc2ncccc12
C1=Cc2c(ccc3c2C(=Cc2ccccc2)Oc2ccccc2-3)NC1
C1=C(CCOc2ccc3c(cnn3-c3ccccc3)c2)CCC1
c1ccc(-c2cccc3c2NCCC3)cc1
C1=C2CCCCC2Cc2cnn(-c3ccc(CSc4ccccc4)cc3)c21
c1ccc(CCCc2ccccc2)cc1
c1ccc(-c2ccc3c(cnn3-c3ccccc3)c2)cc1
c1ccc(-c2cccc3cnccc23)cc1
c1ccc(-n2ncc3ccc(-c4ccsc4)cc32)cc1
c1ccc(Cc2ccccc2)cc1
c1ccc(CN(Cc2ccc3ncccc3c2)c2ccccc2)cc1
C=C1Oc2ccccc2-c2ccc3c(c21)C=CCN3
C1=CC2C(=Cc3ccccc3)Oc3ccc(-n4ncc5ccccc54)cc3C2=C1
C1=C(c2cccc(-c3ccccc3)c2)Oc2ccccc2N1
c1ccc(-c2ccccc2)cc1
C1=C2CCCC(Cc3cc4ccccc4s3)C2Cc2cnn(-c3ccccc3)c21
O=S(=O)(Nc1ccc(-c2c[nH]c3ccccc23)cc1)c1cccs1
O=C1CNc2ccc(-c3cccc4cc[nH]c34)cc2C1Cc1ccccc1
c1ccc(COc2ccccc2)cc1
C1=C(CNCc2cccc(-c3ccccc3)c2)NCC1
C1=Cc2c(ccc3c2C(=Cc2ccccc2)OC2=CCC=C23)NC1
C1=CCC(c2cccc(C=C3Oc4ccccc4-c4ccc5c(c43)C=CCN5)c2)C=C1
O=C(NCC1=NCCC(CCc2cccs2)=C1)c1cccc(-c2ccccc2)c1
c1cc(-c2ccsc2)cc(-c2ccc3[nH]ncc3c2)c1
c1ccccc1
c1ccc(NC2CCc3cc(-c4cccc5cc[nH]c45)ccc3N2)cc1
C1=CC(n2ncc3c(-c4ccccc4)cccc32)=CC1
c1ccc(C2CCNc3ccc(-c4cccc5cc[nH]c45)cc32)cc1
C=C1Oc2ccccc2-c2ccc3nc(-c4ccsc4)ccc3c21
C1=CC(C=C2Oc3ccccc3-c3ccc4ncccc4c32)=CCC1
C1=C(C(Cc2ccccc2)c2ccccc2)CCCC1
c1ccc(-c2cccc3c2ncc2cc[nH]c23)cc1
c1ccc(-c2ccccc2)cc1
c1cc(-c2ccc3c(c2)CCCN3)c2cc[nH]c2c1
O=C(Nc1ccccc1)OC1CNc2ccc(-c3cccc4cc[nH]c34)cc2C1
C1=CC2=C(C1)c1ccc3[nH]c(COc4ccccc4)cc3c1C(=Cc1ccccc1)O2
C=C1OC2=CC=CC(c3ccccc3)C2c2ccc3c(c21)C=CCN3
c1ccc(-c2ccccc2)cc1
c1ccc(-c2ccc3c(cnn3-c3ccccc3)c2)cc1
O=S(=O)(c1ccccc1)c1ccccc1CC1=CCc2ccccc21
c1cc(-c2ccc3c(c2)CCCN3)c2[nH]ccc2c1
O=S(=O)(Nc1ccc(NC2CC2)cc1)c1ccccc1
O=C1OCc2cc(NC(=O)C(CCc3ccccc3)Cc3ccc(Cc4ccccc4)cc3)ccc21
C1=Cc2c(ccc3c2C(=Cc2ccccc2)Oc2ccccc2-3)NC1
C1=C(Sc2ccc3ccccc3c2)CCCC1
C1=CC(CC2CCc3cc(-c4cccc5cc[nH]c45)ccc3N2)=CC1
C(=C1Oc2ccccc2-c2ccc3[nH]ccc3c21)c1ccccc1
C1=Cc2c(ccc3c2C(=Cc2ccccc2)OC2=C3C=CC2)NC1
C1=Cc2c(ccc3c2C(=Cc2ccccc2)Oc2ccccc2-3)NC1
C(=C1Oc2ccccc2-c2ccc3[nH]ccc3c21)c1ccccc1
c1cc(CCCCc2cc3ccccc3[nH]2)c2c(c1)CCO2
C1=Nc2ccc(-c3cccc4cc[nH]c34)cc2CC1
C1=CC(C2CNc3ccc(-c4cccc5cc[nH]c45)cc3C2)=CC1
C1=C2OC(=Cc3ccccc3)c3ccccc3C2=CC1
c1ccc(CCCNc2ccc(NC3CCCc4ccccc43)cc2)cc1
C(=C1Oc2ccccc2-c2ccc3ncccc3c21)c1ccccc1
c1ccc(CCCCn2ccc3ncccc32)cc1
O=C(C=C1Oc2ccccc2-c2ccc3c(c21)C=CCN3)c1ccccc1
C=C1Oc2cccc(OC3=CC=CC3)c2-c2ccc3c(c21)C=CCN3
c1ccc(CNc2ccccc2)cc1
c1ccc(CCNCc2ccccc2)cc1
C1=CC(c2cccs2)Nc2ccc3c(c21)C(=Cc1ccccc1)Oc1ccccc1-3
c1ccc(CCC(Cc2cc3ncncc3[nH]2)Cc2ccccc2-c2ccsc2)cc1
O=C(CSCC(=O)Nc1cccc2c1cnn2-c1ccccc1)Nc1ccccc1
C1=CSC(C=C2Oc3ccccc3-c3ccc4c(c32)C=CCN4)=CC1
c1ccc(Cc2ccc3c(cnn3-c3ccccc3)c2)cc1
C1=Cc2c(ccc3c2C(=Cc2ccccc2)Oc2ccccc2-3)NC1
c1cc2c(c(Oc3cccc4cc[nH]c34)c1)CCCC2
O=S(=O)(CC1Oc2ccccc2-c2ccc3c(c21)C=CCN3)c1ccccc1
c1ccc(Oc2ccccc2)cc1
c1ccc(CNc2ccccc2)cc1
C(=C1Oc2ccccc2-c2cc3c(cc21)NCCC3)c1ccccc1
O=C(Nc1cccnc1)c1cc(=NOc2ccccc2)c2cc(-c3cccc4cc[nH]c34)ccc2[nH]1
c1ccc(-c2cccc3cc[nH]c23)cc1
C(=C1Oc2ccccc2-c2ccccc21)c1cccs1
c1ccc(CNc2nccs2)cc1
C(=Cc1ccccc1)Cc1ccccc1
C1=Cc2ccc(-c3cccc4cc[nH]c34)cc2C1=NOCc1cccc2cc[nH]c12
C1=CC(c2ccc(-c3ccc4c(c3)CCCN4)c3[nH]ccc23)=CC1
C(=NOCc1ccccc1)N=C1CCNc2ccc(-c3cccc4cc[nH]c34)cc21
c1ccccc1
c1ccc(CCCc2ccccc2)cc1
c1ccc(CC(Cc2ccccc2)CC2CCCc3ccccc32)cc1
c1ccc(-c2c[nH]c3ccccc23)cc1
c1ccc2c(CCc3ccc4c(c3)CCCN4)c[nH]c2c1
C(=C1Oc2ccccc2-c2ccccc21)c1cccs1
C=C1Oc2ccccc2-c2ccc3c(c21)C=CC(CC1CCCc2ccccc21)N3
C1=CSC(C=C2Oc3ccccc3-c3ccc4ncccc4c32)=CC1
C1=Cc2c(ccc3c2C(=Cc2cccs2)Oc2ccccc2-3)NC1
C1=CC(CCCCCc2ccccc2)=CCC1
c1ccc(CCSCCCNc2ccccc2)cc1
C1=Cc2c(ccc3c2C(=Cc2ccccc2)OC2=C3CC=CC2)NC1
C1=CC(c2cc3ccncc3[nH]2)Nc2ccc3c(c21)C(=Cc1ccsc1)Oc1ccccc1-3
C1=CCC(c2ccc3c(c2)C(CSCc2cc4ccncc4[nH]2)=CCN3)=C1
C1=CC(c2cccc(C=C3Oc4ccccc4-c4cccnc43)c2)=CC1
C1=Cc2c(cccc2Oc2ccccc2)NC1
C1=Cc2c(ccc3c2C(=Cc2cccs2)Oc2ccccc2-3)NC1
c1ccc(CN(Cc2cccc3cnccc23)c2ccccc2)cc1
O=S(=O)(NC1=CCC=C1)c1ccc(-c2ccccc2)cc1
c1ccc(Sc2cccc3cc[nH]c23)cc1
C(=C1Oc2ccccc2-c2ccc3c(c21)CCCC3)c1ccccc1
C1=CCCC(c2ccc3c(cnn3-c3ccccc3)c2)=C1
C1=Cc2c(ccc3c2C(=Cc2ccccc2)OC2=C3C=CC2)NC1
C1=Cc2c(ccc3c2C(=Cc2ccccn2)Oc2ccccc2-3)NC1
c1ccc(CN(Cc2ccccn2)c2ccccc2-c2ccccc2)cc1
C1=C2CCCC(Cc3csc4ccccc34)C2Cc2cnn(-c3ccccc3)c21
C1=C2CCCC(Cc3csc4ccccc34)C2Cc2cnn(-c3ccccc3)c21
c1ccc(Cc2ccc3c(cnn3-c3ccccc3)c2)cc1
c1ccc(CNc2ccccc2-c2ccccc2)cc1
c1ccc(-n2ncc3c4ccccc4ccc32)cc1
c1ccc(CCOc2ccccc2)cc1
c1ccc(-c2ccc3c(cnn3-c3ccccc3)c2)cc1
O=S(=O)(c1ccccc1)c1ccccc1
C1=CCC(Nc2ccc(-c3cccc4cc[nH]c34)cc2)=C1
C1=Cc2c(ccc3c2C(=Cc2cccs2)Oc2ccccc2-3)NC1
c1ccc(CN(Cc2ccccc2)c2ccccc2)cc1
c1ccc2oc(SCCCc3ccc4[nH]ncc4c3)nc2c1
c1cc(-c2cccc3ncccc23)c2[nH]ccc2c1
c1ccc2c(c1)CCCC2CCCNc1cccc2ncccc12
O=S(=O)(NCc1cccc2c1cnn2C1=C(C2=CCCc3ccccc32)CC=C1)c1ccccc1
O=S(=O)(CC1=CCNc2ccc(-c3ccccc3)cc21)c1ccccc1
C1=Nc2c(cccc2-c2ccc(-c3ccsc3)cc2C2CCCCC2)C1
C1=Cc2c(ccc3c2C(=Cc2ccsc2)Oc2ccccc2-3)NC1
C1=CC(c2cccc(Cc3ccccc3)c2)=CC1
C1=Cc2c(ccc3c2C(=Cc2ccccc2)Oc2ccccc2-3)NC1
C1=C(CNc2ccc(CSc3nc4ccccc4o3)cc2)CCC1
O=C(CCC=C1Oc2ccccc2-c2ccc3c(c21)C=CCN3)Nc1ccccc1
C1=C(c2ccccc2)c2c(ccc3c2COc2ccccc2-3)NC1
O=C1CNc2c(cc(-c3ccnc4ccccc34)c3c2CCC3)C1c1ccccc1
c1ccc(CCc2ccccc2)cc1
C1=C(c2cccc3cc[nH]c23)C=C2c3ccccc3OC(=Cc3ccsc3)C12
O=S(=O)(Nc1ccccc1)c1ccc(-c2ccc3[nH]ncc3c2)cc1
c1ccc(-c2ccccc2)cc1
c1ccc(-n2ncc3c(Nc4nc5ccccc5o4)cccc32)cc1
c1ccc(-c2ccccc2)cc1
O=S(=O)(Nc1cccc(CCCc2cc3ccccc3[nH]2)c1)c1ccsc1
C1=Cc2c(ccc3c2C(=Cc2cccs2)Oc2ccccc2-3)NC1
c1ccc(NCCc2cccc3cc[nH]c23)cc1
C1=Cc2c(ccc3c2C(=Cc2ccccc2)Oc2ccccc2-3)NC1
C1=CC2C(=CC1)CCCC2Cc1cc(Nc2ccccc2)cc2c1NCCC2
c1ccc(-c2cccc3c2ncc2cc[nH]c23)cc1
C1=Cc2c(ccc3c2C(=CC2=CNc4ccccc4C2)Oc2ccccc2-3)NC1
C1=Cc2c(ccc3c2C(=Cc2cccc(-c4ccsc4)c2)OC2=CCC=C23)NC1
O=C(Nc1ccccc1)OCc1ccccc1
c1ccc(-c2cccc3cccnc23)cc1
c1ccc(-c2ccccc2)cc1
O=C(NCc1cccc(CCCc2ccnc3ccccc23)c1)c1cnc2c(c1)CC=NN2
c1ccc(CN(Cc2cccc3cnccc23)c2ccccc2)cc1
O=C(Nc1ccccc1)ONS(=O)(=O)c1cccc(-c2ccccc2)c1
C1=C(c2ccccc2)c2ccccc2C1
C1=Nc2ccc3c(c2CC1)C(=Cc1ccccc1)Oc1ccccc1-3
C1=CSC(C=C2Oc3c(ccc4c3CCCC4)-c3ccc4c(c32)C=CCN4)=CC1
c1ccc(CCCNCc2ccc3c(cnn3-c3ccccc3)n2)cc1
c1ccc(CON=C2CC(c3ccc(N4CCCC4)cc3)Nc3ccccc32)cc1
O=C(OC1CNc2ccc(-c3cccc4cc[nH]c34)cc2C1)c1ccccc1
C(=Cc1ccccc1)CNCc1ccccc1
c1ccc(C2CCNc3ccc(-c4cccc5cc[nH]c45)cc32)cc1
C1=CC(c2ccc(-c3ccccc3)c3[nH]ccc23)=CC1
c1ccc(ON=C2CCNc3ccc(-c4cccc5cc[nH]c45)cc32)cc1
C1=Cc2c(ccc3c2C(=Cc2ccccc2)Oc2ccccc2-3)NC1
c1ccc(Cc2c[nH]c3ccccc23)cc1
C1=Cc2c(ccc3c2C(=Cc2cccs2)Oc2ccccc2-3)NC1
C1=CCC2C(=Cc3ccsc3)Oc3ccc(-c4ccccc4)cc3C2=C1
O=S(=O)(Nc1ccccc1)c1ccccc1
C1=CCCC(C=C2Oc3ccccc3-c3ccc4c(c32)C=CCN4)=C1
O=C(NC1CCCCC1)c1ccc(OC(Cc2ccccc2)c2ccccc2)cn1
O=C(NCCCCc1ccccc1)c1ccccc1
O=C(c1cccnc1)N(Cc1ccccc1)c1ccccc1
C1=Cc2c(ccc3c2C(=Cc2ccccc2)Oc2ccccc2-3)NC1
c1ccc(-c2cc3ccccc3[nH]2)cc1
c1ccc2ccccc2c1
c1ccc2[nH]c(-c3c[nH]c4ccccc34)cc2c1
C1=Cc2c(ccc3c2C(=Cc2ccccc2)Oc2ccccc2-3)NC1
c1ccc(OCCCC2CCCc3ccccc32)cc1
C1=CC2(CCCCC2c2ccccc2)Cc2cnn(-c3ccc(-c4cccc5cc[nH]c45)cc3)c21
c1ccc(-c2cccc3cc[nH]c23)cc1
C(=Cc1c[nH]c2ccccc12)CCCCCc1ccccc1
c1ccc(C2Oc3ccccc3-c3ccccc32)cc1
c1ccc(CCSCC2=NCNc3ccc(-c4ccccc4)cc32)cc1
C1=CC(Nc2ccc(-c3cccc4cc[nH]c34)cc2)=CC1
c1ccc(-c2ccccc2)cc1
c1cc(-c2ccc3c(c2)CC(c2ccc4c(c2)CCCN4)=N3)c2[nH]ccc2c1
c1ccc(Cc2cccc3cc[nH]c23)cc1
c1ccc(-n2ncc3ccccc32)cc1
C1=Cc2c(ccc3c2C(=Cc2cccc(Oc4ccccc4)c2)Oc2ccccc2-3)NC1
O=S(=O)(Nc1ccccc1)c1ccc(Cc2cc3ccccc3[nH]2)cc1
c1ccccc1
C1=C2CCCC(Cc3csc4ccccc34)C2Cc2cnn(-c3ccccc3)c21
C(=C1Oc2ccccc2-c2ccc3ncccc3c21)c1ccccc1
O=S(=O)(NC1=CCC=C1)c1ccc(-c2ccccc2)cc1
c1cc(-c2ccc3c(c2)C(=NCSc2cnc4ccccc4n2)CCN3)c2[nH]ccc2c1
C1=CC(c2ccc(CNc3ccccc3)cc2)=CC1
C1=Cc2c(ccc3c2C(=Cc2cccs2)Oc2ccccc2-3)NC1
C1=Cc2c(ccc3c2C(=Cc2ccccc2)Oc2ccccc2-3)NC1
c1cc(-c2csc3ccccc23)c2[nH]ccc2c1
C1=Cc2c(ccc3c2C(=Cc2ccccc2)Oc2ccccc2-3)NC1
C1=Cc2c(ccc3c2C(=Cc2cccs2)Oc2ccccc2-3)NC1
c1ccc(-c2ccccc2)cc1
c1ccc(-n2ncc3ccccc32)cc1
c1ccc(CNc2cccc(CC3CCCc4ccccc43)c2)cc1
C1=Nc2ccc3c(c2C1)C(=Cc1ccsc1)Oc1ccccc1-3
C1=Cc2c(ccc3c2C(=Cc2cccc(OC4=CC=NC4)c2)Oc2ccccc2-3)NC1
c1ccc(CCc2cccc(-c3ccccc3)c2)cc1
c1ccc(-c2ccc3c(c2)CCC(c2cccc4cc[nH]c24)C3)cc1
c1ccc(CCCCc2cc3cnccc3[nH]2)cc1
c1ccccc1
c1ccc2c(c1)NCCC2CSc1ccc2ccccc2c1
c1ccc(CCC(Cc2cc3ccccc3[nH]2)Cc2cc3cnccc3[nH]2)cc1
c1ccc(CCNc2ccccc2)cc1
C1=CC(c2ccsc2)C=C1c1ccc2c(cnn2-c2ccccc2)c1
c1ccc(CN(Cc2ccccc2)c2ccccc2)cc1
C1=CC(C=C2Oc3ccccc3-c3ccc4c(c32)C=CCN4)=CCC1
c1ccc(CCc2ccccc2)cc1
C1=CCC2(Cc3ccccc3)c3ccc(OCc4ccncc4)cc3CCC2C1
C1=CC2(CCCC=C2c2ccccc2)Cc2cnn(-c3cccc4c3CCCC4)c21
c1ccc(-c2cccc3cc[nH]c23)cc1
c1ccc(-c2ccccc2)cc1
C(=C1Oc2ccccc2-c2ccc3ncccc3c21)c1ccccc1
O=S(=O)(Nc1ccc(C2=CC=CC2)cc1)c1ccccc1
c1ccc(-n2ncc3ccccc32)cc1
c1ccc(CN(Cc2ccccc2)c2ccccc2)cc1
C1=Cc2c(ccc3c2C(=Cc2cccs2)Oc2ccccc2-3)NC1
c1ccc(C(Cc2cccc3cc[nH]c23)c2ccc3c(cnn3-c3ccccc3)c2)cc1
C1=CC(Cc2ccccc2)=C(c2c[nH]c3ccccc23)C1
c1cc2c(c(-c3cccc4cc[nH]c34)c1)NCCC2
C(=C1Oc2ccccc2-c2ccc3ncccc3c21)c1cccs1
c1ccc(CCC(Cc2cc3ccccc3[nH]2)c2ccccc2)cc1
c1cc(-c2ccc3c(c2)C(=NOCn2ncc4ccccc42)CCN3)c2[nH]ccc2c1
c1ccc(CCc2ccc3c(c2)CCCN3)cc1
c1ccc(CC2CCc3cc(Nc4ccccc4)ccc3N2)cc1
C1=Cc2c(ccc3c2C(=Cc2ccsc2)Oc2ccccc2-3)NC1
c1ccc(-c2cc3ccccc3[nH]2)cc1
C1=Cc2c(ccc3c2C(=Cc2cccs2)Oc2ccccc2-3)NC1
c1ccc2c(c1)CCCC2CCCc1cc2ccccc2[nH]1
c1ccc2c(c1)OCc1c-2ccc2nc(Cc3cc4cnccc4[nH]3)ccc12
O=S(=O)(Cc1ccccc1)Nc1c(-c2cccc3ncccc23)ccc2c1CCCN2
c1ccc(-c2cccc3cc[nH]c23)cc1
C1=Cc2c(ccc3c2C(=Cc2ccccc2)Oc2ccccc2-3)NC1
C(=C1Oc2ccccc2-c2ccc3[nH]c(-c4ccccc4)cc3c21)c1ccccn1
c1cnc2ccc(-c3cccc4cc[nH]c34)cc2c1
C1=Cc2c(ccc3c2C(=Cc2ccccc2)OC2=CCCC=C23)NC1
c1ccc(-c2c[nH]c3ccccc23)cc1
C1=C(Oc2ccccc2)C=C(c2ccccc2)C1
C1=C(C=C2Oc3ccccc3-c3ccc4ncccc4c32)CCCC1
C1=Cc2c(ccc3c2C(=Cc2ccccc2)Oc2ccccc2-3)NC1
c1ccc(CNCc2ccc(Oc3ccccc3)cc2)cc1
C1=Nc2ccc(-c3ccccc3)cc2C12CCCCC2
C1=CC(N(Cc2ccccc2)Cc2ccccc2)=CC1
C1=Cc2c(ccc3c2C(=Cc2ccccn2)Oc2ccccc2-3)NC1
c1ccc(-c2ccc(-c3ccnc4ccc5c(c34)CCN5)cc2)cc1
C1=CCC(c2ccccc2-c2ccccc2)=C1
O=C1OCc2cc(NC(=O)C(CCc3ccccc3)(c3ccccc3)c3ccccc3)ccc21
c1ccc(CCC(Cc2cc3ccccc3[nH]2)Cc2cccs2)cc1
c1cc2c(c(-c3cccc4cc[nH]c34)c1)NCCC2
c1ccc(CON=C2CCNc3ccc(-c4cccc5cc[nH]c45)cc32)cc1
c1ccc(-n2ncc3ccc(-c4ccsc4)cc32)cc1
c1ccc(Oc2cc3ccncc3[nH]2)c(CCCCc2cc3ccccc3[nH]2)c1
O=C(Nc1ccccc1)c1c(-c2cccc3cc[nH]c23)ccc2c1CCCN2
O=c1onc(-c2ccccc2)c2cc(-c3ccccc3)ccc12
C1=Cc2c(ccc3c2C(=Cc2ccccc2)Oc2ccccc2-3)NC1
O=S(=O)(c1ccccc1)c1cccc(-c2ccc3c(c2)CCCN3)c1
C1=CC(n2ncc3cc(-c4ccccc4)ccc32)=CC1
C1=CC(c2c(CNCc3ccccc3)[nH]c3ccccc23)=CC1
c1ccc(CCCOc2ccc3c(cnn3-c3ccccc3)c2)cc1
C1=CC2=C(C1)c1ccc3[nH]ccc3c1C(=Cc1ccc(-c3ccccc3)cc1)O2
O=C(Nc1ccccc1)OC1CNc2ccc(-c3cccc4c(NS(=O)(=O)c5ccccc5)c[nH]c34)cc2C1
c1ccc(-c2cccc3cc[nH]c23)cc1
C1=CCC2C(=C1)CCC(c1cccc3cc[nH]c13)C2c1ccccc1
C1=Cc2c(ccc3c2C(=Cc2cccs2)Oc2ccccc2-3)NC1
c1ccc(CCC(Cc2cc3ccccc3[nH]2)C2CCCC2)cc1
O=C(CCc1ccccc1)NCc1ccccc1
C(Cc1ccccc1)=C1Oc2ccccc2-c2ccc3[nH]ccc3c21
O=S(=O)(Cc1ccccc1)Nc1ccc(-c2ccc3c(cnn3C3=CC=CC3)c2)cc1
c1ccc(-n2ncc3c(NCC4CCCCC4)cccc32)cc1
C1=CC(C=C2Oc3ccccc3-c3ccc4[nH]ccc4c32)=CC1
C1=Cc2c(ccc3c2C(=Cc2cccs2)Oc2ccccc2-3)NC1
c1ccc(Cc2ccccc2)cc1
c1cc(CCCCc2cccc3cc[nH]c23)c2c(c1)CCO2
C1=CC(C=C2OC3=CCC=C3c3ccc4c(c32)C=CCN4)C(CCc2cccc3c2OCC3)=C1
c1ccc2c(c1)CNN2c1ccc(-c2ccnc3ccccc23)cc1
c1cc(-c2ccc3c(c2)C(=NOCCc2cc4ccncc4[nH]2)CCN3)c2[nH]ccc2c1
c1ccc(-c2cccc3c2cnn3-c2ccccc2)cc1
C1=CCC(c2ccc3c(cnn3-c3ccccc3-c3cccc4c3NCC=C4)c2)=C1
O=S(=O)(Nc1ccc(-c2ccc3c(cnn3-c3ccccc3)c2)cc1)c1ccccc1
c1cc(CSc2nc3ccccc3s2)c2[nH]ccc2c1
C1=C(NCc2ccc(Oc3ccccc3)cc2)CC2=C1OCC2
c1ccc(-c2ccc3c(cnn3-c3ccccc3)c2)cc1
C1=CC(n2ncc3cc(-c4ccccc4)ccc32)=CC1
c1ccc(Cc2ccnc3ccccc23)cc1
C1=C(c2ccccc2)CC(c2ccccc2)=C1
C1=CCCC(C=C2Oc3ccccc3-c3ccc4ncccc4c32)=C1
O=C1OCc2cc(-c3ccc(S(=O)(=O)Nc4ccccc4)cc3)ccc21
c1ccccc1
c1ccc(CN(CCCOc2ccccc2)c2ccccc2)cc1
c1ccc(Oc2ccccc2)cc1
c1ccc(CCc2ccccc2)cc1
O=C(Nc1ccccc1)OC1CNc2ccc(-c3cccc4cc[nH]c34)cc2C1
c1ccc(-n2ncc3ccccc32)cc1
c1ccccc1
C1=Nc2c(cccc2N=C2CCNc3ccc(-c4cccc5cc[nH]c45)cc32)C1
c1ccc2c(c1)OCc1c-2ccc2[nH]ccc12
c1ccc(CCn2ncc3cc(-c4ccccc4)ccc32)cc1
C1=Cc2c(ccc3c2C(=Cc2cccc(-c4ccsc4)c2)Oc2ccccc2-3)NC1
c1ccc(Cc2ccccc2)cc1
C1=Cc2c(ccc3c2COc2ccccc2-3)NC1
C1=CCC(C2CCNc3ccc(-c4ccccc4)cc32)=C1
c1ccc(-c2ccc3c(c2)CCCN3)cc1
C1=C(c2ccccc2)c2ccccc2CC1
c1ccc(CCCCn2ccc3c4c(ccc32)NCCC4)cc1
c1ccc(-c2ccc3c(cnn3-c3ccccc3)c2)cc1
C1=CC2=C(C1)OC(=Cc1ccccc1)c1c2ccc2[nH]ccc12
O=C(Nc1ccccc1)c1ccccc1
C=C1Oc2ccccc2-c2ccc3c(c21)C=CCN3
O=C(Nc1ccccc1)Oc1ccc2c(cnn2CC2=Nc3ccccc3C2)c1
C1=C(CSCCc2ccccc2)c2cc(-c3ccsc3)ccc2NC1
O=S(=O)(Nc1ccccc1)c1ccc(-c2ccc3[nH]ncc3c2)cc1
O=S(=O)(Nc1ccccc1)c1ccccc1
c1cc2c(c(OCc3ccc(NCc4cc5ccncc5[nH]4)cc3)c1)OCC2
c1cc(-c2ccc3c(c2)C(=NOCn2ncc4ccccc42)CCN3)c2[nH]ccc2c1
O=c1cc(C=C2Oc3ccccc3-c3ccc4c(c32)C=CC(C=Cc2ccccc2)N4)cco1
O=S(=O)(NC(Cc1c[nH]c2ccccc12)c1cccs1)C1=CCCC=C1
C1=CNc2ccc(C(c3ccccc3)c3ccccc3)cc2C1
C1=CCC(C2CCc3cc(-c4ccc(-c5ccccc5)c5cc[nH]c45)ccc3N2)=C1
c1ccc2[nH]c(COC3CNc4ccc(-c5cccc6cc[nH]c56)cc4C3)cc2c1
O=C(NC1CCCCC1)C(CCc1ccccc1)Cc1ccccc1
c1ccc(CNc2ccccc2)cc1
N=C1CCNc2cccc(-c3ccccc3)c21
C1=Cc2c(ccc3c2C(=CC2=Cc4[nH]ccc4C2)Oc2ccccc2-3)NC1
c1ccccc1
c1ccc(CCCOc2ccccc2)cc1
C1=CC(c2ccc(-c3ccccc3)c3[nH]ccc23)=CC1
c1ccc(Cc2ccc3c(cnn3-c3ccccc3)c2)cc1
O=C(CSc1nc2ccccc2o1)C1CCc2cc(-c3ccccc3)ccc2N1
c1ccc(-c2cccc3cc[nH]c23)cc1
C1=Cc2c(ccc3c2C(=Cc2ccco2)Oc2c-3ccc3c2CCCC3)NC1
c1ccc(CC2CNc3ccc(-c4cccc5cc[nH]c45)cc3C2)cc1
O=C(Nc1ccc(-c2ccccc2)cc1)OC1CNc2ccccc2C1
c1ccc(COc2ccccc2)cc1
c1ccc(C(Cc2c[nH]c3ccccc23)c2cccc3cc[nH]c23)cc1
C1=C2CCC3C4CCC(Oc5ccccc5)C4CC(c4ccc(N5CCCC5)cc4)C3C2CC1
c1ccc(CNCC2=Nc3ccc(-c4cccc5cc[nH]c45)cc3C2)cc1
c1ccc(Cc2ccc(COc3ccc4c(cnn4-c4ccccc4)c3)cc2)cc1
C1=C2CCCC(CCc3ccccc3)C2Cc2cnn(-c3ccc(-c4ccccc4)cc3)c21
C1=CC(CNCc2ccccc2)=CC1
c1ccc(CCCNc2ccccc2)cc1
C1=Cc2c(ccc3c2C(=Cc2ccccc2)Oc2ccccc2-3)NC1
C1=Cc2c(ccc3c2C(=Cc2ccccc2)Oc2ccncc2-3)NC1
C1=CC(c2ccc3c(cnn3-c3ccccc3)c2)=CCC1
c1ccc(-c2ccc3c(c2)CNN3c2ccccc2)cc1
C(=C1Oc2ccccc2-c2ccc3ncccc3c21)c1cccs1
C1=CCC(C=C2Oc3ccccc3-c3ccc4c(c32)C=CCN4)=CC1
c1ccc(-c2ccc3c(cnn3-c3ccc(C4CC4)cc3)c2)cc1
C1=CCC(C=C2Oc3ccccc3-c3ccc4c(c32)C=CCN4)=C1
c1ccc(-c2ccnc3ccccc23)cc1
C1=C(CNCC2=CC=C(c3ccccc3)C2)C=C(CCC(Cc2cc3cnccc3[nH]2)C2CC2)C1
C1=C2CCC3C(=C2CCC1)C(c1ccccc1)CC1CCCC13
c1ccc(CN(Cc2c[nH]c3ccccc23)c2ccccc2)cc1
N=C1C=Cc2ccc(-c3cccc4cc[nH]c34)cc21
c1ccccc1
c1ccc(Oc2ccccc2)cc1
c1ccc(NCc2ccc(Oc3ccc4[nH]ccc4c3)cc2)cc1
c1ccc(-n2ncc3c(CCCCc4cc5ccccc5[nH]4)cccc32)cc1
C1=CC(n2ncc3cc(-c4ccccc4)ccc32)=CCC1
C1=Cc2c(ccc3c2C(=Cc2ccccc2)OC2=CCCC=C23)NC1
C1=Nc2ccc(-c3cccc4cc[nH]c34)cc2CC1c1cccc2cc[nH]c12
O=S(=O)(Nc1ccccc1)c1ccccc1
c1ccccc1
C1=Cc2c(ccc3c2COc2ccc4c(c2-3)CCC(c2cccc3cc[nH]c23)C4)NC1
c1ccc(-c2c[nH]c3ccccc23)cc1
c1ccc(CCCCc2cc3ccccc3[nH]2)cc1
O=C1OCc2cc(NC(=O)C(CCc3ccccc3)CCc3ccccc3)ccc21
C1=CCC(C2=CC=C(CCc3ccccc3)C2)=C1
c1ccc(COc2ccc3c(cnn3-c3ccccc3)c2)cc1
c1ccc(-c2cccc3cc[nH]c23)cc1
c1ccc(C2CNc3ccc(-c4cccc5cc[nH]c45)cc3C2)cc1
C(Cc1ccccc1)=C1Oc2ccccc2-c2ccc3[nH]ccc3c21
C1=CCC(Cc2ccc3c(c2)C(c2ccccc2)CCN3)=C1
c1ccc(Cc2c[nH]c3ccccc23)cc1
c1ccc(-n2ncc3c(C4CCCC4)cccc32)cc1
C1=CC(C=C2Oc3ccccc3-c3ccc4c(c32)C=CCN4)=CC1
C1=CC(C=C2Oc3ccccc3-c3ccc4c(c32)C=CCN4)C=C1
O=S(=O)(NCc1ccccc1C1=CC=CC1)c1ccccc1
O=S(=O)(c1ccccc1)c1ccccc1-c1cccc2cc[nH]c12
c1ccc(C2CCNc3ccc(CCC4CC4)cc32)cc1
c1ccc(CCC(CNc2ccccc2)Cc2ccccc2)cc1
c1ccc2ccccc2c1
c1ccc(CCCNCCc2ccccc2)cc1
C1=CC(C=C2Oc3ccccc3-c3ccc4c(c32)C=CCN4)=CC1
c1ccc(CN(c2ccccc2)c2ccccc2)cc1
O=C1CNc2ccc(-c3cccc4cc[nH]c34)cc2C1
c1ccc(CC(Cc2ccccc2)Cc2c[nH]c3ccccc23)cc1
c1ccc(Oc2ccccc2)cc1
C1=Cc2cc(-c3cccc4cc[nH]c34)ccc2NC1
C1=Cc2c(ccc3c2C(=Cc2cccs2)OC2=C3SC=CC2)NC1
C(=C1Oc2ccccc2-c2ccc3ncccc3c21)c1ccccc1
C1=CC(C=C2Oc3ccccc3-c3ccc4c(c32)C=CCN4)=CC1
O=C(Nc1ccccc1)c1ccccc1
c1ccc2ccccc2c1
c1ccc(CCCC2CCCc3ccccc32)cc1
O=C(C=Cc1cccc2cc[nH]c12)NCc1ccccc1
c1ccc(CON=C2CCNc3ccc(-c4ccccc4)cc32)cc1
c1cnc2ccc(-c3cccc4cc[nH]c34)cc2c1
O=S(=O)(NCCc1c[nH]c2ccccc12)c1ccccc1-c1cc2ccccc2[nH]1
C(=C1Oc2ccccc2-c2ccc3ncccc3c21)c1ccsc1
C1=CC(n2ncc3c(-c4ccccc4)cccc32)=C(c2ccsc2)C1
C1=Cc2c(ccc3c2C(=Cc2cccs2)Oc2ccccc2-3)NC1
c1ccc(Oc2ccccc2)cc1
c1ccc(Nc2cccc(OCc3ccncc3)c2)cc1
C1=CC(C=C2Oc3ccccc3-c3ccc4c(c32)C=CCN4)=CC1
O=S(=O)(NC1=CCC=C1)c1ccc(-c2ccc3[nH]ncc3c2)cc1
c1ccc(Oc2ccccc2)cc1
c1ccc(-c2ccc3c(cnn3-c3ccccc3)c2)cc1
C1=CC(OCCc2cc3ccccc3[nH]2)=CCC1
C1=CC2=C(C1)OC(=Cc1ccccc1)c1c2ccc2[nH]ccc12
c1ccc(COc2ccccc2)cc1
c1ccc(Oc2ccc3c(cnn3-c3ccccc3)c2)cc1
c1cc(NCCc2cccc3cc[nH]c23)c2ccncc2c1
C1=Cc2c(ccc3c2C(=Cc2ccccc2)Oc2ccccc2-3)NC1
N=C1CCNc2ccc(-c3ccccc3)cc21
c1ccc(CCCCc2cc3ccccc3[nH]2)cc1
C1=CCC(c2cccc(C=C3Oc4ccccc4-c4cccnc43)c2)=CC1
C1=C(c2ccccc2)c2c(ccc3c2COc2ccccc2-3)NC1
c1ccc(CCCCc2ccc3ccccc3c2)cc1
c1ccc(-c2ccccc2)cc1
c1ccc(C2CCc3ccccc3N2)cc1
C1=NC2C=C3C(=C2C1)C(=Cc1cccc(-c2ccsc2)c1)Oc1ccccc13
c1ccc(NCCc2cccc3c2OCC3)cc1
C1=CC2=C(C1)OC(=Cc1cccc(-c3ccsc3)c1)c1ncccc12
C1=CC(C=C2Oc3ccccc3-c3ccc4c(c32)C=CCN4)=CCC1
c1ccc(-c2ccc3c(c2)CCCN3)cc1
O=C1C=C2CCC3C4CC=CC4CC(c4ccccc4)C3C2(Cc2ccccc2)CC1
C=C1Oc2ccccc2-c2ccc3c(c21)C=CCN3
c1cc(-c2ccc3c(c2)CCCN3)c2[nH]ccc2c1
c1ccc(OCc2ccnc3ccccc23)cc1
C1=C(c2c(-c3cccc4cc[nH]c34)ccc3c2CCCN3)CC=C1c1cccc2cc[nH]c12
C1=Cc2cc(-c3cccc4cc[nH]c34)ccc2NC1
C1=C(c2ccccc2)c2c(ccc3c2COc2ccccc2-3)NC1
c1ccc(CCn2ccc3ccccc32)cc1
O=S(=O)(C1=CC=CCC1c1ccc2c(cnn2-c2ccc(Cc3ccccc3)cc2)c1)c1ccccc1
C1=C(C(Cc2ccccc2)c2ccccc2)CCC1
c1cc(-c2ccc3c(c2)CCCN3)c2cccnc2c1
C1=Cc2c(ccc3c2C(=Cc2ccccc2)Oc2ccccc2-3)NC1
N=C1CCNc2ccc(-c3cccc4cc[nH]c34)cc21
c1ccc(CN(CCCc2c[nH]c3ccccc23)c2ccccc2)cc1
O=C(NCc1ccc(-c2cccc3c2OCOC3)cc1)c1ccccc1
C1=C(CSCCc2ccccc2)C2=CC(c3ccccc3)CC=C2NC1c1cccc2cc[nH]c12
c1ccc2c(c1)OC(c1ccc3c(c1)OCO3)c1c-2ccc2[nH]ccc12
C1=CC2=C(C1)OC(=Cc1cccc(-c3ccsc3)c1)c1ncccc12
c1ccc(-n2ncc3c(C4CCCC4)cccc32)cc1
O=C(Nc1ccccc1)c1ccsc1
c1ccc(Cc2ccc3c(cnn3-c3ccccc3)c2)cc1
O=S(=O)(NCCc1c[nH]c2cc(-c3ccccc3)ccc12)c1ccccc1
c1ccc(CCCCCCCc2ccccc2)cc1
C1=C(Cc2ccccc2)CNc2cc(CCc3ccccc3)ccc21
N=C1CCNc2ccc(C3=C(c4cccc5cc[nH]c45)CC=C3)cc21
c1ccc(-c2ccc3c(cnn3-c3ccccc3)c2)cc1
C1=Cc2c(ccc3c2C(=Cc2ccccc2)Oc2ccccc2-3)NC1
C1=Cc2c(ccc3c2C(=Cc2ccccc2)OC2=C3C=CC2)NC1
O=C(NCC(Oc1ccc2c(c1)C=CCN2)c1ccccc1)Sc1nc2ccccc2o1
C1=Cc2c(ccc3c2C(=Cc2ccccc2)Oc2ccccc2-3)NC1
c1ccc(NOc2ccc3c(cnn3-c3ccccc3)c2)cc1
c1ccc(-c2ccc3c(cnn3-c3ccccc3)c2)cc1
C1=C(CNc2cccc3c2cnn3-c2ccc(NC3CC3)cc2)CCC1
c1cnc2ccc(-c3cccc4cc[nH]c34)cc2c1
C1=CC(C(CCNc2ccccc2)c2ccccc2)=CCC1
C1=Cc2cc(-c3cccc4cc[nH]c34)ccc2NC1
c1ccc(CNCOCc2ccccc2)cc1
C1=Cc2c(ccc3c2C(=Cc2cccs2)Oc2ccccc2-3)NC1
c1ccc(C(CNc2cccc3ncccc23)CC2CCCc3ccccc32)cc1
C1=C2CCCC(CCc3ccccc3)C2Cc2cnn(-c3ccccc3)c21
C1=C(CSc2nc3ccccc3s2)CSc2ccccc21
C1=C(c2c[nH]c3ccccc23)CC(c2cccc3cc[nH]c23)=C1
c1ccc(C(c2ccc3[nH]ncc3c2)c2cccc3[nH]ncc23)cc1
C1=C2C(=C(c3ccccc3)Oc3ccccc32)c2ccccc2C1
C1=Cc2cc(-c3ccccc3)ccc2NC1
c1ccc(Nc2cccc3c2cnn3-c2ccccc2)cc1
c1ccc(-c2cccc3cc[nH]c23)cc1
C1=Cc2c(ccc3c2C(=Cc2ccsc2)Oc2ccccc2-3)NC1
C1=Cc2c(ccc3c2C(=Cc2ccccc2)Oc2ccccc2-3)NC1
c1ccc(CCCCc2cc3ccccc3[nH]2)cc1
c1ccc(-c2ccccc2)cc1
c1ccc(Cc2ccnc3ccccc23)cc1
O=C(NCC(Oc1ccc2c(c1)C=CCN2)c1ccccc1)Sc1nc2ccccc2o1
O=S(=O)(c1ccccc1)c1ccc2c(c1)COc1ccccc1-2
C(=C1Oc2ccccc2-c2ccccc21)c1ccccc1
c1ccc(CCc2ccccc2)cc1
C=C1Oc2cncc(Oc3cnc4ccccc4n3)c2-c2ccc3c(c21)C=CCN3
C1=Cc2c(ccc3c2C(=Cc2ccccc2)Oc2ccccc2-3)NC1
c1ccc(CN(c2ccccc2)c2cccc3c2N=C2COc4ccccc4C23)cc1
c1ccc(COc2ccc3c(cnn3-c3ccccc3)c2)cc1
c1ccc(-c2ccsc2)cc1
c1ccc(-n2ncc3cc(CSc4ccccn4)ccc32)cc1
c1ccc(COOC(c2ccccc2)c2ccccc2)cc1
c1ccc(CSc2nc3ccccc3o2)cc1
c1ccc(Cc2ccccc2)cc1
C1=CC(N(Cc2ccccc2)Cc2ccccc2)=CC1
C1=Cc2c(ccc3c2C(=Cc2cccc4cc[nH]c24)Oc2ccccc2-3)NC1
O=S(=O)(NC(Cc1ccccc1)c1ccccc1)C1=CCCC=C1
N=C1CCNc2ccc(C3=CCc4cc(C(=O)Nc5cccnc5)ccc43)cc21
c1ccc(-c2ccc(CNc3ccc4c(c3)OCO4)cc2)cc1
c1ccc(CCCCc2cccc3cc[nH]c23)cc1
c1ccc(-c2ccccc2)cc1
c1ccc(Cc2c[nH]c3ccccc23)cc1
C1=C(CC(CCc2ccccc2)Cn2cnc3ccccc32)C=C(c2ccsc2)C1
O=C(NC1CCCCC1)c1ccc(OC(CNc2ccccc2)c2ccccc2)cn1
c1ccc(CCCc2cc3ccccc3[nH]2)cc1
c1cc(-c2ccc(-n3ncc4ccccc43)cc2)c2[nH]ccc2c1
O=C(NC1CCCCC1)C1=C2CC=CC=C2c2cc(-c3ccccc3)ccc2O1
c1ccc(Cc2nc3ccccc3s2)cc1
C1=NCNc2ccc3c(c21)C(=Cc1ccccc1)Oc1ccccc1-3
O=S(=O)(NCCC1CCc2c(cccc2-c2ccccc2)C1)c1ccccc1
O=C(Nc1ccccc1)OC1CNc2ccccc2C1
O=C1C=C2CCC3C(=C2CC1)C(c1ccc(Oc2c[nH]c4ccccc24)cc1)CC1CCCC13
c1ccc(-c2ccc3c(cnn3-c3ccccc3)c2)cc1
c1cc(-c2ccc3c(c2)CC(c2cccc4cc[nH]c24)CN3)c2[nH]ccc2c1
O=C(Nc1ccccc1)Oc1cccc2c1cnn2-c1ccccc1
C1=Cc2c(ccc3c2C(=Cc2ccccc2)Oc2ccccc2-3)NC1
O=C(OC1CNc2ccc(-c3cccc4cc[nH]c34)cc2C1)c1ccccc1
c1ccc(CN(c2ccccc2)c2ccccc2)cc1
c1ccc(Cc2[nH]c3ccccc3c2Oc2cnc3ccccc3n2)cc1
c1ccc(CNc2ccccc2)cc1
c1ccc(COc2ccc3c(cnn3-c3cc4ccccc4[nH]3)c2)cc1
c1cc(-c2ccc3c(c2)CCCN3)c2[nH]ccc2c1
c1ccc(-c2ccccc2)cc1
C1=CC2=C(C1)C(Cc1[nH]c3ccccc3c1-c1ccccc1)=CC2
O=c1onc(Cc2ccccc2)c2c(-c3cccc4cc[nH]c34)cccc12
c1ccc(CN(Cc2ccccc2)c2ccccc2)cc1
C1=Cc2nc3c(cc2C1)C(=Cc1cccc(-c2ccsc2)c1)Oc1ccccc1-3
c1ccc(SCC2CCc3ccc(-c4cc5ccccc5[nH]4)cc3C2)nc1
C1=CC(CCONc2cccc3c2cnn3-c2ccccc2)=C(c2ccsc2)C1
c1ccc(-n2ncc3ccccc32)cc1
C1=CCCC(c2ccc3c(cnn3-c3ccccc3)c2)=C1
C1=CC(NCc2ccccc2)=NC1
C1=CC(C2=CCNc3ccc4c(c32)COc2ccccc2-4)=CCC1
c1ccc(NNc2ccccc2)cc1
C=C1Oc2ccccc2-c2ccc3c(c21)C=CCN3
O=S(=O)(Nc1ccccc1)c1ccccc1
C1=CC(C=C2Oc3ccccc3-c3ccc4[nH]ccc4c32)=CC1
C1=Nc2ccc(-c3cccc4cc[nH]c34)cc2CC1
c1ccc(CCC(Cc2cc3ccncc3[nH]2)c2cccs2)cc1
c1ccc(Cc2cc3ccccc3[nH]2)cc1
C1=Cc2c(ccc3c2C(=Cc2cccs2)Oc2ccccc2-3)NC1
c1ccc(CCC(Cc2cc3ccccc3[nH]2)c2ccccc2)cc1
c1ccc(Cc2ccccc2-c2ccccc2)cc1
c1ccc(CCCc2ccccc2)cc1
O=c1cc(C=C2Oc3ccccc3-c3ccc4c(c32)C=CC(c2ccccc2)N4)cco1
c1ccc(-c2cccs2)cc1
C1=C(CC(CCc2ccccc2)c2ccccc2)c2ccccc2C1
C1=Cc2c(ccc3c2C(=Cc2ccccc2)Oc2ccccc2-3)NC1
N=C1CCNc2ccc(-c3cccc4cc[nH]c34)cc21
c1cnc2c(-c3ccc4c(c3)CCC(c3cccc5cc[nH]c35)N4)cccc2c1
c1ccc(-c2cccc3cc[nH]c23)cc1
c1ccc(COc2cccc3cc[nH]c23)cc1
c1cc(-c2cc3c(c(-c4cc5ccncc5[nH]4)c2)NCCC3)c2[nH]ccc2c1
O=C(CSC1=CC=C(c2ccccc2)C1)Nc1ccccc1
c1ccc(-c2cccc3c2-c2ccccc2C(c2ccccc2)O3)cc1
C1=CCC(c2ccc3c(cnn3-c3ccccc3)c2)=C1
C1=Cc2c(ccc3c2C(=CC2=Nc4ccccc4C2)Oc2ccccc2-3)NC1
C(=C1Oc2ccccc2-c2ccc3ncccc3c21)c1ccccc1
O=C(NCc1ccc(C2=CC=CC2)cc1)c1cnc2c(c1)C=CC2
c1ccc2c(c1)NCCC2CSc1ccc2ccccc2c1
C1=Cc2c(ccc3c2COC2=C(c4ccccc4)CC=C23)NC1
C1=CC2=C(C1)OC(=Cc1ccccc1)c1c2ccc2ncccc12
c1ccc(CCCOc2ccccc2)cc1
O=C(c1ccsc1C=C1OC2=C(C=CC2)c2ccc3c(c21)C=CCN3)N1CCCCC1
c1ccc(CCC(c2ccccc2)c2ccc3c(cnn3-c3ccccc3)c2)cc1
c1ccc(Cc2ccc(COc3ccc4c(cnn4-c4ccccc4)c3)cc2)cc1
c1ccc(-n2ncc3c(NCCc4cccc5cc[nH]c45)cccc32)cc1
c1ccc(CC2=C(Cc3cccc4cc[nH]c34)CCC2)cc1
c1ccc2ccccc2c1
O=S(=O)(Nc1ccccc1)c1ccccc1
c1ccc(-c2ccc3[nH]cc(-c4ccccc4)c3c2)cc1
C1=CC(C=C2Oc3ccccc3-c3ccc4c(c32)C=CC(c2cccs2)N4)=CCC1
C1=CCC(c2ccc3c(cnn3CSc3nc4ccccc4s3)c2)C=C1
C1=Nc2ccc3c(c2C=[SH]1)C(=Cc1ccccc1)Oc1ccccc1-3
C1=Cc2c(ccc3c2C(=Cc2ccccc2)Oc2ccccc2-3)NC1
c1cnc2ccc(-c3cccc4cc[nH]c34)cc2c1
C(=COc1cccc(Cc2ccccc2)c1)Oc1ccccc1
O=C(Nc1ccccc1)OC1CNc2ccc(-c3ccccc3)cc2C1
c1ccc(CN(Cc2ccccc2)c2ccccc2)cc1
C(=Cc1cccc2c1C=NCN2)c1ccccc1
c1ccc(CCCCc2cccc3c2OCC3)cc1
O=C(NC1Oc2ccccc2-c2ccc(NC3=CCCc4ccccc43)cc21)c1ccccc1
O=C(Oc1ccccc1)C1=CCC(Cc2[nH]c3ccccc3c2-c2ccncc2)=C1
c1ccc(-n2ncc3ccccc32)cc1
C1=CCCC(C=C2Oc3ccccc3-c3ccc4c(c32)C=CCN4)=C1
c1ccc(C2Oc3ccccc3-c3ccccc32)cc1
C1=Cc2c(ccc3c2C(=Cc2ccccc2)Oc2ccccc2-3)NC1
C1=CC(c2cccc3c2cnn3-c2ccccc2)=CCC1
C1=Cc2c(ccc3c2C(=Cc2ccccc2)Oc2ccccc2-3)NC1
c1ccc(-c2ccccc2)cc1
O=S(=O)(NCCNc1cccc2c1cnn2-c1ccccc1)c1ccccc1
c1ccc(-c2ccccc2CCCc2cc3ccccc3[nH]2)cc1
C1=Nc2ccc(-c3ccccc3)cc2C(CSCCc2ccccc2)C1
C1=Cc2cc(-c3ccccc3)ccc2C1
N=C1CC(C=Cc2ccsc2)Nc2ccc(-c3cccc4cc[nH]c34)cc21
C1=Cc2c(ccc3c2C(CC=CNc2ccccc2)OC2=CCCC=C23)NC1
c1ccc(CCc2ccccc2)cc1
c1ccc(CCOc2ccc3c(cnn3-c3ccccc3)c2)cc1
O=C1CNc2c(cc(Cc3ccccc3)c3c2CCC3)C1
C1=Cc2c(ccc3c2C(=Cc2ccccc2)OC2=C3C=CC2)NC1
c1ccc(CCOCc2ccccc2)cc1
C(=C1Oc2ccccc2-c2ccccc21)c1ccccc1
O=S(=O)(Nc1cccc(N(CC2=CCC=C2)c2ccccc2)c1)c1ccsc1
O=C(Nc1ccccc1)OC1CNc2ccc(-c3cccc4c3CC=C4)cc2C1
c1ccc(-c2cccc3cc[nH]c23)cc1
c1ccc(-n2ncc3c4c(ccc32)CCCC4)cc1
c1ccc(-c2ccc3c(cnn3-c3ccccc3)c2)cc1
c1ccc(-c2cccc3cc[nH]c23)cc1
O=C(CSc1ccc2ccccc2n1)c1c[nH]c2ccccc12
c1ccc(Oc2cccc3cc[nH]c23)cc1
c1ccc(OC2CNc3ccc(-c4cccc5cc[nH]c45)cc3C2)cc1
c1ccc2sccc2c1
C1=Cc2c(ccc3c2C(=Cc2ccccc2)Oc2ccccc2-3)NC1
c1ccc(CCCCc2cccc3c2OCC3)cc1
C1=C(c2c(Oc3ccccc3)ccc3cc[nH]c23)C=C2CCCNC12
c1ccc(COc2ccc3c(cnn3-c3ccccc3)c2)cc1
c1ccc(NCc2ccc3c(cnn3-c3ccccc3)c2)cc1
O=C1C=C2CCC3C(=C2CC1)C(Cc1cccc(OC2=CC=CCC2)c1)CC1CCCC13
C1=Cc2c(ccc3c2C(=Cc2ccccc2)Oc2ccccc2-3)NC1
c1ccc(-c2c[nH]c3ccccc23)cc1
O=C(CC1=C(c2ccc3c(cnn3-c3ccccc3)c2)CCC=C1)Cc1cccnc1
c1ccc(-c2cccc3cc[nH]c23)cc1
c1ccc(-c2cc3ccccc3[nH]2)cc1
C1=CC(C=C2Oc3ccccc3-c3ccc4ncccc4c32)=CCC1
c1ccc(Cc2[nH]c3ccccc3c2Oc2cnc3ccccc3n2)cc1
c1ccc2c(c1)cnn2-c1ccc(NC2CC2)cc1
O=S(=O)(NCCc1cc(-c2cccc3cc[nH]c23)cc2c1NCCC2)c1ccccc1
C1=Cc2c(ccc3c2C(=Cc2cccc4c2OCC4)Oc2ccccc2-3)NC1
c1ccc(CC2Cc3cc4ccccc4nc3CC2c2ccccc2)cc1
O=S(=O)(NCCNc1cccc2c1cnn2-c1ccccc1)c1ccccc1
c1ccc(-n2ncc3c(CCc4cc5ccccc5[nH]4)cccc32)cc1
O=S(=O)(Nc1ccccc1)c1cccc2c1cnn2-c1ccccc1
c1ccc(NCc2ccc(Oc3ccccc3)cc2)cc1
c1ccc(-c2ccnc3ccccc23)cc1
O=C(Nc1ccc(OOc2ccccc2)cc1)c1ccccc1
c1ccc(CON=C2CCNc3ccc(-c4cccc5cc[nH]c45)cc32)cc1
c1ccc(-c2ccc3c(c2)N(c2ccc(-c4cccs4)nc2)NC3)cc1
c1ccc(-c2cccc3cc[nH]c23)cc1
c1ccc2c(c1)NCCC2CSc1ccc2ccccc2c1
c1ccc(-c2ccc3c(c2)C(c2ccccc2)CCN3)cc1
O=S(=O)(NCCc1c[nH]c2cc(-c3ccccc3)ccc12)c1ccccc1
O=S(=O)(Nc1ccc(C2C=Cc3ccccc32)cc1)c1ccsc1
C1=Cc2c(ccc3c2C(=Cc2ccccc2)Oc2ccccc2-3)NC1
C1=Cc2c(ccc3c2C(=Cc2cccs2)Oc2ccccc2-3)NC1
C1=CC(c2c(Cc3ccccc3)[nH]c3ccccc23)=CC1
O=S(=O)(NCc1ccccc1-c1ccccc1)c1ccccc1
O=C(Nc1ccccc1)OC1CNc2ccc(-c3cccc4c3N=CC4)cc2C1
C(=C1Oc2ccccc2-c2ccc3[nH]ccc3c21)c1cccs1
c1ccc(Oc2ccccc2)cc1
O=S(=O)(Nc1ccc(-c2ccc3c(c2)CCCN3)c2[nH]ccc12)c1ccccc1
O=S(=O)(Nc1ccccc1)c1ccc(C2CCC3=CC=CC3C2)cc1
C1=CC2=C(CC1)OC(=Cc1ccccc1)c1ccccc12
c1ccc2ccccc2c1
C1=CC(Oc2ccccc2-c2c[nH]c3ccccc23)Nc2ccccc21
C1=C(c2ccccc2)Cc2ccc(-c3cccc4cc[nH]c34)cc2C1
C1=Cc2c(ccc3c2C(=Cc2ccccc2)Oc2ccccc2-3)NC1
C(=Cc1ccc2ccccc2c1)CC1Oc2ccccc2-c2ccc3nc4c(cc3c21)CCCC4
c1ccc(CCC(Cc2cc3ccncc3[nH]2)c2ccccc2)cc1
C1=CC(OC(Cc2ccccc2)c2ccccc2)=CC1
c1ccc(COc2ccc3c(cnn3-c3ccccc3)c2)cc1
c1ccc(-n2ncc3c4c(ccc32)-c2ccccc2OC4COc2cc3ccccc3[nH]2)cc1
c1cncc(COc2ccc3ccccc3c2)c1
O=C(NCc1ccc(OC2=CCC(Oc3ccccc3)=C2)cc1)c1ccccc1
c1ccc(CN(c2ccccc2)c2ccccc2)cc1
C1=C2OC(=Cc3ccccc3)c3c(ccc4[nH]ccc34)C2=CC1
C1=Cc2c(ccc3c2C(=Cc2ccccc2)Oc2ccccc2-3)NC1
c1ccc(CN(Cc2ccccc2)c2ccccc2)cc1
O=S(=O)(Nc1ccccc1)c1cccc(Cn2ncc3ccccc32)c1
C1=NCNc2ccc3c(c21)C(=Cc1cccs1)Oc1ccccc1-3
C1=CCC(C2=CC(C=C3Oc4ccccc4-c4ccc5c(c43)C=CCN5)=CC2)=C1
O=C(NCc1ccccc1)c1ccccc1
c1ccc(CCc2ccccc2)cc1
c1ccc(C2CCNc3ccc(-c4cccc5cc[nH]c45)cc32)cc1
O=C(NC1CCCCC1)ON=C1CCNc2ccc(-c3cccc4cc[nH]c34)cc21
C1=CC(C=C2Oc3ccccc3-c3ccc4c(c32)C=CCN4)=CC1
O=C1CNc2c(cc(-c3cccc4c3NC=CC4)cc2-c2ccccc2)C1
c1ccc(CN(CCc2cccc3c2OCC3)c2ccccc2)cc1
C1=Cc2c(ccc3c2C(=Cc2cccs2)Oc2ccccc2-3)NC1
C1=Cc2c(ccc3c2C(=Cc2ccccc2)Oc2ccccc2-3)NC1
c1ccc(C2CNc3ccc(-c4cccc5cc[nH]c45)cc3C2)cc1
C1=C[SH]=C(CN(Cc2ccc(Oc3ccccc3)cc2)c2ccccc2)C=C1
C(=C1Oc2ccccc2-c2nc3ccccc3cc21)c1ccccc1
c1ccc(Oc2ccc(-c3ccccc3)cc2)cc1
O=C(Nc1ccccc1)OC1CNc2ccc(-c3cccc4ccsc34)cc2C1
c1ccc2ccccc2c1
c1ccc(-c2ccccc2)cc1
c1ccc(CNCc2[nH]c3ccccc3c2-c2ccccc2)cc1
c1ccc(CCC(Cc2ccccc2)Cc2cc3cnccc3[nH]2)cc1
c1cc(-c2cc3c(c4c2CCC(c2cccc5cc[nH]c25)C4)NCCC3)c2[nH]ccc2c1
N=C1CC=Nc2ccc(-c3cccc4cc[nH]c34)cc21
C1=Cc2c(ccc3c2C(=Cc2cc4ccccc4[nH]2)OC2=C3C=CC2)NC1
c1ccc(Nc2ccccc2)cc1
C1=Cc2ccc(-c3cccc4cc[nH]c34)cc2C1
C1=Cc2c(ccc3c2C(=Cc2ccccc2)Oc2ccccc2-3)NC1
O=C(CCCC(=O)NCCc1ccccc1)Cc1ccccc1
C1=CCC(NCc2ccc(-c3ccccc3)cc2)=C1
C1=CCCC(c2cccc(-c3ccsc3)c2)=C1
c1ccc(-n2ncc3c4c(ccc32)-c2ccccc2OC4)cc1
c1ccc(-c2cccc3cc[nH]c23)cc1
c1ccc(-c2cccc3cc[nH]c23)cc1
O=S(=O)(Nc1ccc(-c2ccc3[nH]ncc3c2)cc1)c1ccccc1
O=S(=O)(Cc1cccc2cc[nH]c12)Nc1c(-c2cccc3ncccc23)ccc2c1CCCN2
O=C(NCc1ccccc1)OC1CNc2ccc(-c3cccc4cc[nH]c34)cc2C1
C1=C(C(c2ccccc2)c2ccc3[nH]ncc3c2)c2cnn(-c3ccccc3)c2C1
C1=C(CN(Cc2ccccc2)c2ccccc2)CCC(C2=CCc3ccccc32)=C1
c1ccc(CCCCc2cc3ccccc3[nH]2)cc1
C1=Cc2c(ccc3c2C(=Cc2ccccc2)Oc2ccccc2-3)NC1
C1=CC(C=C2Oc3ccccc3-c3ccc4c(c32)C=CCN4)=CC1
O=C(Nc1ccccc1)c1ccccc1
C(=C1Oc2ccccc2-c2ccc3c(c21)CCCC3)c1cccs1
O=S(=O)(Nc1ccccc1)c1ccc(-c2ccc3[nH]ncc3c2)cc1
c1ccc(CCCCc2cc3ccncc3[nH]2)cc1
O=S(=O)(Nc1ccc(NC2CC2)cc1)C1=CCC(c2c3c(cc4cc[nH]c24)CCCC3)=C1
c1ccc(-c2ccc3c(cnn3-c3ccccc3)c2)cc1
C1=CCC(CON=C2CCNc3ccc(-c4cccc5cc[nH]c45)cc32)=C1
O=C(Nc1ccccc1)OC1CNc2ccccc2C1
C1=Cc2c(ccc3c2COc2ccccc2-3)NC1
c1ccc(-c2cccc3cc[nH]c23)cc1
O=C(NCc1ccccc1)c1cnc2c(c1)C=C(S(=O)(=O)Nc1ccccc1)C2
c1ccc(C(Oc2ccc3c(cnn3-c3ccns3)c2)c2ccccc2)cc1
O=C1CNc2c(cc(-c3ccnc4ccccc34)c3c2CCC3)C1
C1=Cc2c(ccc3c2C(=Cc2ccccc2)Oc2ccccc2-3)NC1
C1=C(C=C2Oc3ccccc3-c3ccccc32)C(c2ccccc2)=CC1
c1ccc(-c2ccccc2)cc1
c1ccc(Cc2ccc3c(cnn3Oc3ccccc3)c2)cc1
C1=Cc2c(ccc3c2C(=Cc2ccccc2)Oc2ccccc2-3)NC1
C1=CC(C(Oc2ccc3c(cnn3-c3cnc4ccccc4c3)c2)c2ccccc2)=CC1
c1ccc(-c2ccccc2)cc1
c1ccc(-c2cccc3cc[nH]c23)cc1
C1=C(C(Cc2ccccc2)c2ccccc2)CCCC1
C1=C(CSCCc2ccccc2)c2ccccc2CC1
O=S(=O)(Nc1ccccc1)c1cccc(CCNCc2ccccc2)c1
O=C1CNc2ccc(-c3cccc4cc[nH]c34)cc2C1Cc1ccccc1
c1ccc2c(c1)CCCC2CCCNc1cccc2ncccc12
c1ccc(COc2ccc3c(cnn3-c3ccccc3)c2)cc1
C1=CC2C(=C1)OC(=Cc1cccs1)c1c2ccc2c1C=CC(c1ccccc1)N2
C1=CCC(c2ccccc2-c2cccc3c2nnc2ccccc23)=C1
c1ccc(-c2cccc3cc[nH]c23)cc1
C1=Cc2c(ccc3c2C(=Cc2ccccc2)Oc2ccccc2-3)NC1
C1=CC(Cc2ccc(-c3cccc4cc[nH]c34)cc2)=CCC1
c1ccc(-n2ncc3cc(Cc4cccc5c4OCC5)ccc32)cc1
O=S(=O)(NCCc1ccc2ccccc2c1)c1ccccc1
c1ccc(C2Oc3ccccc3-c3c(-c4cccc5cc[nH]c45)cc4c(c32)CCN4)cc1
c1ccc2[nH]c(-c3ccc4c(c3)C(c3cccc5[nH]ncc35)CCN4)cc2c1
C1=Cc2c(ccc3c2C(=Cc2ccccc2)Oc2ccccc2-3)NC1
O=S(=O)(Nc1ccccc1)c1csc2ccccc12
O=S(=O)(c1ccccc1)c1ccc(C=CCCc2ccccc2)cc1
C1=C(Cc2ccccc2)CC(Nc2ccccc2)=C1
C(=NOc1ccccc1)c1cccc2c1cnn2-c1ccccc1
C1=C(c2ccc3c(c2)CCC(c2ccccc2)N3)Cc2ccccc21
c1ccc(Cc2ccccc2)cc1
c1ccc(-c2c[nH]c3ccccc23)cc1
C1=CC(C2=CCNc3ccc4c(c32)COc2ccccc2-4)=CC1
C1=C2CCCC(Cc3ccccc3)C2Cc2cnn(-c3ccccc3)c21
c1ccc(-c2ccccc2)cc1
C1=C2CCCC(CCc3ccccc3)C2Cc2cnn(-c3ccccc3)c21
C1=CC(CN(Cc2ccccc2)c2cccc(OCc3ccncc3)c2)=CC1
C1=C(n2ncc3cc(Cc4ccccc4)ccc32)c2ccccc2CC1
C(=Cn1ncc2ccccc21)c1ccc2c(cnn2-c2ccccc2)c1
C1=CCC(C=C2Oc3ccccc3-c3ccc4c(c32)C=CCN4)=C1
O=C(Nc1cccc2cc[nH]c12)c1ccc(OOc2cccc3c2cnn3-c2ccccc2)cn1
C1=CC(C2=C(C3Oc4ccccc4-c4ccccc43)CCc3cc[nH]c32)c2ccccc2C1
c1ccc2sc(SNc3cccc4ncccc34)nc2c1
C1=Cc2c(ccc3c2C(=Cc2cccs2)Oc2ccccc2-3)NC1
c1cc(-c2ccc3c(c2)C(=NOCc2ccc4c(c2)CCN4)CCN3)c2[nH]ccc2c1
C1=CCC(n2ncc3ccccc32)=C1
C(CCc1cccc2cc[nH]c12)=C1Oc2ccccc2-c2ccc3ncccc3c21
C1=CCC(C=C2Oc3ccccc3-c3ccc4c(c32)C=CCN4)=C1
C1=CCC(CNc2ccc3c(c2)COc2ccccc2-3)=C1
c1ccc(CCCCc2cc3ccccc3[nH]2)cc1
O=S(=O)(Nc1ccccc1)c1cccc(Cn2ncc3ccccc32)c1
c1ccc(CCc2cccc3cc[nH]c23)cc1
c1ccc(Oc2ccccc2)cc1
C1=Cc2c(ccc3c2C(=Cc2cccs2)Oc2ccccc2-3)NC1
C1=Cc2nc(C3C=Cc4c(ccc5c4C(=Cc4ccccc4)Oc4ccccc4-5)N3)cnc2CC1
O=S(=O)(Nc1cccc(N(CC2=CCC=C2)Cc2ccccc2)c1)c1ccsc1
c1ccc(Cc2ccc3c(cnn3-c3ccccc3)c2)cc1
C1=C(c2ccc3c(cnn3-c3ccccc3)c2)Cc2[nH]c(Cc3ccccc3)cc21
C1=CC2C(=Cc3cccc(Oc4ccccc4)c3)Oc3ccccc3C2=C1
C(=C1Oc2ccc(Oc3ccccc3)cc2C2=Cc3cncnc3C12)c1ccccc1
C1=C(CCCC(c2ccccc2)c2cc3ccccc3[nH]2)c2ccccc2CC1
c1ccc(Cn2ncc3cc(OC(CNc4ccccc4)c4ccccc4)ccc32)cc1
C1=Cc2c(ccc3c2C(=Cc2cccc4c2OCOC4)Oc2ccccc2-3)NC1
c1ccc(ON=C2CCNc3ccc(-c4cccc5cc[nH]c45)cc32)cc1
c1cc2c(c(-c3cccc4cc[nH]c34)c1)N=C(Oc1ccc3ccccc3n1)C2
C(=C1Oc2ccccc2C2=CCC(c3ccc4c(c3)CCCN4)=C12)c1ccccc1
C1=CC(C2=CCc3cc(C4=C(c5ccccc5)CCc5cc[nH]c54)ccc3N2)=CC1
C1=CC(C=C2Oc3ccccc3-c3ccc4c(c32)C=CCN4)=CC1
c1cc(-c2ccc3c(c2)CCCN3)c2cccnc2c1
C1=CCC(c2ccc(CNCCSc3ccccc3)cc2)=C1
C1=CSC(C=C2Oc3ccccc3-c3ccc4c(c32)C=CCN4)=CC1
C1=CC(C=C2Oc3ccccc3-c3ccc4ncccc4c32)=CCC1
C(=Cc1cccc2cc[nH]c12)CC1CCNc2ccc(-c3cccc4cc[nH]c34)cc21
O=S(=O)(Nc1ccc(-c2ccc3c(cnn3-c3ccccc3)c2)cc1)c1ccccc1
c1ccc(C(Cc2ccc3c(cnn3-c3ccccc3)c2)c2ccc3[nH]ncc3c2)cc1
C=C1Oc2ccc(Cc3ccccc3)cc2-c2ccc3c(c21)C=NCN3
C1=Cc2c(ccc3c2C(=Cc2cccs2)OC2=C3C=CC2)NC1
c1ccc(Nc2ccccc2)cc1
c1cc(-c2ccc3[nH]ncc3c2)cc(-n2ncc3ccccc32)c1
c1ccc(-c2cccnc2)cc1
c1ccc(-c2cccc3cc[nH]c23)cc1
C1=CC(n2ncc3cc(-c4ccccc4)ccc32)=CC1
c1ccc(COc2ccc3c(cnn3-c3ccccc3)c2)cc1
c1ccc(CCCc2ccccc2)cc1
O=S(=O)(c1ccccc1)c1ccccc1-c1cccc2cc[nH]c12
C1=CC(N(Cc2ccccc2)Cc2ccccc2)=CC1
c1ccc2[nH]c(CCCCc3cccc4cc[nH]c34)cc2c1
c1ccc(Cc2[nH]c3ccccc3c2-c2ccccc2)cc1
c1ccc(NCc2[nH]c3ccccc3c2-c2ccccc2)cc1
c1ccccc1
C(=C1Oc2ccccc2C2=CCC=C12)c1ccccc1
c1ccc(CCC(CCc2ccccc2)Cc2cc3ccccc3[nH]2)cc1
c1ccc(CCCOc2ccc3c(cnn3-c3ccccc3)c2)cc1
O=S(=O)(C1=CC=CCC1)c1ccc(-c2ccc3[nH]ncc3c2)cc1
c1ccc(CN(Cc2cccc3cnccc23)c2ccc3c(c2)CCN3)cc1
O=S(=O)(Nc1ccc2c(c1)C(c1ccccc1)Oc1ccccc1-2)c1ccccc1
c1ccc(Cc2ccccc2)cc1
c1ccc(-c2cccc3cc[nH]c23)cc1
c1ccc(-c2cccc3cc[nH]c23)cc1
C1=Cc2c(ccc3c2C(=Cc2cccs2)Oc2ccccc2-3)NC1
c1cc2c(c(Oc3ccc(Cc4cc5ccncc5[nH]4)cc3)c1)NCC2
O=S(=O)(Nc1ccc2c(c1)C(c1ccccc1)Oc1ccccc1-2)c1cccs1
c1ccc(-c2cccc3cc[nH]c23)cc1
c1ccc(CC(CCc2cccc3c2OCC3)Cc2cc3ccncc3[nH]2)cc1
O=S(=O)(Nc1ccccc1)c1ccc(-c2ccc3[nH]ncc3c2)cc1
c1ccc(-c2cccc3cc[nH]c23)cc1
C1=CCCC(Cc2ccc(Cc3ccsc3)cc2)=C1
C1=Cc2c(ccc3c2C(=Cc2cccs2)Oc2ccccc2-3)NC1
C1=Cc2c(ccc3c2C(=Cc2cccs2)Oc2ccccc2-3)NC1
c1ccc(-c2ccccc2)cc1
C1=Cc2c(ccc3c2C(c2ccccc2)Oc2ccccc2-3)NC1
c1ccc(-c2cc3ccccc3o2)cc1
N=C1CCNc2ccc(-c3cccc4c3CC=C4C3CC3)cc21
c1ccc(Nc2ccccc2)cc1
N=C1CC(Cc2ccccc2)Nc2ccc(-c3cccc4cc[nH]c34)cc21
c1ccc(C2Oc3ccccc3-c3ccccc32)cc1
C1=Cc2c(ccc3c2C(=Cc2ccccc2)Oc2ccccc2-3)NC1
O=S(=O)(Nc1ccc(-c2ccccc2)cc1)c1ccsc1
O=S(=O)(Nc1ccc(-c2ccccc2)cc1)c1ccccc1
c1ccc(CNCc2cc3ccccc3[nH]2)cc1
c1ccc(-c2ccccc2)cc1
O=C(Nc1ccccc1)OC1CNc2ccc(C=CCCc3ccccc3)cc2C1
O=S(=O)(Nc1ccc(-c2ccc3c(cnn3-c3ccccc3)c2)cc1)c1ccsc1
O=S(=O)(Nc1ccc(-c2ccccc2)cc1)c1ccc2c(c1)CCCC2
C1=CC(N(Cc2ccccc2)c2ccccc2)=CC1
c1ccccc1
O=C1OCc2cc(N(Cc3ccccc3)Cc3ccccc3)ccc21
O=C1Cc2cc(-c3ccccc3)ccc2NC1c1ccccc1
O=C(NCCCCc1ccccc1)c1ccccc1
C(=C1Oc2ccccc2-c2ccc3ncccc3c21)c1ccccc1
c1cc(-c2ccc3c(c2)CCCN3)c2[nH]ccc2c1
c1ccc2c(c1)CCCC2CCCNc1cccc2ncccc12
c1ccc(-c2ccccc2CCCc2cc3ccccc3[nH]2)cc1
C1=Cc2c(ccc3c2C(=CN2CCCCC2)Oc2ccccc2-3)NC1
C1=CC(CCC(Cc2ccccc2)Cc2cc3ccccc3[nH]2)=CC1
C1=Cc2c(ccc3c2C(=Cc2ccccc2)Oc2ccccc2-3)NC1
C1=CC(C=C2Oc3ccccc3-c3ccc4nc5c(cc4c32)NCC5)=CCC1
C1=Cc2c(ccc3c2C(=Cc2cccs2)Oc2ccccc2-3)NC1
c1ccc(-c2ccccc2)cc1
c1ccc(C2CCc3ccccc3C2)cc1
c1ccc(Cc2ccc3c(cnn3-c3ccccc3)c2)cc1
C1=CC(n2ncc3c4ccccc4ccc32)Nc2ccc(-c3ccccc3)cc21
C1=CCC(C=C2Oc3ccccc3-c3ccc4c(c32)C=CCN4)=C1
c1ccc(-c2cccc3ncccc23)cc1
C=C1Oc2ccccc2-c2ccc3c(c21)C=CCN3
C1=CC(C2Oc3ccccc3-c3c(-c4cccc5cc[nH]c45)cc4c(c32)CCN4)=CC1
C1=CC(C2C=Nc3ccc(-c4cccc5cc[nH]c45)cc3C2)=CCC1
C1=CNc2c(cccc2-c2ccc3c(c2)C(=Nc2ccccc2)CCN3)C1
c1ccc(CC2CCCCC2)cc1
C1=C(c2ccccc2)c2c(ccc3c2COc2ccccc2-3)NC1
C1=CC(C=C2Oc3ccccc3-c3ccc4c(c32)C=CCN4)=CC1
C(=C1Oc2ccccc2-c2ccc3[nH]ccc3c21)c1nccs1
c1ccc(Cc2ccc3c(cnn3-c3ccccc3)c2)cc1
c1ccc(-c2c[nH]c3ccccc23)cc1
c1ccc(Cc2cccc3cc[nH]c23)cc1
c1ccc(C2CCCC2)cc1
C1=CCC(C=C2Oc3ccccc3-c3ccc4c(c32)C=CCN4)=C1
C1=CC(c2ccc3c(cnn3-c3ccccc3)c2)C=C1
c1ccc(Cc2ccccc2)cc1
c1ccc(-c2ccccc2)cc1
c1ccc(-c2cccc3cc[nH]c23)cc1
O=C(NC1CCCCC1)c1ccc(OC(CNc2ccccc2)c2ccccc2)cn1
c1ccc(CCCNc2cccc3ncccc23)cc1
C1=Nc2ccc3c(c2C1)C(=Cc1ccccc1)Oc1ccccc1-3
C1=CC(n2ncc3c(-c4ccccc4)cccc32)=CC1
c1ccc(-c2cccs2)cc1
C1=Cc2c(ccc3c2C(=Cc2ccccc2)Oc2ccccc2-3)NC1
C(=C1Oc2ccccc2-c2ccc3ncccc3c21)c1ccccc1
c1cc(CCCCCCc2cccc3cc[nH]c23)c2c(c1)CCO2
C1=Cc2c(ccc3c2C(=Cc2cccs2)Oc2ccccc2-3)NC1
c1ccc(CNc2ccccc2-c2cc3ccccc3[nH]2)cc1
C(=C1Oc2ccccc2-c2ccc3ncccc3c21)c1cc2ccncc2s1
c1ccc(CCC(c2ccccc2)c2ccc3c(cnn3-c3ccccc3)c2)cc1
c1ccc(CCc2cc3ccccc3o2)cc1
c1ccc(CCCCn2ccc3ncccc32)cc1
O=S(=O)(Nc1ccc2c(c1)C(c1ccccc1)Oc1ccccc1-2)c1ccccc1
c1ccc(Cc2ccc3c(cnn3-c3ccccc3)c2)cc1
c1ccc(CNc2cccc3cccnc23)cc1
O=C(Nc1ccccc1)OC1CNc2ccc(-c3cccc4cc[nH]c34)cc2C1
c1cc(-c2ccc3c(c2)CCCN3)c2[nH]ccc2c1
C1=CCC(c2cccc3c2cnn3-c2ccccc2)=C1
c1ccc(COc2ccc3c(cnn3-c3ccccc3)c2)cc1
c1ccc(-c2ccccc2)cc1
O=C(Nc1ccccc1)c1ccccc1
C=C1Oc2ccccc2-c2ccc3c(c21)C=CCN3
C1=C(c2ccccc2)c2ccccc2CC1
C1=Cc2c(ccc3c2C(=Cc2ccco2)Oc2ccccc2-3)NC1
C1=Cc2c(ccc3c2C(=Cc2ccccc2)Oc2ccccc2-3)NC1
C1=CC2=C(CC1)OC(=Cc1ccccc1)c1ccccc12
C1=Cc2c(ccc3c2C(=Cc2ccccc2)Oc2ccccc2-3)NC1
c1ccc(-c2cc[nH]c2-c2ccccc2)cc1
C=C1Oc2ccccc2-c2ccc3c(c21)C=CCN3
c1ccc(-c2cc3ccccc3[nH]2)cc1
C1=CC(CN(C=CNc2ccccc2)Cc2ccccc2)=CC1
c1cnc2ccc(-c3cccc4cc[nH]c34)cc2c1
O=S(=O)(Nc1ccc(NC2CC2)cc1)c1ccccc1
c1ccc(-c2cccc3cc[nH]c23)cc1
C(=Cc1ccccc1)CNCc1ccccc1
c1ccc(Cc2ccccc2)cc1
O=S(=O)(Nc1cccc(N(Cc2ccccc2)Cc2ccccc2)c1)c1ccsc1
c1ccc(ON=C2CCNc3ccc(-c4ccc5[nH]ncc5c4)cc32)cc1
O=C(Nc1cccnc1)c1cccc(Cc2cc3ccccc3[nH]2)c1
c1ccc(COc2ccc3c(cnn3-c3ccccc3)c2)cc1
C1=CC(C=C2Oc3ccccc3-c3ccc4c(c32)C=CCN4)=CC1
O=C(Nc1ccc2c(c1)C(C1=CCCC=C1)Oc1ccccc1-2)OS(=O)(=O)c1ccccc1
c1ccc(-n2ncc3cc(OCc4c[nH]c5ccccc45)ccc32)cc1
O=S(=O)(Nc1ccc2c(c1)C(c1ccccc1)Oc1ccccc1-2)c1cccs1
C1=CC(c2cccc3c2cnn3-c2ccccc2)=CCC1
c1ccc(CN(Cc2ccccc2)c2ccccc2)cc1
c1ccc(-n2ncc3ccccc32)cc1
O=C(c1ccccc1)C(CCc1ccccc1)CC1CCCCC1
C1=CCC(n2ncc3cc(OC(Nc4ccccc4)c4ccccc4)ccc32)=C1
c1ccc(-n2ncc3cc(OCc4ccc(SC5CCCC5)cc4)ccc32)cc1
c1ccc(CCCc2cccc3nccn23)cc1
O=S(=O)(c1ccccc1)c1ccc(-c2ccc3[nH]ncc3c2)cc1
c1ccc(CCCCc2cc3ccccc3[nH]2)cc1
C1=C(CNc2cccc3c2cnn3-c2ccccc2)CCC1
C1=NCCC=C1Oc1ccc(CCc2ccc3c(c2)CCCC3)cc1
C1=CC(c2ccccc2)C(c2ccc3c(cnn3-c3ccccc3)c2)=C1
C1=CCCC(OC(Cc2cccc3ncccc23)c2ccccc2)=C1
C1=CCC(c2ccc(CN(Cc3ccccc3)c3ccccc3)cc2)=C1
C1=Cc2c(ccc3c2C(=CCCC2CC2)Oc2ccccc2-3)NC1
C1=CCC2OC(=Cc3ccccc3)c3c(ccc4c3C=CCN4)C2=C1
O=S(=O)(NC1=CCC=C1)c1ccc(-c2ccccc2)cc1
c1ccc(Nc2cccc3c2cnn3-c2ccccc2)cc1
c1ccc(CCCC2CCCc3ccccc32)cc1
c1ccc(COc2ccc3c(cnn3-c3ccccc3)c2)cc1
C1=C2CCC=C(CCc3ccccc3)C2Cc2cnn(-c3ccccc3)c21
c1ccc(-c2ccccc2)cc1
C(=C1Oc2ccccc2-c2ccc3[nH]ccc3c21)c1ccsc1
C1=Cc2c(ccc3c2C(=Cc2ccccn2)Oc2ccccc2-3)NC1
O=S(=O)(Nc1ccccc1)c1ccc(C2=CC=CC2)cc1
C1=CCC(C2=Nc3ccc(-c4cccc5cc[nH]c45)cc3C2)=C1
C1=CC(c2ccc(CNc3ccc4c(c3)CCCN4)cc2)=CC1
c1ccc(CNc2cccc3ncccc23)cc1
c1ccc(Cc2ccccc2)cc1
C1=CCC2C(=C1)OC(=Cc1ccccc1)c1c2ccc2c1C=CCN2
C1=Cc2c(ccc3c2C(=CC2=CC=NC2)Oc2ccccc2-3)NC1
C1=Cc2cc(-c3ccccc3)ccc2NC1
c1ccccc1
C1=CC(n2ncc3c(-c4ccccc4)cccc32)=CC1
O=C(NCc1ccccc1)c1cnc2c(cnn2Cc2ccccc2)c1
c1ccc(-n2ncc3ccccc32)cc1
c1ccc(CCCCc2ccccc2)cc1
O=C(Nc1ccccc1)OC1CNc2ccc(-c3cccc4cc[nH]c34)cc2C1
c1ccc(-c2cc3ccccc3[nH]2)cc1
C1=CCCC(n2ncc3ccc(-n4ncc5cc(CSc6ccccn6)ccc54)cc32)=C1
c1ccc(-c2cccnc2)cc1
C1=CC(C=C2Oc3ccccc3-c3ccc4nc5c(cc4c32)NCC5)=CCC1
c1ccc(CCC(Oc2ccc3[nH]ncc3c2)c2ccccc2)cc1
O=S(=O)(Nc1ccc(C2CC=C(CCc3ccccc3)C2)cc1)c1ccsc1
O=S(=O)(Nc1ccc(C2CC=C(CCc3ccccc3)C2)cc1)c1ccsc1
C1=Cc2c(ccc3c2C(=Cc2ccccc2)OC2=C3C=CC2)NC1
c1ccc(-n2ncc3cc(CCCCc4cc5ccncc5[nH]4)ccc32)cc1
C1=CC2=C(C1)C(Cc1[nH]c3ccccc3c1-c1ccccc1)=CC2
C1=Nc2cccc(-c3ccc4ccccc4c3)c2C1
O=S(=O)(NCCc1cccc2cc3c(cc12)CCCC3)c1ccccc1
C1=Cc2c(ccc3c2C(=Cc2ccccc2)Oc2ccccc2-3)NC1
O=C1CNc2c(cc(-c3cccc4cc[nH]c34)cc2N2CCCCC2)C1
C(=Cc1ccccc1)Cc1ccc2c(cnn2-c2cccc3c2NCC3)c1
C1=C(CCC(CNC2=CCc3ccccc32)Cc2ccccc2)CC(c2ccccc2)=C1
c1ccc(COc2cccc3c2-c2ccccc2C(c2ccccc2)O3)cc1
c1ccc(-n2ncc3c(NCCCc4c[nH]c5ccccc45)cccc32)cc1
c1ccc(-c2cccc3[nH]ccc23)cc1
C1=CC(c2cccc(OC=CC3=Cc4cnn(C5CCCCC5)c4C3)c2)=CCO1
C1=C(c2ccccc2)c2ccc(-c3c[nH]c4ccccc34)cc2C1
O=C1CC=C(C2=CCCC(OC(Cc3ccccc3)c3ccccc3)=C2)C1
c1cc(CCCCNc2cccc3ncccc23)c2c(c1)CCO2
O=S(=O)(Nc1ccc(-c2ccc3c(cnn3-c3ccccc3)c2)cc1)C1=CCC=C1
c1ccc(-c2c[nH]c3ccccc23)cc1
C1=Cc2c(ccc3c2C(=Cc2ccccc2)OC2=C3C=CC2)NC1
C1=CCC(c2ccccc2)C(c2ccccc2)=C1
c1ccc(-c2c[nH]c3ccccc23)cc1
C(=C1Oc2ccccc2C2=[SH]c3cnccc3C=C12)c1ccc(-c2ccccc2)cc1
O=S(=O)(c1ccccc1C=C1Oc2ccccc2-c2ccc3c(c21)C=CCN3)N1C=CCCC1
N=C1CC(c2ccccc2)Nc2ccc(-c3cccc4cc[nH]c34)cc21
C1=CC(c2ccccc2)C=C1C=C1Oc2ccccc2-c2ccc3c(c21)CCCN3
O=S(=O)(Nc1ccccc1)c1ccccc1
C1=Cc2cc(-c3cccc4cc[nH]c34)cc(C3=CCCc4cc[nH]c43)c2NC1
C1=CCC(c2cccc(CCCCc3cc4cccnc4[nH]3)c2)=C1
C(=CN1Cc2cc(-c3cccc4nccn34)c3c(c2N=N1)CCC3)c1cccc2cc[nH]c12
C1=CCC(C=CC2CCNc3c(C4=CCC=C4)cc(-c4c[nH]c5ccccc45)cc32)=C1
C1=C(c2ccccc2)CC=C1n1ncc2cc(Cc3ccccc3)ccc21
C1=CSC(C=C2Oc3ccccc3-c3ccc4c(c32)C=CCN4)=CC1
C1=Cc2c(ccc3c2C(=Cc2cccs2)Oc2ccccc2-3)NC1
C1=Cc2c(ccc3c2C(=Cc2ccccc2)Oc2ccccc2-3)NC1
C1=CC(C=C2Oc3ccccc3-c3ccc4ncccc4c32)=CC1
C1=Cc2c(ccc3c2C(=Cc2cccs2)OC2=C3C=CC2)NC1
c1ccccc1
C1=Nc2ccc(-c3cccc4cc[nH]c34)cc2CC1
c1ccc(CCCCc2cccc3c2OCC3)cc1
C1=CC(C2CNc3ccc(-c4cccc5cc[nH]c45)cc3C2)=CC1
C1=CCC(CN(Cc2ccccc2)c2ccccc2)=C1
C1=CCCC(CN(Cc2ccccc2)c2ccccc2)=C1
C1=Cc2c(ccc3c2C(=Cc2sccc2Nc2cccc4c2=CCN=4)Oc2ccccc2-3)NC1
c1ccc2c(CCc3ccc4[nH]ccc4c3)coc2c1
c1ccc(CCCCc2cc3ccccc3[nH]2)cc1
C1=CSC(C=C2Oc3ccccc3-c3ccc4ncccc4c32)=CC1
C1=CCC(CCSCC2=CCNc3ccc(-c4ccccc4)cc32)C=C1
C1=Cc2c(ccc3c2C(=Cc2ccccc2)Oc2ccccc2-3)NC1
O=S(=O)(Nc1ccccc1)c1ccc(Cc2cc3ccccc3[nH]2)cc1
c1ccc(-c2c[nH]c3ccccc23)cc1
C1=C2CCCC(Cc3cc4ccccc4s3)C2Cc2cnn(-c3ccccc3)c21
C(=C1Oc2ccccc2-c2ccc3ncccc3c21)c1ccccn1
c1ccc(OC(Cc2ccc3c(cnn3-c3ccccc3)c2)c2cccnc2)cc1
C1=Cc2c(ccc3c2C(=Cc2cccs2)Oc2ccccc2-3)NC1
C1=CCC(NCCN(Cc2ccccc2)c2ccccc2)=C1
c1ccccc1
C1=CCC(N(Cc2ccccc2)c2ccccc2)=C1
C1=CC(n2ncc3cc(-c4ccc(CCCC5CC5)cc4)ccc32)=CC1
c1ccc(CN(Cc2ccccc2)c2ccccc2)cc1
c1ccc(CNc2ccccc2)cc1
C1=C(CC(CCc2ccccc2)Cc2ccccc2)c2ccccc2C1
O=C1CNc2ccc(C3CCCc4ccccc43)cc2C1Cc1ccccc1
c1ccc(OC2CNc3ccc(-c4cccc5cc[nH]c45)cc3C2)cc1
c1ccc(Nc2cccc3c2cnn3-c2ccccc2)cc1
O=C(OC1CNc2ccc(-c3cccc4cc[nH]c34)cc2C1)c1ccccc1
O=C(Nc1ccc(OCC=C2OC3=CCC=C3c3ccccc32)cc1)c1ccsc1
O=S(=O)(Cc1ccccc1)Nc1ccc(C2=CC=CCC2)cc1
c1ccc(CCc2cccc3[nH]ccc23)cc1
c1ccc2ccccc2c1
C(=Cc1ccccc1)CN(Cc1ccccc1)N1N=CCC2=Cc3c(cnn3-c3ccccc3)CC21
C(=C1Oc2ccccc2-c2ccc3[nH]ccc3c21)c1cccs1
C1=C(c2ccccc2)c2c(ccc3c2COc2ccccc2-3)NC1
O=S(=O)(c1ccc(-c2ccc3[nH]ncc3c2)cc1)N(CC1=CCC=C1)c1ccccc1
c1ccc(C2CCNc3ccc(-c4cccc5cc[nH]c45)cc32)cc1
c1ccc(-c2ccsc2)cc1
O=C(NCc1ccccc1)c1ccccc1
C1=C(c2ccc3c(cnn3-c3ccccc3)c2)CC(c2cccc3cc[nH]c23)=C1
c1ccc(-c2cc3c(cc2-c2cccc4cc[nH]c24)CCC(C2CC2)N3)cc1
c1ccc(-c2cccc3cc[nH]c23)cc1
c1ccccc1
O=S(=O)(Nc1ccc(-c2ccc3c(cnn3-c3ccccc3)c2)cc1)c1ccsc1
C1=CC(c2ccccc2)=CCC1
c1ccccc1
C1=CC(CN(Cc2ccccc2)c2ccccc2)=CC1
C1=Cc2c(ccc3c2C(=Cc2cccs2)Oc2ccccc2-3)NC1
O=S(=O)(Nc1ccccc1)c1ccc(C2=CC=CC2)cc1
c1ccc(-c2cc3ccncc3s2)cc1
c1ccc(Oc2ccccc2)cc1
C1=Cc2c(ccc3c2C(=Cc2cccc4cc[nH]c24)Oc2ccccc2-3)NC1
C(=Cc1cc2ccccc2s1)Cc1ccccc1
c1ccc2[nH]c(Cc3csc4ccccc34)cc2c1
C1=CC(C=C2Oc3ccccc3-c3ccc4c(c32)C=CCN4)=CCC1
C1=C(c2ccccc2)c2c(ccc3c2COc2ccccc2-3)NC1
O=C(c1ccc(-c2ccc(-c3cnoc3)cc2)nc1)c1ccco1
C1=Cc2cnn(-c3ccc(C4CNc5ccc(-c6cccc7cc[nH]c67)cc5C4)cc3)c2C1
C1=CC(c2ccc3nc4c(cc3c2)CCCC4)=CCC1
C1=CC(N(Cc2ccccc2)Cc2ccccc2)=CC1
c1ccc(-n2ncc3ccccc32)cc1
c1ccc(-n2ncc3ccc(-c4cc5ccccc5[nH]4)cc32)cc1
C(=NCc1ccccc1)c1ccsc1-c1nc2ccccc2[nH]1
C1=Cc2c(ccc3c2C(=Cc2ccccc2)OC2=C3CC(Nc3ccccc3)=C2)NC1
O=S(=O)(Nc1ccccc1)c1ccccc1
C1=CCC2CC(c3c(Oc4ccccc4)ccc4cc[nH]c34)CCC2=C1
O=S(=O)(Nc1ccc(-c2ccc3c(cnn3C3=C[SH]=CC=C3)c2)cc1)c1ccccc1
c1ccc(C2Cc3ccccc3CC2c2cccc3cc[nH]c23)cc1
c1ccc(-c2cccc3ccn(-c4cccc5cc[nH]c45)c23)cc1
C1=CC(C2Oc3ccccc3-c3ccc(CCc4c[nH]c5ccccc45)cc32)=CC1
c1ccccc1
c1ccc(OCC(Oc2ccc3c(cnn3-c3ccccc3)c2)c2ccccc2)cc1
c1ccc(CCc2ccccc2)cc1
c1ccc(Oc2ccccc2)cc1
c1ccc(CCC(Oc2ccc3c(cnn3-c3ccccc3)c2)c2cccnc2)cc1
c1ccc(-c2ccc3c(cnn3-c3ccccc3)c2)cc1
c1ccc(-c2ccccc2)cc1
c1ccc(CNCc2[nH]c3ccccc3c2-c2nccs2)cc1
c1ccc2[nH]c(CCCCc3cccc4cnccc34)cc2c1
C1=Cc2c(ccc3c2C(=Cc2ccccc2)Oc2ccccc2-3)NC1
c1ccc(CCCCCc2ccccc2)cc1
C1=C(c2ccccc2)CC(c2cccc3cc[nH]c23)=C1
C1=Cc2c(ccc3c2C(CCc2ccccc2)Oc2ccccc2-3)NC1
C1=C(CC(CCc2ccccc2)Cc2ccccc2)c2ccccc2C1
C1=Cc2c(ccc3c2C(=Cc2ccc4c(c2)NCC4)Oc2ccccc2-3)NC1
c1csc(-c2c[nH]c3c(-c4cccc5cc[nH]c45)cccc23)c1
C(=C1Oc2ccccc2-c2ccc3ncccc3c21)c1ccccc1
C1=CCC(C=C2Oc3ccccc3-c3ccc4c(c32)C=CCN4)C=C1
N=C1C=CCc2ccc(-c3cccc4cc[nH]c34)cc21
C1=Cc2c(ccc3c2C(=Cc2ccccc2)Oc2ccccc2-3)NC1
C=C(Nc1cccc2c1cnn2C1=CCCC=C1)c1cccc2cc[nH]c12
C1=CC(c2ccc3c(c2)CCCN3)=C(c2cccc3cc[nH]c23)C1
c1ccc2c(c1)CCCC2CCCNc1cccc2ncccc12
c1ccc(-c2ccccc2)cc1
c1ccc(Cc2ccc3c(c2)COc2ccccc2-3)cc1
c1ccc(CN(Cc2ccsc2)c2ccccc2)cc1
C1=NCC(c2ccccc2)C(c2cccc3cc[nH]c23)=C1
c1ccc2c(c1)CCCC2CCSc1c[nH]c2ccccc12
C1=CC(CCCCc2cc3cnccc3[nH]2)=C(c2ccccc2)C1
c1ccc2c(c1)CCCC2CCc1ccsc1
c1ccc(-c2cccc3cc[nH]c23)cc1
O=C(NCc1ccccc1)c1ccccc1
C=C1Oc2ccccc2-c2ccc3c(c21)C=CCN3
C1=CC(c2ccc3c(cnn3-c3ccccc3)c2)=CC1
c1ccc(CCC2CCNc3ccc(-c4cccc5cc[nH]c45)cc32)cc1
O=S(=O)(Nc1ccc(C2CCc3ccccc3C2)cc1)c1ccccc1
C(=C1Oc2ccccc2-c2ccc3c(c21)=CCCC=3)c1ccc(-c2ccccc2)cc1
C1=Cc2c(ccc3c2C(=CCC2CCCCC2)OC2=CCC=C23)NC1
O=C(Nc1ccccc1)c1cccc(-n2ncc3ccccc32)c1
C1=Cc2c(ccc3c2C(=Cc2ccccc2)Oc2ccccc2-3)NC1
C1=CCC(C=C2Oc3ccccc3-c3ccc4c(c32)C=CC(c2ccccc2)N4)=C1
O=S(=O)(Nc1ccccc1)c1ccccc1
c1ccc(CCCCc2cc3ccncc3s2)cc1
C=C1Oc2ccccc2-c2ccc3c(c21)C=CCN3
c1ccc(CNCc2ccccc2)cc1
C1=Cc2c(ccc3c2C(=Cc2cccs2)Oc2ccccc2-3)NC1
c1ccc(CCONc2cccc3c2cnn3-c2ccccc2)cc1
C=C1Oc2ccc3[nH]ccc3c2-c2ccc3c(c21)C=CCN3
c1ccccc1
C1=Cc2c(ccc3c2COc2ccccc2-3)NC1
C(=C1Oc2ccccc2C2=CCCC=C12)c1ccccc1
c1ccc(CCc2cc3ccccc3[nH]2)cc1
c1ccc(-c2c[nH]c3ccccc23)cc1
c1ccc(-c2ccccc2)cc1
c1ccc(NCc2ccc(Oc3ccccc3)cc2)cc1
O=C(Nc1ccccc1)OC1CNc2ccc(-c3cccc4cc[nH]c34)c(OC(=O)c3ccco3)c2C1
c1ccc(-c2cccc3c2cnn3-c2ccccc2)cc1
c1ccc(-c2ccccc2)cc1
O=S(=O)(Nc1ccc(-c2ccc3[nH]ncc3c2)cc1)c1ccsc1
C1=Cc2c(ccc3c2C(=CC2=CC=NN(c4ccccc4)C2)Oc2ccccc2-3)NC1
C1=CCC(c2ccccc2Cc2ccccc2)=C1
c1ccc(CN(Cc2c[nH]c3ccccc23)c2ccccc2)cc1
c1ccc(CCCCn2ncc3ccccc32)cc1
c1ccc(CCC(CNc2ccccc2)Cc2ccccc2)cc1
c1ccc(Cc2ccc3c(cnn3-c3ccccc3)c2)cc1
N=C1CCNc2ccc(-c3cccc4cc[nH]c34)cc21
c1ccc(-c2cccc3cc[nH]c23)cc1
c1ccc(-n2ncc3cc(-c4ccc5c(c4)OCO5)ccc32)cc1
C1=C(SCCC2CCCc3ccccc32)c2ccccc2C1
c1ccc(-c2cccc3c2cnn3-c2ccccc2)cc1
c1ccc(-c2cccc3cc[nH]c23)cc1
c1ccc(-c2ccc3c(cnn3-c3ccco3)c2)cc1
c1ccc(Cc2ccc3cnn(-c4ccccc4)c3c2)cc1
C1=Cc2c(ccc3c2C(=Cc2ccccc2)Oc2ccccc2-3)NC1
O=S(=O)(Nc1ccccc1)c1ccc(C2CCC3=CC=CC3C2)cc1
O=S(=O)(Nc1ccccc1)c1ccccc1
c1ccc(-c2cccc3cc[nH]c23)cc1
c1ccc(-n2ncc3ccccc32)cc1
C1=C2CCCC(Cc3csc4ccccc34)C2Cc2cnn(-c3ccccc3)c21
C1=CC(c2cccc3c2cnn3-c2ccccc2)=CC1
C1=Cc2c(ccc3c2C(=Cc2ccccc2)OC2=CCC=C23)NC1
N=C1CCNc2ccc(-c3cccc4ncccc34)cc21
C1=CC2=C(C1)c1ccc3[nH]c4cccc-4cc3c1C(=Cc1cccs1)O2
c1ccc(CN(Cc2cccc3cnccc23)c2ccccc2)cc1
c1ccc2c(c1)CCCC2CCCCc1cc2ccccc2[nH]1
c1ccccc1
c1cnc2ccc(-c3cccc4cc[nH]c34)cc2c1
C1=CC(CCCCc2cc3ccccc3[nH]2)=CC1
C(=Cc1cccs1)c1ccccc1
c1ccc(-c2ccc3c(cnn3-c3ccccc3)c2)cc1
C1=CC(C(Cc2ccccc2)c2ccc3c(cnn3-c3ccccc3)c2)=CCC1
C(=C1Oc2ccccc2-c2ccc3ncccc3c21)c1ccccc1
N=C1C=CCc2ccc(-c3cccc4cc[nH]c34)cc21
c1ccc(-c2ccc3c(cnn3-c3ccccc3)c2)cc1
C1=Cc2ccc(-c3cccc4cc[nH]c34)cc2C1=NOCc1cccc2cc[nH]c12
N=C1CC(Cc2ccccc2)Nc2ccc(-c3cccc4cc[nH]c34)cc21
C1=Cc2cccc(-c3cc(-n4ncc5c(NC6CCCCC6)cccc54)c[nH]3)c2C1
c1ccc(-c2c[nH]c3ccccc23)cc1
c1ccc(-c2ccnc3ccccc23)cc1
C1=Cc2c(ccc3c2C(=Cc2cccs2)Oc2ccccc2-3)NC1
O=S(=O)(Nc1ccc2c(c1)C(c1ccccc1)Oc1ccccc1-2)c1cccc2cc[nH]c12
O=C(Nc1ccccc1)OC1CNc2ccc(-c3cccc4cc[nH]c34)cc2C1
c1ccc(CCC(c2ccccc2)c2cccc3c2OCC3)cc1
C1=Cc2c(ccc3c2C(=Cc2cccs2)Oc2ccccc2-3)NC1
C1=Cc2c(ccc3c2C(=Cc2cccnc2)Oc2ccccc2-3)NC1
C1=Nc2c(cccc2-c2ccc3c(c2)C(=NOc2ccccc2)CCN3)C1
c1ccc(C2CNc3ccc(-c4cccc5cc[nH]c45)cc3C2)cc1
C1=CC2C(=Cc3cccc(Cc4ccccc4)c3)Oc3ccccc3C2=C1
c1ccc(CCCCc2cc3ccccc3[nH]2)cc1
C1=C2CCCC(Cc3cc4ccccc4s3)C2Cc2cnn(-c3ccccc3)c21
C1=Cc2c(ccc3c2C(=Cc2cccs2)Oc2ccccc2-3)NC1
O=C(CC(CCc1ccccc1)Cc1cc2ccccc2[nH]1)Sc1nc2ccccc2o1
C1=CCC(c2cccc(-c3ccsc3)c2)=C1
O=C1CNc2ccc(-c3cccc4cc[nH]c34)cc2C1
c1ccc(-c2c[nH]c3ccccc23)cc1
c1ccc2c(-c3ccsc3)csc2c1
c1ccc(Oc2c[nH]c3ccccc23)cc1
O=S(=O)(CC1Oc2ccccc2-c2ccc3c(c21)C=CCN3)c1ccccc1
C1=Cc2c(ccc3c2C(=Cc2ccccn2)Oc2ccccc2-3)NC1
N=C1CCNc2ccc(-c3ccccc3Nc3ccccn3)cc21
O=C(COc1ccc2ccccc2c1)Cc1cccc2c1OCC2
C1=Cc2c(ccc3c2C(=Cc2ccccc2)Oc2ccccc2-3)NC1
O=C(c1ccsc1C=C1Oc2ccccc2-c2ccc3ncccc3c21)N1C=CCC1
C1=C2OC(=Cc3ccccc3)c3c(ccc4[nH]ccc34)C2=CC1
c1ccc(CCc2ccccc2)cc1
c1ccc2c(c1)CCCC2CCCc1ccnc2ccccc12
c1cc(-c2ccc3c(c2)CC(c2cccc4cc[nH]c24)CN3)c2[nH]ccc2c1
C1=Cc2c(ccc3c2C(=Cc2cccc4c2OCOC4)Oc2ccccc2-3)NC1
C1=CC(CN(Cc2ccccc2)c2ccccc2)=CC1
C1=Cc2c(ccc3c2C(=Cc2ccccc2)Oc2ccccc2-3)NC1
c1ccc(Cc2ccc3c(cnn3-c3ccccc3)c2)cc1
O=S(=O)(NCCCCCCc1ccccc1)c1ccccc1
C1=Cc2c(ccc3c2C(=Cc2cccs2)Oc2ccccc2-3)NC1
C=C1OC2=C(CC=C2)c2ccc3c(c21)C=CCN3
C1=C2OC(=Cc3ccccc3)c3cnccc3C2=CN(c2ccccc2)C1
c1ccc(NCOc2ccccc2)cc1
c1ccc(-c2ccc3c(cnn3-c3ccccc3)c2)cc1
c1cc(CCCCc2ccc3c(c2)CCCC3)c2c(c1)CCO2
C1=C(c2cccc(-c3ccccc3)c2)c2[nH]ccc2C1
c1ccc(-c2cccc3cc[nH]c23)cc1
O=C(CSc1nc2ccccc2s1)C1=CCC(c2cccc3c2N=C2CCCCC23)=C1
O=S(=O)(Cc1ccccc1)c1ccc(C2=CC=CC2)cc1
C1=CC(C(Cc2ccccc2)Cc2cc3ccccc3[nH]2)=CC1
C=C1Oc2ccccc2-c2ccc3c(c21)C=CCN3
C1=C(c2ccccc2)CCC1
c1ccc(C2CCNc3ccccc32)cc1
C1=Cc2c(ccc3c2C(=Cc2ccccc2)OC2=C3C=CC2)NC1
C1=CC(N(Cc2ccccc2)Cc2ccc(OC3=CCCN=C3)cc2)=CCC1
c1ccc(CCCCc2cc3ccncc3[nH]2)cc1
O=S(=O)(Nc1ccc(-c2ccc3c(cnn3-c3ccccc3)c2)cc1)C1=CC=CC1
C1=Cc2c(ccc3c2C(=Cc2ccccc2)Oc2ccccc2-3)NC1
c1ccc(Nc2ccccc2)cc1
c1ccc(-n2ncc3c(OCCNc4cccc5cc[nH]c45)cccc32)cc1
C1=Cc2c(ccc3c2C(=Cc2ccccc2)Oc2ccccc2-3)NC1
C1=C(CCCc2ccccc2)Cc2sccc21
C1=CC2=C(C1)OC(=Cc1ccccn1)c1c2ccc2c1C=CC(c1ccccc1)N2
C(=C1Oc2ccccc2-c2ccc3ncccc3c21)c1cccs1
c1ccc(CNc2ccccc2-c2ccccn2)cc1
C1=CCC2=C(CSc3nc4ccccc4o3)c3c(ccc4c3C=CCN4)C2=C1
C1=Cc2c(ccc3c2C(=Cc2cccs2)Oc2ccccc2-3)NC1
c1ccc(-n2ncc3cc(Oc4cccnc4)ccc32)cc1
c1ccc(Nc2ccccc2)cc1
O=S(=O)(Nc1cccc2c1cnn2-c1ccccc1)c1ccccc1
C(=C1Oc2ccccc2-c2ccc3ncccc3c21)c1ccccc1
C1=CC(c2ccc3c(cnn3-c3ccccc3)c2)=CC1
C(=C1Oc2ccccc2-c2ccc3c(c21)CCCC3)c1ccccc1
c1ccc(NCCc2cc(-c3ccccc3)cc3cc[nH]c23)cc1
O=C1C=C2CCC3C4CC=CC4CC(c4ccc(Nc5ccccc5)cc4)C3C2CC1
C1=Nc2ccc3c(c2CC1)C(=Cc1ccccc1)Oc1ccccc1-3
C1=Cc2c(ccc3c2C(=Cc2ccccc2)OC2=C3C=CC2)NC1
C1=CC(NCc2ccc(Oc3ccccc3)cc2)=CC1
C1=C2OC(=Cc3ccccc3)c3c(ccc4[nH]ccc34)C2=CC1
c1ccccc1
C1=CSC(C=C2Oc3ccccc3-c3ccc4c(c32)C=CCN4)=CC1
C1=C(n2ncc3ccccc32)Cc2cc(-c3cccc4cc[nH]c34)ccc2N1
C1=Nc2ccc3c(c2C1)C(=CCc1ccccc1)Oc1ccccc1-3
C=C1Oc2ccccc2-c2ccc3c(c21)C=CCN3
O=C(Nc1cccc2cc[nH]c12)c1ccccc1
C1=CC(c2ccc3c(cnn3-c3ccccc3)c2)=CCC1
C1=Cc2c(ccc3c2C(=Cc2ccccc2)Oc2ccccc2-3)NC1
c1ccc(-n2ncc3ccccc32)cc1
O=C(NCC(Oc1ccc2c(cnn2-c2ccccc2)c1)c1ccccc1)c1ccccc1
C1=CCC(c2ccc(Cc3ccccc3)cc2)=C1
c1ccc(-c2c[nH]c3ccccc23)cc1
C(=Cc1ccccc1)C1=CCNC(CCCCc2ccccc2)=C1
C(=C1Oc2ccccc2-c2ccccc21)c1ccccn1
c1ccc(-c2ccccc2)cc1
C=C1Oc2ccccc2-c2ccc3c(c21)C=CCN3
c1ccc(CCc2ccc3c(c2)CCCN3)cc1
C1=CC(CNc2ccccc2-c2ccccc2)=C(c2ccccc2)C1
c1ccc(CN(Cc2ccccc2)c2ccccc2)cc1
C1=CCC2C(=C1)c1ccccc1OC2c1cccc(-c2ccccc2)c1
c1ccc(CCCc2ccccc2)cc1
C(=C1Oc2ccccc2-c2ccccc21)c1ccsc1
C1=Cc2c(ccc3c2C(=Cc2ccccc2)Oc2ccccc2-3)NC1
C=C1Oc2ccccc2-c2ccc3c(c21)C=CCN3
c1ccc(-c2cccc3ccsc23)cc1
C1=C(c2ccccc2)c2c(ccc3c2C(=Cc2cccs2)Oc2ccccc2-3)NC1
c1ccc(CCOc2ccc3ccccc3n2)cc1
c1ccc2c(c1)cnn2-c1ccc(Cc2c[nH]c3ccccc23)cc1
c1ccc(CCNc2cccc3c2cnn3-c2ccccc2)cc1
C1=CC2C(=Cc3cccc(-c4cccnc4)c3)Oc3ccccc3C2=C1
c1ccc(CCNCCc2ccccc2)cc1
C1=Cc2c(ccc3c2C(=Cc2ccccc2)Oc2ccccc2-3)NC1
c1ccc(CN(c2ccccc2)c2ccccc2)cc1
c1ccc(CCc2ccccc2)cc1
C(=Cc1cccc2cc[nH]c12)c1ccc2[nH]ccc2c1
O=C(Nc1ccccc1)OC1CNc2ccc(-c3cccc4cc[nH]c34)cc2C1
c1ccc(CC(Oc2ccc3c(cnn3-c3ccccc3)c2)c2ccccc2)cc1
C1=CC(c2cccc(C=C3Oc4ccccc4-c4cccnc43)c2)=CC1
O=C1C=C2CCC3C(=C2CC1)C(c1ccc(-c2ccccc2)cc1)CC1CC=CCC13
C1=Cc2cc(-c3cccc4c(-c5ccccc5)c[nH]c34)ccc2NC1
C1=CCC(CN(CCCCc2ccccc2)c2ccccc2)=C1
C(=C1Oc2ccccc2-c2ccccc21)c1cccs1
C1=C(n2ncc3cc(Cc4ccccc4)ccc32)c2ccccc2CC1
c1ccc(-n2ncc3c4c(ccc32)-c2ccccc2OC4)cc1
c1ccc(Cc2ccc3c(cnn3-c3ccccc3)c2)cc1
O=S(=O)(Nc1ccc2c(c1)C(c1ccccc1)Oc1ccccc1-2)c1ccnc2ccccc12
C1=CC(Oc2ccccc2)Nc2ccc3c(c21)C(=Cc1ccccn1)Oc1ccccc1-3
c1ccc(CCCC(c2ccccc2)c2ccccc2)cc1
c1ccccc1
c1ccc(-c2ccccc2)cc1
c1ccccc1
c1ccc(CCCCn2ccc3ncccc32)cc1
c1ccc(COc2ccc3c(cnn3-c3ccccc3)c2)cc1
c1ccc(-c2c[nH]c3ccccc23)cc1
C1=C(CCCc2ccccc2)CCC1
c1ccc(-c2cccc3c2cnn3-c2ccccc2)cc1
c1ccc(COc2ccc3c(cnn3-c3ccccc3)c2)cc1
c1ccc(Cc2ccc3c(cnn3-c3ccccc3)c2)cc1
c1ccc(OC(Cc2ccc3c(cnn3-c3ccccc3)c2)c2cccnc2)cc1
c1ccc(-c2cccc3c2CCCN3)cc1
C1=CCC(CCC(CC2=CCc3ccccc32)Cc2ccccc2)=C1
c1ccc(CCc2cc3ccccc3[nH]2)cc1
C1=Nc2ccc(-c3ccccc3)cc2C(CSCCc2cccc3cc[nH]c23)C1
c1ccc(CCC(Cc2cc3ccncc3[nH]2)c2ccccc2)cc1
C(=Cc1ccccc1)c1ccccc1
c1ccc(-c2ccccc2)cc1
c1ccc(CN(Cc2ccccc2)c2ccccc2)cc1
c1ccc2[nH]c(CCCCc3cccc4cc[nH]c34)cc2c1
c1ccccc1
C1=CC(C2=CCNc3ccc4c(c32)COc2ccccc2-4)=CCC1
c1ccc(-c2c(-c3cccc4cc[nH]c34)ccc3c2CCCN3)cc1
C1=Cc2c(ccc3c2C(=CC2=Nc4ccccc4C2)Oc2ccccc2-3)NC1
C1=C2CCCC(CC3CCCc4ccccc43)C2Cc2cnn(-c3ccccc3)c21
C1=Cc2c(ccc3c2C(=Cc2ccccc2)Oc2ccccc2-3)NC1
C(=C1Oc2ccccc2C2=CCCC=C12)c1ccccc1
C1=CC(CON=Cc2c(-c3cccc4cc[nH]c34)ccc3c2CC(c2ccccc2)CN3)=NCC1
c1ccc(C(c2ccccc2)c2cccc3c2OCC3)cc1
c1ccc(CCCCc2cc3ccccc3[nH]2)cc1
C1=Cc2c(ccc3c2C(=Cc2ccccc2)Oc2ccccc2-3)NC1
C1=Cc2c(ccc3c2COc2ccccc2-3)NC1
C1=CCC(c2cccc3c2cnn3-c2ccccc2)=CC1
C1=CCC(CNCc2ccc(Oc3ccccc3)cc2)C=C1
c1ccccc1
O=c1cc1Oc1ccc(CN(Cc2ccccc2)c2ccccc2)cc1
C1=CC(CNc2ccccc2-c2ccccc2)=C(c2ccccc2)C1
c1ccc(Oc2cccc3c2-c2ccccc2CO3)cc1
C1=CCC(Oc2ccc(CN(Cc3ccccc3)c3ccccc3)cc2)=C1
C(=C1Oc2ccccc2-c2ccccc21)c1ccccn1
O=C(c1ccsc1C=C1Oc2ccccc2-c2ccc3ncccc3c21)N1C=CCC1
c1ccc(C2CCc3ccccc3N2)cc1
c1ccc(Cc2ccc(-c3cccc4cc[nH]c34)cc2)cc1
O=C(Cc1ccccc1)c1ccccc1
O=C(Nc1ccccc1)C1=Nc2ccccc2C1
O=C1OCc2cc(NC(=O)C(CCc3ccccc3)(CC3CCCCC3)c3cnc4[nH]ncc4c3)ccc21
c1ccc(CCCCc2cc3ccccc3[nH]2)cc1
C1=C2CCCCC2Cc2cnn(-c3ccc(-c4ccccc4)cc3)c21
c1ccc(OC(Cc2ccc3c(cnn3-c3ccccc3)c2)c2cccnc2)cc1
c1cc(-c2cccc3cc[nH]c23)c2[nH]ccc2c1
O=C1CNc2c(cc(-c3ccnc4ccccc34)c3c2CCC3)C1
C1=Cc2c(ccc3c2C(=CC2=CSC=CS2)Oc2ccccc2-3)NC1
C(=C1Oc2ccccc2-c2ccc3ncccc3c21)c1cc2ccccc2s1
c1ccc(-c2ccc3c(cnn3-c3ccccc3)c2)cc1
c1ccc(-n2ncc3ccccc32)cc1
c1ccc(CCCCn2ccc3ncccc32)cc1
c1ccc(Cc2[nH]c3ccccc3c2-c2cc3cccnc3[nH]2)cc1
c1ccccc1
C1=CC2=C(CC1)OC(=Cc1cccs1)c1c2ccc2c1C=CCN2
c1ccc(-c2ccc3c(c2)CCCN3)cc1
c1ccc(CC2Oc3ccccc3-c3ccc4ncccc4c32)cc1
c1csc(C2CCc3cc(CCCCC4CCCc5ccccc54)ccc3N2)c1
C1=C2OC(=Cc3ccccc3)c3c(ccc4nc5c(cc34)CCN5)C2=CC1
c1ccc(CNCc2ccccc2)cc1
C1=C(CCCCc2cc3ccccc3[nH]2)CC(c2ccccc2)=C1
c1ccc(OC2CCCCC2)cc1
c1ccc(CCC(Cc2ccccc2)Cc2cc3ccccc3[nH]2)cc1
C=C1Oc2ccccc2-c2ccc3c(c21)C=CCN3
C1=Cc2c(ccc3c2C(=Cc2ccccc2)Oc2ccccc2-3)NC1
C1=Cc2c(ccc3c2C(=Cc2ccccc2)Oc2ccccc2-3)NC1
C1=Cc2c(ccc3c2C(=CCc2cccc4cc[nH]c24)Oc2ccccc2-3)NC1
C1=C(CNCC2=CC=C(c3ccccc3)C2)C=C(COc2ccccc2)C1
c1ccc(Cc2ccc3c(cnn3Oc3ccccc3)c2)cc1
C1=Cc2c(ccc3c2COC2=C3C(c3cccc4cc[nH]c34)=CC2)NC1
c1ccc(CCCCc2cc3ccccc3[nH]2)cc1
C1=CCC(CCCCC2=CCC=C2)=C1
C1=Cc2c(C=C3Oc4ccccc4-c4ccc5c(c43)CC=N5)cccc2NC1
c1ccc(CCc2cccc(-c3ccsc3)c2)cc1
C1=Cc2c(ccc3c2C(=Cc2cccs2)Oc2ccccc2-3)NC1
c1ccc(C(Oc2ccc3[nH]ncc3c2)c2ccccc2)cc1
c1ccccc1
c1ccc(ON=C2CCNc3ccc(-c4cccc5cc[nH]c45)cc32)cc1
c1cnc2ccc(-c3cccc4cc[nH]c34)cc2c1
C1=C2CCCC(Cc3ccccc3)C2Cc2cnn(-c3ccccc3)c21
c1ccc(Oc2cccc3cc[nH]c23)cc1
c1cc(-n2ccc3cccc(N4CCCCC4)c32)c2[nH]ccc2c1
O=C(Nc1ccccc1)OC1CNc2ccc(-c3cccc4cc[nH]c34)cc2C1
O=C1C=C2CCC3C(=C2CC1)C(c1ccc(NCc2ccccc2)cc1)CC1CCCC13
c1ccc(-c2cccc3[nH]ccc23)cc1
c1ccc(CCCCCCc2ccccc2)cc1
C(=C1Oc2ccccc2-c2ccccc21)c1cccs1
c1ccc(-c2cccc(-c3ccccc3)c2)cc1
c1ccc(CCCOC2=C(c3ccccc3)CCN2)cc1
C1=Cc2c(ccc3c2COc2ccccc2-3)NC1
N=C1CCNc2ccc(-c3cccc4cc[nH]c34)cc21
c1ccc2sc(NCc3cccc4cc[nH]c34)cc2c1
O=S(=O)(c1ccc(-c2ccccc2)cc1)c1ccsc1
O=S(=O)(Cc1ccccc1)Nc1ccc(-c2ccc3c(cnn3C3=CC=CC3)c2)cc1
c1ccc(-c2cccs2)cc1
c1ccc(-c2ccc3c(c2)CCCN3)cc1
C(=Cc1ccccc1)Oc1ccccc1
c1ccc(C2CCNc3ccc(-c4cccc5cc[nH]c45)cc32)cc1
C1=CC2=C(CC1)OC(=Cc1ccccc1)c1c2ccc2[nH]ccc12
c1ccc(CNCCCCCOc2ccccc2)cc1
c1ccc(OC2CNc3ccc(-c4cccc5cc[nH]c45)cc3C2)cc1
c1ccc(CCOc2ccc3ccccc3n2)cc1
O=C1CNc2ccc(C3=C(c4ccccc4)C=CCS3)cc2C1
C1=C2CCC3C(=C2CCC1)C(c1ccccc1)CC1CCCC13
c1ccc(CNc2c[nH]c3ccccc23)cc1
C1=CCC(CN(Cc2ccccc2)c2ccccc2)=C1
O=C1CNc2ccc(-c3nc4ccccc4s3)cc2C1
c1ccc(Cc2ccc3c(cnn3-c3ccccc3)c2)cc1
c1ccc(COc2ccc3c(cnn3-c3ccccc3)c2)cc1
c1ccc(CCC2CCNc3ccc(-c4cccc5cc[nH]c45)cc32)cc1
C(=C1Oc2ccccc2-c2ccccc21)c1cccs1
c1ccc(OCc2cccc3cc[nH]c23)cc1
c1cc(-c2ccc3c(c2)CCCN3)c2[nH]ccc2c1
O=C(CCc1ccccc1)NCCCNC(=O)c1ccccc1
c1ccc(CNc2cccc3cnccc23)cc1
c1ccc(C2CCc3cc(-c4cccc5cc[nH]c45)ccc3N2)cc1
c1ccc(CN(Cc2ccccc2)c2ccccc2)cc1
O=C(c1ccccc1)c1c[nH]c2ccccc12
C(=Cc1ccccc1)CNc1cccc2c1NC(Cc1ccccc1)=NO2
c1ccccc1
C1=NCCC=C1OCOCc1ccccc1Cc1cc2ccccc2[nH]1
O=C(Nc1cccc(-c2ccccc2)c1)OC1CNc2ccccc2C1
c1ccc(NCC(c2ccccc2)c2ccccc2)cc1
c1ccc2ncc(-c3cccc4cc[nH]c34)cc2c1
C1=CC(c2ccccc2)CC(CCCCc2ccccc2)=C1
c1ccc(-n2ncc3ccccc32)cc1
C=C1Oc2ccccc2-c2ccc3c(c21)C=CCN3
c1ccc2c(c1)CCCC2CCC(Cc1cc2ccncc2[nH]1)C1CCCC1
O=C(OC1CNc2ccc(-c3cccc4cc[nH]c34)cc2C1)c1ccccc1
C(=C1Oc2ccccc2-c2ccc3[nH]ccc3c21)c1ccccc1
C1=CC2=C(C1)OC(=Cc1ccccc1)c1c2ccc2[nH]ccc12
c1cc(-c2ccc3c(c2)C(c2cccc4[nH]ccc24)CCN3)c2[nH]ccc2c1
c1ccc(CNc2ccccc2)cc1
c1ccc(C2CCCC2)cc1
c1ccc(-n2ncc3c(CCCCc4cccc5c4OCC5)cccc32)cc1
C1=Cc2c(ccc3c2C(=Cc2ccccc2)OC2=C3C=CC2)NC1
O=S(=O)(Nc1ccc(C2=CCC=C2)cc1)c1ccccc1
c1ccccc1
C1=CC2OC(=Cc3ccccc3-c3ccccc3)c3ccccc3C2=C1
c1ccc(-c2cc3ccccc3[nH]2)cc1
c1ccccc1
c1ccc(-n2ncc3cc(-c4ccc5c(c4)NCC5)ccc32)cc1
c1cnc2ccc(-c3cccc4cc[nH]c34)cc2c1
c1ccc(C(CCCc2cc3ccccc3[nH]2)Oc2ccsc2)cc1
N=C1CCNc2ccc(-c3cccc4cc[nH]c34)cc21
c1ccc(CCCCc2cc3ccccc3[nH]2)cc1
O=S(=O)(NC1C=CC(c2ccccc2)=NC1)c1cccc(OCc2csc3ccccc23)c1
c1cc2c(cc1-c1ccc3c(c1)CCCN3)CCCC2
C1=CC(c2ccc3c(c2)C(CSCCCc2ccccc2)CC=N3)=CC1
C1=CC(c2cccs2)=C(CNCc2ccccc2)C1
C1=CC(CN(Cc2ccccc2)C2=C(c3ccccc3)CC=C2)C=C1
c1ccc(-c2ccccc2)cc1
O=S(=O)(NCCc1c[nH]c2ccccc12)c1ccccc1
c1ccccc1
c1ccccc1
c1ccc(CNc2ccccc2)cc1
C1=CC(C=C2Oc3ccccc3-c3ccc4c(c32)C=CCN4)=CCC1
C1=CC2=C(C1)CCCC2(Cc1cccc2c1NCCC2)C1CCCC1
c1ccc(-c2cccc(CCCCc3cc4nccnc4[nH]3)c2)cc1
C1=CCCC(C=C2Oc3ccccc3-c3ccc4c(c32)C=CCN4)=C1
c1ccc(C2CCc3cc(-c4cccc5cc[nH]c45)ccc3N2)cc1
c1cc(-c2ccc3c(c2)CCCC3)c2[nH]ccc2c1
C1=CC(C2=CN=CC2)Nc2ccc3c(c21)C(=Cc1ccccc1)Oc1ccccc1-3
C1=CC(NC2=Nc3ccc(-c4cccc5[nH]ccc45)cc3C2)=CC1
c1ccc(-c2ccc3c(cnn3CC3CCCCC3)c2)cc1
O=S(=O)(Nc1ccc(C2=CC=CC2)cc1)c1ccccc1
c1ccc(C(CC2CC2)c2ccc3c(cnn3-c3cccc4cc[nH]c34)c2)cc1
C1=CCC(CCNc2cccc3ncccc23)=C1
O=C(NC1CCCCC1)c1ccc(Cc2ccccc2)cn1
C1=NCNc2ccc3c(c21)C(=Cc1ccccc1)Oc1ccccc1-3
c1cc(CCCc2cccc3c2OCC3)c2c(c1)CN=N2
O=S(=O)(Cc1ccc(-c2cccc3cc[nH]c23)cc1)NC1=CCC=C1
O=C(Nc1cccc2cc[nH]c12)c1ccccc1
c1ccccc1
c1ccc(Cc2cccc3c2cnn3-c2ccccc2)cc1
c1cc(C2CNc3ccc(-c4cccc5scnc45)cc3C2)c2cc[nH]c2c1
O=S(=O)(Nc1ccc(-c2ccc3c(cnn3-c3ccccc3)c2)cc1)c1ccsc1
C1=Cc2c(ccc3c2COc2ccccc2-3)NC1
c1ccc2[nH]c(Cc3ccc4c(c3)CCCN4)cc2c1
C1=Cc2cccc(-c3ccc4c(c3)CC(c3ccccc3)=N4)c2C1
C1=C2COc3cccc(-c4cccc5cc[nH]c45)c3C2=CC1
c1ccc(-n2ncc3ccccc32)cc1
c1ccc(Cc2coc3ccccc23)cc1
C1=CCC(C2=CC=CC2C=C2Oc3ccccc3-c3ccc4c(c32)C=CCN4)=C1
O=S(=O)(c1ccccc1)c1ccc(C2CCC3=CCCC=C3C2)cc1
C1=C(C2CC3c4ccc(OCc5cccnc5)cc4CCC3CC2c2ccccc2)CCC1
C1=Cc2c(ccc3c2C(=Cc2cccc4c2OCOC4)Oc2ccccc2-3)NC1
C1=Cc2c(ccc3c2C(=Cc2ccccc2)Oc2ccccc2-3)NC1
O=C(NC1=CC=C(c2ccc3c(cnn3-c3ccccc3)c2)C1)c1ccccc1
C1=CC2=C3C(c4ccccc4)CC4CCCC4C3CCC2=CC1
c1ccc(Cc2cccc3c2cnn3-c2ccccc2)cc1
C1=NCCC2=C1C(CC(CNc1cccc3ncccc13)Cc1csc3ccccc13)CCC2
C1=Cc2c(ccc3c2C(=Cc2ccco2)Oc2ccccc2-3)NC1
c1ccc(CCCCc2cc3ccccc3[nH]2)cc1
c1cc(-n2ncc3cc4c(cc32)CCCC4)ccc1-c1cnoc1
c1ccc(-c2ccccc2)cc1
C1=Cc2c(ccc3c2C(CCc2ccccc2)Oc2ccccc2-3)NC1
c1ccc(Oc2ccccc2)cc1
C1=Cc2c(ccc3c2C(=Cc2ccccc2)Oc2ccccc2-3)NC1
c1ccc(C2CCc3cc(-c4cccc5cc[nH]c45)ccc3N2)cc1
C(=C1Oc2ccccc2-c2ccc3ncccc3c21)c1cccs1
c1ccc(-c2cccc3cc[nH]c23)cc1
C(=Cc1ccccc1)CCCCc1ccccc1
C1=Cc2c(ccc3c2C(=Cc2ccccc2)OC2=C3CC=C2)NC1
c1ccc(CNCc2ccc3c(cnn3-c3ccccc3)c2)cc1
O=S(=O)(NCCCc1c[nH]c2ccccc12)c1ccccc1-c1ccccn1
C1=CC(n2ncc3cc(-c4ccccc4)ccc32)=CC1
c1ccc(-n2ncc3ccccc32)cc1
C1=C(CCc2ccccc2OCCc2c[nH]c3ccccc23)NCC1
C1=Cc2c(ccc3c2C(=Cc2ccccc2)Oc2ccccc2-3)NC1
O=C1OCc2cc(-c3ccc(-n4ncc5ccccc54)cc3)ccc21
C1=C(n2ncc3cc(Cc4ccccc4)ccc32)c2ccccc2CC1
c1ccc(-c2ccccc2)cc1
c1ccc(CNc2ccnc3ccccc23)cc1
c1ccc(CNC2CCc3cc(-c4cccc5cc[nH]c45)ccc3N2)cc1
O=S(=O)(Nc1ccc(C2=CC=CC2)cc1)c1ccccc1
c1ccc(OOc2ccc(-c3cccc4c3OCC4)cc2)cc1
c1csc(-n2ncc3cc(Oc4ccc5c(cnn5-c5cccs5)c4)ccc32)c1
C1=CC(CCc2ccccc2)=CC(Sc2nc3ccccc3s2)C1
O=C(Nc1cccnc1)c1ccc2c(c1)CC=C2c1ccc2c(c1)CCCC2
C(=C1Oc2ccccc2-c2ccc3[nH]ccc3c21)c1ccccc1
c1ccc(-c2cc3ccccc3o2)cc1
C1=CCC(c2ccc3c(c2)CCC(CCc2ccccc2)N3)=C1
C1=C(Nc2ccccc2)C2C(=Cc3ccccc3)Oc3ccccc3C2=C1
O=C1C=Nc2c(cc(-c3cccc4cc[nH]c34)cc2N2CCCCC2)C1
O=C(NCC(Oc1ccc2c(cnn2-c2ccccc2)c1)c1ccccc1)c1ccccc1
c1ccc(-c2cccc3cc[nH]c23)cc1
c1cc(-c2ccc3c(c2)CCCN3)c2cc[nH]c2c1
C1=CNc2ccc3c(c2C1)C(=CC1=CC(c2ccccc2)=CC1)Oc1ccccc1-3
C(=C1Oc2ccccc2-c2ccc3[nH]ccc3c21)c1ccccc1
O=S(=O)(Nc1ccccc1)c1ccccc1
c1ccc(-n2ncc3ccccc32)cc1
C1=CCSC(C=C2Oc3ccccc3-c3ccc4c(c32)C=CCN4)=C1
C1=C(c2ccc3c(cnn3-c3ccccc3)c2)NC=C(n2ncc3ccccc32)C1
O=C(C1CCNc2ccc(-c3cccc4cc[nH]c34)cc21)N1CCCCC1
c1cc(-c2ccc3[nH]ncc3c2)c2[nH]ccc2c1
C1=C(c2ccccc2)CC=C1c1c[nH]c2ccccc12
C1=CCCC(c2cccc(CSc3nccs3)c2)=C1
c1ccc(-c2cccc3cc[nH]c23)cc1
O=S(=O)(Nc1ccccc1)c1ccc(-c2ccc3c(cnn3-c3ccccc3)c2)cc1
C1=CCC(c2cc(-c3c[nH]c4ccccc34)cc3c2NCCC3)=C1
c1cc(-c2ccc3c(c2)CCC(c2cccc4cc[nH]c24)N3)c2[nH]ccc2c1
C1=Cc2c(ccc3c2C(=Cc2cccs2)Oc2ccccc2-3)NC1
c1ccc(-c2cccc3cc[nH]c23)cc1
O=C(Nc1ccccc1)OC1CNc2ccc(-c3cccc4cc[nH]c34)cc2C1
c1ccc(C2CCCCC2)cc1
c1ccc(CCCCc2cc3cnccc3[nH]2)cc1
c1ccc(Cc2cccc(-c3cccc4cc[nH]c34)c2)cc1
c1cc(-c2ccc3c(c2)CCCN3)c2[nH]ccc2c1
O=S(=O)(Nc1ccc(-c2ccc3[nH]ncc3c2)cc1)c1ccccc1
C1=CC(n2ncc3cc(C(Cc4ccccc4)c4ccccc4)ccc32)=CC1
c1ccc(-n2ncc3cc(-c4ccc5c(c4)OCO5)ccc32)cc1
c1ccc(Sc2cc(-c3cccc4cc[nH]c34)cc3c2NCCC3)cc1
C=C1Oc2ccccc2-c2ccc3c(c21)C=CCN3
c1ccc(C2=Nc3ccc(-c4cccc5cc[nH]c45)cc3CC2)cc1
O=S(=O)(c1ccccc1)c1ccc(C2=CC=CC2)c(-c2ccccc2)c1
C1=Cc2c(ccc3c2C(=Cc2ccccc2)Oc2ccccc2-3)NC1
c1ccc(-c2cccc3scnc23)cc1
c1ccc(Nc2ccccc2)cc1
c1ccc(-n2ncc3c4cnn(-c5ccccc5)c4ccc32)cc1
C1=C2CCCC(CC(CCSCCc3ccccc3)CNc3cccc4ncccc34)C2=CC1
O=C1CNc2c(cc(-c3cccc4cc[nH]c34)cc2N2CCCCC2)C1
c1ccc(CCC(Oc2ccc3c(cnn3-c3ccns3)c2)c2ccccc2)cc1
c1ccc(ONc2cccc3c2cnn3-c2ccccc2)cc1
C1=Cc2c(ccc3c2C(=Cc2ccccc2)Oc2ccccc2-3)NC1
c1ccc2c(-c3ccc4c(c3)CCCN4)c[nH]c2c1
C1=CC(c2cccc(C=C3Oc4ccccc4-c4cccnc43)c2)=CC1
c1ccc2[nH]c(COC3CNc4ccc(-c5cccc6cc[nH]c56)cc4C3)cc2c1
c1ccc(-c2cccc(-c3cccs3)c2)cc1
C1=CC(CCCc2cnc3ccccc3c2)=CC1
C1=C(CN(Cc2ccccc2)c2ccccc2)CC(Nc2ccccc2)=C1
c1ccc(CCCc2ccccc2)cc1
O=C(NCc1cccc(CCc2cc3ccccc3[nH]2)c1)C1=CCC=C1
c1ccc2c(c1)OC(c1cc3ccccc3[nH]1)c1ccccc1-2
O=C1OCc2cc(NC(=O)C(CCc3ccccc3)CC3CCCCC3)ccc21
c1ccc(-c2ccc3c(c2)CCCC3)cc1
c1ccc(CCCOc2ccccc2-c2ccccc2)cc1
C1=Cc2c(ccc3c2C(=Cc2cccs2)Oc2ccccc2-3)NC1
O=C(Nc1ccccc1)c1ccccc1
C1=Cc2c(ccc3c2C(=Cc2cccs2)Oc2ccccc2-3)NC1
c1ccc(Oc2ccccc2)cc1
c1ccc(CN(Cc2ccccc2)c2ccccc2)cc1
c1ccc(-c2ccccc2)cc1
C1=C2CCC3C4CCCC4CC(c4ccc(N5CCCC5)cc4)C3C2CC1
C1=Cc2c(ccc3c2C(=Cc2cccs2)OC2=C3C=CC2)NC1
C1=CC(OCc2c(-c3ccccc3)ccc3c2CCCN3)=CC1
c1ccc2[nH]c(CCCCc3cccc4cnccc34)cc2c1
c1ccc(CON=C2CC(c3c4c(cc5cc[nH]c35)NCC4)Nc3ccc(-c4cccc5cc[nH]c45)cc32)cc1
c1ccc(CCc2ccc3c(cnn3-c3ccccc3)c2)cc1
O=S(=O)(Cc1ccccc1)Nc1ccccc1
O=S(=O)(NCCSc1ccccc1)c1ccc(-c2ccccc2)cc1
O=C(Nc1ccccc1)c1ccc(OOc2cccc3c2cnn3-c2ccccc2)cn1
C1=CC(c2cccc(C=C3Oc4ccccc4-c4cccnc43)c2)=CC1
c1ccc(OC2CNc3ccc(-c4cccc5cc[nH]c45)cc3C2)cc1
c1ccc(-c2cccnc2)cc1
C1=CC2CC(c3ccccc3)CCC2=C1
C1=C(C2Oc3ccccc3-c3ccccc32)Cc2ncccc21
c1ccc(-c2cccc3cc[nH]c23)cc1
c1ccc(C(Oc2ccc3c(c2)CCCC3)c2ccccc2)cc1
c1ccc(CCCCc2ccccc2)cc1
c1ccccc1
C1=CC(C=C2Oc3ccccc3-c3ccc4c(c32)C=CCN4)=CCC1
c1ccc2c(c1)CCCC2CCCc1cccc2cc[nH]c12
c1ccc(COc2ccc3c(cnn3-c3ccccc3)c2)cc1
C1=Nc2ccc(-c3cccc4cc[nH]c34)cc2C1=NOCc1ccccc1
c1ccc(-c2cccc3cc[nH]c23)cc1
C1=C2OCc3c(Oc4ccccc4)cccc3C2=CCC1
C1=Cc2c(ccc3c2C(=Cc2cccc4c2OCC4)Oc2ccccc2-3)NC1
c1ccccc1
O=C(c1ccccc1)C(c1ccccc1)N1CCCCC1
O=S(=O)(Nc1ccc(C2=CCc3ccccc32)cc1)c1ccsc1
c1csc(CCc2c[nH]c3ccccc23)c1
c1ccc(CN(CCc2cccc3cc[nH]c23)c2ccccc2)cc1
c1ccc(Nc2cccc3ncccc23)cc1
C1=Nc2ccc(-c3cccc4cc[nH]c34)cc2C1
C1=Cc2c(ccc3c2C(=Cc2ccccc2)Oc2ccccc2-3)NC1
c1ccc(-c2ccccc2)cc1
C(=C1Oc2ccccc2-c2ccccc21)c1cccs1
N=C1CCNc2ccc(-c3csc4ccccc34)cc21
O=C1CNc2c(cc(-c3ccnc4ccccc34)c3c2CCC3)C1c1ccccc1
N=C1CC(C=Cc2ccsc2)Nc2ccc(-c3cccc4cc[nH]c34)cc21
c1ccc(Sc2nc3ccccc3o2)cc1
c1ccc(CCCCN(Cc2ccccc2)c2ccccc2)cc1
C1=CCCC(C=C2Oc3ccccc3-c3ccc4c(c32)C=CCN4)=C1
C1=Cc2c(ccc3c2C(=Cc2ccccc2)Oc2ccccc2-3)NC1
C1=CC(N(Cc2ccccc2)Cc2ccccc2)=CC1
O=C(Nc1ccccc1)OC1CNc2ccc(-c3ccccc3)cc2C1
C1=CC(c2cccc3ccn(-c4cccc5cc[nH]c45)c23)=CC1
O=C(CCC1=CCCCC1)NCc1ccccc1
c1ccc(-n2ncc3c(NCCc4c5c(cc6ccccc46)CCN5)cccc32)cc1
c1ccc(-c2cccc3c2NCCC3)cc1
C=C1Oc2ccccc2-c2ccc3c(c21)C=CCN3
c1ccc(C(CCc2cccc3c2OCC3)Cc2cc3ccccc3[nH]2)cc1
c1ccc2ncc(C3CCCCC3)cc2c1
c1cc(-c2ccc3c(c2)CCCN3)c2[nH]ccc2c1
c1ccc(CNc2ccccc2)cc1
c1cnc2ccc(-c3cccc4cc[nH]c34)cc2c1
c1ccc(CCCCCc2ccccc2)cc1
c1ccc(-c2ccccc2)cc1
O=C1CNc2ccc(-c3cccc4c3N=CC4)cc2C1CC1=CCCc2ccccc21
c1ccc(ON=C2CCNc3ccc(-c4cccc5cc[nH]c45)cc32)cc1
c1ccc(-c2ccccc2)cc1
O=S(=O)(Nc1ccc2c(c1)COc1ccccc1-2)c1ccccc1
O=S(=O)(Nc1ccccc1)c1ccccc1-c1ccccc1
c1ccc(C2CCc3cc(-c4cccc5[nH]ccc45)ccc3N2)cc1
C1=Nc2ccc(C3=CC(Cc4ccc5c(cnn5-c5ccccc5)c4)=CC3)cc2CC1
O=S(=O)(Nc1ccccc1)c1ccccc1
O=S(=O)(NCCCc1c[nH]c2ccccc12)c1ccccc1
c1ccc(-n2ncc3c(-c4ccc5c(c4)OCCO5)cccc32)cc1
C(=C1Oc2ccccc2-c2ccc3ncccc3c21)c1ccccc1
C=C1Oc2cccnc2-c2ccc3ncccc3c21
C1=CC(C(Oc2ccc3c(cnn3-c3ccccc3)c2)c2ccccc2)=CC1
c1ccc(-c2c[nH]c3ccccc23)cc1
c1ccc(Oc2ccccc2)cc1
O=C(Nc1ccccc1)OC1CNc2ccc(-c3ccccc3)cc2C1
C1=Cc2c(ccc3c2C(=Cc2cccs2)Oc2ccccc2-3)NC1
c1cc(ON=C2CCNc3ccc(-c4cccc5cc[nH]c45)cc32)c2[nH]ccc2c1
c1ccc(Cc2ccc3c(cnn3-c3ccccc3)c2)cc1
C1=C(NCc2ccccc2)Cc2ccccc21
C1=Cc2c(ccc3c2C(=Cc2ccccc2)Oc2ccccc2-3)NC1
C(=C1Oc2ccccc2-c2ccc3ncccc3c21)c1ccccc1
c1ccc2c(c1)CCCC2CCCNc1cccc2ncccc12
C1=Cc2cc(-c3ccccc3)ccc2NC1
c1ccc(CCC(Cc2ccccc2)C2CCCC2)cc1
C(=C1Oc2ccccc2-c2ccc3ncccc3c21)c1cccs1
C1=CCCC(C(Oc2ccccc2)c2ccccc2)=C1
C1=CC(c2ccc3c(c2)C(=NOCc2ccccc2)CC=N3)=CCC1
O=C(c1cnc2[nH]ncc2c1)C1CC(c2ccc(-c3ccccc3)cc2)c2ccccc2N1
c1ccc(CC(Oc2ccc3[nH]ncc3c2)c2ccccc2)cc1
C1=CC(c2cccc3cc[nH]c23)Nc2ccc3c(c21)COc1ccccc1-3
c1ccc(-c2ccccc2)cc1
C1=CC(c2cccc(Oc3ccccc3)c2)=CC1
O=C1OCc2cc(-c3ccccc3-c3cccc4cc[nH]c34)ccc21
c1ccc(CN(Cc2ccccc2)c2ccccc2)cc1
c1ccc(CCCCc2cccs2)cc1
C1=C(COc2cccs2)CC(c2ccccc2)=C1
C1=C2CCCC(Cc3ccccc3)C2Cc2cnn(-c3ccc(Cc4ccccc4)cc3)c21
C1=Cc2c(ccc3c2COc2ccccc2-3)NC1
C1=Cc2c(ccc3c2C(=Cc2ccccc2)Oc2ccccc2-3)NC1
N=C1CCNc2ccc(C3=CC(c4ccccc4)=CC3)cc21
c1ccc(-c2cccc3cc[nH]c23)cc1
C1=CCC(c2cccc3cc[nH]c23)C(c2ccc3c(c2)NCC=C3)=C1
C1=NCNc2ccc3c(c21)C(=Cc1cccs1)Oc1ccccc1-3
C1=CCC(CCCCC2=C(CNCc3ccccc3)C=CC2)=C1
c1ccc(Oc2ccccc2)cc1
C=C1Oc2ccccc2-c2ccc3c(c21)CN=N3
c1ccc(CNCc2[nH]c3ccccc3c2-c2ccccc2)cc1
c1ccc(-c2ccnc3ccccc23)cc1
C1=Cc2c(ccc3c2C(=Cc2ccccc2)Oc2ccccc2-3)NC1
c1ccc(CNc2ccccc2)cc1
c1ccc(CNc2cccc3c(-c4ccccc4)ccnc23)cc1
C=C1Oc2ccccc2-c2ccc3c(c21)C=CCN3
c1ccc(-c2cccnc2)cc1
C(=C1Oc2ccccc2-c2ccc3ncccc3c21)c1ccccc1
C1=Cc2c(ccc3c2C(=Cc2cccs2)Oc2ccccc2-3)NC1
c1ccc(Cc2ccccc2)cc1
c1ccc(C2CCNc3ccc(-c4c5c(cc6cc[nH]c46)CCCC5)cc32)cc1
c1ccc(COc2ccc3c(cnn3-c3ccccc3)c2)cc1
C1=C(OCc2ccccc2)CC=C2C(c3ccccc3)CC3CCCC3C12
c1ccc(CCNc2cccc3c2cnn3-c2ccccc2)cc1
c1ccc(CCC(COc2ccccc2)Cc2cc3ccncc3[nH]2)cc1
c1ccc(Oc2ccc(CNc3ccc4c(c3)OCO4)cc2)cc1
C1=Cc2c(ccc3c2C(=Cc2ccccc2)Oc2ccccc2-3)NC1
C1=Cc2c(ccc3c2C(=Cc2cccs2)Oc2ccccc2-3)NC1
O=C(NC1CCCCC1)C(CCc1ccccc1)Cc1ccccc1
C1=CCC(CC2=CCC=C2)C(c2ccc3c(cnn3-c3ccccc3)c2)=C1
C1=CC(c2cccc3cc(-c4ccccc4)[nH]c23)=CC1
C1=C(Oc2cccc(-n3cccc3)c2)C=C(c2cccc3cc[nH]c23)C1
c1ccc(Cc2ccc3c(cnn3-c3ccccc3)c2)cc1
O=S(=O)(NCCc1c[nH]c2ccccc12)c1ccccc1
c1ccc(CCCCn2ccc3ncccc32)cc1
O=S(=O)(NCCNc1cccc2c1cnn2-c1ccccc1)c1ccccc1
c1ccc(Cc2ccccc2)cc1
c1ccc(OCCCCCCc2cc3ccccc3[nH]2)cc1
c1ccc(-c2c[nH]c3ccccc23)cc1
O=S(=O)(c1ccccc1)c1ccc2c(c1)COc1ccccc1-2
C=C1Oc2ccccc2-c2ccc3c(c21)C=CCN3
c1ccc(CCC(Oc2ccc3[nH]ncc3c2)c2ccccc2)cc1
C1=CCCC(c2cccc(-c3ccsc3)c2)=C1
c1ccc(-c2ccccc2)cc1
C1=Cc2c(ccc3c2COC2=CCC=C23)NC1
c1ccc(-n2ncc3ccccc32)cc1
c1ccc(Oc2ccccc2)cc1
O=S(=O)(Cc1ccccc1)NC1=CCNc2ccc(-c3cccc4cc[nH]c34)cc21
c1ccc(C2Oc3ccccc3-c3c(-c4cccc5cc[nH]c45)cc4c(c32)CCN4)cc1
C1=CSC(CC=Cc2ccccc2-c2cccc3cc[nH]c23)=CC1
c1ccc(CN(Cc2ccccc2)c2ccccc2)cc1
N=C1CCNc2ccc(-c3cccc4cc[nH]c34)c(Nc3cccc4ncccc34)c21
c1ccc2[nH]c(CCCc3ccc4c(c3)CCCN4)cc2c1
c1ccc(NCCCC2CCCc3ccccc32)cc1
C1=C(CC(CCc2cnn(-c3ccccc3)c2)Cc2ccccc2)c2ccccc2C1
C1=Cc2cc(C3=CCCCC3)ccc2NC1
c1ccc(C(c2ccccc2)c2ccsc2)cc1
c1ccc2c(c1)OCC1=Nc3c(-c4ccc5c(c4)CCCN5)cccc3C12
O=S(=O)(NCCCc1ccccc1)c1ccccc1-c1ccccc1
C1=Cc2c(ccc3c2C(=Cc2ccccc2)Oc2ccccc2-3)NC1
c1ccc(C(Oc2ccc3c(cnn3-c3ccccc3)c2)N2CCCCC2)cc1
c1ccc(-c2cccc3c2N=NC(c2ccccc2)C3)cc1
c1ccc(Oc2ccccc2)cc1
O=C(NCc1ccccc1)OC1CNc2ccc(-c3cccc4cc[nH]c34)cc2C1
c1ccc(-n2ncc3c(Cn4cnc5ccccc54)cccc32)cc1
C1=Cc2c(ccc3c2COc2ccccc2-3)NC1
c1ccc(CCC(Cc2cc3ccccc3[nH]2)C2CCCC2)cc1
O=S(=O)(Nc1ccccc1)c1ccc(Cc2cc3ccccc3[nH]2)cc1
O=S(=O)(Nc1ccc(C2=CC=CCC2)cc1)c1ccccc1
C1=Nc2c(cccc2-c2ccc3c(c2)CC(OCc2ccc(N4CCCC4)cc2)CN3)C1
c1ccc(Nc2ccccc2)cc1
O=C(Nc1ccccc1)OC1CNc2ccc(-c3cccc4cc[nH]c34)cc2C1
C1=C2OC(=Cc3ccccc3)c3ccccc3C2=CC1
C1=Cc2cc(-c3cccc4cc[nH]c34)ccc2NC1
O=S(=O)(Nc1ccc(-c2ccc3c(cnn3-c3ccccc3)c2)cc1)C1=CCCN=C1
c1ccc(CCCc2ccc3c(cnn3-c3ccccc3)c2)cc1
c1ccc(Cc2cc3ccccc3[nH]2)cc1
C1=Cc2c(ccc3c2COC2=C3C(c3cccc4cc[nH]c34)=CC2)NC1
C1=C(Nc2cc(Nc3ccccc3)c3cn[nH]c3c2)CCCC1
O=S(=O)(Nc1ccccc1)c1ccccc1
N=C1CCNc2ccc(-c3cccc4cc[nH]c34)cc21
c1ccc(-c2cccnc2)cc1
C1=Cc2c(ccc3c2C(=Cc2cccs2)Oc2ccccc2-3)NC1
c1ccc(CCCCc2cc3ccccc3[nH]2)cc1
c1ccc(-c2cccc3c2NCCC3)cc1
c1ccc(CCC(Cc2ccccc2)Cc2cc3ccccc3[nH]2)cc1
C1=Cc2c(ccc3c2C(=Cc2cccs2)OC2=C3C=CC2)NC1
C1=CC(c2ccncc2)Nc2ccc3c(c21)C(=Cc1ccccc1)Oc1ccccc1-3
c1ccc2[nH]ccc2c1
O=S(=O)(Nc1ccccc1)c1ccccc1
C(=Cc1ccc2c(c1)N=CC2)CN(Cc1ccccc1)c1ccccc1
C(=Cc1c(-c2ccccc2)ccc2c1C=NCN2)c1ccccc1
c1ccc(COOC(c2ccccc2)c2ccccc2)cc1
O=S(=O)(NCOCC=C1OC2=CC=CCC2c2ccc3c(c21)C=CCN3)c1ccccc1
c1ccc(-c2cccnc2)cc1
c1ccc(CCCCc2ccccc2)cc1
C1CCCCC1
C(=C1Oc2ccccc2-c2ccccc21)c1ccccc1
C1=NCNc2ccc3c(c21)C(=CCc1ccccc1)Oc1ccccc1-3
c1ccc(-c2ccccc2Cc2cc3ccccc3[nH]2)cc1
c1ccc(-c2cccc3cc[nH]c23)cc1
C1=C(c2ccccc2)CCC(c2ccccc2)=C1
C1=Cc2c(ccc3c2C(=Cc2ccccc2)OC2=C3C=CC2)NC1
C1=Cc2c(ccc3c2C(=Cc2cccs2)Oc2ccccc2-3)NC1
O=C(C=CCCCCc1cccc2c1OCC2)NCc1ccccc1
C(=C1Oc2ccccc2-c2ccc3[nH]ccc3c21)c1ccccc1
C1=C2OC(=Cc3ccccc3)c3ccccc3C2=CC1
c1cc(-c2ccc3c(c2)CCCN3)c2[nH]ccc2c1
C(=C1Oc2ccccc2-c2ccc3[nH]ccc3c21)c1ccccc1
C1=C(Cc2ccsc2)Nc2ccc(-c3ccccc3)cc2C1
c1ccc(OC(Cc2ccc3c(cnn3-c3ccccc3)c2)c2cccnc2)cc1
O=S(=O)(c1ccc(C2=CC=CC2)cc1)N(Cc1ccccc1)C1=CC=CC1
C1=Cc2c(ccc3c2C(=Cc2ccccc2)Oc2cccnc2-3)NC1
c1ccc(CCc2ccc3c(c2)CCCN3)cc1
c1cnc2ccc(-c3cccc4cc[nH]c34)cc2c1
c1ccc2c(c1)CCCC2CC(CNc1cccc2ncccc12)c1cccc2cc[nH]c12
c1ccc(C2CCCc3ccccc32)cc1
c1ccc(CN(Cc2ccccc2)c2ccccc2)cc1
O=C(Cc1ccccc1)c1ccccc1
C(=C1Oc2ccccc2-c2ccc3ncccc3c21)c1ccccc1
c1ccccc1
O=S(=O)(NCCC1C=Cc2c(ccc3c2COc2ccccc2-3)N1)c1ccccc1
C(=C1Oc2ccccc2-c2ccc3[nH]ccc3c21)c1ccccc1
c1ccc(ON=C2CCNc3ccc(-c4cccc5cc[nH]c45)cc32)cc1
C1=C(Cc2cc3cc4c(cc3o2)CNN4C2CCCCC2)CC(c2ccccc2)=C1
C=C1Oc2ccccc2-c2ccc3c(c21)C=CCN3
C1=CCC(n2ncc3cc(C(c4ccccc4)c4ccccc4)ccc32)=C1
O=S(=O)(Nc1ccccc1)c1ccc(C2CCC3=CC=CC3C2)cc1
c1ccc(-c2cccc3c2-c2ccccc2C(c2ccccc2)O3)cc1
O=S(=O)(c1ccccc1)c1ccc(C2=CCCC=C2)cc1
c1ccc(-n2ncc3c4c(ccc32)CCCC4)cc1
C1=C(Cc2cc3ccccc3[nH]2)c2ccccc2NC1
C1=CCC(c2ccc(-c3ccc4[nH]ncc4c3)cc2)=C1
C1=C(c2ccccc2)CC(c2ccccc2)=C1
C(=Cn1ncc2cc(OCCc3ccccc3)ccc21)Oc1ccccc1
c1ccc2[nH]c(-c3cccc4ncccc34)cc2c1
C1=CC(Oc2cccc(-c3cccc4cnccc34)c2)=CC1
C1=C(c2cccc3c2OCC3)c2c(ccc3c2C(=Cc2ccsc2)Oc2ccccc2-3)NC1
c1ccc(-c2ccccc2)cc1
O=C(NC1=CCCC1)ON=C1CCNc2ccc(-c3cccc4cc[nH]c34)cc21
O=C(CCCc1cccc(CN(Cc2ccc(Oc3ccccc3)cc2)c2ccccc2)c1)NCCOC1CCC2C(CCC3C4CCCC4CCC23)C1
c1ccc(CCCCc2ccccc2)cc1
c1ccc(Cc2cc3ccccc3[nH]2)cc1
c1ccc(CCCc2ccc3c(cnn3-c3ccccc3)c2)cc1
c1ccc(Oc2ccccc2)cc1
c1ccc(-c2ccc3c(c2)CCC(c2cccc4cc[nH]c24)C3)cc1
C1=Nc2ccc(-c3cccc4cc[nH]c34)cc2CC1
c1ccc(CCCCc2cc3ccccc3[nH]2)cc1
C1=Cc2c(ccc3c2C(=Cc2ccccn2)Oc2ccccc2-3)NC1
O=C(Nc1ccc(Cc2ccccc2)cc1)OC1CNc2ccccc2C1
c1ccccc1
c1ccc(-n2ncc3ccccc32)cc1
C1=CCCC(CN(Cc2ccccc2)C2=CCC=C2)=C1
c1ccc(CCCCc2ccccc2)cc1
C1=CCC(c2ccc3c(c2)CC(Oc2ccccc2)CN3)=C1
C1=CC(c2ccc3c(c2)C(=NOCc2ccccc2)CC=N3)=CC1
C(=C1Oc2ccc(-c3ccccc3)cc2C2=CCC=C12)c1ccccn1
c1cnc2c(CCc3c[nH]c4ccccc34)cccc2c1
c1ccc(CCC(COc2ccccc2)Cc2cc3ccncc3[nH]2)cc1
C1=Cc2c(ccc3c2C(=Cc2ccccc2)Oc2ccccc2-3)NC1
c1cc(CCCSc2cnc3ccccc3n2)c2c(c1)CCO2
c1ccc(CN(Cc2cccc3cc[nH]c23)c2ccccc2)cc1
O=C(NCc1ccccc1)c1cnc2ccccc2c1
O=S(=O)(NCCCc1cccc(-c2cccc3cc[nH]c23)c1)c1ccccc1
c1ccc(CCC2CCCc3ccccc32)cc1
c1ccc(C2Oc3ccccc3-c3ccccc32)cc1
C1=c2cccc(-c3cc(-c4cccc5cc[nH]c45)cc4c3NCCC4)c2=CCC1
C1=CCCC(c2ccc3c(cnn3-c3ccccc3)c2)=C1
c1ccc(CNCc2ccccc2)cc1
O=C1OCc2cc(NC(=O)C(CCc3ccccc3)Cc3ccccc3)ccc21
c1ccc(-c2ccccc2)cc1
c1ccc2ccccc2c1
O=C(NCc1ccccc1)c1cnc2[nH]ncc2c1OC1=CC=C(CNCc2ccccc2)C1
c1ccc(Cc2ccc3[nH]ncc3c2)cc1
c1ccc(-c2ccccc2)cc1
c1ccc(Sc2ccc3ccccc3n2)cc1
C1=CC2CC(c3ccc(Cc4ccccc4)cc3)CCC2=C1
c1ccc(CCCCc2cc3cc4cnn(-c5ccccc5)c4cc3[nH]2)cc1
c1ccc(CCC(Cc2cc3ccccc3[nH]2)C2CCCC2)cc1
C1=CCC2C(=C1)OC(=Cc1ccccc1)c1c2ccc2c1C=CCN2
c1ccccc1
C1=CSCC(C=C2Oc3ccccc3-c3ccc4c(c32)C=CCN4)=C1
c1ccc(Cc2cc3ccncc3[nH]2)cc1
c1ccc(CCCCc2cccc3cc[nH]c23)cc1
O=C(NCC(c1ccccc1)C(Oc1ccc2[nH]ncc2c1)c1ccccc1)c1ccccc1
c1ccc(Oc2ccccc2)cc1
c1ccc(Cc2ccccc2)cc1
c1ccc(-n2ncc3c(-c4ccc5[nH]ncc5c4)cccc32)cc1
C(=CNc1cccc2ncccc12)CCNCCc1ccccc1
O=C(Nc1ccccc1)OC1CNc2ccc(-c3cccc4cc[nH]c34)cc2C1
C=C1Oc2ccccc2-c2ccc3c(c21)C=CCN3
C1=Cc2c(ccc3c2C(=CC2CCCC4=C5CCCCC5=NC42)Oc2ccccc2-3)NC1
c1cncc(-c2ccccc2-n2ccc3ccccc32)c1
c1ccccc1
c1ccc(CCC(Cc2cc3ccccc3[nH]2)C2CCCC2)cc1
C(=C1Oc2ccccc2C2=CCC=C12)c1ccccc1
c1ccc(-c2ccsc2)cc1
c1ccc(Oc2ccccc2)cc1
O=C1OCc2cc(NC(=O)C(CCc3ccccc3)CC3CCCCC3)ccc21
c1ccc(-c2cc3ccccc3o2)cc1
O=C(Nc1ccccc1)C(CCc1ccccc1)c1ccccc1
C1=CC(CN(Cc2ccccc2)c2ccccc2)=CC1
c1ccc(Cc2cccc3cc[nH]c23)cc1
C(=Cc1cccc2cc[nH]c12)CCc1ccccc1
C(=C1Oc2ccccc2-c2ccc3ncccc3c21)c1ccccc1
C1=CC=C(C=C2Oc3cccc(OC4=CCCC4)c3-c3ccc4c(c32)C=CCN4)[SH]=C1
O=S(=O)(Nc1ccc(-c2ccccc2)cc1)S(=O)(=O)c1ccccc1
O=S(=O)(Nc1ccccc1)c1ccc(C2CCC3=CC=CC3C2)cc1
c1ccc(-c2c[nH]c3ccccc23)cc1
O=C(c1ccsc1C=C1Oc2ccccc2-c2ccc3c(c21)C=CCN3)N1C=CCC1
c1ccc(NC2CCCCC2)cc1
c1ccc2c(c1)NCCC2CSc1ccc2ccccc2c1
c1ccc(-c2ccccc2)cc1
O=S(=O)(NCCNc1cccc2c1cnn2C1=CCCC=C1)c1ccc(-c2ccccc2)cc1
C1=Cc2c(ccc3c2C(=Cc2ccccc2)Oc2ccccc2-3)NC1
c1ccc(CCCCc2cc3ccccc3s2)cc1
C1=Cc2c(ccc3c2C(=Cc2ccccn2)Oc2ccccc2-3)NC1
C1=Cc2c(ccc3c2C(=Cc2ccccn2)Oc2ccccc2-3)NC1
C1=CCC(C2=C(c3cccc4cc[nH]c34)Cc3cc[nH]c32)C(c2ccccc2)=C1
c1ccc(CCCCc2cc3ccncc3s2)cc1
c1ccc(CN(Oc2ccccc2)c2ccccc2)cc1
C1=Cc2c(ccc3c2C(=Cc2cc4cnccc4[nH]2)Oc2ccccc2-3)NC1
C1=Cc2c(ccc3c2C(=Cc2ccco2)Oc2ccccc2-3)NC1
C1=Cc2c(ccc3c2COc2ccccc2-3)NC1
c1ccc(-c2ccccc2CC2CCCc3ccccc32)cc1
C=C1Oc2ccccc2-c2ccc3c(c21)C=CCN3
c1ccc(-c2cccs2)cc1
C1=C(c2ccc(-c3ccsc3)cc2)c2[nH]ccc2CC1
C1=Cc2c(ccc3c2C(=Cc2cccnc2)Oc2ccccc2-3)NC1
c1ccc(-c2cccc3cc[nH]c23)cc1
O=C1CNc2ccc(-c3cccc4cc[nH]c34)cc2C1
C1=NCNc2ccc3c(c21)C(=Cc1ccccc1)Oc1ccccc1-3
C(=C1Oc2ccccc2-c2ccc3[nH]ccc3c21)c1ccccc1
C(=C1Oc2ccccc2-c2ccc3ncccc3c21)c1ccccc1
c1ccc(CNc2ccccc2)cc1
C1=Cc2c(ccc3c2C(=Cc2ccccc2)Oc2cc4c(cc2-3)CCCN4)NC1
O=C1C=C2CCC3C4CCCC4CC(c4ccc(-c5ccccc5)cc4)C3C2CC1
c1ccc(Cc2ccccc2)cc1
c1ccc(CCC2(C3CCCC3)CCCc3ccccc32)cc1
c1csc(C2Oc3ccccc3-c3ccc(Nc4cc5ccncc5[nH]4)cc32)c1
c1ccc(-c2ccccc2)cc1
C1=CC(c2ccc3c(c2)C=CCN3)=CC1
O=C1CNc2ccc(-c3c4c(cc5cc[nH]c35)CCCC4)cc2C1CC1=CC=CC1
c1ccc(Oc2ccccc2)cc1
c1ccc(COc2ccc3c(cnn3-c3ccccc3)c2)cc1
c1ccc(NCCNc2cccc3c2cnn3-c2ccccc2)cc1
C1=Cc2c(ccc3c2C(=Cc2cccs2)Oc2ccccc2-3)NC1
O=S(=O)(c1ccccc1C=C1Oc2ccccc2-c2ccc3ncccc3c21)N1CCCCC1
c1ccc(Oc2cnccc2CCCCc2cc3ccccc3[nH]2)cc1
c1ccc(CCCCc2ccccc2)cc1
C1=CC(N(CC2=CC=C(c3ccccc3)C2)Cc2ccccc2)=CC1
C1=C2OCc3c(Oc4ccccc4)cccc3C2=CC1
c1ccc(CNc2ccccc2)cc1
c1ccc(-c2cccs2)cc1
O=S(=O)(NC(Cc1ccccc1)c1ccccc1)C1=CCCC=C1
O=S(=O)(NC1=CCC=C1)c1ccc(C2=CC=CC2)c(C2=CCC=C2)c1
C1=CCc2c(cccc2-c2ccc3c(c2)C(=NOc2ccccc2)CCN3)C1
c1ccc(CC2CCc3cc(-c4cccc5cc[nH]c45)ccc3N2)cc1
C(=C1Oc2ccccc2C2=CCCC=C12)c1ccccc1
C1=CCC2=C3C(c4ccccc4)CC4CCCC4C3CCC2=C1
c1ccc(ON=C2CCNc3ccc(-c4cccc5cc[nH]c45)cc32)cc1
O=C1CNc2ccc(-c3cccc4cc[nH]c34)cc2C1
O=S(=O)(Nc1ccccc1)c1ccccc1
c1ccc(CNc2ccccc2)cc1
c1ccc2[nH]c(CCc3ccc4c(c3)CCCC4)cc2c1
C1=C(c2ccc3cc[nH]c3c2-c2ccc3c(c2)CCCN3)c2[nH]ccc2C1
c1ccc(-c2cc3ccccc3[nH]2)cc1
c1ccc(CCN=C2CCNc3ccc(-c4cccc5cc[nH]c45)cc32)cc1
c1ccc(-n2ncc3c4c(ccc32)-c2ccccc2OC4)cc1
O=S(=O)(c1ccccc1)c1ccc(C2=CC=CC2)cc1
C1=Nc2c(cccc2-c2ccc(-c3ccccc3)cc2)C1
c1ccc(CCCCCNc2cccc3c2cnn3-c2ccccc2)cc1
c1ccc2ccccc2c1
C1=Cc2c(ccc3c2C(=Cc2cccs2)Oc2ccccc2-3)NC1
c1ccc(C2CCc3ccccc3C2)cc1
O=C(CSc1nc2ccccc2s1)C1=CCC(c2cccc3cc[nH]c23)=C1
C1=Cc2c(ccc3c2C(=Cc2cccc4cc[nH]c24)Oc2ccccc2-3)NC1
c1ccc(-c2ccc3[nH]ncc3c2)cc1
O=C(NC1CCCCC1)c1ccc(OC(c2ccccc2)c2ccccc2)cn1
c1ccc(CN(Cc2ccccc2)c2cccc3c2NCC3)cc1
C(=C1Oc2ccccc2C2=CCC=C12)c1ccccc1
C1=CC(C=C2Oc3ccccc3-c3ccc4ncccc4c32)=CC1
c1ccc(CCCCc2cc3ccccc3[nH]2)cc1
N=C1CCNc2ccc(C3=CCC=C3)c(-c3ccccc3)c21
C1=Cc2c(ccc3c2C(=Cc2cccs2)OC2=Cc4ccccc4NC23)NC1
c1ccc(CC2Oc3ccccc3-c3ccc4ncccc4c32)cc1
c1ccc2c3coc4ccccc4c-3cc2c1
c1ccc(C(Oc2ccc3[nH]ncc3c2)c2ccccc2)cc1
C1=CC(c2ccccc2)C(c2ccc3c(cnn3-c3ccccc3)c2)=C1
C1=CCCC(C=C2OC3=C(C=CC3)c3ccc4c(c32)C=CCN4)=C1
O=C(c1ccc(-c2ccc(-c3cnoc3)cc2)nc1)c1ccco1
c1ccc(C2CCNc3ccc(CCC4CC4)cc32)cc1
c1ccc(-c2ccccc2)cc1
c1ccc(COc2ccc3c(cnn3-c3ccccc3)c2)cc1
O=C(NCc1ccccc1)OC1CNc2ccc(-c3ccccc3)cc2C1
c1ccc(C2CNc3ccc(-c4cccc5cc[nH]c45)cc3C2)cc1
c1ccc(-n2ncc3cc4c(cc32)CCCC4)cc1
c1ccc(NCc2ccc3ccccc3n2)cc1
N=C1C=Cc2ccc(-c3cccc4cc[nH]c34)cc21
c1ccc(-c2cccc3cc[nH]c23)cc1
c1ccc(CNC2CCc3cc(-c4cccc5cc[nH]c45)ccc3N2)cc1
C1=CCC(c2ccc3c(cnn3-c3ccccc3)c2)=C1
c1ccc(-c2cccc3c2CCCC3)cc1
c1ccc(CCCCc2cc3ccccc3[nH]2)cc1
c1ccc(-c2ccnc3ccccc23)cc1
c1ccc(-c2cccc3cc[nH]c23)cc1
C1=Cc2c(ccc3c2C(=Cc2ccccc2)Oc2ccccc2-3)NC1
c1ccc(C(CCCc2cc3ccncc3s2)c2ccccc2)cc1
C1=Cc2c(ccc3c2C(=Cc2ccccc2)Oc2ccccc2-3)NC1
c1ccc(-c2c[nH]c3ccccc23)cc1
c1ccc(CC(Oc2ccc3[nH]ncc3c2)c2ccccc2)cc1
C(=C1Oc2ccccc2-c2ccc3[nH]ccc3c21)c1cccc2cc[nH]c12
O=S(=O)(Nc1ccc(-c2ccc3c(cnn3-c3ccccc3)c2)cc1)C1=CC=CC1
C1=CCCC(CN(Cc2ccccc2)C2=CCC=C2)=C1
O=C(Cc1ccccc1)Nc1ccccc1
c1ccc(-c2ccccc2)cc1
c1ccc(-c2cccc3cc[nH]c23)cc1
C1=CC(C(Oc2ccc3c(cnn3-c3ccccc3)c2)c2ccccc2)=CC1
c1ccc(CN(Cc2ccccc2)c2ccccc2)cc1
O=c1[nH]cccc1-n1ncc2cc(OC(Cc3ccccc3)c3ccccc3)ccc21
c1ccc(COc2ccccc2)cc1
O=C(Nc1ccccc1)OC1CNc2ccc(-c3ccccc3)cc2C1
C1=C2CCCC(CCc3ccccc3)C2Cc2cnn(-c3ccccc3)c21
c1ccc(-c2ccc3[nH]ncc3c2)cc1
c1ccc(-c2cccc3cc[nH]c23)cc1
c1ccccc1
C1=Cc2c(ccc3c2COc2ccccc2-3)NC1
c1ccc(Cc2ccc3c(cnn3-c3ccccc3)c2)cc1
C1=C(CCCCc2ccccc2)c2ccccc2C1
C1=CCC(C=C2Oc3ccccc3-c3ccc4c(c32)C=CCN4)=C1
O=S(=O)(NCCc1ccccc1)c1ccccc1
C1=CC(C=C2Oc3ccccc3-c3ccc4c(c32)C=CCN4)=CCC1
c1cc(-c2ccc3c(c2)CC(c2ccc4c(c2)CCCN4)=N3)c2[nH]ccc2c1
C1=Nc2ccc(-c3cccc4cc[nH]c34)cc2CC1c1cccc2cc[nH]c12
c1ccc(C2CNc3ccc(-c4cccc5cc[nH]c45)cc3C2)cc1
c1ccc(CCCCc2cc3ccccc3[nH]2)cc1
c1ccc(CCCCc2nc3ccccc3o2)cc1
O=C1C=C2CCC3C(Oc4ccc5ccccc5n4)=CC(c4ccccc4)C3=C2CC1
c1cc(-c2ccc3c(c2)CC(c2cccc4[nH]ccc24)CN3)c2[nH]ccc2c1
C1=CC(c2cccc3cc(CCCCc4ccccc4)[nH]c23)=CC1
C(=C1Oc2ccccc2-c2ccc3[nH]ccc3c21)c1ccccc1
c1ccc(-n2ncc3ccccc32)cc1
c1ccc(CCC(c2ccccc2)c2ccc3[nH]ncc3c2)cc1
C1=CCC2C(=C1)OC(=Cc1ccccc1)c1c2ccc2c1C=CCN2
c1ccc(C2CCCC2)cc1
c1ccccc1
C=C1Oc2ccccc2-c2ccc3c(c21)C=CC(c1ccccc1)N3
c1ccc(COc2ccc3c(cnn3-c3ccccc3)c2)cc1
c1ccc(Oc2cccc(Cc3cc4ccccc4[nH]3)c2)cc1
c1ccc(CNc2ccccc2)cc1
c1ccc(-c2nc3ccccc3o2)cc1
c1ccc(CON=C2CCNc3ccc(-c4cccc5cc[nH]c45)cc32)cc1
C1=C(CCc2ccccc2)CCCC1
C1=Cc2c(ccc3c2C(=Cc2ccccc2)Oc2ccccc2-3)NC1
C1=CC(N2Cc3cc(-c4ccccc4)c4c(c3N=N2)CCC4)=CCC1
C1=C(c2ccc3c(cnn3-c3ccccc3)c2)Cc2ccccc2N1
c1ccc(C2=Nc3ccc(-c4cccc5c4N=NC5)cc3C2)cc1
O=S(=O)(Nc1ccccc1)c1ccc(CCCCc2ccccc2)cc1
C1=CC(C=C2Oc3ccccc3-c3ccc4c(c32)C=CCN4)=CCC1
O=S(=O)(Nc1ccccc1)c1ccc(C2=CC=CC2)cc1
C1=CSC(C=C2Oc3ccccc3-c3ccc4c(c32)C=CCN4)=CC1
C1=C2CCCC(CCc3ccccc3)C2Cc2cnn(-c3ccccc3)c21
C1=Cc2c(ccc3c2COc2ccccc2-3)NC1
C1=CCC(NN(Cc2ccccc2)c2ccccc2)=C1
C1=Cc2c(ccc3c2C(=Cc2ccccc2)Oc2ccccc2-3)NC1
C1=CNc2ccc3c(c2C1)C(=Cc1ccccc1)Oc1ccccc1-3
O=C(ON=C1CCNc2ccc(-c3ccccc3)cc21)Sc1nc2ccccc2o1
O=C(Nc1ccccc1)c1ccc(OC(CNc2ccsc2)c2ccccc2)cn1
c1ccc(CNc2ccccc2)cc1
c1ccc(CCCc2ccc3c(cnn3-c3ccccc3)c2)cc1
c1ccc(CCCCCNc2cccc3c2cnn3-c2ccccc2)cc1
O=C(Nc1ccccc1)OC1CNc2ccc(-c3cccc4cc[nH]c34)cc2C1
C1=CC(ON=C2CCNc3ccc(-c4cccc5cc[nH]c45)cc32)=CC1
c1cc(C2CCc3cc(-c4c[nH]c5ccccc45)ccc3N2)c2[nH]ccc2c1
c1cc(-c2ccc(C3CCCc4c3ccc3c4CCCC3)cc2)cs1
c1ccc(CCCCc2ccccc2)cc1
C(c1cccs1)=c1oc2ccccc2c2cc3cc3c12
C1=Cc2c(ccc3c2C(=CC2=CCCCC2)Oc2ccccc2-3)NC1
c1ccc(CC2Oc3ccccc3-c3ccc4[nH]ccc4c32)cc1
O=C(Nc1ccccc1)c1ccc(OC(Cc2c[nH]c3ccccc23)c2ccccc2)cn1
C1=CC(CN(Cc2ccccc2)c2ccccc2)=CC1
c1ccc(COc2ccc3c(cnn3-c3ccccc3)c2)cc1
O=C(Nc1cccc(-c2ccccc2)c1)OC1CNc2ccccc2C1
c1ccc2ccccc2c1
C1=CC(c2ccc3c(cnn3-c3ccccc3)c2)=CCC1
c1ccc(-c2cccc3cc4c(nc23)CCCC4)cc1
c1ccc(C(CCc2cccc3c2OCC3)Cc2cc3ccccc3[nH]2)cc1
c1ccc(CCC(Cc2ccccc2)Cc2cc3ccccc3[nH]2)cc1
c1ccc(CN(Cc2ccccc2)c2ccccc2)cc1
C=C1Oc2ccccc2-c2ccc3c(c21)C=CCN3
O=C(Nc1cccnc1)c1ccc2c(c1)CCC1C2CCC2C(c3ccccc3)CCC21
C(=C1Oc2ccccc2-c2ccc3ncccc3c21)c1ccccn1
C1=Cc2c(ccc3c2C(=Cc2ccccc2)Oc2ccccc2-3)NC1
C1=C(CCCCc2ccc3c(c2)CCCC3)c2ccccc2CC1
C1=C2CCCC(Cc3ccccc3)C2Cc2cnn(-c3ccccc3)c21
c1ccc2c(c1)OC(CCc1c[nH]c3ccccc13)c1ccccc1-2
c1ccc(-c2ccc3[nH]ncc3c2)cc1
O=C(Nc1ccccc1)Oc1cccc2cc[nH]c12
C1=C2CCCC(CC3CCCc4ccccc43)C2Cc2cnn(-c3ccccc3)c21
C(=C1Oc2ccccc2C2=CC=C(c3ccccc3)C12)c1ccccc1
c1ccc(-n2ncc3c4c(ccc32)-c2ccccc2OC4)cc1
c1ccc(Oc2c[nH]c3ccccc23)cc1
c1cc(-n2ncc3cc4c(cc32)CCCC4)ccc1-c1ccc2cc3c(nc2c1)NCCC3
c1ccc(Oc2cccc(OCCONc3cccnc3)c2)cc1
c1ccc(-n2ncc3ccccc32)cc1
c1ccc(-c2cccc3cc[nH]c23)cc1
c1ccc(CNc2ccccc2-c2ccccc2)cc1
c1ccccc1
O=S(=O)(NCNc1cccc2c1cnn2-c1ccccc1)Nc1cccc(NCc2ccccc2)c1
C(Cc1cccc2cc[nH]c12)=C1Oc2ccccc2-c2ccc3c(c21)CCCN3
c1ccc(CN(Cc2ccccc2)c2ccccc2)cc1
C1=C(c2ccccc2)C(Cc2cc3ccccc3s2)CC1
c1ccc(CCCCc2cc3nccnc3[nH]2)cc1
c1ccccc1
C1=CCC(n2ncc3cc(C4=CC=CC4c4ccccc4)ccc32)=C1
C(=Cc1ccc2c(c1)CCCN2)Cc1ccccc1
c1ccc(Cc2ccc3c(cnn3-c3ccccc3)c2)cc1
O=S(=O)(Nc1ccccc1)c1ccc(-c2cccnc2)c(Cc2ccccc2)c1
O=S(=O)(Nc1ccc(C2=CC=C(c3ccccc3)C2)cc1)c1ccsc1
C1=Cc2c(ccc3c2C(=Cc2ccccc2)Oc2ccccc2-3)NC1
c1ccc(CCCCc2ccccc2)cc1
O=C(Nc1ccccc1)Oc1ccccc1
C1=Cc2c(ccc3c2C(=Cc2ccccc2)Oc2ccccc2-3)NC1
c1ccccc1
C1=Nc2c(cccc2C2CCc3cc(-c4ccccc4)ccc3C2)C1
c1ccc(-n2ncc3ccccc32)cc1
C(#Cc1ccccc1)COCc1ccccc1
c1ccc(-c2cccc3cc[nH]c23)cc1
O=C(c1ccsc1C=C1OC2=C(C=CC2)c2ccc3ncccc3c21)N1CCCCC1
C1=C(c2ccccc2)C2=C(C1)OCc1c2ccc2ncccc12
C1=C(Cc2ccccc2)c2ccccc2CC1
C1=CC(c2ccc3c(cnn3-c3ccccc3)c2)=CC1
C1=Nc2ccc(-c3cccc4cc[nH]c34)c(-c3cc4cnccc4[nH]3)c2CC1
c1ccc(CCc2ccccc2)cc1
c1ccc2c(c1)OC(c1ccsc1)c1ccccc1-2
c1ccc(COc2ccccc2)cc1
c1ccc(-c2cccc3cc[nH]c23)cc1
c1ccc(Cc2[nH]c3ccccc3c2-c2cc3cccnc3[nH]2)cc1
C1=CC(Cc2[nH]c3c4c(ccc3c2-c2ccccc2)CNN4)=C(Oc2cccc3cc[nH]c23)C1
C1=CCCC(n2ncc3cc(OC(CNc4ccccc4)c4ccccc4)ccc32)=C1
c1ccc(C2Oc3ccccc3-c3ccccc32)cc1
C1=CC(C=C2Oc3ccccc3-c3ccc4c(c32)C=CCN4)=CC1
c1ccc(Cc2ccc3c(cnn3-c3ccccc3)c2)cc1
C1=CCCC(CN(Cc2ccccc2)c2ccccc2)=C1
C1=Cc2c(ccc3c2C(CCCc2cc4ccccc4[nH]2)Oc2ccccc2-3)NC1
c1ccc(Nc2cccc3cc(CCCCc4ccncc4)[nH]c23)cc1
C(=C1Oc2ccccc2-c2ccc3[nH]ccc3c21)c1cc2ccccc2[nH]1
C1=Cc2c(ccc3c2C(=Cc2ccccc2)Oc2ccccc2-3)NC1
c1ccc(Cc2ccc(-c3cccc4cc[nH]c34)cc2)cc1
C1=CC(c2cccc3cc[nH]c23)Nc2ccc3c(c21)COc1ccccc1-3
C1=Nc2c(cccc2-c2ccc3c(c2)C(=NOCc2ccccc2)CCN3)C1
C1=Cc2c(ccc3c2C(=Cc2ccccc2)Oc2ccccc2-3)NC1
O=S(=O)(NC1=CCC=C1)c1ccc(-c2ccccc2)cc1
O=S(=O)(Nc1ccc2c(c1)C(c1cccc3cc[nH]c13)Oc1ccccc1-2)c1cccc2cc[nH]c12
c1ccc(-c2ccc3c(cnn3-c3ccccc3)c2)cc1
N=C1CCNc2ccc(-c3cccc4cc[nH]c34)cc21
O=C(c1c[nH]c2c(-c3ccccc3)cccc12)N1CCCCC1
C(=C1Oc2ccccc2-c2ccc3ncccc3c21)c1ccccc1
c1ccc(NCNc2cccc3c2cnn3-c2ccccc2)cc1
c1ccccc1
O=S(=O)(c1ccccc1)S(=O)(=O)c1ccc(-c2ccc3c(cnn3-c3ccccc3)c2)cc1
O=C(Oc1ccc2c(cnn2-c2ccccc2)c1)c1ccc2[nH]ncc2c1
O=C(Nc1ccccc1)Oc1ccc2c(cnn2-c2ccccc2)c1
c1ccc(C2Oc3ccccc3-c3ccccc32)cc1
C1=CCC2C(=Cc3ccc(-c4ccccc4)cc3)Oc3ccccc3C2=C1
O=C1OCc2cc(Nc3ccccc3C=C3OC4=C(CC=C4)c4ccccc43)ccc21
c1ccc(-c2cccc3cc[nH]c23)cc1
C(=C1Oc2ccccc2-c2ccc3c(c21)CCCN3)c1ccccc1
c1ccc(NCCc2cccc3cc[nH]c23)cc1
c1ccc(C(CCc2cccc3cc[nH]c23)Oc2ccc3c(cnn3-c3ccns3)c2)cc1
C1=Cc2c(ccc3c2C(=Cc2ccsc2)Oc2ccccc2-3)NC1
C1=CCC(C2=CCC(CCc3ccccc3)=C2)=C1
c1ccc(Oc2ccccc2)cc1
C1=CC(CC(Cc2ccnc3ccccc23)Nc2ccccc2)c2ccccc21
c1ccc(-c2ccc3c(cnn3-c3ccccc3)c2)cc1
C(=Cc1ccccc1)CNCc1ccccc1
C1=CC(c2ccccc2)=C(Cc2ccccc2)C1
O=C(Nc1ccccc1)C(CCc1ccccc1)CC1CCCCC1
c1ccc(NCc2ccc(Oc3ccccc3)cc2)cc1
N=C1CCNc2ccc(-c3cccc4cc[nH]c34)c(-c3cc4cnccc4[nH]3)c21
O=C(Cc1ccccc1)Nc1ccccc1
c1ccc(CN(Cc2ccncc2)c2ccccc2)cc1
C(=C1Oc2ccccc2-c2ccc3[nH]ccc3c21)c1cccs1
c1ccc(Nc2ccccc2)cc1
c1ccc(Cc2cc3ccccc3[nH]2)cc1
C=C1Oc2ccccc2-c2ccc3c(c21)C(c1ccccc1)=CCN3
C1=CCCC(n2ncc3cc(-c4ccccc4)ccc32)=C1
O=S(=O)(NCCCC1Oc2ccccc2-c2ccc3c(c21)C=CCN3)c1ccccc1
c1ccc(CNCc2ccc(Oc3ccccc3)cc2)cc1
c1ccc2ncccc2c1
c1ccc(NCCc2cccc3c2OCC3)cc1
c1ccc(Oc2ccccc2)cc1
c1ccccc1
C1=Cc2c(ccc3c2COc2ccccc2-3)NC1
O=C(Nc1ccccc1)OC1C=Nc2ccc(-c3cccc4c3CC=C4)cc2C1
C=C1OC2=C(C=C(c3ccccc3)C2)c2ccc3c(c21)C=CCN3
C1=CC(C2=CC(C(Cc3ccccc3)C3=CCC=C3)=CC2)=CC1
c1ccc(COc2ccc3c(cnn3-c3ccccc3)c2)cc1
C1=C(C=C2Oc3ccccc3-c3ccccc32)CCC1
O=S(=O)(Nc1ccc(-c2ccccc2)cc1)c1ccccc1
c1ccc(C2CCNc3ccc(Cc4cccc5c4OCOC5)cc32)cc1
C=C1Oc2ccccc2-c2ccc3c(c21)C=CCN3
c1ccccc1
c1ccc(-c2csc3ccccc23)cc1
c1ccc(COc2csc3ccccc23)cc1
c1ccc(CCCc2cccc3cc[nH]c23)cc1
C1=Cc2c(ccc3c2COc2c-3ccc3cc[nH]c23)NC1
C(=C1Oc2ccccc2-c2ccccc21)c1cccs1
c1ccc(-c2ccc3c(c2)CCC(c2cccc4cc[nH]c24)C3)cc1
O=C(Nc1ccccc1)OC1CNc2ccc(-c3cc4ccccc4[nH]3)cc2C1
c1ccc(CNOc2ccccc2CCCCc2cc3ccccc3[nH]2)cc1
C1=Nc2c(cccc2C2=CCC(CCCCc3cc4ccccc4[nH]3)=C2)C1
c1ccc2[nH]ccc2c1
c1ccc2c(-c3ccc4c(c3)CCCN4)c[nH]c2c1
N=C1CCNc2ccc(C3=CCC=C3)c(-c3ccccc3)c21
c1ccc(CCCCc2cc3ccccc3s2)cc1
c1ccc(CNCc2ccccc2)cc1
c1ccc(Cc2csc3ccccc23)cc1
c1ccc(Cc2ccccc2)cc1
C1=CC2C(C1)CC(c1ccc(N3CCCC3)cc1)C1=C(c3cccc4cc[nH]c34)CCC12
C1=CCC(C2=CCC(Oc3c(Cc4ccccc4)[nH]c4ccccc34)=C2)=C1
c1ccc(-c2ccc3c(cnn3-c3ccccc3)c2)cc1
C(=C1Oc2ccccc2-c2ccc3ncccc3c21)c1cccs1
C1=CCC(c2ccc(CCc3ccccc3)cc2)=C1
c1ccc(CCCc2ccccc2)cc1
C=C1Oc2ccccc2-c2ccc3c(c21)C=CCN3
O=S(=O)(NCCNc1cccc2c1cnn2-c1ccccc1)c1ccccc1
c1ccc(CCCCn2ccc3ncccc32)cc1
C(=C1Oc2ccccc2-c2ccc3c(c21)CCCC3)c1ccccc1
C1=CC2CCCC(c3ccc4c(c3)CCC=N4)C2=C1
c1ccc(CCc2ccccc2)cc1
c1ccc2ccccc2c1
C1=Cc2c(ccc3c2C(=Cc2ccccc2)Oc2ccccc2-3)NC1
c1ccc(COc2nc3ccccc3s2)cc1
C=C1OC2=CCCC=C2c2ccc3c(c21)C=CCN3
c1ccc(C2Oc3ccccc3-c3ccccc32)cc1
c1ccc(CN(Cc2ccccc2)c2ccccc2)cc1
O=S(=O)(Nc1ccccc1)c1ccccc1
c1ccc(ON=C2CCNc3ccc(-c4cccc5cc[nH]c45)cc32)cc1
C1=CC(C2=C(C3Oc4ccccc4-c4ccccc43)CCc3cc[nH]c32)c2ccccc2C1
c1ccc(CCCCc2cc3ccccc3[nH]2)cc1
C=C1Oc2ccccc2-c2ccc3c(c21)C=CCN3
O=C(Nc1cccnc1)c1ccc2c(c1)CC=C2c1ccccc1
C1=Cc2c(ccc3c2COc2ccccc2-3)NC1
c1ccc(OCCc2cccs2)cc1
O=S(=O)(NCCc1c[nH]c2ccccc12)c1ccccc1-c1cc2ccccc2[nH]1
c1ccc(-c2ccc3ncccc3c2)cc1
O=C(NCc1ccc(NS(=O)(=O)c2ccsc2)cc1)c1ccccc1
c1ccc(-c2cnn(C3CCCC3)c2)cc1
C(=CCc1cc2ccccc2o1)CNCc1ccccc1
c1ccc(Oc2ccc(CNc3ccc4c(c3)OCO4)cc2)cc1
c1ccccc1
C1=Cc2cc(-c3cccc4cc[nH]c34)ccc2NC1
C1=Cc2c(ccc3c2C(=Cc2ccccc2)OC2=CCC=C23)NC1
C1=C2CCCC(c3ccc4c(cnn4-c4ccccc4)c3)C2Cc2cnn(Cc3cccc4c3OCC4)c21
C1=CC(C=C2Oc3ccccc3-c3ccc4c(c32)C=CCN4)=CC1
C1=CC(CC(CCc2ccccc2)CNc2ccccc2)=CC1
O=C1CNc2ccc(-c3cccc4cc[nH]c34)cc2C1
C(=C1Oc2ccccc2-c2ccc3[nH]ccc3c21)c1cccs1
C1=Cc2cc(-c3ccccc3)ccc2NC1
O=S(=O)(Nc1ccc(NC2CC2)cc1)c1ccccc1
c1ccccc1
O=C(CCCc1ccccc1)Nc1ccc2c(c1)COC2=O
c1ccc(-c2cc3ccncc3s2)cc1
O=S(=O)(NCCCCc1ccc2[nH]c(C3=CC=CC3)cc2c1)c1ccccc1
c1ccc(Cc2ccccc2)cc1
c1ccccc1
c1ccc2c(c1)CCC(c1cccc3cc[nH]c13)=N2
c1ccc(-c2ccc3c(c2)CCC2CC(c4ccccc4)CCC32)cc1
c1ccc(-c2ccc(-c3ccnc4ccc5c(c34)CCN5)cc2)cc1
c1ccc(COc2ccc3c(cnn3-c3ccccc3)c2)cc1
O=C(c1ccccc1)c1ccccc1
O=C(Oc1cccc(Cc2ccc3c(cnn3-c3ccccc3)c2)c1)c1ccccc1
C(=Cc1cccc2cc[nH]c12)Oc1ccc2c(cnn2Cc2ccccc2)c1
O=C(Nc1ccncc1)c1ccc2c(c1)CC=C2CNCc1ccccc1
C1=CC(N(Cc2ccccc2)C2=CCCc3ccccc32)=CC1
C1=Cc2nc(-c3ccccc3)c(-c3cccc4cc[nH]c34)cc2C1
C1=Cc2c(ccc3c2C(=Cc2ccccc2)Oc2ccccc2-3)NC1
C1=Cc2c(ccc3c2C(=Cc2ccccc2)Oc2ccccc2-3)NC1
c1ccc(C2Oc3ccccc3-c3ccccc32)cc1
C1=CC(=NOCc2ccsc2)c2cc(-c3cccc4cc[nH]c34)ccc2C1
c1ccc(Cc2cc3ccccc3[nH]2)cc1
O=C(Nc1ccccc1)OC1CNc2ccc(-c3ccccc3)cc2C1
C=C1Oc2ccccc2-c2ccc3c(c21)C=CCN3
O=C1OCc2cc(NC(=O)C(CCc3ccccc3)Cc3ccccc3)ccc21
C1=Cc2c(ccc3c2C(=Cc2ccsc2)Oc2ccccc2-3)NC1
c1ccc(Oc2ccc(OCc3cnc(C4CC4)nc3)cc2)cc1
c1ccc(-n2cc(-c3cccc4cc[nH]c34)cn2)cc1
C1=CC(C=C2Oc3ccccc3-c3ccc4c(c32)C=CCN4)=CC1
C1=CCC(CN(Cc2ccccc2)c2cccc3cc[nH]c23)=C1
c1ccccc1
C1=CC(C(Oc2ccc3c(cnn3-c3ccccc3)c2)c2ccccc2)=CCC1
C1=CC(C=C2OC3=C(C=NCC3)c3ccc4nc(-c5ccsc5)ccc4c32)=CCC1
c1ccc(Oc2ccccc2)cc1
C(=C1Oc2ccccc2-c2ccccc21)c1cccs1
c1ccc(Cc2ccc3c(cnn3-c3ccccc3)c2)cc1
O=C(Nc1cccnc1)c1ccc2c(c1)CC=C2CNCc1ccccc1
C1=Cc2c(ccc3c2C(=Cc2ccccc2)Oc2ccccc2-3)NC1
C1=Cc2c(ccc3c2C(=Cc2ccccc2)Oc2ccccc2-3)NC1
c1ccc(COCc2ccccc2)cc1
C(#CCCc1ccccc1)C=CCc1c[nH]c2ccccc12
c1cc(-c2ccc3c(c2)CCCN3)c2[nH]ccc2c1
c1ccc(OC2CNc3ccc(-c4cccc5cc[nH]c45)cc3C2)cc1
c1ccc(CNc2ccccc2)cc1
O=S(=O)(NCCn1ccc2ccccc21)c1ccc(CCCOc2ccccc2)cc1
c1ccc(CCCCc2cc3ccccc3[nH]2)cc1
O=C(NC1CCCCC1)c1ccc(OC(CNc2ccccc2)c2ccccc2)cn1
C1=Nc2c(cccc2-c2ccccc2)C1
c1ccc(C2Oc3ccccc3-c3ccccc32)cc1
c1ccc2oc(Sc3ccnc4ccccc34)nc2c1
C1=Cc2c(ccc3c2C(=Cc2ccccc2)Oc2ccccc2-3)NC1
C1=Cc2c(ccc3c2C(=CC2=CCCC2)Oc2ccccc2-3)NC1
O=C(Nc1ccccc1)OC1CNc2ccc(-c3cccc4cc[nH]c34)cc2C1
C1=CCC(c2ccc(NCc3ccccc3)cc2)=C1
C1=CCC(c2ccccc2)C(c2ccccc2)=C1
c1ccc(-c2c[nH]c3ccccc23)cc1
c1ccc(C2CNc3ccc(-c4cccc5cc[nH]c45)cc3C2)cc1
O=S(=O)(Cc1ccccc1)Nc1ccc(C2=CCC=C2)cc1
O=C(NC1CCCCC1)OC1CNc2ccc(-c3cccc4cc[nH]c34)cc2C1
C1=CCCC(C=C2OC3=CCC=C3c3ccc4[nH]ccc4c32)=C1
C1=C(c2ccccc2)c2ccccc2C1
c1ccc(-c2ccc3c(cnn3-c3ccccc3)c2)cc1
C(=Cc1cccc2cc[nH]c12)c1ccccc1
c1ccc(Nc2ccc3c(c2)OCO3)cc1
c1ccccc1
C1=Cc2c(ccc3c2COc2ccccc2-3)NC1
c1cc(-c2ccc3[nH]ccc3c2)c2[nH]ccc2c1
c1ccc(-n2ncc3ccccc32)cc1
O=S(=O)(NCCNc1cccc2c1cnn2-c1ccccc1)c1ccccc1
O=C1CNc2ccc(C3CCCc4ccccc43)cc2C1
O=S(=O)(Nc1ccccc1)c1ccccc1
c1ccc(-c2ccccc2)cc1
c1ccc2ccccc2c1
O=C(Nc1cccc2c1OCC2)OC1CNc2ccc(-c3cccc4cc[nH]c34)cc2C1
c1ccc(-c2ccc3c(c2)N(c2cccnc2)NC3)cc1
C1=CSC(C=C2Oc3ccccc3-c3ccc4c(c32)C=CCN4)=CC1
C1=CC(c2ccncc2)Nc2ccc3c(c21)C(=Cc1ccccc1)Oc1ccccc1-3
c1ccc(-n2ncc3ccccc32)cc1
c1ccc(-n2ncc3ccccc32)cc1
c1ccc(Oc2cnccc2CCCCc2cc3ccccc3[nH]2)cc1
C1=CC(c2cccc3ccn(-c4cccc5c4N=CC5)c23)=CC1
C1=Cc2cc(-c3cccc4cc[nH]c34)ccc2NC1
O=S(=O)(Nc1ccccc1)c1ccc(-c2ccc3[nH]ncc3c2)cc1
O=C1C=C(n2ncc3cc(-c4ccc(S(=O)(=O)Nc5ccccc5)cc4)ccc32)CC1
C1=CC(C(Cc2ccc3c(cnn3-c3ccccc3)c2)c2ccc3[nH]ncc3c2)=CCC1
c1ccccc1
c1ccc(CCSCC2=NCN=C2NCc2ccccc2)cc1
N=C1C=CCc2ccc(-c3ccccc3)cc21
c1ccc(Cc2ccc3c(cnn3-c3ccccc3)c2)cc1
C=C1Oc2ccccc2-c2ccc3c(c21)C=CCN3
O=S(=O)(Nc1ccc(C2=NC=CC2)cc1)c1ccccc1
C1=Nc2ccc3c(c2C1)C(=Cc1ccccc1)Oc1ccccc1-3
C1=Cc2c(ccc3c2C(=Cc2ccccc2)Oc2ccccc2-3)NC1
c1ccc(CCC(Cc2ccccc2)Nc2ccccc2)cc1
C1=Nc2c(cccc2-c2ccc(Cc3ccccc3)cc2)C1
C1=C2CCC3C(=C2CCC1)C(c1ccccc1)CC1CCCC13
c1ccccc1
c1cc(CCCCc2cc3ccccc3[nH]2)c2c(c1)CCO2
C1=CC(C2CCNc3ccc(-c4cccc5cc[nH]c45)cc32)=CCC1
c1ccc(-n2ncc3ccccc32)cc1
C1=CC(N(Cc2ccccc2)Cc2ccccc2)=CCC1
c1ccc(CCCCc2ccccc2)cc1
C1=Cc2c(ccc3c2C(=CC2=CNc4ccccc4C2)Oc2ccccc2-3)NC1
c1ccc2c(c1)CCCC2CCCc1cc2ccccc2[nH]1
C1=C(CSc2nc3ccccc3s2)CCCC1
c1ccc(Cc2c[nH]c3ccccc23)cc1
c1cc(Cc2c[nH]c3ccccc23)c2[nH]ccc2c1
c1ccc(C2CCCC2)cc1
c1ccc(CCCc2ccccc2)cc1
c1ccc(CN(Cc2ccccc2)c2ccccc2)cc1
C1=Nc2c(cc(-c3ccc(-c4ccccc4)c4cc[nH]c34)c3c2NCC3)CC1
c1cc(CCCc2cc3ccccc3[nH]2)cc(-c2ccsc2)c1
c1ccc(-c2cccc3cc[nH]c23)cc1
c1ccc(C2CNc3ccc(-c4cccc5cc[nH]c45)cc3C2)cc1
C=C(c1ccccc1)c1ccsc1CNC(=O)c1cnn(-c2ccccc2)c1
N=C1CCNc2ccc(C3=C(C4=CC=CC4)CCC3)cc21
C1=CCC(CC2=CCC=C2)C(c2ccc3c(cnn3-c3ccccc3)c2)=C1
C1=CC2C(=Cc3cccc(-c4ccsc4)c3)Oc3ccccc3C2=C1
c1ccc(CCOc2ccc3[nH]ncc3c2)cc1
C1=Cc2c(ccc3c2C(=Cc2ccccc2)Oc2ccccc2-3)NC1
C(=C1Oc2ccccc2-c2ccc3ncccc3c21)c1cccs1
C1=CCC(c2ccc3cc(CCCn4ccc5ncccc54)cnc3c2)=C1
C1=Cc2c(ccc3c2C(=Cc2ccccc2)Oc2ccccc2-3)NC1
C1=CC(Cc2ccc3c(c2)C(c2ccccc2)Oc2ccccc2-3)=CC1
C1=Cc2c(ccc3c2C(=Cc2cccc4c2OCOC4)Oc2ccccc2-3)NC1
C1=Cc2c(ccc3c2C(=Cc2ccccc2)Oc2ccccc2-3)NC1
C1=C(OCc2ccncc2)CC=C1N(Cc1ccccc1)c1cccc2cc[nH]c12
C1=CCC(OC(Cc2c[nH]c3ccccc23)c2ccccc2)=C1
O=S(=O)(c1ccccc1)c1ccc2c(c1)COc1ccccc1-2
c1ccc(-c2cccc3cc[nH]c23)cc1
c1ccc(CCCCCCc2cc3ccncc3[nH]2)cc1
c1ccc(-n2ncc3c(NCCC4CCCc5ccccc54)cccc32)cc1
C1=Cc2c(ccc3c2C(=Cc2cccc4cc[nH]c24)Oc2ccccc2-3)NC1
c1ccc(Cc2ccc3c(cnn3-c3ccccc3)c2)cc1
c1ccc(-c2cccc3cc[nH]c23)cc1
C1=CC(CCCc2ccnc3ccccc23)(Cc2ccccc2)c2ccccc2C1
C1=CC2(CCCC=C2c2ccccc2)Cc2cnn(-c3ccccc3)c21
O=S(=O)(Nc1ccc(-c2ccc3c(c2)CCCN3)c2[nH]ccc12)c1ccccc1
c1ccc(Oc2ccccc2)cc1
c1ccc(-c2cccc3c2CCCN3)cc1
O=S(=O)(NCCc1c[nH]c2ccccc12)c1ccccc1-c1cc2ccccc2[nH]1
C(#CCCc1ccccc1)C=CCc1c[nH]c2ccccc12
O=C(Nc1ccc2c(c1)CCCC2)OC1CNc2ccc(C3=CCCc4cc[nH]c43)cc2C1
C(=C1Oc2ccccc2-c2ccc3ncccc3c21)c1ccccc1
c1ccc(COC2CC3CCCC3C3CCc4cc(-c5cccc6[nH]ccc56)ccc4C23)cc1
c1ccccc1
C1=C(c2cccc3c2cnn3-c2ccccc2)CCC1
c1ccc(COc2ccc3c(cnn3-c3cccc4ccccc34)c2)cc1
c1ccc(NNc2ccccc2)cc1
c1ccc(CCCCc2ccccc2)cc1
C1=CCC(n2ncc3c(Nc4ccccc4)cccc32)=C1
O=C1CNc2c(cccc2-c2ccccc2)C1
C1=Cc2c(ccc3c2COc2ccccc2-3)NC1
O=C(Nc1ccccc1)C(CCc1ccccc1)CCc1ccccc1
c1ccc2ccccc2c1
c1ccc(COc2cc3cnn(-c4ccccc4)c3c3c2CCCC3)cc1
c1ccc2[nH]c(Cc3cc4ccccc4[nH]3)cc2c1
c1ccc(-c2cc3ccccc3o2)cc1
O=C(NCc1ccccc1)c1ccccc1
C1=Cc2c(CCCCCc3cccc4cc[nH]c34)cccc2NC1
C1=CCCC(C=C2Oc3ccccc3-c3ccc4c(c32)C=CCN4)=C1
c1ccc(CCCCc2cccs2)cc1
O=C(Nc1ccccc1)C(CCC1=CCCC1)CC1CCCCC1
C1=Cc2c(ccc3c2C(=CC2=CC=NN(c4ccccc4)C2)Oc2ccccc2-3)NC1
c1ccccc1
C(=Cc1ccccc1)c1ccccc1
O=C(Nc1ccc(Cc2ccccc2)cc1)OC1CNc2ccccc2C1
c1ccc(C2CCNc3ccccc32)cc1
O=C(Nc1cccc(-c2ccccc2)c1)OC1CNc2ccccc2C1
C1=CC(c2ccccc2)CC(CCCCc2ccccc2)=C1
O=S(=O)(NCc1cccc2c1cnn2-c1ccccc1)c1ccccc1
c1ccc2[nH]c(COCCCCC(Cc3cc4cnccc4[nH]3)C3CC3)cc2c1
C1=CC(Cc2ccccc2)=CC1
c1ccc2c(c1)OCc1c-2ccc2ncccc12
c1ccc2c(c1)CCCC2C1CCCC1
N=C1CCNc2ccc(-c3cccc4cc[nH]c34)cc21
C1=C(c2ccccc2)C2=C(C1)CCC(c1ccccc1)=N2
c1cc(-c2coc3ccccc23)c2[nH]ccc2c1
c1ccc(-c2cccc3cc[nH]c23)cc1
c1ccc(-n2ncc3ccccc32)cc1
C1=CC2c3ccc(-n4ncc5cc(Cc6ccccc6)ccc54)cc3CCC2NC1
C1=C(c2ccccc2)c2c(ccc3c2COc2ccccc2-3)NC1
C1=CCC(C=C2Oc3ccccc3-c3ccc4c(c32)C=CCN4)=CC1
N=C1CCNc2ccc(-c3cccc4cc[nH]c34)cc21
C1=CC2CC(OC(Cc3ccccc3)c3ccccc3)CCC2=C1
C1=CC2=C(C1)OC(=COc1ccc3c(cnn3-c3ccccc3)c1)c1c2ccc2c1CCCN2
c1ccc(CC(Oc2ccc3[nH]ncc3c2)c2ccccc2)cc1
O=S(=O)(NCCn1ncc2ccccc21)c1ccc(-c2ccc3[nH]ncc3c2)cc1
C1=C(c2ccccc2)c2ccccc2CC1
C1=CCC(C=CCC2Oc3ccccc3-c3ccc4c(c32)C=CCN4)=CC1
c1ccc(-c2ccc3c(c2)CCCC3)cc1
c1ccc(OC(Cc2ccc3c(cnn3-c3ccccc3)c2)c2cccnc2)cc1
O=C(NCC(Oc1ccc2c(c1)C=CCN2)c1ccccc1)c1ccccc1
C1=CC(C2=CCc3cc(C4=C(c5ccccc5)CCc5cc[nH]c54)ccc3N2)=CC1
C1=CC(c2cccc3ncccc23)C=C1c1ccccc1
c1ccc(CN(Cc2ccccc2)c2ccccc2)cc1
c1ccc(-c2cc3ccncc3s2)cc1
c1ccc(CN(Cc2ccccc2)c2ccccc2)cc1
O=C(Nc1ccccc1)C(CCc1ccccc1)Cc1ccccc1
O=C(Oc1ccccc1)c1ccccc1
c1ccc(-n2ncc3cc(C4CCc5cc(-c6cccc7cc[nH]c67)ccc5N4)ccc32)cc1
C1=CCC(c2cccc3cc[nH]c23)C(c2ccccc2)=C1
c1ccc(Cc2ccc3c(cnn3-c3ccccc3)c2)cc1
c1ccc(Cc2ccc3c(cnn3-c3ccc4c(cnn4-c4ccccc4)c3)c2)cc1
C1=Cc2cc(-c3cccc4cc[nH]c34)ccc2NC1
O=C(Nc1c[nH]c2ccccc12)OC1CNc2ccc(-c3cccc4cc[nH]c34)cc2C1
C1=Cc2c(ccc3c2COc2cc4c(cc2-3)CCCC4)NC1
O=S(=O)(Nc1ccc2c(c1)C(c1ccccc1)Oc1ccccc1-2)c1cccs1
c1ccc(CCCCCCCc2cccc3c2OCC3)cc1
C=C1Oc2ccc(-c3ccccc3)cc2-c2ccc3c(c21)C=CCN3
C1=CC(C2C=Nc3ccc(-c4cccc5cc[nH]c45)cc3C2)=CCC1
c1ccc2c(-c3ccc4c(c3)CCCN4)c[nH]c2c1
c1ccc(CCCCn2ccc3ncccc32)cc1
c1ccc(CCc2c[nH]c3ccccc23)cc1
C1=Cc2c(cccc2-c2ccccc2)NS1
C1=Cc2c(ccc3c2C(=Cc2ccco2)Oc2ccccc2-3)NC1
C=C1Oc2ccccc2-c2ccc3c(c21)C=CC(c1ccccc1)N3
c1ccc(-c2ccsc2)cc1
c1ccc(-n2ncc3ccccc32)cc1
C1=Cc2c(ccc3c2C(=Cc2ccccc2)Oc2ccccc2-3)NC1
C1=CC(c2ccccc2)=CC1
c1ccc(CCCc2ccccc2)cc1
C1=CCCC(CN(Cc2ccccc2)c2ccccc2)=C1
C1=Cc2c(ccc3c2C(=Cc2ccccc2)Oc2ccccc2-3)NC1
C1=CC(C=C2Oc3ccccc3-c3ccc4c(c32)C=CC(c2ccccc2)N4)=CC1
C1=CC(CN(Cc2ccccc2)c2ccccc2)=CC1
c1ccc(-n2ncc3c(-c4ccc5[nH]ncc5c4)cccc32)cc1
C1=CCCC(C(c2ccccc2)c2ccccc2)=C1
c1ccc2ccccc2c1
c1cc(-c2ccc3nc4cn[nH]c4cc3c2)c2[nH]ccc2c1
C1=CC(Nc2ccccc2)Nc2ccc3c(c21)C(=Cc1ccsc1)Oc1ccccc1-3
c1ccc(NNCCCC2CCCCC2)cc1
c1ccc(-c2ccsc2)cc1
C1=CCC(CN(c2ccccc2)c2ccccc2)=C1
O=S(=O)(Nc1ccccc1)c1ccccc1
C1=C(C(Cc2ccsc2)Oc2ccc3c(cnn3-c3ccccc3)c2)CNc2ccccc21
C1=CC2CCCC(c3cccc4c3NCCC4)C2=C1c1ccccc1
O=S(=O)(NCCNc1cccc2c1cnn2-c1ccccc1)c1ccc(-c2ccccc2)cc1
C1=CC2(CCCC=C2c2ccccc2)Cc2cnn(-c3ccc(Oc4ccccc4)cc3)c21
C1=Cc2cc(-c3ccccc3)ccc2NC1
C1=CCC(C=C2Oc3ccccc3-c3ccc4ncccc4c32)=CC1
c1ccc(Cc2ccccc2)cc1
C1=CCCC(C(Oc2ccc3[nH]ncc3c2)c2ccccc2)=C1
C1=C(n2ncc3c2C=C2CCCC(c4ccccc4)C2(c2ccccc2)C3)CCCC1
c1ccc(CCCCc2cc(-c3ccccc3)ccn2)cc1
c1ccc2ccccc2c1
c1ccc(-c2ccccc2)cc1
C1=Cc2c(ccc3c2C(=Cc2cccs2)Oc2ccccc2-3)NC1
c1ccc(CCCCc2cc3ccccc3[nH]2)cc1
c1ccc(C2CCCC2)cc1
c1ccc(-c2ccc(-n3ncc4ccccc43)cc2)cc1
O=C1CC=C(Oc2ccc(-n3ncc4c5ccccc5ccc43)cc2)CC1
c1ccccc1
c1ccc(Oc2cc3ccccc3[nH]2)cc1
N=c1cc(C2=CCC=N2)[nH]c2ccc(-c3cccc4cc[nH]c34)cc12
c1ccc(NCCOc2cccc3c2cnn3CCCc2ccsc2)cc1
c1ccc(-c2ccccc2)cc1
O=S(=O)(Nc1ccccc1)c1ccccc1
N=c1cc(-c2cccc3cc[nH]c23)[nH]c2ccc(C3=CC=CC3)cc12
c1ccc(-c2cccc3cc[nH]c23)cc1
C1=CC2C(=CC=C2SCC2CCNc3ccc(-c4cccc5cc[nH]c45)cc32)NC1
C1=Cc2c(cnn2-c2ccc(-c3ccc(Oc4ccccc4)cc3)cc2)C1
c1cc(-c2ccc3c(c2)CCCN3)c2[nH]ccc2c1
O=S(=O)(NCc1ccccc1)c1ccccc1
C1=CC(CNCc2[nH]c3ccccc3c2-c2ccccc2)=CC1
c1ccc(-c2cccc3c2CCCN3)cc1
C1=Cc2c(ccc3c2C(=Cc2cccc4cc[nH]c24)Oc2ccccc2-3)NC1
C(=Cn1ncc2cc(Cc3ccccc3)ccc21)c1ccccc1
c1ccc(-c2ccccc2)cc1
c1ccc(-n2ncc3c4c(ccc32)CCCC4)cc1
C1=CN=C2CC(CCSCC3=CCNc4ccc(-c5ccccc5)cc43)CCC2C1
C1=CCCC(C=C2Oc3ccccc3-c3ccc4c(c32)C=CCN4)=C1
c1ccc(-c2ccsc2)cc1
C1=C(C=C2Oc3ccccc3-c3ccc4ncccc4c32)SCCC1
C=C1Oc2ccccc2-c2ccc3c(c21)C=CCN3
C=C1Oc2ccccc2-c2ccc3[nH]ccc3c21
C1=NC(CCCCc2ccccc2)=CC1
C1=Cc2c(ccc3c2C(=Cc2ccccc2)OC2=CCC=C23)NC1
C(=C1Oc2ccccc2-c2ccc3ncccc3c21)c1ccccc1
O=C(CCc1ccc(Cc2ccccc2)cc1)Nc1ccc2c(c1)COC2=O
C1=CCC(C=C2Oc3ccccc3-c3ccc4c(c32)C=CCN4)=C1
c1ccc(-c2ccccc2)cc1
C(=C1Oc2ccccc2-c2ccc3ncccc3c21)c1ccco1
c1ccc(CNc2ccccc2)cc1
C1=CC(c2c[nH]c3c(-c4ccccc4)cccc23)=CC1
C1=CC(C=C2Oc3ccccc3-c3ccc4c(c32)C=CCN4)=CC1
C1=Cc2c(ccc3c2C(=Cc2cccs2)Oc2ccccc2-3)NC1
O=C(NCc1cccc(CCCc2ccnc3ccccc23)c1)c1cnc2c(c1)CC=NN2
c1ccc(CCCCc2ccccc2)cc1
c1ccc(CCCCc2cc3ccccc3[nH]2)cc1
c1ccc2c(c1)OCc1c-2ccc2[nH]ccc12
O=C(NCc1ccc(-c2cnoc2)cc1)c1ccccc1
C1=Cc2c(ccc3c2C(=Cc2ccccc2)Oc2ccccc2-3)NC1
C1=C[SH]=C(c2cccc(C=C3Oc4ccccc4-c4ccc5c(c43)C=CCN5)c2)C=C1
c1ccc(CCc2ccccc2)cc1
c1ccc(Cc2ccccc2)cc1
C1=Cc2c(ccc3c2C(=Cc2ccccc2)Oc2ccccc2-3)NC1
C1=Cc2c(ccc3c2C(=Cc2cccs2)Oc2ccccc2-3)NC1
c1ccc(-c2ccccc2)cc1
c1ccc(-c2cccc3cc[nH]c23)cc1
c1ccc(CCCCc2ccccc2)cc1
O=S(=O)(NCc1nc2ccccc2s1)c1ccccc1
C1=CC(c2ccc3c(c2)C(=NOCc2ccccc2)CCN3)=CCC1
C1=CC(c2ccccc2)CC=C1c1cccc2cc[nH]c12
C1=Cc2c(ccc3c2C(=Cc2ccccc2)OC2=C3C=CC2)NC1
C1=Cc2c(ccc3c2C(=Cc2cccs2)OC2=C3C=CC2)NC1
c1ccc(Cc2ccc3c(cnn3-c3ccccc3)c2)cc1
c1ccc(-c2ccc3c(cnn3-c3ccccc3)c2)cc1
C1=Cc2c(ccc3c2C(=Cc2cccc4c2NCC4)Oc2ccccc2-3)NC1
C(=C1Oc2ccccc2-c2ccc3ncccc3c21)c1ccccc1
c1ccc(OC2CNc3ccc(-c4cccc5cc[nH]c45)cc3C2)cc1
C1=Cc2c(ccc3c2C(=Cc2ccccc2)Oc2ccccc2-3)NC1
c1ccc2c(c1)CC(c1ccc(-c3cccc4cc[nH]c34)cc1)=N2
c1csc(C2Oc3ccccc3-c3ccccc32)c1
c1ccc(CCC(Cc2cc3ccncc3s2)c2c[nH]c3ccccc23)cc1
O=C1OCc2cc(Nc3cccc(C4CCC4)c3)ccc21
O=C(Nc1cccnc1)c1ccc2c(c1)CCC1C3CCCC3CC(OCc3ccccc3)C21
C(=C1Oc2ccccc2-c2ccc3ncccc3c21)c1cccs1
O=S(=O)(NC1=C(CSc2ccc3ccccc3c2)CCN1)c1ccccc1
C1=CC(c2cccc3cc[nH]c23)CC(c2ccccc2)=C1
c1ccc(-c2ccsc2)cc1
C1=Cc2c(ccc3c2C(=Cc2cccc4c2OCOC4)Oc2ccccc2-3)NC1
c1ccc2c(c1)CCCN2
c1ccc(NCCOc2cccc3c2cnn3CCCc2ccsc2)cc1
C1=Nc2ccc(-c3cccc4cc[nH]c34)cc2C1=NOc1ccccc1
c1ccc(Cc2ccc3c(cnn3-c3ccccc3)c2)cc1
c1ccc(CCc2c[nH]c3ccccc23)cc1
c1ccc(CCCCc2cc3ccccc3[nH]2)cc1
O=S(=O)(Nc1ccc(-c2ccccc2)cc1)S(=O)(=O)c1ccccc1
C1=C(c2ccccc2)CC=C1c1cccc2cc[nH]c12
c1cc2cc3c(c(-c4ccc5c(c4)CCCN5)c2[nH]1)NCC3
C1=Nc2ccc(-c3cccc4cc[nH]c34)cc2CC1
c1ccccc1
c1ccc(Nc2ccc3c(c2)CCCN3)cc1
c1ccc(CNc2cccc(OCc3ccncc3)c2)cc1
c1ccc(C2CC(c3cccc4cc[nH]c34)c3ccccc3N2)cc1
c1ccc(CNCCc2cccc3cc[nH]c23)cc1
O=c1oncc2cc(Nc3cccc4c3cnn4-c3ccccc3)ccc12
c1ccc(Oc2cc3ccccc3[nH]2)cc1
C1=Cc2c(ccc3c2C(=Cc2ccccc2)OC2=C3C=CC2)NC1
c1ccc(-c2ccccc2)cc1
c1cnc2c(-c3ccc4c(c3)CCC(c3cccc5cc[nH]c35)N4)cccc2c1
c1ccc(-c2ccc3c(c2)CCCN3)cc1
C1=Cc2c(ccc3c2C(=Cc2ccccc2)Oc2ccccc2-3)NC1
C1=Cc2c(ccc3c2C(=Cc2ccccc2)Oc2ccccc2-3)NC1
C1=CCC(Oc2ccc(CNc3ccccc3)cc2)C=C1
O=C(Nc1ccccc1)n1ncc2c(NCc3cccc4cc[nH]c34)cccc21
c1ccc2c(c1)OCc1c-2ccc2nc3c(cc12)CCC1CCCCC31
O=S(=O)(Nc1ccc(C2=CC=CC2)cc1)c1ccccc1
O=C(NCc1ccc(Oc2ccccc2)cc1)N1CCCCC1
C1=C(CNc2ccc(CSc3nc4ccccc4o3)cc2)CCC1
c1ccc(-n2ncc3ccccc32)cc1
C1=C(c2cccc3cc[nH]c23)C(c2ccccc2)CC1
C1=CC(NCc2ccccc2)=CCC1
C1=Cc2cc(-c3cccc4cc[nH]c34)ccc2NC1
c1ccc(-c2cccs2)cc1
c1ccc(CCC2CCc3ccccc3C2)cc1
c1ccc(NCc2c[nH]c3c(-c4cccs4)cccc23)cc1
c1ccc(CN(Cc2ccc(Oc3cc4nccnc4[nH]3)cc2)c2ccccc2)cc1
C1=CCC(c2ccc3c(c2-c2ccccc2)CCCN3)=C1
C1=Cc2c(ccc3c2C(=Cc2ccccc2)Oc2ccccc2-3)NC1
C1=CCC(n2ncc3cc(C4CCCC5=Cc6c(cnn6-c6ccccc6)CC54)ccc32)=C1
C(=C1Oc2ccccc2-c2ccc3ncccc3c21)c1cccs1
O=C(Oc1ccccc1)C1=C(c2cccs2)C=CC1
O=C(Nc1cccc2[nH]ccc12)OC1CNc2ccc(-c3cccc4cc[nH]c34)cc2C1
C=C1Oc2ccccc2-c2ccc3c(c21)C=CCN3
O=C(Nc1ccccc1)OC1CNc2ccc(-c3cccc4cc[nH]c34)cc2C1
C1=CC(c2cccc3c2C(c2ccccc2)CCN3)=CC1
c1ccc(-c2cccc3cc[nH]c23)cc1
c1ccccc1
c1ccc(-n2ncc3ccccc32)cc1
C=C1Oc2ccccc2-c2ccc3c(c21)C=CCN3
c1ccccc1
C1=C(CN(CNc2ccccc2)CC2=CC=C(c3ccccc3)C2)CCC1
c1ccc(Cc2cccc3cc[nH]c23)cc1
C1=Cc2c(ccc3c2COc2ccccc2-3)NC1
O=C(Nc1ccccc1)OC1CNc2ccc(-c3cccc4cc[nH]c34)cc2C1
O=S(=O)(Nc1ccc2c(c1)C(c1ccccc1)Oc1ccccc1-2)c1ccccc1
C1=Cc2c(ccc3c2C(=Cc2cccs2)Oc2ccccc2-3)NC1
c1ccc(Oc2ccccc2)cc1
C1=Nc2ccc(CCc3csc4ccccc34)cc2C12CCCCC2
C1=Cc2c(ccc3c2C(=Cc2cccs2)OC2=CCC=C23)NC1
O=C(CSc1nc2ccccc2s1)c1ccc2c(c1)CCCN2
O=C(Cc1ccc2c(c1)CCCN2)NCc1ccccc1
O=C(Nc1ccc2c(c1)OCO2)OC1CNc2ccc(-c3ccccc3)cc2C1
C1=CC2=C(CC1)OC(=Cc1ccccc1)c1c2ccc2c1C=CCN2
O=S(=O)(NOc1ccccc1-c1ccccc1)c1ccccc1
O=C1CNc2ccc(-c3cccc4cc[nH]c34)cc2C1Cc1ccccc1
C1=CCC(c2c(CC3=CCc4ccccc43)[nH]c3ccccc23)=C1
C1=CCC(c2ccc3c(c2)C(CSCCC2=CCC=C2)=CCN3)=C1
C1=CC(CNc2ccccc2)C(c2ccc3c(cnn3-c3ccccc3)c2)=C1
c1ccc(CC2CCCCC2)cc1
c1ccc(CCCCc2cc3ccccc3[nH]2)cc1
C1=Cc2c(ccc3c2C(=Cc2cccs2)Oc2ccccc2-3)NC1
O=S(=O)(Nc1cccc2c1cnn2C1=CCC=C1)c1ccccc1
c1ccc(CNc2ccccc2)cc1
C1=CCC(OC(CCc2cccc3cc[nH]c23)c2ccccc2)=C1
c1ccc(-c2ccccc2)cc1
C1=CC(c2ccc(-n3ncc4c(-c5cnn(-c6ccccc6)c5)cccc43)cc2)=CC1
C=C1Oc2ccccc2-c2ccc3[nH]cc(-c4ccccc4)c3c21
c1ccc(C(c2ccccc2)c2ccccc2)cc1
c1ccc(Oc2cccc3cc[nH]c23)cc1
C1=Cc2c(ccc3c2C(=Cc2cccs2)OC2=CC=C(c4cccs4)C23)NC1
C1=C(CC2CCc3cc(-c4cccc5cc[nH]c45)ccc3N2)c2ccccc2CC1
C1=Cc2c(ccc3c2C(=Cc2ccccc2)Oc2ccccc2-3)NC1
c1ccc(-c2ccc3[nH]ncc3c2)cc1
C1=C(CN(CCCCCCn2cnc3ccccc32)Cc2ccccc2)CCC1
C1=Cc2c(ccc3c2C(=CC2=CCC=[SH]2)Oc2ccccc2-3)NC1
C1=Cc2c(ccc3c2C(=CC2=CCCS2)Oc2ccccc2-3)NC1
c1ccc(CCCCc2cc3ccccc3[nH]2)cc1
C(=C1Oc2ccccc2-c2ccc3[nH]ccc3c21)c1cccs1
c1ccc2c(c1)ccc1c2cnn1C1CCCC1
O=S(=O)(NCCc1c[nH]c2ccccc12)c1ccccc1
c1ccc(NCOc2ccc(-c3ccccc3)cc2)cc1
C1=CC(N(Cc2ccccc2)Cc2ccccc2)=CCC1
C1=C2CCC=C(Oc3ccccc3)C2Cc2cnn(-c3ccccc3)c21
C1=CC(C=C2Oc3ccccc3-c3ccc4c(c32)CC=N4)=CCC1
c1ccc(Oc2cccc(COc3cc4cc[nH]c4cn3)c2)cc1
c1cc(-c2ccnc3ccccc23)c2[nH]ccc2c1
O=C(CC1=C(CCc2ccccc2)C=CC1)Nc1ccccc1
C1=CCC(n2ncc3cc(-c4ccccc4)ccc32)=C1
c1ccc(-c2ccc(-n3ncc4cnccc43)cc2)cc1
C(=Cn1ncc2ccccc21)c1ccc2c(cnn2-c2ccccc2)c1
c1ccccc1
c1ccc(CCCCc2cc3ccccc3[nH]2)cc1
c1ccc(-c2ccc3c(cnn3-c3ccccc3)c2)cc1
C(=C1Oc2ccccc2C2=CC=C(c3ccccc3)C12)c1ccccc1
c1ccc2[nH]c(Cc3cccc4cc[nH]c34)cc2c1
c1ccc(C(CCCc2cc3ccncc3[nH]2)Cc2c[nH]c3ccccc23)cc1
C1=CC(c2ccc3c(c2)C(=NOCc2ccccc2)CC=N3)=CCC1
c1ccc(CCn2ncc3ccccc32)cc1
C(=Cc1cccs1)CC1Oc2ccccc2-c2ccc3[nH]ccc3c21
O=C(Nc1cccc2cc[nH]c12)c1ccccc1
C1=Cc2c(ccc3c2C(=Cc2cccs2)Oc2ccccc2-3)NC1
O=S(=O)(NCCCCc1ccc2c(cnn2-c2ccccc2)c1)c1ccccc1
c1ccc(C2Oc3ccccc3-c3ccccc32)cc1
c1cc(Cc2ccc3c(cnn3-c3ccsc3)c2)c2[nH]ccc2c1
C1=Cc2c(ccc3c2C(=Cc2cccnc2)Oc2ccccc2-3)NC1
C1=Cc2c(ccc3c2C(=Cc2ccccc2)OC2=CCCN=C23)NC1
O=C1C=C2CCC3C(=C2CC1)C(c1ccccc1)CC1C(C#CCOCc2ccccc2)CCC31
C1=Cc2c(ccc3c2C(=Cc2ccccc2)Oc2ccccc2-3)NC1
c1ccc(CCc2ccccc2)cc1
C(#CCCc1ccccc1)C=CCc1c[nH]c2ccccc12
c1ccc(Cc2cccc3c2OCC3)cc1
O=S(=O)(Nc1ccccc1)c1ccccc1
c1cc(-c2ccc3c(c2)CCCN3)c2[nH]ccc2c1
c1cc(-c2ccc3c(c2)CCCN3)c2[nH]ccc2c1
c1ccc(-c2ccc3c(c2)CCC2CC(c4ccccc4)CCC32)cc1
C(=C1Oc2ccccc2-c2ccccc21)c1ccsc1
C1=CC(N(Cc2ccccc2)Cc2cccs2)=CC1
C1=C(C=C2Oc3ccccc3-c3ccccc32)C=C(Nc2ccccc2)C1
O=C(c1ccccc1)c1ccccc1
c1cc(-c2ccc3c(c2)CCCN3)c2[nH]ccc2c1
C1=C2CCCC(Cc3ccccc3)C2Cc2cnn(-c3ccccc3)c21
O=C(Nc1ccccc1)OC1CNc2ccc(-c3cccc4cc[nH]c34)cc2C1
c1ccc2sc(C3CCCC3)nc2c1
C1=Cc2c(ccc3c2COc2ccccc2-3)NC1
c1ccc(CNc2cccc(OCc3ccncc3)c2)cc1
C1=C(c2ccccc2)Cc2ccc(-c3cccc4cc[nH]c34)cc2C1
c1ccc(Oc2ccccc2)cc1
c1ccc(COc2ccc3c(cnn3-c3ccccc3)c2)cc1
C=C1Oc2ccccc2-c2ccc3ncccc3c21
c1ccccc1
c1ccc(CN(CCc2cccc3c2OCC3)c2ccccc2)cc1
c1cc(-c2ccc3c(c2)CC(c2cccc4cc[nH]c24)CN3)c2[nH]ccc2c1
O=S(=O)(Nc1ccccc1)c1ccc2cc[nH]c2c1
O=C(Cc1ccccc1)Nc1ccccc1
O=S(=O)(Nc1ccccc1)c1ccc(-c2ccc3[nH]ncc3c2)cc1
C1=CC2c3cc(-c4ccnc5ccc(-c6cccc7cc[nH]c67)cc45)ccc3CCC2NC1
c1ccc(CCCc2ccccc2)cc1
c1ccc2c(c1)OCc1c-2ccc2ncccc12
O=S(=O)(c1ccccc1)N(Cc1ccccc1)c1ccccc1
c1ccc(-n2ncc3ccccc32)cc1
c1ccc(-c2ccc3c(cnn3-c3ccccc3)c2)cc1
C(=Cc1ccc2c(c1)C(c1ccccc1)CCN2)c1ccccc1
c1ccc(-c2ccccc2)cc1
C(=CC1CCCC1)CN(Cc1cccc2cnccc12)c1ccccc1
c1ccc(-c2ccsc2)cc1
c1ccc(Cc2cc3ccccc3[nH]2)cc1
c1ccc(-n2ncc3ccccc32)cc1
C(=C1Oc2ccccc2-c2ccc3nnccc3c21)c1ccccc1
c1ccc(C2CCNc3ccc(-c4cccc5cc[nH]c45)cc32)cc1
C1=Cc2c(cccc2NCC(c2ccccc2)c2ccc3c(cnn3-c3ccccc3)c2)C1
c1ccc(-n2ncc3c(N4CCC(c5cccc6cnccc56)C4)cccc32)cc1
C1=CC(CNc2ccccc2-c2cc3ccccc3[nH]2)=CC1
C1=C(Cc2ccccc2)c2ccccc2CC1
C1=C2C(=C(c3cccc4cc[nH]c34)CC1)c1ccccc1OC2c1ccccc1
c1cc(-c2ccc3c(c2)CCC(c2cnoc2)N3)c2[nH]ccc2c1
C1=CCC(CCC(Cc2ccc3c(c2)CCCC3)Cc2cc3ccncc3[nH]2)=CC1
C1=Cc2c(ccc3c2C(=Cc2ccccc2)OC2=CCCC=C23)NC1
C1=Cc2c(ccc3c2C(=Cc2cccs2)Oc2ccccc2-3)NC1
C1=CC(c2ccc3c(c2)C(c2ccccc2-c2cccc4c2N=CC4)CC=N3)=CC1
C1=C2CCCC(Cc3csc4ccccc34)C2Cc2cnn(C3=CCCCC3)c21
C(=C1Oc2ccccc2C2=Cc3ccccc3C12)c1ccccc1
C(c1cccs1)=c1oc2ccccc2c2cc3cc3c12
C=C1Oc2ccccc2-c2ccc3[nH]ccc3c21
c1ccc(CCCCn2ccc3ncccc32)cc1
c1cc(CCCCc2cc3ccccc3[nH]2)c2c(c1)CCO2
C1=Cc2c(ccc3c2C(=Cc2cccs2)Oc2ccccc2-3)NC1
C1=Cc2c(ccc3c2COc2ccccc2-3)NC1
C1=Cc2c(ccc3c2C(=CNCc2ccccc2)Oc2ccccc2-3)NC1
c1ccc(CCCCc2cc3ccccc3[nH]2)cc1
C1=CC(C=C2Oc3ccccc3-c3ccc4c(c32)C=CCN4)=CC1
C1=CC(C(Cc2ccccc2)C2CCCC3=Cc4c(cnn4-c4ccccc4)CC32)=CCC1
c1ccc(CCCCCCc2ccccc2)cc1
O=C(C=C1Oc2cccnc2-c2ccc3ncccc3c21)Nc1ccccc1
C1=Nc2ccc3c(c2CC1)C(=Cc1ccsc1)Oc1ccccc1-3
c1ccc(-c2ccccc2)cc1
C1=CCC(C=CCC2Oc3ccccc3-c3ccc4c(c32)C=CCN4)=C1
O=C1Cc2cc(-c3ccccc3)ccc2NC1c1ccccc1
c1ccc(Nc2cc3ccccc3[nH]2)cc1
c1ccc(-c2cccc3cc[nH]c23)cc1
c1ccc(C(CCCc2cc3nccnc3[nH]2)c2ccccc2)cc1
C1=CC(CCNCCNc2cccc3c2cnn3-c2ccccc2)=CC1
c1ccc(C2CCCC2)cc1
N=C1CC(c2c[nH]c3ccccc23)Nc2ccc(-c3cccc4cc[nH]c34)cc21
c1ccccc1
c1ccc(CC2CCc3ccc4c(cnn4-c4ccccc4)c3C2)cc1
O=S(=O)(c1ccccc1)c1cc(-c2cccc3cc[nH]c23)cc2c1NCCC2
C1=C2CCCC(Cc3csc4ccc5c(c34)CCCC5)C2Cc2cnn(-c3ccccc3)c21
c1ccc(-c2ccc3ccccc3c2)cc1
c1ccc(CN(Cc2ccccc2)c2ccccc2)cc1
c1ccc(NCc2ccc(Oc3ccccc3)cc2)cc1
c1ccc(C2Oc3ccccc3-c3ccccc32)cc1
C1=CCC(N(Cc2ccccc2)c2ccccc2)=C1
O=S(=O)(NCCc1ccsc1)c1ccccc1
O=C(Nc1ccccc1)OC1CNc2ccc(-c3cccc4cc[nH]c34)cc2C1
C1=C(CCc2cccc3c2cnn3-c2ccccc2)NCC1
C1=CCC2CC(c3cccc4cc[nH]c34)CC(c3cccc4cc[nH]c34)C2=C1
c1ccc(CN(Cc2cccc3cc[nH]c23)c2ccccc2)cc1
C1=Cc2c(ccc3c2C(=Cc2ccccc2)Oc2ccccc2-3)NC1
c1ccc(-c2ccncc2)cc1
c1ccc2c(c1)CCCN2
c1ccc(ON=C2CCNc3ccc(-c4cccc5cc[nH]c45)cc32)cc1
c1ccccc1
N=C1CC=Nc2ccc(-c3cccc4cc[nH]c34)cc21
C1=C(Oc2ccccc2)c2ccccc2C1
c1ccc2ccccc2c1
C1=C(n2ncc3cc(Cc4ccccc4)ccc32)c2ccccc2CC1
C1=CCC(C=C2Oc3ccccc3-c3ccc4c(c32)C=CCN4)=C1
O=S(=O)(Nc1ccc(C2=CC=CC2)cc1)c1ccccc1
C1=NCNc2ccc3c(c21)C(=Cc1ccccc1)Oc1ccccc1-3
C=C1Oc2ccccc2-c2ccc3c(c21)C=CCN3
C=C1Oc2ccccc2-c2ccc3c(c21)C=CCN3
c1ccc(CCCCCNc2cccc3c2cnn3-c2ccccc2)cc1
c1ccc2c(Cc3ccc4c(c3)CCCN4)c[nH]c2c1
O=S(=O)(Cc1ccccc1)Nc1ccc(C2=CCC=C2)cc1
C1=Nc2ccc3c(c2CC1)C(=Cc1ccccc1)Oc1ccccc1-3
O=S(=O)(Nc1ccc2c(c1)C(c1ccccc1)Oc1ccccc1-2)c1ccccc1
c1cc(CSc2nccs2)cc(-c2cccc3cc[nH]c23)c1
c1ccc(-n2ncc3ccccc32)cc1
c1ccc(-n2ncc3ccccc32)cc1
c1ccc(Cc2cc3ccncc3[nH]2)cc1
c1ccc(CNCc2ccccc2)cc1
O=S(=O)(NCc1ccccc1)c1ccccc1
c1ccc2c(c1)CCCC2CCCNc1cccc2ncccc12
c1ccc(CCCCCc2cc3ccccc3[nH]2)cc1
C1=C(C=C2Oc3ccccc3-c3ccc4[nH]ccc4c32)c2[nH]ccc2CC1
c1ccc(-n2ncc3cc4c(cc32)CCCC4)cc1
c1ccc(Oc2ccccc2)cc1
C1=C(c2ccccc2-c2ccccc2)c2[nH]ccc2CC1
c1ccc(Cn2ncc3cc(OC(CNc4ccccc4)c4ccccc4)ccc32)cc1
O=S(=O)(Nc1ccccc1)c1ccccc1
C(=C1Oc2cnccc2-c2ccc3ncccc3c21)c1ccccc1
C(#COc1cccc2c1-c1ccc3c(c1CO2)C=CCN3)Cc1ccccc1
c1ccc(-c2ccccc2)cc1
O=C(NCc1ccccc1)c1ccccc1
C1=Cc2c(ccc3c2C(=Cc2ccccc2)OC2=C3CC(c3ccccc3)=C2)NC1
c1ccc(Cc2ccc3c(cnn3-c3ccc4c(c3)CCCC4)c2)cc1
c1ccc(Cc2cccs2)cc1
C1=Cc2c(ccc3c2C(=Cc2ccsc2)Oc2ccccc2-3)NC1
c1ccc(-c2ccccc2)cc1
C1=CC(CN(Cc2ccccc2)c2ccccc2)C=C1
O=C(Nc1ccccc1)OC1CNc2ccc(-c3cccc4c3CC=C4)cc2C1
C1=C(CCCCc2cc3ccncc3[nH]2)C=C(Cc2nccs2)C1
C1=CC(c2ccccc2)c2cc(-c3cccc4cc[nH]c34)ccc2N1
O=S(=O)(NOc1cccc2c1-c1ccc3c(c1CO2)C=CCN3)c1ccccc1
C1=Cc2c(ccc3c2C(=Cc2ccccc2)OC2=CCCC=C23)NC1
C1=Cc2c(ccc3c2COc2ccccc2-3)NC1
c1ccc(CNCc2cccc3cnccc23)cc1
C1=CCC(C=C2Oc3ccccc3-c3ccc4c(c32)C=CCN4)=C1
C1=Cc2c(ccc3c2C(=Cc2cccs2)OC2=C3C=CC2)NC1
C1=Nc2ccc3c(c2CC1)C(=Cc1ccccc1)Oc1ccccc1-3
C1=Cc2c(ccc3c2C(=Cc2ccccc2)Oc2ccccc2-3)NC1
O=S(=O)(Nc1ccccc1)c1ccc(C2CCc3ccccc3C2)cc1
c1ccc(C2Oc3ccccc3-c3ccccc32)cc1
C(=CCc1ccccc1)CCCC1CCCc2ccccc21
O=S(=O)(Nc1ccc(C2C=CC=C2)cc1)c1ccccc1
C(=C1Oc2ccccc2C2=CCC=C12)c1ccccc1
c1ccc(C2CCCC2)cc1
c1ccc(-c2cccc3cc[nH]c23)cc1
c1ccc2[nH]c(-c3ccc4[nH]ccc4c3)cc2c1
c1ccc(-c2ccc3[nH]ccc3c2)cc1
c1ccc(CCC(OCc2ccccc2)C2CCCC2)cc1
C1=Cc2cccc(-c3ccc4c(c3)CC(OCc3ccccc3)CN4)c2C1
c1ccc(-c2ccc3[nH]ncc3c2)cc1
O=C(Nc1ccccc1)c1ccc(OC(CNc2cccs2)c2ccccc2)cn1
C1=C(CCCCc2ccccc2)c2ccccc2C1
